5.017072e-02;8.829066e-02;9.716325e-02;6.020740e-02;9.639353e-02;1.170498e-01;9.194558e-02;1.133369e-01;1.111959e-01;7.073001e-02;3.685553e-02;6.666074e-02
5.082277e-02;8.356891e-02;8.851389e-02;7.304239e-02;7.606459e-02;1.465158e-01;1.265721e-01;9.465574e-02;9.261267e-02;7.772163e-02;3.016303e-02;5.974647e-02
3.070271e-02;9.437828e-02;6.422481e-02;7.050963e-02;5.246955e-02;1.441515e-01;1.447899e-01;1.228311e-01;1.076128e-01;7.716610e-02;4.133599e-02;4.982760e-02
3.840464e-02;1.295940e-01;9.993789e-02;5.473843e-02;4.860699e-02;1.200539e-01;1.010249e-01;1.493113e-01;1.148015e-01;5.864358e-02;2.955851e-02;5.532439e-02
3.534598e-02;1.460101e-01;1.543671e-01;4.183046e-02;3.617027e-02;1.136017e-01;7.812063e-02;1.519511e-01;8.100712e-02;5.651885e-02;4.786766e-02;5.720897e-02
3.819162e-02;1.255884e-01;1.797897e-01;4.769924e-02;4.819200e-02;1.158242e-01;7.339176e-02;1.657523e-01;6.411761e-02;4.092953e-02;4.078947e-02;5.973413e-02
5.556704e-02;1.248762e-01;1.353110e-01;7.554195e-02;4.828314e-02;1.079855e-01;6.625011e-02;1.498650e-01;1.041988e-01;5.278294e-02;2.802658e-02;5.131180e-02
4.893998e-02;1.238126e-01;9.926838e-02;7.891443e-02;5.101407e-02;1.257176e-01;6.235846e-02;1.607454e-01;1.266128e-01;6.506082e-02;2.495190e-02;3.260367e-02
6.743116e-02;1.324253e-01;7.243284e-02;5.557030e-02;6.327023e-02;1.256743e-01;4.222572e-02;1.321130e-01;1.356833e-01;7.159820e-02;4.231763e-02;5.925793e-02
6.436993e-02;1.121412e-01;6.507434e-02;4.006722e-02;7.853538e-02;7.912334e-02;6.307618e-02;1.676680e-01;1.273082e-01;6.273974e-02;7.120605e-02;6.869040e-02
2.909136e-02;7.575154e-02;8.186529e-02;4.866549e-02;8.460147e-02;1.038630e-01;7.612720e-02;2.104407e-01;1.244742e-01;4.966317e-02;5.203048e-02;6.342609e-02
6.173351e-02;8.245064e-02;9.023906e-02;5.130033e-02;7.716633e-02;9.095506e-02;7.482295e-02;1.920607e-01;1.209889e-01;4.828717e-02;3.212282e-02;7.787253e-02
6.960427e-02;7.620656e-02;9.723406e-02;6.485098e-02;6.088125e-02;8.668914e-02;1.115930e-01;1.457397e-01;1.203733e-01;7.827967e-02;3.733514e-02;5.121287e-02
5.726711e-02;1.111066e-01;1.196764e-01;5.871462e-02;3.807923e-02;1.296563e-01;1.098612e-01;1.433566e-01;8.056567e-02;6.290147e-02;6.249858e-02;2.631635e-02
6.163481e-02;1.480667e-01;1.760418e-01;5.114194e-02;3.053642e-02;1.269804e-01;8.777845e-02;8.259340e-02;6.882262e-02;7.638124e-02;4.911144e-02;4.091091e-02
9.873511e-02;1.616071e-01;1.662414e-01;3.848232e-02;4.282023e-02;9.966225e-02;6.402617e-02;1.260723e-01;6.919105e-02;6.233285e-02;3.928880e-02;3.154044e-02
1.318250e-01;1.324781e-01;1.151202e-01;5.550537e-02;4.612827e-02;5.081106e-02;5.179127e-02;1.827630e-01;7.463772e-02;5.917937e-02;3.300589e-02;6.675463e-02
8.478488e-02;7.916893e-02;4.653960e-02;1.083488e-01;3.016515e-02;3.531233e-02;1.487750e-01;1.421369e-01;5.340494e-02;8.457336e-02;2.534434e-02;1.614457e-01
3.112168e-02;6.384180e-02;3.315660e-02;1.526817e-01;1.718564e-02;2.206988e-02;2.228257e-01;6.970801e-02;4.773347e-02;8.379824e-02;2.294140e-02;2.329359e-01
2.148766e-02;6.189722e-02;6.247506e-02;1.403777e-01;1.900628e-02;4.045440e-02;2.012577e-01;4.413276e-02;9.851281e-02;6.895062e-02;4.603620e-02;1.954116e-01
1.452171e-02;4.521285e-02;1.028229e-01;7.945228e-02;3.303882e-02;9.153672e-02;1.312304e-01;4.748781e-02;2.063232e-01;5.291460e-02;1.065209e-01;8.893773e-02
2.221044e-02;2.902822e-02;1.223042e-01;1.368997e-02;3.635687e-02;1.092442e-01;9.559602e-02;3.790402e-02;2.915258e-01;5.973772e-02;1.238526e-01;5.854984e-02
2.461875e-02;4.152665e-02;1.027641e-01;3.161642e-02;3.157404e-02;9.314172e-02;1.417661e-01;3.747996e-02;2.725205e-01;4.799826e-02;1.061743e-01;6.881922e-02
2.558367e-02;3.695391e-02;6.458611e-02;7.028144e-02;3.425924e-02;9.732318e-02;1.912483e-01;4.174145e-02;2.103819e-01;4.378492e-02;8.614804e-02;9.770788e-02
3.182012e-02;3.671070e-02;6.117984e-02;7.982156e-02;3.286924e-02;1.809148e-01;1.921109e-01;2.808429e-02;1.262092e-01;6.132007e-02;8.750502e-02;8.145423e-02
1.772997e-02;5.156159e-02;8.484089e-02;4.685094e-02;3.045728e-02;3.028654e-01;1.948252e-01;2.202998e-02;1.081664e-01;4.110160e-02;6.698666e-02;3.258400e-02
3.450546e-02;2.938665e-02;6.826843e-02;2.099812e-02;1.500896e-02;2.922067e-01;3.225520e-01;3.085373e-02;8.756819e-02;2.370560e-02;2.991249e-02;4.503374e-02
2.471863e-02;4.049491e-02;5.540225e-02;2.072653e-02;1.303033e-02;2.194910e-01;4.018334e-01;3.818156e-02;1.053170e-01;1.541691e-02;3.072366e-02;3.466377e-02
1.806995e-02;4.074148e-02;6.058666e-02;1.454208e-02;1.314844e-02;1.608301e-01;3.647006e-01;2.920208e-02;1.362788e-01;2.546926e-02;5.801852e-02;7.841208e-02
1.015162e-02;2.077719e-02;8.114809e-02;1.684719e-02;1.298468e-02;1.245357e-01;2.750991e-01;2.944665e-02;1.967698e-01;3.450009e-02;7.867660e-02;1.190633e-01
1.770245e-02;1.967392e-02;1.162123e-01;3.202614e-02;1.078528e-02;1.119634e-01;1.484901e-01;4.019564e-02;2.718707e-01;4.943594e-02;9.934791e-02;8.229625e-02
1.434269e-02;1.452317e-02;1.453840e-01;1.234629e-02;1.133872e-02;1.327322e-01;6.527315e-02;3.731419e-02;3.595919e-01;5.249956e-02;1.161774e-01;3.847682e-02
1.281158e-02;1.612950e-02;1.467528e-01;2.348615e-02;1.753397e-02;1.309118e-01;5.861944e-02;2.321783e-02;3.559929e-01;3.886997e-02;1.358925e-01;3.978164e-02
1.503096e-02;2.033258e-02;1.445218e-01;3.111826e-02;2.186222e-02;1.367863e-01;7.860380e-02;2.022876e-02;3.371489e-01;4.508447e-02;1.320001e-01;1.728192e-02
9.708485e-03;2.381637e-02;1.260541e-01;4.434968e-02;2.405042e-02;1.148607e-01;1.443216e-01;2.913198e-02;2.736401e-01;4.312434e-02;9.511656e-02;7.182572e-02
1.292187e-02;4.051279e-02;7.089851e-02;9.439325e-02;2.301639e-02;7.042526e-02;2.506078e-01;3.174911e-02;1.301949e-01;6.310564e-02;5.734908e-02;1.548254e-01
1.662097e-02;5.064464e-02;2.633127e-02;1.446573e-01;1.125855e-02;3.433489e-02;2.941922e-01;3.681323e-02;3.471841e-02;1.228923e-01;2.858030e-02;1.989560e-01
1.862063e-02;4.724482e-02;3.888241e-02;1.276592e-01;8.079690e-03;4.486347e-02;2.631420e-01;5.220018e-02;2.574665e-02;1.703529e-01;3.323898e-02;1.699690e-01
2.974226e-02;3.391731e-02;4.567547e-02;8.889954e-02;2.376743e-02;1.047281e-01;2.751611e-01;6.927390e-02;4.549356e-02;1.601900e-01;2.733712e-02;9.581415e-02
3.405527e-02;3.246982e-02;4.974815e-02;8.184073e-02;3.549285e-02;1.821570e-01;2.576597e-01;7.182560e-02;5.681030e-02;1.288753e-01;3.038886e-02;3.867645e-02
2.994097e-02;4.596341e-02;8.186076e-02;7.512854e-02;4.125426e-02;2.043047e-01;2.009028e-01;7.224457e-02;5.965047e-02;8.760116e-02;5.311923e-02;4.802916e-02
2.011481e-02;6.293919e-02;1.282263e-01;4.934745e-02;4.903110e-02;1.927444e-01;1.300890e-01;6.051200e-02;7.548390e-02;4.013106e-02;1.000475e-01;9.133326e-02
2.159926e-02;3.626049e-02;1.491626e-01;5.091490e-02;3.841799e-02;1.148673e-01;1.265107e-01;6.852191e-02;9.807600e-02;7.983669e-02;7.426210e-02;1.415701e-01
2.207695e-02;4.175668e-02;1.535201e-01;2.412995e-02;3.430672e-02;4.691423e-02;1.874504e-01;8.203050e-02;1.272433e-01;6.771283e-02;6.172695e-02;1.511314e-01
1.823082e-02;7.146344e-02;1.361220e-01;3.887095e-02;2.308290e-02;1.244068e-01;1.508798e-01;6.594723e-02;1.188113e-01;4.001541e-02;8.237902e-02;1.297903e-01
4.184629e-02;1.072416e-01;1.301001e-01;6.203234e-02;1.600322e-02;1.470510e-01;1.378180e-01;7.338492e-02;7.813320e-02;3.073055e-02;6.598418e-02;1.096745e-01
3.735450e-02;1.280764e-01;9.222966e-02;7.573226e-02;2.271372e-02;1.417202e-01;1.982698e-01;5.315527e-02;5.957384e-02;3.110633e-02;5.584817e-02;1.042199e-01
2.153553e-02;1.622599e-01;7.663234e-02;6.772309e-02;1.886793e-02;1.133151e-01;2.585683e-01;3.388014e-02;7.106370e-02;4.019685e-02;3.523829e-02;1.007189e-01
1.945868e-02;1.787546e-01;7.894501e-02;5.632292e-02;9.760129e-03;7.555804e-02;2.919903e-01;3.570588e-02;8.720392e-02;5.914838e-02;3.402998e-02;7.312226e-02
2.033306e-02;1.323987e-01;9.134365e-02;5.503174e-02;7.842969e-03;9.356225e-02;2.783807e-01;2.940670e-02;9.827551e-02;6.700786e-02;4.917431e-02;7.724263e-02
2.054189e-02;7.219814e-02;7.821911e-02;4.693740e-02;1.129541e-02;9.703511e-02;2.381509e-01;5.603791e-02;1.269993e-01;7.467959e-02;7.229224e-02;1.056130e-01
3.061030e-02;9.213336e-02;4.402228e-02;8.237460e-02;1.247168e-02;8.779570e-02;1.942178e-01;7.164273e-02;1.546434e-01;7.323834e-02;8.009722e-02;7.675266e-02
2.707952e-02;1.059773e-01;6.429386e-02;1.052795e-01;2.168165e-02;1.192971e-01;1.266811e-01;6.676163e-02;1.425601e-01;5.779333e-02;7.530261e-02;8.729224e-02
2.457605e-02;8.066341e-02;5.126470e-02;8.178397e-02;4.894832e-02;1.313295e-01;1.730451e-01;6.471995e-02;1.368602e-01;5.063826e-02;6.489927e-02;9.127133e-02
1.756055e-02;6.826257e-02;4.257648e-02;7.098605e-02;5.566890e-02;7.660134e-02;2.292394e-01;9.870431e-02;1.519143e-01;4.806928e-02;6.826772e-02;7.214909e-02
1.889299e-02;5.532725e-02;4.324691e-02;6.139640e-02;4.038994e-02;4.734952e-02;2.090881e-01;1.291079e-01;1.791075e-01;4.717691e-02;7.998516e-02;8.893143e-02
1.465974e-02;7.207292e-02;5.517451e-02;4.819251e-02;2.581988e-02;5.682292e-02;1.516093e-01;1.335033e-01;1.637848e-01;5.528975e-02;9.852614e-02;1.245442e-01
2.069762e-02;7.697935e-02;6.112418e-02;5.990149e-02;2.861242e-02;5.237042e-02;1.145340e-01;1.202200e-01;2.001150e-01;5.574778e-02;8.908675e-02;1.206111e-01
2.489369e-02;6.640171e-02;7.903192e-02;7.156950e-02;5.374326e-02;4.409649e-02;1.137121e-01;1.117821e-01;2.235295e-01;6.887454e-02;6.325040e-02;7.911485e-02
4.028995e-02;8.427862e-02;8.578027e-02;7.716370e-02;8.126270e-02;3.785231e-02;1.378592e-01;6.355434e-02;1.723082e-01;8.125130e-02;7.140905e-02;6.699046e-02
2.669722e-02;8.799438e-02;5.966542e-02;1.041768e-01;1.029817e-01;5.283964e-02;1.218941e-01;7.214168e-02;1.455331e-01;9.444167e-02;7.073750e-02;6.089680e-02
1.890653e-02;6.571580e-02;4.790956e-02;9.285176e-02;1.206001e-01;8.573788e-02;8.983478e-02;9.649259e-02;1.638124e-01;1.081803e-01;5.342244e-02;5.653581e-02
2.151207e-02;4.286775e-02;3.856062e-02;3.952131e-02;9.806409e-02;1.682131e-01;8.008970e-02;9.985806e-02;2.014645e-01;8.854376e-02;5.798022e-02;6.332487e-02
1.898465e-02;3.024897e-02;3.647339e-02;5.577564e-02;8.543081e-02;1.540037e-01;8.016693e-02;1.156099e-01;2.116982e-01;6.302307e-02;7.073753e-02;7.784722e-02
1.746259e-02;3.310218e-02;4.657159e-02;8.177762e-02;8.376431e-02;1.114210e-01;1.460690e-01;1.091118e-01;1.927735e-01;4.822863e-02;5.315239e-02;7.656544e-02
1.555629e-02;5.080969e-02;4.382690e-02;7.560447e-02;1.010581e-01;7.877228e-02;1.470068e-01;1.253499e-01;2.051658e-01;5.687967e-02;5.723692e-02;4.273318e-02
1.290469e-02;4.036966e-02;3.491958e-02;5.287322e-02;1.204217e-01;1.275863e-01;1.038532e-01;1.458304e-01;2.002532e-01;8.177584e-02;4.895504e-02;3.025714e-02
1.190586e-02;3.665561e-02;3.179085e-02;6.244252e-02;1.534390e-01;8.795014e-02;9.131727e-02;1.406992e-01;2.203836e-01;9.933968e-02;2.249176e-02;4.158441e-02
1.184559e-02;2.862231e-02;4.256995e-02;6.018046e-02;1.801852e-01;3.787596e-02;9.316934e-02;1.335528e-01;2.604870e-01;9.031647e-02;2.465324e-02;3.654169e-02
1.482151e-02;3.492025e-02;4.974860e-02;5.544819e-02;1.638806e-01;5.946981e-02;8.248193e-02;1.384445e-01;2.743292e-01;6.483548e-02;4.023848e-02;2.138148e-02
1.779837e-02;1.827767e-02;4.818381e-02;8.101923e-02;1.572623e-01;2.519788e-02;9.949207e-02;1.136835e-01;2.921174e-01;6.666839e-02;4.169019e-02;3.860907e-02
1.869651e-02;1.464731e-02;5.410551e-02;8.856346e-02;1.151692e-01;4.383017e-02;1.393833e-01;1.421570e-01;2.596571e-01;5.515153e-02;2.993312e-02;3.870573e-02
2.855986e-02;1.890966e-02;4.520933e-02;9.335770e-02;5.815398e-02;4.246960e-02;1.636681e-01;1.874042e-01;2.413562e-01;4.670766e-02;4.615655e-02;2.804716e-02
2.067900e-02;3.012190e-02;3.582644e-02;9.792098e-02;4.312850e-02;8.109281e-02;1.474346e-01;2.320556e-01;2.246220e-01;3.038564e-02;3.750830e-02;1.922422e-02
1.762710e-02;2.287336e-02;3.905489e-02;6.994049e-02;8.046638e-02;1.575402e-01;1.054117e-01;2.089697e-01;1.768762e-01;6.694090e-02;1.611584e-02;3.818315e-02
1.738470e-02;2.717919e-02;8.179991e-02;5.955077e-02;6.112038e-02;1.405450e-01;7.658511e-02;2.165196e-01;1.389492e-01;1.111769e-01;1.551465e-02;5.367462e-02
2.141818e-02;2.741779e-02;1.108404e-01;4.401923e-02;3.537500e-02;8.936018e-02;3.453804e-02;2.840716e-01;1.095167e-01;1.535303e-01;2.148985e-02;6.842272e-02
3.646534e-02;3.251617e-02;1.177274e-01;2.936436e-02;5.155934e-02;4.298114e-02;2.051121e-02;3.059795e-01;9.136080e-02;1.736756e-01;2.503330e-02;7.282590e-02
5.110903e-02;4.896796e-02;1.120519e-01;3.128341e-02;6.511687e-02;3.674313e-02;6.208245e-02;2.763124e-01;8.552844e-02;1.443495e-01;3.513030e-02;5.132453e-02
3.599685e-02;5.521936e-02;9.731687e-02;3.450076e-02;7.844010e-02;6.464233e-02;9.569970e-02;2.940622e-01;1.058599e-01;9.148583e-02;2.914108e-02;1.763506e-02
2.948427e-02;5.202628e-02;9.579948e-02;3.172731e-02;8.083145e-02;5.375783e-02;3.812452e-02;3.216330e-01;1.020596e-01;1.291611e-01;4.061064e-02;2.478459e-02
3.642096e-02;6.463365e-02;1.173678e-01;2.873055e-02;6.230789e-02;2.852297e-02;6.434175e-02;3.005181e-01;8.101367e-02;1.356944e-01;5.185620e-02;2.859210e-02
3.107959e-02;6.130869e-02;1.363020e-01;2.172668e-02;4.842268e-02;3.635464e-02;6.322515e-02;2.746793e-01;7.350915e-02;1.579024e-01;4.867534e-02;4.681441e-02
1.779198e-02;3.152394e-02;1.210787e-01;2.245201e-02;4.102422e-02;3.650091e-02;3.959128e-02;2.967331e-01;8.997791e-02;1.732011e-01;3.327776e-02;9.684718e-02
1.909634e-02;2.175698e-02;1.177339e-01;8.112883e-03;2.477634e-02;4.904572e-02;3.403453e-02;3.021184e-01;9.529301e-02;1.779543e-01;2.218855e-02;1.278891e-01
2.012094e-02;2.306902e-02;1.248579e-01;1.166045e-02;1.458877e-02;8.114868e-02;4.757324e-02;2.835997e-01;6.766028e-02;1.708166e-01;2.168894e-02;1.332155e-01
1.929577e-02;2.001505e-02;1.295343e-01;1.376173e-02;1.852001e-02;1.138064e-01;4.891348e-02;2.721745e-01;6.295021e-02;1.532949e-01;1.898326e-02;1.287503e-01
1.281790e-02;2.583243e-02;1.120502e-01;2.119264e-02;1.767895e-02;1.605849e-01;5.330015e-02;2.405406e-01;7.875692e-02;1.359920e-01;2.454627e-02;1.167071e-01
1.477950e-02;4.219060e-02;8.730231e-02;2.833012e-02;1.182904e-02;2.076264e-01;3.724039e-02;2.069714e-01;1.018359e-01;1.119894e-01;3.217969e-02;1.177253e-01
1.943186e-02;5.072296e-02;5.253858e-02;7.084180e-02;1.728653e-02;2.105638e-01;3.693836e-02;1.702695e-01;1.354002e-01;5.703564e-02;7.699559e-02;1.019753e-01
4.340556e-02;3.812937e-02;6.009303e-02;1.448181e-01;1.970844e-02;1.228671e-01;5.059394e-02;1.278184e-01;1.657329e-01;4.206093e-02;1.279412e-01;5.683102e-02
6.655720e-02;2.817916e-02;4.885847e-02;1.905837e-01;3.238541e-02;7.570487e-02;7.602526e-02;1.115203e-01;1.746655e-01;4.488266e-02;1.174881e-01;3.314935e-02
6.882708e-02;3.564698e-02;4.978165e-02;1.948111e-01;7.154976e-02;6.896919e-02;8.752874e-02;7.720235e-02;1.656958e-01;7.508449e-02;7.367075e-02;3.123215e-02
4.389872e-02;5.734639e-02;7.032106e-02;1.137723e-01;1.008454e-01;8.995363e-02;6.316534e-02;1.182836e-01;1.414583e-01;1.091003e-01;3.446554e-02;5.738944e-02
2.029741e-02;5.418251e-02;1.032128e-01;4.068222e-02;8.113033e-02;1.043550e-01;4.473777e-02;1.982020e-01;1.297586e-01;8.489907e-02;5.877793e-02;7.976440e-02
2.601416e-02;4.213514e-02;1.158785e-01;4.593542e-02;5.768548e-02;8.764958e-02;6.621964e-02;2.120155e-01;1.349087e-01;6.303786e-02;6.341666e-02;8.510334e-02
4.010532e-02;5.300951e-02;1.113211e-01;6.868317e-02;6.656446e-02;9.241713e-02;6.036810e-02;1.940898e-01;1.546872e-01;5.800977e-02;4.172694e-02;5.901749e-02
3.876244e-02;5.150799e-02;9.226747e-02;7.719778e-02;6.700390e-02;1.087550e-01;6.446956e-02;1.850129e-01;1.612411e-01;6.202900e-02;5.607750e-02;3.567541e-02
2.601028e-02;4.991189e-02;7.602407e-02;5.998610e-02;5.352396e-02;7.342751e-02;8.708188e-02;2.491393e-01;1.604460e-01;6.300946e-02;5.544900e-02;4.599050e-02
2.986156e-02;4.376613e-02;1.024051e-01;5.812591e-02;6.787999e-02;9.460141e-02;8.530156e-02;2.479566e-01;1.215014e-01;4.538041e-02;3.863642e-02;6.458353e-02
5.448826e-02;3.928685e-02;9.326702e-02;1.166312e-01;9.209295e-02;1.079043e-01;7.612766e-02;1.451802e-01;1.123706e-01;4.258958e-02;5.663162e-02;6.342988e-02
5.230113e-02;3.592309e-02;6.189721e-02;9.618290e-02;6.987017e-02;8.712954e-02;7.644303e-02;1.831853e-01;1.717162e-01;6.976691e-02;5.249431e-02;4.309019e-02
4.696938e-02;2.864111e-02;8.008637e-02;5.770877e-02;3.945629e-02;8.668887e-02;5.725705e-02;2.537438e-01;1.701266e-01;8.535133e-02;4.292075e-02;5.104969e-02
4.011007e-02;4.866650e-02;1.234014e-01;6.469007e-02;4.171372e-02;8.071083e-02;3.177223e-02;2.711690e-01;1.144128e-01;6.637172e-02;4.717527e-02;6.980644e-02
2.789971e-02;6.327299e-02;1.338088e-01;7.149451e-02;5.969962e-02;4.948578e-02;3.322600e-02;2.270395e-01;1.271068e-01;6.049721e-02;6.337190e-02;8.309714e-02
3.253314e-02;4.623313e-02;9.991786e-02;6.863710e-02;5.611032e-02;7.851589e-02;6.584269e-02;1.301857e-01;1.931861e-01;9.520686e-02;6.588261e-02;6.774863e-02
5.257153e-02;2.877763e-02;6.651729e-02;1.057805e-01;5.079714e-02;1.173611e-01;6.300245e-02;1.489701e-01;1.837757e-01;9.461887e-02;4.020387e-02;4.762393e-02
4.197420e-02;4.917474e-02;5.858237e-02;1.243291e-01;3.737085e-02;1.068587e-01;5.267375e-02;2.268366e-01;1.534100e-01;7.691738e-02;2.594769e-02;4.592467e-02
2.869452e-02;5.792204e-02;7.381542e-02;1.296842e-01;5.668774e-02;6.195319e-02;4.919179e-02;2.576895e-01;1.306960e-01;5.907988e-02;4.057715e-02;5.400855e-02
3.139190e-02;5.094360e-02;6.657788e-02;7.471336e-02;4.791734e-02;1.005366e-01;6.565970e-02;2.045171e-01;1.380961e-01;8.406601e-02;7.505225e-02;6.052817e-02
5.254830e-02;5.478419e-02;7.575002e-02;4.537425e-02;5.680481e-02;1.216006e-01;6.369261e-02;1.696709e-01;1.323355e-01;9.195571e-02;8.056556e-02;5.491770e-02
3.005487e-02;7.796779e-02;1.011263e-01;5.416481e-02;6.333931e-02;1.600439e-01;1.215045e-01;1.386113e-01;1.001041e-01;3.969967e-02;6.693760e-02;4.644591e-02
1.986805e-02;7.658464e-02;9.659527e-02;4.433294e-02;2.520380e-02;2.437535e-01;1.535863e-01;1.177191e-01;8.989246e-02;3.165486e-02;5.248374e-02;4.832530e-02
2.244196e-02;6.305995e-02;5.023048e-02;2.639098e-02;6.268881e-02;2.576089e-01;1.484298e-01;9.451734e-02;7.988621e-02;7.085731e-02;5.356153e-02;7.032684e-02
2.550451e-02;4.666955e-02;3.467840e-02;4.716026e-02;1.214118e-01;1.737066e-01;1.019901e-01;8.917483e-02;9.850954e-02;1.320020e-01;4.038430e-02;8.880815e-02
4.775063e-02;3.779292e-02;5.239427e-02;1.023104e-01;1.183342e-01;6.609499e-02;9.511440e-02;8.722805e-02;1.395182e-01;1.289713e-01;6.283332e-02;6.165737e-02
6.162121e-02;3.448557e-02;5.757537e-02;1.493504e-01;6.569637e-02;7.270412e-02;8.992626e-02;8.121365e-02;1.805538e-01;8.349264e-02;9.837651e-02;2.500410e-02
4.930091e-02;3.165299e-02;6.425470e-02;1.235698e-01;3.680776e-02;1.007079e-01;1.106614e-01;1.137144e-01;1.819183e-01;5.345934e-02;9.835603e-02;3.559639e-02
3.426082e-02;5.096280e-02;9.307633e-02;9.556240e-02;3.201553e-02;1.198185e-01;1.083881e-01;1.333457e-01;1.484113e-01;7.250823e-02;6.928895e-02;4.236138e-02
2.491120e-02;6.965403e-02;9.336017e-02;1.006728e-01;4.311190e-02;1.430154e-01;8.228260e-02;1.374875e-01;1.382052e-01;7.723807e-02;5.320542e-02;3.685572e-02
3.343847e-02;8.759693e-02;6.470156e-02;1.109540e-01;8.937547e-02;1.161945e-01;7.819649e-02;1.394639e-01;1.446994e-01;5.824148e-02;3.308662e-02;4.405114e-02
2.720057e-02;6.277537e-02;5.263718e-02;1.211640e-01;1.181305e-01;9.362353e-02;7.390489e-02;1.309984e-01;1.401942e-01;6.578771e-02;5.709594e-02;5.648758e-02
3.591153e-02;3.881624e-02;7.646331e-02;9.684929e-02;8.951537e-02;1.300082e-01;5.290436e-02;1.538998e-01;1.331083e-01;7.922418e-02;5.630537e-02;5.699406e-02
5.369756e-02;6.923987e-02;1.124364e-01;5.120103e-02;7.963591e-02;1.281439e-01;6.447620e-02;1.524462e-01;1.396693e-01;5.511961e-02;3.786262e-02;5.607146e-02
5.218635e-02;7.949333e-02;7.491389e-02;4.957862e-02;3.794537e-02;1.158923e-01;5.421410e-02;1.538796e-01;1.398352e-01;1.035124e-01;7.001391e-02;6.853493e-02
6.502746e-02;5.918862e-02;3.986540e-02;5.864654e-02;2.927372e-02;1.511914e-01;5.629357e-02;1.439103e-01;1.521785e-01;1.120609e-01;7.495010e-02;5.741343e-02
5.797080e-02;5.697025e-02;8.009881e-02;6.928423e-02;6.951912e-02;1.538744e-01;3.506915e-02;1.451662e-01;1.268598e-01;1.091851e-01;7.263064e-02;2.337161e-02
3.779841e-02;5.751384e-02;1.086615e-01;5.753215e-02;5.679658e-02;1.311857e-01;3.721097e-02;1.662667e-01;1.422347e-01;9.431668e-02;6.128303e-02;4.919960e-02
2.902219e-02;8.603463e-02;1.197125e-01;6.248039e-02;4.424169e-02;1.522827e-01;6.997940e-02;1.330042e-01;1.217650e-01;6.632946e-02;5.915838e-02;5.598944e-02
3.976679e-02;7.698055e-02;1.002635e-01;7.399917e-02;6.093138e-02;1.544210e-01;9.029047e-02;1.265284e-01;1.109383e-01;7.528733e-02;5.520975e-02;3.538333e-02
3.610113e-02;9.153003e-02;1.241024e-01;6.620618e-02;4.493533e-02;9.375557e-02;8.627176e-02;1.586033e-01;1.296263e-01;7.353956e-02;5.492875e-02;4.039963e-02
4.039430e-02;8.471490e-02;1.557969e-01;6.291910e-02;4.371694e-02;9.284224e-02;6.925517e-02;1.371378e-01;1.427469e-01;7.050883e-02;5.792696e-02;4.204002e-02
3.372757e-02;5.805336e-02;1.514811e-01;7.647528e-02;4.335987e-02;1.615335e-01;4.935754e-02;1.483154e-01;1.414326e-01;5.770755e-02;5.443739e-02;2.411882e-02
2.883242e-02;5.248399e-02;1.032534e-01;9.439644e-02;5.508810e-02;1.669509e-01;5.698148e-02;1.847974e-01;1.520904e-01;4.761752e-02;3.074496e-02;2.676296e-02
5.638455e-02;6.576274e-02;6.496781e-02;6.674969e-02;6.810825e-02;1.749935e-01;3.654036e-02;1.681465e-01;1.676662e-01;6.846943e-02;2.461077e-02;3.760018e-02
6.471184e-02;7.287467e-02;9.087470e-02;7.287779e-02;6.642161e-02;1.719119e-01;3.505380e-02;1.310843e-01;1.660616e-01;6.468109e-02;2.388749e-02;3.955927e-02
3.381715e-02;6.314758e-02;8.751018e-02;8.308826e-02;5.199181e-02;1.501711e-01;4.901762e-02;1.916981e-01;1.857474e-01;5.613621e-02;1.092126e-02;3.675330e-02
1.916117e-02;4.766378e-02;6.506825e-02;8.248407e-02;4.742904e-02;1.113404e-01;5.918752e-02;2.363212e-01;2.181327e-01;5.953565e-02;1.629142e-02;3.738482e-02
3.570813e-02;4.532367e-02;8.372284e-02;7.201519e-02;4.706726e-02;7.813546e-02;6.155719e-02;2.138449e-01;2.232871e-01;8.106712e-02;1.693809e-02;4.133303e-02
4.838908e-02;7.202568e-02;1.062412e-01;6.734825e-02;6.709144e-02;7.029796e-02;6.924855e-02;1.430161e-01;1.555397e-01;1.049307e-01;5.362826e-02;4.224307e-02
2.914947e-02;6.672236e-02;1.112716e-01;8.153545e-02;5.070843e-02;1.108609e-01;8.277189e-02;1.415669e-01;1.164387e-01;1.011952e-01;6.164969e-02;4.612953e-02
2.669007e-02;7.921492e-02;1.175191e-01;6.014150e-02;4.452329e-02;1.199630e-01;8.143070e-02;1.480728e-01;1.271561e-01;9.848730e-02;4.596993e-02;5.083126e-02
2.971804e-02;6.091934e-02;9.344345e-02;4.637522e-02;5.064518e-02;1.274278e-01;1.155515e-01;1.412992e-01;1.503196e-01;8.571552e-02;5.252080e-02;4.606443e-02
4.743235e-02;7.429518e-02;6.805003e-02;3.710271e-02;5.943223e-02;1.234658e-01;1.514628e-01;1.727657e-01;1.530969e-01;4.522049e-02;3.200222e-02;3.567364e-02
5.498764e-02;8.572219e-02;5.520082e-02;4.566927e-02;5.469709e-02;1.506026e-01;1.202053e-01;1.733521e-01;1.281463e-01;4.213397e-02;4.430099e-02;4.498174e-02
7.098801e-02;1.025682e-01;1.015540e-01;9.512805e-02;7.458473e-02;9.239550e-02;9.198099e-02;9.199967e-02;7.307106e-02;6.770349e-02;6.320705e-02;7.481918e-02
6.544988e-02;8.415881e-02;7.944375e-02;1.074558e-01;6.930316e-02;8.320298e-02;9.630994e-02;1.096158e-01;7.101377e-02;9.220313e-02;5.953423e-02;8.230875e-02
6.005742e-02;7.301961e-02;4.667026e-02;1.470504e-01;4.857422e-02;6.276945e-02;1.427998e-01;9.823279e-02;6.501190e-02;1.217127e-01;3.641839e-02;9.768303e-02
3.488109e-02;5.783856e-02;3.754248e-02;2.091948e-01;1.719272e-02;4.380971e-02;1.939849e-01;6.113875e-02;6.541204e-02;1.304810e-01;2.863967e-02;1.198844e-01
1.733174e-02;3.848213e-02;5.668956e-02;2.242260e-01;1.860864e-02;5.940471e-02;1.737304e-01;4.110862e-02;1.207337e-01;8.397320e-02;5.429660e-02;1.114147e-01
2.601404e-02;2.177699e-02;1.015230e-01;1.435791e-01;3.066934e-02;8.272164e-02;1.340499e-01;4.444384e-02;2.341617e-01;4.292521e-02;8.241752e-02;5.571772e-02
3.508741e-02;1.869457e-02;1.225642e-01;4.678795e-02;2.777267e-02;1.603289e-01;1.071988e-01;3.563563e-02;2.635013e-01;3.801285e-02;1.082800e-01;3.613573e-02
2.522999e-02;2.316310e-02;1.371851e-01;4.453348e-02;2.613253e-02;2.111850e-01;6.355365e-02;2.940389e-02;2.576150e-01;4.037806e-02;1.097975e-01;3.182270e-02
3.421010e-02;4.485249e-02;1.069181e-01;5.799496e-02;2.844687e-02;1.632763e-01;1.466937e-01;4.985729e-02;1.845765e-01;2.766318e-02;9.251722e-02;6.299327e-02
3.020294e-02;4.228638e-02;5.547119e-02;1.192675e-01;2.062764e-02;7.489216e-02;2.954448e-01;4.487894e-02;7.038094e-02;5.674362e-02;5.256006e-02;1.372439e-01
2.830938e-02;5.663709e-02;4.513477e-02;1.781826e-01;1.472297e-02;4.376220e-02;2.782108e-01;3.506858e-02;2.525884e-02;1.154422e-01;3.138344e-02;1.478871e-01
5.839166e-02;6.019424e-02;4.787366e-02;2.086875e-01;3.742315e-02;3.294472e-02;1.712543e-01;6.380657e-02;4.198877e-02;1.593730e-01;2.644608e-02;9.161634e-02
9.234552e-02;5.384123e-02;5.271757e-02;1.727353e-01;1.081626e-01;3.407044e-02;8.972012e-02;1.458802e-01;5.825980e-02;1.280801e-01;3.894668e-02;2.524040e-02
1.280116e-01;5.605008e-02;4.931646e-02;9.609165e-02;1.859457e-01;3.324753e-02;2.557814e-02;2.174318e-01;4.872109e-02;5.545290e-02;7.351860e-02;3.063435e-02
1.080494e-01;7.256351e-02;7.832378e-02;5.948222e-02;1.788910e-01;2.819955e-02;7.670674e-02;2.122283e-01;3.697259e-02;4.252623e-02;8.087216e-02;2.518454e-02
6.538645e-02;8.102837e-02;1.112602e-01;4.991979e-02;1.188359e-01;6.744316e-02;1.318945e-01;1.627533e-01;7.064244e-02;5.698614e-02;6.415386e-02;1.969594e-02
4.135947e-02;7.221260e-02;1.522817e-01;7.963486e-02;5.726460e-02;8.435398e-02;1.291736e-01;1.305124e-01;9.611998e-02;8.384408e-02;2.624642e-02;4.699624e-02
3.718691e-02;5.396644e-02;1.753230e-01;9.716060e-02;9.312394e-02;5.561090e-02;1.166390e-01;9.339760e-02;1.045774e-01;7.511113e-02;3.761864e-02;6.028442e-02
3.907877e-02;7.194612e-02;1.562198e-01;1.476132e-01;6.617849e-02;4.830199e-02;1.278855e-01;5.909585e-02;8.581940e-02;5.009525e-02;7.427087e-02;7.349481e-02
4.794041e-02;8.209988e-02;1.135184e-01;1.869442e-01;4.728362e-02;6.603443e-02;1.516826e-01;9.193929e-02;5.658221e-02;3.683360e-02;6.106840e-02;5.807305e-02
5.695063e-02;4.000436e-02;8.096317e-02;2.140951e-01;7.017478e-02;6.040777e-02;1.801516e-01;1.072303e-01;6.700431e-02;3.886298e-02;4.477710e-02;3.937785e-02
3.847340e-02;7.868977e-02;1.448698e-01;1.484858e-01;8.352213e-02;4.649582e-02;1.720942e-01;1.028991e-01;8.807313e-02;4.554695e-02;2.588761e-02;2.496229e-02
7.145216e-02;1.161371e-01;1.363245e-01;1.029926e-01;7.543941e-02;6.857384e-02;1.096226e-01;6.328054e-02;9.041751e-02;4.851065e-02;6.446368e-02;5.278553e-02
6.459511e-02;1.065546e-01;1.446489e-01;1.070350e-01;5.493686e-02;1.239652e-01;6.181261e-02;9.240934e-02;5.866529e-02;5.170655e-02;6.289401e-02;7.077653e-02
4.303562e-02;1.828901e-01;2.001896e-01;6.138780e-02;4.022416e-02;1.375572e-01;2.640235e-02;1.005977e-01;6.158305e-02;5.319837e-02;3.795576e-02;5.497831e-02
4.516190e-02;2.574508e-01;2.096486e-01;3.192593e-02;3.062361e-02;9.910520e-02;3.065379e-02;9.568615e-02;8.465570e-02;4.904076e-02;2.780684e-02;3.824073e-02
6.184291e-02;3.084375e-01;1.872504e-01;3.517956e-02;3.438458e-02;4.004237e-02;4.620898e-02;9.998453e-02;9.088027e-02;3.976683e-02;3.251883e-02;2.350328e-02
8.285759e-02;2.835858e-01;1.803000e-01;5.844243e-02;3.816945e-02;2.507085e-02;4.340894e-02;1.136623e-01;5.821147e-02;3.581506e-02;6.045069e-02;2.002541e-02
1.083091e-01;2.299531e-01;1.579022e-01;5.889363e-02;4.829214e-02;4.239341e-02;4.725055e-02;1.100614e-01;5.004572e-02;3.426926e-02;6.095257e-02;5.167706e-02
1.124390e-01;1.641923e-01;8.908700e-02;4.480680e-02;5.850252e-02;4.748723e-02;1.056301e-01;1.174190e-01;6.637662e-02;4.370279e-02;7.285573e-02;7.750097e-02
8.010799e-02;1.324008e-01;8.380264e-02;5.682218e-02;5.029345e-02;5.824481e-02;1.320847e-01;1.115911e-01;6.914136e-02;5.727923e-02;5.603778e-02;1.121939e-01
4.718572e-02;1.108228e-01;1.276109e-01;1.188418e-01;5.829014e-02;9.473770e-02;1.000928e-01;8.830666e-02;8.544316e-02;5.218599e-02;3.924805e-02;7.723419e-02
5.566969e-02;8.048366e-02;1.082657e-01;1.462544e-01;6.767187e-02;1.141787e-01;9.663394e-02;7.483846e-02;9.541927e-02;6.028293e-02;5.428357e-02;4.601786e-02
8.456502e-02;1.138949e-01;9.829420e-02;1.079546e-01;7.732815e-02;8.055863e-02;1.027113e-01;6.792911e-02;1.221064e-01;7.636475e-02;3.403732e-02;3.425556e-02
7.635896e-02;1.267540e-01;1.370797e-01;7.550561e-02;9.849758e-02;3.204938e-02;7.437134e-02;7.866155e-02;1.412515e-01;8.780239e-02;4.249167e-02;2.917639e-02
4.542290e-02;1.011513e-01;1.522425e-01;9.441214e-02;1.037924e-01;5.644171e-02;7.535859e-02;7.666288e-02;1.521339e-01;7.785329e-02;4.048459e-02;2.404378e-02
2.582738e-02;9.268304e-02;1.183067e-01;7.564723e-02;9.807647e-02;1.277384e-01;8.754041e-02;8.144522e-02;1.419066e-01;6.089361e-02;4.090750e-02;4.902748e-02
4.215495e-02;1.093720e-01;8.891895e-02;4.091136e-02;8.218752e-02;1.476125e-01;8.825649e-02;1.106277e-01;1.287098e-01;5.345755e-02;4.455698e-02;6.323417e-02
5.222279e-02;7.432830e-02;6.482472e-02;6.674694e-02;6.037289e-02;1.672405e-01;8.331703e-02;1.218253e-01;1.476388e-01;5.668956e-02;5.095050e-02;5.384274e-02
4.898914e-02;1.014802e-01;7.280886e-02;6.190064e-02;4.249731e-02;1.274942e-01;9.319318e-02;1.103355e-01;1.690176e-01;5.800030e-02;5.659234e-02;5.769078e-02
3.921535e-02;7.854439e-02;8.907076e-02;8.469280e-02;4.999628e-02;7.747520e-02;1.077357e-01;1.080524e-01;1.840029e-01;5.645946e-02;5.227075e-02;7.248402e-02
4.617081e-02;1.301925e-01;1.548241e-01;4.801527e-02;5.115509e-02;9.250916e-02;8.591409e-02;1.137852e-01;1.425318e-01;5.508675e-02;2.481936e-02;5.499582e-02
4.873020e-02;1.612434e-01;1.855939e-01;4.992295e-02;5.753483e-02;1.061676e-01;6.650571e-02;1.033449e-01;1.037980e-01;4.248445e-02;2.691067e-02;4.776333e-02
4.821535e-02;1.218709e-01;1.927936e-01;7.229749e-02;5.515240e-02;8.250995e-02;6.809555e-02;1.032330e-01;1.327079e-01;3.986302e-02;4.512651e-02;3.813430e-02
4.344645e-02;1.123346e-01;1.283938e-01;9.034138e-02;4.300990e-02;9.053095e-02;1.099059e-01;8.627213e-02;1.440746e-01;6.038944e-02;4.266399e-02;4.863689e-02
5.489774e-02;8.443739e-02;7.632739e-02;1.061661e-01;3.769632e-02;1.093298e-01;1.484511e-01;8.073789e-02;1.331839e-01;6.861917e-02;3.334130e-02;6.681183e-02
5.807703e-02;6.435183e-02;7.906462e-02;1.049501e-01;5.302732e-02;9.645476e-02;1.624957e-01;1.056576e-01;1.107040e-01;6.977668e-02;3.145566e-02;6.398467e-02
5.923053e-02;7.172513e-02;8.887202e-02;9.963191e-02;7.927262e-02;7.173040e-02;1.223293e-01;1.277806e-01;8.737977e-02;6.546792e-02;5.692148e-02;6.965826e-02
6.393124e-02;1.182730e-01;9.472144e-02;7.912719e-02;9.037141e-02;6.532197e-02;7.745897e-02;1.115065e-01;1.183716e-01;7.074513e-02;5.870166e-02;5.146994e-02
6.120078e-02;9.862478e-02;1.128050e-01;7.814500e-02;1.056940e-01;9.069975e-02;5.412086e-02;1.082910e-01;1.506447e-01;6.521305e-02;4.721071e-02;2.735030e-02
5.321288e-02;1.057929e-01;1.216770e-01;6.115646e-02;7.027268e-02;8.618999e-02;1.169269e-01;1.168132e-01;1.209120e-01;5.790044e-02;2.745962e-02;6.168580e-02
4.189296e-02;1.439631e-01;1.311323e-01;6.607106e-02;2.898227e-02;1.116551e-01;1.451653e-01;9.761813e-02;6.928890e-02;3.998004e-02;5.536866e-02;6.888220e-02
7.489930e-02;1.114348e-01;1.124185e-01;5.847249e-02;3.123473e-02;1.561417e-01;1.304742e-01;7.555609e-02;5.574135e-02;3.503439e-02;9.205010e-02;6.654237e-02
7.687614e-02;1.275766e-01;8.414976e-02;5.301698e-02;8.161069e-02;1.551872e-01;8.100514e-02;5.221899e-02;5.971989e-02;7.966508e-02;8.220042e-02;6.677303e-02
5.622521e-02;1.686710e-01;6.692801e-02;4.197553e-02;1.450871e-01;9.486433e-02;6.065967e-02;4.307618e-02;5.360750e-02;1.389987e-01;4.419587e-02;8.571101e-02
4.424687e-02;1.493684e-01;6.266680e-02;5.171739e-02;1.691318e-01;5.405096e-02;6.775918e-02;3.564499e-02;7.493038e-02;1.722750e-01;2.308612e-02;9.512205e-02
8.479588e-02;7.935844e-02;7.190718e-02;7.925087e-02;1.472122e-01;5.184340e-02;8.601481e-02;4.276264e-02;1.033989e-01;1.540662e-01;3.326066e-02;6.612878e-02
1.630482e-01;3.539485e-02;8.713447e-02;8.580630e-02;1.023268e-01;3.638740e-02;1.258776e-01;4.541437e-02;1.377135e-01;1.075035e-01;3.108283e-02;4.231018e-02
1.806274e-01;3.252359e-02;9.912702e-02;9.955031e-02;6.441994e-02;3.794622e-02;1.601237e-01;5.132483e-02;1.507982e-01;5.350825e-02;2.501908e-02;4.503142e-02
1.451188e-01;4.097484e-02;1.174209e-01;1.232385e-01;5.106291e-02;3.449505e-02;1.552216e-01;5.393930e-02;1.560468e-01;5.518595e-02;2.885077e-02;3.844450e-02
9.719573e-02;5.577345e-02;1.155058e-01;1.363360e-01;1.161814e-01;3.540843e-02;1.154203e-01;6.960278e-02;1.459462e-01;5.967907e-02;2.888812e-02;2.406275e-02
6.007302e-02;9.112640e-02;1.036820e-01;1.413032e-01;1.836178e-01;3.828149e-02;6.260383e-02;8.320985e-02;1.135329e-01;8.837744e-02;1.400997e-02;2.018221e-02
4.803002e-02;1.029906e-01;9.839100e-02;1.464817e-01;2.247195e-01;3.088638e-02;2.577799e-02;7.882925e-02;8.880813e-02;1.126653e-01;1.282885e-02;2.959128e-02
4.893815e-02;8.520214e-02;7.002213e-02;1.478623e-01;2.400574e-01;4.152730e-02;2.953658e-02;8.564271e-02;1.230150e-01;8.959711e-02;1.542119e-02;2.317798e-02
5.372039e-02;5.831935e-02;4.878487e-02;1.458856e-01;1.962880e-01;5.205999e-02;2.870341e-02;9.920351e-02;1.739694e-01;8.337163e-02;3.556536e-02;2.412847e-02
6.417484e-02;4.224739e-02;5.676665e-02;1.346281e-01;1.040709e-01;6.311307e-02;4.141489e-02;1.142935e-01;2.110964e-01;9.636049e-02;4.293866e-02;2.889503e-02
8.414761e-02;3.646091e-02;5.345039e-02;1.175794e-01;1.249314e-01;4.565820e-02;3.641329e-02;9.318399e-02;2.141300e-01;1.291701e-01;3.833730e-02;2.653748e-02
8.693165e-02;3.668830e-02;3.916047e-02;1.099075e-01;1.619870e-01;2.815488e-02;3.693591e-02;9.786664e-02;2.132379e-01;1.345528e-01;3.519008e-02;1.938698e-02
7.475697e-02;3.321283e-02;5.569644e-02;1.195017e-01;1.672689e-01;3.341730e-02;3.138344e-02;1.056493e-01;2.296223e-01;9.923085e-02;3.864377e-02;1.161610e-02
6.417944e-02;6.112979e-02;6.821960e-02;1.225271e-01;1.551667e-01;2.197690e-02;3.342050e-02;1.340011e-01;2.338756e-01;6.434312e-02;3.405513e-02;7.105043e-03
5.322357e-02;6.264939e-02;7.320758e-02;1.172539e-01;1.474582e-01;2.574402e-02;4.397400e-02;1.450153e-01;2.380568e-01;5.312152e-02;3.022407e-02;1.007166e-02
4.830683e-02;6.413805e-02;7.237919e-02;1.276678e-01;1.374158e-01;2.691187e-02;4.454789e-02;1.419653e-01;2.469254e-01;4.049819e-02;3.193995e-02;1.730379e-02
5.865963e-02;4.309704e-02;7.777543e-02;1.415127e-01;1.011351e-01;4.171830e-02;4.181280e-02;1.713779e-01;2.317368e-01;5.784309e-02;2.402730e-02;9.303970e-03
5.248704e-02;2.156340e-02;8.025780e-02;1.610463e-01;8.118095e-02;3.636910e-02;3.341414e-02;2.077989e-01;2.361872e-01;5.416737e-02;2.196283e-02;1.356501e-02
4.042903e-02;3.408716e-02;6.052395e-02;1.584602e-01;9.517138e-02;3.760096e-02;2.803297e-02;2.064998e-01;2.408644e-01;6.598258e-02;1.500314e-02;1.734447e-02
3.371382e-02;3.794212e-02;9.576284e-02;1.403837e-01;1.035250e-01;4.585230e-02;3.827149e-02;1.480704e-01;2.515396e-01;7.180199e-02;8.704126e-03;2.443261e-02
2.781726e-02;4.284069e-02;1.129554e-01;1.030820e-01;6.457479e-02;4.388221e-02;2.727249e-02;2.216016e-01;2.635867e-01;6.568110e-02;7.130404e-03;1.957540e-02
2.042389e-02;2.132277e-02;9.644046e-02;1.055522e-01;4.208889e-02;3.684011e-02;2.685406e-02;2.704976e-01;2.912705e-01;7.040270e-02;9.307076e-03;8.999800e-03
2.490600e-02;2.428288e-02;8.511236e-02;1.233495e-01;4.712911e-02;3.275228e-02;2.626571e-02;2.518356e-01;2.872314e-01;8.652709e-02;5.615228e-03;4.992874e-03
1.175562e-02;3.263213e-02;9.441294e-02;1.214964e-01;3.382334e-02;3.597286e-02;2.069945e-02;2.632654e-01;2.888682e-01;8.366676e-02;6.474647e-03;6.932287e-03
1.988878e-02;2.284419e-02;9.607996e-02;1.266128e-01;2.399699e-02;2.946639e-02;2.560205e-02;2.709146e-01;2.966222e-01;6.519539e-02;1.190268e-02;1.087410e-02
1.900246e-02;1.129314e-02;9.167346e-02;1.304497e-01;3.896003e-02;2.568831e-02;3.176130e-02;2.437652e-01;3.093377e-01;8.199345e-02;6.117390e-03;9.957946e-03
2.029609e-02;1.469015e-02;8.964700e-02;1.249284e-01;3.358343e-02;2.495177e-02;3.234802e-02;2.405501e-01;3.209805e-01;8.096507e-02;8.488985e-03;8.570332e-03
1.716166e-02;2.169107e-02;6.899629e-02;1.065149e-01;5.185731e-02;2.571769e-02;6.281017e-02;2.379333e-01;3.185402e-01;7.061227e-02;9.986475e-03;8.178676e-03
1.051878e-02;2.636111e-02;4.127049e-02;7.421608e-02;1.075200e-01;3.086031e-02;9.432735e-02;2.204992e-01;3.105455e-01;6.132909e-02;1.303721e-02;9.514839e-03
1.143675e-02;2.622637e-02;3.837975e-02;9.590234e-02;1.648490e-01;3.204139e-02;9.067508e-02;1.686361e-01;2.760094e-01;7.388470e-02;1.060345e-02;1.135574e-02
1.091790e-02;2.289404e-02;4.365810e-02;1.650414e-01;2.136345e-01;5.646862e-02;5.681456e-02;1.297101e-01;2.166205e-01;6.938184e-02;7.869118e-03;6.989406e-03
1.824332e-02;2.292857e-02;5.963392e-02;1.959074e-01;2.469963e-01;4.658541e-02;3.566745e-02;1.003760e-01;1.835710e-01;7.023540e-02;6.858002e-03;1.299714e-02
3.392524e-02;4.340193e-02;4.340232e-02;1.517302e-01;1.950879e-01;1.205328e-01;4.546633e-02;1.024786e-01;1.612989e-01;7.073494e-02;1.368064e-02;1.826027e-02
3.853084e-02;6.318124e-02;5.065266e-02;7.705675e-02;6.731029e-02;1.881345e-01;5.961846e-02;1.898641e-01;1.607369e-01;5.546537e-02;2.255277e-02;2.689611e-02
2.003857e-02;7.271342e-02;4.008285e-02;3.494138e-02;6.075205e-02;2.438172e-01;4.603731e-02;1.820538e-01;1.515178e-01;7.730208e-02;1.906951e-02;5.167403e-02
1.730304e-02;7.616399e-02;2.413776e-02;3.498520e-02;1.111713e-01;2.612233e-01;3.881546e-02;1.268932e-01;1.306125e-01;7.652804e-02;2.246186e-02;7.970438e-02
5.611798e-03;6.240907e-02;1.033265e-02;4.813813e-02;1.743213e-01;2.308366e-01;1.114763e-02;1.102874e-01;1.153108e-01;1.120600e-01;1.709849e-02;1.024461e-01
4.332458e-03;6.194151e-02;1.368673e-02;4.695634e-02;2.082282e-01;1.550282e-01;1.938226e-02;9.470309e-02;1.062951e-01;1.589187e-01;1.266155e-02;1.178660e-01
4.830816e-03;6.840868e-02;1.470405e-02;2.643562e-02;2.298296e-01;7.559337e-02;2.273367e-02;7.910061e-02;1.075423e-01;2.070000e-01;2.540789e-02;1.384133e-01
1.355689e-02;7.364012e-02;1.449085e-02;3.588813e-02;2.410914e-01;3.890239e-02;3.120065e-02;7.096633e-02;8.373771e-02;2.105232e-01;4.343943e-02;1.425629e-01
2.607780e-02;8.199276e-02;3.018718e-02;5.291701e-02;2.460150e-01;3.515040e-02;3.974998e-02;6.173231e-02;8.833889e-02;1.777074e-01;4.086740e-02;1.192638e-01
1.522006e-02;6.557333e-02;3.338936e-02;6.160127e-02;2.205061e-01;4.583397e-02;4.249045e-02;7.210443e-02;1.613011e-01;1.850297e-01;2.786933e-02;6.908084e-02
7.939477e-03;5.790532e-02;4.797688e-02;7.316035e-02;1.867423e-01;4.232708e-02;5.534096e-02;1.084199e-01;1.959257e-01;1.588343e-01;2.765272e-02;3.777507e-02
7.250905e-03;5.872835e-02;5.032371e-02;5.043362e-02;1.481480e-01;8.359732e-02;7.023935e-02;1.626129e-01;1.967460e-01;9.553061e-02;2.393202e-02;5.245719e-02
1.667977e-02;4.887891e-02;3.742394e-02;4.057514e-02;1.348194e-01;9.665511e-02;6.038029e-02;1.878415e-01;2.092191e-01;6.882159e-02;2.799585e-02;7.070931e-02
1.802934e-02;3.220247e-02;3.828069e-02;6.813423e-02;2.010943e-01;7.770948e-02;3.035011e-02;2.157048e-01;1.537321e-01;8.074492e-02;3.299221e-02;5.102531e-02
1.647359e-02;3.197813e-02;2.916155e-02;7.636148e-02;2.600941e-01;1.156215e-01;1.920211e-02;1.978682e-01;1.039039e-01;8.882309e-02;3.001284e-02;3.049948e-02
1.401970e-02;3.562796e-02;2.061826e-02;7.456876e-02;2.271895e-01;1.308875e-01;2.673625e-02;1.585243e-01;1.796122e-01;7.709134e-02;3.115519e-02;2.396900e-02
1.167294e-02;4.954634e-02;1.937806e-02;5.401290e-02;2.155919e-01;1.141434e-01;2.250811e-02;1.643909e-01;2.337600e-01;6.566618e-02;3.109045e-02;1.823882e-02
2.397748e-02;7.075335e-02;3.436448e-02;1.227877e-02;2.167083e-01;7.912809e-02;3.212815e-02;1.817286e-01;2.181576e-01;8.874889e-02;2.957003e-02;1.245619e-02
2.291807e-02;5.122247e-02;2.967322e-02;4.087361e-02;2.166814e-01;7.330424e-02;4.653345e-02;1.989242e-01;1.228638e-01;1.527103e-01;2.785320e-02;1.644198e-02
1.368343e-02;2.891681e-02;1.957848e-02;6.391098e-02;1.889293e-01;2.896082e-02;3.427975e-02;1.765688e-01;2.236440e-01;1.839424e-01;2.227492e-02;1.531029e-02
1.291516e-02;2.477962e-02;1.817983e-02;7.951341e-02;1.775693e-01;3.485120e-02;2.096358e-02;1.645432e-01;2.940966e-01;1.449899e-01;1.974734e-02;7.850970e-03
1.073009e-02;2.269771e-02;1.751489e-02;8.499456e-02;1.943097e-01;4.269435e-02;1.626161e-02;1.678992e-01;3.132396e-01;1.041828e-01;2.173169e-02;3.743835e-03
1.154349e-02;3.428903e-02;1.035967e-02;7.270011e-02;2.146339e-01;4.738449e-02;2.685158e-02;1.558990e-01;2.671215e-01;1.242897e-01;2.631394e-02;8.613640e-03
