1.186252e-01;6.073914e-02;1.694954e-01;3.818781e-02;5.178417e-02;3.862878e-02;1.627466e-01;6.609120e-02;4.400493e-02;1.178067e-01;8.497182e-02;4.691822e-02
9.027117e-02;4.477809e-02;1.336942e-01;4.859243e-02;5.200497e-02;3.499299e-02;2.113715e-01;7.418878e-02;7.506961e-02;1.349508e-01;6.938110e-02;3.070436e-02
5.198191e-02;3.742530e-02;8.198721e-02;5.845430e-02;6.457755e-02;3.289659e-02;1.774227e-01;7.462455e-02;1.093882e-01;2.097302e-01;7.787137e-02;2.364000e-02
2.912093e-02;5.514897e-02;4.011168e-02;5.566246e-02;7.854644e-02;4.197349e-02;5.529195e-02;6.054112e-02;8.558460e-02;2.853008e-01;1.816482e-01;3.106934e-02
5.797386e-02;4.887139e-02;6.481150e-02;3.982513e-02;5.678839e-02;9.056970e-02;3.884562e-02;4.747524e-02;5.137462e-02;2.055398e-01;2.420251e-01;5.589961e-02
8.365007e-02;1.533093e-02;9.706562e-02;2.604269e-02;6.747886e-02;1.054148e-01;1.078494e-01;3.713978e-02;5.639042e-02;1.104713e-01;2.117916e-01;8.137442e-02
6.316663e-02;2.000379e-02;9.978236e-02;3.539117e-02;8.252337e-02;8.800546e-02;1.149377e-01;3.870483e-02;5.834765e-02;8.861163e-02;1.994624e-01;1.110630e-01
2.662359e-02;3.087029e-02;9.923074e-02;6.185271e-02;7.926095e-02;5.150522e-02;1.240160e-01;4.250469e-02;5.284137e-02;9.737417e-02;1.905029e-01;1.434174e-01
9.997465e-02;4.762218e-02;1.076359e-01;8.959848e-02;3.609819e-02;1.958129e-02;1.532837e-01;2.880206e-02;3.194228e-02;7.789385e-02;1.364511e-01;1.711163e-01
1.675278e-01;5.919950e-02;5.510013e-02;9.580648e-02;1.864005e-02;8.369992e-03;1.687754e-01;1.988849e-02;1.984120e-02;6.540854e-02;1.197775e-01;2.016650e-01
1.637768e-01;4.687012e-02;6.672480e-02;8.765212e-02;2.541141e-02;1.974517e-02;1.622881e-01;2.743545e-02;2.256278e-02;6.371872e-02;1.196634e-01;1.941511e-01
1.386309e-01;3.493200e-02;9.542439e-02;6.509495e-02;4.021206e-02;3.828388e-02;1.401198e-01;4.021249e-02;4.121144e-02;7.683866e-02;1.306134e-01;1.584260e-01
1.007579e-01;2.688930e-02;1.002215e-01;3.861433e-02;4.764599e-02;7.025185e-02;8.537449e-02;6.032707e-02;5.174804e-02;1.211077e-01;1.977184e-01;9.934360e-02
6.605411e-02;3.630520e-02;9.728341e-02;5.145290e-02;4.107121e-02;6.263334e-02;1.129530e-01;7.783841e-02;5.868447e-02;1.509548e-01;1.837289e-01;6.104024e-02
7.206899e-02;2.732763e-02;1.180549e-01;8.068785e-02;3.820301e-02;6.296521e-02;1.682348e-01;8.239915e-02;7.574587e-02;1.134233e-01;9.581511e-02;6.507415e-02
1.037437e-01;2.299260e-02;1.847194e-01;8.186501e-02;4.492250e-02;5.721797e-02;1.112563e-01;8.409772e-02;5.573172e-02;1.036803e-01;6.713957e-02;8.263326e-02
1.045551e-01;3.902966e-02;2.239793e-01;7.048650e-02;7.027231e-02;5.472740e-02;6.672455e-02;7.946441e-02;3.448077e-02;1.093545e-01;6.735117e-02;7.957435e-02
8.397003e-02;5.284712e-02;1.923780e-01;6.607825e-02;6.442892e-02;6.517419e-02;7.848117e-02;9.319873e-02;4.656933e-02;1.092743e-01;9.484855e-02;5.275144e-02
1.067890e-01;7.497810e-02;1.313735e-01;7.216507e-02;4.766997e-02;5.748037e-02;9.220961e-02;7.190644e-02;7.870688e-02;1.001791e-01;1.036772e-01;6.286481e-02
1.228541e-01;7.406538e-02;1.178582e-01;7.905667e-02;6.886258e-02;7.322811e-02;1.076791e-01;6.560290e-02;8.870393e-02;5.791203e-02;8.101644e-02;6.316054e-02
1.115745e-01;8.421738e-02;1.090651e-01;5.629086e-02;7.999903e-02;8.388392e-02;1.032596e-01;6.566416e-02;9.816533e-02;6.320643e-02;6.593113e-02;7.874264e-02
1.469939e-01;9.502607e-02;1.326596e-01;6.331485e-02;8.332561e-02;7.376156e-02;1.012372e-01;7.280748e-02;7.879379e-02;3.864199e-02;5.070319e-02;6.273476e-02
1.298610e-01;1.323778e-01;1.944583e-01;6.668425e-02;4.806333e-02;8.848796e-02;1.246667e-01;6.949637e-02;2.166114e-02;5.714085e-02;5.314966e-02;1.395257e-02
1.161401e-01;1.284947e-01;1.648901e-01;7.044332e-02;4.277275e-02;1.055279e-01;1.232377e-01;7.698211e-02;5.464078e-02;4.615313e-02;3.971979e-02;3.099759e-02
1.327325e-01;9.886649e-02;8.753635e-02;6.779484e-02;5.998810e-02;9.998095e-02;1.701532e-01;1.116878e-01;5.787607e-02;3.747791e-02;2.754834e-02;4.835751e-02
1.381651e-01;8.226760e-02;8.521301e-02;4.773741e-02;4.953010e-02;6.294677e-02;1.561857e-01;1.399428e-01;5.185219e-02;5.768193e-02;6.219517e-02;6.628218e-02
1.401153e-01;6.085427e-02;1.235625e-01;4.206820e-02;4.560087e-02;2.401880e-02;7.747409e-02;1.254160e-01;1.249098e-01;5.106596e-02;9.131824e-02;9.359587e-02
1.429662e-01;5.900995e-02;1.206465e-01;1.091870e-01;4.987497e-02;3.163750e-02;6.746878e-02;6.067595e-02;1.275852e-01;7.476684e-02;7.646760e-02;7.971349e-02
1.264219e-01;4.936814e-02;1.483912e-01;1.664072e-01;5.807402e-02;5.585431e-02;6.999280e-02;5.905011e-02;1.092930e-01;5.836710e-02;3.636513e-02;6.241510e-02
7.415512e-02;2.504421e-02;2.004224e-01;1.407261e-01;5.460574e-02;9.084997e-02;9.055036e-02;1.301625e-01;6.403717e-02;3.422537e-02;2.316692e-02;7.205410e-02
4.370518e-02;5.583932e-02;1.648975e-01;6.296413e-02;5.982992e-02;8.813261e-02;1.696767e-01;1.796069e-01;3.525030e-02;2.224307e-02;7.109538e-02;4.675890e-02
4.547611e-02;8.886462e-02;7.077411e-02;1.764545e-02;5.729088e-02;5.926799e-02;2.664925e-01;1.543947e-01;7.730310e-02;2.369615e-02;1.133570e-01;2.543744e-02
5.654037e-02;9.570441e-02;4.364783e-02;2.766712e-02;2.985006e-02;5.943007e-02;2.907576e-01;8.947875e-02;8.870474e-02;4.317514e-02;1.260377e-01;4.900615e-02
7.884272e-02;7.871950e-02;5.119557e-02;5.495603e-02;2.865178e-02;9.211961e-02;2.302738e-01;4.475814e-02;6.823838e-02;7.407887e-02;1.033999e-01;9.476577e-02
1.148362e-01;6.864216e-02;5.151062e-02;7.775979e-02;3.840983e-02;1.191229e-01;1.847854e-01;2.903948e-02;3.274731e-02;1.002701e-01;5.165465e-02;1.312216e-01
1.547549e-01;6.527543e-02;5.893233e-02;8.183183e-02;5.372015e-02;1.238637e-01;1.813699e-01;2.890639e-02;2.119967e-02;7.166369e-02;2.102409e-02;1.374580e-01
1.963657e-01;6.563075e-02;9.525403e-02;6.819121e-02;5.066409e-02;1.032830e-01;1.958793e-01;2.429618e-02;2.286419e-02;4.466811e-02;1.073094e-02;1.221725e-01
1.966368e-01;1.031295e-01;1.221236e-01;4.695258e-02;4.696444e-02;7.799315e-02;2.220740e-01;2.155233e-02;2.804146e-02;2.306853e-02;2.601428e-02;8.544935e-02
1.151808e-01;1.488304e-01;1.181708e-01;5.436117e-02;6.651665e-02;6.142927e-02;2.778107e-01;3.280929e-02;3.580268e-02;2.923582e-02;2.182906e-02;3.802346e-02
5.690394e-02;1.553646e-01;1.151889e-01;5.755611e-02;9.938820e-02;5.674879e-02;3.247805e-01;3.547774e-02;3.270884e-02;2.989930e-02;2.259555e-02;1.338754e-02
5.294467e-02;1.293325e-01;1.351855e-01;5.839164e-02;1.056789e-01;4.518187e-02;3.471958e-01;3.747185e-02;2.742611e-02;2.562786e-02;2.465983e-02;1.090342e-02
4.199907e-02;9.899499e-02;1.774007e-01;6.036540e-02;5.906472e-02;2.950877e-02;3.637802e-01;6.198777e-02;3.138998e-02;4.442929e-02;1.875898e-02;1.232012e-02
4.071029e-02;6.812503e-02;2.001468e-01;3.893232e-02;2.777965e-02;5.179839e-02;3.259982e-01;8.969131e-02;4.586381e-02;7.679335e-02;1.440174e-02;1.975911e-02
3.185938e-02;4.186711e-02;2.041776e-01;3.841718e-02;2.870437e-02;1.057262e-01;2.680197e-01;9.779248e-02;5.476898e-02;8.251771e-02;1.322687e-02;3.292239e-02
1.585241e-02;3.971229e-02;1.927458e-01;4.975013e-02;3.186873e-02;1.248337e-01;2.999464e-01;8.211820e-02;5.335018e-02;6.322702e-02;1.519414e-02;3.140103e-02
2.271297e-02;5.742331e-02;1.631136e-01;4.361339e-02;3.210175e-02;8.941260e-02;3.930643e-01;6.457015e-02;4.168136e-02;5.388793e-02;1.479558e-02;2.362298e-02
2.606095e-02;6.873481e-02;8.309843e-02;3.206901e-02;3.963611e-02;4.978089e-02;4.722832e-01;6.484216e-02;4.820580e-02;6.795799e-02;1.784810e-02;2.948262e-02
2.337553e-02;6.705167e-02;9.727432e-02;2.345960e-02;4.340846e-02;2.412447e-02;4.459130e-01;6.326650e-02;5.395374e-02;1.003895e-01;3.311676e-02;2.466646e-02
2.606836e-02;6.028010e-02;9.219255e-02;4.017233e-02;6.240614e-02;3.468196e-02;3.841599e-01;5.980944e-02;6.431036e-02;9.209748e-02;3.917437e-02;4.464709e-02
4.090341e-02;6.307803e-02;1.097205e-01;5.959057e-02;1.014948e-01;6.205614e-02;2.612959e-01;6.610411e-02;7.348768e-02;6.210813e-02;2.856834e-02;7.159235e-02
6.194150e-02;6.677549e-02;1.152986e-01;5.135639e-02;1.137470e-01;7.052662e-02;2.341390e-01;7.307916e-02;6.984574e-02;4.485696e-02;3.005604e-02;6.837756e-02
4.962691e-02;7.313969e-02;1.163972e-01;5.545906e-02;8.756985e-02;5.566277e-02;2.321212e-01;7.655230e-02;7.125953e-02;7.036161e-02;4.816908e-02;6.368082e-02
6.706282e-02;8.254064e-02;1.133718e-01;6.563885e-02;9.884139e-02;6.645546e-02;1.259688e-01;8.941717e-02;8.727832e-02;9.173057e-02;4.675509e-02;6.493904e-02
6.278655e-02;6.405999e-02;1.229196e-01;6.698022e-02;9.144634e-02;9.704106e-02;1.060080e-01;7.996434e-02;9.492983e-02;1.147933e-01;4.199146e-02;5.707932e-02
5.852691e-02;2.565971e-02;1.120001e-01;3.972581e-02;5.289124e-02;1.123710e-01;2.722172e-01;5.270017e-02;7.180129e-02;1.089816e-01;5.144664e-02;4.167835e-02
4.962326e-02;4.298965e-02;1.048707e-01;2.940598e-02;5.229548e-02;6.426768e-02;4.215074e-01;4.751305e-02;5.169365e-02;6.864994e-02;4.480599e-02;2.237716e-02
3.653156e-02;4.425822e-02;6.205983e-02;2.743137e-02;6.014224e-02;6.483065e-02;5.192233e-01;4.993302e-02;4.634217e-02;5.070174e-02;2.534018e-02;1.320568e-02
3.912053e-02;3.648004e-02;4.233885e-02;3.075647e-02;9.839047e-02;9.058761e-02;4.845358e-01;5.510816e-02;4.695820e-02;4.488607e-02;1.252079e-02;1.831701e-02
3.544559e-02;2.978028e-02;1.387489e-01;4.285191e-02;1.404630e-01;8.896748e-02;3.516735e-01;4.095752e-02;4.196635e-02;4.807710e-02;1.426854e-02;2.679981e-02
4.401049e-02;3.817576e-02;2.530692e-01;4.414893e-02;9.835774e-02;4.752474e-02;3.211667e-01;3.779899e-02;3.338799e-02;4.025173e-02;1.886674e-02;2.324093e-02
3.804990e-02;3.938656e-02;2.585166e-01;3.060395e-02;6.515042e-02;3.331000e-02;3.701760e-01;5.685167e-02;2.578602e-02;4.086006e-02;2.420611e-02;1.710265e-02
2.474911e-02;4.175053e-02;1.702387e-01;2.432106e-02;4.347858e-02;4.713145e-02;4.827059e-01;4.955098e-02;3.542193e-02;4.246217e-02;2.479108e-02;1.339843e-02
2.807755e-02;4.123841e-02;1.143942e-01;1.670098e-02;3.469267e-02;4.581447e-02;5.541248e-01;3.648341e-02;3.680116e-02;3.920451e-02;3.419661e-02;1.827119e-02
3.664987e-02;4.561947e-02;1.391728e-01;2.195025e-02;3.960213e-02;6.382608e-02;4.878038e-01;3.587995e-02;4.060687e-02;3.889818e-02;3.155556e-02;1.843497e-02
3.089716e-02;4.732839e-02;1.573057e-01;3.028196e-02;8.006407e-02;8.618354e-02;3.988078e-01;3.941754e-02;4.813515e-02;4.209157e-02;2.413648e-02;1.535059e-02
3.071233e-02;4.376714e-02;7.184646e-02;2.281319e-02;9.458271e-02;8.152919e-02;4.681033e-01;4.985249e-02;5.393592e-02;4.379799e-02;1.780323e-02;2.125605e-02
4.235273e-02;4.284294e-02;7.393660e-02;2.511017e-02;6.818064e-02;5.730151e-02;5.055223e-01;5.936707e-02;4.626758e-02;3.514558e-02;1.878477e-02;2.518816e-02
4.646286e-02;4.576448e-02;6.185526e-02;4.070678e-02;5.715497e-02;6.071091e-02;4.738106e-01;6.605791e-02;4.896521e-02;3.630010e-02;3.619313e-02;2.601783e-02
3.758008e-02;3.567909e-02;7.191843e-02;5.627667e-02;1.152229e-01;1.005473e-01;3.425590e-01;6.489819e-02;6.056998e-02;6.295424e-02;3.193367e-02;1.986042e-02
2.458202e-02;3.299086e-02;1.245911e-01;2.576541e-02;1.077120e-01;8.336186e-02;3.683993e-01;5.149248e-02;8.265973e-02;4.603898e-02;3.325260e-02;1.915363e-02
2.932058e-02;1.803820e-02;1.686164e-01;2.846632e-02;9.427051e-02;6.632538e-02;3.773202e-01;3.764455e-02;7.456717e-02;5.517799e-02;3.127522e-02;1.897754e-02
5.048618e-02;1.993630e-02;1.630125e-01;3.627343e-02;8.892544e-02;6.798310e-02;3.278317e-01;3.480975e-02;8.841507e-02;6.776657e-02;2.672260e-02;2.783723e-02
7.054312e-02;3.932049e-02;8.279114e-02;3.538512e-02;8.879676e-02;6.439043e-02;2.704578e-01;4.416263e-02;1.114062e-01;8.048984e-02;3.903809e-02;7.321832e-02
7.536308e-02;1.098026e-01;1.459519e-01;1.604295e-01;1.256876e-01;6.115909e-02;9.821684e-02;3.964430e-02;2.003382e-02;4.387747e-02;6.229209e-02;5.754169e-02
7.789854e-02;1.154048e-01;1.584787e-01;1.760222e-01;1.154675e-01;7.826625e-02;6.907397e-02;3.245183e-02;2.065293e-02;3.955061e-02;6.119608e-02;5.553666e-02
8.265354e-02;1.072015e-01;1.504908e-01;1.793042e-01;1.090137e-01;9.033108e-02;6.942245e-02;3.456533e-02;1.771949e-02;4.852693e-02;5.910542e-02;5.166560e-02
9.078833e-02;7.905539e-02;1.387627e-01;1.227410e-01;1.134713e-01;8.389349e-02;1.570464e-01;3.920265e-02;2.786764e-02;7.155906e-02;4.752119e-02;2.809078e-02
1.030111e-01;9.042301e-02;8.436868e-02;1.151654e-01;1.104857e-01;6.100387e-02;2.566874e-01;3.070414e-02;3.310858e-02;6.703590e-02;2.976034e-02;1.824599e-02
1.249883e-01;9.188091e-02;5.824893e-02;1.406071e-01;1.114197e-01;6.010078e-02;2.499979e-01;2.368250e-02;2.884167e-02;5.715954e-02;1.971118e-02;3.336143e-02
1.053601e-01;7.858206e-02;1.195646e-01;1.168929e-01;1.335892e-01;6.461942e-02;1.849636e-01;2.352009e-02;4.383551e-02;5.171429e-02;2.117818e-02;5.618002e-02
1.201261e-01;7.264224e-02;9.318645e-02;1.013086e-01;1.309524e-01;7.823042e-02;1.891163e-01;2.813565e-02;5.543667e-02;5.155874e-02;1.345370e-02;6.585275e-02
1.481309e-01;7.690562e-02;4.002003e-02;7.915795e-02;1.232736e-01;8.550097e-02;2.552620e-01;2.909250e-02;4.662922e-02;5.833919e-02;1.545735e-02;4.223062e-02
1.051480e-01;9.678927e-02;5.096358e-02;5.620601e-02;8.601677e-02;9.418306e-02;3.423720e-01;3.474172e-02;4.010341e-02;4.978230e-02;1.981778e-02;2.387602e-02
4.166299e-02;9.920249e-02;7.730389e-02;2.350525e-02;8.495243e-02;1.097680e-01;4.169606e-01;4.033045e-02;3.655683e-02;3.639112e-02;2.180976e-02;1.155615e-02
3.481308e-02;8.159555e-02;1.194596e-01;3.260069e-02;8.758894e-02;7.183195e-02;4.339794e-01;5.363491e-02;2.894337e-02;2.735527e-02;1.853286e-02;9.664386e-03
2.898486e-02;5.756633e-02;1.817234e-01;3.720860e-02;4.034158e-02;2.809549e-02;3.879957e-01;9.346389e-02;5.400052e-02;6.186958e-02;1.053333e-02;1.821674e-02
1.535279e-02;3.683344e-02;1.923474e-01;2.949168e-02;1.414034e-02;6.022328e-02;3.296384e-01;1.137724e-01;7.932655e-02;9.178413e-02;7.046680e-03;3.004293e-02
1.251140e-02;2.877409e-02;1.677112e-01;3.354083e-02;2.962064e-02;1.334742e-01;2.915046e-01;1.002309e-01;8.117477e-02;7.924365e-02;8.948797e-03;3.326492e-02
1.533012e-02;3.023332e-02;1.195007e-01;7.538868e-02;7.757209e-02;1.610590e-01;2.478034e-01;6.828591e-02;8.897798e-02;7.845487e-02;1.782782e-02;1.956613e-02
3.980367e-02;2.317276e-02;8.157697e-02;1.391048e-01;1.008624e-01;9.171847e-02;1.604407e-01;6.185898e-02;1.333797e-01;1.257179e-01;3.512251e-02;7.241186e-03
6.213292e-02;1.857108e-02;1.010211e-01;1.777041e-01;1.009064e-01;3.720058e-02;9.534937e-02;5.843424e-02;1.425151e-01;1.557505e-01;4.367273e-02;6.741875e-03
6.550723e-02;2.619853e-02;1.180461e-01;1.952218e-01;1.006927e-01;4.184214e-02;7.999022e-02;4.087715e-02;1.181501e-01;1.563561e-01;4.715396e-02;9.963876e-03
6.142191e-02;4.741929e-02;1.585511e-01;1.740213e-01;8.843872e-02;4.916387e-02;7.984620e-02;2.995158e-02;9.567969e-02;1.532350e-01;5.008283e-02;1.218854e-02
5.009183e-02;7.108922e-02;1.980598e-01;1.124014e-01;7.978821e-02;5.106495e-02;4.389953e-02;3.447949e-02;9.243748e-02;1.846194e-01;6.436682e-02;1.770184e-02
8.216234e-02;7.781252e-02;1.969522e-01;8.376692e-02;6.338056e-02;3.438828e-02;8.769965e-02;3.164840e-02;9.304347e-02;1.421184e-01;6.992009e-02;3.710719e-02
1.148249e-01;8.468014e-02;1.750215e-01;9.032966e-02;5.103777e-02;2.576962e-02;1.305321e-01;3.755452e-02;9.392160e-02;8.666390e-02;6.077519e-02;4.888917e-02
1.128102e-01;7.046004e-02;1.452241e-01;1.330815e-01;7.145226e-02;3.117744e-02;1.188024e-01;4.236615e-02;8.834215e-02;9.209967e-02;5.153844e-02;4.264565e-02
7.778515e-02;6.962248e-02;1.311926e-01;1.769041e-01;1.036629e-01;3.689346e-02;1.268636e-01;4.807837e-02;7.472312e-02;8.833813e-02;2.607694e-02;3.985922e-02
7.010034e-02;5.757789e-02;1.227653e-01;1.638033e-01;9.023306e-02;4.489139e-02;1.429829e-01;4.007306e-02;5.527136e-02;9.937415e-02;3.968645e-02;7.324086e-02
1.021629e-01;5.991776e-02;1.170073e-01;1.059503e-01;6.482399e-02;6.981030e-02;1.468241e-01;5.390061e-02;4.138751e-02;9.876703e-02;5.279594e-02;8.665220e-02
1.291695e-01;7.302710e-02;8.982836e-02;7.504898e-02;8.301225e-02;6.860087e-02;9.525542e-02;8.089574e-02;5.680016e-02;1.161763e-01;6.712745e-02;6.505778e-02
1.534623e-01;9.230259e-02;1.167666e-01;7.019444e-02;8.665364e-02;7.163102e-02;6.257419e-02;7.586199e-02;6.288740e-02;9.421322e-02;5.764874e-02;5.580379e-02
1.231453e-01;8.538576e-02;1.330236e-01;6.737810e-02;7.872836e-02;6.816173e-02;1.145444e-01;7.506360e-02;4.453892e-02;8.151948e-02;6.806394e-02;6.044683e-02
8.403151e-02;1.129357e-01;1.412934e-01;5.441359e-02;6.490220e-02;8.052394e-02;1.251534e-01;7.868082e-02;4.359589e-02;8.721957e-02;6.780445e-02;5.944555e-02
9.262256e-02;1.284125e-01;1.235264e-01;5.964464e-02;6.716693e-02;6.320460e-02;1.009722e-01;9.260552e-02;6.631313e-02;7.602058e-02;5.350436e-02;7.600669e-02
1.553597e-01;9.535360e-02;6.933228e-02;8.435467e-02;8.463348e-02;4.717095e-02;1.313027e-01;8.553766e-02;6.670500e-02;6.250775e-02;4.552647e-02;7.221564e-02
1.556331e-01;5.789731e-02;9.984824e-02;6.611183e-02;9.333779e-02;9.576602e-02;1.268426e-01;5.206431e-02;6.993867e-02;7.783088e-02;6.363939e-02;4.108992e-02
7.148528e-02;5.821430e-02;1.026027e-01;8.437756e-02;1.022703e-01;1.093277e-01;1.099478e-01;5.845208e-02;8.677352e-02;9.935218e-02;7.698162e-02;4.021501e-02
6.623662e-02;6.293575e-02;1.069361e-01;8.777712e-02;9.417857e-02;8.193083e-02;9.210015e-02;6.702026e-02;7.582714e-02;1.325357e-01;7.552336e-02;5.699837e-02
6.820374e-02;6.981067e-02;1.118070e-01;6.080496e-02;8.360808e-02;8.958489e-02;9.678262e-02;1.058529e-01;5.908189e-02;1.292373e-01;5.487527e-02;7.035068e-02
1.073078e-01;5.525791e-02;1.188013e-01;9.138300e-02;8.399265e-02;9.487818e-02;1.070247e-01;1.079540e-01;4.645806e-02;9.601121e-02;4.546671e-02;4.546441e-02
1.481572e-01;6.969831e-02;1.286290e-01;1.065226e-01;8.079253e-02;8.982716e-02;1.027793e-01;7.669637e-02;5.161874e-02;8.184527e-02;3.371358e-02;2.971982e-02
1.660822e-01;1.632865e-01;1.293192e-01;1.141013e-01;6.865918e-02;6.542940e-02;5.822994e-02;4.214581e-02;6.944657e-02;8.339808e-02;2.353654e-02;1.636528e-02
1.035837e-01;1.713411e-01;1.191159e-01;1.015268e-01;6.635564e-02;8.110825e-02;5.304453e-02;4.937097e-02;7.724588e-02;1.007238e-01;2.682040e-02;4.976293e-02
7.348990e-02;9.361193e-02;1.708764e-01;8.447947e-02;7.269257e-02;6.314447e-02;8.864903e-02;7.025337e-02;8.153461e-02;1.061062e-01;4.178793e-02;5.337416e-02
1.016903e-01;6.050751e-02;1.685985e-01;7.809746e-02;9.351663e-02;5.194239e-02;9.049511e-02;6.478088e-02;9.733361e-02;9.841228e-02;5.853879e-02;3.608640e-02
1.055550e-01;7.924987e-02;1.498355e-01;6.784828e-02;1.097097e-01;5.524943e-02;1.263902e-01;5.211836e-02;6.690674e-02;8.293551e-02;6.063993e-02;4.356138e-02
1.079540e-01;9.091412e-02;1.311042e-01;7.228833e-02;1.000300e-01;7.232296e-02;1.107439e-01;3.968876e-02;6.995268e-02;8.903490e-02;5.634823e-02;5.961787e-02
1.027319e-01;7.674418e-02;9.734873e-02;7.179701e-02;1.018381e-01;6.516974e-02;1.031277e-01;5.896968e-02;9.675144e-02;9.541758e-02;6.870341e-02;6.140060e-02
1.153176e-01;7.085845e-02;1.409169e-01;5.009336e-02;1.054691e-01;8.198107e-02;1.001695e-01;4.066250e-02;8.795909e-02;8.045300e-02;7.182190e-02;5.429744e-02
1.317884e-01;6.609353e-02;1.427456e-01;4.154559e-02;9.343506e-02;6.771625e-02;1.269239e-01;4.248649e-02;6.410518e-02;8.672434e-02;7.229245e-02;6.414320e-02
9.945376e-02;5.548904e-02;7.040501e-02;3.658421e-02;6.466562e-02;5.353780e-02;1.506197e-01;9.860354e-02;8.741121e-02;1.054461e-01;7.861219e-02;9.917188e-02
1.229179e-01;6.917324e-02;7.836697e-02;5.085470e-02;7.914435e-02;6.022461e-02;1.021787e-01;1.223473e-01;8.139795e-02;7.574426e-02;7.802163e-02;7.962842e-02
1.015049e-01;8.609177e-02;9.805208e-02;8.443484e-02;9.622955e-02;7.347992e-02;6.477869e-02;7.794301e-02;9.118816e-02;7.293817e-02;8.372398e-02;6.963492e-02
8.513097e-02;8.572645e-02;1.014993e-01;9.521483e-02;9.414240e-02;6.919798e-02;6.794380e-02;7.012957e-02;9.264343e-02;8.438700e-02;8.449320e-02;6.949105e-02
7.988814e-02;9.252490e-02;9.645703e-02;1.083896e-01;8.116411e-02;4.874036e-02;8.162420e-02;7.400392e-02;9.403798e-02;1.024218e-01;7.784735e-02;6.290054e-02
4.909178e-02;1.034896e-01;8.240969e-02;1.094888e-01;6.545149e-02;7.517762e-02;8.561224e-02;6.934307e-02;1.135097e-01;1.461537e-01;5.675425e-02;4.351807e-02
4.459230e-02;7.776054e-02;9.536287e-02;9.936140e-02;6.407513e-02;1.186108e-01;9.103616e-02;4.744072e-02;1.359774e-01;1.385226e-01;4.472250e-02;4.253750e-02
5.068561e-02;8.716439e-02;1.123577e-01;9.327996e-02;6.906406e-02;1.139252e-01;1.361257e-01;3.829227e-02;1.210172e-01;1.182678e-01;3.810637e-02;2.171372e-02
7.613358e-02;8.820363e-02;1.218400e-01;7.006007e-02;1.014741e-01;9.959466e-02;1.704414e-01;2.678957e-02;7.441188e-02;1.175488e-01;3.363295e-02;1.986935e-02
8.530335e-02;7.324658e-02;1.053987e-01;3.329974e-02;1.009411e-01;8.918294e-02;2.460987e-01;3.000236e-02;7.800277e-02;1.183649e-01;2.605514e-02;1.410380e-02
7.936178e-02;5.602638e-02;1.136383e-01;3.789923e-02;8.293861e-02;8.074362e-02;3.390222e-01;3.114862e-02;5.618900e-02;8.525816e-02;2.382585e-02;1.394822e-02
6.419205e-02;4.311797e-02;1.406676e-01;3.719322e-02;6.552327e-02;6.437322e-02;3.813972e-01;3.326903e-02;3.941857e-02;6.578819e-02;3.623702e-02;2.882263e-02
3.789158e-02;3.054765e-02;1.301547e-01;3.696169e-02;6.154561e-02;5.983452e-02;3.750135e-01;5.148040e-02;6.232861e-02;7.624843e-02;3.595225e-02;4.204100e-02
5.131869e-02;2.794927e-02;9.432840e-02;4.992951e-02;5.617239e-02;4.411380e-02;2.837814e-01;6.551018e-02;9.575927e-02;1.240567e-01;5.336893e-02;5.371139e-02
9.838284e-02;2.753546e-02;6.128055e-02;7.694577e-02;4.792900e-02;1.955271e-02;1.405599e-01;8.509685e-02;1.196302e-01;2.004306e-01;9.106796e-02;3.158830e-02
1.084110e-01;2.021409e-02;5.074831e-02;8.402446e-02;4.424693e-02;1.943825e-02;1.449786e-01;6.609888e-02;1.216592e-01;2.254044e-01;9.498175e-02;1.979418e-02
1.149145e-01;1.012393e-02;6.864880e-02;8.352450e-02;4.140456e-02;2.451780e-02;1.461347e-01;4.945287e-02;1.258190e-01;2.156115e-01;9.869832e-02;2.114944e-02
1.101436e-01;1.171623e-02;6.672727e-02;7.982086e-02;4.403081e-02;2.470679e-02;1.784687e-01;7.191035e-02;1.155802e-01;1.770621e-01;9.046338e-02;2.936976e-02
8.512292e-02;3.117358e-02;1.016071e-01;5.852797e-02;4.497590e-02;3.502421e-02;2.401507e-01;7.979503e-02;8.228810e-02;1.322832e-01;7.908423e-02;2.996705e-02
6.305144e-02;5.033863e-02;1.173559e-01;3.408509e-02;6.894000e-02;7.098289e-02;2.817228e-01;7.642074e-02;5.231005e-02;9.750443e-02;5.965546e-02;2.763255e-02
5.532483e-02;5.698511e-02;1.266259e-01;5.556662e-02;9.820947e-02;7.942976e-02;2.335639e-01;7.589409e-02;6.912623e-02;7.365371e-02;4.701404e-02;2.860645e-02
8.102377e-02;9.872103e-02;1.123737e-01;8.384857e-02;8.934986e-02;6.909526e-02;1.068202e-01;6.525386e-02;8.528781e-02;7.839192e-02;7.338646e-02;5.644754e-02
9.076338e-02;1.028365e-01;8.196130e-02;9.254462e-02;8.513106e-02;6.795633e-02;1.174454e-01;8.685867e-02;5.938660e-02;1.025602e-01;5.535183e-02;5.720405e-02
8.327295e-02;7.013732e-02;6.896039e-02;1.060537e-01;9.683420e-02;7.699191e-02;1.122124e-01;1.012249e-01;6.435857e-02;1.244502e-01;3.200823e-02;6.349531e-02
5.809109e-02;3.764967e-02;8.435844e-02;1.507927e-01;9.665874e-02;9.162451e-02;9.116872e-02;7.969559e-02;7.956406e-02;1.329952e-01;3.896539e-02;5.843583e-02
4.747058e-02;4.001246e-02;1.130073e-01;2.649268e-01;1.427626e-01;7.105844e-02;5.539965e-02;5.386396e-02;4.605468e-02;9.210309e-02;3.433099e-02;3.900948e-02
4.754515e-02;4.963752e-02;1.627002e-01;3.071512e-01;1.248232e-01;2.991942e-02;5.844792e-02;5.299401e-02;2.042481e-02;9.096088e-02;2.922473e-02;2.617099e-02
3.718928e-02;8.884636e-02;2.017692e-01;2.633224e-01;1.039523e-01;2.198560e-02;5.666066e-02;4.969363e-02;2.679909e-02;9.045312e-02;3.239737e-02;2.693098e-02
5.144306e-02;1.317726e-01;1.729319e-01;1.778121e-01;8.947431e-02;4.573166e-02;7.501246e-02;6.242602e-02;4.119824e-02;8.493200e-02;3.397339e-02;3.329233e-02
8.536726e-02;1.393203e-01;1.384310e-01;9.258694e-02;7.635849e-02;5.900021e-02;1.185425e-01;9.096338e-02;6.430654e-02;5.408164e-02;4.201882e-02;3.902290e-02
1.061845e-01;8.459349e-02;1.723628e-01;5.358317e-02;1.172863e-01;4.719532e-02;8.895700e-02;9.490681e-02;8.705605e-02;5.139723e-02;4.734822e-02;4.912916e-02
1.064988e-01;9.330052e-02;1.317958e-01;4.759771e-02;1.338308e-01;5.487797e-02;6.801681e-02;9.631744e-02;9.640479e-02;6.943085e-02;4.600336e-02;5.592520e-02
8.448543e-02;1.222092e-01;8.535984e-02;3.947761e-02;1.034618e-01;8.246069e-02;8.841192e-02;6.736300e-02;1.122645e-01;8.977646e-02;4.338201e-02;8.134755e-02
7.681049e-02;9.600608e-02;7.139437e-02;6.465346e-02;9.043186e-02;8.975324e-02;8.806461e-02;5.819478e-02;1.106109e-01;1.461946e-01;3.555544e-02;7.233014e-02
1.037431e-01;9.022998e-02;5.803346e-02;7.734340e-02;8.105633e-02;7.992137e-02;5.535062e-02;9.479273e-02;1.166710e-01;1.607780e-01;2.579151e-02;5.628849e-02
9.818529e-02;8.346677e-02;6.427325e-02;8.936747e-02;6.030283e-02;5.610492e-02;4.966550e-02;1.260507e-01;1.514552e-01;1.189121e-01;4.192634e-02;6.028967e-02
8.890334e-02;9.026195e-02;7.619549e-02;9.072579e-02;4.864923e-02;6.678616e-02;4.620413e-02;1.011541e-01;1.733516e-01;1.277447e-01;4.167796e-02;4.834550e-02
1.132399e-01;9.962526e-02;6.692657e-02;9.007221e-02;4.928151e-02;8.641472e-02;6.802302e-02;9.670682e-02;1.314598e-01;1.191950e-01;3.645593e-02;4.259924e-02
8.251511e-02;8.456260e-02;5.547431e-02;8.838619e-02;6.795076e-02;9.818784e-02;9.025184e-02;1.070659e-01;1.282101e-01;1.171831e-01;3.940959e-02;4.080271e-02
6.601433e-02;1.531649e-01;6.089517e-02;1.243967e-01;8.162174e-02;7.173249e-02;7.464938e-02;9.007771e-02;1.057744e-01;9.501325e-02;4.874292e-02;2.791708e-02
9.990586e-02;1.538230e-01;1.104594e-01;9.489137e-02;7.361210e-02;5.720469e-02;8.857750e-02;9.999364e-02;7.421785e-02;7.003865e-02;4.438747e-02;3.288850e-02
1.105628e-01;1.297227e-01;8.685692e-02;1.329450e-01;7.754289e-02;6.444050e-02;7.930946e-02;8.963561e-02;7.764899e-02;8.153251e-02;3.242456e-02;3.737811e-02
7.211862e-02;1.915377e-01;7.786900e-02;9.721921e-02;8.168723e-02;5.546923e-02;7.428954e-02;7.857984e-02;6.012524e-02;1.189241e-01;4.863087e-02;4.354943e-02
6.612943e-02;1.910744e-01;1.395475e-01;4.321745e-02;7.744784e-02;8.062308e-02;1.104547e-01;5.086141e-02;5.296395e-02;9.276531e-02;4.964539e-02;4.526956e-02
5.492665e-02;1.053821e-01;2.033018e-01;6.343719e-02;7.427479e-02;7.976447e-02;1.322524e-01;4.608398e-02;6.124231e-02;9.140222e-02;5.272465e-02;3.520752e-02
6.502093e-02;7.753840e-02;2.263019e-01;5.972482e-02;5.191257e-02;5.245731e-02;2.111739e-01;4.874848e-02;5.226918e-02;9.366159e-02;4.389866e-02;1.729223e-02
1.023337e-01;1.276943e-01;1.883069e-01;4.473159e-02;4.904572e-02;4.482660e-02;2.364204e-01;3.608892e-02;3.748894e-02;7.318240e-02;2.959873e-02;3.028185e-02
1.537838e-01;1.828941e-01;1.658991e-01;4.587723e-02;6.255722e-02;6.374977e-02;1.904115e-01;1.962288e-02;2.288124e-02;5.401444e-02;1.392561e-02;2.438307e-02
1.893599e-01;1.804602e-01;1.505547e-01;5.160206e-02;9.369595e-02;8.695460e-02;1.096199e-01;1.853403e-02;3.335389e-02;4.851079e-02;1.327919e-02;2.407469e-02
1.871784e-01;1.234472e-01;1.529680e-01;6.110771e-02;1.225406e-01;8.580049e-02;7.448440e-02;1.685159e-02;6.405623e-02;4.075430e-02;2.467613e-02;4.613493e-02
1.939618e-01;9.709769e-02;1.201612e-01;6.955244e-02;1.309146e-01;9.160996e-02;4.598727e-02;2.493933e-02;8.429331e-02;5.276215e-02;2.638931e-02;6.233099e-02
2.246012e-01;7.482813e-02;6.796438e-02;4.599338e-02;9.572787e-02;1.473695e-01;1.324091e-01;3.441441e-02;5.643657e-02;5.665184e-02;2.353835e-02;4.006525e-02
1.850239e-01;5.619593e-02;4.168769e-02;6.533866e-02;8.820537e-02;1.768439e-01;1.980811e-01;3.516584e-02;3.595615e-02;6.556933e-02;1.785918e-02;3.407299e-02
1.091621e-01;1.016759e-01;6.951088e-02;5.890321e-02;5.745105e-02;1.515474e-01;2.663663e-01;4.631219e-02;3.615917e-02;4.917283e-02;2.695142e-02;2.678755e-02
5.672122e-02;1.121561e-01;1.318099e-01;4.207513e-02;6.601593e-02;1.239761e-01;2.652583e-01;7.542226e-02;3.399212e-02;3.477422e-02;3.506531e-02;2.273349e-02
3.270784e-02;8.668249e-02;2.444223e-01;5.540891e-02;5.025500e-02;1.101591e-01;1.795477e-01;1.081627e-01;3.786045e-02;3.513946e-02;2.176526e-02;3.788884e-02
2.835826e-02;5.680671e-02;3.159044e-01;8.456232e-02;5.278461e-02;8.582340e-02;8.882814e-02;1.004034e-01;7.203141e-02;5.137423e-02;2.585742e-02;3.726569e-02
6.462272e-02;2.500717e-02;3.035224e-01;1.473533e-01;5.748455e-02;4.100443e-02;8.229487e-02;5.433731e-02;1.045173e-01;6.234601e-02;4.154069e-02;1.596920e-02
8.034007e-02;3.160767e-02;2.224682e-01;1.492693e-01;7.521869e-02;3.577770e-02;1.378525e-01;4.490187e-02;9.963674e-02;6.405936e-02;4.325989e-02;1.560791e-02
7.797176e-02;3.160180e-02;1.529636e-01;1.281487e-01;1.206377e-01;4.207477e-02;1.857104e-01;5.561090e-02;7.431129e-02;6.205774e-02;4.879018e-02;2.012116e-02
1.005051e-01;7.246742e-02;2.127540e-01;8.697488e-02;1.024906e-01;4.377020e-02;1.447268e-01;6.131087e-02;5.539085e-02;4.910919e-02;4.901442e-02;2.148561e-02
1.051210e-01;1.111814e-01;2.976496e-01;5.533003e-02;5.263595e-02;5.203835e-02;7.498066e-02;5.057681e-02;8.344025e-02;4.931206e-02;4.802647e-02;1.970747e-02
8.607047e-02;1.090270e-01;2.338340e-01;4.278177e-02;3.383655e-02;5.279819e-02;1.871435e-01;6.786346e-02;7.972856e-02;5.264194e-02;4.100045e-02;1.327411e-02
9.263815e-02;7.514294e-02;1.966182e-01;5.515489e-02;5.539022e-02;4.712482e-02;2.351346e-01;8.955419e-02;6.584737e-02;5.190433e-02;2.260600e-02;1.288432e-02
8.903504e-02;2.483500e-02;2.383026e-01;8.817630e-02;5.447058e-02;5.040701e-02;1.971307e-01;1.034664e-01;5.746578e-02;4.922487e-02;2.870774e-02;1.877797e-02
6.415736e-02;5.030941e-02;3.169647e-01;1.005453e-01;4.235414e-02;4.732638e-02;1.420067e-01;1.014029e-01;4.528037e-02;3.621643e-02;2.679830e-02;2.663807e-02
9.017838e-02;6.427336e-02;3.598093e-01;8.285598e-02;4.195230e-02;3.554187e-02;1.060213e-01;9.045240e-02;4.470627e-02;4.018019e-02;3.066748e-02;1.336121e-02
9.919561e-02;6.294615e-02;2.432001e-01;7.582901e-02;4.362417e-02;2.963623e-02;1.366812e-01;7.646320e-02;5.974440e-02;5.827753e-02;3.721811e-02;7.718429e-02
1.060624e-01;6.507107e-02;1.475078e-01;8.388605e-02;8.100957e-02;5.469484e-02;9.249142e-02;6.872265e-02;8.579838e-02;5.983277e-02;4.630955e-02;1.086134e-01
1.130586e-01;5.871042e-02;1.499744e-01;8.229107e-02;1.021789e-01;7.218541e-02;5.122479e-02;7.812797e-02;8.166073e-02;6.384830e-02;3.646884e-02;1.102706e-01
9.131642e-02;3.475634e-02;1.533758e-01;9.661148e-02;1.100366e-01;7.823739e-02;7.398743e-02;5.440223e-02;7.850855e-02;9.645060e-02;5.458632e-02;7.773083e-02
6.377973e-02;5.097861e-02;1.413812e-01;9.503265e-02;9.246333e-02;5.175103e-02;1.709038e-01;3.308193e-02;8.240941e-02;1.083581e-01;6.884378e-02;4.101653e-02
5.731497e-02;7.001009e-02;1.401523e-01;6.375726e-02;7.317554e-02;3.980064e-02;2.833400e-01;4.948373e-02;6.277613e-02;8.336180e-02;5.150417e-02;2.532334e-02
3.645074e-02;8.156686e-02;9.717838e-02;4.904904e-02;6.210215e-02;4.298474e-02;3.982284e-01;5.391902e-02;5.549299e-02;6.709399e-02;3.980125e-02;1.613242e-02
2.109205e-02;8.707140e-02;5.952368e-02;2.704241e-02;5.628163e-02;4.023406e-02;5.054291e-01;4.233214e-02;5.445631e-02;4.953676e-02;4.642430e-02;1.057611e-02
1.942656e-02;8.695091e-02;7.122548e-02;1.437725e-02;5.271459e-02;3.773817e-02;5.438543e-01;2.769791e-02;5.061604e-02;3.668720e-02;4.975474e-02;8.956852e-03
2.902731e-02;9.843387e-02;5.377818e-02;8.758760e-03;5.276095e-02;4.574052e-02;5.392305e-01;2.391532e-02;5.168592e-02;3.363541e-02;4.979150e-02;1.324173e-02
3.009320e-02;9.659472e-02;5.402417e-02;1.112260e-02;6.465126e-02;4.665211e-02;5.049344e-01;2.763512e-02;5.553461e-02;3.893653e-02;5.873827e-02;1.108295e-02
4.614479e-02;4.988798e-02;1.190280e-01;3.005690e-02;8.699030e-02;3.791272e-02;3.870922e-01;4.809856e-02;5.347986e-02;4.973453e-02;6.455262e-02;2.702154e-02
5.109375e-02;6.141708e-02;1.789170e-01;3.527766e-02;8.704202e-02;2.148220e-02;3.133036e-01;6.490615e-02;4.478800e-02;4.975737e-02;5.368928e-02;3.832589e-02
3.744721e-02;8.771349e-02;2.288996e-01;2.787453e-02;7.217140e-02;1.682213e-02;3.147465e-01;7.326258e-02;4.152580e-02;3.101699e-02;3.379395e-02;3.472584e-02
2.693848e-02;1.250858e-01;2.805637e-01;2.439492e-02;3.717087e-02;1.415258e-02;2.776323e-01;9.883036e-02;3.616599e-02;2.191532e-02;2.182662e-02;3.532320e-02
3.028499e-02;1.355754e-01;2.993031e-01;1.765390e-02;1.622029e-02;1.029432e-02;2.596824e-01;1.136376e-01;2.818350e-02;2.611890e-02;2.138584e-02;4.165982e-02
2.866122e-02;1.205780e-01;2.650264e-01;1.254039e-02;1.727811e-02;9.188930e-03;2.958812e-01;1.103427e-01;1.837892e-02;2.229712e-02;5.973663e-02;4.009026e-02
2.618331e-02;1.338383e-01;1.955304e-01;9.501962e-03;1.842723e-02;1.446579e-02;3.595892e-01;8.978643e-02;1.588163e-02;1.848294e-02;9.587497e-02;2.243789e-02
5.411471e-02;1.532185e-01;1.203854e-01;6.220396e-03;2.186707e-02;2.674786e-02;3.967150e-01;5.489207e-02;1.658290e-02;1.799443e-02;1.199628e-01;1.129888e-02
1.097641e-01;1.548414e-01;5.188031e-02;9.603287e-03;2.957368e-02;4.320707e-02;3.765179e-01;2.422504e-02;1.371264e-02;3.591254e-02;1.281396e-01;2.262237e-02
1.822312e-01;1.585488e-01;1.728429e-02;1.833227e-02;3.989138e-02;6.232983e-02;3.165250e-01;1.010414e-02;1.228590e-02;7.329945e-02;8.336437e-02;2.580332e-02
2.362254e-01;1.294892e-01;4.323554e-02;2.349400e-02;5.726187e-02;7.348153e-02;2.724917e-01;1.124828e-02;1.682580e-02;8.777645e-02;2.733383e-02;2.113642e-02
2.585671e-01;5.389735e-02;7.691990e-02;3.610323e-02;7.538411e-02;7.218034e-02;2.356878e-01;1.475433e-02;3.807967e-02;6.451179e-02;3.762816e-02;3.628628e-02
2.492584e-01;6.973358e-02;1.240578e-01;4.567400e-02;9.394789e-02;5.928398e-02;1.510573e-01;2.635683e-02;5.568073e-02;2.600265e-02;2.589252e-02;7.305433e-02
2.009874e-01;6.724910e-02;1.620438e-01;4.693590e-02;1.203870e-01;5.312695e-02;8.406339e-02;4.330736e-02;6.096942e-02;2.422697e-02;3.475820e-02;1.019445e-01
1.233587e-01;7.522896e-02;1.489419e-01;6.059138e-02;1.357947e-01;5.345725e-02;8.760167e-02;3.442697e-02;4.347519e-02;4.552871e-02;9.882592e-02;9.276867e-02
4.574263e-02;1.176967e-01;1.586322e-01;8.828602e-02;1.064587e-01;5.019162e-02;7.639001e-02;6.089397e-02;4.596831e-02;8.015681e-02;1.315566e-01;3.802635e-02
4.641655e-02;1.000095e-01;1.953132e-01;7.557985e-02;6.884365e-02;4.230839e-02;1.118655e-01;8.137083e-02;6.420961e-02;8.019613e-02;7.553778e-02;5.834900e-02
7.050278e-02;6.379832e-02;2.248443e-01;5.863506e-02;6.783760e-02;3.134644e-02;1.150437e-01;7.343097e-02;8.035345e-02;9.518187e-02;4.499604e-02;7.402947e-02
6.407182e-02;5.519713e-02;2.221592e-01;9.017944e-02;7.674196e-02;3.768420e-02;1.117881e-01;6.562737e-02;6.424709e-02;9.662160e-02;5.414039e-02;6.154162e-02
2.445387e-02;7.014468e-02;2.149949e-01;1.641835e-01;9.553894e-02;4.470738e-02;6.259042e-02;4.912511e-02;6.875533e-02;8.991619e-02;5.855067e-02;5.703903e-02
8.254600e-02;7.004653e-02;1.436589e-01;1.176161e-01;1.125993e-01;6.538262e-02;9.838215e-02;4.931391e-02;5.657389e-02;6.472343e-02;5.010656e-02;8.905049e-02
1.491879e-01;7.823055e-02;9.145248e-02;5.566765e-02;1.362525e-01;8.610670e-02;1.659615e-01;5.078198e-02;4.040765e-02;4.563413e-02;3.510829e-02;6.520860e-02
1.756169e-01;8.904513e-02;5.133687e-02;4.668998e-02;1.420683e-01;1.008123e-01;2.203632e-01;5.171139e-02;3.072761e-02;3.447169e-02;1.917498e-02;3.798166e-02
1.659325e-01;1.132497e-01;4.017339e-02;6.016904e-02;1.122946e-01;9.283641e-02;2.919376e-01;3.860576e-02;2.134788e-02;3.036467e-02;1.051743e-02;2.257094e-02
1.189597e-01;1.471414e-01;5.681859e-02;4.360266e-02;6.686975e-02;7.244709e-02;4.044688e-01;2.192540e-02;2.175791e-02;2.482303e-02;9.770436e-03;1.141522e-02
7.263566e-02;1.473660e-01;5.679108e-02;1.835785e-02;4.991177e-02;7.829087e-02;4.468390e-01;3.471957e-02;3.263230e-02;3.713644e-02;1.932115e-02;5.998296e-03
4.301906e-02;1.318043e-01;8.442335e-02;1.054353e-02;6.042393e-02;8.091729e-02;4.448296e-01;4.588799e-02;2.922035e-02;3.658213e-02;2.729502e-02;5.053461e-03
3.333824e-02;1.159173e-01;1.465761e-01;1.538790e-02;6.146210e-02;6.078816e-02;4.146477e-01;6.287187e-02;2.291105e-02;3.005057e-02;2.436749e-02;1.168147e-02
2.555500e-02;9.146836e-02;2.169670e-01;2.235060e-02;3.513708e-02;3.393569e-02;3.607303e-01;9.397683e-02;3.314590e-02;5.107714e-02;1.514327e-02;2.051278e-02
9.774547e-03;7.575155e-02;2.322425e-01;3.754056e-02;2.549149e-02;4.654221e-02;3.105829e-01;1.010643e-01;4.607140e-02;7.240229e-02;1.627222e-02;2.626407e-02
4.413485e-02;8.151148e-02;2.016455e-01;4.902723e-02;3.881564e-02;5.015592e-02;2.679721e-01;8.267578e-02;5.145459e-02;7.843666e-02;2.633779e-02;2.783249e-02
4.017546e-02;8.776871e-02;1.552408e-01;4.617286e-02;4.311532e-02;3.878160e-02;2.996381e-01;7.128984e-02;6.327170e-02;9.028411e-02;3.960125e-02;2.466037e-02
1.762970e-02;8.381514e-02;1.331525e-01;2.923156e-02;3.547117e-02;2.927448e-02;4.211343e-01;6.331240e-02;5.678657e-02;7.814813e-02;3.545910e-02;1.658501e-02
5.172966e-02;9.372872e-02;1.097030e-01;2.498538e-02;4.339716e-02;3.611479e-02;4.360197e-01;5.693904e-02;4.407599e-02;5.572809e-02;3.755402e-02;1.002443e-02
7.398542e-02;1.081537e-01;1.332402e-01;3.563892e-02;7.104076e-02;5.449882e-02;3.314975e-01;5.338250e-02;4.117293e-02;3.595723e-02;3.519903e-02;2.623304e-02
5.740497e-02;1.282038e-01;2.629644e-01;4.953163e-02;1.177906e-01;7.139245e-02;6.813278e-02;8.332734e-02;5.177268e-02;4.369813e-02;2.869154e-02;3.708979e-02
5.913320e-02;1.184078e-01;1.848653e-01;5.523774e-02;7.790049e-02;5.482381e-02;2.189703e-01;7.876382e-02;5.283812e-02;5.290682e-02;1.877810e-02;2.737458e-02
7.312009e-02;1.395476e-01;1.442914e-01;9.625148e-02;6.739724e-02;5.854617e-02;1.555322e-01;7.441176e-02;6.292636e-02;6.805244e-02;2.621080e-02;3.371241e-02
8.072245e-02;1.367052e-01;1.559657e-01;1.268764e-01;5.732180e-02;4.932824e-02;1.307269e-01;6.234928e-02;6.081825e-02;7.494199e-02;3.445510e-02;2.978869e-02
5.462233e-02;9.666053e-02;1.335027e-01;1.375559e-01;7.170143e-02;4.054351e-02;1.823826e-01;4.988484e-02;5.583799e-02;9.094254e-02;5.468111e-02;3.168455e-02
4.451032e-02;4.944926e-02;1.345850e-01;6.826939e-02;7.902657e-02;4.491125e-02;2.642850e-01;5.806582e-02;5.192184e-02;1.258623e-01;4.786595e-02;3.124731e-02
3.321384e-02;4.036794e-02;1.227790e-01;2.311147e-02;6.669756e-02;4.100393e-02;3.669027e-01;7.213078e-02;5.459668e-02;1.225059e-01;3.423331e-02;2.245690e-02
6.434927e-02;5.951461e-02;8.111694e-02;3.130170e-02;7.808028e-02;4.597759e-02;4.226393e-01;5.520295e-02;4.412969e-02;6.832559e-02;3.634165e-02;1.302045e-02
7.994428e-02;7.676214e-02;7.334062e-02;5.985929e-02;9.122093e-02;7.425994e-02;3.145503e-01;3.149572e-02;6.446503e-02;8.085239e-02;3.113461e-02;2.211479e-02
7.466260e-02;6.379092e-02;1.007959e-01;9.925902e-02;1.381980e-01;7.770178e-02;1.473594e-01;2.973386e-02;9.030929e-02;1.179231e-01;3.232247e-02;2.794366e-02
5.863711e-02;4.607762e-02;8.765596e-02;9.584602e-02;1.947050e-01;1.431200e-01;1.402985e-01;3.439604e-02;7.805272e-02;6.995893e-02;2.739180e-02;2.386031e-02
4.869087e-02;3.599858e-02;7.249824e-02;6.113626e-02;2.660955e-01;1.727256e-01;1.460031e-01;3.522297e-02;6.568252e-02;4.891539e-02;2.788406e-02;1.914687e-02
2.757440e-02;3.205357e-02;7.012209e-02;5.110632e-02;2.786347e-01;1.703513e-01;1.658618e-01;3.748425e-02;6.394425e-02;6.140278e-02;2.126510e-02;2.019944e-02
3.293085e-02;4.363395e-02;6.583192e-02;8.378316e-02;2.015874e-01;1.748404e-01;1.558119e-01;3.126533e-02;8.017129e-02;7.787771e-02;1.742491e-02;3.484119e-02
5.101817e-02;5.905586e-02;8.163860e-02;6.566100e-02;1.849629e-01;1.370470e-01;1.212488e-01;4.879543e-02;8.427716e-02;9.069292e-02;2.142208e-02;5.418005e-02
5.139116e-02;5.189420e-02;5.911453e-02;5.886161e-02;1.208636e-01;1.458205e-01;8.007604e-02;4.048876e-02;1.157211e-01;1.761639e-01;4.220603e-02;5.739857e-02
4.505778e-02;3.949296e-02;6.331678e-02;7.411353e-02;1.409073e-01;1.524064e-01;7.929801e-02;4.242757e-02;8.332007e-02;1.961919e-01;4.162367e-02;4.184404e-02
5.347116e-02;6.478644e-02;1.076440e-01;7.967661e-02;1.562261e-01;1.343886e-01;7.987694e-02;4.098982e-02;5.461952e-02;1.584854e-01;3.067948e-02;3.915597e-02
5.591828e-02;7.444432e-02;1.042628e-01;6.967788e-02;1.052621e-01;1.162140e-01;7.212789e-02;4.487563e-02;8.805750e-02;1.675521e-01;5.265654e-02;4.895090e-02
4.794682e-02;4.260727e-02;1.370277e-01;7.458090e-02;6.916673e-02;7.577130e-02;1.322186e-01;5.934934e-02;9.998496e-02;1.522961e-01;6.471695e-02;4.433328e-02
5.953921e-02;2.764807e-02;9.761513e-02;8.210058e-02;5.451027e-02;3.831068e-02;1.778719e-01;8.809530e-02;1.120168e-01;1.742791e-01;5.857984e-02;2.943307e-02
6.147220e-02;1.055405e-02;4.489658e-02;9.870242e-02;4.170883e-02;2.187962e-02;1.495041e-01;1.378880e-01;1.426392e-01;2.160982e-01;5.941901e-02;1.523789e-02
