2.197306e-01;1.038815e-01;2.117870e-02;1.372704e-02;1.125297e-02;2.990019e-02;8.485625e-02;1.039237e-01;1.455249e-02;3.358816e-02;3.195435e-01;4.386489e-02
2.363881e-01;1.231690e-01;1.977214e-02;9.144365e-03;6.404790e-03;2.385665e-02;1.169475e-01;9.479728e-02;1.454921e-02;3.242975e-02;2.796644e-01;4.287678e-02
3.025620e-01;1.583442e-01;2.846195e-02;6.283043e-03;9.972169e-03;2.891079e-02;1.439709e-01;6.961070e-02;1.574694e-02;3.306629e-02;1.565747e-01;4.649631e-02
2.936273e-01;1.618332e-01;3.099705e-02;1.329682e-02;1.345650e-02;2.392146e-02;1.034321e-01;1.676716e-01;2.051664e-02;3.313717e-02;1.166390e-01;2.147113e-02
1.643949e-01;1.728856e-01;2.131601e-02;1.016199e-02;1.216398e-02;3.338487e-02;2.141694e-01;1.814789e-01;2.603667e-02;2.597760e-02;1.227592e-01;1.527080e-02
1.325393e-01;1.524495e-01;1.277083e-02;8.577600e-03;1.171016e-02;5.029049e-02;2.725779e-01;1.144961e-01;2.333124e-02;1.752681e-02;1.874362e-01;1.629386e-02
1.492988e-01;1.209057e-01;8.913018e-03;8.194543e-03;1.025666e-02;6.242061e-02;3.105853e-01;1.204208e-01;1.646901e-02;2.063162e-02;1.655154e-01;6.388490e-03
1.097063e-01;1.015677e-01;6.587689e-03;5.555764e-03;1.104918e-02;7.363111e-02;4.172406e-01;1.216220e-01;6.296139e-03;2.124749e-02;1.186381e-01;6.857996e-03
6.218839e-02;7.245820e-02;8.859692e-03;3.137509e-03;1.206349e-02;6.203263e-02;5.078731e-01;1.971097e-01;1.133410e-02;1.549419e-02;4.319238e-02;4.256563e-03
7.026245e-02;5.138216e-02;7.147717e-03;6.651671e-03;7.747709e-03;4.245814e-02;5.094836e-01;2.072893e-01;1.286728e-02;8.174503e-03;6.771861e-02;8.816832e-03
6.408625e-02;4.839156e-02;8.413792e-03;1.044952e-02;1.013994e-02;6.015004e-02;5.221921e-01;1.771470e-01;9.730089e-03;1.179049e-02;6.477194e-02;1.273739e-02
4.270072e-02;3.621932e-02;8.069873e-03;1.132284e-02;1.832296e-02;9.550431e-02;5.606752e-01;1.339778e-01;9.698618e-03;1.578812e-02;5.757138e-02;1.014880e-02
6.683358e-02;3.654263e-02;1.050557e-02;1.188578e-02;2.411539e-02;1.132787e-01;5.425546e-01;1.173462e-01;1.061144e-02;1.598212e-02;4.107550e-02;9.268492e-03
6.323459e-02;4.798901e-02;1.626464e-02;1.416423e-02;2.971511e-02;1.155665e-01;5.211971e-01;1.089918e-01;1.249586e-02;1.248551e-02;5.138220e-02;6.513387e-03
4.887040e-02;3.656523e-02;2.596738e-02;2.818077e-02;3.679597e-02;9.010255e-02;4.678100e-01;1.317015e-01;1.688810e-02;1.624433e-02;8.345174e-02;1.742204e-02
1.012892e-01;7.885921e-02;3.155383e-02;3.684848e-02;3.333847e-02;4.978431e-02;2.133386e-01;2.311257e-01;4.193798e-02;6.606068e-02;8.988853e-02;2.597512e-02
9.703497e-02;8.681557e-02;2.267285e-02;3.054895e-02;2.126483e-02;3.814116e-02;2.380522e-01;2.842152e-01;3.791878e-02;5.890699e-02;6.651673e-02;1.791173e-02
6.764818e-02;9.225316e-02;2.795818e-02;2.525770e-02;1.670556e-02;3.324209e-02;2.508004e-01;3.536007e-01;2.970403e-02;4.999383e-02;4.230224e-02;1.053396e-02
4.299048e-02;8.306123e-02;3.705990e-02;3.437358e-02;2.411460e-02;2.278512e-02;2.256320e-01;3.663521e-01;4.930076e-02;5.401048e-02;5.419109e-02;6.128590e-03
4.360223e-02;3.982530e-02;3.931899e-02;5.226787e-02;4.173778e-02;1.991475e-02;1.754730e-01;3.383785e-01;1.144950e-01;5.018227e-02;7.619812e-02;8.606104e-03
3.299710e-02;2.665694e-02;3.925518e-02;6.897774e-02;4.652504e-02;2.094365e-02;1.436888e-01;2.895932e-01;2.230566e-01;2.451987e-02;7.599555e-02;7.790383e-03
1.650573e-02;1.448118e-02;3.133399e-02;8.955304e-02;1.979728e-02;1.932150e-02;1.145016e-01;2.270564e-01;3.566386e-01;3.923230e-02;6.508202e-02;6.496375e-03
3.173292e-02;8.054072e-03;2.276498e-02;1.125384e-01;1.378673e-02;8.864570e-03;8.709911e-02;1.411137e-01;4.457335e-01;7.641467e-02;4.275937e-02;9.137908e-03
5.153048e-02;9.360151e-03;1.530922e-02;1.223709e-01;1.265006e-02;1.031672e-02;8.640423e-02;1.238041e-01;4.471907e-01;8.697213e-02;3.070208e-02;3.389362e-03
7.911780e-02;5.432287e-03;1.334459e-02;1.269127e-01;9.928525e-03;5.299729e-03;7.045184e-02;9.683155e-02;4.435028e-01;9.724364e-02;3.941352e-02;1.252101e-02
1.130500e-01;8.093779e-03;1.420743e-02;1.326023e-01;1.267794e-02;8.497336e-03;6.611695e-02;1.058934e-01;4.073063e-01;7.681548e-02;3.360838e-02;2.113072e-02
1.350305e-01;1.418621e-02;2.068886e-02;1.284250e-01;1.561854e-02;2.133037e-02;6.892247e-02;1.394820e-01;3.139000e-01;5.641579e-02;4.537142e-02;4.062878e-02
1.513405e-01;1.374303e-02;2.384079e-02;1.327283e-01;1.882331e-02;3.498932e-02;7.560875e-02;1.360036e-01;2.683373e-01;5.609457e-02;5.381554e-02;3.467497e-02
1.221626e-01;2.017283e-02;2.321010e-02;9.668691e-02;2.123472e-02;6.069189e-02;7.756428e-02;1.964032e-01;1.970561e-01;5.042100e-02;2.575555e-02;1.086409e-01
1.099828e-01;1.644459e-02;1.919750e-02;7.540647e-02;2.201854e-02;5.893773e-02;6.734341e-02;2.384806e-01;1.734940e-01;4.321400e-02;1.745687e-02;1.580235e-01
1.037388e-01;1.989686e-02;2.125907e-02;5.496782e-02;1.924547e-02;4.965284e-02;7.659563e-02;2.569619e-01;1.746997e-01;2.416852e-02;3.041560e-02;1.683979e-01
9.352849e-02;1.734752e-02;2.142412e-02;6.922785e-02;1.793527e-02;4.090953e-02;7.105340e-02;3.049141e-01;1.660108e-01;2.162831e-02;4.596125e-02;1.300594e-01
5.730673e-02;1.921500e-02;2.237703e-02;6.113933e-02;1.893857e-02;3.652523e-02;8.002290e-02;3.894610e-01;1.229567e-01;3.980053e-02;4.794646e-02;1.043105e-01
3.943464e-02;4.707437e-02;2.906781e-02;4.840093e-02;1.610790e-02;4.646679e-02;1.169659e-01;4.263062e-01;5.208686e-02;5.265818e-02;5.218982e-02;7.324058e-02
6.177365e-02;1.093680e-01;3.466000e-02;3.895659e-02;8.465168e-03;5.670324e-02;1.712432e-01;3.474373e-01;5.936245e-02;4.801153e-02;3.614539e-02;2.787352e-02
9.856480e-02;1.508894e-01;3.663332e-02;3.481839e-02;1.108354e-02;4.707966e-02;2.161075e-01;2.083274e-01;7.323157e-02;2.834787e-02;7.674206e-02;1.817454e-02
8.795746e-02;1.304389e-01;2.849199e-02;4.375952e-02;9.627649e-03;3.396827e-02;2.065908e-01;2.244551e-01;5.707958e-02;2.924036e-02;1.170710e-01;3.131935e-02
9.586332e-02;1.209922e-01;2.539274e-02;5.230116e-02;1.849485e-02;4.929959e-02;1.596493e-01;2.137467e-01;6.737053e-02;3.096167e-02;1.149919e-01;5.093603e-02
8.146039e-02;8.832981e-02;3.646410e-02;6.032217e-02;3.027485e-02;5.136552e-02;1.323631e-01;2.047910e-01;9.806886e-02;5.575056e-02;9.865697e-02;6.215269e-02
8.579656e-02;5.866988e-02;4.100128e-02;6.097136e-02;3.969821e-02;3.773605e-02;1.354413e-01;2.556341e-01;6.977063e-02;5.215439e-02;1.240268e-01;3.909950e-02
3.934248e-02;9.362449e-02;5.532644e-02;4.459288e-02;5.133391e-02;5.115021e-02;1.379443e-01;2.610686e-01;8.414146e-02;9.333856e-02;6.164835e-02;2.648826e-02
5.465578e-02;8.936906e-02;4.957490e-02;6.294996e-02;5.085517e-02;4.596722e-02;1.154269e-01;2.014670e-01;1.077060e-01;7.848945e-02;9.760015e-02;4.593837e-02
7.123092e-02;1.023026e-01;4.819107e-02;6.313010e-02;3.249968e-02;4.120154e-02;1.278178e-01;1.708868e-01;8.553299e-02;7.368766e-02;1.382497e-01;4.526922e-02
8.788761e-02;1.304127e-01;8.517760e-02;4.185953e-02;7.402985e-02;3.538449e-02;1.302355e-01;1.243819e-01;7.147840e-02;9.347183e-02;1.082037e-01;1.747693e-02
8.875093e-02;1.107553e-01;7.829025e-02;7.999406e-02;7.786045e-02;3.643467e-02;1.148543e-01;1.361604e-01;6.754251e-02;8.967394e-02;1.081021e-01;1.158108e-02
8.656514e-02;6.680848e-02;8.163135e-02;1.213255e-01;8.133113e-02;4.505191e-02;1.175086e-01;9.543920e-02;8.036275e-02;8.858341e-02;1.080381e-01;2.735447e-02
8.185793e-02;6.148899e-02;8.648327e-02;9.050298e-02;7.582793e-02;3.346625e-02;1.092244e-01;1.141122e-01;1.184138e-01;9.879679e-02;9.839200e-02;3.143344e-02
7.014909e-02;6.263656e-02;6.447223e-02;3.342982e-02;4.843870e-02;6.592353e-02;1.281491e-01;1.056933e-01;1.208829e-01;1.048852e-01;1.729181e-01;2.242148e-02
7.242095e-02;5.814325e-02;4.016647e-02;3.151443e-02;4.367509e-02;8.931922e-02;1.086398e-01;1.564703e-01;8.781474e-02;6.756831e-02;2.144825e-01;2.978494e-02
8.563481e-02;5.063974e-02;3.597244e-02;2.840212e-02;4.561259e-02;7.102322e-02;9.677252e-02;1.879397e-01;7.834544e-02;5.975309e-02;2.155741e-01;4.433032e-02
8.494143e-02;5.114367e-02;3.972491e-02;4.119786e-02;5.095908e-02;5.059541e-02;1.664949e-01;1.928079e-01;5.933062e-02;6.327777e-02;1.574488e-01;4.207772e-02
1.038022e-01;4.861199e-02;4.694190e-02;5.319687e-02;5.659367e-02;7.616542e-02;1.829274e-01;1.315742e-01;5.029307e-02;7.318259e-02;1.572764e-01;1.943421e-02
9.640983e-02;4.162830e-02;5.687508e-02;5.388023e-02;4.186733e-02;9.845045e-02;1.185854e-01;8.979653e-02;6.486023e-02;8.508009e-02;2.181639e-01;3.440265e-02
6.733684e-02;6.441768e-02;7.129323e-02;5.810693e-02;2.568722e-02;8.945552e-02;1.092726e-01;1.386340e-01;6.526168e-02;1.006155e-01;1.598475e-01;5.007129e-02
1.296066e-01;9.076270e-02;2.862972e-02;2.563652e-02;8.817055e-03;5.967814e-02;1.976729e-01;2.410671e-01;3.525546e-02;4.856751e-02;9.723503e-02;3.707125e-02
8.923658e-02;9.846861e-02;1.553744e-02;1.372945e-02;1.621560e-02;4.272172e-02;2.538591e-01;2.676764e-01;4.065866e-02;3.496914e-02;1.029550e-01;2.397238e-02
4.254029e-02;9.974846e-02;1.727263e-02;6.278791e-03;1.925216e-02;2.768960e-02;3.037249e-01;2.782008e-01;5.229019e-02;3.349784e-02;9.829857e-02;2.120577e-02
3.122089e-02;9.611667e-02;1.450578e-02;1.105754e-02;1.027325e-02;2.936275e-02;3.457968e-01;2.211026e-01;8.116645e-02;2.804165e-02;1.058689e-01;2.548673e-02
2.909772e-02;8.703707e-02;1.391637e-02;5.020827e-03;1.058449e-02;3.729892e-02;3.789528e-01;1.665643e-01;1.248183e-01;1.742444e-02;1.091439e-01;2.014089e-02
3.840523e-02;7.649422e-02;1.544369e-02;1.827693e-02;3.121639e-02;3.871036e-02;3.619688e-01;1.373103e-01;1.540053e-01;1.377920e-02;9.705955e-02;1.733007e-02
5.248140e-02;8.750847e-02;1.894799e-02;3.260734e-02;4.262724e-02;6.614678e-02;3.181089e-01;1.126545e-01;1.315620e-01;2.265046e-02;9.845366e-02;1.625120e-02
7.156514e-02;9.609348e-02;2.478596e-02;7.302511e-02;1.996154e-02;1.048841e-01;3.349643e-01;8.815184e-02;9.180783e-02;3.363427e-02;5.134592e-02;9.780556e-03
8.036198e-02;6.617660e-02;1.946733e-02;9.821094e-02;2.285530e-02;1.046966e-01;3.364798e-01;7.565280e-02;6.106723e-02;3.468924e-02;7.903225e-02;2.130989e-02
8.549850e-02;3.647375e-02;1.461936e-02;6.894402e-02;4.712627e-02;7.806529e-02;3.897229e-01;4.972269e-02;3.737215e-02;4.639142e-02;1.103262e-01;3.573743e-02
9.325124e-02;4.199405e-02;3.021476e-02;4.363742e-02;6.444192e-02;1.036487e-01;3.598506e-01;5.866357e-02;2.836948e-02;5.404766e-02;8.111912e-02;4.076148e-02
1.140253e-01;5.707602e-02;4.095626e-02;1.240378e-01;4.472248e-02;1.050182e-01;3.070000e-01;4.983856e-02;2.760897e-02;4.893328e-02;5.097357e-02;2.980947e-02
8.614800e-02;9.174374e-02;4.113588e-02;1.156399e-01;2.615080e-02;8.213171e-02;3.423300e-01;7.296320e-02;1.662910e-02;3.215141e-02;7.539776e-02;1.757852e-02
4.754747e-02;1.171319e-01;2.870589e-02;6.816519e-02;1.164170e-02;3.970143e-02;3.965463e-01;9.661450e-02;1.347724e-02;2.997437e-02;1.224489e-01;2.804519e-02
1.935763e-02;1.039276e-01;2.458153e-02;3.179129e-02;5.168547e-02;2.959311e-02;3.656991e-01;1.718486e-01;8.075564e-03;1.580353e-02;1.445253e-01;3.311140e-02
1.355328e-02;1.264933e-01;2.869437e-02;1.313754e-02;6.240504e-02;2.397133e-02;3.393436e-01;2.300677e-01;1.119655e-02;1.785763e-02;9.955265e-02;3.372686e-02
2.615942e-02;1.880449e-01;3.808214e-02;1.958318e-02;3.395287e-02;2.062039e-02;3.183490e-01;2.715717e-01;8.424369e-03;1.222724e-02;3.356340e-02;2.942133e-02
3.750248e-02;2.192760e-01;3.778035e-02;1.907214e-02;2.004750e-02;2.330016e-02;3.023097e-01;2.540216e-01;7.452391e-03;8.558154e-03;4.952795e-02;2.115150e-02
2.987289e-02;2.413405e-01;3.907702e-02;1.344253e-02;2.989985e-02;2.368278e-02;3.229299e-01;2.393776e-01;5.665040e-03;3.809324e-03;4.959168e-02;1.310827e-03
2.141637e-02;2.637896e-01;3.442780e-02;1.574259e-02;3.059751e-02;2.204807e-02;3.262582e-01;2.330456e-01;6.700487e-03;6.624981e-03;3.343186e-02;5.916872e-03
2.499802e-02;2.796714e-01;2.564465e-02;1.855789e-02;3.080579e-02;1.986818e-02;3.252975e-01;2.360549e-01;6.953476e-03;7.014485e-03;2.132943e-02;3.804220e-03
5.996067e-02;2.734774e-01;2.226430e-02;1.361836e-02;3.206440e-02;2.325743e-02;3.027412e-01;2.228658e-01;6.044557e-03;7.494219e-03;3.095331e-02;5.258413e-03
8.410127e-02;2.489835e-01;1.200214e-02;1.077804e-02;3.448030e-02;2.766883e-02;3.108839e-01;2.229948e-01;5.641771e-03;7.583666e-03;3.311370e-02;1.768092e-03
5.547054e-02;2.214564e-01;6.743244e-03;9.143697e-03;3.604571e-02;2.909923e-02;3.581046e-01;2.532159e-01;6.101939e-03;6.031799e-03;1.647108e-02;2.115851e-03
2.115560e-02;2.035809e-01;1.102609e-02;1.529120e-02;3.651651e-02;3.025066e-02;3.812692e-01;2.635441e-01;6.344092e-03;4.505818e-03;2.433130e-02;2.184572e-03
2.188708e-02;1.968375e-01;8.120812e-03;1.502240e-02;3.753789e-02;3.233984e-02;3.921853e-01;2.623140e-01;5.653339e-03;4.238492e-03;2.183885e-02;2.024581e-03
2.594605e-02;1.951939e-01;1.005050e-02;1.021973e-02;4.224796e-02;3.489279e-02;3.837622e-01;2.546627e-01;6.629888e-03;4.771410e-03;3.042811e-02;1.194699e-03
2.451196e-02;2.007488e-01;8.848793e-03;9.057278e-03;5.378443e-02;3.210730e-02;3.763781e-01;2.525408e-01;7.553726e-03;3.392945e-03;2.851822e-02;2.557568e-03
1.862725e-02;2.046514e-01;1.012377e-02;3.612349e-03;6.312896e-02;2.868574e-02;3.818756e-01;2.556497e-01;6.056881e-03;3.825391e-03;2.266864e-02;1.094244e-03
1.607832e-02;2.068643e-01;1.047829e-02;8.651158e-03;6.046970e-02;3.306913e-02;3.772796e-01;2.579527e-01;5.429685e-03;3.846721e-03;1.832782e-02;1.552493e-03
2.297414e-02;2.106897e-01;1.003774e-02;5.943839e-03;5.654742e-02;3.395200e-02;3.744105e-01;2.517218e-01;7.333943e-03;4.364995e-03;2.020788e-02;1.816135e-03
3.087697e-02;2.139341e-01;9.383343e-03;6.909915e-03;5.568514e-02;3.372209e-02;3.691125e-01;2.486839e-01;6.375383e-03;4.612341e-03;1.840099e-02;2.303348e-03
1.627285e-02;2.137713e-01;1.083634e-02;5.485323e-03;5.676118e-02;3.677424e-02;3.719283e-01;2.589385e-01;5.140060e-03;3.672549e-03;1.938200e-02;1.037346e-03
1.590808e-02;2.051619e-01;1.190546e-02;5.635465e-03;5.696077e-02;3.900096e-02;3.650945e-01;2.619602e-01;5.849107e-03;3.862668e-03;2.669881e-02;1.961978e-03
1.969889e-02;2.035602e-01;1.226140e-02;9.028139e-03;5.583033e-02;3.317074e-02;3.557003e-01;2.693607e-01;5.768227e-03;3.943972e-03;2.981410e-02;1.863056e-03
1.605085e-02;2.038791e-01;1.192789e-02;9.381957e-03;5.674798e-02;3.353342e-02;3.583395e-01;2.761696e-01;5.224281e-03;5.069898e-03;2.040259e-02;3.272952e-03
1.628019e-02;2.013987e-01;1.340559e-02;8.687938e-03;5.667044e-02;3.148531e-02;3.468427e-01;2.866552e-01;5.100067e-03;4.916879e-03;2.509408e-02;3.462871e-03
1.940673e-02;1.891190e-01;1.668100e-02;1.066357e-02;5.156217e-02;2.209622e-02;3.458125e-01;3.056433e-01;4.395613e-03;5.334274e-03;2.571018e-02;3.575507e-03
6.373924e-03;1.766910e-01;2.118252e-02;1.105186e-02;3.506116e-02;2.406506e-02;3.536251e-01;3.462094e-01;5.227111e-03;4.519414e-03;1.213255e-02;3.860876e-03
2.114327e-02;1.421215e-01;2.932715e-02;1.466161e-02;1.062002e-02;3.115347e-02;3.421369e-01;3.743567e-01;1.017042e-02;5.550117e-03;1.260210e-02;6.156825e-03
2.686687e-02;6.244801e-02;4.404236e-02;2.105999e-02;1.941694e-02;3.774704e-02;3.057905e-01;4.195974e-01;1.383341e-02;1.247548e-02;2.425851e-02;1.246352e-02
1.943505e-02;4.528080e-02;5.733905e-02;2.140930e-02;2.314163e-02;2.353832e-02;2.602768e-01;4.719034e-01;1.995097e-02;2.196776e-02;2.033672e-02;1.542023e-02
9.236222e-03;6.912391e-02;5.865766e-02;1.726067e-02;1.459259e-02;2.498000e-02;2.253180e-01;4.943948e-01;3.012443e-02;3.072379e-02;1.225245e-02;1.333544e-02
1.475508e-02;6.682394e-02;5.666981e-02;1.705927e-02;7.273448e-03;3.072125e-02;2.149276e-01;5.063365e-01;2.687860e-02;3.940986e-02;7.039598e-03;1.210504e-02
1.329502e-02;6.501460e-02;5.934365e-02;1.488783e-02;7.953403e-03;3.410390e-02;1.981854e-01;5.059445e-01;2.939937e-02;4.360303e-02;1.188474e-02;1.638462e-02
1.641298e-02;7.008276e-02;6.541211e-02;1.667873e-02;6.913692e-03;5.013998e-02;1.863459e-01;5.030983e-01;2.178904e-02;3.712089e-02;7.703220e-03;1.830236e-02
1.387555e-02;6.006696e-02;7.046032e-02;1.836613e-02;4.031485e-03;5.922530e-02;1.832299e-01;5.082846e-01;2.745781e-02;2.678184e-02;1.361596e-02;1.460412e-02
1.632340e-02;5.463068e-02;6.840896e-02;1.312498e-02;4.803234e-03;6.218661e-02;1.898108e-01;5.042818e-01;2.606289e-02;3.089633e-02;9.570019e-03;1.990026e-02
1.806337e-02;5.793186e-02;6.698683e-02;1.398477e-02;8.025421e-03;6.674492e-02;1.783511e-01;4.986587e-01;2.495940e-02;3.218517e-02;9.207572e-03;2.490093e-02
9.499419e-03;5.946222e-02;7.054138e-02;1.706623e-02;8.579898e-03;7.419311e-02;1.786319e-01;5.006030e-01;2.642028e-02;1.804883e-02;1.346609e-02;2.348761e-02
9.818559e-03;5.582866e-02;6.863125e-02;1.922091e-02;8.925768e-03;7.996722e-02;1.862088e-01;4.956014e-01;2.110049e-02;1.565448e-02;1.050282e-02;2.853969e-02
1.018275e-02;6.417296e-02;6.935398e-02;1.769873e-02;7.116850e-03;8.249180e-02;1.890265e-01;4.808563e-01;1.864490e-02;2.028511e-02;8.956475e-03;3.121364e-02
1.173068e-02;6.246608e-02;7.361537e-02;2.567985e-02;7.533897e-03;8.275802e-02;1.891148e-01;4.553967e-01;3.171815e-02;1.870890e-02;1.562199e-02;2.565548e-02
1.606608e-02;5.658609e-02;7.627935e-02;3.365242e-02;1.184986e-02;7.982194e-02;1.978866e-01;4.327074e-01;3.843758e-02;1.793527e-02;1.238311e-02;2.639434e-02
1.495893e-02;5.445789e-02;7.268813e-02;2.834125e-02;1.028243e-02;9.640606e-02;2.019713e-01;4.150757e-01;3.377788e-02;1.940308e-02;2.606348e-02;2.657387e-02
1.636942e-02;5.416409e-02;7.083329e-02;2.624266e-02;1.193136e-02;1.121675e-01;1.975892e-01;4.137794e-01;3.032087e-02;2.147808e-02;1.138918e-02;3.373491e-02
2.149260e-02;4.029269e-02;6.145813e-02;2.108450e-02;1.438103e-02;1.223612e-01;2.203164e-01;4.071680e-01;3.068611e-02;1.324579e-02;1.637524e-02;3.113834e-02
1.812546e-02;7.144322e-02;4.753303e-02;1.787917e-02;1.287645e-02;1.061281e-01;2.500912e-01;3.675480e-01;3.146787e-02;1.614073e-02;3.329723e-02;2.746958e-02
3.732773e-02;8.795657e-02;3.318955e-02;1.377362e-02;9.987675e-03;8.047006e-02;2.662138e-01;3.418791e-01;2.840190e-02;1.504146e-02;6.575330e-02;2.000523e-02
3.519125e-02;5.149475e-02;2.275217e-02;1.134992e-02;9.197515e-03;5.657722e-02;2.771390e-01;4.111679e-01;2.507137e-02;1.939925e-02;6.444423e-02;1.621536e-02
1.054249e-02;2.160850e-02;2.096018e-02;1.059438e-02;4.740850e-03;4.040944e-02;3.264339e-01;4.922410e-01;1.957744e-02;2.104019e-02;1.538634e-02;1.646530e-02
1.013851e-02;4.190437e-02;1.395052e-02;8.949953e-03;8.234873e-03;4.016293e-02;3.768113e-01;4.455698e-01;1.538118e-02;1.681006e-02;1.027903e-02;1.180753e-02
2.284761e-02;5.065897e-02;6.557840e-03;8.425387e-03;1.220755e-02;5.243418e-02;4.314488e-01;3.664323e-01;1.209301e-02;1.163455e-02;2.008486e-02;5.174934e-03
2.857812e-02;6.931611e-02;8.226764e-03;6.573786e-03;1.053560e-02;6.117065e-02;4.759141e-01;2.814166e-01;1.099145e-02;1.000172e-02;3.525805e-02;2.017013e-03
2.410643e-02;1.063363e-01;1.375419e-02;6.915330e-03;1.103605e-02;7.080436e-02;5.113585e-01;1.928655e-01;1.477202e-02;2.043055e-02;2.228050e-02;5.340321e-03
1.045180e-01;1.194079e-01;1.171741e-02;9.207687e-03;1.237064e-02;7.448660e-02;4.137973e-01;1.557038e-01;1.509069e-02;2.364141e-02;5.287288e-02;7.185627e-03
1.558445e-01;1.115211e-01;7.786747e-03;1.545897e-02;1.061570e-02;8.616295e-02;3.706038e-01;1.725080e-01;8.074990e-03;2.363571e-02;3.215909e-02;5.628360e-03
1.782004e-01;1.125719e-01;7.495928e-03;2.105078e-02;1.019913e-02;1.011708e-01;3.758832e-01;1.500905e-01;4.517925e-03;2.107539e-02;1.342442e-02;4.319478e-03
2.081335e-01;9.720413e-02;6.019289e-03;2.036877e-02;1.162958e-02;1.082796e-01;3.695055e-01;1.447106e-01;5.996842e-03;1.925954e-02;3.979054e-03;4.913601e-03
2.308723e-01;6.867272e-02;5.885662e-03;1.748506e-02;1.227511e-02;1.214302e-01;3.356689e-01;1.654728e-01;5.680921e-03;2.078941e-02;1.197828e-02;3.788603e-03
2.624102e-01;5.386529e-02;5.570276e-03;1.521830e-02;1.460566e-02;1.424039e-01;2.982010e-01;1.612534e-01;6.829008e-03;2.479060e-02;9.858998e-03;4.993531e-03
2.951152e-01;5.477327e-02;8.131524e-03;1.321109e-02;2.067189e-02;1.669307e-01;2.605778e-01;1.181088e-01;7.366809e-03;3.017947e-02;1.878230e-02;6.151095e-03
2.587571e-01;5.415014e-02;5.919316e-03;2.061879e-02;2.425138e-02;1.693699e-01;2.915044e-01;1.198700e-01;6.538109e-03;3.144321e-02;1.331100e-02;4.266575e-03
1.987144e-01;7.525513e-02;4.517506e-03;3.254104e-02;2.077518e-02;1.562844e-01;3.266055e-01;1.341561e-01;5.412881e-03;3.156636e-02;9.693999e-03;4.477483e-03
1.482003e-01;1.414741e-01;7.222879e-03;3.650256e-02;1.655054e-02;1.407303e-01;3.141457e-01;1.398504e-01;8.617151e-03;3.252549e-02;1.001232e-02;4.168218e-03
1.323389e-01;1.881374e-01;1.015591e-02;3.846958e-02;1.375384e-02;1.441503e-01;2.844860e-01;1.225627e-01;8.778395e-03;4.134526e-02;1.232571e-02;3.495887e-03
1.572604e-01;1.695130e-01;9.551109e-03;3.526453e-02;1.385716e-02;1.615071e-01;2.593460e-01;1.165352e-01;1.203047e-02;5.486495e-02;7.721954e-03;2.548068e-03
1.647827e-01;9.770095e-02;6.099485e-03;3.267027e-02;1.295330e-02;1.923672e-01;2.326772e-01;1.544825e-01;1.214704e-02;7.787880e-02;1.127068e-02;4.969942e-03
1.595120e-01;3.030391e-02;5.339692e-03;3.537231e-02;1.154503e-02;2.056495e-01;2.066140e-01;2.132864e-01;1.467971e-02;1.035284e-01;1.033154e-02;3.837398e-03
1.544433e-01;2.293299e-02;7.501457e-03;3.540139e-02;1.506178e-02;1.882851e-01;1.688448e-01;2.372829e-01;2.645879e-02;1.218953e-01;1.487461e-02;7.017555e-03
1.432496e-01;3.551722e-02;9.641138e-03;5.371745e-02;2.353677e-02;1.536390e-01;1.725747e-01;2.449332e-01;2.474320e-02;1.151665e-01;1.784121e-02;5.439942e-03
1.382526e-01;3.111428e-02;1.351773e-02;6.314985e-02;2.858041e-02;1.482273e-01;1.943368e-01;2.347606e-01;1.126839e-02;1.061922e-01;2.113903e-02;9.460766e-03
1.279917e-01;2.776715e-02;1.075267e-02;5.832680e-02;2.746435e-02;1.434004e-01;2.163975e-01;2.182890e-01;2.373279e-02;9.105613e-02;4.020710e-02;1.461434e-02
1.034860e-01;3.973405e-02;1.943687e-02;5.087460e-02;2.848397e-02;1.071990e-01;2.341179e-01;2.068290e-01;1.462227e-02;7.750002e-02;9.992983e-02;1.778653e-02
1.092873e-01;7.947055e-02;2.782538e-02;5.746003e-02;2.742994e-02;7.865798e-02;2.061210e-01;1.536130e-01;1.514286e-02;7.209561e-02;1.495892e-01;2.330712e-02
1.703043e-01;7.378158e-02;2.985431e-02;5.775347e-02;3.484808e-02;1.653662e-01;1.363812e-01;1.115478e-01;1.557714e-02;7.865445e-02;1.072379e-01;1.869358e-02
1.456050e-01;4.183164e-02;4.047256e-02;3.659713e-02;5.178059e-02;1.953457e-01;1.432572e-01;1.366643e-01;1.912243e-02;8.565646e-02;8.573768e-02;1.792944e-02
1.142391e-01;6.697261e-02;3.537187e-02;2.179888e-02;4.123242e-02;1.693370e-01;1.775026e-01;1.253489e-01;2.867020e-02;8.313622e-02;1.226087e-01;1.378136e-02
1.610643e-01;4.675921e-02;2.558014e-02;3.410869e-02;3.118032e-02;1.684753e-01;1.734036e-01;1.052631e-01;2.751788e-02;8.655731e-02;1.052274e-01;3.486266e-02
1.712872e-01;1.064796e-01;3.476458e-02;4.144382e-02;3.421460e-02;1.270758e-01;1.754109e-01;1.487929e-01;1.695243e-02;7.011151e-02;2.963856e-02;4.382804e-02
1.132867e-01;1.120269e-01;3.900516e-02;3.351765e-02;3.777360e-02;9.862766e-02;1.737901e-01;1.730020e-01;2.727147e-02;5.951675e-02;9.678746e-02;3.539447e-02
9.056047e-02;1.023100e-01;4.025276e-02;2.685399e-02;3.640102e-02;9.463144e-02;2.100332e-01;1.657401e-01;4.184174e-02;5.639406e-02;1.095419e-01;2.543928e-02
1.589152e-01;1.436359e-01;3.974461e-02;2.429677e-02;4.029477e-02;8.076008e-02;1.379399e-01;1.689013e-01;3.689541e-02;5.423335e-02;7.615095e-02;3.823182e-02
1.495135e-01;1.080811e-01;3.553357e-02;2.648683e-02;4.989870e-02;7.441568e-02;1.320314e-01;2.155696e-01;3.904210e-02;5.453460e-02;6.761488e-02;4.727805e-02
1.216608e-01;9.387603e-02;3.954759e-02;4.623535e-02;5.597629e-02;7.324982e-02;2.018905e-01;1.550700e-01;3.832677e-02;6.050445e-02;7.967658e-02;3.398579e-02
7.921392e-02;1.618412e-01;4.125686e-02;4.085733e-02;4.172729e-02;6.420596e-02;2.068245e-01;1.138276e-01;3.276413e-02;4.504578e-02;1.399756e-01;3.245981e-02
8.451041e-02;1.385996e-01;3.702498e-02;3.261127e-02;2.051018e-02;5.157626e-02;1.645449e-01;1.601734e-01;3.831595e-02;4.772238e-02;2.077310e-01;1.667973e-02
1.603380e-01;1.106680e-01;4.139604e-02;6.092549e-02;2.817503e-02;4.625446e-02;8.620502e-02;1.299829e-01;3.864972e-02;5.284244e-02;2.204735e-01;2.408938e-02
2.113316e-01;9.395131e-02;5.187668e-02;6.338710e-02;3.883440e-02;5.093330e-02;1.182780e-01;1.259186e-01;4.019774e-02;5.489913e-02;1.247087e-01;2.568343e-02
1.266920e-01;8.661347e-02;3.841365e-02;4.576803e-02;2.963353e-02;7.167799e-02;1.507849e-01;1.440602e-01;4.753479e-02;5.008952e-02;1.829574e-01;2.577456e-02
7.531060e-02;7.046865e-02;4.471989e-02;4.819652e-02;3.105894e-02;7.592624e-02;1.940761e-01;1.833179e-01;4.272822e-02;5.527753e-02;1.577131e-01;2.120627e-02
1.364738e-01;1.013714e-01;4.763133e-02;4.038323e-02;3.042782e-02;6.644672e-02;8.779934e-02;2.562780e-01;3.332124e-02;5.010316e-02;1.340770e-01;1.568687e-02
1.080872e-01;7.027340e-02;3.505192e-02;2.300993e-02;2.302911e-02;3.759052e-02;1.919346e-01;1.751879e-01;2.079525e-02;3.166759e-02;2.752850e-01;8.087496e-03
1.109843e-01;4.701641e-02;3.671889e-02;3.595523e-02;2.420541e-02;4.139153e-02;1.850712e-01;1.262053e-01;2.746928e-02;2.894345e-02;3.261200e-01;9.919011e-03
1.739603e-01;3.247319e-02;4.573445e-02;6.208422e-02;3.490231e-02;6.029997e-02;1.699798e-01;3.674757e-02;5.012338e-02;2.852999e-02;2.894416e-01;1.572308e-02
2.135260e-01;1.235402e-02;3.975958e-02;7.607095e-02;5.260566e-02;6.294459e-02;1.356911e-01;6.771421e-02;7.412037e-02;1.954970e-02;2.225521e-01;2.311170e-02
1.868953e-01;2.074542e-02;3.210689e-02;4.835111e-02;5.513309e-02;5.306516e-02;8.645517e-02;3.134178e-02;5.635269e-02;1.614273e-02;3.881506e-01;2.526009e-02
1.945103e-01;3.952442e-02;2.373496e-02;2.924024e-02;4.548890e-02;4.330762e-02;7.014293e-02;2.877802e-02;2.745419e-02;2.471044e-02;4.524300e-01;2.067807e-02
1.824713e-01;1.986440e-02;2.168346e-02;2.762071e-02;3.535166e-02;3.313856e-02;6.435262e-02;3.974351e-02;1.931984e-02;2.645544e-02;5.084739e-01;2.152451e-02
1.485206e-01;3.990843e-02;2.324440e-02;2.666615e-02;2.450052e-02;2.044095e-02;4.004938e-02;2.080432e-02;2.029304e-02;4.007082e-02;5.779121e-01;1.758929e-02
1.326628e-01;2.700272e-02;2.192488e-02;1.965514e-02;1.985181e-02;2.170011e-02;4.400137e-02;3.339785e-02;2.684437e-02;3.571923e-02;6.021296e-01;1.511018e-02
1.608105e-01;3.164864e-02;1.864682e-02;1.774025e-02;1.736307e-02;2.228720e-02;5.230844e-02;3.653448e-02;2.853252e-02;2.615603e-02;5.707609e-01;1.721117e-02
1.831394e-01;2.336216e-02;1.591473e-02;1.672966e-02;1.736805e-02;1.519258e-02;3.045521e-02;2.898362e-02;2.606034e-02;2.225208e-02;6.016614e-01;1.888069e-02
2.033378e-01;2.031608e-02;1.714610e-02;1.795163e-02;1.683726e-02;1.660675e-02;4.366548e-02;3.561795e-02;1.566704e-02;1.649798e-02;5.780176e-01;1.833828e-02
2.052127e-01;2.970771e-02;2.197217e-02;2.784489e-02;1.429435e-02;1.066479e-02;2.671776e-02;2.764506e-02;6.800467e-03;1.756522e-02;5.937444e-01;1.783049e-02
1.602410e-01;3.190929e-02;2.614967e-02;3.320343e-02;1.358168e-02;9.095523e-03;2.675676e-02;3.368674e-02;2.772604e-03;2.116725e-02;6.263754e-01;1.506061e-02
1.289538e-01;2.868940e-02;3.049611e-02;2.700937e-02;1.665128e-02;1.402269e-02;3.983944e-02;4.683685e-02;3.064698e-03;2.286018e-02;6.285565e-01;1.301959e-02
1.059756e-01;4.135780e-02;3.796969e-02;3.040287e-02;1.515575e-02;1.237052e-02;4.926176e-02;3.808455e-02;4.484838e-03;3.546701e-02;6.209117e-01;8.557914e-03
6.925762e-02;8.136215e-02;4.269454e-02;3.084515e-02;1.348391e-02;2.253103e-02;9.936875e-02;9.393907e-02;1.260875e-02;4.647704e-02;4.761889e-01;1.124310e-02
6.045597e-02;1.252283e-01;4.412891e-02;2.466752e-02;1.207439e-02;3.256056e-02;1.617776e-01;1.516354e-01;2.807222e-02;5.032752e-02;2.972631e-01;1.180858e-02
1.149356e-01;1.504186e-01;4.244485e-02;2.171566e-02;1.195349e-02;3.796273e-02;1.830222e-01;1.246934e-01;3.632051e-02;4.147062e-02;2.220764e-01;1.298585e-02
1.456878e-01;1.403403e-01;2.821684e-02;3.627497e-02;3.457925e-02;2.856205e-02;1.997977e-01;7.044633e-02;4.139056e-02;4.142150e-02;2.106092e-01;2.267345e-02
1.082263e-01;6.084756e-02;3.256147e-02;5.023144e-02;4.722510e-02;5.752453e-02;2.267752e-01;1.828835e-01;6.201747e-02;5.859315e-02;8.235449e-02;3.075974e-02
1.179882e-01;9.507509e-02;3.911182e-02;5.036447e-02;3.809685e-02;5.328596e-02;2.080901e-01;1.688108e-01;5.870647e-02;4.981662e-02;8.919612e-02;3.145746e-02
1.122900e-01;1.235881e-01;4.414788e-02;4.224894e-02;2.378903e-02;2.660769e-02;1.580945e-01;1.227123e-01;4.510139e-02;3.464390e-02;2.446697e-01;2.210665e-02
8.403518e-02;1.384117e-01;5.986549e-02;3.380406e-02;1.796055e-02;2.604499e-02;1.493638e-01;1.199569e-01;3.160530e-02;3.538530e-02;2.835371e-01;2.002978e-02
8.859469e-02;1.619835e-01;7.318382e-02;3.268103e-02;1.225021e-02;1.527203e-02;1.632252e-01;1.286563e-01;3.081830e-02;3.449797e-02;2.277985e-01;3.103839e-02
7.087845e-02;1.432150e-01;7.039879e-02;2.868192e-02;1.333889e-02;2.827370e-02;1.544863e-01;1.393400e-01;3.544772e-02;2.332587e-02;2.602507e-01;3.236268e-02
6.967711e-02;1.480819e-01;6.961519e-02;2.466197e-02;1.674652e-02;1.749017e-02;1.429868e-01;1.455225e-01;3.817822e-02;4.485542e-02;2.517156e-01;3.046849e-02
6.972976e-02;1.805652e-01;8.385812e-02;3.364205e-02;1.791616e-02;1.622190e-02;1.811780e-01;1.237964e-01;4.344350e-02;6.415801e-02;1.612162e-01;2.427464e-02
8.351249e-02;2.275975e-01;8.614349e-02;3.587468e-02;2.159142e-02;2.297537e-02;1.689847e-01;9.907399e-02;3.111757e-02;5.415206e-02;1.531917e-01;1.578500e-02
8.687117e-02;2.476300e-01;7.631397e-02;2.801595e-02;2.932208e-02;2.849221e-02;1.408203e-01;1.223521e-01;2.262305e-02;5.479177e-02;1.525155e-01;1.025198e-02
1.248492e-01;2.505431e-01;6.258541e-02;2.449186e-02;4.979125e-02;2.908444e-02;1.209399e-01;8.864906e-02;3.210950e-02;5.546846e-02;1.461082e-01;1.537955e-02
1.138842e-01;2.008333e-01;5.669241e-02;2.640043e-02;4.431162e-02;2.220743e-02;1.171305e-01;8.916964e-02;3.665861e-02;4.383845e-02;2.241502e-01;2.472322e-02
1.208866e-01;1.709624e-01;6.332634e-02;2.934857e-02;3.283356e-02;4.210028e-02;1.676590e-01;1.174984e-01;3.001446e-02;4.194084e-02;1.600777e-01;2.335182e-02
1.125823e-01;1.580450e-01;6.694379e-02;4.901284e-02;3.980185e-02;5.738349e-02;2.531241e-01;6.234301e-02;3.087562e-02;4.773933e-02;9.732682e-02;2.482195e-02
8.687508e-02;1.603235e-01;6.785615e-02;6.850312e-02;5.046842e-02;4.030112e-02;2.089702e-01;1.117241e-01;3.173378e-02;5.421649e-02;8.539150e-02;3.363654e-02
1.007893e-01;1.931384e-01;6.211342e-02;6.865793e-02;6.212080e-02;3.974828e-02;1.455211e-01;9.465460e-02;4.090222e-02;6.025674e-02;8.444134e-02;4.765577e-02
6.026177e-02;1.941081e-01;5.674087e-02;6.089187e-02;8.125068e-02;2.913116e-02;1.520330e-01;1.734863e-01;5.446603e-02;5.228680e-02;5.008307e-02;3.526033e-02
