7.241529e-02;9.161493e-02;1.175332e-01;4.399144e-02;6.232540e-02;6.363306e-02;2.349512e-01;3.076115e-02;5.395625e-02;7.172871e-02;1.058465e-01;5.124282e-02
8.515631e-02;5.651993e-02;6.669184e-02;3.588860e-02;8.996690e-02;8.000008e-02;2.108287e-01;6.299730e-02;1.089171e-01;6.841874e-02;9.143107e-02;4.318333e-02
6.821209e-02;5.279917e-02;1.015920e-01;5.038554e-02;1.038868e-01;6.693611e-02;1.768613e-01;7.743604e-02;1.051482e-01;6.450281e-02;8.225323e-02;4.998672e-02
3.710894e-02;4.438624e-02;1.486281e-01;7.000923e-02;1.021817e-01;5.914748e-02;1.879005e-01;5.835978e-02;3.449233e-02;8.725170e-02;8.312599e-02;8.740790e-02
6.786788e-02;4.548309e-02;1.313061e-01;6.787030e-02;6.926455e-02;5.778756e-02;1.419001e-01;5.445149e-02;5.598224e-02;1.345574e-01;9.794250e-02;7.558669e-02
6.081162e-02;5.026114e-02;1.107528e-01;5.250574e-02;6.898945e-02;5.953540e-02;1.286041e-01;8.893888e-02;9.410762e-02;1.308133e-01;9.888338e-02;5.579650e-02
5.493469e-02;5.154997e-02;1.053957e-01;4.561440e-02;6.312452e-02;5.307478e-02;1.385277e-01;1.076239e-01;1.318031e-01;1.102018e-01;7.872175e-02;5.942762e-02
4.896676e-02;4.811450e-02;1.079024e-01;5.304199e-02;6.787738e-02;5.015160e-02;1.423995e-01;1.065440e-01;1.401309e-01;1.052155e-01;6.427636e-02;6.537914e-02
5.185518e-02;4.563194e-02;1.217355e-01;6.905275e-02;8.331118e-02;8.303251e-02;1.307418e-01;9.004223e-02;1.034423e-01;1.023452e-01;6.016801e-02;5.864152e-02
5.285317e-02;6.481247e-02;1.382727e-01;8.284403e-02;7.515322e-02;8.655006e-02;1.049185e-01;9.835848e-02;8.052993e-02;1.122196e-01;7.208599e-02;3.140181e-02
5.058973e-02;1.055278e-01;1.009348e-01;7.256313e-02;5.055378e-02;5.919998e-02;8.502422e-02;1.029283e-01;1.490296e-01;7.642442e-02;1.005823e-01;4.664195e-02
6.428216e-02;7.530913e-02;1.101722e-01;6.412682e-02;6.516229e-02;7.214675e-02;1.352920e-01;8.974665e-02;1.082945e-01;8.698737e-02;6.578737e-02;6.269266e-02
8.980824e-02;7.858217e-02;9.743100e-02;4.726890e-02;6.435452e-02;8.157015e-02;1.342281e-01;9.578532e-02;6.380908e-02;9.274320e-02;6.676530e-02;8.765405e-02
9.944309e-02;8.112806e-02;1.127819e-01;6.132266e-02;8.598638e-02;5.723140e-02;9.548498e-02;9.574881e-02;7.352536e-02;8.415633e-02;6.605472e-02;8.713629e-02
6.770418e-02;6.306520e-02;1.264420e-01;7.553727e-02;7.121112e-02;5.009285e-02;9.557041e-02;9.707898e-02;1.011128e-01;1.379630e-01;5.034515e-02;6.387710e-02
6.143226e-02;5.920916e-02;1.123556e-01;6.498987e-02;5.188110e-02;5.423556e-02;7.137758e-02;6.011829e-02;9.274579e-02;2.239541e-01;6.444430e-02;8.325644e-02
6.261017e-02;5.601347e-02;8.318495e-02;3.893015e-02;7.998229e-02;5.845756e-02;8.882379e-02;9.073431e-02;6.469490e-02;2.047804e-01;1.045616e-01;6.722645e-02
5.607461e-02;4.223434e-02;9.778331e-02;5.528839e-02;1.087727e-01;3.938774e-02;8.623558e-02;1.082761e-01;1.077847e-01;1.672918e-01;7.569814e-02;5.517254e-02
5.648030e-02;5.772467e-02;1.074018e-01;6.399535e-02;8.969720e-02;3.520366e-02;5.136137e-02;1.061458e-01;1.512382e-01;1.303360e-01;9.242577e-02;5.798980e-02
8.864626e-02;1.020609e-01;1.048646e-01;6.583273e-02;7.641073e-02;5.586764e-02;5.666516e-02;1.025913e-01;1.707793e-01;5.871516e-02;6.963512e-02;4.793101e-02
9.380092e-02;9.507220e-02;1.069586e-01;7.945971e-02;1.003921e-01;7.106917e-02;8.489471e-02;9.280129e-02;1.353181e-01;6.182947e-02;4.884215e-02;2.956146e-02
9.171834e-02;8.382884e-02;1.476771e-01;8.498581e-02;1.048280e-01;8.983652e-02;7.418968e-02;7.363181e-02;7.156783e-02;1.037343e-01;2.849096e-02;4.551081e-02
7.348093e-02;9.137072e-02;1.665309e-01;5.733740e-02;1.099483e-01;8.833624e-02;4.983697e-02;7.677248e-02;6.155525e-02;1.640782e-01;2.711495e-02;3.363762e-02
8.221090e-02;1.178305e-01;1.231822e-01;4.437002e-02;8.795512e-02;6.223737e-02;6.536876e-02;7.342996e-02;8.472633e-02;1.651591e-01;2.844062e-02;6.508907e-02
4.587644e-02;1.258396e-01;1.166040e-01;7.026074e-02;6.138269e-02;7.187004e-02;1.059806e-01;8.790553e-02;1.048023e-01;8.118343e-02;3.806527e-02;9.022924e-02
6.310968e-02;1.149041e-01;9.591343e-02;6.026144e-02;6.212267e-02;6.072548e-02;9.209727e-02;9.547504e-02;1.237276e-01;1.139442e-01;3.422717e-02;8.349190e-02
8.448746e-02;9.496343e-02;7.050749e-02;6.754649e-02;6.870167e-02;3.984744e-02;6.421956e-02;8.555915e-02;1.052022e-01;1.425333e-01;6.715222e-02;1.092796e-01
7.321248e-02;7.449880e-02;9.538995e-02;8.249407e-02;7.523019e-02;4.078119e-02;8.266009e-02;6.730653e-02;8.647165e-02;1.361764e-01;9.006935e-02;9.570923e-02
8.052655e-02;8.915271e-02;1.376955e-01;5.842650e-02;5.142752e-02;4.232024e-02;1.683284e-01;6.176202e-02;6.011117e-02;1.259769e-01;7.007328e-02;5.419916e-02
1.422678e-01;1.287140e-01;1.280695e-01;3.338239e-02;3.987391e-02;5.218548e-02;1.571612e-01;5.257387e-02;7.372665e-02;7.501689e-02;6.029642e-02;5.673185e-02
1.907807e-01;1.340300e-01;1.316180e-01;1.958106e-02;3.620735e-02;4.907411e-02;1.052709e-01;3.347582e-02;9.568057e-02;6.732962e-02;7.931916e-02;5.763283e-02
1.743849e-01;9.903226e-02;1.344328e-01;1.640969e-02;3.148854e-02;6.316461e-02;1.209357e-01;2.633252e-02;9.460081e-02;7.143930e-02;1.161293e-01;5.164945e-02
1.045295e-01;3.636050e-02;1.632079e-01;1.807360e-02;4.222299e-02;8.899316e-02;1.258143e-01;6.350239e-02;8.539921e-02;6.225131e-02;1.647526e-01;4.489248e-02
5.170864e-02;6.334184e-02;1.627690e-01;1.328807e-02;5.792163e-02;9.687197e-02;1.128947e-01;8.171351e-02;7.733933e-02;8.170279e-02;1.789569e-01;2.149166e-02
4.217660e-02;6.222288e-02;1.468170e-01;1.529763e-02;6.658550e-02;1.016964e-01;1.093879e-01;6.833397e-02;7.120147e-02;9.521361e-02;2.053061e-01;1.576098e-02
5.063019e-02;5.467167e-02;1.280970e-01;1.038803e-02;5.922665e-02;9.972259e-02;1.060878e-01;4.798253e-02;7.683013e-02;8.777111e-02;2.414082e-01;3.718412e-02
5.448598e-02;4.683019e-02;1.029781e-01;1.255528e-02;4.596574e-02;8.419801e-02;1.420452e-01;3.207760e-02;9.627741e-02;6.896567e-02;2.212870e-01;9.233385e-02
8.695516e-02;3.624053e-02;7.721246e-02;1.939754e-02;3.425907e-02;5.798142e-02;2.208755e-01;2.295671e-02;6.695079e-02;5.739095e-02;1.426041e-01;1.771757e-01
2.492651e-01;5.537705e-02;4.557217e-02;2.131531e-02;2.227466e-02;3.065887e-02;2.152244e-01;4.067745e-02;1.880854e-02;5.848241e-02;6.996019e-02;1.723838e-01
3.617083e-01;1.261596e-01;6.684494e-02;2.695087e-02;2.426928e-02;2.409633e-02;1.414990e-01;4.714947e-02;1.316625e-02;4.296792e-02;3.301217e-02;9.217590e-02
3.311907e-01;2.025390e-01;1.075851e-01;5.225712e-02;4.019679e-02;3.482789e-02;5.470759e-02;4.062574e-02;3.202533e-02;3.657058e-02;2.542144e-02;4.205273e-02
1.977368e-01;2.178095e-01;2.149935e-01;6.327075e-02;7.528641e-02;3.761366e-02;4.144652e-02;2.773661e-02;3.221036e-02;3.612619e-02;2.160725e-02;3.416257e-02
9.967455e-02;1.523847e-01;3.476368e-01;6.167642e-02;9.403587e-02;3.954995e-02;4.962316e-02;1.777777e-02;2.700048e-02;5.148267e-02;2.597191e-02;3.318565e-02
4.291183e-02;9.791390e-02;3.976785e-01;6.596527e-02;7.538399e-02;7.549340e-02;4.935566e-02;2.236581e-02;3.448394e-02;5.932492e-02;5.227341e-02;2.684936e-02
9.398505e-02;7.747052e-02;3.040136e-01;7.273883e-02;5.127358e-02;9.562695e-02;4.819517e-02;4.830857e-02;4.341615e-02;5.642474e-02;6.676789e-02;4.177903e-02
1.208753e-01;8.118348e-02;2.460695e-01;6.000228e-02;4.831239e-02;9.385377e-02;7.465510e-02;6.635511e-02;4.986168e-02;6.057005e-02;4.933510e-02;4.892616e-02
1.212091e-01;8.980018e-02;2.099020e-01;4.459121e-02;6.326953e-02;9.602812e-02;8.091656e-02;7.244852e-02;4.320211e-02;5.899470e-02;5.682136e-02;6.281662e-02
7.621908e-02;1.407618e-01;2.318703e-01;3.716388e-02;6.457779e-02;8.068751e-02;8.681093e-02;5.145190e-02;4.458791e-02;8.108815e-02;6.248007e-02;4.230068e-02
1.060069e-01;1.398560e-01;2.073679e-01;3.646737e-02;3.940139e-02;6.246987e-02;7.233331e-02;5.575821e-02;6.096955e-02;9.956300e-02;8.154418e-02;3.826236e-02
1.561720e-01;9.145488e-02;1.078832e-01;4.326320e-02;4.806129e-02;5.875655e-02;5.780319e-02;6.477588e-02;1.014890e-01;8.409331e-02;1.250134e-01;6.123416e-02
1.441277e-01;8.098652e-02;9.098701e-02;6.253429e-02;4.028255e-02;4.091664e-02;5.039632e-02;4.023431e-02;1.348247e-01;7.981817e-02;1.579589e-01;7.693285e-02
1.068764e-01;6.260211e-02;1.455363e-01;5.430204e-02;3.623672e-02;4.544346e-02;4.431755e-02;3.926131e-02;1.574106e-01;7.506111e-02;1.269607e-01;1.059918e-01
1.055795e-01;6.383424e-02;1.820366e-01;4.211373e-02;5.719564e-02;4.721742e-02;3.627240e-02;4.395854e-02;1.356564e-01;5.522952e-02;8.097577e-02;1.499303e-01
7.351053e-02;1.019237e-01;2.261641e-01;5.470080e-02;7.251292e-02;3.934161e-02;3.457435e-02;4.155614e-02;1.050196e-01;4.613856e-02;4.256100e-02;1.619966e-01
8.059650e-02;1.138628e-01;2.198293e-01;6.780112e-02;5.689032e-02;4.711047e-02;4.250937e-02;4.452897e-02;5.518834e-02;6.282497e-02;7.180168e-02;1.370562e-01
1.036757e-01;1.168736e-01;1.595730e-01;5.645503e-02;4.170275e-02;3.011443e-02;4.275473e-02;4.265261e-02;6.174467e-02;7.836799e-02;1.028432e-01;1.632422e-01
1.462163e-01;9.700252e-02;1.240917e-01;6.851733e-02;4.485770e-02;3.061785e-02;4.549362e-02;5.412372e-02;7.844296e-02;9.701055e-02;9.647871e-02;1.171470e-01
1.544301e-01;7.003450e-02;1.336390e-01;9.841244e-02;4.733743e-02;4.294428e-02;6.502211e-02;6.628706e-02;4.551744e-02;7.963157e-02;5.166404e-02;1.450800e-01
1.000299e-01;1.040041e-01;1.463951e-01;1.288771e-01;3.875898e-02;4.309600e-02;9.567330e-02;7.979945e-02;4.226043e-02;4.291206e-02;8.469909e-02;9.349463e-02
1.062326e-01;1.050201e-01;1.047432e-01;1.058261e-01;4.379813e-02;4.450957e-02;8.977574e-02;5.950384e-02;5.897380e-02;5.110207e-02;6.238727e-02;1.681276e-01
1.236170e-01;1.041152e-01;9.893906e-02;5.916203e-02;4.380324e-02;5.413415e-02;6.647950e-02;3.629656e-02;7.285623e-02;8.164556e-02;5.503062e-02;2.039208e-01
1.095956e-01;1.195781e-01;1.006519e-01;4.469135e-02;3.539290e-02;6.476200e-02;3.624161e-02;3.716568e-02;1.085929e-01;6.825820e-02;1.179704e-01;1.570994e-01
8.909955e-02;8.599874e-02;1.252493e-01;6.092017e-02;3.266405e-02;5.573792e-02;6.169691e-02;4.167116e-02;1.067867e-01;5.550081e-02;1.677714e-01;1.169033e-01
1.052383e-01;8.804318e-02;1.439989e-01;5.717202e-02;3.628125e-02;2.606309e-02;6.998682e-02;3.186309e-02;7.250354e-02;7.631660e-02;1.632221e-01;1.293111e-01
1.546110e-01;9.758906e-02;1.425110e-01;3.793847e-02;3.883566e-02;3.428179e-02;9.478469e-02;3.667174e-02;5.144016e-02;7.866101e-02;1.293897e-01;1.032857e-01
1.111529e-01;1.333243e-01;1.421617e-01;3.612255e-02;3.118855e-02;3.313607e-02;1.186981e-01;3.611189e-02;3.951660e-02;7.310570e-02;1.289843e-01;1.164975e-01
1.524082e-01;1.897074e-01;7.255884e-02;3.811783e-02;3.281902e-02;2.262687e-02;1.463244e-01;4.320677e-02;3.023946e-02;5.477147e-02;8.073638e-02;1.364833e-01
2.102757e-01;2.117165e-01;1.017101e-01;2.902741e-02;3.341615e-02;2.148189e-02;1.193329e-01;3.569884e-02;4.092325e-02;4.084300e-02;6.193623e-02;9.363801e-02
2.366883e-01;2.242664e-01;1.479529e-01;3.208517e-02;3.403083e-02;2.186163e-02;8.645186e-02;3.793056e-02;4.351049e-02;3.848267e-02;3.788696e-02;5.885221e-02
3.030142e-01;2.299698e-01;1.442285e-01;3.165302e-02;2.103633e-02;1.817062e-02;7.409661e-02;2.978713e-02;3.378955e-02;4.002705e-02;2.161027e-02;5.261695e-02
2.324715e-01;1.926126e-01;9.447940e-02;3.727163e-02;4.162566e-02;3.756367e-02;1.818761e-01;2.881807e-02;2.733489e-02;4.557033e-02;3.944959e-02;4.092653e-02
2.109874e-01;1.472434e-01;1.522968e-01;3.294706e-02;4.699299e-02;3.001788e-02;2.036362e-01;3.514726e-02;2.228022e-02;3.261265e-02;4.180922e-02;4.402897e-02
1.583363e-01;1.299756e-01;2.359373e-01;3.341065e-02;4.407397e-02;3.300589e-02;1.753642e-01;3.478226e-02;2.710348e-02;3.080334e-02;4.921657e-02;4.799056e-02
9.477668e-02;1.222224e-01;2.544444e-01;3.520761e-02;5.687466e-02;2.826254e-02;1.733695e-01;4.646797e-02;3.393358e-02;4.682447e-02;6.568015e-02;4.193596e-02
7.644767e-02;1.297035e-01;1.368003e-01;3.768387e-02;7.946747e-02;4.675131e-02;1.746783e-01;5.338653e-02;3.633791e-02;7.275831e-02;9.866771e-02;5.731715e-02
1.050443e-01;1.287054e-01;2.018567e-01;3.888433e-02;7.891713e-02;3.734594e-02;1.018196e-01;4.754973e-02;3.974171e-02;8.154454e-02;8.639624e-02;5.219436e-02
1.359846e-01;1.457696e-01;1.992319e-01;3.689390e-02;8.446802e-02;3.333736e-02;9.646833e-02;5.693337e-02;5.869020e-02;6.004091e-02;5.179927e-02;4.038249e-02
8.255265e-02;2.113457e-01;1.436057e-01;3.551887e-02;7.376629e-02;4.075613e-02;1.005959e-01;1.090086e-01;8.267871e-02;4.381546e-02;4.046817e-02;3.588786e-02
4.917590e-02;2.275842e-01;1.228013e-01;5.800372e-02;6.671894e-02;5.018396e-02;7.373140e-02;1.378746e-01;7.870596e-02;5.957216e-02;2.990720e-02;4.574069e-02
6.422326e-02;1.277143e-01;1.768415e-01;1.008812e-01;6.845271e-02;3.912136e-02;9.714766e-02;9.844987e-02;5.025889e-02;8.361662e-02;3.999204e-02;5.330066e-02
7.563865e-02;1.042030e-01;2.072810e-01;1.043520e-01;5.792506e-02;4.194915e-02;1.405966e-01;6.836870e-02;4.492437e-02;7.616212e-02;4.001392e-02;3.858539e-02
8.116488e-02;8.996675e-02;1.878950e-01;7.279717e-02;7.077439e-02;4.889129e-02;1.755577e-01;8.945986e-02;4.607845e-02;6.302373e-02;3.074712e-02;4.364372e-02
8.589341e-02;1.053555e-01;1.632280e-01;4.909314e-02;8.816553e-02;5.639302e-02;1.524866e-01;9.550685e-02;4.414698e-02;6.257424e-02;4.805786e-02;4.909877e-02
1.021593e-01;1.368411e-01;1.327143e-01;4.063629e-02;5.337886e-02;5.304281e-02;1.541898e-01;7.463118e-02;4.059140e-02;8.941532e-02;7.403186e-02;4.836779e-02
1.133995e-01;1.332429e-01;1.323244e-01;5.380549e-02;4.634284e-02;5.106522e-02;1.189982e-01;5.986693e-02;4.452514e-02;8.337969e-02;8.598340e-02;7.706626e-02
9.341043e-02;1.150111e-01;1.046556e-01;5.651628e-02;6.699727e-02;6.420770e-02;8.108781e-02;5.710096e-02;8.520971e-02;8.328079e-02;1.027741e-01;8.974829e-02
9.867370e-02;1.187314e-01;1.216149e-01;4.488729e-02;4.687361e-02;3.765950e-02;1.026735e-01;7.451491e-02;1.214048e-01;6.550042e-02;7.955481e-02;8.791115e-02
9.926090e-02;1.256270e-01;1.714018e-01;4.405553e-02;4.284123e-02;3.487599e-02;1.003350e-01;5.833006e-02;7.737019e-02;6.342644e-02;8.637412e-02;9.610175e-02
8.113556e-02;1.001232e-01;1.850998e-01;5.335896e-02;3.262902e-02;4.037910e-02;9.083378e-02;7.641511e-02;5.632890e-02;7.613748e-02;1.116364e-01;9.592272e-02
6.260982e-02;6.728443e-02;1.347439e-01;6.538335e-02;3.364234e-02;4.866480e-02;1.284334e-01;1.006721e-01;6.922680e-02;9.396912e-02;1.263844e-01;6.898563e-02
5.107016e-02;4.956190e-02;5.870623e-02;6.805847e-02;4.679696e-02;5.161338e-02;1.656638e-01;1.209556e-01;1.138741e-01;9.257478e-02;1.282478e-01;5.287693e-02
4.043321e-02;2.853603e-02;8.042743e-02;4.533693e-02;4.745961e-02;6.358299e-02;1.569668e-01;1.042508e-01;1.657663e-01;1.000686e-01;1.015775e-01;6.559390e-02
4.384702e-02;2.193419e-02;1.029303e-01;2.082750e-02;4.522900e-02;9.864293e-02;1.145833e-01;7.312495e-02;1.968496e-01;1.679601e-01;7.241225e-02;4.165883e-02
6.120947e-02;5.380079e-02;8.962031e-02;2.873980e-02;5.329841e-02;1.238212e-01;1.169438e-01;7.865348e-02;1.321543e-01;1.602197e-01;6.104644e-02;4.049226e-02
7.205374e-02;6.728602e-02;7.939972e-02;4.376186e-02;6.441110e-02;1.078490e-01;1.512639e-01;8.228806e-02;1.278251e-01;1.106561e-01;5.533211e-02;3.787333e-02
8.852069e-02;6.999956e-02;1.031620e-01;4.569482e-02;5.747976e-02;8.083851e-02;1.592357e-01;6.561079e-02;1.423559e-01;9.629181e-02;4.815012e-02;4.266033e-02
6.829531e-02;6.455014e-02;1.225600e-01;2.895985e-02;4.237504e-02;8.479358e-02;1.846942e-01;8.667386e-02;1.129050e-01;1.035222e-01;6.467356e-02;3.599738e-02
4.199501e-02;4.839592e-02;1.594907e-01;2.434307e-02;4.520694e-02;6.967214e-02;1.961497e-01;1.427919e-01;7.336675e-02;1.040590e-01;6.506503e-02;2.946376e-02
5.781802e-02;7.175479e-02;1.237618e-01;2.448684e-02;5.421401e-02;2.879696e-02;1.872944e-01;1.413847e-01;1.011674e-01;9.488475e-02;7.946272e-02;3.497372e-02
6.627994e-02;9.671799e-02;1.335675e-01;2.547683e-02;5.845886e-02;4.107032e-02;1.362452e-01;9.916979e-02;1.574291e-01;6.793879e-02;8.734849e-02;3.029717e-02
6.026919e-02;1.003004e-01;1.369062e-01;4.069777e-02;6.196885e-02;6.462316e-02;1.266068e-01;5.598201e-02;1.688672e-01;6.197780e-02;9.974600e-02;2.205459e-02
7.151978e-02;9.533592e-02;1.179555e-01;5.018399e-02;5.871077e-02;8.500517e-02;1.226523e-01;4.691581e-02;1.467106e-01;4.882801e-02;1.181323e-01;3.804987e-02
8.049068e-02;7.443690e-02;8.733060e-02;3.903567e-02;5.333960e-02;8.587298e-02;1.633656e-01;6.734244e-02;1.268045e-01;5.544832e-02;1.081495e-01;5.838325e-02
1.147832e-01;7.561763e-02;1.359997e-01;2.971861e-02;5.505565e-02;5.907489e-02;1.197677e-01;1.009552e-01;1.266700e-01;6.652708e-02;4.743885e-02;6.839161e-02
1.004073e-01;6.381261e-02;1.481293e-01;6.214247e-02;6.616608e-02;7.992143e-02;1.035478e-01;1.211722e-01;9.702466e-02;5.423595e-02;4.706857e-02;5.637156e-02
7.356234e-02;3.794019e-02;1.553647e-01;7.812525e-02;7.027492e-02;9.983275e-02;1.098780e-01;1.204492e-01;1.109372e-01;4.915948e-02;4.873805e-02;4.573793e-02
7.143108e-02;5.326103e-02;1.320359e-01;6.709990e-02;5.526216e-02;1.077073e-01;1.128558e-01;8.946928e-02;1.545600e-01;6.666150e-02;3.921258e-02;5.044342e-02
8.948723e-02;4.997163e-02;8.889094e-02;5.431188e-02;5.865444e-02;7.892547e-02;7.532825e-02;1.529542e-01;1.661862e-01;9.447659e-02;3.142509e-02;5.938805e-02
8.617371e-02;3.960052e-02;6.589689e-02;5.642605e-02;5.356844e-02;5.768608e-02;1.284568e-01;1.551229e-01;1.410718e-01;7.945384e-02;6.697927e-02;6.956375e-02
7.225139e-02;3.454121e-02;6.132661e-02;5.942561e-02;3.172169e-02;5.222484e-02;1.792852e-01;1.096319e-01;1.116991e-01;8.645812e-02;1.207204e-01;8.071391e-02
5.757961e-02;4.197118e-02;9.032711e-02;4.758727e-02;2.447558e-02;6.160536e-02;1.760580e-01;9.030252e-02;8.307273e-02;7.956120e-02;1.458606e-01;1.015988e-01
8.241116e-02;5.907561e-02;1.176914e-01;3.286978e-02;3.449366e-02;7.579295e-02;1.573571e-01;8.865164e-02;7.328474e-02;6.707720e-02;9.808654e-02;1.132083e-01
9.573969e-02;6.291731e-02;1.181708e-01;3.942757e-02;4.315746e-02;6.644658e-02;1.405321e-01;9.120934e-02;7.584889e-02;8.112434e-02;7.773367e-02;1.076923e-01
9.535559e-02;4.468594e-02;1.489410e-01;5.756184e-02;5.523179e-02;5.844831e-02;9.317826e-02;9.694679e-02;1.034887e-01;8.284798e-02;7.075844e-02;9.255540e-02
1.318985e-01;6.298377e-02;2.034072e-01;6.197233e-02;4.333662e-02;7.126399e-02;7.410655e-02;5.518390e-02;7.762865e-02;9.394204e-02;4.739247e-02;7.688400e-02
1.160173e-01;6.378160e-02;1.643370e-01;7.200730e-02;4.957644e-02;5.651475e-02;9.009378e-02;4.405236e-02;5.845289e-02;1.157139e-01;1.031225e-01;6.633022e-02
9.868918e-02;4.938385e-02;1.046325e-01;9.578530e-02;4.678406e-02;3.666593e-02;1.193850e-01;5.063070e-02;3.776651e-02;1.369301e-01;1.412179e-01;8.212900e-02
7.900146e-02;3.510158e-02;9.402534e-02;1.051243e-01;4.425867e-02;2.859953e-02;1.397934e-01;5.418813e-02;4.319373e-02;1.178259e-01;1.530457e-01;1.058422e-01
6.924234e-02;4.546334e-02;1.568932e-01;9.065156e-02;4.646380e-02;3.816716e-02;1.367333e-01;5.920462e-02;5.874674e-02;6.155580e-02;1.321616e-01;1.047166e-01
6.142090e-02;5.779372e-02;1.856642e-01;6.392653e-02;4.664344e-02;5.086947e-02;1.314329e-01;6.801333e-02;6.120523e-02;6.014163e-02;1.354630e-01;7.742567e-02
9.213229e-02;1.024127e-01;1.671982e-01;4.441835e-02;4.344047e-02;5.064268e-02;1.198556e-01;7.545836e-02;4.676189e-02;7.995699e-02;1.018459e-01;7.587653e-02
1.042291e-01;8.435677e-02;1.530038e-01;5.113566e-02;4.702901e-02;4.909192e-02;9.979237e-02;7.531513e-02;6.224271e-02;7.302509e-02;6.855994e-02;1.322185e-01
5.974891e-02;6.664405e-02;1.116065e-01;8.354937e-02;6.889766e-02;7.848965e-02;9.434647e-02;8.279432e-02;8.268297e-02;7.903215e-02;1.038879e-01;8.832006e-02
8.459724e-02;6.471519e-02;9.968474e-02;1.200059e-01;7.486908e-02;7.482481e-02;1.069631e-01;8.526307e-02;7.370362e-02;6.075825e-02;1.203817e-01;3.423329e-02
1.332728e-01;7.639479e-02;1.044704e-01;1.376143e-01;3.623775e-02;4.625802e-02;1.063563e-01;7.867544e-02;7.628730e-02;6.089699e-02;7.987487e-02;6.366114e-02
1.722101e-01;7.721112e-02;9.005042e-02;1.232631e-01;3.601286e-02;3.158638e-02;1.203358e-01;6.963747e-02;9.477837e-02;6.223011e-02;6.008828e-02;6.259597e-02
8.586391e-02;1.261786e-01;8.470260e-02;1.093667e-01;7.428283e-02;3.103762e-02;1.426091e-01;5.056559e-02;6.574931e-02;6.565908e-02;4.098595e-02;1.229988e-01
9.522745e-02;1.121391e-01;1.192489e-01;9.187672e-02;7.252374e-02;2.737559e-02;9.945209e-02;2.199804e-02;6.779423e-02;7.352693e-02;3.809381e-02;1.807435e-01
1.524882e-01;8.435004e-02;9.331246e-02;9.951900e-02;7.248444e-02;2.598883e-02;8.556014e-02;1.391236e-02;6.555929e-02;6.261916e-02;5.512417e-02;1.890819e-01
1.684011e-01;9.280289e-02;6.815357e-02;8.878736e-02;9.534646e-02;5.139026e-02;8.209593e-02;4.472256e-02;6.413846e-02;5.183380e-02;7.523645e-02;1.170912e-01
9.212119e-02;1.801008e-01;4.979573e-02;7.852514e-02;8.346048e-02;8.669657e-02;6.811531e-02;6.263396e-02;1.077202e-01;5.022899e-02;5.917526e-02;8.142646e-02
9.397534e-02;1.857124e-01;5.433837e-02;8.551283e-02;5.292357e-02;1.112870e-01;6.271089e-02;7.162645e-02;9.546134e-02;5.369719e-02;3.400031e-02;9.875424e-02
1.270406e-01;1.445621e-01;8.553224e-02;9.500564e-02;4.586596e-02;1.041391e-01;3.751579e-02;6.865203e-02;8.343821e-02;4.849789e-02;4.331911e-02;1.164313e-01
2.061945e-01;1.286917e-01;8.994569e-02;1.166965e-01;3.470956e-02;9.413848e-02;3.565999e-02;5.574906e-02;9.823707e-02;4.674527e-02;3.050377e-02;6.272838e-02
1.564702e-01;2.497797e-01;8.399419e-02;9.679684e-02;4.211551e-02;6.904162e-02;5.628496e-02;5.277283e-02;9.214824e-02;3.966783e-02;3.502036e-02;2.590776e-02
1.071528e-01;2.792423e-01;1.383086e-01;7.100771e-02;4.911447e-02;4.331824e-02;6.082839e-02;4.707899e-02;1.030677e-01;3.884523e-02;3.304240e-02;2.899308e-02
8.016742e-02;2.110688e-01;1.897471e-01;5.887745e-02;5.647359e-02;2.283898e-02;6.510586e-02;5.729199e-02;1.419260e-01;4.035771e-02;3.072679e-02;4.541841e-02
9.357829e-02;1.778635e-01;1.936252e-01;6.304886e-02;4.529050e-02;3.229278e-02;7.376092e-02;7.019673e-02;1.365701e-01;4.186704e-02;4.856320e-02;2.334285e-02
6.582339e-02;1.265775e-01;2.166064e-01;8.532147e-02;4.776604e-02;6.486239e-02;6.606985e-02;8.951198e-02;9.378469e-02;6.218761e-02;5.250255e-02;2.898616e-02
5.625751e-02;7.960206e-02;2.386837e-01;1.004971e-01;6.899141e-02;8.847367e-02;3.648480e-02;1.257601e-01;6.264282e-02;7.680382e-02;4.173886e-02;2.406414e-02
6.692082e-02;7.526471e-02;2.396460e-01;9.122729e-02;6.366275e-02;7.779457e-02;5.636056e-02;1.287041e-01;7.781601e-02;5.617983e-02;4.419721e-02;2.222616e-02
7.863010e-02;1.307657e-01;1.795710e-01;4.981076e-02;8.189432e-02;6.882136e-02;7.095683e-02;8.364093e-02;1.151200e-01;5.355674e-02;4.004184e-02;4.719040e-02
7.116231e-02;1.532684e-01;1.159132e-01;5.981379e-02;9.167451e-02;6.831334e-02;1.099590e-01;7.408402e-02;1.333383e-01;3.798479e-02;2.815728e-02;5.633109e-02
6.241510e-02;9.729113e-02;1.268741e-01;8.141895e-02;8.521144e-02;5.503605e-02;1.276195e-01;7.198880e-02;1.673601e-01;3.623509e-02;2.360058e-02;6.494918e-02
6.656934e-02;5.225778e-02;1.369934e-01;6.734952e-02;7.751671e-02;5.338299e-02;1.165909e-01;4.065778e-02;2.245120e-01;7.171454e-02;3.694231e-02;5.551278e-02
7.670242e-02;3.946812e-02;1.876898e-01;6.282600e-02;8.936707e-02;6.218846e-02;1.649820e-01;2.954455e-02;1.415179e-01;7.393622e-02;4.317005e-02;2.860741e-02
7.808869e-02;4.357922e-02;1.983250e-01;6.460757e-02;9.704425e-02;5.830414e-02;2.557815e-01;3.931385e-02;6.152814e-02;5.166255e-02;3.495508e-02;1.681002e-02
5.956674e-02;3.532567e-02;1.493961e-01;5.763008e-02;9.736888e-02;5.462523e-02;3.352611e-01;4.526541e-02;4.747958e-02;5.809667e-02;4.050982e-02;1.947478e-02
3.347792e-02;1.590962e-02;9.352957e-02;4.922178e-02;1.304962e-01;5.798200e-02;3.679020e-01;3.456710e-02;7.253677e-02;6.807708e-02;4.949216e-02;2.680776e-02
2.781969e-02;1.712584e-02;7.835819e-02;4.380986e-02;1.163858e-01;7.274742e-02;3.415194e-01;2.593111e-02;8.591010e-02;9.805373e-02;6.150164e-02;3.083720e-02
5.045855e-02;2.825409e-02;1.142427e-01;3.047849e-02;6.619281e-02;9.519897e-02;2.723753e-01;4.435852e-02;6.972208e-02;1.277493e-01;7.161596e-02;2.935330e-02
4.226069e-02;3.393113e-02;1.212908e-01;1.699663e-02;6.747080e-02;1.382122e-01;2.390746e-01;6.368063e-02;6.130990e-02;1.050061e-01;8.354069e-02;2.722584e-02
2.070105e-02;2.523996e-02;1.441467e-01;1.409618e-02;8.192533e-02;1.561766e-01;2.424210e-01;7.271177e-02;5.675997e-02;8.017292e-02;8.707462e-02;1.857396e-02
2.131699e-02;2.539857e-02;1.383413e-01;2.132146e-02;8.354520e-02;1.437976e-01;2.354712e-01;7.942876e-02;5.671483e-02;9.700954e-02;8.051205e-02;1.714254e-02
2.383202e-02;2.595831e-02;1.437380e-01;5.453921e-02;8.398567e-02;1.139993e-01;2.350837e-01;7.970354e-02;5.560949e-02;9.339713e-02;6.836598e-02;2.178774e-02
3.729384e-02;4.990375e-02;1.373538e-01;8.094778e-02;9.606849e-02;7.280597e-02;2.562240e-01;5.120372e-02;6.414993e-02;5.944888e-02;5.773322e-02;3.686651e-02
4.370917e-02;5.999532e-02;1.131407e-01;7.826948e-02;7.671444e-02;8.432398e-02;2.787954e-01;2.907439e-02;6.135726e-02;4.991324e-02;6.949277e-02;5.521388e-02
8.779254e-02;4.523544e-02;1.537475e-01;5.711739e-02;6.983551e-02;9.675419e-02;2.573217e-01;2.181450e-02;4.410706e-02;5.116283e-02;6.649349e-02;4.861779e-02
1.269239e-01;8.168714e-02;2.592304e-01;4.495812e-02;8.602353e-02;8.532075e-02;1.487882e-01;2.240413e-02;2.746043e-02;4.100451e-02;4.241389e-02;3.378505e-02
9.269447e-02;1.106467e-01;4.131750e-01;5.616487e-02;6.563095e-02;7.497675e-02;5.234336e-02;2.180954e-02;2.868279e-02;3.442116e-02;2.865717e-02;2.079729e-02
4.480325e-02;7.907263e-02;5.313436e-01;5.177270e-02;5.091651e-02;6.783049e-02;5.944107e-02;2.105761e-02;2.020406e-02;3.113211e-02;2.747843e-02;1.494763e-02
2.556289e-02;4.191114e-02;5.988252e-01;5.887088e-02;7.243072e-02;4.634931e-02;4.794992e-02;1.573587e-02;2.044370e-02;2.935421e-02;2.607649e-02;1.648972e-02
2.961086e-02;2.779089e-02;5.583163e-01;7.802086e-02;8.215955e-02;5.784113e-02;4.878170e-02;2.476809e-02;1.898720e-02;1.877486e-02;3.590832e-02;1.904022e-02
2.251477e-02;3.788216e-02;4.686821e-01;1.009162e-01;1.074055e-01;9.183784e-02;4.352369e-02;3.924871e-02;1.222152e-02;1.371890e-02;4.791861e-02;1.413005e-02
1.801670e-02;4.810354e-02;3.785226e-01;1.097024e-01;1.321635e-01;1.093175e-01;5.970506e-02;4.786411e-02;9.801390e-03;1.224850e-02;6.287591e-02;1.167878e-02
1.276556e-02;4.610343e-02;3.939512e-01;1.141942e-01;1.365813e-01;1.075207e-01;3.784463e-02;3.958935e-02;1.635347e-02;2.133766e-02;6.012591e-02;1.363251e-02
3.648405e-02;3.855245e-02;3.107978e-01;1.049609e-01;1.479951e-01;1.043527e-01;8.920496e-02;3.064238e-02;3.891007e-02;3.668576e-02;4.407777e-02;1.733616e-02
4.362951e-02;3.073611e-02;2.686884e-01;8.815823e-02;1.285777e-01;8.671896e-02;1.250292e-01;3.904704e-02;6.728765e-02;7.670040e-02;3.291443e-02;1.251242e-02
3.003226e-02;2.910043e-02;2.895235e-01;6.400863e-02;9.303255e-02;6.582971e-02;1.072685e-01;4.268341e-02;9.767187e-02;1.080512e-01;5.528159e-02;1.751630e-02
2.527494e-02;3.847522e-02;2.758525e-01;3.235342e-02;5.643928e-02;4.385494e-02;8.112118e-02;5.794739e-02;1.126886e-01;1.245978e-01;9.780511e-02;5.358966e-02
6.648203e-02;7.329128e-02;2.264799e-01;2.175309e-02;3.536336e-02;6.586029e-02;6.697462e-02;7.139297e-02;8.899619e-02;9.879135e-02;9.430828e-02;9.030665e-02
9.727928e-02;1.043692e-01;2.736275e-01;5.697699e-02;4.862206e-02;7.218622e-02;3.797670e-02;4.144185e-02;8.280612e-02;6.284489e-02;5.143312e-02;7.043608e-02
1.113104e-01;1.282522e-01;2.829127e-01;8.470660e-02;6.821862e-02;5.638159e-02;3.925141e-02;3.205566e-02;8.286493e-02;5.479106e-02;2.236171e-02;3.689308e-02
1.606410e-01;1.203004e-01;2.245292e-01;7.463451e-02;6.413759e-02;4.734964e-02;5.506760e-02;5.061458e-02;7.807579e-02;7.546488e-02;2.776835e-02;2.141644e-02
2.204268e-01;8.595386e-02;1.349879e-01;7.012016e-02;1.065537e-01;4.554991e-02;7.744335e-02;5.491901e-02;7.114460e-02;6.761474e-02;3.200014e-02;3.328582e-02
2.559761e-01;6.030243e-02;1.248273e-01;7.305083e-02;1.292016e-01;2.718871e-02;8.959842e-02;6.262156e-02;4.307212e-02;6.308933e-02;2.645871e-02;4.461286e-02
2.922868e-01;7.283766e-02;7.908846e-02;6.210407e-02;1.175433e-01;1.718082e-02;1.071848e-01;6.736677e-02;2.379223e-02;7.879588e-02;3.048666e-02;5.133253e-02
2.929452e-01;8.799974e-02;1.216181e-01;5.140175e-02;8.429065e-02;1.200913e-02;1.134286e-01;5.806906e-02;2.029476e-02;8.924069e-02;2.281830e-02;4.588406e-02
2.757217e-01;7.899254e-02;1.181909e-01;5.239408e-02;6.573448e-02;1.674270e-02;1.478493e-01;5.321342e-02;3.057319e-02;9.385786e-02;1.984121e-02;4.688861e-02
2.344059e-01;6.185750e-02;7.768353e-02;4.189778e-02;6.741796e-02;3.805710e-02;2.375960e-01;4.583105e-02;4.952695e-02;7.800523e-02;1.782999e-02;4.989100e-02
1.674476e-01;3.185191e-02;6.010990e-02;4.655302e-02;7.665932e-02;5.168384e-02;3.275710e-01;5.265459e-02;4.893216e-02;5.858299e-02;2.708900e-02;5.086465e-02
9.400196e-02;2.915202e-02;5.185845e-02;5.599606e-02;9.692074e-02;6.180785e-02;3.666585e-01;4.450362e-02;4.388658e-02;6.721930e-02;3.830035e-02;4.969452e-02
2.333192e-02;2.978848e-02;5.371716e-02;4.521983e-02;6.477146e-02;8.526903e-02;4.069542e-01;3.234159e-02;4.648773e-02;1.045463e-01;5.460851e-02;5.296377e-02
4.186722e-02;1.221949e-02;7.905704e-02;3.372251e-02;8.847386e-02;8.452194e-02;3.724494e-01;3.424250e-02;4.874470e-02;9.545679e-02;6.385469e-02;4.538982e-02
3.844079e-02;2.391333e-02;9.524043e-02;3.194499e-02;1.005664e-01;9.948477e-02;3.571350e-01;3.007452e-02;4.740741e-02;7.252623e-02;7.044236e-02;3.282373e-02
1.588461e-02;3.527093e-02;1.149762e-01;2.597993e-02;1.010748e-01;1.027810e-01;3.431486e-01;2.538848e-02;3.937871e-02;9.502588e-02;7.607257e-02;2.501822e-02
3.610360e-02;5.320732e-02;8.381504e-02;2.295655e-02;1.279113e-01;8.081625e-02;3.347469e-01;2.801732e-02;3.354970e-02;1.080488e-01;7.148043e-02;1.934675e-02
1.253860e-01;5.512758e-02;1.379993e-01;3.620876e-02;8.918121e-02;5.280971e-02;2.771870e-01;3.294476e-02;3.117332e-02;8.943939e-02;4.237321e-02;3.016976e-02
1.771026e-01;6.957015e-02;1.850423e-01;3.996103e-02;7.736922e-02;4.527777e-02;1.742641e-01;3.392027e-02;3.629635e-02;8.198451e-02;3.862938e-02;4.058228e-02
1.508251e-01;1.362825e-01;2.864477e-01;5.810712e-02;6.126339e-02;4.566425e-02;5.991866e-02;3.067375e-02;3.949507e-02;5.889432e-02;3.357294e-02;3.885517e-02
8.391193e-02;1.474286e-01;3.235624e-01;9.362537e-02;6.493973e-02;3.436064e-02;6.258325e-02;3.253094e-02;4.490039e-02;4.858201e-02;3.231408e-02;3.126072e-02
1.031652e-01;1.030257e-01;2.583302e-01;7.918652e-02;6.764377e-02;3.890159e-02;9.105510e-02;4.704503e-02;5.892749e-02;5.163166e-02;4.478496e-02;5.630280e-02
1.006659e-01;5.584551e-02;1.625398e-01;5.219241e-02;5.362888e-02;6.782518e-02;1.282940e-01;8.532411e-02;8.574380e-02;5.849954e-02;5.439909e-02;9.504176e-02
7.000934e-02;3.378955e-02;1.440803e-01;5.189458e-02;4.341679e-02;6.726715e-02;9.912081e-02;1.264767e-01;1.163921e-01;9.583185e-02;6.819877e-02;8.352198e-02
4.926052e-02;4.209305e-02;1.011689e-01;4.445586e-02;5.046813e-02;4.355735e-02;1.053596e-01;1.302028e-01;1.201015e-01;1.487052e-01;1.164295e-01;4.819753e-02
4.334641e-02;3.528015e-02;8.936644e-02;3.219473e-02;5.341952e-02;5.027070e-02;1.013732e-01;1.077747e-01;1.438933e-01;1.510252e-01;1.411034e-01;5.095221e-02
4.947018e-02;2.950263e-02;9.510729e-02;1.909531e-02;5.307028e-02;4.844071e-02;7.949901e-02;7.052620e-02;2.199903e-01;1.362547e-01;1.318437e-01;6.719973e-02
6.159577e-02;1.660870e-02;1.073375e-01;2.523257e-02;5.361917e-02;4.935038e-02;7.988334e-02;6.951560e-02;2.449087e-01;1.089068e-01;1.369198e-01;4.612162e-02
5.474914e-02;2.914071e-02;1.267271e-01;2.508670e-02;5.511261e-02;6.837443e-02;8.543007e-02;5.592240e-02;2.528850e-01;1.024217e-01;1.088738e-01;3.527635e-02
4.898744e-02;1.584797e-02;1.436830e-01;2.358120e-02;5.742484e-02;8.641597e-02;1.169389e-01;5.349820e-02;2.249741e-01;9.659071e-02;7.357072e-02;5.848698e-02
7.476223e-02;4.425208e-02;1.458299e-01;2.046776e-02;4.957893e-02;8.824083e-02;9.267835e-02;5.276493e-02;1.465433e-01;8.149683e-02;1.274902e-01;7.589462e-02
1.101666e-01;9.908646e-02;1.403999e-01;2.201354e-02;6.628817e-02;8.107192e-02;8.116188e-02;4.131417e-02;8.073910e-02;6.531771e-02;1.108963e-01;1.015442e-01
1.492477e-01;1.345012e-01;1.422973e-01;2.573826e-02;6.793487e-02;6.034574e-02;9.453218e-02;2.220641e-02;6.252126e-02;5.488463e-02;7.389673e-02;1.118937e-01
1.581367e-01;1.221971e-01;1.520744e-01;1.894518e-02;5.203962e-02;4.327217e-02;1.352529e-01;3.096276e-02;5.126779e-02;7.364061e-02;7.300145e-02;8.920930e-02
1.374250e-01;8.283422e-02;1.435240e-01;2.793015e-02;5.886373e-02;4.865465e-02;1.600433e-01;2.237089e-02;8.094160e-02;9.138743e-02;8.215062e-02;6.387439e-02
1.531233e-01;7.833622e-02;9.263097e-02;2.699317e-02;9.403624e-02;6.747521e-02;1.225311e-01;2.433649e-02;1.085330e-01;8.271706e-02;9.580220e-02;5.348504e-02
1.052386e-01;8.410482e-02;1.253901e-01;4.236680e-02;8.802535e-02;8.540257e-02;1.331421e-01;2.264102e-02;1.037286e-01;7.015325e-02;8.413710e-02;5.566968e-02
1.209669e-01;9.689502e-02;1.239150e-01;4.919690e-02;5.232950e-02;7.622226e-02;1.705203e-01;3.529188e-02;8.207610e-02;6.405549e-02;6.096720e-02;6.756343e-02
1.471626e-01;9.779823e-02;1.139025e-01;4.986241e-02;3.082063e-02;4.698339e-02;1.819285e-01;3.702135e-02;6.990235e-02;5.595730e-02;7.972262e-02;8.893812e-02
1.319577e-01;6.893118e-02;1.142967e-01;4.455328e-02;3.822450e-02;5.701964e-02;2.040326e-01;4.188964e-02;7.104175e-02;4.841504e-02;8.633597e-02;9.330200e-02
7.336467e-02;4.497314e-02;1.214308e-01;3.774575e-02;6.065200e-02;8.926702e-02;2.043654e-01;4.722162e-02;1.023358e-01;7.422955e-02;8.209586e-02;6.231841e-02
2.784252e-02;5.014017e-02;1.367206e-01;4.063055e-02;6.897062e-02;9.990098e-02;1.722510e-01;3.539977e-02;1.171666e-01;9.221645e-02;1.088817e-01;4.987897e-02
4.743776e-02;7.684792e-02;1.364039e-01;4.544820e-02;7.822328e-02;7.740645e-02;1.523963e-01;5.249356e-02;1.031547e-01;8.028816e-02;1.100152e-01;3.988452e-02
6.138446e-02;9.084024e-02;1.236975e-01;4.792704e-02;1.069638e-01;7.210377e-02;1.109084e-01;4.584002e-02;1.051760e-01;1.037127e-01;1.060210e-01;2.542495e-02
7.032122e-02;8.345459e-02;9.131780e-02;5.194172e-02;1.213808e-01;7.588112e-02;1.462555e-01;3.687306e-02;8.878656e-02;9.672887e-02;1.036132e-01;3.344562e-02
7.128138e-02;9.374647e-02;9.725428e-02;4.259052e-02;7.949845e-02;8.091575e-02;1.821141e-01;6.481537e-02;7.057551e-02;6.359229e-02;9.447812e-02;5.913775e-02
1.012550e-01;7.854909e-02;8.732950e-02;3.432677e-02;5.907627e-02;6.189582e-02;1.426250e-01;7.107837e-02;8.413186e-02;6.364793e-02;1.079975e-01;1.080868e-01
1.187795e-01;6.386590e-02;9.282929e-02;3.209489e-02;4.045608e-02;4.142747e-02;1.619615e-01;5.626484e-02;7.056195e-02;7.500032e-02;1.362441e-01;1.105142e-01
1.073755e-01;5.312086e-02;8.040685e-02;4.853140e-02;3.297872e-02;2.993740e-02;1.813185e-01;3.981785e-02;6.573369e-02;9.540360e-02;1.771259e-01;8.824972e-02
1.402657e-01;3.265730e-02;7.032565e-02;4.928900e-02;2.398947e-02;2.473735e-02;1.815967e-01;3.078504e-02;3.575988e-02;8.963597e-02;2.087302e-01;1.122277e-01
1.506779e-01;3.512261e-02;7.303419e-02;4.285120e-02;1.606799e-02;3.457912e-02;1.804054e-01;2.966986e-02;3.634704e-02;5.631915e-02;1.904966e-01;1.544290e-01
1.281986e-01;4.092146e-02;9.102976e-02;4.297072e-02;2.930054e-02;4.191896e-02;1.752518e-01;4.060979e-02;5.406274e-02;4.633066e-02;1.327918e-01;1.766131e-01
1.118069e-01;2.526297e-02;1.414946e-01;4.242346e-02;4.656250e-02;5.070449e-02;1.743828e-01;5.286355e-02;6.049882e-02;7.854454e-02;9.802314e-02;1.174322e-01
8.215057e-02;6.054787e-02;1.553334e-01;2.811924e-02;3.448351e-02;6.090019e-02;1.299061e-01;3.988498e-02;4.024125e-02;8.564806e-02;1.257627e-01;1.570222e-01
6.589051e-02;8.542447e-02;1.404941e-01;1.910481e-02;3.729320e-02;5.954242e-02;9.954669e-02;3.473568e-02;2.452934e-02;8.023398e-02;1.533650e-01;1.998397e-01
7.722206e-02;9.026127e-02;1.071910e-01;2.036088e-02;4.437664e-02;6.078123e-02;1.252983e-01;3.322995e-02;2.863461e-02;8.101212e-02;1.574051e-01;1.742268e-01
1.006423e-01;9.350998e-02;1.107709e-01;3.032462e-02;3.961936e-02;7.352465e-02;1.571122e-01;2.544885e-02;3.660144e-02;8.663131e-02;1.381395e-01;1.076749e-01
1.248779e-01;9.074485e-02;1.322851e-01;4.652572e-02;4.199830e-02;8.090063e-02;1.666167e-01;5.048619e-02;3.823439e-02;7.305723e-02;1.029070e-01;5.136598e-02
1.632190e-01;5.548010e-02;1.418520e-01;5.758919e-02;5.213821e-02;4.773560e-02;9.033540e-02;6.144366e-02;5.102783e-02;6.866876e-02;9.832911e-02;1.121811e-01
1.515534e-01;3.446469e-02;1.845840e-01;6.131839e-02;4.411502e-02;3.098531e-02;8.555708e-02;4.348327e-02;5.157154e-02;8.141109e-02;1.013993e-01;1.295569e-01
1.436372e-01;4.574341e-02;3.278674e-01;5.663748e-02;3.189986e-02;2.252201e-02;8.686867e-02;2.747738e-02;4.413434e-02;6.918932e-02;5.991481e-02;8.410814e-02
1.395786e-01;5.952432e-02;3.712027e-01;5.416021e-02;4.630179e-02;3.244700e-02;7.513765e-02;2.507025e-02;4.129744e-02;6.562536e-02;4.601303e-02;4.364170e-02
1.198348e-01;3.402667e-02;2.822271e-01;4.994407e-02;1.069362e-01;6.229736e-02;9.740972e-02;3.148100e-02;2.895745e-02;9.813277e-02;6.014492e-02;2.860798e-02
7.275607e-02;5.846374e-02;1.579109e-01;3.422619e-02;1.549376e-01;8.700948e-02;1.725477e-01;3.811925e-02;2.407665e-02;1.124617e-01;7.089904e-02;1.659172e-02
2.375249e-02;6.077119e-02;1.281076e-01;2.900779e-02;1.614694e-01;8.989900e-02;1.922145e-01;3.731639e-02;3.360480e-02;1.238895e-01;9.249696e-02;2.747046e-02
4.523435e-02;6.272729e-02;1.254781e-01;3.755520e-02;1.271648e-01;8.795036e-02;1.463769e-01;4.124715e-02;4.025754e-02;1.381572e-01;1.147144e-01;3.313665e-02
7.746460e-02;6.800180e-02;9.644081e-02;4.754150e-02;1.092651e-01;1.147177e-01;8.439668e-02;3.475828e-02;5.281421e-02;1.622152e-01;1.143123e-01;3.807189e-02
1.146275e-01;5.863821e-02;7.694595e-02;5.805914e-02;1.023724e-01;9.973104e-02;9.500789e-02;3.554880e-02;6.056020e-02;1.658325e-01;9.527760e-02;3.739873e-02
1.169719e-01;4.827930e-02;1.580284e-01;6.227070e-02;9.297201e-02;5.524641e-02;1.237039e-01;3.597923e-02;5.667687e-02;1.336257e-01;8.556715e-02;3.067843e-02
1.068333e-01;4.042822e-02;2.160610e-01;6.123088e-02;8.289313e-02;3.937677e-02;1.007256e-01;5.000585e-02;5.899164e-02;1.253428e-01;8.028509e-02;3.782576e-02
7.483722e-02;4.078975e-02;3.002097e-01;5.095771e-02;6.973532e-02;3.927298e-02;1.161104e-01;4.936364e-02;5.503272e-02;9.921905e-02;6.745991e-02;3.701153e-02
4.861278e-02;5.165006e-02;3.555546e-01;4.460740e-02;6.451754e-02;6.140547e-02;8.750302e-02;4.110764e-02;5.601965e-02;9.205984e-02;5.675226e-02;4.020973e-02
3.209155e-02;4.233792e-02;3.939736e-01;3.548555e-02;5.141719e-02;6.642462e-02;1.185822e-01;4.581973e-02;5.702772e-02;7.979535e-02;4.274367e-02;3.430084e-02
4.325554e-02;3.569278e-02;4.159102e-01;4.792311e-02;6.071591e-02;4.244571e-02;1.401233e-01;4.582348e-02;6.016435e-02;5.884943e-02;2.388729e-02;2.520885e-02
3.868195e-02;1.833777e-02;3.975735e-01;4.962019e-02;7.658919e-02;4.461225e-02;1.294682e-01;4.324986e-02;6.658059e-02;6.689090e-02;4.683317e-02;2.156239e-02
4.016066e-02;2.155658e-02;3.645656e-01;4.459015e-02;7.264056e-02;5.727502e-02;1.255495e-01;4.212294e-02;7.082552e-02;6.674571e-02;6.226692e-02;3.170082e-02
4.342857e-02;2.736994e-02;3.615146e-01;4.672063e-02;5.946103e-02;6.989809e-02;1.149743e-01;4.023344e-02;7.113101e-02;6.553814e-02;6.084055e-02;3.888975e-02
4.624686e-02;2.826750e-02;3.890863e-01;4.777753e-02;5.571923e-02;7.513978e-02;9.445628e-02;5.083451e-02;5.179657e-02;6.962113e-02;5.233134e-02;3.872295e-02
3.566711e-02;2.619100e-02;3.096573e-01;6.024564e-02;6.518982e-02;5.893058e-02;1.664613e-01;6.168447e-02;4.780363e-02;7.279703e-02;4.601387e-02;4.935830e-02
5.394977e-02;4.665365e-02;1.880255e-01;8.693799e-02;9.446886e-02;6.603166e-02;1.589173e-01;6.906587e-02;6.042069e-02;8.146497e-02;4.921049e-02;4.485324e-02
4.900100e-02;5.733588e-02;2.446429e-01;8.289212e-02;1.072901e-01;6.708548e-02;1.236140e-01;7.580636e-02;6.450475e-02;6.855129e-02;3.136660e-02;2.790962e-02
4.894559e-02;4.284440e-02;3.385437e-01;8.690821e-02;1.076187e-01;4.628014e-02;7.833982e-02;7.626662e-02;7.235380e-02;6.279107e-02;2.338932e-02;1.571866e-02
6.801948e-02;2.982537e-02;3.426957e-01;1.050865e-01;9.901644e-02;3.482821e-02;5.657518e-02;5.936241e-02;8.427797e-02;7.308223e-02;2.942691e-02;1.780365e-02
8.668752e-02;2.160160e-02;3.258885e-01;1.103385e-01;8.668766e-02;3.231276e-02;5.033962e-02;4.186017e-02;9.240752e-02;9.809543e-02;3.519730e-02;1.858337e-02
1.042626e-01;2.009857e-02;2.988671e-01;1.236720e-01;8.834732e-02;3.753939e-02;5.235439e-02;3.251875e-02;7.836126e-02;1.067645e-01;3.456347e-02;2.265071e-02
1.535106e-01;4.322168e-02;2.534643e-01;1.357855e-01;7.526695e-02;3.151959e-02;3.663598e-02;2.438310e-02;7.292808e-02;1.036570e-01;4.015446e-02;2.947273e-02
