1.319911e-02;7.223521e-02;1.901520e-01;1.243379e-01;1.361919e-01;3.966845e-02;3.065560e-02;8.080404e-02;4.694967e-02;2.568166e-02;1.549500e-01;8.517443e-02
8.100522e-02;6.369195e-02;1.053863e-01;8.419050e-02;1.301916e-01;4.332573e-02;8.091781e-02;4.560481e-02;7.438456e-02;1.410342e-02;9.839317e-02;1.788050e-01
1.399521e-01;3.339521e-02;9.894684e-02;4.515690e-02;1.206719e-01;6.810459e-02;1.081799e-01;3.092915e-02;9.229623e-02;1.575207e-02;5.546278e-02;1.911523e-01
2.298396e-01;4.235426e-02;8.170325e-02;5.372755e-02;1.026401e-01;9.893413e-02;1.188378e-01;2.379653e-02;8.167624e-02;2.072271e-02;1.835490e-02;1.274129e-01
3.016807e-01;6.929018e-02;5.646452e-02;9.759081e-02;6.238327e-02;1.140561e-01;1.490350e-01;2.194589e-02;4.428503e-02;3.294115e-02;6.375071e-03;4.395222e-02
2.921183e-01;9.070554e-02;4.364650e-02;1.576048e-01;4.205683e-02;1.152167e-01;1.454065e-01;3.256282e-02;1.245887e-02;3.865217e-02;5.841424e-03;2.372964e-02
2.648542e-01;9.729405e-02;3.635737e-02;1.833026e-01;5.392495e-02;1.150415e-01;1.169620e-01;3.455931e-02;1.961458e-02;4.385314e-02;8.945442e-03;2.529081e-02
2.482057e-01;9.080417e-02;2.945899e-02;1.695284e-01;6.706341e-02;1.319042e-01;1.300179e-01;2.905493e-02;1.456423e-02;5.410971e-02;8.665713e-03;2.662258e-02
2.034418e-01;8.661918e-02;6.361915e-02;1.261331e-01;8.008426e-02;1.422945e-01;1.503977e-01;3.377081e-02;1.631379e-02;5.266623e-02;1.256550e-02;3.209408e-02
1.908426e-01;8.596075e-02;1.172224e-01;8.116538e-02;6.829956e-02;1.345612e-01;1.255871e-01;4.295673e-02;4.297584e-02;5.171742e-02;2.359539e-02;3.511555e-02
2.259382e-01;5.424884e-02;1.392615e-01;3.841127e-02;4.276789e-02;9.851145e-02;9.645382e-02;5.848205e-02;9.825236e-02;7.518669e-02;3.467148e-02;3.781438e-02
2.840103e-01;1.016898e-01;6.693391e-02;3.250299e-02;6.087466e-02;7.966163e-02;8.239052e-02;7.103483e-02;9.569544e-02;5.779392e-02;2.377756e-02;4.363437e-02
3.203278e-01;1.015051e-01;7.447217e-02;7.955459e-02;6.925740e-02;6.159223e-02;9.862581e-02;5.406030e-02;5.006025e-02;4.234426e-02;1.417848e-02;3.402152e-02
2.698927e-01;8.007874e-02;7.054810e-02;8.083850e-02;6.132319e-02;6.478384e-02;9.101284e-02;4.011689e-02;7.991853e-02;6.930887e-02;2.685782e-02;6.531999e-02
1.842095e-01;6.633665e-02;7.559388e-02;5.256516e-02;5.237539e-02;5.216414e-02;9.815624e-02;5.906820e-02;1.053484e-01;1.066931e-01;4.373718e-02;1.037522e-01
1.043034e-01;7.865919e-02;9.392141e-02;2.378920e-02;1.070856e-01;7.441107e-02;1.027063e-01;8.013565e-02;1.194111e-01;9.521747e-02;3.641754e-02;8.394197e-02
1.066151e-01;7.523133e-02;1.199344e-01;3.682217e-02;1.109564e-01;8.421563e-02;8.396766e-02;6.819715e-02;1.147425e-01;6.668895e-02;5.909185e-02;7.353672e-02
1.361343e-01;9.892596e-02;1.358501e-01;3.708164e-02;8.370136e-02;6.607901e-02;1.279098e-01;5.656956e-02;6.904764e-02;6.030780e-02;7.060713e-02;5.778568e-02
1.089216e-01;1.213987e-01;1.439241e-01;2.332935e-02;5.799066e-02;3.805050e-02;2.311077e-01;5.844292e-02;5.048586e-02;4.567125e-02;8.324613e-02;3.743116e-02
5.925587e-02;1.620184e-01;1.256639e-01;1.093854e-02;4.316697e-02;3.182495e-02;3.323703e-01;5.306435e-02;4.413656e-02;3.166099e-02;8.717922e-02;1.871999e-02
8.008202e-02;1.965499e-01;9.512527e-02;7.621995e-03;3.154830e-02;3.776062e-02;3.632865e-01;3.708070e-02;3.853475e-02;2.240771e-02;6.777982e-02;2.222235e-02
1.347473e-01;2.139986e-01;7.649875e-02;1.798472e-02;2.210397e-02;4.504630e-02;3.250046e-01;2.562539e-02;3.127646e-02;3.154281e-02;3.484799e-02;4.132317e-02
1.977188e-01;1.914154e-01;5.218837e-02;3.198502e-02;2.185845e-02;6.698752e-02;2.512560e-01;3.450391e-02;2.020159e-02;6.440189e-02;1.903621e-02;4.844681e-02
2.171299e-01;1.432767e-01;6.321859e-02;4.329805e-02;5.125473e-02;8.842783e-02;1.838082e-01;5.336823e-02;2.013848e-02;6.874198e-02;1.733514e-02;5.000208e-02
1.710157e-01;9.680464e-02;1.008431e-01;5.415752e-02;1.144620e-01;9.110644e-02;1.512730e-01;5.156292e-02;3.442434e-02;4.584597e-02;1.928665e-02;6.921778e-02
6.085066e-02;9.136814e-02;1.383823e-01;7.176632e-02;1.756115e-01;6.019115e-02;1.490095e-01;3.807602e-02;4.811220e-02;2.900649e-02;2.977983e-02;1.078459e-01
3.934443e-02;1.168620e-01;1.757143e-01;1.480802e-01;1.257339e-01;3.803101e-02;1.091181e-01;3.233212e-02;4.165797e-02;2.927754e-02;4.329314e-02;1.005553e-01
6.444040e-02;1.443396e-01;1.496684e-01;1.492152e-01;1.214302e-01;4.614631e-02;1.059288e-01;2.347738e-02;3.815927e-02;2.185648e-02;4.630496e-02;8.903306e-02
6.907450e-02;1.695782e-01;1.570162e-01;1.095866e-01;1.374550e-01;4.244909e-02;1.063412e-01;4.309744e-02;3.667109e-02;2.456049e-02;4.088456e-02;6.328553e-02
6.853358e-02;2.111694e-01;1.458501e-01;8.609030e-02;1.281747e-01;4.810947e-02;9.858088e-02;5.925016e-02;3.007474e-02;2.345426e-02;5.121320e-02;4.949922e-02
5.757527e-02;2.119263e-01;1.179172e-01;1.078589e-01;1.253120e-01;5.021316e-02;7.863889e-02;6.959755e-02;3.816379e-02;3.206300e-02;6.355009e-02;4.718386e-02
3.862382e-02;2.245574e-01;1.154468e-01;1.302593e-01;1.081009e-01;3.181767e-02;6.130546e-02;8.783156e-02;3.898076e-02;3.067358e-02;8.228230e-02;5.012049e-02
4.408918e-02;2.068711e-01;9.173868e-02;1.002337e-01;1.527564e-01;3.822035e-02;7.043622e-02;7.438110e-02;6.960895e-02;2.705227e-02;5.971793e-02;6.489413e-02
5.242296e-02;1.438580e-01;1.319380e-01;5.182539e-02;2.054687e-01;5.133833e-02;6.094386e-02;5.080556e-02;9.951442e-02;3.001064e-02;2.216073e-02;9.971339e-02
9.998397e-02;8.675858e-02;2.011550e-01;4.263259e-02;1.639772e-01;6.684773e-02;6.901065e-02;3.273726e-02;9.252445e-02;3.246099e-02;2.416837e-02;8.774327e-02
1.445877e-01;7.160028e-02;2.148093e-01;5.379589e-02;1.114601e-01;1.271721e-01;8.025078e-02;2.010985e-02;6.380931e-02;3.546179e-02;1.630734e-02;6.063548e-02
1.493545e-01;6.455531e-02;1.402368e-01;8.433081e-02;6.307627e-02;2.629138e-01;9.556229e-02;3.297891e-02;3.249813e-02;3.376633e-02;8.493983e-03;3.223290e-02
1.274877e-01;4.398625e-02;9.252070e-02;7.603021e-02;6.183072e-02;3.831926e-01;9.856386e-02;3.850826e-02;3.090509e-02;1.384794e-02;1.186329e-02;2.126334e-02
1.042994e-01;2.054186e-02;7.234730e-02;3.998396e-02;6.040471e-02;3.914301e-01;9.672451e-02;7.453685e-02;6.645925e-02;4.331123e-02;1.673190e-02;1.322900e-02
7.430171e-02;1.491231e-02;6.632716e-02;2.265467e-02;7.176207e-02;3.053180e-01;7.711352e-02;1.359299e-01;1.115165e-01;8.606943e-02;2.525635e-02;8.838383e-03
6.323489e-02;1.788302e-02;6.457542e-02;2.366585e-02;9.144915e-02;2.299616e-01;4.372098e-02;1.631891e-01;1.300586e-01;1.243359e-01;3.013658e-02;1.778892e-02
8.302142e-02;2.055673e-02;4.689777e-02;2.150434e-02;1.009387e-01;2.314923e-01;3.862197e-02;1.451835e-01;1.234168e-01;1.498586e-01;2.320770e-02;1.530020e-02
1.126207e-01;1.879635e-02;2.925260e-02;2.708515e-02;1.023349e-01;2.381092e-01;4.395957e-02;1.150805e-01;9.168459e-02;1.836129e-01;1.880173e-02;1.866174e-02
1.283804e-01;2.240103e-02;1.740956e-02;3.734262e-02;9.800965e-02;2.363442e-01;8.297165e-02;9.206533e-02;5.440442e-02;1.908461e-01;9.290117e-03;3.053487e-02
1.421228e-01;2.824930e-02;2.101180e-02;5.109702e-02;9.481278e-02;2.289809e-01;9.051288e-02;6.440045e-02;2.600415e-02;1.760183e-01;1.018929e-02;6.660032e-02
1.491897e-01;5.936973e-02;2.897243e-02;5.454323e-02;7.082446e-02;1.804668e-01;1.301851e-01;4.105640e-02;2.804535e-02;1.355182e-01;2.083034e-02;1.009982e-01
1.345052e-01;8.498193e-02;6.253635e-02;4.752544e-02;4.675166e-02;1.288459e-01;1.772300e-01;3.748720e-02;3.373122e-02;9.658179e-02;3.580088e-02;1.140225e-01
1.158583e-01;8.197310e-02;1.041304e-01;3.925877e-02;4.862897e-02;1.003799e-01;1.958487e-01;3.404774e-02;5.076878e-02;6.616444e-02;5.064015e-02;1.123008e-01
1.053041e-01;2.498942e-02;1.116899e-01;4.166424e-02;5.063991e-02;7.817356e-02;1.345345e-01;8.984590e-02;7.345691e-02;1.444482e-01;4.521944e-02;1.000338e-01
1.433645e-01;4.272742e-02;1.146747e-01;3.510982e-02;5.350751e-02;9.178255e-02;7.890783e-02;8.238946e-02;8.250544e-02;1.234165e-01;1.825329e-02;1.333609e-01
1.656656e-01;5.445985e-02;9.102794e-02;2.384771e-02;4.575080e-02;1.029143e-01;7.927107e-02;8.093644e-02;9.187281e-02;1.000551e-01;1.579800e-02;1.484004e-01
1.362356e-01;3.921398e-02;5.600594e-02;3.802466e-02;3.665151e-02;9.818029e-02;1.037678e-01;9.885211e-02;8.776163e-02;1.276849e-01;4.651367e-02;1.311079e-01
1.024578e-01;5.562576e-02;4.874356e-02;6.524491e-02;5.530009e-02;7.082392e-02;1.360508e-01;1.223096e-01;6.931376e-02;9.319437e-02;9.542108e-02;8.551437e-02
7.586782e-02;1.046730e-01;8.528370e-02;6.455477e-02;5.996462e-02;5.281347e-02;1.367292e-01;1.369103e-01;6.711131e-02;6.467163e-02;8.329920e-02;6.812104e-02
7.474787e-02;1.310838e-01;1.898533e-01;6.825193e-02;5.782573e-02;3.697179e-02;1.132085e-01;1.202440e-01;7.298806e-02;4.010906e-02;4.870139e-02;4.601473e-02
7.471698e-02;1.330457e-01;2.280096e-01;4.890883e-02;5.307430e-02;2.180224e-02;1.638536e-01;8.209297e-02;7.145822e-02;3.511722e-02;6.978943e-02;1.813104e-02
8.993192e-02;1.495626e-01;2.099530e-01;3.229477e-02;4.450139e-02;2.426045e-02;1.982273e-01;6.762341e-02;7.594109e-02;2.470031e-02;6.661353e-02;1.639018e-02
1.352996e-01;1.369984e-01;1.529015e-01;3.135061e-02;4.366326e-02;4.790180e-02;1.864439e-01;7.447098e-02;8.874386e-02;3.633336e-02;4.341402e-02;2.247862e-02
1.902719e-01;6.901088e-02;8.254167e-02;4.363794e-02;4.791379e-02;9.981753e-02;1.413712e-01;1.321692e-01;8.591448e-02;6.788378e-02;2.033206e-02;1.913558e-02
1.879061e-01;9.598844e-02;4.130281e-02;4.414649e-02;3.652259e-02;1.404834e-01;1.231323e-01;1.593387e-01;4.582627e-02;1.008367e-01;1.122472e-02;1.329158e-02
1.864205e-01;9.833063e-02;3.677994e-02;4.606970e-02;3.254290e-02;1.561971e-01;1.295626e-01;1.463932e-01;2.607622e-02;1.219344e-01;5.817832e-03;1.387497e-02
1.951568e-01;7.041074e-02;2.376854e-02;4.484498e-02;4.286433e-02;1.766426e-01;1.215391e-01;1.458825e-01;2.365410e-02;1.306019e-01;7.311994e-03;1.732252e-02
1.860984e-01;3.900703e-02;3.710191e-02;3.568097e-02;7.191177e-02;1.836144e-01;1.004955e-01;1.388859e-01;4.703352e-02;1.121915e-01;1.857910e-02;2.940002e-02
1.618317e-01;1.997654e-02;7.335593e-02;2.490181e-02;1.135188e-01;1.691696e-01;6.862633e-02;9.196857e-02;1.122847e-01;6.616084e-02;4.416237e-02;5.404275e-02
1.113235e-01;2.944337e-02;9.080715e-02;2.353588e-02;1.250044e-01;1.222246e-01;8.702450e-02;5.877928e-02;1.703203e-01;5.357982e-02;6.073152e-02;6.722570e-02
4.724320e-02;4.225441e-02;1.389884e-01;2.896935e-02;1.044457e-01;7.864329e-02;8.393124e-02;9.910920e-02;1.602890e-01;8.301092e-02;6.857824e-02;6.453705e-02
4.973092e-02;4.227152e-02;2.146088e-01;5.569411e-02;7.434118e-02;7.260944e-02;3.671065e-02;1.600424e-01;9.045439e-02;7.801863e-02;8.103840e-02;4.447960e-02
7.233223e-02;3.602597e-02;2.289319e-01;6.877539e-02;8.891179e-02;7.909504e-02;5.078012e-02;1.446256e-01;6.196769e-02;5.351089e-02;7.831428e-02;3.672912e-02
1.032372e-01;6.618195e-02;1.919138e-01;7.799640e-02;1.135422e-01;7.640039e-02;5.458605e-02;8.879179e-02;6.355005e-02;6.313279e-02;5.630052e-02;4.436679e-02
1.078660e-01;7.435384e-02;1.685893e-01;8.681893e-02;1.516837e-01;5.958062e-02;5.963043e-02;5.858114e-02;5.722341e-02;8.353411e-02;4.149450e-02;5.064404e-02
1.076300e-01;4.634918e-02;9.212894e-02;5.570490e-02;1.477333e-01;4.054025e-02;1.149167e-01;9.211373e-02;8.993684e-02;7.699435e-02;5.051645e-02;8.543530e-02
1.507729e-01;4.515044e-02;5.650401e-02;3.244410e-02;1.055634e-01;6.611825e-02;1.353015e-01;8.306615e-02;1.163467e-01;3.991077e-02;7.743005e-02;9.139174e-02
2.311619e-01;6.054529e-02;6.033007e-02;2.336938e-02;8.209461e-02;9.514861e-02;1.252306e-01;5.659472e-02;7.236588e-02;3.653885e-02;8.952278e-02;6.709735e-02
2.872773e-01;8.947562e-02;5.122125e-02;2.304931e-02;7.470693e-02;1.059591e-01;1.253505e-01;5.481903e-02;2.687800e-02;4.100587e-02;6.871999e-02;5.153714e-02
3.230473e-01;1.148692e-01;5.190032e-02;1.485432e-02;6.859919e-02;1.051134e-01;1.104631e-01;5.850961e-02;3.058547e-02;3.426759e-02;4.707707e-02;4.071334e-02
3.503251e-01;1.245686e-01;2.698417e-02;1.010622e-02;6.469172e-02;1.142612e-01;9.615798e-02;5.531218e-02;3.465919e-02;4.045744e-02;4.317075e-02;3.930543e-02
3.400551e-01;1.116168e-01;2.883914e-02;1.094190e-02;5.809904e-02;1.451925e-01;8.007953e-02;5.065126e-02;2.916402e-02;5.344790e-02;4.965665e-02;4.225614e-02
3.015006e-01;7.996326e-02;3.223199e-02;1.737302e-02;6.296457e-02;1.733619e-01;8.134092e-02;5.852740e-02;3.316463e-02;6.018352e-02;5.150236e-02;4.788573e-02
2.630636e-01;5.611506e-02;2.832010e-02;2.524216e-02;6.958562e-02;1.840089e-01;9.866372e-02;7.144121e-02;3.935130e-02;6.921875e-02;5.415871e-02;4.083086e-02
2.333217e-01;4.649948e-02;2.367007e-02;3.159945e-02;7.618124e-02;1.810656e-01;1.162450e-01;7.138087e-02;4.236022e-02;5.835545e-02;7.879055e-02;4.053043e-02
2.586676e-01;4.436164e-02;7.287913e-02;2.251480e-02;6.826798e-02;1.623514e-01;1.151452e-01;4.537220e-02;3.286517e-02;4.379847e-02;8.705191e-02;4.672447e-02
2.323175e-01;9.668750e-02;9.250955e-02;1.806553e-02;6.499948e-02;1.613331e-01;9.923727e-02;3.028357e-02;4.744641e-02;5.065982e-02;7.252795e-02;3.393231e-02
1.789242e-01;7.936744e-02;8.000640e-02;1.586648e-02;7.842096e-02;2.045420e-01;9.223334e-02;3.342848e-02;5.676676e-02;6.317388e-02;8.397698e-02;3.329320e-02
1.137839e-01;4.360774e-02;8.472625e-02;8.155429e-03;1.210819e-01;2.257785e-01;7.273333e-02;2.603585e-02;8.498763e-02;3.433723e-02;1.418020e-01;4.297037e-02
6.368431e-02;2.122096e-02;1.121201e-01;2.619456e-02;1.646278e-01;1.775202e-01;4.657837e-02;2.194686e-02;1.184077e-01;2.469813e-02;1.636294e-01;5.937157e-02
6.100865e-02;3.347543e-02;1.146686e-01;4.041901e-02;1.825224e-01;1.275591e-01;5.233883e-02;2.295769e-02;1.239594e-01;3.134488e-02;1.393637e-01;7.038223e-02
7.182807e-02;6.875770e-02;1.225271e-01;5.429539e-02;1.645544e-01;9.615388e-02;7.362957e-02;3.788502e-02;1.083315e-01;3.107484e-02;9.434705e-02;7.661556e-02
7.111065e-02;1.125921e-01;1.487068e-01;6.959098e-02;1.282413e-01;6.262911e-02;9.696817e-02;4.721827e-02;9.900196e-02;2.566824e-02;5.998975e-02;7.828268e-02
9.947903e-02;1.430839e-01;1.625844e-01;7.497722e-02;9.005406e-02;3.746973e-02;1.059245e-01;4.545978e-02;9.551499e-02;3.292642e-02;4.800247e-02;6.452352e-02
1.370727e-01;6.661767e-02;2.319798e-01;7.045782e-02;7.481610e-02;5.911885e-02;5.685052e-02;3.735654e-02;9.564645e-02;3.907523e-02;8.836550e-02;4.264281e-02
1.079037e-01;7.898172e-02;2.102633e-01;7.567659e-02;7.800056e-02;6.431323e-02;5.415532e-02;2.915004e-02;8.046699e-02;3.075070e-02;1.232978e-01;6.704007e-02
8.434347e-02;1.118211e-01;1.762736e-01;7.382692e-02;8.478707e-02;6.804131e-02;4.309713e-02;2.724463e-02;7.412125e-02;2.582798e-02;1.484475e-01;8.216809e-02
5.595773e-02;1.339775e-01;1.263905e-01;7.392488e-02;1.086792e-01;8.144402e-02;4.268585e-02;3.865898e-02;5.644377e-02;4.382538e-02;1.771009e-01;6.091129e-02
7.614449e-02;1.178407e-01;6.767580e-02;8.504380e-02;7.271773e-02;1.004078e-01;6.356023e-02;7.742875e-02;5.544806e-02;1.021063e-01;1.335344e-01;4.809185e-02
7.393195e-02;5.369372e-02;3.798578e-02;9.450838e-02;7.838425e-02;9.998312e-02;1.058568e-01;1.122290e-01;7.681547e-02;1.254382e-01;8.975767e-02;5.141566e-02
5.344765e-02;4.207500e-02;5.380961e-02;9.076087e-02;9.654888e-02;9.191150e-02;1.203102e-01;1.155142e-01;1.024145e-01;1.126395e-01;6.627979e-02;5.428836e-02
2.941942e-02;4.434214e-02;7.193425e-02;7.280663e-02;1.051001e-01;7.748340e-02;1.050372e-01;1.037931e-01;1.375410e-01;1.407378e-01;5.629583e-02;5.550915e-02
4.611471e-02;7.845829e-02;9.724782e-02;3.672704e-02;7.379289e-02;4.405759e-02;1.181355e-01;6.899145e-02;1.807582e-01;1.558871e-01;5.010481e-02;4.972461e-02
5.493764e-02;9.867971e-02;2.077928e-01;5.899883e-02;3.654368e-02;4.095612e-02;1.410768e-01;8.639193e-02;9.853408e-02;6.661879e-02;4.921649e-02;6.025314e-02
8.139494e-02;9.935489e-02;2.571396e-01;5.520381e-02;3.140713e-02;2.534005e-02;1.375620e-01;1.000875e-01;5.461179e-02;5.687516e-02;4.421990e-02;5.680314e-02
9.829742e-02;7.626922e-02;3.147568e-01;4.827646e-02;2.475635e-02;1.117637e-02;1.359079e-01;1.256313e-01;4.254074e-02;4.699010e-02;3.301478e-02;4.238258e-02
7.095566e-02;4.617817e-02;3.224091e-01;4.359477e-02;2.632635e-02;1.101327e-02;1.310195e-01;1.754260e-01;4.576084e-02;3.879377e-02;5.275179e-02;3.577086e-02
3.096370e-02;4.537965e-02;2.728125e-01;2.698036e-02;3.561064e-02;8.708987e-03;1.472797e-01;2.293477e-01;6.989456e-02;2.708703e-02;7.912853e-02;2.680671e-02
1.729435e-02;4.857899e-02;2.033019e-01;8.291472e-03;5.267198e-02;6.881501e-03;2.278928e-01;2.658367e-01;7.583984e-02;1.514630e-02;6.115237e-02;1.711176e-02
1.411953e-02;5.014295e-02;1.606525e-01;6.499473e-03;7.722359e-02;1.047169e-02;2.929245e-01;2.726544e-01;5.330902e-02;1.479796e-02;2.885440e-02;1.835000e-02
1.243187e-02;5.478177e-02;1.553703e-01;7.234802e-03;1.100546e-01;1.864261e-02;3.101237e-01;2.618346e-01;2.433610e-02;1.594000e-02;8.370740e-03;2.087887e-02
1.002475e-02;6.223681e-02;1.967953e-01;7.369950e-03;1.260612e-01;2.690460e-02;2.502415e-01;2.394932e-01;1.758913e-02;1.960237e-02;8.237777e-03;3.544354e-02
3.185455e-02;8.135327e-02;3.043660e-01;1.406999e-02;9.267370e-02;1.995429e-02;1.351246e-01;2.101857e-01;2.392057e-02;2.310021e-02;1.196601e-02;5.143109e-02
2.811086e-02;6.224378e-02;4.247948e-01;1.634115e-02;4.461624e-02;1.069075e-02;1.067374e-01;1.932011e-01;2.910603e-02;1.955570e-02;7.458165e-03;5.714414e-02
1.554646e-02;2.610267e-02;4.790473e-01;1.557932e-02;2.521318e-02;1.067750e-02;1.324410e-01;1.822931e-01;3.283545e-02;1.504597e-02;1.527349e-02;4.994452e-02
1.177519e-02;2.719313e-02;4.804633e-01;3.219046e-02;1.815888e-02;2.842210e-02;1.078708e-01;1.805883e-01;3.311997e-02;1.972718e-02;9.859920e-03;5.063077e-02
1.381807e-02;2.130728e-02;4.433069e-01;5.509527e-02;1.973025e-02;5.630394e-02;8.400147e-02;1.970498e-01;2.897505e-02;2.208158e-02;9.694910e-03;4.863552e-02
1.226314e-02;1.792736e-02;3.657709e-01;4.358321e-02;2.639179e-02;1.017835e-01;1.045060e-01;2.304417e-01;3.054538e-02;1.881714e-02;9.441088e-03;3.852874e-02
1.223341e-02;3.236112e-02;2.924354e-01;1.440382e-02;2.710642e-02;1.281667e-01;1.277434e-01;2.832418e-01;2.407035e-02;2.144880e-02;9.626238e-03;2.716246e-02
6.268451e-03;3.214413e-02;2.911295e-01;8.920841e-03;2.078773e-02;8.898860e-02;1.249830e-01;3.450828e-01;2.030993e-02;2.676566e-02;6.383890e-03;2.823542e-02
3.714805e-03;3.460043e-02;3.116165e-01;2.062471e-02;1.564930e-02;4.160433e-02;9.530707e-02;3.642377e-01;3.252036e-02;3.385218e-02;4.898678e-03;4.137389e-02
2.151496e-02;6.558439e-02;2.843738e-01;1.938773e-02;2.686440e-02;4.855461e-02;9.330397e-02;3.146224e-01;2.541102e-02;3.688969e-02;1.671485e-02;4.677812e-02
5.869402e-02;1.052289e-01;2.239080e-01;1.275627e-02;4.298012e-02;3.479281e-02;1.716328e-01;2.278859e-01;1.876536e-02;3.431046e-02;2.963916e-02;3.940621e-02
8.544113e-02;1.090745e-01;1.633783e-01;2.939667e-02;5.852867e-02;7.920829e-02;1.872652e-01;1.540330e-01;2.825698e-02;3.905575e-02;3.182672e-02;3.453474e-02
7.519880e-02;1.069658e-01;1.154990e-01;6.183994e-02;1.037475e-01;1.304881e-01;1.163382e-01;1.458666e-01;4.868877e-02;4.592058e-02;2.044507e-02;2.900177e-02
3.357199e-02;9.090296e-02;1.924040e-01;9.078067e-02;1.178011e-01;7.757061e-02;1.287704e-01;1.539596e-01;4.857813e-02;2.828819e-02;2.117991e-02;1.619250e-02
3.839387e-02;1.001416e-01;2.165417e-01;9.077362e-02;9.728314e-02;4.201861e-02;1.222791e-01;1.628851e-01;3.846235e-02;2.980641e-02;2.324610e-02;3.816837e-02
9.978464e-02;8.365455e-02;1.536313e-01;5.394132e-02;4.767354e-02;4.388904e-02;1.208530e-01;1.265727e-01;4.570631e-02;5.000500e-02;5.918653e-02;1.151021e-01
1.342371e-01;6.824810e-02;1.178456e-01;3.204380e-02;4.420392e-02;4.499222e-02;9.012072e-02;8.815784e-02;4.433471e-02;3.816968e-02;1.149845e-01;1.826618e-01
1.250144e-01;6.041266e-02;1.134221e-01;3.660885e-02;5.911131e-02;3.936132e-02;5.194953e-02;8.282454e-02;3.744776e-02;4.018116e-02;1.164925e-01;2.371739e-01
9.152525e-02;6.359868e-02;9.526384e-02;7.421990e-02;5.286242e-02;4.154414e-02;4.566508e-02;1.380289e-01;5.105108e-02;6.479070e-02;8.791284e-02;1.935371e-01
6.074409e-02;7.204991e-02;6.943175e-02;7.677429e-02;6.305640e-02;4.749066e-02;6.762356e-02;1.370999e-01;1.057616e-01;1.242432e-01;1.385681e-01;3.715650e-02
7.606096e-02;7.231676e-02;5.411588e-02;6.242698e-02;6.168723e-02;5.117564e-02;6.483225e-02;1.416602e-01;8.204851e-02;1.011386e-01;1.838514e-01;4.868563e-02
5.974952e-02;8.193474e-02;5.626837e-02;5.134435e-02;4.819607e-02;4.829979e-02;1.039399e-01;1.643944e-01;7.284687e-02;4.360718e-02;1.892998e-01;8.011895e-02
7.007062e-02;8.739465e-02;7.935425e-02;4.570226e-02;3.149324e-02;3.152077e-02;1.121993e-01;1.636172e-01;1.019706e-01;3.471891e-02;1.587813e-01;8.317684e-02
1.046779e-01;8.015577e-02;8.234226e-02;4.033200e-02;2.385917e-02;3.824454e-02;1.635944e-01;1.461576e-01;1.003130e-01;5.344999e-02;1.159013e-01;5.097209e-02
7.467032e-02;8.473500e-02;1.077845e-01;3.481635e-02;2.612342e-02;5.225726e-02;2.586208e-01;7.032953e-02;8.428315e-02;8.925935e-02;7.531469e-02;4.180558e-02
1.113634e-01;8.393355e-02;8.630145e-02;3.371642e-02;3.860831e-02;6.346791e-02;2.368498e-01;4.061073e-02;5.345021e-02;1.216766e-01;8.138905e-02;4.863260e-02
1.648024e-01;6.521931e-02;5.204413e-02;2.899753e-02;7.027378e-02;9.465330e-02;1.937691e-01;3.552582e-02;3.809766e-02;1.255859e-01;5.738488e-02;7.364623e-02
1.577259e-01;3.886398e-02;6.768414e-02;3.152794e-02;1.259821e-01;1.014521e-01;1.082427e-01;3.037017e-02;9.469559e-02;9.681163e-02;2.239379e-02;1.242500e-01
1.323957e-01;2.145203e-02;9.059384e-02;2.872007e-02;1.606064e-01;7.086668e-02;6.579752e-02;1.906085e-02;1.467216e-01;5.433946e-02;2.388134e-02;1.855645e-01
2.164930e-01;1.473569e-02;1.000369e-01;2.427245e-02;1.511992e-01;6.156142e-02;7.084668e-02;1.141561e-02;1.334409e-01;4.018763e-02;1.630043e-02;1.595101e-01
3.373307e-01;5.629185e-02;9.374972e-02;3.185060e-02;1.151960e-01;7.242033e-02;5.473081e-02;9.188448e-03;9.223728e-02;3.406860e-02;8.785605e-03;9.414998e-02
3.718979e-01;1.005259e-01;5.508571e-02;7.294150e-02;7.399714e-02;9.159711e-02;7.738248e-02;1.246991e-02;4.981155e-02;3.011570e-02;5.910109e-03;5.826497e-02
2.980291e-01;1.282323e-01;3.344468e-02;1.099856e-01;9.352876e-02;8.496185e-02;1.435157e-01;1.669162e-02;2.474124e-02;3.204281e-02;4.454683e-03;3.037161e-02
1.775540e-01;1.614486e-01;6.358173e-02;8.152854e-02;1.391727e-01;6.840137e-02;2.188604e-01;2.260742e-02;2.053259e-02;2.162423e-02;1.150675e-02;1.318165e-02
8.719781e-02;1.631283e-01;1.243695e-01;3.602485e-02;1.442120e-01;5.816225e-02;2.556451e-01;7.093631e-02;2.057344e-02;1.705950e-02;1.469063e-02;8.000296e-03
4.566293e-02;1.179686e-01;2.218699e-01;2.388115e-02;9.270127e-02;3.676987e-02;2.180480e-01;1.514538e-01;3.277948e-02;3.333686e-02;8.652926e-03;1.687524e-02
2.029335e-02;7.000452e-02;2.570344e-01;4.105911e-02;4.877115e-02;5.296236e-02;1.437330e-01;1.826387e-01;8.030077e-02;4.771044e-02;2.906179e-02;2.643047e-02
3.785099e-02;3.425771e-02;1.908937e-01;7.924904e-02;3.433601e-02;4.753278e-02;1.088804e-01;1.382803e-01;1.589627e-01;5.399071e-02;9.138221e-02;2.438347e-02
5.294377e-02;2.114158e-02;1.133336e-01;1.160326e-01;3.912690e-02;2.620442e-02;8.376656e-02;7.391139e-02;2.145567e-01;8.763725e-02;1.575391e-01;1.380617e-02
4.005868e-02;1.583930e-02;6.747131e-02;1.068547e-01;5.395355e-02;2.664963e-02;1.064806e-01;4.367534e-02;1.962652e-01;1.538798e-01;1.646111e-01;2.426069e-02
2.967795e-02;1.689281e-02;3.950263e-02;7.429966e-02;6.597453e-02;3.918932e-02;1.332329e-01;5.004150e-02;1.357335e-01;2.318260e-01;1.391328e-01;4.449631e-02
3.258588e-02;1.818854e-02;4.459612e-02;5.458034e-02;5.935701e-02;4.903146e-02;1.317537e-01;6.791738e-02;8.916502e-02;2.495629e-01;1.479341e-01;5.532769e-02
3.736149e-02;2.866386e-02;3.155143e-02;5.073435e-02;5.713312e-02;6.936371e-02;1.236990e-01;7.629824e-02;6.678396e-02;2.350167e-01;1.739490e-01;4.944511e-02
2.002975e-02;4.353961e-02;5.371455e-02;5.874866e-02;1.005839e-01;4.970371e-02;9.322345e-02;6.488515e-02;7.833305e-02;2.924314e-01;1.072542e-01;3.755249e-02
3.564461e-02;4.650956e-02;5.518186e-02;8.929700e-02;1.109111e-01;3.587830e-02;9.510843e-02;5.065226e-02;9.877415e-02;2.449555e-01;9.608593e-02;4.100133e-02
4.497416e-02;5.244426e-02;3.766514e-02;1.059848e-01;1.294903e-01;3.599980e-02;1.048517e-01;4.475560e-02;1.076404e-01;2.148810e-01;8.520914e-02;3.610360e-02
8.671221e-02;4.665473e-02;2.071446e-02;6.137342e-02;1.976938e-01;5.478441e-02;8.469019e-02;3.755637e-02;7.232923e-02;2.128565e-01;8.601095e-02;3.862374e-02
5.501958e-02;5.858080e-02;3.340317e-02;2.653429e-02;1.486756e-01;1.191475e-01;6.243549e-02;5.733081e-02;6.463696e-02;1.864295e-01;1.284347e-01;5.937167e-02
4.860024e-02;4.111337e-02;4.006077e-02;1.335378e-02;6.543424e-02;2.097770e-01;9.735730e-02;5.308299e-02;4.598013e-02;1.233641e-01;1.998165e-01;6.205969e-02
6.438363e-02;1.709207e-02;4.679849e-02;7.148246e-03;2.134504e-02;2.712676e-01;1.222797e-01;3.860345e-02;2.062477e-02;7.632013e-02;2.523401e-01;6.179675e-02
6.225478e-02;1.086571e-02;4.196555e-02;4.930931e-03;3.074619e-02;2.962722e-01;1.235485e-01;2.960435e-02;2.087478e-02;6.929938e-02;2.599219e-01;4.971571e-02
3.713972e-02;1.731133e-02;3.493295e-02;1.027642e-02;7.153013e-02;2.803176e-01;9.365498e-02;5.524803e-02;2.899273e-02;1.003143e-01;2.389536e-01;3.132821e-02
2.184876e-02;3.457994e-02;2.818621e-02;3.293623e-02;1.336764e-01;1.877977e-01;7.830352e-02;9.291466e-02;4.008362e-02;1.603556e-01;1.633873e-01;2.593001e-02
2.859127e-02;5.292824e-02;3.501608e-02;5.425008e-02;1.729038e-01;8.828478e-02;1.206770e-01;9.599846e-02;4.806972e-02;1.963007e-01;7.661854e-02;3.036134e-02
3.371933e-02;6.820040e-02;6.976624e-02;1.001417e-01;1.587278e-01;5.603337e-02;1.598383e-01;6.340118e-02;5.527620e-02;1.700068e-01;3.556763e-02;2.932099e-02
6.422125e-02;7.039160e-02;1.081380e-01;1.302569e-01;1.171096e-01;9.198357e-02;1.397475e-01;2.936605e-02;4.110114e-02;9.736961e-02;6.934398e-02;4.097079e-02
6.740528e-02;8.956154e-02;1.828522e-01;1.294947e-01;7.421972e-02;6.174014e-02;9.401454e-02;2.913561e-02;4.659765e-02;9.080705e-02;9.501607e-02;3.915551e-02
7.205778e-02;1.044537e-01;1.658949e-01;1.684785e-01;8.945521e-02;3.890553e-02;1.068142e-01;2.583251e-02;4.799196e-02;5.515151e-02;1.005669e-01;2.439720e-02
8.444843e-02;8.361027e-02;1.504809e-01;1.636041e-01;7.243204e-02;3.525919e-02;9.608099e-02;3.966242e-02;9.512188e-02;5.686625e-02;8.612990e-02;3.630365e-02
1.318250e-01;7.621549e-02;1.562584e-01;1.186104e-01;7.522798e-02;3.246221e-02;6.650445e-02;4.988767e-02;1.300817e-01;7.799335e-02;5.528310e-02;2.965023e-02
1.624901e-01;4.297178e-02;1.050806e-01;1.470069e-01;1.184519e-01;2.905390e-02;4.845396e-02;2.900704e-02;1.486962e-01;1.165928e-01;3.580816e-02;1.638669e-02
1.446623e-01;3.272030e-02;4.074118e-02;1.407328e-01;1.861976e-01;3.395056e-02;3.203535e-02;1.762625e-02;1.517319e-01;1.692225e-01;3.512924e-02;1.525009e-02
7.736838e-02;4.129853e-02;2.335276e-02;1.477095e-01;2.164584e-01;2.865562e-02;2.733224e-02;1.354308e-02;1.936346e-01;1.860951e-01;2.982897e-02;1.472278e-02
5.212802e-02;2.145161e-02;2.563506e-02;1.872872e-01;2.042108e-01;1.084774e-02;3.725281e-02;1.739701e-02;2.601716e-01;1.484492e-01;2.512705e-02;1.004189e-02
4.694523e-02;2.433444e-02;4.646188e-02;2.235832e-01;1.816709e-01;1.336213e-02;5.399536e-02;3.110248e-02;2.516377e-01;9.483692e-02;2.504320e-02;7.026619e-03
7.775550e-02;2.205306e-02;6.209147e-02;2.725986e-01;1.405720e-01;1.298214e-02;7.667266e-02;4.073206e-02;2.070905e-01;6.078544e-02;2.014994e-02;6.516633e-03
1.012582e-01;1.321183e-02;6.644289e-02;2.936139e-01;8.368613e-02;1.223668e-02;1.014951e-01;4.164885e-02;1.946265e-01;5.910214e-02;2.635640e-02;6.321470e-03
7.679123e-02;1.902163e-02;1.087279e-01;2.579182e-01;4.633233e-02;3.275693e-02;9.336081e-02;5.030686e-02;2.035124e-01;6.310054e-02;3.834974e-02;9.821456e-03
3.864440e-02;2.503829e-02;1.850412e-01;1.884928e-01;1.855221e-02;6.837824e-02;7.356919e-02;7.592116e-02;2.078904e-01;5.381588e-02;3.971261e-02;2.494368e-02
2.761325e-02;2.963461e-02;2.347267e-01;9.780905e-02;2.630563e-02;8.318377e-02;7.757708e-02;1.622028e-01;1.416150e-01;5.337983e-02;3.359266e-02;3.235955e-02
2.265280e-02;5.492451e-02;2.110815e-01;3.649874e-02;4.144465e-02;5.863617e-02;1.533752e-01;2.197339e-01;6.972165e-02;5.522515e-02;4.910083e-02;2.760481e-02
2.621853e-02;9.707397e-02;1.361830e-01;2.435079e-02;4.625901e-02;3.650915e-02;2.820169e-01;1.705382e-01;2.324203e-02;4.760906e-02;8.541624e-02;2.458312e-02
4.589270e-02;1.509399e-01;5.089441e-02;2.907383e-02;4.690792e-02;3.155870e-02;3.748985e-01;7.585254e-02;3.448686e-02;3.558693e-02;1.091953e-01;1.471250e-02
4.955715e-02;1.953199e-01;4.444165e-02;2.112277e-02;4.555597e-02;2.997305e-02;4.076682e-01;1.623642e-02;2.738702e-02;2.874281e-02;1.273238e-01;6.671336e-03
5.406594e-02;1.819274e-01;6.466141e-02;1.529542e-02;2.828201e-02;2.673116e-02;3.390328e-01;7.087170e-02;4.213319e-02;1.705968e-02;1.367664e-01;2.317299e-02
3.296198e-02;1.458635e-01;1.287687e-01;2.178890e-02;1.578827e-02;1.957593e-02;2.841838e-01;1.010209e-01;3.079507e-02;1.441540e-02;1.483063e-01;5.653137e-02
2.490184e-02;1.167804e-01;1.640359e-01;1.201878e-02;2.420110e-02;1.533240e-02;3.006066e-01;1.008761e-01;1.859706e-02;1.525305e-02;1.447919e-01;6.260495e-02
1.047297e-02;1.543757e-01;1.683583e-01;6.890475e-03;2.494962e-02;1.138544e-02;3.468483e-01;9.529115e-02;1.222587e-02;9.799071e-03;1.164958e-01;4.290731e-02
3.080923e-02;2.003734e-01;1.971348e-01;9.410092e-03;2.775869e-02;1.574433e-02;3.441820e-01;6.396697e-02;8.361516e-03;8.551653e-03;7.486144e-02;1.884593e-02
2.578716e-02;2.310056e-01;2.545155e-01;6.786888e-03;2.948345e-02;1.267596e-02;3.170686e-01;4.468474e-02;1.029911e-02;8.192755e-03;5.437233e-02;5.127841e-03
4.527057e-02;2.557172e-01;2.304915e-01;4.295244e-03;5.083856e-02;1.089946e-02;2.951566e-01;4.001496e-02;1.042833e-02;1.042525e-02;4.185378e-02;4.608538e-03
9.046087e-02;2.704544e-01;1.373535e-01;1.757397e-02;7.309285e-02;2.106196e-02;2.848428e-01;3.952099e-02;1.373712e-02;1.628536e-02;3.093418e-02;4.681967e-03
1.571990e-01;2.392921e-01;5.731855e-02;5.279356e-02;7.550453e-02;5.188877e-02;2.675388e-01;3.428211e-02;1.165784e-02;2.421950e-02;1.801225e-02;1.029310e-02
2.234673e-01;1.581009e-01;3.425578e-02;9.820856e-02;6.354465e-02;1.108953e-01;2.137635e-01;3.013982e-02;1.439404e-02;3.215169e-02;4.848060e-03;1.623032e-02
2.442231e-01;7.029032e-02;7.205292e-02;1.033196e-01;7.149310e-02;1.623165e-01;1.434195e-01;3.333739e-02;2.216049e-02;3.845683e-02;9.170949e-03;2.975924e-02
2.370621e-01;3.308565e-02;1.264729e-01;5.789743e-02;1.036316e-01;1.392252e-01;1.292460e-01;2.726801e-02;3.970743e-02;4.633469e-02;1.350508e-02;4.656389e-02
2.116486e-01;6.900088e-02;1.448465e-01;2.487490e-02;1.121508e-01;1.040822e-01;1.388199e-01;3.778580e-02;4.894238e-02;4.869799e-02;1.342190e-02;4.572817e-02
1.649860e-01;6.762131e-02;1.315324e-01;2.588441e-02;8.953605e-02;1.163520e-01;1.862192e-01;6.077393e-02;4.762177e-02;4.225874e-02;3.007291e-02;3.714124e-02
1.254907e-01;5.512214e-02;1.549076e-01;4.597118e-02;7.184475e-02;1.118894e-01;2.152159e-01;6.934750e-02;6.342696e-02;2.836848e-02;3.357479e-02;2.484062e-02
1.279414e-01;1.316905e-01;1.310716e-01;5.977776e-02;6.694998e-02;8.826475e-02;1.450052e-01;8.939822e-02;7.978561e-02;3.231004e-02;3.104958e-02;1.675529e-02
1.364869e-01;1.306454e-01;6.097582e-02;5.663610e-02;8.772281e-02;7.620110e-02;8.851474e-02;1.020300e-01;1.021741e-01;6.914139e-02;4.177486e-02;4.769674e-02
1.130468e-01;9.161099e-02;1.057649e-01;4.528759e-02;1.304716e-01;6.288667e-02;7.490717e-02;9.027603e-02;1.022643e-01;8.204380e-02;3.817283e-02;6.326729e-02
9.771343e-02;8.706890e-02;1.242158e-01;5.024746e-02;1.246950e-01;8.932479e-02;8.988378e-02;7.818210e-02;8.888192e-02;7.865454e-02;2.391697e-02;6.721538e-02
1.161855e-01;1.210967e-01;1.160067e-01;5.326545e-02;6.555018e-02;8.758117e-02;1.276991e-01;4.199107e-02;8.632309e-02;8.339854e-02;4.183178e-02;5.907074e-02
8.033562e-02;1.083756e-01;8.740877e-02;9.102121e-02;1.298766e-01;7.317851e-02;1.440649e-01;7.720246e-02;6.163479e-02;5.766353e-02;6.685694e-02;2.238104e-02
7.927314e-02;9.476667e-02;8.718502e-02;1.033281e-01;1.191546e-01;7.000811e-02;1.362289e-01;7.580195e-02;6.415572e-02;4.027320e-02;8.325712e-02;4.656745e-02
8.982927e-02;9.417304e-02;1.193695e-01;9.172524e-02;5.619244e-02;6.077296e-02;1.073759e-01;7.697653e-02;7.349245e-02;6.408431e-02;1.051050e-01;6.090330e-02
1.053058e-01;1.099138e-01;9.484961e-02;6.058367e-02;3.552669e-02;8.406500e-02;1.251379e-01;9.634080e-02;8.714559e-02;6.479580e-02;9.234495e-02;4.399050e-02
7.546092e-02;1.016160e-01;9.320633e-02;3.945149e-02;4.437138e-02;1.071026e-01;1.850961e-01;8.781357e-02;8.595780e-02;5.117775e-02;8.086982e-02;4.787635e-02
5.696261e-02;6.562003e-02;7.744674e-02;7.253160e-02;6.045812e-02;1.262234e-01;1.827628e-01;7.729086e-02;1.027477e-01;5.668551e-02;7.502399e-02;4.624655e-02
8.385659e-02;6.765305e-02;1.369026e-01;6.490123e-02;8.035630e-02;8.096313e-02;1.798841e-01;4.724782e-02;9.257755e-02;4.647297e-02;8.928658e-02;2.989804e-02
4.530164e-02;5.578391e-02;1.894449e-01;4.738078e-02;5.658660e-02;5.062371e-02;2.517970e-01;6.243695e-02;5.853519e-02;5.248206e-02;9.219556e-02;3.743166e-02
4.821014e-02;6.371497e-02;1.613702e-01;2.645159e-02;4.042092e-02;4.562793e-02;3.304790e-01;7.489819e-02;4.534193e-02;4.449508e-02;8.062801e-02;3.836203e-02
7.656794e-02;8.784090e-02;1.061685e-01;1.144721e-02;4.576448e-02;5.214193e-02;4.058314e-01;6.779262e-02;3.448403e-02;2.765105e-02;6.116742e-02;2.314254e-02
8.120672e-02;1.177163e-01;6.267312e-02;5.565471e-03;3.858454e-02;5.767774e-02;4.708624e-01;4.804767e-02;3.539209e-02;1.815758e-02;5.734312e-02;6.773207e-03
6.799944e-02;1.496099e-01;4.672711e-02;4.693322e-03;3.057844e-02;6.005067e-02;5.040559e-01;2.310696e-02;3.977714e-02;1.820453e-02;5.118225e-02;4.014448e-03
5.698944e-02;1.625045e-01;5.160301e-02;5.768581e-03;3.557197e-02;5.747474e-02;4.974868e-01;3.202163e-02;3.553224e-02;1.810777e-02;4.155947e-02;5.379845e-03
7.986412e-02;1.412444e-01;7.966676e-02;1.104139e-02;4.632368e-02;4.656678e-02;4.468692e-01;6.322888e-02;2.645852e-02;1.913975e-02;3.454351e-02;5.053107e-03
9.954816e-02;9.516684e-02;1.437269e-01;2.199666e-02;4.013498e-02;3.290581e-02;3.688395e-01;1.113961e-01;2.088553e-02;2.590891e-02;2.505925e-02;1.443137e-02
6.869109e-02;7.534695e-02;2.063348e-01;3.317910e-02;2.288491e-02;3.401447e-02;2.924266e-01;1.466530e-01;3.556919e-02;3.734753e-02;1.302777e-02;3.452465e-02
3.820258e-02;9.755830e-02;1.909413e-01;6.450685e-02;3.426099e-02;4.164565e-02;2.080964e-01;1.245616e-01;9.927705e-02;4.075194e-02;2.230044e-02;3.789696e-02
7.083938e-02;7.937840e-02;1.349268e-01;1.133914e-01;5.513117e-02;4.185798e-02;1.249525e-01;7.546261e-02;1.612497e-01;7.299925e-02;4.530996e-02;2.450086e-02
8.641506e-02;5.071188e-02;8.811842e-02;1.092743e-01;9.655347e-02;6.066403e-02;7.538243e-02;3.653006e-02;1.458953e-01;1.474712e-01;6.103535e-02;4.194854e-02
4.886600e-02;7.594577e-02;4.234259e-02;7.931182e-02;1.338363e-01;8.706805e-02;8.099695e-02;3.739693e-02;6.916335e-02;1.927323e-01;8.473268e-02;6.760734e-02
5.372942e-02;6.767227e-02;5.088997e-02;5.082279e-02;1.038552e-01;1.598166e-01;1.047939e-01;3.293994e-02;2.231697e-02;1.396504e-01;1.600792e-01;5.343331e-02
9.977364e-02;3.790311e-02;6.603342e-02;2.927400e-02;4.663153e-02;2.142953e-01;1.630075e-01;2.799467e-02;2.051346e-02;6.536547e-02;1.734266e-01;5.578142e-02
1.190112e-01;5.815286e-02;5.010952e-02;3.844161e-02;2.316455e-02;1.473911e-01;2.680229e-01;5.535520e-02;2.195274e-02;4.554527e-02;9.795875e-02;7.489432e-02
1.340777e-01;7.490024e-02;4.161277e-02;3.804682e-02;2.150073e-02;8.176141e-02;2.964263e-01;1.129224e-01;1.764159e-02;4.857016e-02;4.201437e-02;9.052560e-02
1.817309e-01;7.037327e-02;7.061765e-02;3.668990e-02;2.930705e-02;5.468793e-02;2.100826e-01;1.815658e-01;2.275633e-02;4.701652e-02;2.725558e-02;6.791651e-02
1.903128e-01;5.306705e-02;1.017374e-01;4.338955e-02;4.301398e-02;6.186961e-02;9.550931e-02;2.482330e-01;3.675495e-02;5.219936e-02;3.409721e-02;3.981584e-02
1.583451e-01;2.575744e-02;1.161507e-01;3.848581e-02;4.768193e-02;5.971584e-02;1.201938e-01;2.393335e-01;4.178027e-02;4.998606e-02;3.330860e-02;6.926092e-02
1.258023e-01;5.159523e-02;1.189925e-01;3.458028e-02;5.120139e-02;6.603081e-02;1.291870e-01;2.207784e-01;3.194856e-02;4.433940e-02;3.780697e-02;8.773724e-02
1.049936e-01;7.349914e-02;1.305829e-01;4.511427e-02;6.094373e-02;8.634064e-02;6.532643e-02;2.013889e-01;2.347113e-02;7.732185e-02;5.621358e-02;7.480384e-02
1.552472e-01;4.752041e-02;1.047717e-01;4.296369e-02;4.348596e-02;8.112420e-02;1.215752e-01;1.594514e-01;3.979840e-02;8.283126e-02;6.927922e-02;5.195132e-02
2.025342e-01;5.697088e-02;8.654927e-02;5.317243e-02;2.689166e-02;6.774258e-02;1.476233e-01;1.491054e-01;2.949122e-02;5.855990e-02;6.071939e-02;6.063965e-02
2.155669e-01;6.294475e-02;9.284389e-02;5.190133e-02;3.245576e-02;6.190186e-02;1.382183e-01;1.333258e-01;4.341417e-02;4.090537e-02;6.262811e-02;6.389363e-02
1.481613e-01;8.113906e-02;1.024532e-01;4.624162e-02;2.973199e-02;5.951144e-02;1.132302e-01;1.020905e-01;5.900325e-02;4.603314e-02;1.048127e-01;1.075916e-01
7.585946e-02;6.974874e-02;1.104126e-01;4.281073e-02;4.848006e-02;5.429988e-02;1.363748e-01;8.412195e-02;6.258216e-02;3.698717e-02;1.065953e-01;1.717272e-01
5.750811e-02;5.285984e-02;1.144886e-01;4.350523e-02;7.995228e-02;9.067152e-02;1.211070e-01;7.514010e-02;5.941930e-02;5.189752e-02;7.976248e-02;1.736880e-01
6.069058e-02;4.342360e-02;1.002285e-01;2.584255e-02;1.048060e-01;1.149041e-01;1.576031e-01;6.290817e-02;4.629257e-02;8.451240e-02;8.068657e-02;1.181018e-01
3.805219e-02;5.585552e-02;6.015216e-02;2.676841e-02;1.064232e-01;1.315449e-01;1.902199e-01;6.215909e-02;3.522156e-02;1.000756e-01;1.226126e-01;7.091496e-02
6.544198e-02;6.198927e-02;1.002679e-01;3.588635e-02;7.822842e-02;9.524942e-02;1.888432e-01;4.323988e-02;6.525879e-02;6.763856e-02;1.355215e-01;6.243468e-02
1.094771e-01;8.475322e-02;8.362266e-02;4.608982e-02;5.134373e-02;7.514173e-02;1.934163e-01;8.119763e-02;7.472466e-02;4.407313e-02;7.005413e-02;8.610584e-02
1.019958e-01;7.218195e-02;9.145939e-02;5.433070e-02;5.748130e-02;5.515361e-02;1.747882e-01;1.180550e-01;9.726825e-02;4.582923e-02;5.563425e-02;7.582240e-02
7.923564e-02;6.783664e-02;9.819674e-02;6.334803e-02;7.608913e-02;4.820378e-02;1.638769e-01;1.040236e-01;9.811281e-02;7.732614e-02;5.431517e-02;6.943540e-02
