5.464626e-02;2.119396e-02;1.629095e-01;2.138180e-01;6.189014e-02;8.578476e-03;6.636947e-02;5.339950e-02;1.525010e-01;1.449589e-01;5.141539e-02;8.319476e-03
6.284042e-02;1.255812e-02;9.761123e-02;1.838979e-01;8.205316e-02;1.352402e-02;7.884973e-02;5.001195e-02;1.511286e-01;1.921835e-01;6.613989e-02;9.201488e-03
5.120376e-02;2.441784e-02;7.820165e-02;1.116095e-01;1.078774e-01;2.119796e-02;7.288716e-02;4.120310e-02;1.411462e-01;2.523903e-01;8.530595e-02;1.255918e-02
5.133357e-02;3.454006e-02;6.357472e-02;7.300950e-02;1.224672e-01;2.316222e-02;4.730556e-02;3.249732e-02;1.163088e-01;3.083615e-01;1.074544e-01;1.998518e-02
3.430095e-02;4.465608e-02;6.830324e-02;7.013375e-02;1.358507e-01;2.134108e-02;3.000203e-02;3.001510e-02;8.443768e-02;3.240857e-01;1.273320e-01;2.954157e-02
2.791541e-02;5.974083e-02;5.501299e-02;4.261238e-02;1.244238e-01;3.794313e-02;4.019129e-02;3.790370e-02;6.473150e-02;3.039034e-01;1.726544e-01;3.296722e-02
2.858745e-02;5.031138e-02;7.156359e-02;2.900264e-02;7.860316e-02;8.070663e-02;7.600016e-02;2.675598e-02;4.395393e-02;2.340477e-01;2.309545e-01;4.951295e-02
3.982616e-02;3.960299e-02;1.624890e-01;2.761878e-02;4.575727e-02;9.145628e-02;1.131626e-01;2.522793e-02;3.455518e-02;1.357419e-01;2.224335e-01;6.212833e-02
3.559471e-02;3.073725e-02;2.230087e-01;2.747323e-02;4.072343e-02;7.480432e-02;1.251937e-01;2.718928e-02;3.797664e-02;1.320809e-01;1.803318e-01;6.488618e-02
5.179423e-02;3.782933e-02;2.888225e-01;3.038861e-02;4.021015e-02;4.907850e-02;1.098863e-01;4.167419e-02;6.382868e-02;1.119303e-01;1.291393e-01;4.541787e-02
8.293330e-02;5.044882e-02;2.652945e-01;2.787468e-02;5.492038e-02;3.606973e-02;1.257788e-01;6.556343e-02;7.425332e-02;5.947350e-02;1.002463e-01;5.714328e-02
7.465930e-02;6.128602e-02;2.832500e-01;4.558028e-02;6.430688e-02;3.702896e-02;1.251457e-01;5.200782e-02;6.029100e-02;7.165791e-02;8.739436e-02;3.739178e-02
8.260896e-02;5.282740e-02;2.371187e-01;5.142288e-02;7.474589e-02;5.151422e-02;7.614379e-02;5.874908e-02;4.806860e-02;1.169129e-01;1.160557e-01;3.383188e-02
8.572043e-02;7.885335e-02;1.133315e-01;6.245441e-02;6.880269e-02;4.897422e-02;1.175863e-01;5.839777e-02;7.425317e-02;1.189285e-01;1.007089e-01;7.198877e-02
7.402441e-02;9.398794e-02;1.872153e-01;6.952644e-02;7.009443e-02;5.558304e-02;1.121475e-01;6.986758e-02;8.090276e-02;8.503279e-02;5.694876e-02;4.466902e-02
7.464636e-02;9.290938e-02;2.089135e-01;5.013884e-02;6.612740e-02;7.607480e-02;1.059263e-01;7.056368e-02;1.003740e-01;6.517591e-02;2.394674e-02;6.520313e-02
1.024927e-01;7.669201e-02;1.419016e-01;4.036835e-02;6.210846e-02;9.494315e-02;8.903259e-02;5.723277e-02;1.351071e-01;5.830674e-02;4.831906e-02;9.349550e-02
8.660004e-02;7.374068e-02;1.145440e-01;4.290510e-02;6.601293e-02;9.045844e-02;9.282681e-02;4.646598e-02;1.240272e-01;9.748084e-02;7.622147e-02;8.871654e-02
1.125027e-01;1.173202e-01;2.239083e-01;4.377682e-02;4.486503e-02;3.104631e-02;1.277369e-01;3.331744e-02;6.250167e-02;2.545431e-02;8.835523e-02;8.921518e-02
1.248862e-01;1.191152e-01;2.355221e-01;6.341949e-02;3.840853e-02;3.432269e-02;1.082498e-01;2.924024e-02;4.401085e-02;4.472097e-02;8.260927e-02;7.549476e-02
1.097191e-01;1.081501e-01;2.417399e-01;9.315038e-02;6.411859e-02;4.183884e-02;8.379376e-02;3.537880e-02;4.170844e-02;5.586421e-02;6.489316e-02;5.964470e-02
8.328166e-02;9.348813e-02;2.620532e-01;1.236153e-01;1.000017e-01;6.746265e-02;6.135921e-02;4.418827e-02;2.834790e-02;6.349190e-02;3.092949e-02;4.178067e-02
9.052333e-02;7.804535e-02;2.121863e-01;1.107266e-01;7.678366e-02;8.821635e-02;1.495996e-01;2.386090e-02;3.988791e-02;3.640935e-02;4.614942e-02;4.761120e-02
7.804184e-02;7.033476e-02;1.418142e-01;1.041473e-01;8.160923e-02;7.222477e-02;2.234746e-01;6.360420e-02;6.246639e-02;1.622188e-02;5.669372e-02;2.936720e-02
5.509048e-02;7.049813e-02;1.443729e-01;7.463186e-02;1.057359e-01;6.711732e-02;2.160786e-01;6.874595e-02;7.679152e-02;3.035620e-02;6.506750e-02;2.551363e-02
8.536027e-02;3.950185e-02;1.578514e-01;6.789260e-02;8.975774e-02;1.113599e-01;1.393840e-01;8.773992e-02;6.928659e-02;4.795557e-02;6.626065e-02;3.764953e-02
7.775090e-02;7.533545e-02;1.489494e-01;6.376885e-02;4.012738e-02;1.096030e-01;1.802898e-01;9.972617e-02;5.160893e-02;4.696019e-02;6.624542e-02;3.963461e-02
2.607870e-02;7.910764e-02;1.782640e-01;5.048057e-02;4.151317e-02;6.557547e-02;2.278225e-01;1.408154e-01;4.139222e-02;4.571811e-02;4.459949e-02;5.863276e-02
3.617473e-02;8.134420e-02;2.332255e-01;3.664228e-02;2.987799e-02;3.082864e-02;2.460411e-01;1.511771e-01;1.643517e-02;3.890162e-02;3.007657e-02;6.927511e-02
5.039302e-02;9.140562e-02;1.720244e-01;1.791745e-02;5.355629e-02;3.130347e-02;3.050327e-01;1.005207e-01;2.918957e-02;3.118700e-02;6.220404e-02;5.526566e-02
4.579832e-02;8.539293e-02;9.952980e-02;3.337252e-02;6.297319e-02;4.338122e-02;3.405536e-01;1.026423e-01;4.741217e-02;2.202057e-02;8.860658e-02;2.831676e-02
3.873426e-02;3.893392e-02;1.741365e-01;3.869601e-02;4.988529e-02;2.807500e-02;2.879336e-01;1.268597e-01;4.166529e-02;3.804104e-02;6.430037e-02;7.273909e-02
3.124449e-02;3.965426e-02;2.192565e-01;3.885044e-02;3.322809e-02;1.753651e-02;2.847559e-01;1.320338e-01;5.043786e-02;4.698048e-02;1.796919e-02;8.805238e-02
2.412403e-02;4.303521e-02;1.945530e-01;2.488811e-02;1.837937e-02;1.116207e-02;3.468343e-01;1.498591e-01;3.917726e-02;3.543591e-02;3.675610e-02;7.579563e-02
1.821093e-02;3.988100e-02;1.668910e-01;1.751465e-02;2.749932e-02;1.166172e-02;3.959183e-01;1.572605e-01;2.952797e-02;3.716338e-02;3.666641e-02;6.180493e-02
1.241090e-02;4.165308e-02;1.434796e-01;2.239609e-02;2.665315e-02;1.627657e-02;3.968331e-01;1.637831e-01;2.797537e-02;3.899254e-02;4.633078e-02;6.321571e-02
9.993480e-03;3.465409e-02;1.274484e-01;2.100265e-02;2.376773e-02;2.113353e-02;3.790168e-01;1.654673e-01;3.553922e-02;3.824646e-02;4.955547e-02;9.417494e-02
2.229377e-02;2.395134e-02;1.638700e-01;3.237678e-02;2.386917e-02;2.688242e-02;2.902978e-01;1.226120e-01;7.610277e-02;5.739413e-02;4.432980e-02;1.160201e-01
1.771699e-02;3.015510e-02;2.005421e-01;4.564517e-02;3.006424e-02;3.693416e-02;2.061898e-01;9.491535e-02;1.128522e-01;7.668979e-02;4.971546e-02;9.857970e-02
2.733737e-02;4.175644e-02;1.858178e-01;4.599622e-02;2.808686e-02;3.870480e-02;2.714980e-01;1.025616e-01;9.394413e-02;6.348813e-02;2.868558e-02;7.212302e-02
2.382003e-02;4.008665e-02;1.428280e-01;3.401848e-02;4.438497e-02;4.195785e-02;4.060142e-01;6.622047e-02;6.397866e-02;5.493199e-02;3.029229e-02;5.146645e-02
2.605889e-02;3.268079e-02;7.690327e-02;2.108654e-02;5.716938e-02;4.275302e-02;4.845212e-01;5.402820e-02;4.944683e-02;6.401733e-02;6.020957e-02;3.112497e-02
4.367508e-02;3.076265e-02;7.159708e-02;2.581727e-02;7.915051e-02;4.423619e-02;3.949903e-01;7.294035e-02;7.815243e-02;6.848379e-02;6.085227e-02;2.934208e-02
5.776741e-02;5.957469e-02;1.408662e-01;4.950688e-02;9.124561e-02;3.612285e-02;2.872758e-01;6.214114e-02;5.624479e-02;7.027025e-02;3.107466e-02;5.790975e-02
4.491950e-02;5.327224e-02;1.662258e-01;5.410099e-02;6.914710e-02;4.291485e-02;2.403218e-01;6.297176e-02;6.967032e-02;8.718925e-02;6.191067e-02;4.735580e-02
2.879625e-02;6.999961e-02;1.225339e-01;5.580004e-02;7.737239e-02;6.976152e-02;1.531881e-01;7.779478e-02;1.059991e-01;1.037932e-01;6.210341e-02;7.285766e-02
9.352584e-02;1.090312e-01;8.532964e-02;8.555965e-02;5.232849e-02;6.287505e-02;1.606388e-01;7.170581e-02;7.792973e-02;1.033856e-01;7.116559e-02;2.652464e-02
1.060118e-01;1.065939e-01;1.300124e-01;9.085164e-02;5.598453e-02;6.272296e-02;1.365913e-01;5.201967e-02;7.514382e-02;8.751610e-02;6.596906e-02;3.058281e-02
1.158770e-01;7.364847e-02;1.684896e-01;8.288494e-02;4.710767e-02;5.991630e-02;1.151010e-01;2.913929e-02;6.643420e-02;1.093977e-01;8.200309e-02;5.000073e-02
1.312985e-01;4.549995e-02;1.825812e-01;5.578237e-02;3.898863e-02;5.061477e-02;1.218686e-01;5.133774e-02;5.188476e-02;9.374918e-02;1.025048e-01;7.388954e-02
1.657027e-01;4.126151e-02;1.993942e-01;5.017691e-02;4.794310e-02;4.995609e-02;8.507698e-02;5.943501e-02;5.856416e-02;6.962775e-02;8.889189e-02;8.396964e-02
1.694078e-01;6.888800e-02;2.275830e-01;3.759585e-02;4.571508e-02;4.306615e-02;1.325425e-01;5.961234e-02;5.074735e-02;4.971635e-02;4.489824e-02;7.022734e-02
9.201672e-02;8.817629e-02;2.098687e-01;2.758130e-02;3.979605e-02;3.903549e-02;2.370544e-01;6.797115e-02;3.999048e-02;6.362224e-02;3.262615e-02;6.226103e-02
8.250635e-02;9.363004e-02;1.782478e-01;4.033759e-02;4.421797e-02;4.432029e-02;2.316604e-01;6.449166e-02;4.375971e-02;7.716828e-02;4.835428e-02;5.130571e-02
1.583583e-01;1.033691e-01;1.934022e-01;3.926284e-02;5.816567e-02;5.600146e-02;1.685455e-01;3.604328e-02;3.621537e-02;7.517821e-02;4.683679e-02;2.862135e-02
1.602340e-01;9.209868e-02;1.679831e-01;2.768481e-02;6.272090e-02;5.033825e-02;2.568195e-01;4.661597e-02;3.588845e-02;4.502187e-02;3.088591e-02;2.370859e-02
1.190266e-01;4.047744e-02;2.801369e-01;3.928507e-02;4.977344e-02;2.750234e-02;2.313543e-01;4.406198e-02;4.987284e-02;3.956583e-02;3.610115e-02;4.284218e-02
5.134830e-02;5.301021e-02;3.175452e-01;3.757673e-02;4.606779e-02;3.443473e-02;2.322771e-01;4.055149e-02;4.978638e-02;4.880204e-02;5.426523e-02;3.433480e-02
2.937832e-02;5.139861e-02;3.075361e-01;3.357062e-02;4.757880e-02;3.593171e-02;2.262946e-01;5.260807e-02;5.064408e-02;6.123615e-02;6.777839e-02;3.604457e-02
6.140107e-02;3.623411e-02;2.760658e-01;3.513399e-02;9.219675e-02;4.459477e-02;1.299907e-01;6.182769e-02;5.847310e-02;1.002548e-01;6.355908e-02;4.026828e-02
5.381048e-02;4.467348e-02;2.769362e-01;3.121574e-02;8.269969e-02;4.458493e-02;1.654298e-01;5.565270e-02;4.821434e-02;1.021984e-01;4.564157e-02;4.894259e-02
6.430486e-02;5.169249e-02;2.268403e-01;4.035032e-02;8.343081e-02;5.405526e-02;2.001680e-01;5.043908e-02;5.065751e-02;8.435529e-02;3.922763e-02;5.447838e-02
8.580494e-02;7.808910e-02;1.840295e-01;4.500955e-02;7.516063e-02;8.016200e-02;1.589796e-01;6.113016e-02;5.532503e-02;8.457583e-02;4.480344e-02;4.693013e-02
7.077853e-02;1.043109e-01;1.982579e-01;7.309553e-02;7.373253e-02;7.170773e-02;7.120844e-02;6.213673e-02;8.941528e-02;1.034808e-01;5.564798e-02;2.622762e-02
9.500889e-02;1.058190e-01;1.606570e-01;8.124708e-02;8.878562e-02;5.056575e-02;6.075156e-02;4.189467e-02;9.815713e-02;9.973954e-02;6.212748e-02;5.524627e-02
1.005022e-01;7.964549e-02;1.737830e-01;7.531681e-02;7.180461e-02;5.885179e-02;7.584877e-02;3.799909e-02;1.111398e-01;8.189128e-02;6.647447e-02;6.674285e-02
6.434357e-02;6.700611e-02;1.286904e-01;7.591310e-02;7.945951e-02;5.833703e-02;1.256482e-01;5.765504e-02;1.110710e-01;1.011571e-01;8.656058e-02;4.415838e-02
5.720012e-02;1.008967e-01;1.061520e-01;6.041234e-02;8.019704e-02;6.215206e-02;1.379255e-01;7.317389e-02;8.055705e-02;9.480908e-02;8.929612e-02;5.722808e-02
1.020628e-01;1.073477e-01;1.213331e-01;7.350710e-02;6.789430e-02;6.971565e-02;7.113939e-02;9.524745e-02;9.683344e-02;6.456921e-02;7.003976e-02;6.031017e-02
1.327453e-01;9.431715e-02;1.062892e-01;8.269285e-02;4.714726e-02;6.576981e-02;9.574921e-02;8.862776e-02;7.395939e-02;7.026177e-02;8.032525e-02;6.211504e-02
8.227711e-02;9.511935e-02;9.770513e-02;1.016087e-01;6.189200e-02;7.122027e-02;1.568511e-01;7.824896e-02;5.568687e-02;8.716800e-02;6.943478e-02;4.278779e-02
6.269342e-02;9.335269e-02;1.239583e-01;1.009350e-01;7.882987e-02;6.732832e-02;1.332719e-01;7.819858e-02;8.390763e-02;7.706565e-02;4.197844e-02;5.848025e-02
6.576130e-02;1.011665e-01;1.253415e-01;9.145527e-02;5.728098e-02;9.602921e-02;9.544893e-02;7.534193e-02;9.944913e-02;7.128128e-02;6.531433e-02;5.612973e-02
9.193478e-02;9.665655e-02;7.747976e-02;7.889898e-02;6.477356e-02;9.752509e-02;1.475842e-01;4.561838e-02;8.388080e-02;1.193690e-01;5.119619e-02;4.508271e-02
1.082085e-01;5.514777e-02;1.000978e-01;7.154974e-02;4.618932e-02;9.080050e-02;1.612592e-01;5.690132e-02;9.413797e-02;9.341727e-02;5.207911e-02;7.021147e-02
8.798003e-02;4.737407e-02;1.153770e-01;7.071000e-02;5.277570e-02;8.743848e-02;1.839173e-01;7.038773e-02;7.989708e-02;6.586813e-02;5.675956e-02;8.151492e-02
9.947369e-02;6.279612e-02;1.196157e-01;7.246692e-02;5.711516e-02;8.145696e-02;1.660689e-01;8.770167e-02;5.501655e-02;5.710442e-02;5.612590e-02;8.505806e-02
1.097516e-01;8.485541e-02;1.092172e-01;6.780101e-02;3.213310e-02;7.562039e-02;1.457371e-01;1.082050e-01;7.630677e-02;6.892768e-02;4.597960e-02;7.546523e-02
5.449284e-02;7.092981e-02;1.321953e-01;7.038155e-02;5.567965e-02;8.150726e-02;1.471059e-01;8.505456e-02;7.850078e-02;7.396133e-02;8.194259e-02;6.824849e-02
6.017311e-02;7.226509e-02;1.293867e-01;8.863721e-02;5.969033e-02;6.136899e-02;1.255762e-01;6.124281e-02;7.145657e-02;8.618151e-02;1.100696e-01;7.395188e-02
9.170096e-02;7.537743e-02;1.242820e-01;8.906250e-02;5.687672e-02;4.454122e-02;1.500154e-01;8.256044e-02;5.230129e-02;7.816985e-02;8.356031e-02;7.155195e-02
9.442317e-02;5.315094e-02;1.365677e-01;7.611753e-02;4.747243e-02;4.948412e-02;1.606497e-01;8.466581e-02;7.395446e-02;8.256990e-02;6.426074e-02;7.668351e-02
1.292968e-01;4.088612e-02;1.769095e-01;4.828107e-02;3.735478e-02;6.569624e-02;9.816577e-02;6.876998e-02;7.871547e-02;1.067447e-01;9.302274e-02;5.615681e-02
1.641442e-01;5.694288e-02;1.747058e-01;3.336892e-02;4.369183e-02;5.610351e-02;8.174998e-02;3.317729e-02;4.813382e-02;1.168364e-01;1.235551e-01;6.759012e-02
1.742281e-01;5.859435e-02;1.218594e-01;5.422297e-02;5.427505e-02;3.683602e-02;8.779504e-02;2.611453e-02;4.273641e-02;1.424271e-01;1.205412e-01;8.036970e-02
1.602243e-01;5.092314e-02;9.951435e-02;7.946081e-02;7.631525e-02;2.177890e-02;6.134477e-02;2.160561e-02;8.418025e-02;1.824107e-01;8.927814e-02;7.296372e-02
1.115219e-01;3.356424e-02;9.548819e-02;1.055631e-01;8.348250e-02;2.312057e-02;4.930620e-02;3.471682e-02;1.246641e-01;2.031997e-01;7.808050e-02;5.729221e-02
7.623836e-02;2.355207e-02;9.277659e-02;1.224795e-01;8.242653e-02;3.177781e-02;5.979792e-02;3.925358e-02;1.456703e-01;2.119202e-01;6.426447e-02;4.984273e-02
7.660930e-02;1.666722e-02;8.653016e-02;1.103282e-01;7.162108e-02;2.119982e-02;7.029306e-02;4.440962e-02;1.422528e-01;2.331506e-01;8.917520e-02;3.776294e-02
5.615933e-02;1.285391e-02;4.793755e-02;1.000239e-01;7.236346e-02;3.311422e-02;6.441028e-02;4.539726e-02;1.404191e-01;2.924370e-01;1.053798e-01;2.950416e-02
3.364386e-02;2.549265e-02;5.955810e-02;7.163978e-02;8.408908e-02;3.432698e-02;6.832439e-02;3.719513e-02;1.287707e-01;3.140232e-01;1.193054e-01;2.363080e-02
4.194068e-02;3.904082e-02;5.734857e-02;3.706664e-02;9.580356e-02;2.507759e-02;3.636622e-02;3.568784e-02;1.264249e-01;3.260977e-01;1.514346e-01;2.771087e-02
2.418320e-02;5.932506e-02;1.895911e-02;4.004494e-02;7.504372e-02;3.576040e-02;4.850227e-02;3.588156e-02;1.126773e-01;3.091718e-01;2.051398e-01;3.531086e-02
2.861554e-02;5.479783e-02;8.309756e-02;4.481006e-02;5.573670e-02;5.538328e-02;8.213591e-02;3.275501e-02;6.939142e-02;2.249780e-01;2.251840e-01;4.311465e-02
2.416682e-02;4.909277e-02;1.055524e-01;3.793133e-02;6.248942e-02;6.850947e-02;1.300465e-01;3.387124e-02;5.643786e-02;1.675161e-01;2.234820e-01;4.090402e-02
2.181026e-02;4.555396e-02;1.244494e-01;2.959119e-02;6.578963e-02;6.908167e-02;1.627571e-01;3.707704e-02;6.503958e-02;1.431371e-01;2.008964e-01;3.481676e-02
4.283827e-02;4.619722e-02;1.417411e-01;3.024804e-02;7.662868e-02;5.732426e-02;1.295920e-01;3.775208e-02;5.914504e-02;1.715938e-01;1.761405e-01;3.079893e-02
4.718954e-02;3.664905e-02;1.350820e-01;3.205943e-02;7.732439e-02;4.508060e-02;7.290446e-02;3.180728e-02;6.522808e-02;2.309503e-01;1.916014e-01;3.412350e-02
3.160510e-02;2.968496e-02;9.030267e-02;2.637557e-02;7.698689e-02;3.611415e-02;3.759716e-02;3.835651e-02;8.378185e-02;3.108041e-01;2.024723e-01;3.591882e-02
3.356735e-02;2.489229e-02;9.352922e-02;2.359053e-02;8.072338e-02;4.010833e-02;6.527240e-02;3.559746e-02;8.521131e-02;3.058103e-01;1.779598e-01;3.373761e-02
3.832429e-02;2.705164e-02;1.243066e-01;2.370208e-02;7.515875e-02;3.967109e-02;5.848324e-02;4.125954e-02;8.967452e-02;2.708005e-01;1.728381e-01;3.872962e-02
3.116609e-02;2.866950e-02;7.439744e-02;2.204252e-02;6.129628e-02;4.564200e-02;4.762834e-02;7.279632e-02;1.338584e-01;3.082146e-01;1.317427e-01;4.254585e-02
2.843286e-02;3.783210e-02;3.317884e-02;2.283517e-02;5.352005e-02;4.125630e-02;5.685566e-02;9.768707e-02;1.855738e-01;3.562820e-01;5.392812e-02;3.261803e-02
3.341168e-02;4.854640e-02;3.623474e-02;1.321394e-02;6.683628e-02;3.289898e-02;4.859282e-02;1.317750e-01;1.661871e-01;3.461247e-01;5.121280e-02;2.496559e-02
2.951051e-02;5.036553e-02;4.168259e-02;2.848350e-02;5.988242e-02;5.930023e-02;3.957826e-02;1.147680e-01;2.281478e-01;2.691698e-01;5.226982e-02;2.684146e-02
4.968905e-02;5.709730e-02;4.209536e-02;6.296137e-02;6.718162e-02;6.978728e-02;4.405740e-02;6.442118e-02;2.923646e-01;1.721795e-01;4.565405e-02;3.251135e-02
5.527945e-02;6.729311e-02;7.880763e-02;9.363931e-02;6.137629e-02;6.072653e-02;6.083703e-02;6.625602e-02;2.229933e-01;1.424189e-01;4.941284e-02;4.095958e-02
5.374189e-02;6.351087e-02;8.694255e-02;7.052294e-02;5.244450e-02;6.113950e-02;7.933185e-02;8.877069e-02;1.737748e-01;1.742782e-01;4.925160e-02;4.629061e-02
6.659894e-02;4.748268e-02;5.124960e-02;4.298273e-02;4.537931e-02;7.198887e-02;1.338179e-01;1.079934e-01;1.996610e-01;1.132864e-01;5.202656e-02;6.753258e-02
4.631685e-02;2.609471e-02;6.652583e-02;6.446902e-02;4.662064e-02;8.115926e-02;1.420472e-01;8.201698e-02;2.419476e-01;9.452283e-02;2.807172e-02;8.020736e-02
2.645167e-02;5.624950e-02;7.185224e-02;5.702316e-02;4.940146e-02;8.712097e-02;1.114788e-01;8.600647e-02;2.261766e-01;1.225938e-01;2.890996e-02;7.673537e-02
4.287826e-02;9.270680e-02;7.711389e-02;6.485729e-02;5.174059e-02;1.142905e-01;1.089489e-01;5.619396e-02;1.766720e-01;1.222311e-01;4.422294e-02;4.814379e-02
5.424634e-02;7.981455e-02;6.890602e-02;8.235902e-02;6.985641e-02;9.515289e-02;1.255830e-01;6.276981e-02;1.520890e-01;8.411299e-02;5.928111e-02;6.582884e-02
6.695791e-02;5.185850e-02;7.600064e-02;1.058024e-01;7.537266e-02;7.529033e-02;9.780621e-02;6.243124e-02;1.833972e-01;6.541316e-02;4.704546e-02;9.262430e-02
4.743731e-02;5.352610e-02;9.644210e-02;8.868656e-02;5.276755e-02;5.400896e-02;8.749924e-02;7.875854e-02;1.743176e-01;1.276407e-01;7.235483e-02;6.656041e-02
5.922604e-02;7.140524e-02;1.293627e-01;5.081522e-02;5.339196e-02;6.238813e-02;1.199457e-01;7.579934e-02;1.114902e-01;1.361277e-01;8.032117e-02;4.972653e-02
7.457536e-02;4.689476e-02;1.436227e-01;4.188480e-02;8.673026e-02;1.016230e-01;1.245882e-01;6.988049e-02;1.053124e-01;9.257262e-02;5.111070e-02;6.120475e-02
6.708107e-02;4.108636e-02;1.319524e-01;5.406749e-02;1.040327e-01;9.359704e-02;9.008243e-02;7.633501e-02;1.221742e-01;9.124468e-02;5.324145e-02;7.510525e-02
8.941147e-02;7.097508e-02;1.253426e-01;6.863864e-02;8.988753e-02;7.297309e-02;5.302412e-02;6.042882e-02;1.508166e-01;6.343946e-02;6.514311e-02;8.991955e-02
1.033566e-01;7.910810e-02;1.495164e-01;6.927406e-02;6.184454e-02;4.903641e-02;5.322270e-02;5.098912e-02;1.547300e-01;8.830833e-02;5.513940e-02;8.547439e-02
7.182681e-02;9.943663e-02;1.403724e-01;8.190697e-02;7.544664e-02;4.757600e-02;5.432639e-02;6.291112e-02;8.794002e-02;1.090048e-01;9.067643e-02;7.857588e-02
1.345773e-01;9.124450e-02;1.076315e-01;5.114424e-02;9.236672e-02;4.766196e-02;8.401702e-02;7.020086e-02;6.726361e-02;7.746127e-02;8.768225e-02;8.874876e-02
1.325660e-01;5.806016e-02;1.293310e-01;6.577484e-02;7.425606e-02;6.215371e-02;1.532139e-01;3.125352e-02;8.264451e-02;1.086817e-01;4.653838e-02;5.552626e-02
1.020815e-01;6.487335e-02;1.693825e-01;7.317161e-02;7.274332e-02;6.876110e-02;1.394227e-01;4.897298e-02;7.854087e-02;9.614743e-02;4.012826e-02;4.577447e-02
7.993765e-02;4.710400e-02;1.939113e-01;8.782948e-02;7.552844e-02;6.341954e-02;1.237079e-01;6.916102e-02;5.638876e-02;8.305362e-02;7.458217e-02;4.537621e-02
7.302295e-02;2.528703e-02;1.497663e-01;6.351105e-02;4.925429e-02;4.922219e-02;1.328349e-01;8.031079e-02;8.239390e-02;1.129268e-01;9.464213e-02;8.682763e-02
8.504602e-02;5.717389e-02;1.057591e-01;6.908935e-02;5.325716e-02;6.942344e-02;1.247827e-01;7.170182e-02;9.267908e-02;1.298767e-01;6.123301e-02;7.997774e-02
4.669513e-02;8.824220e-02;1.252867e-01;8.067866e-02;6.388641e-02;7.263198e-02;9.276249e-02;7.175847e-02;8.688614e-02;1.436753e-01;4.576774e-02;8.172879e-02
1.226574e-01;7.622936e-02;1.172165e-01;7.305499e-02;4.196332e-02;4.513122e-02;7.324604e-02;6.317466e-02;7.644737e-02;1.474080e-01;6.737206e-02;9.609898e-02
1.434950e-01;1.127137e-01;9.550128e-02;6.227691e-02;4.040166e-02;4.092928e-02;1.010976e-01;5.117307e-02;8.801115e-02;1.367028e-01;7.162403e-02;5.607352e-02
1.156814e-01;1.410952e-01;8.451986e-02;6.264661e-02;5.527919e-02;3.628381e-02;1.398252e-01;2.924666e-02;1.247052e-01;9.317580e-02;6.593756e-02;5.160343e-02
9.241599e-02;1.035729e-01;8.641194e-02;7.748500e-02;5.781296e-02;3.841228e-02;1.662494e-01;5.650308e-02;1.474160e-01;4.192932e-02;4.142535e-02;9.036579e-02
1.102363e-01;5.839089e-02;1.149661e-01;8.676585e-02;4.223447e-02;3.453798e-02;1.674064e-01;3.520897e-02;1.444043e-01;4.953282e-02;6.691144e-02;8.940454e-02
1.110644e-01;6.271647e-02;7.999071e-02;5.671224e-02;5.522598e-02;5.290763e-02;1.466546e-01;8.120113e-02;1.408735e-01;5.928437e-02;7.413218e-02;7.923672e-02
1.453413e-01;5.756576e-02;7.720545e-02;4.920201e-02;7.744943e-02;8.676243e-02;1.161697e-01;7.680906e-02;1.416858e-01;6.714499e-02;4.777287e-02;5.689123e-02
1.210583e-01;8.683306e-02;1.165331e-01;5.008136e-02;6.509854e-02;9.434596e-02;1.164168e-01;5.383305e-02;1.269108e-01;7.555884e-02;3.357517e-02;5.975502e-02
5.781620e-02;1.135545e-01;1.173311e-01;3.765303e-02;7.430911e-02;8.980730e-02;1.105686e-01;5.932736e-02;1.164730e-01;1.068404e-01;3.253594e-02;8.378348e-02
9.570128e-02;1.154432e-01;1.020203e-01;3.782593e-02;6.995653e-02;7.320458e-02;9.514964e-02;5.290451e-02;1.242927e-01;9.938592e-02;4.914873e-02;8.496659e-02
1.321458e-01;7.932016e-02;1.443436e-01;4.473500e-02;5.887069e-02;5.729355e-02;1.048889e-01;4.149992e-02;1.018543e-01;7.359775e-02;6.677214e-02;9.467829e-02
1.307762e-01;6.956263e-02;1.310736e-01;3.563723e-02;6.392288e-02;5.799519e-02;9.616137e-02;3.111946e-02;1.156768e-01;8.223864e-02;1.058694e-01;7.996661e-02
1.142998e-01;6.815004e-02;1.119414e-01;2.884235e-02;7.529092e-02;5.813807e-02;8.932962e-02;5.278376e-02;1.409758e-01;7.793885e-02;8.627561e-02;9.603380e-02
1.234085e-01;8.869708e-02;1.379861e-01;3.208644e-02;6.234283e-02;6.974173e-02;8.318686e-02;8.095134e-02;1.448650e-01;5.338481e-02;7.014824e-02;5.320100e-02
1.130229e-01;7.572295e-02;1.494852e-01;5.366700e-02;6.396174e-02;8.208907e-02;8.245352e-02;8.635108e-02;1.094093e-01;8.803812e-02;5.570818e-02;4.009094e-02
5.659388e-02;7.174177e-02;1.382612e-01;8.045070e-02;1.013391e-01;5.822614e-02;1.391839e-01;4.826143e-02;8.326171e-02;1.074428e-01;5.101997e-02;6.421733e-02
7.078342e-02;5.799273e-02;1.758041e-01;5.864656e-02;9.308001e-02;4.385246e-02;1.738393e-01;4.013357e-02;5.406121e-02;9.727035e-02;7.705386e-02;5.748236e-02
8.157303e-02;5.178329e-02;2.170417e-01;5.095727e-02;1.045558e-01;6.192336e-02;1.798338e-01;4.081409e-02;4.180207e-02;7.337321e-02;4.256706e-02;5.377534e-02
7.757381e-02;4.916831e-02;1.756749e-01;3.407625e-02;1.025723e-01;7.099377e-02;1.848292e-01;5.707932e-02;7.734824e-02;6.497137e-02;5.766223e-02;4.805033e-02
4.996642e-02;5.463595e-02;1.540212e-01;5.180333e-02;1.012943e-01;6.975278e-02;1.352725e-01;7.025452e-02;9.700945e-02;9.056562e-02;7.239001e-02;5.303393e-02
5.481252e-02;5.699630e-02;1.350707e-01;5.638909e-02;1.318536e-01;7.636394e-02;1.719849e-01;6.409942e-02;7.930606e-02;1.033684e-01;4.025873e-02;2.949634e-02
1.243714e-01;3.997292e-02;7.174048e-02;3.657195e-02;1.075153e-01;7.058019e-02;2.891046e-01;5.617153e-02;5.065046e-02;7.494706e-02;4.656601e-02;3.180811e-02
1.400869e-01;5.934601e-02;6.110173e-02;2.700728e-02;8.335058e-02;7.473117e-02;3.093000e-01;5.467125e-02;5.593817e-02;5.213481e-02;5.434244e-02;2.798962e-02
1.128812e-01;9.281249e-02;6.616303e-02;2.405032e-02;6.287973e-02;6.715712e-02;3.812183e-01;4.696346e-02;4.047364e-02;4.835707e-02;3.820764e-02;1.883605e-02
6.592082e-02;1.014833e-01;7.823078e-02;1.782170e-02;5.561516e-02;5.230745e-02;4.569137e-01;3.957706e-02;3.914118e-02;4.521805e-02;3.585202e-02;1.191883e-02
2.364310e-02;9.587077e-02;1.103263e-01;1.537779e-02;4.607232e-02;3.594347e-02;5.057804e-01;4.823071e-02;3.801442e-02;3.408745e-02;3.719474e-02;9.458549e-03
2.426015e-02;7.220076e-02;1.511482e-01;2.385007e-02;4.395606e-02;2.588164e-02;4.970467e-01;5.685567e-02;2.693602e-02;3.603060e-02;3.200400e-02;9.830165e-03
1.258100e-02;4.517963e-02;1.924079e-01;2.893631e-02;2.945092e-02;1.882316e-02;4.711653e-01;6.716581e-02;3.045694e-02;5.112795e-02;3.062619e-02;2.207890e-02
1.736028e-02;5.920428e-02;1.817275e-01;3.469018e-02;3.826340e-02;2.302114e-02;4.525452e-01;6.264964e-02;2.867295e-02;4.647166e-02;3.653240e-02;1.886139e-02
3.870631e-02;8.626704e-02;1.296434e-01;3.587862e-02;6.604632e-02;3.894057e-02;4.401031e-01;5.001364e-02;2.382790e-02;3.311513e-02;4.268975e-02;1.476818e-02
6.803971e-02;9.230445e-02;9.051198e-02;3.930487e-02;7.647981e-02;5.873388e-02;4.185779e-01;3.822667e-02;2.833833e-02;3.846132e-02;3.449721e-02;1.652387e-02
9.872859e-02;6.441544e-02;1.499577e-01;4.375966e-02;8.795043e-02;6.659777e-02;2.959572e-01;2.896733e-02;4.426993e-02;6.094517e-02;3.792989e-02;2.052089e-02
8.156932e-02;4.368788e-02;3.207199e-01;4.598557e-02;9.452682e-02;5.087998e-02;1.321741e-01;3.834811e-02;5.076440e-02;6.761267e-02;4.528445e-02;2.844672e-02
5.211942e-02;2.544428e-02;4.101950e-01;5.604199e-02;9.214118e-02;5.640206e-02;5.011135e-02;4.761936e-02;4.738991e-02;7.875148e-02;5.312062e-02;3.066332e-02
5.392846e-02;2.479947e-02;2.468286e-01;6.806842e-02;6.895123e-02;4.667981e-02;1.629198e-01;3.695416e-02;6.599109e-02;1.295374e-01;7.245056e-02;2.289099e-02
6.198367e-02;3.276918e-02;1.339940e-01;8.610891e-02;5.092891e-02;3.466519e-02;1.608056e-01;3.953138e-02;8.692105e-02;2.003907e-01;9.053016e-02;2.137127e-02
6.366002e-02;2.847267e-02;1.665483e-01;9.854278e-02;4.411193e-02;1.233704e-02;9.825200e-02;4.496425e-02;1.116103e-01;2.171665e-01;9.417444e-02;2.015982e-02
6.700677e-02;2.345497e-02;1.083835e-01;9.884699e-02;5.033744e-02;2.578153e-02;9.502628e-02;3.588296e-02;1.425006e-01;2.341363e-01;9.456650e-02;2.407619e-02
6.002318e-02;2.567313e-02;6.599061e-02;9.414179e-02;6.973329e-02;3.312581e-02;6.891717e-02;4.170520e-02;1.645682e-01;2.485856e-01;1.032462e-01;2.428990e-02
4.205298e-02;1.719869e-02;8.766019e-02;7.691132e-02;6.786289e-02;2.048865e-02;1.107131e-01;5.855139e-02;1.575519e-01;2.374074e-01;9.564432e-02;2.795725e-02
2.138340e-02;1.435820e-02;1.331794e-01;6.572232e-02;7.113007e-02;1.096744e-02;1.915772e-01;5.185500e-02;1.181714e-01;1.879511e-01;9.528865e-02;3.841577e-02
3.865861e-02;1.573107e-02;1.684101e-01;4.704216e-02;7.841042e-02;2.358085e-02;2.535053e-01;4.307308e-02;7.457838e-02;1.331517e-01;8.787174e-02;3.598660e-02
3.826752e-02;2.176672e-02;2.401160e-01;4.021024e-02;6.941333e-02;4.200881e-02;2.079424e-01;4.735145e-02;4.915231e-02;1.083412e-01;8.507701e-02;5.035306e-02
6.438547e-02;4.494254e-02;3.059224e-01;5.147940e-02;5.605979e-02;5.996573e-02;6.745154e-02;4.218946e-02;7.071255e-02;1.015910e-01;7.812768e-02;5.717240e-02
6.188478e-02;4.996024e-02;2.223440e-01;5.148601e-02;6.161019e-02;5.171574e-02;1.417233e-01;2.783283e-02;6.940939e-02;1.146398e-01;8.719002e-02;6.020371e-02
7.635596e-02;4.733805e-02;1.087588e-01;5.224694e-02;7.377010e-02;5.791267e-02;1.310631e-01;7.201086e-02;7.750172e-02;1.611886e-01;8.344376e-02;5.840953e-02
7.365476e-02;4.479248e-02;9.997580e-02;5.429885e-02;8.118062e-02;6.031255e-02;1.244935e-01;1.027833e-01;1.007299e-01;1.582043e-01;5.461800e-02;4.495589e-02
6.592797e-02;6.101092e-02;7.994771e-02;5.281799e-02;7.431002e-02;4.646240e-02;1.257371e-01;1.318095e-01;1.523824e-01;1.151131e-01;4.120902e-02;5.327189e-02
7.186840e-02;5.321214e-02;8.020277e-02;3.744131e-02;5.377533e-02;6.694148e-02;1.310515e-01;1.014605e-01;1.346190e-01;1.619168e-01;4.696765e-02;6.054309e-02
5.233530e-02;2.808191e-02;6.414396e-02;3.175440e-02;5.490013e-02;7.827640e-02;1.233815e-01;1.053685e-01;1.798887e-01;2.158339e-01;2.603103e-02;4.000421e-02
3.026797e-02;1.336226e-02;5.180609e-02;3.763217e-02;4.990073e-02;4.644890e-02;8.026829e-02;1.243410e-01;2.554770e-01;2.649378e-01;2.608215e-02;1.947551e-02
1.497083e-02;9.704698e-03;4.456830e-02;2.259387e-02;3.472865e-02;2.385095e-02;6.326263e-02;1.013416e-01;3.126094e-01;3.355776e-01;1.930833e-02;1.748317e-02
1.917175e-02;1.236933e-02;3.792821e-02;1.862440e-02;3.624149e-02;3.898818e-02;5.913305e-02;8.832786e-02;3.726698e-01;2.746546e-01;2.128443e-02;2.060685e-02
2.361637e-02;1.979831e-02;2.889715e-02;2.403455e-02;3.276431e-02;5.049598e-02;5.235147e-02;7.504098e-02;3.199202e-01;3.386730e-01;1.993822e-02;1.446954e-02
1.500596e-02;3.025693e-02;4.369184e-02;2.577879e-02;4.040987e-02;4.929428e-02;4.289032e-02;7.474524e-02;2.405909e-01;3.868248e-01;2.313971e-02;2.737140e-02
2.062825e-02;2.887913e-02;5.374595e-02;2.217419e-02;4.077401e-02;4.364555e-02;6.986100e-02;1.487380e-01;1.856763e-01;3.125270e-01;3.150013e-02;4.185041e-02
3.357700e-02;1.950391e-02;4.961289e-02;3.895810e-02;3.056676e-02;5.791230e-02;9.969085e-02;1.902124e-01;1.681406e-01;2.308583e-01;3.529226e-02;4.567469e-02
3.818167e-02;2.831940e-02;6.163226e-02;3.318796e-02;2.930065e-02;6.339064e-02;7.358168e-02;1.566682e-01;3.216680e-01;1.442973e-01;2.239444e-02;2.737779e-02
3.775421e-02;4.799221e-02;6.212164e-02;3.668319e-02;3.702629e-02;5.491130e-02;8.671319e-02;9.095849e-02;3.326593e-01;1.365266e-01;3.442559e-02;4.222797e-02
4.477761e-02;6.340714e-02;6.561161e-02;5.752401e-02;5.389424e-02;6.091205e-02;9.648721e-02;1.266779e-01;2.140506e-01;1.285404e-01;2.870079e-02;5.941635e-02
4.479495e-02;5.234027e-02;9.720020e-02;5.289793e-02;4.844803e-02;5.938292e-02;6.571171e-02;1.190289e-01;2.711867e-01;1.104776e-01;2.557671e-02;5.295413e-02
3.659030e-02;4.483832e-02;1.142322e-01;3.445582e-02;2.992250e-02;4.983715e-02;8.407512e-02;1.395791e-01;2.606365e-01;1.225555e-01;3.715289e-02;4.612452e-02
5.375303e-02;4.633915e-02;1.203940e-01;4.419094e-02;3.387376e-02;5.256348e-02;1.031724e-01;1.849230e-01;1.754345e-01;8.962242e-02;3.221045e-02;6.352285e-02
7.657989e-02;7.549632e-02;9.147216e-02;4.862181e-02;4.717519e-02;4.644167e-02;6.326205e-02;2.160551e-01;1.706865e-01;7.049127e-02;2.652193e-02;6.719615e-02
4.589926e-02;1.091693e-01;5.469605e-02;3.285580e-02;4.082846e-02;7.161237e-02;7.878697e-02;2.065525e-01;1.862097e-01;7.331174e-02;4.843783e-02;5.164008e-02
5.423300e-02;1.207247e-01;7.491800e-02;4.016140e-02;3.688338e-02;7.402234e-02;8.401800e-02;1.674304e-01;1.440271e-01;1.054640e-01;5.073531e-02;4.738238e-02
7.315272e-02;9.311449e-02;8.970462e-02;3.843285e-02;4.118713e-02;5.156492e-02;7.588147e-02;1.411984e-01;1.180588e-01;2.097382e-01;3.188293e-02;3.608344e-02
7.628421e-02;4.557361e-02;7.029121e-02;3.859033e-02;2.587971e-02;3.934486e-02;7.798865e-02;1.000393e-01;2.371694e-01;2.071053e-01;4.510229e-02;3.663112e-02
8.923703e-02;3.999857e-02;6.169742e-02;3.665129e-02;4.535722e-02;4.437374e-02;8.209585e-02;6.671604e-02;2.412786e-01;1.835452e-01;6.129673e-02;4.775230e-02
1.072986e-01;4.794288e-02;6.627808e-02;3.541481e-02;5.149083e-02;2.784701e-02;1.217028e-01;9.118902e-02;1.529391e-01;1.391220e-01;6.169377e-02;9.708112e-02
1.031215e-01;5.306098e-02;5.037776e-02;4.275792e-02;4.288407e-02;3.388373e-02;1.227859e-01;8.674877e-02;1.614861e-01;1.394473e-01;5.764411e-02;1.058018e-01
7.854144e-02;5.997336e-02;7.926738e-02;6.203705e-02;5.254764e-02;5.078533e-02;7.273183e-02;7.077532e-02;1.996130e-01;1.213614e-01;8.604219e-02;6.632402e-02
5.403393e-02;6.272798e-02;1.062420e-01;8.142442e-02;7.017042e-02;3.873268e-02;8.278359e-02;7.111785e-02;1.376921e-01;1.365288e-01;1.168606e-01;4.168559e-02
8.626312e-02;6.912032e-02;4.932508e-02;8.191452e-02;8.869807e-02;4.991565e-02;8.540823e-02;7.876253e-02;1.415098e-01;1.173545e-01;1.051384e-01;4.658968e-02
9.258161e-02;6.721121e-02;4.093483e-02;7.619611e-02;1.027639e-01;6.010396e-02;1.132385e-01;8.639965e-02;1.009356e-01;1.266922e-01;8.460610e-02;4.833625e-02
5.857944e-02;5.817526e-02;7.190449e-02;7.895447e-02;7.307501e-02;5.984420e-02;1.315472e-01;7.994170e-02;9.595149e-02;1.717437e-01;6.993005e-02;5.035304e-02
5.148631e-02;6.501454e-02;5.930820e-02;7.673858e-02;4.428907e-02;7.115804e-02;1.199029e-01;1.102345e-01;1.268796e-01;1.753539e-01;6.314772e-02;3.648674e-02
4.940270e-02;5.992956e-02;7.074708e-02;9.330993e-02;5.926655e-02;8.126108e-02;1.040102e-01;1.139523e-01;1.177942e-01;1.517344e-01;4.107824e-02;5.751375e-02
4.841039e-02;5.134375e-02;8.276430e-02;8.158895e-02;7.279254e-02;9.864629e-02;8.933043e-02;9.798454e-02;1.421368e-01;1.373954e-01;2.800665e-02;6.959986e-02
5.342673e-02;5.952722e-02;9.931432e-02;8.165538e-02;7.465955e-02;1.087744e-01;8.904985e-02;9.655637e-02;1.432365e-01;9.801930e-02;6.171916e-02;3.406124e-02
7.482192e-02;7.049768e-02;1.016400e-01;7.133806e-02;5.496728e-02;9.122010e-02;7.170543e-02;1.123765e-01;1.548660e-01;8.274388e-02;8.364531e-02;3.017789e-02
7.224600e-02;8.381232e-02;9.138920e-02;6.393977e-02;4.852518e-02;6.720507e-02;9.740097e-02;1.198488e-01;1.458048e-01;9.010489e-02;7.419912e-02;4.552384e-02
5.734340e-02;9.373897e-02;1.109925e-01;6.086794e-02;5.531270e-02;6.135846e-02;9.303156e-02;1.065514e-01;1.471684e-01;7.865042e-02;6.489336e-02;7.009088e-02
1.123717e-01;1.002586e-01;2.490838e-01;4.816954e-02;5.781294e-02;4.754553e-02;8.639199e-02;6.615978e-02;9.539785e-02;6.436992e-02;3.491283e-02;3.752559e-02
1.256578e-01;1.186115e-01;2.557873e-01;5.639975e-02;5.241144e-02;3.270650e-02;1.116451e-01;4.790837e-02;4.710769e-02;5.122257e-02;4.932600e-02;5.121594e-02
1.318077e-01;1.326172e-01;2.401865e-01;6.199303e-02;5.317443e-02;2.395452e-02;1.142672e-01;5.257686e-02;2.515888e-02;5.023490e-02;5.091219e-02;6.311654e-02
1.288922e-01;1.387128e-01;1.868141e-01;5.841970e-02;5.675640e-02;3.120913e-02;1.215150e-01;4.448638e-02;3.796400e-02;5.280650e-02;5.269056e-02;8.973328e-02
8.434329e-02;1.085345e-01;1.137600e-01;3.443112e-02;6.449950e-02;4.950921e-02;1.679424e-01;4.249999e-02;8.715931e-02;5.085479e-02;6.212480e-02;1.343410e-01
1.313826e-01;9.841147e-02;1.364248e-01;2.588727e-02;6.637105e-02;3.162182e-02;1.698636e-01;2.832094e-02;9.497106e-02;3.422594e-02;4.821510e-02;1.343044e-01
1.523965e-01;1.395573e-01;1.102393e-01;3.964329e-02;6.840914e-02;4.748064e-02;1.140184e-01;7.711919e-02;7.041483e-02;5.116555e-02;3.376206e-02;9.579371e-02
9.652697e-02;1.481663e-01;1.402407e-01;6.869723e-02;6.531033e-02;4.973983e-02;1.008285e-01;9.173594e-02;5.962955e-02;5.924501e-02;4.020440e-02;7.967521e-02
8.234098e-02;1.247990e-01;2.001358e-01;9.016986e-02;4.376108e-02;5.217197e-02;1.036350e-01;7.018533e-02;6.401260e-02;5.013850e-02;3.222453e-02;8.642539e-02
1.992484e-01;7.275994e-02;1.452136e-01;1.029241e-01;5.827793e-02;4.860261e-02;1.139233e-01;2.231341e-02;6.959692e-02;4.142051e-02;6.373146e-02;6.198768e-02
2.401147e-01;7.870787e-02;1.400792e-01;1.023766e-01;4.977944e-02;3.534080e-02;1.029395e-01;2.381757e-02;8.555758e-02;4.093609e-02;6.996810e-02;3.038245e-02
2.645226e-01;6.651405e-02;1.197494e-01;1.069093e-01;5.209525e-02;2.199434e-02;9.448726e-02;1.890344e-02;9.690595e-02;4.500281e-02;7.529182e-02;3.762378e-02
2.773021e-01;7.940977e-02;1.309044e-01;1.041366e-01;5.568324e-02;2.289371e-02;8.057154e-02;1.612107e-02;9.392026e-02;3.908081e-02;6.815126e-02;3.182526e-02
2.783854e-01;1.038623e-01;1.217246e-01;8.817536e-02;6.086929e-02;2.124515e-02;7.532030e-02;2.017030e-02;8.667745e-02;4.624525e-02;5.889865e-02;3.842590e-02
2.842358e-01;1.132845e-01;1.138485e-01;7.263686e-02;6.094427e-02;2.029238e-02;8.248485e-02;2.813042e-02;8.164892e-02;4.740398e-02;5.428005e-02;4.080956e-02
2.625526e-01;1.033534e-01;1.496536e-01;6.268483e-02;5.434715e-02;2.393384e-02;9.018901e-02;2.808877e-02;7.798865e-02;4.847626e-02;5.056513e-02;4.816682e-02
2.121148e-01;8.274252e-02;1.850704e-01;5.335308e-02;5.258927e-02;3.467502e-02;1.079657e-01;2.698142e-02;7.956810e-02;5.481874e-02;5.020135e-02;5.991954e-02
1.542822e-01;7.514908e-02;1.777082e-01;5.221844e-02;5.563189e-02;3.702610e-02;1.351146e-01;3.673607e-02;8.483627e-02;6.431461e-02;5.043634e-02;7.654621e-02
1.478470e-01;7.322454e-02;1.484085e-01;6.304868e-02;7.060662e-02;2.853899e-02;1.217242e-01;3.420111e-02;1.032960e-01;6.512456e-02;7.313672e-02;7.084316e-02
1.647978e-01;6.871697e-02;1.432743e-01;7.608337e-02;6.124636e-02;3.103680e-02;1.438258e-01;3.472576e-02;1.130556e-01;6.495805e-02;5.316127e-02;4.511791e-02
1.478461e-01;5.377041e-02;1.023015e-01;7.692004e-02;6.131253e-02;6.483584e-02;1.618292e-01;4.914268e-02;1.081142e-01;8.371056e-02;4.954286e-02;4.067410e-02
1.289153e-01;7.250835e-02;6.640082e-02;5.470689e-02;5.766853e-02;5.084659e-02;1.467842e-01;4.282375e-02;1.036870e-01;1.289352e-01;7.723393e-02;6.948952e-02
8.963536e-02;7.078195e-02;5.062450e-02;5.251339e-02;5.790741e-02;4.772979e-02;1.359815e-01;7.132757e-02;1.623459e-01;1.398385e-01;6.206235e-02;5.925181e-02
5.377029e-02;5.805919e-02;6.529572e-02;5.943473e-02;5.660534e-02;7.287976e-02;1.064172e-01;8.096316e-02;2.247381e-01;1.530924e-01;3.113437e-02;3.760974e-02
6.946748e-02;4.914306e-02;6.738162e-02;5.197046e-02;4.860044e-02;7.930870e-02;6.123964e-02;1.173914e-01;2.370472e-01;1.479822e-01;3.741699e-02;3.305089e-02
7.228410e-02;3.811102e-02;3.528218e-02;3.581208e-02;3.388713e-02;6.162329e-02;6.997931e-02;1.269713e-01;2.819986e-01;1.689595e-01;3.881580e-02;3.627571e-02
5.602326e-02;4.180184e-02;4.479071e-02;2.998662e-02;3.796993e-02;6.395902e-02;9.870186e-02;6.768171e-02;2.739609e-01;2.107988e-01;3.315698e-02;4.116841e-02
3.481755e-02;2.373741e-02;3.503196e-02;2.694211e-02;4.068741e-02;1.013002e-01;1.006696e-01;7.872681e-02;2.476029e-01;2.414357e-01;2.802873e-02;4.101948e-02
3.560411e-02;1.567145e-02;6.165601e-02;2.973757e-02;4.422390e-02;1.052723e-01;1.322652e-01;1.733892e-01;1.610901e-01;1.816343e-01;2.604552e-02;3.341031e-02
9.249484e-02;6.357104e-02;2.542005e-01;4.652998e-02;4.594643e-02;4.982703e-02;1.095631e-01;1.185549e-01;6.281519e-02;9.462891e-02;2.460180e-02;3.726634e-02
1.045617e-01;7.713656e-02;3.462627e-01;3.759260e-02;5.678961e-02;3.156114e-02;1.206085e-01;4.023956e-02;4.444524e-02;5.990218e-02;4.043655e-02;4.046367e-02
6.624373e-02;7.228949e-02;3.625618e-01;3.558763e-02;4.916912e-02;2.903365e-02;1.791045e-01;3.369821e-02;3.760415e-02;4.448532e-02;4.943521e-02;4.078722e-02
9.824701e-02;6.897238e-02;2.754759e-01;4.091646e-02;5.145343e-02;3.948244e-02;2.077370e-01;4.279632e-02;3.327248e-02;4.069100e-02;4.729087e-02;5.366468e-02
6.957266e-02;5.546906e-02;3.334187e-01;6.004526e-02;7.087976e-02;4.772824e-02;1.697594e-01;4.536743e-02;2.979115e-02;3.853836e-02;4.004328e-02;3.938677e-02
2.876682e-02;5.710083e-02;4.203447e-01;5.617419e-02;7.044391e-02;2.310268e-02;1.528283e-01;4.426261e-02;3.952028e-02;3.121747e-02;4.519654e-02;3.104161e-02
2.507020e-02;6.202542e-02;3.510078e-01;5.835790e-02;7.843118e-02;4.155429e-02;1.744591e-01;4.033776e-02;5.070773e-02;3.563918e-02;5.222476e-02;3.018463e-02
5.822297e-02;6.197324e-02;2.566382e-01;5.611577e-02;6.882913e-02;6.875680e-02;1.724515e-01;4.754983e-02;5.213110e-02;6.614050e-02;5.064439e-02;4.054662e-02
9.417910e-02;5.472596e-02;2.487048e-01;6.887749e-02;6.815527e-02;7.203350e-02;1.387685e-01;4.116189e-02;3.670421e-02;8.119895e-02;4.907424e-02;4.641600e-02
9.078478e-02;5.825572e-02;2.049716e-01;8.011904e-02;7.161631e-02;6.655511e-02;1.809585e-01;3.693558e-02;3.517029e-02;7.908385e-02;4.308338e-02;5.246587e-02
1.021450e-01;6.806096e-02;1.668406e-01;7.740181e-02;6.272649e-02;5.556542e-02;1.919211e-01;4.307831e-02;4.610277e-02;8.213873e-02;4.913551e-02;5.488336e-02
1.214974e-01;6.090515e-02;1.672210e-01;7.087829e-02;6.055829e-02;6.631143e-02;1.769877e-01;6.718384e-02;4.152225e-02;8.172133e-02;5.175933e-02;3.345405e-02
1.283077e-01;7.669548e-02;1.521630e-01;7.555652e-02;6.353506e-02;7.685930e-02;1.474879e-01;7.146198e-02;4.705712e-02;7.977313e-02;5.110606e-02;2.999678e-02
1.375358e-01;1.032904e-01;1.701790e-01;7.466760e-02;4.812367e-02;9.282663e-02;9.539825e-02;6.898895e-02;2.095558e-02;7.688052e-02;5.967990e-02;5.147361e-02
1.151915e-01;1.340014e-01;2.192326e-01;5.130161e-02;5.634343e-02;9.386192e-02;4.446960e-02;6.146353e-02;3.769496e-02;6.311575e-02;8.170619e-02;4.161759e-02
7.687817e-02;1.430225e-01;2.634296e-01;4.473935e-02;5.828295e-02;7.313672e-02;7.444642e-02;4.657071e-02;4.376415e-02;5.540483e-02;7.348471e-02;4.683987e-02
