1.598781e-01;8.829028e-02;2.023679e-01;5.439213e-02;5.607018e-02;1.065469e-01;1.037442e-01;2.469547e-02;8.481784e-02;4.839374e-02;2.696400e-02;4.383923e-02
1.489320e-01;7.010776e-02;1.363237e-01;3.982848e-02;4.019738e-02;1.008345e-01;1.346024e-01;6.766402e-02;9.898434e-02;8.180043e-02;2.479097e-02;5.593396e-02
9.481542e-02;6.931309e-02;8.312293e-02;4.460505e-02;9.373119e-02;9.799099e-02;1.472680e-01;7.879483e-02;1.168396e-01;1.246476e-01;1.956345e-02;2.930788e-02
7.359943e-02;3.962707e-02;1.620360e-01;5.603459e-02;1.368980e-01;7.315339e-02;2.171447e-01;6.075333e-02;6.242698e-02;8.348244e-02;1.497093e-02;1.987314e-02
5.987636e-02;7.485480e-02;3.065560e-01;4.829121e-02;9.621768e-02;6.259122e-02;1.876405e-01;5.744104e-02;4.003148e-02;2.819425e-02;1.702705e-02;2.127848e-02
1.239124e-01;1.312916e-01;3.698695e-01;4.355443e-02;5.024587e-02;4.394922e-02;1.280060e-01;3.562777e-02;2.854439e-02;1.370367e-02;1.304534e-02;1.824984e-02
1.922916e-01;2.013974e-01;3.712735e-01;2.666925e-02;1.920671e-02;2.816569e-02;7.829726e-02;1.912086e-02;2.756195e-02;8.888572e-03;8.874891e-03;1.825228e-02
2.443667e-01;2.510516e-01;3.329362e-01;1.926460e-02;1.294359e-02;1.739800e-02;3.949003e-02;1.661498e-02;2.507487e-02;8.766948e-03;1.098417e-02;2.110837e-02
2.595190e-01;2.534122e-01;3.110695e-01;2.022707e-02;1.328818e-02;9.527980e-03;2.015719e-02;2.229706e-02;1.963577e-02;2.024771e-02;1.989774e-02;3.072073e-02
2.162259e-01;2.261153e-01;3.074994e-01;2.402044e-02;2.454937e-02;1.841740e-02;2.759412e-02;2.437370e-02;2.765053e-02;3.786889e-02;3.266299e-02;3.302199e-02
1.457263e-01;1.971584e-01;3.019139e-01;4.420300e-02;4.002439e-02;2.564550e-02;8.964019e-02;3.290078e-02;2.567068e-02;3.282982e-02;2.966285e-02;3.462421e-02
1.986904e-01;1.844306e-01;2.798963e-01;3.749486e-02;3.919075e-02;2.820272e-02;1.204754e-01;2.471101e-02;1.733342e-02;2.815140e-02;2.086150e-02;2.056166e-02
2.328341e-01;1.546333e-01;3.085043e-01;3.701752e-02;4.323663e-02;2.012994e-02;8.016559e-02;2.839325e-02;2.453797e-02;2.647915e-02;1.880523e-02;2.526301e-02
2.066159e-01;1.182843e-01;2.956578e-01;4.315739e-02;3.654591e-02;5.325737e-02;5.775365e-02;6.039946e-02;3.484571e-02;3.106861e-02;2.342362e-02;3.899033e-02
9.978138e-02;6.155542e-02;1.982502e-01;7.276651e-02;5.162451e-02;1.419543e-01;8.698188e-02;1.151867e-01;7.092641e-02;4.374084e-02;2.943047e-02;2.780140e-02
7.617740e-02;4.117757e-02;1.317314e-01;7.210567e-02;6.365215e-02;1.354560e-01;1.116104e-01;1.325985e-01;1.199301e-01;5.944111e-02;3.097501e-02;2.514468e-02
9.142070e-02;4.181197e-02;1.145687e-01;6.231394e-02;7.242621e-02;7.505975e-02;1.121288e-01;1.108559e-01;1.399673e-01;1.148413e-01;3.085216e-02;3.375322e-02
1.108710e-01;4.753356e-02;1.429870e-01;4.543298e-02;6.983723e-02;6.779646e-02;1.112472e-01;6.942590e-02;1.107448e-01;1.492537e-01;2.843981e-02;4.643044e-02
1.096771e-01;6.678164e-02;9.679991e-02;4.297628e-02;6.998906e-02;1.078564e-01;1.603495e-01;4.792577e-02;1.219262e-01;9.861201e-02;3.637246e-02;4.073364e-02
4.728458e-02;8.190835e-02;3.538359e-01;5.322676e-02;6.988447e-02;9.824154e-02;1.365655e-01;3.557309e-02;5.371827e-02;3.011377e-02;2.553831e-02;1.410945e-02
4.107070e-02;9.678487e-02;4.975784e-01;4.721997e-02;5.432490e-02;6.634787e-02;1.078098e-01;2.006262e-02;2.846802e-02;2.237966e-02;1.303995e-02;4.913247e-03
5.017245e-02;1.360855e-01;5.669495e-01;3.332046e-02;2.713907e-02;5.696173e-02;6.149731e-02;9.661645e-03;2.669051e-02;1.704947e-02;8.148029e-03;6.324351e-03
6.141828e-02;1.668824e-01;5.182267e-01;2.562325e-02;1.118020e-02;1.110524e-01;2.953825e-02;7.309560e-03;4.526842e-02;1.418358e-02;4.165397e-03;5.151683e-03
9.121811e-02;1.755359e-01;4.444052e-01;2.640463e-02;1.167607e-02;1.222553e-01;2.398731e-02;1.036544e-02;5.959557e-02;1.847348e-02;7.440928e-03;8.642045e-03
1.192594e-01;1.607570e-01;4.071341e-01;2.856884e-02;2.757415e-02;9.138835e-02;3.727162e-02;1.635364e-02;5.055157e-02;3.184349e-02;1.499353e-02;1.430427e-02
1.165581e-01;1.222675e-01;4.149266e-01;3.252315e-02;3.923985e-02;6.594320e-02;6.103133e-02;2.253390e-02;3.594399e-02;4.055879e-02;2.991122e-02;1.856228e-02
7.617161e-02;7.509732e-02;4.466646e-01;2.765087e-02;5.032134e-02;9.316496e-02;5.454532e-02;3.042661e-02;4.038124e-02;5.245478e-02;3.570303e-02;1.741836e-02
6.678462e-02;8.025434e-02;4.025383e-01;3.533981e-02;5.203905e-02;1.141758e-01;5.918187e-02;3.649469e-02;4.510432e-02;5.215299e-02;3.582426e-02;2.010999e-02
1.233967e-01;5.947067e-02;2.708442e-01;3.498529e-02;3.375771e-02;1.067294e-01;1.393236e-01;4.099518e-02;5.090845e-02;4.614510e-02;5.287828e-02;4.056544e-02
1.873072e-01;5.052492e-02;1.558962e-01;2.367175e-02;4.319157e-02;9.428191e-02;1.423466e-01;7.184323e-02;6.567232e-02;6.013037e-02;5.215311e-02;5.298076e-02
1.997226e-01;5.773750e-02;2.159722e-01;1.585771e-02;6.523285e-02;5.707281e-02;1.405289e-01;8.378724e-02;5.843230e-02;4.029184e-02;2.785140e-02;3.751263e-02
1.987979e-01;8.643245e-02;2.725604e-01;1.446117e-02;6.313910e-02;3.864936e-02;1.297955e-01;9.206030e-02;3.817094e-02;1.970597e-02;1.877864e-02;2.744817e-02
2.273225e-01;6.174076e-02;2.505798e-01;1.308271e-02;4.096373e-02;7.478067e-02;8.430510e-02;1.376778e-01;5.164538e-02;1.346509e-02;1.614008e-02;2.829648e-02
3.113316e-01;8.459998e-02;1.637123e-01;9.703750e-03;2.609615e-02;8.450116e-02;4.409227e-02;1.708040e-01;4.942147e-02;1.170098e-02;1.336810e-02;3.066821e-02
3.862558e-01;1.839940e-01;1.060017e-01;1.030174e-02;2.618059e-02;3.179331e-02;2.835921e-02;1.342364e-01;3.045857e-02;1.261630e-02;1.328955e-02;3.651286e-02
4.428098e-01;2.227288e-01;7.150103e-02;7.645463e-03;2.094960e-02;2.239586e-02;2.145468e-02;8.303192e-02;3.378509e-02;9.976358e-03;1.245052e-02;5.127092e-02
4.876382e-01;2.013491e-01;7.687348e-02;5.008817e-03;2.733574e-02;1.730253e-02;1.607654e-02;7.916070e-02;2.286541e-02;9.252847e-03;1.011492e-02;4.702167e-02
4.977104e-01;1.483962e-01;7.620393e-02;5.523025e-03;3.982219e-02;1.171744e-02;2.852736e-02;9.560785e-02;1.479025e-02;1.741398e-02;1.387271e-02;5.041464e-02
3.819497e-01;1.037505e-01;8.702803e-02;1.802034e-02;5.112043e-02;2.505320e-02;8.053701e-02;9.760389e-02;2.465098e-02;4.191746e-02;2.323081e-02;6.513758e-02
2.540283e-01;8.910441e-02;1.488083e-01;2.662268e-02;5.705362e-02;3.937281e-02;1.137768e-01;9.786154e-02;3.749516e-02;5.065636e-02;2.640527e-02;5.881482e-02
3.339822e-01;1.489989e-01;1.419559e-01;1.566487e-02;3.622491e-02;1.954977e-02;7.840517e-02;1.140050e-01;2.415653e-02;2.222519e-02;2.475740e-02;4.007422e-02
3.996791e-01;1.787141e-01;1.260818e-01;7.067463e-03;5.377600e-02;9.803483e-03;3.347706e-02;1.119765e-01;2.427111e-02;1.012350e-02;1.750637e-02;2.752358e-02
3.982722e-01;1.711639e-01;1.236856e-01;1.045902e-02;9.488831e-02;9.844418e-03;3.040746e-02;8.322515e-02;2.179972e-02;1.246258e-02;1.495846e-02;2.883327e-02
3.743365e-01;1.800922e-01;1.396558e-01;1.265869e-02;1.147925e-01;6.795581e-03;3.713160e-02;6.035281e-02;1.899194e-02;1.406685e-02;1.573891e-02;2.538671e-02
3.562788e-01;1.974424e-01;1.506930e-01;1.652047e-02;1.069798e-01;1.500378e-02;3.332858e-02;5.529451e-02;1.584263e-02;1.527388e-02;1.613174e-02;2.121045e-02
3.478001e-01;1.919334e-01;1.471905e-01;2.147419e-02;7.290582e-02;2.870744e-02;4.586892e-02;6.936510e-02;1.131995e-02;1.567500e-02;1.269358e-02;3.506600e-02
4.128789e-01;1.659853e-01;8.876398e-02;2.414825e-02;4.996942e-02;2.898036e-02;5.255817e-02;8.903440e-02;8.767021e-03;1.414568e-02;1.154038e-02;5.322810e-02
4.372304e-01;1.168710e-01;1.018518e-01;1.736331e-02;6.384896e-02;2.142208e-02;4.735216e-02;1.015548e-01;1.086360e-02;1.074243e-02;1.193510e-02;5.896438e-02
4.106262e-01;7.265564e-02;1.729170e-01;1.300707e-02;6.986393e-02;1.173562e-02;6.274080e-02;7.324553e-02;1.988407e-02;1.471618e-02;1.868552e-02;5.992234e-02
3.876851e-01;1.149013e-01;2.077827e-01;1.477724e-02;6.299048e-02;1.576197e-02;6.489904e-02;2.967432e-02;1.953452e-02;1.509498e-02;1.605832e-02;5.084000e-02
4.069110e-01;1.636984e-01;1.570384e-01;1.135906e-02;7.754609e-02;1.137103e-02;3.903976e-02;6.104769e-02;9.269946e-03;1.312047e-02;1.260905e-02;3.698913e-02
4.225153e-01;1.596079e-01;1.384407e-01;1.274528e-02;8.898059e-02;1.349260e-02;2.775979e-02;6.139531e-02;7.004049e-03;1.329095e-02;1.678502e-02;3.798253e-02
4.034992e-01;1.616843e-01;1.749839e-01;1.203142e-02;8.649725e-02;1.424769e-02;2.508873e-02;4.247715e-02;1.270455e-02;1.390381e-02;2.063046e-02;3.225149e-02
3.800995e-01;1.709706e-01;2.018775e-01;1.682412e-02;7.479381e-02;1.047488e-02;3.078712e-02;3.679947e-02;1.600914e-02;1.161539e-02;1.914133e-02;3.060718e-02
2.751554e-01;1.865651e-01;2.350857e-01;3.464230e-02;4.825675e-02;2.280548e-02;5.648260e-02;4.831048e-02;2.538212e-02;1.391416e-02;2.529147e-02;2.810850e-02
2.623332e-01;1.929031e-01;2.067220e-01;4.043932e-02;3.753772e-02;2.644135e-02;6.999580e-02;6.169494e-02;2.475756e-02;1.780205e-02;3.104154e-02;2.833148e-02
3.638857e-01;1.990528e-01;1.185592e-01;2.822466e-02;4.336469e-02;1.823479e-02;4.739210e-02;7.346670e-02;2.583757e-02;1.450149e-02;2.737091e-02;4.010929e-02
4.711837e-01;1.721874e-01;9.505634e-02;1.591803e-02;4.008918e-02;1.254742e-02;1.847403e-02;8.723853e-02;9.996975e-03;9.695423e-03;2.163541e-02;4.597754e-02
4.269690e-01;1.334738e-01;1.326775e-01;1.224725e-02;2.931315e-02;1.367073e-02;4.680986e-02;8.722932e-02;1.771192e-02;1.625272e-02;3.568632e-02;4.795845e-02
2.996484e-01;1.344316e-01;1.760764e-01;1.226895e-02;4.083312e-02;2.636541e-02;6.809293e-02;8.329316e-02;2.748474e-02;3.086046e-02;4.995705e-02;5.068779e-02
2.305675e-01;1.476468e-01;1.389015e-01;2.862389e-02;7.177057e-02;4.813414e-02;6.067842e-02;8.810430e-02;4.029819e-02;4.161808e-02;5.368880e-02;4.996774e-02
3.174137e-01;1.113587e-01;7.763188e-02;3.644027e-02;5.743169e-02;4.771356e-02;4.576718e-02;8.707175e-02;6.031680e-02;4.789040e-02;4.629008e-02;6.467401e-02
3.424564e-01;9.639093e-02;1.297262e-01;2.086007e-02;3.360153e-02;3.217049e-02;6.944308e-02;8.312327e-02;5.688606e-02;3.456363e-02;3.042288e-02;7.035539e-02
4.593263e-01;1.273629e-01;1.290453e-01;9.461724e-03;2.655516e-02;1.262077e-02;4.706281e-02;6.725731e-02;2.362613e-02;1.422511e-02;2.514307e-02;5.831346e-02
4.885730e-01;1.623510e-01;1.530553e-01;9.836538e-03;2.366186e-02;4.888837e-03;3.699716e-02;3.817140e-02;1.057826e-02;7.029878e-03;1.633558e-02;4.852111e-02
4.625683e-01;1.759511e-01;1.580621e-01;1.062002e-02;2.406692e-02;6.599294e-03;3.287343e-02;4.309971e-02;9.391997e-03;7.771738e-03;1.974045e-02;4.925499e-02
4.007867e-01;1.489904e-01;1.622981e-01;1.295649e-02;2.088032e-02;1.448732e-02;4.477393e-02;5.117451e-02;1.996303e-02;1.611733e-02;4.088973e-02;6.668221e-02
3.049101e-01;1.148389e-01;1.195002e-01;2.795363e-02;2.868808e-02;3.359117e-02;7.506297e-02;6.326517e-02;4.174434e-02;3.139659e-02;7.178095e-02;8.726796e-02
3.175654e-01;9.753178e-02;7.170842e-02;3.388828e-02;3.587119e-02;3.720351e-02;7.945368e-02;1.046514e-01;5.701648e-02;4.382452e-02;6.922171e-02;5.206369e-02
2.822255e-01;1.104461e-01;1.095793e-01;3.633630e-02;3.722521e-02;4.159779e-02;7.239071e-02;1.119139e-01;5.560599e-02;5.367744e-02;5.197041e-02;3.703144e-02
2.209486e-01;1.237680e-01;1.537399e-01;4.095094e-02;3.055339e-02;4.579503e-02;7.983322e-02;9.403773e-02;5.134569e-02;5.054795e-02;6.393740e-02;4.454220e-02
2.014703e-01;1.279663e-01;1.267353e-01;3.767846e-02;2.692769e-02;3.984620e-02;7.945959e-02;1.321541e-01;5.784338e-02;5.517311e-02;7.016046e-02;4.458513e-02
2.671991e-01;1.275744e-01;9.128964e-02;2.420493e-02;1.777250e-02;2.265272e-02;9.000675e-02;1.216999e-01;7.790490e-02;4.233898e-02;4.790573e-02;6.945038e-02
2.962140e-01;1.404512e-01;8.631610e-02;2.653409e-02;1.027623e-02;1.145238e-02;1.006505e-01;6.116284e-02;1.061382e-01;3.366199e-02;4.713522e-02;8.000720e-02
2.841622e-01;1.481566e-01;6.990363e-02;2.369176e-02;1.255330e-02;2.262470e-02;1.004051e-01;3.745978e-02;1.184734e-01;4.690890e-02;5.578816e-02;7.987243e-02
2.365234e-01;1.347699e-01;6.831931e-02;2.706781e-02;3.588247e-02;3.820735e-02;1.117143e-01;4.299831e-02;9.991439e-02;6.592940e-02;6.686380e-02;7.180955e-02
1.551519e-01;1.243237e-01;1.145174e-01;3.064419e-02;6.039167e-02;3.169755e-02;1.124146e-01;1.247824e-01;7.289252e-02;6.402205e-02;6.309371e-02;4.606829e-02
2.060948e-01;1.270876e-01;9.346759e-02;3.012098e-02;6.138764e-02;2.710245e-02;6.377571e-02;1.322137e-01;8.743843e-02;5.706264e-02;6.189140e-02;5.235705e-02
3.073014e-01;1.298110e-01;8.374479e-02;2.802548e-02;4.685350e-02;2.508276e-02;7.917736e-02;7.755622e-02;6.126289e-02;3.390329e-02;5.004430e-02;7.723702e-02
2.576569e-01;1.387756e-01;9.537315e-02;4.176186e-02;4.777348e-02;3.218798e-02;9.202758e-02;5.548691e-02;5.927145e-02;7.456385e-02;4.019005e-02;6.493119e-02
1.103889e-01;1.228519e-01;9.417859e-02;5.198927e-02;6.123231e-02;5.569303e-02;1.095305e-01;9.617395e-02;1.065607e-01;1.084979e-01;3.676050e-02;4.614253e-02
7.096807e-02;1.165850e-01;1.258256e-01;6.138378e-02;6.462210e-02;7.921108e-02;1.011831e-01;9.882897e-02;1.191960e-01;9.738210e-02;2.294292e-02;4.187129e-02
1.101761e-01;1.532629e-01;2.916178e-01;5.577819e-02;5.325634e-02;5.166346e-02;7.292482e-02;5.764112e-02;6.171482e-02;4.524871e-02;1.665204e-02;3.006374e-02
1.810154e-01;2.082549e-01;2.956143e-01;5.957093e-02;3.926083e-02;2.941957e-02;4.972577e-02;3.314497e-02;4.748743e-02;2.218947e-02;1.381694e-02;2.049951e-02
2.484084e-01;2.439173e-01;2.392011e-01;3.949233e-02;3.659375e-02;1.678015e-02;4.384442e-02;4.478985e-02;4.147107e-02;1.230428e-02;1.058427e-02;2.261308e-02
3.347437e-01;2.385633e-01;1.728171e-01;1.806797e-02;3.918863e-02;1.196750e-02;3.803432e-02;6.505686e-02;2.635157e-02;9.407248e-03;1.134212e-02;3.445968e-02
2.946062e-01;1.903829e-01;1.811933e-01;1.488056e-02;3.964581e-02;1.721920e-02;6.675388e-02;7.908090e-02;2.703324e-02;1.784777e-02;2.269794e-02;4.865832e-02
1.004051e-01;2.108915e-01;1.611896e-01;3.062149e-02;4.123057e-02;2.470850e-02;1.151839e-01;8.276301e-02;6.563964e-02;4.060639e-02;4.590531e-02;8.085503e-02
2.104494e-01;1.587232e-01;1.219084e-01;3.421431e-02;3.071748e-02;1.826553e-02;1.082084e-01;7.567368e-02;4.652349e-02;5.078910e-02;6.769599e-02;7.683110e-02
2.173465e-01;1.199539e-01;1.583471e-01;2.923828e-02;2.387333e-02;1.711481e-02;9.844106e-02;8.509487e-02;4.654121e-02;5.931564e-02;6.831956e-02;7.641376e-02
2.872422e-01;6.493232e-02;1.669738e-01;2.236374e-02;2.850562e-02;2.940995e-02;1.046709e-01;8.174276e-02;4.409063e-02;5.048955e-02;4.577232e-02;7.380614e-02
3.160372e-01;6.906392e-02;1.480743e-01;2.978940e-02;4.065586e-02;4.622616e-02;1.091202e-01;7.572252e-02;3.766341e-02;3.453593e-02;2.760636e-02;6.550471e-02
3.461951e-01;1.190504e-01;1.711741e-01;2.552437e-02;3.586454e-02;3.330312e-02;6.608347e-02;7.264732e-02;3.482167e-02;2.624406e-02;1.892512e-02;5.016667e-02
3.547958e-01;1.370419e-01;2.033467e-01;1.809464e-02;3.687652e-02;2.509697e-02;3.729374e-02;7.933911e-02;3.049476e-02;1.766336e-02;1.417025e-02;4.578627e-02
3.288489e-01;1.328384e-01;1.686709e-01;2.089518e-02;3.054373e-02;2.786014e-02;6.780975e-02;7.703215e-02;4.547041e-02;2.053444e-02;2.386486e-02;5.563112e-02
2.249709e-01;1.159933e-01;1.653691e-01;2.594671e-02;2.324952e-02;4.207760e-02;1.364957e-01;5.218682e-02;6.882954e-02;3.021705e-02;3.789365e-02;7.677020e-02
1.444312e-01;1.067965e-01;1.401234e-01;3.542380e-02;4.208107e-02;5.553837e-02;1.730475e-01;9.015319e-02;5.791378e-02;4.348881e-02;3.810363e-02;7.289867e-02
1.776207e-01;1.077705e-01;1.064687e-01;4.356447e-02;6.171130e-02;5.409097e-02;1.036130e-01;1.420742e-01;4.332306e-02;5.654627e-02;3.069084e-02;7.252607e-02
1.887172e-01;1.157722e-01;9.008839e-02;3.664532e-02;6.950758e-02;4.558751e-02;5.293505e-02;1.565652e-01;7.336572e-02;6.135250e-02;3.794713e-02;7.151618e-02
1.486791e-01;1.074146e-01;1.284480e-01;5.402901e-02;5.196670e-02;6.819161e-02;6.006628e-02;1.274062e-01;9.606017e-02;5.370646e-02;3.951065e-02;6.452123e-02
1.638146e-01;1.054868e-01;1.200578e-01;5.101356e-02;3.996679e-02;6.757503e-02;7.700252e-02;8.019038e-02;1.183819e-01;7.108735e-02;4.359036e-02;6.183294e-02
2.349430e-01;1.381268e-01;1.180075e-01;3.903396e-02;5.013184e-02;4.627368e-02;6.236134e-02;4.813737e-02;9.441987e-02;9.244961e-02;2.593103e-02;5.018395e-02
2.572753e-01;1.399859e-01;1.237005e-01;3.680556e-02;3.507959e-02;3.289506e-02;7.613566e-02;5.758939e-02;7.349759e-02;5.968425e-02;3.588413e-02;7.146706e-02
2.008159e-01;1.069286e-01;1.035570e-01;4.083339e-02;4.000409e-02;5.160812e-02;1.095705e-01;7.472707e-02;8.790153e-02;4.556265e-02;4.967117e-02;8.881989e-02
1.060774e-01;7.003134e-02;1.240850e-01;5.796772e-02;5.471586e-02;6.051659e-02;1.542346e-01;8.315237e-02;1.001853e-01;7.311547e-02;3.896994e-02;7.694850e-02
1.048614e-01;7.583036e-02;1.200446e-01;5.127944e-02;5.311395e-02;5.680551e-02;1.256824e-01;1.252685e-01;1.109510e-01;7.636704e-02;2.995451e-02;6.984125e-02
1.442531e-01;1.142253e-01;1.024257e-01;4.262139e-02;4.008363e-02;7.598216e-02;8.793876e-02;1.322226e-01;9.536875e-02;6.475196e-02;3.524079e-02;6.488589e-02
1.358206e-01;1.304139e-01;9.772439e-02;6.220220e-02;3.807962e-02;9.475048e-02;1.249506e-01;7.881988e-02;8.745965e-02;6.270830e-02;3.382680e-02;5.324354e-02
1.285211e-01;1.033619e-01;1.560270e-01;8.253038e-02;3.338647e-02;8.110034e-02;1.260144e-01;7.706408e-02;8.008468e-02;5.541071e-02;2.724213e-02;4.925680e-02
1.126092e-01;8.460475e-02;1.666338e-01;5.958695e-02;5.126819e-02;6.907685e-02;1.044932e-01;1.109120e-01;8.351929e-02;5.509955e-02;5.260249e-02;4.959377e-02
7.979520e-02;7.752869e-02;1.507750e-01;3.897728e-02;5.304143e-02;8.955337e-02;1.458843e-01;1.279090e-01;5.249374e-02;6.317049e-02;6.957154e-02;5.129986e-02
5.822151e-02;7.612116e-02;2.035433e-01;3.753265e-02;5.167971e-02;8.055107e-02;1.609818e-01;9.552356e-02;4.658329e-02;6.295680e-02;6.466617e-02;6.163908e-02
5.808201e-02;4.770246e-02;2.812651e-01;6.040970e-02;6.485695e-02;6.038045e-02;1.484773e-01;7.387766e-02;3.917797e-02;6.467647e-02;4.520882e-02;5.588513e-02
5.751181e-02;7.378151e-02;3.478549e-01;4.084701e-02;5.662967e-02;6.856714e-02;1.267788e-01;6.459773e-02;5.188469e-02;4.424102e-02;1.836068e-02;4.894500e-02
5.025434e-02;1.284650e-01;3.914551e-01;4.248006e-02;3.693069e-02;6.244592e-02;7.457186e-02;8.570312e-02;5.201344e-02;2.384429e-02;2.100427e-02;3.083193e-02
9.411271e-02;1.671860e-01;3.263476e-01;5.685776e-02;3.004070e-02;3.114096e-02;4.707257e-02;8.882862e-02;7.784899e-02;3.521315e-02;1.923589e-02;2.611507e-02
1.555113e-01;1.959777e-01;2.516403e-01;4.663768e-02;3.717766e-02;2.807766e-02;4.383613e-02;8.266741e-02;9.179293e-02;3.042811e-02;1.392265e-02;2.233045e-02
2.618150e-01;2.100231e-01;1.720582e-01;2.722329e-02;3.383120e-02;2.000929e-02;4.046601e-02;8.390210e-02;8.129724e-02;2.455777e-02;2.174003e-02;2.307672e-02
3.851607e-01;1.713307e-01;1.483266e-01;1.118930e-02;4.171212e-02;1.904818e-02;2.329249e-02;9.471612e-02;2.877738e-02;1.259864e-02;2.736893e-02;3.647888e-02
4.241141e-01;1.370123e-01;1.246627e-01;1.331402e-02;4.546456e-02;1.357620e-02;3.595480e-02;1.029491e-01;1.897552e-02;7.920795e-03;2.556070e-02;5.049527e-02
3.721246e-01;1.112647e-01;1.359773e-01;2.263667e-02;4.399567e-02;1.669581e-02;5.950656e-02;1.026388e-01;2.893238e-02;1.314704e-02;2.813837e-02;6.494211e-02
3.107248e-01;8.197246e-02;1.683178e-01;2.793654e-02;3.882309e-02;2.364081e-02;8.399542e-02;1.069769e-01;1.935436e-02;2.043507e-02;3.109693e-02;8.672582e-02
3.906576e-01;1.066968e-01;1.282638e-01;1.997543e-02;2.450150e-02;1.620223e-02;6.989138e-02;8.648092e-02;2.602912e-02;2.159368e-02;2.663542e-02;8.307217e-02
4.321129e-01;1.071490e-01;1.014435e-01;1.820775e-02;1.684354e-02;1.590292e-02;6.184759e-02;6.590863e-02;2.975422e-02;2.337648e-02;3.263386e-02;9.481954e-02
3.787109e-01;8.280364e-02;4.229027e-02;4.524009e-02;3.590375e-02;1.520159e-02;7.295885e-02;5.862023e-02;3.352701e-02;4.390976e-02;5.732844e-02;1.335055e-01
1.999988e-01;5.259877e-02;1.102724e-01;7.063546e-02;4.223034e-02;2.231236e-02;1.162734e-01;5.698627e-02;2.585543e-02;5.712231e-02;8.139656e-02;1.643179e-01
1.814428e-01;4.329297e-02;1.246276e-01;4.343641e-02;3.973053e-02;4.936863e-02;1.208441e-01;7.245841e-02;3.493011e-02;4.812624e-02;8.013630e-02;1.616061e-01
1.651376e-01;4.317538e-02;1.012265e-01;2.316329e-02;3.964239e-02;7.916498e-02;1.051958e-01;7.119552e-02;4.375472e-02;6.641319e-02;1.150465e-01;1.468841e-01
4.941152e-02;4.433481e-02;1.176066e-01;3.999477e-02;3.174930e-02;1.033027e-01;1.178703e-01;7.615958e-02;4.961267e-02;7.861756e-02;1.733706e-01;1.179694e-01
1.082948e-01;6.401966e-02;1.096459e-01;3.877310e-02;4.405259e-02;1.040361e-01;8.731195e-02;6.432246e-02;3.164568e-02;8.218281e-02;1.689798e-01;9.673514e-02
1.362814e-01;6.209365e-02;5.432110e-02;3.644739e-02;9.581747e-02;9.713068e-02;8.249287e-02;6.694269e-02;3.043894e-02;1.083006e-01;1.597966e-01;6.993665e-02
1.826788e-01;7.143270e-02;5.114699e-02;2.975932e-02;9.628215e-02;8.740685e-02;8.903936e-02;7.348946e-02;4.253018e-02;8.033413e-02;1.252784e-01;7.062158e-02
2.158878e-01;8.295378e-02;1.060228e-01;3.119021e-02;7.750721e-02;6.452026e-02;8.177580e-02;7.600681e-02;4.777461e-02;5.602092e-02;1.018021e-01;5.853768e-02
2.557046e-01;8.756693e-02;9.365370e-02;4.130334e-02;4.580968e-02;6.010598e-02;9.871142e-02;7.433271e-02;4.810432e-02;4.032055e-02;9.973180e-02;5.465500e-02
2.498779e-01;6.910495e-02;9.529775e-02;5.795678e-02;2.549520e-02;4.831020e-02;1.027368e-01;7.194605e-02;4.198324e-02;5.206112e-02;6.709113e-02;1.181388e-01
1.353328e-01;6.649096e-02;1.025626e-01;8.491736e-02;3.926518e-02;4.849315e-02;1.226698e-01;4.592073e-02;4.706527e-02;9.118554e-02;6.199578e-02;1.541007e-01
1.473283e-01;7.489724e-02;1.097019e-01;7.006565e-02;5.706774e-02;5.251442e-02;9.449048e-02;6.500109e-02;2.633471e-02;9.548839e-02;9.702073e-02;1.100894e-01
1.755415e-01;6.268924e-02;9.098527e-02;5.722253e-02;7.632397e-02;8.492223e-02;5.379470e-02;1.107532e-01;2.629035e-02;7.142422e-02;1.007548e-01;8.929804e-02
9.700517e-02;6.497760e-02;1.017866e-01;5.598132e-02;6.329416e-02;1.041939e-01;8.823116e-02;1.348432e-01;5.077254e-02;7.664679e-02;7.703201e-02;8.523552e-02
8.594738e-02;8.588455e-02;1.246265e-01;5.439855e-02;5.550943e-02;8.610394e-02;1.065556e-01;9.801855e-02;4.064289e-02;9.650519e-02;7.971404e-02;8.609334e-02
1.120654e-01;8.749577e-02;1.350235e-01;7.551556e-02;5.828335e-02;5.195102e-02;7.790053e-02;7.329702e-02;6.622583e-02;1.011653e-01;7.884146e-02;8.223530e-02
1.190201e-01;6.435405e-02;1.053731e-01;8.568277e-02;4.005777e-02;3.832083e-02;1.419675e-01;8.964793e-02;8.202125e-02;1.032311e-01;6.633186e-02;6.399179e-02
1.031792e-01;4.086935e-02;1.429038e-01;6.670290e-02;6.873371e-02;4.592623e-02;1.612322e-01;9.647630e-02;8.687180e-02;7.445709e-02;4.852385e-02;6.412359e-02
1.024763e-01;4.325127e-02;1.638914e-01;5.724654e-02;9.095982e-02;6.020024e-02;1.135481e-01;9.630787e-02;9.560525e-02;7.055698e-02;5.087312e-02;5.508314e-02
1.171951e-01;4.929814e-02;1.648215e-01;4.027115e-02;7.365140e-02;5.741218e-02;1.541213e-01;9.493654e-02;8.623066e-02;7.806509e-02;4.654389e-02;3.745304e-02
1.242991e-01;5.780284e-02;1.725439e-01;7.222247e-02;3.776421e-02;3.126486e-02;1.666678e-01;9.369034e-02;7.014887e-02;8.516258e-02;4.251055e-02;4.592252e-02
9.041376e-02;6.384638e-02;2.225645e-01;1.107772e-01;4.076093e-02;4.307559e-02;1.211013e-01;7.132465e-02;6.283808e-02;8.556908e-02;3.575328e-02;5.197515e-02
5.130727e-02;5.998214e-02;1.905553e-01;9.716899e-02;5.077761e-02;8.370546e-02;1.219668e-01;7.097164e-02;8.077777e-02;8.495983e-02;5.544231e-02;5.238489e-02
6.521675e-02;5.479607e-02;1.871139e-01;9.962533e-02;7.082405e-02;1.014516e-01;1.147740e-01;5.232682e-02;1.104350e-01;5.077558e-02;5.098958e-02;4.167148e-02
1.182629e-01;9.138808e-02;3.012138e-01;8.128386e-02;5.578121e-02;7.108664e-02;9.517704e-02;3.013410e-02;7.463112e-02;2.247375e-02;2.158928e-02;3.697827e-02
2.308049e-01;1.547842e-01;2.844996e-01;5.398713e-02;3.969964e-02;3.683215e-02;5.598199e-02;4.578282e-02;3.557204e-02;1.450136e-02;1.251923e-02;3.503506e-02
3.205901e-01;1.741100e-01;2.242319e-01;2.819060e-02;3.005000e-02;2.253375e-02;4.856846e-02;6.289908e-02;2.294585e-02;1.088994e-02;1.046473e-02;4.452557e-02
3.929958e-01;1.608483e-01;1.278266e-01;1.266490e-02;1.996227e-02;2.916412e-02;4.834623e-02;7.673176e-02;1.693059e-02;3.303080e-02;1.169411e-02;6.980442e-02
3.611321e-01;1.008834e-01;8.024687e-02;2.508529e-02;1.220580e-02;4.713849e-02;9.091492e-02;7.413673e-02;2.286443e-02;7.473434e-02;1.666827e-02;9.398938e-02
2.440220e-01;4.232954e-02;4.828073e-02;5.072562e-02;7.506730e-03;5.445120e-02;2.102430e-01;5.291539e-02;3.499668e-02;1.079025e-01;2.487418e-02;1.217525e-01
1.535690e-01;4.101887e-02;4.235898e-02;5.461925e-02;1.158035e-02;3.198687e-02;3.214810e-01;3.750249e-02;3.134618e-02;8.670834e-02;3.438689e-02;1.534418e-01
6.871230e-02;6.307431e-02;3.503790e-02;5.214541e-02;1.311846e-02;2.917488e-02;3.902980e-01;5.942144e-02;2.797341e-02;5.460184e-02;4.433858e-02;1.621034e-01
1.251637e-01;7.557467e-02;2.253024e-02;4.229130e-02;1.213239e-02;2.894211e-02;3.429440e-01;4.293788e-02;3.378797e-02;7.583750e-02;4.657596e-02;1.512822e-01
1.490383e-01;6.629445e-02;4.698722e-02;4.305068e-02;9.583892e-03;3.508144e-02;2.776632e-01;2.684099e-02;2.564976e-02;1.263062e-01;4.639244e-02;1.471115e-01
1.144325e-01;5.303581e-02;2.937078e-02;5.932991e-02;1.383990e-02;2.726522e-02;2.623195e-01;4.393980e-02;2.284258e-02;1.634386e-01;5.052462e-02;1.596607e-01
1.215514e-01;6.549413e-02;4.308460e-02;5.865355e-02;1.290546e-02;2.187350e-02;2.420184e-01;3.442303e-02;1.843305e-02;1.602872e-01;5.645549e-02;1.648202e-01
1.643497e-01;8.937368e-02;8.622514e-02;3.953861e-02;1.089225e-02;3.629970e-02;2.100388e-01;2.207647e-02;1.939537e-02;1.147899e-01;6.397065e-02;1.430498e-01
1.603605e-01;8.093539e-02;8.615937e-02;2.527479e-02;1.367137e-02;5.267921e-02;2.016143e-01;3.299864e-02;4.583403e-02;1.116515e-01;8.566112e-02;1.031598e-01
1.138916e-01;5.189737e-02;5.875561e-02;3.647625e-02;2.682628e-02;7.253680e-02;1.737925e-01;5.273670e-02;7.909052e-02;1.210276e-01;1.046174e-01;1.083514e-01
1.371991e-01;3.021254e-02;6.462224e-02;5.000600e-02;4.200246e-02;8.564604e-02;1.114992e-01;6.028360e-02;9.012796e-02;1.194758e-01;1.032723e-01;1.056528e-01
1.759038e-01;3.448654e-02;8.472717e-02;3.886773e-02;4.549712e-02;1.112670e-01;6.935592e-02;7.053091e-02;7.708609e-02;1.023112e-01;1.004503e-01;8.951617e-02
1.752028e-01;6.438147e-02;1.141938e-01;2.225650e-02;2.813971e-02;1.046893e-01;6.564144e-02;7.627043e-02;4.419708e-02;9.818158e-02;1.248627e-01;8.198313e-02
1.217314e-01;7.764280e-02;1.310377e-01;3.208422e-02;2.089451e-02;5.563608e-02;1.195857e-01;7.368263e-02;4.321632e-02;1.009859e-01;1.271608e-01;9.634192e-02
2.644172e-01;8.841042e-02;1.138116e-01;5.181766e-02;2.419101e-02;2.454640e-02;9.988785e-02;4.303991e-02;4.182318e-02;7.539462e-02;7.616211e-02;9.649803e-02
3.801003e-01;1.143487e-01;1.198059e-01;4.395231e-02;2.639704e-02;2.295762e-02;4.382279e-02;5.436717e-02;3.096754e-02;5.089641e-02;4.420772e-02;6.817664e-02
4.323234e-01;1.399536e-01;1.253616e-01;2.530521e-02;3.244741e-02;1.626644e-02;2.435205e-02;6.416467e-02;1.802966e-02;2.970120e-02;2.972237e-02;6.237236e-02
4.683247e-01;1.679277e-01;1.255684e-01;1.410974e-02;3.483916e-02;1.074734e-02;1.566239e-02;4.895722e-02;1.928037e-02;2.015490e-02;2.273013e-02;5.169803e-02
4.798152e-01;1.971551e-01;1.213701e-01;1.083838e-02;3.720599e-02;6.777337e-03;1.291578e-02;5.080462e-02;1.424138e-02;1.554403e-02;1.800703e-02;3.532506e-02
4.681595e-01;2.109414e-01;1.241907e-01;8.227843e-03;4.095310e-02;4.615517e-03;1.844096e-02;6.762680e-02;7.557547e-03;8.113540e-03;1.373863e-02;2.743433e-02
4.173884e-01;1.908307e-01;1.098158e-01;1.897652e-02;3.520967e-02;1.085876e-02;4.878192e-02;9.307905e-02;1.449749e-02;1.268629e-02;1.205142e-02;3.582395e-02
3.201234e-01;1.403543e-01;7.107072e-02;4.274011e-02;2.404924e-02;2.132361e-02;1.555568e-01;1.043627e-01;1.432546e-02;1.950451e-02;1.595913e-02;7.062997e-02
1.702410e-01;7.171603e-02;3.516268e-02;6.786171e-02;1.812776e-02;3.754946e-02;3.480499e-01;8.185809e-02;1.611791e-02;2.781186e-02;2.648468e-02;9.901883e-02
8.271620e-02;3.367592e-02;4.917097e-02;5.050905e-02;2.447506e-02;9.829596e-02;4.525526e-01;4.287245e-02;3.350658e-02;2.263268e-02;4.176376e-02;6.782881e-02
7.673889e-02;2.994675e-02;7.860109e-02;2.025900e-02;2.625600e-02;1.926319e-01;3.747912e-01;3.835538e-02;5.340469e-02;2.068507e-02;6.315000e-02;2.517997e-02
8.836949e-02;3.796713e-02;8.433372e-02;9.014943e-03;3.765138e-02;2.915190e-01;2.227060e-01;3.607675e-02;5.367761e-02;3.173694e-02;8.709469e-02;1.985230e-02
8.169889e-02;5.558364e-02;7.152461e-02;1.476718e-02;7.176949e-02;3.413257e-01;1.202773e-01;4.757417e-02;3.223275e-02;4.460670e-02;1.068903e-01;1.174933e-02
5.958711e-02;8.839323e-02;4.767244e-02;2.756031e-02;1.332544e-01;2.884539e-01;7.037444e-02;6.803484e-02;2.176334e-02;7.381606e-02;1.129992e-01;8.090725e-03
5.414661e-02;1.278794e-01;3.573517e-02;4.126624e-02;1.927671e-01;1.853712e-01;7.044115e-02;6.911331e-02;1.619358e-02;9.164128e-02;9.915234e-02;1.629271e-02
5.309103e-02;1.553562e-01;4.918088e-02;5.367821e-02;2.218236e-01;1.542402e-01;6.524528e-02;4.413848e-02;1.597984e-02;8.311643e-02;8.221013e-02;2.193974e-02
4.599051e-02;1.535472e-01;4.138614e-02;6.050140e-02;2.135271e-01;2.202906e-01;6.276807e-02;2.547641e-02;1.614307e-02;6.459691e-02;6.875708e-02;2.701555e-02
4.504862e-02;1.104676e-01;8.514157e-02;4.178610e-02;1.798446e-01;2.687524e-01;4.916041e-02;2.311516e-02;2.734265e-02;4.226126e-02;9.985645e-02;2.722317e-02
6.210281e-02;8.124506e-02;9.269422e-02;2.534476e-02;1.247499e-01;2.795418e-01;6.710832e-02;2.246562e-02;3.529682e-02;4.223778e-02;1.217343e-01;4.547865e-02
7.211608e-02;7.264707e-02;9.915991e-02;3.049788e-02;8.789083e-02;2.600133e-01;1.005178e-01;1.574395e-02;3.630296e-02;5.009837e-02;1.295564e-01;4.545543e-02
6.993047e-02;7.901978e-02;1.073371e-01;4.885114e-02;1.154420e-01;1.895655e-01;8.782234e-02;1.618098e-02;3.663967e-02;7.456969e-02;1.264429e-01;4.819846e-02
9.144153e-02;9.615662e-02;9.659505e-02;3.036109e-02;1.140633e-01;1.226993e-01;1.116967e-01;2.750810e-02;4.850867e-02;9.977887e-02;1.290081e-01;3.218270e-02
1.241956e-01;1.039543e-01;7.259359e-02;2.453173e-02;1.046498e-01;1.023013e-01;1.061614e-01;4.188384e-02;5.221786e-02;9.971914e-02;1.351706e-01;3.262081e-02
1.273312e-01;1.017942e-01;7.841083e-02;4.456167e-02;1.025017e-01;1.203129e-01;9.401586e-02;5.641624e-02;3.968590e-02;8.448774e-02;1.139263e-01;3.655540e-02
1.513500e-01;9.143008e-02;9.229755e-02;5.378778e-02;7.977042e-02;1.627219e-01;8.153761e-02;5.466483e-02;2.543294e-02;8.047172e-02;8.075939e-02;4.577577e-02
1.455609e-01;9.896904e-02;9.446545e-02;4.421275e-02;6.749298e-02;1.391880e-01;8.954880e-02;5.923234e-02;3.880861e-02;8.261354e-02;9.217856e-02;4.772906e-02
1.420279e-01;9.571901e-02;1.083524e-01;4.471182e-02;7.599489e-02;1.269893e-01;8.274397e-02;5.798718e-02;3.953372e-02;8.033586e-02;9.638523e-02;4.921865e-02
1.734691e-01;8.686355e-02;9.219951e-02;6.743088e-02;1.288291e-01;8.683112e-02;8.673560e-02;4.509190e-02;2.472626e-02;5.855345e-02;7.627957e-02;7.298998e-02
1.419495e-01;9.407827e-02;1.053764e-01;6.798305e-02;1.593650e-01;1.045234e-01;5.669896e-02;3.889536e-02;5.197340e-02;5.290872e-02;6.398108e-02;6.226674e-02
7.972517e-02;8.034632e-02;1.146894e-01;5.929404e-02;1.592319e-01;1.569031e-01;1.147607e-01;4.541782e-02;6.594770e-02;4.430698e-02;5.011612e-02;2.926082e-02
6.691349e-02;6.424366e-02;1.535917e-01;6.802259e-02;1.233940e-01;1.511468e-01;1.565430e-01;5.544080e-02;5.606358e-02;3.471277e-02;4.098770e-02;2.893986e-02
8.407612e-02;6.125197e-02;1.929450e-01;6.323347e-02;8.545172e-02;1.076237e-01;1.654755e-01;6.543233e-02;4.946127e-02;3.201044e-02;4.440231e-02;4.863611e-02
9.701601e-02;5.220922e-02;1.440231e-01;5.839594e-02;1.458592e-01;6.330462e-02;1.386119e-01;8.153355e-02;5.459491e-02;5.379615e-02;5.509588e-02;5.555949e-02
6.905972e-02;5.957890e-02;1.069271e-01;8.104956e-02;1.489710e-01;7.832463e-02;1.471857e-01;5.949118e-02;8.297346e-02;6.719645e-02;4.784010e-02;5.140212e-02
3.936775e-02;8.057395e-02;1.706732e-01;6.395213e-02;8.517715e-02;7.706343e-02;1.410706e-01;6.024303e-02;1.117386e-01;6.135620e-02;4.307796e-02;6.570603e-02
4.819842e-02;1.046230e-01;2.201085e-01;4.511945e-02;5.975470e-02;7.443616e-02;9.232362e-02;5.759699e-02;1.145383e-01;4.961740e-02;6.545405e-02;6.822940e-02
9.022796e-02;1.103694e-01;1.835253e-01;3.141653e-02;4.518989e-02;7.419901e-02;1.472792e-01;3.691106e-02;8.505123e-02;7.772564e-02;6.252708e-02;5.557774e-02
1.269061e-01;8.480626e-02;1.337894e-01;3.144931e-02;6.038877e-02;5.612035e-02;1.576417e-01;5.570721e-02;9.208689e-02;9.695815e-02;5.764508e-02;4.650082e-02
1.433848e-01;1.033937e-01;1.612957e-01;5.338465e-02;5.874097e-02;4.877930e-02;1.040910e-01;6.569760e-02;7.667663e-02;8.441447e-02;6.375468e-02;3.638647e-02
