3.066527e-02;8.759532e-02;1.263112e-01;4.643639e-02;4.057211e-02;1.470613e-01;4.963224e-02;2.801803e-01;1.235498e-01;1.963371e-02;2.126459e-02;2.709771e-02
2.168123e-02;4.418446e-02;1.139607e-01;3.338260e-02;1.847209e-02;1.779203e-01;2.922957e-02;3.638177e-01;1.338562e-01;1.669857e-02;1.484384e-02;3.195276e-02
1.246219e-02;3.937037e-02;1.138188e-01;1.629280e-02;2.029999e-02;2.051112e-01;1.914728e-02;3.856426e-01;1.215015e-01;1.566762e-02;1.702764e-02;3.365795e-02
1.461207e-02;6.325664e-02;1.077261e-01;1.929855e-02;4.214515e-02;2.018471e-01;4.688268e-02;3.441511e-01;8.773343e-02;1.678831e-02;2.848895e-02;2.706989e-02
2.375678e-02;9.300932e-02;7.425845e-02;3.643148e-02;4.683466e-02;2.031814e-01;9.743414e-02;2.748361e-01;6.469268e-02;3.150967e-02;3.799280e-02;1.606248e-02
3.787404e-02;8.392178e-02;6.596028e-02;7.643761e-02;3.211580e-02;2.558802e-01;1.009414e-01;1.872352e-01;6.260332e-02;4.534055e-02;2.883839e-02;2.285149e-02
4.711682e-02;6.319813e-02;4.639708e-02;9.788167e-02;4.177548e-02;2.661851e-01;8.695136e-02;1.360501e-01;7.352268e-02;6.640633e-02;3.196903e-02;4.254626e-02
4.092004e-02;7.779492e-02;5.811346e-02;9.847252e-02;5.870268e-02;1.439320e-01;1.186062e-01;1.464084e-01;1.244221e-01;6.732614e-02;3.454694e-02;3.075454e-02
5.189058e-02;5.782805e-02;8.092305e-02;9.167475e-02;8.695959e-02;1.330970e-01;9.298395e-02;1.399404e-01;1.474538e-01;6.563602e-02;2.649922e-02;2.511369e-02
4.722405e-02;6.171786e-02;6.215293e-02;8.005092e-02;1.608598e-01;1.152588e-01;8.476912e-02;1.205890e-01;1.513098e-01;7.633234e-02;2.034671e-02;1.938858e-02
2.851887e-02;8.690413e-02;3.001062e-02;5.055302e-02;2.436431e-01;1.060123e-01;6.397333e-02;1.105671e-01;1.321785e-01;8.974206e-02;4.130287e-02;1.659413e-02
1.223463e-02;1.139571e-01;2.495050e-02;4.611540e-02;2.654419e-01;1.674555e-01;4.627699e-02;8.503844e-02;8.675359e-02;6.974751e-02;6.441905e-02;1.760947e-02
9.205532e-03;1.433545e-01;2.804414e-02;5.142778e-02;2.146385e-01;1.969228e-01;5.140168e-02;8.345634e-02;8.354693e-02;5.578435e-02;6.654005e-02;1.567738e-02
2.422872e-02;1.457946e-01;5.370044e-02;6.297864e-02;1.595930e-01;1.609292e-01;3.428034e-02;1.007000e-01;1.005726e-01;7.534524e-02;6.528080e-02;1.659655e-02
5.648202e-02;1.366775e-01;6.007595e-02;6.026475e-02;1.321844e-01;1.207328e-01;2.230378e-02;1.293150e-01;1.063084e-01;9.205774e-02;5.666984e-02;2.692790e-02
8.595132e-02;1.090131e-01;6.003346e-02;7.434767e-02;7.093617e-02;1.217157e-01;3.820722e-02;1.591659e-01;1.101804e-01;9.437840e-02;5.199557e-02;2.407514e-02
7.891947e-02;6.762476e-02;6.395610e-02;8.400503e-02;1.122014e-01;1.095354e-01;5.303595e-02;1.416987e-01;1.134105e-01;7.831556e-02;6.113600e-02;3.616112e-02
3.102785e-02;1.095302e-01;3.324054e-02;5.854113e-02;1.360661e-01;1.021515e-01;7.037672e-02;1.735256e-01;1.346788e-01;4.290602e-02;7.114445e-02;3.681109e-02
3.614860e-02;1.432959e-01;6.464895e-02;8.213863e-02;8.077812e-02;1.707433e-01;4.857321e-02;1.494466e-01;1.045554e-01;4.745036e-02;5.224777e-02;1.997307e-02
2.959095e-02;7.245377e-02;5.857329e-02;7.679960e-02;8.235852e-02;1.951223e-01;7.263867e-02;1.269617e-01;1.566105e-01;6.905776e-02;3.989280e-02;1.994024e-02
4.446903e-02;6.240432e-02;9.726077e-02;8.772606e-02;1.013886e-01;1.903600e-01;7.675216e-02;1.104131e-01;1.222026e-01;5.054618e-02;3.793471e-02;1.854255e-02
2.815165e-02;1.256985e-01;1.269600e-01;6.566554e-02;6.714238e-02;9.570999e-02;1.005439e-01;1.131706e-01;1.030397e-01;4.781594e-02;8.200877e-02;4.409301e-02
5.664195e-02;1.010332e-01;1.372405e-01;4.838193e-02;6.270479e-02;1.322857e-01;7.939043e-02;7.715097e-02;9.079587e-02;4.234117e-02;1.240290e-01;4.800445e-02
9.920122e-02;6.005374e-02;1.258738e-01;3.136230e-02;4.286137e-02;2.139810e-01;5.931797e-02;4.484861e-02;7.514451e-02;2.815813e-02;1.686657e-01;5.053160e-02
1.576373e-01;3.281812e-02;9.544604e-02;2.316134e-02;3.175547e-02;3.008733e-01;3.920865e-02;2.499037e-02;5.090281e-02;2.177698e-02;1.807609e-01;4.066877e-02
1.704988e-01;3.018354e-02;8.848850e-02;2.903724e-02;4.361219e-02;3.575461e-01;2.695767e-02;3.173340e-02;3.941454e-02;2.645378e-02;1.371623e-01;1.891194e-02
1.062685e-01;6.794355e-02;7.047418e-02;6.011273e-02;7.969177e-02;3.598336e-01;3.706254e-02;4.753254e-02;3.434805e-02;3.346750e-02;8.337175e-02;1.989337e-02
3.118788e-02;1.465677e-01;3.642499e-02;8.347519e-02;1.233423e-01;2.873735e-01;5.302046e-02;8.022545e-02;4.341472e-02;4.662266e-02;4.168715e-02;2.665794e-02
1.592430e-02;2.295379e-01;1.712838e-02;7.037219e-02;1.574267e-01;2.022963e-01;4.506684e-02;8.888583e-02;4.520089e-02;6.764419e-02;1.686371e-02;4.365269e-02
1.385645e-02;2.600740e-01;1.332336e-02;5.539685e-02;1.698522e-01;1.564322e-01;2.457309e-02;8.834940e-02;5.776160e-02;8.032524e-02;2.071426e-02;5.934140e-02
2.933708e-02;2.287819e-01;2.789080e-02;6.571357e-02;1.385156e-01;1.334610e-01;2.321428e-02;8.653337e-02;7.306977e-02;8.286391e-02;3.060673e-02;8.001203e-02
4.417900e-02;1.645928e-01;6.268767e-02;6.107177e-02;8.811100e-02;1.412194e-01;5.629293e-02;8.221310e-02;8.377346e-02;7.612746e-02;4.884087e-02;9.089053e-02
1.905934e-02;1.382239e-01;5.054359e-02;4.059430e-02;9.007255e-02;2.245492e-01;1.155671e-01;7.855679e-02;6.008101e-02;7.036990e-02;4.895297e-02;6.342930e-02
1.886526e-02;1.016373e-01;2.731557e-02;5.350500e-02;8.433351e-02;3.201149e-01;1.443761e-01;7.532853e-02;3.738159e-02;7.873871e-02;3.310015e-02;2.530332e-02
1.342818e-02;7.842308e-02;2.120233e-02;5.442330e-02;8.961045e-02;3.381439e-01;1.326764e-01;6.324489e-02;2.722447e-02;8.435732e-02;4.307560e-02;5.419015e-02
2.006262e-02;9.400414e-02;2.091649e-02;3.800749e-02;1.241019e-01;2.518653e-01;9.308746e-02;4.657862e-02;2.808338e-02;1.381906e-01;4.988319e-02;9.521888e-02
2.736543e-02;7.658594e-02;2.655598e-02;3.513520e-02;1.598807e-01;1.630237e-01;6.685754e-02;2.833754e-02;4.341890e-02;2.452404e-01;2.027077e-02;1.073279e-01
4.399212e-02;3.248654e-02;5.577403e-02;3.260481e-02;1.408645e-01;1.163445e-01;6.848338e-02;2.327598e-02;6.477627e-02;3.164581e-01;3.000792e-02;7.493186e-02
6.023757e-02;3.895345e-02;7.980756e-02;4.691285e-02;9.704579e-02;9.961512e-02;7.570106e-02;2.472647e-02;1.052762e-01;2.878725e-01;4.005777e-02;4.379360e-02
5.502413e-02;4.645691e-02;7.171226e-02;5.026302e-02;8.197700e-02;9.777562e-02;8.295424e-02;1.911556e-02;1.345493e-01;2.676742e-01;2.939529e-02;6.310236e-02
3.324125e-02;5.466940e-02;5.418672e-02;4.734145e-02;1.245073e-01;9.444994e-02;6.729317e-02;9.385626e-03;1.372679e-01;2.736945e-01;1.845371e-02;8.550893e-02
1.688977e-02;4.983183e-02;4.487875e-02;6.438917e-02;1.661580e-01;8.894598e-02;4.439367e-02;1.560986e-02;1.236272e-01;2.468857e-01;1.404379e-02;1.243462e-01
2.324770e-02;6.334107e-02;6.316280e-02;1.049806e-01;1.876075e-01;9.453736e-02;3.224735e-02;2.571862e-02;9.665418e-02;1.746728e-01;1.099951e-02;1.228306e-01
2.978867e-02;8.763187e-02;9.172120e-02;1.159785e-01;1.698992e-01;1.293363e-01;5.055751e-02;3.834963e-02;8.146888e-02;8.574222e-02;2.699064e-02;9.253538e-02
3.092538e-02;8.092928e-02;1.008380e-01;1.029777e-01;8.783725e-02;1.661411e-01;7.180336e-02;4.765445e-02;7.792316e-02;1.232549e-01;4.447250e-02;6.524292e-02
3.949344e-02;7.178934e-02;6.439566e-02;9.426950e-02;1.064888e-01;1.731062e-01;5.565424e-02;6.133538e-02;5.347378e-02;1.609384e-01;6.466904e-02;5.438628e-02
5.126294e-02;7.674829e-02;5.097172e-02;9.845033e-02;9.872159e-02;2.070607e-01;3.539347e-02;8.797932e-02;4.244346e-02;9.088820e-02;1.110735e-01;4.900650e-02
5.083540e-02;5.364683e-02;5.301964e-02;7.880172e-02;6.319503e-02;2.583877e-01;3.971032e-02;8.291811e-02;4.397176e-02;6.789494e-02;1.803219e-01;2.729662e-02
7.671596e-02;2.991611e-02;6.294987e-02;4.095132e-02;4.260499e-02;2.687263e-01;4.389779e-02;5.396824e-02;4.609486e-02;7.715727e-02;2.303750e-01;2.664238e-02
8.990184e-02;2.757163e-02;8.544221e-02;1.985042e-02;2.141040e-02;2.531354e-01;4.854599e-02;3.548152e-02;6.545150e-02;6.819668e-02;2.418490e-01;4.316334e-02
8.500417e-02;3.841548e-02;9.288571e-02;1.149507e-02;2.085415e-02;2.189119e-01;5.988529e-02;4.035245e-02;9.842952e-02;6.473634e-02;2.200439e-01;4.898611e-02
7.721470e-02;4.830579e-02;8.877422e-02;2.854894e-02;2.548898e-02;1.591826e-01;5.526337e-02;3.834129e-02;1.397468e-01;8.572676e-02;1.995989e-01;5.380762e-02
4.097131e-02;8.316442e-02;7.320063e-02;5.294434e-02;8.596176e-02;1.104924e-01;2.949679e-02;8.094376e-02;1.519911e-01;1.130524e-01;1.235565e-01;5.422455e-02
3.334318e-02;9.598381e-02;4.706102e-02;7.214805e-02;1.060460e-01;1.038917e-01;4.569990e-02;7.857592e-02;1.397896e-01;1.669368e-01;3.819279e-02;7.233125e-02
6.133282e-02;1.006139e-01;3.104687e-02;7.767787e-02;9.982646e-02;6.641713e-02;6.848474e-02;6.097779e-02;1.228954e-01;1.560876e-01;4.790803e-02;1.067314e-01
4.652357e-02;1.167199e-01;5.114628e-02;9.755221e-02;1.436372e-01;6.375682e-02;9.572714e-02;7.433700e-02;1.116099e-01;5.732004e-02;2.506750e-02;1.166024e-01
3.933615e-02;9.004758e-02;6.509054e-02;1.187708e-01;1.691547e-01;8.520181e-02;7.360362e-02;5.893914e-02;1.069205e-01;8.320004e-02;2.457396e-02;8.516106e-02
6.754199e-02;7.913732e-02;5.189954e-02;1.038796e-01;1.403634e-01;8.674271e-02;8.021472e-02;7.855801e-02;1.265604e-01;8.737253e-02;2.526890e-02;7.246083e-02
5.080068e-02;6.814670e-02;2.841301e-02;7.608167e-02;9.270629e-02;1.011904e-01;8.069061e-02;1.458946e-01;1.119032e-01;1.044821e-01;6.421536e-02;7.547534e-02
3.594592e-02;9.113841e-02;3.452596e-02;8.620280e-02;6.875823e-02;1.462097e-01;6.254039e-02;1.595923e-01;7.278841e-02;8.341422e-02;1.007719e-01;5.811178e-02
3.603080e-02;9.559137e-02;2.908347e-02;8.703604e-02;9.771975e-02;1.605337e-01;5.147697e-02;1.394507e-01;6.940365e-02;1.113369e-01;8.029801e-02;4.203853e-02
2.042784e-02;1.074231e-01;2.147040e-02;7.121593e-02;1.454222e-01;1.504585e-01;3.810047e-02;1.282041e-01;7.424701e-02;1.546780e-01;5.613194e-02;3.222046e-02
2.583547e-02;1.020347e-01;1.705119e-02;7.023088e-02;1.607096e-01;1.269352e-01;4.857122e-02;1.281584e-01;9.309712e-02;1.410626e-01;3.316020e-02;5.315340e-02
4.753887e-02;7.781707e-02;4.960389e-02;1.011855e-01;1.192598e-01;1.167555e-01;8.033098e-02;1.289171e-01;1.213642e-01;9.009187e-02;2.092716e-02;4.620806e-02
5.878545e-02;5.995598e-02;8.425854e-02;1.426572e-01;6.986693e-02;1.128769e-01;8.529211e-02;1.467581e-01;1.218538e-01;5.463457e-02;2.316961e-02;3.989092e-02
4.331530e-02;5.609664e-02;9.217417e-02;1.006802e-01;8.549521e-02;1.388789e-01;7.529043e-02;1.534052e-01;7.881517e-02;7.196123e-02;4.234860e-02;6.153885e-02
4.786612e-02;6.953590e-02;8.528071e-02;7.718314e-02;4.263272e-02;1.427075e-01;8.475085e-02;1.499133e-01;1.087842e-01;8.503639e-02;5.433822e-02;5.197083e-02
5.334860e-02;1.095503e-01;6.135938e-02;1.064511e-01;1.741669e-01;4.914632e-02;4.882375e-02;1.181284e-01;1.191724e-01;7.795497e-02;4.350473e-02;3.839316e-02
2.923027e-02;1.587899e-01;5.462648e-02;6.394958e-02;2.393693e-01;1.415740e-01;3.835676e-02;7.700455e-02;8.346401e-02;5.893939e-02;3.680196e-02;1.789387e-02
1.005578e-02;1.642344e-01;4.757448e-02;5.908822e-02;2.001349e-01;2.142970e-01;3.926221e-02;7.537401e-02;6.458124e-02;7.306613e-02;4.065983e-02;1.167178e-02
1.290743e-02;1.396498e-01;5.347371e-02;6.946892e-02;1.432481e-01;2.758521e-01;4.058661e-02;6.811444e-02;5.286277e-02;8.267384e-02;4.823127e-02;1.293104e-02
1.581926e-02;1.275775e-01;3.442904e-02;8.977917e-02;1.116151e-01;3.333369e-01;4.466992e-02;7.414912e-02;4.628283e-02;4.797475e-02;5.803346e-02;1.633295e-02
1.459181e-02;1.141201e-01;1.590495e-02;8.141196e-02;1.672099e-01;3.193654e-01;4.448805e-02;7.359044e-02;3.684922e-02;5.648990e-02;5.977714e-02;1.620105e-02
2.118180e-02;1.346044e-01;2.749780e-02;9.066963e-02;1.982162e-01;2.455027e-01;4.582175e-02;6.852712e-02;3.507329e-02;7.384315e-02;4.160780e-02;1.745438e-02
3.009477e-02;1.421926e-01;3.782320e-02;8.400221e-02;1.714714e-01;1.925929e-01;6.151428e-02;8.274575e-02;5.987092e-02;8.732558e-02;1.906726e-02;3.129910e-02
2.408793e-02;1.342079e-01;3.810991e-02;7.841419e-02;1.069287e-01;1.768209e-01;6.208510e-02;1.093093e-01;1.010992e-01;1.134395e-01;1.189407e-02;4.360338e-02
2.847513e-02;7.287996e-02;4.461263e-02;8.708213e-02;1.140357e-01;1.784855e-01;6.250193e-02;1.103799e-01;1.401761e-01;8.965772e-02;2.726308e-02;4.445020e-02
5.706947e-02;7.086778e-02;4.333642e-02;6.399693e-02;1.335158e-01;1.941580e-01;5.577572e-02;8.676223e-02;1.176712e-01;7.889027e-02;4.053540e-02;5.742069e-02
7.550172e-02;7.997957e-02;5.280297e-02;4.781518e-02;6.436766e-02;2.245648e-01;6.615361e-02;7.896259e-02;9.486341e-02;1.022067e-01;6.518264e-02;4.759919e-02
7.565764e-02;5.322453e-02;4.384166e-02;4.594343e-02;8.445620e-02;2.010501e-01;4.218835e-02;8.785360e-02;1.137964e-01;1.084653e-01;8.900287e-02;5.451997e-02
6.826096e-02;6.472179e-02;4.082407e-02;5.754869e-02;6.393250e-02;1.678877e-01;7.526278e-02;8.889341e-02;1.303588e-01;9.706143e-02;7.600120e-02;6.924672e-02
5.619200e-02;8.143649e-02;6.835905e-02;6.044268e-02;3.635382e-02;1.754656e-01;1.196128e-01;9.125740e-02;9.850548e-02;8.349223e-02;7.746490e-02;5.141754e-02
3.136895e-02;6.963737e-02;9.979190e-02;4.044274e-02;5.790328e-02;2.717098e-01;8.615556e-02;9.204257e-02;4.950467e-02;5.575618e-02;9.872731e-02;4.695965e-02
2.044852e-02;6.648603e-02;8.820082e-02;2.557947e-02;9.407640e-02;3.466833e-01;4.249424e-02;9.414338e-02;4.960788e-02;2.780892e-02;1.126233e-01;3.184777e-02
1.748911e-02;1.217699e-01;4.486473e-02;4.397012e-02;1.685019e-01;3.215429e-01;1.966635e-02;6.184530e-02;5.061866e-02;5.652844e-02;7.984187e-02;1.336076e-02
1.235250e-02;1.976083e-01;2.062814e-02;5.099912e-02;2.021305e-01;2.480150e-01;1.129282e-02;4.388949e-02;5.692186e-02;1.070393e-01;3.244626e-02;1.667665e-02
1.383328e-02;2.506534e-01;1.473641e-02;3.729544e-02;1.613413e-01;1.763578e-01;1.447862e-02;3.932070e-02;6.728242e-02;1.694848e-01;3.272803e-02;2.248779e-02
2.419899e-02;2.628917e-01;1.173343e-02;3.511774e-02;1.346563e-01;1.165388e-01;2.847194e-02;3.278796e-02;7.729565e-02;1.971824e-01;4.888522e-02;3.023981e-02
3.089439e-02;2.506089e-01;2.395425e-02;4.887271e-02;1.388100e-01;5.981890e-02;2.813660e-02;3.778483e-02;8.781731e-02;1.928921e-01;5.253483e-02;4.787516e-02
5.188651e-02;1.837068e-01;4.107818e-02;7.149993e-02;1.493818e-01;5.076954e-02;4.011191e-02;6.315354e-02;1.200724e-01;1.525251e-01;3.197377e-02;4.384042e-02
5.026506e-02;1.026093e-01;5.217446e-02;1.058663e-01;1.536027e-01;7.817063e-02;4.844408e-02;1.047150e-01;1.473562e-01;9.054017e-02;4.231509e-02;2.394101e-02
3.205821e-02;6.349039e-02;7.717752e-02;1.304448e-01;1.101886e-01;1.332460e-01;6.212379e-02;1.426757e-01;1.177726e-01;8.042353e-02;2.569456e-02;2.470429e-02
5.509267e-02;8.271010e-02;6.389360e-02;1.005867e-01;9.863884e-02;1.643559e-01;1.027325e-01;1.186306e-01;7.653042e-02;8.351352e-02;2.768319e-02;2.563205e-02
6.711867e-02;9.140784e-02;5.130211e-02;7.101861e-02;9.269920e-02;1.796229e-01;1.059313e-01;1.363367e-01;6.900033e-02;8.326837e-02;1.961644e-02;3.267744e-02
6.994836e-02;7.723486e-02;5.927949e-02;5.226940e-02;8.880790e-02;1.954878e-01;7.586659e-02;1.461921e-01;8.402995e-02;9.639159e-02;1.475594e-02;3.973602e-02
7.033529e-02;6.423874e-02;6.688444e-02;6.526780e-02;1.485886e-01;1.379310e-01;5.284155e-02;1.289725e-01;8.759557e-02;9.319692e-02;4.622666e-02;3.792083e-02
7.879452e-02;6.456964e-02;5.800668e-02;9.781282e-02;1.502986e-01;8.501494e-02;2.827208e-02;1.379261e-01;8.965495e-02;1.055274e-01;7.177588e-02;3.234635e-02
8.805485e-02;4.514115e-02;6.183179e-02;9.623397e-02;7.853714e-02;1.526400e-01;4.947206e-02;1.215873e-01;8.624648e-02;9.965923e-02;6.626495e-02;5.433110e-02
7.174251e-02;6.538714e-02;6.463884e-02;7.619354e-02;4.925094e-02;1.729072e-01;8.212485e-02;8.025454e-02;8.635961e-02;1.076891e-01;7.497211e-02;6.847954e-02
5.622789e-02;6.040458e-02;4.935309e-02;6.952794e-02;6.699792e-02;1.495913e-01;9.203408e-02;9.157486e-02;8.842523e-02;1.451713e-01;4.912867e-02;8.156311e-02
7.966344e-02;5.788576e-02;5.515912e-02;7.525818e-02;7.028311e-02;9.371886e-02;1.247224e-01;9.491643e-02;6.967558e-02;1.474821e-01;4.343937e-02;8.779568e-02
1.244807e-01;7.901736e-02;8.696932e-02;7.297252e-02;8.124134e-02;7.632195e-02;1.199850e-01;9.435328e-02;6.707585e-02;9.692454e-02;3.280463e-02;6.785356e-02
9.826206e-02;1.845613e-01;7.957759e-02;7.566456e-02;9.163221e-02;7.493546e-02;9.388348e-02;9.009917e-02;7.240002e-02;7.044016e-02;4.392092e-02;2.462311e-02
6.333762e-02;2.289968e-01;6.179549e-02;8.025628e-02;7.568230e-02;7.250299e-02;1.149017e-01;1.013594e-01;5.723592e-02;9.495146e-02;2.452184e-02;2.445812e-02
4.559636e-02;2.186235e-01;8.277699e-02;6.966609e-02;5.005287e-02;8.854868e-02;1.195352e-01;1.230562e-01;6.148452e-02;7.334891e-02;2.380315e-02;4.350756e-02
4.441568e-02;1.632114e-01;8.648433e-02;9.731379e-02;3.461927e-02;1.084504e-01;5.846089e-02;1.745765e-01;1.006512e-01;5.075507e-02;2.963665e-02;5.142476e-02
3.318728e-02;5.470586e-02;8.456462e-02;7.908788e-02;2.905690e-02;8.798767e-02;5.608728e-02;2.593338e-01;1.993987e-01;3.372563e-02;2.923410e-02;5.363026e-02
2.253259e-02;5.110306e-02;1.100516e-01;5.272529e-02;3.313347e-02;8.013111e-02;2.984516e-02;3.249654e-01;1.926772e-01;2.823576e-02;2.912473e-02;4.547461e-02
1.520912e-02;8.221660e-02;1.314304e-01;4.353182e-02;3.673413e-02;8.689438e-02;3.602533e-02;3.530868e-01;1.296176e-01;2.270768e-02;3.064309e-02;3.190313e-02
1.487202e-02;1.363025e-01;1.168389e-01;3.046256e-02;4.767868e-02;1.239841e-01;6.896323e-02;3.280460e-01;5.665202e-02;1.710577e-02;4.301074e-02;1.608350e-02
1.743336e-02;1.880678e-01;7.123648e-02;2.015178e-02;4.219284e-02;1.648410e-01;1.039173e-01;2.653608e-01;4.941255e-02;1.937415e-02;4.862840e-02;9.383560e-03
1.941082e-02;2.270976e-01;5.722061e-02;1.416074e-02;2.508470e-02;1.817564e-01;1.094557e-01;2.217555e-01;5.594481e-02;2.908328e-02;4.873606e-02;1.029373e-02
2.247274e-02;2.370163e-01;6.620744e-02;1.670164e-02;2.850579e-02;1.712647e-01;1.291187e-01;1.695620e-01;7.652815e-02;2.025494e-02;5.551632e-02;6.851241e-03
1.688804e-02;2.198621e-01;9.069342e-02;2.270816e-02;3.342901e-02;1.264552e-01;1.312598e-01;1.843615e-01;8.027282e-02;1.818584e-02;6.914912e-02;6.734927e-03
3.068971e-02;2.035886e-01;1.490159e-01;2.802745e-02;3.755395e-02;8.749071e-02;1.125653e-01;2.062637e-01;4.889300e-02;1.690658e-02;7.101216e-02;7.992961e-03
6.530987e-02;1.739498e-01;2.270762e-01;4.367705e-02;3.163452e-02;6.634804e-02;7.392158e-02;2.004677e-01;3.343974e-02;1.099467e-02;5.400352e-02;1.917737e-02
1.082370e-01;1.631095e-01;2.709961e-01;4.885423e-02;2.116538e-02;6.368817e-02;4.596059e-02;1.874302e-01;1.863869e-02;1.615774e-02;2.923499e-02;2.652743e-02
1.401328e-01;1.552726e-01;2.710251e-01;4.554585e-02;1.431408e-02;5.679970e-02;3.011388e-02;1.757103e-01;2.612751e-02;2.096241e-02;2.440110e-02;3.959465e-02
1.322245e-01;1.431242e-01;2.249048e-01;4.672785e-02;2.337002e-02;6.941976e-02;3.514898e-02;1.663720e-01;3.194869e-02;2.459146e-02;6.026373e-02;4.190404e-02
9.498147e-02;1.277897e-01;1.569460e-01;5.032225e-02;4.035715e-02;1.173721e-01;6.114642e-02;1.546440e-01;3.625276e-02;3.643519e-02;9.733258e-02;2.642044e-02
5.322547e-02;8.233471e-02;1.021350e-01;3.711131e-02;4.330053e-02;1.776142e-01;9.701607e-02;1.922001e-01;4.308994e-02;5.078349e-02;9.509046e-02;2.609872e-02
3.887486e-02;7.797331e-02;9.358960e-02;4.783729e-02;2.454257e-02;1.619319e-01;9.820312e-02;2.524423e-01;7.902336e-02;6.034425e-02;3.042806e-02;3.480940e-02
8.216529e-02;6.910387e-02;1.273056e-01;6.930646e-02;4.397136e-02;1.406285e-01;6.442557e-02;2.106075e-01;8.126659e-02;5.065010e-02;3.169448e-02;2.887467e-02
1.038203e-01;7.199555e-02;1.382581e-01;5.694242e-02;8.116940e-02;2.097854e-01;4.737752e-02;1.545299e-01;4.855931e-02;4.361166e-02;2.952468e-02;1.442581e-02
5.755663e-02;1.051851e-01;1.255742e-01;3.185215e-02;8.216966e-02;2.712457e-01;3.784406e-02;1.180007e-01;5.286786e-02;4.176741e-02;5.171458e-02;2.422200e-02
