7.562684e-02;8.358592e-02;1.317596e-01;8.140685e-02;9.953444e-02;7.515484e-02;8.397990e-02;9.756776e-02;7.202545e-02;7.635701e-02;4.548290e-02;7.751849e-02
8.775429e-02;6.512341e-02;1.485415e-01;7.086601e-02;1.001679e-01;8.099926e-02;9.672534e-02;8.525059e-02;6.348985e-02;6.881330e-02;5.138437e-02;8.088423e-02
6.938031e-02;5.952380e-02;2.381235e-01;8.125613e-02;1.064246e-01;6.586801e-02;7.884918e-02;5.947514e-02;6.396323e-02;7.083276e-02;4.824916e-02;5.805414e-02
1.167532e-01;1.076187e-01;2.872168e-01;5.649406e-02;7.530132e-02;4.579399e-02;9.805907e-02;3.463307e-02;3.980660e-02;5.122312e-02;4.548395e-02;4.161616e-02
1.777130e-01;1.161788e-01;2.679987e-01;3.383847e-02;5.627939e-02;5.461876e-02;1.405597e-01;2.478389e-02;2.994920e-02;3.273746e-02;3.146382e-02;3.387880e-02
1.735788e-01;9.216847e-02;2.539248e-01;3.961318e-02;4.734641e-02;6.209707e-02;1.615715e-01;2.785881e-02;2.048807e-02;3.119178e-02;4.319108e-02;4.697004e-02
1.359719e-01;6.469110e-02;1.883487e-01;3.549073e-02;4.610011e-02;1.008011e-01;1.754632e-01;3.153388e-02;1.904401e-02;4.252685e-02;9.012952e-02;6.989897e-02
5.821739e-02;3.807949e-02;8.879200e-02;2.462834e-02;5.955675e-02;1.967573e-01;1.623887e-01;2.155642e-02;2.131706e-02;7.489288e-02;1.799869e-01;7.382676e-02
2.626885e-02;6.065854e-02;5.316624e-02;1.641405e-02;9.620809e-02;2.112998e-01;9.926008e-02;2.177649e-02;2.048623e-02;1.479774e-01;2.062270e-01;4.025721e-02
7.149683e-03;1.073937e-01;3.820959e-02;2.055913e-02;1.576621e-01;1.512140e-01;2.932672e-02;3.202322e-02;2.300043e-02;2.275409e-01;1.828253e-01;2.309520e-02
1.237308e-02;1.279646e-01;2.757250e-02;3.146280e-02;1.951526e-01;8.243178e-02;2.040821e-02;3.717411e-02;3.166128e-02;2.790306e-01;1.431584e-01;1.161008e-02
1.868968e-02;1.318801e-01;1.771769e-02;3.901614e-02;2.206436e-01;4.217668e-02;1.398721e-02;2.902743e-02;3.181994e-02;3.175338e-01;1.250902e-01;1.241759e-02
2.073609e-02;1.209448e-01;2.366534e-02;4.730561e-02;2.290360e-01;2.808807e-02;2.176057e-02;2.511012e-02;3.312899e-02;3.211694e-01;1.194144e-01;9.640600e-03
1.627635e-02;1.094497e-01;2.571693e-02;5.906669e-02;2.313617e-01;3.034202e-02;1.554847e-02;1.950142e-02;4.749657e-02;3.180091e-01;1.135264e-01;1.370461e-02
3.116921e-02;9.770653e-02;2.100373e-02;6.719810e-02;2.314600e-01;2.927244e-02;1.883332e-02;1.637744e-02;4.640785e-02;3.153758e-01;1.096237e-01;1.557189e-02
2.433424e-02;9.808887e-02;2.306055e-02;7.032569e-02;2.368145e-01;2.796730e-02;2.160601e-02;1.183865e-02;4.159930e-02;3.176927e-01;1.088348e-01;1.783736e-02
2.615219e-02;1.015665e-01;1.056535e-02;7.038246e-02;2.320076e-01;2.519251e-02;1.776872e-02;1.303926e-02;5.419115e-02;3.179016e-01;1.140852e-01;1.714757e-02
1.687810e-02;1.101766e-01;1.233296e-02;5.913604e-02;2.220554e-01;3.132395e-02;2.408664e-02;1.696001e-02;4.823206e-02;3.156689e-01;1.232400e-01;1.990941e-02
1.304438e-02;1.221544e-01;2.284196e-02;5.050058e-02;2.024537e-01;3.875877e-02;1.194926e-02;1.858546e-02;5.602735e-02;3.059474e-01;1.342534e-01;2.348334e-02
1.378992e-02;1.345360e-01;2.624349e-02;4.236024e-02;1.749984e-01;4.469240e-02;1.185193e-02;2.514792e-02;5.115695e-02;2.950034e-01;1.587661e-01;2.145327e-02
1.277399e-02;1.388433e-01;2.089306e-02;3.016625e-02;1.360892e-01;5.271794e-02;1.276295e-02;2.680619e-02;4.788748e-02;2.998356e-01;1.962832e-01;2.494086e-02
1.226201e-02;1.107051e-01;3.714691e-02;2.297172e-02;8.889394e-02;7.139152e-02;2.590806e-02;3.068002e-02;3.851797e-02;2.963941e-01;2.371986e-01;2.793005e-02
1.190052e-02;6.976847e-02;7.476846e-02;1.982958e-02;5.301777e-02;9.484629e-02;3.271173e-02;2.788839e-02;3.533136e-02;2.755006e-01;2.718853e-01;3.255150e-02
2.417107e-02;4.124805e-02;1.370485e-01;2.183082e-02;3.962349e-02;1.045944e-01;4.673207e-02;1.622217e-02;4.083390e-02;2.138479e-01;2.633863e-01;5.046127e-02
6.393418e-02;2.196681e-02;1.339766e-01;5.264030e-02;3.392547e-02;7.670400e-02;9.627466e-02;1.974768e-02;4.654308e-02;1.477303e-01;2.202174e-01;8.633953e-02
7.742176e-02;1.579120e-02;1.155084e-01;1.179638e-01;2.126887e-02;3.498678e-02;1.704539e-01;6.473622e-02;4.183179e-02;9.820130e-02;1.382189e-01;1.036172e-01
9.518717e-02;2.278080e-02;1.198223e-01;1.394957e-01;2.777515e-02;1.593691e-02;1.582435e-01;1.431635e-01;4.453021e-02;7.058984e-02;7.661460e-02;8.586031e-02
1.285659e-01;2.700818e-02;1.573074e-01;9.532041e-02;5.549611e-02;1.738045e-02;1.011451e-01;2.179896e-01;5.122628e-02;4.534113e-02;5.333609e-02;4.988328e-02
1.480890e-01;5.245307e-02;2.597674e-01;3.473284e-02;6.516619e-02;1.295924e-02;4.940180e-02;1.995808e-01;8.517287e-02;3.044272e-02;3.635542e-02;2.587864e-02
1.305042e-01;1.031140e-01;3.837630e-01;1.703157e-02;5.081054e-02;1.305036e-02;2.582631e-02;1.108957e-01;1.070253e-01;1.899173e-02;1.885280e-02;2.013451e-02
9.320550e-02;1.164573e-01;4.743735e-01;3.003390e-02;4.373725e-02;1.984642e-02;3.386076e-02;4.042502e-02;1.053908e-01;1.293080e-02;1.637794e-02;1.336082e-02
7.173733e-02;1.079352e-01;5.359285e-01;4.064822e-02;3.411939e-02;2.210597e-02;4.036843e-02;1.755489e-02;8.282804e-02;2.106586e-02;1.497948e-02;1.072865e-02
6.468254e-02;1.125608e-01;5.550505e-01;4.384105e-02;2.218479e-02;2.020346e-02;4.749137e-02;2.427702e-02;6.062877e-02;2.359820e-02;1.357115e-02;1.191038e-02
5.141886e-02;1.091378e-01;5.293986e-01;4.375098e-02;4.042261e-02;1.770320e-02;4.251304e-02;3.866334e-02;6.151294e-02;3.353923e-02;1.375713e-02;1.818231e-02
7.070296e-02;1.141262e-01;3.577034e-01;2.908325e-02;5.890853e-02;4.352738e-02;7.255652e-02;6.135003e-02;8.438825e-02;4.794088e-02;3.159348e-02;2.811907e-02
9.367190e-02;9.772270e-02;2.060534e-01;5.486916e-02;6.121840e-02;6.019829e-02;1.369274e-01;7.777140e-02;7.474118e-02;5.738169e-02;3.981550e-02;3.962902e-02
6.248015e-02;7.975291e-02;1.858913e-01;7.301801e-02;8.266135e-02;5.983012e-02;1.496113e-01;7.259838e-02;4.380970e-02;8.323044e-02;4.834618e-02;5.877016e-02
5.268143e-02;5.984453e-02;3.339577e-01;7.277842e-02;7.498331e-02;4.878166e-02;7.776912e-02;3.896947e-02;6.353918e-02;7.478680e-02;4.973286e-02;5.217551e-02
4.305706e-02;4.551656e-02;3.818142e-01;7.439300e-02;6.440704e-02;4.660923e-02;6.648276e-02;3.566549e-02;1.005913e-01;5.240037e-02;4.435435e-02;4.470858e-02
2.887476e-02;5.045513e-02;3.542997e-01;6.945533e-02;6.060373e-02;4.967851e-02;8.239212e-02;4.276912e-02;1.024563e-01;5.850579e-02;5.016397e-02;5.034557e-02
4.981311e-02;5.988365e-02;3.374555e-01;6.457282e-02;5.339012e-02;5.291122e-02;6.570369e-02;4.108474e-02;8.623005e-02;5.427138e-02;7.422645e-02;6.045724e-02
6.747706e-02;7.509018e-02;2.925745e-01;5.434731e-02;8.260382e-02;4.992332e-02;5.360075e-02;5.442564e-02;6.645369e-02;6.455918e-02;7.434260e-02;6.460197e-02
9.351458e-02;7.748488e-02;1.705708e-01;5.395449e-02;5.153372e-02;6.179360e-02;8.154315e-02;6.267235e-02;8.354495e-02;7.196690e-02;9.406628e-02;9.735429e-02
1.324560e-01;8.341277e-02;8.614846e-02;4.841079e-02;4.236867e-02;5.651741e-02;1.139570e-01;6.804863e-02;9.458342e-02;6.287688e-02;9.505310e-02;1.161668e-01
1.546297e-01;7.413344e-02;6.900857e-02;5.268545e-02;5.310494e-02;5.431039e-02;1.385357e-01;5.684326e-02;9.023534e-02;5.337900e-02;8.392751e-02;1.192067e-01
1.578764e-01;5.231581e-02;4.417931e-02;1.018972e-01;9.769881e-02;5.949108e-02;1.703000e-01;2.869074e-02;8.678510e-02;3.491554e-02;5.952541e-02;1.063247e-01
9.413737e-02;6.688056e-02;6.056427e-02;1.594783e-01;1.458299e-01;1.094197e-01;1.654483e-01;4.070043e-02;6.117093e-02;2.765684e-02;2.115514e-02;4.755836e-02
7.835549e-02;5.947355e-02;1.083524e-01;9.307352e-02;1.150123e-01;2.248453e-01;1.403256e-01;6.125214e-02;1.648846e-02;4.219744e-02;2.587417e-02;3.474967e-02
1.088591e-01;7.360096e-02;9.183336e-02;9.193611e-02;7.535382e-02;1.969985e-01;1.504755e-01;8.331311e-02;3.423710e-02;4.241591e-02;2.727056e-02;2.370599e-02
1.247933e-01;7.640808e-02;9.292581e-02;1.485641e-01;8.262859e-02;1.068734e-01;1.385958e-01;9.178743e-02;4.184721e-02;4.431698e-02;3.121328e-02;2.004595e-02
8.217289e-02;5.507848e-02;7.863659e-02;1.394813e-01;1.330261e-01;8.789347e-02;1.800282e-01;9.154183e-02;5.268587e-02;4.599822e-02;2.047566e-02;3.298146e-02
6.751558e-02;7.513905e-02;6.885944e-02;9.346345e-02;1.476807e-01;8.511945e-02;2.108625e-01;1.055104e-01;4.506850e-02;4.712046e-02;2.851902e-02;2.514142e-02
6.328230e-02;9.144204e-02;5.589797e-02;8.724859e-02;1.122894e-01;4.765976e-02;2.218097e-01;1.639623e-01;3.499607e-02;5.061057e-02;4.773097e-02;2.307020e-02
3.729128e-02;6.845907e-02;3.223529e-02;7.443503e-02;9.025214e-02;4.998584e-02;2.250260e-01;2.276242e-01;5.233514e-02;4.927157e-02;5.262211e-02;4.046229e-02
3.137467e-02;6.490136e-02;5.331776e-02;6.467795e-02;5.816882e-02;1.094941e-01;1.904411e-01;2.116181e-01;6.362146e-02;4.994472e-02;4.720643e-02;5.523355e-02
3.422030e-02;7.568239e-02;8.855178e-02;9.116218e-02;7.421872e-02;1.599995e-01;1.450931e-01;1.399977e-01;4.156624e-02;5.544819e-02;3.850814e-02;5.555172e-02
3.460669e-02;4.563297e-02;1.065126e-01;1.367251e-01;8.857360e-02;1.620345e-01;1.084276e-01;6.665684e-02;1.068227e-01;7.236511e-02;3.000299e-02;4.163928e-02
1.757017e-02;3.351885e-02;8.346155e-02;1.136871e-01;7.083692e-02;1.434068e-01;2.455955e-01;7.898793e-02;8.212325e-02;7.150422e-02;2.350842e-02;3.579928e-02
4.059673e-02;4.771819e-02;8.348046e-02;7.157262e-02;8.906991e-02;1.799634e-01;2.620899e-01;7.753217e-02;4.146107e-02;5.161886e-02;2.119379e-02;3.370288e-02
4.309509e-02;5.336767e-02;9.443129e-02;5.927934e-02;1.047924e-01;1.911593e-01;2.032773e-01;4.800424e-02;6.343289e-02;6.466777e-02;3.681858e-02;3.767407e-02
5.732521e-02;4.679164e-02;8.502740e-02;7.708759e-02;1.024318e-01;1.277300e-01;2.057859e-01;7.274922e-02;7.995186e-02;4.743405e-02;3.820869e-02;5.947657e-02
9.055809e-02;2.549769e-02;6.367768e-02;1.105470e-01;1.173500e-01;7.976256e-02;2.125564e-01;8.318362e-02;8.319074e-02;4.701767e-02;3.241144e-02;5.424710e-02
8.031131e-02;2.357784e-02;1.104235e-01;1.326332e-01;1.184284e-01;1.370156e-01;1.511470e-01;9.740264e-02;4.319121e-02;4.478647e-02;3.200918e-02;2.907363e-02
8.855049e-02;3.745352e-02;1.294575e-01;1.281075e-01;1.671012e-01;1.449258e-01;9.526733e-02;7.862417e-02;1.761252e-02;3.279134e-02;3.987987e-02;4.022881e-02
1.010658e-01;8.441203e-02;1.270131e-01;8.115050e-02;2.129035e-01;9.094922e-02;1.135569e-01;5.855030e-02;2.811709e-02;2.732493e-02;4.674276e-02;2.821384e-02
7.431360e-02;1.105587e-01;2.418109e-01;4.671936e-02;1.912067e-01;5.137134e-02;1.122029e-01;3.280586e-02;2.338331e-02;2.376869e-02;4.753622e-02;4.432241e-02
5.463993e-02;6.064856e-02;3.088348e-01;4.829549e-02;1.408442e-01;7.891408e-02;9.512199e-02;3.672440e-02;2.874803e-02;2.645193e-02;4.364092e-02;7.713573e-02
6.572786e-02;1.395100e-01;2.502306e-01;9.183808e-02;1.060232e-01;8.911280e-02;5.097391e-02;4.285901e-02;2.487101e-02;4.719355e-02;3.472148e-02;5.693855e-02
6.278407e-02;6.472283e-02;6.786981e-02;3.014513e-02;5.792763e-02;6.367738e-02;2.017500e-01;1.361840e-01;5.939851e-02;8.216479e-02;1.024240e-01;7.095192e-02
5.978912e-02;6.113810e-02;5.638704e-02;3.165259e-02;5.016503e-02;4.449322e-02;2.148128e-01;1.604488e-01;9.166106e-02;8.176369e-02;6.927659e-02;7.841197e-02
7.363775e-02;6.563139e-02;9.356719e-02;3.518057e-02;4.553176e-02;2.955657e-02;2.206274e-01;1.404418e-01;1.164863e-01;7.818816e-02;2.284081e-02;7.831031e-02
4.886020e-02;8.004182e-02;1.328689e-01;4.705018e-02;6.783825e-02;4.191646e-02;2.065956e-01;6.624134e-02;1.266508e-01;8.060606e-02;5.260352e-02;4.872678e-02
1.108605e-01;1.122500e-01;1.066544e-01;5.247006e-02;9.708937e-02;6.435622e-02;1.106028e-01;2.947153e-02;1.158602e-01;1.009354e-01;6.060171e-02;3.884786e-02
9.261382e-02;1.459774e-01;6.835341e-02;5.515502e-02;1.829772e-01;6.062516e-02;5.451125e-02;2.640911e-02;9.257963e-02;1.395645e-01;4.705136e-02;3.418215e-02
4.587715e-02;1.432135e-01;6.655594e-02;6.182384e-02;3.351275e-01;8.076132e-02;3.970833e-02;2.010772e-02;4.737994e-02;1.098382e-01;3.483830e-02;1.476829e-02
2.831831e-02;1.003571e-01;4.126447e-02;5.651735e-02;3.589910e-01;1.276414e-01;7.913944e-02;1.082068e-02;5.457932e-02;1.079252e-01;2.618056e-02;8.265224e-03
3.480855e-02;5.529898e-02;2.310310e-02;7.680409e-02;2.480005e-01;1.120508e-01;1.390922e-01;1.600807e-02;1.509938e-01;1.250947e-01;1.572712e-02;3.018024e-03
4.274148e-02;2.282837e-02;2.010666e-02;1.083223e-01;1.110403e-01;5.141326e-02;2.111171e-01;2.430040e-02;2.867095e-01;9.513714e-02;2.229409e-02;3.989418e-03
3.193755e-02;6.034673e-03;1.397624e-02;1.212333e-01;4.387470e-02;1.397799e-02;2.288206e-01;3.221497e-02;4.050461e-01;6.662147e-02;3.124269e-02;5.019736e-03
1.475277e-02;4.532426e-03;1.711833e-02;1.243838e-01;2.259226e-02;6.561301e-03;1.617505e-01;4.209049e-02;5.235181e-01;4.274246e-02;3.555983e-02;4.397662e-03
1.991118e-02;6.308951e-03;2.778681e-02;1.214127e-01;1.366813e-02;8.491489e-03;8.183852e-02;4.693162e-02;6.111423e-01;2.093229e-02;3.574452e-02;5.831449e-03
2.484250e-02;6.098840e-03;4.128375e-02;1.023673e-01;8.087087e-03;1.529739e-02;3.560566e-02;1.012690e-01;5.983219e-01;2.556053e-02;3.506694e-02;6.199153e-03
2.537492e-02;5.393557e-03;7.781117e-02;7.321499e-02;1.145834e-02;2.503555e-02;3.897931e-02;1.842542e-01;4.749081e-01;2.134895e-02;4.696554e-02;1.525542e-02
2.845006e-02;1.524466e-02;1.305667e-01;4.660592e-02;1.193733e-02;3.260933e-02;6.312604e-02;2.141109e-01;3.206754e-01;3.419293e-02;7.215024e-02;3.033045e-02
5.604133e-02;4.146475e-02;1.930864e-01;5.511528e-02;1.670760e-02;2.607022e-02;5.188297e-02;1.379010e-01;2.384372e-01;5.376920e-02;9.866167e-02;3.086247e-02
7.071352e-02;5.636799e-02;2.142934e-01;6.863025e-02;2.864099e-02;1.635090e-02;6.455259e-02;8.299258e-02;1.826530e-01;6.239825e-02;1.234842e-01;2.892238e-02
6.566177e-02;3.663392e-02;9.764900e-02;1.311411e-01;6.077643e-02;1.823955e-02;9.990745e-02;7.907443e-02;1.836983e-01;7.981461e-02;1.134953e-01;3.390809e-02
7.856314e-02;2.989908e-02;5.839309e-02;1.549573e-01;9.969781e-02;1.348179e-02;9.796359e-02;5.999478e-02;1.979365e-01;1.022171e-01;7.748725e-02;2.940848e-02
5.623839e-02;7.409704e-02;5.962275e-02;1.319265e-01;1.465807e-01;2.093450e-02;6.635887e-02;4.490120e-02;1.587483e-01;1.512865e-01;4.486639e-02;4.443886e-02
2.282974e-02;1.423149e-01;2.818649e-02;8.790302e-02;1.741917e-01;4.074430e-02;3.983481e-02;7.289119e-02;1.014805e-01;1.855317e-01;4.481978e-02;5.927199e-02
2.273337e-02;1.458989e-01;3.523525e-02;4.310863e-02;1.514276e-01;9.191062e-02;3.782989e-02;1.046047e-01;5.925789e-02;1.652539e-01;9.987421e-02;4.286503e-02
4.816746e-02;6.943195e-02;9.627613e-02;1.975679e-02;9.368127e-02;1.595186e-01;7.045602e-02;7.986276e-02;6.337354e-02;1.021654e-01;1.584480e-01;3.886216e-02
5.682584e-02;2.406607e-02;1.322029e-01;2.462211e-02;4.412406e-02;1.744823e-01;1.533855e-01;4.391462e-02;6.999979e-02;5.718828e-02;1.453471e-01;7.384142e-02
7.863383e-02;4.263893e-02;8.962659e-02;4.225058e-02;2.770906e-02;1.007493e-01;2.529330e-01;7.311591e-02;6.220139e-02;3.773963e-02;7.336155e-02;1.190403e-01
1.587456e-01;5.358612e-02;4.759342e-02;4.754699e-02;1.621488e-02;4.718784e-02;2.789594e-01;1.217766e-01;4.280411e-02;3.545877e-02;3.321765e-02;1.169085e-01
2.861515e-01;7.223319e-02;6.408681e-02;2.956059e-02;2.428330e-02;2.379614e-02;1.713245e-01;1.754588e-01;3.456885e-02;2.747035e-02;2.010918e-02;7.095686e-02
3.431849e-01;1.061043e-01;9.284727e-02;1.393239e-02;3.645232e-02;1.715812e-02;6.141770e-02;2.035638e-01;3.204615e-02;1.607102e-02;2.611400e-02;5.110805e-02
3.130537e-01;1.010606e-01;8.476816e-02;1.948337e-02;5.185484e-02;1.294775e-02;6.721508e-02;1.893840e-01;3.331268e-02;2.401873e-02;3.931741e-02;6.358380e-02
2.297334e-01;4.958697e-02;1.779062e-01;3.002674e-02;7.257009e-02;1.573391e-02;8.385219e-02;1.749990e-01;4.013265e-02;3.023234e-02;4.263701e-02;5.258948e-02
1.903642e-01;7.382493e-02;2.423396e-01;1.846833e-02;6.644250e-02;2.596931e-02;6.666088e-02;1.727605e-01;5.124546e-02;2.327557e-02;3.440826e-02;3.424038e-02
1.483457e-01;9.663162e-02;2.795187e-01;2.936820e-02;5.088747e-02;2.713645e-02;6.274245e-02;1.617121e-01;5.733369e-02;1.803852e-02;3.204701e-02;3.623822e-02
1.198176e-01;9.141886e-02;3.061199e-01;5.730004e-02;5.621665e-02;2.992268e-02;5.317516e-02;1.245536e-01;5.142510e-02;3.064917e-02;4.715634e-02;3.224495e-02
1.711839e-01;7.539331e-02;1.945792e-01;7.894883e-02;5.117669e-02;3.809188e-02;6.840490e-02;9.509454e-02;6.990135e-02;4.717689e-02;6.463818e-02;4.541030e-02
1.984372e-01;7.932857e-02;1.219357e-01;6.700934e-02;5.530358e-02;5.498596e-02;1.133047e-01;5.489286e-02;8.247554e-02;5.068945e-02;6.093404e-02;6.070310e-02
1.463596e-01;5.705879e-02;1.559922e-01;6.766374e-02;5.685402e-02;8.537783e-02;9.452120e-02;9.023956e-02;8.695509e-02;6.876811e-02;3.489497e-02;5.531498e-02
1.202012e-01;8.478288e-02;9.646726e-02;6.949748e-02;5.203622e-02;9.353069e-02;1.444566e-01;1.096698e-01;8.231474e-02;6.378010e-02;4.676140e-02;3.650166e-02
1.217138e-01;1.014516e-01;9.447891e-02;6.297997e-02;3.738409e-02;8.020153e-02;1.800895e-01;5.103008e-02;5.031968e-02;9.140552e-02;7.208894e-02;5.685630e-02
1.056837e-01;8.358983e-02;2.172792e-01;5.784734e-02;4.427573e-02;6.162462e-02;1.556310e-01;4.663642e-02;6.919681e-02;7.161472e-02;5.816312e-02;2.845757e-02
1.374809e-01;1.548449e-01;2.877498e-01;4.313828e-02;4.505186e-02;4.152198e-02;1.127619e-01;3.451792e-02;3.147999e-02;3.625649e-02;3.970122e-02;3.549470e-02
1.981022e-01;2.249768e-01;2.519933e-01;2.762615e-02;2.652599e-02;3.222225e-02;6.832314e-02;3.077789e-02;5.115342e-02;3.317888e-02;2.285405e-02;3.226603e-02
2.975648e-01;2.823620e-01;1.682177e-01;9.600725e-03;2.399368e-02;2.277104e-02;3.385715e-02;3.735680e-02;5.592087e-02;2.132246e-02;2.446666e-02;2.256608e-02
4.254033e-01;2.690276e-01;7.800905e-02;2.800019e-03;3.529784e-02;1.100644e-02;1.796490e-02;4.829027e-02;3.514528e-02;1.173849e-02;3.249171e-02;3.282515e-02
4.791600e-01;1.911384e-01;6.521700e-02;6.873655e-03;4.688868e-02;6.176076e-03;2.301193e-02;7.915436e-02;1.688436e-02;8.785197e-03;3.273414e-02;4.397617e-02
4.692613e-01;1.123087e-01;6.880451e-02;9.930997e-03;5.005586e-02;9.317434e-03;4.265168e-02;1.287016e-01;1.651847e-02;1.527631e-02;2.262741e-02;5.454572e-02
3.952656e-01;4.732677e-02;9.088491e-02;1.537422e-02;3.738324e-02;6.755582e-03;7.673403e-02;1.555330e-01;4.770428e-02;3.971964e-02;1.801910e-02;6.929966e-02
2.925739e-01;6.419637e-02;7.097849e-02;2.993710e-02;1.749182e-02;1.309467e-02;1.257029e-01;1.272181e-01;5.626994e-02;1.017093e-01;2.004470e-02;8.078271e-02
1.733035e-01;7.478764e-02;5.589772e-02;6.206795e-02;1.219631e-02;1.726402e-02;1.802703e-01;9.270533e-02;4.583944e-02;1.433933e-01;3.673450e-02;1.055400e-01
4.326510e-02;7.506354e-02;8.703875e-02;8.358034e-02;2.250425e-02;4.618693e-02;2.000798e-01;6.242859e-02;6.994678e-02;1.094047e-01;8.468439e-02;1.158169e-01
1.384871e-01;6.155248e-02;1.172350e-01;4.572613e-02;2.656076e-02;7.600009e-02;1.217648e-01;4.430167e-02;8.986083e-02;9.605854e-02;1.105738e-01;7.187876e-02
1.382971e-01;6.035081e-02;1.266405e-01;6.621185e-02;3.063159e-02;8.333541e-02;8.759642e-02;5.003503e-02;7.632647e-02;1.279050e-01;1.167194e-01;3.595036e-02
1.358145e-01;5.063575e-02;1.523082e-01;8.664908e-02;4.518446e-02;4.794255e-02;8.113785e-02;6.285342e-02;7.379030e-02;1.294977e-01;9.041782e-02;4.376845e-02
1.417162e-01;8.953591e-02;1.321093e-01;7.805565e-02;4.215379e-02;2.412977e-02;1.068128e-01;5.739852e-02;1.016244e-01;1.147359e-01;6.795781e-02;4.376991e-02
7.952911e-02;9.783895e-02;1.446405e-01;1.148861e-01;5.572113e-02;2.019654e-02;8.946270e-02;5.291891e-02;1.212626e-01;1.212674e-01;7.303695e-02;2.923909e-02
9.533901e-02;1.070643e-01;1.313765e-01;1.310873e-01;5.974092e-02;2.823633e-02;8.177492e-02;4.969875e-02;1.028132e-01;1.146631e-01;7.963505e-02;1.857071e-02
1.425405e-01;1.337575e-01;1.136920e-01;1.161267e-01;5.021240e-02;3.573734e-02;5.533247e-02;5.500040e-02;9.721977e-02;9.499189e-02;7.708306e-02;2.830601e-02
1.443774e-01;1.455979e-01;1.601823e-01;7.918359e-02;4.680399e-02;4.036716e-02;7.199559e-02;4.849124e-02;1.004865e-01;8.619187e-02;5.037077e-02;2.595171e-02
1.685450e-01;1.027744e-01;1.401680e-01;1.201098e-01;5.256354e-02;4.207788e-02;8.036135e-02;3.352173e-02;8.816114e-02;9.802557e-02;4.142831e-02;3.226329e-02
1.853517e-01;2.656219e-02;1.023930e-01;1.723360e-01;6.759354e-02;3.132039e-02;8.333304e-02;2.561081e-02;7.464966e-02;1.366393e-01;5.636345e-02;3.784695e-02
1.725666e-01;9.128655e-02;7.293639e-02;1.357478e-01;7.480269e-02;2.935221e-02;7.235713e-02;2.574703e-02;6.819135e-02;1.361911e-01;9.317635e-02;2.764478e-02
1.624351e-01;1.032894e-01;9.248816e-02;7.417167e-02;7.815224e-02;4.002971e-02;6.322632e-02;7.834936e-02;7.282288e-02;9.917920e-02;8.661135e-02;4.924461e-02
7.333782e-02;8.085676e-02;1.457385e-01;8.892295e-02;7.632770e-02;6.579089e-02;6.914529e-02;1.138497e-01;1.181957e-01;7.888993e-02;3.841385e-02;5.053095e-02
5.421156e-02;8.220649e-02;1.723206e-01;9.045513e-02;7.529901e-02;5.695194e-02;7.897183e-02;1.074702e-01;1.183826e-01;7.670987e-02;3.659792e-02;5.042299e-02
7.932165e-02;7.709438e-02;1.817692e-01;8.701844e-02;6.379684e-02;5.291875e-02;9.180765e-02;9.910330e-02;8.924492e-02;8.557989e-02;3.910999e-02;5.323495e-02
1.104748e-01;7.001655e-02;9.891842e-02;7.105426e-02;5.436917e-02;6.996422e-02;1.180632e-01;1.020469e-01;8.788746e-02;9.762105e-02;6.060334e-02;5.898052e-02
6.911693e-02;5.722578e-02;8.971061e-02;5.300513e-02;4.848140e-02;5.972087e-02;1.728022e-01;1.116389e-01;1.102601e-01;8.409713e-02;5.055764e-02;9.338330e-02
4.031716e-02;4.596220e-02;9.769344e-02;3.835370e-02;4.327735e-02;5.339964e-02;2.237525e-01;1.211919e-01;9.608188e-02;6.927412e-02;4.626582e-02;1.244304e-01
5.270609e-02;5.232290e-02;9.495887e-02;2.069592e-02;4.509349e-02;5.872086e-02;2.392816e-01;1.104099e-01;8.097821e-02;5.623436e-02;6.092978e-02;1.276680e-01
5.281350e-02;6.258133e-02;9.602094e-02;4.151422e-02;5.073284e-02;6.800216e-02;2.129040e-01;1.185283e-01;6.132444e-02;6.998333e-02;7.892920e-02;8.666576e-02
7.148628e-02;6.990636e-02;6.948245e-02;6.097806e-02;5.845957e-02;5.647344e-02;2.836410e-01;1.080310e-01;5.462191e-02;5.877723e-02;5.473011e-02;5.341253e-02
7.442105e-02;6.781675e-02;1.145732e-01;3.908413e-02;5.460529e-02;4.067681e-02;3.136914e-01;1.218069e-01;4.721251e-02;4.014408e-02;4.857470e-02;3.739303e-02
7.221872e-02;7.246531e-02;1.962293e-01;1.658401e-02;3.845872e-02;1.998839e-02;3.102488e-01;1.521819e-01;3.029275e-02;2.685114e-02;3.648797e-02;2.799295e-02
3.341436e-02;5.835010e-02;2.730195e-01;9.096822e-03;2.326970e-02;1.288218e-02;2.785892e-01;1.893068e-01;3.048618e-02;3.328788e-02;2.107538e-02;3.722180e-02
1.299735e-02;3.797684e-02;3.155032e-01;1.334830e-02;1.142172e-02;1.666312e-02;2.339694e-01;2.166491e-01;3.736943e-02;4.466321e-02;9.012049e-03;5.042625e-02
1.062236e-02;3.426496e-02;3.122194e-01;1.960699e-02;6.447891e-03;2.810175e-02;2.054321e-01;2.201428e-01;4.923647e-02;4.713966e-02;8.006381e-03;5.877918e-02
9.638471e-03;3.914670e-02;3.027736e-01;3.268509e-02;7.155612e-03;4.630166e-02;1.741420e-01;2.060193e-01;6.334081e-02;4.179844e-02;8.567146e-03;6.843116e-02
1.820816e-02;6.057178e-02;2.846263e-01;5.175377e-02;1.676091e-02;5.681080e-02;1.541266e-01;1.516030e-01;9.390725e-02;4.138225e-02;8.601123e-03;6.164799e-02
3.538815e-02;6.357203e-02;2.299709e-01;8.935744e-02;2.372316e-02;4.352004e-02;1.520905e-01;8.526155e-02;1.586366e-01;6.561762e-02;1.920033e-02;3.366166e-02
5.694344e-02;3.712185e-02;1.495678e-01;1.161576e-01;2.428478e-02;2.237021e-02;1.137220e-01;8.557326e-02;2.408888e-01;1.054427e-01;3.175924e-02;1.616823e-02
7.452663e-02;2.282328e-02;1.018811e-01;1.174135e-01;3.944127e-02;1.194630e-02;8.914166e-02;9.333377e-02;2.518252e-01;1.433896e-01;4.114994e-02;1.312774e-02
6.001255e-02;2.730806e-02;9.087984e-02;1.066208e-01;7.544175e-02;1.606629e-02;8.212869e-02;7.118997e-02;1.910097e-01;2.103769e-01;4.969671e-02;1.926875e-02
2.730670e-02;7.154574e-02;4.655058e-02;7.626395e-02;1.114534e-01;2.464739e-02;3.891650e-02;8.276012e-02;1.080975e-01;3.015451e-01;8.472045e-02;2.619257e-02
1.818084e-02;8.708274e-02;3.139398e-02;5.757251e-02;1.033371e-01;3.545078e-02;2.817364e-02;1.096311e-01;5.547937e-02;3.066463e-01;1.373940e-01;2.965766e-02
3.670117e-02;5.349228e-02;4.760121e-02;3.633238e-02;7.866442e-02;6.444217e-02;3.502022e-02;7.946596e-02;6.270218e-02;2.468204e-01;2.189978e-01;3.975977e-02
8.913064e-02;2.899915e-02;6.105203e-02;3.610381e-02;5.629667e-02;6.892986e-02;4.892021e-02;4.237410e-02;8.434207e-02;1.698704e-01;2.309590e-01;8.302204e-02
1.895518e-01;3.389230e-02;5.257737e-02;3.672760e-02;3.265198e-02;4.954739e-02;7.016275e-02;5.370696e-02;8.282150e-02;1.302556e-01;1.480464e-01;1.200583e-01
3.076946e-01;4.864513e-02;4.520955e-02;4.211173e-02;2.556721e-02;4.452639e-02;9.735156e-02;8.203939e-02;7.457101e-02;7.766917e-02;4.746057e-02;1.071537e-01
3.837536e-01;1.023394e-01;8.299612e-02;2.966497e-02;3.326537e-02;2.261864e-02;5.683129e-02;1.086713e-01;5.930393e-02;4.682617e-02;2.898631e-02;4.474292e-02
3.314933e-01;1.675333e-01;1.395944e-01;1.791260e-02;3.097967e-02;8.131777e-03;2.499482e-02;8.810836e-02;4.896698e-02;7.357771e-02;3.743240e-02;3.127468e-02
2.156836e-01;2.147890e-01;2.191385e-01;2.585016e-02;2.082500e-02;1.282675e-02;3.042251e-02;4.061417e-02;7.740154e-02;1.003918e-01;2.630303e-02;1.575387e-02
1.709277e-01;2.190312e-01;2.605377e-01;2.938644e-02;2.487546e-02;1.356306e-02;2.522253e-02;1.998967e-02;1.044043e-01;9.885969e-02;1.912277e-02;1.407953e-02
1.508305e-01;1.754318e-01;2.657543e-01;2.280883e-02;5.162417e-02;1.780071e-02;3.701396e-02;6.615601e-02;9.716081e-02;8.603971e-02;1.482102e-02;1.455821e-02
1.191078e-01;1.126223e-01;2.480368e-01;1.752665e-02;7.322341e-02;2.501934e-02;7.239332e-02;1.212400e-01;8.518844e-02;8.458740e-02;2.280528e-02;1.824916e-02
8.027761e-02;6.558121e-02;2.379685e-01;1.734058e-02;8.022381e-02;2.510146e-02;1.102057e-01;1.708815e-01;6.543929e-02;8.119759e-02;3.738834e-02;2.839440e-02
1.198562e-01;7.323620e-02;2.248612e-01;2.967555e-02;5.524386e-02;2.610664e-02;7.798316e-02;1.530519e-01;6.042872e-02;7.479250e-02;5.507240e-02;4.969167e-02
1.240825e-01;8.864485e-02;2.356331e-01;4.516017e-02;3.652649e-02;4.247843e-02;5.707334e-02;1.035570e-01;9.073422e-02;6.309915e-02;5.334710e-02;5.966365e-02
8.765084e-02;8.001403e-02;2.639660e-01;3.042077e-02;5.334481e-02;6.048158e-02;6.846654e-02;8.534786e-02;8.808921e-02;7.817010e-02;5.462956e-02;4.941874e-02
5.127694e-02;5.365557e-02;2.797770e-01;2.640129e-02;6.836648e-02;7.212699e-02;8.991221e-02;7.707544e-02;9.584372e-02;8.625879e-02;5.648332e-02;4.282221e-02
7.286023e-02;5.980403e-02;2.237344e-01;4.366765e-02;9.991983e-02;6.736790e-02;6.649591e-02;6.690275e-02;6.392111e-02;1.155827e-01;8.015781e-02;3.958569e-02
1.287499e-01;5.417435e-02;1.908202e-01;5.088358e-02;1.019322e-01;5.618658e-02;2.793320e-02;6.380893e-02;8.535624e-02;1.104016e-01;1.055555e-01;2.419783e-02
1.631430e-01;4.957169e-02;1.764549e-01;8.223372e-02;7.001835e-02;3.595764e-02;4.750423e-02;6.651282e-02;8.097045e-02;8.973476e-02;1.050976e-01;3.280086e-02
1.715886e-01;1.079755e-01;1.351048e-01;7.918462e-02;5.139381e-02;2.841365e-02;4.237543e-02;7.508141e-02;5.475281e-02;1.280472e-01;1.021078e-01;2.397437e-02
1.478600e-01;1.155691e-01;1.336877e-01;5.264156e-02;7.295006e-02;4.269626e-02;7.193971e-02;8.276082e-02;4.906967e-02;1.315243e-01;6.464214e-02;3.465864e-02
9.594346e-02;8.509630e-02;1.535584e-01;3.899578e-02;1.019379e-01;5.671689e-02;1.022846e-01;1.008812e-01;8.652669e-02;9.410298e-02;3.834353e-02;4.561228e-02
1.046314e-01;7.975641e-02;1.050716e-01;4.527579e-02;1.030195e-01;4.693980e-02;1.393339e-01;1.159976e-01;1.025029e-01;7.293544e-02;3.649396e-02;4.804167e-02
7.895821e-02;9.666435e-02;8.836006e-02;5.173838e-02;7.747743e-02;6.466260e-02;1.310398e-01;9.478732e-02;1.406522e-01;5.991178e-02;4.923446e-02;6.651344e-02
5.733720e-02;8.148810e-02;1.023758e-01;6.216807e-02;8.033712e-02;1.163702e-01;8.402946e-02;7.404466e-02;1.542805e-01;4.163708e-02;5.335038e-02;9.258149e-02
5.475917e-02;1.256000e-01;1.222942e-01;5.310606e-02;1.041208e-01;1.089289e-01;5.696011e-02;5.272876e-02;1.195443e-01;4.559206e-02;5.897433e-02;9.739120e-02
9.661108e-02;1.065574e-01;1.938548e-01;6.508072e-02;1.031962e-01;8.009841e-02;3.945792e-02;4.391143e-02;5.280382e-02;8.520323e-02;6.851920e-02;6.470576e-02
1.167120e-01;6.720202e-02;1.806854e-01;7.357667e-02;8.319622e-02;1.028231e-01;7.414231e-02;5.229269e-02;4.366194e-02;8.859214e-02;7.170907e-02;4.540641e-02
1.216063e-01;6.592762e-02;1.707298e-01;9.408250e-02;7.774262e-02;7.967958e-02;8.269463e-02;3.577812e-02;8.231047e-02;6.302478e-02;5.508204e-02;7.134151e-02
9.088088e-02;7.236182e-02;1.514377e-01;1.076407e-01;6.142796e-02;7.744470e-02;1.045654e-01;3.228083e-02;1.103459e-01;7.415929e-02;5.264187e-02;6.481293e-02
1.093549e-01;1.105773e-01;1.381303e-01;9.052034e-02;5.090087e-02;6.684063e-02;1.057921e-01;4.656649e-02;9.581216e-02;6.675036e-02;4.932008e-02;6.943451e-02
1.126472e-01;1.077779e-01;1.154179e-01;7.368238e-02;5.744269e-02;9.703140e-02;1.097885e-01;6.468562e-02;7.077333e-02;6.795324e-02;4.431111e-02;7.848878e-02
6.530350e-02;9.238656e-02;1.273817e-01;9.629872e-02;6.391962e-02;6.661914e-02;7.939069e-02;5.817797e-02;1.218060e-01;1.187611e-01;3.830134e-02;7.165363e-02
7.812700e-02;9.562741e-02;1.221398e-01;1.049996e-01;6.157392e-02;5.574384e-02;8.386687e-02;7.724618e-02;1.402890e-01;9.835180e-02;3.846699e-02;4.356754e-02
9.106044e-02;9.299009e-02;9.495889e-02;9.151892e-02;5.164993e-02;6.756336e-02;1.002642e-01;7.965107e-02;1.347537e-01;8.465417e-02;5.537030e-02;5.556494e-02
1.010606e-01;8.209033e-02;9.563152e-02;5.462329e-02;7.226954e-02;6.559649e-02;8.871716e-02;8.341251e-02;1.296005e-01;1.113222e-01;7.046986e-02;4.520600e-02
9.432217e-02;6.533419e-02;7.632532e-02;4.332963e-02;8.632618e-02;5.621907e-02;9.140932e-02;1.158260e-01;1.312056e-01;1.364630e-01;5.767220e-02;4.556729e-02
9.432010e-02;7.834841e-02;5.490598e-02;3.425764e-02;7.036468e-02;5.961764e-02;1.192790e-01;1.387945e-01;1.194826e-01;1.241007e-01;4.653188e-02;5.999697e-02
7.595480e-02;1.000057e-01;9.191461e-02;5.236362e-02;4.671539e-02;7.113948e-02;9.248532e-02;1.011591e-01;1.566189e-01;8.860736e-02;4.907059e-02;7.396516e-02
6.103500e-02;1.093346e-01;9.386554e-02;7.417941e-02;7.386170e-02;6.264382e-02;8.746437e-02;5.371754e-02;1.824799e-01;8.200379e-02;5.303219e-02;6.638226e-02
5.937212e-02;1.171001e-01;8.354351e-02;7.441014e-02;8.418858e-02;5.980339e-02;9.966699e-02;1.011602e-01;1.679471e-01;6.009268e-02;5.951216e-02;3.320303e-02
1.035441e-01;7.268637e-02;5.964073e-02;9.489188e-02;7.589211e-02;7.050303e-02;1.193593e-01;1.523108e-01;1.292663e-01;4.195451e-02;5.091962e-02;2.903137e-02
1.138742e-01;5.588673e-02;6.815735e-02;8.062903e-02;7.660867e-02;1.235761e-01;1.128418e-01;1.786240e-01;5.490419e-02;5.836112e-02;3.346883e-02;4.306797e-02
8.120002e-02;8.463273e-02;8.717390e-02;6.137675e-02;9.495846e-02;1.329443e-01;1.060694e-01;1.822827e-01;3.373747e-02;7.116726e-02;1.825381e-02;4.620316e-02
5.892450e-02;1.058988e-01;1.130264e-01;5.698181e-02;1.189139e-01;1.206031e-01;9.986005e-02;1.305149e-01;6.703261e-02;5.701874e-02;2.114142e-02;5.008369e-02
7.231751e-02;1.131297e-01;1.446777e-01;6.143311e-02;7.894824e-02;1.123775e-01;9.047550e-02;5.898011e-02;8.533993e-02;8.259220e-02;4.808509e-02;5.164331e-02
8.815145e-02;1.051529e-01;1.476993e-01;7.193054e-02;6.054414e-02;7.653470e-02;9.487383e-02;4.098334e-02;6.695115e-02;1.038449e-01;8.226088e-02;6.107284e-02
6.442806e-02;6.339918e-02;1.591387e-01;6.992988e-02;8.408055e-02;5.399152e-02;1.688720e-01;7.713548e-02;6.888998e-02;7.932244e-02;6.044959e-02;5.036265e-02
7.087913e-02;7.860234e-02;1.657162e-01;6.379339e-02;9.037791e-02;4.840839e-02;2.013438e-01;4.784316e-02;5.191105e-02;9.881031e-02;4.335390e-02;3.896051e-02
8.651189e-02;7.352970e-02;1.780714e-01;6.377839e-02;1.101539e-01;6.077657e-02;1.464733e-01;3.474972e-02;3.783641e-02;1.099002e-01;4.888848e-02;4.933002e-02
8.411295e-02;6.858182e-02;2.073705e-01;6.659909e-02;1.274949e-01;5.650550e-02;9.736650e-02;2.143237e-02;4.019116e-02;1.188799e-01;5.183176e-02;5.963353e-02
7.766911e-02;7.240228e-02;2.100752e-01;7.061028e-02;1.574956e-01;4.908910e-02;5.556682e-02;2.925071e-02;3.591185e-02;1.340094e-01;3.739783e-02;7.052174e-02
8.468340e-02;7.153913e-02;1.835490e-01;6.521611e-02;1.714016e-01;5.505281e-02;4.567466e-02;3.669175e-02;3.323695e-02;1.434162e-01;3.611265e-02;7.342573e-02
8.522420e-02;6.379194e-02;1.631884e-01;7.032539e-02;1.777459e-01;5.517056e-02;5.026453e-02;2.162379e-02;5.027065e-02;1.435635e-01;2.906854e-02;8.976260e-02
6.936536e-02;5.058493e-02;1.420989e-01;7.317514e-02;2.008040e-01;6.500837e-02;4.903193e-02;1.920955e-02;8.112764e-02;1.186337e-01;2.747678e-02;1.034836e-01
5.134225e-02;3.053394e-02;1.405840e-01;7.622633e-02;2.131913e-01;6.439824e-02;5.452468e-02;2.527839e-02;1.004927e-01;8.783721e-02;3.422108e-02;1.213699e-01
4.248720e-02;2.282164e-02;1.096369e-01;8.205009e-02;2.244503e-01;5.797593e-02;8.293913e-02;3.074002e-02;1.249342e-01;5.506022e-02;4.057056e-02;1.263339e-01
4.876164e-02;3.936803e-02;1.390468e-01;6.952941e-02;2.164627e-01;7.289942e-02;9.994096e-02;2.390515e-02;1.344479e-01;3.604602e-02;2.638441e-02;9.320764e-02
1.148808e-01;8.004459e-02;1.178793e-01;4.848980e-02;1.585629e-01;9.832528e-02;1.301300e-01;3.602748e-02;9.830931e-02;4.701895e-02;2.674055e-02;4.359110e-02
9.580608e-02;1.268788e-01;7.191998e-02;5.323632e-02;9.883920e-02;6.903349e-02;2.226100e-01;6.318139e-02;5.052745e-02;6.952941e-02;4.480937e-02;3.362858e-02
4.369567e-02;1.351326e-01;1.583498e-01;4.794306e-02;8.071926e-02;4.571598e-02;2.012207e-01;8.053119e-02;6.380556e-02;7.076503e-02;5.311340e-02;1.900784e-02
3.251908e-02;1.069230e-01;2.179205e-01;6.366269e-02;8.296207e-02;5.860471e-02;1.153015e-01;6.854692e-02;8.502790e-02;9.347668e-02;5.535468e-02;1.970024e-02
3.633999e-02;7.424697e-02;2.082992e-01;7.082649e-02;7.674354e-02;8.668417e-02;6.769916e-02;5.102989e-02;8.768896e-02;1.245787e-01;8.809708e-02;2.776582e-02
3.220410e-02;4.522750e-02;1.457950e-01;5.831676e-02;6.036719e-02;1.060741e-01;9.317217e-02;5.744213e-02;7.674187e-02;1.301359e-01;1.371832e-01;5.734018e-02
8.767872e-02;2.317519e-02;7.321162e-02;5.875006e-02;4.084746e-02;7.657649e-02;1.493150e-01;8.367348e-02;5.521761e-02;1.042337e-01;1.274857e-01;1.198350e-01
1.775609e-01;3.605860e-02;9.666663e-02;5.274971e-02;2.104034e-02;4.521777e-02;1.614001e-01;9.295560e-02;4.402426e-02;9.729815e-02;5.720378e-02;1.178241e-01
2.603891e-01;5.173048e-02;1.278916e-01;3.641187e-02;3.352864e-02;3.574978e-02;9.437926e-02;1.363883e-01;5.271776e-02;6.287018e-02;3.206916e-02;7.587402e-02
2.948440e-01;8.256407e-02;1.566170e-01;2.142049e-02;7.366656e-02;2.338342e-02;4.878967e-02;1.749961e-01;4.079609e-02;2.153929e-02;2.397731e-02;3.740603e-02
2.633871e-01;1.266183e-01;2.068123e-01;1.527584e-02;8.381870e-02;1.431424e-02;2.585645e-02;1.461693e-01;4.358688e-02;1.988968e-02;2.808785e-02;2.618331e-02
1.928241e-01;1.705154e-01;3.107317e-01;1.800053e-02;5.094982e-02;1.527779e-02;2.036067e-02;7.821901e-02;8.161332e-02;2.448137e-02;2.310250e-02;1.392383e-02
1.454186e-01;1.846532e-01;3.731204e-01;2.482501e-02;1.809209e-02;2.587220e-02;1.201336e-02;2.240638e-02;1.358297e-01;2.612788e-02;1.879708e-02;1.284412e-02
1.079978e-01;1.616614e-01;3.939790e-01;2.894598e-02;1.614216e-02;4.755145e-02;8.573967e-03;2.823368e-02;1.674669e-01;1.941426e-02;8.570259e-03;1.146311e-02
7.345347e-02;1.239103e-01;4.271960e-01;3.056062e-02;1.997397e-02;5.932219e-02;1.807668e-02;1.568585e-02;1.846950e-01;2.591047e-02;1.143347e-02;9.781966e-03
5.503023e-02;8.567149e-02;4.310543e-01;3.224630e-02;3.876136e-02;5.378977e-02;2.113527e-02;5.367282e-02;1.697919e-01;2.668507e-02;1.929727e-02;1.286423e-02
3.410687e-02;6.844031e-02;4.198271e-01;3.545092e-02;4.484716e-02;4.262761e-02;4.074956e-02;8.502816e-02;1.459587e-01;3.227456e-02;3.311720e-02;1.757187e-02
5.278784e-02;5.640627e-02;3.966441e-01;4.344926e-02;4.970615e-02;4.770238e-02;6.279110e-02;8.151297e-02;1.131831e-01;4.440314e-02;3.221983e-02;1.919380e-02
5.596991e-02;5.536024e-02;3.222538e-01;5.438357e-02;6.069815e-02;5.071078e-02;9.577105e-02;1.073957e-01;9.915099e-02;4.635016e-02;2.579106e-02;2.616466e-02
3.011300e-02;4.130371e-02;2.229761e-01;5.966852e-02;9.930576e-02;8.140039e-02;1.178241e-01;1.518602e-01;8.039141e-02;5.791888e-02;3.357545e-02;2.366246e-02
3.840378e-02;3.551518e-02;2.168496e-01;4.735894e-02;7.370751e-02;5.726944e-02;1.037633e-01;1.276899e-01;1.418188e-01;9.876306e-02;3.053043e-02;2.833007e-02
4.197742e-02;5.089181e-02;1.111326e-01;3.268769e-02;3.254560e-02;3.553458e-02;7.778739e-02;8.914564e-02;2.122508e-01;2.439787e-01;3.270026e-02;3.936748e-02
2.666223e-02;4.956717e-02;9.421510e-02;3.020918e-02;3.306185e-02;4.148972e-02;6.325558e-02;1.096870e-01;2.038292e-01;2.850082e-01;3.159418e-02;3.142053e-02
3.988832e-02;3.732463e-02;1.104754e-01;4.396539e-02;4.120387e-02;6.158333e-02;5.571781e-02;1.680418e-01;1.584811e-01;2.399790e-01;2.703138e-02;1.630798e-02
6.459895e-02;7.749132e-02;1.767412e-01;6.919961e-02;3.873745e-02;5.274447e-02;9.306458e-02;1.282896e-01;1.077255e-01;1.538595e-01;2.330919e-02;1.423859e-02
6.050028e-02;5.806230e-02;2.922688e-01;6.219707e-02;6.072608e-02;5.000956e-02;1.516522e-01;8.043032e-02;6.341209e-02;6.429614e-02;3.356234e-02;2.288276e-02
5.789937e-02;7.722945e-02;3.623449e-01;5.169112e-02;6.373852e-02;3.980909e-02;1.528999e-01;4.794795e-02;3.199621e-02;5.495951e-02;3.117842e-02;2.830559e-02
4.324345e-02;1.443555e-01;3.815948e-01;3.843338e-02;3.999734e-02;3.800837e-02;8.891532e-02;6.051716e-02;7.192575e-02;4.050269e-02;1.695217e-02;3.555407e-02
7.489537e-02;2.171209e-01;2.961909e-01;2.301221e-02;2.092710e-02;4.305981e-02;3.048912e-02;6.806776e-02;1.456540e-01;2.754491e-02;1.187756e-02;4.116041e-02
1.871671e-01;2.034585e-01;1.642236e-01;1.691492e-02;3.313415e-02;3.763134e-02;3.544999e-02;6.540865e-02;1.526307e-01;3.095436e-02;3.042623e-02;4.260042e-02
2.809813e-01;1.486438e-01;9.958714e-02;1.905139e-02;4.099964e-02;2.226794e-02;5.692719e-02;8.128774e-02;1.189972e-01;3.243060e-02;4.271353e-02;5.611242e-02
2.636333e-01;9.048479e-02;1.131529e-01;2.066234e-02;3.549227e-02;3.452113e-02;7.855232e-02;7.216541e-02;1.148870e-01;5.016452e-02;5.256137e-02;7.372264e-02
1.831682e-01;6.772988e-02;1.123801e-01;2.483951e-02;3.531358e-02;6.863291e-02;9.514443e-02;5.818564e-02;1.316707e-01;8.122674e-02;6.308517e-02;7.862309e-02
1.540053e-01;1.085272e-01;6.272384e-02;5.869093e-02;6.297880e-02;9.143106e-02;6.748264e-02;5.312303e-02;1.416358e-01;7.986479e-02;4.881762e-02;7.071900e-02
1.547591e-01;1.173952e-01;1.066885e-01;7.885052e-02;7.237747e-02;6.934941e-02;3.843383e-02;5.330687e-02;1.063600e-01;7.433891e-02;5.745947e-02;7.068065e-02
2.036446e-01;5.712707e-02;1.251011e-01;9.853885e-02;5.507958e-02;4.860208e-02;4.310799e-02;5.536922e-02;9.198096e-02;8.268859e-02;7.545805e-02;6.330194e-02
1.612244e-01;6.135285e-02;1.128733e-01;1.418581e-01;5.104382e-02;4.127031e-02;8.003212e-02;5.840616e-02;7.136387e-02;9.744426e-02;7.025920e-02;5.287155e-02
1.121259e-01;1.232880e-01;9.954540e-02;1.480704e-01;4.887353e-02;5.835607e-02;9.329893e-02;6.794327e-02;6.192748e-02;6.996191e-02;6.134045e-02;5.526864e-02
7.878688e-02;1.565818e-01;9.273175e-02;1.232918e-01;5.339964e-02;9.228394e-02;8.550391e-02;6.377822e-02;6.784330e-02;6.607834e-02;4.787384e-02;7.184657e-02
1.083263e-01;1.596073e-01;5.908209e-02;8.610936e-02;7.472868e-02;1.053234e-01;5.405065e-02;6.221129e-02;1.010110e-01;6.649515e-02;4.598309e-02;7.707161e-02
1.365499e-01;1.458557e-01;7.415925e-02;5.649986e-02;8.717266e-02;9.205622e-02;4.900133e-02;9.013799e-02;1.111100e-01;4.127115e-02;5.854403e-02;5.764192e-02
1.039005e-01;1.231140e-01;1.151887e-01;5.189547e-02;5.970514e-02;6.915493e-02;3.925707e-02;9.957708e-02;1.238286e-01;6.860006e-02;7.490437e-02;7.087408e-02
9.319756e-02;8.188947e-02;1.110773e-01;1.023259e-01;4.717137e-02;6.890935e-02;6.623071e-02;1.067234e-01;1.087476e-01;8.852541e-02;5.284683e-02;7.235497e-02
9.183852e-02;5.027165e-02;1.063015e-01;8.532520e-02;4.125159e-02;1.125900e-01;1.290917e-01;8.876696e-02;9.916326e-02;7.722429e-02;5.481277e-02;6.336261e-02
9.225665e-02;6.724506e-02;9.205914e-02;5.825426e-02;2.803860e-02;1.023381e-01;1.295690e-01;9.113879e-02;1.097677e-01;6.115939e-02;9.020925e-02;7.796410e-02
1.074124e-01;1.035826e-01;7.313753e-02;5.885692e-02;5.374372e-02;7.821588e-02;8.657978e-02;6.927346e-02;8.504020e-02;7.781527e-02;7.930622e-02;1.270360e-01
7.905799e-02;1.082340e-01;9.772319e-02;5.638735e-02;7.240346e-02;9.266352e-02;9.289093e-02;9.657095e-02;5.228466e-02;8.386333e-02;5.949044e-02;1.084302e-01
