7.686055e-02;8.207113e-02;7.988915e-02;8.004338e-02;7.085180e-02;6.410461e-02;1.612898e-01;9.223497e-02;1.003890e-01;7.548815e-02;7.065187e-02;4.612558e-02
4.489310e-02;8.252367e-02;1.366702e-01;8.977643e-02;8.161914e-02;5.811774e-02;1.560883e-01;7.862920e-02;7.227158e-02;8.749147e-02;5.530466e-02;5.661451e-02
5.503598e-02;7.832644e-02;1.876306e-01;7.063447e-02;8.405145e-02;7.090922e-02;1.545931e-01;4.896278e-02;6.513632e-02;9.521486e-02;3.895691e-02;5.054792e-02
3.855107e-02;7.533734e-02;1.886520e-01;5.078174e-02;7.517294e-02;7.213906e-02;1.709718e-01;4.498336e-02;1.221847e-01;6.635673e-02;4.604439e-02;4.882491e-02
4.442200e-02;6.972916e-02;2.083649e-01;5.304366e-02;8.222684e-02;6.045215e-02;1.212987e-01;5.264322e-02;1.359356e-01;5.632243e-02;5.643912e-02;5.912229e-02
6.259280e-02;6.426294e-02;2.169404e-01;5.774142e-02;8.731057e-02;6.853227e-02;9.555801e-02;5.706936e-02;1.062503e-01;5.879321e-02;6.574713e-02;5.920166e-02
8.716415e-02;7.964937e-02;1.812587e-01;5.901469e-02;8.167870e-02;8.318744e-02;4.498075e-02;5.750383e-02;1.032974e-01;6.018395e-02;8.951771e-02;7.256342e-02
7.956338e-02;8.610840e-02;1.269267e-01;5.707807e-02;6.843308e-02;7.725961e-02;1.077494e-01;6.700744e-02;1.055337e-01;6.456614e-02;9.036195e-02;6.941217e-02
6.400410e-02;8.794625e-02;1.170416e-01;6.308671e-02;6.236755e-02;7.871185e-02;1.353788e-01;6.826142e-02;1.047049e-01;6.871571e-02;9.282768e-02;5.695346e-02
8.611405e-02;7.975957e-02;1.335796e-01;5.302342e-02;7.960583e-02;9.755671e-02;1.317027e-01;5.451697e-02;5.573670e-02;7.942349e-02;1.145015e-01;3.447949e-02
6.597437e-02;5.728102e-02;5.582464e-02;5.275333e-02;6.441174e-02;4.594003e-02;1.292166e-01;1.142251e-01;1.648573e-01;6.636960e-02;9.250870e-02;9.063753e-02
5.413247e-02;5.546621e-02;6.009250e-02;6.213172e-02;6.455489e-02;5.592611e-02;1.144546e-01;1.016457e-01;2.010849e-01;4.312042e-02;8.816864e-02;9.922180e-02
3.780150e-02;5.527834e-02;6.153777e-02;6.356356e-02;5.119958e-02;7.531378e-02;9.602707e-02;9.253575e-02;2.371981e-01;3.806998e-02;8.327219e-02;1.082024e-01
3.380251e-02;6.087168e-02;6.624527e-02;4.623765e-02;2.390790e-02;9.693525e-02;1.033304e-01;1.119298e-01;2.327317e-01;5.260026e-02;6.185801e-02;1.095496e-01
4.445712e-02;5.211234e-02;1.120925e-01;2.127219e-02;4.343267e-02;9.952129e-02;1.580865e-01;8.622351e-02;1.554375e-01;9.641892e-02;4.185025e-02;8.909528e-02
7.192802e-02;3.760169e-02;1.538635e-01;2.870183e-02;5.433519e-02;1.118198e-01;2.148645e-01;3.362983e-02;8.972131e-02;1.091756e-01;4.063801e-02;5.372063e-02
9.628262e-02;6.296995e-02;1.287013e-01;2.547521e-02;4.395016e-02;1.295146e-01;2.003065e-01;4.717116e-02;8.640718e-02;8.941469e-02;3.726507e-02;5.254157e-02
8.124109e-02;6.410190e-02;1.012134e-01;3.057450e-02;4.031921e-02;9.540734e-02;1.566734e-01;7.803686e-02;7.466996e-02;1.189964e-01;8.518954e-02;7.357641e-02
7.616498e-02;6.594721e-02;7.610979e-02;4.325804e-02;4.816299e-02;8.091636e-02;1.621920e-01;8.935679e-02;5.002161e-02;1.275603e-01;1.216773e-01;5.863261e-02
6.228326e-02;3.571310e-02;7.146286e-02;6.151435e-02;6.156535e-02;9.435132e-02;1.556372e-01;7.396921e-02;1.056227e-01;9.541300e-02;1.062167e-01;7.625093e-02
4.957741e-02;3.521930e-02;8.044018e-02;4.486051e-02;6.664948e-02;9.801832e-02;2.011608e-01;6.751042e-02;1.270268e-01;5.906780e-02;8.943082e-02;8.103823e-02
4.814713e-02;5.286201e-02;1.078834e-01;5.390417e-02;4.705427e-02;9.774750e-02;2.032637e-01;1.038281e-01;1.008398e-01;2.733394e-02;9.084272e-02;6.629324e-02
3.842854e-02;5.044979e-02;7.462607e-02;5.722252e-02;4.139278e-02;8.048187e-02;1.437453e-01;1.546909e-01;1.413910e-01;4.854940e-02;6.633574e-02;1.026861e-01
8.149453e-02;4.374546e-02;7.329955e-02;3.887672e-02;6.968972e-02;4.957240e-02;1.205877e-01;1.387076e-01;1.274621e-01;6.923438e-02;1.179762e-01;6.935361e-02
8.918470e-02;5.888717e-02;8.169650e-02;4.406608e-02;7.600054e-02;4.592605e-02;1.312352e-01;1.215352e-01;1.048163e-01;8.076569e-02;1.070421e-01;5.884454e-02
7.303675e-02;7.196867e-02;8.764983e-02;3.965909e-02;7.446727e-02;5.369954e-02;1.389018e-01;1.003260e-01;1.163630e-01;1.004442e-01;8.853168e-02;5.495214e-02
6.245890e-02;7.575153e-02;8.137114e-02;1.892037e-02;7.607053e-02;4.632862e-02;1.321898e-01;9.529857e-02;1.188125e-01;1.080859e-01;1.038309e-01;8.088120e-02
7.323696e-02;5.702317e-02;9.666524e-02;2.577116e-02;4.714590e-02;3.782058e-02;1.051672e-01;9.552634e-02;1.220300e-01;8.168539e-02;1.456974e-01;1.122306e-01
4.004246e-02;9.280300e-02;9.550199e-02;2.336130e-02;3.924910e-02;2.586884e-02;2.560240e-01;1.058922e-01;1.191366e-01;4.861068e-02;1.035982e-01;4.991158e-02
2.808126e-02;1.031589e-01;5.845208e-02;1.129939e-02;4.877559e-02;3.107100e-02;3.091279e-01;1.090071e-01;1.032017e-01;4.730517e-02;1.313290e-01;1.919100e-02
2.199838e-02;1.026935e-01;3.797426e-02;7.440633e-03;5.706110e-02;3.506848e-02;3.502443e-01;9.634005e-02;1.070917e-01;3.225314e-02;1.455576e-01;6.276940e-03
1.606435e-02;1.112713e-01;3.801933e-02;8.583343e-03;6.526423e-02;1.977989e-02;3.583981e-01;9.499138e-02;9.880845e-02;2.232416e-02;1.579647e-01;8.530697e-03
2.243480e-02;1.260695e-01;5.012862e-02;1.383347e-02;7.524324e-02;1.510607e-02;3.529321e-01;9.518953e-02;6.889112e-02;1.268798e-02;1.626345e-01;4.849099e-03
2.094094e-02;1.208298e-01;5.812055e-02;1.306957e-02;9.071252e-02;1.211136e-02;3.582277e-01;1.004988e-01;2.944560e-02;1.065175e-02;1.690868e-01;1.630449e-02
1.912115e-02;9.237949e-02;6.103559e-02;1.185467e-02;9.828515e-02;1.204552e-02;3.525699e-01;1.352709e-01;2.290240e-02;1.387725e-02;1.589353e-01;2.172265e-02
1.651286e-02;8.294298e-02;4.991285e-02;9.664195e-03;9.974071e-02;2.117535e-02;3.872491e-01;1.231638e-01;3.240683e-02;1.519093e-02;1.496100e-01;1.243048e-02
1.983176e-02;9.212942e-02;4.440240e-02;9.691448e-03;9.558129e-02;2.965082e-02;4.302464e-01;9.844253e-02;3.020819e-02;1.335085e-02;1.273118e-01;9.153136e-03
4.240567e-02;1.089514e-01;4.239928e-02;6.858597e-03;8.593971e-02;4.846835e-02;4.420750e-01;7.598575e-02;2.926308e-02;9.214816e-03;9.474713e-02;1.369127e-02
8.216298e-02;1.141237e-01;4.375491e-02;1.802724e-02;7.182223e-02;8.385820e-02;3.992594e-01;6.261401e-02;3.223931e-02;1.572817e-02;6.048812e-02;1.592170e-02
1.326517e-01;9.389222e-02;5.974011e-02;3.617177e-02;7.382818e-02;1.408341e-01;3.028005e-01;6.291919e-02;2.035704e-02;3.810981e-02;1.926066e-02;1.943489e-02
1.549885e-01;4.283850e-02;7.420798e-02;3.994101e-02;1.031170e-01;1.691528e-01;1.894141e-01;6.251694e-02;4.429213e-02;5.248578e-02;4.086326e-02;2.618207e-02
1.397627e-01;4.310285e-02;8.462431e-02;1.545294e-02;1.078852e-01;1.332364e-01;2.244378e-01;4.422551e-02;5.941480e-02;3.699750e-02;6.572667e-02;4.513336e-02
1.007718e-01;5.245604e-02;8.739524e-02;2.009342e-02;1.224594e-01;9.436572e-02;2.734732e-01;3.914588e-02;4.972435e-02;2.611515e-02;8.515178e-02;4.884809e-02
6.833242e-02;3.953137e-02;1.107227e-01;2.102372e-02;1.553075e-01;8.330923e-02;2.757613e-01;3.115662e-02;4.934844e-02;2.389905e-02;9.925580e-02;4.235182e-02
1.556924e-01;4.161835e-02;8.827642e-02;2.024998e-02;1.083771e-01;9.647875e-02;2.359350e-01;3.463499e-02;7.340001e-02;4.095786e-02;5.712262e-02;4.725650e-02
2.019776e-01;5.896655e-02;3.936141e-02;3.193327e-02;7.973295e-02;1.944702e-01;1.573873e-01;5.079502e-02;7.280026e-02;4.715900e-02;2.433548e-02;4.108099e-02
1.910136e-01;8.019710e-02;2.617077e-02;5.885069e-02;5.970271e-02;2.294977e-01;1.578697e-01;6.022924e-02;4.777839e-02;5.717114e-02;1.118133e-02;2.033764e-02
1.506751e-01;1.127619e-01;4.839959e-02;8.454568e-02;2.698976e-02;1.985440e-01;2.228468e-01;5.208633e-02;2.567389e-02;5.222124e-02;1.343644e-02;1.181916e-02
1.085491e-01;1.372983e-01;5.874735e-02;8.843214e-02;1.922595e-02;1.411098e-01;3.150060e-01;3.450978e-02;2.690346e-02;4.261313e-02;1.544172e-02;1.216326e-02
1.170358e-01;1.275226e-01;4.202192e-02;8.859502e-02;1.630658e-02;1.578572e-01;3.440199e-01;2.683260e-02;2.148346e-02;3.748348e-02;8.542294e-03;1.229897e-02
1.283264e-01;8.937744e-02;4.303986e-02;8.655781e-02;3.370681e-02;2.241085e-01;2.676334e-01;3.081970e-02;2.631141e-02;4.134751e-02;8.132949e-03;2.063820e-02
1.054841e-01;5.793155e-02;8.650985e-02;8.240651e-02;8.454313e-02;2.391310e-01;1.850006e-01;3.631316e-02;4.061680e-02;3.755037e-02;9.372856e-03;3.514013e-02
5.826296e-02;5.543610e-02;1.093978e-01;9.413479e-02;1.312168e-01;1.682938e-01;1.729151e-01;5.887838e-02;5.872643e-02;2.592955e-02;2.418420e-02;4.262400e-02
6.291047e-02;8.150022e-02;1.142400e-01;1.069537e-01;1.059977e-01;7.280739e-02;1.925907e-01;7.663707e-02;7.039569e-02;3.387982e-02;4.493107e-02;3.715615e-02
5.764655e-02;9.084943e-02;9.674568e-02;8.089109e-02;4.160274e-02;8.011971e-02;2.318287e-01;6.407068e-02;9.934373e-02;3.698697e-02;6.313451e-02;5.678014e-02
8.222536e-02;7.315986e-02;8.098710e-02;4.632401e-02;4.743442e-02;7.684058e-02;2.546159e-01;7.081044e-02;1.148733e-01;4.249103e-02;5.633510e-02;5.390298e-02
9.772292e-02;5.381803e-02;8.203452e-02;3.909866e-02;6.570565e-02;1.081457e-01;2.603452e-01;7.910292e-02;8.530723e-02;5.415583e-02;3.299631e-02;4.156704e-02
1.011792e-01;4.335929e-02;6.051967e-02;5.106299e-02;8.103291e-02;1.164450e-01;2.385935e-01;5.972280e-02;7.004355e-02;7.270817e-02;4.411419e-02;6.121873e-02
1.026688e-01;6.963632e-02;5.656033e-02;4.835653e-02;8.044134e-02;8.310773e-02;2.038328e-01;8.801068e-02;9.222273e-02;6.889364e-02;3.025172e-02;7.601739e-02
8.731668e-02;1.231298e-01;7.811020e-02;4.228084e-02;5.488530e-02;7.750888e-02;1.728758e-01;1.110685e-01;1.054968e-01;4.705827e-02;3.165956e-02;6.860945e-02
6.038343e-02;1.154044e-01;7.851733e-02;7.707529e-02;7.741314e-02;1.220709e-01;1.640183e-01;8.338259e-02;8.895698e-02;2.886232e-02;6.125647e-02;4.265876e-02
7.910760e-02;8.613639e-02;1.273924e-01;8.305316e-02;9.479678e-02;1.087779e-01;1.580960e-01;7.318716e-02;7.126945e-02;3.564614e-02;4.332627e-02;3.921067e-02
7.289463e-02;9.714931e-02;1.465532e-01;7.861412e-02;6.410800e-02;6.798788e-02;1.288809e-01;8.510412e-02;6.854495e-02;9.383614e-02;4.233072e-02;5.399600e-02
6.880679e-02;9.488606e-02;9.616070e-02;9.587402e-02;6.431091e-02;7.034384e-02;1.347491e-01;6.475861e-02;1.227000e-01;9.788200e-02;4.582449e-02;4.370343e-02
6.303207e-02;8.706839e-02;1.088367e-01;1.073366e-01;7.556626e-02;8.396430e-02;1.378307e-01;5.720168e-02;1.218214e-01;9.543160e-02;3.081854e-02;3.109168e-02
1.110677e-01;1.074241e-01;9.867600e-02;7.648484e-02;5.828895e-02;7.838014e-02;1.244372e-01;4.977384e-02;1.176483e-01;6.200683e-02;5.527582e-02;6.053616e-02
1.929594e-01;8.805414e-02;7.627594e-02;3.724815e-02;5.183602e-02;7.186635e-02;1.151196e-01;5.302305e-02;1.182508e-01;8.236418e-02;6.050747e-02;5.249494e-02
2.360518e-01;7.542721e-02;5.942646e-02;2.698458e-02;7.213400e-02;8.597111e-02;9.887858e-02;3.119229e-02;1.022249e-01;8.469339e-02;4.253152e-02;8.448419e-02
2.160799e-01;5.617559e-02;5.701639e-02;2.451380e-02;1.130423e-01;1.053632e-01;6.108350e-02;1.908092e-02;1.314898e-01;5.456698e-02;1.373691e-02;1.478507e-01
1.647058e-01;1.988067e-02;8.307452e-02;1.827213e-02;1.455987e-01;1.289971e-01;5.288678e-02;8.664976e-03;1.761197e-01;2.714903e-02;1.279585e-02;1.618547e-01
1.447506e-01;1.456083e-02;8.762516e-02;1.599453e-02;1.680084e-01;1.421467e-01;3.013895e-02;9.653141e-03;2.016663e-01;2.051841e-02;1.757040e-02;1.473664e-01
1.640588e-01;1.611080e-02;8.555454e-02;1.953473e-02;1.653673e-01;1.599333e-01;3.040736e-02;1.293090e-02;1.710537e-01;3.561189e-02;1.954149e-02;1.198952e-01
2.196999e-01;1.893995e-02;6.916817e-02;2.199329e-02;1.314026e-01;2.115162e-01;3.624044e-02;1.985066e-02;1.149556e-01;4.920902e-02;1.827013e-02;8.875415e-02
2.868385e-01;4.835214e-02;3.492651e-02;1.776335e-02;7.977774e-02;2.593307e-01;9.368119e-02;2.202528e-02;5.405567e-02;6.330623e-02;6.664251e-03;3.327835e-02
2.437702e-01;1.030685e-01;1.146799e-02;2.672017e-02;4.097881e-02;2.476020e-01;2.061470e-01;2.366566e-02;1.255427e-02;6.358866e-02;7.085389e-03;1.335141e-02
1.275429e-01;1.842423e-01;2.386594e-02;2.253360e-02;2.311396e-02;1.674344e-01;3.462856e-01;3.101190e-02;6.887266e-03;3.919642e-02;2.024556e-02;7.640194e-03
4.927768e-02;2.307931e-01;4.137050e-02;1.100146e-02;3.472014e-02;8.356801e-02;4.461074e-01;5.154463e-02;1.195456e-02;1.627734e-02;2.121015e-02;2.175029e-03
2.063044e-02;2.163380e-01;4.541488e-02;4.736857e-03;6.185045e-02;3.612190e-02;4.694344e-01;1.084374e-01;9.463076e-03;3.748770e-03;1.727993e-02;6.543854e-03
1.465347e-02;1.568804e-01;7.067361e-02;6.040135e-03;9.190810e-02;3.122775e-02;4.106555e-01;1.759476e-01;7.901790e-03;5.305029e-03;2.179685e-02;7.009717e-03
2.121102e-02;8.899065e-02;1.254557e-01;1.108291e-02;8.910049e-02;5.734608e-02;3.034297e-01;2.550709e-01;7.540752e-03;5.954396e-03;1.961803e-02;1.519948e-02
9.750622e-03;4.377780e-02;1.734195e-01;1.364908e-02;5.540425e-02;1.095494e-01;1.945401e-01;3.324394e-01;1.208196e-02;1.318513e-02;1.275705e-02;2.944568e-02
9.608672e-03;2.426921e-02;2.068717e-01;1.233331e-02;2.204045e-02;1.325472e-01;1.235817e-01;3.800733e-01;2.311803e-02;2.127052e-02;7.614944e-03;3.667097e-02
6.568852e-03;1.351850e-02;2.266347e-01;1.570424e-02;1.130697e-02;1.281371e-01;8.237270e-02;3.947403e-01;4.280870e-02;2.607471e-02;3.865432e-03;4.826780e-02
5.608470e-03;2.392148e-02;2.414506e-01;1.604700e-02;1.243978e-02;1.054076e-01;5.174433e-02;3.832868e-01;4.333994e-02;4.810463e-02;5.670961e-03;6.297839e-02
1.330937e-02;4.771334e-02;2.153426e-01;1.674553e-02;1.260686e-02;6.440064e-02;1.140232e-01;3.268942e-01;2.893633e-02;8.161785e-02;1.773712e-02;6.067293e-02
4.167280e-02;8.377162e-02;1.773578e-01;1.946307e-02;1.466992e-02;3.705424e-02;1.603398e-01;2.793048e-01;1.414507e-02;9.421653e-02;3.279073e-02;4.521365e-02
9.191746e-02;1.184650e-01;1.034172e-01;2.365046e-02;2.499620e-02;3.733376e-02;2.311566e-01;1.984804e-01;1.892917e-02;6.255357e-02;4.713192e-02;4.196826e-02
1.296187e-01;1.355313e-01;6.382286e-02;2.628171e-02;3.187745e-02;5.460220e-02;2.153565e-01;1.493570e-01;3.765527e-02;6.212847e-02;4.252834e-02;5.124022e-02
1.178278e-01;1.353564e-01;1.236795e-01;2.926794e-02;3.210228e-02;6.975182e-02;1.317925e-01;1.412759e-01;4.842427e-02;7.429993e-02;1.866541e-02;7.755616e-02
6.168133e-02;1.034627e-01;1.581568e-01;4.226252e-02;2.814308e-02;5.860360e-02;1.526243e-01;1.708892e-01;4.327073e-02;7.951682e-02;2.507323e-02;7.631573e-02
4.850696e-02;6.631024e-02;1.517633e-01;3.385472e-02;3.285957e-02;4.802904e-02;2.217739e-01;2.074638e-01;2.233283e-02;1.048814e-01;2.234075e-02;3.988351e-02
3.771706e-02;8.055537e-02;1.330601e-01;2.149307e-02;4.367800e-02;6.410561e-02;2.406049e-01;1.970307e-01;3.294933e-02;8.118245e-02;2.317932e-02;4.444401e-02
5.590488e-02;9.004919e-02;1.273828e-01;1.745930e-02;6.108962e-02;7.361180e-02;2.090534e-01;1.780040e-01;3.629356e-02;7.922532e-02;2.408169e-02;4.784443e-02
6.026107e-02;5.552877e-02;9.992364e-02;2.497628e-02;7.371661e-02;8.507860e-02;1.903425e-01;2.145791e-01;6.402594e-02;8.386833e-02;1.516997e-02;3.252922e-02
5.877682e-02;8.172584e-02;1.000610e-01;2.238228e-02;5.510749e-02;6.384103e-02;1.441007e-01;2.526385e-01;7.239345e-02;8.809760e-02;2.090013e-02;3.997517e-02
4.934759e-02;1.222973e-01;1.203887e-01;3.144460e-02;3.407741e-02;4.086930e-02;1.207423e-01;2.119588e-01;9.157979e-02;9.251509e-02;3.213895e-02;5.264012e-02
6.364904e-02;1.301642e-01;1.281246e-01;5.683580e-02;2.533882e-02;5.584697e-02;7.334238e-02;1.993596e-01;1.071163e-01;6.693202e-02;3.144673e-02;6.184349e-02
5.211117e-02;1.066900e-01;7.469475e-02;6.547481e-02;2.272719e-02;5.938325e-02;1.475129e-01;1.948432e-01;1.056322e-01;7.495185e-02;3.737680e-02;5.860192e-02
4.040293e-02;8.992830e-02;6.516703e-02;5.089896e-02;2.631653e-02;6.239919e-02;2.237372e-01;1.785110e-01;8.764640e-02;7.852955e-02;3.382741e-02;6.263545e-02
3.352979e-02;8.136567e-02;7.100262e-02;2.923346e-02;1.883621e-02;7.252572e-02;2.067102e-01;2.259652e-01;1.081086e-01;7.219222e-02;1.863742e-02;6.189296e-02
7.451095e-02;1.111578e-01;7.319964e-02;3.187826e-02;1.565002e-02;6.113396e-02;1.534382e-01;2.325413e-01;1.217352e-01;6.558025e-02;2.210066e-02;3.707389e-02
9.355537e-02;9.527716e-02;8.459851e-02;3.250707e-02;2.086137e-02;5.759258e-02;1.956554e-01;1.701587e-01;1.023075e-01;7.437167e-02;4.257311e-02;3.054155e-02
7.820532e-02;7.895973e-02;1.042213e-01;2.789256e-02;4.248347e-02;5.549245e-02;1.689673e-01;2.048887e-01;1.191247e-01;5.239935e-02;2.594974e-02;4.141545e-02
5.916673e-02;8.095748e-02;1.684009e-01;3.021237e-02;6.805255e-02;5.780992e-02;1.637263e-01;1.625132e-01;9.337024e-02;3.553207e-02;3.132680e-02;4.893140e-02
8.955510e-02;5.900558e-02;2.599542e-01;4.049113e-02;6.790269e-02;5.605499e-02;1.752141e-01;7.193628e-02;4.131914e-02;5.757464e-02;3.918401e-02;4.180808e-02
1.087034e-01;7.551152e-02;2.936184e-01;3.293790e-02;5.187190e-02;5.288742e-02;1.440676e-01;5.529902e-02;5.074006e-02;6.382392e-02;3.642742e-02;3.411145e-02
1.115992e-01;7.828984e-02;3.064459e-01;2.630483e-02;4.002621e-02;5.274609e-02;1.468577e-01;4.485821e-02;5.180011e-02;7.190848e-02;3.660835e-02;3.255508e-02
1.061777e-01;5.851533e-02;2.674989e-01;3.503926e-02;4.662077e-02;6.229565e-02;1.880819e-01;4.077360e-02;4.544761e-02;7.981373e-02;3.406646e-02;3.566900e-02
1.013800e-01;6.034831e-02;1.755862e-01;2.603124e-02;4.803837e-02;4.618388e-02;2.459938e-01;5.700444e-02;5.469196e-02;8.364604e-02;4.707424e-02;5.402153e-02
1.054574e-01;7.863145e-02;1.412539e-01;3.685399e-02;5.944374e-02;3.995827e-02;1.780220e-01;6.757645e-02;7.517856e-02;5.031240e-02;6.542516e-02;1.018866e-01
9.021258e-02;1.301365e-01;1.086189e-01;3.427749e-02;6.363504e-02;5.414241e-02;1.162207e-01;6.151547e-02;8.208810e-02;6.043664e-02;8.109662e-02;1.176195e-01
7.606661e-02;1.029989e-01;1.569653e-01;4.323984e-02;6.106436e-02;6.992760e-02;1.679625e-01;5.528883e-02;6.607620e-02;3.545709e-02;5.307404e-02;1.118787e-01
7.288092e-02;5.688398e-02;2.144306e-01;5.731750e-02;7.917085e-02;6.734994e-02;1.557400e-01;4.920436e-02;7.087405e-02;3.565671e-02;4.655505e-02;9.393604e-02
8.653823e-02;4.910206e-02;1.601726e-01;6.018192e-02;8.541485e-02;5.198833e-02;1.345180e-01;6.377271e-02;8.577507e-02;5.779323e-02;9.153008e-02;7.321292e-02
1.084442e-01;6.970622e-02;1.434049e-01;4.791598e-02;8.438879e-02;5.466836e-02;1.092005e-01;7.303572e-02;8.803521e-02;5.203043e-02;1.008067e-01;6.836299e-02
9.085365e-02;8.716639e-02;1.428002e-01;4.878421e-02;7.183632e-02;5.613558e-02;1.058765e-01;8.107507e-02;1.050915e-01;6.341270e-02;7.911552e-02;6.785229e-02
9.143489e-02;1.477993e-01;1.196109e-01;6.632755e-02;5.555307e-02;4.884154e-02;6.627814e-02;6.613282e-02;1.311154e-01;5.759698e-02;6.739547e-02;8.191399e-02
1.655720e-01;1.333228e-01;9.840614e-02;6.443175e-02;5.969010e-02;6.897194e-02;1.027436e-01;5.439084e-02;9.573441e-02;4.478138e-02;4.129200e-02;7.066303e-02
1.846949e-01;9.755042e-02;8.459602e-02;4.362577e-02;7.875594e-02;6.112819e-02;1.342481e-01;7.023299e-02;9.215908e-02;5.796691e-02;4.472672e-02;5.031495e-02
1.212933e-01;7.351606e-02;9.994936e-02;3.295724e-02;1.015198e-01;4.953159e-02;1.375842e-01;6.640422e-02;1.055355e-01;9.982174e-02;5.676344e-02;5.512361e-02
5.947483e-02;1.040264e-01;1.213122e-01;5.033600e-02;9.643105e-02;8.743726e-02;9.501419e-02;4.830693e-02;1.076484e-01;1.118815e-01;4.909230e-02;6.903899e-02
8.383755e-02;1.438027e-01;1.226867e-01;4.455990e-02;5.366031e-02;7.204170e-02;9.416877e-02;7.933307e-02;8.757079e-02;6.093396e-02;6.969666e-02;8.770786e-02
1.132193e-01;1.321619e-01;1.034014e-01;3.452085e-02;4.088503e-02;5.264289e-02;1.403093e-01;9.120900e-02;9.042834e-02;6.010479e-02;5.345444e-02;8.766274e-02
1.443161e-01;1.136957e-01;8.627222e-02;2.850178e-02;5.516027e-02;4.423226e-02;1.401697e-01;8.140109e-02;1.074272e-01;9.189159e-02;2.829573e-02;7.863639e-02
1.604386e-01;8.331604e-02;9.599373e-02;4.224863e-02;5.848810e-02;6.127675e-02;1.186346e-01;5.353263e-02;1.184060e-01;1.090906e-01;2.802683e-02;7.054749e-02
1.529145e-01;8.201507e-02;1.031443e-01;5.480038e-02;5.519424e-02;5.789820e-02;1.154910e-01;5.922019e-02;1.085792e-01;8.314048e-02;2.675742e-02;1.008450e-01
1.633806e-01;1.244557e-01;1.051640e-01;6.059298e-02;6.448754e-02;2.418223e-02;1.023424e-01;7.833977e-02;8.952495e-02;5.378830e-02;1.938052e-02;1.143610e-01
1.944211e-01;1.512669e-01;1.024853e-01;6.437671e-02;6.852854e-02;3.154527e-02;9.318915e-02;8.201832e-02;5.973865e-02;4.526513e-02;2.560513e-02;8.155974e-02
1.356535e-01;1.054245e-01;1.125642e-01;8.118288e-02;6.626510e-02;5.819613e-02;9.199748e-02;8.667360e-02;4.441611e-02;6.814181e-02;5.684601e-02;9.263863e-02
7.214075e-02;8.154906e-02;1.585162e-01;1.004376e-01;7.141179e-02;4.915543e-02;9.744266e-02;7.439295e-02;6.913282e-02;8.438439e-02;4.104514e-02;1.003912e-01
8.634076e-02;7.889802e-02;1.528161e-01;1.154102e-01;5.793317e-02;4.822207e-02;1.220372e-01;6.142817e-02;6.657875e-02;6.178611e-02;7.516609e-02;7.338345e-02
1.015446e-01;7.379080e-02;9.319142e-02;9.121598e-02;5.924666e-02;5.091409e-02;1.146021e-01;5.640324e-02;1.015706e-01;9.895289e-02;1.084674e-01;5.010032e-02
9.758914e-02;6.287528e-02;6.533806e-02;6.794081e-02;9.027536e-02;9.090172e-02;9.289616e-02;6.769688e-02;9.117564e-02;1.424594e-01;8.315033e-02;4.770118e-02
9.686134e-02;7.319928e-02;6.915574e-02;7.207302e-02;9.311035e-02;1.339925e-01;8.800307e-02;6.404115e-02;7.852124e-02;1.194485e-01;2.830255e-02;8.329133e-02
9.386215e-02;7.685626e-02;9.459027e-02;7.154818e-02;8.279336e-02;1.139386e-01;9.433676e-02;8.250651e-02;7.610153e-02;7.526222e-02;2.498163e-02;1.132225e-01
6.686747e-02;9.226634e-02;1.173421e-01;8.976207e-02;5.649389e-02;9.495408e-02;8.207029e-02;7.235222e-02;8.093991e-02;8.852621e-02;5.226026e-02;1.061651e-01
4.997919e-02;8.844456e-02;1.056463e-01;8.529296e-02;4.815646e-02;8.844958e-02;1.130333e-01;6.191062e-02;1.169403e-01;1.001711e-01;5.743966e-02;8.453607e-02
5.177609e-02;7.241488e-02;1.262763e-01;7.954998e-02;7.181213e-02;5.217645e-02;9.479591e-02;7.388249e-02;1.399896e-01;1.444952e-01;4.519580e-02;4.763510e-02
4.294816e-02;8.721685e-02;1.270710e-01;5.901614e-02;4.781369e-02;8.135021e-02;8.507147e-02;1.202417e-01;1.393202e-01;1.062161e-01;4.019888e-02;6.353559e-02
3.376127e-02;7.497519e-02;1.263044e-01;7.111990e-02;4.339600e-02;1.043165e-01;9.362765e-02;1.502645e-01;1.178872e-01;1.015102e-01;3.537344e-02;4.746359e-02
3.618690e-02;4.899355e-02;1.234709e-01;8.017780e-02;6.095564e-02;1.055806e-01;1.183241e-01;1.624738e-01;5.495898e-02;1.252681e-01;5.927906e-02;2.433043e-02
4.582537e-02;4.440258e-02;1.120827e-01;6.918012e-02;8.099868e-02;7.441606e-02;1.199733e-01;1.348885e-01;7.025129e-02;1.399877e-01;6.760796e-02;4.038569e-02
3.859353e-02;6.254672e-02;9.911604e-02;4.642088e-02;7.891993e-02;5.291266e-02;1.281975e-01;1.090698e-01;1.116304e-01;2.017162e-01;4.735351e-02;2.352292e-02
7.600804e-02;7.735036e-02;1.147132e-01;4.854365e-02;6.464365e-02;5.472651e-02;2.484190e-01;6.427301e-02;7.386912e-02;1.283572e-01;2.997592e-02;1.912026e-02
1.249644e-01;9.263173e-02;7.089864e-02;4.310271e-02;5.881024e-02;7.875632e-02;2.921773e-01;7.308768e-02;5.286047e-02;7.468581e-02;2.020445e-02;1.782025e-02
1.776780e-01;1.281046e-01;3.875307e-02;3.640628e-02;5.458353e-02;1.008966e-01;2.467855e-01;7.757533e-02;5.587858e-02;6.031075e-02;1.137351e-02;1.165426e-02
2.285483e-01;1.938391e-01;4.664910e-02;2.381600e-02;5.019251e-02;1.088183e-01;1.601951e-01;7.093306e-02;4.911929e-02;5.112489e-02;4.674318e-03;1.209008e-02
2.566859e-01;2.448948e-01;5.560996e-02;1.522191e-02;4.225789e-02;1.194795e-01;1.111059e-01;5.358855e-02;2.903874e-02;4.673606e-02;8.820903e-03;1.655992e-02
2.471471e-01;2.238703e-01;6.755856e-02;1.593691e-02;4.851374e-02;1.554364e-01;9.627434e-02;4.371607e-02;2.126991e-02;4.839856e-02;1.527322e-02;1.660496e-02
2.336972e-01;1.379036e-01;7.793722e-02;1.960135e-02;6.556054e-02;2.220325e-01;7.866795e-02;5.092836e-02;2.657785e-02;4.990869e-02;1.879134e-02;1.839346e-02
2.260046e-01;3.954292e-02;6.344076e-02;2.491261e-02;7.854913e-02;2.949188e-01;7.938699e-02;5.155939e-02;4.457803e-02;6.360059e-02;1.507125e-02;1.843491e-02
2.191354e-01;4.588744e-02;3.818908e-02;3.338894e-02;7.770483e-02;3.116736e-01;7.446896e-02;5.748303e-02;3.652055e-02;7.906074e-02;1.095963e-02;1.552772e-02
1.970539e-01;5.539824e-02;1.653865e-02;5.631177e-02;6.375289e-02;3.049028e-01;1.081929e-01;5.498091e-02;1.874123e-02;9.255654e-02;7.911090e-03;2.365913e-02
1.411159e-01;6.708144e-02;2.690037e-02;5.923488e-02;4.245885e-02;2.384917e-01;2.231738e-01;3.948817e-02;2.516252e-02;7.661834e-02;1.368385e-02;4.659012e-02
9.490107e-02;1.083068e-01;4.280809e-02;3.871544e-02;3.099828e-02;1.404630e-01;3.356645e-01;3.188190e-02;4.061926e-02;4.213317e-02;4.165576e-02;5.185277e-02
5.918144e-02;1.407928e-01;6.729372e-02;2.084768e-02;3.407853e-02;6.134686e-02;3.825366e-01;5.805265e-02;4.494751e-02;1.713126e-02;7.653707e-02;3.725387e-02
4.048217e-02;1.372440e-01;1.284380e-01;1.842609e-02;3.947974e-02;3.053627e-02;3.243329e-01;1.187069e-01;3.667300e-02;2.039296e-02;8.175552e-02;2.353246e-02
4.778198e-02;1.331124e-01;1.951109e-01;2.083950e-02;3.057110e-02;3.625935e-02;2.164262e-01;1.722070e-01;1.685241e-02;3.346151e-02;5.839153e-02;3.898613e-02
6.653234e-02;1.431880e-01;1.942564e-01;2.024142e-02;2.787057e-02;3.321039e-02;2.021153e-01;1.615765e-01;3.189364e-02;4.381771e-02;3.545100e-02;3.984680e-02
8.397917e-02;1.552031e-01;1.356284e-01;2.235054e-02;3.498009e-02;3.170075e-02;2.369418e-01;1.178581e-01;5.264190e-02;5.368595e-02;3.115559e-02;4.387468e-02
1.258887e-01;1.437658e-01;8.944061e-02;3.696946e-02;2.781676e-02;4.765901e-02;2.303335e-01;1.005929e-01;5.778070e-02;5.350198e-02;2.730608e-02;5.894467e-02
1.185568e-01;7.910388e-02;1.076016e-01;5.456386e-02;4.848186e-02;7.810424e-02;1.697388e-01;1.641456e-01;4.795713e-02;4.850411e-02;3.227298e-02;5.096924e-02
6.508741e-02;4.507242e-02;9.031574e-02;6.319975e-02;6.753286e-02;1.093741e-01;1.711145e-01;2.030893e-01;6.342973e-02;4.838722e-02;3.000630e-02;4.339069e-02
3.829826e-02;6.459349e-02;7.449266e-02;6.095402e-02;6.359906e-02;1.235944e-01;2.089865e-01;1.714447e-01;6.475569e-02;5.604521e-02;3.903028e-02;3.420582e-02
6.059598e-02;1.193947e-01;9.165283e-02;4.178571e-02;5.634371e-02;9.106290e-02;2.348788e-01;1.131861e-01;4.369809e-02;6.244493e-02;6.608912e-02;1.886710e-02
1.122371e-01;1.228471e-01;1.020445e-01;3.843936e-02;5.603177e-02;7.129402e-02;1.847507e-01;1.173641e-01;3.916880e-02;4.703635e-02;5.450838e-02;5.427775e-02
1.210232e-01;1.347780e-01;1.361089e-01;6.693499e-02;4.676265e-02;7.271273e-02;1.000139e-01;6.977657e-02;5.988377e-02;4.766126e-02;6.576926e-02;7.857472e-02
1.152969e-01;1.364075e-01;1.868405e-01;6.843768e-02;2.932565e-02;7.891563e-02;8.677793e-02;6.717300e-02;5.034213e-02;4.675854e-02;6.032646e-02;7.339802e-02
1.070601e-01;1.307117e-01;2.236419e-01;6.328003e-02;2.832654e-02;9.718123e-02;9.727672e-02;6.249218e-02;3.878591e-02;4.266969e-02;4.462089e-02;6.395311e-02
1.058085e-01;1.151835e-01;1.982479e-01;8.521697e-02;5.709165e-02;1.010315e-01;1.262574e-01;5.560620e-02;5.211425e-02;5.101949e-02;3.813704e-02;1.428547e-02
1.514893e-01;6.603700e-02;1.396401e-01;6.274743e-02;8.738080e-02;7.284526e-02;1.030687e-01;5.329597e-02;8.656099e-02;7.721131e-02;4.373708e-02;5.598608e-02
1.654116e-01;7.771522e-02;7.679871e-02;7.994778e-02;1.370935e-01;5.745848e-02;7.413286e-02;3.215401e-02;1.016937e-01;1.219949e-01;2.232756e-02;5.327179e-02
1.258500e-01;8.523615e-02;2.246817e-02;1.047178e-01;2.075275e-01;3.953367e-02;3.655940e-02;1.657417e-02;8.929546e-02;1.864907e-01;3.332015e-02;5.242687e-02
3.848915e-02;6.544806e-02;3.050502e-02;1.006619e-01;2.499142e-01;2.184646e-02;2.666708e-02;1.412329e-02;1.298531e-01;2.551442e-01;3.748403e-02;2.986356e-02
2.352043e-02;5.148271e-02;1.787885e-02;7.623675e-02;2.462833e-01;3.359806e-02;1.513789e-02;6.304249e-03;2.010675e-01;2.927795e-01;2.423827e-02;1.147253e-02
1.307884e-02;4.509854e-02;1.894961e-02;7.848430e-02;2.628992e-01;3.423109e-02;1.330572e-02;2.253432e-02;1.850735e-01;2.860341e-01;2.947222e-02;1.083856e-02
1.203664e-02;4.968520e-02;1.156426e-02;1.022091e-01;3.263640e-01;3.699078e-02;2.900206e-02;2.833806e-02;9.041330e-02;2.701605e-01;2.942950e-02;1.380671e-02
1.959179e-02;4.950105e-02;2.667886e-02;1.215951e-01;3.364815e-01;5.883330e-02;2.956495e-02;2.089569e-02;6.879955e-02;2.151483e-01;4.176451e-02;1.114540e-02
2.100992e-02;5.598917e-02;3.017933e-02;1.247062e-01;3.334301e-01;7.298727e-02;3.330002e-02;1.529475e-02;6.580458e-02;1.889901e-01;4.459601e-02;1.371247e-02
2.214549e-02;6.383311e-02;2.647427e-02;1.067336e-01;3.026851e-01;7.780295e-02;5.536986e-02;1.736728e-02;5.719316e-02;1.972840e-01;6.037913e-02;1.273199e-02
2.628591e-02;5.297955e-02;3.292867e-02;9.571897e-02;2.348630e-01;5.442927e-02;4.453522e-02;2.403693e-02;1.031009e-01;2.358161e-01;7.521521e-02;2.009025e-02
3.743169e-02;2.719588e-02;5.406305e-02;9.794870e-02;1.530468e-01;4.847879e-02;9.530739e-02;3.323910e-02;1.700703e-01;2.028599e-01;6.351341e-02;1.684501e-02
1.993605e-02;1.934537e-02;6.977813e-02;7.199505e-02;1.108692e-01;4.393012e-02;1.868159e-01;5.651989e-02;1.843034e-01;1.664167e-01;4.728589e-02;2.280428e-02
1.533952e-02;2.959256e-02;1.017204e-01;4.646000e-02;1.166219e-01;6.705890e-02;2.897622e-01;4.858011e-02;7.928181e-02;1.448440e-01;2.953997e-02;3.119863e-02
2.605836e-02;3.498784e-02;7.398615e-02;4.153588e-02;1.203619e-01;7.503044e-02;2.741499e-01;3.451948e-02;1.195359e-01;1.423341e-01;2.932361e-02;2.817643e-02
3.952580e-02;2.933155e-02;5.742691e-02;4.615783e-02;1.268915e-01;6.530031e-02;1.828582e-01;3.983510e-02;1.786473e-01;1.658810e-01;4.605293e-02;2.209151e-02
7.214762e-02;3.355561e-02;6.799145e-02;9.315763e-02;1.536015e-01;4.828821e-02;6.808861e-02;4.110842e-02;1.687391e-01;1.522798e-01;6.634910e-02;3.469292e-02
4.666913e-02;1.441138e-02;8.589033e-02;1.158624e-01;1.608769e-01;5.636358e-02;1.010981e-01;2.713047e-02;1.389117e-01;1.447630e-01;8.616028e-02;2.186268e-02
4.961250e-02;3.901795e-02;8.873918e-02;9.690101e-02;1.059251e-01;5.905890e-02;1.036264e-01;4.279153e-02;1.491718e-01;1.438942e-01;7.973351e-02;4.152795e-02
8.622080e-02;5.546607e-02;1.366448e-01;1.103811e-01;6.347988e-02;6.891618e-02;8.210413e-02;1.070263e-01;9.040426e-02;8.102814e-02;8.814535e-02;3.018304e-02
1.021647e-01;7.790792e-02;1.604919e-01;1.196712e-01;8.298189e-02;4.385985e-02;8.096822e-02;1.044477e-01;5.263828e-02;5.984170e-02;7.139409e-02;4.363252e-02
9.445344e-02;7.642342e-02;1.735733e-01;1.129986e-01;9.907840e-02;2.942319e-02;1.117768e-01;8.861901e-02;5.257431e-02;5.131062e-02;5.153867e-02;5.823018e-02
9.685421e-02;6.855745e-02;1.443432e-01;6.724095e-02;1.015246e-01;3.447654e-02;1.458067e-01;4.860794e-02;6.501420e-02;6.244684e-02;4.610522e-02;1.190221e-01
1.351669e-01;1.239120e-01;1.458687e-01;5.421884e-02;9.248220e-02;4.667289e-02;9.548230e-02;4.049666e-02;6.802973e-02;3.992710e-02;1.719248e-02;1.405503e-01
9.988845e-02;1.939647e-01;1.474801e-01;8.375995e-02;8.746797e-02;3.353443e-02;5.701569e-02;6.696434e-02;5.656254e-02;2.033945e-02;4.382771e-02;1.091947e-01
8.519880e-02;2.329427e-01;1.579416e-01;1.250905e-01;6.803811e-02;3.329932e-02;4.140438e-02;8.203753e-02;4.052088e-02;1.715849e-02;6.155081e-02;5.481687e-02
9.884125e-02;1.707654e-01;2.183076e-01;1.659515e-01;5.182891e-02;3.168285e-02;5.161126e-02;6.676381e-02;2.961874e-02;3.547330e-02;6.025536e-02;1.890002e-02
1.119871e-01;6.392308e-02;2.854640e-01;1.786340e-01;5.782387e-02;2.403588e-02;9.595685e-02;4.322741e-02;2.332612e-02;5.611640e-02;4.627821e-02;1.322714e-02
7.803212e-02;1.414494e-02;3.455202e-01;1.342767e-01;7.870212e-02;3.270442e-02;1.551106e-01;4.349530e-02;1.862879e-02;5.815700e-02;2.615586e-02;1.507187e-02
2.389563e-02;2.701278e-02;3.703607e-01;7.246894e-02;7.759839e-02;4.631748e-02;2.379712e-01;4.544710e-02;1.294305e-02;5.243637e-02;1.671243e-02;1.683595e-02
1.961728e-02;2.552612e-02;3.623449e-01;2.585142e-02;7.089885e-02;6.748293e-02;3.206662e-01;2.715617e-02;1.368085e-02;3.953331e-02;9.941361e-03;1.730059e-02
2.532960e-02;4.136837e-02;3.169460e-01;2.125115e-02;5.430399e-02;8.729838e-02;3.456949e-01;2.497803e-02;1.994481e-02;2.920240e-02;1.244929e-02;2.123302e-02
1.721325e-02;6.433233e-02;2.483147e-01;3.226548e-02;4.583934e-02;1.080115e-01;3.430160e-01;1.509486e-02;3.277514e-02;3.279683e-02;1.468752e-02;4.565308e-02
1.943156e-02;1.676731e-01;1.790276e-01;1.900665e-02;2.829293e-02;1.385875e-01;2.622267e-01;1.879813e-02;3.249519e-02;2.500461e-02;1.228407e-02;9.717198e-02
2.979789e-02;2.325803e-01;1.230384e-01;1.176690e-02;1.588498e-02;1.774805e-01;1.571663e-01;1.572701e-02;3.648232e-02;1.886419e-02;2.947867e-02;1.517325e-01
3.732366e-02;2.053915e-01;8.424050e-02;9.999001e-03;2.538686e-02;2.083134e-01;7.933430e-02;1.277830e-02;5.828396e-02;2.207543e-02;9.687687e-02;1.599962e-01
3.268600e-02;1.416448e-01;7.906076e-02;1.281825e-02;5.391926e-02;2.268460e-01;2.193908e-02;2.282509e-02;9.505071e-02;3.394684e-02;1.618492e-01;1.174140e-01
4.942583e-02;9.902029e-02;7.594043e-02;1.720093e-02;8.704215e-02;2.082910e-01;4.265525e-02;5.754512e-02;1.187092e-01;4.132834e-02;1.244059e-01;7.843555e-02
6.572253e-02;9.063365e-02;9.407712e-02;1.856647e-02;1.145272e-01;1.985916e-01;6.941359e-02;9.096433e-02;1.219120e-01;2.689992e-02;4.124073e-02;6.745085e-02
8.789879e-02;1.007380e-01;9.810351e-02;2.569661e-02;1.529847e-01;2.014740e-01;9.415115e-02;7.025261e-02;1.052842e-01;2.192446e-02;1.447822e-02;2.701386e-02
1.113005e-01;1.219385e-01;1.131403e-01;3.330567e-02;2.047996e-01;1.585210e-01;7.216521e-02;2.319741e-02;8.815343e-02;2.987692e-02;2.652395e-02;1.707765e-02
1.212570e-01;1.100885e-01;1.149765e-01;3.471083e-02;2.245494e-01;1.266779e-01;9.004271e-02;4.425173e-02;6.261064e-02;3.003814e-02;2.937550e-02;1.142105e-02
1.294774e-01;9.233841e-02;1.018553e-01;6.845731e-02;2.512240e-01;9.290256e-02;8.945790e-02;5.094666e-02;5.942068e-02;2.097919e-02;2.801566e-02;1.492493e-02
1.251058e-01;8.904176e-02;1.328324e-01;9.643468e-02;2.289619e-01;5.894685e-02;9.485774e-02;5.200101e-02;6.479587e-02;1.344064e-02;2.419312e-02;1.938828e-02
1.124745e-01;9.043692e-02;1.888483e-01;1.268709e-01;2.076363e-01;4.285791e-02;7.579582e-02;3.696721e-02;4.389814e-02;2.756494e-02;2.520720e-02;2.144168e-02
1.001534e-01;7.597587e-02;1.738437e-01;1.323243e-01;1.759004e-01;9.430797e-02;6.796897e-02;3.269752e-02;3.709436e-02;4.369970e-02;4.176364e-02;2.427019e-02
7.333760e-02;4.581317e-02;2.384382e-01;5.713385e-02;1.078013e-01;1.080660e-01;1.246610e-01;6.764346e-02;5.341169e-02;4.173067e-02;5.221461e-02;2.974843e-02
6.861705e-02;8.449643e-02;2.533120e-01;4.582811e-02;6.519553e-02;8.084785e-02;1.362857e-01;5.485353e-02;9.811532e-02;3.418501e-02;4.337779e-02;3.488564e-02
6.613956e-02;9.463614e-02;2.335012e-01;6.472065e-02;6.724492e-02;9.118355e-02;1.070577e-01;3.088014e-02;1.219109e-01;5.591634e-02;1.512144e-02;5.168747e-02
5.353428e-02;9.804672e-02;2.121015e-01;6.442828e-02;9.642510e-02;5.449600e-02;9.776504e-02;4.163940e-02;1.145234e-01;7.386057e-02;4.920727e-02;4.397254e-02
6.733046e-02;9.389611e-02;1.402929e-01;6.406400e-02;1.208126e-01;9.637276e-02;1.022940e-01;5.073406e-02;9.594957e-02;7.486576e-02;5.112381e-02;4.226400e-02
9.782175e-02;8.521467e-02;1.170932e-01;6.241551e-02;1.282932e-01;1.162492e-01;1.378541e-01;4.116082e-02;7.098611e-02;5.532666e-02;4.566709e-02;4.191777e-02
1.053089e-01;7.966585e-02;8.878959e-02;7.585309e-02;1.269552e-01;1.079646e-01;1.917402e-01;4.153818e-02;6.146466e-02;3.239170e-02;5.509394e-02;3.323413e-02
9.767828e-02;6.500590e-02;1.113291e-01;5.739257e-02;7.947169e-02;1.158958e-01;2.288286e-01;4.149430e-02;7.559212e-02;5.316345e-02;3.418409e-02;3.996409e-02
9.205544e-02;5.915757e-02;1.303904e-01;3.000974e-02;4.711846e-02;8.775130e-02;2.026873e-01;6.028097e-02;1.062779e-01;9.698142e-02;3.263678e-02;5.465273e-02
8.514979e-02;4.346364e-02;1.094841e-01;4.822993e-02;6.917535e-02;6.929678e-02;1.772004e-01;9.496241e-02;1.347206e-01;7.418510e-02;3.787327e-02;5.625860e-02
9.785894e-02;7.636646e-02;8.742879e-02;6.246544e-02;8.491988e-02;5.884694e-02;1.503819e-01;9.899685e-02;1.327440e-01;5.545042e-02;4.476727e-02;4.977308e-02
1.081884e-01;1.193929e-01;1.419137e-01;5.149732e-02;7.794037e-02;5.837521e-02;1.190391e-01;7.314304e-02;8.646166e-02;6.007425e-02;6.211299e-02;4.186111e-02
