5.353118e-02;1.532947e-01;1.381168e-01;6.541371e-02;3.658042e-02;1.391762e-01;8.037334e-02;1.422620e-01;7.519446e-02;3.725053e-02;2.865521e-02;5.015146e-02
4.503424e-02;1.573500e-01;7.677198e-02;4.598046e-02;4.095971e-02;1.849892e-01;5.040170e-02;1.837212e-01;1.007611e-01;5.496074e-02;2.025869e-02;3.881101e-02
5.045043e-02;1.735143e-01;1.243416e-01;2.753026e-02;3.209166e-02;1.591237e-01;3.472406e-02;1.898565e-01;9.771679e-02;4.841806e-02;3.849774e-02;2.373487e-02
4.790518e-02;1.517769e-01;1.099157e-01;2.995727e-02;2.258185e-02;1.662908e-01;2.797552e-02;2.325973e-01;1.230889e-01;3.236468e-02;3.475225e-02;2.079361e-02
5.509966e-02;1.341612e-01;1.382372e-01;2.736305e-02;3.021209e-02;1.613389e-01;3.733421e-02;2.142994e-01;1.343612e-01;2.148403e-02;2.976955e-02;1.633946e-02
5.584109e-02;1.572302e-01;1.551032e-01;4.819661e-02;5.291005e-02;1.140536e-01;6.024338e-02;1.556836e-01;9.372485e-02;3.415768e-02;4.175311e-02;3.110263e-02
5.138258e-02;1.481061e-01;1.412110e-01;7.940749e-02;6.528095e-02;1.047675e-01;4.493156e-02;1.417082e-01;8.601662e-02;5.014197e-02;4.843298e-02;3.861311e-02
6.082883e-02;1.651118e-01;1.331998e-01;6.524008e-02;4.916883e-02;8.228049e-02;4.508035e-02;1.722602e-01;9.679290e-02;6.507445e-02;4.775338e-02;1.720897e-02
4.312984e-02;9.241860e-02;1.165842e-01;7.992018e-02;4.936194e-02;1.030501e-01;7.295585e-02;1.897741e-01;9.044003e-02;5.428103e-02;6.339217e-02;4.469195e-02
2.988933e-02;8.109797e-02;1.190518e-01;1.034969e-01;6.244774e-02;1.013106e-01;6.306066e-02;1.706253e-01;6.649213e-02;3.946603e-02;1.048965e-01;5.816514e-02
4.039010e-02;6.937586e-02;1.123828e-01;1.278167e-01;5.688555e-02;1.025460e-01;4.745803e-02;1.380992e-01;5.313976e-02;5.207825e-02;1.465690e-01;5.325881e-02
3.626752e-02;4.928217e-02;9.561694e-02;1.669454e-01;4.776956e-02;1.218290e-01;3.809460e-02;1.159813e-01;4.040952e-02;4.712286e-02;1.899998e-01;5.068145e-02
1.863799e-02;6.437691e-02;1.334595e-01;1.814200e-01;6.847844e-02;1.360767e-01;2.753807e-02;9.365626e-02;2.711259e-02;3.170501e-02;1.755529e-01;4.198573e-02
2.515544e-02;1.307369e-01;1.842561e-01;1.458951e-01;4.940276e-02;1.307211e-01;4.085011e-02;7.792769e-02;3.801492e-02;4.199603e-02;1.105975e-01;2.444635e-02
3.419461e-02;2.544481e-01;1.381623e-01;8.710077e-02;4.299473e-02;1.519115e-01;3.557065e-02;5.804079e-02;8.627073e-02;3.590597e-02;4.082817e-02;3.457168e-02
3.550586e-02;2.908142e-01;2.179687e-01;4.043710e-02;2.917590e-02;1.411398e-01;2.972435e-02;6.066621e-02;8.400170e-02;2.525146e-02;2.110911e-02;2.420565e-02
2.895521e-02;2.159504e-01;3.255383e-01;3.939888e-02;2.684530e-02;1.164290e-01;5.127206e-02;4.481541e-02;5.827928e-02;4.250429e-02;2.554690e-02;2.446494e-02
2.735857e-02;9.601190e-02;3.429835e-01;5.165711e-02;2.932824e-02;7.970896e-02;1.087589e-01;7.290325e-02;6.010950e-02;5.417766e-02;4.392157e-02;3.308079e-02
1.756154e-02;7.985308e-02;3.111361e-01;5.099920e-02;2.498916e-02;9.251989e-02;1.288604e-01;8.683628e-02;6.740977e-02;6.574905e-02;4.807783e-02;2.600767e-02
9.392750e-03;8.136240e-02;3.429873e-01;5.812492e-02;3.010996e-02;5.617284e-02;1.491245e-01;7.107583e-02;5.105432e-02;9.885336e-02;3.936966e-02;1.237225e-02
9.758873e-03;9.074648e-02;4.060646e-01;5.234867e-02;2.367953e-02;2.372966e-02;1.729690e-01;4.044031e-02;2.015988e-02;1.463906e-01;8.090811e-03;5.621553e-03
1.627682e-02;1.316235e-01;3.987707e-01;2.322927e-02;2.052801e-02;2.815781e-02;1.539797e-01;2.238315e-02;2.442325e-02;1.623509e-01;1.376977e-02;4.507120e-03
1.779810e-02;1.538179e-01;3.915386e-01;4.224004e-02;2.459613e-02;1.332489e-02;1.366886e-01;1.965300e-02;2.374173e-02;1.497449e-01;2.087876e-02;5.977490e-03
2.012513e-02;1.737011e-01;3.659024e-01;7.345880e-02;2.744190e-02;4.107144e-02;1.126547e-01;2.485682e-02;1.712305e-02;1.059007e-01;3.189665e-02;5.867323e-03
2.655375e-02;2.135377e-01;3.241466e-01;7.360556e-02;3.378763e-02;7.315899e-02;1.027773e-01;4.746011e-02;2.031529e-02;5.797445e-02;2.245042e-02;4.232267e-03
3.308594e-02;1.971734e-01;3.316323e-01;5.343562e-02;3.175238e-02;9.140333e-02;1.075988e-01;4.367926e-02;2.638572e-02;3.622456e-02;4.056246e-02;7.066207e-03
3.016762e-02;2.589349e-01;3.712386e-01;5.174060e-02;1.511104e-02;5.348922e-02;7.551868e-02;2.666704e-02;3.228061e-02;4.401593e-02;2.932383e-02;1.151194e-02
1.593014e-02;1.891993e-01;3.775191e-01;8.804229e-02;4.218663e-02;6.270494e-02;5.088297e-02;5.191561e-02;4.030678e-02;2.804279e-02;3.887701e-02;1.439247e-02
1.118252e-02;1.025191e-01;2.797197e-01;1.447165e-01;1.039189e-01;1.053913e-01;3.928867e-02;8.004097e-02;2.087183e-02;1.355423e-02;7.244237e-02;2.635386e-02
9.887261e-03;4.367799e-02;1.668699e-01;1.689188e-01;1.726142e-01;1.519040e-01;2.934083e-02;8.918926e-02;1.353276e-02;2.589530e-02;7.379374e-02;5.437598e-02
8.390603e-03;3.026230e-02;1.122756e-01;1.549390e-01;2.152862e-01;1.857819e-01;3.582896e-02;6.530037e-02;1.304039e-02;2.286013e-02;7.828397e-02;7.775066e-02
4.890874e-03;5.700512e-02;1.581482e-01;1.493757e-01;1.825772e-01;1.671524e-01;3.565133e-02;6.808217e-02;1.075443e-02;1.904785e-02;7.845365e-02;6.886104e-02
4.284884e-03;5.853260e-02;1.680273e-01;1.773180e-01;1.529798e-01;1.627991e-01;3.795652e-02;7.440661e-02;9.516909e-03;1.840729e-02;6.590318e-02;6.986773e-02
1.037314e-02;4.076814e-02;1.038358e-01;1.989052e-01;1.387474e-01;1.864511e-01;4.711401e-02;1.028143e-01;1.287748e-02;1.079188e-02;9.156170e-02;5.575995e-02
1.022504e-02;8.967181e-02;2.066012e-01;1.547242e-01;8.774768e-02;1.483126e-01;5.085072e-02;1.079265e-01;1.852620e-02;1.492907e-02;8.239844e-02;2.808664e-02
9.264134e-03;1.574865e-01;3.422650e-01;9.240600e-02;5.011236e-02;9.093429e-02;5.746180e-02;8.146130e-02;2.305616e-02;1.889906e-02;5.122301e-02;2.543039e-02
1.578661e-02;1.932569e-01;4.922278e-01;6.222422e-02;1.245495e-02;4.640326e-02;4.968264e-02;4.477958e-02;1.415820e-02;2.226213e-02;3.102796e-02;1.573569e-02
1.324233e-02;1.671199e-01;5.236827e-01;8.008235e-02;1.846495e-02;6.300070e-02;3.559617e-02;1.855548e-02;1.448879e-02;2.304505e-02;3.393103e-02;8.790596e-03
1.057030e-02;1.456393e-01;5.343895e-01;8.119696e-02;2.511278e-02;5.526356e-02;3.943203e-02;1.326104e-02;1.968857e-02;3.092199e-02;3.729808e-02;7.225891e-03
2.196245e-02;1.874003e-01;4.880745e-01;5.386592e-02;1.872891e-02;4.012388e-02;6.913302e-02;3.211395e-02;2.267791e-02;4.287094e-02;9.345653e-03;1.370247e-02
2.190647e-02;1.341121e-01;3.223882e-01;1.131504e-01;5.376932e-02;9.994891e-02;8.265239e-02;4.574199e-02;2.775381e-02;3.962220e-02;4.994551e-02;9.008784e-03
1.341496e-02;8.458610e-02;3.313667e-01;1.577650e-01;7.207032e-02;7.719067e-02;9.470526e-02;5.166790e-02;1.987885e-02;3.101009e-02;5.812078e-02;8.223404e-03
9.257981e-03;9.623394e-02;3.741538e-01;1.439270e-01;4.963223e-02;3.624313e-02;1.324661e-01;2.486891e-02;1.503138e-02;5.285963e-02;5.642595e-02;8.899890e-03
9.640737e-03;9.480794e-02;4.147143e-01;9.052441e-02;2.707618e-02;1.621978e-02;1.824748e-01;1.689973e-02;1.014075e-02;9.172177e-02;3.767183e-02;8.107798e-03
8.451028e-03;1.161648e-01;4.381331e-01;2.631029e-02;2.785160e-02;2.528144e-02;1.954880e-01;1.739588e-02;8.226040e-03;1.236248e-01;5.393655e-03;7.679370e-03
8.398691e-03;1.401310e-01;4.284697e-01;3.673437e-02;2.846600e-02;1.424446e-02;1.574252e-01;1.431736e-02;1.116725e-02;1.390061e-01;1.610538e-02;5.534485e-03
1.015171e-02;1.911857e-01;4.153579e-01;3.002191e-02;2.050449e-02;1.281817e-02;1.175258e-01;1.227229e-02;2.098707e-02;1.530335e-01;1.050965e-02;5.631639e-03
1.387506e-02;2.474510e-01;3.813017e-01;1.506768e-02;9.615118e-03;2.020038e-02;6.145443e-02;1.425535e-02;3.126343e-02;1.746048e-01;1.285607e-02;1.805499e-02
1.867528e-02;2.924937e-01;3.478954e-01;7.357613e-03;1.156088e-02;2.691781e-02;1.949579e-02;2.251817e-02;4.281612e-02;1.585097e-01;1.938642e-02;3.237310e-02
3.875307e-02;3.106036e-01;3.287520e-01;1.856972e-02;8.690560e-03;2.605613e-02;3.272634e-02;3.114182e-02;4.949511e-02;8.602835e-02;1.598958e-02;5.319374e-02
5.070955e-02;3.397136e-01;3.174921e-01;2.146271e-02;9.427289e-03;2.498304e-02;2.917816e-02;3.790873e-02;5.014944e-02;4.647055e-02;8.205002e-03;6.429984e-02
3.584699e-02;3.378394e-01;3.727803e-01;2.031482e-02;1.633422e-02;2.672941e-02;2.227882e-02;4.053541e-02;3.710630e-02;3.851349e-02;5.522916e-03;4.619792e-02
2.202137e-02;3.185541e-01;4.259451e-01;2.040992e-02;3.480445e-02;1.553780e-02;2.798614e-02;3.209005e-02;2.586155e-02;4.250072e-02;6.514228e-03;2.777451e-02
2.131668e-02;2.820075e-01;4.695806e-01;2.319313e-02;4.080721e-02;1.418264e-02;3.822988e-02;2.239314e-02;2.581414e-02;4.427087e-02;5.411851e-03;1.279239e-02
2.375499e-02;2.230066e-01;4.979865e-01;4.861284e-02;2.913372e-02;4.337493e-02;3.800297e-02;1.294654e-02;3.206885e-02;3.383562e-02;1.307844e-02;4.198020e-03
2.068402e-02;1.731716e-01;5.129141e-01;5.066416e-02;1.984346e-02;6.457663e-02;4.411834e-02;1.525993e-02;3.337568e-02;3.200190e-02;2.151535e-02;1.187488e-02
2.202732e-02;2.259883e-01;4.431598e-01;3.692115e-02;2.284120e-02;6.725185e-02;4.483538e-02;1.043283e-02;2.351415e-02;5.666152e-02;2.673064e-02;1.963588e-02
2.876765e-02;2.752492e-01;3.540044e-01;3.780880e-02;2.564442e-02;7.462079e-02;5.940223e-02;1.943815e-02;2.287785e-02;4.999759e-02;2.669169e-02;2.549723e-02
3.422987e-02;2.993590e-01;2.888009e-01;2.661964e-02;3.866011e-02;6.993090e-02;8.613224e-02;2.758620e-02;2.737427e-02;5.073153e-02;1.946442e-02;3.111087e-02
3.431916e-02;2.968009e-01;1.658791e-01;7.210745e-02;5.889599e-02;6.153611e-02;1.154462e-01;3.019485e-02;1.941446e-02;8.425206e-02;1.947196e-02;4.168187e-02
3.004982e-02;2.555461e-01;2.704499e-01;3.801854e-02;4.625327e-02;5.806542e-02;8.309149e-02;3.546649e-02;3.068637e-02;8.547850e-02;3.847221e-02;2.842180e-02
2.693367e-02;2.512465e-01;3.318925e-01;3.902053e-02;4.005570e-02;6.829605e-02;5.373574e-02;4.278374e-02;3.602669e-02;7.078478e-02;1.875134e-02;2.047265e-02
2.375597e-02;2.570564e-01;3.221911e-01;4.021922e-02;4.436994e-02;7.595218e-02;5.857852e-02;5.298115e-02;3.247089e-02;5.981243e-02;1.238951e-02;2.022269e-02
2.738270e-02;2.561058e-01;2.623862e-01;4.865183e-02;4.184350e-02;7.212979e-02;5.674911e-02;6.043397e-02;4.885193e-02;9.034979e-02;2.138731e-02;1.372803e-02
2.661472e-02;2.428600e-01;2.049563e-01;6.538680e-02;4.244512e-02;6.354712e-02;5.789663e-02;8.214306e-02;6.636875e-02;1.109818e-01;9.334347e-03;2.746524e-02
2.167533e-02;2.330654e-01;2.996495e-01;6.275629e-02;3.657439e-02;4.660213e-02;4.435176e-02;7.468664e-02;5.113595e-02;7.635944e-02;2.206654e-02;3.107663e-02
2.602691e-02;2.359121e-01;3.703548e-01;6.370806e-02;2.585837e-02;3.369071e-02;3.541632e-02;7.578833e-02;4.540421e-02;4.587775e-02;2.267746e-02;1.928506e-02
2.269716e-02;2.381967e-01;3.735918e-01;4.826251e-02;3.908510e-02;3.483179e-02;5.764455e-02;7.924446e-02;4.709107e-02;3.009886e-02;1.262807e-02;1.662794e-02
3.526566e-02;2.408240e-01;3.309580e-01;3.690885e-02;3.624926e-02;5.745164e-02;4.725217e-02;7.606030e-02;7.056046e-02;2.996006e-02;1.411614e-02;2.439342e-02
5.134117e-02;2.502310e-01;2.988605e-01;3.998464e-02;2.904935e-02;5.609861e-02;3.809940e-02;6.133334e-02;6.858578e-02;3.875007e-02;2.613944e-02;4.152667e-02
3.142888e-02;2.496984e-01;3.150088e-01;5.203929e-02;2.327599e-02;5.519108e-02;5.080586e-02;5.743237e-02;4.664691e-02;4.483691e-02;2.759287e-02;4.604260e-02
3.442084e-02;2.606196e-01;3.272821e-01;5.761283e-02;2.669671e-02;4.169474e-02;5.915731e-02;5.542080e-02;3.118826e-02;4.258327e-02;2.724351e-02;3.608004e-02
2.308087e-02;2.601248e-01;3.510687e-01;3.880963e-02;2.985640e-02;6.377952e-02;5.305472e-02;4.973698e-02;3.152436e-02;4.702615e-02;2.897112e-02;2.296667e-02
2.035527e-02;2.383495e-01;3.238064e-01;7.518171e-02;3.234272e-02;6.592584e-02;3.812139e-02;4.843352e-02;3.996848e-02;4.748080e-02;3.003809e-02;3.999624e-02
2.043554e-02;2.236302e-01;2.507012e-01;1.072441e-01;3.652562e-02;7.738412e-02;4.313486e-02;6.952607e-02;5.377197e-02;5.442816e-02;2.259102e-02;4.062714e-02
1.992657e-02;1.953245e-01;3.130084e-01;9.157600e-02;4.403343e-02;8.456404e-02;4.120450e-02;6.623869e-02;6.174215e-02;4.178370e-02;1.004143e-02;3.055662e-02
2.050867e-02;1.584949e-01;3.340783e-01;8.038758e-02;4.611164e-02;1.718908e-01;2.602204e-02;7.282010e-02;2.775182e-02;2.312732e-02;2.114077e-02;1.766600e-02
2.137210e-02;1.343801e-01;2.718800e-01;6.307191e-02;5.542996e-02;2.406908e-01;2.504446e-02;8.335204e-02;3.057042e-02;1.231961e-02;3.569187e-02;2.619670e-02
1.082959e-02;1.136637e-01;2.418320e-01;9.081437e-02;7.354574e-02;2.654365e-01;1.965595e-02;6.504209e-02;2.623674e-02;1.188476e-02;5.042239e-02;3.063610e-02
8.886586e-03;1.418365e-01;2.846696e-01;1.158922e-01;7.195116e-02;2.133655e-01;1.805929e-02;3.884131e-02;1.488072e-02;2.170286e-02;4.693432e-02;2.298000e-02
1.753465e-02;2.298048e-01;3.669805e-01;8.333719e-02;4.615975e-02;1.222010e-01;1.812620e-02;3.258782e-02;1.462667e-02;2.819018e-02;2.341015e-02;1.704107e-02
3.195591e-02;3.427614e-01;3.636249e-01;3.305868e-02;2.513744e-02;7.326617e-02;1.943360e-02;3.860927e-02;2.983389e-02;2.398620e-02;8.707675e-03;9.624808e-03
4.021150e-02;3.678491e-01;3.436780e-01;1.655737e-02;1.793779e-02;7.188379e-02;1.633732e-02;3.785090e-02;3.937047e-02;1.108518e-02;1.968285e-02;1.755567e-02
3.975392e-02;3.479867e-01;3.345377e-01;3.139912e-02;2.139493e-02;5.948912e-02;2.721037e-02;4.310788e-02;4.294972e-02;1.703183e-02;1.435862e-02;2.078006e-02
2.457349e-02;2.141747e-01;3.167565e-01;9.061976e-02;4.595479e-02;9.072283e-02;4.701705e-02;2.624405e-02;3.600181e-02;4.219091e-02;4.664283e-02;1.910118e-02
1.448165e-02;1.051918e-01;2.619093e-01;1.892571e-01;9.046385e-02;9.439082e-02;4.779202e-02;3.611877e-02;2.306023e-02;4.446910e-02;7.797619e-02;1.488909e-02
8.142980e-03;7.466616e-02;2.237042e-01;2.463092e-01;1.392858e-01;9.312692e-02;3.391344e-02;4.346881e-02;1.546812e-02;1.918281e-02;9.105711e-02;1.167446e-02
6.770768e-03;6.698023e-02;1.546417e-01;2.551513e-01;1.825648e-01;1.311007e-01;2.712249e-02;4.987107e-02;1.362057e-02;1.794090e-02;7.114760e-02;2.308792e-02
5.569598e-03;4.444779e-02;1.270025e-01;2.804020e-01;1.740666e-01;1.224069e-01;2.033967e-02;8.653461e-02;2.287034e-02;1.739611e-02;7.586514e-02;2.309865e-02
9.317472e-03;6.781406e-02;2.015960e-01;2.494486e-01;1.162706e-01;1.110779e-01;1.451911e-02;9.282921e-02;2.573458e-02;1.883694e-02;7.878149e-02;1.377404e-02
1.410902e-02;1.243379e-01;2.999547e-01;1.899529e-01;7.673132e-02;8.269944e-02;2.824450e-02;6.296922e-02;2.026428e-02;4.272717e-02;4.985079e-02;8.158733e-03
1.889636e-02;2.037819e-01;3.387556e-01;1.265934e-01;4.876246e-02;4.438320e-02;2.868814e-02;6.290777e-02;2.772976e-02;5.702321e-02;2.480646e-02;1.767176e-02
4.079218e-02;2.191150e-01;2.016358e-01;5.484967e-02;2.528292e-02;1.025175e-01;2.629750e-02;1.345792e-01;7.141698e-02;5.501565e-02;4.492325e-02;2.357425e-02
3.945482e-02;1.506875e-01;1.982385e-01;3.917917e-02;4.176005e-02;1.345243e-01;3.004249e-02;1.573993e-01;8.791132e-02;5.145293e-02;4.392356e-02;2.542596e-02
3.862669e-02;1.309806e-01;1.920548e-01;4.199835e-02;4.836953e-02;1.770637e-01;3.966913e-02;1.571445e-01;8.951223e-02;4.356467e-02;2.378658e-02;1.722924e-02
3.768522e-02;1.601447e-01;1.815273e-01;7.129123e-02;8.243901e-02;1.480667e-01;5.618212e-02;9.555193e-02;8.224129e-02;4.393794e-02;1.592851e-02;2.500402e-02
3.240021e-02;1.670784e-01;2.581056e-01;9.532934e-02;7.278124e-02;9.616998e-02;5.798582e-02;6.046712e-02;5.852226e-02;3.279559e-02;2.994781e-02;3.841665e-02
3.286719e-02;1.702080e-01;2.990438e-01;9.798302e-02;4.442117e-02;7.249900e-02;5.875327e-02;7.935929e-02;4.283955e-02;2.934158e-02;3.824741e-02;3.443683e-02
3.915448e-02;1.666587e-01;2.633784e-01;9.273088e-02;7.050765e-02;1.119972e-01;5.337716e-02;7.123138e-02;3.721791e-02;3.200307e-02;3.576639e-02;2.597671e-02
3.944557e-02;1.073392e-01;1.984633e-01;9.721159e-02;7.973370e-02;1.998966e-01;6.768443e-02;8.676195e-02;3.631891e-02;3.338714e-02;1.953560e-02;3.422191e-02
3.176928e-02;6.267317e-02;1.200000e-01;7.104132e-02;1.287995e-01;2.498008e-01;7.188450e-02;8.740843e-02;3.929542e-02;3.037600e-02;3.344784e-02;7.350381e-02
2.101918e-02;4.241665e-02;8.214053e-02;8.861114e-02;1.806174e-01;2.542686e-01;5.518487e-02;6.520948e-02;2.935612e-02;2.552309e-02;3.954949e-02;1.161034e-01
1.295070e-02;4.591978e-02;7.440004e-02;1.340251e-01;2.283361e-01;1.918795e-01;2.675557e-02;4.509804e-02;1.377855e-02;2.402531e-02;6.347132e-02;1.393600e-01
1.104021e-02;8.414458e-02;1.097382e-01;1.635685e-01;1.728516e-01;1.197168e-01;9.439564e-03;6.815601e-02;1.304285e-02;1.267863e-02;1.352079e-01;1.004153e-01
6.583921e-03;7.931614e-02;1.167182e-01;2.004926e-01;1.080032e-01;8.871146e-02;8.496914e-03;9.125253e-02;1.455664e-02;7.478637e-03;2.183604e-01;6.002942e-02
8.636012e-03;5.694844e-02;1.130320e-01;2.242000e-01;7.253017e-02;8.438329e-02;1.271633e-02;9.173147e-02;1.018823e-02;1.206735e-02;2.753555e-01;3.821121e-02
1.419041e-02;3.679034e-02;1.537778e-01;2.293231e-01;4.695433e-02;7.741139e-02;1.833915e-02;6.849332e-02;1.210962e-02;3.861320e-02;2.845068e-01;1.949058e-02
1.941095e-02;4.502990e-02;2.492860e-01;2.025965e-01;2.105576e-02;4.658828e-02;2.716638e-02;4.207826e-02;1.723297e-02;7.439015e-02;2.441445e-01;1.102041e-02
3.235970e-02;7.577847e-02;3.223182e-01;1.645973e-01;3.542395e-02;2.688287e-02;2.980523e-02;2.976499e-02;2.952448e-02;7.236726e-02;1.745022e-01;6.675339e-03
6.334278e-02;8.120231e-02;3.412949e-01;1.554036e-01;1.858351e-02;5.791874e-02;2.426137e-02;3.152200e-02;2.796577e-02;5.062272e-02;1.383889e-01;9.493417e-03
8.590761e-02;8.864567e-02;3.568985e-01;1.265709e-01;3.320330e-02;6.000258e-02;2.262634e-02;2.443613e-02;2.526271e-02;5.638498e-02;1.063797e-01;1.368159e-02
9.317724e-02;1.342989e-01;3.898385e-01;7.588271e-02;2.748322e-02;3.283298e-02;4.168111e-02;1.857864e-02;2.726686e-02;7.995009e-02;6.294433e-02;1.606538e-02
7.499009e-02;2.076431e-01;3.734882e-01;5.371238e-02;1.562448e-02;3.500265e-02;4.384794e-02;1.921831e-02;3.535201e-02;8.113660e-02;4.440889e-02;1.557535e-02
4.987519e-02;2.511919e-01;2.966490e-01;9.797700e-02;4.690680e-02;4.093521e-02;4.526758e-02;3.059454e-02;4.247615e-02;5.812958e-02;1.861737e-02;2.137961e-02
3.056047e-02;1.587010e-01;2.499880e-01;1.475073e-01;8.043038e-02;7.097888e-02;4.454055e-02;4.416781e-02;3.602411e-02;4.146809e-02;5.183040e-02;4.380303e-02
2.946277e-02;1.364482e-01;2.367896e-01;1.349900e-01;7.849706e-02;9.553580e-02;3.044855e-02;5.311373e-02;3.494522e-02;4.328322e-02;5.660111e-02;6.988472e-02
2.219262e-02;1.496643e-01;3.259488e-01;1.136969e-01;8.089378e-02;8.698244e-02;2.352057e-02;2.789262e-02;2.763650e-02;3.666792e-02;7.035919e-02;3.454430e-02
1.785804e-02;1.437789e-01;3.575322e-01;1.422890e-01;7.912836e-02;5.065863e-02;2.724025e-02;1.869950e-02;2.697965e-02;2.996541e-02;8.153284e-02;2.433716e-02
2.577103e-02;1.314122e-01;3.460814e-01;1.327361e-01;4.256685e-02;5.061312e-02;4.638837e-02;3.777878e-02;3.537478e-02;4.464068e-02;8.291595e-02;2.372072e-02
4.314289e-02;1.316682e-01;2.958718e-01;1.227476e-01;5.506838e-02;6.943368e-02;4.896470e-02;4.865852e-02;3.980863e-02;6.016551e-02;6.682197e-02;1.764816e-02
6.166289e-02;1.194923e-01;2.680269e-01;9.447496e-02;1.017892e-01;7.495455e-02;3.539752e-02;4.049035e-02;4.164136e-02;6.264774e-02;7.911906e-02;2.030317e-02
5.101611e-02;1.182195e-01;1.110544e-01;1.111062e-01;9.986837e-02;1.112222e-01;7.982352e-02;5.098578e-02;5.966403e-02;7.215176e-02;1.107963e-01;2.409186e-02
2.500558e-02;1.520995e-01;2.063403e-01;7.879265e-02;4.757667e-02;9.874403e-02;5.896152e-02;6.571685e-02;8.577757e-02;9.519036e-02;5.703324e-02;2.876171e-02
1.859782e-02;2.059574e-01;2.593600e-01;4.360167e-02;2.557482e-02;8.803289e-02;3.914240e-02;5.539455e-02;1.015519e-01;1.016407e-01;3.202824e-02;2.911763e-02
2.022198e-02;2.912718e-01;2.623848e-01;1.813004e-02;1.232595e-02;8.910488e-02;1.285584e-02;3.613495e-02;1.261823e-01;8.021244e-02;1.777724e-02;3.339770e-02
2.252796e-02;3.604322e-01;2.178067e-01;1.799335e-02;8.478950e-03;9.487449e-02;9.467456e-03;2.970607e-02;1.472750e-01;4.722333e-02;6.627619e-03;3.758688e-02
2.408923e-02;3.765933e-01;2.350707e-01;2.440313e-02;1.063615e-02;9.034529e-02;1.144492e-02;2.907923e-02;1.339277e-01;2.376431e-02;7.071787e-03;3.357434e-02
3.581411e-02;4.135230e-01;2.168692e-01;3.471265e-02;1.690154e-02;7.882866e-02;6.320084e-03;2.121406e-02;1.120376e-01;1.857961e-02;1.177131e-02;3.342826e-02
4.727555e-02;4.237684e-01;2.335213e-01;3.543315e-02;1.627670e-02;7.758965e-02;5.746286e-03;1.340832e-02;7.416599e-02;1.211276e-02;2.467808e-02;3.602380e-02
5.686197e-02;4.161975e-01;2.489100e-01;2.862564e-02;2.108624e-02;8.146632e-02;1.421496e-02;2.470372e-02;4.539955e-02;7.909722e-03;2.470960e-02;2.991472e-02
8.570951e-02;3.613069e-01;1.786827e-01;2.814735e-02;2.994467e-02;7.646827e-02;2.500209e-02;6.068221e-02;5.859974e-02;2.991333e-02;3.902829e-02;2.651499e-02
1.053012e-01;2.133450e-01;9.316612e-02;3.728386e-02;3.103985e-02;8.812329e-02;3.016198e-02;1.125304e-01;8.032789e-02;8.518472e-02;9.565925e-02;2.787636e-02
8.608501e-02;2.031551e-01;1.310646e-01;3.544861e-02;2.148399e-02;1.049258e-01;6.785768e-02;8.743559e-02;8.214220e-02;5.528557e-02;8.737028e-02;3.774567e-02
4.225754e-02;2.782276e-01;1.915455e-01;4.263987e-02;2.267412e-02;1.077155e-01;5.062095e-02;6.227003e-02;7.336906e-02;5.356906e-02;4.139551e-02;3.371515e-02
3.568659e-02;2.742033e-01;1.711676e-01;5.501742e-02;4.295395e-02;8.177482e-02;2.457622e-02;8.723790e-02;9.356772e-02;4.025915e-02;6.146954e-02;3.208577e-02
3.130813e-02;2.765519e-01;1.982225e-01;7.178563e-02;5.352959e-02;6.273776e-02;2.299482e-02;8.036152e-02;7.355127e-02;2.434246e-02;5.194382e-02;5.267062e-02
5.358931e-02;2.790121e-01;2.258790e-01;7.615548e-02;6.003269e-02;5.547672e-02;2.782389e-02;5.546398e-02;5.597399e-02;2.118131e-02;3.074195e-02;5.866954e-02
1.049887e-01;1.939400e-01;2.385924e-01;8.287475e-02;3.644427e-02;6.277056e-02;5.705820e-02;7.162855e-02;4.827208e-02;2.313872e-02;4.682492e-02;3.346687e-02
6.189756e-02;3.534578e-01;2.766840e-01;3.976092e-02;1.705617e-02;4.730542e-02;3.796310e-02;5.524387e-02;5.852949e-02;1.730701e-02;2.047814e-02;1.431655e-02
3.730224e-02;4.038673e-01;3.055165e-01;3.316043e-02;9.138250e-03;4.244458e-02;2.382789e-02;4.411813e-02;6.986039e-02;1.438567e-02;5.390689e-03;1.098788e-02
4.190372e-02;4.216457e-01;2.793883e-01;2.912169e-02;1.158143e-02;3.681438e-02;2.622638e-02;3.523371e-02;7.794163e-02;1.179833e-02;1.894746e-02;9.397335e-03
6.786875e-02;4.296462e-01;1.740482e-01;2.694831e-02;2.005983e-02;1.686434e-02;4.274228e-02;7.106069e-02;8.223637e-02;1.916772e-02;4.147562e-02;7.881803e-03
7.670582e-02;3.965399e-01;1.204824e-01;3.037222e-02;2.238874e-02;1.147237e-02;6.103973e-02;8.827984e-02;1.019724e-01;2.820090e-02;5.222189e-02;1.032382e-02
6.795599e-02;4.012203e-01;9.554057e-02;4.327055e-02;1.891959e-02;2.158733e-02;6.012823e-02;8.217233e-02;1.299652e-01;3.182754e-02;3.709285e-02;1.031949e-02
5.084223e-02;4.436681e-01;8.403321e-02;5.807850e-02;1.408594e-02;4.527729e-02;4.470521e-02;5.059525e-02;1.578611e-01;2.361876e-02;2.007995e-02;7.154398e-03
4.132154e-02;4.449509e-01;1.466939e-01;6.872635e-02;8.694751e-03;5.009976e-02;2.364364e-02;2.843372e-02;1.559413e-01;9.134334e-03;8.948824e-03;1.341105e-02
2.933450e-02;4.484144e-01;1.762990e-01;7.181693e-02;6.362262e-03;5.485013e-02;1.119616e-02;1.635917e-02;1.444977e-01;1.522973e-02;7.616594e-03;1.802343e-02
2.237165e-02;4.497614e-01;2.012801e-01;6.549514e-02;6.373441e-03;6.164820e-02;1.083621e-02;1.345246e-02;1.300228e-01;8.825064e-03;5.314567e-03;2.461903e-02
1.936572e-02;4.238524e-01;2.258526e-01;4.736467e-02;8.991934e-03;6.731481e-02;9.511271e-03;2.672754e-02;1.000416e-01;2.607556e-02;6.190259e-03;3.871158e-02
1.983812e-02;3.856716e-01;2.770542e-01;2.241488e-02;1.707341e-02;5.271729e-02;1.024286e-02;4.108426e-02;6.444144e-02;5.457275e-02;8.354858e-03;4.653434e-02
1.844448e-02;3.025742e-01;3.843058e-01;1.511643e-02;2.561652e-02;3.063856e-02;1.247017e-02;3.479666e-02;4.185956e-02;9.409622e-02;9.045376e-03;3.103593e-02
1.525037e-02;1.986388e-01;4.726165e-01;3.393149e-02;3.712210e-02;1.537789e-02;2.180491e-02;2.057292e-02;3.595636e-02;1.263417e-01;8.733685e-03;1.365333e-02
3.042014e-02;1.514575e-01;5.040970e-01;2.829443e-02;4.245294e-02;1.397542e-02;4.232089e-02;1.353141e-02;2.219637e-02;1.231425e-01;1.979831e-02;8.313184e-03
4.882362e-02;1.600669e-01;4.725494e-01;4.912617e-02;3.074964e-02;2.627744e-02;4.642315e-02;1.664020e-02;2.002849e-02;8.534560e-02;3.422540e-02;9.743986e-03
5.777952e-02;1.555506e-01;4.458144e-01;8.852544e-02;2.074006e-02;3.399728e-02;3.197123e-02;1.815864e-02;3.366721e-02;5.491982e-02;4.711942e-02;1.175629e-02
6.830431e-02;1.531726e-01;3.813116e-01;1.224386e-01;3.063664e-02;2.157635e-02;1.517454e-02;1.770183e-02;3.711399e-02;6.823636e-02;6.191821e-02;2.241497e-02
8.726139e-02;1.185474e-01;3.087232e-01;1.405071e-01;4.159621e-02;5.892215e-02;2.566223e-02;2.607151e-02;3.895302e-02;4.392278e-02;7.771695e-02;3.211608e-02
6.490832e-02;2.223145e-01;2.776749e-01;1.079933e-01;1.718311e-02;1.055631e-01;3.196984e-02;2.949129e-02;3.730086e-02;4.719689e-02;3.157940e-02;2.682444e-02
3.618127e-02;2.502214e-01;3.159462e-01;8.716564e-02;3.036044e-02;9.155278e-02;2.795264e-02;3.837339e-02;2.905153e-02;5.487759e-02;1.923652e-02;1.908064e-02
4.087958e-02;2.214898e-01;3.483503e-01;7.274530e-02;3.882304e-02;7.940587e-02;2.732068e-02;3.485083e-02;3.763329e-02;5.028252e-02;2.317654e-02;2.504219e-02
4.621579e-02;2.067350e-01;3.296688e-01;6.516630e-02;4.635688e-02;7.267185e-02;2.912304e-02;4.759931e-02;5.361420e-02;6.254006e-02;1.445410e-02;2.585468e-02
5.011680e-02;2.904662e-01;3.289398e-01;3.910002e-02;3.605008e-02;4.883351e-02;2.199672e-02;4.918347e-02;3.816092e-02;5.543705e-02;1.683396e-02;2.488144e-02
3.950192e-02;2.978003e-01;3.619418e-01;3.804780e-02;2.853219e-02;4.610485e-02;2.628842e-02;3.688708e-02;4.997654e-02;3.955628e-02;1.999797e-02;1.536492e-02
2.687302e-02;3.341557e-01;3.678212e-01;2.040244e-02;1.919932e-02;4.904304e-02;3.739304e-02;3.411039e-02;5.690745e-02;2.041020e-02;2.150919e-02;1.217497e-02
