5.427285e-02;8.523054e-02;7.009128e-02;2.704530e-02;3.422035e-02;9.621587e-02;1.431770e-01;1.631362e-01;1.112064e-01;7.266935e-02;7.177266e-02;7.096209e-02
4.243410e-02;8.360046e-02;8.295317e-02;4.438186e-02;3.545215e-02;1.091977e-01;1.401274e-01;1.500705e-01;1.244433e-01;8.039074e-02;4.937402e-02;5.757465e-02
3.415225e-02;1.308538e-01;2.012138e-01;5.686142e-02;3.077029e-02;9.094299e-02;8.904966e-02;1.048788e-01;1.034838e-01;1.046350e-01;2.614035e-02;2.701787e-02
2.903565e-02;1.760027e-01;3.328851e-01;4.747304e-02;2.597726e-02;4.570469e-02;4.474733e-02;5.094053e-02;5.828942e-02;1.401025e-01;2.650446e-02;2.233751e-02
2.571306e-02;1.531981e-01;3.789798e-01;2.757632e-02;2.359868e-02;3.128797e-02;4.824775e-02;2.372394e-02;2.626509e-02;2.187838e-01;2.657550e-02;1.604990e-02
2.006388e-02;1.087386e-01;3.781055e-01;2.876488e-02;2.882196e-02;2.139023e-02;7.109606e-02;2.375226e-02;2.308316e-02;2.563435e-01;2.847299e-02;1.136698e-02
2.536780e-02;7.444104e-02;4.001864e-01;2.076093e-02;3.110317e-02;1.478366e-02;9.672077e-02;1.932138e-02;1.157476e-02;2.831583e-01;1.265313e-02;9.928633e-03
2.855874e-02;6.702989e-02;4.035692e-01;1.378814e-02;2.358337e-02;1.074321e-02;1.149945e-01;1.346457e-02;8.508851e-03;2.922392e-01;1.191587e-02;1.160459e-02
1.902889e-02;7.086299e-02;3.940148e-01;1.919395e-02;2.021798e-02;1.458079e-02;1.145237e-01;1.382244e-02;7.349218e-03;3.005172e-01;1.368434e-02;1.220369e-02
1.967640e-02;7.801171e-02;3.791034e-01;1.283200e-02;1.982747e-02;1.413015e-02;1.020613e-01;1.380968e-02;1.497406e-02;3.209320e-01;1.663751e-02;8.004240e-03
3.231340e-02;6.930333e-02;3.549253e-01;1.282418e-02;1.800995e-02;1.200909e-02;9.770796e-02;1.373680e-02;2.152486e-02;3.368331e-01;1.790117e-02;1.291084e-02
3.512754e-02;8.777900e-02;3.344977e-01;1.640937e-02;1.804455e-02;1.363864e-02;9.478496e-02;1.020630e-02;3.637746e-02;3.245408e-01;1.986002e-02;8.733730e-03
3.651667e-02;1.149389e-01;3.435112e-01;1.402416e-02;1.798496e-02;1.891669e-02;8.619004e-02;1.231261e-02;4.719781e-02;2.827338e-01;1.804976e-02;7.623394e-03
5.181899e-02;1.382737e-01;3.641185e-01;3.267764e-02;1.725837e-02;2.539685e-02;6.531479e-02;1.889689e-02;4.829461e-02;2.010499e-01;2.405795e-02;1.284186e-02
5.746170e-02;1.788949e-01;4.148373e-01;4.292171e-02;2.047718e-02;3.428061e-02;4.397615e-02;2.516002e-02;3.943851e-02;1.103711e-01;2.061484e-02;1.156610e-02
4.208004e-02;1.859681e-01;3.510007e-01;3.321446e-02;3.614341e-02;7.749700e-02;6.287173e-02;6.181142e-02;4.526839e-02;5.129788e-02;2.814494e-02;2.470187e-02
4.205206e-02;8.979570e-02;1.715084e-01;2.638035e-02;5.665834e-02;1.275566e-01;1.035129e-01;1.280608e-01;8.631056e-02;9.024449e-02;4.022179e-02;3.769795e-02
3.332524e-02;6.346145e-02;1.477952e-01;2.811590e-02;5.167829e-02;1.374106e-01;1.114705e-01;1.402971e-01;1.024373e-01;9.167175e-02;5.299442e-02;3.934231e-02
2.212113e-02;1.111932e-01;2.587820e-01;3.084208e-02;3.001240e-02;9.039336e-02;7.743973e-02;8.618656e-02;8.039797e-02;1.518746e-01;3.441314e-02;2.634381e-02
1.347132e-02;1.110701e-01;3.432855e-01;4.208087e-02;1.750510e-02;3.201609e-02;4.931826e-02;4.193611e-02;5.997810e-02;2.498111e-01;2.429687e-02;1.523066e-02
1.206389e-02;1.134947e-01;3.739256e-01;3.631231e-02;1.325849e-02;2.553372e-02;5.961968e-02;3.184883e-02;3.808718e-02;2.685009e-01;1.576079e-02;1.159399e-02
1.993590e-02;1.064824e-01;3.717209e-01;3.890018e-02;1.260933e-02;3.086451e-02;5.228906e-02;3.759661e-02;4.233314e-02;2.676851e-01;1.125219e-02;8.330761e-03
2.160115e-02;9.427235e-02;3.868948e-01;4.109505e-02;1.697066e-02;2.513840e-02;2.785140e-02;4.703080e-02;4.722830e-02;2.684014e-01;1.054772e-02;1.296789e-02
2.373102e-02;1.521925e-01;4.201582e-01;2.416373e-02;1.790858e-02;3.007415e-02;1.525163e-02;4.023193e-02;3.513496e-02;2.063756e-01;1.459592e-02;2.018170e-02
2.812011e-02;1.795689e-01;4.596113e-01;3.718569e-02;1.954051e-02;3.499726e-02;1.871492e-02;2.332729e-02;2.318016e-02;1.454858e-01;1.203400e-02;1.823417e-02
2.858212e-02;1.759680e-01;4.925547e-01;4.779433e-02;1.907475e-02;2.302190e-02;3.632405e-02;2.342033e-02;2.515054e-02;1.048698e-01;1.275608e-02;1.048340e-02
3.558991e-02;1.904615e-01;4.709121e-01;4.387083e-02;2.629152e-02;2.945733e-02;5.265384e-02;3.096523e-02;2.395351e-02;6.707494e-02;1.821267e-02;1.055663e-02
3.083177e-02;1.603904e-01;3.706389e-01;3.943000e-02;3.803439e-02;7.206268e-02;5.149964e-02;7.206023e-02;5.891688e-02;4.187686e-02;4.000678e-02;2.425141e-02
4.493577e-02;1.230475e-01;1.699051e-01;3.842959e-02;5.884667e-02;1.399066e-01;7.673299e-02;1.268977e-01;7.989784e-02;5.358289e-02;3.255868e-02;5.525865e-02
4.227990e-02;1.169030e-01;1.382757e-01;4.691885e-02;7.458660e-02;1.204741e-01;7.450632e-02;1.531804e-01;8.541120e-02;5.666467e-02;1.949353e-02;7.130573e-02
2.470951e-02;8.850139e-02;1.234558e-01;8.260210e-02;9.185266e-02;6.664741e-02;5.548229e-02;1.615480e-01;7.219996e-02;5.085597e-02;1.007996e-01;8.134529e-02
2.208533e-02;3.386823e-02;8.136003e-02;1.508841e-01;8.238570e-02;6.713770e-02;4.581733e-02;1.455315e-01;3.726048e-02;4.496626e-02;2.221604e-01;6.654298e-02
2.339118e-02;3.684039e-02;1.522359e-01;2.137537e-01;4.063043e-02;5.321850e-02;3.890872e-02;9.625381e-02;1.956485e-02;3.027006e-02;2.652188e-01;2.971358e-02
2.201165e-02;4.660803e-02;2.118809e-01;2.612137e-01;1.390328e-02;4.964559e-02;4.191928e-02;7.849828e-02;1.687095e-02;3.551116e-02;2.074137e-01;1.452348e-02
1.658788e-02;6.345761e-02;2.273558e-01;2.336085e-01;2.547068e-02;6.200956e-02;2.532096e-02;8.716896e-02;2.055672e-02;5.390029e-02;1.740835e-01;1.047956e-02
1.252012e-02;8.181011e-02;2.827035e-01;1.936185e-01;2.993745e-02;5.347577e-02;2.034249e-02;5.881080e-02;2.090587e-02;3.552994e-02;1.973952e-01;1.295027e-02
8.987009e-03;1.042115e-01;3.084659e-01;1.544541e-01;2.342805e-02;6.635494e-02;2.331139e-02;3.709216e-02;1.347451e-02;5.396810e-02;1.995933e-01;6.659043e-03
1.876967e-02;9.601817e-02;3.191248e-01;1.584655e-01;2.967592e-02;3.188534e-02;3.344932e-02;4.085962e-02;1.088189e-02;7.258659e-02;1.783773e-01;9.905838e-03
2.074021e-02;8.969079e-02;2.976758e-01;1.712173e-01;3.193962e-02;6.478985e-02;2.874648e-02;3.432200e-02;8.584717e-03;4.366809e-02;1.938312e-01;1.479393e-02
1.394228e-02;7.159431e-02;2.747639e-01;2.147604e-01;2.526253e-02;4.888230e-02;2.374940e-02;3.639069e-02;7.421211e-03;4.148695e-02;2.282143e-01;1.353176e-02
3.537913e-03;5.602648e-02;2.376934e-01;2.700332e-01;2.816153e-02;4.693318e-02;2.133305e-02;2.570661e-02;9.710707e-03;4.676350e-02;2.419072e-01;1.219323e-02
6.583383e-03;2.576070e-02;1.490446e-01;3.198628e-01;6.975064e-02;5.856289e-02;1.515587e-02;3.592757e-02;9.103531e-03;2.992022e-02;2.521110e-01;2.821672e-02
5.262297e-03;2.076183e-02;1.344664e-01;3.293684e-01;9.692041e-02;6.051754e-02;7.519240e-03;3.053872e-02;1.113565e-02;2.478995e-02;2.480193e-01;3.070025e-02
4.645424e-03;3.773564e-02;1.698924e-01;3.476307e-01;8.655267e-02;3.625855e-02;6.855601e-03;2.434779e-02;6.795566e-03;1.769545e-02;2.501349e-01;1.145534e-02
2.422066e-03;4.402495e-02;2.063331e-01;3.621900e-01;6.949940e-02;3.162399e-02;6.840310e-03;1.814590e-02;6.060284e-03;1.105108e-02;2.233205e-01;1.848832e-02
3.174842e-03;4.850478e-02;2.559546e-01;3.697911e-01;4.657754e-02;2.853521e-02;6.857106e-03;1.788834e-02;6.598006e-03;1.927025e-02;1.865285e-01;1.031979e-02
4.257770e-03;3.771200e-02;2.788584e-01;3.646683e-01;2.613135e-02;4.958881e-02;1.154220e-02;1.845440e-02;8.995646e-03;2.158162e-02;1.701251e-01;8.084435e-03
7.638005e-03;4.173187e-02;2.675635e-01;3.410490e-01;3.245395e-02;5.768532e-02;1.494808e-02;2.297775e-02;8.571691e-03;2.977755e-02;1.610741e-01;1.452923e-02
7.291632e-03;3.690266e-02;2.136827e-01;3.732518e-01;4.563509e-02;6.483547e-02;1.184293e-02;3.278270e-02;1.087216e-02;3.508607e-02;1.617661e-01;6.050725e-03
6.023976e-03;4.279176e-02;1.936073e-01;3.991310e-01;7.455737e-02;6.551526e-02;8.188781e-03;2.517501e-02;8.540609e-03;1.912320e-02;1.510455e-01;6.300143e-03
4.356072e-03;3.855435e-02;2.063599e-01;3.975599e-01;7.032324e-02;6.879781e-02;1.519238e-02;2.223139e-02;6.081976e-03;1.874706e-02;1.467798e-01;5.016133e-03
4.972066e-03;5.543173e-02;2.766724e-01;3.661581e-01;4.892339e-02;4.645176e-02;1.525040e-02;1.686231e-02;1.032749e-02;1.590440e-02;1.392350e-01;3.810975e-03
5.724760e-03;8.724824e-02;3.682733e-01;3.024302e-01;1.512048e-02;1.873280e-02;1.525736e-02;1.018448e-02;1.799509e-02;4.794456e-02;1.067698e-01;4.318986e-03
1.004412e-02;9.641943e-02;3.692363e-01;1.904678e-01;4.377241e-02;3.317408e-02;4.090115e-02;1.714532e-02;3.384412e-02;1.197276e-01;3.790424e-02;7.363293e-03
8.873767e-03;1.395354e-01;3.681609e-01;1.210849e-01;4.574362e-02;2.669776e-02;5.409229e-02;1.973834e-02;4.615887e-02;1.525017e-01;8.869696e-03;8.542782e-03
8.746089e-03;1.985424e-01;3.568122e-01;6.053216e-02;2.426168e-02;2.405353e-02;4.074768e-02;2.005709e-02;7.719082e-02;1.613864e-01;1.317047e-02;1.449949e-02
1.232265e-02;2.678352e-01;3.008013e-01;3.114561e-02;8.887357e-03;4.039544e-02;1.519164e-02;2.327446e-02;1.350413e-01;1.221954e-01;1.582942e-02;2.708018e-02
1.700472e-02;3.130322e-01;2.229060e-01;2.571933e-02;6.750254e-03;4.979892e-02;6.812246e-03;1.889562e-02;2.217380e-01;5.935519e-02;2.434205e-02;3.364541e-02
2.107573e-02;3.367420e-01;1.453924e-01;2.439657e-02;3.588800e-03;4.646968e-02;1.083832e-02;1.459263e-02;2.986567e-01;4.170337e-02;3.074060e-02;2.580318e-02
2.392288e-02;3.471377e-01;1.390387e-01;2.688515e-02;6.114393e-03;3.971874e-02;7.064137e-03;2.357651e-02;3.088769e-01;2.989543e-02;2.965545e-02;1.811401e-02
2.800621e-02;3.603754e-01;1.799873e-01;2.818703e-02;7.811252e-03;3.175198e-02;1.515884e-02;1.306495e-02;2.734880e-01;1.584780e-02;3.289758e-02;1.342364e-02
3.487746e-02;3.815587e-01;1.435086e-01;3.392924e-02;1.307007e-02;3.748686e-02;1.654330e-02;2.504518e-02;2.483303e-01;2.360663e-02;3.160974e-02;1.043393e-02
4.258416e-02;3.997916e-01;1.144933e-01;4.063474e-02;1.414100e-02;4.898103e-02;1.870186e-02;2.057094e-02;2.287128e-01;2.828934e-02;2.689369e-02;1.620556e-02
4.745542e-02;3.764902e-01;1.573036e-01;3.958454e-02;1.273348e-02;5.040120e-02;2.130621e-02;3.662319e-02;1.913335e-01;3.059943e-02;1.737653e-02;1.879264e-02
4.099737e-02;3.341036e-01;2.403456e-01;3.605239e-02;9.166956e-03;6.758405e-02;1.982425e-02;2.489055e-02;1.460014e-01;3.470038e-02;2.432088e-02;2.201259e-02
3.888293e-02;3.200290e-01;2.590308e-01;4.162834e-02;1.443444e-02;8.351868e-02;2.325497e-02;1.866152e-02;1.174077e-01;3.431563e-02;2.797568e-02;2.086031e-02
3.896559e-02;3.035519e-01;2.691360e-01;6.543057e-02;2.389358e-02;9.717006e-02;1.366859e-02;2.359279e-02;9.802171e-02;2.419320e-02;2.259363e-02;1.978234e-02
3.700394e-02;3.066242e-01;3.086805e-01;7.915762e-02;1.851030e-02;7.669736e-02;1.767451e-02;1.817125e-02;9.193996e-02;1.765548e-02;1.326926e-02;1.461560e-02
3.398833e-02;3.257611e-01;3.053978e-01;7.868706e-02;2.330820e-02;6.532282e-02;1.062619e-02;1.701745e-02;9.366172e-02;1.457929e-02;1.454947e-02;1.710061e-02
3.166833e-02;3.197690e-01;3.102524e-01;5.724909e-02;2.026302e-02;5.484955e-02;1.711205e-02;1.988413e-02;1.004163e-01;2.210449e-02;3.187082e-02;1.456077e-02
3.234436e-02;3.308401e-01;3.058949e-01;4.109761e-02;1.364562e-02;3.468610e-02;2.825438e-02;3.776501e-02;9.590968e-02;3.238912e-02;3.612048e-02;1.105261e-02
3.913342e-02;3.507409e-01;3.014582e-01;3.108833e-02;1.596669e-02;2.509568e-02;2.960627e-02;4.103584e-02;1.112886e-01;1.183191e-02;3.327764e-02;9.476583e-03
4.399769e-02;3.467152e-01;2.479950e-01;1.999433e-02;1.969565e-02;2.066266e-02;2.352429e-02;7.569955e-02;1.384882e-01;2.016931e-02;3.033761e-02;1.272053e-02
6.357560e-02;2.702370e-01;1.720483e-01;2.567004e-02;3.387549e-02;5.137887e-02;3.507169e-02;1.436667e-01;1.338812e-01;2.881582e-02;2.429973e-02;1.747956e-02
7.775316e-02;1.686053e-01;1.401014e-01;4.372373e-02;3.867212e-02;9.769884e-02;6.975805e-02;1.510498e-01;1.194379e-01;4.025887e-02;2.824173e-02;2.469906e-02
5.330331e-02;3.516624e-01;2.309875e-01;3.769199e-02;1.746986e-02;5.607392e-02;3.651897e-02;5.193762e-02;8.812807e-02;3.006350e-02;2.251847e-02;2.364442e-02
5.012962e-02;4.293920e-01;2.489626e-01;4.090184e-02;1.273909e-02;2.779670e-02;2.051310e-02;3.411659e-02;6.950690e-02;1.660017e-02;3.097840e-02;1.836306e-02
5.476496e-02;3.563157e-01;2.014917e-01;4.712262e-02;3.015133e-02;3.938684e-02;3.591050e-02;8.849209e-02;4.438475e-02;3.731260e-02;4.947957e-02;1.518733e-02
7.529931e-02;2.276977e-01;1.620797e-01;3.884961e-02;5.113170e-02;3.862897e-02;4.601121e-02;1.947685e-01;5.941535e-02;3.705454e-02;5.233004e-02;1.673345e-02
1.205251e-01;1.390149e-01;9.650601e-02;2.388098e-02;5.762096e-02;2.684087e-02;3.351527e-02;3.383178e-01;6.467160e-02;2.198508e-02;6.431420e-02;1.280728e-02
1.541988e-01;7.618884e-02;4.583134e-02;1.733230e-02;6.028429e-02;1.653065e-02;3.207405e-02;4.620624e-01;5.399220e-02;1.438045e-02;6.019814e-02;6.926536e-03
1.481212e-01;9.769978e-02;8.429819e-02;1.857112e-02;6.002321e-02;1.655689e-02;3.956899e-02;4.482729e-01;2.699899e-02;1.549123e-02;3.193898e-02;1.245862e-02
1.366613e-01;1.113729e-01;8.526316e-02;2.644176e-02;5.120264e-02;1.652706e-02;7.877524e-02;3.915497e-01;3.562500e-02;2.127596e-02;2.752921e-02;1.777603e-02
1.217249e-01;1.012330e-01;8.049750e-02;3.238822e-02;4.487389e-02;2.660074e-02;1.595799e-01;3.078816e-01;3.950441e-02;1.499493e-02;2.968250e-02;4.103838e-02
9.939343e-02;1.248746e-01;1.170579e-01;3.457630e-02;4.279864e-02;3.475536e-02;1.970688e-01;2.052923e-01;5.506822e-02;2.218479e-02;2.182852e-02;4.510124e-02
8.544789e-02;1.441031e-01;1.666377e-01;5.028038e-02;4.818960e-02;3.435738e-02;1.654425e-01;1.024061e-01;8.634371e-02;3.895059e-02;3.588680e-02;4.195420e-02
7.561279e-02;1.908742e-01;1.696351e-01;5.407427e-02;4.278165e-02;4.170988e-02;5.905498e-02;1.661087e-01;1.039238e-01;3.454706e-02;3.369099e-02;2.798658e-02
8.849592e-02;2.504554e-01;1.246751e-01;5.986844e-02;4.081229e-02;3.919872e-02;3.106698e-02;1.670118e-01;1.006068e-01;2.255582e-02;4.357858e-02;3.167411e-02
8.970414e-02;2.558441e-01;1.736146e-01;7.224632e-02;3.236264e-02;3.314952e-02;6.785753e-02;9.689278e-02;7.444245e-02;2.566587e-02;3.796039e-02;4.025969e-02
8.792542e-02;2.518659e-01;1.384537e-01;7.713718e-02;3.669381e-02;3.956860e-02;7.982153e-02;1.165765e-01;6.530641e-02;5.324024e-02;2.613927e-02;2.727140e-02
5.831216e-02;2.508587e-01;2.533412e-01;4.475313e-02;2.619706e-02;3.857690e-02;4.155437e-02;1.540006e-01;5.786127e-02;3.791410e-02;2.455524e-02;1.207529e-02
4.746766e-02;2.256598e-01;2.646294e-01;5.174091e-02;2.502250e-02;3.794755e-02;4.160215e-02;1.668029e-01;6.467845e-02;3.646947e-02;2.041127e-02;1.756802e-02
4.761420e-02;2.415530e-01;3.017739e-01;5.390291e-02;2.937773e-02;3.002680e-02;3.549679e-02;1.257336e-01;5.590619e-02;3.357398e-02;2.076418e-02;2.427677e-02
5.912297e-02;2.615357e-01;2.686241e-01;4.615438e-02;2.783435e-02;2.488297e-02;3.037223e-02;1.090747e-01;7.168303e-02;4.299247e-02;2.559221e-02;3.213090e-02
5.398889e-02;2.441516e-01;1.737683e-01;4.813573e-02;3.796968e-02;4.805091e-02;6.957278e-02;1.085249e-01;1.003854e-01;4.874400e-02;3.334770e-02;3.336002e-02
4.489077e-02;3.086198e-01;1.889103e-01;4.050341e-02;4.079778e-02;8.202893e-02;8.488744e-02;6.309512e-02;6.588717e-02;2.238791e-02;3.427641e-02;2.371502e-02
6.726364e-02;3.381339e-01;2.121117e-01;2.635159e-02;2.920258e-02;8.577374e-02;8.457240e-02;4.883470e-02;3.055498e-02;2.252811e-02;2.104943e-02;3.362315e-02
8.078862e-02;2.749647e-01;2.164357e-01;2.995517e-02;2.379708e-02;5.243810e-02;1.016310e-01;9.255853e-02;3.883791e-02;2.315838e-02;2.157569e-02;4.385906e-02
9.192168e-02;1.800748e-01;1.705281e-01;4.752794e-02;2.127787e-02;4.140386e-02;1.514101e-01;1.267675e-01;4.719134e-02;3.181681e-02;2.225215e-02;6.782798e-02
8.530335e-02;1.316667e-01;6.482100e-02;6.562375e-02;2.378914e-02;4.694892e-02;2.460672e-01;1.380475e-01;4.761554e-02;3.237361e-02;1.543682e-02;1.023064e-01
5.975639e-02;7.103916e-02;5.560315e-02;5.561358e-02;2.433758e-02;4.493384e-02;3.382630e-01;1.252543e-01;4.609685e-02;2.910598e-02;1.427771e-02;1.357185e-01
4.585408e-02;1.053491e-01;9.597147e-02;4.405721e-02;2.010020e-02;6.217229e-02;3.160092e-01;7.002948e-02;6.280643e-02;2.581712e-02;2.386179e-02;1.279717e-01
4.172926e-02;1.459961e-01;7.598949e-02;3.478717e-02;1.776004e-02;7.606441e-02;3.109258e-01;6.617982e-02;6.748851e-02;2.284595e-02;2.705736e-02;1.131761e-01
5.134926e-02;1.749811e-01;5.471068e-02;2.734379e-02;1.523488e-02;6.971665e-02;3.334691e-01;6.267449e-02;5.688306e-02;1.770138e-02;3.632245e-02;9.961314e-02
5.389903e-02;1.885880e-01;8.859763e-02;1.867765e-02;2.437006e-02;7.669523e-02;3.244287e-01;4.662487e-02;4.757067e-02;1.779578e-02;3.067576e-02;8.207661e-02
4.446442e-02;1.296555e-01;4.293497e-02;2.324762e-02;2.866111e-02;1.047089e-01;3.658734e-01;8.567568e-02;4.527720e-02;1.604151e-02;2.643453e-02;8.702523e-02
4.203518e-02;9.502216e-02;4.163675e-02;3.005841e-02;2.486126e-02;1.081785e-01;3.746563e-01;1.074323e-01;4.041190e-02;2.062474e-02;2.947455e-02;8.560799e-02
3.486815e-02;1.006399e-01;7.993376e-02;3.333418e-02;2.294161e-02;1.169528e-01;3.533579e-01;1.118497e-01;3.610948e-02;1.418766e-02;2.252004e-02;7.330471e-02
2.218872e-02;6.878965e-02;7.816046e-02;3.069542e-02;1.761260e-02;1.379865e-01;3.571721e-01;1.232852e-01;4.214334e-02;1.878371e-02;3.605893e-02;6.712329e-02
2.217665e-02;6.006547e-02;7.309321e-02;3.146280e-02;1.703162e-02;1.703907e-01;3.370375e-01;1.242534e-01;4.266620e-02;2.009948e-02;3.484502e-02;6.687801e-02
3.460646e-02;8.567733e-02;5.931803e-02;3.514434e-02;2.130880e-02;1.838113e-01;2.608494e-01;1.209613e-01;7.473025e-02;2.425389e-02;3.146687e-02;6.787199e-02
3.796848e-02;1.102787e-01;1.001408e-01;4.498414e-02;2.593181e-02;1.449328e-01;1.554350e-01;1.683109e-01;1.051683e-01;2.999380e-02;2.618906e-02;5.066617e-02
6.700461e-02;1.177895e-01;1.294166e-01;6.036770e-02;2.292718e-02;9.887759e-02;9.650051e-02;1.535023e-01;1.125005e-01;4.645096e-02;4.166302e-02;5.299959e-02
8.234406e-02;1.687724e-01;9.211513e-02;6.615799e-02;5.379303e-02;7.771933e-02;9.455917e-02;9.379814e-02;7.705370e-02;7.945286e-02;4.412860e-02;7.010552e-02
6.713156e-02;1.905968e-01;1.271710e-01;3.758984e-02;3.692157e-02;7.548191e-02;1.509992e-01;1.325603e-01;3.367675e-02;4.980557e-02;1.955253e-02;7.851300e-02
5.613198e-02;1.719655e-01;1.106766e-01;3.416024e-02;2.197534e-02;4.298189e-02;2.576275e-01;1.452262e-01;1.800897e-02;2.843428e-02;1.217524e-02;1.006363e-01
5.341507e-02;1.196804e-01;7.815541e-02;5.269507e-02;1.184488e-02;4.233652e-02;3.407521e-01;1.131561e-01;2.176476e-02;3.101888e-02;1.370572e-02;1.214750e-01
5.645947e-02;1.024738e-01;3.546116e-02;5.899178e-02;1.121054e-02;4.325533e-02;3.714331e-01;1.186158e-01;2.575562e-02;3.785500e-02;1.203850e-02;1.264499e-01
5.133158e-02;9.821256e-02;4.401031e-02;4.181469e-02;1.343978e-02;3.781343e-02;3.381075e-01;1.922920e-01;2.546525e-02;4.451717e-02;1.241682e-02;1.005789e-01
