1.129739e-01;1.139501e-01;2.423242e-01;5.536753e-02;1.103437e-01;5.997752e-02;5.508531e-02;4.673066e-02;6.629394e-02;5.262415e-02;4.102952e-02;4.329946e-02
1.271525e-01;2.042869e-01;2.238549e-01;1.153599e-01;1.209236e-01;2.462683e-02;3.849843e-02;1.812376e-02;3.349611e-02;2.386666e-02;3.205279e-02;3.775760e-02
1.105846e-01;1.952212e-01;2.582549e-01;1.477254e-01;1.057831e-01;3.119396e-02;4.139548e-02;1.465252e-02;2.097213e-02;1.277636e-02;2.414843e-02;3.729197e-02
1.017438e-01;1.466951e-01;2.962388e-01;1.270161e-01;8.428094e-02;5.052659e-02;5.144848e-02;2.670555e-02;4.733002e-02;1.918463e-02;1.956266e-02;2.926737e-02
1.177236e-01;1.204910e-01;2.348244e-01;5.906263e-02;1.201042e-01;6.516140e-02;7.394576e-02;8.598991e-02;6.875438e-02;1.880124e-02;1.630636e-02;1.883504e-02
1.799637e-01;1.065002e-01;1.240054e-01;3.406945e-02;1.293481e-01;6.557652e-02;8.285578e-02;1.674027e-01;5.726774e-02;1.014592e-02;1.512148e-02;2.774297e-02
1.723445e-01;5.697266e-02;4.749160e-02;4.421167e-02;8.861680e-02;4.750974e-02;1.591846e-01;2.610524e-01;3.358023e-02;1.501755e-02;1.485648e-02;5.916174e-02
1.167617e-01;1.609166e-02;2.509434e-02;6.988461e-02;2.181697e-02;2.293739e-02;2.726350e-01;2.638207e-01;3.050050e-02;3.567310e-02;1.817132e-02;1.066127e-01
8.645803e-02;1.484460e-02;1.948934e-02;8.535989e-02;1.046379e-02;1.536394e-02;3.499861e-01;1.773216e-01;2.541417e-02;5.030810e-02;1.776011e-02;1.472304e-01
7.315075e-02;1.717327e-02;1.875176e-02;9.092969e-02;1.171731e-02;1.522380e-02;3.845860e-01;1.150382e-01;2.056470e-02;5.927565e-02;2.201873e-02;1.715702e-01
8.593553e-02;1.319107e-02;1.816172e-02;8.791374e-02;1.175074e-02;1.736319e-02;3.768570e-01;1.102321e-01;1.817802e-02;7.013530e-02;1.981469e-02;1.704669e-01
1.060360e-01;1.891301e-02;2.663226e-02;7.445981e-02;1.130809e-02;2.320311e-02;3.464212e-01;1.310200e-01;1.430118e-02;6.880845e-02;1.981732e-02;1.590795e-01
1.062600e-01;3.625755e-02;4.973302e-02;6.454247e-02;1.416669e-02;4.967085e-02;2.992148e-01;1.274363e-01;2.094977e-02;6.662191e-02;2.668916e-02;1.384575e-01
1.065489e-01;6.539845e-02;7.058083e-02;5.639179e-02;3.279693e-02;6.442000e-02;2.175556e-01;9.093351e-02;8.699393e-02;6.303837e-02;3.579008e-02;1.095516e-01
2.346665e-01;1.025870e-01;1.102375e-01;3.043691e-02;5.522631e-02;2.973405e-02;4.318455e-02;1.671773e-01;1.291694e-01;3.076007e-02;3.285547e-02;3.396493e-02
2.758273e-01;9.094522e-02;8.053122e-02;1.771591e-02;6.513901e-02;1.436331e-02;4.860496e-02;2.339999e-01;9.565935e-02;1.821071e-02;3.607281e-02;2.293030e-02
2.952596e-01;8.046595e-02;6.251924e-02;9.011392e-03;7.426237e-02;1.384800e-02;6.977236e-02;2.767581e-01;5.117000e-02;1.230784e-02;3.332597e-02;2.129924e-02
2.880021e-01;8.950859e-02;8.313619e-02;7.345601e-03;7.188994e-02;1.171341e-02;3.160567e-02;2.678135e-01;6.852654e-02;1.993078e-02;3.705456e-02;2.347318e-02
2.614728e-01;8.550437e-02;9.432240e-02;9.593592e-03;6.965064e-02;8.616146e-03;5.335922e-02;2.338379e-01;8.059035e-02;2.658904e-02;4.103784e-02;3.542574e-02
2.217131e-01;7.502613e-02;9.291437e-02;2.058105e-02;7.654821e-02;1.038035e-02;9.292642e-02;1.875417e-01;9.288608e-02;3.194315e-02;4.120390e-02;5.633555e-02
1.611401e-01;5.172697e-02;5.869741e-02;6.006889e-02;8.230306e-02;2.317082e-02;8.556674e-02;1.959413e-01;8.400381e-02;4.686202e-02;4.745777e-02;1.030612e-01
1.955544e-01;5.251779e-02;6.981203e-02;7.415070e-02;4.275849e-02;2.403287e-02;6.407125e-02;2.402059e-01;4.479450e-02;4.221082e-02;5.011781e-02;9.977352e-02
1.493458e-01;4.880361e-02;1.064564e-01;7.511685e-02;4.479410e-02;3.396267e-02;7.381043e-02;1.791050e-01;6.268352e-02;4.085843e-02;7.515130e-02;1.099119e-01
1.379911e-01;5.190990e-02;1.456945e-01;6.267869e-02;5.165241e-02;6.930567e-02;9.113825e-02;8.111104e-02;5.941005e-02;6.087563e-02;8.893632e-02;9.929643e-02
1.724185e-01;4.790648e-02;2.523887e-01;4.532981e-02;5.501008e-02;7.492001e-02;6.617101e-02;5.002407e-02;6.479859e-02;5.236525e-02;5.114715e-02;6.752025e-02
2.297571e-01;6.904938e-02;2.269384e-01;3.807329e-02;4.316337e-02;5.314209e-02;6.225464e-02;7.062993e-02;6.953335e-02;5.230543e-02;3.052559e-02;5.462745e-02
3.015023e-01;9.853125e-02;1.853591e-01;3.545573e-02;6.273526e-02;3.786825e-02;6.328895e-02;7.518596e-02;3.320068e-02;4.753360e-02;2.161430e-02;3.772457e-02
2.974385e-01;1.640036e-01;2.077066e-01;3.401990e-02;5.156891e-02;3.435373e-02;3.012767e-02;6.275854e-02;5.174914e-02;2.045943e-02;1.143267e-02;3.438133e-02
2.738192e-01;2.125349e-01;2.109771e-01;2.380929e-02;4.084329e-02;2.212821e-02;2.500601e-02;5.547068e-02;8.307881e-02;1.545286e-02;8.165319e-03;2.871430e-02
2.518242e-01;2.345569e-01;2.168435e-01;2.236071e-02;3.751326e-02;1.647062e-02;2.318677e-02;4.418879e-02;1.034698e-01;1.398882e-02;1.226933e-02;2.332723e-02
2.225296e-01;2.363482e-01;2.347243e-01;2.616259e-02;3.140669e-02;1.459920e-02;2.264828e-02;4.432018e-02;1.152939e-01;1.148723e-02;2.072576e-02;1.975403e-02
1.973532e-01;2.114016e-01;2.318224e-01;3.332691e-02;2.958386e-02;1.437313e-02;3.350567e-02;5.460187e-02;1.191156e-01;2.255376e-02;2.987075e-02;2.249119e-02
1.920333e-01;1.855328e-01;1.697762e-01;3.022939e-02;4.479795e-02;2.946360e-02;6.030083e-02;5.698804e-02;1.065864e-01;4.528182e-02;4.949600e-02;2.951377e-02
1.406902e-01;1.235647e-01;2.820220e-01;4.228659e-02;5.196659e-02;3.483269e-02;6.660562e-02;5.407967e-02;4.706113e-02;6.622018e-02;5.588793e-02;3.478263e-02
7.079054e-02;5.326947e-02;4.228731e-01;4.076264e-02;5.180144e-02;3.333046e-02;6.874537e-02;3.818022e-02;6.507673e-02;6.658084e-02;4.547615e-02;4.311305e-02
1.076530e-01;5.611058e-02;2.002475e-01;4.122360e-02;5.922475e-02;4.218545e-02;6.091153e-02;6.598705e-02;9.418836e-02;1.413223e-01;6.050177e-02;7.044420e-02
1.045916e-01;5.472397e-02;1.093381e-01;3.306103e-02;7.220076e-02;3.960288e-02;1.031394e-01;8.693447e-02;9.958295e-02;1.368665e-01;7.786404e-02;8.209438e-02
4.658915e-02;5.533499e-02;1.393127e-01;5.175216e-02;6.728748e-02;6.634364e-02;1.606563e-01;5.429092e-02;1.101395e-01;9.206786e-02;8.989707e-02;6.632827e-02
4.195346e-02;5.576252e-02;2.114155e-01;6.659497e-02;6.932902e-02;6.396472e-02;1.296207e-01;6.135510e-02;9.988038e-02;7.286890e-02;7.143524e-02;5.581950e-02
7.302002e-02;7.278179e-02;2.088175e-01;7.480432e-02;8.719958e-02;5.996173e-02;1.271612e-01;4.370909e-02;8.216105e-02;5.998959e-02;4.573782e-02;6.465633e-02
1.051106e-01;7.250106e-02;1.831311e-01;6.949596e-02;9.047304e-02;5.896394e-02;1.162960e-01;6.663302e-02;7.870737e-02;5.664933e-02;3.696280e-02;6.507578e-02
9.498104e-02;8.161516e-02;2.711272e-01;8.563521e-02;8.046706e-02;4.933303e-02;8.102787e-02;5.457943e-02;4.245831e-02;3.523623e-02;5.471671e-02;6.882284e-02
9.102369e-02;1.277428e-01;3.200590e-01;5.774034e-02;4.475512e-02;5.034228e-02;9.979913e-02;2.346876e-02;5.342790e-02;3.917060e-02;3.893252e-02;5.353780e-02
1.256288e-01;1.877428e-01;3.314733e-01;4.114136e-02;2.815554e-02;3.892147e-02;6.201210e-02;1.003827e-02;7.122049e-02;3.188704e-02;2.879456e-02;4.298429e-02
1.469019e-01;2.865316e-01;3.157023e-01;2.802312e-02;1.271482e-02;2.069409e-02;2.809958e-02;1.577916e-02;8.483651e-02;1.548334e-02;1.542853e-02;2.980498e-02
2.017610e-01;3.399852e-01;2.013297e-01;1.643691e-02;1.207515e-02;4.956654e-02;2.152074e-02;4.092268e-02;8.309942e-02;7.958436e-03;9.547957e-03;1.579629e-02
3.176634e-01;2.740201e-01;8.745334e-02;7.974387e-03;1.852790e-02;4.732800e-02;2.191275e-02;8.524190e-02;9.613598e-02;9.858103e-03;1.778554e-02;1.609854e-02
3.876250e-01;1.988761e-01;5.353799e-02;4.395965e-03;3.035017e-02;1.786464e-02;1.399731e-02;1.233404e-01;1.030166e-01;1.564286e-02;3.347379e-02;1.787911e-02
3.812871e-01;1.535314e-01;5.727633e-02;7.802003e-03;3.951228e-02;6.099021e-03;2.255365e-02;1.542169e-01;8.523366e-02;1.664158e-02;5.271433e-02;2.313179e-02
3.148241e-01;1.336976e-01;9.465432e-02;1.890927e-02;3.862131e-02;1.474021e-02;4.959764e-02;1.444415e-01;8.020890e-02;2.091921e-02;5.878169e-02;3.060428e-02
2.470627e-01;1.254791e-01;1.270002e-01;3.305588e-02;3.571336e-02;3.107254e-02;7.670508e-02;1.160998e-01;8.393726e-02;2.978339e-02;5.876656e-02;3.532404e-02
1.566971e-01;1.202576e-01;1.817058e-01;5.258876e-02;5.217825e-02;3.833797e-02;9.498309e-02;7.918011e-02;1.055406e-01;3.586033e-02;5.072466e-02;3.194587e-02
1.516166e-01;1.575491e-01;1.955338e-01;4.029276e-02;4.197295e-02;2.419741e-02;6.774074e-02;7.183548e-02;1.488430e-01;3.802652e-02;3.683713e-02;2.555454e-02
2.007682e-01;1.774692e-01;1.324114e-01;2.246114e-02;3.097544e-02;1.869737e-02;4.561840e-02;8.598722e-02;1.937131e-01;3.365133e-02;3.884225e-02;1.940506e-02
2.414881e-01;1.444227e-01;7.892466e-02;1.211349e-02;4.617719e-02;1.333669e-02;3.649915e-02;1.382830e-01;1.916217e-01;2.438472e-02;5.472633e-02;1.802221e-02
2.654066e-01;1.021825e-01;6.360447e-02;6.831692e-03;6.915013e-02;1.004245e-02;3.893212e-02;1.975323e-01;1.553486e-01;1.363587e-02;5.982309e-02;1.751021e-02
2.745695e-01;7.940330e-02;6.188873e-02;1.345567e-02;7.996546e-02;1.083303e-02;4.781722e-02;2.255420e-01;1.069685e-01;1.619877e-02;4.893526e-02;3.442258e-02
2.649862e-01;5.712258e-02;6.244835e-02;2.007882e-02;6.654815e-02;1.735205e-02;1.112000e-01;2.170196e-01;6.360265e-02;2.289072e-02;4.014904e-02;5.660174e-02
1.992148e-01;4.048156e-02;6.290630e-02;3.163918e-02;4.048331e-02;4.466642e-02;1.970695e-01;1.734050e-01;3.402703e-02;2.955636e-02;4.486298e-02;1.016876e-01
1.404025e-01;5.220339e-02;9.704823e-02;2.637738e-02;3.762252e-02;6.475297e-02;2.035216e-01;1.317419e-01;3.088676e-02;4.038504e-02;6.731413e-02;1.077437e-01
1.379364e-01;6.543582e-02;1.304095e-01;3.321923e-02;5.795643e-02;6.752815e-02;1.146517e-01;1.349039e-01;5.214747e-02;5.353748e-02;7.944071e-02;7.283328e-02
1.056260e-01;5.333648e-02;1.445390e-01;5.355078e-02;7.520498e-02;6.471407e-02;1.334080e-01;1.501445e-01;5.866499e-02;5.845258e-02;3.568988e-02;6.666883e-02
1.336197e-01;3.781302e-02;8.353966e-02;6.177456e-02;7.320952e-02;7.024063e-02;1.443903e-01;1.558999e-01;6.879157e-02;4.605277e-02;4.640774e-02;7.826062e-02
1.079997e-01;8.642030e-02;6.933287e-02;4.792336e-02;5.255101e-02;6.665137e-02;1.459807e-01;7.176924e-02;8.447444e-02;7.244954e-02;7.296103e-02;1.214865e-01
1.136317e-01;7.330703e-02;7.327244e-02;3.526480e-02;7.634607e-02;4.186081e-02;8.035351e-02;5.240013e-02;1.017722e-01;6.989383e-02;1.670383e-01;1.148591e-01
1.083264e-01;7.294435e-02;7.711013e-02;3.173628e-02;7.864668e-02;3.277278e-02;6.594436e-02;4.671458e-02;9.315750e-02;1.056722e-01;1.826419e-01;1.043328e-01
8.624646e-02;8.393940e-02;9.502012e-02;4.208683e-02;6.888097e-02;2.770540e-02;6.099465e-02;4.545644e-02;8.377539e-02;1.198258e-01;1.672994e-01;1.187692e-01
8.096970e-02;1.256954e-01;1.288133e-01;6.467420e-02;5.185711e-02;2.015308e-02;7.367767e-02;4.473551e-02;8.260337e-02;1.143119e-01;1.184183e-01;9.409039e-02
9.266233e-02;1.161605e-01;2.158211e-01;5.584206e-02;5.774019e-02;3.356459e-02;4.441146e-02;3.948531e-02;1.568534e-01;9.314679e-02;4.373197e-02;5.058041e-02
7.960716e-02;1.431027e-01;2.179483e-01;3.300885e-02;4.041455e-02;4.302171e-02;3.348351e-02;2.746429e-02;2.247549e-01;7.524218e-02;3.774015e-02;4.421161e-02
8.543786e-02;1.726063e-01;1.834570e-01;1.597852e-02;2.577354e-02;4.647160e-02;3.000895e-02;3.660617e-02;2.826323e-01;4.443361e-02;3.775180e-02;3.884229e-02
1.183246e-01;1.748245e-01;1.389030e-01;1.809695e-02;1.552710e-02;5.347021e-02;3.034049e-02;5.042469e-02;2.877621e-01;3.894768e-02;3.936626e-02;3.401229e-02
1.661755e-01;1.523925e-01;1.111698e-01;2.348269e-02;2.362694e-02;5.962823e-02;4.640412e-02;6.008891e-02;2.345850e-01;5.645765e-02;3.350061e-02;3.248801e-02
2.103424e-01;8.088847e-02;2.140478e-01;2.272178e-02;3.060963e-02;4.852221e-02;8.050048e-02;6.355321e-02;1.154508e-01;6.210555e-02;4.042494e-02;3.083269e-02
2.466805e-01;9.057731e-02;3.430308e-01;1.749749e-02;3.870838e-02;1.990949e-02;6.441699e-02;5.865862e-02;2.230022e-02;2.784983e-02;4.349703e-02;2.687334e-02
3.067260e-01;9.338722e-02;2.927837e-01;1.153198e-02;3.610447e-02;1.140762e-02;3.285273e-02;7.422739e-02;3.183772e-02;2.226615e-02;3.817028e-02;4.870477e-02
3.365714e-01;7.288656e-02;2.718995e-01;1.157469e-02;2.636431e-02;1.478735e-02;3.194249e-02;7.875929e-02;3.711258e-02;1.934986e-02;4.215738e-02;5.659465e-02
3.402758e-01;5.145165e-02;2.335864e-01;2.077629e-02;3.752885e-02;2.306879e-02;7.101739e-02;7.189493e-02;3.333968e-02;2.683280e-02;4.273872e-02;4.748875e-02
2.715747e-01;1.021253e-01;2.880732e-01;2.379381e-02;5.835037e-02;2.594639e-02;7.210496e-02;5.303353e-02;2.354041e-02;2.082629e-02;2.837653e-02;3.225445e-02
3.041459e-01;1.189102e-01;2.622547e-01;1.545356e-02;6.854454e-02;1.939306e-02;4.396918e-02;5.621587e-02;2.670730e-02;1.613010e-02;2.681166e-02;4.146396e-02
3.864087e-01;1.085194e-01;2.114206e-01;7.681662e-03;7.978113e-02;1.139776e-02;2.126267e-02;5.833944e-02;2.426557e-02;1.294142e-02;2.765355e-02;5.032803e-02
4.047281e-01;8.019719e-02;2.180289e-01;1.361652e-02;6.884675e-02;1.189432e-02;2.863408e-02;5.175874e-02;2.503945e-02;1.607440e-02;2.746092e-02;5.372068e-02
3.996370e-01;8.418678e-02;2.229906e-01;1.657675e-02;4.039838e-02;1.087855e-02;2.906135e-02;5.036210e-02;3.105531e-02;1.738272e-02;2.987860e-02;6.759184e-02
3.895541e-01;7.994606e-02;1.874857e-01;1.591711e-02;2.130927e-02;1.896153e-02;3.972819e-02;7.268275e-02;4.305954e-02;2.330432e-02;3.129514e-02;7.675627e-02
3.321172e-01;6.249157e-02;1.395049e-01;3.865819e-02;2.576300e-02;2.581387e-02;5.803496e-02;8.447950e-02;5.601431e-02;4.202792e-02;4.096377e-02;9.413075e-02
2.388186e-01;4.583207e-02;1.216588e-01;6.109436e-02;3.790731e-02;3.773266e-02;8.725628e-02;7.089095e-02;5.138371e-02;5.730645e-02;6.451512e-02;1.256037e-01
1.379054e-01;2.504685e-02;9.166065e-02;6.076934e-02;4.652373e-02;5.877984e-02;1.167058e-01;6.487396e-02;5.887735e-02;6.654944e-02;1.173940e-01;1.549136e-01
8.165225e-02;4.937221e-02;7.431163e-02;4.036184e-02;6.761129e-02;7.403206e-02;1.014167e-01;7.971161e-02;8.044394e-02;9.256653e-02;1.270097e-01;1.315102e-01
7.743803e-02;5.240002e-02;8.653193e-02;5.326609e-02;5.557870e-02;9.210769e-02;9.954036e-02;6.065689e-02;8.917090e-02;1.128146e-01;1.207958e-01;9.969898e-02
4.458142e-02;5.614132e-02;9.227324e-02;6.276491e-02;4.657054e-02;1.192541e-01;1.170643e-01;5.955520e-02;1.232204e-01;1.181041e-01;8.981819e-02;7.065230e-02
5.038869e-02;5.643760e-02;6.965993e-02;5.728190e-02;6.955573e-02;1.247336e-01;1.188510e-01;6.097641e-02;1.437436e-01;1.017403e-01;8.912593e-02;5.750525e-02
8.685564e-02;6.217551e-02;7.976476e-02;6.498675e-02;8.172445e-02;1.005208e-01;1.081333e-01;6.247032e-02;1.400441e-01;9.073909e-02;7.079382e-02;5.179147e-02
8.756419e-02;7.065790e-02;9.073941e-02;7.657303e-02;1.242879e-01;8.637789e-02;8.898564e-02;7.380098e-02;9.921420e-02;1.136808e-01;3.628895e-02;5.182906e-02
5.702540e-02;6.377385e-02;8.584358e-02;6.012590e-02;1.772545e-01;8.875220e-02;1.166193e-01;9.594929e-02;7.345701e-02;9.852687e-02;4.509985e-02;3.757228e-02
6.159798e-02;5.674581e-02;8.029263e-02;6.063413e-02;1.539724e-01;7.831550e-02;1.870071e-01;1.075852e-01;5.467334e-02;6.112016e-02;5.832577e-02;3.972999e-02
8.088914e-02;5.066343e-02;1.299413e-01;6.658754e-02;1.175816e-01;7.751408e-02;2.118175e-01;7.944330e-02;2.754426e-02;6.277081e-02;4.627616e-02;4.897093e-02
1.155932e-01;9.580237e-02;3.334079e-01;4.099547e-02;6.890255e-02;5.106548e-02;1.098160e-01;3.362318e-02;3.738268e-02;4.794310e-02;2.520070e-02;4.026736e-02
1.422644e-01;1.588633e-01;3.931897e-01;3.376927e-02;4.376926e-02;3.112273e-02;7.421314e-02;2.041312e-02;4.100371e-02;2.759907e-02;1.555420e-02;1.823821e-02
1.845822e-01;2.286018e-01;3.587796e-01;2.050212e-02;2.951310e-02;1.868197e-02;4.205783e-02;2.707073e-02;4.072594e-02;2.367306e-02;1.304557e-02;1.276600e-02
2.250896e-01;2.948238e-01;2.756531e-01;8.812898e-03;1.629295e-02;1.279917e-02;3.348193e-02;2.838774e-02;5.231370e-02;2.983523e-02;1.194129e-02;1.056861e-02
2.207170e-01;3.238311e-01;2.432791e-01;8.412553e-03;1.072625e-02;1.230270e-02;3.188029e-02;2.265762e-02;7.445687e-02;3.491884e-02;8.513672e-03;8.303987e-03
1.898165e-01;3.276749e-01;2.467974e-01;1.397325e-02;7.788042e-03;2.294828e-02;3.354280e-02;1.490287e-02;9.962950e-02;2.692071e-02;8.902592e-03;7.103192e-03
1.413005e-01;2.919056e-01;2.946672e-01;1.725090e-02;1.270802e-02;5.124001e-02;2.764889e-02;1.796539e-02;1.129646e-01;1.581799e-02;7.990357e-03;8.540495e-03
8.399030e-02;2.496560e-01;3.855596e-01;2.202279e-02;1.581664e-02;6.500521e-02;2.425186e-02;1.902083e-02;1.044488e-01;1.697509e-02;4.803690e-03;8.449235e-03
5.794906e-02;2.084318e-01;4.647060e-01;3.719485e-02;1.795383e-02;5.643228e-02;1.958595e-02;1.418754e-02;8.491122e-02;2.555736e-02;5.987485e-03;7.102604e-03
7.812416e-02;1.777636e-01;4.657527e-01;5.012936e-02;2.627661e-02;4.514332e-02;3.756001e-02;8.292438e-03;5.725412e-02;2.911549e-02;1.228182e-02;1.230640e-02
1.020440e-01;1.561821e-01;4.080985e-01;5.481265e-02;3.899512e-02;4.067359e-02;5.855566e-02;1.116116e-02;4.758627e-02;3.951505e-02;2.097701e-02;2.139886e-02
1.107495e-01;1.424271e-01;3.365127e-01;5.635101e-02;4.943452e-02;5.547996e-02;6.207505e-02;1.592631e-02;5.511926e-02;4.953220e-02;4.055234e-02;2.583996e-02
9.874155e-02;6.304182e-02;2.184300e-01;5.291828e-02;4.931405e-02;1.028898e-01;1.806008e-01;3.848466e-02;5.440785e-02;3.590408e-02;5.959043e-02;4.567669e-02
9.039326e-02;8.667697e-02;1.685148e-01;6.756400e-02;3.596715e-02;1.237266e-01;1.560121e-01;4.545712e-02;1.095769e-01;4.474912e-02;3.628297e-02;3.507906e-02
6.398467e-02;1.107702e-01;1.961097e-01;7.742971e-02;5.123359e-02;6.691809e-02;1.111160e-01;7.538519e-02;1.047508e-01;5.937845e-02;4.390810e-02;3.901550e-02
7.414064e-02;7.947385e-02;1.123870e-01;9.287356e-02;1.008242e-01;8.302782e-02;9.090960e-02;8.771391e-02;7.241003e-02;9.703513e-02;5.031631e-02;5.888791e-02
7.077438e-02;7.637339e-02;1.120332e-01;1.076218e-01;1.147050e-01;7.795398e-02;8.709730e-02;7.413593e-02;6.821195e-02;1.006061e-01;4.823790e-02;6.224902e-02
5.479286e-02;7.527885e-02;1.651479e-01;8.827762e-02;1.192142e-01;8.195191e-02;1.029176e-01;6.086183e-02;5.412008e-02;1.009791e-01;4.366874e-02;5.278923e-02
5.112523e-02;7.255872e-02;2.105287e-01;8.336939e-02;1.229355e-01;7.211193e-02;1.034995e-01;3.931369e-02;4.628591e-02;1.148335e-01;4.321985e-02;4.021805e-02
7.016686e-02;6.823581e-02;1.839875e-01;8.356912e-02;1.208678e-01;5.725709e-02;8.835937e-02;4.248422e-02;8.297922e-02;1.131638e-01;4.269427e-02;4.623491e-02
6.437346e-02;4.856912e-02;1.123160e-01;8.989791e-02;1.718384e-01;6.509055e-02;9.791332e-02;3.636449e-02;1.067889e-01;1.136811e-01;4.563159e-02;4.753514e-02
5.890195e-02;6.451440e-02;2.623115e-01;6.773388e-02;1.162926e-01;8.537669e-02;8.687717e-02;2.921716e-02;8.804410e-02;8.210846e-02;2.899993e-02;2.962225e-02
5.075033e-02;7.258488e-02;4.351510e-01;5.090551e-02;9.820834e-02;5.638225e-02;8.308767e-02;3.122204e-02;3.793062e-02;4.359862e-02;2.043658e-02;1.974220e-02
4.208013e-02;7.781514e-02;4.393838e-01;6.635626e-02;1.339226e-01;4.088484e-02;6.371041e-02;2.621739e-02;2.771567e-02;4.246390e-02;2.328191e-02;1.616789e-02
4.775537e-02;8.604333e-02;3.624874e-01;9.253906e-02;1.741527e-01;4.538558e-02;3.791059e-02;3.634116e-02;3.987565e-02;4.103194e-02;2.713658e-02;9.340633e-03
5.132599e-02;6.767683e-02;2.318610e-01;1.456581e-01;1.745569e-01;6.016534e-02;5.435491e-02;4.457727e-02;6.468340e-02;6.597077e-02;2.060224e-02;1.856731e-02
3.508482e-02;3.677780e-02;1.264730e-01;1.840022e-01;1.556686e-01;7.534475e-02;8.099036e-02;3.895464e-02;7.507405e-02;1.251397e-01;3.768739e-02;2.880272e-02
2.390173e-02;4.761771e-02;1.657366e-01;1.437245e-01;1.258339e-01;7.711860e-02;9.464568e-02;4.170199e-02;8.530757e-02;1.237131e-01;4.517329e-02;2.552535e-02
4.235841e-02;6.656729e-02;2.432176e-01;7.494811e-02;1.192136e-01;6.464794e-02;9.297846e-02;6.088677e-02;1.075977e-01;8.192277e-02;2.542504e-02;2.023636e-02
7.358406e-02;7.246622e-02;1.951712e-01;1.036888e-01;9.146726e-02;4.825761e-02;1.145621e-01;7.332540e-02;9.856997e-02;6.907886e-02;2.589793e-02;3.393057e-02
8.557434e-02;1.040186e-01;1.000070e-01;1.281987e-01;7.235912e-02;4.148888e-02;1.075173e-01;9.885314e-02;7.050047e-02;8.467937e-02;2.639516e-02;8.040797e-02
1.030460e-01;1.071243e-01;9.300775e-02;9.946414e-02;7.739217e-02;7.276469e-02;6.638060e-02;1.052188e-01;7.431120e-02;8.297963e-02;3.103981e-02;8.727092e-02
7.525336e-02;9.004835e-02;9.740900e-02;9.755915e-02;1.143206e-01;1.107214e-01;9.570957e-02;1.020227e-01;6.197270e-02;6.224928e-02;4.701459e-02;4.571927e-02
5.910951e-02;8.630635e-02;1.029262e-01;9.214198e-02;1.582204e-01;1.173000e-01;1.001391e-01;7.322019e-02;4.313563e-02;6.432705e-02;4.182575e-02;6.134776e-02
6.387151e-02;1.382768e-01;1.281855e-01;6.984905e-02;1.483786e-01;8.327495e-02;1.060226e-01;5.642607e-02;3.827844e-02;5.326300e-02;4.628583e-02;6.788764e-02
5.960640e-02;1.484595e-01;1.557667e-01;8.711077e-02;1.086285e-01;6.083909e-02;1.144281e-01;5.804881e-02;2.651603e-02;5.297100e-02;8.089983e-02;4.672520e-02
6.018032e-02;8.182421e-02;2.813347e-01;9.884694e-02;6.363434e-02;3.958787e-02;7.179715e-02;5.154423e-02;8.709652e-02;7.470796e-02;5.925794e-02;3.018782e-02
4.007228e-02;7.725286e-02;3.603507e-01;6.901573e-02;4.346546e-02;3.471702e-02;3.545222e-02;3.456727e-02;1.217402e-01;1.113276e-01;5.575874e-02;1.627991e-02
3.297481e-02;1.111042e-01;3.483286e-01;4.300651e-02;2.881530e-02;4.346260e-02;3.448447e-02;3.216248e-02;1.774414e-01;1.028663e-01;3.319448e-02;1.215885e-02
5.096880e-02;1.642311e-01;3.023278e-01;3.226509e-02;1.411423e-02;4.988474e-02;2.093523e-02;2.559421e-02;2.457651e-01;6.609476e-02;1.108939e-02;1.672945e-02
5.128390e-02;1.894291e-01;2.799635e-01;2.708941e-02;1.354543e-02;5.064262e-02;1.752210e-02;2.152047e-02;2.898833e-01;3.321098e-02;5.356297e-03;2.055295e-02
4.317364e-02;1.985805e-01;2.869461e-01;2.068065e-02;1.399014e-02;5.232251e-02;1.359947e-02;1.414067e-02;2.894868e-01;3.556080e-02;5.243697e-03;2.627509e-02
5.055073e-02;2.202156e-01;2.895793e-01;2.082956e-02;7.838519e-03;6.075739e-02;1.533036e-02;2.355708e-02;2.436909e-01;2.289491e-02;5.909065e-03;3.884652e-02
4.241152e-02;2.249614e-01;3.465174e-01;1.673197e-02;6.527830e-03;5.646542e-02;1.298971e-02;4.161137e-02;1.635928e-01;3.694247e-02;6.380919e-03;4.486729e-02
3.580866e-02;2.120298e-01;4.548415e-01;1.332206e-02;1.278187e-02;2.849070e-02;1.961725e-02;4.379011e-02;8.184578e-02;6.020915e-02;6.075452e-03;3.118762e-02
4.569308e-02;1.977841e-01;5.358575e-01;1.677554e-02;2.240844e-02;1.189263e-02;1.971115e-02;2.553137e-02;3.631003e-02;7.079102e-02;2.939086e-03;1.430600e-02
3.515177e-02;1.741457e-01;5.960311e-01;2.151260e-02;2.756554e-02;8.374269e-03;2.213149e-02;1.046377e-02;1.420188e-02;7.083092e-02;2.937083e-03;1.665378e-02
1.522456e-02;1.622256e-01;5.854891e-01;2.184979e-02;2.840263e-02;1.913761e-02;2.083484e-02;1.951758e-02;1.346038e-02;5.294419e-02;7.280293e-03;5.363336e-02
4.492059e-02;1.766750e-01;5.127578e-01;1.778920e-02;1.636562e-02;2.929525e-02;1.641192e-02;2.913262e-02;3.455771e-02;2.891196e-02;1.108458e-02;8.209775e-02
7.656499e-02;1.702982e-01;4.349501e-01;2.827335e-02;2.973021e-02;4.228506e-02;2.427915e-02;2.888791e-02;5.451006e-02;3.175222e-02;1.338360e-02;6.508520e-02
1.092506e-01;1.553196e-01;3.084208e-01;4.552229e-02;6.342100e-02;6.302087e-02;6.980786e-02;2.957162e-02;5.474347e-02;4.065035e-02;1.910918e-02;4.116234e-02
7.830045e-02;1.071223e-01;1.795959e-01;5.120712e-02;9.309079e-02;7.250348e-02;2.266604e-01;4.250650e-02;3.849451e-02;5.122844e-02;2.928215e-02;3.000789e-02
4.662037e-02;5.347465e-02;2.259685e-01;3.017632e-02;8.044933e-02;5.915104e-02;2.870950e-01;4.271805e-02;4.582519e-02;5.466221e-02;4.155964e-02;3.229971e-02
5.995395e-02;2.793972e-02;1.999798e-01;3.012710e-02;8.429522e-02;5.740125e-02;2.600110e-01;5.440199e-02;6.240012e-02;6.260488e-02;6.150233e-02;3.938262e-02
5.673980e-02;8.239861e-02;2.230314e-01;7.170510e-02;1.045548e-01;6.161247e-02;8.097508e-02;8.789948e-02;5.186455e-02;7.368651e-02;5.404095e-02;5.149128e-02
7.180003e-02;8.103701e-02;1.883967e-01;1.108144e-01;8.389936e-02;7.500643e-02;6.347890e-02;4.812364e-02;8.204782e-02;9.973774e-02;5.367960e-02;4.197840e-02
8.992400e-02;1.271825e-01;1.411339e-01;9.255361e-02;9.090514e-02;8.329911e-02;9.526180e-02;5.399147e-02;5.057216e-02;5.097580e-02;6.225408e-02;6.194648e-02
9.467403e-02;1.210211e-01;1.476284e-01;8.766801e-02;8.182871e-02;9.606278e-02;1.077549e-01;4.806186e-02;4.944379e-02;5.437492e-02;5.511088e-02;5.637066e-02
9.702687e-02;1.115444e-01;1.438638e-01;8.396884e-02;7.591333e-02;1.087508e-01;1.222769e-01;4.910745e-02;5.058422e-02;6.051398e-02;5.105767e-02;4.539173e-02
9.417998e-02;9.943147e-02;1.487168e-01;7.453374e-02;7.740051e-02;1.162419e-01;1.231570e-01;5.730783e-02;5.592233e-02;6.634026e-02;5.408588e-02;3.268228e-02
8.003478e-02;1.116044e-01;2.163175e-01;4.855327e-02;6.223823e-02;8.065922e-02;8.133014e-02;4.162777e-02;1.344431e-01;5.837683e-02;5.270297e-02;3.211182e-02
1.184664e-01;1.578865e-01;2.279153e-01;2.478681e-02;2.613265e-02;4.287802e-02;4.053881e-02;5.132652e-02;2.299212e-01;2.787122e-02;2.790972e-02;2.436686e-02
1.403037e-01;1.425693e-01;2.230833e-01;2.879621e-02;2.981739e-02;3.821027e-02;5.947951e-02;6.431506e-02;1.913197e-01;3.436583e-02;2.323825e-02;2.450157e-02
1.425155e-01;1.089104e-01;2.067967e-01;3.298739e-02;4.841832e-02;5.348657e-02;9.205544e-02;7.270338e-02;1.323598e-01;4.837515e-02;2.765229e-02;3.373890e-02
1.257727e-01;8.111536e-02;2.234772e-01;6.205425e-02;7.047113e-02;7.046896e-02;1.151356e-01;4.871448e-02;7.311895e-02;4.159289e-02;3.476531e-02;5.331318e-02
1.046234e-01;9.608091e-02;2.532063e-01;4.712246e-02;6.679550e-02;5.148711e-02;1.375566e-01;4.887900e-02;6.307310e-02;6.577094e-02;2.932938e-02;3.607528e-02
1.235079e-01;1.211690e-01;2.273793e-01;4.038592e-02;6.025079e-02;4.491190e-02;1.048120e-01;6.751869e-02;8.645736e-02;6.675983e-02;2.866920e-02;2.817810e-02
1.744981e-01;1.496362e-01;1.771113e-01;3.094227e-02;5.405186e-02;4.190072e-02;6.021708e-02;8.112612e-02;1.205988e-01;5.799574e-02;2.390271e-02;2.801909e-02
2.429188e-01;1.308568e-01;1.721252e-01;2.057523e-02;5.870933e-02;3.420078e-02;5.835785e-02;7.392561e-02;1.061395e-01;3.608127e-02;2.785010e-02;3.825951e-02
2.700112e-01;5.444075e-02;3.507053e-01;2.066535e-02;7.710853e-02;2.474411e-02;4.183768e-02;4.449878e-02;3.306470e-02;1.896137e-02;3.080350e-02;3.315866e-02
2.952217e-01;8.104207e-02;3.217495e-01;1.115489e-02;8.209319e-02;1.198666e-02;2.759873e-02;5.713506e-02;1.937978e-02;2.208289e-02;3.762345e-02;3.293204e-02
3.013766e-01;7.906123e-02;3.041449e-01;1.298126e-02;8.491036e-02;1.407890e-02;2.713419e-02;7.127680e-02;1.651962e-02;1.689154e-02;3.818018e-02;3.344445e-02
2.898852e-01;7.830811e-02;3.232228e-01;1.593194e-02;9.067751e-02;1.352418e-02;1.683395e-02;7.765595e-02;1.234318e-02;1.239031e-02;3.956926e-02;2.965759e-02
2.231686e-01;9.410746e-02;3.035331e-01;1.748369e-02;9.597395e-02;2.558397e-02;3.700627e-02;6.981439e-02;3.337136e-02;2.472269e-02;4.715620e-02;2.807835e-02
7.047854e-02;1.318555e-01;3.014271e-01;3.360467e-02;7.403188e-02;6.913122e-02;5.725753e-02;5.539517e-02;9.303365e-02;5.707853e-02;3.134524e-02;2.536108e-02
6.091107e-02;1.581054e-01;2.821086e-01;3.039234e-02;4.882068e-02;1.134818e-01;4.562381e-02;3.694716e-02;1.427313e-01;5.006733e-02;1.842443e-02;1.238601e-02
4.441354e-02;1.902066e-01;2.584944e-01;2.587914e-02;1.603795e-02;1.711434e-01;3.050623e-02;2.030301e-02;1.887627e-01;3.328764e-02;7.904319e-03;1.306116e-02
3.096704e-02;2.099599e-01;1.950952e-01;2.507548e-02;4.392558e-03;2.232362e-01;1.378593e-02;1.618806e-02;2.405699e-01;1.732866e-02;5.264773e-03;1.813634e-02
3.410874e-02;2.104816e-01;1.365971e-01;1.822011e-02;5.661162e-03;2.278576e-01;1.267936e-02;1.275441e-02;2.945765e-01;1.694303e-02;6.509056e-03;2.361137e-02
7.104185e-02;1.889120e-01;1.160935e-01;1.397571e-02;1.221557e-02;1.756556e-01;1.940424e-02;2.916003e-02;3.069479e-01;3.052360e-02;1.502493e-02;2.104504e-02
1.352797e-01;1.604305e-01;1.220170e-01;1.356124e-02;3.977072e-02;1.014890e-01;2.253017e-02;6.045513e-02;2.626635e-01;3.436565e-02;2.808683e-02;1.935051e-02
1.834219e-01;1.257234e-01;1.561676e-01;1.303883e-02;5.434348e-02;5.095336e-02;4.381040e-02;9.550770e-02;1.779060e-01;3.934142e-02;3.298963e-02;2.679630e-02
1.651565e-01;1.124048e-01;2.098755e-01;1.971854e-02;5.078597e-02;5.033354e-02;5.861977e-02;9.683475e-02;1.185970e-01;4.487837e-02;3.648384e-02;3.631145e-02
8.448552e-02;1.071494e-01;2.382223e-01;2.860457e-02;3.955409e-02;8.460209e-02;8.986645e-02;5.753601e-02;1.090279e-01;5.306825e-02;5.481759e-02;5.306590e-02
8.845582e-02;8.440378e-02;1.054511e-01;2.738799e-02;3.822581e-02;1.476876e-01;6.979604e-02;9.715971e-02;2.294426e-01;3.736498e-02;4.215161e-02;3.247308e-02
1.043603e-01;7.405318e-02;9.890630e-02;4.468101e-02;7.860694e-02;6.459646e-02;7.271031e-02;9.760781e-02;9.010322e-02;7.997603e-02;1.277042e-01;6.669419e-02
9.465578e-02;9.128244e-02;6.531630e-02;4.496250e-02;9.053002e-02;6.172243e-02;6.254724e-02;9.055723e-02;1.127625e-01;8.126523e-02;1.123105e-01;9.208778e-02
7.178850e-02;1.092863e-01;3.839363e-02;4.839266e-02;8.343803e-02;4.796249e-02;8.244488e-02;8.370217e-02;1.087958e-01;9.688583e-02;1.002252e-01;1.286845e-01
4.785293e-02;1.277491e-01;4.645362e-02;6.963995e-02;7.180834e-02;4.770704e-02;8.372939e-02;6.456216e-02;8.358759e-02;9.848308e-02;1.060614e-01;1.523654e-01
7.442760e-02;1.437466e-01;1.008870e-01;7.143006e-02;9.285232e-02;6.908436e-02;5.815218e-02;5.454516e-02;6.154943e-02;7.894779e-02;7.717706e-02;1.172005e-01
1.290277e-01;1.182683e-01;1.086781e-01;6.586851e-02;1.209252e-01;1.054342e-01;4.496940e-02;4.996290e-02;8.314310e-02;5.212847e-02;6.180363e-02;5.979040e-02
1.493972e-01;1.018756e-01;1.639830e-01;6.000619e-02;1.203661e-01;9.545712e-02;3.913632e-02;6.065520e-02;6.539960e-02;3.053169e-02;4.701828e-02;6.617365e-02
1.426672e-01;8.117688e-02;2.216166e-01;2.741087e-02;1.029934e-01;6.148454e-02;4.718660e-02;8.938394e-02;5.193286e-02;3.892713e-02;4.715616e-02;8.806390e-02
1.322145e-01;6.456742e-02;2.401459e-01;4.668162e-02;7.174999e-02;4.339624e-02;5.404343e-02;9.179677e-02;4.781436e-02;4.709579e-02;6.576103e-02;9.473295e-02
1.148170e-01;5.600355e-02;2.722797e-01;4.886773e-02;5.838351e-02;3.713676e-02;5.415904e-02;6.457873e-02;5.254161e-02;5.845059e-02;9.007466e-02;9.270714e-02
6.576300e-02;4.874790e-02;3.561980e-01;4.635375e-02;6.007975e-02;4.198469e-02;8.599456e-02;4.947832e-02;6.026256e-02;6.856843e-02;5.685902e-02;5.971006e-02
3.895145e-02;6.770340e-02;5.396039e-01;3.271057e-02;4.303386e-02;4.109604e-02;7.490437e-02;2.975900e-02;4.262046e-02;4.437008e-02;1.476284e-02;3.048398e-02
6.215541e-02;9.681498e-02;6.060030e-01;2.942114e-02;2.881398e-02;3.255359e-02;5.439427e-02;1.501267e-02;2.934015e-02;1.522738e-02;1.094227e-02;1.932114e-02
4.232194e-02;1.350646e-01;6.389615e-01;2.747969e-02;1.237704e-02;3.294921e-02;2.089858e-02;8.808470e-03;4.076802e-02;1.193900e-02;8.237793e-03;2.019412e-02
4.056608e-02;1.651895e-01;5.939882e-01;2.991587e-02;1.688884e-02;3.247604e-02;9.628947e-03;5.387532e-03;6.366180e-02;1.229728e-02;8.255585e-03;2.174438e-02
7.081503e-02;1.991459e-01;4.938280e-01;2.868098e-02;1.248277e-02;2.551640e-02;1.860202e-02;9.155541e-03;9.265680e-02;1.515831e-02;1.575724e-02;1.820102e-02
7.275525e-02;1.931000e-01;4.083905e-01;3.014542e-02;2.087568e-02;4.357009e-02;3.692656e-02;2.013858e-02;1.247434e-01;2.821883e-02;1.255585e-02;8.579858e-03
8.730310e-02;1.740773e-01;3.603724e-01;3.016965e-02;2.136350e-02;5.416647e-02;3.458812e-02;3.745111e-02;1.522896e-01;2.991048e-02;9.592919e-03;8.715323e-03
1.106996e-01;1.829410e-01;3.273276e-01;2.527623e-02;7.663867e-03;4.221122e-02;2.608732e-02;4.217068e-02;1.809107e-01;3.722609e-02;1.069381e-02;6.791811e-03
1.499693e-01;1.911783e-01;3.103132e-01;1.700383e-02;6.347183e-03;2.212124e-02;2.053390e-02;2.650630e-02;1.674102e-01;7.060102e-02;1.159879e-02;6.416807e-03
1.949326e-01;1.800223e-01;2.996373e-01;1.092662e-02;1.035399e-02;7.716620e-03;3.360564e-02;2.466136e-02;1.010711e-01;1.126392e-01;1.467822e-02;9.755014e-03
2.439007e-01;1.678095e-01;2.907496e-01;1.056390e-02;1.822094e-02;5.333706e-03;3.962755e-02;3.256875e-02;4.883745e-02;1.093272e-01;1.781074e-02;1.524996e-02
2.934875e-01;1.643861e-01;2.746466e-01;1.115523e-02;2.223713e-02;9.062335e-03;3.194239e-02;4.874267e-02;2.936475e-02;7.675367e-02;2.133455e-02;1.688711e-02
3.253908e-01;1.588905e-01;2.674887e-01;1.066168e-02;3.147500e-02;4.925008e-03;1.636229e-02;7.702804e-02;3.483057e-02;3.463447e-02;2.079880e-02;1.751410e-02
3.240915e-01;1.434445e-01;2.322196e-01;7.309051e-03;4.038018e-02;9.220103e-03;1.279117e-02;1.376020e-01;3.563480e-02;2.173924e-02;1.612153e-02;1.944632e-02
2.679690e-01;1.229328e-01;1.739657e-01;1.781560e-02;4.800046e-02;3.280496e-02;2.897653e-02;1.642803e-01;7.347230e-02;3.140385e-02;2.002328e-02;1.835524e-02
2.142832e-01;1.094636e-01;1.494555e-01;3.346561e-02;5.794616e-02;5.285679e-02;6.857734e-02;1.320655e-01;8.550084e-02;4.392875e-02;3.258575e-02;1.987096e-02
2.087022e-01;1.010278e-01;1.311340e-01;3.899864e-02;5.910889e-02;5.638113e-02;9.368935e-02;1.154222e-01;5.697920e-02;5.685742e-02;5.515644e-02;2.654267e-02
1.998743e-01;7.595875e-02;1.416099e-01;3.761412e-02;4.972922e-02;8.396520e-02;8.779507e-02;1.136988e-01;4.952870e-02;6.337897e-02;6.796104e-02;2.888593e-02
1.617468e-01;4.550493e-02;1.353221e-01;4.566351e-02;5.068490e-02;1.285611e-01;9.345910e-02;9.486449e-02;6.423534e-02;7.702407e-02;5.867598e-02;4.425768e-02
1.163739e-01;7.368951e-02;1.131447e-01;7.115954e-02;6.954722e-02;1.237969e-01;1.049713e-01;6.521435e-02;5.351916e-02;7.238676e-02;7.358184e-02;6.261472e-02
1.094219e-01;7.692080e-02;6.781312e-02;1.114160e-01;8.743668e-02;9.712227e-02;1.182270e-01;4.877405e-02;3.572463e-02;6.707203e-02;9.142387e-02;8.864763e-02
9.889276e-02;6.315908e-02;5.571229e-02;8.938682e-02;1.454428e-01;9.737891e-02;8.976625e-02;6.849255e-02;7.123309e-02;6.507975e-02;7.738858e-02;7.806712e-02
3.316334e-02;5.697466e-02;6.691240e-02;5.413219e-02;2.463131e-01;8.487654e-02;7.805943e-02;8.299047e-02;9.320437e-02;5.330956e-02;7.106868e-02;7.899519e-02
5.814587e-02;5.052075e-02;8.170827e-02;7.695763e-02;2.571833e-01;4.034933e-02;8.138861e-02;6.723492e-02;8.926138e-02;6.466048e-02;7.621625e-02;5.637318e-02
8.213343e-02;5.105459e-02;8.736962e-02;8.300484e-02;1.907331e-01;7.863444e-02;8.377608e-02;4.776727e-02;7.194427e-02;7.522707e-02;7.140140e-02;7.695392e-02
8.053102e-02;5.531436e-02;8.483877e-02;4.395955e-02;2.254859e-01;6.428888e-02;9.185872e-02;8.796125e-02;7.574953e-02;4.684214e-02;6.756564e-02;7.560426e-02
7.702596e-02;3.500052e-02;8.343890e-02;4.913555e-02;2.416549e-01;3.283659e-02;8.402906e-02;9.263797e-02;8.413570e-02;5.383724e-02;9.017549e-02;7.609211e-02
7.921883e-02;6.343672e-02;1.011976e-01;6.679780e-02;1.541818e-01;6.711940e-02;7.932656e-02;5.987735e-02;7.378319e-02;7.634430e-02;1.102880e-01;6.842840e-02
6.465184e-02;1.338397e-01;7.657194e-02;8.341257e-02;5.386605e-02;7.992613e-02;1.059075e-01;3.261607e-02;6.725805e-02;1.141157e-01;9.300461e-02;9.482987e-02
3.808761e-02;1.722833e-01;4.730307e-02;8.665404e-02;2.778029e-02;4.824004e-02;1.443610e-01;2.919775e-02;6.021031e-02;1.421898e-01;6.309996e-02;1.405929e-01
5.617582e-02;1.344410e-01;5.703041e-02;7.312088e-02;2.825493e-02;4.992757e-02;1.412457e-01;2.089601e-02;1.006478e-01;1.507045e-01;5.233987e-02;1.352153e-01
6.580620e-02;1.019056e-01;8.391077e-02;5.959094e-02;2.855823e-02;5.517814e-02;1.381902e-01;3.249759e-02;1.279363e-01;1.470308e-01;4.967622e-02;1.097190e-01
5.184244e-02;7.443459e-02;1.113844e-01;4.438806e-02;2.998216e-02;5.687970e-02;1.532886e-01;6.515440e-02;1.276228e-01;1.360607e-01;6.486737e-02;8.409473e-02
6.412958e-02;4.150432e-02;1.293868e-01;4.297616e-02;3.690753e-02;3.824246e-02;2.293837e-01;7.695141e-02;7.539559e-02;1.014855e-01;9.764812e-02;6.598882e-02
5.403427e-02;4.020747e-02;1.063301e-01;5.265362e-02;3.192392e-02;3.842759e-02;3.335988e-01;3.212159e-02;4.567128e-02;8.562800e-02;1.006386e-01;7.876465e-02
4.824582e-02;4.565386e-02;9.183583e-02;3.646162e-02;3.801384e-02;3.999703e-02;3.324679e-01;3.815496e-02;3.838750e-02;8.772948e-02;1.062766e-01;9.677568e-02
4.047848e-02;4.158522e-02;1.221895e-01;2.589228e-02;4.853715e-02;4.922953e-02;2.795624e-01;4.606210e-02;5.461074e-02;8.054891e-02;1.171812e-01;9.412255e-02
5.538576e-02;3.657702e-02;1.463969e-01;3.275499e-02;5.927033e-02;7.027510e-02;2.253797e-01;4.164027e-02;5.018654e-02;8.334558e-02;1.269552e-01;7.183271e-02
6.979278e-02;4.642219e-02;1.411852e-01;6.658476e-02;7.515758e-02;7.176539e-02;1.640563e-01;4.750759e-02;6.431124e-02;9.887630e-02;1.015364e-01;5.280439e-02
1.272239e-01;8.568577e-02;1.929195e-01;7.131083e-02;7.694528e-02;7.781189e-02;1.044197e-01;5.356501e-02;4.860234e-02;7.138472e-02;4.725645e-02;4.287456e-02
1.343707e-01;1.361854e-01;3.043319e-01;5.187831e-02;6.215094e-02;5.193337e-02;6.918623e-02;3.838324e-02;5.058694e-02;5.075836e-02;2.116412e-02;2.907049e-02
1.400310e-01;1.679367e-01;2.797986e-01;3.854248e-02;5.975635e-02;4.396667e-02;6.848571e-02;4.427131e-02;5.384117e-02;3.851970e-02;3.587673e-02;2.897359e-02
1.798376e-01;1.460859e-01;2.033741e-01;3.287178e-02;7.134635e-02;4.341883e-02;8.789037e-02;7.264177e-02;5.308565e-02;3.308045e-02;4.424927e-02;3.211795e-02
2.249778e-01;1.121396e-01;1.513291e-01;4.920684e-02;8.464181e-02;3.998919e-02;9.623968e-02;1.066947e-01;3.262682e-02;2.077801e-02;4.785381e-02;3.352261e-02
2.479747e-01;8.598583e-02;1.241980e-01;5.303302e-02;8.267245e-02;3.317608e-02;9.465393e-02;1.368693e-01;2.192455e-02;2.586747e-02;4.789238e-02;4.575232e-02
2.468657e-01;7.093317e-02;9.716496e-02;5.164878e-02;6.692441e-02;3.475826e-02;1.072272e-01;1.546551e-01;2.586010e-02;4.833746e-02;3.821021e-02;5.741462e-02
2.475000e-01;4.106820e-02;1.029394e-01;4.305995e-02;4.708508e-02;2.586218e-02;1.192665e-01;1.613263e-01;2.578161e-02;6.261510e-02;4.464997e-02;7.884569e-02
1.882456e-01;3.680939e-02;1.535283e-01;5.765703e-02;4.023831e-02;3.278527e-02;1.633830e-01;9.821737e-02;2.002704e-02;5.366857e-02;5.294695e-02;1.024932e-01
1.410199e-01;4.479327e-02;1.567984e-01;9.401557e-02;5.128039e-02;4.316871e-02;1.584906e-01;4.734942e-02;2.760310e-02;6.868917e-02;8.143987e-02;8.535156e-02
1.323197e-01;4.776565e-02;1.396367e-01;1.381935e-01;5.830687e-02;5.557226e-02;1.136191e-01;2.647889e-02;6.264880e-02;7.975085e-02;9.219886e-02;5.350886e-02
9.598079e-02;6.645697e-02;1.906292e-01;1.078062e-01;6.163873e-02;3.860091e-02;9.162854e-02;3.568988e-02;8.987620e-02;5.690967e-02;8.415652e-02;8.062644e-02
8.326782e-02;3.995312e-02;2.269764e-01;9.622332e-02;3.917598e-02;2.427538e-02;9.251772e-02;3.764445e-02;8.489463e-02;9.853024e-02;7.705888e-02;9.948215e-02
7.632483e-02;5.693998e-02;2.388221e-01;1.791311e-01;2.914938e-02;4.359621e-02;7.508924e-02;5.380394e-02;5.200588e-02;9.908736e-02;3.910377e-02;5.694614e-02
7.449663e-02;9.213006e-02;1.842494e-01;1.632591e-01;5.351728e-02;5.209757e-02;4.133009e-02;6.005368e-02;6.558872e-02;5.544225e-02;7.319351e-02;8.464179e-02
9.335740e-02;9.929002e-02;1.575897e-01;6.565386e-02;8.996549e-02;4.260642e-02;5.118733e-02;5.476384e-02;5.803632e-02;6.157207e-02;7.808276e-02;1.478948e-01
9.197824e-02;8.252108e-02;1.509664e-01;3.582028e-02;8.242957e-02;5.562633e-02;5.930703e-02;5.806576e-02;6.289216e-02;6.243572e-02;7.089761e-02;1.870599e-01
