8.975672e-02;6.805348e-02;7.100661e-02;5.863642e-02;4.427489e-02;1.023224e-01;2.280458e-01;5.628743e-02;7.290457e-02;7.743368e-02;9.561977e-02;3.565827e-02
7.668099e-02;6.168599e-02;9.058230e-02;6.300808e-02;9.451308e-02;9.862091e-02;1.022647e-01;7.418846e-02;8.873957e-02;7.972482e-02;1.401859e-01;2.980522e-02
3.200184e-02;6.579487e-02;1.869329e-01;6.270542e-02;1.054338e-01;9.640350e-02;8.603700e-02;6.962228e-02;8.393191e-02;5.955339e-02;9.857301e-02;5.301005e-02
2.370983e-02;3.466651e-02;4.070878e-01;4.782837e-02;8.233370e-02;6.599350e-02;1.629142e-01;3.682993e-02;3.738111e-02;4.471477e-02;3.857113e-02;1.796918e-02
7.895526e-02;7.706085e-02;3.944336e-01;3.279917e-02;7.341474e-02;4.864667e-02;1.063569e-01;3.885803e-02;4.157796e-02;3.726374e-02;4.125924e-02;2.937379e-02
1.284427e-01;1.266483e-01;3.565161e-01;2.775772e-02;5.405129e-02;3.629801e-02;5.926850e-02;4.476114e-02;6.604056e-02;2.938979e-02;3.825478e-02;3.257119e-02
1.853073e-01;2.024542e-01;3.056955e-01;2.235505e-02;2.633784e-02;2.269688e-02;2.253113e-02;4.406834e-02;1.007286e-01;2.115103e-02;2.577701e-02;2.089724e-02
2.317765e-01;2.755586e-01;2.371801e-01;1.651288e-02;2.802171e-02;1.986289e-02;1.079599e-02;2.223219e-02;1.222248e-01;9.750089e-03;1.469426e-02;1.139002e-02
2.668588e-01;2.761936e-01;2.090849e-01;1.851585e-02;3.532084e-02;1.438369e-02;1.366922e-02;1.636685e-02;1.075667e-01;1.118752e-02;1.454973e-02;1.630224e-02
2.761498e-01;2.264662e-01;2.073856e-01;2.349760e-02;4.038629e-02;1.408979e-02;1.711494e-02;2.594859e-02;8.005787e-02;2.034254e-02;2.850014e-02;4.006064e-02
2.545002e-01;1.445594e-01;2.059392e-01;2.977833e-02;4.233130e-02;1.735817e-02;3.502267e-02;3.187585e-02;7.445616e-02;4.355244e-02;6.282026e-02;5.780608e-02
2.437401e-01;1.610060e-01;1.902958e-01;2.737592e-02;2.880169e-02;1.841948e-02;6.056135e-02;3.533224e-02;7.828457e-02;6.035253e-02;7.327413e-02;2.255621e-02
2.677243e-01;2.559715e-01;1.601309e-01;1.503483e-02;3.966964e-02;1.651669e-02;5.290459e-02;1.826347e-02;7.334910e-02;3.211122e-02;3.829705e-02;3.002668e-02
3.021302e-01;2.298900e-01;1.372011e-01;1.698257e-02;4.928586e-02;2.113434e-02;2.642198e-02;2.555323e-02;1.032680e-01;1.641404e-02;2.755803e-02;4.416056e-02
2.778007e-01;1.637733e-01;1.345455e-01;1.718507e-02;3.528957e-02;2.654171e-02;3.093211e-02;4.061893e-02;1.437250e-01;2.341698e-02;4.081343e-02;6.535780e-02
2.438142e-01;2.310314e-01;7.593405e-02;2.532724e-02;4.991593e-02;3.289825e-02;5.367033e-02;4.932084e-02;1.035113e-01;5.347869e-02;4.524263e-02;3.585514e-02
1.101455e-01;1.755154e-01;5.786373e-02;4.768199e-02;8.463857e-02;6.413238e-02;1.153396e-01;8.486290e-02;7.594588e-02;1.031385e-01;4.575795e-02;3.497759e-02
6.108990e-02;1.350234e-01;7.870799e-02;5.746491e-02;1.007181e-01;7.946817e-02;1.619528e-01;6.474026e-02;9.009752e-02;1.071938e-01;2.499558e-02;3.854766e-02
1.259959e-01;1.070122e-01;1.478541e-01;6.595128e-02;1.142864e-01;5.560301e-02;1.264851e-01;4.190738e-02;6.987675e-02;5.332182e-02;2.686706e-02;6.483894e-02
2.022282e-01;9.757326e-02;1.378893e-01;7.528712e-02;9.345806e-02;4.901779e-02;1.132225e-01;3.557007e-02;5.668712e-02;3.446076e-02;4.230168e-02;6.230415e-02
2.347718e-01;9.808519e-02;1.150166e-01;8.242676e-02;5.989644e-02;5.157207e-02;1.339190e-01;3.416301e-02;4.614643e-02;5.169794e-02;4.727735e-02;4.502755e-02
2.231599e-01;9.162895e-02;8.301798e-02;9.225416e-02;3.094295e-02;4.021616e-02;1.831976e-01;4.355681e-02;3.161134e-02;6.125262e-02;4.315456e-02;7.600693e-02
1.418990e-01;6.409690e-02;8.338559e-02;7.715654e-02;2.034814e-02;1.163833e-01;2.313111e-01;4.176899e-02;2.494342e-02;4.599597e-02;6.690017e-02;8.581084e-02
2.846819e-02;4.324200e-02;1.042918e-01;3.105710e-02;4.178685e-02;2.810502e-01;1.796211e-01;2.615978e-02;2.897035e-02;5.180132e-02;1.414929e-01;4.205836e-02
3.317862e-02;7.465840e-02;6.195590e-02;2.125367e-02;8.265890e-02;3.305094e-01;1.234491e-01;3.081918e-02;1.637124e-02;8.019800e-02;1.291524e-01;1.579512e-02
6.755021e-02;1.129565e-01;4.792294e-02;1.585496e-02;1.295035e-01;2.748623e-01;8.154374e-02;3.606740e-02;1.200178e-02;1.152601e-01;8.486925e-02;2.160722e-02
6.975173e-02;1.101502e-01;4.082339e-02;2.426996e-02;1.408580e-01;2.306746e-01;5.929173e-02;4.249704e-02;1.891342e-02;1.271794e-01;1.090711e-01;2.651942e-02
4.681013e-02;8.635187e-02;4.376948e-02;2.806262e-02;1.216476e-01;2.556732e-01;6.733326e-02;4.825930e-02;2.294321e-02;1.236690e-01;1.389664e-01;1.651382e-02
3.247987e-02;8.612825e-02;5.307057e-02;2.854412e-02;1.270722e-01;2.222115e-01;5.415390e-02;7.423119e-02;4.597101e-02;1.362732e-01;1.196043e-01;2.025976e-02
2.979221e-02;1.052594e-01;3.792561e-02;4.875374e-02;1.463101e-01;1.591701e-01;3.251150e-02;9.366507e-02;7.454224e-02;1.595895e-01;7.263446e-02;3.984604e-02
5.599332e-02;1.104654e-01;3.581822e-02;7.570555e-02;1.384512e-01;1.186320e-01;6.174396e-02;7.258791e-02;8.494933e-02;1.351250e-01;6.198801e-02;4.854015e-02
5.274900e-02;9.587751e-02;7.211961e-02;8.885572e-02;8.315331e-02;1.254992e-01;1.329404e-01;6.481533e-02;8.580911e-02;9.389106e-02;4.974661e-02;5.454316e-02
5.826331e-02;7.761078e-02;8.138315e-02;6.057366e-02;9.036999e-02;1.474417e-01;1.229737e-01;6.777128e-02;7.476758e-02;8.762569e-02;5.701308e-02;7.420616e-02
7.027648e-02;6.951914e-02;8.216006e-02;5.208853e-02;9.875037e-02;1.558140e-01;9.735363e-02;6.759485e-02;5.612520e-02;8.706312e-02;9.987473e-02;6.337991e-02
1.076131e-01;7.202785e-02;6.508475e-02;5.324483e-02;1.016659e-01;1.331990e-01;1.009728e-01;7.268493e-02;4.658783e-02;8.202288e-02;1.326624e-01;3.223378e-02
1.692918e-01;6.763328e-02;6.130940e-02;4.946510e-02;8.906977e-02;8.889121e-02;1.072762e-01;4.771058e-02;5.794191e-02;1.057669e-01;8.735200e-02;6.829187e-02
1.998508e-01;5.464817e-02;5.665716e-02;5.554801e-02;6.974304e-02;6.925106e-02;1.131246e-01;2.361375e-02;5.929332e-02;1.763794e-01;6.468322e-02;5.720753e-02
1.722749e-01;4.773700e-02;5.915743e-02;5.109164e-02;3.737185e-02;6.575207e-02;1.005303e-01;5.099035e-02;6.234428e-02;2.414122e-01;6.801735e-02;4.332067e-02
1.082456e-01;4.183535e-02;6.846375e-02;4.719951e-02;5.209260e-02;5.317631e-02;8.228357e-02;1.211174e-01;7.788511e-02;2.136658e-01;6.193230e-02;7.210279e-02
5.473734e-02;4.330440e-02;8.300097e-02;4.073681e-02;6.216650e-02;5.383844e-02;6.908228e-02;1.755629e-01;9.470719e-02;1.598465e-01;6.027342e-02;1.027432e-01
8.444722e-02;6.621777e-02;1.017950e-01;5.224723e-02;7.278089e-02;5.997155e-02;7.717118e-02;1.544670e-01;8.904970e-02;8.977714e-02;5.872158e-02;9.335382e-02
6.603672e-02;8.202264e-02;1.379640e-01;7.381754e-02;6.230593e-02;8.008406e-02;1.110958e-01;1.191441e-01;1.329617e-01;6.223767e-02;1.811731e-02;5.421253e-02
8.849777e-02;9.877434e-02;1.670018e-01;6.517659e-02;6.570349e-02;5.574221e-02;9.148059e-02;1.026779e-01;1.434301e-01;4.820065e-02;2.896008e-02;4.435441e-02
1.800855e-01;8.598791e-02;1.856247e-01;4.788095e-02;4.705034e-02;3.535242e-02;9.975368e-02;5.928957e-02;7.223183e-02;3.120819e-02;6.658980e-02;8.894505e-02
2.393172e-01;7.512663e-02;1.389560e-01;4.668743e-02;2.374802e-02;4.394095e-02;1.218923e-01;3.578619e-02;3.308567e-02;2.664817e-02;7.151348e-02;1.432980e-01
2.596711e-01;5.471620e-02;6.062878e-02;4.295682e-02;1.154704e-02;5.896832e-02;1.506695e-01;1.975521e-02;1.978783e-02;3.510257e-02;7.562489e-02;2.105718e-01
1.693101e-01;2.372206e-02;5.132980e-02;2.467345e-02;1.634006e-02;9.700349e-02;1.500121e-01;7.719574e-03;2.662332e-02;4.377012e-02;1.839152e-01;2.055808e-01
4.792394e-02;1.730480e-02;8.402637e-02;8.744678e-03;1.723967e-02;1.376620e-01;1.296048e-01;1.183545e-02;3.083258e-02;6.133704e-02;3.153829e-01;1.381057e-01
2.127781e-02;1.344623e-02;9.705932e-02;4.278510e-03;1.765108e-02;1.511381e-01;8.397877e-02;1.176491e-02;3.525303e-02;7.716788e-02;4.028452e-01;8.413919e-02
4.085042e-02;7.575771e-03;1.023916e-01;4.947157e-03;1.531890e-02;1.267730e-01;5.213657e-02;9.703510e-03;3.612578e-02;9.357248e-02;4.305661e-01;8.003863e-02
4.042349e-02;9.506228e-03;1.085506e-01;5.055832e-03;1.202440e-02;8.358645e-02;3.184084e-02;9.095727e-03;3.215984e-02;1.051346e-01;4.338232e-01;1.287988e-01
4.299742e-02;1.151402e-02;1.163018e-01;8.880015e-03;1.203624e-02;4.494192e-02;2.515881e-02;7.205485e-03;2.267522e-02;1.012377e-01;3.935502e-01;2.135013e-01
6.401549e-02;3.049825e-02;1.342474e-01;9.029920e-03;1.628912e-02;2.538083e-02;2.613926e-02;1.225110e-02;1.694333e-02;9.982751e-02;3.452038e-01;2.201740e-01
6.342800e-02;6.238110e-02;1.905051e-01;1.185087e-02;2.713460e-02;2.386552e-02;5.141173e-02;1.795307e-02;3.116657e-02;1.071946e-01;2.842566e-01;1.288522e-01
4.958951e-02;7.739415e-02;2.174433e-01;3.456841e-02;4.148687e-02;4.007710e-02;1.189325e-01;3.527783e-02;5.357442e-02;7.776570e-02;1.691953e-01;8.469482e-02
3.941287e-02;6.888034e-02;1.988918e-01;4.416053e-02;4.639549e-02;4.425966e-02;1.756926e-01;3.873393e-02;6.018000e-02;4.160635e-02;1.318973e-01;1.098891e-01
6.250590e-02;5.247224e-02;1.650071e-01;3.334941e-02;3.054867e-02;4.305850e-02;1.623693e-01;4.714010e-02;5.181562e-02;5.747993e-02;1.525788e-01;1.416745e-01
1.043368e-01;6.234793e-02;1.486294e-01;1.610762e-02;1.481823e-02;5.672546e-02;1.193770e-01;3.854555e-02;3.634374e-02;5.688240e-02;1.716397e-01;1.742463e-01
8.907840e-02;5.194982e-02;1.263890e-01;1.221565e-02;2.554260e-02;6.453565e-02;9.204096e-02;2.802703e-02;2.492978e-02;8.202726e-02;1.906011e-01;2.126628e-01
5.158200e-02;3.659530e-02;7.378054e-02;1.559397e-02;4.182808e-02;8.148331e-02;1.501079e-01;2.263691e-02;1.560852e-02;8.225424e-02;1.799884e-01;2.485407e-01
6.967375e-02;6.000616e-02;1.141198e-01;1.526569e-02;3.989665e-02;7.066903e-02;1.796740e-01;2.310734e-02;2.365264e-02;6.104254e-02;1.252999e-01;2.175924e-01
8.938689e-02;5.879215e-02;1.325612e-01;1.660287e-02;4.083515e-02;5.259486e-02;1.299424e-01;2.626535e-02;2.075734e-02;7.510751e-02;1.626453e-01;1.945091e-01
5.772172e-02;6.662065e-02;8.800866e-02;5.634549e-02;8.803197e-02;1.047078e-01;1.187760e-01;8.547123e-02;7.937615e-02;1.063366e-01;7.617518e-02;7.242858e-02
7.540385e-02;6.517836e-02;7.306764e-02;5.700397e-02;9.277906e-02;1.147176e-01;1.373323e-01;9.529300e-02;8.335600e-02;1.045614e-01;4.957930e-02;5.172754e-02
6.789813e-02;6.506933e-02;7.319557e-02;5.695935e-02;9.570022e-02;1.111191e-01;1.394033e-01;9.336824e-02;8.537164e-02;1.099615e-01;5.958563e-02;4.236802e-02
1.159033e-01;7.741535e-02;9.639531e-02;6.183398e-02;8.475102e-02;7.908081e-02;1.135503e-01;7.216377e-02;7.391574e-02;9.895962e-02;7.606288e-02;4.996793e-02
2.013303e-01;8.623523e-02;1.468755e-01;7.227349e-02;4.665857e-02;2.894735e-02;8.797969e-02;2.979464e-02;4.188038e-02;5.691383e-02;8.167150e-02;1.194394e-01
2.555429e-01;4.079117e-02;1.029278e-01;8.278096e-02;1.611506e-02;2.640997e-02;8.725302e-02;1.487363e-02;1.884770e-02;3.810981e-02;7.798282e-02;2.383651e-01
2.740667e-01;2.489225e-02;3.620017e-02;5.635968e-02;7.466986e-03;3.131901e-02;7.199758e-02;1.449173e-02;1.755889e-02;2.088237e-02;1.133455e-01;3.314191e-01
2.062716e-01;1.646388e-02;7.256119e-02;2.591308e-02;1.022984e-02;4.991753e-02;5.464059e-02;1.622637e-02;3.587223e-02;2.506740e-02;1.721154e-01;3.147209e-01
1.067871e-01;9.886715e-03;9.981222e-02;9.647564e-03;1.451294e-02;6.802114e-02;8.369073e-02;1.250335e-02;5.283586e-02;3.315870e-02;2.535937e-01;2.555500e-01
2.268520e-02;1.144672e-02;1.121041e-01;9.095100e-03;1.226730e-02;7.687621e-02;1.214255e-01;1.038984e-02;5.402897e-02;4.038094e-02;2.830555e-01;2.462446e-01
6.798989e-02;1.100200e-02;9.508170e-02;2.669814e-02;1.333346e-02;6.524497e-02;1.560881e-01;1.480083e-02;3.529344e-02;3.938163e-02;2.089909e-01;2.660949e-01
1.260869e-01;3.502860e-02;5.352008e-02;6.586336e-02;1.145128e-02;5.578887e-02;2.055405e-01;2.206034e-02;2.113091e-02;3.111267e-02;1.170370e-01;2.553795e-01
8.496749e-02;3.938512e-02;2.765259e-02;1.647052e-01;1.520704e-02;5.746044e-02;2.692032e-01;2.184086e-02;1.132125e-02;2.061936e-02;6.903455e-02;2.186030e-01
7.088431e-02;2.785810e-02;4.022741e-02;2.915436e-01;1.989103e-02;4.339049e-02;2.592160e-01;2.216299e-02;7.514900e-03;2.945266e-02;4.617839e-02;1.416801e-01
1.039029e-01;1.652116e-02;3.976221e-02;3.334701e-01;4.998332e-02;2.952936e-02;2.209828e-01;3.074837e-02;7.335035e-03;4.064709e-02;2.764593e-02;9.947179e-02
1.222221e-01;4.220809e-02;8.433180e-02;2.683154e-01;7.262510e-02;2.835852e-02;1.802634e-01;3.968363e-02;1.261257e-02;5.091991e-02;3.160028e-02;6.685916e-02
1.173664e-01;6.701771e-02;1.357077e-01;1.879937e-01;7.882915e-02;4.885464e-02;1.677546e-01;3.810618e-02;2.294425e-02;5.171773e-02;3.622576e-02;4.748219e-02
7.833535e-02;8.239089e-02;1.643655e-01;1.466461e-01;7.299139e-02;5.541533e-02;1.739390e-01;2.918332e-02;2.388303e-02;5.326800e-02;6.364864e-02;5.593338e-02
4.566991e-02;7.468320e-02;7.690519e-02;1.404530e-01;7.017399e-02;4.270536e-02;1.588226e-01;3.996600e-02;2.043726e-02;7.650549e-02;1.301700e-01;1.235081e-01
2.727437e-02;6.276122e-02;9.075093e-02;9.960118e-02;7.653018e-02;3.552181e-02;1.088312e-01;3.593672e-02;3.255707e-02;1.037592e-01;1.641189e-01;1.623573e-01
8.639186e-02;3.063142e-02;1.025421e-01;4.118903e-02;7.759698e-02;6.133457e-02;1.043251e-01;5.935587e-02;7.333465e-02;9.282655e-02;1.486073e-01;1.218646e-01
8.897132e-02;4.404319e-02;8.836409e-02;4.415589e-02;8.914844e-02;8.315787e-02;1.398846e-01;8.751693e-02;8.178780e-02;8.418988e-02;9.819302e-02;7.058699e-02
6.148261e-02;4.067577e-02;1.078013e-01;5.107869e-02;9.555308e-02;8.263723e-02;1.576217e-01;9.259515e-02;6.651748e-02;8.393174e-02;1.076228e-01;5.248247e-02
4.728801e-02;6.406531e-02;1.671270e-01;6.122960e-02;7.321534e-02;6.368141e-02;1.315630e-01;6.487596e-02;4.204711e-02;8.239292e-02;1.412026e-01;6.131175e-02
5.214421e-02;8.046809e-02;2.423025e-01;6.691006e-02;5.227929e-02;7.014015e-02;9.363276e-02;3.158347e-02;3.870848e-02;8.412099e-02;1.374472e-01;5.026279e-02
4.052817e-02;7.875863e-02;2.406707e-01;3.119219e-02;7.663627e-02;4.798634e-02;1.207190e-01;2.940471e-02;4.552015e-02;9.471530e-02;1.201764e-01;7.369219e-02
2.334612e-02;7.001538e-02;1.613028e-01;7.121482e-02;7.825536e-02;8.539362e-02;1.468191e-01;2.458881e-02;5.150986e-02;1.083797e-01;8.833084e-02;9.084368e-02
5.617463e-02;9.507670e-02;1.005240e-01;1.256643e-01;8.391776e-02;7.917804e-02;1.603179e-01;3.266893e-02;5.030912e-02;7.735527e-02;7.672765e-02;6.208571e-02
7.771351e-02;8.581991e-02;9.566958e-02;1.523370e-01;9.475663e-02;8.048704e-02;1.551724e-01;4.570418e-02;3.012377e-02;5.649047e-02;9.552622e-02;3.019929e-02
8.255930e-02;6.806221e-02;9.382662e-02;1.494297e-01;1.073374e-01;8.482458e-02;1.768387e-01;3.897032e-02;2.834512e-02;4.726232e-02;7.110160e-02;5.144205e-02
7.516957e-02;8.370482e-02;8.021141e-02;1.023277e-01;1.107274e-01;9.690065e-02;1.383654e-01;6.427463e-02;5.381380e-02;6.106857e-02;6.564572e-02;6.779040e-02
8.422109e-02;6.927984e-02;5.478300e-02;4.673135e-02;7.159156e-02;9.693569e-02;1.784871e-01;1.030902e-01;9.589712e-02;8.595484e-02;5.544527e-02;5.758291e-02
9.046741e-02;6.379402e-02;5.216501e-02;5.411083e-02;6.657673e-02;5.559775e-02;1.798774e-01;9.479765e-02;1.521399e-01;9.837288e-02;4.722888e-02;4.487158e-02
6.294175e-02;6.118717e-02;5.887318e-02;7.407782e-02;7.333854e-02;4.661844e-02;1.391050e-01;6.413963e-02;1.860216e-01;1.162778e-01;7.212771e-02;4.529143e-02
5.278094e-02;5.325565e-02;7.928260e-02;6.945306e-02;7.086369e-02;6.487352e-02;1.147378e-01;7.213554e-02;1.329371e-01;1.166462e-01;8.215841e-02;9.087552e-02
7.802194e-02;8.438638e-02;7.016397e-02;4.969636e-02;5.407607e-02;8.257480e-02;1.125713e-01;6.347312e-02;8.350959e-02;1.019173e-01;1.029487e-01;1.166604e-01
9.402090e-02;6.856039e-02;8.869755e-02;5.269080e-02;3.168606e-02;8.179339e-02;1.143134e-01;5.215980e-02;1.057522e-01;9.260606e-02;1.151905e-01;1.025289e-01
8.803443e-02;6.539663e-02;1.040374e-01;5.765493e-02;2.985954e-02;6.520103e-02;1.232298e-01;5.843349e-02;1.129252e-01;7.955307e-02;1.065032e-01;1.091712e-01
8.370340e-02;7.113728e-02;7.450939e-02;6.390966e-02;2.426581e-02;5.030511e-02;1.178892e-01;5.172341e-02;8.609427e-02;7.320914e-02;1.459114e-01;1.573419e-01
8.580846e-02;6.343983e-02;5.185506e-02;5.424642e-02;3.792438e-02;3.894894e-02;1.278446e-01;4.490161e-02;8.901363e-02;6.945661e-02;1.550149e-01;1.815456e-01
7.072569e-02;5.637826e-02;6.580102e-02;3.880113e-02;4.805934e-02;4.440958e-02;1.129850e-01;3.054433e-02;7.967127e-02;1.483235e-01;1.350062e-01;1.692947e-01
6.869473e-02;5.059955e-02;6.621204e-02;7.317854e-02;6.492834e-02;6.448419e-02;1.131475e-01;4.065906e-02;4.257423e-02;1.906694e-01;8.806281e-02;1.367895e-01
4.138236e-02;6.541421e-02;9.151088e-02;6.487679e-02;6.780981e-02;7.996211e-02;1.664763e-01;3.840519e-02;5.506587e-02;1.641464e-01;7.933288e-02;8.561721e-02
5.438135e-02;7.128955e-02;9.465177e-02;4.661334e-02;7.133365e-02;1.163634e-01;1.593881e-01;4.509931e-02;6.241236e-02;1.271588e-01;7.401272e-02;7.729565e-02
5.056505e-02;4.763043e-02;1.041795e-01;9.015857e-02;8.690418e-02;6.572963e-02;1.029017e-01;9.016559e-02;1.061590e-01;1.093380e-01;6.768171e-02;7.858671e-02
7.332619e-02;5.211414e-02;7.974701e-02;7.878691e-02;4.119261e-02;9.747440e-02;1.456289e-01;1.157018e-01;1.200819e-01;9.393596e-02;5.117149e-02;5.083863e-02
8.286850e-02;4.228414e-02;6.903115e-02;6.871971e-02;3.738753e-02;8.770236e-02;1.528515e-01;9.336007e-02;1.404735e-01;1.489146e-01;4.203763e-02;3.436933e-02
7.877232e-02;4.615260e-02;6.267711e-02;6.719755e-02;4.163928e-02;5.717530e-02;1.055746e-01;8.193091e-02;1.738963e-01;1.974765e-01;3.177615e-02;5.573134e-02
7.277389e-02;3.936972e-02;8.785390e-02;6.238955e-02;5.965901e-02;5.145430e-02;1.107217e-01;7.771008e-02;2.060889e-01;1.294052e-01;5.359392e-02;4.897980e-02
6.362303e-02;5.168119e-02;1.873693e-01;5.132668e-02;7.546290e-02;8.520193e-02;1.797637e-01;7.416394e-02;7.399723e-02;6.933624e-02;4.506687e-02;4.300706e-02
9.181742e-02;5.140807e-02;1.367415e-01;5.659873e-02;6.402025e-02;7.759307e-02;2.026896e-01;7.271212e-02;6.497744e-02;6.957478e-02;5.202328e-02;5.984372e-02
1.057338e-01;4.472516e-02;8.081121e-02;5.916964e-02;4.977331e-02;5.853799e-02;2.358460e-01;7.058874e-02;5.994990e-02;9.530719e-02;5.526100e-02;8.429608e-02
9.104849e-02;3.604338e-02;2.392084e-02;6.619393e-02;3.199314e-02;2.624073e-02;2.902618e-01;6.212420e-02;4.991456e-02;1.406282e-01;4.969214e-02;1.319385e-01
8.003345e-02;3.318298e-02;2.133696e-02;6.340235e-02;1.377449e-02;2.857510e-02;3.350343e-01;5.001620e-02;1.770189e-02;1.501736e-01;3.621366e-02;1.705550e-01
1.035210e-01;3.678191e-02;6.783824e-02;5.564689e-02;1.238193e-02;5.170675e-02;3.047526e-01;3.771723e-02;2.563315e-02;1.062937e-01;5.056561e-02;1.471609e-01
1.021648e-01;4.806839e-02;1.223801e-01;4.912764e-02;3.088654e-02;9.282468e-02;2.319321e-01;3.144566e-02;4.435830e-02;8.056080e-02;8.033311e-02;8.591779e-02
5.964794e-02;5.489750e-02;1.586680e-01;3.894366e-02;4.121590e-02;1.013905e-01;1.922664e-01;3.042046e-02;4.875116e-02;9.578571e-02;1.221408e-01;5.587192e-02
8.672530e-02;5.556180e-02;6.811184e-02;3.343724e-02;3.592506e-02;6.110699e-02;2.138459e-01;4.104913e-02;4.341510e-02;1.331570e-01;1.212834e-01;1.063812e-01
9.804808e-02;3.849872e-02;3.312397e-02;4.753541e-02;3.430240e-02;6.271136e-02;2.532744e-01;6.418615e-02;6.117525e-02;9.596986e-02;9.848635e-02;1.126881e-01
9.445488e-02;3.895334e-02;6.235098e-02;6.551372e-02;4.046941e-02;6.688365e-02;2.521443e-01;6.830014e-02;7.105394e-02;7.603943e-02;6.876490e-02;9.507129e-02
1.094497e-01;6.026161e-02;6.323545e-02;6.527477e-02;3.604662e-02;6.987477e-02;2.502926e-01;5.147741e-02;5.926749e-02;7.267336e-02;5.498812e-02;1.071580e-01
8.109768e-02;7.530402e-02;6.496471e-02;5.640225e-02;3.554859e-02;6.234560e-02;2.189590e-01;2.725439e-02;3.586924e-02;9.465674e-02;9.012397e-02;1.574739e-01
1.045741e-01;6.019696e-02;7.860734e-02;4.744447e-02;3.664507e-02;4.977142e-02;2.173575e-01;3.242676e-02;3.523937e-02;8.171115e-02;9.504902e-02;1.609768e-01
1.278342e-01;4.424892e-02;6.818022e-02;3.548048e-02;2.478109e-02;6.150353e-02;1.828998e-01;8.557743e-02;8.696984e-02;1.099743e-01;5.070969e-02;1.218405e-01
7.538836e-02;6.334412e-02;4.254259e-02;1.735603e-02;5.074817e-02;9.727088e-02;1.432542e-01;1.296555e-01;1.239791e-01;1.716727e-01;2.881643e-02;5.597195e-02
7.395385e-02;8.190686e-02;8.727268e-02;2.762079e-02;5.872599e-02;1.018195e-01;1.227066e-01;1.179727e-01;1.054423e-01;1.508731e-01;2.991960e-02;4.178605e-02
1.355766e-01;1.065504e-01;1.608159e-01;3.749941e-02;5.821496e-02;6.963836e-02;8.513094e-02;8.675937e-02;7.644581e-02;1.048485e-01;3.043070e-02;4.808909e-02
2.432725e-01;1.016049e-01;1.396515e-01;5.010907e-02;4.206723e-02;4.173366e-02;1.223489e-01;5.063662e-02;4.640948e-02;5.923872e-02;2.897835e-02;7.394898e-02
3.183601e-01;7.562613e-02;7.831969e-02;1.014411e-01;1.788369e-02;2.678349e-02;1.239223e-01;2.536663e-02;2.747216e-02;4.344497e-02;3.036352e-02;1.310162e-01
2.636906e-01;3.872651e-02;9.328194e-02;1.706805e-01;9.952265e-03;3.738455e-02;1.017823e-01;1.321486e-02;2.356417e-02;2.458187e-02;6.042895e-02;1.627115e-01
1.113550e-01;2.534572e-02;1.779465e-01;1.592633e-01;1.683790e-02;8.108102e-02;9.213714e-02;1.372827e-02;5.938402e-02;2.456428e-02;1.206665e-01;1.176904e-01
1.690488e-02;2.139002e-02;2.207340e-01;7.668953e-02;2.902847e-02;1.244757e-01;1.078223e-01;1.161469e-02;9.061161e-02;4.540730e-02;1.843077e-01;7.101378e-02
3.916879e-02;2.232382e-02;1.969234e-01;1.888079e-02;1.258944e-02;1.383737e-01;1.463540e-01;1.601063e-02;9.273309e-02;6.521718e-02;1.991404e-01;5.228485e-02
4.985708e-02;1.495109e-02;1.526259e-01;8.453778e-03;1.388932e-02;1.477835e-01;1.880070e-01;2.642296e-02;9.594367e-02;6.581554e-02;1.881033e-01;4.814689e-02
3.696759e-02;6.570617e-03;1.522106e-01;2.129972e-02;1.722536e-02;1.319413e-01;1.671860e-01;2.937387e-02;1.043326e-01;8.804541e-02;1.976103e-01;4.723660e-02
2.766189e-02;1.348005e-02;1.708355e-01;3.319638e-02;1.978425e-02;8.266909e-02;1.352422e-01;2.859573e-02;1.116244e-01;1.259072e-01;2.115379e-01;3.946545e-02
3.238501e-02;1.767834e-02;1.811498e-01;2.453716e-02;2.519027e-02;4.445456e-02;1.477305e-01;2.514987e-02;1.131333e-01;1.149591e-01;2.217937e-01;5.183844e-02
8.098391e-02;2.747583e-02;1.104968e-01;3.355787e-02;2.182262e-02;8.972299e-02;1.202462e-01;2.555274e-02;8.827945e-02;1.006647e-01;2.099334e-01;9.126346e-02
5.577328e-02;5.882736e-02;1.127213e-01;5.323356e-02;3.790257e-02;8.879013e-02;1.205387e-01;3.769233e-02;9.949758e-02;8.845159e-02;1.596963e-01;8.687521e-02
7.028893e-02;6.212705e-02;1.425249e-01;4.816425e-02;6.124559e-02;7.323977e-02;1.109721e-01;3.390823e-02;1.043697e-01;8.205756e-02;1.212791e-01;8.982291e-02
7.255471e-02;4.736335e-02;9.158006e-02;4.412730e-02;7.837439e-02;6.520861e-02;1.416850e-01;6.033855e-02;7.501820e-02;6.904814e-02;1.160606e-01;1.386410e-01
1.295192e-01;5.170406e-02;5.770276e-02;4.910289e-02;5.558754e-02;4.599527e-02;1.815328e-01;5.502531e-02;2.729507e-02;5.237280e-02;1.112569e-01;1.829053e-01
1.373203e-01;3.960211e-02;5.842327e-02;6.687024e-02;3.027739e-02;3.973633e-02;1.939919e-01;2.472055e-02;6.052976e-02;5.325128e-02;1.066525e-01;1.886244e-01
1.610023e-01;4.540046e-02;5.601317e-02;6.352802e-02;1.620978e-02;6.936686e-02;1.404848e-01;1.685009e-02;1.045140e-01;4.482447e-02;1.201659e-01;1.616401e-01
1.589678e-01;5.375246e-02;7.755314e-02;5.637057e-02;2.302775e-02;1.059999e-01;8.090758e-02;2.876558e-02;9.047867e-02;7.526476e-02;1.347300e-01;1.141817e-01
1.385985e-01;6.192071e-02;1.007342e-01;5.093629e-02;3.254915e-02;9.536406e-02;7.557466e-02;4.400059e-02;6.273244e-02;1.210266e-01;1.466727e-01;6.989016e-02
1.205871e-01;6.012541e-02;7.211653e-02;3.427170e-02;6.578393e-02;8.199516e-02;8.322506e-02;4.814605e-02;7.438353e-02;1.549413e-01;1.392268e-01;6.519751e-02
1.177861e-01;6.326009e-02;8.332722e-02;4.351098e-02;6.958852e-02;9.840562e-02;8.926943e-02;5.020820e-02;8.701884e-02;1.238525e-01;1.019491e-01;7.182328e-02
8.933289e-02;6.686601e-02;7.785182e-02;6.913061e-02;5.683795e-02;1.064152e-01;1.069530e-01;5.744690e-02;8.669153e-02;1.284946e-01;9.004801e-02;6.393162e-02
1.035698e-01;5.118397e-02;4.283195e-02;7.628179e-02;4.958050e-02;1.034842e-01;8.961974e-02;7.147010e-02;1.237793e-01;1.694556e-01;7.476370e-02;4.397928e-02
1.189051e-01;5.599931e-02;8.223814e-02;7.555471e-02;7.424022e-02;7.020885e-02;4.505329e-02;4.786215e-02;1.188450e-01;1.743908e-01;9.902444e-02;3.767796e-02
1.323569e-01;7.163617e-02;1.198936e-01;8.336494e-02;5.055714e-02;6.595958e-02;9.508749e-02;5.354190e-02;5.417809e-02;9.325024e-02;1.102434e-01;6.993061e-02
1.412885e-01;6.379662e-02;9.497513e-02;1.230878e-01;2.139269e-02;7.018124e-02;1.711865e-01;5.548707e-02;2.093619e-02;5.001533e-02;7.562018e-02;1.120327e-01
1.301150e-01;5.009205e-02;4.552659e-02;1.658955e-01;1.477312e-02;5.098112e-02;2.730211e-01;5.813092e-02;1.330016e-02;3.324668e-02;3.728139e-02;1.276363e-01
8.507539e-02;2.997922e-02;1.260617e-02;1.818275e-01;1.821587e-02;3.011740e-02;4.002450e-01;6.138847e-02;7.064340e-03;2.119640e-02;2.160843e-02;1.306759e-01
3.808435e-02;1.896768e-02;8.087062e-03;1.463444e-01;1.341023e-02;3.333504e-02;5.109602e-01;6.362651e-02;8.326729e-03;1.710850e-02;1.980083e-02;1.219485e-01
2.425711e-02;1.162115e-02;2.147166e-02;8.647399e-02;1.000449e-02;5.004756e-02;5.326771e-01;6.676013e-02;2.589810e-02;1.242611e-02;4.034030e-02;1.180224e-01
2.130681e-02;5.888974e-03;4.336188e-02;3.192047e-02;1.334009e-02;1.029597e-01;4.312648e-01;6.084856e-02;7.761740e-02;2.134942e-02;8.069736e-02;1.094445e-01
1.856781e-02;5.288096e-03;6.858242e-02;6.731105e-03;1.277641e-02;1.631729e-01;2.848091e-01;4.945358e-02;1.347905e-01;3.426874e-02;1.402960e-01;8.126333e-02
2.177474e-02;5.477995e-03;8.721270e-02;7.928975e-03;2.019238e-02;2.054265e-01;2.017178e-01;4.127745e-02;1.382800e-01;3.734919e-02;1.600705e-01;7.329179e-02
1.941947e-02;1.864601e-02;9.922842e-02;1.667904e-02;5.299927e-02;2.299276e-01;1.475344e-01;2.141734e-02;1.272779e-01;3.807208e-02;1.532469e-01;7.555155e-02
2.729512e-02;4.352975e-02;1.013875e-01;3.435078e-02;1.041135e-01;2.048849e-01;9.709828e-02;2.783034e-02;1.305917e-01;4.454349e-02;1.330079e-01;5.136669e-02
2.616112e-02;3.716136e-02;1.156524e-01;4.214581e-02;1.351528e-01;1.638119e-01;7.118735e-02;2.746302e-02;1.351303e-01;7.224545e-02;1.288577e-01;4.503074e-02
4.102292e-02;1.646032e-02;1.364173e-01;2.497258e-02;1.381868e-01;1.311424e-01;7.769240e-02;1.882904e-02;1.321700e-01;9.421361e-02;1.399945e-01;4.889815e-02
3.155337e-02;9.190893e-03;1.201839e-01;2.367965e-02;1.800823e-01;1.076313e-01;7.488756e-02;1.722949e-02;1.341234e-01;8.873706e-02;1.411833e-01;7.151787e-02
5.266819e-02;1.427142e-02;9.531607e-02;1.808667e-02;2.620194e-01;7.177239e-02;8.410140e-02;2.475499e-02;1.007364e-01;5.757494e-02;1.329904e-01;8.570766e-02
1.901610e-02;1.399360e-02;8.285868e-02;1.747664e-02;3.233357e-01;5.504556e-02;8.736704e-02;2.882553e-02;8.265640e-02;4.782888e-02;1.439646e-01;9.763119e-02
4.092065e-02;1.176059e-02;6.685715e-02;1.855555e-02;3.061259e-01;6.886699e-02;7.881618e-02;3.835280e-02;8.618110e-02;4.848565e-02;1.334515e-01;1.016259e-01
3.617651e-02;8.807681e-03;6.900292e-02;2.118328e-02;2.852944e-01;8.042914e-02;9.539985e-02;4.656762e-02;9.571420e-02;4.333847e-02;1.196084e-01;9.847758e-02
3.768516e-02;1.406328e-02;9.261654e-02;2.738390e-02;2.384879e-01;7.476059e-02;1.385305e-01;4.979905e-02;1.025142e-01;3.459632e-02;1.041366e-01;8.542584e-02
2.031108e-02;1.680804e-02;1.298741e-01;3.438427e-02;1.634094e-01;8.030430e-02;1.997416e-01;7.453168e-02;9.649923e-02;2.782319e-02;8.824098e-02;6.807220e-02
3.126596e-02;1.824349e-02;1.205938e-01;2.936963e-02;9.876895e-02;8.462904e-02;2.637663e-01;1.076826e-01;7.698448e-02;2.731504e-02;7.181428e-02;6.956655e-02
4.392992e-02;1.572958e-02;8.001051e-02;2.883960e-02;6.170980e-02;8.799139e-02;3.265801e-01;1.139421e-01;6.588194e-02;2.248596e-02;7.277890e-02;8.012028e-02
4.144511e-02;1.257595e-02;4.324355e-02;2.430454e-02;4.079667e-02;1.070212e-01;3.540660e-01;1.006647e-01;7.193741e-02;2.051001e-02;8.394142e-02;9.949340e-02
3.756926e-02;1.419737e-02;6.142836e-02;2.797306e-02;4.161160e-02;1.412762e-01;3.110625e-01;7.032566e-02;9.417801e-02;2.708568e-02;8.685297e-02;8.643932e-02
3.911954e-02;2.202182e-02;1.052193e-01;2.858024e-02;5.258323e-02;1.589038e-01;2.458052e-01;5.085647e-02;1.111965e-01;4.757935e-02;9.068152e-02;4.745297e-02
4.266503e-02;2.100279e-02;1.616160e-01;2.180650e-02;4.407181e-02;1.157297e-01;1.950570e-01;3.294462e-02;1.238108e-01;5.987147e-02;1.197162e-01;6.170819e-02
4.261222e-02;1.310208e-02;1.667960e-01;1.266983e-02;3.341397e-02;1.152755e-01;1.593600e-01;1.631512e-02;1.178038e-01;7.340662e-02;1.739262e-01;7.531866e-02
3.962285e-02;1.155444e-02;1.380015e-01;1.052855e-02;1.800117e-02;1.622166e-01;1.076796e-01;1.943416e-02;1.081778e-01;9.061006e-02;2.232542e-01;7.091902e-02
2.427101e-02;6.269894e-03;1.733604e-01;1.293650e-02;1.876249e-02;1.615504e-01;8.207884e-02;1.513890e-02;1.229893e-01;9.198279e-02;2.298939e-01;6.076555e-02
4.023449e-02;9.649937e-03;2.020817e-01;9.970032e-03;2.328938e-02;1.543074e-01;6.384282e-02;1.343833e-02;1.170143e-01;8.954880e-02;2.169912e-01;5.963175e-02
4.718539e-02;1.905475e-02;1.948176e-01;1.229912e-02;2.669572e-02;1.543061e-01;4.940191e-02;1.078778e-02;8.794811e-02;1.101805e-01;2.159128e-01;7.141018e-02
4.383900e-02;2.018716e-02;2.043717e-01;1.776679e-02;1.622150e-02;1.519943e-01;3.602081e-02;9.062995e-03;7.293110e-02;1.220595e-01;2.335638e-01;7.198144e-02
4.171357e-02;2.133014e-02;1.943758e-01;1.778912e-02;3.871890e-02;1.306258e-01;2.506950e-02;2.184549e-02;7.266304e-02;1.233414e-01;2.477980e-01;6.472922e-02
4.385490e-02;1.706866e-02;1.877989e-01;2.901424e-02;7.161738e-02;7.499640e-02;5.519899e-02;4.260281e-02;8.473077e-02;1.168637e-01;2.117012e-01;6.455211e-02
2.347936e-02;1.504753e-02;1.543935e-01;2.009015e-02;7.407963e-02;6.253848e-02;6.029617e-02;5.507924e-02;1.203506e-01;1.315444e-01;2.093255e-01;7.377546e-02
1.553538e-02;8.748065e-03;1.921367e-01;1.451108e-02;4.506564e-02;6.199090e-02;4.269167e-02;3.582317e-02;1.396307e-01;1.314831e-01;2.231067e-01;8.927684e-02
2.644819e-02;6.954690e-03;1.985952e-01;1.020864e-02;4.012986e-02;5.087280e-02;5.149083e-02;4.093719e-02;1.325392e-01;1.201825e-01;2.202788e-01;1.013621e-01
5.437786e-02;1.010521e-02;1.485927e-01;2.319295e-02;5.737464e-02;4.478809e-02;7.531109e-02;8.494121e-02;1.046953e-01;9.347593e-02;1.858549e-01;1.172901e-01
1.039408e-01;1.175514e-02;9.336360e-02;5.815865e-02;5.182275e-02;3.453759e-02;1.360929e-01;1.024117e-01;6.575014e-02;6.616418e-02;1.404705e-01;1.355320e-01
1.586261e-01;1.591819e-02;5.845671e-02;8.817528e-02;2.388590e-02;2.402807e-02;2.272358e-01;7.175330e-02;2.983234e-02;6.857680e-02;9.788114e-02;1.356304e-01
2.022156e-01;2.782214e-02;5.863680e-02;1.001075e-01;2.503161e-02;1.393478e-02;2.669205e-01;3.295081e-02;1.258675e-02;7.876513e-02;6.119941e-02;1.198290e-01
1.774378e-01;4.348501e-02;1.153667e-01;9.109757e-02;5.926755e-02;1.464706e-02;2.179769e-01;3.087693e-02;1.922980e-02;7.982841e-02;5.296836e-02;9.781791e-02
9.656955e-02;4.385768e-02;1.371106e-01;9.952057e-02;8.262745e-02;2.528257e-02;1.982964e-01;2.861682e-02;2.444328e-02;7.674281e-02;7.084753e-02;1.160847e-01
8.621760e-02;4.564840e-02;1.320635e-01;1.057208e-01;5.097312e-02;2.148749e-02;2.167533e-01;2.954510e-02;1.930688e-02;5.558337e-02;8.606399e-02;1.506365e-01
1.128562e-01;4.286697e-02;5.973601e-02;1.051302e-01;2.329219e-02;1.923519e-02;2.273075e-01;2.410074e-02;2.334722e-02;6.863460e-02;1.068569e-01;1.866362e-01
7.145748e-02;3.784734e-02;3.596875e-02;1.100235e-01;2.057134e-02;2.315324e-02;2.201298e-01;2.780751e-02;3.480850e-02;7.895919e-02;1.289074e-01;2.103660e-01
6.419908e-02;3.199327e-02;5.497106e-02;1.031703e-01;2.253419e-02;3.410037e-02;1.992320e-01;3.456457e-02;4.685158e-02;6.567420e-02;1.341265e-01;2.085830e-01
6.800497e-02;3.779494e-02;6.345855e-02;9.562973e-02;2.338198e-02;3.551438e-02;1.827411e-01;2.658772e-02;8.442712e-02;7.207813e-02;1.270923e-01;1.832891e-01
1.010365e-01;5.866554e-02;7.841832e-02;7.797800e-02;3.295434e-02;2.939774e-02;1.495422e-01;3.393158e-02;8.512276e-02;1.168411e-01;8.642922e-02;1.496826e-01
1.519987e-01;5.629404e-02;9.027999e-02;6.655619e-02;2.781117e-02;3.008905e-02;1.505355e-01;2.724898e-02;3.229774e-02;1.415702e-01;5.460915e-02;1.707094e-01
1.409023e-01;4.488846e-02;4.079626e-02;7.299040e-02;1.233561e-02;2.710566e-02;1.876466e-01;3.366366e-02;2.364526e-02;1.088959e-01;6.589971e-02;2.412301e-01
1.094657e-01;3.689700e-02;2.497085e-02;8.794702e-02;1.019648e-02;2.480598e-02;2.270971e-01;3.854258e-02;1.124441e-02;5.310002e-02;7.007109e-02;3.056618e-01
1.049635e-01;4.460229e-02;1.878151e-02;9.158267e-02;1.170894e-02;2.467361e-02;2.336303e-01;2.448193e-02;1.101020e-02;5.577710e-02;6.591955e-02;3.128684e-01
1.454541e-01;5.296203e-02;4.600718e-02;7.325408e-02;1.040345e-02;3.272734e-02;1.903670e-01;2.023960e-02;2.878483e-02;6.670559e-02;9.239212e-02;2.407028e-01
1.581965e-01;6.172313e-02;6.038694e-02;4.154057e-02;2.228838e-02;4.716461e-02;1.424199e-01;3.125826e-02;4.715999e-02;9.948125e-02;1.455852e-01;1.427953e-01
1.249200e-01;4.211911e-02;4.231067e-02;1.546010e-02;2.910927e-02;5.347067e-02;1.401621e-01;3.619964e-02;1.001416e-01;1.272218e-01;2.132457e-01;7.563928e-02
9.426092e-02;3.953027e-02;6.308667e-02;2.181731e-02;4.081973e-02;4.733809e-02;8.988006e-02;2.971097e-02;8.366174e-02;1.654507e-01;2.472204e-01;7.722317e-02
9.559709e-02;4.827547e-02;5.776656e-02;3.260172e-02;5.704870e-02;5.217772e-02;7.117022e-02;2.727890e-02;5.158544e-02;1.920328e-01;2.361793e-01;7.828610e-02
9.635110e-02;5.758961e-02;6.271019e-02;4.195730e-02;5.216324e-02;5.145222e-02;6.376019e-02;4.368629e-02;5.828261e-02;2.076931e-01;1.544646e-01;1.098894e-01
1.424861e-01;6.425716e-02;6.950697e-02;3.302483e-02;4.447658e-02;5.033313e-02;5.813378e-02;5.015102e-02;6.326959e-02;1.863444e-01;1.210983e-01;1.169181e-01
1.201713e-01;1.034788e-01;1.467479e-01;4.282816e-02;4.150918e-02;4.266119e-02;4.862762e-02;2.621619e-02;6.785487e-02;1.423719e-01;1.414457e-01;7.608728e-02
9.830683e-02;7.821894e-02;2.093151e-01;5.260210e-02;4.451996e-02;4.216344e-02;5.630391e-02;4.161322e-02;6.981207e-02;1.060426e-01;1.415373e-01;5.956443e-02
1.380563e-01;5.043293e-02;1.821918e-01;5.975328e-02;3.256864e-02;6.545787e-02;6.172973e-02;4.447670e-02;6.406055e-02;9.839110e-02;1.166960e-01;8.618511e-02
1.958859e-01;5.722329e-02;1.654677e-01;4.597609e-02;1.789201e-02;5.657602e-02;5.697930e-02;5.307457e-02;8.807472e-02;8.444739e-02;8.762300e-02;9.077999e-02
2.350182e-01;6.638920e-02;2.051132e-01;2.863183e-02;8.448294e-03;3.663462e-02;5.332660e-02;6.683388e-02;7.694007e-02;6.352014e-02;7.260817e-02;8.653578e-02
1.764025e-01;5.137165e-02;1.678693e-01;3.817990e-02;1.722471e-02;5.710398e-02;8.447867e-02;5.355806e-02;4.460088e-02;9.888824e-02;9.731363e-02;1.130086e-01
1.031022e-01;3.452023e-02;4.664471e-02;6.263807e-02;2.667119e-02;6.069224e-02;1.216601e-01;7.099634e-02;4.551795e-02;1.336700e-01;1.597976e-01;1.340894e-01
8.318838e-02;3.868507e-02;1.522947e-01;6.351776e-02;4.647021e-02;5.913665e-02;7.550225e-02;8.293351e-02;5.219023e-02;1.145447e-01;1.398482e-01;9.168841e-02
9.634346e-02;3.717539e-02;1.590002e-01;6.170346e-02;5.267366e-02;9.588685e-02;7.425012e-02;6.825228e-02;5.825290e-02;1.174898e-01;1.174379e-01;6.153395e-02
8.909620e-02;3.669654e-02;1.474798e-01;5.448013e-02;5.087097e-02;1.024823e-01;1.031310e-01;5.668085e-02;7.224294e-02;1.350032e-01;9.464888e-02;5.718723e-02
8.539622e-02;4.018770e-02;1.379657e-01;5.007574e-02;6.568629e-02;9.237181e-02;1.089284e-01;7.027197e-02;7.800920e-02;1.292574e-01;8.124583e-02;6.060376e-02
7.153953e-02;6.032623e-02;1.236073e-01;6.079980e-02;7.154698e-02;7.104801e-02;1.304959e-01;6.768691e-02;9.536515e-02;9.381855e-02;7.997347e-02;7.379223e-02
1.009024e-01;1.010999e-01;9.338946e-02;5.856369e-02;5.942466e-02;4.736298e-02;7.817692e-02;6.847318e-02;1.181079e-01;1.073490e-01;7.771440e-02;8.943549e-02
9.583709e-02;1.033574e-01;1.128592e-01;5.212894e-02;6.668115e-02;4.615965e-02;7.503291e-02;5.420977e-02;1.086156e-01;1.215634e-01;7.251658e-02;9.103830e-02
8.790079e-02;9.033920e-02;1.397633e-01;4.830071e-02;6.281732e-02;4.523321e-02;9.109171e-02;5.685931e-02;9.708357e-02;1.284026e-01;6.479786e-02;8.741038e-02
7.146987e-02;7.231156e-02;2.088187e-01;4.438687e-02;4.495163e-02;5.031939e-02;1.230622e-01;5.825712e-02;8.686370e-02;9.259707e-02;6.765257e-02;7.930928e-02
9.288057e-02;7.055829e-02;2.740197e-01;4.689567e-02;6.469432e-02;5.972068e-02;1.061586e-01;4.122417e-02;7.082035e-02;7.698260e-02;5.125143e-02;4.479362e-02
1.711374e-01;6.595601e-02;2.415730e-01;3.777131e-02;4.754560e-02;5.224943e-02;9.674148e-02;4.358146e-02;5.925277e-02;7.377247e-02;5.188207e-02;5.853705e-02
2.383532e-01;4.695833e-02;1.880334e-01;2.172284e-02;4.058420e-02;4.232178e-02;1.078047e-01;6.388655e-02;7.463082e-02;4.516391e-02;6.037682e-02;7.016349e-02
2.747593e-01;5.449352e-02;1.955506e-01;1.471436e-02;2.611428e-02;3.851020e-02;9.329344e-02;7.401384e-02;8.318914e-02;3.208221e-02;4.392317e-02;6.935599e-02
3.006260e-01;6.845726e-02;1.729970e-01;1.000726e-02;2.078052e-02;6.427848e-02;5.851006e-02;7.005230e-02;8.459038e-02;2.942572e-02;4.320025e-02;7.707480e-02
2.748396e-01;5.326333e-02;1.629067e-01;2.044943e-02;1.251985e-02;8.774363e-02;6.049432e-02;5.410149e-02;8.653737e-02;4.310322e-02;5.912146e-02;8.491966e-02
1.971821e-01;3.578626e-02;1.589351e-01;3.562623e-02;2.423036e-02;7.711212e-02;1.076486e-01;3.996198e-02;6.636067e-02;6.519576e-02;8.324845e-02;1.087123e-01
1.314467e-01;3.725084e-02;1.196796e-01;5.540266e-02;6.330137e-02;4.844405e-02;1.111602e-01;4.787610e-02;5.121623e-02;9.928805e-02;1.242062e-01;1.107280e-01
1.076813e-01;2.659211e-02;8.795479e-02;6.668798e-02;8.640830e-02;6.086946e-02;7.382653e-02;6.156836e-02;6.226015e-02;1.232016e-01;1.481726e-01;9.477682e-02
1.112069e-01;3.401726e-02;7.769304e-02;5.644232e-02;7.052905e-02;9.489688e-02;4.618511e-02;6.996765e-02;7.936680e-02;1.415080e-01;1.488498e-01;6.933706e-02
7.858056e-02;6.129342e-02;7.526536e-02;6.545882e-02;8.641350e-02;7.611539e-02;2.324955e-02;5.888666e-02;8.954129e-02;1.923853e-01;1.428437e-01;4.996651e-02
4.180257e-02;7.104746e-02;7.742227e-02;1.009913e-01;1.076429e-01;4.218345e-02;2.511715e-02;5.337299e-02;9.245258e-02;2.212004e-01;1.062785e-01;6.048848e-02
3.738125e-02;4.493745e-02;1.047298e-01;9.866086e-02;1.142039e-01;3.984886e-02;3.573686e-02;5.746941e-02;1.084805e-01;2.100057e-01;9.153725e-02;5.700827e-02
6.206240e-02;2.777119e-02;1.132230e-01;7.036935e-02;1.060367e-01;4.315652e-02;4.409942e-02;5.709397e-02;1.353968e-01;1.971992e-01;1.052598e-01;3.833168e-02
7.407295e-02;4.210719e-02;1.096649e-01;5.964075e-02;9.291654e-02;6.321663e-02;2.233967e-02;4.721588e-02;1.227239e-01;1.989781e-01;1.117607e-01;5.536276e-02
6.701832e-02;5.097337e-02;1.344697e-01;7.598905e-02;5.685706e-02;6.125361e-02;3.409640e-02;5.250281e-02;8.875520e-02;2.050597e-01;1.074379e-01;6.558681e-02
3.509681e-02;3.886165e-02;1.472815e-01;4.848151e-02;4.566380e-02;4.020944e-02;1.159978e-01;6.918992e-02;9.895300e-02;2.107650e-01;1.042476e-01;4.525190e-02
2.270819e-02;4.141460e-02;1.401544e-01;3.142520e-02;4.750598e-02;2.059879e-02;2.534913e-01;7.993030e-02;8.706182e-02;1.641147e-01;7.260975e-02;3.898507e-02
1.511153e-02;5.337182e-02;1.442398e-01;3.084305e-02;4.579984e-02;1.978176e-02;3.614086e-01;8.149531e-02;6.743409e-02;1.003086e-01;4.994831e-02;3.025733e-02
5.631806e-02;7.708545e-02;7.328699e-02;6.385828e-02;5.303940e-02;3.773031e-02;2.950112e-01;7.986529e-02;6.031711e-02;1.222386e-01;4.848433e-02;3.276496e-02
7.251344e-02;7.433578e-02;1.063585e-01;8.427243e-02;5.794100e-02;4.123361e-02;1.760052e-01;7.238650e-02;8.686136e-02;1.313470e-01;5.293551e-02;4.380970e-02
1.165908e-01;6.321457e-02;1.425871e-01;6.838230e-02;4.553750e-02;3.082938e-02;1.360906e-01;6.974097e-02;9.362189e-02;1.297300e-01;5.190468e-02;5.177014e-02
1.824093e-01;5.501906e-02;1.380214e-01;5.041641e-02;2.693640e-02;3.025584e-02;1.080129e-01;7.685131e-02;7.597465e-02;1.271683e-01;6.421729e-02;6.471709e-02
2.581408e-01;5.107110e-02;8.291401e-02;3.998986e-02;1.467086e-02;3.816127e-02;1.163742e-01;6.039467e-02;7.496452e-02;1.297176e-01;4.932415e-02;8.427699e-02
2.793339e-01;3.987662e-02;3.579987e-02;2.768345e-02;1.402221e-02;4.937930e-02;1.766464e-01;4.440868e-02;6.568235e-02;1.065074e-01;3.613546e-02;1.245243e-01
2.431182e-01;2.465172e-02;6.814761e-02;3.026048e-02;2.305781e-02;5.029011e-02;2.055979e-01;3.548306e-02;2.757360e-02;6.393582e-02;5.808027e-02;1.698035e-01
1.800477e-01;2.257508e-02;1.757863e-01;2.836312e-02;2.314721e-02;3.416782e-02;1.430096e-01;3.944056e-02;2.285172e-02;4.379940e-02;1.088285e-01;1.779831e-01
