6.272124e-02;1.215565e-01;1.134406e-01;4.482313e-02;5.183361e-02;7.465073e-02;1.046042e-01;9.711982e-02;6.520775e-02;1.069643e-01;6.895705e-02;8.812118e-02
7.497310e-02;6.819855e-02;1.239068e-01;4.682409e-02;6.475178e-02;8.814057e-02;1.232706e-01;1.014822e-01;8.995155e-02;6.926361e-02;7.596941e-02;7.326782e-02
9.281299e-02;6.532099e-02;1.173181e-01;6.185207e-02;6.646764e-02;7.828855e-02;1.126941e-01;9.426286e-02;6.352071e-02;6.100856e-02;8.454098e-02;1.019125e-01
5.435684e-02;8.610833e-02;1.178350e-01;2.702030e-02;7.944217e-02;8.078345e-02;1.088270e-01;1.030425e-01;6.820060e-02;7.933611e-02;5.936133e-02;1.356863e-01
1.006807e-01;8.226867e-02;9.748640e-02;5.092591e-02;9.482691e-02;4.411066e-02;1.316490e-01;9.043207e-02;7.817316e-02;6.034500e-02;9.974320e-02;6.935830e-02
1.066193e-01;4.316619e-02;5.894696e-02;6.683931e-02;9.410260e-02;6.216510e-02;1.146821e-01;7.144526e-02;9.174579e-02;7.167891e-02;1.440684e-01;7.454021e-02
9.269066e-02;6.926350e-02;8.708123e-02;4.691326e-02;5.452109e-02;5.741921e-02;1.399260e-01;9.853475e-02;6.846079e-02;6.468713e-02;1.187606e-01;1.017417e-01
1.432052e-01;5.805490e-02;1.096614e-01;2.650858e-02;5.572813e-02;3.344307e-02;1.304797e-01;1.485243e-01;6.118130e-02;4.571977e-02;1.281171e-01;5.937658e-02
1.248689e-01;4.163636e-02;9.821315e-02;1.989599e-02;7.984268e-02;3.812661e-02;1.074948e-01;1.683928e-01;7.283761e-02;4.925604e-02;1.778386e-01;2.159652e-02
5.502868e-02;6.965097e-02;7.154547e-02;3.405652e-02;6.447964e-02;5.820449e-02;1.202314e-01;1.461693e-01;1.576391e-01;3.969520e-02;1.674669e-01;1.583233e-02
2.551479e-02;8.900690e-02;4.965954e-02;5.197420e-02;5.259858e-02;9.658750e-02;1.118775e-01;1.409035e-01;2.102264e-01;2.707820e-02;1.179317e-01;2.664127e-02
5.054981e-02;1.021592e-01;4.958823e-02;6.047339e-02;5.702956e-02;1.369022e-01;8.710022e-02;1.307582e-01;2.054138e-01;2.027863e-02;6.885714e-02;3.088968e-02
8.004879e-02;1.100084e-01;7.007429e-02;7.084075e-02;6.885980e-02;1.523760e-01;7.600663e-02;9.872661e-02;1.723985e-01;2.359056e-02;4.463023e-02;3.243933e-02
8.904694e-02;1.038617e-01;6.047301e-02;7.476375e-02;8.506500e-02;1.401248e-01;1.393854e-01;6.369103e-02;1.407353e-01;3.079103e-02;5.055434e-02;2.150777e-02
9.094562e-02;8.604328e-02;6.707020e-02;4.652576e-02;1.157775e-01;1.379189e-01;1.614061e-01;5.747805e-02;1.009377e-01;3.244920e-02;7.406568e-02;2.938205e-02
8.049204e-02;8.088347e-02;1.017961e-01;3.365437e-02;1.299374e-01;1.191576e-01;1.143777e-01;5.681869e-02;1.050597e-01;3.591485e-02;1.014594e-01;4.044864e-02
7.671570e-02;1.111879e-01;1.341616e-01;4.200550e-02;1.215578e-01;5.674766e-02;8.803232e-02;5.390210e-02;1.218154e-01;4.103681e-02;1.210560e-01;3.178119e-02
6.902703e-02;1.156007e-01;1.582747e-01;3.923506e-02;1.011498e-01;8.353746e-02;8.252905e-02;9.552106e-02;8.521760e-02;3.560058e-02;9.973860e-02;3.456838e-02
7.938289e-02;1.068297e-01;1.618360e-01;4.751575e-02;7.535548e-02;7.292067e-02;9.633495e-02;1.433931e-01;6.595432e-02;3.187822e-02;7.505259e-02;4.354626e-02
8.273251e-02;9.651222e-02;1.287969e-01;3.115037e-02;4.354927e-02;5.560758e-02;1.503048e-01;1.599655e-01;1.085282e-01;4.213637e-02;4.744139e-02;5.327478e-02
1.218492e-01;9.225045e-02;1.123038e-01;4.788468e-02;2.575900e-02;4.782819e-02;1.303782e-01;5.618273e-02;1.392804e-01;7.056621e-02;5.289977e-02;1.028174e-01
1.383562e-01;1.073625e-01;1.242876e-01;5.369824e-02;2.712327e-02;4.354260e-02;7.568029e-02;5.223448e-02;9.423086e-02;9.167860e-02;6.817284e-02;1.236325e-01
1.404424e-01;6.831135e-02;1.382766e-01;6.026043e-02;4.332661e-02;5.503899e-02;9.113236e-02;6.653389e-02;5.191784e-02;9.577279e-02;7.531326e-02;1.136735e-01
8.419856e-02;1.392899e-01;1.690673e-01;8.598374e-02;6.228770e-02;6.171261e-02;1.075789e-01;6.655358e-02;4.397336e-02;2.689516e-02;1.040432e-01;4.841587e-02
1.515026e-01;1.253117e-01;2.317584e-01;9.721046e-02;4.812039e-02;4.126057e-02;5.203552e-02;7.314739e-02;2.590135e-02;4.522148e-02;7.823569e-02;3.029436e-02
2.348133e-01;6.978688e-02;2.640140e-01;9.338421e-02;3.432429e-02;1.953898e-02;6.923779e-02;6.684555e-02;1.493249e-02;5.656035e-02;5.137309e-02;2.518911e-02
2.796565e-01;2.640602e-02;3.043455e-01;7.944685e-02;1.875345e-02;1.308861e-02;9.153976e-02;4.815596e-02;1.697086e-02;6.077490e-02;4.981187e-02;1.104974e-02
2.703827e-01;2.970042e-02;2.818543e-01;9.974215e-02;2.220382e-02;1.842747e-02;7.892731e-02;3.760085e-02;1.824165e-02;5.414050e-02;7.306504e-02;1.571383e-02
1.989114e-01;9.826639e-02;2.009277e-01;1.458906e-01;3.572419e-02;2.951730e-02;4.494487e-02;4.602130e-02;1.878980e-02;3.695770e-02;1.232479e-01;2.080074e-02
1.064881e-01;2.242035e-01;1.231660e-01;1.677185e-01;6.086397e-02;3.491847e-02;2.713576e-02;6.197860e-02;1.529276e-02;2.166551e-02;1.356438e-01;2.092515e-02
5.816411e-02;3.237298e-01;8.795026e-02;1.556010e-01;8.906692e-02;2.509391e-02;2.566210e-02;5.647752e-02;1.782197e-02;1.088676e-02;1.024686e-01;4.707706e-02
2.646999e-02;3.502121e-01;7.648157e-02;1.450016e-01;1.474875e-01;2.164776e-02;2.155013e-02;4.527488e-02;1.456653e-02;1.906955e-02;6.553520e-02;6.670312e-02
1.800553e-02;2.414015e-01;1.596257e-01;1.199755e-01;2.115640e-01;2.369188e-02;3.119312e-02;3.009148e-02;1.372373e-02;1.835313e-02;3.552708e-02;9.684736e-02
2.256374e-02;1.148905e-01;2.528242e-01;7.115352e-02;2.451073e-01;4.964193e-02;3.491721e-02;2.588045e-02;4.453840e-02;9.568062e-03;1.356272e-02;1.153519e-01
3.877134e-02;4.621183e-02;2.794094e-01;4.612574e-02;2.284391e-01;9.777829e-02;4.071118e-02;2.787823e-02;7.541300e-02;1.062613e-02;1.085279e-02;9.778294e-02
5.507708e-02;2.031393e-02;2.577814e-01;4.064269e-02;1.927784e-01;1.880716e-01;3.504029e-02;2.267115e-02;9.550522e-02;2.417140e-02;6.898378e-03;6.104831e-02
7.983388e-02;2.121689e-02;1.729330e-01;2.676454e-02;1.363221e-01;3.403892e-01;2.898386e-02;1.366967e-02;8.983549e-02;4.204496e-02;1.049512e-02;3.751129e-02
8.881313e-02;1.614744e-02;8.664157e-02;3.667173e-02;9.808265e-02;4.395001e-01;5.537974e-02;2.034432e-02;6.393735e-02;5.592252e-02;1.468627e-02;2.387320e-02
7.809700e-02;1.662790e-02;7.019938e-02;3.115081e-02;1.008598e-01;4.207465e-01;6.626190e-02;6.498360e-02;6.683034e-02;5.552363e-02;1.591659e-02;1.280254e-02
6.092637e-02;1.240117e-02;8.879381e-02;2.050707e-02;1.444099e-01;2.823056e-01;4.126193e-02;1.236299e-01;1.262357e-01;4.757956e-02;2.162678e-02;3.032214e-02
3.556208e-02;1.329457e-02;9.363987e-02;3.508949e-02;1.901731e-01;1.449436e-01;5.426859e-02;1.259499e-01;1.920523e-01;3.577925e-02;2.193304e-02;5.731421e-02
2.163018e-02;1.825976e-02;1.131852e-01;7.630266e-02;1.969440e-01;8.209030e-02;7.904465e-02;8.227454e-02;2.141836e-01;2.515312e-02;2.159088e-02;6.934113e-02
1.686091e-02;3.779665e-02;1.633887e-01;1.075049e-01;1.656686e-01;3.260587e-02;1.034041e-01;7.162540e-02;1.850465e-01;2.408376e-02;2.914060e-02;6.287410e-02
1.570316e-02;5.123419e-02;2.047140e-01;9.587996e-02;1.265275e-01;4.958250e-02;1.083592e-01;9.508535e-02;1.454901e-01;2.858051e-02;3.497111e-02;4.387252e-02
7.967401e-02;6.493681e-02;1.829123e-01;8.800796e-02;9.316940e-02;6.895800e-02;6.546909e-02;1.164868e-01;1.358096e-01;4.240918e-02;2.928491e-02;3.288189e-02
7.187168e-02;4.105719e-02;2.054159e-01;1.053554e-01;7.386830e-02;4.543804e-02;1.240591e-01;6.672274e-02;1.162134e-01;9.059674e-02;3.133024e-02;2.807125e-02
3.882236e-02;4.402326e-02;2.731150e-01;8.199655e-02;5.912275e-02;4.355900e-02;1.516897e-01;4.250730e-02;8.146513e-02;1.196386e-01;3.442400e-02;2.963635e-02
1.633201e-02;5.570557e-02;2.837436e-01;4.952039e-02;3.439583e-02;8.576895e-02;1.664234e-01;7.645674e-02;4.730427e-02;1.125809e-01;3.521867e-02;3.654959e-02
2.559047e-02;8.347546e-02;2.057051e-01;2.710797e-02;2.713450e-02;1.458175e-01;1.583639e-01;8.076730e-02;9.793192e-02;7.811605e-02;2.623723e-02;4.375252e-02
4.792856e-02;1.060135e-01;1.208890e-01;2.843171e-02;2.570457e-02;1.942829e-01;1.381667e-01;6.657145e-02;1.412714e-01;5.988956e-02;2.429073e-02;4.655997e-02
6.231322e-02;1.052576e-01;5.535828e-02;4.619138e-02;4.019703e-02;2.270247e-01;1.289092e-01;4.713907e-02;1.520051e-01;3.243795e-02;5.320967e-02;4.995684e-02
5.446013e-02;7.549581e-02;9.397698e-02;5.693042e-02;5.027981e-02;1.985475e-01;1.590708e-01;3.915902e-02;1.119079e-01;5.833346e-02;6.671219e-02;3.512599e-02
3.816485e-02;5.837442e-02;5.799777e-02;7.979652e-02;6.000019e-02;1.576148e-01;1.927575e-01;7.818342e-02;1.001304e-01;8.705620e-02;5.235721e-02;3.756667e-02
3.230360e-02;6.162415e-02;8.860442e-02;6.966855e-02;5.311469e-02;1.238529e-01;1.490378e-01;1.036799e-01;1.198180e-01;7.767439e-02;3.788500e-02;8.273657e-02
2.906481e-02;6.812883e-02;1.286469e-01;4.055982e-02;6.297449e-02;1.564770e-01;1.163007e-01;7.857599e-02;1.159363e-01;8.356669e-02;4.124954e-02;7.851880e-02
3.679730e-02;6.531896e-02;1.705823e-01;4.631511e-02;3.764313e-02;1.715312e-01;1.311322e-01;5.865652e-02;8.869960e-02;7.081908e-02;5.326942e-02;6.923526e-02
5.341947e-02;7.219234e-02;1.295142e-01;5.930032e-02;6.767776e-02;1.332903e-01;1.636811e-01;8.485896e-02;8.638723e-02;4.039653e-02;4.076149e-02;6.852032e-02
7.957061e-02;7.715515e-02;9.938601e-02;4.732089e-02;1.018453e-01;1.329308e-01;1.370201e-01;6.688232e-02;9.393376e-02;7.135059e-02;4.105926e-02;5.154526e-02
5.618971e-02;8.591625e-02;8.167370e-02;2.759053e-02;1.212522e-01;1.395587e-01;9.027874e-02;9.160432e-02;1.449709e-01;8.698358e-02;2.423884e-02;4.974249e-02
5.587883e-02;1.091794e-01;7.606321e-02;3.557525e-02;1.054022e-01;9.733967e-02;9.773125e-02;1.292371e-01;1.229821e-01;6.912909e-02;5.402535e-02;4.745655e-02
3.549500e-02;1.058546e-01;1.154692e-01;3.768637e-02;8.804061e-02;6.015423e-02;1.228840e-01;1.223318e-01;1.194929e-01;7.050228e-02;7.517048e-02;4.691856e-02
2.361904e-02;5.357543e-02;1.021185e-01;1.040848e-01;7.001641e-02;5.161069e-02;1.454145e-01;7.447066e-02;1.246807e-01;1.232430e-01;7.691873e-02;5.024771e-02
4.871513e-02;6.080228e-02;7.330336e-02;1.178910e-01;6.871601e-02;3.372908e-02;1.442288e-01;9.855263e-02;9.167523e-02;1.073777e-01;1.014674e-01;5.354142e-02
5.373008e-02;6.809866e-02;6.838684e-02;8.324383e-02;6.514845e-02;4.539151e-02;1.059345e-01;1.361247e-01;1.413791e-01;9.978115e-02;8.138118e-02;5.139998e-02
4.298783e-02;5.866726e-02;8.808170e-02;9.487405e-02;7.366592e-02;6.491380e-02;8.135305e-02;1.511735e-01;1.416199e-01;1.067972e-01;5.489311e-02;4.097274e-02
3.964376e-02;4.879408e-02;1.004101e-01;1.203447e-01;6.570686e-02;9.278017e-02;1.121182e-01;1.236456e-01;1.152032e-01;8.182924e-02;5.827058e-02;4.125355e-02
4.941402e-02;2.795750e-02;8.516984e-02;1.033347e-01;5.657092e-02;8.942736e-02;1.556550e-01;9.778113e-02;1.644878e-01;5.881373e-02;5.481634e-02;5.657161e-02
5.803914e-02;3.085165e-02;5.340036e-02;5.996438e-02;9.359171e-02;5.573515e-02;1.697083e-01;1.688456e-01;1.235879e-01;4.454743e-02;6.962633e-02;7.210207e-02
6.480966e-02;2.821690e-02;5.513148e-02;3.543951e-02;8.291262e-02;9.409083e-02;1.694863e-01;1.567241e-01;1.142178e-01;6.312636e-02;7.850406e-02;5.734042e-02
4.199045e-02;5.665182e-02;6.903805e-02;7.401201e-02;7.946129e-02;8.335590e-02;1.456825e-01;1.699405e-01;9.697459e-02;7.371990e-02;6.910101e-02;4.007202e-02
4.632890e-02;8.389204e-02;8.881328e-02;8.678518e-02;6.625919e-02;1.180828e-01;9.330624e-02;1.443658e-01;7.049403e-02;8.624539e-02;5.282165e-02;6.260543e-02
4.936519e-02;8.062030e-02;6.812199e-02;8.027057e-02;9.527728e-02;1.955159e-01;7.263996e-02;8.055846e-02;7.889079e-02;7.386375e-02;4.288694e-02;8.198895e-02
4.961861e-02;7.254300e-02;9.861436e-02;8.003691e-02;1.482195e-01;1.657509e-01;7.622951e-02;6.115368e-02;8.776943e-02;5.247429e-02;3.556865e-02;7.202120e-02
8.181903e-02;5.405147e-02;1.358140e-01;1.078628e-01;1.598564e-01;9.190977e-02;9.889340e-02;7.081677e-02;9.902281e-02;2.349928e-02;3.742472e-02;3.902953e-02
6.688338e-02;8.266273e-02;1.491407e-01;1.369488e-01;1.433785e-01;4.886279e-02;1.000589e-01;6.469280e-02;7.961424e-02;5.920621e-02;2.693607e-02;4.161485e-02
5.588067e-02;9.876877e-02;1.092649e-01;1.004410e-01;1.312933e-01;7.933212e-02;1.020029e-01;7.835367e-02;7.466013e-02;4.667388e-02;6.481677e-02;5.851193e-02
3.215651e-02;9.984523e-02;1.559508e-01;8.661024e-02;7.207477e-02;9.135298e-02;1.299907e-01;6.806626e-02;8.290889e-02;6.491631e-02;7.593956e-02;4.018783e-02
3.383262e-02;7.012926e-02;1.649700e-01;8.460173e-02;5.423354e-02;1.089287e-01;1.214876e-01;7.650168e-02;8.933656e-02;8.269774e-02;5.819701e-02;5.508363e-02
8.996998e-02;7.486856e-02;1.292789e-01;5.537408e-02;6.311180e-02;6.712244e-02;1.490483e-01;9.719544e-02;7.206398e-02;9.343682e-02;5.056211e-02;5.796769e-02
1.016096e-01;8.328439e-02;1.127103e-01;5.100836e-02;9.729400e-02;6.291234e-02;1.851440e-01;5.454280e-02;9.538618e-02;8.266573e-02;2.395276e-02;4.948962e-02
8.760217e-02;1.007579e-01;9.382316e-02;4.559219e-02;1.072684e-01;6.205336e-02;1.547820e-01;4.574796e-02;1.273791e-01;6.623721e-02;4.100838e-02;6.774818e-02
3.281231e-02;1.082572e-01;9.398609e-02;6.019715e-02;1.346044e-01;5.231005e-02;8.312280e-02;8.856113e-02;1.511048e-01;4.329037e-02;6.423945e-02;8.751434e-02
3.209840e-02;9.931879e-02;8.991927e-02;7.694729e-02;1.395929e-01;4.553492e-02;4.917937e-02;1.068160e-01;1.436406e-01;3.865476e-02;8.149011e-02;9.680757e-02
4.562540e-02;7.054169e-02;8.411887e-02;5.825271e-02;1.202640e-01;4.300500e-02;5.094454e-02;8.440563e-02;1.638845e-01;4.266483e-02;6.566080e-02;1.706320e-01
6.168390e-02;5.937550e-02;8.350669e-02;3.392740e-02;1.163656e-01;5.657597e-02;6.446563e-02;6.903423e-02;2.055121e-01;2.679807e-02;3.317137e-02;1.895836e-01
1.125673e-01;4.915701e-02;5.346105e-02;2.264588e-02;9.729569e-02;8.317017e-02;9.875687e-02;5.406168e-02;1.830547e-01;4.538633e-02;3.694247e-02;1.635008e-01
1.753881e-01;5.047686e-02;3.403947e-02;2.105023e-02;7.088943e-02;1.200061e-01;1.695873e-01;2.723891e-02;9.633458e-02;1.026623e-01;2.525457e-02;1.070722e-01
1.984594e-01;7.078148e-02;3.721584e-02;3.070286e-02;5.915822e-02;1.342484e-01;2.120072e-01;1.983115e-02;1.758860e-02;1.517424e-01;1.659379e-02;5.167060e-02
1.731517e-01;7.597013e-02;1.418646e-02;3.283834e-02;4.318547e-02;1.351705e-01;2.468437e-01;1.513969e-02;2.067366e-02;1.914845e-01;3.116824e-02;2.018760e-02
1.317718e-01;8.489431e-02;1.567279e-02;2.577290e-02;2.918757e-02;1.161287e-01;3.168880e-01;1.335705e-02;1.328077e-02;1.966629e-01;4.758870e-02;8.794485e-03
1.124297e-01;9.356831e-02;1.406080e-02;1.541403e-02;2.316453e-02;1.000606e-01;3.808362e-01;1.517250e-02;1.237474e-02;1.667592e-01;6.212867e-02;4.030818e-03
1.094140e-01;1.055840e-01;1.338627e-02;8.320835e-03;2.013236e-02;1.094166e-01;4.240417e-01;1.681160e-02;1.479549e-02;1.254056e-01;4.510614e-02;7.585467e-03
1.103367e-01;1.021995e-01;2.320017e-02;8.850682e-03;2.676906e-02;1.322052e-01;4.286552e-01;3.151585e-02;1.763420e-02;9.465668e-02;1.547791e-02;8.498906e-03
1.186838e-01;8.800403e-02;2.799132e-02;1.935277e-02;4.372548e-02;1.532633e-01;3.686399e-01;4.454410e-02;1.550820e-02;7.409711e-02;2.707224e-02;1.911778e-02
1.232630e-01;1.048789e-01;6.090101e-02;2.931178e-02;6.423270e-02;1.663176e-01;2.503741e-01;5.405906e-02;2.160261e-02;7.467842e-02;3.097927e-02;1.940138e-02
9.648510e-02;1.360267e-01;9.999680e-02;3.914129e-02;8.609471e-02;1.688694e-01;1.420494e-01;6.430545e-02;1.749606e-02;9.487861e-02;3.623967e-02;1.841685e-02
2.078335e-02;1.126119e-01;1.313335e-01;3.609360e-02;6.141201e-02;1.086143e-01;2.862856e-01;6.472360e-02;2.859192e-02;9.290297e-02;2.559742e-02;3.104986e-02
5.581507e-02;6.840018e-02;1.042775e-01;2.580813e-02;5.909544e-02;7.613134e-02;4.169891e-01;7.204554e-02;2.272150e-02;3.762575e-02;3.936596e-02;2.172442e-02
8.115442e-02;6.318261e-02;8.502682e-02;1.578911e-02;4.199358e-02;1.046303e-01;4.255627e-01;5.041842e-02;2.119347e-02;5.298494e-02;3.597529e-02;2.208833e-02
1.023648e-01;6.518666e-02;3.489029e-02;1.611535e-02;3.608684e-02;1.080941e-01;4.315481e-01;4.133555e-02;1.896466e-02;8.059268e-02;4.078772e-02;2.403320e-02
1.027516e-01;7.201283e-02;2.891264e-02;2.733670e-02;5.376786e-02;8.013868e-02;4.009101e-01;2.994179e-02;3.298450e-02;9.395015e-02;4.517088e-02;3.212234e-02
7.854339e-02;7.824691e-02;9.591351e-02;2.130816e-02;6.421251e-02;8.138116e-02;2.963288e-01;4.397988e-02;5.833738e-02;1.042726e-01;4.847044e-02;2.900530e-02
5.356242e-02;7.964701e-02;1.390823e-01;3.484085e-02;6.421407e-02;8.332399e-02;1.759559e-01;7.138555e-02;1.373621e-01;8.928971e-02;5.079955e-02;2.053650e-02
8.132908e-02;7.946109e-02;1.332853e-01;4.350461e-02;6.628754e-02;6.880071e-02;1.414050e-01;6.875636e-02;1.483028e-01;1.056810e-01;4.219982e-02;2.098667e-02
8.112951e-02;6.005770e-02;1.455489e-01;5.488491e-02;5.476422e-02;4.825708e-02;1.653309e-01;7.822444e-02;1.450711e-01;8.517968e-02;4.885173e-02;3.269975e-02
5.803607e-02;8.583584e-02;1.509578e-01;2.982667e-02;3.192186e-02;2.720548e-02;1.885708e-01;1.389638e-01;1.088673e-01;3.312867e-02;8.903193e-02;5.765387e-02
3.302436e-02;9.031812e-02;1.464724e-01;1.308899e-02;1.632206e-02;1.981154e-02;2.307818e-01;1.938779e-01;7.894988e-02;3.035417e-02;8.713268e-02;5.986603e-02
1.726000e-02;6.440923e-02;1.663199e-01;1.243902e-02;1.260898e-02;1.637840e-02;2.795840e-01;2.424570e-01;4.354709e-02;1.649987e-02;5.717894e-02;7.131753e-02
1.917867e-02;3.180467e-02;2.141495e-01;2.089432e-02;8.151603e-03;1.143089e-02;2.362861e-01;2.630491e-01;4.634478e-02;1.620387e-02;2.945023e-02;1.030562e-01
5.214372e-02;2.301363e-02;2.558031e-01;4.787692e-02;6.734637e-03;1.651585e-02;1.523069e-01;2.423275e-01;4.234686e-02;1.740345e-02;1.876524e-02;1.247622e-01
5.624446e-02;3.372969e-02;2.636996e-01;1.395350e-01;1.162999e-02;3.120486e-02;1.097589e-01;1.840822e-01;4.131059e-02;1.733259e-02;7.549594e-03;1.039227e-01
1.605941e-02;2.763836e-02;2.105001e-01;3.121136e-01;5.585381e-02;3.289368e-02;8.740606e-02;9.245969e-02;8.291824e-02;1.976949e-02;8.205755e-03;5.418175e-02
2.135313e-02;1.056092e-02;1.236095e-01;3.926523e-01;1.020736e-01;3.119887e-02;9.797034e-02;2.813971e-02;1.302415e-01;2.331347e-02;1.367757e-02;2.520915e-02
3.217167e-02;6.671577e-03;8.205770e-02;3.520799e-01;9.876209e-02;1.787106e-02;1.685769e-01;3.202105e-02;1.581261e-01;2.551473e-02;1.336877e-02;1.277844e-02
4.615527e-02;1.339643e-02;9.531880e-02;2.791384e-01;8.375116e-02;1.764271e-02;1.936146e-01;3.611275e-02;1.770627e-01;3.376338e-02;1.590558e-02;8.138168e-03
5.048407e-02;2.799992e-02;1.426384e-01;2.085088e-01;7.894941e-02;2.690701e-02;1.861539e-01;2.769125e-02;1.777940e-01;4.040369e-02;2.016052e-02;1.230896e-02
3.631449e-02;3.905683e-02;1.532907e-01;1.546692e-01;7.427920e-02;5.736733e-02;1.497750e-01;7.379901e-02;1.750253e-01;4.592634e-02;1.696759e-02;2.352902e-02
3.670887e-02;2.745042e-02;1.186441e-01;1.215065e-01;7.144622e-02;7.968560e-02;5.669377e-02;1.347958e-01;2.386971e-01;3.984706e-02;3.694377e-02;3.758068e-02
3.755200e-02;1.745765e-02;9.211556e-02;1.181178e-01;6.849453e-02;8.747545e-02;6.616244e-02;9.996964e-02;3.041837e-01;4.300036e-02;3.803930e-02;2.743159e-02
2.911537e-02;1.797634e-02;1.130796e-01;1.015205e-01;4.720607e-02;9.682388e-02;3.195952e-02;1.081458e-01;3.357096e-01;5.115199e-02;3.882418e-02;2.848703e-02
7.957490e-03;1.488239e-02;1.395428e-01;4.641568e-02;1.254285e-02;9.167136e-02;5.143461e-02;2.562113e-01;2.195426e-01;8.611686e-02;2.266852e-02;5.101359e-02
4.021132e-03;1.003354e-02;1.446620e-01;1.578231e-02;8.148721e-03;5.910312e-02;7.492867e-02;3.784480e-01;9.967075e-02;1.442784e-01;1.177802e-02;4.914542e-02
7.460444e-03;1.399296e-02;1.410432e-01;1.218360e-02;1.583884e-02;2.758874e-02;1.172847e-01;4.030322e-01;3.054762e-02;1.850530e-01;1.567582e-02;3.029883e-02
2.460738e-02;3.125710e-02;1.219975e-01;2.156177e-02;3.381448e-02;2.024744e-02;1.909486e-01;3.293747e-01;1.582433e-02;1.652322e-01;2.082300e-02;2.431162e-02
4.798571e-02;5.823673e-02;1.025481e-01;2.157895e-02;5.634853e-02;2.240168e-02;2.493438e-01;2.444907e-01;1.922348e-02;1.049079e-01;4.158524e-02;3.134919e-02
7.319517e-02;8.416284e-02;8.563921e-02;1.979964e-02;7.088809e-02;3.317923e-02;2.349577e-01;1.897599e-01;3.091289e-02;6.565807e-02;8.752911e-02;2.431808e-02
8.024698e-02;8.687479e-02;4.818857e-02;1.945608e-02;8.003980e-02;6.761209e-02;1.790298e-01;1.867284e-01;5.148602e-02;7.202389e-02;1.057508e-01;2.256279e-02
4.706513e-02;4.665839e-02;5.829567e-02;3.215738e-02;6.668451e-02;5.783480e-02;2.402696e-01;2.009899e-01;3.663403e-02;1.031500e-01;7.335897e-02;3.690157e-02
3.502410e-02;2.999450e-02;6.361702e-02;4.510029e-02;5.170987e-02;2.277891e-02;1.786644e-01;2.552764e-01;2.712840e-02;1.887023e-01;3.721386e-02;6.478994e-02
4.194454e-02;4.139317e-02;4.575377e-02;3.439535e-02;4.895660e-02;2.691418e-02;1.000789e-01;3.740246e-01;8.370561e-02;1.333204e-01;2.506227e-02;4.445053e-02
3.372041e-02;5.658579e-02;4.990426e-02;3.190683e-02;3.414172e-02;1.616378e-02;1.893775e-01;3.824301e-01;8.481070e-02;6.820053e-02;2.573711e-02;2.702122e-02
3.471344e-02;5.058754e-02;5.968090e-02;5.809609e-02;3.586029e-02;5.896195e-02;1.303897e-01;2.453454e-01;8.316112e-02;8.373135e-02;8.277632e-02;7.669592e-02
3.528670e-02;6.003252e-02;5.603492e-02;7.412436e-02;5.139645e-02;7.769652e-02;6.644804e-02;1.153369e-01;1.111406e-01;1.208023e-01;1.187331e-01;1.129675e-01
5.066415e-02;6.162104e-02;8.067199e-02;7.684597e-02;7.870191e-02;7.491253e-02;7.409193e-02;8.483168e-02;9.265819e-02;1.006441e-01;1.165910e-01;1.077655e-01
7.329442e-02;7.596295e-02;1.180581e-01;6.862688e-02;9.547647e-02;7.655505e-02;1.102008e-01;6.210120e-02;8.541571e-02;9.450888e-02;9.028907e-02;4.951045e-02
5.313367e-02;5.259790e-02;1.084935e-01;5.784581e-02;5.506261e-02;6.007981e-02;1.692683e-01;1.389477e-01;9.586374e-02;1.038181e-01;5.891308e-02;4.597585e-02
3.947857e-02;6.216805e-02;1.003538e-01;4.901157e-02;6.219497e-02;3.535358e-02;2.082978e-01;1.785367e-01;8.642151e-02;6.966178e-02;7.663841e-02;3.188331e-02
3.050832e-02;8.214597e-02;6.758031e-02;2.929673e-02;7.053838e-02;2.258519e-02;2.982465e-01;1.840132e-01;6.509052e-02;2.262144e-02;1.118886e-01;1.548480e-02
2.133362e-02;9.052058e-02;3.111007e-02;1.274971e-02;6.458307e-02;2.859265e-02;3.894640e-01;1.286495e-01;7.101553e-02;2.330885e-02;1.299102e-01;8.762360e-03
2.063121e-02;9.684550e-02;1.965755e-02;9.287489e-03;5.669482e-02;3.452918e-02;4.565756e-01;5.529788e-02;8.636222e-02;2.132311e-02;1.346216e-01;8.173907e-03
3.198875e-02;8.773455e-02;2.991402e-02;1.100944e-02;5.158695e-02;6.970891e-02;4.393910e-01;6.170949e-02;7.194935e-02;2.885294e-02;1.051196e-01;1.103507e-02
3.631020e-02;7.376474e-02;4.432958e-02;2.200630e-02;6.232590e-02;1.088310e-01;4.199067e-01;6.723951e-02;5.275876e-02;2.760378e-02;7.136488e-02;1.355864e-02
2.942595e-02;7.019691e-02;4.442691e-02;2.318213e-02;6.634219e-02;1.055193e-01;4.631839e-01;4.306773e-02;5.768053e-02;2.650937e-02;5.363569e-02;1.682934e-02
3.060725e-02;7.474070e-02;4.834936e-02;1.499109e-02;6.755555e-02;5.842156e-02;5.087822e-01;2.396461e-02;7.604942e-02;2.764937e-02;4.861458e-02;2.027423e-02
4.899210e-02;5.016011e-02;5.484565e-02;4.738373e-02;6.782173e-02;8.587364e-02;4.346414e-01;4.512259e-02;6.232511e-02;3.303701e-02;4.794183e-02;2.185513e-02
6.188698e-02;3.967172e-02;5.045284e-02;7.562489e-02;1.013018e-01;1.100239e-01;3.215598e-01;7.614914e-02;3.046066e-02;5.733774e-02;5.083509e-02;2.469542e-02
8.529109e-02;2.943894e-02;2.565525e-02;6.578016e-02;1.389483e-01;1.363381e-01;2.586012e-01;9.825301e-02;2.985275e-02;6.920844e-02;4.687950e-02;1.575327e-02
9.420513e-02;3.716356e-02;2.868090e-02;4.803627e-02;1.108084e-01;1.575858e-01;2.832690e-01;1.011749e-01;2.173994e-02;5.983724e-02;4.250467e-02;1.499419e-02
9.860918e-02;8.035085e-02;5.989162e-02;4.736004e-02;8.841447e-02;1.458283e-01;2.955897e-01;6.666519e-02;2.027363e-02;3.836417e-02;3.260794e-02;2.604487e-02
8.699042e-02;1.304574e-01;1.109047e-01;3.231168e-02;1.173097e-01;1.281902e-01;2.451573e-01;4.005500e-02;3.128545e-02;2.189134e-02;2.167825e-02;3.376859e-02
6.601147e-02;1.330094e-01;1.630517e-01;2.546261e-02;1.642848e-01;1.234324e-01;1.864342e-01;2.710406e-02;3.536574e-02;1.481379e-02;1.206851e-02;4.896125e-02
8.364704e-02;7.813042e-02;1.892067e-01;4.827372e-02;1.886999e-01;9.426094e-02;1.719780e-01;1.834343e-02;3.470434e-02;1.704476e-02;1.962977e-02;5.608093e-02
8.860025e-02;4.244109e-02;2.390293e-01;8.038150e-02;1.630903e-01;5.376901e-02;1.299734e-01;3.182979e-02;3.098074e-02;2.446106e-02;5.622775e-02;5.921579e-02
4.913598e-02;3.265871e-02;3.033350e-01;9.033301e-02;1.104420e-01;4.521096e-02;8.540805e-02;5.992267e-02;3.397845e-02;3.075716e-02;7.922718e-02;7.959086e-02
2.576390e-02;3.813391e-02;3.590732e-01;7.007754e-02;8.313946e-02;4.265093e-02;7.751422e-02;8.010498e-02;3.356123e-02;3.249789e-02;6.884187e-02;8.864080e-02
4.005562e-02;5.699470e-02;3.833715e-01;5.291544e-02;7.747342e-02;3.610300e-02;5.806132e-02;9.744769e-02;3.331114e-02;4.173748e-02;5.774806e-02;6.478061e-02
3.943948e-02;5.643202e-02;3.686184e-01;8.340274e-02;6.093120e-02;2.135048e-02;4.993638e-02;9.730860e-02;4.758575e-02;3.981530e-02;7.940747e-02;5.577220e-02
4.653746e-02;3.833193e-02;3.435141e-01;9.509882e-02;5.159959e-02;3.535996e-02;6.399430e-02;9.609670e-02;5.553702e-02;4.280941e-02;8.161460e-02;4.950611e-02
6.241152e-02;2.057272e-02;3.422596e-01;9.250776e-02;7.271715e-02;3.132529e-02;5.470998e-02;9.571195e-02;7.259102e-02;5.704023e-02;5.766179e-02;4.049102e-02
6.444594e-02;2.721008e-02;3.388793e-01;7.370359e-02;6.239830e-02;2.477038e-02;1.035245e-01;8.196575e-02;8.170494e-02;6.033335e-02;3.616033e-02;4.490359e-02
5.096164e-02;4.668159e-02;2.998478e-01;5.448714e-02;4.473837e-02;4.443827e-02;1.198107e-01;8.125880e-02;9.571716e-02;5.713430e-02;5.231852e-02;5.260571e-02
5.635544e-02;5.757582e-02;2.507411e-01;5.269713e-02;5.431157e-02;5.993703e-02;9.685818e-02;9.306126e-02;7.700783e-02;6.800567e-02;7.860768e-02;5.484127e-02
6.722327e-02;4.663094e-02;1.741139e-01;5.676565e-02;1.065859e-01;5.622111e-02;1.002342e-01;7.728764e-02;7.832325e-02;7.249959e-02;7.413632e-02;8.997831e-02
1.322278e-01;4.176067e-02;9.902334e-02;3.783638e-02;1.319390e-01;8.911304e-02;1.667201e-01;4.312956e-02;8.224195e-02;4.967795e-02;3.371101e-02;9.261926e-02
1.776616e-01;6.566789e-02;3.265388e-02;4.091872e-02;1.018272e-01;1.177167e-01;2.427541e-01;4.124781e-02;5.165095e-02;4.064536e-02;2.559771e-02;6.165797e-02
1.471932e-01;9.780848e-02;2.970051e-02;5.366291e-02;7.186744e-02;1.167987e-01;3.222804e-01;4.369859e-02;2.498620e-02;3.356162e-02;1.793318e-02;4.050887e-02
7.992166e-02;1.680304e-01;4.253424e-02;4.086263e-02;5.332038e-02;8.214991e-02;3.856336e-01;4.242563e-02;2.709048e-02;2.486315e-02;2.819287e-02;2.497509e-02
4.889728e-02;1.729093e-01;6.938288e-02;2.117904e-02;4.796584e-02;5.709243e-02;4.074154e-01;6.976667e-02;2.981417e-02;2.429487e-02;3.393004e-02;1.735210e-02
3.459636e-02;9.929631e-02;1.870008e-01;1.639203e-02;3.389219e-02;3.877196e-02;3.466661e-01;1.238225e-01;3.506279e-02;3.211600e-02;2.395339e-02;2.842961e-02
1.569233e-02;5.140858e-02;2.860567e-01;2.018260e-02;1.806925e-02;4.868583e-02;2.508093e-01;1.565920e-01;5.020598e-02;4.168081e-02;1.030703e-02;5.030958e-02
8.442133e-03;9.460944e-02;2.543629e-01;3.902519e-02;2.017528e-02;7.604598e-02;1.973814e-01;1.341335e-01;7.782020e-02;4.110170e-02;5.818278e-03;5.108403e-02
1.263142e-02;1.988336e-01;1.859407e-01;8.261471e-02;3.334428e-02;7.419115e-02;1.110689e-01;8.321828e-02;1.269970e-01;4.038493e-02;1.706103e-02;3.371396e-02
2.400429e-02;2.276607e-01;1.562253e-01;1.126740e-01;3.873615e-02;4.234669e-02;9.106695e-02;5.344203e-02;1.647941e-01;4.301887e-02;2.535916e-02;2.067170e-02
2.687068e-02;1.576405e-01;1.582868e-01;9.354908e-02;3.296157e-02;3.778258e-02;1.463742e-01;8.492499e-02;1.510719e-01;4.027497e-02;1.870282e-02;5.155991e-02
2.273430e-02;9.354638e-02;1.772672e-01;5.284664e-02;2.827382e-02;5.538630e-02;2.012755e-01;1.061401e-01;1.176418e-01;4.615345e-02;1.213810e-02;8.659627e-02
2.447083e-02;8.617156e-02;1.820658e-01;2.680475e-02;3.066262e-02;6.694882e-02;2.263489e-01;9.963871e-02;9.230249e-02;5.871367e-02;1.425576e-02;9.161603e-02
3.798116e-02;1.315246e-01;1.821399e-01;3.744717e-02;4.917928e-02;5.777798e-02;1.984555e-01;6.860857e-02;7.801753e-02;6.936862e-02;2.145567e-02;6.804402e-02
5.155720e-02;2.259507e-01;1.499265e-01;6.173799e-02;6.270899e-02;4.591319e-02;1.493999e-01;4.852414e-02;7.422338e-02;5.245545e-02;2.116029e-02;5.644234e-02
4.835815e-02;2.268835e-01;1.198326e-01;5.816756e-02;4.391089e-02;3.871228e-02;1.647042e-01;7.034513e-02;6.502738e-02;3.879832e-02;1.421373e-02;1.110463e-01
4.241975e-02;1.654889e-01;9.028197e-02;5.441711e-02;3.512923e-02;5.072002e-02;1.915969e-01;5.990525e-02;6.060735e-02;7.014589e-02;5.020698e-02;1.290807e-01
6.619412e-02;1.196086e-01;1.163472e-01;6.692009e-02;2.784284e-02;7.505292e-02;1.280019e-01;6.648114e-02;8.387826e-02;8.262654e-02;7.676023e-02;9.028621e-02
8.320210e-02;9.515297e-02;1.465547e-01;8.558091e-02;4.527628e-02;8.930750e-02;7.435460e-02;6.768168e-02;1.056181e-01;7.636445e-02;5.236641e-02;7.854032e-02
1.187053e-01;8.076476e-02;1.383087e-01;5.933265e-02;5.518262e-02;5.612198e-02;1.473044e-01;7.575624e-02;9.189317e-02;6.659248e-02;4.437956e-02;6.565813e-02
8.570204e-02;1.102778e-01;1.208175e-01;4.345992e-02;4.702277e-02;6.933195e-02;2.118251e-01;8.704083e-02;7.464653e-02;6.975416e-02;4.294623e-02;3.717517e-02
3.525481e-02;1.581976e-01;1.172773e-01;3.361905e-02;3.925797e-02;7.535770e-02;2.579002e-01;9.663925e-02;7.487839e-02;5.498224e-02;2.137120e-02;3.526433e-02
8.476133e-03;1.899233e-01;1.181599e-01;2.949060e-02;3.357935e-02;7.600852e-02;2.708296e-01;1.004756e-01;7.963718e-02;4.300854e-02;1.470557e-02;3.570572e-02
1.631851e-02;1.658760e-01;1.501846e-01;2.413027e-02;2.569863e-02;7.071183e-02;2.581913e-01;1.024904e-01;7.240261e-02;5.134310e-02;1.644880e-02;4.620400e-02
4.387793e-02;1.025275e-01;1.523264e-01;2.214835e-02;2.681967e-02;5.728646e-02;3.138418e-01;9.535808e-02;4.521285e-02;6.447412e-02;2.685627e-02;4.927063e-02
7.996672e-02;1.412402e-01;1.244792e-01;3.066266e-02;4.836353e-02;4.785726e-02;2.993941e-01;7.014893e-02;4.375641e-02;5.675382e-02;2.932996e-02;2.804719e-02
9.162554e-02;1.875971e-01;1.414926e-01;3.285054e-02;7.230310e-02;5.913825e-02;2.150644e-01;5.972705e-02;4.478057e-02;4.389094e-02;2.038118e-02;3.114872e-02
5.969627e-02;1.826024e-01;1.272846e-01;6.197846e-02;6.497990e-02;7.052115e-02;1.425436e-01;8.224358e-02;5.961433e-02;5.921897e-02;3.981174e-02;4.950497e-02
3.725015e-02;1.605777e-01;9.683946e-02;7.789668e-02;5.334500e-02;5.477153e-02;1.577436e-01;5.481314e-02;1.080700e-01;7.856191e-02;6.198995e-02;5.814084e-02
4.201835e-02;1.047146e-01;1.008489e-01;6.350739e-02;5.522567e-02;8.150585e-02;1.843047e-01;7.769903e-02;7.876222e-02;6.568124e-02;5.506248e-02;9.066957e-02
5.582891e-02;9.043059e-02;1.383690e-01;5.835071e-02;5.995994e-02;1.155661e-01;1.625919e-01;7.221003e-02;7.366845e-02;5.669041e-02;2.894007e-02;8.739392e-02
1.089448e-01;8.050086e-02;1.532548e-01;4.095618e-02;7.869106e-02;9.816048e-02;9.702546e-02;7.047540e-02;1.002350e-01;6.506242e-02;5.680300e-02;4.989059e-02
1.275952e-01;5.668895e-02;1.206137e-01;3.520782e-02;9.032022e-02;7.054441e-02;1.133971e-01;9.589738e-02;1.044390e-01;5.441612e-02;8.184622e-02;4.903390e-02
1.027580e-01;5.649499e-02;1.025478e-01;5.132400e-02;8.512808e-02;9.343709e-02;1.534159e-01;1.043110e-01;8.180568e-02;5.665142e-02;5.804947e-02;5.407636e-02
8.956243e-02;8.861900e-02;9.750494e-02;6.659618e-02;8.412823e-02;8.986603e-02;1.412675e-01;8.683775e-02;9.570625e-02;5.602426e-02;4.114137e-02;6.274610e-02
8.995131e-02;9.870405e-02;1.139385e-01;8.193934e-02;7.590941e-02;6.120916e-02;8.645736e-02;4.488058e-02;1.466192e-01;7.095619e-02;6.326968e-02;6.616516e-02
5.522827e-02;4.326234e-02;1.625672e-01;8.098064e-02;5.422801e-02;6.683740e-02;1.121581e-01;1.354543e-01;1.393494e-01;6.850480e-02;3.673919e-02;4.469027e-02
3.356805e-02;3.753897e-02;1.516102e-01;6.533532e-02;6.204335e-02;6.522645e-02;1.597731e-01;1.799387e-01;1.148874e-01;5.544734e-02;3.392950e-02;4.070173e-02
2.809191e-02;5.932657e-02;1.077157e-01;3.943037e-02;5.416605e-02;4.461398e-02;2.805285e-01;1.781166e-01;8.466142e-02;4.702446e-02;5.058876e-02;2.573568e-02
3.760304e-02;7.340903e-02;5.552767e-02;3.007548e-02;3.557372e-02;6.354115e-02;3.785935e-01;1.301287e-01;7.041223e-02;5.122670e-02;5.284839e-02;2.106041e-02
7.138994e-02;6.130599e-02;2.316559e-02;4.854797e-02;2.930250e-02;1.599487e-01;3.466276e-01;6.411514e-02;4.161183e-02;8.040023e-02;3.668614e-02;3.689838e-02
1.051583e-01;3.964702e-02;1.447445e-02;7.095838e-02;4.115735e-02;2.526967e-01;2.340273e-01;4.639617e-02;2.755669e-02;9.545527e-02;1.529719e-02;5.717517e-02
1.250891e-01;6.411546e-02;3.464106e-02;7.557587e-02;5.246162e-02;2.926385e-01;1.350995e-01;3.427483e-02;3.120619e-02;7.652979e-02;7.792393e-03;7.057562e-02
9.999351e-02;1.362686e-01;6.093715e-02;5.377784e-02;3.956859e-02;1.932552e-01;2.043989e-01;4.422428e-02;4.196864e-02;4.061489e-02;3.352208e-02;5.147026e-02
9.630240e-02;1.680608e-01;9.184964e-02;2.966634e-02;3.802938e-02;9.747064e-02;2.817203e-01;6.975861e-02;3.861985e-02;2.178847e-02;4.770254e-02;1.903103e-02
8.409193e-02;1.617821e-01;1.757824e-01;2.962128e-02;4.116977e-02;3.889963e-02;2.702874e-01;8.218414e-02;2.479253e-02;1.597928e-02;4.316726e-02;3.224231e-02
4.982177e-02;1.380952e-01;2.618442e-01;2.810165e-02;2.489087e-02;3.041794e-02;1.946529e-01;1.213222e-01;3.003009e-02;3.388866e-02;2.782359e-02;5.911081e-02
4.053690e-02;8.390737e-02;2.788788e-01;2.382102e-02;1.253416e-02;4.413060e-02;2.051007e-01;1.457159e-01;4.932771e-02;4.276952e-02;1.460330e-02;5.867396e-02
2.793613e-02;5.066585e-02;2.719286e-01;3.001858e-02;2.174216e-02;6.689192e-02;1.871334e-01;1.672480e-01;6.326912e-02;3.858382e-02;1.078259e-02;6.379987e-02
2.122099e-02;6.971704e-02;2.392220e-01;5.075740e-02;4.773313e-02;8.527611e-02;1.492397e-01;1.387129e-01;8.592756e-02;3.385454e-02;1.351845e-02;6.482010e-02
2.140146e-02;9.343208e-02;2.192335e-01;7.559613e-02;6.382567e-02;9.806129e-02;9.523197e-02;9.599202e-02;1.220462e-01;4.731816e-02;1.968020e-02;4.818128e-02
2.056382e-02;8.279017e-02;2.389522e-01;5.843043e-02;4.662887e-02;9.819776e-02;1.595262e-01;8.362114e-02;1.158673e-01;4.417530e-02;1.559999e-02;3.564680e-02
1.970517e-02;6.949353e-02;2.380451e-01;4.920414e-02;3.237117e-02;7.093815e-02;2.143994e-01;1.072081e-01;9.711378e-02;4.526186e-02;2.044920e-02;3.581038e-02
2.434957e-02;6.773236e-02;2.105505e-01;6.054991e-02;4.583000e-02;5.264685e-02;2.334295e-01;9.615316e-02;9.308124e-02;5.829104e-02;2.716164e-02;3.022420e-02
3.385323e-02;1.011652e-01;1.699293e-01;5.095193e-02;7.160730e-02;6.108006e-02;2.135999e-01;8.014883e-02;9.463625e-02;6.560489e-02;3.974019e-02;1.768291e-02
6.829854e-02;1.352001e-01;1.354173e-01;4.049180e-02;6.422582e-02;6.348065e-02;1.609848e-01;9.328587e-02;9.103847e-02;7.179063e-02;4.720180e-02;2.858419e-02
8.546449e-02;1.292064e-01;1.002199e-01;3.856549e-02;5.521360e-02;8.365792e-02;2.097504e-01;7.089239e-02;8.107633e-02;6.454544e-02;4.020304e-02;4.120454e-02
9.240136e-02;1.249243e-01;1.093643e-01;3.653321e-02;6.614543e-02;8.331747e-02;2.193153e-01;5.019864e-02;9.012166e-02;6.663143e-02;2.341758e-02;3.762931e-02
1.023454e-01;9.704567e-02;8.716480e-02;5.833228e-02;8.103447e-02;7.747969e-02;1.569276e-01;6.937436e-02;5.976958e-02;8.388981e-02;5.526259e-02;7.137383e-02
7.998697e-02;1.038604e-01;1.063075e-01;7.878241e-02;6.799892e-02;8.896745e-02;8.455463e-02;1.086786e-01;5.003072e-02;9.829007e-02;7.818939e-02;5.435298e-02
6.029816e-02;8.049895e-02;1.294957e-01;5.984248e-02;7.727343e-02;1.298168e-01;1.407590e-01;8.133886e-02;6.999969e-02;7.936272e-02;6.116825e-02;3.014599e-02
3.762776e-02;5.707796e-02;1.196571e-01;4.600391e-02;7.321660e-02;1.541987e-01;1.838451e-01;1.094761e-01;8.789132e-02;5.827016e-02;4.926428e-02;2.347091e-02
2.584929e-02;3.612906e-02;1.341022e-01;3.714843e-02;4.240698e-02;1.706456e-01;1.823729e-01;1.954635e-01;8.767678e-02;3.623620e-02;3.189238e-02;2.007667e-02
1.384136e-02;3.210590e-02;1.124230e-01;2.051745e-02;7.121667e-02;1.449022e-01;1.666286e-01;2.779539e-01;5.886783e-02;1.504023e-02;6.172775e-02;2.477505e-02
9.931642e-03;5.869014e-02;5.447182e-02;8.755850e-03;9.332816e-02;5.310925e-02;2.817360e-01;2.461615e-01;3.388603e-02;1.378741e-02;1.221787e-01;2.396343e-02
1.121375e-02;8.071233e-02;1.792322e-02;3.433726e-03;7.596537e-02;3.151595e-02;4.079853e-01;1.262857e-01;5.689021e-02;1.902178e-02;1.577004e-01;1.135227e-02
1.441472e-02;9.267224e-02;1.085202e-02;4.800723e-03;4.408114e-02;5.407054e-02;4.773231e-01;3.362230e-02;7.787418e-02;3.235992e-02;1.522456e-01;5.683484e-03
2.637768e-02;8.877629e-02;1.119956e-02;1.305403e-02;2.480674e-02;8.571808e-02;4.696661e-01;3.995177e-02;8.191283e-02;4.465716e-02;1.063236e-01;7.556243e-03
4.280197e-02;8.007635e-02;1.432506e-02;2.308252e-02;2.753621e-02;1.352348e-01;4.305181e-01;4.735845e-02;8.287815e-02;4.059143e-02;6.501590e-02;1.058108e-02
4.944232e-02;6.604840e-02;3.109082e-02;3.059513e-02;5.133451e-02;1.702784e-01;3.841628e-01;5.280487e-02;7.805273e-02;3.338108e-02;3.847304e-02;1.433585e-02
5.964589e-02;5.921819e-02;4.763757e-02;3.989223e-02;4.886652e-02;1.382430e-01;3.872633e-01;4.734217e-02;8.622499e-02;3.438982e-02;3.332485e-02;1.795148e-02
7.659002e-02;1.184572e-01;1.139956e-01;4.251130e-02;3.134087e-02;6.989683e-02;3.530206e-01;4.537803e-02;6.771455e-02;3.297946e-02;2.188813e-02;2.622738e-02
7.023074e-02;1.544650e-01;1.039211e-01;3.674990e-02;3.288496e-02;8.258410e-02;3.568260e-01;4.341213e-02;5.444233e-02;2.306349e-02;2.814898e-02;1.327121e-02
7.056637e-02;1.647184e-01;6.667001e-02;4.880575e-02;3.825418e-02;1.021405e-01;3.572333e-01;5.443101e-02;3.939193e-02;2.230307e-02;3.102563e-02;4.459894e-03
9.793135e-02;1.604714e-01;5.302190e-02;6.881197e-02;3.170713e-02;9.495477e-02;3.476352e-01;5.020090e-02;2.877919e-02;2.783915e-02;3.050913e-02;8.137881e-03
1.105599e-01;1.388797e-01;7.688251e-02;6.651120e-02;3.346650e-02;9.499950e-02;3.121251e-01;5.518921e-02;3.585401e-02;3.410076e-02;2.581936e-02;1.561225e-02
7.803696e-02;9.113782e-02;6.398328e-02;3.977824e-02;6.051862e-02;1.009953e-01;3.686370e-01;5.547815e-02;4.404331e-02;4.426565e-02;2.967079e-02;2.345494e-02
1.236896e-01;6.407299e-02;2.538959e-02;3.625579e-02;9.507248e-02;9.766976e-02;3.718405e-01;5.636121e-02;3.864931e-02;4.838124e-02;2.591459e-02;1.670299e-02
1.455216e-01;4.758199e-02;3.403147e-02;1.981304e-02;9.597818e-02;1.444221e-01;3.287547e-01;4.890233e-02;4.912313e-02;5.235216e-02;1.603770e-02;1.748152e-02
1.555495e-01;2.308736e-02;3.010671e-02;2.760649e-02;1.129760e-01;1.874038e-01;2.820532e-01;2.736116e-02;4.983997e-02;6.876645e-02;1.841777e-02;1.683152e-02
1.297014e-01;4.361144e-02;7.222335e-02;4.402489e-02;1.078438e-01;1.648461e-01;2.566275e-01;4.309285e-02;2.868416e-02;4.380148e-02;3.578860e-02;2.975449e-02
8.048908e-02;6.808282e-02;1.512317e-01;1.027831e-01;6.251878e-02;9.774065e-02;1.814109e-01;4.732077e-02;9.184887e-02;3.034752e-02;3.068173e-02;5.554407e-02
6.068837e-02;5.206100e-02;1.721512e-01;1.219189e-01;8.065341e-02;1.032281e-01;1.329762e-01;3.316530e-02;1.194246e-01;3.347493e-02;1.853803e-02;7.171999e-02
2.877506e-02;2.594104e-02;1.715569e-01;1.166962e-01;1.383847e-01;1.358449e-01;1.041875e-01;1.693580e-02;1.487921e-01;2.406377e-02;5.524541e-03;8.329741e-02
1.367757e-02;1.316150e-02;1.409483e-01;7.240859e-02;1.844424e-01;1.344191e-01;9.854294e-02;2.221892e-02;1.979839e-01;1.310842e-02;6.549887e-03;1.025384e-01
1.624139e-02;1.578195e-02;8.021112e-02;2.827697e-02;2.049934e-01;7.887080e-02;1.195621e-01;3.391733e-02;2.665385e-01;1.549240e-02;1.578126e-02;1.243327e-01
1.923648e-02;1.002178e-02;5.471246e-02;3.582071e-02;1.972032e-01;3.963139e-02;1.429783e-01;2.841839e-02;3.221104e-01;1.131841e-02;1.477696e-02;1.237715e-01
2.754102e-02;1.512966e-02;7.849757e-02;2.707982e-02;1.582348e-01;6.257682e-02;1.190760e-01;5.553630e-02;3.144444e-01;2.576669e-02;2.079764e-02;9.531926e-02
3.853336e-02;1.865941e-02;9.348600e-02;4.794403e-02;1.357106e-01;6.086339e-02;1.179459e-01;5.851034e-02;3.077616e-01;3.548464e-02;1.883169e-02;6.626904e-02
5.154245e-02;3.937723e-02;1.126782e-01;6.944392e-02;1.148314e-01;4.967756e-02;1.194749e-01;5.827326e-02;2.846351e-01;4.550958e-02;1.921687e-02;3.533955e-02
3.556057e-02;3.873961e-02;1.490029e-01;5.958779e-02;9.292885e-02;7.010489e-02;1.140528e-01;4.924006e-02;2.244288e-01;5.143943e-02;2.407111e-02;9.084319e-02
2.514321e-02;5.239599e-02;1.452745e-01;4.351103e-02;1.124026e-01;8.283088e-02;1.291452e-01;3.603017e-02;1.885670e-01;4.764547e-02;1.930646e-02;1.177475e-01
2.988298e-02;4.954626e-02;1.014986e-01;8.083210e-02;1.424728e-01;7.740754e-02;1.465750e-01;5.849386e-02;1.571984e-01;3.667961e-02;4.163393e-02;7.777888e-02
