1.340898e-01;9.370516e-02;2.362951e-01;3.368653e-02;5.152402e-02;4.363097e-02;1.316260e-01;3.462808e-02;7.060443e-02;7.748124e-02;4.828205e-02;4.444673e-02
1.894693e-01;1.072457e-01;2.417623e-01;2.521067e-02;3.931937e-02;3.625970e-02;1.020169e-01;2.321305e-02;8.990242e-02;7.167025e-02;3.719751e-02;3.673287e-02
2.846880e-01;1.062381e-01;1.967575e-01;1.827140e-02;2.674166e-02;2.689777e-02;7.558185e-02;5.500744e-02;8.379373e-02;5.586036e-02;2.644395e-02;4.371833e-02
3.574340e-01;6.184623e-02;1.251101e-01;1.626495e-02;1.573087e-02;4.430738e-02;1.120010e-01;8.006372e-02;3.983950e-02;3.585485e-02;2.259197e-02;8.895546e-02
3.271464e-01;1.609960e-02;8.299129e-02;3.175529e-02;1.116010e-02;6.619734e-02;1.981274e-01;4.606871e-02;5.710328e-03;3.066758e-02;4.301683e-02;1.410590e-01
2.715941e-01;4.688605e-02;4.479412e-02;2.923527e-02;8.657530e-03;5.160058e-02;2.675995e-01;3.295770e-02;5.692999e-03;2.787471e-02;5.227296e-02;1.608345e-01
1.943580e-01;4.072398e-02;4.467855e-02;1.960257e-02;1.863757e-02;5.700357e-02;3.120337e-01;2.019063e-02;1.608175e-02;3.224638e-02;7.259856e-02;1.718446e-01
1.739355e-01;5.664902e-02;4.338858e-02;1.791994e-02;3.004804e-02;7.461111e-02;2.896703e-01;1.997538e-02;1.735046e-02;3.887400e-02;8.213932e-02;1.554384e-01
1.172622e-01;5.112183e-02;4.408516e-02;2.767107e-02;7.625018e-02;7.780378e-02;2.511973e-01;4.261774e-02;1.868675e-02;4.613142e-02;1.024481e-01;1.447245e-01
2.030749e-02;3.489574e-02;7.111562e-02;2.384858e-02;1.543234e-01;5.720503e-02;1.713919e-01;9.850931e-02;3.375590e-02;6.036675e-02;1.414524e-01;1.328278e-01
4.802971e-02;1.374623e-02;4.488926e-02;1.256267e-02;1.951046e-01;2.976984e-02;1.076248e-01;1.284247e-01;4.810805e-02;7.179456e-02;1.743502e-01;1.255954e-01
6.582346e-02;9.884400e-03;9.446260e-02;1.344051e-02;1.574829e-01;4.335069e-02;9.756134e-02;1.179455e-01;4.556573e-02;6.611446e-02;1.710307e-01;1.173377e-01
6.830055e-02;1.784752e-02;7.942416e-02;1.399196e-02;1.263657e-01;5.114151e-02;1.009441e-01;1.128250e-01;5.162066e-02;8.038799e-02;1.879077e-01;1.092432e-01
3.519928e-02;2.208652e-02;9.574014e-02;2.054905e-02;1.058779e-01;5.321248e-02;1.044249e-01;1.088134e-01;4.703117e-02;9.363110e-02;1.996290e-01;1.138051e-01
3.457819e-02;1.802940e-02;8.630160e-02;2.430050e-02;9.945063e-02;4.465563e-02;1.089064e-01;1.151663e-01;4.243635e-02;9.756832e-02;2.007468e-01;1.278598e-01
1.244467e-02;1.676648e-02;4.307484e-02;1.671318e-02;9.604055e-02;3.845485e-02;1.247541e-01;1.347719e-01;4.354754e-02;1.111366e-01;2.231115e-01;1.391838e-01
2.513093e-02;1.459570e-02;9.686212e-02;2.330307e-02;8.088536e-02;2.520377e-02;1.046966e-01;1.249667e-01;3.836878e-02;1.093834e-01;2.166406e-01;1.399629e-01
8.736053e-03;3.176882e-02;8.357327e-02;2.240041e-02;8.125253e-02;2.459320e-02;8.663914e-02;1.196531e-01;4.104204e-02;1.224234e-01;2.285635e-01;1.493545e-01
5.575654e-02;4.274400e-02;9.422298e-02;3.472289e-02;6.318693e-02;2.891718e-02;6.642466e-02;8.478527e-02;4.830860e-02;1.167515e-01;2.288723e-01;1.353072e-01
8.621594e-02;3.617416e-02;4.621550e-02;3.765736e-02;5.425167e-02;3.132191e-02;6.929888e-02;5.825105e-02;5.850985e-02;1.297000e-01;2.581648e-01;1.342388e-01
7.918651e-02;2.387534e-02;1.533484e-01;2.467201e-02;2.541091e-02;4.148257e-02;5.633160e-02;4.707659e-02;5.243236e-02;1.330016e-01;2.443271e-01;1.188550e-01
5.982734e-02;2.330725e-02;9.827477e-02;2.444083e-02;3.666961e-02;4.977004e-02;4.519110e-02;5.414839e-02;4.400016e-02;1.564137e-01;2.885345e-01;1.194224e-01
4.496371e-02;3.034212e-02;1.383433e-01;3.730030e-02;3.383611e-02;3.423006e-02;4.105597e-02;5.282137e-02;4.803919e-02;1.557026e-01;2.800674e-01;1.032979e-01
8.744010e-02;3.493763e-02;1.308147e-01;5.694140e-02;5.392899e-02;2.811602e-02;1.016373e-01;6.215179e-02;5.381623e-02;1.057731e-01;1.863653e-01;9.807736e-02
9.171321e-02;4.787438e-02;1.233569e-01;7.781164e-02;1.065729e-01;7.425389e-02;1.456743e-01;5.311879e-02;4.041224e-02;6.307999e-02;1.022581e-01;7.387363e-02
6.093101e-02;4.001051e-02;1.207719e-01;7.808777e-02;1.217260e-01;1.304177e-01;1.472690e-01;5.616896e-02;3.168411e-02;6.213229e-02;8.763226e-02;6.316847e-02
6.117402e-02;4.119162e-02;7.461717e-02;5.967449e-02;9.043524e-02;1.417304e-01;1.312777e-01;6.570262e-02;4.960012e-02;9.013500e-02;1.141383e-01;8.032326e-02
7.614237e-02;7.845678e-02;8.854569e-02;4.105461e-02;4.686829e-02;8.454514e-02;9.955575e-02;4.691614e-02;6.911162e-02;1.050611e-01;1.559603e-01;1.077822e-01
1.086493e-01;8.674485e-02;5.738707e-02;5.013975e-02;4.794120e-02;5.697737e-02;9.420018e-02;3.149767e-02;6.218022e-02;1.110847e-01;1.855868e-01;1.076109e-01
8.826476e-02;6.076978e-02;1.114240e-01;5.047591e-02;4.964263e-02;4.913664e-02;7.918281e-02;5.749278e-02;7.984672e-02;9.934090e-02;1.548997e-01;1.195234e-01
6.471752e-02;4.991611e-02;1.013234e-01;4.256485e-02;6.816529e-02;5.279116e-02;7.506561e-02;7.146374e-02;1.094232e-01;1.028860e-01;8.942822e-02;1.722549e-01
1.300614e-01;8.061683e-02;7.048310e-02;2.865311e-02;6.564125e-02;5.311262e-02;8.714943e-02;6.767353e-02;9.214295e-02;6.986208e-02;8.239129e-02;1.722124e-01
1.677984e-01;1.022423e-01;1.294857e-01;5.165130e-02;4.583790e-02;5.903855e-02;7.664891e-02;5.067870e-02;4.653094e-02;4.853103e-02;1.002757e-01;1.212804e-01
1.704232e-01;1.021024e-01;1.754118e-01;8.786543e-02;2.843190e-02;7.304219e-02;3.788821e-02;3.997264e-02;3.801870e-02;5.275572e-02;1.110472e-01;8.304062e-02
1.290235e-01;1.122551e-01;1.840051e-01;8.807238e-02;2.297978e-02;6.244761e-02;6.727238e-02;4.418424e-02;4.075708e-02;5.735829e-02;8.310489e-02;1.085397e-01
1.709733e-01;1.350840e-01;1.841849e-01;8.470894e-02;4.351363e-02;3.408786e-02;6.044372e-02;4.846619e-02;4.203505e-02;5.887220e-02;4.525547e-02;9.237467e-02
1.796418e-01;1.184573e-01;1.566673e-01;7.066425e-02;7.688971e-02;4.484958e-02;5.839276e-02;6.851098e-02;5.232336e-02;8.492891e-02;4.937990e-02;3.929421e-02
1.731996e-01;8.216042e-02;1.358564e-01;4.079968e-02;8.258972e-02;4.790779e-02;7.037374e-02;7.873091e-02;4.300091e-02;1.177278e-01;9.898240e-02;2.867067e-02
1.813508e-01;7.524867e-02;1.182223e-01;4.893246e-02;7.029693e-02;6.523292e-02;1.001356e-01;6.915469e-02;5.752734e-02;9.995182e-02;7.994066e-02;3.400582e-02
1.147486e-01;3.779788e-02;2.167768e-01;5.211505e-02;6.859101e-02;4.036058e-02;1.515147e-01;4.064254e-02;6.718716e-02;9.233305e-02;4.339734e-02;7.453527e-02
6.249359e-02;4.126020e-02;2.700697e-01;4.084434e-02;6.749889e-02;3.853576e-02;1.756346e-01;2.710802e-02;4.300142e-02;1.088258e-01;7.429599e-02;5.043161e-02
5.210844e-02;3.756075e-02;3.439603e-01;3.659004e-02;5.797923e-02;3.765754e-02;1.767475e-01;1.905660e-02;3.630565e-02;9.314908e-02;7.637662e-02;3.250824e-02
4.780569e-02;3.102476e-02;4.281577e-01;3.994530e-02;4.980052e-02;2.607024e-02;1.656198e-01;1.478906e-02;3.401812e-02;6.841087e-02;6.545883e-02;2.889922e-02
4.986090e-02;3.254426e-02;4.369600e-01;4.769811e-02;9.455244e-02;2.594476e-02;8.949328e-02;1.861730e-02;3.768295e-02;5.502087e-02;7.453357e-02;3.709151e-02
5.815588e-02;2.300283e-02;2.904946e-01;4.134759e-02;1.166603e-01;4.780824e-02;1.048607e-01;2.562301e-02;4.786071e-02;1.023292e-01;8.786119e-02;5.399577e-02
1.053492e-01;3.583653e-02;9.441910e-02;5.098928e-02;1.012648e-01;7.684951e-02;1.866782e-01;2.947277e-02;5.529424e-02;1.186842e-01;8.142715e-02;6.373512e-02
1.502273e-01;5.447971e-02;1.722405e-01;4.960549e-02;6.917650e-02;5.149692e-02;8.782656e-02;2.757201e-02;7.803095e-02;8.730657e-02;6.694402e-02;1.050935e-01
1.119391e-01;8.588438e-02;1.526704e-01;3.226047e-02;6.735399e-02;3.815193e-02;8.377058e-02;3.050243e-02;5.915031e-02;7.863350e-02;9.665751e-02;1.630254e-01
9.305819e-02;1.236036e-01;1.421533e-01;5.034696e-02;7.202441e-02;5.392314e-02;9.514760e-02;4.950779e-02;3.784382e-02;6.840888e-02;6.897803e-02;1.450043e-01
1.211237e-01;1.780634e-01;7.343271e-02;9.217976e-02;1.066285e-01;5.238841e-02;8.749060e-02;4.324684e-02;6.832694e-02;6.740557e-02;4.937745e-02;6.033612e-02
1.321039e-01;1.316428e-01;8.258627e-02;9.684262e-02;1.117530e-01;4.597010e-02;8.554609e-02;4.495325e-02;5.946723e-02;1.052882e-01;7.871041e-02;2.513607e-02
1.290308e-01;7.251009e-02;1.250054e-01;8.358222e-02;1.061911e-01;6.833617e-02;9.088023e-02;4.996175e-02;6.047131e-02;7.482973e-02;8.316802e-02;5.603315e-02
1.104153e-01;5.154656e-02;1.329121e-01;5.427303e-02;7.008226e-02;6.839001e-02;8.812969e-02;7.368182e-02;9.956784e-02;4.174187e-02;1.111176e-01;9.814185e-02
1.230795e-01;6.915566e-02;7.919168e-02;5.027015e-02;4.228948e-02;6.849749e-02;3.618739e-02;1.070112e-01;1.200195e-01;1.070683e-01;1.153237e-01;8.190593e-02
1.684271e-01;5.961615e-02;1.072001e-01;4.487192e-02;5.832519e-02;5.920469e-02;5.730131e-02;1.089711e-01;9.466839e-02;1.265537e-01;7.570725e-02;3.915313e-02
1.791314e-01;5.199213e-02;1.163884e-01;3.532375e-02;6.020188e-02;5.018710e-02;1.131462e-01;1.008588e-01;6.796987e-02;1.028693e-01;4.703989e-02;7.489134e-02
1.343986e-01;6.159132e-02;9.369170e-02;6.256390e-02;5.697498e-02;5.075360e-02;1.616592e-01;7.880082e-02;5.320162e-02;7.444235e-02;5.476220e-02;1.171597e-01
1.024069e-01;7.384442e-02;1.157272e-01;7.061088e-02;7.984257e-02;6.825589e-02;9.985749e-02;6.445808e-02;6.776225e-02;7.097780e-02;6.536460e-02;1.208919e-01
1.306878e-01;7.849731e-02;1.422639e-01;4.003281e-02;3.703097e-02;3.983817e-02;1.518314e-01;6.501888e-02;1.014510e-01;9.097803e-02;6.502911e-02;5.734053e-02
1.389588e-01;7.856546e-02;1.369916e-01;3.516379e-02;4.218430e-02;3.249726e-02;1.757860e-01;6.111453e-02;9.442623e-02;9.972093e-02;5.285003e-02;5.174104e-02
1.344140e-01;6.329542e-02;1.391313e-01;3.319811e-02;4.982515e-02;5.136813e-02;1.814754e-01;5.473552e-02;8.241043e-02;1.051056e-01;5.557108e-02;4.946986e-02
8.982796e-02;3.276246e-02;1.633580e-01;3.372846e-02;5.654293e-02;6.671850e-02;1.852724e-01;3.650276e-02;4.055550e-02;1.069410e-01;1.157261e-01;7.206399e-02
6.746320e-02;4.321652e-02;1.191653e-01;2.938612e-02;5.300191e-02;4.476264e-02;1.374807e-01;3.185061e-02;3.932563e-02;1.583178e-01;1.872258e-01;8.880381e-02
3.101108e-02;9.879976e-02;9.102251e-02;3.809231e-02;7.336114e-02;3.321601e-02;5.155989e-02;2.632355e-02;4.306724e-02;2.425008e-01;2.066887e-01;6.435698e-02
6.361466e-02;1.178097e-01;1.152759e-01;7.461195e-02;1.013223e-01;3.534110e-02;4.413170e-02;2.059360e-02;2.553287e-02;2.204487e-01;1.395294e-01;4.178818e-02
8.896565e-02;9.908609e-02;1.184910e-01;9.523298e-02;1.304664e-01;6.572818e-02;6.033938e-02;2.098927e-02;4.457273e-02;1.595575e-01;8.351307e-02;3.305775e-02
7.422632e-02;8.270120e-02;8.416904e-02;9.421279e-02;1.598605e-01;9.138861e-02;7.816351e-02;5.441810e-02;8.202062e-02;1.169776e-01;4.881266e-02;3.304902e-02
9.152295e-02;6.296268e-02;8.475085e-02;1.006179e-01;1.114293e-01;8.063436e-02;8.912946e-02;8.862618e-02;9.799092e-02;1.097018e-01;4.055388e-02;4.207972e-02
8.814447e-02;4.153470e-02;1.349724e-01;1.118831e-01;6.605136e-02;6.070876e-02;8.124108e-02;8.403303e-02;8.973335e-02;1.369269e-01;6.141401e-02;4.335685e-02
7.344256e-02;3.713295e-02;1.660135e-01;1.211671e-01;4.916829e-02;4.515997e-02;6.340712e-02;5.442204e-02;9.375089e-02;1.326503e-01;1.230301e-01;4.065529e-02
6.856416e-02;2.471297e-02;1.682187e-01;1.360385e-01;4.212122e-02;2.884761e-02;5.968134e-02;3.845306e-02;1.146146e-01;9.084224e-02;1.928827e-01;3.502283e-02
7.166975e-02;3.675908e-02;1.694983e-01;1.174306e-01;3.614225e-02;2.334731e-02;1.102826e-01;4.959228e-02;1.027563e-01;6.394418e-02;1.910838e-01;2.749350e-02
6.715664e-02;6.368295e-02;1.782483e-01;8.205392e-02;5.694368e-02;4.442086e-02;1.629363e-01;5.423581e-02;6.807453e-02;5.599384e-02;1.263015e-01;3.995160e-02
7.234053e-02;7.245090e-02;2.078395e-01;6.650753e-02;8.128816e-02;5.913916e-02;1.226608e-01;5.545984e-02;6.925228e-02;7.160086e-02;6.517207e-02;5.628841e-02
1.749032e-01;6.768242e-02;9.676386e-02;7.048506e-02;6.469778e-02;3.312509e-02;1.144990e-01;5.422198e-02;8.369286e-02;8.424889e-02;7.028116e-02;8.539878e-02
2.038827e-01;4.172210e-02;9.994423e-02;6.480554e-02;4.584823e-02;3.267958e-02;1.429813e-01;5.440526e-02;7.859988e-02;9.028147e-02;8.190140e-02;6.294833e-02
1.912840e-01;2.001166e-02;1.202509e-01;5.771078e-02;3.933121e-02;6.345470e-02;1.464202e-01;5.336867e-02;7.188833e-02;1.251637e-01;6.983897e-02;4.127698e-02
9.021282e-02;7.744755e-02;1.017915e-01;2.395557e-02;7.434279e-02;8.388828e-02;1.260446e-01;3.540580e-02;5.352560e-02;1.845768e-01;5.986582e-02;8.894283e-02
3.249495e-02;1.830346e-01;4.620624e-02;2.321196e-02;1.074133e-01;5.496522e-02;5.882688e-02;3.840826e-02;4.216941e-02;2.047677e-01;6.850801e-02;1.399935e-01
2.452732e-02;2.657240e-01;3.033506e-02;2.639303e-02;1.091357e-01;3.099173e-02;2.525701e-02;5.087925e-02;4.458300e-02;1.972376e-01;6.864391e-02;1.262924e-01
2.071229e-02;3.075997e-01;1.536962e-02;1.959701e-02;1.107719e-01;2.484979e-02;2.517014e-02;5.173088e-02;4.617574e-02;2.029926e-01;6.630903e-02;1.087213e-01
2.640546e-02;2.571706e-01;3.435865e-02;2.897711e-02;1.001070e-01;3.177182e-02;3.120895e-02;3.974868e-02;6.029351e-02;2.044748e-01;7.281643e-02;1.126670e-01
6.344108e-02;1.491355e-01;7.109843e-02;3.882444e-02;6.464948e-02;4.237974e-02;1.185459e-01;4.097359e-02;6.800839e-02;1.710021e-01;8.069377e-02;9.124766e-02
7.401136e-02;8.936511e-02;9.388874e-02;4.287570e-02;4.981364e-02;4.727277e-02;2.156580e-01;4.548142e-02;5.945322e-02;1.472524e-01;8.345751e-02;5.147021e-02
3.784248e-02;6.348988e-02;1.204847e-01;3.867454e-02;7.175972e-02;4.053583e-02;2.723747e-01;4.320959e-02;2.700074e-02;1.690453e-01;9.081087e-02;2.477170e-02
2.171533e-02;4.950378e-02;1.681215e-01;3.443483e-02;8.363601e-02;6.272259e-02;1.502254e-01;3.630341e-02;5.493557e-02;2.174697e-01;9.052166e-02;3.041032e-02
3.500949e-02;4.588985e-02;1.413804e-01;4.773097e-02;9.934220e-02;6.364356e-02;8.486938e-02;5.025990e-02;6.834116e-02;2.364387e-01;8.413836e-02;4.295605e-02
5.708667e-02;6.880455e-02;1.061345e-01;5.905905e-02;9.767582e-02;3.576219e-02;1.039791e-01;6.971854e-02;6.456914e-02;1.846265e-01;7.732240e-02;7.526161e-02
7.778060e-02;7.941816e-02;1.330731e-01;5.302711e-02;8.559398e-02;3.636875e-02;1.727979e-01;4.879037e-02;5.358967e-02;1.125536e-01;6.238502e-02;8.462169e-02
6.344793e-02;1.052744e-01;1.468575e-01;5.913185e-02;7.475580e-02;3.760781e-02;1.792413e-01;2.993436e-02;5.505036e-02;1.133980e-01;5.636116e-02;7.893949e-02
6.278010e-02;1.124245e-01;9.866575e-02;5.847071e-02;6.206641e-02;4.479783e-02;2.107990e-01;3.759091e-02;5.616121e-02;9.433664e-02;6.322348e-02;9.868348e-02
5.287924e-02;1.115745e-01;8.441487e-02;6.396859e-02;4.177448e-02;6.365644e-02;2.301107e-01;7.354040e-02;5.435682e-02;8.172386e-02;3.919531e-02;1.028047e-01
1.095385e-01;9.344471e-02;9.955048e-02;7.362717e-02;3.841047e-02;8.486639e-02;1.269791e-01;8.960734e-02;5.144028e-02;8.214460e-02;3.269611e-02;1.176948e-01
1.376477e-01;8.707376e-02;1.374117e-01;7.787847e-02;3.884041e-02;8.801296e-02;7.668497e-02;8.170937e-02;5.691103e-02;6.650696e-02;3.369109e-02;1.176316e-01
1.538834e-01;8.209699e-02;1.901712e-01;7.155842e-02;3.692050e-02;9.538218e-02;5.813866e-02;5.702557e-02;6.988793e-02;6.977729e-02;4.478069e-02;7.037721e-02
9.961066e-02;9.837908e-02;2.402362e-01;6.721935e-02;5.791010e-02;6.735873e-02;8.946530e-02;3.149439e-02;5.499791e-02;8.915143e-02;6.379979e-02;4.037702e-02
5.515848e-02;7.284199e-02;2.454032e-01;6.314318e-02;5.319644e-02;8.668811e-02;1.031549e-01;3.896739e-02;5.041288e-02;1.158160e-01;6.771126e-02;4.750616e-02
3.075692e-02;2.701863e-02;2.247469e-01;6.461560e-02;5.612015e-02;1.247715e-01;7.900868e-02;6.703567e-02;6.450284e-02;1.505533e-01;7.146915e-02;3.940067e-02
3.251293e-02;1.614186e-02;1.838105e-01;5.675216e-02;7.076829e-02;1.383173e-01;8.532961e-02;9.376110e-02;6.517319e-02;1.605128e-01;7.052676e-02;2.639344e-02
2.708979e-02;2.411132e-02;1.400719e-01;9.304806e-02;6.187529e-02;1.070505e-01;1.402641e-01;1.099607e-01;7.387290e-02;1.453511e-01;6.191439e-02;1.538992e-02
2.158258e-02;3.490349e-02;1.064496e-01;1.214213e-01;8.181318e-02;7.996524e-02;2.048983e-01;9.371540e-02;6.681712e-02;1.217438e-01;5.105090e-02;1.563904e-02
4.529353e-02;6.401429e-02;1.120156e-01;1.089955e-01;9.296220e-02;6.169464e-02;2.616543e-01;5.253592e-02;3.505550e-02;9.908617e-02;4.637420e-02;2.031803e-02
7.025325e-02;7.842052e-02;1.428189e-01;8.192271e-02;9.852212e-02;5.993424e-02;2.075827e-01;3.859526e-02;3.545268e-02;1.123225e-01;5.309487e-02;2.108019e-02
7.583579e-02;6.316812e-02;1.390036e-01;5.713231e-02;1.111606e-01;7.981102e-02;9.180161e-02;6.389779e-02;6.355508e-02;1.549993e-01;7.980548e-02;1.982937e-02
7.822484e-02;4.598509e-02;1.409462e-01;3.886680e-02;8.475289e-02;7.159901e-02;1.866534e-01;6.464322e-02;6.152149e-02;1.309868e-01;7.739919e-02;1.842098e-02
5.868851e-02;5.708532e-02;1.366711e-01;3.611496e-02;5.297557e-02;5.346854e-02;2.961597e-01;4.928089e-02;5.230355e-02;1.013043e-01;7.212412e-02;3.382335e-02
6.476132e-02;1.018417e-01;7.460999e-02;7.799161e-02;9.704375e-02;5.578938e-02;2.188971e-01;6.596965e-02;5.818884e-02;7.274244e-02;6.818382e-02;4.398036e-02
8.412137e-02;9.997998e-02;1.009370e-01;8.753813e-02;1.190371e-01;4.893902e-02;1.375418e-01;7.626032e-02;7.432296e-02;6.295177e-02;5.467265e-02;5.369787e-02
1.008596e-01;6.738184e-02;1.072398e-01;6.192141e-02;8.607742e-02;5.300075e-02;2.157132e-01;6.454570e-02;8.334570e-02;7.109941e-02;4.624056e-02;4.257461e-02
9.277777e-02;8.327181e-02;1.287528e-01;5.818576e-02;5.619484e-02;3.873404e-02;2.475559e-01;6.145001e-02;6.792101e-02;8.141109e-02;4.540362e-02;3.834138e-02
8.728708e-02;8.256955e-02;1.199939e-01;5.411117e-02;7.772028e-02;6.716397e-02;2.008787e-01;6.798369e-02;7.104684e-02;8.519375e-02;5.609963e-02;2.995143e-02
8.271301e-02;7.930632e-02;1.008995e-01;8.856958e-02;9.768000e-02;7.653159e-02;1.459604e-01;7.072520e-02;7.197442e-02;7.307478e-02;6.623203e-02;4.633323e-02
1.000501e-01;6.571522e-02;9.738480e-02;9.575157e-02;1.095310e-01;8.020139e-02;1.080434e-01;6.911533e-02;7.662810e-02;6.219270e-02;6.471568e-02;7.067069e-02
7.598453e-02;8.100969e-02;1.265491e-01;8.582259e-02;9.567877e-02;9.236312e-02;1.014667e-01;8.540446e-02;6.893387e-02;6.774954e-02;5.140470e-02;6.763300e-02
7.119600e-02;9.700166e-02;1.864631e-01;6.603225e-02;6.979253e-02;7.974747e-02;1.200685e-01;9.664819e-02;5.624006e-02;6.149153e-02;4.040457e-02;5.491422e-02
1.610900e-01;6.842232e-02;1.546396e-01;3.178538e-02;4.378177e-02;4.223242e-02;1.433541e-01;5.547944e-02;4.724817e-02;6.956149e-02;7.767098e-02;1.047344e-01
1.777069e-01;6.813943e-02;1.146568e-01;2.666771e-02;3.583275e-02;4.049687e-02;1.177714e-01;5.408733e-02;3.882826e-02;9.138779e-02;1.170137e-01;1.174112e-01
1.322564e-01;8.156370e-02;6.199691e-02;2.185254e-02;3.874556e-02;4.102375e-02;1.006337e-01;7.279605e-02;4.135250e-02;1.475854e-01;1.403081e-01;1.198854e-01
5.416663e-02;7.903060e-02;6.306061e-02;2.314198e-02;4.516492e-02;4.520684e-02;1.393709e-01;7.962521e-02;5.982599e-02;1.788944e-01;1.280015e-01;1.045104e-01
4.952369e-02;7.689966e-02;7.569624e-02;2.920576e-02;5.147805e-02;6.058509e-02;1.725079e-01;6.610943e-02;7.195579e-02;1.541203e-01;1.077153e-01;8.420281e-02
4.878322e-02;6.128019e-02;1.164744e-01;5.850227e-02;6.256305e-02;6.402232e-02;1.247042e-01;6.469232e-02;9.604353e-02;1.160703e-01;1.473642e-01;3.949999e-02
5.063257e-02;4.124697e-02;1.060164e-01;6.812713e-02;3.929341e-02;3.916490e-02;1.310911e-01;6.519926e-02;1.213741e-01;1.090922e-01;2.059923e-01;2.276946e-02
4.485313e-02;2.623992e-02;9.365986e-02;8.223040e-02;3.257009e-02;2.612827e-02;9.537648e-02;6.405909e-02;1.437397e-01;9.223694e-02;2.364698e-01;6.243626e-02
3.428524e-02;4.875922e-02;6.804987e-02;5.697743e-02;7.112800e-02;4.596702e-02;5.043099e-02;6.675583e-02;1.049992e-01;1.357601e-01;1.550141e-01;1.618730e-01
4.865389e-02;1.019745e-01;3.638530e-02;3.210961e-02;9.547102e-02;4.712230e-02;4.832759e-02;8.537710e-02;7.127967e-02;1.754242e-01;8.030229e-02;1.775725e-01
6.494866e-02;1.927215e-01;2.260228e-02;3.629784e-02;1.095954e-01;3.013942e-02;3.862351e-02;1.044903e-01;6.874029e-02;1.854793e-01;5.462171e-02;9.173975e-02
4.144441e-02;2.904088e-01;1.390732e-02;3.553585e-02;1.227436e-01;2.748161e-02;1.965180e-02;8.830335e-02;7.370505e-02;1.783338e-01;5.118350e-02;5.730092e-02
1.981619e-02;2.929001e-01;5.570129e-02;3.736387e-02;1.203556e-01;5.672490e-02;2.935505e-02;5.063825e-02;7.023688e-02;1.718190e-01;4.168167e-02;5.340718e-02
2.978954e-02;1.547259e-01;1.806440e-01;6.690314e-02;7.440748e-02;9.533594e-02;8.465582e-02;3.445100e-02;6.355084e-02;1.445029e-01;3.854503e-02;3.248834e-02
5.049635e-02;3.886466e-02;2.137179e-01;1.206759e-01;3.874009e-02;7.565006e-02;1.490071e-01;7.258866e-02;8.078337e-02;1.074262e-01;3.897505e-02;1.307466e-02
5.020451e-02;2.374100e-02;1.407389e-01;1.680546e-01;3.193680e-02;4.156067e-02;1.713442e-01;1.057575e-01;1.082847e-01;1.104672e-01;3.306706e-02;1.484289e-02
5.417190e-02;2.358980e-02;7.256364e-02;1.414445e-01;6.036546e-02;4.173164e-02;1.725546e-01;9.339718e-02;1.116838e-01;1.574020e-01;3.723748e-02;3.385799e-02
4.424876e-02;4.718212e-02;6.811079e-02;5.479300e-02;6.439376e-02;6.683728e-02;1.667284e-01;7.756064e-02;8.067744e-02;2.064900e-01;8.496282e-02;3.801506e-02
4.477742e-02;4.599335e-02;5.592983e-02;5.025066e-02;8.401041e-02;1.095057e-01;1.173553e-01;6.308963e-02;1.178767e-01;2.057099e-01;8.266362e-02;2.283756e-02
5.022459e-02;4.568417e-02;8.177558e-02;6.413692e-02;7.708547e-02;1.036153e-01;9.843041e-02;5.486184e-02;1.361779e-01;1.988527e-01;6.868942e-02;2.046567e-02
4.207015e-02;4.357974e-02;9.201356e-02;5.603085e-02;6.050815e-02;6.001263e-02;1.510562e-01;8.927455e-02;1.161988e-01;2.132102e-01;5.711982e-02;1.892531e-02
6.327427e-02;4.653012e-02;7.708653e-02;7.154930e-02;6.254224e-02;5.676454e-02;1.413770e-01;8.317439e-02;7.615207e-02;2.242591e-01;8.042134e-02;1.686905e-02
5.009868e-02;4.470210e-02;7.729464e-02;9.085414e-02;6.427069e-02;7.936800e-02;1.094194e-01;8.656079e-02;1.189638e-01;1.682534e-01;7.974262e-02;3.047181e-02
1.383071e-02;4.292925e-02;7.516415e-02;1.391208e-01;6.989739e-02;7.679336e-02;1.146317e-01;1.509435e-01;1.414035e-01;9.896870e-02;4.392245e-02;3.239455e-02
3.164268e-02;6.995856e-02;9.721466e-02;1.542771e-01;6.441079e-02;6.277654e-02;1.213603e-01;1.415869e-01;1.378666e-01;7.020967e-02;1.806394e-02;3.063225e-02
6.307505e-02;1.290979e-01;1.772944e-01;1.135743e-01;5.081327e-02;5.885069e-02;8.512807e-02;1.030888e-01;1.124685e-01;6.821430e-02;1.740980e-02;2.098495e-02
7.984590e-02;2.190076e-01;2.139894e-01;6.382887e-02;6.879647e-02;4.953171e-02;4.606096e-02;8.072878e-02;6.892589e-02;7.373599e-02;2.161737e-02;1.393104e-02
8.111235e-02;2.770653e-01;1.663333e-01;5.541290e-02;9.761543e-02;2.990277e-02;5.112400e-02;6.361909e-02;7.162951e-02;6.819672e-02;2.715083e-02;1.083776e-02
8.059043e-02;2.620749e-01;1.531483e-01;4.157886e-02;1.007793e-01;5.113338e-02;7.610066e-02;4.917705e-02;7.266584e-02;5.685142e-02;3.236188e-02;2.353795e-02
8.997567e-02;1.787822e-01;1.467788e-01;9.426487e-02;7.090180e-02;6.247191e-02;9.787653e-02;3.754583e-02;7.042622e-02;8.113781e-02;2.887668e-02;4.096169e-02
9.147932e-02;1.013832e-01;9.940458e-02;1.572736e-01;7.139559e-02;5.946020e-02;7.549140e-02;4.575652e-02;1.230614e-01;1.087358e-01;1.518283e-02;5.137549e-02
1.295761e-01;1.253242e-01;8.582705e-02;1.269346e-01;7.232554e-02;5.734136e-02;7.386445e-02;5.180514e-02;1.227082e-01;8.985198e-02;2.186912e-02;4.257228e-02
2.328065e-01;1.086089e-01;7.596863e-02;9.894654e-02;6.233537e-02;6.518333e-02;8.921476e-02;4.486440e-02;9.010246e-02;8.086673e-02;3.054864e-02;2.055376e-02
2.555324e-01;4.615255e-02;8.367933e-02;9.662245e-02;8.838185e-02;5.267434e-02;1.081180e-01;4.988117e-02;7.926986e-02;7.931341e-02;3.512868e-02;2.524596e-02
1.666440e-01;5.877856e-02;9.751900e-02;8.888675e-02;8.857591e-02;4.669679e-02;1.364768e-01;5.876043e-02;1.231841e-01;6.968011e-02;2.556146e-02;3.923617e-02
1.494679e-01;4.860690e-02;9.830123e-02;6.461706e-02;1.110765e-01;7.917464e-02;1.016296e-01;5.744701e-02;1.042505e-01;7.425982e-02;3.952366e-02;7.164523e-02
1.179388e-01;4.887050e-02;8.286922e-02;9.989248e-02;1.136347e-01;7.843819e-02;5.761664e-02;7.008094e-02;7.816307e-02;1.410110e-01;5.548368e-02;5.600075e-02
1.300367e-01;8.805148e-02;1.250333e-01;1.123261e-01;5.712685e-02;4.975587e-02;6.720074e-02;7.206037e-02;5.791538e-02;1.595662e-01;4.348959e-02;3.743743e-02
1.508951e-01;8.073346e-02;1.389295e-01;9.755031e-02;7.756343e-02;4.865285e-02;8.953574e-02;4.913992e-02;6.624600e-02;1.423303e-01;3.144648e-02;2.697676e-02
2.021719e-01;1.301344e-01;1.177795e-01;6.436315e-02;9.364241e-02;6.348691e-02;6.725853e-02;3.341411e-02;5.822223e-02;8.921929e-02;4.930314e-02;3.100437e-02
1.961496e-01;1.650362e-01;1.092545e-01;5.736627e-02;8.157999e-02;7.922308e-02;5.817070e-02;4.362277e-02;5.409015e-02;5.653128e-02;6.216750e-02;3.680797e-02
1.753944e-01;1.314814e-01;1.406630e-01;8.060317e-02;7.402017e-02;7.837982e-02;5.910388e-02;5.797960e-02;7.310923e-02;5.563391e-02;4.960372e-02;2.402762e-02
1.841335e-01;9.295109e-02;1.528630e-01;8.697260e-02;8.462294e-02;8.485992e-02;5.105495e-02;5.228300e-02;8.968556e-02;5.785437e-02;3.144414e-02;3.127504e-02
1.551903e-01;1.133877e-01;1.440187e-01;5.825503e-02;1.024699e-01;7.482831e-02;7.335484e-02;4.733445e-02;7.099848e-02;7.844831e-02;3.848781e-02;4.322618e-02
1.207671e-01;1.250224e-01;1.344008e-01;5.944763e-02;8.963247e-02;7.291926e-02;1.082357e-01;3.804920e-02;6.432398e-02;8.630328e-02;5.565908e-02;4.523916e-02
1.225797e-01;1.293289e-01;1.569862e-01;7.293086e-02;7.847264e-02;7.464587e-02;9.968363e-02;3.620839e-02;4.520764e-02;8.035154e-02;5.186034e-02;5.174420e-02
7.898109e-02;1.856056e-01;1.370754e-01;7.685407e-02;6.218557e-02;8.254804e-02;1.065338e-01;4.379816e-02;3.674073e-02;6.957582e-02;4.241915e-02;7.768250e-02
8.498715e-02;1.685960e-01;1.180620e-01;6.573873e-02;3.806533e-02;1.097815e-01;1.194029e-01;5.904698e-02;5.579856e-02;7.664732e-02;5.031311e-02;5.356048e-02
9.051988e-02;1.133340e-01;1.283100e-01;6.172495e-02;5.069294e-02;1.187592e-01;1.162311e-01;6.743973e-02;6.901037e-02;1.009249e-01;5.248817e-02;3.056470e-02
8.126248e-02;1.447769e-01;1.565047e-01;7.829550e-02;4.332678e-02;8.797301e-02;1.140829e-01;5.082207e-02;6.224342e-02;1.045555e-01;4.321755e-02;3.293914e-02
7.335781e-02;1.915916e-01;1.475479e-01;7.924219e-02;5.368499e-02;7.895365e-02;1.124331e-01;5.503604e-02;5.518574e-02;6.406194e-02;4.193193e-02;4.697315e-02
9.750036e-02;1.779736e-01;1.354008e-01;5.607583e-02;6.699336e-02;7.261565e-02;1.159648e-01;6.675000e-02;5.397656e-02;5.268266e-02;5.243714e-02;5.162924e-02
1.152735e-01;1.838086e-01;1.805969e-01;4.582450e-02;6.543874e-02;4.546120e-02;8.432730e-02;8.475903e-02;4.840912e-02;7.284206e-02;4.601024e-02;2.724889e-02
1.120062e-01;1.119673e-01;1.637054e-01;5.717525e-02;4.399535e-02;5.049051e-02;8.637216e-02;9.594759e-02;7.301691e-02;1.005639e-01;5.197049e-02;5.278897e-02
1.053172e-01;6.694967e-02;1.228528e-01;4.495045e-02;4.332002e-02;5.239365e-02;1.271657e-01;9.734396e-02;1.290650e-01;8.836024e-02;5.436973e-02;6.791151e-02
1.015010e-01;8.557577e-02;9.274378e-02;5.181506e-02;5.766796e-02;7.684118e-02;1.376303e-01;1.141115e-01;1.263719e-01;6.493160e-02;2.601232e-02;6.479769e-02
9.433939e-02;1.042336e-01;6.318223e-02;5.250206e-02;7.986231e-02;1.057815e-01;1.233859e-01;1.162175e-01;1.165818e-01;4.830664e-02;3.531047e-02;6.029660e-02
5.084858e-02;1.319359e-01;4.522878e-02;3.566153e-02;9.526059e-02;8.509669e-02;1.138283e-01;9.814547e-02;1.456892e-01;9.922563e-02;4.771524e-02;5.136409e-02
7.468575e-02;1.323375e-01;7.710978e-02;6.346896e-02;9.850455e-02;4.202193e-02;1.073008e-01;7.666870e-02;1.277160e-01;1.187231e-01;4.842496e-02;3.303799e-02
8.163542e-02;8.268292e-02;1.087196e-01;9.131353e-02;9.898591e-02;3.013526e-02;1.410704e-01;7.431827e-02;1.107770e-01;1.064900e-01;3.206386e-02;4.180793e-02
8.007921e-02;6.857406e-02;1.717685e-01;7.030946e-02;6.647005e-02;4.160810e-02;1.385997e-01;6.932587e-02;1.047550e-01;9.220891e-02;3.266498e-02;6.363609e-02
8.359783e-02;7.167269e-02;1.529379e-01;6.409530e-02;6.692966e-02;6.311334e-02;1.476782e-01;6.153178e-02;7.382566e-02;8.592776e-02;6.363352e-02;6.505641e-02
6.678982e-02;9.423416e-02;1.312398e-01;6.050570e-02;7.805981e-02;4.910798e-02;1.534455e-01;5.644244e-02;5.764023e-02;9.445395e-02;6.888659e-02;8.919404e-02
6.405316e-02;1.062210e-01;1.276409e-01;8.648091e-02;1.065944e-01;3.195725e-02;1.758903e-01;5.067119e-02;5.816813e-02;7.640283e-02;4.979373e-02;6.612612e-02
8.062383e-02;8.086456e-02;1.159144e-01;1.122275e-01;1.210392e-01;4.933628e-02;1.355428e-01;4.214200e-02;6.425576e-02;1.053412e-01;6.163945e-02;3.107303e-02
7.699615e-02;6.783370e-02;1.318730e-01;8.794682e-02;1.141978e-01;6.380283e-02;7.461835e-02;3.979157e-02;5.807540e-02;1.673269e-01;9.484491e-02;2.269257e-02
3.431364e-02;7.136208e-02;6.710017e-02;1.035561e-01;1.125768e-01;5.380736e-02;7.078123e-02;6.892289e-02;4.467116e-02;2.149807e-01;1.332514e-01;2.467648e-02
1.355977e-02;5.411640e-02;2.281247e-02;1.370033e-01;7.522418e-02;3.164845e-02;5.623577e-02;9.425582e-02;5.470157e-02;2.645876e-01;1.699033e-01;2.595137e-02
1.477613e-02;3.848100e-02;2.546909e-02;1.072133e-01;6.097858e-02;2.665603e-02;5.782387e-02;8.420555e-02;9.093888e-02;3.045921e-01;1.626801e-01;2.618534e-02
3.608187e-02;3.064936e-02;3.075861e-02;6.389945e-02;6.384645e-02;2.934785e-02;4.625493e-02;5.461081e-02;1.159021e-01;3.427719e-01;1.537344e-01;3.214238e-02
4.973315e-02;2.447955e-02;7.012483e-02;4.922843e-02;4.454671e-02;1.965838e-02;8.157922e-02;3.679914e-02;1.215146e-01;3.417263e-01;1.417340e-01;1.887569e-02
3.515850e-02;3.814002e-02;8.596281e-02;5.978465e-02;4.494371e-02;2.226087e-02;1.160112e-01;4.412543e-02;9.621419e-02;2.918171e-01;1.444545e-01;2.112698e-02
4.954073e-02;4.458243e-02;7.910777e-02;5.613168e-02;5.755077e-02;3.162706e-02;1.555766e-01;3.692176e-02;6.975430e-02;2.518308e-01;1.392844e-01;2.809174e-02
6.122433e-02;3.881948e-02;1.071145e-01;4.174596e-02;7.808537e-02;4.561061e-02;1.878133e-01;3.796190e-02;5.625119e-02;2.025588e-01;1.079115e-01;3.490305e-02
4.765961e-02;3.728478e-02;1.638009e-01;3.666402e-02;7.749923e-02;6.517382e-02;2.052875e-01;3.965849e-02;4.839547e-02;1.597080e-01;8.447592e-02;3.439225e-02
5.568700e-02;4.813570e-02;2.079668e-01;3.921522e-02;6.982213e-02;5.929174e-02;1.852563e-01;3.509016e-02;4.764074e-02;1.350527e-01;8.491241e-02;3.192914e-02
6.835210e-02;7.869104e-02;1.988058e-01;3.817013e-02;7.722598e-02;7.007519e-02;1.173565e-01;5.336834e-02;5.781871e-02;1.280970e-01;8.615982e-02;2.587937e-02
5.499716e-02;7.677424e-02;1.304931e-01;4.374165e-02;1.118145e-01;8.051306e-02;1.485079e-01;7.888896e-02;5.838051e-02;9.916612e-02;8.095438e-02;3.576835e-02
6.315640e-02;7.609101e-02;1.121306e-01;6.896962e-02;9.526666e-02;7.769015e-02;1.278636e-01;9.169735e-02;7.545897e-02;8.363080e-02;7.356106e-02;5.448379e-02
7.233518e-02;5.046204e-02;1.248575e-01;1.245544e-01;5.761199e-02;6.762548e-02;1.257100e-01;5.958764e-02;1.138064e-01;9.503223e-02;5.808901e-02;5.032813e-02
5.538151e-02;4.531074e-02;1.412249e-01;1.069322e-01;4.376186e-02;6.066104e-02;1.059862e-01;1.054235e-01;1.426362e-01;1.177555e-01;4.199478e-02;3.293158e-02
3.024143e-02;5.250893e-02;1.706511e-01;9.767626e-02;4.627685e-02;5.600045e-02;8.985156e-02;1.484476e-01;1.406678e-01;1.162248e-01;3.318189e-02;1.827126e-02
2.478718e-02;6.428793e-02;2.470889e-01;1.122524e-01;3.995216e-02;4.272176e-02;8.974046e-02;1.283504e-01;1.032469e-01;1.064103e-01;2.440270e-02;1.675896e-02
3.440523e-02;7.875860e-02;2.752709e-01;7.207910e-02;4.323344e-02;2.859614e-02;9.008313e-02;1.044401e-01;1.216707e-01;1.098554e-01;2.671086e-02;1.489633e-02
6.229326e-02;6.775855e-02;2.069546e-01;3.999232e-02;5.317716e-02;2.807746e-02;1.042819e-01;1.261649e-01;1.330361e-01;1.116297e-01;4.878669e-02;1.784746e-02
6.016697e-02;9.926905e-02;1.572995e-01;5.083511e-02;5.061834e-02;3.051645e-02;1.774717e-01;1.090807e-01;9.553871e-02;8.711746e-02;5.751203e-02;2.457405e-02
4.311243e-02;1.534900e-01;1.325310e-01;3.122587e-02;3.694140e-02;4.352342e-02;2.403740e-01;7.761580e-02;9.717283e-02;7.585002e-02;3.866818e-02;2.949507e-02
5.904347e-02;1.784069e-01;1.172583e-01;3.393443e-02;4.490036e-02;5.366325e-02;2.686992e-01;6.004203e-02;6.781588e-02;6.149357e-02;2.971137e-02;2.503126e-02
7.005232e-02;1.727944e-01;1.249825e-01;4.039902e-02;5.973526e-02;5.596738e-02;2.313848e-01;6.018240e-02;6.167101e-02;5.272888e-02;3.417809e-02;3.592394e-02
9.017357e-02;1.516425e-01;1.373597e-01;3.938753e-02;9.641232e-02;6.893086e-02;1.208275e-01;6.624079e-02;6.916694e-02;6.980506e-02;5.204229e-02;3.801090e-02
5.643454e-02;8.446471e-02;1.050063e-01;2.186874e-02;1.390159e-01;9.964722e-02;1.579168e-01;9.835474e-02;5.410638e-02;8.802014e-02;7.006846e-02;2.509615e-02
2.767672e-02;8.785653e-02;1.152374e-01;4.489293e-02;1.048137e-01;9.934238e-02;2.244070e-01;7.880289e-02;5.311247e-02;8.416977e-02;6.263565e-02;1.705252e-02
3.657888e-02;9.391740e-02;1.386879e-01;9.187286e-02;5.881950e-02;8.648356e-02;2.135303e-01;6.236827e-02;4.884413e-02;7.333913e-02;5.740685e-02;3.815118e-02
5.740091e-02;1.410749e-01;1.051804e-01;9.507811e-02;6.339791e-02;5.491908e-02;1.864066e-01;7.626153e-02;6.315544e-02;6.339104e-02;4.711440e-02;4.661972e-02
5.187862e-02;1.037306e-01;1.309488e-01;6.456709e-02;9.164564e-02;6.175206e-02;1.988726e-01;8.691900e-02;6.319132e-02;5.296291e-02;6.209735e-02;3.143404e-02
5.539706e-02;6.606274e-02;9.564171e-02;4.470404e-02;9.030223e-02;6.742298e-02;2.304539e-01;8.678167e-02;8.645383e-02;6.539460e-02;7.687674e-02;3.450850e-02
7.284530e-02;6.774327e-02;5.718286e-02;6.120137e-02;6.968353e-02;6.550007e-02;2.086998e-01;7.786175e-02;1.421704e-01;7.513210e-02;6.516138e-02;3.681823e-02
7.507465e-02;1.247956e-01;9.193514e-02;3.691122e-02;6.658953e-02;6.150363e-02;1.585668e-01;7.605987e-02;1.577726e-01;7.243604e-02;4.193468e-02;3.642030e-02
8.572386e-02;1.062151e-01;1.033865e-01;7.078595e-02;5.800629e-02;8.179659e-02;1.156112e-01;8.217181e-02;1.378684e-01;7.501718e-02;3.389470e-02;4.952250e-02
9.024767e-02;9.796628e-02;9.912647e-02;7.779783e-02;5.618284e-02;9.553843e-02;1.056819e-01;9.402147e-02;1.025862e-01;6.890678e-02;4.928435e-02;6.265976e-02
8.162654e-02;1.239220e-01;9.225552e-02;8.596547e-02;5.331367e-02;1.196114e-01;1.011563e-01;7.347818e-02;1.062235e-01;7.197879e-02;4.688790e-02;4.358078e-02
7.569441e-02;1.471378e-01;1.067587e-01;7.894813e-02;4.304383e-02;8.736404e-02;9.110220e-02;1.050693e-01;1.166834e-01;8.453843e-02;4.051959e-02;2.314013e-02
8.683205e-02;1.334499e-01;1.087860e-01;5.869193e-02;4.458409e-02;5.276953e-02;1.003587e-01;1.185912e-01;1.443600e-01;9.084574e-02;3.781464e-02;2.291628e-02
1.449750e-01;1.477751e-01;1.387109e-01;5.661034e-02;4.082291e-02;4.555267e-02;9.736492e-02;8.240924e-02;7.155579e-02;5.743326e-02;3.314669e-02;8.364319e-02
1.635266e-01;1.478626e-01;1.237586e-01;4.971043e-02;3.427964e-02;4.750651e-02;1.049334e-01;8.519582e-02;4.397060e-02;4.241812e-02;4.698014e-02;1.098575e-01
2.085875e-01;1.273319e-01;8.123401e-02;3.731010e-02;2.978004e-02;6.237535e-02;9.286697e-02;7.548837e-02;6.019681e-02;4.124262e-02;7.603953e-02;1.075468e-01
2.008292e-01;1.017523e-01;5.410987e-02;3.177673e-02;4.377285e-02;9.444939e-02;7.018661e-02;6.562801e-02;8.121613e-02;5.841408e-02;9.232858e-02;1.055363e-01
9.658610e-02;1.077260e-01;5.553059e-02;4.545157e-02;9.615023e-02;1.124358e-01;4.641630e-02;7.873739e-02;8.900738e-02;9.048380e-02;5.218640e-02;1.292884e-01
1.175095e-01;8.245432e-02;7.399752e-02;5.996880e-02;1.070217e-01;1.038891e-01;8.041802e-02;5.446343e-02;1.006029e-01;8.118484e-02;3.258669e-02;1.059032e-01
2.396692e-01;3.440396e-02;6.099866e-02;9.464411e-02;5.600064e-02;5.862486e-02;9.513476e-02;6.027466e-02;1.424878e-01;5.447585e-02;5.592461e-02;4.736084e-02
3.041244e-01;1.689627e-02;4.072325e-02;1.187822e-01;2.116252e-02;2.318594e-02;7.521457e-02;6.846804e-02;1.887270e-01;4.258258e-02;7.954329e-02;2.058991e-02
2.766693e-01;2.828305e-02;4.427711e-02;1.312125e-01;4.103168e-02;1.813785e-02;4.490137e-02;6.395020e-02;2.170136e-01;3.804502e-02;8.258793e-02;1.389038e-02
1.832289e-01;6.731389e-02;8.051629e-02;1.284306e-01;6.139771e-02;2.209935e-02;2.780478e-02;6.771009e-02;2.492765e-01;2.697322e-02;6.519274e-02;2.005598e-02
8.432297e-02;7.558294e-02;1.040505e-01;1.349899e-01;6.352646e-02;1.993348e-02;4.784370e-02;8.269796e-02;2.601771e-01;4.122126e-02;6.825715e-02;1.739646e-02
1.460676e-01;4.683548e-02;1.065992e-01;1.414535e-01;4.450157e-02;2.122962e-02;7.447454e-02;8.797586e-02;2.052445e-01;4.859085e-02;6.473458e-02;1.229267e-02
1.373782e-01;4.239936e-02;1.397430e-01;1.348921e-01;4.242036e-02;4.779834e-02;9.416751e-02;8.798677e-02;1.446251e-01;6.903732e-02;3.849202e-02;2.105997e-02
6.989178e-02;3.249201e-02;2.293038e-01;1.225004e-01;5.209857e-02;6.889589e-02;7.672111e-02;5.874888e-02;1.145111e-01;1.095776e-01;3.164229e-02;3.361661e-02
6.963490e-02;5.087237e-02;1.867084e-01;1.086173e-01;8.593923e-02;5.227784e-02;4.954521e-02;4.525262e-02;7.759093e-02;1.710722e-01;5.025702e-02;5.223204e-02
4.859192e-02;6.328018e-02;7.229772e-02;9.535214e-02;1.059553e-01;2.896295e-02;7.410944e-02;5.362675e-02;8.592828e-02;2.125853e-01;7.990902e-02;7.940103e-02
6.741218e-02;4.355906e-02;9.621545e-02;7.310846e-02;9.051044e-02;4.640404e-02;9.549597e-02;4.336277e-02;1.036085e-01;1.834200e-01;8.938066e-02;6.752252e-02
8.972631e-02;4.746003e-02;1.603734e-01;5.887423e-02;7.976709e-02;4.843543e-02;9.270093e-02;3.746156e-02;8.885606e-02;1.656330e-01;8.794109e-02;4.277087e-02
1.437464e-01;3.263395e-02;1.298918e-01;8.550294e-02;5.414391e-02;4.908016e-02;6.249906e-02;4.090289e-02;8.117537e-02;1.874531e-01;1.057257e-01;2.724474e-02
1.819008e-01;3.784452e-02;9.749407e-02;8.240543e-02;5.539538e-02;5.540245e-02;3.146246e-02;2.842061e-02;1.303630e-01;1.574368e-01;9.739975e-02;4.447475e-02
1.273654e-01;3.877189e-02;1.419722e-01;7.421032e-02;6.460311e-02;4.179086e-02;6.097817e-02;3.527702e-02;1.543160e-01;1.331544e-01;8.444254e-02;4.311807e-02
6.434568e-02;3.815998e-02;1.191896e-01;8.024385e-02;8.870711e-02;5.663738e-02;9.508988e-02;6.146033e-02;1.650446e-01;1.477107e-01;4.823497e-02;3.517594e-02
3.980534e-02;5.857751e-02;8.759525e-02;4.629001e-02;9.309614e-02;7.803970e-02;1.535519e-01;7.960901e-02;1.328099e-01;1.551353e-01;3.448799e-02;4.100191e-02
6.349377e-02;6.434212e-02;1.069679e-01;3.422812e-02;8.812651e-02;6.368215e-02;1.537242e-01;1.051449e-01;9.071482e-02;1.518144e-01;3.265697e-02;4.510408e-02
6.530074e-02;5.353488e-02;9.881479e-02;6.294544e-02;8.246177e-02;5.036546e-02;1.024678e-01;9.686198e-02;1.579174e-01;1.827295e-01;1.993217e-02;2.666801e-02
4.595087e-02;6.443011e-02;1.104696e-01;6.885435e-02;6.226506e-02;3.286222e-02;7.516459e-02;1.116292e-01;2.197915e-01;1.654884e-01;2.332641e-02;1.976767e-02
4.712992e-02;9.139556e-02;1.482604e-01;4.357164e-02;5.267813e-02;4.444872e-02;1.097354e-01;1.275695e-01;1.704007e-01;1.190561e-01;2.312392e-02;2.263001e-02
7.016689e-02;7.193023e-02;1.422158e-01;4.072798e-02;8.992184e-02;6.803726e-02;1.116512e-01;1.039090e-01;1.396080e-01;1.205138e-01;1.728664e-02;2.403139e-02
6.288321e-02;1.032402e-01;1.882434e-01;5.230574e-02;8.723743e-02;1.004951e-01;6.056282e-02;8.340480e-02;1.297765e-01;8.785619e-02;1.861741e-02;2.537718e-02
6.109348e-02;1.080371e-01;2.080775e-01;4.166793e-02;6.944123e-02;1.120234e-01;5.628763e-02;1.046280e-01;1.137579e-01;7.859968e-02;2.264248e-02;2.374382e-02
6.017404e-02;9.937196e-02;1.846052e-01;2.674711e-02;4.439009e-02;1.151748e-01;6.941885e-02;9.993535e-02;1.391490e-01;1.122041e-01;2.540275e-02;2.342678e-02
6.241618e-02;1.268359e-01;1.274850e-01;4.278515e-02;2.849848e-02;8.425347e-02;9.466787e-02;1.362564e-01;1.199692e-01;1.361677e-01;2.380857e-02;1.685604e-02
4.353728e-02;1.281756e-01;1.381489e-01;7.935804e-02;5.389727e-02;7.640866e-02;1.317046e-01;1.175166e-01;5.991306e-02;1.147239e-01;2.459226e-02;3.202369e-02
4.034722e-02;9.398588e-02;1.266831e-01;7.550547e-02;7.970265e-02;7.900763e-02;1.307355e-01;7.489449e-02;8.871449e-02;1.581397e-01;1.776927e-02;3.451455e-02
5.149532e-02;1.107481e-01;8.797977e-02;5.405224e-02;7.708852e-02;7.507645e-02;8.192912e-02;1.087409e-01;1.439978e-01;1.592646e-01;1.976728e-02;2.986002e-02
1.055567e-01;9.879585e-02;1.071489e-01;3.968071e-02;6.316431e-02;7.090481e-02;6.506316e-02;1.232846e-01;1.422423e-01;1.079102e-01;3.667681e-02;3.957148e-02
1.193136e-01;9.508513e-02;1.970454e-01;4.196082e-02;4.819151e-02;5.387069e-02;1.072319e-01;7.224935e-02;8.683506e-02;7.365317e-02;4.343374e-02;6.112969e-02
9.867714e-02;7.379260e-02;2.041327e-01;3.682575e-02;4.023952e-02;4.680052e-02;1.260091e-01;4.302550e-02;5.737869e-02;1.054290e-01;7.575059e-02;9.193896e-02
