4.117053e-02;9.382469e-02;9.040384e-02;9.349361e-02;7.415024e-02;8.817692e-02;1.176495e-01;9.580029e-02;7.787833e-02;7.924964e-02;6.136191e-02;8.684050e-02
3.546817e-02;5.431346e-02;1.140654e-01;8.028360e-02;9.318761e-02;1.461302e-01;1.268590e-01;5.324079e-02;6.915195e-02;6.071354e-02;1.034205e-01;6.316575e-02
8.264418e-02;6.049142e-02;8.565031e-02;6.577803e-02;8.340745e-02;1.275044e-01;1.396581e-01;4.972466e-02;7.513033e-02;7.070757e-02;1.225862e-01;3.671737e-02
9.796792e-02;6.452771e-02;6.956179e-02;5.247125e-02;8.366179e-02;9.051493e-02;1.484119e-01;9.844485e-02;6.631473e-02;5.686808e-02;1.114079e-01;5.984712e-02
7.410908e-02;6.236378e-02;8.254324e-02;6.128367e-02;5.432307e-02;7.595025e-02;1.548444e-01;1.193908e-01;7.688586e-02;6.321330e-02;9.607680e-02;7.901572e-02
4.893205e-02;6.391483e-02;9.034637e-02;4.094135e-02;4.951350e-02;7.107484e-02;1.280013e-01;1.272207e-01;1.423444e-01;9.318157e-02;7.777936e-02;6.674963e-02
5.606182e-02;7.323790e-02;8.552033e-02;3.892014e-02;6.205959e-02;7.186563e-02;1.050650e-01;1.008457e-01;1.691630e-01;1.146655e-01;7.006901e-02;5.252641e-02
7.938482e-02;1.005123e-01;5.847225e-02;5.106800e-02;7.632218e-02;6.916484e-02;1.074007e-01;7.110625e-02;1.171063e-01;1.129250e-01;9.322022e-02;6.331715e-02
7.660785e-02;8.872293e-02;5.386169e-02;4.275764e-02;8.990368e-02;7.310007e-02;1.102795e-01;9.976756e-02;1.237155e-01;9.203722e-02;8.815714e-02;6.108928e-02
7.745749e-02;7.558299e-02;1.076192e-01;3.817229e-02;9.866731e-02;7.163230e-02;1.078352e-01;1.056459e-01;9.182579e-02;7.548616e-02;7.013191e-02;7.994355e-02
1.490213e-01;4.997517e-02;1.578632e-01;6.651479e-02;6.649902e-02;7.671585e-02;9.110694e-02;4.232021e-02;1.195988e-01;6.931391e-02;4.157304e-02;6.949770e-02
1.406960e-01;6.567462e-02;1.304607e-01;6.084250e-02;5.424987e-02;7.171890e-02;9.479879e-02;6.485681e-02;1.252316e-01;9.461847e-02;3.374629e-02;6.310537e-02
9.806599e-02;5.383940e-02;1.074891e-01;6.357092e-02;5.222525e-02;4.886944e-02;1.076413e-01;9.168942e-02;1.172345e-01;1.440710e-01;5.643201e-02;5.887175e-02
7.268327e-02;5.891206e-02;1.077989e-01;4.385684e-02;4.085666e-02;6.441744e-02;1.626896e-01;6.187829e-02;1.037420e-01;1.617763e-01;7.452812e-02;4.686063e-02
4.709865e-02;4.940141e-02;6.711861e-02;3.494360e-02;3.297791e-02;7.942458e-02;3.153603e-01;7.084236e-02;9.166157e-02;1.095264e-01;5.454500e-02;4.709957e-02
2.423295e-02;3.090991e-02;5.126682e-02;2.088355e-02;8.735026e-02;1.018475e-01;4.557849e-01;5.517601e-02;6.312194e-02;5.619090e-02;2.861555e-02;2.461968e-02
2.012603e-02;3.607579e-02;3.349280e-02;1.290453e-02;1.021215e-01;1.153994e-01;5.220370e-01;5.486614e-02;3.553293e-02;3.770753e-02;1.563265e-02;1.410372e-02
3.263065e-02;3.544026e-02;4.499518e-02;1.152867e-02;9.150218e-02;1.334278e-01;5.147634e-01;5.401822e-02;2.487629e-02;2.835874e-02;7.830208e-03;2.062847e-02
3.540956e-02;3.134365e-02;1.183432e-01;1.348015e-02;9.065308e-02;1.352337e-01;3.982382e-01;5.180513e-02;3.685149e-02;3.657551e-02;2.364723e-02;2.841914e-02
6.061672e-02;5.296570e-02;2.215631e-01;3.164988e-02;1.143752e-01;1.036665e-01;1.429786e-01;5.204243e-02;6.105230e-02;6.419068e-02;6.129982e-02;3.359920e-02
6.224953e-02;7.186385e-02;2.232480e-01;3.375942e-02;1.041636e-01;6.026445e-02;1.552333e-01;3.294405e-02;4.281152e-02;7.942386e-02;8.694094e-02;4.709740e-02
8.880121e-02;7.878421e-02;1.527439e-01;3.123737e-02;9.462956e-02;7.095721e-02;1.876869e-01;3.543192e-02;2.508963e-02;7.700645e-02;9.678477e-02;6.084686e-02
8.192263e-02;6.752805e-02;1.259158e-01;3.363979e-02;1.158608e-01;8.867558e-02;1.903010e-01;4.280814e-02;6.343231e-02;6.188592e-02;8.095337e-02;4.707661e-02
6.527966e-02;3.645940e-02;1.714968e-01;3.825740e-02;1.028496e-01;1.037058e-01;2.034081e-01;5.240491e-02;8.545418e-02;4.174679e-02;5.680430e-02;4.213307e-02
6.283463e-02;3.757151e-02;1.599788e-01;5.036860e-02;1.024648e-01;9.047242e-02;1.876631e-01;5.871860e-02;6.500226e-02;7.692319e-02;6.319277e-02;4.480925e-02
4.721233e-02;4.935248e-02;1.860242e-01;6.340956e-02;8.100098e-02;5.734793e-02;2.076649e-01;7.659322e-02;5.227524e-02;8.232824e-02;6.702389e-02;2.976699e-02
4.795551e-02;6.422397e-02;1.200126e-01;4.191972e-02;4.286676e-02;6.953060e-02;2.788049e-01;8.434757e-02;7.450676e-02;6.773053e-02;7.177766e-02;3.632345e-02
4.590948e-02;4.000451e-02;8.442566e-02;3.250137e-02;3.058694e-02;3.912703e-02;3.529629e-01;1.462789e-01;1.066043e-01;5.298378e-02;3.791600e-02;3.069907e-02
2.895456e-02;4.766804e-02;7.383619e-02;2.051190e-02;2.287991e-02;3.849339e-02;4.031874e-01;1.876432e-01;8.994158e-02;3.667721e-02;3.226121e-02;1.794548e-02
1.557634e-02;4.813331e-02;5.524362e-02;1.170816e-02;1.371896e-02;3.634113e-02;5.284502e-01;1.825070e-01;5.574105e-02;1.899105e-02;2.403839e-02;9.550822e-03
8.964329e-03;5.395338e-02;3.337894e-02;7.256560e-03;1.246949e-02;4.003025e-02;6.639543e-01;1.255942e-01;2.650275e-02;8.962221e-03;1.492699e-02;4.006620e-03
9.489852e-03;5.031694e-02;2.248807e-02;6.277156e-03;1.630502e-02;9.083275e-02;6.890089e-01;8.036952e-02;1.008665e-02;1.073058e-02;9.022326e-03;5.072225e-03
1.986200e-02;2.948086e-02;2.726755e-02;8.002453e-03;2.461260e-02;1.854752e-01;6.260453e-01;4.535738e-02;5.990594e-03;1.634570e-02;6.380996e-03;5.179390e-03
5.059270e-02;1.027182e-02;3.060297e-02;1.148203e-02;3.968341e-02;3.040592e-01;4.843793e-01;2.629984e-02;8.100198e-03;2.269447e-02;4.882824e-03;6.951179e-03
7.958096e-02;1.720979e-02;2.870983e-02;2.048771e-02;5.957780e-02;3.568500e-01;3.534025e-01;1.858213e-02;1.298784e-02;3.754212e-02;8.501166e-03;6.568153e-03
8.885683e-02;1.575986e-02;5.186388e-02;3.867383e-02;1.023024e-01;2.987182e-01;3.143186e-01;2.423104e-02;1.070500e-02;3.829852e-02;8.823249e-03;7.448543e-03
9.201509e-02;1.968810e-02;1.114324e-01;5.964117e-02;1.295797e-01;2.238731e-01;2.697202e-01;2.180753e-02;8.863980e-03;3.970997e-02;6.886439e-03;1.678224e-02
7.039450e-02;5.064678e-02;1.541124e-01;4.994432e-02;8.980501e-02;1.311753e-01;2.540433e-01;6.974762e-02;2.908407e-02;4.554775e-02;2.929572e-02;2.620322e-02
8.659635e-02;4.294539e-02;5.748620e-02;4.402069e-02;7.350960e-02;1.270692e-01;3.755657e-01;7.542574e-02;2.712012e-02;3.187018e-02;2.719701e-02;3.119383e-02
8.474919e-02;2.788084e-02;2.960513e-02;3.432140e-02;4.665325e-02;1.656592e-01;4.491035e-01;7.838096e-02;1.719571e-02;3.174955e-02;1.267096e-02;2.203024e-02
6.422170e-02;4.435636e-02;2.269009e-02;2.742592e-02;2.988216e-02;1.720734e-01;4.886728e-01;7.621688e-02;1.269138e-02;3.609544e-02;8.859352e-03;1.681450e-02
5.507235e-02;1.202006e-01;2.636523e-02;2.192620e-02;2.747827e-02;1.410280e-01;4.774311e-01;4.234603e-02;2.304143e-02;3.052519e-02;1.815116e-02;1.643444e-02
5.298439e-02;1.973928e-01;2.242526e-02;3.058982e-02;2.458928e-02;8.759554e-02;4.812048e-01;2.164677e-02;1.953956e-02;2.240386e-02;2.088003e-02;1.874787e-02
5.524980e-02;2.077554e-01;2.005077e-02;2.218716e-02;2.299207e-02;9.664105e-02;4.584190e-01;3.568037e-02;1.783015e-02;3.115754e-02;1.586765e-02;1.616906e-02
8.744731e-02;1.625343e-01;9.372774e-03;4.223076e-02;3.152320e-02;1.239023e-01;4.176145e-01;2.192854e-02;2.232976e-02;5.750861e-02;1.415732e-02;9.450695e-03
6.542148e-02;2.018610e-01;1.397057e-02;3.852293e-02;2.708613e-02;7.953485e-02;4.344798e-01;9.522812e-03;2.582522e-02;5.155691e-02;3.999467e-02;1.222367e-02
2.118622e-02;2.591679e-01;1.726815e-02;1.486764e-02;2.460127e-02;3.526263e-02;4.262783e-01;2.622913e-02;3.152839e-02;3.063658e-02;9.401774e-02;1.895601e-02
1.580675e-02;2.616940e-01;2.104702e-02;5.556827e-03;3.294722e-02;2.545668e-02;4.215139e-01;4.176931e-02;2.805796e-02;1.821276e-02;1.098223e-01;1.811511e-02
1.642198e-02;2.258308e-01;4.043853e-02;1.055306e-02;4.705888e-02;2.011178e-02;4.358559e-01;6.003508e-02;2.233196e-02;1.467634e-02;9.232573e-02;1.435989e-02
1.021365e-02;1.616175e-01;6.372503e-02;1.350670e-02;6.064596e-02;2.459720e-02;4.954594e-01;7.014001e-02;1.548955e-02;1.688797e-02;5.587132e-02;1.184569e-02
8.073155e-03;1.233996e-01;5.521617e-02;1.273996e-02;5.227128e-02;5.699598e-02;5.339056e-01;6.936909e-02;1.531276e-02;1.150782e-02;5.026576e-02;1.094284e-02
1.967471e-02;9.472185e-02;5.751408e-02;1.310205e-02;5.025860e-02;9.464170e-02;4.711525e-01;1.037416e-01;1.982407e-02;1.754508e-02;4.516276e-02;1.266096e-02
2.562266e-02;7.352069e-02;7.493059e-02;1.638965e-02;6.963023e-02;1.071035e-01;3.839499e-01;1.178944e-01;3.891517e-02;2.668682e-02;4.420087e-02;2.115547e-02
2.388373e-02;7.008158e-02;1.173047e-01;4.146782e-02;1.345313e-01;9.418988e-02;2.715467e-01;9.462734e-02;4.401255e-02;3.361857e-02;3.763579e-02;3.710007e-02
2.980057e-02;6.758329e-02;1.187056e-01;4.894238e-02;2.075850e-01;1.258047e-01;2.504756e-01;2.925995e-02;3.480015e-02;2.617838e-02;2.126260e-02;3.960179e-02
2.504013e-02;5.259270e-02;1.248540e-01;2.907364e-02;2.125198e-01;1.570424e-01;2.963088e-01;1.314388e-02;2.765023e-02;1.814046e-02;1.345474e-02;3.017920e-02
2.926112e-02;3.905683e-02;1.475556e-01;6.180632e-02;2.470151e-01;1.235393e-01;2.386958e-01;2.533908e-02;2.782298e-02;2.363094e-02;8.038628e-03;2.823830e-02
2.202247e-02;3.796479e-02;1.648634e-01;7.680586e-02;2.654811e-01;1.137053e-01;2.112478e-01;1.288866e-02;2.178626e-02;1.902487e-02;2.231796e-02;3.189161e-02
3.539456e-02;2.832970e-02;1.121865e-01;5.069913e-02;2.306693e-01;1.925336e-01;2.570975e-01;1.102283e-02;2.083142e-02;1.420708e-02;1.962978e-02;2.739871e-02
6.874022e-02;1.638823e-02;4.962886e-02;2.040412e-02;1.412956e-01;2.218694e-01;3.963599e-01;1.530622e-02;1.489021e-02;2.299468e-02;1.252640e-02;1.959613e-02
6.897949e-02;1.853536e-02;1.804295e-02;9.973508e-03;7.399327e-02;1.954158e-01;5.227125e-01;2.492688e-02;1.435256e-02;2.846359e-02;1.041116e-02;1.419297e-02
4.467590e-02;2.075241e-02;1.752265e-02;1.228731e-02;6.853449e-02;1.784808e-01;5.814911e-01;1.958017e-02;1.010870e-02;2.882848e-02;9.046051e-03;8.691886e-03
4.119951e-02;1.830997e-02;1.602840e-02;1.698983e-02;9.291951e-02;1.909371e-01;5.408144e-01;1.673488e-02;1.058902e-02;3.914527e-02;6.103662e-03;1.022851e-02
5.425247e-02;1.739766e-02;4.933312e-02;2.521473e-02;1.458218e-01;1.981293e-01;3.944351e-01;2.474586e-02;1.535495e-02;4.609131e-02;6.581896e-03;2.264187e-02
4.215983e-02;7.199374e-03;1.724997e-01;5.620959e-02;2.307303e-01;1.641134e-01;1.510461e-01;2.807559e-02;3.446642e-02;3.898839e-02;1.318854e-02;6.132279e-02
1.433533e-02;1.789374e-02;3.011875e-01;6.455161e-02;1.878837e-01;1.140594e-01;1.621256e-01;1.795244e-02;2.547528e-02;1.985913e-02;1.964457e-02;5.503166e-02
2.189584e-02;3.148348e-02;3.404192e-01;5.885878e-02;1.154724e-01;8.689797e-02;2.098607e-01;2.337119e-02;2.407914e-02;3.145828e-02;2.649326e-02;2.970979e-02
2.560109e-02;4.118960e-02;2.773862e-01;5.161621e-02;6.025769e-02;9.748167e-02;2.638915e-01;4.389488e-02;4.249062e-02;4.311536e-02;2.821694e-02;2.485824e-02
3.926103e-02;3.161566e-02;1.345956e-01;4.154879e-02;1.095211e-01;1.601269e-01;2.432508e-01;6.520367e-02;7.516875e-02;3.852632e-02;3.900481e-02;2.217664e-02
4.544916e-02;4.542866e-02;7.922015e-02;3.471020e-02;1.173519e-01;1.567003e-01;2.118276e-01;1.158734e-01;9.624752e-02;3.967816e-02;3.613258e-02;2.138043e-02
6.073149e-02;6.588525e-02;1.158526e-01;3.408019e-02;8.096089e-02;9.796446e-02;2.238934e-01;1.662104e-01;6.731005e-02;3.917164e-02;2.897260e-02;1.896707e-02
3.834944e-02;4.774370e-02;1.140877e-01;3.229751e-02;8.544058e-02;1.008744e-01;2.995964e-01;1.520276e-01;4.505535e-02;3.295472e-02;3.666642e-02;1.490612e-02
2.470117e-02;1.929874e-02;1.052460e-01;2.921669e-02;1.191839e-01;1.371443e-01;4.220790e-01;5.423622e-02;1.571953e-02;3.119273e-02;2.641965e-02;1.556213e-02
6.355873e-02;1.359335e-02;8.213657e-02;2.968964e-02;1.048288e-01;1.994898e-01;4.180744e-01;1.896404e-02;1.159767e-02;2.960723e-02;1.656340e-02;1.189634e-02
8.789329e-02;1.193937e-02;4.615153e-02;1.769906e-02;8.951468e-02;2.728665e-01;3.876462e-01;3.228236e-02;9.737239e-03;2.718221e-02;8.070185e-03;9.017318e-03
1.034072e-01;1.113689e-02;3.320472e-02;1.178929e-02;1.042492e-01;3.513107e-01;3.150704e-01;2.876796e-02;5.406376e-03;2.508384e-02;3.941705e-03;6.631727e-03
9.696604e-02;8.020490e-03;4.266529e-02;2.217599e-02;1.435812e-01;4.178364e-01;2.039882e-01;2.237510e-02;6.579445e-03;2.460338e-02;6.486643e-03;4.721788e-03
7.843868e-02;7.545071e-03;3.650268e-02;3.890597e-02;1.892515e-01;4.200206e-01;1.689336e-01;1.848932e-02;5.768104e-03;2.443535e-02;6.886801e-03;4.822262e-03
4.437686e-02;1.046074e-02;5.540328e-02;4.383123e-02;2.306376e-01;3.696955e-01;1.843830e-01;1.637992e-02;8.324429e-03;2.154365e-02;5.232219e-03;9.731525e-03
1.886766e-02;1.344540e-02;1.545028e-01;6.032991e-02;2.109928e-01;2.725800e-01;1.952504e-01;2.231429e-02;1.067244e-02;2.224622e-02;5.715413e-03;1.308263e-02
2.252440e-02;1.382826e-02;2.587317e-01;7.141954e-02;1.481661e-01;2.297795e-01;1.652493e-01;2.618430e-02;1.299012e-02;2.674938e-02;1.366980e-02;1.070758e-02
3.263863e-02;1.438736e-02;3.098459e-01;6.696428e-02;1.082519e-01;2.642643e-01;7.479459e-02;2.574917e-02;2.801298e-02;3.246298e-02;1.711190e-02;2.551605e-02
4.264406e-02;1.715965e-02;1.701756e-01;3.463580e-02;1.219121e-01;2.709309e-01;1.772676e-01;2.797365e-02;3.828867e-02;3.993902e-02;1.805755e-02;4.101541e-02
4.140648e-02;2.852115e-02;5.641113e-02;4.467289e-02;1.444976e-01;2.374632e-01;2.247384e-01;4.058290e-02;4.460028e-02;5.989843e-02;3.661313e-02;4.059442e-02
3.777236e-02;6.426166e-02;9.228982e-02;7.273214e-02;1.330354e-01;1.605837e-01;1.568904e-01;6.659725e-02;5.201079e-02;5.811415e-02;4.098637e-02;6.472598e-02
5.963700e-02;1.026208e-01;9.891499e-02;9.747748e-02;1.185507e-01;9.872773e-02;9.792532e-02;7.308052e-02;6.859498e-02;5.425293e-02;4.900256e-02;8.121505e-02
4.959551e-02;8.770732e-02;9.751578e-02;7.681682e-02;8.781502e-02;8.133692e-02;2.160989e-01;5.308801e-02;9.416378e-02;6.936364e-02;4.003640e-02;4.646185e-02
2.846764e-02;4.410180e-02;6.849138e-02;2.964290e-02;6.226376e-02;8.878575e-02;4.554074e-01;8.685353e-02;5.052297e-02;4.109885e-02;2.389266e-02;2.047140e-02
1.308442e-02;4.127667e-02;3.230511e-02;1.551248e-02;4.193493e-02;8.954906e-02;6.056849e-01;9.703273e-02;1.628334e-02;2.458917e-02;1.375202e-02;8.995171e-03
8.118147e-03;4.214956e-02;1.375600e-02;8.294932e-03;2.181701e-02;6.999099e-02;7.086460e-01;8.493534e-02;1.710672e-02;1.273502e-02;9.032475e-03;3.417795e-03
6.495997e-03;3.515491e-02;1.478971e-02;6.804510e-03;1.015860e-02;3.789897e-02;7.539307e-01;9.005764e-02;1.875400e-02;9.000491e-03;1.144477e-02;5.509646e-03
1.808368e-03;2.616821e-02;2.524283e-02;8.333882e-03;1.053863e-02;3.230479e-02;7.195500e-01;1.387454e-01;1.028102e-02;8.785998e-03;1.217749e-02;6.063355e-03
7.549170e-03;2.276797e-02;2.474751e-02;5.938145e-03;1.375612e-02;3.253121e-02;7.083130e-01;1.448009e-01;1.549994e-02;8.451211e-03;1.009917e-02;5.545614e-03
1.308374e-02;2.871982e-02;1.813449e-02;5.909610e-03;2.025086e-02;3.819277e-02;7.225550e-01;1.038652e-01;1.929006e-02;8.436082e-03;1.542737e-02;6.135005e-03
2.098779e-02;3.422502e-02;2.274425e-02;7.218785e-03;3.227550e-02;5.407322e-02;6.891928e-01;7.664730e-02;2.146149e-02;1.462957e-02;1.820554e-02;8.338653e-03
2.322075e-02;3.379172e-02;2.022069e-02;6.516977e-03;3.469242e-02;6.423560e-02;7.211879e-01;4.032736e-02;1.593457e-02;1.660587e-02;1.522496e-02;8.041165e-03
9.821828e-03;2.782902e-02;8.680282e-03;2.903746e-03;2.430407e-02;5.560033e-02;8.002618e-01;2.971274e-02;1.569851e-02;9.096008e-03;1.054329e-02;5.548334e-03
6.325673e-03;1.868404e-02;8.610259e-03;2.855332e-03;2.271853e-02;5.525382e-02;8.241768e-01;3.179909e-02;1.051571e-02;8.150174e-03;6.435662e-03;4.474875e-03
8.733090e-03;1.234956e-02;1.115124e-02;4.657050e-03;3.960653e-02;6.899179e-02;7.936936e-01;2.750569e-02;9.560791e-03;1.142921e-02;8.301849e-03;4.019667e-03
1.177587e-02;5.553348e-03;2.837385e-02;7.933969e-03;6.545083e-02;8.302982e-02;7.232205e-01;2.935120e-02;1.074221e-02;1.574188e-02;1.200696e-02;6.819556e-03
1.183390e-02;7.994774e-03;7.786334e-02;1.417270e-02;7.927696e-02;7.773475e-02;6.336398e-01;3.671347e-02;1.592360e-02;2.122514e-02;1.213376e-02;1.148778e-02
3.138855e-02;2.308556e-02;1.116541e-01;1.909408e-02;5.610785e-02;4.152816e-02;5.592497e-01;4.864587e-02;2.734255e-02;3.780003e-02;2.302565e-02;2.107790e-02
8.880181e-02;6.340598e-02;1.092823e-01;3.173701e-02;5.242160e-02;5.914108e-02;2.654510e-01;5.650230e-02;3.522188e-02;6.429002e-02;8.828171e-02;8.546326e-02
9.773932e-02;6.744573e-02;9.868553e-02;3.682150e-02;5.827134e-02;7.062431e-02;1.555759e-01;5.646763e-02;4.537044e-02;8.559073e-02;1.265408e-01;1.008667e-01
8.985452e-02;5.984278e-02;1.119283e-01;3.899776e-02;6.763972e-02;7.789248e-02;1.096679e-01;6.501046e-02;5.214838e-02;1.114329e-01;1.287991e-01;8.678563e-02
6.712021e-02;3.530715e-02;9.411479e-02;2.377586e-02;4.298061e-02;4.814001e-02;2.675227e-01;9.995427e-02;8.076815e-02;1.208491e-01;7.217175e-02;4.729547e-02
3.606903e-02;2.195469e-02;5.153943e-02;1.725216e-02;1.649936e-02;2.806996e-02;3.768179e-01;2.178105e-01;1.138738e-01;7.429659e-02;2.403308e-02;2.178341e-02
1.331110e-02;1.235357e-02;4.662745e-02;1.120348e-02;1.030476e-02;2.624256e-02;4.634428e-01;2.629392e-01;9.404907e-02;3.643291e-02;9.904549e-03;1.318866e-02
1.054323e-02;2.329761e-02;3.462917e-02;6.694066e-03;1.984394e-02;4.822462e-02;5.782450e-01;2.018825e-01;4.748028e-02;1.833981e-02;3.048370e-03;7.771372e-03
2.587917e-02;3.146098e-02;2.222634e-02;7.063875e-03;3.899911e-02;1.002333e-01;6.343647e-01;9.382028e-02;2.046298e-02;1.001403e-02;5.551050e-03;9.924194e-03
4.510344e-02;2.366180e-02;1.545846e-02;1.208572e-02;8.363819e-02;2.012700e-01;5.565280e-01;1.602662e-02;1.138193e-02;1.291573e-02;1.153737e-02;1.039262e-02
3.327924e-02;8.974822e-03;4.834508e-02;2.029518e-02;1.594912e-01;2.512021e-01;3.872335e-01;3.065877e-02;1.934766e-02;2.197370e-02;1.264595e-02;6.552803e-03
1.148960e-02;7.709845e-03;1.265389e-01;4.676701e-02;2.467323e-01;2.062906e-01;2.348335e-01;3.136190e-02;2.528299e-02;3.045994e-02;1.177196e-02;2.076150e-02
9.820588e-03;1.201724e-02;2.080808e-01;7.264915e-02;2.420963e-01;1.403784e-01;1.721054e-01;5.075183e-02;2.368191e-02;3.102790e-02;1.687964e-02;2.051083e-02
1.246540e-02;1.423047e-02;2.658519e-01;7.085799e-02;1.667023e-01;9.611967e-02;2.450406e-01;5.428474e-02;2.664873e-02;1.711328e-02;2.275435e-02;7.930631e-03
1.613026e-02;1.635763e-02;3.559235e-01;7.449042e-02;1.317633e-01;5.486329e-02;2.298364e-01;3.975594e-02;2.602984e-02;2.244887e-02;2.077619e-02;1.162428e-02
1.911658e-02;1.808368e-02;4.018369e-01;7.624704e-02;1.351369e-01;1.054630e-01;1.612675e-01;1.750090e-02;1.573213e-02;1.648371e-02;1.700079e-02;1.613079e-02
3.096793e-02;1.897294e-02;3.732278e-01;8.151922e-02;1.832661e-01;1.296859e-01;8.864670e-02;3.265110e-02;1.216498e-02;1.209637e-02;2.048245e-02;1.631861e-02
2.552645e-02;1.922953e-02;3.295577e-01;7.723337e-02;2.035639e-01;1.228760e-01;1.460600e-01;2.420265e-02;1.331722e-02;7.074242e-03;1.537911e-02;1.597986e-02
1.205283e-02;1.566620e-02;3.747562e-01;7.293744e-02;2.144985e-01;1.122141e-01;1.050881e-01;2.256407e-02;2.608053e-02;1.348587e-02;1.372531e-02;1.693081e-02
1.741332e-02;1.856363e-02;4.645846e-01;7.121108e-02;1.728619e-01;7.424726e-02;7.772347e-02;2.314350e-02;2.632704e-02;1.731385e-02;1.413947e-02;2.247084e-02
3.017438e-02;3.322182e-02;4.542363e-01;6.758316e-02;1.278166e-01;5.555824e-02;8.122176e-02;3.151357e-02;2.696519e-02;2.817064e-02;3.378841e-02;2.974991e-02
4.262845e-02;4.377437e-02;2.682047e-01;6.563598e-02;1.012360e-01;7.610165e-02;1.220892e-01;5.212514e-02;7.060009e-02;4.443249e-02;7.171337e-02;4.145863e-02
3.422613e-02;5.996446e-02;1.153933e-01;6.846062e-02;8.915736e-02;8.724680e-02;1.586875e-01;6.555498e-02;9.935763e-02;8.751068e-02;7.992853e-02;5.451206e-02
5.459626e-02;6.864759e-02;8.580060e-02;6.193053e-02;8.036391e-02;1.008391e-01;1.597464e-01;8.561478e-02;8.823297e-02;9.969154e-02;6.462996e-02;4.990632e-02
6.373394e-02;6.294677e-02;8.954338e-02;4.381761e-02;7.314704e-02;9.565789e-02;1.613890e-01;1.256473e-01;9.067950e-02;9.799226e-02;5.026129e-02;4.518397e-02
5.668892e-02;4.449335e-02;1.050947e-01;6.668560e-02;6.366058e-02;9.775165e-02;1.644635e-01;1.119271e-01;7.922064e-02;8.953290e-02;6.174453e-02;5.873645e-02
7.567246e-02;3.459062e-02;1.111936e-01;8.119145e-02;4.425605e-02;8.192313e-02;1.121401e-01;9.964821e-02;1.541434e-01;8.653361e-02;6.347537e-02;5.523201e-02
7.658032e-02;4.373452e-02;1.116326e-01;7.011339e-02;5.542199e-02;5.349998e-02;6.939168e-02;7.775830e-02;1.905961e-01;1.155383e-01;7.716233e-02;5.857041e-02
7.000148e-02;5.754888e-02;1.201616e-01;6.075978e-02;8.221633e-02;4.857177e-02;5.975152e-02;6.801403e-02;1.759267e-01;8.997859e-02;7.533582e-02;9.173349e-02
8.696287e-02;6.750994e-02;1.444222e-01;5.757012e-02;1.015715e-01;6.727850e-02;6.494656e-02;8.053077e-02;1.348112e-01;7.110969e-02;4.031705e-02;8.296961e-02
8.955928e-02;7.551024e-02;1.507107e-01;7.178863e-02;8.654793e-02;8.200751e-02;5.841397e-02;6.044513e-02;1.034165e-01;1.000422e-01;6.391141e-02;5.764645e-02
9.194738e-02;1.001811e-01;1.160804e-01;1.004350e-01;7.114082e-02;6.238617e-02;6.979325e-02;4.671335e-02;8.918118e-02;1.100401e-01;9.552391e-02;4.657729e-02
6.142749e-02;7.298838e-02;1.272858e-01;1.116027e-01;8.145989e-02;6.606281e-02;9.617344e-02;5.146882e-02;1.342004e-01;7.097884e-02;7.564680e-02;5.070459e-02
7.633573e-02;3.950832e-02;1.297785e-01;9.218211e-02;8.159198e-02;7.602071e-02;1.284187e-01;6.181606e-02;1.015902e-01;5.147601e-02;6.757089e-02;9.371074e-02
1.145645e-01;7.467671e-02;1.412488e-01;7.897386e-02;7.950307e-02;6.722047e-02;9.959945e-02;6.586619e-02;5.450296e-02;5.824003e-02;4.481930e-02;1.207846e-01
1.039128e-01;8.452672e-02;1.502964e-01;1.025895e-01;8.788032e-02;6.737647e-02;1.234323e-01;4.323523e-02;3.606661e-02;6.911638e-02;5.915587e-02;7.241142e-02
4.799690e-02;5.641041e-02;1.348575e-01;7.290710e-02;7.079485e-02;5.776396e-02;3.222011e-01;5.744803e-02;5.003254e-02;5.554696e-02;4.254514e-02;3.149552e-02
3.490006e-02;3.946757e-02;1.250124e-01;3.035166e-02;4.048523e-02;3.658657e-02;4.460583e-01;1.132511e-01;5.185622e-02;4.153024e-02;1.787724e-02;2.262344e-02
2.023457e-02;2.740566e-02;1.464965e-01;3.298314e-02;1.740673e-02;2.332702e-02;4.456965e-01;1.833902e-01;5.600109e-02;2.300356e-02;6.142664e-03;1.791242e-02
1.347956e-02;1.825917e-02;1.538768e-01;3.648940e-02;1.574504e-02;2.073120e-02;3.880002e-01;2.662745e-01;4.410874e-02;1.935749e-02;6.399732e-03;1.727816e-02
9.529106e-03;1.355306e-02;1.282802e-01;1.887745e-02;2.617330e-02;2.748368e-02;3.537303e-01;3.280465e-01;4.595564e-02;2.161848e-02;7.079064e-03;1.967331e-02
1.091937e-02;1.119913e-02;9.799920e-02;2.654000e-02;2.074657e-02;2.822920e-02;3.708696e-01;3.543524e-01;4.326802e-02;1.548532e-02;7.063972e-03;1.332717e-02
1.459687e-02;9.979821e-03;6.705415e-02;1.924671e-02;2.910623e-02;3.569658e-02;4.354302e-01;3.440668e-01;2.191101e-02;1.049681e-02;6.770329e-03;5.644496e-03
8.483309e-03;1.478407e-02;3.818221e-02;1.639465e-02;3.578812e-02;3.186065e-02;5.265191e-01;2.803658e-01;1.883361e-02;1.229654e-02;1.060992e-02;5.882089e-03
5.304155e-03;1.537969e-02;1.784716e-02;1.912891e-02;1.053109e-01;2.710439e-02;5.924478e-01;1.760937e-01;1.667539e-02;8.481417e-03;9.254665e-03;6.971783e-03
6.279655e-03;2.894478e-02;1.092059e-02;1.727657e-02;1.280493e-01;2.532313e-02;6.253484e-01;1.155766e-01;1.739521e-02;7.318939e-03;1.214244e-02;5.424267e-03
5.032037e-03;4.331079e-02;1.428316e-02;2.655361e-02;8.283767e-02;3.534829e-02;6.479899e-01;9.931783e-02;2.193367e-02;7.675027e-03;1.224435e-02;3.473697e-03
1.022928e-02;4.202668e-02;1.054189e-02;5.266443e-02;5.018239e-02;7.223833e-02;6.483539e-01;7.415145e-02;2.100420e-02;6.408128e-03;9.196340e-03;3.002965e-03
3.042665e-02;2.574498e-02;1.425377e-02;1.018784e-01;5.515844e-02;1.679699e-01;5.390490e-01;3.509174e-02;9.952050e-03;7.820494e-03;6.107848e-03;6.546600e-03
4.499540e-02;1.260759e-02;5.030246e-02;1.172181e-01;1.084669e-01;2.428721e-01;3.531852e-01;1.841427e-02;1.235768e-02;1.238638e-02;6.833912e-03;2.035993e-02
3.238470e-02;1.299086e-02;1.200425e-01;1.271076e-01;2.073278e-01;2.133586e-01;1.798025e-01;2.025506e-02;1.520905e-02;1.261158e-02;1.239915e-02;4.651066e-02
2.139498e-02;3.135406e-02;2.183426e-01;1.636743e-01;2.487496e-01;1.086936e-01;8.250718e-02;2.228928e-02;1.994622e-02;8.161378e-03;1.669622e-02;5.819062e-02
3.028082e-02;5.587699e-02;3.014763e-01;1.484240e-01;1.738447e-01;6.628770e-02;1.242113e-01;7.373476e-03;2.057915e-02;1.475664e-02;2.177660e-02;3.511238e-02
1.869988e-02;5.610705e-02;3.681310e-01;8.202598e-02;1.267636e-01;7.690971e-02;1.605588e-01;2.270217e-02;3.327310e-02;1.852728e-02;2.060375e-02;1.569766e-02
2.028885e-02;2.955135e-02;2.473180e-01;5.352025e-02;1.103858e-01;1.393481e-01;2.453773e-01;3.991093e-02;5.118814e-02;2.015252e-02;2.467811e-02;1.828072e-02
2.660565e-02;1.282928e-02;1.289106e-01;7.535741e-02;9.964757e-02;2.151161e-01;2.931382e-01;4.149441e-02;3.291380e-02;2.739914e-02;2.717535e-02;1.941243e-02
2.812535e-02;9.144364e-03;8.172209e-02;1.047718e-01;1.729038e-01;2.081518e-01;2.578239e-01;2.652366e-02;3.812939e-02;3.060486e-02;2.517706e-02;1.692197e-02
3.012303e-02;1.287288e-02;6.329986e-02;1.130117e-01;2.220531e-01;2.115442e-01;2.152968e-01;2.212870e-02;4.459212e-02;2.113257e-02;2.015661e-02;2.378828e-02
3.659016e-02;1.492884e-02;8.469786e-02;9.626460e-02;2.018022e-01;1.876882e-01;2.322994e-01;3.882397e-02;3.997770e-02;1.552736e-02;2.315278e-02;2.824697e-02
5.577909e-02;3.014367e-02;1.378896e-01;8.487966e-02;1.450503e-01;9.329608e-02;1.903020e-01;3.390878e-02;4.169625e-02;4.339275e-02;8.643728e-02;5.722449e-02
7.894104e-02;2.744309e-02;1.556505e-01;1.074039e-01;1.094593e-01;4.725304e-02;1.322206e-01;4.020383e-02;5.142465e-02;7.230833e-02;1.058133e-01;7.187849e-02
6.872188e-02;2.863719e-02;2.564884e-01;1.205620e-01;1.063250e-01;4.464221e-02;1.296052e-01;3.633530e-02;3.486427e-02;5.654537e-02;6.830990e-02;4.896330e-02
3.117808e-02;4.048773e-02;3.302106e-01;1.601344e-01;1.310908e-01;4.565164e-02;9.130817e-02;5.359273e-02;1.442954e-02;2.060344e-02;5.353832e-02;2.777449e-02
5.784388e-03;3.246720e-02;3.567185e-01;2.214656e-01;1.396941e-01;3.566246e-02;4.250224e-02;7.301182e-02;8.002055e-03;9.816314e-03;5.784494e-02;1.703034e-02
1.005326e-02;1.867418e-02;4.404398e-01;2.166286e-01;1.054105e-01;2.539726e-02;5.037139e-02;6.046176e-02;4.908084e-03;1.062646e-02;4.918347e-02;7.845210e-03
5.462337e-03;1.649479e-02;5.920388e-01;1.617451e-01;5.834833e-02;1.881212e-02;6.351011e-02;2.876106e-02;8.191407e-03;1.664104e-02;2.599731e-02;3.997616e-03
2.212740e-02;5.276830e-02;6.538386e-01;1.078435e-01;2.769061e-02;1.776842e-02;5.744786e-02;1.129547e-02;1.353642e-02;2.275604e-02;9.464948e-03;3.462445e-03
3.237509e-02;8.618093e-02;6.484057e-01;7.643688e-02;2.236450e-02;1.666988e-02;4.846400e-02;1.185726e-02;1.390944e-02;2.108005e-02;1.418271e-02;8.073562e-03
3.163782e-02;1.127726e-01;6.063315e-01;4.087324e-02;4.157020e-02;2.486314e-02;4.900959e-02;1.449032e-02;2.908147e-02;1.569362e-02;2.058169e-02;1.309485e-02
4.353426e-02;1.093856e-01;4.748921e-01;5.541302e-02;5.532094e-02;2.991791e-02;7.795545e-02;3.589122e-02;4.988974e-02;1.813054e-02;3.449157e-02;1.517767e-02
1.145098e-01;5.917894e-02;3.253036e-01;8.818772e-02;5.579440e-02;2.962696e-02;9.153233e-02;4.221089e-02;6.016193e-02;3.685903e-02;5.205182e-02;4.458255e-02
1.157350e-01;4.344156e-02;2.566529e-01;1.519145e-01;6.594148e-02;3.528068e-02;9.490769e-02;4.130258e-02;3.967970e-02;3.602405e-02;6.021156e-02;5.890832e-02
9.258961e-02;3.326663e-02;2.549151e-01;1.445988e-01;8.265171e-02;4.976540e-02;7.632472e-02;6.821568e-02;3.649919e-02;5.592443e-02;5.216895e-02;5.307982e-02
9.730546e-02;5.356043e-02;2.058358e-01;1.210169e-01;7.854509e-02;3.864225e-02;5.776313e-02;1.128738e-01;6.314283e-02;7.998054e-02;5.749236e-02;3.384148e-02
1.131518e-01;7.584304e-02;2.332149e-01;8.609550e-02;6.320658e-02;4.263065e-02;9.544175e-02;1.024495e-01;4.112646e-02;6.573487e-02;4.928098e-02;3.182388e-02
8.635496e-02;5.191025e-02;2.292324e-01;5.981928e-02;5.227345e-02;6.811225e-02;1.761659e-01;6.202497e-02;5.968697e-02;6.230773e-02;5.770204e-02;3.440981e-02
5.378480e-02;4.616485e-02;1.954681e-01;6.060551e-02;6.618378e-02;7.489750e-02;2.476491e-01;6.512938e-02;5.131185e-02;5.531690e-02;5.266995e-02;3.081826e-02
4.839486e-02;5.575085e-02;1.992593e-01;4.755135e-02;7.293736e-02;6.411643e-02;2.335857e-01;6.799325e-02;6.483678e-02;5.009969e-02;5.253186e-02;4.294268e-02
4.212455e-02;5.086180e-02;2.089301e-01;4.968549e-02;6.542977e-02;4.651577e-02;1.862995e-01;6.301367e-02;9.438487e-02;7.311200e-02;6.152990e-02;5.811254e-02
3.877909e-02;4.310196e-02;1.690124e-01;2.485308e-02;4.665945e-02;4.092762e-02;1.497485e-01;1.168034e-01;1.368342e-01;1.288896e-01;5.803296e-02;4.635771e-02
3.248238e-02;3.476746e-02;1.317391e-01;3.955857e-02;4.034369e-02;3.493110e-02;1.030511e-01;1.139420e-01;2.100243e-01;1.586429e-01;7.482124e-02;2.569618e-02
3.202820e-02;4.209180e-02;8.010505e-02;5.522327e-02;4.143631e-02;4.171734e-02;1.086078e-01;9.091258e-02;2.248801e-01;1.527869e-01;1.065722e-01;2.363844e-02
3.106125e-02;4.733661e-02;3.734714e-02;5.100758e-02;4.911106e-02;6.209660e-02;1.439734e-01;9.675180e-02;1.983951e-01;1.369485e-01;1.157508e-01;3.022027e-02
4.568018e-02;4.917448e-02;1.047227e-01;2.856026e-02;7.251074e-02;6.713079e-02;1.353192e-01;8.620619e-02;1.412865e-01;1.283724e-01;8.827954e-02;5.275704e-02
6.257885e-02;5.369379e-02;1.943475e-01;6.486756e-02;8.337838e-02;4.167340e-02;1.498310e-01;7.052756e-02;6.581955e-02;1.144425e-01;5.045356e-02;4.838642e-02
8.715709e-02;5.004065e-02;2.226150e-01;6.289908e-02;8.224389e-02;3.147128e-02;1.374870e-01;5.844003e-02;9.079245e-02;1.001887e-01;3.290168e-02;4.376306e-02
8.113032e-02;5.392154e-02;1.614370e-01;5.656986e-02;8.657666e-02;4.356723e-02;1.048500e-01;7.926743e-02;1.073116e-01;1.142084e-01;3.466661e-02;7.649326e-02
7.725633e-02;5.818464e-02;1.050982e-01;3.998196e-02;6.934993e-02;4.282321e-02;1.195645e-01;1.011755e-01;9.573335e-02;9.757055e-02;8.147644e-02;1.117854e-01
8.003853e-02;5.124443e-02;9.063888e-02;4.118224e-02;4.304366e-02;3.440932e-02;1.046743e-01;1.009523e-01;1.219925e-01;8.760898e-02;1.281429e-01;1.160718e-01
9.793235e-02;3.894284e-02;1.231717e-01;4.086629e-02;3.908879e-02;4.525228e-02;8.817956e-02;8.294044e-02;1.299950e-01;6.255524e-02;1.312763e-01;1.197992e-01
