1.548075e-01;9.378297e-02;5.042573e-02;1.584402e-02;3.901183e-02;3.076663e-02;1.324913e-01;1.361564e-01;9.081905e-02;4.859343e-02;1.199847e-01;8.731644e-02
8.749598e-02;7.642619e-02;5.520124e-02;4.387740e-02;5.074195e-02;6.034421e-02;1.285049e-01;1.769985e-01;8.872223e-02;4.105263e-02;1.155279e-01;7.510688e-02
5.082048e-02;4.980346e-02;7.905748e-02;4.139621e-02;7.503483e-02;6.831475e-02;1.434833e-01;2.029297e-01;6.917369e-02;3.715080e-02;9.861065e-02;8.422475e-02
5.606269e-02;6.224020e-02;8.976639e-02;4.808419e-02;6.269561e-02;5.284996e-02;1.884849e-01;2.048524e-01;4.928525e-02;2.774106e-02;6.961071e-02;8.832657e-02
1.004834e-01;7.886055e-02;9.412383e-02;6.208883e-02;3.989769e-02;5.594473e-02;2.437343e-01;1.535015e-01;3.376350e-02;3.289668e-02;2.891900e-02;7.578599e-02
1.126523e-01;7.390825e-02;9.631380e-02;5.384919e-02;3.418452e-02;9.190053e-02;2.503469e-01;9.604454e-02;4.564236e-02;4.801113e-02;7.007165e-02;2.707481e-02
9.412609e-02;6.876443e-02;9.563436e-02;4.741654e-02;4.429129e-02;1.135664e-01;1.658719e-01;7.325695e-02;1.136561e-01;5.111700e-02;9.761700e-02;3.468189e-02
6.457210e-02;7.412473e-02;6.945001e-02;4.687945e-02;6.177288e-02;8.395233e-02;1.406992e-01;1.267655e-01;1.532551e-01;5.871278e-02;9.227120e-02;2.754471e-02
6.538036e-02;9.309392e-02;5.677241e-02;8.533079e-02;4.977956e-02;6.365430e-02;1.363771e-01;1.538412e-01;1.307982e-01;8.467683e-02;5.630874e-02;2.398660e-02
1.185565e-01;9.213279e-02;4.004872e-02;8.635664e-02;3.160000e-02;5.082257e-02;1.290329e-01;1.503859e-01;1.127025e-01;8.833091e-02;7.239227e-02;2.763826e-02
1.522302e-01;7.506842e-02;2.894449e-02;9.180294e-02;3.747350e-02;3.788503e-02;1.214980e-01;1.168852e-01;1.340036e-01;6.967884e-02;1.016346e-01;3.289522e-02
1.576145e-01;4.541934e-02;5.944699e-02;1.097948e-01;4.901671e-02;4.957682e-02;1.082757e-01;1.232525e-01;1.090926e-01;5.848961e-02;9.721042e-02;3.280995e-02
1.362200e-01;7.947110e-02;1.170679e-01;4.975059e-02;6.711839e-02;5.821310e-02;1.102041e-01;1.279898e-01;8.415983e-02;6.136214e-02;8.432239e-02;2.412054e-02
1.041395e-01;6.376842e-02;9.191773e-02;1.268428e-01;8.450486e-02;6.580633e-02;1.086250e-01;1.210041e-01;5.070592e-02;5.950901e-02;8.951075e-02;3.366568e-02
9.793534e-02;8.134450e-02;5.440493e-02;1.430923e-01;6.878179e-02;6.636154e-02;1.019340e-01;9.680207e-02;6.047159e-02;8.923993e-02;1.031264e-01;3.650555e-02
1.153696e-01;1.140125e-01;3.968495e-02;7.313121e-02;4.504503e-02;6.069120e-02;1.009465e-01;9.228355e-02;1.043838e-01;1.114867e-01;9.514475e-02;4.782028e-02
9.840278e-02;8.810268e-02;5.759672e-02;8.550721e-02;3.434877e-02;8.942309e-02;1.020502e-01;1.214084e-01;1.240447e-01;9.402108e-02;6.333385e-02;4.176051e-02
1.320889e-01;1.368989e-01;4.363401e-02;4.946218e-02;2.926200e-02;4.921297e-02;9.658171e-02;1.420112e-01;7.201648e-02;5.699714e-02;1.562859e-01;3.554860e-02
1.814931e-01;1.082882e-01;1.672917e-02;1.380756e-02;1.333981e-02;2.805050e-02;9.966288e-02;9.540351e-02;2.225148e-02;3.311013e-02;3.325562e-01;5.530750e-02
1.496395e-01;6.232467e-02;1.350920e-02;8.068448e-03;6.817767e-03;2.583482e-02;7.241414e-02;5.680205e-02;1.164900e-02;2.753086e-02;4.906822e-01;7.472724e-02
1.229743e-01;2.244635e-02;3.001656e-02;5.351998e-03;4.409247e-03;2.568225e-02;3.658668e-02;2.141818e-02;9.338808e-03;2.022952e-02;6.268452e-01;7.470089e-02
1.588122e-01;1.843487e-02;6.374862e-02;1.545255e-02;2.646811e-03;2.921884e-02;3.195010e-02;6.338681e-03;8.324338e-03;1.482354e-02;6.184559e-01;3.179349e-02
1.146758e-01;2.258585e-02;9.935550e-02;6.282561e-02;6.831413e-03;3.809308e-02;3.946438e-02;7.498933e-03;7.364966e-03;1.665321e-02;5.725276e-01;1.212352e-02
6.542368e-02;2.056668e-02;1.102412e-01;1.149288e-01;2.511401e-02;4.331436e-02;4.339746e-02;7.451874e-03;7.126639e-03;1.954382e-02;5.307620e-01;1.212954e-02
1.349007e-01;4.066181e-02;7.499628e-02;8.843475e-02;4.163620e-02;4.900460e-02;6.126729e-02;1.999520e-02;1.059706e-02;1.924885e-02;4.357013e-01;2.355596e-02
1.469461e-01;6.915618e-02;3.032558e-02;3.380165e-02;3.593048e-02;6.622009e-02;1.095686e-01;4.438777e-02;1.617739e-02;2.005742e-02;4.036914e-01;2.373731e-02
1.903617e-01;5.945237e-02;1.602458e-02;8.015667e-03;2.448192e-02;3.981718e-02;9.706524e-02;4.725731e-02;1.765616e-02;2.519806e-02;4.478069e-01;2.686284e-02
2.428617e-01;7.914619e-02;1.536977e-02;9.232735e-03;1.807430e-02;1.764918e-02;7.552185e-02;4.854357e-02;1.876116e-02;3.481875e-02;4.123436e-01;2.767714e-02
2.452774e-01;1.020915e-01;1.751476e-02;1.455361e-02;1.319108e-02;1.763059e-02;7.764407e-02;5.177169e-02;2.269408e-02;4.855070e-02;3.675536e-01;2.152694e-02
1.941272e-01;1.336720e-01;3.308004e-02;3.884680e-02;2.211780e-02;2.624385e-02;8.344673e-02;8.428425e-02;3.653701e-02;6.506192e-02;2.545410e-01;2.804142e-02
2.523367e-01;7.570988e-02;3.111083e-02;5.414356e-02;2.956826e-02;2.389547e-02;8.825665e-02;6.641816e-02;6.163309e-02;6.859282e-02;2.156287e-01;3.270594e-02
2.227913e-01;7.125268e-02;3.000752e-02;3.130278e-02;2.000579e-02;2.907598e-02;7.425895e-02;7.771557e-02;6.915370e-02;5.620096e-02;2.869121e-01;3.132278e-02
1.662959e-01;9.417316e-02;3.952003e-02;2.992608e-02;1.928142e-02;4.389515e-02;8.906658e-02;1.470026e-01;6.015574e-02;5.982689e-02;2.114863e-01;3.937009e-02
7.867330e-02;9.619887e-02;4.529938e-02;5.114893e-02;2.320630e-02;6.222560e-02;9.799355e-02;2.013877e-01;9.387131e-02;1.056293e-01;1.179758e-01;2.638995e-02
6.705149e-02;7.775673e-02;6.990278e-02;7.877195e-02;2.209269e-02;4.173490e-02;5.564264e-02;2.362408e-01;1.593039e-01;9.457354e-02;7.387695e-02;2.305163e-02
8.623774e-02;4.536458e-02;6.098602e-02;6.198212e-02;2.225693e-02;2.698632e-02;4.887052e-02;2.351258e-01;1.398571e-01;1.294827e-01;1.205812e-01;2.226903e-02
9.185471e-02;6.924810e-02;5.827747e-02;6.062597e-02;1.890414e-02;3.490492e-02;4.299950e-02;1.763075e-01;1.499489e-01;1.444494e-01;1.241226e-01;2.835685e-02
9.467432e-02;9.381843e-02;6.211052e-02;7.363985e-02;1.866984e-02;3.471512e-02;3.757682e-02;2.084632e-01;1.468536e-01;1.308419e-01;7.280765e-02;2.582876e-02
8.345784e-02;9.888510e-02;3.680708e-02;8.491543e-02;2.514509e-02;2.598715e-02;7.883616e-02;2.769119e-01;8.800901e-02;1.079186e-01;6.212657e-02;3.100007e-02
1.353648e-01;7.599749e-02;4.349318e-02;5.342516e-02;3.016242e-02;3.269048e-02;1.037150e-01;2.484297e-01;9.372190e-02;6.540521e-02;7.777598e-02;3.981870e-02
1.428109e-01;7.599940e-02;4.318897e-02;2.200489e-02;3.501163e-02;3.027225e-02;9.838558e-02;2.199503e-01;1.483413e-01;7.353524e-02;7.676899e-02;3.373061e-02
1.210943e-01;6.318877e-02;3.872570e-02;2.408126e-02;4.419875e-02;3.704309e-02;9.539314e-02;2.477362e-01;1.471561e-01;7.579704e-02;4.598765e-02;5.959808e-02
9.419295e-02;7.364200e-02;4.152284e-02;5.403787e-02;4.005231e-02;5.083962e-02;1.216886e-01;2.465385e-01;9.911404e-02;7.763078e-02;4.313361e-02;5.760691e-02
7.495581e-02;5.946477e-02;3.937211e-02;8.420973e-02;3.744668e-02;6.752371e-02;1.428478e-01;2.323751e-01;6.872503e-02;5.513366e-02;8.670934e-02;5.123629e-02
8.962151e-02;3.610024e-02;2.870894e-02;6.951483e-02;4.455388e-02;7.609169e-02;1.582534e-01;2.171075e-01;6.197855e-02;3.547097e-02;1.379307e-01;4.466780e-02
6.786959e-02;7.816161e-02;2.295937e-02;4.994124e-02;4.086016e-02;7.074298e-02;1.803929e-01;1.526690e-01;8.125163e-02;7.375701e-02;1.260276e-01;5.536684e-02
1.044819e-01;9.338114e-02;1.556261e-02;4.325771e-02;3.496904e-02;6.809194e-02;2.233500e-01;1.939689e-01;7.914476e-02;6.526881e-02;3.416203e-02;4.436132e-02
1.633062e-01;1.203112e-01;4.972256e-02;5.107297e-02;1.675625e-02;4.963143e-02;1.824399e-01;1.305194e-01;6.359195e-02;5.638421e-02;7.705572e-02;3.920820e-02
1.405750e-01;1.240278e-01;5.764830e-02;4.253422e-02;2.624709e-02;5.515865e-02;1.617998e-01;1.077451e-01;5.803803e-02;6.135581e-02;1.104959e-01;5.437423e-02
1.339169e-01;9.031866e-02;3.991436e-02;3.408445e-02;2.808238e-02;6.198021e-02;1.810527e-01;1.343268e-01;8.184934e-02;7.544090e-02;1.082127e-01;3.082053e-02
1.696154e-01;1.141805e-01;2.862425e-02;3.474206e-02;3.100703e-02;6.144844e-02;1.826328e-01;1.259781e-01;6.949984e-02;8.575677e-02;6.650629e-02;3.000855e-02
1.333521e-01;1.124148e-01;2.437495e-02;3.126672e-02;3.205422e-02;5.861302e-02;1.637233e-01;1.684738e-01;6.218591e-02;8.783716e-02;9.946056e-02;2.624342e-02
1.105606e-01;7.372717e-02;2.606968e-02;1.828126e-02;3.023431e-02;5.339114e-02;1.152072e-01;2.149752e-01;1.073671e-01;9.013269e-02;1.233134e-01;3.674021e-02
9.601180e-02;2.786741e-02;2.151702e-02;3.798064e-02;1.746606e-02;3.174429e-02;1.379547e-01;2.122632e-01;1.542054e-01;7.880510e-02;1.340280e-01;5.015620e-02
5.395414e-02;5.584337e-02;4.286871e-02;4.554069e-02;1.797326e-02;3.960777e-02;1.137895e-01;2.502144e-01;1.379606e-01;4.590050e-02;1.653470e-01;3.099997e-02
4.082289e-02;7.100554e-02;5.173263e-02;3.170580e-02;2.065494e-02;6.551635e-02;1.515444e-01;2.632369e-01;1.104344e-01;4.479578e-02;1.266827e-01;2.186771e-02
6.113058e-02;1.036355e-01;3.994496e-02;4.252249e-02;1.634868e-02;7.361443e-02;2.339048e-01;1.710911e-01;6.467047e-02;4.875179e-02;1.084092e-01;3.597597e-02
9.873627e-02;1.499884e-01;2.913347e-02;4.883502e-02;2.559662e-02;6.436189e-02;2.726811e-01;9.932473e-02;3.488249e-02;3.487059e-02;1.147254e-01;2.686409e-02
1.021825e-01;1.388924e-01;2.923566e-02;2.300623e-02;2.192564e-02;4.120580e-02;2.843660e-01;1.585511e-01;7.024065e-02;3.090790e-02;9.185329e-02;7.632758e-03
7.781204e-02;8.532616e-02;2.233241e-02;1.437618e-02;2.078811e-02;2.465551e-02;3.390818e-01;1.933247e-01;1.037634e-01;3.949359e-02;6.265900e-02;1.638718e-02
6.915695e-02;7.885431e-02;4.542660e-02;2.739065e-02;1.954800e-02;3.492926e-02;2.610275e-01;2.594525e-01;9.343571e-02;3.931134e-02;6.119642e-02;1.027081e-02
5.435621e-02;6.695978e-02;3.727921e-02;2.103739e-02;2.064191e-02;3.451331e-02;2.372442e-01;2.686282e-01;9.430101e-02;5.485012e-02;9.328812e-02;1.690054e-02
1.152361e-01;9.910473e-02;2.647722e-02;1.706047e-02;3.302431e-02;6.843200e-02;1.587077e-01;1.746527e-01;6.886785e-02;6.077028e-02;1.539335e-01;2.373311e-02
1.382737e-01;1.491139e-01;3.660831e-02;2.711721e-02;4.917137e-02;8.196035e-02;1.458548e-01;1.210747e-01;4.304127e-02;5.888083e-02;1.245736e-01;2.432987e-02
1.131815e-01;1.681957e-01;3.392539e-02;4.969922e-02;5.538091e-02;6.134423e-02;1.977214e-01;1.144606e-01;2.958468e-02;5.473706e-02;9.772138e-02;2.404796e-02
1.369666e-01;1.342118e-01;4.101961e-02;5.228144e-02;4.624147e-02;6.148178e-02;1.705462e-01;9.660877e-02;1.013183e-02;4.138458e-02;1.921572e-01;1.696878e-02
1.014234e-01;8.738784e-02;4.091270e-02;4.012710e-02;3.395925e-02;9.261362e-02;1.396627e-01;8.151572e-02;1.294766e-02;6.962825e-02;2.887453e-01;1.107648e-02
4.794343e-02;5.009519e-02;2.723321e-02;1.758605e-02;5.791828e-02;1.067771e-01;1.165024e-01;5.478159e-02;3.309390e-02;1.617547e-01;3.161841e-01;1.012994e-02
3.638604e-02;2.834058e-02;1.469599e-02;1.510923e-02;8.802118e-02;7.065277e-02;1.058009e-01;7.096647e-02;7.641099e-02;2.799850e-01;1.998334e-01;1.379755e-02
3.392732e-02;2.567253e-02;7.958894e-03;1.950229e-02;9.232878e-02;3.785461e-02;7.467030e-02;6.525986e-02;1.390452e-01;3.431237e-01;1.415912e-01;1.906536e-02
4.417505e-02;5.145326e-02;2.066511e-02;3.014375e-02;6.495548e-02;5.576574e-02;1.162389e-01;9.108177e-02;1.812187e-01;2.370986e-01;9.315383e-02;1.404983e-02
9.185657e-02;9.872664e-02;2.415697e-02;3.199964e-02;3.322715e-02;5.475182e-02;1.521097e-01;1.523824e-01;1.258832e-01;9.318025e-02;1.342731e-01;7.452459e-03
1.118030e-01;1.184829e-01;2.622044e-02;3.128408e-02;2.725676e-02;5.176245e-02;1.868109e-01;1.933981e-01;8.354805e-02;5.430784e-02;9.827849e-02;1.684695e-02
7.143360e-02;7.963960e-02;2.438844e-02;4.726128e-02;5.277744e-02;4.226392e-02;1.848858e-01;1.573147e-01;7.416631e-02;8.169891e-02;1.506319e-01;3.353814e-02
6.991225e-02;2.518015e-02;1.727557e-02;7.546838e-02;6.647041e-02;4.034075e-02;1.544812e-01;1.957044e-01;9.768064e-02;9.441770e-02;1.466852e-01;1.638344e-02
7.785327e-02;2.433393e-02;2.546418e-02;7.485349e-02;4.952762e-02;3.933789e-02;1.637729e-01;2.518247e-01;1.022684e-01;7.567717e-02;8.107384e-02;3.401262e-02
5.812968e-02;3.949559e-02;3.010149e-02;5.374157e-02;4.608368e-02;3.957449e-02;1.980534e-01;2.827772e-01;7.383084e-02;6.020740e-02;5.620680e-02;6.179786e-02
6.392088e-02;7.616247e-02;4.380730e-02;3.122501e-02;4.080235e-02;3.438144e-02;2.384925e-01;2.611502e-01;4.381591e-02;4.278002e-02;5.215520e-02;7.130668e-02
7.317846e-02;1.258879e-01;4.185935e-02;2.083715e-02;2.729843e-02;1.932817e-02;2.587406e-01;2.272257e-01;3.776686e-02;3.130849e-02;6.414330e-02;7.242567e-02
1.178013e-01;1.566154e-01;3.300543e-02;3.812699e-02;3.562613e-02;2.283344e-02;2.555006e-01;1.866244e-01;3.188921e-02;3.573399e-02;3.207123e-02;5.417182e-02
1.416090e-01;1.243844e-01;3.409898e-02;5.601510e-02;6.066494e-02;3.731991e-02;1.816084e-01;1.717213e-01;5.084157e-02;5.707137e-02;3.800618e-02;4.665889e-02
9.628744e-02;9.898525e-02;3.152996e-02;5.048194e-02;7.273453e-02;5.695912e-02;8.000357e-02;2.437267e-01;9.844647e-02;8.415809e-02;4.728469e-02;3.940223e-02
6.542617e-02;9.600139e-02;3.889202e-02;3.632798e-02;5.842814e-02;6.295417e-02;8.796950e-02;2.821996e-01;1.078339e-01;8.007282e-02;4.978779e-02;3.410656e-02
5.180807e-02;7.001280e-02;5.463804e-02;5.115378e-02;4.069729e-02;1.019761e-01;1.293677e-01;2.403187e-01;8.167525e-02;9.438060e-02;5.378398e-02;3.018763e-02
7.303251e-02;8.122250e-02;5.071093e-02;6.646369e-02;4.709960e-02;1.320664e-01;1.406592e-01;1.619174e-01;6.886448e-02;8.162291e-02;6.669300e-02;2.964740e-02
7.158399e-02;7.213636e-02;5.286387e-02;8.503675e-02;7.728750e-02;1.331555e-01;9.427258e-02;1.893819e-01;4.634790e-02;8.516362e-02;5.449713e-02;3.827290e-02
8.543682e-02;8.745415e-02;4.423337e-02;1.069516e-01;7.208481e-02;1.095922e-01;8.890284e-02;1.957752e-01;4.048625e-02;6.804645e-02;6.519026e-02;3.584604e-02
9.622616e-02;8.735559e-02;4.962152e-02;1.004233e-01;7.319964e-02;7.186443e-02;9.223776e-02;2.163231e-01;5.506180e-02;7.107094e-02;4.381957e-02;4.279621e-02
6.935657e-02;7.482585e-02;6.947231e-02;1.015854e-01;5.723265e-02;5.607899e-02;6.652853e-02;2.489457e-01;6.424275e-02;9.987852e-02;3.888649e-02;5.296632e-02
3.773738e-02;8.709623e-02;7.282079e-02;7.154594e-02;6.232203e-02;5.148914e-02;9.155544e-02;2.972482e-01;8.483734e-02;8.370332e-02;3.274041e-02;2.690372e-02
4.645347e-02;5.850542e-02;8.385308e-02;3.734000e-02;4.637839e-02;5.961464e-02;7.477655e-02;3.036607e-01;1.439561e-01;8.047950e-02;4.670243e-02;1.827970e-02
4.553825e-02;4.508849e-02;7.274471e-02;3.026036e-02;3.032055e-02;5.314244e-02;8.180004e-02;2.399717e-01;2.298381e-01;1.040651e-01;4.052114e-02;2.670919e-02
3.948003e-02;4.071374e-02;4.536461e-02;2.815070e-02;2.667005e-02;2.676410e-02;9.517408e-02;1.822755e-01;3.074286e-01;1.479747e-01;3.963185e-02;2.037212e-02
3.915553e-02;3.032023e-02;5.785402e-02;1.925197e-02;1.624030e-02;2.547897e-02;1.047689e-01;1.169872e-01;2.525288e-01;2.636704e-01;5.425413e-02;1.948953e-02
4.604362e-02;2.936822e-02;4.553561e-02;1.861876e-02;7.390046e-03;4.278119e-02;1.066087e-01;9.665932e-02;1.965037e-01;3.212481e-01;6.194362e-02;2.729912e-02
6.464145e-02;5.838478e-02;4.478218e-02;1.704126e-02;1.482009e-02;6.391324e-02;1.016381e-01;9.441371e-02;1.582596e-01;2.928173e-01;5.449378e-02;3.479456e-02
7.744360e-02;1.397255e-01;5.530690e-02;1.128983e-02;2.982887e-02;5.465977e-02;1.677330e-01;9.548930e-02;1.384879e-01;1.256311e-01;6.723596e-02;3.716828e-02
2.049417e-01;1.552373e-01;2.348330e-02;1.074422e-02;1.479040e-02;2.652933e-02;1.795682e-01;1.344569e-01;2.981304e-02;5.744712e-02;1.566162e-01;6.372204e-03
2.046503e-01;1.355366e-01;1.948262e-02;1.148649e-02;9.020958e-03;2.681898e-02;1.569830e-01;1.077969e-01;2.938727e-02;5.194027e-02;2.404253e-01;6.471382e-03
1.720310e-01;9.063247e-02;1.703706e-02;1.247664e-02;1.326292e-02;2.674187e-02;1.215602e-01;6.437600e-02;4.328636e-02;7.151223e-02;3.628438e-01;4.239425e-03
1.013586e-01;2.299786e-02;1.174461e-02;1.718224e-02;2.196120e-02;2.552794e-02;8.816817e-02;5.192089e-02;6.305175e-02;1.140607e-01;4.742183e-01;7.807700e-03
8.957569e-02;3.135850e-02;5.108643e-03;2.119967e-02;2.653499e-02;2.848028e-02;6.615838e-02;4.057976e-02;6.068186e-02;1.056851e-01;5.138708e-01;1.076625e-02
1.304573e-01;7.549383e-02;8.729774e-03;1.297086e-02;2.286947e-02;2.791896e-02;7.580636e-02;5.796226e-02;3.392847e-02;7.395270e-02;4.696275e-01;1.028243e-02
1.740736e-01;1.347470e-01;1.811689e-02;1.512170e-02;2.409728e-02;2.687874e-02;1.057917e-01;9.616446e-02;2.453384e-02;6.998251e-02;2.971305e-01;1.336184e-02
2.617199e-01;1.185938e-01;2.518270e-02;2.623960e-02;2.626244e-02;5.532798e-02;7.402592e-02;5.556462e-02;2.066734e-02;6.775602e-02;2.567617e-01;1.189789e-02
2.643690e-01;3.533084e-02;3.095829e-02;2.161321e-02;2.263656e-02;6.628981e-02;4.969477e-02;3.483667e-02;1.460338e-02;5.750109e-02;3.915747e-01;1.059173e-02
2.986478e-01;6.635208e-02;3.847465e-02;1.773465e-02;2.022145e-02;5.455673e-02;4.944884e-02;2.446506e-02;2.213872e-02;4.835936e-02;3.511450e-01;8.455689e-03
3.330932e-01;7.745896e-02;5.126775e-02;1.286451e-02;2.863770e-02;4.641015e-02;6.000746e-02;2.696434e-02;3.191651e-02;4.919859e-02;2.740742e-01;8.106593e-03
3.972075e-01;1.530734e-01;4.336029e-02;2.494146e-02;4.430784e-02;2.550752e-02;7.448527e-02;6.748124e-02;3.105453e-02;3.929186e-02;8.696341e-02;1.232563e-02
3.902602e-01;1.796290e-01;3.090991e-02;4.616611e-02;3.853413e-02;2.720057e-02;6.228774e-02;7.197547e-02;1.768477e-02;2.316543e-02;1.056475e-01;6.539225e-03
3.928977e-01;1.445212e-01;1.724059e-02;6.496376e-02;3.136532e-02;2.747058e-02;7.652491e-02;5.032802e-02;8.681041e-03;1.685804e-02;1.446636e-01;2.448518e-02
3.789652e-01;1.400645e-01;8.446848e-03;7.537103e-02;1.778430e-02;1.705971e-02;1.065173e-01;5.253109e-02;8.761553e-03;1.907099e-02;1.219258e-01;5.350168e-02
3.154838e-01;1.306433e-01;2.401797e-02;6.042038e-02;1.289396e-02;1.837266e-02;1.273884e-01;8.047003e-02;2.759402e-02;2.863040e-02;1.172650e-01;5.682013e-02
3.053966e-01;1.390690e-01;4.359463e-02;5.715841e-02;2.369853e-02;2.092606e-02;1.129647e-01;7.401822e-02;4.206179e-02;3.867125e-02;1.073055e-01;3.513532e-02
2.866550e-01;1.168543e-01;5.193033e-02;6.686504e-02;2.693602e-02;2.209361e-02;1.075807e-01;5.779733e-02;4.530949e-02;4.769772e-02;1.446188e-01;2.566171e-02
3.384034e-01;9.450402e-02;2.633014e-02;4.569878e-02;1.453158e-02;1.846007e-02;9.454980e-02;6.705586e-02;3.302433e-02;4.249746e-02;2.006661e-01;2.427846e-02
4.060329e-01;6.244725e-02;2.229829e-02;3.271125e-02;1.552955e-02;2.317518e-02;6.635302e-02;7.208605e-02;3.751424e-02;4.714659e-02;1.832590e-01;3.144670e-02
3.867391e-01;1.071658e-01;3.430422e-02;4.302761e-02;1.847039e-02;1.326139e-02;7.477953e-02;7.417217e-02;3.773747e-02;4.911200e-02;1.312677e-01;2.996268e-02
3.888780e-01;1.404031e-01;3.053490e-02;5.337860e-02;1.896320e-02;1.636289e-02;9.562504e-02;6.814547e-02;2.489696e-02;4.584233e-02;9.960148e-02;1.736812e-02
3.786998e-01;1.366995e-01;2.269629e-02;4.913585e-02;1.952838e-02;1.660006e-02;8.829980e-02;6.269561e-02;2.731359e-02;3.439074e-02;1.382900e-01;2.565033e-02
3.250184e-01;1.244339e-01;2.645324e-02;3.936852e-02;2.310329e-02;2.056002e-02;9.883495e-02;6.211941e-02;4.146388e-02;3.188575e-02;1.726235e-01;3.413526e-02
2.472772e-01;1.501542e-01;3.033572e-02;3.623953e-02;2.418534e-02;2.648091e-02;1.746898e-01;9.106498e-02;4.387126e-02;4.096210e-02;1.102461e-01;2.449293e-02
1.184674e-01;1.619190e-01;3.839125e-02;2.663347e-02;3.305794e-02;7.154813e-02;2.615404e-01;1.484028e-01;3.021593e-02;2.522957e-02;7.081882e-02;1.377519e-02
1.916579e-01;1.690173e-01;2.612363e-02;1.902463e-02;3.017238e-02;6.043714e-02;2.422406e-01;1.565133e-01;2.101274e-02;2.008437e-02;5.949508e-02;4.220860e-03
2.238985e-01;9.687518e-02;1.736721e-02;1.869754e-02;3.126831e-02;4.020390e-02;2.184292e-01;1.786331e-01;2.390492e-02;2.806851e-02;1.140607e-01;8.592965e-03
2.396695e-01;6.131653e-02;1.621585e-02;1.495846e-02;4.924822e-02;3.879479e-02;1.492465e-01;1.119507e-01;1.711307e-02;4.520214e-02;2.485456e-01;7.738626e-03
2.341650e-01;8.113967e-02;1.866556e-02;1.699352e-02;8.941209e-02;5.405215e-02;8.700549e-02;3.939595e-02;1.326847e-02;5.923865e-02;2.984481e-01;8.215364e-03
1.916114e-01;5.381356e-02;1.573512e-02;1.484130e-02;1.242597e-01;5.266609e-02;9.943902e-02;4.095084e-02;1.854361e-02;8.555920e-02;2.958107e-01;6.769406e-03
1.524807e-01;2.301308e-02;1.020402e-02;1.318340e-02;9.189280e-02;3.137660e-02;1.826142e-01;5.250664e-02;2.835929e-02;1.262021e-01;2.830713e-01;5.095880e-03
8.863350e-02;3.080777e-02;1.392609e-02;1.240180e-02;3.630010e-02;3.024560e-02;1.661732e-01;5.918919e-02;3.097424e-02;1.297157e-01;3.966816e-01;4.951190e-03
6.308561e-02;4.892970e-02;1.252632e-02;9.251788e-03;3.610760e-02;1.790740e-02;8.786325e-02;4.573674e-02;2.183019e-02;1.104444e-01;5.431631e-01;3.153911e-03
9.884356e-02;4.712459e-02;1.026398e-02;9.925535e-03;2.390644e-02;1.832936e-02;4.981881e-02;1.643757e-02;1.463296e-02;7.939126e-02;6.255081e-01;5.817779e-03
1.229725e-01;5.465196e-02;1.354147e-02;9.891917e-03;2.545401e-02;2.340993e-02;5.173988e-02;4.587032e-02;2.283675e-02;5.974312e-02;5.599130e-01;9.975112e-03
1.243309e-01;6.463709e-02;1.534458e-02;2.263058e-02;5.113461e-02;4.312124e-02;7.808527e-02;8.100820e-02;6.188677e-02;7.196615e-02;3.721513e-01;1.370341e-02
1.108285e-01;3.383778e-02;1.618875e-02;3.516493e-02;7.571381e-02;7.272954e-02;1.435022e-01;1.198852e-01;1.366200e-01;9.258083e-02;1.503360e-01;1.261250e-02
1.151164e-01;1.725373e-02;2.071938e-02;7.051487e-02;5.484293e-02;5.572194e-02;1.603460e-01;1.422247e-01;1.866544e-01;8.674876e-02;7.110056e-02;1.875632e-02
9.546448e-02;1.879823e-02;2.288609e-02;1.192417e-01;2.509924e-02;2.433182e-02;1.109906e-01;1.355416e-01;2.352369e-01;1.133695e-01;7.507148e-02;2.396834e-02
7.748557e-02;2.351186e-02;3.146204e-02;1.134875e-01;2.281045e-02;3.257792e-02;6.710717e-02;1.641461e-01;2.405013e-01;1.237938e-01;5.685917e-02;4.625700e-02
5.603886e-02;2.777090e-02;4.043537e-02;6.414041e-02;2.560828e-02;5.654943e-02;8.433057e-02;2.201253e-01;1.898353e-01;9.682089e-02;6.255168e-02;7.579300e-02
5.676242e-02;1.781853e-02;3.963624e-02;4.477525e-02;3.330700e-02;6.108449e-02;9.779610e-02;2.931361e-01;1.371769e-01;7.330313e-02;7.026337e-02;7.494043e-02
4.178974e-02;2.157038e-02;2.760767e-02;5.352882e-02;3.402483e-02;5.409751e-02;1.027506e-01;3.605033e-01;9.454888e-02;5.173779e-02;6.188357e-02;9.595697e-02
4.143174e-02;2.021227e-02;3.533679e-02;3.554080e-02;4.117258e-02;3.382684e-02;9.005768e-02;4.038884e-01;1.083130e-01;4.729591e-02;4.284648e-02;1.000775e-01
6.502191e-02;9.481373e-03;3.219882e-02;7.233305e-02;2.919448e-02;3.677788e-02;1.107344e-01;3.969961e-01;1.182651e-01;3.750809e-02;2.692541e-02;6.456341e-02
6.635853e-02;2.735978e-02;3.481885e-02;9.353779e-02;2.041704e-02;3.357489e-02;1.129681e-01;3.258995e-01;1.649013e-01;4.859687e-02;3.387532e-02;3.769211e-02
7.971704e-02;9.918492e-02;6.219426e-02;6.907990e-02;3.198215e-02;3.124424e-02;1.189085e-01;1.993745e-01;1.388852e-01;6.227902e-02;8.790751e-02;1.924270e-02
9.258582e-02;1.416633e-01;5.420751e-02;4.051912e-02;2.798664e-02;2.527452e-02;1.376091e-01;2.321623e-01;4.379481e-02;4.808703e-02;1.454570e-01;1.065289e-02
7.558560e-02;1.314980e-01;3.591457e-02;3.119244e-02;2.459433e-02;2.732295e-02;1.674581e-01;2.594469e-01;4.617302e-02;3.438806e-02;1.549072e-01;1.151896e-02
8.977395e-02;1.267072e-01;2.856282e-02;2.970264e-02;2.193009e-02;3.463904e-02;1.613867e-01;2.492528e-01;5.592585e-02;3.655377e-02;1.520134e-01;1.355176e-02
1.007957e-01;9.969093e-02;2.649626e-02;3.295913e-02;4.408115e-02;4.646792e-02;1.927906e-01;2.525101e-01;4.891903e-02;5.977976e-02;7.336546e-02;2.214390e-02
9.140421e-02;1.107403e-01;2.850695e-02;1.594114e-02;2.800896e-02;5.234093e-02;2.012120e-01;1.286026e-01;3.767679e-02;6.440780e-02;2.302795e-01;1.087887e-02
6.511676e-02;8.544589e-02;1.940474e-02;1.616845e-02;1.244455e-02;4.278240e-02;1.470146e-01;1.338026e-01;1.689778e-02;6.177505e-02;3.907026e-01;8.444505e-03
5.928522e-02;4.739105e-02;1.240859e-02;1.264576e-02;1.424934e-02;3.402697e-02;8.508307e-02;1.611113e-01;2.276588e-02;6.607412e-02;4.766328e-01;8.325960e-03
6.886765e-02;2.118944e-02;1.428697e-02;2.092600e-02;1.734278e-02;3.042025e-02;1.019022e-01;1.974749e-01;3.025945e-02;6.522804e-02;4.223426e-01;9.759654e-03
4.462567e-02;2.453692e-02;2.112458e-02;3.978977e-02;1.910520e-02;3.110414e-02;1.862324e-01;2.880634e-01;2.960806e-02;4.771707e-02;2.576231e-01;1.046971e-02
4.209579e-02;3.910406e-02;2.945196e-02;3.960703e-02;3.244239e-02;2.916495e-02;3.093103e-01;3.016430e-01;2.164152e-02;2.859152e-02;1.142023e-01;1.274504e-02
3.663904e-02;6.230360e-02;2.886242e-02;2.171374e-02;3.936847e-02;3.374205e-02;4.548509e-01;1.855144e-01;1.494895e-02;3.997847e-02;6.692084e-02;1.515712e-02
3.862100e-02;7.547775e-02;2.359170e-02;9.617399e-03;2.557939e-02;3.390661e-02;4.438823e-01;1.924597e-01;2.655805e-02;3.550728e-02;7.046743e-02;2.433142e-02
3.162331e-02;8.735238e-02;2.084773e-02;1.933025e-02;2.276888e-02;3.196638e-02;4.375096e-01;1.204687e-01;3.422258e-02;3.890035e-02;1.184712e-01;3.653866e-02
4.203879e-02;8.079494e-02;3.405430e-02;2.721575e-02;1.937629e-02;3.493392e-02;3.048527e-01;1.904229e-01;5.000651e-02;4.787851e-02;1.319788e-01;3.644658e-02
5.536633e-02;4.925863e-02;2.308530e-02;3.794965e-02;2.577819e-02;3.983513e-02;2.063466e-01;1.080116e-01;7.003038e-02;7.083222e-02;2.873062e-01;2.619971e-02
5.061180e-02;3.108415e-02;1.299302e-02;3.002355e-02;4.231706e-02;3.591884e-02;1.144404e-01;6.264587e-02;3.783428e-02;9.403959e-02;4.716064e-01;1.648501e-02
4.895866e-02;3.888665e-02;7.172375e-03;1.487795e-02;4.930416e-02;2.457959e-02;5.386721e-02;5.066670e-02;2.117515e-02;9.242085e-02;5.883029e-01;9.787830e-03
6.381899e-02;4.209118e-02;4.306832e-03;6.305616e-03;3.737426e-02;2.063430e-02;3.902568e-02;3.774578e-02;2.329367e-02;7.922901e-02;6.292151e-01;1.695950e-02
6.195912e-02;3.807580e-02;7.050315e-03;5.340036e-03;3.639780e-02;1.766367e-02;3.268070e-02;3.168058e-02;2.386826e-02;8.623147e-02;6.395308e-01;1.952142e-02
5.360431e-02;4.548911e-02;6.081175e-03;1.017706e-02;5.171119e-02;1.436133e-02;4.684938e-02;4.359334e-02;3.103395e-02;9.869960e-02;5.773409e-01;2.105862e-02
4.453327e-02;4.592657e-02;4.348498e-03;1.010672e-02;6.013200e-02;1.723454e-02;8.288538e-02;6.109399e-02;4.494444e-02;1.062614e-01;5.023448e-01;2.018842e-02
6.585842e-02;5.940732e-02;7.425818e-03;7.082146e-03;4.138164e-02;2.105288e-02;1.331568e-01;1.491005e-01;3.258592e-02;8.082780e-02;3.847875e-01;1.733324e-02
1.065804e-01;6.895040e-02;1.749958e-02;9.608598e-03;2.519645e-02;2.852515e-02;1.769404e-01;1.799514e-01;2.342282e-02;4.878383e-02;2.958236e-01;1.871731e-02
1.035737e-01;6.552019e-02;3.127906e-02;3.121122e-02;3.986966e-02;4.880098e-02;2.014873e-01;1.845452e-01;3.817031e-02;3.881448e-02;1.918444e-01;2.488353e-02
8.114438e-02;6.848191e-02;3.541742e-02;4.840280e-02;5.084736e-02;7.129285e-02;2.162660e-01;1.848566e-01;6.084064e-02;5.443260e-02;8.800666e-02;4.001084e-02
6.894039e-02;7.030340e-02;2.989982e-02;4.016757e-02;4.293335e-02;6.298917e-02;2.698298e-01;2.170000e-01;6.217290e-02;5.235386e-02;4.787711e-02;3.553262e-02
8.412071e-02;4.504694e-02;1.502453e-02;3.200509e-02;1.793656e-02;3.980383e-02;3.442977e-01;2.055145e-01;6.375447e-02;5.614845e-02;8.028097e-02;1.606620e-02
6.947105e-02;1.937061e-02;9.464784e-03;4.411191e-02;1.918624e-02;2.826326e-02;3.802347e-01;2.425343e-01;5.916161e-02;5.183054e-02;5.574355e-02;2.062744e-02
3.953025e-02;1.787598e-02;1.359243e-02;2.887071e-02;3.150426e-02;2.328263e-02;3.696434e-01;3.105870e-01;4.609854e-02;3.858672e-02;5.978751e-02;2.064060e-02
2.466192e-02;2.016186e-02;1.493215e-02;1.648716e-02;2.363423e-02;2.673038e-02;4.028458e-01;3.384337e-01;2.362636e-02;3.251125e-02;4.700788e-02;2.896740e-02
2.556487e-02;2.702723e-02;1.690582e-02;1.063106e-02;1.841167e-02;2.677033e-02;4.733593e-01;3.082511e-01;1.984468e-02;2.210669e-02;2.757848e-02;2.354871e-02
2.625288e-02;4.397934e-02;1.307628e-02;1.089411e-02;3.091491e-02;3.379234e-02;5.141721e-01;2.308563e-01;1.828162e-02;1.922991e-02;5.296703e-02;5.583176e-03
1.017583e-01;7.703810e-02;1.333682e-02;1.514434e-02;2.969145e-02;4.206283e-02;4.262012e-01;1.710974e-01;1.805229e-02;2.485926e-02;5.460365e-02;2.615444e-02
2.227376e-01;9.839605e-02;2.092296e-02;1.814118e-02;3.720932e-02;3.258314e-02;3.138006e-01;1.349821e-01;1.472163e-02;3.006933e-02;3.880141e-02;3.763472e-02
3.392367e-01;9.356486e-02;2.652405e-02;2.266579e-02;3.670670e-02;1.551861e-02;2.478744e-01;9.481699e-02;2.135752e-02;3.060680e-02;4.660200e-02;2.452557e-02
4.021525e-01;9.524377e-02;2.672112e-02;2.546786e-02;2.215166e-02;1.980214e-02;2.481803e-01;6.958188e-02;2.628090e-02;2.116581e-02;3.100411e-02;1.224793e-02
3.508504e-01;6.246880e-02;2.826384e-02;1.811698e-02;3.057845e-02;1.866549e-02;2.124005e-01;5.048013e-02;3.547166e-02;2.064817e-02;1.567522e-01;1.530347e-02
1.919578e-01;4.027753e-02;2.678068e-02;3.279750e-02;2.854745e-02;1.603867e-02;1.782828e-01;4.372253e-02;4.487495e-02;3.326330e-02;3.406688e-01;2.278793e-02
6.573861e-02;4.834583e-02;2.601846e-02;4.316598e-02;3.017814e-02;2.640031e-02;1.211599e-01;5.506277e-02;4.014964e-02;2.775767e-02;4.980771e-01;1.794559e-02
9.509622e-02;4.534772e-02;2.289302e-02;3.704370e-02;2.193243e-02;2.070384e-02;1.008498e-01;5.383500e-02;2.511713e-02;3.756795e-02;5.261011e-01;1.351201e-02
4.445243e-02;5.052719e-02;2.901441e-02;3.390706e-02;1.664429e-02;1.559973e-02;1.133518e-01;6.012547e-02;3.438284e-02;3.774597e-02;5.514579e-01;1.279097e-02
6.272437e-02;4.683408e-02;3.141567e-02;3.966807e-02;1.768634e-02;1.188304e-02;1.250854e-01;5.820617e-02;4.159418e-02;3.337754e-02;5.160595e-01;1.546567e-02
7.229519e-02;5.357259e-02;3.271027e-02;3.714454e-02;2.190286e-02;1.876795e-02;1.362414e-01;6.110248e-02;3.712374e-02;3.876203e-02;4.791293e-01;1.124759e-02
5.730156e-02;6.171528e-02;3.136623e-02;3.344604e-02;2.299047e-02;2.732926e-02;1.585384e-01;7.537410e-02;2.692006e-02;6.465349e-02;4.348161e-01;5.549005e-03
7.402954e-02;5.524470e-02;3.682747e-02;2.016226e-02;2.925971e-02;3.899286e-02;2.065164e-01;9.509825e-02;5.615301e-02;6.373461e-02;3.167011e-01;7.280097e-03
8.172958e-02;3.998042e-02;3.094968e-02;3.223008e-02;3.936509e-02;6.341838e-02;1.846585e-01;1.585068e-01;1.241713e-01;7.105795e-02;1.655820e-01;8.350153e-03
6.510895e-02;5.043544e-02;2.800998e-02;3.437568e-02;5.430751e-02;6.081806e-02;1.675909e-01;1.595370e-01;1.391778e-01;9.082264e-02;1.383916e-01;1.142449e-02
3.568067e-02;4.460967e-02;2.938707e-02;3.775201e-02;6.278396e-02;5.891743e-02;2.255491e-01;1.320065e-01;1.125845e-01;1.143830e-01;1.333681e-01;1.297795e-02
