1.349447e-01;1.167970e-01;8.603585e-02;2.336196e-02;1.173363e-01;6.362654e-02;1.024477e-01;5.195082e-02;5.188369e-02;7.351907e-02;8.663768e-02;9.145869e-02
1.695786e-01;9.078462e-02;1.115152e-01;4.486023e-02;1.008533e-01;3.991563e-02;9.307518e-02;5.757457e-02;4.597888e-02;1.059026e-01;7.328408e-02;6.667698e-02
1.149359e-01;8.085030e-02;1.076150e-01;8.166592e-02;9.379243e-02;6.254380e-02;9.588534e-02;5.933717e-02;7.743791e-02;1.044650e-01;5.914873e-02;6.232252e-02
7.022883e-02;1.050872e-01;9.612443e-02;9.471879e-02;6.908274e-02;9.195223e-02;8.874124e-02;4.702114e-02;9.668665e-02;7.123732e-02;8.805896e-02;8.106048e-02
1.188911e-01;1.020880e-01;1.081141e-01;6.695474e-02;5.174719e-02;8.028732e-02;1.164670e-01;7.362320e-02;8.784881e-02;7.123426e-02;6.584717e-02;5.689719e-02
1.166883e-01;1.111063e-01;1.123988e-01;4.777253e-02;3.909127e-02;9.363078e-02;9.547686e-02;5.864252e-02;7.541452e-02;1.154423e-01;5.308267e-02;8.125318e-02
9.420498e-02;9.349968e-02;1.085344e-01;5.536522e-02;4.899782e-02;7.029534e-02;1.029025e-01;5.440446e-02;7.273240e-02;1.265257e-01;6.781150e-02;1.047261e-01
1.032721e-01;7.101740e-02;9.324622e-02;4.770290e-02;8.131983e-02;6.097690e-02;1.172540e-01;6.395593e-02;8.436321e-02;1.346516e-01;6.619525e-02;7.604466e-02
1.220726e-01;5.439208e-02;8.170945e-02;3.980761e-02;8.963795e-02;7.951664e-02;9.410137e-02;7.430555e-02;1.001622e-01;1.369769e-01;4.984939e-02;7.746816e-02
8.064425e-02;6.732224e-02;7.970783e-02;5.618207e-02;7.347286e-02;9.934206e-02;1.017480e-01;7.065935e-02;9.729061e-02;1.332327e-01;6.557435e-02;7.482363e-02
8.813639e-02;6.439997e-02;7.484707e-02;4.009676e-02;9.203648e-02;1.115928e-01;1.121339e-01;5.899851e-02;6.357003e-02;1.112281e-01;9.015384e-02;9.280615e-02
9.759569e-02;4.370155e-02;1.197735e-01;6.461457e-02;9.923002e-02;8.898885e-02;1.218400e-01;6.608386e-02;5.884331e-02;5.956863e-02;7.151376e-02;1.082463e-01
5.838657e-02;4.459285e-02;1.706911e-01;1.017763e-01;7.837494e-02;4.932226e-02;1.518394e-01;6.013627e-02;8.896237e-02;6.170765e-02;5.707017e-02;7.714011e-02
6.399183e-02;5.952121e-02;1.454548e-01;1.009296e-01;7.955500e-02;7.570827e-02;1.513481e-01;5.951531e-02;8.682589e-02;6.242466e-02;6.098270e-02;5.374266e-02
1.065966e-01;7.662851e-02;7.704315e-02;7.115407e-02;7.538890e-02;8.461409e-02;1.143795e-01;5.765966e-02;1.080423e-01;6.474316e-02;8.142439e-02;8.232564e-02
9.387057e-02;7.657354e-02;9.081371e-02;6.702388e-02;8.572073e-02;7.780127e-02;9.416372e-02;7.774282e-02;1.198363e-01;7.260398e-02;6.321061e-02;8.063882e-02
8.920167e-02;7.569586e-02;1.034024e-01;5.824485e-02;6.842361e-02;6.352247e-02;9.197412e-02;8.557415e-02;1.141111e-01;1.006414e-01;7.259557e-02;7.661273e-02
7.032482e-02;6.371773e-02;8.169252e-02;5.491216e-02;3.818612e-02;4.873831e-02;8.065540e-02;8.622599e-02;1.092843e-01;7.707690e-02;1.725887e-01;1.165971e-01
6.000129e-02;5.112738e-02;8.295213e-02;4.808815e-02;5.214154e-02;5.966918e-02;7.382508e-02;9.538780e-02;9.699916e-02;6.752146e-02;1.979026e-01;1.143842e-01
4.821614e-02;6.157422e-02;1.025940e-01;3.996851e-02;5.893774e-02;6.932721e-02;1.145402e-01;8.020398e-02;8.022849e-02;1.180278e-01;1.383524e-01;8.802934e-02
8.811703e-02;8.093016e-02;9.213004e-02;6.104505e-02;5.003565e-02;7.077812e-02;2.128697e-01;5.817282e-02;6.193074e-02;8.059113e-02;8.846854e-02;5.493092e-02
1.025384e-01;7.268967e-02;1.010757e-01;4.373181e-02;6.369230e-02;7.226008e-02;2.052525e-01;6.316622e-02;5.448681e-02;7.044337e-02;9.218186e-02;5.848137e-02
1.299989e-01;8.962961e-02;9.170850e-02;2.834719e-02;9.453937e-02;6.996831e-02;1.533771e-01;5.785113e-02;3.644506e-02;8.199873e-02;8.804340e-02;7.809272e-02
1.363325e-01;7.786453e-02;1.227417e-01;4.421507e-02;1.243120e-01;6.126991e-02;9.534503e-02;5.316876e-02;5.450402e-02;5.523215e-02;7.389388e-02;1.011204e-01
1.439717e-01;7.707735e-02;1.345771e-01;6.440932e-02;1.260654e-01;4.228989e-02;7.322812e-02;6.174283e-02;5.082627e-02;6.566332e-02;6.528863e-02;9.485997e-02
1.210426e-01;7.167772e-02;1.768970e-01;8.778141e-02;8.755376e-02;3.663140e-02;1.151944e-01;4.277030e-02;5.767206e-02;6.289903e-02;6.790198e-02;7.197830e-02
7.940727e-02;8.414056e-02;3.160472e-01;9.708392e-02;5.518189e-02;3.037394e-02;9.242460e-02;3.029260e-02;4.001493e-02;4.289583e-02;6.914536e-02;6.299195e-02
9.970986e-02;1.216982e-01;3.646028e-01;6.755608e-02;3.450975e-02;2.343311e-02;8.570937e-02;2.236785e-02;3.826229e-02;4.443540e-02;5.682429e-02;4.089105e-02
1.215617e-01;2.103585e-01;3.302040e-01;4.324308e-02;3.762002e-02;2.985258e-02;6.020562e-02;1.974150e-02;4.915756e-02;3.670783e-02;3.454245e-02;2.680518e-02
1.174870e-01;2.901806e-01;3.464233e-01;2.134115e-02;2.552000e-02;4.481734e-02;3.048659e-02;1.497102e-02;4.760513e-02;2.257582e-02;1.612934e-02;2.246271e-02
7.439333e-02;2.704739e-01;4.466436e-01;2.342492e-02;2.219964e-02;4.334541e-02;2.052748e-02;9.378092e-03;4.055192e-02;1.745678e-02;1.538285e-02;1.622208e-02
8.439451e-02;2.395645e-01;4.901318e-01;2.757613e-02;1.777899e-02;2.463774e-02;2.466209e-02;1.146766e-02;4.082409e-02;1.718157e-02;1.066626e-02;1.111466e-02
9.717758e-02;1.373650e-01;5.557626e-01;4.309740e-02;2.285940e-02;1.483598e-02;2.276761e-02;7.561377e-03;3.154980e-02;3.124073e-02;1.609560e-02;1.968697e-02
5.908666e-02;3.860103e-02;6.321023e-01;6.982835e-02;3.189183e-02;1.689047e-02;2.083406e-02;7.434100e-03;1.816241e-02;5.537451e-02;2.078013e-02;2.901420e-02
2.947605e-02;6.239278e-02;6.619896e-01;6.457503e-02;2.385815e-02;1.257772e-02;2.357592e-02;5.589006e-03;1.267687e-02;6.083899e-02;2.025923e-02;2.219069e-02
5.359138e-02;1.102507e-01;6.304526e-01;4.307956e-02;1.934879e-02;1.353850e-02;2.853817e-02;4.663027e-03;1.623442e-02;4.424747e-02;2.236203e-02;1.369333e-02
8.746013e-02;1.893146e-01;5.133413e-01;3.786884e-02;2.415337e-02;2.162224e-02;3.503828e-02;8.406658e-03;1.232155e-02;2.150099e-02;3.358687e-02;1.538520e-02
1.043069e-01;2.766719e-01;2.322356e-01;2.878357e-02;4.321020e-02;4.242603e-02;2.859163e-02;2.914254e-02;6.002939e-02;5.988621e-02;4.457559e-02;5.014041e-02
1.173392e-01;1.770139e-01;2.227323e-01;3.257976e-02;3.796176e-02;4.160853e-02;5.118795e-02;3.313430e-02;6.080756e-02;1.093932e-01;6.342457e-02;5.281686e-02
9.192085e-02;1.065700e-01;2.603451e-01;4.905530e-02;3.167529e-02;4.039116e-02;7.643292e-02;2.527754e-02;4.247884e-02;1.441118e-01;9.511594e-02;3.662534e-02
7.428347e-02;6.759136e-02;2.434278e-01;3.982573e-02;4.409538e-02;4.705420e-02;8.294562e-02;2.936568e-02;6.077797e-02;1.648507e-01;8.687644e-02;5.890574e-02
1.275056e-01;7.675727e-02;1.684077e-01;3.041130e-02;5.166271e-02;4.912964e-02;1.101680e-01;6.487587e-02;7.917303e-02;1.257491e-01;4.231190e-02;7.384787e-02
1.142980e-01;1.124973e-01;1.033425e-01;3.942922e-02;7.977620e-02;4.882607e-02;1.232293e-01;8.836421e-02;5.277471e-02;7.741106e-02;7.629279e-02;8.375875e-02
1.077903e-01;1.164635e-01;1.283130e-01;6.030685e-02;9.152268e-02;5.835946e-02;9.215626e-02;6.905425e-02;5.257910e-02;7.465554e-02;7.096327e-02;7.783580e-02
9.125426e-02;7.842349e-02;1.782980e-01;6.942302e-02;1.139277e-01;6.703537e-02;1.318061e-01;5.068505e-02;5.743339e-02;6.655283e-02;5.286684e-02;4.229397e-02
4.085670e-02;4.475579e-02;1.845270e-01;7.914125e-02;1.299971e-01;8.014862e-02;1.750349e-01;3.557639e-02;2.868434e-02;4.883218e-02;8.091544e-02;7.153023e-02
7.074973e-02;5.752663e-02;2.006549e-01;7.464482e-02;7.971194e-02;6.184668e-02;1.738850e-01;2.962046e-02;3.584040e-02;3.143324e-02;1.038478e-01;8.023841e-02
1.120148e-01;5.478836e-02;1.507753e-01;4.559564e-02;7.964402e-02;7.242917e-02;1.841533e-01;3.360491e-02;5.645825e-02;4.600061e-02;8.822518e-02;7.631047e-02
1.166703e-01;2.047332e-02;6.485150e-02;1.678237e-02;1.391243e-01;1.304160e-01;1.702788e-01;3.356360e-02;8.650171e-02;4.299670e-02;4.559409e-02;1.327474e-01
8.818493e-02;1.233612e-02;2.171083e-02;2.449577e-02;2.126582e-01;1.123934e-01;9.569404e-02;1.589158e-02;1.189179e-01;2.659454e-02;2.475607e-02;2.463666e-01
4.140858e-02;9.612884e-03;2.119281e-02;2.614296e-02;2.665267e-01;6.134117e-02;4.977566e-02;1.041870e-02;1.337121e-01;1.430928e-02;1.685574e-02;3.487035e-01
2.204393e-02;8.440656e-03;1.904001e-02;1.585235e-02;2.641010e-01;2.876781e-02;4.128667e-02;1.111195e-02;1.304434e-01;1.338233e-02;2.234704e-02;4.231829e-01
1.066932e-02;7.130498e-03;1.996446e-02;1.946027e-02;2.245735e-01;1.646435e-02;4.331520e-02;2.243311e-02;9.912155e-02;1.041820e-02;5.023248e-02;4.762171e-01
7.167981e-03;3.699459e-03;1.119057e-02;1.606009e-02;2.154072e-01;8.507943e-03;3.680264e-02;1.844687e-02;9.104238e-02;1.027431e-02;5.626621e-02;5.251343e-01
8.079371e-03;2.701753e-03;1.091061e-02;1.322303e-02;2.193923e-01;1.252230e-02;3.139649e-02;6.451190e-03;1.214773e-01;8.425786e-03;4.759387e-02;5.178260e-01
1.717905e-02;3.219268e-03;1.186638e-02;1.443272e-02;2.225434e-01;1.587651e-02;2.777005e-02;7.384621e-03;1.302069e-01;1.236776e-02;3.467068e-02;5.024827e-01
3.298996e-02;3.412426e-03;2.092347e-02;2.370834e-02;2.180682e-01;3.318784e-02;3.301880e-02;9.230246e-03;9.197635e-02;1.543254e-02;3.738014e-02;4.806716e-01
4.372147e-02;5.069405e-03;5.025153e-02;6.197665e-02;2.094821e-01;5.024000e-02;3.256777e-02;1.282780e-02;9.672250e-02;1.567481e-02;4.641086e-02;3.750551e-01
2.659170e-02;1.574626e-02;1.298771e-01;1.326974e-01;1.889348e-01;3.824785e-02;2.894662e-02;3.483742e-02;8.590900e-02;3.489329e-02;1.045493e-01;1.787692e-01
1.468867e-02;2.740516e-02;2.157879e-01;1.593594e-01;1.334489e-01;1.988679e-02;3.805805e-02;5.052334e-02;7.237325e-02;7.224574e-02;1.376906e-01;5.853212e-02
3.511060e-02;3.895602e-02;2.517047e-01;1.075736e-01;1.228711e-01;2.580872e-02;4.431178e-02;2.990591e-02;9.293359e-02;9.966746e-02;8.590152e-02;6.525501e-02
4.412229e-02;4.432357e-02;2.166224e-01;4.504694e-02;1.759157e-01;5.257672e-02;5.743606e-02;2.445311e-02;7.689462e-02;1.057865e-01;3.259284e-02;1.242293e-01
3.519212e-02;3.109048e-02;1.354769e-01;4.939954e-02;1.723853e-01;6.679628e-02;5.404474e-02;3.871007e-02;1.030802e-01;6.412949e-02;4.572622e-02;2.039686e-01
4.477609e-02;3.110270e-02;1.593930e-01;5.593823e-02;1.559493e-01;4.835680e-02;4.255885e-02;4.726679e-02;1.036528e-01;7.000332e-02;5.802223e-02;1.829798e-01
5.629723e-02;3.007449e-02;1.532057e-01;7.343081e-02;2.079578e-01;3.734729e-02;5.434612e-02;6.452724e-02;9.647594e-02;9.153748e-02;3.271812e-02;1.020818e-01
4.679677e-02;2.700518e-02;1.079876e-01;7.634790e-02;2.301818e-01;8.269411e-02;7.011764e-02;5.551074e-02;6.690785e-02;8.236396e-02;4.728521e-02;1.068012e-01
3.512907e-02;2.547475e-02;6.529432e-02;4.272826e-02;2.032969e-01;8.542699e-02;4.875014e-02;4.671993e-02;1.148771e-01;8.027639e-02;6.011083e-02;1.919154e-01
4.830992e-02;4.490296e-02;7.189491e-02;5.840480e-02;1.415079e-01;4.372411e-02;3.790369e-02;6.248050e-02;1.527619e-01;7.702100e-02;6.613403e-02;1.949542e-01
5.317629e-02;4.594856e-02;7.636905e-02;8.319721e-02;8.655226e-02;3.899780e-02;6.332759e-02;9.062353e-02;1.827527e-01;1.002559e-01;3.917260e-02;1.396266e-01
8.583668e-02;4.918639e-02;9.148473e-02;8.062440e-02;8.389843e-02;5.900763e-02;1.316035e-01;7.141978e-02;1.389199e-01;7.087731e-02;4.897171e-02;8.816950e-02
1.023403e-01;3.809628e-02;1.341699e-01;6.391945e-02;1.000583e-01;9.406728e-02;2.138772e-01;4.343126e-02;6.731655e-02;4.326050e-02;3.310744e-02;6.635556e-02
7.323346e-02;2.412939e-02;1.562479e-01;6.880648e-02;1.841483e-01;1.062563e-01;1.845193e-01;2.318862e-02;2.884015e-02;3.361782e-02;2.251842e-02;9.449390e-02
3.422975e-02;1.763541e-02;1.259824e-01;5.661610e-02;2.794740e-01;1.009967e-01;1.158784e-01;1.193272e-02;3.466464e-02;2.184457e-02;1.891593e-02;1.818293e-01
2.672458e-02;6.572203e-03;8.169556e-02;3.269387e-02;3.125934e-01;9.310839e-02;1.127563e-01;7.773204e-03;4.798068e-02;1.546381e-02;5.989156e-03;2.566488e-01
1.784944e-02;1.493174e-02;1.024850e-01;3.710157e-02;2.742675e-01;7.002074e-02;9.784817e-02;1.562695e-02;4.417086e-02;2.942186e-02;4.862525e-02;2.476509e-01
2.531943e-02;2.940658e-02;1.489057e-01;9.436699e-02;1.922782e-01;5.852239e-02;4.250591e-02;5.065493e-02;3.966495e-02;4.810895e-02;1.533316e-01;1.169344e-01
2.323285e-02;3.246155e-02;1.280251e-01;1.571942e-01;1.117585e-01;4.449710e-02;6.771177e-02;6.921502e-02;2.645379e-02;4.317726e-02;2.367999e-01;5.947296e-02
1.082262e-02;1.949422e-02;9.450873e-02;2.111013e-01;7.195037e-02;2.141394e-02;3.711392e-02;6.918786e-02;2.040751e-02;3.515100e-02;2.980181e-01;1.108304e-01
1.503364e-02;1.135370e-02;1.529904e-01;2.443037e-01;4.139566e-02;1.396712e-02;1.277454e-02;5.422398e-02;1.626735e-02;5.126915e-02;3.251895e-01;6.123123e-02
2.011908e-02;1.276980e-02;2.432366e-01;2.292249e-01;3.802426e-02;1.473437e-02;2.308150e-02;3.996989e-02;1.561791e-02;7.354702e-02;2.811513e-01;8.523354e-03
5.268527e-02;3.750107e-02;2.804244e-01;1.575405e-01;3.010801e-02;2.333898e-02;4.455879e-02;4.854048e-02;2.685598e-02;9.495098e-02;1.923528e-01;1.114288e-02
9.130613e-02;7.231810e-02;2.181782e-01;1.032286e-01;5.142005e-02;3.336262e-02;4.801887e-02;5.896177e-02;4.175546e-02;8.875034e-02;1.226623e-01;7.003758e-02
1.335290e-01;6.793088e-02;1.512973e-01;4.632743e-02;8.483140e-02;3.075006e-02;3.288211e-02;4.882231e-02;6.680593e-02;7.583841e-02;6.121532e-02;1.997699e-01
1.769154e-01;4.880754e-02;8.445632e-02;6.238865e-02;8.235040e-02;2.914808e-02;2.321645e-02;3.022617e-02;7.360495e-02;4.183552e-02;7.408106e-02;2.729694e-01
1.367364e-01;1.214087e-01;1.250400e-01;1.012483e-01;6.837379e-02;2.974815e-02;2.606783e-02;4.765892e-02;7.388628e-02;2.244311e-02;7.864367e-02;1.687448e-01
5.265435e-02;1.396247e-01;2.061076e-01;1.083521e-01;8.552077e-02;3.039384e-02;4.528307e-02;5.124817e-02;6.269200e-02;4.421431e-02;1.022858e-01;7.162340e-02
5.421901e-02;1.185277e-01;2.587304e-01;8.369728e-02;8.607410e-02;2.440197e-02;6.752574e-02;3.969233e-02;4.229523e-02;6.093272e-02;7.328895e-02;9.061456e-02
1.028961e-01;9.243495e-02;2.572865e-01;6.278343e-02;7.678901e-02;2.123654e-02;7.628538e-02;6.013890e-02;5.872077e-02;6.403168e-02;3.792150e-02;8.947521e-02
1.135369e-01;6.919900e-02;2.012772e-01;8.427204e-02;1.134170e-01;4.258862e-02;5.802422e-02;8.338636e-02;1.088422e-01;3.386920e-02;4.128362e-02;5.030371e-02
1.079780e-01;8.304102e-02;1.885052e-01;9.884846e-02;9.743514e-02;3.685666e-02;5.185825e-02;5.894412e-02;9.154665e-02;2.961146e-02;5.503847e-02;1.003366e-01
5.464067e-02;8.709839e-02;2.435107e-01;1.041595e-01;9.042243e-02;3.423937e-02;6.982376e-02;4.406906e-02;6.237961e-02;4.384118e-02;6.888392e-02;9.693145e-02
6.195958e-02;8.294039e-02;2.321615e-01;1.080945e-01;1.050870e-01;3.405960e-02;5.660968e-02;5.764660e-02;4.323972e-02;3.836709e-02;1.005685e-01;7.926589e-02
1.034710e-01;8.036543e-02;1.995488e-01;1.293873e-01;8.187250e-02;4.258440e-02;6.019276e-02;6.953838e-02;3.146736e-02;5.115352e-02;9.714834e-02;5.327019e-02
9.534545e-02;5.785847e-02;1.574669e-01;9.022731e-02;7.567333e-02;4.609957e-02;6.515624e-02;5.934052e-02;6.755327e-02;1.585177e-01;3.911804e-02;8.764327e-02
6.539734e-02;5.148170e-02;1.145936e-01;7.565577e-02;6.924192e-02;5.530610e-02;6.864477e-02;6.846855e-02;1.056267e-01;2.137766e-01;4.163028e-02;7.017666e-02
7.006112e-02;5.987626e-02;1.127650e-01;8.209591e-02;6.114608e-02;5.777714e-02;8.833919e-02;6.742645e-02;8.603072e-02;2.017332e-01;5.035550e-02;6.239347e-02
6.132334e-02;6.569710e-02;1.268475e-01;8.106890e-02;6.505775e-02;6.918472e-02;1.176116e-01;5.077885e-02;6.349368e-02;1.288971e-01;8.277022e-02;8.726925e-02
2.676119e-02;4.581804e-02;1.709845e-01;1.121881e-01;8.633904e-02;6.644719e-02;1.074239e-01;4.507183e-02;4.534284e-02;7.129323e-02;1.192888e-01;1.030414e-01
1.643630e-02;2.587434e-02;1.900151e-01;1.540353e-01;1.121130e-01;5.500721e-02;7.221471e-02;4.198285e-02;4.186168e-02;6.165641e-02;1.206051e-01;1.081979e-01
5.429406e-02;2.171171e-02;1.450101e-01;1.341120e-01;1.566036e-01;5.246650e-02;3.579785e-02;4.092353e-02;2.961495e-02;3.961353e-02;9.046691e-02;1.993853e-01
9.686172e-02;1.948609e-02;8.663710e-02;6.547509e-02;1.838835e-01;7.732231e-02;5.130541e-02;2.761520e-02;2.484651e-02;1.939683e-02;6.897971e-02;2.781906e-01
1.221016e-01;9.612327e-03;3.902164e-02;3.014878e-02;2.303475e-01;9.444770e-02;4.966523e-02;1.198980e-02;2.622481e-02;9.966203e-03;3.777936e-02;3.386950e-01
8.204494e-02;7.436515e-03;3.111318e-02;2.152585e-02;2.568551e-01;7.165305e-02;3.609292e-02;3.854945e-03;2.394837e-02;1.175419e-02;1.450532e-02;4.392157e-01
2.934069e-02;1.105521e-02;2.757289e-02;1.976773e-02;2.615366e-01;4.366119e-02;2.276965e-02;3.805580e-03;2.164433e-02;1.167130e-02;1.712161e-02;5.300532e-01
8.652057e-03;1.081535e-02;2.652438e-02;2.039268e-02;2.616952e-01;2.841216e-02;1.833055e-02;3.461958e-03;1.821048e-02;7.840264e-03;1.414354e-02;5.815215e-01
1.138766e-02;4.634619e-03;2.190752e-02;2.270734e-02;2.574480e-01;2.198188e-02;1.730251e-02;2.574584e-03;1.911898e-02;4.075477e-03;2.186915e-02;5.949922e-01
7.583685e-03;6.753489e-03;1.732269e-02;1.888934e-02;2.553476e-01;1.686360e-02;7.830243e-03;3.762632e-03;2.054074e-02;4.972296e-03;3.027365e-02;6.098600e-01
1.368704e-02;1.063134e-02;1.683192e-02;1.370721e-02;2.563903e-01;1.958087e-02;1.041242e-02;4.408378e-03;2.584258e-02;7.250472e-03;7.772808e-03;6.134846e-01
1.046829e-02;7.557662e-03;1.748920e-02;1.480695e-02;2.632983e-01;2.128557e-02;1.093048e-02;2.978686e-03;2.785556e-02;8.489063e-03;1.416907e-02;6.006712e-01
1.922566e-02;1.161308e-02;1.907075e-02;1.199199e-02;2.647447e-01;2.838233e-02;1.528613e-02;5.332380e-03;3.015239e-02;1.014559e-02;1.931099e-02;5.647441e-01
9.461384e-02;1.460227e-02;2.400074e-02;1.371244e-02;2.392430e-01;5.220301e-02;2.381429e-02;7.379928e-03;2.371707e-02;8.555822e-03;1.255183e-02;4.856058e-01
2.511699e-01;1.844910e-02;2.370756e-02;1.561748e-02;1.784781e-01;1.124933e-01;3.626930e-02;7.012542e-03;1.568969e-02;6.161490e-03;8.819627e-03;3.261320e-01
4.359634e-01;1.128662e-02;1.797410e-02;8.924213e-03;8.242913e-02;2.006569e-01;5.062332e-02;1.100398e-02;1.331462e-02;1.744029e-02;6.701518e-03;1.436819e-01
5.139855e-01;1.183305e-02;9.201267e-03;1.534365e-02;3.582112e-02;2.433717e-01;5.800853e-02;1.018012e-02;1.094667e-02;3.754694e-02;4.600373e-03;4.916106e-02
4.652855e-01;6.195813e-02;1.698446e-02;2.418913e-02;2.731191e-02;2.166489e-01;9.558804e-02;5.554910e-03;9.978599e-03;5.504636e-02;4.273399e-03;1.718061e-02
3.126252e-01;2.043518e-01;2.605977e-02;2.620612e-02;1.995666e-02;1.588877e-01;1.716156e-01;1.207128e-02;8.213618e-03;4.485960e-02;7.499995e-03;7.652673e-03
1.226423e-01;3.678582e-01;3.250082e-02;1.824149e-02;1.358388e-02;8.102295e-02;3.005503e-01;1.441831e-02;8.376012e-03;1.972363e-02;1.422286e-02;6.859176e-03
7.180291e-02;3.770578e-01;3.752062e-02;6.300517e-03;1.410129e-02;3.926021e-02;3.735403e-01;2.213843e-02;1.181242e-02;1.017180e-02;2.515846e-02;1.113528e-02
5.732220e-02;3.284738e-01;3.929108e-02;7.729219e-03;1.484799e-02;2.112720e-02;4.032985e-01;4.742248e-02;1.835514e-02;8.724930e-03;4.182572e-02;1.158174e-02
5.005119e-02;2.426404e-01;4.879542e-02;8.817248e-03;1.089078e-02;1.669429e-02;4.056243e-01;1.276172e-01;2.388097e-02;1.153716e-02;4.357305e-02;9.878058e-03
3.083063e-02;2.043487e-01;5.238251e-02;6.230576e-03;1.868605e-02;1.766776e-02;4.096318e-01;1.698317e-01;1.702754e-02;1.865149e-02;4.330514e-02;1.140601e-02
2.637925e-02;2.298500e-01;2.437213e-02;4.889951e-03;2.126707e-02;1.706064e-02;4.335716e-01;1.261772e-01;1.088033e-02;1.755026e-02;7.823885e-02;9.762659e-03
2.100002e-02;2.277506e-01;1.814408e-02;5.436529e-03;1.948465e-02;3.572575e-02;4.622677e-01;7.449143e-02;1.349331e-02;9.640793e-03;1.042782e-01;8.287019e-03
2.492164e-02;1.837762e-01;3.059522e-02;9.581905e-03;3.026695e-02;6.011862e-02;4.376654e-01;6.255713e-02;3.049731e-02;2.469947e-02;9.452741e-02;1.079283e-02
6.039574e-02;1.085819e-01;3.527787e-02;1.595036e-02;5.324325e-02;7.448534e-02;4.162127e-01;5.939196e-02;5.045232e-02;4.683409e-02;6.437206e-02;1.480244e-02
7.824097e-02;3.607479e-02;2.198172e-02;1.574655e-02;7.435720e-02;9.280702e-02;4.857140e-01;4.675358e-02;3.248822e-02;5.376938e-02;4.925966e-02;1.280688e-02
9.224186e-02;3.717528e-02;9.522391e-03;1.508208e-02;8.448005e-02;1.195855e-01;4.657355e-01;2.925068e-02;1.334407e-02;7.212147e-02;5.311693e-02;8.344171e-03
1.070347e-01;5.378816e-02;1.257320e-02;1.481848e-02;8.489818e-02;1.339040e-01;4.017561e-01;3.262781e-02;9.253110e-03;8.334559e-02;5.985583e-02;6.144817e-03
1.196389e-01;5.676357e-02;1.212427e-02;1.444516e-02;9.316261e-02;1.536133e-01;3.892269e-01;3.651570e-02;1.010204e-02;6.754062e-02;3.942534e-02;7.441559e-03
1.281733e-01;3.208807e-02;2.843603e-02;1.226308e-02;1.025155e-01;1.706848e-01;3.901052e-01;3.762676e-02;1.269383e-02;5.460693e-02;1.828956e-02;1.251699e-02
1.478368e-01;1.664943e-02;3.045235e-02;1.069973e-02;9.640957e-02;1.757972e-01;3.746317e-01;3.981293e-02;1.273864e-02;5.746841e-02;2.679955e-02;1.070359e-02
1.713260e-01;3.192327e-02;2.499361e-02;1.124995e-02;8.760598e-02;2.064288e-01;3.142129e-01;3.084988e-02;1.056877e-02;7.388610e-02;2.493228e-02;1.202255e-02
1.892043e-01;3.738721e-02;1.845310e-02;9.880071e-03;9.745795e-02;2.409098e-01;2.669733e-01;2.534666e-02;5.307348e-03;7.291488e-02;1.620603e-02;1.995928e-02
1.854787e-01;3.103608e-02;1.769777e-02;8.230902e-03;1.289174e-01;2.519699e-01;2.737279e-01;2.512727e-02;9.354875e-03;3.945766e-02;1.040800e-02;1.859353e-02
1.599540e-01;1.526004e-02;2.789449e-02;1.196952e-02;1.659518e-01;2.159784e-01;3.041413e-01;2.269894e-02;1.845806e-02;1.816230e-02;1.316591e-02;2.636524e-02
1.315411e-01;1.613284e-02;4.651704e-02;1.497017e-02;1.935360e-01;1.994998e-01;2.879270e-01;1.114577e-02;1.938223e-02;2.657326e-02;1.316211e-02;3.961271e-02
9.969285e-02;1.268215e-02;8.267728e-02;3.003386e-02;2.080915e-01;1.716172e-01;2.362578e-01;1.328412e-02;2.663780e-02;3.288829e-02;1.371553e-02;7.242163e-02
6.214976e-02;1.822039e-02;1.753222e-01;5.359340e-02;2.058128e-01;1.250909e-01;1.639828e-01;1.384026e-02;2.282883e-02;3.971985e-02;3.278450e-02;8.665428e-02
3.521210e-02;4.182172e-02;3.122539e-01;8.179512e-02;1.272875e-01;9.024534e-02;1.087758e-01;1.769824e-02;3.904711e-02;4.183817e-02;4.574895e-02;5.827601e-02
6.687402e-02;7.629508e-02;3.983351e-01;8.373264e-02;3.667530e-02;6.499845e-02;9.303059e-02;2.532708e-02;5.465657e-02;5.027325e-02;3.034969e-02;1.945218e-02
8.036813e-02;7.649032e-02;3.455897e-01;1.037773e-01;5.567288e-02;5.493617e-02;8.091651e-02;2.327497e-02;3.428685e-02;6.830751e-02;4.973838e-02;2.664125e-02
5.435003e-02;6.108477e-02;2.330669e-01;1.218362e-01;1.224585e-01;8.767228e-02;1.045416e-01;2.493729e-02;5.069716e-02;7.243062e-02;4.062823e-02;2.629640e-02
3.908721e-02;3.451673e-02;2.198794e-01;7.789705e-02;1.752234e-01;1.154394e-01;1.363433e-01;3.363685e-02;4.536094e-02;5.310075e-02;3.502171e-02;3.449329e-02
7.125495e-02;4.795639e-02;2.313817e-01;5.201522e-02;1.780466e-01;1.173896e-01;1.230313e-01;3.858703e-02;3.089009e-02;3.277557e-02;3.677734e-02;3.989422e-02
8.215547e-02;4.145011e-02;1.991930e-01;5.192946e-02;1.411084e-01;1.221893e-01;1.546156e-01;4.630473e-02;5.735830e-02;4.834446e-02;3.278489e-02;2.256639e-02
1.109888e-01;4.859615e-02;1.668026e-01;8.274435e-02;9.682673e-02;9.398193e-02;1.318285e-01;4.173317e-02;7.701380e-02;6.626341e-02;5.063564e-02;3.258494e-02
1.119569e-01;6.889849e-02;1.174796e-01;1.029035e-01;7.025611e-02;9.773789e-02;1.252068e-01;6.290398e-02;5.201364e-02;9.275164e-02;5.764487e-02;4.024662e-02
5.687216e-02;3.974279e-02;1.219170e-01;1.103800e-01;5.467352e-02;9.207350e-02;1.321353e-01;7.136972e-02;1.125970e-01;1.033252e-01;5.178573e-02;5.312803e-02
7.454240e-02;7.193629e-02;1.184794e-01;7.289381e-02;6.265415e-02;5.421337e-02;9.984121e-02;8.473466e-02;1.380066e-01;8.891653e-02;8.340681e-02;5.037471e-02
6.377329e-02;9.888888e-02;7.705631e-02;5.686065e-02;8.452828e-02;6.613124e-02;9.553663e-02;7.573269e-02;1.437060e-01;8.408314e-02;1.151283e-01;3.857460e-02
6.347976e-02;8.865446e-02;1.120706e-01;5.395804e-02;7.682810e-02;6.556442e-02;1.066278e-01;7.449128e-02;1.252198e-01;8.158305e-02;1.128835e-01;3.863924e-02
8.428919e-02;7.731950e-02;1.659287e-01;6.628346e-02;4.276707e-02;4.854865e-02;9.885993e-02;7.590328e-02;1.142881e-01;9.172048e-02;8.701740e-02;4.707415e-02
1.020477e-01;9.569228e-02;1.669684e-01;6.816084e-02;3.313158e-02;8.455291e-02;6.661030e-02;5.778102e-02;7.717454e-02;1.297932e-01;4.602317e-02;7.206395e-02
1.057485e-01;1.078746e-01;5.080259e-02;5.704635e-02;7.399003e-02;1.023961e-01;7.485537e-02;7.697598e-02;9.886030e-02;1.168199e-01;5.310916e-02;8.152112e-02
8.603662e-02;8.820132e-02;8.811236e-02;8.569787e-02;9.025773e-02;8.161917e-02;8.318615e-02;7.389068e-02;9.168853e-02;8.517876e-02;8.288415e-02;6.324670e-02
8.988361e-02;1.157741e-01;6.673014e-02;1.024227e-01;7.574017e-02;5.850301e-02;1.162918e-01;5.375801e-02;1.191897e-01;8.133811e-02;6.395727e-02;5.641151e-02
1.273034e-01;8.112142e-02;7.508136e-02;7.242095e-02;4.401286e-02;9.916753e-02;1.602120e-01;5.467936e-02;1.111885e-01;7.765621e-02;4.266671e-02;5.448978e-02
9.568295e-02;1.096862e-01;1.000625e-01;4.595963e-02;7.952710e-02;9.060962e-02;1.546078e-01;4.877149e-02;5.735721e-02;1.264342e-01;3.382855e-02;5.747269e-02
6.287953e-02;1.474521e-01;1.220295e-01;6.010497e-02;6.737714e-02;5.757553e-02;1.071439e-01;4.120067e-02;9.829594e-02;1.486566e-01;2.608025e-02;6.120382e-02
5.575829e-02;1.207088e-01;9.596307e-02;6.739524e-02;5.926438e-02;6.994074e-02;1.164829e-01;6.636219e-02;1.030959e-01;1.216981e-01;4.998358e-02;7.334674e-02
8.821002e-02;1.033946e-01;1.098975e-01;5.441459e-02;8.643305e-02;7.081448e-02;1.009681e-01;8.856907e-02;8.724323e-02;1.017387e-01;5.021373e-02;5.810292e-02
1.275328e-01;8.054258e-02;1.141410e-01;3.331836e-02;7.738954e-02;9.984493e-02;1.192775e-01;8.735696e-02;5.137952e-02;8.767379e-02;5.055417e-02;7.098880e-02
1.199690e-01;5.421317e-02;9.393433e-02;8.327278e-02;4.716064e-02;1.081824e-01;1.275744e-01;6.621113e-02;8.687519e-02;8.076797e-02;5.547583e-02;7.636310e-02
1.107438e-01;6.727907e-02;5.857055e-02;1.144412e-01;4.723679e-02;9.124053e-02;1.316551e-01;6.807785e-02;9.065535e-02;8.286291e-02;7.580613e-02;6.143071e-02
1.096426e-01;7.992625e-02;6.219484e-02;6.790440e-02;7.300607e-02;6.729973e-02;1.249806e-01;3.860513e-02;5.951963e-02;8.663148e-02;1.036573e-01;1.266319e-01
1.262297e-01;7.513998e-02;8.974282e-02;5.474411e-02;7.730962e-02;6.224609e-02;8.075086e-02;3.032138e-02;6.866150e-02;9.792667e-02;1.124016e-01;1.245257e-01
1.276077e-01;9.739912e-02;1.346224e-01;7.205183e-02;6.729533e-02;4.657208e-02;8.739547e-02;3.879159e-02;7.806610e-02;8.236808e-02;8.474436e-02;8.308599e-02
8.935791e-02;9.683323e-02;1.265585e-01;6.896207e-02;6.723801e-02;6.704146e-02;1.158337e-01;4.177146e-02;7.270968e-02;6.759814e-02;8.574046e-02;1.003554e-01
7.124031e-02;1.019916e-01;1.199578e-01;6.436008e-02;6.055588e-02;7.487064e-02;1.279809e-01;4.250504e-02;8.377692e-02;6.655075e-02;6.702562e-02;1.191845e-01
8.862267e-02;1.182804e-01;1.236560e-01;4.638643e-02;5.439860e-02;7.136539e-02;1.051771e-01;3.477023e-02;1.201886e-01;5.895709e-02;7.987785e-02;9.831963e-02
6.780624e-02;1.112178e-01;1.127716e-01;7.263926e-02;6.844585e-02;6.371768e-02;9.768489e-02;4.095505e-02;1.162109e-01;7.733500e-02;8.079722e-02;9.041859e-02
7.335819e-02;1.106476e-01;1.219938e-01;9.537321e-02;7.765818e-02;7.468404e-02;7.763693e-02;6.971434e-02;9.418665e-02;9.187445e-02;5.861047e-02;5.426213e-02
7.326765e-02;1.147461e-01;1.045391e-01;1.110736e-01;8.934756e-02;8.795973e-02;7.488052e-02;8.090992e-02;7.882588e-02;8.992302e-02;3.752024e-02;5.700672e-02
1.066137e-01;1.286567e-01;6.623562e-02;9.392256e-02;9.048703e-02;6.863920e-02;9.618031e-02;7.262683e-02;4.747075e-02;1.029530e-01;2.593239e-02;1.002819e-01
1.611963e-01;1.269926e-01;8.899982e-02;7.519460e-02;7.917503e-02;3.191284e-02;7.477044e-02;5.684290e-02;7.996526e-02;1.246761e-01;3.476320e-02;6.551097e-02
1.433656e-01;1.319156e-01;1.081136e-01;6.171804e-02;5.877580e-02;3.894598e-02;1.058603e-01;2.716615e-02;1.060606e-01;1.340269e-01;5.310149e-02;3.094980e-02
1.147182e-01;1.337001e-01;1.028037e-01;6.446198e-02;4.522870e-02;3.279576e-02;1.478166e-01;4.121231e-02;1.143908e-01;1.168584e-01;5.064137e-02;3.537200e-02
1.312701e-01;9.891987e-02;1.078880e-01;5.936034e-02;5.573404e-02;4.455660e-02;1.378639e-01;6.573547e-02;1.020346e-01;1.023017e-01;4.666552e-02;4.766982e-02
1.220668e-01;1.085188e-01;1.114829e-01;7.749750e-02;6.717104e-02;4.863804e-02;9.741389e-02;7.837789e-02;1.072264e-01;1.032556e-01;3.204703e-02;4.630407e-02
9.301297e-02;1.091087e-01;6.240303e-02;1.258850e-01;8.685705e-02;5.459122e-02;7.561235e-02;8.161272e-02;1.055472e-01;1.081397e-01;3.566825e-02;6.156192e-02
6.138369e-02;8.063303e-02;6.770511e-02;1.528862e-01;7.466349e-02;6.513840e-02;9.450519e-02;6.730229e-02;1.316901e-01;9.253261e-02;5.398157e-02;5.757834e-02
4.536521e-02;1.120743e-01;8.338622e-02;1.429351e-01;2.858797e-02;8.679084e-02;1.513399e-01;4.865330e-02;1.105786e-01;8.338767e-02;3.072376e-02;7.617702e-02
5.165190e-02;1.421616e-01;1.005699e-01;7.701333e-02;5.197337e-02;9.789281e-02;2.191011e-01;3.466681e-02;5.371991e-02;5.916231e-02;3.643233e-02;7.565461e-02
7.460434e-02;1.004744e-01;1.332143e-01;5.209438e-02;4.464125e-02;9.133399e-02;2.443587e-01;4.999864e-02;4.556040e-02;6.076036e-02;4.737928e-02;5.558004e-02
7.353200e-02;4.153586e-02;1.319563e-01;6.001890e-02;6.416642e-02;8.591611e-02;2.853121e-01;7.227879e-02;5.763171e-02;5.745236e-02;2.400670e-02;4.619285e-02
4.353582e-02;8.219960e-02;8.240360e-02;4.219019e-02;5.943247e-02;7.943515e-02;2.897124e-01;8.168713e-02;8.315817e-02;5.041463e-02;5.857810e-02;4.725279e-02
8.150686e-02;1.107163e-01;8.878669e-02;2.395708e-02;2.902137e-02;7.639984e-02;2.254437e-01;8.152343e-02;1.002274e-01;5.349838e-02;8.452585e-02;4.439316e-02
9.817217e-02;7.506108e-02;1.263497e-01;2.998677e-02;6.031746e-02;7.421901e-02;1.739893e-01;7.722089e-02;8.863216e-02;6.223467e-02;5.430861e-02;7.950813e-02
8.069819e-02;3.655200e-02;1.241611e-01;3.937949e-02;8.666587e-02;6.936336e-02;1.689879e-01;8.104379e-02;7.912716e-02;7.117423e-02;5.561415e-02;1.072328e-01
8.531994e-02;5.832089e-02;9.428160e-02;6.637407e-02;8.215834e-02;6.145269e-02;1.658476e-01;7.315729e-02;8.221063e-02;7.373244e-02;5.432284e-02;1.028217e-01
1.037531e-01;1.078450e-01;8.044655e-02;5.916060e-02;5.692885e-02;6.047102e-02;1.549527e-01;6.368897e-02;8.541448e-02;5.699939e-02;7.806307e-02;9.227622e-02
1.044011e-01;1.119529e-01;1.400285e-01;4.796497e-02;7.351090e-02;9.935398e-02;9.704398e-02;2.380181e-02;5.361032e-02;7.592440e-02;6.461701e-02;1.077902e-01
7.804900e-02;7.070515e-02;1.719693e-01;4.975203e-02;8.442740e-02;1.095330e-01;8.910083e-02;2.360536e-02;6.655999e-02;9.530249e-02;5.198183e-02;1.090137e-01
6.290555e-02;6.388019e-02;1.805930e-01;5.875909e-02;6.848552e-02;1.167944e-01;8.915132e-02;5.509320e-02;1.030083e-01;7.581172e-02;3.810820e-02;8.740942e-02
8.638524e-02;6.679919e-02;1.801665e-01;1.116087e-01;4.936788e-02;7.277466e-02;9.100009e-02;9.843442e-02;1.048997e-01;4.432302e-02;6.553039e-02;2.871025e-02
8.553404e-02;7.283749e-02;1.950938e-01;1.152455e-01;7.855573e-02;3.442858e-02;1.048248e-01;8.522870e-02;7.687703e-02;5.685711e-02;3.160816e-02;6.290896e-02
7.715431e-02;7.024556e-02;1.684479e-01;6.848431e-02;1.068940e-01;5.943998e-02;1.991969e-01;6.825806e-02;6.354910e-02;4.414837e-02;2.193075e-02;5.225070e-02
8.545106e-02;5.423095e-02;1.084954e-01;5.361296e-02;9.410185e-02;1.010330e-01;3.229039e-01;5.544937e-02;3.307706e-02;4.284523e-02;1.242050e-02;3.637865e-02
6.842626e-02;4.675623e-02;7.869113e-02;4.520132e-02;1.160177e-01;1.374881e-01;3.758309e-01;4.815601e-02;1.987894e-02;3.260935e-02;1.080176e-02;2.014236e-02
4.157569e-02;3.902380e-02;4.621756e-02;3.328065e-02;1.469804e-01;1.638922e-01;3.981988e-01;4.347934e-02;2.514889e-02;2.842962e-02;1.713874e-02;1.663420e-02
4.087714e-02;3.175664e-02;9.567801e-02;3.331032e-02;1.824767e-01;1.601584e-01;3.012532e-01;4.797978e-02;4.064346e-02;1.802729e-02;2.217376e-02;2.566530e-02
5.222333e-02;2.907487e-02;1.474851e-01;4.383061e-02;2.423531e-01;1.598215e-01;1.716003e-01;4.558763e-02;4.464343e-02;1.896373e-02;2.494167e-02;1.947482e-02
5.038436e-02;2.937602e-02;6.811851e-02;2.582457e-02;2.107880e-01;1.424524e-01;3.392479e-01;2.591901e-02;3.959850e-02;2.596313e-02;2.113283e-02;2.119468e-02
2.647145e-02;2.598583e-02;8.503629e-02;4.220995e-02;1.632172e-01;1.289555e-01;3.227107e-01;3.041302e-02;4.818312e-02;3.914633e-02;3.276225e-02;5.490836e-02
4.504476e-02;4.602352e-02;1.104390e-01;5.833511e-02;1.169187e-01;8.537075e-02;2.150299e-01;5.924355e-02;7.309147e-02;5.240255e-02;5.417199e-02;8.392882e-02
7.383036e-02;4.118486e-02;9.009471e-02;6.776501e-02;1.057228e-01;5.267221e-02;1.115608e-01;1.071068e-01;1.282959e-01;4.990900e-02;8.049792e-02;9.135965e-02
8.362372e-02;3.161967e-02;5.284337e-02;5.970909e-02;6.883107e-02;4.252494e-02;1.192957e-01;1.326147e-01;1.876595e-01;6.006617e-02;1.006433e-01;6.056879e-02
5.833349e-02;2.184844e-02;7.300095e-02;5.147195e-02;3.885625e-02;2.522550e-02;1.398263e-01;1.205463e-01;2.251596e-01;1.148256e-01;6.355681e-02;6.734869e-02
5.628907e-02;3.622206e-02;1.273942e-01;4.880413e-02;5.144444e-02;6.622025e-02;1.238708e-01;8.406914e-02;1.932771e-01;1.255843e-01;2.385198e-02;6.297249e-02
7.818457e-02;4.785598e-02;1.891394e-01;4.709666e-02;6.987693e-02;9.248082e-02;1.270540e-01;6.744640e-02;9.952205e-02;8.798113e-02;3.762466e-02;5.573747e-02
3.349295e-02;8.424200e-02;1.424991e-01;6.659927e-02;6.050606e-02;9.664872e-02;1.925128e-01;1.082907e-01;7.017940e-02;7.296395e-02;3.631342e-02;3.575164e-02
2.827687e-02;3.812857e-02;6.827149e-02;4.906002e-02;4.462954e-02;1.032569e-01;3.860310e-01;1.171464e-01;4.742152e-02;6.703349e-02;2.648183e-02;2.426233e-02
2.820383e-02;5.708056e-02;3.526097e-02;2.772291e-02;3.772811e-02;8.013666e-02;5.229019e-01;9.370676e-02;2.826882e-02;4.060040e-02;3.546957e-02;1.291951e-02
2.097869e-02;8.161339e-02;1.650310e-02;1.469619e-02;2.787046e-02;5.665967e-02;6.208667e-01;7.220104e-02;2.486625e-02;1.899352e-02;4.095494e-02;3.796064e-03
1.182474e-02;8.636016e-02;2.148416e-02;7.268711e-03;1.822324e-02;4.683365e-02;6.848887e-01;6.098361e-02;1.765341e-02;1.056541e-02;3.154840e-02;2.365764e-03
8.578585e-03;7.166392e-02;2.367315e-02;5.431434e-03;2.071396e-02;3.810711e-02;7.193714e-01;5.845258e-02;1.768481e-02;9.970696e-03;2.028857e-02;6.063722e-03
1.360423e-02;5.308016e-02;3.125920e-02;8.413590e-03;5.248855e-02;8.170239e-02;6.287277e-01;5.095548e-02;3.457444e-02;1.567031e-02;1.797139e-02;1.155252e-02
3.238956e-02;3.766323e-02;6.268997e-02;1.619467e-02;1.302543e-01;1.337202e-01;3.920667e-01;5.505748e-02;4.917906e-02;3.373350e-02;3.300350e-02;2.404790e-02
7.164371e-02;1.715429e-02;7.377695e-02;1.494736e-02;1.579552e-01;1.470110e-01;3.588580e-01;3.942288e-02;3.622732e-02;2.910264e-02;2.718001e-02;2.672070e-02
8.029792e-02;1.342940e-02;2.453912e-02;1.107476e-02;1.512587e-01;1.829345e-01;4.549671e-01;1.520555e-02;2.198508e-02;2.185296e-02;1.020602e-02;1.224886e-02
6.850691e-02;1.349499e-02;2.529086e-02;9.517502e-03;1.460712e-01;1.851845e-01;4.896100e-01;9.251386e-03;1.850366e-02;2.117933e-02;8.298169e-03;5.091478e-03
6.449974e-02;1.955968e-02;3.860128e-02;1.100258e-02;1.386258e-01;1.783632e-01;4.739127e-01;1.705305e-02;1.919905e-02;2.022061e-02;9.588933e-03;9.373325e-03
6.826531e-02;1.822263e-02;3.120133e-02;1.911663e-02;1.161282e-01;1.648154e-01;4.896300e-01;1.758310e-02;2.410347e-02;1.779559e-02;1.642721e-02;1.671113e-02
5.073573e-02;2.843656e-02;1.842239e-02;1.713706e-02;8.017320e-02;1.334422e-01;5.915284e-01;1.791256e-02;1.922801e-02;9.586913e-03;1.526532e-02;1.813168e-02
2.874390e-02;5.807916e-02;1.492739e-02;1.208745e-02;4.725713e-02;9.734155e-02;6.873848e-01;1.604181e-02;1.263845e-02;8.447750e-03;7.528774e-03;9.521843e-03
1.825754e-02;8.518045e-02;8.771946e-03;7.772439e-03;2.561675e-02;6.597330e-02;7.311375e-01;2.734757e-02;1.019940e-02;9.279278e-03;6.956347e-03;3.507448e-03
1.343330e-02;1.082005e-01;1.531346e-02;5.016468e-03;1.965429e-02;4.637929e-02;7.238240e-01;3.979246e-02;1.167761e-02;9.633842e-03;4.960327e-03;2.114486e-03
2.619061e-02;1.107739e-01;1.969973e-02;4.326361e-03;2.921117e-02;6.228661e-02;6.771639e-01;3.772575e-02;1.157366e-02;8.658003e-03;8.256749e-03;4.133511e-03
7.207739e-02;8.073341e-02;2.448196e-02;6.357127e-03;5.753026e-02;1.050089e-01;5.665721e-01;2.740278e-02;1.523429e-02;1.674380e-02;8.947077e-03;1.891091e-02
1.072086e-01;4.757551e-02;6.503089e-02;2.260415e-02;1.075939e-01;1.119757e-01;3.447871e-01;2.222750e-02;4.388683e-02;3.951422e-02;2.363203e-02;6.396353e-02
8.050039e-02;5.164643e-02;1.559352e-01;5.373870e-02;1.319273e-01;6.637391e-02;1.290814e-01;3.024525e-02;8.167382e-02;7.582202e-02;5.060361e-02;9.245200e-02
5.682079e-02;6.983161e-02;2.051467e-01;6.365395e-02;1.297138e-01;5.389209e-02;9.204778e-02;5.232641e-02;7.602628e-02;9.828493e-02;3.875508e-02;6.350052e-02
7.488842e-02;3.802722e-02;1.420093e-01;6.378047e-02;1.633199e-01;7.950527e-02;1.447683e-01;3.621619e-02;6.472198e-02;5.384995e-02;4.804553e-02;9.086746e-02
9.722859e-02;7.989185e-02;5.374593e-02;2.374896e-02;1.224760e-01;1.271231e-01;2.778186e-01;5.728612e-02;4.713112e-02;2.846652e-02;1.314864e-02;7.193460e-02
7.254343e-02;1.363684e-01;7.973199e-02;6.527414e-03;4.992076e-02;8.298072e-02;3.176616e-01;1.350010e-01;4.460780e-02;2.060832e-02;2.329703e-02;3.075147e-02
2.597724e-02;1.808029e-01;1.207900e-01;3.411008e-03;1.689802e-02;2.986675e-02;3.061198e-01;1.993647e-01;5.688460e-02;1.204050e-02;2.755948e-02;2.028489e-02
1.267589e-02;2.804431e-01;9.756011e-02;8.985690e-03;1.093491e-02;1.740501e-02;2.950792e-01;1.533077e-01;5.292889e-02;7.963371e-03;4.834944e-02;1.436678e-02
6.522328e-02;3.731965e-01;3.391264e-02;1.850957e-02;1.106826e-02;3.906549e-02;2.803286e-01;6.253342e-02;3.708619e-02;1.642438e-02;5.016186e-02;1.248983e-02
2.413368e-01;3.046795e-01;1.865943e-02;1.816240e-02;1.695173e-02;8.235854e-02;2.075254e-01;1.841483e-02;2.515836e-02;2.986604e-02;2.456844e-02;1.231849e-02
3.990471e-01;1.165216e-01;2.074013e-02;2.062741e-02;3.649194e-02;1.177104e-01;1.277467e-01;7.568386e-03;2.364099e-02;4.123571e-02;2.890685e-02;5.976273e-02
3.823826e-01;8.619779e-02;2.331303e-02;2.206327e-02;4.766129e-02;1.222280e-01;8.803582e-02;1.031152e-02;3.094631e-02;3.982061e-02;4.157051e-02;1.054693e-01
3.398276e-01;7.327740e-02;2.348878e-02;2.313285e-02;5.799374e-02;1.414309e-01;8.216495e-02;2.006142e-02;3.776232e-02;3.613196e-02;5.389771e-02;1.108303e-01
3.180098e-01;5.942108e-02;2.168910e-02;1.587520e-02;7.578988e-02;1.848530e-01;9.529366e-02;3.965806e-02;3.150047e-02;3.612363e-02;3.536978e-02;8.641633e-02
3.365856e-01;4.385645e-02;2.032375e-02;1.508847e-02;9.210103e-02;2.064799e-01;9.607474e-02;4.049218e-02;2.386997e-02;3.409037e-02;1.877099e-02;7.226653e-02
3.309520e-01;3.250565e-02;2.170131e-02;1.601213e-02;9.409438e-02;2.405934e-01;1.047520e-01;3.677641e-02;1.577295e-02;2.896183e-02;1.889936e-02;5.897857e-02
3.148560e-01;3.865654e-02;1.984286e-02;1.409134e-02;9.457527e-02;2.559798e-01;1.014082e-01;4.143747e-02;1.878357e-02;4.084517e-02;2.169718e-02;3.782659e-02
3.383253e-01;3.036758e-02;2.009285e-02;7.902639e-03;9.608998e-02;2.567402e-01;1.136971e-01;3.035772e-02;2.198732e-02;3.898790e-02;1.503706e-02;3.041440e-02
3.422192e-01;1.902919e-02;3.067632e-02;7.697680e-03;1.093033e-01;2.412755e-01;9.064809e-02;2.688606e-02;2.482429e-02;1.988626e-02;1.069586e-02;7.685828e-02
3.238916e-01;2.312037e-02;2.793332e-02;1.153627e-02;1.104506e-01;2.082098e-01;8.761127e-02;2.152670e-02;3.825991e-02;2.494510e-02;1.472887e-02;1.077862e-01
2.882135e-01;3.592186e-02;5.821839e-02;1.285510e-02;1.284164e-01;1.726310e-01;8.996106e-02;1.910468e-02;6.460417e-02;2.192603e-02;1.934641e-02;8.880148e-02
1.575418e-01;2.981985e-02;1.392737e-01;1.864604e-02;1.700751e-01;1.475015e-01;8.102684e-02;2.400360e-02;8.633668e-02;1.100303e-02;3.104331e-02;1.037285e-01
5.142608e-02;1.131550e-02;1.766277e-01;1.256396e-02;1.823562e-01;1.496635e-01;8.290080e-02;2.615861e-02;1.037040e-01;1.187442e-02;2.403523e-02;1.673740e-01
4.822148e-02;1.155832e-02;1.660052e-01;1.458996e-02;2.103114e-01;1.029161e-01;5.133818e-02;1.466960e-02;1.298400e-01;5.041057e-03;1.436246e-02;2.311462e-01
3.077152e-02;1.206015e-02;1.345560e-01;3.111661e-02;2.295741e-01;6.541901e-02;4.568773e-02;1.008484e-02;1.475108e-01;6.773311e-03;1.619022e-02;2.702558e-01
4.090662e-02;1.183582e-02;1.234662e-01;4.961148e-02;2.243911e-01;5.020486e-02;4.872423e-02;1.644144e-02;1.304349e-01;9.007085e-03;4.093441e-02;2.540418e-01
4.327972e-02;2.238134e-02;1.290907e-01;5.121236e-02;2.008183e-01;6.600219e-02;7.322078e-02;2.401302e-02;1.086307e-01;1.502000e-02;3.892508e-02;2.274058e-01
