5.323817e-02;5.026186e-02;7.836282e-02;4.112831e-02;1.444032e-01;8.531691e-02;9.704772e-02;1.092728e-01;8.979044e-02;1.197251e-01;6.217766e-02;6.927498e-02
6.799177e-02;2.785255e-02;1.113592e-01;5.717117e-02;1.587652e-01;7.191325e-02;1.086328e-01;6.389131e-02;7.433330e-02;9.538796e-02;9.258912e-02;7.011242e-02
6.064793e-02;2.586062e-02;1.842026e-01;8.802965e-02;1.374536e-01;8.174361e-02;8.560776e-02;3.080290e-02;6.575263e-02;9.897759e-02;7.927226e-02;6.164887e-02
4.362348e-02;2.802111e-02;2.734394e-01;8.114992e-02;1.103636e-01;5.926517e-02;8.240969e-02;2.770861e-02;5.660178e-02;1.288942e-01;6.169527e-02;4.682781e-02
3.253467e-02;9.004536e-02;3.279682e-01;4.944842e-02;6.086025e-02;5.890089e-02;7.623539e-02;1.920065e-02;7.499336e-02;1.435107e-01;3.426465e-02;3.203739e-02
4.279156e-02;1.733924e-01;2.654737e-01;3.313475e-02;2.342004e-02;8.442242e-02;5.236331e-02;2.283978e-02;1.546418e-01;9.945595e-02;1.225385e-02;3.581033e-02
1.281516e-01;1.984472e-01;1.621489e-01;2.936452e-02;2.181689e-02;8.920920e-02;2.807266e-02;6.425351e-02;1.852855e-01;4.399025e-02;1.013621e-02;3.912361e-02
2.520155e-01;1.382319e-01;1.009723e-01;1.997025e-02;4.698717e-02;5.120809e-02;6.185584e-02;1.277471e-01;1.273137e-01;1.929980e-02;1.667226e-02;3.772610e-02
2.373472e-01;7.555562e-02;1.081886e-01;3.376484e-02;6.762132e-02;3.744323e-02;1.355126e-01;1.192264e-01;6.367403e-02;2.869493e-02;3.336120e-02;5.960998e-02
1.236314e-01;5.830205e-02;1.188971e-01;5.032796e-02;8.422007e-02;6.532414e-02;1.880603e-01;5.830134e-02;7.340419e-02;5.529565e-02;5.241845e-02;7.181738e-02
5.913694e-02;5.178862e-02;1.028603e-01;5.742774e-02;9.999388e-02;7.998040e-02;2.026610e-01;5.248871e-02;8.315707e-02;7.735295e-02;6.289453e-02;7.025778e-02
6.898124e-02;6.388777e-02;1.346870e-01;4.590341e-02;7.631407e-02;9.533305e-02;1.422818e-01;1.050767e-01;7.494402e-02;8.288901e-02;5.655348e-02;5.314844e-02
5.717705e-02;6.911317e-02;1.085418e-01;8.988693e-02;9.448988e-02;1.081654e-01;8.381217e-02;1.346142e-01;7.037224e-02;7.970662e-02;7.036225e-02;3.375829e-02
5.328378e-02;5.925630e-02;1.192722e-01;8.757024e-02;1.139126e-01;1.029508e-01;8.597348e-02;1.231583e-01;7.704571e-02;6.877211e-02;5.840554e-02;5.039899e-02
1.042239e-01;9.318568e-02;1.239451e-01;9.591652e-02;9.057426e-02;7.151375e-02;1.023524e-01;6.239037e-02;8.430143e-02;5.577496e-02;5.422417e-02;6.159740e-02
1.063907e-01;1.146131e-01;1.198334e-01;6.411662e-02;6.207832e-02;6.849490e-02;1.075483e-01;6.585282e-02;8.508342e-02;8.627575e-02;5.582983e-02;6.388282e-02
8.746620e-02;7.799996e-02;1.817647e-01;8.870213e-02;6.035553e-02;4.253884e-02;1.169030e-01;6.186014e-02;7.857428e-02;7.792691e-02;5.825758e-02;6.765079e-02
5.514336e-02;5.473847e-02;2.361177e-01;9.018770e-02;5.714194e-02;4.628140e-02;1.076864e-01;3.244562e-02;9.680227e-02;9.425048e-02;6.650691e-02;6.269772e-02
2.611781e-02;6.180198e-02;2.776201e-01;6.154079e-02;4.482695e-02;4.457733e-02;7.627821e-02;2.615669e-02;1.178168e-01;1.358447e-01;6.631295e-02;6.110578e-02
2.962989e-02;1.152605e-01;2.898940e-01;3.224096e-02;2.155306e-02;4.875229e-02;3.564073e-02;1.870229e-02;1.491272e-01;1.445676e-01;4.261778e-02;7.201377e-02
3.025661e-02;1.666414e-01;2.675515e-01;1.139595e-02;6.446217e-03;7.110134e-02;1.800537e-02;1.425852e-02;1.713018e-01;1.313013e-01;2.957579e-02;8.216419e-02
2.894965e-02;1.948297e-01;2.137909e-01;8.965057e-03;9.551464e-03;1.015434e-01;1.909366e-02;1.442394e-02;2.248513e-01;9.506586e-02;1.866731e-02;7.026778e-02
3.529642e-02;2.239088e-01;1.433415e-01;1.079560e-02;1.732494e-02;1.233269e-01;1.315457e-02;1.830395e-02;2.952191e-01;5.681170e-02;1.173460e-02;5.078190e-02
7.086961e-02;2.306715e-01;9.485849e-02;1.333029e-02;2.515717e-02;1.134606e-01;2.217658e-02;5.141222e-02;2.938055e-01;3.228042e-02;1.642546e-02;3.555217e-02
1.258935e-01;2.217107e-01;9.360077e-02;1.940261e-02;2.838309e-02;7.637283e-02;4.406645e-02;9.296966e-02;2.060621e-01;4.212404e-02;1.652810e-02;3.288617e-02
1.864457e-01;2.080217e-01;1.510608e-01;2.210719e-02;3.784458e-02;2.456850e-02;4.220049e-02;7.156308e-02;1.827058e-01;4.201713e-02;1.136983e-02;2.009516e-02
2.380057e-01;1.742319e-01;1.017699e-01;1.164499e-02;5.592471e-02;1.568710e-02;2.500997e-02;1.160453e-01;2.124863e-01;1.351654e-02;2.233621e-02;1.334144e-02
2.707582e-01;1.362052e-01;7.657576e-02;6.227832e-03;7.851312e-02;1.096670e-02;1.123030e-02;1.648312e-01;1.895158e-01;9.808646e-03;3.223440e-02;1.313285e-02
2.426018e-01;1.411365e-01;6.719413e-02;1.699634e-02;1.044090e-01;9.279530e-03;2.630439e-02;1.474329e-01;1.762630e-01;1.596605e-02;3.613907e-02;1.627725e-02
2.037179e-01;1.784170e-01;7.467055e-02;2.532651e-02;1.307823e-01;1.233549e-02;3.549639e-02;9.188310e-02;1.697748e-01;2.167419e-02;3.811411e-02;1.780773e-02
1.969150e-01;1.772338e-01;6.291722e-02;2.447026e-02;1.555495e-01;1.278496e-02;3.028232e-02;1.085903e-01;1.488741e-01;1.916679e-02;4.479030e-02;1.842544e-02
1.948658e-01;1.532369e-01;5.750424e-02;2.015175e-02;1.490784e-01;2.788670e-02;2.080554e-02;1.155314e-01;1.774688e-01;1.512487e-02;5.043620e-02;1.790939e-02
2.152715e-01;1.718626e-01;6.499417e-02;1.692257e-02;1.032033e-01;3.225942e-02;1.873630e-02;9.435100e-02;2.180196e-01;1.202916e-02;3.528659e-02;1.706381e-02
2.270137e-01;2.061423e-01;7.781065e-02;1.369229e-02;4.759788e-02;2.840617e-02;1.609955e-02;8.378085e-02;2.612952e-01;1.025488e-02;1.472694e-02;1.317959e-02
1.745592e-01;2.168631e-01;8.388866e-02;1.604750e-02;1.552837e-02;5.174221e-02;1.015641e-02;5.938926e-02;3.258513e-01;1.670468e-02;2.020648e-02;9.062823e-03
1.165722e-01;2.198349e-01;9.676181e-02;1.474942e-02;1.380386e-02;6.084841e-02;1.516636e-02;5.689164e-02;3.691286e-01;9.385514e-03;1.235840e-02;1.449886e-02
8.948006e-02;2.238405e-01;1.259065e-01;1.233163e-02;8.462666e-03;5.215349e-02;9.405319e-03;4.930598e-02;3.917946e-01;1.075810e-02;5.473972e-03;2.108726e-02
8.806314e-02;2.316638e-01;1.551456e-01;1.601058e-02;9.801571e-03;4.759900e-02;8.744008e-03;2.060803e-02;3.829325e-01;1.638473e-02;6.892612e-03;1.615438e-02
9.277555e-02;2.504919e-01;1.698174e-01;1.507764e-02;7.916623e-03;4.132976e-02;6.980538e-03;1.249905e-02;3.658700e-01;1.299743e-02;4.228104e-03;2.001601e-02
1.088843e-01;2.683940e-01;1.634529e-01;1.456134e-02;5.767069e-03;3.505505e-02;8.701547e-03;1.562573e-02;3.442214e-01;1.168370e-02;2.120015e-03;2.153285e-02
1.400738e-01;2.845407e-01;1.526930e-01;1.355925e-02;3.670987e-03;2.910194e-02;1.057117e-02;2.639231e-02;3.062340e-01;1.150421e-02;5.964777e-03;1.569391e-02
1.912679e-01;2.900678e-01;1.608225e-01;1.324155e-02;5.819575e-03;2.156327e-02;5.753144e-03;3.489346e-02;2.414808e-01;1.334362e-02;8.465266e-03;1.328109e-02
2.563413e-01;2.719253e-01;1.802296e-01;1.368385e-02;5.459610e-03;1.508940e-02;9.563200e-03;4.038439e-02;1.621941e-01;1.569691e-02;9.616349e-03;1.981609e-02
2.874847e-01;2.186819e-01;1.954193e-01;1.901413e-02;9.998593e-03;1.374874e-02;2.961042e-02;4.441937e-02;9.352434e-02;2.593533e-02;2.379896e-02;3.836430e-02
2.817051e-01;1.474343e-01;1.830064e-01;2.448086e-02;2.956278e-02;1.687969e-02;6.790058e-02;3.918317e-02;5.427366e-02;4.306789e-02;4.990648e-02;6.259909e-02
2.224616e-01;7.108621e-02;1.386150e-01;3.186889e-02;5.182741e-02;2.962442e-02;1.083538e-01;6.447189e-02;3.731593e-02;6.979665e-02;8.695605e-02;8.762217e-02
9.581403e-02;5.686429e-02;1.043864e-01;1.688182e-02;4.271422e-02;3.488720e-02;1.168460e-01;9.444944e-02;7.683891e-02;9.976449e-02;1.658296e-01;9.472363e-02
2.420870e-02;5.750856e-02;5.010342e-02;3.082486e-02;1.772103e-02;5.548065e-02;1.009018e-01;8.387725e-02;1.069295e-01;1.505673e-01;2.388570e-01;8.301982e-02
4.939156e-02;4.356724e-02;8.140296e-02;3.028389e-02;2.299498e-02;4.669965e-02;1.050682e-01;6.062182e-02;9.922471e-02;1.560260e-01;2.392700e-01;6.544897e-02
3.213385e-02;3.847734e-02;8.844756e-02;4.633576e-02;7.029049e-02;6.752738e-02;8.416270e-02;6.537405e-02;8.640820e-02;1.343499e-01;1.972225e-01;8.927019e-02
5.911495e-02;6.457127e-02;1.021183e-01;6.564718e-02;9.528024e-02;7.962000e-02;1.001234e-01;6.612009e-02;8.986931e-02;9.909069e-02;1.000507e-01;7.839393e-02
7.615545e-02;8.442847e-02;2.322781e-01;6.997597e-02;6.585407e-02;9.803676e-02;1.112056e-01;5.842111e-02;6.056878e-02;6.221331e-02;4.008296e-02;4.077938e-02
9.543261e-02;9.646226e-02;3.321052e-01;5.072612e-02;3.680831e-02;8.985508e-02;9.940764e-02;4.515845e-02;4.026159e-02;6.179226e-02;3.526849e-02;1.672203e-02
9.563643e-02;1.117743e-01;4.489056e-01;3.634491e-02;3.761322e-02;4.673768e-02;6.910624e-02;2.443433e-02;3.818579e-02;3.687314e-02;3.094391e-02;2.344446e-02
7.506254e-02;1.347918e-01;5.339518e-01;3.563068e-02;2.555944e-02;3.937715e-02;4.267308e-02;1.252601e-02;5.652773e-02;1.691588e-02;1.356475e-02;1.341919e-02
8.006650e-02;1.346303e-01;5.168141e-01;3.561451e-02;2.586344e-02;5.588609e-02;2.207491e-02;1.779344e-02;6.525497e-02;2.687130e-02;7.411033e-03;1.171944e-02
1.153190e-01;1.231169e-01;4.162318e-01;3.784316e-02;4.407732e-02;6.029418e-02;4.939033e-02;2.390175e-02;6.078245e-02;3.562340e-02;1.557467e-02;1.784499e-02
1.827779e-01;1.123157e-01;2.029202e-01;4.456636e-02;6.659647e-02;6.524302e-02;1.095989e-01;5.629923e-02;6.178566e-02;4.105136e-02;3.127851e-02;2.556667e-02
1.912248e-01;5.279075e-02;3.943034e-01;3.298187e-02;3.916727e-02;3.190088e-02;7.404305e-02;8.077925e-02;2.179581e-02;3.013518e-02;2.879844e-02;2.207941e-02
1.397114e-01;9.664490e-02;5.296600e-01;2.205869e-02;1.944762e-02;1.087359e-02;3.629691e-02;5.018703e-02;3.232221e-02;2.139663e-02;2.320631e-02;1.819477e-02
1.335859e-01;1.138355e-01;5.725419e-01;2.063513e-02;1.175980e-02;7.918441e-03;3.195745e-02;2.137331e-02;3.466907e-02;1.429198e-02;2.138047e-02;1.605100e-02
1.463078e-01;1.199486e-01;5.420969e-01;1.758079e-02;1.652558e-02;7.251758e-03;3.234033e-02;2.081611e-02;4.109719e-02;1.705477e-02;2.098694e-02;1.799315e-02
1.644372e-01;1.271891e-01;5.283839e-01;1.480884e-02;1.567814e-02;1.159800e-02;3.154596e-02;1.838318e-02;3.013518e-02;2.136692e-02;1.956124e-02;1.691242e-02
1.496361e-01;1.205780e-01;4.554186e-01;2.040450e-02;2.077368e-02;2.292638e-02;6.358480e-02;3.529574e-02;3.395123e-02;2.971979e-02;2.619395e-02;2.151712e-02
5.416915e-02;1.063145e-01;3.008550e-01;3.285450e-02;5.038994e-02;5.630930e-02;8.722155e-02;6.387769e-02;1.139849e-01;5.895392e-02;4.758969e-02;2.747988e-02
5.024580e-02;1.234900e-01;2.445550e-01;3.554665e-02;5.346725e-02;5.776351e-02;7.013794e-02;6.117115e-02;1.729512e-01;6.360115e-02;4.573011e-02;2.134022e-02
8.002758e-02;1.704735e-01;2.022192e-01;2.642808e-02;3.554405e-02;5.493769e-02;4.141418e-02;4.822815e-02;2.283113e-01;6.217840e-02;3.516572e-02;1.507227e-02
1.045057e-01;2.002570e-01;1.364214e-01;1.461110e-02;6.072455e-02;7.844302e-02;2.522762e-02;3.437889e-02;2.524757e-01;5.204156e-02;2.592444e-02;1.498899e-02
1.228742e-01;1.542966e-01;7.677994e-02;2.385752e-02;1.215354e-01;6.415361e-02;3.292992e-02;5.796239e-02;1.978673e-01;5.355887e-02;7.661831e-02;1.756594e-02
1.264323e-01;1.106608e-01;6.574594e-02;2.593660e-02;1.961903e-01;4.961148e-02;4.522951e-02;6.351879e-02;1.478649e-01;4.951381e-02;1.027143e-01;1.658114e-02
1.155954e-01;1.203385e-01;6.276324e-02;1.421513e-02;2.034206e-01;5.297143e-02;4.459027e-02;7.678553e-02;1.484935e-01;4.529468e-02;1.056713e-01;9.860457e-03
9.448884e-02;1.527870e-01;5.852383e-02;9.309206e-03;1.639373e-01;8.179753e-02;3.959155e-02;4.910384e-02;2.193227e-01;4.683496e-02;7.404574e-02;1.025754e-02
6.355893e-02;1.708665e-01;5.931548e-02;1.390554e-02;9.628313e-02;1.504597e-01;3.442826e-02;2.969475e-02;2.920174e-01;3.749162e-02;3.995718e-02;1.202153e-02
4.220908e-02;1.817916e-01;5.428048e-02;2.665902e-02;4.211078e-02;1.980232e-01;2.240887e-02;2.587007e-02;3.316693e-01;2.456435e-02;2.262321e-02;2.778990e-02
2.679055e-02;1.941001e-01;5.874725e-02;2.429739e-02;2.190546e-02;2.336094e-01;1.380632e-02;1.710792e-02;3.332154e-01;1.572690e-02;1.136663e-02;4.932664e-02
1.946687e-02;2.177392e-01;7.338654e-02;2.255609e-02;7.598012e-03;2.321189e-01;8.248985e-03;1.339370e-02;3.088253e-01;1.597045e-02;1.047060e-02;7.022525e-02
2.592394e-02;2.518081e-01;8.445311e-02;2.627344e-02;4.716319e-03;1.940241e-01;8.189494e-03;1.679703e-02;2.890389e-01;1.722946e-02;8.230622e-03;7.331552e-02
6.288897e-02;2.641329e-01;9.936254e-02;2.106361e-02;1.257061e-02;1.341323e-01;1.190894e-02;2.821113e-02;2.834334e-01;1.565028e-02;9.518472e-03;5.712681e-02
1.338417e-01;1.983699e-01;1.138420e-01;1.623019e-02;2.147365e-02;8.278640e-02;5.581490e-02;6.838625e-02;2.355072e-01;2.024228e-02;2.314115e-02;3.036441e-02
1.727262e-01;9.507591e-02;1.104308e-01;3.294636e-02;4.411504e-02;6.258415e-02;1.296350e-01;9.078838e-02;1.598526e-01;4.244234e-02;3.021276e-02;2.919053e-02
1.430188e-01;5.300536e-02;8.075497e-02;4.999166e-02;6.027649e-02;6.483324e-02;1.776976e-01;7.496225e-02;1.197326e-01;7.238631e-02;4.877866e-02;5.456199e-02
9.016067e-02;5.278497e-02;9.775647e-02;5.478346e-02;7.435495e-02;7.080997e-02;1.628675e-01;5.552261e-02;1.351659e-01;8.698991e-02;5.722776e-02;6.157578e-02
6.362831e-02;5.512480e-02;1.188826e-01;5.519098e-02;1.115455e-01;9.097835e-02;1.123962e-01;5.900988e-02;1.538304e-01;6.858487e-02;5.197328e-02;5.885483e-02
7.107276e-02;7.175041e-02;1.014809e-01;5.370875e-02;1.304412e-01;1.057499e-01;7.673492e-02;8.692215e-02;1.155042e-01;6.519641e-02;5.801580e-02;6.342258e-02
7.412560e-02;4.320630e-02;1.083479e-01;8.709892e-02;8.651835e-02;1.408998e-01;6.537877e-02;7.519229e-02;9.264112e-02;8.728027e-02;5.887243e-02;8.043823e-02
9.090397e-02;3.614696e-02;9.082890e-02;1.047146e-01;7.827272e-02;1.292271e-01;9.440062e-02;5.453122e-02;1.125478e-01;9.203111e-02;4.191188e-02;7.448316e-02
9.808291e-02;4.985087e-02;7.742154e-02;8.347252e-02;7.533054e-02;6.881954e-02;1.177077e-01;8.299126e-02;1.321358e-01;8.967204e-02;6.493413e-02;5.958118e-02
1.153972e-01;8.555692e-02;8.647619e-02;7.426844e-02;4.236474e-02;9.385653e-02;8.497582e-02;1.120960e-01;1.290684e-01;7.492572e-02;6.579011e-02;3.522389e-02
9.251983e-02;1.057866e-01;8.624905e-02;7.430941e-02;6.061741e-02;1.007266e-01;8.155543e-02;1.462759e-01;8.779222e-02;6.093781e-02;4.766281e-02;5.556688e-02
6.153313e-02;8.342309e-02;1.267392e-01;1.005510e-01;8.209678e-02;9.135588e-02;9.731434e-02;1.159329e-01;6.422123e-02;6.465246e-02;3.675875e-02;7.542127e-02
4.738314e-02;7.823988e-02;1.330173e-01;9.734903e-02;9.870590e-02;7.952352e-02;8.779511e-02;7.630381e-02;9.748454e-02;7.202756e-02;3.501977e-02;9.715043e-02
3.317369e-02;9.899551e-02;2.212731e-01;6.091635e-02;7.111870e-02;3.363374e-02;6.926721e-02;3.327400e-02;1.551172e-01;1.250266e-01;5.022331e-02;4.798058e-02
4.412531e-02;1.102838e-01;2.469782e-01;3.832889e-02;3.382872e-02;4.215388e-02;4.269290e-02;2.497532e-02;2.005481e-01;1.459010e-01;4.819029e-02;2.199367e-02
4.494596e-02;1.421333e-01;2.101862e-01;1.856682e-02;2.147447e-02;5.475326e-02;2.005774e-02;2.336148e-02;2.799018e-01;1.199294e-01;2.998916e-02;3.470049e-02
6.291409e-02;1.923197e-01;1.424398e-01;9.693153e-03;1.063401e-02;5.595863e-02;1.684237e-02;4.140257e-02;3.630109e-01;6.195615e-02;1.441587e-02;2.841269e-02
1.034082e-01;1.948850e-01;1.082044e-01;1.230862e-02;7.960115e-03;4.393448e-02;3.696731e-02;9.375844e-02;3.486777e-01;1.958956e-02;1.403441e-02;1.627167e-02
1.295449e-01;1.412934e-01;1.217445e-01;1.675921e-02;2.457890e-02;3.786638e-02;8.913393e-02;1.360479e-01;2.513833e-01;2.075003e-02;1.598692e-02;1.491055e-02
1.319009e-01;9.437885e-02;1.202855e-01;2.301154e-02;4.671731e-02;4.345885e-02;1.503131e-01;1.368252e-01;1.724955e-01;3.361092e-02;2.323524e-02;2.376699e-02
1.185508e-01;7.292408e-02;1.099723e-01;3.200267e-02;7.398230e-02;5.201029e-02;2.290622e-01;8.955438e-02;1.101224e-01;5.705731e-02;2.395700e-02;3.080416e-02
4.706280e-02;7.062601e-02;1.922400e-01;3.321044e-02;4.697496e-02;6.799970e-02;1.446723e-01;1.575307e-01;1.246491e-01;5.169392e-02;4.432115e-02;1.901900e-02
2.750286e-02;9.747167e-02;7.930154e-02;2.016671e-02;2.883495e-02;7.376595e-02;7.471750e-02;2.271914e-01;2.990326e-01;2.843760e-02;2.225301e-02;2.132429e-02
3.468264e-02;1.076543e-01;7.106467e-02;2.642384e-02;3.357946e-02;7.806382e-02;8.609295e-02;1.581499e-01;3.022867e-01;5.095110e-02;2.025354e-02;3.079708e-02
5.382009e-02;9.143162e-02;6.740288e-02;2.805994e-02;2.340557e-02;4.600190e-02;7.915761e-02;1.182179e-01;3.720668e-01;4.709861e-02;3.719132e-02;3.614580e-02
6.446661e-02;6.619512e-02;6.963319e-02;2.751020e-02;2.881543e-02;3.980127e-02;7.015780e-02;7.411437e-02;4.318980e-01;5.087364e-02;3.732394e-02;3.921043e-02
6.852466e-02;5.679698e-02;6.895743e-02;4.910704e-02;3.911827e-02;4.392619e-02;1.018598e-01;1.000604e-01;3.333038e-01;6.662056e-02;3.387817e-02;3.784674e-02
4.288301e-02;6.185804e-02;9.264641e-02;7.544068e-02;3.443708e-02;6.815141e-02;1.124989e-01;1.616793e-01;1.845479e-01;6.405302e-02;4.618476e-02;5.561944e-02
6.290251e-02;7.417804e-02;1.626004e-01;6.070033e-02;5.499072e-02;5.462081e-02;1.343268e-01;8.448604e-02;1.217345e-01;5.942253e-02;7.113513e-02;5.890219e-02
7.583305e-02;2.927716e-02;1.328835e-01;5.214082e-02;6.309828e-02;3.050263e-02;9.779751e-02;5.853048e-02;1.153531e-01;1.067161e-01;1.233927e-01;1.144747e-01
7.703532e-02;6.051378e-02;1.496554e-01;3.028605e-02;5.767320e-02;2.832441e-02;1.064714e-01;3.370009e-02;1.029776e-01;1.246562e-01;1.224846e-01;1.062220e-01
6.733342e-02;1.013690e-01;1.415988e-01;2.753810e-02;4.646989e-02;5.737258e-02;9.109864e-02;2.707532e-02;1.241952e-01;1.171057e-01;1.094978e-01;8.934559e-02
4.413381e-02;1.714228e-01;1.214572e-01;3.048263e-02;3.427034e-02;1.042477e-01;5.877952e-02;2.416829e-02;1.915894e-01;8.276326e-02;7.297330e-02;6.371173e-02
2.320467e-02;2.624430e-01;8.604187e-02;2.934674e-02;1.766937e-02;1.526732e-01;2.436157e-02;1.992714e-02;2.898305e-01;2.805652e-02;2.839254e-02;3.805285e-02
3.051634e-02;2.993585e-01;5.121426e-02;1.854801e-02;7.575513e-03;1.748374e-01;1.445552e-02;2.262732e-02;3.454894e-01;1.064251e-02;5.784282e-03;1.895099e-02
3.293216e-02;2.799145e-01;4.590976e-02;2.097054e-02;2.380333e-02;1.807734e-01;1.204002e-02;2.390505e-02;3.533680e-01;9.175611e-03;6.100527e-03;1.110711e-02
3.856363e-02;2.665620e-01;5.147881e-02;2.370804e-02;1.924440e-02;1.760488e-01;1.474321e-02;2.256369e-02;3.496380e-01;1.092874e-02;6.737626e-03;1.978301e-02
4.577157e-02;2.780767e-01;5.227740e-02;2.499946e-02;1.819510e-02;1.561894e-01;1.716598e-02;2.271151e-02;3.438515e-01;7.130602e-03;1.137487e-02;2.225587e-02
7.050340e-02;2.879258e-01;6.089846e-02;2.777174e-02;1.582544e-02;1.237389e-01;1.632763e-02;2.551808e-02;3.143663e-01;1.099411e-02;1.239756e-02;3.373256e-02
1.381229e-01;2.680189e-01;7.985099e-02;2.780375e-02;1.696270e-02;8.050094e-02;1.336264e-02;4.204475e-02;2.698448e-01;1.121091e-02;1.549433e-02;3.678241e-02
1.973922e-01;2.039024e-01;1.125644e-01;1.345062e-02;2.891690e-02;5.070521e-02;2.194356e-02;7.874089e-02;2.220615e-01;1.936148e-02;2.456585e-02;2.639490e-02
1.994136e-01;1.527774e-01;1.266350e-01;1.409600e-02;3.046824e-02;4.518263e-02;4.436537e-02;1.107425e-01;1.938726e-01;2.323681e-02;2.773442e-02;3.147550e-02
2.004004e-01;1.201127e-01;1.080179e-01;1.797152e-02;3.320098e-02;3.665458e-02;7.011437e-02;1.267723e-01;1.774208e-01;3.466598e-02;3.246214e-02;4.220636e-02
1.640121e-01;8.464662e-02;1.294653e-01;1.477587e-02;4.581214e-02;7.431828e-02;1.241517e-01;9.813949e-02;1.301562e-01;5.180350e-02;4.155577e-02;4.116294e-02
9.521163e-02;8.625402e-02;1.795822e-01;3.853848e-02;4.934074e-02;1.076448e-01;1.359364e-01;7.214988e-02;1.128777e-01;5.363669e-02;4.416459e-02;2.466275e-02
6.829499e-02;1.079300e-01;1.430379e-01;9.211694e-02;8.103765e-02;1.011720e-01;5.940355e-02;6.247770e-02;8.866711e-02;7.686306e-02;6.469453e-02;5.430462e-02
7.887607e-02;1.026535e-01;1.388027e-01;9.428014e-02;9.206121e-02;8.389743e-02;7.022896e-02;5.556644e-02;8.534905e-02;7.060483e-02;6.621820e-02;6.146149e-02
7.845102e-02;8.978457e-02;1.222903e-01;8.390187e-02;8.290937e-02;7.515252e-02;1.089026e-01;6.360844e-02;8.568279e-02;7.016403e-02;6.904081e-02;7.011165e-02
6.718614e-02;1.038334e-01;1.919183e-01;8.315719e-02;6.786326e-02;5.384185e-02;1.227222e-01;5.261211e-02;8.366887e-02;6.738265e-02;6.341454e-02;4.239956e-02
4.231614e-02;9.021438e-02;3.101520e-01;6.521055e-02;5.847537e-02;3.982879e-02;9.531263e-02;2.989331e-02;1.038965e-01;9.038606e-02;4.662069e-02;2.769357e-02
4.188223e-02;1.039181e-01;3.615812e-01;4.728859e-02;3.921381e-02;3.720202e-02;6.061048e-02;2.359559e-02;1.290182e-01;9.092389e-02;3.320228e-02;3.156367e-02
4.237429e-02;1.657375e-01;4.098046e-01;2.701294e-02;1.560135e-02;2.293092e-02;2.540145e-02;1.157594e-02;1.556547e-01;7.502325e-02;1.870844e-02;3.017472e-02
6.899526e-02;2.326933e-01;4.092849e-01;2.220523e-02;6.339956e-03;1.356883e-02;1.090501e-02;8.679146e-03;1.402225e-01;5.373766e-02;7.580922e-03;2.578727e-02
1.298601e-01;2.574845e-01;3.846089e-01;1.646541e-02;6.450975e-03;1.270991e-02;7.756180e-03;1.390182e-02;9.533158e-02;4.577731e-02;5.000055e-03;2.465329e-02
1.783873e-01;2.429690e-01;3.752529e-01;2.889811e-02;1.533404e-02;9.433178e-03;1.115037e-02;1.789413e-02;4.668520e-02;4.520728e-02;6.559520e-03;2.222900e-02
1.950386e-01;2.082085e-01;3.454297e-01;3.638976e-02;2.435748e-02;1.550061e-02;2.530652e-02;2.311707e-02;4.382090e-02;4.392922e-02;1.757043e-02;2.133113e-02
2.093458e-01;1.642590e-01;2.548447e-01;4.683068e-02;3.458808e-02;2.620653e-02;5.958501e-02;1.935278e-02;6.289970e-02;4.031490e-02;4.553573e-02;3.623710e-02
1.304217e-01;7.625296e-02;2.124334e-01;4.118925e-02;6.590803e-02;2.700762e-02;1.172044e-01;4.178489e-02;5.254912e-02;7.316474e-02;9.583928e-02;6.624460e-02
9.521092e-02;5.724687e-02;1.611432e-01;5.808119e-02;1.148159e-01;3.761265e-02;1.185045e-01;7.771982e-02;5.961128e-02;7.264954e-02;7.646040e-02;7.094367e-02
1.605060e-01;1.052953e-01;2.534057e-01;4.762515e-02;8.951914e-02;3.739844e-02;6.899661e-02;5.552004e-02;3.839498e-02;4.512130e-02;4.532903e-02;5.288841e-02
2.366576e-01;1.598788e-01;2.937828e-01;2.964010e-02;3.822874e-02;1.865472e-02;5.767585e-02;2.574103e-02;3.779297e-02;4.373400e-02;2.437332e-02;3.384009e-02
2.699177e-01;1.781452e-01;2.720819e-01;1.583451e-02;2.946986e-02;1.096950e-02;5.633000e-02;3.057911e-02;3.322127e-02;5.025024e-02;2.473009e-02;2.847064e-02
2.733956e-01;1.595902e-01;2.480918e-01;1.622629e-02;2.139595e-02;1.055713e-02;6.714457e-02;4.287989e-02;2.222962e-02;5.937623e-02;3.511151e-02;4.400114e-02
2.304915e-01;1.280256e-01;2.283675e-01;2.465219e-02;2.830742e-02;2.295825e-02;7.876366e-02;5.931195e-02;2.246201e-02;7.336112e-02;5.021550e-02;5.308329e-02
1.262124e-01;9.924968e-02;1.833367e-01;5.644263e-02;5.265369e-02;4.542032e-02;7.740448e-02;6.811798e-02;6.513980e-02;1.129419e-01;5.544455e-02;5.763579e-02
9.746030e-02;6.346776e-02;9.410537e-02;8.404664e-02;6.874610e-02;8.670437e-02;7.450198e-02;6.063432e-02;8.711898e-02;1.758440e-01;5.541409e-02;5.195607e-02
9.060652e-02;5.663868e-02;1.113466e-01;9.267531e-02;5.951258e-02;1.062467e-01;9.598859e-02;6.431241e-02;7.154132e-02;1.670568e-01;3.746567e-02;4.660878e-02
6.887322e-02;7.063146e-02;1.066588e-01;1.036600e-01;4.115116e-02;9.671354e-02;1.363776e-01;5.569438e-02;6.785404e-02;1.170909e-01;8.386943e-02;5.142543e-02
1.386825e-01;9.456029e-02;1.124915e-01;7.595941e-02;4.486898e-02;8.245917e-02;9.410875e-02;6.197682e-02;4.511677e-02;8.535793e-02;1.045755e-01;5.984241e-02
7.643804e-02;5.953963e-02;7.129274e-02;8.069263e-02;1.046480e-01;9.303138e-02;1.241064e-01;9.741966e-02;7.274913e-02;1.109984e-01;5.170402e-02;5.737991e-02
6.493565e-02;6.647834e-02;1.114010e-01;7.821240e-02;9.334738e-02;1.042425e-01;1.226697e-01;8.503024e-02;7.513353e-02;1.068427e-01;4.807310e-02;4.363333e-02
6.735432e-02;8.006000e-02;1.404759e-01;7.837504e-02;8.938885e-02;9.744639e-02;1.179945e-01;8.225729e-02;7.608256e-02;9.539063e-02;4.018779e-02;3.498669e-02
7.545625e-02;9.173433e-02;1.689573e-01;7.246403e-02;8.423702e-02;8.032946e-02;1.195081e-01;8.174527e-02;7.775551e-02;6.954725e-02;3.531742e-02;4.294806e-02
7.800288e-02;8.733855e-02;1.663977e-01;6.926561e-02;8.756364e-02;5.229747e-02;1.068612e-01;8.156665e-02;1.017301e-01;8.621390e-02;2.941921e-02;5.334306e-02
7.542600e-02;9.992070e-02;2.243695e-01;6.656763e-02;5.498914e-02;5.241723e-02;6.960133e-02;3.744984e-02;1.059036e-01;1.101342e-01;5.398893e-02;4.923191e-02
5.146993e-02;8.697011e-02;2.824758e-01;5.084301e-02;5.064974e-02;5.516387e-02;6.938249e-02;3.657856e-02;1.138406e-01;1.102978e-01;4.484091e-02;4.748732e-02
2.519169e-02;1.071777e-01;3.079791e-01;3.538154e-02;3.246743e-02;5.402271e-02;4.611644e-02;3.470907e-02;1.543101e-01;1.129337e-01;2.638645e-02;6.332409e-02
1.524743e-02;1.411761e-01;3.002345e-01;1.788016e-02;1.314777e-02;5.361517e-02;2.043063e-02;1.940446e-02;2.268427e-01;1.029436e-01;1.500483e-02;7.407274e-02
2.331262e-02;1.830136e-01;2.185438e-01;2.518034e-02;1.064408e-02;6.326842e-02;1.108358e-02;1.086281e-02;3.055031e-01;7.679027e-02;9.556140e-03;6.224119e-02
2.922961e-02;2.299830e-01;1.354396e-01;4.169583e-02;6.277164e-03;8.124033e-02;7.539192e-03;8.963621e-03;3.643733e-01;3.921367e-02;1.035413e-02;4.569051e-02
4.473801e-02;2.433318e-01;9.136275e-02;5.630491e-02;9.107825e-03;7.330751e-02;1.034919e-02;3.594977e-02;3.774746e-01;1.945217e-02;1.097098e-02;2.765051e-02
8.837405e-02;2.254414e-01;6.991852e-02;5.247732e-02;1.753680e-02;4.416230e-02;2.001830e-02;8.833221e-02;3.455692e-01;1.526326e-02;1.697996e-02;1.592670e-02
1.496721e-01;1.779325e-01;7.169742e-02;3.156130e-02;2.667769e-02;2.455350e-02;3.867717e-02;1.697348e-01;2.620615e-01;1.122175e-02;2.778583e-02;8.424560e-03
2.077598e-01;1.313644e-01;6.566098e-02;1.343477e-02;4.526112e-02;1.203954e-02;5.088093e-02;2.450183e-01;1.627579e-01;1.462696e-02;3.828281e-02;1.291242e-02
2.572092e-01;1.050303e-01;7.913592e-02;1.096312e-02;6.596088e-02;1.167887e-02;4.413938e-02;2.475510e-01;1.107858e-01;1.103041e-02;3.671952e-02;1.979566e-02
3.041832e-01;9.690502e-02;1.143841e-01;1.185781e-02;8.040268e-02;7.649354e-03;4.388774e-02;2.039047e-01;6.224811e-02;1.229754e-02;3.184857e-02;3.043108e-02
3.064553e-01;9.541564e-02;1.760667e-01;1.321368e-02;8.039107e-02;8.593969e-03;5.443408e-02;1.341320e-01;4.032033e-02;1.379235e-02;3.313770e-02;4.404724e-02
2.630565e-01;7.309251e-02;2.257500e-01;2.747280e-02;7.020041e-02;1.784069e-02;8.880297e-02;5.287049e-02;6.357390e-02;1.816879e-02;4.275071e-02;5.642020e-02
1.676206e-01;3.178905e-02;2.423971e-01;3.388509e-02;5.398167e-02;3.270908e-02;1.041425e-01;8.142070e-02;7.739048e-02;3.268165e-02;6.472608e-02;7.725591e-02
2.298627e-01;1.228972e-01;2.113710e-01;5.171420e-02;3.585482e-02;3.356722e-02;6.352913e-02;5.078813e-02;3.469422e-02;3.229422e-02;4.916365e-02;8.426347e-02
2.960490e-01;1.632004e-01;2.475499e-01;3.506392e-02;2.783950e-02;2.165402e-02;2.828614e-02;3.126049e-02;4.156401e-02;2.257952e-02;2.772406e-02;5.722906e-02
3.086037e-01;1.703122e-01;2.622536e-01;2.882797e-02;2.645401e-02;1.777357e-02;1.948602e-02;1.931172e-02;3.976512e-02;2.890921e-02;2.860040e-02;4.970253e-02
2.815689e-01;1.393877e-01;2.581874e-01;3.230413e-02;3.230381e-02;2.004772e-02;3.958101e-02;2.834395e-02;3.937054e-02;3.418360e-02;4.536186e-02;4.935935e-02
1.953114e-01;6.888080e-02;2.769291e-01;3.128016e-02;4.376226e-02;3.625093e-02;1.094302e-01;4.170859e-02;4.613527e-02;4.083129e-02;7.192183e-02;3.755815e-02
1.913895e-01;3.021282e-02;2.129063e-01;2.517750e-02;2.699147e-02;3.899800e-02;1.324968e-01;4.057577e-02;5.236676e-02;7.429821e-02;8.622108e-02;8.836583e-02
2.635084e-01;5.608074e-02;1.819331e-01;1.735779e-02;1.800397e-02;2.066831e-02;7.784147e-02;7.258300e-02;3.348206e-02;6.822135e-02;8.841614e-02;1.019036e-01
2.940773e-01;5.766475e-02;2.148921e-01;9.512006e-03;1.728125e-02;1.492452e-02;6.041598e-02;6.779253e-02;4.150897e-02;5.665271e-02;7.521186e-02;9.006600e-02
3.022805e-01;4.494177e-02;1.859291e-01;1.015199e-02;1.232721e-02;2.116420e-02;6.400929e-02;7.183689e-02;5.941568e-02;5.480710e-02;7.245888e-02;1.006774e-01
3.121984e-01;4.180246e-02;1.670942e-01;8.838300e-03;7.257518e-03;2.246160e-02;6.548275e-02;7.982436e-02;8.078317e-02;4.351427e-02;7.145029e-02;9.929270e-02
3.127908e-01;3.805165e-02;1.689497e-01;1.292884e-02;1.279882e-02;2.480739e-02;7.386413e-02;8.422571e-02;9.251985e-02;3.455414e-02;6.496297e-02;7.954602e-02
2.717040e-01;7.727104e-02;2.085715e-01;2.580762e-02;4.588778e-02;2.002135e-02;6.487361e-02;7.469287e-02;8.207617e-02;3.645929e-02;4.517744e-02;4.745730e-02
2.526872e-01;1.337598e-01;2.392392e-01;2.262649e-02;6.372743e-02;1.970259e-02;5.843282e-02;6.489116e-02;5.178697e-02;3.004679e-02;2.867713e-02;3.442235e-02
2.612417e-01;1.908882e-01;2.217683e-01;1.242626e-02;5.158061e-02;1.792619e-02;4.438912e-02;5.590689e-02;6.489237e-02;3.795872e-02;1.827066e-02;2.275101e-02
2.457440e-01;2.519263e-01;2.054968e-01;9.200230e-03;2.551640e-02;1.775868e-02;3.953589e-02;4.086162e-02;9.753453e-02;4.599568e-02;1.050341e-02;9.926379e-03
2.132989e-01;2.912728e-01;1.943507e-01;1.446189e-02;6.974075e-03;1.484774e-02;3.179355e-02;3.818433e-02;1.303921e-01;5.225098e-02;6.335391e-03;5.837429e-03
2.052792e-01;3.023280e-01;1.839692e-01;1.557171e-02;7.338561e-03;9.671570e-03;2.798309e-02;3.502872e-02;1.421129e-01;5.988443e-02;4.622606e-03;6.209977e-03
2.190138e-01;3.044927e-01;1.638273e-01;1.425593e-02;5.050480e-03;9.302135e-03;3.335421e-02;3.308425e-02;1.419428e-01;6.630563e-02;4.358810e-03;5.011985e-03
2.407743e-01;3.070616e-01;1.472434e-01;1.619169e-02;6.936626e-03;1.033893e-02;2.934172e-02;3.209795e-02;1.408191e-01;5.971769e-02;4.264599e-03;5.212415e-03
2.633939e-01;3.147165e-01;1.406268e-01;1.781095e-02;3.946596e-03;1.568813e-02;2.230595e-02;2.518840e-02;1.371421e-01;4.738795e-02;3.533391e-03;8.259390e-03
2.538084e-01;3.125059e-01;1.611324e-01;2.137928e-02;4.132103e-03;3.200169e-02;1.279137e-02;2.389145e-02;1.343196e-01;2.712940e-02;3.457255e-03;1.345123e-02
1.997104e-01;3.160066e-01;2.413240e-01;2.055419e-02;4.745886e-03;4.696156e-02;9.453367e-03;1.999413e-02;1.069890e-01;1.599636e-02;3.107797e-03;1.515663e-02
1.242660e-01;3.236260e-01;3.196808e-01;1.655548e-02;3.560922e-03;5.750905e-02;6.132219e-03;2.116598e-02;9.693743e-02;1.473698e-02;1.986297e-03;1.384277e-02
8.131617e-02;2.985727e-01;3.663618e-01;1.630330e-02;5.373161e-03;6.274711e-02;7.675714e-03;3.016362e-02;9.846573e-02;1.261176e-02;2.990953e-03;1.741794e-02
5.941909e-02;2.564929e-01;3.936975e-01;1.684452e-02;5.789845e-03;5.766775e-02;1.000633e-02;6.029304e-02;9.486580e-02;2.267381e-02;3.439372e-03;1.881005e-02
4.922379e-02;2.050247e-01;4.137228e-01;1.514344e-02;4.805958e-03;3.955781e-02;1.129795e-02;1.306825e-01;7.902440e-02;2.989631e-02;2.676912e-03;1.894350e-02
2.361271e-02;1.542143e-01;4.575338e-01;1.633593e-02;6.130688e-03;2.221799e-02;1.104785e-02;2.070700e-01;4.906787e-02;3.530923e-02;2.886252e-03;1.457336e-02
1.231685e-02;1.162622e-01;5.021790e-01;1.709834e-02;8.143267e-03;1.273824e-02;1.212483e-02;2.269599e-01;3.448138e-02;4.386548e-02;3.126785e-03;1.070366e-02
7.331875e-03;1.014862e-01;5.429026e-01;1.764515e-02;1.105122e-02;1.069647e-02;2.071010e-02;1.876454e-01;3.461680e-02;5.629822e-02;2.855039e-03;6.760825e-03
5.935917e-03;9.901124e-02;5.628173e-01;2.369141e-02;1.800337e-02;2.647204e-02;2.909591e-02;1.095317e-01;3.770835e-02;7.857390e-02;4.042767e-03;5.116056e-03
3.375930e-02;1.095018e-01;5.180827e-01;3.079381e-02;1.943270e-02;6.283209e-02;3.759152e-02;6.445405e-02;3.667483e-02;7.209505e-02;5.719220e-03;9.062887e-03
5.948179e-02;1.066940e-01;3.992031e-01;5.054703e-02;4.595171e-02;8.521307e-02;5.676499e-02;6.172863e-02;3.598541e-02;6.318381e-02;1.711106e-02;1.813545e-02
7.995568e-02;9.742533e-02;2.828932e-01;7.000794e-02;6.493898e-02;8.532190e-02;8.745726e-02;5.302943e-02;4.652329e-02;7.027779e-02;3.730473e-02;2.486444e-02
8.623113e-02;7.151761e-02;1.655314e-01;9.450740e-02;7.578084e-02;6.822066e-02;1.089411e-01;5.174448e-02;6.614526e-02;8.069421e-02;8.071906e-02;4.996673e-02
8.573721e-02;8.381350e-02;2.431147e-01;1.005782e-01;7.742310e-02;5.228795e-02;8.573896e-02;4.910985e-02;6.152548e-02;7.726535e-02;3.931176e-02;4.409393e-02
1.251073e-01;1.083724e-01;2.924569e-01;7.729218e-02;5.847929e-02;4.250310e-02;7.470026e-02;5.069594e-02;6.186014e-02;5.291681e-02;2.178362e-02;3.383202e-02
1.595364e-01;1.786712e-01;3.294596e-01;4.348277e-02;2.530083e-02;1.951097e-02;4.730070e-02;4.814338e-02;8.192147e-02;2.994630e-02;1.643234e-02;2.029398e-02
1.545687e-01;2.449739e-01;3.439943e-01;2.497268e-02;2.896961e-02;2.591707e-02;2.246422e-02;2.323392e-02;1.019787e-01;1.212401e-02;8.736459e-03;8.066447e-03
1.821858e-01;2.617644e-01;3.266082e-01;1.980052e-02;3.914816e-02;2.838918e-02;1.283410e-02;1.738454e-02;9.122749e-02;6.162718e-03;5.514762e-03;8.980110e-03
2.575338e-01;2.448646e-01;2.827191e-01;1.882128e-02;4.276406e-02;1.619037e-02;1.427855e-02;1.905775e-02;6.584553e-02;8.664352e-03;1.003044e-02;1.923020e-02
3.307812e-01;1.973170e-01;2.263463e-01;1.985839e-02;6.070936e-02;7.510306e-03;2.323365e-02;2.346787e-02;3.769619e-02;1.506552e-02;1.865667e-02;3.935758e-02
3.579384e-01;1.492984e-01;1.787917e-01;2.748682e-02;6.057570e-02;2.090722e-02;3.697988e-02;2.267922e-02;2.411210e-02;2.361065e-02;3.472780e-02;6.289211e-02
2.918156e-01;1.176854e-01;1.952655e-01;6.918216e-02;3.686144e-02;3.440215e-02;4.833451e-02;2.122399e-02;2.500785e-02;3.652692e-02;5.960580e-02;6.408863e-02
1.806785e-01;6.675357e-02;1.716735e-01;9.377959e-02;8.787025e-02;3.287963e-02;7.668877e-02;4.838161e-02;3.927035e-02;4.422551e-02;7.114091e-02;8.665781e-02
1.431602e-01;5.073342e-02;1.050119e-01;4.766566e-02;1.608626e-01;6.054386e-02;6.573031e-02;5.836451e-02;8.601067e-02;8.924996e-02;5.224247e-02;8.042444e-02
9.630337e-02;7.867761e-02;8.756159e-02;1.258198e-01;1.545760e-01;1.024109e-01;3.137120e-02;3.578338e-02;1.108081e-01;8.696567e-02;5.729552e-02;3.242688e-02
7.321741e-02;7.404856e-02;7.923611e-02;1.346261e-01;1.712872e-01;1.214133e-01;4.095175e-02;3.765037e-02;1.027871e-01;7.855190e-02;5.251155e-02;3.371873e-02
7.616079e-02;5.916424e-02;7.165678e-02;1.110002e-01;1.970520e-01;6.978497e-02;5.743264e-02;4.467292e-02;8.538365e-02;9.886719e-02;8.122393e-02;4.760073e-02
8.172993e-02;4.324267e-02;6.034819e-02;9.769757e-02;1.820551e-01;7.508533e-02;6.317700e-02;5.876971e-02;6.728446e-02;1.032866e-01;9.655758e-02;7.076591e-02
5.736578e-02;2.869487e-02;6.835131e-02;7.417226e-02;1.719186e-01;1.628138e-01;7.857922e-02;4.789807e-02;6.802904e-02;7.813350e-02;8.298227e-02;8.106123e-02
4.635781e-02;4.910703e-02;8.004420e-02;1.115705e-01;1.464415e-01;1.260542e-01;9.141263e-02;7.746274e-02;7.281802e-02;7.379010e-02;5.485146e-02;7.008984e-02
3.997540e-02;7.934930e-02;7.489458e-02;1.194785e-01;1.349907e-01;8.044514e-02;1.049192e-01;8.979964e-02;9.130701e-02;9.614985e-02;4.515532e-02;4.353539e-02
4.820639e-02;6.774536e-02;7.718671e-02;1.281523e-01;1.135071e-01;8.133908e-02;1.017630e-01;7.045020e-02;9.659334e-02;8.357117e-02;4.885763e-02;8.262762e-02
6.184570e-02;5.081635e-02;1.550568e-01;1.357219e-01;7.680145e-02;6.822173e-02;1.076627e-01;5.769565e-02;1.046912e-01;6.285112e-02;6.615306e-02;5.248231e-02
5.253998e-02;7.656685e-02;1.721480e-01;9.489195e-02;6.029743e-02;1.188482e-01;8.727182e-02;5.046871e-02;1.336793e-01;7.041699e-02;4.629386e-02;3.657703e-02
4.838503e-02;1.026891e-01;1.608076e-01;8.117582e-02;4.037907e-02;1.566014e-01;6.265901e-02;3.537419e-02;1.818565e-01;6.157832e-02;3.252434e-02;3.596960e-02
4.598727e-02;1.378356e-01;1.285478e-01;6.454034e-02;1.908993e-02;1.848277e-01;3.357420e-02;2.432553e-02;2.559656e-01;4.675614e-02;2.198310e-02;3.656683e-02
1.027738e-01;1.540063e-01;8.091446e-02;3.151193e-02;4.493279e-02;1.405567e-01;2.104639e-02;5.224006e-02;2.642045e-01;4.608670e-02;3.364613e-02;2.808027e-02
1.996862e-01;1.369293e-01;8.482718e-02;1.090974e-02;7.484625e-02;5.309480e-02;3.241144e-02;1.075782e-01;1.744946e-01;4.615867e-02;6.278181e-02;1.628188e-02
2.261011e-01;1.020585e-01;8.308057e-02;1.317163e-02;9.239598e-02;1.902197e-02;6.531136e-02;1.591246e-01;1.066647e-01;3.405592e-02;7.453436e-02;2.447920e-02
1.845286e-01;8.385938e-02;7.922468e-02;1.455283e-02;9.942435e-02;2.377029e-02;1.137839e-01;1.667914e-01;9.420753e-02;3.055619e-02;6.920813e-02;4.009264e-02
6.351294e-02;7.710335e-02;1.608816e-01;2.507062e-02;8.873685e-02;5.331259e-02;1.628554e-01;1.158164e-01;9.246657e-02;4.054340e-02;6.921792e-02;5.048236e-02
1.887593e-01;4.818189e-02;2.225670e-01;3.304686e-02;2.804220e-02;5.765625e-02;1.037255e-01;5.113102e-02;6.828882e-02;5.210814e-02;7.962449e-02;6.686854e-02
2.694853e-01;3.236793e-02;1.962024e-01;2.888435e-02;2.504743e-02;5.924075e-02;7.012209e-02;4.302768e-02;5.056919e-02;5.558800e-02;7.880127e-02;9.066360e-02
2.678434e-01;3.741794e-02;1.831395e-01;2.104869e-02;2.007071e-02;5.650749e-02;6.072640e-02;6.510899e-02;4.199041e-02;6.274846e-02;8.681229e-02;9.658571e-02
2.497151e-01;3.521442e-02;1.740572e-01;1.806762e-02;1.782165e-02;4.977034e-02;6.532598e-02;7.442799e-02;5.023966e-02;7.353541e-02;8.195983e-02;1.098649e-01
2.566471e-01;3.243323e-02;1.691234e-01;2.028832e-02;1.609432e-02;4.297096e-02;6.935850e-02;6.431876e-02;3.487985e-02;9.056477e-02;8.663306e-02;1.166878e-01
2.925630e-01;8.233397e-02;1.519574e-01;3.626876e-02;4.234083e-02;4.034828e-02;4.134592e-02;7.423108e-02;5.568165e-02;6.295687e-02;5.650649e-02;6.346577e-02
2.820548e-01;1.204992e-01;2.183538e-01;3.839841e-02;5.392673e-02;2.871655e-02;4.120512e-02;7.724802e-02;4.740499e-02;2.940547e-02;2.642230e-02;3.636463e-02
3.286516e-01;1.289150e-01;1.894787e-01;2.620306e-02;6.593161e-02;1.700848e-02;3.782798e-02;9.795360e-02;3.176762e-02;2.360864e-02;1.999813e-02;3.265566e-02
3.888308e-01;1.246143e-01;1.390603e-01;1.485765e-02;7.862692e-02;1.005440e-02;2.131604e-02;1.249717e-01;1.688127e-02;2.290596e-02;2.206013e-02;3.582051e-02
4.174868e-01;1.108196e-01;1.381671e-01;1.527059e-02;7.160319e-02;9.042921e-03;1.560625e-02;1.402263e-01;1.048861e-02;1.517243e-02;1.939465e-02;3.672158e-02
4.407207e-01;1.089419e-01;1.432079e-01;1.061333e-02;4.978473e-02;5.479156e-03;1.700599e-02;1.509074e-01;1.104748e-02;7.001853e-03;1.775309e-02;3.753648e-02
4.418311e-01;1.035511e-01;1.391497e-01;7.165303e-03;3.976284e-02;7.160257e-03;2.567106e-02;1.517465e-01;1.212872e-02;5.548903e-03;1.848150e-02;4.780300e-02
4.270910e-01;9.648118e-02;1.374239e-01;4.366428e-03;3.759348e-02;6.000651e-03;3.568709e-02;1.438520e-01;6.756648e-03;1.877302e-02;2.155228e-02;6.442223e-02
3.541727e-01;9.277572e-02;1.595411e-01;8.785265e-03;3.329272e-02;5.558168e-03;4.923746e-02;1.169583e-01;2.827207e-02;4.033868e-02;2.985484e-02;8.121287e-02
2.830928e-01;7.871851e-02;1.454763e-01;1.232733e-02;3.191929e-02;1.066771e-02;7.582746e-02;9.817014e-02;5.524612e-02;6.652014e-02;4.684066e-02;9.519352e-02
2.068826e-01;4.904985e-02;1.343725e-01;1.583640e-02;4.144164e-02;3.131995e-02;1.130235e-01;6.327038e-02;7.726245e-02;7.153966e-02;7.107640e-02;1.249246e-01
2.311122e-01;3.945425e-02;1.880896e-01;1.905512e-02;2.521520e-02;2.693641e-02;1.069366e-01;4.081206e-02;4.891666e-02;9.219404e-02;6.900017e-02;1.122776e-01
2.438576e-01;2.450609e-02;1.236409e-01;1.883477e-02;1.720933e-02;2.368031e-02;1.218859e-01;4.558254e-02;3.484285e-02;1.255277e-01;8.274259e-02;1.376894e-01
2.252601e-01;1.879094e-02;1.135098e-01;1.853825e-02;1.514128e-02;2.249185e-02;1.440386e-01;4.296638e-02;2.528428e-02;1.292012e-01;9.057233e-02;1.542049e-01
1.989093e-01;2.192492e-02;1.377851e-01;2.523210e-02;8.617685e-03;2.086011e-02;1.401363e-01;3.431216e-02;2.231615e-02;1.178580e-01;1.108375e-01;1.612107e-01
1.654737e-01;1.692251e-02;1.769163e-01;3.185701e-02;1.168064e-02;1.638853e-02;1.354286e-01;2.882442e-02;2.189921e-02;1.073327e-01;1.291534e-01;1.581229e-01
1.447998e-01;2.119383e-02;1.241532e-01;2.871303e-02;2.346452e-02;2.204022e-02;1.409724e-01;2.580127e-02;2.920454e-02;1.191292e-01;1.642739e-01;1.562541e-01
8.021320e-02;3.867530e-02;1.120218e-01;3.702143e-02;5.599562e-02;5.672279e-02;1.069075e-01;6.137820e-02;6.859091e-02;1.349040e-01;1.538874e-01;9.368178e-02
6.854271e-02;3.697319e-02;1.157114e-01;3.954531e-02;8.665857e-02;7.585361e-02;1.254466e-01;8.085420e-02;9.205940e-02;1.151390e-01;1.031039e-01;6.011208e-02
1.101006e-01;2.722210e-02;1.045722e-01;4.979592e-02;7.861488e-02;8.114826e-02;1.272051e-01;5.893347e-02;8.214073e-02;8.907167e-02;9.900692e-02;9.218817e-02
1.617134e-01;3.149308e-02;1.108941e-01;7.161999e-02;5.847922e-02;7.468838e-02;9.280809e-02;2.176543e-02;5.787366e-02;6.193049e-02;1.018241e-01;1.549100e-01
1.824101e-01;3.459318e-02;8.307201e-02;9.121455e-02;4.387683e-02;7.896772e-02;6.563414e-02;2.754967e-02;4.730689e-02;5.819013e-02;9.749968e-02;1.896851e-01
