6.337152e-02;3.519166e-02;1.480153e-01;9.571441e-02;6.918687e-02;7.722199e-02;1.318494e-01;4.356938e-02;1.373136e-01;8.508889e-02;6.548416e-02;4.799284e-02
7.050006e-02;5.997394e-02;1.381031e-01;7.526657e-02;9.856291e-02;7.049006e-02;1.098569e-01;5.373879e-02;1.255507e-01;8.580019e-02;5.119726e-02;6.095948e-02
5.356677e-02;4.582299e-02;1.630791e-01;6.289265e-02;6.439181e-02;8.075924e-02;1.439655e-01;8.050997e-02;7.414261e-02;7.188486e-02;8.403657e-02;7.494798e-02
6.361961e-02;4.131534e-02;1.213208e-01;6.030309e-02;5.293727e-02;5.815150e-02;1.653120e-01;1.079015e-01;7.160982e-02;9.852393e-02;7.088264e-02;8.812257e-02
6.540776e-02;3.541664e-02;9.680783e-02;5.554765e-02;3.848497e-02;7.260697e-02;1.551742e-01;8.626037e-02;9.247023e-02;1.107049e-01;1.050021e-01;8.611643e-02
5.398938e-02;2.576121e-02;7.341288e-02;3.794518e-02;4.635359e-02;1.091585e-01;1.269025e-01;6.486978e-02;1.159191e-01;1.067793e-01;1.713151e-01;6.759352e-02
4.195732e-02;3.482966e-02;5.539344e-02;2.844760e-02;8.116570e-02;1.062168e-01;8.549700e-02;9.290120e-02;9.136428e-02;1.603717e-01;1.719522e-01;4.990311e-02
5.446653e-02;3.678330e-02;5.727607e-02;4.198859e-02;9.566989e-02;7.129651e-02;8.622650e-02;8.792053e-02;1.008842e-01;2.295204e-01;8.895963e-02;4.900788e-02
8.608643e-02;2.728689e-02;7.625662e-02;6.415942e-02;6.639570e-02;5.869532e-02;1.140778e-01;7.072904e-02;1.502264e-01;1.803934e-01;5.785773e-02;4.783526e-02
9.964430e-02;2.361653e-02;8.353192e-02;8.550323e-02;4.819097e-02;3.866884e-02;9.218019e-02;6.950518e-02;1.642036e-01;1.168663e-01;1.406807e-01;3.740828e-02
8.417881e-02;2.800732e-02;8.977405e-02;7.698218e-02;4.616947e-02;3.100890e-02;7.242833e-02;5.966635e-02;1.469258e-01;1.097504e-01;2.085941e-01;4.651427e-02
5.409903e-02;4.744129e-02;1.113050e-01;5.054795e-02;5.861271e-02;4.049280e-02;1.205066e-01;4.891079e-02;1.016083e-01;8.427677e-02;2.218910e-01;6.030770e-02
2.943944e-02;5.714577e-02;1.270038e-01;4.719193e-02;7.481433e-02;5.915281e-02;1.414550e-01;4.039658e-02;8.871508e-02;1.230873e-01;1.712099e-01;4.038795e-02
1.915278e-02;5.730863e-02;1.272831e-01;4.877647e-02;9.598825e-02;5.586885e-02;8.397172e-02;5.557683e-02;1.338976e-01;1.806005e-01;1.028081e-01;3.876716e-02
4.567917e-02;6.402679e-02;7.662054e-02;4.609043e-02;1.153043e-01;5.096404e-02;7.845287e-02;6.023815e-02;8.609635e-02;2.153035e-01;1.209174e-01;4.030658e-02
5.745408e-02;6.142711e-02;5.487511e-02;3.863319e-02;1.022924e-01;3.817370e-02;1.026464e-01;6.026401e-02;8.792435e-02;2.299703e-01;1.140876e-01;5.225180e-02
6.306560e-02;6.958631e-02;9.184538e-02;3.112193e-02;9.718694e-02;2.929850e-02;1.017292e-01;7.203180e-02;7.232278e-02;2.171831e-01;1.042881e-01;5.034040e-02
1.074111e-01;1.114156e-01;7.834803e-02;4.066509e-02;8.841471e-02;3.094304e-02;8.018158e-02;9.299052e-02;9.185646e-02;1.379374e-01;6.864898e-02;7.118742e-02
1.775606e-01;1.354189e-01;8.888583e-02;4.333735e-02;4.610144e-02;4.628782e-02;4.373782e-02;8.378149e-02;7.628727e-02;1.145381e-01;1.003375e-01;4.372598e-02
1.883890e-01;1.264035e-01;1.001092e-01;4.707347e-02;3.282351e-02;4.653683e-02;6.116473e-02;7.760119e-02;7.144237e-02;9.949277e-02;9.212621e-02;5.683725e-02
1.628709e-01;1.063249e-01;1.015920e-01;5.490063e-02;2.660618e-02;5.259163e-02;1.308486e-01;7.487753e-02;4.809542e-02;6.446826e-02;5.223963e-02;1.245842e-01
1.076581e-01;8.578203e-02;7.610560e-02;5.056321e-02;3.430666e-02;6.049750e-02;2.010695e-01;6.093087e-02;4.193627e-02;3.584652e-02;6.104974e-02;1.842540e-01
7.305627e-02;4.349179e-02;8.338126e-02;2.712639e-02;4.520177e-02;9.645786e-02;1.932511e-01;4.698811e-02;8.102618e-02;2.972480e-02;1.242179e-01;1.560765e-01
6.639554e-02;3.459492e-02;1.027021e-01;1.518954e-02;4.909042e-02;1.406790e-01;1.177823e-01;3.551720e-02;8.445447e-02;6.072154e-02;2.054139e-01;8.745898e-02
5.844253e-02;5.422739e-02;8.760393e-02;2.545815e-02;6.076712e-02;1.384913e-01;5.908558e-02;4.923628e-02;6.887226e-02;1.115124e-01;2.123334e-01;7.396964e-02
6.395590e-02;5.931380e-02;7.410575e-02;4.644398e-02;6.710146e-02;9.697763e-02;6.373769e-02;4.759515e-02;6.639251e-02;1.535572e-01;1.388376e-01;1.219813e-01
8.478662e-02;8.389993e-02;1.072031e-01;5.537402e-02;4.095168e-02;6.874693e-02;1.076751e-01;4.321310e-02;9.339580e-02;1.218482e-01;7.724942e-02;1.156560e-01
6.028729e-02;1.211802e-01;7.529222e-02;4.225887e-02;6.177935e-02;9.931243e-02;1.160975e-01;8.082271e-02;1.191471e-01;1.041591e-01;5.455303e-02;6.511018e-02
3.872786e-02;1.274739e-01;4.908636e-02;3.178955e-02;7.930888e-02;8.926952e-02;1.060617e-01;9.133517e-02;1.238246e-01;1.448318e-01;6.948540e-02;4.880519e-02
4.340824e-02;1.213347e-01;5.835888e-02;2.983707e-02;9.086563e-02;6.107091e-02;1.145216e-01;7.911814e-02;1.021459e-01;1.955277e-01;5.968761e-02;4.412356e-02
4.490039e-02;6.968458e-02;7.718752e-02;5.644189e-02;9.803036e-02;5.903839e-02;1.681687e-01;7.429183e-02;1.209912e-01;1.623643e-01;2.859052e-02;4.031039e-02
4.832329e-02;3.779318e-02;7.952402e-02;7.033526e-02;6.177553e-02;7.423212e-02;1.920400e-01;9.890430e-02;1.364094e-01;1.364946e-01;2.244377e-02;4.172451e-02
4.566383e-02;2.579465e-02;6.372396e-02;6.684384e-02;5.783138e-02;9.143022e-02;1.735970e-01;2.028544e-01;8.483282e-02;1.230639e-01;2.850934e-02;3.585460e-02
2.736067e-02;4.426270e-02;5.533657e-02;5.747316e-02;4.527833e-02;1.335532e-01;1.574163e-01;2.776021e-01;3.951855e-02;9.144448e-02;3.316654e-02;3.758743e-02
5.244139e-02;7.644442e-02;3.451386e-02;4.919745e-02;6.776226e-02;1.350938e-01;1.668458e-01;1.965895e-01;7.666157e-02;6.535403e-02;3.347265e-02;4.562318e-02
3.049696e-02;1.171026e-01;2.896512e-02;3.378325e-02;1.403990e-01;1.023409e-01;2.252228e-01;1.316411e-01;8.270125e-02;4.031978e-02;2.409773e-02;4.292966e-02
4.199459e-02;1.102180e-01;3.980643e-02;3.546185e-02;1.584981e-01;8.590817e-02;2.093686e-01;1.380259e-01;5.568627e-02;4.845149e-02;1.998631e-02;5.659428e-02
9.631094e-02;1.058811e-01;3.834551e-02;2.749331e-02;1.608211e-01;1.106748e-01;1.860499e-01;7.684945e-02;3.724068e-02;5.615117e-02;1.871111e-02;8.547087e-02
1.460526e-01;7.769227e-02;5.713502e-02;1.760038e-02;1.341588e-01;1.147415e-01;1.335245e-01;9.365050e-02;3.441267e-02;4.848276e-02;2.932320e-02;1.132258e-01
1.653803e-01;7.508837e-02;1.094357e-01;2.616682e-02;6.842510e-02;7.204074e-02;1.106238e-01;8.905898e-02;3.294098e-02;5.085798e-02;8.791629e-02;1.120649e-01
1.473560e-01;1.007526e-01;1.821746e-01;3.797172e-02;7.048921e-02;5.334870e-02;1.229128e-01;6.792613e-02;3.638558e-02;5.176296e-02;8.322688e-02;4.569279e-02
2.062994e-01;8.531672e-02;1.975258e-01;3.345984e-02;8.177516e-02;3.492464e-02;1.109507e-01;8.817132e-02;2.944393e-02;3.312238e-02;5.546638e-02;4.354376e-02
3.066076e-01;7.026061e-02;1.421660e-01;3.529118e-02;7.101266e-02;4.226702e-02;9.075586e-02;8.770622e-02;2.283247e-02;2.610229e-02;3.919977e-02;6.579829e-02
3.598454e-01;4.643146e-02;1.035614e-01;7.758942e-02;3.900778e-02;5.744142e-02;8.285580e-02;5.021465e-02;1.550563e-02;3.143991e-02;2.530160e-02;1.108055e-01
2.983148e-01;3.677414e-02;1.064502e-01;1.031805e-01;1.433341e-02;5.655906e-02;1.001405e-01;2.556693e-02;1.485442e-02;3.634692e-02;5.841646e-02;1.490626e-01
1.746231e-01;3.814225e-02;1.715848e-01;6.398193e-02;2.123297e-02;7.065108e-02;8.369002e-02;1.886519e-02;1.934949e-02;5.516376e-02;1.469433e-01;1.357721e-01
7.262325e-02;4.455189e-02;1.903644e-01;3.391809e-02;4.498217e-02;9.517859e-02;4.006835e-02;1.870499e-02;2.271919e-02;1.139322e-01;2.430836e-01;7.987329e-02
5.861535e-02;6.400825e-02;1.204205e-01;2.411813e-02;8.876720e-02;5.953081e-02;3.272138e-02;3.452973e-02;2.635672e-02;2.010611e-01;2.414467e-01;4.842398e-02
3.690831e-02;6.092996e-02;5.489474e-02;2.172430e-02;1.485614e-01;7.704490e-02;4.549775e-02;4.120460e-02;3.374232e-02;2.584101e-01;1.732074e-01;4.787420e-02
2.448806e-02;4.463391e-02;2.140976e-02;1.589844e-02;1.735432e-01;1.011659e-01;3.526029e-02;7.934701e-02;5.234755e-02;2.765867e-01;1.330020e-01;4.231719e-02
2.082238e-02;4.909451e-02;1.631313e-02;1.978687e-02;1.479126e-01;6.849288e-02;3.971550e-02;1.219031e-01;6.783315e-02;2.625952e-01;1.390261e-01;4.650458e-02
3.434352e-02;5.601304e-02;1.652892e-02;3.898563e-02;1.060193e-01;4.877945e-02;4.014113e-02;1.487027e-01;5.658531e-02;2.289323e-01;1.840831e-01;4.088559e-02
6.316628e-02;4.880038e-02;3.234594e-02;7.659906e-02;6.151747e-02;5.786018e-02;8.580089e-02;1.469287e-01;3.058276e-02;1.825090e-01;1.802119e-01;3.367747e-02
9.340638e-02;2.973852e-02;3.005422e-02;9.813421e-02;5.415100e-02;7.910675e-02;1.510501e-01;1.047956e-01;2.410735e-02;1.345607e-01;1.738849e-01;2.701028e-02
1.563465e-01;2.530632e-02;5.085493e-02;6.779249e-02;4.105657e-02;1.309664e-01;1.363696e-01;5.231706e-02;1.541934e-02;8.758799e-02;2.092808e-01;2.670205e-02
2.403056e-01;1.313766e-02;7.996629e-02;2.716394e-02;2.528584e-02;1.623371e-01;7.816649e-02;1.604174e-02;2.498434e-02;6.322049e-02;2.390038e-01;3.038675e-02
2.654639e-01;1.016304e-02;9.636320e-02;1.198365e-02;1.467430e-02;1.559917e-01;4.654539e-02;8.506306e-03;4.831313e-02;6.023337e-02;2.452355e-01;3.652655e-02
2.451772e-01;9.861070e-03;9.937613e-02;5.443574e-03;1.570229e-02;1.383829e-01;4.909746e-02;1.315099e-02;7.312734e-02;6.637992e-02;2.421161e-01;4.218509e-02
2.116258e-01;7.806092e-03;9.768182e-02;3.929990e-03;1.661374e-02;1.370120e-01;6.478517e-02;1.147753e-02;8.430969e-02;5.677083e-02;2.633373e-01;4.465005e-02
1.522440e-01;1.862573e-02;9.708971e-02;1.118727e-02;2.149877e-02;1.373990e-01;8.462251e-02;1.805561e-02;7.310978e-02;6.666889e-02;2.767153e-01;4.278341e-02
1.263237e-01;3.185678e-02;1.001624e-01;2.197258e-02;2.784908e-02;1.137607e-01;1.201342e-01;3.607190e-02;4.952882e-02;9.638326e-02;2.321459e-01;4.381074e-02
1.080354e-01;4.079473e-02;1.014866e-01;2.848365e-02;3.163534e-02;9.758537e-02;1.599887e-01;4.341725e-02;5.215880e-02;1.090793e-01;1.863081e-01;4.102675e-02
9.370519e-02;6.271318e-02;7.692096e-02;4.537413e-02;5.165404e-02;1.035020e-01;1.252982e-01;8.997633e-02;7.803127e-02;8.078162e-02;1.414449e-01;5.059817e-02
9.494967e-02;5.625492e-02;5.797088e-02;3.499786e-02;5.305295e-02;1.069496e-01;1.080402e-01;9.525732e-02;4.841612e-02;1.037786e-01;1.855708e-01;5.476107e-02
8.073130e-02;4.408656e-02;5.856333e-02;2.948824e-02;4.388728e-02;1.519100e-01;1.058883e-01;6.764322e-02;2.697872e-02;1.149724e-01;2.391846e-01;3.666604e-02
5.957095e-02;3.023902e-02;7.896154e-02;2.092098e-02;4.469413e-02;1.970043e-01;1.069865e-01;5.061172e-02;2.181363e-02;9.495334e-02;2.713482e-01;2.289555e-02
5.189259e-02;4.550261e-02;7.859023e-02;4.197242e-02;7.393248e-02;1.590098e-01;1.151008e-01;8.030384e-02;4.195938e-02;1.042071e-01;1.749214e-01;3.260739e-02
4.162168e-02;5.687028e-02;1.036561e-01;5.537152e-02;8.325193e-02;1.344327e-01;1.174813e-01;7.577081e-02;6.938164e-02;1.235883e-01;9.860846e-02;3.996528e-02
5.415262e-02;6.235379e-02;1.355742e-01;6.693015e-02;5.542037e-02;1.440677e-01;1.246572e-01;5.386479e-02;7.662512e-02;1.345154e-01;5.523660e-02;3.660205e-02
6.655332e-02;9.310119e-02;1.269381e-01;6.522636e-02;8.027193e-02;1.191949e-01;9.431820e-02;6.099124e-02;4.595345e-02;1.122482e-01;1.130167e-01;2.218644e-02
4.119149e-02;1.188043e-01;1.000285e-01;6.534816e-02;7.862157e-02;1.104051e-01;7.145465e-02;8.711299e-02;5.126458e-02;1.015023e-01;1.395299e-01;3.473638e-02
3.602642e-02;9.898401e-02;7.484759e-02;4.970183e-02;7.721681e-02;1.140577e-01;7.706536e-02;1.049417e-01;3.632460e-02;1.247848e-01;1.585442e-01;4.750502e-02
5.280063e-02;6.917068e-02;1.096601e-01;4.581859e-02;7.954465e-02;1.188975e-01;9.844078e-02;7.130381e-02;3.951055e-02;1.196960e-01;1.331936e-01;6.196310e-02
7.256357e-02;5.626084e-02;1.535482e-01;5.983941e-02;8.301645e-02;1.324173e-01;1.093858e-01;5.300905e-02;5.660225e-02;7.435365e-02;8.588727e-02;6.311616e-02
4.856163e-02;7.524121e-02;1.271670e-01;4.820502e-02;8.791074e-02;1.002304e-01;1.202221e-01;9.485909e-02;6.624229e-02;7.948150e-02;1.054470e-01;4.643214e-02
4.122606e-02;1.158850e-01;8.062224e-02;4.313784e-02;8.982350e-02;8.282339e-02;1.282675e-01;1.153611e-01;6.348318e-02;9.046673e-02;1.127888e-01;3.611465e-02
5.800879e-02;1.359083e-01;9.549408e-02;5.106500e-02;6.942964e-02;1.119129e-01;1.296114e-01;6.936187e-02;5.805146e-02;6.828845e-02;7.499055e-02;7.787756e-02
7.228914e-02;1.049306e-01;9.901371e-02;4.653548e-02;6.381971e-02;9.976129e-02;1.360979e-01;4.571209e-02;7.589316e-02;3.988486e-02;7.096378e-02;1.450983e-01
7.498921e-02;4.886525e-02;1.421740e-01;6.612186e-02;6.126826e-02;7.507679e-02;1.534204e-01;8.569396e-02;7.713661e-02;4.723179e-02;6.107254e-02;1.069493e-01
6.275327e-02;5.039934e-02;1.183373e-01;6.850256e-02;8.095769e-02;9.381252e-02;1.907821e-01;7.413968e-02;9.416857e-02;4.876592e-02;5.029250e-02;6.708861e-02
5.055499e-02;3.700737e-02;1.097992e-01;5.421671e-02;6.875182e-02;1.451116e-01;1.898517e-01;6.200799e-02;1.253511e-01;3.982387e-02;6.583362e-02;5.169004e-02
4.534740e-02;1.776885e-02;1.098310e-01;2.979547e-02;4.004761e-02;2.230065e-01;1.373200e-01;3.098013e-02;1.801933e-01;3.770910e-02;1.138452e-01;3.415544e-02
5.884065e-02;6.303251e-03;1.052807e-01;1.420311e-02;2.688264e-02;2.723221e-01;7.822994e-02;1.306827e-02;1.901394e-01;3.560727e-02;1.820275e-01;1.709512e-02
8.526601e-02;7.240605e-03;9.057809e-02;9.577673e-03;3.009026e-02;2.960175e-01;4.416819e-02;6.521760e-03;1.147711e-01;3.189411e-02;2.683687e-01;1.550604e-02
1.302322e-01;8.799322e-03;8.381359e-02;8.813112e-03;3.625415e-02;2.721542e-01;2.025339e-02;4.842253e-03;6.428115e-02;3.064950e-02;3.225978e-01;1.730939e-02
1.903161e-01;1.098470e-02;8.447897e-02;1.754840e-02;4.521068e-02;2.084188e-01;3.772143e-02;1.282141e-02;5.898784e-02;3.463053e-02;2.870388e-01;1.184229e-02
2.398598e-01;1.342134e-02;5.966860e-02;4.922186e-02;5.631870e-02;1.442050e-01;7.127874e-02;5.864697e-02;3.956579e-02;4.895733e-02;2.048844e-01;1.397148e-02
1.881041e-01;6.089514e-02;3.935246e-02;6.845237e-02;6.893999e-02;8.075314e-02;7.948406e-02;1.463369e-01;3.765056e-02;9.409904e-02;1.135581e-01;2.237421e-02
8.121712e-02;1.666624e-01;2.926732e-02;5.545085e-02;7.485663e-02;5.129628e-02;3.997475e-02;1.942194e-01;5.549734e-02;1.392242e-01;7.549199e-02;3.684163e-02
2.741671e-02;2.569451e-01;3.162038e-02;3.938901e-02;6.728502e-02;3.924490e-02;3.821636e-02;1.887573e-01;5.786037e-02;1.496554e-01;7.235812e-02;3.125133e-02
2.699180e-02;2.311658e-01;5.433751e-02;5.674282e-02;4.441435e-02;5.262629e-02;9.331494e-02;1.566567e-01;4.280847e-02;1.372687e-01;8.016920e-02;2.350331e-02
5.270538e-02;1.754549e-01;9.064960e-02;5.673339e-02;4.061969e-02;9.376472e-02;9.936696e-02;8.788367e-02;4.140157e-02;1.470907e-01;7.738269e-02;3.694662e-02
6.709234e-02;1.674894e-01;1.095384e-01;3.908770e-02;4.557286e-02;1.275411e-01;8.483969e-02;5.655397e-02;4.237803e-02;1.399033e-01;8.139691e-02;3.860634e-02
6.251822e-02;1.343703e-01;9.621376e-02;3.764038e-02;6.522194e-02;1.230572e-01;5.066843e-02;6.352694e-02;6.216807e-02;1.529954e-01;1.253162e-01;2.630316e-02
3.998836e-02;9.312692e-02;7.501706e-02;5.485933e-02;6.053120e-02;8.965385e-02;6.058301e-02;4.738993e-02;9.317419e-02;1.922690e-01;1.635689e-01;2.983819e-02
4.006270e-02;6.618410e-02;6.207244e-02;6.274100e-02;4.642751e-02;1.068540e-01;3.429589e-02;4.782111e-02;1.118197e-01;2.278245e-01;1.548802e-01;3.901688e-02
4.659036e-02;8.818269e-02;2.808047e-02;6.380603e-02;4.890418e-02;9.354495e-02;8.120801e-02;6.275165e-02;1.013108e-01;1.694784e-01;1.545570e-01;6.158543e-02
5.832389e-02;1.314145e-01;6.310453e-02;6.485012e-02;4.276298e-02;9.022368e-02;8.930735e-02;6.550726e-02;9.341896e-02;1.040078e-01;1.251531e-01;7.192587e-02
9.930523e-02;1.439654e-01;7.641107e-02;4.444927e-02;5.018441e-02;8.621436e-02;8.075818e-02;5.756691e-02;1.099349e-01;5.788967e-02;6.058527e-02;1.327354e-01
8.846191e-02;1.131372e-01;9.305353e-02;3.697655e-02;7.637653e-02;5.535638e-02;8.104280e-02;8.929815e-02;9.300642e-02;5.321904e-02;7.127296e-02;1.487985e-01
8.811630e-02;1.080775e-01;1.656242e-01;2.500482e-02;8.293910e-02;2.479796e-02;1.001834e-01;8.461926e-02;4.833647e-02;6.644396e-02;9.331726e-02;1.125398e-01
8.529463e-02;9.523635e-02;2.278479e-01;3.337396e-02;6.065414e-02;5.271779e-02;1.501215e-01;5.646836e-02;3.419808e-02;7.159833e-02;7.631467e-02;5.617424e-02
8.491991e-02;6.099361e-02;1.826758e-01;4.014014e-02;6.288928e-02;6.736310e-02;1.304969e-01;6.139302e-02;5.844807e-02;1.247443e-01;8.531509e-02;4.062073e-02
6.662127e-02;3.635547e-02;7.985097e-02;3.169112e-02;7.789298e-02;6.789443e-02;1.147479e-01;4.623510e-02;7.546109e-02;2.103023e-01;1.377457e-01;5.520169e-02
3.453937e-02;3.325932e-02;5.910683e-02;2.015634e-02;1.017905e-01;5.674529e-02;1.263775e-01;4.042404e-02;7.451387e-02;2.489588e-01;1.487742e-01;5.535399e-02
2.534058e-02;2.793894e-02;6.608422e-02;2.523884e-02;1.008570e-01;9.673632e-02;1.088155e-01;3.824477e-02;7.303841e-02;2.522059e-01;1.418657e-01;4.363383e-02
3.451173e-02;2.692888e-02;6.375807e-02;3.288729e-02;6.391388e-02;1.279624e-01;1.599384e-01;4.109625e-02;7.719434e-02;2.217011e-01;1.232827e-01;2.682503e-02
4.772110e-02;3.754976e-02;5.948581e-02;3.447188e-02;4.173801e-02;1.155441e-01;2.201969e-01;4.225260e-02;7.053588e-02;1.975511e-01;1.081260e-01;2.482690e-02
6.512781e-02;3.756906e-02;1.268294e-01;2.840067e-02;5.381931e-02;8.359845e-02;1.885910e-01;3.398263e-02;5.435950e-02;1.958683e-01;9.955589e-02;3.229805e-02
5.226924e-02;3.893185e-02;1.866142e-01;3.420987e-02;4.609273e-02;7.434566e-02;9.562980e-02;5.172588e-02;7.790503e-02;1.953025e-01;1.093035e-01;3.766964e-02
5.136411e-02;7.330875e-02;1.865427e-01;4.474733e-02;5.016329e-02;9.141764e-02;6.987326e-02;7.531959e-02;7.341267e-02;1.328401e-01;1.054451e-01;4.556542e-02
5.890333e-02;1.029708e-01;1.528603e-01;4.544819e-02;7.431228e-02;1.078823e-01;6.515163e-02;8.354805e-02;4.993390e-02;1.077649e-01;1.004973e-01;5.072700e-02
4.754641e-02;9.917679e-02;1.036273e-01;3.872383e-02;1.071263e-01;1.188427e-01;1.321494e-01;6.605902e-02;4.057719e-02;9.401892e-02;1.058968e-01;4.625519e-02
2.938018e-02;6.568093e-02;1.195855e-01;3.664770e-02;1.028596e-01;1.289872e-01;1.551396e-01;7.411063e-02;5.806300e-02;7.664315e-02;9.686326e-02;5.603933e-02
4.286555e-02;4.791796e-02;1.187330e-01;4.678904e-02;9.726383e-02;1.058811e-01;1.504349e-01;7.173166e-02;7.993343e-02;9.165996e-02;8.049948e-02;6.629013e-02
5.863952e-02;5.423434e-02;1.233661e-01;5.000438e-02;1.001555e-01;1.032224e-01;1.321486e-01;5.252016e-02;8.668887e-02;1.166715e-01;5.327661e-02;6.907215e-02
7.076909e-02;4.972621e-02;1.185139e-01;4.539077e-02;8.917650e-02;1.348343e-01;1.349767e-01;5.776668e-02;7.924465e-02;1.244809e-01;2.122808e-02;7.389217e-02
5.314003e-02;8.098922e-02;1.192699e-01;5.216097e-02;9.519213e-02;1.120273e-01;1.028786e-01;9.488694e-02;6.470128e-02;1.081053e-01;6.517939e-02;5.146890e-02
9.020364e-02;1.154070e-01;1.136258e-01;4.932098e-02;8.654566e-02;7.928555e-02;6.750168e-02;1.166494e-01;9.229380e-02;7.809962e-02;7.206538e-02;3.900160e-02
1.118523e-01;1.132677e-01;1.097650e-01;3.338366e-02;8.536044e-02;7.066087e-02;1.185721e-01;9.334838e-02;8.908772e-02;6.667075e-02;6.003361e-02;4.799740e-02
8.439315e-02;4.985103e-02;3.196943e-01;4.996793e-02;6.956827e-02;5.686037e-02;6.285659e-02;5.236647e-02;4.388380e-02;7.890052e-02;7.933240e-02;5.232519e-02
5.745251e-02;4.277179e-02;2.869336e-01;4.134028e-02;7.459328e-02;7.967903e-02;1.217917e-01;3.363287e-02;2.961115e-02;7.513653e-02;1.059999e-01;5.105737e-02
5.290725e-02;4.903881e-02;2.231892e-01;5.588169e-02;5.998406e-02;9.696976e-02;1.252586e-01;3.729992e-02;3.086458e-02;9.620656e-02;1.316982e-01;4.070128e-02
2.447497e-02;5.520781e-02;1.320409e-01;8.807250e-02;4.521710e-02;1.000703e-01;1.141232e-01;4.842750e-02;2.995240e-02;1.510540e-01;1.775288e-01;3.383053e-02
1.548856e-02;4.902305e-02;8.644460e-02;1.106709e-01;3.577257e-02;6.427312e-02;1.155045e-01;6.043329e-02;2.893925e-02;2.041790e-01;2.012149e-01;2.805622e-02
2.046194e-02;4.465760e-02;7.455525e-02;1.143925e-01;3.599651e-02;4.517195e-02;1.208332e-01;8.687962e-02;2.825235e-02;2.171527e-01;1.874587e-01;2.418765e-02
9.129041e-03;4.881691e-02;4.924553e-02;1.093783e-01;4.060466e-02;4.131227e-02;1.005966e-01;1.307089e-01;2.594786e-02;2.333926e-01;1.861886e-01;2.467865e-02
9.759877e-03;6.395740e-02;3.004147e-02;9.481433e-02;5.285423e-02;2.730003e-02;7.615870e-02;1.746895e-01;3.010714e-02;2.402465e-01;1.770307e-01;2.304021e-02
1.039441e-02;7.465403e-02;1.717217e-02;8.811019e-02;5.472346e-02;2.216113e-02;6.626911e-02;2.137180e-01;3.138562e-02;2.326882e-01;1.656960e-01;2.302764e-02
5.034987e-03;8.179735e-02;2.789483e-02;9.044276e-02;6.000311e-02;1.669513e-02;6.916171e-02;2.209390e-01;3.166893e-02;2.154337e-01;1.548538e-01;2.607479e-02
9.555146e-03;7.938068e-02;1.863387e-02;1.189488e-01;4.203858e-02;2.306320e-02;1.008151e-01;2.082612e-01;2.657734e-02;2.039810e-01;1.471611e-01;2.158406e-02
1.397040e-02;6.306268e-02;2.035267e-02;1.415904e-01;2.859775e-02;3.764094e-02;1.587914e-01;1.512766e-01;2.172166e-02;1.800417e-01;1.601136e-01;2.284026e-02
1.583477e-02;4.156697e-02;3.606514e-02;1.340005e-01;2.415657e-02;6.876409e-02;2.143846e-01;8.502884e-02;2.164367e-02;1.532931e-01;1.811788e-01;2.408286e-02
2.760806e-02;2.969613e-02;3.910104e-02;1.156039e-01;2.517543e-02;1.014872e-01;2.382369e-01;3.793903e-02;1.898152e-02;1.388194e-01;2.003549e-01;2.699651e-02
3.699128e-02;2.296268e-02;4.623568e-02;1.079661e-01;2.107347e-02;1.377410e-01;2.112460e-01;2.355572e-02;2.148577e-02;1.340374e-01;2.099793e-01;2.672560e-02
5.552670e-02;1.663015e-02;6.904545e-02;6.996772e-02;2.397240e-02;2.293184e-01;1.366249e-01;1.464668e-02;2.679602e-02;1.194292e-01;2.133174e-01;2.472496e-02
6.805926e-02;8.609035e-03;8.594318e-02;2.383335e-02;2.120723e-02;3.159724e-01;7.017857e-02;1.583369e-02;3.021849e-02;1.115841e-01;2.223420e-01;2.621877e-02
7.005768e-02;4.630323e-03;8.892680e-02;2.578574e-02;1.927371e-02;3.315755e-01;7.428288e-02;9.469316e-03;2.416266e-02;1.014021e-01;2.230575e-01;2.737575e-02
5.826651e-02;1.222757e-02;7.451770e-02;6.802475e-02;1.915358e-02;2.556899e-01;1.503176e-01;1.873310e-02;1.872121e-02;1.014713e-01;1.972170e-01;2.565978e-02
3.616531e-02;2.671044e-02;4.345034e-02;1.311314e-01;2.294104e-02;1.407133e-01;2.288702e-01;4.562468e-02;1.811735e-02;1.183720e-01;1.675702e-01;2.033364e-02
1.914440e-02;4.389032e-02;3.231474e-02;1.861763e-01;3.529522e-02;5.905480e-02;2.244240e-01;8.529749e-02;1.959661e-02;1.346110e-01;1.429500e-01;1.724512e-02
1.065513e-02;5.081257e-02;1.909701e-02;2.060812e-01;3.874001e-02;5.461667e-02;1.913213e-01;1.151128e-01;2.120655e-02;1.398089e-01;1.342940e-01;1.825385e-02
9.818403e-03;5.282666e-02;1.551174e-02;2.080460e-01;4.256671e-02;5.820978e-02;1.927641e-01;1.116084e-01;2.223263e-02;1.353084e-01;1.312984e-01;1.980887e-02
1.251777e-02;6.444842e-02;3.199088e-02;1.981587e-01;5.421538e-02;4.018384e-02;2.036404e-01;9.869386e-02;2.538455e-02;1.165534e-01;1.274765e-01;2.673628e-02
2.348249e-02;6.768440e-02;5.602047e-02;1.538899e-01;6.536452e-02;4.531232e-02;1.546639e-01;1.125027e-01;4.455383e-02;1.269420e-01;1.170421e-01;3.254143e-02
3.194726e-02;5.112724e-02;6.776332e-02;1.113164e-01;6.230874e-02;9.894814e-02;1.118992e-01;1.027105e-01;5.354111e-02;1.315979e-01;1.422752e-01;3.456504e-02
4.903383e-02;2.863436e-02;8.624159e-02;5.410206e-02;3.668996e-02;2.105270e-01;9.735023e-02;4.900014e-02;4.008644e-02;9.964176e-02;2.090769e-01;3.961570e-02
6.244740e-02;1.892387e-02;1.076951e-01;1.821179e-02;2.428344e-02;2.800880e-01;5.144839e-02;1.252638e-02;3.438465e-02;6.558322e-02;2.731597e-01;5.124806e-02
5.098582e-02;1.801935e-02;1.136117e-01;9.710080e-03;2.038004e-02;2.489349e-01;4.615961e-02;1.373675e-02;3.969640e-02;6.247345e-02;2.757017e-01;1.005901e-01
7.138927e-02;2.191393e-02;1.018822e-01;1.818766e-02;1.745160e-02;1.916386e-01;5.427360e-02;2.414786e-02;5.028833e-02;6.689581e-02;2.320843e-01;1.498469e-01
9.316710e-02;3.328188e-02;1.161658e-01;3.899383e-02;2.138907e-02;2.058432e-01;3.978303e-02;2.009277e-02;4.712297e-02;5.638197e-02;2.106552e-01;1.171232e-01
7.906906e-02;2.801884e-02;1.413961e-01;7.419635e-02;3.895152e-02;2.470754e-01;3.635351e-02;1.041397e-02;3.240998e-02;5.220582e-02;2.056654e-01;5.424404e-02
6.727146e-02;1.282015e-02;1.420871e-01;6.612022e-02;4.717703e-02;2.509351e-01;6.698479e-02;1.889619e-02;4.806678e-02;5.319930e-02;1.893887e-01;3.705318e-02
5.661194e-02;1.607045e-02;1.289356e-01;4.054622e-02;3.685205e-02;2.312573e-01;8.473720e-02;3.240069e-02;8.692092e-02;6.622754e-02;1.900969e-01;2.934322e-02
5.194630e-02;1.795194e-02;1.666566e-01;2.327083e-02;4.515041e-02;1.917488e-01;5.196706e-02;2.647555e-02;9.741153e-02;8.813171e-02;2.078641e-01;3.142507e-02
5.019181e-02;2.912846e-02;2.330287e-01;3.350605e-02;6.290873e-02;1.747756e-01;3.861888e-02;1.575781e-02;5.483652e-02;9.564900e-02;1.797342e-01;3.186428e-02
5.742842e-02;4.844955e-02;2.166993e-01;5.860551e-02;5.941758e-02;1.591580e-01;7.551827e-02;1.699554e-02;3.932482e-02;9.327054e-02;1.298576e-01;4.527491e-02
5.354629e-02;7.516199e-02;1.929637e-01;6.807631e-02;6.243808e-02;1.290203e-01;1.067962e-01;3.120064e-02;7.333016e-02;7.258761e-02;9.636968e-02;3.850901e-02
5.467476e-02;6.458315e-02;2.071345e-01;5.705501e-02;6.875805e-02;1.167989e-01;1.008560e-01;4.165675e-02;8.654650e-02;6.686535e-02;9.514919e-02;3.992191e-02
5.088344e-02;4.749260e-02;1.319433e-01;6.652559e-02;7.648722e-02;1.475523e-01;1.168594e-01;2.177204e-02;5.954995e-02;1.033759e-01;1.351081e-01;4.245020e-02
6.734375e-02;5.596201e-02;1.491666e-01;5.823276e-02;6.823678e-02;1.497898e-01;7.182785e-02;2.857050e-02;5.824259e-02;1.044655e-01;1.466372e-01;4.152474e-02
7.753073e-02;4.338864e-02;1.406894e-01;5.972350e-02;6.777563e-02;1.367965e-01;1.034223e-01;3.659279e-02;4.970188e-02;9.838074e-02;1.334265e-01;5.257137e-02
6.801632e-02;2.891222e-02;1.454287e-01;6.982771e-02;6.910627e-02;1.561960e-01;1.161356e-01;4.027810e-02;6.328844e-02;8.252937e-02;1.166998e-01;4.358143e-02
7.037783e-02;5.610300e-02;1.735623e-01;6.988547e-02;5.214409e-02;1.222257e-01;7.067220e-02;4.181762e-02;8.817832e-02;8.375882e-02;1.237812e-01;4.749348e-02
1.062879e-01;1.053195e-01;1.421855e-01;8.928479e-02;4.562961e-02;8.079688e-02;9.663644e-02;4.834531e-02;8.819393e-02;1.020657e-01;6.131063e-02;3.394391e-02
1.397083e-01;9.220000e-02;1.308163e-01;7.510160e-02;5.848912e-02;5.111444e-02;1.154096e-01;4.613839e-02;8.072036e-02;1.019050e-01;5.363662e-02;5.476037e-02
1.166090e-01;6.752551e-02;1.268649e-01;5.272673e-02;9.067363e-02;7.592469e-02;1.104280e-01;5.186988e-02;5.070809e-02;1.096665e-01;8.755889e-02;5.944415e-02
7.964907e-02;5.525050e-02;8.974268e-02;4.991493e-02;1.217850e-01;9.991506e-02;7.995842e-02;6.136010e-02;3.753278e-02;1.438660e-01;1.273700e-01;5.365551e-02
6.297679e-02;5.169935e-02;6.374736e-02;5.020469e-02;1.194202e-01;8.689973e-02;1.280793e-01;6.249155e-02;5.114482e-02;1.569395e-01;1.255176e-01;4.087914e-02
7.770402e-02;4.837125e-02;1.002091e-01;4.784082e-02;1.046795e-01;9.440164e-02;1.088164e-01;6.640184e-02;6.397763e-02;1.548509e-01;1.057103e-01;2.703663e-02
5.829709e-02;7.507373e-02;1.250316e-01;5.445379e-02;7.377361e-02;1.011324e-01;1.642540e-01;7.111757e-02;4.900320e-02;1.407081e-01;5.511319e-02;3.204176e-02
5.317431e-02;9.089034e-02;1.040174e-01;2.936970e-02;5.734684e-02;5.355841e-02;2.852330e-01;5.519003e-02;4.627961e-02;1.204307e-01;6.841847e-02;3.609114e-02
7.400393e-02;1.130283e-01;8.724670e-02;2.479222e-02;6.844704e-02;4.310888e-02;3.101080e-01;3.516393e-02;3.103553e-02;1.015778e-01;7.782780e-02;3.365977e-02
4.331135e-02;1.157427e-01;6.777237e-02;2.460338e-02;1.068177e-01;5.703177e-02;3.571678e-01;2.109087e-02;2.422268e-02;8.660603e-02;6.061344e-02;3.501990e-02
1.019848e-01;6.367257e-02;1.232491e-01;3.941302e-02;1.254592e-01;8.320942e-02;2.965736e-01;3.888997e-02;4.139052e-02;4.783787e-02;1.485633e-02;2.346358e-02
9.449469e-02;5.959531e-02;1.391491e-01;7.781462e-02;1.284653e-01;1.000348e-01;1.406467e-01;4.363330e-02;6.738813e-02;7.713389e-02;3.892664e-02;3.271745e-02
9.228349e-02;4.926147e-02;9.976919e-02;8.182732e-02;1.359919e-01;1.022844e-01;1.791572e-01;2.603035e-02;7.045963e-02;8.885287e-02;5.039649e-02;2.368568e-02
8.154045e-02;2.659478e-02;6.606770e-02;8.002236e-02;1.352636e-01;9.385161e-02;2.178936e-01;4.207372e-02;1.093918e-01;8.480599e-02;4.717924e-02;1.531513e-02
6.700946e-02;1.706089e-02;6.297935e-02;1.070266e-01;9.996350e-02;7.920372e-02;2.203774e-01;7.708126e-02;1.551849e-01;5.766653e-02;3.627606e-02;2.017033e-02
5.197001e-02;2.162481e-02;1.132360e-01;1.085588e-01;6.476431e-02;9.052764e-02;1.752637e-01;1.066597e-01;1.500791e-01;4.977141e-02;2.283326e-02;4.471132e-02
2.479601e-02;3.231223e-02;1.641692e-01;6.656789e-02;4.000333e-02;9.078284e-02;1.566709e-01;1.970615e-01;8.820812e-02;5.938078e-02;1.972658e-02;6.032060e-02
3.319907e-02;5.028087e-02;1.668373e-01;3.550363e-02;5.404032e-02;6.363352e-02;1.948270e-01;2.164827e-01;5.081617e-02;6.161394e-02;2.846665e-02;4.429881e-02
4.091360e-02;8.221748e-02;1.350614e-01;2.214432e-02;8.851592e-02;5.326108e-02;2.850888e-01;1.386334e-01;4.657936e-02;4.262607e-02;5.259122e-02;1.236741e-02
5.596500e-02;1.140209e-01;7.131111e-02;1.316120e-02;1.046720e-01;5.091905e-02;3.424274e-01;7.465576e-02;6.950723e-02;1.970432e-02;7.429702e-02;9.359037e-03
9.375644e-02;1.284354e-01;5.229062e-02;1.920255e-02;8.046053e-02;3.265545e-02;3.195827e-01;8.152293e-02;8.606307e-02;2.067672e-02;7.015236e-02;1.520121e-02
1.326548e-01;1.231425e-01;9.787904e-02;2.376992e-02;5.645557e-02;3.119196e-02;2.537832e-01;9.109006e-02;6.403625e-02;5.849795e-02;4.998235e-02;1.751643e-02
1.319692e-01;1.174890e-01;1.374805e-01;3.804633e-02;5.607040e-02;4.832954e-02;1.897550e-01;7.921445e-02;3.611477e-02;8.725716e-02;5.451506e-02;2.375862e-02
6.583513e-02;1.350413e-01;1.712107e-01;4.072362e-02;8.647255e-02;7.215031e-02;1.083754e-01;1.126744e-01;4.073042e-02;8.400481e-02;5.475762e-02;2.802373e-02
1.018153e-01;1.465971e-01;1.689294e-01;2.135263e-02;9.628977e-02;5.716576e-02;1.874695e-01;8.928839e-02;3.610803e-02;3.551294e-02;4.041769e-02;1.905356e-02
1.324585e-01;1.510914e-01;1.636406e-01;2.287296e-02;1.089742e-01;5.647526e-02;1.434462e-01;6.346515e-02;2.841353e-02;3.627079e-02;5.018495e-02;4.270649e-02
8.548719e-02;9.191904e-02;1.326684e-01;2.385402e-02;1.132775e-01;8.281396e-02;2.446643e-01;6.653886e-02;3.839791e-02;3.921484e-02;4.887550e-02;3.228850e-02
6.295309e-02;7.680298e-02;1.324180e-01;2.794459e-02;1.268643e-01;8.216396e-02;3.060307e-01;6.573983e-02;4.022302e-02;3.049558e-02;3.339078e-02;1.497325e-02
4.524497e-02;6.974164e-02;1.637742e-01;3.573993e-02;1.245945e-01;4.683159e-02;3.042641e-01;9.238096e-02;4.135265e-02;3.663613e-02;2.232252e-02;1.711687e-02
1.702067e-02;3.721460e-02;2.258694e-01;3.149799e-02;9.055544e-02;5.572343e-02;2.879862e-01;1.294247e-01;4.025110e-02;4.239403e-02;1.391530e-02;2.814720e-02
5.206977e-03;2.380803e-02;2.250052e-01;3.860174e-02;5.557097e-02;1.023380e-01;2.813144e-01;1.218946e-01;5.632871e-02;4.676448e-02;1.112995e-02;3.203689e-02
1.621670e-02;3.774009e-02;1.980707e-01;6.446888e-02;4.030061e-02;9.590299e-02;2.683385e-01;9.943769e-02;7.892404e-02;5.889896e-02;1.318200e-02;2.851890e-02
2.615361e-02;3.435342e-02;1.676285e-01;1.015454e-01;5.516873e-02;5.872720e-02;2.121255e-01;8.693664e-02;1.150297e-01;9.406728e-02;2.542865e-02;2.283545e-02
4.637254e-02;2.160563e-02;9.434453e-02;1.703324e-01;5.393517e-02;4.639783e-02;1.234837e-01;8.520680e-02;1.574196e-01;1.464359e-01;3.646171e-02;1.800414e-02
7.239415e-02;1.096176e-02;4.735333e-02;1.835604e-01;4.239910e-02;2.349911e-02;1.460107e-01;8.691438e-02;1.634940e-01;1.633876e-01;4.511659e-02;1.490880e-02
8.798204e-02;1.107923e-02;4.136709e-02;1.885760e-01;2.661297e-02;1.667241e-02;1.454441e-01;9.184375e-02;1.668783e-01;1.714697e-01;4.172650e-02;1.034804e-02
8.385602e-02;1.316997e-02;6.820918e-02;2.222073e-01;2.777275e-02;1.581929e-02;6.979907e-02;9.215443e-02;1.812112e-01;1.768563e-01;3.890822e-02;1.003626e-02
5.017109e-02;1.414657e-02;7.650940e-02;2.292967e-01;4.225827e-02;3.067893e-02;1.567115e-01;6.997707e-02;1.466588e-01;1.351428e-01;3.562256e-02;1.282627e-02
2.831621e-02;2.080572e-02;8.535362e-02;2.458465e-01;6.364997e-02;4.525144e-02;1.593713e-01;7.585745e-02;1.419308e-01;9.927398e-02;2.334750e-02;1.099548e-02
2.009638e-02;3.261438e-02;1.072579e-01;1.981365e-01;8.115513e-02;6.231894e-02;1.917206e-01;7.306173e-02;1.244121e-01;7.713756e-02;1.884732e-02;1.324142e-02
1.387259e-02;4.175607e-02;1.271288e-01;1.231763e-01;8.338559e-02;6.947933e-02;2.207073e-01;9.291852e-02;1.244516e-01;6.920919e-02;1.685503e-02;1.705966e-02
7.038338e-03;5.164656e-02;1.224354e-01;5.398169e-02;6.808193e-02;9.809332e-02;2.728276e-01;1.011382e-01;1.389857e-01;5.252893e-02;1.703933e-02;1.620297e-02
1.540014e-02;5.720035e-02;1.043734e-01;3.656594e-02;4.936039e-02;1.170569e-01;2.980274e-01;8.901630e-02;1.346223e-01;5.318489e-02;3.299919e-02;1.219288e-02
4.403189e-02;5.553681e-02;9.179556e-02;4.076190e-02;3.125351e-02;1.011444e-01;2.773750e-01;8.434544e-02;1.209773e-01;6.066546e-02;7.374764e-02;1.836511e-02
6.717407e-02;4.242422e-02;1.011354e-01;4.963722e-02;4.257670e-02;7.721354e-02;1.860036e-01;7.270704e-02;1.039547e-01;6.448066e-02;1.023313e-01;9.036154e-02
4.891703e-02;2.899715e-02;1.000261e-01;3.291026e-02;4.986387e-02;6.373582e-02;1.806899e-01;6.674150e-02;6.483646e-02;8.524524e-02;6.016326e-02;2.178734e-01
5.211278e-02;1.828979e-02;1.151398e-01;3.256061e-02;3.145026e-02;4.098868e-02;1.800219e-01;9.297441e-02;6.112380e-02;1.027669e-01;2.051194e-02;2.520592e-01
1.083242e-01;2.385699e-02;1.100980e-01;5.441603e-02;3.949246e-02;2.846337e-02;2.037050e-01;8.628523e-02;3.377415e-02;8.783669e-02;4.538365e-02;1.783642e-01
1.189844e-01;3.848365e-02;7.597245e-02;5.476357e-02;6.159750e-02;3.659099e-02;3.052486e-01;5.972900e-02;4.437521e-02;5.642327e-02;7.074338e-02;7.708790e-02
8.395132e-02;3.617971e-02;5.950393e-02;3.812371e-02;6.264994e-02;6.164914e-02;3.408659e-01;5.214776e-02;5.057478e-02;3.945452e-02;6.129938e-02;1.136000e-01
1.340251e-01;3.401370e-02;6.489116e-02;4.750216e-02;9.583787e-02;8.467934e-02;2.274813e-01;4.036808e-02;3.250352e-02;5.327655e-02;4.005144e-02;1.453698e-01
1.538530e-01;5.177825e-02;8.973394e-02;5.143365e-02;1.098639e-01;7.373736e-02;2.065042e-01;3.652606e-02;1.908695e-02;4.733638e-02;5.123850e-02;1.089078e-01
1.175778e-01;5.292787e-02;1.554907e-01;6.753284e-02;1.022955e-01;6.033241e-02;1.516388e-01;3.141430e-02;2.452886e-02;5.147620e-02;1.193862e-01;6.539845e-02
5.337488e-02;4.695768e-02;2.284418e-01;7.476391e-02;8.160242e-02;4.253283e-02;1.120000e-01;2.572778e-02;3.684229e-02;9.900684e-02;1.648600e-01;3.388964e-02
4.278933e-02;4.801495e-02;2.490778e-01;7.122569e-02;6.320257e-02;2.443658e-02;8.669348e-02;2.692027e-02;3.176428e-02;1.555153e-01;1.504957e-01;4.986408e-02
7.173886e-02;5.725415e-02;1.731219e-01;8.022533e-02;6.449258e-02;2.364994e-02;1.255937e-01;3.557289e-02;5.225857e-02;1.697706e-01;1.029537e-01;4.336788e-02
9.852915e-02;5.632065e-02;1.264157e-01;5.633404e-02;7.283106e-02;4.226865e-02;1.838725e-01;4.724410e-02;5.684976e-02;1.534200e-01;7.174599e-02;3.416842e-02
9.153490e-02;5.012184e-02;2.297412e-01;6.619725e-02;5.680651e-02;4.566440e-02;1.475400e-01;4.619616e-02;3.778870e-02;1.045678e-01;8.130510e-02;4.253607e-02
7.839981e-02;3.073278e-02;2.323794e-01;5.744708e-02;7.542045e-02;5.106639e-02;1.443299e-01;4.313413e-02;3.678260e-02;1.044661e-01;1.088784e-01;3.696291e-02
6.193875e-02;4.328245e-02;1.359650e-01;5.202823e-02;6.918807e-02;5.408655e-02;1.965713e-01;5.546633e-02;4.577553e-02;1.132110e-01;1.232025e-01;4.928431e-02
5.024584e-02;4.359093e-02;2.172598e-01;4.258301e-02;8.115159e-02;6.793470e-02;1.828640e-01;5.772975e-02;3.315746e-02;7.709537e-02;9.572569e-02;5.066178e-02
6.876597e-02;4.924177e-02;3.434800e-01;5.667645e-02;6.483758e-02;5.656750e-02;1.386109e-01;5.805869e-02;3.036609e-02;3.268347e-02;5.394369e-02;4.676790e-02
3.965737e-02;4.701069e-02;3.623533e-01;5.758011e-02;5.092704e-02;3.374869e-02;1.908877e-01;5.684592e-02;3.737870e-02;4.043394e-02;4.651910e-02;3.665746e-02
4.228199e-02;3.592380e-02;3.210730e-01;5.466428e-02;6.547817e-02;3.295730e-02;1.952970e-01;4.932204e-02;5.326305e-02;6.537067e-02;4.875161e-02;3.561709e-02
7.106798e-02;4.732754e-02;2.586020e-01;6.030594e-02;9.082071e-02;6.595480e-02;1.513482e-01;3.944432e-02;3.528975e-02;8.931688e-02;4.912127e-02;4.140063e-02
7.828896e-02;6.231934e-02;2.566450e-01;6.400649e-02;1.086959e-01;5.842767e-02;9.947187e-02;3.483657e-02;4.299818e-02;1.018767e-01;6.196171e-02;3.047161e-02
5.962982e-02;7.987509e-02;2.994865e-01;6.418125e-02;8.242264e-02;4.597054e-02;8.659189e-02;4.174906e-02;5.528055e-02;7.105298e-02;5.874511e-02;5.501454e-02
