6.195357e-02;6.795792e-02;4.736898e-02;8.972014e-02;9.270666e-02;1.158671e-01;6.441432e-02;5.273935e-02;1.196144e-01;1.874015e-01;4.967862e-02;5.057744e-02
6.674523e-02;5.676076e-02;4.896480e-02;7.492911e-02;7.427835e-02;1.140036e-01;4.089542e-02;7.409938e-02;1.153397e-01;1.973560e-01;8.355023e-02;5.307740e-02
4.413753e-02;6.109353e-02;5.524361e-02;6.703666e-02;6.487510e-02;1.126185e-01;6.736625e-02;8.652414e-02;8.406513e-02;1.491411e-01;1.108139e-01;9.708454e-02
7.336232e-02;4.566192e-02;3.946126e-02;7.393864e-02;9.945609e-02;5.346335e-02;6.979993e-02;7.559040e-02;1.183508e-01;1.650622e-01;9.362704e-02;9.222608e-02
6.871115e-02;4.476957e-02;5.335756e-02;8.740932e-02;1.068137e-01;6.550772e-02;5.521455e-02;6.765585e-02;1.325202e-01;1.534165e-01;8.048165e-02;8.414231e-02
4.294103e-02;3.572992e-02;7.332201e-02;6.464775e-02;1.550621e-01;5.439664e-02;6.558507e-02;8.759006e-02;1.014040e-01;1.541667e-01;7.065331e-02;9.450138e-02
5.975736e-02;5.218605e-02;7.837100e-02;4.675976e-02;1.741566e-01;8.376831e-02;6.211167e-02;8.064546e-02;7.593790e-02;1.136988e-01;7.005085e-02;1.025562e-01
1.097396e-01;7.041977e-02;1.152603e-01;3.630157e-02;1.124454e-01;8.414283e-02;7.910361e-02;5.469987e-02;8.011257e-02;9.671995e-02;4.397703e-02;1.170776e-01
1.347961e-01;4.768530e-02;9.594759e-02;9.840374e-02;5.932172e-02;9.479286e-02;9.555460e-02;5.942368e-02;6.001875e-02;1.082929e-01;4.124116e-02;1.045217e-01
1.045405e-01;4.229658e-02;1.197801e-01;1.361640e-01;4.221705e-02;1.095389e-01;8.447386e-02;6.461171e-02;7.162530e-02;7.913989e-02;5.950505e-02;8.610701e-02
9.454743e-02;6.578348e-02;1.585551e-01;9.943209e-02;6.777198e-02;7.348708e-02;4.427717e-02;7.094359e-02;1.020761e-01;6.349818e-02;8.632445e-02;7.330333e-02
1.232733e-01;6.313173e-02;1.693535e-01;6.655911e-02;8.050641e-02;4.235392e-02;6.686771e-02;7.067270e-02;9.775661e-02;6.786188e-02;1.032588e-01;4.840434e-02
1.195800e-01;5.053127e-02;1.857912e-01;5.117200e-02;8.327172e-02;4.273176e-02;1.348922e-01;4.508087e-02;6.351864e-02;8.011115e-02;9.367571e-02;4.964345e-02
9.908747e-02;5.078575e-02;2.585213e-01;4.154196e-02;7.293770e-02;4.664100e-02;1.930545e-01;2.904488e-02;4.133314e-02;6.811936e-02;5.236515e-02;4.656785e-02
9.152850e-02;5.686061e-02;2.971625e-01;4.022454e-02;5.839841e-02;3.645980e-02;2.111977e-01;3.586134e-02;4.552808e-02;6.002478e-02;4.096430e-02;2.578940e-02
1.045932e-01;8.606205e-02;1.704558e-01;2.531613e-02;6.782340e-02;5.940227e-02;1.406652e-01;5.566011e-02;6.965539e-02;1.012098e-01;5.566735e-02;6.348924e-02
1.176712e-01;1.042245e-01;8.476540e-02;2.822811e-02;7.720320e-02;7.728982e-02;9.224249e-02;5.120579e-02;9.156125e-02;1.147752e-01;7.715115e-02;8.368190e-02
1.224741e-01;1.039134e-01;8.475976e-02;2.988694e-02;8.048528e-02;7.552311e-02;8.967964e-02;3.623055e-02;8.588783e-02;1.139724e-01;8.984841e-02;8.733853e-02
1.113650e-01;1.106571e-01;9.810777e-02;4.259743e-02;7.575227e-02;7.049469e-02;8.576892e-02;3.567362e-02;6.197263e-02;9.679831e-02;9.634851e-02;1.144638e-01
8.651029e-02;1.316195e-01;1.562809e-01;6.779992e-02;4.229524e-02;4.018589e-02;6.162949e-02;3.879820e-02;6.509257e-02;6.403542e-02;1.091500e-01;1.366026e-01
1.062158e-01;1.503482e-01;2.107308e-01;6.073383e-02;4.765318e-02;6.321116e-02;4.952412e-02;3.791191e-02;1.078734e-01;5.221960e-02;6.598912e-02;4.758882e-02
1.583785e-01;1.377371e-01;1.905534e-01;5.254165e-02;8.123884e-02;5.678463e-02;4.608364e-02;6.527669e-02;1.022625e-01;3.383670e-02;4.182217e-02;3.348421e-02
2.490193e-01;8.609991e-02;1.560197e-01;4.223087e-02;1.239163e-01;3.856179e-02;2.875339e-02;1.180514e-01;5.399225e-02;2.685857e-02;5.051314e-02;2.598336e-02
2.874692e-01;5.800681e-02;9.737685e-02;3.612236e-02;1.386608e-01;1.921844e-02;4.839091e-02;1.456846e-01;3.356807e-02;4.316607e-02;5.988548e-02;3.245038e-02
2.535267e-01;1.037320e-01;9.536005e-02;3.385518e-02;1.042233e-01;1.786106e-02;5.094332e-02;1.377805e-01;6.812720e-02;4.652289e-02;4.651569e-02;4.155223e-02
2.093421e-01;1.077496e-01;1.172912e-01;3.807525e-02;6.048052e-02;2.415864e-02;5.541586e-02;1.328718e-01;1.121934e-01;5.184311e-02;4.641149e-02;4.416697e-02
1.790965e-01;8.353361e-02;1.297860e-01;4.851695e-02;3.016053e-02;2.815760e-02;7.600202e-02;1.224883e-01;1.217179e-01;8.661026e-02;5.695629e-02;3.697404e-02
1.367256e-01;6.901126e-02;1.437003e-01;5.511945e-02;4.591083e-02;3.563862e-02;8.110151e-02;1.029880e-01;1.072360e-01;1.181291e-01;4.813195e-02;5.630736e-02
9.798606e-02;6.291909e-02;1.472849e-01;7.994377e-02;6.482921e-02;3.600694e-02;8.671629e-02;9.794183e-02;8.935994e-02;1.380387e-01;3.882412e-02;6.014916e-02
5.455222e-02;6.586009e-02;1.153604e-01;9.460722e-02;7.497645e-02;5.306682e-02;9.677021e-02;7.973052e-02;9.369290e-02;1.679036e-01;5.374199e-02;4.973750e-02
5.864544e-02;5.309255e-02;1.248044e-01;9.289008e-02;6.380688e-02;5.722246e-02;8.795074e-02;1.045499e-01;9.442370e-02;1.778228e-01;4.894926e-02;3.584167e-02
2.364735e-02;4.024393e-02;9.637968e-02;6.069284e-02;4.644612e-02;6.606874e-02;8.891248e-02;1.360004e-01;1.504187e-01;2.063314e-01;4.270631e-02;4.215202e-02
3.362006e-02;2.142962e-02;6.855689e-02;5.084512e-02;5.716742e-02;7.846690e-02;9.340458e-02;9.386832e-02;2.555138e-01;1.795263e-01;3.422840e-02;3.337260e-02
2.133081e-02;3.339117e-02;7.076192e-02;7.904359e-02;8.168966e-02;8.596899e-02;8.378261e-02;1.004092e-01;2.183028e-01;1.885444e-01;1.504952e-02;2.172534e-02
3.352171e-02;3.295988e-02;5.812708e-02;7.028555e-02;7.227040e-02;5.678585e-02;7.429605e-02;1.442951e-01;1.965778e-01;2.271083e-01;1.434437e-02;1.942797e-02
4.038276e-02;5.606649e-02;3.197427e-02;3.458746e-02;6.026683e-02;7.474651e-02;9.452033e-02;1.285705e-01;3.042538e-01;1.431675e-01;7.061265e-03;2.440226e-02
4.183890e-02;7.965521e-02;2.936344e-02;2.550788e-02;6.751215e-02;8.991336e-02;1.239830e-01;9.711453e-02;2.319146e-01;1.657142e-01;2.154337e-02;2.593936e-02
6.168936e-02;5.165628e-02;5.500826e-02;2.892941e-02;5.991102e-02;7.523058e-02;1.234679e-01;7.954755e-02;1.959820e-01;2.091842e-01;3.069533e-02;2.869812e-02
8.244226e-02;3.762033e-02;9.029512e-02;3.516970e-02;3.228667e-02;5.691744e-02;9.301639e-02;1.372235e-01;2.285858e-01;1.456830e-01;3.463788e-02;2.612192e-02
1.050999e-01;3.166546e-02;8.935049e-02;5.119291e-02;4.124017e-02;4.811770e-02;9.326907e-02;1.495008e-01;1.892976e-01;1.011281e-01;4.186225e-02;5.827541e-02
9.505341e-02;4.732889e-02;9.756736e-02;6.173687e-02;5.851113e-02;5.121901e-02;1.507377e-01;8.255519e-02;1.038435e-01;1.007120e-01;5.356787e-02;9.716701e-02
7.855852e-02;5.468740e-02;1.354402e-01;7.212139e-02;5.190819e-02;6.251319e-02;1.445425e-01;5.872577e-02;1.037375e-01;8.443110e-02;3.561030e-02;1.177239e-01
6.313360e-02;5.064650e-02;1.425024e-01;8.661595e-02;5.771676e-02;9.721676e-02;1.353561e-01;5.462996e-02;1.134154e-01;1.053477e-01;2.989471e-02;6.352421e-02
5.243856e-02;6.079766e-02;1.402462e-01;6.235250e-02;6.693329e-02;1.251327e-01;1.548305e-01;5.474831e-02;1.018311e-01;8.616458e-02;5.142324e-02;4.310140e-02
5.861045e-02;7.382506e-02;1.146056e-01;5.254253e-02;7.090494e-02;1.024880e-01;1.756985e-01;6.493285e-02;7.655871e-02;8.578502e-02;8.136679e-02;4.268153e-02
8.722233e-02;6.648388e-02;7.367960e-02;5.025312e-02;8.944800e-02;7.213977e-02;1.825271e-01;6.357059e-02;7.096680e-02;8.906629e-02;8.924492e-02;6.539766e-02
9.745636e-02;5.923202e-02;9.437883e-02;4.518764e-02;6.597716e-02;8.614402e-02;1.795643e-01;9.625189e-02;9.093600e-02;7.873496e-02;5.324717e-02;5.288970e-02
6.258577e-02;7.429773e-02;2.191757e-01;6.327305e-02;5.778880e-02;8.984230e-02;1.554580e-01;9.599579e-02;6.161143e-02;4.827288e-02;5.005885e-02;2.163970e-02
3.117174e-02;9.779979e-02;3.675621e-01;6.753339e-02;6.713379e-02;7.316437e-02;9.774242e-02;4.812679e-02;4.770994e-02;3.982929e-02;4.034702e-02;2.187933e-02
8.697648e-02;1.469876e-01;3.813415e-01;4.535458e-02;5.032011e-02;4.055297e-02;4.602987e-02;3.792050e-02;9.262375e-02;3.545985e-02;2.389444e-02;1.253835e-02
1.711463e-01;2.001230e-01;3.125691e-01;2.308448e-02;2.472077e-02;2.199171e-02;1.779179e-02;4.663431e-02;1.163372e-01;3.464419e-02;1.513042e-02;1.582676e-02
2.892839e-01;1.994908e-01;1.966804e-01;1.383757e-02;3.089219e-02;1.595325e-02;1.770023e-02;7.993310e-02;8.319649e-02;3.037810e-02;1.455348e-02;2.810043e-02
3.630210e-01;1.554070e-01;1.567219e-01;1.513189e-02;4.628525e-02;1.357288e-02;2.283433e-02;1.203716e-01;3.966305e-02;2.339422e-02;1.453387e-02;2.906292e-02
3.485848e-01;1.378332e-01;1.539275e-01;1.786047e-02;5.207369e-02;1.316911e-02;2.135120e-02;1.497401e-01;3.631838e-02;1.941131e-02;2.062483e-02;2.910539e-02
3.319089e-01;1.351706e-01;1.333896e-01;1.798754e-02;5.990923e-02;1.893561e-02;2.875303e-02;1.552337e-01;4.443813e-02;2.177147e-02;2.603605e-02;2.646614e-02
3.126838e-01;1.511957e-01;1.500587e-01;2.344075e-02;7.153151e-02;1.724426e-02;1.828257e-02;1.427586e-01;5.322755e-02;1.404540e-02;2.422929e-02;2.130179e-02
2.936235e-01;1.679146e-01;1.368171e-01;2.542726e-02;6.948818e-02;1.636988e-02;2.870531e-02;1.256329e-01;7.683876e-02;1.091312e-02;2.476035e-02;2.350890e-02
2.438789e-01;1.724129e-01;1.561900e-01;3.139798e-02;4.873946e-02;1.638619e-02;3.332615e-02;1.009945e-01;1.285272e-01;2.042747e-02;2.673386e-02;2.098534e-02
2.067811e-01;1.710926e-01;1.929543e-01;3.313267e-02;3.562370e-02;1.773523e-02;4.254708e-02;9.162363e-02;1.432051e-01;2.532453e-02;1.910706e-02;2.087301e-02
1.730612e-01;1.427294e-01;2.011079e-01;4.952901e-02;4.655182e-02;3.089109e-02;6.385276e-02;8.581316e-02;1.232753e-01;3.271861e-02;2.274495e-02;2.772488e-02
6.957359e-02;1.099956e-01;2.563316e-01;7.743870e-02;8.586615e-02;5.300745e-02;1.043714e-01;6.188544e-02;7.237317e-02;6.001545e-02;2.606136e-02;2.308007e-02
4.750806e-02;1.150365e-01;3.228106e-01;5.848140e-02;6.281601e-02;5.072436e-02;1.043263e-01;2.754582e-02;1.073915e-01;6.992352e-02;1.726265e-02;1.617327e-02
5.605299e-02;1.517360e-01;2.953076e-01;3.667309e-02;3.347163e-02;5.393111e-02;8.675079e-02;2.036700e-02;1.674001e-01;6.120788e-02;1.227118e-02;2.483056e-02
5.337845e-02;1.812798e-01;2.619651e-01;2.135837e-02;2.263372e-02;6.392878e-02;5.690391e-02;1.403902e-02;2.337596e-01;4.039300e-02;1.083179e-02;3.952853e-02
7.162523e-02;1.772603e-01;2.487091e-01;1.767597e-02;1.930962e-02;7.373407e-02;3.477137e-02;1.737751e-02;2.520055e-01;3.215231e-02;1.971294e-02;3.566605e-02
9.545390e-02;1.565018e-01;2.323139e-01;2.036858e-02;2.682202e-02;7.460266e-02;4.172317e-02;3.032749e-02;2.259921e-01;5.133692e-02;1.812304e-02;2.643444e-02
1.278519e-01;1.262580e-01;2.216618e-01;2.376434e-02;2.933964e-02;6.471384e-02;4.161720e-02;4.934435e-02;1.828346e-01;6.640109e-02;2.753900e-02;3.867424e-02
1.326424e-01;8.171507e-02;2.159000e-01;4.091009e-02;3.570473e-02;5.245812e-02;3.283536e-02;7.511481e-02;1.356329e-01;8.458981e-02;6.266801e-02;4.982863e-02
7.112748e-02;6.853383e-02;1.733934e-01;7.024456e-02;4.179250e-02;6.477385e-02;9.731118e-02;6.553483e-02;1.495169e-01;8.996174e-02;5.964709e-02;4.816266e-02
6.907999e-02;6.011702e-02;9.586583e-02;6.471482e-02;7.736889e-02;1.163349e-01;1.916916e-01;5.179573e-02;1.305040e-01;6.775511e-02;4.286881e-02;3.190336e-02
1.171035e-01;5.513039e-02;9.173221e-02;4.987327e-02;8.843819e-02;1.543197e-01;1.698126e-01;5.115224e-02;1.127513e-01;5.777330e-02;2.881645e-02;2.309677e-02
8.129413e-02;4.986668e-02;1.163499e-01;7.016239e-02;1.289045e-01;1.312644e-01;1.098045e-01;5.248495e-02;9.944398e-02;6.256699e-02;2.958910e-02;6.826850e-02
6.645080e-02;4.906813e-02;1.189758e-01;1.006323e-01;9.236076e-02;8.208447e-02;1.045080e-01;8.285125e-02;6.583263e-02;8.612388e-02;9.027459e-02;6.083725e-02
7.769606e-02;6.008208e-02;1.019917e-01;8.020177e-02;6.929704e-02;8.517136e-02;9.199034e-02;9.412994e-02;7.449146e-02;8.154926e-02;1.048782e-01;7.852077e-02
8.130409e-02;5.412975e-02;9.887297e-02;7.186871e-02;6.321999e-02;7.861485e-02;9.062859e-02;8.531129e-02;8.652128e-02;8.202627e-02;1.117787e-01;9.572354e-02
6.697709e-02;5.474799e-02;1.542678e-01;6.625190e-02;5.922852e-02;6.944584e-02;8.094770e-02;6.736662e-02;1.000235e-01;8.132530e-02;1.226959e-01;7.672181e-02
5.579130e-02;5.958145e-02;2.373383e-01;4.777469e-02;6.296902e-02;5.314627e-02;8.772486e-02;4.307440e-02;1.121431e-01;9.343936e-02;8.962736e-02;5.738989e-02
4.366032e-02;8.914250e-02;2.596085e-01;3.228234e-02;4.145473e-02;4.657639e-02;5.307956e-02;3.308400e-02;1.700431e-01;9.828938e-02;6.203922e-02;7.073998e-02
4.320857e-02;1.263783e-01;2.688426e-01;2.001174e-02;2.296374e-02;4.459774e-02;2.381566e-02;2.187359e-02;2.455757e-01;7.887048e-02;2.947175e-02;7.439013e-02
5.994630e-02;1.919955e-01;2.537235e-01;1.174861e-02;1.241740e-02;4.228474e-02;1.103993e-02;1.028538e-02;2.913075e-01;4.514856e-02;8.976776e-03;6.112578e-02
1.109089e-01;2.563982e-01;2.202589e-01;1.680649e-02;9.738259e-03;3.519738e-02;1.159959e-02;1.347189e-02;2.550579e-01;2.411318e-02;1.180908e-02;3.464023e-02
1.938779e-01;2.883908e-01;1.883872e-01;2.341617e-02;4.635286e-03;2.396945e-02;1.330826e-02;2.047044e-02;1.934273e-01;1.906149e-02;6.626068e-03;2.442963e-02
2.859730e-01;2.628665e-01;1.779948e-01;3.057107e-02;7.637356e-03;1.304999e-02;1.295917e-02;3.013369e-02;1.300493e-01;1.982149e-02;6.055315e-03;2.288833e-02
3.303917e-01;1.835140e-01;1.990234e-01;3.307139e-02;1.532102e-02;1.056336e-02;2.720879e-02;4.787233e-02;7.813326e-02;2.326365e-02;1.678442e-02;3.485270e-02
3.304079e-01;1.143750e-01;1.702237e-01;2.653030e-02;2.894034e-02;1.627803e-02;4.769149e-02;7.036043e-02;6.049370e-02;3.121424e-02;3.229907e-02;7.118571e-02
2.382423e-01;9.381735e-02;9.327422e-02;2.589760e-02;4.363070e-02;3.794418e-02;9.357232e-02;9.137672e-02;7.521410e-02;3.288533e-02;5.313824e-02;1.210069e-01
9.408573e-02;9.986090e-02;5.419493e-02;4.413462e-02;4.087761e-02;4.581595e-02;1.405843e-01;7.035289e-02;6.978983e-02;5.965455e-02;9.785226e-02;1.827965e-01
1.072406e-01;6.514444e-02;1.054402e-01;5.721643e-02;6.164340e-02;3.293345e-02;1.265412e-01;3.031205e-02;6.129425e-02;7.799160e-02;9.805238e-02;1.761900e-01
1.316380e-01;6.195131e-02;1.759428e-01;5.436910e-02;5.143278e-02;2.361007e-02;1.060871e-01;2.447546e-02;5.654455e-02;7.882211e-02;9.977584e-02;1.353509e-01
1.187120e-01;3.614882e-02;2.132351e-01;6.544174e-02;4.577707e-02;4.104817e-02;1.169637e-01;2.393484e-02;4.958001e-02;8.409993e-02;9.137861e-02;1.136800e-01
9.380493e-02;4.742458e-02;2.552644e-01;7.365032e-02;5.170574e-02;4.997154e-02;1.051445e-01;4.005239e-02;5.586806e-02;6.646277e-02;7.370662e-02;8.694413e-02
9.911002e-02;6.157729e-02;3.477250e-01;5.250134e-02;3.003179e-02;3.204563e-02;4.844976e-02;5.913866e-02;6.248000e-02;6.960019e-02;6.996848e-02;6.737182e-02
1.863711e-01;7.963450e-02;3.652234e-01;2.210321e-02;3.670458e-02;1.164479e-02;4.777436e-02;5.483341e-02;3.357952e-02;5.835298e-02;5.596362e-02;4.781456e-02
2.293549e-01;8.968908e-02;4.118421e-01;1.168704e-02;3.889984e-02;7.820993e-03;3.993703e-02;4.176016e-02;1.101192e-02;3.962354e-02;4.390736e-02;3.446608e-02
2.570111e-01;8.793450e-02;4.289452e-01;1.193706e-02;2.960222e-02;8.737163e-03;2.280505e-02;3.061347e-02;1.115469e-02;2.937642e-02;4.249929e-02;3.938387e-02
2.675340e-01;7.706240e-02;4.334897e-01;1.453522e-02;3.032126e-02;7.450238e-03;1.666854e-02;3.652511e-02;1.445743e-02;2.760571e-02;3.892165e-02;3.542867e-02
2.559558e-01;7.540457e-02;4.289932e-01;1.815864e-02;3.281271e-02;9.471438e-03;2.327489e-02;4.463767e-02;9.433901e-03;2.830784e-02;4.128774e-02;3.226165e-02
1.693952e-01;1.211624e-01;4.099019e-01;3.850215e-02;4.273276e-02;2.991095e-02;4.203173e-02;2.626006e-02;2.797538e-02;2.664547e-02;3.575611e-02;2.972588e-02
6.095046e-02;1.371157e-01;4.223820e-01;5.668345e-02;5.142078e-02;4.726402e-02;6.798281e-02;2.478729e-02;4.866804e-02;2.624809e-02;2.647546e-02;3.002196e-02
6.105986e-02;1.385360e-01;4.751719e-01;4.710871e-02;4.312136e-02;3.990183e-02;4.784772e-02;2.252082e-02;5.512789e-02;2.546870e-02;1.730586e-02;2.682934e-02
5.857680e-02;1.360835e-01;5.983210e-01;2.691419e-02;2.129191e-02;2.579391e-02;1.417648e-02;1.310053e-02;5.265871e-02;1.975841e-02;1.042806e-02;2.289652e-02
2.229425e-02;9.567648e-02;7.159340e-01;3.364775e-02;2.334658e-02;1.768643e-02;1.071688e-02;1.129030e-02;3.266139e-02;2.065293e-02;5.073479e-03;1.101951e-02
1.101777e-02;5.640768e-02;7.715986e-01;3.865502e-02;3.078902e-02;9.701177e-03;1.832812e-02;6.881471e-03;1.618594e-02;3.362303e-02;4.072251e-03;2.739929e-03
1.260008e-02;3.665799e-02;7.563153e-01;4.365600e-02;3.806954e-02;1.188416e-02;4.016234e-02;5.589427e-03;7.896423e-03;3.501332e-02;7.898278e-03;4.257131e-03
2.088572e-02;4.595068e-02;7.192839e-01;4.151958e-02;2.694892e-02;7.345216e-03;6.279399e-02;1.110429e-02;1.549947e-02;2.789155e-02;9.902520e-03;1.087409e-02
1.159594e-02;5.394679e-02;7.072416e-01;4.127220e-02;3.327423e-02;1.470733e-02;5.434911e-02;1.629663e-02;2.210419e-02;2.520622e-02;6.899620e-03;1.310618e-02
2.932147e-02;6.435782e-02;6.491668e-01;4.638834e-02;4.507508e-02;1.468658e-02;3.634217e-02;1.656268e-02;1.943192e-02;3.237944e-02;2.113770e-02;2.515003e-02
7.780797e-02;7.908025e-02;5.354818e-01;4.872742e-02;5.151336e-02;1.343459e-02;5.146048e-02;2.092301e-02;2.314189e-02;2.723679e-02;2.189016e-02;4.930226e-02
8.274653e-02;9.604033e-02;2.433632e-01;5.280425e-02;6.798153e-02;5.818958e-02;6.961586e-02;1.008302e-01;5.910793e-02;8.948734e-02;3.381887e-02;4.601442e-02
5.446487e-02;8.577740e-02;1.504468e-01;5.438497e-02;6.813172e-02;8.996607e-02;9.881674e-02;1.416732e-01;5.597185e-02;1.188029e-01;3.178258e-02;4.978085e-02
6.656604e-02;9.893870e-02;1.210919e-01;4.999766e-02;7.770171e-02;9.942119e-02;9.446343e-02;1.303460e-01;4.375662e-02;1.011767e-01;4.915266e-02;6.738736e-02
8.053811e-02;5.980370e-02;1.073743e-01;5.005414e-02;7.142926e-02;7.635929e-02;1.961712e-01;6.616480e-02;6.180302e-02;9.219881e-02;7.519378e-02;6.290964e-02
7.029217e-02;4.306572e-02;1.153693e-01;5.170021e-02;7.001478e-02;5.840601e-02;2.597389e-01;4.393835e-02;7.046746e-02;8.970026e-02;7.819276e-02;4.911401e-02
5.601036e-02;4.797983e-02;1.311731e-01;4.420583e-02;8.101590e-02;6.231602e-02;2.840403e-01;4.339993e-02;6.230420e-02;7.945406e-02;6.709727e-02;4.100316e-02
3.261195e-02;4.861170e-02;2.702703e-01;3.456029e-02;1.264199e-01;8.730502e-02;1.807568e-01;3.725468e-02;4.048919e-02;6.293886e-02;4.863694e-02;3.014440e-02
3.046847e-02;3.275970e-02;4.685549e-01;4.826561e-02;1.187530e-01;7.187581e-02;1.421666e-01;1.934131e-02;1.811824e-02;1.791622e-02;1.702118e-02;1.475896e-02
4.970564e-02;4.361084e-02;5.461472e-01;3.858335e-02;7.344666e-02;5.204460e-02;1.117688e-01;1.243452e-02;1.821557e-02;1.626847e-02;2.219940e-02;1.557504e-02
6.662196e-02;6.954116e-02;6.240596e-01;2.595391e-02;3.464606e-02;4.826603e-02;4.900111e-02;1.228933e-02;2.603265e-02;1.355899e-02;1.659695e-02;1.343225e-02
6.177767e-02;3.505019e-02;5.085526e-01;5.153277e-02;4.097360e-02;6.970080e-02;8.875065e-02;3.058491e-02;4.668977e-02;2.314234e-02;1.845239e-02;2.479232e-02
5.874566e-02;5.429245e-02;3.646902e-01;7.846152e-02;6.732146e-02;6.039864e-02;1.165159e-01;2.666971e-02;6.449570e-02;5.119421e-02;4.209340e-02;1.512118e-02
5.335135e-02;4.994411e-02;3.234141e-01;8.599450e-02;6.641591e-02;5.241549e-02;1.147683e-01;3.105538e-02;4.524565e-02;1.066690e-01;5.874639e-02;1.197996e-02
3.243614e-02;2.907191e-02;3.179382e-01;7.409555e-02;5.588982e-02;3.620037e-02;1.132616e-01;2.872462e-02;3.642061e-02;1.972740e-01;6.840608e-02;1.028105e-02
1.585438e-02;1.712216e-02;3.194894e-01;3.882989e-02;4.175802e-02;1.967194e-02;8.724867e-02;2.359731e-02;2.528667e-02;3.369576e-01;6.692092e-02;7.263044e-03
1.412307e-02;2.251859e-02;3.200206e-01;1.495064e-02;2.723930e-02;1.022237e-02;5.368366e-02;1.374728e-02;3.416434e-02;4.383509e-01;4.313994e-02;7.839257e-03
1.664287e-02;3.447653e-02;3.346495e-01;1.659745e-02;1.670976e-02;1.069239e-02;4.302085e-02;7.810720e-03;6.823581e-02;4.186783e-01;2.132412e-02;1.116167e-02
1.382693e-02;3.534767e-02;3.655548e-01;1.868596e-02;1.569366e-02;9.887826e-03;3.394606e-02;1.046477e-02;9.814341e-02;3.593545e-01;1.732604e-02;2.176838e-02
1.860731e-02;5.342081e-02;3.690273e-01;1.408515e-02;1.753090e-02;1.257805e-02;3.427339e-02;1.057131e-02;1.411777e-01;2.911214e-01;9.391046e-03;2.821573e-02
2.452447e-02;6.468134e-02;3.914382e-01;1.776166e-02;1.879633e-02;7.441383e-03;3.301462e-02;1.675214e-02;1.525514e-01;2.390736e-01;1.378172e-02;2.018312e-02
2.810003e-02;9.492250e-02;4.178261e-01;1.699592e-02;1.179477e-02;6.476064e-03;2.355519e-02;1.564152e-02;1.497443e-01;1.960342e-01;1.638112e-02;2.252833e-02
8.216868e-02;1.314365e-01;3.664867e-01;2.592240e-02;2.045058e-02;1.596740e-02;3.998078e-02;1.571536e-02;1.209217e-01;1.377467e-01;1.571434e-02;2.748885e-02
1.234971e-01;1.294472e-01;2.679195e-01;4.146111e-02;3.661217e-02;3.585314e-02;7.289927e-02;2.417875e-02;9.173586e-02;1.058801e-01;3.420819e-02;3.630763e-02
1.316108e-01;8.696137e-02;2.253090e-01;3.247238e-02;5.351812e-02;6.957361e-02;1.139673e-01;5.233440e-02;7.055548e-02;7.584433e-02;4.950011e-02;3.835301e-02
9.268282e-02;9.479593e-02;3.639934e-01;4.048298e-02;5.645001e-02;5.305049e-02;7.873460e-02;6.076957e-02;5.468448e-02;3.783060e-02;3.195233e-02;3.457273e-02
6.932621e-02;1.370884e-01;5.052638e-01;3.985099e-02;2.385693e-02;4.232533e-02;2.754457e-02;4.210641e-02;4.745350e-02;2.837510e-02;1.878541e-02;1.802338e-02
4.277936e-02;1.716564e-01;5.655838e-01;3.794209e-02;2.124122e-02;3.929228e-02;1.232100e-02;1.535932e-02;4.482937e-02;3.832185e-02;5.439708e-03;5.233690e-03
2.988216e-02;2.045319e-01;5.703077e-01;3.089837e-02;1.992900e-02;2.326237e-02;8.121751e-03;7.636914e-03;4.670356e-02;4.480099e-02;5.334489e-03;8.590838e-03
2.656776e-02;2.107892e-01;5.777404e-01;2.308510e-02;8.079843e-03;1.447581e-02;1.374490e-02;6.742419e-03;5.816610e-02;4.399251e-02;4.311515e-03;1.230440e-02
1.820879e-02;1.479080e-01;6.319715e-01;2.406910e-02;8.938595e-03;1.345684e-02;8.288140e-03;3.877311e-03;6.194254e-02;6.317994e-02;7.601633e-03;1.055762e-02
1.111158e-02;8.239964e-02;6.810067e-01;2.807947e-02;1.151508e-02;8.027535e-03;8.264767e-03;3.513536e-03;5.459042e-02;9.822021e-02;8.053480e-03;5.217602e-03
3.677523e-03;4.004162e-02;6.713464e-01;3.657561e-02;1.694223e-02;5.958013e-03;1.357547e-02;4.150847e-03;4.208272e-02;1.534745e-01;9.148594e-03;3.026531e-03
5.984053e-03;2.336885e-02;6.183316e-01;4.865013e-02;2.189632e-02;7.719402e-03;1.228969e-02;5.872020e-03;2.495249e-02;1.923284e-01;2.909953e-02;9.507567e-03
7.597642e-03;1.337031e-02;5.215618e-01;7.176397e-02;3.212816e-02;7.078026e-03;1.841940e-02;1.204301e-02;1.458270e-02;1.720927e-01;1.097147e-01;1.964762e-02
2.113337e-02;1.759243e-02;3.599336e-01;9.227465e-02;5.098490e-02;1.399472e-02;1.612848e-02;2.583000e-02;1.664443e-02;1.050656e-01;2.472730e-01;3.314481e-02
2.454692e-02;3.516023e-02;2.657539e-01;1.042786e-01;6.731883e-02;2.093682e-02;2.780561e-02;4.169012e-02;9.397416e-03;4.688704e-02;3.106576e-01;4.556694e-02
1.396634e-02;6.999037e-02;2.301606e-01;1.193585e-01;8.526977e-02;2.686404e-02;1.820406e-02;5.326872e-02;1.268160e-02;2.152660e-02;2.762224e-01;7.248695e-02
2.834779e-02;1.084420e-01;2.009417e-01;1.249416e-01;1.169214e-01;3.110638e-02;2.269475e-02;5.437111e-02;1.652572e-02;1.833060e-02;1.927802e-01;8.459672e-02
3.047264e-02;1.120601e-01;2.298252e-01;1.171898e-01;1.594751e-01;3.150690e-02;1.640327e-02;3.706817e-02;2.573401e-02;1.815253e-02;1.225474e-01;9.956492e-02
2.842739e-02;7.140406e-02;2.579034e-01;1.158334e-01;2.093712e-01;4.121435e-02;2.885716e-02;2.446231e-02;3.047995e-02;1.591847e-02;6.527912e-02;1.108492e-01
2.710865e-02;3.777882e-02;2.434376e-01;1.118373e-01;2.510462e-01;6.591668e-02;6.412836e-02;1.799173e-02;2.785263e-02;1.002644e-02;3.194461e-02;1.109310e-01
3.483279e-02;3.691951e-02;2.555941e-01;9.485702e-02;1.978600e-01;7.374094e-02;1.250649e-01;2.135303e-02;2.738897e-02;1.547239e-02;3.209677e-02;8.481959e-02
2.744749e-02;3.865855e-02;3.351227e-01;1.228531e-01;1.172829e-01;4.723507e-02;1.375159e-01;3.253529e-02;1.972238e-02;3.201956e-02;4.347679e-02;4.613033e-02
2.532201e-02;3.146432e-02;3.788811e-01;1.361668e-01;1.100049e-01;5.505132e-02;9.613310e-02;4.212761e-02;2.773942e-02;3.460072e-02;5.351519e-02;8.993455e-03
4.114442e-02;3.071711e-02;3.895494e-01;1.403153e-01;8.863378e-02;5.659301e-02;5.054137e-02;3.828665e-02;3.242114e-02;3.275096e-02;6.381101e-02;3.523583e-02
5.045159e-02;3.680504e-02;3.980794e-01;1.165361e-01;7.914308e-02;5.514048e-02;5.899460e-02;2.502912e-02;2.360703e-02;3.581423e-02;7.257957e-02;4.781982e-02
3.368568e-02;3.227992e-02;4.835103e-01;9.556586e-02;8.070355e-02;5.494554e-02;3.046791e-02;2.243717e-02;2.327422e-02;2.568043e-02;6.312885e-02;5.432063e-02
3.144229e-02;2.772295e-02;5.153816e-01;8.066162e-02;7.416738e-02;3.842506e-02;3.978746e-02;3.147125e-02;3.713347e-02;3.146653e-02;5.497500e-02;3.736536e-02
5.030335e-02;3.785441e-02;4.297663e-01;7.907081e-02;7.242169e-02;4.234735e-02;4.770901e-02;5.030401e-02;6.018742e-02;5.502704e-02;5.254265e-02;2.246598e-02
5.074452e-02;4.273574e-02;3.642086e-01;8.261984e-02;9.865587e-02;6.320764e-02;6.677590e-02;4.547225e-02;6.189861e-02;5.135268e-02;4.404407e-02;2.828432e-02
2.548805e-02;2.894334e-02;4.620356e-01;1.028593e-01;1.051244e-01;4.871347e-02;4.913789e-02;3.316619e-02;4.045439e-02;3.187215e-02;5.179091e-02;2.041439e-02
1.541519e-02;1.840923e-02;5.410462e-01;1.111762e-01;8.746030e-02;3.755356e-02;3.705015e-02;2.908113e-02;3.618912e-02;2.744993e-02;4.955560e-02;9.613355e-03
1.943820e-02;1.856813e-02;6.059203e-01;9.249832e-02;5.677593e-02;3.611536e-02;4.012445e-02;2.170912e-02;3.712870e-02;3.054850e-02;3.177995e-02;9.393029e-03
2.030871e-02;1.531917e-02;6.614404e-01;7.435357e-02;4.276760e-02;3.199963e-02;4.950618e-02;1.929053e-02;2.419005e-02;3.978106e-02;1.480259e-02;6.240547e-03
2.092587e-02;4.061374e-02;6.570077e-01;5.890654e-02;3.881441e-02;2.225260e-02;5.985031e-02;2.215156e-02;2.562114e-02;3.939410e-02;7.843390e-03;6.618630e-03
2.394340e-02;5.266213e-02;6.567727e-01;5.948495e-02;3.210355e-02;2.499091e-02;5.402199e-02;1.736636e-02;3.380588e-02;2.239984e-02;1.383514e-02;8.613137e-03
