1.528872e-02;1.120132e-01;6.336991e-01;3.050159e-02;1.555706e-02;3.972704e-02;2.873951e-02;1.709510e-02;5.406182e-02;1.749666e-02;1.165345e-02;2.416667e-02
3.323595e-02;1.198903e-01;6.446745e-01;2.997630e-02;8.242760e-03;3.707114e-02;1.585038e-02;9.169388e-03;6.100699e-02;1.105467e-02;8.141340e-03;2.168631e-02
2.839029e-02;1.339625e-01;6.410100e-01;2.754855e-02;6.221091e-03;3.791340e-02;1.227563e-02;1.010169e-02;6.113863e-02;1.539323e-02;5.554870e-03;2.049010e-02
3.820872e-02;1.413437e-01;6.276020e-01;2.451554e-02;8.133848e-03;3.740751e-02;6.571964e-03;1.006559e-02;6.516278e-02;1.665321e-02;5.795785e-03;1.853938e-02
3.522072e-02;1.378072e-01;5.744295e-01;2.828148e-02;9.381093e-03;4.724301e-02;1.683063e-02;1.274527e-02;8.360918e-02;2.869578e-02;8.716009e-03;1.704016e-02
5.002940e-02;1.374594e-01;4.866816e-01;3.069636e-02;1.418890e-02;5.376881e-02;3.370364e-02;2.598368e-02;9.754669e-02;4.988033e-02;5.761219e-03;1.430001e-02
6.602800e-02;1.183837e-01;4.013780e-01;2.644111e-02;3.047639e-02;4.841591e-02;8.005165e-02;3.012170e-02;8.244610e-02;8.897038e-02;1.346787e-02;1.381916e-02
5.704905e-02;8.394904e-02;3.502828e-01;2.428822e-02;4.160648e-02;5.595215e-02;9.566439e-02;2.841260e-02;9.458600e-02;1.330494e-01;2.147210e-02;1.368778e-02
6.092830e-02;6.206694e-02;2.940549e-01;4.463958e-02;6.276152e-02;5.636829e-02;7.561413e-02;4.497074e-02;9.965208e-02;1.553031e-01;2.712730e-02;1.651313e-02
8.350424e-02;7.373821e-02;1.782336e-01;5.050658e-02;7.615148e-02;5.105147e-02;1.520749e-01;5.732203e-02;8.262592e-02;1.405804e-01;3.175061e-02;2.246054e-02
3.940909e-02;8.773166e-02;1.881919e-01;4.601557e-02;5.118695e-02;4.784393e-02;2.338542e-01;4.931898e-02;7.236100e-02;1.371935e-01;1.934686e-02;2.754646e-02
5.894962e-02;8.583479e-02;2.013280e-01;4.255301e-02;4.845091e-02;5.583351e-02;2.234343e-01;5.511982e-02;6.684837e-02;1.120134e-01;2.091935e-02;2.871500e-02
2.165343e-02;1.006336e-01;1.851269e-01;3.575296e-02;5.973937e-02;6.404282e-02;2.083227e-01;5.658147e-02;1.070469e-01;1.058253e-01;2.614830e-02;2.912614e-02
4.975545e-02;8.343563e-02;2.924168e-01;3.600402e-02;3.415133e-02;4.858816e-02;1.773436e-01;3.709033e-02;9.404712e-02;1.073373e-01;2.171680e-02;1.811345e-02
3.757771e-02;8.609082e-02;3.641860e-01;4.041634e-02;3.868790e-02;4.676829e-02;1.512628e-01;3.879528e-02;5.167317e-02;1.097204e-01;2.042789e-02;1.439334e-02
7.923886e-02;1.026228e-01;3.792965e-01;3.053404e-02;2.634287e-02;4.422046e-02;1.090878e-01;3.406271e-02;6.911120e-02;9.385362e-02;1.666857e-02;1.496058e-02
6.390720e-02;1.225302e-01;4.872112e-01;3.038031e-02;1.939451e-02;3.500522e-02;4.490472e-02;2.480132e-02;9.227128e-02;6.288850e-02;7.254400e-03;9.451178e-03
4.793192e-02;1.321639e-01;5.901557e-01;2.979518e-02;1.449522e-02;2.780984e-02;1.412432e-02;1.852539e-02;8.021197e-02;2.969449e-02;5.901257e-03;9.190773e-03
5.818965e-02;1.343116e-01;6.088969e-01;2.555349e-02;1.059691e-02;2.126550e-02;2.026505e-02;1.196368e-02;7.475669e-02;1.748359e-02;6.915941e-03;9.801058e-03
7.559542e-02;1.369375e-01;5.959486e-01;2.173505e-02;1.145666e-02;1.394139e-02;2.019682e-02;1.453866e-02;6.050106e-02;3.094659e-02;9.019103e-03;9.183099e-03
7.655790e-02;1.376355e-01;6.008462e-01;1.875194e-02;1.992178e-02;1.230125e-02;2.433551e-02;1.958760e-02;4.096743e-02;3.102430e-02;1.024466e-02;7.825847e-03
5.796237e-02;1.253725e-01;5.736052e-01;2.214420e-02;2.825802e-02;2.153482e-02;5.047098e-02;1.873080e-02;2.906306e-02;3.185256e-02;2.012884e-02;2.087654e-02
1.891382e-02;9.290723e-02;5.200903e-01;3.457465e-02;5.040236e-02;4.942922e-02;6.256029e-02;3.251873e-02;3.339846e-02;4.293378e-02;3.502909e-02;2.724202e-02
2.608742e-02;7.138509e-02;5.275660e-01;5.020699e-02;5.615891e-02;4.913065e-02;5.331761e-02;2.262613e-02;3.906285e-02;5.354146e-02;3.109696e-02;1.981997e-02
2.059319e-02;4.998726e-02;6.169058e-01;6.331494e-02;3.989780e-02;2.701091e-02;3.665343e-02;1.082418e-02;2.914399e-02;7.896899e-02;1.691644e-02;9.783093e-03
1.708954e-02;2.024721e-02;6.913592e-01;7.659037e-02;2.425972e-02;6.613052e-03;2.067732e-02;6.864736e-03;9.809837e-03;1.006490e-01;2.139833e-02;4.441713e-03
1.006726e-02;2.428223e-02;6.978341e-01;8.510531e-02;2.876098e-02;6.332440e-03;9.951478e-03;4.311965e-03;3.737958e-03;9.723454e-02;3.090670e-02;1.475107e-03
1.273837e-02;4.464363e-02;6.368833e-01;8.240321e-02;3.725083e-02;1.014326e-02;1.888867e-02;5.569326e-03;1.180391e-02;9.804065e-02;3.920513e-02;2.429814e-03
2.100663e-02;6.100456e-02;5.693014e-01;6.799592e-02;3.965368e-02;1.508707e-02;1.828668e-02;1.241571e-02;3.764335e-02;1.058827e-01;4.467221e-02;7.050035e-03
4.098252e-02;9.452692e-02;4.755411e-01;4.413746e-02;4.582589e-02;2.397431e-02;1.900154e-02;2.493243e-02;6.369940e-02;1.014196e-01;4.948755e-02;1.647126e-02
7.425030e-02;8.964704e-02;5.324569e-01;3.245166e-02;3.815603e-02;1.767338e-02;3.632502e-02;1.707445e-02;5.496742e-02;5.221971e-02;3.869734e-02;1.608081e-02
2.716270e-02;4.790492e-02;6.727620e-01;5.431081e-02;3.817985e-02;2.019739e-02;3.410511e-02;9.910974e-03;1.484394e-02;3.055429e-02;2.978545e-02;2.028255e-02
1.706560e-02;3.320518e-02;5.540712e-01;7.476502e-02;5.086096e-02;3.479116e-02;8.496431e-02;2.233993e-02;2.128803e-02;5.837848e-02;3.058785e-02;1.768221e-02
4.382072e-02;4.954371e-02;3.492722e-01;9.991749e-02;6.514820e-02;4.297864e-02;9.415427e-02;4.935516e-02;5.103851e-02;9.238653e-02;3.030556e-02;3.207907e-02
7.290296e-02;8.259179e-02;2.061989e-01;8.392115e-02;7.625256e-02;4.756135e-02;9.900512e-02;5.493909e-02;7.359984e-02;9.771635e-02;4.976177e-02;5.554913e-02
9.436080e-02;6.985519e-02;1.122762e-01;7.139485e-02;7.563782e-02;9.222369e-02;1.069808e-01;5.022816e-02;9.884344e-02;1.086621e-01;4.736697e-02;7.216994e-02
7.264064e-02;6.985462e-02;1.528599e-01;7.329971e-02;7.597366e-02;8.483297e-02;9.625498e-02;4.589970e-02;8.339036e-02;1.125917e-01;6.517450e-02;6.722727e-02
6.674635e-02;7.428976e-02;1.990472e-01;7.318512e-02;8.135422e-02;6.592041e-02;1.103464e-01;3.869920e-02;5.673438e-02;9.364437e-02;7.969032e-02;6.034216e-02
4.982942e-02;8.984229e-02;2.443099e-01;8.867952e-02;8.781029e-02;5.072642e-02;1.082665e-01;2.440535e-02;5.786290e-02;6.006364e-02;8.662229e-02;5.158143e-02
3.176635e-02;9.885889e-02;3.227392e-01;8.968583e-02;7.700768e-02;3.918719e-02;1.125979e-01;2.254683e-02;4.233634e-02;6.601019e-02;6.462520e-02;3.263840e-02
6.849548e-02;9.546179e-02;4.049812e-01;8.260687e-02;6.386962e-02;3.984737e-02;9.247899e-02;1.936378e-02;2.804950e-02;4.967434e-02;2.922421e-02;2.594685e-02
6.719991e-02;5.712970e-02;4.420520e-01;7.186065e-02;5.068937e-02;5.717460e-02;6.758011e-02;1.488401e-02;8.042952e-02;5.749113e-02;1.012855e-02;2.338040e-02
4.551671e-02;1.034594e-01;3.948953e-01;6.004386e-02;4.076431e-02;5.948981e-02;5.397699e-02;1.830155e-02;9.426758e-02;9.596133e-02;1.397416e-02;1.934890e-02
2.357093e-02;1.261333e-01;3.861035e-01;3.575139e-02;2.418889e-02;5.904976e-02;3.128299e-02;2.185931e-02;1.187874e-01;1.443154e-01;7.203409e-03;2.175364e-02
2.302969e-02;1.215139e-01;3.515405e-01;1.446875e-02;1.016082e-02;6.671929e-02;2.100703e-02;1.519879e-02;1.574683e-01;1.981377e-01;4.991719e-03;1.576346e-02
1.512934e-02;9.684207e-02;3.656511e-01;1.441834e-02;1.248874e-02;4.617924e-02;3.511516e-02;8.755115e-03;1.184224e-01;2.604772e-01;7.827595e-03;1.869370e-02
7.083229e-03;5.689075e-02;3.800494e-01;1.996027e-02;2.358120e-02;1.986732e-02;6.446955e-02;1.826334e-02;6.620223e-02;3.106275e-01;1.419655e-02;1.880858e-02
8.723222e-03;2.737544e-02;3.979987e-01;2.301150e-02;2.481439e-02;1.439756e-02;7.046088e-02;1.833955e-02;5.887302e-02;3.246136e-01;1.841286e-02;1.297925e-02
1.508208e-02;2.147311e-02;4.390161e-01;2.559618e-02;1.724176e-02;1.432521e-02;6.639537e-02;1.429745e-02;2.591114e-02;3.272862e-01;2.668586e-02;6.689441e-03
2.363880e-02;4.022524e-02;4.461920e-01;3.045099e-02;1.873731e-02;1.001959e-02;5.977487e-02;1.321730e-02;2.952926e-02;2.938832e-01;2.608143e-02;8.250109e-03
4.876456e-02;7.838029e-02;4.296117e-01;2.790439e-02;1.530801e-02;1.044339e-02;4.254425e-02;7.583858e-03;7.874879e-02;2.351957e-01;1.201804e-02;1.349702e-02
9.370816e-02;1.267226e-01;3.455735e-01;2.779566e-02;2.070312e-02;2.832048e-02;2.760887e-02;2.323342e-02;1.216611e-01;1.386232e-01;1.447526e-02;3.157466e-02
1.341311e-01;1.413630e-01;2.634988e-01;3.728555e-02;3.296597e-02;4.209134e-02;4.518872e-02;4.347017e-02;1.111108e-01;6.058694e-02;3.452430e-02;5.378332e-02
1.184675e-01;1.004788e-01;2.538424e-01;6.739049e-02;3.917819e-02;3.381232e-02;9.217028e-02;5.206535e-02;4.387679e-02;9.532215e-02;4.396835e-02;5.942737e-02
3.630594e-02;4.823614e-02;2.703405e-01;7.174877e-02;6.059373e-02;5.083148e-02;1.175085e-01;5.450881e-02;8.361845e-02;1.168451e-01;4.427814e-02;4.518446e-02
8.158011e-02;3.513853e-02;1.687927e-01;8.776519e-02;8.539356e-02;4.959748e-02;1.173993e-01;6.513084e-02;1.190567e-01;1.112317e-01;3.962684e-02;3.928710e-02
7.298553e-02;4.243068e-02;1.090820e-01;1.007845e-01;7.633118e-02;7.484046e-02;1.340826e-01;6.225622e-02;1.026770e-01;1.403045e-01;3.804179e-02;4.618351e-02
4.741515e-02;3.768265e-02;1.230571e-01;1.331598e-01;6.011626e-02;9.507563e-02;1.336240e-01;7.237975e-02;1.066967e-01;1.016478e-01;3.103094e-02;5.811421e-02
3.860840e-02;4.706348e-02;9.858964e-02;1.324566e-01;9.068632e-02;1.099583e-01;9.117054e-02;8.568209e-02;1.241997e-01;9.478397e-02;3.355552e-02;5.324543e-02
3.812462e-02;3.760181e-02;1.393019e-01;8.746766e-02;8.268290e-02;9.603046e-02;8.465171e-02;1.028383e-01;1.278472e-01;1.211234e-01;4.431542e-02;3.801455e-02
5.370462e-02;4.041514e-02;1.758514e-01;6.305700e-02;9.078770e-02;7.102561e-02;8.790439e-02;9.758504e-02;1.247115e-01;1.170395e-01;4.001272e-02;3.790537e-02
6.259571e-02;4.458220e-02;1.472819e-01;4.877351e-02;9.837183e-02;5.097045e-02;1.444252e-01;1.040798e-01;1.099601e-01;1.031171e-01;3.538361e-02;5.045851e-02
4.708821e-02;6.015154e-02;1.320077e-01;4.387564e-02;9.425509e-02;5.772778e-02;1.397846e-01;1.451409e-01;8.828178e-02;1.011615e-01;2.698543e-02;6.353992e-02
2.756211e-02;2.690372e-02;3.801003e-01;3.991826e-02;9.955905e-02;5.625217e-02;1.336449e-01;7.812069e-02;4.540965e-02;5.694760e-02;2.473547e-02;3.084606e-02
1.574618e-02;2.801363e-02;5.309727e-01;3.741539e-02;8.376948e-02;5.093655e-02;1.331803e-01;2.379456e-02;2.353060e-02;3.163587e-02;2.426152e-02;1.674324e-02
3.497509e-02;4.535327e-02;6.148466e-01;3.719004e-02;5.573644e-02;3.802214e-02;8.393865e-02;1.105578e-02;2.365889e-02;2.190107e-02;1.735555e-02;1.596645e-02
9.416346e-02;7.912327e-02;5.938332e-01;2.855098e-02;2.444799e-02;2.842571e-02;5.146585e-02;1.384609e-02;2.088327e-02;2.465563e-02;2.043851e-02;2.016604e-02
1.407405e-01;1.241759e-01;3.688496e-01;3.656654e-02;5.479202e-02;3.007634e-02;6.602092e-02;4.418550e-02;5.793409e-02;2.201219e-02;2.843556e-02;2.621097e-02
2.057610e-01;1.475693e-01;2.722693e-01;3.957424e-02;7.500423e-02;2.214057e-02;5.235098e-02;6.316114e-02;6.570768e-02;1.108155e-02;1.816123e-02;2.721886e-02
2.875589e-01;1.833845e-01;1.949672e-01;2.220515e-02;8.250870e-02;9.735278e-03;2.553182e-02;8.663493e-02;6.702038e-02;6.367363e-03;1.411695e-02;1.996883e-02
3.669181e-01;1.818785e-01;1.241259e-01;6.971152e-03;8.400585e-02;4.194413e-03;1.273603e-02;1.294489e-01;5.301289e-02;4.102954e-03;1.291512e-02;1.969023e-02
4.366810e-01;1.413108e-01;7.617687e-02;4.616922e-03;7.720189e-02;3.571966e-03;2.060289e-02;1.741730e-01;2.971903e-02;3.429492e-03;1.053782e-02;2.197828e-02
4.740002e-01;1.095232e-01;5.946235e-02;4.387842e-03;6.532072e-02;1.707707e-03;2.863616e-02;1.975887e-01;1.985901e-02;3.850842e-03;9.259945e-03;2.640322e-02
4.963168e-01;9.094063e-02;6.137977e-02;2.387994e-03;4.891545e-02;2.192642e-03;3.936673e-02;1.974124e-01;1.542882e-02;4.373792e-03;9.373159e-03;3.191175e-02
5.232548e-01;7.719006e-02;5.773188e-02;5.445471e-03;3.790857e-02;1.941409e-03;5.066619e-02;1.790255e-01;7.165682e-03;4.006047e-03;6.841972e-03;4.882240e-02
5.461840e-01;7.277486e-02;5.980150e-02;6.669599e-03;4.000821e-02;2.125221e-03;4.461272e-02;1.474991e-01;7.572829e-03;5.219707e-03;8.876123e-03;5.865613e-02
5.576804e-01;9.244617e-02;6.808007e-02;5.006021e-03;5.213636e-02;2.914633e-03;2.620373e-02;1.085201e-01;1.014747e-02;5.590098e-03;1.176800e-02;5.950696e-02
5.436882e-01;1.255926e-01;8.446741e-02;6.584051e-03;6.770319e-02;7.269263e-03;1.463677e-02;6.925870e-02;1.196604e-02;5.969445e-03;9.600432e-03;5.326393e-02
4.761892e-01;1.331826e-01;1.088377e-01;9.186330e-03;9.149835e-02;1.421906e-02;2.880353e-02;3.971035e-02;1.696876e-02;1.138733e-02;1.640632e-02;5.361048e-02
3.325553e-01;1.207491e-01;1.653944e-01;3.601455e-02;1.136498e-01;3.120914e-02;6.198427e-02;2.072020e-02;2.140903e-02;2.032031e-02;2.462407e-02;5.136978e-02
2.192592e-01;1.058634e-01;1.807749e-01;6.134076e-02;1.209169e-01;4.924200e-02;9.564695e-02;2.585183e-02;2.538715e-02;3.637791e-02;3.523388e-02;4.410510e-02
1.536932e-01;9.136218e-02;1.696434e-01;7.260530e-02;1.043684e-01;5.629230e-02;1.106422e-01;6.771868e-02;3.137264e-02;6.033782e-02;4.211995e-02;3.984385e-02
2.048174e-01;5.010076e-02;2.455814e-01;4.766972e-02;1.056651e-01;3.414678e-02;5.154898e-02;1.164168e-01;2.672601e-02;2.731996e-02;4.355203e-02;4.645511e-02
2.306886e-01;5.933779e-02;1.916744e-01;5.166875e-02;1.199070e-01;4.421115e-02;7.008911e-02;8.237483e-02;2.799117e-02;2.344053e-02;3.931377e-02;5.930285e-02
2.714843e-01;7.103737e-02;1.058318e-01;6.889579e-02;5.571748e-02;5.416533e-02;9.345154e-02;7.292077e-02;5.003673e-02;3.649514e-02;4.079113e-02;7.917260e-02
1.863579e-01;7.722995e-02;1.183838e-01;6.850807e-02;9.464000e-02;5.166091e-02;9.328724e-02;7.661987e-02;7.535308e-02;6.117592e-02;3.175811e-02;6.502509e-02
1.364699e-01;7.963078e-02;1.623594e-01;5.097944e-02;1.000925e-01;2.832586e-02;7.729974e-02;8.396439e-02;9.391681e-02;8.854147e-02;5.307633e-02;4.534337e-02
6.365313e-02;5.723119e-02;7.210021e-02;5.157728e-02;4.973210e-02;9.217633e-02;1.448355e-01;9.363277e-02;1.061534e-01;1.768581e-01;4.524162e-02;4.680827e-02
6.912817e-02;5.561447e-02;7.475051e-02;4.440861e-02;5.313592e-02;9.597701e-02;1.697841e-01;1.030686e-01;8.668733e-02;1.385225e-01;5.111756e-02;5.780517e-02
6.891911e-02;4.157539e-02;1.293102e-01;4.988319e-02;7.442470e-02;9.131280e-02;1.755175e-01;9.537592e-02;7.554286e-02;1.063356e-01;4.875257e-02;4.305018e-02
6.211799e-02;3.933823e-02;2.725013e-01;9.492694e-02;9.183676e-02;6.289814e-02;1.568014e-01;5.254893e-02;4.544325e-02;6.670780e-02;4.066462e-02;1.421465e-02
4.728753e-02;3.853301e-02;4.432251e-01;1.244060e-01;7.666963e-02;3.667270e-02;9.031426e-02;1.880836e-02;1.561486e-02;4.027427e-02;5.106996e-02;1.712421e-02
2.702800e-02;2.664801e-02;5.663452e-01;1.523356e-01;6.247161e-02;1.916233e-02;2.462030e-02;6.582350e-03;1.043137e-02;3.501445e-02;6.061291e-02;8.747913e-03
1.126692e-02;1.533717e-02;5.945044e-01;1.751497e-01;4.486512e-02;1.311125e-02;1.295278e-02;5.416656e-03;1.285386e-02;4.596213e-02;6.420445e-02;4.375522e-03
1.145848e-02;1.112888e-02;5.867953e-01;2.012382e-01;3.688423e-02;8.955125e-03;8.647457e-03;4.423628e-03;1.045689e-02;5.632377e-02;5.997878e-02;3.709302e-03
7.061408e-03;1.502529e-02;5.470290e-01;2.196340e-01;4.498923e-02;9.435752e-03;1.730510e-02;4.673761e-03;7.185256e-03;6.261370e-02;6.108298e-02;3.964482e-03
1.291098e-02;1.521272e-02;4.982567e-01;2.432184e-01;5.453814e-02;1.218728e-02;1.232733e-02;9.204390e-03;1.171232e-02;4.878007e-02;7.187711e-02;9.774614e-03
1.660308e-02;2.310814e-02;4.068071e-01;2.146300e-01;5.611669e-02;1.241290e-02;1.265831e-02;9.218517e-03;1.765234e-02;5.277956e-02;1.568670e-01;2.114650e-02
1.739661e-02;1.443339e-02;3.394807e-01;1.834582e-01;3.443492e-02;1.342719e-02;1.218407e-02;3.185589e-03;9.163410e-03;9.002614e-02;2.621831e-01;2.062662e-02
1.056075e-02;1.060706e-02;2.885362e-01;1.992160e-01;2.849615e-02;1.135260e-02;6.024858e-03;4.513816e-03;8.483159e-03;7.852358e-02;3.480859e-01;5.599929e-03
5.584599e-03;7.018801e-03;2.067374e-01;2.379308e-01;4.850087e-02;1.336724e-02;5.386516e-03;1.012432e-02;5.251328e-03;4.329227e-02;3.888207e-01;2.798520e-02
6.055112e-03;6.433463e-03;1.484722e-01;2.451330e-01;9.057026e-02;1.366577e-02;6.055744e-03;1.516847e-02;7.521891e-03;1.702867e-02;3.775154e-01;6.638000e-02
8.341174e-03;1.002109e-02;1.248739e-01;2.177296e-01;1.528694e-01;2.367845e-02;1.031236e-02;1.857007e-02;6.817558e-03;9.353316e-03;3.195937e-01;9.783932e-02
8.321345e-03;1.368052e-02;1.158410e-01;1.812900e-01;1.891485e-01;3.843236e-02;1.605729e-02;2.079760e-02;8.098478e-03;1.298991e-02;2.519609e-01;1.433822e-01
1.086782e-02;1.298371e-02;1.066307e-01;1.512892e-01;2.137859e-01;4.449033e-02;1.841801e-02;2.181460e-02;2.232937e-02;1.996140e-02;1.734423e-01;2.039867e-01
8.702735e-03;8.047227e-03;9.699329e-02;1.187312e-01;2.798709e-01;4.029023e-02;2.477765e-02;1.463410e-02;3.989230e-02;1.580140e-02;9.300522e-02;2.592537e-01
8.920775e-03;6.288684e-03;1.075918e-01;9.501549e-02;2.979155e-01;4.480112e-02;5.228649e-02;1.582613e-02;6.239272e-02;1.816873e-02;3.671477e-02;2.540779e-01
2.181322e-02;1.172744e-02;1.750401e-01;8.623712e-02;2.132122e-01;4.611558e-02;8.811393e-02;3.990976e-02;6.406787e-02;2.217702e-02;6.089444e-02;1.706914e-01
2.978827e-02;1.835325e-02;2.927699e-01;8.563273e-02;1.224963e-01;3.343421e-02;9.883931e-02;7.613910e-02;5.205011e-02;2.765905e-02;6.652725e-02;9.631052e-02
2.380480e-02;1.338492e-02;5.000852e-01;9.222344e-02;7.549553e-02;3.449080e-02;6.557354e-02;6.728999e-02;2.233911e-02;2.650906e-02;4.377366e-02;3.502991e-02
1.186216e-02;1.051347e-02;6.712697e-01;7.550684e-02;6.223420e-02;1.617864e-02;5.512137e-02;1.586789e-02;1.725499e-02;3.860284e-02;1.038687e-02;1.520103e-02
2.556806e-02;1.863118e-02;6.277447e-01;5.600425e-02;4.681728e-02;1.514823e-02;9.846327e-02;2.250643e-02;2.192819e-02;4.246612e-02;1.138552e-02;1.333672e-02
3.865881e-02;3.139160e-02;4.785684e-01;7.061005e-02;5.879687e-02;3.622315e-02;1.140706e-01;3.413336e-02;4.239282e-02;4.026432e-02;2.709340e-02;2.779654e-02
3.287290e-02;3.145447e-02;4.240092e-01;8.643392e-02;6.670573e-02;3.930891e-02;1.082692e-01;2.868272e-02;4.234843e-02;6.582946e-02;4.753837e-02;2.654663e-02
1.519755e-02;1.656704e-02;5.563998e-01;7.997736e-02;4.656278e-02;2.266270e-02;6.387096e-02;1.235887e-02;2.273593e-02;1.012530e-01;5.107965e-02;1.133437e-02
1.252190e-02;4.189837e-02;6.383065e-01;5.882575e-02;2.748835e-02;1.547361e-02;3.440570e-02;2.949934e-03;1.992264e-02;1.165416e-01;2.824815e-02;3.417501e-03
2.376557e-02;1.025128e-01;6.042756e-01;3.666471e-02;1.925039e-02;1.856375e-02;1.902355e-02;4.863164e-03;5.902651e-02;9.346654e-02;1.247072e-02;6.116743e-03
6.134962e-02;1.901005e-01;4.856345e-01;2.071349e-02;1.137579e-02;2.909580e-02;7.987756e-03;9.677765e-03;1.177034e-01;5.070951e-02;6.162491e-03;9.489328e-03
1.411398e-01;2.419185e-01;3.480036e-01;1.709229e-02;1.023212e-02;2.956818e-02;6.663696e-03;2.117649e-02;1.392934e-01;2.165690e-02;6.242797e-03;1.701230e-02
2.584385e-01;2.228681e-01;2.569477e-01;1.559593e-02;2.769403e-02;1.649280e-02;1.092658e-02;4.001020e-02;1.006257e-01;1.245144e-02;1.293165e-02;2.501739e-02
3.488029e-01;1.715753e-01;1.994582e-01;1.866925e-02;4.951604e-02;1.278736e-02;2.454194e-02;5.345554e-02;5.122452e-02;1.491634e-02;2.155634e-02;3.349622e-02
3.036142e-01;1.299493e-01;1.756327e-01;3.653621e-02;5.255989e-02;2.023266e-02;3.591321e-02;4.253772e-02;3.911107e-02;3.508714e-02;5.878652e-02;7.003944e-02
1.728012e-01;1.071924e-01;2.287501e-01;7.683491e-02;3.644368e-02;3.121595e-02;3.546358e-02;2.467481e-02;2.671668e-02;8.356007e-02;1.006561e-01;7.569062e-02
9.315034e-02;1.444668e-01;1.629961e-01;1.073535e-01;5.721646e-02;3.535149e-02;5.327969e-02;2.166569e-02;4.114846e-02;8.596914e-02;8.436785e-02;1.130345e-01
9.566504e-02;1.080786e-01;1.481116e-01;9.415319e-02;4.493926e-02;4.925609e-02;6.673577e-02;2.685869e-02;5.453698e-02;5.781451e-02;1.142420e-01;1.396084e-01
5.527318e-02;6.407779e-02;1.784032e-01;8.058395e-02;1.393387e-01;9.241249e-02;7.042069e-02;3.003824e-02;5.153918e-02;4.278678e-02;9.222488e-02;1.029010e-01
6.997191e-02;8.396812e-02;1.245048e-01;8.677449e-02;1.701815e-01;1.331918e-01;6.749242e-02;2.670347e-02;7.549506e-02;3.994215e-02;6.507331e-02;5.670092e-02
1.157251e-01;8.793397e-02;1.013036e-01;7.431208e-02;1.124996e-01;1.026679e-01;6.631090e-02;5.464939e-02;1.191583e-01;6.687730e-02;5.509280e-02;4.346913e-02
1.347692e-01;4.908177e-02;1.423465e-01;4.671700e-02;6.971862e-02;3.805492e-02;5.814278e-02;8.674294e-02;1.496361e-01;1.410482e-01;4.676109e-02;3.698077e-02
9.771481e-02;6.347999e-02;1.032742e-01;5.286267e-02;9.551591e-02;4.177527e-02;5.883347e-02;7.342975e-02;1.201967e-01;1.920815e-01;3.071833e-02;7.011735e-02
7.784113e-02;7.377202e-02;9.556884e-02;3.750616e-02;1.137290e-01;7.363218e-02;5.849927e-02;4.871808e-02;1.040752e-01;1.747688e-01;1.670101e-02;1.251882e-01
8.877689e-02;7.247259e-02;6.609076e-02;7.082324e-02;8.703791e-02;1.095971e-01;5.376834e-02;6.822092e-02;9.644783e-02;8.908407e-02;4.780509e-02;1.498753e-01
1.093080e-01;6.375629e-02;3.677032e-02;8.268530e-02;7.350727e-02;1.114917e-01;7.656718e-02;4.650464e-02;8.735356e-02;8.576287e-02;1.126376e-01;1.136553e-01
1.276026e-01;6.154021e-02;6.542914e-02;8.990071e-02;8.018999e-02;8.795957e-02;6.896778e-02;5.940775e-02;8.413316e-02;8.674385e-02;1.113350e-01;7.679030e-02
1.007645e-01;5.851410e-02;9.030297e-02;8.970477e-02;7.081621e-02;5.571011e-02;7.275966e-02;8.621769e-02;1.157371e-01;9.229977e-02;5.230197e-02;1.148712e-01
8.061249e-02;5.200214e-02;9.726685e-02;5.168266e-02;8.376000e-02;4.825196e-02;8.683223e-02;7.968035e-02;1.118042e-01;1.198548e-01;5.707065e-02;1.311817e-01
1.204520e-01;7.491276e-02;9.401638e-02;9.190723e-02;1.016589e-01;6.275615e-02;7.019241e-02;5.201691e-02;8.123188e-02;9.101707e-02;5.460555e-02;1.052328e-01
1.517061e-01;5.594669e-02;6.257190e-02;1.101859e-01;1.000465e-01;6.446035e-02;5.894809e-02;5.950145e-02;7.585702e-02;7.004639e-02;6.221362e-02;1.285160e-01
1.360833e-01;6.334540e-02;8.419480e-02;8.969557e-02;9.323411e-02;4.234461e-02;5.479615e-02;1.020486e-01;9.935466e-02;1.008470e-01;4.906788e-02;8.498801e-02
7.036195e-02;5.104434e-02;1.070625e-01;8.681972e-02;7.163914e-02;5.264263e-02;4.917520e-02;1.350432e-01;1.044939e-01;1.137400e-01;6.602246e-02;9.195501e-02
4.000669e-02;5.420326e-02;9.959561e-02;1.212728e-01;5.298936e-02;4.504054e-02;8.128881e-02;1.213701e-01;8.197269e-02;1.069493e-01;8.859628e-02;1.067145e-01
1.021516e-01;5.620369e-02;6.205624e-02;1.207963e-01;4.646621e-02;5.444098e-02;8.941516e-02;8.355018e-02;8.980109e-02;8.853696e-02;1.127560e-01;9.382565e-02
1.212585e-01;6.662958e-02;5.113212e-02;9.591483e-02;5.699994e-02;6.392694e-02;1.100569e-01;6.970578e-02;1.025379e-01;7.976018e-02;9.913108e-02;8.294632e-02
8.318350e-02;7.092685e-02;8.577038e-02;8.268428e-02;3.555523e-02;6.310654e-02;1.104150e-01;6.086168e-02;6.994396e-02;9.995557e-02;8.525112e-02;1.523459e-01
9.382904e-02;6.078762e-02;1.091652e-01;7.961734e-02;3.945822e-02;5.168914e-02;8.110359e-02;5.184166e-02;5.583424e-02;1.055172e-01;1.014514e-01;1.697055e-01
9.146025e-02;2.829584e-02;1.607319e-01;7.009840e-02;3.651662e-02;6.941212e-02;6.612989e-02;5.142797e-02;6.002096e-02;1.376021e-01;1.180372e-01;1.102667e-01
8.872673e-02;6.496727e-02;1.388907e-01;7.540393e-02;3.597333e-02;8.547651e-02;4.563321e-02;7.039958e-02;5.292042e-02;1.309061e-01;1.007372e-01;1.099651e-01
1.389026e-01;6.968476e-02;9.763490e-02;6.602694e-02;4.636776e-02;7.348690e-02;5.289998e-02;6.957265e-02;4.031438e-02;9.338461e-02;9.227517e-02;1.594494e-01
1.535817e-01;5.057190e-02;1.260407e-01;6.687464e-02;7.518712e-02;6.013354e-02;5.669018e-02;4.456595e-02;4.277733e-02;7.668676e-02;9.167005e-02;1.552202e-01
1.103381e-01;6.748318e-02;1.129366e-01;4.712441e-02;8.626084e-02;5.180120e-02;5.334249e-02;4.443907e-02;5.169043e-02;9.439000e-02;1.194379e-01;1.607558e-01
1.032157e-01;9.221043e-02;5.960608e-02;4.125532e-02;1.068536e-01;7.573450e-02;5.208969e-02;4.946234e-02;4.380667e-02;8.003139e-02;1.475283e-01;1.482060e-01
1.023006e-01;8.572357e-02;8.207837e-02;4.509592e-02;1.472280e-01;5.392439e-02;4.955109e-02;6.271871e-02;5.335614e-02;9.916717e-02;1.191474e-01;9.970858e-02
7.811730e-02;8.674690e-02;9.805244e-02;7.982066e-02;9.603580e-02;2.740250e-02;5.507040e-02;6.578953e-02;9.818119e-02;1.171469e-01;9.891362e-02;9.872281e-02
4.746737e-02;8.942004e-02;1.374972e-01;9.396843e-02;3.470598e-02;4.104785e-02;4.608307e-02;5.040473e-02;9.659179e-02;1.255624e-01;1.264804e-01;1.107708e-01
3.850064e-02;8.004314e-02;1.637846e-01;1.048591e-01;4.365129e-02;6.623341e-02;4.773003e-02;4.124268e-02;6.343520e-02;1.496384e-01;1.168963e-01;8.398519e-02
5.995478e-02;8.658176e-02;8.917581e-02;4.794407e-02;6.942062e-02;7.396812e-02;6.128994e-02;2.603515e-02;9.954911e-02;1.860021e-01;8.739381e-02;1.126847e-01
3.589661e-02;6.822004e-02;8.625793e-02;4.304566e-02;8.358327e-02;8.372755e-02;7.546645e-02;5.305993e-02;8.883889e-02;1.810068e-01;6.545911e-02;1.354378e-01
4.663664e-02;4.275373e-02;1.317321e-01;6.695203e-02;1.018234e-01;6.659538e-02;1.825552e-01;5.596703e-02;9.730383e-02;8.878923e-02;6.056538e-02;5.832616e-02
4.686563e-02;2.765246e-02;1.471719e-01;5.043186e-02;9.340172e-02;8.234637e-02;2.024266e-01;5.731944e-02;7.685991e-02;9.053610e-02;6.872257e-02;5.626553e-02
3.738362e-02;2.824996e-02;1.665548e-01;6.959596e-02;8.500423e-02;6.760492e-02;1.583768e-01;6.895734e-02;7.064294e-02;8.227539e-02;1.082569e-01;5.709718e-02
2.382795e-02;2.734320e-02;2.235037e-01;1.017464e-01;7.105652e-02;4.300724e-02;9.186234e-02;7.960773e-02;5.213886e-02;6.669399e-02;1.734778e-01;4.573436e-02
1.285486e-02;1.147093e-02;3.222366e-01;1.379098e-01;4.443680e-02;1.700542e-02;3.492859e-02;8.163346e-02;2.517728e-02;4.698270e-02;2.468089e-01;1.855470e-02
9.553427e-03;8.060152e-03;3.868863e-01;1.538160e-01;3.409965e-02;1.207408e-02;2.614429e-02;5.705734e-02;1.456747e-02;4.473310e-02;2.425108e-01;1.049749e-02
7.886689e-03;7.282253e-03;4.102230e-01;1.884449e-01;3.844981e-02;1.183406e-02;2.165559e-02;5.245956e-02;9.593526e-03;3.281080e-02;2.119993e-01;7.360366e-03
8.888707e-03;8.082957e-03;4.059635e-01;2.193248e-01;4.648337e-02;1.518431e-02;2.073994e-02;5.175237e-02;7.347486e-03;2.534652e-02;1.865387e-01;4.347273e-03
8.130014e-03;9.073881e-03;3.925500e-01;2.189163e-01;5.412299e-02;2.421611e-02;4.939076e-02;7.115112e-02;4.394080e-03;9.834076e-03;1.513315e-01;6.889120e-03
1.576898e-02;1.772004e-02;4.112819e-01;1.754969e-01;5.611124e-02;3.045472e-02;8.310606e-02;6.707942e-02;7.533656e-03;1.370644e-02;1.083940e-01;1.334666e-02
2.204206e-02;2.279009e-02;5.409395e-01;1.083511e-01;2.489910e-02;3.150009e-02;8.471058e-02;4.360858e-02;1.399062e-02;2.588686e-02;6.694525e-02;1.433611e-02
1.618809e-02;2.250957e-02;6.827565e-01;5.965325e-02;4.288368e-02;2.555547e-02;5.814212e-02;1.695340e-02;1.406145e-02;3.159530e-02;2.154403e-02;8.157180e-03
1.210199e-02;2.272232e-02;7.377192e-01;6.360307e-02;4.043672e-02;1.266009e-02;3.868982e-02;1.793076e-02;1.276097e-02;2.266696e-02;1.550680e-02;3.201209e-03
1.596977e-02;2.313646e-02;7.351878e-01;5.668969e-02;3.280478e-02;1.148916e-02;4.554565e-02;1.383143e-02;2.216612e-02;2.429790e-02;1.254009e-02;6.341171e-03
1.780171e-02;3.293630e-02;6.777520e-01;4.872375e-02;3.253904e-02;1.821650e-02;4.886330e-02;1.949405e-02;4.259704e-02;2.899659e-02;1.831203e-02;1.376775e-02
3.736640e-02;4.752881e-02;5.826963e-01;4.811626e-02;4.209697e-02;2.525670e-02;6.390126e-02;2.462315e-02;4.407933e-02;3.141937e-02;2.678884e-02;2.612658e-02
6.227557e-02;6.046239e-02;4.785114e-01;6.599212e-02;3.291021e-02;3.906814e-02;5.813864e-02;3.306917e-02;4.059171e-02;5.341334e-02;3.628211e-02;3.928523e-02
4.535927e-02;8.110792e-02;2.223779e-01;9.079319e-02;5.402712e-02;6.751002e-02;9.945170e-02;6.226494e-02;9.037951e-02;7.650504e-02;5.053962e-02;5.968378e-02
4.186665e-02;9.373112e-02;1.330885e-01;1.016438e-01;6.758747e-02;7.541540e-02;1.019717e-01;9.172090e-02;1.198822e-01;6.156185e-02;4.248449e-02;6.904609e-02
2.482608e-02;5.850559e-02;1.927015e-01;9.878653e-02;1.064779e-01;7.636217e-02;1.498183e-01;7.241003e-02;8.242976e-02;4.473241e-02;4.903848e-02;4.391122e-02
2.171163e-02;2.658158e-02;2.469789e-01;1.493778e-01;1.533745e-01;7.507522e-02;1.387663e-01;4.232062e-02;3.219878e-02;2.374206e-02;6.447029e-02;2.540229e-02
1.793064e-02;1.076354e-02;2.678366e-01;2.536478e-01;1.698592e-01;4.890928e-02;5.651915e-02;5.143565e-02;1.366511e-02;1.392388e-02;8.437471e-02;1.113445e-02
1.857212e-02;1.655511e-02;2.266013e-01;3.332228e-01;1.569398e-01;2.869077e-02;1.337029e-02;7.221035e-02;8.545788e-03;1.207581e-02;9.892832e-02;1.428758e-02
1.103477e-02;1.638863e-02;2.380555e-01;3.504977e-01;1.024728e-01;1.771267e-02;3.194441e-02;9.290387e-02;1.242812e-02;1.493507e-02;9.834491e-02;1.328163e-02
8.792955e-03;1.522696e-02;2.899061e-01;3.333796e-01;5.548333e-02;2.142035e-02;2.885473e-02;1.149454e-01;1.228993e-02;2.206506e-02;9.068089e-02;6.954741e-03
8.397125e-03;1.613455e-02;3.028425e-01;3.227938e-01;8.982460e-02;2.547218e-02;1.395018e-02;1.112572e-01;1.085268e-02;2.272019e-02;6.077741e-02;1.497770e-02
1.672311e-02;3.369661e-02;2.661237e-01;2.877845e-01;1.495178e-01;3.993474e-02;2.663552e-02;6.686900e-02;1.741800e-02;3.178292e-02;3.012744e-02;3.338661e-02
2.706531e-02;4.266480e-02;1.981657e-01;2.250815e-01;1.965953e-01;5.169922e-02;3.902063e-02;4.719758e-02;2.130388e-02;3.835703e-02;5.630497e-02;5.654418e-02
1.814622e-02;4.089704e-02;2.432285e-01;1.694237e-01;1.638744e-01;4.304676e-02;8.277868e-02;6.208699e-02;2.356009e-02;2.779757e-02;5.871768e-02;6.644236e-02
1.368665e-02;4.057978e-02;3.255892e-01;1.491043e-01;8.145905e-02;4.650633e-02;1.119664e-01;7.320249e-02;2.553295e-02;3.754765e-02;4.471848e-02;5.010671e-02
1.053373e-02;2.643359e-02;3.747388e-01;1.350284e-01;1.116855e-01;6.853861e-02;5.793854e-02;7.690030e-02;2.971509e-02;5.291758e-02;3.412334e-02;2.144649e-02
1.447723e-02;2.891697e-02;2.073951e-01;8.930173e-02;2.221946e-01;8.076198e-02;1.073089e-01;7.522027e-02;3.925966e-02;7.314356e-02;2.056060e-02;4.145947e-02
1.216715e-02;2.019810e-02;9.483277e-02;4.155222e-02;3.506466e-01;8.330335e-02;1.491171e-01;4.619310e-02;8.063927e-02;5.002084e-02;8.463688e-03;6.286587e-02
1.359669e-02;7.335674e-03;9.490331e-02;2.171442e-02;3.999843e-01;9.345973e-02;1.524429e-01;1.694982e-02;1.078516e-01;1.604083e-02;2.911659e-03;7.280906e-02
1.332386e-02;4.469254e-03;9.484801e-02;1.936099e-02;3.780174e-01;1.198313e-01;1.597826e-01;1.346985e-02;1.052844e-01;2.788338e-03;2.780832e-03;8.604314e-02
1.619684e-02;3.453369e-03;1.027614e-01;3.993646e-02;3.259571e-01;1.241010e-01;1.662668e-01;1.833083e-02;8.468808e-02;2.936792e-03;9.358748e-03;1.060126e-01
1.147301e-02;6.362351e-03;1.705693e-01;7.851992e-02;2.698773e-01;9.210661e-02;1.531676e-01;3.630130e-02;5.516314e-02;4.481507e-03;2.045218e-02;1.015257e-01
1.073515e-02;1.247301e-02;3.224952e-01;1.157805e-01;1.830091e-01;5.728402e-02;1.125287e-01;5.164108e-02;2.577950e-02;7.904407e-03;2.801233e-02;7.235700e-02
1.295846e-02;2.418758e-02;5.109553e-01;1.107379e-01;9.994031e-02;3.130656e-02;6.832254e-02;4.247911e-02;1.654029e-02;1.387057e-02;2.719446e-02;4.150688e-02
2.098547e-02;2.316661e-02;5.642684e-01;6.748741e-02;7.318980e-02;4.158932e-02;6.205338e-02;2.987401e-02;3.308132e-02;2.865280e-02;2.170854e-02;3.394298e-02
3.910027e-02;4.325902e-02;4.234529e-01;6.418460e-02;6.359447e-02;5.507769e-02;6.326614e-02;4.913163e-02;7.788335e-02;4.997178e-02;3.243782e-02;3.864035e-02
3.629455e-02;4.078839e-02;3.761427e-01;6.763992e-02;6.188449e-02;6.011454e-02;9.609818e-02;7.298914e-02;8.141880e-02;6.682580e-02;2.234902e-02;1.745438e-02
2.314143e-02;2.494127e-02;2.518605e-01;1.340237e-01;9.369121e-02;5.487125e-02;1.028522e-01;8.232274e-02;5.690387e-02;5.317582e-02;8.535416e-02;3.686195e-02
1.161154e-02;1.482222e-02;1.939513e-01;1.984129e-01;1.005931e-01;3.993786e-02;5.470379e-02;9.917971e-02;3.985476e-02;3.938265e-02;1.768579e-01;3.069228e-02
3.596593e-03;6.369485e-03;1.744521e-01;2.302381e-01;8.700018e-02;2.726943e-02;1.227128e-02;1.111204e-01;2.434973e-02;2.384445e-02;2.650447e-01;3.444361e-02
4.648882e-03;8.848505e-03;1.764727e-01;2.285652e-01;6.113400e-02;1.870334e-02;6.728486e-03;8.937634e-02;1.122500e-02;1.462540e-02;3.490294e-01;3.064279e-02
9.526182e-03;7.780411e-03;1.920174e-01;2.196262e-01;3.518318e-02;1.065792e-02;9.337892e-03;4.841264e-02;9.004365e-03;2.536670e-02;4.136780e-01;1.940914e-02
1.675326e-02;8.269454e-03;2.076180e-01;2.226919e-01;2.240593e-02;1.108337e-02;1.440297e-02;3.160551e-02;1.449052e-02;4.446784e-02;3.979862e-01;8.225031e-03
1.551877e-02;1.624453e-02;2.302263e-01;2.345366e-01;2.273218e-02;1.435270e-02;1.349699e-02;1.993354e-02;1.624571e-02;6.314463e-02;3.455077e-01;8.060354e-03
1.153511e-02;1.971697e-02;2.571553e-01;2.409936e-01;2.463790e-02;1.773786e-02;1.054242e-02;2.235277e-02;1.724550e-02;6.760359e-02;2.987148e-01;1.176424e-02
1.040378e-02;1.474589e-02;2.730353e-01;2.529255e-01;2.988154e-02;2.422741e-02;9.679591e-03;2.798219e-02;1.061142e-02;5.479509e-02;2.841378e-01;7.574411e-03
1.620954e-02;1.326885e-02;2.970746e-01;2.431091e-01;3.638447e-02;1.706095e-02;1.735210e-02;2.615840e-02;1.550875e-02;5.226104e-02;2.598467e-01;5.765450e-03
1.793387e-02;1.076168e-02;3.275782e-01;2.244829e-01;3.880932e-02;1.539089e-02;2.136258e-02;1.683968e-02;1.698588e-02;6.961486e-02;2.311425e-01;9.097629e-03
2.400937e-02;1.109504e-02;3.450422e-01;2.047257e-01;3.473727e-02;1.464338e-02;2.305426e-02;1.396375e-02;1.501740e-02;9.169403e-02;2.109207e-01;1.109685e-02
2.264453e-02;7.824207e-03;3.664081e-01;1.972818e-01;3.240396e-02;1.555566e-02;1.836866e-02;1.261207e-02;2.461037e-02;1.015373e-01;1.930694e-01;7.683964e-03
2.469787e-02;9.593415e-03;3.716173e-01;1.891825e-01;3.630847e-02;1.773613e-02;1.525583e-02;1.476123e-02;2.392287e-02;1.077325e-01;1.805033e-01;8.688566e-03
2.310016e-02;1.255424e-02;4.030633e-01;1.648956e-01;3.304727e-02;1.380199e-02;1.247290e-02;1.658882e-02;3.023767e-02;1.220369e-01;1.637166e-01;4.484577e-03
1.942988e-02;1.250566e-02;4.434575e-01;1.446130e-01;3.008525e-02;9.718437e-03;1.343098e-02;1.196754e-02;3.343697e-02;1.335844e-01;1.441269e-01;3.643591e-03
2.150029e-02;1.953289e-02;4.723597e-01;1.305971e-01;3.219973e-02;1.200971e-02;1.067076e-02;1.442815e-02;3.518584e-02;1.165859e-01;1.297865e-01;5.143533e-03
2.539107e-02;2.245637e-02;4.790933e-01;1.113754e-01;4.108103e-02;2.308447e-02;3.146673e-02;1.834509e-02;3.231816e-02;8.272139e-02;1.268055e-01;5.861488e-03
2.303175e-02;2.409196e-02;5.283231e-01;7.758885e-02;2.719617e-02;2.524421e-02;6.978822e-02;1.709073e-02;2.743580e-02;6.741298e-02;9.833983e-02;1.445630e-02
1.481364e-02;1.841199e-02;6.618094e-01;4.127309e-02;3.498848e-02;1.795993e-02;7.988221e-02;1.512177e-02;1.257727e-02;5.354281e-02;3.705234e-02;1.256712e-02
1.305600e-02;1.976209e-02;7.639672e-01;4.726312e-02;3.449993e-02;8.716656e-03;5.179399e-02;1.048443e-02;1.134930e-02;2.648976e-02;6.842752e-03;5.774774e-03
1.177687e-02;1.949758e-02;7.925744e-01;4.696954e-02;3.039757e-02;7.574501e-03;4.185134e-02;6.351721e-03;7.110876e-03;2.588718e-02;7.208622e-03;2.799808e-03
1.130251e-02;1.657904e-02;7.839637e-01;5.309636e-02;3.453178e-02;8.708837e-03;4.172266e-02;5.072172e-03;7.318623e-03;2.838779e-02;6.655313e-03;2.661261e-03
1.006310e-02;1.635038e-02;7.489218e-01;6.273877e-02;3.290251e-02;1.201087e-02;4.321501e-02;1.381947e-02;1.333798e-02;3.129860e-02;8.974542e-03;6.366981e-03
9.879045e-03;1.743838e-02;5.891105e-01;8.420050e-02;5.500240e-02;4.691504e-02;3.828372e-02;3.363086e-02;4.248407e-02;4.343301e-02;2.790404e-02;1.171844e-02
6.869789e-03;1.224164e-02;4.575169e-01;1.048421e-01;8.527105e-02;7.160476e-02;4.377354e-02;5.975914e-02;5.351777e-02;4.801900e-02;4.905585e-02;7.528471e-03
4.603651e-03;9.468411e-03;3.991158e-01;1.252823e-01;1.203025e-01;7.965083e-02;1.975108e-02;1.015161e-01;2.929963e-02;3.603864e-02;6.424687e-02;1.072414e-02
6.817225e-03;1.579216e-02;3.173266e-01;1.173970e-01;1.697571e-01;7.359520e-02;3.861576e-02;1.041076e-01;1.292462e-02;5.862245e-02;5.331696e-02;3.172741e-02
3.054383e-03;1.076846e-02;2.338431e-01;9.395545e-02;2.284852e-01;8.921602e-02;1.006812e-01;5.254598e-02;1.718573e-02;6.901461e-02;3.358835e-02;6.766152e-02
1.221634e-02;7.480425e-03;1.980499e-01;8.141122e-02;2.363488e-01;1.054227e-01;1.686136e-01;2.105889e-02;2.076538e-02;4.186827e-02;1.963998e-02;8.712447e-02
2.090228e-02;1.912140e-02;2.479312e-01;9.285667e-02;1.850536e-01;7.539301e-02;1.907915e-01;1.931793e-02;2.469481e-02;2.207648e-02;3.147306e-02;7.038815e-02
1.699007e-02;3.156013e-02;3.288278e-01;1.076926e-01;1.579614e-01;4.929169e-02;1.626746e-01;1.925885e-02;2.563015e-02;2.739400e-02;3.676433e-02;3.595438e-02
1.496887e-02;3.685397e-02;3.662535e-01;1.036086e-01;2.069840e-01;7.717918e-02;6.982010e-02;1.894621e-02;1.951764e-02;3.179423e-02;2.975288e-02;2.432087e-02
1.748578e-02;2.585062e-02;2.821403e-01;8.257452e-02;2.305949e-01;9.861176e-02;1.005100e-01;2.097145e-02;2.603305e-02;3.477141e-02;2.273592e-02;5.772022e-02
8.290066e-02;2.472396e-02;1.655069e-01;5.612377e-02;1.578825e-01;1.339711e-01;2.229793e-01;1.786540e-02;2.961537e-02;3.130873e-02;1.822853e-02;5.889377e-02
1.848205e-01;1.712729e-02;7.552920e-02;3.765858e-02;9.423877e-02;1.873293e-01;2.815561e-01;2.529894e-02;2.012887e-02;3.971310e-02;6.773757e-03;2.982563e-02
2.598511e-01;1.153796e-02;3.902622e-02;2.637508e-02;7.621140e-02;2.329355e-01;2.655451e-01;2.196193e-02;7.440329e-03;4.750032e-02;2.936126e-03;8.678945e-03
2.805578e-01;1.229771e-02;3.375570e-02;1.386984e-02;9.032623e-02;2.449666e-01;2.168969e-01;1.852675e-02;7.497162e-03;4.476463e-02;4.393501e-03;3.214725e-02
2.210132e-01;1.196447e-02;7.280011e-02;2.017264e-02;1.342324e-01;2.107069e-01;1.573891e-01;1.713562e-02;2.399265e-02;3.408665e-02;2.023345e-03;9.448281e-02
1.174213e-01;6.492054e-03;1.512084e-01;3.390579e-02;1.927978e-01;1.474497e-01;1.077937e-01;1.126431e-02;4.439480e-02;1.932467e-02;2.448767e-03;1.654988e-01
4.587642e-02;8.334179e-03;1.849454e-01;6.022310e-02;2.364348e-01;1.032160e-01;7.736782e-02;4.804881e-03;6.515750e-02;9.677927e-03;5.264398e-03;1.986976e-01
1.696774e-02;6.114413e-03;1.838855e-01;9.158127e-02;2.530348e-01;9.010588e-02;6.587652e-02;6.604938e-03;7.030369e-02;8.478986e-03;1.359570e-02;1.934506e-01
1.947358e-02;2.047045e-02;2.184298e-01;1.158124e-01;2.170408e-01;8.391507e-02;7.534728e-02;1.121420e-02;5.391501e-02;1.545211e-02;2.169637e-02;1.472330e-01
3.253863e-02;4.747390e-02;3.295818e-01;1.195111e-01;1.332603e-01;6.344846e-02;6.002058e-02;1.791105e-02;3.171747e-02;2.709873e-02;5.489087e-02;8.254698e-02
2.742991e-02;4.748283e-02;5.103559e-01;9.967380e-02;6.407247e-02;3.565058e-02;3.415326e-02;1.626554e-02;1.206341e-02;3.697038e-02;7.316392e-02;4.271790e-02
3.380188e-02;3.145076e-02;6.566160e-01;6.638668e-02;3.281217e-02;2.211645e-02;2.004717e-02;8.793788e-03;1.071729e-02;5.093594e-02;4.334149e-02;2.298048e-02
2.596949e-02;3.208028e-02;6.583416e-01;6.691097e-02;4.998695e-02;1.794240e-02;2.582894e-02;1.191462e-02;1.107307e-02;6.543838e-02;2.088073e-02;1.363261e-02
1.519886e-02;2.112954e-02;5.612583e-01;1.326359e-01;7.677573e-02;2.800574e-02;2.711413e-02;1.774501e-02;9.274874e-03;5.724186e-02;4.054445e-02;1.307559e-02
8.936374e-03;2.702815e-02;4.178634e-01;1.942455e-01;1.200429e-01;4.192447e-02;2.060324e-02;2.995168e-02;9.045402e-03;3.712963e-02;7.610458e-02;1.712464e-02
9.158175e-03;3.696816e-02;2.873351e-01;1.689238e-01;1.767603e-01;5.875090e-02;5.344611e-02;4.025845e-02;1.111604e-02;4.833971e-02;8.227861e-02;2.666472e-02
9.236612e-03;2.911981e-02;2.448514e-01;1.096768e-01;2.023141e-01;7.295402e-02;1.207159e-01;3.075428e-02;1.470318e-02;7.162768e-02;5.637956e-02;3.766659e-02
7.370630e-03;1.943822e-02;2.880539e-01;1.007261e-01;1.678436e-01;6.169322e-02;1.373154e-01;2.704002e-02;2.092734e-02;8.522528e-02;5.020641e-02;3.415991e-02
4.110985e-03;1.486633e-02;3.786750e-01;1.134898e-01;1.256585e-01;3.855902e-02;7.400860e-02;6.605268e-02;3.588714e-02;6.771780e-02;5.623946e-02;2.473474e-02
4.550790e-03;7.959777e-03;4.696305e-01;1.244325e-01;9.657526e-02;2.912693e-02;2.951404e-02;8.928652e-02;3.668616e-02;4.121667e-02;5.602724e-02;1.499356e-02
3.825026e-03;7.725970e-03;5.276682e-01;1.301318e-01;8.788578e-02;3.535206e-02;2.363038e-02;6.991176e-02;1.937102e-02;2.864301e-02;5.604609e-02;9.808829e-03
3.740334e-03;7.538810e-03;5.412711e-01;1.416682e-01;9.371667e-02;4.167858e-02;1.708481e-02;5.256426e-02;1.674329e-02;1.577345e-02;6.305140e-02;5.169115e-03
3.562800e-03;8.717375e-03;5.352421e-01;1.472970e-01;1.007082e-01;4.618163e-02;1.897428e-02;4.328573e-02;1.567618e-02;1.196536e-02;6.584290e-02;2.546420e-03
