9.818484e-02;5.218511e-02;1.499700e-01;8.052241e-02;5.844297e-02;1.122876e-01;6.973092e-02;6.439497e-02;9.549737e-02;6.225353e-02;9.024226e-02;6.628804e-02
1.001177e-01;4.697596e-02;1.353038e-01;1.508439e-01;7.615605e-02;9.345591e-02;6.623829e-02;7.100780e-02;5.206103e-02;5.592532e-02;7.546724e-02;7.644699e-02
1.665917e-01;5.331676e-02;1.492098e-01;1.384237e-01;6.524251e-02;7.184376e-02;6.296650e-02;6.397896e-02;5.281027e-02;4.183128e-02;5.490240e-02;7.888239e-02
1.402993e-01;5.479590e-02;1.140976e-01;1.638543e-01;6.453001e-02;7.659974e-02;6.394127e-02;6.936923e-02;5.696354e-02;4.323985e-02;5.949970e-02;9.280951e-02
1.022199e-01;5.649815e-02;1.085718e-01;1.347640e-01;8.278238e-02;5.532855e-02;8.796645e-02;8.507065e-02;7.143369e-02;4.748845e-02;3.693989e-02;1.309361e-01
1.214004e-01;4.761498e-02;1.252176e-01;6.454474e-02;8.678777e-02;5.635140e-02;1.004900e-01;9.355416e-02;5.947864e-02;3.705739e-02;3.521590e-02;1.722870e-01
8.422416e-02;1.053105e-01;1.237162e-01;5.196428e-02;7.411355e-02;8.696987e-02;6.156299e-02;7.251503e-02;5.391964e-02;3.059151e-02;4.744093e-02;2.076714e-01
3.134153e-02;1.579187e-01;1.439197e-01;6.629712e-02;7.364436e-02;7.871780e-02;6.848072e-02;4.189593e-02;6.770378e-02;3.093903e-02;5.521137e-02;1.839299e-01
3.757253e-02;1.504214e-01;1.575638e-01;9.071352e-02;5.707474e-02;5.897430e-02;7.558195e-02;2.804942e-02;1.177837e-01;5.544947e-02;5.348722e-02;1.173279e-01
4.105501e-02;1.316121e-01;1.456601e-01;9.341212e-02;5.024265e-02;5.207937e-02;6.878682e-02;3.648197e-02;1.588707e-01;9.323167e-02;5.888958e-02;6.967780e-02
6.007615e-02;9.172782e-02;8.250114e-02;6.225230e-02;6.563014e-02;6.611816e-02;1.555902e-01;4.493569e-02;1.598588e-01;9.659600e-02;6.435522e-02;5.035838e-02
6.543715e-02;6.666233e-02;7.560237e-02;7.505825e-02;6.583384e-02;7.471669e-02;1.575621e-01;5.035755e-02;1.061571e-01;9.825303e-02;1.011966e-01;6.316289e-02
5.965380e-02;7.207134e-02;6.601143e-02;6.465123e-02;7.425334e-02;8.408783e-02;1.606870e-01;5.884651e-02;9.906141e-02;8.491497e-02;8.284247e-02;9.291873e-02
7.244973e-02;8.500241e-02;6.993293e-02;5.248521e-02;9.252016e-02;8.033999e-02;1.433066e-01;5.062636e-02;1.308185e-01;7.743105e-02;4.921813e-02;9.586896e-02
5.067703e-02;9.185976e-02;4.839475e-02;5.725301e-02;1.045196e-01;8.832409e-02;1.546132e-01;5.408359e-02;1.468054e-01;6.559484e-02;7.029314e-02;6.758152e-02
4.440685e-02;7.028984e-02;7.530707e-02;5.218033e-02;9.618274e-02;9.742060e-02;1.469219e-01;7.640130e-02;1.229228e-01;6.478378e-02;1.077488e-01;4.543402e-02
5.873508e-02;7.908532e-02;8.191104e-02;1.145608e-01;1.018418e-01;8.151419e-02;8.810418e-02;7.440302e-02;8.329398e-02;7.253391e-02;1.252564e-01;3.876023e-02
7.565367e-02;7.201865e-02;9.726959e-02;1.350647e-01;7.800196e-02;9.666288e-02;8.926937e-02;5.733537e-02;5.473318e-02;8.561647e-02;1.090413e-01;4.933286e-02
9.635877e-02;6.419150e-02;9.859813e-02;9.020215e-02;5.402954e-02;1.421841e-01;9.564418e-02;5.378078e-02;3.292612e-02;1.011249e-01;9.584957e-02;7.511024e-02
7.874724e-02;4.624290e-02;9.738530e-02;1.001653e-01;8.010949e-02;1.466067e-01;7.783093e-02;6.649171e-02;7.587076e-02;8.760570e-02;7.053578e-02;7.240822e-02
7.532892e-02;8.024158e-02;7.782272e-02;1.087057e-01;7.550813e-02;1.043578e-01;1.128763e-01;9.493335e-02;1.020139e-01;6.626258e-02;4.678575e-02;5.516328e-02
6.867697e-02;1.188489e-01;8.179663e-02;9.495131e-02;4.558684e-02;9.659816e-02;1.110599e-01;8.566014e-02;1.329831e-01;5.377191e-02;6.893227e-02;4.113393e-02
4.856899e-02;9.522503e-02;1.029443e-01;9.651788e-02;6.959270e-02;1.001535e-01;9.128664e-02;8.110239e-02;1.052567e-01;7.112418e-02;9.044182e-02;4.778594e-02
4.165804e-02;6.684671e-02;7.422702e-02;1.030715e-01;1.159539e-01;8.599893e-02;6.244383e-02;7.887719e-02;9.926134e-02;7.582703e-02;7.839739e-02;1.174371e-01
7.587153e-02;8.093164e-02;1.054273e-01;6.289013e-02;1.150449e-01;7.874243e-02;7.705435e-02;5.900646e-02;1.150631e-01;4.545375e-02;4.491259e-02;1.396018e-01
1.032582e-01;8.775248e-02;9.866353e-02;5.846323e-02;9.968319e-02;7.010183e-02;1.521786e-01;6.971110e-02;8.948038e-02;4.353506e-02;2.239849e-02;1.047738e-01
6.215460e-02;5.615187e-02;7.444285e-02;3.954618e-02;5.313932e-02;4.447499e-02;3.009433e-01;1.225083e-01;1.060861e-01;5.551795e-02;2.920038e-02;5.583415e-02
3.584090e-02;5.001800e-02;4.736480e-02;2.576625e-02;2.096456e-02;3.484309e-02;3.863369e-01;1.524189e-01;1.191941e-01;5.325560e-02;3.464263e-02;3.935423e-02
5.497775e-02;6.376110e-02;3.561692e-02;1.691164e-02;3.234868e-02;5.667652e-02;4.255201e-01;1.243972e-01;8.048342e-02;3.892897e-02;4.318669e-02;2.719098e-02
1.045205e-01;6.486259e-02;4.245758e-02;1.667687e-02;7.297710e-02;9.556545e-02;3.733764e-01;7.422328e-02;4.256490e-02;3.308622e-02;5.360725e-02;2.608195e-02
1.236694e-01;4.135250e-02;9.392663e-02;2.805593e-02;1.397185e-01;1.150719e-01;2.091231e-01;5.054532e-02;5.045960e-02;3.344893e-02;4.946432e-02;6.516383e-02
6.348734e-02;3.413801e-02;1.501425e-01;4.970032e-02;1.838742e-01;9.000574e-02;8.976627e-02;5.111512e-02;9.409320e-02;3.971616e-02;6.179134e-02;9.216975e-02
2.532408e-02;3.486877e-02;2.082831e-01;5.570414e-02;1.887222e-01;9.637260e-02;1.199606e-01;4.630208e-02;7.520388e-02;3.878466e-02;5.800063e-02;5.247337e-02
1.215507e-02;2.802993e-02;2.503215e-01;5.793559e-02;1.480232e-01;7.670993e-02;1.520857e-01;3.676927e-02;3.899313e-02;5.733169e-02;8.305726e-02;5.858777e-02
3.173247e-02;2.264936e-02;3.498489e-01;6.743900e-02;9.764407e-02;5.356662e-02;1.116556e-01;3.279831e-02;5.592781e-02;4.649338e-02;9.042200e-02;3.982250e-02
5.084695e-02;2.951120e-02;4.043432e-01;6.903080e-02;8.779112e-02;5.213982e-02;5.608162e-02;5.290596e-02;1.006856e-01;3.933441e-02;4.031506e-02;1.701417e-02
4.029422e-02;3.626207e-02;3.271526e-01;6.663925e-02;1.023023e-01;6.453615e-02;7.601292e-02;3.762641e-02;8.629301e-02;4.155163e-02;9.251496e-02;2.881455e-02
2.775603e-02;4.885433e-02;2.269980e-01;7.838083e-02;1.116867e-01;6.427565e-02;1.021194e-01;3.241271e-02;6.912823e-02;5.934990e-02;9.950833e-02;7.952990e-02
6.590852e-02;4.827703e-02;1.298235e-01;4.451734e-02;1.326223e-01;1.032495e-01;1.952327e-01;4.175461e-02;4.548918e-02;3.922071e-02;4.779134e-02;1.061133e-01
5.819785e-02;6.382173e-02;6.106695e-02;2.666433e-02;8.992726e-02;1.180944e-01;3.874209e-01;5.896104e-02;2.898061e-02;2.671521e-02;1.585956e-02;6.429022e-02
2.155820e-02;8.373300e-02;3.442835e-02;1.100315e-02;3.925882e-02;7.967143e-02;5.652319e-01;7.603109e-02;2.252939e-02;1.707927e-02;2.919162e-02;2.028382e-02
8.055371e-03;7.598450e-02;2.617900e-02;8.089115e-03;2.443016e-02;4.249931e-02;6.354340e-01;1.094473e-01;1.561287e-02;1.159777e-02;3.026002e-02;1.241056e-02
8.832428e-03;4.961908e-02;2.754364e-02;4.672737e-03;2.006259e-02;4.362830e-02;6.364993e-01;1.430624e-01;2.079524e-02;8.672756e-03;2.644463e-02;1.016690e-02
6.879549e-03;3.041366e-02;2.620915e-02;4.244056e-03;2.899074e-02;6.876644e-02;6.385670e-01;1.326210e-01;2.248232e-02;1.359643e-02;1.936513e-02;7.864484e-03
2.238579e-02;3.356593e-02;2.651927e-02;6.532950e-03;5.040601e-02;1.151886e-01;5.985456e-01;8.074916e-02;1.192481e-02;2.352701e-02;1.822316e-02;1.243165e-02
3.727117e-02;2.820474e-02;1.955516e-02;9.434999e-03;5.903957e-02;1.528335e-01;5.830753e-01;3.473178e-02;1.379412e-02;2.960832e-02;2.088212e-02;1.156922e-02
2.220645e-02;2.805449e-02;1.622421e-02;5.618866e-03;2.524017e-02;8.614761e-02;6.827976e-01;7.655717e-02;9.586850e-03;1.645467e-02;2.371578e-02;7.396156e-03
1.158529e-02;3.425793e-02;1.421135e-02;3.587345e-03;1.631990e-02;4.218524e-02;7.068172e-01;1.038503e-01;1.920623e-02;1.130336e-02;3.223746e-02;4.438350e-03
9.420585e-03;3.593279e-02;1.174109e-02;3.460820e-03;2.368016e-02;3.583467e-02;7.148052e-01;9.679049e-02;2.215945e-02;8.061026e-03;3.308975e-02;5.023899e-03
2.047453e-02;7.373733e-02;1.275815e-02;3.592310e-03;2.475651e-02;4.900087e-02;6.905270e-01;6.768140e-02;1.932986e-02;8.710722e-03;2.453236e-02;4.898923e-03
2.641861e-02;1.082393e-01;1.549951e-02;9.516261e-03;2.574693e-02;8.496933e-02;6.447344e-01;3.768843e-02;1.737937e-02;1.004406e-02;1.513909e-02;4.624641e-03
6.070323e-02;9.300808e-02;1.404669e-02;2.803876e-02;5.154731e-02;1.512023e-01;5.304254e-01;2.020930e-02;1.100663e-02;2.318964e-02;1.192647e-02;4.696148e-03
1.033857e-01;5.385165e-02;3.603956e-02;3.847660e-02;1.035419e-01;1.966826e-01;3.929355e-01;1.620580e-02;9.279336e-03;3.354424e-02;8.103961e-03;7.953128e-03
9.146971e-02;2.538273e-02;1.581645e-01;4.120475e-02;1.443521e-01;1.569843e-01;2.894835e-01;2.073119e-02;1.607881e-02;2.556233e-02;8.047014e-03;2.253896e-02
5.099448e-02;1.876998e-02;3.670723e-01;5.630700e-02;1.355566e-01;7.467008e-02;1.978043e-01;1.659946e-02;2.593049e-02;1.428317e-02;1.614216e-02;2.586999e-02
2.772131e-02;1.491157e-02;5.052362e-01;5.190270e-02;6.603460e-02;5.276575e-02;1.872383e-01;1.303974e-02;2.227525e-02;2.202176e-02;2.028110e-02;1.657168e-02
1.961147e-02;1.807561e-02;5.385738e-01;4.305631e-02;4.524252e-02;4.531507e-02;2.192817e-01;1.494645e-02;2.052620e-02;1.612159e-02;1.173851e-02;7.510765e-03
2.796981e-02;3.028979e-02;4.835717e-01;3.890699e-02;8.658285e-02;7.015302e-02;1.679266e-01;2.466795e-02;2.994691e-02;9.479382e-03;1.492613e-02;1.557887e-02
3.551908e-02;4.204560e-02;3.777187e-01;3.470346e-02;1.183173e-01;1.167639e-01;1.274620e-01;2.292151e-02;3.814300e-02;3.273679e-02;2.962619e-02;2.404255e-02
3.455506e-02;5.557613e-02;1.578977e-01;5.308218e-02;1.320482e-01;1.199651e-01;1.497627e-01;3.983115e-02;7.973574e-02;6.611612e-02;5.948221e-02;5.194771e-02
4.013731e-02;5.877094e-02;1.008278e-01;5.487993e-02;1.503732e-01;1.199472e-01;1.013625e-01;6.587412e-02;9.880073e-02;7.730731e-02;7.691642e-02;5.480255e-02
2.824037e-02;5.965691e-02;1.172805e-01;4.475908e-02;1.300453e-01;9.618666e-02;1.548316e-01;9.348533e-02;9.173406e-02;7.334496e-02;8.082216e-02;2.961303e-02
3.967952e-02;5.851566e-02;1.421482e-01;4.428050e-02;7.133376e-02;7.217883e-02;2.029841e-01;1.030483e-01;8.103228e-02;7.174399e-02;8.028086e-02;3.277403e-02
5.627357e-02;4.942979e-02;1.299502e-01;8.328189e-02;5.310885e-02;7.927296e-02;1.808626e-01;9.482421e-02;9.064409e-02;7.955736e-02;6.799480e-02;3.479964e-02
7.322098e-02;4.426129e-02;6.747399e-02;1.003861e-01;6.586786e-02;1.480433e-01;1.553556e-01;8.281375e-02;9.235711e-02;9.410273e-02;3.363102e-02;4.248635e-02
7.790768e-02;4.615040e-02;4.974865e-02;5.899152e-02;1.065412e-01;1.829671e-01;1.164388e-01;8.461590e-02;7.566578e-02;1.301145e-01;3.428702e-02;3.657157e-02
5.145074e-02;4.450274e-02;4.348297e-02;6.512312e-02;1.625168e-01;1.745977e-01;8.360948e-02;8.183125e-02;8.423112e-02;1.465233e-01;3.796652e-02;2.416432e-02
2.311783e-02;4.340582e-02;7.303569e-02;8.307735e-02;1.176606e-01;1.698765e-01;1.166400e-01;6.329169e-02;9.916122e-02;1.409797e-01;3.470512e-02;3.504861e-02
3.527858e-02;5.079287e-02;9.427089e-02;6.826678e-02;1.139255e-01;1.101203e-01;1.637453e-01;3.409082e-02;8.617142e-02;1.101899e-01;5.787622e-02;7.527139e-02
7.658381e-02;4.400581e-02;1.037860e-01;4.885204e-02;1.037166e-01;6.823926e-02;2.024885e-01;4.252861e-02;6.578425e-02;8.103888e-02;5.929196e-02;1.036843e-01
1.325108e-01;4.253675e-02;8.831736e-02;4.156171e-02;6.727967e-02;7.165098e-02;2.192261e-01;3.850244e-02;6.071751e-02;8.112057e-02;5.116356e-02;1.054126e-01
9.926516e-02;7.257681e-02;9.720442e-02;2.413506e-02;5.525644e-02;7.939233e-02;1.795069e-01;6.975856e-02;7.447044e-02;7.819200e-02;9.636255e-02;7.387929e-02
4.878902e-02;8.483221e-02;1.155749e-01;2.968673e-02;4.731238e-02;8.022492e-02;1.830583e-01;7.156298e-02;6.587327e-02;1.184853e-01;1.009002e-01;5.369977e-02
6.273731e-02;9.627967e-02;1.188329e-01;3.854090e-02;5.512236e-02;7.967443e-02;1.736436e-01;8.641700e-02;7.061668e-02;1.298194e-01;5.967617e-02;2.863953e-02
6.974953e-02;5.288677e-02;1.004748e-01;3.872243e-02;5.307182e-02;7.108845e-02;1.479858e-01;1.001085e-01;1.066132e-01;1.064846e-01;9.627245e-02;5.654170e-02
7.852393e-02;5.940292e-02;1.039560e-01;3.424185e-02;4.279925e-02;6.911293e-02;1.402160e-01;8.982049e-02;1.116298e-01;9.700707e-02;9.416233e-02;7.912736e-02
9.205073e-02;6.680381e-02;8.246175e-02;3.501596e-02;4.205894e-02;7.659738e-02;1.522691e-01;7.836337e-02;9.113522e-02;9.540290e-02;1.045578e-01;8.328299e-02
9.227435e-02;5.479334e-02;5.883233e-02;4.596869e-02;3.055640e-02;5.447946e-02;1.951258e-01;9.222914e-02;8.857334e-02;9.500056e-02;1.159531e-01;7.621340e-02
7.000601e-02;8.001308e-02;8.586214e-02;5.637923e-02;2.817948e-02;6.896926e-02;1.797348e-01;8.004526e-02;1.121506e-01;1.040314e-01;8.810324e-02;4.652547e-02
5.948506e-02;9.583031e-02;9.705213e-02;4.834698e-02;4.094066e-02;8.264669e-02;8.156322e-02;1.221963e-01;1.034366e-01;1.084341e-01;9.868561e-02;6.138240e-02
6.160739e-02;6.545088e-02;7.780415e-02;2.531623e-02;3.803738e-02;5.990960e-02;1.749300e-01;1.684207e-01;7.741585e-02;9.187045e-02;1.157642e-01;4.347314e-02
7.782058e-02;7.451851e-02;1.314166e-01;3.022942e-02;5.868143e-02;4.809538e-02;1.215716e-01;1.605090e-01;6.905940e-02;7.848503e-02;9.173362e-02;5.787931e-02
5.920486e-02;6.112636e-02;2.569124e-01;5.203635e-02;1.061144e-01;5.668615e-02;1.442041e-01;6.221834e-02;5.674410e-02;3.836386e-02;6.979840e-02;3.659068e-02
3.711499e-02;4.564131e-02;3.822662e-01;5.265224e-02;1.074496e-01;5.923516e-02;1.827908e-01;3.130396e-02;2.559712e-02;3.209648e-02;3.180954e-02;1.204258e-02
3.650032e-02;5.354119e-02;4.394885e-01;4.525070e-02;8.691569e-02;4.591153e-02;1.673834e-01;2.406294e-02;2.501024e-02;3.896401e-02;2.546305e-02;1.150839e-02
2.857933e-02;5.656462e-02;5.606303e-01;4.025851e-02;5.503692e-02;2.722973e-02;1.076355e-01;2.355925e-02;2.202569e-02;4.601680e-02;2.151329e-02;1.095007e-02
1.703961e-02;5.474402e-02;6.774601e-01;3.479291e-02;2.939600e-02;1.235716e-02;4.853559e-02;2.208047e-02;2.693901e-02;4.925641e-02;1.714299e-02;1.025571e-02
2.540090e-02;9.618211e-02;6.455826e-01;3.018880e-02;2.373420e-02;2.678605e-02;1.809169e-02;1.651236e-02;5.251494e-02;3.449794e-02;1.170786e-02;1.880060e-02
6.581049e-02;1.555849e-01;5.307814e-01;2.859607e-02;1.242968e-02;3.860583e-02;1.949032e-02;1.183037e-02;8.385335e-02;1.961163e-02;1.220484e-02;2.120111e-02
1.497578e-01;1.932485e-01;4.025240e-01;2.505937e-02;7.827901e-03;3.688016e-02;2.839636e-02;1.269214e-02;9.348740e-02;1.293918e-02;1.619747e-02;2.098973e-02
2.532665e-01;2.029386e-01;2.949634e-01;1.739909e-02;1.616499e-02;3.363347e-02;2.166282e-02;2.559164e-02;6.279381e-02;2.063741e-02;2.075042e-02;3.019783e-02
1.524001e-01;1.365797e-01;3.483844e-01;3.258312e-02;3.665383e-02;4.507015e-02;7.700662e-02;4.821449e-02;3.451246e-02;3.294741e-02;2.651768e-02;2.912997e-02
5.412687e-02;7.384919e-02;4.188630e-01;3.820287e-02;4.156932e-02;6.015923e-02;1.038477e-01;5.887517e-02;5.878481e-02;4.052485e-02;2.691354e-02;2.428346e-02
5.106130e-02;8.028174e-02;4.252002e-01;2.879886e-02;3.234803e-02;6.178176e-02;6.947894e-02;4.788228e-02;8.080317e-02;5.603509e-02;3.017664e-02;3.615202e-02
8.864504e-02;1.174209e-01;3.970807e-01;2.874397e-02;1.818118e-02;5.190847e-02;3.554015e-02;2.026259e-02;9.787437e-02;5.662853e-02;3.134724e-02;5.636689e-02
1.274129e-01;1.249338e-01;3.316133e-01;3.199314e-02;2.512801e-02;2.556139e-02;3.038282e-02;3.595816e-02;9.154386e-02;3.606568e-02;7.234483e-02;6.706213e-02
1.612239e-01;9.449531e-02;2.287223e-01;2.632722e-02;5.273256e-02;4.652179e-02;3.514777e-02;4.842363e-02;7.117435e-02;3.977456e-02;1.523899e-01;4.306668e-02
1.649791e-01;7.129150e-02;2.023031e-01;2.221401e-02;5.415301e-02;4.819203e-02;5.114517e-02;8.348225e-02;6.295116e-02;6.495398e-02;1.533687e-01;2.096592e-02
1.535692e-01;5.891171e-02;2.816008e-01;3.101488e-02;3.932822e-02;5.378517e-02;5.219465e-02;7.501593e-02;3.715992e-02;8.306694e-02;8.908185e-02;4.527064e-02
1.117405e-01;7.172744e-02;3.725109e-01;4.159629e-02;4.092918e-02;4.212104e-02;3.436577e-02;3.111135e-02;5.630745e-02;7.494257e-02;6.218113e-02;6.046635e-02
6.606571e-02;9.437905e-02;3.856679e-01;3.840753e-02;3.768534e-02;2.492580e-02;5.064387e-02;1.854335e-02;7.033616e-02;5.959712e-02;9.287135e-02;6.087680e-02
2.439250e-02;9.874516e-02;4.221883e-01;3.952873e-02;3.766276e-02;3.700385e-02;4.503578e-02;1.907998e-02;1.052214e-01;5.996955e-02;6.625726e-02;4.491477e-02
5.088029e-02;7.321287e-02;4.439100e-01;4.927414e-02;3.447605e-02;3.856751e-02;5.067900e-02;1.657713e-02;1.055281e-01;5.923118e-02;5.199491e-02;2.566886e-02
4.588106e-02;5.075885e-02;4.872739e-01;4.971252e-02;2.870120e-02;3.114701e-02;4.199029e-02;1.901448e-02;9.085081e-02;5.859107e-02;6.301430e-02;3.306448e-02
5.164342e-02;3.518865e-02;4.972604e-01;3.575132e-02;2.670788e-02;2.380453e-02;3.498448e-02;1.899669e-02;6.871544e-02;8.711266e-02;6.585746e-02;5.397709e-02
3.601621e-02;4.380786e-02;4.643168e-01;3.677892e-02;3.141997e-02;3.076171e-02;4.823855e-02;1.113605e-02;6.122289e-02;1.239277e-01;6.564823e-02;4.672515e-02
1.405400e-02;3.059552e-02;4.359172e-01;4.851743e-02;6.374013e-02;3.441168e-02;4.306873e-02;2.740096e-02;2.650543e-02;9.846824e-02;1.292167e-01;4.810398e-02
1.898158e-02;2.431208e-02;3.890290e-01;6.532107e-02;1.034961e-01;3.965747e-02;2.485949e-02;4.443274e-02;1.028007e-02;5.242254e-02;1.971537e-01;3.005407e-02
1.803169e-02;2.282768e-02;3.376082e-01;7.556835e-02;1.395808e-01;4.732537e-02;2.639373e-02;3.308917e-02;1.307602e-02;5.578983e-02;1.788851e-01;5.182398e-02
1.759868e-02;2.434777e-02;2.945513e-01;8.448573e-02;1.928141e-01;6.601626e-02;4.341088e-02;1.521163e-02;1.797255e-02;4.263618e-02;1.111882e-01;8.976678e-02
3.082926e-02;2.498359e-02;2.487692e-01;7.393339e-02;2.198035e-01;8.209126e-02;6.828870e-02;8.222743e-03;1.872098e-02;2.601623e-02;4.961425e-02;1.487269e-01
2.072572e-02;2.053575e-02;2.132596e-01;5.842144e-02;2.219013e-01;8.455826e-02;9.182881e-02;1.851506e-02;1.969643e-02;3.261855e-02;5.154313e-02;1.663960e-01
1.901063e-02;2.521645e-02;2.248655e-01;5.695712e-02;2.032955e-01;8.450752e-02;1.193816e-01;3.145712e-02;3.365862e-02;2.722116e-02;5.282753e-02;1.216013e-01
1.819451e-02;4.087301e-02;2.531454e-01;5.946355e-02;1.750986e-01;8.204988e-02;1.214523e-01;4.196119e-02;2.715484e-02;2.198296e-02;7.170703e-02;8.691666e-02
1.918984e-02;4.230144e-02;2.790609e-01;6.104372e-02;1.395462e-01;7.525767e-02;1.171021e-01;5.399968e-02;1.546601e-02;3.063546e-02;1.002921e-01;6.610491e-02
3.884864e-02;4.337222e-02;2.641280e-01;6.165278e-02;1.034771e-01;6.648187e-02;8.258758e-02;6.085915e-02;4.807284e-02;3.457724e-02;1.062221e-01;8.972052e-02
5.443122e-02;6.579665e-02;1.524217e-01;6.638777e-02;1.057948e-01;1.052563e-01;7.913625e-02;4.746357e-02;7.186307e-02;5.041552e-02;8.326628e-02;1.177668e-01
6.635986e-02;6.558777e-02;9.362324e-02;6.340906e-02;1.211679e-01;1.128612e-01;1.141180e-01;4.714023e-02;9.478146e-02;8.019708e-02;4.968533e-02;9.106880e-02
5.055914e-02;7.921549e-02;9.970572e-02;5.691906e-02;1.272586e-01;1.070931e-01;1.046469e-01;5.702544e-02;8.774067e-02;1.045451e-01;4.753577e-02;7.775504e-02
4.550123e-02;7.421933e-02;1.345563e-01;6.072619e-02;1.280681e-01;9.099533e-02;9.884158e-02;4.389104e-02;8.570956e-02;9.180507e-02;1.041133e-01;4.157298e-02
4.270724e-02;5.361795e-02;1.513155e-01;5.668699e-02;1.210107e-01;9.934972e-02;1.336944e-01;3.883871e-02;7.815186e-02;7.405055e-02;8.770900e-02;6.286728e-02
3.609946e-02;3.885911e-02;1.627762e-01;4.736698e-02;1.243028e-01;1.046170e-01;1.351529e-01;4.820702e-02;7.739890e-02;6.561533e-02;9.735389e-02;6.225052e-02
5.845485e-02;3.471390e-02;1.252874e-01;6.321558e-02;1.171644e-01;9.748386e-02;1.341885e-01;6.503010e-02;7.708951e-02;6.522908e-02;8.935555e-02;7.278741e-02
6.397298e-02;5.951326e-02;6.909872e-02;5.892890e-02;1.271456e-01;9.389095e-02;1.333762e-01;4.658375e-02;9.328660e-02;1.123320e-01;6.835782e-02;7.351325e-02
6.874286e-02;5.318471e-02;7.434444e-02;4.478027e-02;9.372382e-02;7.508153e-02;1.288907e-01;5.685910e-02;1.187683e-01;1.083630e-01;5.249754e-02;1.247637e-01
7.927510e-02;4.294423e-02;8.132773e-02;6.023096e-02;9.682104e-02;5.569741e-02;1.041710e-01;7.604880e-02;1.077792e-01;7.628231e-02;8.128498e-02;1.381372e-01
5.399159e-02;4.279258e-02;9.102153e-02;5.053234e-02;1.123943e-01;8.373015e-02;6.638636e-02;8.450101e-02;7.375842e-02;1.049129e-01;1.512125e-01;8.476628e-02
7.141577e-02;6.910603e-02;7.362500e-02;5.102912e-02;8.316682e-02;8.154019e-02;9.033226e-02;7.044321e-02;7.235768e-02;1.236672e-01;1.178142e-01;9.550249e-02
7.143434e-02;9.122464e-02;7.988790e-02;4.257091e-02;5.936129e-02;5.912649e-02;1.180498e-01;8.180472e-02;1.070480e-01;7.722575e-02;8.579483e-02;1.264713e-01
1.135515e-01;6.286810e-02;1.164751e-01;4.616464e-02;5.361297e-02;4.300542e-02;1.890505e-01;4.871684e-02;9.588816e-02;6.953539e-02;7.987599e-02;8.125537e-02
1.560012e-01;7.731248e-02;4.589978e-02;4.246900e-02;4.387666e-02;3.621843e-02;2.395121e-01;5.665591e-02;4.621609e-02;9.603774e-02;9.735475e-02;6.244586e-02
1.622630e-01;1.029886e-01;7.976693e-02;3.162822e-02;3.359411e-02;3.057971e-02;2.465559e-01;5.032200e-02;2.563770e-02;7.301971e-02;1.197418e-01;4.390245e-02
1.527048e-01;1.209959e-01;1.013143e-01;2.373786e-02;2.219696e-02;4.746319e-02;2.521476e-01;4.844166e-02;2.177388e-02;5.592285e-02;1.217989e-01;3.150213e-02
1.529735e-01;1.019599e-01;8.489544e-02;1.265239e-02;3.284904e-02;8.199827e-02;2.247594e-01;5.166886e-02;3.454329e-02;7.051664e-02;9.563434e-02;5.554884e-02
1.788889e-01;5.421605e-02;5.787935e-02;9.212391e-03;5.935984e-02;1.357771e-01;1.709980e-01;5.027474e-02;4.591376e-02;8.923859e-02;5.854590e-02;8.969525e-02
1.903926e-01;2.744693e-02;5.273392e-02;1.859837e-02;8.371500e-02;1.854701e-01;1.529374e-01;3.788301e-02;3.261226e-02;8.637907e-02;5.346466e-02;7.836668e-02
1.674888e-01;2.727783e-02;4.761140e-02;2.775890e-02;1.214782e-01;2.058584e-01;1.605759e-01;2.930757e-02;2.606448e-02;5.342623e-02;7.330514e-02;5.984715e-02
1.458420e-01;2.186074e-02;7.145466e-02;2.633814e-02;1.344032e-01;1.643883e-01;2.340705e-01;1.722067e-02;2.270464e-02;4.745970e-02;6.779147e-02;4.646601e-02
9.153756e-02;2.096275e-02;6.825382e-02;1.421274e-02;1.087985e-01;1.359030e-01;3.762017e-01;1.360189e-02;3.496801e-02;6.120036e-02;3.832449e-02;3.603522e-02
6.159547e-02;2.226851e-02;6.282554e-02;2.032402e-02;9.445375e-02;1.336432e-01;4.367527e-01;2.115622e-02;4.141430e-02;6.110718e-02;2.680033e-02;1.765881e-02
7.236438e-02;2.516824e-02;6.656396e-02;3.453300e-02;1.249017e-01;1.320513e-01;3.357696e-01;1.934412e-02;4.481343e-02;5.523317e-02;5.548022e-02;3.377684e-02
8.325080e-02;5.110833e-02;1.085987e-01;4.448035e-02;1.573100e-01;1.358405e-01;1.423295e-01;2.850801e-02;4.956591e-02;5.391669e-02;9.070427e-02;5.438687e-02
7.160976e-02;6.757907e-02;1.128356e-01;4.092984e-02;1.706713e-01;1.288249e-01;1.050607e-01;4.139467e-02;4.589680e-02;4.132189e-02;8.496042e-02;8.891502e-02
7.406671e-02;5.389096e-02;9.843240e-02;3.337194e-02;1.515736e-01;1.302000e-01;2.067540e-01;2.964024e-02;4.213353e-02;5.194947e-02;3.408680e-02;9.390032e-02
8.653495e-02;5.518262e-02;8.230636e-02;3.089812e-02;1.496854e-01;1.260719e-01;2.636303e-01;2.190511e-02;3.595511e-02;6.088152e-02;3.968862e-02;4.725989e-02
8.387171e-02;5.508645e-02;7.534492e-02;3.277339e-02;1.387939e-01;1.197037e-01;2.375050e-01;2.956647e-02;5.487239e-02;5.216352e-02;6.628077e-02;5.403773e-02
5.579033e-02;2.661424e-02;8.913963e-02;2.280059e-02;1.283599e-01;1.090454e-01;3.037758e-01;3.157211e-02;5.650312e-02;4.100053e-02;5.410359e-02;8.129481e-02
3.355439e-02;3.280829e-02;7.520516e-02;2.925042e-02;1.192885e-01;1.140412e-01;3.161004e-01;4.996424e-02;4.527226e-02;4.761400e-02;6.341687e-02;7.348435e-02
6.597821e-02;3.757364e-02;6.872358e-02;3.914935e-02;1.201518e-01;1.189719e-01;2.586462e-01;5.705916e-02;6.114721e-02;3.419088e-02;7.946826e-02;5.893979e-02
7.091609e-02;3.463837e-02;8.890028e-02;2.757991e-02;1.234885e-01;9.366797e-02;2.861707e-01;3.648273e-02;6.562407e-02;5.013059e-02;6.478997e-02;5.761082e-02
9.330229e-02;5.729469e-02;8.431526e-02;3.609400e-02;1.156847e-01;8.753118e-02;2.476720e-01;2.954408e-02;8.144235e-02;7.297832e-02;6.488179e-02;2.925939e-02
1.312162e-01;9.864638e-02;6.101898e-02;4.931171e-02;8.903500e-02;8.366020e-02;1.614191e-01;3.572174e-02;8.482648e-02;6.926866e-02;7.320820e-02;6.266737e-02
9.650955e-02;1.234427e-01;9.960968e-02;6.004708e-02;8.928346e-02;9.273474e-02;9.343409e-02;4.079514e-02;7.025799e-02;7.675777e-02;6.075888e-02;9.636891e-02
6.025011e-02;7.839037e-02;1.160844e-01;4.176647e-02;1.083398e-01;8.341462e-02;1.362618e-01;3.622825e-02;8.974780e-02;6.622285e-02;7.028542e-02;1.130081e-01
5.431009e-02;6.877483e-02;1.178480e-01;6.264107e-02;1.051583e-01;7.033536e-02;1.345752e-01;4.204018e-02;8.391513e-02;4.539793e-02;9.481049e-02;1.201934e-01
8.085010e-02;5.851338e-02;1.053251e-01;8.265086e-02;8.269572e-02;5.162704e-02;8.816586e-02;4.967367e-02;8.212920e-02;6.549548e-02;1.312741e-01;1.215995e-01
9.764060e-02;7.587732e-02;9.696957e-02;7.238842e-02;6.676587e-02;3.859065e-02;1.050331e-01;5.123642e-02;6.472413e-02;7.740922e-02;1.284900e-01;1.248747e-01
9.211013e-02;7.081705e-02;1.032930e-01;5.094866e-02;5.715837e-02;3.832635e-02;1.716912e-01;6.076681e-02;4.238212e-02;8.230256e-02;1.214568e-01;1.087469e-01
5.796861e-02;4.965303e-02;9.735806e-02;2.709506e-02;6.224207e-02;4.602735e-02;2.157097e-01;7.247552e-02;8.991504e-02;9.692994e-02;1.151264e-01;6.949919e-02
6.762680e-02;5.304559e-02;1.194875e-01;3.368253e-02;5.764409e-02;2.950621e-02;2.127476e-01;7.698302e-02;1.173242e-01;9.348401e-02;9.284390e-02;4.562459e-02
8.268664e-02;4.290788e-02;1.437945e-01;4.783763e-02;8.702585e-02;5.486594e-02;1.366370e-01;8.851203e-02;7.814899e-02;9.696394e-02;7.861532e-02;6.200424e-02
8.239944e-02;7.915934e-02;1.324759e-01;6.334266e-02;1.135961e-01;8.015862e-02;1.058038e-01;8.336584e-02;8.143316e-02;6.991220e-02;5.641705e-02;5.193584e-02
7.996869e-02;9.344278e-02;1.252321e-01;5.123321e-02;1.020086e-01;8.379636e-02;1.502480e-01;5.967503e-02;1.276001e-01;6.599994e-02;3.166695e-02;2.912808e-02
8.632849e-02;8.825897e-02;9.098325e-02;5.537044e-02;7.694018e-02;7.423694e-02;2.136328e-01;4.766859e-02;9.306066e-02;7.264076e-02;6.636500e-02;3.451392e-02
8.330558e-02;4.258927e-02;1.331622e-01;3.821033e-02;1.069473e-01;1.059121e-01;1.547090e-01;8.476019e-02;4.863221e-02;7.272739e-02;4.563817e-02;8.340635e-02
7.744816e-02;3.833441e-02;7.987678e-02;4.020786e-02;9.141265e-02;1.020534e-01;1.822634e-01;9.131186e-02;9.858068e-02;5.999899e-02;5.786560e-02;8.064617e-02
4.886755e-02;2.638531e-02;5.271507e-02;3.851479e-02;5.323054e-02;5.290359e-02;2.496553e-01;1.119577e-01;1.777399e-01;9.941974e-02;3.885644e-02;4.975400e-02
2.806576e-02;2.714306e-02;5.748598e-02;3.452948e-02;3.011985e-02;2.529569e-02;2.741283e-01;1.636903e-01;1.978115e-01;9.421743e-02;3.790743e-02;2.960523e-02
2.090931e-02;5.723159e-02;5.499289e-02;2.423444e-02;2.489666e-02;2.241570e-02;3.445862e-01;1.823606e-01;1.641996e-01;5.817078e-02;2.977865e-02;1.622362e-02
4.512454e-02;9.935937e-02;4.215995e-02;1.335637e-02;3.449015e-02;5.870597e-02;4.026926e-01;1.344064e-01;9.330216e-02;3.184479e-02;2.931508e-02;1.524258e-02
1.026167e-01;1.052777e-01;2.973928e-02;1.550330e-02;6.026049e-02;1.324040e-01;3.402372e-01;7.052993e-02;4.154579e-02;5.132700e-02;2.619322e-02;2.436537e-02
1.002548e-01;5.890821e-02;5.239343e-02;2.587107e-02;1.007197e-01;1.482470e-01;2.382134e-01;5.571992e-02;5.204405e-02;6.179335e-02;4.939977e-02;5.643528e-02
5.633775e-02;3.094586e-02;1.498761e-01;5.408008e-02;1.199077e-01;7.394485e-02;1.558337e-01;6.418351e-02;6.884461e-02;7.008653e-02;8.119761e-02;7.476177e-02
4.407998e-02;3.081094e-02;2.206046e-01;5.977708e-02;9.693018e-02;7.169262e-02;1.237890e-01;7.831862e-02;4.515650e-02;5.558229e-02;1.201147e-01;5.314345e-02
5.318464e-02;4.848602e-02;1.980148e-01;4.900668e-02;6.524381e-02;4.971654e-02;1.556845e-01;8.405941e-02;4.483911e-02;7.794111e-02;1.272951e-01;4.652828e-02
5.851459e-02;7.277033e-02;1.801176e-01;5.346571e-02;4.685948e-02;5.654799e-02;1.379867e-01;6.752210e-02;6.751668e-02;1.139187e-01;6.798697e-02;7.679312e-02
5.981299e-02;8.882304e-02;2.133419e-01;8.023088e-02;3.356450e-02;7.920409e-02;8.007720e-02;5.678049e-02;6.503832e-02;1.126669e-01;6.533892e-02;6.512071e-02
3.898880e-02;5.731886e-02;1.663915e-01;9.005564e-02;8.730459e-02;9.128935e-02;1.058076e-01;4.966735e-02;8.525755e-02;7.896159e-02;8.037151e-02;6.858574e-02
5.588774e-02;6.493447e-02;1.475629e-01;8.330828e-02;1.153221e-01;7.867652e-02;1.250816e-01;2.187409e-02;8.461945e-02;5.751813e-02;7.709105e-02;8.812374e-02
7.704362e-02;5.850454e-02;1.864904e-01;6.569764e-02;1.033944e-01;6.458107e-02;1.265931e-01;2.810731e-02;8.397557e-02;7.011513e-02;6.754839e-02;6.794892e-02
7.213765e-02;5.089343e-02;1.902938e-01;5.186113e-02;8.942715e-02;6.219467e-02;1.832949e-01;2.674688e-02;9.239160e-02;8.485629e-02;5.095262e-02;4.494977e-02
5.037967e-02;4.742332e-02;1.369066e-01;5.746314e-02;3.832264e-02;6.013328e-02;1.342110e-01;7.416749e-02;1.545297e-01;1.058083e-01;7.869221e-02;6.196263e-02
3.225484e-02;4.819569e-02;2.098873e-01;6.865942e-02;6.343319e-02;5.483466e-02;1.124339e-01;6.427560e-02;1.405793e-01;1.027306e-01;4.586668e-02;5.684882e-02
7.240706e-02;4.211904e-02;9.036644e-02;7.123911e-02;8.284176e-02;9.221840e-02;1.643060e-01;8.825663e-02;1.036690e-01;7.894866e-02;5.501679e-02;5.861112e-02
9.319958e-02;4.964537e-02;6.461365e-02;6.078041e-02;6.925018e-02;8.551129e-02;1.464688e-01;9.987076e-02;1.090746e-01;6.503844e-02;7.772052e-02;7.882642e-02
1.448493e-01;7.224441e-02;6.604019e-02;5.322886e-02;5.302019e-02;5.948058e-02;1.130659e-01;7.485659e-02;9.014749e-02;1.055456e-01;9.524903e-02;7.227189e-02
1.636695e-01;9.325898e-02;7.815700e-02;3.746026e-02;2.865603e-02;2.139373e-02;3.434403e-02;3.112157e-02;1.003901e-01;1.786886e-01;1.456584e-01;8.720189e-02
1.332927e-01;7.124414e-02;5.131478e-02;3.699590e-02;2.537517e-02;1.413225e-02;3.882380e-02;4.649666e-02;1.830804e-01;1.955108e-01;1.243109e-01;7.942260e-02
8.429411e-02;4.022789e-02;3.067901e-02;4.861642e-02;1.984489e-02;1.361217e-02;9.953849e-02;1.121847e-01;2.845987e-01;1.557630e-01;6.852818e-02;4.211241e-02
4.005951e-02;1.762660e-02;4.618038e-02;3.921314e-02;1.225461e-02;1.154062e-02;2.609867e-01;2.051605e-01;2.487545e-01;6.646921e-02;2.216444e-02;2.958980e-02
2.466413e-02;1.203247e-02;8.155951e-02;1.531184e-02;1.645339e-02;2.150525e-02;4.443766e-01;2.110933e-01;1.049360e-01;1.856893e-02;1.607860e-02;3.341994e-02
2.159924e-02;1.881354e-02;9.626780e-02;1.521746e-02;4.372313e-02;4.371145e-02;4.732882e-01;1.449541e-01;6.909806e-02;2.757183e-02;2.299833e-02;2.275687e-02
8.706955e-03;2.619730e-02;1.731078e-01;3.043976e-02;7.859875e-02;6.011050e-02;3.397970e-01;1.100268e-01;8.557644e-02;4.124101e-02;3.036348e-02;1.583430e-02
3.201750e-02;2.309212e-02;3.587862e-01;4.919648e-02;1.011344e-01;5.255752e-02;1.106156e-01;8.519918e-02;1.030352e-01;4.041903e-02;2.752396e-02;1.642279e-02
5.780694e-02;1.344037e-02;4.072008e-01;4.433519e-02;8.499028e-02;4.948833e-02;7.746302e-02;6.515935e-02;7.827027e-02;4.973297e-02;4.527221e-02;2.684019e-02
3.267917e-02;2.418040e-02;2.195371e-01;4.133776e-02;5.617408e-02;6.723668e-02;2.779423e-01;5.744293e-02;7.034485e-02;7.680645e-02;4.717726e-02;2.914107e-02
4.860749e-02;4.432981e-02;6.810229e-02;6.485496e-02;1.156132e-01;1.191529e-01;2.632256e-01;6.616948e-02;5.655611e-02;6.235958e-02;5.313732e-02;3.789132e-02
7.618469e-02;6.201955e-02;6.568782e-02;8.514211e-02;1.184018e-01;1.053669e-01;1.609466e-01;6.461758e-02;5.523169e-02;8.127979e-02;7.145569e-02;5.366576e-02
9.836674e-02;6.525704e-02;6.860596e-02;6.519447e-02;9.799390e-02;7.115066e-02;1.716986e-01;6.024326e-02;5.244876e-02;1.080592e-01;7.390908e-02;6.707241e-02
9.175725e-02;3.806766e-02;7.850465e-02;8.748553e-02;1.429228e-01;6.633596e-02;1.583533e-01;8.006117e-02;8.139065e-02;8.324760e-02;4.537468e-02;4.649866e-02
6.876644e-02;3.619882e-02;8.849077e-02;9.537204e-02;2.524635e-01;5.592489e-02;9.324026e-02;7.376549e-02;9.300606e-02;9.227160e-02;2.729090e-02;2.320925e-02
5.596208e-02;4.977591e-02;1.181272e-01;9.019924e-02;2.500333e-01;5.819253e-02;6.168874e-02;4.149367e-02;9.248979e-02;1.260623e-01;1.993745e-02;3.603785e-02
5.596031e-02;6.586419e-02;1.140079e-01;9.118597e-02;1.704497e-01;4.638322e-02;7.503524e-02;5.720104e-02;1.134537e-01;1.330632e-01;3.979907e-02;3.759644e-02
6.794287e-02;6.841093e-02;9.264501e-02;8.862259e-02;1.095565e-01;3.621359e-02;9.678870e-02;7.687518e-02;1.086222e-01;1.469986e-01;5.750950e-02;4.981431e-02
7.304391e-02;3.851528e-02;9.552099e-02;6.368978e-02;7.651844e-02;6.256542e-02;9.570754e-02;7.120313e-02;1.037634e-01;2.090684e-01;5.271784e-02;5.768585e-02
7.296562e-02;3.382621e-02;1.025575e-01;6.810218e-02;1.114058e-01;6.494081e-02;6.263803e-02;8.186694e-02;9.183242e-02;2.311899e-01;3.281305e-02;4.586161e-02
4.312847e-02;8.934620e-02;8.063844e-02;5.010956e-02;1.064498e-01;8.558682e-02;1.424920e-01;9.468541e-02;1.001641e-01;9.613014e-02;4.520453e-02;6.606458e-02
5.641340e-02;1.091084e-01;3.753148e-02;6.682207e-02;9.841426e-02;7.160632e-02;1.498840e-01;1.062963e-01;9.584033e-02;6.917658e-02;4.922789e-02;8.967901e-02
8.404938e-02;8.581530e-02;5.124428e-02;6.094229e-02;7.023183e-02;5.435796e-02;1.421411e-01;1.180317e-01;1.126712e-01;8.043174e-02;5.469112e-02;8.539213e-02
8.926378e-02;6.050051e-02;7.046537e-02;4.405592e-02;6.192427e-02;5.722100e-02;1.379386e-01;1.156546e-01;1.281728e-01;1.097467e-01;4.967966e-02;7.537685e-02
7.642057e-02;7.524190e-02;1.047137e-01;4.507952e-02;7.381870e-02;6.601142e-02;1.089495e-01;9.371008e-02;1.252160e-01;1.277763e-01;3.355299e-02;6.950929e-02
5.207505e-02;1.274608e-01;1.061367e-01;5.808487e-02;8.002002e-02;6.925980e-02;1.314591e-01;5.956245e-02;1.126368e-01;1.069198e-01;3.408086e-02;6.230373e-02
5.467651e-02;7.442865e-02;1.539392e-01;3.253658e-02;4.681863e-02;4.599118e-02;3.109349e-01;7.353707e-02;6.161030e-02;7.499694e-02;2.986977e-02;4.066025e-02
5.465579e-02;6.781133e-02;1.278905e-01;2.559359e-02;2.945133e-02;3.925014e-02;3.784100e-01;1.174292e-01;5.983143e-02;4.014279e-02;2.760026e-02;3.193367e-02
3.998224e-02;6.632739e-02;9.911383e-02;1.747558e-02;2.183007e-02;3.004120e-02;4.267875e-01;1.656852e-01;6.085544e-02;2.674281e-02;2.322557e-02;2.193324e-02
6.127845e-02;1.062257e-01;4.847647e-02;1.777617e-02;2.826428e-02;4.317735e-02;4.615054e-01;1.330373e-01;3.654030e-02;1.466678e-02;3.142712e-02;1.762463e-02
1.321031e-01;1.295826e-01;4.275098e-02;2.907999e-02;4.485399e-02;7.421953e-02;3.635297e-01;6.862698e-02;3.002702e-02;1.883174e-02;3.011847e-02;3.627585e-02
1.771655e-01;8.679873e-02;7.901333e-02;3.165726e-02;8.873829e-02;9.211502e-02;2.095343e-01;3.570458e-02;3.649317e-02;2.047001e-02;2.073058e-02;1.215792e-01
1.222528e-01;2.478984e-02;1.088548e-01;3.183306e-02;1.568388e-01;6.869955e-02;9.627519e-02;2.270584e-02;6.925390e-02;1.127777e-02;2.705115e-02;2.601673e-01
4.017811e-02;1.094327e-02;1.236968e-01;4.068860e-02;1.984606e-01;4.746583e-02;6.007756e-02;2.276384e-02;7.768976e-02;1.157980e-02;4.288791e-02;3.235679e-01
2.323098e-02;1.584136e-02;2.054478e-01;6.008802e-02;1.776780e-01;4.976804e-02;1.164236e-01;1.874071e-02;4.982615e-02;1.315751e-02;3.048506e-02;2.393127e-01
1.927081e-02;1.734900e-02;3.302487e-01;7.559289e-02;1.382204e-01;5.436972e-02;1.214855e-01;1.694457e-02;3.169672e-02;1.796650e-02;4.076167e-02;1.360935e-01
2.318522e-02;2.905074e-02;5.134814e-01;7.409649e-02;1.044338e-01;4.154291e-02;6.398191e-02;1.561328e-02;1.747081e-02;1.668395e-02;4.184363e-02;5.861592e-02
3.782570e-02;3.311640e-02;5.572013e-01;5.443241e-02;8.857621e-02;1.736764e-02;8.612197e-02;2.028485e-02;2.812377e-02;1.736598e-02;1.355235e-02;4.603139e-02
6.968245e-02;4.372816e-02;3.363205e-01;3.995272e-02;1.106768e-01;5.802184e-02;1.603434e-01;2.392308e-02;3.053498e-02;2.512423e-02;3.057701e-02;7.111485e-02
9.524192e-02;4.706424e-02;1.380385e-01;2.353922e-02;1.263874e-01;8.921379e-02;1.831575e-01;4.071898e-02;3.551738e-02;2.944847e-02;3.021547e-02;1.614572e-01
6.748185e-02;5.327624e-02;1.187674e-01;2.693026e-02;1.190621e-01;7.315075e-02;1.612866e-01;3.457232e-02;4.703556e-02;4.188513e-02;3.330445e-02;2.232473e-01
7.223576e-02;6.656303e-02;1.637766e-01;3.603271e-02;1.306671e-01;6.946032e-02;1.287626e-01;3.047327e-02;3.969284e-02;4.577372e-02;4.150065e-02;1.750614e-01
8.210749e-02;7.313984e-02;2.654107e-01;4.618634e-02;1.186182e-01;4.474402e-02;1.059837e-01;4.089047e-02;4.268913e-02;4.650042e-02;4.878324e-02;8.494651e-02
4.700446e-02;4.906000e-02;5.785388e-01;5.605464e-02;4.963155e-02;2.700694e-02;5.313297e-02;2.781647e-02;2.567334e-02;3.348421e-02;2.673521e-02;2.586141e-02
2.456514e-02;2.489549e-02;6.520399e-01;6.475717e-02;7.200871e-02;2.960994e-02;4.834333e-02;1.309594e-02;1.254030e-02;2.419053e-02;1.549437e-02;1.845915e-02
1.522068e-02;1.304061e-02;6.432267e-01;7.464609e-02;1.021618e-01;3.814778e-02;5.158534e-02;8.673758e-03;8.833164e-03;1.739344e-02;1.198259e-02;1.508804e-02
9.882242e-03;1.420979e-02;6.575059e-01;8.946053e-02;1.148711e-01;3.764083e-02;1.320922e-02;1.283182e-02;1.039667e-02;1.244291e-02;1.389310e-02;1.365585e-02
9.576768e-03;1.355737e-02;6.479699e-01;9.504963e-02;1.129767e-01;3.680989e-02;2.788633e-02;1.323884e-02;5.738110e-03;8.551871e-03;1.636072e-02;1.228384e-02
1.124837e-02;6.959882e-03;5.895652e-01;9.807107e-02;1.399666e-01;4.641999e-02;4.169116e-02;1.378599e-02;1.524686e-02;6.619362e-03;1.890452e-02;1.152092e-02
1.777625e-02;1.032999e-02;4.070973e-01;9.198879e-02;1.913973e-01;8.384924e-02;1.205004e-01;1.704810e-02;1.929787e-02;1.300843e-02;1.816102e-02;9.545358e-03
1.391716e-02;1.474141e-02;3.571295e-01;1.098555e-01;2.005214e-01;8.996353e-02;1.201374e-01;1.901240e-02;1.532250e-02;1.270383e-02;3.289066e-02;1.380475e-02
1.008413e-02;1.232264e-02;4.798240e-01;1.272726e-01;1.451274e-01;6.480118e-02;4.096743e-02;2.068301e-02;1.547647e-02;2.255337e-02;4.907031e-02;1.181744e-02
1.212390e-02;1.609305e-02;5.848662e-01;1.031761e-01;7.656452e-02;3.580135e-02;4.889627e-02;1.496975e-02;2.523998e-02;3.697262e-02;3.913453e-02;6.161701e-03
8.342434e-03;2.017243e-02;6.545330e-01;6.701024e-02;4.505210e-02;1.360101e-02;7.610305e-02;1.177613e-02;2.769399e-02;5.092951e-02;1.911924e-02;5.666802e-03
1.445815e-02;2.416418e-02;6.661627e-01;5.094183e-02;3.498691e-02;1.327476e-02;9.524385e-02;9.818430e-03;1.966728e-02;5.977808e-02;8.527278e-03;2.976512e-03
1.420225e-02;2.299806e-02;6.901492e-01;6.137243e-02;2.365734e-02;1.168191e-02;8.816149e-02;5.671047e-03;1.589479e-02;5.330866e-02;9.496346e-03;3.406513e-03
1.093609e-02;1.238037e-02;6.663752e-01;8.760919e-02;5.159270e-02;2.122002e-02;6.655923e-02;7.365604e-03;2.650754e-02;3.440187e-02;1.188603e-02;3.166196e-03
1.156777e-02;2.028992e-02;5.849292e-01;1.290126e-01;9.619169e-02;3.864605e-02;3.083409e-02;1.240614e-02;2.477282e-02;1.675114e-02;2.930871e-02;5.289901e-03
8.089761e-03;2.039931e-02;4.726627e-01;1.498401e-01;1.606638e-01;6.104401e-02;3.428591e-02;1.319993e-02;1.605289e-02;1.283279e-02;3.606341e-02;1.486550e-02
5.914716e-03;1.740522e-02;3.228528e-01;1.088620e-01;2.488540e-01;8.567587e-02;9.907603e-02;1.902865e-02;2.437239e-02;1.435063e-02;2.230809e-02;3.129958e-02
1.466317e-02;1.457156e-02;2.013508e-01;6.620363e-02;3.038044e-01;1.378616e-01;1.405856e-01;1.060547e-02;4.100211e-02;1.754422e-02;5.691675e-03;4.611577e-02
3.823984e-02;1.065251e-02;1.206343e-01;3.242891e-02;2.457021e-01;2.077761e-01;2.199412e-01;1.859215e-02;4.138627e-02;1.653955e-02;5.997017e-03;4.211009e-02
5.329883e-02;8.719658e-03;6.130505e-02;1.733589e-02;1.832097e-01;3.005554e-01;2.714835e-01;3.501747e-02;2.362418e-02;1.984794e-02;4.391303e-03;2.121108e-02
7.396717e-02;5.384246e-03;3.557917e-02;2.171738e-02;1.437045e-01;3.578096e-01;2.725719e-01;3.064075e-02;2.140376e-02;2.472385e-02;7.971776e-03;4.526000e-03
7.738764e-02;1.210865e-02;2.951715e-02;4.812136e-02;1.061301e-01;3.165118e-01;3.000901e-01;3.153034e-02;2.246973e-02;4.121606e-02;8.940232e-03;5.976775e-03
6.979260e-02;2.438060e-02;2.604092e-02;9.501978e-02;7.354439e-02;2.684168e-01;3.390659e-01;2.489184e-02;1.638070e-02;5.168849e-02;4.315389e-03;6.462643e-03
6.267598e-02;2.702208e-02;5.056685e-02;9.990036e-02;8.011195e-02;2.293722e-01;3.325126e-01;2.358693e-02;2.084034e-02;5.524298e-02;6.886209e-03;1.128161e-02
6.052868e-02;3.177282e-02;6.097082e-02;5.017779e-02;1.084401e-01;2.109160e-01;3.022749e-01;3.612067e-02;4.610359e-02;5.755815e-02;1.283411e-02;2.230238e-02
5.171281e-02;3.135179e-02;4.888760e-02;5.600225e-02;1.504227e-01;2.180555e-01;2.579943e-01;3.687865e-02;5.322665e-02;5.484603e-02;1.477071e-02;2.585112e-02
4.179071e-02;2.034980e-02;8.820114e-02;5.868419e-02;2.451494e-01;2.170217e-01;1.610861e-01;2.743246e-02;6.510574e-02;3.310929e-02;1.004684e-02;3.202264e-02
