3.439723e-02;6.679936e-02;2.442050e-02;1.629175e-01;1.873030e-02;4.535238e-02;2.200213e-01;2.878537e-02;1.836146e-02;4.878812e-02;3.980004e-02;2.916264e-01
2.527758e-02;7.459889e-02;2.601795e-02;1.375196e-01;1.426904e-02;7.560271e-02;2.267271e-01;2.652835e-02;1.863742e-02;1.936210e-02;4.983540e-02;3.056237e-01
2.399223e-02;6.558084e-02;1.752207e-02;1.065212e-01;2.054003e-02;1.299735e-01;2.135551e-01;3.240451e-02;2.251728e-02;2.517414e-02;4.754063e-02;2.946785e-01
3.009424e-02;6.304808e-02;3.242560e-02;8.745489e-02;4.674076e-02;2.002864e-01;1.545501e-01;3.522947e-02;3.362382e-02;3.542839e-02;5.567389e-02;2.254443e-01
1.987950e-02;6.614716e-02;7.032152e-02;6.880255e-02;7.582480e-02;2.480400e-01;8.529998e-02;5.143056e-02;6.768958e-02;3.661447e-02;8.083261e-02;1.291172e-01
4.608119e-02;8.543842e-02;7.244976e-02;4.498462e-02;6.386214e-02;1.374650e-01;1.305468e-01;5.995530e-02;8.734690e-02;5.669206e-02;6.246352e-02;1.527143e-01
5.166338e-02;6.336001e-02;5.353758e-02;5.772564e-02;7.087703e-02;8.979652e-02;1.621234e-01;6.072352e-02;1.461707e-01;6.219397e-02;2.701484e-02;1.548134e-01
5.071736e-02;5.289296e-02;7.955537e-02;3.850585e-02;5.264186e-02;1.151527e-01;1.531159e-01;7.350712e-02;1.595528e-01;6.037774e-02;3.030531e-02;1.336750e-01
5.244770e-02;6.831018e-02;9.047648e-02;5.706959e-02;2.793197e-02;8.402092e-02;1.258617e-01;1.121686e-01;1.594875e-01;4.497518e-02;4.914441e-02;1.281058e-01
3.603850e-02;6.157653e-02;9.381347e-02;9.226461e-02;4.566993e-02;1.084615e-01;1.350938e-01;1.470799e-01;1.147456e-01;3.995760e-02;3.105184e-02;9.424667e-02
3.095526e-02;6.714026e-02;1.019883e-01;8.888080e-02;1.069140e-01;1.218183e-01;1.186431e-01;1.438244e-01;8.416419e-02;4.199398e-02;3.389844e-02;5.977905e-02
2.597333e-02;6.812283e-02;7.677462e-02;6.257845e-02;2.044056e-01;1.786289e-01;7.672194e-02;1.185066e-01;8.425656e-02;3.184084e-02;3.547331e-02;3.671691e-02
1.700898e-02;5.370760e-02;3.972601e-02;4.660775e-02;1.663457e-01;3.314579e-01;8.376101e-02;6.976581e-02;6.475286e-02;2.518021e-02;6.773875e-02;3.394746e-02
1.246480e-02;2.702124e-02;7.975850e-02;1.707163e-02;6.880068e-02;4.626874e-01;1.293956e-01;3.775688e-02;4.219552e-02;1.739573e-02;8.237664e-02;2.307544e-02
9.672636e-03;1.906531e-02;1.120811e-01;1.688393e-02;1.814589e-02;4.581917e-01;1.867792e-01;2.100966e-02;4.039745e-02;1.214936e-02;8.414786e-02;2.147590e-02
1.087000e-02;1.943174e-02;1.216593e-01;1.821778e-02;1.972855e-02;4.113530e-01;2.201229e-01;1.629798e-02;4.165672e-02;1.425480e-02;8.555422e-02;2.085295e-02
7.691111e-03;1.175249e-02;1.156789e-01;1.453505e-02;2.315331e-02;4.131756e-01;2.267075e-01;1.691593e-02;4.655134e-02;1.360995e-02;8.796950e-02;2.225937e-02
6.660274e-03;1.526767e-02;1.035323e-01;6.069763e-03;2.030104e-02;3.926474e-01;2.404566e-01;1.537715e-02;6.405066e-02;7.830903e-03;9.556521e-02;3.224115e-02
8.319998e-03;1.471613e-02;9.000816e-02;1.738877e-02;1.236720e-02;3.130947e-01;2.724679e-01;3.290265e-02;8.013953e-02;1.151218e-02;1.001595e-01;4.692329e-02
8.133885e-03;1.497769e-02;6.736644e-02;2.204559e-02;1.028234e-02;2.260427e-01;3.173423e-01;3.793681e-02;7.387320e-02;3.924606e-02;8.556380e-02;9.718916e-02
1.216960e-02;2.280827e-02;3.003140e-02;6.351788e-02;1.468595e-02;1.427641e-01;3.518992e-01;4.131680e-02;4.609529e-02;6.638547e-02;5.362617e-02;1.546999e-01
2.104206e-02;3.219833e-02;2.343054e-02;9.573265e-02;1.324234e-02;8.119506e-02;3.446829e-01;4.922809e-02;2.750317e-02;8.808993e-02;3.721661e-02;1.864384e-01
4.622754e-02;5.281790e-02;4.849641e-02;8.298351e-02;1.890649e-02;8.020476e-02;2.823834e-01;7.815877e-02;3.965522e-02;8.809038e-02;4.486248e-02;1.372132e-01
6.424386e-02;6.751774e-02;7.643133e-02;5.666058e-02;2.477071e-02;1.167098e-01;2.229230e-01;1.111312e-01;5.713537e-02;6.429839e-02;4.829422e-02;8.988381e-02
8.953957e-02;9.352445e-02;1.250837e-01;2.945299e-02;4.857394e-02;1.720369e-01;1.043353e-01;1.166932e-01;7.167540e-02;4.776021e-02;4.646246e-02;5.486186e-02
1.257795e-01;1.587331e-01;1.349979e-01;4.057600e-02;6.063583e-02;1.234600e-01;4.224042e-02;1.367853e-01;5.802223e-02;3.980806e-02;4.392688e-02;3.503478e-02
1.407630e-01;1.660906e-01;1.126193e-01;2.507132e-02;6.252132e-02;8.546133e-02;5.999919e-02;1.765656e-01;5.540571e-02;1.833805e-02;6.038516e-02;3.677942e-02
1.316270e-01;1.372423e-01;8.973008e-02;1.617363e-02;7.328999e-02;8.291581e-02;9.634841e-02;2.056848e-01;4.812890e-02;1.017257e-02;6.732564e-02;4.136095e-02
1.444953e-01;1.158456e-01;8.620501e-02;2.428048e-02;8.459388e-02;7.346894e-02;1.071695e-01;2.133617e-01;5.097372e-02;9.907605e-03;5.622979e-02;3.346848e-02
1.276379e-01;1.019396e-01;9.007721e-02;3.529571e-02;7.590688e-02;8.206990e-02;1.451522e-01;1.974974e-01;5.626131e-02;2.420926e-02;3.352557e-02;3.042709e-02
9.829552e-02;9.270233e-02;9.632557e-02;5.081104e-02;5.700625e-02;9.167529e-02;1.563984e-01;1.606288e-01;7.332788e-02;4.760241e-02;2.529420e-02;4.993227e-02
4.825819e-02;8.277495e-02;1.419497e-01;6.223261e-02;4.464352e-02;7.668921e-02;1.254114e-01;1.349251e-01;1.051360e-01;4.517087e-02;6.320322e-02;6.960515e-02
3.292075e-02;8.679131e-02;1.756468e-01;4.912008e-02;4.524035e-02;6.476390e-02;7.769633e-02;1.671757e-01;1.132446e-01;5.160955e-02;8.197232e-02;5.381828e-02
3.822811e-02;1.144543e-01;1.529843e-01;4.540838e-02;4.691267e-02;8.798188e-02;4.837791e-02;1.703469e-01;1.166262e-01;6.017703e-02;5.468921e-02;6.381314e-02
3.734252e-02;1.022248e-01;1.289447e-01;3.344517e-02;3.489282e-02;7.545160e-02;1.097858e-01;1.909038e-01;1.131564e-01;5.731921e-02;6.517492e-02;5.135817e-02
5.375246e-02;1.149826e-01;1.351835e-01;2.001463e-02;2.593864e-02;2.811655e-02;1.734859e-01;1.876958e-01;1.218539e-01;4.406333e-02;4.623711e-02;4.867558e-02
5.702182e-02;1.006300e-01;1.285562e-01;2.618110e-02;3.266042e-02;6.975269e-02;1.562652e-01;1.241093e-01;1.137337e-01;4.249308e-02;1.119357e-01;3.666068e-02
5.545415e-02;9.912167e-02;1.188120e-01;5.201417e-02;3.579638e-02;1.279382e-01;1.414330e-01;7.757431e-02;7.556988e-02;4.063248e-02;1.098295e-01;6.582425e-02
6.015036e-02;9.048089e-02;8.255963e-02;9.838290e-02;2.416261e-02;1.104350e-01;1.702244e-01;8.280363e-02;4.817288e-02;1.793839e-02;4.904105e-02;1.656482e-01
5.039228e-02;8.236804e-02;6.232853e-02;1.407512e-01;2.153264e-02;6.557348e-02;2.062525e-01;5.324393e-02;3.491917e-02;1.061202e-02;1.836825e-02;2.536580e-01
4.529329e-02;7.191423e-02;5.259852e-02;1.420321e-01;1.729757e-02;3.081269e-02;2.169075e-01;6.593670e-02;3.556173e-02;1.517949e-02;2.480484e-02;2.816614e-01
5.135681e-02;4.345689e-02;5.552998e-02;1.124617e-01;2.519581e-02;2.164340e-02;2.135809e-01;8.903618e-02;3.876448e-02;1.796743e-02;8.537497e-02;2.456314e-01
5.073131e-02;4.601280e-02;8.049025e-02;5.310483e-02;1.952790e-02;9.107425e-02;1.875852e-01;7.503505e-02;5.142008e-02;1.451175e-02;1.720932e-01;1.584133e-01
3.761984e-02;6.145775e-02;1.008923e-01;2.177498e-02;1.713550e-02;1.467760e-01;1.694773e-01;7.115128e-02;6.780008e-02;2.313222e-02;2.083715e-01;7.441131e-02
4.345276e-02;7.168624e-02;9.972814e-02;3.465095e-02;2.661779e-02;1.641980e-01;1.605887e-01;5.176998e-02;8.739380e-02;4.283101e-02;1.707477e-01;4.633487e-02
6.526563e-02;8.857444e-02;7.784174e-02;5.858604e-02;2.793446e-02;1.262575e-01;1.191762e-01;9.136558e-02;1.130191e-01;5.885309e-02;1.018085e-01;7.131772e-02
8.088472e-02;8.603872e-02;7.213713e-02;5.930020e-02;2.295673e-02;9.227125e-02;7.292620e-02;1.443180e-01;1.154140e-01;4.355360e-02;9.435301e-02;1.158465e-01
8.663584e-02;1.004813e-01;1.018907e-01;1.887180e-02;2.852071e-02;6.965631e-02;1.482680e-01;1.341718e-01;9.999684e-02;2.955983e-02;7.081670e-02;1.111302e-01
6.539909e-02;1.034132e-01;1.200749e-01;4.369216e-02;3.936681e-02;5.244328e-02;1.502090e-01;1.482889e-01;1.140714e-01;3.220089e-02;5.040642e-02;8.043391e-02
6.583255e-02;1.039265e-01;9.465255e-02;5.188007e-02;5.586680e-02;5.863628e-02;1.032711e-01;1.337484e-01;1.233763e-01;4.465882e-02;5.544599e-02;1.087046e-01
6.721310e-02;1.564619e-01;1.130402e-01;3.892559e-02;4.343008e-02;5.976859e-02;3.140463e-02;1.285572e-01;1.331873e-01;4.754930e-02;4.570055e-02;1.347616e-01
7.137236e-02;1.358072e-01;9.852025e-02;4.732960e-02;1.616284e-02;7.649593e-02;5.956075e-02;1.360635e-01;1.142879e-01;5.609593e-02;8.045434e-02;1.078495e-01
7.201087e-02;8.379010e-02;1.135986e-01;8.838101e-02;3.575118e-02;7.802678e-02;8.434715e-02;1.423446e-01;9.440105e-02;4.696332e-02;5.698436e-02;1.034009e-01
4.880046e-02;9.986755e-02;1.253489e-01;7.069593e-02;5.212589e-02;1.051603e-01;8.668774e-02;1.133923e-01;7.498215e-02;5.789907e-02;6.529485e-02;9.974489e-02
3.733314e-02;9.810443e-02;1.132526e-01;5.371442e-02;4.402301e-02;1.202267e-01;1.227192e-01;8.750080e-02;7.087202e-02;6.834958e-02;6.661069e-02;1.172933e-01
3.944124e-02;8.324696e-02;9.058688e-02;4.383243e-02;3.234065e-02;1.071341e-01;1.768124e-01;7.976401e-02;6.936263e-02;7.694030e-02;4.843332e-02;1.521052e-01
6.475196e-02;8.833653e-02;8.280867e-02;3.741319e-02;3.098867e-02;8.893093e-02;2.020602e-01;9.811026e-02;6.719840e-02;7.472496e-02;2.779466e-02;1.368816e-01
6.397653e-02;8.844852e-02;5.403296e-02;4.516361e-02;4.257242e-02;5.884885e-02;2.250302e-01;1.300230e-01;6.643567e-02;4.002959e-02;3.453472e-02;1.509040e-01
4.436848e-02;9.741079e-02;3.511943e-02;5.380471e-02;2.805204e-02;7.312680e-02;2.747756e-01;1.035391e-01;4.816979e-02;2.635193e-02;2.564521e-02;1.896362e-01
2.368622e-02;8.823545e-02;3.308892e-02;6.873641e-02;1.588447e-02;4.432839e-02;3.265345e-01;1.062840e-01;3.189604e-02;2.944782e-02;1.296503e-02;2.189128e-01
3.252119e-02;8.916640e-02;2.344417e-02;7.263784e-02;1.833046e-02;3.737548e-02;3.373535e-01;9.789320e-02;3.332814e-02;2.818094e-02;1.130996e-02;2.184587e-01
3.026722e-02;1.053109e-01;4.233583e-02;5.266709e-02;1.897166e-02;6.957778e-02;3.146555e-01;6.544966e-02;3.922114e-02;2.232476e-02;4.560606e-02;1.936124e-01
2.650841e-02;9.640484e-02;5.490630e-02;2.485507e-02;3.827045e-02;1.646738e-01;2.611959e-01;4.129988e-02;4.984266e-02;2.545771e-02;6.796400e-02;1.486210e-01
3.299961e-02;9.874489e-02;7.495745e-02;2.555584e-02;6.765456e-02;2.326436e-01;1.875568e-01;4.734284e-02;5.618641e-02;3.012030e-02;5.928488e-02;8.695276e-02
3.726347e-02;1.335075e-01;8.946124e-02;3.798274e-02;7.290567e-02;1.876616e-01;1.294056e-01;9.166764e-02;6.907886e-02;3.508384e-02;4.544194e-02;7.053996e-02
4.762196e-02;1.506133e-01;1.010511e-01;3.219114e-02;6.467362e-02;1.111497e-01;1.463980e-01;1.144265e-01;6.668777e-02;3.558647e-02;4.693668e-02;8.266373e-02
3.887359e-02;1.591306e-01;1.050578e-01;2.169197e-02;3.273159e-02;1.213045e-01;1.933759e-01;8.480211e-02;6.205475e-02;4.062138e-02;4.492072e-02;9.543512e-02
6.685357e-02;1.878193e-01;1.076046e-01;4.053782e-02;2.371305e-02;9.887234e-02;1.328545e-01;6.112582e-02;7.671175e-02;5.092717e-02;3.672319e-02;1.162569e-01
8.943480e-02;1.345693e-01;7.422595e-02;8.517492e-02;5.194117e-02;7.030096e-02;6.076620e-02;6.996680e-02;9.034076e-02;7.831098e-02;3.653837e-02;1.584298e-01
6.758168e-02;8.013350e-02;6.255186e-02;1.174225e-01;6.897865e-02;8.194990e-02;6.812788e-02;6.816059e-02;9.143669e-02;9.104230e-02;3.129961e-02;1.713149e-01
4.834418e-02;6.874424e-02;7.794955e-02;1.143206e-01;7.759012e-02;1.089135e-01;7.549142e-02;8.531716e-02;9.314915e-02;7.511503e-02;2.760836e-02;1.474568e-01
5.013942e-02;7.316288e-02;1.038288e-01;8.143896e-02;8.005514e-02;1.254185e-01;9.827153e-02;9.590152e-02;8.854605e-02;5.837251e-02;3.820030e-02;1.066645e-01
7.716867e-02;1.363285e-01;1.648896e-01;2.945115e-02;6.182589e-02;9.647101e-02;1.361123e-01;9.465811e-02;7.116269e-02;3.321770e-02;6.479229e-02;3.392210e-02
8.331801e-02;9.525000e-02;1.655454e-01;2.869686e-02;4.681932e-02;1.211729e-01;1.090575e-01;1.014985e-01;6.463213e-02;3.249441e-02;1.035885e-01;4.792649e-02
6.983546e-02;3.659355e-02;1.630075e-01;3.658340e-02;3.890586e-02;1.934161e-01;5.674238e-02;9.728231e-02;6.630677e-02;3.346116e-02;1.544021e-01;5.346348e-02
6.539156e-02;6.086786e-02;1.369227e-01;4.099749e-02;3.486344e-02;2.107768e-01;6.152954e-02;7.388651e-02;7.548054e-02;2.937570e-02;1.514225e-01;5.848537e-02
7.241567e-02;5.613384e-02;9.521556e-02;5.134792e-02;3.949857e-02;2.344220e-01;8.372983e-02;5.051189e-02;8.513389e-02;3.282322e-02;1.399864e-01;5.878118e-02
8.238660e-02;3.225486e-02;6.373942e-02;3.710311e-02;4.090204e-02;2.698300e-01;1.101949e-01;5.936508e-02;9.407067e-02;3.067809e-02;1.417480e-01;3.772723e-02
6.169258e-02;3.412844e-02;5.810866e-02;3.198180e-02;6.331953e-02;2.533658e-01;1.031071e-01;8.543046e-02;9.567329e-02;3.147472e-02;1.348550e-01;4.686270e-02
3.722670e-02;3.625209e-02;7.702003e-02;4.981668e-02;8.506124e-02;2.546312e-01;5.062850e-02;1.128709e-01;9.731243e-02;3.670802e-02;9.178241e-02;7.068979e-02
2.403604e-02;4.618937e-02;7.561162e-02;3.667970e-02;4.617313e-02;2.801629e-01;8.472241e-02;1.179599e-01;9.173533e-02;3.730296e-02;9.210884e-02;6.731785e-02
2.925304e-02;7.895581e-02;1.022865e-01;2.081081e-02;2.879360e-02;2.379447e-01;3.597150e-02;1.091020e-01;1.243154e-01;4.748725e-02;1.148514e-01;7.022817e-02
4.054675e-02;6.643996e-02;1.023731e-01;1.407692e-02;3.111238e-02;2.295605e-01;7.756786e-02;7.640959e-02;1.250104e-01;5.198472e-02;1.070979e-01;7.781985e-02
3.861939e-02;9.013551e-02;8.391145e-02;1.891650e-02;3.716293e-02;2.225208e-01;8.513484e-02;9.315846e-02;1.376649e-01;6.386933e-02;7.530314e-02;5.360269e-02
3.542101e-02;1.046836e-01;7.053804e-02;2.039565e-02;3.549109e-02;1.935590e-01;7.436925e-02;1.219982e-01;1.543188e-01;7.391430e-02;8.127775e-02;3.403327e-02
2.356996e-02;8.992786e-02;5.338830e-02;2.575314e-02;6.158052e-02;1.840746e-01;7.108416e-02;1.013095e-01;1.713428e-01;8.776002e-02;8.769917e-02;4.250997e-02
2.526846e-02;7.702271e-02;6.124406e-02;2.213039e-02;9.290284e-02;1.558971e-01;4.281735e-02;1.038955e-01;2.053477e-01;9.623291e-02;8.007848e-02;3.716252e-02
2.610771e-02;8.333207e-02;5.046466e-02;2.364195e-02;1.091430e-01;1.164410e-01;3.545291e-02;1.185586e-01;2.383575e-01;1.030489e-01;6.400622e-02;3.144562e-02
1.952395e-02;8.761752e-02;5.966212e-02;2.438442e-02;8.978717e-02;1.551143e-01;5.076511e-02;9.675820e-02;2.152757e-01;9.008361e-02;6.676582e-02;4.426205e-02
2.027590e-02;7.003822e-02;5.388980e-02;1.162864e-02;8.272465e-02;1.527955e-01;5.022215e-02;1.112529e-01;2.339963e-01;8.213039e-02;8.095048e-02;5.009511e-02
2.077889e-02;5.879858e-02;6.971799e-02;3.244644e-02;7.724474e-02;9.910002e-02;3.953893e-02;1.538508e-01;2.845963e-01;6.384069e-02;6.446012e-02;3.562659e-02
1.355972e-02;3.633793e-02;7.725555e-02;5.378424e-02;6.689057e-02;8.398025e-02;4.184200e-02;2.000141e-01;2.988904e-01;5.843003e-02;4.496270e-02;2.405247e-02
1.690181e-02;6.588982e-02;1.036606e-01;4.775470e-02;4.597832e-02;7.080624e-02;2.652225e-02;2.468764e-01;2.659352e-01;4.280954e-02;4.526180e-02;2.160347e-02
2.073982e-02;7.757211e-02;1.176995e-01;3.556077e-02;5.095780e-02;9.821413e-02;1.652640e-02;2.525234e-01;1.937120e-01;5.422895e-02;5.531123e-02;2.695390e-02
2.177419e-02;5.322262e-02;8.895770e-02;4.308173e-02;7.067204e-02;1.180274e-01;1.726415e-02;2.826408e-01;1.469048e-01;6.516871e-02;6.991979e-02;2.236613e-02
1.709466e-02;3.598291e-02;7.786597e-02;3.269881e-02;5.944996e-02;9.795628e-02;3.150214e-02;2.736376e-01;2.208526e-01;5.664871e-02;6.900752e-02;2.730285e-02
2.322507e-02;6.713428e-02;1.019496e-01;2.982047e-02;4.133091e-02;1.138778e-01;2.556971e-02;2.325769e-01;2.039957e-01;5.683866e-02;6.535472e-02;3.832617e-02
2.612911e-02;5.819723e-02;1.030315e-01;2.842262e-02;2.940710e-02;8.840041e-02;3.939971e-02;2.899935e-01;1.720480e-01;6.426917e-02;5.614810e-02;4.455348e-02
1.921107e-02;3.772493e-02;1.120289e-01;3.897178e-02;3.924149e-02;6.987105e-02;4.336074e-02;3.237598e-01;1.632712e-01;7.351109e-02;3.448607e-02;4.456181e-02
2.460924e-02;4.255073e-02;9.733139e-02;7.049730e-02;3.335205e-02;8.265658e-02;3.428100e-02;2.745144e-01;2.050602e-01;6.961653e-02;3.218325e-02;3.334734e-02
3.241437e-02;3.713833e-02;6.337585e-02;1.027754e-01;5.369586e-02;6.452412e-02;2.426806e-02;2.068927e-01;2.823809e-01;8.168747e-02;3.116994e-02;1.967707e-02
2.988314e-02;4.755615e-02;4.263780e-02;8.903467e-02;1.261284e-01;4.846413e-02;3.151377e-02;1.646817e-01;2.994473e-01;6.960976e-02;3.183383e-02;1.920937e-02
1.883185e-02;5.054558e-02;3.451684e-02;5.378538e-02;2.088161e-01;2.544049e-02;2.495840e-02;1.372294e-01;2.993663e-01;8.476759e-02;3.799922e-02;2.374279e-02
1.437486e-02;5.636765e-02;2.712936e-02;4.247278e-02;2.429399e-01;5.010245e-02;1.517812e-02;1.277826e-01;2.453079e-01;1.025153e-01;4.373827e-02;3.209077e-02
1.473990e-02;7.095765e-02;1.997443e-02;4.199125e-02;2.256236e-01;7.370770e-02;3.166096e-02;1.333941e-01;2.045469e-01;1.056165e-01;4.482242e-02;3.296464e-02
1.150986e-02;6.966414e-02;2.873335e-02;2.840279e-02;1.686479e-01;1.102920e-01;3.071473e-02;1.530430e-01;2.448527e-01;8.097513e-02;4.235445e-02;3.080990e-02
1.269262e-02;4.551642e-02;2.289344e-02;3.172255e-02;1.455119e-01;1.349971e-01;3.958726e-02;1.540357e-01;2.578838e-01;8.306909e-02;4.437185e-02;2.771833e-02
1.643990e-02;3.643664e-02;2.055649e-02;3.947005e-02;1.159355e-01;1.750396e-01;7.720671e-02;1.499574e-01;2.060264e-01;8.224600e-02;5.822446e-02;2.246089e-02
1.601529e-02;2.808785e-02;3.436929e-02;4.617705e-02;6.714141e-02;2.473369e-01;1.184631e-01;1.296129e-01;1.520323e-01;5.861356e-02;7.792898e-02;2.422136e-02
1.767728e-02;3.506172e-02;6.073586e-02;2.596888e-02;2.174732e-02;2.971051e-01;1.033441e-01;1.028463e-01;1.242629e-01;8.059165e-02;9.880247e-02;3.185632e-02
2.506107e-02;5.056965e-02;8.130577e-02;1.267807e-02;3.266205e-02;2.776363e-01;9.999780e-02;6.482314e-02;1.222652e-01;9.290027e-02;9.652656e-02;4.357402e-02
2.212049e-02;3.930473e-02;6.369085e-02;2.104364e-02;5.130497e-02;2.236412e-01;1.469239e-01;7.593122e-02;1.338507e-01;7.173207e-02;9.519551e-02;5.526076e-02
2.250578e-02;5.170833e-02;4.866409e-02;4.233047e-02;8.897395e-02;1.411503e-01;1.836157e-01;1.037096e-01;1.154600e-01;5.261697e-02;7.134569e-02;7.791910e-02
2.373168e-02;8.041961e-02;5.611014e-02;4.798663e-02;8.649086e-02;1.688292e-01;1.992089e-01;8.284222e-02;8.842791e-02;4.333978e-02;2.481702e-02;9.779612e-02
2.681116e-02;8.993164e-02;7.889611e-02;3.379935e-02;4.171653e-02;1.595645e-01;1.484169e-01;9.383525e-02;1.393562e-01;4.830205e-02;5.012689e-02;8.924334e-02
3.559963e-02;7.091011e-02;8.821731e-02;2.377882e-02;2.389227e-02;1.404925e-01;9.618541e-02;1.235765e-01;1.877623e-01;7.685514e-02;6.915777e-02;6.357232e-02
4.001403e-02;6.900191e-02;7.179147e-02;3.033168e-02;6.164270e-02;1.975816e-01;4.883174e-02;1.255203e-01;1.194460e-01;8.507840e-02;8.810211e-02;6.265803e-02
2.374513e-02;6.226832e-02;4.472613e-02;3.436666e-02;7.681011e-02;1.543962e-01;1.087411e-01;9.615277e-02;1.993039e-01;7.019705e-02;6.473546e-02;6.455714e-02
2.554286e-02;6.930420e-02;6.050784e-02;1.852015e-02;7.975963e-02;7.647269e-02;1.090606e-01;1.839320e-01;2.307350e-01;5.291060e-02;3.467992e-02;5.857455e-02
1.756806e-02;5.880935e-02;6.038923e-02;1.483337e-02;7.980245e-02;1.776562e-01;7.582027e-02;1.941675e-01;1.981596e-01;4.498400e-02;3.028514e-02;4.752484e-02
1.946784e-02;6.260882e-02;8.291650e-02;1.928258e-02;8.297430e-02;2.291125e-01;6.596331e-02;1.838943e-01;1.183991e-01;5.797509e-02;3.880901e-02;3.859665e-02
2.955357e-02;9.719884e-02;8.467590e-02;1.847215e-02;5.182912e-02;1.593539e-01;9.713951e-02;1.218327e-01;1.614596e-01;7.435987e-02;6.731931e-02;3.680550e-02
3.319066e-02;1.013468e-01;7.868646e-02;3.024757e-02;3.865163e-02;9.672379e-02;1.277538e-01;9.815752e-02;2.068252e-01;8.064553e-02;7.276383e-02;3.500719e-02
3.480195e-02;1.098942e-01;9.577021e-02;5.088570e-02;5.155981e-02;9.017997e-02;8.157592e-02;1.317376e-01;2.047337e-01;6.837639e-02;5.039105e-02;3.009350e-02
4.904408e-02;1.342330e-01;1.167092e-01;4.759437e-02;5.231724e-02;1.053018e-01;9.486630e-02;1.458561e-01;1.248835e-01;4.701686e-02;4.605476e-02;3.612296e-02
4.863019e-02;1.195185e-01;1.001134e-01;4.409624e-02;3.455583e-02;1.035108e-01;1.930515e-01;1.105486e-01;6.588345e-02;3.716146e-02;6.402278e-02;7.890725e-02
3.117247e-02;6.610494e-02;7.995568e-02;3.409633e-02;2.074244e-02;1.956004e-01;2.306587e-01;6.573265e-02;7.676338e-02;3.102329e-02;8.481541e-02;8.333427e-02
3.016708e-02;2.902293e-02;9.645642e-02;2.526853e-02;2.936566e-02;2.995365e-01;1.783179e-01;3.918105e-02;7.620595e-02;5.150285e-02;9.401140e-02;5.096363e-02
2.680727e-02;2.971727e-02;8.542539e-02;2.520334e-02;5.098013e-02;3.769428e-01;1.120485e-01;3.610326e-02;6.183570e-02;8.028401e-02;8.825336e-02;2.639899e-02
2.655921e-02;2.821427e-02;7.754001e-02;1.625639e-02;5.625168e-02;4.287543e-01;6.057792e-02;3.412930e-02;5.559249e-02;1.007466e-01;8.747240e-02;2.790539e-02
2.456379e-02;2.168702e-02;7.531425e-02;1.854211e-02;5.834357e-02;4.206094e-01;5.979293e-02;4.064760e-02;6.098714e-02;1.118166e-01;8.788113e-02;1.981446e-02
3.312153e-02;3.493370e-02;7.491273e-02;2.112016e-02;4.690005e-02;3.400341e-01;8.971433e-02;6.281900e-02;8.477344e-02;1.044699e-01;8.069322e-02;2.650774e-02
4.652847e-02;5.727952e-02;1.015557e-01;2.274727e-02;3.385134e-02;2.613001e-01;8.266481e-02;7.379378e-02;1.067942e-01;1.042989e-01;7.676227e-02;3.242371e-02
4.292019e-02;5.414611e-02;1.025525e-01;2.044571e-02;3.986641e-02;1.882517e-01;9.754612e-02;9.873652e-02;1.304697e-01;1.067240e-01;7.838850e-02;3.995258e-02
3.829823e-02;4.415044e-02;7.452948e-02;1.655131e-02;3.433880e-02;1.416037e-01;1.247448e-01;1.345861e-01;1.696299e-01;8.949990e-02;8.680910e-02;4.525834e-02
3.890046e-02;6.044376e-02;8.287103e-02;1.873946e-02;2.713399e-02;1.391811e-01;8.735070e-02;1.252202e-01;2.056457e-01;7.588567e-02;8.794868e-02;5.067925e-02
2.708939e-02;5.030694e-02;8.637682e-02;2.304517e-02;3.906564e-02;1.298239e-01;8.941009e-02;1.168041e-01;2.407221e-01;8.180983e-02;7.570750e-02;3.983843e-02
1.856669e-02;6.110300e-02;9.436469e-02;2.729714e-02;6.646328e-02;1.279458e-01;1.097567e-01;1.305580e-01;2.320840e-01;6.804696e-02;2.824565e-02;3.556800e-02
1.226113e-02;4.987006e-02;8.355825e-02;2.880654e-02;7.411557e-02;1.667525e-01;7.491850e-02;1.412746e-01;2.304263e-01;6.916784e-02;3.168946e-02;3.715928e-02
1.890683e-02;4.937409e-02;8.308834e-02;6.815470e-02;5.381024e-02;1.939058e-01;7.011957e-02;1.254805e-01;1.948615e-01;5.860124e-02;4.191070e-02;4.178656e-02
2.101653e-02;3.181438e-02;8.408216e-02;9.030832e-02;8.714588e-02;2.041130e-01;7.150151e-02;9.842019e-02;1.615679e-01;5.394403e-02;4.971012e-02;4.637600e-02
2.078892e-02;5.515315e-02;1.107733e-01;8.377949e-02;9.887443e-02;1.826844e-01;3.546048e-02;1.019775e-01;1.610912e-01;5.665126e-02;4.700479e-02;4.576096e-02
2.604508e-02;8.169559e-02;1.280469e-01;4.890641e-02;6.908853e-02;1.160716e-01;8.530830e-02;9.226700e-02;1.692122e-01;6.172154e-02;5.741892e-02;6.421795e-02
2.735832e-02;8.036294e-02;1.213982e-01;2.353674e-02;5.589546e-02;1.388028e-01;1.213367e-01;9.700944e-02;1.572168e-01;6.210215e-02;5.797048e-02;5.701015e-02
2.853345e-02;4.020608e-02;1.088340e-01;5.749808e-02;4.698508e-02;1.514778e-01;1.042010e-01;8.926599e-02;1.645755e-01;8.243978e-02;5.730921e-02;6.867400e-02
2.636494e-02;5.965127e-02;9.775627e-02;8.382244e-02;6.436085e-02;1.552914e-01;7.162058e-02;1.174961e-01;1.430866e-01;7.126785e-02;4.140768e-02;6.787406e-02
2.403428e-02;7.315432e-02;9.389175e-02;6.463388e-02;8.575868e-02;1.607299e-01;4.696017e-02;1.313000e-01;1.677635e-01;5.950731e-02;3.465418e-02;5.761205e-02
3.066356e-02;7.751370e-02;9.574845e-02;5.389597e-02;7.512141e-02;1.541183e-01;6.618306e-02;1.442239e-01;1.519881e-01;5.836355e-02;4.620874e-02;4.597123e-02
4.277137e-02;9.083445e-02;8.339563e-02;7.726415e-02;6.743424e-02;1.609610e-01;8.139177e-02;1.202557e-01;1.099339e-01;6.696754e-02;4.660507e-02;5.218519e-02
5.603985e-02;1.244664e-01;1.919695e-01;6.709752e-02;4.909090e-02;9.642214e-02;9.867891e-02;8.794624e-02;6.782754e-02;5.863732e-02;5.404059e-02;4.778311e-02
4.826118e-02;1.453720e-01;2.002997e-01;5.927534e-02;3.450345e-02;9.782292e-02;1.301589e-01;8.646490e-02;4.932993e-02;6.580687e-02;3.397160e-02;4.873320e-02
3.708877e-02;1.404863e-01;1.375475e-01;7.781525e-02;3.245646e-02;5.247009e-02;2.059428e-01;8.321995e-02;4.820348e-02;8.015415e-02;9.716026e-03;9.489922e-02
2.783493e-02;7.719404e-02;7.152415e-02;6.684640e-02;3.178584e-02;1.030173e-01;2.676976e-01;8.510752e-02;4.295019e-02;7.631817e-02;3.729565e-02;1.124282e-01
1.597289e-02;3.254411e-02;6.311144e-02;3.937813e-02;5.161522e-02;1.941592e-01;2.475290e-01;6.806535e-02;6.815097e-02;6.446344e-02;7.635078e-02;7.865943e-02
2.140988e-02;2.096174e-02;9.411073e-02;3.317642e-02;5.902275e-02;3.128941e-01;1.576893e-01;3.472831e-02;7.208181e-02;5.071810e-02;1.087387e-01;3.446800e-02
2.278951e-02;1.394204e-02;1.008406e-01;1.809892e-02;6.878846e-02;4.129220e-01;9.019069e-02;3.043249e-02;6.275734e-02;4.078088e-02;1.178684e-01;2.058869e-02
2.570116e-02;2.635183e-02;9.941941e-02;1.398033e-02;9.095506e-02;4.404393e-01;5.521603e-02;3.009772e-02;5.188097e-02;3.518737e-02;1.059567e-01;2.481407e-02
2.441075e-02;3.087304e-02;7.777303e-02;2.910010e-02;1.011025e-01;3.491069e-01;9.178565e-02;5.782271e-02;7.423548e-02;4.784981e-02;8.280169e-02;3.313829e-02
2.081577e-02;5.286019e-02;6.447658e-02;3.181216e-02;9.919845e-02;2.778572e-01;1.172511e-01;6.988247e-02;1.033024e-01;6.440260e-02;6.788273e-02;3.025837e-02
1.496087e-02;4.748308e-02;4.882796e-02;3.619079e-02;8.590341e-02;3.103867e-01;1.153015e-01;7.281443e-02;1.214883e-01;6.270471e-02;5.770435e-02;2.623385e-02
1.519807e-02;5.666950e-02;6.682627e-02;4.115309e-02;8.604211e-02;3.001662e-01;1.107062e-01;7.255433e-02;1.290538e-01;5.846230e-02;4.046712e-02;2.270090e-02
1.884498e-02;4.896046e-02;6.576528e-02;4.141004e-02;7.681125e-02;2.508054e-01;1.207183e-01;9.659866e-02;1.440237e-01;6.951023e-02;4.711522e-02;1.943647e-02
3.597692e-02;4.661229e-02;7.109360e-02;3.224216e-02;5.714949e-02;2.578713e-01;1.228418e-01;7.073814e-02;1.320222e-01;6.003375e-02;7.985294e-02;3.356539e-02
5.253254e-02;4.145569e-02;5.943350e-02;2.778424e-02;4.498685e-02;2.848843e-01;9.496916e-02;8.695386e-02;1.211283e-01;4.686520e-02;1.027100e-01;3.629637e-02
6.565187e-02;4.082361e-02;5.487946e-02;2.761120e-02;3.510650e-02;2.792393e-01;5.980616e-02;8.603766e-02;1.337273e-01;5.140407e-02;1.228011e-01;4.291188e-02
5.119130e-02;6.651154e-02;6.563593e-02;2.646878e-02;1.780162e-02;2.078788e-01;9.085869e-02;9.891751e-02;1.649036e-01;5.765318e-02;1.116451e-01;4.053405e-02
2.758918e-02;5.187922e-02;6.857251e-02;2.454033e-02;2.960873e-02;2.025200e-01;1.234691e-01;1.477245e-01;1.700989e-01;5.445902e-02;7.312544e-02;2.641312e-02
1.800034e-02;6.423315e-02;9.980190e-02;2.143836e-02;5.370836e-02;2.273167e-01;9.883387e-02;1.252511e-01;1.270703e-01;5.850803e-02;7.186913e-02;3.396870e-02
1.832434e-02;8.712856e-02;1.415372e-01;2.001448e-02;7.551216e-02;1.430861e-01;4.677781e-02;9.617806e-02;1.473749e-01;7.641222e-02;1.198200e-01;2.783422e-02
2.654255e-02;7.753101e-02;1.353714e-01;2.180701e-02;8.322050e-02;1.674597e-01;3.028616e-02;9.751786e-02;1.337038e-01;7.185741e-02;1.096230e-01;4.507960e-02
3.035174e-02;3.915432e-02;1.158479e-01;3.294365e-02;7.695747e-02;2.816804e-01;8.877666e-02;6.218842e-02;7.322469e-02;6.454998e-02;7.061975e-02;6.370501e-02
2.833914e-02;6.558895e-02;8.255852e-02;2.037064e-02;3.148960e-02;2.560196e-01;7.314166e-02;9.556255e-02;1.443170e-01;6.294631e-02;8.441406e-02;5.525197e-02
2.888391e-02;6.045968e-02;5.948424e-02;1.913202e-02;4.600556e-02;2.265812e-01;5.286833e-02;9.967142e-02;1.837144e-01;7.878352e-02;1.001995e-01;4.421622e-02
2.857072e-02;5.690281e-02;7.823057e-02;3.919545e-02;5.195640e-02;1.418158e-01;6.599184e-02;1.400081e-01;1.722661e-01;7.808312e-02;1.083635e-01;3.861564e-02
3.334616e-02;9.854590e-02;1.215649e-01;7.422210e-02;4.837907e-02;1.058820e-01;8.023407e-02;1.526757e-01;1.383116e-01;5.813770e-02;3.695766e-02;5.174313e-02
3.452316e-02;7.021939e-02;1.054259e-01;6.951316e-02;4.174727e-02;1.402333e-01;1.119445e-01;1.220670e-01;1.177674e-01;4.486109e-02;8.204618e-02;5.965166e-02
3.382164e-02;3.855443e-02;9.365171e-02;5.219775e-02;3.768829e-02;1.473487e-01;1.342119e-01;1.114472e-01;1.163421e-01;5.134786e-02;1.200721e-01;6.331629e-02
3.550144e-02;7.011843e-02;1.334191e-01;3.343184e-02;3.081854e-02;1.563087e-01;9.620290e-02;1.184113e-01;1.059218e-01;4.310117e-02;1.285412e-01;4.822366e-02
3.634385e-02;6.251384e-02;1.348357e-01;2.576656e-02;2.840024e-02;1.957521e-01;4.776586e-02;1.131871e-01;1.239802e-01;3.534049e-02;1.604858e-01;3.562818e-02
4.693806e-02;3.491060e-02;1.315305e-01;1.668538e-02;1.858089e-02;2.466313e-01;3.498795e-02;7.982483e-02;1.106918e-01;3.924651e-02;2.124291e-01;2.754306e-02
6.076315e-02;3.663294e-02;1.375492e-01;2.156758e-02;3.198593e-02;2.619577e-01;5.535035e-02;3.008137e-02;8.447331e-02;4.126106e-02;1.998252e-01;3.855224e-02
5.424487e-02;5.410828e-02;1.291698e-01;4.042923e-02;5.232085e-02;2.249400e-01;7.946771e-02;7.066369e-02;1.031495e-01;3.880255e-02;1.265797e-01;2.612391e-02
3.058357e-02;6.191673e-02;9.544596e-02;3.461550e-02;5.849192e-02;1.881411e-01;1.289679e-01;1.215178e-01;1.175976e-01;3.637472e-02;8.785407e-02;3.849314e-02
4.761544e-02;4.394596e-02;5.982982e-02;3.475495e-02;5.870089e-02;1.707827e-01;1.494886e-01;1.072056e-01;1.131092e-01;4.256453e-02;1.340444e-01;3.795798e-02
4.869480e-02;3.916923e-02;6.647820e-02;3.415971e-02;5.448090e-02;2.421431e-01;1.241733e-01;7.058690e-02;1.198698e-01;3.304647e-02;1.337283e-01;3.346921e-02
4.001176e-02;3.762099e-02;7.407116e-02;2.682345e-02;5.105454e-02;2.727838e-01;9.531295e-02;8.797853e-02;1.087038e-01;5.083783e-02;1.161613e-01;3.863996e-02
3.543963e-02;5.207916e-02;7.201037e-02;3.249490e-02;4.591801e-02;2.443342e-01;8.056810e-02;1.396701e-01;1.171055e-01;6.627526e-02;8.473921e-02;2.936562e-02
5.279284e-02;7.312665e-02;1.270865e-01;3.487109e-02;2.900113e-02;1.762628e-01;7.218175e-02;1.256333e-01;1.373399e-01;6.245363e-02;8.352612e-02;2.572426e-02
4.545214e-02;5.042209e-02;1.652293e-01;1.841562e-02;3.209344e-02;2.661789e-01;7.121359e-02;4.888101e-02;1.079731e-01;4.382162e-02;1.175554e-01;3.276387e-02
2.869851e-02;5.142327e-02;1.503730e-01;1.031018e-02;3.304552e-02;3.090934e-01;5.801966e-02;5.494168e-02;1.095275e-01;4.585963e-02;1.259394e-01;2.276827e-02
2.136260e-02;6.180885e-02;1.201586e-01;2.584584e-02;3.276165e-02;3.018173e-01;5.909628e-02;7.152303e-02;9.866488e-02;5.538075e-02;1.321262e-01;1.945400e-02
2.403781e-02;9.946091e-02;8.676343e-02;3.769206e-02;3.860405e-02;2.401518e-01;9.124278e-02;8.206105e-02;1.127521e-01;4.583652e-02;1.156725e-01;2.572512e-02
2.643068e-02;1.058537e-01;8.968683e-02;4.379901e-02;4.834649e-02;1.887769e-01;9.636673e-02;1.126413e-01;1.228360e-01;7.338112e-02;5.502893e-02;3.685221e-02
1.894869e-02;9.356596e-02;7.483347e-02;3.250216e-02;7.225870e-02;1.581936e-01;1.200416e-01;1.698985e-01;1.074772e-01;6.693440e-02;4.737735e-02;3.796839e-02
1.878324e-02;8.369251e-02;5.359280e-02;3.411884e-02;1.119105e-01;1.746446e-01;1.177920e-01;1.830969e-01;8.204287e-02;7.074048e-02;4.414804e-02;2.543717e-02
1.446367e-02;8.055416e-02;4.259561e-02;3.291482e-02;1.341131e-01;1.625042e-01;6.980598e-02;1.918395e-01;1.054301e-01;8.539150e-02;6.386201e-02;1.652536e-02
1.255144e-02;7.776464e-02;2.568375e-02;2.686272e-02;1.739369e-01;1.145799e-01;3.309560e-02;1.775759e-01;1.112697e-01;1.089655e-01;1.025511e-01;3.516293e-02
2.272888e-02;7.633160e-02;2.054040e-02;2.528416e-02;1.981066e-01;6.087768e-02;5.153047e-02;1.434275e-01;9.805529e-02;1.157566e-01;8.857895e-02;9.878190e-02
2.737040e-02;6.954486e-02;3.765658e-02;3.159951e-02;1.475671e-01;1.166647e-01;7.066715e-02;1.070299e-01;9.292426e-02;1.094091e-01;5.273321e-02;1.368332e-01
1.643221e-02;6.149594e-02;5.152540e-02;1.616806e-02;1.033974e-01;1.674767e-01;9.657034e-02;1.064365e-01;8.861832e-02;9.855986e-02;5.923278e-02;1.340866e-01
1.310259e-02;6.624798e-02;6.591158e-02;2.222192e-02;8.350721e-02;1.798958e-01;8.868786e-02;1.325856e-01;1.107216e-01;9.519064e-02;7.224828e-02;6.967898e-02
1.611988e-02;8.446875e-02;6.655306e-02;2.475446e-02;8.978031e-02;1.591521e-01;8.676872e-02;1.521773e-01;1.093622e-01;7.571073e-02;8.023096e-02;5.492157e-02
2.647714e-02;8.621997e-02;6.836230e-02;2.831546e-02;8.619221e-02;1.366484e-01;6.234767e-02;1.567451e-01;1.552153e-01;6.205840e-02;8.699896e-02;4.441917e-02
4.900892e-02;7.090162e-02;7.818498e-02;4.647562e-02;5.218225e-02;1.430257e-01;7.771208e-02;1.333727e-01;1.467704e-01;5.994590e-02;6.887051e-02;7.354923e-02
6.262135e-02;7.469473e-02;9.411704e-02;5.494231e-02;4.146669e-02;1.378909e-01;1.017232e-01;1.225598e-01;1.015415e-01;7.131504e-02;5.061898e-02;8.650854e-02
6.601682e-02;8.607500e-02;8.929490e-02;3.221956e-02;6.500296e-02;1.329198e-01;1.025702e-01;1.104899e-01;1.158141e-01;6.917546e-02;7.552772e-02;5.489360e-02
7.112199e-02;1.245271e-01;1.025108e-01;3.941711e-02;6.241500e-02;9.604932e-02;1.185370e-01;8.478145e-02;1.041251e-01;6.640331e-02;9.904016e-02;3.107175e-02
9.012172e-02;1.449897e-01;1.092909e-01;3.775574e-02;7.624941e-02;1.278972e-01;7.192228e-02;1.022817e-01;8.485168e-02;5.516620e-02;6.514614e-02;3.432735e-02
8.348552e-02;1.015378e-01;1.135529e-01;4.438113e-02;5.953724e-02;1.846414e-01;4.997190e-02;9.309346e-02;8.221450e-02;4.542665e-02;9.316224e-02;4.899531e-02
8.572625e-02;5.172957e-02;1.465789e-01;3.774603e-02;2.650276e-02;2.198031e-01;2.629415e-02;4.899815e-02;7.366316e-02;2.590806e-02;1.997386e-01;5.731133e-02
8.822563e-02;2.491718e-02;1.625492e-01;1.331879e-02;2.488844e-02;2.244261e-01;3.950264e-02;3.441037e-02;7.277471e-02;2.410749e-02;2.521433e-01;3.873621e-02
8.507233e-02;1.846181e-02;1.536872e-01;8.574489e-03;2.752909e-02;2.506239e-01;3.855635e-02;2.505203e-02;6.874590e-02;2.722055e-02;2.663937e-01;3.008272e-02
8.655135e-02;3.161126e-02;1.434404e-01;1.562930e-02;3.131816e-02;2.769356e-01;1.714566e-02;3.105144e-02;6.906977e-02;3.628093e-02;2.402185e-01;2.074761e-02
6.736758e-02;3.876814e-02;1.222030e-01;3.055275e-02;5.452137e-02;2.529110e-01;3.963328e-02;7.246342e-02;7.824305e-02;6.758443e-02;1.675157e-01;8.236220e-03
4.964842e-02;4.473802e-02;9.579781e-02;4.079272e-02;6.429031e-02;2.039998e-01;8.659939e-02;9.210102e-02;1.113016e-01;7.860239e-02;1.152757e-01;1.685274e-02
3.652202e-02;3.514260e-02;4.844963e-02;2.725573e-02;3.789131e-02;2.675475e-01;1.048873e-01;8.638591e-02;1.485689e-01;6.032611e-02;1.105819e-01;3.644107e-02
2.812498e-02;4.432983e-02;9.609257e-02;1.210127e-02;3.005149e-02;3.227114e-01;6.176812e-02;6.585211e-02;1.505868e-01;3.750658e-02;1.141411e-01;3.673372e-02
2.509354e-02;3.471050e-02;1.160305e-01;1.612896e-02;3.979846e-02;3.520264e-01;4.817079e-02;5.269409e-02;1.394901e-01;3.078610e-02;1.071891e-01;3.788140e-02
3.499731e-02;3.172129e-02;1.051118e-01;2.329387e-02;3.530050e-02;3.327471e-01;4.938872e-02;5.696997e-02;1.524417e-01;4.524910e-02;8.738677e-02;4.539198e-02
3.628273e-02;5.512485e-02;9.878942e-02;2.321915e-02;3.379008e-02;3.125593e-01;5.068029e-02;6.557147e-02;1.469208e-01;3.928284e-02;9.091762e-02;4.686141e-02
2.827155e-02;4.517849e-02;7.273598e-02;1.418705e-02;2.629913e-02;2.817787e-01;6.479958e-02;9.502748e-02;1.464258e-01;5.672131e-02;1.198107e-01;4.876423e-02
2.268119e-02;3.410278e-02;6.957852e-02;1.839161e-02;4.324494e-02;2.077100e-01;6.312745e-02;1.023893e-01;1.459513e-01;1.014771e-01;1.431041e-01;4.824168e-02
1.960046e-02;2.077611e-02;7.850138e-02;1.928939e-02;4.025874e-02;1.892542e-01;3.659727e-02;8.389995e-02;1.391055e-01;1.356719e-01;1.860344e-01;5.101069e-02
1.924854e-02;3.919197e-02;1.118124e-01;1.190243e-02;2.176912e-02;1.895108e-01;2.531610e-02;6.802248e-02;1.182804e-01;1.244709e-01;2.212396e-01;4.923520e-02
2.069699e-02;4.684494e-02;1.302837e-01;1.045465e-02;2.147190e-02;2.194453e-01;1.484967e-02;4.826476e-02;9.706824e-02;1.127912e-01;2.350659e-01;4.276265e-02
2.879735e-02;5.063577e-02;1.405777e-01;1.269131e-02;3.040533e-02;2.366610e-01;1.741267e-02;4.731142e-02;7.577056e-02;1.053536e-01;2.118029e-01;4.258027e-02
3.859736e-02;3.247843e-02;1.494731e-01;1.337102e-02;2.318382e-02;2.575800e-01;2.733279e-02;5.315674e-02;9.132183e-02;8.937266e-02;1.883731e-01;3.575907e-02
3.718564e-02;4.738021e-02;1.434615e-01;1.629607e-02;1.723456e-02;2.670779e-01;5.323252e-02;5.022079e-02;1.075629e-01;6.069336e-02;1.741707e-01;2.548393e-02
3.558873e-02;6.452019e-02;1.257722e-01;2.501453e-02;2.553806e-02;2.477502e-01;4.058565e-02;8.595962e-02;1.180724e-01;6.382425e-02;1.476168e-01;1.975736e-02
3.242445e-02;6.166911e-02;9.713250e-02;1.624896e-02;6.425600e-02;2.096906e-01;4.050162e-02;9.873444e-02;1.723343e-01;9.601679e-02;9.767409e-02;1.331717e-02
2.191054e-02;8.546669e-02;8.478153e-02;1.088038e-02;8.750404e-02;1.814164e-01;1.794881e-02;8.343949e-02;2.156089e-01;1.443227e-01;5.634946e-02;1.037102e-02
1.569991e-02;9.365133e-02;5.912765e-02;1.627070e-02;1.211453e-01;2.195279e-01;2.461119e-02;7.674348e-02;1.763002e-01;1.541999e-01;3.143452e-02;1.128793e-02
1.949202e-02;7.870360e-02;5.257982e-02;2.744262e-02;1.536949e-01;2.538257e-01;4.224348e-02;7.300994e-02;1.257771e-01;1.342617e-01;2.712047e-02;1.184850e-02
4.362320e-02;5.230803e-02;5.296342e-02;9.085829e-02;1.554885e-01;1.988102e-01;5.401286e-02;6.754009e-02;1.430950e-01;1.070126e-01;2.178811e-02;1.249962e-02
7.930103e-02;3.476420e-02;5.294178e-02;1.706637e-01;1.125701e-01;9.045878e-02;5.789837e-02;9.613849e-02;1.827027e-01;8.442208e-02;2.014628e-02;1.799258e-02
8.220930e-02;4.595647e-02;9.358120e-02;1.731888e-01;6.843197e-02;6.065673e-02;3.707479e-02;1.439726e-01;1.637247e-01;6.030516e-02;1.422074e-02;5.667752e-02
5.313313e-02;5.557226e-02;1.743861e-01;9.304741e-02;4.591995e-02;7.056728e-02;4.736575e-02;1.957503e-01;1.058626e-01;5.734886e-02;1.198021e-02;8.906621e-02
5.713809e-02;3.867759e-02;1.781480e-01;6.694404e-02;6.517285e-02;6.626091e-02;7.566093e-02;2.047029e-01;7.739460e-02;6.121758e-02;3.071585e-02;7.796662e-02
7.214104e-02;6.200652e-02;1.043238e-01;4.773645e-02;1.360530e-01;7.517219e-02;1.077265e-01;1.556197e-01;6.779533e-02;3.666066e-02;8.649419e-02;4.827075e-02
6.052741e-02;9.476063e-02;4.412960e-02;3.495801e-02;1.825860e-01;6.157339e-02;1.454460e-01;1.144072e-01;7.697716e-02;2.539596e-02;1.333373e-01;2.590141e-02
4.076074e-02;1.062682e-01;4.912525e-02;2.669632e-02;1.849197e-01;5.125752e-02;1.641210e-01;9.823051e-02;8.005682e-02;2.283124e-02;1.492147e-01;2.651795e-02
3.586327e-02;1.117575e-01;3.477423e-02;2.022832e-02;1.769262e-01;4.879365e-02;2.027166e-01;8.435117e-02;7.880847e-02;1.894544e-02;1.625718e-01;2.426324e-02
2.092490e-02;9.806792e-02;2.787935e-02;3.506127e-02;1.463009e-01;6.168991e-02;2.165950e-01;7.114930e-02;1.078169e-01;2.093202e-02;1.605278e-01;3.305478e-02
3.743893e-02;7.505189e-02;2.583561e-02;4.251837e-02;1.543864e-01;5.995576e-02;1.801706e-01;9.686417e-02;8.542266e-02;3.466630e-02;1.492714e-01;5.841782e-02
4.425274e-02;7.793868e-02;2.818354e-02;4.168474e-02;1.804663e-01;6.491127e-02;1.551735e-01;8.047759e-02;8.270105e-02;4.258255e-02;1.498839e-01;5.174420e-02
5.910698e-02;7.707963e-02;3.271652e-02;3.736312e-02;1.791992e-01;6.433930e-02;1.436681e-01;9.565835e-02;1.070096e-01;3.865765e-02;1.365995e-01;2.860190e-02
6.000025e-02;1.000893e-01;4.414982e-02;4.905208e-02;1.398779e-01;7.645719e-02;1.450952e-01;8.882033e-02;1.166297e-01;3.777095e-02;1.209490e-01;2.110832e-02
5.153524e-02;1.282440e-01;5.458264e-02;5.731557e-02;8.525706e-02;8.787707e-02;1.414710e-01;8.488590e-02;1.207132e-01;4.760626e-02;1.129448e-01;2.756728e-02
5.038713e-02;1.307972e-01;5.136213e-02;4.196630e-02;7.107326e-02;8.512618e-02;1.307984e-01;1.402655e-01;1.059772e-01;5.117774e-02;1.096189e-01;3.144995e-02
5.554102e-02;8.989233e-02;9.189154e-02;4.031809e-02;6.215006e-02;7.795542e-02;1.120592e-01;1.947202e-01;6.708787e-02;5.300585e-02;9.624156e-02;5.913685e-02
5.330630e-02;7.772917e-02;1.051988e-01;3.308893e-02;7.395431e-02;3.944985e-02;1.295747e-01;2.004078e-01;7.278687e-02;4.772776e-02;1.186338e-01;4.814167e-02
5.209622e-02;6.565869e-02;8.502033e-02;3.608891e-02;9.706791e-02;1.272907e-01;1.280916e-01;1.632421e-01;8.213580e-02;3.409825e-02;1.032600e-01;2.594956e-02
6.554720e-02;7.379396e-02;8.686204e-02;5.602678e-02;1.114368e-01;1.970421e-01;8.515916e-02;1.182992e-01;6.334392e-02;3.283349e-02;8.306172e-02;2.659362e-02
6.706833e-02;7.858792e-02;1.312644e-01;4.625195e-02;1.140419e-01;1.229291e-01;5.857374e-02;1.397806e-01;1.000602e-01;4.220619e-02;7.738391e-02;2.185170e-02
4.851197e-02;1.086864e-01;1.626917e-01;1.425765e-02;1.059919e-01;7.259069e-02;6.711543e-02;1.200848e-01;1.260004e-01;5.610261e-02;9.675471e-02;2.121164e-02
4.129015e-02;1.386312e-01;1.540401e-01;2.465406e-02;8.255681e-02;7.783331e-02;8.751807e-02;1.158316e-01;1.182602e-01;4.968962e-02;9.030206e-02;1.939276e-02
