3.722197e-02;1.642510e-01;1.661149e-01;3.606267e-02;3.841592e-02;1.019498e-01;9.223352e-02;1.389469e-01;1.161891e-01;4.481003e-02;3.488272e-02;2.892152e-02
4.125827e-02;1.813094e-01;1.915144e-01;3.254240e-02;2.719598e-02;6.725364e-02;1.007545e-01;1.384602e-01;1.343521e-01;3.236585e-02;2.879128e-02;2.420198e-02
3.458223e-02;1.398155e-01;1.713041e-01;2.842231e-02;2.234521e-02;1.054542e-01;8.654701e-02;1.845158e-01;1.305603e-01;4.390533e-02;3.419018e-02;1.835785e-02
3.419211e-02;8.950625e-02;1.514667e-01;3.831149e-02;3.898455e-02;1.047331e-01;8.382655e-02;1.921586e-01;1.276585e-01;6.297364e-02;5.133136e-02;2.485719e-02
6.270469e-02;1.182493e-01;1.707605e-01;5.429893e-02;4.076473e-02;1.235635e-01;7.084951e-02;1.311867e-01;9.647045e-02;4.139735e-02;6.354643e-02;2.620796e-02
6.691202e-02;9.294400e-02;1.432925e-01;5.808230e-02;4.389936e-02;8.750948e-02;4.886846e-02;1.955616e-01;1.132535e-01;5.493066e-02;5.357348e-02;4.117263e-02
3.936056e-02;5.450990e-02;1.385145e-01;8.096219e-02;6.120689e-02;1.380140e-01;4.647985e-02;1.220656e-01;6.856839e-02;6.210854e-02;1.336465e-01;5.456308e-02
3.580316e-02;4.673564e-02;1.480692e-01;1.117080e-01;5.902094e-02;1.197786e-01;3.864290e-02;8.414542e-02;4.781551e-02;6.414934e-02;2.011713e-01;4.295998e-02
4.144100e-02;5.258854e-02;1.617358e-01;1.250659e-01;4.854567e-02;6.210720e-02;2.273135e-02;5.907424e-02;3.712702e-02;6.438953e-02;3.061497e-01;1.904406e-02
3.787050e-02;4.735173e-02;1.587525e-01;1.003211e-01;3.324311e-02;2.083468e-02;2.824738e-02;4.163605e-02;2.835310e-02;6.179994e-02;4.207354e-01;2.085450e-02
1.909154e-02;3.228800e-02;1.460049e-01;1.285247e-01;1.193400e-02;2.623412e-02;4.218157e-02;4.524586e-02;2.011308e-02;9.866431e-02;4.114737e-01;1.824421e-02
1.143619e-02;3.258910e-02;1.559529e-01;1.309976e-01;1.915048e-02;3.213330e-02;6.673279e-02;4.072091e-02;1.780342e-02;1.673724e-01;3.071370e-01;1.797407e-02
1.316441e-02;4.702635e-02;1.596944e-01;1.618202e-01;4.595830e-02;4.032382e-02;5.071628e-02;6.757004e-02;1.844607e-02;1.386075e-01;2.476839e-01;8.988725e-03
9.766905e-03;3.366343e-02;1.057282e-01;1.962377e-01;7.958954e-02;6.428548e-02;3.400474e-02;1.448318e-01;1.285665e-02;5.588764e-02;2.288975e-01;3.425050e-02
6.313797e-03;2.418790e-02;6.298837e-02;2.285457e-01;7.464183e-02;5.084242e-02;2.140571e-02;1.978763e-01;1.188647e-02;1.784613e-02;2.469092e-01;5.655625e-02
2.755242e-03;1.947119e-02;5.349826e-02;2.412323e-01;4.249791e-02;3.302071e-02;1.538718e-02;1.996175e-01;1.228678e-02;2.554102e-02;3.053288e-01;4.936313e-02
7.970181e-03;1.925839e-02;8.305602e-02;2.331463e-01;2.297366e-02;1.722823e-02;2.474306e-02;1.619229e-01;1.681747e-02;6.350107e-02;3.201837e-01;2.919909e-02
1.038109e-02;2.892845e-02;1.423405e-01;1.919385e-01;1.039263e-02;1.089390e-02;3.781919e-02;8.296628e-02;2.106082e-02;1.249145e-01;3.230404e-01;1.532380e-02
1.026638e-02;4.310380e-02;1.833960e-01;1.339006e-01;1.072997e-02;1.629173e-02;3.860174e-02;4.748920e-02;2.146045e-02;1.833160e-01;2.916658e-01;1.977843e-02
1.262574e-02;8.441672e-02;2.064098e-01;1.032017e-01;1.614260e-02;3.192605e-02;4.258438e-02;3.315034e-02;4.024980e-02;2.242380e-01;1.858440e-01;1.921089e-02
2.441547e-02;1.441240e-01;1.934727e-01;8.145440e-02;2.443245e-02;3.884881e-02;6.870160e-02;5.072030e-02;5.019012e-02;2.130125e-01;8.633693e-02;2.429081e-02
3.650909e-02;1.786003e-01;1.531268e-01;6.418102e-02;3.645904e-02;4.082943e-02;7.916606e-02;7.274895e-02;4.091684e-02;1.461441e-01;1.204630e-01;3.085534e-02
3.694743e-02;1.480087e-01;1.561378e-01;2.997378e-02;5.377542e-02;8.005623e-02;4.466515e-02;7.750963e-02;2.063714e-02;1.075804e-01;2.056447e-01;3.906376e-02
4.059462e-02;1.099280e-01;1.448663e-01;1.361102e-01;4.033605e-02;8.144575e-02;4.943165e-02;7.543841e-02;5.189211e-02;1.414871e-01;1.121615e-01;1.630824e-02
5.690944e-02;1.561254e-01;2.179501e-01;1.499410e-01;2.695352e-02;3.620344e-02;5.642551e-02;5.649172e-02;4.627961e-02;6.971031e-02;9.940485e-02;2.760513e-02
6.395038e-02;2.383115e-01;2.311997e-01;8.722597e-02;3.985558e-02;5.613425e-02;4.334963e-02;7.490047e-02;3.144358e-02;2.720064e-02;5.979737e-02;4.663096e-02
4.323338e-02;2.305508e-01;3.168461e-01;5.832934e-02;3.070084e-02;4.703829e-02;4.481470e-02;6.231060e-02;2.728926e-02;3.900523e-02;4.210048e-02;5.778101e-02
4.189225e-02;1.874034e-01;3.726940e-01;6.345328e-02;2.703695e-02;4.132205e-02;3.841447e-02;3.896819e-02;2.763801e-02;6.225890e-02;6.551244e-02;3.340603e-02
4.927036e-02;1.869549e-01;4.001594e-01;7.228674e-02;3.061240e-02;2.634120e-02;3.248320e-02;4.378218e-02;2.089795e-02;6.127557e-02;6.667461e-02;9.261518e-03
3.713403e-02;2.322194e-01;3.797832e-01;7.492891e-02;2.714827e-02;3.535473e-02;3.040495e-02;6.334618e-02;2.550418e-02;3.593522e-02;4.446958e-02;1.377138e-02
3.295106e-02;2.394714e-01;3.115094e-01;7.490220e-02;2.875816e-02;3.814881e-02;3.031281e-02;6.170970e-02;3.258518e-02;4.133164e-02;9.100222e-02;1.731741e-02
4.820920e-02;2.025368e-01;2.622645e-01;5.672116e-02;2.959909e-02;3.232763e-02;2.731912e-02;7.103080e-02;3.673426e-02;4.911163e-02;1.624808e-01;2.166504e-02
4.919880e-02;1.620030e-01;2.260298e-01;6.283809e-02;3.363123e-02;3.505648e-02;2.912641e-02;8.605640e-02;3.032786e-02;5.516174e-02;1.994676e-01;3.110262e-02
2.889678e-02;1.080558e-01;2.270385e-01;1.201846e-01;3.162371e-02;3.351269e-02;2.657144e-02;8.369760e-02;3.941927e-02;4.935858e-02;2.234492e-01;2.819172e-02
2.857202e-02;1.285963e-01;2.341865e-01;1.530163e-01;2.371003e-02;2.885717e-02;3.083326e-02;5.346295e-02;3.934848e-02;7.443710e-02;1.778722e-01;2.710778e-02
3.041048e-02;1.775541e-01;2.591417e-01;1.377100e-01;1.977801e-02;3.684860e-02;4.111628e-02;4.043482e-02;3.167554e-02;1.214496e-01;7.972467e-02;2.415629e-02
3.000088e-02;2.103982e-01;2.513593e-01;8.660053e-02;2.566522e-02;3.978979e-02;4.833278e-02;4.453775e-02;3.506703e-02;9.378539e-02;1.150066e-01;1.945650e-02
3.026162e-02;1.609038e-01;3.785672e-01;7.340167e-02;3.196593e-02;4.700823e-02;4.484664e-02;3.282471e-02;3.194983e-02;4.140280e-02;1.098101e-01;1.705748e-02
3.177562e-02;1.504403e-01;4.204172e-01;9.053671e-02;3.507873e-02;4.950102e-02;3.932564e-02;2.508978e-02;2.524483e-02;3.805554e-02;8.256291e-02;1.197175e-02
3.189088e-02;1.747205e-01;4.097009e-01;8.931050e-02;3.423319e-02;5.719560e-02;3.593906e-02;2.473046e-02;2.070826e-02;5.860451e-02;5.027453e-02;1.269159e-02
2.807665e-02;2.091657e-01;3.981537e-01;6.801967e-02;2.916632e-02;5.379810e-02;3.123159e-02;3.664082e-02;2.017740e-02;7.038672e-02;4.122454e-02;1.395883e-02
1.541363e-02;2.262678e-01;4.172821e-01;3.777972e-02;2.321623e-02;4.430704e-02;2.019075e-02;3.749800e-02;1.838969e-02;6.771898e-02;8.085589e-02;1.108008e-02
1.918955e-02;2.490721e-01;4.593983e-01;3.666137e-02;1.779885e-02;1.884818e-02;1.790068e-02;2.321244e-02;1.245876e-02;4.401978e-02;8.737118e-02;1.406885e-02
2.316742e-02;2.620705e-01;4.765458e-01;4.004824e-02;1.531000e-02;1.456632e-02;2.500073e-02;1.865824e-02;9.530384e-03;4.612219e-02;5.762384e-02;1.135632e-02
1.891198e-02;2.413658e-01;4.684435e-01;4.323908e-02;1.782925e-02;2.269589e-02;3.162582e-02;3.449564e-02;9.726433e-03;4.811085e-02;5.570102e-02;7.854765e-03
2.657045e-02;2.250616e-01;4.510390e-01;4.110521e-02;1.584750e-02;4.288916e-02;3.408000e-02;4.873779e-02;1.343332e-02;3.398157e-02;5.935386e-02;7.900571e-03
3.122225e-02;1.498136e-01;3.008298e-01;3.436345e-02;3.595922e-02;1.152587e-01;7.525967e-02;7.354261e-02;5.792593e-02;7.314908e-02;3.386814e-02;1.880758e-02
2.066696e-02;1.341213e-01;1.912853e-01;3.297693e-02;3.398694e-02;1.524480e-01;7.203151e-02;7.871724e-02;1.049716e-01;1.224902e-01;2.298937e-02;3.331470e-02
1.400250e-02;1.598294e-01;1.552755e-01;2.586521e-02;2.211412e-02;1.673305e-01;3.341697e-02;4.750881e-02;1.572002e-01;1.506436e-01;1.969102e-02;4.712222e-02
8.877666e-03;1.913053e-01;1.174644e-01;2.211871e-02;1.215325e-02;2.064801e-01;1.342181e-02;2.049083e-02;2.410499e-01;1.033907e-01;9.960272e-03;5.328693e-02
7.806787e-03;2.055786e-01;8.691864e-02;2.399277e-02;1.034526e-02;2.336590e-01;1.053899e-02;1.305134e-02;3.078995e-01;3.516546e-02;8.246483e-03;5.679715e-02
9.247974e-03;2.121646e-01;7.832425e-02;2.099692e-02;8.670699e-03;2.332702e-01;5.509023e-03;1.134029e-02;3.311635e-01;2.333510e-02;8.674703e-03;5.730266e-02
7.537313e-03;2.188122e-01;6.864467e-02;2.343652e-02;7.440053e-03;2.336471e-01;7.922334e-03;9.178760e-03;3.325218e-01;1.774180e-02;1.402342e-02;5.909409e-02
8.304397e-03;2.169527e-01;6.232812e-02;2.680760e-02;9.025855e-03;2.295221e-01;7.811547e-03;1.352434e-02;3.227687e-01;2.767568e-02;1.216816e-02;6.311082e-02
9.001276e-03;2.207755e-01;6.104465e-02;2.110885e-02;8.048749e-03;2.251509e-01;7.460444e-03;8.420201e-03;3.074130e-01;3.352971e-02;1.670115e-02;8.134566e-02
8.981186e-03;2.294430e-01;8.919353e-02;1.351657e-02;9.244783e-03;1.943910e-01;8.310490e-03;1.710176e-02;2.679516e-01;3.894439e-02;1.698717e-02;1.059346e-01
8.011111e-03;2.490759e-01;1.255277e-01;1.366846e-02;6.393805e-03;1.522939e-01;9.317224e-03;1.983846e-02;2.192933e-01;6.010654e-02;1.680171e-02;1.196720e-01
1.210845e-02;2.760502e-01;1.485572e-01;1.219927e-02;1.008228e-02;1.141460e-01;1.569484e-02;2.618071e-02;1.947783e-01;5.384948e-02;2.372813e-02;1.126252e-01
2.151177e-02;2.860073e-01;1.691131e-01;1.715680e-02;1.340201e-02;8.689876e-02;2.126114e-02;4.334126e-02;1.742659e-01;5.721593e-02;2.622263e-02;8.360347e-02
2.762687e-02;2.665277e-01;2.395270e-01;2.266398e-02;1.524748e-02;5.219146e-02;3.190113e-02;4.346213e-02;1.396333e-01;8.611174e-02;2.774369e-02;4.736354e-02
3.593287e-02;2.515745e-01;2.694371e-01;1.801408e-02;1.562775e-02;3.976524e-02;3.936509e-02;4.750313e-02;1.143100e-01;1.161825e-01;2.959844e-02;2.268928e-02
5.514755e-02;1.591046e-01;1.472816e-01;5.291784e-02;3.545146e-02;9.045719e-02;6.067292e-02;1.051513e-01;1.044250e-01;4.074464e-02;6.512072e-02;8.352517e-02
3.697538e-02;9.616509e-02;1.039610e-01;6.596498e-02;4.741358e-02;1.470575e-01;7.100026e-02;1.308657e-01;7.757770e-02;5.942855e-02;7.355802e-02;9.003223e-02
2.431034e-02;7.846320e-02;9.816564e-02;7.081221e-02;3.681860e-02;1.669794e-01;8.936386e-02;1.292737e-01;9.278732e-02;6.204891e-02;6.543466e-02;8.554209e-02
2.405788e-02;5.311519e-02;7.786603e-02;7.010930e-02;3.436499e-02;1.745443e-01;1.039641e-01;1.190324e-01;1.379843e-01;7.177689e-02;4.455662e-02;8.862800e-02
4.468577e-02;1.396698e-01;7.931225e-02;4.087152e-02;3.724100e-02;1.309733e-01;6.792305e-02;1.248191e-01;1.711763e-01;4.612836e-02;4.423908e-02;7.296039e-02
4.014119e-02;1.644968e-01;1.354106e-01;2.569249e-02;1.859096e-02;1.463780e-01;3.078798e-02;9.096815e-02;1.749493e-01;4.095167e-02;5.002456e-02;8.160831e-02
2.776120e-02;1.300017e-01;1.183080e-01;3.055852e-02;2.599059e-02;1.905091e-01;1.680725e-02;8.119102e-02;1.806535e-01;6.008398e-02;3.761707e-02;1.005180e-01
3.790490e-02;1.052508e-01;1.124113e-01;6.063392e-02;4.680238e-02;2.289425e-01;5.326660e-02;1.258280e-01;1.321160e-01;4.279761e-02;1.425153e-02;3.979452e-02
3.673411e-02;9.659106e-02;1.385235e-01;6.068360e-02;3.924568e-02;2.316419e-01;7.022845e-02;1.325267e-01;1.136701e-01;3.141818e-02;2.805723e-02;2.067958e-02
3.403692e-02;7.735711e-02;1.285249e-01;4.558609e-02;2.456472e-02;2.468980e-01;6.581645e-02;1.341303e-01;1.639475e-01;2.357739e-02;3.317648e-02;2.238415e-02
2.315631e-02;1.056150e-01;1.257343e-01;3.370911e-02;1.633913e-02;2.247555e-01;2.527712e-02;7.406299e-02;2.319100e-01;6.351234e-02;2.036906e-02;5.555914e-02
2.881358e-02;1.465347e-01;1.663414e-01;3.359857e-02;2.238900e-02;1.749184e-01;1.456024e-02;2.884340e-02;2.363874e-01;5.710414e-02;2.017065e-02;7.033861e-02
2.486796e-02;1.552029e-01;1.976900e-01;5.538352e-02;4.104088e-02;1.167160e-01;3.647823e-02;4.610816e-02;1.992291e-01;6.105270e-02;3.474864e-02;3.148197e-02
4.115754e-02;1.188854e-01;1.501440e-01;4.760973e-02;4.489325e-02;1.112071e-01;5.412192e-02;8.696421e-02;1.558412e-01;8.963958e-02;6.727214e-02;3.226389e-02
4.489214e-02;6.695263e-02;1.119031e-01;7.912125e-02;6.073758e-02;1.222578e-01;8.335266e-02;9.858696e-02;9.249029e-02;6.781863e-02;1.190290e-01;5.285799e-02
3.323944e-02;5.719809e-02;1.621564e-01;1.099904e-01;5.342374e-02;8.849344e-02;9.637649e-02;6.574248e-02;5.365836e-02;9.104075e-02;1.435955e-01;4.508501e-02
2.620229e-02;4.882921e-02;2.245323e-01;1.100147e-01;3.150994e-02;5.174209e-02;1.085328e-01;4.587627e-02;3.871841e-02;1.519760e-01;1.369111e-01;2.515488e-02
2.201008e-02;4.551118e-02;2.760941e-01;6.013111e-02;1.662661e-02;2.735481e-02;1.445899e-01;3.348193e-02;2.595703e-02;2.536083e-01;8.399926e-02;1.063571e-02
1.342159e-02;5.437211e-02;2.874158e-01;1.828333e-02;1.336847e-02;1.801872e-02;1.581445e-01;1.663047e-02;2.055832e-02;3.552373e-01;3.664907e-02;7.900317e-03
7.346184e-03;7.826718e-02;2.859072e-01;1.016658e-02;1.291854e-02;2.009063e-02;1.190577e-01;8.534526e-03;3.462183e-02;3.953196e-01;2.016979e-02;7.600269e-03
1.141438e-02;1.117151e-01;3.000242e-01;6.939799e-03;1.456046e-02;2.798962e-02;6.552066e-02;1.058010e-02;6.721785e-02;3.710895e-01;6.683310e-03;6.265058e-03
1.616455e-02;1.543588e-01;3.121182e-01;1.662113e-02;1.453555e-02;4.197203e-02;4.797854e-02;1.318083e-02;8.875132e-02;2.767486e-01;1.079412e-02;6.776369e-03
2.058043e-02;1.807870e-01;2.958621e-01;3.727617e-02;2.353508e-02;7.081183e-02;3.251254e-02;3.047921e-02;9.293310e-02;1.660110e-01;3.650703e-02;1.270454e-02
2.107913e-02;1.638691e-01;2.320005e-01;3.551683e-02;2.532918e-02;9.436178e-02;6.586599e-02;4.553159e-02;1.057129e-01;1.392138e-01;4.137022e-02;3.014902e-02
1.158212e-02;1.575016e-01;2.667473e-01;3.282950e-02;1.837190e-02;6.511427e-02;8.816932e-02;3.991856e-02;9.505010e-02;1.634935e-01;3.245487e-02;2.876686e-02
2.651608e-02;1.827097e-01;2.857889e-01;4.361139e-02;2.230061e-02;8.254903e-02;8.775230e-02;3.152994e-02;6.162192e-02;1.029577e-01;4.716597e-02;2.549644e-02
3.132745e-02;1.769951e-01;2.381195e-01;4.415290e-02;3.069075e-02;8.153950e-02;6.496032e-02;4.249980e-02;8.822866e-02;1.232114e-01;5.102664e-02;2.724794e-02
3.043020e-02;1.499654e-01;2.383462e-01;2.666972e-02;3.193951e-02;9.176663e-02;2.488684e-02;6.340234e-02;1.064120e-01;1.608737e-01;4.152177e-02;3.378563e-02
4.330151e-02;1.629757e-01;2.619156e-01;3.158200e-02;3.031565e-02;9.420507e-02;5.332609e-02;7.596773e-02;7.597581e-02;1.197579e-01;2.238722e-02;2.828969e-02
5.363064e-02;1.740353e-01;3.190931e-01;4.548628e-02;2.218851e-02;6.309467e-02;5.987277e-02;9.164510e-02;6.209558e-02;6.808793e-02;1.581653e-02;2.495354e-02
5.662503e-02;1.881130e-01;3.771203e-01;5.187388e-02;1.318418e-02;4.472123e-02;4.895327e-02;8.084726e-02;5.658244e-02;5.137360e-02;1.132589e-02;1.927996e-02
5.080053e-02;1.872352e-01;4.250931e-01;4.741088e-02;1.778184e-02;5.914039e-02;4.112196e-02;4.111638e-02;4.206137e-02;6.088213e-02;1.701272e-02;1.034347e-02
4.044940e-02;2.165764e-01;4.628536e-01;2.658489e-02;1.268410e-02;2.739275e-02;4.593855e-02;3.545343e-02;3.466096e-02;6.536883e-02;2.541671e-02;6.620459e-03
2.360441e-02;2.611017e-01;4.192952e-01;3.109594e-02;1.310354e-02;4.173192e-02;3.722338e-02;3.336645e-02;4.388150e-02;6.281982e-02;1.695735e-02;1.581881e-02
2.490957e-02;2.909627e-01;3.501758e-01;3.869218e-02;6.878234e-03;5.158143e-02;4.007502e-02;2.358396e-02;6.278666e-02;8.642368e-02;6.448457e-03;1.748234e-02
3.122328e-02;3.140474e-01;3.221073e-01;4.321225e-02;6.580019e-03;4.921140e-02;2.829564e-02;2.613324e-02;6.454504e-02;7.237798e-02;2.175839e-02;2.050807e-02
2.619823e-02;2.863173e-01;4.284989e-01;2.891292e-02;8.066208e-03;3.463408e-02;1.670713e-02;2.170076e-02;7.006559e-02;2.659739e-02;3.316797e-02;1.913356e-02
2.407428e-02;2.270328e-01;4.977376e-01;2.603138e-02;1.401267e-02;2.171499e-02;2.280589e-02;1.536398e-02;6.109662e-02;4.816245e-02;3.233471e-02;9.632731e-03
3.186869e-02;1.797905e-01;5.172463e-01;5.384000e-02;1.781734e-02;3.402855e-02;3.023261e-02;1.700697e-02;4.316901e-02;3.639813e-02;2.925779e-02;9.344133e-03
3.320741e-02;1.619482e-01;4.966390e-01;8.328079e-02;2.108552e-02;4.421673e-02;2.822405e-02;2.234697e-02;4.547141e-02;3.476981e-02;2.061648e-02;8.193686e-03
2.524345e-02;1.488782e-01;4.415364e-01;9.834220e-02;2.059341e-02;7.758651e-02;3.014559e-02;2.975531e-02;4.314093e-02;4.832983e-02;2.629076e-02;1.015742e-02
3.967979e-02;1.788929e-01;3.350102e-01;7.925595e-02;1.972805e-02;1.046461e-01;3.333750e-02;4.394023e-02;4.417805e-02;4.653144e-02;5.008735e-02;2.471235e-02
6.163804e-02;1.741304e-01;2.164241e-01;7.926591e-02;2.830293e-02;1.186948e-01;5.591404e-02;4.867864e-02;4.450952e-02;6.062535e-02;6.939369e-02;4.242258e-02
7.405436e-02;1.856063e-01;2.071460e-01;6.538424e-02;1.466165e-02;9.170648e-02;1.006734e-01;4.590100e-02;3.631182e-02;9.513736e-02;4.783215e-02;3.558526e-02
5.495206e-02;1.879129e-01;2.432836e-01;4.119722e-02;2.583485e-02;7.748915e-02;7.956897e-02;6.021865e-02;3.673111e-02;1.471348e-01;1.455399e-02;3.112266e-02
3.279635e-02;1.567224e-01;1.993254e-01;5.691748e-02;2.396380e-02;7.855738e-02;8.276867e-02;6.944787e-02;6.738354e-02;1.270378e-01;5.663936e-02;4.843997e-02
3.645079e-02;1.627479e-01;1.667124e-01;5.623512e-02;2.722207e-02;6.445106e-02;1.057499e-01;9.035999e-02;9.971848e-02;6.704378e-02;8.142586e-02;4.188272e-02
5.668055e-02;1.699457e-01;1.292931e-01;7.527354e-02;4.679667e-02;8.184259e-02;7.862573e-02;8.932731e-02;1.039277e-01;6.066818e-02;8.010647e-02;2.751241e-02
6.900904e-02;1.707387e-01;1.196690e-01;7.676487e-02;4.822328e-02;8.751699e-02;6.599600e-02;7.431090e-02;9.538212e-02;6.613193e-02;7.497870e-02;5.127852e-02
5.396720e-02;2.170310e-01;1.480842e-01;6.319734e-02;5.063390e-02;9.889841e-02;8.046778e-02;6.322680e-02;6.115296e-02;3.244308e-02;6.358103e-02;6.731626e-02
4.803028e-02;1.561562e-01;2.524560e-01;1.098497e-01;5.237625e-02;9.867749e-02;4.125061e-02;4.747243e-02;1.263298e-02;3.788236e-02;1.186151e-01;2.460059e-02
4.508036e-02;1.113738e-01;2.590814e-01;1.613318e-01;4.242805e-02;8.476493e-02;2.145435e-02;3.667558e-02;9.892587e-03;3.572636e-02;1.788024e-01;1.338838e-02
3.093031e-02;8.720145e-02;2.148062e-01;2.275441e-01;3.889376e-02;7.385100e-02;9.072934e-03;4.427847e-02;1.261739e-02;1.935944e-02;2.374550e-01;3.989910e-03
1.716218e-02;8.144873e-02;1.682258e-01;2.733394e-01;3.828886e-02;7.674635e-02;9.725629e-03;4.286918e-02;1.418139e-02;1.380335e-02;2.599858e-01;4.223304e-03
7.905324e-03;6.861207e-02;2.100000e-01;2.785811e-01;2.862054e-02;7.967360e-02;1.480203e-02;3.927582e-02;1.300872e-02;2.530384e-02;2.317099e-01;2.507060e-03
1.251467e-02;7.655082e-02;2.785261e-01;2.426518e-01;3.868343e-02;8.810230e-02;2.384591e-02;3.434528e-02;1.327182e-02;1.436130e-02;1.717937e-01;5.352925e-03
3.304394e-02;1.007994e-01;3.600129e-01;1.822173e-01;4.359000e-02;6.055399e-02;3.667033e-02;2.201058e-02;1.991496e-02;2.298183e-02;1.119692e-01;6.235546e-03
4.087694e-02;1.543788e-01;4.371629e-01;9.200615e-02;1.865562e-02;6.032862e-02;3.680070e-02;1.806642e-02;2.726630e-02;5.552084e-02;4.947007e-02;9.466653e-03
4.087599e-02;1.810031e-01;4.900171e-01;3.830829e-02;1.387963e-02;5.131000e-02;3.781555e-02;2.708952e-02;2.911610e-02;4.403592e-02;3.456745e-02;1.198134e-02
3.612091e-02;1.811985e-01;5.430402e-01;2.975487e-02;1.757211e-02;4.495224e-02;3.827488e-02;1.862023e-02;2.398118e-02;2.933366e-02;2.613758e-02;1.101359e-02
3.391497e-02;1.586420e-01;5.312432e-01;5.795838e-02;2.173794e-02;5.181375e-02;3.418088e-02;2.153366e-02;2.304968e-02;4.431665e-02;1.572873e-02;5.880166e-03
3.757653e-02;1.326775e-01;4.807208e-01;1.105485e-01;2.637852e-02;6.931140e-02;3.334170e-02;1.448781e-02;1.968988e-02;4.471263e-02;2.783285e-02;2.721886e-03
3.550630e-02;1.182132e-01;4.816016e-01;1.235768e-01;3.136673e-02;4.456515e-02;4.316486e-02;1.151870e-02;2.397535e-02;4.816342e-02;3.680355e-02;1.544391e-03
3.095922e-02;1.282993e-01;4.911686e-01;9.063596e-02;3.400096e-02;2.114959e-02;6.033395e-02;1.361152e-02;1.879537e-02;7.928005e-02;2.870110e-02;3.064380e-03
2.162798e-02;1.346697e-01;4.780783e-01;5.958408e-02;6.076439e-02;2.249159e-02;7.704236e-02;9.552490e-03;1.135274e-02;1.091096e-01;1.278562e-02;2.941187e-03
1.406933e-02;1.421085e-01;4.783498e-01;2.795683e-02;7.516107e-02;1.186462e-02;7.378183e-02;1.313586e-02;1.152593e-02;1.364654e-01;1.308003e-02;2.500806e-03
1.292063e-02;1.644079e-01;4.748671e-01;2.769778e-02;6.865423e-02;1.266056e-02;4.636161e-02;1.250314e-02;1.448248e-02;1.487111e-01;1.432474e-02;2.408707e-03
1.085761e-02;1.951056e-01;4.784377e-01;2.724395e-02;5.290481e-02;1.215750e-02;3.063375e-02;1.606563e-02;1.258351e-02;1.423036e-01;1.690158e-02;4.804751e-03
1.454871e-02;2.399264e-01;4.572093e-01;2.302890e-02;3.323741e-02;1.682133e-02;1.859454e-02;2.966183e-02;2.507257e-02;1.103947e-01;1.750825e-02;1.399610e-02
2.452570e-02;2.904156e-01;3.938937e-01;2.946255e-02;1.274618e-02;3.162279e-02;1.165336e-02;4.481200e-02;4.585884e-02;6.754175e-02;1.877717e-02;2.869033e-02
4.355105e-02;3.049426e-01;3.355407e-01;3.741244e-02;1.719843e-02;3.784448e-02;1.090333e-02;5.411063e-02;5.727937e-02;4.165643e-02;1.927238e-02;4.028823e-02
7.021610e-02;2.867047e-01;2.721959e-01;4.113095e-02;3.409092e-02;3.938011e-02;2.964611e-02;6.183271e-02;5.206446e-02;4.614626e-02;2.797808e-02;3.861362e-02
5.338996e-02;2.820077e-01;2.450911e-01;3.446805e-02;3.947058e-02;7.040573e-02;3.615196e-02;3.764785e-02;7.842930e-02;4.604411e-02;2.979379e-02;4.709989e-02
3.356194e-02;3.032049e-01;2.019126e-01;3.311815e-02;2.078042e-02;8.711632e-02;2.556528e-02;2.218554e-02;1.056248e-01;5.995604e-02;1.940541e-02;8.756867e-02
1.886193e-02;3.223970e-01;2.297278e-01;1.884318e-02;1.027504e-02;7.268471e-02;1.535362e-02;1.383254e-02;1.179545e-01;6.118188e-02;7.844865e-03;1.110430e-01
1.564971e-02;3.377067e-01;2.360803e-01;1.786936e-02;6.717603e-03;6.296983e-02;7.045700e-03;1.306318e-02;1.332801e-01;5.398652e-02;8.741720e-03;1.068893e-01
2.409154e-02;3.319210e-01;2.524928e-01;1.743883e-02;7.000602e-03;5.926439e-02;4.776260e-03;1.358823e-02;1.426912e-01;6.123290e-02;8.306190e-03;7.719613e-02
3.607783e-02;3.022282e-01;2.745596e-01;1.210081e-02;1.092423e-02;8.919993e-02;3.958511e-03;3.652213e-02;1.263094e-01;5.001784e-02;1.035616e-02;4.774550e-02
4.561558e-02;2.704942e-01;2.618156e-01;1.441327e-02;1.179544e-02;1.258083e-01;1.243346e-02;6.653418e-02;9.994553e-02;5.123603e-02;1.080778e-02;2.910068e-02
3.849960e-02;3.055910e-01;2.592970e-01;1.627101e-02;1.648855e-02;1.256630e-01;1.223341e-02;6.762932e-02;6.030626e-02;4.792732e-02;2.244231e-02;2.765113e-02
3.264149e-02;3.175247e-01;3.159245e-01;2.060112e-02;1.828477e-02;8.670686e-02;1.222962e-02;4.650551e-02;6.141195e-02;3.685584e-02;2.292720e-02;2.838638e-02
3.177524e-02;3.230371e-01;3.608426e-01;2.792147e-02;1.076416e-02;7.193311e-02;1.242149e-02;3.627097e-02;5.359303e-02;2.820755e-02;1.300769e-02;3.022561e-02
3.318402e-02;3.457865e-01;4.108246e-01;2.842183e-02;6.006651e-03;5.621122e-02;1.499115e-02;2.352318e-02;3.585177e-02;1.410222e-02;8.671708e-03;2.242520e-02
2.966761e-02;3.576647e-01;4.096518e-01;2.601186e-02;1.214146e-02;3.453881e-02;2.516232e-02;3.366090e-02;3.068030e-02;1.132429e-02;1.196514e-02;1.753075e-02
3.042362e-02;3.432700e-01;3.774059e-01;2.077816e-02;2.617310e-02;4.503816e-02;2.713929e-02;5.514211e-02;3.271532e-02;1.577256e-02;9.083397e-03;1.705835e-02
3.067562e-02;3.626377e-01;3.897314e-01;1.716064e-02;2.396514e-02;3.502354e-02;1.738281e-02;5.764277e-02;2.522531e-02;2.006185e-02;8.768290e-03;1.172494e-02
2.475751e-02;3.725347e-01;4.200154e-01;1.663372e-02;9.941490e-03;3.406139e-02;1.457532e-02;4.958320e-02;2.669608e-02;1.311004e-02;7.601872e-03;1.048919e-02
2.337101e-02;3.683588e-01;4.217734e-01;2.176131e-02;3.207452e-03;5.371265e-02;1.167596e-02;3.541030e-02;3.395442e-02;1.045105e-02;4.669219e-03;1.165436e-02
2.659857e-02;3.955659e-01;3.873325e-01;3.109214e-02;6.461647e-03;5.419506e-02;6.719184e-03;2.142782e-02;3.555833e-02;1.805688e-02;6.294363e-03;1.069760e-02
3.750474e-02;4.277359e-01;3.414423e-01;3.275821e-02;5.036081e-03;3.736881e-02;8.816148e-03;2.615391e-02;3.531833e-02;2.570527e-02;1.192263e-02;1.023766e-02
4.540117e-02;4.387735e-01;3.177828e-01;2.286693e-02;5.310154e-03;3.690827e-02;1.076545e-02;3.856013e-02;3.709792e-02;1.034491e-02;2.430394e-02;1.188482e-02
3.834348e-02;4.020903e-01;3.593268e-01;2.696123e-02;8.817757e-03;3.201517e-02;8.332103e-03;3.483301e-02;4.122277e-02;1.157965e-02;1.884322e-02;1.763451e-02
3.938200e-02;3.815820e-01;3.653111e-01;2.766393e-02;6.943525e-03;5.159746e-02;1.374242e-02;2.891336e-02;3.657647e-02;1.718827e-02;1.379110e-02;1.730842e-02
5.069340e-02;3.732177e-01;3.480892e-01;2.665370e-02;7.698139e-03;6.111697e-02;2.035406e-02;3.697905e-02;3.473901e-02;1.185222e-02;1.290387e-02;1.570270e-02
5.505289e-02;3.046247e-01;2.620129e-01;2.827510e-02;1.273257e-02;1.146135e-01;2.814915e-02;7.366947e-02;5.398334e-02;2.066353e-02;2.827022e-02;1.795264e-02
4.915927e-02;2.345419e-01;2.198259e-01;2.705722e-02;2.698628e-02;1.117133e-01;3.583632e-02;7.989092e-02;8.570691e-02;6.107013e-02;3.760856e-02;3.060325e-02
6.397295e-02;2.739511e-01;2.667178e-01;2.503316e-02;2.372172e-02;7.482122e-02;3.935456e-02;5.422691e-02;6.108727e-02;5.764219e-02;2.342593e-02;3.604529e-02
6.266980e-02;2.737369e-01;3.156021e-01;1.842024e-02;1.465514e-02;7.272498e-02;3.629161e-02;4.583468e-02;5.079060e-02;5.166658e-02;2.390617e-02;3.370120e-02
3.643633e-02;2.838745e-01;3.939373e-01;2.556605e-02;1.664743e-02;5.268955e-02;3.192297e-02;4.196931e-02;2.735665e-02;4.502205e-02;1.629324e-02;2.828463e-02
2.197484e-02;2.452692e-01;4.641635e-01;3.457676e-02;1.863634e-02;4.372362e-02;3.283061e-02;3.311508e-02;1.766148e-02;6.195407e-02;1.243407e-02;1.366038e-02
2.478926e-02;2.254296e-01;4.888038e-01;3.990054e-02;1.861073e-02;2.333869e-02;3.409944e-02;3.048310e-02;2.369615e-02;6.710650e-02;1.379475e-02;9.947406e-03
2.777263e-02;2.660063e-01;4.454996e-01;3.177297e-02;2.736033e-02;3.902560e-02;2.359842e-02;3.557146e-02;2.201345e-02;5.252487e-02;9.703384e-03;1.915095e-02
2.226881e-02;3.298826e-01;4.168240e-01;2.010982e-02;2.217185e-02;6.080077e-02;2.288358e-02;3.171859e-02;1.765867e-02;2.783278e-02;6.014945e-03;2.183372e-02
2.278605e-02;3.897564e-01;3.837186e-01;1.040288e-02;1.151091e-02;6.907093e-02;1.625681e-02;2.616175e-02;3.535697e-02;1.024961e-02;8.408310e-03;1.632087e-02
3.251371e-02;4.196868e-01;3.305212e-01;1.730225e-02;8.456232e-03;8.322916e-02;8.140353e-03;1.553677e-02;5.263293e-02;1.311549e-02;6.421362e-03;1.244374e-02
3.252078e-02;4.102119e-01;3.567610e-01;1.594573e-02;2.818399e-03;5.842319e-02;5.218639e-03;1.556036e-02;5.134295e-02;1.948065e-02;4.708571e-03;2.700782e-02
3.408893e-02;4.042813e-01;3.775608e-01;1.175764e-02;4.194412e-03;4.807685e-02;3.694538e-03;1.611350e-02;3.961442e-02;1.507423e-02;5.700449e-03;3.984288e-02
4.224025e-02;4.301330e-01;3.469511e-01;2.372965e-02;8.745002e-03;4.627198e-02;4.896208e-03;1.225033e-02;3.347731e-02;9.310432e-03;3.762897e-03;3.823183e-02
4.544432e-02;4.638568e-01;2.808788e-01;3.968710e-02;1.370861e-02;6.301035e-02;3.220871e-03;1.247250e-02;4.285705e-02;1.140811e-02;3.117024e-03;2.033851e-02
4.615614e-02;4.692211e-01;2.352891e-01;4.480846e-02;1.309416e-02;8.613210e-02;1.276796e-02;1.279735e-02;5.237584e-02;1.525177e-02;2.635662e-03;9.470268e-03
5.503517e-02;4.573131e-01;2.205072e-01;2.790285e-02;8.471657e-03;7.916363e-02;3.534659e-02;1.302761e-02;5.780223e-02;3.264306e-02;4.371547e-03;8.415407e-03
6.964387e-02;4.208559e-01;2.350849e-01;1.265829e-02;1.065216e-02;3.982130e-02;6.957087e-02;3.108190e-02;4.273928e-02;5.301787e-02;5.399797e-03;9.473840e-03
9.857351e-02;3.624513e-01;2.083830e-01;8.625994e-03;2.029033e-02;2.479604e-02;9.242731e-02;6.487050e-02;3.301187e-02;6.217445e-02;9.195022e-03;1.520069e-02
1.547762e-01;2.807179e-01;1.772447e-01;8.244445e-03;3.047681e-02;3.199593e-02;7.868076e-02;1.116447e-01;3.853781e-02;4.452239e-02;1.539283e-02;2.776549e-02
1.350033e-01;3.744802e-01;2.075581e-01;7.551973e-03;1.947079e-02;3.064282e-02;1.594611e-02;1.127686e-01;3.096212e-02;3.205022e-02;1.240464e-02;2.116124e-02
1.111583e-01;3.659236e-01;2.805987e-01;1.324703e-02;1.059152e-02;1.571212e-02;8.721518e-03;1.036886e-01;3.290891e-02;2.453991e-02;8.752428e-03;2.415724e-02
1.208142e-01;2.987351e-01;2.605940e-01;1.769011e-02;1.336106e-02;2.843083e-02;1.160084e-02;1.279906e-01;4.554813e-02;3.203666e-02;8.046386e-03;3.515222e-02
1.367534e-01;3.069511e-01;1.770342e-01;2.610503e-02;1.431256e-02;4.484839e-02;2.718963e-02;1.456378e-01;4.734165e-02;2.819221e-02;1.340843e-02;3.222553e-02
1.154534e-01;3.137742e-01;3.092087e-01;2.107886e-02;1.032247e-02;2.872554e-02;2.168877e-02;1.025912e-01;2.544597e-02;1.914121e-02;9.861370e-03;2.270835e-02
1.214135e-01;3.223671e-01;3.135819e-01;2.422248e-02;1.297455e-02;3.079703e-02;7.626544e-03;9.036302e-02;2.572331e-02;1.724401e-02;1.382565e-02;1.986091e-02
1.514642e-01;2.997545e-01;2.286545e-01;3.507554e-02;1.326727e-02;2.814380e-02;2.475946e-02;9.123054e-02;4.020666e-02;3.145784e-02;2.175535e-02;3.423033e-02
1.682651e-01;3.301082e-01;1.787095e-01;4.283513e-02;1.265241e-02;3.603132e-02;2.841315e-02;7.166906e-02;5.168613e-02;2.634667e-02;1.294622e-02;4.033722e-02
1.365579e-01;3.361865e-01;2.366959e-01;2.787068e-02;6.959651e-03;4.166764e-02;1.811064e-02;4.413265e-02;5.260358e-02;3.762391e-02;1.722807e-02;4.436292e-02
1.163972e-01;3.170407e-01;2.621056e-01;3.203589e-02;7.782372e-03;4.464835e-02;2.886646e-02;3.791202e-02;3.876812e-02;3.560893e-02;2.558261e-02;5.325183e-02
9.771199e-02;3.532575e-01;2.754568e-01;3.102078e-02;9.674399e-03;4.140738e-02;2.838173e-02;3.209831e-02;3.393535e-02;2.960975e-02;2.519355e-02;4.225242e-02
8.147591e-02;3.736265e-01;2.924366e-01;2.783840e-02;1.196876e-02;4.747301e-02;3.340267e-02;2.532618e-02;3.948253e-02;2.061493e-02;1.512393e-02;3.123056e-02
9.853096e-02;3.150582e-01;1.854301e-01;5.829792e-02;2.811591e-02;7.208316e-02;4.341974e-02;4.449915e-02;5.463892e-02;3.669433e-02;2.453222e-02;3.869946e-02
7.314056e-02;3.532383e-01;2.779523e-01;3.749006e-02;2.204051e-02;7.571764e-02;1.836837e-02;3.240005e-02;4.003655e-02;3.606153e-02;1.237864e-02;2.117547e-02
8.239808e-02;3.026718e-01;2.923525e-01;2.739856e-02;1.526510e-02;6.893142e-02;2.410565e-02;5.161165e-02;5.142710e-02;3.805162e-02;1.643485e-02;2.935169e-02
7.143372e-02;3.313323e-01;3.508305e-01;1.952872e-02;1.305577e-02;3.144211e-02;2.109183e-02;5.143907e-02;3.812493e-02;2.500727e-02;2.257172e-02;2.414203e-02
7.067287e-02;3.628084e-01;3.676884e-01;1.480854e-02;1.086348e-02;1.979153e-02;1.532939e-02;4.765469e-02;3.510028e-02;1.522440e-02;1.980896e-02;2.024917e-02
6.216983e-02;3.037463e-01;3.893116e-01;2.664793e-02;2.135149e-02;3.915026e-02;1.423899e-02;4.993927e-02;3.996152e-02;1.528200e-02;1.579518e-02;2.240568e-02
