9.638035e-02;7.442414e-02;8.776814e-02;7.173890e-02;8.109906e-02;8.405534e-02;9.283707e-02;1.163019e-01;6.339285e-02;8.307918e-02;4.571883e-02;1.032042e-01
6.181346e-02;7.771897e-02;1.026626e-01;8.103321e-02;9.089432e-02;8.316406e-02;1.015805e-01;8.903947e-02;8.023079e-02;1.030091e-01;5.072331e-02;7.813014e-02
5.273798e-02;9.103541e-02;9.615190e-02;9.740656e-02;6.874451e-02;7.757120e-02;1.067361e-01;1.028267e-01;9.069195e-02;1.047237e-01;3.970728e-02;7.166670e-02
6.834813e-02;1.106585e-01;1.106289e-01;8.391576e-02;7.320124e-02;7.658127e-02;8.032554e-02;1.346025e-01;9.785458e-02;5.809170e-02;4.244884e-02;6.334310e-02
6.712367e-02;1.250785e-01;1.228662e-01;5.770841e-02;9.466358e-02;1.159800e-01;4.997069e-02;1.307001e-01;1.144665e-01;4.079045e-02;4.510994e-02;3.554206e-02
7.107782e-02;1.179052e-01;9.562188e-02;8.238544e-02;6.080085e-02;1.021045e-01;9.028193e-02;1.155397e-01;1.189318e-01;5.676529e-02;2.745467e-02;6.113095e-02
9.673233e-02;8.326267e-02;9.552614e-02;6.160729e-02;6.558897e-02;7.399353e-02;1.441637e-01;9.511083e-02;1.164647e-01;8.098681e-02;2.105217e-02;6.551081e-02
8.931020e-02;4.585136e-02;1.145804e-01;5.459293e-02;8.017831e-02;1.014968e-01;1.477613e-01;1.204132e-01;9.827967e-02;6.888930e-02;2.952784e-02;4.911872e-02
5.179790e-02;5.778847e-02;1.151177e-01;6.521061e-02;7.263219e-02;9.296564e-02;1.560788e-01;1.635082e-01;1.158138e-01;3.566751e-02;4.291126e-02;3.050787e-02
7.879422e-02;6.892236e-02;1.305062e-01;5.512366e-02;6.680751e-02;9.936193e-02;1.352330e-01;1.463305e-01;1.108339e-01;2.549054e-02;3.790218e-02;4.469419e-02
9.467249e-02;7.842160e-02;1.213602e-01;3.280056e-02;6.754885e-02;1.046763e-01;1.369244e-01;1.123998e-01;8.871354e-02;5.834254e-02;4.409073e-02;6.004899e-02
6.618164e-02;3.965172e-02;9.656700e-02;4.329831e-02;6.937359e-02;1.222677e-01;1.642220e-01;9.818642e-02;9.787366e-02;7.415637e-02;3.965862e-02;8.856304e-02
5.062806e-02;7.539888e-02;9.856129e-02;5.020503e-02;8.040386e-02;9.974720e-02;1.293918e-01;1.382346e-01;8.895151e-02;6.654575e-02;3.050841e-02;9.142362e-02
4.706228e-02;8.249927e-02;8.569231e-02;5.987634e-02;7.567766e-02;1.027277e-01;1.641847e-01;1.632503e-01;5.538741e-02;5.492303e-02;5.638138e-02;5.233772e-02
6.407607e-02;7.891509e-02;1.017292e-01;6.759123e-02;6.707633e-02;1.235629e-01;1.436491e-01;1.354416e-01;6.405470e-02;4.488588e-02;7.011932e-02;3.889863e-02
6.389254e-02;7.833759e-02;8.767125e-02;6.796968e-02;8.514398e-02;1.245280e-01;9.282714e-02;9.941791e-02;8.906569e-02;7.709667e-02;9.122382e-02;4.282579e-02
4.475976e-02;3.805822e-02;4.907772e-02;9.146755e-02;9.836186e-02;1.196418e-01;9.850197e-02;8.509537e-02;1.291985e-01;1.107142e-01;9.814104e-02;3.698207e-02
8.988895e-02;3.557708e-02;4.260698e-02;1.008536e-01;8.723275e-02;7.912628e-02;8.944440e-02;7.631095e-02;1.691321e-01;1.005735e-01;7.670836e-02;5.254509e-02
1.105348e-01;4.008283e-02;5.876153e-02;8.085560e-02;5.511556e-02;3.822026e-02;5.920804e-02;1.411438e-01;1.864705e-01;7.562509e-02;6.554051e-02;8.844155e-02
7.585916e-02;3.930403e-02;8.243001e-02;4.560621e-02;3.604404e-02;4.622135e-02;4.333463e-02;2.461601e-01;1.499745e-01;5.007610e-02;5.098312e-02;1.340068e-01
3.513574e-02;7.142784e-02;8.607127e-02;3.522545e-02;2.753052e-02;5.813393e-02;1.306999e-01;2.689515e-01;9.242965e-02;1.811900e-02;8.102938e-02;9.524588e-02
2.597500e-02;1.177496e-01;5.208216e-02;1.866207e-02;3.343812e-02;8.441651e-02;2.427565e-01;1.895335e-01;7.653482e-02;7.391252e-03;1.257060e-01;2.575446e-02
3.690337e-02;1.468988e-01;2.520379e-02;2.523958e-02;3.602070e-02;8.543919e-02;2.985872e-01;1.060273e-01;6.803108e-02;2.586207e-02;1.365258e-01;9.261188e-03
3.528875e-02;1.643624e-01;2.242095e-02;3.313038e-02;3.430571e-02;7.648163e-02;3.162854e-01;8.616198e-02;5.633222e-02;1.266201e-02;1.460694e-01;1.649923e-02
2.548232e-02;1.472858e-01;2.801401e-02;3.629570e-02;5.945100e-02;8.406228e-02;2.812476e-01;7.248772e-02;4.380881e-02;4.801722e-02;1.466727e-01;2.717482e-02
3.267412e-02;1.325051e-01;2.572542e-02;3.087071e-02;6.450515e-02;1.120886e-01;2.536209e-01;7.349832e-02;3.771295e-02;6.130781e-02;1.387905e-01;3.670037e-02
3.154675e-02;1.699853e-01;4.305789e-02;1.855945e-02;5.777573e-02;1.289957e-01;2.378163e-01;7.525103e-02;3.055349e-02;4.429808e-02;1.360873e-01;2.607298e-02
1.806618e-02;2.320574e-01;9.520097e-02;1.207610e-02;8.153597e-02;8.579752e-02;1.655655e-01;1.079768e-01;2.432348e-02;2.139094e-02;1.480361e-01;7.973069e-03
1.669003e-02;2.299064e-01;1.660412e-01;1.037187e-02;8.900265e-02;5.856995e-02;1.027788e-01;1.505255e-01;2.110048e-02;1.455602e-02;1.251519e-01;1.530515e-02
1.011360e-02;1.776769e-01;2.381525e-01;9.425513e-03;7.876569e-02;5.389877e-02;9.331278e-02;2.098656e-01;2.356727e-02;8.146375e-03;8.088142e-02;1.619362e-02
1.032069e-02;1.249125e-01;2.877251e-01;1.960116e-02;5.441075e-02;4.931633e-02;7.685786e-02;2.611873e-01;3.392791e-02;1.353603e-02;3.327604e-02;3.492835e-02
1.818567e-02;7.859144e-02;2.607511e-01;4.347151e-02;4.106986e-02;8.950295e-02;3.078572e-02;2.814568e-01;4.430917e-02;2.808695e-02;2.377086e-02;6.001798e-02
1.867787e-02;3.491285e-02;2.009713e-01;4.903129e-02;4.105188e-02;1.104244e-01;2.589527e-02;3.230042e-01;4.440083e-02;4.565675e-02;1.528149e-02;9.069186e-02
1.694913e-02;1.982573e-02;1.574946e-01;3.280978e-02;4.138198e-02;7.510449e-02;3.724189e-02;3.817785e-01;2.904884e-02;4.581649e-02;1.969697e-02;1.428517e-01
1.250935e-02;2.440085e-02;1.293031e-01;1.386223e-02;1.873020e-02;8.301806e-02;4.580473e-02;3.973143e-01;2.289251e-02;3.439191e-02;3.185908e-02;1.859137e-01
1.596755e-02;3.223501e-02;9.264094e-02;1.514617e-02;1.828378e-02;1.493169e-01;3.483303e-02;3.496450e-01;4.448673e-02;2.134687e-02;2.047899e-02;2.056190e-01
4.442317e-02;3.031260e-02;4.651162e-02;5.076743e-02;1.819650e-02;1.775631e-01;3.839123e-02;2.597109e-01;8.940503e-02;2.773990e-02;2.207353e-02;1.949050e-01
1.369746e-01;2.611591e-02;2.857632e-02;1.123621e-01;2.285454e-02;9.557541e-02;9.138960e-02;1.329070e-01;1.696359e-01;3.327103e-02;2.674405e-02;1.235936e-01
1.846861e-01;1.525991e-02;2.259253e-02;1.324874e-01;2.794487e-02;3.905533e-02;1.602771e-01;6.056331e-02;2.218647e-01;3.471750e-02;2.837930e-02;7.217197e-02
1.701282e-01;1.667565e-02;2.365564e-02;1.202662e-01;4.393674e-02;2.542892e-02;2.113213e-01;4.725355e-02;2.302822e-01;5.464764e-02;2.312062e-02;3.328336e-02
1.149356e-01;2.105948e-02;3.712098e-02;1.218868e-01;6.600659e-02;3.745330e-02;2.189424e-01;3.777043e-02;2.322394e-01;8.320533e-02;1.670949e-02;1.267013e-02
6.554113e-02;2.615659e-02;5.776184e-02;1.357847e-01;7.707523e-02;5.510066e-02;1.636019e-01;7.064201e-02;2.180271e-01;9.800427e-02;1.963063e-02;1.267394e-02
6.752604e-02;4.912465e-02;1.168035e-01;1.398932e-01;8.312656e-02;6.122937e-02;1.292215e-01;7.507226e-02;1.730815e-01;7.637057e-02;1.826584e-02;1.028509e-02
5.905778e-02;6.478963e-02;1.251529e-01;1.290051e-01;8.215345e-02;6.296591e-02;1.383091e-01;1.054952e-01;1.418513e-01;4.586694e-02;1.656776e-02;2.878501e-02
7.018718e-02;4.641068e-02;8.540587e-02;8.956135e-02;6.242306e-02;6.852715e-02;1.066372e-01;1.586764e-01;1.893057e-01;3.258304e-02;3.044767e-02;5.983461e-02
1.078719e-01;2.352343e-02;7.093198e-02;4.928568e-02;4.208506e-02;7.087771e-02;6.089868e-02;1.450612e-01;2.373922e-01;4.709928e-02;6.816279e-02;7.681014e-02
7.960410e-02;2.805771e-02;7.575382e-02;9.654332e-02;3.936901e-02;3.387342e-02;8.909119e-02;1.518512e-01;2.328931e-01;6.295048e-02;8.874372e-02;2.126891e-02
5.235950e-02;1.897096e-02;5.038303e-02;1.164122e-01;4.656827e-02;1.564341e-02;9.275313e-02;1.579262e-01;2.563248e-01;5.530107e-02;9.198211e-02;4.537533e-02
8.236209e-02;1.890157e-02;4.479293e-02;1.118098e-01;4.238145e-02;1.765726e-02;8.233261e-02;1.848420e-01;2.387704e-01;3.233921e-02;9.389716e-02;4.991347e-02
8.540405e-02;4.071898e-02;7.123691e-02;9.587185e-02;3.411894e-02;4.007182e-02;7.721937e-02;2.282462e-01;1.824865e-01;2.929297e-02;8.499850e-02;3.033399e-02
6.485647e-02;6.021907e-02;8.065388e-02;6.771953e-02;4.208361e-02;8.480477e-02;8.421413e-02;2.852418e-01;1.087093e-01;3.076872e-02;4.948613e-02;4.124259e-02
3.212388e-02;5.683647e-02;7.634691e-02;7.749076e-02;4.857037e-02;1.153433e-01;9.367460e-02;2.814268e-01;9.241345e-02;4.716118e-02;2.606825e-02;5.254399e-02
4.226891e-02;5.563388e-02;7.486103e-02;7.527124e-02;5.449135e-02;6.937670e-02;9.981556e-02;2.078037e-01;1.295081e-01;7.796620e-02;3.127665e-02;8.172669e-02
5.147800e-02;6.141831e-02;7.470177e-02;5.563078e-02;5.619818e-02;7.964844e-02;1.381383e-01;1.403609e-01;1.561554e-01;4.566488e-02;4.452966e-02;9.607545e-02
4.252438e-02;4.146105e-02;6.737054e-02;4.863943e-02;6.361679e-02;8.343177e-02;1.335931e-01;1.258771e-01;1.780375e-01;7.566099e-02;5.901383e-02;8.077348e-02
4.233304e-02;2.604778e-02;7.021849e-02;7.836500e-02;7.795451e-02;6.912609e-02;1.147567e-01;1.449502e-01;1.856310e-01;9.565787e-02;4.156529e-02;5.339406e-02
5.973227e-02;3.537328e-02;5.837994e-02;8.832522e-02;6.649982e-02;7.922538e-02;1.077095e-01;1.971149e-01;1.836153e-01;7.777717e-02;1.446715e-02;3.177998e-02
6.459916e-02;6.564029e-02;6.949650e-02;8.471561e-02;5.127695e-02;9.148994e-02;7.114267e-02;2.245252e-01;1.606413e-01;4.188028e-02;3.492511e-02;3.966698e-02
4.294008e-02;1.315579e-01;9.127889e-02;6.711224e-02;6.960636e-02;1.143487e-01;8.694061e-02;2.025581e-01;1.183829e-01;2.066695e-02;2.918489e-02;2.542249e-02
4.746842e-02;1.943839e-01;7.552001e-02;5.232480e-02;1.106665e-01;1.188706e-01;6.191798e-02;1.499163e-01;9.790330e-02;1.900759e-02;1.623812e-02;5.578253e-02
5.104525e-02;1.802139e-01;7.949509e-02;8.639685e-02;1.303392e-01;8.257812e-02;2.452744e-02;1.187001e-01;8.787866e-02;3.451331e-02;1.571593e-02;1.085962e-01
2.804803e-02;1.276121e-01;1.112986e-01;1.145094e-01;1.040982e-01;7.890633e-02;3.000292e-02;1.486312e-01;6.422728e-02;4.574003e-02;1.475785e-02;1.321681e-01
2.054032e-02;9.067142e-02;1.323996e-01;1.141261e-01;7.692305e-02;9.808202e-02;4.457938e-02;1.842179e-01;5.122616e-02;4.410025e-02;2.585963e-02;1.172742e-01
3.812028e-02;6.753232e-02;1.023589e-01;9.686151e-02;4.969886e-02;9.297492e-02;6.967383e-02;2.522803e-01;7.105515e-02;3.745328e-02;3.221554e-02;8.977509e-02
3.315126e-02;5.163857e-02;7.071307e-02;7.439203e-02;8.588988e-02;5.256042e-02;6.254850e-02;3.477172e-01;8.770096e-02;3.814935e-02;3.118218e-02;6.435653e-02
3.773400e-02;4.658815e-02;7.903647e-02;6.656789e-02;8.575826e-02;6.781933e-02;5.659642e-02;3.390579e-01;6.665740e-02;4.307733e-02;2.769433e-02;8.341254e-02
3.141020e-02;3.767286e-02;7.347071e-02;9.434276e-02;8.032814e-02;5.346429e-02;4.234895e-02;3.082972e-01;1.121027e-01;2.686152e-02;2.430317e-02;1.153975e-01
2.220573e-02;4.184344e-02;6.885945e-02;1.420338e-01;6.344191e-02;5.024500e-02;2.480985e-02;2.501191e-01;1.634018e-01;1.938334e-02;5.981783e-02;9.383871e-02
6.913933e-02;4.008666e-02;3.291780e-02;1.700981e-01;3.194096e-02;6.429178e-02;2.818315e-02;2.059777e-01;2.117845e-01;2.111171e-02;6.695975e-02;5.750857e-02
1.134456e-01;3.795540e-02;4.676909e-02;1.842665e-01;5.596012e-02;6.285622e-02;6.198720e-02;1.411723e-01;1.538072e-01;2.969541e-02;5.660051e-02;5.548450e-02
1.142460e-01;4.790813e-02;5.639066e-02;2.088807e-01;8.809954e-02;8.434735e-02;1.133064e-01;6.064481e-02;1.005750e-01;2.841476e-02;4.491419e-02;5.227242e-02
1.165276e-01;3.185897e-02;4.611491e-02;2.366941e-01;8.754273e-02;6.695852e-02;1.633146e-01;3.817596e-02;1.152439e-01;2.437623e-02;3.661911e-02;3.657336e-02
1.384983e-01;1.330898e-02;2.290257e-02;2.420916e-01;6.605815e-02;3.186467e-02;2.153726e-01;3.442536e-02;1.518540e-01;3.328321e-02;3.237931e-02;1.796122e-02
1.607582e-01;6.807968e-03;2.521341e-02;2.226323e-01;4.486720e-02;2.469816e-02;2.199551e-01;4.223407e-02;1.675693e-01;3.995488e-02;2.877636e-02;1.653305e-02
1.805100e-01;1.763366e-02;2.779485e-02;2.237947e-01;5.166001e-02;2.065851e-02;1.792754e-01;4.570233e-02;1.773388e-01;3.514089e-02;2.513620e-02;1.535460e-02
2.008537e-01;1.490513e-02;1.990038e-02;2.249314e-01;6.426837e-02;1.660480e-02;1.328228e-01;4.243980e-02;2.020019e-01;5.075341e-02;1.796490e-02;1.255351e-02
1.980681e-01;1.549944e-02;3.438100e-02;1.994941e-01;6.932049e-02;2.411902e-02;1.114464e-01;4.524671e-02;2.138935e-01;5.365192e-02;2.095747e-02;1.392189e-02
1.688363e-01;2.429323e-02;5.418729e-02;1.461187e-01;5.005416e-02;3.448591e-02;1.080493e-01;9.864572e-02;2.127209e-01;2.325656e-02;3.880463e-02;4.054733e-02
1.318062e-01;4.440300e-02;7.517634e-02;8.305688e-02;4.433534e-02;4.301516e-02;1.241709e-01;1.355555e-01;1.877229e-01;1.823957e-02;4.940905e-02;6.310922e-02
1.363652e-01;5.733167e-02;6.720659e-02;6.552090e-02;5.217279e-02;7.272076e-02;1.496714e-01;1.352687e-01;1.341547e-01;1.583537e-02;5.574162e-02;5.801045e-02
1.717418e-01;4.672588e-02;2.586627e-02;7.383429e-02;4.023475e-02;7.794526e-02;1.830025e-01;1.107581e-01;1.431971e-01;3.933540e-02;5.553856e-02;3.182012e-02
1.455323e-01;5.299858e-02;3.621916e-02;9.659645e-02;5.013543e-02;6.656824e-02;1.485634e-01;8.306556e-02;1.593657e-01;6.821721e-02;4.985128e-02;4.288664e-02
1.103314e-01;3.960904e-02;6.505483e-02;1.911687e-01;6.510715e-02;6.938061e-02;8.057566e-02;5.971473e-02;1.806846e-01;7.312421e-02;4.644397e-02;1.880505e-02
7.928783e-02;3.785981e-02;5.870953e-02;2.409472e-01;8.504331e-02;7.048140e-02;1.129632e-01;4.278878e-02;1.628915e-01;6.064994e-02;2.171213e-02;2.666537e-02
8.733658e-02;5.670581e-02;4.885678e-02;2.038295e-01;8.425431e-02;5.949244e-02;1.512236e-01;4.657854e-02;1.497912e-01;4.120031e-02;5.121560e-02;1.951541e-02
9.856148e-02;4.805794e-02;6.669022e-02;1.709902e-01;7.579040e-02;4.882430e-02;1.134062e-01;7.199835e-02;1.505703e-01;6.669933e-02;4.260873e-02;4.580255e-02
8.854962e-02;5.761154e-02;5.637961e-02;1.274342e-01;7.882119e-02;6.718235e-02;7.150856e-02;1.429027e-01;1.551942e-01;7.303055e-02;2.865221e-02;5.273322e-02
6.161483e-02;7.214883e-02;7.089742e-02;6.471326e-02;6.731810e-02;6.090598e-02;1.480225e-01;1.244348e-01;1.455136e-01;6.437345e-02;6.031799e-02;5.973934e-02
8.600768e-02;7.576006e-02;8.740446e-02;9.944679e-02;5.208256e-02;1.105950e-01;1.457320e-01;6.754445e-02;1.345004e-01;6.412619e-02;5.733297e-02;1.946742e-02
9.283236e-02;4.991823e-02;9.520373e-02;1.237531e-01;7.492279e-02;1.175297e-01;8.054778e-02;8.127328e-02;1.420389e-01;5.777820e-02;3.681581e-02;4.738604e-02
7.917959e-02;3.488024e-02;1.219886e-01;1.116162e-01;6.848908e-02;9.598608e-02;2.739014e-02;1.592419e-01;1.312809e-01;4.306616e-02;3.612897e-02;9.075221e-02
4.270909e-02;4.505899e-02;1.554797e-01;6.437673e-02;5.945773e-02;6.551185e-02;6.376661e-02;2.306591e-01;7.459155e-02;3.851061e-02;5.775765e-02;1.021204e-01
2.804705e-02;7.015464e-02;1.463405e-01;2.553760e-02;6.957516e-02;5.685755e-02;1.403768e-01;2.398618e-01;3.666027e-02;3.420542e-02;8.572563e-02;6.665757e-02
3.229989e-02;9.704183e-02;9.814849e-02;2.384144e-02;6.902117e-02;7.399575e-02;2.159729e-01;1.783298e-01;3.835525e-02;2.872641e-02;1.080104e-01;3.625677e-02
3.344782e-02;1.007079e-01;8.991536e-02;3.849297e-02;6.115881e-02;9.562369e-02;2.265795e-01;1.347526e-01;3.811400e-02;3.866523e-02;9.583762e-02;4.670458e-02
5.654022e-02;9.643196e-02;1.031475e-01;6.085819e-02;4.518604e-02;1.016648e-01;2.129160e-01;1.064218e-01;4.866885e-02;5.840767e-02;6.714195e-02;4.261500e-02
1.146790e-01;5.713342e-02;6.799743e-02;1.098210e-01;4.155849e-02;7.053193e-02;1.234028e-01;2.024745e-01;8.942093e-02;4.424842e-02;4.648965e-02;3.224251e-02
1.509749e-01;3.476782e-02;8.895687e-02;1.012867e-01;5.153538e-02;8.094405e-02;7.432213e-02;1.909440e-01;9.280960e-02;3.577714e-02;6.908575e-02;2.859574e-02
1.215628e-01;3.043819e-02;1.006263e-01;1.085846e-01;6.641429e-02;9.558450e-02;8.229410e-02;1.250025e-01;9.183887e-02;5.467299e-02;7.152106e-02;5.145983e-02
8.695997e-02;3.942101e-02;1.180843e-01;8.687990e-02;6.640641e-02;8.855774e-02;1.120553e-01;1.383512e-01;7.118548e-02;6.542547e-02;4.483800e-02;8.183526e-02
9.808038e-02;5.018681e-02;5.471291e-02;8.621307e-02;3.887534e-02;6.411679e-02;1.419864e-01;2.361251e-01;5.833237e-02;6.135447e-02;2.556238e-02;8.445392e-02
1.135024e-01;2.639243e-02;7.541417e-02;1.207133e-01;3.811857e-02;5.057229e-02;9.327012e-02;2.304653e-01;1.007916e-01;4.739511e-02;3.423663e-02;6.912806e-02
9.861970e-02;3.383129e-02;8.066528e-02;1.445237e-01;3.558924e-02;6.709859e-02;1.004997e-01;1.834806e-01;1.182080e-01;2.050277e-02;4.021967e-02;7.676143e-02
6.503437e-02;4.169552e-02;5.233109e-02;1.907147e-01;3.903383e-02;7.912025e-02;1.313773e-01;1.348172e-01;1.120158e-01;2.466509e-02;6.718832e-02;6.200645e-02
3.012325e-02;4.338663e-02;2.853901e-02;2.063290e-01;7.275881e-02;7.408605e-02;1.273466e-01;9.269133e-02;1.079665e-01;4.409235e-02;1.105957e-01;6.208478e-02
2.367315e-02;4.011966e-02;5.851349e-02;2.015775e-01;7.756941e-02;7.208732e-02;1.022776e-01;1.129783e-01;9.504113e-02;5.303909e-02;1.120173e-01;5.110598e-02
8.802360e-02;8.061795e-02;9.842613e-02;1.756312e-01;6.894875e-02;8.638354e-02;3.652984e-02;1.392339e-01;7.520175e-02;4.738079e-02;7.898540e-02;2.463709e-02
1.078755e-01;7.049128e-02;7.328122e-02;1.308656e-01;9.795670e-02;1.108422e-01;8.833197e-02;5.619205e-02;8.886035e-02;8.660385e-02;4.715804e-02;4.154117e-02
1.049259e-01;5.051855e-02;7.167298e-02;1.389749e-01;8.650667e-02;1.242444e-01;6.507616e-02;7.670227e-02;1.038382e-01;6.392457e-02;3.351765e-02;8.009769e-02
8.056484e-02;2.827293e-02;9.491581e-02;1.319274e-01;6.097411e-02;1.527711e-01;3.209934e-02;1.145072e-01;1.085353e-01;4.341627e-02;1.931609e-02;1.326997e-01
2.161424e-02;2.282974e-02;1.408103e-01;7.021542e-02;3.295409e-02;2.113220e-01;2.231531e-02;1.551023e-01;7.369757e-02;3.417994e-02;2.263507e-02;1.923240e-01
3.200213e-02;1.619541e-02;1.617968e-01;3.802337e-02;1.572893e-02;2.458029e-01;1.880080e-02;1.793130e-01;2.710223e-02;2.715159e-02;1.337793e-02;2.247049e-01
2.211806e-02;1.850953e-02;1.588748e-01;3.334565e-02;1.209959e-02;2.331249e-01;2.630348e-02;1.944797e-01;2.824385e-02;2.178978e-02;2.134323e-02;2.297674e-01
5.141324e-02;2.625879e-02;1.310699e-01;5.657968e-02;1.531359e-02;2.178437e-01;2.635521e-02;1.746524e-01;5.237516e-02;1.574901e-02;1.757060e-02;2.148188e-01
1.094379e-01;2.951775e-02;8.848767e-02;1.099310e-01;3.519444e-02;1.595544e-01;3.886469e-02;1.204528e-01;1.154023e-01;1.357508e-02;2.517036e-02;1.544115e-01
1.820269e-01;2.558051e-02;3.135749e-02;1.652039e-01;3.615583e-02;9.734637e-02;5.683252e-02;6.789760e-02;1.859076e-01;2.041011e-02;4.158451e-02;8.969657e-02
2.361288e-01;1.908843e-02;1.930807e-02;1.560979e-01;1.992362e-02;4.849917e-02;1.504074e-01;3.160570e-02;1.952113e-01;3.196788e-02;3.669440e-02;5.506729e-02
2.452665e-01;1.543071e-02;2.564820e-02;1.160406e-01;3.011414e-02;2.522821e-02;2.337352e-01;3.103826e-02;1.684696e-01;5.157335e-02;2.707953e-02;3.037570e-02
1.971704e-01;3.649123e-02;2.136153e-02;9.624105e-02;7.947782e-02;3.945186e-02;2.215324e-01;3.719227e-02;1.262361e-01;1.112392e-01;1.816136e-02;1.544474e-02
1.531570e-01;7.082605e-02;1.368071e-02;7.950681e-02;1.318659e-01;4.667957e-02;1.317105e-01;4.887451e-02;9.523560e-02;1.805337e-01;1.991428e-02;2.801533e-02
1.099537e-01;9.000841e-02;1.992696e-02;5.646069e-02;1.568415e-01;4.392385e-02;8.941965e-02;6.253216e-02;8.563192e-02;2.214696e-01;1.700270e-02;4.682880e-02
3.059565e-02;9.238297e-02;4.388610e-02;7.512727e-02;1.500682e-01;4.347410e-02;1.294016e-01;6.317331e-02;1.066179e-01;1.968570e-01;2.392611e-02;4.448975e-02
1.021074e-01;7.556798e-02;8.385469e-02;7.976623e-02;9.758531e-02;8.121653e-02;1.044069e-01;6.221903e-02;1.083664e-01;1.208399e-01;2.751881e-02;5.655083e-02
2.613885e-01;5.003460e-02;9.319658e-02;8.577026e-02;5.702234e-02;9.433980e-02;6.495906e-02;5.258668e-02;7.999724e-02;6.531595e-02;2.596019e-02;6.942883e-02
2.221620e-01;4.715583e-02;3.059422e-02;7.097141e-02;5.936368e-02;6.355549e-02;1.720749e-01;6.634985e-02;9.293071e-02;7.452209e-02;2.701114e-02;7.330868e-02
1.184431e-01;3.322865e-02;2.006550e-02;1.062234e-01;5.909395e-02;5.589274e-02;1.646192e-01;8.556208e-02;1.556249e-01;7.936990e-02;1.741441e-02;1.044621e-01
8.143902e-02;4.940149e-02;6.132486e-02;1.156250e-01;5.533722e-02;6.116349e-02;9.874051e-02;1.195003e-01;1.509942e-01;9.677679e-02;2.046190e-02;8.923531e-02
1.032878e-01;4.932632e-02;7.324150e-02;1.155399e-01;1.823365e-02;7.462951e-02;1.689346e-01;1.464260e-01;9.203108e-02;5.400021e-02;4.617421e-02;5.817526e-02
6.147746e-02;4.797727e-02;5.439815e-02;9.835871e-02;3.164788e-02;5.725036e-02;1.835725e-01;1.426142e-01;9.090929e-02;9.237641e-02;6.379830e-02;7.561953e-02
4.475751e-02;5.788644e-02;8.718581e-02;7.370923e-02;3.350628e-02;6.535909e-02;1.125046e-01;9.111521e-02;1.037276e-01;1.263712e-01;9.802590e-02;1.058512e-01
3.846473e-02;6.585573e-02;6.229013e-02;5.825628e-02;5.259576e-02;1.061945e-01;7.973908e-02;7.790617e-02;1.340182e-01;1.252578e-01;7.921890e-02;1.202027e-01
2.796771e-02;4.657065e-02;5.681945e-02;5.398081e-02;7.429002e-02;8.860459e-02;7.122853e-02;1.113888e-01;1.546498e-01;1.159176e-01;4.085291e-02;1.577291e-01
3.888415e-02;3.484533e-02;6.693113e-02;5.382867e-02;7.198517e-02;6.487734e-02;5.473122e-02;1.578888e-01;1.918548e-01;9.322830e-02;1.592484e-02;1.550203e-01
7.119617e-02;3.691847e-02;6.558493e-02;3.588910e-02;5.793990e-02;8.195245e-02;3.835338e-02;2.046908e-01;1.951811e-01;7.320943e-02;2.470793e-02;1.143764e-01
1.229089e-01;4.877996e-02;6.901195e-02;3.392843e-02;5.967412e-02;1.049900e-01;5.966232e-02;1.833878e-01;1.546932e-01;6.879488e-02;2.431715e-02;6.985117e-02
1.581628e-01;6.556164e-02;6.678051e-02;5.659986e-02;7.306741e-02;8.588190e-02;8.222307e-02;9.868318e-02;1.548584e-01;7.119343e-02;2.764478e-02;5.934302e-02
1.251911e-01;3.801792e-02;4.951289e-02;9.349786e-02;7.054006e-02;9.037203e-02;1.303555e-01;9.327558e-02;1.326255e-01;6.253012e-02;2.567223e-02;8.840922e-02
1.510871e-01;2.654923e-02;2.647736e-02;1.167921e-01;5.973158e-02;1.131591e-01;1.193431e-01;1.047585e-01;7.335221e-02;7.105562e-02;3.099210e-02;1.067020e-01
1.500368e-01;4.622671e-02;3.414581e-02;8.051915e-02;4.798353e-02;1.171920e-01;5.095612e-02;1.111179e-01;1.224081e-01;1.529167e-01;1.689052e-02;6.960656e-02
1.189435e-01;7.868320e-02;5.123283e-02;5.540874e-02;4.256676e-02;1.212551e-01;8.073740e-02;1.101855e-01;1.010485e-01;1.694715e-01;2.100829e-02;4.945860e-02
1.219162e-01;1.011716e-01;5.908170e-02;5.400361e-02;4.583911e-02;1.375701e-01;1.219700e-01;1.042923e-01;8.362504e-02;1.115914e-01;2.019450e-02;3.874442e-02
9.541631e-02;1.014548e-01;7.185303e-02;5.271943e-02;4.685792e-02;1.534353e-01;1.610483e-01;1.203856e-01;9.502516e-02;6.068987e-02;1.762399e-02;2.349032e-02
6.181989e-02;5.619547e-02;8.315662e-02;9.136599e-02;7.443483e-02;1.340298e-01;1.581828e-01;1.349985e-01;1.079466e-01;4.348888e-02;1.959707e-02;3.478355e-02
6.476463e-02;4.420460e-02;8.437269e-02;1.270190e-01;9.704684e-02;9.397912e-02;1.463281e-01;1.213038e-01;1.090809e-01;3.960535e-02;1.789360e-02;5.440126e-02
9.197241e-02;4.062334e-02;7.742589e-02;9.445891e-02;9.170806e-02;9.951735e-02;9.905966e-02;1.334982e-01;9.971486e-02;3.441230e-02;3.012310e-02;1.074860e-01
1.246718e-01;3.332346e-02;7.507576e-02;9.143116e-02;5.650162e-02;1.375981e-01;4.815529e-02;1.217485e-01;1.032357e-01;1.995878e-02;3.334530e-02;1.549547e-01
1.156613e-01;1.722989e-02;5.718014e-02;1.608741e-01;6.553288e-02;1.109743e-01;7.238875e-02;1.022613e-01;1.138080e-01;3.293234e-02;1.702739e-02;1.341296e-01
7.350887e-02;3.307314e-02;6.145522e-02;1.861431e-01;8.006226e-02;6.376620e-02;1.019924e-01;7.761940e-02;1.272162e-01;6.462114e-02;1.139755e-02;1.191446e-01
9.788585e-02;5.346235e-02;7.990949e-02;1.055411e-01;8.400456e-02;7.286972e-02;9.159108e-02;7.633475e-02;1.056487e-01;8.133989e-02;6.472006e-02;8.669243e-02
1.601910e-01;7.642037e-02;1.028368e-01;4.002571e-02;7.046684e-02;1.025240e-01;5.986435e-02;6.968148e-02;8.312958e-02;6.995781e-02;1.119567e-01;5.294537e-02
1.506689e-01;7.904616e-02;1.209536e-01;6.715024e-02;3.854012e-02;1.097383e-01;5.950452e-02;6.690798e-02;8.551686e-02;5.180849e-02;9.031321e-02;7.985165e-02
7.178932e-02;7.159391e-02;9.072238e-02;8.661818e-02;9.675829e-02;1.159911e-01;5.306928e-02;8.982205e-02;9.525711e-02;8.086913e-02;5.717939e-02;9.032990e-02
9.196485e-02;5.828108e-02;5.496431e-02;9.685615e-02;1.518705e-01;1.137071e-01;3.601239e-02;6.443752e-02;1.248147e-01;8.532647e-02;4.842901e-02;7.333583e-02
1.382171e-01;3.061273e-02;4.378810e-02;1.369686e-01;1.448639e-01;9.606710e-02;4.173835e-02;4.908820e-02;1.492636e-01;4.945027e-02;5.514709e-02;6.479499e-02
1.505622e-01;3.413238e-02;5.429764e-02;1.612295e-01;1.061598e-01;7.569792e-02;2.148573e-02;8.433768e-02;1.658577e-01;2.140128e-02;4.998641e-02;7.485173e-02
1.027086e-01;5.368634e-02;1.007202e-01;1.225101e-01;6.610667e-02;6.985760e-02;1.387847e-02;1.524934e-01;1.566960e-01;1.778173e-02;3.117804e-02;1.123827e-01
4.462711e-02;6.379284e-02;1.490930e-01;5.966497e-02;3.625790e-02;6.964057e-02;2.186241e-02;2.366950e-01;1.083066e-01;2.300184e-02;2.393728e-02;1.631206e-01
2.335158e-02;5.620876e-02;1.921727e-01;4.146564e-02;2.086547e-02;6.175385e-02;3.081700e-02;2.771803e-01;6.544778e-02;2.485745e-02;2.503902e-02;1.808406e-01
2.440967e-02;6.489495e-02;2.340255e-01;3.607584e-02;1.734640e-02;5.133228e-02;4.469327e-02;2.744880e-01;5.106581e-02;1.757356e-02;2.497212e-02;1.591226e-01
4.450100e-02;1.067084e-01;2.364454e-01;3.097746e-02;1.707609e-02;5.588139e-02;4.384775e-02;2.320810e-01;5.923623e-02;2.528882e-02;2.753414e-02;1.204224e-01
6.904434e-02;1.362223e-01;1.986047e-01;3.636910e-02;1.990774e-02;6.821655e-02;4.688931e-02;1.746349e-01;8.650920e-02;3.947777e-02;3.763945e-02;8.648455e-02
9.102560e-02;1.453187e-01;1.181524e-01;5.304307e-02;2.479314e-02;1.181898e-01;4.928258e-02;1.087584e-01;1.019611e-01;5.949091e-02;5.344732e-02;7.653695e-02
7.609101e-02;9.362943e-02;6.194653e-02;5.497601e-02;5.152631e-02;1.435917e-01;4.692328e-02;2.015729e-01;1.027398e-01;6.964914e-02;3.930863e-02;5.804525e-02
4.769746e-02;3.873162e-02;1.094418e-01;6.103710e-02;4.427587e-02;1.000494e-01;7.751184e-02;2.865593e-01;1.289712e-01;3.409855e-02;1.304176e-02;5.858411e-02
6.552923e-02;3.679511e-02;9.880246e-02;5.478225e-02;4.744709e-02;7.358167e-02;8.220954e-02;3.128670e-01;1.160464e-01;2.956759e-02;2.085636e-02;6.151536e-02
7.157168e-02;2.376702e-02;8.356671e-02;4.654802e-02;4.159945e-02;6.832147e-02;9.123990e-02;3.632624e-01;1.095942e-01;3.984717e-02;1.076596e-02;4.991597e-02
3.606280e-02;3.975937e-02;8.698822e-02;5.711434e-02;4.150577e-02;6.975617e-02;8.728100e-02;3.527047e-01;1.553613e-01;3.251277e-02;5.840135e-03;3.511336e-02
5.542826e-02;5.431440e-02;7.026085e-02;8.234930e-02;4.490997e-02;7.311615e-02;6.707044e-02;2.222267e-01;2.459579e-01;3.220496e-02;2.404273e-02;2.811839e-02
8.290225e-02;5.472337e-02;9.172975e-02;1.397031e-01;4.818339e-02;4.764353e-02;7.414971e-02;1.040498e-01;2.566733e-01;4.123545e-02;2.858678e-02;3.041966e-02
6.577431e-02;2.930167e-02;7.640649e-02;1.298726e-01;6.617118e-02;3.969534e-02;7.910031e-02;1.362954e-01;2.657614e-01;5.409515e-02;1.859145e-02;3.893466e-02
4.256071e-02;1.948609e-02;7.128074e-02;9.250836e-02;9.739093e-02;5.260822e-02;6.692073e-02;1.383433e-01;3.027605e-01;6.774315e-02;1.497737e-02;3.341980e-02
2.520611e-02;4.759355e-02;4.803494e-02;7.703821e-02;1.368681e-01;5.833880e-02;4.381827e-02;1.335293e-01;2.717133e-01;1.041441e-01;1.942458e-02;3.429076e-02
3.518387e-02;9.038127e-02;5.543173e-02;7.288614e-02;1.684979e-01;5.801721e-02;4.348272e-02;8.534463e-02;1.930009e-01;1.267516e-01;2.714421e-02;4.387784e-02
3.676178e-02;1.283594e-01;4.472687e-02;5.215429e-02;1.655393e-01;6.999230e-02;2.853980e-02;8.601937e-02;1.679398e-01;1.343061e-01;3.562663e-02;5.003438e-02
4.047451e-02;1.253590e-01;5.135410e-02;6.340011e-02;1.356335e-01;8.912570e-02;9.910363e-03;1.297359e-01;1.560878e-01;1.215605e-01;3.749555e-02;3.986292e-02
6.207694e-02;9.058423e-02;7.359706e-02;6.811584e-02;1.028222e-01;8.281130e-02;1.942909e-02;1.795450e-01;1.238357e-01;1.135228e-01;3.665432e-02;4.700555e-02
4.314448e-02;9.125042e-02;6.784904e-02;5.014901e-02;7.324767e-02;1.029989e-01;6.436804e-02;1.654685e-01;9.690851e-02;9.247582e-02;4.559797e-02;1.065417e-01
6.351045e-02;8.106693e-02;5.616917e-02;4.102473e-02;7.231727e-02;1.944890e-01;8.795246e-02;7.596160e-02;6.903816e-02;6.266860e-02;1.082262e-01;8.757547e-02
8.785539e-02;4.150913e-02;8.451217e-02;2.062881e-02;4.255351e-02;2.873970e-01;8.009506e-02;4.628508e-02;5.754321e-02;2.929339e-02;1.776882e-01;4.463902e-02
8.747855e-02;1.285654e-02;9.772186e-02;1.177797e-02;3.394393e-02;3.590234e-01;7.432660e-02;2.290015e-02;3.954126e-02;2.047063e-02;2.082419e-01;3.171729e-02
6.110386e-02;1.743808e-02;8.434588e-02;1.975471e-02;4.850986e-02;3.889366e-01;6.405731e-02;3.716981e-02;3.451568e-02;2.948852e-02;1.844314e-01;3.024830e-02
2.917522e-02;3.894787e-02;5.891710e-02;5.109649e-02;9.578723e-02;3.682867e-01;5.032212e-02;7.945678e-02;3.087355e-02;4.939994e-02;1.293034e-01;1.843362e-02
2.251522e-02;6.603863e-02;4.396082e-02;7.792050e-02;1.320209e-01;2.823220e-01;4.737345e-02;1.152694e-01;4.726887e-02;6.346804e-02;7.580467e-02;2.603750e-02
2.639543e-02;8.257485e-02;4.297877e-02;7.274124e-02;1.327117e-01;2.237266e-01;6.620245e-02;1.230180e-01;7.601431e-02;6.834911e-02;5.291712e-02;3.237042e-02
3.016033e-02;8.013155e-02;4.216500e-02;5.323025e-02;1.225823e-01;1.977966e-01;6.290947e-02;1.074533e-01;1.228428e-01;9.864316e-02;5.354898e-02;2.853620e-02
2.830882e-02;5.278295e-02;3.697243e-02;4.049129e-02;1.472649e-01;1.564313e-01;5.200877e-02;1.115653e-01;1.528813e-01;1.303162e-01;4.804695e-02;4.292970e-02
2.096004e-02;5.742904e-02;4.372342e-02;4.374270e-02;1.790993e-01;1.328357e-01;5.241239e-02;1.186995e-01;1.289298e-01;1.272095e-01;3.560694e-02;5.935168e-02
1.080694e-02;7.843009e-02;4.999193e-02;2.644437e-02;1.747299e-01;1.541819e-01;5.428972e-02;1.092061e-01;1.263244e-01;1.206698e-01;3.124305e-02;6.368177e-02
1.663724e-02;6.961615e-02;5.260070e-02;1.845440e-02;1.529207e-01;1.906356e-01;4.576166e-02;1.015683e-01;1.418076e-01;1.174268e-01;3.008643e-02;6.248442e-02
4.355472e-02;9.472126e-02;6.279439e-02;2.955526e-02;1.296059e-01;1.734764e-01;4.759152e-02;8.868069e-02;1.046609e-01;1.190074e-01;4.047369e-02;6.587777e-02
4.800743e-02;9.289467e-02;5.857844e-02;5.753189e-02;1.249226e-01;1.314792e-01;3.560903e-02;8.971684e-02;1.338045e-01;1.264908e-01;4.022975e-02;6.073481e-02
3.405624e-02;6.813524e-02;3.466887e-02;6.229209e-02;1.281254e-01;1.116666e-01;3.241736e-02;9.714719e-02;1.843843e-01;1.548892e-01;4.091980e-02;5.129782e-02
2.815090e-02;6.081284e-02;2.061571e-02;5.009548e-02;1.230104e-01;1.205061e-01;2.066179e-02;9.802552e-02;2.264686e-01;1.623601e-01;4.204059e-02;4.725198e-02
3.265443e-02;5.562110e-02;3.790243e-02;4.825215e-02;9.342095e-02;1.297408e-01;3.688508e-02;1.172996e-01;2.524984e-01;1.374405e-01;3.143862e-02;2.684597e-02
2.446374e-02;3.744258e-02;6.191372e-02;3.995043e-02;8.066498e-02;1.708364e-01;4.034739e-02;1.062609e-01;2.488988e-01;1.356283e-01;2.218787e-02;3.140492e-02
3.540640e-02;2.800413e-02;6.901661e-02;3.504931e-02;7.866776e-02;2.003855e-01;3.247579e-02;1.083757e-01;2.348900e-01;1.263581e-01;1.805637e-02;3.331449e-02
2.610409e-02;3.894493e-02;6.156137e-02;3.523625e-02;6.218638e-02;2.008163e-01;4.765905e-02;1.124415e-01;2.609196e-01;1.042725e-01;2.679601e-02;2.306206e-02
3.451191e-02;4.612380e-02;5.560181e-02;3.930031e-02;3.623235e-02;1.475253e-01;4.771081e-02;1.884622e-01;2.753419e-01;6.063680e-02;4.255144e-02;2.600131e-02
3.574058e-02;3.761097e-02;5.278580e-02;3.800748e-02;3.925768e-02;1.350569e-01;5.016658e-02;2.474105e-01;2.190755e-01;3.684926e-02;6.206383e-02;4.597493e-02
3.659068e-02;2.961436e-02;4.276639e-02;4.906050e-02;4.310483e-02;1.752584e-01;6.103894e-02;2.592850e-01;1.394593e-01;3.150406e-02;8.574749e-02;4.657010e-02
6.003819e-02;5.097219e-02;3.699659e-02;6.741500e-02;3.704640e-02;2.116056e-01;4.614010e-02;1.827188e-01;9.526917e-02;5.741740e-02;8.558732e-02;6.879325e-02
6.523976e-02;1.010332e-01;7.302943e-02;7.282430e-02;5.075726e-02;1.680089e-01;3.487116e-02;9.793459e-02;9.507916e-02;1.104560e-01;6.876060e-02;6.200559e-02
6.272683e-02;1.081475e-01;8.758762e-02;7.013588e-02;4.899445e-02;1.235415e-01;3.719157e-02;1.596573e-01;9.744888e-02;1.085111e-01;6.051286e-02;3.554464e-02
3.833526e-02;8.377828e-02;1.149619e-01;4.694031e-02;4.757737e-02;1.052420e-01;4.305790e-02;2.654950e-01;1.122170e-01;6.982911e-02;4.556726e-02;2.699872e-02
1.370014e-02;5.003687e-02;1.510688e-01;2.921016e-02;3.145750e-02;9.708695e-02;3.444287e-02;3.811894e-01;1.285740e-01;2.741823e-02;2.314477e-02;3.267030e-02
3.119055e-03;4.932313e-02;1.790705e-01;1.457675e-02;2.652824e-02;8.686955e-02;3.247972e-02;4.341334e-01;1.009248e-01;1.831356e-02;1.317967e-02;4.148166e-02
5.904939e-03;5.009010e-02;2.058441e-01;2.074596e-02;5.274470e-02;8.178603e-02;3.368464e-02;4.167635e-01;6.228299e-02;1.253581e-02;1.598090e-02;4.163629e-02
1.550432e-02;6.796559e-02;2.216472e-01;2.427207e-02;6.436428e-02;6.861664e-02;2.836840e-02;3.829187e-01;7.365342e-02;1.138371e-02;1.125759e-02;3.004810e-02
2.087794e-02;9.079435e-02;2.278094e-01;2.678220e-02;4.214217e-02;8.662815e-02;4.278619e-02;3.630858e-01;5.038661e-02;1.333597e-02;1.764763e-02;1.772352e-02
1.893601e-02;8.088011e-02;2.395084e-01;2.897288e-02;3.171502e-02;1.025096e-01;3.985875e-02;3.547141e-01;4.240482e-02;1.431315e-02;2.400697e-02;2.218015e-02
1.060134e-02;6.393065e-02;2.451656e-01;2.999625e-02;3.476362e-02;1.133120e-01;3.430365e-02;3.593584e-01;4.478885e-02;1.567069e-02;2.165183e-02;2.645708e-02
1.036093e-02;6.095953e-02;2.009220e-01;2.468834e-02;2.644999e-02;1.138875e-01;4.092535e-02;3.590932e-01;8.179200e-02;1.810626e-02;1.090114e-02;5.191380e-02
2.147637e-02;5.031228e-02;1.367618e-01;4.371372e-02;5.832233e-02;1.275229e-01;3.022846e-02;3.312992e-01;1.112414e-01;1.507106e-02;1.206471e-02;6.198570e-02
2.306166e-02;5.854465e-02;9.483206e-02;9.883305e-02;1.043465e-01;1.032912e-01;1.828865e-02;3.017209e-01;1.257089e-01;1.585729e-02;1.373369e-02;4.178143e-02
1.363526e-02;4.739656e-02;7.090078e-02;1.318419e-01;1.125084e-01;7.761056e-02;1.028453e-02;3.107159e-01;1.713312e-01;1.450302e-02;1.504698e-02;2.422487e-02
2.232438e-02;3.520430e-02;6.251117e-02;1.070878e-01;7.993782e-02;6.708118e-02;1.099998e-02;3.294101e-01;2.304391e-01;2.537604e-02;1.689855e-02;1.272966e-02
4.313276e-02;2.014497e-02;5.319586e-02;9.814110e-02;4.078608e-02;5.192605e-02;2.344867e-02;2.836994e-01;2.644337e-01;5.281946e-02;4.049687e-02;2.777508e-02
6.208693e-02;1.742566e-02;4.722459e-02;9.748833e-02;3.358096e-02;4.122661e-02;7.527027e-02;2.214108e-01;2.690626e-01;6.092323e-02;5.034361e-02;2.395641e-02
6.789807e-02;1.502154e-02;4.757537e-02;7.271163e-02;3.721802e-02;4.302863e-02;1.277153e-01;1.828495e-01;2.829802e-01;6.469431e-02;4.480691e-02;1.350052e-02
5.824014e-02;1.475256e-02;5.585012e-02;4.971906e-02;5.001117e-02;9.852125e-02;1.301440e-01;1.339944e-01;2.794288e-01;8.278418e-02;2.930847e-02;1.724587e-02
4.214783e-02;5.116075e-02;4.815726e-02;4.728370e-02;1.028152e-01;1.301648e-01;8.164938e-02;9.022474e-02;2.539612e-01;1.035180e-01;1.784310e-02;3.107394e-02
2.418566e-02;7.164904e-02;4.062307e-02;4.092272e-02;1.583332e-01;9.748244e-02;3.981484e-02;1.283815e-01;2.103207e-01;1.164981e-01;2.284740e-02;4.894143e-02
1.159754e-02;7.945849e-02;3.796373e-02;5.797189e-02;1.589338e-01;5.988402e-02;5.009404e-02;1.700802e-01;1.570347e-01;1.190759e-01;4.322862e-02;5.467713e-02
1.903535e-02;9.219234e-02;3.397740e-02;9.225710e-02;9.837868e-02;8.577600e-02;5.706937e-02;1.960241e-01;1.420656e-01;9.899549e-02;3.519236e-02;4.903617e-02
1.548931e-02;9.031551e-02;2.558112e-02;1.009501e-01;6.543373e-02;1.359021e-01;6.438630e-02;2.070215e-01;1.233253e-01;9.453335e-02;4.518845e-02;3.187318e-02
1.357424e-02;9.330201e-02;2.956586e-02;8.587009e-02;6.847829e-02;1.390436e-01;6.664678e-02;1.901872e-01;1.292025e-01;1.193136e-01;4.492649e-02;1.988932e-02
1.243418e-02;7.974842e-02;2.768970e-02;7.289904e-02;8.163064e-02;1.207068e-01;8.753735e-02;2.020176e-01;1.135241e-01;1.245183e-01;5.445553e-02;2.283821e-02
2.275502e-02;6.589203e-02;4.529833e-02;7.439487e-02;5.703478e-02;7.902624e-02;8.496769e-02;2.568579e-01;1.256509e-01;1.024883e-01;7.045236e-02;1.518159e-02
2.879778e-02;6.246504e-02;4.292595e-02;7.275929e-02;6.533463e-02;4.290926e-02;5.906587e-02;2.721402e-01;1.604971e-01;1.119871e-01;5.299659e-02;2.812123e-02
3.057346e-02;6.375729e-02;3.484610e-02;6.094397e-02;1.281713e-01;6.614748e-02;6.230595e-02;2.250485e-01;1.162646e-01;1.319305e-01;3.691560e-02;4.309537e-02
3.871336e-02;4.373570e-02;4.646822e-02;3.727031e-02;1.169163e-01;1.153283e-01;8.807487e-02;1.814905e-01;1.517807e-01;8.670880e-02;4.325323e-02;5.025986e-02
