8.687853e-02;4.864089e-02;5.341382e-02;6.674612e-02;6.626111e-02;6.323750e-02;1.373086e-01;1.311765e-01;9.395662e-02;7.405105e-02;9.342030e-02;8.490892e-02
9.874959e-02;5.978671e-02;7.010842e-02;5.370709e-02;5.716465e-02;7.829839e-02;1.294959e-01;1.043923e-01;5.954353e-02;5.107240e-02;1.346437e-01;1.030372e-01
8.263234e-02;5.663088e-02;1.036228e-01;2.924895e-02;4.061584e-02;1.099736e-01;8.414599e-02;7.127156e-02;9.183561e-02;1.711876e-02;2.116959e-01;1.012077e-01
4.447054e-02;3.498600e-02;1.010438e-01;1.770855e-02;3.191493e-02;1.725133e-01;4.382952e-02;6.412058e-02;1.290976e-01;3.066553e-02;2.553422e-01;7.430740e-02
2.878501e-02;2.754323e-02;8.118888e-02;3.050781e-02;4.065296e-02;2.384284e-01;4.442354e-02;6.085799e-02;1.250543e-01;4.509288e-02;2.369858e-01;4.047914e-02
2.137861e-02;4.790862e-02;6.382557e-02;4.390118e-02;6.026301e-02;2.270442e-01;6.603853e-02;7.882221e-02;9.867200e-02;6.299216e-02;1.839342e-01;4.521972e-02
2.268830e-02;6.591252e-02;4.038093e-02;5.236160e-02;8.029026e-02;1.996252e-01;5.773795e-02;1.113760e-01;7.214230e-02;1.016358e-01;1.449917e-01;5.085754e-02
4.400840e-02;8.978900e-02;3.628530e-02;4.653772e-02;7.717855e-02;1.664566e-01;3.566933e-02;1.383473e-01;8.307322e-02;1.127914e-01;1.271650e-01;4.269833e-02
5.813149e-02;9.365179e-02;3.983551e-02;3.637091e-02;5.147855e-02;1.454345e-01;5.095245e-02;1.483836e-01;1.020839e-01;8.112499e-02;1.433251e-01;4.922714e-02
7.189345e-02;5.927232e-02;5.485143e-02;4.621041e-02;5.170066e-02;1.450137e-01;7.168216e-02;1.263559e-01;8.069512e-02;4.917020e-02;2.072836e-01;3.587110e-02
7.915470e-02;3.850867e-02;9.792181e-02;4.555405e-02;5.412950e-02;1.031628e-01;5.559098e-02;8.309315e-02;8.238682e-02;9.244728e-02;2.368976e-01;3.115257e-02
8.476882e-02;3.001374e-02;1.189826e-01;2.845360e-02;4.253522e-02;1.085467e-01;8.230382e-02;7.203495e-02;1.259992e-01;1.048179e-01;1.327892e-01;6.875424e-02
8.699260e-02;1.763755e-02;9.776314e-02;3.920173e-02;3.202008e-02;2.109662e-01;7.450549e-02;6.751870e-02;1.602981e-01;7.856781e-02;4.213529e-02;9.239336e-02
4.754814e-02;2.609386e-02;5.867106e-02;3.275348e-02;2.795703e-02;2.266029e-01;7.642840e-02;7.600395e-02;1.523203e-01;6.614605e-02;1.150014e-01;9.447335e-02
3.054079e-02;2.608423e-02;7.965419e-02;2.170412e-02;3.574934e-02;2.086790e-01;6.689228e-02;8.589036e-02;1.451972e-01;8.180150e-02;1.739907e-01;4.381631e-02
3.503183e-02;2.793599e-02;6.704886e-02;2.195569e-02;2.932732e-02;1.868013e-01;3.561759e-02;7.781795e-02;1.190165e-01;1.263864e-01;2.506608e-01;2.239982e-02
1.702204e-02;3.184535e-02;5.240151e-02;9.726038e-03;3.402460e-02;1.882959e-01;5.648493e-02;6.990627e-02;9.234547e-02;1.258177e-01;2.795255e-01;4.260477e-02
2.720587e-02;3.772373e-02;7.561780e-02;1.750648e-02;4.727995e-02;2.098964e-01;7.524994e-02;7.572138e-02;6.538052e-02;1.291209e-01;2.036211e-01;3.567600e-02
4.262231e-02;5.155105e-02;1.176983e-01;3.617801e-02;4.563263e-02;2.095442e-01;1.234116e-01;5.612608e-02;6.155198e-02;1.093805e-01;2.613344e-02;1.201699e-01
3.504992e-02;6.431641e-02;1.038213e-01;4.011109e-02;3.797257e-02;1.570974e-01;1.414432e-01;4.971985e-02;4.750533e-02;6.342711e-02;9.525533e-02;1.642806e-01
3.357352e-02;5.482545e-02;7.773464e-02;3.497919e-02;3.425785e-02;1.184292e-01;1.876972e-01;4.529560e-02;2.529086e-02;3.201835e-02;1.128402e-01;2.430579e-01
4.263899e-02;4.422848e-02;4.258073e-02;5.088692e-02;2.441887e-02;6.995490e-02;2.275116e-01;5.259483e-02;2.693434e-02;1.653253e-02;6.978928e-02;3.319285e-01
1.757204e-01;5.896702e-02;3.525218e-02;5.019975e-02;2.118115e-02;3.134659e-02;1.933613e-01;9.145840e-02;2.084828e-02;2.348292e-02;3.405986e-02;2.641222e-01
3.560356e-01;5.641839e-02;4.093564e-02;3.743998e-02;3.991066e-02;3.697953e-02;1.253548e-01;1.418344e-01;2.718039e-02;1.437169e-02;9.881254e-03;1.136576e-01
3.756252e-01;1.204182e-01;5.496345e-02;1.856884e-02;6.794231e-02;2.209458e-02;6.543157e-02;1.675963e-01;2.140493e-02;1.685791e-02;1.580685e-02;5.328987e-02
3.229753e-01;1.735484e-01;4.727629e-02;1.270942e-02;9.567183e-02;2.028103e-02;4.534210e-02;1.925017e-01;2.331337e-02;1.532215e-02;2.711119e-02;2.394714e-02
2.313308e-01;2.229838e-01;3.876236e-02;1.991638e-02;8.542799e-02;8.397546e-02;2.674815e-02;1.746559e-01;5.658020e-02;1.253443e-02;3.092875e-02;1.615572e-02
1.491446e-01;2.673484e-01;3.796017e-02;2.924658e-02;5.931640e-02;1.111276e-01;5.510494e-02;1.207293e-01;1.062118e-01;1.331442e-02;3.351462e-02;1.698108e-02
8.641691e-02;3.372288e-01;6.863968e-02;2.524416e-02;3.565695e-02;7.020351e-02;4.485994e-02;8.986446e-02;1.517296e-01;1.445808e-02;5.597259e-02;1.972529e-02
1.010039e-01;3.159789e-01;7.720868e-02;2.799637e-02;3.957065e-02;4.127117e-02;2.939599e-02;7.708318e-02;1.351799e-01;2.042054e-02;9.255969e-02;4.233103e-02
1.278510e-01;2.353824e-01;1.042022e-01;3.784617e-02;5.817978e-02;3.155469e-02;3.133139e-02;7.425701e-02;9.145999e-02;2.954393e-02;1.084898e-01;6.990166e-02
1.380481e-01;1.612775e-01;1.054514e-01;3.495660e-02;5.755679e-02;4.185213e-02;2.661197e-02;8.198289e-02;8.546385e-02;4.826362e-02;1.080209e-01;1.105142e-01
1.274480e-01;1.826002e-01;6.872096e-02;2.929790e-02;3.843318e-02;5.229925e-02;4.965048e-02;1.012421e-01;1.115466e-01;5.677948e-02;8.769181e-02;9.429002e-02
1.106113e-01;1.652022e-01;6.358862e-02;3.488763e-02;3.958582e-02;1.011420e-01;1.050914e-01;1.290289e-01;1.027387e-01;3.701591e-02;8.584078e-02;2.526673e-02
6.384551e-02;1.795962e-01;5.685256e-02;6.553785e-02;4.282737e-02;1.050413e-01;1.399961e-01;1.523692e-01;5.779275e-02;3.945975e-02;5.058708e-02;4.609438e-02
7.236055e-02;2.154266e-01;7.155881e-02;6.605440e-02;5.764158e-02;9.108406e-02;1.152396e-01;1.156181e-01;4.348987e-02;5.118006e-02;4.200334e-02;5.834306e-02
5.511279e-02;2.240974e-01;8.715519e-02;4.982862e-02;6.174415e-02;8.267117e-02;7.266591e-02;1.132418e-01;6.049205e-02;5.248078e-02;6.646566e-02;7.404452e-02
7.990856e-02;1.936966e-01;8.637740e-02;4.128559e-02;4.175386e-02;8.508474e-02;8.722360e-02;1.177419e-01;8.429666e-02;4.337611e-02;9.470692e-02;4.454800e-02
1.113433e-01;1.943542e-01;7.008370e-02;4.185626e-02;4.657980e-02;6.903497e-02;8.609919e-02;8.472127e-02;1.067329e-01;3.987464e-02;8.623353e-02;6.308622e-02
7.225072e-02;1.992916e-01;7.963961e-02;4.741071e-02;3.394577e-02;6.751463e-02;8.532764e-02;1.095968e-01;8.701685e-02;5.946261e-02;4.955462e-02;1.089884e-01
9.535169e-02;1.505498e-01;6.486350e-02;5.334807e-02;3.998309e-02;8.698147e-02;1.154537e-01;1.305898e-01;5.082283e-02;6.319879e-02;3.731554e-02;1.115417e-01
7.419234e-02;1.251444e-01;4.272928e-02;6.484816e-02;2.749437e-02;6.565215e-02;1.712678e-01;7.567221e-02;4.980123e-02;6.287095e-02;3.844561e-02;2.018815e-01
7.922698e-02;1.095376e-01;4.220846e-02;5.863761e-02;1.226110e-02;5.392093e-02;1.844552e-01;6.167134e-02;5.908279e-02;3.799456e-02;6.507211e-02;2.359313e-01
1.188986e-01;1.050751e-01;6.235554e-02;3.629323e-02;3.247775e-02;4.950115e-02;1.398293e-01;1.016805e-01;7.182650e-02;2.471777e-02;9.078101e-02;1.665635e-01
1.724598e-01;9.418301e-02;6.134806e-02;3.996673e-02;4.370476e-02;5.143884e-02;1.023869e-01;1.045468e-01;1.098570e-01;4.048132e-02;9.432445e-02;8.530223e-02
2.275461e-01;1.143945e-01;4.173503e-02;4.610218e-02;2.784959e-02;4.617967e-02;9.397746e-02;6.714795e-02;1.155772e-01;5.569307e-02;1.034287e-01;6.036848e-02
2.422804e-01;7.975074e-02;8.024185e-02;3.629574e-02;5.902373e-02;8.771823e-02;5.813560e-02;3.060015e-02;6.793020e-02;4.512604e-02;1.041392e-01;1.087581e-01
1.831276e-01;1.356091e-01;8.573858e-02;2.136036e-02;7.345580e-02;1.144594e-01;3.770900e-02;5.822594e-02;8.577587e-02;3.145861e-02;7.730073e-02;9.577899e-02
1.500126e-01;1.752763e-01;6.350989e-02;2.576300e-02;5.045556e-02;1.278356e-01;6.169759e-02;6.557535e-02;1.233417e-01;2.906428e-02;8.641525e-02;4.105290e-02
6.612670e-02;1.978842e-01;6.741256e-02;4.404339e-02;4.451920e-02;9.485404e-02;7.595234e-02;9.484714e-02;9.952913e-02;4.797352e-02;1.187629e-01;4.809494e-02
5.791999e-02;1.205585e-01;1.307372e-01;6.662061e-02;5.529204e-02;8.689947e-02;1.033862e-01;1.321644e-01;6.355425e-02;6.770485e-02;6.666004e-02;4.850251e-02
5.739170e-02;9.337178e-02;9.303278e-02;8.033122e-02;4.566557e-02;7.407270e-02;1.497957e-01;1.797523e-01;5.815073e-02;7.109890e-02;4.149198e-02;5.584465e-02
4.765160e-02;6.876878e-02;4.559894e-02;9.679630e-02;2.921265e-02;6.287879e-02;2.354985e-01;2.202653e-01;3.981589e-02;7.437282e-02;2.003686e-02;5.910359e-02
2.689089e-02;4.216942e-02;2.237382e-02;1.019492e-01;1.753837e-02;5.824662e-02;3.483211e-01;1.912958e-01;3.194431e-02;5.999212e-02;1.591872e-02;8.335956e-02
1.584375e-02;3.503502e-02;4.297146e-02;7.395483e-02;3.204944e-02;1.181525e-01;3.520505e-01;1.088524e-01;5.295219e-02;3.596534e-02;4.555494e-02;8.661763e-02
1.862981e-02;3.209789e-02;7.927725e-02;5.015428e-02;5.749130e-02;2.034158e-01;2.695015e-01;4.521121e-02;7.012770e-02;2.124911e-02;8.326916e-02;6.957500e-02
2.171124e-02;3.533423e-02;9.237377e-02;5.339530e-02;7.373658e-02;2.410432e-01;1.910018e-01;4.872319e-02;7.236018e-02;2.625254e-02;9.181871e-02;5.224926e-02
4.209366e-02;5.235869e-02;6.570420e-02;7.262348e-02;4.826958e-02;2.128351e-01;1.764048e-01;8.787674e-02;6.640647e-02;5.205936e-02;6.314567e-02;6.022218e-02
7.278077e-02;7.028281e-02;6.050581e-02;6.361968e-02;5.025296e-02;1.982488e-01;1.352112e-01;8.481796e-02;1.027355e-01;4.445661e-02;2.466366e-02;9.242430e-02
7.699906e-02;7.242187e-02;6.389277e-02;5.547710e-02;4.207724e-02;1.474375e-01;1.651504e-01;6.968756e-02;1.061084e-01;3.339529e-02;7.353923e-02;9.381360e-02
5.732147e-02;6.942212e-02;4.444209e-02;9.209215e-02;3.902313e-02;8.218759e-02;2.957053e-01;3.609930e-02;8.367080e-02;4.789379e-02;6.908006e-02;8.306216e-02
6.060300e-02;6.252969e-02;4.731347e-02;8.513514e-02;4.237888e-02;7.059266e-02;2.840205e-01;8.982097e-02;8.189842e-02;6.305348e-02;4.358646e-02;6.906728e-02
5.770990e-02;6.779326e-02;1.016448e-01;4.354112e-02;5.263560e-02;1.161780e-01;2.227653e-01;1.492708e-01;4.418001e-02;4.569394e-02;3.660781e-02;6.197943e-02
6.316134e-02;9.145924e-02;1.206202e-01;4.515686e-02;6.394517e-02;1.322384e-01;1.630868e-01;1.484778e-01;5.443728e-02;3.872703e-02;3.268630e-02;4.600369e-02
5.243001e-02;9.546193e-02;1.464111e-01;5.549105e-02;7.260644e-02;1.231069e-01;1.686835e-01;1.297266e-01;4.074683e-02;3.674885e-02;4.048599e-02;3.810084e-02
4.966810e-02;7.878164e-02;1.515689e-01;5.199228e-02;6.732330e-02;1.103683e-01;1.440160e-01;7.507141e-02;5.340038e-02;6.160605e-02;1.310096e-01;2.519421e-02
5.236123e-02;5.406729e-02;9.255530e-02;3.419134e-02;6.252576e-02;2.505112e-01;1.033994e-01;5.588563e-02;6.341805e-02;5.297165e-02;1.522484e-01;2.586470e-02
3.318028e-02;8.707857e-02;4.319275e-02;4.952230e-02;1.021259e-01;2.745673e-01;8.025040e-02;7.922748e-02;5.144593e-02;4.611329e-02;1.122842e-01;4.101154e-02
1.781303e-02;1.169849e-01;1.225255e-02;6.458109e-02;1.713522e-01;2.185362e-01;4.885839e-02;9.209057e-02;3.303767e-02;8.534376e-02;6.617204e-02;7.297761e-02
3.153340e-02;9.929421e-02;2.931800e-02;7.919780e-02;1.920165e-01;1.652193e-01;4.420549e-02;6.761468e-02;5.132350e-02;1.068581e-01;4.495075e-02;8.846826e-02
6.046237e-02;5.922345e-02;4.773582e-02;1.258752e-01;1.598326e-01;1.318090e-01;4.214066e-02;6.333251e-02;8.682758e-02;1.141552e-01;4.457314e-02;6.403232e-02
7.854278e-02;4.743328e-02;8.530406e-02;1.509638e-01;1.096069e-01;9.718074e-02;5.479869e-02;7.617994e-02;1.008408e-01;1.005847e-01;5.985624e-02;3.870805e-02
7.129361e-02;4.914856e-02;8.508220e-02;1.297293e-01;9.256396e-02;1.149307e-01;7.813291e-02;8.569042e-02;1.023226e-01;7.555354e-02;6.907909e-02;4.647313e-02
4.732471e-02;9.916393e-02;7.157417e-02;1.046242e-01;5.091833e-02;9.827860e-02;1.355436e-01;8.684653e-02;9.849711e-02;6.542123e-02;8.345512e-02;5.835251e-02
4.237639e-02;8.216565e-02;7.517667e-02;6.607410e-02;8.351332e-02;1.236343e-01;2.092649e-01;8.301401e-02;7.582311e-02;5.447425e-02;6.171666e-02;4.276658e-02
4.998004e-02;7.751056e-02;1.080674e-01;6.139819e-02;7.987629e-02;1.918336e-01;1.762754e-01;6.901164e-02;5.692021e-02;6.021321e-02;3.626369e-02;3.264971e-02
7.114659e-02;7.300606e-02;1.007597e-01;7.106274e-02;9.151825e-02;2.280481e-01;1.244584e-01;5.115397e-02;4.459654e-02;6.284952e-02;3.916811e-02;4.223207e-02
6.892505e-02;7.269431e-02;6.695607e-02;3.596581e-02;9.144641e-02;2.578168e-01;1.049971e-01;5.511303e-02;5.512876e-02;6.766817e-02;6.280763e-02;6.048093e-02
5.538188e-02;9.142575e-02;5.858654e-02;4.242740e-02;8.696768e-02;2.080404e-01;1.139496e-01;7.630099e-02;3.557211e-02;8.420631e-02;8.340684e-02;6.373462e-02
4.606062e-02;1.210319e-01;9.701725e-02;5.398035e-02;7.114296e-02;1.266872e-01;9.463662e-02;7.769493e-02;4.614294e-02;1.071176e-01;8.821491e-02;7.027268e-02
3.940501e-02;1.036702e-01;1.059412e-01;8.157618e-02;6.937304e-02;8.536334e-02;9.101246e-02;1.035370e-01;6.677271e-02;1.173932e-01;6.897053e-02;6.698509e-02
5.424299e-02;9.266056e-02;9.416071e-02;1.073863e-01;7.853605e-02;6.762264e-02;1.168994e-01;1.003975e-01;7.590032e-02;8.825400e-02;5.256114e-02;7.137833e-02
4.789846e-02;9.678925e-02;7.448927e-02;8.891524e-02;8.880586e-02;7.801393e-02;1.692206e-01;7.692222e-02;1.156895e-01;7.663534e-02;3.242886e-02;5.419144e-02
5.260659e-02;9.313001e-02;5.881735e-02;1.183815e-01;8.430210e-02;5.737947e-02;1.853638e-01;7.063575e-02;1.106268e-01;8.052281e-02;3.809064e-02;5.014315e-02
5.893286e-02;7.863149e-02;6.891331e-02;1.662573e-01;1.001513e-01;7.596219e-02;1.089494e-01;1.052777e-01;7.356080e-02;7.489198e-02;4.063676e-02;4.783501e-02
4.546412e-02;4.900501e-02;5.024387e-02;1.947328e-01;9.872391e-02;6.584767e-02;1.319927e-01;1.226808e-01;6.572158e-02;7.144053e-02;3.469861e-02;6.944842e-02
2.868949e-02;4.287704e-02;7.711852e-02;1.138356e-01;6.664583e-02;1.400053e-01;1.625564e-01;1.125006e-01;7.063463e-02;6.382225e-02;4.673365e-02;7.458070e-02
3.118736e-02;8.054312e-02;1.098223e-01;4.876537e-02;7.038879e-02;1.756015e-01;1.151720e-01;7.979046e-02;9.138986e-02;7.887229e-02;5.318870e-02;6.527833e-02
4.039927e-02;9.934794e-02;8.902383e-02;6.193889e-02;6.437828e-02;1.491942e-01;8.243591e-02;8.797775e-02;1.070981e-01;1.006581e-01;6.162984e-02;5.591785e-02
5.690030e-02;9.509311e-02;3.682926e-02;8.062341e-02;5.791216e-02;1.231355e-01;1.899432e-01;6.146337e-02;8.847781e-02;1.182258e-01;3.965629e-02;5.173974e-02
4.754616e-02;8.134265e-02;3.380209e-02;6.895670e-02;5.409452e-02;6.658908e-02;3.190324e-01;8.928162e-02;6.701170e-02;6.450512e-02;3.242107e-02;7.541696e-02
3.394188e-02;4.826756e-02;2.927749e-02;5.851848e-02;5.713678e-02;7.524110e-02;3.699119e-01;1.364692e-01;5.730278e-02;2.285643e-02;3.462313e-02;7.645324e-02
3.991367e-02;6.735539e-02;2.823853e-02;6.631017e-02;4.750618e-02;7.871532e-02;3.904035e-01;8.330879e-02;4.205203e-02;4.203190e-02;2.180234e-02;9.236217e-02
5.081161e-02;7.585104e-02;2.325036e-02;6.357332e-02;3.529687e-02;1.456747e-01;3.172481e-01;6.300990e-02;4.649737e-02;6.543002e-02;1.782664e-02;9.553009e-02
8.445591e-02;9.013507e-02;3.979001e-02;5.071680e-02;4.121404e-02;1.564815e-01;1.758818e-01;1.201266e-01;7.731389e-02;6.816704e-02;2.303775e-02;7.267969e-02
1.076626e-01;1.429532e-01;6.202499e-02;3.732214e-02;5.185416e-02;1.060836e-01;1.020665e-01;1.972429e-01;8.480997e-02;4.446608e-02;3.246609e-02;3.104758e-02
8.806834e-02;2.421813e-01;1.171804e-01;3.614469e-02;4.873566e-02;6.899017e-02;9.192991e-02;1.434835e-01;7.103535e-02;5.178443e-02;2.745943e-02;1.300689e-02
6.733838e-02;3.011964e-01;1.756684e-01;4.852217e-02;2.954545e-02;4.448017e-02;1.016420e-01;6.447990e-02;7.907107e-02;6.526486e-02;1.108393e-02;1.170726e-02
6.792380e-02;2.736492e-01;1.784714e-01;5.169424e-02;2.487356e-02;5.223465e-02;1.328257e-01;4.868131e-02;7.307495e-02;5.026142e-02;3.242233e-02;1.388740e-02
8.226024e-02;2.158387e-01;1.339456e-01;3.709943e-02;4.167085e-02;7.284861e-02;1.756410e-01;7.277890e-02;5.061519e-02;4.043635e-02;6.414648e-02;1.271859e-02
8.481837e-02;1.859866e-01;1.121517e-01;1.923713e-02;9.186056e-02;7.164110e-02;1.646335e-01;7.888515e-02;3.931130e-02;2.993185e-02;1.084792e-01;1.306365e-02
9.995265e-02;1.608652e-01;1.043750e-01;2.334854e-02;1.367399e-01;8.917133e-02;9.060354e-02;1.195320e-01;4.052699e-02;1.834134e-02;1.007306e-01;1.581300e-02
1.006987e-01;1.212386e-01;9.274524e-02;7.963704e-02;1.155690e-01;1.125357e-01;7.693827e-02;1.185212e-01;4.503876e-02;2.684883e-02;5.220097e-02;5.802768e-02
6.355239e-02;1.167367e-01;7.364655e-02;1.439785e-01;6.143980e-02;7.439185e-02;1.486177e-01;9.630593e-02;4.157379e-02;3.277927e-02;3.131942e-02;1.156581e-01
5.267831e-02;9.659245e-02;1.108587e-01;1.092167e-01;8.388384e-02;8.467575e-02;1.250441e-01;9.874913e-02;4.407198e-02;2.779334e-02;6.622860e-02;1.002070e-01
6.422070e-02;7.350808e-02;1.534267e-01;7.964572e-02;7.154527e-02;1.503266e-01;9.402142e-02;7.813945e-02;5.456114e-02;5.396246e-02;8.671190e-02;3.993052e-02
4.828017e-02;1.071271e-01;8.961826e-02;9.769479e-02;1.346079e-01;1.543568e-01;7.321577e-02;9.294847e-02;6.607513e-02;6.552467e-02;3.916733e-02;3.138360e-02
5.624816e-02;7.536577e-02;5.348469e-02;1.024527e-01;1.785856e-01;1.393050e-01;8.076125e-02;1.121341e-01;8.955114e-02;6.295576e-02;2.269997e-02;2.645593e-02
9.103993e-02;3.609924e-02;4.446299e-02;1.556574e-01;1.494346e-01;9.011372e-02;9.225468e-02;1.078387e-01;1.218495e-01;5.149037e-02;3.771815e-02;2.204075e-02
1.202773e-01;2.960141e-02;3.999594e-02;2.204928e-01;9.178450e-02;4.538956e-02;8.004152e-02;7.999453e-02;1.675974e-01;2.978266e-02;6.439579e-02;3.064656e-02
1.395185e-01;4.546586e-02;5.468462e-02;2.439674e-01;6.586200e-02;2.920118e-02;3.559097e-02;6.326100e-02;1.835680e-01;1.962936e-02;7.776753e-02;4.148358e-02
1.516598e-01;5.226035e-02;9.514798e-02;2.343588e-01;3.567364e-02;1.652019e-02;6.548953e-02;7.254457e-02;1.734674e-01;1.105548e-02;6.357308e-02;2.824911e-02
1.273319e-01;4.601375e-02;1.687454e-01;1.954571e-01;6.111566e-02;2.231652e-02;7.965747e-02;8.193767e-02;1.441278e-01;1.510009e-02;4.236325e-02;1.583334e-02
9.801403e-02;4.037318e-02;1.990601e-01;1.676712e-01;8.146375e-02;2.052286e-02;9.050696e-02;8.018864e-02;1.360558e-01;3.345503e-02;4.333045e-02;9.357972e-03
7.936991e-02;2.368085e-02;1.585684e-01;1.503523e-01;8.459422e-02;2.757778e-02;9.723345e-02;8.838032e-02;1.807857e-01;5.550813e-02;3.641426e-02;1.753474e-02
6.693000e-02;2.493051e-02;9.110990e-02;1.067013e-01;8.099381e-02;7.210559e-02;7.314655e-02;1.403963e-01;2.524333e-01;5.415921e-02;2.143989e-02;1.565359e-02
5.987216e-02;3.028503e-02;6.178425e-02;7.014584e-02;8.155268e-02;1.277529e-01;4.803101e-02;1.791410e-01;2.721695e-01;4.184148e-02;1.703368e-02;1.039046e-02
5.890241e-02;3.823498e-02;3.440714e-02;4.652077e-02;1.204833e-01;1.286780e-01;6.204888e-02;1.550782e-01;2.560785e-01;5.464785e-02;3.453419e-02;1.038582e-02
5.028505e-02;4.059842e-02;4.141948e-02;4.318664e-02;1.609187e-01;8.022388e-02;6.626648e-02;1.207279e-01;2.457842e-01;8.710362e-02;4.306551e-02;2.042005e-02
3.078957e-02;4.620777e-02;6.870108e-02;9.490111e-02;1.537835e-01;6.456543e-02;8.099923e-02;9.382868e-02;1.919386e-01;9.392939e-02;5.105314e-02;2.930257e-02
3.869745e-02;6.515324e-02;6.803411e-02;1.583938e-01;7.657734e-02;8.045377e-02;1.017201e-01;8.091059e-02;1.205804e-01;8.417911e-02;8.899695e-02;3.630315e-02
4.458408e-02;6.327116e-02;4.731057e-02;1.498695e-01;7.499151e-02;1.554454e-01;1.393972e-01;5.469954e-02;6.773964e-02;4.700757e-02;9.083635e-02;6.484748e-02
4.978338e-02;7.441130e-02;6.962748e-02;1.318526e-01;4.506141e-02;2.202545e-01;1.402262e-01;3.791210e-02;5.822823e-02;3.744041e-02;7.866264e-02;5.653982e-02
5.528307e-02;6.648752e-02;6.517926e-02;1.505143e-01;3.858474e-02;2.879399e-01;1.392995e-01;3.585206e-02;4.519601e-02;2.084845e-02;6.582280e-02;2.899236e-02
5.931639e-02;3.265208e-02;7.221848e-02;1.043132e-01;1.902763e-02;3.356815e-01;2.010885e-01;2.898419e-02;2.809218e-02;1.575083e-02;8.305393e-02;1.982106e-02
6.707767e-02;1.741873e-02;8.541829e-02;4.183640e-02;1.115398e-02;3.251454e-01;2.188502e-01;3.589857e-02;2.404935e-02;7.583349e-03;1.407928e-01;2.477529e-02
8.244897e-02;1.354495e-02;1.001908e-01;1.963022e-02;1.128794e-02;2.829176e-01;1.446153e-01;3.355025e-02;2.493889e-02;1.257824e-02;2.409389e-01;3.335781e-02
8.158249e-02;1.922824e-02;1.121639e-01;1.811966e-02;1.922087e-02;2.052986e-01;4.896978e-02;2.362004e-02;6.360975e-02;1.264109e-02;3.262553e-01;6.929036e-02
4.859392e-02;2.487407e-02;8.970326e-02;2.386065e-02;3.038926e-02;1.268406e-01;8.785731e-02;2.027484e-02;1.128761e-01;1.502632e-02;3.080574e-01;1.116463e-01
3.064755e-02;2.586302e-02;5.995106e-02;3.723331e-02;5.386794e-02;8.585400e-02;1.491178e-01;2.574925e-02;1.255403e-01;2.524875e-02;2.266863e-01;1.542408e-01
2.800140e-02;4.921767e-02;2.768758e-02;5.046981e-02;4.353187e-02;8.269791e-02;2.213211e-01;1.893724e-02;6.272691e-02;2.631010e-02;1.477468e-01;2.413516e-01
1.641947e-02;5.552601e-02;1.717468e-02;6.724377e-02;2.091369e-02;4.959715e-02;2.603066e-01;2.530016e-02;2.989364e-02;2.987102e-02;1.001669e-01;3.275869e-01
1.792543e-02;7.690388e-02;1.769559e-02;8.115523e-02;1.439716e-02;5.270678e-02;2.894754e-01;1.769887e-02;2.078404e-02;3.173833e-02;4.614905e-02;3.333702e-01
1.849638e-02;1.082999e-01;1.723381e-02;7.162248e-02;1.760954e-02;1.220743e-01;3.020952e-01;1.566514e-02;1.658134e-02;1.660239e-02;1.995576e-02;2.737637e-01
2.704983e-02;1.145585e-01;1.917698e-02;6.936350e-02;3.638484e-02;1.906286e-01;2.794832e-01;1.890146e-02;1.582735e-02;1.248454e-02;1.801731e-02;1.981239e-01
3.696561e-02;1.021843e-01;3.370094e-02;7.532816e-02;5.410587e-02;2.205794e-01;2.380665e-01;3.379830e-02;2.250607e-02;1.890918e-02;2.096106e-02;1.428946e-01
4.834078e-02;7.527968e-02;4.963747e-02;6.170462e-02;5.057428e-02;2.327817e-01;2.046575e-01;4.090107e-02;5.719673e-02;1.459074e-02;6.441214e-02;9.992331e-02
3.574114e-02;5.656582e-02;7.413794e-02;4.359204e-02;2.158198e-02;2.361446e-01;1.234322e-01;4.501186e-02;9.432797e-02;2.972377e-02;1.113542e-01;1.283866e-01
6.586072e-02;6.068050e-02;8.443227e-02;5.217816e-02;5.806841e-02;2.090306e-01;7.463513e-02;4.353678e-02;7.453815e-02;3.116095e-02;1.241145e-01;1.217638e-01
7.959611e-02;8.422380e-02;4.926117e-02;4.142242e-02;1.078410e-01;1.562625e-01;1.398499e-01;5.372757e-02;5.459753e-02;1.902303e-02;1.103326e-01;1.038624e-01
5.300209e-02;6.354418e-02;5.482676e-02;3.486053e-02;1.446765e-01;1.224006e-01;1.954360e-01;5.032253e-02;4.319789e-02;1.902222e-02;1.077945e-01;1.109162e-01
5.354428e-02;3.519012e-02;9.027190e-02;2.948453e-02;1.164975e-01;1.205541e-01;1.707865e-01;2.750610e-02;5.458161e-02;2.236455e-02;1.589749e-01;1.202440e-01
6.792538e-02;3.018375e-02;9.464304e-02;1.883168e-02;6.506055e-02;1.649472e-01;1.396144e-01;2.269631e-02;6.293693e-02;1.700553e-02;2.030589e-01;1.130964e-01
5.681302e-02;2.748162e-02;8.399030e-02;2.176953e-02;4.351564e-02;2.019567e-01;1.487176e-01;2.689348e-02;5.426280e-02;2.116949e-02;1.889773e-01;1.244525e-01
3.136996e-02;4.432933e-02;7.381839e-02;4.529117e-02;8.372214e-02;1.630838e-01;1.552190e-01;4.524570e-02;6.941663e-02;2.762041e-02;1.237411e-01;1.371423e-01
3.316711e-02;4.288269e-02;6.592257e-02;5.304169e-02;7.410874e-02;8.420316e-02;1.479515e-01;5.603355e-02;8.774672e-02;3.283870e-02;1.476363e-01;1.744672e-01
2.603080e-02;2.755816e-02;5.870250e-02;3.086018e-02;4.561399e-02;1.019127e-01;1.345944e-01;5.048232e-02;8.141679e-02;2.299461e-02;1.901836e-01;2.296500e-01
2.841205e-02;3.923464e-02;6.629910e-02;1.890790e-02;3.964953e-02;1.197717e-01;1.366304e-01;4.767756e-02;8.695834e-02;2.951797e-02;1.686630e-01;2.182778e-01
2.632300e-02;5.151438e-02;8.355238e-02;3.711622e-02;2.748621e-02;1.431123e-01;1.713705e-01;4.695166e-02;1.096010e-01;3.743350e-02;1.067237e-01;1.588153e-01
1.113061e-02;5.251207e-02;5.141073e-02;4.979429e-02;6.529392e-02;1.416035e-01;1.875800e-01;6.159210e-02;9.582486e-02;4.654719e-02;6.562962e-02;1.710811e-01
5.302967e-02;5.864584e-02;4.013737e-02;6.131150e-02;7.221026e-02;1.083650e-01;1.441651e-01;7.668690e-02;8.601753e-02;4.547354e-02;8.836628e-02;1.655910e-01
9.532126e-02;4.952380e-02;6.519234e-02;6.861585e-02;4.024431e-02;1.131919e-01;1.120741e-01;6.463657e-02;8.289810e-02;3.405075e-02;1.460163e-01;1.282347e-01
9.746321e-02;7.019048e-02;6.944046e-02;1.056601e-01;5.724858e-02;1.759461e-01;9.388252e-02;4.145083e-02;7.041844e-02;3.443039e-02;9.451202e-02;8.935688e-02
6.583034e-02;1.253873e-01;3.567645e-02;1.161432e-01;1.370325e-01;1.556032e-01;5.644871e-02;4.563290e-02;5.728141e-02;6.433170e-02;7.643636e-02;6.419596e-02
4.453409e-02;1.555077e-01;1.667766e-02;8.793234e-02;2.178380e-01;1.132794e-01;3.657214e-02;4.619687e-02;6.814452e-02;7.939794e-02;4.456668e-02;8.935260e-02
3.261513e-02;1.240634e-01;5.306425e-02;7.915525e-02;2.423815e-01;8.925057e-02;4.678339e-02;4.002111e-02;9.053120e-02;7.871204e-02;2.656146e-02;9.686067e-02
6.992085e-02;6.670705e-02;1.047828e-01;1.195700e-01;1.734978e-01;8.413824e-02;6.426731e-02;5.414066e-02;1.128552e-01;5.804053e-02;2.837088e-02;6.370872e-02
1.024203e-01;5.700652e-02;1.110932e-01;1.542038e-01;9.825112e-02;9.561643e-02;6.130022e-02;7.666904e-02;1.239900e-01;4.043102e-02;4.639782e-02;3.262049e-02
8.890624e-02;7.596876e-02;9.312051e-02;1.421261e-01;7.782287e-02;9.252632e-02;3.944270e-02;1.021057e-01;1.014419e-01;4.932725e-02;6.371590e-02;7.349581e-02
5.432389e-02;6.198590e-02;1.003801e-01;1.021884e-01;6.616209e-02;1.078285e-01;4.456547e-02;1.441908e-01;8.883258e-02;5.330352e-02;4.634596e-02;1.298928e-01
2.412990e-02;4.470390e-02;9.956835e-02;7.942484e-02;7.495060e-02;1.131919e-01;7.068596e-02;1.615839e-01;1.234440e-01;2.682376e-02;4.762648e-02;1.338665e-01
2.032101e-02;5.887581e-02;9.947725e-02;8.584590e-02;8.252464e-02;8.481251e-02;7.171529e-02;1.826532e-01;1.084156e-01;3.199746e-02;5.291874e-02;1.204427e-01
8.677540e-03;6.105110e-02;1.091619e-01;8.007509e-02;7.619627e-02;9.610839e-02;8.595602e-02;2.310958e-01;7.744773e-02;4.216683e-02;5.661766e-02;7.544567e-02
1.395805e-02;5.052536e-02;8.587004e-02;5.549178e-02;5.707104e-02;1.231783e-01;1.014661e-01;2.493359e-01;7.264550e-02;3.708109e-02;6.514362e-02;8.823320e-02
1.271827e-02;4.004918e-02;4.324070e-02;5.751221e-02;6.446692e-02;6.052417e-02;1.375654e-01;2.447437e-01;1.156615e-01;3.607137e-02;6.469733e-02;1.227494e-01
1.951362e-02;4.080369e-02;3.331618e-02;6.757680e-02;9.050707e-02;8.947239e-02;1.397626e-01;2.203257e-01;1.454562e-01;3.412408e-02;3.750834e-02;8.163335e-02
3.275453e-02;3.291497e-02;3.271117e-02;7.815696e-02;6.589395e-02;1.333424e-01;1.296117e-01;1.734320e-01;1.714572e-01;3.540467e-02;5.138507e-02;6.293534e-02
4.337483e-02;1.816399e-02;3.011509e-02;8.363706e-02;4.704938e-02;1.549236e-01;1.235400e-01;1.430850e-01;1.743021e-01;3.280671e-02;1.085427e-01;4.045951e-02
5.851256e-02;1.840287e-02;4.047075e-02;1.185429e-01;5.057863e-02;1.313132e-01;1.066712e-01;1.060689e-01;1.784888e-01;2.551632e-02;1.273314e-01;3.810260e-02
8.508252e-02;7.020386e-02;5.235611e-02;1.329584e-01;7.148798e-02;8.690368e-02;8.246883e-02;7.060674e-02;1.955813e-01;3.149693e-02;7.962703e-02;4.122660e-02
7.718493e-02;7.293879e-02;9.570899e-02;1.536249e-01;6.549270e-02;6.621315e-02;8.245801e-02;1.194538e-01;1.640511e-01;2.697523e-02;2.730340e-02;4.859486e-02
5.490255e-02;3.828784e-02;9.848025e-02;1.746902e-01;4.783883e-02;7.445247e-02;1.025673e-01;1.447112e-01;1.766284e-01;2.222684e-02;2.816848e-02;3.704566e-02
3.824127e-02;1.547773e-02;6.376142e-02;2.060989e-01;4.773613e-02;6.063269e-02;1.058161e-01;1.586858e-01;2.140913e-01;3.153910e-02;2.702465e-02;3.089492e-02
3.874246e-02;1.668789e-02;3.115825e-02;2.349150e-01;6.127236e-02;2.565982e-02;7.650460e-02;1.552509e-01;2.562677e-01;4.304334e-02;3.264747e-02;2.785024e-02
4.717721e-02;1.760630e-02;4.231716e-02;2.029420e-01;6.776039e-02;3.786498e-02;9.005134e-02;1.325946e-01;2.632010e-01;3.641273e-02;3.593786e-02;2.613441e-02
4.555981e-02;1.511233e-02;3.854162e-02;1.746875e-01;8.655185e-02;5.651165e-02;1.184576e-01;1.379902e-01;2.479840e-01;3.859280e-02;2.947921e-02;1.053141e-02
3.530457e-02;1.567915e-02;5.380714e-02;1.481052e-01;1.071087e-01;8.030809e-02;1.166398e-01;1.280568e-01;2.242929e-01;5.233937e-02;2.064247e-02;1.771579e-02
3.866175e-02;1.183806e-02;8.145825e-02;1.353266e-01;1.194987e-01;7.778750e-02;1.179250e-01;1.004753e-01;2.171730e-01;6.692214e-02;9.679110e-03;2.325466e-02
3.684491e-02;1.385614e-02;1.084927e-01;1.311824e-01;1.159159e-01;6.676339e-02;1.183926e-01;6.814794e-02;2.115344e-01;7.940558e-02;2.550970e-02;2.395436e-02
4.363491e-02;2.027200e-02;1.356116e-01;1.150903e-01;1.209784e-01;8.093676e-02;1.019728e-01;6.578892e-02;1.838627e-01;7.460266e-02;3.019825e-02;2.705074e-02
4.813701e-02;2.141574e-02;1.584009e-01;1.065599e-01;1.217970e-01;9.338424e-02;9.262867e-02;7.337663e-02;1.747445e-01;6.450247e-02;1.748200e-02;2.757090e-02
8.973949e-02;3.553051e-02;1.493997e-01;1.065648e-01;9.588607e-02;6.488971e-02;1.100102e-01;8.908975e-02;1.667651e-01;5.596528e-02;2.110062e-02;1.505877e-02
1.218973e-01;7.552295e-02;1.199804e-01;1.142784e-01;6.042455e-02;3.786984e-02;9.474848e-02;1.118592e-01;1.429072e-01;5.228566e-02;4.406727e-02;2.415886e-02
1.172579e-01;1.248877e-01;1.321625e-01;1.047863e-01;3.993880e-02;4.874878e-02;6.674991e-02;1.202676e-01;1.037893e-01;5.109825e-02;4.267352e-02;4.763937e-02
8.435678e-02;1.211921e-01;1.226991e-01;1.025627e-01;3.922618e-02;8.534874e-02;6.135396e-02;1.407248e-01;9.297862e-02;4.800471e-02;5.484750e-02;4.670478e-02
5.111668e-02;5.064640e-02;4.079268e-02;8.339238e-02;5.708376e-02;1.004954e-01;9.594826e-02;1.460242e-01;2.060367e-01;2.081214e-02;1.057368e-01;4.191464e-02
5.220599e-02;2.724622e-02;3.845467e-02;5.250531e-02;5.002061e-02;9.525948e-02;7.985047e-02;2.135547e-01;2.369335e-01;2.614408e-02;7.021026e-02;5.761472e-02
4.414856e-02;3.559439e-02;5.035480e-02;5.519568e-02;5.263984e-02;9.283134e-02;6.951414e-02;2.860137e-01;1.843839e-01;3.315201e-02;2.726195e-02;6.890965e-02
5.308330e-02;6.139632e-02;9.745596e-02;5.934925e-02;5.545400e-02;1.057789e-01;6.694151e-02;2.668341e-01;1.050444e-01;3.153511e-02;3.469563e-02;6.243150e-02
6.350937e-02;1.395933e-01;1.315737e-01;5.355741e-02;4.502372e-02;1.405188e-01;8.201355e-02;2.041119e-01;3.715923e-02;2.503080e-02;3.455113e-02;4.335710e-02
7.095394e-02;1.531916e-01;9.191522e-02;4.877148e-02;3.372443e-02;1.971343e-01;8.862663e-02;1.830216e-01;4.657723e-02;2.049666e-02;1.521822e-02;5.036866e-02
7.992876e-02;1.369491e-01;5.915724e-02;6.125630e-02;3.393140e-02;2.311685e-01;6.982846e-02;1.578097e-01;5.517622e-02;5.323965e-02;1.092168e-02;5.063302e-02
9.825116e-02;1.388910e-01;5.199427e-02;7.425413e-02;4.458815e-02;2.628935e-01;4.927555e-02;1.084643e-01;3.662860e-02;8.770020e-02;1.775112e-02;2.930797e-02
8.991139e-02;1.239497e-01;7.459074e-02;5.889550e-02;5.277754e-02;2.479059e-01;3.785356e-02;1.027737e-01;4.997912e-02;8.908920e-02;4.257558e-02;2.969811e-02
8.371135e-02;8.320902e-02;9.216291e-02;4.853850e-02;6.357776e-02;2.144621e-01;4.720302e-02;1.452221e-01;6.959758e-02;6.893904e-02;4.633982e-02;3.703674e-02
9.698598e-02;6.397831e-02;1.080975e-01;7.089191e-02;6.894314e-02;1.967309e-01;4.940818e-02;1.621722e-01;7.231122e-02;4.648655e-02;3.282848e-02;3.116561e-02
1.002041e-01;5.631696e-02;8.652559e-02;1.224616e-01;8.544976e-02;1.387150e-01;8.881051e-02;1.405633e-01;5.865038e-02;3.145297e-02;4.718570e-02;4.366412e-02
1.037912e-01;7.695361e-02;4.361476e-02;1.242750e-01;8.249322e-02;8.930355e-02;1.228332e-01;1.437976e-01;7.710632e-02;4.486109e-02;3.836283e-02;5.260752e-02
9.664147e-02;9.688152e-02;7.427049e-02;8.599374e-02;9.056580e-02;1.234519e-01;9.670322e-02;1.311247e-01;7.681749e-02;5.651315e-02;3.184156e-02;3.919506e-02
7.619319e-02;9.192275e-02;1.121768e-01;7.265940e-02;1.092658e-01;1.195874e-01;5.580212e-02;1.386560e-01;8.294783e-02;4.756200e-02;5.379908e-02;3.942765e-02
6.792844e-02;8.160373e-02;9.050142e-02;9.419011e-02;7.448999e-02;7.535125e-02;1.231003e-01;1.638808e-01;1.208530e-01;2.254581e-02;4.384816e-02;4.170704e-02
6.609369e-02;4.680468e-02;5.163783e-02;9.661663e-02;3.595109e-02;8.154920e-02;8.036935e-02;1.361886e-01;1.150230e-01;9.673811e-02;1.234639e-01;6.956390e-02
