9.333915e-02;9.446509e-02;1.282749e-01;1.056224e-01;6.585357e-02;9.121428e-02;1.061204e-01;4.309451e-02;6.497468e-02;8.950654e-02;6.958855e-02;4.794598e-02
1.059225e-01;4.864192e-02;6.628107e-02;4.651855e-02;8.344153e-02;5.721065e-02;1.414503e-01;1.175241e-01;9.468398e-02;5.389539e-02;7.719381e-02;1.072362e-01
9.057091e-02;5.254312e-02;5.593127e-02;5.413787e-02;6.854034e-02;5.697739e-02;1.576169e-01;1.139048e-01;8.576752e-02;6.250024e-02;7.575513e-02;1.257546e-01
8.237807e-02;6.456076e-02;4.843871e-02;6.270874e-02;5.834354e-02;4.954239e-02;1.665286e-01;1.117597e-01;8.196823e-02;6.254693e-02;5.340338e-02;1.578209e-01
6.879943e-02;8.995659e-02;3.683935e-02;7.525371e-02;4.380969e-02;8.466540e-02;1.113880e-01;8.689272e-02;1.159299e-01;3.484595e-02;5.826652e-02;1.933528e-01
5.778162e-02;9.373174e-02;3.732207e-02;7.407632e-02;3.066347e-02;1.491048e-01;6.424591e-02;5.126166e-02;1.517489e-01;1.632622e-02;8.312773e-02;1.906095e-01
4.416404e-02;7.202529e-02;5.146469e-02;5.510341e-02;2.298082e-02;1.669186e-01;6.449059e-02;7.447747e-02;1.485361e-01;3.427581e-02;5.383651e-02;2.117267e-01
2.010205e-02;4.063605e-02;6.585617e-02;3.981533e-02;5.476687e-02;1.317491e-01;8.833173e-02;1.155412e-01;1.226157e-01;8.160726e-02;2.342973e-02;2.155488e-01
5.168460e-02;1.587655e-02;1.225568e-01;3.114588e-02;9.368112e-02;5.089050e-02;1.886930e-01;8.463109e-02;6.572157e-02;1.291204e-01;3.611425e-02;1.298843e-01
7.755370e-02;1.944523e-02;1.478394e-01;3.109483e-02;1.102292e-01;5.480463e-02;2.681927e-01;4.668413e-02;2.615090e-02;1.431092e-01;3.647324e-02;3.842292e-02
7.343226e-02;2.556316e-02;1.319523e-01;3.291195e-02;9.048600e-02;5.210315e-02;2.819806e-01;5.103236e-02;5.186106e-02;1.279139e-01;4.898844e-02;3.177477e-02
7.046517e-02;3.934407e-02;1.132949e-01;6.660342e-02;5.189748e-02;5.009656e-02;2.925877e-01;7.071647e-02;3.111064e-02;1.018937e-01;6.778244e-02;4.420741e-02
6.718112e-02;5.097977e-02;1.058460e-01;1.124387e-01;3.790211e-02;7.413419e-02;2.360536e-01;1.221278e-01;4.379610e-02;3.353723e-02;8.842354e-02;2.757984e-02
5.051455e-02;4.656859e-02;1.113799e-01;1.096748e-01;5.473521e-02;8.019837e-02;2.018718e-01;1.366202e-01;1.514765e-02;7.327235e-02;8.942436e-02;3.059214e-02
3.385218e-02;3.176007e-02;1.247037e-01;9.065982e-02;6.917352e-02;1.065778e-01;1.598932e-01;1.182428e-01;6.325509e-02;8.181116e-02;7.621466e-02;4.385604e-02
6.996378e-02;6.161968e-02;9.137148e-02;8.699075e-02;9.995258e-02;8.114840e-02;1.676801e-01;8.219718e-02;7.171854e-02;7.419920e-02;7.681981e-02;3.633858e-02
9.949349e-02;8.249689e-02;7.963597e-02;7.399832e-02;7.013790e-02;5.281548e-02;1.681857e-01;7.570325e-02;9.170437e-02;9.520309e-02;5.571532e-02;5.491025e-02
1.261281e-01;6.583283e-02;6.497732e-02;5.374201e-02;5.909895e-02;6.787203e-02;1.600030e-01;1.178715e-01;9.801188e-02;1.080740e-01;3.714390e-02;4.124453e-02
8.931703e-02;9.600539e-02;9.197623e-02;5.392345e-02;6.719068e-02;3.644554e-02;1.387640e-01;1.239944e-01;8.462276e-02;6.880683e-02;4.893762e-02;1.000161e-01
8.733679e-02;1.062682e-01;1.130463e-01;3.609185e-02;5.195633e-02;3.379972e-02;1.135180e-01;1.212540e-01;1.034290e-01;4.294921e-02;8.867556e-02;1.016751e-01
1.070904e-01;7.258069e-02;1.188045e-01;4.020305e-02;4.229351e-02;3.969372e-02;1.478372e-01;1.192284e-01;1.146050e-01;8.727933e-02;5.239760e-02;5.798648e-02
8.399662e-02;8.398204e-02;8.987432e-02;6.171872e-02;3.226837e-02;3.672351e-02;1.560607e-01;9.497098e-02;1.311848e-01;1.388388e-01;4.955699e-02;4.082415e-02
5.215895e-02;1.187707e-01;1.029223e-01;8.291291e-02;6.216727e-02;4.111055e-02;1.608450e-01;7.127984e-02;6.611632e-02;1.427666e-01;5.435559e-02;4.459397e-02
6.537661e-02;7.974587e-02;1.323946e-01;9.397285e-02;6.137753e-02;4.582694e-02;1.832356e-01;5.806680e-02;9.207671e-02;1.155742e-01;4.789221e-02;2.446003e-02
7.665482e-02;5.629516e-02;9.846098e-02;9.676316e-02;6.583601e-02;6.738037e-02;1.499197e-01;5.954186e-02;1.210131e-01;1.096861e-01;3.268439e-02;6.576431e-02
5.574128e-02;7.091012e-02;1.067138e-01;9.858564e-02;6.271866e-02;6.925701e-02;1.013065e-01;9.261163e-02;1.289669e-01;9.959144e-02;4.522167e-02;6.837521e-02
4.325236e-02;5.505567e-02;8.757974e-02;1.165802e-01;7.195733e-02;5.183716e-02;1.391256e-01;1.352628e-01;1.210671e-01;8.106704e-02;4.987675e-02;4.733825e-02
4.849714e-02;4.686565e-02;8.817166e-02;5.034856e-02;6.228859e-02;8.991805e-02;1.622540e-01;1.530106e-01;9.238373e-02;7.548030e-02;7.680248e-02;5.397916e-02
6.020677e-02;4.761122e-02;1.158793e-01;7.895215e-02;5.278225e-02;8.482741e-02;9.680009e-02;7.177389e-02;1.317303e-01;1.000548e-01;9.755602e-02;6.182576e-02
2.873483e-02;5.962922e-02;1.266195e-01;8.279224e-02;5.724225e-02;5.062230e-02;1.027890e-01;4.448602e-02;1.712094e-01;1.210516e-01;9.293116e-02;6.189262e-02
3.698775e-02;5.259875e-02;1.392186e-01;5.674005e-02;3.828138e-02;2.494144e-02;1.056823e-01;8.235204e-02;1.933688e-01;1.079062e-01;8.737943e-02;7.454325e-02
4.265418e-02;4.107903e-02;1.357389e-01;5.337885e-02;2.203715e-02;1.555961e-02;8.685900e-02;1.101196e-01;2.686036e-01;8.740161e-02;5.986864e-02;7.669982e-02
5.424793e-02;1.883667e-02;8.976381e-02;7.360686e-02;2.737906e-02;8.235641e-03;4.682614e-02;9.929763e-02;4.101709e-01;9.815220e-02;3.565381e-02;3.782930e-02
5.903803e-02;1.486267e-02;3.567795e-02;8.121161e-02;4.943888e-02;8.394724e-03;3.987731e-02;5.595960e-02;4.100998e-01;1.941095e-01;3.998335e-02;1.134653e-02
4.326747e-02;3.433735e-02;2.343374e-02;6.644251e-02;8.449610e-02;1.638936e-02;3.964360e-02;2.588837e-02;2.456995e-01;3.304487e-01;6.902871e-02;2.092467e-02
1.552973e-02;7.461135e-02;2.073963e-02;4.517902e-02;1.246850e-01;2.335518e-02;3.245535e-02;2.315770e-02;8.095151e-02;4.539861e-01;8.625233e-02;1.909710e-02
1.777060e-02;8.793280e-02;2.759985e-02;2.484677e-02;1.281803e-01;6.357168e-02;1.806980e-02;2.639812e-02;4.583289e-02;4.165872e-01;1.201724e-01;2.303762e-02
1.374717e-02;7.112338e-02;9.250311e-02;2.085745e-02;1.062393e-01;1.278498e-01;1.608371e-02;2.700771e-02;3.461799e-02;2.586047e-01;2.111114e-01;2.025425e-02
3.222248e-02;3.249031e-02;2.178935e-01;3.555867e-02;6.265143e-02;2.105317e-01;3.284037e-02;1.859243e-02;9.020555e-03;8.991062e-02;2.401434e-01;1.814443e-02
3.757157e-02;2.978448e-02;2.372946e-01;5.611781e-02;4.819612e-02;2.336070e-01;6.417647e-02;1.646319e-02;2.396326e-02;5.652775e-02;1.806609e-01;1.563676e-02
3.207897e-02;2.399930e-02;2.082588e-01;4.814001e-02;3.665740e-02;2.621587e-01;1.359487e-01;1.894495e-02;2.620260e-02;3.531604e-02;1.443551e-01;2.793953e-02
3.209178e-02;1.341364e-02;1.499161e-01;3.059038e-02;3.084354e-02;2.844363e-01;2.175179e-01;2.300306e-02;3.185375e-02;2.869219e-02;1.232958e-01;3.434563e-02
2.483269e-02;1.374633e-02;1.170847e-01;2.232922e-02;3.157569e-02;3.085727e-01;1.817023e-01;3.054121e-02;6.236449e-02;4.750329e-02;1.365720e-01;2.317525e-02
2.813452e-02;1.366278e-02;1.087640e-01;1.638015e-02;3.992866e-02;2.943255e-01;1.095461e-01;3.384713e-02;1.079465e-01;7.202619e-02;1.494908e-01;2.594776e-02
2.370713e-02;1.821755e-02;9.126582e-02;1.800558e-02;3.469521e-02;2.457422e-01;1.244338e-01;4.634489e-02;1.423206e-01;8.566126e-02;1.413839e-01;2.822200e-02
1.971931e-02;2.411590e-02;7.767396e-02;3.916398e-02;5.784019e-02;1.738316e-01;1.360235e-01;7.702959e-02;1.269380e-01;1.318708e-01;9.929520e-02;3.649794e-02
2.455956e-02;2.772156e-02;9.898740e-02;5.231819e-02;7.302643e-02;1.513395e-01;1.666003e-01;8.117536e-02;9.778335e-02;1.330300e-01;5.413582e-02;3.932255e-02
2.748039e-02;3.384808e-02;1.107883e-01;5.614723e-02;6.237968e-02;1.936615e-01;1.645489e-01;7.244331e-02;7.973647e-02;9.681331e-02;6.804517e-02;3.410760e-02
4.395260e-02;5.039084e-02;1.686579e-01;4.090354e-02;6.660748e-02;1.905295e-01;1.016601e-01;5.505744e-02;8.149420e-02;8.724090e-02;9.220568e-02;2.129991e-02
4.886593e-02;3.861647e-02;1.674968e-01;4.191598e-02;6.444837e-02;1.570188e-01;8.341614e-02;4.374939e-02;1.025021e-01;9.811829e-02;1.298309e-01;2.402085e-02
7.521344e-02;5.957496e-02;1.478735e-01;3.686571e-02;8.889781e-02;1.387057e-01;5.415861e-02;5.740375e-02;9.372790e-02;7.969005e-02;1.266213e-01;4.126733e-02
7.597166e-02;5.215235e-02;1.155187e-01;4.515005e-02;6.635835e-02;1.210467e-01;7.838490e-02;6.999079e-02;9.992014e-02;9.362872e-02;1.245844e-01;5.729320e-02
5.297653e-02;6.776605e-02;1.076182e-01;4.758011e-02;5.072984e-02;8.393215e-02;6.887165e-02;1.076611e-01;1.103794e-01;1.077790e-01;1.428158e-01;5.189019e-02
9.263376e-02;7.676829e-02;1.078799e-01;4.942738e-02;4.298078e-02;6.592648e-02;6.305301e-02;1.190308e-01;1.217483e-01;1.045922e-01;1.182055e-01;3.775370e-02
1.565839e-01;9.916389e-02;1.052011e-01;4.088480e-02;5.619638e-02;3.616942e-02;1.206645e-01;1.007353e-01;1.085464e-01;7.246643e-02;8.013915e-02;2.324870e-02
1.375534e-01;1.350198e-01;9.368861e-02;4.299566e-02;5.106774e-02;5.065764e-02;1.421228e-01;1.231066e-01;7.521898e-02;6.096882e-02;4.570440e-02;4.189552e-02
1.248416e-01;1.039069e-01;1.774013e-01;5.139271e-02;5.162704e-02;4.252014e-02;1.392424e-01;8.792666e-02;5.271668e-02;6.187701e-02;4.707230e-02;5.947534e-02
9.094079e-02;1.354484e-01;1.618208e-01;4.491689e-02;6.822837e-02;4.588198e-02;1.300160e-01;7.091388e-02;6.191388e-02;8.436722e-02;5.211775e-02;5.343409e-02
6.587960e-02;1.572852e-01;1.043125e-01;3.825505e-02;8.071259e-02;5.088797e-02;1.141508e-01;6.315094e-02;7.282638e-02;1.335620e-01;6.153405e-02;5.744292e-02
1.262215e-01;1.406237e-01;6.772806e-02;5.034784e-02;6.833668e-02;4.513958e-02;8.466974e-02;4.776814e-02;1.009812e-01;1.512898e-01;6.946889e-02;4.742491e-02
1.812766e-01;8.403599e-02;1.078907e-01;5.873429e-02;3.254176e-02;3.739554e-02;1.118040e-01;7.254378e-02;1.151716e-01;1.039529e-01;6.105689e-02;3.359583e-02
1.543088e-01;8.948924e-02;1.394349e-01;5.539494e-02;4.055560e-02;4.015605e-02;1.639411e-01;6.332354e-02;9.078173e-02;8.021133e-02;5.383791e-02;2.856493e-02
1.151379e-01;9.002688e-02;1.590287e-01;5.096111e-02;6.143790e-02;5.044681e-02;2.188870e-01;3.716288e-02;6.570709e-02;6.934638e-02;4.769769e-02;3.415969e-02
9.818400e-02;6.218690e-02;1.508695e-01;4.509053e-02;5.780262e-02;7.081647e-02;1.563380e-01;6.816203e-02;7.470602e-02;1.016942e-01;5.069244e-02;6.345741e-02
6.729421e-02;6.092784e-02;1.167196e-01;5.060104e-02;5.628522e-02;5.648576e-02;1.180171e-01;1.380747e-01;9.947652e-02;1.238102e-01;5.221667e-02;6.009117e-02
9.476026e-02;8.890971e-02;9.269617e-02;4.050134e-02;3.768355e-02;3.757171e-02;1.552500e-01;1.284395e-01;8.594553e-02;1.001848e-01;7.032873e-02;6.772871e-02
1.091970e-01;1.045918e-01;7.069703e-02;4.445008e-02;4.657171e-02;4.100130e-02;1.403032e-01;1.002635e-01;6.571768e-02;9.499991e-02;9.841377e-02;8.379304e-02
1.439525e-01;7.641711e-02;4.941922e-02;3.289665e-02;6.138843e-02;4.785186e-02;1.213383e-01;9.184503e-02;6.155887e-02;1.039318e-01;1.171601e-01;9.224022e-02
1.555559e-01;5.023504e-02;3.678640e-02;2.288580e-02;5.539918e-02;5.482329e-02;1.548792e-01;7.299376e-02;7.237217e-02;1.022652e-01;1.111530e-01;1.106510e-01
1.399274e-01;5.711996e-02;6.072268e-02;3.459807e-02;7.211159e-02;5.440702e-02;1.556552e-01;3.798848e-02;8.849635e-02;8.759188e-02;9.062004e-02;1.207613e-01
1.272933e-01;9.391711e-02;1.021589e-01;6.639208e-02;5.534686e-02;4.781222e-02;1.396925e-01;6.460205e-02;6.135904e-02;1.013714e-01;6.494553e-02;7.510900e-02
1.053778e-01;1.242452e-01;1.071929e-01;7.389875e-02;4.591933e-02;3.556144e-02;1.211900e-01;1.011194e-01;6.093699e-02;9.971678e-02;6.500570e-02;5.983570e-02
7.288047e-02;9.021407e-02;6.550916e-02;4.268265e-02;8.497625e-02;1.001972e-01;1.957458e-01;6.925774e-02;7.955194e-02;1.026024e-01;4.731457e-02;4.906767e-02
4.608874e-02;6.123377e-02;4.696862e-02;1.460275e-02;9.971945e-02;1.509247e-01;1.857738e-01;9.353920e-02;8.339964e-02;1.509325e-01;3.704611e-02;2.977075e-02
2.980340e-02;5.477687e-02;2.015899e-02;2.979359e-02;1.166383e-01;1.527545e-01;1.601072e-01;7.556425e-02;1.015482e-01;2.020112e-01;3.806107e-02;1.878242e-02
2.750519e-02;3.992721e-02;2.261078e-02;6.397971e-02;1.036515e-01;1.042396e-01;1.496727e-01;4.044191e-02;2.253015e-01;1.837847e-01;2.964922e-02;9.236028e-03
3.473811e-02;1.660280e-02;2.226252e-02;1.001829e-01;5.448597e-02;4.641164e-02;1.404017e-01;3.486837e-02;4.146953e-01;1.052614e-01;2.619412e-02;3.895193e-03
3.068255e-02;6.388858e-03;3.105247e-02;1.218600e-01;2.055614e-02;4.073995e-02;8.718733e-02;5.079485e-02;5.272106e-01;5.194244e-02;2.763234e-02;3.952455e-03
3.143587e-02;5.634625e-03;5.103561e-02;1.259538e-01;8.748217e-03;8.229881e-02;3.177633e-02;9.800292e-02;5.116947e-01;2.467724e-02;2.267624e-02;6.065734e-03
3.394895e-02;1.357811e-02;8.941358e-02;1.128484e-01;9.237199e-03;1.195815e-01;4.217423e-02;1.356300e-01;3.910415e-01;2.147363e-02;2.078981e-02;1.028312e-02
4.422028e-02;3.061949e-02;1.208183e-01;9.984672e-02;1.698265e-02;1.262018e-01;7.568810e-02;1.311385e-01;2.697915e-01;3.426755e-02;2.765787e-02;2.276715e-02
5.568359e-02;4.573422e-02;1.486707e-01;8.904019e-02;3.117534e-02;1.187656e-01;7.708310e-02;1.080767e-01;2.305466e-01;3.235291e-02;3.499407e-02;2.787697e-02
5.820929e-02;4.598124e-02;1.282398e-01;7.094515e-02;4.540163e-02;9.398200e-02;5.816018e-02;8.877855e-02;2.970960e-01;4.012853e-02;4.741663e-02;2.566108e-02
4.977900e-02;3.096872e-02;7.405033e-02;9.797997e-02;3.808000e-02;1.116283e-01;6.527990e-02;9.538898e-02;3.281905e-01;5.195777e-02;3.975185e-02;1.694458e-02
4.998209e-02;2.832460e-02;5.637773e-02;1.049089e-01;5.228518e-02;9.411146e-02;8.407796e-02;1.182051e-01;3.053306e-01;4.872537e-02;3.975989e-02;1.791111e-02
5.242280e-02;3.740007e-02;6.560768e-02;9.975380e-02;4.534666e-02;6.472236e-02;1.425335e-01;1.003408e-01;2.669006e-01;7.103134e-02;3.786083e-02;1.607966e-02
7.080662e-02;7.629205e-02;9.286540e-02;6.814922e-02;3.427400e-02;5.686168e-02;1.343772e-01;9.714316e-02;2.171275e-01;8.805709e-02;3.583878e-02;2.820735e-02
7.949266e-02;9.834294e-02;8.747617e-02;7.843830e-02;7.132038e-02;5.987525e-02;1.653679e-01;7.297701e-02;1.230354e-01;8.322686e-02;3.208234e-02;4.836481e-02
5.999069e-02;6.626663e-02;1.685068e-01;1.450994e-01;1.261757e-01;6.415404e-02;8.300477e-02;6.632084e-02;9.986029e-02;4.308961e-02;3.514792e-02;4.238335e-02
3.787082e-02;3.208942e-02;2.112019e-01;1.293983e-01;8.333287e-02;1.019348e-01;1.079726e-01;1.290629e-01;7.454928e-02;2.616107e-02;2.655389e-02;3.987217e-02
1.710326e-02;2.360505e-02;2.216584e-01;8.959376e-02;4.478102e-02;1.211062e-01;1.107649e-01;2.275688e-01;5.934186e-02;1.994495e-02;2.160495e-02;4.292689e-02
8.011337e-03;3.060138e-02;1.614948e-01;4.012361e-02;5.988779e-02;9.247889e-02;1.531682e-01;3.276581e-01;4.479681e-02;1.162001e-02;4.165368e-02;2.850529e-02
1.216133e-02;5.496424e-02;7.324887e-02;1.031367e-02;7.710275e-02;3.408545e-02;2.826512e-01;3.317211e-01;3.113427e-02;1.046637e-02;7.183497e-02;1.031577e-02
1.232466e-02;7.360798e-02;3.375570e-02;6.748772e-03;5.948248e-02;3.118036e-02;3.858446e-01;2.098487e-01;6.889761e-02;2.575046e-02;8.031573e-02;1.224298e-02
2.655217e-02;7.857531e-02;1.443447e-02;1.731073e-02;3.901375e-02;7.745459e-02;4.129481e-01;1.145354e-01;9.160545e-02;4.422792e-02;7.204817e-02;1.129395e-02
4.331135e-02;6.389973e-02;1.979905e-02;3.400918e-02;3.938537e-02;1.521617e-01;3.505295e-01;8.794275e-02;8.197349e-02;6.707720e-02;4.581853e-02;1.409210e-02
2.551707e-02;5.425654e-02;3.092785e-02;5.455073e-02;6.569572e-02;1.760333e-01;3.114882e-01;1.275262e-01;5.352855e-02;6.407580e-02;1.666179e-02;1.973819e-02
7.864882e-02;7.356974e-02;7.135689e-02;6.660005e-02;5.493910e-02;1.227956e-01;2.070756e-01;1.959563e-01;3.050339e-02;5.517121e-02;2.606934e-02;1.731399e-02
9.867918e-02;5.329860e-02;6.555151e-02;4.912720e-02;3.594850e-02;2.096544e-01;1.774112e-01;1.668720e-01;3.756994e-02;8.109424e-02;1.622950e-02;8.563766e-03
9.946369e-02;3.208660e-02;3.250157e-02;3.961540e-02;3.444241e-02;2.669539e-01;1.705259e-01;1.460108e-01;4.214548e-02;1.112271e-01;1.708095e-02;7.946185e-03
8.272184e-02;1.963186e-02;3.150830e-02;2.782048e-02;6.372064e-02;2.764664e-01;1.351015e-01;1.162582e-01;9.291589e-02;1.166584e-01;2.460917e-02;1.258727e-02
6.757127e-02;2.220970e-02;5.926921e-02;1.966904e-02;1.130799e-01;2.472763e-01;9.219085e-02;6.168191e-02;1.719585e-01;9.062345e-02;3.330330e-02;2.116656e-02
5.925945e-02;2.442531e-02;8.496271e-02;8.529757e-03;1.642774e-01;1.819754e-01;7.088300e-02;3.563714e-02;2.335678e-01;6.917664e-02;3.681810e-02;3.048725e-02
4.485757e-02;1.637467e-02;9.574224e-02;3.362308e-02;1.888042e-01;1.365437e-01;7.744709e-02;4.667766e-02;2.522815e-01;3.130644e-02;3.179976e-02;4.454210e-02
3.965114e-02;1.422611e-02;8.865303e-02;5.724265e-02;2.150297e-01;1.019865e-01;6.311454e-02;4.562803e-02;2.589803e-01;2.466842e-02;2.766588e-02;6.315385e-02
3.744619e-02;2.362539e-02;8.014096e-02;7.344620e-02;2.103305e-01;6.097779e-02;7.890891e-02;4.719796e-02;2.484618e-01;3.271704e-02;2.998543e-02;7.676188e-02
6.815944e-02;3.022063e-02;1.102501e-01;7.899614e-02;1.624573e-01;5.609097e-02;9.907410e-02;4.566421e-02;2.189916e-01;1.833749e-02;4.010163e-02;7.165635e-02
7.789248e-02;4.663280e-02;1.123316e-01;7.813843e-02;1.000192e-01;6.137203e-02;1.022528e-01;8.791129e-02;1.667506e-01;4.454231e-02;7.141048e-02;5.074600e-02
7.408191e-02;7.073320e-02;1.442725e-01;4.570709e-02;8.191307e-02;7.547679e-02;7.597877e-02;8.289862e-02;1.147987e-01;7.866883e-02;9.926507e-02;5.620538e-02
5.134849e-02;5.935672e-02;8.543108e-02;6.023005e-02;8.483364e-02;1.288559e-01;1.064441e-01;9.404866e-02;1.382487e-01;6.667917e-02;5.891027e-02;6.561322e-02
6.166640e-02;4.709076e-02;8.119747e-02;8.664546e-02;1.044687e-01;1.200676e-01;1.248786e-01;1.006798e-01;1.036268e-01;5.937552e-02;5.098387e-02;5.931899e-02
5.790390e-02;6.915179e-02;7.682832e-02;1.000481e-01;1.022978e-01;7.612717e-02;6.491219e-02;1.507092e-01;1.097686e-01;7.032618e-02;5.611277e-02;6.581394e-02
2.136245e-02;6.835806e-02;9.593280e-02;7.732103e-02;7.445122e-02;9.003029e-02;7.850284e-02;1.689663e-01;1.676601e-01;6.021620e-02;4.694199e-02;5.025673e-02
2.911812e-02;7.764369e-02;1.233751e-01;4.848039e-02;8.518470e-02;1.243142e-01;1.029911e-01;1.201469e-01;1.757142e-01;4.176126e-02;3.973110e-02;3.153917e-02
5.007314e-02;9.501619e-02;1.106131e-01;5.563558e-02;8.899232e-02;1.535350e-01;1.075275e-01;6.620292e-02;1.552559e-01;5.317521e-02;3.016221e-02;3.381084e-02
4.857207e-02;9.049529e-02;9.131546e-02;5.139221e-02;7.974770e-02;1.423569e-01;1.216083e-01;8.345695e-02;1.597676e-01;6.524168e-02;2.991722e-02;3.612861e-02
4.029381e-02;9.185328e-02;8.729137e-02;5.189790e-02;1.174435e-01;1.222734e-01;9.824748e-02;9.448695e-02;1.518982e-01;4.911248e-02;3.449655e-02;6.070508e-02
5.000874e-02;5.718483e-02;6.960884e-02;6.365114e-02;9.853221e-02;1.693259e-01;8.316588e-02;1.147535e-01;1.045856e-01;4.849329e-02;6.139628e-02;7.929376e-02
5.514026e-02;7.013115e-02;8.481168e-02;7.003441e-02;6.996505e-02;1.299375e-01;1.431569e-01;1.126724e-01;7.940574e-02;5.664377e-02;5.284499e-02;7.525611e-02
8.403569e-02;1.091304e-01;1.248928e-01;6.932525e-02;6.340719e-02;6.511112e-02;1.045227e-01;1.203789e-01;8.630551e-02;6.792892e-02;3.076720e-02;7.419432e-02
1.115526e-01;1.358242e-01;1.265077e-01;3.381874e-02;8.618481e-02;5.043275e-02;1.055864e-01;1.173564e-01;8.062185e-02;6.317987e-02;2.828383e-02;6.065078e-02
1.119812e-01;1.242601e-01;8.545308e-02;4.198829e-02;1.080999e-01;7.368414e-02;1.087603e-01;9.598927e-02;8.201070e-02;7.338996e-02;2.764315e-02;6.673994e-02
1.081410e-01;8.150256e-02;7.132017e-02;6.475847e-02;9.236883e-02;8.172777e-02;1.112930e-01;1.025583e-01;1.102365e-01;7.754133e-02;3.711058e-02;6.144140e-02
1.239883e-01;1.183501e-01;8.678728e-02;5.024257e-02;5.743783e-02;4.957457e-02;1.286323e-01;1.468448e-01;8.192543e-02;5.198501e-02;6.984849e-02;3.438328e-02
1.191370e-01;1.309274e-01;1.025735e-01;5.174427e-02;4.688393e-02;4.642538e-02;1.406146e-01;1.479596e-01;5.584996e-02;7.245075e-02;6.374005e-02;2.169348e-02
8.319880e-02;8.382578e-02;1.589717e-01;6.917241e-02;6.153904e-02;6.044757e-02;1.610864e-01;7.078318e-02;1.002839e-01;7.421745e-02;5.523670e-02;2.123705e-02
7.201523e-02;3.455781e-02;2.077239e-01;6.772038e-02;7.285002e-02;3.794475e-02;1.235348e-01;5.379470e-02;1.484840e-01;1.013663e-01;5.965160e-02;2.035645e-02
5.854538e-02;2.097452e-02;1.768948e-01;7.732015e-02;9.114841e-02;2.977167e-02;9.879754e-02;4.496994e-02;1.482543e-01;1.714949e-01;6.768657e-02;1.414188e-02
2.584498e-02;6.209114e-02;9.088119e-02;5.532919e-02;1.363752e-01;3.319198e-02;3.948297e-02;4.667523e-02;1.475499e-01;2.670499e-01;8.304796e-02;1.248030e-02
6.327585e-03;8.671588e-02;4.791153e-02;4.938690e-02;1.432236e-01;5.359953e-02;2.616338e-02;7.062995e-02;1.493365e-01;2.583468e-01;9.325397e-02;1.510437e-02
5.270537e-03;8.230472e-02;3.793194e-02;6.841887e-02;1.259941e-01;1.045454e-01;4.261997e-02;9.584095e-02;1.156439e-01;1.935471e-01;1.124568e-01;1.542573e-02
1.012276e-02;5.307957e-02;6.737658e-02;6.069170e-02;8.124448e-02;1.934057e-01;7.733206e-02;7.549808e-02;5.700296e-02;1.655319e-01;1.382224e-01;2.049186e-02
1.750455e-02;2.251062e-02;1.017547e-01;2.746233e-02;5.186510e-02;2.504731e-01;8.427542e-02;3.541732e-02;5.840206e-02;1.860933e-01;1.363870e-01;2.785448e-02
1.927881e-02;6.233500e-03;1.051807e-01;1.061143e-02;7.123204e-02;2.312946e-01;1.210363e-01;4.096517e-02;8.804173e-02;1.600081e-01;1.059640e-01;4.015367e-02
2.726921e-02;5.816016e-03;8.327064e-02;2.960682e-02;1.000272e-01;1.624139e-01;2.234523e-01;7.378086e-02;7.597209e-02;8.925692e-02;7.306931e-02;5.606475e-02
5.579514e-02;1.933187e-02;4.490883e-02;6.247009e-02;7.336455e-02;8.707254e-02;3.481642e-01;9.677830e-02;4.673711e-02;4.877801e-02;4.727926e-02;6.932011e-02
1.025968e-01;3.023902e-02;3.793530e-02;8.938961e-02;3.220128e-02;4.662815e-02;3.561332e-01;1.163838e-01;5.726587e-02;4.649998e-02;2.388114e-02;6.084585e-02
1.580841e-01;3.106450e-02;5.620769e-02;7.583856e-02;2.433298e-02;4.189880e-02;2.402954e-01;1.801070e-01;1.001638e-01;3.466411e-02;1.560105e-02;4.174191e-02
2.238593e-01;4.918673e-02;9.068481e-02;4.223754e-02;3.347694e-02;3.000351e-02;9.902707e-02;2.706226e-01;9.889883e-02;1.758116e-02;1.290098e-02;3.152057e-02
2.632079e-01;8.029200e-02;1.219624e-01;1.700797e-02;4.100730e-02;1.101192e-02;4.611252e-02;3.064989e-01;5.606924e-02;1.054992e-02;1.429770e-02;3.198233e-02
2.749470e-01;8.489569e-02;1.208957e-01;1.453247e-02;4.672148e-02;8.339131e-03;3.140937e-02;3.056634e-01;3.960942e-02;2.378142e-02;1.492529e-02;3.427964e-02
2.390578e-01;7.367990e-02;1.011701e-01;2.043577e-02;4.712633e-02;1.401772e-02;8.198876e-02;2.848051e-01;4.156253e-02;3.779601e-02;1.352714e-02;4.483287e-02
1.569023e-01;6.123868e-02;7.768305e-02;3.647671e-02;4.504034e-02;2.891088e-02;1.717042e-01;2.580726e-01;3.887189e-02;4.102297e-02;2.369635e-02;6.038007e-02
6.003995e-02;4.412201e-02;8.002489e-02;6.283402e-02;3.380338e-02;2.314187e-02;3.171246e-01;1.647435e-01;4.203970e-02;5.000602e-02;3.268296e-02;8.943712e-02
7.781231e-02;2.822444e-02;6.112079e-02;5.685204e-02;2.146027e-02;4.431299e-02;3.841444e-01;8.812974e-02;2.388350e-02;4.694882e-02;5.871997e-02;1.083908e-01
7.930316e-02;2.481052e-02;8.764610e-02;2.443507e-02;2.215794e-02;1.298598e-01;2.934001e-01;8.633034e-02;3.025947e-02;4.274067e-02;9.633614e-02;8.272064e-02
5.988903e-02;2.558499e-02;8.639471e-02;1.494455e-02;5.175469e-02;2.376724e-01;1.506416e-01;7.608920e-02;3.772822e-02;8.160865e-02;1.285869e-01;4.910501e-02
5.071852e-02;3.928075e-02;4.333413e-02;4.432008e-02;1.155520e-01;2.035113e-01;8.599386e-02;7.000824e-02;5.536772e-02;1.416209e-01;1.156122e-01;3.468039e-02
3.811499e-02;3.671015e-02;1.125627e-01;7.565395e-02;1.023822e-01;6.096221e-02;1.307486e-01;7.716684e-02;1.052356e-01;1.547557e-01;7.432377e-02;3.138319e-02
4.797923e-02;8.312927e-02;1.660063e-01;5.789648e-02;5.884427e-02;7.181324e-02;2.282450e-01;9.862858e-02;6.320988e-02;7.338160e-02;3.339648e-02;1.746967e-02
6.661668e-02;1.032303e-01;1.267534e-01;5.823019e-02;6.454372e-02;1.023773e-01;2.998447e-01;7.672726e-02;3.443208e-02;3.511652e-02;1.606021e-02;1.606768e-02
8.406986e-02;8.309843e-02;4.987638e-02;8.098537e-02;1.011065e-01;1.743762e-01;2.920236e-01;4.349418e-02;3.732584e-02;2.671580e-02;4.951343e-03;2.197648e-02
6.460823e-02;4.935046e-02;6.532355e-02;8.128513e-02;1.307248e-01;2.187279e-01;2.141860e-01;2.729506e-02;5.883035e-02;2.381963e-02;2.148790e-02;4.436090e-02
2.287086e-02;4.438781e-02;1.112630e-01;6.681314e-02;1.326625e-01;1.824511e-01;1.645217e-01;8.997861e-02;7.112891e-02;2.073922e-02;4.492126e-02;4.826181e-02
3.047132e-02;3.734875e-02;1.666831e-01;7.629482e-02;7.768051e-02;1.108605e-01;1.721259e-01;1.396041e-01;6.538518e-02;4.478940e-02;4.769189e-02;3.106449e-02
3.631022e-02;3.013467e-02;2.202213e-01;4.774272e-02;5.606474e-02;6.350971e-02;2.538177e-01;1.279372e-01;5.621567e-02;6.644645e-02;2.458528e-02;1.701442e-02
3.150431e-02;3.594583e-02;2.283005e-01;1.866265e-02;5.499652e-02;1.044287e-01;2.760598e-01;1.051896e-01;4.394339e-02;7.136503e-02;1.257583e-02;1.702782e-02
2.770651e-02;3.723612e-02;1.824092e-01;2.660170e-02;3.345828e-02;1.598271e-01;2.946173e-01;1.082196e-01;3.385633e-02;4.860156e-02;2.509808e-02;2.236819e-02
4.196231e-02;3.197987e-02;1.202385e-01;3.974222e-02;4.449652e-02;1.703769e-01;3.314103e-01;9.786738e-02;5.375517e-02;2.291413e-02;2.982070e-02;1.543586e-02
4.745232e-02;2.698637e-02;1.079518e-01;6.603007e-02;6.272468e-02;1.367253e-01;3.195285e-01;6.915808e-02;7.218253e-02;2.594107e-02;4.080055e-02;2.451879e-02
3.051756e-02;2.882976e-02;1.288164e-01;8.038427e-02;8.681216e-02;8.694687e-02;2.626406e-01;5.581516e-02;8.817198e-02;6.358321e-02;4.370013e-02;4.378188e-02
3.667131e-02;3.600914e-02;1.478047e-01;7.562957e-02;9.038927e-02;5.703540e-02;2.674160e-01;9.226302e-02;6.447536e-02;6.971827e-02;3.102579e-02;3.156217e-02
4.270336e-02;2.933541e-02;1.440153e-01;8.113158e-02;8.819119e-02;8.400748e-02;2.990660e-01;6.203794e-02;5.588123e-02;6.155347e-02;3.245018e-02;1.962687e-02
3.087155e-02;5.830470e-02;1.445119e-01;6.695194e-02;7.670922e-02;7.625168e-02;2.763472e-01;6.464439e-02;6.313486e-02;6.697123e-02;5.766986e-02;1.763141e-02
5.542869e-02;7.627953e-02;1.351022e-01;6.227991e-02;7.918475e-02;5.167038e-02;2.142440e-01;6.306993e-02;7.699335e-02;8.504506e-02;7.832676e-02;2.237545e-02
7.724921e-02;5.829098e-02;9.893522e-02;4.455259e-02;9.063049e-02;6.179256e-02;9.407643e-02;9.154966e-02;9.359759e-02;1.370236e-01;9.006292e-02;6.223880e-02
4.989798e-02;8.541724e-02;7.529263e-02;4.613812e-02;7.241033e-02;5.507086e-02;1.123047e-01;8.224271e-02;9.233367e-02;1.444349e-01;9.587064e-02;8.858627e-02
4.928767e-02;1.020893e-01;5.585235e-02;5.491412e-02;6.566777e-02;8.511723e-02;1.433675e-01;6.123031e-02;1.034425e-01;1.079373e-01;9.219478e-02;7.889928e-02
8.105145e-02;1.201688e-01;9.680657e-02;9.022716e-02;6.873661e-02;6.534506e-02;1.004870e-01;6.526686e-02;9.843656e-02;6.285256e-02;8.527692e-02;6.534442e-02
1.010657e-01;9.748312e-02;9.593892e-02;1.084298e-01;7.006400e-02;6.157922e-02;6.793868e-02;7.499356e-02;8.304862e-02;6.961931e-02;1.025279e-01;6.731115e-02
8.588563e-02;7.322033e-02;9.687582e-02;6.262643e-02;6.116184e-02;6.001915e-02;9.630354e-02;6.124497e-02;1.127005e-01;8.862815e-02;1.304176e-01;7.091597e-02
1.219399e-01;8.594902e-02;1.023864e-01;5.961696e-02;4.248829e-02;7.048339e-02;7.826569e-02;5.699967e-02;1.219693e-01;5.317954e-02;1.435182e-01;6.320360e-02
1.195684e-01;1.079056e-01;1.032228e-01;7.127713e-02;2.359138e-02;7.420641e-02;1.214276e-01;6.845091e-02;8.409256e-02;4.109082e-02;1.237984e-01;6.136805e-02
1.110359e-01;8.992311e-02;1.218246e-01;5.533810e-02;3.184672e-02;5.428873e-02;1.851975e-01;8.811872e-02;7.621530e-02;5.172221e-02;5.490674e-02;7.958238e-02
9.254356e-02;6.429221e-02;1.153362e-01;3.441595e-02;4.707582e-02;3.724687e-02;1.725704e-01;1.124946e-01;8.588928e-02;8.480842e-02;3.055447e-02;1.227722e-01
8.111373e-02;7.877246e-02;9.962946e-02;3.090489e-02;4.134810e-02;8.147715e-02;9.225512e-02;1.378243e-01;7.580909e-02;1.178265e-01;3.231045e-02;1.307288e-01
5.810817e-02;1.019955e-01;9.746729e-02;4.494305e-02;5.066670e-02;1.161804e-01;6.056815e-02;1.257440e-01;7.267490e-02;1.269714e-01;5.119964e-02;9.348077e-02
6.708174e-02;6.770039e-02;7.860721e-02;5.748850e-02;6.647377e-02;1.039476e-01;1.599830e-01;9.445131e-02;5.337503e-02;1.065275e-01;1.018148e-01;4.254909e-02
9.054928e-02;6.710705e-02;8.021186e-02;7.111622e-02;5.902530e-02;9.255210e-02;1.982086e-01;7.474307e-02;7.250150e-02;7.888571e-02;8.773988e-02;2.735947e-02
8.991134e-02;1.058768e-01;1.132805e-01;7.237215e-02;5.507461e-02;6.730878e-02;1.579987e-01;9.894808e-02;7.727964e-02;6.063125e-02;6.789591e-02;3.342229e-02
1.317630e-01;1.035865e-01;9.746944e-02;7.947026e-02;6.050340e-02;5.935569e-02;1.557533e-01;1.077842e-01;6.498811e-02;6.468356e-02;3.290150e-02;4.174108e-02
1.271468e-01;8.452488e-02;1.269407e-01;1.167199e-01;6.600280e-02;5.112504e-02;1.195856e-01;9.931181e-02;4.675136e-02;5.966276e-02;2.759515e-02;7.463323e-02
6.931900e-02;1.169605e-01;1.344120e-01;1.261839e-01;6.992237e-02;6.575296e-02;8.423842e-02;9.615638e-02;4.909969e-02;5.136863e-02;5.141980e-02;8.516628e-02
4.889364e-02;1.163874e-01;1.431934e-01;7.160444e-02;6.125191e-02;5.888490e-02;9.429792e-02;1.321217e-01;6.657615e-02;7.616647e-02;5.987996e-02;7.074212e-02
6.978799e-02;1.106245e-01;1.930745e-01;4.665441e-02;4.534099e-02;4.734547e-02;1.101605e-01;1.371263e-01;8.225244e-02;7.785706e-02;3.853457e-02;4.124122e-02
7.144634e-02;1.050079e-01;1.820756e-01;6.689006e-02;4.355164e-02;3.306419e-02;1.447484e-01;1.151464e-01;9.949636e-02;5.458714e-02;3.494236e-02;4.904357e-02
7.871046e-02;6.892612e-02;1.493407e-01;7.489377e-02;4.473010e-02;5.324326e-02;1.913989e-01;8.274033e-02;8.621446e-02;7.490984e-02;3.643221e-02;5.845987e-02
8.877855e-02;6.899463e-02;1.217495e-01;6.639148e-02;6.180174e-02;8.178729e-02;1.868928e-01;5.356428e-02;1.020466e-01;6.334925e-02;4.623288e-02;5.841100e-02
7.141180e-02;7.669933e-02;1.023066e-01;5.971935e-02;1.019634e-01;8.619320e-02;1.214563e-01;6.263047e-02;1.217309e-01;6.686084e-02;4.330859e-02;8.571927e-02
6.434510e-02;1.050850e-01;1.191070e-01;5.593980e-02;1.058260e-01;4.769370e-02;8.647721e-02;8.651342e-02;1.201796e-01;8.388885e-02;3.361879e-02;9.132555e-02
5.773790e-02;1.102515e-01;1.711563e-01;5.935990e-02;8.561122e-02;4.641541e-02;7.498559e-02;9.907395e-02;1.164806e-01;7.449994e-02;3.691353e-02;6.751411e-02
4.489323e-02;8.564557e-02;1.699856e-01;6.189303e-02;7.371878e-02;5.681778e-02;8.676542e-02;9.575589e-02;1.032037e-01;1.051278e-01;4.798856e-02;6.820472e-02
6.996443e-02;6.062071e-02;1.055503e-01;6.962111e-02;7.128233e-02;8.042864e-02;1.340618e-01;7.914982e-02;8.007821e-02;1.279166e-01;4.769899e-02;7.362700e-02
6.330094e-02;5.053281e-02;2.916522e-01;6.972049e-02;5.008554e-02;7.135979e-02;9.729054e-02;5.074153e-02;5.718007e-02;9.275597e-02;4.278169e-02;6.259850e-02
7.480008e-02;5.704812e-02;3.814791e-01;5.041714e-02;5.643673e-02;3.804554e-02;1.499812e-01;4.382266e-02;5.006101e-02;3.819092e-02;3.954101e-02;2.017645e-02
1.045861e-01;6.710183e-02;3.547192e-01;4.657228e-02;6.038367e-02;3.691852e-02;1.459398e-01;5.616107e-02;4.971566e-02;2.948080e-02;2.981450e-02;1.860652e-02
1.891242e-01;7.736504e-02;2.857877e-01;3.084439e-02;6.098969e-02;3.141515e-02;1.036872e-01;9.323653e-02;4.746424e-02;1.930435e-02;2.723849e-02;3.354307e-02
3.374308e-01;7.862067e-02;1.499851e-01;1.095148e-02;5.195471e-02;1.743358e-02;5.941691e-02;1.734299e-01;2.787874e-02;1.451772e-02;2.652675e-02;5.185363e-02
3.516554e-01;5.981400e-02;2.067794e-01;9.332868e-03;2.853616e-02;5.780323e-03;3.681279e-02;1.835271e-01;2.878683e-02;1.550107e-02;2.421756e-02;4.925650e-02
3.702434e-01;7.058807e-02;1.927670e-01;6.555462e-03;2.877608e-02;9.331744e-03;2.797245e-02;1.782067e-01;2.690359e-02;1.379856e-02;2.559692e-02;4.925995e-02
3.858778e-01;7.621573e-02;2.083409e-01;7.392541e-03;3.802709e-02;4.620017e-03;1.984898e-02;1.656485e-01;2.416200e-02;1.369839e-02;1.849769e-02;3.767028e-02
4.136732e-01;8.570998e-02;2.076719e-01;8.397937e-03;3.705525e-02;4.247213e-03;9.042122e-03;1.491222e-01;2.063664e-02;1.140715e-02;1.659670e-02;3.643976e-02
4.655355e-01;9.829951e-02;1.507941e-01;1.560156e-02;2.585230e-02;5.169529e-03;2.374489e-02;1.225257e-01;2.093071e-02;1.180943e-02;1.366754e-02;4.606924e-02
4.667279e-01;1.498933e-01;7.874577e-02;2.038414e-02;1.262024e-02;5.818714e-03;7.129329e-02;7.036710e-02;2.173332e-02;2.048363e-02;1.432091e-02;6.761172e-02
3.711335e-01;1.703415e-01;8.756040e-02;2.402049e-02;6.309202e-03;6.654596e-03;1.135652e-01;6.969392e-02;2.378431e-02;2.798080e-02;1.293089e-02;8.602528e-02
2.605861e-01;1.431005e-01;9.629588e-02;2.825045e-02;6.534500e-03;8.841177e-03;1.958531e-01;9.225538e-02;2.209016e-02;2.931740e-02;1.582633e-02;1.010491e-01
1.051908e-01;6.966394e-02;7.230628e-02;2.953584e-02;6.122518e-03;3.575035e-02;3.906898e-01;9.297245e-02;4.844246e-02;2.453791e-02;2.731103e-02;9.747655e-02
1.383421e-02;1.618189e-02;5.223564e-02;1.998047e-02;6.695795e-03;8.590388e-02;4.823057e-01;1.037825e-01;9.099860e-02;1.133832e-02;7.083812e-02;4.590482e-02
1.062678e-02;7.239900e-03;6.610974e-02;1.314359e-02;9.375721e-03;1.414162e-01;3.804407e-01;1.018524e-01;8.922505e-02;1.601629e-02;1.342019e-01;3.035180e-02
1.457980e-02;1.285301e-02;7.456683e-02;9.954422e-03;1.983848e-02;1.867901e-01;2.319556e-01;1.137517e-01;5.337929e-02;4.106994e-02;2.201935e-01;2.106716e-02
1.831960e-02;2.613498e-02;5.364282e-02;6.697588e-03;4.706176e-02;1.725394e-01;9.397163e-02;1.792354e-01;2.152758e-02;1.024702e-01;2.638173e-01;1.458169e-02
1.639860e-02;4.461497e-02;2.264733e-02;9.381092e-03;8.056872e-02;1.076644e-01;3.785045e-02;2.830153e-01;1.766650e-02;1.833690e-01;1.838438e-01;1.297976e-02
1.017690e-02;6.048145e-02;6.376903e-03;1.028300e-02;1.075952e-01;5.286135e-02;2.338538e-02;3.486359e-01;1.057440e-02;2.700879e-01;8.783351e-02;1.170820e-02
4.907099e-03;6.834446e-02;2.583729e-03;8.361063e-03;1.215654e-01;2.092288e-02;1.880716e-02;3.466533e-01;2.025715e-02;3.306539e-01;3.955024e-02;1.739352e-02
4.496253e-03;8.049662e-02;4.083052e-03;1.128920e-02;1.213325e-01;1.072119e-02;1.896703e-02;2.995663e-01;4.256262e-02;3.619612e-01;1.649373e-02;2.803033e-02
7.623467e-03;9.662545e-02;7.259545e-03;1.441717e-02;1.142183e-01;1.682662e-02;1.632399e-02;2.286963e-01;8.018912e-02;3.738933e-01;1.542414e-02;2.850252e-02
1.113900e-02;1.105038e-01;1.064763e-02;2.040851e-02;1.103781e-01;1.581155e-02;2.576615e-02;1.910173e-01;9.007066e-02;3.529782e-01;3.825203e-02;2.302709e-02
8.122358e-03;1.120178e-01;3.611081e-02;5.362982e-02;1.227168e-01;5.172995e-02;3.579100e-02;1.883139e-01;3.592847e-02;2.658351e-01;7.026256e-02;1.954140e-02
2.562626e-02;8.808527e-02;7.942489e-02;8.282243e-02;1.385906e-01;8.524779e-02;5.786545e-02;1.603289e-01;4.364779e-02;1.452344e-01;7.843204e-02;1.469423e-02
4.205074e-02;6.616747e-02;7.066397e-02;7.199515e-02;1.126744e-01;7.723326e-02;9.951991e-02;1.757053e-01;5.095016e-02;1.318013e-01;7.508204e-02;2.615624e-02
3.208874e-02;4.701869e-02;3.591831e-02;4.106212e-02;6.374382e-02;5.768170e-02;1.204125e-01;1.595612e-01;4.041881e-02;2.332814e-01;1.343305e-01;3.448212e-02
2.078349e-02;3.872621e-02;4.244741e-02;2.001126e-02;5.421737e-02;7.235016e-02;1.171275e-01;7.504028e-02;6.091101e-02;2.646124e-01;1.855967e-01;4.817616e-02
2.417530e-02;4.160403e-02;7.186154e-02;4.538354e-02;5.770959e-02;5.416001e-02;1.017238e-01;1.281323e-01;8.265673e-02;2.396721e-01;1.085301e-01;4.439099e-02
4.534373e-02;4.418467e-02;9.149563e-02;6.582906e-02;4.221978e-02;3.566290e-02;9.445519e-02;1.304931e-01;1.219143e-01;2.215201e-01;7.390024e-02;3.298140e-02
4.667082e-02;6.974009e-02;6.533932e-02;5.327870e-02;8.458457e-02;4.429354e-02;6.892408e-02;9.881292e-02;9.464598e-02;2.582000e-01;7.368800e-02;4.182204e-02
4.415155e-02;9.285781e-02;5.189160e-02;4.411925e-02;1.140936e-01;5.087041e-02;8.005860e-02;1.099944e-01;6.550580e-02;2.326941e-01;7.124984e-02;4.251305e-02
4.477547e-02;1.037333e-01;3.481071e-02;4.948629e-02;1.418243e-01;5.122484e-02;1.100336e-01;1.223027e-01;4.964198e-02;1.655722e-01;8.548036e-02;4.111425e-02
6.519511e-02;7.544062e-02;4.081641e-02;8.201814e-02;1.290315e-01;4.794222e-02;1.465158e-01;1.039450e-01;8.055533e-02;1.213955e-01;6.851990e-02;3.862445e-02
7.470087e-02;3.420994e-02;1.036961e-01;1.030976e-01;6.653474e-02;7.589480e-02;1.342868e-01;1.127870e-01;9.232850e-02;1.163836e-01;4.445706e-02;4.162301e-02
4.869694e-02;1.715642e-02;1.806106e-01;7.750525e-02;3.386915e-02;1.137493e-01;9.855456e-02;1.396666e-01;6.630023e-02;1.156126e-01;4.624351e-02;6.203489e-02
2.864055e-02;2.870998e-02;2.517533e-01;4.833100e-02;3.198296e-02;1.003224e-01;6.171169e-02;1.313504e-01;7.476916e-02;1.313742e-01;5.233201e-02;5.872237e-02
2.592076e-02;3.226677e-02;2.792969e-01;5.927601e-02;3.739133e-02;9.442445e-02;6.346485e-02;1.378565e-01;7.051936e-02;1.113220e-01;5.110415e-02;3.715694e-02
2.615226e-02;2.340565e-02;2.661403e-01;8.605936e-02;3.996956e-02;9.623266e-02;6.786639e-02;1.209082e-01;7.363827e-02;9.604436e-02;4.601913e-02;5.756388e-02
6.607842e-02;2.119336e-02;1.325931e-01;1.297766e-01;3.656273e-02;5.312325e-02;1.034375e-01;9.607143e-02;1.625883e-01;9.752303e-02;3.856901e-02;6.248319e-02
9.415044e-02;2.227513e-02;4.460204e-02;1.327455e-01;6.921710e-02;3.735485e-02;1.660867e-01;8.980905e-02;1.055582e-01;1.416670e-01;5.615850e-02;4.037551e-02
5.370015e-02;4.263739e-02;6.631349e-02;1.044402e-01;1.346454e-01;2.167808e-02;1.143250e-01;6.556609e-02;5.981835e-02;2.561489e-01;5.661481e-02;2.411220e-02
2.189781e-02;5.866110e-02;2.935000e-02;7.251090e-02;1.559145e-01;3.625941e-02;4.756900e-02;8.233604e-02;6.404784e-02;3.155864e-01;8.289433e-02;3.297265e-02
9.551225e-03;5.195327e-02;1.872177e-02;7.922895e-02;1.319529e-01;6.633262e-02;3.017485e-02;1.052094e-01;2.510438e-02;2.880187e-01;1.634840e-01;3.026794e-02
1.052698e-02;4.093184e-02;2.661540e-02;1.036016e-01;8.161256e-02;1.159657e-01;3.888242e-02;9.928613e-02;1.550617e-02;1.841424e-01;2.546241e-01;2.830476e-02
1.848856e-02;4.114624e-02;2.647626e-02;1.146734e-01;8.329231e-02;1.379430e-01;3.304989e-02;9.529664e-02;1.712866e-02;1.481426e-01;2.526209e-01;3.174154e-02
1.657622e-02;5.279161e-02;2.075424e-02;1.135033e-01;1.116960e-01;1.438128e-01;2.705362e-02;1.003559e-01;1.486902e-02;1.871174e-01;1.863704e-01;2.509953e-02
1.951236e-02;5.650706e-02;1.878918e-02;9.067646e-02;1.322339e-01;1.388241e-01;2.881764e-02;1.050529e-01;1.284984e-02;2.114028e-01;1.637722e-01;2.156154e-02
1.344939e-02;6.141343e-02;1.437511e-02;7.525291e-02;1.472553e-01;1.380232e-01;2.972878e-02;1.061685e-01;1.666345e-02;2.240239e-01;1.558211e-01;1.782498e-02
1.520974e-02;6.171686e-02;2.514688e-02;6.556190e-02;1.485085e-01;1.156670e-01;3.355942e-02;9.385566e-02;2.060881e-02;2.540309e-01;1.397658e-01;2.636858e-02
1.621852e-02;6.789672e-02;2.238110e-02;5.768719e-02;1.489741e-01;8.346380e-02;1.800794e-02;8.967841e-02;2.141884e-02;3.186851e-01;1.185735e-01;3.701477e-02
1.131695e-02;7.630765e-02;1.528700e-02;5.017479e-02;1.565518e-01;5.313794e-02;1.656429e-02;6.889279e-02;2.648952e-02;3.994493e-01;9.072696e-02;3.510100e-02
1.436972e-02;6.963005e-02;2.017949e-02;5.564306e-02;1.625663e-01;3.415206e-02;3.551692e-02;4.696503e-02;6.000654e-02;4.031245e-01;6.555328e-02;3.229309e-02
2.292022e-02;4.827505e-02;4.933340e-02;6.833664e-02;1.590858e-01;2.230330e-02;1.080785e-01;3.387159e-02;9.822858e-02;3.038509e-01;5.713148e-02;2.858445e-02
4.475615e-02;2.515737e-02;7.122971e-02;9.272241e-02;1.502629e-01;3.190040e-02;1.669912e-01;3.565882e-02;1.015932e-01;1.914926e-01;6.936148e-02;1.887362e-02
6.151855e-02;2.283845e-02;8.347023e-02;1.288657e-01;1.157554e-01;2.510938e-02;1.632295e-01;3.704694e-02;1.034259e-01;1.696731e-01;6.911126e-02;1.995560e-02
7.307758e-02;3.656400e-02;5.931182e-02;1.362963e-01;5.818212e-02;3.415418e-02;1.109407e-01;3.089599e-02;1.400527e-01;2.040653e-01;8.264524e-02;3.381407e-02
6.103954e-02;3.722233e-02;7.822257e-02;1.143653e-01;5.844338e-02;2.369026e-02;1.245420e-01;2.451776e-02;1.442490e-01;2.338947e-01;6.712493e-02;3.268819e-02
6.894241e-02;2.650844e-02;7.502431e-02;1.309905e-01;5.799050e-02;2.446584e-02;1.801137e-01;1.990443e-02;1.475881e-01;1.783032e-01;6.796560e-02;2.220291e-02
7.863352e-02;9.651533e-03;5.889806e-02;1.466359e-01;5.686601e-02;2.229858e-02;2.092091e-01;2.945467e-02;1.766442e-01;1.312629e-01;6.455255e-02;1.589305e-02
7.646788e-02;6.314618e-03;6.057650e-02;1.740747e-01;5.942567e-02;1.687241e-02;1.742017e-01;2.775802e-02;2.106025e-01;1.212380e-01;6.190822e-02;1.055980e-02
6.054547e-02;1.721806e-02;7.788550e-02;2.105297e-01;4.809066e-02;2.262681e-02;1.202805e-01;3.219898e-02;2.270535e-01;9.914918e-02;7.452419e-02;9.897418e-03
