6.813393e-02;1.226432e-01;7.163279e-02;3.100605e-02;2.164991e-02;2.192413e-01;1.949241e-01;5.180964e-02;3.441815e-02;4.291660e-02;1.037525e-01;3.787188e-02
6.502410e-02;1.654564e-01;1.100495e-01;2.183880e-02;2.213280e-02;2.643976e-01;1.469906e-01;4.169391e-02;3.329504e-02;3.380403e-02;3.389357e-02;6.142364e-02
7.549641e-02;1.552407e-01;1.396861e-01;4.322807e-02;2.564140e-02;2.373041e-01;6.865567e-02;4.051670e-02;5.075768e-02;4.163079e-02;5.002758e-02;7.181481e-02
7.220462e-02;1.809719e-01;1.174358e-01;3.624179e-02;2.035578e-02;1.530219e-01;1.033505e-01;9.451241e-02;6.039641e-02;5.040981e-02;5.856577e-02;5.253331e-02
6.436735e-02;1.929291e-01;1.425942e-01;3.104952e-02;2.678703e-02;1.186294e-01;8.652032e-02;1.121374e-01;7.073996e-02;4.924278e-02;5.363410e-02;5.136880e-02
7.947080e-02;1.924999e-01;1.000192e-01;3.624871e-02;4.517428e-02;1.066111e-01;8.104273e-02;1.250965e-01;6.772504e-02;4.945303e-02;6.017110e-02;5.648769e-02
8.470256e-02;1.426691e-01;6.854159e-02;9.034627e-02;6.527898e-02;9.847876e-02;8.048479e-02;6.686298e-02;8.383833e-02;7.773335e-02;8.018405e-02;6.087917e-02
7.259507e-02;1.042246e-01;1.279236e-01;9.735750e-02;5.503649e-02;5.970133e-02;7.223616e-02;8.796030e-02;5.271782e-02;7.221384e-02;1.191795e-01;7.885379e-02
1.053686e-01;1.132971e-01;1.130137e-01;8.140695e-02;7.423204e-02;4.529452e-02;6.488086e-02;9.851038e-02;5.536442e-02;4.729697e-02;1.179194e-01;8.341495e-02
1.379028e-01;1.235884e-01;9.083275e-02;7.261216e-02;8.611227e-02;3.838790e-02;6.186620e-02;9.883137e-02;4.822476e-02;5.072905e-02;1.022846e-01;8.862785e-02
1.617619e-01;1.155255e-01;6.795850e-02;6.894106e-02;8.862270e-02;5.217394e-02;7.194419e-02;1.015905e-01;3.800645e-02;7.031137e-02;9.355815e-02;6.960581e-02
1.928125e-01;1.110383e-01;8.168028e-02;3.908626e-02;1.380503e-01;3.172416e-02;6.380662e-02;1.494724e-01;3.193122e-02;4.767168e-02;8.860688e-02;2.411945e-02
1.988021e-01;1.229559e-01;1.111657e-01;4.050858e-02;1.257188e-01;2.911063e-02;7.620142e-02;1.308705e-01;2.727960e-02;2.969805e-02;5.457735e-02;5.311142e-02
1.683652e-01;1.339047e-01;1.281586e-01;5.311521e-02;8.028344e-02;5.757421e-02;1.180305e-01;9.180360e-02;3.381083e-02;4.179372e-02;3.234231e-02;6.081762e-02
1.364356e-01;1.189301e-01;1.237661e-01;6.804736e-02;4.521039e-02;6.187958e-02;1.306203e-01;6.375702e-02;6.923242e-02;5.410369e-02;6.468833e-02;6.332907e-02
2.251175e-01;1.038021e-01;1.245255e-01;7.312363e-02;5.390934e-02;5.084375e-02;5.801053e-02;9.727769e-02;5.614686e-02;4.311226e-02;5.581285e-02;5.831804e-02
1.815722e-01;1.150965e-01;1.145736e-01;8.043662e-02;6.166233e-02;5.839257e-02;8.173025e-02;1.240072e-01;5.717655e-02;2.534207e-02;5.808967e-02;4.192045e-02
1.167817e-01;1.132374e-01;1.219824e-01;9.291783e-02;5.809822e-02;8.754797e-02;7.922670e-02;9.895457e-02;6.020345e-02;4.296714e-02;8.181269e-02;4.626996e-02
1.001903e-01;9.497917e-02;1.238267e-01;9.720569e-02;6.532937e-02;9.070785e-02;4.858539e-02;9.304571e-02;8.122863e-02;6.869636e-02;5.207268e-02;8.413216e-02
8.351119e-02;9.113654e-02;1.318626e-01;8.512403e-02;7.233670e-02;1.090800e-01;4.047853e-02;7.696907e-02;7.299830e-02;7.557876e-02;8.410803e-02;7.681624e-02
6.741385e-02;7.691253e-02;1.348575e-01;1.119884e-01;5.715817e-02;1.187853e-01;4.721931e-02;7.307648e-02;4.693667e-02;6.745584e-02;1.420963e-01;5.609972e-02
5.689207e-02;6.304381e-02;1.398865e-01;1.760638e-01;3.641693e-02;9.119594e-02;3.756814e-02;8.448148e-02;2.833918e-02;5.766965e-02;1.960394e-01;3.240304e-02
3.655259e-02;6.149817e-02;1.058048e-01;2.455674e-01;3.368266e-02;6.080408e-02;2.542499e-02;1.124145e-01;2.028196e-02;3.511797e-02;2.484499e-01;1.440097e-02
1.571110e-02;7.143002e-02;6.568746e-02;2.494977e-01;5.363255e-02;8.425894e-02;1.576518e-02;1.101402e-01;1.972677e-02;2.024949e-02;2.583985e-01;3.550213e-02
7.344920e-03;6.546622e-02;7.809627e-02;2.100737e-01;9.761664e-02;1.108275e-01;1.244930e-02;7.200655e-02;1.683681e-02;2.432935e-02;2.343799e-01;7.057284e-02
1.117173e-02;6.305359e-02;1.224782e-01;1.754147e-01;1.270442e-01;1.358166e-01;1.388562e-02;4.242744e-02;2.284765e-02;2.024001e-02;1.879306e-01;7.768968e-02
1.522025e-02;1.004151e-01;2.248415e-01;1.344449e-01;9.206983e-02;1.322210e-01;2.098817e-02;6.827550e-02;1.835923e-02;2.399492e-02;1.032704e-01;6.589920e-02
3.300537e-02;1.918853e-01;2.733930e-01;1.031515e-01;4.783026e-02;7.740638e-02;4.703495e-02;8.793434e-02;2.919708e-02;2.780892e-02;3.763061e-02;4.372231e-02
4.558130e-02;2.035531e-01;1.747811e-01;6.277562e-02;4.670134e-02;1.281905e-01;5.730405e-02;9.131631e-02;4.744080e-02;4.183454e-02;7.160038e-02;2.892088e-02
4.127724e-02;1.925668e-01;1.993796e-01;5.190453e-02;4.510716e-02;1.533458e-01;3.852816e-02;1.020761e-01;4.219981e-02;3.447326e-02;7.056261e-02;2.857898e-02
3.799824e-02;2.225754e-01;2.605840e-01;5.819627e-02;3.085054e-02;7.372756e-02;4.236110e-02;7.818063e-02;4.582808e-02;4.883889e-02;6.887481e-02;3.198450e-02
2.167466e-02;1.649812e-01;3.379366e-01;9.551710e-02;3.771986e-02;6.021606e-02;5.544079e-02;4.655208e-02;2.917849e-02;5.926134e-02;7.859033e-02;1.293140e-02
1.334495e-02;1.125048e-01;3.052980e-01;1.568395e-01;6.268713e-02;7.488691e-02;3.849249e-02;4.492319e-02;1.717033e-02;3.712874e-02;1.262243e-01;1.049958e-02
1.171684e-02;7.688183e-02;2.403483e-01;2.046806e-01;6.495094e-02;5.511676e-02;2.068917e-02;6.468280e-02;1.717236e-02;1.049366e-02;2.119193e-01;2.134753e-02
9.077135e-03;5.408861e-02;2.021990e-01;2.041390e-01;5.501263e-02;5.657152e-02;2.510946e-02;6.433417e-02;1.449978e-02;3.057593e-02;2.601263e-01;2.426647e-02
8.273353e-03;5.974319e-02;2.418303e-01;1.484643e-01;4.649241e-02;5.319889e-02;4.394727e-02;4.744723e-02;1.506578e-02;7.365871e-02;2.451224e-01;1.675616e-02
1.797468e-02;1.128837e-01;3.074787e-01;7.236678e-02;3.750528e-02;4.351876e-02;5.260507e-02;3.263512e-02;2.172239e-02;1.148741e-01;1.691313e-01;1.730406e-02
3.189234e-02;1.754607e-01;3.123222e-01;5.381076e-02;4.152999e-02;4.430419e-02;4.780010e-02;3.103445e-02;3.551608e-02;1.047772e-01;9.500781e-02;2.654411e-02
4.950128e-02;1.878384e-01;2.416023e-01;1.088209e-01;5.488480e-02;5.858598e-02;4.706953e-02;3.134510e-02;4.289846e-02;6.107752e-02;8.457591e-02;3.179979e-02
6.000045e-02;1.348513e-01;1.546193e-01;1.728262e-01;6.192681e-02;6.305870e-02;4.599154e-02;6.072195e-02;2.406000e-02;6.956376e-02;1.228736e-01;2.950634e-02
3.511808e-02;1.136048e-01;1.697483e-01;1.696316e-01;5.834602e-02;8.234037e-02;3.221545e-02;9.031125e-02;4.179442e-02;1.002341e-01;8.675940e-02;1.989617e-02
3.370584e-02;1.160947e-01;2.728848e-01;1.589118e-01;4.493548e-02;5.864457e-02;3.770683e-02;7.201865e-02;4.360800e-02;7.422038e-02;5.580243e-02;3.146637e-02
4.429604e-02;1.030352e-01;3.010013e-01;1.507244e-01;2.977820e-02;5.273866e-02;4.094239e-02;6.787654e-02;4.041028e-02;4.451004e-02;1.028370e-01;2.184998e-02
2.523947e-02;9.071144e-02;3.095381e-01;1.205012e-01;4.989645e-02;4.283563e-02;4.738526e-02;6.539162e-02;5.120276e-02;2.404673e-02;1.472717e-01;2.597962e-02
3.455081e-02;1.157755e-01;2.733564e-01;1.158257e-01;5.092490e-02;6.210224e-02;4.287854e-02;3.882729e-02;5.714757e-02;3.997375e-02;1.478104e-01;2.082701e-02
4.613182e-02;6.846029e-02;2.322960e-01;1.122376e-01;4.946517e-02;8.668894e-02;5.308886e-02;4.734348e-02;8.329845e-02;4.580837e-02;1.579731e-01;1.720796e-02
5.395939e-02;6.070086e-02;1.839845e-01;7.958399e-02;6.598240e-02;1.143799e-01;3.489897e-02;4.807071e-02;6.699489e-02;6.284010e-02;1.720660e-01;5.653828e-02
3.366853e-02;7.888933e-02;1.986439e-01;7.816045e-02;4.412357e-02;9.098620e-02;5.507113e-02;3.843259e-02;3.272846e-02;1.041563e-01;1.932749e-01;5.186470e-02
2.089862e-02;7.706180e-02;2.373812e-01;9.971097e-02;2.362785e-02;5.688365e-02;8.644732e-02;1.731508e-02;1.919780e-02;1.360124e-01;1.945795e-01;3.088373e-02
9.877505e-03;6.434077e-02;2.901106e-01;1.108153e-01;1.176001e-02;2.681131e-02;1.413406e-01;2.142579e-02;1.285407e-02;1.693495e-01;1.241378e-01;1.717671e-02
1.202013e-02;6.820422e-02;3.222703e-01;7.218610e-02;1.444956e-02;1.646501e-02;1.855944e-01;1.500035e-02;1.222716e-02;2.192563e-01;5.020219e-02;1.212435e-02
1.639136e-02;7.581035e-02;3.305747e-01;2.915975e-02;1.200658e-02;7.525156e-03;1.888118e-01;1.106440e-02;1.927399e-02;2.768016e-01;2.158399e-02;1.099632e-02
1.463326e-02;9.445101e-02;3.302831e-01;1.331756e-02;1.330139e-02;9.776224e-03;1.375934e-01;9.848493e-03;3.190248e-02;3.272978e-01;7.042250e-03;1.055298e-02
1.293040e-02;1.241890e-01;3.471866e-01;1.465863e-02;1.051365e-02;1.153075e-02;7.083392e-02;1.106348e-02;4.197935e-02;3.402454e-01;7.418750e-03;7.450111e-03
2.184793e-02;1.698256e-01;3.600931e-01;1.465922e-02;1.738221e-02;1.654728e-02;3.198827e-02;8.318651e-03;5.198491e-02;2.825012e-01;7.839251e-03;1.701237e-02
3.663509e-02;1.936207e-01;3.873391e-01;1.551502e-02;3.339565e-02;1.874470e-02;2.902063e-02;8.382707e-03;5.137381e-02;2.001895e-01;1.143941e-02;1.434382e-02
3.016370e-02;2.078007e-01;4.278143e-01;1.453840e-02;4.112159e-02;1.704439e-02;6.090238e-02;9.273253e-03;3.825473e-02;1.371508e-01;1.156624e-02;4.369379e-03
3.259244e-02;1.981812e-01;4.554182e-01;3.321146e-02;3.479048e-02;2.647053e-02;5.939937e-02;1.242888e-02;3.407637e-02;9.716492e-02;8.226480e-03;8.039696e-03
2.931742e-02;1.913528e-01;4.787253e-01;5.727005e-02;2.452879e-02;4.990632e-02;4.914945e-02;9.648385e-03;3.390329e-02;5.467311e-02;1.474013e-02;6.784939e-03
2.914078e-02;2.211880e-01;4.429863e-01;6.184078e-02;1.726982e-02;5.998139e-02;4.183757e-02;1.412363e-02;3.084899e-02;6.295579e-02;9.360983e-03;8.465941e-03
3.619128e-02;2.182860e-01;3.663569e-01;5.478929e-02;1.288646e-02;5.370485e-02;3.922272e-02;2.545774e-02;4.087180e-02;1.283311e-01;1.683187e-02;7.069972e-03
2.435886e-02;1.371241e-01;3.254003e-01;4.559895e-02;2.281942e-02;3.553334e-02;7.721409e-02;3.153496e-02;6.654079e-02;1.782353e-01;3.733680e-02;1.830316e-02
1.731729e-02;1.293572e-01;3.093595e-01;3.965657e-02;2.553372e-02;1.804912e-02;1.052974e-01;3.086671e-02;7.225518e-02;1.818239e-01;4.770096e-02;2.278245e-02
2.751894e-02;1.208067e-01;3.081264e-01;6.435113e-02;3.325937e-02;3.075955e-02;1.028819e-01;3.730806e-02;6.447322e-02;1.544654e-01;3.227156e-02;2.377787e-02
2.615378e-02;9.494381e-02;2.877697e-01;8.891279e-02;3.752894e-02;6.243252e-02;9.876387e-02;5.668999e-02;5.681020e-02;1.386311e-01;3.702104e-02;1.434227e-02
2.369613e-02;6.895912e-02;2.159032e-01;8.806225e-02;4.269809e-02;9.776866e-02;1.001967e-01;1.062834e-01;8.098859e-02;1.216264e-01;4.625745e-02;7.560085e-03
2.341433e-02;7.865478e-02;1.456458e-01;7.372488e-02;4.285253e-02;1.206846e-01;9.407165e-02;1.489382e-01;1.047859e-01;1.044342e-01;3.914062e-02;2.365253e-02
2.018960e-02;1.244915e-01;2.027716e-01;7.251223e-02;3.848892e-02;1.127836e-01;8.540191e-02;1.046758e-01;9.040516e-02;8.918013e-02;2.838644e-02;3.071304e-02
1.734734e-02;1.787891e-01;3.146329e-01;7.869400e-02;3.694970e-02;6.812308e-02;6.877351e-02;5.387743e-02;5.435158e-02;6.886173e-02;3.415875e-02;2.544086e-02
2.139535e-02;2.050291e-01;3.785930e-01;6.478648e-02;3.368546e-02;4.405878e-02;4.436721e-02;3.405656e-02;3.397303e-02;5.785396e-02;6.795564e-02;1.424536e-02
3.075177e-02;1.452718e-01;2.813310e-01;9.675930e-02;5.269934e-02;5.066467e-02;4.444344e-02;6.714825e-02;4.698881e-02;1.008282e-01;5.654447e-02;2.656889e-02
4.211371e-02;1.042845e-01;1.910060e-01;1.295545e-01;5.659937e-02;4.402976e-02;7.013803e-02;1.054764e-01;6.520310e-02;1.155738e-01;3.359102e-02;4.242980e-02
4.950405e-02;1.249830e-01;1.744616e-01;1.034045e-01;4.579849e-02;4.787994e-02;6.996527e-02;1.137573e-01;6.276478e-02;1.152933e-01;4.253362e-02;4.965416e-02
4.902399e-02;1.188995e-01;1.960169e-01;6.767284e-02;4.979284e-02;1.081019e-01;6.799535e-02;1.024179e-01;5.688596e-02;7.888152e-02;6.124625e-02;4.306516e-02
3.891359e-02;1.049439e-01;1.541203e-01;1.074951e-01;6.490660e-02;1.648743e-01;6.735232e-02;1.009735e-01;5.138557e-02;4.717811e-02;6.413184e-02;3.372484e-02
2.818278e-02;9.677399e-02;1.748284e-01;1.684856e-01;6.926154e-02;1.568023e-01;4.998951e-02;7.891676e-02;3.905498e-02;3.814148e-02;7.820678e-02;2.135591e-02
2.167507e-02;8.329251e-02;2.114010e-01;2.610032e-01;6.765020e-02;1.033863e-01;3.005170e-02;4.305517e-02;2.861401e-02;3.184939e-02;1.027545e-01;1.526686e-02
2.730136e-02;4.634713e-02;2.005396e-01;3.189249e-01;6.508542e-02;9.567858e-02;2.223926e-02;4.559178e-02;2.471741e-02;2.717095e-02;1.112109e-01;1.519271e-02
5.906025e-02;8.814298e-02;2.607248e-01;2.281079e-01;6.243846e-02;1.004734e-01;2.201753e-02;3.032101e-02;2.082706e-02;3.415027e-02;7.661799e-02;1.711842e-02
7.277115e-02;1.374700e-01;3.044224e-01;1.223009e-01;4.332516e-02;9.781907e-02;3.068562e-02;2.716145e-02;2.378960e-02;4.961766e-02;6.058709e-02;3.004985e-02
6.219502e-02;1.304781e-01;3.030561e-01;7.014484e-02;1.867247e-02;9.051981e-02;4.847440e-02;3.434685e-02;3.753265e-02;7.247689e-02;8.401104e-02;4.809183e-02
2.392309e-02;6.822882e-02;2.785556e-01;8.784586e-02;4.761789e-02;9.793292e-02;6.016256e-02;3.588216e-02;7.133279e-02;7.688088e-02;1.124603e-01;3.917713e-02
1.993461e-02;1.287132e-01;3.076994e-01;1.068020e-01;3.259560e-02;1.110734e-01;7.945509e-02;2.929799e-02;4.902107e-02;3.658633e-02;8.071892e-02;1.810234e-02
2.932297e-02;1.554102e-01;3.493597e-01;9.503786e-02;2.318297e-02;8.160353e-02;5.056956e-02;3.357396e-02;2.971952e-02;6.530757e-02;7.494567e-02;1.196641e-02
2.815700e-02;1.985934e-01;4.117694e-01;9.224868e-02;2.557054e-02;4.359936e-02;3.432399e-02;2.569386e-02;2.089943e-02;5.618231e-02;3.417671e-02;2.878526e-02
3.626265e-02;2.077065e-01;4.202867e-01;7.741276e-02;3.190538e-02;3.518909e-02;2.874484e-02;3.802739e-02;2.446970e-02;2.660543e-02;5.055351e-02;2.283613e-02
3.925854e-02;1.814679e-01;3.563493e-01;6.456142e-02;3.512886e-02;3.932890e-02;3.624762e-02;4.330872e-02;3.404693e-02;4.776336e-02;7.452798e-02;4.801047e-02
3.874116e-02;1.174024e-01;2.644437e-01;1.091991e-01;1.906651e-02;1.017981e-01;4.558529e-02;5.931483e-02;3.308616e-02;7.556496e-02;7.215612e-02;6.364160e-02
2.137475e-02;1.069327e-01;2.156821e-01;1.466222e-01;7.888689e-02;1.865980e-01;4.896876e-02;6.692697e-02;2.189518e-02;4.563781e-02;3.571058e-02;2.476407e-02
1.343102e-02;8.454616e-02;2.952408e-01;1.798963e-01;9.300083e-02;1.661986e-01;3.035408e-02;4.995831e-02;1.217754e-02;2.541263e-02;3.855500e-02;1.122872e-02
8.507781e-03;7.837480e-02;3.610497e-01;2.192156e-01;8.034963e-02;1.095469e-01;1.585580e-02;4.230754e-02;6.130986e-03;1.830058e-02;5.049237e-02;9.868262e-03
7.123746e-03;1.139147e-01;3.675623e-01;2.163177e-01;5.879192e-02;9.498093e-02;1.363557e-02;2.753698e-02;1.067095e-02;1.667650e-02;6.613598e-02;6.652751e-03
1.130197e-02;1.576243e-01;3.434587e-01;1.825179e-01;4.990568e-02;1.045302e-01;1.052621e-02;3.121218e-02;1.545183e-02;1.697299e-02;6.765224e-02;8.845813e-03
1.663988e-02;1.742453e-01;4.662392e-01;1.183967e-01;2.174166e-02;7.631822e-02;1.616247e-02;2.527311e-02;2.281544e-02;1.590806e-02;3.808118e-02;8.178739e-03
1.802086e-02;1.793321e-01;5.118846e-01;6.798248e-02;1.872030e-02;6.421005e-02;2.709007e-02;2.127612e-02;2.728139e-02;4.173503e-02;1.116982e-02;1.129723e-02
2.483234e-02;2.255361e-01;4.940048e-01;3.388727e-02;2.346709e-02;5.852375e-02;2.336674e-02;1.751499e-02;1.376181e-02;4.472525e-02;2.696762e-02;1.341222e-02
3.004198e-02;2.639695e-01;4.871627e-01;4.293272e-02;9.259147e-03;4.274730e-02;1.286532e-02;1.368155e-02;1.724839e-02;3.449649e-02;3.340757e-02;1.218733e-02
3.726520e-02;2.704196e-01;4.590442e-01;6.124423e-02;2.646002e-02;3.307100e-02;1.349783e-02;1.570403e-02;2.636284e-02;1.974816e-02;2.601338e-02;1.116942e-02
4.333318e-02;2.486703e-01;3.459834e-01;7.628278e-02;2.448720e-02;6.940701e-02;2.209183e-02;2.904546e-02;3.555701e-02;4.762526e-02;3.523621e-02;2.228028e-02
3.534305e-02;2.340618e-01;2.653118e-01;6.213970e-02;3.483519e-02;1.010779e-01;2.606388e-02;3.235944e-02;3.891728e-02;8.908020e-02;5.245337e-02;2.835636e-02
3.032723e-02;2.260310e-01;3.409570e-01;4.114566e-02;4.754419e-02;9.180801e-02;2.892973e-02;2.937299e-02;3.057280e-02;7.580316e-02;3.463165e-02;2.287664e-02
2.571539e-02;2.227110e-01;4.161697e-01;7.618896e-02;3.381373e-02;3.473872e-02;3.800122e-02;3.277234e-02;2.256402e-02;5.640312e-02;2.285741e-02;1.806444e-02
1.703775e-02;1.876078e-01;4.093896e-01;1.188301e-01;5.450039e-02;5.720856e-02;2.760996e-02;3.399656e-02;2.254477e-02;2.940408e-02;2.455434e-02;1.731611e-02
2.543370e-02;2.038175e-01;3.224743e-01;1.406501e-01;8.908067e-02;2.647073e-02;3.413284e-02;3.262911e-02;1.356435e-02;5.384877e-02;3.633852e-02;2.155948e-02
4.044170e-02;2.084406e-01;2.068931e-01;1.315730e-01;9.400564e-02;6.113698e-02;6.035108e-02;4.545515e-02;3.283210e-02;4.792779e-02;5.627237e-02;1.467051e-02
6.290165e-02;1.590538e-01;1.034250e-01;8.209679e-02;8.092193e-02;8.155847e-02;7.985580e-02;1.138803e-01;9.280371e-02;6.180922e-02;5.556734e-02;2.612599e-02
5.613581e-02;1.232431e-01;9.501645e-02;7.931367e-02;8.672674e-02;9.692007e-02;8.304738e-02;1.360247e-01;9.417524e-02;6.825207e-02;4.637896e-02;3.476575e-02
3.391384e-02;1.772690e-01;1.916523e-01;7.974615e-02;6.853788e-02;9.606546e-02;6.346016e-02;9.593003e-02;6.710013e-02;6.848875e-02;3.048363e-02;2.735277e-02
2.921708e-02;2.702911e-01;2.977264e-01;6.051211e-02;3.275647e-02;7.743583e-02;2.840220e-02;5.420881e-02;5.321847e-02;6.328874e-02;1.387080e-02;1.907208e-02
2.063191e-02;3.189236e-01;3.356624e-01;3.220630e-02;1.293115e-02;7.305039e-02;1.688734e-02;2.848901e-02;6.747383e-02;6.873010e-02;1.124427e-02;1.376974e-02
2.197833e-02;3.665329e-01;2.898429e-01;1.135383e-02;8.667745e-03;1.081514e-01;1.504955e-02;2.135141e-02;8.613073e-02;5.793031e-02;6.275310e-03;6.735551e-03
3.335544e-02;4.009337e-01;2.062192e-01;1.639085e-02;1.246538e-02;1.426990e-01;1.281482e-02;1.813061e-02;1.079157e-01;3.567145e-02;8.081513e-03;5.322369e-03
3.930573e-02;4.146286e-01;1.780063e-01;1.576944e-02;2.305873e-02;1.548183e-01;1.506865e-02;2.323347e-02;1.105999e-01;1.300731e-02;7.331166e-03;5.172446e-03
4.439292e-02;3.913890e-01;1.880636e-01;2.127354e-02;4.409482e-02;1.338115e-01;2.202575e-02;3.605089e-02;1.012069e-01;7.566273e-03;5.248056e-03;4.876778e-03
4.571365e-02;3.794380e-01;1.804104e-01;2.609652e-02;5.752978e-02;1.168284e-01;1.516018e-02;3.196718e-02;1.145449e-01;1.825792e-02;7.337974e-03;6.715188e-03
4.497335e-02;3.791858e-01;1.524424e-01;3.286831e-02;7.033331e-02;1.116512e-01;1.332168e-02;4.006401e-02;1.269736e-01;1.572051e-02;6.060195e-03;6.405512e-03
4.316790e-02;3.970633e-01;1.678922e-01;2.844194e-02;5.592636e-02;8.944296e-02;1.356034e-02;3.621513e-02;1.388608e-01;1.715761e-02;6.395921e-03;5.875540e-03
4.879734e-02;4.226735e-01;1.837887e-01;2.261611e-02;2.171039e-02;7.468691e-02;1.828272e-02;1.358237e-02;1.653045e-01;1.673534e-02;7.173849e-03;4.648220e-03
5.966567e-02;4.164510e-01;1.661467e-01;2.174094e-02;1.138080e-02;7.688866e-02;1.301396e-02;3.318433e-02;1.740488e-01;1.155208e-02;9.519320e-03;6.407741e-03
6.361508e-02;4.250444e-01;1.782847e-01;2.183803e-02;7.012316e-03;7.520729e-02;9.192283e-03;2.533200e-02;1.766655e-01;7.143971e-03;4.097037e-03;6.567464e-03
4.720725e-02;4.047727e-01;2.530573e-01;1.907305e-02;6.210815e-03;6.792002e-02;1.079241e-02;8.656741e-03;1.551452e-01;1.478116e-02;5.651375e-03;6.731938e-03
3.121730e-02;3.889277e-01;2.838953e-01;2.039738e-02;7.756279e-03;5.955926e-02;1.391577e-02;2.064969e-02;1.412927e-01;1.950462e-02;4.647937e-03;8.235971e-03
2.491187e-02;3.751784e-01;3.181810e-01;2.075567e-02;6.138662e-03;5.598654e-02;1.087623e-02;1.845614e-02;1.271393e-01;3.086136e-02;2.382103e-03;9.132758e-03
2.410264e-02;3.784887e-01;3.480329e-01;1.404464e-02;9.467490e-03;3.462397e-02;9.697801e-03;1.733726e-02;1.175964e-01;3.524218e-02;3.094183e-03;8.271824e-03
2.434706e-02;3.775938e-01;3.748801e-01;1.445667e-02;7.540591e-03;4.201651e-02;1.385291e-02;1.452167e-02;1.001472e-01;1.883361e-02;4.293097e-03;7.516716e-03
2.576463e-02;4.001003e-01;3.795661e-01;1.580133e-02;8.478163e-03;3.531956e-02;1.421445e-02;1.805605e-02;7.998260e-02;1.320872e-02;3.361316e-03;6.146718e-03
3.144185e-02;4.307134e-01;3.622622e-01;1.481013e-02;6.529809e-03;4.241147e-02;1.309804e-02;1.128451e-02;6.226143e-02;1.510782e-02;4.466502e-03;5.612781e-03
3.457578e-02;4.126097e-01;3.965993e-01;1.985746e-02;7.031734e-03;4.784569e-02;5.931720e-03;8.799409e-03;4.323807e-02;1.645466e-02;1.665840e-03;5.390629e-03
3.219169e-02;4.050052e-01;4.128379e-01;1.976289e-02;1.038968e-02;4.367789e-02;7.244480e-03;1.319124e-02;2.548990e-02;2.045229e-02;3.874566e-03;5.882233e-03
3.482927e-02;4.080742e-01;4.131299e-01;2.333477e-02;1.078139e-02;4.761141e-02;4.198361e-03;1.976036e-02;1.881106e-02;7.676288e-03;3.424942e-03;8.368076e-03
3.678342e-02;3.957053e-01;3.852887e-01;2.583198e-02;1.432352e-02;5.400982e-02;1.028077e-02;2.905134e-02;2.416509e-02;9.454244e-03;5.775292e-03;9.330653e-03
3.708664e-02;3.624459e-01;3.801273e-01;2.720004e-02;1.177786e-02;5.298533e-02;1.140665e-02;4.568936e-02;4.597615e-02;1.209901e-02;4.686864e-03;8.518908e-03
2.961572e-02;2.792491e-01;3.678060e-01;3.122858e-02;2.447296e-02;6.578169e-02;1.805494e-02;6.671636e-02;7.191068e-02;2.838396e-02;8.071310e-03;8.708703e-03
2.829874e-02;1.714534e-01;3.208322e-01;4.230905e-02;2.833115e-02;1.079093e-01;3.586927e-02;1.096724e-01;1.007686e-01;3.720384e-02;7.695221e-03;9.656972e-03
2.598894e-02;1.875973e-01;2.381903e-01;5.151729e-02;3.124438e-02;1.128068e-01;4.558437e-02;1.458339e-01;1.026926e-01;2.255827e-02;1.882929e-02;1.715659e-02
3.693518e-02;2.125430e-01;2.109057e-01;4.525768e-02;2.533545e-02;1.445160e-01;4.666961e-02;1.287044e-01;8.764269e-02;2.203859e-02;2.681346e-02;1.263822e-02
3.962110e-02;2.013771e-01;2.018323e-01;4.498011e-02;1.996790e-02;1.641422e-01;5.061349e-02;1.195063e-01;7.204282e-02;3.507134e-02;3.136713e-02;1.947818e-02
4.173860e-02;2.019654e-01;1.837882e-01;6.259856e-02;2.623779e-02;1.313842e-01;6.433588e-02;1.119606e-01;7.175963e-02;3.263334e-02;3.423010e-02;3.736763e-02
3.624199e-02;2.334462e-01;1.311634e-01;7.031849e-02;4.277377e-02;1.204004e-01;6.422552e-02;1.037795e-01;9.404080e-02;1.819413e-02;3.448297e-02;5.093293e-02
4.465248e-02;2.587456e-01;1.579940e-01;5.234852e-02;4.003682e-02;1.346326e-01;2.351856e-02;1.089259e-01;9.073593e-02;2.440237e-02;2.430796e-02;3.969932e-02
5.788568e-02;3.036179e-01;2.030699e-01;3.409694e-02;2.661099e-02;7.387690e-02;1.828407e-02;9.897049e-02;9.186700e-02;1.810053e-02;3.818293e-02;3.543672e-02
6.849700e-02;3.218489e-01;1.538299e-01;2.495368e-02;1.586506e-02;6.988110e-02;3.842293e-02;9.434921e-02;1.219526e-01;1.892847e-02;4.066485e-02;3.080625e-02
5.671038e-02;3.400944e-01;1.797655e-01;3.962303e-02;2.358625e-02;8.526622e-02;2.879982e-02;5.410960e-02;1.212280e-01;3.118906e-02;1.885573e-02;2.077204e-02
3.332541e-02;2.758921e-01;2.238022e-01;3.485623e-02;2.125197e-02;9.581040e-02;4.105190e-02;8.822799e-02;9.688012e-02;4.233439e-02;2.155213e-02;2.501524e-02
