1.145517e-01;6.437743e-02;6.040596e-02;4.587497e-02;3.981540e-02;4.486915e-02;8.594872e-02;6.515715e-02;1.603649e-01;7.287558e-02;1.258353e-01;1.199237e-01
1.096883e-01;5.208839e-02;6.068905e-02;4.163133e-02;5.200893e-02;4.805861e-02;8.427562e-02;7.317752e-02;1.520625e-01;7.671892e-02;1.104769e-01;1.391238e-01
6.526823e-02;8.316220e-02;9.181380e-02;4.171314e-02;7.599648e-02;3.337213e-02;5.837706e-02;9.909009e-02;1.301954e-01;4.513150e-02;1.260868e-01;1.497931e-01
5.650843e-02;1.237983e-01;1.549469e-01;7.093138e-02;6.840332e-02;2.327598e-02;8.781682e-02;9.031632e-02;6.367370e-02;3.243396e-02;1.169210e-01;1.109739e-01
8.912764e-02;1.288356e-01;2.196795e-01;7.761838e-02;5.048048e-02;3.327877e-02;1.248893e-01;4.028141e-02;4.250330e-02;4.057707e-02;7.340993e-02;7.931861e-02
9.252717e-02;1.029489e-01;2.314214e-01;7.253985e-02;3.691834e-02;3.918971e-02;1.315221e-01;6.376733e-02;5.923974e-02;3.737022e-02;6.010096e-02;7.245430e-02
7.968434e-02;7.819267e-02;1.986352e-01;7.289536e-02;4.888612e-02;2.670711e-02;1.156452e-01;1.122835e-01;2.240384e-02;3.513800e-02;1.065210e-01;1.030075e-01
6.234755e-02;1.014007e-01;1.369082e-01;7.371867e-02;5.532489e-02;3.559005e-02;7.987373e-02;7.470874e-02;1.218605e-01;4.898068e-02;9.780990e-02;1.114764e-01
6.006425e-02;7.569890e-02;7.538516e-02;8.679830e-02;7.075159e-02;7.389786e-02;8.783878e-02;7.104055e-02;9.902755e-02;1.348496e-01;8.858305e-02;7.606433e-02
6.958888e-02;5.125915e-02;9.917150e-02;6.826117e-02;6.662674e-02;7.096142e-02;8.336585e-02;7.362872e-02;1.156024e-01;1.499254e-01;7.010547e-02;8.150323e-02
6.944953e-02;3.779176e-02;9.904401e-02;6.001774e-02;5.350656e-02;9.832064e-02;1.265316e-01;6.049303e-02;1.104802e-01;1.228523e-01;8.695758e-02;7.455505e-02
9.377865e-02;3.948819e-02;9.486380e-02;5.339865e-02;6.251955e-02;1.217236e-01;1.578057e-01;5.029898e-02;6.698511e-02;9.744528e-02;8.373493e-02;7.795753e-02
8.549864e-02;4.313155e-02;8.418702e-02;3.942680e-02;6.707452e-02;1.220589e-01;1.628464e-01;6.748026e-02;1.334835e-01;6.730118e-02;5.517680e-02;7.233440e-02
4.822871e-02;3.442430e-02;4.771948e-02;3.774580e-02;8.649961e-02;1.084001e-01;1.286589e-01;7.873360e-02;2.588614e-01;7.347442e-02;3.256247e-02;6.469115e-02
1.712857e-02;3.228169e-02;2.841961e-02;4.818373e-02;9.723493e-02;6.586865e-02;6.936032e-02;1.240534e-01;3.425274e-01;8.924489e-02;3.530532e-02;5.039152e-02
8.125396e-03;4.928798e-02;2.809670e-02;6.476947e-02;8.979611e-02;3.345254e-02;2.520121e-02;2.389188e-01;2.816579e-01;8.771794e-02;5.050921e-02;4.246676e-02
9.793814e-03;6.136469e-02;5.473885e-02;8.967878e-02;9.413915e-02;2.290801e-02;4.143370e-02;2.917431e-01;1.760075e-01;6.907079e-02;4.309542e-02;4.602610e-02
2.255451e-02;5.762880e-02;9.348155e-02;1.175914e-01;8.105584e-02;1.907470e-02;3.969980e-02;2.692009e-01;1.740355e-01;4.693158e-02;1.700521e-02;6.174017e-02
1.552907e-02;5.998678e-02;1.565946e-01;1.223050e-01;6.724513e-02;2.400166e-02;4.373641e-02;1.880777e-01;1.606166e-01;4.104558e-02;4.630364e-02;7.455779e-02
2.532727e-02;6.804647e-02;2.033200e-01;1.112988e-01;6.146725e-02;3.103634e-02;6.264295e-02;1.429564e-01;1.278926e-01;3.323092e-02;5.947557e-02;7.330550e-02
2.603975e-02;5.263802e-02;2.288067e-01;1.040541e-01;5.101877e-02;3.282521e-02;5.602912e-02;1.537818e-01;1.319911e-01;4.234334e-02;5.731439e-02;6.315770e-02
2.982262e-02;3.314308e-02;2.036796e-01;6.510226e-02;6.222763e-02;2.786805e-02;6.518621e-02;1.556357e-01;2.074674e-01;6.251466e-02;4.332180e-02;4.403106e-02
6.704504e-02;5.129576e-02;2.035693e-01;7.448394e-02;9.030008e-02;2.195454e-02;1.001098e-01;9.267711e-02;1.899539e-01;5.364829e-02;3.470506e-02;2.025720e-02
8.123565e-02;3.079085e-02;1.976579e-01;8.120018e-02;1.171698e-01;3.393378e-02;1.020216e-01;5.406760e-02;1.448593e-01;3.390059e-02;4.064206e-02;8.252065e-02
1.216641e-01;4.417017e-02;9.419192e-02;4.960946e-02;1.549160e-01;5.616678e-02;6.704213e-02;4.481977e-02;1.813829e-01;3.229516e-02;1.946236e-02;1.342793e-01
1.575599e-01;4.299875e-02;9.234207e-02;1.165888e-02;1.485284e-01;7.201482e-02;7.832076e-02;3.555818e-02;1.875858e-01;2.674091e-02;1.299435e-02;1.336971e-01
1.464588e-01;3.211178e-02;8.842064e-02;1.776251e-02;1.424857e-01;7.919892e-02;8.038624e-02;3.789122e-02;1.877276e-01;3.049770e-02;2.296217e-02;1.340967e-01
9.627552e-02;3.864826e-02;7.794454e-02;3.723438e-02;1.318920e-01;7.176746e-02;8.252278e-02;6.317385e-02;1.782248e-01;3.037125e-02;4.591855e-02;1.460267e-01
5.357690e-02;5.919083e-02;9.326361e-02;6.881271e-02;1.023284e-01;5.246080e-02;6.373832e-02;9.222428e-02;1.416437e-01;4.567855e-02;8.792336e-02;1.391586e-01
5.265217e-02;7.080211e-02;1.549997e-01;9.401860e-02;6.178759e-02;3.536655e-02;7.965785e-02;9.827686e-02;7.157256e-02;6.386124e-02;1.201614e-01;9.684342e-02
4.625408e-02;5.453963e-02;2.656882e-01;1.005175e-01;4.546057e-02;3.711771e-02;1.080327e-01;5.764146e-02;3.807183e-02;8.725208e-02;1.099992e-01;4.942521e-02
4.264478e-02;2.456462e-02;2.570195e-01;8.877850e-02;5.218070e-02;4.436929e-02;1.307323e-01;6.840644e-02;8.466405e-02;1.029774e-01;5.963552e-02;4.402699e-02
5.304981e-02;3.476020e-02;1.207537e-01;5.303381e-02;8.727381e-02;7.460317e-02;1.302366e-01;8.456831e-02;1.060493e-01;1.376686e-01;6.691241e-02;5.109024e-02
5.658240e-02;3.743341e-02;8.679957e-02;4.762337e-02;8.685593e-02;7.733380e-02;1.171836e-01;6.758640e-02;1.641859e-01;1.459294e-01;5.894870e-02;5.353739e-02
6.953496e-02;3.261479e-02;1.296133e-01;7.884917e-02;7.459965e-02;6.096471e-02;1.120057e-01;8.639767e-02;1.490786e-01;9.710615e-02;5.315110e-02;5.608412e-02
5.097045e-02;2.954403e-02;1.108828e-01;7.905766e-02;7.975537e-02;5.444982e-02;1.294401e-01;1.701326e-01;8.556370e-02;8.754528e-02;6.759924e-02;5.505901e-02
5.269589e-02;8.117861e-02;9.750865e-02;6.224960e-02;6.527362e-02;4.211884e-02;1.109323e-01;1.559347e-01;5.133346e-02;1.219475e-01;6.670769e-02;9.211918e-02
7.102773e-02;1.240390e-01;8.209197e-02;3.978842e-02;3.866005e-02;6.214466e-02;1.166128e-01;7.973745e-02;1.004194e-01;1.116003e-01;6.531411e-02;1.085642e-01
6.430596e-02;1.006301e-01;9.255899e-02;5.230744e-02;5.386640e-02;9.539516e-02;8.178344e-02;9.313344e-02;1.309339e-01;7.739410e-02;5.712358e-02;1.005675e-01
7.537142e-02;4.431941e-02;9.464103e-02;7.546017e-02;4.242856e-02;1.300208e-01;1.006398e-01;1.041348e-01;1.159540e-01;8.134397e-02;3.558162e-02;1.001044e-01
7.078030e-02;4.414953e-02;9.011944e-02;8.347569e-02;4.578228e-02;1.483665e-01;1.532960e-01;7.352378e-02;6.302587e-02;1.076965e-01;4.123626e-02;7.854789e-02
6.600156e-02;7.400369e-02;1.065269e-01;4.772665e-02;5.861204e-02;9.144448e-02;1.399022e-01;8.585211e-02;9.895643e-02;1.132688e-01;5.562378e-02;6.208137e-02
5.891283e-02;7.765266e-02;1.458371e-01;2.357384e-02;5.421834e-02;4.932348e-02;1.065375e-01;7.852431e-02;1.273928e-01;1.671180e-01;4.411934e-02;6.678967e-02
7.173705e-02;6.197916e-02;1.644507e-01;2.664976e-02;8.074049e-02;5.104006e-02;8.733090e-02;7.859138e-02;1.388167e-01;1.529451e-01;4.100319e-02;4.471546e-02
5.059699e-02;4.828988e-02;1.279854e-01;3.842846e-02;1.261319e-01;8.114261e-02;1.064763e-01;4.380462e-02;1.277586e-01;1.453134e-01;7.680327e-02;2.726853e-02
4.312134e-02;2.796787e-02;9.732682e-02;3.131981e-02;1.205267e-01;1.073206e-01;1.303651e-01;7.159623e-02;6.183327e-02;1.726971e-01;8.765101e-02;4.827414e-02
3.479673e-02;4.631023e-02;9.534508e-02;3.900153e-02;9.085023e-02;8.097260e-02;1.288288e-01;6.175596e-02;1.436036e-01;1.412009e-01;9.545302e-02;4.188132e-02
5.841034e-02;4.993334e-02;9.028399e-02;4.000832e-02;5.816889e-02;5.435899e-02;8.357073e-02;9.568533e-02;1.991455e-01;1.229690e-01;7.760221e-02;6.986334e-02
7.334205e-02;6.063816e-02;1.385674e-01;3.628825e-02;5.944577e-02;6.164179e-02;9.485943e-02;8.768644e-02;1.274910e-01;6.241517e-02;9.800834e-02;9.961611e-02
1.113476e-01;7.506078e-02;1.211309e-01;5.856081e-02;7.254242e-02;5.387944e-02;6.123214e-02;2.142068e-02;1.124691e-01;1.191235e-01;1.166046e-01;7.662809e-02
1.332576e-01;6.664018e-02;1.380803e-01;4.096734e-02;8.518667e-02;4.912769e-02;4.662979e-02;1.715109e-02;1.262524e-01;8.584350e-02;8.543538e-02;1.254281e-01
1.364922e-01;4.479940e-02;1.606737e-01;2.490352e-02;1.126079e-01;5.395219e-02;3.796198e-02;1.792589e-02;1.487647e-01;4.342610e-02;4.506915e-02;1.734233e-01
9.626244e-02;3.905343e-02;1.733091e-01;5.484420e-02;1.605236e-01;4.933055e-02;2.038575e-02;3.838979e-02;1.418361e-01;1.822218e-02;2.668387e-02;1.811590e-01
4.728366e-02;5.991746e-02;1.451707e-01;9.482854e-02;2.131753e-01;3.439879e-02;1.761321e-02;7.950440e-02;1.102801e-01;1.037613e-02;4.497716e-02;1.424745e-01
1.758402e-02;9.376198e-02;9.268712e-02;1.425319e-01;2.229244e-01;2.374770e-02;3.733487e-02;1.221764e-01;7.569692e-02;1.052511e-02;7.255525e-02;8.847427e-02
1.568355e-02;1.009957e-01;8.345403e-02;1.697140e-01;1.552153e-01;2.268386e-02;7.264351e-02;1.308585e-01;9.296802e-02;1.478959e-02;8.341343e-02;5.758049e-02
3.148748e-02;8.381606e-02;1.074941e-01;1.540404e-01;9.612014e-02;2.377165e-02;9.719201e-02;1.001322e-01;1.244342e-01;1.844748e-02;7.583483e-02;8.722940e-02
7.261905e-02;5.634855e-02;1.203867e-01;1.051458e-01;1.159945e-01;2.885713e-02;8.705937e-02;6.800876e-02;1.360176e-01;2.139161e-02;5.260609e-02;1.355648e-01
1.398661e-01;4.976261e-02;1.615862e-01;5.568677e-02;1.110317e-01;3.497803e-02;7.068952e-02;6.146089e-02;9.154700e-02;4.076359e-02;3.786343e-02;1.447641e-01
1.490306e-01;5.167782e-02;1.867352e-01;4.622357e-02;8.358514e-02;3.808434e-02;8.805431e-02;7.273200e-02;5.542694e-02;4.791979e-02;6.108213e-02;1.194482e-01
8.657664e-02;6.225399e-02;1.708879e-01;1.029154e-01;9.737144e-02;2.761487e-02;7.991863e-02;5.614892e-02;1.429320e-01;3.545306e-02;7.065579e-02;6.727134e-02
8.390485e-02;7.443908e-02;1.117153e-01;1.441389e-01;1.518629e-01;3.440830e-02;4.734875e-02;6.791154e-02;1.550099e-01;2.592425e-02;8.410168e-02;1.923438e-02
5.299026e-02;5.012856e-02;1.353617e-01;7.657338e-02;1.160494e-01;5.469261e-02;7.503610e-02;1.668677e-01;7.890920e-02;6.235518e-02;8.927821e-02;4.175773e-02
3.429415e-02;3.313096e-02;8.523665e-02;3.633957e-02;9.095804e-02;5.791652e-02;9.410311e-02;2.392173e-01;1.343392e-01;1.025094e-01;5.472200e-02;3.723307e-02
4.505476e-02;2.837198e-02;4.193126e-02;3.540388e-02;7.585746e-02;5.297711e-02;1.196719e-01;2.859218e-01;1.268172e-01;1.271786e-01;3.337074e-02;2.744328e-02
4.448944e-02;2.756528e-02;3.039620e-02;3.898669e-02;7.933501e-02;3.936017e-02;1.311050e-01;2.860065e-01;1.288009e-01;1.280746e-01;3.157951e-02;3.430062e-02
4.627035e-02;3.228606e-02;3.860278e-02;4.851367e-02;9.091404e-02;5.733282e-02;1.324106e-01;2.334339e-01;1.454590e-01;9.908278e-02;3.642708e-02;3.926690e-02
5.960971e-02;2.975686e-02;7.448879e-02;5.685798e-02;9.843346e-02;7.733503e-02;1.069403e-01;1.696477e-01;1.448565e-01;7.074837e-02;4.950954e-02;6.181565e-02
9.548851e-02;5.791269e-02;7.708593e-02;5.351894e-02;1.171222e-01;6.267508e-02;8.277591e-02;1.516244e-01;9.365527e-02;6.928632e-02;5.443193e-02;8.442281e-02
8.261270e-02;3.449249e-02;5.209411e-02;5.019338e-02;8.842617e-02;8.388576e-02;8.994521e-02;1.704574e-01;1.169407e-01;7.804088e-02;5.608858e-02;9.682260e-02
8.329619e-02;5.739091e-02;8.868875e-02;3.599567e-02;9.369185e-02;9.017684e-02;1.120521e-01;9.877609e-02;1.106519e-01;7.014190e-02;5.899112e-02;1.001467e-01
1.092972e-01;5.126369e-02;1.483210e-01;3.442506e-02;9.587424e-02;8.533801e-02;1.151832e-01;6.534851e-02;7.260177e-02;5.819148e-02;6.481515e-02;9.934063e-02
1.713120e-01;1.174395e-01;1.731930e-01;4.660930e-02;4.927291e-02;4.602973e-02;1.080755e-01;4.716571e-02;3.987459e-02;7.200651e-02;6.033628e-02;6.868493e-02
1.825812e-01;1.580591e-01;1.737598e-01;3.819858e-02;2.901341e-02;4.591700e-02;1.320972e-01;2.595422e-02;2.295131e-02;7.860062e-02;5.531861e-02;5.754887e-02
1.912095e-01;1.556387e-01;1.662799e-01;3.256188e-02;3.660773e-02;6.182643e-02;1.209790e-01;1.634686e-02;4.067278e-02;7.977183e-02;5.229234e-02;4.581319e-02
2.052950e-01;1.092162e-01;1.496571e-01;3.498346e-02;6.476016e-02;7.627081e-02;7.626123e-02;1.296164e-02;8.583545e-02;6.626112e-02;5.038519e-02;6.811269e-02
1.839244e-01;4.837032e-02;1.452351e-01;2.203490e-02;1.155436e-01;8.752135e-02;3.968573e-02;1.115111e-02;1.678677e-01;3.698137e-02;4.748483e-02;9.419961e-02
1.811871e-01;2.800590e-02;1.177591e-01;2.271831e-02;1.258977e-01;7.913027e-02;4.866170e-02;9.713347e-03;2.001455e-01;2.856745e-02;5.077479e-02;1.074389e-01
1.839003e-01;4.302356e-02;9.879028e-02;1.375979e-02;1.205069e-01;6.922124e-02;4.803416e-02;1.197679e-02;1.928228e-01;2.534263e-02;5.596107e-02;1.366604e-01
1.390944e-01;3.432134e-02;9.971434e-02;3.340988e-02;1.222336e-01;5.791799e-02;4.549285e-02;2.597751e-02;1.937938e-01;2.587595e-02;5.663564e-02;1.655328e-01
1.086169e-01;4.225685e-02;1.347283e-01;6.073453e-02;1.054294e-01;4.532137e-02;4.808734e-02;4.468269e-02;1.570526e-01;3.113582e-02;6.895813e-02;1.529961e-01
9.255322e-02;5.119288e-02;1.694965e-01;7.329625e-02;9.987053e-02;5.731614e-02;7.282194e-02;5.817397e-02;8.300176e-02;4.088341e-02;8.789643e-02;1.134970e-01
5.925309e-02;4.394105e-02;1.915991e-01;5.353472e-02;9.168941e-02;1.211270e-01;1.289263e-01;6.936999e-02;5.382766e-02;4.769363e-02;7.585530e-02;6.318270e-02
4.622712e-02;3.753665e-02;1.148026e-01;5.099959e-02;8.660851e-02;1.507998e-01;1.365244e-01;1.026909e-01;1.104316e-01;3.150636e-02;5.030532e-02;8.156715e-02
5.107952e-02;4.976187e-02;1.084874e-01;3.974606e-02;1.278845e-01;9.838800e-02;9.576799e-02;6.246163e-02;7.773366e-02;4.920287e-02;1.137276e-01;1.257590e-01
1.026371e-01;6.918241e-02;1.013289e-01;5.681287e-02;5.487002e-02;4.759284e-02;8.990815e-02;7.457786e-02;9.594780e-02;1.188533e-01;1.372427e-01;5.104597e-02
8.624560e-02;8.971567e-02;9.633067e-02;4.591947e-02;2.824748e-02;4.575566e-02;1.044129e-01;8.552047e-02;1.024007e-01;1.232378e-01;1.389769e-01;5.323678e-02
7.282238e-02;9.277637e-02;1.159047e-01;4.161739e-02;4.759309e-02;4.576928e-02;1.330787e-01;6.763866e-02;8.901508e-02;1.251736e-01;1.211331e-01;4.747769e-02
2.708741e-02;8.338255e-02;1.391686e-01;5.539832e-02;5.041597e-02;7.180399e-02;1.850160e-01;4.869593e-02;7.456275e-02;1.378454e-01;6.034435e-02;6.627876e-02
9.309506e-02;8.008238e-02;1.233832e-01;5.636479e-02;5.655102e-02;8.321320e-02;1.839051e-01;5.303572e-02;3.653383e-02;9.189270e-02;9.766477e-02;4.427815e-02
1.149256e-01;9.421006e-02;1.396800e-01;3.675801e-02;5.309466e-02;8.152656e-02;2.512201e-01;4.913344e-02;3.059284e-02;5.311762e-02;6.729078e-02;2.845029e-02
1.344995e-01;1.047262e-01;1.156535e-01;2.564339e-02;5.355638e-02;1.038831e-01;2.908140e-01;3.750339e-02;3.265706e-02;4.164988e-02;4.396874e-02;1.544469e-02
1.607077e-01;8.735365e-02;8.678561e-02;3.371951e-02;8.286717e-02;1.427404e-01;2.425506e-01;2.613311e-02;3.655716e-02;5.003208e-02;2.448596e-02;2.606700e-02
1.345025e-01;4.465718e-02;1.071757e-01;5.045987e-02;1.571594e-01;1.656223e-01;1.021590e-01;3.084198e-02;7.258999e-02;5.605711e-02;2.359101e-02;5.518403e-02
8.051851e-02;2.929612e-02;1.628612e-01;4.710894e-02;2.084492e-01;1.263570e-01;5.943503e-02;2.906297e-02;1.135405e-01;3.226519e-02;2.341543e-02;8.768992e-02
9.918582e-02;3.557673e-02;1.721059e-01;4.472314e-02;2.176741e-01;8.166301e-02;8.126359e-02;2.742912e-02;1.028070e-01;1.895857e-02;1.978884e-02;9.882429e-02
6.669865e-02;4.866399e-02;1.741108e-01;6.288653e-02;2.087652e-01;9.026004e-02;1.096740e-01;3.208702e-02;5.914447e-02;2.468148e-02;4.025589e-02;8.277191e-02
5.724654e-02;5.440880e-02;2.508011e-01;7.352313e-02;1.952047e-01;9.536166e-02;8.077076e-02;5.118486e-02;2.786639e-02;2.268554e-02;4.982257e-02;4.112387e-02
2.445597e-02;4.568822e-02;3.581812e-01;7.162502e-02;1.533487e-01;7.798386e-02;8.597773e-02;3.848941e-02;5.431721e-02;2.198205e-02;5.020768e-02;1.774297e-02
2.056450e-02;3.357679e-02;3.780511e-01;6.058218e-02;8.066233e-02;6.615730e-02;1.481139e-01;4.934308e-02;5.346835e-02;4.388502e-02;4.223569e-02;2.335976e-02
2.429931e-02;3.686816e-02;2.902686e-01;5.025877e-02;1.170241e-01;7.340183e-02;1.461262e-01;6.822314e-02;5.360843e-02;4.671969e-02;4.920237e-02;4.399941e-02
4.285516e-02;5.549802e-02;1.876056e-01;5.625954e-02;1.710112e-01;1.046028e-01;1.077996e-01;5.225939e-02;7.596078e-02;3.945606e-02;4.509950e-02;6.159233e-02
1.087283e-01;9.598219e-02;1.479946e-01;7.176391e-02;9.425218e-02;5.434706e-02;7.316800e-02;3.870087e-02;7.877796e-02;1.007400e-01;7.076892e-02;6.477594e-02
1.275277e-01;7.670484e-02;1.718965e-01;8.020895e-02;5.418523e-02;5.942623e-02;7.918144e-02;4.422910e-02;7.587740e-02;7.916703e-02;8.995054e-02;6.164509e-02
1.234974e-01;6.650472e-02;2.856656e-01;6.051573e-02;3.628974e-02;4.106634e-02;1.079824e-01;4.752979e-02;5.460881e-02;8.129477e-02;6.714957e-02;2.789508e-02
8.666919e-02;6.785341e-02;3.936890e-01;7.045157e-02;3.183200e-02;2.823716e-02;8.783126e-02;4.199925e-02;2.419292e-02;7.878923e-02;5.840123e-02;3.005373e-02
8.509527e-02;8.988245e-02;3.593047e-01;1.104143e-01;4.550909e-02;3.168053e-02;5.166852e-02;4.321948e-02;3.577276e-02;5.009858e-02;6.395718e-02;3.339715e-02
8.482683e-02;1.101452e-01;2.537009e-01;1.391851e-01;5.829523e-02;4.121267e-02;7.026018e-02;5.220162e-02;5.169037e-02;2.930925e-02;5.626484e-02;5.290784e-02
5.835203e-02;1.448586e-01;2.038017e-01;1.792601e-01;6.551027e-02;5.179518e-02;6.718162e-02;5.667232e-02;5.148240e-02;3.489808e-02;2.952905e-02;5.665860e-02
1.185238e-01;1.256764e-01;2.392525e-01;1.417112e-01;7.233626e-02;4.286023e-02;6.367117e-02;4.862509e-02;3.200813e-02;3.534470e-02;3.881435e-02;4.117618e-02
1.562992e-01;8.345308e-02;3.120981e-01;8.061684e-02;6.506192e-02;4.149482e-02;6.812301e-02;4.184278e-02;3.981012e-02;2.902035e-02;4.689959e-02;3.528022e-02
1.140115e-01;1.365609e-01;2.791051e-01;7.316355e-02;5.255842e-02;5.125255e-02;6.545535e-02;3.366752e-02;7.747604e-02;4.011995e-02;4.468910e-02;3.194001e-02
9.488907e-02;9.672491e-02;1.250290e-01;7.613859e-02;3.877262e-02;5.321721e-02;1.123463e-01;4.835521e-02;1.053728e-01;6.929330e-02;8.366831e-02;9.619265e-02
9.755515e-02;5.005801e-02;7.947564e-02;6.140434e-02;3.800261e-02;5.176810e-02;1.390442e-01;4.166466e-02;8.912554e-02;7.388349e-02;1.339638e-01;1.440545e-01
7.828393e-02;4.759507e-02;1.378608e-01;6.307698e-02;3.659761e-02;4.881734e-02;1.421402e-01;1.431134e-02;4.931832e-02;5.876407e-02;1.606478e-01;1.625865e-01
4.689831e-02;4.361525e-02;1.995215e-01;8.472221e-02;7.468601e-02;3.201882e-02;9.530362e-02;5.975391e-02;9.320243e-02;1.045502e-01;5.215281e-02;1.135749e-01
6.029392e-02;6.095499e-02;1.469823e-01;8.367436e-02;6.797199e-02;5.431126e-02;1.037864e-01;6.640495e-02;9.047119e-02;8.861026e-02;1.180034e-01;5.853496e-02
7.387608e-02;5.825019e-02;1.514391e-01;7.142832e-02;5.712529e-02;7.729560e-02;9.283336e-02;7.684816e-02;4.530660e-02;9.489171e-02;1.259617e-01;7.474386e-02
8.938081e-02;4.339135e-02;8.400169e-02;5.722762e-02;7.705259e-02;8.326699e-02;1.555812e-01;6.607606e-02;7.490533e-02;7.803006e-02;9.822651e-02;9.285977e-02
