1.739801e-02;6.742897e-02;9.229686e-02;8.159433e-02;8.558447e-02;1.554444e-01;8.550852e-02;1.738266e-01;1.275855e-01;5.009202e-02;2.902445e-02;3.421595e-02
1.479244e-02;4.670350e-02;7.675378e-02;6.291077e-02;7.680800e-02;1.286464e-01;7.245994e-02;1.885224e-01;1.673120e-01;7.592306e-02;5.785502e-02;3.131278e-02
2.102178e-02;4.168208e-02;5.584441e-02;4.268363e-02;7.487317e-02;9.107715e-02;7.612097e-02;1.680592e-01;1.778201e-01;9.684958e-02;1.072278e-01;4.674020e-02
2.762594e-02;4.758197e-02;6.414067e-02;3.476448e-02;7.744886e-02;1.172701e-01;1.352692e-01;1.167737e-01;1.019131e-01;7.326847e-02;1.116108e-01;9.233271e-02
3.309949e-02;4.899633e-02;6.932364e-02;3.099594e-02;1.077595e-01;1.557508e-01;1.982707e-01;7.323140e-02;5.382327e-02;3.555711e-02;6.514149e-02;1.280503e-01
2.927574e-02;4.185425e-02;4.893675e-02;5.115836e-02;1.116117e-01;1.675782e-01;2.366569e-01;6.342852e-02;3.521822e-02;2.743412e-02;5.346858e-02;1.333788e-01
4.264335e-02;7.275671e-02;6.997958e-02;7.462024e-02;6.593017e-02;1.361662e-01;2.471316e-01;5.407786e-02;2.582988e-02;4.481509e-02;4.013426e-02;1.259151e-01
8.259229e-02;1.113336e-01;7.372951e-02;5.926753e-02;4.935973e-02;1.164972e-01;1.706592e-01;1.098141e-01;4.053678e-02;5.620613e-02;4.164831e-02;8.835564e-02
1.124531e-01;1.957296e-01;7.464291e-02;3.138135e-02;9.071089e-02;7.364496e-02;8.038171e-02;1.317519e-01;5.178247e-02;3.751728e-02;5.986385e-02;6.014003e-02
1.031813e-01;3.086342e-01;1.042807e-01;1.984086e-02;8.929237e-02;3.486112e-02;7.559560e-02;8.421082e-02;4.699672e-02;3.050789e-02;7.176383e-02;3.083456e-02
6.995230e-02;4.091678e-01;1.502115e-01;2.715605e-02;4.187718e-02;4.210256e-02;5.521002e-02;3.262901e-02;7.753799e-02;2.386050e-02;4.894386e-02;2.135123e-02
4.573262e-02;4.513997e-01;1.796182e-01;3.286075e-02;1.533815e-02;6.147278e-02;2.221946e-02;3.125169e-02;9.224056e-02;2.093517e-02;1.568848e-02;3.124239e-02
3.122563e-02;4.114609e-01;2.212124e-01;2.650317e-02;1.290304e-02;5.796092e-02;1.765926e-02;7.290108e-02;6.717752e-02;3.745520e-02;6.899608e-03;3.664122e-02
2.485820e-02;3.199707e-01;2.975593e-01;1.584069e-02;2.684947e-02;3.115098e-02;2.324600e-02;1.097045e-01;4.346832e-02;7.343981e-02;5.042203e-03;2.886981e-02
1.974368e-02;2.175990e-01;3.692949e-01;1.543825e-02;6.067842e-02;2.097551e-02;3.340327e-02;9.183375e-02;2.825137e-02;1.207727e-01;8.100033e-03;1.390918e-02
2.162431e-02;1.597867e-01;4.087733e-01;1.970132e-02;8.351127e-02;2.979449e-02;3.020975e-02;5.264082e-02;2.756659e-02;1.514283e-01;5.938118e-03;9.024949e-03
1.466945e-02;2.199506e-01;3.401661e-01;2.196322e-02;5.602945e-02;4.026703e-02;2.809962e-02;7.924219e-02;5.178662e-02;1.265457e-01;6.225599e-03;1.505443e-02
1.997039e-02;2.573210e-01;2.521617e-01;3.248769e-02;2.805020e-02;8.205158e-02;4.633379e-02;8.985193e-02;7.855787e-02;8.534829e-02;6.172085e-03;2.169349e-02
4.017635e-02;2.718952e-01;1.674048e-01;3.147123e-02;4.009263e-02;8.773504e-02;1.112434e-01;8.782047e-02;7.538578e-02;4.755138e-02;1.496026e-02;2.426346e-02
5.994307e-02;2.608333e-01;1.417476e-01;2.730242e-02;4.944547e-02;6.622830e-02;1.605048e-01;9.884547e-02;4.954484e-02;3.337001e-02;2.435857e-02;2.787620e-02
6.547242e-02;2.532459e-01;1.303765e-01;3.542767e-02;4.293353e-02;7.532105e-02;1.465969e-01;1.151160e-01;5.522216e-02;3.172415e-02;2.476354e-02;2.380006e-02
4.432630e-02;2.491951e-01;1.252094e-01;3.647126e-02;4.431031e-02;8.051106e-02;1.116341e-01;1.191574e-01;6.408941e-02;6.183077e-02;1.968498e-02;4.357993e-02
5.778277e-02;2.780230e-01;1.494790e-01;2.254367e-02;3.942550e-02;6.730086e-02;8.465470e-02;9.571984e-02;5.671781e-02;6.770277e-02;3.185499e-02;4.879506e-02
3.353442e-02;2.812022e-01;1.823634e-01;2.217443e-02;3.388654e-02;5.914315e-02;7.979943e-02;8.118179e-02;8.457442e-02;6.675611e-02;2.825004e-02;4.713401e-02
5.771129e-02;1.677417e-01;1.393754e-01;4.505223e-02;6.667937e-02;8.762198e-02;1.186317e-01;8.185506e-02;7.662511e-02;9.682520e-02;1.675138e-02;4.512958e-02
5.793349e-02;1.159845e-01;1.088989e-01;6.569199e-02;1.003532e-01;1.386842e-01;1.117710e-01;6.035181e-02;4.633712e-02;1.044992e-01;4.568218e-02;4.381237e-02
5.624158e-02;1.253601e-01;1.116762e-01;4.909594e-02;6.750366e-02;1.479628e-01;9.394558e-02;7.349405e-02;6.766593e-02;1.096649e-01;6.229137e-02;3.509805e-02
6.534939e-02;1.141079e-01;1.085426e-01;6.511506e-02;5.800340e-02;1.043633e-01;1.041794e-01;6.876061e-02;9.358061e-02;9.965042e-02;7.558234e-02;4.276503e-02
7.852570e-02;8.770924e-02;1.128968e-01;4.156175e-02;4.982248e-02;1.181591e-01;1.175804e-01;3.027077e-02;5.741728e-02;7.690542e-02;1.380105e-01;9.114041e-02
4.758250e-02;5.270197e-02;1.414158e-01;5.158024e-02;2.713004e-02;1.866050e-01;9.505187e-02;2.174819e-02;3.485653e-02;6.284814e-02;1.958542e-01;8.262552e-02
1.529972e-02;5.044465e-02;1.485772e-01;4.734071e-02;3.231753e-02;2.748177e-01;9.966113e-02;3.020287e-02;2.627685e-02;3.588740e-02;1.841230e-01;5.505127e-02
9.526195e-03;7.620420e-02;1.103471e-01;3.147672e-02;7.626045e-02;3.132068e-01;8.926088e-02;5.235941e-02;1.787116e-02;8.625758e-02;1.053620e-01;3.186744e-02
1.108885e-02;1.164968e-01;4.752859e-02;2.459965e-02;1.383132e-01;2.475722e-01;4.141422e-02;1.120441e-01;1.661726e-02;1.577404e-01;6.432864e-02;2.225620e-02
9.372557e-03;1.433996e-01;1.987951e-02;2.376599e-02;1.916409e-01;1.318489e-01;1.632398e-02;1.577521e-01;3.060705e-02;2.347412e-01;1.771974e-02;2.294844e-02
1.754407e-02;1.481768e-01;1.820978e-02;3.688995e-02;2.007821e-01;3.432804e-02;1.444180e-02;1.594061e-01;4.115401e-02;2.624846e-01;3.539337e-02;3.118944e-02
2.761509e-02;1.257583e-01;2.089197e-02;4.518982e-02;1.758562e-01;1.163779e-01;3.632744e-02;1.290929e-01;2.304202e-02;2.147226e-01;5.263349e-02;3.249221e-02
5.601846e-02;7.502894e-02;4.399198e-02;6.658072e-02;1.669730e-01;1.946823e-01;5.983943e-02;7.888523e-02;1.821095e-02;1.281685e-01;8.079226e-02;3.082833e-02
8.130366e-02;5.658087e-02;6.560057e-02;8.133023e-02;1.572500e-01;2.371680e-01;6.845561e-02;4.880906e-02;3.292770e-02;5.802693e-02;7.934315e-02;3.320420e-02
8.519845e-02;6.632091e-02;9.502884e-02;8.625962e-02;1.173538e-01;2.397146e-01;5.704280e-02;6.264896e-02;5.381913e-02;3.522899e-02;5.566150e-02;4.572241e-02
7.011987e-02;9.103952e-02;8.256805e-02;8.620688e-02;6.449877e-02;2.110748e-01;5.607185e-02;1.109228e-01;5.741212e-02;6.647231e-02;5.611831e-02;4.749468e-02
4.860284e-02;1.173027e-01;3.528733e-02;8.209918e-02;6.107276e-02;1.756342e-01;1.579632e-01;8.983716e-02;4.359744e-02;5.728634e-02;6.357525e-02;6.774156e-02
2.799300e-02;1.109839e-01;2.498429e-02;1.322093e-01;3.330677e-02;1.426269e-01;2.468117e-01;6.574158e-02;3.213870e-02;6.256244e-02;2.283955e-02;9.780192e-02
2.677182e-02;8.247496e-02;1.510262e-02;1.455148e-01;2.169801e-02;1.167087e-01;2.609155e-01;8.661375e-02;3.492007e-02;7.753445e-02;2.604433e-02;1.057009e-01
5.216707e-02;6.953117e-02;2.966125e-02;8.870494e-02;2.046384e-02;1.126724e-01;1.929413e-01;1.661459e-01;6.624575e-02;9.147565e-02;2.001725e-02;8.997349e-02
8.259700e-02;9.866598e-02;5.296358e-02;2.632014e-02;2.944454e-02;1.013775e-01;1.189830e-01;2.434985e-01;8.364456e-02;8.339017e-02;2.463072e-02;5.448443e-02
9.571085e-02;1.601780e-01;7.767596e-02;1.637372e-02;3.236609e-02;7.996310e-02;1.137252e-01;2.111446e-01;5.148024e-02;8.821038e-02;4.048711e-02;3.268482e-02
9.332271e-02;2.085236e-01;8.114070e-02;1.602312e-02;2.973438e-02;9.488975e-02;1.379113e-01;1.208691e-01;4.589083e-02;1.005958e-01;4.670694e-02;2.439182e-02
1.141540e-01;2.070697e-01;6.094030e-02;1.853675e-02;4.467694e-02;8.966820e-02;1.365990e-01;1.370103e-01;4.155644e-02;7.196398e-02;5.599865e-02;2.182581e-02
1.333895e-01;1.928988e-01;7.739091e-02;2.432411e-02;6.364393e-02;5.895144e-02;1.032256e-01;1.891030e-01;3.315969e-02;1.991912e-02;8.762280e-02;1.637119e-02
1.311922e-01;1.881362e-01;1.138778e-01;2.786831e-02;5.247914e-02;5.500084e-02;5.783036e-02;1.860757e-01;3.817012e-02;5.244110e-02;7.619742e-02;2.073081e-02
1.078554e-01;1.572146e-01;1.592845e-01;2.737465e-02;5.587637e-02;7.853442e-02;5.151160e-02;1.738535e-01;4.662005e-02;9.069134e-02;3.351109e-02;1.767237e-02
6.923871e-02;1.082348e-01;1.430489e-01;5.662794e-02;8.645967e-02;1.139679e-01;5.312017e-02;1.287988e-01;5.309945e-02;1.258517e-01;3.024488e-02;3.130696e-02
4.213615e-02;9.327688e-02;9.309920e-02;7.442990e-02;1.064894e-01;1.576760e-01;3.775784e-02;9.856734e-02;6.797997e-02;1.635009e-01;4.529301e-02;1.979334e-02
4.024890e-02;1.481379e-01;5.477242e-02;8.703818e-02;7.077844e-02;1.259636e-01;6.918591e-02;9.004575e-02;4.752348e-02;1.859445e-01;5.277479e-02;2.758613e-02
3.030089e-02;1.298941e-01;6.431399e-02;7.864399e-02;1.183842e-01;9.780151e-02;8.627468e-02;7.069681e-02;2.780166e-02;1.784482e-01;8.556829e-02;3.187167e-02
3.817703e-02;9.715465e-02;6.733175e-02;7.420022e-02;1.427878e-01;1.405892e-01;8.592144e-02;5.133259e-02;4.372937e-02;1.543981e-01;7.396817e-02;3.040968e-02
5.405757e-02;7.343678e-02;9.431467e-02;7.724418e-02;1.290550e-01;1.777792e-01;8.603756e-02;8.702485e-02;5.373683e-02;9.299394e-02;5.026824e-02;2.405116e-02
5.592624e-02;1.255675e-01;1.054535e-01;6.089392e-02;9.087174e-02;1.139839e-01;1.104072e-01;1.131478e-01;5.907397e-02;5.246925e-02;4.991638e-02;6.228873e-02
6.419482e-02;1.397573e-01;8.023250e-02;8.682133e-02;7.595805e-02;7.663777e-02;1.523857e-01;9.170126e-02;4.324064e-02;5.314147e-02;3.394437e-02;1.019847e-01
6.410916e-02;9.292942e-02;1.335456e-01;6.148931e-02;5.941264e-02;1.425845e-01;1.118406e-01;5.236513e-02;4.752751e-02;4.269700e-02;8.026111e-02;1.112380e-01
5.209533e-02;6.923833e-02;1.639680e-01;6.104787e-02;5.627168e-02;1.993013e-01;7.914399e-02;4.254970e-02;5.615186e-02;4.480012e-02;9.697695e-02;7.845487e-02
3.148668e-02;1.067196e-01;1.092491e-01;8.086070e-02;7.299298e-02;1.821383e-01;7.296745e-02;7.928109e-02;7.181679e-02;7.077800e-02;8.198745e-02;3.972183e-02
1.598301e-02;1.505033e-01;4.625819e-02;7.725990e-02;1.113466e-01;1.312457e-01;6.256890e-02;1.238894e-01;1.006499e-01;9.501809e-02;4.380162e-02;4.147540e-02
2.758144e-02;1.373141e-01;8.541404e-02;5.735183e-02;1.065146e-01;1.037590e-01;5.122485e-02;1.412782e-01;1.283863e-01;8.127598e-02;2.769575e-02;5.220401e-02
4.276375e-02;9.419750e-02;1.104786e-01;5.951861e-02;7.921251e-02;1.179271e-01;4.584317e-02;1.641255e-01;1.418546e-01;5.236329e-02;4.077800e-02;5.093728e-02
5.814924e-02;1.028406e-01;1.057317e-01;7.732082e-02;7.987728e-02;9.873801e-02;5.597303e-02;1.680446e-01;1.225717e-01;3.055510e-02;4.530813e-02;5.488975e-02
7.484595e-02;1.300952e-01;1.170428e-01;6.771421e-02;9.113086e-02;1.202107e-01;5.655783e-02;1.180304e-01;7.446613e-02;5.660123e-02;3.438096e-02;5.892383e-02
8.745324e-02;1.294608e-01;1.162846e-01;5.409801e-02;1.033300e-01;7.729036e-02;7.725816e-02;9.604751e-02;4.458763e-02;7.513537e-02;5.867710e-02;8.037734e-02
6.925713e-02;1.534395e-01;1.460745e-01;3.556815e-02;6.776361e-02;1.364382e-01;5.602651e-02;9.214579e-02;6.453572e-02;4.996927e-02;6.217423e-02;6.660736e-02
4.651951e-02;1.640896e-01;9.870654e-02;4.129835e-02;3.222202e-02;2.069255e-01;7.351356e-02;8.915757e-02;6.726836e-02;7.448176e-02;7.521564e-02;3.060154e-02
4.968051e-02;1.485821e-01;6.590090e-02;6.348425e-02;2.603799e-02;2.188553e-01;1.025147e-01;5.662323e-02;5.283669e-02;1.098281e-01;6.020667e-02;4.544958e-02
7.228613e-02;1.268046e-01;8.276974e-02;7.444032e-02;5.694041e-02;1.486290e-01;9.709585e-02;6.380238e-02;6.150183e-02;1.065529e-01;5.593408e-02;5.324276e-02
7.629314e-02;1.439667e-01;9.982052e-02;7.367839e-02;5.563417e-02;9.974595e-02;9.215506e-02;7.846063e-02;7.774153e-02;9.250209e-02;5.832614e-02;5.167571e-02
7.742534e-02;1.497496e-01;1.256651e-01;5.817168e-02;6.196474e-02;1.193740e-01;9.019445e-02;6.194842e-02;7.466292e-02;6.958052e-02;6.439158e-02;4.687170e-02
8.364594e-02;8.684353e-02;1.635193e-01;4.004110e-02;5.158586e-02;1.590703e-01;7.396556e-02;5.931769e-02;7.453928e-02;3.697827e-02;1.163794e-01;5.411385e-02
8.367457e-02;4.641167e-02;1.730992e-01;1.986671e-02;4.335391e-02;1.820417e-01;7.124982e-02;8.086752e-02;7.783361e-02;2.939148e-02;1.251456e-01;6.706426e-02
7.569835e-02;6.432052e-02;1.387039e-01;2.133965e-02;4.232406e-02;1.794364e-01;6.503981e-02;1.082487e-01;1.000501e-01;4.547478e-02;9.073511e-02;6.862871e-02
6.406853e-02;6.890087e-02;9.769444e-02;3.782202e-02;5.332938e-02;1.870844e-01;6.985086e-02;1.334541e-01;1.176878e-01;7.838137e-02;4.054535e-02;5.118079e-02
5.255422e-02;9.445431e-02;9.467120e-02;6.284843e-02;5.707598e-02;1.815054e-01;6.487349e-02;1.067249e-01;9.853571e-02;1.017935e-01;5.900281e-02;2.595997e-02
6.339940e-02;8.161777e-02;1.139775e-01;5.664868e-02;3.422906e-02;1.936643e-01;6.904375e-02;6.271182e-02;9.282115e-02;8.395987e-02;1.095567e-01;3.837004e-02
6.914096e-02;4.210501e-02;1.528686e-01;5.071903e-02;3.257216e-02;2.450788e-01;5.303014e-02;3.599570e-02;7.465187e-02;5.824992e-02;1.479843e-01;3.760353e-02
5.746909e-02;2.151433e-02;1.755028e-01;2.507235e-02;2.775908e-02;2.937209e-01;5.113458e-02;3.122963e-02;5.419425e-02;5.121859e-02;1.657102e-01;4.547423e-02
5.065113e-02;2.400067e-02;1.502698e-01;2.588496e-02;5.134518e-02;2.953220e-01;5.136792e-02;3.484226e-02;6.175147e-02;4.727664e-02;1.553754e-01;5.191262e-02
5.825763e-02;2.760893e-02;1.234733e-01;2.763815e-02;8.732735e-02;2.588699e-01;4.138828e-02;3.893087e-02;1.036598e-01;4.640289e-02;1.372798e-01;4.916308e-02
4.955805e-02;1.855813e-02;1.060433e-01;2.123021e-02;1.362451e-01;2.100393e-01;6.256397e-02;4.807251e-02;1.256294e-01;5.260227e-02;1.200958e-01;4.936189e-02
2.740762e-02;3.544017e-02;9.783502e-02;2.580207e-02;2.024601e-01;1.302824e-01;8.293972e-02;5.252614e-02;1.163482e-01;5.888664e-02;1.073454e-01;6.272647e-02
1.874342e-02;4.047706e-02;7.287412e-02;4.021043e-02;2.072646e-01;4.963353e-02;1.621062e-01;7.860290e-02;8.256740e-02;6.926630e-02;6.823488e-02;1.100192e-01
2.606889e-02;9.046610e-02;4.067301e-02;6.252401e-02;1.049164e-01;5.369567e-02;2.399975e-01;8.336553e-02;5.130735e-02;5.648576e-02;4.577233e-02;1.447275e-01
3.493496e-02;1.135030e-01;4.752363e-02;6.621289e-02;7.382855e-02;8.532056e-02;2.060183e-01;7.472872e-02;5.797681e-02;6.109333e-02;4.323997e-02;1.356193e-01
4.590488e-02;1.043324e-01;5.583395e-02;5.126925e-02;6.852606e-02;1.602455e-01;1.425933e-01;7.507139e-02;5.273395e-02;1.049217e-01;2.349428e-02;1.150734e-01
6.040015e-02;7.664225e-02;4.656408e-02;3.065208e-02;3.675465e-02;2.524664e-01;1.515127e-01;6.724549e-02;6.960104e-02;1.001975e-01;2.254284e-02;8.542089e-02
5.729606e-02;4.944031e-02;5.921010e-02;2.652006e-02;1.314074e-02;3.159774e-01;1.694465e-01;7.958414e-02;8.216312e-02;6.935098e-02;1.943645e-02;5.843410e-02
5.250620e-02;6.665529e-02;6.009426e-02;2.918708e-02;1.454999e-02;2.716703e-01;2.097868e-01;9.690624e-02;7.242941e-02;6.484812e-02;1.936013e-02;4.200620e-02
5.553061e-02;7.525576e-02;5.806478e-02;4.045504e-02;2.387201e-02;1.889905e-01;2.471012e-01;1.081742e-01;5.039924e-02;6.556167e-02;2.434196e-02;6.225314e-02
4.057743e-02;7.202527e-02;5.618281e-02;7.790757e-02;2.853961e-02;1.171338e-01;2.972140e-01;8.816395e-02;5.635043e-02;4.775507e-02;2.831887e-02;8.983114e-02
2.683674e-02;7.436393e-02;4.397542e-02;7.989689e-02;6.317138e-02;8.587112e-02;3.649392e-01;7.144198e-02;4.442441e-02;2.400380e-02;2.203959e-02;9.903554e-02
2.512763e-02;7.640231e-02;5.630730e-02;4.628547e-02;1.085691e-01;6.899575e-02;3.368733e-01;9.198870e-02;4.413718e-02;1.903383e-02;3.899068e-02;8.728872e-02
2.686470e-02;4.838585e-02;5.684015e-02;4.318785e-02;1.831034e-01;1.045791e-01;2.161349e-01;9.794804e-02;5.912575e-02;2.861697e-02;6.851504e-02;6.669833e-02
2.948851e-02;4.636392e-02;7.869889e-02;1.056689e-01;1.515346e-01;1.348925e-01;1.501324e-01;8.681384e-02;7.333122e-02;4.627799e-02;5.838398e-02;3.841326e-02
2.526308e-02;8.798088e-02;6.823776e-02;1.140876e-01;9.367821e-02;1.425589e-01;1.569705e-01;8.872844e-02;8.467270e-02;6.877770e-02;3.336698e-02;3.567729e-02
5.008170e-02;1.213001e-01;6.102839e-02;5.160838e-02;9.272289e-02;1.167761e-01;1.520258e-01;1.380932e-01;9.488467e-02;5.560777e-02;4.070551e-02;2.516540e-02
7.381754e-02;1.589358e-01;7.786699e-02;3.979158e-02;7.801413e-02;9.797630e-02;1.237703e-01;1.300780e-01;7.662757e-02;7.207984e-02;3.286623e-02;3.817577e-02
5.763570e-02;1.478726e-01;6.925938e-02;3.565298e-02;8.588588e-02;1.037643e-01;7.176666e-02;1.307578e-01;9.814231e-02;1.136308e-01;4.910496e-02;3.652659e-02
3.752906e-02;1.079564e-01;5.752406e-02;6.408345e-02;5.496624e-02;1.345712e-01;9.632848e-02;1.555096e-01;1.072005e-01;9.962228e-02;4.339988e-02;4.130882e-02
3.805137e-02;8.216138e-02;6.128844e-02;8.605883e-02;3.534227e-02;1.917663e-01;1.222741e-01;1.297881e-01;8.384342e-02;7.992346e-02;4.212949e-02;4.737269e-02
4.406894e-02;9.950901e-02;6.093257e-02;6.104980e-02;5.013800e-02;1.978418e-01;1.253456e-01;1.092886e-01;8.601852e-02;8.683591e-02;4.742831e-02;3.154298e-02
4.176511e-02;1.383903e-01;7.244691e-02;4.664156e-02;5.290944e-02;1.725145e-01;1.102980e-01;1.464005e-01;8.836514e-02;6.235869e-02;3.964975e-02;2.826020e-02
6.285062e-02;1.371357e-01;8.928673e-02;4.416089e-02;3.245956e-02;1.429544e-01;1.362726e-01;1.442577e-01;1.218671e-01;4.123182e-02;1.941102e-02;2.811180e-02
6.336036e-02;1.127609e-01;1.306023e-01;3.120968e-02;3.507825e-02;1.085425e-01;1.340956e-01;1.157263e-01;1.392574e-01;4.842258e-02;3.805446e-02;4.288967e-02
6.046074e-02;8.562687e-02;1.466932e-01;2.798765e-02;7.810093e-02;9.807277e-02;1.299527e-01;1.468450e-01;1.323107e-01;2.787544e-02;3.365453e-02;3.241942e-02
6.800554e-02;6.533909e-02;1.329563e-01;4.112821e-02;9.453962e-02;1.380713e-01;1.485687e-01;1.167031e-01;9.569712e-02;3.443401e-02;3.333537e-02;3.122168e-02
6.676424e-02;9.543005e-02;8.971877e-02;3.427483e-02;6.862447e-02;1.288496e-01;1.785799e-01;1.162403e-01;5.771756e-02;4.933815e-02;4.667076e-02;6.779134e-02
9.569743e-02;1.052747e-01;9.167480e-02;5.464112e-02;5.539868e-02;1.176937e-01;1.115143e-01;9.506763e-02;6.198464e-02;7.552119e-02;4.684252e-02;8.868931e-02
1.041554e-01;1.379071e-01;9.913536e-02;9.574857e-02;7.198318e-02;1.359649e-01;5.837391e-02;8.714822e-02;5.776606e-02;6.777186e-02;1.634062e-02;6.770473e-02
7.511173e-02;1.331307e-01;1.140619e-01;1.039050e-01;7.069685e-02;1.261673e-01;8.377386e-02;9.263489e-02;6.341141e-02;5.593055e-02;3.192677e-02;4.924894e-02
5.899924e-02;1.401843e-01;1.212708e-01;9.825584e-02;6.503190e-02;1.050196e-01;8.690516e-02;8.927909e-02;9.606599e-02;4.398974e-02;4.942024e-02;4.557811e-02
8.537601e-02;1.309918e-01;9.615453e-02;1.000805e-01;6.123523e-02;8.965282e-02;7.056389e-02;1.059752e-01;1.141676e-01;2.510701e-02;5.263689e-02;6.805854e-02
8.755159e-02;1.221633e-01;6.577269e-02;1.212536e-01;6.651838e-02;1.230080e-01;7.573845e-02;1.330446e-01;9.238967e-02;2.674978e-02;2.940148e-02;5.640849e-02
8.840073e-02;1.539257e-01;8.748456e-02;9.616394e-02;6.121847e-02;1.153080e-01;1.007413e-01;1.794309e-01;5.233324e-02;2.222158e-02;1.086027e-02;3.191125e-02
8.831164e-02;1.977168e-01;1.048686e-01;4.863311e-02;6.905712e-02;6.100119e-02;1.141054e-01;2.074094e-01;5.198521e-02;2.714609e-02;1.475730e-02;1.500816e-02
8.955790e-02;2.369580e-01;1.123103e-01;1.843541e-02;4.596577e-02;4.066980e-02;1.370683e-01;1.685486e-01;5.993995e-02;5.361714e-02;2.430710e-02;1.262174e-02
8.689412e-02;2.562371e-01;1.020413e-01;1.701126e-02;2.250151e-02;3.792590e-02;1.952701e-01;1.118639e-01;6.199693e-02;6.724417e-02;3.033655e-02;1.067719e-02
6.256086e-02;2.983146e-01;1.326530e-01;3.637879e-02;2.000303e-02;6.006214e-02;1.525981e-01;7.165603e-02;8.354349e-02;4.937225e-02;2.206106e-02;1.079665e-02
3.722554e-02;3.409936e-01;1.557455e-01;8.015158e-02;1.537716e-02;1.094789e-01;7.277374e-02;3.305178e-02;1.047714e-01;2.249052e-02;1.246491e-02;1.547527e-02
2.286668e-02;3.066894e-01;1.659463e-01;9.266158e-02;6.237560e-03;1.804490e-01;3.716289e-02;2.174818e-02;1.130257e-01;1.641775e-02;9.137332e-03;2.765769e-02
1.933669e-02;2.774834e-01;1.878450e-01;6.238372e-02;6.289685e-03;2.231460e-01;1.902824e-02;2.479026e-02;1.102269e-01;2.240867e-02;6.091845e-03;4.096969e-02
2.052931e-02;2.629597e-01;2.164223e-01;2.467434e-02;6.633166e-03;2.139154e-01;1.379400e-02;3.581818e-02;1.082261e-01;4.371288e-02;7.148535e-03;4.616615e-02
2.451813e-02;2.373325e-01;2.233551e-01;3.065086e-02;1.063405e-02;1.717445e-01;1.682440e-02;4.859738e-02;1.195853e-01;6.027187e-02;1.221193e-02;4.427404e-02
3.830097e-02;1.959820e-01;2.047708e-01;3.950161e-02;1.746586e-02;1.546268e-01;4.366660e-02;6.358475e-02;1.158199e-01;3.743514e-02;3.295968e-02;5.588588e-02
5.492507e-02;1.299434e-01;1.334500e-01;3.310449e-02;3.930286e-02;1.305207e-01;9.576210e-02;1.043077e-01;6.374467e-02;8.796029e-02;6.275623e-02;6.422249e-02
6.185802e-02;1.116683e-01;1.011830e-01;3.010365e-02;5.701016e-02;1.076149e-01;1.126389e-01;1.332152e-01;6.337579e-02;9.844493e-02;7.101699e-02;5.187016e-02
5.357533e-02;1.199231e-01;9.243457e-02;4.431806e-02;7.282912e-02;1.023934e-01;9.697875e-02;1.667412e-01;7.676730e-02;8.176412e-02;5.912679e-02;3.314823e-02
4.404257e-02;1.464920e-01;1.167024e-01;5.130396e-02;6.018395e-02;7.047140e-02;1.284269e-01;1.480375e-01;9.450232e-02;6.934277e-02;4.668069e-02;2.381350e-02
5.065925e-02;1.097282e-01;1.159612e-01;3.934730e-02;5.622713e-02;9.000133e-02;1.320470e-01;1.058525e-01;1.318311e-01;7.100245e-02;5.143463e-02;4.590796e-02
4.716966e-02;7.804530e-02;1.283403e-01;4.987580e-02;4.910605e-02;9.766372e-02;1.032704e-01;1.128708e-01;1.722488e-01;6.130244e-02;5.243079e-02;4.767596e-02
4.211510e-02;7.920864e-02;1.248567e-01;8.991699e-02;3.979525e-02;8.917685e-02;8.346015e-02;1.400725e-01;1.870144e-01;5.124173e-02;4.406438e-02;2.907725e-02
1.987856e-02;8.447883e-02;1.148060e-01;1.221868e-01;3.554345e-02;8.153488e-02;1.239964e-01;1.325678e-01;1.511399e-01;7.224872e-02;3.070672e-02;3.091181e-02
3.978060e-02;1.169396e-01;1.459458e-01;7.966141e-02;3.590228e-02;8.750810e-02;1.316916e-01;1.249611e-01;9.619613e-02;6.865091e-02;3.733366e-02;3.542888e-02
8.300894e-02;1.504010e-01;1.673971e-01;6.981206e-02;4.217423e-02;7.544628e-02;9.150408e-02;1.446299e-01;5.267879e-02;5.188768e-02;4.346323e-02;2.759673e-02
9.750348e-02;1.557480e-01;1.929066e-01;6.005335e-02;4.782390e-02;7.209091e-02;7.321949e-02;1.431565e-01;5.592672e-02;3.896462e-02;3.173657e-02;3.086989e-02
8.460851e-02;1.311517e-01;1.590502e-01;6.133851e-02;4.707394e-02;8.289500e-02;9.692457e-02;1.555566e-01;6.034353e-02;3.569559e-02;2.943791e-02;5.592403e-02
5.524817e-02;1.204743e-01;1.487257e-01;5.150774e-02;4.669568e-02;7.430213e-02;1.559841e-01;1.349530e-01;8.211000e-02;2.565066e-02;2.727724e-02;7.707122e-02
5.231706e-02;1.190075e-01;1.379626e-01;7.915473e-02;5.830244e-02;7.695735e-02;1.396911e-01;8.206453e-02;9.526203e-02;4.388592e-02;4.395021e-02;7.144453e-02
6.589326e-02;1.583743e-01;9.541685e-02;1.089614e-01;6.229442e-02;8.009789e-02;1.018610e-01;6.941380e-02;7.936016e-02;6.489424e-02;4.720141e-02;6.623124e-02
5.747047e-02;1.961069e-01;1.035524e-01;7.381257e-02;5.377967e-02;7.582574e-02;1.165265e-01;7.319210e-02;8.511537e-02;7.111357e-02;4.637666e-02;4.712799e-02
6.938177e-02;2.107438e-01;1.197426e-01;6.370291e-02;6.222598e-02;7.008109e-02;1.110130e-01;6.075760e-02;8.846200e-02;7.318327e-02;3.486090e-02;3.584513e-02
8.350404e-02;1.536801e-01;1.043002e-01;9.882168e-02;6.875073e-02;6.666256e-02;8.310430e-02;8.590827e-02;9.263348e-02;8.888041e-02;2.635184e-02;4.740241e-02
7.626498e-02;1.235645e-01;1.072218e-01;1.002023e-01;7.017486e-02;7.445499e-02;8.236897e-02;1.078905e-01;9.108086e-02;8.727147e-02;2.573116e-02;5.377354e-02
1.072327e-01;1.247644e-01;1.006496e-01;6.405454e-02;5.447444e-02;7.827394e-02;1.219262e-01;1.322214e-01;8.007189e-02;6.142924e-02;4.045386e-02;3.444783e-02
1.106298e-01;1.153803e-01;1.136084e-01;5.980387e-02;6.680758e-02;7.206716e-02;1.165527e-01;1.355388e-01;7.777446e-02;6.318189e-02;4.760567e-02;2.104937e-02
6.430600e-02;1.080090e-01;1.196617e-01;1.020599e-01;7.222374e-02;6.373984e-02;1.394182e-01;1.172534e-01;6.730626e-02;7.689402e-02;4.512902e-02;2.399885e-02
9.590476e-02;8.975498e-02;1.093616e-01;1.050261e-01;5.552139e-02;8.713895e-02;8.827447e-02;9.439125e-02;7.881643e-02;1.119981e-01;4.732347e-02;3.648857e-02
1.279731e-01;1.081835e-01;7.981034e-02;7.340516e-02;6.644158e-02;1.085501e-01;8.764029e-02;8.105715e-02;5.868554e-02;9.974287e-02;6.784972e-02;4.066059e-02
8.124394e-02;1.165854e-01;1.028339e-01;5.455461e-02;4.009692e-02;1.038259e-01;5.597658e-02;1.252134e-01;9.163858e-02;9.792022e-02;9.601346e-02;3.409710e-02
1.000663e-01;1.005926e-01;7.546386e-02;4.863469e-02;3.433093e-02;7.489839e-02;1.043510e-01;1.489560e-01;1.005257e-01;8.259575e-02;9.383423e-02;3.575039e-02
1.231849e-01;1.562583e-01;1.473867e-01;5.072065e-02;3.301752e-02;6.920938e-02;1.186133e-01;9.827820e-02;5.673787e-02;4.374328e-02;4.946584e-02;5.338399e-02
9.646564e-02;1.941760e-01;1.422115e-01;6.303018e-02;2.436947e-02;7.724714e-02;1.491893e-01;8.224251e-02;2.636933e-02;3.253082e-02;3.384265e-02;7.832553e-02
7.881024e-02;2.140592e-01;1.075668e-01;7.188801e-02;1.565997e-02;5.660134e-02;2.214494e-01;7.485601e-02;1.285651e-02;2.549936e-02;2.229615e-02;9.845699e-02
4.554432e-02;2.163734e-01;5.065369e-02;7.992226e-02;1.738680e-02;3.108875e-02;3.426664e-01;6.760008e-02;7.132030e-03;1.756268e-02;1.449145e-02;1.095782e-01
1.734593e-02;1.869517e-01;3.214424e-02;7.036636e-02;1.808139e-02;5.559183e-02;4.465405e-01;4.116014e-02;5.602122e-03;1.282826e-02;1.412885e-02;9.925869e-02
1.208056e-02;1.495453e-01;3.638274e-02;7.295740e-02;2.608120e-02;7.017335e-02;4.914832e-01;3.652842e-02;1.198693e-02;7.138880e-03;7.967031e-03;7.767503e-02
1.073994e-02;1.277184e-01;1.473459e-02;1.036246e-01;2.332600e-02;5.387530e-02;5.104132e-01;4.055838e-02;1.390701e-02;9.013347e-03;1.162490e-02;8.046430e-02
8.764707e-03;1.080411e-01;1.062134e-02;1.521984e-01;1.330136e-02;4.911849e-02;4.848931e-01;4.288248e-02;1.537703e-02;1.847835e-02;9.185343e-03;8.713829e-02
1.092817e-02;7.582104e-02;2.141393e-02;1.738703e-01;1.446412e-02;5.980561e-02;4.424100e-01;8.023372e-02;1.334678e-02;2.704965e-02;6.355153e-03;7.430153e-02
1.650200e-02;4.974759e-02;2.711979e-02;1.401676e-01;1.767628e-02;8.446503e-02;4.008047e-01;1.489797e-01;1.700266e-02;3.394176e-02;3.664105e-03;5.992874e-02
3.781460e-02;3.547096e-02;1.844436e-02;8.877556e-02;2.302764e-02;1.139692e-01;3.411962e-01;2.078890e-01;3.379895e-02;3.217617e-02;4.726786e-03;6.271064e-02
5.922265e-02;4.112705e-02;5.071735e-02;6.772255e-02;3.249895e-02;9.626456e-02;2.749448e-01;2.402548e-01;4.711759e-02;2.116677e-02;1.067475e-02;5.828813e-02
7.522412e-02;5.117691e-02;6.835516e-02;6.218139e-02;5.246101e-02;7.323641e-02;2.231364e-01;2.647136e-01;4.511487e-02;1.953862e-02;1.372457e-02;5.113697e-02
9.493400e-02;9.209837e-02;9.654655e-02;9.536802e-02;4.043810e-02;6.107532e-02;1.372350e-01;2.128993e-01;4.201920e-02;2.463637e-02;3.129110e-02;7.145862e-02
8.707401e-02;1.575009e-01;1.766522e-01;9.218273e-02;3.552014e-02;4.197810e-02;1.042994e-01;1.380355e-01;3.186912e-02;3.445396e-02;3.934290e-02;6.109110e-02
6.412690e-02;1.571433e-01;1.506702e-01;5.626924e-02;3.276646e-02;4.999393e-02;2.711615e-01;5.393965e-02;2.380666e-02;4.246923e-02;3.916893e-02;5.848406e-02
5.448165e-02;8.537195e-02;8.077118e-02;3.000262e-02;2.101946e-02;5.000687e-02;4.087100e-01;1.037555e-01;3.138212e-02;3.502444e-02;3.028510e-02;6.918909e-02
4.085563e-02;5.910092e-02;6.786668e-02;5.401998e-02;1.479215e-02;6.453548e-02;4.408123e-01;1.205145e-01;2.826598e-02;1.583601e-02;1.385912e-02;7.954117e-02
4.314126e-02;7.607912e-02;5.636359e-02;7.972799e-02;2.425780e-02;5.509218e-02;3.782035e-01;8.685381e-02;4.771407e-02;3.919042e-02;1.345545e-02;9.992072e-02
5.175612e-02;1.000010e-01;6.357092e-02;6.429887e-02;5.092568e-02;7.741859e-02;2.474997e-01;9.091415e-02;7.573220e-02;7.505713e-02;1.999985e-02;8.282583e-02
5.372231e-02;7.286955e-02;6.750554e-02;7.397564e-02;7.922739e-02;7.664111e-02;1.621065e-01;1.330796e-01;7.650627e-02;1.252467e-01;2.639520e-02;5.272418e-02
6.078501e-02;8.443700e-02;1.063644e-01;6.309890e-02;6.989050e-02;1.007029e-01;8.726297e-02;1.476475e-01;6.904410e-02;1.129737e-01;4.125611e-02;5.653697e-02
5.215903e-02;8.885254e-02;8.861151e-02;7.251938e-02;5.475261e-02;1.036229e-01;2.297329e-01;1.047466e-01;3.988560e-02;7.588901e-02;3.035757e-02;5.887031e-02
5.801750e-02;1.391989e-01;1.175584e-01;5.555221e-02;3.555275e-02;9.438340e-02;2.167528e-01;8.878468e-02;4.117154e-02;7.204100e-02;3.796364e-02;4.302325e-02
1.304227e-01;1.806884e-01;1.482895e-01;2.690377e-02;3.314251e-02;6.697492e-02;1.280033e-01;1.192189e-01;4.184023e-02;4.029057e-02;4.905370e-02;3.517135e-02
1.643302e-01;2.107200e-01;1.251540e-01;3.190932e-02;3.512282e-02;5.605243e-02;9.223540e-02;1.303362e-01;3.305859e-02;3.499468e-02;4.428257e-02;4.180373e-02
1.426580e-01;2.096013e-01;9.399271e-02;4.333084e-02;3.628258e-02;9.044871e-02;7.728022e-02;1.126971e-01;4.192023e-02;5.030870e-02;2.972995e-02;7.174976e-02
1.092541e-01;2.149169e-01;6.194366e-02;5.553932e-02;3.931549e-02;1.258466e-01;7.926657e-02;8.504601e-02;5.388752e-02;3.863102e-02;2.693443e-02;1.094184e-01
8.401272e-02;1.965519e-01;8.730617e-02;2.890455e-02;4.727297e-02;1.120702e-01;1.045728e-01;8.319613e-02;6.505816e-02;2.556480e-02;5.515641e-02;1.103331e-01
6.118773e-02;1.274639e-01;7.552097e-02;4.103755e-02;6.143674e-02;1.025769e-01;1.605340e-01;9.235645e-02;1.033444e-01;2.496730e-02;7.042959e-02;7.914458e-02
3.970944e-02;6.416296e-02;1.022247e-01;4.985021e-02;4.970234e-02;1.793513e-01;1.584707e-01;7.581852e-02;9.519345e-02;5.015082e-02;8.342040e-02;5.194510e-02
4.162137e-02;7.945877e-02;1.168634e-01;3.817199e-02;3.628689e-02;2.088550e-01;1.615250e-01;7.134506e-02;7.877211e-02;4.564437e-02;7.470372e-02;4.675235e-02
3.848331e-02;6.201332e-02;1.289500e-01;2.948747e-02;3.567157e-02;2.575760e-01;1.782650e-01;5.505432e-02;7.430464e-02;2.789008e-02;7.462913e-02;3.767525e-02
2.484922e-02;3.251905e-02;1.429489e-01;1.837934e-02;3.316941e-02;3.643551e-01;1.544651e-01;3.290863e-02;6.446394e-02;1.344849e-02;8.890197e-02;2.959077e-02
1.417385e-02;2.524194e-02;1.521971e-01;1.838498e-02;3.222585e-02;4.812042e-01;7.413009e-02;1.642447e-02;4.661649e-02;1.411826e-02;1.032070e-01;2.207583e-02
1.664910e-02;3.031231e-02;1.290454e-01;1.941166e-02;3.972019e-02;5.075659e-01;6.601281e-02;1.491400e-02;3.484897e-02;2.121503e-02;1.043073e-01;1.599752e-02
1.863549e-02;3.035683e-02;1.097596e-01;1.537015e-02;6.054352e-02;4.954542e-01;6.622891e-02;3.349071e-02;2.748820e-02;2.459676e-02;1.011656e-01;1.690998e-02
1.513141e-02;5.832417e-02;8.759455e-02;2.295321e-02;1.035215e-01;4.598529e-01;2.630640e-02;4.444606e-02;3.496965e-02;4.317290e-02;8.598401e-02;1.774322e-02
1.657403e-02;8.289821e-02;5.005207e-02;3.673391e-02;1.477379e-01;3.465025e-01;5.397883e-02;6.391911e-02;6.580896e-02;6.745565e-02;5.157602e-02;1.676287e-02
2.484564e-02;9.255438e-02;3.623289e-02;5.804522e-02;1.533094e-01;2.301209e-01;9.984131e-02;8.047587e-02;9.447844e-02;7.219547e-02;3.984215e-02;1.805826e-02
4.635961e-02;7.354731e-02;5.669400e-02;6.671009e-02;9.429172e-02;1.679496e-01;1.333638e-01;9.406961e-02;1.229082e-01;4.983865e-02;6.366070e-02;3.060679e-02
7.171379e-02;5.691427e-02;1.063539e-01;8.359403e-02;3.641065e-02;1.292417e-01;1.116638e-01;1.273044e-01;1.456852e-01;4.537302e-02;4.695292e-02;3.879241e-02
4.743807e-02;5.746875e-02;1.359949e-01;7.247481e-02;5.426289e-02;1.272489e-01;7.605799e-02;1.304748e-01;1.102426e-01;7.319488e-02;7.028328e-02;4.485819e-02
3.936607e-02;8.245290e-02;1.264871e-01;6.775753e-02;4.620279e-02;1.327215e-01;4.978756e-02;9.064865e-02;1.044962e-01;6.654961e-02;8.768649e-02;1.058436e-01
7.002366e-02;1.008511e-01;9.633835e-02;8.788719e-02;2.851432e-02;1.390502e-01;1.078512e-01;7.014754e-02;6.461438e-02;4.017102e-02;6.159408e-02;1.329569e-01
9.807492e-02;1.063887e-01;1.651215e-01;7.180972e-02;4.087074e-02;1.257693e-01;1.218330e-01;9.647903e-02;2.751374e-02;2.701452e-02;2.682801e-02;9.229685e-02
1.150886e-01;1.084418e-01;2.322750e-01;3.441590e-02;8.837177e-02;8.453404e-02;1.005453e-01;1.429424e-01;1.846121e-02;1.559153e-02;9.417850e-03;4.991456e-02
1.116698e-01;1.423267e-01;2.073288e-01;1.222645e-02;1.177864e-01;4.444346e-02;1.209975e-01;1.487123e-01;3.052659e-02;1.247538e-02;2.028015e-02;3.122642e-02
8.823873e-02;2.476614e-01;1.504795e-01;1.610104e-02;7.612729e-02;3.764037e-02;1.665103e-01;9.245079e-02;5.759918e-02;2.245146e-02;2.519428e-02;1.954563e-02
7.927641e-02;3.336412e-01;1.306024e-01;2.689516e-02;3.379279e-02;5.890638e-02;1.331123e-01;5.989646e-02;8.999315e-02;2.657939e-02;1.816377e-02;9.140723e-03
7.150232e-02;3.611984e-01;1.395972e-01;2.728854e-02;4.730897e-02;7.552335e-02;8.464570e-02;5.175908e-02;1.082293e-01;1.770814e-02;6.548863e-03;8.690173e-03
6.068104e-02;3.152456e-01;1.530203e-01;1.951679e-02;6.076472e-02;6.925008e-02;9.461977e-02;6.781881e-02;1.020351e-01;2.872349e-02;1.209487e-02;1.622943e-02
5.191566e-02;2.565565e-01;1.458882e-01;3.153386e-02;6.187554e-02;6.257515e-02;1.247314e-01;1.250732e-01;7.590113e-02;3.293543e-02;1.271439e-02;1.829944e-02
4.695415e-02;1.918929e-01;1.526394e-01;4.362516e-02;6.489413e-02;7.965960e-02;1.397397e-01;1.167550e-01;6.942406e-02;5.030575e-02;1.446842e-02;2.964180e-02
5.247835e-02;1.423422e-01;1.571740e-01;3.606097e-02;5.523712e-02;1.073456e-01;1.549772e-01;1.089615e-01;6.436622e-02;5.458972e-02;3.029056e-02;3.617663e-02
5.830532e-02;1.448864e-01;1.965568e-01;4.586153e-02;5.171317e-02;1.140696e-01;1.294956e-01;1.035095e-01;4.922456e-02;3.809965e-02;3.274346e-02;3.553441e-02
5.465896e-02;1.395096e-01;1.710492e-01;9.076634e-02;8.737346e-02;1.149791e-01;1.092188e-01;6.351295e-02;5.278648e-02;4.449848e-02;3.324596e-02;3.840065e-02
5.784213e-02;1.269213e-01;1.733180e-01;7.420094e-02;7.961296e-02;1.059810e-01;1.135617e-01;8.013917e-02;7.094181e-02;4.201121e-02;4.380873e-02;3.166114e-02
7.644229e-02;2.009287e-01;1.600302e-01;4.005278e-02;6.071441e-02;9.431519e-02;6.571060e-02;1.205048e-01;6.811572e-02;3.499182e-02;4.689934e-02;3.129418e-02
1.029508e-01;2.250618e-01;1.580481e-01;3.772593e-02;7.554641e-02;8.066125e-02;4.986247e-02;1.219272e-01;5.902883e-02;1.814555e-02;4.277267e-02;2.826902e-02
1.407751e-01;2.308074e-01;1.580841e-01;2.425572e-02;8.156911e-02;5.854824e-02;6.507162e-02;1.454747e-01;3.744427e-02;1.132019e-02;2.574253e-02;2.090704e-02
1.659728e-01;2.326753e-01;1.349332e-01;3.971399e-02;6.197817e-02;6.017678e-02;5.253195e-02;1.737245e-01;1.843249e-02;1.465403e-02;1.478005e-02;3.042669e-02
1.386025e-01;1.622126e-01;1.537968e-01;7.131750e-02;3.944805e-02;6.097848e-02;8.010672e-02;1.498716e-01;2.306662e-02;3.013984e-02;2.410252e-02;6.635672e-02
8.139902e-02;1.639672e-01;1.662999e-01;5.373468e-02;4.780221e-02;6.961417e-02;1.186380e-01;1.216829e-01;2.892289e-02;3.349230e-02;2.495550e-02;8.949118e-02
8.413678e-02;1.851314e-01;1.074908e-01;4.152364e-02;7.285601e-02;7.071233e-02;1.109595e-01;1.131472e-01;5.416291e-02;3.348590e-02;3.995603e-02;8.643748e-02
7.574110e-02;1.465303e-01;6.767016e-02;5.031074e-02;6.678823e-02;1.211459e-01;9.331919e-02;1.341965e-01;9.128575e-02;5.066521e-02;3.809060e-02;6.425641e-02
5.867933e-02;1.279910e-01;9.856339e-02;5.737963e-02;5.925209e-02;1.335467e-01;7.644357e-02;1.121375e-01;7.898063e-02;6.140892e-02;4.379990e-02;9.181740e-02
6.559088e-02;1.549534e-01;1.375829e-01;7.302024e-02;4.740167e-02;1.202252e-01;8.097778e-02;8.843077e-02;5.585824e-02;6.857199e-02;3.437143e-02;7.301544e-02
7.219844e-02;1.764136e-01;1.650737e-01;1.081494e-01;4.826432e-02;1.043290e-01;6.799785e-02;6.466394e-02;6.302185e-02;7.258233e-02;2.623654e-02;3.106901e-02
6.364698e-02;1.418165e-01;1.674327e-01;1.495291e-01;5.909820e-02;6.423233e-02;8.804590e-02;7.515863e-02;6.739782e-02;7.853978e-02;2.794515e-02;1.715691e-02
5.453771e-02;1.430862e-01;1.179316e-01;1.475855e-01;4.173601e-02;5.925531e-02;9.765387e-02;1.360249e-01;6.302259e-02;8.343358e-02;2.906886e-02;2.666387e-02
4.435264e-02;2.005247e-01;9.658135e-02;1.032915e-01;3.806289e-02;9.062633e-02;1.099546e-01;1.323267e-01;5.333693e-02;5.876717e-02;3.867077e-02;3.350454e-02
4.202106e-02;1.936397e-01;1.162408e-01;8.118567e-02;5.157064e-02;8.212453e-02;1.160729e-01;1.020470e-01;7.197646e-02;5.940852e-02;4.828221e-02;3.543051e-02
3.991897e-02;1.347096e-01;1.411000e-01;9.581428e-02;6.410847e-02;7.004064e-02;1.410850e-01;7.864837e-02;9.476838e-02;8.299454e-02;3.070245e-02;2.610934e-02
4.048036e-02;1.043309e-01;1.528667e-01;1.003508e-01;6.199689e-02;7.978521e-02;1.186241e-01;1.008964e-01;1.169039e-01;6.239511e-02;3.914618e-02;2.222349e-02
3.685281e-02;1.322055e-01;1.040977e-01;7.896966e-02;7.708714e-02;1.042856e-01;1.206818e-01;1.362292e-01;9.507768e-02;4.505020e-02;4.448023e-02;2.498254e-02
5.149191e-02;1.778238e-01;1.220186e-01;6.166543e-02;8.125725e-02;7.714415e-02;1.257613e-01;1.498315e-01;6.856579e-02;2.821756e-02;3.133377e-02;2.488901e-02
7.973566e-02;2.300291e-01;1.175575e-01;3.737558e-02;5.713454e-02;4.561608e-02;1.233793e-01;1.859325e-01;6.385361e-02;1.517892e-02;2.396356e-02;2.024367e-02
1.249301e-01;2.455597e-01;1.136581e-01;2.237588e-02;4.980292e-02;3.754153e-02;8.791424e-02;2.214543e-01;4.995545e-02;1.241729e-02;1.699067e-02;1.739977e-02
1.527083e-01;1.913411e-01;7.847482e-02;1.874873e-02;4.038671e-02;1.082180e-01;7.309845e-02;2.353209e-01;3.539787e-02;1.179184e-02;2.007022e-02;3.444295e-02
1.262626e-01;1.121063e-01;3.207455e-02;2.239484e-02;2.449281e-02;2.806803e-01;9.496744e-02;1.903856e-01;2.938137e-02;2.325620e-02;1.150203e-02;5.249605e-02
6.424405e-02;7.524528e-02;4.863170e-02;6.036075e-02;1.646494e-02;3.579594e-01;1.193545e-01;1.133153e-01;2.327786e-02;3.764141e-02;7.459925e-03;7.604486e-02
5.026784e-02;8.772195e-02;4.593521e-02;9.333484e-02;1.758373e-02;2.935521e-01;1.562299e-01;7.956821e-02;1.769504e-02;4.550000e-02;1.525958e-02;9.735169e-02
4.893156e-02;8.437232e-02;4.489369e-02;1.103342e-01;2.812660e-02;1.685506e-01;2.190992e-01;7.263844e-02;2.474160e-02;4.972007e-02;2.169650e-02;1.268952e-01
5.758063e-02;8.225024e-02;4.046269e-02;9.945238e-02;3.373215e-02;1.162322e-01;2.714984e-01;5.301475e-02;3.309133e-02;4.241976e-02;3.186776e-02;1.383976e-01
5.246084e-02;8.833274e-02;5.225010e-02;5.402565e-02;5.972749e-02;1.517541e-01;2.113164e-01;9.563006e-02;4.335194e-02;4.344208e-02;4.971158e-02;9.799699e-02
5.045007e-02;8.622587e-02;7.350335e-02;3.788751e-02;5.713150e-02;1.476937e-01;1.208954e-01;1.553768e-01;7.143837e-02;5.765793e-02;6.559911e-02;7.614040e-02
4.618606e-02;1.021169e-01;5.198824e-02;3.583672e-02;5.827488e-02;1.324760e-01;1.454911e-01;1.529403e-01;8.407298e-02;5.763530e-02;6.060728e-02;7.237429e-02
6.492404e-02;1.172965e-01;5.215330e-02;3.981859e-02;3.804090e-02;1.632473e-01;1.926383e-01;7.008723e-02;8.559470e-02;3.887447e-02;6.599395e-02;7.133064e-02
1.039857e-01;1.032097e-01;5.320042e-02;5.141529e-02;5.032605e-02;6.396111e-02;1.245092e-01;5.097622e-02;7.578366e-02;9.564145e-02;1.236310e-01;1.033601e-01
1.230775e-01;9.437782e-02;6.259109e-02;4.086718e-02;4.427060e-02;7.313082e-02;8.169322e-02;6.137382e-02;7.271361e-02;1.047677e-01;1.291002e-01;1.120364e-01
1.531327e-01;1.009574e-01;6.585154e-02;3.713711e-02;4.700310e-02;9.699763e-02;5.749232e-02;5.436976e-02;7.087954e-02;8.884341e-02;1.109852e-01;1.163504e-01
1.587255e-01;1.268214e-01;7.320304e-02;5.376785e-02;4.569842e-02;5.592862e-02;5.940807e-02;6.278780e-02;3.292338e-02;4.887427e-02;8.982469e-02;1.920370e-01
9.056443e-02;1.175811e-01;1.012665e-01;4.482652e-02;2.167480e-02;9.295490e-02;6.962759e-02;4.728143e-02;3.769069e-02;2.242942e-02;1.566695e-01;1.974331e-01
7.618728e-02;7.274968e-02;1.009602e-01;3.632726e-02;1.965599e-02;1.225209e-01;6.647539e-02;2.751224e-02;4.058709e-02;2.019432e-02;2.521864e-01;1.646432e-01
5.664415e-02;6.856085e-02;7.410972e-02;3.572296e-02;3.158487e-02;1.367943e-01;4.285091e-02;3.921579e-02;5.092988e-02;6.735647e-02;2.957916e-01;1.004385e-01
2.515615e-02;1.204202e-01;5.905306e-02;4.807304e-02;5.233967e-02;1.370697e-01;2.425290e-02;6.452240e-02;9.130497e-02;1.210051e-01;2.042874e-01;5.251534e-02
1.649803e-02;1.726661e-01;7.445575e-02;3.500064e-02;7.682741e-02;1.179054e-01;2.875596e-02;8.448099e-02;1.351800e-01;1.295706e-01;8.515553e-02;4.350362e-02
2.042466e-02;1.604756e-01;7.724088e-02;4.395166e-02;7.918292e-02;8.012591e-02;2.989260e-02;9.897760e-02;1.789030e-01;1.194281e-01;5.433692e-02;5.706021e-02
3.790886e-02;1.107170e-01;6.804904e-02;6.154241e-02;7.428133e-02;5.910055e-02;3.089471e-02;1.307686e-01;2.248824e-01;8.785544e-02;4.443267e-02;6.956695e-02
4.321491e-02;7.737810e-02;6.219283e-02;6.669933e-02;1.026374e-01;3.260361e-02;3.627067e-02;1.513445e-01;2.521107e-01;9.979461e-02;3.097368e-02;4.477957e-02
