1.128543e-01;1.039407e-01;3.174243e-01;5.140424e-02;6.535747e-02;5.419203e-02;1.714873e-01;3.534292e-02;2.533808e-02;2.293307e-02;1.817553e-02;2.155001e-02
1.563003e-01;1.301544e-01;2.704539e-01;4.127855e-02;4.457725e-02;4.065786e-02;1.423375e-01;4.311375e-02;2.242675e-02;3.460227e-02;3.376593e-02;4.033154e-02
1.113872e-01;1.241606e-01;1.592227e-01;3.046819e-02;3.643211e-02;6.080151e-02;2.531281e-01;2.707227e-02;2.223729e-02;4.902185e-02;6.764601e-02;5.842225e-02
3.128273e-02;7.703166e-02;1.511223e-01;2.146188e-02;3.080165e-02;1.074077e-01;2.099392e-01;4.561218e-02;4.375670e-02;7.318599e-02;1.437816e-01;6.461636e-02
6.760383e-02;5.698969e-02;1.961019e-01;2.087760e-02;4.033933e-02;1.371803e-01;6.235861e-02;4.508663e-02;5.533253e-02;7.314162e-02;1.841729e-01;6.081510e-02
5.831499e-02;4.347543e-02;1.581719e-01;1.924683e-02;5.165828e-02;1.518363e-01;1.503498e-01;2.728539e-02;4.509554e-02;5.897285e-02;1.734589e-01;6.213374e-02
1.193556e-01;3.484861e-02;1.599500e-01;3.333259e-02;3.944134e-02;1.265788e-01;1.755016e-01;2.290417e-02;3.185397e-02;4.402503e-02;1.263676e-01;8.584078e-02
1.322952e-01;4.145183e-02;1.364796e-01;4.370355e-02;2.860187e-02;9.124050e-02;2.239560e-01;3.318800e-02;3.127212e-02;5.688214e-02;9.953342e-02;8.139564e-02
1.061279e-01;3.577608e-02;8.122384e-02;4.552791e-02;2.639055e-02;9.363101e-02;2.359367e-01;3.227562e-02;3.587607e-02;7.798827e-02;1.488068e-01;8.043928e-02
6.660099e-02;4.640906e-02;1.026291e-01;3.429752e-02;4.486028e-02;1.111995e-01;1.363869e-01;2.786453e-02;3.619813e-02;1.080553e-01;1.986777e-01;8.682088e-02
4.993828e-02;3.878038e-02;1.225980e-01;1.951891e-02;8.543747e-02;1.218334e-01;8.452170e-02;3.746216e-02;5.098426e-02;1.181946e-01;1.894094e-01;8.132146e-02
8.535574e-02;6.046818e-02;1.124092e-01;2.703916e-02;9.045427e-02;9.875564e-02;1.218674e-01;5.568613e-02;5.024182e-02;1.003321e-01;1.354000e-01;6.199034e-02
6.708618e-02;6.845830e-02;1.589640e-01;3.233097e-02;7.487342e-02;1.045273e-01;1.314886e-01;5.466247e-02;3.779045e-02;1.098736e-01;1.087386e-01;5.120615e-02
1.290808e-01;6.674438e-02;1.884730e-01;4.786017e-02;4.891888e-02;6.040127e-02;1.254515e-01;6.051710e-02;6.655082e-02;8.153494e-02;6.619299e-02;5.827416e-02
1.747378e-01;8.699851e-02;1.593797e-01;5.378330e-02;3.350579e-02;2.141567e-02;1.660215e-01;9.380534e-02;5.509814e-02;5.153276e-02;4.207908e-02;6.164242e-02
2.022851e-01;7.644974e-02;1.266562e-01;5.286098e-02;1.943744e-02;3.417016e-02;2.066711e-01;1.137662e-01;2.751341e-02;3.395829e-02;3.957644e-02;6.665497e-02
2.362090e-01;3.898060e-02;6.767630e-02;4.750631e-02;1.794760e-02;2.738887e-02;2.241329e-01;1.751669e-01;2.197250e-02;2.601381e-02;3.716345e-02;7.984176e-02
2.887011e-01;5.946211e-02;5.454610e-02;2.538831e-02;3.308518e-02;1.336457e-02;1.616404e-01;2.218187e-01;3.670817e-02;1.664577e-02;2.478754e-02;6.385197e-02
2.994141e-01;1.485073e-01;1.297570e-01;1.062400e-02;3.107544e-02;1.454562e-02;7.728705e-02;1.366618e-01;9.873925e-02;8.422060e-03;1.474591e-02;3.022049e-02
2.505714e-01;2.312502e-01;2.350769e-01;1.042025e-02;2.010079e-02;1.357270e-02;3.603056e-02;5.304239e-02;1.185185e-01;9.191093e-03;7.399245e-03;1.482588e-02
1.871214e-01;2.793047e-01;2.879461e-01;1.501728e-02;1.329235e-02;1.836066e-02;2.442871e-02;4.596023e-02;1.003607e-01;1.223144e-02;6.118655e-03;9.857792e-03
1.992487e-01;2.961559e-01;2.950953e-01;1.788338e-02;1.151089e-02;1.544722e-02;2.966098e-02;3.437103e-02;6.875014e-02;1.267127e-02;5.286807e-03;1.391840e-02
2.500674e-01;2.647122e-01;2.621575e-01;1.461654e-02;1.313716e-02;2.062506e-02;3.044619e-02;3.313290e-02;5.962583e-02;1.876339e-02;9.665670e-03;2.305008e-02
2.658532e-01;1.899406e-01;3.025730e-01;1.951488e-02;1.394461e-02;3.513300e-02;2.653474e-02;2.916683e-02;5.483540e-02;2.554363e-02;1.103431e-02;2.592578e-02
2.345850e-01;1.719641e-01;3.809552e-01;1.443984e-02;1.755304e-02;3.762665e-02;3.128788e-02;2.558789e-02;3.293597e-02;2.442133e-02;8.960695e-03;1.968248e-02
2.226668e-01;2.075806e-01;3.540857e-01;1.763253e-02;1.090139e-02;2.807141e-02;3.286237e-02;2.902671e-02;5.964320e-02;1.225376e-02;7.573562e-03;1.770202e-02
2.735210e-01;1.994553e-01;3.030438e-01;1.647085e-02;1.964262e-02;1.761846e-02;3.694491e-02;2.716899e-02;5.700819e-02;8.654590e-03;1.343692e-02;2.703436e-02
3.129494e-01;1.686438e-01;2.607143e-01;1.539387e-02;2.936835e-02;1.476379e-02;4.309569e-02;4.508105e-02;4.785853e-02;1.094404e-02;1.544176e-02;3.574542e-02
2.879230e-01;1.251756e-01;2.228983e-01;2.529242e-02;3.116444e-02;1.658669e-02;6.071631e-02;8.455412e-02;4.941352e-02;1.678807e-02;2.945236e-02;5.003512e-02
1.793584e-01;9.754705e-02;1.880168e-01;4.312702e-02;2.557812e-02;2.589926e-02;9.119991e-02;1.126613e-01;5.723859e-02;2.841004e-02;6.740326e-02;8.356018e-02
1.910865e-01;1.338760e-01;1.284048e-01;3.471104e-02;4.090388e-02;3.325996e-02;9.385465e-02;6.987795e-02;6.470792e-02;5.010781e-02;8.815239e-02;7.105713e-02
3.089043e-01;1.629916e-01;1.334482e-01;1.898875e-02;5.338061e-02;2.200447e-02;5.862745e-02;4.270372e-02;4.266413e-02;3.671878e-02;5.094626e-02;6.862170e-02
3.951004e-01;1.586054e-01;1.289869e-01;2.123985e-02;6.665504e-02;9.111242e-03;4.127458e-02;4.178716e-02;2.651076e-02;2.318110e-02;3.106276e-02;5.648488e-02
4.552001e-01;1.772693e-01;1.302991e-01;1.388983e-02;7.503613e-02;9.557821e-03;2.421636e-02;3.020424e-02;1.506479e-02;1.358926e-02;1.353278e-02;4.214026e-02
5.042295e-01;2.083427e-01;9.472534e-02;6.243709e-03;7.041939e-02;9.067841e-03;2.179267e-02;2.297371e-02;1.474236e-02;6.804087e-03;9.570145e-03;3.108856e-02
5.024183e-01;2.442577e-01;6.927167e-02;5.534422e-03;7.230758e-02;6.982195e-03;2.004999e-02;2.650390e-02;1.002655e-02;7.469191e-03;9.188640e-03;2.598993e-02
4.619613e-01;2.786025e-01;8.261157e-02;6.627933e-03;7.582742e-02;4.556615e-03;1.733778e-02;2.763890e-02;9.150738e-03;7.264915e-03;7.925763e-03;2.049456e-02
4.196948e-01;3.011614e-01;9.516244e-02;7.088872e-03;8.361082e-02;5.982583e-03;1.650513e-02;2.564482e-02;1.246000e-02;7.778959e-03;9.378390e-03;1.553169e-02
3.847595e-01;3.152395e-01;1.059152e-01;9.208909e-03;7.490301e-02;6.012912e-03;2.714126e-02;2.139034e-02;1.765999e-02;1.511640e-02;9.406179e-03;1.324688e-02
3.743488e-01;3.239466e-01;1.125231e-01;1.122757e-02;4.699691e-02;6.354685e-03;3.539932e-02;1.976655e-02;2.931048e-02;2.351441e-02;7.303779e-03;9.307779e-03
3.784722e-01;3.275651e-01;1.213786e-01;1.674444e-02;2.084480e-02;4.696799e-03;2.702888e-02;1.857402e-02;3.842323e-02;2.550358e-02;6.418409e-03;1.434994e-02
3.187642e-01;3.062839e-01;1.983066e-01;1.961694e-02;1.971099e-02;6.600802e-03;2.373840e-02;2.177339e-02;3.184355e-02;2.194056e-02;7.631922e-03;2.378882e-02
2.085256e-01;3.329001e-01;2.178426e-01;2.938009e-02;3.027285e-02;1.042070e-02;4.201378e-02;3.078676e-02;2.947898e-02;2.232867e-02;1.687030e-02;2.917957e-02
2.090436e-01;3.471682e-01;1.930662e-01;2.649640e-02;3.303780e-02;1.494043e-02;4.932848e-02;3.169154e-02;1.970433e-02;2.451831e-02;2.081802e-02;3.018665e-02
2.757952e-01;3.086656e-01;2.347814e-01;2.563467e-02;2.365050e-02;1.130547e-02;2.746324e-02;9.527085e-03;3.929336e-02;1.398459e-02;1.046039e-02;1.943852e-02
2.148960e-01;3.282264e-01;2.883586e-01;3.459482e-02;1.903590e-02;1.204631e-02;1.541157e-02;1.032749e-02;5.099212e-02;9.476990e-03;3.654557e-03;1.297920e-02
1.803231e-01;3.550627e-01;3.158340e-01;3.435870e-02;1.606831e-02;1.276819e-02;8.735173e-03;9.779385e-03;4.235945e-02;7.468259e-03;4.842267e-03;1.240049e-02
2.262741e-01;3.479185e-01;2.937249e-01;2.919002e-02;1.219456e-02;1.174649e-02;1.028231e-02;8.155959e-03;2.471782e-02;1.129989e-02;6.614023e-03;1.788143e-02
2.983204e-01;3.111967e-01;2.376089e-01;1.866146e-02;1.895668e-02;9.093673e-03;1.334360e-02;1.838583e-02;2.344797e-02;1.680281e-02;9.759120e-03;2.442271e-02
3.072809e-01;2.937118e-01;1.638002e-01;1.231520e-02;3.332737e-02;8.674254e-03;2.105212e-02;4.095553e-02;3.908361e-02;2.257284e-02;2.016983e-02;3.705633e-02
1.595641e-01;3.046663e-01;1.545124e-01;2.339955e-02;4.793497e-02;2.078425e-02;6.116369e-02;6.196828e-02;4.884048e-02;2.838781e-02;3.302020e-02;5.575794e-02
2.748380e-01;2.089680e-01;1.806781e-01;2.934844e-02;4.076428e-02;1.937164e-02;7.455613e-02;2.227399e-02;3.655044e-02;2.674034e-02;2.878547e-02;5.712507e-02
2.578914e-01;1.813026e-01;1.778880e-01;3.231139e-02;3.150955e-02;1.735492e-02;9.438027e-02;3.474890e-02;3.168207e-02;4.434979e-02;3.427894e-02;6.230215e-02
7.963968e-02;1.963576e-01;2.827829e-01;3.723006e-02;3.388197e-02;1.940043e-02;9.439768e-02;8.115973e-02;2.957364e-02;5.427582e-02;3.568019e-02;5.562024e-02
1.597532e-01;1.929673e-01;3.539152e-01;2.594606e-02;3.080280e-02;1.505951e-02;3.939994e-02;6.121970e-02;3.182754e-02;3.428742e-02;2.208245e-02;3.273892e-02
1.307373e-01;2.140211e-01;4.387929e-01;3.191486e-02;2.092480e-02;1.624700e-02;2.320887e-02;2.872856e-02;4.757633e-02;1.801990e-02;1.042712e-02;1.940128e-02
9.305229e-02;2.357987e-01;4.868728e-01;3.720062e-02;1.311718e-02;1.551029e-02;1.485205e-02;1.407499e-02;5.296921e-02;1.507858e-02;6.179227e-03;1.529405e-02
1.885655e-01;2.241093e-01;4.154086e-01;3.014049e-02;9.974522e-03;1.218643e-02;1.314313e-02;1.211980e-02;4.290925e-02;2.126810e-02;8.120010e-03;2.205494e-02
2.568938e-01;2.119980e-01;3.376650e-01;2.458653e-02;1.546419e-02;1.469002e-02;1.970225e-02;1.833714e-02;3.659352e-02;2.461804e-02;1.257452e-02;2.687710e-02
2.701361e-01;1.990940e-01;2.670711e-01;2.705250e-02;2.566524e-02;2.196670e-02;3.589379e-02;2.269423e-02;3.688029e-02;3.432160e-02;2.663782e-02;3.258663e-02
2.148628e-01;2.147378e-01;2.112502e-01;3.652745e-02;4.006372e-02;3.587171e-02;6.705976e-02;1.900911e-02;4.396175e-02;5.030810e-02;3.951309e-02;2.683447e-02
2.309718e-01;2.237497e-01;1.873772e-01;4.363922e-02;4.179984e-02;3.416763e-02;7.840277e-02;2.254850e-02;3.801227e-02;4.527659e-02;2.997916e-02;2.407535e-02
2.562760e-01;1.822359e-01;1.827376e-01;4.253605e-02;4.374724e-02;2.661314e-02;8.384005e-02;3.844306e-02;4.478752e-02;3.653201e-02;3.028726e-02;3.196423e-02
2.294464e-01;1.182190e-01;2.286348e-01;3.821054e-02;4.548140e-02;2.962178e-02;9.746613e-02;5.192222e-02;5.517866e-02;3.130228e-02;3.512924e-02;3.938754e-02
1.772069e-01;8.154270e-02;3.212102e-01;4.589574e-02;4.704034e-02;2.535896e-02;9.236908e-02;4.859928e-02;5.922839e-02;3.922393e-02;2.819369e-02;3.413074e-02
1.399607e-01;1.012083e-01;3.864852e-01;5.862468e-02;4.209560e-02;2.181844e-02;4.627212e-02;3.878621e-02;3.986356e-02;5.466155e-02;3.007755e-02;4.014609e-02
1.241147e-01;8.752049e-02;3.147675e-01;5.262715e-02;5.200139e-02;3.298126e-02;6.810653e-02;5.256424e-02;5.741928e-02;6.049727e-02;3.918758e-02;5.821257e-02
1.108695e-01;6.594197e-02;3.085601e-01;4.465264e-02;6.374396e-02;5.985129e-02;1.160320e-01;3.904159e-02;4.422978e-02;5.841457e-02;3.635598e-02;5.230655e-02
7.748638e-02;9.925390e-02;3.582565e-01;5.913787e-02;6.171146e-02;5.184100e-02;1.195906e-01;2.323826e-02;5.398133e-02;4.977944e-02;1.883406e-02;2.688922e-02
8.322275e-02;1.489499e-01;3.654743e-01;5.065322e-02;4.849980e-02;3.969961e-02;9.252218e-02;9.386137e-03;8.601234e-02;4.336111e-02;1.291562e-02;1.930302e-02
1.404763e-01;2.018466e-01;3.015777e-01;3.582923e-02;2.724561e-02;2.181051e-02;5.137701e-02;3.590927e-02;1.094228e-01;3.819839e-02;1.504531e-02;2.126127e-02
2.522357e-01;2.111922e-01;2.202275e-01;2.148202e-02;2.919891e-02;1.796558e-02;2.355748e-02;6.656527e-02;8.495604e-02;3.355344e-02;1.842709e-02;2.063882e-02
3.464131e-01;1.562657e-01;1.904531e-01;1.533768e-02;4.944921e-02;1.391847e-02;2.491931e-02;9.201560e-02;3.730765e-02;2.606585e-02;2.593273e-02;2.192160e-02
3.832425e-01;1.369981e-01;1.309139e-01;1.215643e-02;6.545436e-02;9.675213e-03;3.698399e-02;1.132434e-01;3.730329e-02;1.544755e-02;3.138456e-02;2.719673e-02
3.673624e-01;1.176857e-01;1.302938e-01;1.676934e-02;7.442944e-02;1.532140e-02;3.716862e-02;1.166033e-01;4.822401e-02;1.691392e-02;2.930954e-02;2.991845e-02
3.464894e-01;1.145552e-01;1.844628e-01;2.940085e-02;6.727909e-02;1.431886e-02;3.666835e-02;1.077232e-01;2.320665e-02;2.283563e-02;2.510246e-02;2.795742e-02
3.195793e-01;1.310386e-01;2.112251e-01;3.433975e-02;5.773253e-02;1.031145e-02;3.225415e-02;9.267845e-02;4.771844e-02;2.269537e-02;1.769984e-02;2.272712e-02
3.069092e-01;1.541556e-01;2.271168e-01;2.450378e-02;5.259491e-02;1.144711e-02;3.198033e-02;8.068009e-02;4.332608e-02;2.715291e-02;1.451224e-02;2.562098e-02
2.450172e-01;1.660249e-01;2.444920e-01;2.508412e-02;5.567259e-02;1.691730e-02;5.425847e-02;7.557602e-02;2.639792e-02;3.292135e-02;2.366903e-02;3.396922e-02
1.335203e-01;1.635963e-01;2.733665e-01;3.227123e-02;6.650659e-02;2.081351e-02;7.463484e-02;7.970805e-02;3.094272e-02;4.640200e-02;4.420854e-02;3.402944e-02
1.704664e-01;1.763962e-01;2.183575e-01;2.628352e-02;8.432183e-02;1.656199e-02;6.490919e-02;6.371970e-02;3.289438e-02;4.737305e-02;6.293842e-02;3.577781e-02
2.897014e-01;1.756056e-01;1.609722e-01;2.320473e-02;9.341320e-02;1.685478e-02;3.854026e-02;5.473720e-02;2.743515e-02;2.686500e-02;6.091419e-02;3.175636e-02
3.258100e-01;1.530310e-01;1.514430e-01;2.449492e-02;9.291288e-02;1.784403e-02;2.673533e-02;5.122853e-02;4.607769e-02;3.210861e-02;4.445943e-02;3.385470e-02
2.715362e-01;1.189017e-01;1.046051e-01;3.433087e-02;9.805772e-02;5.395741e-02;6.921428e-02;6.233383e-02;5.646089e-02;5.797738e-02;3.503893e-02;3.758566e-02
1.887957e-01;8.393046e-02;8.476209e-02;5.005960e-02;9.615027e-02;8.358386e-02;1.382703e-01;4.840975e-02;6.398068e-02;8.048984e-02;2.853986e-02;5.302761e-02
1.569805e-01;5.298657e-02;1.116805e-01;5.471744e-02;8.485448e-02;7.679085e-02;1.653879e-01;5.152550e-02;8.108746e-02;7.644322e-02;3.294863e-02;5.459692e-02
1.378308e-01;4.480622e-02;1.447334e-01;5.382204e-02;6.892043e-02;7.006671e-02;1.389072e-01;8.090332e-02;1.042068e-01;9.109290e-02;2.727871e-02;3.743149e-02
1.010517e-01;7.006203e-02;1.255735e-01;6.839488e-02;5.927322e-02;8.657643e-02;9.549169e-02;8.865039e-02;1.634282e-01;8.393005e-02;2.571245e-02;3.185540e-02
1.133659e-01;7.118350e-02;1.264887e-01;6.790786e-02;5.029954e-02;8.626876e-02;1.120478e-01;8.422011e-02;1.852186e-01;5.929198e-02;1.510023e-02;2.860706e-02
1.701099e-01;6.033660e-02;1.355991e-01;5.450482e-02;6.450768e-02;6.426237e-02;1.210815e-01;7.400942e-02;1.350327e-01;6.778875e-02;1.546834e-02;3.729893e-02
2.340853e-01;9.475707e-02;1.560947e-01;3.358122e-02;6.117861e-02;4.683453e-02;9.113429e-02;7.116645e-02;6.393792e-02;5.963537e-02;2.773353e-02;5.986099e-02
2.930528e-01;1.415607e-01;1.077513e-01;3.343083e-02;5.515142e-02;4.908582e-02;4.599440e-02;6.547669e-02;6.607424e-02;3.997094e-02;3.308811e-02;6.936273e-02
3.114702e-01;1.681757e-01;5.564417e-02;2.804805e-02;5.200528e-02;4.943235e-02;3.788978e-02;7.255839e-02;5.686805e-02;5.240513e-02;4.793549e-02;6.756748e-02
2.911847e-01;1.624277e-01;9.162237e-02;2.820955e-02;5.454707e-02;4.516465e-02;6.007479e-02;8.527441e-02;4.871840e-02;5.059947e-02;2.947113e-02;5.270581e-02
2.759225e-01;1.261760e-01;1.113232e-01;3.027238e-02;5.805293e-02;5.131028e-02;6.181489e-02;8.940267e-02;6.435613e-02;5.556215e-02;3.216655e-02;4.364033e-02
1.902436e-01;6.187694e-02;1.150284e-01;4.763750e-02;5.466338e-02;5.925771e-02;7.542939e-02;8.061269e-02;1.292202e-01;9.000687e-02;5.296999e-02;4.305327e-02
1.080151e-01;4.011121e-02;9.932401e-02;8.912636e-02;6.736159e-02;7.025817e-02;8.539943e-02;8.313720e-02;1.477523e-01;1.085288e-01;4.902324e-02;5.196271e-02
5.941036e-02;9.188787e-02;1.772677e-01;7.241522e-02;5.004445e-02;5.528471e-02;1.011750e-01;8.122790e-02;1.527760e-01;8.650319e-02;3.493571e-02;3.707186e-02
4.905512e-02;1.279353e-01;1.980248e-01;5.005673e-02;4.339985e-02;4.633443e-02;9.389376e-02;5.381578e-02;1.853104e-01;8.907694e-02;3.780269e-02;2.529421e-02
7.575854e-02;1.799885e-01;1.754732e-01;2.764713e-02;4.675550e-02;3.388820e-02;5.884882e-02;2.306411e-02;2.476562e-01;8.789054e-02;2.855919e-02;1.447009e-02
1.466512e-01;1.766792e-01;1.034517e-01;1.488405e-02;8.731465e-02;2.137688e-02;3.218764e-02;9.214659e-02;2.263574e-01;6.599808e-02;2.136461e-02;1.158801e-02
1.871917e-01;9.416781e-02;7.607609e-02;4.483116e-02;1.344075e-01;2.165471e-02;5.038844e-02;1.529045e-01;1.339279e-01;4.457238e-02;2.350315e-02;3.637468e-02
1.368978e-01;3.770340e-02;4.900341e-02;1.275830e-01;1.118431e-01;1.926753e-02;9.701270e-02;1.353505e-01;8.807904e-02;6.439523e-02;2.582048e-02;1.070438e-01
5.993319e-02;3.108443e-02;2.474762e-02;2.126980e-01;3.964008e-02;1.753280e-02;1.713674e-01;6.234201e-02;6.512806e-02;9.663218e-02;2.036014e-02;1.985341e-01
3.451176e-02;3.417886e-02;3.198281e-02;2.002514e-01;1.161691e-02;1.751301e-02;2.079152e-01;5.618540e-02;3.739856e-02;1.147728e-01;2.175226e-02;2.319210e-01
2.577559e-02;2.738410e-02;3.436336e-02;1.551787e-01;1.728326e-02;2.005504e-02;2.123653e-01;7.627723e-02;5.152021e-02;1.204275e-01;2.615601e-02;2.332137e-01
2.928101e-02;2.765364e-02;3.594254e-02;1.027590e-01;2.777713e-02;3.787065e-02;1.944356e-01;5.421823e-02;7.150360e-02;1.204239e-01;7.296413e-02;2.251706e-01
2.578922e-02;2.349007e-02;3.286805e-02;5.502092e-02;6.038059e-02;8.057281e-02;1.533109e-01;5.005113e-02;1.223913e-01;1.202855e-01;1.252485e-01;1.505911e-01
1.681052e-02;2.808714e-02;7.519588e-02;4.741396e-02;8.417935e-02;1.090994e-01;1.162067e-01;5.696142e-02;1.813798e-01;9.360946e-02;1.126392e-01;7.841717e-02
4.109143e-02;3.397593e-02;9.223876e-02;4.495187e-02;1.030782e-01;1.055419e-01;1.126353e-01;5.228442e-02;1.672874e-01;8.735038e-02;8.165850e-02;7.790586e-02
4.835741e-02;2.658066e-02;6.023956e-02;6.988744e-02;1.118139e-01;9.624760e-02;1.470678e-01;6.279354e-02;1.021550e-01;8.720995e-02;7.087535e-02;1.167718e-01
3.871285e-02;2.807537e-02;4.184593e-02;1.075199e-01;6.444848e-02;7.379377e-02;1.764775e-01;6.386214e-02;8.218168e-02;8.169502e-02;1.355186e-01;1.058688e-01
3.594633e-02;2.372218e-02;3.913387e-02;1.464609e-01;6.719571e-02;3.786838e-02;1.224154e-01;7.157560e-02;1.068504e-01;8.816622e-02;1.558219e-01;1.048431e-01
4.991993e-02;1.993583e-02;4.275738e-02;1.624252e-01;8.425955e-02;4.738444e-02;7.761772e-02;1.086997e-01;7.028353e-02;8.102581e-02;1.485873e-01;1.071036e-01
5.015130e-02;3.815268e-02;6.002380e-02;1.133239e-01;8.013871e-02;4.955537e-02;1.130677e-01;1.113645e-01;1.045495e-01;8.047852e-02;1.098530e-01;8.934104e-02
3.461701e-02;4.621751e-02;4.194828e-02;6.974719e-02;8.021675e-02;5.005415e-02;1.326071e-01;1.188685e-01;9.843989e-02;1.374103e-01;7.541493e-02;1.144584e-01
3.746944e-02;4.780917e-02;3.668008e-02;7.406424e-02;7.277808e-02;3.462048e-02;1.135064e-01;1.143639e-01;6.263276e-02;1.609876e-01;9.383730e-02;1.512506e-01
3.975081e-02;5.337848e-02;4.961389e-02;8.004171e-02;8.241200e-02;3.405689e-02;1.287509e-01;7.367176e-02;8.559071e-02;1.252791e-01;7.475361e-02;1.727002e-01
4.543596e-02;5.671822e-02;3.408458e-02;1.114096e-01;7.029085e-02;5.584178e-02;1.679652e-01;5.073981e-02;1.035365e-01;6.438230e-02;9.066348e-02;1.489317e-01
3.846665e-02;6.000335e-02;4.418777e-02;1.022129e-01;4.002135e-02;4.965544e-02;1.885749e-01;4.074269e-02;8.140337e-02;1.259318e-01;1.298308e-01;9.896896e-02
3.494566e-02;5.281164e-02;4.757936e-02;5.983371e-02;2.564229e-02;2.616732e-02;1.410199e-01;7.499533e-02;9.214857e-02;1.334322e-01;6.962547e-02;2.417985e-01
3.769075e-02;4.044933e-02;5.382519e-02;6.205828e-02;3.637929e-02;4.751541e-02;1.104043e-01;7.348988e-02;8.629040e-02;9.058496e-02;6.552397e-02;2.957882e-01
4.317903e-02;4.517289e-02;4.892410e-02;5.737035e-02;5.342281e-02;6.013305e-02;1.238392e-01;6.548867e-02;8.755401e-02;7.124424e-02;8.276279e-02;2.609089e-01
6.184367e-02;4.145828e-02;5.589153e-02;5.510430e-02;6.848572e-02;6.306750e-02;1.383788e-01;5.283470e-02;8.825419e-02;5.934552e-02;8.377688e-02;2.315588e-01
5.630108e-02;4.084336e-02;6.257817e-02;6.244634e-02;6.983022e-02;6.542409e-02;1.373816e-01;6.479850e-02;1.097929e-01;9.181058e-02;5.808140e-02;1.807118e-01
7.919141e-02;3.367746e-02;7.333945e-02;7.290675e-02;4.932069e-02;7.078444e-02;1.153962e-01;6.670315e-02;9.536111e-02;1.356833e-01;6.743746e-02;1.401986e-01
7.674883e-02;4.408333e-02;5.536096e-02;9.494538e-02;4.549276e-02;7.644287e-02;1.124692e-01;3.136988e-02;1.045620e-01;1.551793e-01;6.289450e-02;1.404510e-01
6.429917e-02;8.621045e-02;1.233912e-01;1.215941e-01;4.986715e-02;6.520882e-02;8.828109e-02;3.167851e-02;8.736477e-02;1.334733e-01;5.235035e-02;9.628117e-02
7.243796e-02;8.950312e-02;1.452226e-01;1.300684e-01;5.873206e-02;4.676677e-02;1.279461e-01;3.917794e-02;7.146446e-02;9.234393e-02;6.655844e-02;5.977825e-02
5.902839e-02;6.276625e-02;1.377587e-01;1.053669e-01;8.007614e-02;6.881694e-02;1.147316e-01;6.482300e-02;8.449917e-02;1.039735e-01;8.449414e-02;3.366528e-02
3.107875e-02;8.261353e-02;2.020873e-01;9.953789e-02;8.552749e-02;6.026493e-02;1.039884e-01;6.242487e-02;5.752468e-02;8.565930e-02;9.554273e-02;3.375015e-02
7.058397e-02;1.134569e-01;3.800329e-01;8.450880e-02;6.383255e-02;4.303828e-02;9.737020e-02;3.309490e-02;2.439648e-02;3.502939e-02;2.757427e-02;2.708138e-02
1.000433e-01;1.520171e-01;4.365854e-01;5.579642e-02;5.068254e-02;2.832814e-02;7.439612e-02;1.324994e-02;3.779104e-02;2.122885e-02;1.580226e-02;1.407888e-02
1.594070e-01;2.141946e-01;4.143272e-01;3.544220e-02;2.958977e-02;2.133575e-02;3.930905e-02;9.955621e-03;3.920192e-02;1.274396e-02;1.026826e-02;1.422464e-02
2.514365e-01;2.540709e-01;3.245419e-01;1.875199e-02;1.489094e-02;1.201389e-02;1.445810e-02;2.026651e-02;3.981489e-02;1.474736e-02;1.071942e-02;2.428765e-02
2.813299e-01;2.327854e-01;2.520678e-01;2.100575e-02;3.234828e-02;9.639231e-03;3.215245e-02;2.210728e-02;3.584566e-02;2.069917e-02;2.074147e-02;3.927769e-02
1.456016e-01;2.061036e-01;2.198683e-01;5.321629e-02;4.972408e-02;1.680533e-02;7.917441e-02;4.169819e-02;3.481838e-02;3.349800e-02;4.132221e-02;7.816968e-02
1.590690e-01;1.476666e-01;1.604448e-01;8.813502e-02;3.374995e-02;3.326138e-02;1.142013e-01;4.473612e-02;2.415202e-02;3.795676e-02;5.895018e-02;9.767678e-02
1.348278e-01;1.374759e-01;2.304993e-01;9.447834e-02;1.722276e-02;2.361052e-02;7.482138e-02;4.193280e-02;2.841158e-02;4.305498e-02;6.996035e-02;1.037042e-01
2.022091e-01;9.240109e-02;1.922650e-01;9.703920e-02;2.816075e-02;2.270696e-02;7.077352e-02;3.363571e-02;3.266158e-02;5.767858e-02;6.712735e-02;1.033412e-01
2.545656e-01;5.910805e-02;1.933383e-01;9.038018e-02;3.675252e-02;3.091601e-02;8.362019e-02;3.396885e-02;2.534578e-02;5.025266e-02;4.939382e-02;9.235800e-02
2.110194e-01;8.934141e-02;1.911256e-01;8.514071e-02;5.095697e-02;5.756189e-02;8.933664e-02;3.689586e-02;5.342551e-02;4.430827e-02;3.716304e-02;5.372477e-02
1.749482e-01;1.281614e-01;1.684567e-01;6.767029e-02;5.577702e-02;5.593731e-02;1.180560e-01;6.909076e-02;8.077233e-02;2.927971e-02;1.920712e-02;3.264311e-02
2.138989e-01;1.103435e-01;1.134285e-01;3.508300e-02;7.191578e-02;3.985377e-02;1.128651e-01;1.394250e-01;1.007195e-01;2.356193e-02;9.667118e-03;2.923789e-02
2.700086e-01;6.857097e-02;7.320745e-02;2.095123e-02;1.068504e-01;2.985520e-02;6.727466e-02;2.111244e-01;8.430336e-02;3.056986e-02;1.150373e-02;2.578007e-02
2.825164e-01;5.185397e-02;9.899169e-02;1.937422e-02;1.208901e-01;2.504265e-02;4.189860e-02;2.336212e-01;4.373937e-02;3.671819e-02;1.526896e-02;3.008462e-02
2.833439e-01;3.882226e-02;1.163585e-01;2.284480e-02;8.960120e-02;2.037730e-02;5.172469e-02;2.166098e-01;6.063634e-02;3.949732e-02;2.198294e-02;3.820097e-02
3.034914e-01;6.228998e-02;1.173507e-01;2.760774e-02;7.729923e-02;1.847180e-02;5.189520e-02;1.703612e-01;4.779181e-02;4.325261e-02;3.265850e-02;4.752992e-02
2.726364e-01;6.808282e-02;8.580182e-02;4.017150e-02;6.632724e-02;3.208440e-02;8.834253e-02;1.108679e-01;8.308430e-02;6.308689e-02;3.422651e-02;5.528767e-02
2.548615e-01;6.511133e-02;6.618307e-02;4.897721e-02;4.787834e-02;4.592947e-02;1.002008e-01;8.237194e-02;8.705383e-02;7.861602e-02;3.990328e-02;8.291311e-02
1.997641e-01;3.755817e-02;6.973925e-02;9.220594e-02;1.968473e-02;4.419831e-02;1.351988e-01;8.216876e-02;6.606314e-02;9.530286e-02;3.395208e-02;1.241639e-01
1.300308e-01;3.578123e-02;5.093307e-02;1.307301e-01;2.510568e-02;2.624018e-02;1.942355e-01;1.036341e-01;4.670964e-02;7.319615e-02;3.551581e-02;1.478877e-01
8.346976e-02;5.491914e-02;5.494227e-02;1.322485e-01;2.742407e-02;2.221805e-02;2.200022e-01;1.038498e-01;3.960796e-02;5.308093e-02;4.264020e-02;1.655972e-01
7.115196e-02;6.654893e-02;5.148015e-02;1.237455e-01;2.794467e-02;2.496785e-02;2.175094e-01;8.832932e-02;6.153795e-02;6.523649e-02;4.135726e-02;1.601905e-01
4.267478e-02;6.117911e-02;9.205474e-02;9.592014e-02;4.365322e-02;4.672994e-02;1.570772e-01;4.659040e-02;1.220190e-01;7.066409e-02;8.661844e-02;1.348189e-01
6.086128e-02;4.190135e-02;1.183052e-01;3.242243e-02;4.828721e-02;7.717562e-02;8.891734e-02;4.610128e-02;1.916851e-01;8.664390e-02;1.400032e-01;6.769604e-02
5.674451e-02;3.546160e-02;1.297627e-01;3.595936e-02;3.066860e-02;8.927442e-02;7.164495e-02;5.404013e-02;2.254201e-01;9.408964e-02;1.213502e-01;5.558374e-02
7.094833e-02;3.252817e-02;1.506485e-01;3.530421e-02;2.771342e-02;8.146200e-02;7.871879e-02;3.796937e-02;2.537102e-01;7.818028e-02;9.485068e-02;5.796610e-02
7.054525e-02;3.282542e-02;1.379998e-01;4.015249e-02;2.731082e-02;6.792980e-02;9.668061e-02;3.121202e-02;2.387993e-01;7.445430e-02;1.024128e-01;7.967732e-02
4.609656e-02;3.295465e-02;1.296535e-01;4.685787e-02;3.954862e-02;6.395687e-02;9.157734e-02;5.468668e-02;2.498737e-01;7.763189e-02;1.163143e-01;5.084802e-02
4.886574e-02;2.201470e-02;1.287505e-01;4.132973e-02;4.773346e-02;6.901842e-02;9.119359e-02;5.672397e-02;2.337503e-01;5.760544e-02;1.326372e-01;7.037697e-02
7.170037e-02;2.876977e-02;1.476612e-01;3.270187e-02;7.112943e-02;7.718501e-02;7.790171e-02;3.823720e-02;2.005045e-01;6.512681e-02;1.100126e-01;7.906954e-02
6.736801e-02;4.148347e-02;1.628869e-01;2.803026e-02;7.476401e-02;8.009571e-02;6.725939e-02;3.769198e-02;1.926946e-01;8.739468e-02;1.094252e-01;5.090579e-02
7.211256e-02;4.442809e-02;1.645124e-01;4.403102e-02;7.216392e-02;7.744653e-02;5.938217e-02;3.589323e-02;1.798477e-01;7.649449e-02;1.201428e-01;5.354520e-02
7.000767e-02;7.263641e-02;1.703708e-01;5.410473e-02;6.712355e-02;6.324144e-02;8.445528e-02;3.212871e-02;1.627741e-01;5.237961e-02;1.251427e-01;4.563499e-02
8.360915e-02;6.866024e-02;1.761882e-01;4.835310e-02;5.696842e-02;6.337000e-02;7.022580e-02;4.236965e-02;1.498624e-01;5.377728e-02;1.337817e-01;5.283409e-02
6.749960e-02;4.578225e-02;1.868823e-01;4.433567e-02;5.699548e-02;7.596079e-02;6.434289e-02;5.575847e-02;1.091019e-01;9.418724e-02;1.252451e-01;7.390827e-02
6.188762e-02;8.117945e-02;1.973132e-01;4.773808e-02;5.507410e-02;6.510335e-02;1.220828e-01;6.991229e-02;6.347506e-02;1.071383e-01;7.782146e-02;5.127434e-02
8.271483e-02;9.782378e-02;1.641077e-01;3.274817e-02;6.222619e-02;8.312756e-02;1.420399e-01;6.453987e-02;4.079347e-02;9.927445e-02;4.245736e-02;8.814678e-02
8.869366e-02;1.091805e-01;1.758571e-01;3.310429e-02;6.017618e-02;9.324452e-02;1.165555e-01;5.702227e-02;5.222405e-02;6.396891e-02;8.093926e-02;6.903376e-02
8.570873e-02;8.720898e-02;1.769217e-01;4.009155e-02;5.829215e-02;1.081969e-01;1.167619e-01;5.526046e-02;5.993219e-02;5.427765e-02;1.003777e-01;5.697012e-02
7.882074e-02;5.852229e-02;1.020929e-01;5.111767e-02;8.562966e-02;1.300406e-01;9.985533e-02;6.828927e-02;6.793173e-02;8.321366e-02;1.130563e-01;6.142985e-02
9.773146e-02;6.073957e-02;6.898937e-02;5.998454e-02;1.064030e-01;1.211917e-01;7.303941e-02;6.587889e-02;7.453155e-02;1.157903e-01;1.007739e-01;5.494629e-02
8.202642e-02;5.751280e-02;7.043725e-02;5.393075e-02;1.202649e-01;1.057988e-01;8.713412e-02;5.169708e-02;7.972278e-02;1.565462e-01;8.241530e-02;5.251361e-02
3.843563e-02;3.835496e-02;6.354702e-02;4.937401e-02;1.644144e-01;7.037631e-02;9.357645e-02;3.394243e-02;8.112715e-02;1.983901e-01;1.240337e-01;4.442782e-02
4.919961e-02;2.548115e-02;6.310067e-02;3.507494e-02;1.578682e-01;5.340002e-02;1.007466e-01;6.006371e-02;7.355626e-02;2.103669e-01;1.359179e-01;3.522403e-02
5.418789e-02;3.748972e-02;8.947036e-02;3.232862e-02;1.538668e-01;4.504269e-02;7.431155e-02;6.068505e-02;5.264554e-02;2.297264e-01;1.359555e-01;3.428984e-02
5.300735e-02;3.066643e-02;9.553375e-02;2.533731e-02;1.551605e-01;6.100243e-02;8.891407e-02;4.221510e-02;6.216086e-02;2.395269e-01;1.153061e-01;3.116923e-02
5.923149e-02;3.817991e-02;9.864690e-02;4.666196e-02;1.417286e-01;7.532983e-02;8.744406e-02;5.798557e-02;6.359597e-02;2.111081e-01;8.598067e-02;3.410684e-02
7.294793e-02;6.420776e-02;1.044198e-01;4.666857e-02;1.003801e-01;1.036195e-01;1.250996e-01;7.091146e-02;6.456205e-02;1.426069e-01;7.080770e-02;3.376862e-02
6.742488e-02;8.521138e-02;1.071942e-01;6.418671e-02;1.055205e-01;9.806512e-02;1.257181e-01;5.719056e-02;6.503491e-02;1.274587e-01;6.582408e-02;3.117095e-02
6.383449e-02;9.394090e-02;8.254112e-02;1.034511e-01;1.393939e-01;7.740487e-02;9.086680e-02;3.372862e-02;8.778421e-02;1.485890e-01;5.950272e-02;1.896228e-02
7.461774e-02;6.386197e-02;9.982286e-02;8.176463e-02;1.234798e-01;4.621738e-02;9.676297e-02;3.440665e-02;1.157341e-01;1.733448e-01;5.858431e-02;3.140277e-02
8.081308e-02;6.795910e-02;1.251094e-01;4.994116e-02;1.013262e-01;3.994752e-02;1.143301e-01;6.229805e-02;1.211052e-01;1.448974e-01;3.916231e-02;5.311050e-02
7.699813e-02;9.866100e-02;1.051238e-01;8.429807e-02;1.031618e-01;5.784310e-02;8.754926e-02;7.390632e-02;9.931933e-02;9.078041e-02;5.642423e-02;6.593450e-02
7.200348e-02;9.531161e-02;1.193610e-01;1.002043e-01;1.029031e-01;5.459253e-02;9.156980e-02;6.429127e-02;7.924746e-02;9.119727e-02;8.151166e-02;4.780655e-02
1.163992e-01;1.091635e-01;1.116837e-01;7.336040e-02;7.522181e-02;4.624814e-02;9.996885e-02;3.979104e-02;1.158599e-01;7.810386e-02;7.675364e-02;5.744600e-02
9.311102e-02;9.833234e-02;9.056627e-02;5.270914e-02;8.204997e-02;5.654147e-02;7.235959e-02;4.962368e-02;1.745533e-01;1.328608e-01;6.361867e-02;3.367375e-02
