9.800286e-02;7.238655e-02;9.404565e-02;9.516552e-02;1.055304e-01;7.894482e-02;1.059281e-01;6.393125e-02;1.141550e-01;6.956071e-02;3.838869e-02;6.396059e-02
7.653084e-02;7.444182e-02;1.562385e-01;6.118441e-02;7.776327e-02;3.628169e-02;1.201902e-01;6.994192e-02;1.491800e-01;7.361635e-02;3.956064e-02;6.507048e-02
1.322472e-01;7.029364e-02;9.846506e-02;2.216063e-02;3.733300e-02;4.826457e-02;2.301200e-01;1.007525e-01;1.275955e-01;6.804183e-02;3.026147e-02;3.446460e-02
1.414202e-01;5.652682e-02;7.047498e-02;2.142136e-02;3.389534e-02;6.517727e-02;2.686861e-01;1.110106e-01;1.089146e-01;7.086637e-02;2.050253e-02;3.110378e-02
1.643094e-01;5.591054e-02;3.582266e-02;1.983099e-02;5.645045e-02;8.857261e-02;2.684924e-01;1.135658e-01;7.206048e-02;7.581235e-02;1.453831e-02;3.463401e-02
1.536883e-01;4.143172e-02;4.130009e-02;2.704630e-02;9.347374e-02;9.141953e-02;1.638471e-01;6.104604e-02;1.705884e-01;7.150828e-02;2.118308e-02;6.346743e-02
8.662578e-02;2.641123e-02;7.706758e-02;4.210667e-02;1.098776e-01;5.280547e-02;7.177565e-02;5.395301e-02;3.166887e-01;3.533031e-02;3.782845e-02;8.952954e-02
3.242905e-02;2.869629e-02;1.168943e-01;5.624540e-02;8.152035e-02;1.976382e-02;4.700963e-02;1.709499e-01;3.031469e-01;1.519780e-02;6.674157e-02;6.140503e-02
1.419545e-02;2.414920e-02;1.546471e-01;5.633447e-02;5.608110e-02;1.661664e-02;4.313793e-02;2.376687e-01;2.701501e-01;2.398080e-02;7.403802e-02;2.900043e-02
1.278337e-02;1.901574e-02;1.730633e-01;4.919308e-02;4.467066e-02;1.845231e-02;7.459173e-02;2.282362e-01;2.114749e-01;7.855717e-02;6.356267e-02;2.639894e-02
1.583962e-02;1.610062e-02;2.157139e-01;5.076463e-02;3.816500e-02;1.845007e-02;9.783191e-02;1.913701e-01;1.183395e-01;1.261319e-01;7.703129e-02;3.426138e-02
4.739510e-02;3.743732e-02;3.225114e-01;6.234654e-02;4.203362e-02;1.218041e-02;4.774424e-02;1.469370e-01;6.657660e-02;1.130158e-01;6.296075e-02;3.886123e-02
4.888817e-02;2.722908e-02;3.995565e-01;6.676288e-02;5.419841e-02;1.943309e-02;9.467781e-02;1.118939e-01;9.923130e-02;3.010774e-02;2.382929e-02;2.419183e-02
3.584467e-02;3.227216e-02;4.475103e-01;7.333624e-02;7.745663e-02;3.070385e-02;7.459922e-02;7.808076e-02;7.503270e-02;2.320060e-02;3.378241e-02;1.818042e-02
3.708988e-02;4.850008e-02;3.154741e-01;7.566336e-02;7.254681e-02;6.743755e-02;9.261125e-02;8.713903e-02;6.602696e-02;4.582948e-02;5.525190e-02;3.642966e-02
4.453192e-02;5.696281e-02;1.761180e-01;6.908090e-02;7.136290e-02;8.937989e-02;1.141455e-01;1.410238e-01;1.020555e-01;5.040887e-02;4.533949e-02;3.959044e-02
8.755850e-02;6.173317e-02;1.927560e-01;5.377733e-02;7.163689e-02;8.713935e-02;1.105475e-01;1.399810e-01;7.590555e-02;3.489368e-02;4.473076e-02;3.934040e-02
1.285561e-01;5.897845e-02;1.719920e-01;8.727288e-02;8.136760e-02;6.557173e-02;8.894627e-02;9.456116e-02;5.310047e-02;5.042013e-02;8.199590e-02;3.723729e-02
1.138730e-01;7.958494e-02;1.499525e-01;1.175785e-01;1.028915e-01;6.808040e-02;4.414424e-02;1.106912e-01;5.326714e-02;2.845451e-02;9.536427e-02;3.611780e-02
5.692945e-02;7.827955e-02;9.531228e-02;1.201946e-01;1.320997e-01;8.279420e-02;3.494555e-02;1.553905e-01;9.095751e-02;3.496188e-02;8.394752e-02;3.418719e-02
1.279195e-02;6.975961e-02;7.016706e-02;1.086871e-01;1.371781e-01;8.794018e-02;3.612737e-02;2.061525e-01;1.440322e-01;4.829400e-02;6.043925e-02;1.843074e-02
1.653855e-02;6.559435e-02;5.477019e-02;8.931657e-02;1.134025e-01;6.206350e-02;6.663263e-02;2.169574e-01;2.043043e-01;4.408921e-02;3.833448e-02;2.799626e-02
1.478258e-02;4.803130e-02;5.632542e-02;5.179740e-02;1.162732e-01;3.516461e-02;8.953626e-02;1.403867e-01;3.184289e-01;3.331342e-02;1.854004e-02;7.742020e-02
1.459353e-02;2.397560e-02;7.285199e-02;2.812112e-02;1.311045e-01;2.412901e-02;1.083599e-01;5.533390e-02;3.983373e-01;1.654858e-02;1.292397e-02;1.137206e-01
2.117959e-02;1.146509e-02;9.902129e-02;2.320412e-02;1.238682e-01;2.086551e-02;1.098929e-01;3.568478e-02;4.148336e-01;1.816974e-02;7.615479e-03;1.141998e-01
2.982164e-02;8.651156e-03;1.321803e-01;2.198116e-02;1.085903e-01;3.124733e-02;1.024243e-01;2.426316e-02;4.082566e-01;2.005564e-02;9.361777e-03;1.031667e-01
6.390831e-02;1.385785e-02;1.428582e-01;1.363433e-02;8.105641e-02;6.917825e-02;7.473704e-02;6.072723e-02;3.358154e-01;5.482678e-02;1.398592e-02;7.541431e-02
1.086708e-01;1.682792e-02;1.114219e-01;3.136092e-02;5.111023e-02;1.369560e-01;4.888781e-02;1.214201e-01;1.959845e-01;1.171678e-01;1.349115e-02;4.670082e-02
1.089467e-01;1.911696e-02;5.621933e-02;6.627508e-02;3.206274e-02;1.833746e-01;7.286026e-02;1.527013e-01;8.252398e-02;1.862731e-01;1.236551e-02;2.728046e-02
6.735514e-02;4.204859e-02;2.247527e-02;7.022396e-02;2.521050e-02;1.812225e-01;1.544152e-01;1.170907e-01;7.002739e-02;2.024238e-01;3.011260e-02;1.739440e-02
3.246943e-02;7.425398e-02;1.306485e-02;3.745052e-02;2.954957e-02;1.547109e-01;2.777615e-01;7.033101e-02;9.576558e-02;1.478249e-01;5.690420e-02;9.913516e-03
4.678784e-02;8.910738e-02;2.972406e-02;8.985898e-03;4.382988e-02;1.382709e-01;3.418925e-01;6.321049e-02;1.052758e-01;7.178333e-02;5.739309e-02;3.738902e-03
5.074960e-02;8.864197e-02;5.629016e-02;6.380161e-03;5.320706e-02;1.286814e-01;3.482107e-01;6.309388e-02;1.156057e-01;3.244645e-02;4.387042e-02;1.282249e-02
4.649214e-02;7.715111e-02;9.105888e-02;1.899855e-02;5.562342e-02;1.069067e-01;3.409549e-01;7.151281e-02;9.793298e-02;5.009661e-02;1.958865e-02;2.368324e-02
8.477640e-02;6.335683e-02;1.070145e-01;4.222834e-02;5.669729e-02;7.732605e-02;2.879832e-01;7.808277e-02;8.200549e-02;4.063988e-02;4.559399e-02;3.429523e-02
8.903568e-02;5.749627e-02;7.808571e-02;3.542072e-02;4.051685e-02;1.307037e-01;2.211927e-01;6.665439e-02;1.179703e-01;5.004159e-02;5.885020e-02;5.403198e-02
4.132222e-02;4.008737e-02;5.766739e-02;3.461579e-02;3.998937e-02;1.428681e-01;2.604069e-01;4.636825e-02;1.540205e-01;7.547196e-02;5.486042e-02;5.232175e-02
3.901244e-02;2.139570e-02;5.371613e-02;3.015551e-02;2.805491e-02;1.210356e-01;2.811466e-01;7.497290e-02;1.739142e-01;9.652898e-02;4.808426e-02;3.198272e-02
5.932792e-02;6.261979e-02;7.211179e-02;3.783694e-02;4.729634e-02;8.890200e-02;2.710941e-01;8.559762e-02;1.423648e-01;6.737677e-02;3.866586e-02;2.680611e-02
4.599127e-02;1.142087e-01;1.136653e-01;7.758284e-02;7.233572e-02;6.512821e-02;1.860981e-01;1.173206e-01;8.115396e-02;6.285243e-02;2.200848e-02;4.165430e-02
9.779272e-02;1.234168e-01;1.496648e-01;6.195830e-02;6.664874e-02;5.394418e-02;1.565189e-01;9.265666e-02;5.799996e-02;5.386699e-02;4.224970e-02;4.328218e-02
1.476105e-01;8.013305e-02;1.669934e-01;6.464129e-02;5.099736e-02;3.218054e-02;1.519234e-01;8.165461e-02;6.001683e-02;7.397211e-02;5.693902e-02;3.293789e-02
1.558632e-01;4.211168e-02;1.353937e-01;7.466628e-02;3.701821e-02;3.523120e-02;1.685606e-01;7.809836e-02;9.221236e-02;1.036486e-01;5.699898e-02;2.019680e-02
1.542565e-01;3.279153e-02;1.122409e-01;8.701511e-02;2.756150e-02;3.292928e-02;1.394717e-01;7.200319e-02;1.368409e-01;1.266187e-01;6.179859e-02;1.647224e-02
1.032968e-01;5.148746e-02;1.305576e-01;8.718853e-02;2.571957e-02;2.596018e-02;1.582256e-01;8.320890e-02;1.489222e-01;9.904127e-02;5.622026e-02;3.017170e-02
6.759482e-02;8.115795e-02;1.307651e-01;5.694180e-02;2.877608e-02;3.376307e-02;2.206191e-01;1.043370e-01;1.200583e-01;7.618948e-02;3.758525e-02;4.221208e-02
8.980778e-02;9.373783e-02;1.324868e-01;2.491806e-02;3.497880e-02;4.209273e-02;2.679783e-01;9.666092e-02;8.775797e-02;5.797830e-02;3.155827e-02;4.004415e-02
1.213183e-01;1.089928e-01;1.243812e-01;2.653014e-02;4.402679e-02;5.722144e-02;2.592079e-01;5.704724e-02;6.213395e-02;5.861393e-02;3.873304e-02;4.179325e-02
1.349052e-01;9.548249e-02;1.424067e-01;4.420814e-02;5.914084e-02;6.816251e-02;1.849962e-01;3.667386e-02;5.166308e-02;7.100438e-02;5.105399e-02;6.030262e-02
1.276737e-01;6.622766e-02;1.260286e-01;6.675706e-02;4.078325e-02;5.713933e-02;1.473056e-01;8.095797e-02;6.856709e-02;8.575809e-02;6.920659e-02;6.359512e-02
1.077620e-01;8.743405e-02;1.070083e-01;6.441916e-02;8.207622e-02;5.833670e-02;1.439626e-01;8.440921e-02;8.298325e-02;6.995951e-02;6.764677e-02;4.400232e-02
9.232511e-02;7.850240e-02;7.815095e-02;3.800535e-02;1.151232e-01;7.576550e-02;1.414913e-01;6.698978e-02;9.490200e-02;1.016505e-01;5.228326e-02;6.481060e-02
7.902674e-02;8.479017e-02;6.721234e-02;3.375628e-02;9.966736e-02;6.583395e-02;1.212671e-01;6.636059e-02;1.134130e-01;1.129043e-01;5.687936e-02;9.888877e-02
8.809742e-02;1.320546e-01;7.583999e-02;4.630861e-02;8.061461e-02;7.432201e-02;1.055924e-01;3.498143e-02;8.464793e-02;1.107632e-01;6.249362e-02;1.042842e-01
8.201759e-02;1.517462e-01;7.449190e-02;5.798427e-02;5.896695e-02;8.338355e-02;1.317084e-01;4.161790e-02;7.951165e-02;1.033914e-01;5.867144e-02;7.650883e-02
1.036919e-01;1.104389e-01;6.928746e-02;6.415857e-02;6.127483e-02;8.891349e-02;1.505858e-01;4.261090e-02;1.086158e-01;8.979782e-02;5.676106e-02;5.386341e-02
1.327359e-01;6.020937e-02;7.694797e-02;6.845530e-02;3.043218e-02;9.241676e-02;1.906281e-01;6.593954e-02;8.912589e-02;8.067777e-02;7.478066e-02;3.765059e-02
1.109145e-01;5.577717e-02;6.445562e-02;4.672313e-02;4.517064e-02;9.238098e-02;1.152906e-01;1.139089e-01;1.103836e-01;1.168902e-01;7.094900e-02;5.715570e-02
1.242766e-01;6.955615e-02;5.819281e-02;4.539677e-02;4.329655e-02;6.885354e-02;9.617267e-02;1.189242e-01;1.357449e-01;1.027647e-01;6.958664e-02;6.723444e-02
1.372554e-01;8.976232e-02;7.397798e-02;5.532277e-02;7.251752e-02;7.003974e-02;9.188270e-02;9.151051e-02;1.044803e-01;5.487549e-02;8.362375e-02;7.475147e-02
1.196144e-01;7.318114e-02;9.027010e-02;8.688444e-02;1.008751e-01;8.876710e-02;1.298639e-01;6.512466e-02;7.005276e-02;7.012636e-02;5.207360e-02;5.316645e-02
9.920738e-02;9.812887e-02;1.100919e-01;8.438934e-02;8.280705e-02;7.381452e-02;1.220171e-01;6.829318e-02;9.027979e-02;6.279283e-02;5.806269e-02;5.011527e-02
7.520283e-02;9.496079e-02;1.179183e-01;8.875786e-02;7.009240e-02;6.505980e-02;1.606272e-01;8.840943e-02;8.808337e-02;5.204887e-02;6.168095e-02;3.715819e-02
7.037827e-02;5.460740e-02;1.368013e-01;8.992150e-02;6.731153e-02;8.513039e-02;1.471743e-01;1.157426e-01;1.470358e-01;2.661435e-02;3.271616e-02;2.656646e-02
5.555054e-02;3.155329e-02;1.275078e-01;1.118767e-01;6.633639e-02;9.585423e-02;1.195970e-01;7.415272e-02;2.304501e-01;3.879882e-02;2.043486e-02;2.788747e-02
2.975172e-02;1.899706e-02;1.371591e-01;1.148135e-01;5.028822e-02;1.173021e-01;6.349424e-02;8.485456e-02;2.954909e-01;3.004997e-02;1.483815e-02;4.296053e-02
6.728897e-03;1.562303e-02;1.721315e-01;6.682472e-02;1.749157e-02;1.373177e-01;4.060754e-02;2.062992e-01;2.325169e-01;1.552823e-02;1.237772e-02;7.655294e-02
7.135396e-03;1.671179e-02;1.956619e-01;2.838825e-02;2.104096e-02;1.093689e-01;7.140373e-02;2.922716e-01;1.231100e-01;1.892705e-02;1.458729e-02;1.013930e-01
8.918609e-03;3.669176e-02;1.684023e-01;1.035732e-02;6.209780e-02;5.532736e-02;1.419789e-01;3.095459e-01;4.172498e-02;1.954322e-02;4.467075e-02;1.007411e-01
1.917493e-02;7.322590e-02;9.459908e-02;1.924844e-02;9.545737e-02;3.072349e-02;2.529164e-01;2.314468e-01;1.375878e-02;1.930243e-02;7.939053e-02;7.075583e-02
4.120260e-02;8.847085e-02;3.808078e-02;3.571093e-02;9.474338e-02;6.335620e-02;3.014006e-01;1.600368e-01;1.645706e-02;3.887001e-02;7.553796e-02;4.613278e-02
7.090972e-02;7.627340e-02;3.720139e-02;5.728571e-02;9.386904e-02;1.004140e-01;2.524916e-01;1.274545e-01;3.872685e-02;6.603437e-02;3.605497e-02;4.328443e-02
6.600326e-02;4.257727e-02;7.452924e-02;6.554013e-02;8.224838e-02;1.177705e-01;2.316058e-01;1.387278e-01;3.122025e-02;7.881253e-02;1.485051e-02;5.611438e-02
3.532946e-02;6.250157e-02;1.268445e-01;6.884361e-02;8.040140e-02;6.809004e-02;2.023916e-01;1.737039e-01;4.154898e-02;6.366031e-02;1.993259e-02;5.675207e-02
1.979463e-02;1.055596e-01;1.116083e-01;3.054541e-02;1.001460e-01;9.996409e-02;2.006544e-01;1.667499e-01;4.375956e-02;5.516881e-02;2.525232e-02;4.079692e-02
3.877850e-02;8.447476e-02;3.993389e-02;5.018940e-02;4.689937e-02;6.245699e-02;2.321759e-01;1.718930e-01;9.246269e-02;4.351025e-02;8.668265e-02;5.054256e-02
5.214682e-02;6.699486e-02;3.686764e-02;5.520032e-02;4.770166e-02;5.360624e-02;2.186576e-01;1.852423e-01;9.319142e-02;5.326274e-02;8.422507e-02;5.290337e-02
7.246532e-02;5.213713e-02;7.295835e-02;5.227577e-02;7.775241e-02;7.115142e-02;2.097137e-01;1.474489e-01;7.775006e-02;5.903124e-02;5.314730e-02;5.416838e-02
7.996462e-02;5.757476e-02;8.997221e-02;3.139478e-02;8.744678e-02;5.436580e-02;2.122844e-01;1.152394e-01;7.885127e-02;5.238446e-02;4.794251e-02;9.257899e-02
6.607007e-02;5.010929e-02;9.223980e-02;1.976213e-02;1.059432e-01;4.557738e-02;2.081493e-01;1.051759e-01;8.913815e-02;3.152699e-02;7.090519e-02;1.154027e-01
7.747106e-02;3.786632e-02;1.299632e-01;2.352695e-02;7.400610e-02;8.842142e-02;1.231057e-01;1.177185e-01;4.051729e-02;7.837456e-02;1.138206e-01;9.520821e-02
4.988331e-02;5.034875e-02;1.143587e-01;2.551517e-02;9.324831e-02;7.649495e-02;1.862032e-01;1.101219e-01;8.701327e-02;3.281586e-02;8.880156e-02;8.519495e-02
6.196865e-02;5.260263e-02;9.921157e-02;3.891061e-02;9.840472e-02;5.962230e-02;2.254223e-01;5.748709e-02;7.723619e-02;7.285300e-02;8.660116e-02;6.967982e-02
6.528484e-02;5.357588e-02;9.121469e-02;3.432566e-02;5.366952e-02;5.975670e-02;2.953726e-01;1.175885e-01;5.908542e-02;7.315402e-02;5.095512e-02;4.601705e-02
4.043821e-02;5.055429e-02;1.747330e-01;5.599305e-02;6.702108e-02;4.720996e-02;2.071507e-01;6.951095e-02;1.076358e-01;7.271023e-02;6.551550e-02;4.152729e-02
6.117725e-02;4.685391e-02;2.151584e-01;6.081333e-02;4.748016e-02;3.448864e-02;1.336741e-01;8.227992e-02;1.200996e-01;8.944409e-02;8.633050e-02;2.220011e-02
5.880957e-02;7.626024e-02;2.417693e-01;4.344563e-02;3.199742e-02;3.004916e-02;1.400860e-01;9.670556e-02;8.812848e-02;6.095794e-02;7.164821e-02;6.014251e-02
3.210975e-02;9.149330e-02;2.977622e-01;2.054769e-02;1.901684e-02;2.294403e-02;1.533872e-01;1.064668e-01;5.001157e-02;3.442265e-02;4.641496e-02;1.254229e-01
1.168436e-02;9.826104e-02;3.218004e-01;9.881115e-03;1.117804e-02;1.144569e-02;1.453522e-01;8.913355e-02;2.246013e-02;1.331814e-02;7.575896e-02;1.897263e-01
1.061856e-02;1.118014e-01;3.096455e-01;6.152605e-03;1.248219e-02;6.137563e-03;1.718218e-01;6.401154e-02;1.375531e-02;6.847734e-03;1.092962e-01;1.774295e-01
2.122736e-02;1.409841e-01;2.990401e-01;6.417239e-03;1.754597e-02;6.858048e-03;1.940065e-01;5.497251e-02;1.145332e-02;7.792856e-03;1.319597e-01;1.077424e-01
2.754335e-02;1.653675e-01;2.827733e-01;6.258023e-03;2.512761e-02;7.429285e-03;2.211381e-01;5.429694e-02;8.709649e-03;7.382273e-03;1.482949e-01;4.567902e-02
3.185281e-02;1.932247e-01;2.372585e-01;2.764512e-03;2.940596e-02;9.590750e-03;2.578882e-01;4.713392e-02;1.004514e-02;8.862202e-03;1.506874e-01;2.128583e-02
4.203936e-02;2.264577e-01;1.920167e-01;6.082095e-03;2.850666e-02;1.232246e-02;2.871996e-01;3.530193e-02;8.643566e-03;8.325483e-03;1.481248e-01;4.979687e-03
5.575655e-02;2.531529e-01;1.477512e-01;2.604308e-03;2.642527e-02;1.359589e-02;3.108410e-01;2.336550e-02;1.202902e-02;1.177468e-02;1.374062e-01;5.297391e-03
7.122475e-02;2.543485e-01;1.172110e-01;4.448279e-03;2.492006e-02;1.877727e-02;3.257569e-01;2.642878e-02;1.861721e-02;1.330806e-02;1.159721e-01;8.987106e-03
7.183640e-02;2.509122e-01;7.839246e-02;4.769124e-03;2.538741e-02;2.830267e-02;3.612156e-01;2.527365e-02;3.241415e-02;1.637433e-02;9.465766e-02;1.046428e-02
7.682560e-02;2.540831e-01;2.981696e-02;4.682762e-03;2.491287e-02;4.139248e-02;4.084172e-01;1.946458e-02;4.205050e-02;2.099120e-02;7.104316e-02;6.319584e-03
9.569643e-02;2.472711e-01;2.507458e-02;1.171275e-02;2.740660e-02;5.724684e-02;4.066156e-01;1.440160e-02;3.097207e-02;2.917754e-02;4.816486e-02;6.260131e-03
1.235686e-01;2.374156e-01;2.004979e-02;1.705772e-02;3.173639e-02;7.393532e-02;3.899425e-01;8.227947e-03;1.441112e-02;4.149758e-02;3.477985e-02;7.377599e-03
1.637924e-01;2.137531e-01;1.939331e-02;2.512748e-02;3.664523e-02;8.411133e-02;3.675195e-01;6.866086e-03;8.036083e-03;4.998659e-02;1.734396e-02;7.424858e-03
1.874292e-01;1.907731e-01;1.491837e-02;3.930363e-02;3.569063e-02;9.141547e-02;3.532040e-01;7.003866e-03;5.958826e-03;5.400517e-02;1.000027e-02;1.029744e-02
2.145507e-01;1.702982e-01;1.801422e-02;5.124430e-02;3.577780e-02;9.618150e-02;3.192559e-01;5.840271e-03;7.708818e-03;5.560286e-02;1.536980e-02;1.015556e-02
2.461578e-01;1.651241e-01;1.171890e-02;6.149178e-02;3.952639e-02;1.005094e-01;2.924488e-01;6.237693e-03;5.933662e-03;5.375559e-02;7.003841e-03;1.009208e-02
1.985554e-01;1.961266e-01;4.617786e-02;5.857316e-02;5.176303e-02;9.450301e-02;2.616727e-01;1.242272e-02;9.689810e-03;4.830240e-02;1.057750e-02;1.163580e-02
1.183455e-01;2.250847e-01;1.196978e-01;3.656637e-02;8.168011e-02;9.431194e-02;2.217341e-01;1.532465e-02;1.319981e-02;3.624166e-02;2.592415e-02;1.188918e-02
1.258432e-01;2.210702e-01;1.233236e-01;3.072432e-02;7.208941e-02;7.831093e-02;2.442670e-01;1.900523e-02;2.115704e-02;2.662579e-02;2.869726e-02;8.886147e-03
1.508941e-01;2.201590e-01;7.372921e-02;2.923455e-02;3.658973e-02;7.536052e-02;3.065743e-01;2.128409e-02;2.567768e-02;2.540788e-02;2.561343e-02;9.475539e-03
1.695301e-01;2.038133e-01;3.667025e-02;3.421759e-02;1.928899e-02;8.119777e-02;3.479341e-01;1.080341e-02;2.373016e-02;3.554052e-02;2.541557e-02;1.185825e-02
1.642498e-01;1.752008e-01;2.499855e-02;4.485017e-02;2.097618e-02;9.686463e-02;3.728297e-01;7.612085e-03;1.518026e-02;3.757326e-02;2.788719e-02;1.177734e-02
1.432476e-01;1.575512e-01;1.697232e-02;4.235415e-02;2.876624e-02;1.046882e-01;3.978182e-01;5.807307e-03;1.662534e-02;3.954805e-02;3.698869e-02;9.632597e-03
1.155161e-01;1.557910e-01;2.336702e-02;2.600245e-02;3.874376e-02;8.393477e-02;4.268392e-01;1.480764e-02;2.523859e-02;3.419443e-02;4.914342e-02;6.421593e-03
9.246299e-02;1.565028e-01;3.056891e-02;1.268703e-02;6.268526e-02;6.377272e-02;4.378905e-01;1.413886e-02;2.877578e-02;3.132263e-02;6.584380e-02;3.348642e-03
6.450412e-02;1.530196e-01;5.341083e-02;3.798207e-03;1.153539e-01;3.935723e-02;4.196684e-01;2.636976e-02;2.311994e-02;2.551997e-02;7.220597e-02;3.672156e-03
4.495934e-02;1.331536e-01;8.212289e-02;7.693792e-03;1.756827e-01;2.048209e-02;3.778855e-01;5.169986e-02;1.377820e-02;1.606963e-02;6.707247e-02;9.399964e-03
3.276671e-02;9.860062e-02;1.272869e-01;1.805772e-02;1.930708e-01;1.197427e-02;3.303317e-01;7.545292e-02;1.137589e-02;1.455727e-02;6.437388e-02;2.215121e-02
1.812363e-02;6.135623e-02;1.881369e-01;1.975400e-02;1.493540e-01;2.046566e-02;3.025387e-01;9.787673e-02;1.495225e-02;2.535784e-02;5.446947e-02;4.761456e-02
1.741238e-02;6.292773e-02;2.164640e-01;2.242745e-02;7.759180e-02;3.389808e-02;3.037120e-01;1.017028e-01;2.270635e-02;3.323366e-02;3.697339e-02;7.095040e-02
2.951661e-02;7.966540e-02;1.713424e-01;2.610213e-02;4.438788e-02;3.639128e-02;3.504585e-01;8.487023e-02;2.285028e-02;3.497929e-02;4.849939e-02;7.093658e-02
2.543067e-02;9.418292e-02;8.528616e-02;3.023747e-02;5.093251e-02;3.100974e-02;4.366135e-01;7.798927e-02;2.889147e-02;3.661444e-02;4.515124e-02;5.766055e-02
3.269473e-02;7.835516e-02;1.080564e-01;2.390311e-02;5.505039e-02;2.670509e-02;4.597154e-01;7.589040e-02;3.862812e-02;4.599230e-02;2.416555e-02;3.084327e-02
4.011396e-02;4.690440e-02;1.234165e-01;2.948780e-02;4.201218e-02;2.557574e-02;4.429761e-01;9.259550e-02;4.876602e-02;5.804054e-02;2.125641e-02;2.885488e-02
4.238356e-02;2.952070e-02;1.418050e-01;2.130776e-02;3.171765e-02;2.280743e-02;4.204658e-01;1.010101e-01;6.746066e-02;6.098629e-02;3.015517e-02;3.037994e-02
4.106386e-02;5.887674e-02;1.444234e-01;1.097185e-02;4.689118e-02;1.967382e-02;4.038297e-01;9.237579e-02;6.697866e-02;5.935981e-02;2.820877e-02;2.734646e-02
4.277993e-02;7.118627e-02;1.901750e-01;2.074810e-02;4.232552e-02;4.085545e-02;2.884244e-01;8.779433e-02;7.907730e-02;6.970346e-02;3.385002e-02;3.308022e-02
6.399204e-02;6.609636e-02;2.561727e-01;3.380259e-02;4.559600e-02;6.686141e-02;6.252524e-02;1.003164e-01;1.087732e-01;9.876642e-02;4.165656e-02;5.544104e-02
3.272862e-02;4.815543e-02;2.706887e-01;3.641742e-02;3.652194e-02;6.296467e-02;1.701905e-01;1.072820e-01;8.687054e-02;6.903744e-02;2.361619e-02;5.552648e-02
7.444362e-03;2.488882e-02;3.285947e-01;3.922554e-02;3.412616e-02;6.835435e-02;1.740839e-01;1.302795e-01;6.893696e-02;5.172566e-02;1.124773e-02;6.109226e-02
8.205519e-03;1.079613e-02;3.705807e-01;4.821519e-02;2.654677e-02;7.561438e-02;1.587178e-01;1.273087e-01;5.516206e-02;4.335544e-02;7.847073e-03;6.765021e-02
1.313608e-02;1.711958e-02;3.596856e-01;6.681494e-02;1.444948e-02;8.002020e-02;1.644417e-01;1.061122e-01;6.316834e-02;3.919375e-02;1.000923e-02;6.584889e-02
9.058520e-03;1.557776e-02;3.442279e-01;8.614071e-02;1.334671e-02;8.848964e-02;1.614619e-01;9.504984e-02;7.136451e-02;4.093699e-02;1.188560e-02;6.245992e-02
1.352793e-02;2.072122e-02;3.130468e-01;9.797535e-02;2.253016e-02;9.632187e-02;1.700337e-01;7.967038e-02;7.187794e-02;4.476481e-02;1.428859e-02;5.524121e-02
2.609686e-02;2.391057e-02;2.677673e-01;9.435582e-02;4.145377e-02;9.267577e-02;2.081750e-01;7.163819e-02;6.288451e-02;5.127384e-02;1.433368e-02;4.543478e-02
3.117599e-02;2.895766e-02;2.371272e-01;6.355332e-02;4.422990e-02;9.865618e-02;2.339249e-01;7.063723e-02;5.781823e-02;7.303457e-02;2.468126e-02;3.620357e-02
2.142684e-02;2.717378e-02;2.406026e-01;6.277040e-02;3.204705e-02;1.043925e-01;1.899068e-01;7.074529e-02;8.164103e-02;9.519102e-02;3.730901e-02;3.679366e-02
1.182036e-02;2.380336e-02;2.472290e-01;5.725296e-02;2.997427e-02;1.113538e-01;1.723723e-01;7.634149e-02;8.114576e-02;1.094760e-01;3.783774e-02;4.139293e-02
2.120660e-02;2.660256e-02;2.238610e-01;5.425638e-02;3.160041e-02;1.231464e-01;2.061713e-01;7.562069e-02;7.125666e-02;9.972984e-02;3.028684e-02;3.626131e-02
2.842872e-02;4.149497e-02;1.870807e-01;4.731291e-02;3.596024e-02;1.577349e-01;2.184842e-01;6.393936e-02;6.124486e-02;9.252730e-02;3.621611e-02;2.957556e-02
4.675424e-02;4.927733e-02;6.791390e-02;1.121152e-01;6.529827e-02;1.742734e-01;1.566083e-01;7.127777e-02;9.579729e-02;7.684688e-02;4.247523e-02;4.136207e-02
6.469664e-02;3.772597e-02;1.058002e-01;1.425708e-01;7.326522e-02;1.252655e-01;1.101602e-01;5.378084e-02;1.521258e-01;4.994907e-02;4.230360e-02;4.235622e-02
9.651175e-02;2.080701e-02;8.301225e-02;1.761596e-01;6.075866e-02;7.943769e-02;9.284509e-02;4.652127e-02;2.396785e-01;4.021692e-02;3.667300e-02;2.737829e-02
1.437747e-01;9.877299e-03;3.997033e-02;2.026965e-01;3.885912e-02;3.599907e-02;7.023480e-02;3.123178e-02;3.399736e-01;4.888597e-02;3.021848e-02;8.278315e-03
1.634988e-01;1.192543e-02;2.707211e-02;1.951055e-01;4.134826e-02;1.297491e-02;7.869070e-02;2.255863e-02;3.569983e-01;6.073615e-02;2.484324e-02;4.247929e-03
1.597875e-01;1.284747e-02;3.460991e-02;1.691399e-01;7.396738e-02;1.299022e-02;1.072846e-01;1.584323e-02;3.003514e-01;8.460373e-02;2.293610e-02;5.638581e-03
1.435696e-01;1.673843e-02;3.636726e-02;1.363425e-01;9.912217e-02;3.343800e-02;1.342733e-01;3.553304e-02;2.159863e-01;1.053185e-01;2.969790e-02;1.361313e-02
1.243789e-01;4.341273e-02;3.815836e-02;1.182348e-01;8.615753e-02;4.526132e-02;1.252532e-01;6.593876e-02;1.750904e-01;1.078567e-01;4.381228e-02;2.644503e-02
1.017178e-01;8.143974e-02;6.020359e-02;1.050398e-01;6.679048e-02;6.681891e-02;1.264742e-01;7.690506e-02;1.419628e-01;8.411442e-02;5.447411e-02;3.405905e-02
9.844783e-02;8.790097e-02;7.858694e-02;1.088937e-01;4.273558e-02;7.367454e-02;1.338058e-01;7.674524e-02;1.587738e-01;4.804303e-02;5.258471e-02;3.980787e-02
1.128072e-01;8.317880e-02;9.467191e-02;9.290218e-02;8.064596e-02;6.198435e-02;1.209838e-01;3.947474e-02;1.787111e-01;6.129633e-02;4.409522e-02;2.924839e-02
9.354737e-02;5.471712e-02;1.030055e-01;6.554867e-02;9.429836e-02;7.167187e-02;1.315797e-01;2.010295e-02;2.169654e-01;7.660255e-02;3.430143e-02;3.765909e-02
8.346798e-02;4.346878e-02;1.012281e-01;9.758276e-02;8.666115e-02;6.882653e-02;1.095254e-01;3.959949e-02;2.063643e-01;7.726989e-02;4.156553e-02;4.444004e-02
1.113747e-01;3.638137e-02;1.029910e-01;1.147704e-01;1.220475e-01;7.346484e-02;1.148321e-01;5.062670e-02;6.956150e-02;1.043483e-01;6.077594e-02;3.882567e-02
1.040162e-01;2.642662e-02;1.425351e-01;9.532335e-02;9.459514e-02;6.162260e-02;1.378133e-01;6.723989e-02;1.009014e-01;8.468851e-02;5.229181e-02;3.254602e-02
1.007356e-01;2.928027e-02;1.214473e-01;8.766181e-02;7.618573e-02;4.282424e-02;1.675575e-01;6.939909e-02;1.154625e-01;1.001549e-01;5.227246e-02;3.701868e-02
8.569582e-02;4.866081e-02;8.753608e-02;6.653609e-02;6.828742e-02;3.927205e-02;1.576709e-01;6.863179e-02;1.953318e-01;8.874774e-02;5.110124e-02;4.252832e-02
5.983843e-02;7.190455e-02;6.217835e-02;5.613064e-02;7.036889e-02;3.539009e-02;1.233693e-01;6.422122e-02;2.532427e-01;1.046691e-01;4.161713e-02;5.706965e-02
5.878146e-02;9.333179e-02;5.674569e-02;4.560385e-02;7.253148e-02;2.840775e-02;1.070101e-01;5.888607e-02;2.500853e-01;1.118962e-01;5.917766e-02;5.754260e-02
6.854309e-02;9.388324e-02;7.783936e-02;4.189790e-02;8.076141e-02;3.438226e-02;9.700707e-02;5.553568e-02;2.529885e-01;8.845451e-02;7.258166e-02;3.612523e-02
5.216948e-02;7.141025e-02;6.800699e-02;5.971079e-02;9.880740e-02;4.666463e-02;1.217278e-01;5.569117e-02;2.349513e-01;8.630171e-02;6.228490e-02;4.227360e-02
5.494017e-02;4.643453e-02;7.790698e-02;9.825454e-02;6.132308e-02;6.388558e-02;1.199331e-01;5.857240e-02;2.210614e-01;8.211280e-02;5.679433e-02;5.878112e-02
8.784962e-02;4.500538e-02;9.455983e-02;9.117819e-02;5.966892e-02;7.230030e-02;1.091008e-01;7.744288e-02;2.047739e-01;5.330507e-02;4.021155e-02;6.460357e-02
9.846127e-02;6.636676e-02;8.555299e-02;6.689372e-02;5.588536e-02;6.340531e-02;9.133117e-02;1.012773e-01;1.583384e-01;1.132553e-01;4.741011e-02;5.182234e-02
5.573210e-02;7.722923e-02;8.211143e-02;6.612140e-02;8.963859e-02;5.993871e-02;1.065665e-01;8.959856e-02;1.495544e-01;1.280072e-01;4.923491e-02;4.626692e-02
9.299518e-02;6.604899e-02;9.410222e-02;4.976302e-02;9.312297e-02;7.044458e-02;8.713118e-02;5.935148e-02;1.775765e-01;9.464353e-02;6.386612e-02;5.095422e-02
1.472339e-01;9.499755e-02;1.047275e-01;6.578005e-02;6.213233e-02;4.740601e-02;8.620119e-02;6.866308e-02;1.087130e-01;7.658704e-02;5.989638e-02;7.766204e-02
1.120601e-01;1.084001e-01;1.255143e-01;5.835713e-02;7.111069e-02;3.868044e-02;7.426724e-02;7.576551e-02;8.207885e-02;8.695622e-02;7.972854e-02;8.708079e-02
1.015417e-01;1.080729e-01;1.397346e-01;5.442783e-02;6.391174e-02;3.514809e-02;1.477184e-01;6.797916e-02;4.979564e-02;9.403013e-02;6.314769e-02;7.449216e-02
9.807608e-02;7.946095e-02;1.710301e-01;4.905166e-02;5.167644e-02;3.436188e-02;2.353796e-01;7.239693e-02;4.820668e-02;7.983721e-02;3.828707e-02;4.223538e-02
8.531404e-02;8.406155e-02;1.473188e-01;3.792050e-02;4.021993e-02;3.453576e-02;3.227872e-01;8.092617e-02;4.914198e-02;6.203382e-02;3.178673e-02;2.395353e-02
8.138081e-02;1.244731e-01;1.034167e-01;2.965070e-02;3.594805e-02;5.186203e-02;3.741026e-01;7.476752e-02;4.307762e-02;4.448406e-02;2.166534e-02;1.517146e-02
1.140096e-01;1.178499e-01;9.264050e-02;3.053416e-02;5.068545e-02;9.322339e-02;3.212968e-01;6.965286e-02;3.863673e-02;4.651531e-02;9.855646e-03;1.509964e-02
1.660567e-01;6.964546e-02;6.744631e-02;2.950663e-02;7.169689e-02;1.297842e-01;2.296652e-01;1.120057e-01;4.923497e-02;5.016194e-02;6.515473e-03;1.828045e-02
1.743715e-01;6.543332e-02;3.936302e-02;2.192850e-02;8.986478e-02;1.531463e-01;1.918891e-01;1.508216e-01;4.856950e-02;3.569884e-02;5.967385e-03;2.294625e-02
1.687667e-01;7.303583e-02;2.382970e-02;1.810787e-02;9.989798e-02;1.553532e-01;2.361285e-01;1.334348e-01;3.131867e-02;3.085150e-02;6.505130e-03;2.277011e-02
1.608464e-01;7.183874e-02;3.141280e-02;1.934266e-02;1.071714e-01;1.570557e-01;2.715472e-01;1.039629e-01;2.545584e-02;2.362861e-02;6.195182e-03;2.154243e-02
1.606162e-01;7.322346e-02;4.217712e-02;2.133211e-02;1.104999e-01;1.628536e-01;2.592358e-01;9.234778e-02;3.349518e-02;1.892518e-02;5.510662e-03;1.978299e-02
1.737144e-01;6.845956e-02;3.007745e-02;1.787369e-02;1.092460e-01;1.704413e-01;2.683168e-01;8.833879e-02;2.775572e-02;1.993014e-02;4.052198e-03;2.179392e-02
1.924967e-01;6.056675e-02;2.419017e-02;1.354671e-02;1.062340e-01;1.676843e-01;2.848076e-01;7.525446e-02;3.401299e-02;2.113149e-02;3.186848e-03;1.688795e-02
2.233511e-01;7.531399e-02;2.604732e-02;1.242978e-02;9.932832e-02;1.654059e-01;2.726184e-01;5.455023e-02;3.177376e-02;2.037138e-02;2.406209e-03;1.640355e-02
2.365380e-01;1.499752e-01;2.608321e-02;1.379747e-02;8.688147e-02;1.474005e-01;2.332078e-01;3.981669e-02;2.155250e-02;2.143501e-02;4.457415e-03;1.885479e-02
2.498917e-01;2.303212e-01;2.742632e-02;1.095161e-02;8.037572e-02;1.192756e-01;1.925880e-01;2.649460e-02;1.354793e-02;1.430859e-02;9.722861e-03;2.509591e-02
2.896177e-01;2.595221e-01;3.410925e-02;8.392587e-03;7.734133e-02;9.064040e-02;1.395270e-01;1.871573e-02;2.248792e-02;1.279322e-02;1.494742e-02;3.190538e-02
3.535250e-01;2.212597e-01;3.810909e-02;8.886534e-03;6.992207e-02;7.525405e-02;1.116867e-01;1.670178e-02;2.312932e-02;1.357131e-02;2.309640e-02;4.485808e-02
3.960809e-01;1.655159e-01;3.849598e-02;7.215734e-03;7.480547e-02;6.942184e-02;9.071316e-02;8.736338e-03;2.826831e-02;2.187305e-02;3.505024e-02;6.382323e-02
3.465766e-01;1.223655e-01;5.524841e-02;1.855737e-02;9.730365e-02;7.086544e-02;7.073379e-02;9.021095e-03;4.870206e-02;2.313806e-02;3.979507e-02;9.769293e-02
2.515953e-01;8.269265e-02;8.188122e-02;4.088621e-02;1.236586e-01;7.386208e-02;6.493321e-02;1.610000e-02;6.718910e-02;3.164260e-02;3.855551e-02;1.270035e-01
1.515252e-01;5.916721e-02;1.276864e-01;6.182129e-02;1.182309e-01;6.466166e-02;7.501222e-02;4.032240e-02;7.188722e-02;5.882191e-02;5.310897e-02;1.177546e-01
7.372636e-02;6.056445e-02;1.680703e-01;6.257667e-02;8.629301e-02;5.806941e-02;1.379815e-01;5.396583e-02;7.894207e-02;7.352313e-02;6.029626e-02;8.599097e-02
8.172023e-02;9.923621e-02;2.363438e-01;4.294413e-02;6.003099e-02;4.728604e-02;1.326292e-01;5.119243e-02;6.406707e-02;8.210832e-02;4.202036e-02;6.042119e-02
9.496253e-02;8.287711e-02;2.333059e-01;5.569203e-02;5.700928e-02;4.644033e-02;1.100173e-01;6.613158e-02;4.702419e-02;1.063459e-01;4.344738e-02;5.674636e-02
4.889120e-02;4.299739e-02;2.921810e-01;7.785100e-02;5.773418e-02;4.121373e-02;6.942029e-02;6.315203e-02;7.564351e-02;1.068358e-01;6.359520e-02;6.048477e-02
5.430085e-02;3.114172e-02;3.230358e-01;9.323854e-02;5.620435e-02;2.307604e-02;8.917146e-02;4.959251e-02;7.744715e-02;7.501019e-02;8.228713e-02;4.549423e-02
4.932278e-02;2.139017e-02;3.451164e-01;1.249478e-01;4.816620e-02;1.965701e-02;1.025959e-01;3.964087e-02;7.304396e-02;5.114010e-02;9.836181e-02;2.661694e-02
3.414860e-02;2.360911e-02;3.554378e-01;1.303870e-01;4.012133e-02;2.752777e-02;1.121775e-01;6.733894e-02;7.479154e-02;4.580738e-02;7.873879e-02;9.914239e-03
3.306934e-02;1.735978e-02;3.591838e-01;1.315788e-01;2.961352e-02;3.144820e-02;9.411330e-02;1.061654e-01;7.965779e-02;4.357385e-02;5.701672e-02;1.721955e-02
2.770801e-02;1.779418e-02;3.378516e-01;1.503307e-01;3.159432e-02;3.310689e-02;9.129605e-02;1.054639e-01;7.872259e-02;4.793293e-02;5.455514e-02;2.364366e-02
2.900970e-02;2.877575e-02;3.144889e-01;1.479150e-01;4.617527e-02;2.751142e-02;1.042132e-01;8.982031e-02;8.329794e-02;4.863804e-02;5.817303e-02;2.198144e-02
2.741156e-02;3.591557e-02;3.345635e-01;1.404512e-01;4.328236e-02;2.689977e-02;1.175705e-01;4.945698e-02;6.823116e-02;6.435096e-02;7.231008e-02;1.955637e-02
3.556274e-02;4.657349e-02;2.831948e-01;1.289437e-01;6.581549e-02;4.063537e-02;1.127638e-01;9.425917e-02;3.936707e-02;7.616451e-02;5.365501e-02;2.306489e-02
5.978130e-02;6.078251e-02;2.038205e-01;1.156593e-01;9.776162e-02;6.083181e-02;4.707866e-02;1.298403e-01;8.082266e-02;6.863290e-02;3.094580e-02;4.404258e-02
8.035504e-02;4.279708e-02;1.995906e-01;8.850944e-02;6.889863e-02;7.682588e-02;8.636174e-02;1.029459e-01;5.195626e-02;9.037269e-02;4.565469e-02;6.573205e-02
7.979240e-02;3.625471e-02;1.838673e-01;8.049235e-02;6.620770e-02;8.136927e-02;5.811165e-02;6.755794e-02;6.803119e-02;1.457286e-01;6.386036e-02;6.872649e-02
4.999294e-02;4.963050e-02;1.489267e-01;6.965740e-02;7.993499e-02;9.938415e-02;8.593488e-02;5.527093e-02;5.405033e-02;1.736156e-01;6.414317e-02;6.945837e-02
4.210828e-02;8.539554e-02;1.075284e-01;4.831289e-02;6.711667e-02;8.999199e-02;1.268401e-01;7.283344e-02;9.077248e-02;1.331264e-01;7.990050e-02;5.607327e-02
4.373878e-02;1.178341e-01;1.008607e-01;4.942241e-02;5.506721e-02;5.059779e-02;1.406060e-01;7.424141e-02;1.285822e-01;6.936472e-02;7.962018e-02;9.006443e-02
8.220156e-02;1.313483e-01;1.190615e-01;5.927218e-02;5.598155e-02;2.988885e-02;1.278200e-01;4.672762e-02;1.515840e-01;5.486428e-02;6.745075e-02;7.379942e-02
1.386824e-01;1.284722e-01;1.175452e-01;5.824975e-02;6.515832e-02;3.697947e-02;1.013878e-01;4.477964e-02;1.357700e-01;6.211895e-02;4.336042e-02;6.749588e-02
1.382157e-01;1.240491e-01;1.167307e-01;7.150775e-02;6.561498e-02;4.771722e-02;7.048750e-02;7.488599e-02;7.589540e-02;5.461473e-02;5.547750e-02;1.048035e-01
