1.184893e-01;1.248251e-01;1.908490e-01;8.551570e-02;1.066074e-01;5.634237e-02;1.168297e-01;3.723206e-02;2.626431e-02;3.946012e-02;5.174261e-02;4.584233e-02
1.113823e-01;7.809654e-02;1.379401e-01;8.285624e-02;1.183257e-01;8.658656e-02;1.413813e-01;5.324194e-02;3.795560e-02;6.267777e-02;5.761622e-02;3.193982e-02
1.005566e-01;1.120535e-01;1.796290e-01;6.698465e-02;8.896768e-02;6.680147e-02;1.211292e-01;5.343044e-02;5.461317e-02;4.711775e-02;5.404128e-02;5.467520e-02
1.341634e-01;8.359857e-02;1.906758e-01;6.626499e-02;1.236174e-01;7.236353e-02;5.611118e-02;3.565734e-02;8.378065e-02;4.732493e-02;3.773789e-02;6.870428e-02
1.780944e-01;4.078071e-02;1.872183e-01;5.995246e-02;1.229080e-01;1.192089e-01;2.956660e-02;1.445592e-02;9.977960e-02;5.965396e-02;2.211614e-02;6.626496e-02
2.028849e-01;4.625905e-02;1.338763e-01;5.581691e-02;7.552398e-02;1.865896e-01;6.926125e-02;2.280041e-02;6.569404e-02;8.062000e-02;1.709005e-02;4.358358e-02
2.152003e-01;4.668403e-02;7.000820e-02;1.029323e-01;5.476821e-02;2.222064e-01;9.902442e-02;2.158893e-02;3.663297e-02;8.876603e-02;1.850564e-02;2.368249e-02
2.297277e-01;6.397163e-02;3.149889e-02;1.254491e-01;5.082345e-02;2.251135e-01;8.998393e-02;1.826985e-02;2.186475e-02;1.036164e-01;2.431737e-02;1.536340e-02
2.124146e-01;8.959700e-02;2.589342e-02;1.251906e-01;5.204585e-02;1.727304e-01;1.263470e-01;1.684207e-02;1.544575e-02;1.044237e-01;4.301053e-02;1.605908e-02
2.103785e-01;1.098825e-01;4.109177e-02;1.103798e-01;5.769607e-02;1.202539e-01;1.519351e-01;1.340009e-02;1.532737e-02;9.489015e-02;5.622953e-02;1.853523e-02
2.152513e-01;1.181306e-01;5.627737e-02;1.016481e-01;6.198341e-02;1.052099e-01;1.465053e-01;1.219022e-02;2.085049e-02;7.116893e-02;5.731944e-02;3.346486e-02
1.028091e-01;9.925674e-02;1.093996e-01;1.073731e-01;6.539276e-02;1.516359e-01;1.154447e-01;2.684924e-02;5.887607e-02;3.732970e-02;6.975257e-02;5.588055e-02
8.404676e-02;7.102723e-02;8.693790e-02;1.221069e-01;5.478917e-02;1.589047e-01;1.268072e-01;3.751910e-02;6.636914e-02;1.124375e-01;4.751853e-02;3.153578e-02
6.925996e-02;7.657442e-02;8.024305e-02;1.617530e-01;5.734047e-02;1.469542e-01;1.156726e-01;3.249210e-02;7.229137e-02;1.239065e-01;2.757600e-02;3.593640e-02
9.608928e-02;7.802875e-02;6.251094e-02;1.249573e-01;4.938418e-02;7.200298e-02;1.316991e-01;5.519807e-02;1.388759e-01;1.310412e-01;1.369867e-02;4.651356e-02
1.100460e-01;8.311240e-02;5.796822e-02;5.880717e-02;4.630602e-02;7.357470e-02;1.038800e-01;5.109477e-02;2.119300e-01;1.110038e-01;3.780856e-02;5.446842e-02
1.262483e-01;7.915149e-02;7.503047e-02;4.940363e-02;5.889421e-02;8.260579e-02;9.605522e-02;5.413723e-02;1.859488e-01;8.984044e-02;4.952078e-02;5.316361e-02
1.121703e-01;8.440682e-02;9.593955e-02;5.799538e-02;7.517679e-02;9.904063e-02;1.131035e-01;6.085081e-02;9.875644e-02;9.945455e-02;6.523187e-02;3.787335e-02
7.717643e-02;7.594942e-02;1.314517e-01;6.130428e-02;7.301110e-02;8.873664e-02;1.584041e-01;6.539662e-02;8.564766e-02;6.653760e-02;7.396432e-02;4.242015e-02
9.790219e-02;6.582849e-02;1.218662e-01;7.492466e-02;6.004727e-02;5.377224e-02;1.945229e-01;4.061506e-02;3.869921e-02;1.047305e-01;7.822753e-02;6.886370e-02
1.097368e-01;4.590140e-02;1.680015e-01;4.361240e-02;6.142320e-02;3.897054e-02;2.295259e-01;3.301550e-02;5.888126e-02;9.608386e-02;6.482986e-02;5.001784e-02
1.382237e-01;4.854861e-02;1.603884e-01;4.397313e-02;7.640795e-02;6.878243e-02;2.320669e-01;3.092479e-02;5.815569e-02;6.474795e-02;3.561342e-02;4.216704e-02
1.564587e-01;4.149884e-02;1.166760e-01;4.566683e-02;1.230638e-01;9.327009e-02;1.717938e-01;3.162690e-02;7.903312e-02;4.208805e-02;1.775812e-02;8.106585e-02
1.123562e-01;3.190149e-02;1.438567e-01;4.419965e-02;1.803894e-01;8.430775e-02;7.289730e-02;3.763536e-02;1.136236e-01;2.539740e-02;2.587936e-02;1.275558e-01
7.191709e-02;3.615877e-02;1.698167e-01;5.402396e-02;1.916340e-01;6.245533e-02;6.643570e-02;4.394072e-02;1.012260e-01;2.428869e-02;4.146811e-02;1.366349e-01
4.979698e-02;4.456478e-02;1.886414e-01;7.336544e-02;1.642559e-01;5.828037e-02;5.755507e-02;6.911100e-02;7.497806e-02;5.136191e-02;6.443211e-02;1.036570e-01
5.574175e-02;4.087354e-02;1.261265e-01;6.753299e-02;1.453021e-01;7.489411e-02;9.176859e-02;8.618285e-02;1.314451e-01;7.140496e-02;6.573435e-02;4.299321e-02
6.220165e-02;2.865116e-02;7.602513e-02;6.773989e-02;1.216315e-01;7.291740e-02;1.233414e-01;8.876081e-02;2.166158e-01;5.650713e-02;3.208876e-02;5.351940e-02
2.592277e-02;1.993065e-02;1.216800e-01;1.021565e-01;9.468074e-02;4.289763e-02;7.442277e-02;1.456726e-01;2.093160e-01;2.739629e-02;9.114605e-02;4.477795e-02
7.594965e-03;2.960501e-02;1.500503e-01;1.446060e-01;8.871534e-02;2.572740e-02;3.562017e-02;1.853464e-01;9.318466e-02;2.717650e-02;1.605785e-01;5.179475e-02
1.444565e-02;4.088760e-02;1.303030e-01;1.552397e-01;1.020224e-01;1.891208e-02;1.755950e-02;1.626893e-01;5.981695e-02;1.201078e-02;1.781004e-01;1.080127e-01
2.207324e-02;3.556188e-02;9.754002e-02;1.260758e-01;1.043675e-01;1.962384e-02;1.611453e-02;1.372025e-01;1.112141e-01;1.386706e-02;1.487128e-01;1.676467e-01
3.283132e-02;3.493351e-02;7.817081e-02;9.478857e-02;1.079713e-01;1.980922e-02;1.938759e-02;1.210904e-01;1.210686e-01;1.583461e-02;1.220701e-01;2.320441e-01
4.992727e-02;4.049671e-02;8.394941e-02;8.008785e-02;9.744200e-02;2.187090e-02;2.437430e-02;1.063345e-01;1.083235e-01;1.878082e-02;1.165698e-01;2.518429e-01
4.462277e-02;4.435192e-02;1.274840e-01;8.350557e-02;8.855145e-02;2.007965e-02;2.378561e-02;9.759863e-02;7.297657e-02;2.868345e-02;1.584756e-01;2.098847e-01
1.436425e-02;4.202234e-02;2.114076e-01;1.062374e-01;9.635352e-02;2.527477e-02;3.390749e-02;8.727669e-02;2.213566e-02;2.523366e-02;2.066425e-01;1.291441e-01
2.834816e-02;5.156815e-02;2.465503e-01;9.928843e-02;8.858065e-02;3.268109e-02;3.645252e-02;6.741258e-02;8.229594e-02;2.975030e-02;1.555679e-01;8.150396e-02
4.925615e-02;6.740423e-02;2.110754e-01;6.171838e-02;7.400926e-02;3.526925e-02;6.297937e-02;5.252063e-02;1.168946e-01;9.048611e-02;8.792458e-02;9.046207e-02
4.228696e-02;5.062218e-02;1.808330e-01;3.277723e-02;7.987645e-02;5.238568e-02;8.787379e-02;3.175066e-02;1.249125e-01;1.917569e-01;5.713705e-02;6.778760e-02
5.123471e-02;3.585773e-02;1.081295e-01;4.139909e-02;8.772702e-02;5.184137e-02;6.121595e-02;6.268980e-02;1.099090e-01;2.352729e-01;6.470033e-02;9.002253e-02
5.038790e-02;4.335723e-02;1.170427e-01;4.146779e-02;8.058175e-02;5.275921e-02;6.893781e-02;1.189126e-01;8.354697e-02;1.542246e-01;1.136704e-01;7.511098e-02
5.337803e-02;5.665664e-02;1.126002e-01;5.919361e-02;9.512764e-02;5.644899e-02;6.130642e-02;1.659299e-01;7.279418e-02;1.119869e-01;9.727997e-02;5.729765e-02
4.710453e-02;7.342329e-02;1.141071e-01;7.694670e-02;8.681718e-02;5.394836e-02;5.051524e-02;1.315172e-01;8.530066e-02;9.789442e-02;8.911414e-02;9.331106e-02
4.221100e-02;6.450658e-02;1.142562e-01;7.563943e-02;9.416651e-02;7.168367e-02;3.595658e-02;1.275735e-01;7.585452e-02;9.702966e-02;1.158873e-01;8.523504e-02
4.799343e-02;5.546906e-02;1.134871e-01;7.950828e-02;7.442140e-02;9.380828e-02;4.720408e-02;1.305229e-01;1.232359e-01;7.871880e-02;8.639713e-02;6.923364e-02
4.500717e-02;7.286881e-02;1.149817e-01;1.001383e-01;6.730699e-02;6.877948e-02;6.722216e-02;1.139728e-01;1.353501e-01;6.750035e-02;6.287777e-02;8.399448e-02
4.993582e-02;8.442840e-02;9.786473e-02;1.234991e-01;6.909137e-02;4.224978e-02;8.977205e-02;9.077051e-02;1.047993e-01;1.029925e-01;6.367569e-02;8.092073e-02
5.488398e-02;7.536195e-02;9.513266e-02;8.810878e-02;8.186023e-02;6.161963e-02;1.218945e-01;7.393181e-02;1.057275e-01;1.064788e-01;8.413424e-02;5.086586e-02
9.962725e-02;7.873971e-02;1.145173e-01;6.613682e-02;8.484209e-02;4.809402e-02;1.170402e-01;1.016351e-01;1.047514e-01;7.767554e-02;6.711213e-02;3.982853e-02
8.270321e-02;7.553241e-02;1.212725e-01;8.292965e-02;9.163985e-02;4.998273e-02;1.099849e-01;1.159725e-01;1.119832e-01;9.979138e-02;2.952656e-02;2.868115e-02
8.563725e-02;5.760785e-02;1.593261e-01;7.007729e-02;9.214895e-02;7.032806e-02;1.095511e-01;1.052661e-01;9.370881e-02;7.404041e-02;3.952859e-02;4.277948e-02
1.295445e-01;7.745670e-02;8.298382e-02;5.691033e-02;7.879567e-02;7.554132e-02;7.670370e-02;7.190613e-02;1.133347e-01;1.160487e-01;5.819235e-02;6.258217e-02
1.274600e-01;7.520659e-02;5.247303e-02;5.789378e-02;7.595261e-02;8.804179e-02;7.831626e-02;7.559706e-02;1.279728e-01;1.317114e-01;4.565068e-02;6.372394e-02
1.018236e-01;5.973767e-02;5.909441e-02;5.894963e-02;7.410513e-02;9.178890e-02;9.157173e-02;8.647352e-02;1.400109e-01;1.340460e-01;4.160178e-02;6.079664e-02
1.013163e-01;5.591634e-02;8.410635e-02;4.940788e-02;5.358862e-02;4.316887e-02;1.053571e-01;4.391962e-02;5.129220e-02;1.245334e-01;1.610354e-01;1.263579e-01
1.075889e-01;7.639813e-02;1.226283e-01;2.954255e-02;3.410717e-02;2.208897e-02;1.596554e-01;4.716959e-02;4.070639e-02;7.620196e-02;1.961768e-01;8.773585e-02
8.175033e-02;1.008154e-01;1.335046e-01;2.081423e-02;2.483246e-02;1.768171e-02;2.287641e-01;5.062106e-02;3.014778e-02;3.202363e-02;2.251216e-01;5.392308e-02
4.067078e-02;1.186071e-01;1.238932e-01;1.118302e-02;1.740940e-02;1.964471e-02;2.936563e-01;4.553110e-02;1.182233e-02;3.703088e-02;2.574751e-01;2.307608e-02
2.646991e-02;9.833589e-02;1.444171e-01;7.951684e-03;1.668623e-02;1.615677e-02;3.028314e-01;6.483964e-02;1.361666e-02;3.893679e-02;2.429366e-01;2.682125e-02
1.350790e-02;6.784979e-02;2.235163e-01;1.075119e-02;1.327993e-02;1.015798e-02;2.678848e-01;1.022203e-01;2.709034e-02;2.198577e-02;1.750317e-01;6.672399e-02
1.666110e-02;4.009229e-02;2.890111e-01;3.628641e-02;9.018436e-03;1.077486e-02;2.068653e-01;1.134266e-01;7.313687e-02;2.429199e-02;7.203408e-02;1.084010e-01
3.110293e-02;1.919679e-02;2.786422e-01;8.894064e-02;1.806839e-02;7.184469e-03;1.426056e-01;6.908658e-02;1.868439e-01;4.630516e-02;1.270660e-02;9.931678e-02
4.809916e-02;1.787424e-02;1.635469e-01;1.323429e-01;4.494439e-02;4.299653e-03;7.394321e-02;4.988946e-02;3.057259e-01;9.077986e-02;3.614436e-02;3.240995e-02
4.385833e-02;3.501207e-02;5.832435e-02;1.343859e-01;9.157998e-02;7.962191e-03;3.711787e-02;4.070275e-02;3.042273e-01;2.064540e-01;3.460712e-02;5.768177e-03
2.471409e-02;8.770238e-02;2.633250e-02;7.558509e-02;1.407373e-01;2.063825e-02;2.166211e-02;2.870855e-02;1.831739e-01;3.400102e-01;3.698638e-02;1.374920e-02
1.273120e-02;1.810850e-01;1.935213e-02;3.914405e-02;1.621022e-01;2.893843e-02;1.481567e-02;2.027458e-02;7.472759e-02;3.801433e-01;4.517098e-02;2.151494e-02
2.884090e-02;2.617703e-01;2.927076e-02;5.251187e-02;1.609095e-01;2.634973e-02;1.371777e-02;1.032563e-02;5.282945e-02;3.001155e-01;3.810449e-02;2.525411e-02
4.778631e-02;2.607966e-01;4.139980e-02;8.586565e-02;1.693503e-01;1.814842e-02;1.924171e-02;1.199651e-02;8.211686e-02;2.150331e-01;2.995506e-02;1.830970e-02
9.733508e-02;1.483129e-01;7.617269e-02;1.472976e-01;1.615021e-01;9.395552e-03;3.402099e-02;1.137968e-02;1.280072e-01;1.549731e-01;2.089781e-02;1.070532e-02
1.243076e-01;4.141763e-02;1.040953e-01;1.817396e-01;1.246550e-01;1.611859e-02;8.111613e-02;2.103421e-02;1.521719e-01;1.118687e-01;2.628136e-02;1.519393e-02
9.959795e-02;2.658468e-02;1.530140e-01;1.945041e-01;7.503477e-02;2.456562e-02;1.220663e-01;2.876049e-02;1.482614e-01;8.180656e-02;2.191317e-02;2.389094e-02
3.932538e-02;2.470232e-02;1.716201e-01;2.026131e-01;4.477662e-02;3.173171e-02;1.256859e-01;4.814133e-02;1.602553e-01;1.047526e-01;3.254898e-02;1.384669e-02
6.107021e-02;2.916091e-02;1.937699e-01;1.845403e-01;4.704227e-02;1.706258e-02;1.140588e-01;5.988794e-02;1.023866e-01;1.228216e-01;3.443218e-02;3.376674e-02
4.127733e-02;2.491043e-02;1.790318e-01;2.091623e-01;5.145622e-02;8.664865e-03;9.921289e-02;5.384980e-02;1.350872e-01;1.355809e-01;3.458440e-02;2.718181e-02
5.013116e-02;3.205492e-02;1.736200e-01;1.904053e-01;4.811228e-02;1.108247e-02;9.715813e-02;4.990150e-02;1.522871e-01;1.267823e-01;5.359240e-02;1.487249e-02
4.400573e-02;3.789614e-02;2.148519e-01;1.125204e-01;3.616910e-02;2.532082e-02;8.545607e-02;7.472397e-02;1.064837e-01;9.462303e-02;6.144539e-02;1.065036e-01
3.158709e-02;4.227191e-02;2.574816e-01;5.926949e-02;2.746280e-02;2.618195e-02;1.643533e-01;9.259380e-02;5.156088e-02;4.930834e-02;5.507883e-02;1.428500e-01
8.062861e-03;5.087237e-02;2.575290e-01;3.669169e-02;2.237832e-02;1.993181e-02;2.534477e-01;9.025362e-02;3.561185e-02;2.957700e-02;6.981273e-02;1.258310e-01
1.398097e-02;7.543483e-02;1.961043e-01;2.498330e-02;3.158641e-02;1.887712e-02;3.411734e-01;6.938907e-02;2.238542e-02;1.804584e-02;1.048958e-01;8.314358e-02
1.609715e-02;9.592889e-02;1.220485e-01;1.634189e-02;4.109265e-02;2.214622e-02;4.197135e-01;6.336547e-02;1.974187e-02;1.715707e-02;1.242888e-01;4.207798e-02
2.898183e-02;7.998675e-02;9.619980e-02;2.009989e-02;5.860437e-02;3.554504e-02;4.326810e-01;6.556065e-02;2.605861e-02;3.761493e-02;9.916051e-02;1.950661e-02
2.943451e-02;7.385693e-02;1.229977e-01;5.324452e-02;9.542518e-02;4.749548e-02;3.446415e-01;5.393413e-02;3.202987e-02;6.441275e-02;6.389069e-02;1.863681e-02
5.069239e-02;6.033171e-02;1.600134e-01;1.056593e-01;1.170877e-01;4.171908e-02;1.704143e-01;4.157555e-02;6.672706e-02;7.509242e-02;6.600855e-02;4.467852e-02
5.888259e-02;5.251954e-02;1.614453e-01;9.417558e-02;1.153304e-01;4.317525e-02;1.402632e-01;3.673587e-02;6.338006e-02;4.912175e-02;9.484765e-02;9.012284e-02
4.979445e-02;6.231651e-02;1.420318e-01;6.948619e-02;1.027168e-01;3.190460e-02;2.023634e-01;7.431740e-02;4.579162e-02;4.348325e-02;1.103202e-01;6.547379e-02
4.214104e-02;7.567889e-02;1.243849e-01;5.721881e-02;1.023148e-01;2.851398e-02;2.369173e-01;5.569803e-02;5.396466e-02;7.972686e-02;1.160304e-01;2.741036e-02
6.607264e-02;7.643068e-02;1.030145e-01;7.299168e-02;8.483091e-02;4.531912e-02;1.751215e-01;6.711472e-02;8.081635e-02;9.257390e-02;8.255763e-02;5.315635e-02
1.076007e-01;7.249431e-02;1.464391e-01;7.536710e-02;5.232247e-02;8.617543e-02;1.415901e-01;8.019995e-02;6.656156e-02;9.250975e-02;5.638546e-02;2.235405e-02
1.054431e-01;8.983400e-02;1.608364e-01;5.646444e-02;4.652802e-02;8.693361e-02;9.349935e-02;1.120888e-01;7.618320e-02;6.446973e-02;5.353472e-02;5.418461e-02
7.736920e-02;9.563214e-02;1.466089e-01;2.132294e-02;4.288807e-02;5.511684e-02;1.084227e-01;1.822433e-01;7.361254e-02;8.431050e-02;5.916900e-02;5.330376e-02
7.581268e-02;7.299321e-02;1.315208e-01;5.025025e-02;4.877049e-02;7.870688e-02;7.455399e-02;1.671273e-01;8.184530e-02;1.071626e-01;7.698375e-02;3.427275e-02
6.343760e-02;6.864510e-02;1.272461e-01;5.768992e-02;5.191837e-02;1.144237e-01;9.501027e-02;9.028743e-02;1.017592e-01;8.622227e-02;7.938582e-02;6.397434e-02
3.837611e-02;1.029829e-01;1.037262e-01;6.636751e-02;6.908298e-02;8.199568e-02;1.150093e-01;6.882443e-02;1.330565e-01;7.824875e-02;8.500145e-02;5.732822e-02
7.804208e-02;1.175669e-01;6.798481e-02;4.807127e-02;6.782104e-02;7.319098e-02;1.016559e-01;8.318825e-02;1.183940e-01;1.086039e-01;7.474445e-02;6.073643e-02
9.628073e-02;1.157221e-01;6.267209e-02;3.325811e-02;5.218256e-02;7.409954e-02;1.035955e-01;7.435004e-02;1.124184e-01;1.216543e-01;7.298892e-02;8.077770e-02
6.535633e-02;1.239619e-01;5.265571e-02;5.605994e-02;4.844315e-02;5.999776e-02;1.256898e-01;6.488537e-02;1.467384e-01;9.950354e-02;9.365181e-02;6.305645e-02
6.629407e-02;9.453961e-02;5.386166e-02;7.534546e-02;5.966702e-02;4.443175e-02;1.732881e-01;6.210601e-02;1.278521e-01;8.533071e-02;9.226806e-02;6.501555e-02
8.560439e-02;5.774477e-02;6.987536e-02;6.156492e-02;5.873528e-02;2.866155e-02;1.605544e-01;7.174999e-02;9.738526e-02;1.069358e-01;1.199105e-01;8.127769e-02
7.737885e-02;6.146771e-02;9.431197e-02;6.799415e-02;4.550999e-02;2.725519e-02;1.537188e-01;9.715495e-02;1.237893e-01;6.839441e-02;1.249121e-01;5.811257e-02
1.202205e-01;8.614559e-02;6.225123e-02;7.134596e-02;2.917023e-02;6.020451e-02;1.626030e-01;9.221901e-02;9.426676e-02;6.486540e-02;8.440672e-02;7.230110e-02
1.014016e-01;1.072450e-01;8.658334e-02;5.860652e-02;2.721771e-02;6.651960e-02;1.435645e-01;9.808117e-02;7.922591e-02;8.543912e-02;7.682313e-02;6.929246e-02
6.971738e-02;1.194752e-01;1.236900e-01;5.223215e-02;2.931677e-02;4.953978e-02;1.385697e-01;7.955553e-02;8.104505e-02;1.212955e-01;8.037716e-02;5.518579e-02
8.489941e-02;9.001917e-02;1.310886e-01;5.688002e-02;2.583361e-02;2.660394e-02;1.464093e-01;6.736060e-02;1.005687e-01;1.444665e-01;7.533263e-02;5.053763e-02
8.796637e-02;5.582488e-02;1.184621e-01;6.533458e-02;4.116339e-02;4.323889e-02;1.367388e-01;9.967794e-02;9.836268e-02;1.310706e-01;6.526588e-02;5.689391e-02
9.502405e-02;6.853530e-02;1.099114e-01;7.412398e-02;4.693520e-02;8.247117e-02;1.307122e-01;9.835135e-02;6.582224e-02;9.979084e-02;6.235427e-02;6.596803e-02
1.006208e-01;6.732809e-02;1.413603e-01;6.498585e-02;5.170093e-02;9.152404e-02;9.505583e-02;7.054623e-02;9.527382e-02;6.911437e-02;6.728451e-02;8.520533e-02
9.199248e-02;9.029457e-02;1.186313e-01;5.805891e-02;5.543155e-02;6.206935e-02;9.864254e-02;4.089807e-02;1.000458e-01;8.723178e-02;7.011683e-02;1.265868e-01
9.286241e-02;5.316523e-02;1.196142e-01;6.353133e-02;5.239971e-02;3.434817e-02;1.078271e-01;4.098580e-02;1.020475e-01;1.015087e-01;7.748580e-02;1.542241e-01
7.350242e-02;8.647325e-02;1.222204e-01;6.412043e-02;4.375583e-02;5.123057e-02;9.570849e-02;6.623363e-02;9.625745e-02;9.034207e-02;6.336370e-02;1.467918e-01
8.332655e-02;1.327737e-01;1.042208e-01;5.686367e-02;5.199702e-02;6.209711e-02;1.044605e-01;7.730592e-02;8.583928e-02;6.104000e-02;4.762557e-02;1.324499e-01
1.033353e-01;1.239803e-01;1.259893e-01;5.313141e-02;5.055025e-02;6.819507e-02;1.109293e-01;5.542302e-02;1.017280e-01;4.018345e-02;5.024046e-02;1.163141e-01
8.829527e-02;9.117981e-02;1.072300e-01;5.794211e-02;4.978273e-02;6.511629e-02;1.422750e-01;8.246212e-02;9.841467e-02;5.815016e-02;1.175637e-01;4.158812e-02
6.865241e-02;7.016604e-02;9.878839e-02;5.981975e-02;5.203482e-02;4.922516e-02;1.374296e-01;8.754135e-02;5.778278e-02;9.113647e-02;1.303910e-01;9.703217e-02
6.823110e-02;9.105653e-02;1.139560e-01;5.616708e-02;4.663530e-02;5.435526e-02;1.065244e-01;9.354778e-02;6.868096e-02;9.715534e-02;7.058787e-02;1.331024e-01
7.024623e-02;9.751613e-02;1.396542e-01;7.911675e-02;4.490115e-02;6.756702e-02;9.203867e-02;9.634297e-02;9.669510e-02;6.088831e-02;4.433959e-02;1.106939e-01
3.163250e-02;9.007233e-02;1.304822e-01;1.017903e-01;6.610580e-02;6.572570e-02;1.081411e-01;8.273093e-02;1.090457e-01;5.974874e-02;7.071184e-02;8.381293e-02
4.116787e-02;1.105752e-01;7.533383e-02;8.156415e-02;8.785777e-02;6.063127e-02;1.128556e-01;8.651023e-02;9.376736e-02;1.043514e-01;7.400192e-02;7.138337e-02
6.672271e-02;9.715723e-02;7.856528e-02;4.365808e-02;8.330400e-02;9.457882e-02;1.096736e-01;8.805367e-02;9.611949e-02;1.180927e-01;5.114980e-02;7.292463e-02
9.395254e-02;5.661240e-02;1.237597e-01;2.383188e-02;8.337020e-02;9.962674e-02;1.264608e-01;8.375771e-02;9.310402e-02;1.050060e-01;7.901496e-02;3.150314e-02
5.854945e-02;6.801541e-02;1.606123e-01;4.232297e-02;8.430436e-02;6.196881e-02;2.227139e-01;5.570362e-02;7.814302e-02;8.182684e-02;4.914368e-02;3.669564e-02
5.610370e-02;4.077283e-02;1.801735e-01;5.468422e-02;1.021433e-01;8.673736e-02;1.805640e-01;8.733821e-02;6.943057e-02;5.907870e-02;4.276340e-02;4.021024e-02
4.537589e-02;4.802827e-02;1.496454e-01;4.917193e-02;9.262879e-02;1.083380e-01;2.181877e-01;9.405616e-02;3.574005e-02;6.062857e-02;5.469646e-02;4.350279e-02
3.020993e-02;4.710355e-02;1.528156e-01;3.449190e-02;8.203008e-02;1.232071e-01;2.268457e-01;8.064124e-02;5.644803e-02;5.026152e-02;6.561892e-02;5.032646e-02
3.721682e-02;3.125856e-02;1.890610e-01;3.299261e-02;9.624586e-02;1.300042e-01;1.721322e-01;9.404637e-02;7.170741e-02;4.870985e-02;5.012669e-02;4.649832e-02
3.954575e-02;2.135967e-02;2.482712e-01;3.691611e-02;6.981446e-02;1.495435e-01;1.587469e-01;1.145990e-01;3.559371e-02;6.171157e-02;2.268958e-02;4.120866e-02
4.668174e-02;2.482939e-02;2.330928e-01;2.805425e-02;8.783381e-02;1.535979e-01;1.836987e-01;1.116839e-01;2.142400e-02;3.147013e-02;3.677643e-02;4.085699e-02
4.937060e-02;4.510787e-02;1.340721e-01;5.126487e-02;9.399323e-02;1.071695e-01;2.115985e-01;9.247543e-02;7.510768e-02;2.965163e-02;5.664095e-02;5.354765e-02
6.345926e-02;5.743973e-02;1.232513e-01;5.007266e-02;8.769846e-02;1.384685e-01;2.046702e-01;5.220996e-02;8.453555e-02;3.368860e-02;5.387892e-02;5.062696e-02
1.124745e-01;4.400793e-02;8.086691e-02;3.751064e-02;1.146218e-01;1.793725e-01;1.977172e-01;3.040436e-02;7.101549e-02;4.706206e-02;4.824348e-02;3.670315e-02
1.400065e-01;3.957366e-02;6.882536e-02;7.788984e-02;1.100353e-01;1.978758e-01;1.375829e-01;3.019598e-02;4.338248e-02;8.028902e-02;3.948727e-02;3.485603e-02
1.611700e-01;3.947910e-02;5.461238e-02;1.087589e-01;8.169511e-02;1.897439e-01;1.584168e-01;2.207644e-02;2.875816e-02;1.080820e-01;1.681481e-02;3.039233e-02
1.743391e-01;2.536516e-02;7.806791e-02;1.184819e-01;7.799466e-02;1.576831e-01;1.393967e-01;2.365729e-02;4.612758e-02;1.163351e-01;9.823857e-03;3.272764e-02
1.631807e-01;5.103919e-02;8.762193e-02;1.135787e-01;8.428577e-02;1.138865e-01;1.720514e-01;2.085948e-02;4.086911e-02;9.425185e-02;2.593617e-02;3.243932e-02
1.484175e-01;8.646394e-02;4.866808e-02;9.348077e-02;8.590119e-02;8.547478e-02;2.974112e-01;1.643093e-02;2.395530e-02;5.198136e-02;3.503365e-02;2.678132e-02
1.577719e-01;7.033910e-02;6.119601e-02;7.920637e-02;9.154841e-02;8.255886e-02;3.411122e-01;1.428908e-02;2.331335e-02;2.988367e-02;2.077989e-02;2.800126e-02
1.077946e-01;5.648711e-02;1.086195e-01;9.258738e-02;1.198740e-01;9.963772e-02;2.564280e-01;1.810163e-02;3.713188e-02;4.388020e-02;1.905096e-02;4.040694e-02
4.804515e-02;4.531420e-02;1.758976e-01;1.325034e-01;1.316187e-01;9.622913e-02;1.546964e-01;2.197819e-02;4.564869e-02;6.234070e-02;3.187969e-02;5.384816e-02
1.196917e-01;5.228241e-02;1.697039e-01;1.245738e-01;7.803862e-02;6.873918e-02;1.645816e-01;4.018010e-02;3.429842e-02;5.760173e-02;3.436696e-02;5.594162e-02
1.274452e-01;5.698554e-02;1.058446e-01;9.767364e-02;6.007744e-02;5.350007e-02;2.462980e-01;4.341859e-02;3.749132e-02;5.992687e-02;4.185635e-02;6.948240e-02
1.380078e-01;6.722785e-02;1.048512e-01;6.903267e-02;6.933893e-02;6.478857e-02;2.655384e-01;3.827963e-02;4.565001e-02;7.845673e-02;2.004094e-02;3.878728e-02
1.332328e-01;7.698499e-02;9.930415e-02;4.890809e-02;9.425065e-02;1.078313e-01;2.308914e-01;3.733931e-02;2.421997e-02;1.007213e-01;2.089335e-02;2.542269e-02
1.276928e-01;6.299302e-02;8.650481e-02;3.196105e-02;1.188862e-01;1.105463e-01;1.881730e-01;3.122199e-02;6.417216e-02;1.162375e-01;4.075491e-02;2.085623e-02
1.096404e-01;9.866155e-02;1.577245e-01;8.892527e-02;8.837912e-02;6.957740e-02;1.245677e-01;6.592169e-02;7.058129e-02;6.394596e-02;2.946692e-02;3.260824e-02
1.143693e-01;1.018972e-01;1.564181e-01;7.848205e-02;8.749250e-02;7.030025e-02;1.036026e-01;6.720844e-02;8.322336e-02;6.840270e-02;3.110773e-02;3.749565e-02
1.192041e-01;8.982158e-02;1.778999e-01;6.598026e-02;7.764054e-02;6.612895e-02;7.505965e-02;4.331215e-02;9.974533e-02;8.203337e-02;4.776547e-02;5.540863e-02
1.299608e-01;1.098885e-01;1.614759e-01;7.094859e-02;5.460947e-02;3.091580e-02;8.548997e-02;4.785698e-02;8.981609e-02;8.916654e-02;6.856451e-02;6.130689e-02
1.141510e-01;9.641901e-02;1.850110e-01;8.377533e-02;3.958289e-02;3.172237e-02;9.458517e-02;7.134872e-02;9.272624e-02;6.791135e-02;5.285275e-02;6.991418e-02
7.343668e-02;5.982052e-02;2.656681e-01;9.013044e-02;2.616595e-02;3.107441e-02;1.145923e-01;9.976930e-02;9.053931e-02;3.803451e-02;2.650262e-02;8.426585e-02
2.674595e-02;3.520015e-02;3.383085e-01;8.031569e-02;1.444312e-02;2.702982e-02;1.372721e-01;1.286930e-01;6.658434e-02;2.346935e-02;9.303891e-03;1.126340e-01
1.484343e-02;3.030381e-02;3.635139e-01;9.020196e-02;1.109365e-02;3.792439e-02;1.505505e-01;1.212897e-01;3.901285e-02;1.668542e-02;1.372194e-02;1.108584e-01
1.932721e-02;1.045932e-02;3.586232e-01;9.939266e-02;2.078735e-02;6.997839e-02;1.672589e-01;1.057578e-01;3.176096e-02;1.535016e-02;1.086300e-02;9.044104e-02
2.271484e-02;1.904824e-02;3.429923e-01;1.063770e-01;1.423305e-02;8.163586e-02;1.592801e-01;9.118465e-02;6.025258e-02;2.130532e-02;7.126162e-03;7.384984e-02
3.453968e-02;9.986185e-03;3.048668e-01;1.129854e-01;1.678422e-02;5.796854e-02;1.349966e-01;8.560219e-02;1.382851e-01;4.021659e-02;1.453485e-02;4.923387e-02
5.051198e-02;1.875946e-02;2.338693e-01;1.105578e-01;2.704674e-02;4.882997e-02;1.386741e-01;7.765439e-02;1.786522e-01;5.707811e-02;3.390077e-02;2.446533e-02
5.065494e-02;2.381773e-02;1.454960e-01;1.040809e-01;4.545373e-02;5.592964e-02;1.437682e-01;6.671184e-02;1.532096e-01;1.053209e-01;6.844638e-02;3.711026e-02
3.207846e-02;2.787342e-02;7.448554e-02;1.066752e-01;1.012514e-01;3.612545e-02;7.099507e-02;6.497592e-02;1.242025e-01;2.133332e-01;8.166747e-02;6.633633e-02
4.110450e-02;1.791622e-02;9.660971e-02;5.254718e-02;1.218871e-01;3.094851e-02;4.985060e-02;4.467063e-02;1.251932e-01;2.644951e-01;8.523568e-02;6.954157e-02
7.430536e-02;3.881917e-02;7.969548e-02;6.526896e-02;1.176298e-01;3.437061e-02;9.223385e-02;3.727401e-02;6.172565e-02;2.513025e-01;9.878252e-02;4.859210e-02
8.879689e-02;4.088058e-02;1.033053e-01;1.004174e-01;7.115216e-02;2.322422e-02;1.032287e-01;3.224260e-02;1.390504e-01;1.795339e-01;8.387057e-02;3.429739e-02
6.712504e-02;2.537252e-02;1.455292e-01;1.441440e-01;4.354547e-02;2.813515e-02;1.081740e-01;4.797885e-02;1.758529e-01;1.248770e-01;6.217152e-02;2.709432e-02
4.708483e-02;2.228720e-02;2.134558e-01;1.455725e-01;3.606265e-02;4.371076e-02;1.141020e-01;6.551411e-02;1.463825e-01;8.131089e-02;4.164741e-02;4.286940e-02
2.926490e-02;3.435663e-02;2.931674e-01;1.094667e-01;2.808683e-02;4.378906e-02;1.698767e-01;6.633948e-02;8.743230e-02;4.604626e-02;3.385041e-02;5.832325e-02
3.037077e-02;6.557044e-02;3.122612e-01;7.171939e-02;3.845062e-02;3.023757e-02;2.414671e-01;5.171017e-02;3.838102e-02;2.693154e-02;3.537842e-02;5.752183e-02
3.866245e-02;1.134231e-01;2.273053e-01;5.644654e-02;5.377166e-02;2.990349e-02;2.949962e-01;3.840021e-02;2.767500e-02;3.896825e-02;3.929430e-02;4.115355e-02
7.458545e-02;1.417533e-01;7.422738e-02;8.521162e-02;7.054544e-02;4.358941e-02;2.272673e-01;9.280187e-02;4.025796e-02;6.428438e-02;3.572679e-02;4.974908e-02
7.232837e-02;9.559168e-02;1.728807e-01;7.965860e-02;7.008249e-02;7.023767e-02;1.393674e-01;7.439954e-02;5.458813e-02;8.884050e-02;6.050036e-02;2.152453e-02
7.682884e-02;5.620965e-02;2.046882e-01;1.294417e-01;6.863157e-02;4.090084e-02;8.464737e-02;5.804491e-02;9.136277e-02;8.578636e-02;5.192582e-02;5.153191e-02
1.133012e-01;5.178691e-02;1.461449e-01;1.682405e-01;1.148434e-01;3.258824e-02;5.817402e-02;3.305072e-02;1.366965e-01;7.207098e-02;2.206691e-02;5.103572e-02
1.175982e-01;5.290815e-02;9.753374e-02;1.626806e-01;1.529511e-01;4.450616e-02;5.661281e-02;2.575591e-02;1.522752e-01;7.666922e-02;2.859861e-02;3.191022e-02
1.188516e-01;4.216892e-02;5.350478e-02;1.622588e-01;1.686756e-01;4.420717e-02;6.616552e-02;3.770283e-02;1.897801e-01;7.477377e-02;2.754238e-02;1.436852e-02
1.118009e-01;2.080875e-02;4.654685e-02;1.932850e-01;1.228595e-01;2.742464e-02;8.878757e-02;3.755459e-02;2.462314e-01;6.893130e-02;2.863692e-02;7.132585e-03
1.012976e-01;9.806143e-03;7.960618e-02;2.196728e-01;6.274026e-02;1.175349e-02;7.785919e-02;3.285849e-02;2.957942e-01;5.817692e-02;4.224686e-02;8.187847e-03
1.152439e-01;7.293469e-03;1.027216e-01;2.360400e-01;3.602485e-02;7.613693e-03;4.388198e-02;2.790993e-02;3.157536e-01;4.029843e-02;5.614419e-02;1.107443e-02
1.513881e-01;5.015051e-03;1.113006e-01;2.407794e-01;3.768712e-02;4.135955e-03;3.130381e-02;1.684402e-02;2.899583e-01;4.097999e-02;5.797594e-02;1.263181e-02
1.645244e-01;1.133467e-02;1.170106e-01;2.402343e-01;4.411215e-02;5.525555e-03;3.413203e-02;2.022536e-02;2.537682e-01;4.399392e-02;4.982134e-02;1.531751e-02
1.318556e-01;2.266698e-02;1.433544e-01;2.547657e-01;3.668856e-02;9.628873e-03;3.144360e-02;2.744708e-02;2.439567e-01;4.136722e-02;4.233760e-02;1.448764e-02
9.719132e-02;1.452542e-02;1.437669e-01;2.707681e-01;3.803231e-02;6.493935e-03;3.703735e-02;2.347280e-02;2.685032e-01;4.050194e-02;5.114874e-02;8.558079e-03
7.651310e-02;2.673553e-02;1.305903e-01;2.414660e-01;4.100456e-02;1.296241e-02;3.494128e-02;2.935237e-02;2.901864e-01;4.040905e-02;5.340302e-02;2.243599e-02
5.357673e-02;5.063369e-02;1.572745e-01;1.649247e-01;3.374559e-02;3.108597e-02;4.478990e-02;6.272861e-02;2.677721e-01;2.754399e-02;3.174148e-02;7.418275e-02
2.893682e-02;5.625778e-02;1.938338e-01;8.471289e-02;1.781980e-02;4.639995e-02;5.677853e-02;1.140648e-01;1.953873e-01;3.022757e-02;1.635549e-02;1.592252e-01
1.948130e-02;3.981685e-02;2.232854e-01;3.919020e-02;1.076341e-02;4.360529e-02;7.156858e-02;1.744206e-01;1.085226e-01;3.960334e-02;1.765456e-02;2.120879e-01
2.034388e-02;2.609425e-02;2.171464e-01;2.860636e-02;1.573151e-02;2.584530e-02;1.161633e-01;2.015112e-01;6.506030e-02;4.483696e-02;4.335306e-02;1.953075e-01
1.625731e-02;3.209068e-02;1.881987e-01;2.196717e-02;2.005663e-02;1.562167e-02;1.951911e-01;1.849566e-01;4.048721e-02;4.324104e-02;7.875916e-02;1.631728e-01
2.267550e-02;4.427405e-02;1.310947e-01;2.046830e-02;3.795719e-02;2.337140e-02;2.892256e-01;1.142601e-01;3.754305e-02;3.816944e-02;1.091184e-01;1.318423e-01
2.381617e-02;6.193814e-02;9.443989e-02;2.585985e-02;5.724763e-02;3.143360e-02;3.235456e-01;9.924904e-02;4.375239e-02;3.411577e-02;1.023230e-01;1.022789e-01
1.596017e-02;6.779835e-02;8.626710e-02;3.390212e-02;5.526745e-02;2.947388e-02;3.653090e-01;1.162480e-01;4.506439e-02;3.944330e-02;5.835404e-02;8.691219e-02
2.766898e-02;7.761126e-02;1.526801e-01;2.995081e-02;4.095964e-02;2.863361e-02;3.779795e-01;1.046381e-01;3.742539e-02;3.330230e-02;3.622941e-02;5.292091e-02
3.675767e-02;1.156325e-01;1.268055e-01;1.538356e-02;7.790474e-02;2.983632e-02;4.366581e-01;5.222423e-02;1.624866e-02;1.800243e-02;5.615382e-02;1.839237e-02
5.014402e-02;1.385456e-01;7.060254e-02;1.207027e-02;8.009394e-02;3.861932e-02;4.655271e-01;3.837520e-02;1.964337e-02;1.915772e-02;5.936263e-02;7.858310e-03
5.729461e-02;1.553965e-01;3.313506e-02;1.010351e-02;6.239865e-02;3.849298e-02;4.867676e-01;4.774072e-02;2.282576e-02;1.656435e-02;6.153786e-02;7.742445e-03
6.697934e-02;1.668293e-01;4.155134e-02;7.785316e-03;5.671920e-02;4.077602e-02;4.921903e-01;1.810450e-02;2.672949e-02;1.895109e-02;5.860329e-02;4.780812e-03
7.188299e-02;1.726571e-01;4.503298e-02;1.149408e-02;5.431047e-02;4.031450e-02;4.754919e-01;2.281450e-02;2.040121e-02;1.896193e-02;6.146629e-02;5.172106e-03
6.443420e-02;1.612971e-01;8.158319e-02;1.269570e-02;6.203526e-02;3.335668e-02;4.514606e-01;2.355869e-02;1.478443e-02;2.062498e-02;6.278595e-02;1.138322e-02
4.203431e-02;1.262043e-01;1.505772e-01;1.521168e-02;6.159397e-02;2.419404e-02;3.990385e-01;5.600831e-02;2.507480e-02;2.573818e-02;5.193296e-02;2.239182e-02
2.426130e-02;8.302914e-02;2.179196e-01;1.132120e-02;5.463807e-02;2.379253e-02;3.790386e-01;8.430114e-02;3.312251e-02;2.938310e-02;3.041116e-02;2.878170e-02
1.458099e-02;2.991807e-02;2.788899e-01;2.531819e-02;3.311830e-02;3.371107e-02;3.437107e-01;9.269519e-02;4.521853e-02;4.754570e-02;1.684172e-02;3.845160e-02
1.717492e-02;2.564049e-02;2.934308e-01;4.718081e-02;3.082614e-02;3.814074e-02;2.857234e-01;7.935582e-02;6.423490e-02;5.715512e-02;2.050992e-02;4.062697e-02
3.035840e-02;2.613012e-02;2.359071e-01;1.060358e-01;5.464233e-02;2.466497e-02;2.029917e-01;6.864154e-02;1.143832e-01;8.577454e-02;2.752068e-02;2.294952e-02
4.487736e-02;1.397846e-02;1.325521e-01;1.935563e-01;6.390166e-02;7.472139e-03;1.109752e-01;6.704193e-02;1.861696e-01;1.339692e-01;3.810723e-02;7.398887e-03
6.003592e-02;1.031929e-02;6.725709e-02;2.438542e-01;4.083504e-02;7.471310e-03;5.618281e-02;6.604324e-02;2.337047e-01;1.658511e-01;4.304951e-02;5.395855e-03
5.857259e-02;1.383160e-02;4.409059e-02;2.365119e-01;3.739983e-02;9.508243e-03;4.978212e-02;6.049429e-02;2.379765e-01;1.937623e-01;5.028767e-02;7.782440e-03
5.544819e-02;1.437314e-02;5.435358e-02;1.823355e-01;7.005350e-02;2.265264e-02;6.232788e-02;4.192910e-02;2.058821e-01;2.289968e-01;5.418253e-02;7.464984e-03
3.860338e-02;2.856321e-02;3.061904e-02;1.180458e-01;1.311888e-01;4.919842e-02;4.186441e-02;2.722235e-02;1.539802e-01;2.921773e-01;7.336986e-02;1.516728e-02
2.751221e-02;6.381955e-02;2.095207e-02;6.193269e-02;1.646160e-01;5.521195e-02;2.806454e-02;3.046424e-02;8.897184e-02;3.272782e-01;1.038484e-01;2.732836e-02
1.820935e-02;9.090917e-02;4.517970e-02;3.670953e-02;1.488306e-01;5.118548e-02;2.676210e-02;3.916569e-02;5.108485e-02;3.177148e-01;1.351163e-01;3.913240e-02
2.409443e-02;8.600846e-02;8.106539e-02;3.142685e-02;1.013947e-01;6.457970e-02;4.778473e-02;3.686564e-02;3.264347e-02;2.772515e-01;1.691654e-01;4.771972e-02
2.579679e-02;6.289318e-02;9.356184e-02;4.335935e-02;5.717067e-02;9.141609e-02;8.454511e-02;3.951029e-02;2.732909e-02;2.142581e-01;2.113332e-01;4.882628e-02
1.809771e-02;6.508264e-02;5.277010e-02;4.702182e-02;4.801942e-02;8.940551e-02;9.317201e-02;6.638297e-02;2.592002e-02;2.179248e-01;2.427905e-01;3.341253e-02
1.177653e-02;8.294152e-02;3.854133e-02;3.884664e-02;7.993765e-02;6.790072e-02;6.937420e-02;1.088381e-01;3.090120e-02;2.366560e-01;2.113482e-01;2.293801e-02
7.521625e-03;1.008462e-01;2.215996e-02;2.560963e-02;1.164915e-01;4.267622e-02;3.493880e-02;1.307710e-01;4.148265e-02;2.672802e-01;1.734895e-01;3.673283e-02
3.709067e-02;7.238355e-02;3.734668e-02;3.950349e-02;1.254550e-01;2.148202e-02;6.438508e-02;1.076791e-01;7.372054e-02;2.485332e-01;1.230701e-01;4.935062e-02
5.499472e-02;2.934010e-02;1.006308e-01;9.525594e-02;8.644751e-02;1.702119e-02;1.038738e-01;7.216174e-02;1.455913e-01;1.697675e-01;8.173159e-02;4.318378e-02
5.583730e-02;1.887153e-02;1.816811e-01;1.339795e-01;4.305976e-02;9.661011e-03;1.164872e-01;5.383544e-02;1.935433e-01;1.108017e-01;5.583236e-02;2.640991e-02
4.583318e-02;1.936101e-02;2.103179e-01;1.332632e-01;2.851578e-02;1.603251e-02;1.512962e-01;7.382879e-02;1.759405e-01;9.500683e-02;3.528450e-02;1.531971e-02
2.488530e-02;1.514894e-02;1.776532e-01;8.602828e-02;2.772403e-02;2.695730e-02;2.984420e-01;9.141440e-02;9.924300e-02;8.211493e-02;3.277266e-02;3.761593e-02
1.899149e-02;1.918245e-02;1.208194e-01;4.831901e-02;3.762002e-02;2.752594e-02;4.490010e-01;8.692641e-02;5.210943e-02;6.812483e-02;3.061020e-02;4.076983e-02
1.625795e-02;3.087410e-02;5.722410e-02;3.208607e-02;3.842026e-02;2.362710e-02;5.386713e-01;8.154800e-02;4.054042e-02;6.373020e-02;3.400690e-02;4.301367e-02
1.313620e-02;2.397525e-02;1.297198e-01;2.964006e-02;2.699778e-02;1.855743e-02;4.632460e-01;8.575336e-02;4.950790e-02;9.149914e-02;4.211296e-02;2.585400e-02
1.667033e-02;3.772610e-02;2.054009e-01;2.777701e-02;3.306798e-02;1.506569e-02;3.742870e-01;6.818604e-02;3.891777e-02;8.511784e-02;5.065028e-02;4.713312e-02
1.443678e-02;4.370679e-02;2.427452e-01;1.748608e-02;2.910636e-02;1.157613e-02;2.983192e-01;7.416128e-02;5.198640e-02;8.639932e-02;4.249735e-02;8.757915e-02
1.057806e-02;3.626064e-02;2.718499e-01;2.402785e-02;1.795593e-02;2.372141e-02;2.344453e-01;9.979899e-02;6.366685e-02;8.097740e-02;2.629189e-02;1.104259e-01
2.006652e-02;4.513073e-02;2.489326e-01;2.967377e-02;2.023106e-02;3.369797e-02;2.534593e-01;9.895793e-02;5.797432e-02;6.828505e-02;2.561115e-02;9.797966e-02
2.145929e-02;4.709017e-02;1.863923e-01;2.431885e-02;2.254190e-02;2.357897e-02;3.403462e-01;1.124532e-01;5.827612e-02;7.459114e-02;1.943372e-02;6.951818e-02
3.346482e-02;3.620296e-02;1.435799e-01;2.175367e-02;1.967975e-02;1.770382e-02;3.952852e-01;1.067960e-01;6.512108e-02;8.048319e-02;2.458825e-02;5.534142e-02
2.028026e-02;2.836876e-02;1.207945e-01;1.903527e-02;2.753609e-02;2.999408e-02;4.507287e-01;9.275483e-02;6.558511e-02;7.369111e-02;1.969900e-02;5.153237e-02
1.849378e-02;2.795368e-02;1.433532e-01;2.064374e-02;3.694085e-02;2.731827e-02;4.596258e-01;8.799800e-02;5.694097e-02;4.758165e-02;2.162080e-02;5.152919e-02
1.467321e-02;2.289872e-02;1.866878e-01;5.229427e-02;4.997499e-02;2.751178e-02;3.494200e-01;8.801667e-02;7.021151e-02;6.618918e-02;2.050127e-02;5.162063e-02
1.787191e-02;1.863465e-02;1.933313e-01;1.140457e-01;7.729910e-02;2.612986e-02;2.135963e-01;7.259604e-02;1.085375e-01;8.878870e-02;3.299094e-02;3.617808e-02
4.718977e-02;1.222214e-02;1.667942e-01;1.776347e-01;8.193991e-02;1.606130e-02;1.010203e-01;7.056569e-02;1.412005e-01;1.149752e-01;5.298965e-02;1.740666e-02
6.511552e-02;1.171175e-02;1.432872e-01;1.810196e-01;6.158894e-02;9.120631e-03;1.289814e-01;6.458402e-02;1.281240e-01;1.215792e-01;6.850301e-02;1.638461e-02
5.543232e-02;1.561586e-02;1.491891e-01;1.245958e-01;4.578987e-02;2.014655e-02;2.636158e-01;5.373692e-02;8.084185e-02;1.024116e-01;6.484339e-02;2.378100e-02
5.215734e-02;2.203525e-02;1.647311e-01;7.128691e-02;5.734790e-02;3.520920e-02;3.730847e-01;3.840873e-02;3.871925e-02;7.482962e-02;4.810195e-02;2.408811e-02
5.207859e-02;2.872483e-02;2.051649e-01;5.741886e-02;6.557745e-02;3.555514e-02;3.578554e-01;3.987814e-02;3.532628e-02;5.219435e-02;4.092205e-02;2.930403e-02
5.600100e-02;4.052461e-02;2.264319e-01;9.120405e-02;6.046288e-02;2.348518e-02;2.669024e-01;4.669735e-02;5.522232e-02;5.360061e-02;3.393310e-02;4.553457e-02
2.946563e-02;3.786715e-02;1.776468e-01;1.226482e-01;7.026217e-02;4.464566e-02;2.139396e-01;4.637134e-02;4.751727e-02;1.382825e-01;2.739435e-02;4.395933e-02
6.495887e-02;6.443077e-02;1.037645e-01;3.806825e-02;5.708432e-02;8.125054e-02;8.979160e-02;6.332425e-02;9.266309e-02;2.615874e-01;5.441886e-02;2.865758e-02
7.625399e-02;7.224404e-02;6.493378e-02;2.988639e-02;5.054158e-02;8.854194e-02;8.753452e-02;6.883702e-02;9.818994e-02;2.751478e-01;6.007076e-02;2.781829e-02
7.598693e-02;7.732735e-02;5.607980e-02;4.199063e-02;5.974075e-02;8.683997e-02;1.007366e-01;6.013194e-02;8.974022e-02;2.633457e-01;5.423287e-02;3.384719e-02
6.876050e-02;8.597677e-02;5.456709e-02;6.924576e-02;6.199408e-02;7.825664e-02;1.202009e-01;7.869347e-02;7.341418e-02;2.172088e-01;6.007062e-02;3.161127e-02
7.526827e-02;3.206857e-02;1.182627e-01;5.503287e-02;4.931870e-02;8.656587e-02;1.358943e-01;8.221412e-02;9.822188e-02;1.092567e-01;1.115982e-01;4.629774e-02
3.806508e-02;3.662409e-02;3.695399e-01;4.431833e-02;7.524257e-02;6.888977e-02;1.609996e-01;2.918812e-02;3.659610e-02;7.482019e-02;4.384447e-02;2.187181e-02
4.564132e-02;3.454010e-02;3.859956e-01;3.779128e-02;7.626491e-02;5.148454e-02;1.557262e-01;2.656695e-02;3.278475e-02;7.059404e-02;5.830802e-02;2.430221e-02
4.323989e-02;3.759759e-02;3.516933e-01;3.506657e-02;6.982093e-02;4.953173e-02;1.309940e-01;2.685212e-02;3.383050e-02;8.840946e-02;1.014830e-01;3.148093e-02
3.198646e-02;4.277657e-02;2.323753e-01;3.496422e-02;6.766926e-02;5.811517e-02;7.656577e-02;3.042873e-02;5.057778e-02;1.446137e-01;1.951337e-01;3.479341e-02
2.721980e-02;3.447966e-02;8.370131e-02;2.884720e-02;6.029297e-02;6.462269e-02;1.195921e-01;3.268224e-02;7.429499e-02;1.627688e-01;2.538667e-01;5.763145e-02
9.260130e-02;4.298961e-02;1.237381e-01;2.874096e-02;4.098837e-02;4.278003e-02;1.543797e-01;4.962220e-02;5.090455e-02;1.063273e-01;1.733061e-01;9.362181e-02
2.002396e-01;6.345441e-02;1.995407e-01;4.162722e-02;3.759170e-02;2.034103e-02;1.166804e-01;7.822390e-02;1.532389e-02;4.869592e-02;8.373843e-02;9.454284e-02
2.661984e-01;6.695638e-02;1.794518e-01;4.191661e-02;3.327989e-02;1.555903e-02;1.071411e-01;8.946934e-02;2.125415e-02;3.712946e-02;5.242085e-02;8.922290e-02
2.640083e-01;4.664689e-02;1.368060e-01;4.673209e-02;2.623326e-02;1.594773e-02;1.402780e-01;8.841244e-02;1.799143e-02;5.343547e-02;6.262369e-02;1.008847e-01
2.258153e-01;3.277660e-02;1.181115e-01;6.131030e-02;1.542155e-02;2.055417e-02;1.702244e-01;7.205560e-02;1.678886e-02;6.350946e-02;7.783191e-02;1.256004e-01
1.670204e-01;2.842111e-02;1.109028e-01;5.782037e-02;1.605743e-02;3.431520e-02;1.774182e-01;5.567779e-02;2.691691e-02;6.530842e-02;1.214416e-01;1.386998e-01
1.181074e-01;2.173265e-02;1.073729e-01;4.197220e-02;1.977842e-02;6.189764e-02;1.398744e-01;6.056422e-02;3.759567e-02;8.456067e-02;1.844175e-01;1.221264e-01
7.939401e-02;3.449043e-02;1.084684e-01;2.516668e-02;3.233356e-02;7.855301e-02;6.105928e-02;7.877310e-02;5.872846e-02;1.544739e-01;2.092464e-01;7.931279e-02
4.630153e-02;5.214702e-02;9.483901e-02;3.774569e-02;5.576792e-02;6.351481e-02;8.426780e-02;8.314459e-02;7.963762e-02;2.083021e-01;1.510114e-01;4.332054e-02
2.716101e-02;4.937992e-02;7.857946e-02;5.682284e-02;6.823592e-02;4.392780e-02;1.024781e-01;7.745960e-02;1.455663e-01;2.381259e-01;8.457400e-02;2.768921e-02
3.304940e-02;3.376019e-02;1.012391e-01;6.011513e-02;5.216116e-02;7.354606e-02;1.056332e-01;1.017665e-01;1.433977e-01;2.114044e-01;5.647152e-02;2.745557e-02
