4.283802e-02;3.192544e-01;1.756212e-01;2.561492e-02;2.677548e-02;1.305386e-01;1.055219e-01;5.714962e-02;6.607168e-02;1.620115e-02;1.156665e-02;2.284642e-02
3.905551e-02;3.746227e-01;2.553236e-01;1.973112e-02;2.688100e-02;1.057929e-01;3.495208e-02;3.679831e-02;6.363039e-02;2.122261e-02;5.852752e-03;1.613712e-02
2.819907e-02;3.494008e-01;3.481719e-01;2.616571e-02;2.345446e-02;8.558310e-02;1.261887e-02;2.885986e-02;3.979341e-02;4.031513e-02;7.049572e-03;1.038802e-02
1.893995e-02;2.793142e-01;4.494577e-01;3.392525e-02;2.197277e-02;5.160628e-02;3.640043e-02;2.058796e-02;2.312906e-02;5.239334e-02;4.784389e-03;7.488689e-03
1.665862e-02;2.601825e-01;5.065984e-01;1.930367e-02;1.385755e-02;2.899157e-02;5.230427e-02;2.185572e-02;1.798750e-02;4.989122e-02;3.868384e-03;8.500655e-03
1.798817e-02;2.598269e-01;5.356447e-01;2.106923e-02;5.538374e-03;1.186106e-02;6.241824e-02;2.017698e-02;9.320137e-03;4.183738e-02;5.479115e-03;8.839780e-03
1.936597e-02;2.302187e-01;5.315415e-01;2.955469e-02;1.038578e-02;2.107973e-02;6.185501e-02;2.068731e-02;1.672770e-02;3.426258e-02;1.470838e-02;9.612693e-03
2.421294e-02;1.978249e-01;4.918401e-01;6.548534e-02;9.710963e-03;3.967430e-02;4.668478e-02;2.285516e-02;1.852424e-02;4.216584e-02;3.348353e-02;7.537863e-03
2.160665e-02;2.070457e-01;3.290781e-01;1.373654e-01;1.959890e-02;7.267831e-02;3.102029e-02;3.816301e-02;2.399354e-02;3.724550e-02;7.067393e-02;1.153069e-02
2.391175e-02;1.985657e-01;1.097967e-01;1.963347e-01;3.179925e-02;1.438501e-01;3.071016e-02;6.873479e-02;3.063244e-02;3.477738e-02;1.159342e-01;1.495286e-02
2.084593e-02;1.697457e-01;3.041492e-01;1.194099e-01;4.027411e-02;1.399242e-01;1.730619e-02;5.405654e-02;1.453053e-02;1.442183e-02;7.650488e-02;2.883098e-02
2.031287e-02;1.432890e-01;3.361152e-01;6.880189e-02;7.003907e-02;1.946162e-01;2.373443e-02;3.259262e-02;9.762520e-03;1.094297e-02;4.487954e-02;4.491372e-02
1.555574e-02;1.239680e-01;2.352783e-01;4.338681e-02;9.728148e-02;2.888558e-01;2.844083e-02;1.823508e-02;1.798592e-02;1.754724e-02;3.262559e-02;8.083922e-02
1.736605e-02;1.013963e-01;4.590908e-02;4.163920e-02;1.162738e-01;4.192331e-01;3.793503e-02;1.486032e-02;3.036803e-02;2.465532e-02;3.623302e-02;1.141308e-01
1.544399e-02;8.983992e-02;1.383958e-01;2.593510e-02;7.838667e-02;4.429915e-01;2.165437e-02;2.046666e-02;3.330231e-02;2.662187e-02;2.364888e-02;8.331300e-02
2.019815e-02;7.638444e-02;1.038462e-01;1.742060e-02;6.872337e-02;5.384957e-01;1.759657e-02;1.929354e-02;2.622840e-02;2.734858e-02;1.423853e-02;7.022593e-02
2.897887e-02;6.980377e-02;1.595122e-01;2.650114e-02;6.465281e-02;5.418509e-01;1.162758e-02;1.643181e-02;1.315795e-02;1.597817e-02;1.439722e-02;3.710755e-02
3.150437e-02;9.703539e-02;1.821418e-01;1.811692e-02;4.188349e-02;5.298487e-01;1.046964e-02;3.106594e-02;9.668222e-03;5.543109e-03;1.331297e-02;2.940946e-02
2.497327e-02;1.068273e-01;2.028955e-01;1.396396e-02;1.756423e-02;5.431349e-01;8.826207e-03;3.428295e-02;1.215183e-02;3.864090e-03;1.196977e-02;1.954598e-02
1.830145e-02;9.705391e-02;1.781045e-01;2.075086e-02;2.438877e-02;5.785341e-01;1.412891e-02;2.494173e-02;1.824734e-02;1.061154e-02;6.116952e-03;8.819948e-03
2.142993e-02;1.221761e-01;1.440841e-01;1.935774e-02;2.442542e-02;5.530652e-01;1.077178e-02;4.472621e-02;2.409714e-02;1.476750e-02;1.170236e-02;9.396440e-03
2.324155e-02;1.537240e-01;2.597791e-01;2.144166e-02;1.506241e-02;3.928788e-01;1.064877e-02;6.246150e-02;2.001926e-02;8.615001e-03;2.066737e-02;1.146065e-02
1.946739e-02;1.693909e-01;3.702766e-01;1.811242e-02;3.159772e-02;1.920754e-01;1.216979e-02;8.598529e-02;3.418661e-02;1.727408e-02;2.746395e-02;2.199983e-02
2.945740e-02;1.401924e-01;2.511981e-01;2.331039e-02;3.682779e-02;2.645189e-01;3.723717e-02;9.037218e-02;4.416087e-02;2.059260e-02;2.265408e-02;3.947802e-02
2.204038e-02;1.159538e-01;2.337790e-01;1.906963e-02;2.413356e-02;3.325704e-01;4.982795e-02;9.216436e-02;4.176662e-02;1.948902e-02;1.110618e-02;3.809913e-02
1.913405e-02;1.180860e-01;1.983901e-01;3.494905e-02;4.625150e-02;3.394186e-01;6.798923e-02;6.403039e-02;4.439259e-02;2.701784e-02;2.354407e-02;1.679655e-02
2.302162e-02;9.292980e-02;1.274532e-01;3.230872e-02;5.727228e-02;3.121737e-01;1.157726e-01;5.974482e-02;5.383298e-02;4.446434e-02;3.758018e-02;4.344576e-02
2.172973e-02;7.182595e-02;1.005605e-01;2.407814e-02;6.434796e-02;3.022019e-01;1.463339e-01;8.304571e-02;4.824784e-02;3.838492e-02;3.443409e-02;6.480935e-02
1.857790e-02;1.069365e-01;1.085414e-01;3.260151e-02;7.591334e-02;2.868037e-01;1.344379e-01;8.372280e-02;3.747065e-02;2.371593e-02;2.088998e-02;7.038832e-02
4.664134e-02;1.674667e-01;2.328351e-01;4.205215e-02;6.615777e-02;1.740925e-01;9.689885e-02;5.851606e-02;2.663457e-02;2.847621e-02;2.809847e-02;3.213031e-02
4.191088e-02;8.016343e-02;1.036793e-01;8.844268e-02;1.283764e-01;2.126109e-01;7.271548e-02;1.349902e-01;2.713855e-02;1.972196e-02;5.135579e-02;3.889452e-02
2.713004e-02;4.812884e-02;9.347231e-02;1.384724e-01;1.106475e-01;1.726172e-01;5.665207e-02;1.912787e-01;2.208497e-02;1.547398e-02;9.234122e-02;3.170076e-02
2.719200e-02;4.820310e-02;1.353842e-01;1.624097e-01;6.544762e-02;9.698138e-02;5.418255e-02;2.186713e-01;1.994422e-02;3.508176e-02;1.212256e-01;1.527659e-02
4.090834e-02;5.122694e-02;2.114264e-01;1.237224e-01;2.886448e-02;6.485339e-02;8.338149e-02;1.572034e-01;2.662399e-02;8.558190e-02;1.177778e-01;8.429489e-03
5.459664e-02;5.754758e-02;2.704733e-01;5.657882e-02;3.190523e-02;8.849458e-02;1.290100e-01;4.943666e-02;2.694613e-02;1.615563e-01;6.185498e-02;1.159966e-02
5.536210e-02;6.134646e-02;2.857646e-01;2.731759e-02;3.798486e-02;6.249236e-02;1.399641e-01;2.166700e-02;2.971180e-02;2.278936e-01;2.377105e-02;2.672443e-02
4.699032e-02;8.608177e-02;2.854656e-01;2.674423e-02;3.767093e-02;3.596629e-02;1.082000e-01;2.692360e-02;3.896399e-02;2.384896e-01;3.577823e-02;3.272552e-02
2.974015e-02;1.564362e-01;2.639672e-01;2.850865e-02;3.679456e-02;6.589216e-02;5.083666e-02;3.964511e-02;5.615044e-02;1.912306e-01;4.537270e-02;3.542563e-02
2.982863e-02;2.088334e-01;2.110389e-01;2.755457e-02;3.109493e-02;9.935116e-02;2.541253e-02;3.990186e-02;9.525694e-02;1.080992e-01;3.878940e-02;8.483860e-02
4.644157e-02;2.388951e-01;1.911853e-01;2.363248e-02;2.930135e-02;1.005659e-01;3.765061e-02;5.680448e-02;1.183605e-01;4.461714e-02;1.516523e-02;9.738036e-02
5.470478e-02;2.299879e-01;2.210610e-01;3.398105e-02;2.245691e-02;8.391262e-02;3.579333e-02;8.186311e-02;1.018048e-01;3.750015e-02;3.052767e-02;6.640667e-02
4.247631e-02;2.199889e-01;2.759148e-01;4.583712e-02;2.816574e-02;1.107876e-01;3.341411e-02;6.220704e-02;6.375030e-02;5.686161e-02;3.734747e-02;2.324898e-02
3.598408e-02;2.858423e-01;2.146694e-01;4.149741e-02;3.182292e-02;1.364131e-01;4.240172e-02;3.461140e-02;5.296120e-02;8.327167e-02;2.767964e-02;1.284512e-02
3.423378e-02;3.127302e-01;2.330363e-01;3.437776e-02;2.108223e-02;1.249492e-01;4.812301e-02;2.943992e-02;6.321867e-02;5.939463e-02;2.183420e-02;1.758010e-02
3.931636e-02;3.147612e-01;2.057346e-01;4.667322e-02;2.097856e-02;9.559310e-02;5.077489e-02;4.046599e-02;1.014513e-01;4.546954e-02;2.936482e-02;9.416411e-03
4.159052e-02;2.916653e-01;1.561273e-01;4.280157e-02;2.006361e-02;1.089137e-01;3.954504e-02;3.438818e-02;1.392620e-01;7.748710e-02;3.361020e-02;1.454548e-02
3.928564e-02;2.858792e-01;1.726594e-01;3.757893e-02;1.989053e-02;1.107452e-01;3.617688e-02;5.136438e-02;1.455985e-01;5.836675e-02;2.862543e-02;1.382921e-02
4.748224e-02;3.312957e-01;1.312321e-01;3.262901e-02;1.720179e-02;1.040152e-01;2.774852e-02;5.896969e-02;1.464796e-01;6.877299e-02;1.968569e-02;1.448758e-02
4.670143e-02;3.440327e-01;2.010484e-01;1.954470e-02;1.083873e-02;8.030048e-02;2.973559e-02;3.927932e-02;1.137966e-01;8.473264e-02;1.582552e-02;1.416392e-02
4.090488e-02;3.455620e-01;2.506363e-01;2.332904e-02;1.268507e-02;9.447663e-02;3.719447e-02;3.509809e-02;9.048652e-02;4.476354e-02;8.368935e-03;1.649441e-02
3.548307e-02;3.452285e-01;3.041003e-01;1.492284e-02;1.595846e-02;9.795987e-02;3.735330e-02;3.456644e-02;5.586955e-02;3.952365e-02;8.367028e-03;1.066702e-02
3.555883e-02;3.485350e-01;3.343722e-01;1.812009e-02;1.489633e-02;9.856804e-02;2.615006e-02;2.998873e-02;2.902354e-02;4.703246e-02;1.104920e-02;6.705522e-03
3.878422e-02;3.600729e-01;3.259845e-01;1.897615e-02;1.166370e-02;1.048358e-01;1.787128e-02;3.870277e-02;2.441136e-02;4.443950e-02;6.325612e-03;7.932196e-03
4.965692e-02;3.815512e-01;2.797255e-01;2.048936e-02;1.068280e-02;8.175495e-02;2.653863e-02;4.714308e-02;4.335690e-02;4.017255e-02;8.287908e-03;1.064019e-02
6.474935e-02;2.759500e-01;2.473029e-01;3.419487e-02;2.429511e-02;5.949016e-02;2.936112e-02;7.457964e-02;7.741211e-02;6.043077e-02;3.691957e-02;1.531441e-02
5.626418e-02;2.084842e-01;2.650988e-01;3.590474e-02;2.884272e-02;6.836502e-02;3.502437e-02;6.278788e-02;9.112796e-02;6.526387e-02;6.097683e-02;2.185936e-02
3.923426e-02;2.711638e-01;2.863712e-01;2.158809e-02;2.427533e-02;6.978372e-02;3.494392e-02;3.857155e-02;7.720755e-02;7.907540e-02;4.497796e-02;1.280717e-02
3.577968e-02;2.748127e-01;2.370874e-01;3.461811e-02;2.362564e-02;1.046046e-01;4.269401e-02;4.969045e-02;6.611887e-02;7.822879e-02;2.790074e-02;2.483900e-02
4.085428e-02;1.827549e-01;2.230857e-01;4.973046e-02;4.228125e-02;1.305983e-01;4.134037e-02;7.745069e-02;6.650873e-02;6.706461e-02;4.193266e-02;3.639808e-02
4.123201e-02;1.720119e-01;2.294294e-01;7.100852e-02;3.551318e-02;1.203216e-01;5.256454e-02;8.912183e-02;6.083542e-02;4.863910e-02;4.118475e-02;3.813770e-02
4.124271e-02;1.706651e-01;2.258828e-01;7.460368e-02;3.469615e-02;1.689600e-01;4.195617e-02;8.534734e-02;7.130896e-02;3.390607e-02;2.043118e-02;3.099987e-02
3.224061e-02;2.273430e-01;2.159065e-01;5.009010e-02;2.045894e-02;1.537778e-01;4.416702e-02;6.591640e-02;8.377018e-02;5.393419e-02;3.142090e-02;2.097438e-02
4.387614e-02;2.927808e-01;1.802944e-01;2.402143e-02;1.455979e-02;8.916289e-02;9.250140e-02;4.117765e-02;7.656123e-02;1.044404e-01;2.939490e-02;1.122891e-02
5.591643e-02;2.846222e-01;1.744743e-01;1.869071e-02;2.176610e-02;6.928993e-02;1.205284e-01;4.920232e-02;5.310405e-02;1.174499e-01;2.302560e-02;1.193007e-02
6.738227e-02;2.705118e-01;1.715853e-01;2.531539e-02;3.599058e-02;1.030988e-01;1.075826e-01;5.020918e-02;3.596755e-02;8.288381e-02;3.529682e-02;1.417582e-02
7.978330e-02;2.532479e-01;1.687109e-01;2.929385e-02;4.430978e-02;1.358496e-01;7.495628e-02;7.549264e-02;4.401214e-02;4.613883e-02;3.431727e-02;1.388741e-02
8.584823e-02;1.625061e-01;1.765778e-01;2.570680e-02;6.012241e-02;1.530541e-01;4.357734e-02;1.465281e-01;4.664767e-02;5.857487e-02;2.274098e-02;1.811562e-02
7.935696e-02;2.313055e-01;2.367304e-01;1.820572e-02;5.396930e-02;9.743849e-02;1.337138e-02;1.561660e-01;3.724343e-02;4.317869e-02;1.504715e-02;1.798703e-02
6.656066e-02;2.540391e-01;2.507997e-01;1.874160e-02;3.139654e-02;9.021215e-02;2.549702e-02;1.251510e-01;7.775848e-02;3.194232e-02;1.048006e-02;1.742137e-02
6.258066e-02;2.642263e-01;2.345882e-01;2.158562e-02;1.281456e-02;9.870001e-02;4.166479e-02;7.743901e-02;8.707648e-02;6.062829e-02;1.289401e-02;2.580200e-02
4.777208e-02;2.506949e-01;2.499811e-01;3.809042e-02;1.167242e-02;7.511940e-02;5.312901e-02;8.667415e-02;7.046101e-02;8.392331e-02;9.476447e-03;2.300574e-02
3.031984e-02;2.634802e-01;2.388221e-01;2.969489e-02;1.281781e-02;1.017944e-01;4.074400e-02;9.792209e-02;7.830524e-02;6.992722e-02;2.349507e-02;1.267708e-02
2.691652e-02;2.736087e-01;1.819523e-01;2.234378e-02;2.009193e-02;2.019832e-01;3.157970e-02;7.950680e-02;7.550509e-02;3.572029e-02;3.205596e-02;1.873564e-02
4.489053e-02;2.200580e-01;1.188889e-01;4.233133e-02;2.343677e-02;2.830044e-01;2.588689e-02;7.944056e-02;5.874940e-02;5.080532e-02;3.648036e-02;1.602749e-02
5.483919e-02;2.358252e-01;1.907695e-01;3.217746e-02;1.853174e-02;1.944804e-01;3.991209e-02;9.343234e-02;5.119163e-02;4.159125e-02;3.034582e-02;1.690335e-02
6.090470e-02;2.752787e-01;2.256401e-01;1.557439e-02;1.576323e-02;1.318454e-01;4.863715e-02;7.857501e-02;6.695870e-02;3.840154e-02;2.126086e-02;2.116019e-02
5.451962e-02;2.922075e-01;2.793072e-01;2.603960e-02;1.437004e-02;9.339312e-02;4.549893e-02;5.303964e-02;7.464325e-02;3.833887e-02;9.073437e-03;1.956876e-02
4.480951e-02;2.336232e-01;3.339951e-01;5.626154e-02;2.328912e-02;6.479453e-02;4.718942e-02;5.392354e-02;5.980448e-02;3.372578e-02;1.969201e-02;2.889178e-02
3.806516e-02;1.806800e-01;2.750346e-01;8.400158e-02;4.142309e-02;1.019938e-01;5.381403e-02;6.331510e-02;3.700018e-02;5.301915e-02;2.959159e-02;4.206175e-02
3.788738e-02;1.783947e-01;2.146031e-01;8.849440e-02;6.017260e-02;1.338742e-01;4.356377e-02;6.640586e-02;3.843452e-02;6.186401e-02;3.353503e-02;4.277041e-02
3.476170e-02;2.065313e-01;2.603516e-01;6.929006e-02;5.498805e-02;1.415986e-01;3.012334e-02;6.392859e-02;3.935670e-02;4.446379e-02;2.318702e-02;3.141931e-02
3.991126e-02;2.457569e-01;2.589328e-01;4.859436e-02;4.434530e-02;1.030345e-01;4.509307e-02;7.912705e-02;5.075999e-02;2.792952e-02;2.178852e-02;3.472669e-02
6.426346e-02;2.159958e-01;1.841257e-01;6.734500e-02;3.295228e-02;8.758765e-02;7.316637e-02;7.694365e-02;5.576248e-02;6.000683e-02;2.245427e-02;5.939649e-02
6.692757e-02;1.969451e-01;1.571084e-01;8.197618e-02;1.836231e-02;8.620169e-02;7.327663e-02;8.550293e-02;6.749866e-02;7.257148e-02;2.600547e-02;6.762362e-02
4.876469e-02;2.741522e-01;2.300248e-01;5.275494e-02;2.037221e-02;6.756010e-02;2.895963e-02;9.317540e-02;6.339472e-02;4.788857e-02;2.769487e-02;4.525780e-02
3.827126e-02;2.582614e-01;2.471634e-01;6.317955e-02;3.151937e-02;1.028720e-01;7.008314e-02;6.435920e-02;3.755469e-02;3.937346e-02;1.366857e-02;3.369394e-02
5.547601e-02;2.300613e-01;1.880914e-01;7.729381e-02;3.836969e-02;1.161590e-01;1.017906e-01;3.708343e-02;2.785309e-02;7.306168e-02;6.499201e-03;4.826081e-02
5.337814e-02;2.089242e-01;1.402815e-01;8.259614e-02;3.059625e-02;1.086556e-01;1.446368e-01;4.143099e-02;2.744860e-02;7.887141e-02;1.145572e-02;7.172462e-02
3.206628e-02;1.471710e-01;1.368737e-01;8.478428e-02;2.483577e-02;9.894579e-02;2.144480e-01;4.549521e-02;4.777095e-02;5.669467e-02;1.463908e-02;9.627537e-02
2.667240e-02;1.209141e-01;1.286425e-01;8.828149e-02;1.631390e-02;7.688998e-02;2.599183e-01;4.477575e-02;6.285580e-02;5.056641e-02;1.064736e-02;1.135220e-01
4.139447e-02;1.396049e-01;9.826146e-02;7.510497e-02;9.064811e-03;7.730521e-02;2.590708e-01;5.267299e-02;5.835415e-02;5.870843e-02;1.742203e-02;1.130358e-01
4.383256e-02;1.369464e-01;7.944667e-02;6.182858e-02;1.223257e-02;8.926760e-02;2.611483e-01;7.804518e-02;5.848664e-02;5.113617e-02;1.783564e-02;1.097937e-01
4.576922e-02;1.104323e-01;3.869962e-02;7.109626e-02;1.543216e-02;8.780628e-02;3.042564e-01;5.507519e-02;4.871884e-02;6.856088e-02;1.443645e-02;1.397164e-01
4.109213e-02;8.019403e-02;9.552830e-02;6.863816e-02;1.161706e-02;7.230923e-02;2.769516e-01;6.713765e-02;5.040976e-02;8.013167e-02;1.664762e-02;1.393427e-01
4.060365e-02;8.872029e-02;1.099055e-01;5.347494e-02;1.804145e-02;6.212404e-02;2.074988e-01;8.287288e-02;5.594520e-02;1.406978e-01;1.840711e-02;1.217084e-01
5.782090e-02;1.736864e-01;1.648663e-01;3.446133e-02;2.094761e-02;5.243717e-02;1.090552e-01;7.354208e-02;7.449160e-02;1.418258e-01;9.729801e-03;8.713578e-02
7.226428e-02;2.153476e-01;1.984041e-01;3.524747e-02;1.203275e-02;4.590588e-02;5.034800e-02;5.408916e-02;1.143489e-01;1.190831e-01;1.176585e-02;7.116289e-02
8.552381e-02;2.170096e-01;1.779692e-01;3.670115e-02;1.917262e-02;4.158637e-02;4.588772e-02;5.406303e-02;1.480206e-01;9.303020e-02;1.565436e-02;6.538128e-02
1.247255e-01;1.781195e-01;8.555064e-02;2.560377e-02;3.730276e-02;6.479649e-02;6.273173e-02;1.226209e-01;1.450656e-01;6.893538e-02;2.025386e-02;6.429391e-02
1.226427e-01;1.701965e-01;8.462899e-02;1.498770e-02;3.796156e-02;8.057074e-02;7.660145e-02;1.567679e-01;1.006462e-01;7.918531e-02;1.958682e-02;5.622408e-02
1.153533e-01;2.195517e-01;1.231574e-01;1.648713e-02;4.143535e-02;9.760053e-02;6.483185e-02;1.410312e-01;6.356442e-02;5.839184e-02;1.508633e-02;4.350889e-02
1.241944e-01;2.788503e-01;1.260993e-01;1.981256e-02;4.601372e-02;9.426488e-02;5.821439e-02;9.549049e-02;6.905168e-02;3.327678e-02;2.032611e-02;3.440547e-02
1.092347e-01;3.240629e-01;1.785743e-01;1.719621e-02;3.289026e-02;5.012444e-02;4.963272e-02;7.903126e-02;6.705162e-02;4.123065e-02;1.866344e-02;3.230755e-02
8.505151e-02;3.684476e-01;2.247761e-01;1.661739e-02;2.251430e-02;2.036338e-02;5.939964e-02;6.502841e-02;4.844300e-02;4.196169e-02;1.559959e-02;3.179741e-02
5.770724e-02;3.828722e-01;2.649216e-01;1.808106e-02;1.258584e-02;2.718337e-02;7.815649e-02;4.431623e-02;3.689491e-02;4.065416e-02;1.126765e-02;2.535928e-02
4.657527e-02;3.854384e-01;3.040648e-01;1.950251e-02;1.114403e-02;2.431208e-02;7.571106e-02;3.993667e-02;3.321246e-02;3.565534e-02;6.986378e-03;1.746113e-02
5.361261e-02;3.907813e-01;2.993251e-01;1.342662e-02;1.138551e-02;2.793436e-02;8.320334e-02;3.982512e-02;2.938694e-02;2.555214e-02;8.324741e-03;1.724222e-02
6.341511e-02;3.910465e-01;2.772370e-01;1.434346e-02;1.360887e-02;2.718283e-02;8.988312e-02;4.272196e-02;2.667717e-02;1.778940e-02;1.162064e-02;2.447390e-02
8.568002e-02;3.726593e-01;2.532587e-01;1.410174e-02;1.496060e-02;2.968863e-02;7.888196e-02;5.158796e-02;3.209376e-02;1.652507e-02;1.448487e-02;3.607745e-02
9.962798e-02;3.358008e-01;2.183848e-01;2.078707e-02;1.569940e-02;3.788781e-02;5.840706e-02;8.018266e-02;4.048681e-02;2.690393e-02;1.978435e-02;4.604731e-02
8.222551e-02;3.068766e-01;1.690924e-01;2.619341e-02;2.719890e-02;8.007319e-02;4.156846e-02;9.920336e-02;6.034058e-02;4.252455e-02;1.999410e-02;4.470902e-02
4.994456e-02;2.730496e-01;2.160540e-01;2.782008e-02;2.683702e-02;8.211795e-02;8.448534e-02;8.665112e-02;6.816553e-02;4.372248e-02;1.581363e-02;2.533874e-02
5.186687e-02;2.883037e-01;2.783509e-01;2.684532e-02;1.436752e-02;9.677753e-02;8.002269e-02;6.032919e-02;3.571414e-02;2.096390e-02;1.502905e-02;3.142917e-02
6.732742e-02;2.816299e-01;2.507237e-01;2.226831e-02;1.191008e-02;1.274546e-01;7.006875e-02;7.559125e-02;2.899209e-02;1.315935e-02;1.248355e-02;3.839099e-02
6.986026e-02;2.865892e-01;2.381108e-01;2.141766e-02;9.676510e-03;1.278128e-01;6.634118e-02;7.168471e-02;3.015145e-02;2.563494e-02;1.356731e-02;3.915316e-02
6.120805e-02;2.648966e-01;2.637645e-01;3.097901e-02;1.214945e-02;9.684911e-02;6.814266e-02;5.852547e-02;4.490952e-02;3.983008e-02;1.662972e-02;4.211587e-02
5.161292e-02;2.554467e-01;2.604074e-01;3.944100e-02;2.086428e-02;7.744489e-02;5.676436e-02;8.026887e-02;5.706365e-02;3.485082e-02;2.261014e-02;4.322498e-02
7.217170e-02;3.107791e-01;2.693576e-01;3.515609e-02;1.823834e-02;5.593058e-02;3.896065e-02;6.825924e-02;4.804987e-02;3.175440e-02;1.282366e-02;3.851881e-02
7.014582e-02;2.939779e-01;2.165719e-01;3.054750e-02;1.613434e-02;9.639097e-02;5.293171e-02;6.960914e-02;5.613783e-02;4.080309e-02;2.780450e-02;2.894522e-02
6.911949e-02;2.516071e-01;1.578317e-01;4.413272e-02;2.702155e-02;1.369948e-01;5.000214e-02;7.027456e-02;6.977721e-02;5.006054e-02;4.368311e-02;2.949511e-02
6.032771e-02;2.214094e-01;1.473976e-01;5.124658e-02;3.220588e-02;1.554104e-01;5.373711e-02;5.932647e-02;9.052690e-02;5.360187e-02;5.264773e-02;2.216234e-02
4.667836e-02;2.048926e-01;1.758040e-01;3.253276e-02;2.195023e-02;1.266806e-01;6.235250e-02;7.834177e-02;1.158911e-01;6.781437e-02;4.400230e-02;2.305935e-02
2.282641e-02;1.822202e-01;1.770962e-01;2.690566e-02;4.192696e-02;1.071273e-01;4.901440e-02;1.067985e-01;1.493667e-01;7.764131e-02;3.564206e-02;2.343418e-02
2.247780e-02;1.934153e-01;1.621082e-01;2.153432e-02;5.831485e-02;8.462700e-02;2.588962e-02;1.167201e-01;1.758060e-01;9.385366e-02;2.271869e-02;2.253445e-02
3.556544e-02;2.227911e-01;1.585237e-01;1.969221e-02;6.573375e-02;4.339819e-02;2.032490e-02;1.034843e-01;1.864763e-01;1.026785e-01;1.659347e-02;2.473820e-02
4.868979e-02;2.146279e-01;1.503797e-01;1.733149e-02;5.913968e-02;4.348744e-02;2.123929e-02;1.080822e-01;1.834193e-01;9.843986e-02;1.923377e-02;3.592949e-02
4.993891e-02;1.754243e-01;1.146846e-01;1.288188e-02;5.373613e-02;6.370251e-02;4.563675e-02;1.241504e-01;1.953805e-01;8.829065e-02;2.515384e-02;5.101956e-02
3.384947e-02;9.031659e-02;8.040791e-02;1.596874e-02;5.504917e-02;1.156173e-01;5.807493e-02;1.727175e-01;2.073553e-01;8.488686e-02;3.459290e-02;5.116327e-02
5.324582e-02;1.188732e-01;1.042916e-01;2.941614e-02;3.621772e-02;1.061737e-01;5.039174e-02;1.602933e-01;1.974168e-01;6.650943e-02;3.741837e-02;3.975220e-02
5.660569e-02;9.833669e-02;1.233110e-01;3.757280e-02;4.045448e-02;1.266179e-01;7.646091e-02;1.423085e-01;1.693296e-01;5.162832e-02;4.264907e-02;3.472495e-02
6.663083e-02;2.186383e-01;1.700205e-01;2.638670e-02;4.534410e-02;9.108085e-02;6.990588e-02;9.519449e-02;9.607004e-02;7.256868e-02;1.950801e-02;2.865166e-02
6.699646e-02;3.463334e-01;2.284142e-01;1.291604e-02;3.039892e-02;3.743020e-02;3.936414e-02;5.378950e-02;9.181228e-02;6.821545e-02;9.055132e-03;1.527430e-02
5.840492e-02;4.147140e-01;2.708966e-01;1.112065e-02;9.236988e-03;3.943617e-02;1.590313e-02;2.737951e-02;9.557332e-02;3.832290e-02;8.086616e-03;1.092518e-02
3.986534e-02;4.373889e-01;3.097742e-01;9.639478e-03;5.458179e-03;5.423763e-02;7.127069e-03;3.042659e-02;7.815452e-02;1.533742e-02;5.004478e-03;7.586238e-03
3.154101e-02;4.193860e-01;3.560767e-01;9.853402e-03;5.217164e-03;5.523261e-02;9.142674e-03;3.413234e-02;4.699492e-02;1.783313e-02;4.348960e-03;1.024118e-02
2.632634e-02;3.641132e-01;4.165403e-01;1.181066e-02;5.855387e-03;5.474485e-02;1.181951e-02;4.171597e-02;3.095562e-02;1.982485e-02;4.555792e-03;1.173755e-02
2.538866e-02;3.011522e-01;4.928381e-01;1.160423e-02;7.750081e-03;3.132125e-02;1.620802e-02;3.814154e-02;3.253683e-02;2.381640e-02;7.355956e-03;1.188675e-02
2.180608e-02;2.785420e-01;5.187210e-01;1.548382e-02;9.026299e-03;2.617477e-02;3.472967e-02;2.848454e-02;2.582296e-02;2.643816e-02;6.035912e-03;8.734722e-03
1.949781e-02;2.620557e-01;5.251438e-01;1.949549e-02;9.374900e-03;2.377234e-02;4.799025e-02;2.221353e-02;2.808647e-02;3.120457e-02;5.096360e-03;6.068789e-03
2.641956e-02;2.618871e-01;5.183051e-01;2.779335e-02;6.160568e-03;1.598817e-02;5.021499e-02;2.315564e-02;3.289165e-02;2.603392e-02;8.087520e-03;3.062473e-03
3.606702e-02;2.614031e-01;4.897649e-01;4.155163e-02;7.622350e-03;3.900687e-02;3.756107e-02;1.595948e-02;3.013431e-02;2.342412e-02;1.376866e-02;3.736498e-03
3.735683e-02;2.799769e-01;3.920721e-01;6.326450e-02;8.749355e-03;6.524050e-02;2.462987e-02;2.250321e-02;4.376169e-02;2.043275e-02;3.495355e-02;7.058729e-03
4.705323e-02;2.536079e-01;1.765688e-01;9.648554e-02;2.535963e-02;1.395894e-01;2.927966e-02;3.992406e-02;6.724116e-02;4.376632e-02;6.781936e-02;1.330501e-02
2.663054e-02;1.970591e-01;4.275268e-01;6.034643e-02;1.361696e-02;8.044964e-02;2.317970e-02;3.823370e-02;4.750515e-02;3.469729e-02;3.617827e-02;1.457642e-02
3.363572e-02;2.468309e-01;4.329250e-01;3.814358e-02;1.981116e-02;6.733020e-02;2.118276e-02;2.587707e-02;3.952327e-02;3.496340e-02;2.306755e-02;1.670948e-02
4.316019e-02;2.433367e-01;3.955756e-01;3.561416e-02;2.476620e-02;8.014973e-02;1.999376e-02;3.111186e-02;4.565630e-02;3.905939e-02;2.003234e-02;2.154387e-02
3.387389e-02;1.639386e-01;3.634904e-01;4.317335e-02;3.053781e-02;8.603904e-02;3.509432e-02;6.738327e-02;8.467904e-02;4.838191e-02;2.007507e-02;2.333336e-02
3.046192e-02;1.819333e-01;3.341658e-01;5.515661e-02;2.204826e-02;4.188919e-02;4.982380e-02;7.381442e-02;1.006955e-01;7.579761e-02;1.704776e-02;1.716595e-02
5.079933e-02;2.263195e-01;2.369419e-01;4.331509e-02;2.640737e-02;8.136956e-02;4.733596e-02;7.980972e-02;1.011414e-01;7.755358e-02;1.149707e-02;1.750957e-02
4.685235e-02;2.473103e-01;3.888566e-01;3.489946e-02;2.955461e-02;6.383769e-02;2.686022e-02;5.246303e-02;5.848965e-02;3.252078e-02;9.870161e-03;8.485135e-03
4.131498e-02;2.679390e-01;4.350235e-01;2.854898e-02;3.115188e-02;6.747995e-02;1.564125e-02;2.985569e-02;3.758319e-02;2.439207e-02;9.920464e-03;1.114905e-02
3.408978e-02;2.719080e-01;4.483081e-01;2.069522e-02;3.744613e-02;6.032656e-02;1.532123e-02;2.583565e-02;3.647482e-02;3.393059e-02;3.961919e-03;1.170202e-02
3.439416e-02;2.749267e-01;4.156768e-01;2.103624e-02;4.854900e-02;5.220854e-02;1.637235e-02;4.270550e-02;4.333273e-02;2.758027e-02;9.218264e-03;1.399942e-02
3.360252e-02;2.558662e-01;3.613706e-01;2.933823e-02;6.370293e-02;6.216903e-02;1.893412e-02;4.761526e-02;5.829921e-02;2.780441e-02;2.086901e-02;2.042847e-02
2.867755e-02;2.050661e-01;3.431905e-01;4.277344e-02;8.304267e-02;7.012873e-02;1.984122e-02;4.894762e-02;6.917217e-02;2.667252e-02;3.135172e-02;3.113584e-02
3.205086e-02;1.848330e-01;3.708264e-01;4.956218e-02;6.531955e-02;6.682118e-02;3.083876e-02;6.183982e-02;5.635992e-02;2.810263e-02;2.457510e-02;2.887058e-02
2.456927e-02;1.892986e-01;4.028836e-01;5.257193e-02;3.727672e-02;9.976139e-02;2.309358e-02;6.887918e-02;4.681524e-02;2.200814e-02;1.657986e-02;1.626237e-02
2.014567e-02;2.127622e-01;4.045012e-01;4.475464e-02;2.557312e-02;1.365170e-01;1.702065e-02;6.344020e-02;3.348650e-02;2.280838e-02;9.705081e-03;9.285386e-03
2.066177e-02;2.915470e-01;4.159909e-01;3.587749e-02;1.539190e-02;8.731484e-02;1.442528e-02;5.026414e-02;2.876206e-02;1.887636e-02;7.473831e-03;1.341446e-02
3.280477e-02;3.579217e-01;3.752376e-01;3.942931e-02;1.790964e-02;5.041839e-02;1.335602e-02;3.969715e-02;4.085360e-02;1.367455e-02;5.262445e-03;1.343480e-02
4.424652e-02;3.666843e-01;3.490092e-01;4.287342e-02;1.934831e-02;4.238090e-02;1.538110e-02;4.111686e-02;4.228667e-02;1.466729e-02;1.008824e-02;1.191726e-02
6.769706e-02;3.284051e-01;3.330697e-01;4.436379e-02;2.280523e-02;3.834533e-02;1.774090e-02;5.070703e-02;4.858669e-02;1.759722e-02;1.553110e-02;1.515076e-02
6.164689e-02;2.978784e-01;3.336354e-01;5.341185e-02;2.727809e-02;4.625767e-02;2.377473e-02;4.281567e-02;5.906254e-02;2.813957e-02;1.404767e-02;1.205151e-02
2.691699e-02;2.542161e-01;3.832385e-01;6.411304e-02;2.464647e-02;6.317198e-02;2.741553e-02;3.435657e-02;6.474289e-02;3.773710e-02;1.096794e-02;8.476846e-03
2.923520e-02;2.465481e-01;4.079810e-01;6.193350e-02;1.227314e-02;6.830493e-02;1.866402e-02;3.523708e-02;5.577942e-02;3.514456e-02;1.211549e-02;1.678351e-02
2.864154e-02;2.525778e-01;3.856553e-01;4.344939e-02;1.307383e-02;9.146135e-02;1.520519e-02;4.691376e-02;6.121144e-02;2.400056e-02;2.099214e-02;1.681771e-02
3.154184e-02;2.591654e-01;3.341173e-01;4.889619e-02;2.067382e-02;1.031258e-01;2.284491e-02;5.617850e-02;6.516426e-02;2.628052e-02;2.218722e-02;9.824193e-03
3.813644e-02;2.928717e-01;3.553111e-01;3.854859e-02;2.097855e-02;8.268610e-02;2.554349e-02;4.696538e-02;3.871786e-02;3.037802e-02;1.016484e-02;1.969790e-02
4.111224e-02;3.453934e-01;4.139400e-01;2.550910e-02;1.157622e-02;3.836625e-02;1.871488e-02;2.964685e-02;2.153466e-02;2.109047e-02;1.072463e-02;2.239124e-02
3.742038e-02;3.451351e-01;4.462927e-01;2.507063e-02;1.172235e-02;4.022701e-02;1.297485e-02;2.124054e-02;1.656556e-02;9.691085e-03;1.374970e-02;1.991010e-02
3.168095e-02;3.242669e-01;4.835429e-01;2.362669e-02;1.273306e-02;4.507940e-02;9.954190e-03;1.540860e-02;1.864667e-02;1.214801e-02;7.481451e-03;1.543127e-02
3.299332e-02;2.998695e-01;4.914715e-01;2.273325e-02;1.013746e-02;3.135151e-02;9.157551e-03;3.147834e-02;2.677740e-02;1.418319e-02;1.751751e-02;1.232947e-02
3.398867e-02;2.855950e-01;4.472897e-01;2.432140e-02;1.053994e-02;5.039093e-02;1.664429e-02;4.545872e-02;3.207267e-02;2.302433e-02;1.958572e-02;1.108856e-02
3.300680e-02;2.501419e-01;4.393822e-01;3.399908e-02;1.549226e-02;7.615174e-02;1.426567e-02;3.971720e-02;3.431318e-02;2.941740e-02;1.753807e-02;1.657457e-02
2.589261e-02;2.265534e-01;4.684040e-01;3.989855e-02;1.230238e-02;8.595045e-02;1.020657e-02;4.384363e-02;3.048875e-02;2.435732e-02;1.368826e-02;1.841418e-02
3.443564e-02;2.773658e-01;4.675244e-01;3.803558e-02;1.539963e-02;1.876205e-02;1.360481e-02;4.729129e-02;3.464438e-02;2.693976e-02;5.550841e-03;2.044584e-02
3.746092e-02;3.074163e-01;4.385328e-01;3.673768e-02;1.510656e-02;3.129517e-02;1.440623e-02;3.197427e-02;3.930760e-02;1.963668e-02;8.344630e-03;1.978113e-02
3.776181e-02;3.171172e-01;4.139112e-01;3.475744e-02;1.568202e-02;5.505760e-02;1.312665e-02;2.165152e-02;4.700395e-02;1.883702e-02;1.025809e-02;1.483554e-02
3.070695e-02;3.060984e-01;4.207039e-01;2.758639e-02;1.817962e-02;4.333106e-02;1.298150e-02;4.699719e-02;5.378748e-02;1.659174e-02;1.336913e-02;9.666605e-03
3.377568e-02;2.973925e-01;4.264059e-01;2.178233e-02;2.234186e-02;3.930372e-02;7.886076e-03;5.231774e-02;5.144465e-02;1.921827e-02;1.498426e-02;1.314707e-02
3.207026e-02;2.976369e-01;4.235716e-01;1.863544e-02;1.946894e-02;3.060847e-02;7.592719e-03;5.073619e-02;5.848157e-02;2.886019e-02;1.431208e-02;1.802565e-02
3.593017e-02;3.004079e-01;4.220990e-01;2.016980e-02;1.585039e-02;3.531883e-02;1.096347e-02;4.454840e-02;5.251142e-02;2.420172e-02;1.647183e-02;2.152710e-02
2.507894e-02;2.553202e-01;4.321439e-01;2.905144e-02;1.747402e-02;6.732339e-02;1.183486e-02;4.486768e-02;5.164106e-02;2.189375e-02;2.363816e-02;1.973255e-02
3.045919e-02;2.220188e-01;4.568644e-01;3.863912e-02;1.906808e-02;5.562311e-02;1.170575e-02;4.932866e-02;4.887179e-02;3.036839e-02;2.119052e-02;1.586211e-02
4.402633e-02;2.453884e-01;3.887668e-01;3.532346e-02;2.772247e-02;5.589663e-02;3.033997e-02;6.883261e-02;4.434135e-02;3.081462e-02;8.080554e-03;2.046679e-02
6.366033e-02;2.248759e-01;2.074674e-01;6.245303e-02;5.822062e-02;1.227747e-01;2.310385e-02;1.133288e-01;5.850141e-02;3.435251e-02;1.375415e-02;1.750741e-02
7.748018e-02;1.816401e-01;1.570417e-01;6.783278e-02;6.198699e-02;1.344910e-01;5.605966e-02;1.382557e-01;5.034701e-02;3.524598e-02;1.574099e-02;2.387780e-02
8.441104e-02;1.294001e-01;1.302752e-01;5.984604e-02;4.809433e-02;1.061866e-01;1.187848e-01;1.685427e-01;3.861506e-02;4.473984e-02;1.838058e-02;5.272380e-02
5.252201e-02;5.470937e-02;6.524523e-02;7.202697e-02;4.243211e-02;9.744363e-02;2.544726e-01;1.612263e-01;2.893125e-02;4.565792e-02;3.008559e-02;9.524691e-02
2.291260e-02;4.072263e-02;6.098165e-02;5.272057e-02;5.739154e-02;1.445299e-01;3.086185e-01;1.008335e-01;4.056443e-02;3.037770e-02;5.751870e-02;8.282833e-02
2.766923e-02;2.978341e-02;8.268933e-02;1.991368e-02;6.335817e-02;2.469784e-01;2.339161e-01;5.331101e-02;5.511800e-02;4.128230e-02;1.013576e-01;4.462283e-02
3.601035e-02;2.086308e-02;9.808416e-02;1.482603e-02;4.791126e-02;3.769182e-01;1.185831e-01;3.246624e-02;5.054492e-02;4.952380e-02;1.394298e-01;1.483907e-02
3.839693e-02;2.786777e-02;8.926059e-02;1.925451e-02;4.057780e-02;4.635747e-01;6.231431e-02;3.350695e-02;3.914399e-02;3.676214e-02;1.419407e-01;7.399623e-03
3.382671e-02;2.559759e-02;7.242355e-02;2.021299e-02;4.726404e-02;4.930700e-01;6.941346e-02;4.135798e-02;2.850746e-02;3.107363e-02;1.234307e-01;1.382190e-02
2.696172e-02;2.075538e-02;7.099910e-02;2.341986e-02;6.508937e-02;4.393574e-01;1.179149e-01;5.633199e-02;2.701716e-02;3.023797e-02;1.040838e-01;1.783135e-02
3.486395e-02;3.383788e-02;8.255262e-02;1.531694e-02;6.059543e-02;4.348117e-01;9.412464e-02;4.970384e-02;3.438882e-02;3.122708e-02;1.091931e-01;1.938407e-02
3.250213e-02;3.636064e-02;9.871250e-02;1.754861e-02;7.240040e-02;4.524230e-01;4.385616e-02;4.922825e-02;4.454130e-02;4.397282e-02;9.127947e-02;1.717471e-02
2.136877e-02;3.491747e-02;9.408787e-02;1.057081e-02;6.691381e-02;4.117607e-01;1.192009e-01;4.903128e-02;6.362169e-02;3.608704e-02;6.715032e-02;2.528936e-02
2.326533e-02;5.248883e-02;8.360401e-02;1.412292e-02;5.850402e-02;3.772141e-01;1.459663e-01;5.847822e-02;7.443043e-02;2.847747e-02;5.459639e-02;2.885196e-02
2.054097e-02;5.634065e-02;8.005067e-02;4.284341e-02;4.480335e-02;2.752446e-01;2.392911e-01;5.486780e-02;5.271307e-02;3.212851e-02;3.614450e-02;6.503138e-02
1.964362e-02;4.472109e-02;7.691601e-02;6.944066e-02;3.792583e-02;1.999969e-01;2.763582e-01;4.622241e-02;5.387591e-02;5.437082e-02;4.124691e-02;7.928156e-02
5.168322e-02;8.425901e-02;9.518596e-02;5.034985e-02;4.107591e-02;2.266976e-01;1.295130e-01;1.095374e-01;6.246146e-02;6.882929e-02;3.367399e-02;4.673334e-02
7.139464e-02;9.612640e-02;7.306635e-02;2.853848e-02;5.132778e-02;2.539953e-01;1.385464e-01;1.314162e-01;4.681953e-02;4.384014e-02;3.732326e-02;2.760549e-02
6.936321e-02;9.122463e-02;5.038339e-02;3.257614e-02;6.742049e-02;2.696317e-01;1.473782e-01;1.033296e-01;3.557160e-02;4.265941e-02;6.089072e-02;2.957086e-02
6.882425e-02;1.172697e-01;9.538211e-02;3.028207e-02;7.612498e-02;2.437982e-01;1.102617e-01;6.979928e-02;2.847361e-02;4.676538e-02;8.855278e-02;2.446598e-02
5.242660e-02;1.163624e-01;1.057521e-01;3.078881e-02;5.638983e-02;2.139357e-01;1.467697e-01;6.758649e-02;4.194395e-02;3.617083e-02;8.938458e-02;4.248894e-02
4.187187e-02;1.229998e-01;1.311606e-01;1.751873e-02;5.322567e-02;2.036961e-01;1.979637e-01;5.776224e-02;5.378426e-02;2.491731e-02;5.355752e-02;4.154216e-02
3.598433e-02;1.181080e-01;1.432719e-01;2.207626e-02;4.362036e-02;1.657869e-01;1.812324e-01;8.484631e-02;5.723288e-02;3.113184e-02;8.065271e-02;3.605612e-02
3.393328e-02;1.020487e-01;1.143595e-01;2.867751e-02;5.614374e-02;1.749263e-01;1.456933e-01;1.146089e-01;5.756884e-02;2.624805e-02;9.641444e-02;4.937742e-02
4.697711e-02;1.624904e-01;1.820061e-01;2.299128e-02;5.638501e-02;1.727070e-01;1.200038e-01;8.347964e-02;3.583980e-02;2.961071e-02;5.317310e-02;3.433610e-02
3.810813e-02;1.639001e-01;2.024550e-01;2.802761e-02;4.104112e-02;2.016762e-01;1.160724e-01;8.747867e-02;3.804199e-02;3.134442e-02;2.799538e-02;2.385895e-02
3.720857e-02;1.368084e-01;1.732704e-01;3.886133e-02;3.690453e-02;2.075530e-01;8.958937e-02;1.273153e-01;6.202793e-02;4.092012e-02;1.908018e-02;3.046089e-02
4.636141e-02;9.596734e-02;8.342559e-02;5.051313e-02;4.870300e-02;1.953191e-01;1.425378e-01;1.237185e-01;8.799384e-02;5.828634e-02;2.534270e-02;4.183124e-02
4.387816e-02;1.074217e-01;8.605942e-02;5.574179e-02;5.615100e-02;2.037684e-01;1.641027e-01;5.960773e-02;7.993867e-02;5.172795e-02;4.144268e-02;5.015973e-02
3.850914e-02;9.073685e-02;9.539644e-02;7.480230e-02;5.292492e-02;2.438199e-01;8.593672e-02;1.049112e-01;7.408231e-02;5.893942e-02;4.637632e-02;3.356444e-02
3.631607e-02;8.481871e-02;1.004927e-01;7.810964e-02;4.628917e-02;2.400193e-01;1.159814e-01;1.236681e-01;6.315120e-02;6.102172e-02;2.919113e-02;2.094087e-02
4.032730e-02;1.069655e-01;1.152833e-01;7.964324e-02;4.142252e-02;2.411117e-01;7.561366e-02;1.330860e-01;5.448659e-02;5.871522e-02;3.029798e-02;2.304690e-02
4.185360e-02;1.188679e-01;1.534730e-01;7.081742e-02;3.479034e-02;2.362358e-01;5.977256e-02;1.194956e-01;3.978712e-02;4.089798e-02;6.341131e-02;2.059734e-02
3.879560e-02;8.102075e-02;1.341782e-01;6.344091e-02;4.687254e-02;2.229769e-01;1.189706e-01;6.679753e-02;3.761203e-02;4.749022e-02;1.039679e-01;3.787682e-02
5.051349e-02;1.368296e-01;2.030053e-01;5.563616e-02;2.841011e-02;1.601765e-01;1.197436e-01;5.502525e-02;2.950110e-02;3.196891e-02;9.003621e-02;3.915378e-02
4.944826e-02;2.485366e-01;2.882967e-01;3.351793e-02;1.601196e-02;1.404888e-01;5.816817e-02;5.557562e-02;3.003715e-02;1.569869e-02;4.200818e-02;2.221189e-02
4.682242e-02;3.430868e-01;3.258660e-01;1.970673e-02;1.083779e-02;9.920844e-02;2.729886e-02;3.571014e-02;2.778992e-02;1.519387e-02;2.453262e-02;2.394642e-02
6.043991e-02;3.952073e-01;2.902767e-01;1.201862e-02;1.337555e-02;6.897444e-02;2.308511e-02;4.486808e-02;2.706038e-02;1.497684e-02;2.922804e-02;2.048896e-02
9.677454e-02;3.653696e-01;2.328575e-01;8.893480e-03;2.870077e-02;5.520145e-02;3.496732e-02;8.680768e-02;2.239881e-02;1.262058e-02;4.082067e-02;1.458760e-02
1.410108e-01;2.911672e-01;1.746609e-01;1.711011e-02;4.760166e-02;5.528824e-02;4.890252e-02;1.405323e-01;2.640541e-02;1.270075e-02;3.154350e-02;1.307658e-02
1.738730e-01;1.991278e-01;7.958488e-02;2.212992e-02;6.443747e-02;5.688697e-02;7.260888e-02;2.428616e-01;3.305840e-02;1.318030e-02;2.185521e-02;2.039562e-02
1.641516e-01;1.383322e-01;6.254438e-02;2.657172e-02;8.838039e-02;6.548485e-02;4.929401e-02;3.075758e-01;4.085164e-02;2.473410e-02;1.391264e-02;1.816661e-02
1.457309e-01;1.239275e-01;1.011939e-01;2.058922e-02;9.874802e-02;6.455643e-02;2.960622e-02;3.330000e-01;3.579026e-02;2.082308e-02;7.687163e-03;1.834717e-02
1.405025e-01;1.136809e-01;9.195381e-02;2.119638e-02;1.075084e-01;6.054706e-02;4.197383e-02;3.473938e-01;3.172529e-02;1.228786e-02;1.016797e-02;2.106213e-02
1.318290e-01;9.606142e-02;7.473247e-02;4.407594e-02;1.045211e-01;4.245417e-02;8.495128e-02;3.504239e-01;3.352848e-02;1.082369e-02;9.239217e-03;1.735933e-02
9.503692e-02;7.439371e-02;6.165469e-02;9.542096e-02;6.679429e-02;3.080460e-02;1.296286e-01;3.294666e-01;3.892686e-02;1.863773e-02;7.083211e-03;5.215182e-02
3.316252e-02;7.575914e-02;5.347865e-02;1.550633e-01;4.083319e-02;4.818343e-02;2.086116e-01;2.084940e-01;3.188291e-02;2.791056e-02;1.612277e-02;1.004980e-01
2.394008e-02;9.038538e-02;1.023000e-01;1.583118e-01;2.133352e-02;6.670004e-02;1.948720e-01;1.213607e-01;4.214410e-02;3.503833e-02;2.290098e-02;1.207132e-01
4.978318e-02;9.621613e-02;1.380567e-01;9.538988e-02;2.479903e-02;8.629174e-02;1.351421e-01;1.081020e-01;7.780255e-02;5.293823e-02;3.264731e-02;1.028310e-01
8.864271e-02;1.382935e-01;1.576058e-01;3.062937e-02;3.150532e-02;8.197484e-02;6.773417e-02;1.302922e-01;7.880328e-02;6.609750e-02;6.621391e-02;6.220734e-02
9.368096e-02;1.364830e-01;1.325396e-01;2.054945e-02;4.411938e-02;1.252562e-01;5.415016e-02;1.246236e-01;6.717513e-02;5.539012e-02;8.952715e-02;5.650530e-02
1.109011e-01;1.210311e-01;1.098113e-01;1.612135e-02;5.011800e-02;1.550733e-01;2.777919e-02;1.244705e-01;6.872414e-02;4.884818e-02;8.741254e-02;7.970934e-02
1.095348e-01;1.089502e-01;1.379071e-01;3.884682e-02;4.502583e-02;1.684244e-01;5.171147e-02;8.426128e-02;7.082275e-02;4.134970e-02;4.758302e-02;9.558257e-02
9.067279e-02;1.526386e-01;1.695333e-01;4.991324e-02;3.237079e-02;1.186354e-01;6.216709e-02;8.925409e-02;5.172093e-02;3.120533e-02;5.382004e-02;9.806844e-02
6.947477e-02;1.646411e-01;1.383619e-01;6.432487e-02;1.246303e-02;7.963014e-02;1.229219e-01;1.098033e-01;3.480607e-02;4.664249e-02;4.656522e-02;1.103651e-01
6.606428e-02;1.057044e-01;9.118328e-02;8.424760e-02;1.736121e-02;9.062798e-02;1.699520e-01;1.209169e-01;4.589038e-02;7.139642e-02;2.438357e-02;1.122720e-01
8.560434e-02;8.471566e-02;9.478609e-02;6.392844e-02;4.437917e-02;8.725952e-02;1.488058e-01;1.305362e-01;8.063970e-02;6.675352e-02;1.917296e-02;9.341862e-02
8.638489e-02;1.417825e-01;1.165331e-01;3.484534e-02;6.573705e-02;9.406764e-02;7.735655e-02;1.264339e-01;1.134201e-01;5.663800e-02;1.978462e-02;6.701630e-02
9.274003e-02;1.477830e-01;9.881094e-02;4.205551e-02;4.430208e-02;9.775426e-02;7.180915e-02;1.341318e-01;1.286927e-01;5.957672e-02;1.419328e-02;6.815055e-02
1.263463e-01;1.079126e-01;4.485188e-02;4.937649e-02;2.260830e-02;1.034460e-01;1.053625e-01;1.685567e-01;1.328830e-01;4.513583e-02;2.115878e-02;7.236164e-02
1.139496e-01;1.295718e-01;8.114325e-02;2.227093e-02;1.721576e-02;8.452442e-02;1.281410e-01;1.878035e-01;1.259733e-01;3.136258e-02;2.010141e-02;5.794247e-02
9.413048e-02;1.778870e-01;1.167466e-01;2.591083e-02;1.797782e-02;9.538718e-02;1.135067e-01;1.626722e-01;1.045292e-01;3.549084e-02;1.267193e-02;4.308925e-02
1.051402e-01;1.984014e-01;1.132343e-01;1.716975e-02;2.565013e-02;1.022629e-01;6.344192e-02;1.677320e-01;1.068959e-01;4.353704e-02;1.674424e-02;3.979012e-02
1.322935e-01;2.476116e-01;8.085490e-02;9.082250e-03;2.740207e-02;9.640775e-02;5.765445e-02;1.344025e-01;1.092508e-01;4.280546e-02;2.106503e-02;4.116979e-02
1.242885e-01;2.932564e-01;1.415171e-01;3.275652e-02;2.240176e-02;7.343659e-02;5.506402e-02;8.047762e-02;6.973694e-02;3.127540e-02;1.665261e-02;5.913657e-02
8.374573e-02;2.838438e-01;1.922819e-01;3.780162e-02;3.005546e-02;5.988009e-02;7.963422e-02;1.117772e-01;3.934254e-02;1.372122e-02;9.481872e-03;5.843432e-02
6.005266e-02;2.451306e-01;1.993124e-01;2.658290e-02;4.196106e-02;6.196140e-02;1.104935e-01;1.491717e-01;3.919764e-02;1.810250e-02;1.220753e-02;3.582596e-02
8.601647e-02;1.565472e-01;1.503294e-01;5.711903e-02;5.664831e-02;1.126161e-01;7.611492e-02;1.680606e-01;6.310385e-02;2.563089e-02;1.914888e-02;2.866426e-02
9.313115e-02;9.388438e-02;1.074888e-01;8.977008e-02;9.524889e-02;1.371143e-01;5.462388e-02;1.443468e-01;7.905329e-02;3.662627e-02;3.118969e-02;3.752241e-02
7.366361e-02;1.101703e-01;1.175257e-01;8.218738e-02;1.268618e-01;1.209800e-01;6.911581e-02;1.106270e-01;8.779524e-02;4.527339e-02;2.904477e-02;2.675509e-02
5.886799e-02;9.106855e-02;1.460704e-01;6.518590e-02;1.392230e-01;1.927704e-01;8.466802e-02;4.836272e-02;8.661434e-02;4.161508e-02;1.649493e-02;2.905862e-02
