6.779362e-02;1.141361e-01;9.397005e-02;1.573153e-01;4.463429e-02;7.715062e-02;1.098459e-01;7.810377e-02;9.029892e-02;4.283409e-02;7.130467e-02;5.261259e-02
6.314150e-02;1.654150e-01;1.371857e-01;9.649048e-02;1.083435e-01;4.006128e-02;1.114540e-01;6.800669e-02;5.983552e-02;6.117757e-02;5.569227e-02;3.319648e-02
6.286848e-02;1.066692e-01;1.357509e-01;4.626813e-02;9.381358e-02;7.311682e-02;1.495057e-01;8.863997e-02;5.284256e-02;6.473830e-02;9.684287e-02;2.894348e-02
3.455793e-02;4.388200e-02;2.316596e-01;6.876560e-02;1.151446e-01;8.248884e-02;1.457005e-01;8.331179e-02;3.992351e-02;4.507330e-02;8.625233e-02;2.324006e-02
1.294449e-02;4.003861e-02;2.803901e-01;7.284802e-02;1.664642e-01;8.621310e-02;8.915094e-02;7.380863e-02;5.842295e-02;3.151026e-02;5.005012e-02;3.815855e-02
2.762036e-02;3.265715e-02;2.391575e-01;5.403618e-02;1.894829e-01;8.633932e-02;9.212562e-02;5.690577e-02;8.448941e-02;2.743763e-02;4.489707e-02;6.485111e-02
5.103141e-02;2.374080e-02;1.813606e-01;4.326404e-02;1.962787e-01;1.056468e-01;1.209269e-01;4.824442e-02;8.830338e-02;2.552934e-02;4.060794e-02;7.506564e-02
7.616707e-02;3.084333e-02;1.128894e-01;4.959970e-02;2.156083e-01;8.713020e-02;1.644845e-01;4.084439e-02;1.010107e-01;1.643145e-02;2.056228e-02;8.442881e-02
9.776140e-02;2.456147e-02;9.885722e-02;6.072864e-02;2.204641e-01;6.971765e-02;1.527287e-01;2.889073e-02;1.144713e-01;1.409266e-02;1.416587e-02;1.035602e-01
1.258353e-01;3.249558e-02;1.194392e-01;4.442257e-02;1.930531e-01;7.557850e-02;1.083244e-01;1.651743e-02;1.248296e-01;2.047825e-02;1.489661e-02;1.241294e-01
1.278480e-01;6.936581e-02;1.249440e-01;2.983163e-02;1.427868e-01;7.480684e-02;8.712503e-02;2.415323e-02;1.212424e-01;2.631533e-02;3.721833e-02;1.343626e-01
9.276608e-02;7.824478e-02;1.382856e-01;5.143685e-02;1.084642e-01;4.963170e-02;1.202195e-01;5.391474e-02;1.046878e-01;2.965381e-02;6.246901e-02;1.102259e-01
8.075289e-02;6.075341e-02;2.076361e-01;6.684557e-02;8.314305e-02;3.953074e-02;1.494564e-01;7.679366e-02;8.139224e-02;2.517555e-02;7.185206e-02;5.666839e-02
9.015913e-02;4.029635e-02;2.465437e-01;5.739425e-02;9.565050e-02;7.238508e-02;1.197646e-01;7.510156e-02;6.208098e-02;2.528439e-02;6.186105e-02;5.347839e-02
9.967522e-02;3.924806e-02;1.937954e-01;5.070490e-02;1.409261e-01;8.492802e-02;6.670262e-02;5.885737e-02;4.709624e-02;4.179222e-02;5.350979e-02;1.227641e-01
1.452460e-01;4.051178e-02;7.865822e-02;5.452100e-02;1.533788e-01;7.375393e-02;9.612700e-02;4.819130e-02;4.937690e-02;5.079901e-02;7.684737e-02;1.325888e-01
1.767454e-01;3.943164e-02;8.314609e-02;5.402279e-02;1.387105e-01;8.432790e-02;9.699649e-02;4.029188e-02;7.956564e-02;4.748686e-02;5.844413e-02;1.008307e-01
1.394969e-01;3.898829e-02;1.005029e-01;4.835074e-02;1.258724e-01;7.681873e-02;1.135432e-01;2.118022e-02;7.417595e-02;5.661911e-02;7.777032e-02;1.266813e-01
1.174239e-01;4.836913e-02;1.124863e-01;4.253336e-02;1.182925e-01;5.340121e-02;9.258201e-02;3.486994e-02;7.699061e-02;6.396481e-02;9.980100e-02;1.392851e-01
1.371668e-01;6.861717e-02;8.136304e-02;4.607920e-02;9.756487e-02;9.427647e-02;1.025713e-01;4.365997e-02;7.843034e-02;5.376012e-02;6.992263e-02;1.265881e-01
9.535475e-02;6.720842e-02;8.286102e-02;5.131771e-02;1.161498e-01;9.735902e-02;9.642321e-02;7.876893e-02;7.466026e-02;6.133253e-02;6.734601e-02;1.112184e-01
1.219030e-01;9.784439e-02;1.407000e-01;2.584115e-02;1.367788e-01;8.346246e-02;1.610324e-01;6.368338e-02;3.772232e-02;2.903356e-02;4.847035e-02;5.352828e-02
1.174702e-01;1.277358e-01;1.262428e-01;2.244812e-02;1.335768e-01;8.222555e-02;2.154706e-01;5.543672e-02;3.888587e-02;1.601224e-02;3.931712e-02;2.517807e-02
1.108825e-01;1.392322e-01;1.073724e-01;4.275146e-02;1.313602e-01;8.760997e-02;2.455956e-01;4.369039e-02;3.528028e-02;1.192102e-02;3.275549e-02;1.154854e-02
1.168460e-01;1.201043e-01;1.002539e-01;9.582240e-02;1.094697e-01;1.140937e-01;2.099288e-01;3.859862e-02;2.902029e-02;1.678935e-02;2.829100e-02;2.078185e-02
8.910545e-02;1.201589e-01;1.240682e-01;1.591771e-01;5.577803e-02;1.322732e-01;1.769536e-01;3.834528e-02;3.314117e-02;2.090448e-02;2.745814e-02;2.263646e-02
3.300173e-02;1.279010e-01;1.722294e-01;1.143559e-01;1.003671e-01;8.243286e-02;2.126258e-01;4.402839e-02;3.759763e-02;2.219694e-02;3.698041e-02;1.628279e-02
2.416027e-02;1.034121e-01;2.634117e-01;7.702696e-02;1.091232e-01;5.505699e-02;1.592236e-01;8.160956e-02;3.505789e-02;2.116687e-02;3.492995e-02;3.582098e-02
2.106551e-02;6.357913e-02;3.506005e-01;1.015326e-01;7.399667e-02;5.062672e-02;9.667674e-02;1.031552e-01;5.198674e-02;1.847171e-02;1.760851e-02;5.069999e-02
4.225223e-02;2.356287e-02;3.330548e-01;1.883033e-01;4.112257e-02;4.717638e-02;4.963250e-02;8.467381e-02;1.216899e-01;1.660321e-02;6.399189e-03;4.552918e-02
8.353182e-02;9.486470e-03;1.900550e-01;3.399133e-01;3.817788e-02;2.184814e-02;2.739435e-02;4.275300e-02;1.930993e-01;2.309813e-02;7.286393e-03;2.335619e-02
1.210204e-01;8.553682e-03;7.917890e-02;3.933927e-01;6.778518e-02;1.009699e-02;3.693917e-02;1.801566e-02;2.209349e-01;2.731898e-02;7.366779e-03;9.396745e-03
1.201716e-01;2.036036e-02;3.400140e-02;3.209053e-01;1.446517e-01;1.895963e-02;5.958100e-02;2.337196e-02;1.909450e-01;4.751225e-02;1.031348e-02;9.226403e-03
9.725254e-02;2.611372e-02;3.327374e-02;2.478928e-01;2.307565e-01;3.777852e-02;8.576953e-02;2.402857e-02;1.322625e-01;6.902354e-02;7.326773e-03;8.521227e-03
8.871532e-02;2.478575e-02;6.155758e-02;2.178673e-01;2.380565e-01;5.218074e-02;1.114139e-01;2.136340e-02;8.971851e-02;7.830036e-02;7.450157e-03;8.590501e-03
8.671212e-02;2.442606e-02;1.170481e-01;2.260933e-01;1.449355e-01;4.140964e-02;1.330600e-01;2.241136e-02;1.092279e-01;6.041371e-02;1.482609e-02;1.943626e-02
7.061213e-02;2.066966e-02;1.893676e-01;2.108337e-01;5.893557e-02;2.545158e-02;1.512099e-01;4.938251e-02;1.381599e-01;3.944862e-02;1.543126e-02;3.049751e-02
4.224026e-02;3.426275e-02;2.125002e-01;1.831013e-01;5.426738e-02;4.294129e-02;1.317018e-01;6.963044e-02;1.407418e-01;3.638444e-02;2.047842e-02;3.174984e-02
3.467407e-02;5.271930e-02;1.434210e-01;2.098793e-01;1.016011e-01;5.056465e-02;1.139762e-01;7.205090e-02;1.321095e-01;4.406897e-02;2.340801e-02;2.152703e-02
2.963993e-02;4.353771e-02;1.498881e-01;2.584051e-01;1.489768e-01;3.959251e-02;1.012668e-01;4.913258e-02;9.941413e-02;4.516057e-02;2.048032e-02;1.450541e-02
6.020997e-02;3.032782e-02;1.143190e-01;2.670808e-01;1.457889e-01;5.139075e-02;1.191641e-01;5.280853e-02;8.530032e-02;3.165344e-02;2.408886e-02;1.786752e-02
7.309654e-02;3.549910e-02;1.033528e-01;2.418376e-01;1.154391e-01;4.854074e-02;1.243494e-01;4.768512e-02;1.049619e-01;5.118830e-02;3.194394e-02;2.210542e-02
8.045914e-02;3.122699e-02;1.076652e-01;1.755469e-01;1.053826e-01;4.354028e-02;1.452834e-01;3.985105e-02;1.249038e-01;7.612371e-02;3.137394e-02;3.864309e-02
7.084060e-02;3.442008e-02;9.712311e-02;1.410636e-01;1.347291e-01;3.123617e-02;1.635179e-01;4.928115e-02;1.319339e-01;6.133367e-02;3.335504e-02;5.116560e-02
6.767628e-02;2.768231e-02;1.083925e-01;1.164400e-01;1.394779e-01;3.165743e-02;1.330817e-01;5.502731e-02;1.581675e-01;7.533742e-02;4.176737e-02;4.529225e-02
6.055418e-02;5.170767e-02;1.525174e-01;1.074047e-01;1.147551e-01;5.844895e-02;9.335859e-02;6.479209e-02;1.384676e-01;7.120100e-02;4.614723e-02;4.064547e-02
4.561925e-02;7.056060e-02;1.953482e-01;9.499850e-02;1.071951e-01;9.124810e-02;8.333213e-02;6.023418e-02;1.153954e-01;5.763466e-02;4.589824e-02;3.253566e-02
5.044682e-02;5.335257e-02;2.089621e-01;8.156801e-02;1.074757e-01;1.010136e-01;1.121483e-01;4.175692e-02;5.725090e-02;9.951075e-02;4.521163e-02;4.130271e-02
6.070228e-02;3.201369e-02;2.055781e-01;8.924980e-02;9.244183e-02;5.906110e-02;8.155686e-02;3.945187e-02;1.002710e-01;1.287490e-01;6.975749e-02;4.116694e-02
5.135424e-02;2.476384e-02;1.568118e-01;1.391540e-01;8.543207e-02;4.377491e-02;1.206789e-01;4.332311e-02;1.393807e-01;1.147609e-01;5.714974e-02;2.341591e-02
3.491588e-02;3.079398e-02;1.586115e-01;1.232322e-01;6.861182e-02;8.203336e-02;1.429144e-01;6.585672e-02;1.332456e-01;9.140316e-02;4.263695e-02;2.574443e-02
3.168856e-02;4.610002e-02;1.837777e-01;5.753997e-02;4.843968e-02;1.016345e-01;1.607849e-01;1.049065e-01;6.759062e-02;7.863083e-02;7.902876e-02;3.987804e-02
5.180559e-02;8.696826e-02;1.413842e-01;3.001310e-02;5.366378e-02;5.405334e-02;1.787810e-01;8.600795e-02;5.244160e-02;7.666609e-02;1.315737e-01;5.664141e-02
1.049623e-01;1.201525e-01;1.004298e-01;2.587855e-02;4.203304e-02;5.254023e-02;1.916733e-01;4.639700e-02;4.459481e-02;9.688567e-02;1.235608e-01;5.089200e-02
1.849794e-01;1.360626e-01;6.021972e-02;2.104130e-02;3.152146e-02;9.347920e-02;2.036928e-01;1.683259e-02;2.276467e-02;1.325507e-01;7.448309e-02;2.237246e-02
2.394335e-01;1.024495e-01;2.371564e-02;2.013352e-02;5.402891e-02;1.301465e-01;1.729681e-01;1.098241e-02;5.789511e-02;1.308605e-01;2.018273e-02;3.720367e-02
2.020455e-01;5.475325e-02;3.579782e-02;2.535854e-02;1.042377e-01;1.339610e-01;9.345196e-02;1.231103e-02;1.361338e-01;9.260028e-02;9.636586e-03;9.971254e-02
1.049122e-01;2.103494e-02;5.673435e-02;4.170043e-02;1.581852e-01;9.873682e-02;3.872005e-02;3.649509e-02;2.293055e-01;4.763609e-02;1.218014e-02;1.543593e-01
4.553103e-02;9.429201e-03;6.301748e-02;6.331684e-02;1.743803e-01;5.486948e-02;4.588342e-02;8.005641e-02;2.573777e-01;2.513818e-02;2.422678e-02;1.567732e-01
1.919096e-02;1.971873e-02;8.275025e-02;8.429849e-02;1.607350e-01;3.015971e-02;3.151177e-02;1.534514e-01;2.293921e-01;2.918014e-02;4.434397e-02;1.152675e-01
2.607924e-02;2.148555e-02;1.337803e-01;9.060118e-02;1.168692e-01;2.673395e-02;5.089958e-02;2.351183e-01;1.246826e-01;3.215075e-02;8.533611e-02;5.626320e-02
2.190747e-02;1.769854e-02;1.937783e-01;7.587788e-02;7.680672e-02;2.304861e-02;8.909781e-02;2.614559e-01;5.223129e-02;3.871724e-02;1.136172e-01;3.576304e-02
2.740056e-02;1.382408e-02;2.389157e-01;4.841477e-02;4.797836e-02;2.328614e-02;1.566467e-01;1.993782e-01;3.026819e-02;7.267974e-02;1.134957e-01;2.771185e-02
5.096851e-02;1.363677e-02;2.515724e-01;3.802861e-02;3.476937e-02;2.812501e-02;2.026038e-01;1.234276e-01;2.604876e-02;1.040296e-01;1.090242e-01;1.776544e-02
8.917288e-02;2.331167e-02;2.348447e-01;3.118948e-02;2.635102e-02;3.640208e-02;1.811386e-01;7.043611e-02;4.497711e-02;1.270643e-01;1.062949e-01;2.881711e-02
1.094981e-01;5.294608e-02;1.752929e-01;3.647397e-02;3.007509e-02;5.685427e-02;1.742231e-01;5.606352e-02;6.322352e-02;1.141837e-01;8.637533e-02;4.479038e-02
9.622645e-02;6.756019e-02;1.074312e-01;5.592139e-02;7.114873e-02;7.447612e-02;1.865124e-01;6.181023e-02;8.314284e-02;8.599363e-02;6.367358e-02;4.610324e-02
4.301901e-02;6.453093e-02;1.793758e-01;7.262018e-02;1.046149e-01;7.616995e-02;1.835076e-01;5.894136e-02;8.782639e-02;5.694564e-02;4.667262e-02;2.577563e-02
3.496164e-02;6.153591e-02;1.517072e-01;7.464375e-02;1.020996e-01;6.564493e-02;1.009414e-01;9.617960e-02;1.060382e-01;7.874334e-02;8.808000e-02;3.942437e-02
5.131397e-02;7.788649e-02;1.321001e-01;7.804421e-02;8.237339e-02;6.845604e-02;1.194923e-01;1.097767e-01;8.547888e-02;5.674205e-02;9.173086e-02;4.660498e-02
7.617336e-02;8.150842e-02;9.415185e-02;7.856838e-02;1.013301e-01;9.391957e-02;1.208284e-01;9.501094e-02;3.974774e-02;6.878482e-02;8.835401e-02;6.162247e-02
1.009488e-01;5.187951e-02;1.173307e-01;7.378918e-02;1.068049e-01;8.501584e-02;1.076373e-01;6.026275e-02;7.829271e-02;1.059699e-01;6.094258e-02;5.112582e-02
1.005965e-01;3.820907e-02;1.145196e-01;6.827498e-02;9.097489e-02;3.155593e-02;1.500817e-01;1.051837e-01;6.326856e-02;8.894480e-02;7.581067e-02;7.257963e-02
6.206805e-02;5.268190e-02;1.029058e-01;8.140400e-02;1.122641e-01;3.984183e-02;1.617317e-01;1.069187e-01;2.974744e-02;5.652879e-02;1.221014e-01;7.180618e-02
3.222255e-02;1.038724e-01;1.407876e-01;3.047464e-02;9.213573e-02;6.922924e-02;1.243713e-01;7.763709e-02;1.070613e-01;7.818922e-02;9.333611e-02;5.068280e-02
5.127355e-02;1.049802e-01;1.296598e-01;4.129525e-02;7.052225e-02;7.726552e-02;1.549582e-01;7.146239e-02;9.925109e-02;7.235919e-02;6.855109e-02;5.842153e-02
4.836987e-02;9.787787e-02;1.311843e-01;3.655157e-02;6.781650e-02;1.014342e-01;1.656480e-01;7.766616e-02;1.003875e-01;6.021403e-02;6.007632e-02;5.277367e-02
9.067912e-02;1.052443e-01;1.746324e-01;6.656127e-02;5.322252e-02;6.941130e-02;1.518394e-01;8.449418e-02;8.000857e-02;6.071223e-02;2.669862e-02;3.649605e-02
1.107487e-01;1.687945e-01;1.505794e-01;4.840551e-02;2.852841e-02;3.953971e-02;1.840239e-01;5.531613e-02;5.040177e-02;5.950176e-02;7.125530e-02;3.290489e-02
1.003596e-01;2.171122e-01;1.552341e-01;3.049038e-02;2.586776e-02;3.335268e-02;2.199588e-01;3.046758e-02;3.029151e-02;3.636784e-02;8.828442e-02;3.221299e-02
5.703602e-02;1.820108e-01;2.175341e-01;2.591361e-02;2.406164e-02;2.735682e-02;2.034081e-01;7.670584e-02;3.464833e-02;1.847023e-02;8.101572e-02;5.183879e-02
4.650608e-02;9.413565e-02;2.599380e-01;4.097746e-02;1.795227e-02;1.979143e-02;1.375091e-01;1.252545e-01;7.906009e-02;2.287519e-02;5.058860e-02;1.054117e-01
9.986880e-02;2.306273e-02;2.046865e-01;8.292624e-02;2.625418e-02;1.825362e-02;6.107795e-02;1.084532e-01;1.884806e-01;3.649435e-02;2.309796e-02;1.273438e-01
2.037732e-01;1.188112e-02;9.640346e-02;1.242915e-01;4.040874e-02;1.146705e-02;3.006003e-02;4.463572e-02;2.974406e-01;5.708766e-02;9.770581e-03;7.278034e-02
2.672627e-01;2.170328e-02;3.495315e-02;1.273942e-01;5.307993e-02;7.020032e-03;3.292176e-02;2.045031e-02;3.237471e-01;7.986325e-02;1.114038e-02;2.046392e-02
2.375504e-01;8.289735e-02;2.480034e-02;1.134918e-01;8.421490e-02;1.140203e-02;3.637992e-02;1.572672e-02;2.526086e-01;1.193243e-01;9.704522e-03;1.189915e-02
1.474486e-01;1.949762e-01;3.172760e-02;9.159768e-02;1.414814e-01;1.359597e-02;2.889279e-02;1.098650e-02;1.290604e-01;1.883201e-01;7.988260e-03;1.392448e-02
9.059379e-02;2.430171e-01;3.638355e-02;7.235592e-02;1.861119e-01;1.165329e-02;2.438494e-02;8.915427e-03;9.059624e-02;2.152169e-01;1.024795e-02;1.052299e-02
8.834016e-02;1.941686e-01;4.230909e-02;6.201666e-02;2.049136e-01;1.440287e-02;2.535670e-02;8.019099e-03;1.471311e-01;1.965118e-01;1.006746e-02;6.762819e-03
1.220104e-01;1.172908e-01;3.781145e-02;1.068502e-01;1.819775e-01;1.253473e-02;3.811530e-02;7.229349e-03;2.075441e-01;1.493412e-01;9.750009e-03;9.544859e-03
1.776993e-01;4.501263e-02;3.421648e-02;1.790980e-01;1.391769e-01;8.576567e-03;5.159368e-02;7.494296e-03;2.605751e-01;7.713356e-02;7.920730e-03;1.150281e-02
1.599464e-01;1.824046e-02;2.817721e-02;2.640205e-01;1.146661e-01;1.030172e-02;5.105230e-02;1.534082e-02;2.780460e-01;3.941737e-02;9.936189e-03;1.085492e-02
1.000887e-01;1.796464e-02;5.539235e-02;3.075058e-01;7.738148e-02;2.013261e-02;5.917918e-02;4.061218e-02;2.677833e-01;2.423561e-02;1.449488e-02;1.522943e-02
4.840901e-02;2.617698e-02;1.000949e-01;2.798425e-01;3.937559e-02;3.833120e-02;8.359185e-02;7.687385e-02;2.426987e-01;2.680588e-02;1.246148e-02;2.533807e-02
2.786538e-02;3.550161e-02;1.284783e-01;2.020493e-01;3.235669e-02;7.377515e-02;1.177217e-01;1.136940e-01;1.995221e-01;3.064287e-02;7.738952e-03;3.065398e-02
3.008868e-02;4.126239e-02;1.244723e-01;1.208864e-01;4.961877e-02;1.085089e-01;1.960496e-01;1.244689e-01;1.181992e-01;4.885858e-02;1.759759e-02;1.998876e-02
4.032819e-02;5.664981e-02;5.337514e-02;8.366346e-02;9.047930e-02;8.019705e-02;3.403272e-01;8.790025e-02;6.748898e-02;6.115389e-02;2.667905e-02;1.175770e-02
5.008370e-02;5.626410e-02;4.880082e-02;5.206322e-02;9.339453e-02;9.057861e-02;3.609163e-01;6.126305e-02;9.339907e-02;6.368691e-02;1.787070e-02;1.167893e-02
6.715015e-02;4.001793e-02;6.939231e-02;6.444295e-02;1.213292e-01;1.364768e-01;2.923914e-01;6.380341e-02;6.573734e-02;5.600936e-02;1.191629e-02;1.133295e-02
4.641282e-02;2.717094e-02;1.453052e-01;9.226409e-02;1.726667e-01;1.025755e-01;1.717084e-01;5.637996e-02;9.667568e-02;5.454794e-02;1.585052e-02;1.844220e-02
3.064224e-02;2.273112e-02;3.087249e-01;1.105708e-01;1.255068e-01;6.873523e-02;1.187476e-01;5.718908e-02;7.300743e-02;4.972797e-02;2.220045e-02;1.221636e-02
2.124339e-02;4.219841e-02;3.532985e-01;1.099789e-01;6.874348e-02;5.706748e-02;1.302594e-01;5.055788e-02;5.762378e-02;5.809140e-02;2.816742e-02;2.276998e-02
6.079357e-02;6.560814e-02;2.759446e-01;1.151708e-01;7.789833e-02;6.802662e-02;1.058333e-01;4.735392e-02;6.347369e-02;4.307149e-02;4.706704e-02;2.975854e-02
1.095636e-01;6.368863e-02;2.095004e-01;1.013890e-01;1.011388e-01;7.191222e-02;9.823194e-02;6.677009e-02;5.548421e-02;2.368415e-02;6.921133e-02;2.942565e-02
1.220381e-01;5.426346e-02;1.889744e-01;8.922776e-02;1.003032e-01;5.502879e-02;1.218582e-01;1.025658e-01;2.998411e-02;3.330460e-02;7.336108e-02;2.909046e-02
9.241849e-02;1.011437e-01;1.830046e-01;8.048685e-02;6.296378e-02;4.459632e-02;1.578798e-01;1.038907e-01;5.514745e-02;3.790521e-02;5.476488e-02;2.579817e-02
8.800700e-02;1.352863e-01;1.466773e-01;7.358015e-02;4.248656e-02;3.528269e-02;1.794065e-01;8.126287e-02;1.038717e-01;2.932822e-02;4.176553e-02;4.304530e-02
6.858976e-02;1.460664e-01;1.007006e-01;5.341370e-02;4.936353e-02;5.106902e-02;1.718561e-01;7.484216e-02;1.634800e-01;3.295439e-02;4.664452e-02;4.101979e-02
6.045672e-02;1.294234e-01;8.197171e-02;2.814090e-02;5.110500e-02;5.783382e-02;1.745303e-01;7.462161e-02;2.090419e-01;6.833102e-02;3.282816e-02;3.171545e-02
9.729815e-02;1.039692e-01;1.405775e-01;6.675228e-02;6.524557e-02;4.410633e-02;1.238428e-01;4.282505e-02;1.722674e-01;7.832379e-02;3.648660e-02;2.830528e-02
8.910045e-02;7.116947e-02;1.726936e-01;9.084670e-02;7.654425e-02;3.948241e-02;1.104833e-01;6.577338e-02;1.140086e-01;6.449576e-02;6.525370e-02;4.014828e-02
1.245028e-01;7.019144e-02;1.457420e-01;1.013897e-01;7.235421e-02;3.563836e-02;9.636055e-02;6.947429e-02;7.391618e-02;6.627552e-02;7.928006e-02;6.487492e-02
1.274012e-01;5.156781e-02;1.510497e-01;9.750769e-02;9.311891e-02;6.666269e-02;9.363796e-02;4.803495e-02;6.555001e-02;8.982956e-02;5.545683e-02;6.018261e-02
8.496160e-02;9.984916e-02;1.295046e-01;9.217165e-02;6.874850e-02;7.295606e-02;1.206132e-01;6.880898e-02;9.487668e-02;6.994559e-02;3.770613e-02;5.985786e-02
6.957116e-02;9.130848e-02;8.654573e-02;6.155545e-02;3.989155e-02;7.903096e-02;2.094707e-01;9.897187e-02;1.198432e-01;5.093976e-02;4.746780e-02;4.540331e-02
7.506519e-02;6.738298e-02;7.300540e-02;6.003779e-02;3.828178e-02;1.052738e-01;1.986357e-01;1.234450e-01;1.238932e-01;4.942100e-02;5.169728e-02;3.386089e-02
5.120819e-02;4.274608e-02;6.862335e-02;8.580295e-02;3.819449e-02;1.318574e-01;1.528288e-01;1.599959e-01;1.144224e-01;5.147638e-02;7.303348e-02;2.981048e-02
7.370637e-02;3.362498e-02;8.191853e-02;1.002201e-01;4.357530e-02;1.330026e-01;1.131488e-01;1.544103e-01;1.030425e-01;4.229313e-02;8.106912e-02;3.998833e-02
6.018322e-02;5.982913e-02;7.490852e-02;6.784167e-02;5.904297e-02;9.927528e-02;1.702557e-01;1.725291e-01;1.078556e-01;4.189340e-02;5.352339e-02;3.286199e-02
3.384871e-02;6.505661e-02;1.065158e-01;5.238903e-02;7.310435e-02;1.002162e-01;1.706755e-01;1.612508e-01;1.192201e-01;4.990281e-02;2.585872e-02;4.196142e-02
3.732669e-02;6.197037e-02;1.198203e-01;5.257627e-02;6.159037e-02;7.430755e-02;1.521374e-01;1.777934e-01;1.255584e-01;7.408366e-02;2.700774e-02;3.582782e-02
5.905766e-02;4.712736e-02;1.303871e-01;9.169565e-02;4.581903e-02;6.450024e-02;8.510164e-02;1.577601e-01;1.689190e-01;1.021779e-01;1.871464e-02;2.873972e-02
6.580392e-02;4.207350e-02;1.196408e-01;8.859726e-02;4.857906e-02;8.035762e-02;1.151481e-01;9.209829e-02;1.580975e-01;1.143963e-01;3.513847e-02;4.006918e-02
4.983598e-02;6.657538e-02;8.235628e-02;7.568500e-02;6.039979e-02;5.952906e-02;1.699906e-01;9.648453e-02;1.818261e-01;8.360322e-02;2.860799e-02;4.510608e-02
7.279193e-02;8.586916e-02;6.171096e-02;7.229606e-02;5.417399e-02;3.754812e-02;1.692401e-01;1.189747e-01;1.943023e-01;7.465520e-02;3.312546e-02;2.531197e-02
7.198682e-02;1.053035e-01;7.744339e-02;6.025717e-02;5.377935e-02;7.099278e-02;1.474032e-01;8.973418e-02;1.461204e-01;8.320201e-02;6.206180e-02;3.171544e-02
6.978658e-02;1.120401e-01;6.482267e-02;5.672751e-02;5.284642e-02;7.682749e-02;1.508059e-01;4.827791e-02;1.487266e-01;9.732451e-02;6.853577e-02;5.327857e-02
4.210076e-02;9.742449e-02;7.430303e-02;5.549832e-02;5.276429e-02;7.190024e-02;1.337721e-01;1.055188e-01;1.454028e-01;9.180229e-02;6.327509e-02;6.623784e-02
5.120083e-02;7.853188e-02;1.047029e-01;6.722869e-02;5.026236e-02;6.614727e-02;7.563222e-02;1.140240e-01;1.967223e-01;7.295902e-02;6.617756e-02;5.641100e-02
1.008201e-01;7.395384e-02;1.099598e-01;8.004046e-02;6.601436e-02;4.622405e-02;9.049974e-02;5.229328e-02;1.826850e-01;6.616661e-02;6.909655e-02;6.224617e-02
9.631847e-02;1.052469e-01;9.612422e-02;6.377163e-02;4.644094e-02;6.245260e-02;1.321670e-01;7.932413e-02;1.565366e-01;5.283613e-02;6.697617e-02;4.180520e-02
6.504102e-02;1.158460e-01;1.283619e-01;2.442132e-02;3.547766e-02;6.141229e-02;1.501424e-01;9.216234e-02;1.648534e-01;4.792143e-02;9.136909e-02;2.299109e-02
5.109667e-02;8.120488e-02;1.064300e-01;2.399055e-02;6.697460e-02;5.751215e-02;1.622336e-01;7.778652e-02;1.782888e-01;6.375158e-02;7.030810e-02;6.042254e-02
3.887196e-02;5.415664e-02;1.052244e-01;6.274001e-02;6.750081e-02;8.290497e-02;1.571839e-01;7.518902e-02;1.420236e-01;7.220954e-02;5.527618e-02;8.671896e-02
5.303941e-02;3.082064e-02;1.341778e-01;8.962897e-02;5.460800e-02;1.152970e-01;1.096763e-01;6.382501e-02;1.050221e-01;8.868647e-02;4.324739e-02;1.119709e-01
7.858107e-02;7.348000e-02;1.443381e-01;6.487841e-02;3.744013e-02;9.470078e-02;1.457812e-01;4.286932e-02;8.812366e-02;9.372616e-02;3.452018e-02;1.015610e-01
1.049188e-01;1.192589e-01;1.081672e-01;3.404289e-02;2.520797e-02;6.981080e-02;1.699300e-01;6.917382e-02;8.877144e-02;7.359745e-02;5.960359e-02;7.751710e-02
1.411456e-01;1.191003e-01;6.190180e-02;5.983699e-02;3.854364e-02;7.017406e-02;1.749603e-01;5.543090e-02;8.432674e-02;7.548936e-02;6.491941e-02;5.417095e-02
7.227713e-02;7.764547e-02;8.093435e-02;7.760071e-02;4.151502e-02;9.756682e-02;1.696530e-01;9.711667e-02;7.900372e-02;8.557621e-02;5.248229e-02;6.862859e-02
3.571207e-02;5.070487e-02;1.313395e-01;6.355378e-02;7.326055e-02;1.252312e-01;1.553152e-01;1.007235e-01;1.109145e-01;4.086982e-02;5.640275e-02;5.597230e-02
4.228889e-02;4.244923e-02;1.029599e-01;8.482166e-02;9.476826e-02;1.246172e-01;1.440322e-01;1.278113e-01;8.691145e-02;3.292482e-02;6.108737e-02;5.532774e-02
3.050786e-02;5.230458e-02;8.800160e-02;1.040029e-01;1.029489e-01;1.233658e-01;1.206121e-01;1.562670e-01;8.195989e-02;3.444704e-02;6.258906e-02;4.299311e-02
1.379462e-02;6.986998e-02;9.642714e-02;1.320762e-01;1.074817e-01;1.033448e-01;7.207976e-02;1.870439e-01;9.744268e-02;3.281973e-02;5.955158e-02;2.806788e-02
1.484979e-02;6.799468e-02;1.097428e-01;1.381629e-01;1.222395e-01;7.460614e-02;9.420452e-02;1.573570e-01;9.876610e-02;3.244749e-02;3.813839e-02;5.149069e-02
1.250022e-02;4.743589e-02;8.336519e-02;1.346507e-01;2.220798e-01;5.889927e-02;1.081848e-01;1.134348e-01;7.208358e-02;3.240800e-02;2.189747e-02;9.306031e-02
2.029935e-02;1.606578e-02;7.656997e-02;1.028376e-01;3.060228e-01;5.662702e-02;1.112321e-01;5.556907e-02;1.088543e-01;2.047077e-02;1.461939e-02;1.108319e-01
2.941189e-02;1.125681e-02;1.065416e-01;7.549819e-02;3.259261e-01;7.215603e-02;1.066738e-01;1.767232e-02;1.243746e-01;1.955100e-02;1.511799e-02;9.581979e-02
5.165146e-02;1.578876e-02;1.191069e-01;5.229133e-02;3.070934e-01;1.210094e-01;1.170350e-01;1.866894e-02;9.893715e-02;1.914296e-02;1.335470e-02;6.592003e-02
6.671752e-02;2.419545e-02;1.345658e-01;5.119379e-02;2.440860e-01;1.710387e-01;1.306848e-01;3.476584e-02;5.818685e-02;2.393142e-02;2.118654e-02;3.944727e-02
4.786087e-02;3.142672e-02;1.687710e-01;7.503760e-02;1.939614e-01;1.778363e-01;1.351919e-01;3.936153e-02;3.928644e-02;2.425020e-02;2.468630e-02;4.232978e-02
4.310923e-02;3.633958e-02;1.376744e-01;8.611472e-02;1.718844e-01;1.597271e-01;2.049859e-01;2.626640e-02;3.549179e-02;3.552285e-02;1.497043e-02;4.791317e-02
9.269484e-02;2.811912e-02;8.779218e-02;5.904681e-02;1.465075e-01;1.550560e-01;1.924527e-01;4.136589e-02;9.221043e-02;4.402115e-02;1.418378e-02;4.654957e-02
9.207691e-02;3.612726e-02;9.588015e-02;5.457902e-02;1.270049e-01;1.383075e-01;1.653706e-01;4.730347e-02;1.323494e-01;3.906513e-02;2.296783e-02;4.896780e-02
6.123108e-02;3.994532e-02;1.013782e-01;6.759660e-02;1.283696e-01;7.096590e-02;1.914987e-01;6.873101e-02;1.661712e-01;3.978765e-02;1.861630e-02;4.570828e-02
4.709716e-02;4.048076e-02;1.328487e-01;7.423695e-02;1.200415e-01;7.219356e-02;1.717878e-01;8.857940e-02;1.544353e-01;3.327359e-02;1.473817e-02;5.028711e-02
4.748756e-02;4.877505e-02;1.996994e-01;5.144912e-02;1.392072e-01;9.850569e-02;1.314964e-01;7.762720e-02;8.457433e-02;3.892060e-02;2.120159e-02;6.105592e-02
3.525370e-02;4.050387e-02;1.952451e-01;4.672092e-02;1.411797e-01;1.282232e-01;1.380566e-01;7.443525e-02;7.329530e-02;4.820329e-02;2.362822e-02;5.525483e-02
5.040165e-02;4.081850e-02;1.076213e-01;6.223926e-02;1.515557e-01;9.365436e-02;1.340047e-01;1.239631e-01;1.470891e-01;3.347982e-02;2.310593e-02;3.206658e-02
3.066335e-02;2.641565e-02;1.346299e-01;5.598899e-02;1.247000e-01;9.259047e-02;1.278301e-01;1.529141e-01;1.769386e-01;3.475063e-02;2.641805e-02;1.616022e-02
3.917847e-02;5.989890e-02;1.035355e-01;6.435355e-02;1.219891e-01;1.090156e-01;1.639192e-01;1.331519e-01;7.589274e-02;7.276358e-02;4.074328e-02;1.555827e-02
7.491143e-02;7.789361e-02;9.541328e-02;5.855809e-02;8.103096e-02;6.646483e-02;1.275900e-01;9.004495e-02;9.795130e-02;1.226362e-01;7.727367e-02;3.023176e-02
8.008419e-02;7.547635e-02;1.191737e-01;5.131279e-02;4.977501e-02;7.197251e-02;1.412486e-01;9.793109e-02;7.867940e-02;1.148254e-01;7.558348e-02;4.393743e-02
9.306128e-02;7.282985e-02;1.745151e-01;8.749562e-02;7.359397e-02;9.106352e-02;1.103515e-01;7.244431e-02;3.622311e-02;7.496911e-02;6.095789e-02;5.249479e-02
9.456203e-02;5.593907e-02;1.752419e-01;1.969460e-01;8.420128e-02;6.611817e-02;7.435866e-02;5.236488e-02;7.605828e-02;5.801830e-02;3.418254e-02;3.200893e-02
9.617192e-02;2.949691e-02;1.379720e-01;3.444462e-01;7.540388e-02;3.266102e-02;4.012158e-02;3.778347e-02;1.253061e-01;4.628300e-02;1.898016e-02;1.537372e-02
1.012619e-01;1.513810e-02;7.408240e-02;4.523022e-01;8.341669e-02;1.757846e-02;2.454855e-02;2.289983e-02;1.580332e-01;3.165172e-02;1.255134e-02;6.535601e-03
1.009793e-01;5.878453e-03;5.233813e-02;4.017409e-01;1.345067e-01;1.065019e-02;5.152824e-02;3.242765e-02;1.624459e-01;3.261622e-02;1.036077e-02;4.527543e-03
1.014667e-01;7.843473e-03;2.702674e-02;3.186975e-01;1.760288e-01;1.518878e-02;1.018485e-01;3.211388e-02;1.612264e-01;4.283107e-02;1.272560e-02;3.002568e-03
1.012289e-01;1.118944e-02;3.339204e-02;2.535831e-01;1.390546e-01;2.306467e-02;1.735359e-01;3.927491e-02;1.543035e-01;5.560242e-02;1.325921e-02;2.511297e-03
8.568986e-02;1.849419e-02;4.113699e-02;1.821409e-01;1.306164e-01;1.991006e-02;2.009488e-01;7.993237e-02;1.287197e-01;9.067887e-02;1.539129e-02;6.340579e-03
5.994051e-02;2.825250e-02;6.671159e-02;1.305902e-01;1.295308e-01;3.089117e-02;1.973084e-01;1.112599e-01;9.826624e-02;1.226411e-01;1.408943e-02;1.051814e-02
6.146506e-02;3.120658e-02;9.612864e-02;9.192864e-02;1.103427e-01;5.398203e-02;2.197732e-01;8.352921e-02;1.039110e-01;1.146942e-01;2.238284e-02;1.065588e-02
6.878078e-02;2.375120e-02;9.458040e-02;9.434269e-02;8.766213e-02;6.252276e-02;2.513869e-01;4.773360e-02;1.367789e-01;8.990413e-02;2.984700e-02;1.270954e-02
7.136598e-02;1.244549e-02;4.444962e-02;1.470154e-01;9.306905e-02;3.870114e-02;2.099669e-01;5.701048e-02;1.695694e-01;1.123214e-01;3.182251e-02;1.226253e-02
6.819844e-02;1.359525e-02;5.640360e-02;1.557324e-01;8.797384e-02;3.012236e-02;1.758228e-01;3.989444e-02;1.926274e-01;1.223233e-01;3.561367e-02;2.169260e-02
5.206311e-02;2.277232e-02;6.657695e-02;1.169007e-01;1.005205e-01;4.588626e-02;1.750603e-01;4.725818e-02;1.505876e-01;1.160938e-01;5.485417e-02;5.142611e-02
5.339648e-02;3.378933e-02;8.108906e-02;8.373752e-02;1.192312e-01;6.209063e-02;1.514660e-01;4.610989e-02;1.050957e-01;1.280041e-01;6.466513e-02;7.132489e-02
6.740898e-02;3.776797e-02;1.114336e-01;9.130729e-02;1.275963e-01;5.449869e-02;1.185771e-01;2.661877e-02;1.143267e-01;1.358504e-01;6.445540e-02;5.015880e-02
6.943677e-02;3.037395e-02;1.160678e-01;1.356463e-01;1.284502e-01;5.799250e-02;9.054183e-02;2.127784e-02;1.364342e-01;1.208108e-01;6.309109e-02;2.987679e-02
7.283638e-02;1.342240e-02;1.327623e-01;1.903044e-01;8.828574e-02;6.345485e-02;1.026073e-01;3.774175e-02;1.381641e-01;7.339329e-02;6.466006e-02;2.236758e-02
5.199263e-02;2.627779e-02;1.875766e-01;1.712244e-01;5.940399e-02;8.289959e-02;1.148885e-01;8.714904e-02;9.138308e-02;4.313790e-02;4.611591e-02;3.795053e-02
2.450679e-02;5.817489e-02;2.041495e-01;9.816340e-02;7.292020e-02;7.728752e-02;1.408532e-01;1.279600e-01;5.109930e-02;3.911541e-02;4.761707e-02;5.815276e-02
3.894019e-02;1.058081e-01;1.384580e-01;4.768244e-02;1.060906e-01;4.427144e-02;2.087625e-01;1.179631e-01;4.494116e-02;3.889425e-02;5.354845e-02;5.463989e-02
4.136501e-02;1.851594e-01;9.005140e-02;5.844840e-02;7.838948e-02;3.442586e-02;2.565554e-01;7.812099e-02;3.954209e-02;4.324789e-02;6.172844e-02;3.296561e-02
4.936663e-02;1.947379e-01;1.420088e-01;4.972546e-02;6.761304e-02;2.795395e-02;2.229615e-01;6.797957e-02;5.896181e-02;3.109181e-02;4.692344e-02;4.067604e-02
2.040750e-02;8.445685e-02;2.816170e-01;5.399669e-02;3.753181e-02;6.585390e-02;1.437484e-01;1.298607e-01;4.015882e-02;2.582300e-02;2.073912e-02;9.580619e-02
4.207164e-02;2.132943e-02;2.163104e-01;1.732440e-01;4.660308e-02;8.788981e-02;8.416058e-02;9.442735e-02;9.321886e-02;3.043073e-02;2.313213e-02;8.718200e-02
6.486825e-02;2.830696e-02;1.422947e-01;2.416477e-01;9.665875e-02;7.616236e-02;7.075585e-02;4.630768e-02;1.261139e-01;3.582039e-02;2.636939e-02;4.469397e-02
6.218805e-02;3.324246e-02;7.794776e-02;2.255193e-01;1.742474e-01;7.484889e-02;6.449926e-02;6.651001e-02;1.259503e-01;6.076122e-02;1.813127e-02;1.615409e-02
4.001358e-02;3.730242e-02;2.901272e-02;1.373699e-01;2.379307e-01;9.012666e-02;5.937436e-02;1.332664e-01;8.232093e-02;1.306411e-01;1.327429e-02;9.367000e-03
3.708453e-02;3.631016e-02;3.282239e-02;9.327215e-02;2.277025e-01;9.138772e-02;3.850039e-02;1.286050e-01;6.182148e-02;2.277399e-01;1.718178e-02;7.572087e-03
5.262206e-02;2.842623e-02;3.423119e-02;1.057480e-01;1.653947e-01;6.321398e-02;4.560590e-02;5.131168e-02;1.375928e-01;2.892182e-01;1.927774e-02;7.357500e-03
7.541241e-02;1.599836e-02;4.745874e-02;1.241705e-01;8.890318e-02;2.573544e-02;7.251614e-02;4.653742e-02;2.739140e-01;1.986869e-01;2.133641e-02;9.330493e-03
9.075572e-02;1.192070e-02;3.967644e-02;1.424820e-01;5.360248e-02;8.927455e-03;8.971428e-02;4.573295e-02;3.550406e-01;1.093168e-01;4.530322e-02;7.527373e-03
9.148669e-02;6.393281e-03;2.620093e-02;1.499714e-01;2.898092e-02;8.845516e-03;6.346053e-02;4.266956e-02;4.250205e-01;5.855726e-02;9.176731e-02;6.645992e-03
6.739983e-02;1.211901e-02;3.542993e-02;1.374383e-01;1.473700e-02;1.458511e-02;3.721039e-02;6.041811e-02;4.574547e-01;4.139459e-02;1.126289e-01;9.184142e-03
4.168694e-02;2.755931e-02;5.985840e-02;1.032151e-01;1.536476e-02;4.073602e-02;2.916837e-02;8.672091e-02;4.370312e-01;4.335313e-02;7.867628e-02;3.662964e-02
2.935217e-02;3.806703e-02;9.083750e-02;6.171393e-02;1.765731e-02;8.101378e-02;4.041645e-02;1.675773e-01;3.336742e-01;4.359866e-02;2.481779e-02;7.127400e-02
1.213226e-02;3.167088e-02;1.179327e-01;2.383948e-02;9.791110e-03;1.063101e-01;5.349666e-02;2.602101e-01;1.843479e-01;8.656614e-02;1.227632e-02;1.014264e-01
1.175736e-02;2.165423e-02;1.314074e-01;1.718142e-02;8.363213e-03;1.095861e-01;4.980600e-02;3.231681e-01;1.073328e-01;9.880373e-02;7.803912e-03;1.131358e-01
8.603974e-03;1.724913e-02;1.387863e-01;2.109065e-02;1.028677e-02;1.001360e-01;5.147445e-02;3.516914e-01;7.823100e-02;9.611998e-02;1.671125e-02;1.096191e-01
1.209972e-02;1.549836e-02;1.387173e-01;1.475114e-02;9.776347e-03;8.693722e-02;7.080314e-02;3.676613e-01;7.632063e-02;9.553132e-02;1.670412e-02;9.519938e-02
8.405432e-03;1.936644e-02;1.408222e-01;1.583242e-02;9.226625e-03;7.591220e-02;9.528117e-02;3.746620e-01;7.607725e-02;8.421364e-02;2.028282e-02;7.991782e-02
9.919447e-03;2.671665e-02;1.465463e-01;2.476636e-02;1.339721e-02;7.168359e-02;1.103709e-01;3.551471e-01;7.521609e-02;8.491979e-02;2.292431e-02;5.839233e-02
2.347527e-02;3.612176e-02;1.489752e-01;2.689045e-02;2.787888e-02;6.846748e-02;1.729503e-01;3.111636e-01;6.027119e-02;7.235382e-02;1.476339e-02;3.668876e-02
2.041860e-02;2.802624e-02;1.561239e-01;2.691614e-02;3.019026e-02;6.290562e-02;2.208181e-01;2.812668e-01;5.957825e-02;6.438509e-02;2.101045e-02;2.836054e-02
1.249345e-02;1.840674e-02;1.633848e-01;3.088838e-02;2.447560e-02;5.098749e-02;2.145770e-01;2.812336e-01;6.339327e-02;8.515450e-02;2.566667e-02;2.933842e-02
9.583872e-03;2.083639e-02;1.908913e-01;3.616394e-02;3.025068e-02;4.005952e-02;2.444031e-01;2.565944e-01;3.664005e-02;9.031393e-02;1.636021e-02;2.790264e-02
1.374438e-02;2.515012e-02;2.433738e-01;4.080360e-02;3.588242e-02;2.361648e-02;2.133940e-01;2.269185e-01;5.408185e-02;6.783590e-02;1.239728e-02;4.280165e-02
1.693107e-02;2.482934e-02;2.767035e-01;2.753679e-02;4.743374e-02;3.708545e-02;1.846365e-01;1.994271e-01;5.300573e-02;5.666633e-02;1.359124e-02;6.215324e-02
1.235460e-02;2.541166e-02;2.728994e-01;3.484499e-02;5.714985e-02;8.146545e-02;1.592995e-01;1.757890e-01;4.361919e-02;5.001912e-02;2.253132e-02;6.461602e-02
3.702785e-02;3.455703e-02;2.060335e-01;7.800111e-02;1.224901e-01;9.456414e-02;1.020458e-01;1.257916e-01;5.993372e-02;4.694051e-02;3.378175e-02;5.883278e-02
5.194058e-02;4.076441e-02;1.320555e-01;1.447985e-01;1.324118e-01;6.580596e-02;1.212777e-01;9.229174e-02;9.620237e-02;4.910690e-02;2.920353e-02;4.414112e-02
4.578432e-02;3.021077e-02;8.817847e-02;2.049370e-01;8.465866e-02;4.508190e-02;1.286840e-01;1.019653e-01;1.602247e-01;6.616987e-02;1.968438e-02;2.442064e-02
3.742805e-02;1.315434e-02;5.416077e-02;2.283484e-01;6.348744e-02;2.621458e-02;9.896760e-02;1.300865e-01;2.187387e-01;9.193670e-02;2.299393e-02;1.448305e-02
3.666547e-02;9.484430e-03;6.204743e-02;2.082329e-01;6.180010e-02;3.228596e-02;1.447189e-01;1.164458e-01;1.874747e-01;9.875876e-02;2.678994e-02;1.529557e-02
3.402211e-02;1.548738e-02;1.108320e-01;2.022993e-01;7.906107e-02;3.754173e-02;1.444084e-01;7.854915e-02;1.352155e-01;1.184397e-01;3.161792e-02;1.252567e-02
4.470855e-02;3.210291e-02;1.489388e-01;1.607451e-01;9.815516e-02;3.954820e-02;1.156805e-01;6.098931e-02;1.122729e-01;1.375381e-01;3.578360e-02;1.353676e-02
9.024882e-02;5.188436e-02;1.524561e-01;1.099104e-01;1.258179e-01;4.199886e-02;7.827929e-02;4.973401e-02;8.986416e-02;1.453312e-01;4.559757e-02;1.887737e-02
1.067849e-01;4.447933e-02;1.043732e-01;1.213793e-01;1.344188e-01;3.222701e-02;6.197730e-02;4.000119e-02;1.029500e-01;1.593775e-01;7.172891e-02;2.030268e-02
6.581292e-02;1.822216e-02;8.306114e-02;1.424051e-01;1.083549e-01;3.655943e-02;1.254493e-01;3.392693e-02;1.511873e-01;1.439188e-01;7.549095e-02;1.561103e-02
4.386591e-02;1.660255e-02;6.394520e-02;1.416269e-01;5.565944e-02;4.272567e-02;1.914943e-01;4.020195e-02;2.226220e-01;1.090343e-01;5.674119e-02;1.548070e-02
5.131793e-02;1.380454e-02;5.328605e-02;1.260792e-01;3.874813e-02;3.166676e-02;1.774710e-01;3.827608e-02;2.808277e-01;1.353670e-01;4.278110e-02;1.037443e-02
4.697338e-02;2.152884e-02;7.420476e-02;1.122494e-01;8.269686e-02;2.437860e-02;1.244160e-01;1.946223e-02;2.628145e-01;1.710559e-01;4.392042e-02;1.629913e-02
3.756990e-02;2.925011e-02;5.468280e-02;9.248553e-02;1.370327e-01;2.569445e-02;9.343669e-02;1.989599e-02;1.843809e-01;2.674695e-01;4.073502e-02;1.736645e-02
2.574816e-02;4.445785e-02;3.945258e-02;7.788953e-02;1.922839e-01;2.647933e-02;4.935574e-02;1.882754e-02;8.959786e-02;3.818115e-01;3.455463e-02;1.954135e-02
2.453242e-02;4.828899e-02;2.489281e-02;8.449114e-02;2.243132e-01;2.720792e-02;2.727384e-02;1.489077e-02;5.883612e-02;3.943320e-01;3.812212e-02;3.281871e-02
3.442402e-02;5.417531e-02;2.317129e-02;1.070769e-01;2.296175e-01;3.602845e-02;4.069968e-02;1.783854e-02;5.756073e-02;3.158008e-01;4.162236e-02;4.198445e-02
4.123494e-02;5.429982e-02;3.194105e-02;1.318799e-01;2.083458e-01;5.257567e-02;5.634634e-02;3.084408e-02;6.987223e-02;2.508532e-01;3.821403e-02;3.359298e-02
6.860621e-02;3.254152e-02;5.709172e-02;1.522105e-01;1.317866e-01;3.371025e-02;1.001936e-01;4.211468e-02;1.521878e-01;1.759329e-01;3.678012e-02;1.684413e-02
7.845276e-02;1.281928e-02;7.275967e-02;1.535078e-01;6.299496e-02;1.639872e-02;1.183044e-01;5.447229e-02;2.335368e-01;1.351822e-01;5.026097e-02;1.131008e-02
6.380076e-02;1.879924e-02;9.788012e-02;1.459298e-01;3.323172e-02;2.501319e-02;9.353002e-02;6.758828e-02;2.631195e-01;1.124736e-01;6.546213e-02;1.317162e-02
3.812440e-02;3.432404e-02;1.506115e-01;9.563323e-02;2.202893e-02;4.450757e-02;1.090834e-01;9.404763e-02;2.281427e-01;9.026147e-02;5.287894e-02;4.035615e-02
2.336457e-02;4.802959e-02;1.714319e-01;4.132771e-02;3.096249e-02;4.574575e-02;1.817605e-01;9.479322e-02;1.675856e-01;1.146187e-01;3.040897e-02;4.997094e-02
4.754253e-02;8.191773e-02;1.350434e-01;2.627595e-02;4.685995e-02;3.175713e-02;2.379056e-01;7.618562e-02;1.296582e-01;9.504386e-02;5.178601e-02;4.002393e-02
8.911552e-02;1.194494e-01;9.087305e-02;4.005393e-02;5.403465e-02;4.457674e-02;2.518150e-01;5.817948e-02;9.919973e-02;6.275385e-02;5.913438e-02;3.081421e-02
1.157642e-01;1.147280e-01;5.220918e-02;6.393228e-02;6.236488e-02;7.437272e-02;2.142256e-01;6.706852e-02;5.314380e-02;1.107076e-01;4.523999e-02;2.624321e-02
1.433021e-01;7.178529e-02;8.279016e-02;6.218715e-02;8.106883e-02;1.130467e-01;1.361322e-01;7.960851e-02;3.877600e-02;1.209783e-01;4.278596e-02;2.753882e-02
1.511457e-01;4.400466e-02;7.580122e-02;4.679261e-02;7.569374e-02;1.415495e-01;1.749340e-01;6.936321e-02;4.826064e-02;8.696089e-02;4.941001e-02;3.608372e-02
1.243316e-01;8.853903e-02;4.506903e-02;4.797838e-02;6.921005e-02;1.153263e-01;2.680458e-01;4.533032e-02;5.084262e-02;6.722017e-02;3.377753e-02;4.432916e-02
1.097703e-01;1.239890e-01;7.457431e-02;3.114343e-02;5.500627e-02;7.525713e-02;3.074684e-01;4.112770e-02;4.904560e-02;5.327590e-02;4.688773e-02;3.245435e-02
9.836162e-02;1.186801e-01;1.381714e-01;3.023109e-02;5.859780e-02;5.559495e-02;2.821615e-01;5.583246e-02;4.477097e-02;3.556288e-02;5.679834e-02;2.523689e-02
6.405734e-02;8.657093e-02;2.145996e-01;5.201006e-02;4.961625e-02;5.094025e-02;2.373255e-01;8.464965e-02;4.697409e-02;3.614063e-02;4.223387e-02;3.488192e-02
4.292972e-02;6.397372e-02;1.980837e-01;1.348358e-01;4.473734e-02;6.584398e-02;1.709796e-01;8.482376e-02;8.006011e-02;5.104004e-02;2.738327e-02;3.530900e-02
5.682061e-02;3.744572e-02;1.206457e-01;2.127428e-01;4.476209e-02;5.029840e-02;1.012675e-01;9.523524e-02;1.590755e-01;7.004822e-02;3.215450e-02;1.950369e-02
7.334328e-02;1.495082e-02;6.273033e-02;2.044042e-01;4.117576e-02;2.617167e-02;8.967882e-02;1.168599e-01;2.308649e-01;8.915882e-02;4.189871e-02;8.762849e-03
6.946292e-02;1.023283e-02;4.773339e-02;1.788037e-01;3.967876e-02;2.422087e-02;1.115616e-01;1.083539e-01;2.602619e-01;9.455516e-02;4.557728e-02;9.557655e-03
5.148654e-02;1.328935e-02;7.912947e-02;1.751214e-01;6.845527e-02;3.683654e-02;7.622459e-02;8.241051e-02;2.666551e-01;9.497416e-02;4.462780e-02;1.078917e-02
2.794362e-02;2.527250e-02;1.095398e-01;1.412836e-01;1.393633e-01;7.722098e-02;6.024895e-02;6.263363e-02;2.109962e-01;8.692620e-02;3.835454e-02;2.021663e-02
1.264787e-02;3.372696e-02;1.503578e-01;6.966545e-02;1.429525e-01;1.456400e-01;9.307601e-02;9.259021e-02;1.244276e-01;7.023899e-02;3.047974e-02;3.419698e-02
6.561360e-03;2.815209e-02;1.812106e-01;2.341024e-02;8.133727e-02;2.248398e-01;1.188389e-01;1.266174e-01;6.468423e-02;7.028657e-02;2.401302e-02;5.004850e-02
9.694231e-03;2.785856e-02;2.037590e-01;3.394030e-02;5.367571e-02;2.082422e-01;1.389875e-01;1.335196e-01;4.265783e-02;7.193071e-02;2.068863e-02;5.504585e-02
8.683218e-03;3.247697e-02;2.071740e-01;3.343833e-02;5.424397e-02;1.365398e-01;2.084312e-01;1.309631e-01;4.924964e-02;6.774964e-02;2.404192e-02;4.700829e-02
1.992691e-02;4.833346e-02;1.665261e-01;3.459750e-02;7.048631e-02;8.837668e-02;3.088804e-01;1.095638e-01;4.080626e-02;5.622003e-02;2.746356e-02;2.881897e-02
3.757447e-02;6.384127e-02;1.148557e-01;3.759345e-02;8.573972e-02;8.658977e-02;3.753857e-01;7.479650e-02;3.410789e-02;4.100054e-02;3.196764e-02;1.654731e-02
5.561815e-02;6.035264e-02;9.744678e-02;4.175737e-02;1.325318e-01;1.074596e-01;3.345772e-01;6.189857e-02;3.166213e-02;3.247822e-02;2.518689e-02;1.903063e-02
