7.751946e-02;4.704024e-02;1.289921e-01;7.812741e-02;8.123302e-02;7.830743e-02;8.507862e-02;7.523924e-02;1.333315e-01;7.526873e-02;7.078072e-02;6.908154e-02
1.073058e-01;5.204197e-02;1.299266e-01;5.612846e-02;8.009899e-02;6.153795e-02;1.132154e-01;5.156575e-02;1.691047e-01;5.458117e-02;7.763009e-02;4.686315e-02
6.958138e-02;5.925862e-02;1.434629e-01;4.430909e-02;7.061265e-02;7.786252e-02;1.153357e-01;8.668756e-02;1.035096e-01;8.170267e-02;7.056225e-02;7.711496e-02
9.457535e-02;5.606392e-02;1.097194e-01;3.117508e-02;8.556965e-02;5.873413e-02;1.345767e-01;1.032748e-01;9.971326e-02;7.287184e-02;8.281317e-02;7.091270e-02
1.026377e-01;5.190765e-02;8.787750e-02;2.629770e-02;9.529109e-02;6.841256e-02;1.387488e-01;1.192934e-01;8.980727e-02;5.976827e-02;1.042836e-01;5.567447e-02
7.877254e-02;3.879800e-02;7.168997e-02;2.898058e-02;8.015362e-02;1.329913e-01;1.512156e-01;9.507914e-02;7.709382e-02;4.590063e-02;1.306913e-01;6.863347e-02
4.019424e-02;2.957040e-02;8.552480e-02;2.005043e-02;5.821420e-02;2.235226e-01;1.193358e-01;5.214206e-02;6.540002e-02;5.854373e-02;1.812416e-01;6.626009e-02
2.543793e-02;3.152888e-02;1.027077e-01;3.183961e-02;4.858324e-02;2.761760e-01;8.410568e-02;2.899561e-02;4.604048e-02;8.602978e-02;2.131049e-01;2.545015e-02
3.207612e-02;4.634894e-02;8.750167e-02;5.558035e-02;5.607810e-02;1.914297e-01;1.127547e-01;3.667887e-02;4.911906e-02;1.107953e-01;1.841049e-01;3.753213e-02
6.085205e-02;4.968306e-02;7.381409e-02;6.219185e-02;6.731354e-02;1.117321e-01;1.492862e-01;5.094728e-02;7.999570e-02;1.160618e-01;1.420951e-01;3.602735e-02
7.179364e-02;5.615505e-02;6.294393e-02;6.342287e-02;5.792654e-02;1.542882e-01;1.478976e-01;5.056477e-02;4.630076e-02;1.350663e-01;1.012351e-01;5.240523e-02
4.012246e-02;6.366453e-02;7.860511e-02;1.010590e-01;6.327889e-02;1.166571e-01;1.184867e-01;8.901446e-02;5.934274e-02;1.225176e-01;7.258610e-02;7.466519e-02
3.726865e-02;5.070500e-02;1.245102e-01;7.142537e-02;5.354447e-02;1.349749e-01;1.139006e-01;1.092189e-01;8.107021e-02;8.190894e-02;5.904578e-02;8.242705e-02
4.981064e-02;4.893439e-02;1.265520e-01;5.654171e-02;5.366533e-02;1.353462e-01;1.456570e-01;8.190115e-02;8.997031e-02;7.293060e-02;5.666548e-02;8.202520e-02
5.735413e-02;6.994580e-02;7.560712e-02;6.582580e-02;8.055973e-02;1.234778e-01;1.256622e-01;4.678928e-02;9.061503e-02;1.182044e-01;6.875540e-02;7.720339e-02
8.074938e-02;8.046242e-02;1.079974e-01;6.523859e-02;5.930238e-02;9.338029e-02;1.034888e-01;5.942085e-02;7.851736e-02;1.265065e-01;6.447598e-02;8.046012e-02
4.939008e-02;9.831724e-02;1.547417e-01;6.749917e-02;4.659016e-02;6.823210e-02;6.772759e-02;6.842087e-02;8.715844e-02;1.149788e-01;7.438792e-02;1.025559e-01
7.256322e-02;9.649824e-02;1.176414e-01;8.653571e-02;6.318538e-02;8.650856e-02;8.800210e-02;7.236774e-02;8.570223e-02;9.094353e-02;6.667173e-02;7.338014e-02
8.012529e-02;9.028455e-02;1.027991e-01;9.484635e-02;6.353682e-02;9.561417e-02;1.037683e-01;8.296663e-02;9.339400e-02;8.443628e-02;6.218601e-02;4.604245e-02
6.962232e-02;7.772756e-02;9.455008e-02;8.369418e-02;5.580359e-02;1.131509e-01;9.146956e-02;1.128259e-01;1.335262e-01;7.717639e-02;5.735608e-02;3.309717e-02
6.806438e-02;8.169178e-02;2.048345e-01;4.778207e-02;7.305515e-02;9.584684e-02;9.625933e-02;6.914385e-02;9.404455e-02;9.022362e-02;4.848221e-02;3.057178e-02
1.381007e-01;9.557780e-02;2.223168e-01;4.764013e-02;5.162699e-02;4.325651e-02;1.193814e-01;3.352874e-02;3.914398e-02;7.662676e-02;6.839449e-02;6.440578e-02
1.930793e-01;8.417066e-02;1.634004e-01;4.394300e-02;3.815709e-02;3.407636e-02;1.232765e-01;3.326857e-02;3.852196e-02;5.346860e-02;7.441055e-02;1.202270e-01
2.507420e-01;6.172383e-02;8.509955e-02;5.050305e-02;2.313916e-02;2.791355e-02;1.246930e-01;2.607265e-02;2.558356e-02;3.771620e-02;7.175451e-02;2.150589e-01
2.778238e-01;2.101628e-02;3.000582e-02;8.518639e-02;2.038459e-02;1.405152e-02;1.307519e-01;1.008656e-02;1.143556e-02;1.733942e-02;5.331121e-02;3.286070e-01
2.412829e-01;3.526789e-02;2.171129e-02;1.474509e-01;4.079313e-02;1.548145e-02;1.319804e-01;1.001894e-02;7.378172e-03;1.015038e-02;4.076665e-02;2.977179e-01
2.052089e-01;2.689357e-02;1.941926e-02;2.133553e-01;6.325909e-02;1.769685e-02;1.593712e-01;1.697834e-02;5.221168e-03;1.349819e-02;3.276994e-02;2.263282e-01
1.831498e-01;4.172320e-02;9.697537e-03;2.333605e-01;5.948069e-02;2.052917e-02;1.901957e-01;2.354853e-02;7.217513e-03;2.195239e-02;4.038152e-02;1.687635e-01
1.605905e-01;5.861944e-02;2.778568e-02;1.778244e-01;3.567976e-02;3.286867e-02;2.038469e-01;3.731408e-02;1.959777e-02;2.323801e-02;6.699616e-02;1.556385e-01
1.111036e-01;7.160415e-02;3.557938e-02;7.807788e-02;2.577799e-02;4.412461e-02;1.611796e-01;4.105492e-02;7.865876e-02;5.948300e-02;1.189219e-01;1.744343e-01
5.654917e-02;3.352204e-02;6.931334e-02;6.825109e-02;5.808624e-02;5.727808e-02;8.108368e-02;3.144701e-02;1.260321e-01;1.182119e-01;1.433906e-01;1.568347e-01
5.303169e-02;3.894263e-02;7.338762e-02;9.142264e-02;9.787820e-02;8.206755e-02;5.644490e-02;5.288560e-02;9.991000e-02;1.000540e-01;1.419841e-01;1.119911e-01
5.380446e-02;3.886994e-02;6.270760e-02;1.131678e-01;1.401448e-01;1.146508e-01;6.528760e-02;6.961165e-02;7.512665e-02;6.932560e-02;1.185807e-01;7.872241e-02
6.664589e-02;4.401367e-02;5.550590e-02;1.119854e-01;1.552350e-01;1.220536e-01;7.872453e-02;4.603430e-02;7.807724e-02;1.071731e-01;7.458989e-02;5.996143e-02
1.057155e-01;3.033289e-02;6.106754e-02;9.738529e-02;1.348936e-01;9.798221e-02;7.303573e-02;4.413659e-02;7.715036e-02;1.407718e-01;5.368465e-02;8.384380e-02
1.130251e-01;2.874259e-02;7.249989e-02;6.697270e-02;7.273053e-02;8.028811e-02;6.581172e-02;6.430653e-02;1.623759e-01;1.214744e-01;5.733854e-02;9.443397e-02
8.330397e-02;4.652449e-02;1.074778e-01;4.725907e-02;4.281728e-02;7.540716e-02;5.116334e-02;6.483924e-02;2.251086e-01;1.185603e-01;5.400822e-02;8.353050e-02
5.201037e-02;9.916721e-02;9.659968e-02;6.616242e-02;5.990647e-02;6.884711e-02;6.787448e-02;4.531718e-02;1.823708e-01;1.039813e-01;6.283794e-02;9.492514e-02
8.018738e-02;6.905480e-02;1.431766e-01;9.515779e-02;8.332653e-02;4.064995e-02;7.098309e-02;2.919243e-02;1.364008e-01;9.867979e-02;5.973557e-02;9.345521e-02
4.567700e-02;5.746020e-02;1.760543e-01;8.701119e-02;9.844869e-02;3.588006e-02;7.701720e-02;3.114933e-02;1.538516e-01;1.193068e-01;5.012565e-02;6.801803e-02
1.083667e-01;8.144527e-02;2.417684e-01;5.072822e-02;7.721436e-02;4.213232e-02;1.200849e-01;3.265898e-02;9.561585e-02;7.984019e-02;3.808574e-02;3.205896e-02
1.850619e-01;9.930126e-02;2.305804e-01;3.719612e-02;5.426302e-02;3.495036e-02;1.197614e-01;4.394793e-02;7.095996e-02;5.493011e-02;3.328522e-02;3.576232e-02
2.984989e-01;1.136158e-01;1.563441e-01;2.263456e-02;3.516107e-02;2.309424e-02;9.453727e-02;5.029112e-02;6.136891e-02;4.847413e-02;3.310387e-02;6.287605e-02
4.244876e-01;1.032605e-01;7.853670e-02;1.406238e-02;1.526866e-02;1.240397e-02;7.480071e-02;5.319263e-02;4.033585e-02;5.379744e-02;3.056567e-02;9.928782e-02
3.938057e-01;6.538473e-02;7.343744e-02;2.604001e-02;1.348691e-02;1.201325e-02;6.564261e-02;4.039593e-02;4.014623e-02;9.103309e-02;3.477991e-02;1.438342e-01
2.815744e-01;5.075942e-02;5.666940e-02;3.417649e-02;2.867521e-02;9.809965e-03;7.331557e-02;3.494348e-02;6.463523e-02;9.210970e-02;6.433465e-02;2.089964e-01
1.678989e-01;4.691145e-02;6.394286e-02;2.282219e-02;3.273887e-02;2.034884e-02;6.311735e-02;3.220281e-02;1.000803e-01;9.284364e-02;1.200289e-01;2.370639e-01
1.338392e-01;6.644917e-02;5.787203e-02;2.119142e-02;2.794965e-02;4.019717e-02;4.446219e-02;2.682051e-02;1.202429e-01;1.187592e-01;1.772175e-01;1.649991e-01
1.644466e-01;8.752912e-02;5.221479e-02;2.491281e-02;2.338816e-02;4.024237e-02;4.214481e-02;2.999337e-02;8.775745e-02;1.489586e-01;1.773200e-01;1.210919e-01
1.451556e-01;8.191000e-02;4.622934e-02;2.784078e-02;2.690344e-02;3.835315e-02;6.386662e-02;4.018939e-02;6.445601e-02;1.466278e-01;1.574178e-01;1.610501e-01
1.227842e-01;7.751030e-02;6.913499e-02;4.014198e-02;4.171031e-02;5.363237e-02;7.732616e-02;4.669583e-02;9.138808e-02;9.658409e-02;1.284627e-01;1.546291e-01
1.066706e-01;9.151001e-02;1.140589e-01;6.218663e-02;6.409992e-02;5.481351e-02;7.408823e-02;6.651539e-02;9.064749e-02;8.345582e-02;9.520963e-02;9.674389e-02
1.323165e-01;1.029922e-01;7.678434e-02;7.648009e-02;5.705560e-02;5.317183e-02;8.540814e-02;8.079349e-02;4.595388e-02;1.071266e-01;8.622754e-02;9.568979e-02
1.184221e-01;8.833992e-02;4.147553e-02;8.285373e-02;5.101424e-02;4.479965e-02;8.700050e-02;5.855788e-02;4.079914e-02;1.364520e-01;1.267501e-01;1.235353e-01
9.032803e-02;8.393222e-02;4.592481e-02;9.415741e-02;4.278452e-02;5.258155e-02;5.832273e-02;4.984369e-02;6.678031e-02;1.237927e-01;1.387874e-01;1.527646e-01
1.802806e-01;8.079057e-02;7.467309e-02;4.026887e-02;6.320813e-02;5.878260e-02;8.976703e-02;6.588539e-02;7.659679e-02;7.172799e-02;8.032168e-02;1.176972e-01
8.185631e-02;8.453577e-02;7.113950e-02;5.639540e-02;6.533758e-02;7.248389e-02;1.245576e-01;6.021937e-02;7.417069e-02;1.129135e-01;8.069355e-02;1.156969e-01
9.269174e-02;9.969067e-02;1.278154e-01;4.986329e-02;4.872983e-02;5.673719e-02;1.127231e-01;3.792845e-02;6.894508e-02;1.019006e-01;9.130705e-02;1.116676e-01
1.352879e-01;1.008800e-01;1.549642e-01;4.875105e-02;3.999867e-02;4.418979e-02;1.267557e-01;3.060173e-02;5.597975e-02;8.762327e-02;8.340426e-02;9.156363e-02
1.435489e-01;8.319794e-02;1.046033e-01;5.567528e-02;2.344085e-02;3.187143e-02;1.821458e-01;4.902023e-02;3.378023e-02;1.019887e-01;7.053276e-02;1.201946e-01
1.075653e-01;6.241379e-02;4.275375e-02;5.943730e-02;1.648076e-02;2.468669e-02;2.822364e-01;5.870817e-02;2.259836e-02;9.573874e-02;6.553985e-02;1.618409e-01
4.594063e-02;4.602774e-02;2.301372e-02;5.886161e-02;1.253904e-02;3.325713e-02;4.054371e-01;6.905860e-02;3.249904e-02;5.651579e-02;5.496613e-02;1.618834e-01
1.932035e-02;3.952579e-02;2.277493e-02;4.065000e-02;1.263607e-02;6.825214e-02;4.454612e-01;6.723057e-02;7.286804e-02;3.440011e-02;4.965668e-02;1.272241e-01
2.196125e-02;3.377451e-02;1.565201e-02;3.046206e-02;1.151326e-02;1.016094e-01;4.372275e-01;4.552104e-02;9.484960e-02;2.264600e-02;5.677300e-02;1.280103e-01
1.667042e-02;2.665833e-02;3.387694e-02;3.599927e-02;1.967049e-02;1.353445e-01;4.012216e-01;4.773429e-02;8.900718e-02;1.744499e-02;6.049120e-02;1.158808e-01
2.470702e-02;2.379487e-02;5.680668e-02;4.012866e-02;3.819972e-02;1.566238e-01;3.637541e-01;5.707784e-02;6.986691e-02;2.545143e-02;5.726019e-02;8.632880e-02
2.905363e-02;1.636887e-02;5.562241e-02;3.887376e-02;4.614989e-02;1.630169e-01;3.998483e-01;6.198007e-02;4.802918e-02;2.780592e-02;4.727392e-02;6.597719e-02
1.682598e-02;1.874250e-02;2.335687e-02;9.933718e-03;3.136447e-02;1.369040e-01;4.656919e-01;7.478463e-02;5.946216e-02;2.788598e-02;6.056478e-02;7.448302e-02
4.882975e-02;3.175654e-02;2.069861e-02;2.588325e-02;1.652613e-02;1.242457e-01;4.156678e-01;5.080190e-02;5.913571e-02;3.021066e-02;9.175745e-02;8.448649e-02
7.050171e-02;4.533921e-02;3.449396e-02;3.521838e-02;1.741739e-02;1.072579e-01;3.446878e-01;5.331955e-02;4.835045e-02;2.738191e-02;9.983248e-02;1.161991e-01
5.108134e-02;3.710127e-02;3.504066e-02;4.591531e-02;2.373353e-02;1.213467e-01;2.870111e-01;6.123806e-02;4.601642e-02;2.913845e-02;1.090668e-01;1.533103e-01
8.236367e-02;2.509899e-02;2.540331e-02;3.455249e-02;2.193168e-02;1.139135e-01;3.205738e-01;5.982133e-02;4.718036e-02;3.076299e-02;8.929349e-02;1.491044e-01
5.184873e-02;2.874202e-02;3.248214e-02;3.368377e-02;1.615360e-02;1.194433e-01;4.112454e-01;5.537847e-02;5.118110e-02;2.087622e-02;7.591287e-02;1.030524e-01
2.481612e-02;2.815653e-02;4.993005e-02;4.141599e-02;1.128558e-02;1.013361e-01;4.441407e-01;4.716324e-02;6.175920e-02;2.294809e-02;7.275545e-02;9.429299e-02
5.967738e-02;3.099356e-02;4.295396e-02;2.616027e-02;2.011234e-02;5.659846e-02;4.574615e-01;4.206178e-02;6.496076e-02;2.688990e-02;5.966980e-02;1.124603e-01
5.689242e-02;2.332810e-02;4.166367e-02;2.537603e-02;3.182251e-02;7.623331e-02;4.239476e-01;8.109114e-02;6.499920e-02;3.207399e-02;4.702071e-02;9.555124e-02
9.074213e-02;5.704899e-02;1.271109e-01;6.821305e-02;7.541498e-02;7.108465e-02;2.120911e-01;8.907269e-02;7.088077e-02;3.660359e-02;3.407118e-02;6.766595e-02
1.152357e-01;7.544865e-02;1.418682e-01;7.587174e-02;8.216982e-02;5.255632e-02;1.458811e-01;1.353114e-01;7.204659e-02;4.083559e-02;2.440280e-02;3.837213e-02
1.050184e-01;6.255282e-02;1.036840e-01;6.641342e-02;6.325890e-02;5.334487e-02;1.939094e-01;1.692819e-01;6.538016e-02;4.859307e-02;1.524130e-02;5.332171e-02
7.889026e-02;4.375971e-02;5.122792e-02;6.589483e-02;3.747692e-02;4.569558e-02;2.837428e-01;1.660109e-01;4.926100e-02;6.095307e-02;1.853557e-02;9.855147e-02
3.868123e-02;2.947423e-02;1.499562e-02;6.501735e-02;1.545792e-02;4.012104e-02;3.999422e-01;1.088009e-01;2.659592e-02;7.405807e-02;2.014509e-02;1.667104e-01
2.630540e-02;3.724538e-02;1.033371e-02;4.948562e-02;1.064951e-02;3.822355e-02;4.402680e-01;5.189471e-02;1.733685e-02;6.095798e-02;3.620961e-02;2.210897e-01
3.508076e-02;5.317238e-02;1.109779e-02;4.222737e-02;1.419691e-02;7.004702e-02;4.247381e-01;1.640559e-02;9.200399e-03;3.931062e-02;4.334611e-02;2.411770e-01
4.807878e-02;5.069330e-02;2.924278e-02;3.446639e-02;2.733520e-02;1.139069e-01;3.553223e-01;4.609144e-02;2.271324e-02;3.050118e-02;5.073007e-02;1.909184e-01
6.673975e-02;5.683550e-02;5.344993e-02;2.601682e-02;4.755349e-02;1.306250e-01;2.532165e-01;5.898961e-02;6.567753e-02;3.698492e-02;6.910664e-02;1.348043e-01
9.414961e-02;7.517830e-02;4.466496e-02;3.776356e-02;3.395161e-02;7.722580e-02;2.222187e-01;5.476287e-02;7.268041e-02;3.347225e-02;4.861306e-02;2.053189e-01
7.464076e-02;1.028658e-01;2.162766e-02;5.187797e-02;1.511585e-02;5.324531e-02;2.498720e-01;4.919101e-02;3.675925e-02;3.952727e-02;4.011974e-02;2.651574e-01
6.194649e-02;1.365771e-01;2.114455e-02;5.400777e-02;1.730623e-02;5.602073e-02;2.344854e-01;3.146555e-02;2.941559e-02;3.567583e-02;4.280303e-02;2.791517e-01
6.742185e-02;1.260033e-01;5.168412e-02;4.006658e-02;2.446391e-02;8.067345e-02;1.651938e-01;2.686510e-02;5.524569e-02;4.536501e-02;1.144467e-01;2.025705e-01
9.121374e-02;9.034699e-02;7.054651e-02;3.805865e-02;3.635210e-02;9.843428e-02;9.649500e-02;3.188936e-02;6.576328e-02;9.828468e-02;1.891033e-01;9.351210e-02
7.364441e-02;6.333549e-02;6.007070e-02;4.911250e-02;7.476880e-02;6.582774e-02;1.240513e-01;3.886821e-02;5.948596e-02;1.449488e-01;1.584521e-01;8.743396e-02
1.047987e-01;3.507128e-02;4.701315e-02;4.775108e-02;9.389480e-02;6.206332e-02;1.727467e-01;5.103042e-02;8.555549e-02;1.156956e-01;8.788040e-02;9.649898e-02
9.571771e-02;5.312091e-02;5.496695e-02;4.271679e-02;9.276321e-02;4.586724e-02;1.997861e-01;7.176669e-02;9.334294e-02;8.639993e-02;6.572030e-02;9.783124e-02
9.072780e-02;6.330803e-02;6.796140e-02;3.974449e-02;7.458360e-02;4.292054e-02;2.075144e-01;7.470975e-02;6.155486e-02;8.188723e-02;6.261552e-02;1.324724e-01
1.123730e-01;6.612454e-02;7.014772e-02;2.862570e-02;5.549276e-02;5.448950e-02;2.294770e-01;6.171448e-02;4.709975e-02;5.438422e-02;6.854352e-02;1.515278e-01
9.185673e-02;5.679388e-02;5.646063e-02;2.968732e-02;5.875532e-02;7.279127e-02;2.167279e-01;6.037977e-02;7.595433e-02;6.511202e-02;8.550096e-02;1.299800e-01
6.542768e-02;3.053652e-02;6.123029e-02;5.583705e-02;5.244275e-02;9.334491e-02;1.903763e-01;7.657142e-02;9.143187e-02;8.344693e-02;8.837066e-02;1.109835e-01
4.951042e-02;4.901243e-02;6.695844e-02;8.858398e-02;3.609680e-02;9.674747e-02;1.373132e-01;8.729919e-02;1.052029e-01;1.084173e-01;7.611199e-02;9.874578e-02
6.949692e-02;6.575649e-02;7.641198e-02;8.543158e-02;4.704000e-02;8.571716e-02;1.043198e-01;7.753143e-02;1.248447e-01;1.051688e-01;6.375880e-02;9.452239e-02
8.432116e-02;1.018564e-01;1.016047e-01;6.089871e-02;5.966412e-02;6.516616e-02;1.094017e-01;9.363967e-02;9.621792e-02;8.845646e-02;6.184613e-02;7.692682e-02
6.382076e-02;1.682111e-01;9.599349e-02;7.362532e-02;6.354582e-02;5.454757e-02;9.007853e-02;8.499789e-02;8.537864e-02;9.470315e-02;6.759284e-02;5.750490e-02
4.409456e-02;2.021143e-01;5.934000e-02;9.456585e-02;6.196507e-02;6.825056e-02;8.688059e-02;6.065366e-02;8.087987e-02;1.156330e-01;6.927685e-02;5.634564e-02
4.593970e-02;1.387581e-01;1.182853e-01;6.798669e-02;6.421412e-02;8.941169e-02;1.350124e-01;5.022655e-02;7.281509e-02;1.017573e-01;6.376130e-02;5.183177e-02
6.235157e-02;5.322659e-02;1.844424e-01;6.394552e-02;4.866271e-02;7.790497e-02;1.129487e-01;9.049141e-02;1.187674e-01;1.053770e-01;4.938005e-02;3.250165e-02
4.182067e-02;4.153936e-02;1.322925e-01;8.823259e-02;8.311424e-02;7.921666e-02;7.846390e-02;1.193395e-01;1.552963e-01;9.438480e-02;5.298283e-02;3.331674e-02
4.873547e-02;5.127176e-02;7.862949e-02;7.131300e-02;8.302930e-02;4.050107e-02;7.226951e-02;1.138477e-01;1.932328e-01;1.560082e-01;5.574197e-02;3.541975e-02
5.259482e-02;6.233418e-02;4.903295e-02;6.516329e-02;6.931483e-02;5.675308e-02;6.525570e-02;8.721097e-02;2.277865e-01;1.928253e-01;4.307066e-02;2.865766e-02
4.998140e-02;6.529969e-02;9.938481e-02;6.988573e-02;5.715504e-02;8.515115e-02;1.225711e-01;5.287223e-02;2.036368e-01;1.356305e-01;3.127518e-02;2.715638e-02
6.806134e-02;4.670932e-02;2.906281e-01;4.507302e-02;6.767865e-02;6.162054e-02;1.357351e-01;2.406573e-02;1.019692e-01;9.572915e-02;3.475235e-02;2.797754e-02
9.756868e-02;4.643370e-02;3.268723e-01;3.122997e-02;6.220738e-02;7.961765e-02;1.303767e-01;3.279620e-02;3.603598e-02;6.964923e-02;4.939195e-02;3.782022e-02
1.480630e-01;4.112444e-02;2.303313e-01;3.154635e-02;3.994546e-02;1.080148e-01;1.178933e-01;3.863638e-02;2.355573e-02;8.831365e-02;6.136260e-02;7.121299e-02
2.158610e-01;2.162822e-02;6.097758e-02;5.380218e-02;2.045254e-02;1.097225e-01;1.176293e-01;4.580478e-02;1.852796e-02;1.386067e-01;7.208093e-02;1.249063e-01
2.331251e-01;2.688315e-02;1.073035e-01;5.927451e-02;1.186957e-02;6.533568e-02;9.382629e-02;4.305904e-02;1.856369e-02;1.544250e-01;6.111568e-02;1.252188e-01
2.618558e-01;2.658916e-02;1.010861e-01;5.557702e-02;2.116591e-02;3.857622e-02;9.802387e-02;5.448990e-02;2.602605e-02;1.348073e-01;5.982684e-02;1.219758e-01
2.566341e-01;5.600190e-02;1.234791e-01;4.827088e-02;3.761428e-02;3.987661e-02;9.409079e-02;7.126090e-02;4.378773e-02;8.050008e-02;4.941779e-02;9.906573e-02
2.287784e-01;7.822761e-02;1.692485e-01;3.516587e-02;4.482939e-02;4.415502e-02;9.222458e-02;6.127870e-02;4.561090e-02;6.325592e-02;5.360585e-02;8.361929e-02
1.533288e-01;7.813615e-02;1.972184e-01;4.834498e-02;3.802146e-02;3.730836e-02;9.296720e-02;5.317941e-02;4.406638e-02;6.652737e-02;9.778310e-02;9.311841e-02
4.930992e-02;5.250022e-02;1.798483e-01;7.098226e-02;2.576521e-02;2.437270e-02;1.191949e-01;7.671726e-02;4.250969e-02;8.760058e-02;1.634628e-01;1.077362e-01
5.146140e-02;3.774772e-02;5.662589e-02;1.316800e-01;2.024911e-02;2.262137e-02;1.952370e-01;5.195755e-02;4.273146e-02;8.806025e-02;1.649874e-01;1.366410e-01
8.321050e-02;4.806514e-02;8.445171e-02;1.873360e-01;1.583256e-02;1.166796e-02;1.944661e-01;3.323150e-02;3.256418e-02;6.713451e-02;1.104894e-01;1.315504e-01
1.410254e-01;5.780363e-02;8.603975e-02;2.096927e-01;1.512398e-02;1.431303e-02;1.500753e-01;2.780752e-02;2.228839e-02;6.980440e-02;7.957338e-02;1.264525e-01
1.539027e-01;4.891513e-02;8.362671e-02;2.182134e-01;2.982628e-02;2.518405e-02;1.201726e-01;1.717037e-02;2.043391e-02;7.600433e-02;7.567390e-02;1.308766e-01
1.440551e-01;5.608778e-02;1.026701e-01;1.643882e-01;7.998689e-02;5.274728e-02;1.484172e-01;5.221866e-02;1.876803e-02;5.207885e-02;4.909361e-02;7.948831e-02
1.321099e-01;5.094860e-02;1.047241e-01;1.198159e-01;8.958835e-02;5.340324e-02;1.900538e-01;1.130677e-01;1.976705e-02;5.273866e-02;2.544987e-02;4.833293e-02
1.261240e-01;3.140417e-02;4.045087e-02;9.363079e-02;6.565803e-02;4.370895e-02;2.138605e-01;2.090731e-01;2.801443e-02;7.906149e-02;1.814162e-02;5.087194e-02
1.126196e-01;9.091422e-03;1.699533e-02;6.571071e-02;2.287315e-02;2.789496e-02;2.275328e-01;2.683002e-01;5.541550e-02;1.215233e-01;1.381723e-02;5.822581e-02
1.068196e-01;1.064551e-02;1.936514e-02;5.428645e-02;6.293982e-03;2.123265e-02;2.848678e-01;2.026974e-01;5.071948e-02;1.594649e-01;1.577506e-02;6.783204e-02
1.073110e-01;5.066576e-03;2.232589e-02;5.415161e-02;8.787856e-03;2.638353e-02;3.426212e-01;1.377045e-01;2.016337e-02;1.676761e-01;2.427756e-02;8.353087e-02
1.365123e-01;1.320472e-02;2.067643e-02;5.497767e-02;9.923697e-03;3.307617e-02;3.577421e-01;9.978858e-02;1.819052e-02;1.445860e-01;2.515065e-02;8.617116e-02
1.968914e-01;2.411635e-02;3.585818e-02;5.108745e-02;8.930746e-03;3.960032e-02;2.985438e-01;7.976052e-02;2.315519e-02;1.253063e-01;2.032640e-02;9.642330e-02
2.180932e-01;3.656982e-02;5.023662e-02;5.486217e-02;1.046590e-02;5.139796e-02;2.136408e-01;6.522498e-02;2.571595e-02;1.255136e-01;2.579919e-02;1.224799e-01
2.274200e-01;4.312613e-02;3.591686e-02;6.144077e-02;1.648362e-02;6.362788e-02;1.339192e-01;4.560159e-02;3.537550e-02;1.366859e-01;4.540706e-02;1.549956e-01
2.400144e-01;3.225165e-02;2.497553e-02;6.816807e-02;1.893094e-02;7.096826e-02;8.368482e-02;4.000242e-02;3.095474e-02;1.311956e-01;7.466618e-02;1.841873e-01
2.855928e-01;3.072755e-02;5.169754e-02;4.039060e-02;1.086309e-02;9.487151e-02;6.295623e-02;5.036454e-02;3.617270e-02;8.468943e-02;7.947186e-02;1.722022e-01
3.289945e-01;3.516091e-02;7.522491e-02;3.940972e-02;9.402242e-03;8.344981e-02;7.659002e-02;4.424320e-02;2.410790e-02;5.564933e-02;5.974482e-02;1.680226e-01
3.133782e-01;3.566076e-02;6.972931e-02;6.517685e-02;1.237468e-02;5.516179e-02;1.072475e-01;3.416544e-02;1.427610e-02;4.605039e-02;5.751860e-02;1.892604e-01
2.736210e-01;3.890770e-02;6.155674e-02;6.408312e-02;1.905363e-02;2.821699e-02;1.236735e-01;3.154530e-02;1.671460e-02;4.729263e-02;6.944445e-02;2.258903e-01
3.094868e-01;3.729323e-02;5.046432e-02;3.979796e-02;4.867802e-02;2.261356e-02;1.123110e-01;5.276108e-02;3.227003e-02;3.447458e-02;5.505538e-02;2.047941e-01
3.576057e-01;6.404683e-02;4.868837e-02;2.318103e-02;7.392742e-02;3.613679e-02;9.066822e-02;5.659656e-02;4.381910e-02;2.035424e-02;4.008819e-02;1.448876e-01
3.014444e-01;8.538122e-02;8.740955e-02;2.569076e-02;7.009684e-02;5.907698e-02;1.172797e-01;3.520948e-02;4.754000e-02;1.942714e-02;5.506513e-02;9.637880e-02
1.946021e-01;5.749808e-02;1.214995e-01;1.606636e-02;4.102334e-02;1.030014e-01;1.972744e-01;2.431352e-02;5.592266e-02;3.273078e-02;1.028801e-01;5.318774e-02
1.409365e-01;2.055216e-02;9.909368e-02;8.749286e-03;1.583682e-02;1.369894e-01;2.581694e-01;3.977581e-02;5.106888e-02;3.815510e-02;1.591192e-01;3.155377e-02
1.495617e-01;1.356886e-02;8.209442e-02;4.595920e-03;1.122693e-02;1.452666e-01;2.107112e-01;4.079175e-02;4.506935e-02;3.385605e-02;2.228654e-01;4.039193e-02
1.480444e-01;1.740973e-02;8.451789e-02;5.204539e-03;1.171920e-02;1.514495e-01;1.176780e-01;2.989292e-02;4.256019e-02;3.304554e-02;3.192730e-01;3.920505e-02
1.330818e-01;1.418523e-02;9.560764e-02;7.654574e-03;1.381762e-02;1.395076e-01;6.344554e-02;2.215236e-02;4.757835e-02;3.050306e-02;4.102992e-01;2.216706e-02
1.178007e-01;6.488295e-03;1.029979e-01;7.120613e-03;1.480277e-02;1.248824e-01;3.263193e-02;1.695918e-02;5.951283e-02;2.921608e-02;4.684654e-01;1.912186e-02
1.136635e-01;1.003315e-02;9.547338e-02;4.623451e-03;1.397728e-02;1.248731e-01;1.993431e-02;1.382519e-02;4.633382e-02;4.075256e-02;4.908509e-01;2.565942e-02
1.153149e-01;8.436047e-03;1.002219e-01;4.756132e-03;1.219340e-02;1.344204e-01;2.350374e-02;1.293103e-02;4.491233e-02;3.894448e-02;4.814252e-01;2.294035e-02
1.088851e-01;7.926668e-03;1.168379e-01;8.431285e-03;2.086546e-02;1.537424e-01;2.918931e-02;1.201033e-02;6.196144e-02;3.585941e-02;4.142897e-01;3.000114e-02
1.009006e-01;2.221873e-02;1.238729e-01;2.025663e-02;6.613525e-02;1.839466e-01;2.302252e-02;1.966452e-02;7.182711e-02;3.221169e-02;2.982504e-01;3.769309e-02
9.607278e-02;6.484227e-02;9.466077e-02;3.954580e-02;1.013937e-01;1.692155e-01;8.525046e-02;3.600738e-02;5.559281e-02;4.195748e-02;1.678448e-01;4.761630e-02
1.210049e-01;8.504146e-02;7.460740e-02;4.669645e-02;9.240638e-02;1.072315e-01;1.267316e-01;4.424109e-02;4.878905e-02;6.359207e-02;1.159857e-01;7.367232e-02
1.446228e-01;1.103406e-01;1.029980e-01;3.573952e-02;5.260367e-02;3.806791e-02;1.318779e-01;2.738304e-02;3.736484e-02;5.520407e-02;1.366162e-01;1.271814e-01
1.326130e-01;1.021471e-01;9.258378e-02;2.206960e-02;3.297905e-02;4.369820e-02;1.269941e-01;3.211919e-02;3.529359e-02;6.246679e-02;1.861595e-01;1.308761e-01
1.107530e-01;6.895311e-02;1.302924e-01;6.255876e-02;5.032941e-02;4.005500e-02;1.064598e-01;4.089436e-02;6.009794e-02;8.768277e-02;1.715532e-01;7.037030e-02
1.272163e-01;7.915442e-02;1.366387e-01;7.249019e-02;6.095872e-02;3.389528e-02;1.033796e-01;5.123594e-02;6.657157e-02;8.307514e-02;1.385885e-01;4.679564e-02
1.503580e-01;6.318886e-02;1.126751e-01;4.614262e-02;5.800486e-02;4.572383e-02;9.412715e-02;5.158145e-02;6.720935e-02;7.225915e-02;1.567457e-01;8.198398e-02
1.583160e-01;5.833266e-02;6.195255e-02;2.102434e-02;4.167484e-02;9.811889e-02;6.966144e-02;5.358554e-02;6.227894e-02;6.846164e-02;2.146592e-01;9.193394e-02
8.322767e-02;4.963344e-02;2.930278e-02;3.154756e-02;5.117202e-02;1.571855e-01;5.747781e-02;6.386327e-02;5.097096e-02;1.202537e-01;2.413503e-01;6.401500e-02
3.204116e-02;7.224666e-02;3.725177e-02;4.298172e-02;9.948596e-02;1.326601e-01;7.194976e-02;6.334411e-02;4.226633e-02;1.458758e-01;1.974752e-01;6.242143e-02
8.171923e-02;6.169932e-02;4.735143e-02;7.593319e-02;9.247300e-02;9.418998e-02;6.630380e-02;3.627349e-02;5.925564e-02;1.323413e-01;1.829064e-01;6.955330e-02
9.666210e-02;3.379004e-02;6.698359e-02;9.616282e-02;5.382762e-02;9.889023e-02;8.053698e-02;4.156794e-02;8.132435e-02;1.083737e-01;1.749537e-01;6.692685e-02
1.034470e-01;1.962689e-02;8.420216e-02;7.046485e-02;5.442982e-02;1.062381e-01;6.865219e-02;5.839618e-02;1.111954e-01;1.067545e-01;1.704430e-01;4.614996e-02
6.454582e-02;5.614266e-02;9.772791e-02;3.812742e-02;6.352172e-02;9.445944e-02;9.839738e-02;6.323795e-02;9.052834e-02;1.197901e-01;1.476277e-01;6.589350e-02
8.358630e-02;1.002362e-01;1.061967e-01;4.703653e-02;7.108168e-02;6.798696e-02;8.833467e-02;3.607070e-02;7.495402e-02;1.059962e-01;1.358237e-01;8.269627e-02
1.585086e-01;8.658269e-02;1.081495e-01;6.674403e-02;8.187521e-02;6.838601e-02;9.628657e-02;1.632776e-02;5.820609e-02;6.563965e-02;1.062471e-01;8.704686e-02
2.473591e-01;6.593911e-02;8.790062e-02;8.152657e-02;6.700095e-02;4.287709e-02;1.109341e-01;2.411561e-02;3.125407e-02;8.618403e-02;6.188334e-02;9.302533e-02
3.292431e-01;7.036142e-02;4.717593e-02;8.470763e-02;3.333629e-02;1.948603e-02;9.062476e-02;2.820713e-02;8.994570e-03;1.482670e-01;2.759811e-02;1.119981e-01
3.209014e-01;7.528213e-02;2.294237e-02;1.005806e-01;9.338133e-03;1.342373e-02;7.066734e-02;2.274015e-02;6.206643e-03;1.857064e-01;2.008823e-02;1.521228e-01
2.373930e-01;8.632226e-02;1.713722e-02;1.220095e-01;5.447818e-03;1.010210e-02;7.855172e-02;1.776231e-02;8.726620e-03;1.792837e-01;3.410984e-02;2.031538e-01
1.548198e-01;1.015875e-01;2.218280e-02;1.105446e-01;1.210632e-02;1.430945e-02;8.742052e-02;1.728657e-02;2.621886e-02;1.265822e-01;7.502052e-02;2.519209e-01
9.841953e-02;1.075587e-01;2.987599e-02;5.131718e-02;3.220810e-02;3.258527e-02;1.071857e-01;2.096169e-02;5.440611e-02;5.737398e-02;1.431620e-01;2.649458e-01
4.710892e-02;1.326205e-01;2.866696e-02;2.021388e-02;2.669705e-02;3.003140e-02;1.303925e-01;2.005572e-02;5.605500e-02;6.881721e-02;1.636015e-01;2.757393e-01
7.494307e-02;1.382587e-01;4.073131e-02;3.349247e-02;1.272394e-02;3.206961e-02;1.202791e-01;2.760518e-02;8.860122e-02;6.631222e-02;1.225893e-01;2.423938e-01
1.130861e-01;1.201586e-01;4.212920e-02;3.761804e-02;2.590499e-02;5.968717e-02;1.126619e-01;3.601214e-02;9.876965e-02;5.883478e-02;9.673439e-02;1.984031e-01
1.334401e-01;1.033486e-01;9.889943e-02;2.197337e-02;5.181625e-02;9.122717e-02;9.271637e-02;3.655239e-02;5.075105e-02;7.433010e-02;1.157907e-01;1.291544e-01
1.173085e-01;7.604917e-02;1.365504e-01;2.821814e-02;5.029735e-02;6.804900e-02;8.744282e-02;3.729554e-02;3.503882e-02;9.830455e-02;1.702818e-01;9.516389e-02
8.798347e-02;6.121324e-02;1.022810e-01;2.205648e-02;2.787276e-02;5.349122e-02;7.029001e-02;3.373142e-02;4.332711e-02;1.174049e-01;2.496407e-01;1.307078e-01
6.726731e-02;4.771548e-02;1.085627e-01;1.778681e-02;3.282850e-02;4.488266e-02;5.449750e-02;2.585884e-02;3.876792e-02;1.434918e-01;2.946054e-01;1.237350e-01
5.595590e-02;2.406950e-02;1.345436e-01;1.459645e-02;4.561836e-02;9.887854e-02;5.093050e-02;1.708976e-02;4.601709e-02;1.347663e-01;2.701944e-01;1.073395e-01
7.305261e-02;1.943124e-02;1.385539e-01;1.013948e-02;3.191347e-02;1.512923e-01;3.667996e-02;1.356102e-02;4.628225e-02;1.295022e-01;2.533213e-01;9.627029e-02
4.462333e-02;2.638807e-02;1.227522e-01;2.567616e-02;3.506733e-02;1.604365e-01;5.215014e-02;2.347141e-02;3.628468e-02;1.537975e-01;2.405561e-01;7.879660e-02
6.514227e-02;4.589634e-02;6.084532e-02;5.253518e-02;4.259222e-02;1.058112e-01;6.986082e-02;4.453377e-02;4.078700e-02;1.777890e-01;2.224773e-01;7.172970e-02
7.681822e-02;6.323688e-02;5.700542e-02;7.239362e-02;4.234445e-02;7.027563e-02;9.005030e-02;6.247052e-02;3.563012e-02;1.672258e-01;2.095962e-01;5.295286e-02
7.279692e-02;5.551451e-02;8.706242e-02;9.418309e-02;5.486358e-02;5.549022e-02;1.427782e-01;5.955276e-02;3.772301e-02;1.418686e-01;1.607444e-01;3.742228e-02
5.204649e-02;5.174885e-02;5.412306e-02;1.085130e-01;7.493784e-02;6.243881e-02;1.511179e-01;7.115788e-02;3.155890e-02;1.543556e-01;1.553065e-01;3.269516e-02
1.710662e-02;6.367670e-02;3.687614e-02;9.360836e-02;8.111603e-02;5.461827e-02;1.328890e-01;8.739262e-02;4.525999e-02;2.071311e-01;1.539528e-01;2.637242e-02
1.048241e-02;7.650351e-02;2.158392e-02;4.534743e-02;1.352135e-01;3.778962e-02;6.932110e-02;8.741915e-02;7.385267e-02;2.792953e-01;1.339079e-01;2.928358e-02
1.266011e-02;8.320558e-02;1.754021e-02;1.755817e-02;1.583878e-01;4.047025e-02;4.076366e-02;6.574234e-02;1.041907e-01;3.052838e-01;1.205739e-01;3.362346e-02
1.651139e-02;7.986478e-02;1.357304e-02;1.535735e-02;1.753201e-01;3.292676e-02;3.769563e-02;5.196092e-02;1.174136e-01;3.120757e-01;1.139398e-01;3.336092e-02
1.303661e-02;8.178440e-02;1.308323e-02;1.079701e-02;1.813532e-01;4.050272e-02;3.069842e-02;3.866198e-02;1.196741e-01;3.215734e-01;1.138976e-01;3.493725e-02
1.044785e-02;8.195632e-02;1.888824e-02;1.115654e-02;2.031174e-01;4.695573e-02;1.755333e-02;2.802593e-02;1.137462e-01;3.169915e-01;1.150660e-01;3.609490e-02
1.316006e-02;7.665882e-02;1.124634e-02;1.427694e-02;2.295718e-01;4.859570e-02;2.610059e-02;3.659287e-02;1.088951e-01;2.917629e-01;1.104742e-01;3.266479e-02
1.744799e-02;8.089437e-02;1.157809e-02;1.875815e-02;2.500705e-01;2.907549e-02;2.607186e-02;4.001088e-02;1.110436e-01;2.759863e-01;1.060976e-01;3.296515e-02
3.593653e-02;8.550733e-02;2.525063e-02;2.573409e-02;2.140305e-01;1.963060e-02;5.463745e-02;4.033085e-02;1.282456e-01;2.397902e-01;9.651782e-02;3.438837e-02
3.478289e-02;9.222139e-02;2.980551e-02;3.231683e-02;1.794706e-01;3.075965e-02;6.362679e-02;3.866979e-02;1.319689e-01;2.364868e-01;9.025399e-02;3.963691e-02
2.517597e-02;9.485724e-02;5.938905e-02;3.587919e-02;1.336366e-01;2.712164e-02;1.288365e-01;5.518714e-02;1.360386e-01;2.112397e-01;5.755766e-02;3.508081e-02
4.468293e-02;9.769086e-02;1.015621e-01;3.126025e-02;8.511881e-02;2.188655e-02;1.406984e-01;5.750208e-02;1.389537e-01;1.851615e-01;5.968381e-02;3.579896e-02
3.711330e-02;8.636528e-02;1.212915e-01;1.774629e-02;6.093585e-02;1.766439e-02;8.928027e-02;4.020188e-02;1.366041e-01;2.417902e-01;1.179731e-01;3.303387e-02
3.017487e-02;5.354700e-02;1.544494e-01;1.934162e-02;5.341435e-02;2.090038e-02;5.989384e-02;3.999731e-02;1.224705e-01;2.846276e-01;1.196504e-01;4.153274e-02
4.514995e-02;4.496398e-02;1.306531e-01;4.667668e-02;5.433643e-02;4.349757e-02;7.350909e-02;5.997038e-02;1.129623e-01;2.492583e-01;9.999892e-02;3.902336e-02
6.092914e-02;4.698222e-02;8.341720e-02;7.085853e-02;7.008190e-02;6.872733e-02;1.012671e-01;7.472392e-02;1.212719e-01;1.919365e-01;8.129145e-02;2.851280e-02
5.606377e-02;5.073917e-02;1.006308e-01;5.872016e-02;7.226212e-02;8.117785e-02;8.941541e-02;7.190727e-02;1.362832e-01;1.673260e-01;8.355878e-02;3.191544e-02
4.584286e-02;6.900907e-02;7.017932e-02;4.324833e-02;6.147476e-02;6.383485e-02;6.775462e-02;6.148262e-02;1.378688e-01;1.987117e-01;1.286976e-01;5.189546e-02
2.808112e-02;5.236528e-02;8.724737e-02;3.710115e-02;5.475103e-02;5.046066e-02;5.066378e-02;5.059863e-02;9.817889e-02;2.154172e-01;1.593548e-01;1.157801e-01
4.340734e-02;5.237722e-02;8.642780e-02;2.842202e-02;5.823736e-02;4.512210e-02;4.822952e-02;7.946045e-02;1.281425e-01;2.178494e-01;1.140396e-01;9.828464e-02
2.539967e-02;6.093910e-02;6.544473e-02;3.802886e-02;7.485224e-02;3.779027e-02;3.857198e-02;1.528042e-01;2.068084e-01;1.830744e-01;5.923587e-02;5.705026e-02
4.775202e-02;4.646366e-02;5.028146e-02;2.804135e-02;8.271493e-02;2.723302e-02;3.522548e-02;1.939250e-01;2.245266e-01;1.201666e-01;7.653162e-02;6.713831e-02
5.585719e-02;4.838166e-02;5.792405e-02;3.118180e-02;7.909235e-02;5.282861e-02;8.818717e-02;1.652221e-01;1.823537e-01;1.107170e-01;6.670439e-02;6.155005e-02
6.052633e-02;7.135971e-02;8.669417e-02;6.334715e-02;6.049732e-02;8.435300e-02;1.509153e-01;7.720225e-02;1.309763e-01;1.008589e-01;7.174623e-02;4.152334e-02
7.225845e-02;7.245386e-02;8.518980e-02;9.168438e-02;4.503915e-02;1.062933e-01;1.398727e-01;8.427823e-02;1.125904e-01;7.256932e-02;7.650478e-02;4.126561e-02
