4.535704e-02;5.742678e-02;1.096777e-01;5.136897e-02;4.393114e-02;7.452706e-02;2.643960e-01;1.407886e-01;9.745115e-02;3.861385e-02;1.972113e-02;5.674067e-02
1.160292e-01;7.710948e-02;6.149795e-02;8.980325e-02;7.536288e-02;4.408284e-02;1.128662e-01;1.013897e-01;1.046010e-01;6.285854e-02;5.662426e-02;9.777474e-02
1.096227e-01;7.264868e-02;5.825649e-02;6.947388e-02;5.185609e-02;6.830149e-02;9.870893e-02;1.292625e-01;1.272741e-01;5.436421e-02;4.480658e-02;1.154243e-01
7.981880e-02;9.829794e-02;5.736086e-02;6.068537e-02;3.864753e-02;9.195352e-02;7.587288e-02;1.163478e-01;1.713420e-01;3.988819e-02;4.401051e-02;1.257746e-01
4.121338e-02;1.263984e-01;4.639340e-02;7.467096e-02;2.502554e-02;1.094885e-01;5.662358e-02;9.273042e-02;2.231387e-01;2.502713e-02;5.611872e-02;1.231714e-01
4.349987e-02;1.114066e-01;4.614147e-02;7.730999e-02;2.854170e-02;8.517578e-02;7.091914e-02;9.027977e-02;2.228766e-01;4.759885e-02;9.575688e-02;8.049335e-02
5.405684e-02;9.218206e-02;5.199629e-02;7.045634e-02;3.672291e-02;5.459491e-02;1.047551e-01;1.107849e-01;1.926391e-01;7.461385e-02;1.237279e-01;3.346989e-02
4.575606e-02;9.110655e-02;4.862862e-02;6.562221e-02;5.211058e-02;6.749434e-02;1.228109e-01;1.224752e-01;1.418123e-01;9.626725e-02;1.194952e-01;2.642080e-02
5.424566e-02;9.966797e-02;7.942343e-02;7.277195e-02;6.173766e-02;9.248217e-02;1.073722e-01;1.039496e-01;1.101983e-01;8.578227e-02;9.860849e-02;3.376038e-02
5.865977e-02;1.059639e-01;7.674305e-02;6.096968e-02;5.131593e-02;8.349823e-02;1.446051e-01;1.022804e-01;9.186679e-02;8.026731e-02;1.046532e-01;3.917662e-02
4.827707e-02;9.701812e-02;5.754769e-02;4.407020e-02;3.552755e-02;6.310901e-02;1.332522e-01;1.346958e-01;1.906090e-01;1.018631e-01;7.758106e-02;1.644923e-02
7.304261e-02;4.987336e-02;6.284934e-02;4.864062e-02;3.293362e-02;5.609864e-02;1.134566e-01;1.235474e-01;1.848801e-01;1.098794e-01;9.120107e-02;5.359710e-02
6.545693e-02;6.595644e-02;4.120013e-02;4.973624e-02;2.828244e-02;4.444452e-02;9.710476e-02;7.502252e-02;1.550181e-01;1.174331e-01;1.608071e-01;9.953769e-02
5.933610e-02;9.176660e-02;7.608046e-02;5.992708e-02;3.255225e-02;5.397722e-02;1.240183e-01;6.060790e-02;1.156915e-01;1.023232e-01;1.077850e-01;1.159343e-01
7.791194e-02;5.139349e-02;1.273109e-01;7.641508e-02;4.489701e-02;3.979375e-02;8.316738e-02;1.137186e-01;5.748589e-02;1.583694e-01;9.362661e-02;7.591002e-02
6.281537e-02;3.458032e-02;1.278345e-01;7.301604e-02;6.116262e-02;4.614313e-02;7.711834e-02;1.145179e-01;5.303765e-02;1.744146e-01;1.095076e-01;6.585186e-02
3.861913e-02;3.484425e-02;1.362526e-01;5.695666e-02;8.454526e-02;6.119526e-02;7.107549e-02;1.170096e-01;6.827890e-02;1.764825e-01;9.837918e-02;5.636114e-02
3.657769e-02;5.262962e-02;1.388607e-01;5.669641e-02;8.842013e-02;8.845613e-02;1.329013e-01;1.121011e-01;7.272305e-02;1.285269e-01;5.132322e-02;4.078371e-02
7.365590e-02;6.004250e-02;1.059380e-01;7.624554e-02;6.712219e-02;1.185861e-01;1.789480e-01;9.568392e-02;4.069623e-02;1.249322e-01;1.909421e-02;3.905530e-02
1.056993e-01;5.464016e-02;5.647265e-02;7.349384e-02;4.915542e-02;1.700950e-01;1.983319e-01;7.900587e-02;2.205429e-02;1.564152e-01;9.516316e-03;2.512010e-02
1.292472e-01;3.542128e-02;2.227106e-02;5.814807e-02;4.385281e-02;2.314817e-01;1.751803e-01;6.617132e-02;2.688810e-02;1.825522e-01;1.709349e-02;1.169255e-02
1.345458e-01;2.140395e-02;4.266367e-02;4.470152e-02;6.510708e-02;2.602294e-01;1.202058e-01;7.522977e-02;4.281245e-02;1.581583e-01;1.630198e-02;1.864027e-02
1.372770e-01;2.534395e-02;7.612423e-02;6.124075e-02;1.002321e-01;2.317083e-01;7.442816e-02;6.819911e-02;5.709102e-02;1.169918e-01;2.031037e-02;3.105329e-02
1.379872e-01;3.824521e-02;8.201575e-02;5.621520e-02;1.053672e-01;1.846968e-01;1.177175e-01;4.418898e-02;4.241839e-02;1.119662e-01;3.707008e-02;4.211142e-02
1.395225e-01;4.134532e-02;6.923670e-02;3.062747e-02;8.247924e-02;1.341633e-01;1.738419e-01;2.875260e-02;4.093743e-02;1.394116e-01;3.778540e-02;8.189658e-02
1.225889e-01;8.182959e-02;9.381812e-02;3.765355e-02;7.187858e-02;9.987663e-02;1.797174e-01;4.025764e-02;5.318364e-02;1.211896e-01;3.580092e-02;6.220541e-02
1.339564e-01;1.067139e-01;9.925153e-02;2.976303e-02;9.048192e-02;1.451555e-01;1.546961e-01;4.067918e-02;3.808620e-02;7.162209e-02;3.713520e-02;5.245900e-02
1.076303e-01;7.656978e-02;6.545933e-02;3.318106e-02;1.035346e-01;1.776339e-01;1.719705e-01;5.108804e-02;6.598829e-02;7.121786e-02;3.127759e-02;4.444874e-02
7.774477e-02;1.066716e-01;5.478041e-02;3.576018e-02;8.822510e-02;1.915960e-01;1.798152e-01;8.298264e-02;4.727157e-02;6.842997e-02;1.125503e-02;5.546761e-02
5.615351e-02;1.231121e-01;7.611104e-02;5.112164e-02;8.712043e-02;2.163159e-01;1.247994e-01;1.110855e-01;4.019479e-02;5.427792e-02;1.790259e-02;4.180517e-02
5.720038e-02;1.092330e-01;9.005950e-02;5.543779e-02;5.839021e-02;1.871806e-01;1.403351e-01;1.260913e-01;4.326559e-02;7.086164e-02;2.585194e-02;3.609292e-02
6.826462e-02;9.829067e-02;9.567291e-02;7.150086e-02;4.996723e-02;1.164865e-01;1.954932e-01;9.079043e-02;3.856659e-02;8.673642e-02;3.617594e-02;5.205453e-02
8.422986e-02;8.051043e-02;9.075912e-02;1.154547e-01;5.264248e-02;7.558718e-02;2.202821e-01;5.261770e-02;5.478189e-02;9.537067e-02;2.335726e-02;5.440663e-02
9.116963e-02;8.220635e-02;1.283057e-01;1.112140e-01;7.697365e-02;1.110137e-01;1.422199e-01;3.603451e-02;6.175717e-02;9.414846e-02;1.893670e-02;4.602018e-02
8.164895e-02;9.737050e-02;1.484355e-01;7.530991e-02;6.062965e-02;1.394274e-01;9.445079e-02;5.163173e-02;8.032355e-02;7.529511e-02;4.852697e-02;4.694997e-02
6.637283e-02;1.051913e-01;1.095684e-01;1.117148e-01;4.592853e-02;1.344443e-01;7.773078e-02;5.305419e-02;9.972148e-02;5.629332e-02;7.915842e-02;6.082159e-02
9.492444e-02;8.357446e-02;1.220762e-01;7.533919e-02;5.807764e-02;1.160412e-01;1.125980e-01;6.682850e-02;8.848974e-02;5.048250e-02;8.261716e-02;4.895099e-02
1.440967e-01;7.219982e-02;1.341433e-01;6.263884e-02;7.590441e-02;9.620597e-02;1.728019e-01;6.029890e-02;5.796152e-02;4.718634e-02;3.922346e-02;3.733873e-02
1.341367e-01;7.213780e-02;1.052881e-01;7.312974e-02;1.159403e-01;1.155988e-01;1.686802e-01;4.845389e-02;6.351247e-02;4.044552e-02;1.662498e-02;4.605149e-02
8.693720e-02;6.096089e-02;1.344147e-01;7.532778e-02;1.817387e-01;1.041209e-01;1.198574e-01;4.047818e-02;7.515790e-02;2.698413e-02;2.397709e-02;7.004508e-02
4.234016e-02;5.968882e-02;1.555938e-01;1.262854e-01;2.043721e-01;6.952683e-02;5.793012e-02;5.627871e-02;6.489825e-02;1.959677e-02;6.351057e-02;7.997850e-02
3.666502e-02;6.895927e-02;1.893002e-01;1.749625e-01;1.919735e-01;7.743815e-02;3.383620e-02;5.506453e-02;2.983469e-02;1.424789e-02;8.117907e-02;4.653890e-02
2.796951e-02;6.252761e-02;2.009056e-01;1.565102e-01;1.678295e-01;1.280487e-01;4.765661e-02;7.685487e-02;1.280230e-02;1.421347e-02;7.969949e-02;2.498219e-02
2.277119e-02;6.338293e-02;1.851919e-01;1.336188e-01;1.219020e-01;1.345059e-01;7.716846e-02;1.111140e-01;1.806001e-02;2.683949e-02;7.837010e-02;2.707522e-02
4.294630e-02;8.016922e-02;1.611343e-01;1.109335e-01;9.879629e-02;9.161658e-02;6.031187e-02;1.199865e-01;5.846491e-02;5.290872e-02;6.956085e-02;5.317094e-02
6.499973e-02;6.957231e-02;1.299660e-01;8.635691e-02;1.348773e-01;9.292458e-02;5.488160e-02;7.799444e-02;8.706037e-02;5.729096e-02;5.626547e-02;8.781021e-02
1.282935e-01;5.266602e-02;1.284948e-01;6.408951e-02;1.463980e-01;1.053881e-01;7.564450e-02;3.200888e-02;8.638797e-02;3.740648e-02;5.039901e-02;9.282324e-02
2.385044e-01;7.995301e-02;1.115566e-01;3.614434e-02;1.113099e-01;1.201947e-01;8.241563e-02;1.963679e-02;6.750399e-02;2.844194e-02;4.125532e-02;6.308347e-02
3.376699e-01;9.764671e-02;5.104852e-02;3.311507e-02;6.244024e-02;1.698258e-01;1.042892e-01;2.252997e-02;2.835584e-02;3.811517e-02;1.931995e-02;3.564361e-02
3.717425e-01;9.908900e-02;2.764308e-02;5.050456e-02;4.474550e-02;1.654332e-01;1.228321e-01;1.984411e-02;8.136285e-03;5.189099e-02;6.679565e-03;3.145911e-02
3.497552e-01;1.188335e-01;2.861645e-02;6.071343e-02;5.214798e-02;1.265031e-01;1.421059e-01;1.860812e-02;7.879904e-03;5.552639e-02;1.015226e-02;2.915781e-02
2.931696e-01;1.232662e-01;2.675125e-02;5.552545e-02;6.292255e-02;1.173602e-01;1.735518e-01;2.368280e-02;1.086156e-02;5.944022e-02;2.011113e-02;3.335729e-02
2.176755e-01;1.031766e-01;7.994657e-02;4.487671e-02;6.120139e-02;1.059685e-01;1.895482e-01;3.786638e-02;2.803935e-02;5.207187e-02;3.883234e-02;4.079653e-02
1.838997e-01;8.217470e-02;1.245044e-01;4.677643e-02;6.682304e-02;8.492356e-02;1.876340e-01;4.705888e-02;3.181963e-02;5.471584e-02;4.387787e-02;4.579188e-02
1.890168e-01;8.127531e-02;1.091684e-01;5.598496e-02;1.016771e-01;8.497962e-02;1.279123e-01;4.635122e-02;6.068423e-02;7.054388e-02;2.459393e-02;4.781219e-02
2.066803e-01;1.119617e-01;6.172058e-02;4.216705e-02;6.862338e-02;1.374944e-01;1.516314e-01;3.387981e-02;5.528344e-02;6.731191e-02;3.427310e-02;2.897305e-02
2.103109e-01;1.110261e-01;4.422258e-02;4.451365e-02;3.947282e-02;1.628109e-01;1.757659e-01;5.422135e-02;2.510226e-02;9.172547e-02;2.218780e-02;1.864028e-02
1.806921e-01;9.938604e-02;5.339244e-02;4.495278e-02;4.387401e-02;1.663290e-01;1.863610e-01;7.505571e-02;2.568815e-02;8.679733e-02;1.476367e-02;2.270790e-02
1.368886e-01;7.945199e-02;8.252726e-02;4.313286e-02;7.489841e-02;1.573276e-01;1.813304e-01;8.152404e-02;5.165298e-02;6.394456e-02;1.385875e-02;3.346262e-02
7.340322e-02;6.955946e-02;9.081498e-02;4.843301e-02;1.020855e-01;1.468425e-01;1.762573e-01;7.429369e-02;7.619336e-02;7.223566e-02;3.014007e-02;3.974130e-02
5.632021e-02;8.371367e-02;8.906315e-02;6.171139e-02;7.609731e-02;1.347769e-01;1.633172e-01;1.027222e-01;8.209924e-02;6.926327e-02;4.887125e-02;3.204417e-02
9.906320e-02;9.301357e-02;7.690811e-02;8.582440e-02;7.573096e-02;9.450202e-02;1.347985e-01;1.052839e-01;8.881500e-02;7.344186e-02;4.540763e-02;2.721089e-02
1.738214e-01;8.430731e-02;6.813666e-02;7.275403e-02;7.384648e-02;8.612274e-02;1.142952e-01;7.332716e-02;8.038767e-02;9.725800e-02;4.435984e-02;3.138351e-02
1.739552e-01;8.619428e-02;5.169306e-02;6.262682e-02;6.706442e-02;1.277942e-01;1.431327e-01;4.982566e-02;6.949019e-02;7.854769e-02;4.486252e-02;4.481326e-02
1.445529e-01;9.573459e-02;9.290487e-02;7.493438e-02;7.505905e-02;1.138690e-01;1.302342e-01;5.694663e-02;6.359132e-02;6.397909e-02;4.902302e-02;3.917100e-02
1.032059e-01;7.987769e-02;1.366568e-01;7.724405e-02;7.399850e-02;7.144530e-02;1.152064e-01;8.762831e-02;8.934470e-02;6.161657e-02;5.983236e-02;4.394350e-02
8.233369e-02;7.025486e-02;1.414332e-01;4.582021e-02;8.140878e-02;1.065359e-01;1.025571e-01;1.000211e-01;1.047074e-01;6.159382e-02;6.810936e-02;3.522451e-02
5.260955e-02;8.932687e-02;1.299481e-01;5.757245e-02;7.508746e-02;1.155639e-01;1.138378e-01;7.977842e-02;9.059146e-02;7.068939e-02;9.216629e-02;3.282832e-02
5.727137e-02;9.326021e-02;9.600357e-02;7.515858e-02;6.201489e-02;1.126039e-01;1.024805e-01;8.273792e-02;9.616730e-02;8.289019e-02;9.392793e-02;4.548368e-02
6.451210e-02;8.929143e-02;1.481101e-01;7.764651e-02;7.225967e-02;9.909632e-02;8.299337e-02;1.363169e-01;9.026936e-02;3.833789e-02;5.118744e-02;4.997894e-02
4.737981e-02;7.744262e-02;1.423980e-01;5.852772e-02;7.462078e-02;9.739903e-02;2.016618e-01;1.215289e-01;7.101522e-02;3.755881e-02;3.589376e-02;3.457350e-02
6.388233e-02;6.352251e-02;9.899078e-02;5.118495e-02;7.306852e-02;1.537587e-01;2.170023e-01;1.087690e-01;7.579183e-02;5.193400e-02;2.404479e-02;1.805032e-02
7.368132e-02;4.446227e-02;6.927290e-02;4.091840e-02;8.043253e-02;2.190245e-01;1.861319e-01;9.641355e-02;1.048954e-01;5.525967e-02;1.691495e-02;1.259258e-02
4.840947e-02;2.118873e-02;6.919187e-02;3.436234e-02;1.193666e-01;2.068779e-01;1.126040e-01;7.364310e-02;1.900749e-01;6.172341e-02;2.089999e-02;4.165763e-02
2.393140e-02;1.182617e-02;6.408939e-02;4.386764e-02;1.644119e-01;1.328078e-01;8.722582e-02;5.451507e-02;2.692585e-01;4.825289e-02;2.542653e-02;7.438687e-02
2.301029e-02;1.884283e-02;5.426705e-02;8.199705e-02;1.699540e-01;8.422134e-02;8.458364e-02;7.507849e-02;2.523745e-01;2.427808e-02;3.641932e-02;9.497335e-02
4.604828e-02;4.211250e-02;9.703831e-02;1.343405e-01;1.322863e-01;4.069411e-02;5.758695e-02;9.985702e-02;1.623526e-01;5.359006e-02;5.196124e-02;8.213209e-02
6.062357e-02;8.080083e-02;1.996705e-01;1.629210e-01;8.420331e-02;4.275629e-02;4.721671e-02;1.025012e-01;6.026847e-02;4.579729e-02;6.822813e-02;4.501268e-02
6.482773e-02;9.346221e-02;2.851796e-01;1.554143e-01;5.679199e-02;6.485035e-02;5.824863e-02;8.057853e-02;1.384725e-02;2.846386e-02;8.136488e-02;1.697062e-02
3.776729e-02;5.881923e-02;2.954585e-01;1.321640e-01;5.620570e-02;8.452670e-02;9.881333e-02;6.315766e-02;2.168199e-02;3.536435e-02;8.090243e-02;3.513881e-02
2.568645e-02;4.161661e-02;2.620411e-01;1.074177e-01;7.237036e-02;7.395739e-02;1.623892e-01;4.425929e-02;3.350669e-02;5.261866e-02;6.653917e-02;5.759735e-02
3.592593e-02;4.518397e-02;2.396810e-01;9.209345e-02;8.121682e-02;6.078051e-02;1.771984e-01;4.530561e-02;4.214431e-02;6.505305e-02;6.540203e-02;5.001488e-02
2.925658e-02;5.854056e-02;2.296526e-01;1.012644e-01;6.503150e-02;7.167505e-02;1.545192e-01;5.676226e-02;3.872916e-02;1.017768e-01;5.689310e-02;3.589885e-02
4.884593e-02;6.563324e-02;1.997429e-01;1.219192e-01;6.723710e-02;7.475182e-02;1.351061e-01;6.897444e-02;3.083600e-02;9.815146e-02;6.146846e-02;2.733336e-02
5.850440e-02;7.260856e-02;2.128913e-01;1.266426e-01;6.561586e-02;7.062078e-02;1.072691e-01;5.082927e-02;6.836221e-02;7.987612e-02;5.524114e-02;3.153874e-02
7.238057e-02;5.628661e-02;1.704897e-01;1.095421e-01;8.657536e-02;8.621859e-02;1.082426e-01;6.093338e-02;8.286273e-02;6.750254e-02;4.482719e-02;5.413852e-02
1.022474e-01;5.441216e-02;6.854152e-02;7.500742e-02;8.663484e-02;8.681516e-02;1.616188e-01;1.032231e-01;6.261676e-02;5.754976e-02;7.746270e-02;6.387045e-02
9.903220e-02;5.326689e-02;9.437191e-02;6.108135e-02;9.223407e-02;7.859594e-02;1.531377e-01;1.192335e-01;6.846413e-02;5.571552e-02;8.599624e-02;3.887055e-02
7.912828e-02;7.288668e-02;1.501466e-01;6.565288e-02;9.399818e-02;6.347559e-02;1.039297e-01;1.401925e-01;7.579368e-02;3.690667e-02;5.433897e-02;6.355017e-02
9.573764e-02;8.925591e-02;1.615017e-01;5.925466e-02;8.483499e-02;7.455494e-02;1.021627e-01;1.027094e-01;7.012498e-02;4.189827e-02;4.638446e-02;7.158048e-02
8.360814e-02;9.215304e-02;2.369653e-01;6.236489e-02;5.409455e-02;9.368467e-02;1.041822e-01;4.929753e-02;9.304008e-02;4.964399e-02;2.864658e-02;5.231900e-02
4.936851e-02;8.780600e-02;3.708272e-01;5.729311e-02;5.305066e-02;7.942969e-02;7.676808e-02;4.248984e-02;8.010303e-02;5.341256e-02;1.632456e-02;3.312676e-02
2.081555e-02;5.892463e-02;4.637276e-01;4.292304e-02;5.532455e-02;6.524377e-02;1.104039e-01;3.062067e-02;4.987232e-02;5.916311e-02;2.519779e-02;1.778307e-02
2.778835e-02;2.956450e-02;4.833056e-01;5.757406e-02;6.200294e-02;6.652594e-02;1.270365e-01;2.702740e-02;2.319562e-02;5.220415e-02;2.950486e-02;1.427013e-02
2.864501e-02;1.891859e-02;4.640009e-01;8.496493e-02;7.222441e-02;7.074838e-02;1.051012e-01;4.026256e-02;1.879420e-02;3.402299e-02;4.721198e-02;1.510490e-02
2.018439e-02;2.296483e-02;4.089975e-01;1.083167e-01;1.008449e-01;9.600499e-02;6.853740e-02;5.625188e-02;1.645677e-02;2.254526e-02;6.063343e-02;1.826196e-02
1.340180e-02;2.841983e-02;3.563180e-01;1.224791e-01;1.234115e-01;1.121018e-01;6.008794e-02;7.285964e-02;1.514522e-02;1.846274e-02;5.990288e-02;1.740957e-02
9.210342e-03;3.750909e-02;3.335285e-01;1.184525e-01;1.244844e-01;1.015282e-01;7.502118e-02;9.871192e-02;1.512692e-02;1.662577e-02;5.145822e-02;1.834287e-02
2.636970e-02;5.082866e-02;3.146047e-01;1.088873e-01;1.303954e-01;8.369304e-02;6.815818e-02;1.217942e-01;2.287768e-02;1.659007e-02;3.622747e-02;1.957374e-02
3.325764e-02;4.872429e-02;2.807765e-01;9.604591e-02;1.622208e-01;8.596142e-02;6.457817e-02;1.144756e-01;3.401887e-02;2.766658e-02;2.583940e-02;2.643483e-02
3.806212e-02;4.126308e-02;2.238477e-01;1.024494e-01;2.151566e-01;8.792020e-02;4.830204e-02;9.528973e-02;5.395194e-02;3.086274e-02;2.086492e-02;4.202951e-02
3.297136e-02;3.222483e-02;1.804105e-01;8.210023e-02;2.337878e-01;9.738017e-02;9.344950e-02;5.085247e-02;9.139307e-02;2.930706e-02;1.859721e-02;5.752580e-02
3.246406e-02;3.376329e-02;1.618050e-01;6.312553e-02;2.080064e-01;1.057372e-01;1.220206e-01;5.083507e-02;1.168234e-01;2.428972e-02;2.415630e-02;5.697334e-02
1.152949e-01;6.526616e-02;1.034135e-01;3.861389e-02;1.263283e-01;9.683805e-02;2.107650e-01;4.339769e-02;9.236941e-02;2.739909e-02;3.271411e-02;4.759993e-02
1.773819e-01;1.146412e-01;6.931506e-02;3.448660e-02;8.742034e-02;9.214088e-02;2.494736e-01;4.757759e-02;4.559523e-02;2.173059e-02;2.606149e-02;3.417551e-02
1.556349e-01;1.667651e-01;8.280569e-02;3.101149e-02;6.808525e-02;7.556072e-02;2.974897e-01;3.779194e-02;2.015558e-02;2.162143e-02;2.445060e-02;1.862756e-02
8.520031e-02;1.707662e-01;1.625776e-01;2.442911e-02;5.507118e-02;5.166287e-02;3.344366e-01;4.602009e-02;1.710356e-02;1.680581e-02;2.492860e-02;1.099811e-02
4.049130e-02;1.220689e-01;2.907785e-01;4.151393e-02;4.856135e-02;3.434889e-02;2.720313e-01;7.451080e-02;1.771601e-02;2.331549e-02;1.816633e-02;1.649718e-02
2.600927e-02;6.821781e-02;3.575801e-01;8.133319e-02;4.851196e-02;3.959863e-02;1.837690e-01;9.491086e-02;3.120847e-02;3.517941e-02;9.230435e-03;2.445081e-02
2.678904e-02;3.142587e-02;2.741370e-01;1.408685e-01;6.083558e-02;5.322180e-02;1.449832e-01;9.003828e-02;8.427548e-02;5.215066e-02;2.102493e-02;2.024959e-02
3.971255e-02;1.911460e-02;1.452966e-01;1.648602e-01;7.882553e-02;5.598848e-02;1.319358e-01;8.593506e-02;1.284345e-01;9.832723e-02;4.234127e-02;9.228075e-03
2.606524e-02;2.903497e-02;5.843494e-02;1.042269e-01;1.287879e-01;6.777520e-02;9.815159e-02;6.345943e-02;9.910375e-02;1.764936e-01;1.100437e-01;3.842285e-02
3.489386e-02;4.196849e-02;5.381105e-02;5.994327e-02;1.310088e-01;7.793832e-02;6.779438e-02;4.812574e-02;4.420103e-02;1.736406e-01;1.866450e-01;8.002951e-02
5.653350e-02;4.533916e-02;1.126336e-01;6.185012e-02;8.066710e-02;1.303886e-01;7.840512e-02;3.358680e-02;2.059255e-02;1.059588e-01;1.923934e-01;8.165120e-02
4.979443e-02;3.917900e-02;1.566661e-01;7.081511e-02;6.320463e-02;1.999521e-01;1.159652e-01;2.041289e-02;3.364184e-02;5.048632e-02;1.428371e-01;5.704518e-02
3.288798e-02;4.535029e-02;1.287381e-01;5.246783e-02;6.857182e-02;2.055083e-01;1.878694e-01;2.262690e-02;4.109345e-02;4.497595e-02;1.014207e-01;6.848922e-02
4.189378e-02;9.610187e-02;7.241102e-02;7.442985e-02;4.905519e-02;1.311173e-01;2.664435e-01;2.218063e-02;2.642034e-02;4.595137e-02;7.480706e-02;9.918805e-02
5.922382e-02;1.117087e-01;6.661617e-02;1.314126e-01;2.448951e-02;8.358510e-02;3.192738e-01;2.651797e-02;8.447028e-03;2.689601e-02;4.702251e-02;9.480677e-02
5.858634e-02;7.182115e-02;6.639108e-02;1.652808e-01;1.985880e-02;9.569458e-02;3.395252e-01;3.970649e-02;6.157740e-03;2.573116e-02;4.003460e-02;7.121203e-02
5.645210e-02;4.017822e-02;7.117603e-02;1.565562e-01;2.140608e-02;1.007179e-01;3.525692e-01;4.737655e-02;9.352322e-03;3.970986e-02;4.630708e-02;5.819843e-02
2.946722e-02;3.128937e-02;5.494620e-02;1.235554e-01;2.981796e-02;8.809702e-02;4.125212e-01;3.295485e-02;1.877163e-02;5.124380e-02;7.032424e-02;5.701114e-02
1.832317e-02;2.408643e-02;9.137797e-02;8.664805e-02;3.571422e-02;9.916222e-02;3.879874e-01;3.242900e-02;2.748424e-02;5.519422e-02;8.780620e-02;5.378689e-02
2.276683e-02;3.971649e-02;1.088897e-01;6.255504e-02;5.362848e-02;1.294445e-01;2.764916e-01;3.005693e-02;5.734675e-02;7.318801e-02;9.676104e-02;4.915469e-02
1.835603e-02;5.028116e-02;1.611844e-01;5.214334e-02;6.615604e-02;9.824339e-02;2.100177e-01;3.593793e-02;7.153399e-02;9.872883e-02;9.024788e-02;4.716931e-02
3.065820e-02;3.244785e-02;1.615954e-01;4.787635e-02;6.842320e-02;6.511167e-02;2.174403e-01;4.880565e-02;8.493982e-02;1.096644e-01;8.813485e-02;4.490229e-02
3.712334e-02;3.947556e-02;9.339594e-02;7.669392e-02;6.681591e-02;8.533213e-02;2.339912e-01;3.398223e-02;8.199997e-02;9.919982e-02;1.064941e-01;4.549596e-02
3.274850e-02;6.693900e-02;1.330330e-01;1.087678e-01;9.383151e-02;7.941465e-02;2.183062e-01;2.253168e-02;4.627751e-02;5.686939e-02;8.618151e-02;5.509924e-02
3.721511e-02;7.278468e-02;1.111049e-01;8.233137e-02;1.278675e-01;8.482119e-02;2.087518e-01;2.693952e-02;4.760872e-02;6.592038e-02;7.656090e-02;5.809401e-02
6.467431e-02;5.891720e-02;1.006976e-01;5.785180e-02;1.041830e-01;1.218361e-01;1.785908e-01;3.557356e-02;7.096087e-02;8.897209e-02;7.396752e-02;4.377510e-02
8.440706e-02;4.495084e-02;1.544514e-01;8.764086e-02;8.309397e-02;1.101478e-01;9.777897e-02;3.384550e-02;9.808882e-02;1.024108e-01;4.956407e-02;5.361989e-02
9.699573e-02;4.235175e-02;1.631470e-01;8.115308e-02;7.639538e-02;1.061857e-01;9.630768e-02;3.234859e-02;9.676732e-02;1.165460e-01;3.738238e-02;5.441944e-02
1.359246e-01;2.726172e-02;1.777530e-01;5.791130e-02;6.268285e-02;8.263125e-02;1.130069e-01;6.180350e-02;7.097949e-02;1.165234e-01;3.845182e-02;5.507015e-02
1.214535e-01;4.085714e-02;1.913741e-01;4.434821e-02;5.308501e-02;9.486935e-02;1.676934e-01;6.701805e-02;3.051603e-02;5.686851e-02;6.571305e-02;6.620360e-02
9.021270e-02;3.743096e-02;1.818189e-01;4.760023e-02;5.125318e-02;1.297867e-01;1.465175e-01;4.211532e-02;3.357586e-02;5.534469e-02;1.137561e-01;7.058796e-02
4.843004e-02;6.811570e-02;1.731931e-01;3.935466e-02;3.718221e-02;1.470258e-01;1.051995e-01;2.238274e-02;2.861099e-02;7.509533e-02;1.869221e-01;6.848793e-02
5.491197e-02;1.358639e-01;1.541795e-01;3.196927e-02;2.395088e-02;1.056789e-01;7.066464e-02;1.819532e-02;4.418755e-02;1.235294e-01;1.898232e-01;4.704545e-02
5.958064e-02;1.665458e-01;1.134610e-01;3.834515e-02;5.026605e-02;6.624386e-02;7.502638e-02;2.106295e-02;7.945511e-02;1.601510e-01;1.347288e-01;3.513328e-02
1.003298e-01;1.323690e-01;1.061688e-01;5.062217e-02;7.107914e-02;4.121875e-02;8.085794e-02;5.702102e-02;1.002504e-01;1.541575e-01;6.117015e-02;4.475532e-02
9.510991e-02;4.949778e-02;1.782429e-01;4.057205e-02;5.183215e-02;3.598161e-02;1.114824e-01;1.073025e-01;8.239926e-02;1.167870e-01;7.408626e-02;5.670607e-02
5.731077e-02;4.776360e-02;1.883410e-01;2.847070e-02;3.472518e-02;3.901131e-02;1.918534e-01;1.260149e-01;5.009210e-02;1.215532e-01;8.219725e-02;3.266666e-02
2.571022e-02;7.271072e-02;1.678588e-01;1.872302e-02;5.496832e-02;3.604578e-02;2.325331e-01;9.650846e-02;5.052114e-02;1.074371e-01;1.057421e-01;3.124122e-02
3.835994e-02;1.061478e-01;1.076555e-01;1.889911e-02;6.849045e-02;3.990145e-02;2.957219e-01;6.419174e-02;4.421037e-02;7.866422e-02;1.102823e-01;2.747523e-02
1.016142e-01;7.229831e-02;2.137283e-01;8.790222e-02;6.377728e-02;5.298506e-02;9.877825e-02;6.048935e-02;8.477286e-02;4.996304e-02;5.739571e-02;5.629542e-02
5.897935e-02;7.823868e-02;2.999873e-01;9.184118e-02;3.865641e-02;3.828866e-02;8.721808e-02;7.475356e-02;6.175121e-02;3.839308e-02;5.077539e-02;8.111719e-02
3.104398e-02;5.835383e-02;3.598363e-01;9.640935e-02;2.140572e-02;3.271792e-02;1.061325e-01;1.113832e-01;2.234911e-02;2.993228e-02;3.456463e-02;9.587125e-02
1.976524e-02;2.251761e-02;3.453845e-01;1.463421e-01;2.837113e-02;4.667111e-02;6.126130e-02;1.527137e-01;4.423444e-02;2.303114e-02;1.404121e-02;9.566662e-02
1.438669e-02;1.011601e-02;2.984588e-01;1.273978e-01;4.274501e-02;7.665868e-02;6.340905e-02;2.013807e-01;6.739521e-02;1.762934e-02;1.125368e-02;6.916911e-02
9.370319e-03;2.030131e-02;2.704691e-01;5.798424e-02;3.902339e-02;1.043002e-01;9.618107e-02;2.783003e-01;5.152088e-02;1.536168e-02;2.025991e-02;3.692767e-02
9.105629e-03;4.161904e-02;1.846149e-01;1.673282e-02;6.607835e-02;9.416380e-02;1.772755e-01;3.129274e-01;1.941681e-02;1.094163e-02;4.355890e-02;2.356522e-02
1.471762e-02;7.061455e-02;8.717569e-02;1.254364e-02;9.710745e-02;5.379357e-02;2.899893e-01;2.668152e-01;1.067270e-02;6.200018e-03;7.568257e-02;1.468772e-02
1.301752e-02;9.801218e-02;3.602334e-02;8.673657e-03;9.227258e-02;3.277070e-02;4.074729e-01;1.704475e-01;1.824692e-02;1.119058e-02;1.047273e-01;7.144810e-03
1.772479e-02;1.082584e-01;2.372548e-02;1.344699e-02;5.814002e-02;4.346445e-02;4.962560e-01;7.539793e-02;2.900426e-02;2.208061e-02;1.074583e-01;5.042759e-03
3.984304e-02;9.495684e-02;1.404752e-02;2.990436e-02;2.885464e-02;8.662884e-02;5.068438e-01;2.358664e-02;2.697374e-02;5.801577e-02;7.985964e-02;1.048513e-02
6.820897e-02;6.204686e-02;1.831705e-02;4.912703e-02;2.275632e-02;1.738089e-01;3.868702e-01;3.404712e-02;2.108727e-02;1.113219e-01;4.057873e-02;1.182973e-02
9.958762e-02;3.076198e-02;1.475481e-02;5.807938e-02;4.142777e-02;2.691327e-01;2.304243e-01;6.079270e-02;2.684525e-02;1.381047e-01;1.652478e-02;1.356413e-02
1.231847e-01;1.480723e-02;1.557239e-02;4.947656e-02;7.176235e-02;3.108279e-01;1.239206e-01;1.052010e-01;3.978658e-02;1.274046e-01;4.992462e-03;1.306362e-02
1.206789e-01;2.216516e-02;2.988003e-02;5.282003e-02;9.945694e-02;2.765906e-01;1.010018e-01;1.279584e-01;3.429347e-02;9.865206e-02;1.871279e-02;1.778980e-02
9.585101e-02;3.952338e-02;6.477492e-02;5.142466e-02;1.026488e-01;2.108072e-01;1.713047e-01;1.143054e-01;1.895356e-02;7.984699e-02;3.214647e-02;1.841292e-02
8.900964e-02;6.656408e-02;6.074452e-02;4.439935e-02;7.534684e-02;1.703187e-01;2.432418e-01;7.651228e-02;3.619735e-02;6.254998e-02;5.118435e-02;2.393114e-02
1.041190e-01;7.534080e-02;5.158764e-02;4.492975e-02;7.492413e-02;1.092434e-01;2.389600e-01;7.781273e-02;8.055071e-02;5.095215e-02;5.000163e-02;4.157815e-02
1.013723e-01;5.673434e-02;8.052819e-02;5.046712e-02;1.004033e-01;9.351593e-02;1.912450e-01;7.837868e-02;1.031233e-01;4.170442e-02;3.931481e-02;6.321266e-02
7.481173e-02;4.859070e-02;1.054258e-01;6.549759e-02;1.205155e-01;1.306166e-01;8.757842e-02;9.497007e-02;1.051870e-01;4.231324e-02;4.990352e-02;7.458980e-02
5.632077e-02;6.433228e-02;1.338550e-01;1.051405e-01;9.841750e-02;1.572377e-01;3.995994e-02;1.161587e-01;6.298488e-02;4.771506e-02;6.083686e-02;5.704091e-02
2.372636e-02;7.761792e-02;1.653037e-01;1.493960e-01;9.147073e-02;1.317347e-01;4.874292e-02;1.306752e-01;2.356382e-02;3.950815e-02;8.521242e-02;3.304809e-02
2.883111e-02;8.019241e-02;2.063367e-01;1.743423e-01;7.721437e-02;8.766258e-02;4.157602e-02;1.414951e-01;1.194680e-02;2.468440e-02;1.031280e-01;2.259029e-02
2.776282e-02;8.187976e-02;2.290798e-01;1.463882e-01;6.822288e-02;7.144488e-02;6.480603e-02;1.492770e-01;6.639295e-03;2.240373e-02;1.086373e-01;2.345834e-02
4.490887e-02;8.472758e-02;2.247464e-01;1.071300e-01;7.025068e-02;6.892581e-02;8.118441e-02;1.604925e-01;6.684581e-03;2.230957e-02;1.096234e-01;1.901608e-02
7.357856e-02;8.628111e-02;2.426035e-01;9.234218e-02;6.615194e-02;5.705663e-02;4.423755e-02;1.671008e-01;9.673627e-03;2.821550e-02;1.132033e-01;1.955538e-02
6.173699e-02;8.849198e-02;2.436971e-01;8.287099e-02;6.447527e-02;4.815776e-02;6.804273e-02;1.745155e-01;1.114957e-02;2.495679e-02;1.115180e-01;2.038725e-02
3.594267e-02;1.019359e-01;2.508094e-01;8.163417e-02;6.648406e-02;5.240075e-02;6.387485e-02;1.810085e-01;6.931164e-03;2.158274e-02;1.158248e-01;2.157098e-02
1.647100e-02;1.039452e-01;2.600543e-01;8.016820e-02;7.460224e-02;4.961886e-02;5.707859e-02;1.819434e-01;9.654996e-03;2.205230e-02;1.251732e-01;1.923761e-02
1.984236e-02;1.141932e-01;2.605236e-01;7.645489e-02;7.392253e-02;4.763249e-02;5.772747e-02;1.738128e-01;1.135692e-02;1.964406e-02;1.243507e-01;2.053891e-02
1.879792e-02;1.541161e-01;2.409627e-01;7.398968e-02;7.010000e-02;5.109737e-02;5.532154e-02;1.605613e-01;1.792987e-02;1.706000e-02;1.164743e-01;2.358924e-02
1.912504e-02;1.602079e-01;2.477441e-01;8.999950e-02;7.318111e-02;5.794293e-02;5.142999e-02;1.397811e-01;8.777658e-03;1.972985e-02;1.078416e-01;2.423930e-02
1.965314e-02;1.079133e-01;2.902106e-01;1.252933e-01;7.351862e-02;6.250782e-02;4.706756e-02;1.147179e-01;1.256634e-02;2.553110e-02;9.867450e-02;2.234570e-02
2.136532e-02;3.833134e-02;3.157847e-01;1.410057e-01;7.355812e-02;8.240311e-02;7.952324e-02;9.517445e-02;1.446744e-02;3.782724e-02;8.127484e-02;1.928449e-02
3.002589e-02;1.548225e-02;3.402512e-01;1.152861e-01;6.097507e-02;9.377876e-02;9.242107e-02;8.153124e-02;3.182709e-02;5.601241e-02;6.634771e-02;1.606121e-02
3.743910e-02;2.530879e-02;3.615910e-01;7.458363e-02;5.249563e-02;7.369158e-02;1.142280e-01;7.122444e-02;5.291179e-02;7.308058e-02;5.141870e-02;1.202675e-02
5.035761e-02;3.745662e-02;3.715668e-01;5.849395e-02;4.731016e-02;5.772064e-02;1.511556e-01;4.369063e-02;6.263704e-02;7.172567e-02;3.211653e-02;1.576877e-02
5.063314e-02;5.250402e-02;4.022382e-01;5.163237e-02;3.867375e-02;4.583447e-02;1.513651e-01;2.286994e-02;5.722922e-02;8.656453e-02;2.479812e-02;1.565716e-02
3.359326e-02;5.153206e-02;4.293080e-01;4.041332e-02;4.984073e-02;6.301285e-02;1.419135e-01;1.703021e-02;3.381322e-02;1.005960e-01;2.914509e-02;9.801722e-03
3.452259e-02;4.381176e-02;4.154038e-01;4.491073e-02;6.955998e-02;1.058764e-01;1.210601e-01;1.566876e-02;1.516970e-02;1.002997e-01;2.526112e-02;8.455395e-03
2.630850e-02;2.717685e-02;4.014217e-01;5.337850e-02;8.070284e-02;1.175657e-01;1.021186e-01;1.900893e-02;2.349203e-02;9.818167e-02;3.816510e-02;1.247961e-02
2.940304e-02;4.650926e-02;3.814136e-01;5.059032e-02;6.426754e-02;9.779622e-02;8.636860e-02;2.618588e-02;5.035054e-02;7.432512e-02;5.493136e-02;3.785850e-02
4.029430e-02;7.865544e-02;2.861581e-01;6.579095e-02;7.450424e-02;9.864265e-02;8.923388e-02;3.048404e-02;7.347480e-02;6.490468e-02;4.646085e-02;5.139610e-02
5.470226e-02;8.988933e-02;2.188883e-01;9.577121e-02;8.186074e-02;8.334573e-02;9.161772e-02;3.590930e-02;8.459299e-02;9.083639e-02;2.771530e-02;4.487069e-02
7.182897e-02;8.981634e-02;2.074304e-01;1.000544e-01;6.996454e-02;5.618063e-02;1.056436e-01;6.559177e-02;7.490168e-02;7.983339e-02;3.398392e-02;4.477037e-02
9.440098e-02;8.316233e-02;1.809912e-01;7.578153e-02;8.028616e-02;5.834296e-02;1.597286e-01;7.900520e-02;6.670423e-02;4.267618e-02;3.115574e-02;4.776485e-02
9.456170e-02;4.574973e-02;1.127390e-01;7.428498e-02;7.616456e-02;6.841299e-02;2.281216e-01;7.897493e-02;8.119388e-02;3.342570e-02;4.901920e-02;5.735172e-02
7.178581e-02;5.024447e-02;8.252970e-02;7.081248e-02;5.740780e-02;7.531153e-02;2.343557e-01;9.086293e-02;9.733771e-02;4.507870e-02;6.102826e-02;6.324491e-02
6.272345e-02;3.907659e-02;1.225807e-01;8.326432e-02;4.267213e-02;4.700106e-02;2.372710e-01;8.936235e-02;1.061094e-01;4.788002e-02;6.094331e-02;6.111572e-02
5.772047e-02;5.142726e-02;1.749707e-01;8.003935e-02;6.317507e-02;7.997476e-02;1.837494e-01;5.283010e-02;8.183119e-02;5.386062e-02;5.633081e-02;6.409027e-02
7.893132e-02;5.741192e-02;1.324497e-01;7.532710e-02;7.768995e-02;1.266255e-01;1.329516e-01;5.209345e-02;5.904890e-02;7.001973e-02;6.283204e-02;7.461888e-02
8.927717e-02;7.066956e-02;1.239206e-01;6.110528e-02;8.839988e-02;1.369053e-01;1.558141e-01;6.053203e-02;5.471895e-02;4.873398e-02;3.080968e-02;7.911344e-02
8.742646e-02;8.016959e-02;1.380010e-01;6.485797e-02;1.119004e-01;1.078443e-01;1.473848e-01;6.835392e-02;5.569898e-02;2.761555e-02;3.577028e-02;7.497668e-02
7.714664e-02;8.747759e-02;8.100984e-02;9.278028e-02;1.284617e-01;6.933489e-02;1.346777e-01;8.180528e-02;6.018664e-02;5.984779e-02;4.500484e-02;8.226680e-02
9.687546e-02;1.046591e-01;6.590848e-02;6.838799e-02;8.525771e-02;1.021005e-01;1.163899e-01;9.305772e-02;5.692331e-02;9.445260e-02;3.784025e-02;7.814693e-02
