5.366417e-02;4.679177e-02;7.334373e-02;4.856246e-02;6.675506e-02;7.950450e-02;1.072193e-01;5.409345e-02;1.155678e-01;1.114067e-01;1.494858e-01;9.360522e-02
6.895151e-02;3.572052e-02;8.067540e-02;4.862810e-02;7.736901e-02;6.072011e-02;1.625453e-01;4.202143e-02;1.127745e-01;1.098072e-01;1.227792e-01;7.800782e-02
7.566339e-02;4.314233e-02;7.734448e-02;4.763699e-02;9.605045e-02;8.021235e-02;2.286988e-01;5.292522e-02;7.275482e-02;8.885568e-02;7.059444e-02;6.612098e-02
7.578488e-02;5.888703e-02;8.087646e-02;4.891108e-02;1.201887e-01;1.091181e-01;2.396758e-01;5.329402e-02;7.355593e-02;5.408449e-02;4.846201e-02;3.716154e-02
8.465460e-02;7.064808e-02;8.328966e-02;6.147344e-02;1.736816e-01;1.088951e-01;1.100145e-01;7.391222e-02;5.612596e-02;8.881611e-02;4.836958e-02;4.011925e-02
9.833443e-02;6.043744e-02;8.040233e-02;4.858054e-02;1.409695e-01;7.948024e-02;2.022695e-01;5.428040e-02;5.250682e-02;9.942732e-02;4.364002e-02;3.967149e-02
1.145277e-01;5.888426e-02;1.351474e-01;4.569627e-02;1.129741e-01;6.371471e-02;1.342296e-01;6.480638e-02;7.118852e-02;9.130184e-02;6.546906e-02;4.206019e-02
1.096258e-01;6.466527e-02;1.810589e-01;5.199131e-02;9.709496e-02;5.270652e-02;9.716275e-02;6.594578e-02;7.973125e-02;9.432359e-02;6.230652e-02;4.338738e-02
8.157913e-02;6.950372e-02;8.595084e-02;5.641063e-02;1.085773e-01;7.811843e-02;1.574384e-01;6.030388e-02;7.653955e-02;1.281590e-01;4.922488e-02;4.819425e-02
8.688236e-02;5.417728e-02;8.854665e-02;5.475765e-02;6.761713e-02;7.006612e-02;1.737665e-01;5.561395e-02;8.257491e-02;1.067431e-01;9.181786e-02;6.743642e-02
7.245147e-02;5.540886e-02;5.418194e-02;5.731634e-02;8.091991e-02;7.616331e-02;1.299021e-01;7.751933e-02;8.709457e-02;7.512967e-02;1.069887e-01;1.269238e-01
6.550747e-02;5.050636e-02;4.166730e-02;5.676381e-02;9.518245e-02;8.020868e-02;8.743855e-02;8.396839e-02;9.891699e-02;9.160782e-02;1.155451e-01;1.326871e-01
7.386733e-02;3.373059e-02;5.401133e-02;5.506365e-02;1.039405e-01;7.375765e-02;6.612685e-02;9.726055e-02;1.270510e-01;9.959318e-02;1.207433e-01;9.485415e-02
8.618848e-02;5.484635e-02;7.820030e-02;5.357041e-02;1.119738e-01;7.702579e-02;6.857285e-02;8.996283e-02;1.238091e-01;7.362287e-02;9.347016e-02;8.875709e-02
1.165897e-01;7.957940e-02;7.732656e-02;5.424601e-02;9.716311e-02;5.674044e-02;7.982875e-02;4.789908e-02;7.118429e-02;6.859503e-02;1.126937e-01;1.381539e-01
1.209690e-01;9.986778e-02;1.026237e-01;7.494652e-02;7.884312e-02;5.901586e-02;8.810681e-02;5.733093e-02;5.999783e-02;6.230734e-02;9.435647e-02;1.016347e-01
1.324927e-01;7.396875e-02;1.072187e-01;7.340111e-02;8.102167e-02;6.396072e-02;1.163196e-01;7.433181e-02;6.655054e-02;5.792019e-02;9.003153e-02;6.278262e-02
1.276814e-01;5.199823e-02;1.128840e-01;5.625859e-02;8.583596e-02;5.792630e-02;1.193924e-01;1.051776e-01;8.359549e-02;6.692921e-02;8.437996e-02;4.794084e-02
1.057648e-01;3.946166e-02;1.142513e-01;4.572210e-02;9.453414e-02;1.425792e-01;7.842906e-02;9.483220e-02;8.718461e-02;7.512724e-02;8.545067e-02;3.666312e-02
6.615915e-02;4.586427e-02;9.772496e-02;6.396787e-02;1.237653e-01;2.165208e-01;8.480933e-02;5.956122e-02;6.377556e-02;5.592024e-02;7.089442e-02;5.103684e-02
5.053252e-02;5.402055e-02;1.007469e-01;7.042810e-02;1.357364e-01;2.228993e-01;9.448806e-02;5.839198e-02;5.728382e-02;4.883075e-02;5.151622e-02;5.512538e-02
4.245429e-02;5.975882e-02;1.167739e-01;5.557463e-02;1.218491e-01;1.720004e-01;1.238705e-01;6.236568e-02;8.584062e-02;6.113189e-02;5.476462e-02;4.361547e-02
5.141928e-02;6.111076e-02;1.683814e-01;4.597757e-02;5.903708e-02;1.221603e-01;1.266990e-01;6.283611e-02;9.124322e-02;9.057944e-02;5.887233e-02;6.168348e-02
1.089928e-01;8.540536e-02;9.265543e-02;6.999373e-02;4.428035e-02;7.240070e-02;8.680965e-02;8.266115e-02;7.429472e-02;8.544011e-02;9.641918e-02;1.006468e-01
1.100905e-01;9.008432e-02;8.450124e-02;6.762977e-02;4.368764e-02;8.499297e-02;7.722659e-02;1.053338e-01;7.076534e-02;9.153520e-02;8.294386e-02;9.120874e-02
9.633116e-02;9.361126e-02;8.589859e-02;6.382427e-02;4.893576e-02;1.055063e-01;7.636660e-02;1.250786e-01;8.067497e-02;9.268766e-02;6.258406e-02;6.850076e-02
7.723579e-02;9.612953e-02;1.063393e-01;6.197572e-02;5.282032e-02;1.068931e-01;9.256671e-02;1.575749e-01;9.484328e-02;7.824364e-02;4.483454e-02;3.054306e-02
6.657486e-02;6.919491e-02;1.784108e-01;7.903041e-02;5.453452e-02;8.024096e-02;1.274712e-01;1.538672e-01;7.111067e-02;5.750142e-02;3.015831e-02;3.190480e-02
4.029675e-02;3.238421e-02;3.184935e-01;8.970130e-02;7.250410e-02;4.661009e-02;1.389703e-01;6.006721e-02;4.542984e-02;6.088803e-02;5.701486e-02;3.763986e-02
3.332207e-02;4.235352e-02;3.843526e-01;6.998264e-02;6.568934e-02;2.771645e-02;9.502359e-02;3.063773e-02;4.201091e-02;1.092939e-01;6.388938e-02;3.572786e-02
1.686211e-02;5.903281e-02;4.361400e-01;3.996898e-02;3.685934e-02;2.275287e-02;4.999259e-02;2.310195e-02;7.411324e-02;1.560905e-01;4.594495e-02;3.914074e-02
3.060031e-02;9.693985e-02;3.993059e-01;2.672461e-02;2.011085e-02;3.384123e-02;2.700270e-02;2.348350e-02;1.441407e-01;1.253953e-01;2.382008e-02;4.863497e-02
4.296546e-02;1.637153e-01;3.169118e-01;2.559272e-02;1.477600e-02;5.099686e-02;2.564654e-02;2.887468e-02;2.053727e-01;5.320792e-02;2.855716e-02;4.338289e-02
8.725918e-02;1.901292e-01;2.557785e-01;2.223790e-02;2.094953e-02;5.548256e-02;1.596873e-02;4.893275e-02;2.145753e-01;2.532854e-02;2.540561e-02;3.795224e-02
1.433423e-01;1.865464e-01;2.360095e-01;2.390076e-02;2.986432e-02;3.734319e-02;2.892325e-02;8.330052e-02;1.511378e-01;2.111006e-02;2.398692e-02;3.453512e-02
1.900399e-01;1.870952e-01;2.308662e-01;2.123656e-02;3.120134e-02;2.363578e-02;4.648096e-02;1.047429e-01;8.406384e-02;2.484742e-02;2.375395e-02;3.203597e-02
1.958492e-01;1.575850e-01;2.606514e-01;2.194348e-02;2.614005e-02;3.323095e-02;6.396933e-02;9.175818e-02;7.261033e-02;2.418347e-02;2.620371e-02;2.587488e-02
2.119602e-01;1.258372e-01;3.035070e-01;2.847251e-02;2.666845e-02;3.773478e-02;3.162316e-02;7.543027e-02;5.984797e-02;2.841886e-02;3.776193e-02;3.273765e-02
2.187415e-01;7.824740e-02;2.721340e-01;3.480594e-02;3.134260e-02;3.106629e-02;4.165471e-02;7.654785e-02;6.548010e-02;3.596453e-02;4.830204e-02;6.571300e-02
2.121323e-01;3.580798e-02;1.536960e-01;3.947693e-02;4.252340e-02;3.099090e-02;6.432932e-02;8.105415e-02;9.840365e-02;7.100568e-02;9.048841e-02;8.009125e-02
1.703399e-01;1.250506e-01;4.628824e-02;3.633669e-02;3.914358e-02;3.741419e-02;5.358624e-02;8.162804e-02;1.002620e-01;1.173107e-01;1.349456e-01;5.769427e-02
1.266032e-01;1.218561e-01;1.343373e-01;3.610719e-02;3.683029e-02;4.900714e-02;5.869784e-02;6.194759e-02;6.872278e-02;1.235363e-01;1.105383e-01;7.181580e-02
1.448288e-01;7.798458e-02;2.912520e-01;3.865403e-02;4.822617e-02;4.899468e-02;6.345040e-02;2.750890e-02;6.368289e-02;6.566554e-02;7.397534e-02;5.577672e-02
1.306739e-01;1.368444e-01;3.613003e-01;2.337956e-02;3.339178e-02;2.639754e-02;5.367730e-02;3.337509e-02;7.444435e-02;3.438968e-02;4.472864e-02;4.739741e-02
8.118112e-02;1.408221e-01;3.480141e-01;3.124486e-02;2.732485e-02;3.580087e-02;3.106120e-02;2.690589e-02;1.095188e-01;5.841907e-02;4.631064e-02;6.339653e-02
4.412616e-02;1.534431e-01;3.020545e-01;3.125595e-02;2.211640e-02;4.884624e-02;1.908219e-02;2.884487e-02;1.758221e-01;6.033912e-02;3.170845e-02;8.236084e-02
9.048304e-02;1.740670e-01;2.169058e-01;1.831304e-02;1.307946e-02;4.872180e-02;1.649596e-02;3.760542e-02;2.420491e-01;4.128515e-02;1.653060e-02;8.446357e-02
1.651121e-01;1.726335e-01;1.548961e-01;1.200342e-02;6.037054e-03;3.687346e-02;1.865541e-02;7.305305e-02;2.521123e-01;2.246303e-02;2.729774e-02;5.886278e-02
2.212342e-01;1.423528e-01;1.439753e-01;1.193669e-02;1.455600e-02;2.658791e-02;3.490021e-02;1.106932e-01;2.041116e-01;2.195323e-02;3.123438e-02;3.646448e-02
2.180204e-01;1.065686e-01;1.798384e-01;1.847201e-02;2.366797e-02;1.924359e-02;5.362455e-02;9.969932e-02;1.632519e-01;3.178431e-02;4.257409e-02;4.325487e-02
1.967817e-01;7.470669e-02;1.959003e-01;2.549529e-02;2.596557e-02;3.962421e-02;6.367304e-02;6.285433e-02;1.715274e-01;3.866231e-02;5.692592e-02;4.788332e-02
1.918247e-01;3.600993e-02;1.537820e-01;3.148384e-02;2.900996e-02;6.447545e-02;5.936556e-02;8.254361e-02;2.396342e-01;4.312752e-02;2.646341e-02;4.227984e-02
1.493871e-01;1.162123e-01;1.634070e-01;2.883369e-02;3.890244e-02;5.030583e-02;7.312562e-02;6.866170e-02;1.828824e-01;6.124461e-02;3.616549e-02;3.087171e-02
9.143893e-02;1.530412e-01;1.701823e-01;3.458578e-02;5.517279e-02;4.761378e-02;8.651240e-02;6.462424e-02;1.372646e-01;7.852048e-02;4.426177e-02;3.678180e-02
1.036475e-01;1.749769e-01;9.188581e-02;4.727453e-02;5.922946e-02;4.249227e-02;8.634734e-02;5.634986e-02;1.336769e-01;9.485636e-02;4.539853e-02;6.386454e-02
8.509413e-02;1.897083e-01;1.532836e-01;5.739710e-02;5.043552e-02;4.186890e-02;8.465861e-02;7.958942e-02;7.794254e-02;8.442008e-02;3.793582e-02;5.766605e-02
1.632268e-01;1.991271e-01;1.606781e-01;4.956229e-02;4.381231e-02;7.210308e-02;4.910591e-02;7.838015e-02;4.033148e-02;5.456450e-02;3.798025e-02;5.112810e-02
1.655394e-01;2.064068e-01;1.161330e-01;2.958773e-02;3.857333e-02;7.694136e-02;7.022961e-02;5.669996e-02;7.686221e-02;5.057865e-02;7.218226e-02;4.026569e-02
1.831914e-01;1.996003e-01;1.371911e-01;1.364412e-02;4.245905e-02;4.771833e-02;6.568864e-02;4.165279e-02;7.141440e-02;6.112856e-02;9.653819e-02;3.977305e-02
1.557947e-01;1.587043e-01;1.066815e-01;3.075563e-02;7.111125e-02;4.175499e-02;7.354893e-02;4.725951e-02;1.048234e-01;6.311170e-02;9.818410e-02;4.827004e-02
1.118041e-01;1.047549e-01;9.116299e-02;4.443016e-02;6.975942e-02;4.346447e-02;1.268238e-01;4.252965e-02;1.395513e-01;8.181664e-02;8.960906e-02;5.429346e-02
1.004829e-01;7.944469e-02;8.128235e-02;5.046691e-02;5.133573e-02;9.442966e-02;1.370451e-01;5.848861e-02;1.233453e-01;8.633491e-02;6.630345e-02;7.104044e-02
7.966797e-02;5.226925e-02;1.046055e-01;4.052078e-02;6.297117e-02;1.283614e-01;1.413115e-01;6.234004e-02;6.323930e-02;1.183256e-01;5.536480e-02;9.102265e-02
4.588666e-02;6.630517e-02;9.002953e-02;2.909316e-02;9.434695e-02;1.137488e-01;1.556187e-01;6.239099e-02;4.649925e-02;1.199797e-01;7.766006e-02;9.844100e-02
4.855130e-02;5.848768e-02;1.396098e-01;3.119623e-02;9.882676e-02;7.155413e-02;1.387263e-01;1.147478e-01;5.758137e-02;9.427977e-02;6.854589e-02;7.789296e-02
5.542811e-02;7.557848e-02;1.719998e-01;5.869252e-02;8.498057e-02;6.989074e-02;1.750927e-01;6.408621e-02;4.017841e-02;6.472348e-02;6.630448e-02;7.304455e-02
5.873461e-02;8.036664e-02;2.265084e-01;5.419719e-02;6.368884e-02;6.217439e-02;1.751793e-01;3.324490e-02;4.612495e-02;5.701613e-02;6.065232e-02;8.211238e-02
5.154868e-02;8.707787e-02;2.993527e-01;3.802273e-02;3.902482e-02;5.108283e-02;1.430969e-01;1.150830e-02;6.768017e-02;7.292771e-02;5.471318e-02;8.396406e-02
5.150453e-02;8.837710e-02;3.846795e-01;3.263625e-02;2.633944e-02;3.309088e-02;9.343552e-02;2.272432e-02;6.065641e-02;1.142993e-01;3.482460e-02;5.743216e-02
2.929803e-02;9.482272e-02;4.911502e-01;3.013389e-02;2.191138e-02;2.181957e-02;4.836069e-02;1.647583e-02;3.720110e-02;1.509021e-01;3.482329e-02;2.310120e-02
3.680072e-02;1.138018e-01;5.109451e-01;1.843852e-02;1.538793e-02;1.640402e-02;1.609710e-02;2.073279e-02;1.011591e-01;1.114525e-01;2.767800e-02;1.110249e-02
1.462558e-02;1.211307e-01;5.290499e-01;2.198547e-02;1.166751e-02;2.472689e-02;2.404190e-02;2.348054e-02;1.018013e-01;1.037194e-01;9.385047e-03;1.438581e-02
1.475821e-02;8.489581e-02;4.598913e-01;2.336033e-02;1.576528e-02;2.523414e-02;5.637573e-02;1.569958e-02;9.216649e-02;1.883179e-01;1.162691e-02;1.190835e-02
1.292006e-02;4.303862e-02;4.346711e-01;2.969716e-02;1.639756e-02;1.040552e-02;1.050326e-01;1.435979e-02;4.748940e-02;2.478162e-01;2.743072e-02;1.074127e-02
1.956282e-02;1.950297e-02;3.677473e-01;5.251313e-02;1.934324e-02;1.159924e-02;1.233685e-01;3.040414e-02;1.433158e-02;2.154500e-01;1.110313e-01;1.514565e-02
1.704641e-02;1.181256e-02;2.704909e-01;1.096827e-01;2.093794e-02;1.455026e-02;6.888717e-02;8.555502e-02;2.316306e-02;1.126616e-01;2.545008e-01;1.071154e-02
1.689279e-02;2.669881e-02;1.612113e-01;1.358779e-01;2.889825e-02;2.060332e-02;2.353503e-02;1.289952e-01;2.621882e-02;5.031595e-02;3.422329e-01;3.851981e-02
2.148527e-02;3.494416e-02;1.074805e-01;1.137003e-01;6.515934e-02;2.289039e-02;1.332066e-02;1.171711e-01;3.190770e-02;3.228616e-02;3.147772e-01;1.248773e-01
2.067076e-02;2.746149e-02;8.985102e-02;7.004988e-02;1.253181e-01;2.700180e-02;3.000542e-02;6.318367e-02;6.247301e-02;3.644920e-02;1.805206e-01;2.670150e-01
9.710895e-03;1.147003e-02;7.804285e-02;3.626024e-02;1.753815e-01;3.490950e-02;5.344659e-02;2.543106e-02;1.075100e-01;3.056606e-02;7.329163e-02;3.639798e-01
1.183174e-02;1.350263e-02;9.015695e-02;2.042607e-02;1.923556e-01;5.592511e-02;7.246091e-02;9.531977e-03;1.257732e-01;2.105737e-02;3.676234e-02;3.502161e-01
5.371160e-02;2.109933e-02;9.665648e-02;1.709214e-02;1.817128e-01;1.116563e-01;1.337576e-01;1.427538e-02;1.120455e-01;1.925722e-02;8.725447e-03;2.300101e-01
9.136582e-02;2.623892e-02;7.281164e-02;4.606682e-02;1.672802e-01;1.557608e-01;2.201534e-01;3.022527e-02;6.360677e-02;2.013008e-02;3.579388e-02;7.056628e-02
8.273400e-02;2.854899e-02;1.730586e-01;5.697945e-02;1.522082e-01;1.336425e-01;2.057095e-01;3.952570e-02;2.614878e-02;2.817674e-02;3.321745e-02;4.005005e-02
5.355733e-02;2.550111e-02;3.627301e-01;5.771117e-02;1.325882e-01;8.485017e-02;1.203813e-01;3.911288e-02;4.860412e-02;2.687477e-02;1.577622e-02;3.231270e-02
5.024611e-02;3.229968e-02;3.884172e-01;6.557194e-02;6.815331e-02;2.585990e-02;1.029450e-01;4.105162e-02;7.391552e-02;4.200777e-02;3.677092e-02;7.276098e-02
5.580693e-02;4.259831e-02;2.671911e-01;5.924743e-02;9.653828e-02;4.731786e-02;1.061910e-01;4.373815e-02;5.305531e-02;4.742095e-02;7.099161e-02;1.099031e-01
5.615738e-02;3.419742e-02;1.551075e-01;5.645904e-02;1.656814e-01;8.138033e-02;1.162357e-01;3.905428e-02;2.684136e-02;3.864944e-02;9.129266e-02;1.389435e-01
3.906184e-02;2.590550e-02;1.336502e-01;4.414985e-02;2.125012e-01;1.047391e-01;1.503896e-01;2.597201e-02;3.399390e-02;3.427368e-02;7.797860e-02;1.173846e-01
4.064500e-02;3.302735e-02;8.840096e-02;4.532794e-02;1.891989e-01;1.229329e-01;2.223394e-01;3.189392e-02;4.372758e-02;2.234348e-02;3.630399e-02;1.238586e-01
6.843039e-02;4.136784e-02;5.679103e-02;3.710286e-02;1.204558e-01;1.014131e-01;2.676396e-01;3.584676e-02;5.504292e-02;2.675215e-02;6.551359e-02;1.236439e-01
6.489638e-02;6.967182e-02;8.404728e-02;4.515929e-02;9.129260e-02;9.320054e-02;2.105557e-01;5.195956e-02;7.853598e-02;5.482090e-02;1.224081e-01;3.345187e-02
6.155034e-02;8.138178e-02;9.424315e-02;3.871346e-02;6.461983e-02;7.229572e-02;1.476214e-01;6.461940e-02;9.294199e-02;6.956012e-02;1.169810e-01;9.547190e-02
5.053050e-02;7.961636e-02;8.796059e-02;2.655104e-02;5.889991e-02;6.839794e-02;1.557430e-01;6.074933e-02;1.103795e-01;7.034960e-02;1.256386e-01;1.051836e-01
6.570163e-02;7.931610e-02;8.868051e-02;2.356545e-02;4.258339e-02;6.361508e-02;1.520907e-01;5.514895e-02;1.144579e-01;9.298987e-02;1.332191e-01;8.863139e-02
9.119127e-02;5.236467e-02;1.001986e-01;3.642754e-02;5.584870e-02;5.504709e-02;1.681956e-01;6.922482e-02;1.021960e-01;9.704167e-02;1.060153e-01;6.624874e-02
4.688484e-02;5.283746e-02;9.146333e-02;6.455266e-02;1.047793e-01;7.732657e-02;1.900330e-01;7.550348e-02;8.215386e-02;8.553356e-02;8.595020e-02;4.298171e-02
6.035760e-02;5.256413e-02;6.680620e-02;8.810452e-02;9.463303e-02;8.957122e-02;1.857888e-01;6.975435e-02;6.529620e-02;8.249263e-02;8.857033e-02;5.606100e-02
7.328261e-02;7.135963e-02;5.575234e-02;9.930729e-02;8.930147e-02;1.183795e-01;1.327723e-01;7.975611e-02;7.566806e-02;7.743383e-02;5.784471e-02;6.914216e-02
5.762208e-02;6.815401e-02;6.691392e-02;1.126570e-01;1.315316e-01;1.095597e-01;1.382630e-01;6.927916e-02;6.816424e-02;6.824791e-02;5.462428e-02;5.498314e-02
4.038380e-02;4.076257e-02;1.051791e-01;1.076623e-01;1.537279e-01;8.259990e-02;1.887151e-01;5.905928e-02;4.698450e-02;7.618489e-02;5.957717e-02;3.916350e-02
2.404249e-02;3.073865e-02;1.282854e-01;5.190127e-02;1.251455e-01;7.935187e-02;3.450229e-01;3.476647e-02;5.272413e-02;5.955552e-02;4.632876e-02;2.213708e-02
2.906791e-02;1.817498e-02;1.655610e-01;2.897798e-02;1.040579e-01;8.324815e-02;4.282896e-01;3.312586e-02;3.023010e-02;4.017295e-02;2.367582e-02;1.541780e-02
2.912353e-02;1.789143e-02;2.274768e-01;4.222298e-02;1.187172e-01;8.468658e-02;3.370143e-01;3.186332e-02;2.360615e-02;4.047967e-02;2.799856e-02;1.891944e-02
2.734510e-02;1.658240e-02;3.398553e-01;6.920120e-02;1.466129e-01;7.870193e-02;1.876088e-01;2.688996e-02;1.840938e-02;3.850104e-02;3.289782e-02;1.739423e-02
1.277875e-02;1.277285e-02;4.736773e-01;8.613159e-02;1.502561e-01;7.537604e-02;9.794808e-02;2.022395e-02;6.386483e-03;2.293069e-02;3.059984e-02;1.091828e-02
1.225968e-02;2.084571e-02;5.973820e-01;7.707837e-02;1.211668e-01;6.008753e-02;6.014752e-02;1.214163e-02;4.269378e-03;1.058769e-02;1.804815e-02;5.985577e-03
2.215016e-02;2.777246e-02;6.426821e-01;6.077506e-02;9.683070e-02;3.193246e-02;6.280977e-02;1.156533e-02;1.185387e-02;9.831381e-03;1.671565e-02;5.081021e-03
3.945502e-02;2.656843e-02;5.115890e-01;4.786600e-02;1.070724e-01;4.372755e-02;1.079203e-01;2.360326e-02;2.741967e-02;2.954180e-02;1.703429e-02;1.820231e-02
4.960468e-02;1.948882e-02;2.890362e-01;5.117201e-02;1.276655e-01;7.117481e-02;1.399283e-01;5.274905e-02;5.786546e-02;6.445108e-02;3.423025e-02;4.263374e-02
2.666708e-02;2.648848e-02;1.587629e-01;3.687150e-02;1.130321e-01;9.487268e-02;2.253532e-01;6.302768e-02;7.305545e-02;8.647801e-02;3.793788e-02;5.745300e-02
3.666406e-02;2.478672e-02;2.076107e-01;5.602018e-02;1.142419e-01;9.031785e-02;2.398312e-01;3.742955e-02;6.216760e-02;5.518221e-02;4.049792e-02;3.525017e-02
4.975954e-02;4.759957e-02;2.788960e-01;6.609917e-02;1.335192e-01;7.712665e-02;1.645542e-01;3.087580e-02;5.387302e-02;3.810286e-02;3.434717e-02;2.524679e-02
5.117913e-02;7.733875e-02;3.162576e-01;6.993791e-02;1.141091e-01;4.560364e-02;1.406847e-01;3.180615e-02;5.296293e-02;5.362393e-02;2.560734e-02;2.088888e-02
6.859466e-02;7.152669e-02;2.700210e-01;6.033392e-02;9.385847e-02;5.370291e-02;1.578321e-01;4.281611e-02;4.722093e-02;6.268828e-02;5.207131e-02;1.933365e-02
6.560276e-02;5.909368e-02;1.718746e-01;5.032506e-02;8.014256e-02;4.660152e-02;1.922038e-01;6.003337e-02;6.573866e-02;9.061680e-02;9.014139e-02;2.762583e-02
6.981423e-02;4.567742e-02;1.576585e-01;3.858940e-02;7.034736e-02;4.952737e-02;2.336470e-01;5.761673e-02;5.818113e-02;7.149477e-02;1.036583e-01;4.378775e-02
8.682464e-02;5.806400e-02;1.696507e-01;3.192938e-02;4.019273e-02;6.534769e-02;2.586638e-01;6.112407e-02;5.835192e-02;7.025003e-02;8.038344e-02;1.921752e-02
8.416155e-02;4.491556e-02;1.373804e-01;3.286367e-02;4.722979e-02;7.178906e-02;2.485644e-01;6.109854e-02;6.932367e-02;1.023346e-01;6.842914e-02;3.190962e-02
5.447242e-02;4.533939e-02;2.058136e-01;4.279424e-02;5.950031e-02;5.109915e-02;1.589334e-01;9.557616e-02;6.394195e-02;1.117638e-01;5.510227e-02;5.566332e-02
3.537706e-02;5.589622e-02;2.413254e-01;4.485196e-02;7.285228e-02;4.110062e-02;1.380234e-01;9.505799e-02;5.762175e-02;1.018305e-01;5.303019e-02;6.303259e-02
4.982044e-02;5.474906e-02;1.247432e-01;4.168563e-02;7.891015e-02;6.818905e-02;2.197985e-01;7.597454e-02;7.903309e-02;9.525023e-02;6.160139e-02;5.024473e-02
5.393909e-02;6.756135e-02;1.717367e-01;4.045131e-02;7.593431e-02;6.404415e-02;2.170643e-01;5.155540e-02;7.628919e-02;8.909087e-02;3.428062e-02;5.805272e-02
4.667745e-02;9.064654e-02;1.999865e-01;4.073144e-02;8.411477e-02;6.551213e-02;1.555806e-01;5.355045e-02;6.218435e-02;9.399499e-02;4.482107e-02;6.219972e-02
7.149150e-02;9.497441e-02;1.183530e-01;3.033104e-02;1.015668e-01;8.196213e-02;1.560605e-01;7.051057e-02;1.002318e-01;8.086247e-02;4.936600e-02;4.428964e-02
6.317937e-02;7.967987e-02;1.187089e-01;3.645902e-02;7.987001e-02;6.855062e-02;1.838226e-01;7.028406e-02;1.176985e-01;8.119325e-02;5.596800e-02;4.458572e-02
7.625210e-02;5.622347e-02;1.369693e-01;4.640898e-02;7.353208e-02;6.374270e-02;1.899588e-01;7.913160e-02;8.547974e-02;8.058222e-02;7.293610e-02;3.878285e-02
5.918457e-02;3.268931e-02;7.446466e-02;4.074058e-02;8.791865e-02;7.422516e-02;2.608799e-01;8.268033e-02;9.548085e-02;5.947949e-02;9.652421e-02;3.573222e-02
4.736142e-02;3.141350e-02;9.176331e-02;3.198497e-02;9.281307e-02;7.273028e-02;2.221377e-01;8.257129e-02;1.180527e-01;9.060115e-02;7.884138e-02;3.972929e-02
5.634819e-02;3.878182e-02;1.107119e-01;3.238672e-02;1.041939e-01;5.249392e-02;2.082263e-01;8.526725e-02;1.260808e-01;8.283086e-02;4.656610e-02;5.611231e-02
3.811193e-02;5.632921e-02;1.728126e-01;2.280821e-02;8.943875e-02;7.443365e-02;2.357431e-01;7.295720e-02;7.664101e-02;8.077945e-02;2.691138e-02;5.303357e-02
7.405262e-02;5.777819e-02;8.284014e-02;4.961150e-02;7.053128e-02;7.727184e-02;1.235127e-01;1.295425e-01;1.206899e-01;1.064692e-01;6.207433e-02;4.562578e-02
8.121668e-02;5.800491e-02;6.961834e-02;5.041102e-02;6.204284e-02;7.405413e-02;1.307994e-01;1.263796e-01;1.214313e-01;9.925491e-02;6.923703e-02;5.754983e-02
9.173141e-02;5.962122e-02;8.152121e-02;4.873402e-02;5.983710e-02;7.098060e-02;1.316601e-01;1.204538e-01;1.133219e-01;9.041860e-02;6.764468e-02;6.407534e-02
1.044198e-01;6.494074e-02;9.624004e-02;4.834275e-02;7.692280e-02;7.194299e-02;1.082276e-01;1.147334e-01;1.031608e-01;7.698458e-02;6.053609e-02;7.354844e-02
4.342157e-02;4.770466e-02;1.381042e-01;4.186633e-02;1.369205e-01;1.153489e-01;2.976958e-01;3.808475e-02;3.657577e-02;3.328660e-02;2.817804e-02;4.281288e-02
3.762574e-02;3.082873e-02;1.318278e-01;4.407269e-02;1.526296e-01;1.376823e-01;3.015371e-01;3.446169e-02;2.029667e-02;3.493468e-02;2.446903e-02;4.963395e-02
3.204898e-02;3.714726e-02;1.336822e-01;7.843507e-02;1.774551e-01;1.140094e-01;1.962564e-01;3.669846e-02;2.041687e-02;3.104143e-02;5.404380e-02;8.876508e-02
1.574883e-02;6.860527e-02;2.044920e-01;1.146336e-01;1.731768e-01;6.785734e-02;6.776113e-02;2.678740e-02;2.090353e-02;2.940664e-02;1.095900e-01;1.010374e-01
9.162694e-03;7.407251e-02;2.617374e-01;1.542902e-01;1.295856e-01;5.877372e-02;2.429235e-02;2.498357e-02;1.550186e-02;2.346686e-02;1.723454e-01;5.178786e-02
1.560994e-02;6.380576e-02;2.801794e-01;1.601591e-01;1.222302e-01;5.320852e-02;3.578458e-02;3.162120e-02;2.055113e-02;1.281524e-02;1.779934e-01;2.604160e-02
2.440252e-02;5.325069e-02;2.684254e-01;1.209225e-01;1.587035e-01;6.418292e-02;7.589997e-02;2.564557e-02;3.080358e-02;1.777487e-02;1.097347e-01;5.025384e-02
2.094605e-02;3.945514e-02;2.846948e-01;1.029245e-01;2.140298e-01;7.899793e-02;7.675535e-02;1.713767e-02;3.285615e-02;1.572949e-02;4.525546e-02;7.121772e-02
2.928146e-02;3.802126e-02;2.996919e-01;9.019472e-02;2.269138e-01;8.860933e-02;9.047068e-02;2.107137e-02;2.080126e-02;1.127674e-02;3.387408e-02;4.979340e-02
2.971842e-02;3.656794e-02;3.312703e-01;8.795168e-02;1.870672e-01;8.587336e-02;1.106413e-01;3.336087e-02;1.842658e-02;1.180320e-02;4.046565e-02;2.685341e-02
3.126228e-02;3.092424e-02;4.263689e-01;8.804274e-02;1.329400e-01;5.865235e-02;8.751426e-02;3.927355e-02;1.665376e-02;1.604666e-02;4.263039e-02;2.969088e-02
2.332956e-02;4.142585e-02;5.107202e-01;7.437646e-02;9.547061e-02;2.315512e-02;7.967801e-02;2.856389e-02;2.320587e-02;3.063418e-02;3.169295e-02;3.774731e-02
5.676820e-02;4.925438e-02;3.996527e-01;6.561115e-02;9.658415e-02;4.324449e-02;7.637156e-02;2.290120e-02;5.066651e-02;3.064385e-02;5.414155e-02;5.416025e-02
8.632603e-02;5.870677e-02;2.757534e-01;6.295846e-02;8.698481e-02;5.353932e-02;7.864234e-02;3.398167e-02;6.330176e-02;3.725119e-02;7.129287e-02;9.126133e-02
5.839540e-02;5.929127e-02;2.198551e-01;6.863622e-02;1.081837e-01;6.946820e-02;1.479618e-01;3.599267e-02;4.366911e-02;6.107761e-02;6.721213e-02;6.025679e-02
4.930115e-02;5.299066e-02;2.044689e-01;5.413664e-02;1.259103e-01;7.896536e-02;2.001979e-01;3.547213e-02;3.984843e-02;5.719819e-02;5.796063e-02;4.354975e-02
7.198519e-02;5.100643e-02;2.405220e-01;4.151965e-02;1.221930e-01;6.249473e-02;1.698453e-01;2.681651e-02;4.200671e-02;5.390889e-02;5.754389e-02;6.015775e-02
7.271617e-02;7.245223e-02;2.490385e-01;5.276864e-02;1.041527e-01;5.062355e-02;1.482807e-01;3.500969e-02;5.801696e-02;6.500582e-02;3.804472e-02;5.389032e-02
7.144202e-02;6.226793e-02;2.398652e-01;5.023658e-02;8.565785e-02;5.341754e-02;1.487966e-01;3.821873e-02;6.887615e-02;7.642160e-02;6.650522e-02;3.829454e-02
6.606822e-02;7.519870e-02;2.038847e-01;4.150197e-02;7.179087e-02;5.649462e-02;1.974365e-01;4.519647e-02;7.953225e-02;6.777174e-02;7.349101e-02;2.163298e-02
1.041812e-01;6.359754e-02;8.863858e-02;3.351400e-02;2.910222e-02;2.837422e-02;9.200931e-02;4.422526e-02;9.638450e-02;1.040243e-01;1.546483e-01;1.613005e-01
1.316945e-01;6.144825e-02;7.605404e-02;2.705007e-02;1.824887e-02;1.785285e-02;3.824884e-02;3.325814e-02;8.943944e-02;1.167567e-01;1.911002e-01;1.988482e-01
1.478594e-01;5.961470e-02;7.535691e-02;2.057558e-02;1.699642e-02;1.592579e-02;1.967381e-02;1.925052e-02;7.345796e-02;1.156956e-01;2.083126e-01;2.272807e-01
1.650257e-01;5.530963e-02;8.545971e-02;1.257335e-02;2.410739e-02;1.820888e-02;2.523512e-02;2.874878e-02;2.985747e-02;9.941185e-02;2.089852e-01;2.470769e-01
1.833531e-01;4.232155e-02;7.487063e-02;2.324513e-02;4.202409e-02;3.831017e-02;4.646849e-02;7.443624e-02;9.086265e-02;6.585539e-02;1.826793e-01;1.355733e-01
1.878352e-01;3.569890e-02;7.727271e-02;3.202932e-02;5.900243e-02;5.935066e-02;6.619764e-02;7.303953e-02;1.122328e-01;3.219844e-02;2.067099e-01;5.843244e-02
1.365775e-01;2.189496e-02;9.044952e-02;2.698021e-02;7.700156e-02;7.825206e-02;1.705485e-01;4.903412e-02;7.221771e-02;3.613986e-02;1.522448e-01;8.865919e-02
3.410194e-02;2.484821e-02;3.599507e-02;2.240782e-02;6.539853e-02;8.205260e-02;4.384066e-01;1.001171e-01;8.025397e-02;5.890143e-02;3.175750e-02;2.575920e-02
2.851782e-02;2.312927e-02;3.746859e-02;2.005883e-02;7.443090e-02;1.155051e-01;4.471695e-01;9.513786e-02;7.181288e-02;4.489477e-02;2.355681e-02;1.831763e-02
3.635221e-02;2.219459e-02;3.377442e-02;1.669393e-02;1.162976e-01;1.666767e-01;4.172810e-01;7.285172e-02;5.344084e-02;2.877549e-02;2.294020e-02;1.272129e-02
5.913525e-02;1.873043e-02;4.445239e-02;2.628801e-02;2.118582e-01;2.102601e-01;2.747988e-01;4.331177e-02;3.725760e-02;1.586401e-02;1.765360e-02;4.038990e-02
5.907121e-02;1.758544e-02;8.266304e-02;6.518483e-02;3.395434e-01;1.949664e-01;9.589033e-02;2.626910e-02;2.910601e-02;1.369997e-02;9.496077e-03;6.652422e-02
4.989395e-02;1.857721e-02;7.948486e-02;6.532097e-02;3.128125e-01;1.526253e-01;1.760235e-01;1.557370e-02;3.614804e-02;1.442601e-02;1.215782e-02;6.695610e-02
4.940502e-02;1.586268e-02;1.059706e-01;4.309914e-02;2.590011e-01;1.558389e-01;2.177352e-01;2.173790e-02;2.867072e-02;1.184494e-02;1.332027e-02;7.751343e-02
5.985349e-02;1.473896e-02;1.450295e-01;3.745947e-02;2.705582e-01;1.920875e-01;1.258679e-01;2.342210e-02;2.575067e-02;1.264454e-02;1.165956e-02;8.092812e-02
3.952512e-02;8.101963e-03;1.244848e-01;3.412347e-02;2.729848e-01;1.898559e-01;2.203017e-01;1.567367e-02;2.003110e-02;1.691615e-02;5.517416e-03;5.248385e-02
2.685443e-02;6.619627e-03;5.847979e-02;2.612699e-02;2.329017e-01;1.945156e-01;3.730776e-01;1.250227e-02;1.508586e-02;1.593986e-02;8.579140e-03;2.931718e-02
2.809433e-02;7.865970e-03;2.842420e-02;2.023126e-02;2.104260e-01;2.030595e-01;4.344600e-01;1.929732e-02;8.591918e-03;1.331483e-02;8.279284e-03;1.795545e-02
2.816890e-02;1.466730e-02;8.336084e-02;2.449760e-02;2.194130e-01;1.863822e-01;3.603439e-01;2.468263e-02;1.809370e-02;1.587235e-02;1.013660e-02;1.438100e-02
2.118660e-02;3.577211e-02;1.479970e-01;3.128972e-02;2.511408e-01;1.764170e-01;2.224547e-01;2.853649e-02;2.412518e-02;2.715527e-02;1.931959e-02;1.460553e-02
5.508833e-02;3.962602e-02;1.342069e-01;2.759416e-02;1.887828e-01;1.424644e-01;2.751176e-01;2.542308e-02;1.726020e-02;3.138989e-02;3.408241e-02;2.896422e-02
7.058870e-02;3.430083e-02;9.123669e-02;1.647687e-02;1.529605e-01;1.384179e-01;2.692545e-01;4.311160e-02;3.698885e-02;5.356768e-02;6.250412e-02;3.059171e-02
5.342485e-02;2.231749e-02;8.760451e-02;2.561636e-02;1.375286e-01;1.139173e-01;2.524550e-01;8.055259e-02;5.359096e-02;7.035819e-02;6.551748e-02;3.711666e-02
5.030046e-02;2.095250e-02;8.320560e-02;3.841762e-02;1.369785e-01;1.030279e-01;2.145194e-01;9.571026e-02;5.888763e-02;6.918474e-02;7.840702e-02;5.040833e-02
4.924024e-02;4.314641e-02;3.703507e-02;4.179461e-02;1.611804e-01;1.334735e-01;1.994686e-01;7.449555e-02;4.795887e-02;5.932746e-02;8.196939e-02;7.090989e-02
4.167267e-02;6.215519e-02;1.344507e-01;3.822014e-02;1.576483e-01;1.182911e-01;1.827060e-01;2.675709e-02;5.288429e-02;5.406763e-02;5.139918e-02;7.974762e-02
6.989281e-02;6.179567e-02;1.583251e-01;4.136504e-02;1.521373e-01;1.093275e-01;9.873818e-02;2.351168e-02;6.859789e-02;6.697433e-02;5.720896e-02;9.212549e-02
1.476736e-01;4.896723e-02;8.826542e-02;3.759057e-02;1.366411e-01;9.464921e-02;8.262548e-02;3.746511e-02;7.734059e-02;7.797651e-02;7.344293e-02;9.736228e-02
1.201724e-01;4.618018e-02;1.620892e-01;4.837703e-02;9.535890e-02;7.612941e-02;1.043145e-01;4.598071e-02;8.133896e-02;7.503980e-02;7.051556e-02;7.450338e-02
1.063104e-01;5.052576e-02;1.742712e-01;6.472152e-02;5.770938e-02;4.439109e-02;9.220257e-02;4.928092e-02;8.227493e-02;1.161684e-01;9.511809e-02;6.702576e-02
9.653370e-02;8.849836e-02;1.561754e-01;4.555092e-02;4.196991e-02;3.684761e-02;7.019105e-02;6.639723e-02;7.872930e-02;1.491204e-01;9.753967e-02;7.244647e-02
8.330729e-02;8.404686e-02;1.114112e-01;2.753521e-02;6.731777e-02;5.771764e-02;1.576123e-01;7.178108e-02;6.161662e-02;1.200476e-01;1.034381e-01;5.416836e-02
8.903854e-02;8.664425e-02;1.171574e-01;4.016684e-02;7.816847e-02;6.860103e-02;1.941665e-01;6.275272e-02;6.787876e-02;7.778729e-02;7.020424e-02;4.743396e-02
1.480089e-01;7.305928e-02;1.102861e-01;6.460948e-02;6.655638e-02;6.525318e-02;1.945318e-01;4.934590e-02;5.379532e-02;7.468657e-02;4.295326e-02;5.691389e-02
1.938594e-01;1.084981e-01;9.756470e-02;4.416180e-02;7.288303e-02;6.346828e-02;1.219751e-01;4.674096e-02;8.314878e-02;6.034102e-02;6.363574e-02;4.372309e-02
1.474903e-01;1.256630e-01;9.873818e-02;3.123094e-02;6.517216e-02;6.564095e-02;8.465406e-02;7.252909e-02;1.069515e-01;9.001538e-02;6.765529e-02;4.425908e-02
1.200458e-01;8.937787e-02;8.821581e-02;3.826416e-02;7.320816e-02;6.828000e-02;1.539530e-01;8.817433e-02;7.459524e-02;8.460334e-02;6.593277e-02;5.534945e-02
1.323365e-01;7.086001e-02;1.003677e-01;4.855826e-02;9.089419e-02;6.437945e-02;1.750361e-01;9.048516e-02;5.427247e-02;5.258674e-02;6.325805e-02;5.696539e-02
1.196846e-01;8.960084e-02;1.031860e-01;6.306691e-02;8.701487e-02;7.535685e-02;1.507520e-01;8.947004e-02;5.400576e-02;5.398669e-02;6.852005e-02;4.535541e-02
9.617507e-02;9.976335e-02;8.144608e-02;5.567514e-02;7.360396e-02;7.457280e-02;8.737331e-02;1.188552e-01;9.492598e-02;7.372142e-02;9.240983e-02;5.147791e-02
8.130798e-02;7.381254e-02;8.269423e-02;6.224032e-02;5.591049e-02;5.399587e-02;1.256430e-01;1.389493e-01;9.624033e-02;7.669023e-02;6.370877e-02;8.880688e-02
1.191109e-01;6.357543e-02;8.168463e-02;4.719442e-02;6.323205e-02;6.039113e-02;1.684961e-01;1.030611e-01;6.035084e-02;5.571185e-02;6.712229e-02;1.100693e-01
1.146326e-01;6.192753e-02;1.314553e-01;5.400202e-02;5.925152e-02;5.559190e-02;1.632943e-01;7.160387e-02;4.160310e-02;8.102944e-02;9.646895e-02;6.913960e-02
6.236970e-02;5.408957e-02;1.489416e-01;7.193071e-02;3.942082e-02;4.439077e-02;1.879798e-01;8.165368e-02;7.124637e-02;1.166084e-01;6.078254e-02;6.058612e-02
6.350313e-02;3.929583e-02;1.304811e-01;6.883048e-02;4.571430e-02;4.042302e-02;2.148383e-01;7.535210e-02;7.978727e-02;1.004605e-01;8.214633e-02;5.916767e-02
6.630222e-02;7.046452e-02;1.491833e-01;5.141642e-02;5.360751e-02;6.891533e-02;2.180340e-01;7.692455e-02;6.371182e-02;7.191005e-02;6.170701e-02;4.782330e-02
8.168930e-02;8.633865e-02;1.474448e-01;5.800617e-02;4.547655e-02;9.680159e-02;1.531468e-01;8.739924e-02;5.574810e-02;5.099389e-02;8.047529e-02;5.647955e-02
1.092251e-01;5.170839e-02;1.030622e-01;8.033866e-02;6.362398e-02;7.957583e-02;7.907620e-02;8.110859e-02;6.981990e-02;1.035250e-01;9.696121e-02;8.197488e-02
6.638233e-02;2.919609e-02;1.080577e-01;9.551372e-02;6.340709e-02;6.526205e-02;1.043119e-01;1.063967e-01;7.017630e-02;1.086197e-01;1.120141e-01;7.066238e-02
7.430631e-02;5.878273e-02;1.208239e-01;7.768761e-02;6.173851e-02;7.080675e-02;1.580747e-01;9.525964e-02;4.834232e-02;7.998788e-02;1.011938e-01;5.299591e-02
1.038952e-01;7.103265e-02;1.275838e-01;5.746022e-02;6.187472e-02;7.103451e-02;1.786335e-01;7.459500e-02;4.048632e-02;7.548091e-02;8.054186e-02;5.738134e-02
1.057531e-01;7.338082e-02;1.396554e-01;4.738348e-02;5.264289e-02;6.037912e-02;1.947349e-01;5.276242e-02;6.905538e-02;8.337904e-02;5.619515e-02;6.467831e-02
7.613900e-02;7.576216e-02;1.068346e-01;4.607335e-02;6.664857e-02;5.698898e-02;1.742558e-01;6.407419e-02;7.032352e-02;1.121999e-01;7.449786e-02;7.620215e-02
8.213694e-02;8.127782e-02;5.485564e-02;4.871450e-02;7.843011e-02;6.237045e-02;1.772186e-01;6.589977e-02;5.185152e-02;1.084494e-01;8.244177e-02;1.063534e-01
9.592598e-02;6.911865e-02;9.009538e-02;5.640491e-02;7.073471e-02;4.927905e-02;1.757538e-01;4.438619e-02;3.988355e-02;9.437814e-02;9.738317e-02;1.166565e-01
1.079414e-01;6.047746e-02;1.439760e-01;4.269790e-02;6.316985e-02;5.432253e-02;1.668761e-01;7.573295e-02;6.783014e-02;7.829940e-02;7.014448e-02;6.853181e-02
8.328827e-02;8.026782e-02;1.398384e-01;5.302715e-02;6.932660e-02;6.218957e-02;1.998308e-01;5.401479e-02;9.258377e-02;5.474992e-02;7.101210e-02;3.987077e-02
6.278396e-02;6.160207e-02;9.246743e-02;2.848121e-02;7.934852e-02;9.732293e-02;2.965064e-01;8.663041e-02;6.777404e-02;3.876051e-02;4.822772e-02;4.009476e-02
6.068547e-02;4.004384e-02;7.802396e-02;4.160017e-02;1.037150e-01;1.186851e-01;2.943873e-01;8.278584e-02;4.760516e-02;2.920497e-02;3.230022e-02;7.096297e-02
5.468496e-02;2.162743e-02;7.879670e-02;6.207858e-02;1.468041e-01;1.191887e-01;2.292259e-01;6.436932e-02;3.779432e-02;2.639500e-02;5.164064e-02;1.073944e-01
3.174686e-02;1.325976e-02;1.818591e-01;1.068453e-01;1.470441e-01;7.692379e-02;1.021365e-01;5.576903e-02;2.553264e-02;3.807459e-02;1.139799e-01;1.068285e-01
1.168705e-02;2.062249e-02;3.595891e-01;1.109154e-01;7.625000e-02;3.572016e-02;6.091225e-02;3.873053e-02;2.428968e-02;8.859623e-02;1.257596e-01;4.692744e-02
1.774493e-02;4.101009e-02;4.814202e-01;5.448946e-02;3.051922e-02;2.170085e-02;8.709448e-02;1.732065e-02;2.707850e-02;1.377263e-01;5.023806e-02;3.365725e-02
2.646052e-02;1.018925e-01;4.424442e-01;3.386843e-02;3.605667e-02;3.054340e-02;7.715037e-02;8.831395e-03;7.510267e-02;1.192975e-01;1.995892e-02;2.839338e-02
3.534273e-02;2.078805e-01;3.632226e-01;2.676058e-02;2.449220e-02;3.763113e-02;3.947991e-02;1.686163e-02;1.519361e-01;7.569546e-02;4.618340e-03;1.607874e-02
5.763552e-02;3.050875e-01;2.896195e-01;2.687223e-02;2.019389e-02;3.905040e-02;1.446339e-02;1.054566e-02;1.858311e-01;3.284634e-02;6.795583e-03;1.105882e-02
8.502869e-02;3.427885e-01;2.167341e-01;1.780478e-02;2.044353e-02;4.264511e-02;3.543735e-02;1.033596e-02;1.907073e-01;8.891227e-03;1.235379e-02;1.682966e-02
1.180907e-01;3.261853e-01;1.968479e-01;1.631818e-02;2.034108e-02;4.408220e-02;2.335819e-02;1.295257e-02;1.923000e-01;9.440353e-03;1.222040e-02;2.786317e-02
1.124075e-01;2.707081e-01;2.656061e-01;1.727341e-02;2.035216e-02;3.067731e-02;3.031811e-02;5.278613e-03;1.914832e-01;1.739373e-02;1.205956e-02;2.644214e-02
6.086931e-02;2.271147e-01;3.434649e-01;1.949597e-02;1.487154e-02;2.133653e-02;2.189660e-02;1.877973e-02;2.089142e-01;3.388621e-02;1.355176e-02;1.581850e-02
7.244726e-02;2.012824e-01;3.489513e-01;2.004056e-02;1.220947e-02;2.065598e-02;2.458708e-02;3.437239e-02;2.111776e-01;2.378705e-02;1.072826e-02;1.976061e-02
1.114304e-01;2.100947e-01;3.361016e-01;1.904469e-02;1.028436e-02;2.035918e-02;3.695520e-02;4.395296e-02;1.821911e-01;1.127353e-02;6.041761e-03;1.227039e-02
1.637941e-01;1.952452e-01;3.582395e-01;2.538007e-02;1.823005e-02;1.728389e-02;4.315651e-02;4.004321e-02;8.827867e-02;1.576172e-02;1.257711e-02;2.200998e-02
1.848008e-01;1.517818e-01;3.502329e-01;3.266264e-02;2.543123e-02;1.496470e-02;6.769341e-02;2.639829e-02;5.149296e-02;2.496046e-02;3.256872e-02;3.701217e-02
1.522190e-01;1.808485e-01;2.401055e-01;2.800898e-02;2.730682e-02;2.594992e-02;7.192259e-02;2.094473e-02;1.365887e-01;5.027468e-02;4.175520e-02;2.407534e-02
6.706196e-02;2.288692e-01;1.539984e-01;2.104825e-02;5.134421e-02;3.828881e-02;8.747118e-02;2.905031e-02;1.698865e-01;5.424693e-02;7.000155e-02;2.873280e-02
8.675710e-02;2.500910e-01;1.146200e-01;3.560278e-02;5.099968e-02;5.057748e-02;4.355440e-02;4.015015e-02;1.498144e-01;6.819449e-02;8.425134e-02;2.538719e-02
1.027453e-01;2.499750e-01;1.243835e-01;3.566791e-02;6.007724e-02;4.993281e-02;7.448447e-02;5.297474e-02;1.151474e-01;6.101922e-02;5.490792e-02;1.868446e-02
8.229809e-02;2.436869e-01;1.287757e-01;3.962878e-02;5.381846e-02;5.771670e-02;1.163937e-01;5.020509e-02;1.018314e-01;5.634220e-02;4.487181e-02;2.443110e-02
8.195002e-02;2.248610e-01;8.104366e-02;5.629556e-02;4.752357e-02;7.196482e-02;1.435370e-01;3.709946e-02;1.096145e-01;4.782303e-02;4.565277e-02;5.263459e-02
1.049614e-01;1.902266e-01;1.104939e-01;5.763569e-02;4.855546e-02;6.386298e-02;1.232683e-01;2.911422e-02;1.057504e-01;6.082654e-02;4.141976e-02;6.388468e-02
1.384772e-01;1.803599e-01;5.779505e-02;5.582299e-02;5.213064e-02;4.799252e-02;1.273922e-01;4.722542e-02;1.168806e-01;9.258583e-02;3.613458e-02;4.720297e-02
1.587081e-01;1.799611e-01;1.105093e-01;3.613314e-02;5.466571e-02;3.702427e-02;1.326143e-01;5.569161e-02;9.257981e-02;7.665761e-02;3.606695e-02;2.938799e-02
1.816956e-01;1.568464e-01;1.245173e-01;1.443589e-02;4.882189e-02;4.078349e-02;1.466482e-01;5.129676e-02;7.387628e-02;5.541144e-02;6.621960e-02;3.944726e-02
1.468763e-01;9.152859e-02;1.675837e-01;2.848879e-02;5.959095e-02;6.247901e-02;1.461042e-01;4.789207e-02;7.960917e-02;5.298284e-02;6.372441e-02;5.313999e-02
1.013761e-01;6.728788e-02;1.728687e-01;5.767921e-02;7.968021e-02;7.227194e-02;1.130672e-01;5.584241e-02;1.097334e-01;6.977244e-02;4.181178e-02;5.860881e-02
5.259767e-02;9.859175e-02;1.333796e-01;6.464680e-02;7.822738e-02;7.192043e-02;1.724019e-01;4.782026e-02;1.321543e-01;9.053646e-02;2.551033e-02;3.221320e-02
8.814891e-02;1.125664e-01;9.737155e-02;7.375658e-02;6.711028e-02;8.688805e-02;1.381662e-01;4.045417e-02;1.246555e-01;1.074289e-01;4.156106e-02;2.189229e-02
9.541477e-02;9.380604e-02;7.982370e-02;7.674082e-02;7.204011e-02;8.923098e-02;1.640601e-01;4.327815e-02;8.301491e-02;1.098934e-01;5.206532e-02;4.063176e-02
6.792148e-02;1.002409e-01;8.776972e-02;6.602105e-02;9.201333e-02;8.334553e-02;1.532900e-01;5.345894e-02;7.792442e-02;9.940234e-02;5.079080e-02;6.782150e-02
