3.829651e-02;4.497214e-02;6.705031e-02;5.984033e-02;5.211978e-02;1.230253e-01;1.453556e-01;1.078056e-01;8.162629e-02;9.876104e-02;1.006359e-01;8.051123e-02
4.468920e-02;4.296731e-02;6.279828e-02;7.029556e-02;3.022850e-02;1.073674e-01;1.555531e-01;1.112224e-01;8.315887e-02;1.005744e-01;1.066733e-01;8.447149e-02
7.874086e-02;6.381016e-02;9.178860e-02;7.690527e-02;5.920656e-02;4.554151e-02;1.327021e-01;9.367313e-02;7.863148e-02;7.918682e-02;1.297892e-01;7.002421e-02
8.458666e-02;8.535735e-02;9.352035e-02;4.427500e-02;9.567466e-02;8.137902e-02;7.294387e-02;1.046633e-01;1.173655e-01;5.148567e-02;9.144961e-02;7.729895e-02
7.947568e-02;8.572414e-02;9.656304e-02;3.367937e-02;1.033424e-01;4.604913e-02;7.807323e-02;1.012119e-01;8.954354e-02;9.002502e-02;8.067699e-02;1.156356e-01
8.351281e-02;7.117698e-02;1.281123e-01;3.681924e-02;8.141585e-02;8.794063e-02;5.402102e-02;1.188649e-01;4.025676e-02;5.509224e-02;1.323934e-01;1.103938e-01
6.944662e-02;8.739442e-02;1.083879e-01;5.378043e-02;5.313829e-02;8.893631e-02;1.296163e-01;9.377358e-02;6.544117e-02;2.838617e-02;1.545721e-01;6.712671e-02
4.410598e-02;1.053654e-01;8.315408e-02;6.995869e-02;8.056000e-02;6.109978e-02;1.527541e-01;1.090937e-01;5.979380e-02;3.914593e-02;1.577893e-01;3.717923e-02
4.725239e-02;8.796877e-02;8.775149e-02;6.343671e-02;1.006000e-01;6.285291e-02;1.197182e-01;1.464270e-01;4.204141e-02;2.452118e-02;1.542737e-01;6.315633e-02
5.556517e-02;5.616687e-02;1.005091e-01;8.225647e-02;7.360297e-02;7.619927e-02;7.264646e-02;2.036967e-01;7.918126e-02;2.885172e-02;8.908018e-02;8.224382e-02
7.067779e-02;3.818697e-02;8.107584e-02;1.237914e-01;4.888100e-02;6.499270e-02;7.773856e-02;2.093659e-01;1.533090e-01;3.123703e-02;3.502276e-02;6.572096e-02
7.095324e-02;3.750161e-02;1.137043e-01;1.561546e-01;5.152297e-02;4.677172e-02;6.136718e-02;1.562084e-01;1.926966e-01;4.138168e-02;2.533745e-02;4.640019e-02
5.606675e-02;5.369878e-02;1.500548e-01;1.567171e-01;6.141758e-02;5.464153e-02;5.668536e-02;1.322847e-01;1.805887e-01;4.005996e-02;1.876790e-02;3.901672e-02
4.370844e-02;7.269430e-02;1.367207e-01;1.412368e-01;5.929907e-02;8.993097e-02;5.938732e-02;1.572333e-01;1.454604e-01;3.396476e-02;1.877413e-02;4.158969e-02
5.431844e-02;8.276611e-02;1.033582e-01;1.268493e-01;7.131816e-02;1.033811e-01;4.944073e-02;1.844108e-01;1.155111e-01;2.351542e-02;2.836979e-02;5.676091e-02
8.855781e-02;7.731246e-02;6.538005e-02;9.840360e-02;6.820666e-02;4.701960e-02;7.588095e-02;1.981790e-01;1.439245e-01;2.883436e-02;3.172678e-02;7.657419e-02
8.716808e-02;4.239706e-02;8.006237e-02;1.171915e-01;7.328752e-02;5.661020e-02;9.417697e-02;1.907497e-01;1.500655e-01;4.010090e-02;2.159349e-02;4.659681e-02
3.036881e-02;7.130203e-02;1.253437e-01;1.046762e-01;4.921650e-02;6.172734e-02;1.213494e-01;1.432084e-01;1.152311e-01;3.457983e-02;1.147359e-01;2.826085e-02
9.267779e-02;5.954513e-02;6.742595e-02;6.067061e-02;2.965424e-02;7.788306e-02;1.082567e-01;1.431937e-01;8.607989e-02;4.854030e-02;1.783137e-01;4.775905e-02
7.830741e-02;8.296517e-02;1.257787e-01;5.360270e-02;4.489974e-02;6.889026e-02;9.498851e-02;9.607225e-02;9.704052e-02;4.447641e-02;1.606786e-01;5.229977e-02
3.558848e-02;1.205681e-01;1.723344e-01;4.485065e-02;7.737878e-02;8.307754e-02;7.012955e-02;6.817912e-02;8.119744e-02;4.244367e-02;1.421069e-01;6.214541e-02
1.317319e-02;9.540641e-02;1.837486e-01;5.999169e-02;5.832627e-02;1.595715e-01;6.893609e-02;4.525786e-02;6.118207e-02;4.460267e-02;1.467759e-01;6.302777e-02
1.130436e-02;5.664069e-02;1.620889e-01;8.182084e-02;1.837322e-02;2.015778e-01;1.812115e-01;2.931452e-02;3.462705e-02;2.367438e-02;1.378908e-01;6.147596e-02
1.757165e-02;3.826857e-02;1.062464e-01;7.484400e-02;2.638700e-02;1.831244e-01;3.231490e-01;1.704315e-02;2.025166e-02;1.247423e-02;9.378519e-02;8.685472e-02
2.364854e-02;3.830565e-02;5.113855e-02;6.004907e-02;2.702521e-02;1.142716e-01;4.475093e-01;5.043402e-02;1.811824e-02;2.035695e-02;3.991255e-02;1.092303e-01
2.334992e-02;3.971018e-02;1.770324e-02;9.026601e-02;1.792135e-02;4.514167e-02;5.288054e-01;7.455438e-02;2.448180e-02;1.912459e-02;8.879622e-03;1.100619e-01
2.844865e-02;2.873591e-02;1.217110e-02;9.445015e-02;1.433438e-02;2.373054e-02;4.982135e-01;1.356169e-01;2.725654e-02;2.181290e-02;1.509864e-02;1.001308e-01
3.726535e-02;3.165458e-02;3.608006e-02;7.688987e-02;2.586938e-02;3.041807e-02;3.994378e-01;1.895579e-01;1.815766e-02;4.436338e-02;2.016977e-02;9.013614e-02
4.197763e-02;6.873088e-02;6.059448e-02;7.846692e-02;3.615028e-02;7.376725e-02;2.899529e-01;1.636963e-01;3.948862e-02;5.473040e-02;2.573734e-02;6.670701e-02
4.055277e-02;1.342411e-01;8.498830e-02;9.007044e-02;5.770247e-02;8.066734e-02;1.887649e-01;9.151593e-02;7.534467e-02;7.271841e-02;2.803588e-02;5.539783e-02
5.886872e-02;1.536041e-01;1.383306e-01;5.742170e-02;4.515928e-02;6.464886e-02;1.034561e-01;1.201068e-01;8.870774e-02;8.590268e-02;2.991429e-02;5.387906e-02
9.179725e-02;1.138045e-01;1.378959e-01;3.307869e-02;3.391416e-02;4.706317e-02;1.040139e-01;1.963056e-01;7.094660e-02;7.997466e-02;3.807353e-02;5.313202e-02
9.000787e-02;5.176950e-02;1.010301e-01;7.409854e-02;3.205804e-02;4.494759e-02;1.487010e-01;2.146819e-01;5.303785e-02;4.975852e-02;4.699371e-02;9.291525e-02
3.753974e-02;5.201177e-02;6.323176e-02;1.110405e-01;2.047421e-02;8.439678e-02;2.506177e-01;1.221124e-01;2.715365e-02;3.451405e-02;6.177160e-02;1.351359e-01
3.423437e-02;4.849542e-02;8.910034e-02;8.468073e-02;2.248956e-02;1.333094e-01;2.488055e-01;7.643596e-02;2.923129e-02;3.752997e-02;7.913643e-02;1.165510e-01
3.966847e-02;6.127330e-02;1.111060e-01;3.943976e-02;5.146462e-02;1.523888e-01;2.205775e-01;5.093557e-02;4.477552e-02;5.274036e-02;9.575736e-02;7.987277e-02
6.204259e-02;1.018842e-01;7.129845e-02;5.039242e-02;5.050111e-02;7.227894e-02;2.714991e-01;6.701601e-02;7.971669e-02;6.718234e-02;5.701268e-02;4.917552e-02
8.427093e-02;9.710216e-02;5.496129e-02;4.564104e-02;4.881753e-02;4.744862e-02;3.151176e-01;8.400732e-02;7.767118e-02;5.835232e-02;2.181393e-02;6.479607e-02
4.059538e-02;9.838489e-02;1.001107e-01;4.424903e-02;6.650151e-02;6.160126e-02;1.895027e-01;8.835918e-02;6.962380e-02;8.344585e-02;8.668049e-02;7.094523e-02
5.484268e-02;7.755224e-02;1.669691e-01;7.951321e-02;3.888975e-02;9.196185e-02;1.529009e-01;5.522439e-02;3.669826e-02;4.856956e-02;7.530089e-02;1.215772e-01
6.201908e-02;5.816416e-02;1.416864e-01;1.326532e-01;1.918325e-02;6.198980e-02;2.173529e-01;4.677244e-02;1.689921e-02;2.082676e-02;3.484817e-02;1.876047e-01
6.379412e-02;7.844448e-02;7.454393e-02;1.461090e-01;8.371184e-03;3.198225e-02;2.501543e-01;6.124822e-02;1.752404e-02;1.367070e-02;2.862232e-02;2.255355e-01
5.748265e-02;9.351334e-02;4.872297e-02;1.133233e-01;8.800007e-03;4.603528e-02;2.284238e-01;8.032429e-02;2.181674e-02;1.531861e-02;6.648784e-02;2.197512e-01
6.527673e-02;1.042635e-01;5.801612e-02;6.453706e-02;2.014007e-02;6.096008e-02;1.841655e-01;8.458792e-02;3.686102e-02;2.812802e-02;9.334338e-02;1.997207e-01
5.009703e-02;1.047906e-01;1.084371e-01;6.431017e-02;3.297825e-02;9.906488e-02;1.064046e-01;8.822454e-02;7.207771e-02;5.651557e-02;9.539998e-02;1.216996e-01
6.247805e-02;4.552680e-02;8.568356e-02;1.068240e-01;1.232225e-02;5.608148e-02;2.431316e-01;2.000620e-01;6.127237e-02;4.261180e-02;2.400583e-02;6.000024e-02
5.143612e-02;4.820087e-02;1.017221e-01;5.673361e-02;1.517938e-02;3.013076e-02;3.682766e-01;1.799980e-01;4.880936e-02;3.096447e-02;3.695015e-02;3.159856e-02
4.814643e-02;7.810431e-02;1.299080e-01;4.141207e-02;1.472209e-02;5.793366e-02;4.150008e-01;7.909478e-02;5.331006e-02;2.441197e-02;3.004547e-02;2.791038e-02
3.387245e-02;5.470410e-02;1.043061e-01;7.432435e-02;1.670665e-02;6.720535e-02;4.020136e-01;8.957799e-02;2.638542e-02;4.692593e-02;3.728088e-02;4.669723e-02
3.525663e-02;4.706871e-02;1.333116e-01;4.831450e-02;1.598156e-02;1.010287e-01;2.471517e-01;1.381743e-01;4.235736e-02;5.301363e-02;6.753702e-02;7.080442e-02
4.912037e-02;6.058710e-02;1.335880e-01;8.076108e-02;4.141820e-02;8.588792e-02;1.571325e-01;1.386091e-01;5.563374e-02;5.946583e-02;8.880237e-02;4.899384e-02
1.128252e-01;1.609556e-01;1.171191e-01;6.358179e-02;5.589910e-02;6.417137e-02;1.088924e-01;9.616745e-02;3.920636e-02;4.783724e-02;6.854691e-02;6.479748e-02
1.761778e-01;1.822881e-01;8.005063e-02;4.615610e-02;4.998517e-02;4.634900e-02;1.117827e-01;1.176357e-01;3.193961e-02;3.877748e-02;3.629016e-02;8.256748e-02
2.090545e-01;1.686130e-01;5.779334e-02;5.116251e-02;5.531378e-02;2.590458e-02;1.418505e-01;1.320147e-01;1.722649e-02;2.493342e-02;2.066733e-02;9.546578e-02
1.542541e-01;1.123999e-01;3.969023e-02;9.025129e-02;9.539681e-02;3.313489e-02;1.971873e-01;1.351602e-01;1.150466e-02;1.839260e-02;1.246851e-02;1.001595e-01
6.259919e-02;6.036548e-02;2.303237e-02;1.403643e-01;1.188928e-01;7.709500e-02;2.531912e-01;1.101295e-01;1.801930e-02;1.508792e-02;1.172093e-02;1.095020e-01
2.536064e-02;5.097427e-02;2.514688e-02;1.709051e-01;6.747021e-02;9.597145e-02;2.893717e-01;8.540133e-02;2.031207e-02;1.378032e-02;1.636438e-02;1.389416e-01
3.096945e-02;4.821583e-02;3.730147e-02;1.499011e-01;2.625377e-02;9.490051e-02;3.233783e-01;8.017547e-02;3.277677e-02;9.653807e-03;3.315824e-02;1.333153e-01
3.178817e-02;4.760209e-02;5.927747e-02;8.329631e-02;2.934241e-02;1.052507e-01;2.801931e-01;1.103393e-01;7.083248e-02;3.322667e-02;5.368520e-02;9.516601e-02
5.593218e-02;5.417339e-02;6.715039e-02;4.779689e-02;3.600002e-02;1.512550e-01;2.116103e-01;1.180717e-01;7.513528e-02;5.355889e-02;7.881928e-02;5.049668e-02
6.930139e-02;7.329559e-02;8.034375e-02;6.154735e-02;3.347532e-02;1.493181e-01;1.583894e-01;9.979226e-02;1.040758e-01;2.809650e-02;7.334568e-02;6.901882e-02
5.418510e-02;5.961819e-02;8.526368e-02;6.525248e-02;3.853626e-02;1.451569e-01;1.807722e-01;9.095455e-02;8.770427e-02;1.519409e-02;6.707193e-02;1.102904e-01
4.503843e-02;3.799412e-02;1.249574e-01;3.651431e-02;5.561159e-02;2.036826e-01;1.685857e-01;8.015928e-02;6.585834e-02;1.358012e-02;7.387581e-02;9.414227e-02
4.457843e-02;5.570399e-02;1.686207e-01;4.773652e-02;7.350390e-02;2.111605e-01;9.961709e-02;7.237656e-02;7.071532e-02;2.272181e-02;8.191647e-02;5.134881e-02
5.433678e-02;6.166887e-02;1.955316e-01;5.160834e-02;5.130310e-02;1.525341e-01;1.125382e-01;8.716417e-02;7.835689e-02;2.814205e-02;7.838320e-02;4.843264e-02
6.800602e-02;4.659401e-02;2.404553e-01;5.287809e-02;2.995817e-02;6.901556e-02;1.321529e-01;9.314746e-02;5.400173e-02;3.115955e-02;1.087048e-01;7.392637e-02
8.168874e-02;4.753997e-02;2.432381e-01;5.280906e-02;3.078706e-02;6.938218e-02;1.398811e-01;3.943015e-02;5.153123e-02;3.415396e-02;1.477488e-01;6.180969e-02
8.217132e-02;6.746352e-02;2.088778e-01;5.762949e-02;3.909032e-02;1.382566e-01;9.283710e-02;5.401820e-02;4.517116e-02;4.706033e-02;1.185599e-01;4.886426e-02
4.944717e-02;1.152539e-01;1.753478e-01;7.486091e-02;7.267009e-02;2.196655e-01;7.619694e-02;3.750720e-02;2.763052e-02;5.328243e-02;5.760175e-02;4.053580e-02
3.032704e-02;9.387824e-02;1.176128e-01;5.751505e-02;7.770920e-02;3.226064e-01;1.042178e-01;5.007802e-02;2.572180e-02;4.470500e-02;4.764674e-02;2.798188e-02
1.907103e-02;8.993518e-02;4.163774e-02;4.036673e-02;9.637982e-02;3.640476e-01;1.025559e-01;1.052921e-01;2.306974e-02;5.311431e-02;4.712245e-02;1.740736e-02
1.683587e-02;1.171717e-01;2.168530e-02;4.940319e-02;1.258836e-01;2.577862e-01;7.139266e-02;1.855321e-01;1.884584e-02;7.769621e-02;3.589288e-02;2.187445e-02
2.566519e-02;1.267046e-01;2.740189e-02;6.775731e-02;1.413741e-01;1.304665e-01;2.508392e-02;2.479966e-01;4.641866e-02;1.036169e-01;2.363424e-02;3.388007e-02
4.558620e-02;1.077009e-01;5.763633e-02;8.646224e-02;1.119669e-01;7.245474e-02;2.180474e-02;2.360225e-01;8.383438e-02;1.005574e-01;2.417764e-02;5.179595e-02
7.091342e-02;6.377426e-02;8.026429e-02;9.444821e-02;7.350326e-02;5.711400e-02;7.286916e-02;2.058284e-01;1.087809e-01;6.271694e-02;3.931010e-02;7.047700e-02
7.094388e-02;7.439464e-02;7.244191e-02;5.734571e-02;6.893013e-02;8.228306e-02;1.496962e-01;2.136602e-01;5.411943e-02;4.110726e-02;4.190476e-02;7.317279e-02
6.080143e-02;8.111876e-02;9.989665e-02;3.829454e-02;6.972561e-02;9.582560e-02;1.263740e-01;1.710243e-01;5.522774e-02;5.915684e-02;4.056611e-02;1.019885e-01
2.774629e-02;6.283642e-02;9.747726e-02;7.344911e-02;9.016369e-02;1.419559e-01;1.035963e-01;8.994772e-02;6.358667e-02;5.441101e-02;6.553093e-02;1.292987e-01
5.460726e-02;7.540860e-02;8.953796e-02;9.141687e-02;6.463926e-02;1.703994e-01;1.499882e-01;6.744919e-02;6.770078e-02;4.082818e-02;5.211689e-02;7.590748e-02
7.696623e-02;5.344333e-02;9.857631e-02;4.493540e-02;3.669120e-02;1.477157e-01;1.735128e-01;5.864321e-02;7.247224e-02;3.211013e-02;1.521142e-01;5.281924e-02
8.007082e-02;2.435585e-02;1.248935e-01;2.576304e-02;2.550227e-02;2.049174e-01;1.436764e-01;3.366935e-02;6.614497e-02;1.841190e-02;2.104565e-01;4.213805e-02
8.174104e-02;7.463742e-03;1.273632e-01;1.798400e-02;3.102425e-02;2.796968e-01;9.976067e-02;3.855449e-02;5.832477e-02;1.153279e-02;2.247895e-01;2.176477e-02
6.901313e-02;3.168954e-02;1.120853e-01;3.479457e-02;8.045378e-02;3.071897e-01;4.226495e-02;6.843600e-02;4.573430e-02;2.780913e-02;1.675597e-01;1.296981e-02
4.423764e-02;6.213083e-02;8.408358e-02;7.096747e-02;1.265070e-01;2.872990e-01;5.475430e-02;9.569938e-02;4.440298e-02;2.431500e-02;8.210941e-02;2.349336e-02
2.880136e-02;7.371723e-02;5.921203e-02;9.309585e-02;1.076525e-01;2.607808e-01;6.997734e-02;1.122495e-01;6.670252e-02;2.216638e-02;6.585299e-02;3.979151e-02
2.492877e-02;9.489714e-02;3.574172e-02;9.276914e-02;7.046261e-02;1.908484e-01;8.816056e-02;9.308115e-02;1.014893e-01;7.136627e-02;6.599462e-02;7.026036e-02
3.655311e-02;1.248645e-01;3.061203e-02;5.654284e-02;1.208511e-01;1.300651e-01;8.679102e-02;8.088277e-02;9.493460e-02;1.004218e-01;4.462433e-02;9.285671e-02
4.736887e-02;1.065085e-01;4.134303e-02;6.068432e-02;1.476802e-01;1.201530e-01;3.857715e-02;7.797270e-02;1.248527e-01;1.082476e-01;4.322246e-02;8.338951e-02
2.939218e-02;5.761650e-02;7.426299e-02;7.366481e-02;1.074451e-01;1.471923e-01;7.159817e-02;9.383481e-02;1.585498e-01;8.904995e-02;4.242660e-02;5.496687e-02
5.833602e-02;6.677225e-02;7.814354e-02;6.816728e-02;8.610114e-02;1.626626e-01;9.887072e-02;7.458030e-02;1.521048e-01;6.461725e-02;3.461024e-02;5.503390e-02
5.501129e-02;7.952632e-02;9.203383e-02;8.180118e-02;5.755036e-02;1.417952e-01;8.108427e-02;1.141336e-01;1.784995e-01;5.015127e-02;2.718394e-02;4.122915e-02
5.203868e-02;5.813837e-02;6.845319e-02;1.122895e-01;5.840337e-02;1.239746e-01;5.808923e-02;1.812080e-01;2.161639e-01;4.198429e-02;1.241098e-02;1.684577e-02
5.623595e-02;3.393669e-02;5.590120e-02;1.128290e-01;3.791885e-02;1.349860e-01;6.772555e-02;2.144881e-01;2.076904e-01;2.850244e-02;2.933773e-02;2.044811e-02
6.221591e-02;1.995455e-02;7.081877e-02;9.410718e-02;6.724846e-02;1.353204e-01;7.675870e-02;1.947141e-01;1.788219e-01;2.049439e-02;5.566794e-02;2.387758e-02
6.524907e-02;4.732072e-02;6.348943e-02;7.516846e-02;4.464360e-02;1.500165e-01;6.874365e-02;1.831707e-01;1.705084e-01;3.286365e-02;5.874380e-02;4.008210e-02
4.884282e-02;7.167520e-02;7.777331e-02;4.986574e-02;5.667879e-02;1.499452e-01;6.471751e-02;1.968958e-01;1.533921e-01;5.004419e-02;4.028280e-02;3.988647e-02
6.076488e-02;4.235703e-02;1.242825e-01;4.854435e-02;6.354572e-02;1.409379e-01;6.267444e-02;1.871640e-01;1.260787e-01;3.621476e-02;4.871216e-02;5.872362e-02
7.975500e-02;5.665202e-02;1.420026e-01;6.512301e-02;5.727781e-02;1.021809e-01;1.069897e-01;1.194470e-01;7.169113e-02;3.979135e-02;8.831901e-02;7.077049e-02
8.500589e-02;7.859673e-02;1.378734e-01;4.768384e-02;5.727366e-02;8.406052e-02;9.626851e-02;1.324708e-01;6.135923e-02;6.062035e-02;1.002260e-01;5.856110e-02
5.458849e-02;1.020525e-01;1.309648e-01;4.412593e-02;6.789552e-02;1.290216e-01;8.543088e-02;1.483126e-01;4.126590e-02;4.903258e-02;1.112641e-01;3.604523e-02
3.227655e-02;8.973518e-02;1.024764e-01;4.114033e-02;7.922846e-02;1.875031e-01;9.439296e-02;1.391885e-01;6.524580e-02;4.031618e-02;1.043452e-01;2.415136e-02
4.980870e-02;5.740307e-02;6.806871e-02;4.656329e-02;9.578186e-02;1.746491e-01;1.080590e-01;1.484130e-01;7.535390e-02;3.029560e-02;9.960993e-02;4.599387e-02
3.847720e-02;7.318620e-02;9.799457e-02;4.982796e-02;6.233270e-02;1.133597e-01;8.613589e-02;1.889941e-01;1.128957e-01;3.762173e-02;8.752456e-02;5.164966e-02
5.165796e-02;7.774617e-02;1.534379e-01;3.579141e-02;4.872436e-02;6.779993e-02;6.150232e-02;1.880857e-01;1.797182e-01;4.666737e-02;5.189308e-02;3.697550e-02
5.110379e-02;9.160721e-02;1.268688e-01;9.508867e-02;6.611168e-02;7.757572e-02;6.890904e-02;1.343791e-01;1.757023e-01;4.692950e-02;2.864488e-02;3.707917e-02
4.127900e-02;6.472015e-02;7.473620e-02;1.258988e-01;9.648189e-02;1.281256e-01;6.932338e-02;1.114783e-01;1.504830e-01;5.195799e-02;4.266909e-02;4.284661e-02
3.617644e-02;4.483337e-02;7.056821e-02;9.042843e-02;1.392556e-01;1.560271e-01;8.682551e-02;9.112374e-02;1.146341e-01;5.182279e-02;5.170759e-02;6.659713e-02
2.815039e-02;3.431034e-02;6.268874e-02;4.551197e-02;1.692647e-01;1.358136e-01;1.060398e-01;1.080162e-01;1.077648e-01;4.782479e-02;6.309234e-02;9.152233e-02
3.055601e-02;5.391538e-02;7.360731e-02;6.004113e-02;1.558102e-01;8.636457e-02;1.183180e-01;1.183489e-01;9.646622e-02;3.979666e-02;6.205319e-02;1.047223e-01
3.989059e-02;8.521905e-02;6.876823e-02;8.460266e-02;1.206722e-01;5.368455e-02;1.675486e-01;9.318961e-02;5.230918e-02;4.641429e-02;5.201151e-02;1.356896e-01
4.566114e-02;1.004216e-01;4.360439e-02;1.108282e-01;8.974389e-02;9.220617e-02;2.188579e-01;5.727194e-02;4.227265e-02;3.835439e-02;3.118683e-02;1.295909e-01
4.281434e-02;8.122116e-02;2.062471e-02;1.697771e-01;7.025524e-02;8.140438e-02;2.402543e-01;6.136222e-02;3.231713e-02;5.000519e-02;2.169052e-02;1.282737e-01
6.146719e-02;8.428594e-02;2.474182e-02;2.047133e-01;6.512892e-02;8.558704e-02;1.923106e-01;7.855119e-02;2.898979e-02;4.762296e-02;1.541161e-02;1.111897e-01
7.620411e-02;5.966761e-02;2.313985e-02;1.749019e-01;7.447422e-02;1.263759e-01;1.570753e-01;1.192726e-01;3.948094e-02;4.160285e-02;1.528703e-02;9.251770e-02
8.492897e-02;7.389169e-02;3.356822e-02;1.599708e-01;6.166763e-02;1.535173e-01;1.420009e-01;1.335593e-01;5.441405e-02;3.027285e-02;8.136193e-03;6.407215e-02
7.256814e-02;1.039007e-01;4.496692e-02;1.938302e-01;3.711652e-02;1.337448e-01;1.191610e-01;1.324118e-01;4.776930e-02;2.809683e-02;1.423349e-02;7.220034e-02
5.201510e-02;1.282003e-01;5.066577e-02;1.884546e-01;3.168898e-02;1.117846e-01;1.479934e-01;1.163958e-01;3.757840e-02;2.638584e-02;2.189002e-02;8.694713e-02
4.876958e-02;1.926863e-01;7.203720e-02;1.494996e-01;3.437570e-02;8.539311e-02;1.527171e-01;9.054669e-02;3.695824e-02;2.391029e-02;2.091872e-02;9.218746e-02
5.115831e-02;2.529170e-01;6.353319e-02;1.184415e-01;4.387173e-02;4.750535e-02;1.477254e-01;6.905763e-02;5.108072e-02;3.352543e-02;2.591143e-02;9.527232e-02
5.759548e-02;1.317957e-01;5.005698e-02;1.557660e-01;6.189817e-02;7.844103e-02;1.052884e-01;1.356680e-01;7.640006e-02;4.620159e-02;3.117831e-02;6.971025e-02
5.661340e-02;8.931720e-02;5.088558e-02;1.485791e-01;5.694747e-02;1.361392e-01;1.609711e-01;1.302969e-01;4.810786e-02;4.292918e-02;2.808449e-02;5.112856e-02
5.448634e-02;1.018807e-01;3.827863e-02;1.141294e-01;5.754349e-02;2.092699e-01;1.497111e-01;8.385007e-02;3.972080e-02;5.056860e-02;6.028910e-02;4.027196e-02
6.651454e-02;8.798111e-02;4.250009e-02;6.875154e-02;5.013843e-02;2.382820e-01;1.322765e-01;5.323099e-02;5.965344e-02;7.452556e-02;8.600517e-02;4.014059e-02
7.605671e-02;1.111762e-01;5.536132e-02;4.470198e-02;4.356267e-02;1.511743e-01;1.205421e-01;9.493830e-02;7.533474e-02;8.431487e-02;7.739701e-02;6.543980e-02
6.503587e-02;1.078376e-01;6.432125e-02;4.514575e-02;3.784934e-02;1.197917e-01;1.321996e-01;1.102594e-01;8.466009e-02;8.275152e-02;7.221709e-02;7.793078e-02
4.763104e-02;1.200473e-01;9.980370e-02;4.635866e-02;5.284926e-02;1.190407e-01;8.879878e-02;1.022291e-01;9.950541e-02;8.974697e-02;6.528453e-02;6.870446e-02
4.231277e-02;1.421328e-01;8.488218e-02;3.272849e-02;6.495122e-02;1.056734e-01;7.135932e-02;9.737198e-02;1.336084e-01;6.671625e-02;8.743168e-02;7.083146e-02
1.955982e-02;1.244849e-01;4.999807e-02;4.098354e-02;6.970195e-02;1.339470e-01;8.410711e-02;1.319527e-01;1.504053e-01;5.628676e-02;7.234899e-02;6.622385e-02
3.193662e-02;8.513799e-02;7.364721e-02;6.454782e-02;6.297303e-02;1.368953e-01;1.133789e-01;1.187693e-01;1.432326e-01;5.215516e-02;7.111872e-02;4.620749e-02
3.021573e-02;7.263624e-02;8.014634e-02;6.595555e-02;5.344971e-02;1.234167e-01;1.507373e-01;9.562542e-02;1.320517e-01;5.959729e-02;7.536828e-02;6.079981e-02
5.026819e-02;4.155262e-02;9.510492e-02;5.809340e-02;5.514812e-02;1.050858e-01;1.042394e-01;1.231504e-01;1.778494e-01;6.277906e-02;5.460919e-02;7.211947e-02
5.733824e-02;8.514683e-02;7.705107e-02;7.769398e-02;7.058178e-02;1.091699e-01;1.055905e-01;1.063377e-01;1.698340e-01;4.774897e-02;3.139665e-02;6.211042e-02
6.075196e-02;1.127277e-01;5.160259e-02;7.872367e-02;5.957984e-02;1.410199e-01;1.195767e-01;1.045613e-01;1.276383e-01;5.597391e-02;4.902126e-02;3.882295e-02
4.471841e-02;1.010406e-01;4.382726e-02;5.586520e-02;6.027116e-02;1.964041e-01;1.392456e-01;1.041696e-01;1.055546e-01;5.787496e-02;4.931150e-02;4.171692e-02
5.732895e-02;9.081805e-02;5.582509e-02;1.013158e-01;5.331841e-02;2.349366e-01;8.586834e-02;8.748460e-02;7.219642e-02;6.429879e-02;4.210700e-02;5.450200e-02
7.283202e-02;9.213171e-02;7.232612e-02;9.024269e-02;7.891963e-02;2.086000e-01;9.433063e-02;6.020699e-02;6.524328e-02;5.977276e-02;4.274534e-02;6.264887e-02
8.946406e-02;6.251711e-02;8.225402e-02;4.394910e-02;6.596705e-02;1.666702e-01;1.312757e-01;8.380079e-02;8.263887e-02;6.786127e-02;3.768297e-02;8.591893e-02
9.779572e-02;6.722993e-02;1.261814e-01;6.303817e-02;3.540077e-02;1.622277e-01;1.076712e-01;1.060632e-01;7.605711e-02;5.543161e-02;1.800811e-02;8.489510e-02
8.320046e-02;8.731871e-02;1.409510e-01;8.387994e-02;3.898145e-02;1.576120e-01;8.875696e-02;1.127508e-01;7.835554e-02;5.338566e-02;6.097746e-03;6.870969e-02
6.441487e-02;1.303214e-01;1.180899e-01;7.440361e-02;3.791166e-02;7.373138e-02;1.564816e-01;1.235041e-01;5.675651e-02;6.747132e-02;3.704578e-02;5.986786e-02
4.976591e-02;1.085999e-01;8.003793e-02;8.091847e-02;2.941072e-02;6.107817e-02;2.200023e-01;1.293500e-01;2.888600e-02;6.643955e-02;3.229262e-02;1.132184e-01
3.740456e-02;7.875892e-02;4.606469e-02;8.441918e-02;1.856039e-02;5.053648e-02;3.222229e-01;1.217470e-01;1.493560e-02;5.679509e-02;1.678233e-02;1.517729e-01
2.235325e-02;3.961108e-02;1.931530e-02;7.315119e-02;1.651842e-02;6.158733e-02;4.411559e-01;9.434684e-02;1.257042e-02;3.506674e-02;1.990143e-02;1.644221e-01
1.634657e-02;1.169138e-02;2.520699e-02;4.314023e-02;2.668758e-02;1.080144e-01;4.960201e-01;5.859716e-02;3.075504e-02;1.242488e-02;2.366037e-02;1.474553e-01
1.967754e-02;1.119154e-02;5.527410e-02;1.190115e-02;3.410598e-02;2.358863e-01;3.775089e-01;3.589464e-02;5.435903e-02;7.985409e-03;5.553142e-02;1.006839e-01
1.797614e-02;2.249953e-02;9.176931e-02;1.062535e-02;4.656398e-02;3.829619e-01;2.112077e-01;1.712276e-02;5.983837e-02;9.346794e-03;8.757896e-02;4.250925e-02
2.639290e-02;2.331230e-02;1.126290e-01;1.321048e-02;6.690499e-02;4.709937e-01;8.330745e-02;1.868264e-02;6.252172e-02;1.687816e-02;8.055684e-02;2.460978e-02
2.312102e-02;2.631560e-02;1.485330e-01;2.423004e-02;6.516685e-02;4.561033e-01;8.341157e-02;1.956271e-02;6.333263e-02;2.682190e-02;4.297607e-02;2.042535e-02
1.877680e-02;2.387651e-02;1.961706e-01;2.412153e-02;6.063186e-02;4.158951e-01;6.077041e-02;1.665835e-02;5.612226e-02;2.947144e-02;7.478516e-02;2.271996e-02
3.543421e-02;1.468901e-02;1.786371e-01;2.722984e-02;7.765226e-02;3.665763e-01;6.193032e-02;3.125642e-02;6.051183e-02;3.001117e-02;8.611161e-02;2.995989e-02
4.390415e-02;1.854257e-02;1.314737e-01;2.034560e-02;4.073146e-02;4.016202e-01;7.572999e-02;3.491966e-02;6.763762e-02;3.879837e-02;8.277005e-02;4.352671e-02
3.773388e-02;2.397151e-02;8.300589e-02;2.713505e-02;7.332730e-02;4.071949e-01;8.378466e-02;4.186923e-02;6.431780e-02;5.041667e-02;6.275140e-02;4.449171e-02
2.728810e-02;4.434825e-02;8.479888e-02;3.115329e-02;9.810622e-02;2.438489e-01;1.698072e-01;5.622155e-02;9.065624e-02;4.917232e-02;4.936125e-02;5.523778e-02
2.340235e-02;6.889269e-02;5.656761e-02;5.695538e-02;1.027754e-01;1.289497e-01;2.454731e-01;6.580565e-02;8.587653e-02;2.861065e-02;4.582945e-02;9.086147e-02
2.837626e-02;5.429490e-02;3.400922e-02;4.405509e-02;1.152711e-01;2.073200e-01;2.267166e-01;6.796174e-02;7.484834e-02;1.858884e-02;2.943552e-02;9.912235e-02
2.237543e-02;3.468732e-02;5.566701e-02;2.335159e-02;1.890267e-01;2.236172e-01;1.433102e-01;8.972747e-02;6.584670e-02;3.175022e-02;2.339286e-02;9.724733e-02
2.329275e-02;2.417647e-02;3.887036e-02;2.873734e-02;2.411819e-01;2.270874e-01;8.693723e-02;8.023800e-02;8.642946e-02;3.157724e-02;4.915800e-02;8.231381e-02
1.385885e-02;2.488125e-02;7.170645e-02;2.251876e-02;1.951377e-01;2.497063e-01;9.910628e-02;5.147355e-02;1.091631e-01;3.806265e-02;5.709530e-02;6.728986e-02
2.558372e-02;1.945909e-02;1.326334e-01;4.811876e-02;1.267326e-01;2.441541e-01;9.569923e-02;4.038141e-02;1.112709e-01;4.411549e-02;5.762866e-02;5.422271e-02
3.566677e-02;2.933842e-02;1.688361e-01;8.845234e-02;5.390267e-02;2.646905e-01;4.645753e-02;4.111737e-02;1.086052e-01;4.035374e-02;5.726496e-02;6.531441e-02
5.159033e-02;4.981770e-02;1.460937e-01;7.985235e-02;7.074907e-02;2.352940e-01;7.448561e-02;5.035629e-02;9.136595e-02;2.615251e-02;5.677160e-02;6.747089e-02
7.286073e-02;8.053084e-02;1.327116e-01;6.150300e-02;9.538457e-02;1.983253e-01;7.679657e-02;5.858281e-02;7.474186e-02;2.114386e-02;6.117284e-02;6.624601e-02
6.532936e-02;6.743594e-02;9.244561e-02;4.179646e-02;1.133873e-01;1.597873e-01;2.002675e-01;6.890862e-02;6.067907e-02;2.273220e-02;4.873184e-02;5.849876e-02
2.868020e-02;3.180631e-02;4.474468e-02;2.653183e-02;6.295718e-02;2.359126e-01;3.262989e-01;8.225793e-02;6.006547e-02;2.011023e-02;3.308781e-02;4.754690e-02
1.677257e-02;2.320011e-02;6.683905e-02;3.486742e-02;4.482991e-02;2.709813e-01;3.099498e-01;4.959507e-02;6.100054e-02;1.561964e-02;3.337324e-02;7.297135e-02
3.384370e-02;3.446062e-02;1.189660e-01;3.590820e-02;5.171853e-02;2.403966e-01;2.575842e-01;3.515444e-02;5.527737e-02;1.294170e-02;3.350372e-02;9.024493e-02
4.189112e-02;3.198835e-02;1.284755e-01;3.772552e-02;6.728695e-02;2.444835e-01;1.928097e-01;3.618147e-02;5.072876e-02;3.258187e-02;5.795401e-02;7.789333e-02
2.355689e-02;4.976042e-02;1.032876e-01;4.577311e-02;5.871287e-02;2.384476e-01;1.453926e-01;5.817711e-02;7.135826e-02;5.191543e-02;6.635253e-02;8.726557e-02
2.609421e-02;6.342877e-02;8.088776e-02;8.069891e-02;5.611879e-02;1.920390e-01;1.447637e-01;6.419574e-02;8.152821e-02;6.314496e-02;7.002064e-02;7.707930e-02
3.015035e-02;1.004984e-01;6.401441e-02;8.956923e-02;1.045069e-01;1.863097e-01;6.523085e-02;6.549994e-02;8.024190e-02;9.092195e-02;6.691507e-02;5.614124e-02
2.752683e-02;9.584107e-02;6.478418e-02;6.052538e-02;1.418050e-01;1.714955e-01;4.939315e-02;6.321623e-02;6.256016e-02;1.258294e-01;5.663882e-02;8.038437e-02
3.751873e-02;8.227210e-02;5.677429e-02;6.968702e-02;1.796984e-01;1.228990e-01;4.667917e-02;5.729656e-02;5.773217e-02;1.472287e-01;4.457451e-02;9.763929e-02
5.261497e-02;6.614932e-02;5.569700e-02;1.112788e-01;2.067334e-01;6.662867e-02;4.877314e-02;5.211603e-02;6.789776e-02;1.304891e-01;2.375667e-02;1.178651e-01
5.867669e-02;6.283364e-02;7.795125e-02;1.629718e-01;1.795855e-01;4.742710e-02;5.858814e-02;5.108729e-02;8.673339e-02;7.780833e-02;2.115591e-02;1.151809e-01
7.184580e-02;6.371140e-02;1.064359e-01;1.756259e-01;1.284310e-01;4.596452e-02;8.259101e-02;7.352594e-02;9.309029e-02;3.961245e-02;3.070045e-02;8.846540e-02
7.288188e-02;6.006492e-02;1.154446e-01;1.306338e-01;7.338606e-02;1.386390e-01;1.452474e-01;7.824062e-02;7.728342e-02;3.395056e-02;3.138418e-02;4.284354e-02
6.626478e-02;4.100784e-02;9.733400e-02;8.071054e-02;2.962619e-02;1.862913e-01;2.473477e-01;5.972168e-02;6.483857e-02;5.667926e-02;1.923135e-02;5.094676e-02
4.895145e-02;5.355826e-02;7.924264e-02;9.796797e-02;6.741641e-02;1.260958e-01;2.400934e-01;5.154319e-02;4.975842e-02;6.859471e-02;3.668875e-02;8.008894e-02
3.828389e-02;8.116805e-02;8.650851e-02;1.077604e-01;8.646013e-02;1.567005e-01;1.234244e-01;6.963117e-02;6.593947e-02;8.624987e-02;2.242394e-02;7.544970e-02
4.040629e-02;1.154210e-01;9.905127e-02;7.336585e-02;5.658907e-02;1.266638e-01;1.150850e-01;6.828251e-02;8.173524e-02;7.039485e-02;6.244461e-02;9.056043e-02
6.906071e-02;1.287795e-01;7.829085e-02;6.271435e-02;8.156559e-02;1.059250e-01;9.700760e-02;4.464847e-02;6.571720e-02;1.116483e-01;8.528792e-02;6.935459e-02
8.463059e-02;9.555800e-02;4.791758e-02;6.749792e-02;1.016489e-01;1.129965e-01;7.900738e-02;5.524325e-02;9.243684e-02;1.215101e-01;7.627285e-02;6.528012e-02
1.072784e-01;6.974708e-02;3.880048e-02;1.029645e-01;9.969641e-02;9.489913e-02;6.536267e-02;5.302816e-02;1.455845e-01;9.694647e-02;7.123133e-02;5.446086e-02
1.033567e-01;5.338578e-02;5.944947e-02;1.475702e-01;6.659807e-02;8.488485e-02;6.593001e-02;6.412635e-02;1.935973e-01;4.996862e-02;6.691526e-02;4.421731e-02
6.303105e-02;7.157844e-02;1.102983e-01;1.482351e-01;2.979781e-02;9.408558e-02;5.726276e-02;1.286587e-01;1.753143e-01;2.817038e-02;4.837180e-02;4.519578e-02
3.346427e-02;1.072223e-01;1.404395e-01;1.078983e-01;4.751591e-02;9.588737e-02;7.036467e-02;1.706652e-01;1.115029e-01;2.885710e-02;3.163321e-02;5.454915e-02
6.513219e-02;8.497936e-02;1.116041e-01;7.452452e-02;5.089521e-02;9.959503e-02;9.256569e-02;1.900684e-01;1.264681e-01;2.177775e-02;2.775228e-02;5.463736e-02
6.180524e-02;3.601101e-02;5.683890e-02;1.357624e-01;9.367049e-02;8.909192e-02;4.882837e-02;2.002995e-01;1.699830e-01;3.034908e-02;5.904839e-02;1.831175e-02
6.589983e-02;2.662653e-02;5.299429e-02;1.422668e-01;1.195059e-01;6.511825e-02;3.765173e-02;1.971907e-01;1.626969e-01;3.990275e-02;6.880376e-02;2.134253e-02
5.171670e-02;3.990799e-02;5.720227e-02;9.113735e-02;1.341467e-01;9.972680e-02;4.066417e-02;1.933382e-01;1.575937e-01;3.714485e-02;5.662124e-02;4.079991e-02
4.626660e-02;6.854773e-02;6.348737e-02;3.896930e-02;1.041688e-01;1.594802e-01;5.028693e-02;1.957930e-01;1.298608e-01;4.092778e-02;4.354014e-02;5.867139e-02
3.658184e-02;9.302255e-02;1.060953e-01;5.026678e-02;4.690973e-02;1.565722e-01;6.960698e-02;1.903570e-01;1.115924e-01;5.111298e-02;2.586012e-02;6.202208e-02
2.265848e-02;8.275742e-02;1.298436e-01;4.502358e-02;3.940775e-02;1.492787e-01;6.553912e-02;2.302822e-01;9.891392e-02;6.075308e-02;2.101041e-02;5.453178e-02
2.850694e-02;6.488273e-02;1.364579e-01;4.742782e-02;3.183850e-02;1.246387e-01;3.649043e-02;2.871218e-01;8.989746e-02;6.940903e-02;2.981910e-02;5.350959e-02
3.465878e-02;6.188626e-02;1.236073e-01;6.807325e-02;3.622089e-02;1.029929e-01;4.525789e-02;3.207758e-01;7.546297e-02;5.851980e-02;2.892194e-02;4.362223e-02
2.964284e-02;4.187976e-02;1.274570e-01;7.846389e-02;4.543323e-02;1.037569e-01;5.415302e-02;3.560683e-01;7.094675e-02;4.278469e-02;1.152762e-02;3.788612e-02
1.956960e-02;4.339939e-02;1.172541e-01;7.546320e-02;5.110568e-02;1.052163e-01;5.387443e-02;3.418187e-01;8.890634e-02;2.924057e-02;3.384196e-02;4.030980e-02
2.336004e-02;6.174433e-02;1.034412e-01;8.709073e-02;8.163883e-02;1.099506e-01;7.326601e-02;2.871478e-01;7.472432e-02;1.488561e-02;4.613969e-02;3.661093e-02
3.096833e-02;7.306126e-02;7.412218e-02;8.873796e-02;1.181476e-01;1.094986e-01;9.969809e-02;2.472277e-01;6.039450e-02;2.073933e-02;5.852289e-02;1.888161e-02
3.322786e-02;9.269562e-02;8.823617e-02;5.157818e-02;1.306043e-01;1.083857e-01;1.251443e-01;1.854662e-01;5.490587e-02;1.194203e-02;8.207771e-02;3.573608e-02
3.564908e-02;1.548443e-01;1.445959e-01;2.588820e-02;9.771600e-02;9.447614e-02;1.394874e-01;1.373189e-01;3.998940e-02;1.494127e-02;9.966144e-02;1.543197e-02
3.089914e-02;1.914349e-01;1.744286e-01;2.677812e-02;4.893889e-02;1.287118e-01;1.478958e-01;1.077181e-01;3.578366e-02;2.220939e-02;7.410399e-02;1.109772e-02
3.395434e-02;1.942458e-01;1.726109e-01;4.366831e-02;3.178782e-02;1.308905e-01;1.587638e-01;9.328748e-02;4.034497e-02;3.364110e-02;5.113168e-02;1.567322e-02
5.487864e-02;1.661134e-01;1.344445e-01;5.563221e-02;3.772094e-02;1.234984e-01;1.835458e-01;8.746035e-02;4.524900e-02;4.227704e-02;4.281811e-02;2.636151e-02
1.036301e-01;1.046087e-01;6.903408e-02;7.654181e-02;5.336514e-02;1.826219e-01;1.733715e-01;5.954855e-02;3.430200e-02;7.547740e-02;4.238734e-02;2.511141e-02
1.400905e-01;6.342571e-02;3.415204e-02;6.611051e-02;5.928141e-02;2.552983e-01;1.099745e-01;7.568065e-02;3.225994e-02;1.134327e-01;3.188445e-02;1.840920e-02
1.406083e-01;6.211575e-02;3.606420e-02;4.539509e-02;5.123306e-02;2.900446e-01;7.249497e-02;7.686859e-02;4.054621e-02;1.210134e-01;3.315215e-02;3.046376e-02
1.052655e-01;7.061086e-02;4.961867e-02;2.819280e-02;5.457019e-02;2.975055e-01;5.532186e-02;6.212455e-02;5.801295e-02;1.180291e-01;6.417975e-02;3.656833e-02
7.505964e-02;7.795686e-02;4.500291e-02;3.898924e-02;4.715033e-02;2.972015e-01;4.144460e-02;5.056550e-02;7.348669e-02;1.218682e-01;8.519512e-02;4.607946e-02
6.759211e-02;6.507360e-02;8.627152e-02;3.794154e-02;5.548443e-02;2.501157e-01;5.337895e-02;4.431915e-02;1.173087e-01;8.667468e-02;8.580730e-02;5.003234e-02
2.607207e-02;4.680280e-02;1.303036e-01;3.917411e-02;1.092299e-01;1.810128e-01;6.825094e-02;2.321935e-02;1.666539e-01;4.564720e-02;8.500121e-02;7.863200e-02
4.421720e-02;3.103706e-02;1.388685e-01;3.293002e-02;1.279112e-01;1.013374e-01;7.948858e-02;2.846379e-02;1.774307e-01;5.597753e-02;6.332645e-02;1.190116e-01
3.952693e-02;1.951894e-02;1.324147e-01;2.692514e-02;1.368961e-01;9.669714e-02;7.711521e-02;3.513366e-02;1.837768e-01;4.645760e-02;5.421259e-02;1.513253e-01
1.640954e-02;1.649692e-02;1.188022e-01;3.999023e-02;1.446649e-01;1.096304e-01;7.335147e-02;4.521147e-02;1.895606e-01;3.032313e-02;6.157533e-02;1.539838e-01
1.392364e-02;2.877847e-02;1.113676e-01;2.991019e-02;1.632620e-01;1.454041e-01;6.995168e-02;5.218221e-02;1.741933e-01;1.849001e-02;5.202482e-02;1.405121e-01
3.690296e-02;3.339325e-02;9.931037e-02;6.469698e-02;1.611568e-01;1.428524e-01;4.746493e-02;6.855398e-02;1.472060e-01;5.152334e-02;4.129525e-02;1.056437e-01
6.324804e-02;3.208097e-02;1.043821e-01;1.061704e-01;1.367028e-01;1.391931e-01;3.346896e-02;5.462234e-02;1.289030e-01;5.496867e-02;5.845209e-02;8.780757e-02
7.203251e-02;3.016051e-02;1.164143e-01;1.055612e-01;1.019509e-01;1.288316e-01;4.610935e-02;4.858602e-02;1.316375e-01;6.330350e-02;6.859285e-02;8.681983e-02
6.017612e-02;4.798302e-02;1.621416e-01;5.200582e-02;5.952137e-02;1.611418e-01;5.441839e-02;5.731038e-02;1.249252e-01;9.106021e-02;5.059012e-02;7.872596e-02
5.071359e-02;9.375791e-02;1.454704e-01;3.760297e-02;5.201585e-02;1.639882e-01;3.745370e-02;7.178815e-02;1.456006e-01;8.134047e-02;3.772946e-02;8.253880e-02
