6.290742e-02;3.703829e-02;4.244183e-01;3.098762e-02;2.606316e-02;3.503510e-02;2.307235e-01;1.289431e-02;1.354296e-02;5.345806e-02;4.538752e-02;2.754381e-02
5.801535e-02;3.790776e-02;2.707551e-01;2.547581e-02;4.493346e-02;4.377398e-02;2.035166e-01;1.113205e-02;3.174825e-02;1.164177e-01;1.198280e-01;3.649594e-02
4.150934e-02;1.016452e-01;1.031648e-01;2.432114e-02;6.239928e-02;3.991343e-02;8.441832e-02;2.586815e-02;5.526248e-02;2.492372e-01;1.730497e-01;3.921093e-02
6.898043e-02;1.259064e-01;7.924861e-02;4.168614e-02;5.107271e-02;2.875664e-02;1.218543e-01;2.917359e-02;5.661837e-02;2.457952e-01;1.220815e-01;2.882616e-02
7.043638e-02;1.165210e-01;8.385861e-02;4.704250e-02;5.683269e-02;3.906871e-02;1.629089e-01;1.781717e-02;4.262522e-02;2.219196e-01;1.083266e-01;3.264252e-02
7.123256e-02;8.462463e-02;9.227014e-02;4.248507e-02;7.165527e-02;3.806476e-02;1.309825e-01;3.487649e-02;5.707944e-02;2.456376e-01;1.044909e-01;2.660070e-02
6.847379e-02;3.787779e-02;5.913236e-02;3.553003e-02;8.961132e-02;4.422068e-02;5.961530e-02;4.500787e-02;8.000901e-02;3.235453e-01;1.257041e-01;3.127242e-02
6.823877e-02;4.580272e-02;6.935139e-02;6.110861e-02;6.528962e-02;5.673625e-02;6.789047e-02;4.894165e-02;8.595656e-02;2.701608e-01;1.254953e-01;3.502787e-02
6.036589e-02;5.788860e-02;1.052470e-01;7.709125e-02;4.405455e-02;5.097339e-02;1.926394e-01;5.443748e-02;7.500726e-02;1.769012e-01;7.971375e-02;2.568022e-02
3.802630e-02;7.560499e-02;1.566722e-01;6.366807e-02;6.153572e-02;4.479056e-02;2.690101e-01;4.511153e-02;4.387318e-02;1.164373e-01;5.915626e-02;2.611387e-02
2.501266e-02;1.054565e-01;1.155080e-01;3.427834e-02;8.010477e-02;4.264995e-02;3.261566e-01;4.109007e-02;3.663482e-02;9.336420e-02;7.318129e-02;2.656277e-02
3.141705e-02;1.126794e-01;5.494084e-02;3.671854e-02;8.050837e-02;4.507717e-02;3.643383e-01;2.352870e-02;4.984032e-02;9.645677e-02;8.349472e-02;2.099981e-02
3.759566e-02;9.389049e-02;7.912903e-02;2.425260e-02;9.538240e-02;3.680915e-02;3.514710e-01;5.355323e-02;6.640626e-02;7.410321e-02;5.875218e-02;2.865479e-02
5.292131e-02;5.896461e-02;1.508408e-01;4.194530e-02;8.293272e-02;5.408114e-02;2.786356e-01;7.419962e-02;6.397681e-02;6.221583e-02;3.863812e-02;4.064810e-02
4.123950e-02;2.859028e-02;1.947373e-01;8.749124e-02;4.280744e-02;1.049982e-01;1.962272e-01;8.013128e-02;7.566744e-02;7.397220e-02;3.478104e-02;3.935695e-02
4.706601e-02;2.820107e-02;1.327553e-01;1.172803e-01;5.985368e-02;7.393683e-02;1.572350e-01;8.001278e-02;1.114333e-01;1.098059e-01;5.375542e-02;2.866436e-02
4.274083e-02;2.670346e-02;7.278445e-02;9.245566e-02;1.337828e-01;5.036848e-02;1.099983e-01;7.021648e-02;1.075268e-01;1.821718e-01;8.211293e-02;2.913806e-02
4.015535e-02;5.049685e-02;4.833993e-02;3.794465e-02;1.988705e-01;4.962990e-02;4.583099e-02;6.650417e-02;6.482794e-02;2.421969e-01;1.175058e-01;3.769703e-02
1.770035e-02;5.829664e-02;2.504493e-02;2.722785e-02;2.131340e-01;4.285364e-02;2.830459e-02;9.379603e-02;4.463478e-02;2.670322e-01;1.375096e-01;4.446543e-02
2.778491e-02;4.022221e-02;3.120291e-02;7.753508e-02;1.757895e-01;4.116703e-02;4.510878e-02;8.590099e-02;7.560863e-02;2.538041e-01;1.065719e-01;3.930403e-02
4.074203e-02;2.416981e-02;9.769210e-02;1.520825e-01;9.364221e-02;3.472562e-02;1.087129e-01;6.126479e-02;1.190262e-01;1.825692e-01;5.316621e-02;3.220637e-02
4.008749e-02;4.646410e-02;1.685039e-01;1.480918e-01;5.378814e-02;4.280030e-02;1.592044e-01;6.713875e-02;1.079899e-01;1.094395e-01;3.176575e-02;2.472597e-02
3.254647e-02;5.952262e-02;2.199960e-01;1.127086e-01;6.092630e-02;5.608658e-02;1.498927e-01;6.951716e-02;7.360598e-02;1.073028e-01;3.593603e-02;2.195879e-02
3.784942e-02;5.353247e-02;2.349003e-01;9.050406e-02;9.222834e-02;5.544757e-02;7.946322e-02;6.952409e-02;3.877025e-02;1.583340e-01;6.014101e-02;2.930530e-02
3.442370e-02;6.935684e-02;1.488804e-01;9.956701e-02;6.945796e-02;5.047552e-02;1.100900e-01;6.385878e-02;5.059189e-02;2.014269e-01;7.869014e-02;2.318085e-02
4.137306e-02;8.148404e-02;1.139366e-01;9.895972e-02;8.559375e-02;5.339906e-02;1.071878e-01;6.196354e-02;7.537337e-02;2.004984e-01;6.351054e-02;1.672013e-02
6.337150e-02;7.746514e-02;7.867770e-02;9.548435e-02;1.181046e-01;5.245073e-02;1.313717e-01;6.211368e-02;7.839037e-02;1.705268e-01;5.479446e-02;1.724890e-02
5.949299e-02;7.508072e-02;1.238477e-01;9.714373e-02;1.391327e-01;3.935761e-02;1.196153e-01;7.708459e-02;7.367140e-02;1.275773e-01;4.772733e-02;2.026856e-02
5.957843e-02;4.508509e-02;1.507184e-01;7.864181e-02;1.282444e-01;3.824673e-02;1.756042e-01;9.776354e-02;6.730729e-02;9.171543e-02;4.336005e-02;2.373465e-02
4.772740e-02;3.250358e-02;1.625499e-01;7.184312e-02;1.023921e-01;4.221055e-02;2.809592e-01;8.660585e-02;3.937444e-02;8.212748e-02;2.666932e-02;2.503692e-02
1.318383e-01;7.182591e-02;1.194574e-01;3.376942e-02;4.657375e-02;6.361595e-02;1.320211e-01;5.253793e-02;8.385162e-02;1.014469e-01;1.151932e-01;4.786845e-02
1.400711e-01;8.594414e-02;1.229989e-01;4.187020e-02;5.544420e-02;5.647421e-02;8.900158e-02;3.731681e-02;6.631144e-02;1.200247e-01;1.297427e-01;5.479997e-02
1.261852e-01;8.496519e-02;1.018434e-01;4.704344e-02;7.794362e-02;5.126853e-02;7.177549e-02;3.084498e-02;4.579367e-02;1.646394e-01;1.174052e-01;8.029190e-02
9.374129e-02;5.950422e-02;8.559219e-02;5.785514e-02;8.639982e-02;7.449385e-02;5.735939e-02;3.381935e-02;4.983765e-02;1.911751e-01;8.742341e-02;1.227986e-01
1.673569e-01;2.425826e-02;8.042216e-02;1.029463e-01;5.693329e-02;6.516960e-02;6.456797e-02;5.787830e-02;8.660223e-02;1.411034e-01;6.284589e-02;8.991573e-02
2.821690e-01;1.222829e-02;5.509039e-02;1.451598e-01;3.426789e-02;2.570412e-02;4.644392e-02;9.292295e-02;1.182887e-01;9.794226e-02;5.500587e-02;3.477687e-02
2.709558e-01;9.740474e-03;4.640574e-02;1.691297e-01;3.492535e-02;7.915307e-03;4.557240e-02;1.081084e-01;1.376222e-01;8.095496e-02;7.546001e-02;1.320961e-02
1.988249e-01;1.917611e-02;8.777332e-02;1.711489e-01;4.064754e-02;8.747675e-03;4.221909e-02;9.674428e-02;1.397794e-01;7.150059e-02;1.013636e-01;2.207471e-02
1.408301e-01;3.858365e-02;1.478160e-01;1.305483e-01;4.438089e-02;1.768536e-02;6.644447e-02;7.170795e-02;1.100540e-01;7.043859e-02;1.082161e-01;5.329457e-02
1.293398e-01;5.399758e-02;1.748579e-01;8.986612e-02;4.525669e-02;2.901929e-02;6.859604e-02;6.788675e-02;7.308652e-02;7.416315e-02;1.159613e-01;7.796891e-02
1.324632e-01;4.034183e-02;1.882990e-01;6.236973e-02;5.302013e-02;3.813839e-02;6.555313e-02;9.620251e-02;5.403935e-02;7.955866e-02;1.148370e-01;7.517704e-02
1.274175e-01;5.066304e-02;1.611995e-01;4.100712e-02;6.616913e-02;2.980323e-02;1.010244e-01;1.289452e-01;7.793736e-02;1.003517e-01;7.721260e-02;3.826924e-02
8.382408e-02;6.806145e-02;1.213118e-01;4.922855e-02;6.091665e-02;5.124661e-02;8.987802e-02;1.076844e-01;9.237768e-02;9.136979e-02;1.024212e-01;8.167973e-02
5.219620e-02;5.268333e-02;1.682399e-01;6.203781e-02;4.965572e-02;5.495393e-02;7.151058e-02;1.192009e-01;8.213669e-02;7.864274e-02;1.048721e-01;1.038700e-01
2.462938e-02;3.213543e-02;2.028921e-01;6.217281e-02;4.067926e-02;4.112659e-02;6.771939e-02;1.595679e-01;7.707983e-02;1.025656e-01;7.986094e-02;1.095707e-01
1.865227e-02;1.846744e-02;2.084416e-01;4.261362e-02;2.574919e-02;2.028340e-02;7.479653e-02;2.232689e-01;8.863766e-02;1.280997e-01;5.569521e-02;9.529448e-02
4.458507e-02;2.488453e-02;1.619752e-01;3.022878e-02;3.207679e-02;2.321720e-02;8.855734e-02;2.267420e-01;9.451845e-02;1.304187e-01;6.723087e-02;7.556512e-02
6.858610e-02;4.246198e-02;1.090770e-01;2.764985e-02;5.304334e-02;2.264433e-02;1.278991e-01;1.567769e-01;7.744934e-02;9.772632e-02;1.510635e-01;6.562219e-02
7.259377e-02;6.503981e-02;5.863712e-02;1.438789e-02;6.932742e-02;2.752391e-02;1.869500e-01;6.755693e-02;7.442910e-02;3.854076e-02;2.829261e-01;4.208712e-02
4.908811e-02;7.229070e-02;2.482997e-02;6.803637e-03;5.948161e-02;3.317909e-02;2.142309e-01;5.156316e-02;8.066501e-02;2.135778e-02;3.617647e-01;2.474533e-02
4.217581e-02;6.675698e-02;2.476561e-02;9.662434e-03;5.429586e-02;3.187462e-02;2.194079e-01;5.158763e-02;7.550395e-02;2.664442e-02;3.744027e-01;2.292209e-02
5.386860e-02;5.436742e-02;4.781515e-02;2.116652e-02;5.388199e-02;2.018221e-02;2.070859e-01;8.111349e-02;5.114423e-02;5.118452e-02;3.222453e-01;3.594463e-02
4.438049e-02;3.645830e-02;9.281851e-02;2.522441e-02;3.346195e-02;1.532409e-02;1.623105e-01;1.670189e-01;3.031410e-02;1.170988e-01;1.935668e-01;8.202320e-02
1.618116e-02;1.959287e-02;1.291326e-01;1.779658e-02;1.645626e-02;3.220468e-02;1.197527e-01;2.298322e-01;2.366986e-02;1.707617e-01;8.827914e-02;1.363403e-01
1.354149e-02;3.166898e-02;1.421926e-01;1.565864e-02;1.021471e-02;6.120857e-02;9.835356e-02;2.417304e-01;4.376456e-02;1.487168e-01;4.045915e-02;1.524906e-01
1.882665e-02;5.552044e-02;1.494660e-01;2.151347e-02;1.300338e-02;7.701049e-02;1.184378e-01;2.181458e-01;4.896749e-02;8.886775e-02;3.608650e-02;1.541543e-01
4.506776e-02;8.348332e-02;1.725854e-01;3.074814e-02;1.809756e-02;6.817307e-02;1.079766e-01;1.503482e-01;5.892680e-02;4.126323e-02;5.442009e-02;1.689098e-01
7.814398e-02;9.253103e-02;1.847499e-01;4.151531e-02;3.314144e-02;5.830022e-02;8.171279e-02;9.605554e-02;7.321978e-02;3.472949e-02;8.359969e-02;1.423008e-01
6.995243e-02;8.317194e-02;1.807493e-01;4.018786e-02;3.639251e-02;6.779478e-02;9.105071e-02;7.369615e-02;5.693052e-02;7.439190e-02;1.309412e-01;9.474078e-02
3.831322e-02;9.127973e-02;1.537739e-01;2.330071e-02;3.195232e-02;5.760267e-02;1.777814e-01;6.556364e-02;5.083319e-02;6.915789e-02;1.476794e-01;9.276195e-02
7.901926e-02;6.807135e-02;9.672030e-02;4.562411e-02;2.548301e-02;4.245650e-02;1.031836e-01;1.115083e-01;6.574164e-02;7.367370e-02;2.092332e-01;7.928506e-02
6.514453e-02;2.448248e-02;9.053018e-02;5.443497e-02;2.407004e-02;3.140716e-02;9.896132e-02;8.170736e-02;1.144304e-01;9.948120e-02;2.558271e-01;5.952322e-02
6.394516e-02;1.701061e-02;7.132962e-02;5.849929e-02;2.140475e-02;3.524816e-02;1.343813e-01;5.771015e-02;1.287299e-01;1.148816e-01;2.436030e-01;5.325655e-02
7.598045e-02;1.781929e-02;5.252022e-02;5.895864e-02;2.325961e-02;5.199588e-02;1.812487e-01;5.555287e-02;1.686954e-01;1.175868e-01;1.569167e-01;3.946546e-02
6.983063e-02;1.173703e-02;6.263778e-02;5.892291e-02;2.100239e-02;5.918040e-02;1.984074e-01;6.784580e-02;1.731128e-01;1.131613e-01;1.307251e-01;3.343656e-02
3.555042e-02;2.753606e-02;1.252375e-01;4.396210e-02;2.144947e-02;6.385465e-02;2.218975e-01;1.087048e-01;1.101606e-01;1.050752e-01;9.658989e-02;3.998174e-02
3.138422e-02;4.764634e-02;1.648388e-01;3.400050e-02;3.921498e-02;5.578819e-02;2.657014e-01;1.154808e-01;8.650254e-02;7.570989e-02;4.212552e-02;4.160683e-02
4.814436e-02;6.298144e-02;1.679078e-01;2.572083e-02;4.877397e-02;5.213567e-02;2.528165e-01;9.168869e-02;9.029698e-02;6.248038e-02;4.542539e-02;5.162795e-02
7.318866e-02;5.953493e-02;1.519322e-01;4.597864e-02;4.934855e-02;6.413236e-02;1.907922e-01;1.021044e-01;8.292716e-02;7.429913e-02;5.840904e-02;4.735263e-02
7.896893e-02;5.982845e-02;1.772405e-01;5.553710e-02;6.803089e-02;7.528691e-02;7.812759e-02;1.114604e-01;6.482920e-02;9.724402e-02;8.270530e-02;5.074066e-02
9.190013e-02;7.269301e-02;1.042193e-01;3.452080e-02;5.687091e-02;4.341571e-02;1.472695e-01;9.004235e-02;7.682995e-02;1.031440e-01;1.067885e-01;7.230573e-02
9.685557e-02;9.158520e-02;7.146746e-02;4.970390e-02;5.277942e-02;5.018028e-02;1.652311e-01;9.029025e-02;6.666116e-02;7.898384e-02;1.175075e-01;6.875426e-02
7.430251e-02;1.116988e-01;7.162584e-02;5.389877e-02;5.271792e-02;6.979619e-02;1.737761e-01;8.085087e-02;1.022843e-01;4.252363e-02;9.240786e-02;7.411721e-02
4.468970e-02;7.490882e-02;8.841322e-02;2.662825e-02;5.712347e-02;6.410982e-02;2.714953e-01;7.393672e-02;8.293070e-02;7.223638e-02;7.239251e-02;7.113509e-02
5.296649e-02;3.961975e-02;7.940104e-02;5.078585e-02;5.148110e-02;3.959408e-02;2.480907e-01;6.825913e-02;1.023175e-01;1.130160e-01;1.006115e-01;5.385688e-02
7.758877e-02;1.799553e-02;8.039440e-02;6.590794e-02;3.379953e-02;5.472561e-02;1.964736e-01;5.070153e-02;1.503640e-01;1.097232e-01;1.204869e-01;4.183894e-02
8.731558e-02;2.461346e-02;8.948205e-02;5.012622e-02;5.355806e-02;6.901853e-02;1.786406e-01;4.753003e-02;1.177828e-01;1.178899e-01;1.198105e-01;4.423226e-02
7.499691e-02;2.760482e-02;9.431534e-02;5.317851e-02;6.577633e-02;5.385335e-02;1.346304e-01;6.968867e-02;9.735933e-02;1.833720e-01;1.168409e-01;2.838357e-02
4.098376e-02;2.272441e-02;6.900860e-02;6.483118e-02;4.822579e-02;3.017709e-02;1.354946e-01;1.071160e-01;1.442000e-01;1.746802e-01;1.326283e-01;2.993008e-02
1.975474e-02;2.177429e-02;8.347083e-02;4.294490e-02;2.967132e-02;2.123005e-02;2.417587e-01;1.252339e-01;1.048739e-01;1.465150e-01;1.089287e-01;5.384361e-02
1.002090e-02;1.799571e-02;1.046548e-01;2.222835e-02;1.813241e-02;1.909748e-02;3.422979e-01;1.271720e-01;6.433111e-02;1.449000e-01;6.082613e-02;6.834325e-02
1.333507e-02;1.395334e-02;1.186550e-01;1.847577e-02;2.394030e-02;2.452573e-02;3.216563e-01;1.183412e-01;5.017865e-02;1.651074e-01;3.613367e-02;9.569760e-02
2.983369e-02;2.292510e-02;1.419619e-01;1.806044e-02;2.485957e-02;3.528161e-02;2.009703e-01;1.120629e-01;5.173141e-02;1.777574e-01;2.456090e-02;1.599947e-01
4.452334e-02;3.828776e-02;1.738504e-01;2.471703e-02;1.987927e-02;3.698984e-02;1.355257e-01;9.669863e-02;4.818454e-02;1.540087e-01;2.997911e-02;1.973557e-01
2.485368e-02;3.719587e-02;2.035953e-01;2.388882e-02;1.000439e-02;2.488752e-02;1.933408e-01;9.370305e-02;4.230443e-02;1.334746e-01;1.888596e-02;1.938656e-01
1.898038e-02;3.770716e-02;2.275891e-01;2.780274e-02;1.352058e-02;2.170064e-02;2.222561e-01;8.576150e-02;5.296670e-02;1.207630e-01;1.571344e-02;1.552386e-01
3.544002e-02;5.525230e-02;2.117128e-01;3.606104e-02;3.382577e-02;3.912017e-02;2.409712e-01;6.082474e-02;7.054492e-02;1.053796e-01;1.996268e-02;9.090470e-02
5.666615e-02;6.312739e-02;1.917766e-01;5.082495e-02;5.832025e-02;7.392745e-02;2.269085e-01;3.521248e-02;7.205568e-02;8.416259e-02;3.562401e-02;5.139397e-02
1.103036e-01;4.738490e-02;1.716300e-01;7.284003e-02;7.619663e-02;1.240849e-01;1.509285e-01;3.315701e-02;3.981597e-02;6.698221e-02;5.472423e-02;5.195213e-02
1.033120e-01;7.762204e-02;1.043154e-01;5.829304e-02;7.623559e-02;1.330530e-01;2.375267e-01;4.717522e-02;3.250858e-02;5.050415e-02;4.049805e-02;3.895629e-02
9.131975e-02;7.343385e-02;8.870512e-02;4.740410e-02;9.820230e-02;1.027599e-01;2.649722e-01;5.852379e-02;3.025848e-02;7.266812e-02;2.806552e-02;4.368694e-02
1.348390e-01;8.889233e-02;1.050696e-01;4.663739e-02;1.127353e-01;5.779601e-02;1.740748e-01;6.556235e-02;3.106710e-02;9.557399e-02;2.289494e-02;6.485723e-02
1.097805e-01;7.018598e-02;1.402170e-01;4.728311e-02;1.019645e-01;6.136344e-02;1.825491e-01;7.171056e-02;6.251630e-02;7.296773e-02;3.048584e-02;4.897594e-02
2.822943e-02;4.556856e-02;1.511677e-01;5.385999e-02;1.082850e-01;8.776970e-02;2.704745e-01;6.027772e-02;5.605294e-02;5.178618e-02;4.008146e-02;4.644679e-02
8.023227e-02;5.562360e-02;1.340851e-01;6.007851e-02;1.211094e-01;6.414051e-02;2.103739e-01;6.467139e-02;5.689762e-02;4.197603e-02;5.861251e-02;5.219910e-02
9.158698e-02;6.464484e-02;1.187502e-01;6.405287e-02;1.367678e-01;5.308034e-02;1.634362e-01;6.051682e-02;5.577250e-02;5.365736e-02;7.348982e-02;6.424418e-02
9.782515e-02;7.756316e-02;8.899416e-02;4.959366e-02;1.232803e-01;6.707005e-02;1.965106e-01;5.935201e-02;3.700479e-02;6.104890e-02;7.387840e-02;6.787880e-02
1.290717e-01;4.851962e-02;6.265602e-02;3.562354e-02;1.215756e-01;1.031233e-01;2.590580e-01;5.440918e-02;3.688283e-02;4.449672e-02;5.229234e-02;5.229118e-02
1.384048e-01;6.620675e-02;5.489331e-02;4.956052e-02;1.091072e-01;1.044841e-01;2.737110e-01;5.381545e-02;4.837452e-02;3.759300e-02;2.683995e-02;3.700948e-02
7.164555e-02;1.136793e-01;4.957502e-02;5.255709e-02;1.021986e-01;6.159371e-02;3.568187e-01;4.022387e-02;4.960516e-02;3.917178e-02;3.735317e-02;2.557798e-02
3.630966e-02;9.724750e-02;1.424698e-01;3.576932e-02;9.738648e-02;7.009827e-02;2.942094e-01;8.646077e-02;4.654240e-02;3.081186e-02;3.660220e-02;2.609235e-02
2.642779e-02;6.073963e-02;2.199052e-01;5.810359e-02;6.705090e-02;1.126045e-01;2.058022e-01;1.057530e-01;4.724165e-02;3.697290e-02;3.105825e-02;2.834043e-02
2.714270e-02;4.492946e-02;2.376032e-01;1.090133e-01;4.657434e-02;1.310725e-01;1.428081e-01;8.253504e-02;8.209836e-02;4.289458e-02;2.862657e-02;2.470184e-02
3.615453e-02;2.258292e-02;2.018884e-01;1.907335e-01;4.859946e-02;1.027424e-01;9.505843e-02;5.945434e-02;1.387492e-01;5.295719e-02;3.613379e-02;1.494597e-02
5.544435e-02;2.069010e-02;1.151721e-01;2.582585e-01;5.247357e-02;5.504677e-02;1.036538e-01;5.356976e-02;1.763834e-01;5.865020e-02;4.309756e-02;7.559931e-03
8.344948e-02;1.894693e-02;3.246646e-02;3.013326e-01;6.876861e-02;4.107318e-02;1.075545e-01;5.337588e-02;1.863931e-01;5.639650e-02;4.365109e-02;6.591808e-03
8.177908e-02;1.563818e-02;1.292031e-01;2.821363e-01;5.428060e-02;2.232443e-02;1.051525e-01;4.274360e-02;1.625366e-01;5.551957e-02;4.017783e-02;8.508229e-03
6.652474e-02;3.014670e-02;1.870200e-01;1.918210e-01;5.271379e-02;5.139480e-02;1.586345e-01;4.517646e-02;1.068597e-01;4.939111e-02;3.782393e-02;2.249326e-02
5.430607e-02;3.526460e-02;2.124564e-01;1.256914e-01;6.159253e-02;7.588499e-02;2.094878e-01;5.327331e-02;6.317325e-02;4.649975e-02;3.313161e-02;2.923830e-02
3.856824e-02;3.987090e-02;1.884571e-01;1.052320e-01;7.180696e-02;6.158396e-02;2.792584e-01;4.479007e-02;4.405798e-02;5.959177e-02;3.086090e-02;3.592169e-02
5.664666e-02;3.990078e-02;1.458033e-01;1.109762e-01;7.861097e-02;8.931727e-02;2.882639e-01;2.183269e-02;5.567763e-02;6.120023e-02;2.076372e-02;3.100668e-02
9.259172e-02;2.856031e-02;1.769213e-01;1.203214e-01;9.740503e-02;1.050536e-01;1.744931e-01;3.127779e-02;6.367282e-02;4.964049e-02;2.680476e-02;3.325770e-02
7.628993e-02;2.993973e-02;2.779865e-01;1.038049e-01;8.989132e-02;1.004136e-01;1.562688e-01;3.270649e-02;4.627655e-02;3.620840e-02;2.980644e-02;2.040722e-02
5.983105e-02;2.383844e-02;3.057301e-01;9.750810e-02;5.929396e-02;7.380421e-02;2.195185e-01;3.455082e-02;3.783576e-02;3.168452e-02;3.001630e-02;2.638820e-02
6.987115e-02;4.746125e-02;1.878000e-01;1.211465e-01;8.986154e-02;5.926827e-02;1.809937e-01;4.418833e-02;5.229145e-02;5.719156e-02;5.209543e-02;3.783083e-02
6.165833e-02;7.149336e-02;1.598233e-01;1.062808e-01;7.585087e-02;3.383737e-02;1.654939e-01;6.678975e-02;4.912470e-02;7.346806e-02;7.372844e-02;6.245123e-02
6.198566e-02;1.053255e-01;1.451807e-01;8.739857e-02;7.249115e-02;3.575984e-02;1.591580e-01;5.362927e-02;5.810504e-02;8.788815e-02;6.690618e-02;6.617197e-02
9.065423e-02;9.211639e-02;1.540168e-01;9.515226e-02;9.664644e-02;5.241336e-02;1.258876e-01;3.854088e-02;6.887461e-02;8.805306e-02;5.115568e-02;4.648871e-02
9.360074e-02;6.085273e-02;1.194925e-01;1.432498e-01;1.029937e-01;4.520408e-02;7.839622e-02;4.629276e-02;1.207003e-01;1.006118e-01;5.094512e-02;3.766015e-02
9.063491e-02;2.586481e-02;9.552884e-02;1.707270e-01;6.134775e-02;2.559816e-02;9.912200e-02;5.961844e-02;1.882539e-01;9.639907e-02;4.198905e-02;4.491602e-02
6.740908e-02;2.408705e-02;1.127132e-01;1.377980e-01;2.519356e-02;2.417994e-02;1.619894e-01;8.011246e-02;2.153914e-01;7.394715e-02;2.186862e-02;5.531010e-02
3.558967e-02;2.342820e-02;8.118844e-02;1.293561e-01;3.720461e-02;2.442759e-02;1.932089e-01;7.791688e-02;2.550999e-01;6.209298e-02;2.622593e-02;5.426088e-02
4.806969e-02;1.870761e-02;1.016996e-01;1.522516e-01;6.226459e-02;1.643827e-02;1.308219e-01;6.471344e-02;2.670290e-01;5.818333e-02;4.052751e-02;3.929350e-02
6.658010e-02;2.611164e-02;1.517226e-01;1.487018e-01;6.844816e-02;2.853349e-02;1.078009e-01;6.941398e-02;1.987249e-01;7.614492e-02;4.098991e-02;1.682757e-02
4.902438e-02;3.446137e-02;1.915404e-01;1.119412e-01;6.112804e-02;5.174925e-02;1.329683e-01;9.125112e-02;1.320712e-01;7.410292e-02;3.503812e-02;3.472363e-02
2.537580e-02;3.726593e-02;2.091920e-01;6.140696e-02;4.925299e-02;7.686477e-02;2.244458e-01;9.860650e-02;8.436355e-02;5.787100e-02;3.138552e-02;4.396917e-02
4.140808e-02;4.703912e-02;1.809052e-01;3.123438e-02;4.901687e-02;7.976704e-02;3.132610e-01;8.650503e-02;5.659143e-02;4.489724e-02;3.790042e-02;3.147421e-02
7.000407e-02;5.087490e-02;1.667614e-01;2.596855e-02;7.762085e-02;6.812946e-02;3.202235e-01;4.893879e-02;5.850967e-02;5.023843e-02;4.830695e-02;1.442337e-02
7.347812e-02;4.262308e-02;2.056397e-01;6.457926e-02;1.164897e-01;7.433922e-02;1.820485e-01;5.591265e-02;6.602415e-02;4.687953e-02;4.435353e-02;2.763254e-02
5.986324e-02;7.352050e-02;1.191869e-01;8.549236e-02;9.098107e-02;6.211246e-02;2.075832e-01;9.597118e-02;6.231138e-02;7.002918e-02;3.651229e-02;3.643623e-02
7.945900e-02;7.741105e-02;9.864159e-02;8.141068e-02;5.847887e-02;5.531796e-02;2.292774e-01;7.582869e-02;7.277425e-02;6.780879e-02;4.587789e-02;5.771384e-02
7.016595e-02;8.220841e-02;1.088359e-01;8.552611e-02;4.730637e-02;7.137895e-02;1.436002e-01;1.207790e-01;8.283289e-02;9.077775e-02;5.529363e-02;4.129487e-02
4.983257e-02;6.423627e-02;1.258554e-01;6.473678e-02;5.446615e-02;6.099164e-02;1.307818e-01;1.450353e-01;6.884465e-02;1.184036e-01;5.505787e-02;6.175794e-02
3.357906e-02;5.282746e-02;1.358383e-01;4.005456e-02;5.237079e-02;4.803833e-02;1.942779e-01;1.164061e-01;8.501923e-02;1.346795e-01;5.354959e-02;5.335926e-02
8.332843e-02;4.086268e-02;1.263185e-01;4.028706e-02;6.369792e-02;3.903585e-02;2.224406e-01;6.030066e-02;9.553970e-02;8.287885e-02;2.877406e-02;1.165357e-01
1.231215e-01;4.503420e-02;1.047903e-01;4.563757e-02;6.554709e-02;5.921679e-02;1.454688e-01;5.870214e-02;9.033110e-02;6.210496e-02;1.784745e-02;1.821980e-01
1.356707e-01;4.674594e-02;7.265892e-02;5.855880e-02;6.348160e-02;8.541705e-02;1.057888e-01;6.369366e-02;9.570090e-02;6.920142e-02;6.134014e-02;1.417421e-01
1.372030e-01;5.569023e-02;6.952117e-02;9.853988e-02;5.779413e-02;8.565559e-02;6.712568e-02;5.238734e-02;1.096428e-01;5.093403e-02;1.313340e-01;8.417206e-02
1.302307e-01;6.661286e-02;1.165117e-01;9.785769e-02;4.286129e-02;6.145059e-02;5.413153e-02;6.268522e-02;9.452540e-02;3.522204e-02;1.593221e-01;7.858878e-02
1.396268e-01;5.243983e-02;1.012854e-01;6.419285e-02;7.706242e-02;7.230657e-02;6.244334e-02;9.437875e-02;5.515954e-02;3.536350e-02;1.318093e-01;1.139317e-01
1.537290e-01;6.623441e-02;6.747494e-02;7.951716e-02;1.118590e-01;7.101911e-02;5.437957e-02;8.380885e-02;3.759975e-02;5.331283e-02;7.971261e-02;1.413527e-01
1.112676e-01;5.953263e-02;7.360660e-02;8.121497e-02;1.272723e-01;6.098627e-02;6.496569e-02;8.135726e-02;4.480534e-02;4.581140e-02;6.456824e-02;1.846116e-01
1.123894e-01;1.064827e-01;1.097633e-01;4.482036e-02;6.698811e-02;3.747589e-02;9.247155e-02;8.919811e-02;6.984013e-02;5.296019e-02;1.080496e-01;1.095607e-01
8.140623e-02;9.922154e-02;1.011223e-01;5.970138e-02;1.049097e-01;6.175979e-02;9.073239e-02;4.524141e-02;5.204878e-02;7.030462e-02;7.715812e-02;1.563937e-01
1.313863e-01;1.056292e-01;1.098810e-01;6.450305e-02;9.807555e-02;8.941949e-02;9.017809e-02;4.545612e-02;3.670239e-02;5.036236e-02;6.075703e-02;1.176494e-01
1.682373e-01;8.054691e-02;9.706850e-02;5.880355e-02;4.439749e-02;7.281132e-02;1.565401e-01;5.340689e-02;6.137656e-02;6.005368e-02;7.100644e-02;7.575125e-02
1.767857e-01;6.586739e-02;7.715175e-02;7.634611e-02;4.581618e-02;5.038235e-02;1.429382e-01;7.165547e-02;8.551537e-02;8.038194e-02;7.168943e-02;5.547014e-02
1.353986e-01;5.781651e-02;9.549665e-02;8.559139e-02;6.503536e-02;4.172399e-02;1.470570e-01;9.722044e-02;9.409987e-02;9.116049e-02;5.674324e-02;3.265651e-02
4.837205e-02;1.022879e-01;1.370803e-01;5.660866e-02;5.748486e-02;7.203261e-02;2.195867e-01;1.067678e-01;7.022116e-02;7.543132e-02;3.143047e-02;2.269610e-02
9.889388e-03;7.513394e-02;1.930621e-01;3.301413e-02;1.860610e-02;6.990349e-02;2.648763e-01;1.458281e-01;8.023036e-02;6.840319e-02;1.292127e-02;2.813169e-02
1.190859e-02;3.125995e-02;2.267248e-01;4.992384e-02;1.059759e-02;3.711723e-02;2.747633e-01;1.520357e-01;1.046089e-01;7.029127e-02;6.107069e-03;2.466168e-02
1.230064e-02;1.616025e-02;2.163383e-01;8.503157e-02;1.297453e-02;1.747718e-02;2.696196e-01;1.342464e-01;1.232277e-01;8.876260e-02;4.616974e-03;1.924422e-02
1.044318e-02;1.727523e-02;2.183913e-01;9.016728e-02;1.219452e-02;1.810743e-02;2.581685e-01;1.380997e-01;1.174313e-01;9.549639e-02;4.596249e-03;1.962888e-02
3.890469e-03;1.303323e-02;2.444348e-01;5.993485e-02;1.377574e-02;1.794724e-02;2.446629e-01;1.537791e-01;1.138566e-01;1.038115e-01;4.988087e-03;2.588543e-02
3.348712e-03;1.103679e-02;2.890875e-01;2.791547e-02;8.238756e-03;1.645934e-02;2.393449e-01;1.580795e-01;1.127318e-01;9.744448e-02;4.832868e-03;3.147982e-02
5.816602e-03;1.558729e-02;3.271839e-01;2.959189e-02;7.900512e-03;3.804773e-02;2.232539e-01;1.470092e-01;8.783784e-02;7.268748e-02;3.688094e-03;4.139560e-02
9.705679e-03;2.093548e-02;3.767157e-01;2.810764e-02;8.373233e-03;6.205291e-02;2.002679e-01;1.330138e-01;5.807661e-02;4.769088e-02;3.418482e-03;5.164159e-02
2.542876e-02;3.236224e-02;3.741977e-01;2.498311e-02;1.110529e-02;7.803651e-02;1.938410e-01;1.130738e-01;3.925462e-02;3.183520e-02;4.650423e-03;7.123142e-02
6.281109e-02;2.120806e-02;2.758900e-01;2.871394e-02;1.122781e-02;7.679589e-02;2.098202e-01;1.123350e-01;3.596510e-02;4.498727e-02;1.278642e-02;1.074592e-01
6.302086e-02;3.464650e-02;2.043070e-01;2.678730e-02;1.266455e-02;5.302775e-02;2.159452e-01;1.279307e-01;4.206389e-02;6.641376e-02;4.595565e-02;1.072368e-01
4.864005e-02;5.348311e-02;1.849316e-01;2.648641e-02;3.071660e-02;3.401387e-02;2.403070e-01;1.136239e-01;6.173403e-02;6.297761e-02;7.969224e-02;6.339357e-02
6.953145e-02;6.568904e-02;1.594286e-01;2.743739e-02;5.365766e-02;4.366851e-02;2.512632e-01;8.939017e-02;8.474332e-02;4.473096e-02;7.855067e-02;3.190899e-02
9.464622e-02;6.582640e-02;1.856354e-01;2.854601e-02;6.983941e-02;6.546046e-02;1.735135e-01;8.283825e-02;9.979476e-02;4.119525e-02;6.385413e-02;2.885016e-02
7.351411e-02;7.768147e-02;2.152013e-01;2.807084e-02;6.736968e-02;6.757655e-02;1.845245e-01;9.190744e-02;6.461774e-02;4.793143e-02;3.742282e-02;4.418218e-02
4.531578e-02;9.250398e-02;1.844968e-01;3.003924e-02;7.458611e-02;5.457371e-02;2.365797e-01;8.111667e-02;5.934020e-02;5.633629e-02;2.619253e-02;5.891901e-02
9.538335e-02;1.104671e-01;2.003937e-01;3.570038e-02;8.473866e-02;3.726526e-02;1.399115e-01;8.669143e-02;5.718014e-02;6.736669e-02;2.120552e-02;6.369635e-02
8.028903e-02;1.065364e-01;1.731893e-01;3.429237e-02;9.807122e-02;3.544176e-02;1.364258e-01;1.347439e-01;5.022732e-02;4.942495e-02;3.495129e-02;6.640667e-02
9.133480e-02;5.603246e-02;1.086578e-01;3.379082e-02;1.023076e-01;3.551910e-02;2.380148e-01;1.439689e-01;6.037565e-02;4.116174e-02;2.613849e-02;6.269787e-02
7.221138e-02;2.583569e-02;9.921636e-02;3.692549e-02;9.509417e-02;5.251888e-02;3.325009e-01;8.976200e-02;4.542657e-02;6.706649e-02;3.676741e-02;4.667462e-02
5.160310e-02;4.999077e-02;1.511086e-01;5.060416e-02;7.467356e-02;4.604164e-02;2.594199e-01;8.900274e-02;4.282479e-02;1.042139e-01;5.329230e-02;2.722457e-02
3.935814e-02;4.093072e-02;1.681886e-01;4.394246e-02;4.731057e-02;6.637510e-02;2.493715e-01;1.233358e-01;4.503231e-02;1.051745e-01;4.244053e-02;2.853971e-02
2.078458e-02;2.351363e-02;1.954999e-01;4.136406e-02;3.059692e-02;9.216915e-02;2.447997e-01;1.314171e-01;4.690194e-02;9.729242e-02;3.519582e-02;4.046485e-02
1.839476e-02;3.562846e-02;2.210437e-01;3.817592e-02;3.558847e-02;9.590171e-02;2.488839e-01;9.671186e-02;4.548266e-02;8.232698e-02;4.103330e-02;4.082833e-02
4.399958e-02;6.141436e-02;2.274417e-01;2.820265e-02;6.501024e-02;8.170535e-02;2.386514e-01;6.054051e-02;3.302127e-02;7.254771e-02;5.351103e-02;3.395428e-02
6.370827e-02;6.541533e-02;2.087783e-01;2.794972e-02;8.808429e-02;8.285168e-02;1.834189e-01;5.719359e-02;2.041109e-02;8.943147e-02;7.043982e-02;4.231754e-02
6.068254e-02;5.019852e-02;1.550675e-01;4.415554e-02;8.387504e-02;9.982046e-02;1.351861e-01;8.199162e-02;4.344627e-02;1.068416e-01;6.586648e-02;7.286838e-02
8.497609e-02;6.223832e-02;1.183296e-01;4.488560e-02;8.335557e-02;6.861553e-02;2.357976e-01;5.988980e-02;4.489771e-02;7.906880e-02;5.453731e-02;6.340799e-02
7.622172e-02;6.269100e-02;1.200986e-01;4.250316e-02;7.654667e-02;9.837900e-02;2.396330e-01;5.441767e-02;5.804462e-02;6.176601e-02;4.905539e-02;6.064318e-02
6.970566e-02;4.889655e-02;9.383977e-02;4.038888e-02;6.227155e-02;1.153523e-01;2.457158e-01;9.499031e-02;7.911702e-02;5.209114e-02;3.960708e-02;5.802393e-02
5.565362e-02;2.750798e-02;6.722472e-02;4.041073e-02;7.239591e-02;8.758856e-02;2.932461e-01;1.258970e-01;7.696977e-02;6.068004e-02;4.271022e-02;4.971538e-02
3.346273e-02;2.496001e-02;7.715851e-02;3.715162e-02;7.053336e-02;6.872831e-02;3.675641e-01;1.358505e-01;6.127851e-02;4.799257e-02;3.718992e-02;3.812987e-02
2.911016e-02;3.062603e-02;1.186912e-01;3.274403e-02;6.586532e-02;8.635100e-02;3.288735e-01;8.341186e-02;8.527635e-02;5.876883e-02;4.726288e-02;3.301881e-02
