5.639002e-02;5.553457e-02;5.984275e-02;9.686687e-02;1.003691e-01;1.008383e-01;1.142378e-01;1.377820e-01;8.314283e-02;9.974422e-02;5.716084e-02;3.809066e-02
4.807199e-02;7.240154e-02;6.040151e-02;1.364914e-01;1.053064e-01;9.282108e-02;1.171985e-01;9.287392e-02;7.887646e-02;9.847180e-02;5.290290e-02;4.418256e-02
7.259002e-02;9.045494e-02;1.176242e-01;1.582273e-01;1.175464e-01;6.848086e-02;1.115139e-01;3.787489e-02;6.850442e-02;7.005329e-02;4.303699e-02;4.409285e-02
7.758426e-02;9.976590e-02;1.543887e-01;1.514359e-01;1.766941e-01;7.899976e-02;7.739274e-02;3.698336e-02;4.127946e-02;4.725860e-02;3.381012e-02;2.440711e-02
6.699485e-02;8.368210e-02;1.510435e-01;1.740402e-01;1.769317e-01;1.003629e-01;9.378489e-02;3.957832e-02;2.708366e-02;3.659434e-02;2.785984e-02;2.204364e-02
3.903241e-02;4.924260e-02;8.579659e-02;9.895087e-02;8.929167e-02;7.248515e-02;2.388092e-01;8.323113e-02;9.179043e-02;7.753923e-02;4.654576e-02;2.728493e-02
2.663612e-02;2.583176e-02;4.122265e-02;3.195225e-02;3.696144e-02;3.566899e-02;2.605883e-01;1.108729e-01;2.311202e-01;1.062150e-01;4.728216e-02;4.564821e-02
1.504206e-02;2.328575e-02;2.241844e-02;3.688937e-02;2.135086e-02;1.833356e-02;1.837696e-01;1.409739e-01;3.450639e-01;1.159873e-01;4.054600e-02;3.633926e-02
1.365886e-02;2.367087e-02;2.175567e-02;3.647318e-02;1.177631e-02;1.028155e-02;1.579958e-01;2.032573e-01;3.893780e-01;8.397728e-02;2.446471e-02;2.331048e-02
1.256752e-02;1.953267e-02;3.009369e-02;2.238292e-02;9.215986e-03;1.909309e-02;1.933053e-01;2.587816e-01;3.397326e-01;6.327131e-02;1.596178e-02;1.606162e-02
1.411003e-02;1.029182e-02;1.452692e-02;5.352541e-02;5.498338e-03;2.838536e-02;1.728940e-01;2.113697e-01;3.854374e-01;7.312460e-02;1.278750e-02;1.804889e-02
2.580291e-02;7.267805e-03;2.577164e-02;1.255831e-01;1.254817e-02;2.432952e-02;1.254670e-01;9.788182e-02;4.516760e-01;8.469766e-02;1.124565e-02;7.728757e-03
2.591761e-02;6.348688e-03;4.143665e-02;1.662112e-01;1.016986e-02;1.434407e-02;7.842591e-02;5.716505e-02;4.696085e-01;1.057833e-01;1.343810e-02;1.115101e-02
1.475165e-02;1.396198e-02;3.383391e-02;1.622470e-01;1.124124e-02;1.699496e-02;5.218486e-02;6.350192e-02;4.759409e-01;1.222262e-01;1.772398e-02;1.539136e-02
7.925871e-03;1.768330e-02;1.590851e-02;1.649369e-01;7.189851e-03;1.245227e-02;5.439788e-02;5.331228e-02;4.974808e-01;1.374334e-01;1.879219e-02;1.248684e-02
1.482464e-02;1.224058e-02;2.373011e-02;1.639938e-01;8.877092e-03;7.306103e-03;1.273598e-01;7.609111e-02;4.137083e-01;1.309188e-01;1.671521e-02;4.234492e-03
2.429154e-02;9.435758e-03;4.411577e-02;1.498872e-01;1.722323e-02;1.572290e-02;2.162326e-01;1.208911e-01;2.866433e-01;9.227420e-02;1.493056e-02;8.351802e-03
3.021247e-02;1.556817e-02;4.921185e-02;1.205854e-01;1.535003e-02;2.012374e-02;3.288371e-01;1.372618e-01;2.061647e-01;6.218851e-02;8.646578e-03;5.849680e-03
2.761392e-02;2.552329e-02;4.434332e-02;8.872471e-02;2.864288e-02;3.356582e-02;3.812110e-01;1.056177e-01;1.750936e-01;4.970277e-02;1.777669e-02;2.218429e-02
4.073552e-02;3.796934e-02;5.232864e-02;7.449105e-02;6.538983e-02;4.881687e-02;3.188667e-01;6.585747e-02;1.700013e-01;4.113489e-02;3.806541e-02;4.634295e-02
5.181624e-02;5.960758e-02;5.258875e-02;8.173273e-02;1.162341e-01;7.791804e-02;1.669915e-01;5.601457e-02;1.504997e-01;6.705613e-02;5.247601e-02;6.706464e-02
4.411013e-02;4.645254e-02;8.144229e-02;1.198646e-01;1.285424e-01;6.423464e-02;1.447618e-01;6.163973e-02;9.972841e-02;7.753384e-02;4.649331e-02;8.519633e-02
4.096705e-02;5.608940e-02;9.932556e-02;1.195049e-01;1.033851e-01;8.583040e-02;1.976388e-01;4.533093e-02;7.112391e-02;5.964201e-02;4.895395e-02;7.220802e-02
5.093732e-02;5.398703e-02;7.608928e-02;7.946999e-02;1.388423e-01;9.542822e-02;2.014840e-01;7.537992e-02;7.613351e-02;5.242061e-02;5.509206e-02;4.473580e-02
5.970854e-02;4.229995e-02;6.872404e-02;9.389540e-02;1.409234e-01;7.626178e-02;1.970074e-01;7.334807e-02;7.519827e-02;7.835997e-02;4.717018e-02;4.710293e-02
4.821836e-02;4.651746e-02;7.754554e-02;8.205581e-02;1.576586e-01;6.928658e-02;1.931886e-01;6.755394e-02;9.094461e-02;7.623133e-02;3.785315e-02;5.294603e-02
6.376948e-02;4.692752e-02;5.184465e-02;2.880201e-02;1.140851e-01;7.595450e-02;1.702092e-01;1.210671e-01;1.349082e-01;8.233197e-02;5.654311e-02;5.355718e-02
5.804716e-02;6.504129e-02;4.604412e-02;6.258956e-02;8.098129e-02;6.718522e-02;1.174802e-01;1.608883e-01;1.254742e-01;8.189127e-02;6.954627e-02;6.483112e-02
5.249750e-02;6.925242e-02;6.412423e-02;1.354886e-01;6.842242e-02;6.817210e-02;1.344501e-01;1.281204e-01;1.119038e-01;5.613361e-02;5.210371e-02;5.933106e-02
6.935892e-02;5.832808e-02;7.433419e-02;1.627983e-01;9.482078e-02;6.058165e-02;1.187688e-01;8.545548e-02;1.298589e-01;4.721270e-02;1.985353e-02;7.862859e-02
8.781809e-02;5.432871e-02;8.068904e-02;1.040719e-01;1.163236e-01;7.061009e-02;1.226123e-01;8.102804e-02;1.263659e-01;4.763470e-02;2.617309e-02;8.234446e-02
8.991914e-02;5.969257e-02;1.354326e-01;8.321197e-02;8.498383e-02;4.998974e-02;1.625537e-01;6.770023e-02;9.360114e-02;7.153236e-02;3.688555e-02;6.449710e-02
8.235917e-02;6.008328e-02;1.604684e-01;8.777909e-02;8.178330e-02;5.788144e-02;1.292747e-01;6.577405e-02;8.984487e-02;9.402762e-02;4.363142e-02;4.709270e-02
7.867660e-02;3.780595e-02;1.323883e-01;7.270253e-02;1.015820e-01;6.515694e-02;8.973515e-02;8.229423e-02;1.305023e-01;1.109449e-01;5.342678e-02;4.478427e-02
6.193722e-02;5.020668e-02;1.276491e-01;5.290420e-02;8.246510e-02;6.422611e-02;1.791207e-01;7.649411e-02;1.398967e-01;7.863481e-02;4.263849e-02;4.382677e-02
5.603127e-02;4.812478e-02;1.614037e-01;5.181267e-02;6.689625e-02;6.805801e-02;1.928417e-01;6.341730e-02;1.415645e-01;6.202569e-02;4.606544e-02;4.175868e-02
6.052494e-02;4.387861e-02;1.754144e-01;4.339741e-02;1.016041e-01;7.864551e-02;1.456547e-01;6.521397e-02;1.207493e-01;7.477105e-02;5.568041e-02;3.446560e-02
7.512635e-02;5.899571e-02;1.200977e-01;4.717898e-02;1.006751e-01;8.878088e-02;1.858426e-01;8.214506e-02;8.384233e-02;7.200361e-02;4.664694e-02;3.866470e-02
7.713817e-02;4.605829e-02;1.298075e-01;4.438189e-02;8.530947e-02;9.192207e-02;1.901140e-01;8.102938e-02;6.924669e-02;9.521969e-02;4.734317e-02;4.242977e-02
1.110846e-01;6.855411e-02;1.321283e-01;7.762979e-02;7.023045e-02;5.978068e-02;1.349331e-01;8.510480e-02;8.785798e-02;9.788606e-02;5.036881e-02;2.444141e-02
1.123068e-01;9.377174e-02;8.978957e-02;1.089359e-01;6.187690e-02;5.492049e-02;7.742526e-02;9.636082e-02;1.055327e-01;8.361869e-02;5.895111e-02;5.651008e-02
1.146797e-01;8.789749e-02;8.358059e-02;1.039853e-01;5.534523e-02;6.722508e-02;8.316576e-02;8.495986e-02;9.571310e-02;9.359825e-02;5.403573e-02;7.581396e-02
1.052987e-01;6.877705e-02;6.873403e-02;8.546351e-02;4.675850e-02;7.671130e-02;9.744983e-02;5.527416e-02;1.055937e-01;1.237866e-01;6.400625e-02;1.021464e-01
6.315357e-02;5.152149e-02;7.758533e-02;5.880939e-02;3.970699e-02;7.730238e-02;1.013001e-01;6.495810e-02;1.205793e-01;1.357593e-01;9.746291e-02;1.118612e-01
4.960471e-02;6.986762e-02;6.896657e-02;5.430342e-02;5.417121e-02;6.050559e-02;1.859445e-01;8.802606e-02;8.239857e-02;1.004127e-01;9.698168e-02;8.881740e-02
1.034823e-01;8.182399e-02;6.331413e-02;3.093172e-02;3.231768e-02;3.033276e-02;2.339077e-01;5.618904e-02;6.682727e-02;1.375889e-01;1.042841e-01;5.900045e-02
9.976093e-02;5.503084e-02;5.374068e-02;2.967628e-02;2.079030e-02;2.264038e-02;2.300080e-01;6.031213e-02;9.685068e-02;1.849187e-01;1.069038e-01;3.936738e-02
6.543978e-02;3.161494e-02;2.897134e-02;4.494708e-02;1.929423e-02;1.307026e-02;2.101477e-01;6.547996e-02;1.461347e-01;2.567970e-01;9.973276e-02;1.837023e-02
4.612941e-02;1.675737e-02;3.761759e-02;4.636787e-02;3.448452e-02;2.828450e-02;1.312898e-01;5.858881e-02;1.627823e-01;3.329012e-01;8.952811e-02;1.526847e-02
7.860189e-02;3.058621e-02;6.017189e-02;2.196112e-02;5.947601e-02;5.475687e-02;5.680917e-02;3.428575e-02;1.094937e-01;3.462301e-01;1.116211e-01;3.600623e-02
1.034435e-01;3.998152e-02;7.489394e-02;2.676882e-02;5.588112e-02;3.953510e-02;1.085734e-01;2.944231e-02;6.572502e-02;2.513918e-01;1.457224e-01;5.864105e-02
9.696500e-02;3.489093e-02;6.121163e-02;1.915392e-02;5.893152e-02;2.863474e-02;1.925594e-01;4.699100e-02;6.453624e-02;1.960488e-01;1.332874e-01;6.678944e-02
9.347508e-02;5.730003e-02;6.347921e-02;1.616103e-02;5.386605e-02;3.018944e-02;2.424071e-01;5.732340e-02;7.279335e-02;1.609297e-01;8.851577e-02;6.355979e-02
6.119542e-02;6.827528e-02;7.491753e-02;3.991284e-02;5.825324e-02;4.015023e-02;1.977266e-01;7.515059e-02;7.432058e-02;1.634339e-01;1.021793e-01;4.448456e-02
7.794224e-02;5.581445e-02;6.087410e-02;4.847346e-02;1.069028e-01;5.830278e-02;7.475504e-02;8.074572e-02;7.715541e-02;1.741184e-01;1.489000e-01;3.601557e-02
6.076229e-02;5.057450e-02;6.760302e-02;3.653632e-02;1.108185e-01;4.263686e-02;1.272211e-01;7.513535e-02;7.416274e-02;1.610569e-01;1.344762e-01;5.901617e-02
3.466036e-01;1.869640e-01;1.125393e-01;1.963517e-02;4.658230e-02;2.892429e-02;6.677454e-02;2.623914e-02;2.646350e-02;5.202257e-02;3.065987e-02;5.659173e-02
4.175538e-01;2.923837e-01;1.301114e-01;8.884958e-03;2.105835e-02;1.999833e-02;3.516701e-02;7.615645e-03;1.107882e-02;2.028759e-02;6.655358e-03;2.920499e-02
3.988487e-01;3.567527e-01;1.303765e-01;1.071679e-02;8.812163e-03;1.465393e-02;1.266872e-02;5.467280e-03;1.554795e-02;1.465846e-02;8.293966e-03;2.320285e-02
3.304425e-01;4.106212e-01;1.559176e-01;7.988906e-03;5.493212e-03;1.114328e-02;1.191457e-02;4.553205e-03;2.761493e-02;1.120690e-02;6.117291e-03;1.698643e-02
1.920098e-01;3.900774e-01;3.208181e-01;8.282715e-03;5.093648e-03;1.064357e-02;8.433749e-03;3.387338e-03;3.410428e-02;1.205916e-02;5.059040e-03;1.003125e-02
5.204381e-02;2.880352e-01;5.526776e-01;2.441226e-02;5.354882e-03;7.702396e-03;9.597041e-03;4.876533e-03;2.410742e-02;2.202703e-02;4.649748e-03;4.516088e-03
3.337095e-02;1.590934e-01;6.681721e-01;5.027979e-02;6.010130e-03;5.313870e-03;1.295346e-02;7.836783e-03;1.013244e-02;3.406566e-02;7.634690e-03;5.136805e-03
4.235099e-02;8.349846e-02;6.857542e-01;5.751432e-02;1.618984e-02;7.759475e-03;2.510745e-02;1.764376e-02;1.345713e-02;3.143091e-02;1.139200e-02;7.901484e-03
6.523250e-02;1.615796e-01;5.668786e-01;4.669448e-02;1.840685e-02;7.659396e-03;3.501069e-02;3.500771e-02;1.641166e-02;2.347576e-02;1.374095e-02;9.901857e-03
8.146980e-02;2.326024e-01;4.669935e-01;2.692064e-02;1.391264e-02;3.256315e-02;3.860032e-02;3.390796e-02;2.354480e-02;1.871796e-02;1.178885e-02;1.897800e-02
8.775565e-02;2.122984e-01;3.583629e-01;3.544975e-02;2.416322e-02;6.453051e-02;6.294726e-02;3.227865e-02;3.647567e-02;2.442796e-02;1.950288e-02;4.180719e-02
5.084211e-02;1.652926e-01;3.086289e-01;5.959360e-02;3.688009e-02;6.055659e-02;7.315163e-02;4.511503e-02;5.879945e-02;4.869611e-02;4.758102e-02;4.486285e-02
1.396796e-01;1.748694e-01;2.766812e-01;3.527870e-02;2.942150e-02;2.934027e-02;5.258619e-02;4.439394e-02;6.881680e-02;5.478450e-02;6.323500e-02;3.091290e-02
1.970412e-01;1.880119e-01;2.629701e-01;3.300453e-02;3.389956e-02;2.433425e-02;3.945302e-02;4.471457e-02;5.702706e-02;4.056959e-02;4.473339e-02;3.424077e-02
2.008065e-01;1.944798e-01;2.981510e-01;4.042099e-02;2.233728e-02;2.510421e-02;4.854230e-02;4.077716e-02;3.622478e-02;2.742562e-02;2.959101e-02;3.613937e-02
1.239947e-01;1.914457e-01;3.796530e-01;5.507466e-02;2.848170e-02;2.530712e-02;6.996269e-02;2.837593e-02;1.796199e-02;3.011547e-02;2.344793e-02;2.617907e-02
9.273085e-02;1.709714e-01;3.935047e-01;6.890401e-02;2.500728e-02;3.222684e-02;8.148362e-02;3.176891e-02;1.759403e-02;3.708247e-02;1.438495e-02;3.434096e-02
5.930762e-02;1.748188e-01;3.123415e-01;9.034590e-02;4.312212e-02;4.604023e-02;6.280669e-02;3.605782e-02;5.036659e-02;4.933142e-02;3.162661e-02;4.383470e-02
8.223978e-02;1.502714e-01;3.635938e-01;6.371454e-02;3.982851e-02;3.886455e-02;5.202141e-02;4.121846e-02;5.174502e-02;5.523462e-02;3.188429e-02;2.938359e-02
6.085889e-02;1.140281e-01;2.938021e-01;3.661008e-02;4.080189e-02;5.489656e-02;6.786183e-02;6.178311e-02;6.676976e-02;8.134048e-02;7.087909e-02;5.036812e-02
9.203950e-02;5.302420e-02;1.168136e-01;3.414752e-02;4.014221e-02;8.809923e-02;1.381836e-01;9.816720e-02;1.007217e-01;9.676274e-02;8.273443e-02;5.916407e-02
8.296824e-02;3.122936e-02;6.293315e-02;3.323726e-02;3.971922e-02;8.702934e-02;2.537151e-01;1.380673e-01;1.041162e-01;9.081858e-02;4.444630e-02;3.172003e-02
3.782791e-02;2.950567e-02;4.096671e-02;3.902030e-02;3.298999e-02;5.795921e-02;4.113711e-01;1.276605e-01;9.624417e-02;7.586136e-02;2.615794e-02;2.443512e-02
2.408290e-02;1.959843e-02;4.171596e-02;3.621708e-02;2.267565e-02;3.733627e-02;5.166935e-01;9.973864e-02;8.158194e-02;6.036166e-02;3.517056e-02;2.482734e-02
3.352005e-02;2.120877e-02;3.308351e-02;2.122643e-02;1.369333e-02;3.185308e-02;6.217653e-01;9.642573e-02;5.043939e-02;2.909643e-02;2.719367e-02;2.049436e-02
2.076488e-02;1.571491e-02;1.962840e-02;8.820142e-03;1.970400e-02;3.677018e-02;7.308436e-01;7.134520e-02;2.433146e-02;2.028349e-02;2.236348e-02;9.430225e-03
1.094214e-02;1.560473e-02;1.164520e-02;3.095680e-03;3.048998e-02;5.130279e-02;7.901940e-01;3.945320e-02;1.634035e-02;7.168245e-03;2.120912e-02;2.554554e-03
5.137892e-03;1.475878e-02;1.205638e-02;2.402348e-03;3.693171e-02;6.889433e-02;7.953268e-01;2.132975e-02;1.162312e-02;9.059163e-03;1.899797e-02;3.481789e-03
4.958524e-03;1.246629e-02;9.525150e-03;6.806897e-03;4.850959e-02;8.196107e-02;7.778492e-01;2.133101e-02;1.120485e-02;7.792613e-03;1.241045e-02;5.184323e-03
2.377212e-02;1.479671e-02;3.337571e-02;1.478384e-02;4.739728e-02;7.071328e-02;7.128652e-01;1.881142e-02;1.668236e-02;1.922845e-02;1.464373e-02;1.292981e-02
3.841601e-02;2.196606e-02;4.739684e-02;1.614426e-02;2.263213e-02;5.595751e-02;6.750786e-01;2.593958e-02;2.495345e-02;2.737370e-02;2.427251e-02;1.986932e-02
2.896057e-02;2.478946e-02;4.003327e-02;1.214536e-02;3.742737e-02;7.056286e-02;6.918382e-01;2.606549e-02;1.835108e-02;1.499579e-02;2.064453e-02;1.418605e-02
1.820619e-02;2.393504e-02;2.446829e-02;1.533282e-02;5.745859e-02;1.051683e-01;6.960530e-01;2.294213e-02;4.988871e-03;1.316154e-02;8.967583e-03;9.317608e-03
2.352241e-02;2.379830e-02;5.719463e-02;2.507520e-02;1.049511e-01;1.278721e-01;5.677531e-01;2.399192e-02;1.445959e-02;1.994010e-02;6.357760e-03;5.083785e-03
3.058949e-02;1.929572e-02;1.572913e-01;3.602774e-02;1.792408e-01;1.163256e-01;3.525923e-01;2.722996e-02;3.105063e-02;3.040063e-02;1.360521e-02;6.350651e-03
1.378117e-02;1.650082e-02;2.195287e-01;4.307574e-02;2.015111e-01;1.097744e-01;2.988612e-01;2.041913e-02;2.308913e-02;1.772755e-02;2.040085e-02;1.533022e-02
3.166575e-02;2.634940e-02;2.763901e-01;6.632166e-02;1.677022e-01;9.842488e-02;2.026431e-01;2.107023e-02;2.812407e-02;2.842177e-02;3.453310e-02;1.835386e-02
6.330046e-02;3.600092e-02;3.507060e-01;7.690716e-02;1.122617e-01;6.544969e-02;1.289307e-01;2.510379e-02;3.637530e-02;4.917993e-02;3.128595e-02;2.449844e-02
8.495737e-02;2.458607e-02;4.935333e-01;7.467543e-02;6.167379e-02;3.018120e-02;8.769720e-02;2.024073e-02;2.382750e-02;6.537277e-02;1.412761e-02;1.912700e-02
7.734382e-02;2.821288e-02;4.647171e-01;5.427943e-02;6.212406e-02;3.743266e-02;1.167465e-01;2.225015e-02;3.017294e-02;5.824831e-02;2.642338e-02;2.204877e-02
6.391224e-02;3.179638e-02;4.966001e-01;4.614397e-02;5.311596e-02;3.859917e-02;1.290114e-01;2.171603e-02;2.533395e-02;4.361998e-02;2.774950e-02;2.240136e-02
5.592997e-02;4.223590e-02;6.132365e-01;4.194620e-02;1.276749e-02;2.914937e-02;8.586936e-02;1.601946e-02;2.623004e-02;4.937937e-02;1.536666e-02;1.186969e-02
5.871058e-02;7.281699e-02;5.430425e-01;2.744045e-02;4.206558e-02;2.954618e-02;8.392321e-02;1.458566e-02;3.879330e-02;5.995473e-02;1.530384e-02;1.381695e-02
7.672112e-02;6.533441e-02;5.273104e-01;1.346897e-02;6.012659e-02;3.495958e-02;6.773178e-02;1.781091e-02;4.526297e-02;4.871876e-02;1.961750e-02;2.293703e-02
6.054941e-02;2.847450e-02;5.671580e-01;3.858922e-02;5.866679e-02;3.932105e-02;5.074752e-02;2.997828e-02;2.747161e-02;4.504266e-02;2.662317e-02;2.737776e-02
5.909825e-02;3.134051e-02;3.370691e-01;4.959552e-02;5.186408e-02;5.520340e-02;7.438517e-02;6.596700e-02;8.527411e-02;7.439546e-02;6.118122e-02;5.462620e-02
7.475040e-02;3.647400e-02;1.688511e-01;5.403026e-02;5.352769e-02;7.041180e-02;9.382379e-02;8.362930e-02;1.226156e-01;1.008648e-01;7.711106e-02;6.391028e-02
6.492862e-02;2.895453e-02;2.278026e-01;5.610188e-02;7.675353e-02;8.213747e-02;1.100522e-01;6.127376e-02;1.129238e-01;8.779787e-02;4.932813e-02;4.194565e-02
3.946877e-02;4.133646e-02;1.571752e-01;8.546183e-02;1.085321e-01;8.854777e-02;1.563739e-01;6.262145e-02;9.554537e-02;9.519448e-02;2.714731e-02;4.259533e-02
3.831978e-02;3.824262e-02;2.541404e-01;1.023455e-01;1.226211e-01;7.065103e-02;1.162489e-01;6.355616e-02;5.393476e-02;8.134823e-02;3.612854e-02;2.246303e-02
5.965508e-02;3.278622e-02;3.287949e-01;8.114790e-02;9.993943e-02;5.557326e-02;1.778863e-01;3.866779e-02;3.303363e-02;4.746966e-02;2.554276e-02;1.950315e-02
7.034574e-02;3.155751e-02;4.295682e-01;8.458412e-02;8.908681e-02;4.238132e-02;1.350178e-01;2.922429e-02;2.042252e-02;2.838279e-02;1.861785e-02;2.081111e-02
5.683442e-02;3.721346e-02;5.532013e-01;8.371986e-02;7.283539e-02;2.525811e-02;5.141171e-02;2.510744e-02;1.669744e-02;2.824776e-02;2.663586e-02;2.283731e-02
2.476573e-02;4.194064e-02;6.271488e-01;6.741419e-02;6.778836e-02;2.827155e-02;3.342672e-02;2.344916e-02;1.217155e-02;3.467941e-02;2.345519e-02;1.548871e-02
4.763833e-02;6.122822e-02;5.926794e-01;4.271517e-02;6.679071e-02;2.825343e-02;3.963173e-02;2.737558e-02;2.263959e-02;3.519498e-02;1.813048e-02;1.772228e-02
8.591225e-02;8.047919e-02;4.594632e-01;2.242328e-02;7.078902e-02;3.977964e-02;7.691506e-02;2.927192e-02;4.211648e-02;3.656708e-02;2.765519e-02;2.862770e-02
8.837934e-02;3.494648e-02;4.803689e-01;3.473688e-02;7.186651e-02;4.262535e-02;6.682137e-02;2.985719e-02;4.269162e-02;3.954295e-02;3.794298e-02;3.022039e-02
6.153063e-02;4.122041e-02;4.262015e-01;6.128255e-02;5.838279e-02;4.678256e-02;7.935740e-02;4.300156e-02;4.505643e-02;5.617938e-02;3.277742e-02;4.822744e-02
7.828970e-02;6.471570e-02;1.576813e-01;6.064160e-02;7.236908e-02;5.453839e-02;1.050433e-01;7.948868e-02;9.305715e-02;9.757710e-02;6.664982e-02;6.994817e-02
8.020925e-02;7.179333e-02;1.146613e-01;4.896232e-02;8.137735e-02;4.888293e-02;1.035361e-01;8.384008e-02;1.120120e-01;1.092759e-01;8.051440e-02;6.493501e-02
7.224101e-02;7.323604e-02;1.154503e-01;5.291143e-02;8.139217e-02;6.409170e-02;1.078515e-01;7.095136e-02;1.230053e-01;1.050790e-01;7.850491e-02;5.528524e-02
5.977307e-02;7.339434e-02;1.503779e-01;1.051883e-01;7.502988e-02;7.356554e-02;9.981959e-02;5.250699e-02;1.104329e-01;8.687063e-02;6.396724e-02;4.907369e-02
3.737613e-02;4.940223e-02;2.154567e-01;7.735082e-02;8.232207e-02;7.349340e-02;2.158273e-01;4.647758e-02;5.422219e-02;6.538624e-02;4.610283e-02;3.658251e-02
4.235423e-02;4.199761e-02;2.003472e-01;6.624565e-02;1.147645e-01;9.306926e-02;2.767530e-01;3.579073e-02;3.092772e-02;3.981196e-02;3.161192e-02;2.632615e-02
3.358136e-02;6.649499e-02;2.631753e-01;9.077241e-02;1.150896e-01;7.814255e-02;2.080846e-01;2.699456e-02;2.280215e-02;3.003993e-02;3.669715e-02;2.812537e-02
2.849440e-02;8.632199e-02;3.539788e-01;1.089339e-01;1.001486e-01;5.410225e-02;1.241425e-01;2.291609e-02;1.961292e-02;2.478008e-02;4.375453e-02;3.281398e-02
6.383961e-02;7.631990e-02;4.338847e-01;9.401632e-02;6.395444e-02;3.459151e-02;8.225884e-02;1.563255e-02;2.169240e-02;3.066115e-02;4.644391e-02;3.670466e-02
8.790958e-02;5.935521e-02;4.714163e-01;4.898591e-02;3.030613e-02;3.172166e-02;7.980931e-02;1.256223e-02;5.457468e-02;3.515890e-02;3.478626e-02;5.341383e-02
9.292253e-02;1.220024e-01;3.707469e-01;2.240018e-02;3.266451e-02;3.469265e-02;1.276785e-01;2.094504e-02;6.744634e-02;3.285534e-02;3.435435e-02;4.129120e-02
7.086449e-02;7.408591e-02;4.241257e-01;2.576886e-02;4.001885e-02;2.732215e-02;1.421049e-01;3.635915e-02;3.841418e-02;4.501563e-02;3.773573e-02;3.818438e-02
1.266312e-01;7.911598e-02;4.062680e-01;3.630516e-02;3.797543e-02;1.785690e-02;9.407095e-02;3.876883e-02;5.100782e-02;4.350338e-02;3.779767e-02;3.069873e-02
1.271780e-01;1.330802e-01;4.010907e-01;4.310441e-02;2.904750e-02;2.024548e-02;6.105997e-02;2.528838e-02;5.460273e-02;4.683389e-02;2.668219e-02;3.178648e-02
6.624603e-02;1.233530e-01;5.205502e-01;5.164183e-02;2.726408e-02;1.410852e-02;3.807465e-02;1.224861e-02;3.676218e-02;6.972644e-02;1.560815e-02;2.441628e-02
2.849111e-02;9.746005e-02;6.484797e-01;4.464756e-02;2.913751e-02;1.254250e-02;1.791084e-02;9.048949e-03;1.439160e-02;7.757527e-02;5.110657e-03;1.520425e-02
2.066154e-02;1.041308e-01;6.759804e-01;3.967404e-02;2.530080e-02;1.454404e-02;1.822876e-02;1.214336e-02;1.485816e-02;5.748979e-02;3.328678e-03;1.365961e-02
4.572834e-02;1.228495e-01;6.650935e-01;4.667106e-02;1.747049e-02;1.260841e-02;1.936562e-02;9.816861e-03;1.516392e-02;3.356392e-02;3.245887e-03;8.422396e-03
4.526519e-02;1.322731e-01;6.354321e-01;4.929556e-02;3.171121e-02;1.686405e-02;2.794090e-02;9.979435e-03;1.543858e-02;2.156755e-02;7.473943e-03;6.758480e-03
5.889238e-02;1.184253e-01;6.129565e-01;4.138530e-02;4.435638e-02;2.032231e-02;3.023847e-02;1.498286e-02;1.347553e-02;2.077071e-02;1.241826e-02;1.177596e-02
9.563808e-02;7.116728e-02;5.415167e-01;3.364626e-02;5.967622e-02;1.972988e-02;4.243908e-02;3.373914e-02;2.240438e-02;3.937656e-02;2.168118e-02;1.898522e-02
9.574008e-02;2.977911e-02;4.496498e-01;4.772936e-02;6.778561e-02;2.707231e-02;5.899894e-02;3.897792e-02;4.581985e-02;5.994809e-02;3.583628e-02;4.266259e-02
8.105236e-02;6.266825e-02;4.305486e-01;7.886640e-02;4.343279e-02;3.766832e-02;4.609000e-02;3.108767e-02;4.256558e-02;6.639758e-02;3.857279e-02;4.104963e-02
4.773165e-02;3.567402e-02;4.334619e-01;1.042754e-01;4.101868e-02;4.373338e-02;7.379244e-02;2.916337e-02;4.273820e-02;6.867187e-02;4.024335e-02;3.949570e-02
9.427743e-02;7.173672e-02;3.659547e-01;7.664750e-02;4.723437e-02;3.589787e-02;9.200431e-02;3.838743e-02;4.121261e-02;5.340839e-02;4.024946e-02;4.298916e-02
1.002405e-01;1.002500e-01;2.737232e-01;5.418295e-02;6.754248e-02;5.034953e-02;9.741259e-02;5.520991e-02;5.486121e-02;5.380637e-02;3.877984e-02;5.364150e-02
7.220516e-02;6.860997e-02;2.411316e-01;5.437919e-02;1.146484e-01;6.616411e-02;9.758092e-02;5.653506e-02;6.483798e-02;7.410409e-02;3.846035e-02;5.134321e-02
5.788620e-02;5.831416e-02;2.119593e-01;4.749183e-02;9.906470e-02;9.830101e-02;1.251538e-01;4.634923e-02;6.313942e-02;9.169196e-02;6.531879e-02;3.532964e-02
5.133073e-02;6.706285e-02;1.936739e-01;3.327401e-02;6.149766e-02;1.346702e-01;1.221069e-01;4.611767e-02;1.126450e-01;9.027748e-02;5.689520e-02;3.044837e-02
4.960463e-02;9.754355e-02;1.563037e-01;5.181301e-02;4.637004e-02;1.102522e-01;9.838352e-02;6.539629e-02;1.260119e-01;1.011317e-01;4.861492e-02;4.857459e-02
7.027589e-02;1.132244e-01;8.093013e-02;5.591492e-02;3.803901e-02;1.033818e-01;1.164837e-01;8.295719e-02;9.825436e-02;1.008118e-01;8.831084e-02;5.141601e-02
7.097054e-02;9.349911e-02;8.135905e-02;5.000473e-02;6.767254e-02;1.029088e-01;1.336804e-01;8.931317e-02;7.436998e-02;9.802599e-02;9.348805e-02;4.470763e-02
7.446782e-02;7.084934e-02;1.129359e-01;4.174652e-02;8.225180e-02;9.588292e-02;1.577848e-01;7.798749e-02;6.751914e-02;8.121082e-02;8.540779e-02;5.195556e-02
7.063065e-02;6.188662e-02;1.648247e-01;4.374518e-02;7.471037e-02;5.270011e-02;2.439222e-01;7.999779e-02;4.651316e-02;6.173952e-02;5.344119e-02;4.588851e-02
4.353411e-02;3.201037e-02;5.209892e-02;3.318162e-02;4.505065e-02;4.841299e-02;4.042583e-01;1.083598e-01;9.855471e-02;8.120330e-02;2.885617e-02;2.447910e-02
4.671596e-02;2.856095e-02;6.504875e-02;3.671208e-02;3.178026e-02;3.099485e-02;3.809056e-01;1.232844e-01;1.180704e-01;7.925533e-02;3.748263e-02;2.118890e-02
3.934392e-02;2.121572e-02;7.861007e-02;3.238233e-02;2.654296e-02;2.152586e-02;4.042214e-01;1.594425e-01;1.025324e-01;6.421752e-02;2.695218e-02;2.301308e-02
3.073368e-02;1.126933e-02;1.106476e-01;1.743652e-02;1.736565e-02;1.456530e-02;4.671629e-01;2.114684e-01;5.294241e-02;3.329280e-02;1.230676e-02;2.080867e-02
1.884411e-02;1.137715e-02;1.337982e-01;6.358362e-03;9.159707e-03;1.321796e-02;4.756027e-01;2.501545e-01;4.410679e-02;1.777232e-02;4.705791e-03;1.490238e-02
1.415103e-02;1.295659e-02;1.334088e-01;2.826884e-02;9.543504e-03;1.276672e-02;4.268537e-01;2.543430e-01;6.351550e-02;2.094868e-02;1.044058e-02;1.280310e-02
1.067746e-02;1.102063e-02;1.991843e-01;6.922180e-02;1.133673e-02;1.174378e-02;3.793835e-01;2.372955e-01;3.842014e-02;1.560761e-02;5.473232e-03;1.063532e-02
8.142657e-03;9.247711e-03;2.053203e-01;7.740020e-02;9.246073e-03;1.486122e-02;3.905200e-01;2.276566e-01;3.068209e-02;1.276802e-02;5.643334e-03;8.511725e-03
4.202816e-03;2.944946e-02;1.266752e-01;4.548198e-02;1.688008e-02;1.659657e-02;4.811776e-01;2.357238e-01;2.094601e-02;1.033819e-02;7.859740e-03;4.668622e-03
5.548576e-03;4.696378e-02;6.627706e-02;1.391849e-02;1.841581e-02;1.948263e-02;5.422473e-01;2.542017e-01;1.456069e-02;7.109322e-03;7.674415e-03;3.600280e-03
6.685591e-03;5.713086e-02;3.927743e-02;1.062454e-02;2.041868e-02;1.912233e-02;5.757979e-01;2.267653e-01;1.528461e-02;9.540403e-03;1.384522e-02;5.507217e-03
8.497015e-03;6.986225e-02;2.611763e-02;8.135473e-03;2.810698e-02;2.487329e-02;6.340767e-01;1.358880e-01;1.607946e-02;1.149663e-02;2.777194e-02;9.094551e-03
7.255429e-03;8.972926e-02;2.473464e-02;1.159376e-02;3.918673e-02;4.895988e-02;6.365617e-01;6.955170e-02;1.894831e-02;1.011050e-02;3.547931e-02;7.888811e-03
2.462908e-02;8.882453e-02;3.278510e-02;1.465043e-02;5.790127e-02;8.434089e-02;5.550583e-01;6.190086e-02;1.981110e-02;1.864555e-02;2.982539e-02;1.162748e-02
2.672184e-02;5.046509e-02;5.346559e-02;1.178607e-02;7.673093e-02;1.120992e-01;5.468311e-01;4.688403e-02;1.600544e-02;2.321052e-02;1.974289e-02;1.605732e-02
2.028779e-02;1.746714e-02;4.218232e-02;9.518358e-03;9.004662e-02;1.251279e-01;6.177456e-01;2.628642e-02;1.352167e-02;1.994274e-02;8.288170e-03;9.585196e-03
3.076277e-02;8.810482e-03;5.456568e-02;9.519316e-03;1.260092e-01;1.515456e-01;5.531569e-01;2.412288e-02;9.419700e-03;1.748252e-02;9.956867e-03;4.648116e-03
4.920322e-02;1.630943e-02;3.940465e-02;1.718842e-02;1.886495e-01;1.943872e-01;4.163032e-01;3.180768e-02;1.049398e-02;1.891137e-02;1.141501e-02;5.926369e-03
3.843698e-02;1.003145e-02;6.406406e-02;1.744569e-02;1.992079e-01;1.997506e-01;3.899540e-01;2.997731e-02;1.210594e-02;1.873432e-02;1.539895e-02;4.892703e-03
4.194099e-02;1.019098e-02;7.275517e-02;2.007362e-02;1.669023e-01;1.739780e-01;4.297827e-01;1.925518e-02;1.623905e-02;2.009972e-02;1.774601e-02;1.103625e-02
4.192569e-02;1.454267e-02;6.298687e-02;2.260782e-02;1.736902e-01;1.680557e-01;4.199576e-01;2.647398e-02;1.765246e-02;2.033430e-02;1.745145e-02;1.432127e-02
1.922973e-02;1.257204e-02;8.130261e-02;2.689410e-02;2.378869e-01;1.898902e-01;3.451394e-01;1.893430e-02;1.386338e-02;1.688309e-02;1.204855e-02;2.535574e-02
2.083487e-02;7.522608e-03;8.587711e-02;2.950153e-02;3.096147e-01;1.960030e-01;2.442823e-01;1.128883e-02;2.644059e-02;9.930820e-03;4.720259e-03;5.398337e-02
1.551944e-02;8.549864e-03;1.170964e-01;4.226282e-02;3.202943e-01;1.643727e-01;2.135307e-01;9.052755e-03;3.181347e-02;9.004117e-03;4.866882e-03;6.363651e-02
7.788603e-03;7.192095e-03;1.611432e-01;4.689114e-02;3.074826e-01;1.395376e-01;2.176509e-01;5.164468e-03;2.349247e-02;8.900192e-03;8.133324e-03;6.662349e-02
4.522388e-03;7.790811e-03;2.352720e-01;6.590265e-02;2.697150e-01;1.218712e-01;1.920295e-01;5.272588e-03;1.360068e-02;9.350537e-03;1.810759e-02;5.656509e-02
1.130745e-02;1.567852e-02;4.126118e-01;8.100094e-02;1.612752e-01;7.820769e-02;1.452225e-01;9.516033e-03;1.352799e-02;1.234473e-02;2.621516e-02;3.309195e-02
1.457370e-02;2.404907e-02;5.673569e-01;7.265107e-02;5.090095e-02;3.293278e-02;1.373625e-01;1.293984e-02;1.513120e-02;1.584479e-02;3.219178e-02;2.406537e-02
1.092182e-02;3.250669e-02;5.676956e-01;4.879853e-02;8.053557e-02;4.790789e-02;1.301727e-01;1.131041e-02;1.602857e-02;1.070890e-02;2.467564e-02;1.873781e-02
3.095314e-02;4.782582e-02;4.470917e-01;2.154513e-02;1.430423e-01;8.611783e-02;1.278333e-01;8.708683e-03;2.282864e-02;1.007297e-02;2.503216e-02;2.894844e-02
5.737841e-02;3.668040e-02;3.358657e-01;2.722107e-02;1.650857e-01;1.056196e-01;1.657122e-01;1.487166e-02;1.834750e-02;1.879831e-02;2.108651e-02;3.333294e-02
6.501509e-02;3.830787e-02;2.383955e-01;2.239043e-02;1.822803e-01;1.140525e-01;2.085412e-01;1.855540e-02;2.443853e-02;2.421534e-02;3.391254e-02;2.989536e-02
4.315776e-02;3.099193e-02;2.683569e-01;2.802750e-02;1.621939e-01;9.330858e-02;2.227032e-01;1.969089e-02;3.333355e-02;3.676161e-02;3.090540e-02;3.056876e-02
3.078367e-02;2.598411e-02;3.578796e-01;5.839549e-02;1.305826e-01;6.881136e-02;1.301245e-01;3.150618e-02;5.725250e-02;3.955818e-02;2.724093e-02;4.188090e-02
4.440676e-02;2.779709e-02;2.285340e-01;8.887590e-02;1.036938e-01;5.875297e-02;1.259259e-01;7.064132e-02;8.455254e-02;5.266823e-02;4.642995e-02;6.772158e-02
5.398853e-02;3.674584e-02;1.331882e-01;9.375872e-02;9.964023e-02;5.750854e-02;1.338069e-01;9.029070e-02;9.332993e-02;5.946003e-02;6.785697e-02;8.042547e-02
4.023169e-02;4.405319e-02;2.246279e-01;8.564613e-02;1.106660e-01;6.495644e-02;8.932801e-02;7.370825e-02;6.947672e-02;4.677489e-02;8.811127e-02;6.241941e-02
1.839585e-02;4.156950e-02;4.172990e-01;6.743091e-02;1.098875e-01;5.541752e-02;1.215980e-01;3.623857e-02;2.487403e-02;2.419460e-02;6.369681e-02;1.939773e-02
2.957532e-02;2.810221e-02;5.350962e-01;6.926712e-02;8.503719e-02;3.602396e-02;8.159758e-02;3.252702e-02;1.865701e-02;3.496512e-02;3.485624e-02;1.429495e-02
1.992763e-02;1.276835e-02;6.202522e-01;7.305392e-02;5.900008e-02;2.557089e-02;6.270191e-02;3.156397e-02;2.802892e-02;3.530663e-02;1.935846e-02;1.246708e-02
1.016865e-02;1.426297e-02;6.911038e-01;7.167630e-02;4.614412e-02;1.375278e-02;5.737178e-02;1.751765e-02;2.709815e-02;3.048578e-02;1.126577e-02;9.152231e-03
1.171593e-02;1.547582e-02;6.904184e-01;7.549795e-02;4.539386e-02;1.274724e-02;6.890480e-02;1.020118e-02;2.084418e-02;2.902459e-02;1.504248e-02;4.733586e-03
9.185896e-03;1.096146e-02;6.986537e-01;8.398680e-02;4.773856e-02;1.238069e-02;6.134767e-02;1.048208e-02;1.544750e-02;2.921444e-02;1.726745e-02;3.333708e-03
1.240346e-02;1.489213e-02;7.134969e-01;7.834817e-02;4.295412e-02;1.270993e-02;5.526323e-02;7.481631e-03;1.273892e-02;2.864625e-02;1.613652e-02;4.928803e-03
1.039919e-02;8.817056e-03;7.445785e-01;6.376468e-02;3.773906e-02;1.534430e-02;6.026942e-02;3.881143e-03;9.779631e-03;3.235790e-02;9.152388e-03;3.916677e-03
7.869528e-03;2.400370e-02;7.549012e-01;5.743916e-02;2.747640e-02;9.014870e-03;6.268594e-02;5.093114e-03;6.343876e-03;3.477141e-02;6.976990e-03;3.423780e-03
6.804976e-03;2.365182e-02;7.675502e-01;5.903606e-02;2.323373e-02;1.031468e-02;5.865093e-02;5.813529e-03;4.457498e-03;3.088103e-02;5.611266e-03;3.994264e-03
5.346567e-03;1.151240e-02;7.821680e-01;6.172220e-02;3.219274e-02;1.548529e-02;4.884458e-02;5.833157e-03;4.583082e-03;2.759277e-02;2.740928e-03;1.978281e-03
4.673314e-03;1.549780e-02;7.639121e-01;6.122423e-02;3.669793e-02;1.325284e-02;4.981942e-02;6.743265e-03;8.745000e-03;3.081899e-02;5.442907e-03;3.172230e-03
8.898385e-03;3.102240e-02;7.733000e-01;5.096352e-02;2.727670e-02;6.746231e-03;4.334391e-02;3.904482e-03;8.186154e-03;3.722015e-02;6.557557e-03;2.580549e-03
4.537897e-03;3.970309e-02;7.975083e-01;4.173535e-02;2.078024e-02;5.383145e-03;3.017989e-02;4.335772e-03;8.094576e-03;3.958051e-02;4.194910e-03;3.966329e-03
1.019636e-02;5.758512e-02;7.944505e-01;3.191805e-02;1.345123e-02;8.058159e-03;2.613619e-02;6.640677e-03;5.476642e-03;3.668914e-02;3.915198e-03;5.482757e-03
1.486795e-02;6.408425e-02;7.778850e-01;3.250230e-02;1.636385e-02;7.767329e-03;2.016905e-02;4.751989e-03;1.032030e-02;4.102308e-02;5.165558e-03;5.099358e-03
1.331874e-02;6.344000e-02;7.927265e-01;3.094291e-02;1.173958e-02;9.865145e-03;2.078613e-02;5.314259e-03;9.290299e-03;3.554047e-02;2.769018e-03;4.266943e-03
1.163720e-02;6.119043e-02;7.922873e-01;3.607244e-02;1.692527e-02;1.030984e-02;2.577543e-02;4.763880e-03;5.620925e-03;2.670386e-02;3.234370e-03;5.479001e-03
1.178015e-02;6.003753e-02;7.754225e-01;4.056228e-02;2.222323e-02;1.377848e-02;2.775955e-02;8.644314e-03;6.816925e-03;1.960649e-02;6.130714e-03;7.237867e-03
1.032163e-02;7.255238e-02;7.257933e-01;3.412899e-02;2.804785e-02;1.735031e-02;2.924442e-02;1.936187e-02;1.864793e-02;2.458568e-02;1.200175e-02;7.963842e-03
2.891392e-02;8.541920e-02;6.564666e-01;3.809683e-02;3.077647e-02;1.745418e-02;2.722707e-02;1.750531e-02;3.476114e-02;3.450031e-02;1.925746e-02;9.621462e-03
5.448017e-02;8.360612e-02;5.707322e-01;3.598386e-02;2.962636e-02;2.491290e-02;3.817485e-02;1.695063e-02;4.508685e-02;6.208135e-02;3.057584e-02;7.788884e-03
8.459079e-02;6.207894e-02;3.995914e-01;2.824490e-02;3.587501e-02;2.668998e-02;6.887221e-02;2.925690e-02;7.412932e-02;1.125528e-01;6.309745e-02;1.502043e-02
1.025263e-01;6.657006e-02;2.506874e-01;4.480500e-02;4.738710e-02;4.785312e-02;7.624926e-02;3.676763e-02;9.337935e-02;1.243326e-01;7.995578e-02;2.948647e-02
1.003595e-01;5.386182e-02;1.734340e-01;4.816996e-02;5.390973e-02;7.605882e-02;1.049971e-01;7.027495e-02;9.048362e-02;1.023308e-01;7.822993e-02;4.788974e-02
8.007292e-02;3.984344e-02;1.336080e-01;4.003047e-02;6.364067e-02;7.534838e-02;1.067022e-01;9.194376e-02;7.217888e-02;9.926960e-02;1.109449e-01;8.641669e-02
7.258575e-02;8.478695e-02;1.272655e-01;3.707693e-02;7.478172e-02;1.016369e-01;9.117195e-02;7.647772e-02;6.025584e-02;7.695320e-02;1.272562e-01;6.975133e-02
6.717168e-02;1.049920e-01;1.373477e-01;3.798554e-02;8.488324e-02;1.333867e-01;1.076456e-01;7.081505e-02;5.281727e-02;6.778188e-02;1.065011e-01;2.867231e-02
5.562958e-02;6.883266e-02;1.558341e-01;3.450311e-02;7.021318e-02;1.347965e-01;1.019443e-01;6.838032e-02;7.326788e-02;8.976299e-02;1.281059e-01;1.872954e-02
5.385115e-02;5.244958e-02;1.449226e-01;6.399652e-02;5.297378e-02;1.093758e-01;1.023500e-01;7.030983e-02;9.454717e-02;1.008456e-01;1.220970e-01;3.228096e-02
4.694634e-02;4.757615e-02;1.238607e-01;9.484718e-02;6.851107e-02;7.347235e-02;1.612651e-01;6.686926e-02;8.476467e-02;1.083439e-01;6.926113e-02;5.428218e-02
5.626280e-02;7.285234e-02;1.121681e-01;8.862375e-02;7.395934e-02;8.092642e-02;1.581969e-01;5.127127e-02;9.725940e-02;1.061501e-01;5.552415e-02;4.680544e-02
7.362967e-02;1.039581e-01;9.107241e-02;7.491422e-02;9.038542e-02;1.085313e-01;1.140009e-01;5.908420e-02;1.116584e-01;7.617787e-02;5.108066e-02;4.550676e-02
1.042361e-01;7.923918e-02;8.495124e-02;6.808145e-02;7.923570e-02;1.204892e-01;9.456462e-02;4.664471e-02;1.240200e-01;5.841525e-02;6.096269e-02;7.915989e-02
9.205490e-02;8.110234e-02;9.879035e-02;7.968760e-02;6.108638e-02;7.297734e-02;1.454534e-01;2.794161e-02;1.257064e-01;6.009717e-02;6.509709e-02;9.000538e-02
1.105368e-01;7.325337e-02;8.791516e-02;5.737793e-02;4.381274e-02;5.711420e-02;3.290429e-01;3.360721e-02;4.591426e-02;4.886711e-02;5.030075e-02;6.225743e-02
9.586180e-02;4.640974e-02;8.439959e-02;3.581763e-02;5.545636e-02;6.540015e-02;3.980478e-01;4.777705e-02;4.239874e-02;5.713113e-02;3.597508e-02;3.532493e-02
8.652898e-02;5.411242e-02;8.809663e-02;3.438245e-02;7.494538e-02;8.902036e-02;3.596607e-01;4.488167e-02;3.587374e-02;5.149996e-02;4.208666e-02;3.891103e-02
6.400867e-02;6.389383e-02;7.788926e-02;2.629408e-02;1.167401e-01;1.305515e-01;3.266622e-01;3.387937e-02;3.608730e-02;3.494661e-02;5.072924e-02;3.831783e-02
6.508273e-02;7.116596e-02;6.752297e-02;2.511758e-02;2.014865e-01;1.699612e-01;1.687217e-01;2.218779e-02;7.523356e-02;2.744090e-02;6.548237e-02;4.059675e-02
7.472020e-02;4.864756e-02;6.720177e-02;3.454456e-02;2.658594e-01;1.503667e-01;8.829610e-02;1.540902e-02;1.279508e-01;2.181479e-02;4.879634e-02;5.639266e-02
5.561660e-02;1.527609e-02;8.409776e-02;3.542096e-02;2.794196e-01;1.407909e-01;1.431873e-01;1.747796e-02;1.452556e-01;1.064295e-02;2.185858e-02;5.095560e-02
3.145143e-02;1.102231e-02;1.122050e-01;4.503191e-02;2.841565e-01;1.333149e-01;1.596149e-01;1.763769e-02;1.351513e-01;9.954410e-03;7.386649e-03;5.307309e-02
1.711181e-02;1.076981e-02;1.544062e-01;6.297565e-02;3.009946e-01;1.131791e-01;1.132207e-01;1.122419e-02;1.266728e-01;1.428015e-02;1.445606e-02;6.070900e-02
1.630237e-02;7.620507e-03;1.952795e-01;7.603703e-02;2.986562e-01;1.014841e-01;8.419194e-02;8.791780e-03;1.015614e-01;1.927767e-02;1.943964e-02;7.135784e-02
1.185424e-02;9.377556e-03;2.579307e-01;8.537974e-02;2.734233e-01;9.014157e-02;7.813980e-02;1.181299e-02;6.392226e-02;1.895987e-02;3.312467e-02;6.593327e-02
1.671566e-02;1.828552e-02;3.404657e-01;1.094332e-01;2.497755e-01;7.583883e-02;2.907791e-02;1.377256e-02;2.657781e-02;1.817355e-02;4.401745e-02;5.786634e-02
9.292923e-03;2.802526e-02;3.663201e-01;1.161536e-01;2.113424e-01;7.440219e-02;4.941604e-02;2.343773e-02;1.203079e-02;1.219634e-02;3.904510e-02;5.833752e-02
1.512026e-02;3.465689e-02;4.077410e-01;1.109136e-01;1.726485e-01;6.559050e-02;4.589317e-02;4.262960e-02;1.015074e-02;8.014973e-03;4.429871e-02;4.234198e-02
1.191205e-02;3.447818e-02;4.642714e-01;1.107021e-01;1.497917e-01;6.267685e-02;2.437479e-02;5.889107e-02;4.931164e-03;8.459787e-03;4.643516e-02;2.307573e-02
9.876962e-03;2.270757e-02;4.912765e-01;9.719431e-02;1.225505e-01;5.914849e-02;5.970387e-02;5.304374e-02;9.900250e-03;8.850620e-03;4.768065e-02;1.806656e-02
7.383964e-03;1.481932e-02;5.711431e-01;9.030820e-02;8.536651e-02;5.276050e-02;4.220742e-02;4.791479e-02;1.687935e-02;1.035506e-02;4.600015e-02;1.486167e-02
1.277495e-02;1.560554e-02;6.165490e-01;7.104980e-02;5.237443e-02;3.499639e-02;6.626087e-02;4.683507e-02;1.742473e-02;1.701045e-02;3.145636e-02;1.766234e-02
1.477714e-02;1.652996e-02;5.732052e-01;4.504861e-02;4.039436e-02;2.222831e-02;1.851265e-01;3.662613e-02;1.445696e-02;2.232737e-02;1.430413e-02;1.497528e-02
1.049056e-02;2.600086e-02;5.069506e-01;3.439492e-02;4.885517e-02;2.828353e-02;2.648389e-01;2.004670e-02;1.419099e-02;2.508086e-02;7.662215e-03;1.320471e-02
2.587090e-02;4.412931e-02;3.952831e-01;2.615916e-02;5.376111e-02;6.139811e-02;2.636698e-01;2.528506e-02;3.503817e-02;3.151354e-02;1.404603e-02;2.384575e-02
1.579988e-02;4.665070e-02;2.035774e-01;1.871725e-02;4.911068e-02;9.482351e-02;3.615952e-01;5.731820e-02;6.083002e-02;3.806494e-02;3.612630e-02;1.738590e-02
3.307969e-02;2.470523e-02;2.265848e-01;3.177445e-02;2.952863e-02;1.074315e-01;3.143681e-01;7.663536e-02;4.528444e-02;3.820479e-02;5.373783e-02;1.866522e-02
4.095988e-02;2.356589e-02;2.705313e-01;3.017496e-02;2.911064e-02;8.098704e-02;2.815051e-01;8.391181e-02;2.593554e-02;4.551220e-02;6.721072e-02;2.059490e-02
3.629459e-02;2.664653e-02;4.531531e-01;3.537174e-02;3.910150e-02;3.929782e-02;1.718128e-01;4.643151e-02;2.019853e-02;4.560916e-02;6.294473e-02;2.313798e-02
3.830228e-02;4.063115e-02;6.186324e-01;4.343139e-02;4.140726e-02;3.340738e-02;5.862517e-02;1.131573e-02;3.276657e-02;2.236111e-02;4.647322e-02;1.264625e-02
4.611884e-02;8.213722e-02;6.540030e-01;4.111718e-02;3.210981e-02;2.133770e-02;3.916994e-02;1.170591e-02;3.144914e-02;1.346215e-02;1.887878e-02;8.510277e-03
4.798096e-02;1.114542e-01;6.707471e-01;3.003398e-02;2.137953e-02;1.972628e-02;2.657719e-02;1.189518e-02;2.338403e-02;2.337507e-02;8.797568e-03;4.648889e-03
2.532115e-02;9.274329e-02;6.947536e-01;3.466714e-02;1.250460e-02;1.959288e-02;3.039122e-02;1.062018e-02;2.076809e-02;4.612708e-02;8.154376e-03;4.356418e-03
1.212276e-02;4.768875e-02;6.943388e-01;6.109034e-02;2.900072e-02;1.488021e-02;4.540774e-02;9.933734e-03;1.224352e-02;5.072293e-02;1.736750e-02;5.202984e-03
1.241665e-02;2.005345e-02;6.248005e-01;1.041543e-01;5.993820e-02;1.665701e-02;3.672312e-02;1.655927e-02;1.164010e-02;3.264423e-02;5.491258e-02;9.500571e-03
1.552789e-02;1.403384e-02;4.362828e-01;1.323035e-01;1.319422e-01;4.392877e-02;6.348671e-02;2.066962e-02;1.234137e-02;1.144131e-02;7.394423e-02;4.409780e-02
5.200979e-02;1.847967e-02;2.361944e-01;8.425059e-02;1.700163e-01;1.062612e-01;1.761531e-01;1.421863e-02;1.198271e-02;6.423801e-03;3.911285e-02;8.489688e-02
1.170690e-01;3.933670e-02;9.580793e-02;3.114590e-02;1.188792e-01;1.405556e-01;3.492710e-01;1.707988e-02;1.125242e-02;8.511698e-03;9.741927e-03;6.134868e-02
1.112748e-01;9.075926e-02;2.634242e-02;1.241507e-02;5.981609e-02;1.036325e-01;5.127784e-01;3.740142e-02;7.619281e-03;8.616996e-03;7.287203e-03;2.205660e-02
5.434695e-02;1.209569e-01;1.716655e-02;7.209835e-03;2.793627e-02;5.503072e-02;5.926610e-01;9.264844e-02;7.494438e-03;6.094397e-03;1.350458e-02;4.949935e-03
