6.856547e-02;6.820589e-02;2.005314e-01;7.782954e-02;6.085277e-02;5.205910e-02;9.170686e-02;5.201548e-02;6.924240e-02;1.046709e-01;9.706014e-02;5.726003e-02
5.434937e-02;6.094265e-02;2.852617e-01;7.690305e-02;4.995341e-02;3.766719e-02;7.363712e-02;3.832527e-02;5.633125e-02;1.297448e-01;9.360947e-02;4.327482e-02
3.165155e-02;4.442628e-02;4.084040e-01;7.478420e-02;3.982572e-02;2.131856e-02;3.710015e-02;2.274103e-02;3.675574e-02;1.701201e-01;8.870886e-02;2.416380e-02
2.543284e-02;5.284205e-02;4.160920e-01;5.552246e-02;3.624945e-02;1.400498e-02;2.171778e-02;7.189878e-03;4.576796e-02;1.947550e-01;1.196114e-01;1.081426e-02
5.568933e-02;9.321539e-02;2.924672e-01;3.537475e-02;3.878877e-02;2.208078e-02;3.127093e-02;6.659915e-03;6.733567e-02;1.837808e-01;1.580484e-01;1.528803e-02
1.426334e-01;1.312775e-01;1.070306e-01;2.060448e-02;3.706073e-02;2.198089e-02;5.281531e-02;1.843275e-02;7.850015e-02;1.388274e-01;1.745381e-01;7.629862e-02
1.405632e-01;7.548453e-02;2.131779e-01;3.079685e-02;3.524350e-02;1.348841e-02;1.172351e-01;7.211638e-02;3.225530e-02;6.062327e-02;9.429252e-02;1.147230e-01
8.550233e-02;5.893325e-02;1.708866e-01;3.082797e-02;3.128869e-02;3.192853e-02;9.383576e-02;8.191077e-02;5.954766e-02;1.153428e-01;1.498204e-01;9.017522e-02
6.612329e-02;7.627571e-02;1.140859e-01;5.964353e-02;4.097200e-02;5.398292e-02;4.548201e-02;8.036422e-02;1.155934e-01;1.007658e-01;1.223175e-01;1.243937e-01
6.890210e-02;7.911108e-02;8.491417e-02;7.371180e-02;5.558497e-02;7.068654e-02;6.315773e-02;9.394788e-02;1.088619e-01;7.852944e-02;9.879000e-02;1.238024e-01
5.074618e-02;7.793324e-02;1.735429e-01;7.585423e-02;7.279655e-02;7.524417e-02;8.659282e-02;8.880477e-02;9.622020e-02;6.357160e-02;6.192322e-02;7.677004e-02
8.884896e-02;1.083775e-01;2.825935e-01;7.409213e-02;6.216582e-02;5.269744e-02;6.414337e-02;3.813887e-02;1.271499e-01;5.075881e-02;2.751550e-02;2.351822e-02
1.351327e-01;1.500834e-01;2.514755e-01;5.005734e-02;4.418946e-02;3.590234e-02;3.085722e-02;2.331318e-02;2.047810e-01;3.312830e-02;2.189820e-02;1.918140e-02
1.866268e-01;1.538077e-01;1.352301e-01;2.564055e-02;4.548949e-02;3.567212e-02;2.580771e-02;5.667341e-02;2.665821e-01;2.008364e-02;3.356802e-02;1.481842e-02
2.543397e-01;1.274115e-01;6.425707e-02;1.559727e-02;6.607516e-02;3.153521e-02;2.111878e-02;1.198293e-01;2.090277e-01;2.812602e-02;4.707667e-02;1.560553e-02
3.453018e-01;8.059251e-02;5.216824e-02;1.633647e-02;7.132483e-02;1.554542e-02;3.071063e-02;1.868608e-01;1.111708e-01;2.082199e-02;3.611187e-02;3.305462e-02
3.640125e-01;5.113216e-02;3.830823e-02;3.721137e-02;5.812130e-02;1.153440e-02;6.670944e-02;2.119062e-01;5.714882e-02;2.141208e-02;2.537025e-02;5.713321e-02
2.728398e-01;3.753715e-02;3.402083e-02;7.678960e-02;8.631869e-02;2.184001e-02;1.107324e-01;1.875772e-01;4.477038e-02;3.239277e-02;2.074044e-02;7.444073e-02
1.268278e-01;2.255397e-02;3.805200e-02;1.990806e-01;5.552661e-02;3.294935e-02;1.556304e-01;1.168657e-01;3.740789e-02;5.092899e-02;2.386254e-02;1.403141e-01
7.850568e-02;2.566386e-02;3.959498e-02;2.641132e-01;4.889739e-02;3.587405e-02;1.730639e-01;7.391838e-02;2.531214e-02;5.022088e-02;2.681017e-02;1.580254e-01
6.954071e-02;3.084993e-02;4.689419e-02;3.001302e-01;7.900951e-02;3.883095e-02;1.627580e-01;4.937359e-02;2.081305e-02;3.745396e-02;2.599304e-02;1.383529e-01
8.285594e-02;3.436521e-02;6.227101e-02;3.046089e-01;8.300208e-02;4.311429e-02;1.330411e-01;4.644874e-02;3.808529e-02;4.030581e-02;3.091893e-02;1.009827e-01
1.013906e-01;4.049084e-02;7.581243e-02;2.309961e-01;8.643984e-02;6.071306e-02;9.143779e-02;1.124863e-01;4.539899e-02;4.898105e-02;3.958543e-02;6.626754e-02
2.056875e-01;4.305410e-02;6.151918e-02;1.430148e-01;5.681257e-02;5.205897e-02;7.326148e-02;1.899194e-01;4.237339e-02;4.874987e-02;3.421322e-02;4.933548e-02
2.746501e-01;4.677198e-02;5.700813e-02;6.804342e-02;7.540888e-02;3.948390e-02;7.165431e-02;2.171852e-01;2.566796e-02;3.118651e-02;2.800661e-02;6.493295e-02
2.596825e-01;5.332814e-02;7.047472e-02;4.758375e-02;7.192282e-02;3.073587e-02;1.192207e-01;1.883833e-01;2.376751e-02;2.316286e-02;2.983388e-02;8.190408e-02
2.103249e-01;6.629354e-02;6.634627e-02;3.230573e-02;7.938637e-02;4.368109e-02;1.484155e-01;1.538930e-01;4.375422e-02;2.373045e-02;3.661317e-02;9.525573e-02
1.422973e-01;6.911853e-02;1.176326e-01;3.513469e-02;7.371178e-02;4.964836e-02;1.396798e-01;1.108806e-01;7.320440e-02;4.567317e-02;4.803827e-02;9.498054e-02
1.029758e-01;5.089087e-02;1.832176e-01;4.853917e-02;6.257283e-02;4.570295e-02;1.287915e-01;9.636609e-02;7.049581e-02;6.719807e-02;7.124235e-02;7.200700e-02
1.285125e-01;3.219318e-02;1.445140e-01;7.375409e-02;7.185216e-02;4.416680e-02;1.376382e-01;1.289099e-01;3.668692e-02;6.930180e-02;6.770399e-02;6.476641e-02
1.731433e-01;2.407411e-02;1.097955e-01;1.235356e-01;8.709637e-02;4.199913e-02;1.013766e-01;1.446534e-01;4.974593e-02;4.375108e-02;3.635284e-02;6.447611e-02
1.587014e-01;2.118717e-02;5.938709e-02;1.161564e-01;9.518691e-02;5.189148e-02;1.303902e-01;1.787111e-01;6.324613e-02;2.954733e-02;2.805450e-02;6.754032e-02
1.229313e-01;3.382502e-02;5.203717e-02;5.965897e-02;9.171323e-02;8.251175e-02;1.435481e-01;2.059049e-01;7.191381e-02;4.358161e-02;2.504023e-02;6.733397e-02
7.835238e-02;4.144015e-02;7.247027e-02;9.446424e-02;9.618933e-02;8.308905e-02;1.353702e-01;1.646957e-01;6.091329e-02;4.601602e-02;3.142494e-02;9.557449e-02
7.273465e-02;4.630230e-02;9.713078e-02;9.768064e-02;8.147549e-02;8.184446e-02;1.354779e-01;1.235968e-01;1.073494e-01;7.964439e-02;2.969001e-02;4.707322e-02
6.674785e-02;3.299176e-02;7.860238e-02;9.251849e-02;4.105094e-02;1.053511e-01;1.607403e-01;1.014400e-01;1.167617e-01;9.652298e-02;5.166190e-02;5.561068e-02
7.599085e-02;4.609079e-02;8.557396e-02;9.413214e-02;3.915202e-02;1.035246e-01;1.677119e-01;8.348455e-02;9.783654e-02;1.019229e-01;4.705659e-02;5.752315e-02
7.555420e-02;7.341553e-02;1.602174e-01;6.709294e-02;6.730975e-02;8.915272e-02;2.303174e-01;3.898391e-02;5.022994e-02;7.160095e-02;3.658326e-02;3.954195e-02
6.916044e-02;6.650476e-02;1.847021e-01;5.798177e-02;7.681958e-02;7.696566e-02;2.328849e-01;4.333130e-02;5.781414e-02;5.460638e-02;4.451281e-02;3.471621e-02
6.450820e-02;5.855616e-02;1.901536e-01;5.477165e-02;7.417707e-02;7.990312e-02;2.419492e-01;4.405759e-02;6.362949e-02;5.276250e-02;4.386223e-02;3.166919e-02
5.622157e-02;5.669673e-02;1.810730e-01;4.415677e-02;6.405459e-02;7.845560e-02;2.428000e-01;5.833563e-02;8.594271e-02;6.037299e-02;4.591529e-02;2.597524e-02
5.508867e-02;7.722420e-02;1.656376e-01;4.961438e-02;5.652825e-02;6.810805e-02;2.316900e-01;6.202400e-02;7.312907e-02;7.388560e-02;4.956244e-02;3.750777e-02
8.549138e-02;1.248918e-01;2.257164e-01;5.650361e-02;5.355800e-02;6.153737e-02;1.757832e-01;5.629457e-02;4.221468e-02;5.394784e-02;2.581695e-02;3.824411e-02
2.180838e-01;1.664720e-01;1.724712e-01;3.384696e-02;5.717252e-02;4.606022e-02;1.125096e-01;4.950744e-02;3.477428e-02;4.271248e-02;3.668466e-02;2.970492e-02
2.001218e-01;1.209040e-01;1.735094e-01;4.115951e-02;6.174722e-02;4.183433e-02;1.770703e-01;4.624166e-02;2.269703e-02;2.936842e-02;6.303743e-02;2.230888e-02
1.392289e-01;7.615752e-02;1.311950e-01;8.515769e-02;6.007529e-02;4.209503e-02;2.144167e-01;4.470267e-02;2.818923e-02;4.788164e-02;8.257960e-02;4.832071e-02
9.322844e-02;6.689149e-02;1.724342e-01;1.185862e-01;4.964636e-02;3.743302e-02;1.783459e-01;3.145269e-02;3.169031e-02;5.769273e-02;8.359692e-02;7.900172e-02
5.942245e-02;1.005763e-01;1.550439e-01;1.128263e-01;1.251126e-01;3.739258e-02;1.002248e-01;2.172749e-02;4.100989e-02;5.717391e-02;8.135745e-02;1.081324e-01
5.165947e-02;1.118537e-01;6.450414e-02;6.452195e-02;2.222971e-01;6.996115e-02;8.393526e-02;4.675355e-02;3.930686e-02;5.971127e-02;6.817970e-02;1.173158e-01
6.292515e-02;9.081069e-02;8.028886e-02;6.845243e-02;1.810228e-01;1.067297e-01;9.372899e-02;5.895096e-02;4.992975e-02;4.267075e-02;7.263689e-02;9.185304e-02
4.857297e-02;6.124944e-02;9.754132e-02;7.065106e-02;1.010296e-01;9.215184e-02;1.520680e-01;1.105254e-01;1.344763e-01;3.488066e-02;4.485106e-02;5.200223e-02
6.262271e-02;5.583994e-02;9.518398e-02;5.446495e-02;8.867086e-02;7.591820e-02;1.533779e-01;1.337621e-01;1.110262e-01;6.523884e-02;5.878590e-02;4.510835e-02
6.925497e-02;6.136914e-02;8.010964e-02;8.331379e-02;6.367842e-02;7.900728e-02;1.349295e-01;1.210113e-01;8.907790e-02;9.677795e-02;7.562581e-02;4.584435e-02
6.473423e-02;7.224131e-02;1.050999e-01;9.264963e-02;7.649684e-02;9.937461e-02;1.017784e-01;8.712716e-02;8.651491e-02;1.005609e-01;7.521343e-02;3.820868e-02
5.027988e-02;6.164099e-02;1.644546e-01;6.978496e-02;1.119427e-01;1.003530e-01;1.033002e-01;4.988262e-02;9.037422e-02;8.928441e-02;6.044858e-02;4.825381e-02
4.998949e-02;4.777741e-02;1.882673e-01;1.036839e-01;8.978398e-02;8.397903e-02;1.256329e-01;5.859092e-02;8.826008e-02;7.812633e-02;4.153413e-02;4.437445e-02
5.361107e-02;6.190177e-02;1.648279e-01;1.274836e-01;5.752748e-02;7.427091e-02;1.388804e-01;8.941513e-02;7.748885e-02;6.487052e-02;5.072260e-02;3.899986e-02
6.297223e-02;6.825438e-02;8.876568e-02;1.367978e-01;6.085603e-02;5.488028e-02;1.246799e-01;8.606009e-02;8.054234e-02;1.131615e-01;8.368886e-02;3.934099e-02
6.160680e-02;5.174436e-02;9.717575e-02;1.008265e-01;5.669833e-02;7.378433e-02;1.264823e-01;8.894627e-02;9.802454e-02;9.836600e-02;1.040708e-01;4.227412e-02
4.028830e-02;2.948310e-02;1.574689e-01;6.684285e-02;9.064223e-02;1.362617e-01;1.168266e-01;5.326022e-02;9.336185e-02;6.718733e-02;9.355922e-02;5.481770e-02
3.674255e-02;3.028068e-02;1.804451e-01;4.882515e-02;5.998314e-02;1.303170e-01;1.424643e-01;8.379643e-02;5.298176e-02;8.353633e-02;8.108493e-02;6.954256e-02
6.802338e-02;6.468958e-02;1.863663e-01;4.725915e-02;5.687206e-02;6.824607e-02;1.459035e-01;7.722203e-02;8.727359e-02;1.022035e-01;3.706543e-02;5.887545e-02
5.046468e-02;7.966335e-02;1.287595e-01;4.950903e-02;7.929065e-02;8.199137e-02;1.962995e-01;8.299144e-02;8.363780e-02;6.786115e-02;3.099534e-02;6.853615e-02
6.180475e-02;4.442223e-02;1.799364e-01;5.498828e-02;7.156613e-02;7.379302e-02;1.548152e-01;7.027287e-02;4.826817e-02;8.063848e-02;9.577539e-02;6.371900e-02
5.937950e-02;3.476886e-02;1.930494e-01;7.731476e-02;6.217828e-02;5.420194e-02;1.253211e-01;5.378035e-02;3.643560e-02;7.723068e-02;1.740946e-01;5.224500e-02
4.618882e-02;2.198671e-02;2.174092e-01;7.630768e-02;5.206938e-02;3.131631e-02;9.539638e-02;3.423851e-02;2.154945e-02;1.113826e-01;2.390453e-01;5.310963e-02
3.066888e-02;3.760312e-02;2.680779e-01;3.871841e-02;2.969534e-02;2.172514e-02;7.695332e-02;1.503838e-02;3.302714e-02;2.014224e-01;2.074908e-01;3.957916e-02
4.211941e-02;1.133525e-01;2.591815e-01;2.671540e-02;2.121506e-02;4.475092e-02;5.096681e-02;1.422731e-02;1.192734e-01;1.929598e-01;8.910425e-02;2.613356e-02
1.031390e-01;1.890045e-01;1.746789e-01;1.529732e-02;3.244571e-02;6.419743e-02;2.811836e-02;4.871786e-02;1.894904e-01;8.927667e-02;2.514256e-02;4.049133e-02
2.299950e-01;1.645435e-01;1.070753e-01;1.017380e-02;4.314609e-02;4.661208e-02;3.557885e-02;1.188225e-01;1.500892e-01;1.950498e-02;3.687774e-02;3.758088e-02
2.857800e-01;7.263460e-02;8.677980e-02;3.572300e-02;2.755724e-02;2.211311e-02;9.030007e-02;1.911382e-01;7.321268e-02;3.444241e-02;3.302972e-02;4.728915e-02
1.764947e-01;3.965935e-02;6.177687e-02;7.189378e-02;3.901697e-02;3.281664e-02;1.456775e-01;1.741160e-01;8.400321e-02;5.964982e-02;3.336198e-02;8.153311e-02
7.795063e-02;6.225542e-02;1.001723e-01;9.755387e-02;3.009638e-02;5.608060e-02;1.311831e-01;1.170043e-01;8.854467e-02;7.059719e-02;4.795881e-02;1.206028e-01
6.549770e-02;5.322170e-02;1.023631e-01;7.702496e-02;6.032634e-02;4.167148e-02;8.523019e-02;9.038224e-02;8.105446e-02;7.125397e-02;5.490714e-02;2.170667e-01
7.182263e-02;4.595032e-02;5.481702e-02;4.007020e-02;6.837835e-02;8.953110e-02;1.105627e-01;6.737868e-02;4.733375e-02;5.061037e-02;7.666162e-02;2.768833e-01
3.426214e-02;2.895490e-02;7.623684e-02;8.324216e-02;7.215342e-02;1.006142e-01;8.336020e-02;6.866708e-02;6.442682e-02;7.254763e-02;9.665281e-02;2.188817e-01
7.295141e-02;5.035195e-02;1.384028e-01;9.145452e-02;1.115027e-01;7.100621e-02;6.721646e-02;5.490752e-02;7.924245e-02;7.350152e-02;9.993584e-02;8.952662e-02
1.293192e-01;8.262764e-02;1.832436e-01;6.607787e-02;1.132129e-01;5.123723e-02;7.036530e-02;5.434173e-02;9.664220e-02;5.532592e-02;7.085565e-02;2.675077e-02
8.699074e-02;1.103675e-01;2.504860e-01;4.214787e-02;6.922171e-02;3.843706e-02;9.040608e-02;6.794296e-02;1.111793e-01;3.700208e-02;6.975251e-02;2.606627e-02
1.946262e-02;1.359033e-01;4.339650e-01;3.480875e-02;3.505285e-02;3.144461e-02;3.342977e-02;3.819048e-02;9.216405e-02;6.579420e-02;5.000763e-02;2.977675e-02
1.835253e-02;1.592892e-01;5.080158e-01;3.357961e-02;2.863216e-02;2.922436e-02;1.031574e-02;2.212412e-02;6.585589e-02;7.155302e-02;2.958407e-02;2.347345e-02
2.101947e-02;1.614823e-01;5.761953e-01;2.777139e-02;1.152160e-02;1.778282e-02;1.143553e-02;1.315885e-02;6.677068e-02;6.464993e-02;1.197451e-02;1.623762e-02
1.577471e-02;1.448454e-01;5.875532e-01;3.009086e-02;1.016703e-02;7.732894e-03;5.425692e-03;7.595111e-03;8.536279e-02;8.844257e-02;6.525158e-03;1.048452e-02
1.442895e-02;1.558296e-01;5.746595e-01;2.577356e-02;9.146221e-03;7.233574e-03;6.652291e-03;7.994630e-03;1.027441e-01;8.642787e-02;2.957044e-03;6.152726e-03
3.742787e-02;2.068758e-01;4.779406e-01;2.010778e-02;7.718535e-03;2.430669e-02;9.340817e-03;5.331658e-03;1.403587e-01;6.032211e-02;3.323247e-03;6.946174e-03
7.214134e-02;2.715167e-01;3.597610e-01;1.059455e-02;5.697283e-03;4.415323e-02;8.850034e-03;4.137397e-03;1.710989e-01;3.988983e-02;3.149044e-03;9.010600e-03
1.415460e-01;2.891124e-01;2.745342e-01;1.634974e-02;9.884985e-03;5.206304e-02;8.781901e-03;1.028712e-02;1.515067e-01;3.079418e-02;2.934386e-03;1.220534e-02
2.304463e-01;2.927140e-01;2.225436e-01;1.844497e-02;1.319820e-02;4.800053e-02;7.085027e-03;1.293893e-02;1.116094e-01;2.127677e-02;6.770203e-03;1.497211e-02
3.223462e-01;2.917708e-01;1.898963e-01;1.816789e-02;2.643987e-02;3.289579e-02;5.742735e-03;1.232075e-02;6.350179e-02;1.402616e-02;1.274622e-02;1.014543e-02
3.796118e-01;2.539106e-01;1.907625e-01;2.362120e-02;4.090276e-02;1.972308e-02;9.827963e-03;6.613565e-03;2.875148e-02;1.259363e-02;1.565982e-02;1.802166e-02
3.914036e-01;2.322191e-01;1.748262e-01;3.308380e-02;4.044193e-02;9.190897e-03;2.077282e-02;1.418128e-02;2.408911e-02;1.148829e-02;2.257034e-02;2.573279e-02
2.617724e-01;2.341447e-01;2.061648e-01;2.897774e-02;4.130009e-02;4.041953e-02;3.517716e-02;3.388697e-02;4.905737e-02;1.835944e-02;2.585701e-02;2.488280e-02
1.901991e-01;2.576500e-01;2.401142e-01;1.999094e-02;4.364466e-02;4.867398e-02;2.959514e-02;3.751337e-02;7.391512e-02;1.885409e-02;1.806466e-02;2.178468e-02
2.410068e-01;2.737624e-01;2.217620e-01;1.866961e-02;2.494306e-02;2.435734e-02;2.160164e-02;3.525179e-02;9.195908e-02;1.645720e-02;1.115149e-02;1.907759e-02
2.727012e-01;2.411150e-01;1.829812e-01;1.737115e-02;4.547863e-02;2.366464e-02;3.168703e-02;2.207655e-02;1.087903e-01;1.831894e-02;1.753409e-02;1.828130e-02
2.902658e-01;1.950069e-01;1.499210e-01;2.048604e-02;6.337809e-02;1.527686e-02;3.144295e-02;6.580349e-02;1.142129e-01;1.640066e-02;2.467536e-02;1.312992e-02
3.040616e-01;1.655883e-01;1.386549e-01;2.136483e-02;7.577964e-02;5.566836e-03;1.910117e-02;1.100487e-01;1.059371e-01;1.099093e-02;2.906217e-02;1.384378e-02
3.067324e-01;1.713907e-01;1.503985e-01;1.644599e-02;8.289366e-02;8.697630e-03;1.530600e-02;1.097112e-01;7.781278e-02;1.129568e-02;3.489013e-02;1.442537e-02
3.053991e-01;1.875230e-01;1.517244e-01;1.040969e-02;8.060904e-02;8.008466e-03;9.520263e-03;1.102139e-01;8.073080e-02;7.958478e-03;3.109808e-02;1.680478e-02
3.201762e-01;1.987122e-01;1.558330e-01;1.049502e-02;6.449833e-02;1.163011e-02;1.363316e-02;9.120226e-02;8.864319e-02;4.724758e-03;2.379740e-02;1.665442e-02
3.206826e-01;2.000100e-01;1.700646e-01;1.113971e-02;5.152972e-02;7.586156e-03;1.431631e-02;7.939517e-02;9.965235e-02;7.406588e-03;1.845324e-02;1.976351e-02
3.218890e-01;1.804012e-01;1.628713e-01;1.318447e-02;5.559606e-02;8.687787e-03;2.054011e-02;7.835022e-02;1.048603e-01;1.066755e-02;1.794859e-02;2.500336e-02
3.589471e-01;1.402795e-01;1.006546e-01;1.406895e-02;7.359260e-02;2.174738e-02;3.113412e-02;8.903673e-02;9.452402e-02;2.161260e-02;1.979545e-02;3.460705e-02
3.136931e-01;7.752608e-02;2.704786e-01;1.759442e-02;6.519847e-02;2.743362e-02;4.392975e-02;6.863642e-02;4.356033e-02;1.707795e-02;2.379418e-02;3.107715e-02
2.995095e-01;1.003336e-01;3.316474e-01;1.130300e-02;5.584087e-02;1.311453e-02;2.691454e-02;6.654702e-02;1.621708e-02;1.111994e-02;3.103179e-02;3.642076e-02
3.021609e-01;8.500703e-02;2.680115e-01;1.184213e-02;5.716180e-02;1.047477e-02;3.414410e-02;9.578270e-02;1.834466e-02;1.674783e-02;4.442183e-02;5.590074e-02
2.658264e-01;6.472211e-02;1.934234e-01;2.199296e-02;5.085270e-02;2.610859e-02;6.732246e-02;1.185995e-01;3.256659e-02;3.309952e-02;5.016136e-02;7.532450e-02
1.906821e-01;6.638820e-02;1.506795e-01;4.523111e-02;4.720906e-02;5.879772e-02;1.046371e-01;1.003214e-01;5.509939e-02;6.743646e-02;5.151237e-02;6.200562e-02
2.303858e-01;1.228665e-01;1.585570e-01;3.702440e-02;5.314327e-02;4.281456e-02;8.965331e-02;7.148216e-02;5.437862e-02;5.478258e-02;3.479263e-02;5.011916e-02
2.798352e-01;1.820617e-01;2.050455e-01;1.813763e-02;5.389972e-02;1.788250e-02;4.690230e-02;6.329235e-02;5.305679e-02;2.898210e-02;1.815850e-02;3.274564e-02
2.952315e-01;2.141031e-01;2.297662e-01;7.993697e-03;4.117609e-02;6.940158e-03;2.162435e-02;5.403686e-02;6.889380e-02;2.169101e-02;1.738765e-02;2.115555e-02
2.639674e-01;1.864041e-01;2.278926e-01;1.479143e-02;4.124907e-02;1.210327e-02;3.841956e-02;6.873068e-02;6.900409e-02;2.772515e-02;2.067644e-02;2.903625e-02
2.116583e-01;1.560766e-01;1.908247e-01;2.762601e-02;5.380446e-02;2.343727e-02;7.697970e-02;8.021569e-02;6.708608e-02;3.855437e-02;3.380321e-02;3.993362e-02
7.369576e-02;1.279377e-01;2.442637e-01;3.261818e-02;5.825245e-02;2.971944e-02;1.043032e-01;7.125320e-02;6.352139e-02;6.291122e-02;6.148549e-02;7.003828e-02
1.634929e-01;6.738862e-02;1.709377e-01;3.181960e-02;3.798022e-02;4.080218e-02;7.328705e-02;7.553575e-02;6.664284e-02;9.306596e-02;9.399053e-02;8.505672e-02
1.555908e-01;4.205561e-02;8.766244e-02;3.027740e-02;5.898637e-02;5.569118e-02;6.317955e-02;9.837676e-02;9.652882e-02;1.283002e-01;9.350040e-02;8.985054e-02
1.549555e-01;7.186750e-02;1.524296e-01;3.940544e-02;5.663780e-02;5.226910e-02;5.903688e-02;1.114836e-01;9.914091e-02;7.942068e-02;5.877769e-02;6.457534e-02
1.882185e-01;8.193358e-02;1.615337e-01;4.538947e-02;6.858154e-02;4.046458e-02;5.473106e-02;1.324405e-01;7.874655e-02;4.498984e-02;4.680815e-02;5.616245e-02
1.866501e-01;6.834333e-02;1.000100e-01;6.966083e-02;7.039415e-02;2.941280e-02;8.396401e-02;1.332502e-01;5.378335e-02;8.218917e-02;4.161330e-02;8.072872e-02
1.212591e-01;4.422904e-02;6.154373e-02;1.428181e-01;5.740005e-02;2.217357e-02;1.297168e-01;9.680984e-02;2.997331e-02;1.113044e-01;4.326605e-02;1.395061e-01
7.378123e-02;3.821515e-02;7.109463e-02;1.985033e-01;2.318641e-02;3.378860e-02;1.578514e-01;6.015425e-02;2.438884e-02;7.804058e-02;5.949116e-02;1.815044e-01
5.164465e-02;4.292609e-02;8.623216e-02;1.741594e-01;2.442054e-02;5.312347e-02;1.665070e-01;5.684348e-02;4.432641e-02;4.504219e-02;7.728666e-02;1.774880e-01
1.119842e-01;6.164525e-02;9.432846e-02;7.935159e-02;3.613649e-02;4.625041e-02;1.619073e-01;5.405493e-02;8.958518e-02;7.359767e-02;8.007666e-02;1.110820e-01
1.300476e-01;7.731383e-02;1.001527e-01;4.165400e-02;4.974811e-02;6.119398e-02;1.461032e-01;5.717893e-02;1.013458e-01;9.652884e-02;6.728348e-02;7.144953e-02
1.239335e-01;7.749939e-02;1.051862e-01;4.329911e-02;6.029392e-02;7.121782e-02;1.371372e-01;6.144088e-02;9.413809e-02;8.817082e-02;7.181716e-02;6.586593e-02
1.154108e-01;7.695790e-02;1.125407e-01;4.462999e-02;6.425529e-02;7.581742e-02;1.381671e-01;6.704105e-02;9.080488e-02;7.843721e-02;7.184959e-02;6.408817e-02
1.103821e-01;7.608745e-02;1.222338e-01;4.465081e-02;6.653687e-02;7.843342e-02;1.437817e-01;6.812751e-02;9.027308e-02;6.938805e-02;7.062239e-02;5.948278e-02
1.351634e-01;7.174329e-02;1.189984e-01;8.411007e-02;7.065889e-02;5.481768e-02;1.278421e-01;4.610726e-02;1.011159e-01;8.273002e-02;5.708726e-02;4.962571e-02
8.526159e-02;4.697343e-02;1.402284e-01;1.375148e-01;3.383442e-02;3.892024e-02;1.372410e-01;6.284501e-02;8.810071e-02;1.043167e-01;7.679385e-02;4.796978e-02
7.231211e-02;5.278222e-02;1.137756e-01;1.806303e-01;3.649439e-02;4.415755e-02;1.250186e-01;4.878725e-02;7.658661e-02;9.579591e-02;8.290925e-02;7.075024e-02
4.439945e-02;5.497488e-02;1.131738e-01;2.096521e-01;4.488537e-02;4.369591e-02;1.056813e-01;6.046003e-02;8.148563e-02;8.410617e-02;7.084545e-02;8.663993e-02
5.345714e-02;3.912001e-02;1.183873e-01;1.954107e-01;5.381769e-02;2.775781e-02;9.704243e-02;5.497759e-02;1.191331e-01;7.743064e-02;7.443443e-02;8.903117e-02
6.487755e-02;2.239422e-02;7.627694e-02;1.727295e-01;7.582478e-02;5.483403e-02;1.261467e-01;5.287404e-02;1.260952e-01;7.971872e-02;5.646488e-02;9.176344e-02
5.669066e-02;4.852248e-02;9.183265e-02;1.051539e-01;6.785069e-02;5.149662e-02;1.756498e-01;6.392298e-02;7.858209e-02;7.176138e-02;8.679114e-02;1.017457e-01
8.477955e-02;7.907739e-02;1.250495e-01;7.922659e-02;2.979919e-02;6.624911e-02;1.107856e-01;7.989281e-02;1.028585e-01;7.917803e-02;8.555906e-02;7.754477e-02
8.225242e-02;5.687852e-02;1.407673e-01;4.842503e-02;5.836238e-02;5.986048e-02;1.467462e-01;7.757308e-02;9.914601e-02;9.718330e-02;8.491027e-02;4.789497e-02
7.913203e-02;5.883773e-02;1.606793e-01;4.856261e-02;5.686970e-02;5.329727e-02;1.343262e-01;7.723897e-02;1.045369e-01;9.548925e-02;7.920040e-02;5.182963e-02
8.191776e-02;6.151393e-02;1.800869e-01;4.967118e-02;5.501090e-02;4.812479e-02;1.203807e-01;7.466220e-02;1.081128e-01;9.420867e-02;7.361442e-02;5.269578e-02
8.902483e-02;5.985089e-02;2.142401e-01;5.023970e-02;5.376491e-02;4.254462e-02;1.078829e-01;6.694232e-02;1.063077e-01;8.957063e-02;6.672586e-02;5.290549e-02
5.269848e-02;7.311111e-02;3.300796e-01;4.278270e-02;5.065086e-02;3.859528e-02;1.313917e-01;5.136632e-02;7.201928e-02;7.117114e-02;4.634168e-02;3.979186e-02
7.089454e-02;1.465930e-01;4.376364e-01;3.186151e-02;2.669599e-02;3.422924e-02;6.574093e-02;5.368246e-02;5.969514e-02;4.174252e-02;1.652919e-02;1.469916e-02
7.969639e-02;2.255344e-01;4.355250e-01;2.164288e-02;5.896828e-03;2.921699e-02;1.406240e-02;3.472036e-02;1.161110e-01;2.280995e-02;5.633892e-03;9.149890e-03
1.215577e-01;2.686802e-01;3.619556e-01;1.985808e-02;5.409848e-03;2.552559e-02;9.570087e-03;3.028282e-02;1.258698e-01;1.668637e-02;5.138049e-03;9.465869e-03
1.974043e-01;2.896818e-01;2.843688e-01;1.665876e-02;5.985698e-03;1.703740e-02;1.468683e-02;3.887335e-02;9.037957e-02;3.200373e-02;5.675460e-03;7.244329e-03
2.830110e-01;2.956044e-01;2.165582e-01;1.074663e-02;1.112842e-02;7.693561e-03;3.367167e-02;3.700052e-02;4.490606e-02;3.902256e-02;8.637929e-03;1.201900e-02
3.868313e-01;2.896639e-01;1.540260e-01;6.664569e-03;1.308732e-02;4.851792e-03;2.958231e-02;3.768222e-02;2.362510e-02;2.570451e-02;1.029190e-02;1.798918e-02
4.492588e-01;2.725912e-01;1.287952e-01;6.008628e-03;1.688996e-02;8.552480e-03;1.323425e-02;4.051368e-02;1.858710e-02;1.512810e-02;9.585209e-03;2.085526e-02
4.516814e-01;2.376483e-01;1.159240e-01;6.598507e-03;2.018647e-02;1.001409e-02;1.174102e-02;7.636404e-02;1.959573e-02;1.635814e-02;1.011259e-02;2.377565e-02
4.742692e-01;2.103136e-01;8.221213e-02;8.592057e-03;2.088185e-02;1.365889e-02;1.404811e-02;1.011313e-01;2.142834e-02;1.522627e-02;8.865253e-03;2.937290e-02
4.844450e-01;1.718467e-01;9.050733e-02;8.334605e-03;2.083911e-02;1.164372e-02;1.746880e-02;1.146442e-01;1.895743e-02;1.338865e-02;1.058000e-02;3.734429e-02
4.814734e-01;1.222883e-01;7.371958e-02;7.900617e-03;1.710022e-02;3.255742e-02;2.878560e-02;1.371974e-01;1.842260e-02;1.738563e-02;1.451937e-02;4.864980e-02
4.372707e-01;7.845308e-02;7.072569e-02;1.333059e-02;1.707126e-02;5.042734e-02;5.142244e-02;1.567496e-01;3.054519e-02;1.636400e-02;1.810771e-02;5.953229e-02
4.056068e-01;5.139476e-02;7.006195e-02;1.711486e-02;1.862712e-02;4.110419e-02;7.426931e-02;1.739125e-01;4.511673e-02;1.636811e-02;2.167951e-02;6.474412e-02
3.370142e-01;4.866317e-02;7.967218e-02;2.517776e-02;2.024699e-02;3.474754e-02;1.191184e-01;1.713486e-01;4.817736e-02;2.252246e-02;2.233052e-02;7.098089e-02
2.658616e-01;4.096176e-02;9.681644e-02;4.023883e-02;3.573777e-02;4.834899e-02;1.465509e-01;1.375497e-01;4.327015e-02;3.770209e-02;2.767785e-02;7.928398e-02
1.966254e-01;6.079906e-02;1.727639e-01;5.403519e-02;4.376900e-02;5.440715e-02;1.274056e-01;9.385204e-02;3.797373e-02;5.405642e-02;3.692391e-02;6.738861e-02
1.406241e-01;4.164884e-02;2.027630e-01;5.880032e-02;7.956771e-02;9.075235e-02;1.054590e-01;8.528484e-02;3.608517e-02;5.457912e-02;5.971817e-02;4.471736e-02
6.852488e-02;4.912621e-02;2.070313e-01;6.085548e-02;9.629880e-02;1.126601e-01;1.050125e-01;9.646929e-02;5.381835e-02;3.806809e-02;5.722316e-02;5.491183e-02
7.214079e-02;5.356139e-02;1.993201e-01;4.110000e-02;4.368116e-02;5.550022e-02;1.404582e-01;1.155717e-01;5.521142e-02;5.454149e-02;6.498168e-02;1.039319e-01
9.874751e-02;7.360936e-02;1.221965e-01;4.117362e-02;1.610615e-02;4.815646e-02;1.805203e-01;1.280366e-01;4.645738e-02;4.603652e-02;5.529010e-02;1.436695e-01
7.495809e-02;9.892177e-02;7.820650e-02;2.897400e-02;1.628086e-02;5.969490e-02;2.032992e-01;1.172221e-01;4.429334e-02;4.705086e-02;8.388481e-02;1.472135e-01
5.030652e-02;1.210821e-01;5.239550e-02;3.917624e-02;4.867125e-02;5.892377e-02;1.798004e-01;7.872899e-02;4.153662e-02;9.912465e-02;1.144811e-01;1.157729e-01
6.140155e-02;1.060517e-01;5.478138e-02;7.460444e-02;7.808120e-02;4.019966e-02;1.055115e-01;5.816633e-02;9.314590e-02;1.363847e-01;1.004016e-01;9.126998e-02
5.246005e-02;6.438498e-02;6.028522e-02;9.835681e-02;9.122117e-02;4.236644e-02;5.732601e-02;5.487108e-02;1.280244e-01;1.440503e-01;9.871335e-02;1.079403e-01
5.691540e-02;5.039533e-02;1.123672e-01;6.400391e-02;9.545899e-02;4.481573e-02;6.651615e-02;4.947390e-02;1.007273e-01;1.379142e-01;1.122453e-01;1.091666e-01
5.046947e-02;5.604087e-02;1.391450e-01;9.573371e-02;1.247548e-01;3.545273e-02;7.329122e-02;5.540268e-02;9.126122e-02;9.226293e-02;1.297211e-01;5.646415e-02
9.704076e-02;5.474011e-02;1.482234e-01;1.056225e-01;9.973598e-02;3.675053e-02;9.057806e-02;3.725043e-02;9.233990e-02;6.169771e-02;1.362812e-01;3.973941e-02
1.246895e-01;4.508394e-02;1.768640e-01;5.554333e-02;6.661261e-02;4.606848e-02;1.210727e-01;5.027354e-02;4.868410e-02;1.036082e-01;1.132962e-01;4.820338e-02
1.011453e-01;4.895834e-02;1.465295e-01;5.978202e-02;7.786255e-02;6.283836e-02;1.389509e-01;5.548881e-02;4.049423e-02;1.047077e-01;1.085101e-01;5.473211e-02
7.111682e-02;6.147356e-02;1.028651e-01;8.416143e-02;1.092980e-01;6.464761e-02;1.434611e-01;3.641098e-02;6.529259e-02;1.176988e-01;9.197469e-02;5.159939e-02
6.568062e-02;6.674486e-02;1.064941e-01;9.521877e-02;1.113548e-01;7.122783e-02;1.168897e-01;6.547658e-02;8.155081e-02;8.210976e-02;7.061888e-02;6.663340e-02
8.887542e-02;7.418268e-02;1.072429e-01;7.096176e-02;8.532133e-02;7.475240e-02;1.430192e-01;7.199779e-02;8.084773e-02;6.892096e-02;6.231777e-02;7.156008e-02
9.779549e-02;7.242913e-02;1.232546e-01;6.043425e-02;7.235772e-02;7.012971e-02;1.484187e-01;6.907859e-02;7.979295e-02;7.428091e-02;6.290052e-02;6.912751e-02
