2.028593e-01;9.190337e-02;1.432678e-01;4.920884e-02;9.142715e-02;6.719785e-02;6.803767e-02;4.630300e-02;5.350290e-02;6.822126e-02;4.249427e-02;7.557661e-02
1.785830e-01;6.545727e-02;1.594292e-01;6.878135e-02;1.111016e-01;6.829269e-02;6.587085e-02;4.116000e-02;5.868604e-02;9.195225e-02;4.563579e-02;4.505002e-02
1.261443e-01;3.510933e-02;1.696579e-01;6.023626e-02;1.049438e-01;7.518461e-02;9.941925e-02;5.485142e-02;8.538379e-02;9.294936e-02;4.668070e-02;4.943917e-02
4.845164e-02;7.505629e-02;1.573768e-01;5.448807e-02;6.454385e-02;5.242299e-02;1.755722e-01;5.157616e-02;1.134226e-01;7.493745e-02;8.063286e-02;5.151908e-02
7.179701e-02;7.201464e-02;1.572987e-01;4.809423e-02;4.473031e-02;3.760118e-02;1.515275e-01;6.015177e-02;1.926797e-01;7.248697e-02;5.133708e-02;4.028096e-02
8.396118e-02;6.647734e-02;1.236328e-01;3.796941e-02;5.244425e-02;4.069834e-02;1.467546e-01;7.801070e-02;2.087324e-01;7.431599e-02;4.630569e-02;4.069733e-02
7.960217e-02;4.807937e-02;2.554832e-01;5.571263e-02;8.560579e-02;6.881442e-02;1.447620e-01;3.646870e-02;1.023379e-01;5.656317e-02;4.394857e-02;2.262211e-02
1.094342e-01;8.046051e-02;2.654618e-01;4.726783e-02;6.818751e-02;6.099198e-02;1.943609e-01;4.762469e-02;3.125617e-02;3.501153e-02;3.136306e-02;2.857990e-02
1.810258e-01;8.667242e-02;2.166886e-01;3.516277e-02;5.764254e-02;5.455388e-02;1.965323e-01;5.622362e-02;1.804247e-02;3.063646e-02;2.604170e-02;4.077758e-02
3.150305e-01;8.032437e-02;1.177184e-01;2.205924e-02;3.961128e-02;4.553569e-02;1.759528e-01;7.752773e-02;1.437719e-02;2.524180e-02;2.395976e-02;6.266117e-02
4.871446e-01;6.380914e-02;6.837322e-02;1.268663e-02;2.580241e-02;2.614202e-02;9.451068e-02;9.419448e-02;9.361672e-03;1.232874e-02;1.786543e-02;8.778095e-02
5.624623e-01;7.371788e-02;8.190718e-02;1.250900e-02;2.123500e-02;1.192449e-02;2.206966e-02;8.027252e-02;1.468203e-02;7.086341e-03;2.061608e-02;9.151757e-02
5.694817e-01;8.941564e-02;9.059960e-02;8.261031e-03;2.115946e-02;9.388704e-03;2.172532e-02;6.981842e-02;1.422937e-02;1.267381e-02;1.777205e-02;7.547490e-02
5.336255e-01;1.128710e-01;1.057726e-01;8.504167e-03;2.190265e-02;7.480394e-03;4.401707e-02;6.029790e-02;1.479601e-02;1.187559e-02;1.723534e-02;6.162177e-02
5.072111e-01;1.277627e-01;9.096649e-02;6.604674e-03;2.203327e-02;1.348796e-02;5.433498e-02;7.605012e-02;1.308113e-02;1.136318e-02;1.656513e-02;6.053930e-02
4.529482e-01;1.046532e-01;6.437560e-02;1.091479e-02;1.979043e-02;1.362902e-02;8.465733e-02;1.296650e-01;1.817268e-02;1.689892e-02;1.535900e-02;6.893580e-02
3.402722e-01;6.365732e-02;3.919551e-02;2.030983e-02;1.210599e-02;1.553319e-02;1.677372e-01;1.799007e-01;2.558397e-02;2.977769e-02;1.806678e-02;8.785965e-02
2.069431e-01;3.059005e-02;3.459875e-02;3.648086e-02;8.726438e-03;2.350894e-02;2.832727e-01;1.775048e-01;1.889553e-02;4.026060e-02;2.961204e-02;1.096062e-01
1.365013e-01;1.945011e-02;4.290773e-02;3.954072e-02;1.356021e-02;4.334152e-02;3.530795e-01;1.083394e-01;1.751915e-02;4.749125e-02;5.220642e-02;1.260627e-01
1.189065e-01;2.290993e-02;8.957168e-02;2.203350e-02;3.530999e-02;6.456353e-02;3.167140e-01;3.117161e-02;3.709008e-02;5.900463e-02;8.838922e-02;1.143353e-01
1.117772e-01;1.955643e-02;1.636004e-01;2.015075e-02;4.172065e-02;7.132109e-02;1.758651e-01;5.874249e-02;6.170823e-02;7.776207e-02;1.207358e-01;7.705977e-02
1.249338e-01;2.465548e-02;2.123159e-01;1.943473e-02;2.895272e-02;1.028228e-01;5.680900e-02;7.594797e-02;4.963743e-02;8.758666e-02;1.593473e-01;5.755629e-02
1.037076e-01;2.567405e-02;1.416158e-01;1.286488e-02;1.317968e-02;1.416478e-01;1.110892e-01;5.825444e-02;2.574272e-02;1.021035e-01;2.075818e-01;5.653863e-02
6.539338e-02;1.924869e-02;1.273011e-01;1.028895e-02;1.063080e-02;1.728007e-01;9.960011e-02;3.430265e-02;3.532758e-02;1.168351e-01;2.672983e-01;4.097251e-02
5.801081e-02;2.150385e-02;1.409635e-01;1.204969e-02;1.652542e-02;1.968113e-01;6.569272e-02;1.731457e-02;3.699999e-02;1.165815e-01;2.816657e-01;3.588101e-02
5.309534e-02;1.130532e-02;1.544521e-01;7.933690e-03;1.833555e-02;2.094564e-01;4.084783e-02;2.567980e-02;4.595957e-02;1.005405e-01;2.727037e-01;5.969013e-02
4.958145e-02;1.492566e-02;1.629343e-01;1.401026e-02;2.366123e-02;2.169004e-01;2.880082e-02;2.388839e-02;6.472215e-02;8.985902e-02;2.579490e-01;5.276733e-02
6.563506e-02;2.069740e-02;1.460688e-01;1.446720e-02;3.170354e-02;1.987739e-01;5.890983e-02;3.473376e-02;5.803285e-02;8.415580e-02;2.249125e-01;6.190935e-02
7.844917e-02;2.448972e-02;1.154138e-01;1.788633e-02;3.216358e-02;1.599195e-01;7.326643e-02;3.584946e-02;6.599316e-02;8.789068e-02;2.030069e-01;1.056713e-01
6.057253e-02;2.855566e-02;1.047932e-01;9.826373e-03;3.533164e-02;1.514632e-01;6.289746e-02;2.442292e-02;7.342291e-02;9.386595e-02;2.096912e-01;1.451569e-01
4.611718e-02;3.221813e-02;1.765319e-01;1.103804e-02;3.828278e-02;1.772857e-01;4.006181e-02;1.308654e-02;7.058503e-02;8.288199e-02;1.874849e-01;1.244259e-01
3.457157e-02;2.468269e-02;2.537053e-01;1.376670e-02;3.626515e-02;1.932145e-01;2.978292e-02;1.623212e-02;9.123290e-02;7.464828e-02;1.645129e-01;6.738503e-02
3.546124e-02;2.615597e-02;2.612604e-01;1.929510e-02;4.265555e-02;1.919866e-01;3.588689e-02;1.602221e-02;9.124700e-02;6.598137e-02;1.584371e-01;5.561058e-02
5.765477e-02;3.821576e-02;2.373879e-01;1.846401e-02;4.426880e-02;1.803221e-01;4.933745e-02;1.465159e-02;6.252182e-02;8.664022e-02;1.492748e-01;6.126084e-02
4.994500e-02;6.212831e-02;1.918845e-01;2.063174e-02;4.300846e-02;1.499824e-01;4.857107e-02;2.959720e-02;4.620087e-02;1.441962e-01;1.521715e-01;6.168281e-02
2.817791e-02;6.770256e-02;1.496008e-01;2.521553e-02;5.970361e-02;1.313862e-01;6.825393e-02;4.399019e-02;6.088906e-02;1.641581e-01;1.621199e-01;3.880212e-02
5.691007e-02;6.777877e-02;1.328730e-01;3.703607e-02;5.114442e-02;1.433418e-01;9.443723e-02;6.790257e-02;5.211041e-02;1.245807e-01;1.310363e-01;4.084868e-02
8.278916e-02;6.467988e-02;9.576982e-02;6.912332e-02;5.972685e-02;1.103525e-01;8.288744e-02;9.268181e-02;6.366103e-02;1.333970e-01;9.612178e-02;4.880945e-02
9.895612e-02;7.233622e-02;9.298542e-02;7.063650e-02;6.465514e-02;7.914960e-02;1.074791e-01;7.939635e-02;7.596898e-02;1.582773e-01;5.740663e-02;4.275256e-02
1.206433e-01;8.978663e-02;1.252590e-01;7.235052e-02;4.804992e-02;4.655897e-02;9.238658e-02;6.578867e-02;9.944362e-02;1.249972e-01;4.782759e-02;6.690798e-02
1.251716e-01;8.413811e-02;1.196442e-01;5.964299e-02;2.528975e-02;3.975100e-02;8.364958e-02;6.315896e-02;8.514522e-02;1.028816e-01;9.853347e-02;1.129934e-01
8.920638e-02;7.855197e-02;7.971150e-02;4.587599e-02;3.981670e-02;2.455981e-02;7.824307e-02;5.159055e-02;4.949244e-02;1.607137e-01;1.632383e-01;1.389996e-01
7.571135e-02;1.026873e-01;7.629181e-02;5.878963e-02;5.265418e-02;3.413063e-02;8.617686e-02;5.509649e-02;4.184491e-02;1.898824e-01;1.361110e-01;9.062345e-02
8.300288e-02;1.289757e-01;1.036287e-01;5.038148e-02;4.867988e-02;3.657117e-02;8.297130e-02;6.665050e-02;4.819780e-02;1.781636e-01;1.018940e-01;7.088310e-02
7.043473e-02;5.318645e-02;1.924025e-01;4.568610e-02;4.092816e-02;4.975903e-02;8.633677e-02;5.186631e-02;6.395938e-02;1.533897e-01;1.009341e-01;9.111673e-02
6.131476e-02;4.213459e-02;2.395005e-01;3.403010e-02;4.568793e-02;4.644722e-02;8.399248e-02;2.955181e-02;5.914799e-02;1.688887e-01;1.216727e-01;6.763133e-02
4.369196e-02;3.394148e-02;1.501615e-01;2.507724e-02;4.242471e-02;2.543413e-02;9.844448e-02;4.135850e-02;8.301587e-02;2.479900e-01;1.607469e-01;4.771334e-02
5.807387e-02;5.101572e-02;1.353741e-01;2.406266e-02;5.794835e-02;3.803134e-02;1.357349e-01;5.109664e-02;1.098055e-01;1.862808e-01;1.156275e-01;3.694857e-02
7.492268e-02;8.752935e-02;2.008654e-01;4.263944e-02;5.217488e-02;4.246137e-02;1.248021e-01;4.995953e-02;8.027384e-02;1.213673e-01;8.880742e-02;3.419672e-02
1.195966e-01;8.077718e-02;2.020305e-01;4.943348e-02;4.709340e-02;3.619074e-02;1.148208e-01;4.724972e-02;5.976911e-02;9.111892e-02;9.954671e-02;5.237283e-02
1.652856e-01;6.377503e-02;1.564293e-01;6.861156e-02;4.335550e-02;4.045102e-02;1.012080e-01;3.811453e-02;4.616674e-02;6.896579e-02;1.087980e-01;9.883887e-02
2.075215e-01;5.608608e-02;8.091290e-02;9.663635e-02;2.626191e-02;2.900017e-02;1.255908e-01;4.802783e-02;3.043995e-02;4.354269e-02;8.946092e-02;1.665189e-01
2.540066e-01;3.335226e-02;4.549734e-02;7.644194e-02;2.383181e-02;2.539598e-02;1.495911e-01;4.136593e-02;1.915313e-02;3.261311e-02;9.796753e-02;2.007833e-01
2.774524e-01;7.536653e-02;1.054392e-01;3.672620e-02;2.335165e-02;2.951697e-02;9.028924e-02;3.635843e-02;2.632365e-02;5.084359e-02;9.971137e-02;1.486207e-01
2.462537e-01;9.249762e-02;1.403867e-01;3.494381e-02;3.756183e-02;3.563341e-02;6.244479e-02;4.514949e-02;4.057906e-02;7.136934e-02;8.662794e-02;1.065523e-01
1.545292e-01;1.084496e-01;1.508617e-01;4.460660e-02;4.468588e-02;4.954205e-02;1.126680e-01;4.133659e-02;4.213151e-02;7.126188e-02;6.326644e-02;1.166605e-01
3.499351e-01;1.075814e-01;8.925051e-02;3.539972e-02;2.834094e-02;3.221797e-02;9.308015e-02;2.152707e-02;2.027337e-02;4.198217e-02;5.755683e-02;1.228547e-01
3.974077e-01;1.098274e-01;6.830461e-02;4.628324e-02;1.790026e-02;1.720452e-02;9.797690e-02;3.213492e-02;1.684771e-02;2.723242e-02;3.718292e-02;1.316974e-01
3.361799e-01;7.373524e-02;7.343030e-02;6.086063e-02;2.784321e-02;1.980835e-02;1.236324e-01;4.195754e-02;2.489563e-02;2.811702e-02;3.308433e-02;1.564554e-01
3.532733e-01;6.050464e-02;6.895136e-02;4.636239e-02;3.186833e-02;2.085884e-02;9.838614e-02;3.483499e-02;3.140101e-02;2.558880e-02;4.625838e-02;1.817118e-01
3.399240e-01;5.693252e-02;5.647890e-02;4.262191e-02;3.055595e-02;1.984820e-02;6.075769e-02;3.792040e-02;2.705196e-02;2.651962e-02;7.717367e-02;2.242152e-01
2.920204e-01;6.218839e-02;7.074586e-02;4.091632e-02;2.304742e-02;1.272617e-02;7.286995e-02;3.223875e-02;2.884771e-02;3.415849e-02;1.122731e-01;2.179675e-01
2.581794e-01;6.262047e-02;1.301885e-01;4.310133e-02;2.655876e-02;3.672471e-02;5.804931e-02;5.976070e-02;5.849621e-02;3.498044e-02;9.649466e-02;1.348455e-01
1.522467e-01;1.070474e-01;9.631547e-02;5.460386e-02;7.151911e-02;7.578049e-02;1.126595e-01;7.599606e-02;7.796460e-02;4.938555e-02;6.894287e-02;5.753826e-02
1.687146e-01;1.002532e-01;1.521568e-01;4.539254e-02;6.539937e-02;6.204630e-02;1.380964e-01;4.827576e-02;6.190153e-02;5.082930e-02;5.351619e-02;5.341808e-02
2.080091e-01;8.220153e-02;1.608291e-01;3.810722e-02;4.531315e-02;3.947385e-02;1.345517e-01;4.898224e-02;4.707811e-02;5.298669e-02;4.319537e-02;9.927197e-02
2.170931e-01;7.371062e-02;1.115235e-01;3.075604e-02;2.519993e-02;2.601427e-02;1.233747e-01;4.711244e-02;3.225938e-02;4.945255e-02;7.263828e-02;1.908652e-01
1.731118e-01;3.925203e-02;4.669089e-02;2.055221e-02;1.602343e-02;2.405231e-02;1.058105e-01;3.241666e-02;1.800200e-02;4.205230e-02;1.261637e-01;3.558722e-01
2.067733e-01;3.550379e-02;7.392766e-02;1.741100e-02;2.233048e-02;3.802992e-02;6.563028e-02;4.613873e-02;2.901362e-02;3.195709e-02;7.992749e-02;3.533567e-01
1.553920e-01;2.942011e-02;1.446705e-01;1.683462e-02;3.301015e-02;5.637884e-02;6.007193e-02;3.375956e-02;3.497349e-02;4.306366e-02;1.954719e-01;1.969533e-01
6.310568e-02;2.130084e-02;2.462982e-01;4.923054e-02;2.282326e-02;7.703072e-02;4.084155e-02;1.761571e-02;2.671761e-02;3.846561e-02;2.886462e-01;1.079241e-01
4.774517e-02;8.768311e-03;2.974835e-01;1.170808e-01;2.427777e-02;7.951152e-02;2.738454e-02;6.612450e-03;2.050398e-02;5.265193e-02;2.666999e-01;5.128010e-02
4.855221e-02;7.325914e-03;2.545103e-01;1.239078e-01;4.253709e-02;7.227399e-02;4.500039e-02;1.150627e-02;2.993823e-02;5.157284e-02;2.488657e-01;6.400937e-02
3.433513e-02;1.182463e-02;1.473430e-01;5.004660e-02;4.667563e-02;5.280184e-02;1.608346e-01;4.827359e-02;4.521694e-02;6.284243e-02;2.344825e-01;1.053231e-01
9.412271e-02;2.931743e-02;5.446353e-02;2.313092e-02;2.383627e-02;4.741084e-02;2.090241e-01;7.990635e-02;3.837124e-02;8.464688e-02;1.839299e-01;1.318398e-01
2.402037e-01;4.275230e-02;8.223276e-02;2.838984e-02;1.282058e-02;3.957422e-02;1.263785e-01;6.362631e-02;2.362182e-02;8.017384e-02;1.431279e-01;1.170982e-01
3.628527e-01;6.365974e-02;1.520810e-01;2.728416e-02;1.924107e-02;3.018388e-02;4.985095e-02;5.101166e-02;1.297423e-02;4.644866e-02;8.790299e-02;9.650891e-02
3.718167e-01;7.348359e-02;1.877249e-01;3.806518e-02;4.726861e-02;2.418465e-02;6.223109e-02;4.833927e-02;1.334914e-02;2.013446e-02;4.637112e-02;6.703127e-02
2.935452e-01;8.471093e-02;2.139454e-01;3.375952e-02;7.062764e-02;2.244982e-02;6.815585e-02;5.118275e-02;2.335778e-02;2.266083e-02;6.234490e-02;5.325926e-02
1.653322e-01;9.488595e-02;2.363455e-01;3.992717e-02;6.833195e-02;4.643294e-02;7.466120e-02;6.096628e-02;3.823265e-02;5.388825e-02;8.152713e-02;3.946874e-02
1.101177e-01;9.699972e-02;1.809162e-01;5.107040e-02;4.205827e-02;5.956391e-02;8.940258e-02;9.187242e-02;6.187568e-02;8.404987e-02;9.158055e-02;4.049281e-02
1.248636e-01;8.043995e-02;1.298070e-01;7.596383e-02;4.967684e-02;5.437546e-02;6.964029e-02;8.571501e-02;1.067929e-01;8.294133e-02;8.602238e-02;5.376143e-02
1.026879e-01;8.041368e-02;1.773757e-01;1.196322e-01;5.133865e-02;4.572632e-02;6.908256e-02;5.154664e-02;9.643626e-02;8.745871e-02;6.300972e-02;5.529159e-02
7.158047e-02;1.586615e-01;2.039364e-01;9.415937e-02;4.007491e-02;2.523262e-02;7.848516e-02;6.972259e-02;6.671877e-02;7.963705e-02;4.755279e-02;6.423837e-02
6.316348e-02;3.045288e-01;1.970575e-01;7.458062e-02;4.179278e-02;1.536095e-02;4.731422e-02;4.472012e-02;8.118644e-02;5.872006e-02;3.536592e-02;3.620913e-02
1.018217e-01;3.783289e-01;1.817894e-01;4.241077e-02;4.157569e-02;2.095669e-02;4.394835e-02;3.870980e-02;6.136442e-02;3.632857e-02;2.481645e-02;2.794922e-02
1.527152e-01;3.728399e-01;1.612974e-01;2.875771e-02;3.260158e-02;3.271211e-02;4.915526e-02;3.642240e-02;3.997515e-02;3.843682e-02;2.321701e-02;3.186947e-02
2.234659e-01;2.557023e-01;1.262373e-01;5.078600e-02;7.225391e-02;3.560157e-02;4.581856e-02;4.538573e-02;3.354626e-02;3.254591e-02;2.227495e-02;5.638164e-02
1.635081e-01;2.044571e-01;1.363284e-01;6.864689e-02;9.142195e-02;5.071144e-02;6.518608e-02;3.909662e-02;4.496156e-02;3.846788e-02;2.611271e-02;7.110135e-02
1.184587e-01;3.335085e-01;1.258250e-01;3.971456e-02;6.390090e-02;3.029680e-02;7.145451e-02;2.886994e-02;3.856517e-02;4.097959e-02;4.043598e-02;6.799033e-02
1.342432e-01;3.140161e-01;8.750279e-02;5.531883e-02;7.863608e-02;3.108211e-02;6.301014e-02;3.300643e-02;3.459529e-02;4.502909e-02;4.906490e-02;7.449500e-02
1.048220e-01;2.286374e-01;1.083296e-01;1.311282e-01;9.213933e-02;2.976292e-02;6.209536e-02;3.686213e-02;4.029278e-02;4.867987e-02;5.160611e-02;6.564432e-02
6.817042e-02;1.368483e-01;1.773791e-01;2.282083e-01;7.408778e-02;2.104509e-02;6.323759e-02;2.901804e-02;4.921370e-02;5.252840e-02;5.084829e-02;4.941500e-02
5.923864e-02;6.010537e-02;2.498902e-01;2.647440e-01;5.039789e-02;3.549460e-02;6.231452e-02;4.835521e-02;4.896425e-02;3.860334e-02;4.198979e-02;3.990222e-02
5.381359e-02;5.116320e-02;1.908883e-01;1.493448e-01;9.596700e-02;4.992006e-02;1.082600e-01;7.445446e-02;9.482916e-02;4.350856e-02;5.024986e-02;3.760106e-02
8.819726e-02;7.722832e-02;1.056482e-01;3.091156e-02;1.746284e-01;5.537622e-02;1.377293e-01;5.918783e-02;1.129841e-01;7.384581e-02;5.227789e-02;3.198503e-02
8.275808e-02;5.556630e-02;2.271208e-01;3.834675e-02;1.083295e-01;7.582445e-02;2.088707e-01;4.559068e-02;5.178764e-02;4.973317e-02;2.679352e-02;2.927841e-02
8.891340e-02;5.810724e-02;2.031953e-01;3.540756e-02;7.805613e-02;7.615512e-02;2.343798e-01;4.986574e-02;5.257050e-02;5.486981e-02;3.835759e-02;3.012177e-02
9.534562e-02;6.848206e-02;1.659965e-01;3.633910e-02;8.052605e-02;8.219730e-02;2.132149e-01;5.617862e-02;6.135222e-02;6.290738e-02;4.996147e-02;2.749884e-02
4.892956e-02;7.335560e-02;1.245654e-01;5.516227e-02;9.391612e-02;8.222053e-02;2.199566e-01;5.832394e-02;8.309881e-02;6.768470e-02;6.233921e-02;3.044716e-02
4.379289e-02;6.373736e-02;1.171338e-01;5.203574e-02;1.046593e-01;6.153623e-02;2.192537e-01;5.701305e-02;7.408356e-02;9.204703e-02;8.127773e-02;3.342970e-02
3.862600e-02;6.885433e-02;8.679875e-02;4.439411e-02;8.951857e-02;7.761098e-02;1.664349e-01;5.471170e-02;6.256516e-02;1.249405e-01;1.442429e-01;4.130205e-02
1.015107e-01;5.426039e-02;9.960702e-02;6.852159e-02;6.671491e-02;7.947861e-02;9.745057e-02;4.588256e-02;6.759317e-02;1.110822e-01;1.565387e-01;5.135955e-02
9.761395e-02;6.582642e-02;1.181147e-01;5.060798e-02;5.206719e-02;7.864324e-02;1.156262e-01;6.774726e-02;9.651778e-02;8.443353e-02;1.356703e-01;3.713148e-02
7.860314e-02;7.992003e-02;1.150726e-01;2.834170e-02;3.864355e-02;5.707785e-02;1.352410e-01;1.199638e-01;7.700232e-02;8.518524e-02;1.065795e-01;7.836933e-02
6.690717e-02;6.713407e-02;5.249393e-02;5.070115e-02;7.773096e-02;3.676317e-02;1.303306e-01;1.684619e-01;5.572950e-02;8.105715e-02;8.342816e-02;1.292623e-01
1.085263e-01;4.312818e-02;6.652477e-02;6.294525e-02;9.361029e-02;7.182837e-02;1.276138e-01;1.158595e-01;6.780208e-02;6.539536e-02;6.030529e-02;1.164608e-01
1.531433e-01;5.989779e-02;5.371854e-02;5.635019e-02;7.571267e-02;9.626607e-02;1.381699e-01;7.747216e-02;4.924325e-02;6.620948e-02;5.591601e-02;1.179006e-01
1.723777e-01;6.621779e-02;6.665930e-02;4.453254e-02;5.361889e-02;1.146286e-01;1.345010e-01;9.932749e-02;3.278204e-02;5.727661e-02;5.490706e-02;1.031710e-01
1.282988e-01;6.633131e-02;8.572874e-02;2.601639e-02;4.150216e-02;1.418436e-01;1.324470e-01;1.268150e-01;5.799410e-02;6.075840e-02;6.494979e-02;6.731479e-02
1.042599e-01;7.091805e-02;8.586968e-02;2.393699e-02;7.273336e-02;1.170737e-01;1.666219e-01;1.005445e-01;6.733428e-02;6.472018e-02;6.297889e-02;6.300841e-02
2.478690e-01;8.523098e-02;8.690372e-02;2.226314e-02;6.389085e-02;6.233298e-02;1.434213e-01;4.800563e-02;4.313925e-02;3.565590e-02;5.992530e-02;1.013618e-01
3.005490e-01;6.492411e-02;6.165191e-02;2.286482e-02;3.009596e-02;4.503496e-02;1.253057e-01;3.742146e-02;4.923514e-02;4.890390e-02;8.426320e-02;1.297498e-01
2.470646e-01;4.826016e-02;7.054000e-02;4.482455e-02;4.399499e-02;7.653769e-02;1.152240e-01;5.019196e-02;5.550723e-02;6.269699e-02;8.353091e-02;1.016270e-01
1.035509e-01;1.125321e-01;9.245430e-02;3.757247e-02;2.749461e-02;7.126535e-02;6.426153e-02;5.421975e-02;7.311551e-02;1.066374e-01;8.500157e-02;1.718945e-01
7.610910e-02;8.632057e-02;1.046757e-01;5.392450e-02;2.234561e-02;4.673739e-02;6.886289e-02;7.380648e-02;6.693140e-02;1.107248e-01;9.835073e-02;1.912109e-01
9.217481e-02;6.218734e-02;1.052789e-01;5.804945e-02;3.742517e-02;5.002201e-02;7.349933e-02;8.035918e-02;5.434605e-02;9.662867e-02;1.037729e-01;1.862561e-01
1.070070e-01;5.188918e-02;9.207244e-02;5.781019e-02;5.952337e-02;6.684908e-02;6.833202e-02;7.444006e-02;5.921249e-02;7.069643e-02;1.131386e-01;1.790292e-01
1.136132e-01;8.583814e-02;1.012975e-01;4.827907e-02;6.475777e-02;7.044186e-02;5.766242e-02;5.318499e-02;4.642891e-02;7.377360e-02;1.476255e-01;1.370970e-01
1.805794e-01;8.534016e-02;1.342678e-01;3.665348e-02;5.703026e-02;4.285255e-02;5.868819e-02;6.012460e-02;4.346252e-02;7.908870e-02;1.572730e-01;6.463930e-02
2.507329e-01;7.457885e-02;9.106770e-02;3.009667e-02;5.329258e-02;4.028809e-02;7.508796e-02;1.057091e-01;3.923374e-02;5.665657e-02;1.187473e-01;6.450853e-02
3.076833e-01;5.675430e-02;4.015003e-02;2.606136e-02;4.415390e-02;5.023656e-02;9.972823e-02;1.668945e-01;2.552581e-02;4.892082e-02;6.718096e-02;6.671023e-02
2.724788e-01;3.580643e-02;4.425488e-02;2.455298e-02;3.136966e-02;5.363964e-02;1.239252e-01;1.799718e-01;2.614536e-02;1.080869e-01;3.929295e-02;6.047542e-02
1.838998e-01;4.503733e-02;7.367643e-02;4.261053e-02;2.234521e-02;6.040009e-02;1.530147e-01;1.398499e-01;3.788895e-02;1.401108e-01;3.695621e-02;6.421015e-02
9.981237e-02;7.037759e-02;1.192607e-01;5.339769e-02;3.899527e-02;6.071066e-02;1.597159e-01;1.141567e-01;3.649960e-02;1.207628e-01;6.570523e-02;6.060540e-02
9.126297e-02;9.014819e-02;1.416207e-01;3.313953e-02;4.448117e-02;3.958184e-02;2.117984e-01;1.011661e-01;2.129150e-02;5.837477e-02;1.027927e-01;6.434220e-02
9.216332e-02;8.164533e-02;5.312161e-02;9.906680e-02;3.345636e-02;2.922001e-02;2.637424e-01;7.107561e-02;1.786061e-02;6.020293e-02;1.141849e-01;8.426007e-02
1.555676e-01;8.237122e-02;5.645712e-02;1.338604e-01;2.283143e-02;2.540695e-02;1.940793e-01;4.091295e-02;1.414028e-02;8.310009e-02;9.043968e-02;1.008330e-01
1.692257e-01;9.155489e-02;6.139114e-02;1.305700e-01;1.762896e-02;2.128277e-02;1.526338e-01;3.558611e-02;1.748143e-02;8.068531e-02;1.106858e-01;1.112741e-01
9.930828e-02;8.194977e-02;7.018567e-02;1.480589e-01;2.390915e-02;2.631309e-02;1.633652e-01;4.935284e-02;2.394392e-02;6.578821e-02;1.219220e-01;1.259031e-01
9.396067e-02;6.631107e-02;1.142580e-01;1.439805e-01;2.402423e-02;4.341261e-02;1.430143e-01;4.725824e-02;2.575627e-02;6.081608e-02;1.160170e-01;1.211911e-01
1.210570e-01;3.187013e-02;8.751698e-02;1.432164e-01;2.630833e-02;4.908021e-02;1.295699e-01;4.137190e-02;3.132320e-02;7.547768e-02;1.238792e-01;1.393290e-01
1.348768e-01;2.928977e-02;5.671799e-02;1.286824e-01;1.841465e-02;3.035039e-02;1.441133e-01;3.755124e-02;2.568277e-02;8.004664e-02;1.417865e-01;1.724876e-01
1.318251e-01;1.958190e-02;6.072022e-02;1.089419e-01;3.387403e-02;2.568719e-02;1.532021e-01;2.879505e-02;3.935177e-02;8.639885e-02;1.360068e-01;1.756150e-01
1.310894e-01;2.470582e-02;7.531607e-02;9.033059e-02;7.495176e-02;2.461744e-02;1.601283e-01;3.445356e-02;4.679073e-02;6.770993e-02;1.097879e-01;1.601185e-01
1.445982e-01;1.901557e-02;9.637412e-02;7.557876e-02;1.120681e-01;3.140623e-02;1.616381e-01;4.631213e-02;3.618326e-02;4.633021e-02;8.628703e-02;1.442083e-01
1.676640e-01;3.843128e-02;1.123756e-01;5.440877e-02;9.673224e-02;3.809643e-02;1.599872e-01;4.319306e-02;2.568582e-02;3.681019e-02;9.129900e-02;1.353165e-01
1.508621e-01;3.009876e-02;8.628955e-02;3.408844e-02;6.790838e-02;5.578110e-02;1.636599e-01;4.856295e-02;7.004013e-02;4.534278e-02;1.251493e-01;1.222166e-01
8.050730e-02;1.668951e-02;6.861489e-02;2.342928e-02;6.325979e-02;1.042008e-01;1.679135e-01;5.740700e-02;1.249333e-01;4.294581e-02;1.389539e-01;1.111450e-01
2.926528e-02;2.502795e-02;1.073447e-01;1.400750e-02;6.044074e-02;1.358389e-01;1.587821e-01;6.118421e-02;1.280820e-01;3.038353e-02;1.475750e-01;1.020682e-01
1.397746e-02;3.174900e-02;1.365425e-01;1.043413e-02;4.592374e-02;1.194163e-01;1.530985e-01;3.653434e-02;1.082253e-01;3.396573e-02;1.967935e-01;1.133396e-01
2.709169e-02;2.872790e-02;1.152495e-01;7.033795e-03;2.849087e-02;1.309190e-01;1.506417e-01;1.978253e-02;9.676183e-02;3.495990e-02;2.339286e-01;1.264127e-01
3.181365e-02;1.799702e-02;8.627099e-02;2.237226e-02;2.763019e-02;1.274458e-01;1.501682e-01;1.513416e-02;8.914319e-02;3.934130e-02;2.489228e-01;1.437604e-01
3.339164e-02;7.937188e-03;5.539292e-02;9.286050e-02;3.996043e-02;1.059200e-01;1.575851e-01;1.130601e-02;6.699274e-02;3.994916e-02;2.293769e-01;1.593275e-01
5.064201e-02;1.532831e-02;4.699300e-02;1.574329e-01;5.979043e-02;6.990296e-02;1.812734e-01;1.763439e-02;2.912782e-02;3.351833e-02;1.734605e-01;1.648959e-01
6.722955e-02;2.253557e-02;4.182649e-02;1.271210e-01;5.646764e-02;4.968610e-02;2.101593e-01;4.554826e-02;1.725965e-02;5.200145e-02;1.389719e-01;1.711932e-01
1.207964e-01;2.197535e-02;5.333677e-02;5.433187e-02;2.784388e-02;3.884578e-02;1.819685e-01;8.355210e-02;3.711046e-02;8.924661e-02;1.383784e-01;1.526139e-01
1.958165e-01;2.952096e-02;7.627828e-02;3.092458e-02;1.088076e-02;4.772221e-02;1.070048e-01;7.018175e-02;4.566653e-02;1.158891e-01;1.589024e-01;1.112121e-01
2.298892e-01;5.231448e-02;1.111619e-01;5.537396e-02;1.874624e-02;6.659597e-02;5.877633e-02;2.767336e-02;2.415396e-02;1.220784e-01;1.584421e-01;7.479407e-02
1.849075e-01;5.832542e-02;1.021550e-01;7.006907e-02;5.947119e-02;5.190032e-02;6.536371e-02;2.619036e-02;2.192529e-02;9.482845e-02;1.432204e-01;1.216433e-01
1.225062e-01;5.047166e-02;1.081027e-01;5.264148e-02;8.382526e-02;3.705088e-02;8.285507e-02;5.672372e-02;4.652830e-02;9.108905e-02;1.356868e-01;1.325189e-01
9.206054e-02;4.251878e-02;1.202978e-01;3.290828e-02;5.805146e-02;2.444006e-02;1.046732e-01;8.042401e-02;9.811354e-02;1.297954e-01;1.117934e-01;1.049236e-01
6.901945e-02;2.974829e-02;1.015868e-01;5.564256e-02;5.131319e-02;1.945718e-02;1.252782e-01;7.640213e-02;1.631126e-01;1.228521e-01;9.919190e-02;8.639552e-02
8.190116e-02;2.844718e-02;9.290340e-02;6.492083e-02;5.311849e-02;4.339699e-02;1.263513e-01;6.004663e-02;1.394126e-01;9.059944e-02;1.113958e-01;1.075062e-01
1.239977e-01;6.699357e-02;9.890208e-02;7.037668e-02;8.088210e-02;4.285303e-02;7.436237e-02;6.165616e-02;1.080768e-01;9.026803e-02;7.791543e-02;1.037160e-01
1.276513e-01;9.961766e-02;9.143367e-02;6.427060e-02;1.002097e-01;5.176432e-02;1.001915e-01;4.281705e-02;8.693548e-02;1.039819e-01;5.271166e-02;7.841518e-02
1.115056e-01;1.064903e-01;1.296971e-01;6.729084e-02;8.271924e-02;7.201684e-02;7.476442e-02;6.067280e-02;1.067100e-01;9.029974e-02;4.125443e-02;5.657855e-02
1.197550e-01;7.335600e-02;1.710963e-01;4.555264e-02;4.184069e-02;7.219807e-02;9.561796e-02;6.798552e-02;1.142009e-01;7.445775e-02;5.599145e-02;6.794770e-02
1.194905e-01;6.762813e-02;1.367226e-01;5.005125e-02;3.512156e-02;6.725574e-02;1.012314e-01;7.558320e-02;1.180945e-01;6.749159e-02;7.966762e-02;8.166180e-02
9.361427e-02;6.834068e-02;9.707616e-02;6.112894e-02;3.910651e-02;9.752113e-02;7.393917e-02;9.866633e-02;1.572575e-01;5.928195e-02;8.398193e-02;7.008550e-02
1.299003e-01;3.651178e-02;7.230031e-02;6.391144e-02;3.249133e-02;1.287563e-01;1.063412e-01;8.029769e-02;1.292377e-01;4.956397e-02;9.013567e-02;8.055233e-02
2.151073e-01;4.632331e-02;6.152040e-02;8.047176e-02;2.846010e-02;1.057579e-01;1.192304e-01;4.374598e-02;5.979219e-02;3.806254e-02;7.425347e-02;1.272747e-01
3.021821e-01;7.985952e-02;9.586304e-02;7.983499e-02;2.347477e-02;4.192799e-02;9.316842e-02;2.498186e-02;1.573194e-02;4.649988e-02;6.394277e-02;1.325327e-01
3.075440e-01;1.157636e-01;1.118586e-01;5.415532e-02;2.485215e-02;3.069602e-02;6.031365e-02;2.940073e-02;2.542657e-02;6.676362e-02;8.289781e-02;9.032790e-02
2.210560e-01;1.493580e-01;1.187979e-01;3.194246e-02;2.538574e-02;6.456602e-02;3.762986e-02;4.358936e-02;4.320709e-02;8.276816e-02;1.241401e-01;5.755932e-02
1.516095e-01;1.014041e-01;5.213653e-02;4.263850e-02;3.513228e-02;5.572827e-02;1.040638e-01;5.160602e-02;4.315987e-02;6.545646e-02;1.462321e-01;1.508325e-01
3.289972e-01;6.542925e-02;3.882771e-02;2.417476e-02;2.034489e-02;5.114453e-02;6.623255e-02;3.031375e-02;2.436571e-02;5.752942e-02;1.222862e-01;1.703540e-01
3.620189e-01;8.947173e-02;6.122907e-02;2.752984e-02;1.242027e-02;5.816174e-02;4.497913e-02;2.837402e-02;1.609385e-02;4.041114e-02;1.201004e-01;1.392100e-01
3.481050e-01;5.886238e-02;1.060322e-01;3.563740e-02;2.059556e-02;4.414899e-02;5.775815e-02;3.776918e-02;3.184841e-02;2.129679e-02;1.304535e-01;1.074924e-01
2.774374e-01;5.794196e-02;8.547205e-02;1.885974e-02;2.076667e-02;3.116650e-02;7.114141e-02;3.444719e-02;3.257497e-02;4.859284e-02;1.369515e-01;1.846478e-01
1.410112e-01;7.241002e-02;9.594328e-02;3.371540e-02;5.251748e-02;5.907271e-02;8.109802e-02;5.649227e-02;7.753314e-02;7.938761e-02;1.129182e-01;1.379007e-01
1.948616e-01;8.899148e-02;1.752272e-01;3.937716e-02;6.692375e-02;5.187999e-02;5.755670e-02;6.271224e-02;7.712110e-02;7.068954e-02;5.732302e-02;5.733626e-02
2.560694e-01;1.018852e-01;1.884688e-01;3.150287e-02;5.769338e-02;3.355079e-02;6.329975e-02;6.362302e-02;4.470398e-02;3.693974e-02;4.223552e-02;8.002747e-02
3.580356e-01;1.085902e-01;1.334265e-01;2.000125e-02;3.935280e-02;1.973973e-02;6.138882e-02;7.675083e-02;2.456049e-02;2.455675e-02;3.728313e-02;9.631403e-02
4.848769e-01;1.188904e-01;5.553549e-02;1.129643e-02;2.607284e-02;1.017434e-02;4.864652e-02;8.746913e-02;1.621849e-02;1.765962e-02;2.064979e-02;1.025100e-01
4.030971e-01;1.178051e-01;1.035154e-01;1.966201e-02;2.419719e-02;2.006244e-02;5.461279e-02;5.789261e-02;3.096116e-02;3.362741e-02;2.920288e-02;1.053639e-01
2.424745e-01;1.278995e-01;1.489298e-01;2.797838e-02;3.314095e-02;2.355919e-02;7.878782e-02;4.671103e-02;3.603094e-02;6.850969e-02;6.069378e-02;1.052844e-01
1.055752e-01;1.349309e-01;1.561844e-01;4.046649e-02;4.525103e-02;3.413105e-02;6.699822e-02;5.793142e-02;6.215781e-02;1.107832e-01;9.705788e-02;8.853231e-02
1.924665e-01;7.817128e-02;1.089180e-01;4.939281e-02;6.558417e-02;5.229666e-02;5.020571e-02;3.272206e-02;7.248527e-02;1.126470e-01;1.154202e-01;6.969030e-02
2.120757e-01;7.925041e-02;5.854610e-02;4.599639e-02;4.775177e-02;6.455210e-02;5.742634e-02;2.545831e-02;9.332193e-02;1.104457e-01;8.076475e-02;1.244105e-01
1.940827e-01;1.071219e-01;4.695832e-02;2.845867e-02;4.577257e-02;4.849601e-02;6.861364e-02;4.011339e-02;8.315262e-02;1.256602e-01;5.509359e-02;1.564764e-01
1.732248e-01;1.047697e-01;4.347921e-02;4.100591e-02;6.349520e-02;4.258517e-02;7.391344e-02;4.492016e-02;6.444430e-02;1.283051e-01;5.629824e-02;1.635588e-01
1.268698e-01;7.587125e-02;6.427257e-02;6.833554e-02;9.347601e-02;5.701506e-02;5.773595e-02;4.757897e-02;8.412945e-02;1.404650e-01;5.465678e-02;1.295937e-01
1.198272e-01;4.943111e-02;6.565125e-02;7.352776e-02;1.096178e-01;6.814319e-02;6.219454e-02;4.503434e-02;1.140251e-01;1.741977e-01;4.593038e-02;7.241961e-02
1.054506e-01;7.715610e-02;6.859629e-02;5.005563e-02;6.066709e-02;6.746236e-02;4.863120e-02;7.338813e-02;1.264848e-01;1.613216e-01;6.081079e-02;9.997534e-02
9.963452e-02;8.472415e-02;7.292877e-02;3.698458e-02;2.815944e-02;5.458625e-02;5.270662e-02;7.322353e-02;1.249112e-01;1.502854e-01;1.115471e-01;1.103083e-01
9.738152e-02;5.180569e-02;6.438101e-02;4.583059e-02;3.505864e-02;6.138785e-02;8.539291e-02;8.690487e-02;8.362390e-02;1.397008e-01;1.600718e-01;8.846034e-02
1.033404e-01;3.438343e-02;7.505541e-02;7.050551e-02;5.142302e-02;4.654044e-02;1.508705e-01;1.359823e-01;6.374279e-02;9.169542e-02;1.298230e-01;4.663779e-02
1.269015e-01;4.509075e-02;4.532643e-02;1.063443e-01;6.805993e-02;4.837120e-02;1.342353e-01;1.167947e-01;5.185172e-02;1.138912e-01;8.252273e-02;6.061026e-02
1.190102e-01;6.206497e-02;7.697908e-02;1.075791e-01;6.555083e-02;4.696810e-02;9.643432e-02;9.428593e-02;4.124977e-02;9.242450e-02;1.282616e-01;6.919156e-02
7.444158e-02;5.555866e-02;9.340885e-02;5.606580e-02;5.868101e-02;4.908387e-02;1.249501e-01;1.199646e-01;6.962128e-02;9.257156e-02;1.208322e-01;8.482049e-02
1.279876e-01;8.245917e-02;1.807161e-01;4.392514e-02;4.698217e-02;5.882645e-02;1.466708e-01;6.565669e-02;7.704396e-02;6.260046e-02;4.842172e-02;5.870972e-02
1.959427e-01;1.095771e-01;1.930012e-01;4.841385e-02;6.581400e-02;6.045116e-02;1.228258e-01;4.007036e-02;5.365590e-02;4.494629e-02;2.557239e-02;3.972922e-02
2.907997e-01;1.140732e-01;1.274469e-01;6.787819e-02;6.202655e-02;4.065876e-02;9.852513e-02;4.992308e-02;3.513401e-02;3.715100e-02;2.325295e-02;5.313047e-02
4.098164e-01;9.665783e-02;4.339472e-02;1.255994e-01;3.766464e-02;1.778975e-02;7.223465e-02;4.267632e-02;1.681856e-02;3.008145e-02;1.559178e-02;9.167458e-02
3.969018e-01;5.618037e-02;2.692434e-02;1.667646e-01;1.118235e-02;1.229434e-02;9.474014e-02;2.178218e-02;8.989413e-03;2.727699e-02;2.365094e-02;1.533126e-01
2.973733e-01;4.614226e-02;4.468676e-02;1.299944e-01;6.855148e-03;2.518093e-02;1.253510e-01;1.479800e-02;8.205474e-03;1.886023e-02;5.417287e-02;2.283796e-01
1.631445e-01;3.594367e-02;8.037362e-02;5.421149e-02;1.334228e-02;5.253700e-02;1.433855e-01;3.589938e-02;1.933420e-02;2.188725e-02;1.271513e-01;2.527899e-01
1.065639e-01;2.024570e-02;1.182820e-01;2.620819e-02;1.542382e-02;7.981369e-02;1.336441e-01;3.354351e-02;2.816236e-02;2.985944e-02;2.199761e-01;1.882772e-01
5.523749e-02;1.355048e-02;1.337526e-01;1.865043e-02;1.221873e-02;9.596702e-02;1.252732e-01;2.107363e-02;3.357432e-02;4.366374e-02;3.170262e-01;1.300122e-01
6.738480e-02;1.480995e-02;1.123269e-01;1.128872e-02;1.316576e-02;8.604241e-02;1.086705e-01;1.442311e-02;2.978332e-02;4.807105e-02;3.849810e-01;1.090524e-01
8.293670e-02;6.636927e-03;7.226206e-02;1.937860e-02;1.510927e-02;5.820507e-02;8.907457e-02;1.883357e-02;2.165934e-02;4.752918e-02;4.046688e-01;1.637059e-01
4.864440e-02;1.494927e-02;4.476247e-02;8.514944e-03;1.622970e-02;3.339833e-02;8.116918e-02;2.340850e-02;1.655284e-02;5.675225e-02;4.143235e-01;2.412946e-01
5.356849e-02;1.829760e-02;4.415983e-02;1.068819e-02;1.538191e-02;2.181379e-02;7.593905e-02;2.049548e-02;1.618225e-02;5.496980e-02;3.915845e-01;2.769190e-01
7.469288e-02;1.763157e-02;4.054422e-02;8.941825e-03;1.309535e-02;1.483660e-02;7.420179e-02;1.858378e-02;1.872939e-02;8.480368e-02;4.132089e-01;2.207301e-01
2.817773e-02;1.435850e-02;6.374089e-02;2.356505e-02;1.464163e-02;2.220476e-02;7.002784e-02;1.576300e-02;2.416927e-02;1.096612e-01;4.103499e-01;2.033402e-01
1.050220e-01;2.288811e-02;8.705859e-02;2.284738e-02;1.799100e-02;3.130232e-02;5.540809e-02;1.444474e-02;3.157890e-02;7.138350e-02;3.328593e-01;2.072161e-01
1.042724e-01;3.791349e-02;9.299525e-02;1.649155e-02;2.486660e-02;4.170019e-02;6.356000e-02;1.669041e-02;3.479631e-02;6.189377e-02;2.932344e-01;2.115856e-01
1.619375e-01;3.189464e-02;6.164801e-02;2.556149e-02;2.093929e-02;3.868799e-02;5.329240e-02;1.804264e-02;1.730953e-02;5.428457e-02;2.498508e-01;2.665510e-01
2.005482e-01;3.794400e-02;6.312027e-02;3.817692e-02;1.853962e-02;3.725510e-02;4.011136e-02;1.193721e-02;1.431558e-02;3.775935e-02;2.387768e-01;2.615156e-01
1.384915e-01;2.271947e-02;6.035352e-02;3.097693e-02;1.533681e-02;4.234548e-02;5.498366e-02;1.576438e-02;2.315441e-02;5.962302e-02;2.847409e-01;2.515099e-01
7.753595e-02;2.688982e-02;8.137943e-02;3.993217e-02;1.106443e-02;2.737702e-02;5.553721e-02;2.367377e-02;2.377388e-02;5.740269e-02;2.987576e-01;2.766760e-01
1.319323e-01;2.129803e-02;6.728562e-02;3.481023e-02;1.686908e-02;2.267440e-02;4.445773e-02;2.604444e-02;1.872282e-02;3.107192e-02;2.952502e-01;2.895832e-01
1.279298e-01;1.997272e-02;6.022291e-02;2.623916e-02;1.977442e-02;2.816100e-02;5.384760e-02;1.443209e-02;2.294272e-02;4.830073e-02;2.974027e-01;2.807741e-01
9.625269e-02;2.048613e-02;6.426311e-02;3.302265e-02;2.848309e-02;2.890094e-02;5.991459e-02;1.573816e-02;3.317566e-02;4.677018e-02;2.883817e-01;2.846111e-01
1.536696e-01;3.861863e-02;5.480402e-02;5.237731e-02;3.281970e-02;2.637777e-02;6.952577e-02;2.166958e-02;4.999391e-02;4.146830e-02;2.327371e-01;2.259382e-01
1.100615e-01;4.498629e-02;7.337063e-02;4.611495e-02;3.322722e-02;4.389850e-02;5.825790e-02;3.179295e-02;7.933399e-02;5.684812e-02;2.475051e-01;1.746029e-01
7.784490e-02;3.528621e-02;9.096542e-02;4.148144e-02;3.477445e-02;3.928661e-02;1.027623e-01;5.411614e-02;9.352843e-02;7.994721e-02;1.912086e-01;1.587982e-01
1.062284e-01;5.463799e-02;8.582096e-02;4.342631e-02;4.976779e-02;2.903754e-02;1.179148e-01;4.502563e-02;8.136191e-02;1.034342e-01;1.407122e-01;1.426322e-01
