1.168952e-01;7.661561e-02;9.746723e-02;1.075637e-01;7.857982e-02;5.589118e-02;1.214436e-01;5.106412e-02;9.377955e-02;7.998382e-02;6.931341e-02;5.140279e-02
1.137407e-01;5.876309e-02;1.000542e-01;1.035527e-01;8.119702e-02;4.654787e-02;1.140375e-01;6.979866e-02;7.979496e-02;7.598987e-02;6.290278e-02;9.362072e-02
6.874828e-02;9.705843e-02;2.389591e-01;7.173945e-02;7.592241e-02;4.112080e-02;1.120367e-01;5.871307e-02;6.368010e-02;5.923700e-02;4.587782e-02;6.690688e-02
8.301073e-02;5.845384e-02;2.893756e-01;5.105883e-02;7.729930e-02;5.713874e-02;1.889111e-01;4.269889e-02;3.032622e-02;3.645581e-02;3.548606e-02;4.978490e-02
1.069449e-01;8.198735e-02;2.182342e-01;4.592324e-02;6.811921e-02;6.609710e-02;2.300062e-01;3.332601e-02;2.779732e-02;3.840540e-02;3.181640e-02;5.134275e-02
1.566288e-01;1.151279e-01;1.693792e-01;4.578708e-02;6.212452e-02;8.027479e-02;2.073542e-01;2.191018e-02;1.962833e-02;4.200754e-02;3.152806e-02;4.824933e-02
1.909776e-01;1.166533e-01;2.634822e-01;4.565186e-02;7.404045e-02;7.724000e-02;7.587897e-02;2.319749e-02;1.382276e-02;3.710310e-02;3.670745e-02;4.524484e-02
2.030311e-01;6.950535e-02;1.782527e-01;3.251723e-02;7.395651e-02;7.967157e-02;1.815048e-01;2.858516e-02;1.476696e-02;5.163089e-02;3.452042e-02;5.205728e-02
1.705028e-01;5.923850e-02;1.295762e-01;4.457884e-02;6.870671e-02;7.510704e-02;2.336290e-01;2.941507e-02;2.885795e-02;5.963048e-02;4.485810e-02;5.589932e-02
1.303641e-01;8.059774e-02;6.237195e-02;6.013332e-02;6.612967e-02;8.213308e-02;2.108965e-01;4.213288e-02;4.749241e-02;6.849050e-02;9.008243e-02;5.917537e-02
1.317175e-01;8.424507e-02;6.751618e-02;7.548624e-02;8.318103e-02;9.996650e-02;1.292800e-01;3.306344e-02;4.171461e-02;7.389429e-02;1.373858e-01;4.254938e-02
1.385063e-01;5.830367e-02;9.912495e-02;5.068283e-02;1.146429e-01;1.112705e-01;1.067897e-01;4.214688e-02;3.020141e-02;7.613660e-02;1.359244e-01;3.626985e-02
1.084118e-01;6.193784e-02;7.778409e-02;2.312290e-02;1.283107e-01;8.884185e-02;1.928170e-01;6.466901e-02;3.126894e-02;7.761572e-02;1.062606e-01;3.895951e-02
3.901747e-02;7.841559e-02;1.238080e-01;3.461081e-02;1.146051e-01;8.524776e-02;1.746045e-01;6.538774e-02;4.789108e-02;6.623062e-02;9.378929e-02;7.639202e-02
8.173718e-02;8.958516e-02;1.220488e-01;3.102512e-02;6.987491e-02;1.017350e-01;1.223229e-01;6.304855e-02;6.464536e-02;4.851456e-02;8.156785e-02;1.238945e-01
1.567151e-01;9.128582e-02;8.134906e-02;4.228182e-02;4.013340e-02;7.826119e-02;1.736540e-01;6.320649e-02;4.308268e-02;3.574019e-02;4.399834e-02;1.502919e-01
1.848015e-01;8.338575e-02;5.628571e-02;5.252056e-02;2.287001e-02;6.048661e-02;1.958497e-01;1.013107e-01;2.240664e-02;3.641306e-02;2.989108e-02;1.537786e-01
1.867974e-01;5.539325e-02;5.107930e-02;5.770949e-02;1.665214e-02;8.135951e-02;1.794184e-01;1.631918e-01;1.865795e-02;3.939776e-02;2.504390e-02;1.252992e-01
1.602112e-01;4.150652e-02;4.977222e-02;5.103087e-02;1.666955e-02;9.110402e-02;1.732891e-01;1.863304e-01;3.107811e-02;4.180053e-02;2.802140e-02;1.291861e-01
1.426255e-01;3.807796e-02;5.699053e-02;8.662252e-02;9.087081e-03;7.361507e-02;1.639102e-01;1.379071e-01;2.624271e-02;5.391979e-02;3.655992e-02;1.744416e-01
1.134792e-01;5.263678e-02;5.468662e-02;1.372659e-01;1.494498e-02;4.545138e-02;1.834149e-01;5.824383e-02;2.164090e-02;6.298085e-02;5.203283e-02;2.032218e-01
5.740021e-02;6.797279e-02;5.476959e-02;1.311084e-01;1.718674e-02;3.744210e-02;1.925491e-01;9.243905e-02;3.970252e-02;5.230428e-02;5.760112e-02;1.995241e-01
4.626991e-02;8.095392e-02;6.714392e-02;1.031199e-01;1.704051e-02;5.598062e-02;1.681828e-01;1.317798e-01;6.183388e-02;4.498848e-02;4.881278e-02;1.738935e-01
4.955894e-02;9.593743e-02;7.534266e-02;5.395932e-02;2.122167e-02;6.861587e-02;1.410066e-01;1.414708e-01;8.910261e-02;6.605081e-02;5.399578e-02;1.437375e-01
4.204100e-02;5.998120e-02;7.388213e-02;5.170508e-02;3.830776e-02;6.999181e-02;1.610621e-01;1.174753e-01;7.530735e-02;8.575020e-02;7.855162e-02;1.459445e-01
5.048388e-02;4.539257e-02;6.084543e-02;4.272868e-02;4.700881e-02;4.727104e-02;1.779240e-01;6.181299e-02;8.600906e-02;8.574756e-02;9.431335e-02;2.004626e-01
4.458394e-02;5.250033e-02;8.587971e-02;5.506371e-02;3.336729e-02;3.996104e-02;1.842547e-01;6.455357e-02;7.402203e-02;7.902570e-02;9.288466e-02;1.939033e-01
2.767621e-02;5.505140e-02;9.787101e-02;4.988229e-02;3.659528e-02;6.629464e-02;1.912755e-01;8.719462e-02;7.041665e-02;9.119970e-02;9.084527e-02;1.356974e-01
4.679272e-02;5.552259e-02;1.573584e-01;5.307139e-02;4.939143e-02;6.882896e-02;1.333419e-01;9.537367e-02;4.387501e-02;9.768976e-02;8.516963e-02;1.135845e-01
8.050366e-02;7.230067e-02;1.641866e-01;1.053879e-01;3.549646e-02;5.086843e-02;7.797610e-02;1.386736e-01;4.257531e-02;8.968595e-02;7.227589e-02;7.006946e-02
7.976734e-02;8.127041e-02;7.726761e-02;1.326887e-01;2.563379e-02;2.895586e-02;1.563021e-01;1.603613e-01;3.072431e-02;8.198708e-02;6.845240e-02;7.658909e-02
4.940606e-02;7.159138e-02;5.335483e-02;1.197271e-01;3.207724e-02;2.983828e-02;1.794215e-01;1.868491e-01;4.680885e-02;8.199728e-02;4.342051e-02;1.055078e-01
4.153894e-02;4.213275e-02;7.658575e-02;1.142602e-01;3.527615e-02;4.066810e-02;1.680366e-01;1.705183e-01;6.341524e-02;9.892771e-02;5.220921e-02;9.643100e-02
6.229797e-02;5.013746e-02;7.098881e-02;1.303480e-01;4.179611e-02;5.498241e-02;1.493102e-01;1.127928e-01;7.165049e-02;8.851302e-02;6.032860e-02;1.068542e-01
4.882995e-02;4.941127e-02;8.513966e-02;6.591063e-02;4.172193e-02;3.463615e-02;2.300936e-01;6.022086e-02;7.194266e-02;6.400855e-02;5.990529e-02;1.881795e-01
6.378527e-02;6.696765e-02;9.888327e-02;7.210261e-02;4.212717e-02;3.657962e-02;2.092733e-01;5.431940e-02;5.384154e-02;8.396249e-02;5.182518e-02;1.663325e-01
8.747099e-02;8.843754e-02;9.915988e-02;1.223886e-01;5.898977e-02;6.758764e-02;1.255348e-01;6.488063e-02;5.122697e-02;9.215218e-02;5.395950e-02;8.821149e-02
6.649164e-02;1.136009e-01;1.249900e-01;7.238463e-02;5.997126e-02;6.146808e-02;1.270488e-01;9.471064e-02;2.972068e-02;6.235184e-02;5.246453e-02;1.347970e-01
9.140725e-02;1.028038e-01;1.007962e-01;4.538829e-02;4.019189e-02;4.944248e-02;1.701590e-01;8.844738e-02;4.098977e-02;5.834505e-02;3.753510e-02;1.744938e-01
8.238929e-02;8.841015e-02;7.834455e-02;6.808229e-02;4.396179e-02;4.027361e-02;2.100209e-01;6.016671e-02;3.666633e-02;6.383065e-02;4.031079e-02;1.875429e-01
8.188184e-02;6.492973e-02;9.943717e-02;8.006976e-02;5.377062e-02;5.124464e-02;1.922716e-01;6.925821e-02;4.124959e-02;6.979632e-02;5.086027e-02;1.452302e-01
9.373010e-02;7.930944e-02;9.708738e-02;7.025132e-02;5.012554e-02;5.170403e-02;1.616271e-01;9.258295e-02;6.691685e-02;9.827671e-02;4.875562e-02;8.963302e-02
8.446476e-02;6.011267e-02;1.006208e-01;7.034864e-02;5.613403e-02;5.919394e-02;1.724132e-01;6.634738e-02;7.077097e-02;1.181888e-01;5.034179e-02;9.106304e-02
7.780096e-02;4.882189e-02;1.056889e-01;8.709633e-02;5.616340e-02;5.915295e-02;1.773280e-01;9.807256e-02;6.984591e-02;9.577741e-02;5.034257e-02;7.390913e-02
5.564379e-02;5.565423e-02;8.574662e-02;9.734370e-02;6.376439e-02;9.380499e-02;1.305140e-01;1.371218e-01;9.276470e-02;8.405192e-02;3.920060e-02;6.438936e-02
6.990734e-02;4.947843e-02;8.765804e-02;8.964834e-02;8.196364e-02;1.070168e-01;1.159892e-01;1.124747e-01;7.818986e-02;1.203285e-01;2.628621e-02;6.105894e-02
8.059186e-02;5.753646e-02;8.287322e-02;5.546711e-02;6.834074e-02;9.457813e-02;1.717890e-01;9.705404e-02;6.979804e-02;1.206685e-01;3.100664e-02;7.029627e-02
6.820121e-02;6.283088e-02;1.247768e-01;7.605465e-02;6.332780e-02;7.823499e-02;1.813935e-01;5.523690e-02;7.809192e-02;9.550111e-02;3.434647e-02;8.200377e-02
5.251595e-02;6.612104e-02;6.858114e-02;9.692174e-02;6.818120e-02;1.025692e-01;1.703935e-01;6.269284e-02;7.277281e-02;8.093171e-02;5.845762e-02;9.986122e-02
5.280545e-02;4.747946e-02;1.085030e-01;7.460393e-02;5.687262e-02;7.847128e-02;1.419649e-01;6.443033e-02;7.227927e-02;1.167697e-01;6.013842e-02;1.256817e-01
5.062813e-02;3.075955e-02;1.570860e-01;9.869687e-02;7.085229e-02;7.969012e-02;1.262646e-01;4.669510e-02;8.125328e-02;1.399099e-01;3.187088e-02;8.629331e-02
5.098259e-02;3.868048e-02;1.816868e-01;8.584049e-02;7.285916e-02;9.046026e-02;1.007400e-01;6.646102e-02;7.959312e-02;1.348048e-01;4.717843e-02;5.071292e-02
1.268732e-01;8.610801e-02;1.702906e-01;3.862843e-02;6.173116e-02;4.927595e-02;1.025845e-01;1.059478e-01;1.161838e-01;4.689487e-02;4.112087e-02;5.436084e-02
1.559183e-01;9.744515e-02;1.441544e-01;3.867598e-02;4.475094e-02;3.464552e-02;1.104456e-01;1.283881e-01;1.173422e-01;4.637953e-02;3.386267e-02;4.799163e-02
1.548950e-01;8.653387e-02;1.055010e-01;6.179929e-02;2.889846e-02;3.367719e-02;1.365628e-01;1.275061e-01;1.029451e-01;5.456473e-02;3.249108e-02;7.462545e-02
1.080094e-01;6.670318e-02;9.166922e-02;8.737769e-02;1.739510e-02;4.908305e-02;1.751916e-01;9.789633e-02;7.719062e-02;5.902411e-02;6.383476e-02;1.066250e-01
5.712474e-02;5.567309e-02;1.359854e-01;7.397927e-02;3.509710e-02;9.158764e-02;1.680017e-01;6.274436e-02;7.502127e-02;5.038221e-02;9.572676e-02;9.867637e-02
5.525141e-02;8.492124e-02;1.271154e-01;3.385375e-02;6.737148e-02;9.422255e-02;9.853678e-02;1.239485e-01;1.018158e-01;8.596674e-02;8.118507e-02;4.581128e-02
6.223593e-02;8.167141e-02;8.466425e-02;6.920099e-02;8.125404e-02;6.391460e-02;4.811521e-02;1.776445e-01;1.298578e-01;1.135056e-01;5.433212e-02;3.360363e-02
1.246871e-01;5.552925e-02;7.675874e-02;7.614820e-02;6.392234e-02;3.680012e-02;1.200204e-01;1.429136e-01;1.231604e-01;8.575128e-02;5.369955e-02;4.060890e-02
1.107122e-01;8.090483e-02;9.011052e-02;7.171696e-02;6.229165e-02;3.427064e-02;1.330668e-01;1.189050e-01;9.385686e-02;9.042215e-02;5.954811e-02;5.419423e-02
4.928649e-02;8.655860e-02;1.319376e-01;6.020180e-02;6.398673e-02;4.374336e-02;9.263737e-02;1.148315e-01;1.027406e-01;1.259531e-01;7.178907e-02;5.633378e-02
6.532521e-02;1.188156e-01;1.434501e-01;5.295973e-02;7.155127e-02;6.654527e-02;6.574786e-02;6.080201e-02;1.067451e-01;1.169303e-01;8.407125e-02;4.705632e-02
9.268699e-02;9.966031e-02;8.164568e-02;4.168719e-02;4.709263e-02;1.254793e-01;1.708031e-01;6.809648e-02;3.559522e-02;7.995383e-02;7.020897e-02;8.709025e-02
1.160929e-01;4.718396e-02;4.801770e-02;3.910273e-02;2.140122e-02;1.202977e-01;3.067423e-01;5.668881e-02;1.946532e-02;4.273069e-02;4.110307e-02;1.411736e-01
1.961240e-01;5.064835e-02;3.884116e-02;4.553203e-02;1.510137e-02;6.366663e-02;2.781771e-01;9.480213e-02;2.340103e-02;3.006061e-02;2.596869e-02;1.376770e-01
2.875797e-01;6.468150e-02;4.902764e-02;4.383956e-02;1.106768e-02;2.304502e-02;1.886295e-01;1.648988e-01;1.975841e-02;2.021068e-02;1.623948e-02;1.110220e-01
3.045889e-01;5.364505e-02;5.096842e-02;3.686536e-02;1.692424e-02;1.300456e-02;1.887615e-01;2.132046e-01;1.504147e-02;1.989377e-02;1.298945e-02;7.411277e-02
2.437690e-01;2.681627e-02;2.985550e-02;4.275358e-02;1.289427e-02;1.730810e-02;2.649925e-01;2.049545e-01;1.213548e-02;2.981842e-02;1.785430e-02;9.684811e-02
2.110009e-01;1.879456e-02;2.755795e-02;7.143777e-02;1.882099e-02;1.224041e-02;2.990493e-01;1.604667e-01;1.111942e-02;3.168586e-02;1.568294e-02;1.221432e-01
1.929294e-01;2.009275e-02;3.642807e-02;8.854848e-02;1.218590e-02;2.288853e-02;3.094609e-01;1.322479e-01;8.193382e-03;2.822808e-02;1.847532e-02;1.303213e-01
1.908551e-01;1.807627e-02;3.411050e-02;8.494979e-02;1.416081e-02;1.803671e-02;2.938096e-01;1.491985e-01;1.259002e-02;2.397805e-02;2.147977e-02;1.387548e-01
2.317634e-01;3.553590e-02;3.165594e-02;7.019445e-02;8.756652e-03;9.825168e-03;2.502362e-01;1.575191e-01;1.185199e-02;2.571686e-02;2.293488e-02;1.440095e-01
2.040479e-01;3.597025e-02;3.616541e-02;8.076845e-02;8.307632e-03;8.312457e-03;2.779126e-01;1.217814e-01;1.151747e-02;3.060582e-02;2.551509e-02;1.590954e-01
1.397941e-01;1.725109e-02;2.890615e-02;1.106599e-01;7.928329e-03;1.782225e-02;3.571927e-01;7.337259e-02;1.489770e-02;2.865739e-02;2.556954e-02;1.779482e-01
9.193762e-02;2.043453e-02;2.909765e-02;1.201956e-01;1.348584e-02;2.170522e-02;4.289591e-01;3.143212e-02;1.262505e-02;2.833417e-02;2.753371e-02;1.742594e-01
6.021862e-02;2.415499e-02;2.251658e-02;1.075907e-01;8.917978e-03;2.928608e-02;4.975341e-01;3.369104e-02;1.263894e-02;2.179987e-02;2.602404e-02;1.556270e-01
7.345393e-02;2.987510e-02;1.782991e-02;8.245943e-02;7.284359e-03;5.719047e-02;4.925202e-01;6.082412e-02;8.113144e-03;2.151924e-02;2.320619e-02;1.257239e-01
7.000102e-02;2.303599e-02;2.291592e-02;5.205729e-02;9.549440e-03;9.955088e-02;4.625851e-01;7.206415e-02;2.418417e-02;2.594275e-02;4.031825e-02;9.779504e-02
6.212225e-02;1.639940e-02;3.911667e-02;1.846708e-02;2.372310e-02;1.578028e-01;3.836216e-01;5.740639e-02;6.604996e-02;4.187987e-02;6.770315e-02;6.570776e-02
5.891210e-02;2.722418e-02;6.137226e-02;4.558918e-02;4.236683e-02;1.572679e-01;2.931446e-01;4.780790e-02;7.978283e-02;6.384516e-02;6.987777e-02;5.280931e-02
6.617595e-02;5.659669e-02;5.846253e-02;3.523517e-02;5.940250e-02;1.021525e-01;2.868065e-01;6.552202e-02;4.800535e-02;7.693321e-02;7.849061e-02;6.621702e-02
7.599107e-02;8.194766e-02;9.896441e-02;2.629695e-02;4.950110e-02;8.700788e-02;2.714874e-01;5.990461e-02;1.989969e-02;6.118302e-02;9.574585e-02;7.207038e-02
5.743825e-02;5.030524e-02;1.199586e-01;5.634214e-02;3.900033e-02;8.035191e-02;2.339349e-01;7.220313e-02;3.990376e-02;4.768626e-02;1.100801e-01;9.279539e-02
1.421064e-01;4.465128e-02;7.515457e-02;8.133765e-02;3.745556e-02;6.557194e-02;1.540195e-01;7.605308e-02;5.460697e-02;7.898512e-02;8.458506e-02;1.054729e-01
2.336532e-01;6.824522e-02;5.909865e-02;8.291014e-02;2.215446e-02;4.719673e-02;1.485841e-01;8.600517e-02;3.958680e-02;8.618621e-02;4.043733e-02;8.594204e-02
2.549241e-01;5.011954e-02;5.853939e-02;7.795530e-02;1.558624e-02;3.964053e-02;1.640277e-01;1.226796e-01;2.724456e-02;7.704884e-02;3.500881e-02;7.722542e-02
2.649850e-01;4.021731e-02;6.431904e-02;6.053064e-02;1.515007e-02;3.606153e-02;1.674895e-01;1.686713e-01;2.003234e-02;5.463650e-02;2.816644e-02;7.974033e-02
2.251069e-01;4.839323e-02;6.452561e-02;6.684810e-02;2.421764e-02;3.436509e-02;1.924795e-01;1.663084e-01;1.867918e-02;4.873759e-02;3.294842e-02;7.739030e-02
1.545685e-01;6.805931e-02;6.584947e-02;9.914573e-02;3.259641e-02;4.538297e-02;2.313258e-01;1.144433e-01;1.862026e-02;5.425008e-02;4.480160e-02;7.095651e-02
1.642413e-01;8.302540e-02;4.734007e-02;1.196908e-01;3.783552e-02;3.773375e-02;2.620857e-01;3.844941e-02;3.799045e-02;4.869898e-02;5.294279e-02;6.996585e-02
2.284354e-01;5.735119e-02;6.042250e-02;8.933920e-02;3.125155e-02;2.057914e-02;1.768821e-01;8.431098e-02;3.501709e-02;5.211445e-02;6.409352e-02;1.002029e-01
2.015998e-01;2.446705e-02;8.209923e-02;6.752404e-02;3.622935e-02;4.221709e-02;8.995035e-02;1.309128e-01;2.959933e-02;6.113838e-02;1.111212e-01;1.231413e-01
6.543819e-02;6.944215e-02;1.172807e-01;6.478006e-02;5.269120e-02;6.378677e-02;1.343044e-01;1.095648e-01;4.301688e-02;6.625973e-02;1.215913e-01;9.184389e-02
7.627767e-02;5.604588e-02;1.230263e-01;4.899069e-02;3.603196e-02;8.979443e-02;1.826105e-01;8.094931e-02;5.127326e-02;5.846500e-02;9.700659e-02;9.952842e-02
5.776610e-02;2.565843e-02;1.231363e-01;2.587382e-02;3.022904e-02;9.109753e-02;2.363225e-01;7.207578e-02;5.411307e-02;5.463226e-02;1.076242e-01;1.214708e-01
5.228690e-02;5.051341e-02;1.303395e-01;4.156760e-02;3.347403e-02;9.063567e-02;2.146886e-01;5.385396e-02;6.518365e-02;4.998240e-02;1.098399e-01;1.076343e-01
9.503881e-02;8.881189e-02;1.646765e-01;4.378138e-02;3.605520e-02;9.937700e-02;1.217067e-01;3.028842e-02;9.211056e-02;4.209575e-02;1.114053e-01;7.465238e-02
8.925920e-02;9.041346e-02;1.592726e-01;4.282211e-02;4.078097e-02;9.278121e-02;1.015858e-01;2.001067e-02;1.058491e-01;4.315445e-02;1.171334e-01;9.693706e-02
6.116812e-02;9.548196e-02;1.440816e-01;6.244522e-02;4.254891e-02;8.993131e-02;1.106508e-01;3.352756e-02;9.367666e-02;4.827112e-02;1.245539e-01;9.366288e-02
6.903099e-02;1.194763e-01;1.303233e-01;6.608678e-02;4.703491e-02;8.434889e-02;1.191892e-01;5.456758e-02;6.009233e-02;6.503137e-02;1.098938e-01;7.492468e-02
1.107879e-01;1.254092e-01;1.149707e-01;9.137644e-02;5.823976e-02;6.348494e-02;1.068260e-01;6.840654e-02;4.051442e-02;5.292251e-02;1.032967e-01;6.376483e-02
1.194200e-01;1.116714e-01;1.867061e-01;8.571744e-02;5.798431e-02;3.095580e-02;7.801901e-02;7.145637e-02;5.208763e-02;6.988241e-02;7.960407e-02;5.649559e-02
9.329838e-02;8.855942e-02;2.183342e-01;9.037583e-02;4.754995e-02;4.272238e-02;8.277786e-02;6.583835e-02;7.678276e-02;9.174928e-02;6.165390e-02;4.035766e-02
8.291962e-02;8.786141e-02;2.079652e-01;5.346372e-02;4.502749e-02;7.218285e-02;1.477617e-01;3.362353e-02;6.918111e-02;9.038725e-02;7.525282e-02;3.437325e-02
7.140904e-02;8.506438e-02;1.249598e-01;5.361762e-02;5.650983e-02;6.471644e-02;1.929051e-01;7.061540e-02;6.916245e-02;6.068953e-02;7.325664e-02;7.709379e-02
4.860950e-02;7.578526e-02;1.022632e-01;8.233671e-02;5.682861e-02;5.046806e-02;1.905371e-01;1.004875e-01;8.591566e-02;4.943085e-02;6.257967e-02;9.475790e-02
9.568740e-02;6.957012e-02;1.199299e-01;1.035515e-01;4.026112e-02;5.242340e-02;1.359132e-01;1.246144e-01;5.746184e-02;6.136034e-02;6.138035e-02;7.784632e-02
1.209478e-01;6.798770e-02;1.439507e-01;7.677846e-02;4.354173e-02;5.685763e-02;1.445049e-01;1.057934e-01;4.196505e-02;6.729735e-02;5.318093e-02;7.719436e-02
1.040817e-01;7.470539e-02;1.809702e-01;5.017130e-02;6.056451e-02;8.129390e-02;1.333688e-01;6.436098e-02;6.016618e-02;6.820682e-02;7.405716e-02;4.805306e-02
7.331020e-02;9.254771e-02;1.204114e-01;9.528013e-02;6.838303e-02;9.181716e-02;1.354329e-01;7.171933e-02;7.545797e-02;6.552629e-02;5.037074e-02;5.974313e-02
6.252377e-02;7.504890e-02;1.300206e-01;1.287257e-01;7.375048e-02;6.963772e-02;1.460803e-01;6.020162e-02;7.875996e-02;5.783083e-02;5.170946e-02;6.571071e-02
1.589034e-01;8.884931e-02;2.398615e-01;9.903505e-02;5.364425e-02;4.624550e-02;1.164576e-01;3.274871e-02;4.167797e-02;4.322042e-02;3.162230e-02;4.773400e-02
2.417255e-01;1.562572e-01;2.797207e-01;4.242352e-02;2.838867e-02;3.401370e-02;9.658257e-02;2.312444e-02;1.830913e-02;2.424142e-02;1.789262e-02;3.732052e-02
3.424092e-01;1.883751e-01;2.410996e-01;2.160772e-02;1.665246e-02;2.181525e-02;5.883875e-02;1.783761e-02;1.958125e-02;1.795459e-02;1.140578e-02;4.242277e-02
4.349348e-01;1.864391e-01;1.598116e-01;1.298059e-02;7.857404e-03;1.271677e-02;3.083898e-02;1.417659e-02;2.932268e-02;2.823214e-02;1.697081e-02;6.571858e-02
4.402578e-01;1.301676e-01;1.104581e-01;1.294901e-02;8.048171e-03;1.925265e-02;4.199547e-02;1.636229e-02;3.799922e-02;4.299417e-02;3.452201e-02;1.049935e-01
3.397001e-01;6.193286e-02;7.384712e-02;2.195247e-02;1.727579e-02;3.801912e-02;8.096191e-02;2.571509e-02;4.703437e-02;5.596779e-02;9.359334e-02;1.440000e-01
1.801743e-01;2.627425e-02;1.090074e-01;3.013139e-02;3.054121e-02;6.191855e-02;9.643889e-02;4.183577e-02;7.321192e-02;1.062663e-01;1.486252e-01;9.557484e-02
1.458813e-01;5.507046e-02;9.137109e-02;2.765629e-02;3.410992e-02;7.507490e-02;8.078761e-02;4.546394e-02;8.344451e-02;1.337837e-01;1.658893e-01;6.146701e-02
1.686733e-01;6.534372e-02;8.058271e-02;2.314435e-02;3.153305e-02;1.067452e-01;6.465407e-02;3.819384e-02;7.515327e-02;1.323738e-01;1.656910e-01;4.791167e-02
1.396602e-01;4.352130e-02;9.647713e-02;2.758103e-02;2.771858e-02;1.433836e-01;9.340276e-02;2.566952e-02;6.524894e-02;1.469327e-01;1.604446e-01;2.995974e-02
1.107253e-01;4.651448e-02;1.184578e-01;2.240546e-02;2.578480e-02;1.440409e-01;1.157986e-01;3.789972e-02;6.838305e-02;1.377345e-01;1.263323e-01;4.592313e-02
1.560419e-01;6.445598e-02;9.218991e-02;1.844899e-02;2.297073e-02;1.193714e-01;1.585395e-01;5.356729e-02;5.788217e-02;9.363661e-02;8.949635e-02;7.339919e-02
1.199432e-01;5.810427e-02;1.039922e-01;3.562078e-02;2.301764e-02;1.032309e-01;1.844251e-01;6.762835e-02;6.969851e-02;6.997917e-02;8.796465e-02;7.639528e-02
4.770279e-02;3.220059e-02;1.507839e-01;5.791774e-02;4.351338e-02;1.133302e-01;1.671440e-01;4.897705e-02;8.394683e-02;8.378412e-02;1.063613e-01;6.433808e-02
5.149457e-02;2.884749e-02;1.555679e-01;5.801906e-02;5.991754e-02;8.634519e-02;1.867799e-01;5.719922e-02;7.567976e-02;1.007572e-01;8.545519e-02;5.393703e-02
1.151523e-01;4.381821e-02;1.734966e-01;6.155759e-02;4.868039e-02;6.057326e-02;1.862169e-01;7.146300e-02;6.538031e-02;8.187347e-02;4.450351e-02;4.728452e-02
1.769939e-01;7.435017e-02;1.846087e-01;8.721229e-02;3.127557e-02;5.211224e-02;8.320165e-02;8.116357e-02;7.998266e-02;7.159992e-02;3.537677e-02;4.212268e-02
1.474838e-01;1.087557e-01;1.740834e-01;8.735894e-02;4.369794e-02;3.742727e-02;7.382835e-02;8.059986e-02;9.017467e-02;6.941974e-02;4.735514e-02;3.981523e-02
1.350593e-01;1.281571e-01;1.358006e-01;6.992926e-02;5.187068e-02;4.472364e-02;8.134333e-02;8.606783e-02;9.995260e-02;7.548294e-02;5.195585e-02;3.965682e-02
1.355458e-01;8.940583e-02;1.410539e-01;8.252393e-02;4.774884e-02;6.196272e-02;8.143179e-02;1.034986e-01;1.022857e-01;5.973121e-02;5.346337e-02;4.134821e-02
9.254997e-02;5.859724e-02;1.645781e-01;7.904902e-02;5.795939e-02;9.142698e-02;9.125308e-02;1.023627e-01;8.705923e-02;7.672260e-02;6.181613e-02;3.662549e-02
4.940395e-02;9.264500e-02;2.424310e-01;4.429375e-02;7.541487e-02;1.216547e-01;8.440088e-02;6.156339e-02;5.264035e-02;7.856119e-02;6.504285e-02;3.194812e-02
2.975811e-02;1.825919e-01;2.505764e-01;2.014336e-02;8.682744e-02;1.085810e-01;8.205394e-02;3.805083e-02;4.387580e-02;6.605729e-02;5.822910e-02;3.325487e-02
4.141554e-02;1.913360e-01;2.102293e-01;2.158973e-02;8.862139e-02;9.218544e-02;8.815081e-02;4.603024e-02;5.340618e-02;5.916156e-02;5.060634e-02;5.726744e-02
6.645364e-02;1.482816e-01;1.941519e-01;5.855122e-02;8.789834e-02;6.858495e-02;8.396937e-02;6.017074e-02;5.232510e-02;6.438173e-02;4.750123e-02;6.773005e-02
8.005692e-02;2.060689e-01;1.803712e-01;7.378394e-02;6.469634e-02;3.452287e-02;7.881030e-02;8.793092e-02;4.175777e-02;7.342685e-02;3.390232e-02;4.467177e-02
9.911566e-02;1.886328e-01;1.368353e-01;5.935519e-02;4.220270e-02;3.932929e-02;8.343188e-02;1.077902e-01;5.981563e-02;7.923281e-02;2.952615e-02;7.473240e-02
1.004143e-01;1.576373e-01;6.679057e-02;5.848881e-02;4.505212e-02;5.282836e-02;1.325762e-01;7.709826e-02;6.742875e-02;7.441958e-02;3.403611e-02;1.332295e-01
1.313098e-01;1.559905e-01;7.682459e-02;4.212832e-02;5.961663e-02;5.093784e-02;1.363998e-01;5.325944e-02;4.266872e-02;6.778862e-02;3.939957e-02;1.436761e-01
1.685288e-01;1.347759e-01;9.511559e-02;6.875426e-02;8.267725e-02;5.220328e-02;1.086669e-01;5.216163e-02;3.984284e-02;6.861378e-02;4.242539e-02;8.623436e-02
1.334053e-01;1.208341e-01;1.311610e-01;7.702640e-02;8.347207e-02;6.085334e-02;1.192533e-01;4.679195e-02;5.871230e-02;7.933518e-02;4.905684e-02;4.009823e-02
1.259403e-01;1.036613e-01;1.433621e-01;7.652585e-02;6.378704e-02;3.415354e-02;1.139840e-01;6.491087e-02;8.016338e-02;8.607800e-02;7.058661e-02;3.684701e-02
1.094100e-01;8.662122e-02;1.577303e-01;7.486475e-02;5.982664e-02;2.990171e-02;1.026765e-01;7.428732e-02;8.732034e-02;7.721975e-02;6.500834e-02;7.513318e-02
7.167349e-02;8.542711e-02;1.800767e-01;5.458727e-02;8.014333e-02;5.302501e-02;8.274771e-02;7.998700e-02;8.428335e-02;8.217937e-02;4.608267e-02;9.978697e-02
1.130487e-01;8.222706e-02;1.664960e-01;3.851742e-02;7.184093e-02;6.926723e-02;1.071692e-01;6.381230e-02;8.514107e-02;7.655985e-02;5.135933e-02;7.456102e-02
1.233109e-01;4.741066e-02;1.359919e-01;7.635308e-02;5.981103e-02;5.932444e-02;1.498485e-01;7.392069e-02;8.283143e-02;7.272857e-02;7.385375e-02;4.461505e-02
1.411529e-01;9.726963e-02;1.285666e-01;8.380482e-02;4.969835e-02;4.368781e-02;1.309898e-01;7.364424e-02;6.349230e-02;6.016339e-02;6.108476e-02;6.644531e-02
