6.808867e-02;7.436199e-02;1.569037e-01;3.792786e-02;5.957403e-02;4.599952e-02;1.590785e-01;6.853198e-02;9.216212e-02;7.688765e-02;8.421426e-02;7.626973e-02
8.435233e-02;5.963235e-02;1.290801e-01;3.113821e-02;4.013794e-02;4.211026e-02;1.808965e-01;8.742027e-02;1.007530e-01;8.677696e-02;7.890151e-02;7.880066e-02
1.179916e-01;5.112863e-02;1.018906e-01;2.276914e-02;6.002847e-02;6.619687e-02;1.454275e-01;9.553574e-02;1.097450e-01;8.015719e-02;7.249299e-02;7.663608e-02
1.078771e-01;5.503837e-02;1.251810e-01;2.848872e-02;6.530774e-02;5.635764e-02;1.101928e-01;1.039708e-01;1.160653e-01;9.813794e-02;7.583501e-02;5.754768e-02
7.795575e-02;5.531851e-02;1.345415e-01;4.341876e-02;5.620526e-02;6.189168e-02;1.218157e-01;8.179209e-02;1.016714e-01;1.074320e-01;8.998160e-02;6.797571e-02
6.204285e-02;6.184994e-02;1.298827e-01;7.634736e-02;6.646025e-02;5.953544e-02;1.284138e-01;5.482266e-02;1.056727e-01;1.055010e-01;7.559517e-02;7.387619e-02
5.923102e-02;5.890754e-02;1.004532e-01;9.727112e-02;7.702672e-02;6.516021e-02;1.151260e-01;5.435434e-02;1.060367e-01;1.059714e-01;6.112760e-02;9.933415e-02
3.711505e-02;5.477384e-02;1.354097e-01;9.732229e-02;7.870583e-02;9.349417e-02;1.215349e-01;6.561439e-02;1.042477e-01;5.496201e-02;6.989999e-02;8.692013e-02
6.290587e-02;3.674276e-02;1.243939e-01;1.120615e-01;9.090457e-02;9.166119e-02;1.179556e-01;7.666801e-02;7.241550e-02;8.457064e-02;6.777324e-02;6.194729e-02
8.870699e-02;6.435648e-02;9.748597e-02;8.571466e-02;1.130074e-01;5.746179e-02;1.058600e-01;6.965987e-02;9.549722e-02;1.082985e-01;6.974959e-02;4.420151e-02
1.219346e-01;1.108665e-01;9.290582e-02;4.376625e-02;9.647347e-02;4.527738e-02;8.721495e-02;5.829201e-02;1.100635e-01;9.299163e-02;9.725410e-02;4.295985e-02
1.272822e-01;9.374651e-02;8.356708e-02;5.045411e-02;8.748852e-02;4.027249e-02;1.112328e-01;5.665014e-02;1.068391e-01;7.588392e-02;8.631124e-02;8.027182e-02
8.761332e-02;1.092530e-01;9.942556e-02;8.615135e-02;8.729315e-02;5.805762e-02;1.136164e-01;6.637525e-02;7.580578e-02;7.005233e-02;5.968099e-02;8.667520e-02
5.357698e-02;1.620614e-01;9.693124e-02;9.984471e-02;6.470196e-02;6.048368e-02;1.036428e-01;5.466005e-02;7.157175e-02;1.028571e-01;6.347676e-02;6.619164e-02
6.110937e-02;1.101119e-01;9.317464e-02;7.484990e-02;7.625593e-02;5.324143e-02;1.323373e-01;9.275239e-02;5.394098e-02;1.021449e-01;8.826046e-02;6.182079e-02
9.092474e-02;6.830794e-02;1.012376e-01;7.412881e-02;5.876260e-02;4.466058e-02;9.864718e-02;1.017859e-01;7.274786e-02;8.849046e-02;1.194181e-01;8.088826e-02
1.033062e-01;5.294907e-02;1.406471e-01;7.353789e-02;3.531346e-02;4.057145e-02;5.715431e-02;8.787093e-02;1.057107e-01;9.019578e-02;1.293515e-01;8.339161e-02
9.999458e-02;2.643545e-02;1.316720e-01;4.208585e-02;4.246106e-02;2.754784e-02;1.829306e-01;9.601849e-02;1.054283e-01;8.438286e-02;8.530083e-02;7.574219e-02
8.303273e-02;1.472203e-02;4.749130e-02;3.109162e-02;3.970864e-02;2.458384e-02;2.868530e-01;1.176274e-01;1.545423e-01;9.934326e-02;5.239998e-02;4.860376e-02
7.568983e-02;1.788720e-02;2.880379e-02;2.987363e-02;2.080947e-02;3.866772e-02;2.723064e-01;1.266795e-01;2.011133e-01;9.840047e-02;5.663850e-02;3.313021e-02
6.710160e-02;2.020113e-02;3.509540e-02;2.738329e-02;1.010881e-02;5.641359e-02;2.629726e-01;1.404527e-01;2.180826e-01;6.490095e-02;4.917006e-02;4.811720e-02
4.891413e-02;3.086520e-02;3.261264e-02;2.296402e-02;1.235900e-02;5.778844e-02;2.607385e-01;1.529459e-01;1.770750e-01;6.305584e-02;4.638324e-02;9.429810e-02
3.683273e-02;3.049861e-02;3.175971e-02;1.552709e-02;2.140140e-02;3.233561e-02;2.292991e-01;1.808020e-01;1.663369e-01;7.455408e-02;5.578695e-02;1.248658e-01
3.908259e-02;3.717925e-02;3.140648e-02;2.739374e-02;3.093534e-02;5.099303e-02;2.056535e-01;1.677552e-01;1.433310e-01;9.126416e-02;7.075097e-02;1.042547e-01
4.687038e-02;5.172633e-02;2.667740e-02;4.532950e-02;3.724523e-02;6.583151e-02;1.816608e-01;1.399231e-01;1.149963e-01;1.453810e-01;8.246092e-02;6.189758e-02
5.301989e-02;3.503511e-02;2.910741e-02;8.244146e-02;2.524761e-02;6.120080e-02;9.757586e-02;1.102649e-01;2.488631e-01;1.490032e-01;7.711003e-02;3.113063e-02
5.696633e-02;1.847942e-02;2.209740e-02;8.758698e-02;1.724042e-02;4.988217e-02;1.458133e-01;1.164161e-01;2.919276e-01;1.053487e-01;6.377228e-02;2.446938e-02
4.302402e-02;1.437926e-02;3.227375e-02;6.919697e-02;2.242190e-02;4.253015e-02;2.516585e-01;1.144658e-01;2.510150e-01;9.141219e-02;4.872138e-02;1.890116e-02
2.696205e-02;2.081935e-02;5.349312e-02;5.411251e-02;3.068042e-02;4.120025e-02;3.485431e-01;8.708684e-02;1.988224e-01;8.151776e-02;4.194869e-02;1.481351e-02
4.790600e-02;3.308502e-02;7.290795e-02;5.236762e-02;3.964619e-02;4.974374e-02;2.912712e-01;8.235563e-02;1.483832e-01;8.686066e-02;5.514334e-02;4.032939e-02
4.507724e-02;4.733557e-02;6.935167e-02;8.737750e-02;5.548189e-02;7.340547e-02;1.517544e-01;1.084541e-01;1.507264e-01;1.171078e-01;6.132492e-02;3.260309e-02
1.894365e-01;9.652127e-02;1.062256e-01;3.225117e-02;3.691688e-02;5.494541e-02;1.162226e-01;3.861374e-02;7.106269e-02;7.651277e-02;1.090105e-01;7.228091e-02
2.131134e-01;8.444645e-02;7.472027e-02;2.271928e-02;1.039304e-02;5.266266e-02;6.973289e-02;2.448812e-02;4.396480e-02;7.255143e-02;1.939603e-01;1.372473e-01
1.641359e-01;6.077468e-02;6.099351e-02;1.320615e-02;9.649662e-03;8.286352e-02;5.088856e-02;1.771012e-02;3.348621e-02;7.775052e-02;2.878953e-01;1.406459e-01
7.834488e-02;3.017478e-02;4.077060e-02;7.194448e-03;1.077437e-02;1.331801e-01;4.019430e-02;2.258261e-02;2.312574e-02;1.260955e-01;3.891113e-01;9.845142e-02
3.281293e-02;2.301995e-02;2.232983e-02;4.643886e-03;2.918977e-02;1.395255e-01;2.567033e-02;2.481209e-02;2.484309e-02;2.176786e-01;4.170883e-01;3.838575e-02
1.739129e-02;5.228221e-02;1.539163e-02;8.712730e-03;7.999832e-02;7.094940e-02;2.317856e-02;2.702877e-02;3.926202e-02;3.463269e-01;2.856596e-01;3.381867e-02
1.071100e-02;7.050098e-02;1.600163e-02;1.511048e-02;1.219544e-01;3.200616e-02;2.691037e-02;2.428569e-02;5.086748e-02;4.492182e-01;1.509070e-01;3.152663e-02
1.209070e-02;7.442224e-02;2.249854e-02;2.032526e-02;1.412934e-01;1.657621e-02;3.016206e-02;1.826666e-02;7.302855e-02;4.965063e-01;7.006096e-02;2.476918e-02
3.533161e-02;5.701158e-02;2.949649e-02;1.414861e-02;1.090924e-01;1.853486e-02;1.054902e-01;3.248793e-02;1.127409e-01;3.935563e-01;6.234426e-02;2.976481e-02
6.428001e-02;4.501252e-02;5.247818e-02;1.259207e-02;7.524673e-02;3.121842e-02;2.308397e-01;4.163994e-02;1.048234e-01;2.240277e-01;7.677017e-02;4.107120e-02
7.414980e-02;3.376487e-02;6.397366e-02;1.289938e-02;8.014813e-02;4.200482e-02;3.238460e-01;3.238228e-02;7.488920e-02;1.390199e-01;8.131393e-02;4.160795e-02
7.521060e-02;2.396413e-02;3.625363e-02;1.607644e-02;1.216481e-01;3.970037e-02;2.607209e-01;2.781705e-02;3.734913e-02;2.033050e-01;1.348357e-01;2.311903e-02
3.891471e-02;2.710739e-02;3.565187e-02;6.896711e-03;1.362467e-01;1.761799e-02;1.106000e-01;2.197701e-02;5.301011e-02;3.422327e-01;1.897420e-01;2.000289e-02
3.911761e-02;2.065558e-02;4.758693e-02;2.196500e-02;9.515896e-02;4.485035e-02;1.629517e-01;2.181097e-02;6.207071e-02;3.138063e-01;1.319557e-01;3.807021e-02
8.231413e-02;3.913706e-02;9.060422e-02;6.024902e-02;5.337311e-02;7.438945e-02;1.566068e-01;4.456008e-02;5.228683e-02;1.654393e-01;1.051472e-01;7.589275e-02
9.264408e-02;4.814961e-02;1.155635e-01;6.678653e-02;7.622784e-02;8.204678e-02;1.538392e-01;5.238677e-02;2.931844e-02;9.063573e-02;1.017267e-01;9.067477e-02
6.986789e-02;4.418102e-02;1.026111e-01;5.069972e-02;5.606000e-02;5.775756e-02;2.604551e-01;4.837279e-02;4.825365e-02;8.218002e-02;9.721379e-02;8.234740e-02
5.912502e-02;3.475511e-02;6.152380e-02;3.054081e-02;2.768630e-02;1.658815e-02;3.422117e-01;9.356597e-02;9.789183e-02;1.229013e-01;6.916400e-02;4.404605e-02
3.365377e-02;1.794629e-02;3.923527e-02;1.712127e-02;1.956490e-02;1.470795e-02;3.788853e-01;1.630403e-01;1.274816e-01;1.181239e-01;4.924320e-02;2.099621e-02
1.975118e-02;1.103030e-02;2.801383e-02;2.196395e-02;1.573913e-02;1.603233e-02;3.832646e-01;1.843328e-01;2.248621e-01;5.445652e-02;2.604865e-02;1.450475e-02
2.242465e-02;9.503555e-03;1.515738e-02;6.941231e-02;1.233248e-02;1.039456e-02;1.981832e-01;1.274710e-01;4.292541e-01;7.249848e-02;2.057954e-02;1.278875e-02
1.885961e-02;3.422954e-03;2.217064e-02;9.341767e-02;1.000642e-02;1.077194e-02;9.248009e-02;7.591923e-02;5.631115e-01;7.832624e-02;2.403400e-02;7.479716e-03
1.366212e-02;5.803615e-03;2.155772e-02;8.704856e-02;6.102484e-03;1.112476e-02;6.064479e-02;8.513113e-02;6.203549e-01;7.274032e-02;1.241816e-02;3.411466e-03
7.157703e-03;7.966965e-03;2.878843e-02;7.937008e-02;4.685979e-03;1.206823e-02;7.083417e-02;1.104674e-01;6.145914e-01;5.108311e-02;5.656945e-03;7.329580e-03
8.092281e-03;6.647824e-03;2.394330e-02;6.613479e-02;9.299978e-03;1.854590e-02;1.166856e-01;1.441704e-01;5.440667e-01;3.666757e-02;1.111464e-02;1.463099e-02
1.290002e-02;6.133021e-03;1.663584e-02;6.437872e-02;8.701207e-03;1.719808e-02;1.182892e-01;1.507870e-01;5.328674e-01;4.585680e-02;1.389609e-02;1.235663e-02
2.100247e-02;5.586697e-03;1.676543e-02;8.095217e-02;8.367557e-03;1.027555e-02;7.009334e-02;1.039789e-01;6.159082e-01;5.156289e-02;1.022532e-02;5.281486e-03
2.323818e-02;6.244288e-03;9.928676e-03;8.987932e-02;6.000201e-03;6.983842e-03;4.019589e-02;5.981616e-02;6.787763e-01;6.354152e-02;8.268746e-03;7.126891e-03
2.853238e-02;8.183038e-03;1.181378e-02;8.230095e-02;1.117432e-02;8.332940e-03;5.356316e-02;5.962785e-02;6.414955e-01;6.949300e-02;1.950332e-02;5.979762e-03
4.458040e-02;1.606753e-02;1.546227e-02;5.860531e-02;2.100072e-02;1.375096e-02;1.756858e-01;7.982310e-02;4.640238e-01;7.147506e-02;2.706956e-02;1.245543e-02
4.813073e-02;1.793626e-02;1.853554e-02;3.966238e-02;1.806933e-02;1.112445e-02;3.470455e-01;9.954691e-02;2.854897e-01;6.864887e-02;2.990678e-02;1.590358e-02
3.054496e-02;9.220387e-03;1.548304e-02;3.221555e-02;1.044116e-02;9.700608e-03;5.508027e-01;1.105176e-01;1.597718e-01;5.271707e-02;1.011640e-02;8.468751e-03
1.451736e-02;7.446492e-03;1.759982e-02;1.566083e-02;7.325092e-03;1.768775e-02;6.495902e-01;1.001667e-01;1.244823e-01;3.223854e-02;6.295090e-03;6.989888e-03
1.113056e-02;8.142819e-03;1.128633e-02;4.090881e-03;9.425179e-03;2.371287e-02;7.269773e-01;7.300375e-02;9.833124e-02;1.994698e-02;8.426827e-03;5.525243e-03
8.083444e-03;8.888318e-03;1.597749e-02;8.877125e-03;2.057016e-02;3.501111e-02;7.591636e-01;4.207507e-02;6.885649e-02;1.719297e-02;1.056764e-02;4.736569e-03
1.580343e-02;1.605566e-02;3.571102e-02;2.096538e-02;3.325756e-02;4.719551e-02;6.578449e-01;4.059124e-02;5.351061e-02;4.275626e-02;2.243041e-02;1.387801e-02
2.291312e-02;2.316867e-02;5.822840e-02;3.048717e-02;2.903057e-02;3.629236e-02;5.040292e-01;8.765016e-02;7.565185e-02;7.532107e-02;3.256829e-02;2.465918e-02
2.291362e-02;1.451893e-02;5.004723e-02;3.262500e-02;1.992507e-02;1.806584e-02;4.306178e-01;1.442584e-01;1.414927e-01;8.031430e-02;2.185179e-02;2.336925e-02
1.224505e-02;8.244631e-03;5.240520e-02;4.193792e-02;1.469554e-02;8.775325e-03;3.372591e-01;1.725668e-01;2.533479e-01;7.186827e-02;1.270007e-02;1.395418e-02
1.253494e-02;7.642648e-03;2.658682e-02;7.736830e-02;1.432836e-02;1.074262e-02;2.400744e-01;2.051208e-01;3.261392e-01;6.554165e-02;7.790781e-03;6.129438e-03
1.735561e-02;6.936996e-03;1.795131e-02;1.270924e-01;1.129404e-02;7.144108e-03;1.289278e-01;1.586931e-01;4.265547e-01;8.079101e-02;1.273557e-02;4.523489e-03
1.658722e-02;6.533906e-03;3.249823e-02;1.356113e-01;1.139801e-02;9.006557e-03;9.805831e-02;1.546491e-01;4.524355e-01;6.736288e-02;1.077917e-02;5.079758e-03
8.968344e-03;4.580154e-03;6.399193e-02;8.407925e-02;9.506405e-03;1.599365e-02;2.324607e-01;2.359636e-01;2.910974e-01;3.754714e-02;5.262112e-03;1.054932e-02
7.706425e-03;1.222958e-02;7.078847e-02;3.508279e-02;9.828528e-03;1.840542e-02;3.951009e-01;2.766386e-01;1.292083e-01;2.689871e-02;6.471228e-03;1.164105e-02
9.260731e-03;1.872207e-02;4.964807e-02;1.348404e-02;1.235680e-02;2.328690e-02;5.302703e-01;2.381815e-01;6.489757e-02;1.428280e-02;1.293407e-02;1.267517e-02
9.858434e-03;2.482304e-02;2.496130e-02;1.538150e-02;1.507116e-02;3.666189e-02;5.984986e-01;1.590753e-01;5.990638e-02;1.954188e-02;2.142506e-02;1.479543e-02
1.571764e-02;3.813238e-02;2.967914e-02;3.146442e-02;4.109619e-02;6.092703e-02;5.986908e-01;7.476348e-02;4.623044e-02;1.656190e-02;2.956426e-02;1.717233e-02
2.474925e-02;3.333535e-02;4.214518e-02;4.600731e-02;8.513261e-02;1.158940e-01;5.160919e-01;3.485418e-02;3.235013e-02;2.365161e-02;2.557086e-02;2.021757e-02
2.613320e-02;1.781004e-02;4.819819e-02;5.753319e-02;1.338013e-01;1.493419e-01;4.353593e-01;3.753769e-02;2.458456e-02;3.223661e-02;1.880487e-02;1.865921e-02
2.849272e-02;2.134440e-02;7.225682e-02;7.345489e-02;1.894306e-01;1.633346e-01;3.326582e-01;3.223991e-02;2.272967e-02;3.011242e-02;1.938923e-02;1.455645e-02
2.778933e-02;1.876228e-02;6.404950e-02;4.604153e-02;2.074921e-01;1.870382e-01;3.019915e-01;5.015336e-02;3.744132e-02;2.600693e-02;1.771941e-02;1.551451e-02
1.356143e-02;4.243868e-03;2.741944e-02;1.166274e-02;9.586646e-02;1.291044e-01;6.401221e-01;3.249809e-02;2.168857e-02;1.374621e-02;6.956627e-03;3.130039e-03
8.615411e-03;6.072205e-03;1.902657e-02;7.625580e-03;4.617161e-02;8.288869e-02;7.621472e-01;2.664047e-02;1.913803e-02;1.175433e-02;5.889888e-03;4.030008e-03
7.880676e-03;4.670770e-03;1.340787e-02;5.192499e-03;3.882902e-02;7.024847e-02;7.884312e-01;3.597597e-02;1.928704e-02;8.856772e-03;4.936834e-03;2.282857e-03
8.096497e-03;5.257503e-03;3.143570e-02;7.765693e-03;6.918212e-02;8.599731e-02;7.332017e-01;2.583319e-02;1.642580e-02;9.487893e-03;4.094095e-03;3.222537e-03
1.217537e-02;7.523575e-03;8.419068e-02;1.554021e-02;9.929051e-02;9.276959e-02;6.326782e-01;2.106210e-02;1.286184e-02;1.128095e-02;6.717806e-03;3.909131e-03
2.306527e-02;1.102566e-02;1.844082e-01;2.484632e-02;9.479486e-02;5.550601e-02;5.363986e-01;2.472807e-02;1.233947e-02;1.288915e-02;1.155811e-02;8.440269e-03
1.496818e-02;2.344511e-02;2.489651e-01;3.131471e-02;7.281312e-02;4.278222e-02;4.838430e-01;1.817380e-02;1.261223e-02;2.439117e-02;1.705475e-02;9.636679e-03
1.952703e-02;2.045630e-02;1.730180e-01;2.828216e-02;4.848536e-02;6.144173e-02;5.327785e-01;4.169298e-02;2.688687e-02;2.215643e-02;1.678065e-02;8.493922e-03
3.322243e-02;2.422533e-02;1.024978e-01;2.583138e-02;4.081503e-02;6.118312e-02;5.426196e-01;6.245622e-02;5.140039e-02;2.272918e-02;1.719071e-02;1.582883e-02
4.508097e-02;2.617719e-02;8.543923e-02;3.001196e-02;9.861649e-02;6.829643e-02;4.281497e-01;7.378972e-02;6.949642e-02;2.707024e-02;2.289387e-02;2.497779e-02
3.917409e-02;1.766862e-02;4.366462e-02;2.421644e-02;1.208510e-01;9.241175e-02;4.563104e-01;7.226674e-02;4.655167e-02;3.092028e-02;3.148670e-02;2.447772e-02
5.322926e-02;3.406005e-02;8.868530e-02;3.928282e-02;1.319089e-01;9.721082e-02;2.828918e-01;5.024653e-02;8.106646e-02;6.149918e-02;5.098898e-02;2.892991e-02
7.945658e-02;6.187527e-02;7.510974e-02;3.496173e-02;1.055333e-01;8.172055e-02;1.702402e-01;4.209220e-02;1.218904e-01;1.062620e-01;8.337422e-02;3.748373e-02
7.316633e-02;7.186871e-02;7.020323e-02;2.749917e-02;9.143858e-02;8.031617e-02;1.324259e-01;4.422149e-02;1.296223e-01;1.197066e-01;1.140099e-01;4.552170e-02
5.697725e-02;5.839522e-02;8.109389e-02;4.047377e-02;1.015293e-01;8.411115e-02;1.397904e-01;7.387180e-02;1.288896e-01;8.493192e-02;1.120815e-01;3.785420e-02
7.197827e-02;2.267058e-02;6.342439e-02;6.289063e-02;1.431865e-01;9.396791e-02;1.596935e-01;1.110737e-01;9.597696e-02;7.710267e-02;5.870467e-02;3.933021e-02
8.763975e-02;3.646195e-02;6.579939e-02;9.857190e-02;1.435509e-01;1.017814e-01;1.391772e-01;1.088156e-01;8.914775e-02;6.623911e-02;3.043178e-02;3.238317e-02
9.794235e-02;5.223288e-02;4.374240e-02;1.301304e-01;1.276464e-01;7.422046e-02;8.195046e-02;1.055683e-01;1.053567e-01;8.140214e-02;4.086712e-02;5.894038e-02
1.012054e-01;5.794992e-02;7.328529e-02;9.255973e-02;1.435549e-01;5.414262e-02;7.891090e-02;8.677978e-02;1.128584e-01;9.030853e-02;3.687907e-02;7.156537e-02
8.410919e-02;5.822282e-02;1.013617e-01;5.696853e-02;1.473817e-01;5.015396e-02;1.359179e-01;6.432500e-02;1.086430e-01;9.487059e-02;3.959552e-02;5.844998e-02
8.762994e-02;7.167494e-02;8.016551e-02;5.816440e-02;1.219623e-01;6.850151e-02;1.585613e-01;6.308170e-02;8.604413e-02;1.259636e-01;4.895549e-02;2.929512e-02
8.616460e-02;6.902302e-02;9.769204e-02;4.900047e-02;1.771038e-01;5.898067e-02;9.122091e-02;7.896196e-02;7.550897e-02;1.116611e-01;6.554905e-02;3.913345e-02
9.612461e-02;5.873925e-02;1.345586e-01;6.517093e-02;1.135160e-01;3.336497e-02;1.346094e-01;8.491638e-02;7.837238e-02;9.003647e-02;6.570838e-02;4.488262e-02
1.127548e-01;9.704958e-02;7.160134e-02;4.338298e-02;9.347973e-02;3.758926e-02;1.572528e-01;7.696990e-02;9.897836e-02;8.649067e-02;7.489696e-02;4.955358e-02
7.649898e-02;1.171749e-01;1.172997e-01;5.848695e-02;7.927909e-02;9.197356e-02;1.028007e-01;7.212970e-02;9.281678e-02;8.105674e-02;5.185689e-02;5.862615e-02
4.368427e-02;7.075846e-02;1.088289e-01;9.865003e-02;1.146032e-01;9.941856e-02;1.722691e-01;4.934166e-02;8.857901e-02;6.043196e-02;3.168957e-02;6.174525e-02
6.587455e-02;6.417634e-02;1.158927e-01;9.976745e-02;1.454602e-01;5.781806e-02;1.787852e-01;5.051640e-02;8.130893e-02;4.399773e-02;4.961124e-02;4.679120e-02
1.099893e-01;5.763492e-02;1.361034e-01;7.579584e-02;1.313304e-01;6.797075e-02;1.323000e-01;7.123504e-02;5.858712e-02;6.581202e-02;6.273594e-02;3.050528e-02
1.218424e-01;6.762603e-02;1.550089e-01;6.116755e-02;9.428931e-02;8.342959e-02;9.287905e-02;8.061953e-02;6.763323e-02;6.718882e-02;4.885755e-02;5.945802e-02
6.860708e-02;8.430398e-02;1.512408e-01;6.376836e-02;9.380160e-02;8.599728e-02;1.138779e-01;7.921028e-02;6.929410e-02;5.734555e-02;5.584282e-02;7.671029e-02
4.037613e-02;1.181879e-01;1.285985e-01;9.250367e-02;1.024801e-01;9.910180e-02;1.045337e-01;6.200790e-02;7.101669e-02;5.844597e-02;5.853513e-02;6.421248e-02
7.491808e-02;1.143656e-01;1.643058e-01;9.551323e-02;7.777330e-02;9.361025e-02;1.000331e-01;6.207950e-02;6.175888e-02;6.663042e-02;4.448448e-02;4.452739e-02
1.016712e-01;6.064850e-02;2.038958e-01;9.347480e-02;5.842181e-02;6.059618e-02;9.699389e-02;7.667424e-02;6.030887e-02;9.038920e-02;4.862662e-02;4.829886e-02
9.964678e-02;7.729151e-02;2.052778e-01;4.990611e-02;8.201446e-02;5.182640e-02;1.131751e-01;7.127408e-02;5.880740e-02;9.156118e-02;5.747997e-02;4.173925e-02
7.503374e-02;1.111560e-01;1.748713e-01;4.786124e-02;8.858316e-02;6.141751e-02;1.109475e-01;8.139817e-02;6.977176e-02;6.853981e-02;6.412533e-02;4.629451e-02
6.536373e-02;1.136241e-01;1.826657e-01;4.638506e-02;7.090288e-02;7.240777e-02;1.092034e-01;7.186512e-02;8.604078e-02;6.621841e-02;5.865306e-02;5.666994e-02
8.766978e-02;8.090197e-02;1.598355e-01;4.232209e-02;5.071539e-02;5.329665e-02;9.779624e-02;5.908914e-02;9.060869e-02;9.638265e-02;8.268499e-02;9.869694e-02
7.350785e-02;8.364057e-02;1.182716e-01;3.494978e-02;8.103009e-02;3.372349e-02;1.037881e-01;9.480353e-02;9.954929e-02;8.218841e-02;1.123974e-01;8.214987e-02
8.446147e-02;9.851947e-02;1.246493e-01;4.361301e-02;9.232096e-02;3.970843e-02;1.078770e-01;7.865103e-02;8.697820e-02;6.455012e-02;9.903115e-02;7.963980e-02
9.356588e-02;8.215417e-02;9.812848e-02;3.717018e-02;8.033048e-02;5.631854e-02;1.156803e-01;6.859700e-02;8.790352e-02;8.222101e-02;1.102945e-01;8.763596e-02
1.231937e-01;1.623614e-01;9.508475e-02;2.923214e-02;5.862668e-02;7.375705e-02;8.885086e-02;5.597683e-02;8.679640e-02;7.614021e-02;1.056261e-01;4.435393e-02
1.306623e-01;2.136645e-01;9.033045e-02;4.309244e-02;7.239620e-02;6.074258e-02;7.119764e-02;3.815684e-02;8.550625e-02;6.658720e-02;8.938056e-02;3.828299e-02
8.068920e-02;2.034736e-01;7.914164e-02;1.202429e-01;1.025340e-01;5.675519e-02;4.298579e-02;5.224007e-02;8.093500e-02;4.023075e-02;8.525077e-02;5.552115e-02
5.788658e-02;1.460011e-01;1.065367e-01;1.338336e-01;8.953373e-02;5.069480e-02;8.552736e-02;6.825566e-02;4.110639e-02;6.294804e-02;1.034406e-01;5.423533e-02
9.255975e-02;9.425745e-02;1.547344e-01;6.251130e-02;5.948944e-02;9.655742e-02;1.085093e-01;5.082924e-02;4.716735e-02;7.325210e-02;1.348729e-01;2.525932e-02
1.396578e-01;3.541624e-02;1.373376e-01;5.656592e-02;6.902751e-02;1.260339e-01;9.143688e-02;4.050149e-02;8.035710e-02;7.163934e-02;1.036948e-01;4.833140e-02
1.713820e-01;6.828352e-02;1.210575e-01;4.805336e-02;5.908620e-02;9.215966e-02;8.205780e-02;4.736010e-02;9.100460e-02;8.597296e-02;7.991067e-02;5.367159e-02
1.645554e-01;1.244489e-01;1.271669e-01;5.459058e-02;5.918605e-02;5.275000e-02;8.208209e-02;6.402134e-02;4.993134e-02;5.863407e-02;9.811702e-02;6.451631e-02
1.094426e-01;1.352051e-01;1.154017e-01;4.467012e-02;9.176053e-02;6.303884e-02;1.215060e-01;6.537626e-02;4.490340e-02;7.682952e-02;8.968378e-02;4.218205e-02
1.003290e-01;9.275528e-02;1.077823e-01;7.079307e-02;9.388807e-02;7.476506e-02;1.016847e-01;7.017722e-02;4.822136e-02;9.231821e-02;7.690087e-02;7.038484e-02
6.711245e-02;9.615869e-02;1.037046e-01;6.823679e-02;6.271932e-02;8.216298e-02;1.066425e-01;8.912748e-02;6.151533e-02;1.015819e-01;8.781485e-02;7.322322e-02
8.684439e-02;1.597690e-01;1.597364e-01;5.604763e-02;6.199684e-02;8.156224e-02;9.469025e-02;7.110526e-02;6.214190e-02;7.173318e-02;5.922944e-02;3.514339e-02
8.532407e-02;1.399244e-01;1.804292e-01;6.954107e-02;5.536536e-02;8.763674e-02;1.290059e-01;4.925969e-02;3.577144e-02;4.987092e-02;4.922785e-02;6.864335e-02
8.735409e-02;8.922859e-02;1.394265e-01;7.147215e-02;5.906478e-02;9.530383e-02;1.476614e-01;7.013347e-02;4.731709e-02;5.360154e-02;6.722791e-02;7.220853e-02
6.468204e-02;5.491507e-02;8.036797e-02;7.313744e-02;6.203271e-02;1.088779e-01;1.006435e-01;9.352383e-02;1.148363e-01;1.001460e-01;6.703288e-02;7.980433e-02
8.496184e-02;4.452986e-02;6.455874e-02;8.019461e-02;7.137753e-02;1.103270e-01;9.919524e-02;8.529291e-02;1.053420e-01;9.283921e-02;7.992133e-02;8.145975e-02
1.067647e-01;4.851642e-02;7.950515e-02;8.423264e-02;7.468963e-02;9.358826e-02;1.036247e-01;8.080708e-02;7.593536e-02;8.654029e-02;8.231424e-02;8.348154e-02
1.362850e-01;7.170808e-02;1.198969e-01;7.922761e-02;6.701008e-02;6.902533e-02;1.035282e-01;7.627582e-02;4.387819e-02;8.186525e-02;7.599516e-02;7.530433e-02
1.563940e-01;9.630276e-02;1.250495e-01;5.626609e-02;5.222549e-02;6.746904e-02;1.016765e-01;7.701927e-02;5.911111e-02;8.228553e-02;5.313282e-02;7.306790e-02
7.741252e-02;5.139619e-02;5.989742e-02;1.982619e-02;4.674878e-02;6.011882e-02;1.491277e-01;7.289022e-02;9.491100e-02;1.738114e-01;1.291626e-01;6.469703e-02
1.228947e-01;2.823275e-02;2.719706e-02;7.587698e-03;2.836326e-02;2.854338e-02;9.983139e-02;4.423510e-02;7.221607e-02;2.855581e-01;1.929368e-01;6.240375e-02
9.220368e-02;2.712668e-02;2.965063e-02;1.196524e-02;2.123097e-02;1.883497e-02;6.761741e-02;4.955808e-02;8.673134e-02;3.530100e-01;2.086381e-01;3.343299e-02
8.568469e-02;2.835808e-02;2.545621e-02;1.892186e-02;2.243289e-02;2.668619e-02;1.858179e-01;5.017783e-02;8.208129e-02;2.796694e-01;1.590464e-01;3.566724e-02
1.125673e-01;3.220456e-02;3.199446e-02;1.865258e-02;2.503747e-02;3.530858e-02;2.819500e-01;5.265907e-02;6.844506e-02;1.879212e-01;1.065785e-01;4.668126e-02
1.165028e-01;3.526444e-02;5.932356e-02;1.865399e-02;3.724770e-02;4.910241e-02;3.612694e-01;5.481120e-02;3.914582e-02;1.358740e-01;5.459152e-02;3.821305e-02
8.033669e-02;5.142831e-02;6.658790e-02;1.994673e-02;3.965877e-02;5.760953e-02;2.131446e-01;6.590398e-02;5.301516e-02;1.727616e-01;1.234814e-01;5.612532e-02
7.421596e-02;5.119058e-02;6.951065e-02;4.802914e-02;3.654249e-02;5.439300e-02;1.027799e-01;7.647585e-02;6.841505e-02;1.921950e-01;1.540375e-01;7.221503e-02
9.047410e-02;7.417512e-02;9.268674e-02;7.394981e-02;5.465853e-02;8.102745e-02;9.314387e-02;7.917892e-02;5.644984e-02;1.206340e-01;1.028689e-01;8.075280e-02
8.237609e-02;8.327414e-02;9.027553e-02;6.673679e-02;5.841107e-02;8.518427e-02;1.110460e-01;8.037025e-02;5.143579e-02;1.214617e-01;8.590400e-02;8.352431e-02
8.563993e-02;6.065126e-02;9.729124e-02;4.531837e-02;9.609534e-02;6.335259e-02;1.055665e-01;6.927328e-02;7.688794e-02;1.222436e-01;7.016472e-02;1.075152e-01
8.464812e-02;4.719513e-02;1.089150e-01;4.572822e-02;1.209107e-01;4.661826e-02;8.970675e-02;6.161062e-02;8.575739e-02;1.062009e-01;9.080155e-02;1.119073e-01
5.870057e-02;6.971961e-02;1.001926e-01;7.028637e-02;1.092357e-01;5.797875e-02;6.951836e-02;5.583388e-02;6.526300e-02;1.135593e-01;1.369838e-01;9.272806e-02
5.102309e-02;6.782056e-02;1.294572e-01;7.358479e-02;7.120232e-02;8.887242e-02;5.105511e-02;4.823213e-02;6.034960e-02;1.009254e-01;1.901721e-01;6.730530e-02
5.608785e-02;4.511879e-02;1.964176e-01;7.277855e-02;3.920676e-02;8.904094e-02;3.992570e-02;5.063043e-02;5.336297e-02;7.231760e-02;2.105020e-01;7.461083e-02
9.261058e-02;4.014705e-02;1.665012e-01;7.161205e-02;3.154696e-02;6.299933e-02;5.297762e-02;4.323754e-02;5.959319e-02;5.206528e-02;1.978487e-01;1.288604e-01
1.423755e-01;8.000885e-02;8.872896e-02;5.855540e-02;4.039598e-02;5.851510e-02;6.837005e-02;3.119675e-02;5.887876e-02;5.391298e-02;1.637382e-01;1.553234e-01
1.396605e-01;8.279333e-02;1.109936e-01;4.107299e-02;3.908649e-02;6.450815e-02;8.322279e-02;2.601163e-02;5.517678e-02;7.985394e-02;1.581868e-01;1.194329e-01
1.210481e-01;6.926455e-02;9.144405e-02;3.473366e-02;5.619333e-02;5.988015e-02;1.462159e-01;3.105359e-02;6.698518e-02;1.179380e-01;1.357770e-01;6.946659e-02
7.406822e-02;5.370772e-02;8.703234e-02;3.086910e-02;6.046420e-02;6.303988e-02;2.292135e-01;6.157304e-02;8.866645e-02;1.046798e-01;1.115056e-01;3.518016e-02
8.077957e-02;5.510438e-02;8.873309e-02;4.825440e-02;3.740184e-02;7.816505e-02;1.697568e-01;9.160471e-02;1.088063e-01;5.451345e-02;1.096342e-01;7.724620e-02
7.964477e-02;4.548252e-02;7.029980e-02;7.505544e-02;5.547218e-02;8.248517e-02;7.423259e-02;9.745385e-02;8.525143e-02;7.954573e-02;1.487779e-01;1.062986e-01
6.888380e-02;6.755833e-02;6.645112e-02;6.281570e-02;8.469386e-02;1.204022e-01;6.668934e-02;6.932086e-02;7.682333e-02;7.870267e-02;1.198177e-01;1.178411e-01
7.144229e-02;6.655565e-02;1.030890e-01;7.016124e-02;1.004186e-01;1.352711e-01;8.747549e-02;5.784905e-02;8.138427e-02;6.352897e-02;8.383550e-02;7.898889e-02
6.508523e-02;5.112933e-02;1.033814e-01;7.035290e-02;8.914903e-02;1.009898e-01;9.392305e-02;4.807130e-02;1.105649e-01;1.083605e-01;1.066331e-01;5.235953e-02
5.613485e-02;5.395062e-02;8.831483e-02;6.170604e-02;7.689139e-02;6.451429e-02;1.006922e-01;4.686871e-02;1.207771e-01;1.299386e-01;1.123060e-01;8.790547e-02
9.814566e-02;4.671324e-02;8.572981e-02;4.140978e-02;7.881548e-02;6.402077e-02;1.061223e-01;8.818197e-02;9.862763e-02;1.049295e-01;1.034575e-01;8.384639e-02
9.259545e-02;4.256248e-02;5.784199e-02;5.327845e-02;6.347792e-02;4.602073e-02;1.313014e-01;6.687454e-02;1.001638e-01;1.147427e-01;1.194896e-01;1.116509e-01
5.939085e-02;3.463512e-02;4.659686e-02;6.423784e-02;4.191654e-02;3.997269e-02;1.760870e-01;6.540926e-02;1.199261e-01;1.701312e-01;9.868060e-02;8.301593e-02
6.969801e-02;1.514260e-02;3.682467e-02;7.202581e-02;3.264423e-02;3.876074e-02;2.097773e-01;6.204749e-02;1.680259e-01;1.693622e-01;7.080265e-02;5.488832e-02
7.995959e-02;2.446568e-02;2.758722e-02;8.039978e-02;2.359700e-02;3.118420e-02;2.436416e-01;8.437891e-02;1.922482e-01;1.300311e-01;4.489240e-02;3.761429e-02
6.033628e-02;3.340990e-02;4.303715e-02;5.322645e-02;3.403614e-02;3.896869e-02;2.646191e-01;9.890752e-02;1.458111e-01;1.095506e-01;2.598980e-02;9.210730e-02
4.768982e-02;3.954858e-02;4.292774e-02;3.076490e-02;3.688090e-02;4.236363e-02;3.600309e-01;1.083381e-01;9.114345e-02;8.563095e-02;4.092538e-02;7.375562e-02
5.161853e-02;4.361250e-02;3.446091e-02;2.913911e-02;3.699985e-02;5.215669e-02;4.447408e-01;8.019076e-02;7.215093e-02;5.985069e-02;4.968220e-02;4.539704e-02
5.971435e-02;3.650980e-02;2.663514e-02;3.826145e-02;4.334271e-02;6.403868e-02;4.739312e-01;5.580561e-02;6.032511e-02;4.898266e-02;5.991593e-02;3.253746e-02
6.183185e-02;3.831338e-02;3.308979e-02;4.618100e-02;6.139012e-02;6.157750e-02;3.999837e-01;4.603403e-02;6.711485e-02;4.376107e-02;8.469142e-02;5.603128e-02
3.336408e-02;8.251796e-02;7.158636e-02;5.331779e-02;7.258305e-02;7.565154e-02;2.713200e-01;4.480468e-02;5.850527e-02;7.530308e-02;9.774190e-02;6.330433e-02
6.883255e-02;7.911954e-02;7.668076e-02;4.137395e-02;5.039082e-02;6.036694e-02;2.306596e-01;6.368580e-02;4.826268e-02;9.742706e-02;9.164324e-02;9.155706e-02
7.349724e-02;5.370736e-02;1.199296e-01;5.573944e-02;4.405116e-02;4.419640e-02;1.977120e-01;8.771189e-02;9.195706e-02;7.467158e-02;6.799737e-02;8.882885e-02
5.766379e-02;6.394131e-02;1.445671e-01;5.746716e-02;6.196821e-02;5.685062e-02;1.688427e-01;8.479446e-02;8.946761e-02;8.711292e-02;5.849300e-02;6.883108e-02
6.903016e-02;7.766478e-02;1.102379e-01;4.855511e-02;4.750109e-02;5.732757e-02;2.332285e-01;6.710128e-02;7.256695e-02;9.130959e-02;5.983100e-02;6.564604e-02
9.429937e-02;5.519045e-02;7.920659e-02;3.509995e-02;2.602197e-02;3.898406e-02;3.527597e-01;6.990841e-02;6.680240e-02;9.515774e-02;4.887725e-02;3.769211e-02
7.475249e-02;3.988185e-02;6.926987e-02;2.629612e-02;1.999762e-02;2.990806e-02;4.515050e-01;9.266725e-02;6.302273e-02;7.520284e-02;3.326810e-02;2.422814e-02
3.869807e-02;2.865145e-02;6.407370e-02;1.713115e-02;3.114232e-02;2.808807e-02;5.654320e-01;1.014675e-01;4.957588e-02;4.247451e-02;2.094386e-02;1.232149e-02
2.005611e-02;3.174732e-02;3.601311e-02;1.334981e-02;5.581063e-02;4.475977e-02;6.593794e-01;7.676458e-02;3.158125e-02;1.246201e-02;1.272695e-02;5.349049e-03
1.827463e-02;3.244775e-02;1.364123e-02;2.489432e-02;7.336782e-02;8.667570e-02;6.665357e-01;3.910636e-02;2.274451e-02;8.961938e-03;8.173514e-03;5.176568e-03
3.250103e-02;1.465514e-02;1.867394e-02;5.970380e-02;9.304366e-02;1.635542e-01;5.477366e-01;2.043170e-02;1.239827e-02;2.277280e-02;7.899158e-03;6.629800e-03
4.487481e-02;1.429719e-02;2.859486e-02;5.115926e-02;1.241728e-01;2.262280e-01;4.450825e-01;1.880324e-02;8.574586e-03;2.583933e-02;6.972874e-03;5.400411e-03
5.281974e-02;1.083708e-02;5.461780e-02;2.838735e-02;1.709428e-01;2.460090e-01;3.755684e-01;1.714066e-02;1.003743e-02;1.800486e-02;3.829784e-03;1.180512e-02
5.735068e-02;1.142462e-02;9.965698e-02;4.461528e-02;2.742086e-01;2.396065e-01;1.855531e-01;1.842367e-02;2.491118e-02;1.448138e-02;9.822152e-03;1.994590e-02
3.160516e-02;8.801467e-03;1.418487e-01;5.911880e-02;2.937358e-01;1.722420e-01;2.003546e-01;2.225691e-02;2.475467e-02;1.485460e-02;1.657320e-02;1.385409e-02
1.749636e-02;9.826025e-03;2.483841e-01;6.646094e-02;2.591731e-01;1.149448e-01;1.829854e-01;2.508200e-02;2.392708e-02;1.845263e-02;2.134525e-02;1.192226e-02
1.160147e-02;1.059326e-02;4.079168e-01;7.088292e-02;1.944307e-01;9.646450e-02;8.904683e-02;2.748946e-02;2.645542e-02;3.042972e-02;2.290245e-02;1.178649e-02
2.065768e-02;1.546201e-02;4.789547e-01;6.891269e-02;8.605915e-02;8.984282e-02;9.332595e-02;3.227783e-02;3.226945e-02;4.288889e-02;1.496779e-02;2.438104e-02
3.307807e-02;2.209163e-02;3.326432e-01;6.383269e-02;8.704378e-02;1.037718e-01;1.677945e-01;4.187115e-02;4.240349e-02;4.846736e-02;2.300866e-02;3.399371e-02
2.997442e-02;3.501458e-02;1.753003e-01;5.029627e-02;1.286313e-01;1.352577e-01;2.024446e-01;5.678068e-02;6.516151e-02;5.586155e-02;3.727772e-02;2.799938e-02
2.510784e-02;4.161547e-02;8.662064e-02;4.703867e-02;1.597828e-01;1.344354e-01;2.319905e-01;5.569435e-02;7.753826e-02;6.162404e-02;4.712340e-02;3.142858e-02
3.644985e-02;2.048511e-02;8.908347e-02;5.286266e-02;1.711380e-01;1.036892e-01;2.445703e-01;6.415853e-02;7.175285e-02;5.391765e-02;5.400587e-02;3.788653e-02
5.543794e-02;1.337195e-02;1.147413e-01;5.787134e-02;1.697888e-01;1.020931e-01;1.660771e-01;9.375095e-02;8.643822e-02;6.160703e-02;5.028411e-02;2.853822e-02
7.148553e-02;2.164934e-02;1.291235e-01;5.826926e-02;1.365612e-01;9.283280e-02;1.341511e-01;9.179311e-02;1.066266e-01;6.463441e-02;6.108277e-02;3.179041e-02
5.992239e-02;3.395607e-02;1.398261e-01;6.387058e-02;9.936595e-02;1.104933e-01;1.688169e-01;6.056533e-02;1.016251e-01;4.932118e-02;7.460460e-02;3.763246e-02
4.649524e-02;4.161254e-02;1.196976e-01;7.482463e-02;1.334205e-01;9.530004e-02;1.208575e-01;8.695423e-02;9.402107e-02;5.812820e-02;5.316543e-02;7.552306e-02
3.962784e-02;3.914509e-02;1.017000e-01;9.325299e-02;1.505534e-01;7.269283e-02;1.015285e-01;7.618635e-02;1.297694e-01;7.117053e-02;4.050548e-02;8.386751e-02
4.389813e-02;3.470208e-02;1.105744e-01;1.305032e-01;1.394979e-01;5.925667e-02;1.469538e-01;6.129361e-02;1.001559e-01;6.600294e-02;3.903658e-02;6.812475e-02
4.161235e-02;5.124931e-02;1.223475e-01;1.125237e-01;1.217099e-01;8.528812e-02;1.576000e-01;6.503195e-02;8.030196e-02;5.964579e-02;5.412811e-02;4.856133e-02
4.579759e-02;7.035026e-02;1.227037e-01;5.895004e-02;1.298106e-01;1.047499e-01;1.360967e-01;8.065491e-02;1.055592e-01;5.747253e-02;5.883730e-02;2.901734e-02
5.558305e-02;7.034262e-02;1.088011e-01;6.266679e-02;1.103386e-01;7.159947e-02;2.139843e-01;8.112200e-02;8.521757e-02;5.955021e-02;4.183914e-02;3.895519e-02
6.588168e-02;4.857538e-02;1.724164e-01;1.078415e-01;9.315588e-02;9.691092e-02;1.166738e-01;7.336434e-02;8.041161e-02;6.397220e-02;3.675879e-02;4.403746e-02
1.016977e-01;5.668510e-02;1.451392e-01;1.018137e-01;7.775800e-02;7.876920e-02;8.520483e-02;6.811032e-02;1.086054e-01;6.931729e-02;2.511356e-02;8.178569e-02
1.216301e-01;6.636377e-02;1.198383e-01;5.965751e-02;5.558586e-02;6.073970e-02;1.405204e-01;4.996153e-02;1.157155e-01;7.862624e-02;4.768719e-02;8.367392e-02
1.379014e-01;8.819344e-02;1.256257e-01;3.389661e-02;5.700995e-02;6.029563e-02;1.211443e-01;5.544617e-02;8.396433e-02;9.100252e-02;7.447364e-02;7.104627e-02
1.044681e-01;7.250525e-02;1.136913e-01;4.667121e-02;7.841224e-02;7.038485e-02;1.409953e-01;8.071721e-02;4.010460e-02;8.898538e-02;9.077809e-02;7.228649e-02
