5.295991e-02;6.365378e-02;4.369717e-02;7.920966e-02;6.071073e-02;1.377775e-01;8.575922e-02;1.242031e-01;5.445816e-02;3.779684e-02;9.557874e-02;1.641951e-01
2.353854e-02;8.508992e-02;5.350346e-02;6.882083e-02;4.917170e-02;1.486028e-01;1.097634e-01;9.554091e-02;5.009162e-02;3.473984e-02;8.025279e-02;2.008841e-01
5.929047e-02;1.011534e-01;6.583416e-02;6.348199e-02;4.535244e-02;1.330214e-01;9.196882e-02;9.446152e-02;8.959626e-02;3.106947e-02;7.536854e-02;1.494015e-01
8.372977e-02;8.168629e-02;6.273483e-02;6.004895e-02;4.680336e-02;1.437907e-01;4.247397e-02;1.288469e-01;1.134780e-01;3.184006e-02;7.997216e-02;1.245951e-01
5.775743e-02;7.034270e-02;6.936439e-02;6.416526e-02;5.500289e-02;1.600587e-01;4.375860e-02;8.091286e-02;1.332817e-01;5.357581e-02;5.473387e-02;1.570457e-01
3.776750e-02;7.855916e-02;7.829851e-02;4.769780e-02;4.131737e-02;1.524766e-01;9.702559e-02;1.399399e-01;1.366760e-01;4.081138e-02;4.943842e-02;9.999178e-02
5.604903e-02;8.123699e-02;9.165819e-02;4.332550e-02;4.292480e-02;1.208535e-01;1.168602e-01;1.304377e-01;1.072153e-01;5.428084e-02;4.999150e-02;1.051665e-01
7.578529e-02;1.105342e-01;8.322249e-02;5.306738e-02;4.809557e-02;6.254486e-02;7.357548e-02;1.325725e-01;9.818481e-02;5.939375e-02;1.061716e-01;9.685207e-02
8.349522e-02;1.212748e-01;7.254894e-02;6.280033e-02;4.688593e-02;5.145814e-02;9.566747e-02;1.341758e-01;9.147442e-02;5.982192e-02;9.699319e-02;8.340390e-02
7.498397e-02;1.405141e-01;7.586037e-02;7.685600e-02;4.989501e-02;7.307962e-02;9.893423e-02;1.231139e-01;8.854993e-02;6.358772e-02;8.294091e-02;5.168420e-02
5.151833e-02;1.688470e-01;1.036015e-01;7.973929e-02;5.460022e-02;9.626956e-02;7.331067e-02;1.071144e-01;8.236885e-02;6.434464e-02;6.624202e-02;5.204348e-02
7.761062e-02;1.692693e-01;1.237928e-01;7.122159e-02;4.239248e-02;7.268304e-02;1.033731e-01;8.415253e-02;6.876612e-02;4.631565e-02;6.215735e-02;7.826540e-02
6.431948e-02;9.786962e-02;9.246349e-02;8.563097e-02;2.632772e-02;1.392780e-01;1.710377e-01;6.578281e-02;6.777849e-02;3.006700e-02;7.793877e-02;8.150589e-02
5.944677e-02;5.893420e-02;6.495579e-02;9.253705e-02;3.542959e-02;1.974222e-01;1.490368e-01;6.925683e-02;8.135752e-02;3.542583e-02;9.161937e-02;6.457803e-02
6.386879e-02;6.107458e-02;6.803314e-02;6.037435e-02;4.637593e-02;1.979331e-01;8.340260e-02;9.623612e-02;1.272762e-01;4.429944e-02;8.463616e-02;6.648953e-02
4.536961e-02;6.721856e-02;8.455078e-02;4.404035e-02;4.859569e-02;1.510400e-01;3.189252e-02;1.578632e-01;1.820379e-01;5.882136e-02;6.986386e-02;5.870613e-02
2.235565e-02;8.116327e-02;8.959274e-02;4.131764e-02;4.571702e-02;1.138477e-01;8.484016e-02;1.552374e-01;1.754445e-01;8.128606e-02;5.828251e-02;5.091542e-02
5.416584e-02;1.030156e-01;1.004533e-01;7.252301e-02;3.487081e-02;1.096916e-01;1.367060e-01;1.025634e-01;1.213616e-01;7.607265e-02;4.076285e-02;4.781345e-02
5.657152e-02;7.231629e-02;9.417140e-02;9.786855e-02;5.027987e-02;1.013215e-01;1.451385e-01;6.508130e-02;1.182626e-01;8.793887e-02;5.323035e-02;5.781925e-02
3.789120e-02;7.801368e-02;5.640503e-02;9.207667e-02;6.051427e-02;1.230503e-01;1.215781e-01;7.996482e-02;1.408627e-01;1.019690e-01;5.327868e-02;5.439557e-02
4.542730e-02;1.079150e-01;7.698975e-02;8.140635e-02;7.667423e-02;1.338269e-01;8.057769e-02;9.717534e-02;1.314790e-01;8.159219e-02;3.787864e-02;4.905761e-02
3.660862e-02;7.579802e-02;8.297875e-02;9.259982e-02;6.932007e-02;1.290100e-01;8.668881e-02;1.516621e-01;1.234289e-01;5.733737e-02;3.301106e-02;6.155645e-02
3.761868e-02;8.362855e-02;8.787212e-02;7.222483e-02;9.280937e-02;8.375273e-02;1.207513e-01;1.428313e-01;1.199330e-01;7.197259e-02;4.772982e-02;3.887574e-02
2.724252e-02;8.553161e-02;8.544483e-02;7.802352e-02;1.036815e-01;5.771237e-02;1.368431e-01;1.415575e-01;1.213547e-01;9.276219e-02;4.826055e-02;2.158555e-02
3.606429e-02;6.104936e-02;9.157746e-02;7.086870e-02;6.482236e-02;7.735621e-02;9.069645e-02;1.775913e-01;1.770798e-01;8.622666e-02;4.123367e-02;2.543370e-02
4.494832e-02;5.900463e-02;9.278594e-02;6.357233e-02;5.695868e-02;1.121836e-01;7.913563e-02;1.568837e-01;1.647495e-01;9.013475e-02;3.192799e-02;4.771501e-02
4.132082e-02;5.107064e-02;8.885200e-02;6.894023e-02;9.083976e-02;9.143656e-02;8.984900e-02;1.233045e-01;1.434676e-01;1.327240e-01;1.932582e-02;5.886907e-02
4.264125e-02;6.161210e-02;9.526330e-02;5.985508e-02;8.155595e-02;6.370831e-02;9.695844e-02;1.645882e-01;1.366374e-01;1.226623e-01;3.498976e-02;3.952798e-02
5.965218e-02;1.120023e-01;1.321172e-01;5.209322e-02;3.221884e-02;7.008713e-02;8.458437e-02;1.932882e-01;9.632511e-02;7.425196e-02;5.800475e-02;3.537480e-02
7.035185e-02;1.801077e-01;1.981003e-01;4.721173e-02;6.023026e-02;1.099103e-01;5.470501e-02;1.266150e-01;4.876586e-02;4.847036e-02;3.223117e-02;2.330044e-02
9.374563e-02;1.909129e-01;1.733115e-01;3.931441e-02;8.270749e-02;1.012350e-01;5.367621e-02;1.622230e-01;3.841827e-02;2.788255e-02;1.172957e-02;2.484347e-02
1.204839e-01;1.519597e-01;1.080046e-01;3.421870e-02;8.254071e-02;5.703357e-02;6.059469e-02;2.330530e-01;5.899126e-02;3.489122e-02;1.220151e-02;4.602719e-02
1.101610e-01;1.235406e-01;6.495811e-02;6.365501e-02;5.066767e-02;4.346330e-02;7.678575e-02;2.495043e-01;7.789892e-02;7.556083e-02;9.831092e-03;5.397349e-02
8.609226e-02;8.497230e-02;3.627622e-02;1.246139e-01;1.704972e-02;4.365806e-02;1.161562e-01;1.921651e-01;6.373146e-02;1.219302e-01;2.778259e-02;8.557201e-02
7.181709e-02;9.269466e-02;4.799016e-02;1.501918e-01;1.051824e-02;3.925546e-02;1.593924e-01;1.025731e-01;4.174762e-02;1.296971e-01;3.240224e-02;1.217201e-01
5.127640e-02;7.437928e-02;4.048981e-02;1.851162e-01;1.228829e-02;2.717820e-02;2.017320e-01;7.781163e-02;3.178738e-02;1.327161e-01;2.136171e-02;1.438630e-01
4.806576e-02;5.878827e-02;3.759865e-02;2.000897e-01;2.034001e-02;3.826628e-02;2.068346e-01;9.162886e-02;3.439485e-02;1.104642e-01;2.545858e-02;1.280702e-01
5.157310e-02;8.574046e-02;6.823366e-02;1.722282e-01;2.683466e-02;6.314050e-02;1.640261e-01;1.033396e-01;5.623497e-02;8.515235e-02;2.044737e-02;1.030490e-01
7.803131e-02;1.330499e-01;8.410051e-02;1.058893e-01;3.271323e-02;8.751932e-02;1.212511e-01;1.169738e-01;8.629707e-02;5.952366e-02;7.575175e-03;8.707552e-02
6.884265e-02;1.376408e-01;8.887996e-02;6.922904e-02;4.341476e-02;9.829077e-02;1.154718e-01;1.229041e-01;8.418597e-02;6.429451e-02;1.672738e-02;9.011830e-02
3.794716e-02;1.601390e-01;8.996602e-02;8.341960e-02;6.787650e-02;1.009164e-01;5.536175e-02;1.260308e-01;8.365140e-02;7.026738e-02;3.144706e-02;9.297694e-02
6.746971e-02;1.852774e-01;1.074182e-01;7.124829e-02;7.205559e-02;7.378338e-02;1.346840e-01;6.806648e-02;7.308418e-02;5.023106e-02;3.068371e-02;6.599791e-02
1.155015e-01;1.576113e-01;1.296454e-01;7.015842e-02;4.157743e-02;5.499989e-02;1.063629e-01;1.491897e-01;6.164699e-02;3.762772e-02;2.363967e-02;5.203913e-02
1.635500e-01;1.388662e-01;8.779483e-02;5.110770e-02;5.398982e-02;3.588742e-02;6.883945e-02;2.272522e-01;6.332701e-02;3.063557e-02;2.126966e-02;5.748016e-02
1.390135e-01;1.196174e-01;6.843382e-02;4.418865e-02;5.389605e-02;3.038784e-02;1.042154e-01;2.121712e-01;4.816207e-02;4.663828e-02;1.698227e-02;1.162935e-01
8.332274e-02;9.844141e-02;5.728151e-02;5.564135e-02;3.806964e-02;5.709663e-02;1.389955e-01;1.632538e-01;4.975891e-02;5.995892e-02;3.740906e-02;1.607705e-01
5.995407e-02;4.972962e-02;4.667616e-02;6.247484e-02;2.708204e-02;8.919891e-02;1.657191e-01;1.407249e-01;8.193454e-02;7.469110e-02;5.305152e-02;1.487632e-01
8.076760e-02;8.047456e-02;7.486959e-02;4.101674e-02;3.007478e-02;1.056137e-01;1.460066e-01;1.095760e-01;1.200192e-01;6.984676e-02;6.016450e-02;8.157001e-02
1.037147e-01;7.773357e-02;7.803148e-02;4.538013e-02;2.205104e-02;9.661118e-02;1.433770e-01;1.336245e-01;1.193255e-01;4.981640e-02;7.693819e-02;5.339639e-02
9.497280e-02;8.961307e-02;8.764474e-02;6.705476e-02;4.331423e-02;8.973078e-02;9.128835e-02;1.355849e-01;8.579101e-02;5.566354e-02;7.044108e-02;8.890073e-02
7.177642e-02;1.125976e-01;9.358753e-02;9.052426e-02;5.603881e-02;7.539885e-02;7.075184e-02;1.455633e-01;6.473284e-02;5.141826e-02;4.407256e-02;1.235378e-01
8.017171e-02;1.407363e-01;1.267527e-01;6.673978e-02;5.849348e-02;5.196568e-02;9.695460e-02;1.378671e-01;5.493602e-02;3.739209e-02;3.898929e-02;1.090012e-01
1.067523e-01;1.413053e-01;1.226693e-01;4.755157e-02;6.188183e-02;5.632263e-02;9.948163e-02;1.347608e-01;6.015993e-02;5.713079e-02;5.053960e-02;6.144426e-02
9.566822e-02;1.262078e-01;1.006391e-01;4.917076e-02;7.398244e-02;6.502565e-02;7.001138e-02;1.365569e-01;8.950595e-02;6.009961e-02;5.595016e-02;7.718202e-02
7.970332e-02;1.616343e-01;1.008528e-01;6.298728e-02;5.891465e-02;4.942771e-02;8.868542e-02;9.814174e-02;1.068419e-01;5.403589e-02;4.320711e-02;9.556790e-02
9.165069e-02;1.668389e-01;9.711123e-02;5.684037e-02;3.866355e-02;4.306391e-02;1.130366e-01;8.266404e-02;1.022003e-01;5.427454e-02;4.631510e-02;1.073408e-01
1.116016e-01;9.122413e-02;9.907755e-02;3.593393e-02;5.583026e-02;9.912452e-02;1.027683e-01;8.712506e-02;1.362833e-01;5.519268e-02;5.435546e-02;7.148334e-02
1.123945e-01;1.226637e-01;9.690017e-02;3.826172e-02;6.109186e-02;9.274096e-02;7.668282e-02;1.240179e-01;1.173857e-01;5.049168e-02;5.663313e-02;5.073579e-02
1.410486e-01;8.919707e-02;8.012543e-02;3.518591e-02;7.184530e-02;6.874783e-02;7.493228e-02;1.728110e-01;8.707524e-02;3.509461e-02;6.749097e-02;7.644578e-02
1.893705e-01;5.556274e-02;6.357203e-02;2.146701e-02;9.249736e-02;3.592975e-02;6.323368e-02;2.376581e-01;4.840892e-02;3.161106e-02;6.766931e-02;9.301955e-02
2.122501e-01;4.665461e-02;6.582351e-02;1.631469e-02;1.105890e-01;1.602972e-02;8.095150e-02;2.788593e-01;2.800990e-02;2.704888e-02;4.777148e-02;6.969733e-02
1.957517e-01;5.003566e-02;7.638219e-02;1.101925e-02;1.076839e-01;3.657411e-02;1.178091e-01;2.938336e-01;2.272381e-02;1.822381e-02;3.342718e-02;3.653580e-02
1.504911e-01;4.676485e-02;8.901864e-02;1.552262e-02;8.874758e-02;7.307876e-02;1.573724e-01;2.731892e-01;3.913837e-02;2.259140e-02;2.133566e-02;2.274949e-02
1.183126e-01;8.795525e-02;9.118723e-02;1.578820e-02;1.406990e-01;7.082238e-02;1.097105e-01;2.707036e-01;3.991830e-02;1.554883e-02;1.160450e-02;2.774960e-02
1.230109e-01;1.513291e-01;1.058774e-01;2.388558e-02;1.701054e-01;5.402904e-02;2.818654e-02;2.447289e-01;3.239673e-02;2.345843e-02;1.427701e-02;2.871492e-02
1.307779e-01;2.005897e-01;1.103565e-01;2.399663e-02;1.344744e-01;4.281081e-02;3.264549e-02;1.966180e-01;3.352857e-02;2.723067e-02;2.199503e-02;4.497636e-02
1.333788e-01;2.495061e-01;1.379521e-01;1.332686e-02;9.000378e-02;4.162681e-02;6.158169e-02;1.505782e-01;3.164409e-02;2.309749e-02;2.126464e-02;4.603950e-02
1.303311e-01;2.482641e-01;1.508502e-01;1.586203e-02;6.545164e-02;4.234998e-02;9.307619e-02;1.586620e-01;2.810193e-02;2.043798e-02;9.642571e-03;3.697029e-02
1.654872e-01;2.036608e-01;1.537417e-01;2.620145e-02;3.689430e-02;5.388380e-02;9.669740e-02;1.493315e-01;3.867326e-02;1.729406e-02;1.332548e-02;4.480905e-02
1.694159e-01;1.536192e-01;1.419310e-01;3.803198e-02;3.601796e-02;5.271590e-02;1.065990e-01;1.180918e-01;6.486879e-02;2.780494e-02;2.524663e-02;6.565699e-02
1.603753e-01;6.811897e-02;1.178507e-01;4.990600e-02;5.506391e-02;5.110925e-02;9.205566e-02;1.456921e-01;9.939425e-02;5.287195e-02;4.042819e-02;6.713374e-02
1.399517e-01;1.003299e-01;8.142485e-02;5.673585e-02;5.245518e-02;5.939655e-02;5.563923e-02;1.985498e-01;1.095849e-01;5.855301e-02;4.436234e-02;4.301678e-02
1.123229e-01;1.101642e-01;7.524563e-02;4.141400e-02;5.066402e-02;7.600785e-02;7.845037e-02;2.272284e-01;9.714316e-02;4.817688e-02;5.481856e-02;2.836400e-02
8.824762e-02;1.118278e-01;1.251882e-01;2.341321e-02;3.550653e-02;6.985891e-02;9.779433e-02;2.517518e-01;9.142840e-02;4.537449e-02;4.157778e-02;1.803102e-02
1.232949e-01;1.372014e-01;1.364218e-01;2.483575e-02;2.462623e-02;4.882370e-02;8.380353e-02;2.401854e-01;7.722437e-02;4.445235e-02;3.077880e-02;2.835176e-02
1.335642e-01;1.635468e-01;1.309070e-01;2.893065e-02;3.353477e-02;4.416302e-02;9.086231e-02;2.151365e-01;5.724391e-02;4.041813e-02;2.245000e-02;3.924268e-02
1.305348e-01;1.456519e-01;9.970131e-02;4.336754e-02;4.276959e-02;6.713054e-02;9.785166e-02;2.084702e-01;5.583796e-02;4.286642e-02;2.267276e-02;4.314523e-02
1.435342e-01;1.121325e-01;6.770735e-02;3.616651e-02;4.205233e-02;8.227732e-02;1.358736e-01;2.071006e-01;4.348466e-02;4.296673e-02;2.966991e-02;5.703431e-02
1.505257e-01;1.305402e-01;8.990695e-02;4.776995e-02;2.943332e-02;7.493547e-02;1.308404e-01;1.316262e-01;3.594680e-02;3.601092e-02;3.544735e-02;1.070167e-01
1.354971e-01;6.604601e-02;1.070172e-01;6.352095e-02;3.668070e-02;6.761050e-02;2.072217e-01;5.374957e-02;5.262091e-02;3.384544e-02;4.989012e-02;1.262998e-01
1.118608e-01;1.010524e-01;1.118166e-01;5.664371e-02;4.153148e-02;3.851724e-02;2.057530e-01;6.330314e-02;4.814233e-02;2.567889e-02;6.485089e-02;1.308495e-01
9.789996e-02;1.471370e-01;9.930962e-02;5.248608e-02;4.372485e-02;6.185506e-02;1.684137e-01;4.841423e-02;3.702225e-02;1.793616e-02;9.556007e-02;1.302410e-01
9.533632e-02;1.424797e-01;8.817463e-02;3.505265e-02;3.558908e-02;1.050625e-01;1.261736e-01;7.756824e-02;4.464294e-02;1.740625e-02;8.889246e-02;1.436216e-01
8.775290e-02;1.346357e-01;9.144466e-02;2.829129e-02;2.191738e-02;1.382509e-01;1.205697e-01;9.622883e-02;6.359877e-02;1.883711e-02;5.021840e-02;1.482543e-01
7.428961e-02;1.095698e-01;1.126491e-01;2.907740e-02;3.295832e-02;1.694800e-01;1.065170e-01;1.144161e-01;7.041374e-02;2.042487e-02;5.914343e-02;1.010605e-01
7.872520e-02;7.756718e-02;1.052176e-01;1.972654e-02;3.394176e-02;1.682070e-01;1.931836e-01;1.041972e-01;7.333343e-02;2.380223e-02;5.772256e-02;6.437577e-02
9.785137e-02;1.207401e-01;1.022181e-01;2.357125e-02;2.852254e-02;1.607330e-01;1.801875e-01;8.782618e-02;6.542523e-02;3.138401e-02;4.865868e-02;5.288202e-02
1.158127e-01;9.423399e-02;7.520222e-02;3.139850e-02;3.039351e-02;1.574885e-01;1.198532e-01;1.222890e-01;8.746631e-02;5.140218e-02;2.884717e-02;8.561268e-02
9.918831e-02;1.191834e-01;9.714094e-02;4.958866e-02;4.554219e-02;9.054622e-02;1.056676e-01;9.452689e-02;7.997424e-02;5.459582e-02;5.112703e-02;1.129187e-01
7.956871e-02;1.201139e-01;7.211834e-02;8.002607e-02;4.262211e-02;8.610642e-02;1.295902e-01;8.916268e-02;6.532609e-02;4.610911e-02;6.032864e-02;1.289278e-01
7.485821e-02;1.365429e-01;7.458763e-02;1.147652e-01;3.209400e-02;8.365751e-02;1.470830e-01;7.047249e-02;4.198265e-02;2.910084e-02;4.082862e-02;1.540269e-01
9.295713e-02;1.995051e-01;8.998395e-02;1.004256e-01;5.642651e-02;4.728729e-02;9.914995e-02;1.056220e-01;3.168578e-02;1.971240e-02;2.848073e-02;1.287636e-01
1.289438e-01;2.084114e-01;1.083638e-01;4.472676e-02;6.867230e-02;4.287730e-02;5.448057e-02;1.563302e-01;5.899931e-02;3.584050e-02;2.407335e-02;6.828068e-02
1.246492e-01;2.037545e-01;1.060514e-01;3.292916e-02;7.285955e-02;6.259226e-02;4.068302e-02;1.725263e-01;7.878974e-02;4.495171e-02;3.098356e-02;2.922964e-02
1.098644e-01;2.536268e-01;1.448109e-01;2.720663e-02;6.503755e-02;4.935863e-02;5.701102e-02;1.391635e-01;6.902268e-02;3.062826e-02;2.787795e-02;2.639170e-02
1.171079e-01;3.467499e-01;2.016979e-01;2.104319e-02;4.042851e-02;2.790848e-02;6.198858e-02;8.313109e-02;4.579902e-02;1.531097e-02;1.423366e-02;2.460081e-02
1.095845e-01;3.886769e-01;2.597753e-01;2.366668e-02;2.015852e-02;3.319733e-02;5.004791e-02;2.777611e-02;3.066241e-02;9.552406e-03;1.391639e-02;3.298563e-02
8.136524e-02;4.064353e-01;3.146054e-01;1.928956e-02;1.287375e-02;3.500124e-02;2.136897e-02;3.422692e-02;2.583338e-02;8.574547e-03;1.691883e-02;2.350688e-02
5.980330e-02;3.875551e-01;3.292992e-01;1.869369e-02;1.467596e-02;2.885893e-02;3.268492e-02;6.370565e-02;2.257243e-02;1.280785e-02;1.839322e-02;1.094980e-02
6.258458e-02;3.238677e-01;2.806210e-01;1.826921e-02;1.837102e-02;5.277718e-02;5.904242e-02;1.070478e-01;2.866772e-02;1.805626e-02;1.228353e-02;1.841156e-02
7.462146e-02;2.861364e-01;2.040742e-01;1.353769e-02;2.407827e-02;5.947739e-02;6.868751e-02;1.380121e-01;3.607007e-02;1.844922e-02;2.844933e-02;4.840634e-02
1.113971e-01;2.658871e-01;7.720073e-02;2.405918e-02;3.656015e-02;5.355250e-02;5.235908e-02;1.412890e-01;8.615796e-02;2.583017e-02;2.833648e-02;9.737045e-02
1.057221e-01;2.388433e-01;1.599385e-01;3.157457e-02;2.783055e-02;6.508829e-02;4.465361e-02;9.673253e-02;1.052636e-01;2.959276e-02;3.311772e-02;6.164248e-02
8.923306e-02;2.040306e-01;1.764675e-01;3.475767e-02;3.181802e-02;5.604591e-02;7.957103e-02;9.137652e-02;8.243452e-02;6.253982e-02;3.488848e-02;5.683686e-02
7.691053e-02;1.628729e-01;1.437031e-01;3.823351e-02;3.540161e-02;7.437188e-02;8.493044e-02;1.102127e-01;5.948080e-02;9.769712e-02;5.070850e-02;6.547684e-02
4.507804e-02;1.739888e-01;1.741929e-01;4.891965e-02;3.523799e-02;1.221084e-01;5.619951e-02;9.474983e-02;6.946038e-02;8.555682e-02;4.546932e-02;4.903840e-02
4.080630e-02;2.324494e-01;2.230882e-01;5.235193e-02;3.370893e-02;1.258740e-01;3.609188e-02;8.105762e-02;6.945569e-02;4.932372e-02;2.196472e-02;3.382762e-02
5.995024e-02;2.773680e-01;2.343671e-01;4.321084e-02;3.929926e-02;1.018334e-01;3.515384e-02;6.846710e-02;6.027695e-02;3.019721e-02;1.029500e-02;3.958104e-02
5.914911e-02;2.002132e-01;2.206725e-01;4.578194e-02;4.765689e-02;1.042351e-01;9.428048e-02;8.150275e-02;6.189766e-02;2.200546e-02;1.594997e-02;4.665501e-02
2.600325e-02;1.942412e-01;2.427582e-01;4.340398e-02;2.486364e-02;1.291060e-01;1.028865e-01;8.886314e-02;6.969124e-02;2.324598e-02;1.975231e-02;3.518460e-02
5.428409e-02;2.305769e-01;2.065986e-01;2.413106e-02;2.222236e-02;1.467129e-01;3.253499e-02;8.361882e-02;1.012038e-01;3.767375e-02;2.703961e-02;3.340315e-02
7.189070e-02;1.835399e-01;5.853472e-02;3.140000e-02;4.895795e-02;1.479636e-01;5.054907e-02;1.056727e-01;1.671873e-01;5.212357e-02;3.853573e-02;4.364478e-02
5.680142e-02;1.986054e-01;1.496999e-01;1.844831e-02;6.512956e-02;7.378395e-02;4.405106e-02;9.692416e-02;1.844784e-01;5.943389e-02;2.448430e-02;2.815962e-02
3.652581e-02;2.025076e-01;2.122248e-01;3.747685e-02;5.688716e-02;2.690370e-02;4.060915e-02;1.243774e-01;1.787415e-01;4.711875e-02;1.552130e-02;2.110596e-02
1.975784e-02;1.202396e-01;1.462258e-01;5.033503e-02;5.290717e-02;9.782499e-02;1.188588e-01;1.595958e-01;1.365288e-01;3.613964e-02;4.189231e-02;1.969416e-02
1.782648e-02;8.180958e-02;1.058878e-01;3.511838e-02;4.324099e-02;1.815230e-01;1.498884e-01;1.122609e-01;1.033819e-01;4.902356e-02;9.315535e-02;2.688365e-02
1.269691e-02;6.905602e-02;8.100521e-02;2.172625e-02;4.267101e-02;2.335158e-01;1.377779e-01;8.875344e-02;9.535856e-02;5.711646e-02;1.303850e-01;2.993754e-02
1.461841e-02;7.633725e-02;5.083662e-02;3.392994e-02;4.235550e-02;2.402981e-01;1.037413e-01;1.041802e-01;8.889449e-02;6.157476e-02;1.580814e-01;2.515217e-02
1.210414e-02;1.123004e-01;3.762154e-02;4.187572e-02;6.460668e-02;1.609713e-01;6.100249e-02;1.417061e-01;9.001665e-02;9.741104e-02;1.588906e-01;2.149335e-02
2.179110e-02;1.556828e-01;4.440630e-02;3.586239e-02;1.090693e-01;5.638410e-02;3.109837e-02;1.713915e-01;1.049303e-01;1.251433e-01;1.096693e-01;3.457131e-02
3.330559e-02;1.523621e-01;2.463488e-02;3.326604e-02;1.318124e-01;7.341643e-02;4.089637e-02;1.398612e-01;1.092069e-01;1.587426e-01;3.951065e-02;6.298485e-02
4.897656e-02;1.355238e-01;2.584783e-02;3.609745e-02;1.419730e-01;6.130681e-02;4.320807e-02;1.009734e-01;1.284577e-01;1.532829e-01;4.102821e-02;8.332428e-02
8.862688e-02;9.704021e-02;3.845455e-02;5.833996e-02;1.265482e-01;3.528638e-02;4.951033e-02;1.003597e-01;1.704709e-01;1.251080e-01;3.579624e-02;7.445861e-02
1.112864e-01;5.940489e-02;5.758614e-02;7.286788e-02;8.840185e-02;3.671380e-02;5.527175e-02;1.088807e-01;2.102639e-01;1.202911e-01;3.496030e-02;4.407129e-02
8.670709e-02;7.148436e-02;6.470307e-02;9.173274e-02;8.629986e-02;4.113724e-02;5.729375e-02;1.205466e-01;2.292711e-01;6.763411e-02;5.449690e-02;2.869314e-02
7.682305e-02;8.029044e-02;1.072068e-01;8.643167e-02;6.376157e-02;4.228029e-02;5.743217e-02;1.562814e-01;1.835569e-01;5.754913e-02;6.270027e-02;2.568628e-02
8.198305e-02;9.624694e-02;1.410475e-01;7.790808e-02;5.384203e-02;8.485711e-02;5.679862e-02;1.921958e-01;8.689369e-02;3.276919e-02;7.657539e-02;1.888266e-02
5.508995e-02;1.164105e-01;1.254023e-01;6.075571e-02;5.345080e-02;1.332552e-01;4.501122e-02;1.804832e-01;7.084066e-02;4.671569e-02;7.345276e-02;3.913194e-02
5.756833e-02;1.143787e-01;1.225642e-01;8.074268e-02;5.031320e-02;1.080245e-01;2.469728e-02;1.305203e-01;1.242553e-01;4.936131e-02;8.913622e-02;4.843799e-02
4.845181e-02;7.172587e-02;1.003864e-01;1.125511e-01;3.224673e-02;5.840682e-02;4.062232e-02;1.883401e-01;1.950879e-01;3.826870e-02;7.864006e-02;3.527218e-02
4.723039e-02;3.443812e-02;5.189201e-02;1.481889e-01;2.657375e-02;4.050032e-02;4.063034e-02;2.263218e-01;2.446138e-01;5.870698e-02;6.228874e-02;1.861483e-02
5.004971e-02;3.926469e-02;5.639777e-02;1.696974e-01;4.281350e-02;8.105154e-02;2.287711e-02;2.091125e-01;2.336034e-01;3.782276e-02;3.778582e-02;1.952375e-02
5.007538e-02;5.058469e-02;9.991320e-02;1.646080e-01;4.074275e-02;6.004217e-02;2.923441e-02;2.249042e-01;2.080531e-01;3.092690e-02;2.193896e-02;1.897629e-02
3.979319e-02;4.417839e-02;1.213422e-01;1.293905e-01;2.678560e-02;3.087616e-02;2.434124e-02;2.755209e-01;2.297655e-01;4.051919e-02;1.214480e-02;2.534229e-02
2.504642e-02;3.732807e-02;1.062170e-01;9.339385e-02;1.289291e-02;1.299114e-02;1.943258e-02;3.323378e-01;2.769706e-01;2.383812e-02;1.444220e-02;4.510919e-02
6.231471e-03;3.851984e-02;8.282129e-02;6.316445e-02;1.802694e-02;2.823020e-02;1.745920e-02;3.615634e-01;2.710973e-01;2.679306e-02;8.607697e-03;7.748512e-02
2.063537e-02;4.005991e-02;7.986686e-02;6.017200e-02;1.738512e-02;4.082868e-02;1.655035e-02;3.616325e-01;2.344047e-01;3.544649e-02;1.112929e-02;8.188870e-02
1.869913e-02;4.222090e-02;8.951830e-02;6.584631e-02;2.771674e-02;5.416964e-02;1.696347e-02;3.637309e-01;1.937060e-01;3.499534e-02;1.952880e-02;7.290453e-02
1.602681e-02;4.199393e-02;1.101226e-01;5.563522e-02;2.590869e-02;6.493306e-02;1.860200e-02;3.771004e-01;1.623163e-01;2.177195e-02;1.941934e-02;8.616970e-02
3.004723e-02;4.629629e-02;1.097814e-01;4.574591e-02;1.548958e-02;6.039893e-02;1.824793e-02;3.901057e-01;1.603817e-01;1.831805e-02;1.287001e-02;9.231730e-02
6.140627e-02;5.027232e-02;1.165980e-01;4.105212e-02;9.727079e-03;5.126006e-02;2.127208e-02;3.664437e-01;1.527970e-01;2.139543e-02;2.079029e-02;8.698568e-02
5.810436e-02;5.716960e-02;1.249284e-01;6.955119e-02;1.235029e-02;6.989197e-02;2.402611e-02;3.419377e-01;1.287933e-01;1.911215e-02;1.205224e-02;8.208273e-02
2.629513e-02;3.649611e-02;1.124306e-01;9.224790e-02;2.335543e-02;8.919542e-02;4.905495e-02;3.308359e-01;1.403476e-01;1.799154e-02;2.215091e-02;5.959852e-02
9.988847e-03;2.894545e-02;8.389855e-02;7.209434e-02;2.556597e-02;8.832765e-02;7.250139e-02;3.319583e-01;1.755222e-01;3.241799e-02;3.881197e-02;3.996731e-02
1.602002e-02;5.848266e-02;6.562836e-02;4.143851e-02;2.218815e-02;1.107680e-01;6.075998e-02;3.350050e-01;1.679357e-01;3.423401e-02;5.383891e-02;3.370076e-02
2.642032e-02;7.315199e-02;7.378095e-02;4.596421e-02;2.396217e-02;1.443888e-01;2.980709e-02;3.332334e-01;1.245293e-01;2.835169e-02;6.741662e-02;2.899343e-02
2.998362e-02;7.843667e-02;8.996619e-02;4.179939e-02;2.560714e-02;1.102677e-01;2.807274e-02;3.602910e-01;1.272068e-01;3.710460e-02;4.707800e-02;2.418619e-02
2.142389e-02;6.184168e-02;7.536991e-02;4.042790e-02;3.124904e-02;6.918237e-02;3.676335e-02;3.932118e-01;1.682416e-01;4.476863e-02;2.346367e-02;3.405605e-02
2.064198e-02;6.808719e-02;5.351459e-02;4.946309e-02;3.168456e-02;4.896062e-02;3.364547e-02;4.200390e-01;1.737835e-01;2.910870e-02;4.140412e-02;2.966714e-02
1.981622e-02;5.530664e-02;6.625700e-02;5.768702e-02;3.408443e-02;6.852772e-02;3.533094e-02;4.017383e-01;1.716183e-01;2.583456e-02;4.438534e-02;1.941357e-02
2.707916e-02;4.110504e-02;7.271080e-02;5.724989e-02;3.745093e-02;8.272387e-02;3.281286e-02;3.618937e-01;1.816647e-01;3.136139e-02;4.529592e-02;2.865173e-02
4.007630e-02;5.445921e-02;1.052044e-01;3.952387e-02;3.439804e-02;8.562747e-02;2.434030e-02;3.424200e-01;1.632867e-01;3.600523e-02;3.418655e-02;4.047194e-02
2.978714e-02;7.434192e-02;9.044458e-02;5.726212e-02;3.891058e-02;7.609878e-02;3.911372e-02;3.172833e-01;1.337571e-01;4.280469e-02;4.243942e-02;5.775664e-02
3.121551e-02;7.747860e-02;7.315788e-02;9.665925e-02;5.065141e-02;5.913140e-02;5.052982e-02;2.392332e-01;1.512185e-01;5.643588e-02;6.955569e-02;4.473292e-02
3.732071e-02;6.560430e-02;1.019475e-01;1.185876e-01;6.047580e-02;8.008090e-02;5.558206e-02;1.766506e-01;1.700868e-01;4.952116e-02;5.680692e-02;2.733562e-02
3.171948e-02;5.986683e-02;8.582650e-02;1.013661e-01;7.389283e-02;8.918938e-02;5.640879e-02;1.795632e-01;2.032126e-01;5.715808e-02;3.759232e-02;2.420394e-02
2.149696e-02;6.159628e-02;7.579784e-02;5.916268e-02;8.799209e-02;7.861805e-02;4.737580e-02;2.074356e-01;2.296424e-01;7.268355e-02;3.221872e-02;2.598000e-02
2.977510e-02;6.251699e-02;7.969981e-02;5.286845e-02;9.286598e-02;1.204412e-01;4.161698e-02;2.291430e-01;1.984936e-01;4.377045e-02;3.218504e-02;1.662334e-02
3.247890e-02;8.271969e-02;1.134255e-01;7.423251e-02;7.084472e-02;1.354007e-01;4.257375e-02;1.805249e-01;1.830804e-01;1.979083e-02;4.581526e-02;1.911278e-02
