1.002104e-02;6.283841e-02;6.304323e-01;4.141361e-02;2.875106e-02;2.055112e-02;1.019285e-01;1.559456e-02;1.158644e-02;5.891479e-02;7.201866e-03;1.076631e-02
1.701220e-02;9.527464e-02;6.318582e-01;2.980436e-02;1.346478e-02;3.109778e-02;5.728083e-02;1.302213e-02;4.903573e-02;4.655045e-02;4.914081e-03;1.068486e-02
3.169587e-02;1.395705e-01;5.404123e-01;3.251642e-02;1.078680e-02;4.704819e-02;3.324580e-02;1.075058e-02;1.074016e-01;2.986895e-02;3.807278e-03;1.289583e-02
4.455246e-02;1.529063e-01;4.768995e-01;3.394696e-02;1.436894e-02;3.842475e-02;4.908099e-02;1.299311e-02;1.408430e-01;2.145511e-02;5.329305e-03;9.199573e-03
6.466008e-02;1.385818e-01;4.837763e-01;3.614732e-02;9.421161e-03;1.821693e-02;4.806133e-02;1.496440e-02;1.483277e-01;2.044312e-02;8.349149e-03;9.050681e-03
4.805982e-02;1.371737e-01;4.756091e-01;4.157838e-02;2.374910e-02;1.880361e-02;4.830253e-02;3.433199e-02;1.145703e-01;3.156203e-02;1.079435e-02;1.546517e-02
8.944561e-02;1.836579e-01;4.110289e-01;4.599621e-02;3.435306e-02;2.018674e-02;5.695022e-02;4.370096e-02;5.616241e-02;3.235037e-02;1.063117e-02;1.553657e-02
1.611381e-01;2.971016e-01;2.663075e-01;3.317556e-02;2.347048e-02;1.874270e-02;3.468126e-02;2.564191e-02;1.003593e-01;2.104564e-02;5.237663e-03;1.309832e-02
1.984937e-01;3.512871e-01;1.955345e-01;2.348174e-02;7.761142e-03;1.795631e-02;1.928348e-02;2.029254e-02;1.388494e-01;1.074493e-02;5.231890e-03;1.108339e-02
2.324360e-01;2.951600e-01;1.901585e-01;1.460825e-02;1.509499e-02;1.500032e-02;2.809235e-02;4.524628e-02;1.346850e-01;8.592493e-03;6.434646e-03;1.449123e-02
2.458121e-01;2.379084e-01;1.887091e-01;1.421766e-02;3.092451e-02;1.160499e-02;4.100668e-02;6.957897e-02;1.084532e-01;1.811766e-02;1.042654e-02;2.324016e-02
2.178755e-01;1.976517e-01;1.957242e-01;1.767779e-02;5.457969e-02;1.218724e-02;6.409682e-02;9.249261e-02;6.648623e-02;2.150575e-02;2.408660e-02;3.563584e-02
1.771946e-01;1.557277e-01;2.789229e-01;1.795731e-02;6.443243e-02;2.908721e-02;5.857785e-02;7.031717e-02;7.260731e-02;1.662665e-02;2.692804e-02;3.162086e-02
2.371801e-01;1.985076e-01;2.664251e-01;1.754499e-02;5.505307e-02;1.408542e-02;4.082308e-02;4.418442e-02;6.866329e-02;1.530689e-02;1.859434e-02;2.363184e-02
1.452984e-01;2.005299e-01;3.870135e-01;3.772417e-02;2.618416e-02;2.053390e-02;4.036640e-02;4.215311e-02;4.851105e-02;1.606448e-02;1.288169e-02;2.273909e-02
2.625603e-02;1.735469e-01;4.983726e-01;5.179853e-02;1.628587e-02;2.676032e-02;4.193112e-02;3.069652e-02;6.612441e-02;2.478973e-02;1.592712e-02;2.751083e-02
4.805670e-02;1.742876e-01;5.148429e-01;4.019107e-02;1.773935e-02;2.048044e-02;3.026514e-02;1.013439e-02;7.286385e-02;3.540558e-02;1.117217e-02;2.456076e-02
3.142195e-02;1.718410e-01;5.614651e-01;2.459708e-02;1.553895e-02;1.554405e-02;2.623165e-02;1.128200e-02;6.039868e-02;5.126140e-02;7.976315e-03;2.244176e-02
2.544074e-02;1.645222e-01;5.754977e-01;2.285344e-02;1.732687e-02;1.952690e-02;2.113500e-02;1.398329e-02;5.793753e-02;5.354250e-02;6.779335e-03;2.145443e-02
5.226120e-02;2.200191e-01;5.031303e-01;2.013053e-02;1.254786e-02;1.779070e-02;1.159218e-02;1.461247e-02;7.412639e-02;4.539984e-02;2.280412e-03;2.610905e-02
8.580009e-02;2.461753e-01;4.301951e-01;2.269920e-02;1.602941e-02;1.514668e-02;1.869350e-02;1.816208e-02;8.186990e-02;3.518011e-02;6.310972e-03;2.373765e-02
1.131567e-01;2.168789e-01;4.144253e-01;2.225665e-02;1.817608e-02;1.671069e-02;3.394857e-02;2.728315e-02;8.004682e-02;2.629406e-02;1.238544e-02;1.843759e-02
9.356293e-02;1.376463e-01;4.350583e-01;2.106985e-02;1.645158e-02;2.063716e-02;4.566065e-02;3.215447e-02;9.700589e-02;3.617964e-02;4.096863e-02;2.360463e-02
6.374086e-02;7.284206e-02;3.904804e-01;2.698624e-02;2.985947e-02;1.842290e-02;2.989664e-02;3.046630e-02;1.561898e-01;7.087845e-02;8.261909e-02;2.761778e-02
6.087699e-02;9.404676e-02;4.053300e-01;2.693058e-02;2.026767e-02;2.247439e-02;2.149229e-02;3.227881e-02;1.830515e-01;4.129265e-02;6.919175e-02;2.276662e-02
5.200090e-02;4.963461e-02;4.754509e-01;2.654420e-02;2.856280e-02;3.269707e-02;2.208251e-02;4.089902e-02;1.714647e-01;4.356193e-02;3.758309e-02;1.951827e-02
5.257981e-02;7.899185e-02;4.966340e-01;3.666705e-02;3.269088e-02;3.186181e-02;3.392002e-02;3.917781e-02;9.176938e-02;5.398984e-02;3.306845e-02;1.864911e-02
6.611256e-02;1.034635e-01;5.113298e-01;3.712158e-02;2.949000e-02;3.627632e-02;3.059040e-02;2.538133e-02;5.732852e-02;5.100520e-02;4.298687e-02;8.913888e-03
7.055316e-02;1.088443e-01;4.849860e-01;3.802235e-02;2.589032e-02;2.420221e-02;4.256696e-02;2.209938e-02;8.464763e-02;4.327060e-02;4.162082e-02;1.329619e-02
7.145037e-02;7.671641e-02;5.074548e-01;3.108409e-02;3.625857e-02;2.904656e-02;7.741530e-02;3.381888e-02;5.767401e-02;2.752126e-02;2.702758e-02;2.453218e-02
1.136154e-01;8.334235e-02;4.711706e-01;2.726961e-02;3.587750e-02;2.706199e-02;8.583331e-02;4.494177e-02;3.176039e-02;1.874826e-02;2.510825e-02;3.527051e-02
1.852772e-01;1.184252e-01;3.311373e-01;1.919228e-02;2.875506e-02;2.994615e-02;7.211385e-02;7.564944e-02;3.217754e-02;2.459483e-02;3.234280e-02;5.038837e-02
2.363775e-01;1.092312e-01;1.937333e-01;1.963902e-02;3.849000e-02;3.356620e-02;5.808835e-02;1.054737e-01;6.171477e-02;3.531861e-02;4.623286e-02;6.213450e-02
2.684010e-01;6.136709e-02;1.913459e-01;4.468232e-02;2.878433e-02;3.509181e-02;7.357302e-02;8.375292e-02;7.050579e-02;4.620674e-02;4.896551e-02;4.732370e-02
1.714321e-01;1.741771e-01;3.575961e-01;3.528004e-02;2.087959e-02;2.695766e-02;4.995824e-02;3.255286e-02;5.251381e-02;3.632583e-02;2.003418e-02;2.229255e-02
9.425730e-02;1.888260e-01;4.744809e-01;4.774374e-02;1.852817e-02;1.507537e-02;2.708118e-02;2.197433e-02;5.123457e-02;3.639384e-02;7.840021e-03;1.656461e-02
4.821930e-02;1.469397e-01;5.824539e-01;5.482564e-02;2.060368e-02;7.663086e-03;2.005969e-02;1.570515e-02;3.459257e-02;4.824717e-02;6.628715e-03;1.406140e-02
3.592091e-02;9.900241e-02;6.758803e-01;4.502948e-02;1.559757e-02;4.117707e-03;1.285067e-02;1.007198e-02;2.091880e-02;6.373169e-02;6.166667e-03;1.071180e-02
6.578024e-02;1.370426e-01;6.155807e-01;2.071949e-02;1.619489e-02;7.482894e-03;9.863442e-03;8.531461e-03;3.418931e-02;4.790236e-02;8.263452e-03;2.844908e-02
1.246428e-01;2.155387e-01;4.678426e-01;1.932115e-02;1.751966e-02;1.445938e-02;1.031453e-02;1.237077e-02;4.403948e-02;2.142068e-02;1.329919e-02;3.923101e-02
1.532761e-01;2.405966e-01;4.104022e-01;1.799283e-02;1.584030e-02;1.597112e-02;2.100471e-02;1.791416e-02;3.313216e-02;2.427331e-02;1.883959e-02;3.075689e-02
1.142443e-01;1.434335e-01;5.246810e-01;3.396099e-02;1.298621e-02;1.997728e-02;2.898536e-02;1.599001e-02;2.868069e-02;3.189468e-02;2.058588e-02;2.458013e-02
6.663499e-02;6.233856e-02;6.591120e-01;4.785986e-02;1.324988e-02;1.772773e-02;1.984692e-02;1.024426e-02;4.016005e-02;2.272231e-02;1.754509e-02;2.255835e-02
5.379569e-02;1.050212e-01;6.584955e-01;4.473255e-02;1.324618e-02;7.382265e-03;1.293420e-02;9.321707e-03;4.327704e-02;2.372401e-02;1.747091e-02;1.059863e-02
6.040435e-02;4.953657e-02;6.928213e-01;5.168830e-02;1.995702e-02;8.822837e-03;1.475572e-02;1.366247e-02;3.799965e-02;1.502191e-02;1.811161e-02;1.721822e-02
6.516637e-02;8.794633e-02;6.400916e-01;3.672846e-02;2.151409e-02;1.077253e-02;2.969903e-02;1.831005e-02;2.374561e-02;2.387379e-02;1.266737e-02;2.948477e-02
6.252268e-02;1.093189e-01;5.987872e-01;2.591183e-02;1.927165e-02;9.296940e-03;4.837948e-02;2.176727e-02;2.743358e-02;3.802952e-02;8.232227e-03;3.104881e-02
8.920179e-02;9.717826e-02;4.875548e-01;4.845376e-02;1.983430e-02;1.498162e-02;5.562563e-02;3.188737e-02;5.635510e-02;5.226173e-02;2.144031e-02;2.522530e-02
1.027017e-01;1.047963e-01;3.010000e-01;6.243018e-02;4.698623e-02;2.275618e-02;1.117040e-01;5.561046e-02;6.281637e-02;5.536396e-02;4.055028e-02;3.328443e-02
8.691498e-02;7.550319e-02;1.742821e-01;6.819916e-02;1.017519e-01;7.721749e-02;2.057835e-01;5.680012e-02;5.550645e-02;3.464375e-02;2.933288e-02;3.406450e-02
5.899718e-02;5.694413e-02;1.776574e-01;7.141872e-02;1.514702e-01;1.011295e-01;2.199453e-01;3.598966e-02;3.190718e-02;2.608043e-02;2.045894e-02;4.800133e-02
3.883439e-02;4.785345e-02;1.741770e-01;7.806680e-02;2.409436e-01;1.059212e-01;1.645664e-01;1.988562e-02;3.043301e-02;1.863399e-02;8.587568e-03;7.209706e-02
2.544311e-02;2.757315e-02;1.349705e-01;9.203903e-02;3.757753e-01;1.142090e-01;7.885765e-02;7.555374e-03;2.822920e-02;1.476268e-02;1.861631e-02;8.196872e-02
1.523855e-02;2.408087e-02;1.252879e-01;1.467662e-01;3.932236e-01;8.234888e-02;5.117848e-02;2.424969e-02;2.437621e-02;2.536424e-02;3.494592e-02;5.293953e-02
1.684532e-02;3.621937e-02;1.327382e-01;2.022408e-01;2.973649e-01;5.319264e-02;3.141662e-02;5.067643e-02;4.350501e-02;3.208585e-02;6.386832e-02;3.984662e-02
2.219763e-02;3.889800e-02;1.317586e-01;2.150152e-01;2.033367e-01;3.273626e-02;3.848490e-02;5.893515e-02;8.433905e-02;4.078785e-02;6.913429e-02;6.437638e-02
2.908958e-02;2.306645e-02;1.096962e-01;1.507796e-01;2.277838e-01;4.275452e-02;7.283484e-02;3.855371e-02;9.496958e-02;4.234122e-02;4.399503e-02;1.241356e-01
8.093669e-02;2.365466e-02;1.090788e-01;9.623281e-02;2.490956e-01;9.266556e-02;1.019100e-01;3.091236e-02;6.117211e-02;2.168258e-02;1.716966e-02;1.154892e-01
1.315093e-01;7.202931e-02;8.912692e-02;6.579391e-02;1.594729e-01;1.456171e-01;1.727820e-01;4.760731e-02;3.758986e-02;1.623624e-02;1.585115e-02;4.638403e-02
1.064142e-01;1.290725e-01;5.088747e-02;4.228890e-02;6.946454e-02;1.388057e-01;3.246587e-01;4.442354e-02;5.041056e-02;1.277857e-02;1.620197e-02;1.459336e-02
5.627795e-02;1.295758e-01;3.559126e-02;2.504872e-02;6.702629e-02;7.822313e-02;4.680532e-01;3.444053e-02;6.620014e-02;7.601581e-03;1.721719e-02;1.474428e-02
3.291439e-02;8.968569e-02;3.566993e-02;2.416100e-02;8.141991e-02;2.992069e-02;5.615270e-01;5.586576e-02;5.140857e-02;1.169602e-02;1.466941e-02;1.106166e-02
2.995910e-02;7.097131e-02;4.892130e-02;2.860931e-02;9.514406e-02;4.694947e-02;5.346607e-01;6.366423e-02;3.442281e-02;1.668967e-02;1.439987e-02;1.560818e-02
3.605622e-02;5.568868e-02;7.329612e-02;3.641848e-02;1.141187e-01;8.043600e-02;4.620033e-01;4.876098e-02;3.908682e-02;1.972340e-02;1.423615e-02;2.017517e-02
5.347989e-02;3.845789e-02;1.465038e-01;5.075599e-02;1.351725e-01;8.674362e-02;3.550341e-01;3.601170e-02;4.629885e-02;1.813496e-02;1.125716e-02;2.214943e-02
5.910818e-02;3.391045e-02;2.351431e-01;5.129020e-02;9.313676e-02;5.515858e-02;3.224664e-01;5.125038e-02;5.079429e-02;1.486549e-02;1.026161e-02;2.261449e-02
4.245819e-02;2.997379e-02;2.458261e-01;3.807087e-02;8.176925e-02;5.819584e-02;3.804427e-01;4.655668e-02;3.897071e-02;1.429861e-02;9.862264e-03;1.357500e-02
4.380375e-02;4.667816e-02;2.156724e-01;5.312011e-02;7.962432e-02;3.870836e-02;3.881448e-01;4.353764e-02;3.373810e-02;1.652591e-02;9.727082e-03;3.071940e-02
5.447231e-02;3.526200e-02;1.789205e-01;6.148742e-02;1.201366e-01;6.162330e-02;3.400158e-01;3.591565e-02;2.921936e-02;1.638979e-02;1.707221e-02;4.948501e-02
6.647119e-02;1.578738e-02;1.899021e-01;7.321510e-02;1.654346e-01;8.514916e-02;2.164142e-01;3.607297e-02;4.165966e-02;1.879541e-02;3.321755e-02;5.788071e-02
5.933347e-02;2.549991e-02;1.757180e-01;9.573370e-02;2.289191e-01;9.437898e-02;1.149078e-01;3.326404e-02;5.320476e-02;2.243776e-02;2.777142e-02;6.883109e-02
4.325999e-02;3.659169e-02;1.634042e-01;9.715115e-02;2.672311e-01;8.619788e-02;1.164110e-01;2.867824e-02;6.051699e-02;1.869979e-02;1.763544e-02;6.422247e-02
3.180330e-02;3.465589e-02;1.323791e-01;5.589309e-02;2.055294e-01;8.685073e-02;2.666087e-01;2.860347e-02;7.322069e-02;1.042260e-02;1.174600e-02;6.228699e-02
1.549443e-02;2.645031e-02;1.892289e-01;3.956155e-02;1.625463e-01;9.526643e-02;2.561150e-01;2.939401e-02;9.602635e-02;5.776937e-03;1.752598e-02;6.661393e-02
2.993550e-02;4.314142e-02;2.711865e-01;5.958304e-02;1.080962e-01;8.077960e-02;1.717829e-01;3.549863e-02;9.429741e-02;1.725321e-02;3.209769e-02;5.634782e-02
5.258361e-02;6.802718e-02;3.285358e-01;5.672184e-02;4.837525e-02;6.716427e-02;1.808279e-01;4.083709e-02;7.291800e-02;2.618723e-02;3.376722e-02;2.405459e-02
7.088839e-02;1.098463e-01;3.530411e-01;3.915808e-02;4.881458e-02;5.112405e-02;1.572514e-01;3.062645e-02;8.131548e-02;2.021410e-02;1.833983e-02;1.938028e-02
5.520993e-02;1.393490e-01;3.676623e-01;3.226734e-02;5.757137e-02;3.844785e-02;1.334655e-01;2.631410e-02;9.010980e-02;1.553528e-02;1.047274e-02;3.359488e-02
6.623609e-02;1.519250e-01;3.458409e-01;4.849850e-02;6.623133e-02;3.351213e-02;1.302223e-01;2.817731e-02;8.330453e-02;1.486233e-02;1.197591e-02;1.921372e-02
9.905739e-02;1.576962e-01;3.447183e-01;6.487214e-02;7.398814e-02;2.996761e-02;7.105308e-02;3.520788e-02;7.238159e-02;2.501939e-02;1.270774e-02;1.333052e-02
8.517423e-02;1.320644e-01;3.855840e-01;7.222487e-02;7.775388e-02;3.269382e-02;7.542526e-02;2.577600e-02;4.840598e-02;3.788700e-02;1.620879e-02;1.080174e-02
6.387515e-02;9.058105e-02;4.015062e-01;6.069969e-02;6.104751e-02;5.386695e-02;1.392329e-01;3.203960e-02;3.635283e-02;3.758908e-02;1.545986e-02;7.749179e-03
4.934880e-02;5.931610e-02;3.789566e-01;4.775043e-02;5.115332e-02;6.567942e-02;1.893277e-01;5.618998e-02;4.113834e-02;2.618071e-02;1.835650e-02;1.660211e-02
4.240470e-02;7.964107e-02;3.489912e-01;3.294974e-02;6.314448e-02;5.858146e-02;1.838737e-01;6.057345e-02;5.546936e-02;2.516924e-02;2.517534e-02;2.402629e-02
2.671026e-02;8.609045e-02;4.174815e-01;4.029964e-02;6.811674e-02;6.158405e-02;8.901069e-02;5.646345e-02;6.984236e-02;3.291668e-02;2.640801e-02;2.507616e-02
3.726175e-02;6.712336e-02;4.487315e-01;4.488180e-02;7.022300e-02;7.546915e-02;8.514157e-02;5.982633e-02;4.995552e-02;2.624789e-02;2.217098e-02;1.296713e-02
5.441403e-02;3.294643e-02;4.294539e-01;4.544616e-02;8.293614e-02;7.704020e-02;1.070068e-01;6.095751e-02;3.934155e-02;2.573419e-02;2.069222e-02;2.403086e-02
5.037800e-02;7.852024e-02;3.889982e-01;7.670445e-02;9.347049e-02;4.074017e-02;9.981943e-02;4.643643e-02;3.434598e-02;3.331126e-02;1.830652e-02;3.896881e-02
6.111027e-02;1.315482e-01;2.962121e-01;9.927139e-02;9.399109e-02;2.937542e-02;8.660126e-02;4.281419e-02;4.696816e-02;2.951274e-02;2.559030e-02;5.700487e-02
6.589834e-02;1.338060e-01;2.005530e-01;1.066306e-01;1.073089e-01;5.053593e-02;9.369873e-02;5.075639e-02;5.208489e-02;3.137014e-02;3.562500e-02;7.173203e-02
6.967256e-02;8.342449e-02;1.822505e-01;7.255109e-02;8.940759e-02;7.459601e-02;1.583279e-01;7.195773e-02;5.034003e-02;6.201635e-02;3.209287e-02;5.336282e-02
8.067729e-02;1.339244e-01;1.999495e-01;5.148402e-02;7.052251e-02;6.477419e-02;1.652120e-01;6.848411e-02;5.540515e-02;6.279048e-02;2.021484e-02;2.656149e-02
9.251462e-02;9.143376e-02;1.357339e-01;5.144891e-02;9.503837e-02;9.102741e-02;1.800709e-01;5.850076e-02;6.709122e-02;2.841299e-02;2.805367e-02;8.067346e-02
1.157506e-01;5.594977e-02;1.276732e-01;4.010935e-02;1.148106e-01;8.921918e-02;1.879158e-01;5.108938e-02;6.253105e-02;1.967197e-02;9.594922e-03;1.256842e-01
9.747767e-02;5.269007e-02;1.125245e-01;5.084911e-02;1.324571e-01;7.156017e-02;1.580773e-01;4.456676e-02;6.342699e-02;2.860240e-02;4.469345e-02;1.430745e-01
7.092189e-02;6.976707e-02;1.368819e-01;9.665133e-02;1.153129e-01;4.975409e-02;9.124471e-02;4.524649e-02;5.777446e-02;6.251268e-02;1.010019e-01;1.029306e-01
9.513321e-02;6.376312e-02;2.300281e-01;9.039039e-02;5.731885e-02;3.089775e-02;4.777204e-02;3.644171e-02;5.992227e-02;1.064624e-01;1.211940e-01;6.067607e-02
1.375571e-01;9.597610e-02;2.795539e-01;4.058601e-02;3.793694e-02;2.283405e-02;3.756797e-02;3.013526e-02;7.691764e-02;1.078050e-01;8.917829e-02;4.395173e-02
1.410431e-01;1.359840e-01;3.034532e-01;1.538351e-02;3.862528e-02;2.300269e-02;3.926229e-02;3.339365e-02;6.566536e-02;8.026982e-02;6.480047e-02;5.911669e-02
8.426013e-02;1.080503e-01;4.000691e-01;3.294417e-02;5.016853e-02;2.408569e-02;5.652387e-02;3.007396e-02;4.459506e-02;6.032815e-02;6.336437e-02;4.553667e-02
3.909740e-02;4.400501e-02;5.094561e-01;4.541472e-02;7.113101e-02;2.741892e-02;5.122961e-02;2.200496e-02;3.518602e-02;4.982929e-02;6.289057e-02;4.233636e-02
4.867509e-02;5.080097e-02;5.150777e-01;4.528622e-02;6.035221e-02;2.268747e-02;3.249666e-02;2.087710e-02;4.151491e-02;4.466439e-02;5.329263e-02;6.427468e-02
6.438266e-02;7.204714e-02;4.958991e-01;3.836207e-02;4.710343e-02;3.165118e-02;2.788217e-02;2.214790e-02;5.213284e-02;4.209678e-02;4.486955e-02;6.142524e-02
5.639728e-02;5.628715e-02;4.591987e-01;4.585508e-02;8.372830e-02;4.070560e-02;5.218745e-02;3.533383e-02;4.998675e-02;6.167372e-02;3.288592e-02;2.576025e-02
4.888287e-02;4.455030e-02;3.419891e-01;7.301347e-02;1.131322e-01;4.477810e-02;7.661312e-02;5.121321e-02;2.647590e-02;7.024520e-02;4.461044e-02;6.449609e-02
4.086921e-02;4.232826e-02;1.949412e-01;7.689660e-02;1.254264e-01;5.945841e-02;1.362996e-01;5.210831e-02;4.167121e-02;8.333196e-02;6.337053e-02;8.329827e-02
4.804464e-02;3.783086e-02;3.600262e-01;5.999642e-02;1.068300e-01;3.961622e-02;1.030157e-01;3.567333e-02;4.415303e-02;6.218735e-02;5.577376e-02;4.685258e-02
5.370622e-02;3.294622e-02;4.231744e-01;6.494019e-02;1.043909e-01;4.214581e-02;8.593491e-02;1.961872e-02;3.086937e-02;4.014452e-02;4.220471e-02;5.992410e-02
4.231217e-02;2.532657e-02;4.715124e-01;7.184831e-02;9.935089e-02;3.914572e-02;5.814679e-02;1.581920e-02;1.635870e-02;5.611292e-02;4.008182e-02;6.398458e-02
4.333812e-02;4.568300e-02;4.702203e-01;5.633143e-02;6.737197e-02;3.423340e-02;6.247909e-02;1.278050e-02;2.283644e-02;6.844438e-02;3.952191e-02;7.675952e-02
4.122157e-02;8.262032e-02;4.562705e-01;3.612888e-02;4.007939e-02;4.118394e-02;8.254424e-02;1.475823e-02;3.442110e-02;4.174228e-02;3.586332e-02;9.316621e-02
4.449579e-02;1.133840e-01;4.948849e-01;3.551472e-02;3.217549e-02;3.996748e-02;6.978872e-02;1.372400e-02;3.859476e-02;1.909557e-02;2.007812e-02;7.829643e-02
6.130802e-02;1.388154e-01;4.965042e-01;3.481040e-02;2.639581e-02;4.275968e-02;4.316638e-02;1.101727e-02;4.017176e-02;2.746370e-02;2.551359e-02;5.207380e-02
7.277765e-02;1.663631e-01;4.724815e-01;3.107749e-02;2.340392e-02;4.160907e-02;4.465253e-02;1.763188e-02;4.092164e-02;2.465712e-02;3.474144e-02;2.968261e-02
7.570923e-02;1.845170e-01;4.384488e-01;2.751755e-02;2.741343e-02;3.087879e-02;6.523056e-02;2.958342e-02;4.473469e-02;1.885154e-02;2.707470e-02;3.004027e-02
6.669696e-02;2.002909e-01;4.488629e-01;3.348264e-02;3.353854e-02;2.393764e-02;5.892148e-02;2.945709e-02;4.378464e-02;1.976254e-02;1.436766e-02;2.689698e-02
9.883147e-02;2.232005e-01;4.432378e-01;2.339663e-02;3.071475e-02;2.044918e-02;4.456891e-02;2.009673e-02;3.778956e-02;1.203686e-02;1.410997e-02;3.156762e-02
7.644953e-02;1.820220e-01;5.508754e-01;2.612205e-02;1.922359e-02;1.509006e-02;2.732331e-02;1.251828e-02;3.089577e-02;1.756013e-02;1.991924e-02;2.200064e-02
2.929693e-02;1.170471e-01;6.626468e-01;3.141574e-02;1.382989e-02;1.307619e-02;2.455421e-02;1.471849e-02;2.346468e-02;2.842458e-02;2.282769e-02;1.869775e-02
2.428547e-02;9.789927e-02;6.854997e-01;3.895737e-02;1.522775e-02;1.612250e-02;1.962916e-02;1.315410e-02;2.013224e-02;3.111436e-02;1.603368e-02;2.194438e-02
1.375072e-02;9.811402e-02;6.992122e-01;3.417819e-02;2.097237e-02;2.113961e-02;1.767384e-02;9.220374e-03;2.268710e-02;3.258578e-02;1.302295e-02;1.744290e-02
2.409454e-02;8.652540e-02;7.000828e-01;2.957795e-02;2.026989e-02;1.884713e-02;1.992693e-02;1.386651e-02;1.538541e-02;4.353274e-02;1.098402e-02;1.690675e-02
1.960387e-02;6.177695e-02;7.005675e-01;3.455804e-02;2.275694e-02;1.481927e-02;2.298459e-02;1.300904e-02;2.342878e-02;5.883729e-02;8.758199e-03;1.889949e-02
2.338613e-02;6.199279e-02;6.918862e-01;4.016787e-02;2.297824e-02;1.181922e-02;2.173902e-02;8.202839e-03;2.268512e-02;6.415746e-02;1.418510e-02;1.680004e-02
1.324322e-02;4.534947e-02;7.124221e-01;5.177143e-02;3.562167e-02;1.782479e-02;2.779495e-02;8.251052e-03;1.470436e-02;5.339599e-02;7.574120e-03;1.204683e-02
2.225807e-02;4.815364e-02;6.604518e-01;8.525538e-02;4.841636e-02;2.466984e-02;2.646755e-02;1.606050e-02;8.867507e-03;3.573372e-02;1.642255e-02;7.243084e-03
2.343624e-02;5.920528e-02;5.314828e-01;1.346156e-01;6.757372e-02;3.144344e-02;2.637227e-02;3.626694e-02;1.353870e-02;2.873943e-02;4.276881e-02;4.556836e-03
2.459759e-02;6.035222e-02;3.669810e-01;1.893942e-01;1.101763e-01;3.888765e-02;3.268650e-02;5.298609e-02;2.544509e-02;2.061671e-02;6.993831e-02;7.938392e-03
1.841464e-02;4.988125e-02;2.964442e-01;2.041842e-01;1.574570e-01;3.663804e-02;2.910618e-02;5.476424e-02;3.199561e-02;2.423047e-02;6.899032e-02;2.789380e-02
1.943926e-02;2.449237e-02;3.539066e-01;1.779253e-01;1.953876e-01;4.710890e-02;2.204567e-02;3.495586e-02;1.633342e-02;2.258282e-02;3.893941e-02;4.688276e-02
2.349373e-02;2.406998e-02;2.927918e-01;1.211488e-01;2.547330e-01;8.032283e-02;6.179829e-02;1.924472e-02;2.421183e-02;1.977265e-02;1.895284e-02;5.945961e-02
3.495704e-02;3.154097e-02;1.606922e-01;8.478186e-02;3.155953e-01;1.434779e-01;1.134036e-01;9.516181e-03;2.765742e-02;1.696375e-02;1.339284e-02;4.802100e-02
3.567724e-02;2.754462e-02;1.264481e-01;6.809320e-02;3.038821e-01;1.949051e-01;1.451303e-01;2.168221e-02;1.969363e-02;1.186185e-02;1.636509e-02;2.871652e-02
3.209649e-02;1.952397e-02;1.025956e-01;2.889132e-02;2.755908e-01;2.432727e-01;1.977534e-01;3.006926e-02;2.268144e-02;1.095394e-02;1.601237e-02;2.055875e-02
2.849548e-02;2.055070e-02;7.716655e-02;2.229000e-02;2.626067e-01;2.598879e-01;2.338934e-01;2.561038e-02;1.619176e-02;1.880452e-02;1.300702e-02;2.149560e-02
2.946773e-02;1.590652e-02;7.233308e-02;4.334816e-02;2.893981e-01;2.542747e-01;2.003967e-01;2.202310e-02;1.597748e-02;2.619131e-02;1.107098e-02;1.961221e-02
1.754359e-02;1.082703e-02;1.134741e-01;3.904706e-02;2.919543e-01;2.308789e-01;2.046752e-01;2.356406e-02;1.620080e-02;2.860438e-02;7.959431e-03;1.527101e-02
2.547040e-02;8.003877e-03;1.269191e-01;4.228437e-02;3.079588e-01;2.002810e-01;1.875884e-01;2.386257e-02;1.385123e-02;3.333253e-02;6.372188e-03;2.407542e-02
2.479795e-02;9.229386e-03;1.113842e-01;4.366257e-02;3.112172e-01;1.868990e-01;2.109281e-01;1.748720e-02;2.415765e-02;2.239339e-02;1.586465e-02;2.197871e-02
2.481139e-02;7.559671e-03;1.034837e-01;3.690959e-02;3.096297e-01;1.714768e-01;2.176983e-01;1.557175e-02;4.656598e-02;2.783029e-02;2.061845e-02;1.784440e-02
3.162242e-02;1.470399e-02;1.001020e-01;3.163817e-02;3.265734e-01;1.609678e-01;1.438080e-01;2.980500e-02;8.055021e-02;4.356962e-02;2.117158e-02;1.548776e-02
2.689901e-02;1.684205e-02;1.160445e-01;5.470068e-02;2.976762e-01;1.555701e-01;1.579539e-01;2.399578e-02;8.199704e-02;3.872140e-02;1.267556e-02;1.692375e-02
1.396050e-02;1.559079e-02;1.504076e-01;8.182171e-02;2.357158e-01;1.500095e-01;2.047823e-01;2.324781e-02;5.254303e-02;3.702196e-02;6.817347e-03;2.808164e-02
1.844550e-02;1.775846e-02;2.770982e-01;9.148432e-02;1.048481e-01;1.015004e-01;2.416909e-01;2.409170e-02;2.209673e-02;3.964492e-02;2.243135e-02;3.890944e-02
3.144360e-02;2.478865e-02;3.113335e-01;6.953248e-02;1.429726e-01;8.896580e-02;2.131640e-01;2.163775e-02;1.577827e-02;2.418261e-02;2.300720e-02;3.319341e-02
4.290888e-02;2.890590e-02;2.624017e-01;6.050873e-02;2.005387e-01;1.145969e-01;1.673546e-01;2.598644e-02;1.468193e-02;2.205469e-02;2.131092e-02;3.875059e-02
4.441115e-02;3.168763e-02;1.614019e-01;5.624416e-02;2.503974e-01;1.593957e-01;1.026963e-01;3.552315e-02;2.468301e-02;3.811556e-02;3.379822e-02;6.164584e-02
2.541133e-02;3.231114e-02;1.753881e-01;4.913408e-02;1.781805e-01;1.444413e-01;1.727902e-01;3.750039e-02;2.802644e-02;4.325466e-02;4.340861e-02;7.015324e-02
3.771024e-02;4.012867e-02;1.468579e-01;4.484994e-02;1.352849e-01;1.160989e-01;2.824285e-01;3.785942e-02;2.778309e-02;3.526216e-02;3.495605e-02;6.078030e-02
5.312854e-02;4.885200e-02;1.099548e-01;3.140603e-02;1.320745e-01;1.138749e-01;3.247814e-01;3.512752e-02;2.827216e-02;2.117762e-02;1.679104e-02;8.455954e-02
2.861046e-02;2.843232e-02;2.076317e-01;5.543685e-02;1.526284e-01;1.167180e-01;1.717427e-01;3.190839e-02;3.267655e-02;4.175700e-02;4.263116e-02;8.982652e-02
2.304872e-02;4.626289e-02;2.486629e-01;6.369156e-02;1.669132e-01;1.199435e-01;8.987733e-02;2.697296e-02;4.451849e-02;7.050358e-02;3.532194e-02;6.428298e-02
6.611121e-02;5.670719e-02;1.427347e-01;5.125043e-02;1.493837e-01;1.116901e-01;1.680938e-01;3.671491e-02;6.295151e-02;6.743526e-02;1.635155e-02;7.057560e-02
8.479214e-02;7.350662e-02;5.453509e-02;5.251455e-02;1.468972e-01;9.848367e-02;1.500892e-01;6.005703e-02;8.892449e-02;6.427808e-02;3.678818e-02;8.913365e-02
9.648988e-02;8.939742e-02;1.303991e-01;4.217677e-02;1.220941e-01;6.293126e-02;1.473940e-01;5.415624e-02;7.128248e-02;6.303566e-02;4.417488e-02;7.646815e-02
8.360709e-02;8.542693e-02;1.504319e-01;3.585052e-02;8.604617e-02;6.499185e-02;1.814903e-01;4.445006e-02;5.259503e-02;8.291993e-02;6.194807e-02;7.024222e-02
6.795222e-02;8.728299e-02;1.912786e-01;6.053259e-02;8.265862e-02;5.246113e-02;1.545307e-01;4.405207e-02;4.523667e-02;7.935886e-02;6.503566e-02;6.961995e-02
8.213165e-02;7.965297e-02;1.595201e-01;6.118019e-02;8.241521e-02;4.385412e-02;1.312804e-01;5.653879e-02;5.500508e-02;8.391295e-02;6.962585e-02;9.488273e-02
1.278895e-01;5.540044e-02;9.251779e-02;4.843253e-02;6.261319e-02;4.839418e-02;1.509337e-01;7.613821e-02;9.961271e-02;6.667192e-02;7.179958e-02;9.959626e-02
9.358460e-02;4.408016e-02;1.082824e-01;4.991043e-02;5.557050e-02;5.463923e-02;1.750529e-01;1.003784e-01;1.535690e-01;5.276295e-02;5.912557e-02;5.304399e-02
6.779606e-02;5.221977e-02;1.249950e-01;4.155330e-02;3.443836e-02;5.670409e-02;1.305079e-01;1.090161e-01;1.795586e-01;7.118885e-02;6.858930e-02;6.343265e-02
7.816341e-02;6.414498e-02;1.160101e-01;3.246159e-02;2.848177e-02;4.894645e-02;1.199164e-01;1.031180e-01;1.310045e-01;9.806421e-02;7.558402e-02;1.041046e-01
9.108249e-02;5.493968e-02;1.032552e-01;4.623934e-02;4.401186e-02;5.120762e-02;1.308799e-01;1.027647e-01;8.426666e-02;1.131640e-01;8.421926e-02;9.396923e-02
8.138397e-02;6.632580e-02;1.714025e-01;5.909899e-02;5.990896e-02;4.128838e-02;1.059837e-01;8.099507e-02;8.711952e-02;7.222119e-02;9.535462e-02;7.891726e-02
4.092543e-02;5.347943e-02;2.762984e-01;5.318933e-02;8.415072e-02;3.359385e-02;8.108584e-02;9.152748e-02;9.116757e-02;7.797161e-02;6.452590e-02;5.208445e-02
5.564223e-02;2.243154e-02;3.446207e-01;5.534970e-02;8.456149e-02;4.750530e-02;1.057548e-01;8.708786e-02;6.873353e-02;6.072725e-02;3.432847e-02;3.325712e-02
6.212005e-02;3.581110e-02;3.591667e-01;5.599066e-02;6.929857e-02;4.388086e-02;1.133658e-01;7.015501e-02;7.447349e-02;4.744335e-02;3.880016e-02;2.949430e-02
9.348927e-02;5.397443e-02;3.115738e-01;5.358947e-02;6.678661e-02;3.537861e-02;1.208852e-01;5.774333e-02;6.572225e-02;4.862234e-02;5.146170e-02;4.077301e-02
1.215743e-01;7.632867e-02;2.664413e-01;4.009526e-02;9.073494e-02;4.758362e-02;8.959831e-02;5.535902e-02;5.045478e-02;5.437602e-02;5.733609e-02;5.011767e-02
1.045240e-01;7.094993e-02;1.973878e-01;5.055780e-02;7.555680e-02;3.385581e-02;1.219128e-01;6.376445e-02;8.279939e-02;5.724120e-02;6.904282e-02;7.240722e-02
1.476121e-01;7.210274e-02;1.763612e-01;5.660767e-02;6.325960e-02;2.334464e-02;1.252435e-01;4.801347e-02;9.188778e-02;5.737875e-02;5.588616e-02;8.230244e-02
1.099303e-01;7.921253e-02;1.557831e-01;5.231289e-02;5.631938e-02;4.732871e-02;9.929875e-02;7.062738e-02;1.176616e-01;5.759134e-02;6.496227e-02;8.897166e-02
8.203218e-02;7.942493e-02;1.381151e-01;5.245134e-02;4.883613e-02;5.095392e-02;1.186519e-01;6.946448e-02;1.213607e-01;6.213437e-02;7.263530e-02;1.039396e-01
1.101775e-01;7.718205e-02;1.339563e-01;4.814919e-02;4.260641e-02;4.539546e-02;1.355733e-01;5.687072e-02;1.269726e-01;7.285713e-02;5.076799e-02;9.949134e-02
7.482464e-02;5.087703e-02;1.443930e-01;3.925963e-02;9.014022e-02;9.692569e-02;2.615148e-01;5.751352e-02;7.319047e-02;4.029670e-02;3.224823e-02;3.881611e-02
4.941788e-02;2.979644e-02;1.297348e-01;4.282339e-02;1.314418e-01;1.374738e-01;3.245653e-01;4.788135e-02;4.349605e-02;2.934185e-02;1.350675e-02;2.052061e-02
5.827788e-02;1.655155e-02;1.004612e-01;3.985016e-02;1.756372e-01;1.793514e-01;3.066320e-01;3.277776e-02;4.136463e-02;2.500716e-02;7.412811e-03;1.667620e-02
5.743501e-02;1.499675e-02;1.208102e-01;2.476795e-02;2.459408e-01;2.183101e-01;1.973753e-01;1.317524e-02;4.753617e-02;1.945082e-02;8.642761e-03;3.155885e-02
4.452650e-02;1.559327e-02;2.040314e-01;5.753689e-02;2.316046e-01;1.647197e-01;1.251980e-01;1.324740e-02;4.465370e-02;2.774874e-02;1.363113e-02;5.750873e-02
4.922873e-02;3.705662e-02;2.801330e-01;9.050287e-02;1.673731e-01;1.058931e-01;8.970825e-02;2.293546e-02;3.961717e-02;4.943358e-02;1.826391e-02;4.985412e-02
6.097999e-02;4.930762e-02;3.513889e-01;1.016315e-01;8.183241e-02;7.031389e-02;8.096751e-02;2.877037e-02;4.071926e-02;6.313774e-02;2.880976e-02;4.214105e-02
5.697687e-02;4.214835e-02;2.232100e-01;6.861012e-02;1.099198e-01;8.253410e-02;2.251228e-01;4.474365e-02;3.680824e-02;3.461764e-02;3.244747e-02;4.286101e-02
5.009833e-02;4.445803e-02;1.923827e-01;5.819801e-02;1.650275e-01;1.161854e-01;2.076069e-01;4.739223e-02;3.704228e-02;1.730583e-02;2.886946e-02;3.543330e-02
2.550874e-02;4.125750e-02;2.723936e-01;6.562981e-02;1.699082e-01;1.173904e-01;1.254728e-01;3.511810e-02;5.327095e-02;2.389191e-02;3.763549e-02;3.252241e-02
2.996128e-02;4.832742e-02;2.089941e-01;6.380216e-02;1.479691e-01;1.218474e-01;1.555599e-01;5.149511e-02;5.063047e-02;4.155643e-02;3.080751e-02;4.904907e-02
5.850260e-02;4.574258e-02;2.040599e-01;4.588211e-02;1.261588e-01;1.501886e-01;7.020358e-02;6.954177e-02;6.057324e-02;6.203726e-02;3.353249e-02;7.357712e-02
6.952528e-02;3.184230e-02;2.257344e-01;4.566634e-02;6.799956e-02;1.105639e-01;1.890301e-01;7.288422e-02;7.112027e-02;4.421215e-02;3.840274e-02;3.301872e-02
7.271147e-02;3.029254e-02;2.017937e-01;5.600032e-02;1.072607e-01;1.068812e-01;1.935015e-01;6.950300e-02;6.318065e-02;4.778339e-02;3.907244e-02;1.201919e-02
6.468914e-02;5.292289e-02;1.424967e-01;4.993727e-02;1.616355e-01;1.144545e-01;1.369367e-01;6.736326e-02;5.859179e-02;7.874274e-02;4.412270e-02;2.810676e-02
5.626964e-02;7.029527e-02;1.627666e-01;5.998776e-02;1.622853e-01;9.526003e-02;1.055634e-01;4.355623e-02;7.328581e-02;9.019320e-02;4.804741e-02;3.248938e-02
7.693229e-02;6.596878e-02;1.960420e-01;5.162988e-02;1.374711e-01;9.337980e-02;8.136787e-02;4.110873e-02;8.053179e-02;8.842058e-02;4.622508e-02;4.092206e-02
7.253428e-02;5.180262e-02;1.647048e-01;6.134236e-02;1.278870e-01;8.033925e-02;1.276182e-01;5.245380e-02;7.709707e-02;9.695301e-02;4.064919e-02;4.661841e-02
8.348512e-02;4.756864e-02;1.149045e-01;8.854512e-02;1.312056e-01;9.323103e-02;1.149099e-01;6.691265e-02;7.159901e-02;1.134476e-01;4.148486e-02;3.270597e-02
8.805973e-02;7.728006e-02;1.473156e-01;1.007205e-01;9.652426e-02;1.159863e-01;7.478952e-02;5.257157e-02;7.389044e-02;9.107064e-02;3.803950e-02;4.375192e-02
8.938215e-02;9.249233e-02;1.591960e-01;7.663317e-02;9.709725e-02;1.405593e-01;6.410370e-02;5.770796e-02;9.045158e-02;7.252770e-02;3.441717e-02;2.543178e-02
6.981047e-02;4.121125e-02;2.031053e-01;6.992436e-02;1.136196e-01;1.018873e-01;1.754625e-01;3.868108e-02;7.151423e-02;4.706534e-02;2.430694e-02;4.341172e-02
5.698377e-02;4.680704e-02;2.756796e-01;8.163212e-02;1.129892e-01;7.869491e-02;1.956544e-01;4.880987e-02;4.024458e-02;2.332457e-02;1.745181e-02;2.172814e-02
4.977408e-02;5.707458e-02;3.395880e-01;8.319000e-02;9.558833e-02;6.587934e-02;1.410060e-01;7.024362e-02;3.913222e-02;2.511247e-02;1.571000e-02;1.770135e-02
5.369452e-02;1.030810e-01;3.616700e-01;8.302812e-02;6.550466e-02;5.557092e-02;8.447718e-02;8.286722e-02;4.344887e-02;3.246124e-02;1.605243e-02;1.814388e-02
2.601331e-02;1.315770e-01;3.760609e-01;9.348810e-02;4.337753e-02;4.483486e-02;1.151639e-01;5.182696e-02;4.949908e-02;3.270228e-02;1.833248e-02;1.712355e-02
8.559442e-02;1.301078e-01;4.115450e-01;6.237992e-02;4.009502e-02;3.262172e-02;6.764127e-02;4.734892e-02;5.412492e-02;3.351351e-02;1.594244e-02;1.908506e-02
1.384420e-01;1.303236e-01;3.537670e-01;3.947379e-02;5.032672e-02;2.699993e-02;6.208016e-02;7.063358e-02;4.273222e-02;4.271147e-02;1.646856e-02;2.604095e-02
1.509314e-01;8.788899e-02;2.903258e-01;5.596028e-02;9.508955e-02;2.906523e-02;7.019347e-02;8.963981e-02;1.962503e-02;5.096930e-02;2.892633e-02;3.138472e-02
9.901250e-02;5.702638e-02;2.369159e-01;1.031458e-01;1.491373e-01;3.700383e-02;7.941168e-02;8.304129e-02;2.897862e-02;5.313301e-02;3.526908e-02;3.792465e-02
8.536063e-02;5.955442e-02;1.487862e-01;1.247487e-01;1.620902e-01;5.838868e-02;1.268177e-01;2.867917e-02;3.481434e-02;6.044611e-02;5.954090e-02;5.077305e-02
8.286680e-02;4.643268e-02;2.987476e-01;7.521032e-02;1.265152e-01;5.368295e-02;5.704800e-02;5.643061e-02;4.144870e-02;5.924589e-02;5.823198e-02;4.413923e-02
8.721149e-02;6.063320e-02;2.781782e-01;3.291503e-02;9.380658e-02;3.171159e-02;1.372752e-01;7.662159e-02;4.707039e-02;5.869024e-02;4.914508e-02;4.674131e-02
1.140101e-01;8.001976e-02;2.567710e-01;4.536735e-02;7.926739e-02;4.098124e-02;1.353558e-01;6.501129e-02;3.804794e-02;6.152833e-02;5.068190e-02;3.295783e-02
1.144811e-01;6.323940e-02;3.284987e-01;3.740292e-02;8.458966e-02;4.169107e-02;8.219773e-02;5.460048e-02;3.898254e-02;5.824551e-02;5.481603e-02;4.125484e-02
1.039968e-01;4.867807e-02;3.414867e-01;2.925361e-02;8.423067e-02;4.440838e-02;1.174299e-01;6.177560e-02;4.739466e-02;5.022145e-02;4.313911e-02;2.798500e-02
1.159117e-01;5.005261e-02;3.021361e-01;3.601709e-02;9.039320e-02;5.651728e-02;1.090493e-01;5.903219e-02;2.730389e-02;6.639507e-02;4.783897e-02;3.935256e-02
1.142216e-01;8.655691e-02;2.455643e-01;3.901386e-02;5.142188e-02;5.339468e-02;1.043172e-01;7.778995e-02;5.415666e-02;6.702274e-02;5.949790e-02;4.704224e-02
