2.743995e-02;3.992631e-02;4.531604e-02;3.472744e-02;1.207462e-01;7.729658e-02;7.993104e-02;1.201903e-01;5.361916e-02;2.755719e-01;9.117663e-02;3.405854e-02
4.793080e-02;2.134231e-02;4.231006e-02;5.119340e-02;1.138511e-01;5.383870e-02;7.178055e-02;6.376562e-02;1.302531e-01;2.901168e-01;7.185940e-02;4.175823e-02
8.230034e-02;1.483131e-02;5.519136e-02;8.242133e-02;6.947987e-02;4.159539e-02;8.389182e-02;5.205670e-02;2.060761e-01;2.022782e-01;6.751867e-02;4.235898e-02
1.047212e-01;1.754596e-02;6.811275e-02;1.046847e-01;4.934443e-02;4.574301e-02;5.770810e-02;5.884213e-02;2.532892e-01;1.243277e-01;7.323547e-02;4.244530e-02
8.945414e-02;1.993373e-02;1.048891e-01;7.527739e-02;4.716220e-02;6.501201e-02;7.160923e-02;9.409609e-02;1.639346e-01;1.183373e-01;8.141042e-02;6.888385e-02
6.638286e-02;3.234874e-02;1.204575e-01;4.592394e-02;4.273826e-02;6.444499e-02;1.253972e-01;1.305295e-01;6.560359e-02;1.156211e-01;9.263295e-02;9.791946e-02
5.868882e-02;5.717872e-02;1.058589e-01;5.846639e-02;5.160356e-02;3.952539e-02;1.474645e-01;1.071464e-01;1.085005e-01;1.075193e-01;7.296323e-02;8.508436e-02
4.302759e-02;2.950241e-02;1.141977e-01;5.952297e-02;7.733890e-02;4.671357e-02;1.462088e-01;8.634462e-02;1.358577e-01;1.240242e-01;8.568770e-02;5.157385e-02
3.820274e-02;4.703938e-02;7.597315e-02;5.447020e-02;7.729820e-02;4.192305e-02;1.433695e-01;6.049316e-02;1.078753e-01;1.900901e-01;1.034413e-01;5.982399e-02
6.320384e-02;4.713516e-02;5.913592e-02;4.793166e-02;6.840868e-02;4.190230e-02;1.188765e-01;5.881466e-02;7.457934e-02;2.325211e-01;9.165303e-02;9.583779e-02
6.237565e-02;3.893015e-02;9.709057e-02;3.959073e-02;6.061192e-02;4.492020e-02;1.120616e-01;6.484376e-02;7.495968e-02;1.949406e-01;1.143495e-01;9.532569e-02
5.717748e-02;3.693055e-02;8.869695e-02;3.084037e-02;4.970066e-02;6.866519e-02;1.265231e-01;6.763816e-02;1.065437e-01;1.586427e-01;1.319350e-01;7.670616e-02
3.961629e-02;2.662259e-02;1.051475e-01;4.002192e-02;3.138914e-02;7.092515e-02;1.782597e-01;1.095868e-01;1.084660e-01;1.066326e-01;1.155135e-01;6.781885e-02
3.882324e-02;4.434362e-02;1.239703e-01;4.761627e-02;3.705787e-02;9.936223e-02;1.440411e-01;1.677395e-01;1.041363e-01;5.848818e-02;4.866116e-02;8.576032e-02
5.530912e-02;4.587191e-02;1.213779e-01;4.621926e-02;5.015922e-02;1.084340e-01;1.446782e-01;1.720068e-01;8.839165e-02;8.272096e-02;2.984784e-02;5.498328e-02
5.710249e-02;4.838377e-02;1.435253e-01;4.637409e-02;5.585774e-02;1.160982e-01;1.484139e-01;1.534808e-01;8.060741e-02;8.181477e-02;4.062339e-02;2.771805e-02
4.120412e-02;4.355263e-02;1.653589e-01;5.584823e-02;4.858709e-02;1.012678e-01;1.794144e-01;1.400144e-01;9.781156e-02;6.408645e-02;3.692851e-02;2.592589e-02
4.473753e-02;2.713078e-02;1.852842e-01;7.199292e-02;7.228067e-02;9.367750e-02;1.401497e-01;1.101457e-01;8.878113e-02;8.761372e-02;4.706486e-02;3.114125e-02
5.243822e-02;3.853527e-02;1.782243e-01;7.025753e-02;8.865064e-02;9.053607e-02;1.398984e-01;6.107879e-02;5.552019e-02;9.818989e-02;7.578530e-02;5.088537e-02
5.284690e-02;2.867264e-02;1.437583e-01;5.965545e-02;9.349135e-02;9.653558e-02;1.672467e-01;4.911268e-02;7.486074e-02;1.031642e-01;7.658369e-02;5.407174e-02
5.827109e-02;4.342289e-02;1.276234e-01;5.423265e-02;8.891932e-02;1.125036e-01;1.779105e-01;5.196174e-02;5.563589e-02;1.061328e-01;7.604532e-02;4.734083e-02
5.990789e-02;3.884597e-02;1.342606e-01;4.044380e-02;6.545734e-02;1.104462e-01;1.745710e-01;7.996844e-02;6.352396e-02;1.331177e-01;5.949820e-02;3.995889e-02
3.926080e-02;6.789610e-02;8.398267e-02;3.649248e-02;7.477044e-02;7.805817e-02;2.931652e-01;8.590179e-02;5.940666e-02;9.964480e-02;4.707792e-02;3.434297e-02
5.085497e-02;6.437209e-02;1.025681e-01;4.229152e-02;6.366477e-02;6.427111e-02;3.364386e-01;8.447234e-02;3.981125e-02;7.129464e-02;4.430770e-02;3.565294e-02
5.188704e-02;3.509518e-02;1.116117e-01;8.344859e-02;8.213575e-02;4.338093e-02;3.098979e-01;7.575071e-02;6.700182e-02;6.555237e-02;4.144205e-02;3.279595e-02
1.325816e-01;6.138785e-02;1.166772e-01;9.502439e-02;8.374297e-02;4.334538e-02;1.913185e-01;5.635364e-02;7.704136e-02;4.496356e-02;4.772754e-02;4.983596e-02
2.176605e-01;6.148444e-02;9.141235e-02;6.538212e-02;7.249289e-02;5.068812e-02;1.422409e-01;4.928938e-02;5.307215e-02;3.769837e-02;6.573171e-02;9.284707e-02
2.484028e-01;7.932615e-02;1.094261e-01;6.679459e-02;4.072898e-02;3.908265e-02;1.271475e-01;4.221304e-02;2.956307e-02;3.030173e-02;7.157076e-02;1.154426e-01
1.932997e-01;7.279275e-02;1.319343e-01;6.895147e-02;2.712858e-02;6.944695e-02;1.558370e-01;4.413253e-02;3.879528e-02;2.313021e-02;6.697454e-02;1.075767e-01
7.888168e-02;4.005568e-02;1.546831e-01;4.233057e-02;2.736599e-02;2.064647e-01;1.792250e-01;3.412750e-02;5.251719e-02;2.696368e-02;9.000560e-02;6.737925e-02
2.647305e-02;4.247226e-02;1.011215e-01;2.608491e-02;7.288553e-02;3.099283e-01;1.584556e-01;4.329958e-02;3.791704e-02;6.471252e-02;9.079738e-02;2.585230e-02
1.865182e-02;6.964370e-02;5.033240e-02;3.197318e-02;1.696634e-01;2.498601e-01;1.015473e-01;6.219574e-02;4.141426e-02;1.208632e-01;5.862149e-02;2.523334e-02
2.325651e-02;6.281566e-02;4.479343e-02;4.689673e-02;2.372066e-01;1.705740e-01;7.028159e-02;5.012199e-02;5.827283e-02;1.672013e-01;4.105501e-02;2.752444e-02
4.036192e-02;3.566232e-02;2.901116e-02;5.624326e-02;2.445161e-01;1.229613e-01;9.938101e-02;4.914402e-02;7.051551e-02;1.921314e-01;3.291428e-02;2.715774e-02
2.305984e-02;5.921261e-02;2.154186e-02;4.560510e-02;2.227166e-01;9.856705e-02;7.374686e-02;1.081484e-01;6.161475e-02;2.068233e-01;2.489755e-02;5.406613e-02
1.337060e-02;8.097979e-02;1.807743e-02;3.647566e-02;2.121745e-01;6.253441e-02;3.157710e-02;1.780677e-01;4.773788e-02;2.170402e-01;3.429523e-02;6.766954e-02
2.118705e-02;7.509841e-02;1.995866e-02;4.819929e-02;1.643528e-01;5.449491e-02;5.585108e-02;2.053020e-01;4.507045e-02;1.776982e-01;8.148026e-02;5.130688e-02
5.913642e-02;4.723982e-02;5.164088e-02;7.401545e-02;9.176998e-02;9.375900e-02;9.610164e-02;1.583678e-01;4.449264e-02;1.111931e-01;1.378698e-01;3.441352e-02
9.231000e-02;5.192216e-02;9.097300e-02;8.146683e-02;4.432724e-02;1.102965e-01;1.094951e-01;1.026683e-01;6.740517e-02;8.282257e-02;1.361569e-01;3.015629e-02
7.326783e-02;7.225206e-02;9.821845e-02;7.242916e-02;5.946786e-02;9.935306e-02;1.035342e-01;8.457369e-02;9.065556e-02;9.626437e-02;1.202374e-01;2.974630e-02
8.852416e-02;6.933776e-02;2.892767e-02;3.764705e-02;8.267365e-02;6.256418e-02;1.444232e-01;8.961070e-02;9.875482e-02;1.216585e-01;1.071009e-01;6.877736e-02
8.023934e-02;6.571194e-02;2.239295e-02;2.538289e-02;8.616547e-02;6.416224e-02;1.872409e-01;7.450246e-02;9.017336e-02;9.426710e-02;9.772335e-02;1.120380e-01
6.565395e-02;6.459401e-02;1.560939e-02;3.449934e-02;8.073647e-02;6.510981e-02;2.680331e-01;4.930823e-02;8.899956e-02;4.986013e-02;5.835135e-02;1.592446e-01
5.839612e-02;5.835015e-02;3.227828e-02;2.975434e-02;5.794929e-02;1.041003e-01;2.799349e-01;5.694363e-02;6.931429e-02;4.435819e-02;5.163777e-02;1.569827e-01
3.908705e-02;4.973099e-02;8.006010e-02;1.408561e-02;8.226038e-02;2.039382e-01;1.790251e-01;4.740244e-02;6.599242e-02;4.456441e-02;9.407161e-02;9.978170e-02
4.400104e-02;5.025408e-02;9.438884e-02;1.782654e-02;9.041962e-02;2.646755e-01;1.063806e-01;4.361100e-02;5.204282e-02;6.387649e-02;1.188236e-01;5.369981e-02
4.336250e-02;5.302542e-02;8.707587e-02;3.652865e-02;9.507208e-02;2.629830e-01;9.384989e-02;4.390799e-02;4.620860e-02;7.816616e-02;1.123699e-01;4.744994e-02
6.734972e-02;6.766896e-02;1.041703e-01;5.269542e-02;8.197167e-02;2.086622e-01;1.240410e-01;3.156313e-02;5.610406e-02;8.362017e-02;5.842990e-02;6.372350e-02
5.838106e-02;7.797284e-02;1.020005e-01;4.352415e-02;7.290235e-02;1.662255e-01;1.773818e-01;3.815868e-02;5.233778e-02;9.289797e-02;3.605469e-02;8.216275e-02
9.174582e-02;7.113974e-02;5.841946e-02;5.535502e-02;8.409846e-02;1.255930e-01;1.623872e-01;5.840584e-02;4.948984e-02;9.965674e-02;5.483084e-02;8.887811e-02
5.635633e-02;6.585702e-02;6.982548e-02;6.012746e-02;7.809490e-02;1.147232e-01;1.751892e-01;7.906374e-02;5.321436e-02;7.988812e-02;7.647178e-02;9.118835e-02
5.596127e-02;6.078652e-02;9.062271e-02;4.891844e-02;7.771306e-02;1.234096e-01;1.380562e-01;6.400292e-02;8.848128e-02;7.642409e-02;9.032045e-02;8.530349e-02
5.225553e-02;8.393423e-02;8.732593e-02;5.629104e-02;1.027077e-01;6.557488e-02;9.343584e-02;5.648998e-02;9.097584e-02;1.290305e-01;1.343807e-01;4.759776e-02
4.666305e-02;6.690526e-02;1.319410e-01;4.218213e-02;8.332007e-02;1.009695e-01;7.972308e-02;4.585312e-02;6.009147e-02;1.059858e-01;1.728957e-01;6.346987e-02
6.210425e-02;3.989264e-02;1.592484e-01;2.554484e-02;4.076775e-02;1.457633e-01;8.668637e-02;3.151024e-02;4.463357e-02;6.729261e-02;2.085061e-01;8.805002e-02
6.047067e-02;2.657439e-02;1.585752e-01;1.791656e-02;1.835428e-02;1.725123e-01;9.787448e-02;2.503961e-02;4.370549e-02;6.411750e-02;2.363852e-01;7.847427e-02
3.197895e-02;3.670463e-02;1.194968e-01;1.945189e-02;4.086071e-02;1.777244e-01;8.484475e-02;2.821743e-02;3.785171e-02;1.150198e-01;2.660630e-01;4.178599e-02
1.632311e-02;5.897259e-02;6.523189e-02;3.255333e-02;7.872343e-02;1.216498e-01;7.820721e-02;7.115854e-02;5.445178e-02;1.923301e-01;2.083064e-01;2.209183e-02
2.980181e-02;5.356519e-02;7.481685e-02;4.300625e-02;8.464345e-02;6.706171e-02;1.259949e-01;8.719135e-02;9.618723e-02;2.047905e-01;1.076243e-01;2.531649e-02
5.627437e-02;4.575140e-02;1.184797e-01;5.138607e-02;6.492267e-02;7.642563e-02;1.573519e-01;6.796397e-02;1.091602e-01;1.663067e-01;4.911342e-02;3.686400e-02
6.341641e-02;7.385813e-02;1.567739e-01;4.323189e-02;8.241829e-02;1.038251e-01;1.140148e-01;4.553496e-02;7.747614e-02;1.336577e-01;7.055145e-02;3.524121e-02
2.491683e-02;8.379820e-02;1.975250e-01;2.028037e-02;7.623557e-02;8.518376e-02;7.123405e-02;4.543938e-02;3.251606e-02;1.688825e-01;1.535790e-01;4.040923e-02
2.105788e-02;7.609970e-02;2.020749e-01;1.740936e-02;8.067398e-02;7.969201e-02;6.453909e-02;4.324692e-02;5.869621e-02;1.825994e-01;1.361554e-01;3.775511e-02
1.718475e-02;8.524780e-02;1.504036e-01;3.006928e-02;8.645783e-02;8.660495e-02;9.746943e-02;4.258960e-02;6.291769e-02;1.669055e-01;1.545775e-01;1.957202e-02
4.689812e-02;8.961644e-02;8.826836e-02;2.415187e-02;8.268400e-02;1.000509e-01;8.988975e-02;3.880630e-02;4.095461e-02;1.806359e-01;1.803162e-01;3.772749e-02
4.636957e-02;1.038261e-01;7.417027e-02;2.112154e-02;7.327294e-02;9.140355e-02;1.195681e-01;3.227939e-02;3.393926e-02;2.033898e-01;1.616587e-01;3.900093e-02
2.884891e-02;1.153742e-01;7.408187e-02;3.342747e-02;6.962474e-02;6.502770e-02;1.489142e-01;4.536969e-02;4.780917e-02;1.750896e-01;1.612106e-01;3.522180e-02
7.115833e-02;8.476772e-02;1.682228e-01;5.817893e-02;7.501378e-02;5.967462e-02;1.805223e-01;3.598739e-02;5.082753e-02;8.000192e-02;7.889818e-02;5.674651e-02
1.674133e-01;9.252677e-02;1.620710e-01;6.549236e-02;4.111393e-02;4.802436e-02;1.302014e-01;4.002100e-02;3.139542e-02;4.847021e-02;6.581745e-02;1.074527e-01
1.932411e-01;8.350748e-02;1.284059e-01;6.835903e-02;3.090152e-02;4.332702e-02;1.112994e-01;3.311212e-02;3.176620e-02;3.559862e-02;9.279403e-02;1.476875e-01
1.672916e-01;5.514771e-02;1.043274e-01;9.773430e-02;1.802122e-02;4.699963e-02;1.188522e-01;3.432076e-02;3.383369e-02;2.634059e-02;1.223364e-01;1.747945e-01
7.024356e-02;2.269113e-02;1.134116e-01;1.384212e-01;2.952778e-02;1.038286e-01;1.512035e-01;4.564914e-02;4.796517e-02;2.186999e-02;1.352939e-01;1.198944e-01
3.971105e-02;1.875086e-02;1.476917e-01;1.008424e-01;3.748228e-02;2.208762e-01;1.299258e-01;2.901078e-02;4.963952e-02;3.223941e-02;1.459437e-01;4.788629e-02
3.372187e-02;1.676445e-02;1.119828e-01;5.086565e-02;4.301834e-02;3.369558e-01;1.165427e-01;4.101025e-02;2.839292e-02;4.229702e-02;1.474473e-01;3.100081e-02
3.425164e-02;2.472434e-02;5.932338e-02;5.058514e-02;7.306971e-02;3.345298e-01;1.022734e-01;6.559567e-02;3.169829e-02;6.093416e-02;1.315231e-01;3.149139e-02
3.400386e-02;3.822911e-02;7.658879e-02;5.339135e-02;1.005308e-01;2.210619e-01;9.684079e-02;1.114200e-01;4.552363e-02;7.599759e-02;1.034573e-01;4.295475e-02
4.735180e-02;3.850872e-02;1.185806e-01;3.965491e-02;8.970955e-02;1.480333e-01;1.049565e-01;1.256418e-01;6.326565e-02;7.681906e-02;8.370533e-02;6.377289e-02
7.262792e-02;4.192271e-02;9.273300e-02;6.814206e-02;7.105760e-02;1.239091e-01;1.320329e-01;1.184307e-01;5.286694e-02;8.877075e-02;6.931947e-02;6.818683e-02
1.013115e-01;4.033834e-02;6.369772e-02;6.480977e-02;5.352595e-02;1.237613e-01;1.226686e-01;1.081844e-01;5.755665e-02;9.038748e-02;1.364362e-01;3.732202e-02
1.047222e-01;2.228958e-02;6.022774e-02;4.027294e-02;3.688931e-02;1.836025e-01;1.031052e-01;7.057325e-02;7.096712e-02;6.756893e-02;2.132556e-01;2.652571e-02
1.045631e-01;1.170006e-02;5.528404e-02;1.918089e-02;3.158915e-02;2.414764e-01;8.187768e-02;2.080604e-02;6.966573e-02;4.730675e-02;3.008808e-01;1.566930e-02
7.980852e-02;2.427711e-02;3.226073e-02;3.949241e-02;4.804796e-02;1.968706e-01;1.143988e-01;5.258447e-02;4.505304e-02;4.552037e-02;3.030620e-01;1.862397e-02
3.049313e-02;6.226130e-02;1.767154e-02;7.336805e-02;6.826925e-02;1.207311e-01;1.195577e-01;1.035306e-01;2.762332e-02;8.271589e-02;2.477778e-01;4.600031e-02
2.022213e-02;8.316711e-02;3.789865e-02;7.308143e-02;7.323176e-02;1.030932e-01;8.631101e-02;1.087314e-01;3.809523e-02;1.083594e-01;1.550590e-01;1.127496e-01
4.015795e-02;6.418172e-02;7.053907e-02;4.845687e-02;5.092661e-02;1.254892e-01;9.919336e-02;7.192636e-02;6.163629e-02;9.798647e-02;9.252688e-02;1.769793e-01
5.915742e-02;4.781785e-02;9.355065e-02;2.118867e-02;4.748631e-02;1.197541e-01;8.419734e-02;4.178619e-02;5.813802e-02;1.042936e-01;1.098760e-01;2.127538e-01
8.841212e-02;6.839105e-02;8.728458e-02;2.120645e-02;4.839801e-02;8.663210e-02;4.249759e-02;4.497018e-02;3.451809e-02;1.157856e-01;1.605144e-01;2.013898e-01
1.109614e-01;9.284197e-02;6.148535e-02;4.673978e-02;6.447970e-02;7.628066e-02;5.376050e-02;5.925794e-02;5.102025e-02;1.174932e-01;1.559646e-01;1.097147e-01
1.518149e-01;1.429721e-01;5.005265e-02;5.586096e-02;5.424124e-02;5.452959e-02;5.180114e-02;3.826074e-02;8.620784e-02;1.152871e-01;1.011104e-01;9.786124e-02
1.403582e-01;1.424018e-01;5.494631e-02;5.485062e-02;3.535740e-02;5.203237e-02;5.537495e-02;3.853856e-02;9.239233e-02;9.754314e-02;9.815039e-02;1.380539e-01
1.126699e-01;1.159920e-01;1.055564e-01;5.312785e-02;3.295011e-02;5.428339e-02;8.456287e-02;5.572146e-02;6.958027e-02;8.132660e-02;9.862847e-02;1.356007e-01
1.019766e-01;6.864546e-02;1.385270e-01;2.902723e-02;4.736593e-02;7.251889e-02;1.184435e-01;6.901836e-02;7.147921e-02;7.149395e-02;1.189685e-01;9.253540e-02
8.930571e-02;4.640775e-02;1.125053e-01;1.625545e-02;4.266947e-02;1.332450e-01;1.068149e-01;4.203443e-02;9.314614e-02;5.903902e-02;1.783158e-01;8.026103e-02
7.197914e-02;2.665300e-02;1.036085e-01;2.465761e-02;4.931843e-02;1.902653e-01;9.026758e-02;4.539642e-02;6.796101e-02;5.421055e-02;2.302828e-01;4.539968e-02
5.455532e-02;3.771887e-02;1.122854e-01;4.655258e-02;9.062233e-02;1.717173e-01;1.038575e-01;6.249489e-02;3.548132e-02;7.286159e-02;1.881357e-01;2.371715e-02
4.516928e-02;5.403011e-02;1.226102e-01;5.617368e-02;1.309016e-01;1.533878e-01;1.144048e-01;4.741720e-02;4.287181e-02;8.803106e-02;1.083028e-01;3.669955e-02
1.281015e-02;6.480671e-02;9.910581e-02;4.600507e-02;1.718499e-01;1.440646e-01;8.527171e-02;5.802055e-02;4.795799e-02;1.264576e-01;9.533716e-02;4.831264e-02
2.868484e-02;6.142310e-02;4.740558e-02;1.921145e-02;2.153981e-01;9.873459e-02;5.394689e-02;7.931025e-02;4.564001e-02;1.831098e-01;9.906870e-02;6.806664e-02
1.811705e-02;4.745413e-02;4.491631e-02;1.255145e-02;2.321633e-01;7.978097e-02;3.306751e-02;7.883125e-02;5.259031e-02;2.090190e-01;1.035290e-01;8.797980e-02
9.445996e-03;5.624430e-02;4.528994e-02;1.718570e-02;2.670829e-01;4.999558e-02;2.935329e-02;4.336806e-02;5.254808e-02;2.384682e-01;9.900028e-02;9.201773e-02
1.226372e-02;6.486296e-02;4.169967e-02;1.341537e-02;2.911920e-01;3.326604e-02;2.265591e-02;4.203858e-02;4.517833e-02;2.490714e-01;9.282129e-02;9.153476e-02
1.754938e-02;7.833683e-02;2.906029e-02;2.159853e-02;2.945875e-01;3.989002e-02;2.029902e-02;3.122318e-02;4.359774e-02;2.399063e-01;1.006536e-01;8.329757e-02
3.714625e-02;1.055215e-01;3.164418e-02;5.171787e-02;2.324659e-01;3.915881e-02;4.462823e-02;5.267990e-02;3.525184e-02;2.010579e-01;1.104064e-01;5.832130e-02
4.937072e-02;1.029646e-01;8.247164e-02;1.057994e-01;1.304867e-01;5.362311e-02;6.937509e-02;7.348105e-02;2.968127e-02;1.437422e-01;1.224001e-01;3.660419e-02
2.917211e-02;7.589131e-02;1.086079e-01;1.712285e-01;8.141275e-02;6.256289e-02;6.704599e-02;1.247825e-01;1.961220e-02;1.142107e-01;1.183318e-01;2.714145e-02
1.029873e-02;1.936114e-01;6.476016e-02;1.651015e-01;8.378830e-02;4.901851e-02;4.479897e-02;1.329996e-01;1.785119e-02;1.088424e-01;9.612081e-02;3.280841e-02
2.230223e-02;2.707947e-01;3.557823e-02;9.776202e-02;1.261243e-01;5.042276e-02;2.545433e-02;9.917358e-02;2.573494e-02;1.242676e-01;6.933200e-02;5.305330e-02
8.788749e-02;2.131859e-01;5.881809e-02;5.614682e-02;1.204645e-01;7.653496e-02;4.313131e-02;5.677911e-02;4.260531e-02;1.274618e-01;6.014322e-02;5.684144e-02
1.700679e-01;8.025059e-02;1.101381e-01;7.699754e-02;7.425649e-02;8.471905e-02;9.148888e-02;4.749411e-02;5.821773e-02;1.082742e-01;6.526649e-02;3.282889e-02
1.432602e-01;7.951673e-02;1.255073e-01;8.697697e-02;6.054535e-02;6.884351e-02;1.129671e-01;4.779894e-02;5.018438e-02;1.124502e-01;6.364720e-02;4.830215e-02
9.136751e-02;9.198013e-02;1.441506e-01;6.024535e-02;6.147889e-02;6.621841e-02;1.694559e-01;3.316453e-02;3.246718e-02;1.169704e-01;5.964916e-02;7.285207e-02
1.151147e-01;9.219244e-02;9.562830e-02;4.543615e-02;5.183666e-02;5.084182e-02;1.619406e-01;4.516918e-02;4.166888e-02;9.394962e-02;7.936357e-02;1.268581e-01
1.060496e-01;9.553570e-02;4.887170e-02;5.833839e-02;5.004167e-02;6.125082e-02;1.672883e-01;7.312810e-02;5.054807e-02;8.967899e-02;7.254402e-02;1.267245e-01
9.764880e-02;9.917744e-02;4.920674e-02;4.402388e-02;6.181246e-02;8.799165e-02;1.860300e-01;8.721212e-02;5.861482e-02;7.828702e-02;5.737468e-02;9.262041e-02
1.012404e-01;1.376781e-01;4.840846e-02;4.970585e-02;6.243648e-02;8.760063e-02;1.643859e-01;6.509807e-02;5.236356e-02;5.070332e-02;6.589251e-02;1.144867e-01
6.889522e-02;1.658277e-01;4.757857e-02;5.547934e-02;8.650331e-02;6.960613e-02;1.652670e-01;4.077529e-02;4.605848e-02;5.347174e-02;5.877873e-02;1.417584e-01
5.186769e-02;1.234856e-01;5.567640e-02;6.658925e-02;9.087300e-02;6.162531e-02;1.567564e-01;2.861380e-02;5.049999e-02;5.490132e-02;3.064938e-02;2.284618e-01
9.820266e-02;6.095352e-02;5.723966e-02;5.731943e-02;7.086053e-02;6.131376e-02;1.721027e-01;2.176760e-02;5.093007e-02;3.119330e-02;2.246070e-02;2.956561e-01
1.227537e-01;8.633462e-02;4.804625e-02;3.150299e-02;7.576530e-02;5.792119e-02;1.780735e-01;2.603209e-02;4.109193e-02;2.849338e-02;2.968940e-02;2.742956e-01
9.775252e-02;8.053058e-02;6.850893e-02;4.278770e-02;7.317512e-02;6.832198e-02;2.007038e-01;2.448979e-02;4.239197e-02;3.678191e-02;3.220086e-02;2.323549e-01
1.000308e-01;6.163017e-02;7.038073e-02;5.155984e-02;5.668132e-02;9.814394e-02;2.435234e-01;3.734164e-02;5.341003e-02;3.862735e-02;3.467528e-02;1.539955e-01
1.187402e-01;6.407917e-02;7.203629e-02;4.647699e-02;6.780349e-02;8.848371e-02;2.307669e-01;6.589483e-02;5.862965e-02;3.698523e-02;6.518818e-02;8.491550e-02
1.384681e-01;1.092264e-01;5.885101e-02;4.248060e-02;6.940742e-02;9.072912e-02;1.879421e-01;8.816219e-02;5.238590e-02;2.905835e-02;6.791500e-02;6.537378e-02
1.812690e-01;1.339333e-01;5.637821e-02;5.389171e-02;7.295561e-02;9.724815e-02;1.400940e-01;7.388864e-02;4.637453e-02;2.983307e-02;5.513641e-02;5.899735e-02
1.096931e-01;1.018391e-01;1.153635e-01;5.983368e-02;6.146718e-02;8.776987e-02;1.422076e-01;7.195796e-02;4.974291e-02;5.355071e-02;3.493302e-02;1.116415e-01
7.298520e-02;8.229280e-02;1.635993e-01;4.763763e-02;4.981722e-02;9.528301e-02;1.627707e-01;7.157581e-02;3.899118e-02;6.278896e-02;2.968271e-02;1.225755e-01
1.246994e-01;9.007856e-02;1.709467e-01;4.415526e-02;5.359396e-02;8.874489e-02;9.131932e-02;5.241324e-02;6.385221e-02;5.321504e-02;6.787103e-02;9.911035e-02
1.552483e-01;1.371695e-01;1.118010e-01;6.339202e-02;4.390863e-02;5.309382e-02;1.012048e-01;6.681354e-02;5.668106e-02;7.432365e-02;8.592431e-02;5.043940e-02
1.193973e-01;2.173520e-01;5.983841e-02;4.476164e-02;4.039667e-02;5.092452e-02;1.112801e-01;8.769534e-02;3.326267e-02;9.083083e-02;7.504160e-02;6.921894e-02
8.761632e-02;1.938753e-01;1.644443e-01;3.751155e-02;3.083059e-02;4.644846e-02;9.997870e-02;8.004931e-02;3.758123e-02;8.578540e-02;8.354601e-02;5.233295e-02
8.556749e-02;1.014576e-01;3.014102e-01;2.297069e-02;1.736910e-02;6.156286e-02;7.348025e-02;4.666689e-02;6.638733e-02;7.799457e-02;1.097123e-01;3.542069e-02
8.999342e-02;3.644597e-02;3.646248e-01;1.658595e-02;1.964864e-02;7.480100e-02;3.353643e-02;3.890260e-02;9.092908e-02;6.710426e-02;1.280046e-01;3.942334e-02
9.017359e-02;1.739380e-02;3.068034e-01;4.232373e-02;2.961122e-02;1.057443e-01;4.286756e-02;3.350969e-02;7.167386e-02;7.357755e-02;1.468446e-01;3.947677e-02
6.423208e-02;1.998189e-02;1.824766e-01;8.757515e-02;2.458519e-02;1.174690e-01;8.669625e-02;4.680753e-02;4.237115e-02;9.612982e-02;1.901874e-01;4.148797e-02
5.425248e-02;1.766566e-02;8.009719e-02;1.383064e-01;2.746483e-02;8.578771e-02;1.264867e-01;4.012007e-02;4.575152e-02;1.132920e-01;2.271886e-01;4.358688e-02
4.630144e-02;1.396457e-02;5.394099e-02;2.053519e-01;2.055279e-02;8.462016e-02;1.599288e-01;2.852137e-02;2.859479e-02;9.338521e-02;2.255768e-01;3.926119e-02
6.164004e-02;1.362222e-02;8.414190e-02;1.797722e-01;2.056069e-02;1.143602e-01;1.502828e-01;3.438433e-02;2.306829e-02;7.809687e-02;2.085176e-01;3.155279e-02
1.056378e-01;1.274238e-02;1.585152e-01;8.897766e-02;2.319452e-02;1.507389e-01;9.959248e-02;2.674364e-02;4.343208e-02;7.226880e-02;1.845884e-01;3.356821e-02
1.076823e-01;1.622911e-02;2.240563e-01;2.793797e-02;4.643219e-02;1.266018e-01;7.217707e-02;4.602112e-02;7.961781e-02;5.850141e-02;1.457205e-01;4.902243e-02
7.861515e-02;5.269019e-02;1.765917e-01;1.898014e-02;6.126550e-02;7.679974e-02;1.047810e-01;1.053921e-01;7.963902e-02;4.196493e-02;1.028971e-01;1.003834e-01
9.950566e-02;1.033495e-01;8.368871e-02;4.629520e-02;4.143244e-02;3.997473e-02;1.658419e-01;1.233175e-01;3.619070e-02;3.294690e-02;6.160605e-02;1.658508e-01
1.262655e-01;1.245691e-01;7.297009e-02;5.744241e-02;2.190393e-02;4.155077e-02;1.711897e-01;7.435997e-02;1.771629e-02;4.833341e-02;4.974930e-02;1.939496e-01
1.414492e-01;1.107037e-01;1.127765e-01;5.083063e-02;2.601405e-02;5.599497e-02;1.279906e-01;3.852460e-02;2.158613e-02;6.927273e-02;5.751002e-02;1.873469e-01
1.252525e-01;9.193974e-02;1.512099e-01;3.642586e-02;3.556974e-02;7.198574e-02;8.872991e-02;5.171211e-02;4.031380e-02;9.298545e-02;6.144935e-02;1.524260e-01
1.089215e-01;1.050516e-01;1.582973e-01;4.651530e-02;3.657028e-02;5.343714e-02;1.293705e-01;5.825726e-02;5.269465e-02;7.494032e-02;7.114509e-02;1.047991e-01
9.851234e-02;1.158362e-01;1.783528e-01;6.918292e-02;3.116998e-02;4.175340e-02;1.044262e-01;7.618344e-02;4.648940e-02;5.352107e-02;7.540105e-02;1.091713e-01
1.350672e-01;9.048156e-02;1.787926e-01;5.432053e-02;1.731489e-02;3.927977e-02;9.659977e-02;5.854227e-02;2.972397e-02;6.575660e-02;1.095710e-01;1.245498e-01
1.639658e-01;8.690757e-02;1.478949e-01;3.491495e-02;2.434974e-02;4.271861e-02;1.018344e-01;5.602295e-02;2.539128e-02;5.171015e-02;1.068960e-01;1.573937e-01
9.037416e-02;8.532193e-02;1.051116e-01;3.020634e-02;4.724549e-02;4.182355e-02;1.337667e-01;7.276297e-02;4.703977e-02;4.513707e-02;1.092388e-01;1.919717e-01
8.422469e-02;8.006989e-02;1.255968e-01;8.004571e-02;3.095418e-02;6.442343e-02;1.311933e-01;1.012790e-01;6.406982e-02;8.193671e-02;7.033256e-02;8.587400e-02
1.266412e-01;8.643513e-02;1.153128e-01;1.082303e-01;4.556562e-02;9.299260e-02;1.176702e-01;8.139327e-02;5.250102e-02;6.922988e-02;4.016804e-02;6.385986e-02
1.574756e-01;1.702661e-01;1.230090e-01;7.238947e-02;4.461468e-02;7.260270e-02;1.095010e-01;7.033940e-02;2.446746e-02;3.680778e-02;3.365473e-02;8.487210e-02
1.394619e-01;2.623204e-01;7.613532e-02;2.955883e-02;3.163547e-02;4.005881e-02;1.054551e-01;9.574107e-02;1.896527e-02;3.266009e-02;4.604482e-02;1.219629e-01
1.104849e-01;3.469439e-01;2.815460e-02;2.681935e-02;1.970069e-02;2.221112e-02;9.489886e-02;1.110714e-01;1.722729e-02;2.818562e-02;5.228225e-02;1.420200e-01
1.036233e-01;3.369238e-01;3.558638e-02;3.526454e-02;3.639035e-02;2.082411e-02;8.658424e-02;1.170665e-01;1.797712e-02;2.061942e-02;5.386976e-02;1.352705e-01
1.009390e-01;1.976987e-01;1.060772e-01;2.533499e-02;7.015774e-02;3.215846e-02;5.516364e-02;1.477961e-01;3.776857e-02;3.375386e-02;8.473983e-02;1.084118e-01
1.080033e-01;8.708492e-02;1.890385e-01;1.922912e-02;6.459874e-02;7.615933e-02;4.971917e-02;1.055632e-01;4.618780e-02;5.625926e-02;1.278434e-01;7.031323e-02
8.959936e-02;1.112770e-01;1.890410e-01;2.617171e-02;4.112712e-02;8.974849e-02;6.968166e-02;4.910240e-02;3.567288e-02;9.481197e-02;1.436688e-01;6.009768e-02
6.911080e-02;1.702785e-01;1.206836e-01;4.392232e-02;5.501734e-02;5.175597e-02;1.014897e-01;6.117551e-02;4.281221e-02;1.154221e-01;1.022608e-01;6.607112e-02
6.305005e-02;1.675261e-01;1.154493e-01;4.905808e-02;5.941095e-02;4.455523e-02;1.205178e-01;9.018262e-02;6.319012e-02;9.738753e-02;6.943030e-02;6.024192e-02
1.097889e-01;8.907641e-02;1.320435e-01;5.435908e-02;8.351473e-02;7.687058e-02;9.932368e-02;7.738577e-02;5.882829e-02;8.531255e-02;5.280745e-02;8.068907e-02
9.945250e-02;9.978381e-02;1.547260e-01;5.777204e-02;8.314956e-02;7.307093e-02;6.671688e-02;7.261410e-02;5.088688e-02;1.058809e-01;6.086044e-02;7.508598e-02
1.400234e-01;1.342748e-01;1.235210e-01;8.792472e-02;4.180507e-02;6.185293e-02;5.227287e-02;7.748789e-02;6.795471e-02;1.004069e-01;6.011349e-02;5.236220e-02
1.574650e-01;1.356795e-01;9.297019e-02;6.751931e-02;7.671649e-02;5.856551e-02;7.097176e-02;6.167449e-02;6.143698e-02;8.754372e-02;6.214471e-02;6.731232e-02
1.460216e-01;1.035307e-01;6.459666e-02;4.545939e-02;1.096640e-01;7.285149e-02;1.051299e-01;6.486720e-02;5.327851e-02;8.594976e-02;6.905595e-02;7.959482e-02
1.276260e-01;1.008762e-01;1.316925e-01;6.272227e-02;9.380563e-02;7.142232e-02;1.228168e-01;4.381575e-02;5.540761e-02;6.727335e-02;7.409442e-02;4.844720e-02
1.093950e-01;8.946141e-02;1.557152e-01;7.235894e-02;7.399134e-02;9.927041e-02;8.996955e-02;4.549554e-02;7.726119e-02;4.822205e-02;5.435742e-02;8.450197e-02
1.797281e-01;7.508054e-02;1.204000e-01;5.683601e-02;6.956692e-02;1.094709e-01;3.510333e-02;6.113082e-02;7.466672e-02;5.618727e-02;4.545507e-02;1.163743e-01
2.286765e-01;5.548834e-02;8.141032e-02;8.412399e-02;4.690053e-02;9.661004e-02;5.430216e-02;4.813479e-02;6.698705e-02;6.075463e-02;5.838971e-02;1.182220e-01
1.780785e-01;1.073634e-01;1.299657e-01;8.500072e-02;5.516668e-02;8.340145e-02;8.544479e-02;3.596730e-02;5.970554e-02;5.214667e-02;4.297973e-02;8.477952e-02
1.327945e-01;1.298693e-01;1.560092e-01;5.112647e-02;6.958991e-02;6.794012e-02;8.325085e-02;3.707590e-02;4.597629e-02;7.501602e-02;3.494618e-02;1.164053e-01
6.217173e-02;9.756777e-02;1.690445e-01;4.220770e-02;7.238989e-02;6.921446e-02;1.075490e-01;5.955578e-02;5.982012e-02;7.328127e-02;3.676987e-02;1.504278e-01
8.519901e-02;8.520266e-02;1.659518e-01;4.295059e-02;6.882151e-02;9.079842e-02;1.131048e-01;7.178251e-02;7.117984e-02;5.206563e-02;3.555648e-02;1.173867e-01
1.559182e-01;1.276900e-01;1.338999e-01;6.674394e-02;7.353766e-02;7.227745e-02;5.429700e-02;9.406194e-02;6.664340e-02;7.484899e-02;2.600944e-02;5.407211e-02
1.496679e-01;1.231871e-01;8.155145e-02;8.461274e-02;5.680330e-02;3.808526e-02;6.746560e-02;8.732897e-02;6.062621e-02;9.591968e-02;3.819437e-02;1.165575e-01
1.153687e-01;1.085500e-01;9.517893e-02;8.699884e-02;6.294549e-02;5.568158e-02;7.364100e-02;7.371623e-02;5.484834e-02;8.109907e-02;5.269451e-02;1.392773e-01
9.427641e-02;7.294370e-02;1.191357e-01;7.654828e-02;7.787468e-02;9.727309e-02;1.013028e-01;5.916987e-02;5.583462e-02;8.204656e-02;4.432104e-02;1.192733e-01
1.043846e-01;1.049163e-01;1.256400e-01;7.633858e-02;9.482647e-02;9.322512e-02;1.129745e-01;5.137893e-02;4.114507e-02;7.757560e-02;4.344966e-02;7.414525e-02
1.257273e-01;1.341078e-01;1.156670e-01;8.353381e-02;8.294052e-02;7.606939e-02;8.545160e-02;5.532710e-02;5.427297e-02;7.287837e-02;3.701601e-02;7.700810e-02
1.104845e-01;1.397097e-01;1.009763e-01;6.317156e-02;5.146142e-02;7.813678e-02;9.431260e-02;5.331730e-02;6.569395e-02;7.880197e-02;4.640152e-02;1.175324e-01
9.512214e-02;1.016673e-01;1.091761e-01;3.746595e-02;4.814180e-02;6.378854e-02;9.279726e-02;9.735432e-02;1.074889e-01;7.254229e-02;7.067089e-02;1.037846e-01
1.206743e-01;5.893665e-02;1.189325e-01;7.888068e-02;8.053854e-02;4.710285e-02;5.241632e-02;1.133492e-01;1.291660e-01;4.634725e-02;7.430150e-02;7.935418e-02
1.017104e-01;9.967835e-02;1.108642e-01;8.470828e-02;7.512024e-02;5.948919e-02;4.825520e-02;7.927236e-02;9.629019e-02;5.375478e-02;6.879816e-02;1.220586e-01
1.497894e-01;1.236322e-01;1.208647e-01;5.532783e-02;8.199806e-02;4.750168e-02;6.857823e-02;6.579757e-02;6.250731e-02;5.753205e-02;4.675963e-02;1.197113e-01
1.884081e-01;8.928288e-02;1.328444e-01;4.628890e-02;6.947172e-02;5.859298e-02;9.327512e-02;6.038318e-02;6.493352e-02;7.185717e-02;4.656585e-02;7.809612e-02
1.696118e-01;1.435546e-01;9.701364e-02;5.208360e-02;4.194384e-02;5.272460e-02;7.556354e-02;5.664163e-02;5.867022e-02;8.559808e-02;8.446254e-02;8.213191e-02
1.073022e-01;1.647046e-01;1.171245e-01;6.592191e-02;5.252717e-02;7.905351e-02;4.973291e-02;4.892497e-02;4.247028e-02;1.111087e-01;8.530714e-02;7.582214e-02
6.312143e-02;1.399907e-01;1.250535e-01;8.942071e-02;9.445210e-02;6.508084e-02;4.344289e-02;5.268664e-02;6.332040e-02;1.122316e-01;1.156877e-01;3.551137e-02
5.375055e-02;1.006569e-01;1.304795e-01;9.709596e-02;8.699918e-02;4.842294e-02;6.013541e-02;6.841058e-02;7.691890e-02;1.039489e-01;1.328063e-01;4.037487e-02
8.031329e-02;6.273323e-02;1.484030e-01;1.068768e-01;5.179340e-02;6.796300e-02;5.126375e-02;7.301036e-02;7.308071e-02;7.867085e-02;1.008325e-01;1.050592e-01
8.748759e-02;4.719542e-02;1.354125e-01;7.256529e-02;5.495118e-02;5.179090e-02;5.463133e-02;7.710882e-02;7.103946e-02;7.679601e-02;8.907137e-02;1.819501e-01
1.018544e-01;3.544861e-02;1.039278e-01;6.075544e-02;1.002083e-01;3.568852e-02;7.789076e-02;6.889204e-02;6.558491e-02;9.841397e-02;9.264511e-02;1.586901e-01
1.221885e-01;3.812181e-02;1.361284e-01;5.299008e-02;1.033216e-01;5.051303e-02;1.327234e-01;3.918673e-02;9.531350e-02;8.853051e-02;7.703558e-02;6.394695e-02
1.247930e-01;8.732846e-02;2.213351e-01;4.191682e-02;4.781459e-02;2.995761e-02;9.654258e-02;8.964852e-02;9.053953e-02;6.073819e-02;7.660151e-02;3.278408e-02
1.686048e-01;1.009403e-01;1.818615e-01;2.504044e-02;4.179464e-02;2.534766e-02;8.413688e-02;1.502516e-01;7.583553e-02;3.177997e-02;8.677313e-02;2.763348e-02
2.055223e-01;8.530501e-02;1.209479e-01;1.571338e-02;3.351337e-02;2.591451e-02;7.804047e-02;2.013794e-01;8.287872e-02;3.881904e-02;7.407391e-02;3.789199e-02
1.759010e-01;5.850698e-02;6.355577e-02;2.739904e-02;2.141220e-02;3.417616e-02;1.388982e-01;1.812559e-01;8.361936e-02;9.745952e-02;3.763518e-02;8.018069e-02
9.357531e-02;5.689132e-02;3.411208e-02;4.938353e-02;1.242283e-02;3.213944e-02;2.332568e-01;9.819768e-02;4.878604e-02;1.227332e-01;3.538314e-02;1.831186e-01
5.773987e-02;6.295044e-02;2.916249e-02;4.529608e-02;2.199709e-02;4.769678e-02;2.498682e-01;7.720580e-02;3.357301e-02;8.583505e-02;3.381467e-02;2.548605e-01
7.144015e-02;4.208219e-02;7.200482e-02;2.369707e-02;3.751575e-02;9.855229e-02;1.663317e-01;7.827421e-02;7.448145e-02;5.693989e-02;7.339909e-02;2.052815e-01
1.642702e-01;2.791888e-02;1.173412e-01;2.088801e-02;3.669336e-02;1.468880e-01;7.429301e-02;4.273823e-02;8.556963e-02;5.370234e-02;1.328801e-01;9.681702e-02
1.868414e-01;4.620423e-02;1.304022e-01;6.960315e-02;3.355487e-02;1.218761e-01;8.102419e-02;4.883281e-02;4.601774e-02;7.001516e-02;1.288905e-01;3.673759e-02
1.052418e-01;6.225729e-02;1.146992e-01;1.310508e-01;5.541110e-02;5.608049e-02;8.114537e-02;9.255058e-02;7.229912e-02;1.113300e-01;8.303581e-02;3.489847e-02
3.887854e-02;8.769660e-02;7.083311e-02;1.682532e-01;7.189880e-02;2.643042e-02;5.702404e-02;9.990250e-02;1.261370e-01;1.629524e-01;5.853124e-02;3.146211e-02
1.844702e-02;7.562679e-02;3.804721e-02;2.145644e-01;6.372495e-02;3.578753e-02;5.659957e-02;7.390998e-02;1.273072e-01;1.719823e-01;9.090279e-02;3.310030e-02
3.268382e-02;3.582954e-02;1.131827e-01;1.815869e-01;5.407476e-02;6.391627e-02;5.653681e-02;4.929036e-02;1.016906e-01;1.489061e-01;1.263996e-01;3.590245e-02
5.548919e-02;1.767586e-02;2.000457e-01;9.451456e-02;4.461470e-02;1.215298e-01;2.909957e-02;2.772334e-02;9.696694e-02;1.270133e-01;1.438370e-01;4.149018e-02
5.778537e-02;1.944920e-02;2.574728e-01;3.992499e-02;2.149770e-02;1.826301e-01;1.515440e-02;1.474652e-02;8.434854e-02;1.074828e-01;1.542581e-01;4.524943e-02
6.192183e-02;1.198525e-02;2.750415e-01;3.725922e-02;1.322810e-02;1.766618e-01;1.398532e-02;1.474029e-02;6.278316e-02;1.170841e-01;1.689873e-01;4.632217e-02
8.340510e-02;1.063993e-02;2.905721e-01;3.137536e-02;1.107824e-02;1.578050e-01;1.948222e-02;1.343476e-02;5.333262e-02;9.781930e-02;1.796256e-01;5.142971e-02
1.632159e-01;2.749128e-02;2.610322e-01;2.469633e-02;8.017786e-03;1.304978e-01;2.191814e-02;1.129053e-02;3.963010e-02;6.617421e-02;1.847985e-01;6.123718e-02
2.248451e-01;3.560427e-02;1.921641e-01;1.072725e-02;8.050273e-03;1.297560e-01;2.371267e-02;1.361023e-02;4.449765e-02;5.792309e-02;1.874728e-01;7.163656e-02
2.247252e-01;2.529611e-02;1.237572e-01;1.299319e-02;1.570653e-02;1.419870e-01;3.669430e-02;2.683886e-02;5.981316e-02;6.931509e-02;1.872558e-01;7.561750e-02
1.697550e-01;2.718081e-02;8.304318e-02;2.824314e-02;3.635488e-02;1.432982e-01;6.734024e-02;5.396154e-02;6.756474e-02;1.006259e-01;1.598000e-01;6.283244e-02
9.030660e-02;2.792133e-02;8.803098e-02;5.636797e-02;6.613089e-02;1.126001e-01;1.235650e-01;5.835982e-02;1.183338e-01;1.199569e-01;8.975937e-02;4.866718e-02
7.688430e-02;4.056469e-02;1.210371e-01;7.594030e-02;5.210059e-02;7.299265e-02;1.573800e-01;4.447656e-02;1.666899e-01;8.469678e-02;6.088021e-02;4.635696e-02
5.432681e-02;6.489198e-02;1.480701e-01;7.681087e-02;4.101795e-02;7.523379e-02;1.165045e-01;4.759900e-02;1.285068e-01;9.826468e-02;8.419997e-02;6.457353e-02
6.259542e-02;5.895968e-02;1.406977e-01;4.995796e-02;4.171074e-02;1.073567e-01;1.194049e-01;4.617401e-02;4.484423e-02;1.342513e-01;1.107735e-01;8.327384e-02
8.617169e-02;3.292295e-02;1.445058e-01;4.302997e-02;3.846963e-02;1.220118e-01;1.176027e-01;3.602737e-02;7.882845e-02;1.293631e-01;1.018925e-01;6.917409e-02
9.270850e-02;3.431027e-02;1.985705e-01;5.045683e-02;4.348597e-02;1.299142e-01;9.954004e-02;2.893067e-02;8.984125e-02;1.010649e-01;9.049180e-02;4.068498e-02
7.899641e-02;4.948981e-02;2.214128e-01;4.969401e-02;3.901011e-02;1.085413e-01;7.619055e-02;4.195301e-02;7.190061e-02;7.879067e-02;1.250403e-01;5.898045e-02
9.475119e-02;5.186859e-02;1.588178e-01;3.717757e-02;4.307976e-02;8.560462e-02;9.004318e-02;4.132080e-02;9.025654e-02;7.885461e-02;1.535662e-01;7.465914e-02
7.670040e-02;5.278773e-02;1.373592e-01;3.136338e-02;4.991412e-02;8.925926e-02;1.159251e-01;4.155518e-02;8.077547e-02;8.456528e-02;1.490904e-01;9.070442e-02
7.841674e-02;9.629405e-02;1.003234e-01;5.317530e-02;5.823025e-02;7.158501e-02;1.093860e-01;7.486490e-02;6.728989e-02;7.030835e-02;1.200898e-01;1.000363e-01
4.029456e-02;1.018488e-01;8.733728e-02;5.527564e-02;1.042056e-01;7.579099e-02;8.660880e-02;1.081724e-01;1.023314e-01;6.584777e-02;8.934553e-02;8.294122e-02
5.439810e-02;7.935354e-02;1.264324e-01;6.578271e-02;1.048578e-01;7.284497e-02;1.118397e-01;1.247265e-01;9.664430e-02;4.968956e-02;6.093739e-02;5.249303e-02
5.596080e-02;5.378322e-02;1.696272e-01;8.650251e-02;8.102342e-02;7.426500e-02;1.251771e-01;1.225112e-01;9.344807e-02;6.045194e-02;4.845088e-02;2.879870e-02
4.740378e-02;8.742531e-02;1.773423e-01;8.484074e-02;5.870689e-02;5.514936e-02;1.150494e-01;8.007921e-02;9.927754e-02;7.845658e-02;6.256701e-02;5.370191e-02
1.311552e-01;1.015137e-01;1.067854e-01;5.542216e-02;7.758664e-02;3.371716e-02;1.438322e-01;6.815106e-02;6.507202e-02;7.147692e-02;5.665920e-02;8.862828e-02
1.425740e-01;8.147926e-02;7.017730e-02;5.190879e-02;1.100207e-01;3.875112e-02;1.594228e-01;8.310611e-02;3.748506e-02;5.252207e-02;6.056050e-02;1.119924e-01
1.186733e-01;4.098515e-02;8.202341e-02;4.203830e-02;1.410453e-01;8.709946e-02;1.267437e-01;8.810245e-02;4.463741e-02;3.493073e-02;9.410050e-02;9.962031e-02
8.099577e-02;2.659298e-02;1.246702e-01;3.061665e-02;1.148934e-01;1.888325e-01;6.981114e-02;5.985361e-02;5.876401e-02;3.795931e-02;1.528819e-01;5.412852e-02
8.228317e-02;3.777616e-02;1.409532e-01;2.554510e-02;6.361146e-02;2.293635e-01;4.924604e-02;3.186854e-02;4.906639e-02;6.993924e-02;1.702127e-01;5.013454e-02
7.093507e-02;4.631858e-02;1.227438e-01;3.257458e-02;6.685133e-02;1.886898e-01;7.237477e-02;4.753979e-02;4.152907e-02;9.548269e-02;1.507871e-01;6.417351e-02
6.485318e-02;3.800966e-02;1.830033e-01;3.168023e-02;5.311293e-02;1.675746e-01;6.681309e-02;4.072317e-02;5.214597e-02;8.614597e-02;1.571691e-01;5.876885e-02
9.268089e-02;2.057404e-02;1.839705e-01;1.538999e-02;2.070069e-02;2.498044e-01;4.694115e-02;2.990372e-02;6.871650e-02;4.963930e-02;1.719217e-01;4.975723e-02
6.192178e-02;1.609031e-02;1.928949e-01;8.866400e-03;1.560347e-02;2.784386e-01;3.479677e-02;1.582717e-02;7.778481e-02;6.134692e-02;1.868585e-01;4.957045e-02
6.010910e-02;1.217066e-02;2.199089e-01;1.646058e-02;2.738750e-02;2.447785e-01;2.843653e-02;1.487759e-02;8.912044e-02;6.487363e-02;1.842233e-01;3.765332e-02
6.248662e-02;3.682203e-02;1.929355e-01;4.441167e-02;6.685074e-02;1.865239e-01;8.289326e-02;3.325363e-02;7.068577e-02;5.727468e-02;1.356015e-01;3.026065e-02
6.399894e-02;3.712596e-02;1.497484e-01;4.850484e-02;7.608460e-02;2.207998e-01;1.177796e-01;3.952969e-02;5.723039e-02;4.316390e-02;1.207615e-01;2.527233e-02
5.129218e-02;2.031035e-02;9.742684e-02;3.060872e-02;5.456030e-02;2.443392e-01;1.275890e-01;5.464152e-02;1.086990e-01;3.972539e-02;1.505330e-01;2.027441e-02
3.985286e-02;3.182359e-02;4.932786e-02;4.356661e-02;4.456180e-02;1.973228e-01;9.439131e-02;8.123896e-02;1.310280e-01;9.127777e-02;1.783876e-01;1.722081e-02
2.354427e-02;6.696199e-02;2.642130e-02;7.008696e-02;7.033858e-02;1.114533e-01;6.945675e-02;1.447573e-01;8.598642e-02;1.366698e-01;1.671117e-01;2.721165e-02
1.846063e-02;8.852854e-02;3.299666e-02;7.001472e-02;1.002376e-01;7.147748e-02;5.678016e-02;1.528082e-01;6.384426e-02;1.710009e-01;1.089701e-01;6.488070e-02
4.653114e-02;7.956854e-02;8.815181e-02;6.428389e-02;9.037599e-02;4.732624e-02;6.280545e-02;1.023367e-01;8.417483e-02;1.466026e-01;8.430351e-02;1.035393e-01
8.065529e-02;6.534361e-02;1.477417e-01;6.842759e-02;6.239564e-02;3.765748e-02;9.957212e-02;7.296617e-02;6.801107e-02;1.095193e-01;9.191486e-02;9.579521e-02
9.719483e-02;6.311379e-02;1.644217e-01;5.598914e-02;6.076035e-02;5.823395e-02;1.054452e-01;4.217663e-02;5.300758e-02;1.153610e-01;1.121456e-01;7.215027e-02
6.122643e-02;6.197034e-02;1.294805e-01;4.661843e-02;8.836298e-02;8.860329e-02;8.557691e-02;7.176794e-02;6.315565e-02;1.275146e-01;1.240039e-01;5.171896e-02
4.328796e-02;6.931777e-02;1.099414e-01;5.198925e-02;9.522800e-02;1.011573e-01;8.040319e-02;8.780726e-02;6.676892e-02;1.240292e-01;1.382617e-01;3.180810e-02
2.243047e-02;7.965474e-02;6.277641e-02;7.844337e-02;1.090117e-01;8.436527e-02;8.141632e-02;8.360761e-02;5.028960e-02;1.712462e-01;1.357752e-01;4.098306e-02
3.757083e-02;8.043941e-02;7.440484e-02;4.996221e-02;8.459636e-02;5.137181e-02;5.135186e-02;6.083207e-02;8.662778e-02;2.047109e-01;1.351420e-01;8.298998e-02
5.942692e-02;7.537925e-02;7.467811e-02;5.684070e-02;7.132805e-02;4.850867e-02;6.365997e-02;5.638348e-02;8.049344e-02;1.824395e-01;1.275032e-01;1.033587e-01
1.307370e-01;7.093728e-02;8.072911e-02;5.325564e-02;5.773582e-02;2.999644e-02;4.142861e-02;3.450019e-02;5.443647e-02;1.086311e-01;1.545985e-01;1.830138e-01
1.422068e-01;6.352663e-02;1.004013e-01;4.748320e-02;4.951738e-02;3.960549e-02;4.397409e-02;4.303471e-02;5.513009e-02;9.315722e-02;1.454841e-01;1.764790e-01
1.270392e-01;6.308734e-02;1.113127e-01;5.502841e-02;3.956703e-02;5.805104e-02;9.041481e-02;5.948208e-02;5.197743e-02;9.391710e-02;1.098280e-01;1.402948e-01
9.344839e-02;5.192254e-02;8.958036e-02;8.269323e-02;2.766410e-02;5.546096e-02;1.781632e-01;7.593982e-02;5.572703e-02;9.538177e-02;6.326227e-02;1.307563e-01
