6.145304e-02;7.097033e-02;1.182115e-01;6.718189e-02;5.090289e-02;5.257329e-02;5.710254e-02;3.940265e-02;1.756221e-01;1.360548e-01;1.004014e-01;7.012354e-02
6.240971e-02;8.503465e-02;1.155458e-01;5.089523e-02;3.708881e-02;4.881503e-02;5.789088e-02;6.722037e-02;1.657431e-01;1.061261e-01;1.292960e-01;7.393427e-02
1.074272e-01;7.256206e-02;7.894845e-02;3.475301e-02;2.675156e-02;4.083590e-02;5.742856e-02;6.525971e-02;1.692634e-01;1.049554e-01;1.497815e-01;9.203316e-02
1.522801e-01;7.275528e-02;6.107888e-02;2.336232e-02;2.220182e-02;5.339373e-02;8.599243e-02;9.595533e-02;1.830166e-01;7.859705e-02;9.659895e-02;7.476750e-02
1.196256e-01;6.580150e-02;7.762197e-02;3.147551e-02;5.415584e-02;5.339211e-02;9.760172e-02;1.470359e-01;1.477233e-01;1.096704e-01;5.695683e-02;3.893934e-02
1.214943e-01;4.879982e-02;1.113343e-01;4.658219e-02;3.913474e-02;7.550359e-02;5.806171e-02;8.805759e-02;1.063332e-01;1.370863e-01;1.057108e-01;6.190148e-02
1.013087e-01;5.036030e-02;1.217192e-01;2.866606e-02;3.919517e-02;1.002486e-01;7.591220e-02;5.954066e-02;9.754086e-02;1.106347e-01;1.582209e-01;5.665270e-02
8.334927e-02;4.925541e-02;1.298208e-01;1.986269e-02;3.264811e-02;1.365347e-01;5.931900e-02;4.699834e-02;7.842999e-02;1.030820e-01;2.187922e-01;4.190752e-02
7.239874e-02;3.132394e-02;1.612101e-01;1.803385e-02;2.167744e-02;1.829062e-01;3.705671e-02;2.829651e-02;4.882401e-02;7.278482e-02;2.945665e-01;3.092128e-02
5.270782e-02;3.252022e-02;1.770806e-01;2.235885e-02;2.299213e-02;1.728335e-01;2.646834e-02;2.464334e-02;7.042576e-02;5.687146e-02;3.087707e-01;3.232722e-02
5.844368e-02;2.668331e-02;1.605400e-01;5.491586e-02;4.564584e-02;1.171316e-01;4.992415e-02;3.407006e-02;8.648131e-02;6.530639e-02;2.646183e-01;3.623953e-02
5.977166e-02;2.639293e-02;1.285446e-01;7.932930e-02;7.813771e-02;5.899828e-02;6.837343e-02;5.487067e-02;9.327543e-02;9.466022e-02;2.111282e-01;4.651759e-02
4.698488e-02;4.199846e-02;1.280032e-01;8.194677e-02;8.079418e-02;5.948970e-02;7.356299e-02;5.557913e-02;8.738804e-02;8.839262e-02;2.118287e-01;4.403130e-02
1.015042e-01;3.209881e-02;1.118590e-01;7.681936e-02;5.188730e-02;6.661628e-02;4.837169e-02;3.119820e-02;8.212920e-02;1.209913e-01;2.318941e-01;4.463061e-02
5.914788e-02;2.808699e-02;1.462434e-01;6.359372e-02;3.027727e-02;5.607460e-02;7.763179e-02;4.428101e-02;1.093587e-01;1.258198e-01;2.104548e-01;4.903015e-02
4.084204e-02;3.294636e-02;1.513746e-01;4.805070e-02;3.424462e-02;7.407765e-02;1.753003e-01;4.503431e-02;1.072871e-01;8.093471e-02;1.754425e-01;3.446513e-02
1.185471e-01;6.698790e-02;5.761040e-02;8.359172e-02;4.884040e-02;6.441657e-02;1.708504e-01;3.352087e-02;1.014057e-01;8.556177e-02;9.116544e-02;7.750177e-02
1.981952e-01;6.711749e-02;8.562773e-02;7.797901e-02;5.587239e-02;6.465552e-02;9.667905e-02;4.822024e-02;1.097362e-01;7.161798e-02;6.504964e-02;5.924959e-02
2.037053e-01;5.753330e-02;9.979244e-02;6.825105e-02;6.475600e-02;5.341375e-02;9.173936e-02;4.760524e-02;9.554181e-02;8.305426e-02;7.319526e-02;6.141232e-02
2.073919e-01;7.759655e-02;1.035890e-01;6.766471e-02;6.404904e-02;5.173635e-02;6.767538e-02;3.062049e-02;7.026239e-02;8.451268e-02;8.327144e-02;9.163006e-02
2.135582e-01;1.043022e-01;1.120467e-01;5.897347e-02;5.047374e-02;5.410165e-02;4.751663e-02;2.356843e-02;4.914463e-02;8.266161e-02;1.118377e-01;9.181505e-02
1.518349e-01;6.680811e-02;1.280711e-01;3.518186e-02;2.443226e-02;7.202259e-02;5.844858e-02;2.634127e-02;5.106534e-02;8.082730e-02;2.014879e-01;1.034787e-01
1.156962e-01;5.458731e-02;1.195666e-01;4.132554e-02;2.768443e-02;5.967965e-02;1.210292e-01;2.310961e-02;3.200541e-02;4.692191e-02;2.102995e-01;1.480946e-01
7.563692e-02;3.451668e-02;1.041286e-01;5.304104e-02;1.820241e-02;6.156111e-02;1.674146e-01;3.497506e-02;2.574324e-02;3.568438e-02;1.855847e-01;2.035112e-01
2.233167e-02;2.833749e-02;7.337712e-02;8.541014e-02;2.070964e-02;5.628528e-02;2.174172e-01;3.696296e-02;3.190811e-02;3.267859e-02;1.582388e-01;2.363431e-01
5.942659e-02;3.276884e-02;6.792065e-02;1.312753e-01;1.072612e-02;3.581246e-02;2.532712e-01;3.601209e-02;2.375391e-02;2.461549e-02;8.468252e-02;2.397348e-01
7.093176e-02;2.061780e-02;3.513014e-02;1.846965e-01;8.486716e-03;2.371756e-02;2.864446e-01;5.324592e-02;9.801345e-03;2.829676e-02;4.340127e-02;2.352297e-01
7.618525e-02;1.278670e-02;2.887999e-02;2.076500e-01;1.088342e-02;2.273844e-02;3.054681e-01;6.447548e-02;1.370048e-02;2.448363e-02;2.423547e-02;2.085130e-01
8.330421e-02;1.099836e-02;2.598565e-02;2.026824e-01;7.079775e-03;1.584047e-02;3.226976e-01;8.383057e-02;1.182568e-02;3.039308e-02;2.947147e-02;1.758908e-01
1.019560e-01;1.807740e-02;1.855247e-02;1.757424e-01;1.153369e-02;1.312976e-02;3.254747e-01;1.247229e-01;8.371891e-03;4.245184e-02;2.445893e-02;1.355280e-01
1.150467e-01;1.492900e-02;1.752713e-02;1.349271e-01;2.419657e-02;1.464485e-02;3.226938e-01;1.768349e-01;8.889517e-03;4.440697e-02;2.153300e-02;1.043705e-01
1.319836e-01;8.759657e-03;1.996185e-02;8.443420e-02;1.547718e-02;1.024819e-02;2.950754e-01;2.564764e-01;1.376466e-02;4.275630e-02;1.557572e-02;1.054869e-01
1.643511e-01;1.499014e-02;1.834705e-02;3.566264e-02;1.928576e-02;1.132492e-02;2.336871e-01;3.271014e-01;2.383186e-02;3.560072e-02;1.626782e-02;9.954953e-02
2.030727e-01;2.171518e-02;2.501959e-02;2.328602e-02;1.882641e-02;1.362256e-02;2.020721e-01;3.390828e-01;3.020454e-02;2.692184e-02;1.606582e-02;8.011056e-02
2.336732e-01;3.291862e-02;3.924099e-02;3.209641e-02;2.202510e-02;1.273338e-02;1.954382e-01;2.976245e-01;3.244755e-02;2.096239e-02;1.889936e-02;6.194036e-02
1.975522e-01;5.767696e-02;7.404542e-02;3.208606e-02;3.411689e-02;2.142650e-02;1.869822e-01;2.136153e-01;4.209578e-02;4.538054e-02;4.141870e-02;5.360348e-02
1.477116e-01;8.134867e-02;1.202106e-01;3.348880e-02;3.416749e-02;3.541843e-02;1.476347e-01;1.266873e-01;5.849233e-02;6.725817e-02;6.640289e-02;8.117893e-02
2.089048e-01;6.943260e-02;1.231887e-01;2.342218e-02;2.060780e-02;3.455290e-02;1.142105e-01;6.444491e-02;5.329271e-02;9.266249e-02;8.319130e-02;1.120890e-01
2.405616e-01;8.210125e-02;1.000773e-01;4.004800e-02;1.846156e-02;1.910871e-02;1.018588e-01;3.689792e-02;5.352791e-02;1.317841e-01;5.398486e-02;1.215881e-01
2.363581e-01;5.676689e-02;7.651302e-02;5.250156e-02;1.284975e-02;2.115639e-02;1.106108e-01;5.532060e-02;7.667617e-02;1.446113e-01;3.475008e-02;1.218853e-01
1.441440e-01;6.589581e-02;4.909415e-02;8.219093e-02;1.402819e-02;1.772877e-02;1.352103e-01;4.739215e-02;7.096508e-02;1.292461e-01;3.397730e-02;2.101272e-01
1.040508e-01;8.446982e-02;5.881957e-02;7.977587e-02;1.113157e-02;3.844675e-02;1.202150e-01;3.854189e-02;5.481365e-02;1.076119e-01;7.781553e-02;2.243076e-01
1.165808e-01;7.002528e-02;8.793553e-02;4.883656e-02;2.402455e-02;7.605629e-02;7.921463e-02;2.930731e-02;6.904718e-02;8.432586e-02;1.693431e-01;1.453029e-01
1.234363e-01;1.030941e-01;6.815949e-02;3.514794e-02;5.254262e-02;7.220209e-02;7.241863e-02;3.587861e-02;5.185410e-02;8.100823e-02;1.948124e-01;1.094455e-01
1.261999e-01;1.102714e-01;6.618345e-02;6.106674e-02;6.451312e-02;3.962626e-02;1.129825e-01;5.636425e-02;4.075910e-02;9.781590e-02;1.484433e-01;7.577410e-02
1.445991e-01;7.343314e-02;8.747351e-02;8.185233e-02;5.607303e-02;2.645341e-02;1.186308e-01;5.400838e-02;6.209320e-02;1.077745e-01;1.347691e-01;5.283950e-02
1.188460e-01;8.945473e-02;9.035449e-02;6.716321e-02;4.259116e-02;5.706287e-02;1.227509e-01;4.372081e-02;9.437885e-02;8.370382e-02;9.438258e-02;9.559058e-02
8.226309e-02;1.181785e-01;6.396701e-02;4.427192e-02;4.863672e-02;6.079114e-02;1.061724e-01;6.523862e-02;7.295491e-02;1.248948e-01;9.654912e-02;1.160819e-01
5.890123e-02;1.242435e-01;6.033738e-02;4.649424e-02;4.354146e-02;4.222807e-02;8.847050e-02;9.135111e-02;7.472251e-02;1.456517e-01;1.501137e-01;7.394463e-02
6.833708e-02;1.129211e-01;6.871382e-02;3.775289e-02;3.470476e-02;2.854889e-02;8.611647e-02;1.067855e-01;8.290456e-02;1.108724e-01;1.963052e-01;6.603722e-02
7.284691e-02;8.179937e-02;7.697407e-02;3.364820e-02;4.027333e-02;3.649312e-02;9.326266e-02;1.067102e-01;8.070359e-02;5.872701e-02;1.869334e-01;1.316283e-01
6.514288e-02;7.711651e-02;1.157230e-01;3.198392e-02;5.056072e-02;3.927811e-02;1.093074e-01;9.745835e-02;6.116045e-02;5.510675e-02;1.560884e-01;1.410735e-01
6.728944e-02;8.621027e-02;1.371344e-01;3.634245e-02;7.235003e-02;8.321471e-02;1.239573e-01;9.779301e-02;5.299954e-02;6.511503e-02;9.847128e-02;7.912252e-02
1.332923e-01;1.120653e-01;1.450289e-01;5.561488e-02;6.495000e-02;9.556567e-02;6.285484e-02;6.906396e-02;3.762904e-02;6.857808e-02;4.102086e-02;1.143361e-01
1.728386e-01;1.326249e-01;1.361437e-01;5.637513e-02;5.240426e-02;8.450295e-02;4.957056e-02;6.296726e-02;4.024900e-02;7.175006e-02;4.957630e-02;9.099733e-02
1.585343e-01;8.932367e-02;1.542017e-01;5.756376e-02;5.805155e-02;7.131118e-02;7.477941e-02;8.037502e-02;5.328045e-02;5.348869e-02;7.106831e-02;7.802200e-02
1.034059e-01;9.273051e-02;1.482127e-01;4.889413e-02;6.785848e-02;6.717610e-02;5.275773e-02;8.511544e-02;7.053071e-02;8.710063e-02;5.070638e-02;1.255113e-01
1.282704e-01;1.055507e-01;1.120020e-01;5.552639e-02;7.154550e-02;4.811785e-02;6.068487e-02;5.143984e-02;5.416733e-02;1.192393e-01;3.653525e-02;1.569206e-01
1.067422e-01;8.913416e-02;1.241793e-01;5.232728e-02;7.338830e-02;4.029248e-02;7.559742e-02;4.003322e-02;4.194580e-02;1.016773e-01;8.224094e-02;1.724416e-01
1.024467e-01;7.749498e-02;1.362596e-01;4.698261e-02;5.669807e-02;6.684674e-02;7.794927e-02;3.188568e-02;6.575136e-02;8.957171e-02;9.969817e-02;1.484151e-01
1.419795e-01;7.971305e-02;1.299760e-01;7.385451e-02;5.426495e-02;7.694539e-02;7.833709e-02;4.781376e-02;7.511576e-02;8.267454e-02;5.980334e-02;9.952218e-02
1.368087e-01;1.005440e-01;1.276877e-01;6.863221e-02;5.403385e-02;5.886646e-02;7.468644e-02;6.519956e-02;8.374868e-02;1.048500e-01;7.515450e-02;4.978795e-02
1.138194e-01;1.286542e-01;9.362143e-02;5.136305e-02;4.682037e-02;5.370627e-02;7.902851e-02;6.615647e-02;1.046890e-01;1.198872e-01;9.412936e-02;4.812471e-02
8.423939e-02;1.052794e-01;9.988480e-02;4.533181e-02;6.791430e-02;8.355975e-02;1.072052e-01;5.532076e-02;6.893194e-02;1.155083e-01;1.090572e-01;5.776716e-02
8.594667e-02;6.465652e-02;1.192791e-01;4.439229e-02;1.026163e-01;8.528628e-02;1.165114e-01;6.234710e-02;9.075738e-02;7.737875e-02;1.088753e-01;4.195286e-02
1.134487e-01;1.115051e-01;2.198524e-01;5.267638e-02;6.902146e-02;5.902189e-02;8.907062e-02;6.690007e-02;3.643281e-02;6.314242e-02;6.506053e-02;5.386759e-02
1.802818e-01;1.029293e-01;2.094525e-01;3.834373e-02;3.305966e-02;3.777571e-02;9.242499e-02;6.349599e-02;4.515423e-02;5.758005e-02;6.070960e-02;7.879245e-02
1.724648e-01;7.443508e-02;1.798559e-01;4.646431e-02;2.982908e-02;3.715244e-02;1.075796e-01;4.419268e-02;4.418896e-02;5.491377e-02;8.182573e-02;1.270976e-01
1.677298e-01;5.055190e-02;1.109325e-01;5.878175e-02;2.453749e-02;4.158859e-02;1.293235e-01;2.167739e-02;3.080171e-02;4.755817e-02;9.838286e-02;2.181344e-01
2.691439e-01;4.730067e-02;7.516703e-02;5.021375e-02;1.703563e-02;2.751904e-02;1.243619e-01;3.566866e-02;1.342219e-02;3.702027e-02;6.211075e-02;2.410363e-01
4.431799e-01;6.248136e-02;5.095456e-02;2.224567e-02;6.279576e-03;1.459162e-02;9.607862e-02;4.163642e-02;1.484278e-02;2.945019e-02;3.273527e-02;1.855239e-01
5.469177e-01;8.361430e-02;2.970751e-02;1.530724e-02;7.479233e-03;7.020059e-03;6.380022e-02;3.494783e-02;1.048774e-02;2.099569e-02;2.594717e-02;1.537753e-01
4.344944e-01;6.309278e-02;1.289322e-02;2.369203e-02;5.948239e-03;6.231205e-03;6.595290e-02;2.844068e-02;9.256494e-03;2.102220e-02;6.070382e-02;2.682720e-01
2.331124e-01;4.338679e-02;1.132913e-02;2.333735e-02;5.918680e-03;1.147448e-02;9.625500e-02;2.002236e-02;1.159333e-02;4.679555e-02;1.623206e-01;3.344544e-01
2.225828e-01;4.498092e-02;3.813024e-02;2.050572e-02;2.015578e-02;3.011923e-02;1.116969e-01;1.751923e-02;2.034325e-02;7.786738e-02;1.856322e-01;2.104664e-01
2.313356e-01;5.116469e-02;4.925727e-02;2.588405e-02;3.546597e-02;4.268374e-02;1.008534e-01;4.562035e-02;3.413438e-02;6.690056e-02;9.877716e-02;2.179229e-01
2.672033e-01;6.275918e-02;4.465420e-02;2.477807e-02;3.032431e-02;3.604876e-02;5.993396e-02;5.000586e-02;2.494257e-02;3.879517e-02;8.422104e-02;2.763335e-01
3.638986e-01;7.287055e-02;2.516305e-02;2.571190e-02;1.779130e-02;2.249216e-02;9.268229e-02;2.989212e-02;1.489497e-02;2.904414e-02;8.842855e-02;2.171304e-01
3.633393e-01;6.897906e-02;3.065349e-02;2.665880e-02;1.336586e-02;1.016884e-02;1.012276e-01;2.167724e-02;1.698990e-02;2.949173e-02;9.275135e-02;2.246968e-01
2.965874e-01;5.025472e-02;2.534601e-02;2.246958e-02;1.721628e-02;1.795599e-02;1.020399e-01;3.927368e-02;2.128830e-02;2.434512e-02;8.181290e-02;3.014102e-01
3.383909e-01;6.225828e-02;3.544637e-02;1.578464e-02;1.486821e-02;2.453626e-02;6.092643e-02;4.535463e-02;1.145325e-02;3.234152e-02;7.877635e-02;2.798631e-01
2.892294e-01;6.844178e-02;3.758176e-02;1.369136e-02;2.484857e-02;2.349050e-02;3.953311e-02;5.712040e-02;2.768680e-02;5.396958e-02;1.164711e-01;2.479357e-01
1.690405e-01;6.231748e-02;6.312766e-02;4.658957e-02;5.519458e-02;4.192287e-02;7.667553e-02;1.113489e-01;4.385595e-02;4.617413e-02;1.013019e-01;1.824509e-01
1.739420e-01;4.203697e-02;1.059781e-01;4.826234e-02;6.585392e-02;5.017949e-02;1.206710e-01;1.019512e-01;6.707731e-02;6.029627e-02;6.712309e-02;9.662830e-02
1.506405e-01;7.870077e-02;1.360675e-01;3.294514e-02;6.935865e-02;6.424972e-02;1.188304e-01;7.806529e-02;6.053612e-02;6.173997e-02;6.747787e-02;8.138801e-02
1.869073e-01;1.237115e-01;1.737688e-01;6.119696e-02;5.275336e-02;4.504754e-02;7.984693e-02;2.897255e-02;2.646059e-02;4.505374e-02;7.560572e-02;1.006750e-01
2.259888e-01;1.002958e-01;1.761612e-01;6.730098e-02;3.016003e-02;2.898323e-02;7.527768e-02;2.160113e-02;3.019543e-02;3.037492e-02;7.760507e-02;1.360557e-01
2.173053e-01;5.575044e-02;1.499054e-01;9.084257e-02;2.524041e-02;2.102056e-02;8.523911e-02;2.942061e-02;4.258336e-02;3.300656e-02;8.406163e-02;1.656241e-01
1.722152e-01;2.639767e-02;1.159752e-01;1.263938e-01;4.483060e-02;2.847258e-02;1.255981e-01;3.554385e-02;5.752941e-02;3.680297e-02;6.953584e-02;1.607049e-01
9.340753e-02;2.557393e-02;1.285822e-01;9.418935e-02;5.247070e-02;6.287568e-02;1.951150e-01;3.729431e-02;5.912126e-02;3.839242e-02;9.260373e-02;1.203740e-01
1.143004e-02;2.251267e-02;1.168893e-01;2.714658e-02;3.568762e-02;1.248250e-01;2.274132e-01;3.644320e-02;7.804115e-02;5.312055e-02;1.597115e-01;1.067791e-01
7.973407e-02;5.689250e-02;1.191845e-01;3.954208e-02;3.908314e-02;1.313476e-01;1.485954e-01;1.727687e-02;8.985667e-02;7.743811e-02;1.331157e-01;6.793329e-02
1.376172e-01;7.568212e-02;1.014928e-01;4.363735e-02;6.697443e-02;1.076156e-01;1.118129e-01;4.649497e-02;7.696135e-02;9.141602e-02;9.004877e-02;5.024650e-02
1.212580e-01;5.201567e-02;8.861643e-02;4.519379e-02;6.953483e-02;7.765078e-02;9.210364e-02;6.114999e-02;6.344239e-02;9.149165e-02;1.476455e-01;8.989727e-02
8.132482e-02;3.206574e-02;1.119075e-01;3.734215e-02;4.425618e-02;1.104895e-01;8.916164e-02;5.694600e-02;6.002441e-02;9.522716e-02;2.042925e-01;7.696243e-02
6.686628e-02;1.888019e-02;1.435900e-01;2.250626e-02;2.417618e-02;1.460247e-01;8.350713e-02;3.274247e-02;5.848718e-02;1.031793e-01;2.346708e-01;6.536952e-02
6.839449e-02;1.591905e-02;1.600171e-01;1.211661e-02;2.624499e-02;1.597068e-01;9.528299e-02;1.672558e-02;4.593991e-02;8.294137e-02;2.565571e-01;6.015395e-02
1.162332e-01;2.268299e-02;1.424682e-01;1.906960e-02;3.575997e-02;1.367959e-01;1.076878e-01;2.363319e-02;2.274384e-02;8.150898e-02;2.384161e-01;5.300015e-02
1.420192e-01;6.073010e-02;1.099396e-01;3.886990e-02;4.587165e-02;8.714779e-02;1.028769e-01;3.712039e-02;2.138667e-02;9.598541e-02;1.858326e-01;7.221971e-02
1.300055e-01;9.550031e-02;9.041336e-02;5.063504e-02;4.454202e-02;6.954077e-02;8.433792e-02;5.082652e-02;2.482743e-02;8.331639e-02;1.566371e-01;1.194176e-01
7.729212e-02;9.557543e-02;8.362368e-02;4.768325e-02;4.200850e-02;9.799784e-02;8.679381e-02;5.908379e-02;3.506501e-02;6.894111e-02;1.683153e-01;1.376201e-01
8.180210e-02;5.794501e-02;6.367390e-02;4.736562e-02;5.915185e-02;1.274325e-01;1.233988e-01;4.062089e-02;3.925413e-02;6.984872e-02;1.783057e-01;1.112007e-01
6.093044e-02;5.988955e-02;4.304016e-02;5.874727e-02;7.355825e-02;4.595361e-02;6.274883e-02;5.776118e-02;5.477886e-02;1.284694e-01;1.217967e-01;2.323258e-01
6.319338e-02;7.827090e-02;6.456185e-02;6.336404e-02;6.263824e-02;4.713189e-02;5.020548e-02;9.066640e-02;7.672581e-02;1.319430e-01;5.950359e-02;2.117954e-01
6.799750e-02;8.361809e-02;8.210026e-02;5.561991e-02;4.631453e-02;6.420273e-02;6.083914e-02;1.044847e-01;8.205657e-02;1.156282e-01;8.763769e-02;1.495007e-01
7.701946e-02;8.892225e-02;9.538908e-02;5.235917e-02;3.793998e-02;6.774864e-02;6.854738e-02;1.064261e-01;8.895068e-02;9.233446e-02;8.543527e-02;1.389275e-01
1.848830e-01;8.798742e-02;1.139576e-01;5.573336e-02;3.359205e-02;4.003825e-02;7.623786e-02;8.289237e-02;6.732727e-02;7.594565e-02;5.314619e-02;1.282589e-01
1.705637e-01;7.601656e-02;9.001239e-02;6.554431e-02;4.631290e-02;3.522016e-02;1.433117e-01;7.336272e-02;4.601536e-02;7.566322e-02;5.270074e-02;1.252763e-01
1.093239e-01;5.784250e-02;4.714377e-02;8.080421e-02;3.510098e-02;4.049105e-02;2.632801e-01;7.831777e-02;3.573935e-02;6.167293e-02;4.458869e-02;1.456947e-01
5.405974e-02;4.549551e-02;2.043875e-02;7.404820e-02;2.354253e-02;6.755792e-02;3.897850e-01;5.079837e-02;3.170099e-02;3.393081e-02;4.064276e-02;1.679994e-01
7.376722e-02;4.095332e-02;2.445489e-02;4.903530e-02;1.500412e-02;8.878838e-02;3.582141e-01;2.758933e-02;7.715569e-02;4.904217e-02;4.847832e-02;1.475172e-01
8.044130e-02;3.227314e-02;5.048784e-02;3.557279e-02;2.050798e-02;1.107423e-01;2.495212e-01;7.594851e-02;1.270251e-01;5.275293e-02;6.161166e-02;1.031153e-01
7.120679e-02;3.098046e-02;7.923939e-02;4.295831e-02;2.601699e-02;1.221686e-01;1.411349e-01;1.140663e-01;9.838009e-02;7.337269e-02;8.311714e-02;1.173584e-01
4.852712e-02;2.873922e-02;8.450662e-02;4.898935e-02;2.790920e-02;6.847017e-02;2.446249e-01;7.715175e-02;5.522140e-02;5.498302e-02;1.117735e-01;1.491037e-01
5.522203e-02;2.205126e-02;1.080974e-01;3.793879e-02;2.740406e-02;8.437248e-02;2.203484e-01;3.461851e-02;8.469179e-02;5.457297e-02;1.574102e-01;1.132721e-01
5.010979e-02;1.918142e-02;1.252385e-01;2.117658e-02;2.697124e-02;1.280481e-01;1.329892e-01;2.664342e-02;8.251256e-02;7.185336e-02;2.123465e-01;1.029293e-01
3.740981e-02;3.597392e-02;1.509310e-01;1.746455e-02;7.210666e-02;1.376079e-01;3.265795e-02;4.985362e-02;7.230800e-02;7.602324e-02;2.199200e-01;9.774324e-02
3.509120e-02;3.513990e-02;1.282186e-01;9.567399e-03;1.256909e-01;1.056169e-01;5.177572e-02;9.512825e-02;7.187724e-02;7.738867e-02;1.852262e-01;7.927897e-02
4.616195e-02;1.762625e-02;1.247514e-01;1.131422e-02;1.415334e-01;8.894912e-02;4.588940e-02;1.234706e-01;8.157848e-02;6.098020e-02;1.671490e-01;9.059587e-02
5.633648e-02;2.001455e-02;9.774878e-02;1.472070e-02;1.158375e-01;7.299124e-02;7.067357e-02;1.112961e-01;9.217910e-02;6.408117e-02;1.657755e-01;1.183453e-01
6.481877e-02;1.703173e-02;1.186595e-01;1.864836e-02;9.125828e-02;6.673960e-02;9.098742e-02;6.286728e-02;9.905153e-02;7.743749e-02;1.732012e-01;1.192988e-01
8.426935e-02;2.086096e-02;1.287548e-01;4.302491e-02;7.914352e-02;5.078493e-02;7.765304e-02;4.760658e-02;9.775633e-02;1.048844e-01;1.736841e-01;9.157707e-02
7.258721e-02;6.188637e-02;1.379390e-01;9.200746e-02;5.725686e-02;3.880093e-02;6.583451e-02;5.275946e-02;6.091046e-02;1.447601e-01;1.594603e-01;5.579740e-02
3.789216e-02;8.711421e-02;1.818753e-01;8.618330e-02;4.858758e-02;4.176853e-02;8.577572e-02;5.141054e-02;5.826600e-02;1.483965e-01;1.239870e-01;4.874326e-02
6.146368e-02;9.467257e-02;1.747651e-01;6.507862e-02;5.844587e-02;6.309700e-02;1.152320e-01;4.691873e-02;7.136785e-02;1.092383e-01;8.032934e-02;5.939097e-02
9.322064e-02;1.725475e-01;1.408010e-01;7.553153e-02;5.589695e-02;4.636528e-02;1.060878e-01;6.362394e-02;8.946168e-02;7.263453e-02;3.410645e-02;4.972271e-02
7.837660e-02;2.000237e-01;1.288741e-01;9.521796e-02;7.633693e-02;3.579171e-02;1.072584e-01;5.759729e-02;8.276443e-02;7.372213e-02;2.748622e-02;3.655051e-02
5.725056e-02;1.239655e-01;2.063424e-01;8.931199e-02;8.544849e-02;4.542728e-02;1.011928e-01;4.136270e-02;6.593704e-02;8.571576e-02;4.797221e-02;5.007334e-02
4.637127e-02;1.092289e-01;2.501726e-01;7.000402e-02;6.183482e-02;5.138466e-02;8.160795e-02;4.566154e-02;9.472305e-02;7.196738e-02;6.584648e-02;5.119730e-02
4.990769e-02;6.706220e-02;2.918912e-01;4.942910e-02;5.058717e-02;6.299783e-02;6.141368e-02;6.033565e-02;1.298541e-01;7.684841e-02;4.131480e-02;5.835814e-02
5.382510e-02;8.525619e-02;3.409823e-01;4.679552e-02;4.852232e-02;6.656794e-02;5.207051e-02;4.107382e-02;1.194107e-01;9.327948e-02;1.649288e-02;3.572324e-02
5.851423e-02;7.951501e-02;2.724563e-01;7.806235e-02;4.687601e-02;5.577680e-02;6.533267e-02;2.807697e-02;1.300757e-01;9.800523e-02;5.390314e-02;3.340546e-02
6.661820e-02;3.733445e-02;1.201494e-01;9.788650e-02;8.704487e-02;3.694650e-02;9.049088e-02;3.187061e-02;1.692312e-01;1.166771e-01;9.837529e-02;4.737499e-02
1.047187e-01;2.402217e-02;8.205654e-02;6.515836e-02;1.038411e-01;3.189846e-02;1.395242e-01;3.993022e-02;1.222368e-01;9.812161e-02;1.018597e-01;8.663215e-02
1.516291e-01;3.671977e-02;6.397135e-02;4.388839e-02;5.662921e-02;5.518543e-02;2.165843e-01;3.699214e-02;6.421755e-02;5.596955e-02;8.083533e-02;1.373779e-01
1.849218e-01;4.799988e-02;4.018295e-02;3.409636e-02;1.758713e-02;5.785888e-02;2.648185e-01;2.413284e-02;3.661720e-02;4.959375e-02;6.836192e-02;1.738288e-01
1.920028e-01;4.840519e-02;3.309786e-02;1.540376e-02;3.279518e-02;3.822240e-02;2.420628e-01;5.099923e-02;3.989908e-02;4.146830e-02;7.937272e-02;1.862707e-01
2.226357e-01;2.870846e-02;2.518587e-02;2.219124e-02;4.715288e-02;3.460352e-02;1.791307e-01;7.729721e-02;3.425354e-02;4.673090e-02;8.693455e-02;1.951754e-01
2.886033e-01;4.043747e-02;2.334301e-02;4.142503e-02;4.884350e-02;3.942585e-02;1.183527e-01;5.008468e-02;2.356847e-02;4.601891e-02;7.019205e-02;2.097051e-01
3.156290e-01;5.418790e-02;1.702657e-02;8.453728e-02;3.795641e-02;3.009855e-02;1.088600e-01;3.118519e-02;1.500353e-02;4.250021e-02;5.076953e-02;2.122459e-01
3.228945e-01;3.119848e-02;3.361816e-02;1.149607e-01;1.888774e-02;1.917795e-02;9.381251e-02;3.034780e-02;1.067308e-02;8.172708e-02;4.815557e-02;1.945464e-01
3.076539e-01;5.749784e-02;1.023860e-01;9.644280e-02;1.702481e-02;1.896758e-02;5.687274e-02;2.745389e-02;2.354860e-02;1.069121e-01;4.858973e-02;1.366500e-01
2.577749e-01;1.042361e-01;1.492420e-01;7.372973e-02;2.588821e-02;2.062719e-02;3.593682e-02;2.766108e-02;3.277650e-02;1.031571e-01;5.180166e-02;1.171687e-01
1.740849e-01;1.558696e-01;1.296725e-01;6.522098e-02;3.015944e-02;1.923924e-02;8.161835e-02;1.955784e-02;3.864555e-02;8.549587e-02;4.728734e-02;1.531484e-01
4.055446e-01;1.168951e-01;6.678066e-02;4.880978e-02;1.438915e-02;1.661568e-02;7.293964e-02;3.119481e-02;1.643796e-02;4.743931e-02;2.749187e-02;1.354615e-01
4.064551e-01;9.663437e-02;7.521205e-02;5.582424e-02;1.477589e-02;1.526085e-02;6.981791e-02;3.914124e-02;1.265397e-02;4.095357e-02;2.088029e-02;1.523905e-01
3.754744e-01;4.752907e-02;7.412422e-02;6.829780e-02;1.788000e-02;1.739065e-02;6.598113e-02;4.314467e-02;1.683753e-02;4.408332e-02;3.535327e-02;1.939039e-01
3.928667e-01;5.044520e-02;7.735425e-02;4.958355e-02;2.220466e-02;1.564400e-02;5.588323e-02;3.037747e-02;2.590580e-02;3.560958e-02;5.077260e-02;1.933529e-01
1.813666e-01;5.917093e-02;1.350781e-01;5.270366e-02;6.536187e-02;2.791270e-02;8.553185e-02;8.347023e-02;6.698576e-02;6.789422e-02;4.567856e-02;1.288455e-01
6.578439e-02;7.045527e-02;1.393838e-01;6.718828e-02;9.009045e-02;3.956376e-02;1.341514e-01;1.044309e-01;8.949808e-02;9.100937e-02;3.408276e-02;7.436150e-02
9.209083e-02;6.857722e-02;1.244378e-01;6.183228e-02;1.058636e-01;4.281684e-02;1.395322e-01;9.535222e-02;7.769786e-02;1.059721e-01;3.218893e-02;5.363811e-02
1.000478e-01;8.014198e-02;2.065972e-01;7.064026e-02;1.055506e-01;4.251591e-02;9.805170e-02;6.361843e-02;4.861461e-02;1.098828e-01;3.413653e-02;4.020206e-02
1.525521e-01;7.865650e-02;2.351408e-01;6.292355e-02;6.417226e-02;6.009497e-02;9.124689e-02;3.843833e-02;3.653781e-02;8.364062e-02;4.692898e-02;4.966719e-02
1.968486e-01;6.587317e-02;1.543855e-01;5.798903e-02;4.296989e-02;8.970955e-02;9.092177e-02;3.591473e-02;3.717150e-02;7.949704e-02;6.605689e-02;8.266225e-02
1.627519e-01;5.349804e-02;1.033410e-01;5.591207e-02;4.914593e-02;7.769138e-02;1.107484e-01;4.327643e-02;3.925797e-02;9.328126e-02;1.018143e-01;1.092813e-01
7.524890e-02;5.662170e-02;9.522309e-02;9.771829e-02;1.248649e-01;5.441576e-02;8.253527e-02;4.835633e-02;5.010101e-02;1.152313e-01;1.166933e-01;8.299014e-02
6.258924e-02;5.265866e-02;6.887737e-02;1.874326e-01;1.582701e-01;5.625058e-02;5.786731e-02;3.395826e-02;7.684644e-02;1.286742e-01;6.583447e-02;5.074073e-02
5.663028e-02;3.755067e-02;1.084898e-01;2.343440e-01;1.525011e-01;4.968246e-02;5.635142e-02;3.808117e-02;7.167629e-02;1.174325e-01;3.688164e-02;4.037864e-02
7.747695e-02;9.886839e-02;1.216352e-01;1.773573e-01;1.026603e-01;3.401754e-02;7.198954e-02;6.838651e-02;6.022199e-02;1.110047e-01;3.656973e-02;3.981201e-02
8.572751e-02;2.102368e-01;9.142613e-02;6.717104e-02;6.616610e-02;6.747554e-02;8.695298e-02;7.409713e-02;7.257368e-02;1.122763e-01;3.251555e-02;3.338119e-02
7.694721e-02;1.832528e-01;1.098468e-01;1.145274e-01;4.646835e-02;8.104595e-02;8.648840e-02;5.913356e-02;7.337952e-02;8.981740e-02;3.604015e-02;4.305241e-02
9.563589e-02;1.309797e-01;1.234285e-01;1.135228e-01;3.913948e-02;7.009445e-02;6.904645e-02;8.840065e-02;6.113072e-02;1.300663e-01;3.988123e-02;3.867384e-02
1.303839e-01;1.240694e-01;1.009971e-01;9.646580e-02;4.330294e-02;9.578685e-02;8.054081e-02;9.053732e-02;4.480636e-02;1.133457e-01;3.695358e-02;4.281028e-02
1.084575e-01;1.048347e-01;1.145597e-01;1.013893e-01;4.492522e-02;1.132343e-01;6.440706e-02;6.610198e-02;6.479891e-02;9.986413e-02;5.949900e-02;5.792822e-02
7.379665e-02;7.577866e-02;1.243843e-01;1.122966e-01;5.501119e-02;1.105666e-01;6.672301e-02;4.908382e-02;8.477563e-02;1.155643e-01;8.521488e-02;4.680436e-02
1.095512e-01;8.349769e-02;1.775857e-01;7.824877e-02;6.573612e-02;7.336928e-02;7.375032e-02;3.253192e-02;9.931166e-02;8.730499e-02;6.299061e-02;5.612176e-02
2.090627e-01;1.613753e-01;2.327782e-01;3.255226e-02;4.600291e-02;3.767736e-02;5.510582e-02;4.196075e-02;5.084154e-02;4.461084e-02;3.058188e-02;5.745047e-02
3.084384e-01;1.671371e-01;1.952205e-01;2.422795e-02;2.963827e-02;1.962236e-02;5.192105e-02;5.934782e-02;3.385409e-02;2.485898e-02;2.802337e-02;5.771014e-02
3.680872e-01;1.402626e-01;1.223420e-01;2.496466e-02;1.901728e-02;1.958444e-02;8.401402e-02;7.252759e-02;2.296988e-02;3.411646e-02;2.844901e-02;6.366488e-02
2.641467e-01;1.371181e-01;5.287972e-02;3.792604e-02;2.080759e-02;3.431031e-02;1.479797e-01;7.143979e-02;2.460004e-02;5.073207e-02;4.448793e-02;1.135720e-01
3.797497e-02;1.676960e-01;5.626915e-02;3.603708e-02;5.590394e-02;6.520662e-02;1.702949e-01;5.701813e-02;6.943044e-02;4.973171e-02;1.030762e-01;1.313609e-01
1.127671e-01;8.311348e-02;1.464837e-01;1.851038e-02;6.808775e-02;8.553131e-02;7.572111e-02;2.630124e-02;9.806420e-02;6.770174e-02;1.500590e-01;6.765890e-02
7.828227e-02;2.683863e-02;2.020773e-01;1.386968e-02;5.800475e-02;1.101532e-01;3.320709e-02;2.567613e-02;8.155064e-02;1.332594e-01;1.972598e-01;3.982115e-02
8.767441e-02;2.559801e-02;1.773389e-01;1.810791e-02;2.834530e-02;1.127551e-01;4.837957e-02;2.807620e-02;4.779333e-02;1.751958e-01;2.200504e-01;3.068499e-02
8.680796e-02;2.821586e-02;1.222761e-01;3.070768e-02;5.748444e-02;8.350121e-02;4.046229e-02;1.985310e-02;8.541386e-02;1.673693e-01;2.306754e-01;4.723276e-02
1.197388e-01;6.159869e-02;7.284946e-02;5.968435e-02;9.053121e-02;3.732079e-02;7.691301e-02;1.970258e-02;7.147567e-02;1.083025e-01;1.767615e-01;1.051214e-01
1.524829e-01;9.453608e-02;3.339250e-02;1.203799e-01;5.596266e-02;1.606896e-02;1.296051e-01;2.014350e-02;2.996557e-02;6.905865e-02;1.114999e-01;1.669042e-01
1.891776e-01;9.470855e-02;3.623234e-02;1.683678e-01;1.599075e-02;1.634902e-02;1.353197e-01;2.308144e-02;1.258812e-02;7.768609e-02;5.427693e-02;1.762216e-01
2.263601e-01;9.334107e-02;3.089216e-02;1.593840e-01;6.901015e-03;1.820943e-02;1.393698e-01;3.541678e-02;1.898532e-02;7.935325e-02;4.002868e-02;1.517583e-01
2.291750e-01;1.121677e-01;8.390309e-02;1.066119e-01;1.238387e-02;1.589901e-02;1.225569e-01;3.778618e-02;4.061242e-02;6.872892e-02;4.759965e-02;1.225753e-01
1.974422e-01;1.213344e-01;1.385085e-01;6.291039e-02;2.483184e-02;2.300156e-02;1.080951e-01;3.977087e-02;5.978826e-02;7.597554e-02;5.404716e-02;9.429421e-02
7.143224e-02;1.252595e-01;1.724312e-01;5.159490e-02;3.880188e-02;3.542455e-02;1.584334e-01;4.676366e-02;6.760547e-02;8.478662e-02;5.179404e-02;9.567253e-02
2.315629e-01;1.263081e-01;9.432264e-02;5.807473e-02;3.185162e-02;2.830986e-02;1.672163e-01;3.006247e-02;3.967665e-02;5.855720e-02;3.249208e-02;1.015655e-01
3.205723e-01;1.131620e-01;5.489029e-02;6.735068e-02;2.341289e-02;2.234195e-02;1.282632e-01;3.612309e-02;3.298147e-02;5.617550e-02;3.199806e-02;1.127285e-01
2.603187e-01;7.958125e-02;9.645440e-02;8.933949e-02;2.673819e-02;2.335754e-02;9.065237e-02;4.578565e-02;3.842358e-02;5.203953e-02;5.689105e-02;1.404183e-01
2.212633e-01;4.307591e-02;1.185472e-01;7.355965e-02;6.199052e-02;3.092972e-02;1.289547e-01;4.596429e-02;6.318198e-02;5.044479e-02;6.170205e-02;1.003859e-01
1.011864e-01;6.707796e-02;2.349479e-01;6.624295e-02;4.045727e-02;6.202471e-02;1.424500e-01;7.938801e-02;8.014458e-02;4.051810e-02;4.191871e-02;4.364349e-02
1.284699e-01;9.930320e-02;2.171187e-01;4.881576e-02;4.630926e-02;5.148984e-02;1.393943e-01;1.223409e-01;5.593937e-02;3.109868e-02;2.343433e-02;3.628566e-02
1.801577e-01;1.025705e-01;1.595114e-01;3.772096e-02;3.956896e-02;3.134439e-02;1.400987e-01;1.669454e-01;4.195162e-02;4.013567e-02;1.740004e-02;4.259465e-02
1.967897e-01;7.963572e-02;8.187375e-02;4.128764e-02;2.170280e-02;1.878788e-02;1.738444e-01;1.861980e-01;3.182684e-02;8.819277e-02;1.149862e-02;6.836184e-02
1.123685e-01;4.338270e-02;2.102327e-02;5.156242e-02;5.549543e-03;2.000532e-02;2.872361e-01;1.249700e-01;2.097235e-02;1.787551e-01;1.622705e-02;1.179477e-01
6.303652e-02;4.545924e-02;2.379258e-02;4.865725e-02;6.045604e-03;2.162364e-02;3.219509e-01;6.904540e-02;1.401631e-02;2.076525e-01;2.300575e-02;1.557143e-01
9.391709e-02;5.065076e-02;1.856175e-02;3.924473e-02;7.392942e-03;3.054849e-02;2.995473e-01;4.978579e-02;2.712474e-02;1.644735e-01;4.207584e-02;1.766771e-01
1.133217e-01;5.441762e-02;5.193904e-02;2.835951e-02;1.559979e-02;4.918751e-02;2.280621e-01;8.003524e-02;6.466203e-02;8.819432e-02;7.485297e-02;1.513682e-01
1.238634e-01;5.085931e-02;7.550736e-02;2.417062e-02;3.835736e-02;6.624656e-02;1.325182e-01;1.265663e-01;8.738705e-02;8.241148e-02;9.308025e-02;9.903212e-02
6.430719e-02;4.425434e-02;5.407693e-02;3.303428e-02;5.917270e-02;1.139682e-01;1.104183e-01;1.657924e-01;6.749108e-02;7.532512e-02;1.302982e-01;8.186131e-02
7.725011e-02;3.026409e-02;8.538433e-02;2.645409e-02;5.272325e-02;1.404135e-01;1.413246e-01;1.110276e-01;8.622823e-02;5.815835e-02;1.252709e-01;6.550096e-02
9.086449e-02;3.149981e-02;1.234478e-01;2.666613e-02;5.868880e-02;1.562574e-01;1.555020e-01;6.941672e-02;7.284515e-02;4.212494e-02;1.104291e-01;6.225759e-02
8.007308e-02;3.737256e-02;1.561242e-01;3.512908e-02;6.478597e-02;1.365004e-01;1.732901e-01;4.246272e-02;6.571708e-02;5.876980e-02;1.124412e-01;3.733382e-02
5.859513e-02;2.600380e-02;1.444768e-01;3.040623e-02;6.837749e-02;8.867279e-02;1.135813e-01;5.516231e-02;1.092618e-01;6.750443e-02;1.542112e-01;8.374665e-02
7.019608e-02;2.447028e-02;1.616238e-01;1.243569e-02;6.633198e-02;1.137723e-01;3.597761e-02;3.144830e-02;1.472943e-01;5.236113e-02;1.841755e-01;9.991300e-02
6.083715e-02;1.596587e-02;1.388845e-01;7.232194e-03;5.393948e-02;1.352945e-01;1.106997e-01;3.055630e-02;1.456788e-01;4.490015e-02;1.630538e-01;9.295756e-02
7.904021e-02;1.740755e-02;1.089010e-01;1.199195e-02;3.479913e-02;1.086163e-01;1.920573e-01;5.853346e-02;1.134312e-01;4.553516e-02;1.188946e-01;1.107922e-01
1.052358e-01;3.214328e-02;1.122064e-01;2.868032e-02;4.318032e-02;1.062241e-01;1.712158e-01;5.662235e-02;6.708983e-02;3.777662e-02;1.058712e-01;1.337539e-01
1.045333e-01;5.261515e-02;1.320571e-01;6.611540e-02;7.731747e-02;1.477592e-01;1.067607e-01;3.105440e-02;3.335562e-02;4.162512e-02;1.009925e-01;1.058141e-01
6.575066e-02;3.302844e-02;1.401524e-01;9.224126e-02;1.187799e-01;1.914388e-01;1.028402e-01;3.836528e-02;3.016691e-02;6.536699e-02;7.541012e-02;4.645887e-02
5.589813e-02;4.691174e-02;1.150595e-01;5.056538e-02;8.440802e-02;1.642392e-01;1.816991e-01;6.925291e-02;5.790692e-02;5.709858e-02;6.929257e-02;4.766791e-02
8.020610e-02;6.305575e-02;9.989686e-02;2.131501e-02;5.551979e-02;1.294992e-01;2.257057e-01;8.132108e-02;6.267477e-02;3.796896e-02;6.836324e-02;7.447356e-02
7.292610e-02;3.634123e-02;1.136882e-01;5.130020e-02;4.876223e-02;1.104902e-01;2.654507e-01;7.126832e-02;4.664070e-02;3.471339e-02;6.388886e-02;8.452991e-02
1.277012e-01;3.951199e-02;8.557658e-02;3.159025e-02;3.675043e-02;7.919692e-02;1.066088e-01;6.147764e-02;7.733661e-02;1.405582e-01;9.661274e-02;1.170786e-01
1.267487e-01;4.169530e-02;7.472187e-02;5.018008e-02;5.534239e-02;6.300379e-02;9.127315e-02;7.559426e-02;9.400127e-02;1.414023e-01;8.737008e-02;9.866676e-02
1.253270e-01;3.577518e-02;6.337303e-02;5.806714e-02;7.617564e-02;5.558671e-02;1.070484e-01;9.151934e-02;9.542020e-02;1.071578e-01;1.180566e-01;6.649297e-02
1.007551e-01;5.007919e-02;5.645688e-02;6.367023e-02;8.218157e-02;5.214309e-02;1.260298e-01;9.603778e-02;8.334950e-02;6.437910e-02;1.548852e-01;7.003254e-02
9.531140e-02;8.777363e-02;8.522420e-02;5.042513e-02;6.859801e-02;4.326982e-02;1.132431e-01;8.662500e-02;4.835986e-02;6.184336e-02;1.378216e-01;1.215050e-01
9.685635e-02;8.146695e-02;1.035423e-01;6.058382e-02;6.282441e-02;5.463614e-02;1.456907e-01;5.214169e-02;8.198446e-02;4.480677e-02;9.515914e-02;1.203073e-01
6.006170e-02;5.764830e-02;7.106809e-02;4.449087e-02;6.934786e-02;7.659636e-02;2.032111e-01;3.839416e-02;1.253580e-01;2.538682e-02;1.077999e-01;1.206368e-01
2.120024e-02;3.233001e-02;5.656470e-02;2.533886e-02;7.496113e-02;1.386632e-01;2.043414e-01;2.061429e-02;1.780075e-01;1.757590e-02;1.430593e-01;8.734339e-02
1.797983e-02;2.203150e-02;8.093589e-02;1.908428e-02;7.509420e-02;1.987349e-01;1.327121e-01;2.553297e-02;1.771515e-01;2.708499e-02;1.707133e-01;5.294458e-02
4.200834e-02;3.319388e-02;1.099946e-01;2.804481e-02;6.588375e-02;1.883103e-01;1.343893e-01;4.179126e-02;1.257433e-01;4.288437e-02;1.414970e-01;4.625908e-02
6.135555e-02;4.844204e-02;1.311144e-01;3.707623e-02;6.720163e-02;1.461235e-01;1.818999e-01;4.329134e-02;7.182607e-02;5.653252e-02;1.108606e-01;4.427625e-02
4.338312e-02;4.161930e-02;1.127259e-01;4.595401e-02;8.523581e-02;9.141579e-02;1.978159e-01;5.662039e-02;4.829171e-02;7.534188e-02;1.439302e-01;5.766599e-02
5.154644e-02;2.498954e-02;1.069802e-01;3.206379e-02;5.707543e-02;1.027551e-01;1.416688e-01;5.201038e-02;7.843959e-02;9.101670e-02;1.877117e-01;7.374238e-02
3.901051e-02;1.871249e-02;1.418304e-01;1.683840e-02;3.025497e-02;1.408906e-01;6.863403e-02;2.429320e-02;1.376188e-01;9.044916e-02;2.169284e-01;7.453907e-02
3.939248e-02;1.499980e-02;1.782239e-01;1.328434e-02;2.799115e-02;1.523530e-01;3.053487e-02;1.137598e-02;1.486092e-01;9.052218e-02;2.240173e-01;6.869581e-02
3.055546e-02;2.603847e-02;1.975644e-01;1.032439e-02;2.926817e-02;1.378219e-01;2.659800e-02;8.753895e-03;1.193811e-01;9.973785e-02;2.485046e-01;6.545188e-02
4.005350e-02;1.384189e-02;2.150242e-01;9.902759e-03;2.201798e-02;1.327647e-01;3.525675e-02;8.053743e-03;9.055615e-02;1.038169e-01;2.624194e-01;6.629199e-02
2.934850e-02;1.410133e-02;2.089211e-01;1.163091e-02;2.628276e-02;1.101071e-01;4.224768e-02;9.008589e-03;1.151667e-01;9.957832e-02;2.629469e-01;7.066008e-02
4.045258e-02;1.322067e-02;2.075224e-01;9.618005e-03;3.508709e-02;9.155800e-02;3.947333e-02;1.368830e-02;1.330469e-01;1.033750e-01;2.379304e-01;7.502739e-02
2.630695e-02;1.099864e-02;2.146950e-01;1.303773e-02;3.216415e-02;9.836073e-02;4.861477e-02;1.288023e-02;1.405039e-01;1.022845e-01;2.224823e-01;7.767110e-02
1.890496e-02;1.463094e-02;2.037066e-01;1.489268e-02;2.722649e-02;1.342438e-01;5.847237e-02;2.018484e-02;1.240565e-01;9.644026e-02;2.160521e-01;7.118838e-02
3.374591e-02;1.404832e-02;1.931476e-01;9.579456e-03;2.545206e-02;1.794680e-01;6.214744e-02;1.766560e-02;9.016622e-02;8.926495e-02;2.122400e-01;7.307436e-02
4.365833e-02;1.203254e-02;1.597884e-01;9.940136e-03;1.489536e-02;2.467391e-01;7.486508e-02;1.947405e-02;6.907542e-02;8.057136e-02;1.932569e-01;7.570326e-02
4.134958e-02;1.567931e-02;1.414737e-01;2.285048e-02;1.901408e-02;2.939128e-01;9.244216e-02;1.925559e-02;7.903223e-02;7.421178e-02;1.431409e-01;5.763729e-02
4.503438e-02;1.721104e-02;1.391158e-01;4.602505e-02;2.142010e-02;2.986260e-01;1.139671e-01;1.843515e-02;7.755561e-02;6.496045e-02;1.167630e-01;4.088639e-02
4.675179e-02;1.990519e-02;1.300777e-01;6.301999e-02;2.381358e-02;2.965363e-01;1.234304e-01;1.520576e-02;5.709264e-02;5.604185e-02;1.402353e-01;2.788948e-02
4.500230e-02;3.851460e-02;8.413608e-02;5.789660e-02;3.381655e-02;2.679201e-01;1.170850e-01;3.810664e-02;2.762152e-02;7.712202e-02;1.797007e-01;3.307798e-02
3.979512e-02;7.785194e-02;4.288966e-02;7.608730e-02;5.297770e-02;1.686408e-01;7.311675e-02;7.745588e-02;2.122862e-02;1.132714e-01;1.874781e-01;6.920671e-02
1.373473e-02;1.290093e-01;3.131699e-02;6.740976e-02;8.859935e-02;6.051900e-02;3.065226e-02;1.175163e-01;2.639272e-02;1.820886e-01;1.409989e-01;1.117621e-01
9.498119e-03;1.560464e-01;2.432153e-02;3.199887e-02;1.215450e-01;1.712692e-02;1.147347e-02;1.118187e-01;3.176945e-02;2.403847e-01;9.954253e-02;1.444744e-01
1.217223e-02;1.615427e-01;1.702460e-02;1.388149e-02;1.494896e-01;2.001495e-02;9.851053e-03;8.558083e-02;3.208745e-02;2.699470e-01;6.264126e-02;1.657668e-01
1.742629e-02;1.616449e-01;1.122545e-02;1.801724e-02;1.634380e-01;2.316710e-02;1.499637e-02;6.061013e-02;3.128843e-02;2.869195e-01;4.037125e-02;1.708953e-01
1.212095e-02;1.651267e-01;1.138539e-02;2.208938e-02;1.710612e-01;1.688617e-02;1.463441e-02;4.637851e-02;2.020815e-02;3.150987e-01;2.708162e-02;1.779288e-01
2.265223e-02;1.639568e-01;8.681783e-03;1.595646e-02;1.699729e-01;1.385428e-02;1.077750e-02;4.906496e-02;3.221519e-02;3.233951e-01;2.241411e-02;1.670588e-01
1.775070e-02;1.722053e-01;1.004789e-02;1.328508e-02;1.536179e-01;1.387600e-02;8.546230e-03;8.225786e-02;3.071375e-02;3.275215e-01;3.267503e-02;1.375028e-01
1.526658e-02;1.732732e-01;1.422746e-02;2.339471e-02;1.204386e-01;2.283736e-02;1.115519e-02;1.271762e-01;1.875479e-02;3.185505e-01;4.663206e-02;1.082933e-01
1.720559e-02;1.517764e-01;2.213725e-02;3.679577e-02;9.049761e-02;4.476144e-02;2.120016e-02;1.458028e-01;2.300625e-02;2.827967e-01;8.872104e-02;7.529896e-02
3.467050e-02;9.496599e-02;3.071277e-02;4.119619e-02;8.167463e-02;7.377962e-02;3.137959e-02;1.164141e-01;4.180351e-02;2.414675e-01;1.657770e-01;4.615861e-02
6.148083e-02;3.059993e-02;6.068889e-02;4.452981e-02;8.390124e-02;1.220472e-01;3.328494e-02;5.384386e-02;3.703074e-02;1.935798e-01;2.424294e-01;3.658336e-02
6.946991e-02;7.142894e-02;1.084636e-01;4.970326e-02;7.912911e-02;1.210752e-01;5.658411e-02;3.178339e-02;3.074733e-02;1.314051e-01;2.256421e-01;2.456801e-02
6.745598e-02;9.384227e-02;1.268516e-01;4.493587e-02;6.589579e-02;9.253629e-02;9.515943e-02;3.913973e-02;3.746632e-02;1.302368e-01;1.733657e-01;3.311428e-02
3.132236e-02;8.806194e-02;1.128764e-01;3.532037e-02;5.642401e-02;6.572463e-02;1.060602e-01;3.720124e-02;4.584745e-02;2.006591e-01;1.598201e-01;6.068232e-02
5.454391e-02;9.333356e-02;7.752708e-02;3.504636e-02;3.826099e-02;5.227689e-02;6.093652e-02;7.045773e-02;5.304069e-02;2.468173e-01;1.491102e-01;6.864879e-02
5.840870e-02;1.110988e-01;1.293139e-01;5.349742e-02;5.563426e-02;5.596672e-02;8.567555e-02;6.985729e-02;4.258588e-02;1.987535e-01;9.566455e-02;4.354338e-02
1.451006e-01;8.523342e-02;1.619779e-01;7.080340e-02;8.359069e-02;8.417427e-02;1.076286e-01;3.630506e-02;4.191083e-02;1.019665e-01;4.939205e-02;3.191665e-02
2.142521e-01;6.970581e-02;1.520786e-01;7.079524e-02;8.012228e-02;7.982181e-02;1.108796e-01;2.536064e-02;4.101484e-02;7.842065e-02;3.813939e-02;3.940890e-02
2.530357e-01;8.186026e-02;1.195934e-01;5.362355e-02;6.579814e-02;6.608355e-02;1.033343e-01;2.783949e-02;4.393122e-02;1.016153e-01;4.054270e-02;4.274247e-02
