8.326495e-02;7.566343e-02;3.277831e-01;5.500029e-02;7.905075e-02;5.043624e-02;1.591701e-01;3.315268e-02;3.481340e-02;4.758428e-02;3.105297e-02;2.302772e-02
1.396148e-01;1.194513e-01;3.480774e-01;5.033670e-02;6.263454e-02;3.798787e-02;6.476291e-02;3.278965e-02;3.952843e-02;4.800850e-02;3.443301e-02;2.237478e-02
2.347522e-01;1.226777e-01;2.526143e-01;4.627730e-02;4.202453e-02;2.886065e-02;6.684579e-02;4.140628e-02;4.275990e-02;4.065293e-02;2.952836e-02;5.160014e-02
2.560497e-01;8.173516e-02;1.642753e-01;5.633497e-02;3.586456e-02;2.871002e-02;8.804885e-02;4.676940e-02;3.849067e-02;4.477254e-02;6.024703e-02;9.870179e-02
1.517585e-01;5.330975e-02;1.776530e-01;6.113335e-02;2.473814e-02;3.671459e-02;7.887085e-02;4.137473e-02;3.700744e-02;7.933996e-02;1.424771e-01;1.156226e-01
7.933673e-02;9.635708e-02;1.524545e-01;3.463309e-02;2.313745e-02;3.977599e-02;5.083066e-02;4.306885e-02;4.546341e-02;1.662517e-01;2.007149e-01;6.797554e-02
5.898463e-02;1.226437e-01;6.219661e-02;2.974823e-02;4.557820e-02;2.903160e-02;3.573019e-02;6.139682e-02;7.769883e-02;2.445647e-01;1.880236e-01;4.440285e-02
1.035142e-01;8.163767e-02;5.761752e-02;6.742635e-02;6.529296e-02;2.667728e-02;8.101622e-02;7.948230e-02;1.003467e-01;2.120118e-01;9.566299e-02;2.931410e-02
1.028590e-01;5.403271e-02;1.234074e-01;8.784586e-02;5.224540e-02;2.960745e-02;1.454822e-01;1.046759e-01;8.303026e-02;1.378541e-01;4.149705e-02;3.746278e-02
4.590385e-02;5.364697e-02;1.746764e-01;7.192127e-02;3.894087e-02;3.734241e-02;2.035589e-01;1.114125e-01;5.437119e-02;1.162439e-01;5.184797e-02;4.013382e-02
2.393774e-02;3.394396e-02;2.025611e-01;3.905751e-02;3.448601e-02;4.020317e-02;2.602056e-01;9.568439e-02;4.751708e-02;1.217026e-01;7.476403e-02;2.593691e-02
2.383775e-02;5.167767e-02;1.930015e-01;2.948018e-02;3.845147e-02;3.731795e-02;2.862708e-01;7.722002e-02;6.084610e-02;1.109237e-01;6.466005e-02;2.631284e-02
2.797457e-02;7.699255e-02;1.385909e-01;4.938819e-02;4.805048e-02;3.926805e-02;2.761233e-01;7.286354e-02;6.407080e-02;1.156124e-01;5.358661e-02;3.747870e-02
5.046574e-02;7.658859e-02;1.231327e-01;8.922129e-02;5.538183e-02;4.213003e-02;1.344730e-01;7.116454e-02;7.130927e-02;1.509261e-01;8.568580e-02;4.952104e-02
1.482017e-01;8.678533e-02;1.559295e-01;4.522798e-02;4.648509e-02;5.112786e-02;7.671095e-02;4.542424e-02;4.713263e-02;9.187466e-02;1.141698e-01;9.093035e-02
2.300655e-01;5.585331e-02;1.534695e-01;4.032189e-02;4.095236e-02;3.257377e-02;8.193745e-02;2.778891e-02;3.872560e-02;5.820942e-02;1.087546e-01;1.313478e-01
3.469809e-01;7.458573e-02;1.006720e-01;4.498763e-02;2.576061e-02;1.512686e-02;7.818370e-02;2.417073e-02;2.246297e-02;3.402474e-02;7.275951e-02;1.602846e-01
4.249904e-01;9.593678e-02;4.653226e-02;4.258846e-02;1.431846e-02;1.132032e-02;8.458234e-02;3.533088e-02;1.997321e-02;2.444850e-02;3.044391e-02;1.695345e-01
3.756031e-01;7.590930e-02;2.763909e-02;5.115934e-02;8.119188e-03;1.509380e-02;1.374027e-01;4.545198e-02;1.535943e-02;1.856584e-02;2.109338e-02;2.086027e-01
2.346442e-01;3.344680e-02;4.704956e-02;4.623917e-02;1.020226e-02;3.629186e-02;1.927600e-01;4.958799e-02;2.504600e-02;1.927561e-02;8.291743e-02;2.225391e-01
1.373060e-01;1.747643e-02;9.314904e-02;2.318598e-02;1.782978e-02;7.847809e-02;1.781362e-01;3.774302e-02;4.999053e-02;3.588151e-02;1.800835e-01;1.507399e-01
7.882149e-02;1.607209e-02;1.304678e-01;1.743167e-02;2.280289e-02;1.394569e-01;1.232254e-01;2.346363e-02;6.010248e-02;6.712207e-02;2.643613e-01;5.667239e-02
6.922084e-02;2.213582e-02;1.088903e-01;2.977713e-02;3.464433e-02;1.590138e-01;7.683501e-02;2.150438e-02;4.295924e-02;1.149047e-01;2.700161e-01;5.009830e-02
8.248527e-02;4.721224e-02;9.069204e-02;4.153157e-02;3.896679e-02;1.156915e-01;1.130027e-01;4.727863e-02;3.254534e-02;1.269413e-01;1.972781e-01;6.637458e-02
7.177557e-02;7.468444e-02;1.049036e-01;4.556873e-02;7.504674e-02;5.038588e-02;1.293280e-01;6.535439e-02;3.156996e-02;1.305868e-01;1.608461e-01;5.994961e-02
4.680829e-02;1.018052e-01;7.326053e-02;2.973759e-02;1.369812e-01;3.552097e-02;7.758211e-02;6.347650e-02;4.417533e-02;1.665195e-01;1.567728e-01;6.736003e-02
2.522182e-02;7.992434e-02;5.019878e-02;2.220390e-02;1.790743e-01;9.304795e-02;5.075853e-02;4.170588e-02;4.749002e-02;1.865837e-01;1.438283e-01;7.996254e-02
1.494197e-02;3.791278e-02;5.853839e-02;2.771056e-02;1.469894e-01;1.771175e-01;8.613764e-02;2.952642e-02;5.029979e-02;1.875166e-01;1.266968e-01;5.661220e-02
3.266018e-02;3.222893e-02;8.365773e-02;3.877073e-02;8.028566e-02;2.063351e-01;1.510176e-01;3.090289e-02;6.239510e-02;1.585526e-01;9.304140e-02;3.015205e-02
2.882734e-02;3.568561e-02;1.053056e-01;3.933705e-02;6.462255e-02;1.761931e-01;1.827175e-01;4.717252e-02;5.169882e-02;1.424470e-01;8.065636e-02;4.533652e-02
6.636441e-02;5.588971e-02;1.274441e-01;3.320818e-02;1.008521e-01;9.292670e-02;1.540379e-01;5.613443e-02;4.179334e-02;1.103306e-01;8.828725e-02;7.273125e-02
1.250379e-01;6.832826e-02;1.636596e-01;3.239730e-02;7.422761e-02;1.195393e-01;1.026846e-01;3.238568e-02;5.926027e-02;7.903824e-02;9.647376e-02;4.696745e-02
1.385849e-01;7.641090e-02;1.545499e-01;2.983283e-02;5.031712e-02;1.176740e-01;9.480740e-02;3.274730e-02;5.661579e-02;7.549378e-02;1.239189e-01;4.904723e-02
1.374063e-01;5.992624e-02;1.399801e-01;1.432406e-02;4.306976e-02;9.960266e-02;6.771537e-02;5.668405e-02;6.824291e-02;6.774878e-02;1.662256e-01;7.907412e-02
1.006985e-01;2.581776e-02;1.994403e-01;7.733136e-03;3.769650e-02;7.710993e-02;3.669941e-02;7.106020e-02;9.078825e-02;5.724205e-02;1.999646e-01;9.574935e-02
6.284960e-02;1.517408e-02;2.921287e-01;1.185200e-02;1.458336e-02;9.800755e-02;2.208676e-02;3.144608e-02;8.122898e-02;9.012141e-02;2.116506e-01;6.887077e-02
8.596289e-02;1.328242e-02;2.488512e-01;4.384129e-02;1.246569e-02;1.107701e-01;3.386055e-02;1.430360e-02;5.087160e-02;1.055837e-01;2.220074e-01;5.819965e-02
7.310171e-02;3.383093e-02;1.364173e-01;1.205561e-01;1.944049e-02;9.120446e-02;5.521061e-02;4.560691e-02;3.642312e-02;1.237505e-01;2.155970e-01;4.886086e-02
3.815738e-02;8.393878e-02;4.722083e-02;1.640564e-01;4.306560e-02;4.717909e-02;4.739167e-02;8.050574e-02;7.196080e-02;1.704291e-01;1.666442e-01;3.945049e-02
1.908222e-02;1.165299e-01;3.936829e-02;1.191835e-01;8.284263e-02;3.315380e-02;1.782168e-02;6.624185e-02;9.907753e-02;2.457663e-01;1.094767e-01;5.145549e-02
2.067484e-02;8.457442e-02;9.991185e-02;5.982319e-02;1.106016e-01;5.404758e-02;1.641625e-02;2.814994e-02;8.572007e-02;2.892512e-01;7.939032e-02;7.143864e-02
1.462886e-02;4.273640e-02;1.660553e-01;4.179252e-02;1.396615e-01;6.077630e-02;2.789729e-02;2.004703e-02;5.265607e-02;2.853357e-01;6.540035e-02;8.301261e-02
6.297775e-03;9.780126e-02;1.534616e-01;2.682228e-02;1.472315e-01;4.168683e-02;1.849313e-02;4.911339e-02;5.910245e-02;2.492630e-01;7.260199e-02;7.812469e-02
1.794480e-02;1.751665e-01;9.246077e-02;5.304266e-02;1.083361e-01;2.823774e-02;4.830534e-02;1.002859e-01;5.369288e-02;1.878273e-01;7.394975e-02;6.075010e-02
5.362551e-02;2.021765e-01;4.074838e-02;7.296409e-02;5.728374e-02;5.939490e-02;1.047907e-01;1.182278e-01;3.485871e-02;1.230995e-01;9.976911e-02;3.306103e-02
1.526074e-01;1.398724e-01;4.744663e-02;4.643865e-02;2.682614e-02;1.277483e-01;1.220189e-01;6.621686e-02;2.832936e-02;6.637835e-02;1.521669e-01;2.395008e-02
2.411215e-01;5.174373e-02;8.502109e-02;1.523377e-02;2.614199e-02;1.542622e-01;8.104108e-02;1.709063e-02;5.547731e-02;3.621309e-02;2.022049e-01;3.444880e-02
2.109482e-01;1.589191e-02;8.739821e-02;1.642440e-02;3.817818e-02;1.230890e-01;5.825687e-02;1.812909e-02;7.765936e-02;4.927390e-02;2.587861e-01;4.596477e-02
1.247601e-01;3.545253e-02;7.929349e-02;2.386634e-02;4.893882e-02;8.725455e-02;7.463478e-02;3.736471e-02;7.458856e-02;7.985421e-02;2.878822e-01;4.610970e-02
7.980838e-02;4.862900e-02;8.223674e-02;2.843510e-02;4.139942e-02;8.491554e-02;1.069368e-01;4.909518e-02;5.517198e-02;1.102206e-01;2.675799e-01;4.557130e-02
1.241240e-01;3.739666e-02;8.863722e-02;4.117481e-02;3.849494e-02;9.193788e-02;1.288115e-01;4.778152e-02;5.593598e-02;1.004763e-01;1.787051e-01;6.652419e-02
1.212899e-01;2.900765e-02;9.354144e-02;2.830440e-02;3.996532e-02;1.088614e-01;1.075101e-01;4.890725e-02;7.834372e-02;1.087713e-01;1.702824e-01;6.521506e-02
1.099442e-01;2.233643e-02;8.564977e-02;2.142134e-02;3.304474e-02;1.113332e-01;1.199859e-01;7.714133e-02;6.662481e-02;1.250942e-01;1.863763e-01;4.104785e-02
9.517315e-02;2.174786e-02;7.281603e-02;2.029847e-02;3.383420e-02;8.352919e-02;1.529636e-01;1.340477e-01;5.409507e-02;1.334373e-01;1.629008e-01;3.515670e-02
9.131338e-02;3.083754e-02;5.128121e-02;2.301385e-02;3.873083e-02;1.083577e-01;1.328870e-01;1.364881e-01;5.903954e-02;1.191561e-01;1.657609e-01;4.313387e-02
6.537014e-02;2.439812e-02;3.195000e-02;3.200318e-02;7.317959e-02;9.738417e-02;1.062095e-01;1.275195e-01;6.521623e-02;1.517568e-01;1.752058e-01;4.980697e-02
3.661258e-02;1.559548e-02;4.708929e-02;5.233163e-02;9.747641e-02;5.738888e-02;1.235108e-01;1.234236e-01;6.939850e-02;1.771710e-01;1.545652e-01;4.543662e-02
3.903901e-02;2.406187e-02;9.287928e-02;7.722415e-02;7.579184e-02;6.627435e-02;1.514522e-01;1.024442e-01;7.074563e-02;1.500331e-01;1.063325e-01;4.372196e-02
4.377561e-02;6.378078e-02;1.279515e-01;7.081577e-02;7.693852e-02;1.020415e-01;1.257600e-01;1.009489e-01;5.840686e-02;1.196836e-01;6.789590e-02;4.200109e-02
1.060054e-01;6.416283e-02;7.209256e-02;4.032032e-02;9.186609e-02;1.069139e-01;5.630179e-02;9.243932e-02;5.190517e-02;1.253879e-01;1.369108e-01;5.569386e-02
8.599590e-02;4.012964e-02;7.807815e-02;4.925596e-02;7.926799e-02;8.017401e-02;8.926485e-02;8.046974e-02;5.549040e-02;1.349353e-01;1.601861e-01;6.675189e-02
5.753386e-02;6.287609e-02;1.044668e-01;5.265015e-02;6.725971e-02;9.841824e-02;8.699013e-02;4.398763e-02;5.734697e-02;1.462854e-01;1.456236e-01;7.656146e-02
9.151340e-02;6.302314e-02;1.436685e-01;5.293918e-02;9.263902e-02;7.021181e-02;7.451559e-02;3.816743e-02;5.190483e-02;1.282118e-01;8.724528e-02;1.059601e-01
1.203832e-01;5.244121e-02;1.064842e-01;5.390802e-02;9.986501e-02;4.775803e-02;8.103760e-02;5.849746e-02;4.743725e-02;8.621447e-02;8.251800e-02;1.634555e-01
9.790776e-02;4.579648e-02;1.313670e-01;4.253785e-02;6.192944e-02;3.864092e-02;7.100814e-02;6.561767e-02;6.188441e-02;1.054681e-01;1.019367e-01;1.759055e-01
7.389505e-02;4.909128e-02;1.174304e-01;3.675870e-02;4.590968e-02;6.661969e-02;6.266952e-02;6.043415e-02;1.400274e-01;1.324948e-01;1.124229e-01;1.022464e-01
5.958840e-02;2.493365e-02;1.059882e-01;2.063302e-02;4.602990e-02;8.703513e-02;3.359832e-02;4.202980e-02;2.019194e-01;1.334998e-01;1.768732e-01;6.787120e-02
6.651890e-02;1.851846e-02;1.078471e-01;1.459225e-02;3.386669e-02;8.963030e-02;2.166821e-02;2.390890e-02;2.069860e-01;1.051132e-01;2.469768e-01;6.437329e-02
6.494952e-02;1.425415e-02;9.610958e-02;9.444995e-03;1.831554e-02;1.050320e-01;4.113273e-02;2.537281e-02;1.387206e-01;7.516289e-02;3.418843e-01;6.962099e-02
6.331466e-02;1.972754e-02;5.632226e-02;1.911647e-02;2.265842e-02;1.014399e-01;7.686427e-02;3.941853e-02;6.698796e-02;1.045925e-01;3.478638e-01;8.169373e-02
3.687754e-02;2.750098e-02;4.393410e-02;3.366058e-02;4.037265e-02;7.480235e-02;9.082204e-02;5.155603e-02;6.461485e-02;1.553635e-01;2.613874e-01;1.191079e-01
3.856898e-02;2.711669e-02;7.976964e-02;4.098875e-02;4.120104e-02;6.660699e-02;1.222262e-01;4.615717e-02;7.998972e-02;1.531614e-01;1.922695e-01;1.119439e-01
7.421982e-02;4.730925e-02;1.024405e-01;3.645085e-02;4.775130e-02;5.323508e-02;1.675069e-01;4.511938e-02;6.293896e-02;1.379593e-01;1.577905e-01;6.727815e-02
7.020195e-02;6.642331e-02;8.039638e-02;3.601131e-02;7.691194e-02;8.517773e-02;1.448841e-01;3.529017e-02;5.996796e-02;1.663987e-01;1.223677e-01;5.596884e-02
1.111664e-01;3.599465e-02;8.297095e-02;2.789915e-02;8.042482e-02;1.018126e-01;8.928250e-02;4.910066e-02;6.930469e-02;1.547967e-01;7.407972e-02;1.231672e-01
1.478018e-01;4.546577e-02;8.810449e-02;4.089808e-02;6.370176e-02;6.586115e-02;1.403170e-01;5.914204e-02;5.598806e-02;1.023708e-01;8.183476e-02;1.085142e-01
1.572426e-01;7.990298e-02;7.874633e-02;5.091089e-02;4.678987e-02;5.060283e-02;1.477499e-01;6.602030e-02;6.168746e-02;6.879128e-02;1.234251e-01;6.813047e-02
1.500423e-01;9.643301e-02;6.366947e-02;4.203549e-02;8.186682e-02;5.531465e-02;9.960797e-02;4.258980e-02;5.959608e-02;9.853064e-02;1.316681e-01;7.864564e-02
9.178761e-02;1.364753e-01;6.321265e-02;5.890271e-02;8.293985e-02;5.594013e-02;9.431393e-02;4.802873e-02;6.010301e-02;1.353104e-01;1.201921e-01;5.279360e-02
4.744264e-02;1.431436e-01;9.873129e-02;1.077700e-01;7.554568e-02;5.769042e-02;9.867541e-02;5.711402e-02;5.042663e-02;1.262859e-01;8.239408e-02;5.478038e-02
6.908808e-02;8.555885e-02;1.032049e-01;9.985020e-02;7.559561e-02;6.485465e-02;1.347408e-01;4.906274e-02;3.324363e-02;1.107618e-01;7.991441e-02;9.412415e-02
9.871268e-02;6.602266e-02;1.105733e-01;4.617471e-02;7.563991e-02;1.039513e-01;1.160719e-01;5.595360e-02;4.522451e-02;1.193992e-01;8.784814e-02;7.442811e-02
9.362028e-02;7.613423e-02;1.269153e-01;6.410350e-02;6.366920e-02;9.936834e-02;7.747179e-02;4.898774e-02;6.772130e-02;1.208321e-01;9.917195e-02;6.200432e-02
1.168219e-01;4.961088e-02;1.157586e-01;5.742757e-02;4.416676e-02;6.402311e-02;1.035969e-01;4.373719e-02;1.030757e-01;1.166989e-01;1.167874e-01;6.829508e-02
7.237286e-02;4.945305e-02;1.228901e-01;4.035863e-02;7.318586e-02;6.083268e-02;1.091606e-01;4.948368e-02;1.354631e-01;9.858928e-02;1.338781e-01;5.433213e-02
6.258290e-02;6.036866e-02;9.541146e-02;7.035226e-02;5.937338e-02;6.030524e-02;1.000334e-01;5.759626e-02;1.295359e-01;7.611226e-02;1.662534e-01;6.207488e-02
8.052985e-02;5.989355e-02;7.175366e-02;6.495909e-02;5.716579e-02;4.859389e-02;1.241459e-01;5.856834e-02;9.839261e-02;8.669785e-02;1.861165e-01;6.318294e-02
6.107781e-02;5.549147e-02;6.873346e-02;5.190545e-02;7.126076e-02;5.599487e-02;1.654123e-01;5.602609e-02;9.685361e-02;7.843302e-02;1.756015e-01;6.320970e-02
8.892720e-02;6.988999e-02;5.941276e-02;5.321921e-02;6.052145e-02;7.709528e-02;1.455402e-01;5.393288e-02;9.541615e-02;7.453585e-02;1.601902e-01;6.131882e-02
1.225814e-01;7.655836e-02;8.282806e-02;3.459351e-02;6.091103e-02;7.466189e-02;9.453053e-02;5.995923e-02;1.018758e-01;8.758124e-02;1.340856e-01;6.983332e-02
1.099888e-01;9.641900e-02;1.052972e-01;5.574570e-02;7.891441e-02;5.467739e-02;6.799696e-02;5.380553e-02;8.001329e-02;9.850496e-02;1.066729e-01;9.196375e-02
1.161100e-01;9.120989e-02;1.212347e-01;5.812565e-02;6.532006e-02;6.086094e-02;6.126435e-02;6.282389e-02;7.332289e-02;9.750024e-02;1.235046e-01;6.872278e-02
1.560468e-01;1.044187e-01;1.331997e-01;4.406435e-02;5.493383e-02;7.302485e-02;6.465706e-02;7.763991e-02;4.798928e-02;6.579239e-02;1.367182e-01;4.151486e-02
1.083077e-01;1.243669e-01;1.190433e-01;4.389353e-02;6.393259e-02;7.952930e-02;1.109480e-01;7.370677e-02;7.910609e-02;5.635065e-02;1.102701e-01;3.054510e-02
7.365544e-02;1.430127e-01;7.842410e-02;5.213263e-02;5.751770e-02;9.146375e-02;1.467447e-01;9.832454e-02;8.457244e-02;6.038291e-02;5.349047e-02;6.027867e-02
9.427345e-02;1.099511e-01;5.809008e-02;5.979547e-02;5.397828e-02;8.049218e-02;1.557977e-01;8.941136e-02;6.795769e-02;6.899516e-02;8.563687e-02;7.562066e-02
1.037166e-01;7.063229e-02;9.067637e-02;5.827931e-02;6.881352e-02;7.382725e-02;1.473909e-01;6.607714e-02;9.065118e-02;6.196930e-02;1.004777e-01;6.748851e-02
9.624411e-02;1.030046e-01;1.297431e-01;6.393795e-02;5.804045e-02;7.103930e-02;1.205910e-01;5.851538e-02;4.489081e-02;8.853965e-02;6.462444e-02;1.008293e-01
1.199261e-01;8.879492e-02;1.568983e-01;5.558874e-02;6.626175e-02;4.758014e-02;1.291527e-01;5.028502e-02;5.489928e-02;8.992919e-02;6.806669e-02;7.261719e-02
1.909802e-01;9.510021e-02;1.409803e-01;4.207067e-02;4.510834e-02;3.546943e-02;9.368513e-02;2.736768e-02;5.393747e-02;8.689946e-02;1.116379e-01;7.676322e-02
1.940099e-01;8.385987e-02;1.189509e-01;2.676849e-02;2.810970e-02;4.569500e-02;9.361250e-02;2.815226e-02;7.987313e-02;7.140854e-02;1.541341e-01;7.542563e-02
1.687046e-01;6.181825e-02;8.353297e-02;1.562489e-02;2.625298e-02;7.991126e-02;9.567973e-02;4.603317e-02;9.471192e-02;5.340430e-02;2.048467e-01;6.947925e-02
9.176856e-02;4.235014e-02;6.014783e-02;2.161974e-02;4.786215e-02;1.330978e-01;8.348320e-02;1.018246e-01;7.759558e-02;6.532772e-02;2.316622e-01;4.326054e-02
4.407071e-02;4.968166e-02;4.537594e-02;3.996841e-02;1.115375e-01;1.258836e-01;5.067981e-02;1.786299e-01;4.134233e-02;1.162367e-01;1.689500e-01;2.764341e-02
1.939208e-02;7.191184e-02;2.960313e-02;4.595723e-02;1.869151e-01;7.780293e-02;7.684245e-02;1.612473e-01;3.877119e-02;1.707422e-01;8.446676e-02;3.634781e-02
1.909792e-02;6.885231e-02;3.055661e-02;5.358567e-02;2.266677e-01;6.941196e-02;1.048826e-01;6.885763e-02;5.034507e-02;2.172503e-01;4.823893e-02;4.225337e-02
5.173112e-02;4.719181e-02;1.910037e-02;5.931430e-02;2.217340e-01;7.586958e-02;1.098932e-01;3.694149e-02;5.299718e-02;2.311829e-01;4.804491e-02;4.599912e-02
2.664668e-02;5.596800e-02;3.236446e-02;4.663413e-02;2.817093e-01;7.230296e-02;6.552108e-02;3.332063e-02;5.331483e-02;2.250180e-01;6.159614e-02;4.560377e-02
2.162823e-02;6.891634e-02;3.006379e-02;3.135622e-02;3.170096e-01;6.140001e-02;3.831107e-02;4.355916e-02;4.384565e-02;2.305462e-01;6.971177e-02;4.365202e-02
2.087299e-02;6.239375e-02;2.395162e-02;2.006738e-02;2.820228e-01;5.366036e-02;2.763077e-02;9.322334e-02;4.480538e-02;2.466444e-01;7.518452e-02;4.954269e-02
1.573476e-02;6.667487e-02;1.155779e-02;1.388230e-02;2.279920e-01;4.111844e-02;1.925332e-02;1.669459e-01;5.198319e-02;2.499662e-01;7.392814e-02;6.096309e-02
1.795892e-02;8.474892e-02;1.451574e-02;1.403614e-02;1.973557e-01;1.970296e-02;8.647184e-03;1.572990e-01;6.932951e-02;2.634535e-01;7.921128e-02;7.374118e-02
3.279630e-02;1.237659e-01;1.692861e-02;1.728521e-02;1.912255e-01;1.178896e-02;2.080814e-02;8.283349e-02;5.943720e-02;2.586718e-01;9.185484e-02;9.260399e-02
4.438036e-02;1.973588e-01;2.251505e-02;2.689809e-02;2.017925e-01;1.721770e-02;2.569162e-02;2.920320e-02;3.749477e-02;2.291466e-01;7.322545e-02;9.507585e-02
2.974890e-02;2.111679e-01;3.261606e-02;5.520518e-02;1.958514e-01;7.195301e-02;2.892344e-02;1.516053e-02;3.407155e-02;1.963281e-01;5.552653e-02;7.344749e-02
2.752160e-02;1.175077e-01;9.389508e-02;7.145175e-02;1.442526e-01;1.447837e-01;9.471557e-02;2.821011e-02;4.013672e-02;1.454243e-01;4.709329e-02;4.500755e-02
3.507745e-02;5.314576e-02;1.359315e-01;8.030024e-02;1.041836e-01;1.673029e-01;1.619970e-01;3.325927e-02;4.305802e-02;1.151317e-01;4.216844e-02;2.844411e-02
3.844390e-02;6.638059e-02;1.292942e-01;7.670212e-02;1.012722e-01;1.503271e-01;1.773074e-01;3.183407e-02;3.557067e-02;1.267895e-01;4.508493e-02;2.099332e-02
3.511184e-02;9.461442e-02;9.852468e-02;4.687844e-02;1.335526e-01;8.685964e-02;1.137261e-01;5.160416e-02;4.869058e-02;1.955181e-01;6.201967e-02;3.289973e-02
3.105944e-02;8.236846e-02;6.881743e-02;4.090314e-02;1.626436e-01;5.354235e-02;7.600297e-02;7.210735e-02;4.744475e-02;2.494081e-01;7.247285e-02;4.322965e-02
2.383461e-02;9.157263e-02;5.361634e-02;5.355655e-02;1.809446e-01;4.865315e-02;8.691401e-02;8.052967e-02;5.080238e-02;2.208638e-01;6.271970e-02;4.599258e-02
5.209313e-02;9.055206e-02;5.682798e-02;4.036373e-02;1.182868e-01;4.620786e-02;9.972028e-02;9.142268e-02;1.186758e-01;1.841828e-01;5.818536e-02;4.348155e-02
6.630504e-02;5.393904e-02;8.177271e-02;5.466241e-02;6.198430e-02;4.590932e-02;1.023994e-01;8.476064e-02;1.632963e-01;1.748926e-01;6.415263e-02;4.592553e-02
7.308102e-02;3.686969e-02;1.160154e-01;5.957253e-02;5.207248e-02;5.482961e-02;1.202848e-01;6.908131e-02;1.568951e-01;1.574511e-01;6.655814e-02;3.728878e-02
7.752397e-02;4.169823e-02;1.573341e-01;1.084243e-01;5.629294e-02;8.424234e-02;1.515021e-01;4.736860e-02;6.866260e-02;9.693088e-02;6.987069e-02;4.014912e-02
7.103086e-02;3.606850e-02;1.043384e-01;1.425661e-01;4.498832e-02;1.047423e-01;1.455005e-01;6.295745e-02;4.841192e-02;1.009578e-01;8.673246e-02;5.170548e-02
7.863204e-02;7.078268e-02;8.133454e-02;1.295835e-01;5.364903e-02;9.726521e-02;9.004451e-02;6.821951e-02;4.487689e-02;1.105346e-01;1.020069e-01;7.307056e-02
8.822066e-02;8.715107e-02;1.214470e-01;8.241337e-02;6.565712e-02;6.767394e-02;1.163517e-01;5.049927e-02;3.476667e-02;1.091429e-01;9.962963e-02;7.704673e-02
8.729381e-02;9.499906e-02;1.632822e-01;5.099584e-02;7.369465e-02;4.800034e-02;1.487929e-01;3.567383e-02;3.655790e-02;1.167335e-01;7.537825e-02;6.859769e-02
2.729109e-02;9.494931e-02;1.966562e-01;9.275118e-02;7.083410e-02;4.643284e-02;1.134824e-01;3.623052e-02;3.754149e-02;1.421887e-01;7.777357e-02;6.386863e-02
5.882706e-02;1.031957e-01;1.831910e-01;9.640681e-02;5.274607e-02;3.465178e-02;4.929620e-02;3.895167e-02;4.499314e-02;1.666236e-01;1.185615e-01;5.255545e-02
4.383302e-02;8.053560e-02;1.755256e-01;8.141863e-02;6.370373e-02;5.114608e-02;6.051904e-02;4.519843e-02;4.679415e-02;1.590903e-01;1.382713e-01;5.396415e-02
8.421367e-02;6.280992e-02;1.647642e-01;6.140509e-02;6.592091e-02;6.749696e-02;8.795737e-02;4.651476e-02;6.647338e-02;1.308511e-01;9.892089e-02;6.267170e-02
1.053115e-01;7.539336e-02;5.638801e-02;5.804226e-02;8.861452e-02;6.545523e-02;1.526130e-01;8.494484e-02;6.859710e-02;1.284134e-01;5.839080e-02;5.783597e-02
6.375811e-02;7.551707e-02;1.266792e-01;7.820705e-02;9.726205e-02;4.519191e-02;1.725231e-01;7.938101e-02;3.985170e-02;8.994404e-02;8.374692e-02;4.793780e-02
8.036937e-02;4.507538e-02;2.040716e-01;8.553063e-02;5.362137e-02;3.442077e-02;1.977178e-01;6.579927e-02;4.533145e-02;5.834646e-02;7.561854e-02;5.409742e-02
7.992902e-02;4.272825e-02;1.960886e-01;7.858510e-02;7.319005e-02;4.812653e-02;2.041579e-01;6.486037e-02;5.186770e-02;6.445904e-02;5.388792e-02;4.211950e-02
9.130343e-02;6.472247e-02;1.168565e-01;6.983341e-02;6.852356e-02;1.050776e-01;1.908291e-01;8.604132e-02;5.350997e-02;6.824076e-02;2.236241e-02;6.269950e-02
6.483704e-02;3.967008e-02;1.085337e-01;6.094554e-02;4.567635e-02;1.089124e-01;2.260833e-01;9.987293e-02;7.919855e-02;5.226342e-02;4.995472e-02;6.405194e-02
4.125350e-02;3.036238e-02;8.835489e-02;5.452066e-02;4.712189e-02;1.213334e-01;2.189578e-01;1.334296e-01;7.433978e-02;6.957182e-02;7.707437e-02;4.367989e-02
2.382020e-02;3.277863e-02;6.369042e-02;4.069151e-02;6.518809e-02;1.320002e-01;1.683058e-01;1.546116e-01;8.035446e-02;1.293922e-01;8.802581e-02;2.114107e-02
2.406691e-02;2.890134e-02;4.564943e-02;3.300601e-02;6.948455e-02;1.066216e-01;1.456621e-01;1.163420e-01;1.255167e-01;2.042848e-01;7.148276e-02;2.898182e-02
4.489214e-02;1.087650e-02;2.943739e-02;6.717728e-02;3.606846e-02;4.982453e-02;1.848759e-01;6.755410e-02;2.768187e-01;1.456210e-01;6.284454e-02;2.400944e-02
6.132633e-02;6.248819e-03;2.804994e-02;9.944881e-02;1.493815e-02;2.834154e-02;1.354359e-01;7.541171e-02;3.963867e-01;6.971350e-02;7.370239e-02;1.099620e-02
7.587581e-02;9.743787e-03;2.726592e-02;1.248374e-01;1.951853e-02;2.445266e-02;5.491207e-02;6.616863e-02;4.540493e-01;4.420988e-02;8.854618e-02;1.041981e-02
7.980622e-02;1.080169e-02;3.122947e-02;1.397871e-01;1.789420e-02;2.112777e-02;4.857359e-02;4.450155e-02;4.675000e-01;3.233678e-02;9.102648e-02;1.541511e-02
7.065023e-02;1.046616e-02;3.294786e-02;1.362363e-01;2.256638e-02;2.785895e-02;3.598107e-02;4.269777e-02;4.840271e-01;3.027417e-02;8.329575e-02;2.299824e-02
5.798042e-02;8.974794e-03;4.296954e-02;1.206487e-01;2.244008e-02;4.054843e-02;4.187784e-02;5.873562e-02;4.727498e-01;3.142151e-02;8.077039e-02;2.088290e-02
4.974679e-02;9.520941e-03;5.545267e-02;1.065352e-01;2.558333e-02;4.405212e-02;3.963143e-02;9.447488e-02;4.424854e-01;2.997354e-02;8.187069e-02;2.067298e-02
4.393350e-02;1.264342e-02;9.714666e-02;9.232929e-02;2.242190e-02;5.176962e-02;3.609357e-02;1.365099e-01;3.731407e-01;3.617975e-02;7.103090e-02;2.680084e-02
5.588165e-02;2.218124e-02;1.527715e-01;9.955971e-02;3.091380e-02;5.527430e-02;7.158677e-02;1.208683e-01;2.593681e-01;4.770079e-02;5.900198e-02;2.489173e-02
5.849902e-02;3.576147e-02;1.920622e-01;1.081425e-01;5.173785e-02;5.109928e-02;1.385834e-01;8.895072e-02;1.514397e-01;6.211222e-02;4.250872e-02;1.910285e-02
6.830871e-02;4.541586e-02;2.124890e-01;9.569048e-02;6.489903e-02;5.663016e-02;1.875887e-01;7.364687e-02;7.877931e-02;6.410147e-02;3.538372e-02;1.706667e-02
5.715312e-02;3.344943e-02;2.108084e-01;7.179675e-02;5.917741e-02;4.330528e-02;1.644678e-01;7.036519e-02;1.715251e-01;6.156647e-02;3.893683e-02;1.744820e-02
4.713785e-02;3.821883e-02;1.428711e-01;9.772059e-02;4.663245e-02;3.121979e-02;1.667885e-01;8.703592e-02;2.104566e-01;5.527280e-02;4.948321e-02;2.716241e-02
7.538420e-02;4.300391e-02;6.403231e-02;1.012139e-01;4.561535e-02;4.088535e-02;1.773486e-01;1.193109e-01;1.912460e-01;6.151189e-02;4.286759e-02;3.758015e-02
5.285767e-02;3.300591e-02;7.993330e-02;9.684135e-02;4.176468e-02;4.186667e-02;2.333144e-01;1.216247e-01;1.563062e-01;6.107947e-02;5.312721e-02;2.827855e-02
6.630490e-02;1.411329e-02;8.888527e-02;9.361123e-02;4.374389e-02;3.144972e-02;2.689035e-01;9.749302e-02;1.661656e-01;5.004636e-02;6.132132e-02;1.796189e-02
7.971853e-02;3.751974e-02;4.834913e-02;1.001757e-01;5.253652e-02;5.980738e-02;2.552145e-01;6.859847e-02;1.675133e-01;4.745100e-02;6.874664e-02;1.436921e-02
5.447794e-02;6.999182e-02;5.543825e-02;1.077335e-01;5.920297e-02;6.901480e-02;1.799233e-01;5.749711e-02;1.843472e-01;7.360131e-02;6.474649e-02;2.402537e-02
4.023264e-02;7.209549e-02;4.514445e-02;1.023662e-01;6.098700e-02;1.014529e-01;1.829241e-01;5.695201e-02;1.727766e-01;8.403099e-02;4.222730e-02;3.881034e-02
6.803916e-02;6.598860e-02;8.193014e-02;9.775840e-02;5.017259e-02;1.191494e-01;1.433141e-01;5.246226e-02;1.402660e-01;9.656203e-02;4.613224e-02;3.822508e-02
9.391851e-02;7.276999e-02;6.125243e-02;9.366520e-02;5.445727e-02;1.019673e-01;9.236199e-02;5.991788e-02;1.553997e-01;9.791976e-02;8.694053e-02;2.942945e-02
6.924828e-02;7.598005e-02;7.106673e-02;5.818581e-02;6.874065e-02;9.258989e-02;1.094541e-01;7.101458e-02;1.492982e-01;1.178596e-01;9.314399e-02;2.341807e-02
9.968431e-02;7.725860e-02;1.155461e-01;4.235516e-02;8.731735e-02;9.531886e-02;1.110195e-01;6.762680e-02;1.229878e-01;1.034955e-01;5.746700e-02;1.992299e-02
1.326383e-01;6.800316e-02;1.389588e-01;5.646402e-02;1.021690e-01;7.800151e-02;1.101540e-01;6.239835e-02;9.953322e-02;6.468834e-02;3.793311e-02;4.905822e-02
1.087886e-01;6.285274e-02;1.280077e-01;4.658461e-02;1.104010e-01;6.574203e-02;1.095320e-01;7.187034e-02;8.402368e-02;8.156015e-02;6.069546e-02;6.994164e-02
9.174975e-02;5.561469e-02;1.424956e-01;4.908029e-02;8.369756e-02;6.491306e-02;1.341561e-01;7.917202e-02;8.878564e-02;9.545199e-02;5.596536e-02;5.891797e-02
1.004340e-01;5.179819e-02;1.750326e-01;4.061464e-02;5.923510e-02;9.511432e-02;9.605350e-02;7.145642e-02;1.030641e-01;1.069532e-01;5.307637e-02;4.716757e-02
8.101429e-02;5.478840e-02;1.877239e-01;5.864345e-02;7.510989e-02;7.854538e-02;1.279454e-01;6.302067e-02;1.027331e-01;7.988312e-02;6.381810e-02;2.677430e-02
1.156030e-01;8.342317e-02;1.543509e-01;8.178959e-02;4.862984e-02;8.463236e-02;9.571211e-02;5.361264e-02;9.541110e-02;7.975482e-02;6.064457e-02;4.643589e-02
1.309305e-01;9.308354e-02;1.573642e-01;7.407146e-02;7.750884e-02;9.065530e-02;8.272238e-02;3.798702e-02;6.705723e-02;6.563418e-02;6.227168e-02;6.071370e-02
1.583254e-01;8.176470e-02;2.096047e-01;5.010733e-02;7.171069e-02;7.791352e-02;7.072157e-02;4.648667e-02;4.774489e-02;4.999261e-02;7.080819e-02;6.481975e-02
1.738146e-01;6.439822e-02;2.513158e-01;4.123582e-02;4.828968e-02;6.012496e-02;1.132556e-01;3.186351e-02;4.600861e-02;4.820810e-02;6.454220e-02;5.694300e-02
1.165928e-01;7.665103e-02;2.004513e-01;5.287836e-02;5.891928e-02;4.302717e-02;1.338796e-01;3.592493e-02;7.864996e-02;8.297665e-02;6.760574e-02;5.244323e-02
9.264262e-02;4.978630e-02;1.265444e-01;6.088739e-02;6.270942e-02;3.918633e-02;1.055013e-01;4.346251e-02;1.715906e-01;1.312194e-01;6.953288e-02;4.693672e-02
6.583701e-02;2.347957e-02;7.774981e-02;7.628621e-02;5.123589e-02;2.697663e-02;9.190106e-02;6.375863e-02;2.927880e-01;1.528823e-01;5.306969e-02;2.403515e-02
6.546517e-02;2.246170e-02;9.004926e-02;1.014695e-01;4.307858e-02;1.241476e-02;1.144288e-01;7.847642e-02;2.988096e-01;1.262116e-01;3.860430e-02;8.530172e-03
5.600411e-02;1.876255e-02;9.670076e-02;1.110471e-01;5.877237e-02;2.224880e-02;1.494638e-01;7.201503e-02;2.571625e-01;1.031586e-01;4.675630e-02;7.908018e-03
3.898852e-02;3.927413e-02;1.065613e-01;7.419234e-02;8.160345e-02;7.466661e-02;1.769380e-01;6.608769e-02;1.994732e-01;8.162269e-02;4.464874e-02;1.594327e-02
2.231861e-02;5.009227e-02;1.030987e-01;2.570148e-02;6.312647e-02;1.482610e-01;1.749914e-01;9.832346e-02;1.543203e-01;8.117193e-02;3.555099e-02;4.304331e-02
9.906547e-03;3.636620e-02;1.076321e-01;1.463609e-02;2.614554e-02;2.130665e-01;1.763369e-01;1.293311e-01;1.166277e-01;7.697453e-02;2.146329e-02;7.151350e-02
8.590899e-03;2.133406e-02;1.436554e-01;1.591380e-02;1.579120e-02;2.256008e-01;1.798914e-01;1.345172e-01;7.984778e-02;6.760599e-02;1.336889e-02;9.388255e-02
1.749039e-02;2.919634e-02;1.438911e-01;2.219689e-02;2.434433e-02;2.079059e-01;1.736397e-01;1.258710e-01;7.584606e-02;5.886108e-02;1.605308e-02;1.047041e-01
3.323024e-02;4.718020e-02;1.052717e-01;6.746496e-02;3.928928e-02;1.827290e-01;1.293409e-01;1.260466e-01;7.897960e-02;5.873438e-02;2.632297e-02;1.054103e-01
1.937323e-02;3.394041e-02;1.379050e-01;1.035017e-01;3.723189e-02;1.492773e-01;1.147119e-01;1.129200e-01;1.264440e-01;5.632493e-02;3.081667e-02;7.755299e-02
2.951827e-02;2.688610e-02;1.073628e-01;1.237762e-01;3.772781e-02;1.131542e-01;1.470090e-01;7.524890e-02;2.176505e-01;4.117723e-02;3.573623e-02;4.475284e-02
6.549362e-02;1.801213e-02;5.923180e-02;1.616478e-01;2.749658e-02;5.785386e-02;9.896437e-02;4.748316e-02;3.574500e-01;3.495938e-02;5.710721e-02;1.430008e-02
1.032678e-01;9.457072e-03;2.743207e-02;1.841023e-01;1.293227e-02;1.949750e-02;3.540578e-02;3.622384e-02;4.372974e-01;4.299663e-02;8.108612e-02;1.030121e-02
1.176063e-01;4.734399e-03;2.141495e-02;1.814114e-01;1.059132e-02;1.315720e-02;4.562173e-02;4.725445e-02;4.189942e-01;3.679477e-02;9.069083e-02;1.172849e-02
1.158349e-01;8.047592e-03;2.329032e-02;1.778753e-01;1.091676e-02;1.334838e-02;4.970507e-02;5.349701e-02;4.019599e-01;3.652748e-02;1.022409e-01;6.756235e-03
1.027653e-01;1.542602e-02;3.094993e-02;1.732443e-01;1.331100e-02;2.216013e-02;3.708094e-02;4.421888e-02;3.926376e-01;3.749422e-02;1.170264e-01;1.368533e-02
8.738215e-02;3.096643e-02;3.923386e-02;1.525690e-01;2.141044e-02;3.823544e-02;4.159791e-02;4.339643e-02;3.658086e-01;3.483261e-02;1.145246e-01;3.004253e-02
5.590853e-02;4.903691e-02;7.747772e-02;9.741712e-02;2.404337e-02;8.650142e-02;5.286613e-02;9.808710e-02;2.650881e-01;4.220883e-02;7.365794e-02;7.770688e-02
2.314073e-02;3.848756e-02;1.225216e-01;3.643278e-02;1.324143e-02;1.196250e-01;7.719295e-02;1.914935e-01;1.361792e-01;7.858779e-02;2.975700e-02;1.333403e-01
1.296492e-02;1.821417e-02;1.499604e-01;2.323999e-02;8.749691e-03;9.344715e-02;8.764844e-02;2.533405e-01;7.413882e-02;1.246606e-01;1.521290e-02;1.384225e-01
2.080616e-02;2.056044e-02;1.524889e-01;3.545307e-02;1.505673e-02;4.652786e-02;1.000500e-01;2.547489e-01;7.248588e-02;1.500243e-01;1.583547e-02;1.159623e-01
3.359505e-02;2.867627e-02;1.333425e-01;5.414594e-02;3.744166e-02;3.058898e-02;1.354830e-01;2.210798e-01;5.164694e-02;1.333131e-01;5.195051e-02;8.873630e-02
4.092913e-02;2.714400e-02;1.361269e-01;5.967214e-02;4.516782e-02;2.557354e-02;1.588743e-01;2.027499e-01;3.488041e-02;1.039548e-01;8.003277e-02;8.489434e-02
2.936660e-02;2.193583e-02;1.512604e-01;3.990775e-02;3.134179e-02;2.009122e-02;1.260040e-01;2.558771e-01;4.276706e-02;1.232607e-01;5.626398e-02;1.019237e-01
1.585102e-02;9.925597e-03;1.542395e-01;2.245820e-02;1.654193e-02;4.211233e-02;1.023398e-01;2.947274e-01;4.524493e-02;1.385384e-01;2.806840e-02;1.299526e-01
7.924559e-03;1.416476e-02;1.525823e-01;1.486664e-02;9.589581e-03;8.121579e-02;9.506368e-02;3.024662e-01;3.553275e-02;1.290751e-01;9.091849e-03;1.484268e-01
1.179832e-02;2.522695e-02;1.349930e-01;1.986644e-02;1.803611e-02;1.454272e-01;8.660794e-02;2.596312e-01;4.697861e-02;8.346037e-02;1.518573e-02;1.527880e-01
1.791696e-02;3.541150e-02;1.171325e-01;1.520116e-02;2.215282e-02;2.288402e-01;8.176876e-02;1.857294e-01;7.047714e-02;4.479244e-02;2.307901e-02;1.574980e-01
2.373549e-02;4.598028e-02;9.862670e-02;4.327822e-02;2.836856e-02;2.543025e-01;6.584875e-02;1.330942e-01;1.004970e-01;4.489031e-02;2.205496e-02;1.393230e-01
3.167741e-02;5.939155e-02;6.926361e-02;5.161310e-02;3.509359e-02;2.703271e-01;5.255564e-02;1.241878e-01;1.286774e-01;3.085501e-02;2.250214e-02;1.238557e-01
2.256621e-02;6.519160e-02;7.389533e-02;2.796832e-02;3.526838e-02;2.803847e-01;4.413349e-02;1.524461e-01;1.020098e-01;2.884701e-02;1.224633e-02;1.550427e-01
2.029051e-02;6.572665e-02;8.537785e-02;2.571129e-02;3.193995e-02;2.817545e-01;4.806455e-02;1.706340e-01;8.163705e-02;1.742353e-02;1.209442e-02;1.593456e-01
1.377890e-02;5.394071e-02;8.465108e-02;2.492139e-02;2.350166e-02;2.586583e-01;6.411067e-02;1.895404e-01;6.313549e-02;3.241758e-02;1.341253e-02;1.779312e-01
1.086824e-02;4.390144e-02;8.973302e-02;1.762314e-02;1.465647e-02;2.330461e-01;7.847787e-02;2.070363e-01;4.776038e-02;4.086610e-02;1.632218e-02;1.997088e-01
7.247805e-03;3.777514e-02;9.883673e-02;1.522139e-02;9.916691e-03;2.155461e-01;9.214964e-02;2.213672e-01;3.582979e-02;4.730943e-02;1.597968e-02;2.028203e-01
1.062296e-02;3.562032e-02;1.066047e-01;1.577180e-02;1.291581e-02;1.947130e-01;1.015621e-01;2.231274e-01;4.371670e-02;4.871504e-02;1.701663e-02;1.896136e-01
1.267321e-02;3.918534e-02;1.180881e-01;1.669554e-02;1.726649e-02;1.926238e-01;9.877062e-02;2.200157e-01;5.275005e-02;4.535825e-02;9.228824e-03;1.773441e-01
1.211941e-02;4.449795e-02;1.297036e-01;2.234726e-02;2.487254e-02;2.036919e-01;9.726633e-02;2.262827e-01;6.220048e-02;2.303029e-02;1.504152e-02;1.389461e-01
1.538689e-02;3.464407e-02;1.406978e-01;2.122018e-02;2.428042e-02;2.038455e-01;8.897685e-02;2.593415e-01;6.456016e-02;4.046540e-02;1.272415e-02;9.385705e-02
1.150398e-02;2.425957e-02;1.521222e-01;1.788883e-02;1.747382e-02;1.893586e-01;9.846719e-02;2.694279e-01;5.233717e-02;8.720596e-02;1.185257e-02;6.810223e-02
3.342672e-02;3.052313e-02;1.391055e-01;2.920329e-02;3.259109e-02;1.649128e-01;1.152542e-01;2.024351e-01;6.502976e-02;1.039222e-01;3.025460e-02;5.334155e-02
6.446285e-02;3.637957e-02;1.491132e-01;4.493339e-02;4.209941e-02;1.544511e-01;1.050167e-01;1.144051e-01;7.988184e-02;9.935752e-02;5.151048e-02;5.838899e-02
4.155168e-02;4.773853e-02;1.290594e-01;5.921163e-02;5.626746e-02;1.323632e-01;1.250096e-01;9.726395e-02;7.181894e-02;1.144846e-01;3.704417e-02;8.818687e-02
3.219275e-02;5.670905e-02;1.588442e-01;5.506099e-02;3.774711e-02;1.012762e-01;1.175150e-01;1.353901e-01;7.505894e-02;1.247098e-01;1.964763e-02;8.584821e-02
1.484348e-02;5.633101e-02;2.228246e-01;5.261922e-02;2.369052e-02;1.033736e-01;1.185257e-01;1.452526e-01;5.420623e-02;1.080131e-01;1.357262e-02;8.674741e-02
3.263910e-02;6.782470e-02;2.490266e-01;4.875362e-02;3.353465e-02;8.174960e-02;1.406357e-01;1.238079e-01;4.069280e-02;8.601376e-02;2.749159e-02;6.782997e-02
7.259613e-02;9.512960e-02;2.326874e-01;4.177552e-02;5.067392e-02;5.123400e-02;1.772991e-01;8.428863e-02;3.482438e-02;7.192928e-02;5.425011e-02;3.331189e-02
1.003691e-01;8.137585e-02;2.017483e-01;4.037996e-02;5.950367e-02;6.669138e-02;1.461171e-01;9.392031e-02;4.197462e-02;6.875141e-02;6.686756e-02;3.230077e-02
9.818584e-02;7.356974e-02;1.803164e-01;5.853212e-02;8.151681e-02;1.043369e-01;1.223613e-01;1.092586e-01;2.401642e-02;6.773579e-02;4.642589e-02;3.374426e-02
4.234982e-02;4.417538e-02;1.197420e-01;4.519438e-02;9.709265e-02;1.101914e-01;3.498662e-01;7.700812e-02;1.942001e-02;6.191561e-02;1.238820e-02;2.065623e-02
2.434125e-02;3.454816e-02;1.008330e-01;2.815055e-02;7.845643e-02;1.417420e-01;4.474933e-01;4.222146e-02;3.123193e-02;3.828191e-02;1.785437e-02;1.484559e-02
2.030781e-02;4.654548e-02;6.184293e-02;1.752420e-02;5.124211e-02;1.512920e-01;4.975773e-01;4.541764e-02;3.526731e-02;2.479472e-02;2.237183e-02;2.581674e-02
3.601621e-02;7.588373e-02;5.724565e-02;2.097980e-02;6.193653e-02;1.309645e-01;4.556666e-01;4.768599e-02;3.792561e-02;2.491868e-02;2.983039e-02;2.094636e-02
5.441570e-02;1.040682e-01;6.131250e-02;2.546882e-02;5.852911e-02;9.881822e-02;4.285149e-01;5.952664e-02;3.874259e-02;2.113286e-02;2.808195e-02;2.138849e-02
9.390244e-02;9.803697e-02;5.761799e-02;5.489213e-02;6.668678e-02;1.002253e-01;3.786635e-01;4.440925e-02;2.661259e-02;2.876170e-02;1.771858e-02;3.247277e-02
1.303296e-01;5.795145e-02;3.257661e-02;6.224350e-02;9.402078e-02;1.427986e-01;3.285305e-01;4.489092e-02;2.689580e-02;3.885429e-02;1.035924e-02;3.054874e-02
1.203829e-01;3.871799e-02;4.759104e-02;3.844131e-02;1.048416e-01;1.681717e-01;3.178807e-01;5.323194e-02;3.479068e-02;3.186547e-02;1.768081e-02;2.640398e-02
6.829865e-02;3.121039e-02;9.893602e-02;7.472879e-02;8.444877e-02;1.366040e-01;3.048587e-01;5.917367e-02;4.910202e-02;2.827375e-02;3.084224e-02;3.352298e-02
5.075136e-02;3.300470e-02;1.169463e-01;1.086237e-01;7.463729e-02;1.342197e-01;2.426615e-01;1.012557e-01;4.196537e-02;2.466436e-02;4.608583e-02;2.518419e-02
5.105295e-02;2.461037e-02;1.374457e-01;1.078621e-01;6.357087e-02;1.393722e-01;1.660716e-01;1.419899e-01;5.450759e-02;2.895055e-02;6.057687e-02;2.398926e-02
6.456946e-02;2.079271e-02;1.789798e-01;6.905745e-02;4.639854e-02;1.087280e-01;1.625072e-01;1.248576e-01;7.533611e-02;6.294732e-02;5.643130e-02;2.939453e-02
5.250431e-02;3.548423e-02;2.137837e-01;5.056227e-02;6.110081e-02;6.862413e-02;2.236409e-01;6.009154e-02;6.704804e-02;9.926654e-02;4.135175e-02;2.654187e-02
2.923356e-02;3.864934e-02;2.254832e-01;5.215649e-02;4.704020e-02;6.378364e-02;1.972454e-01;6.738570e-02;7.418280e-02;1.094531e-01;5.776523e-02;3.762139e-02
3.541520e-02;4.196269e-02;1.861728e-01;5.609278e-02;3.068561e-02;1.196257e-01;1.166050e-01;8.668800e-02;1.077159e-01;8.179665e-02;6.707259e-02;7.016701e-02
3.475748e-02;5.638557e-02;1.572839e-01;5.393206e-02;2.498473e-02;1.693457e-01;7.302946e-02;8.150038e-02;1.578059e-01;5.998301e-02;5.179098e-02;7.920081e-02
3.767575e-02;5.856428e-02;1.558093e-01;6.187299e-02;3.057399e-02;1.693187e-01;7.587226e-02;5.564427e-02;1.890472e-01;6.078010e-02;4.535846e-02;5.948270e-02
5.035048e-02;5.103974e-02;1.771265e-01;6.051962e-02;3.831195e-02;1.271416e-01;1.016378e-01;4.823644e-02;1.609168e-01;6.488080e-02;8.312712e-02;3.671101e-02
5.437415e-02;5.289536e-02;1.998049e-01;3.325690e-02;3.082805e-02;8.880854e-02;1.456977e-01;6.229040e-02;9.243046e-02;9.028537e-02;1.272196e-01;2.210850e-02
3.779492e-02;5.220380e-02;2.111860e-01;3.504237e-02;4.465705e-02;8.112895e-02;1.471177e-01;4.937613e-02;8.601369e-02;9.653191e-02;1.116332e-01;4.731436e-02
4.828668e-02;4.940561e-02;2.832339e-01;4.653167e-02;6.459457e-02;7.643548e-02;9.930433e-02;2.972922e-02;5.829836e-02;7.437747e-02;1.038886e-01;6.591412e-02
3.571511e-02;6.958149e-02;3.325209e-01;5.658227e-02;5.053328e-02;3.956553e-02;5.984635e-02;3.474739e-02;6.794833e-02;5.705053e-02;1.212177e-01;7.469115e-02
6.576271e-02;7.214038e-02;2.608724e-01;5.088311e-02;4.983194e-02;6.091410e-02;7.862797e-02;5.217303e-02;6.625625e-02;4.225720e-02;1.104483e-01;8.983266e-02
7.956091e-02;8.348928e-02;1.958631e-01;3.333198e-02;6.035019e-02;7.790121e-02;1.310889e-01;1.119362e-01;4.406855e-02;4.614820e-02;5.630118e-02;7.996032e-02
5.286416e-02;7.714187e-02;2.076726e-01;3.000616e-02;4.395470e-02;6.600036e-02;1.511954e-01;1.330902e-01;7.959636e-02;4.040165e-02;6.071261e-02;5.736400e-02
2.869043e-02;5.432060e-02;1.709009e-01;2.384388e-02;3.781158e-02;6.640597e-02;1.630913e-01;1.089271e-01;1.503340e-01;6.645817e-02;6.918763e-02;6.002851e-02
5.582713e-02;5.113404e-02;1.141522e-01;5.142239e-02;3.189655e-02;4.812415e-02;1.939712e-01;6.913545e-02;1.556831e-01;7.598672e-02;7.794978e-02;7.471725e-02
8.336145e-02;5.438984e-02;1.491190e-01;6.619198e-02;4.599742e-02;4.672047e-02;1.952364e-01;6.584212e-02;9.425594e-02;6.425449e-02;5.745012e-02;7.718071e-02
5.861611e-02;6.189898e-02;2.117648e-01;5.178235e-02;2.471187e-02;7.023758e-02;1.565575e-01;9.846292e-02;7.902243e-02;5.910842e-02;5.254446e-02;7.529256e-02
