2.022856e-01;1.712382e-01;1.214437e-01;4.201281e-02;4.819236e-02;4.758080e-02;6.808589e-02;5.934100e-02;6.104425e-02;6.294893e-02;8.371849e-02;3.210799e-02
1.740441e-01;9.833226e-02;1.150572e-01;1.802527e-02;4.344896e-02;3.732418e-02;1.075523e-01;9.951575e-02;6.889519e-02;1.025637e-01;7.167310e-02;6.356802e-02
1.252350e-01;8.976110e-02;9.675993e-02;3.321924e-02;3.707692e-02;2.927627e-02;1.102410e-01;7.192200e-02;1.337720e-01;1.384016e-01;6.838602e-02;6.594890e-02
1.049277e-01;7.726505e-02;8.742121e-02;3.921893e-02;2.939078e-02;3.278007e-02;1.183476e-01;3.381918e-02;1.690391e-01;1.541009e-01;7.317484e-02;8.051468e-02
6.324821e-02;7.680616e-02;2.717787e-01;4.379961e-02;6.464435e-02;4.947131e-02;1.210969e-01;2.462763e-02;1.017799e-01;7.410551e-02;3.261175e-02;7.602999e-02
1.553673e-01;1.007651e-01;2.692073e-01;3.298418e-02;4.683563e-02;3.230309e-02;1.244897e-01;4.277986e-02;8.533882e-02;3.083968e-02;3.721799e-02;4.187135e-02
2.196911e-01;1.208098e-01;2.089561e-01;2.020845e-02;3.739214e-02;2.009445e-02;9.906770e-02;7.009681e-02;9.450523e-02;3.391583e-02;3.297605e-02;4.228639e-02
3.106113e-01;1.563930e-01;1.288755e-01;9.349857e-03;2.279841e-02;1.175575e-02;6.079398e-02;9.856860e-02;1.069438e-01;2.678869e-02;2.635167e-02;4.076954e-02
3.455267e-01;2.118817e-01;1.212391e-01;5.593889e-03;1.186541e-02;5.912638e-03;2.675401e-02;9.526959e-02;1.143019e-01;1.899992e-02;1.655087e-02;2.610428e-02
2.399609e-01;2.352900e-01;1.633725e-01;8.340167e-03;3.899648e-03;4.620708e-03;2.305174e-02;5.328155e-02;2.339987e-01;1.110325e-02;1.066419e-02;1.241667e-02
1.434054e-01;2.324499e-01;1.966404e-01;1.002698e-02;2.957706e-03;9.276583e-03;8.885719e-03;3.367492e-02;3.441112e-01;5.148571e-03;7.421506e-03;6.001050e-03
7.626630e-02;2.098724e-01;2.258847e-01;1.120940e-02;3.049343e-03;1.602550e-02;1.208711e-02;3.108022e-02;3.901130e-01;1.034234e-02;5.052734e-03;9.016933e-03
4.710578e-02;1.943836e-01;2.566678e-01;1.241821e-02;4.204313e-03;2.382062e-02;1.245237e-02;4.816979e-02;3.700804e-01;1.292273e-02;5.493148e-03;1.228124e-02
6.026078e-02;2.019580e-01;2.932532e-01;1.226964e-02;3.675132e-03;3.289490e-02;1.490507e-02;6.161151e-02;2.880404e-01;1.245681e-02;3.489289e-03;1.518513e-02
7.119176e-02;2.331591e-01;3.420155e-01;1.714780e-02;5.587442e-03;4.965258e-02;2.421437e-02;3.895654e-02;1.811450e-01;1.473218e-02;4.286523e-03;1.791126e-02
9.810805e-02;2.783852e-01;3.446305e-01;2.469339e-02;6.784282e-03;6.633160e-02;2.117506e-02;1.413510e-02;1.011892e-01;2.125505e-02;5.375466e-03;1.793721e-02
1.331715e-01;2.949646e-01;3.126216e-01;2.830234e-02;5.642420e-03;6.335974e-02;1.182877e-02;2.139967e-02;9.469707e-02;1.478369e-02;6.408632e-03;1.281998e-02
1.553564e-01;2.701219e-01;3.326236e-01;2.568206e-02;9.341641e-03;4.258651e-02;2.371438e-02;1.207189e-02;9.876012e-02;1.170374e-02;8.622879e-03;9.414955e-03
1.828431e-01;2.304341e-01;3.372608e-01;1.696413e-02;1.907343e-02;3.159909e-02;4.093476e-02;2.208408e-02;7.725334e-02;9.420250e-03;1.998843e-02;1.214460e-02
2.089039e-01;1.594038e-01;2.854925e-01;1.667287e-02;3.244500e-02;3.625253e-02;7.102671e-02;5.508680e-02;5.506028e-02;1.292792e-02;4.258690e-02;2.414079e-02
1.879118e-01;5.978551e-02;2.317603e-01;2.305125e-02;4.355109e-02;4.189576e-02;9.497466e-02;7.427066e-02;8.121199e-02;3.981570e-02;7.414372e-02;4.762756e-02
1.481734e-01;9.867769e-02;1.532311e-01;2.898792e-02;4.273155e-02;3.921960e-02;9.985647e-02;6.908411e-02;1.176867e-01;7.179359e-02;8.738545e-02;4.317248e-02
1.575126e-01;1.591219e-01;1.365538e-01;3.701845e-02;4.280476e-02;4.480109e-02;5.836647e-02;7.684777e-02;1.178618e-01;6.822999e-02;7.211168e-02;2.876981e-02
1.467344e-01;1.657861e-01;1.005476e-01;4.818963e-02;4.178189e-02;5.424635e-02;1.076215e-01;7.419106e-02;1.061452e-01;7.742780e-02;5.403117e-02;2.329734e-02
5.605295e-02;6.753868e-02;1.847884e-01;5.008948e-02;6.683879e-02;6.936421e-02;1.300032e-01;4.483046e-02;1.415889e-01;9.221799e-02;6.291013e-02;3.377677e-02
6.413592e-02;6.595306e-02;2.195666e-01;5.371109e-02;5.983617e-02;8.036429e-02;1.220634e-01;2.622344e-02;1.608105e-01;5.815044e-02;6.528393e-02;2.390123e-02
8.439998e-02;7.108354e-02;1.866172e-01;6.834488e-02;4.743218e-02;6.862098e-02;1.165047e-01;5.001691e-02;1.504117e-01;6.771243e-02;5.386233e-02;3.499318e-02
1.382252e-01;1.016996e-01;1.541130e-01;7.158575e-02;4.150033e-02;5.243440e-02;1.210787e-01;2.812407e-02;1.189833e-01;7.860917e-02;3.740403e-02;5.624239e-02
1.935601e-01;2.271938e-01;2.572273e-01;3.568446e-02;2.456267e-02;2.736283e-02;7.193238e-02;2.868735e-02;3.826891e-02;4.442553e-02;1.747443e-02;3.362038e-02
2.051619e-01;3.217042e-01;2.367287e-01;1.369530e-02;2.314441e-02;4.117031e-02;2.680256e-02;5.882165e-02;3.506701e-02;1.430033e-02;1.648418e-02;6.919502e-03
2.589023e-01;2.420405e-01;1.057885e-01;1.334174e-02;5.549303e-02;6.431672e-02;3.497573e-02;1.391294e-01;4.558359e-02;7.660332e-03;1.621605e-02;1.655204e-02
2.875862e-01;1.351896e-01;3.058129e-02;9.912017e-03;6.373531e-02;5.479855e-02;6.554707e-02;2.441952e-01;5.573257e-02;1.877228e-02;1.209058e-02;2.185928e-02
2.508649e-01;4.451465e-02;3.073929e-02;1.470196e-02;3.755808e-02;3.095290e-02;1.133417e-01;2.994967e-01;7.652615e-02;4.466802e-02;9.987080e-03;4.664853e-02
1.841913e-01;4.328436e-02;2.936890e-02;2.117512e-02;9.458261e-03;3.261854e-02;1.699705e-01;2.345892e-01;6.557474e-02;8.755147e-02;3.132391e-02;9.089366e-02
1.142398e-01;5.435710e-02;2.982672e-02;3.120001e-02;1.291448e-02;3.244491e-02;1.972864e-01;1.431397e-01;3.156057e-02;1.134152e-01;7.120881e-02;1.684062e-01
8.929554e-02;6.427718e-02;3.462721e-02;3.531500e-02;1.056488e-02;3.291785e-02;1.624930e-01;1.025445e-01;2.934884e-02;9.805887e-02;9.817843e-02;2.423786e-01
1.148764e-01;6.239140e-02;5.518483e-02;2.836160e-02;2.298954e-02;5.084232e-02;1.245166e-01;9.113982e-02;4.631403e-02;6.982511e-02;1.196649e-01;2.138935e-01
1.177168e-01;4.046977e-02;6.197768e-02;2.386659e-02;2.022837e-02;5.584561e-02;1.485150e-01;9.413560e-02;5.204137e-02;5.411396e-02;1.726772e-01;1.584121e-01
1.342901e-01;8.128749e-02;4.942283e-02;2.429189e-02;2.516820e-02;3.642181e-02;1.101591e-01;8.532947e-02;4.832991e-02;5.269134e-02;1.945606e-01;1.580473e-01
1.549129e-01;1.573966e-01;4.161919e-02;3.360356e-02;1.821546e-02;3.623296e-02;1.101099e-01;6.780139e-02;3.175331e-02;3.327686e-02;1.290433e-01;1.860345e-01
1.001019e-01;1.757638e-01;3.453134e-02;6.339858e-02;1.199919e-02;3.446086e-02;1.819548e-01;5.364610e-02;1.883621e-02;2.698578e-02;7.897399e-02;2.193474e-01
8.098607e-02;1.283750e-01;2.854305e-02;1.067268e-01;1.344286e-02;3.305089e-02;2.277739e-01;4.438865e-02;3.018692e-02;3.080830e-02;6.055233e-02;2.151652e-01
1.613587e-01;7.832416e-02;3.103663e-02;1.369627e-01;1.187581e-02;3.979068e-02;1.966932e-01;3.916444e-02;2.830288e-02;5.305063e-02;4.512727e-02;1.783129e-01
2.267358e-01;4.661885e-02;4.449592e-02;1.522534e-01;1.139289e-02;4.965534e-02;1.387349e-01;4.110048e-02;2.196838e-02;8.603019e-02;3.601874e-02;1.449950e-01
2.439670e-01;4.732210e-02;1.018651e-01;1.359446e-01;2.215748e-02;5.505739e-02;7.293335e-02;3.597933e-02;2.122654e-02;9.375524e-02;5.473817e-02;1.150538e-01
1.747770e-01;6.864300e-02;1.328478e-01;1.043444e-01;4.244184e-02;5.910332e-02;8.090901e-02;3.200281e-02;3.013477e-02;9.456959e-02;8.329774e-02;9.692878e-02
5.888189e-02;7.933013e-02;1.657349e-01;5.384648e-02;4.359980e-02;6.283052e-02;7.223666e-02;5.356826e-02;4.579059e-02;1.263656e-01;1.297619e-01;1.080533e-01
1.527864e-01;5.916835e-02;9.422039e-02;2.596985e-02;3.224802e-02;5.055570e-02;8.067435e-02;8.143924e-02;4.135779e-02;1.421236e-01;1.202929e-01;1.191635e-01
1.845068e-01;6.365780e-02;6.724219e-02;2.430883e-02;2.960409e-02;3.494858e-02;9.884163e-02;9.771404e-02;6.124620e-02;1.083166e-01;1.017014e-01;1.279119e-01
2.476208e-01;9.241048e-02;6.929437e-02;5.221607e-02;2.900258e-02;2.721229e-02;7.486725e-02;7.411657e-02;6.684822e-02;6.869601e-02;7.894190e-02;1.187735e-01
1.593509e-01;5.720754e-02;6.380513e-02;1.169086e-01;3.418158e-02;2.252589e-02;9.963062e-02;6.226929e-02;6.745631e-02;9.724586e-02;9.061497e-02;1.288034e-01
9.196724e-02;3.894747e-02;8.095052e-02;1.103211e-01;7.990097e-02;4.038399e-02;9.628218e-02;7.745530e-02;7.800324e-02;1.214107e-01;7.934975e-02;1.050275e-01
5.964484e-02;5.836470e-02;1.644755e-01;8.043117e-02;1.266883e-01;4.663942e-02;7.356303e-02;5.688225e-02;7.166229e-02;1.177890e-01;6.262307e-02;8.123641e-02
1.455303e-01;8.409536e-02;2.454067e-01;4.689430e-02;1.065347e-01;5.973246e-02;9.009075e-02;3.898688e-02;3.891322e-02;6.583916e-02;3.447160e-02;4.350452e-02
2.399597e-01;8.987208e-02;1.972065e-01;3.232341e-02;7.648968e-02;5.212329e-02;9.581257e-02;5.764775e-02;3.290707e-02;4.934881e-02;3.018035e-02;4.612876e-02
3.532279e-01;8.526939e-02;1.018497e-01;2.609294e-02;4.934577e-02;4.632071e-02;7.270095e-02;5.932817e-02;4.113875e-02;5.691964e-02;3.012064e-02;7.768541e-02
3.262245e-01;5.779619e-02;6.303306e-02;3.552818e-02;1.718770e-02;8.411676e-02;8.590249e-02;4.826037e-02;3.412325e-02;8.805748e-02;4.314651e-02;1.166236e-01
2.281718e-01;5.261369e-02;4.418573e-02;3.844846e-02;2.026847e-02;8.423413e-02;1.348344e-01;3.784655e-02;2.083583e-02;1.073379e-01;7.610224e-02;1.551208e-01
1.280008e-01;5.083067e-02;9.514567e-02;3.010201e-02;3.948009e-02;5.957752e-02;1.734687e-01;3.637278e-02;2.322483e-02;1.022415e-01;1.203213e-01;1.412342e-01
1.382764e-01;3.866313e-02;1.629768e-01;3.797015e-02;5.738269e-02;5.179842e-02;1.397456e-01;2.690162e-02;3.587462e-02;1.106914e-01;1.210761e-01;7.864313e-02
1.911650e-01;3.550733e-02;1.638399e-01;4.232547e-02;6.479358e-02;4.563852e-02;1.048984e-01;2.788711e-02;5.134312e-02;1.254382e-01;1.057049e-01;4.145858e-02
2.476807e-01;4.717018e-02;6.555670e-02;3.587695e-02;4.900923e-02;4.509433e-02;1.656827e-01;2.806474e-02;5.463703e-02;9.658326e-02;8.631790e-02;7.832629e-02
1.968773e-01;5.526569e-02;7.292327e-02;1.622353e-02;3.494021e-02;4.201392e-02;2.231370e-01;2.688307e-02;3.814418e-02;9.272285e-02;9.197851e-02;1.088905e-01
1.656182e-01;7.022334e-02;7.598611e-02;2.485285e-02;4.456392e-02;4.569875e-02;2.392552e-01;3.774233e-02;4.659722e-02;6.284348e-02;1.073134e-01;7.930528e-02
1.632029e-01;7.955733e-02;1.480771e-01;2.796548e-02;3.323444e-02;4.290041e-02;1.697648e-01;4.330441e-02;3.489225e-02;6.253164e-02;1.198629e-01;7.470634e-02
4.862406e-02;6.731163e-02;1.118389e-01;8.315843e-02;8.421970e-02;8.173387e-02;9.923420e-02;6.777705e-02;1.070849e-01;8.901576e-02;7.843904e-02;8.156247e-02
6.924192e-02;6.942378e-02;1.355264e-01;1.154875e-01;8.840205e-02;6.022310e-02;9.364546e-02;4.291480e-02;1.210354e-01;7.746463e-02;6.582727e-02;6.080765e-02
7.203262e-02;7.611112e-02;1.712828e-01;1.216530e-01;7.739970e-02;4.680159e-02;8.891235e-02;4.019829e-02;1.064678e-01;7.797471e-02;6.446966e-02;5.669636e-02
9.142764e-02;8.176267e-02;2.419381e-01;9.601101e-02;5.732896e-02;4.317363e-02;7.834884e-02;4.757965e-02;8.412193e-02;7.205743e-02;5.738728e-02;4.886286e-02
1.932686e-01;1.268528e-01;1.997694e-01;5.004017e-02;4.322737e-02;3.222680e-02;7.704312e-02;5.554324e-02;8.986839e-02;3.500428e-02;4.949372e-02;4.766209e-02
2.908058e-01;1.620462e-01;1.495109e-01;2.616520e-02;3.619183e-02;2.513844e-02;5.663556e-02;6.453425e-02;7.387058e-02;2.659889e-02;4.072354e-02;4.777879e-02
3.034552e-01;1.582141e-01;1.817477e-01;1.746855e-02;3.235256e-02;1.869742e-02;3.782721e-02;6.507707e-02;5.995546e-02;2.700931e-02;4.295220e-02;5.524324e-02
2.757699e-01;1.286323e-01;1.626194e-01;2.767567e-02;2.661889e-02;2.436532e-02;4.370091e-02;8.243733e-02;4.842447e-02;4.678514e-02;9.182017e-02;4.115052e-02
2.201194e-01;8.740837e-02;1.065669e-01;2.662947e-02;2.618923e-02;5.024679e-02;7.695459e-02;9.927539e-02;3.312066e-02;5.990992e-02;1.244195e-01;8.915985e-02
2.560803e-01;1.051309e-01;8.511437e-02;4.031279e-02;2.743427e-02;4.380171e-02;8.289028e-02;7.214956e-02;3.279475e-02;3.685844e-02;9.790938e-02;1.195234e-01
3.113784e-01;1.400728e-01;3.475109e-02;8.208815e-02;1.706266e-02;2.178587e-02;8.579189e-02;4.669677e-02;1.899408e-02;2.916527e-02;5.044936e-02;1.617637e-01
3.219855e-01;1.349413e-01;2.037552e-02;1.366644e-01;5.971460e-03;1.075280e-02;1.044967e-01;2.483239e-02;5.497034e-03;2.240389e-02;1.918476e-02;1.928943e-01
2.535194e-01;1.156374e-01;1.277701e-02;1.776899e-01;1.273697e-02;1.440040e-02;1.374895e-01;1.710930e-02;5.412832e-03;1.693456e-02;2.975868e-02;2.065341e-01
1.559330e-01;9.819321e-02;1.774668e-02;1.556312e-01;3.651403e-02;2.381458e-02;1.725330e-01;3.699132e-02;9.694256e-03;1.608177e-02;5.780141e-02;2.190656e-01
1.195806e-01;8.123458e-02;2.529586e-02;7.726364e-02;7.764421e-02;3.409958e-02;1.778198e-01;7.402558e-02;1.629094e-02;1.660728e-02;8.984482e-02;2.102931e-01
6.221819e-02;4.980411e-02;3.180319e-02;2.864454e-02;1.255441e-01;5.013096e-02;1.626165e-01;1.207225e-01;2.194816e-02;2.617457e-02;1.192782e-01;2.011151e-01
8.500127e-02;4.057541e-02;2.206099e-02;2.446498e-02;1.049531e-01;7.620514e-02;1.548210e-01;1.115507e-01;3.460328e-02;3.123028e-02;1.164983e-01;1.980355e-01
2.052995e-01;3.935013e-02;3.458930e-02;3.911368e-02;5.005364e-02;1.017015e-01;8.904249e-02;9.306488e-02;4.752553e-02;3.655646e-02;9.012872e-02;1.735742e-01
3.422259e-01;6.414656e-02;6.608009e-02;3.449631e-02;2.382252e-02;7.988495e-02;3.299997e-02;9.630153e-02;4.071537e-02;3.542922e-02;6.383497e-02;1.200626e-01
3.789566e-01;5.912620e-02;5.450654e-02;1.497731e-02;1.807172e-02;1.211589e-01;5.005980e-02;8.705764e-02;5.228989e-02;3.399801e-02;4.893850e-02;8.085895e-02
3.558068e-01;3.778965e-02;3.514141e-02;1.830009e-02;2.037976e-02;1.701163e-01;3.681429e-02;6.876092e-02;5.885322e-02;4.424675e-02;4.972755e-02;1.040632e-01
3.404876e-01;3.100878e-02;3.140989e-02;2.650488e-02;1.538977e-02;1.561234e-01;3.797454e-02;5.977561e-02;4.282999e-02;7.886484e-02;5.437193e-02;1.252588e-01
3.329332e-01;3.510061e-02;6.322131e-02;4.109557e-02;1.523771e-02;8.173424e-02;6.527999e-02;4.845265e-02;2.836846e-02;1.152307e-01;6.592055e-02;1.074249e-01
3.098210e-01;3.346838e-02;8.266380e-02;5.459752e-02;2.912810e-02;3.070007e-02;6.728339e-02;2.610201e-02;3.105533e-02;1.171894e-01;9.405473e-02;1.239363e-01
2.895039e-01;2.006776e-02;7.559785e-02;5.594634e-02;3.304404e-02;2.560983e-02;5.216999e-02;1.456439e-02;5.054451e-02;8.907259e-02;1.297758e-01;1.641030e-01
2.836970e-01;6.322873e-02;7.479193e-02;3.797103e-02;3.396887e-02;2.631853e-02;4.745389e-02;1.855700e-02;4.909376e-02;7.678629e-02;1.206634e-01;1.674696e-01
2.399875e-01;8.857900e-02;1.039237e-01;3.861461e-02;4.229258e-02;4.524868e-02;4.840930e-02;2.072860e-02;4.051411e-02;9.261315e-02;1.042799e-01;1.348089e-01
1.968045e-01;9.368218e-02;1.118229e-01;3.802668e-02;4.022048e-02;6.326053e-02;5.983923e-02;3.146039e-02;5.206757e-02;9.466564e-02;1.143969e-01;1.037530e-01
1.482873e-01;8.447891e-02;1.220477e-01;3.971548e-02;4.802473e-02;8.848920e-02;6.691065e-02;4.212510e-02;6.639786e-02;8.333066e-02;1.200894e-01;9.010312e-02
1.413657e-01;1.327226e-01;8.726022e-02;5.260420e-02;6.369478e-02;7.206362e-02;3.462102e-02;5.347084e-02;7.102639e-02;7.832417e-02;9.769735e-02;1.151491e-01
1.591555e-01;1.722510e-01;6.794013e-02;4.508681e-02;6.357624e-02;4.387374e-02;4.674470e-02;5.723429e-02;7.283185e-02;7.375076e-02;7.143727e-02;1.261177e-01
1.714327e-01;2.035057e-01;9.090333e-02;3.575521e-02;3.717828e-02;5.942965e-02;6.922268e-02;6.042922e-02;5.855111e-02;5.958498e-02;5.827010e-02;9.573703e-02
1.309501e-01;2.409582e-01;1.109089e-01;4.367567e-02;3.756942e-02;4.578605e-02;8.722983e-02;7.203877e-02;5.981567e-02;6.051819e-02;5.923370e-02;5.131548e-02
9.385265e-02;2.298313e-01;1.496940e-01;5.166027e-02;4.727748e-02;3.392611e-02;8.557478e-02;6.994863e-02;8.123153e-02;6.715976e-02;5.898204e-02;3.086143e-02
1.276153e-01;1.770572e-01;1.587285e-01;4.407145e-02;4.335235e-02;3.594198e-02;7.716263e-02;7.620955e-02;9.771089e-02;5.752207e-02;5.008722e-02;5.454074e-02
1.085535e-01;1.353317e-01;1.583245e-01;6.813794e-02;3.847237e-02;3.354781e-02;7.978421e-02;1.122816e-01;9.962758e-02;7.787126e-02;2.711255e-02;6.095503e-02
6.636636e-02;1.120593e-01;1.540373e-01;1.232113e-01;3.750224e-02;2.436705e-02;6.278853e-02;1.344756e-01;7.464123e-02;1.086586e-01;5.114694e-02;5.074548e-02
6.310479e-02;9.535432e-02;1.506342e-01;1.253652e-01;2.946721e-02;2.623652e-02;4.616939e-02;1.138313e-01;8.541543e-02;1.123243e-01;9.945679e-02;5.264051e-02
7.214482e-02;7.568828e-02;1.591235e-01;6.874588e-02;3.184916e-02;4.846155e-02;6.534159e-02;8.243077e-02;9.826704e-02;1.064713e-01;1.372736e-01;5.420257e-02
5.158627e-02;4.575865e-02;1.447846e-01;5.557871e-02;5.085379e-02;5.391801e-02;8.310527e-02;7.113639e-02;8.887166e-02;1.414381e-01;1.610400e-01;5.192854e-02
6.435400e-02;5.574343e-02;6.299593e-02;4.139462e-02;6.284190e-02;4.137202e-02;7.705960e-02;7.993171e-02;8.041787e-02;1.896608e-01;1.878831e-01;5.634498e-02
6.721184e-02;6.099143e-02;5.335627e-02;3.959728e-02;5.883842e-02;4.735676e-02;8.989495e-02;8.580012e-02;6.673645e-02;1.868501e-01;1.768551e-01;6.651124e-02
4.976692e-02;5.045272e-02;5.825783e-02;4.067568e-02;6.626850e-02;9.559788e-02;1.182256e-01;5.919025e-02;7.935080e-02;1.411421e-01;1.591191e-01;8.195251e-02
7.383299e-02;3.383556e-02;9.590896e-02;6.363830e-02;9.233584e-02;1.140748e-01;1.181611e-01;3.421470e-02;8.372891e-02;9.590974e-02;1.165036e-01;7.785551e-02
1.423042e-01;3.414857e-02;1.292794e-01;6.838037e-02;6.045374e-02;1.034467e-01;9.070636e-02;4.569900e-02;8.470898e-02;7.505538e-02;8.013931e-02;8.567794e-02
2.400683e-01;6.405880e-02;1.642643e-01;4.599282e-02;2.810471e-02;7.294360e-02;6.903140e-02;5.459074e-02;6.357307e-02;6.440615e-02;5.747424e-02;7.549182e-02
3.298015e-01;7.175758e-02;1.741677e-01;1.616719e-02;1.821081e-02;4.149436e-02;5.406365e-02;5.687545e-02;4.997638e-02;5.681553e-02;5.568032e-02;7.498948e-02
3.191653e-01;6.430270e-02;1.738879e-01;2.465111e-02;2.153398e-02;2.677329e-02;5.854491e-02;5.426516e-02;5.729068e-02;4.480294e-02;6.310543e-02;9.167660e-02
2.538041e-01;5.763401e-02;1.269346e-01;5.590062e-02;1.872564e-02;4.512068e-02;8.534514e-02;4.904648e-02;5.232134e-02;5.690134e-02;9.044526e-02;1.078208e-01
1.538650e-01;4.682162e-02;9.570035e-02;1.078723e-01;2.349772e-02;5.291156e-02;9.938443e-02;3.698755e-02;5.194359e-02;8.276365e-02;1.362911e-01;1.119611e-01
1.075508e-01;4.676750e-02;1.098722e-01;1.050981e-01;2.508805e-02;5.792239e-02;7.114172e-02;4.166546e-02;6.450105e-02;1.129728e-01;1.541113e-01;1.033086e-01
1.167801e-01;5.503523e-02;1.278998e-01;8.010810e-02;3.681431e-02;5.766092e-02;7.956824e-02;4.201494e-02;7.367108e-02;1.064343e-01;1.380997e-01;8.591325e-02
1.427631e-01;4.156769e-02;1.272144e-01;7.539606e-02;5.656802e-02;4.637327e-02;1.088735e-01;5.533271e-02;6.424625e-02;9.132233e-02;9.861235e-02;9.173028e-02
1.466399e-01;6.253985e-02;1.006217e-01;7.294598e-02;5.803818e-02;6.887167e-02;8.745933e-02;7.447425e-02;9.449667e-02;8.004099e-02;6.099101e-02;9.288038e-02
1.132405e-01;7.923556e-02;1.131021e-01;7.924040e-02;8.321956e-02;6.690425e-02;8.539397e-02;7.309964e-02;7.020437e-02;7.916465e-02;7.038240e-02;8.681260e-02
8.484406e-02;6.385893e-02;1.141352e-01;5.804625e-02;1.007603e-01;7.391357e-02;9.675062e-02;9.279973e-02;5.741963e-02;8.170827e-02;8.816735e-02;8.759604e-02
6.607713e-02;4.853225e-02;9.136909e-02;4.564016e-02;8.686585e-02;9.725314e-02;1.287141e-01;7.114444e-02;1.090682e-01;9.190112e-02;7.680146e-02;8.663315e-02
6.055963e-02;6.896599e-02;1.163484e-01;4.823964e-02;5.636665e-02;9.617544e-02;1.285191e-01;7.247876e-02;1.793999e-01;5.495498e-02;4.734862e-02;7.064280e-02
3.052274e-02;9.899503e-02;1.494897e-01;6.613114e-02;5.088756e-02;1.129873e-01;8.052077e-02;6.537472e-02;1.844087e-01;5.026085e-02;5.072219e-02;5.969935e-02
3.583891e-02;1.444074e-01;1.458684e-01;6.554087e-02;4.664630e-02;1.146508e-01;7.765635e-02;6.720331e-02;1.623147e-01;6.048980e-02;4.872662e-02;3.065655e-02
6.696590e-02;1.200404e-01;1.095319e-01;7.587005e-02;6.534191e-02;8.725674e-02;7.880203e-02;9.052505e-02;1.419426e-01;8.812021e-02;4.539028e-02;3.021287e-02
7.732722e-02;7.689132e-02;1.083870e-01;1.042456e-01;1.234217e-01;5.002708e-02;9.442233e-02;8.975693e-02;9.534345e-02;9.225957e-02;4.106100e-02;4.685692e-02
7.522259e-02;6.757262e-02;1.092548e-01;1.336623e-01;1.628233e-01;7.831924e-02;7.431103e-02;8.489756e-02;5.707201e-02;7.646685e-02;3.444365e-02;4.595396e-02
8.476272e-02;6.608572e-02;6.639658e-02;1.298255e-01;1.614241e-01;1.003153e-01;6.440121e-02;9.509864e-02;9.512129e-02;5.137968e-02;3.761319e-02;4.757596e-02
7.459562e-02;6.141082e-02;7.446659e-02;8.369588e-02;1.502932e-01;1.041260e-01;7.895751e-02;1.096593e-01;1.199225e-01;6.234361e-02;4.010656e-02;4.042230e-02
9.509126e-02;5.717491e-02;6.532075e-02;7.324184e-02;1.395645e-01;8.616547e-02;8.269793e-02;9.180135e-02;1.180744e-01;8.818123e-02;4.702502e-02;5.566141e-02
1.195588e-01;4.796829e-02;9.309991e-02;8.308332e-02;6.883702e-02;6.034910e-02;7.047416e-02;9.650452e-02;1.598661e-01;8.510099e-02;4.694891e-02;6.820893e-02
1.251106e-01;7.352601e-02;1.018438e-01;5.599313e-02;3.359098e-02;6.764942e-02;9.726530e-02;8.810151e-02;1.171787e-01;9.919385e-02;4.415198e-02;9.639477e-02
9.544288e-02;1.507154e-01;1.281853e-01;5.314149e-02;4.979181e-02;4.615110e-02;1.396567e-01;7.318991e-02;5.782189e-02;9.087992e-02;3.771567e-02;7.730786e-02
1.254837e-01;1.611621e-01;2.412080e-01;6.058335e-02;4.207440e-02;3.241221e-02;1.043452e-01;4.373758e-02;5.450269e-02;7.007726e-02;2.379931e-02;4.061417e-02
1.163359e-01;1.524608e-01;3.358903e-01;4.104927e-02;3.569565e-02;3.438739e-02;5.589813e-02;3.879418e-02;8.003283e-02;5.563184e-02;1.831996e-02;3.550380e-02
6.560199e-02;1.839298e-01;4.192599e-01;3.943323e-02;2.229061e-02;2.859754e-02;1.448047e-02;4.005836e-02;8.115511e-02;4.411818e-02;9.677566e-03;5.139733e-02
7.040864e-02;2.335223e-01;3.827783e-01;5.123061e-02;1.687023e-02;2.372667e-02;1.504645e-02;4.088143e-02;7.025923e-02;4.286864e-02;9.953503e-03;4.245400e-02
1.893201e-01;2.310936e-01;2.747598e-01;4.235457e-02;2.432123e-02;1.437894e-02;4.216712e-02;5.200640e-02;3.895076e-02;3.879402e-02;1.698400e-02;3.486950e-02
2.202498e-01;1.871624e-01;1.653335e-01;6.528539e-02;2.494644e-02;2.428956e-02;1.072466e-01;5.587346e-02;3.369763e-02;3.217960e-02;2.149008e-02;6.224547e-02
1.272176e-01;1.245837e-01;8.820412e-02;8.160088e-02;3.124608e-02;7.883261e-02;1.903817e-01;5.262914e-02;5.021898e-02;3.965556e-02;5.068051e-02;8.474915e-02
6.451616e-02;5.983206e-02;1.444885e-01;3.905974e-02;5.015637e-02;1.723138e-01;1.806505e-01;3.118998e-02;5.774050e-02;4.556865e-02;1.059887e-01;4.849516e-02
8.623300e-02;4.236092e-02;1.555687e-01;1.931604e-02;4.917389e-02;2.504113e-01;1.289622e-01;1.565931e-02;4.098576e-02;5.126844e-02;1.403283e-01;1.973221e-02
1.076013e-01;3.780301e-02;1.525708e-01;1.345715e-02;5.279677e-02;2.902892e-01;5.218956e-02;1.192840e-02;4.159025e-02;5.860856e-02;1.611944e-01;1.997075e-02
7.667365e-02;2.091984e-02;1.393083e-01;1.346446e-02;7.238302e-02;2.564964e-01;7.152557e-02;2.738473e-02;7.031535e-02;5.769395e-02;1.501304e-01;4.370423e-02
2.991792e-02;3.078604e-02;1.113736e-01;1.957364e-02;6.981046e-02;1.804058e-01;1.920455e-01;4.489059e-02;7.060496e-02;4.035173e-02;1.204979e-01;8.974179e-02
1.038638e-01;5.303499e-02;8.401114e-02;4.130172e-02;3.992928e-02;9.656589e-02;2.306795e-01;4.868826e-02;3.486375e-02;4.201303e-02;1.007322e-01;1.243165e-01
1.328245e-01;5.635881e-02;1.034302e-01;6.456275e-02;2.576423e-02;6.732603e-02;1.973640e-01;3.827840e-02;2.307945e-02;5.961511e-02;1.083789e-01;1.230175e-01
1.342278e-01;3.807845e-02;1.412500e-01;5.638718e-02;2.553404e-02;6.823105e-02;1.756185e-01;4.302248e-02;4.418517e-02;5.583132e-02;1.223698e-01;9.526416e-02
1.463029e-01;4.877426e-02;1.274274e-01;2.088876e-02;2.746613e-02;6.722326e-02;1.429642e-01;5.284625e-02;5.516389e-02;5.678914e-02;1.447570e-01;1.093967e-01
9.491953e-02;8.387350e-02;7.634488e-02;3.667118e-02;3.783879e-02;9.454465e-02;1.251064e-01;4.623421e-02;6.129962e-02;5.852020e-02;1.497803e-01;1.348668e-01
1.338598e-01;7.299129e-02;7.509919e-02;4.716364e-02;3.965317e-02;8.323233e-02;1.458680e-01;4.130523e-02;6.101661e-02;3.104820e-02;1.420309e-01;1.267316e-01
3.823307e-02;5.873586e-02;7.006989e-02;5.411041e-02;5.176238e-02;1.222199e-01;1.748770e-01;4.618094e-02;6.871427e-02;6.805807e-02;1.411585e-01;1.058797e-01
7.024851e-02;6.666159e-02;5.734744e-02;9.049817e-02;6.036740e-02;1.516951e-01;1.635211e-01;5.859688e-02;6.172579e-02;7.278404e-02;7.857858e-02;6.797535e-02
6.411465e-02;5.274712e-02;7.283685e-02;9.997587e-02;8.165529e-02;1.421170e-01;1.383796e-01;5.377362e-02;6.503959e-02;1.137692e-01;5.437458e-02;6.121670e-02
1.109504e-01;5.827589e-02;1.913606e-01;9.930026e-02;6.637469e-02;7.912276e-02;8.038735e-02;4.156204e-02;6.192871e-02;1.381924e-01;3.624510e-02;3.629986e-02
1.445349e-01;8.209894e-02;2.716284e-01;6.463249e-02;4.475296e-02;4.239789e-02;9.303446e-02;4.232709e-02;4.856820e-02;8.621102e-02;4.566021e-02;3.415334e-02
1.919546e-01;1.071886e-01;2.675057e-01;3.539708e-02;2.766986e-02;3.080701e-02;7.630996e-02;4.606722e-02;4.810772e-02;5.746837e-02;5.012492e-02;6.139892e-02
2.053968e-01;1.185962e-01;2.263486e-01;3.335224e-02;3.630001e-02;3.168335e-02;6.128355e-02;4.610699e-02;4.296893e-02;6.146426e-02;6.591494e-02;7.058412e-02
1.699975e-01;8.118789e-02;1.902202e-01;4.607204e-02;4.860693e-02;4.267090e-02;4.928526e-02;4.961341e-02;3.647758e-02;1.017959e-01;1.280109e-01;5.606154e-02
8.602449e-02;2.584859e-02;1.027650e-01;4.826362e-02;4.539081e-02;4.664170e-02;7.208881e-02;8.137131e-02;8.862625e-02;1.082746e-01;1.816418e-01;1.130630e-01
5.520307e-02;3.313550e-02;1.103666e-01;3.423368e-02;4.243973e-02;4.415092e-02;9.241270e-02;8.133098e-02;1.334436e-01;7.215855e-02;1.750554e-01;1.260693e-01
4.085081e-02;5.055390e-02;9.818449e-02;2.534204e-02;5.118215e-02;6.193686e-02;1.165811e-01;8.027427e-02;1.367148e-01;7.781980e-02;1.392240e-01;1.213358e-01
1.325723e-01;5.864549e-02;7.886849e-02;2.912676e-02;4.369440e-02;6.965940e-02;1.627082e-01;7.239860e-02;8.368644e-02;7.092210e-02;8.195983e-02;1.157580e-01
2.002758e-01;5.907471e-02;6.191557e-02;5.416158e-02;2.535496e-02;6.766414e-02;1.770924e-01;6.153348e-02;5.100774e-02;5.678416e-02;5.322693e-02;1.319084e-01
2.306508e-01;3.205592e-02;3.239298e-02;9.231953e-02;1.328269e-02;4.545129e-02;1.975390e-01;5.403665e-02;2.540606e-02;4.864523e-02;4.095092e-02;1.872690e-01
2.159129e-01;2.604971e-02;5.239267e-02;1.158424e-01;1.097641e-02;1.456177e-02;1.944021e-01;3.488526e-02;1.043414e-02;4.316537e-02;3.936545e-02;2.420118e-01
1.763112e-01;1.960860e-02;5.509069e-02;9.341756e-02;5.750541e-03;2.020781e-02;1.962233e-01;1.984140e-02;9.496042e-03;3.417607e-02;7.876674e-02;2.911100e-01
1.591451e-01;1.864987e-02;3.858022e-02;5.984613e-02;5.310523e-03;2.357524e-02;2.051695e-01;1.552508e-02;9.281070e-03;3.358035e-02;1.378898e-01;2.934473e-01
1.418043e-01;1.502717e-02;3.951492e-02;7.461239e-02;1.129644e-02;3.180363e-02;1.975819e-01;2.851247e-02;1.104607e-02;3.219279e-02;1.644784e-01;2.521295e-01
9.600103e-02;1.915083e-02;7.142258e-02;6.625556e-02;1.913283e-02;6.385778e-02;1.702819e-01;2.533813e-02;2.797139e-02;5.205414e-02;2.044510e-01;1.840828e-01
5.937067e-02;2.738877e-02;1.160781e-01;3.463737e-02;2.508216e-02;8.711921e-02;1.376659e-01;1.853222e-02;3.436832e-02;9.192209e-02;2.371570e-01;1.306781e-01
4.859442e-02;4.966901e-02;1.055624e-01;2.626724e-02;3.941659e-02;5.689806e-02;1.031267e-01;2.283153e-02;3.369928e-02;1.731964e-01;2.141487e-01;1.265897e-01
6.034173e-02;6.796449e-02;5.545488e-02;3.251688e-02;4.792726e-02;1.946766e-02;8.345980e-02;3.675196e-02;5.940050e-02;2.300304e-01;1.984628e-01;1.082216e-01
4.929066e-02;7.271174e-02;6.919566e-02;2.598708e-02;4.737264e-02;4.494104e-02;9.494954e-02;5.727959e-02;7.678602e-02;2.129278e-01;1.630959e-01;8.546227e-02
5.742339e-02;5.509735e-02;8.675904e-02;3.817975e-02;5.266102e-02;5.865919e-02;5.513917e-02;7.027761e-02;8.780464e-02;1.852810e-01;1.550930e-01;9.762483e-02
7.496469e-02;5.454889e-02;8.448930e-02;4.736784e-02;6.476004e-02;4.738554e-02;6.220333e-02;8.389545e-02;9.629197e-02;1.538990e-01;1.233319e-01;1.068620e-01
9.377822e-02;7.856607e-02;5.488672e-02;4.632832e-02;7.618466e-02;5.379351e-02;5.097355e-02;7.683387e-02;8.792984e-02;1.509025e-01;1.608289e-01;6.899381e-02
1.196558e-01;8.187576e-02;7.182646e-02;3.542392e-02;6.066313e-02;6.773846e-02;5.259349e-02;6.747773e-02;6.479870e-02;1.205232e-01;2.076433e-01;4.978013e-02
2.022790e-01;8.958703e-02;1.017046e-01;2.892404e-02;3.162878e-02;5.389043e-02;7.143437e-02;6.245299e-02;3.283954e-02;6.326426e-02;1.641183e-01;9.787671e-02
3.241482e-01;9.806884e-02;9.446913e-02;4.126206e-02;1.386173e-02;6.293330e-02;6.616115e-02;4.486719e-02;2.192331e-02;3.759135e-02;8.032927e-02;1.143845e-01
3.999023e-01;9.264126e-02;8.295989e-02;3.292082e-02;9.399553e-03;7.104061e-02;6.003896e-02;4.960551e-02;3.020954e-02;4.352666e-02;2.595960e-02;1.017953e-01
3.784280e-01;9.145721e-02;4.725270e-02;5.257168e-02;1.139066e-02;6.278660e-02;8.176721e-02;4.987703e-02;2.830830e-02;5.774016e-02;1.807756e-02;1.203429e-01
2.722607e-01;7.915256e-02;1.986250e-02;1.062157e-01;1.857365e-02;4.165244e-02;1.517996e-01;3.484512e-02;2.621930e-02;5.519939e-02;3.096402e-02;1.632549e-01
1.449679e-01;7.083280e-02;2.471009e-02;1.223217e-01;2.738331e-02;3.300928e-02;2.341201e-01;1.968219e-02;3.216501e-02;3.459044e-02;4.819084e-02;2.080264e-01
1.681069e-01;7.537773e-02;2.710195e-02;1.023347e-01;2.450368e-02;3.844057e-02;2.392071e-01;2.463858e-02;2.320544e-02;2.432781e-02;5.609001e-02;1.966655e-01
1.952214e-01;7.639646e-02;6.295956e-02;8.060011e-02;2.262749e-02;4.586738e-02;2.021936e-01;3.913186e-02;2.773909e-02;3.554514e-02;6.755415e-02;1.441638e-01
1.914074e-01;9.445018e-02;1.177084e-01;5.008190e-02;2.977759e-02;6.268665e-02;1.622650e-01;3.486801e-02;3.741793e-02;5.669134e-02;9.060636e-02;7.203916e-02
1.577637e-01;8.938619e-02;1.755189e-01;4.038435e-02;3.259222e-02;6.344874e-02;1.381660e-01;2.822436e-02;3.254158e-02;6.049288e-02;1.199695e-01;6.151155e-02
8.749467e-02;6.250308e-02;1.215908e-01;3.962725e-02;3.423932e-02;6.973302e-02;1.377246e-01;2.861983e-02;3.206844e-02;9.993678e-02;1.709352e-01;1.155270e-01
2.860343e-02;6.612489e-02;9.189048e-02;4.251943e-02;3.107209e-02;6.965299e-02;1.144512e-01;2.319245e-02;6.165363e-02;1.516817e-01;2.043447e-01;1.148130e-01
5.101267e-02;7.841170e-02;1.088924e-01;7.233554e-02;3.855850e-02;5.275964e-02;1.345368e-01;3.221015e-02;9.208990e-02;1.153014e-01;1.517385e-01;7.215270e-02
7.407572e-02;7.035456e-02;9.303418e-02;8.698796e-02;5.398454e-02;4.815378e-02;1.587275e-01;5.601127e-02;8.898120e-02;6.906799e-02;1.223771e-01;7.824430e-02
1.213773e-01;6.293654e-02;1.495146e-01;5.290368e-02;5.109710e-02;5.187859e-02;1.446395e-01;8.016059e-02;6.179696e-02;4.102649e-02;8.269115e-02;9.997761e-02
8.090455e-02;8.108389e-02;1.795190e-01;6.727116e-02;7.861185e-02;7.165491e-02;1.339204e-01;8.757932e-02;6.373156e-02;4.392860e-02;4.903420e-02;6.276057e-02
6.328823e-02;6.752451e-02;2.572462e-01;6.130970e-02;9.166259e-02;8.173127e-02;1.103920e-01;6.567992e-02;6.574564e-02;5.807362e-02;3.538743e-02;4.195882e-02
9.883858e-02;6.406607e-02;3.194624e-01;3.143103e-02;6.905438e-02;8.059800e-02;1.203807e-01;3.813571e-02;5.753672e-02;6.843192e-02;3.326804e-02;1.879648e-02
1.655752e-01;7.524130e-02;2.584565e-01;2.679932e-02;5.292620e-02;6.370516e-02;1.241286e-01;5.015471e-02;4.249541e-02;7.055322e-02;3.472228e-02;3.524213e-02
2.772825e-01;8.379059e-02;1.483006e-01;2.123663e-02;3.830115e-02;4.827425e-02;9.863095e-02;5.931671e-02;4.605396e-02;6.982658e-02;4.238635e-02;6.659974e-02
2.510214e-01;5.667934e-02;1.206778e-01;3.062513e-02;2.206120e-02;7.716335e-02;7.908981e-02;3.729431e-02;5.621921e-02;9.807758e-02;8.047815e-02;9.061264e-02
1.281561e-01;3.623466e-02;8.427623e-02;3.459720e-02;3.663858e-02;7.286716e-02;8.745249e-02;3.754478e-02;5.315594e-02;1.981301e-01;1.469325e-01;8.401430e-02
2.950232e-02;4.486756e-02;9.321369e-02;3.493471e-02;6.486452e-02;7.348827e-02;8.717359e-02;8.643282e-02;7.001390e-02;2.224744e-01;1.418085e-01;5.122572e-02
5.247960e-02;4.516067e-02;9.903367e-02;5.719136e-02;9.567139e-02;8.278967e-02;6.747057e-02;7.058125e-02;9.343067e-02;2.387263e-01;6.532590e-02;3.213897e-02
5.110203e-02;3.840952e-02;6.084651e-02;8.720197e-02;9.081637e-02;6.739450e-02;6.702805e-02;3.096221e-02;1.029207e-01;3.368361e-01;4.205931e-02;2.442278e-02
5.243852e-02;4.484371e-02;3.821682e-02;8.322188e-02;1.057672e-01;6.349731e-02;5.431923e-02;2.924971e-02;1.126609e-01;3.514140e-01;3.512274e-02;2.924798e-02
6.721708e-02;6.699798e-02;8.726493e-02;4.951277e-02;1.017988e-01;7.580457e-02;6.141418e-02;4.075442e-02;1.517443e-01;2.450557e-01;2.976272e-02;2.267257e-02
6.358697e-02;4.544749e-02;1.142972e-01;6.957504e-02;8.600206e-02;8.162543e-02;6.144481e-02;5.548492e-02;1.650731e-01;1.871681e-01;4.033475e-02;2.996017e-02
3.744390e-02;3.076958e-02;7.999077e-02;1.312551e-01;1.173392e-01;1.362595e-01;5.146279e-02;4.704339e-02;1.162901e-01;1.824055e-01;3.681753e-02;3.292260e-02
1.918774e-02;2.917500e-02;1.020686e-01;8.778108e-02;2.244845e-01;1.145333e-01;5.951775e-02;3.630709e-02;1.016696e-01;1.882438e-01;1.401732e-02;2.301424e-02
1.711727e-02;1.577375e-02;1.216585e-01;6.807805e-02;2.730015e-01;5.073107e-02;5.516059e-02;3.403065e-02;1.189849e-01;2.101045e-01;1.711170e-02;1.824749e-02
2.136931e-02;1.848472e-02;1.182557e-01;1.026808e-01;2.267777e-01;4.174364e-02;7.116935e-02;3.560218e-02;7.876856e-02;2.530097e-01;1.371633e-02;1.842199e-02
2.849483e-02;2.358734e-02;1.274855e-01;7.750025e-02;1.650449e-01;6.917278e-02;8.803300e-02;4.166056e-02;7.565214e-02;2.634315e-01;1.775571e-02;2.218157e-02
5.214167e-02;4.163849e-02;2.241594e-01;4.150034e-02;1.018277e-01;8.564539e-02;1.215675e-01;4.820038e-02;8.288307e-02;1.437425e-01;2.826248e-02;2.843106e-02
1.108817e-01;6.293672e-02;2.690778e-01;2.935317e-02;6.115868e-02;6.949177e-02;1.505606e-01;6.656424e-02;6.499289e-02;5.663699e-02;2.945596e-02;2.888950e-02
1.931662e-01;8.360124e-02;2.242556e-01;2.294611e-02;3.792917e-02;4.486714e-02;1.390986e-01;7.336624e-02;6.903187e-02;3.429827e-02;2.952145e-02;4.791813e-02
2.305505e-01;8.230609e-02;1.383460e-01;2.321732e-02;3.658048e-02;4.204592e-02;1.211916e-01;5.304613e-02;8.029816e-02;4.653953e-02;6.540296e-02;8.047538e-02
1.370260e-01;5.244716e-02;6.693856e-02;3.449711e-02;5.601866e-02;6.487251e-02;1.123381e-01;4.490547e-02;8.820385e-02;1.109549e-01;1.347676e-01;9.703010e-02
3.989894e-02;7.178611e-02;8.110390e-02;3.267242e-02;6.032776e-02;4.471264e-02;1.099893e-01;7.768522e-02;1.073817e-01;1.457209e-01;1.373142e-01;9.140688e-02
9.342599e-02;8.390329e-02;9.915933e-02;3.966728e-02;5.398370e-02;4.314402e-02;1.252941e-01;9.327387e-02;9.018883e-02;1.183197e-01;9.548876e-02;6.415109e-02
1.213936e-01;5.951616e-02;1.321976e-01;5.208991e-02;5.422899e-02;6.423742e-02;1.180170e-01;9.657022e-02;6.463595e-02;8.563223e-02;9.359605e-02;5.788489e-02
1.126406e-01;5.789918e-02;1.113623e-01;6.622277e-02;4.511553e-02;4.848440e-02;7.624421e-02;5.720491e-02;8.784878e-02;9.249723e-02;1.375312e-01;1.069489e-01
7.555857e-02;2.411906e-02;9.382949e-02;7.949888e-02;7.253572e-02;4.885468e-02;1.033100e-01;8.878677e-02;1.476747e-01;3.555995e-02;1.648629e-01;6.540930e-02
2.903682e-02;4.282483e-02;8.874840e-02;7.618675e-02;7.270642e-02;5.481660e-02;1.170601e-01;1.095316e-01;1.761437e-01;7.373894e-02;1.257208e-01;3.348491e-02
5.447983e-02;5.792052e-02;6.969575e-02;7.049242e-02;7.341415e-02;5.150793e-02;9.940871e-02;1.039009e-01;1.816921e-01;8.680853e-02;1.038337e-01;4.684554e-02
1.356969e-01;8.647901e-02;1.439674e-01;5.894606e-02;7.491478e-02;3.509129e-02;6.170323e-02;5.682316e-02;1.317642e-01;7.659858e-02;9.033781e-02;4.767762e-02
2.628246e-01;1.174664e-01;1.764288e-01;2.066706e-02;4.859710e-02;2.365479e-02;7.142414e-02;7.863545e-02;2.772505e-02;4.340505e-02;4.757053e-02;8.160099e-02
3.655169e-01;1.232515e-01;1.113369e-01;1.538107e-02;2.801749e-02;1.820187e-02;5.816954e-02;1.134396e-01;1.633186e-02;1.838759e-02;3.781717e-02;9.414863e-02
3.314518e-01;1.080602e-01;1.076755e-01;1.642711e-02;2.477554e-02;2.188767e-02;7.254580e-02;1.079548e-01;1.732539e-02;3.427061e-02;4.957833e-02;1.080472e-01
2.180034e-01;8.632439e-02;9.017955e-02;2.625536e-02;3.550386e-02;4.599491e-02;9.408563e-02;9.483075e-02;2.039597e-02;5.664085e-02;1.151787e-01;1.166066e-01
6.790995e-02;5.067120e-02;1.330442e-01;3.462284e-02;3.490653e-02;1.137233e-01;1.008782e-01;8.265994e-02;4.355546e-02;8.210153e-02;1.850834e-01;7.084338e-02
7.737671e-02;2.819946e-02;1.436046e-01;1.533707e-02;3.993746e-02;1.900464e-01;8.808026e-02;4.864634e-02;6.663287e-02;7.875259e-02;1.676409e-01;5.574536e-02
8.946145e-02;2.004896e-02;9.463921e-02;1.270105e-02;6.262406e-02;1.896470e-01;7.477462e-02;4.564428e-02;9.140093e-02;7.361867e-02;1.668012e-01;7.863859e-02
6.514419e-02;1.517672e-02;1.169817e-01;1.191500e-02;9.225496e-02;1.299951e-01;5.747062e-02;3.356359e-02;1.073119e-01;8.664673e-02;1.976533e-01;8.588617e-02
3.579490e-02;1.710045e-02;1.176272e-01;1.441279e-02;8.214498e-02;1.222343e-01;6.370389e-02;2.106746e-02;1.038376e-01;9.658874e-02;2.436527e-01;8.183487e-02
6.954043e-02;1.273649e-02;1.118085e-01;2.553530e-02;4.701241e-02;1.737025e-01;3.655589e-02;1.625098e-02;7.092911e-02;1.041558e-01;2.527588e-01;7.901386e-02
5.761168e-02;1.942253e-02;9.007120e-02;3.575753e-02;5.948164e-02;1.982424e-01;3.913940e-02;3.718559e-02;5.650204e-02;1.075544e-01;2.270221e-01;7.200947e-02
4.254895e-02;2.133544e-02;1.028206e-01;3.302378e-02;1.325817e-01;1.689356e-01;6.397473e-02;4.553910e-02;5.707397e-02;9.371082e-02;1.719729e-01;6.648247e-02
3.643559e-02;1.242637e-02;8.677612e-02;1.686198e-02;2.125304e-01;1.272916e-01;8.398074e-02;5.588552e-02;7.130951e-02;7.746904e-02;1.526411e-01;6.639204e-02
3.066846e-02;7.870848e-03;1.216257e-01;1.377363e-02;2.136832e-01;1.116815e-01;6.110733e-02;3.588484e-02;8.549907e-02;9.467189e-02;1.619439e-01;6.158968e-02
4.717950e-02;7.239593e-03;1.545878e-01;4.988708e-02;1.266921e-01;1.696230e-01;3.525397e-02;1.766658e-02;6.029828e-02;9.964550e-02;1.808420e-01;5.108458e-02
6.833849e-02;2.086135e-02;1.505024e-01;9.943543e-02;3.655726e-02;2.207399e-01;3.032305e-02;1.259439e-02;3.124738e-02;8.473755e-02;1.965685e-01;4.809436e-02
1.074762e-01;4.093636e-02;1.298646e-01;7.205735e-02;1.885651e-02;2.069508e-01;3.067867e-02;7.728389e-03;2.140477e-02;7.635851e-02;2.240259e-01;6.366191e-02
1.073222e-01;3.702524e-02;1.050235e-01;2.571369e-02;1.230233e-02;1.818557e-01;2.904451e-02;1.570021e-02;2.249911e-02;1.013197e-01;2.768578e-01;8.533597e-02
8.375739e-02;1.303842e-02;9.636862e-02;7.959822e-03;1.682149e-02;1.717732e-01;2.875658e-02;4.383917e-02;1.814484e-02;1.234514e-01;3.074298e-01;8.865930e-02
5.809530e-02;1.125723e-02;9.056739e-02;1.504945e-02;4.183148e-02;1.755653e-01;3.032229e-02;5.958135e-02;3.490121e-02;1.042875e-01;2.955434e-01;8.299813e-02
4.936461e-02;3.021718e-02;1.049175e-01;2.953487e-02;7.246092e-02;1.623978e-01;2.973752e-02;3.195408e-02;3.099242e-02;9.040403e-02;2.857602e-01;8.225895e-02
2.928095e-02;6.540023e-02;1.363565e-01;2.991833e-02;5.779108e-02;1.113442e-01;4.522203e-02;1.271916e-02;2.576813e-02;9.750634e-02;2.937572e-01;9.493589e-02
3.125231e-02;8.589198e-02;1.230946e-01;1.986140e-02;3.399549e-02;5.821418e-02;7.836559e-02;1.247241e-02;2.641865e-02;9.336055e-02;3.142723e-01;1.228005e-01
8.237465e-02;5.020632e-02;1.064977e-01;2.162478e-02;3.058635e-02;5.176551e-02;7.603199e-02;1.602468e-02;2.775161e-02;7.107010e-02;3.223166e-01;1.437496e-01
6.581572e-02;4.257642e-02;1.198474e-01;2.427884e-02;2.828535e-02;3.770881e-02;3.307554e-02;2.195798e-02;2.773772e-02;1.115106e-01;3.101076e-01;1.770980e-01
8.579654e-02;4.947849e-02;1.415082e-01;2.395956e-02;1.868810e-02;4.368770e-02;3.938072e-02;2.159917e-02;2.455848e-02;9.153300e-02;2.883580e-01;1.714521e-01
6.856283e-02;5.509840e-02;8.416530e-02;3.446458e-02;4.079373e-02;6.963304e-02;3.886776e-02;2.808873e-02;2.792546e-02;1.120104e-01;2.917276e-01;1.486621e-01
5.756522e-02;4.907757e-02;3.778147e-02;6.477583e-02;4.899248e-02;8.466742e-02;5.371106e-02;3.301951e-02;3.854937e-02;1.009891e-01;2.779444e-01;1.529266e-01
9.143408e-02;5.450800e-02;5.012478e-02;1.118612e-01;3.039743e-02;7.179610e-02;7.674089e-02;3.336297e-02;2.320581e-02;6.826293e-02;2.180322e-01;1.702737e-01
7.943211e-02;5.087802e-02;5.894281e-02;1.382402e-01;4.634337e-02;6.498937e-02;5.012315e-02;2.416077e-02;1.690687e-02;1.055090e-01;2.074202e-01;1.570541e-01
6.602954e-02;7.993629e-02;6.830934e-02;1.386473e-01;4.111682e-02;6.299078e-02;4.719999e-02;2.704228e-02;2.840814e-02;1.286771e-01;1.725481e-01;1.390942e-01
