5.805669e-02;4.487637e-02;3.271401e-02;3.115197e-02;7.035599e-02;2.508256e-02;1.573284e-01;1.673813e-01;7.411107e-02;7.501459e-02;1.986422e-01;6.528471e-02
8.818576e-02;7.538447e-02;4.661123e-02;3.128388e-02;7.237394e-02;4.459323e-02;1.610673e-01;1.643883e-01;5.712930e-02;8.284232e-02;9.944621e-02;7.669410e-02
9.118918e-02;6.338306e-02;4.549544e-02;3.635390e-02;5.692765e-02;3.702677e-02;1.720472e-01;1.685883e-01;5.354346e-02;7.234467e-02;1.571757e-01;4.592458e-02
1.005406e-01;3.926924e-02;5.697530e-02;6.544460e-02;5.218183e-02;3.503870e-02;1.865641e-01;1.422500e-01;5.662765e-02;6.435027e-02;1.624998e-01;3.825789e-02
6.840462e-02;3.544579e-02;4.960999e-02;1.110996e-01;3.481223e-02;5.033265e-02;1.640650e-01;1.417692e-01;6.640910e-02;1.079212e-01;1.453943e-01;2.473625e-02
8.040466e-02;5.302570e-02;4.338983e-02;7.755518e-02;4.632547e-02;5.515557e-02;1.306092e-01;1.079991e-01;7.847818e-02;1.167327e-01;1.818099e-01;2.851446e-02
1.163042e-01;7.417627e-02;3.518655e-02;2.954374e-02;6.017388e-02;5.442106e-02;1.039642e-01;9.102989e-02;8.301736e-02;1.023064e-01;2.100610e-01;3.981539e-02
1.288398e-01;6.497597e-02;4.924157e-02;1.056776e-01;6.711334e-02;5.650390e-02;8.778322e-02;7.545330e-02;8.861683e-02;8.167422e-02;1.390341e-01;5.508612e-02
1.092192e-01;7.338203e-02;5.999909e-02;1.823055e-01;6.642425e-02;5.381458e-02;8.063792e-02;9.348153e-02;7.460664e-02;6.220418e-02;8.664223e-02;5.728278e-02
7.194378e-02;6.997646e-02;6.590602e-02;1.851468e-01;7.932072e-02;5.037605e-02;1.035804e-01;1.315670e-01;5.290988e-02;7.057544e-02;7.767615e-02;4.102124e-02
8.213913e-02;7.390293e-02;6.482726e-02;1.374912e-01;6.696569e-02;4.769225e-02;1.237806e-01;1.162191e-01;7.110797e-02;1.033603e-01;6.681333e-02;4.570016e-02
1.016560e-01;9.913380e-02;6.332705e-02;7.041820e-02;3.366217e-02;5.384089e-02;1.309125e-01;1.056748e-01;8.916511e-02;1.276322e-01;6.843014e-02;5.614708e-02
1.286614e-01;9.801427e-02;7.349942e-02;6.854735e-02;3.665996e-02;5.405001e-02;1.285435e-01;1.103875e-01;8.046618e-02;9.782795e-02;5.539912e-02;6.794321e-02
1.669245e-01;8.942538e-02;6.181103e-02;4.703382e-02;5.380475e-02;6.091506e-02;1.285140e-01;8.805189e-02;6.098697e-02;8.033181e-02;1.180885e-01;4.411228e-02
1.714720e-01;9.678650e-02;4.522477e-02;4.970899e-02;3.894120e-02;5.923266e-02;1.170828e-01;1.182145e-01;6.593660e-02;4.610068e-02;1.539101e-01;3.738914e-02
1.836429e-01;1.329551e-01;3.879607e-02;4.116966e-02;2.083903e-02;5.193602e-02;1.501662e-01;1.032114e-01;4.075642e-02;3.476838e-02;1.787243e-01;2.303454e-02
1.616325e-01;1.106597e-01;4.109533e-02;3.793636e-02;9.033941e-03;5.953562e-02;1.705228e-01;1.116945e-01;3.943594e-02;3.167345e-02;2.066880e-01;2.009182e-02
1.256207e-01;6.660631e-02;4.155649e-02;2.881135e-02;1.883713e-02;8.529901e-02;1.708871e-01;9.797250e-02;3.536320e-02;3.397262e-02;2.722130e-01;2.286058e-02
7.845418e-02;4.356787e-02;2.987679e-02;1.351997e-02;4.598505e-02;9.890357e-02;1.434934e-01;1.163532e-01;2.547717e-02;5.926200e-02;3.293371e-01;1.576961e-02
5.861996e-02;5.608520e-02;7.219257e-03;1.549424e-02;1.049071e-01;6.277865e-02;8.877138e-02;1.660823e-01;3.015723e-02;1.222702e-01;2.797509e-01;7.863498e-03
5.476031e-02;6.035386e-02;8.430488e-03;1.886041e-02;1.608336e-01;2.333702e-02;5.840002e-02;1.500544e-01;6.489429e-02;1.847017e-01;2.031810e-01;1.219302e-02
4.412195e-02;3.069181e-02;1.027724e-02;3.094545e-02;1.726637e-01;3.227502e-02;1.255213e-01;8.740763e-02;1.094157e-01;2.018096e-01;1.374722e-01;1.739834e-02
4.741700e-02;5.094174e-02;1.933737e-02;5.511836e-02;1.198611e-01;3.599268e-02;2.090771e-01;7.214825e-02;1.357679e-01;1.578619e-01;7.776166e-02;1.871497e-02
7.934022e-02;6.755478e-02;2.899933e-02;1.187268e-01;5.687179e-02;3.124332e-02;1.931164e-01;1.313378e-01;1.019547e-01;7.825056e-02;9.705433e-02;1.554995e-02
8.110407e-02;6.733064e-02;3.020165e-02;1.769408e-01;3.089811e-02;3.502284e-02;1.462769e-01;2.199720e-01;7.671095e-02;3.662080e-02;8.377489e-02;1.514638e-02
7.096124e-02;4.507073e-02;1.793475e-02;1.969438e-01;3.868289e-02;3.451423e-02;1.215078e-01;2.584918e-01;5.680174e-02;3.488145e-02;9.931675e-02;2.489286e-02
7.221202e-02;1.528759e-02;6.099181e-02;1.873561e-01;3.331758e-02;2.059503e-02;1.543756e-01;2.648339e-01;5.327134e-02;3.499778e-02;7.085852e-02;3.190272e-02
5.403151e-02;8.993065e-02;9.536109e-02;1.206724e-01;2.653690e-02;5.905332e-02;1.517233e-01;2.828971e-01;2.976958e-02;2.589777e-02;3.703331e-02;2.709305e-02
3.266828e-02;7.850406e-02;8.224448e-02;4.157611e-02;4.311507e-02;1.144944e-01;1.516169e-01;2.862519e-01;7.501595e-02;2.768642e-02;3.213806e-02;3.468834e-02
3.940880e-02;3.222327e-02;5.203583e-02;3.377157e-02;2.956364e-02;1.375389e-01;1.472296e-01;2.800255e-01;1.389620e-01;3.890571e-02;2.600351e-02;4.433164e-02
7.375614e-02;1.853353e-02;2.786664e-02;1.075540e-01;2.774407e-02;1.050745e-01;1.216901e-01;2.333854e-01;1.596569e-01;3.938883e-02;3.202988e-02;5.332003e-02
9.826764e-02;1.850115e-02;1.799832e-02;1.352777e-01;3.342791e-02;4.404999e-02;9.818637e-02;2.143212e-01;2.013154e-01;2.975574e-02;5.225897e-02;5.663969e-02
1.023868e-01;9.801878e-03;1.484031e-02;1.416034e-01;4.154591e-02;1.431346e-02;1.096996e-01;1.706468e-01;2.593289e-01;4.192406e-02;5.757829e-02;3.633063e-02
8.170416e-02;1.748853e-02;2.264681e-02;1.088745e-01;5.565497e-02;1.851794e-02;1.283756e-01;1.207618e-01;2.401454e-01;1.109704e-01;7.599965e-02;1.886027e-02
6.261481e-02;2.829947e-02;2.029517e-02;6.373723e-02;8.317704e-02;2.939761e-02;1.164118e-01;8.326996e-02;1.987886e-01;1.913575e-01;1.011266e-01;2.152422e-02
3.715123e-02;3.976585e-02;1.197258e-02;4.675933e-02;1.084573e-01;2.024239e-02;8.225392e-02;9.300607e-02;1.566251e-01;2.410298e-01;1.310048e-01;3.173156e-02
4.385302e-02;5.011372e-02;1.739905e-02;3.217955e-02;1.090350e-01;1.706317e-02;7.359607e-02;9.438359e-02;1.103592e-01;2.097684e-01;2.139980e-01;2.825124e-02
5.918835e-02;6.683931e-02;3.051527e-02;2.887916e-02;6.907275e-02;2.012579e-02;1.151133e-01;1.650717e-01;6.908680e-02;1.205346e-01;2.417643e-01;1.380865e-02
7.647587e-02;8.373705e-02;2.620343e-02;2.550214e-02;3.405991e-02;2.044227e-02;1.865201e-01;2.114661e-01;6.455278e-02;5.551063e-02;2.063766e-01;9.153128e-03
8.461923e-02;8.839877e-02;1.251970e-02;2.377751e-02;2.258379e-02;1.812493e-02;2.531910e-01;2.033751e-01;8.426131e-02;5.145060e-02;1.475697e-01;1.012836e-02
3.472861e-02;4.249458e-02;1.734073e-02;2.746265e-02;3.500818e-02;1.880429e-02;3.522112e-01;1.725858e-01;7.730887e-02;1.230287e-01;8.875085e-02;1.027557e-02
1.017925e-01;5.975508e-02;2.298778e-02;2.172947e-02;3.051996e-02;3.349659e-02;2.791184e-01;1.461204e-01;5.742342e-02;7.867122e-02;1.464957e-01;2.188970e-02
1.231017e-01;8.546959e-02;2.791345e-02;2.620263e-02;2.287554e-02;3.521594e-02;1.912416e-01;1.896330e-01;3.794722e-02;5.570853e-02;1.774695e-01;2.722125e-02
1.028738e-01;7.451673e-02;2.174623e-02;3.145083e-02;1.916482e-02;2.835485e-02;1.699694e-01;2.184195e-01;4.635988e-02;6.743634e-02;2.014499e-01;1.825762e-02
7.033350e-02;4.040242e-02;1.209249e-02;3.677836e-02;1.634830e-02;1.541715e-02;1.112355e-01;1.749340e-01;5.896160e-02;8.805699e-02;3.668965e-01;8.543167e-03
5.821760e-02;1.315086e-02;1.213451e-02;3.832566e-02;1.210647e-02;8.550651e-03;1.084077e-01;2.235908e-01;7.396194e-02;7.779416e-02;3.582144e-01;1.554521e-02
6.491808e-02;1.072349e-02;1.253115e-02;4.105385e-02;8.423503e-03;7.791881e-03;1.618475e-01;3.241503e-01;9.953005e-02;5.911319e-02;1.942484e-01;1.566868e-02
7.027972e-02;1.846627e-02;1.441029e-02;3.716781e-02;1.090309e-02;1.516758e-02;2.309129e-01;3.492034e-01;9.683676e-02;4.742031e-02;9.451100e-02;1.472086e-02
6.638382e-02;4.156863e-02;1.522915e-02;2.779036e-02;9.889011e-03;2.731024e-02;3.332376e-01;2.983616e-01;8.383199e-02;3.171231e-02;4.961434e-02;1.507098e-02
6.475502e-02;8.900431e-02;1.603976e-02;2.288330e-02;1.638183e-02;4.172648e-02;4.315129e-01;1.694671e-01;6.483978e-02;3.290486e-02;2.731561e-02;2.316914e-02
1.017307e-01;9.365623e-02;2.164444e-02;1.871608e-02;3.571316e-02;5.236350e-02;2.874548e-01;1.605888e-01;4.273487e-02;5.961404e-02;1.098601e-01;1.592327e-02
8.135057e-02;5.384985e-02;2.646098e-02;3.456313e-02;4.656095e-02;7.338020e-02;3.061523e-01;1.113765e-01;4.779420e-02;7.782870e-02;1.199508e-01;2.073179e-02
7.131280e-02;7.289810e-02;4.264715e-02;3.439163e-02;5.549530e-02;6.548055e-02;3.181333e-01;9.797932e-02;5.204786e-02;7.589900e-02;1.033155e-01;1.039951e-02
6.201865e-02;4.559371e-02;5.403236e-02;6.575609e-02;7.911701e-02;6.681568e-02;2.135469e-01;1.223561e-01;8.436326e-02;9.389610e-02;8.890845e-02;2.359572e-02
5.377957e-02;5.524163e-02;3.970786e-02;6.690168e-02;5.996063e-02;5.437646e-02;1.707700e-01;8.830488e-02;1.108708e-01;2.006205e-01;7.243254e-02;2.703348e-02
4.640504e-02;5.028479e-02;2.389736e-02;3.706828e-02;2.444961e-02;2.768500e-02;1.623971e-01;1.296819e-01;1.636338e-01;2.761457e-01;3.532686e-02;2.302464e-02
3.672413e-02;3.829839e-02;1.794463e-02;1.541420e-02;1.347604e-02;2.331773e-02;1.716583e-01;1.690349e-01;2.308410e-01;2.401233e-01;2.615287e-02;1.701447e-02
7.088196e-02;8.137730e-02;1.496650e-02;1.666376e-02;1.621531e-02;4.222546e-02;2.555540e-01;1.376985e-01;1.837283e-01;1.372460e-01;3.367689e-02;9.766016e-03
1.120088e-01;1.226037e-01;1.867170e-02;2.491812e-02;1.831229e-02;5.019669e-02;3.135071e-01;1.616338e-01;5.908391e-02;4.524217e-02;6.334879e-02;1.047291e-02
7.527439e-02;8.952324e-02;1.357585e-02;3.000827e-02;1.527608e-02;4.820882e-02;3.376752e-01;2.410955e-01;3.172766e-02;3.104365e-02;7.512764e-02;1.146370e-02
5.783058e-02;6.430446e-02;1.025571e-02;3.066240e-02;2.029936e-02;3.634864e-02;3.527899e-01;3.135771e-01;2.449481e-02;2.361835e-02;5.928923e-02;6.529556e-03
5.759677e-02;3.297697e-02;2.398854e-02;3.096196e-02;3.602803e-02;2.542343e-02;3.190909e-01;3.722476e-01;2.748946e-02;2.874347e-02;3.924521e-02;6.207570e-03
1.858623e-02;2.843433e-02;3.734002e-02;2.170091e-02;2.464296e-02;3.350530e-02;3.715532e-01;3.989764e-01;2.310335e-02;2.259788e-02;8.411027e-03;1.114838e-02
1.925910e-02;2.632219e-02;4.465333e-02;1.185255e-02;2.259960e-02;2.994530e-02;3.906920e-01;3.827462e-01;1.749987e-02;2.211555e-02;1.643780e-02;1.587657e-02
1.939432e-02;2.872391e-02;4.099767e-02;1.515490e-02;2.297289e-02;2.134901e-02;4.156065e-01;3.673558e-01;1.648962e-02;2.054755e-02;1.692224e-02;1.448551e-02
1.370914e-02;3.188214e-02;2.768113e-02;2.630149e-02;1.812140e-02;2.310375e-02;4.465679e-01;3.545647e-01;1.461764e-02;1.385711e-02;1.912468e-02;1.046896e-02
2.134333e-02;2.624553e-02;1.836746e-02;2.703842e-02;2.215026e-02;3.072884e-02;4.647214e-01;3.427304e-01;1.338377e-02;1.112165e-02;1.595664e-02;6.212316e-03
1.575856e-02;2.798429e-02;1.791044e-02;2.233530e-02;2.374919e-02;3.303626e-02;4.759166e-01;3.329108e-01;1.004463e-02;1.102499e-02;2.307660e-02;6.252251e-03
2.280737e-02;3.563973e-02;2.015601e-02;2.007720e-02;1.832847e-02;3.969756e-02;4.669958e-01;3.216176e-01;9.956820e-03;1.026762e-02;2.555421e-02;8.901578e-03
4.939703e-02;3.734200e-02;2.113940e-02;2.042869e-02;2.982462e-02;3.765737e-02;4.054854e-01;2.974029e-01;1.352842e-02;1.419358e-02;6.665789e-02;6.942661e-03
1.125254e-01;1.505937e-01;4.334024e-02;3.811730e-02;4.508064e-02;3.862417e-02;1.800341e-01;2.148783e-01;1.349410e-02;2.149785e-02;1.326548e-01;9.159311e-03
1.000131e-01;1.765086e-01;5.259303e-02;3.682552e-02;5.358953e-02;6.694932e-02;1.643087e-01;1.900543e-01;1.460238e-02;2.103177e-02;1.151932e-01;8.330479e-03
4.826987e-02;1.455729e-01;3.740720e-02;2.294663e-02;6.514720e-02;8.368162e-02;2.244029e-01;2.642156e-01;1.361558e-02;1.394743e-02;6.648593e-02;1.430716e-02
2.607968e-02;1.018483e-01;4.244071e-02;8.850958e-03;6.580085e-02;5.000730e-02;2.243830e-01;4.084872e-01;8.515513e-03;8.427510e-03;2.538539e-02;2.977366e-02
2.411236e-02;6.714485e-02;6.318793e-02;1.700731e-02;3.707105e-02;3.124151e-02;1.802355e-01;4.824184e-01;1.029421e-02;1.528559e-02;2.094480e-02;5.105647e-02
2.402844e-02;4.884114e-02;7.237610e-02;2.238361e-02;1.405582e-02;3.412027e-02;1.554341e-01;4.780073e-01;2.007968e-02;2.921246e-02;2.404077e-02;7.742037e-02
2.486611e-02;3.910729e-02;7.984353e-02;2.138098e-02;1.040653e-02;3.652865e-02;1.468216e-01;4.686354e-01;2.290489e-02;3.499947e-02;1.176380e-02;1.027417e-01
3.114807e-02;3.861153e-02;8.044188e-02;1.063020e-02;1.884854e-02;5.026470e-02;1.078301e-01;4.511523e-01;5.109507e-02;3.158689e-02;3.126455e-02;9.712619e-02
3.009247e-02;4.324072e-02;5.557109e-02;3.535460e-02;2.391786e-02;5.965976e-02;1.183978e-01;3.921667e-01;1.171510e-01;2.891222e-02;3.384401e-02;6.169186e-02
3.562322e-02;2.181965e-02;3.599950e-02;1.046290e-01;2.326488e-02;3.423457e-02;1.213620e-01;2.627409e-01;2.207252e-01;2.924345e-02;4.691235e-02;6.344528e-02
5.035517e-02;2.856334e-02;3.838311e-02;1.152908e-01;4.219661e-02;2.094228e-02;1.654007e-01;9.509673e-02;2.352227e-01;1.033181e-01;4.663916e-02;5.859129e-02
3.184198e-02;4.954862e-02;2.835204e-02;6.449953e-02;7.703955e-02;2.199752e-02;1.596062e-01;1.205823e-01;1.617680e-01;1.528074e-01;8.199318e-02;4.996363e-02
3.014153e-02;6.231815e-02;1.237461e-02;2.332842e-02;1.007327e-01;3.502464e-02;1.086168e-01;1.089590e-01;1.032738e-01;1.695967e-01;2.003672e-01;4.526642e-02
5.830702e-02;5.732080e-02;2.060162e-02;2.102008e-02;7.014207e-02;4.802042e-02;8.374217e-02;1.354591e-01;6.080302e-02;1.326997e-01;2.811667e-01;3.071724e-02
8.550376e-02;5.715209e-02;3.393110e-02;3.373095e-02;4.354739e-02;5.294143e-02;6.976192e-02;1.272281e-01;6.432997e-02;1.051948e-01;2.910225e-01;3.565608e-02
1.132720e-01;9.166403e-02;3.505214e-02;4.038265e-02;3.351469e-02;3.426867e-02;1.195371e-01;1.353112e-01;6.869983e-02;7.927874e-02;2.190103e-01;3.000872e-02
1.378799e-01;9.759147e-02;2.665929e-02;3.099743e-02;3.527196e-02;2.036533e-02;2.016326e-01;1.619783e-01;7.358675e-02;6.003201e-02;1.380199e-01;1.598511e-02
1.284327e-01;4.162569e-02;5.497762e-02;3.672646e-02;4.650582e-02;3.693000e-02;2.228765e-01;1.413712e-01;9.269782e-02;7.395586e-02;1.016928e-01;2.220755e-02
1.084381e-01;8.178976e-02;6.016123e-02;7.498080e-02;5.933283e-02;2.461444e-02;1.440225e-01;1.026808e-01;9.506471e-02;1.213902e-01;1.027888e-01;2.473587e-02
1.128243e-01;8.884472e-02;3.947318e-02;7.612547e-02;4.874627e-02;3.437451e-02;1.268447e-01;8.762327e-02;1.049142e-01;1.341995e-01;9.937209e-02;4.665782e-02
9.574218e-02;8.404711e-02;4.847113e-02;3.522468e-02;5.240687e-02;8.660070e-02;1.381325e-01;8.458434e-02;1.112685e-01;1.154092e-01;9.123441e-02;5.687842e-02
8.903202e-02;7.429329e-02;5.137080e-02;5.056120e-02;6.544121e-02;1.023127e-01;1.334671e-01;8.962461e-02;7.863791e-02;1.351535e-01;7.620459e-02;5.390111e-02
8.528809e-02;8.729409e-02;3.531244e-02;3.384148e-02;6.788632e-02;8.636032e-02;1.421900e-01;9.403212e-02;1.141781e-01;1.236624e-01;6.254845e-02;6.740623e-02
9.514932e-02;9.842494e-02;5.114067e-02;5.069955e-02;6.799072e-02;7.031927e-02;1.414297e-01;1.065018e-01;1.084732e-01;9.109586e-02;4.789063e-02;7.088435e-02
9.152092e-02;9.888338e-02;7.468440e-02;6.577192e-02;5.103327e-02;5.766675e-02;1.244247e-01;1.133987e-01;8.385499e-02;1.303677e-01;6.620979e-02;4.218352e-02
8.495839e-02;7.349831e-02;9.946175e-02;4.102417e-02;6.044344e-02;6.278324e-02;6.877396e-02;8.180738e-02;1.478287e-01;1.708587e-01;7.175928e-02;3.680267e-02
8.065410e-02;7.043790e-02;5.964949e-02;1.922132e-02;6.932858e-02;8.838291e-02;8.553708e-02;9.527037e-02;1.882663e-01;1.498726e-01;6.190797e-02;3.147145e-02
6.451392e-02;7.351404e-02;2.742888e-02;1.906411e-02;7.995296e-02;7.212590e-02;1.105242e-01;1.012436e-01;1.968977e-01;1.417564e-01;8.176186e-02;3.121646e-02
2.285936e-01;1.505005e-01;3.212253e-02;1.340518e-02;3.492397e-02;4.021272e-02;1.307370e-01;8.544140e-02;6.551284e-02;5.735293e-02;1.451550e-01;1.604231e-02
2.476122e-01;1.694886e-01;3.007734e-02;1.504187e-02;1.502120e-02;4.497548e-02;1.121226e-01;6.991696e-02;2.949319e-02;3.171366e-02;2.233753e-01;1.116162e-02
2.117502e-01;1.485613e-01;3.563512e-02;1.174372e-02;1.145423e-02;6.620950e-02;8.833772e-02;5.782405e-02;3.474035e-02;3.005843e-02;2.962987e-01;7.386647e-03
1.450322e-01;8.938753e-02;4.006334e-02;8.716766e-03;1.961735e-02;8.999892e-02;7.334559e-02;8.897328e-02;3.208051e-02;3.532459e-02;3.732115e-01;4.248342e-03
1.153546e-01;7.687297e-02;3.124273e-02;1.457339e-02;4.244503e-02;7.939984e-02;1.114691e-01;1.571753e-01;1.384002e-02;3.625655e-02;3.126678e-01;8.702716e-03
1.072021e-01;1.004612e-01;2.959041e-02;1.622532e-02;5.032089e-02;5.680500e-02;1.646833e-01;1.928532e-01;1.708523e-02;3.872471e-02;2.158712e-01;1.017745e-02
1.297764e-01;8.881698e-02;3.351708e-02;1.535778e-02;2.898797e-02;4.418456e-02;1.890931e-01;1.739307e-01;2.224469e-02;4.688298e-02;2.149717e-01;1.223624e-02
5.596721e-02;6.938858e-02;3.115061e-02;2.108554e-02;1.734520e-02;3.494688e-02;3.434577e-01;1.224033e-01;3.959143e-02;5.185614e-02;2.069193e-01;5.888151e-03
1.287076e-01;1.278998e-01;4.946293e-02;1.277518e-02;2.402273e-02;4.177170e-02;2.825311e-01;4.502993e-02;3.442787e-02;3.818011e-02;2.074060e-01;7.785163e-03
1.378844e-01;8.603887e-02;5.022116e-02;2.297104e-02;2.431576e-02;4.441704e-02;1.678190e-01;6.413204e-02;3.060270e-02;4.320455e-02;3.120110e-01;1.638245e-02
1.667756e-01;6.354650e-02;2.808073e-02;2.728123e-02;2.393913e-02;3.953725e-02;1.376776e-01;1.016640e-01;2.459932e-02;4.906053e-02;3.197913e-01;1.804682e-02
1.498328e-01;8.931601e-02;2.896172e-02;3.305943e-02;2.330649e-02;6.331403e-02;1.284543e-01;8.869573e-02;1.915331e-02;4.262057e-02;3.185796e-01;1.470608e-02
1.236506e-01;9.041838e-02;3.915445e-02;3.863599e-02;2.653233e-02;1.006403e-01;1.191101e-01;1.139314e-01;2.669068e-02;4.905015e-02;2.529280e-01;1.925763e-02
1.042484e-01;1.345966e-01;4.909516e-02;4.186383e-02;3.081275e-02;9.279319e-02;1.875625e-01;1.204328e-01;3.844148e-02;4.768109e-02;1.322921e-01;2.018010e-02
1.640520e-01;1.013989e-01;6.625863e-02;7.832763e-02;2.374699e-02;8.441751e-02;1.776128e-01;8.220153e-02;5.728505e-02;4.252747e-02;9.391533e-02;2.825616e-02
1.579824e-01;9.313471e-02;5.234304e-02;8.631392e-02;2.371696e-02;7.891828e-02;1.264485e-01;1.060570e-01;5.452964e-02;5.821250e-02;1.256194e-01;3.672361e-02
1.076132e-01;1.154304e-01;5.636027e-02;5.516429e-02;2.885876e-02;6.438829e-02;1.490737e-01;1.527709e-01;4.732114e-02;6.102775e-02;1.294088e-01;3.258249e-02
9.684038e-02;1.312034e-01;6.116824e-02;3.367183e-02;3.661121e-02;4.948221e-02;1.511189e-01;1.438297e-01;3.973402e-02;7.829187e-02;1.485914e-01;2.945689e-02
1.460377e-01;1.525850e-01;4.608236e-02;2.232154e-02;2.999911e-02;5.184059e-02;1.810109e-01;1.339176e-01;2.552508e-02;5.580657e-02;1.336792e-01;2.119434e-02
1.748807e-01;1.669015e-01;4.135578e-02;2.505176e-02;2.970481e-02;5.800818e-02;1.627973e-01;1.170046e-01;2.337943e-02;3.973588e-02;1.471597e-01;1.402025e-02
2.047217e-01;1.974322e-01;5.086916e-02;2.091782e-02;2.337764e-02;6.125378e-02;1.192519e-01;1.007525e-01;2.503263e-02;2.871892e-02;1.408318e-01;2.683992e-02
2.004325e-01;1.764496e-01;5.312394e-02;1.569681e-02;2.680185e-02;7.896764e-02;1.163664e-01;1.023473e-01;2.528594e-02;1.861431e-02;1.463391e-01;3.957471e-02
1.368219e-01;1.105628e-01;4.288607e-02;1.555573e-02;2.813927e-02;1.067966e-01;1.570656e-01;1.084577e-01;2.205488e-02;1.578921e-02;2.136988e-01;4.217140e-02
7.955431e-02;6.032614e-02;3.609302e-02;1.509446e-02;2.418995e-02;1.235691e-01;1.540681e-01;9.064689e-02;1.954980e-02;2.806721e-02;3.369987e-01;3.184226e-02
5.884051e-02;5.703060e-02;2.706661e-02;1.906768e-02;3.906740e-02;8.256430e-02;9.523777e-02;6.167364e-02;1.858914e-02;7.966450e-02;4.461528e-01;1.504498e-02
4.628234e-02;3.622967e-02;2.217494e-02;2.202225e-02;4.909483e-02;3.369225e-02;3.877994e-02;1.564854e-01;1.956883e-02;1.253630e-01;4.404205e-01;9.886022e-03
4.245878e-02;3.307857e-02;1.134719e-02;2.011155e-02;5.472318e-02;6.792121e-02;3.864015e-02;1.299264e-01;1.618054e-02;1.084432e-01;4.686059e-01;8.563410e-03
5.289213e-02;4.121505e-02;3.926016e-02;8.777504e-03;4.350980e-02;8.895819e-02;2.669568e-02;6.299289e-02;1.590673e-02;7.412350e-02;5.362788e-01;9.389536e-03
6.138309e-02;3.449174e-02;6.595114e-02;8.390682e-03;2.439925e-02;6.967303e-02;5.189532e-02;6.120227e-02;2.451847e-02;6.300991e-02;5.090149e-01;2.607016e-02
8.075070e-02;4.091234e-02;6.949876e-02;8.534024e-03;1.837886e-02;5.981750e-02;3.861486e-02;1.027462e-01;3.739725e-02;5.628401e-02;4.434472e-01;4.361833e-02
1.145931e-01;5.779147e-02;4.543491e-02;1.187404e-02;1.522130e-02;6.978338e-02;5.655276e-02;1.133962e-01;4.091231e-02;6.614766e-02;3.758047e-01;3.248819e-02
1.640388e-01;6.735515e-02;3.147801e-02;1.855960e-02;1.468432e-02;5.636417e-02;9.888092e-02;1.082156e-01;5.018216e-02;5.891873e-02;3.068900e-01;2.443261e-02
1.921504e-01;5.566683e-02;3.329118e-02;1.886817e-02;1.537118e-02;4.890671e-02;1.247206e-01;1.106309e-01;3.557575e-02;4.804219e-02;2.965594e-01;2.021676e-02
1.877864e-01;7.728293e-02;2.080659e-02;2.723347e-02;2.193251e-02;5.715089e-02;1.651848e-01;9.218191e-02;2.878853e-02;6.239930e-02;2.400435e-01;1.920922e-02
2.384577e-01;8.495025e-02;4.206080e-02;1.411811e-02;2.805617e-02;4.476306e-02;1.446955e-01;5.342401e-02;2.936133e-02;4.645033e-02;2.564768e-01;1.718595e-02
1.970707e-01;3.414414e-02;3.406889e-02;1.919191e-02;2.026499e-02;3.118098e-02;7.865886e-02;8.227750e-02;3.050219e-02;5.014629e-02;3.949634e-01;2.753018e-02
1.265938e-01;6.994687e-02;3.680775e-02;1.759053e-02;2.194940e-02;3.213621e-02;8.763065e-02;1.104179e-01;2.634757e-02;6.217566e-02;3.867571e-01;2.164653e-02
8.419562e-02;9.824844e-02;6.790679e-02;8.273728e-02;5.575237e-02;4.806183e-02;1.044015e-01;1.105722e-01;7.132701e-02;5.273946e-02;1.786031e-01;4.545441e-02
1.069005e-01;1.201668e-01;6.888308e-02;8.770376e-02;5.814127e-02;5.346031e-02;9.850466e-02;9.411500e-02;7.683419e-02;6.956884e-02;1.132702e-01;5.245135e-02
1.308456e-01;1.721088e-01;6.161007e-02;6.970832e-02;4.768912e-02;5.405683e-02;9.550639e-02;7.427193e-02;7.023661e-02;6.650753e-02;1.123870e-01;4.507175e-02
2.113179e-01;2.621376e-01;5.172199e-02;2.264248e-02;1.497277e-02;3.712432e-02;1.026478e-01;7.735299e-02;3.471134e-02;4.957946e-02;1.118372e-01;2.395417e-02
2.754280e-01;2.169703e-01;2.890990e-02;1.316517e-02;1.365185e-02;1.926268e-02;7.003359e-02;7.915451e-02;1.401785e-02;2.839484e-02;2.207400e-01;2.027130e-02
2.438791e-01;1.557956e-01;2.094769e-02;1.352209e-02;1.225867e-02;1.648378e-02;4.754863e-02;7.262708e-02;8.469034e-03;2.696456e-02;3.585362e-01;2.296757e-02
1.335026e-01;8.346194e-02;1.603450e-02;1.085891e-02;9.656153e-03;1.296974e-02;4.204354e-02;4.429902e-02;1.180611e-02;3.430441e-02;5.798668e-01;2.119624e-02
1.698900e-01;5.538032e-02;1.085601e-02;1.032926e-02;6.154915e-03;7.908057e-03;3.354162e-02;2.965183e-02;1.630742e-02;3.819774e-02;6.062676e-01;1.551529e-02
1.961531e-01;7.367371e-02;1.270269e-02;1.483561e-02;8.128472e-03;1.463548e-02;4.107622e-02;5.645714e-02;2.148579e-02;5.174707e-02;4.988560e-01;1.024877e-02
1.973951e-01;6.896079e-02;1.897835e-02;1.728132e-02;1.880395e-02;2.783787e-02;9.811988e-02;6.320377e-02;3.857242e-02;1.107864e-01;3.318143e-01;8.245956e-03
1.426687e-01;4.771972e-02;2.135066e-02;2.000087e-02;3.235349e-02;3.002733e-02;1.811659e-01;8.541353e-02;5.423486e-02;1.948803e-01;1.767735e-01;1.341108e-02
1.064212e-01;3.348067e-02;1.721232e-02;2.248432e-02;2.410367e-02;3.128624e-02;2.080886e-01;1.330053e-01;7.325348e-02;2.020820e-01;1.385310e-01;1.005129e-02
3.885568e-02;1.943371e-02;1.677995e-02;2.132032e-02;2.772091e-02;2.647799e-02;1.723721e-01;1.452202e-01;1.174935e-01;2.419245e-01;1.667444e-01;5.656716e-03
5.746251e-02;3.316631e-02;2.240930e-02;2.395575e-02;3.086140e-02;1.896332e-02;1.520417e-01;8.830235e-02;1.789847e-01;2.335551e-01;1.537269e-01;6.570656e-03
4.955886e-02;3.080988e-02;2.280373e-02;1.493500e-02;2.628390e-02;2.255350e-02;1.941660e-01;1.018037e-01;2.894392e-01;1.397390e-01;1.021231e-01;5.784111e-03
3.885619e-02;2.456576e-02;1.710788e-02;2.214506e-02;1.392252e-02;3.056186e-02;1.739428e-01;1.126986e-01;3.263975e-01;1.335111e-01;1.021013e-01;4.189542e-03
7.237110e-02;2.794947e-02;1.682658e-02;3.977211e-02;3.064685e-02;4.067323e-02;1.416416e-01;1.688697e-01;2.667718e-01;1.395208e-01;4.305082e-02;1.190602e-02
1.098071e-01;5.565452e-02;1.559827e-02;4.489943e-02;3.765813e-02;5.190512e-02;1.532840e-01;1.898431e-01;1.267846e-01;1.075539e-01;8.509886e-02;2.191289e-02
1.242682e-01;6.123735e-02;1.932648e-02;4.442644e-02;3.822489e-02;5.540966e-02;1.886054e-01;1.602499e-01;7.476602e-02;8.363078e-02;1.272455e-01;2.260949e-02
1.254824e-01;4.877007e-02;5.219443e-02;9.595957e-02;5.263539e-02;7.552191e-02;2.034369e-01;1.014306e-01;4.775329e-02;6.043064e-02;1.130830e-01;2.330169e-02
8.311492e-02;7.681149e-02;9.036066e-02;1.972111e-01;6.781317e-02;9.119886e-02;1.463230e-01;6.774774e-02;4.151563e-02;3.282545e-02;7.761120e-02;2.746671e-02
7.106473e-02;9.400902e-02;7.470270e-02;1.959975e-01;5.468287e-02;7.329912e-02;1.236900e-01;9.979171e-02;4.448465e-02;4.358827e-02;9.432624e-02;3.036328e-02
1.090995e-01;1.110288e-01;4.160339e-02;7.991175e-02;4.925784e-02;5.985772e-02;1.476023e-01;1.089741e-01;1.249322e-01;9.987774e-02;3.513153e-02;3.272316e-02
1.425274e-01;8.457334e-02;4.132811e-02;6.679673e-02;5.262844e-02;6.377088e-02;1.254079e-01;9.795241e-02;1.392172e-01;8.985235e-02;5.997271e-02;3.597255e-02
1.186036e-01;9.584870e-02;5.359187e-02;8.116112e-02;4.439930e-02;6.104885e-02;1.168404e-01;9.629394e-02;7.823586e-02;7.314342e-02;9.168244e-02;8.915052e-02
1.067736e-01;1.249500e-01;5.647917e-02;8.013779e-02;3.332100e-02;5.700598e-02;1.190277e-01;9.254590e-02;5.588548e-02;6.978960e-02;1.012422e-01;1.028416e-01
1.395571e-01;1.395307e-01;4.336265e-02;6.061859e-02;2.713674e-02;5.176301e-02;1.205773e-01;1.008373e-01;6.230623e-02;6.595501e-02;9.942431e-02;8.893110e-02
2.199783e-01;1.526473e-01;3.038193e-02;3.192955e-02;2.608082e-02;4.286326e-02;8.386548e-02;1.037513e-01;4.585506e-02;4.941078e-02;1.712816e-01;4.195460e-02
1.967274e-01;1.394918e-01;2.722541e-02;2.325723e-02;2.780264e-02;6.734200e-02;1.035638e-01;8.237859e-02;2.004627e-02;3.586816e-02;2.635141e-01;1.278264e-02
1.447727e-01;1.037019e-01;2.278193e-02;2.498716e-02;3.947626e-02;8.207738e-02;1.071570e-01;6.892345e-02;1.906108e-02;4.597088e-02;3.255542e-01;1.553609e-02
8.031771e-02;7.137875e-02;1.737486e-02;3.094287e-02;7.906951e-02;9.137154e-02;5.397663e-02;4.823057e-02;2.081008e-02;9.345752e-02;3.891136e-01;2.395643e-02
5.211843e-02;6.771994e-02;1.159673e-02;3.200161e-02;1.295527e-01;6.896321e-02;7.000072e-02;3.640097e-02;1.697062e-02;1.357596e-01;3.374499e-01;4.146565e-02
4.078539e-02;6.346690e-02;1.056339e-02;2.745271e-02;1.572744e-01;4.983643e-02;7.999754e-02;4.304039e-02;2.465159e-02;1.435730e-01;2.921155e-01;6.724273e-02
3.905637e-02;7.250983e-02;2.766248e-02;3.837703e-02;1.327682e-01;7.083866e-02;7.856753e-02;8.748567e-02;1.868998e-02;1.164123e-01;2.350250e-01;8.260698e-02
6.844123e-02;6.149822e-02;3.208878e-02;3.803897e-02;6.770404e-02;8.586543e-02;1.544223e-01;1.797361e-01;3.216580e-02;8.142683e-02;1.528814e-01;4.573091e-02
1.124184e-01;4.060154e-02;2.352278e-02;2.923785e-02;3.159069e-02;6.525847e-02;2.046294e-01;2.114967e-01;3.351858e-02;5.415605e-02;1.816123e-01;1.195722e-02
1.286130e-01;5.818078e-02;1.947482e-02;2.302417e-02;2.906360e-02;4.476496e-02;2.624530e-01;1.862971e-01;2.615340e-02;3.665254e-02;1.699205e-01;1.540224e-02
7.199910e-02;6.690572e-02;1.919227e-02;2.427644e-02;3.416899e-02;2.724260e-02;3.329300e-01;2.153761e-01;2.166275e-02;4.260029e-02;1.236088e-01;2.003691e-02
6.718445e-02;5.210387e-02;1.573363e-02;2.184718e-02;2.670668e-02;3.496599e-02;3.350687e-01;2.544113e-01;2.511034e-02;4.319056e-02;1.072547e-01;1.642261e-02
5.398168e-02;3.167279e-02;1.154311e-02;3.817301e-02;2.511158e-02;2.830206e-02;3.508587e-01;2.575286e-01;4.737383e-02;5.206978e-02;9.272670e-02;1.065811e-02
8.124109e-02;2.272326e-02;1.998242e-02;5.102371e-02;1.714605e-02;1.661537e-02;3.363386e-01;2.136599e-01;7.539277e-02;7.531082e-02;7.748414e-02;1.308194e-02
9.215190e-02;4.289393e-02;3.413125e-02;3.695329e-02;8.712244e-03;2.172451e-02;3.249351e-01;1.646656e-01;6.146586e-02;8.023142e-02;1.140017e-01;1.813329e-02
7.818571e-02;1.165782e-02;5.968638e-02;2.693171e-02;8.381221e-03;1.879574e-02;3.404108e-01;1.344797e-01;6.410152e-02;1.054564e-01;1.449762e-01;6.936815e-03
9.760924e-02;3.884854e-02;6.666209e-02;2.245129e-02;1.244496e-02;1.874391e-02;3.062050e-01;1.285448e-01;6.431515e-02;1.042414e-01;1.297653e-01;1.016837e-02
8.878265e-02;5.075062e-02;6.477264e-02;1.401178e-02;2.622009e-02;2.857341e-02;2.427700e-01;1.237624e-01;4.875156e-02;1.351703e-01;1.578310e-01;1.860349e-02
9.298263e-02;6.123528e-02;3.444569e-02;2.652169e-02;2.861546e-02;2.777149e-02;1.618982e-01;1.358765e-01;5.126517e-02;1.059892e-01;2.508611e-01;2.253749e-02
9.946138e-02;5.669578e-02;1.670642e-02;3.430439e-02;2.145182e-02;2.498411e-02;1.230286e-01;1.204040e-01;5.678353e-02;6.791172e-02;3.646331e-01;1.363516e-02
5.603796e-02;2.136978e-02;1.058502e-02;4.123931e-02;1.417424e-02;1.454103e-02;8.282563e-02;9.296880e-02;5.872575e-02;5.937529e-02;5.410157e-01;7.141403e-03
5.573129e-02;1.596113e-02;8.017791e-03;3.606195e-02;8.306181e-03;2.027889e-02;3.040570e-02;3.188205e-02;3.584547e-02;5.704236e-02;6.978756e-01;2.591694e-03
7.470950e-02;1.327867e-02;1.261599e-02;1.824468e-02;5.596026e-03;3.281816e-02;1.790778e-02;7.488518e-03;1.785047e-02;5.736108e-02;7.383624e-01;3.766696e-03
8.521123e-02;1.349856e-02;1.687849e-02;7.139293e-03;8.010205e-03;3.608260e-02;1.286479e-02;7.076194e-03;1.535842e-02;5.669776e-02;7.377856e-01;3.396877e-03
8.325385e-02;1.800477e-02;1.903482e-02;4.893563e-03;2.180135e-02;2.900426e-02;1.115016e-02;1.099555e-02;2.196135e-02;4.929325e-02;7.245165e-01;6.090584e-03
1.181994e-01;1.891985e-02;1.369153e-02;9.801523e-03;4.278404e-02;1.688441e-02;1.748099e-02;1.725839e-02;2.802134e-02;3.328693e-02;6.750086e-01;8.662936e-03
1.431506e-01;2.378567e-02;9.979939e-03;9.424524e-03;5.384259e-02;9.678935e-03;1.653971e-02;2.840877e-02;2.431543e-02;2.489258e-02;6.441979e-01;1.178327e-02
1.479254e-01;3.624090e-02;1.638851e-02;7.774688e-03;4.565138e-02;8.960910e-03;2.111865e-02;3.546622e-02;1.616330e-02;2.153425e-02;6.272876e-01;1.548812e-02
1.928679e-01;3.654866e-02;1.516595e-02;8.048390e-03;2.378413e-02;8.505402e-03;3.493650e-02;4.304578e-02;8.679880e-03;2.131300e-02;5.892906e-01;1.781378e-02
2.365536e-01;6.480267e-02;1.317583e-02;5.439083e-03;1.669042e-02;1.441179e-02;5.157506e-02;6.532022e-02;1.022893e-02;2.744779e-02;4.762860e-01;1.806862e-02
2.422307e-01;1.208162e-01;1.752410e-02;1.167201e-02;1.391068e-02;2.774629e-02;9.377865e-02;1.051082e-01;2.227459e-02;4.169458e-02;2.817422e-01;2.150186e-02
7.570005e-02;1.294069e-01;3.760916e-02;4.375035e-02;3.258412e-02;4.237713e-02;8.558922e-02;1.366205e-01;7.857712e-02;1.175458e-01;1.931803e-01;2.705924e-02
1.602606e-01;9.463326e-02;2.900193e-02;3.991309e-02;3.264327e-02;2.916142e-02;8.500319e-02;9.838316e-02;7.582054e-02;1.076533e-01;2.236686e-01;2.385759e-02
2.159946e-01;8.855085e-02;2.442221e-02;2.653226e-02;2.006117e-02;3.228192e-02;6.801413e-02;5.095778e-02;3.685690e-02;7.045106e-02;3.457767e-01;2.010043e-02
1.699496e-01;7.013502e-02;2.329206e-02;2.570394e-02;1.463110e-02;4.499329e-02;5.659793e-02;3.305130e-02;1.613963e-02;5.184464e-02;4.773750e-01;1.628654e-02
8.660484e-02;7.725901e-02;1.847127e-02;3.138390e-02;2.182382e-02;6.023454e-02;5.234388e-02;4.720191e-02;1.789288e-02;5.937983e-02;5.212463e-01;6.157875e-03
8.505829e-02;8.223718e-02;1.018584e-02;2.500056e-02;7.098260e-02;5.914916e-02;3.898310e-02;6.472340e-02;2.240746e-02;9.584649e-02;4.317523e-01;1.367363e-02
6.777183e-02;8.223360e-02;9.777286e-03;2.500547e-02;1.037236e-01;4.366720e-02;4.690945e-02;5.277242e-02;2.407073e-02;1.347348e-01;3.896619e-01;1.967165e-02
4.724602e-02;6.376975e-02;1.360836e-02;3.768753e-02;8.625465e-02;2.599926e-02;8.290539e-02;1.013974e-01;3.056516e-02;1.373705e-01;3.499427e-01;2.325323e-02
6.593030e-02;7.840256e-02;2.252418e-02;3.818751e-02;6.008384e-02;3.571044e-02;1.649643e-01;1.780763e-01;2.580157e-02;8.981859e-02;2.203211e-01;2.017931e-02
7.858743e-02;1.163694e-01;2.966998e-02;3.966065e-02;6.031127e-02;4.380975e-02;1.871551e-01;1.915590e-01;1.613262e-02;5.031667e-02;1.614879e-01;2.494022e-02
1.420031e-01;1.167424e-01;2.031074e-02;2.923223e-02;6.648562e-02;4.334606e-02;1.500132e-01;7.458002e-02;1.823384e-02;6.150075e-02;2.560137e-01;2.153834e-02
1.191915e-01;2.688612e-02;1.182949e-02;2.740510e-02;5.379144e-02;4.188160e-02;1.013283e-01;8.521087e-02;1.878152e-02;9.220947e-02;4.124028e-01;9.081833e-03
1.364993e-01;2.843391e-02;1.183046e-02;5.548908e-02;3.717415e-02;3.721699e-02;8.989599e-02;6.734396e-02;1.389965e-02;8.068956e-02;4.367422e-01;4.784727e-03
1.832260e-01;5.418025e-02;1.388649e-02;6.266490e-02;1.696915e-02;2.867197e-02;6.281283e-02;2.783924e-02;1.367923e-02;6.984494e-02;4.569727e-01;9.252310e-03
2.376808e-01;6.863367e-02;1.514271e-02;3.049806e-02;9.109775e-03;2.768841e-02;3.652053e-02;3.912169e-02;1.086562e-02;4.837096e-02;4.651078e-01;1.126004e-02
2.228431e-01;1.123658e-01;1.712502e-02;1.965952e-02;7.537270e-03;1.890305e-02;4.892409e-02;4.017392e-02;1.116905e-02;3.505152e-02;4.513015e-01;1.494619e-02
1.253462e-01;7.640611e-02;2.042924e-02;2.294975e-02;7.512233e-03;1.824494e-02;5.488156e-02;4.387938e-02;8.493388e-03;3.957392e-02;5.669706e-01;1.531265e-02
1.056823e-01;4.853541e-02;2.006752e-02;1.836884e-02;8.853263e-03;2.151259e-02;4.161784e-02;4.044016e-02;1.309555e-02;4.408464e-02;6.295505e-01;8.191464e-03
1.125480e-01;2.871994e-02;1.636412e-02;1.471223e-02;1.775637e-02;2.095446e-02;3.187870e-02;2.842611e-02;2.881826e-02;4.715127e-02;6.448619e-01;7.808613e-03
1.681030e-01;4.646496e-02;1.223722e-02;1.048968e-02;2.506077e-02;1.517196e-02;2.657068e-02;1.729356e-02;4.161756e-02;4.654370e-02;5.786570e-01;1.178997e-02
2.099600e-01;5.790964e-02;9.652375e-03;8.287514e-03;5.255775e-02;1.629189e-02;2.416762e-02;1.955560e-02;4.454169e-02;4.596677e-02;5.012586e-01;9.850577e-03
2.698446e-01;3.091686e-02;1.416932e-02;8.426132e-03;6.989989e-02;2.225659e-02;2.808362e-02;2.454072e-02;3.630015e-02;4.626736e-02;4.397720e-01;9.522826e-03
3.159505e-01;8.161657e-02;2.569420e-02;7.332414e-03;4.740760e-02;2.687550e-02;3.460720e-02;2.247105e-02;2.168609e-02;4.459613e-02;3.668877e-01;4.875009e-03
3.593212e-01;9.114368e-02;2.512646e-02;1.027511e-02;1.876918e-02;2.935042e-02;2.630606e-02;1.146932e-02;1.336468e-02;4.984432e-02;3.567417e-01;8.287840e-03
3.558407e-01;7.072270e-02;1.955481e-02;8.699314e-03;8.461921e-03;2.814952e-02;4.572129e-02;1.329110e-02;1.070963e-02;6.345697e-02;3.705018e-01;4.890260e-03
3.270774e-01;7.750278e-02;1.374510e-02;9.289589e-03;1.179201e-02;2.020437e-02;7.568620e-02;2.488017e-02;1.555335e-02;8.644336e-02;3.320255e-01;5.800149e-03
2.801244e-01;7.234718e-02;1.536105e-02;2.911194e-02;2.087119e-02;1.757928e-02;1.366919e-01;4.051134e-02;2.914779e-02;1.078521e-01;2.383680e-01;1.203385e-02
2.118980e-01;9.761178e-02;2.789196e-02;5.927322e-02;4.105254e-02;4.408921e-02;1.671099e-01;1.000979e-01;4.591385e-02;1.020323e-01;7.517831e-02;2.785091e-02
2.390349e-01;1.508231e-01;3.376444e-02;5.307392e-02;4.048279e-02;4.288390e-02;9.336945e-02;6.692781e-02;3.576062e-02;6.779895e-02;1.403127e-01;3.576736e-02
3.355599e-01;1.343440e-01;1.558936e-02;3.416124e-02;2.182509e-02;2.233303e-02;4.737865e-02;4.172000e-02;1.901137e-02;4.114102e-02;2.557652e-01;3.117121e-02
3.531000e-01;1.050677e-01;9.420483e-03;1.944364e-02;1.053780e-02;1.608903e-02;3.481427e-02;1.840715e-02;6.303437e-03;3.174906e-02;3.653480e-01;2.971936e-02
2.912101e-01;8.950269e-02;1.466972e-02;1.485388e-02;8.410353e-03;1.723206e-02;2.446369e-02;1.582648e-02;6.598500e-03;3.615050e-02;4.631311e-01;1.795090e-02
2.193440e-01;5.380055e-02;1.404987e-02;7.100206e-03;4.921814e-03;2.574134e-02;2.212540e-02;3.912476e-02;8.986634e-03;5.221992e-02;5.459806e-01;6.604855e-03
1.832444e-01;1.585857e-02;1.080673e-02;1.240978e-02;9.115265e-03;2.723991e-02;3.387899e-02;2.777748e-02;1.074548e-02;6.249155e-02;5.953643e-01;1.106759e-02
1.565093e-01;2.410116e-02;1.000417e-02;1.066769e-02;1.040369e-02;2.128556e-02;3.947416e-02;1.851863e-02;9.160720e-03;6.289615e-02;6.307663e-01;6.212384e-03
1.505693e-01;3.020179e-02;1.056013e-02;1.138536e-02;8.168108e-03;1.242079e-02;2.904802e-02;2.206034e-02;7.689317e-03;5.898361e-02;6.541903e-01;4.722912e-03
1.334604e-01;1.980323e-02;8.379628e-03;1.535202e-02;7.789786e-03;9.762874e-03;3.600993e-02;2.567111e-02;6.243219e-03;6.055488e-02;6.710798e-01;5.893055e-03
1.256523e-01;3.262085e-02;1.146398e-02;1.338362e-02;1.039958e-02;1.115607e-02;5.207244e-02;2.808418e-02;1.143154e-02;8.013266e-02;6.173591e-01;6.243658e-03
1.249017e-01;1.929846e-02;9.464702e-03;1.442173e-02;2.230502e-02;8.998777e-03;8.239466e-02;5.479274e-02;1.913428e-02;1.147818e-01;5.226331e-01;6.873159e-03
1.405586e-01;4.918706e-02;1.080765e-02;1.713739e-02;3.271323e-02;1.137025e-02;1.557114e-01;7.950360e-02;3.367291e-02;1.458483e-01;3.167933e-01;6.696332e-03
1.125685e-01;2.490951e-02;1.101620e-02;1.585169e-02;2.886806e-02;1.419280e-02;2.277101e-01;1.210558e-01;5.140634e-02;1.638644e-01;2.236710e-01;4.885595e-03
5.873309e-02;2.570269e-02;1.331873e-02;2.050946e-02;2.174602e-02;9.394583e-03;2.284121e-01;1.285139e-01;4.611816e-02;1.110945e-01;3.244557e-01;1.200102e-02
4.446585e-02;4.528007e-02;1.659012e-02;1.087080e-02;2.309098e-02;1.411988e-02;2.824966e-01;1.891320e-01;5.227777e-02;9.527170e-02;2.114255e-01;1.497872e-02
5.465282e-02;1.916967e-02;2.143745e-02;1.697044e-02;2.165585e-02;1.078841e-02;3.323798e-01;2.734073e-01;5.119269e-02;7.783652e-02;1.046768e-01;1.583222e-02
5.016563e-02;3.279991e-02;1.277468e-02;1.155596e-02;1.296138e-02;1.117727e-02;3.488340e-01;2.739876e-01;4.505492e-02;6.299788e-02;1.312281e-01;6.462657e-03
3.638750e-02;3.471882e-02;1.007265e-02;1.743967e-02;1.097416e-02;1.750128e-02;3.887094e-01;3.017706e-01;4.315884e-02;5.633427e-02;7.411199e-02;8.820744e-03
5.493777e-02;2.849323e-02;1.283004e-02;2.539649e-02;1.717393e-02;3.065650e-02;3.947326e-01;2.998690e-01;3.023009e-02;4.557497e-02;4.921722e-02;1.088823e-02
4.339670e-02;2.704155e-02;1.471688e-02;2.822401e-02;2.358158e-02;4.393113e-02;4.126071e-01;2.851650e-01;2.402132e-02;3.409588e-02;4.989734e-02;1.332153e-02
4.253084e-02;2.593145e-02;1.375233e-02;2.506589e-02;1.888590e-02;3.658462e-02;4.402917e-01;2.660936e-01;2.406985e-02;3.371348e-02;6.417012e-02;8.910151e-03
6.038059e-02;3.055869e-02;1.271623e-02;2.336532e-02;1.147282e-02;2.322850e-02;4.205361e-01;2.681158e-01;2.621727e-02;3.942079e-02;7.361066e-02;1.037728e-02
7.679337e-02;5.435233e-02;1.323731e-02;1.596684e-02;1.595267e-02;3.400673e-02;3.917875e-01;2.178180e-01;2.523501e-02;4.526026e-02;9.191800e-02;1.767192e-02
4.991704e-02;6.836258e-02;2.319913e-02;2.393561e-02;2.119779e-02;5.656270e-02;3.913336e-01;1.806002e-01;2.774299e-02;5.366029e-02;7.685805e-02;2.663004e-02
1.276841e-01;1.054225e-01;2.337804e-02;3.124229e-02;3.323662e-02;5.651114e-02;3.037220e-01;8.410164e-02;4.644928e-02;6.247143e-02;8.463279e-02;4.114813e-02
