1.408034e-01;1.023075e-01;8.929491e-02;4.425556e-02;8.369854e-02;8.187749e-02;1.063571e-01;7.546844e-02;9.445368e-02;7.758165e-02;5.840331e-02;4.549836e-02
1.196847e-01;7.626294e-02;7.868665e-02;6.911624e-02;1.126511e-01;8.689492e-02;9.137554e-02;1.050885e-01;5.286714e-02;9.301832e-02;6.015192e-02;5.420207e-02
8.196050e-02;7.077784e-02;8.666792e-02;4.156172e-02;8.639027e-02;7.482241e-02;1.409461e-01;7.867965e-02;8.281718e-02;9.267496e-02;9.059368e-02;7.210779e-02
7.340039e-02;5.134876e-02;7.926055e-02;2.640351e-02;6.386276e-02;7.414399e-02;4.070103e-01;5.687859e-02;2.608680e-02;6.171422e-02;5.289998e-02;2.699018e-02
4.370265e-02;3.334505e-02;8.561114e-02;1.635923e-02;5.691290e-02;6.076919e-02;5.137753e-01;6.265422e-02;3.582402e-02;3.960997e-02;2.974053e-02;2.169576e-02
2.298712e-02;2.122646e-02;6.424443e-02;1.581179e-02;4.462018e-02;4.522502e-02;6.064121e-01;8.613351e-02;3.525846e-02;1.950091e-02;2.184439e-02;1.673572e-02
9.302916e-03;1.572627e-02;6.248507e-02;1.221176e-02;2.385061e-02;3.091775e-02;6.400504e-01;1.080286e-01;3.914285e-02;2.568234e-02;1.857159e-02;1.402981e-02
1.411374e-02;1.515456e-02;6.844126e-02;1.083496e-02;2.196322e-02;2.576950e-02;6.169413e-01;1.036683e-01;4.875837e-02;4.192969e-02;1.579712e-02;1.662803e-02
1.869419e-02;2.095459e-02;6.923751e-02;1.501613e-02;2.414928e-02;2.895173e-02;6.281812e-01;8.242901e-02;4.542939e-02;4.141385e-02;1.427256e-02;1.127053e-02
1.445125e-02;1.829086e-02;5.062081e-02;1.322447e-02;2.135771e-02;3.524512e-02;6.873513e-01;7.619901e-02;3.345405e-02;2.648706e-02;1.388273e-02;9.435656e-03
7.606761e-03;1.141214e-02;3.206246e-02;9.913846e-03;3.939608e-02;5.794612e-02;7.126665e-01;6.197212e-02;2.745909e-02;1.779195e-02;9.001868e-03;1.277100e-02
1.512994e-02;2.395186e-02;3.313669e-02;1.722737e-02;7.262933e-02;8.885114e-02;6.352617e-01;3.688439e-02;2.625087e-02;1.957403e-02;1.344082e-02;1.766189e-02
2.707821e-02;2.675656e-02;7.224793e-02;2.663348e-02;1.093595e-01;1.094493e-01;4.972911e-01;2.637702e-02;4.291001e-02;2.060149e-02;2.063864e-02;2.065678e-02
2.643037e-02;1.774245e-02;1.065186e-01;3.425379e-02;1.408745e-01;1.071158e-01;4.213197e-01;4.531286e-02;4.398927e-02;1.955197e-02;2.271578e-02;1.417492e-02
2.794608e-02;2.594087e-02;1.840992e-01;4.746104e-02;1.193121e-01;5.781040e-02;3.160859e-01;7.555879e-02;4.714295e-02;3.803973e-02;3.029655e-02;3.030646e-02
2.379122e-02;3.395372e-02;1.838850e-01;4.225416e-02;7.941464e-02;6.291263e-02;3.356476e-01;6.209463e-02;5.301842e-02;5.772436e-02;2.389206e-02;4.141159e-02
3.212022e-02;5.497151e-02;1.703105e-01;4.939211e-02;3.929544e-02;5.403724e-02;3.418425e-01;3.408044e-02;6.426722e-02;6.809719e-02;2.620341e-02;6.538223e-02
6.546307e-02;7.355822e-02;1.759349e-01;4.893116e-02;9.031635e-02;6.886107e-02;1.958793e-01;3.073202e-02;5.733524e-02;7.753041e-02;4.085343e-02;7.460476e-02
7.650395e-02;5.659287e-02;1.936625e-01;4.519608e-02;1.504677e-01;1.047136e-01;7.562623e-02;4.954038e-02;6.189532e-02;7.561583e-02;5.479693e-02;5.538859e-02
4.381279e-02;2.248960e-02;1.479705e-01;4.244753e-02;1.730116e-01;1.313359e-01;2.202976e-01;5.450304e-02;4.058640e-02;5.427831e-02;3.988340e-02;2.938338e-02
3.449706e-02;2.073314e-02;6.937306e-02;4.174705e-02;1.288862e-01;1.146534e-01;3.430253e-01;5.036511e-02;3.931917e-02;5.933498e-02;4.010391e-02;5.796159e-02
6.359747e-02;3.174060e-02;7.390753e-02;4.066380e-02;6.846021e-02;4.337672e-02;3.210962e-01;6.236568e-02;5.932523e-02;7.553337e-02;7.425527e-02;8.567792e-02
5.153879e-02;2.801499e-02;7.569984e-02;5.217932e-02;3.784130e-02;2.588051e-02;1.438105e-01;7.129993e-02;1.663686e-01;1.790010e-01;1.175160e-01;5.084914e-02
2.256102e-02;1.960996e-02;4.053887e-02;7.924525e-02;1.623960e-02;1.566810e-02;3.392436e-02;6.735170e-02;3.381129e-01;2.477100e-01;9.991154e-02;1.912669e-02
2.643551e-02;9.572855e-03;2.347219e-02;8.678099e-02;5.987745e-03;1.233125e-02;7.188178e-02;6.756055e-02;4.431992e-01;1.888978e-01;5.239043e-02;1.148972e-02
1.788332e-02;8.497993e-03;1.178292e-02;9.766278e-02;5.389018e-03;6.805255e-03;6.832087e-02;6.831042e-02;5.722029e-01;1.127160e-01;2.326798e-02;7.160507e-03
1.251477e-02;6.670385e-03;8.511483e-03;9.174532e-02;7.238695e-03;6.864483e-03;5.585229e-02;6.628654e-02;6.347752e-01;9.054548e-02;1.304463e-02;5.950737e-03
1.153893e-02;4.014865e-03;5.134515e-03;5.928935e-02;1.893541e-02;5.901373e-03;4.088777e-02;3.693869e-02;5.992713e-01;1.905780e-01;1.977398e-02;7.735848e-03
1.176676e-02;3.134642e-03;6.011384e-03;2.670762e-02;3.183416e-02;4.647836e-03;3.417899e-02;2.257784e-02;5.111463e-01;3.125867e-01;2.878723e-02;6.620475e-03
1.675445e-02;6.767199e-03;1.441854e-02;2.216507e-02;2.850694e-02;9.286010e-03;9.555002e-02;4.470459e-02;4.019297e-01;3.097138e-01;4.013219e-02;1.007143e-02
2.772250e-02;8.335901e-03;2.541924e-02;3.709507e-02;2.135231e-02;2.094773e-02;2.179512e-01;6.969213e-02;2.831086e-01;2.188414e-01;5.175829e-02;1.777570e-02
2.128920e-02;1.383014e-02;6.373376e-02;2.404634e-02;1.250295e-02;2.474863e-02;4.013745e-01;1.030099e-01;1.295740e-01;1.470429e-01;3.287973e-02;2.596796e-02
4.512771e-03;1.002556e-02;7.781609e-02;2.448352e-02;8.889081e-03;1.885374e-02;5.143949e-01;1.474275e-01;9.660665e-02;7.070203e-02;1.452230e-02;1.176586e-02
6.215877e-03;6.704048e-03;6.710079e-02;1.805352e-02;7.769986e-03;2.353153e-02;6.127206e-01;1.248455e-01;7.959663e-02;3.739915e-02;1.155047e-02;4.511880e-03
3.158001e-03;3.696747e-03;4.250355e-02;1.100084e-02;1.575180e-02;2.933069e-02;7.036983e-01;8.730257e-02;6.792987e-02;1.818703e-02;1.109821e-02;6.342368e-03
1.000769e-02;6.826587e-03;2.154320e-02;6.242053e-03;2.867095e-02;4.331440e-02;7.276348e-01;4.696442e-02;6.250311e-02;2.873576e-02;1.264025e-02;4.916809e-03
1.682362e-02;1.563291e-02;2.255440e-02;3.519559e-03;4.662467e-02;6.125540e-02;6.975580e-01;2.527079e-02;4.833245e-02;3.629058e-02;1.293780e-02;1.319981e-02
5.611080e-02;5.665144e-02;4.395734e-02;2.203041e-02;4.793378e-02;4.973765e-02;4.092123e-01;4.826020e-02;8.982037e-02;9.381900e-02;5.247150e-02;2.999519e-02
6.434526e-02;9.738862e-02;4.962330e-02;2.389868e-02;5.581732e-02;2.363655e-02;1.143307e-01;4.950737e-02;1.880787e-01;2.345806e-01;7.269230e-02;2.610055e-02
3.746032e-02;1.195197e-01;3.381690e-02;1.712038e-02;7.990416e-02;1.253838e-02;4.901214e-02;2.354499e-02;1.836404e-01;3.708552e-01;6.179146e-02;1.079593e-02
1.617324e-02;1.143903e-01;2.458417e-02;9.141402e-03;1.003234e-01;1.294509e-02;4.703882e-02;1.256720e-02;1.018486e-01;4.840229e-01;7.059450e-02;6.370408e-03
1.373014e-02;8.655963e-02;2.672921e-02;7.633117e-03;8.416829e-02;1.656450e-02;4.619576e-02;1.841478e-02;2.989063e-02;4.978578e-01;1.592382e-01;1.301788e-02
1.060763e-02;4.493124e-02;3.545028e-02;9.273158e-03;4.570102e-02;4.112589e-02;3.350423e-02;1.568348e-02;2.699087e-02;3.677192e-01;3.538022e-01;1.521083e-02
1.496943e-02;3.278431e-02;3.170272e-02;1.253220e-02;1.658003e-02;6.702495e-02;2.350277e-02;9.532840e-03;2.665964e-02;2.010841e-01;5.393234e-01;2.430353e-02
1.937343e-02;2.491473e-02;2.386961e-02;1.404367e-02;7.058280e-03;7.383252e-02;2.102899e-02;1.503875e-02;2.212014e-02;1.280434e-01;6.281743e-01;2.250221e-02
2.489698e-02;5.775530e-02;2.093012e-02;1.147424e-02;9.644054e-03;6.202146e-02;4.111170e-02;1.588720e-02;3.442957e-02;2.079135e-01;4.935355e-01;2.040034e-02
5.366780e-02;8.263838e-02;2.533546e-02;1.095842e-02;1.659876e-02;5.118494e-02;8.294994e-02;2.338439e-02;4.421408e-02;2.097520e-01;3.483359e-01;5.097990e-02
5.621217e-02;1.027234e-01;3.595106e-02;1.239410e-02;2.832600e-02;4.884146e-02;1.470151e-01;3.668529e-02;2.905648e-02;1.771577e-01;2.616436e-01;6.399368e-02
1.238564e-01;7.685925e-02;5.474688e-02;1.860044e-02;4.014760e-02;4.422598e-02;1.054627e-01;2.800196e-02;5.419644e-02;1.828473e-01;2.075071e-01;6.354796e-02
5.751059e-02;3.938056e-02;4.752782e-02;1.877829e-02;4.170287e-02;3.420810e-02;1.006851e-01;3.232395e-02;1.028692e-01;2.681717e-01;1.985776e-01;5.826415e-02
7.449354e-02;3.967606e-02;4.342129e-02;2.060908e-02;4.046934e-02;3.138277e-02;7.083527e-02;3.511483e-02;8.555677e-02;2.935574e-01;2.045976e-01;6.028616e-02
6.030900e-02;3.891901e-02;2.782057e-02;1.307188e-02;2.384333e-02;4.943790e-02;3.592706e-02;3.062286e-02;4.304829e-02;2.841977e-01;3.373025e-01;5.549996e-02
1.225315e-02;2.237879e-02;1.416171e-02;4.748866e-03;3.723153e-02;3.316253e-02;1.785472e-02;2.908318e-02;2.671140e-02;3.586668e-01;4.100939e-01;3.365346e-02
9.102077e-03;2.313335e-02;1.185202e-02;5.190713e-03;4.583373e-02;3.422953e-02;1.076173e-02;2.839607e-02;2.526681e-02;4.376786e-01;3.487847e-01;1.977063e-02
3.017898e-02;2.749466e-02;1.029036e-02;6.466930e-03;3.022524e-02;3.655924e-02;3.281574e-02;2.200121e-02;4.268998e-02;4.164218e-01;3.125085e-01;3.234734e-02
3.590646e-02;2.643528e-02;1.196201e-02;9.262999e-03;1.403703e-02;3.044979e-02;1.345092e-01;4.266334e-02;1.101914e-01;3.421331e-01;2.072912e-01;3.515826e-02
1.373876e-02;2.100806e-02;2.203417e-02;1.556912e-02;2.885493e-02;3.819768e-02;3.477501e-01;8.672583e-02;1.402905e-01;1.891356e-01;7.474296e-02;2.195233e-02
1.508651e-02;1.627528e-02;4.813320e-02;1.608800e-02;6.323864e-02;6.154863e-02;4.467479e-01;9.046578e-02;9.948489e-02;8.151851e-02;4.348292e-02;1.792973e-02
3.615988e-02;1.587643e-02;1.173943e-01;2.175899e-02;1.015823e-01;7.733686e-02;3.149477e-01;5.674926e-02;5.207946e-02;1.135044e-01;7.226449e-02;2.034592e-02
5.186059e-02;2.335527e-02;2.167657e-01;3.222027e-02;1.101637e-01;5.426290e-02;1.011529e-01;4.100088e-02;5.405030e-02;1.746075e-01;1.100777e-01;3.048240e-02
4.496622e-02;3.264032e-02;2.223348e-01;2.868380e-02;6.380931e-02;4.992859e-02;9.736756e-02;3.955831e-02;4.995435e-02;2.044093e-01;1.272637e-01;3.908382e-02
4.971393e-02;4.563441e-02;1.614169e-01;2.521383e-02;2.730246e-02;5.637908e-02;1.094997e-01;4.396751e-02;5.123955e-02;2.052780e-01;1.688876e-01;5.546702e-02
3.736695e-02;4.271347e-02;7.763197e-02;1.910972e-02;7.223548e-02;8.973662e-02;3.218940e-01;5.521554e-02;3.844490e-02;1.157906e-01;9.784214e-02;3.201868e-02
2.277571e-02;3.595482e-02;3.649909e-02;9.911226e-03;5.362632e-02;6.845661e-02;5.523903e-01;7.468563e-02;3.046161e-02;6.664377e-02;3.333256e-02;1.526225e-02
1.732954e-02;2.419703e-02;6.839751e-02;6.681749e-03;2.729833e-02;3.604965e-02;6.235243e-01;9.816249e-02;2.937919e-02;3.852540e-02;1.376819e-02;1.668667e-02
1.125140e-02;9.602425e-03;8.726631e-02;8.437585e-03;1.611694e-02;1.881057e-02;6.472505e-01;1.175487e-01;3.011506e-02;2.515383e-02;1.144650e-02;1.700010e-02
1.039758e-02;1.100569e-02;7.362015e-02;8.522241e-03;1.518310e-02;2.734484e-02;6.525604e-01;1.016057e-01;2.931601e-02;4.113099e-02;1.770234e-02;1.161089e-02
1.059116e-02;2.519653e-02;4.970985e-02;9.366052e-03;2.650403e-02;4.365287e-02;6.847557e-01;7.275374e-02;2.074444e-02;3.034201e-02;1.862244e-02;7.761169e-03
1.272519e-02;2.234497e-02;4.175610e-02;2.239925e-02;7.029445e-02;8.564245e-02;6.326455e-01;4.900786e-02;1.794976e-02;2.507899e-02;1.482535e-02;5.330171e-03
2.088695e-02;1.960907e-02;1.127375e-01;4.149091e-02;1.120305e-01;1.075261e-01;4.603925e-01;2.869339e-02;3.423937e-02;3.656546e-02;1.782579e-02;8.002446e-03
3.822601e-02;3.346543e-02;1.581056e-01;4.347590e-02;9.935236e-02;7.522277e-02;3.930537e-01;1.969509e-02;5.514830e-02;3.691014e-02;2.531490e-02;2.202982e-02
4.653301e-02;5.205993e-02;1.310681e-01;4.068400e-02;6.063078e-02;6.579413e-02;3.740924e-01;3.460382e-02;5.922331e-02;7.179911e-02;3.074142e-02;3.276997e-02
5.060521e-02;4.766019e-02;7.255446e-02;4.377108e-02;5.495995e-02;1.084825e-01;3.758898e-01;5.706232e-02;5.774308e-02;6.797545e-02;3.854088e-02;2.475503e-02
4.196173e-02;6.395613e-02;4.313974e-02;4.815989e-02;7.697287e-02;1.210567e-01;3.515116e-01;6.766704e-02;5.974829e-02;6.240000e-02;4.989215e-02;1.353389e-02
3.494674e-02;9.171733e-02;3.869696e-02;5.478147e-02;9.870815e-02;1.235324e-01;2.309404e-01;8.019919e-02;5.737519e-02;8.617476e-02;7.813679e-02;2.479057e-02
7.327654e-02;7.111350e-02;7.333043e-02;3.504952e-02;9.589498e-02;1.035575e-01;2.079428e-01;6.592570e-02;4.343082e-02;1.083750e-01;9.129836e-02;3.080484e-02
7.085729e-02;7.084189e-02;1.070528e-01;5.395220e-02;8.224603e-02;1.028262e-01;1.783140e-01;4.680420e-02;4.733044e-02;1.046824e-01;9.174458e-02;4.334805e-02
1.066795e-01;6.827740e-02;1.253593e-01;5.235127e-02;7.869369e-02;8.937752e-02;1.127098e-01;7.193827e-02;4.786022e-02;8.418516e-02;1.058519e-01;5.671597e-02
1.111638e-01;5.693083e-02;7.972951e-02;4.116834e-02;9.631441e-02;6.545115e-02;1.200672e-01;8.126377e-02;6.150094e-02;8.430143e-02;1.081351e-01;9.397365e-02
9.281623e-02;3.201420e-02;6.889000e-02;3.979595e-02;8.386008e-02;3.972879e-02;1.374262e-01;8.711170e-02;8.910589e-02;1.074342e-01;1.217286e-01;1.000881e-01
6.807815e-02;2.645709e-02;6.193566e-02;3.192319e-02;5.136800e-02;4.639652e-02;1.702069e-01;5.696788e-02;1.812357e-01;1.316578e-01;1.051687e-01;6.860443e-02
5.021690e-02;1.711832e-02;4.684727e-02;3.536787e-02;2.938621e-02;3.521980e-02;1.661869e-01;9.049429e-02;2.974704e-01;1.307054e-01;6.911113e-02;3.187547e-02
2.863142e-02;9.328090e-03;3.730924e-02;4.149643e-02;2.329888e-02;1.737845e-02;2.057226e-01;1.830817e-01;3.153202e-01;8.892804e-02;3.039662e-02;1.910847e-02
1.285616e-02;9.773265e-03;5.507590e-02;3.172112e-02;2.330614e-02;3.870985e-02;2.912697e-01;2.576641e-01;2.136612e-01;3.465343e-02;7.558403e-03;2.375076e-02
1.506490e-02;1.210309e-02;7.886038e-02;2.920551e-02;2.370406e-02;4.068101e-02;3.698860e-01;2.642432e-01;1.088473e-01;1.952009e-02;1.383909e-02;2.404536e-02
2.155559e-02;1.230367e-02;7.227983e-02;5.930446e-02;2.000985e-02;2.591847e-02;3.509922e-01;2.328652e-01;1.001150e-01;6.421524e-02;2.096646e-02;1.947401e-02
2.931721e-02;1.537822e-02;2.785263e-02;1.003221e-01;4.572925e-02;3.799521e-02;2.143273e-01;1.438717e-01;2.088886e-01;1.363870e-01;3.007131e-02;9.859398e-03
2.090089e-02;1.530889e-02;3.428419e-02;8.759216e-02;1.001376e-01;3.850614e-02;1.215628e-01;7.066381e-02;1.831235e-01;2.504228e-01;6.319515e-02;1.430214e-02
2.784169e-02;2.725520e-02;3.054527e-02;3.586079e-02;1.265405e-01;2.631726e-02;4.790964e-02;3.424825e-02;1.219211e-01;3.922752e-01;1.050570e-01;2.422810e-02
2.852808e-02;6.807648e-02;5.294136e-02;9.036488e-03;1.090177e-01;1.879957e-02;2.550751e-02;2.422316e-02;8.734778e-02;4.198228e-01;1.363439e-01;2.035517e-02
1.643729e-02;8.010989e-02;8.412069e-02;1.182996e-02;8.334026e-02;1.803147e-02;3.651515e-02;1.765514e-02;4.219208e-02;3.980829e-01;1.923781e-01;1.930703e-02
1.542149e-02;4.813608e-02;8.083215e-02;1.562793e-02;4.390447e-02;4.856912e-02;2.796172e-02;1.719907e-02;3.329486e-02;3.606958e-01;2.810223e-01;2.733497e-02
3.100954e-02;2.039939e-02;4.650628e-02;1.397713e-02;1.951785e-02;1.218599e-01;2.456155e-02;1.215350e-02;2.569251e-02;2.598176e-01;3.755362e-01;4.896848e-02
1.230878e-02;1.910001e-02;1.985894e-02;1.780060e-02;1.244619e-02;1.650074e-01;2.661133e-02;1.273926e-02;2.328833e-02;2.428008e-01;3.986726e-01;4.936579e-02
2.182304e-02;1.881983e-02;1.749780e-02;1.070884e-02;1.840595e-02;1.300066e-01;1.062075e-01;3.611570e-02;5.191162e-02;2.421063e-01;3.000625e-01;4.633422e-02
3.602442e-02;1.757648e-02;2.063518e-02;7.602525e-03;2.856239e-02;7.893727e-02;2.533298e-01;5.915533e-02;9.117326e-02;1.728764e-01;1.960031e-01;3.812382e-02
3.169184e-02;1.544105e-02;4.281000e-02;1.202202e-02;3.991063e-02;5.458326e-02;3.877597e-01;6.857221e-02;1.103396e-01;7.006031e-02;1.378760e-01;2.893331e-02
5.449158e-02;2.397483e-02;6.887765e-02;1.674404e-02;5.093262e-02;4.956682e-02;3.260386e-01;5.756736e-02;6.638576e-02;1.047624e-01;1.505984e-01;3.005994e-02
5.879463e-02;3.361357e-02;5.646932e-02;1.188982e-02;5.873357e-02;3.603009e-02;1.036995e-01;4.488160e-02;4.612596e-02;2.398828e-01;2.553205e-01;5.455870e-02
4.676081e-02;5.511874e-02;6.807988e-02;3.434738e-02;3.681611e-02;5.007745e-02;1.362766e-01;6.090200e-02;9.313672e-02;1.985605e-01;1.673463e-01;5.257757e-02
5.800515e-02;5.936584e-02;1.022996e-01;4.939874e-02;3.738051e-02;6.693137e-02;1.012587e-01;8.735057e-02;1.226554e-01;1.326063e-01;1.165868e-01;6.616114e-02
6.162595e-02;4.806959e-02;1.041027e-01;5.754615e-02;4.643283e-02;6.908691e-02;8.172094e-02;8.942960e-02;1.370510e-01;1.205365e-01;9.666099e-02;8.773682e-02
5.198388e-02;3.883236e-02;9.684095e-02;6.567199e-02;4.725875e-02;6.945427e-02;1.208433e-01;9.216280e-02;1.501980e-01;9.125680e-02;7.033936e-02;1.051576e-01
5.133373e-02;5.405258e-02;8.796062e-02;6.162284e-02;5.158817e-02;7.212339e-02;1.913958e-01;8.506448e-02;1.366635e-01;5.348659e-02;5.511918e-02;9.958910e-02
5.529408e-02;4.415810e-02;7.686263e-02;2.355508e-02;4.180276e-02;5.128828e-02;3.102040e-01;6.210570e-02;9.822746e-02;1.129765e-01;7.493043e-02;4.859497e-02
4.995386e-02;2.408301e-02;8.009359e-02;2.479295e-02;4.336113e-02;5.033397e-02;3.596573e-01;5.952375e-02;5.612130e-02;1.263124e-01;8.302958e-02;4.273719e-02
6.263646e-02;3.226925e-02;1.003306e-01;3.215527e-02;5.575130e-02;5.775458e-02;3.444012e-01;5.047181e-02;4.352770e-02;1.027720e-01;7.619955e-02;4.173026e-02
8.061421e-02;4.065192e-02;1.164104e-01;3.605305e-02;6.410718e-02;6.063431e-02;3.160565e-01;4.367614e-02;4.195924e-02;8.543278e-02;7.227255e-02;4.213170e-02
1.054196e-01;3.473275e-02;1.360024e-01;2.944995e-02;7.559428e-02;5.752487e-02;2.593368e-01;5.207277e-02;5.517492e-02;7.157728e-02;8.117128e-02;4.194319e-02
5.913493e-02;4.596284e-02;1.298311e-01;3.140666e-02;3.895086e-02;2.891024e-02;2.619869e-01;4.173460e-02;8.519357e-02;1.200449e-01;1.091612e-01;4.768228e-02
8.787428e-02;2.751648e-02;3.826996e-02;3.103094e-02;4.906138e-02;5.364169e-02;3.671535e-01;3.276272e-02;6.237188e-02;1.016822e-01;7.784608e-02;7.078890e-02
6.205149e-02;3.471326e-02;8.679967e-02;2.692229e-02;7.062318e-02;7.158642e-02;4.075333e-01;2.552973e-02;4.153543e-02;6.620377e-02;4.145342e-02;6.504802e-02
4.761384e-02;3.760896e-02;1.028975e-01;1.852394e-02;7.120749e-02;5.878410e-02;3.728850e-01;4.190871e-02;3.496971e-02;9.275528e-02;6.042209e-02;6.042333e-02
1.034533e-01;3.890721e-02;1.079069e-01;2.296306e-02;6.149097e-02;4.475553e-02;2.595589e-01;4.066954e-02;4.010103e-02;1.364592e-01;9.702682e-02;4.670755e-02
8.280503e-02;5.463417e-02;1.044198e-01;4.284660e-02;6.526928e-02;5.878074e-02;1.711974e-01;6.108674e-02;6.535392e-02;1.201331e-01;1.080628e-01;6.541045e-02
5.115328e-02;4.457054e-02;1.134619e-01;3.774664e-02;5.402075e-02;8.820264e-02;1.483285e-01;9.638255e-02;1.015096e-01;1.097167e-01;8.340912e-02;7.149783e-02
7.712670e-02;4.778568e-02;1.186270e-01;3.592146e-02;6.197713e-02;7.843935e-02;9.858557e-02;9.924756e-02;7.898056e-02;1.245753e-01;1.009798e-01;7.775378e-02
7.163094e-02;5.160720e-02;1.165450e-01;2.774990e-02;5.804537e-02;7.997156e-02;5.015508e-02;6.357745e-02;7.916065e-02;1.450944e-01;1.794644e-01;7.699796e-02
5.033740e-02;4.170923e-02;1.058023e-01;2.555968e-02;4.091398e-02;1.027118e-01;4.401545e-02;3.397797e-02;9.164944e-02;1.295758e-01;2.589465e-01;7.480038e-02
4.773015e-02;5.045235e-02;7.798876e-02;2.543992e-02;2.096481e-02;1.098297e-01;4.628232e-02;3.470468e-02;7.202096e-02;1.062772e-01;2.929456e-01;1.153635e-01
7.622418e-02;9.563354e-02;4.567743e-02;2.994935e-02;3.996821e-02;7.315065e-02;4.455671e-02;3.834162e-02;4.145076e-02;1.207623e-01;2.670263e-01;1.272589e-01
4.630004e-02;1.537694e-01;5.830489e-02;3.696582e-02;7.624435e-02;4.315714e-02;5.550637e-02;4.688069e-02;6.130890e-02;1.455870e-01;1.748488e-01;1.011265e-01
4.843560e-02;2.047661e-01;5.557230e-02;3.466260e-02;7.981609e-02;6.194296e-02;4.240124e-02;4.733274e-02;6.991301e-02;1.734333e-01;9.854870e-02;8.317537e-02
3.961372e-02;2.485608e-01;4.719683e-02;4.411920e-02;5.958988e-02;5.098858e-02;3.718124e-02;4.166145e-02;4.065235e-02;1.931602e-01;1.242049e-01;7.307101e-02
5.817572e-02;2.653495e-01;4.012770e-02;4.357387e-02;4.231510e-02;2.405403e-02;4.703759e-02;3.352832e-02;3.615277e-02;2.088174e-01;1.430131e-01;5.785478e-02
9.282194e-02;1.959224e-01;6.295628e-02;2.600547e-02;6.280033e-02;4.555538e-02;6.250520e-02;3.149002e-02;7.064552e-02;1.788247e-01;1.213268e-01;4.914599e-02
6.980946e-02;1.218865e-01;6.677005e-02;1.933280e-02;6.233950e-02;7.722217e-02;5.620018e-02;3.686390e-02;9.631471e-02;1.527585e-01;1.631518e-01;7.735042e-02
5.761350e-02;7.148053e-02;4.856971e-02;1.964206e-02;5.228553e-02;1.193509e-01;5.927626e-02;2.938730e-02;7.179698e-02;9.089349e-02;2.946626e-01;8.504104e-02
5.959656e-02;3.023428e-02;5.086446e-02;2.418322e-02;3.584787e-02;1.235143e-01;7.169583e-02;2.058684e-02;5.448777e-02;4.367529e-02;3.421357e-01;1.431779e-01
9.799230e-02;3.458593e-02;4.821194e-02;2.051540e-02;1.358155e-02;6.790986e-02;8.287811e-02;2.579003e-02;7.186282e-02;7.218459e-02;2.818268e-01;1.826606e-01
1.147595e-01;4.498541e-02;4.503055e-02;1.681273e-02;1.304126e-02;4.118653e-02;9.901292e-02;3.682955e-02;8.952981e-02;1.291917e-01;2.188980e-01;1.507221e-01
1.126971e-01;4.012433e-02;5.088812e-02;2.114611e-02;1.945254e-02;5.180141e-02;1.121308e-01;4.766867e-02;1.145232e-01;1.694677e-01;1.509928e-01;1.091073e-01
1.130969e-01;4.510957e-02;6.578329e-02;2.709370e-02;3.867191e-02;7.820185e-02;1.697964e-01;6.163238e-02;8.617331e-02;1.172271e-01;1.084870e-01;8.872657e-02
1.332937e-01;2.589505e-02;6.859163e-02;1.995391e-02;6.048661e-02;8.406402e-02;2.276391e-01;5.241869e-02;3.580290e-02;8.407043e-02;1.078425e-01;9.994145e-02
9.151655e-02;5.928742e-02;8.101026e-02;3.002013e-02;6.612638e-02;9.535944e-02;1.029006e-01;4.852578e-02;6.986918e-02;8.419853e-02;1.442602e-01;1.269255e-01
6.949081e-02;7.115079e-02;8.188296e-02;3.740316e-02;6.729932e-02;7.848477e-02;5.358730e-02;4.259772e-02;8.998029e-02;8.349191e-02;1.528010e-01;1.718300e-01
1.202942e-01;4.735513e-02;9.559046e-02;4.062132e-02;6.421330e-02;5.798450e-02;6.565765e-02;4.976702e-02;7.076646e-02;4.664846e-02;1.565365e-01;1.845651e-01
9.277664e-02;4.323202e-02;7.680628e-02;4.193765e-02;6.461102e-02;6.224469e-02;1.012966e-01;7.165247e-02;6.034306e-02;6.651656e-02;1.667801e-01;1.518029e-01
6.698550e-02;4.698044e-02;6.351405e-02;4.369605e-02;5.471645e-02;5.461406e-02;1.575798e-01;8.504030e-02;4.649130e-02;1.149207e-01;1.598584e-01;1.056029e-01
6.598071e-02;4.563883e-02;2.371067e-02;4.191757e-02;4.128588e-02;4.970329e-02;2.110562e-01;8.348504e-02;7.583889e-02;1.695867e-01;1.299538e-01;6.184241e-02
7.864041e-02;4.471136e-02;3.139441e-02;3.460169e-02;2.748554e-02;3.696625e-02;2.263686e-01;7.352214e-02;1.320662e-01;1.913265e-01;7.581761e-02;4.709930e-02
6.899548e-02;3.641784e-02;2.205924e-02;2.286846e-02;2.995295e-02;3.947802e-02;3.561381e-01;7.576431e-02;1.223915e-01;1.383207e-01;6.228011e-02;2.533335e-02
5.217160e-02;2.683194e-02;3.331796e-02;1.918267e-02;5.100405e-02;5.952939e-02;4.343748e-01;6.842396e-02;7.552364e-02;1.027135e-01;4.728546e-02;2.964096e-02
4.003826e-02;4.620896e-02;5.463548e-02;3.134097e-02;5.432992e-02;6.429726e-02;3.197443e-01;7.718524e-02;6.709313e-02;1.531286e-01;4.235419e-02;4.964366e-02
4.657012e-02;5.140427e-02;4.840313e-02;4.857128e-02;5.139134e-02;3.810170e-02;1.318742e-01;6.618319e-02;1.115956e-01;2.466443e-01;1.313900e-01;2.787095e-02
3.657647e-02;5.155290e-02;4.482560e-02;5.057916e-02;3.907175e-02;5.382210e-02;5.808596e-02;3.920459e-02;1.754439e-01;2.136062e-01;1.459107e-01;9.132068e-02
6.157428e-02;5.299922e-02;5.528094e-02;4.900781e-02;2.396683e-02;6.320806e-02;6.460422e-02;9.213790e-02;1.883801e-01;1.230517e-01;1.315696e-01;9.421942e-02
8.094450e-02;4.667818e-02;5.437909e-02;5.040233e-02;2.515804e-02;7.029434e-02;1.203937e-01;1.810374e-01;1.411951e-01;9.587435e-02;8.732332e-02;4.631967e-02
6.643692e-02;6.152695e-02;7.183902e-02;5.268541e-02;4.425116e-02;7.409217e-02;1.691272e-01;2.055523e-01;7.068866e-02;9.301607e-02;5.874644e-02;3.203769e-02
5.732135e-02;7.243453e-02;8.703499e-02;5.395142e-02;6.227009e-02;7.054788e-02;1.948967e-01;1.653462e-01;4.385713e-02;1.039729e-01;5.400714e-02;3.435975e-02
5.815759e-02;6.237842e-02;8.423579e-02;4.619472e-02;7.060791e-02;8.365189e-02;1.647377e-01;1.059594e-01;8.731316e-02;1.100814e-01;7.294157e-02;5.374052e-02
6.610271e-02;5.059852e-02;1.182454e-01;1.159835e-01;1.395166e-01;1.860053e-01;9.527580e-02;4.769487e-02;5.486279e-02;4.970734e-02;4.420584e-02;3.180144e-02
5.747339e-02;5.995666e-02;1.139394e-01;1.575176e-01;1.720135e-01;1.595591e-01;1.024851e-01;3.308571e-02;3.803273e-02;3.598897e-02;3.857141e-02;3.137641e-02
5.238445e-02;5.030082e-02;1.069289e-01;1.815260e-01;1.884483e-01;1.344829e-01;1.019489e-01;3.254362e-02;4.006480e-02;3.993075e-02;3.775150e-02;3.368907e-02
5.410374e-02;3.479612e-02;9.807482e-02;2.037590e-01;1.916029e-01;8.395777e-02;9.732422e-02;3.505618e-02;5.547702e-02;5.300387e-02;4.870172e-02;4.414274e-02
7.159364e-02;5.460991e-02;9.977495e-02;1.648753e-01;1.566139e-01;5.430108e-02;1.157781e-01;4.215628e-02;4.903127e-02;6.544504e-02;7.694432e-02;4.887612e-02
8.184212e-02;4.084781e-02;1.071377e-01;9.573827e-02;1.127157e-01;6.463176e-02;1.696898e-01;5.184119e-02;5.844394e-02;9.189747e-02;8.035597e-02;4.485825e-02
7.433041e-02;1.512088e-02;6.814873e-02;4.441148e-02;6.724644e-02;3.775566e-02;1.998955e-01;9.606039e-02;1.412671e-01;1.493590e-01;7.171288e-02;3.469142e-02
4.161233e-02;1.322195e-02;2.592809e-02;3.523107e-02;3.276453e-02;2.066943e-02;3.075876e-01;9.088052e-02;1.441946e-01;1.538944e-01;8.610565e-02;4.790982e-02
1.885429e-02;1.564797e-02;2.778458e-02;2.694328e-02;1.712274e-02;1.982004e-02;4.333034e-01;9.223004e-02;1.149204e-01;1.339836e-01;6.285919e-02;3.653043e-02
1.467977e-02;1.466013e-02;3.414418e-02;2.012832e-02;2.177875e-02;1.867549e-02;4.999723e-01;8.605012e-02;1.228144e-01;1.038963e-01;5.303137e-02;1.016881e-02
1.921655e-02;1.277877e-02;3.422982e-02;1.556464e-02;2.330927e-02;2.105178e-02;5.366067e-01;1.079726e-01;1.031159e-01;5.697682e-02;4.940309e-02;1.977406e-02
2.440979e-02;1.799136e-02;2.010334e-02;2.175249e-02;1.858601e-02;1.816618e-02;4.800830e-01;1.691413e-01;1.222486e-01;5.598490e-02;3.016751e-02;2.136544e-02
2.586427e-02;2.595296e-02;3.545471e-02;3.035142e-02;2.527652e-02;1.603115e-02;3.848711e-01;1.759341e-01;1.532459e-01;9.118693e-02;1.340406e-02;2.242687e-02
4.413954e-02;1.676480e-02;3.755894e-02;1.807263e-02;1.858523e-02;1.546601e-02;3.384778e-01;1.431653e-01;2.081859e-01;1.264232e-01;1.475905e-02;1.840167e-02
2.720830e-02;1.779412e-02;4.448446e-02;2.030315e-02;2.480311e-02;1.179716e-02;2.108638e-01;8.222067e-02;2.139712e-01;2.614839e-01;6.429052e-02;2.077956e-02
1.952371e-02;1.353501e-02;2.999271e-02;1.938396e-02;3.718906e-02;1.513068e-02;5.182855e-02;4.768098e-02;1.453527e-01;4.549426e-01;1.506796e-01;1.476042e-02
2.235272e-02;9.921920e-03;1.924211e-02;1.018662e-02;4.286285e-02;1.614415e-02;3.102683e-02;2.797283e-02;7.418184e-02;5.140662e-01;2.144952e-01;1.754674e-02
9.604682e-03;1.099622e-02;2.190209e-02;6.743587e-03;3.575363e-02;1.545459e-02;8.180743e-02;3.102870e-02;7.396191e-02;4.529705e-01;2.382848e-01;2.149185e-02
2.807515e-02;1.220358e-02;3.033883e-02;1.215662e-02;2.217193e-02;2.184852e-02;8.560035e-02;3.104710e-02;7.628659e-02;4.126613e-01;2.432237e-01;2.438629e-02
2.425329e-02;1.996441e-02;5.076552e-02;1.745750e-02;2.189740e-02;2.512841e-02;6.523935e-02;2.688947e-02;3.902236e-02;3.761630e-01;2.939914e-01;3.922792e-02
3.925294e-02;3.188208e-02;4.272703e-02;1.481985e-02;6.572835e-02;2.837531e-02;3.947898e-02;3.846229e-02;4.574996e-02;3.914188e-01;2.343376e-01;2.776678e-02
2.947293e-02;3.851073e-02;4.295720e-02;2.392694e-02;9.903725e-02;1.768951e-02;2.934228e-02;5.358033e-02;9.409301e-02;4.380081e-01;1.038817e-01;2.950000e-02
2.968217e-02;2.295269e-02;4.534601e-02;2.301307e-02;5.972394e-02;1.908536e-02;8.516124e-02;6.438719e-02;1.429520e-01;4.051311e-01;7.741747e-02;2.514777e-02
2.953667e-02;1.586392e-02;3.131977e-02;1.557518e-02;2.528426e-02;1.469557e-02;9.478470e-02;6.124307e-02;1.621410e-01;4.241345e-01;1.025784e-01;2.284296e-02
2.068228e-02;1.753793e-02;2.217860e-02;2.040284e-02;2.378962e-02;1.013318e-02;6.058361e-02;6.346731e-02;1.278421e-01;4.996963e-01;1.141044e-01;1.958180e-02
3.240250e-02;2.303408e-02;2.910485e-02;3.472017e-02;2.693726e-02;1.422986e-02;1.320487e-01;7.510506e-02;1.199138e-01;4.097489e-01;9.108038e-02;1.167452e-02
9.445863e-02;4.486096e-02;7.316394e-02;5.167171e-02;5.006161e-02;3.049179e-02;1.948306e-01;5.277181e-02;1.009624e-01;2.360147e-01;4.460664e-02;2.610525e-02
9.607381e-02;5.563189e-02;6.946573e-02;3.044560e-02;1.320710e-01;6.261441e-02;1.118647e-01;2.201225e-02;1.068956e-01;1.916127e-01;8.344050e-02;3.787178e-02
5.968976e-02;3.439483e-02;4.549928e-02;3.175475e-02;1.967000e-01;8.390588e-02;5.794146e-02;2.131195e-02;1.482772e-01;2.152583e-01;7.439771e-02;3.086890e-02
3.367679e-02;1.559109e-02;3.137475e-02;4.576762e-02;2.071839e-01;7.052614e-02;3.121333e-02;2.026447e-02;2.247338e-01;2.569797e-01;4.404999e-02;1.863834e-02
3.710555e-02;1.563480e-02;2.018275e-02;6.202798e-02;1.040946e-01;3.018867e-02;2.673593e-02;2.883577e-02;3.554694e-01;2.792243e-01;2.532242e-02;1.517770e-02
3.517244e-02;1.119376e-02;1.540253e-02;1.061624e-01;1.670107e-02;2.556954e-02;3.013173e-02;3.647811e-02;4.746132e-01;2.039717e-01;3.383664e-02;1.076689e-02
3.772492e-02;7.034520e-03;1.756373e-02;1.054520e-01;2.056658e-02;1.054517e-02;2.777556e-02;4.531138e-02;5.293098e-01;1.441733e-01;4.070559e-02;1.383733e-02
4.659379e-02;9.640628e-03;1.937546e-02;9.870768e-02;1.886960e-02;8.630588e-03;2.322694e-02;3.456405e-02;5.353645e-01;1.438245e-01;3.291930e-02;2.828296e-02
3.099265e-02;7.458622e-03;2.145323e-02;1.010397e-01;3.051924e-02;1.097894e-02;2.559271e-02;3.999306e-02;5.244468e-01;1.331790e-01;3.593083e-02;3.841523e-02
3.144689e-02;8.304368e-03;2.530720e-02;1.115578e-01;2.326821e-02;9.818228e-03;4.290334e-02;2.943992e-02;5.115924e-01;1.250530e-01;4.533077e-02;3.597783e-02
5.678685e-02;8.722799e-03;2.466732e-02;1.176779e-01;1.187374e-02;1.416874e-02;4.749052e-02;2.815569e-02;5.108585e-01;1.158902e-01;3.600712e-02;2.770067e-02
7.447842e-02;5.464841e-03;2.222353e-02;1.417841e-01;1.241662e-02;9.355625e-03;3.272680e-02;2.271994e-02;5.410006e-01;8.981162e-02;2.103774e-02;2.698019e-02
8.126325e-02;8.818379e-03;1.968703e-02;1.621523e-01;1.652832e-02;7.157619e-03;3.126462e-02;2.648798e-02;5.218506e-01;8.426880e-02;1.488411e-02;2.563691e-02
8.909406e-02;1.032070e-02;1.586898e-02;1.959268e-01;1.315523e-02;7.731447e-03;3.210304e-02;2.152921e-02;5.178378e-01;6.612846e-02;1.311061e-02;1.719370e-02
7.817050e-02;1.106371e-02;1.975464e-02;2.458730e-01;6.334762e-03;9.665428e-03;2.963644e-02;1.788576e-02;5.002632e-01;4.956340e-02;1.948808e-02;1.230112e-02
4.998604e-02;1.052209e-02;4.037122e-02;2.589253e-01;5.122703e-03;1.171882e-02;3.542417e-02;7.247951e-02;4.456566e-01;3.196486e-02;1.897542e-02;1.885323e-02
1.852099e-02;8.296471e-03;1.204806e-01;1.695572e-01;8.220169e-03;1.811617e-02;7.446256e-02;1.885249e-01;2.879127e-01;2.628437e-02;1.032458e-02;6.929926e-02
2.756283e-02;1.667488e-02;1.699921e-01;6.224827e-02;1.047303e-02;1.918362e-02;1.459802e-01;2.728992e-01;1.228065e-01;2.618801e-02;1.903531e-02;1.069561e-01
3.138383e-02;6.329630e-02;1.327603e-01;1.322282e-02;2.331552e-02;1.847480e-02;2.766304e-01;2.202371e-01;6.906391e-02;1.960173e-02;6.098363e-02;7.102969e-02
1.792528e-02;1.374703e-01;5.064543e-02;1.129316e-02;3.281389e-02;2.386372e-02;4.357074e-01;9.587588e-02;4.583365e-02;1.223414e-02;1.139428e-01;2.239449e-02
3.405707e-02;1.495944e-01;1.753440e-02;2.105914e-02;3.519855e-02;7.109514e-02;4.765551e-01;2.380949e-02;2.555233e-02;2.986466e-02;1.016003e-01;1.407930e-02
9.905566e-02;7.699282e-02;1.288765e-02;5.231011e-02;3.370763e-02;1.724393e-01;3.558328e-01;2.028084e-02;1.935452e-02;1.023946e-01;4.225945e-02;1.248465e-02
1.727143e-01;2.541492e-02;2.404065e-02;6.298578e-02;3.700497e-02;2.690623e-01;1.975014e-01;1.801033e-02;2.046727e-02;1.421177e-01;1.724401e-02;1.343634e-02
2.083063e-01;2.714631e-02;3.437046e-02;4.528669e-02;6.313878e-02;2.872147e-01;1.320597e-01;2.190712e-02;3.442591e-02;1.045845e-01;2.243767e-02;1.912184e-02
1.821069e-01;3.236555e-02;6.371522e-02;3.105563e-02;1.317286e-01;2.031235e-01;9.000772e-02;2.669774e-02;6.163824e-02;5.250958e-02;4.088790e-02;8.416337e-02
9.613183e-02;2.248338e-02;8.745234e-02;2.931229e-02;2.127904e-01;9.795915e-02;6.088312e-02;2.236264e-02;1.091819e-01;3.175250e-02;3.348820e-02;1.962023e-01
2.903578e-02;1.854588e-02;8.192181e-02;2.944606e-02;2.608534e-01;6.933428e-02;6.173033e-02;1.035151e-02;1.023406e-01;2.676008e-02;2.222001e-02;2.874603e-01
1.034066e-02;3.374927e-02;8.846025e-02;4.485761e-02;2.631543e-01;4.186064e-02;5.828708e-02;2.305635e-02;6.599542e-02;2.076406e-02;4.735692e-02;3.021175e-01
1.269829e-02;7.191940e-02;1.162985e-01;8.362128e-02;1.781341e-01;3.263006e-02;4.504273e-02;5.876165e-02;3.646662e-02;2.790724e-02;1.347054e-01;2.018148e-01
1.665410e-02;8.780908e-02;1.446061e-01;1.525329e-01;9.016164e-02;3.433165e-02;2.566366e-02;8.834168e-02;2.873352e-02;2.863085e-02;2.152167e-01;8.731822e-02
1.984426e-02;5.865977e-02;1.918279e-01;1.767382e-01;6.762622e-02;3.958831e-02;2.678888e-02;7.917998e-02;2.478513e-02;2.693332e-02;2.389394e-01;4.908857e-02
3.214473e-02;4.222830e-02;2.394488e-01;1.580431e-01;8.887418e-02;5.101496e-02;3.959659e-02;5.172876e-02;1.650260e-02;2.751338e-02;2.074292e-01;4.547547e-02
4.040061e-02;7.272540e-02;2.877856e-01;1.270640e-01;1.087746e-01;5.087126e-02;2.417630e-02;3.882090e-02;2.306673e-02;2.800033e-02;1.632944e-01;3.501981e-02
3.056153e-02;9.794124e-02;2.960817e-01;1.001545e-01;1.184594e-01;4.983951e-02;4.117941e-02;3.631597e-02;2.690792e-02;4.538509e-02;1.136046e-01;4.356899e-02
2.753487e-02;8.909880e-02;3.502871e-01;9.053523e-02;1.280235e-01;5.829258e-02;4.434397e-02;2.679704e-02;2.629652e-02;3.827746e-02;7.792436e-02;4.258848e-02
3.771773e-02;5.390097e-02;4.300163e-01;7.959433e-02;9.894688e-02;4.966523e-02;5.991293e-02;1.968125e-02;2.032045e-02;2.503174e-02;7.479396e-02;5.041819e-02
4.092780e-02;2.237263e-02;5.334762e-01;6.325439e-02;4.558188e-02;3.436224e-02;6.175158e-02;2.519832e-02;1.894456e-02;3.130980e-02;6.717866e-02;5.564195e-02
3.798955e-02;3.457950e-02;5.255282e-01;6.555719e-02;8.971770e-02;4.544804e-02;4.089503e-02;2.734390e-02;2.171859e-02;3.574152e-02;5.183670e-02;2.364403e-02
4.100529e-02;4.851792e-02;4.449614e-01;8.413815e-02;1.024984e-01;5.573355e-02;1.915732e-02;2.964050e-02;1.894571e-02;3.631644e-02;7.847772e-02;4.060758e-02
3.389752e-02;8.835944e-02;4.005734e-01;8.484054e-02;1.306364e-01;5.902110e-02;2.108368e-02;3.221088e-02;1.635389e-02;3.101651e-02;6.442673e-02;3.757995e-02
2.879132e-02;9.589414e-02;4.087848e-01;7.123847e-02;1.519660e-01;6.637915e-02;6.558973e-02;2.301518e-02;7.775631e-03;1.733230e-02;3.969828e-02;2.353500e-02
1.992796e-02;6.679227e-02;4.450592e-01;6.845151e-02;1.405164e-01;6.117621e-02;9.950007e-02;1.443065e-02;1.355245e-02;1.538800e-02;2.702651e-02;2.817875e-02
1.321882e-02;4.100379e-02;5.477063e-01;7.593934e-02;1.030594e-01;4.056314e-02;8.046684e-02;1.426046e-02;2.432822e-02;1.586763e-02;2.197325e-02;2.161274e-02
1.303144e-02;2.546695e-02;6.422708e-01;6.926052e-02;7.348023e-02;2.460520e-02;5.394659e-02;1.762454e-02;2.520276e-02;1.730142e-02;2.061368e-02;1.719590e-02
1.949479e-02;2.103850e-02;6.316273e-01;6.568243e-02;5.470103e-02;2.170160e-02;4.356196e-02;2.992142e-02;2.088489e-02;2.386220e-02;4.577304e-02;2.175079e-02
2.276584e-02;1.677210e-02;6.396837e-01;6.107423e-02;5.188158e-02;1.378450e-02;5.551874e-02;3.761833e-02;2.428293e-02;1.882345e-02;4.797400e-02;9.820690e-03
2.236766e-02;2.057484e-02;6.797749e-01;6.314993e-02;6.158946e-02;1.773912e-02;2.358991e-02;2.828506e-02;2.356201e-02;1.369881e-02;3.473056e-02;1.093767e-02
1.935378e-02;2.061838e-02;6.664650e-01;6.430434e-02;6.300296e-02;2.404341e-02;3.433259e-02;2.134813e-02;2.435378e-02;2.500817e-02;2.891202e-02;8.257379e-03
1.517267e-02;1.975523e-02;6.597340e-01;6.730480e-02;6.974059e-02;2.261224e-02;3.702036e-02;1.556177e-02;2.011432e-02;3.096958e-02;3.256224e-02;9.452185e-03
1.240744e-02;1.648856e-02;6.075785e-01;8.148752e-02;9.459737e-02;3.078476e-02;3.485827e-02;2.858059e-02;1.869469e-02;2.464437e-02;3.586329e-02;1.401467e-02
8.678320e-03;1.204298e-02;5.696228e-01;8.877770e-02;1.194158e-01;3.773482e-02;4.215999e-02;3.612745e-02;1.495804e-02;1.715803e-02;3.888628e-02;1.443778e-02
7.983880e-03;1.457696e-02;5.127774e-01;9.636596e-02;1.265827e-01;3.920611e-02;3.601972e-02;4.585528e-02;4.075169e-02;2.951608e-02;3.781376e-02;1.255050e-02
7.032258e-03;1.539958e-02;3.632896e-01;9.768003e-02;1.219894e-01;4.490304e-02;4.953970e-02;1.051450e-01;7.377280e-02;4.252489e-02;5.955886e-02;1.916488e-02
9.086766e-03;1.708901e-02;3.264545e-01;9.283210e-02;9.433699e-02;4.885502e-02;4.116994e-02;1.317733e-01;6.836253e-02;4.121889e-02;1.084307e-01;2.039028e-02
1.591583e-02;1.321583e-02;3.347998e-01;9.895059e-02;7.216049e-02;4.370428e-02;3.357365e-02;1.164322e-01;3.814723e-02;3.004182e-02;1.924979e-01;1.056032e-02
1.554199e-02;1.066340e-02;3.141661e-01;1.002485e-01;6.575318e-02;2.306162e-02;3.359497e-02;8.896541e-02;1.902205e-02;3.694697e-02;2.760060e-01;1.602984e-02
1.125131e-02;6.620595e-03;2.665148e-01;9.521323e-02;6.036305e-02;3.477643e-02;3.799671e-02;9.282807e-02;2.510337e-02;3.602234e-02;3.084094e-01;2.490069e-02
1.490066e-02;8.580105e-03;2.272193e-01;8.887902e-02;6.677409e-02;4.262600e-02;5.792533e-02;1.121986e-01;2.098649e-02;2.284983e-02;3.168025e-01;2.025801e-02
2.238489e-02;2.386899e-02;2.063214e-01;7.574247e-02;8.192601e-02;3.793405e-02;6.991775e-02;1.108126e-01;3.300358e-02;2.756633e-02;2.796240e-01;3.089787e-02
3.823866e-02;3.511705e-02;2.256163e-01;5.890858e-02;1.538419e-01;4.151631e-02;6.752683e-02;6.996980e-02;5.402867e-02;3.731513e-02;1.673058e-01;5.061499e-02
4.559722e-02;2.965420e-02;2.494975e-01;4.956055e-02;1.631096e-01;6.330627e-02;6.947327e-02;5.531611e-02;7.354423e-02;5.812190e-02;6.279743e-02;8.002174e-02
3.579510e-02;2.625071e-02;2.127655e-01;4.663330e-02;9.471303e-02;8.567666e-02;8.248667e-02;6.779821e-02;1.079449e-01;1.166506e-01;6.154324e-02;6.174207e-02
3.974822e-02;5.805845e-02;1.368530e-01;5.556313e-02;9.000679e-02;7.363123e-02;1.493818e-01;4.111790e-02;1.017957e-01;1.056211e-01;8.576369e-02;6.245891e-02
5.481233e-02;7.617399e-02;9.295413e-02;6.586843e-02;3.881003e-02;1.011962e-01;1.587043e-01;8.908860e-02;4.611665e-02;1.133811e-01;9.293497e-02;6.995928e-02
7.276629e-02;6.757045e-02;7.171359e-02;6.056999e-02;3.504666e-02;9.559152e-02;1.190085e-01;8.307280e-02;6.272593e-02;1.251096e-01;1.023553e-01;1.044694e-01
5.903121e-02;6.373955e-02;6.428605e-02;7.265287e-02;5.759478e-02;5.515995e-02;7.605994e-02;9.157770e-02;7.888079e-02;1.045274e-01;1.737534e-01;1.027363e-01
3.716322e-02;3.220659e-02;6.652018e-02;6.679140e-02;8.472883e-02;5.789148e-02;8.160532e-02;6.844018e-02;1.173268e-01;7.124367e-02;1.967238e-01;1.193585e-01
3.434345e-02;2.266355e-02;7.376368e-02;5.910937e-02;6.783941e-02;9.037510e-02;1.075238e-01;6.347127e-02;1.373898e-01;5.079830e-02;1.756317e-01;1.170906e-01
2.360136e-02;4.375603e-02;8.812913e-02;6.996505e-02;7.980870e-02;1.143459e-01;1.247175e-01;7.890500e-02;9.661049e-02;5.791637e-02;1.244773e-01;9.776720e-02
4.241149e-02;5.578097e-02;1.069455e-01;5.631563e-02;1.158736e-01;1.011830e-01;1.193706e-01;7.540001e-02;6.472485e-02;7.482217e-02;7.986155e-02;1.073106e-01
8.091625e-02;5.868667e-02;1.358474e-01;3.803014e-02;1.236180e-01;5.609793e-02;9.644024e-02;8.958729e-02;7.570601e-02;9.729674e-02;4.779253e-02;9.998084e-02
5.788628e-02;5.483330e-02;1.532586e-01;4.803836e-02;8.977491e-02;6.571964e-02;1.379508e-01;7.028772e-02;9.495309e-02;8.872578e-02;5.365744e-02;8.491404e-02
8.105737e-02;6.666804e-02;1.329405e-01;6.094971e-02;5.344395e-02;7.338328e-02;1.628244e-01;5.110907e-02;1.105871e-01;5.525923e-02;8.419480e-02;6.758258e-02
9.571123e-02;5.768674e-02;1.060479e-01;6.015907e-02;8.490289e-02;5.087853e-02;1.727616e-01;5.795655e-02;4.143160e-02;7.495742e-02;1.308743e-01;6.663223e-02
8.377438e-02;4.478268e-02;7.758288e-02;5.777124e-02;1.137704e-01;9.432875e-02;1.327576e-01;1.065066e-01;4.966807e-02;8.502077e-02;9.348603e-02;6.055058e-02
6.166017e-02;4.338701e-02;7.112505e-02;5.797199e-02;1.163639e-01;8.428467e-02;1.344295e-01;1.583679e-01;7.290106e-02;7.139499e-02;7.148135e-02;5.663247e-02
4.658826e-02;7.247626e-02;7.223177e-02;3.905579e-02;1.217864e-01;6.039168e-02;1.557500e-01;1.814844e-01;8.020163e-02;5.907539e-02;5.962855e-02;5.132988e-02
