3.087246e-01;1.857380e-01;1.756123e-02;1.947314e-02;8.777765e-03;2.053530e-02;1.347186e-01;1.032127e-01;7.169140e-03;1.721750e-02;1.503939e-01;2.647806e-02
3.452399e-01;1.403040e-01;1.000119e-02;2.873246e-02;6.442755e-03;1.880370e-02;1.523879e-01;9.557373e-02;2.573344e-03;1.511028e-02;1.474599e-01;3.737092e-02
3.545235e-01;9.200671e-02;4.042143e-03;3.945550e-02;4.917543e-03;1.899701e-02;1.927062e-01;6.424836e-02;5.267289e-03;1.160361e-02;1.554542e-01;5.677792e-02
2.980075e-01;9.188592e-02;1.002139e-02;3.646567e-02;6.637495e-03;2.003688e-02;1.974188e-01;4.582098e-02;4.453686e-03;1.645306e-02;2.084814e-01;6.431719e-02
2.688347e-01;5.957636e-02;1.527800e-02;2.194952e-02;1.338870e-02;3.350357e-02;1.534747e-01;4.221755e-02;9.014118e-03;2.164360e-02;3.083266e-01;5.279260e-02
2.561983e-01;5.037524e-02;2.221361e-02;9.352936e-03;1.452225e-02;4.845757e-02;8.826981e-02;3.336892e-02;1.210572e-02;2.801516e-02;4.076964e-01;2.942412e-02
2.567602e-01;5.655179e-02;2.006187e-02;5.037426e-03;1.017179e-02;5.074550e-02;4.567726e-02;2.226210e-02;1.189087e-02;3.464907e-02;4.726497e-01;1.354238e-02
2.895685e-01;6.813419e-02;1.486939e-02;3.632713e-03;1.200226e-02;4.045335e-02;2.208858e-02;2.068002e-02;1.318879e-02;3.773596e-02;4.635052e-01;1.414103e-02
3.048478e-01;6.720427e-02;1.389069e-02;3.786575e-03;2.255060e-02;2.795978e-02;3.312503e-02;2.391427e-02;1.678680e-02;3.956316e-02;4.396188e-01;6.752254e-03
3.374474e-01;5.917661e-02;7.665871e-03;6.681270e-03;3.113260e-02;1.479450e-02;4.277558e-02;2.308944e-02;1.658064e-02;3.668996e-02;3.997740e-01;2.419213e-02
3.912500e-01;9.267769e-02;9.961096e-03;2.017317e-02;2.675893e-02;1.033019e-02;5.061064e-02;3.770713e-02;1.083606e-02;2.708851e-02;2.643877e-01;5.821884e-02
4.489455e-01;1.340955e-01;8.659692e-03;3.776974e-02;1.511938e-02;8.087602e-03;6.088350e-02;3.831089e-02;5.403773e-03;2.331596e-02;1.450550e-01;7.435353e-02
4.929527e-01;1.515692e-01;4.875349e-03;4.289632e-02;9.136034e-03;1.066525e-02;6.061165e-02;4.530942e-02;3.437119e-03;2.315092e-02;9.312819e-02;6.226785e-02
5.197090e-01;1.716781e-01;4.565130e-03;3.023827e-02;7.766985e-03;1.501337e-02;4.472317e-02;5.971310e-02;7.632957e-03;2.084444e-02;8.120361e-02;3.691196e-02
5.170124e-01;2.307080e-01;9.940244e-03;1.902156e-02;8.437487e-03;1.283687e-02;2.330058e-02;6.773146e-02;1.233561e-02;1.575984e-02;6.173979e-02;2.117619e-02
4.902704e-01;3.074103e-01;1.425801e-02;1.355488e-02;1.094141e-02;8.499869e-03;2.077736e-02;6.152611e-02;1.748385e-02;1.356632e-02;3.252358e-02;9.187910e-03
4.588757e-01;3.793392e-01;2.205019e-02;6.740116e-03;1.144780e-02;7.505842e-03;1.810217e-02;5.495635e-02;1.496719e-02;9.224107e-03;1.311696e-02;3.674380e-03
4.266233e-01;4.154805e-01;2.385858e-02;6.203309e-03;8.448957e-03;4.013970e-03;1.946417e-02;4.240729e-02;9.464374e-03;5.435739e-03;3.036859e-02;8.231189e-03
4.184261e-01;4.227095e-01;2.269647e-02;4.463460e-03;6.258720e-03;6.723577e-03;2.419633e-02;3.916978e-02;9.493924e-03;8.527707e-03;3.034760e-02;6.986863e-03
4.093024e-01;4.204730e-01;2.602486e-02;3.336101e-03;7.740584e-03;6.198813e-03;3.608762e-02;5.575356e-02;1.253533e-02;9.951439e-03;9.253309e-03;3.343044e-03
3.978311e-01;3.943855e-01;3.154426e-02;5.874805e-03;7.657413e-03;8.264842e-03;4.507711e-02;5.443696e-02;1.302417e-02;1.174218e-02;2.204291e-02;8.118778e-03
3.569254e-01;3.701966e-01;2.916439e-02;1.419690e-02;1.136505e-02;1.664000e-02;7.031645e-02;6.632543e-02;1.693723e-02;1.630309e-02;1.620090e-02;1.542850e-02
2.318039e-01;3.085027e-01;1.911051e-02;1.270357e-02;2.259025e-02;2.676207e-02;1.792586e-01;9.784660e-02;2.048839e-02;1.112459e-02;4.581902e-02;2.398981e-02
2.426158e-01;2.251009e-01;2.660653e-02;1.445869e-02;2.631196e-02;2.619086e-02;1.612915e-01;1.316697e-01;2.439233e-02;2.095938e-02;8.868935e-02;1.171293e-02
3.092643e-01;1.657855e-01;2.156744e-02;1.194202e-02;1.704316e-02;2.561492e-02;1.204071e-01;1.164518e-01;2.102924e-02;2.115165e-02;1.469146e-01;2.282816e-02
2.134756e-01;1.521838e-01;2.937484e-02;3.194096e-02;2.529351e-02;2.916740e-02;1.020172e-01;9.119449e-02;3.547649e-02;4.397744e-02;2.188675e-01;2.703073e-02
1.666363e-01;1.269515e-01;2.018662e-02;4.623835e-02;3.143706e-02;3.130940e-02;1.031348e-01;1.138493e-01;5.716809e-02;5.796542e-02;2.333803e-01;1.174287e-02
1.730161e-01;1.034399e-01;1.530844e-02;4.052511e-02;2.473561e-02;2.738525e-02;1.066510e-01;1.399679e-01;6.696702e-02;4.726215e-02;1.978850e-01;5.685654e-02
2.119076e-01;1.920531e-01;3.903974e-02;3.603266e-02;1.693147e-02;2.116882e-02;8.146590e-02;9.230069e-02;4.659319e-02;2.990646e-02;1.626150e-01;6.998537e-02
2.364345e-01;2.065796e-01;4.113026e-02;5.064137e-02;1.105103e-02;3.440203e-02;9.627739e-02;5.635604e-02;1.032531e-02;1.261768e-02;2.087492e-01;3.543556e-02
2.208054e-01;1.708148e-01;3.174198e-02;6.175116e-02;1.235877e-02;6.361468e-02;9.042222e-02;4.930091e-02;6.002701e-03;1.365899e-02;2.512223e-01;2.830615e-02
1.457691e-01;1.046336e-01;4.204662e-02;6.194368e-02;2.121184e-02;1.360449e-01;7.356686e-02;2.640720e-02;5.847948e-03;2.203682e-02;3.429666e-01;1.752480e-02
7.106500e-02;6.148786e-02;3.246809e-02;3.349534e-02;3.717339e-02;2.351070e-01;5.876596e-02;2.748907e-02;1.171101e-02;3.486664e-02;3.927777e-01;3.592878e-03
4.492982e-02;5.545201e-02;1.511353e-02;1.424185e-02;6.885604e-02;2.188257e-01;1.033612e-01;4.916589e-02;3.246134e-02;6.645514e-02;3.142560e-01;1.688153e-02
4.576409e-02;7.129857e-02;1.144951e-02;1.340262e-02;1.060689e-01;1.291132e-01;8.302370e-02;5.190251e-02;3.646823e-02;1.065544e-01;3.213074e-01;2.364695e-02
2.305865e-02;7.959174e-02;1.296053e-02;2.247041e-02;1.322034e-01;4.790939e-02;6.356048e-02;4.669717e-02;3.984382e-02;1.424927e-01;3.572887e-01;3.192301e-02
5.615149e-02;7.943789e-02;2.240360e-02;2.954157e-02;1.147058e-01;4.027656e-02;5.567862e-02;1.046529e-01;4.008158e-02;1.181329e-01;3.043659e-01;3.457125e-02
1.110995e-01;7.779928e-02;2.244841e-02;2.669913e-02;6.461205e-02;3.722492e-02;1.036356e-01;1.335522e-01;2.384171e-02;7.442503e-02;2.829325e-01;4.172971e-02
1.243385e-01;1.145715e-01;2.405266e-02;2.599743e-02;3.680042e-02;4.301692e-02;1.162435e-01;1.138506e-01;2.070383e-02;5.622727e-02;2.801533e-01;4.404410e-02
1.021788e-01;1.222932e-01;2.085290e-02;1.762202e-02;3.080280e-02;3.746373e-02;1.691003e-01;1.037125e-01;2.015408e-02;3.697573e-02;3.074849e-01;3.135908e-02
1.329850e-01;7.463352e-02;1.506117e-02;1.487708e-02;2.819565e-02;2.944714e-02;1.215032e-01;1.276264e-01;2.411737e-02;4.887929e-02;3.631803e-01;1.949396e-02
6.164647e-02;4.456696e-02;6.050051e-03;1.798748e-02;2.277621e-02;2.061629e-02;7.423034e-02;1.271159e-01;2.544063e-02;6.393100e-02;5.240639e-01;1.157481e-02
4.924139e-02;2.651874e-02;5.501325e-03;2.270994e-02;1.416367e-02;1.541111e-02;4.753399e-02;6.034154e-02;2.587514e-02;7.554799e-02;6.519500e-01;5.205187e-03
7.254152e-02;1.872582e-02;1.179617e-02;1.732330e-02;8.971503e-03;1.891647e-02;3.443154e-02;5.024912e-02;2.747905e-02;7.329996e-02;6.623353e-01;3.930190e-03
1.041695e-01;2.025019e-02;1.450392e-02;9.596561e-03;1.825307e-02;1.814791e-02;1.870573e-02;3.013554e-02;2.920172e-02;7.505982e-02;6.589443e-01;3.031698e-03
1.372510e-01;2.631852e-02;1.346052e-02;6.864938e-03;3.184605e-02;1.754322e-02;2.987152e-02;1.541235e-02;3.660863e-02;7.938360e-02;5.998390e-01;5.600593e-03
1.983047e-01;3.322381e-02;1.365507e-02;1.068428e-02;3.461341e-02;2.065540e-02;3.628385e-02;2.603832e-02;3.660132e-02;7.603531e-02;5.046681e-01;9.236435e-03
2.371001e-01;5.326440e-02;1.055081e-02;2.063060e-02;2.911573e-02;2.630989e-02;5.603365e-02;3.090130e-02;2.491915e-02;7.876623e-02;4.237247e-01;8.683398e-03
2.689283e-01;9.564398e-02;1.149067e-02;1.464719e-02;1.732252e-02;2.431084e-02;5.600609e-02;1.501388e-02;2.529913e-02;7.458498e-02;3.817905e-01;1.496194e-02
2.757509e-01;1.175377e-01;1.367953e-02;7.851973e-03;1.213154e-02;1.851631e-02;6.200494e-02;3.989811e-02;2.506093e-02;5.953049e-02;3.531764e-01;1.486118e-02
2.573684e-01;1.210338e-01;1.856267e-02;1.466942e-02;1.245800e-02;2.368280e-02;7.135811e-02;4.853984e-02;2.115790e-02;4.756022e-02;3.585994e-01;5.009450e-03
2.079473e-01;7.042222e-02;2.400897e-02;1.064105e-02;1.750944e-02;3.347880e-02;7.577125e-02;4.090704e-02;1.747130e-02;4.312381e-02;4.494279e-01;9.290907e-03
1.808286e-01;4.745623e-02;1.957199e-02;2.019310e-02;2.081186e-02;2.949519e-02;8.835863e-02;7.270629e-02;2.622016e-02;4.533525e-02;4.330899e-01;1.593279e-02
1.087851e-01;9.984580e-02;3.807798e-02;7.216938e-02;4.160233e-02;4.814494e-02;7.982261e-02;1.511036e-01;4.923645e-02;7.837159e-02;2.244249e-01;8.415264e-03
1.124172e-01;1.078494e-01;4.012769e-02;7.202771e-02;4.764621e-02;5.378177e-02;1.142916e-01;1.636049e-01;5.548070e-02;8.658857e-02;1.339443e-01;1.223992e-02
2.276995e-01;1.694990e-01;2.687625e-02;3.904587e-02;3.145593e-02;3.621026e-02;1.126834e-01;9.864261e-02;5.292662e-02;4.991346e-02;1.458616e-01;9.185494e-03
3.094772e-01;2.106983e-01;2.346371e-02;1.566123e-02;2.523572e-02;2.831426e-02;9.746994e-02;6.845536e-02;5.051221e-02;2.500091e-02;1.402549e-01;5.456357e-03
3.656639e-01;1.783723e-01;1.698470e-02;1.766154e-02;2.901605e-02;2.889534e-02;1.011723e-01;5.847266e-02;5.250775e-02;3.287087e-02;1.039542e-01;1.442851e-02
3.833447e-01;9.546530e-02;8.711291e-03;3.301464e-02;2.476960e-02;2.066143e-02;1.372306e-01;5.456432e-02;4.727801e-02;5.133981e-02;1.130045e-01;3.061582e-02
3.105969e-01;9.238407e-02;8.833127e-03;3.274310e-02;1.691316e-02;1.477058e-02;1.442688e-01;5.940159e-02;3.327280e-02;3.963000e-02;2.090622e-01;3.812372e-02
2.673925e-01;7.278483e-02;5.286751e-03;1.763575e-02;5.960495e-02;1.959572e-02;1.123510e-01;6.584104e-02;2.581896e-02;3.337362e-02;2.835365e-01;3.677842e-02
2.474035e-01;4.305569e-02;4.355326e-03;1.142667e-02;1.365233e-01;1.665873e-02;7.376242e-02;6.571217e-02;3.250755e-02;2.956103e-02;3.129691e-01;2.606441e-02
2.151682e-01;3.315808e-02;4.720835e-03;4.932444e-03;1.790492e-01;1.328238e-02;4.730263e-02;5.393041e-02;7.502695e-02;2.151384e-02;3.360742e-01;1.584080e-02
2.150544e-01;5.356065e-02;8.048994e-03;7.493912e-03;1.393869e-01;1.998582e-02;3.521745e-02;2.814038e-02;1.113084e-01;3.036195e-02;3.430507e-01;8.390415e-03
2.279423e-01;7.292577e-02;9.875136e-03;1.769740e-02;6.867575e-02;2.828807e-02;5.768788e-02;5.120637e-02;1.108333e-01;4.113505e-02;3.057931e-01;7.939984e-03
2.300525e-01;8.550694e-02;1.351801e-02;2.812894e-02;2.862127e-02;3.041156e-02;1.374938e-01;1.158675e-01;8.674444e-02;4.981524e-02;1.811374e-01;1.270240e-02
1.821595e-01;5.881782e-02;1.327862e-02;1.681658e-02;3.540834e-02;1.823442e-02;2.304133e-01;1.459120e-01;4.440973e-02;4.050177e-02;1.986912e-01;1.535669e-02
2.135014e-01;5.122268e-02;1.282488e-02;1.449148e-02;3.462458e-02;1.462621e-02;1.924853e-01;6.048624e-02;4.235014e-02;2.995127e-02;3.168733e-01;1.656250e-02
2.459554e-01;7.763097e-02;1.797380e-02;2.009965e-02;3.223508e-02;1.648921e-02;1.782745e-01;3.756046e-02;4.116122e-02;3.075983e-02;2.807558e-01;2.110407e-02
2.927898e-01;1.363932e-01;2.412189e-02;2.428420e-02;3.429479e-02;2.270931e-02;1.223950e-01;5.914524e-02;3.305651e-02;2.855106e-02;2.059239e-01;1.633508e-02
3.060806e-01;1.532102e-01;2.635383e-02;2.286319e-02;2.185685e-02;2.761401e-02;1.042270e-01;4.385118e-02;2.165136e-02;4.118629e-02;2.203049e-01;1.080067e-02
2.506261e-01;1.225210e-01;1.842822e-02;1.815885e-02;1.464775e-02;3.234439e-02;1.415160e-01;6.416224e-02;3.372107e-02;3.571174e-02;2.556891e-01;1.247349e-02
2.376316e-01;1.345126e-01;1.890310e-02;1.578795e-02;2.096528e-02;2.743494e-02;1.250441e-01;1.181983e-01;3.660529e-02;2.890962e-02;2.169819e-01;1.902544e-02
1.576555e-01;9.717598e-02;3.623270e-02;3.430767e-02;6.770096e-02;5.770165e-02;1.431242e-01;1.755795e-01;4.029252e-02;5.930709e-02;1.033921e-01;2.753012e-02
8.917570e-02;6.716612e-02;5.951643e-02;9.398987e-02;1.123240e-01;8.381674e-02;1.309497e-01;1.903401e-01;3.451057e-02;8.262804e-02;3.431454e-02;2.126825e-02
1.431047e-01;1.078641e-01;5.263060e-02;7.800744e-02;8.959685e-02;7.289729e-02;1.168713e-01;1.501537e-01;3.323467e-02;6.808754e-02;7.012898e-02;1.742290e-02
2.397955e-01;1.349804e-01;3.017690e-02;3.319659e-02;3.422131e-02;3.605574e-02;7.232689e-02;9.286477e-02;3.153106e-02;4.058933e-02;2.323185e-01;2.194302e-02
2.679822e-01;1.133080e-01;2.109633e-02;6.677607e-03;1.006897e-02;1.770288e-02;3.723536e-02;7.318788e-02;3.334093e-02;3.719174e-02;3.661959e-01;1.601222e-02
2.474007e-01;6.551734e-02;1.879689e-02;5.940213e-03;6.421653e-03;1.512958e-02;4.821575e-02;7.892494e-02;3.331174e-02;4.241128e-02;4.267527e-01;1.117719e-02
1.918128e-01;1.042062e-01;2.143898e-02;6.487931e-03;9.602278e-03;1.742804e-02;1.174550e-01;7.185914e-02;2.936027e-02;4.549655e-02;3.774635e-01;7.389298e-03
1.805422e-01;1.565805e-01;2.240579e-02;1.539678e-02;1.707518e-02;2.427896e-02;2.034379e-01;1.106768e-01;4.464696e-02;4.980827e-02;1.544462e-01;2.070454e-02
1.504960e-01;7.773124e-02;1.884141e-02;9.938514e-03;1.111116e-02;2.358550e-02;1.279407e-01;1.042036e-01;3.702030e-02;4.544307e-02;3.784901e-01;1.519846e-02
1.006681e-01;4.420203e-02;1.783877e-02;1.695427e-02;5.811547e-03;1.488286e-02;7.866076e-02;6.512317e-02;1.803221e-02;4.370499e-02;5.883794e-01;5.741870e-03
7.036423e-02;2.359347e-02;1.123692e-02;2.295824e-02;3.508308e-03;1.212666e-02;4.857098e-02;2.011713e-02;5.230218e-03;4.281813e-02;7.350456e-01;4.430185e-03
5.683076e-02;1.089910e-02;5.462485e-03;3.458568e-02;2.809671e-03;1.109035e-02;3.703386e-02;1.740586e-02;4.022667e-03;4.559699e-02;7.714247e-01;2.837874e-03
3.665937e-02;8.363466e-03;5.924763e-03;4.171986e-02;3.882648e-03;1.355721e-02;3.823680e-02;1.483673e-02;4.219270e-03;4.806057e-02;7.825308e-01;2.008492e-03
4.672740e-02;8.819416e-03;7.908161e-03;3.044392e-02;5.709041e-03;1.454869e-02;2.944600e-02;7.505346e-03;8.855024e-03;5.117519e-02;7.851246e-01;3.737208e-03
6.714825e-02;1.579141e-02;8.506557e-03;1.207299e-02;7.940180e-03;1.136102e-02;1.470260e-02;1.254795e-02;1.687680e-02;5.022946e-02;7.786409e-01;4.181891e-03
1.107419e-01;2.432987e-02;6.262707e-03;5.753921e-03;1.070311e-02;1.052575e-02;1.664673e-02;1.349228e-02;2.280413e-02;4.112201e-02;7.303436e-01;7.273927e-03
1.918824e-01;3.665453e-02;3.082356e-03;6.663039e-03;1.084924e-02;1.163635e-02;3.290240e-02;1.573355e-02;1.926208e-02;2.956092e-02;6.289132e-01;1.286001e-02
3.207431e-01;6.318180e-02;4.120361e-03;7.961245e-03;6.562906e-03;1.206750e-02;4.310095e-02;2.006586e-02;1.628948e-02;2.672656e-02;4.612477e-01;1.793260e-02
4.982515e-01;1.028482e-01;6.173728e-03;1.050217e-02;3.714344e-03;1.682396e-02;4.626663e-02;1.205882e-02;1.856410e-02;3.360071e-02;2.305484e-01;2.064736e-02
5.653994e-01;1.457617e-01;6.302283e-03;1.352578e-02;5.973519e-03;1.611436e-02;4.531210e-02;3.552984e-02;1.950550e-02;2.861264e-02;1.007507e-01;1.721213e-02
5.185469e-01;1.720360e-01;8.785150e-03;6.124704e-03;8.938105e-03;1.621826e-02;4.757514e-02;4.086707e-02;1.235440e-02;1.596029e-02;1.454956e-01;7.098373e-03
4.976794e-01;2.156545e-01;1.100620e-02;5.089686e-03;1.088252e-02;1.381088e-02;3.982871e-02;4.675915e-02;8.025383e-03;1.316478e-02;1.343783e-01;3.720500e-03
5.341843e-01;2.437126e-01;1.049335e-02;4.089802e-03;1.159896e-02;8.959821e-03;2.162364e-02;5.395577e-02;1.188715e-02;1.152760e-02;7.966684e-02;8.300155e-03
5.688646e-01;2.600125e-01;1.162102e-02;3.891781e-03;9.710676e-03;1.035403e-02;2.077808e-02;6.706236e-02;1.172825e-02;9.231145e-03;1.991288e-02;6.832686e-03
5.633135e-01;2.751942e-01;1.357366e-02;2.601470e-03;7.921517e-03;7.539850e-03;2.231290e-02;7.069558e-02;1.035746e-02;1.233404e-02;8.839599e-03;5.316204e-03
5.318613e-01;2.874081e-01;1.303737e-02;4.620422e-03;6.264615e-03;1.322530e-02;2.764799e-02;5.424519e-02;1.936452e-02;1.386424e-02;2.217279e-02;6.288104e-03
4.676951e-01;2.533543e-01;1.311906e-02;6.306300e-03;1.253246e-02;1.613490e-02;4.623840e-02;6.306770e-02;2.521548e-02;1.901910e-02;6.460892e-02;1.270827e-02
3.929026e-01;1.889038e-01;1.452863e-02;1.190166e-02;2.600087e-02;1.718856e-02;6.086933e-02;8.751129e-02;2.573743e-02;3.268452e-02;1.208268e-01;2.094456e-02
2.982404e-01;1.335229e-01;1.351106e-02;2.115297e-02;3.367429e-02;2.097305e-02;8.921845e-02;5.796387e-02;4.273585e-02;5.312413e-02;2.068127e-01;2.907030e-02
1.842356e-01;1.178839e-01;3.140057e-02;2.338676e-02;2.264869e-02;3.322081e-02;1.021940e-01;9.727155e-02;5.031211e-02;7.083274e-02;2.448055e-01;2.180786e-02
3.104168e-01;1.779856e-01;3.732957e-02;3.395516e-02;2.020949e-02;3.199537e-02;1.080280e-01;7.440903e-02;3.773581e-02;6.818481e-02;8.733713e-02;1.241313e-02
2.722801e-01;1.991715e-01;4.031363e-02;5.347616e-02;3.495067e-02;2.539331e-02;1.106213e-01;5.700946e-02;5.234011e-02;5.754057e-02;8.358137e-02;1.332179e-02
1.667401e-01;1.858836e-01;4.915066e-02;5.715342e-02;4.707860e-02;2.293861e-02;1.159751e-01;1.056751e-01;7.159583e-02;5.490707e-02;1.090815e-01;1.382042e-02
1.338423e-01;1.322624e-01;5.771881e-02;5.177458e-02;3.618306e-02;3.347046e-02;1.286126e-01;1.517172e-01;1.149323e-01;5.980541e-02;8.108044e-02;1.860049e-02
1.179269e-01;1.326326e-01;4.275945e-02;3.156279e-02;1.514431e-02;2.717959e-02;2.159949e-01;1.512320e-01;1.076331e-01;4.687858e-02;9.094731e-02;2.010846e-02
2.456958e-01;1.787444e-01;1.949579e-02;1.290235e-02;1.474898e-02;3.109334e-02;1.273844e-01;9.516105e-02;4.734451e-02;5.865839e-02;1.528170e-01;1.595389e-02
2.770370e-01;1.605822e-01;1.784936e-02;1.283551e-02;1.748995e-02;1.894393e-02;1.077223e-01;6.241375e-02;3.010670e-02;6.532773e-02;2.217979e-01;7.893656e-03
2.345189e-01;1.200329e-01;1.193444e-02;1.925352e-02;1.906950e-02;1.117278e-02;1.094281e-01;5.031438e-02;3.585989e-02;8.238728e-02;2.918581e-01;1.417026e-02
1.670963e-01;5.694430e-02;1.103443e-02;1.817980e-02;3.110399e-02;1.474864e-02;1.326108e-01;6.392281e-02;4.049724e-02;1.071704e-01;3.339557e-01;2.273565e-02
1.480586e-01;7.966620e-02;1.001252e-02;1.153807e-02;4.216581e-02;2.950755e-02;1.576092e-01;6.806515e-02;3.242002e-02;1.268889e-01;2.756970e-01;1.837090e-02
1.060253e-01;5.873298e-02;1.192721e-02;1.608687e-02;4.577951e-02;5.547435e-02;1.726327e-01;6.452547e-02;4.426910e-02;1.536309e-01;2.512832e-01;1.963245e-02
6.119183e-02;4.738967e-02;1.852101e-02;1.892625e-02;4.162466e-02;5.326861e-02;1.872591e-01;1.085774e-01;6.433291e-02;1.637789e-01;2.248759e-01;1.025383e-02
1.513438e-01;3.342211e-02;2.299759e-02;1.596681e-02;2.441064e-02;3.570165e-02;9.951229e-02;8.943450e-02;5.197962e-02;1.007637e-01;3.596191e-01;1.484829e-02
2.170855e-01;5.615546e-02;2.406948e-02;1.523038e-02;1.982346e-02;2.448802e-02;7.823469e-02;5.932511e-02;3.033445e-02;6.172238e-02;4.005645e-01;1.296655e-02
3.029901e-01;9.698404e-02;1.751318e-02;2.008999e-02;2.136421e-02;1.639310e-02;7.069766e-02;6.392723e-02;2.172582e-02;3.776550e-02;3.137611e-01;1.678808e-02
3.996924e-01;1.161800e-01;1.113017e-02;3.321333e-02;1.768444e-02;1.313410e-02;7.027754e-02;4.589954e-02;1.230581e-02;3.460920e-02;2.251358e-01;2.073774e-02
4.602810e-01;1.429533e-01;9.189050e-03;3.885572e-02;8.813781e-03;1.112365e-02;8.146776e-02;3.636378e-02;1.027978e-02;4.299497e-02;1.360095e-01;2.166768e-02
4.919918e-01;1.709177e-01;9.414483e-03;3.357745e-02;8.145427e-03;1.032978e-02;8.211207e-02;2.643818e-02;1.065285e-02;3.950806e-02;9.931365e-02;1.759847e-02
4.982094e-01;2.013573e-01;8.331931e-03;1.965884e-02;8.350142e-03;1.884515e-02;8.526700e-02;2.435990e-02;1.374623e-02;4.147450e-02;6.783937e-02;1.256025e-02
4.348474e-01;2.600898e-01;1.789819e-02;1.500917e-02;2.432452e-02;2.533743e-02;5.796282e-02;4.508444e-02;2.177257e-02;3.812556e-02;4.620618e-02;1.334191e-02
3.745160e-01;3.602577e-01;2.998541e-02;1.149767e-02;2.650270e-02;2.157112e-02;3.087169e-02;3.920991e-02;1.978505e-02;2.682295e-02;4.721441e-02;1.176545e-02
3.429087e-01;4.404852e-01;4.287834e-02;1.291712e-02;1.355104e-02;2.250198e-02;2.213347e-02;2.475485e-02;1.842753e-02;2.578888e-02;2.511445e-02;8.538503e-03
3.309852e-01;4.162750e-01;3.931981e-02;2.106035e-02;1.354890e-02;2.388557e-02;3.110934e-02;3.857945e-02;2.803989e-02;2.591417e-02;2.573801e-02;5.544334e-03
3.521702e-01;3.460807e-01;4.060959e-02;4.008425e-02;1.837394e-02;2.321023e-02;3.985943e-02;5.600469e-02;2.453477e-02;2.901935e-02;2.209160e-02;7.961222e-03
4.404699e-01;1.688496e-01;4.475681e-02;6.282528e-02;2.716999e-02;1.927297e-02;6.770164e-02;7.682993e-02;1.119877e-02;3.622877e-02;3.170330e-02;1.299298e-02
3.783132e-01;2.783375e-01;3.431473e-02;3.158105e-02;3.306753e-02;2.270280e-02;4.958059e-02;7.443491e-02;1.643905e-02;2.195759e-02;4.696696e-02;1.230403e-02
3.406689e-01;2.335391e-01;2.685612e-02;2.798782e-02;2.188233e-02;2.494610e-02;9.831038e-02;4.842180e-02;6.623153e-02;4.114408e-02;5.169439e-02;1.831744e-02
1.134591e-01;1.331442e-01;6.610731e-02;1.013717e-01;4.855217e-02;3.904448e-02;1.001562e-01;8.738030e-02;1.585573e-01;6.940019e-02;4.193958e-02;4.088741e-02
8.465212e-02;9.809948e-02;6.547608e-02;1.251587e-01;5.184641e-02;4.509284e-02;8.640472e-02;8.710057e-02;1.950054e-01;5.970119e-02;5.850565e-02;4.295683e-02
1.168562e-01;8.884205e-02;5.522725e-02;1.178331e-01;4.483747e-02;4.153677e-02;7.127141e-02;6.788307e-02;2.334007e-01;7.120104e-02;5.904576e-02;3.206512e-02
1.081845e-01;8.581293e-02;6.835558e-02;4.958155e-02;5.982753e-02;5.475996e-02;6.595697e-02;9.182067e-02;2.280376e-01;1.319433e-01;3.937048e-02;1.634895e-02
8.327783e-02;6.480572e-02;6.754012e-02;6.273136e-02;6.189570e-02;6.812230e-02;7.847071e-02;1.276081e-01;1.844974e-01;1.463615e-01;3.427061e-02;2.041871e-02
7.667916e-02;5.477795e-02;5.587333e-02;6.291807e-02;8.558209e-02;7.158547e-02;8.583590e-02;1.529838e-01;1.023418e-01;1.735931e-01;5.217585e-02;2.565340e-02
7.518926e-02;7.420946e-02;5.213088e-02;5.078228e-02;7.400718e-02;7.098792e-02;9.618948e-02;1.283586e-01;1.175449e-01;1.992907e-01;4.132773e-02;1.998144e-02
6.356183e-02;1.037325e-01;6.540310e-02;6.395151e-02;4.078172e-02;6.582236e-02;1.586031e-01;9.534863e-02;1.404127e-01;1.335899e-01;5.418194e-02;1.461070e-02
8.301623e-02;1.130764e-01;5.921664e-02;5.306963e-02;3.246523e-02;7.512578e-02;1.489642e-01;9.554066e-02;1.757028e-01;1.078882e-01;4.163521e-02;1.429905e-02
8.701406e-02;1.015713e-01;6.928970e-02;5.973906e-02;4.162071e-02;7.298407e-02;1.210709e-01;8.798956e-02;1.552548e-01;1.159558e-01;6.626000e-02;2.125009e-02
7.168553e-02;7.446288e-02;5.510922e-02;7.722840e-02;4.841595e-02;4.034733e-02;1.020150e-01;1.477363e-01;1.017101e-01;1.709888e-01;8.163229e-02;2.866832e-02
6.232046e-02;5.067626e-02;4.824721e-02;7.103433e-02;6.094833e-02;6.489938e-02;8.390434e-02;1.496580e-01;1.144426e-01;1.819726e-01;7.929844e-02;3.259813e-02
8.214209e-02;5.766306e-02;4.923680e-02;6.708669e-02;6.437747e-02;6.939314e-02;7.341241e-02;1.018156e-01;1.211494e-01;1.837701e-01;8.712700e-02;4.282616e-02
9.203315e-02;9.865793e-02;5.357996e-02;8.680692e-02;6.033969e-02;3.394224e-02;7.806647e-02;7.158865e-02;1.626155e-01;1.304535e-01;6.578243e-02;6.613354e-02
1.035620e-01;1.213551e-01;5.305144e-02;9.397780e-02;4.797612e-02;4.144062e-02;8.089953e-02;1.273073e-01;1.153739e-01;9.137619e-02;6.360006e-02;6.007991e-02
1.947891e-01;1.985193e-01;3.210061e-02;2.945230e-02;2.150204e-02;2.938860e-02;8.957725e-02;1.361948e-01;4.699937e-02;5.888365e-02;1.354327e-01;2.716032e-02
2.956910e-01;2.382278e-01;3.092359e-02;1.309215e-02;1.007809e-02;2.284998e-02;7.576246e-02;1.093582e-01;2.160835e-02;2.184382e-02;1.356275e-01;2.493705e-02
3.184066e-01;2.394656e-01;2.835581e-02;1.176832e-02;1.197643e-02;2.416657e-02;7.210921e-02;8.465308e-02;2.597146e-02;1.432786e-02;1.437147e-01;2.508439e-02
2.996161e-01;2.183326e-01;3.093540e-02;1.350479e-02;1.478609e-02;2.819377e-02;6.715748e-02;8.507203e-02;4.063767e-02;1.740094e-02;1.584257e-01;2.593737e-02
1.991975e-01;1.728687e-01;2.394235e-02;2.094840e-02;2.264650e-02;2.762973e-02;1.087428e-01;1.374450e-01;5.922305e-02;2.242247e-02;1.584059e-01;4.652761e-02
1.018633e-01;7.369316e-02;2.649597e-02;2.024696e-02;2.241647e-02;5.364929e-02;2.053998e-01;1.545808e-01;7.455299e-02;2.348529e-02;1.942301e-01;4.938581e-02
9.237348e-02;3.761296e-02;4.918382e-02;7.567640e-03;1.508807e-02;9.590434e-02;2.373149e-01;9.387737e-02;8.309417e-02;3.414487e-02;2.261190e-01;2.771943e-02
9.075359e-02;2.317735e-02;7.007018e-02;5.739399e-03;2.442961e-02;1.432047e-01;2.145957e-01;4.187835e-02;8.261535e-02;4.049651e-02;2.486377e-01;1.440162e-02
1.071806e-01;5.901397e-02;6.304120e-02;1.806217e-02;4.397240e-02;1.569872e-01;1.268126e-01;5.699320e-02;7.713135e-02;3.371616e-02;2.165863e-01;4.050285e-02
1.143545e-01;1.292143e-01;2.857508e-02;4.238125e-02;4.084093e-02;1.257983e-01;1.473009e-01;8.419975e-02;3.902310e-02;3.076989e-02;1.367179e-01;8.082414e-02
1.244153e-01;1.371876e-01;1.715160e-02;5.270176e-02;2.485131e-02;8.780614e-02;2.316838e-01;1.156319e-01;1.995504e-02;3.870780e-02;7.112738e-02;7.878032e-02
2.385686e-01;1.364051e-01;3.463932e-02;3.506512e-02;2.993845e-02;4.807603e-02;1.576266e-01;1.602799e-01;2.928430e-02;4.003618e-02;4.846746e-02;4.161299e-02
3.699093e-01;2.078179e-01;3.008594e-02;2.231849e-02;2.396094e-02;2.050388e-02;6.605657e-02;1.210859e-01;3.850508e-02;3.445028e-02;4.860754e-02;1.669817e-02
3.836589e-01;2.699792e-01;1.871820e-02;1.318593e-02;1.497599e-02;1.739930e-02;5.033473e-02;5.484844e-02;4.023665e-02;4.164710e-02;8.084721e-02;1.416837e-02
3.305668e-01;2.778217e-01;2.540833e-02;1.463734e-02;1.473925e-02;2.046429e-02;6.358827e-02;6.407640e-02;2.666784e-02;4.330964e-02;1.030116e-01;1.570851e-02
2.934148e-01;2.530397e-01;3.131221e-02;1.494416e-02;1.739595e-02;3.181184e-02;1.077549e-01;8.955567e-02;1.225756e-02;3.989881e-02;8.962927e-02;1.898517e-02
3.621114e-01;1.689455e-01;3.397636e-02;1.343999e-02;1.833269e-02;6.235340e-02;1.628166e-01;7.466672e-02;1.854140e-02;3.883134e-02;2.210055e-02;2.388403e-02
2.632788e-01;1.615506e-01;3.566545e-02;3.351659e-02;1.912456e-02;7.309002e-02;7.879842e-02;9.553181e-02;3.750576e-02;7.070260e-02;9.747678e-02;3.375855e-02
1.156273e-01;1.042182e-01;4.280742e-02;3.704231e-02;4.421283e-02;9.485693e-02;9.528375e-02;9.669264e-02;9.341680e-02;1.330293e-01;1.027746e-01;4.003796e-02
8.187933e-02;7.225305e-02;2.111038e-02;3.660007e-02;5.573868e-02;6.816409e-02;1.023170e-01;1.198083e-01;1.231096e-01;2.120439e-01;6.926668e-02;3.770887e-02
5.900078e-02;6.095184e-02;2.521177e-02;4.741671e-02;2.902218e-02;5.920572e-02;9.254684e-02;1.846103e-01;1.015534e-01;2.679895e-01;5.188683e-02;2.060417e-02
4.169051e-02;6.201829e-02;3.403920e-02;3.873823e-02;4.290974e-02;4.285492e-02;1.210492e-01;1.907005e-01;1.351248e-01;2.469193e-01;3.673832e-02;7.216943e-03
2.843730e-02;5.286906e-02;3.313705e-02;2.174463e-02;5.713756e-02;4.717577e-02;1.351110e-01;2.005143e-01;1.861789e-01;1.851532e-01;3.423728e-02;1.830397e-02
3.968056e-02;5.096776e-02;3.767764e-02;2.787777e-02;5.934925e-02;5.911848e-02;1.652690e-01;2.211361e-01;1.725119e-01;1.017946e-01;3.064135e-02;3.397549e-02
5.335252e-02;8.535890e-02;4.167148e-02;4.294127e-02;4.087276e-02;5.778048e-02;1.483345e-01;1.996009e-01;1.602264e-01;9.060162e-02;3.838516e-02;4.087408e-02
1.816646e-01;2.590989e-01;4.341434e-02;3.545726e-02;1.960930e-02;4.426347e-02;1.213428e-01;8.652631e-02;8.406284e-02;5.872428e-02;3.913051e-02;2.670530e-02
2.826426e-01;2.914883e-01;3.018779e-02;2.003679e-02;2.267919e-02;3.370053e-02;9.933781e-02;8.026595e-02;3.016037e-02;3.739153e-02;5.478585e-02;1.732332e-02
3.464704e-01;2.544635e-01;2.278030e-02;1.163401e-02;2.337396e-02;3.453921e-02;9.440672e-02;9.689170e-02;1.871021e-02;2.155735e-02;6.336506e-02;1.180764e-02
4.263634e-01;1.955093e-01;1.172527e-02;3.487293e-02;1.644746e-02;4.082825e-02;9.939356e-02;8.580604e-02;1.403842e-02;1.564232e-02;4.522536e-02;1.414759e-02
4.237050e-01;1.605225e-01;6.905337e-03;7.009043e-02;1.152366e-02;4.193297e-02;1.120527e-01;7.465925e-02;1.326566e-02;2.222675e-02;4.812051e-02;1.499520e-02
3.165255e-01;1.357606e-01;1.591674e-02;6.990127e-02;1.918188e-02;3.471938e-02;1.285317e-01;9.214189e-02;2.030586e-02;2.747184e-02;1.172083e-01;2.233510e-02
3.415675e-01;1.021829e-01;1.727969e-02;6.006251e-02;1.865618e-02;2.742677e-02;1.209847e-01;5.145809e-02;2.657527e-02;2.271918e-02;1.783278e-01;3.275944e-02
4.310676e-01;8.437357e-02;7.025368e-03;8.078830e-02;1.122704e-02;1.379607e-02;1.360952e-01;4.452402e-02;2.089553e-02;1.409975e-02;1.168125e-01;3.929518e-02
4.185800e-01;6.750219e-02;6.619773e-03;1.086954e-01;7.241800e-03;1.308137e-02;1.561450e-01;3.836098e-02;8.649028e-03;1.274706e-02;1.213572e-01;4.102017e-02
2.876116e-01;4.647665e-02;2.172424e-02;1.068470e-01;5.693266e-03;1.631012e-02;1.479608e-01;3.992836e-02;4.084082e-03;1.241781e-02;2.673232e-01;4.362285e-02
1.912524e-01;4.873343e-02;3.924309e-02;9.826298e-02;8.724477e-03;1.698175e-02;1.257943e-01;3.243552e-02;4.367709e-03;1.725804e-02;3.706062e-01;4.634016e-02
1.244413e-01;4.865097e-02;3.207844e-02;9.752472e-02;1.627824e-02;1.682132e-02;1.151095e-01;5.478756e-02;8.314316e-03;2.774940e-02;4.094183e-01;4.882586e-02
2.180752e-01;1.040924e-01;1.636248e-02;5.203627e-02;2.369563e-02;1.701688e-02;1.009687e-01;5.606934e-02;1.131095e-02;3.517219e-02;3.292671e-01;3.593292e-02
3.343614e-01;7.223853e-02;3.965991e-02;4.144023e-02;3.517202e-02;3.234013e-02;1.161816e-01;6.710476e-02;2.693433e-02;7.271286e-02;1.258764e-01;3.597789e-02
2.552469e-01;5.258286e-02;2.692687e-02;3.936061e-02;3.130727e-02;3.077646e-02;9.783945e-02;8.169426e-02;3.162437e-02;6.730516e-02;2.351908e-01;5.014493e-02
2.197319e-01;9.152031e-02;2.894922e-02;4.327873e-02;3.224073e-02;3.119086e-02;7.390042e-02;9.517439e-02;3.620638e-02;6.517882e-02;2.419045e-01;4.072370e-02
2.215645e-01;1.991250e-01;4.863918e-02;4.105763e-02;2.524627e-02;5.048180e-02;1.106634e-01;1.036411e-01;2.532048e-02;3.982356e-02;1.162913e-01;1.814567e-02
1.379209e-01;2.655905e-01;7.014280e-02;5.138217e-02;3.846357e-02;5.859990e-02;1.376835e-01;9.946549e-02;2.543695e-02;4.235853e-02;6.329776e-02;9.658047e-03
1.433002e-01;3.348727e-01;8.492707e-02;4.195626e-02;4.380265e-02;4.601784e-02;8.882896e-02;6.008116e-02;2.138728e-02;5.938743e-02;6.843350e-02;7.004988e-03
1.419280e-01;4.068097e-01;1.039532e-01;3.456665e-02;4.587847e-02;2.760257e-02;5.516538e-02;2.213785e-02;2.002526e-02;7.477743e-02;5.974536e-02;7.410065e-03
9.962767e-02;4.026939e-01;1.273194e-01;4.451454e-02;5.415477e-02;4.754558e-02;4.060090e-02;2.302256e-02;2.535860e-02;6.497362e-02;6.505027e-02;5.138188e-03
5.476941e-02;3.437022e-01;1.312236e-01;5.250390e-02;6.591246e-02;1.083742e-01;4.553727e-02;6.507193e-02;2.185285e-02;3.445443e-02;7.164368e-02;4.954102e-03
4.764225e-02;3.308291e-01;1.239392e-01;7.136161e-02;4.378885e-02;1.364308e-01;4.643638e-02;6.166491e-02;1.720123e-02;3.980095e-02;7.846528e-02;2.439377e-03
1.025919e-01;3.697921e-01;1.056853e-01;5.939699e-02;2.752090e-02;1.084034e-01;4.924734e-02;4.501899e-02;2.720202e-02;5.542944e-02;4.526766e-02;4.444086e-03
1.647668e-01;3.858006e-01;7.757670e-02;3.440587e-02;3.275332e-02;6.317472e-02;9.232600e-02;4.343887e-02;2.633467e-02;4.804209e-02;2.371681e-02;7.663485e-03
2.174362e-01;3.732109e-01;7.453118e-02;2.384333e-02;2.851516e-02;4.181555e-02;8.573966e-02;4.699747e-02;2.338779e-02;3.587545e-02;3.717496e-02;1.147240e-02
2.542247e-01;2.285852e-01;9.513341e-02;4.264705e-02;2.932180e-02;6.169555e-02;1.296471e-01;5.267800e-02;1.995810e-02;3.051650e-02;4.434615e-02;1.124636e-02
2.083402e-01;2.575655e-01;8.029745e-02;4.593440e-02;3.554573e-02;4.603987e-02;9.018262e-02;8.765335e-02;1.749525e-02;2.994767e-02;9.332426e-02;7.673650e-03
1.918092e-01;2.197179e-01;9.876481e-02;5.272993e-02;4.725780e-02;4.653291e-02;1.085713e-01;8.051035e-02;2.850674e-02;3.133838e-02;7.293107e-02;2.132964e-02
1.031034e-01;1.283334e-01;6.520094e-02;1.296296e-01;4.970240e-02;4.979053e-02;1.080093e-01;1.178136e-01;3.663007e-02;8.074626e-02;1.087371e-01;2.230345e-02
5.448984e-02;6.329038e-02;3.881840e-02;1.330674e-01;4.940206e-02;5.837796e-02;1.776789e-01;1.622416e-01;5.428342e-02;7.816517e-02;1.103616e-01;1.982336e-02
4.255925e-02;7.508148e-02;3.105576e-02;8.864983e-02;3.661308e-02;6.688216e-02;2.349795e-01;1.802798e-01;7.168543e-02;5.770031e-02;1.045481e-01;9.965302e-03
3.972980e-02;1.119871e-01;3.557918e-02;5.220963e-02;3.623189e-02;6.804448e-02;2.481379e-01;1.803827e-01;8.001867e-02;6.115740e-02;7.943084e-02;7.090450e-03
5.427271e-02;1.873617e-01;6.397707e-02;4.916017e-02;5.574287e-02;5.812730e-02;1.904244e-01;1.289082e-01;6.738119e-02;9.930709e-02;4.103752e-02;4.299759e-03
7.163624e-02;2.967437e-01;9.446739e-02;3.708029e-02;1.084506e-01;2.957331e-02;9.238252e-02;6.616117e-02;3.677624e-02;1.438060e-01;1.922236e-02;3.700238e-03
1.335923e-01;3.780018e-01;8.041789e-02;2.127321e-02;1.030481e-01;1.883212e-02;3.466124e-02;5.058946e-02;2.621763e-02;1.143882e-01;3.439043e-02;4.587601e-03
2.345658e-01;3.335783e-01;5.026823e-02;2.231245e-02;4.753349e-02;2.241891e-02;4.319038e-02;7.622634e-02;2.782006e-02;6.376132e-02;7.210213e-02;6.222559e-03
3.194631e-01;2.352636e-01;3.197085e-02;2.364795e-02;4.863447e-02;1.619277e-02;3.960339e-02;7.519184e-02;3.998750e-02;4.063708e-02;1.209031e-01;8.504280e-03
2.935697e-01;1.152785e-01;1.584175e-02;3.156724e-02;3.868075e-02;2.045844e-02;7.233014e-02;7.559473e-02;1.061431e-01;5.658581e-02;1.620851e-01;1.186476e-02
1.235185e-01;4.431294e-02;1.589265e-02;3.143251e-02;3.596600e-02;3.930186e-02;7.702256e-02;7.618573e-02;3.645836e-01;9.710608e-02;8.650449e-02;8.173078e-03
5.723489e-02;3.860372e-02;1.605523e-02;2.241801e-02;2.876138e-02;3.911619e-02;5.118233e-02;7.146501e-02;5.518110e-01;9.306581e-02;1.970615e-02;1.058026e-02
6.449976e-02;4.824283e-02;2.139509e-02;2.103718e-02;2.637720e-02;3.249535e-02;5.122025e-02;4.664353e-02;5.280468e-01;1.138222e-01;2.881840e-02;1.740145e-02
9.649061e-02;7.341015e-02;2.025711e-02;7.234524e-02;4.589811e-02;3.986188e-02;6.210280e-02;4.799037e-02;2.831450e-01;1.520789e-01;7.393196e-02;3.248793e-02
1.018084e-01;8.895551e-02;2.850387e-02;8.474375e-02;8.603554e-02;6.550973e-02;5.867959e-02;7.767595e-02;1.877159e-01;1.279518e-01;7.006666e-02;2.235330e-02
9.024462e-02;8.430064e-02;3.727163e-02;6.012153e-02;8.887284e-02;7.654606e-02;5.888627e-02;6.676471e-02;2.687346e-01;9.749147e-02;6.238576e-02;8.379879e-03
5.045671e-02;5.538771e-02;3.449122e-02;7.807788e-02;5.854226e-02;7.877276e-02;5.494580e-02;1.113352e-01;1.630182e-01;2.335733e-01;6.409477e-02;1.730412e-02
3.806603e-02;3.179665e-02;2.487510e-02;7.803148e-02;5.615531e-02;5.287959e-02;4.794393e-02;8.453324e-02;2.073789e-01;3.061330e-01;5.375525e-02;1.845154e-02
3.066820e-02;3.816861e-02;2.034201e-02;5.823668e-02;6.343549e-02;3.681457e-02;4.982989e-02;1.193973e-01;2.320329e-01;2.867298e-01;4.635374e-02;1.799086e-02
3.308221e-02;3.074154e-02;2.086755e-02;3.315436e-02;3.154953e-02;2.965925e-02;4.867133e-02;1.210064e-01;2.000015e-01;4.126306e-01;2.830670e-02;1.032891e-02
4.150190e-02;2.250320e-02;1.389744e-02;2.659994e-02;1.371979e-02;2.100661e-02;8.122702e-02;1.467194e-01;1.781596e-01;3.893231e-01;5.782159e-02;7.520299e-03
5.059758e-02;2.175056e-02;8.614673e-03;2.154856e-02;1.501419e-02;4.601805e-02;1.733765e-01;2.777262e-01;7.562578e-02;1.531656e-01;1.444970e-01;1.206529e-02
5.648591e-02;4.525249e-02;1.581618e-02;2.793722e-02;2.737373e-02;4.850708e-02;2.084753e-01;3.264975e-01;2.280308e-02;5.438076e-02;1.471464e-01;1.932442e-02
6.365318e-02;5.800979e-02;2.405122e-02;3.907339e-02;3.627924e-02;4.246370e-02;2.402184e-01;3.316220e-01;3.221042e-02;3.546493e-02;7.024349e-02;2.671020e-02
4.105301e-02;5.383358e-02;2.145851e-02;2.910171e-02;3.605202e-02;7.007605e-02;3.713033e-01;2.643826e-01;2.706146e-02;1.929776e-02;4.312690e-02;2.325316e-02
6.462226e-02;3.730342e-02;1.845375e-02;2.347523e-02;3.927548e-02;1.466964e-01;4.268696e-01;1.417368e-01;1.654709e-02;1.022682e-02;6.540881e-02;9.384384e-03
4.930064e-02;3.034192e-02;2.215291e-02;3.514288e-02;4.896741e-02;2.069446e-01;4.114418e-01;9.907942e-02;1.372955e-02;1.065773e-02;4.274143e-02;2.949977e-02
5.428083e-02;8.877250e-02;3.765145e-02;3.784528e-02;4.923991e-02;1.978693e-01;3.456307e-01;7.808767e-02;1.156466e-02;1.807019e-02;3.718852e-02;4.379902e-02
9.626949e-02;1.859913e-01;4.914862e-02;3.573169e-02;4.384375e-02;1.335098e-01;2.393387e-01;8.574396e-02;2.334479e-02;3.170020e-02;4.773826e-02;2.763944e-02
1.441264e-01;2.068995e-01;5.457213e-02;4.199829e-02;5.027861e-02;9.030817e-02;1.836451e-01;9.773982e-02;3.047779e-02;4.283769e-02;4.576371e-02;1.135279e-02
1.458018e-01;1.221088e-01;4.409730e-02;6.789137e-02;6.788538e-02;4.391750e-02;2.006156e-01;1.081882e-01;5.553569e-02;4.834088e-02;6.979269e-02;2.582490e-02
7.477384e-02;9.857359e-02;3.202870e-02;7.120666e-02;7.740393e-02;7.830837e-02;2.316414e-01;1.581492e-01;5.433514e-02;2.004009e-02;5.177733e-02;5.176177e-02
5.357469e-02;1.406072e-01;6.490129e-02;9.808238e-02;1.244764e-01;8.018565e-02;1.493984e-01;8.327868e-02;2.952819e-02;3.762932e-02;5.618933e-02;8.214850e-02
8.734746e-02;1.858444e-01;7.075740e-02;1.194383e-01;1.248683e-01;6.115029e-02;7.381321e-02;6.775766e-02;3.812818e-02;4.662790e-02;4.651310e-02;7.775381e-02
1.347093e-01;2.101631e-01;7.798181e-02;1.126875e-01;9.443618e-02;4.570710e-02;6.524993e-02;7.377246e-02;4.588660e-02;4.793251e-02;3.112843e-02;6.034514e-02
1.758410e-01;2.023303e-01;7.971915e-02;8.063278e-02;7.392118e-02;4.840263e-02;7.123975e-02;8.884719e-02;4.618138e-02;4.350950e-02;3.847545e-02;5.089968e-02
1.847119e-01;1.591809e-01;5.002504e-02;5.388347e-02;4.572713e-02;6.226349e-02;1.034390e-01;1.032964e-01;4.552320e-02;3.784604e-02;8.815248e-02;6.595096e-02
1.445968e-01;9.688197e-02;5.499689e-02;6.790231e-02;3.411015e-02;1.035793e-01;9.968434e-02;1.076510e-01;6.035110e-02;5.510614e-02;1.031325e-01;7.200755e-02
1.214642e-01;2.063869e-01;7.144094e-02;5.886798e-02;4.124285e-02;9.173998e-02;1.767391e-01;1.121065e-01;4.448301e-02;3.189016e-02;2.793447e-02;1.570391e-02
1.124878e-01;3.201791e-01;7.736027e-02;3.863350e-02;4.827453e-02;6.953625e-02;1.654591e-01;6.259043e-02;1.874281e-02;1.892290e-02;4.245110e-02;2.536221e-02
1.695988e-01;4.228854e-01;7.994441e-02;3.222008e-02;4.020895e-02;6.293571e-02;8.485904e-02;2.400595e-02;8.767254e-03;1.699325e-02;3.985417e-02;1.772697e-02
2.102591e-01;4.739652e-01;6.511425e-02;3.819591e-02;2.034144e-02;7.633572e-02;3.604594e-02;1.920708e-02;1.274336e-02;9.874990e-03;2.064676e-02;1.727025e-02
2.526727e-01;4.787677e-01;4.511440e-02;4.451227e-02;9.891466e-03;7.628600e-02;2.143843e-02;1.674114e-02;2.225335e-02;7.035617e-03;1.374258e-02;1.154441e-02
3.241824e-01;4.405265e-01;2.640032e-02;3.390776e-02;2.057147e-02;5.017696e-02;1.605293e-02;2.716352e-02;2.625069e-02;9.523341e-03;1.582627e-02;9.417931e-03
3.534343e-01;3.942509e-01;2.241730e-02;1.861590e-02;4.535980e-02;2.624369e-02;3.467546e-02;4.206351e-02;1.293375e-02;5.927051e-03;3.729035e-02;6.787989e-03
3.136847e-01;3.574126e-01;3.160143e-02;2.016405e-02;4.055973e-02;1.788393e-02;5.510483e-02;7.559014e-02;2.064203e-02;1.268531e-02;4.893316e-02;5.738037e-03
3.244991e-01;3.462106e-01;3.226642e-02;2.292803e-02;2.172885e-02;1.719874e-02;6.419893e-02;7.116982e-02;3.399705e-02;2.231251e-02;3.871121e-02;4.778713e-03
3.926967e-01;3.174640e-01;2.551564e-02;2.532014e-02;1.142422e-02;1.620372e-02;5.825525e-02;4.387570e-02;3.579161e-02;3.384391e-02;3.150878e-02;8.100341e-03
4.771466e-01;2.235751e-01;1.401796e-02;2.587441e-02;1.025526e-02;1.224548e-02;5.615105e-02;3.381930e-02;2.189681e-02;3.208631e-02;7.664753e-02;1.628426e-02
5.471100e-01;2.176360e-01;1.308719e-02;1.893470e-02;5.839850e-03;7.515999e-03;3.685948e-02;2.871374e-02;9.323323e-03;1.781386e-02;8.088665e-02;1.627926e-02
4.549680e-01;3.658342e-01;2.506026e-02;1.603777e-02;7.284716e-03;1.484615e-02;1.803488e-02;2.384938e-02;2.165996e-02;1.210272e-02;3.189962e-02;8.422344e-03
3.074064e-01;4.721116e-01;4.414302e-02;2.762842e-02;1.221983e-02;3.015616e-02;1.891158e-02;2.089793e-02;3.945963e-02;1.435496e-02;4.461959e-03;8.248478e-03
2.197082e-01;4.876698e-01;5.496525e-02;3.523682e-02;1.664190e-02;4.881217e-02;1.989029e-02;2.297563e-02;4.262330e-02;1.475789e-02;2.114061e-02;1.557808e-02
2.065801e-01;5.054395e-01;4.874575e-02;4.212735e-02;2.088165e-02;4.303214e-02;2.161208e-02;2.201667e-02;3.717565e-02;1.539759e-02;1.831939e-02;1.867218e-02
1.922127e-01;5.740130e-01;3.172150e-02;4.158952e-02;1.885503e-02;2.458765e-02;2.134972e-02;2.267890e-02;3.753365e-02;9.394250e-03;1.798518e-02;8.078854e-03
2.411554e-01;5.721260e-01;3.146860e-02;2.951456e-02;2.125801e-02;1.227642e-02;1.635520e-02;1.930736e-02;2.869591e-02;6.384039e-03;1.174465e-02;9.713807e-03
3.689825e-01;4.358691e-01;3.259300e-02;2.712535e-02;2.697717e-02;1.193730e-02;1.535166e-02;2.814879e-02;1.258760e-02;4.190973e-03;2.635645e-02;9.880080e-03
