6.175275e-02;1.011181e-01;2.457516e-01;6.807663e-02;2.564587e-02;7.483774e-02;1.038312e-01;5.548067e-02;8.029231e-02;5.985827e-02;4.516837e-02;7.818648e-02
9.571097e-02;1.395878e-01;2.024582e-01;4.684472e-02;3.126087e-02;5.374473e-02;1.152083e-01;5.875605e-02;7.879451e-02;1.000153e-01;3.381734e-02;4.380118e-02
1.027554e-01;1.547358e-01;1.772495e-01;3.190302e-02;5.119123e-02;6.548291e-02;9.160307e-02;4.631414e-02;6.770486e-02;9.350869e-02;4.688809e-02;7.066325e-02
9.106401e-02;1.648018e-01;1.527473e-01;3.032700e-02;6.249848e-02;6.348298e-02;6.180622e-02;6.160251e-02;1.075748e-01;7.566591e-02;7.483395e-02;5.359503e-02
6.740321e-02;1.309856e-01;1.352337e-01;4.377064e-02;7.109058e-02;5.404344e-02;8.229426e-02;7.458410e-02;1.085607e-01;1.147120e-01;7.959072e-02;3.773100e-02
6.656329e-02;7.425874e-02;1.694243e-01;8.141074e-02;7.117030e-02;9.137997e-02;9.477555e-02;6.321614e-02;5.723110e-02;1.426214e-01;5.415739e-02;3.379103e-02
5.730814e-02;3.962903e-02;2.117866e-01;1.125209e-01;5.656260e-02;7.393065e-02;6.422787e-02;8.390589e-02;3.751311e-02;1.535890e-01;7.231123e-02;3.671492e-02
8.976198e-02;6.776521e-02;1.593119e-01;9.240548e-02;5.679337e-02;6.422602e-02;5.954110e-02;7.495501e-02;9.078502e-02;1.269081e-01;8.101058e-02;3.653621e-02
7.502921e-02;8.102543e-02;2.040371e-01;9.336502e-02;5.817680e-02;5.510409e-02;7.313060e-02;8.069646e-02;1.080519e-01;8.966319e-02;5.757014e-02;2.415008e-02
6.199992e-02;6.802266e-02;2.966247e-01;9.407583e-02;4.499618e-02;5.426547e-02;8.592697e-02;7.317472e-02;9.943965e-02;5.225278e-02;3.898362e-02;3.023741e-02
5.968777e-02;6.680836e-02;3.488201e-01;9.414888e-02;5.770585e-02;4.426394e-02;7.311807e-02;4.634253e-02;9.593285e-02;6.030786e-02;3.280742e-02;2.005632e-02
5.692053e-02;1.112013e-01;3.372712e-01;7.581629e-02;6.557137e-02;4.200893e-02;6.346052e-02;2.115311e-02;1.139148e-01;5.386763e-02;3.645959e-02;2.235458e-02
5.456696e-02;1.904145e-01;2.651926e-01;4.505945e-02;6.920350e-02;7.337969e-02;2.696334e-02;2.892673e-02;1.554886e-01;4.097052e-02;3.877753e-02;1.105654e-02
3.337127e-02;2.081782e-01;2.409026e-01;2.803435e-02;5.476028e-02;6.650729e-02;1.953963e-02;3.189873e-02;2.005704e-01;5.799248e-02;4.233398e-02;1.591078e-02
2.298030e-02;1.606296e-01;2.940097e-01;3.682580e-02;3.608142e-02;4.301536e-02;1.920392e-02;2.723394e-02;2.329369e-01;7.063797e-02;3.477707e-02;2.166802e-02
3.871928e-02;1.186619e-01;3.295955e-01;4.495446e-02;2.592021e-02;3.459164e-02;2.600553e-02;2.400357e-02;2.398294e-01;8.155915e-02;1.967527e-02;1.648408e-02
8.368186e-02;1.276805e-01;2.948216e-01;3.771321e-02;2.531373e-02;4.478839e-02;3.553291e-02;3.686507e-02;2.049751e-01;7.670692e-02;1.346340e-02;1.845736e-02
1.396460e-01;1.352372e-01;2.222872e-01;2.665829e-02;3.515276e-02;6.125973e-02;5.453319e-02;5.805203e-02;1.443916e-01;7.026634e-02;2.602808e-02;2.648763e-02
1.899740e-01;8.198901e-02;2.068658e-01;1.573052e-02;4.677274e-02;7.130305e-02;5.738621e-02;7.181914e-02;1.154953e-01;5.530865e-02;4.701969e-02;4.033588e-02
1.885941e-01;1.204143e-01;2.492904e-01;2.662287e-02;3.013286e-02;4.153879e-02;3.096415e-02;6.895450e-02;1.261639e-01;4.494783e-02;3.523286e-02;3.714352e-02
1.627837e-01;1.075083e-01;2.034046e-01;3.746822e-02;4.800941e-02;5.819329e-02;8.269820e-02;5.580137e-02;1.010090e-01;6.257039e-02;4.385285e-02;3.670062e-02
9.263895e-02;4.512351e-02;2.391822e-01;5.601092e-02;6.613255e-02;5.888807e-02;1.277367e-01;4.987684e-02;1.419003e-01;5.015576e-02;4.053845e-02;3.181573e-02
7.461554e-02;6.630868e-02;2.244463e-01;6.105852e-02;6.855184e-02;5.512280e-02;1.497706e-01;3.189255e-02;1.537624e-01;6.117565e-02;3.345973e-02;1.983550e-02
8.418637e-02;8.273499e-02;2.024045e-01;9.413186e-02;1.005823e-01;4.637841e-02;1.142915e-01;3.772526e-02;1.076016e-01;5.190589e-02;4.052858e-02;3.752870e-02
8.775754e-02;1.595396e-01;3.030387e-01;6.315846e-02;8.895381e-02;3.833872e-02;4.034751e-02;3.471408e-02;8.888751e-02;3.803007e-02;2.514587e-02;3.208808e-02
5.893473e-02;1.328725e-01;4.404781e-01;7.637718e-02;5.313945e-02;2.929542e-02;4.133533e-02;1.952957e-02;5.205526e-02;6.746074e-02;1.105093e-02;1.747071e-02
2.647562e-02;7.522663e-02;5.773664e-01;9.013997e-02;3.159414e-02;1.688514e-02;3.348788e-02;5.736683e-03;1.880259e-02;9.993994e-02;1.345448e-02;1.089052e-02
9.342113e-03;1.802113e-02;6.477039e-01;9.958708e-02;1.845498e-02;7.830554e-03;2.670241e-02;3.730243e-03;5.073154e-03;1.389583e-01;2.119248e-02;3.403549e-03
4.729675e-03;1.645160e-02;6.550208e-01;7.413300e-02;1.136615e-02;4.579331e-03;2.497195e-02;6.512030e-03;6.453060e-03;1.821844e-01;1.191038e-02;1.687586e-03
5.217799e-03;1.769968e-02;6.309577e-01;3.268148e-02;7.451832e-03;3.973853e-03;2.585704e-02;8.954499e-03;1.989532e-02;2.367334e-01;8.040973e-03;2.536431e-03
2.340378e-03;2.289123e-02;5.793260e-01;1.638704e-02;7.822088e-03;3.891322e-03;2.834104e-02;7.397947e-03;2.168461e-02;3.041961e-01;3.788941e-03;1.933336e-03
4.847553e-03;1.732196e-02;5.002261e-01;2.230130e-02;1.092774e-02;3.329610e-03;3.810732e-02;4.212156e-03;2.935737e-02;3.601213e-01;6.975665e-03;2.271926e-03
6.379339e-03;1.588446e-02;4.407851e-01;2.120564e-02;1.198009e-02;4.013134e-03;5.164867e-02;4.085334e-03;3.403398e-02;3.837695e-01;2.502754e-02;1.187183e-03
7.814496e-03;9.372224e-03;4.092350e-01;2.630028e-02;1.095398e-02;3.675698e-03;6.595839e-02;6.623843e-03;1.288715e-02;3.944871e-01;4.722503e-02;5.466780e-03
8.785162e-03;1.338968e-02;3.348921e-01;4.923487e-02;1.233914e-02;5.561285e-03;5.852218e-02;8.935773e-03;2.432720e-02;3.599478e-01;1.202036e-01;3.861276e-03
5.308345e-03;9.072313e-03;1.987185e-01;1.470122e-01;1.046559e-02;1.044915e-02;3.169843e-02;1.927351e-02;1.657411e-02;2.201618e-01;3.214291e-01;9.836973e-03
3.116457e-03;8.538521e-03;9.962541e-02;2.170101e-01;1.741205e-02;1.487536e-02;1.208422e-02;4.594583e-02;6.536810e-03;6.211581e-02;4.715640e-01;4.117548e-02
3.735522e-03;7.852806e-03;5.669718e-02;1.955563e-01;4.543620e-02;1.357220e-02;6.365662e-03;5.504949e-02;5.615793e-03;2.354139e-02;4.557467e-01;1.308308e-01
1.389261e-02;8.905289e-03;4.182151e-02;1.200131e-01;9.875315e-02;1.124808e-02;1.109984e-02;3.718498e-02;1.178996e-02;3.023952e-02;3.012321e-01;3.138199e-01
2.441723e-02;4.845145e-03;3.001898e-02;5.403727e-02;1.600478e-01;1.112310e-02;2.370512e-02;2.003511e-02;3.671482e-02;2.237703e-02;1.111137e-01;5.015646e-01
6.173633e-02;5.059873e-03;2.868622e-02;1.766362e-02;1.722070e-01;2.822514e-02;3.091609e-02;1.270376e-02;5.509211e-02;1.598382e-02;3.168419e-02;5.400419e-01
2.010760e-01;6.711738e-03;2.923504e-02;1.525183e-02;1.260048e-01;7.286107e-02;2.865916e-02;2.755744e-02;3.565246e-02;3.188492e-02;4.214279e-02;3.829628e-01
3.453788e-01;7.419352e-03;2.349511e-02;1.558167e-02;6.117702e-02;1.376818e-01;3.110752e-02;6.474228e-02;2.389204e-02;6.859945e-02;3.497569e-02;1.859492e-01
4.198546e-01;1.824718e-02;1.399063e-02;2.167481e-02;3.169581e-02;1.705914e-01;4.920143e-02;8.245313e-02;2.250265e-02;9.372485e-02;2.901819e-02;4.704528e-02
3.780541e-01;7.705159e-02;6.230638e-03;3.748681e-02;2.949341e-02;1.613383e-01;1.036660e-01;6.080733e-02;2.047718e-02;8.273587e-02;2.076071e-02;2.189809e-02
2.086341e-01;2.001984e-01;8.537763e-03;3.691404e-02;2.515404e-02;1.215671e-01;2.333999e-01;2.408699e-02;5.288330e-02;4.802658e-02;1.880490e-02;2.179289e-02
7.824483e-02;2.577412e-01;1.382964e-02;2.309000e-02;1.909213e-02;1.010076e-01;3.269738e-01;1.527042e-02;9.423409e-02;2.565145e-02;1.714888e-02;2.771595e-02
3.773230e-02;2.228532e-01;2.702641e-02;1.823489e-02;4.365026e-02;1.071249e-01;3.400615e-01;2.951051e-02;1.019677e-01;1.656424e-02;2.618315e-02;2.909079e-02
6.197153e-02;1.565858e-01;5.780550e-02;3.235876e-02;6.620884e-02;1.043470e-01;2.706485e-01;4.415964e-02;8.945700e-02;4.934749e-02;3.493358e-02;3.217632e-02
7.722256e-02;1.040332e-01;7.602617e-02;3.249254e-02;8.181736e-02;6.953316e-02;2.824959e-01;7.858438e-02;6.320128e-02;6.707507e-02;4.084830e-02;2.667012e-02
3.604978e-02;8.688964e-02;5.431512e-02;2.366949e-02;7.664698e-02;5.080240e-02;3.865695e-01;1.291644e-01;5.496389e-02;5.549083e-02;2.547693e-02;1.996103e-02
1.950290e-02;1.066839e-01;3.195515e-02;1.541541e-02;6.859773e-02;3.825983e-02;4.785467e-01;1.178112e-01;6.241466e-02;3.178176e-02;2.026928e-02;8.761434e-03
1.646376e-02;1.238697e-01;1.143930e-02;9.064114e-03;4.960455e-02;2.946236e-02;5.521432e-01;5.761306e-02;1.050016e-01;1.412903e-02;2.622086e-02;4.988366e-03
2.568866e-02;1.151685e-01;7.943208e-03;9.910174e-03;2.991142e-02;6.348509e-02;5.618056e-01;3.476419e-02;1.117046e-01;9.040811e-03;2.534082e-02;5.236986e-03
7.554103e-02;7.609853e-02;7.465952e-03;2.106822e-02;2.566331e-02;1.575405e-01;5.086492e-01;2.991148e-02;6.224291e-02;1.460016e-02;1.658105e-02;4.637699e-03
1.374616e-01;3.945319e-02;5.406525e-03;2.713656e-02;4.193685e-02;2.689317e-01;3.979246e-01;3.078017e-02;1.485385e-02;2.342387e-02;7.198405e-03;5.492679e-03
1.750298e-01;2.303594e-02;8.567802e-03;2.058583e-02;6.464414e-02;3.266341e-01;2.695377e-01;5.559801e-02;1.089222e-02;2.827808e-02;9.582823e-03;7.613501e-03
1.942525e-01;1.378083e-02;1.748567e-02;1.251068e-02;1.121000e-01;3.422187e-01;1.599749e-01;6.601647e-02;2.017145e-02;3.409065e-02;8.493171e-03;1.890497e-02
1.479171e-01;1.615799e-02;5.229625e-02;2.125498e-02;1.974240e-01;2.519587e-01;1.127984e-01;5.332346e-02;3.992299e-02;3.559791e-02;6.862026e-03;6.448619e-02
7.676465e-02;1.709335e-02;8.836878e-02;4.963709e-02;2.903582e-01;1.178872e-01;1.419563e-01;2.982861e-02;3.569013e-02;2.452129e-02;9.225312e-03;1.186691e-01
3.977516e-02;1.663886e-02;1.542019e-01;8.930872e-02;2.572314e-01;9.260643e-02;1.141883e-01;2.279372e-02;4.063467e-02;2.809305e-02;3.028937e-02;1.142384e-01
5.318747e-02;2.679502e-02;2.605357e-01;1.105239e-01;1.228988e-01;8.605213e-02;7.827763e-02;3.871170e-02;6.779685e-02;5.199761e-02;4.525876e-02;5.796443e-02
5.531548e-02;4.119341e-02;3.515850e-01;7.934520e-02;7.372940e-02;8.235078e-02;1.049617e-01;3.378962e-02;6.734585e-02;6.223614e-02;3.648853e-02;1.165892e-02
4.543748e-02;5.856209e-02;3.607315e-01;4.091217e-02;6.881195e-02;7.087780e-02;1.261595e-01;4.192863e-02;8.044717e-02;5.774610e-02;3.009522e-02;1.829039e-02
2.758315e-02;5.794753e-02;2.953746e-01;3.001495e-02;6.098070e-02;9.147163e-02;1.627619e-01;5.700126e-02;9.983869e-02;5.863885e-02;3.597742e-02;2.240931e-02
5.345285e-02;3.560007e-02;2.931447e-01;3.386616e-02;6.397469e-02;8.645663e-02;1.685099e-01;3.679937e-02;9.633319e-02;5.586794e-02;3.641920e-02;3.957530e-02
6.713987e-02;2.922360e-02;3.494208e-01;4.255173e-02;7.625721e-02;5.085133e-02;1.198080e-01;3.518236e-02;7.655045e-02;5.481218e-02;4.496713e-02;5.323539e-02
8.493014e-02;3.496706e-02;3.221233e-01;5.568673e-02;8.545955e-02;4.058544e-02;7.115998e-02;5.800267e-02;9.392084e-02;4.600125e-02;6.006775e-02;4.709524e-02
8.369559e-02;4.500122e-02;2.119668e-01;4.506063e-02;9.225465e-02;6.316267e-02;7.703088e-02;6.311259e-02;1.125415e-01;6.141177e-02;7.786142e-02;6.690025e-02
7.013203e-02;6.539419e-02;1.676002e-01;5.354371e-02;1.065757e-01;5.452301e-02;6.799494e-02;4.752420e-02;1.194967e-01;4.658682e-02;1.587700e-01;4.185854e-02
4.871929e-02;5.666060e-02;1.553503e-01;8.479597e-02;8.290991e-02;3.595453e-02;4.723847e-02;4.880716e-02;7.773147e-02;5.146333e-02;2.396596e-01;7.070933e-02
2.996207e-02;3.267336e-02;1.154834e-01;1.175313e-01;8.503267e-02;3.683788e-02;3.547438e-02;3.571450e-02;2.925072e-02;4.599547e-02;3.208748e-01;1.151694e-01
2.035997e-02;1.211830e-02;1.090401e-01;1.385520e-01;8.721715e-02;3.741553e-02;2.787645e-02;2.549960e-02;1.310938e-02;1.665686e-02;3.625525e-01;1.496021e-01
1.365338e-02;9.532927e-03;1.356923e-01;1.291792e-01;7.954323e-02;3.364961e-02;2.628837e-02;2.224119e-02;1.727783e-02;2.241071e-02;3.630136e-01;1.475176e-01
1.225097e-02;1.768250e-02;1.996122e-01;1.177195e-01;6.217970e-02;2.193440e-02;2.860706e-02;2.227314e-02;1.846071e-02;6.386279e-02;3.186211e-01;1.167959e-01
2.562059e-02;3.280011e-02;2.912516e-01;1.025938e-01;3.780543e-02;1.533090e-02;2.824294e-02;2.762637e-02;3.045796e-02;1.111681e-01;2.221305e-01;7.497167e-02
3.846531e-02;3.845705e-02;3.433960e-01;6.965493e-02;6.066028e-02;2.712256e-02;6.470346e-02;3.597594e-02;5.066141e-02;1.144280e-01;1.246606e-01;3.181446e-02
2.044150e-02;3.145335e-02;2.815172e-01;6.414652e-02;9.605903e-02;5.498352e-02;1.098239e-01;2.898885e-02;4.307416e-02;5.461489e-02;1.623719e-01;5.252522e-02
3.333716e-02;3.038122e-02;2.501079e-01;1.041101e-01;1.135619e-01;6.241279e-02;6.589983e-02;2.741304e-02;1.674256e-02;4.817205e-02;1.974931e-01;5.036842e-02
3.135084e-02;3.657235e-02;2.748815e-01;1.176880e-01;1.037022e-01;5.504101e-02;4.835062e-02;3.318053e-02;2.332003e-02;5.673179e-02;1.721438e-01;4.703721e-02
2.757137e-02;4.632891e-02;2.345569e-01;8.774018e-02;8.747756e-02;6.004065e-02;7.821920e-02;5.198617e-02;4.529436e-02;9.128939e-02;1.342934e-01;5.520187e-02
4.780051e-02;3.741566e-02;1.747081e-01;6.578381e-02;7.614435e-02;4.684214e-02;1.475012e-01;5.838426e-02;3.612640e-02;1.016839e-01;1.164087e-01;9.120102e-02
6.445134e-02;2.572842e-02;1.849816e-01;4.714894e-02;7.940474e-02;6.986846e-02;1.415677e-01;5.225508e-02;7.757946e-02;7.113401e-02;8.314080e-02;1.027394e-01
7.477287e-02;4.762974e-02;1.625854e-01;7.905240e-02;6.520867e-02;7.861599e-02;1.108512e-01;7.791427e-02;1.053193e-01;6.005777e-02;6.370882e-02;7.428360e-02
5.798186e-02;5.776531e-02;9.592021e-02;7.655937e-02;8.020978e-02;8.991013e-02;1.592300e-01;1.216877e-01;1.241961e-01;5.409024e-02;4.700190e-02;3.544740e-02
5.569192e-02;6.201107e-02;9.890979e-02;6.986646e-02;9.069077e-02;8.534201e-02;1.688376e-01;1.208199e-01;1.177093e-01;5.430972e-02;3.103329e-02;4.477818e-02
6.170671e-02;6.462694e-02;1.043690e-01;6.636956e-02;8.718977e-02;8.907913e-02;1.694595e-01;1.184966e-01;1.057831e-01;5.657186e-02;2.084413e-02;5.550382e-02
8.027171e-02;4.473302e-02;1.085268e-01;6.975204e-02;8.134914e-02;1.009529e-01;1.332401e-01;8.854208e-02;8.545145e-02;9.913021e-02;3.978859e-02;6.826203e-02
4.137568e-02;3.599920e-02;1.799299e-01;1.236991e-01;9.279328e-02;9.041274e-02;1.194829e-01;6.533117e-02;7.879068e-02;6.841149e-02;6.991244e-02;3.386151e-02
3.489498e-02;2.269491e-02;2.351025e-01;1.531156e-01;8.119046e-02;7.060105e-02;1.155156e-01;4.744624e-02;4.370227e-02;6.390356e-02;9.154049e-02;4.029235e-02
2.970715e-02;2.446243e-02;2.715404e-01;1.766159e-01;7.494706e-02;4.935939e-02;8.279217e-02;3.078147e-02;2.805563e-02;6.787328e-02;1.286883e-01;3.517678e-02
1.834149e-02;2.039285e-02;3.232573e-01;2.178746e-01;5.868097e-02;2.172161e-02;4.155886e-02;3.307201e-02;1.281427e-02;6.131885e-02;1.776534e-01;1.331377e-02
1.503939e-02;9.611104e-03;3.354072e-01;2.244408e-01;4.655889e-02;2.179930e-02;2.919976e-02;5.560023e-02;1.232726e-02;3.326340e-02;2.125162e-01;4.236367e-03
1.666874e-02;7.666666e-03;3.278918e-01;1.877438e-01;5.019334e-02;2.411036e-02;2.072937e-02;6.671779e-02;1.542509e-02;3.338282e-02;2.395905e-01;9.879772e-03
1.837682e-02;9.489175e-03;3.096502e-01;1.639052e-01;5.576948e-02;2.512631e-02;2.665271e-02;5.772308e-02;1.296566e-02;4.844260e-02;2.603235e-01;1.157523e-02
1.984158e-02;1.301962e-02;2.719296e-01;1.628232e-01;8.431384e-02;2.446485e-02;3.526339e-02;4.870625e-02;1.703724e-02;3.935776e-02;2.529395e-01;3.030318e-02
2.658117e-02;2.364809e-02;2.731532e-01;1.344481e-01;1.029158e-01;3.939035e-02;7.415669e-02;4.191153e-02;2.172031e-02;2.757843e-02;1.759073e-01;5.858919e-02
4.840812e-02;3.871831e-02;2.974720e-01;9.807443e-02;8.070151e-02;6.229467e-02;8.767623e-02;3.703194e-02;2.819671e-02;4.510354e-02;8.989289e-02;8.642967e-02
4.957207e-02;3.274878e-02;2.518252e-01;5.262382e-02;1.038221e-01;9.516009e-02;1.364549e-01;3.762551e-02;6.674650e-02;3.018672e-02;2.286905e-02;1.203652e-01
2.101645e-02;1.891137e-02;1.368872e-01;5.696360e-02;1.676131e-01;9.578531e-02;1.582630e-01;3.289446e-02;9.103435e-02;2.695782e-02;3.677205e-02;1.569013e-01
1.703244e-02;1.457909e-02;1.121648e-01;5.256541e-02;2.022597e-01;7.913505e-02;1.244145e-01;2.827769e-02;1.153163e-01;3.115693e-02;2.079830e-02;2.022997e-01
1.325416e-02;1.033712e-02;1.013033e-01;4.052692e-02;2.202904e-01;7.128387e-02;1.215047e-01;2.508287e-02;1.242724e-01;3.422158e-02;1.323942e-02;2.246833e-01
2.119940e-02;1.368870e-02;9.488596e-02;4.933810e-02;1.992722e-01;7.663388e-02;1.536700e-01;3.648783e-02;8.499815e-02;3.821664e-02;2.830902e-02;2.033001e-01
3.645622e-02;3.117508e-02;1.478113e-01;5.709174e-02;1.351233e-01;8.011404e-02;1.328302e-01;5.631030e-02;7.380390e-02;5.514857e-02;5.844316e-02;1.356921e-01
5.325732e-02;5.129854e-02;1.449656e-01;4.884162e-02;9.207951e-02;6.735500e-02;1.100443e-01;7.814557e-02;1.303896e-01;6.477559e-02;7.310713e-02;8.574027e-02
4.726974e-02;6.978036e-02;1.115521e-01;7.353313e-02;1.170981e-01;5.758004e-02;1.084753e-01;8.196756e-02;1.422975e-01;5.537274e-02;5.226211e-02;8.281133e-02
2.983267e-02;7.383970e-02;1.494557e-01;8.983915e-02;1.653961e-01;6.125970e-02;7.330886e-02;6.882247e-02;1.113690e-01;4.030234e-02;4.710691e-02;8.946736e-02
2.781159e-02;5.142651e-02;2.024153e-01;9.180880e-02;1.389282e-01;7.537466e-02;6.349155e-02;4.944681e-02;1.125470e-01;4.990708e-02;5.425879e-02;8.258361e-02
6.016266e-02;5.574919e-02;1.517346e-01;7.685749e-02;7.575782e-02;8.436286e-02;7.747199e-02;8.560545e-02;1.369202e-01;1.026695e-01;4.234013e-02;5.036805e-02
5.215884e-02;6.354823e-02;1.134951e-01;8.712410e-02;8.550388e-02;7.481695e-02;6.405960e-02;1.263302e-01;1.401171e-01;9.318456e-02;6.508467e-02;3.457680e-02
4.054583e-02;6.803831e-02;9.095518e-02;7.287170e-02;9.385129e-02;6.200463e-02;1.061166e-01;1.402403e-01;1.376390e-01;8.983468e-02;6.113550e-02;3.676702e-02
3.330951e-02;6.703867e-02;1.104894e-01;5.188549e-02;8.899923e-02;6.228971e-02;1.259646e-01;1.269001e-01;1.281506e-01;1.088242e-01;3.985795e-02;5.629062e-02
2.719781e-02;4.816635e-02;1.749448e-01;4.739879e-02;7.910525e-02;5.663033e-02;1.343493e-01;1.183802e-01;1.107781e-01;1.228326e-01;2.907679e-02;5.113975e-02
2.673380e-02;4.336664e-02;2.257459e-01;9.500281e-02;7.876962e-02;4.331085e-02;1.304925e-01;1.128898e-01;7.392493e-02;9.685669e-02;5.025341e-02;2.265308e-02
3.187722e-02;5.271190e-02;2.377964e-01;1.376389e-01;9.813312e-02;3.636946e-02;6.530404e-02;1.014425e-01;3.966406e-02;6.694549e-02;1.035227e-01;2.859432e-02
3.714187e-02;5.538664e-02;3.170827e-01;1.154543e-01;7.063043e-02;3.451972e-02;6.840851e-02;8.231313e-02;1.848161e-02;5.080975e-02;1.196308e-01;3.014053e-02
4.041747e-02;5.611470e-02;4.714451e-01;6.781226e-02;3.500137e-02;2.353042e-02;7.434360e-02;5.466677e-02;2.694306e-02;4.288042e-02;7.368269e-02;3.316215e-02
2.436299e-02;3.960121e-02;5.859221e-01;8.962482e-02;7.390460e-02;2.671097e-02;4.073459e-02;2.518832e-02;1.769426e-02;2.455422e-02;3.538531e-02;1.631652e-02
2.202078e-02;2.446754e-02;5.830247e-01;1.112989e-01;7.850050e-02;2.096576e-02;3.093200e-02;1.599564e-02;1.526110e-02;3.086526e-02;5.642408e-02;1.024374e-02
3.001771e-02;1.599387e-02;6.150214e-01;1.004730e-01;6.605361e-02;1.596491e-02;3.194230e-02;1.051356e-02;2.127253e-02;3.315096e-02;4.940703e-02;1.018905e-02
2.317350e-02;2.410985e-02;6.587180e-01;7.722793e-02;5.467214e-02;1.691797e-02;2.481781e-02;1.044227e-02;2.335998e-02;4.253946e-02;3.454351e-02;9.477574e-03
1.054342e-02;3.129707e-02;7.253067e-01;5.501310e-02;4.082019e-02;1.121907e-02;2.012977e-02;1.037460e-02;1.447735e-02;4.930199e-02;2.219709e-02;9.319619e-03
2.711942e-02;2.517686e-02;7.365889e-01;3.797096e-02;2.941182e-02;1.231406e-02;2.308522e-02;1.458788e-02;1.107977e-02;5.378753e-02;1.445322e-02;1.442439e-02
3.075674e-02;4.383798e-02;7.002992e-01;4.796779e-02;1.686727e-02;1.093860e-02;2.968615e-02;2.010438e-02;2.151298e-02;5.181703e-02;9.146719e-03;1.706520e-02
1.998508e-02;8.354505e-02;6.950607e-01;4.256240e-02;1.254804e-02;7.425046e-03;2.949706e-02;1.832553e-02;2.323553e-02;4.079969e-02;9.158763e-03;1.785719e-02
3.032566e-02;1.180784e-01;6.647271e-01;3.473420e-02;1.702290e-02;1.206566e-02;2.625287e-02;1.656751e-02;1.881050e-02;3.235224e-02;1.121742e-02;1.784549e-02
5.003635e-02;1.713628e-01;6.081583e-01;2.816112e-02;1.768780e-02;1.433685e-02;3.281914e-02;1.658625e-02;1.552382e-02;2.470224e-02;8.076984e-03;1.254837e-02
9.894155e-02;2.336112e-01;5.083640e-01;2.763112e-02;1.308931e-02;1.457733e-02;2.695608e-02;1.734690e-02;2.283608e-02;1.867521e-02;1.195868e-02;6.012539e-03
2.051172e-01;2.298746e-01;3.680631e-01;2.123888e-02;1.043130e-02;1.417882e-02;2.565175e-02;2.952212e-02;2.572359e-02;2.447333e-02;1.901201e-02;2.671340e-02
2.489062e-01;1.100105e-01;2.752636e-01;1.965483e-02;2.147025e-02;2.202074e-02;4.262968e-02;5.436178e-02;5.179257e-02;4.904502e-02;4.377107e-02;6.107371e-02
1.996186e-01;3.628376e-02;2.075058e-01;1.723970e-02;2.184859e-02;3.577194e-02;6.022444e-02;6.097504e-02;1.309302e-01;7.623643e-02;8.299388e-02;7.037172e-02
1.464885e-01;5.273904e-02;1.177582e-01;2.072830e-02;2.838844e-02;3.844310e-02;9.545105e-02;5.011351e-02;1.917712e-01;1.134416e-01;9.926514e-02;4.541200e-02
8.246090e-02;4.094266e-02;1.010780e-01;3.014936e-02;2.439731e-02;3.699700e-02;1.354085e-01;8.945037e-02;2.024658e-01;1.325410e-01;8.945119e-02;3.465794e-02
5.700019e-02;3.810984e-02;8.957910e-02;4.649339e-02;3.769994e-02;6.041970e-02;1.383645e-01;1.366616e-01;1.549543e-01;1.246588e-01;6.141158e-02;5.464706e-02
1.018404e-01;7.350793e-02;1.383248e-01;4.725973e-02;4.143948e-02;6.039811e-02;7.846092e-02;1.043691e-01;9.694258e-02;1.017265e-01;5.707626e-02;9.865414e-02
1.430081e-01;1.123685e-01;1.901522e-01;2.740509e-02;3.341677e-02;4.578769e-02;4.628107e-02;6.340790e-02;8.949261e-02;8.834361e-02;7.575050e-02;8.458595e-02
1.152673e-01;1.084826e-01;2.372584e-01;2.142102e-02;4.480441e-02;4.217565e-02;6.792088e-02;5.296484e-02;1.005519e-01;9.614040e-02;5.442971e-02;5.858281e-02
1.311737e-01;7.967067e-02;2.516896e-01;2.413263e-02;5.315086e-02;4.715640e-02;7.367475e-02;4.064138e-02;9.940852e-02;9.342384e-02;5.853065e-02;4.734698e-02
2.549505e-01;7.454796e-02;1.596020e-01;2.603691e-02;4.136163e-02;5.469766e-02;8.170293e-02;6.639004e-02;5.997614e-02;7.308723e-02;4.777153e-02;5.987551e-02
3.600558e-01;6.665731e-02;8.326458e-02;1.098863e-02;4.819223e-02;3.880537e-02;1.005633e-01;7.601067e-02;2.996761e-02;5.396025e-02;4.076811e-02;9.076619e-02
3.998550e-01;1.441582e-01;1.062567e-01;1.532594e-02;3.134980e-02;1.713161e-02;7.631119e-02;4.374339e-02;2.256687e-02;2.931147e-02;3.178760e-02;8.220221e-02
3.783195e-01;2.331244e-01;1.471375e-01;1.804698e-02;1.935535e-02;1.755572e-02;4.697130e-02;1.944736e-02;1.286550e-02;2.316441e-02;2.623173e-02;5.778024e-02
2.844813e-01;3.067099e-01;2.182177e-01;1.208130e-02;9.531608e-03;1.394216e-02;4.118483e-02;2.034723e-02;2.860462e-02;2.427754e-02;1.291680e-02;2.770499e-02
2.165351e-01;3.719532e-01;2.667965e-01;1.144509e-02;4.552998e-03;1.350151e-02;3.299552e-02;1.516572e-02;3.928779e-02;1.527246e-02;5.422052e-03;7.071986e-03
2.580964e-01;3.733124e-01;2.297390e-01;9.980139e-03;7.741804e-03;1.248084e-02;2.021771e-02;2.053080e-02;3.854417e-02;1.667144e-02;4.639406e-03;8.046001e-03
3.687401e-01;3.151842e-01;1.550241e-01;7.019149e-03;1.006277e-02;7.403952e-03;1.111066e-02;3.730442e-02;3.363831e-02;2.897151e-02;7.481470e-03;1.805940e-02
4.927859e-01;2.169504e-01;9.452541e-02;4.272534e-03;1.920584e-02;4.660514e-03;1.164286e-02;5.618135e-02;2.517826e-02;3.085006e-02;9.955781e-03;3.379102e-02
5.557975e-01;1.224589e-01;7.764450e-02;5.251494e-03;2.830403e-02;4.951607e-03;1.721526e-02;7.140136e-02;1.934496e-02;3.652247e-02;1.295218e-02;4.815565e-02
5.593086e-01;1.138326e-01;6.205694e-02;3.024805e-03;2.963352e-02;3.669025e-03;9.332122e-03;8.531778e-02;2.219515e-02;5.404347e-02;1.228934e-02;4.529667e-02
5.439914e-01;1.474237e-01;5.037913e-02;2.569257e-03;3.304340e-02;3.213108e-03;9.959213e-03;9.384444e-02;2.186048e-02;3.868312e-02;1.194770e-02;4.308503e-02
5.006043e-01;1.897234e-01;6.135125e-02;4.184111e-03;3.473812e-02;4.083796e-03;1.041390e-02;8.963698e-02;3.868079e-02;1.923355e-02;1.172729e-02;3.562254e-02
4.254303e-01;2.301915e-01;8.015285e-02;6.912108e-03;3.407870e-02;4.321689e-03;2.308525e-02;7.162683e-02;6.229309e-02;2.559991e-02;1.143904e-02;2.486873e-02
3.088466e-01;2.644857e-01;1.177808e-01;9.905920e-03;2.200889e-02;8.307482e-03;3.048841e-02;5.392485e-02;1.102320e-01;4.840253e-02;1.069264e-02;1.492418e-02
1.659207e-01;2.860362e-01;1.685181e-01;1.237945e-02;1.163532e-02;1.715166e-02;2.560559e-02;4.855793e-02;1.859114e-01;5.776981e-02;8.111553e-03;1.240222e-02
6.339343e-02;2.993170e-01;2.416381e-01;1.492144e-02;7.932168e-03;2.906475e-02;1.780481e-02;5.444374e-02;2.129305e-01;4.073681e-02;5.483007e-03;1.233424e-02
1.048112e-01;2.383105e-01;3.241423e-01;1.623869e-02;8.789373e-03;2.416786e-02;1.243169e-02;5.284213e-02;1.338745e-01;6.572320e-02;5.898521e-03;1.277001e-02
7.816748e-02;1.561319e-01;4.585115e-01;2.517605e-02;1.136884e-02;1.248566e-02;3.047485e-02;3.863903e-02;5.506517e-02;1.189907e-01;6.119540e-03;8.869313e-03
4.289685e-02;6.256184e-02;5.176221e-01;4.194963e-02;1.819711e-02;1.069419e-02;6.635420e-02;2.104593e-02;3.909966e-02;1.435821e-01;2.762107e-02;8.375384e-03
2.433879e-02;3.005343e-02;4.440231e-01;8.724821e-02;3.174086e-02;2.537068e-02;7.432022e-02;2.018442e-02;5.586611e-02;1.162149e-01;7.965624e-02;1.098309e-02
1.114689e-02;2.822145e-02;3.192918e-01;1.526685e-01;7.981896e-02;4.774813e-02;3.779888e-02;3.082990e-02;4.458017e-02;8.364774e-02;1.308733e-01;3.337428e-02
1.693458e-02;2.283592e-02;1.982177e-01;1.393501e-01;1.500409e-01;6.157119e-02;3.770255e-02;2.832681e-02;3.778994e-02;1.117157e-01;1.085139e-01;8.700069e-02
3.284968e-02;2.217736e-02;1.090275e-01;8.605940e-02;2.094474e-01;9.490794e-02;1.041622e-01;1.973771e-02;4.732843e-02;1.181025e-01;5.208928e-02;1.041107e-01
5.668812e-02;2.475456e-02;6.582264e-02;4.887724e-02;2.136407e-01;1.474197e-01;1.966545e-01;1.957203e-02;4.664748e-02;8.972291e-02;2.310077e-02;6.709936e-02
7.513852e-02;3.198068e-02;8.154473e-02;3.923593e-02;1.884759e-01;1.633937e-01;2.550181e-01;2.956336e-02;4.725371e-02;5.144792e-02;1.493180e-02;2.201559e-02
6.542565e-02;4.816815e-02;1.408423e-01;5.287775e-02;1.764807e-01;1.299339e-01;2.186882e-01;2.887747e-02;4.878566e-02;4.611269e-02;2.176930e-02;2.203826e-02
4.928515e-02;7.031684e-02;1.241914e-01;7.786819e-02;2.484331e-01;1.294056e-01;1.079582e-01;3.325966e-02;4.084034e-02;6.277625e-02;2.294816e-02;3.271718e-02
6.366213e-02;3.949680e-02;1.391159e-01;9.944618e-02;2.331522e-01;9.681781e-02;1.159172e-01;3.023719e-02;4.216888e-02;6.276571e-02;3.402226e-02;4.319774e-02
7.151223e-02;3.590908e-02;1.899536e-01;1.037551e-01;1.851764e-01;8.108400e-02;1.089180e-01;2.586670e-02;3.446800e-02;6.227365e-02;6.326415e-02;3.781908e-02
6.548119e-02;5.073114e-02;1.662507e-01;6.818248e-02;1.450225e-01;9.515899e-02;9.327546e-02;2.981875e-02;4.116551e-02;8.859852e-02;8.361568e-02;7.269911e-02
6.318940e-02;6.875307e-02;1.753931e-01;4.576488e-02;1.164628e-01;1.397628e-01;9.615966e-02;4.016072e-02;4.945717e-02;6.855844e-02;6.346394e-02;7.287409e-02
7.510963e-02;8.608422e-02;1.864374e-01;5.207146e-02;1.296702e-01;1.261059e-01;1.175960e-01;4.065228e-02;5.789968e-02;4.337846e-02;4.136174e-02;4.363302e-02
9.814406e-02;5.156002e-02;1.632753e-01;3.608186e-02;1.107830e-01;8.925232e-02;1.420114e-01;5.153051e-02;6.866787e-02;8.453408e-02;4.716196e-02;5.699758e-02
8.842526e-02;4.647329e-02;1.101011e-01;6.784534e-02;9.602607e-02;9.515616e-02;6.658113e-02;8.691344e-02;1.071021e-01;9.957670e-02;4.863166e-02;8.716775e-02
7.750522e-02;3.532312e-02;1.116233e-01;7.184451e-02;1.058826e-01;1.142765e-01;7.708403e-02;1.005283e-01;1.026789e-01;6.846496e-02;4.090779e-02;9.388060e-02
4.167841e-02;3.173963e-02;1.003512e-01;4.865700e-02;8.364288e-02;1.048336e-01;1.648436e-01;1.022628e-01;1.390978e-01;9.230480e-02;3.958653e-02;5.100162e-02
2.704037e-02;2.874082e-02;6.750099e-02;2.780432e-02;4.028813e-02;5.719301e-02;2.627778e-01;1.914285e-01;1.554800e-01;8.645114e-02;3.597271e-02;1.932217e-02
1.992584e-02;1.622796e-02;9.342607e-02;1.334891e-02;2.158650e-02;3.101752e-02;2.423390e-01;3.043387e-01;1.249688e-01;8.456215e-02;2.436625e-02;2.389230e-02
1.003722e-02;1.343930e-02;1.286110e-01;6.406948e-03;9.174888e-03;1.485667e-02;2.141287e-01;4.007627e-01;1.013545e-01;7.619321e-02;7.381899e-03;1.765304e-02
7.892156e-03;2.203966e-02;1.403708e-01;3.776938e-03;6.105206e-03;8.276358e-03;2.528109e-01;4.076386e-01;6.819610e-02;4.889211e-02;1.438905e-02;1.961203e-02
5.617992e-03;5.790230e-02;1.120031e-01;5.458220e-03;5.710058e-03;7.582049e-03;3.337986e-01;3.661033e-01;4.065863e-02;2.352560e-02;2.665313e-02;1.498703e-02
3.834299e-03;1.034633e-01;7.261311e-02;7.425024e-03;7.619731e-03;9.645374e-03;4.166247e-01;2.765045e-01;3.136151e-02;2.782261e-02;3.561998e-02;7.465920e-03
5.851231e-03;1.710342e-01;4.911958e-02;8.216555e-03;1.253431e-02;1.415658e-02;4.919393e-01;1.335382e-01;2.402608e-02;3.250656e-02;4.426803e-02;1.280941e-02
1.393493e-02;2.233318e-01;2.548902e-02;6.720973e-03;1.776057e-02;3.812110e-02;5.200182e-01;3.160134e-02;2.656208e-02;2.715312e-02;5.108402e-02;1.822282e-02
6.043018e-03;2.244278e-01;2.803561e-02;2.883682e-03;1.742076e-02;4.694448e-02;4.943794e-01;8.922672e-02;1.546819e-02;2.026490e-02;3.931693e-02;1.558845e-02
2.052224e-02;2.095771e-01;2.345423e-02;3.463955e-03;1.622852e-02;5.284499e-02;4.863476e-01;1.076982e-01;1.401707e-02;2.001161e-02;3.079787e-02;1.503667e-02
2.318529e-02;1.555237e-01;2.632642e-02;1.300278e-02;2.830425e-02;6.346423e-02;4.485757e-01;1.087357e-01;3.982106e-02;3.328578e-02;4.775027e-02;1.202478e-02
3.058631e-02;8.978376e-02;3.720873e-02;3.174496e-02;2.854073e-02;5.760416e-02;3.900443e-01;1.154568e-01;7.526540e-02;5.238769e-02;7.950082e-02;1.187624e-02
4.676230e-02;1.228325e-01;6.478367e-02;2.564045e-02;1.678113e-02;4.061482e-02;3.563708e-01;1.423800e-01;5.242475e-02;4.155096e-02;7.255438e-02;1.730424e-02
3.329585e-02;1.136263e-01;8.543546e-02;1.183409e-02;2.230916e-02;4.484158e-02;3.624252e-01;2.030295e-01;3.497330e-02;3.325067e-02;4.667141e-02;8.307423e-03
3.791765e-02;8.775128e-02;7.602068e-02;1.783415e-02;3.553373e-02;4.924788e-02;3.116292e-01;2.131199e-01;3.788777e-02;2.973881e-02;7.116465e-02;3.215436e-02
4.461876e-02;6.534409e-02;8.175278e-02;3.730592e-02;7.556726e-02;5.340007e-02;2.127739e-01;1.531414e-01;6.896242e-02;4.606548e-02;1.000849e-01;6.098304e-02
8.735780e-02;3.542405e-02;1.167815e-01;3.483443e-02;8.682539e-02;6.785239e-02;1.340124e-01;7.261522e-02;9.468342e-02;6.777155e-02;9.387393e-02;1.079680e-01
1.222661e-01;5.132017e-02;1.239651e-01;3.737192e-02;5.755246e-02;6.175812e-02;1.208380e-01;5.871795e-02;8.717483e-02;8.430147e-02;7.288156e-02;1.218523e-01
1.249068e-01;6.673025e-02;1.112612e-01;5.926637e-02;5.415520e-02;4.525381e-02;1.358653e-01;6.504539e-02;8.498089e-02;9.433355e-02;7.216633e-02;8.603484e-02
8.736175e-02;9.832238e-02;1.167952e-01;6.955467e-02;7.026792e-02;3.691953e-02;1.351533e-01;7.439636e-02;8.511444e-02;1.171537e-01;5.172728e-02;5.723353e-02
4.678951e-02;7.207872e-02;1.550035e-01;1.051659e-01;6.216377e-02;6.180858e-02;1.153182e-01;6.736448e-02;7.234830e-02;1.095341e-01;5.433986e-02;7.808509e-02
6.431676e-02;8.805721e-02;2.051134e-01;7.294225e-02;3.352407e-02;6.140764e-02;1.010246e-01;5.797552e-02;9.198290e-02;6.026226e-02;7.755986e-02;8.583352e-02
5.160288e-02;9.164996e-02;2.042836e-01;4.861835e-02;4.139411e-02;8.981290e-02;1.029856e-01;6.578535e-02;1.020152e-01;6.551075e-02;7.869849e-02;5.764278e-02
8.726299e-02;6.636317e-02;1.716040e-01;9.985453e-02;7.333406e-02;8.837055e-02;9.913301e-02;5.494798e-02;8.657691e-02;6.115435e-02;7.178114e-02;3.961726e-02
8.603817e-02;8.012049e-02;1.398250e-01;1.747912e-01;7.597043e-02;6.934156e-02;8.750050e-02;2.920168e-02;7.668721e-02;7.012268e-02;6.788102e-02;4.251999e-02
7.497586e-02;9.196534e-02;1.966743e-01;1.806394e-01;4.909132e-02;3.847967e-02;8.665156e-02;3.685629e-02;6.095665e-02;6.772223e-02;8.132121e-02;3.466617e-02
5.414961e-02;1.035220e-01;2.457452e-01;1.981143e-01;5.986158e-02;2.726623e-02;6.498639e-02;4.859232e-02;4.112154e-02;6.179007e-02;5.645069e-02;3.840012e-02
6.671509e-02;1.087184e-01;2.407578e-01;1.803840e-01;8.781906e-02;4.951337e-02;6.059415e-02;5.518844e-02;4.571469e-02;4.901003e-02;3.269812e-02;2.288696e-02
7.069735e-02;8.642981e-02;1.957116e-01;1.428701e-01;1.042781e-01;6.025135e-02;7.609124e-02;5.561865e-02;4.831612e-02;4.926218e-02;7.777031e-02;3.270318e-02
6.864043e-02;1.074288e-01;2.160660e-01;1.284947e-01;7.286106e-02;6.612913e-02;8.293791e-02;4.492217e-02;4.257956e-02;3.236971e-02;8.475834e-02;5.281212e-02
6.616284e-02;1.422220e-01;1.924270e-01;1.481879e-01;8.688474e-02;6.723550e-02;6.656367e-02;3.857092e-02;4.947878e-02;3.676606e-02;4.904553e-02;5.645501e-02
9.587502e-02;1.830200e-01;1.166264e-01;1.565534e-01;1.175622e-01;4.494927e-02;4.948496e-02;4.676721e-02;5.787608e-02;3.270614e-02;5.116304e-02;4.741628e-02
1.336031e-01;1.644863e-01;1.840458e-01;8.186422e-02;8.860327e-02;2.809169e-02;5.900420e-02;4.856328e-02;5.286653e-02;2.721042e-02;5.706187e-02;7.459930e-02
1.858408e-01;1.265928e-01;2.069476e-01;8.050346e-02;7.101176e-02;2.127519e-02;5.139431e-02;4.502991e-02;7.097390e-02;2.666029e-02;3.380021e-02;7.996965e-02
1.613431e-01;1.281999e-01;2.243127e-01;8.087184e-02;7.965158e-02;2.886742e-02;4.795694e-02;3.391685e-02;6.772047e-02;3.579489e-02;5.446395e-02;5.690027e-02
1.686494e-01;1.200057e-01;1.966881e-01;8.794191e-02;9.026574e-02;3.138220e-02;3.808712e-02;2.948554e-02;4.961985e-02;3.974565e-02;8.855796e-02;5.957084e-02
2.219301e-01;1.224511e-01;1.387516e-01;1.122148e-01;8.315630e-02;3.766092e-02;3.488766e-02;3.758939e-02;3.244123e-02;2.855129e-02;8.432326e-02;6.604236e-02
2.328323e-01;9.893378e-02;1.296867e-01;1.172992e-01;6.355902e-02;4.785100e-02;5.792393e-02;4.986687e-02;3.782285e-02;3.681912e-02;7.396577e-02;5.343949e-02
2.217059e-01;7.162693e-02;9.419683e-02;1.266805e-01;6.568336e-02;4.089602e-02;7.794889e-02;4.285239e-02;4.720941e-02;5.164071e-02;7.015795e-02;8.940105e-02
1.454291e-01;8.506434e-02;1.276707e-01;1.102716e-01;1.126748e-01;3.481610e-02;7.743102e-02;3.643768e-02;5.618552e-02;7.221638e-02;5.948728e-02;8.231550e-02
7.486279e-02;7.001599e-02;1.518513e-01;6.815019e-02;1.361879e-01;3.711323e-02;7.410987e-02;2.816987e-02;7.186596e-02;1.156436e-01;1.070219e-01;6.500740e-02
4.948279e-02;9.729893e-02;1.179986e-01;9.383472e-02;1.375332e-01;4.031719e-02;8.081625e-02;2.478034e-02;6.332570e-02;1.343948e-01;1.211339e-01;3.908372e-02
7.789171e-02;9.794840e-02;7.843880e-02;1.590173e-01;1.501396e-01;4.733120e-02;6.951499e-02;4.647562e-02;5.341435e-02;9.027466e-02;9.301809e-02;3.653524e-02
7.429956e-02;7.352165e-02;8.230285e-02;1.507634e-01;1.075494e-01;3.431527e-02;9.804665e-02;7.221553e-02;8.630763e-02;7.872487e-02;8.898511e-02;5.296803e-02
4.331343e-02;4.407714e-02;5.576385e-02;1.121499e-01;9.676106e-02;6.217625e-02;1.087037e-01;8.327754e-02;1.672946e-01;1.078523e-01;7.239234e-02;4.623795e-02
2.060989e-02;6.082011e-02;6.788596e-02;1.012024e-01;9.082051e-02;7.731636e-02;1.047213e-01;8.177564e-02;2.199122e-01;7.692761e-02;6.493049e-02;3.307755e-02
4.924991e-02;6.727109e-02;8.953896e-02;1.145553e-01;9.378655e-02;5.829983e-02;9.471887e-02;9.389256e-02;1.645574e-01;7.959380e-02;3.968053e-02;5.485525e-02
8.323745e-02;5.529637e-02;1.147148e-01;1.289985e-01;7.460462e-02;4.230127e-02;1.414435e-01;7.006867e-02;8.261312e-02;8.082099e-02;4.836226e-02;7.753835e-02
8.164406e-02;4.308231e-02;1.022305e-01;9.413527e-02;8.518515e-02;3.344679e-02;1.587340e-01;9.835521e-02;1.058084e-01;7.617325e-02;6.542897e-02;5.577607e-02
6.679222e-02;5.436210e-02;9.497648e-02;7.458830e-02;9.876727e-02;4.254971e-02;1.674224e-01;9.859275e-02;9.548677e-02;7.079306e-02;8.726738e-02;4.840148e-02
5.951913e-02;4.295347e-02;8.485431e-02;9.097911e-02;9.973563e-02;6.498278e-02;1.639122e-01;6.685280e-02;6.852526e-02;9.037797e-02;9.536867e-02;7.193864e-02
7.841017e-02;5.205710e-02;4.730172e-02;6.764080e-02;4.600436e-02;6.981991e-02;3.369159e-01;5.789727e-02;7.364525e-02;7.370099e-02;5.978360e-02;3.682292e-02
6.167070e-02;3.856101e-02;6.058158e-02;5.512200e-02;3.775392e-02;5.231815e-02;4.515406e-01;7.670463e-02;6.316822e-02;4.893688e-02;4.333401e-02;1.030823e-02
6.224661e-02;3.202138e-02;8.201992e-02;5.272643e-02;4.456504e-02;3.808857e-02;4.171959e-01;1.015425e-01;5.759502e-02;6.424375e-02;3.688413e-02;1.087087e-02
8.679514e-02;6.833757e-02;8.680326e-02;6.736202e-02;4.589263e-02;4.313672e-02;2.741185e-01;1.184255e-01;7.720349e-02;7.841354e-02;3.524053e-02;1.827110e-02
8.118469e-02;5.451394e-02;6.550930e-02;6.937429e-02;6.888280e-02;7.509970e-02;2.980861e-01;9.075995e-02;7.347482e-02;6.305492e-02;3.850771e-02;2.155175e-02
5.421321e-02;3.027110e-02;5.783938e-02;4.213841e-02;6.956265e-02;1.189633e-01;3.942356e-01;6.171976e-02;5.421766e-02;4.444125e-02;5.672959e-02;1.566806e-02
3.381204e-02;5.087945e-02;5.999172e-02;2.558645e-02;7.355075e-02;1.198487e-01;3.590365e-01;8.340640e-02;5.412491e-02;4.528409e-02;7.515337e-02;1.932560e-02
3.511943e-02;6.963121e-02;8.742730e-02;2.782770e-02;9.262387e-02;1.093586e-01;2.993391e-01;9.515030e-02;4.881370e-02;5.540190e-02;6.348187e-02;1.582498e-02
3.732030e-02;5.841639e-02;6.512903e-02;5.322989e-02;1.229485e-01;1.410448e-01;2.976240e-01;7.726113e-02;3.419504e-02;5.127526e-02;4.539572e-02;1.616002e-02
6.615957e-02;3.731253e-02;8.294831e-02;6.569363e-02;1.328703e-01;1.445946e-01;2.898041e-01;5.095161e-02;2.790063e-02;4.031949e-02;3.141306e-02;3.003214e-02
8.772917e-02;4.849185e-02;1.299845e-01;5.052513e-02;1.147172e-01;1.123553e-01;2.696805e-01;4.854129e-02;4.127873e-02;4.024037e-02;3.549898e-02;2.095690e-02
7.947928e-02;4.082178e-02;1.646686e-01;7.741132e-02;1.312041e-01;9.561995e-02;1.678034e-01;4.719599e-02;5.880510e-02;6.318198e-02;5.354865e-02;2.025986e-02
6.119149e-02;3.560678e-02;1.824075e-01;9.136742e-02;1.436444e-01;8.051642e-02;8.631256e-02;5.038938e-02;8.111300e-02;9.543708e-02;5.855647e-02;3.345751e-02
5.271714e-02;3.180201e-02;1.160322e-01;9.140689e-02;1.168411e-01;6.976989e-02;1.699275e-01;5.935263e-02;7.917980e-02;7.797261e-02;7.902200e-02;5.597619e-02
5.838406e-02;4.738231e-02;8.867753e-02;7.067043e-02;1.035624e-01;7.152308e-02;1.535304e-01;7.944965e-02;1.087547e-01;5.573132e-02;9.140706e-02;7.092704e-02
4.774459e-02;7.613180e-02;9.699737e-02;5.140953e-02;1.059934e-01;9.151900e-02;8.601402e-02;1.021584e-01;1.287691e-01;7.735863e-02;8.518406e-02;5.072009e-02
5.347255e-02;8.959930e-02;9.030128e-02;3.947453e-02;6.418528e-02;8.922421e-02;1.372873e-01;7.711087e-02;1.156424e-01;7.742984e-02;8.867052e-02;7.760192e-02
7.275525e-02;6.572794e-02;1.566854e-01;3.597564e-02;6.978552e-02;8.768013e-02;2.609853e-01;4.644137e-02;5.902763e-02;6.318763e-02;3.689133e-02;4.485683e-02
8.750454e-02;5.502907e-02;1.833218e-01;2.993440e-02;9.672210e-02;7.584056e-02;2.836723e-01;3.184279e-02;3.575590e-02;5.529347e-02;2.631252e-02;3.877061e-02
7.555992e-02;4.818062e-02;2.477745e-01;5.255982e-02;1.019795e-01;5.892095e-02;2.218840e-01;3.079145e-02;3.294013e-02;4.735643e-02;5.186230e-02;3.019038e-02
4.752912e-02;3.610495e-02;3.784639e-01;8.627305e-02;9.603992e-02;3.440177e-02;1.180239e-01;3.505884e-02;2.622327e-02;3.719971e-02;9.012707e-02;1.455457e-02
1.697523e-02;1.694539e-02;5.224261e-01;1.015778e-01;7.845654e-02;2.485077e-02;5.486756e-02;3.174980e-02;1.678422e-02;1.514791e-02;1.113162e-01;8.902535e-03
1.389686e-02;2.037369e-02;6.192154e-01;7.925785e-02;5.862214e-02;1.760269e-02;2.660466e-02;2.208081e-02;1.381577e-02;4.223404e-02;7.845539e-02;7.840736e-03
2.177500e-02;5.029973e-02;6.442646e-01;5.492146e-02;4.423040e-02;1.139896e-02;3.051021e-02;1.315508e-02;2.663540e-02;5.661425e-02;3.924245e-02;6.952380e-03
5.222444e-02;9.141537e-02;5.759618e-01;4.426844e-02;4.550278e-02;1.670964e-02;3.871368e-02;1.401667e-02;3.974988e-02;4.854430e-02;2.363936e-02;9.253724e-03
1.174022e-01;1.256176e-01;3.805444e-01;3.486629e-02;6.366897e-02;1.990201e-02;4.987957e-02;3.919464e-02;5.806133e-02;4.729537e-02;3.220777e-02;3.135981e-02
1.102278e-01;7.841574e-02;2.880083e-01;3.641948e-02;9.764492e-02;4.086164e-02;5.752113e-02;6.169862e-02;4.432078e-02;8.360197e-02;4.138437e-02;5.989529e-02
8.595024e-02;5.813895e-02;3.637906e-01;3.240448e-02;7.903103e-02;3.484074e-02;7.587675e-02;5.528063e-02;3.500189e-02;6.720611e-02;4.871085e-02;6.376781e-02
1.207493e-01;7.048595e-02;2.595929e-01;4.285457e-02;6.495494e-02;3.223414e-02;8.934915e-02;6.172189e-02;7.322163e-02;5.937836e-02;7.239125e-02;5.306594e-02
1.130124e-01;6.672376e-02;1.357756e-01;7.819925e-02;8.059921e-02;8.604676e-02;1.014712e-01;7.926529e-02;1.135851e-01;4.989557e-02;7.122930e-02;2.419666e-02
