9.188284e-02;9.813863e-02;6.074981e-02;8.132153e-02;6.441341e-02;7.088217e-02;1.383689e-01;6.870522e-02;8.003669e-02;6.579600e-02;8.884186e-02;9.086297e-02
4.110352e-02;1.036495e-01;5.984161e-02;7.081670e-02;6.448049e-02;7.928304e-02;1.688102e-01;8.617885e-02;8.634482e-02;4.921428e-02;7.913919e-02;1.111377e-01
4.157399e-02;9.704880e-02;6.963503e-02;5.245032e-02;6.811454e-02;1.050116e-01;1.460631e-01;1.189387e-01;7.639257e-02;3.946096e-02;9.335589e-02;9.195447e-02
6.088215e-02;7.698436e-02;7.222271e-02;3.920523e-02;7.507253e-02;9.421448e-02;1.426141e-01;1.168884e-01;7.705438e-02;5.823105e-02;1.009174e-01;8.571323e-02
5.460461e-02;6.613168e-02;1.156420e-01;3.794168e-02;7.375717e-02;9.682777e-02;1.624496e-01;1.170423e-01;5.264172e-02;3.715885e-02;9.711519e-02;8.868749e-02
3.849507e-02;6.610509e-02;1.282329e-01;4.259957e-02;6.358784e-02;1.319866e-01;1.578531e-01;1.351012e-01;8.210529e-02;1.737189e-02;8.533844e-02;5.122300e-02
5.080343e-02;7.082017e-02;1.085559e-01;3.278738e-02;3.744287e-02;1.358887e-01;1.213224e-01;1.345775e-01;1.274153e-01;5.455795e-02;6.311286e-02;6.271559e-02
5.893752e-02;1.018165e-01;1.168870e-01;3.374042e-02;5.213072e-02;9.950716e-02;1.026736e-01;1.396227e-01;1.141083e-01;8.885630e-02;2.486081e-02;6.685896e-02
1.693253e-02;1.044487e-01;1.307843e-01;3.398798e-02;3.919143e-02;1.109087e-01;9.098546e-02;1.643325e-01;9.071443e-02;7.249482e-02;5.176850e-02;9.345077e-02
5.342035e-02;8.340175e-02;9.592545e-02;7.052606e-02;5.255181e-02;1.386550e-01;6.392338e-02;1.504684e-01;8.068436e-02;5.520431e-02;5.507372e-02;1.001654e-01
4.651108e-02;5.861330e-02;1.075180e-01;7.336174e-02;3.825827e-02;1.370618e-01;5.194452e-02;1.896179e-01;8.070031e-02;5.666878e-02;3.525352e-02;1.244908e-01
1.704365e-02;4.964757e-02;1.676016e-01;3.927586e-02;2.380398e-02;1.358810e-01;4.220925e-02;2.230927e-01;5.339174e-02;5.319525e-02;3.590014e-02;1.589573e-01
5.422361e-02;5.312042e-02;1.433234e-01;5.876716e-02;5.122638e-02;1.313192e-01;3.639768e-02;1.800155e-01;7.847499e-02;3.172747e-02;3.616783e-02;1.452364e-01
1.436777e-01;4.209016e-02;8.041784e-02;1.213522e-01;5.870057e-02;9.496924e-02;5.785947e-02;9.686000e-02;1.437970e-01;1.278861e-02;4.907297e-02;9.841426e-02
2.023474e-01;2.839127e-02;3.993582e-02;1.358674e-01;4.479918e-02;5.003094e-02;9.956577e-02;5.120298e-02;2.071422e-01;3.531116e-02;5.398773e-02;5.141820e-02
2.112652e-01;2.133983e-02;2.725177e-02;9.876541e-02;4.088634e-02;2.506824e-02;1.544996e-01;3.870406e-02;2.108514e-01;7.062685e-02;5.170066e-02;4.904060e-02
1.919602e-01;3.224320e-02;4.200720e-02;9.528852e-02;3.647480e-02;2.566815e-02;1.985221e-01;3.238123e-02;1.644474e-01;1.047855e-01;3.449653e-02;4.172515e-02
1.762590e-01;5.197233e-02;4.274294e-02;7.827857e-02;6.219474e-02;2.367426e-02;1.998466e-01;5.700550e-02;1.318081e-01;1.374602e-01;1.395968e-02;2.479805e-02
1.128493e-01;9.180397e-02;3.780809e-02;5.129532e-02;1.197608e-01;3.603391e-02;1.340821e-01;6.669987e-02;7.882217e-02;2.350842e-01;8.808232e-03;2.695215e-02
3.275784e-02;1.297202e-01;2.375774e-02;4.112937e-02;1.709188e-01;3.211050e-02;6.902437e-02;6.263290e-02;5.620065e-02;3.307487e-01;1.069516e-02;4.030374e-02
3.073687e-02;1.104063e-01;2.210939e-02;4.074796e-02;1.931316e-01;2.219870e-02;3.084118e-02;6.071285e-02;5.247522e-02;3.461122e-01;3.279590e-02;5.773177e-02
1.649248e-02;1.029611e-01;3.251038e-02;6.405701e-02;1.981971e-01;2.654669e-02;4.227132e-02;7.384348e-02;5.577377e-02;2.854782e-01;3.310165e-02;6.876680e-02
2.830188e-02;1.107771e-01;2.067620e-02;6.936383e-02;1.861490e-01;4.987646e-02;3.086288e-02;1.065162e-01;5.309947e-02;2.226987e-01;5.148729e-02;7.019091e-02
3.389223e-02;8.693217e-02;3.998606e-02;9.968447e-02;1.503791e-01;7.809789e-02;4.568619e-02;1.162521e-01;5.500061e-02;1.720836e-01;7.659722e-02;4.540846e-02
3.595438e-02;8.499067e-02;4.233535e-02;1.190322e-01;1.043043e-01;8.808302e-02;6.597763e-02;1.201616e-01;6.481382e-02;1.444301e-01;7.742882e-02;5.248805e-02
5.926941e-02;9.304404e-02;3.938349e-02;9.677511e-02;1.042788e-01;6.903651e-02;8.691008e-02;1.141821e-01;9.091652e-02;1.306486e-01;4.255682e-02;7.299844e-02
5.594270e-02;7.165345e-02;5.569488e-02;6.900494e-02;1.111493e-01;5.170884e-02;1.197941e-01;1.061407e-01;1.053554e-01;1.734630e-01;2.164483e-02;5.844784e-02
6.079049e-02;6.610142e-02;5.812353e-02;5.115012e-02;6.960957e-02;4.325817e-02;9.775721e-02;8.975996e-02;1.008262e-01;2.617617e-01;3.421801e-02;6.664360e-02
8.057990e-02;4.331331e-02;4.420017e-02;3.796125e-02;4.365249e-02;3.721308e-02;8.877477e-02;6.251840e-02;1.016425e-01;3.432124e-01;2.610630e-02;9.082546e-02
8.015253e-02;4.762309e-02;4.291951e-02;4.643689e-02;5.928791e-02;3.082202e-02;7.703377e-02;7.058559e-02;8.928309e-02;3.305564e-01;2.989995e-02;9.539930e-02
8.883102e-02;6.208842e-02;8.094804e-02;8.061160e-02;8.488752e-02;5.174127e-02;7.261773e-02;5.975848e-02;6.006041e-02;2.569152e-01;2.755594e-02;7.398435e-02
5.981677e-02;6.078597e-02;1.032019e-01;8.756339e-02;1.128614e-01;7.564882e-02;1.045948e-01;6.506947e-02;5.970183e-02;1.775658e-01;2.795821e-02;6.523158e-02
4.596413e-02;1.152185e-01;1.123622e-01;8.384156e-02;8.435252e-02;6.282447e-02;1.214305e-01;1.091895e-01;3.060631e-02;1.092773e-01;3.579115e-02;8.914172e-02
8.338636e-02;1.443305e-01;1.007534e-01;7.003915e-02;5.934810e-02;4.020491e-02;1.262534e-01;1.715939e-01;3.160194e-02;6.592077e-02;2.092418e-02;8.564337e-02
7.330434e-02;1.217290e-01;6.649347e-02;7.786395e-02;5.789411e-02;4.221299e-02;1.412289e-01;2.248203e-01;3.433774e-02;5.983813e-02;1.914437e-02;8.113266e-02
5.878879e-02;7.068748e-02;3.184570e-02;1.205165e-01;3.367741e-02;3.995787e-02;1.990082e-01;2.229090e-01;2.416282e-02;7.548218e-02;2.234391e-02;1.006202e-01
6.080452e-02;3.563623e-02;1.263887e-02;1.451800e-01;1.995066e-02;2.987385e-02;2.962167e-01;1.866174e-01;1.991537e-02;9.774431e-02;1.401557e-02;8.140653e-02
4.834491e-02;4.286371e-02;1.038126e-02;1.368157e-01;1.517434e-02;4.289670e-02;3.683733e-01;1.037226e-01;1.899153e-02;7.382908e-02;2.036143e-02;1.182454e-01
3.424532e-02;5.135716e-02;1.376328e-02;1.062641e-01;1.563817e-02;8.307860e-02;3.679753e-01;5.786513e-02;1.556674e-02;4.580240e-02;3.918742e-02;1.692564e-01
6.527533e-02;4.987575e-02;2.016240e-02;6.510429e-02;2.104201e-02;1.036358e-01;3.400128e-01;7.101497e-02;1.393692e-02;4.469025e-02;3.392347e-02;1.713262e-01
8.260591e-02;5.277697e-02;4.156717e-02;5.382294e-02;2.959363e-02;1.111476e-01;2.918942e-01;9.268384e-02;3.377511e-02;5.289410e-02;3.986396e-02;1.173747e-01
6.074433e-02;8.547143e-02;4.349548e-02;8.675344e-02;6.745305e-02;6.076437e-02;2.458346e-01;1.028301e-01;5.691624e-02;6.714703e-02;7.156146e-02;5.102841e-02
5.365543e-02;1.017091e-01;5.286584e-02;6.748515e-02;7.375374e-02;6.257776e-02;1.724155e-01;8.459719e-02;7.436433e-02;9.109464e-02;8.909670e-02;7.638463e-02
5.533842e-02;1.118555e-01;9.801017e-02;5.733162e-02;6.608003e-02;7.542527e-02;1.223489e-01;8.395854e-02;6.860908e-02;8.922445e-02;9.365642e-02;7.816154e-02
4.317025e-02;1.122134e-01;9.469818e-02;6.883789e-02;6.403366e-02;7.873826e-02;1.201835e-01;7.855964e-02;7.227350e-02;9.402679e-02;8.167580e-02;9.158918e-02
3.602298e-02;9.561281e-02;7.148334e-02;8.224251e-02;5.448471e-02;7.455845e-02;1.456864e-01;1.095441e-01;7.103375e-02;1.153655e-01;4.393079e-02;1.000347e-01
2.693957e-02;7.800598e-02;5.415353e-02;8.399277e-02;4.132340e-02;7.183697e-02;1.911950e-01;1.376966e-01;6.539942e-02;1.356213e-01;2.061083e-02;9.322460e-02
2.563448e-02;9.836441e-02;5.407625e-02;8.524492e-02;4.659062e-02;1.186068e-01;2.275420e-01;1.082835e-01;6.423204e-02;1.131076e-01;9.397729e-03;4.891952e-02
2.827983e-02;9.268276e-02;4.020028e-02;7.307728e-02;7.619420e-02;1.473853e-01;2.233895e-01;1.221245e-01;5.732809e-02;7.560821e-02;9.151523e-03;5.457857e-02
4.550621e-02;8.094434e-02;7.476096e-02;6.990954e-02;9.310800e-02;1.526359e-01;1.447898e-01;1.485606e-01;5.963153e-02;5.152401e-02;2.563780e-02;5.299141e-02
4.706305e-02;1.014458e-01;1.015003e-01;6.948134e-02;1.006711e-01;1.338078e-01;1.022898e-01;1.554095e-01;7.068964e-02;3.740447e-02;3.185045e-02;4.838682e-02
4.539138e-02;1.241937e-01;1.009730e-01;7.354540e-02;1.066484e-01;9.826928e-02;9.722823e-02;1.665936e-01;8.777621e-02;2.695690e-02;3.140125e-02;4.102255e-02
5.115918e-02;1.506514e-01;1.119703e-01;6.701514e-02;9.142005e-02;1.001687e-01;8.955667e-02;1.714768e-01;8.357903e-02;2.380894e-02;2.848308e-02;3.071062e-02
8.986504e-02;2.053936e-01;1.242501e-01;5.632550e-02;7.174806e-02;9.194158e-02;7.584902e-02;1.441856e-01;4.899026e-02;2.782273e-02;2.757044e-02;3.605816e-02
1.013288e-01;1.718074e-01;8.142450e-02;1.357661e-01;4.775320e-02;6.093454e-02;1.170861e-01;1.116658e-01;3.542521e-02;4.773386e-02;2.873145e-02;6.034300e-02
6.881882e-02;1.301632e-01;6.012193e-02;2.337317e-01;3.527328e-02;3.750987e-02;1.451375e-01;6.849926e-02;5.002448e-02;4.130138e-02;2.689831e-02;1.025202e-01
6.014315e-02;1.252670e-01;3.992933e-02;2.775729e-01;2.922449e-02;3.720745e-02;1.420069e-01;3.714889e-02;4.922736e-02;3.574414e-02;1.920122e-02;1.473272e-01
9.836341e-02;1.419802e-01;6.109542e-02;2.175211e-01;3.020839e-02;6.767548e-02;1.038925e-01;6.061387e-02;3.706517e-02;3.849933e-02;1.576356e-02;1.273216e-01
1.575128e-01;1.323144e-01;5.953804e-02;1.150585e-01;4.065964e-02;1.042921e-01;5.489667e-02;1.294717e-01;3.749434e-02;5.542431e-02;1.494336e-02;9.839409e-02
2.055875e-01;1.254758e-01;6.704446e-02;5.385085e-02;2.793426e-02;1.228089e-01;8.817761e-02;1.348083e-01;2.677150e-02;5.999867e-02;1.834703e-02;6.919512e-02
1.718513e-01;1.338121e-01;1.478867e-01;5.273843e-02;2.576831e-02;1.162309e-01;9.705411e-02;1.137069e-01;3.044278e-02;4.769044e-02;1.743274e-02;4.538536e-02
1.516811e-01;1.660317e-01;2.199886e-01;5.600018e-02;3.525167e-02;7.896861e-02;6.739066e-02;1.097546e-01;3.286311e-02;2.802742e-02;1.306498e-02;4.097742e-02
1.884594e-01;1.868153e-01;2.321636e-01;3.849578e-02;5.141216e-02;3.877703e-02;3.018619e-02;1.448147e-01;2.521541e-02;1.382967e-02;2.107623e-02;2.875451e-02
1.941090e-01;2.019945e-01;2.242186e-01;2.378403e-02;7.901286e-02;2.961485e-02;1.903022e-02;1.450814e-01;2.672224e-02;1.128030e-02;2.137128e-02;2.378082e-02
1.801262e-01;2.231005e-01;1.961896e-01;1.906637e-02;9.157018e-02;3.280329e-02;2.761791e-02;1.258033e-01;3.192063e-02;1.693981e-02;2.538981e-02;2.947238e-02
1.395777e-01;2.141470e-01;1.848733e-01;2.482842e-02;9.327335e-02;4.293939e-02;5.454990e-02;9.224574e-02;3.883484e-02;2.639186e-02;3.770420e-02;5.063431e-02
6.438531e-02;2.427308e-01;1.850625e-01;4.862745e-02;6.708992e-02;7.540302e-02;5.938526e-02;5.485180e-02;4.976536e-02;3.263249e-02;5.813200e-02;6.193401e-02
5.314253e-02;2.990208e-01;1.905604e-01;6.323233e-02;2.973551e-02;9.232926e-02;3.177224e-02;2.586635e-02;6.621922e-02;1.919440e-02;4.395242e-02;8.497456e-02
3.119194e-02;3.266573e-01;2.100952e-01;6.915759e-02;1.545537e-02;9.052132e-02;1.825843e-02;2.317396e-02;8.258311e-02;1.705978e-02;2.921869e-02;8.662728e-02
3.865315e-02;3.176360e-01;1.911496e-01;6.715594e-02;1.296564e-02;8.485642e-02;1.472972e-02;3.227587e-02;9.371202e-02;1.805218e-02;5.151979e-02;7.729363e-02
5.951389e-02;2.953832e-01;1.550150e-01;5.821135e-02;2.520373e-02;7.191306e-02;1.265219e-02;6.322131e-02;9.914362e-02;2.680828e-02;8.269088e-02;5.024354e-02
8.022787e-02;2.433287e-01;1.282755e-01;5.349732e-02;4.267133e-02;4.511925e-02;3.547147e-02;1.055707e-01;1.058787e-01;4.193657e-02;8.429974e-02;3.372303e-02
6.746420e-02;1.261320e-01;1.301976e-01;6.402790e-02;6.293291e-02;4.768496e-02;6.522596e-02;1.246032e-01;1.393830e-01;7.064745e-02;5.139171e-02;5.030902e-02
8.220603e-02;2.234086e-01;1.271367e-01;5.258677e-02;3.960250e-02;5.525458e-02;5.820987e-02;1.012959e-01;1.113019e-01;4.271312e-02;3.781122e-02;6.847283e-02
6.822150e-02;2.663044e-01;1.458947e-01;4.216023e-02;2.849996e-02;4.593442e-02;7.922786e-02;6.601854e-02;7.393385e-02;5.642186e-02;2.263421e-02;1.047485e-01
5.840617e-02;2.533324e-01;1.602287e-01;3.545871e-02;2.722188e-02;6.277802e-02;8.446568e-02;7.517429e-02;5.874949e-02;6.235248e-02;2.066318e-02;1.011691e-01
5.798009e-02;1.888954e-01;1.771905e-01;3.813387e-02;2.776319e-02;1.123619e-01;7.880038e-02;1.087466e-01;7.181242e-02;4.676133e-02;2.195056e-02;6.960380e-02
6.232757e-02;1.097044e-01;2.312172e-01;6.220157e-02;3.355376e-02;1.321553e-01;5.731963e-02;6.399317e-02;8.048007e-02;8.816141e-02;2.893258e-02;4.995338e-02
4.008203e-02;1.771101e-01;2.431391e-01;4.734937e-02;2.772077e-02;6.920768e-02;4.011615e-02;4.022478e-02;9.447049e-02;1.348716e-01;2.455855e-02;6.114938e-02
2.633637e-02;2.473763e-01;2.492734e-01;3.089162e-02;1.754236e-02;5.966470e-02;2.261274e-02;2.874407e-02;9.820141e-02;1.373437e-01;1.093035e-02;7.108296e-02
1.961860e-02;3.088030e-01;2.040114e-01;2.042898e-02;8.796667e-03;7.979558e-02;1.169622e-02;2.264561e-02;1.212155e-01;8.970499e-02;1.554534e-02;9.773807e-02
2.500320e-02;3.865890e-01;1.366505e-01;3.497235e-02;6.918984e-03;9.191172e-02;1.817160e-02;2.297903e-02;1.318922e-01;4.125126e-02;1.286310e-02;9.079711e-02
4.878877e-02;4.380694e-01;8.132195e-02;4.533457e-02;1.474095e-02;7.155260e-02;3.498477e-02;3.520867e-02;1.194974e-01;3.465876e-02;2.484357e-02;5.099857e-02
7.162542e-02;4.147345e-01;1.329166e-01;5.772047e-02;1.912181e-02;5.749918e-02;4.485652e-02;3.919831e-02;7.889830e-02;3.294731e-02;3.002822e-02;2.045344e-02
5.562584e-02;3.335951e-01;2.541591e-01;5.270720e-02;2.396877e-02;4.632603e-02;5.909106e-02;3.363311e-02;3.791981e-02;5.239636e-02;2.500209e-02;2.557556e-02
3.868814e-02;2.609284e-01;3.510024e-01;4.118534e-02;2.880976e-02;3.208981e-02;6.043347e-02;3.539815e-02;1.752449e-02;7.906561e-02;1.791918e-02;3.695520e-02
3.973734e-02;2.633583e-01;3.176877e-01;4.149756e-02;2.005159e-02;4.010787e-02;3.812927e-02;3.781115e-02;5.378268e-02;8.093010e-02;1.196931e-02;5.493716e-02
6.114092e-02;3.062879e-01;2.244289e-01;5.456831e-02;1.597595e-02;3.968864e-02;3.054560e-02;4.763645e-02;7.427552e-02;5.762270e-02;2.722159e-02;6.060753e-02
6.854403e-02;2.694822e-01;1.806604e-01;5.451778e-02;2.170887e-02;4.774207e-02;4.969873e-02;8.676062e-02;4.754794e-02;7.670292e-02;3.836611e-02;5.826833e-02
5.136165e-02;2.095605e-01;1.285723e-01;4.913072e-02;3.630641e-02;6.919578e-02;7.743840e-02;7.778040e-02;8.790054e-02;1.129030e-01;4.852524e-02;5.132505e-02
4.291710e-02;2.364666e-01;1.242408e-01;5.291285e-02;4.328207e-02;9.562731e-02;7.829507e-02;4.322669e-02;7.306352e-02;8.724739e-02;4.313060e-02;7.959001e-02
5.667435e-02;2.254056e-01;1.073249e-01;5.397482e-02;2.750235e-02;1.344000e-01;8.695751e-02;6.758065e-02;6.575563e-02;8.496571e-02;1.466708e-02;7.479138e-02
7.559595e-02;1.796923e-01;9.250668e-02;4.713536e-02;3.634736e-02;1.581490e-01;7.827346e-02;8.600969e-02;6.630336e-02;7.326900e-02;4.112406e-02;6.559376e-02
8.659237e-02;1.433458e-01;7.616450e-02;4.028247e-02;4.972956e-02;1.483573e-01;8.143607e-02;1.276470e-01;8.430536e-02;7.233653e-02;3.770749e-02;5.209552e-02
1.001219e-01;1.375587e-01;1.010477e-01;5.576647e-02;5.873711e-02;8.301380e-02;1.059452e-01;1.066192e-01;8.200783e-02;7.747526e-02;3.185730e-02;5.984959e-02
7.888636e-02;1.546133e-01;1.583832e-01;7.546660e-02;5.122561e-02;5.998269e-02;9.874493e-02;1.205052e-01;7.076336e-02;5.579194e-02;1.842492e-02;5.721194e-02
8.687534e-02;1.951285e-01;2.014490e-01;6.431189e-02;3.013383e-02;5.885650e-02;5.253680e-02;1.372183e-01;6.514900e-02;5.153457e-02;1.587139e-02;4.093480e-02
1.531367e-01;1.988015e-01;1.699195e-01;4.572843e-02;5.010660e-02;4.758977e-02;3.355091e-02;1.329516e-01;5.474893e-02;4.618611e-02;1.435692e-02;5.292302e-02
1.678946e-01;1.867500e-01;1.707458e-01;2.621646e-02;8.062268e-02;3.882929e-02;4.740683e-02;1.450225e-01;3.025992e-02;3.376206e-02;2.658807e-02;4.590173e-02
1.462166e-01;1.384908e-01;2.004317e-01;2.526959e-02;9.922750e-02;3.765970e-02;7.365904e-02;1.556769e-01;2.460661e-02;2.478984e-02;5.233653e-02;2.163514e-02
1.148160e-01;1.697373e-01;1.795867e-01;3.560381e-02;9.447436e-02;4.506468e-02;5.087757e-02;1.170984e-01;5.427764e-02;3.953430e-02;6.565559e-02;3.327359e-02
9.277248e-02;2.452094e-01;1.728044e-01;3.756206e-02;5.836001e-02;4.707510e-02;3.432710e-02;6.692845e-02;8.138054e-02;6.209676e-02;5.621145e-02;4.527227e-02
6.634208e-02;2.825819e-01;2.287076e-01;2.808639e-02;3.441042e-02;4.646841e-02;3.024595e-02;4.277141e-02;8.572520e-02;7.556614e-02;3.623550e-02;4.285895e-02
3.556959e-02;2.368149e-01;3.280289e-01;3.015356e-02;6.129313e-02;2.761851e-02;3.594376e-02;2.878966e-02;5.976719e-02;9.866299e-02;1.907190e-02;3.828589e-02
1.809720e-02;1.559027e-01;3.754250e-01;3.221820e-02;1.279023e-01;1.673287e-02;5.994065e-02;1.829100e-02;3.188405e-02;1.306814e-01;1.384847e-02;1.907621e-02
3.772796e-02;1.078001e-01;3.745223e-01;2.742686e-02;1.704098e-01;1.252702e-02;8.038145e-02;2.168150e-02;1.384175e-02;1.367634e-01;1.094372e-02;5.974157e-03
4.736311e-02;9.245756e-02;3.603247e-01;2.673491e-02;1.737298e-01;1.492906e-02;8.310274e-02;2.297192e-02;9.277228e-03;1.369238e-01;2.051796e-02;1.166715e-02
2.992152e-02;8.865848e-02;3.443544e-01;1.997392e-02;2.163624e-01;2.106193e-02;6.732117e-02;1.897999e-02;1.119902e-02;1.452067e-01;1.864818e-02;1.831218e-02
3.107107e-02;1.051519e-01;3.079404e-01;2.092660e-02;2.748963e-01;3.511876e-02;3.310808e-02;1.005827e-02;9.258680e-03;1.439049e-01;1.529037e-02;1.327469e-02
4.528955e-02;1.237043e-01;2.464030e-01;2.738555e-02;2.787471e-01;5.531273e-02;2.249687e-02;1.194364e-02;2.013151e-02;1.413007e-01;1.648064e-02;1.080437e-02
6.032763e-02;1.504063e-01;1.530836e-01;3.033868e-02;2.211733e-01;6.136850e-02;3.498694e-02;3.743863e-02;5.774200e-02;1.308570e-01;3.588587e-02;2.639150e-02
6.301095e-02;1.177794e-01;1.570200e-01;3.545849e-02;9.872156e-02;9.242479e-02;6.683448e-02;8.021822e-02;9.628683e-02;8.008036e-02;7.068636e-02;4.147861e-02
5.641979e-02;1.692614e-01;2.225601e-01;2.216575e-02;8.699623e-02;9.840176e-02;6.886917e-02;7.296641e-02;6.583251e-02;5.108362e-02;6.251069e-02;2.293262e-02
7.976238e-02;1.726015e-01;1.589457e-01;3.975831e-02;1.101494e-01;8.347465e-02;5.578097e-02;5.576295e-02;5.215008e-02;8.320291e-02;4.081040e-02;6.760069e-02
9.264115e-02;1.137521e-01;7.707042e-02;6.125639e-02;9.101465e-02;1.089296e-01;7.238308e-02;6.501500e-02;5.334254e-02;8.127782e-02;6.475219e-02;1.185651e-01
6.708370e-02;9.456648e-02;1.066305e-01;5.081815e-02;8.091041e-02;1.567069e-01;6.654254e-02;7.756960e-02;6.369015e-02;6.324108e-02;6.009058e-02;1.121498e-01
3.325610e-02;6.624841e-02;1.401928e-01;9.280896e-02;8.594534e-02;1.902185e-01;5.455612e-02;1.061696e-01;6.496093e-02;3.828356e-02;5.279862e-02;7.456098e-02
3.129828e-02;9.683506e-02;1.851388e-01;1.146834e-01;8.038805e-02;1.625376e-01;5.493983e-02;9.960076e-02;4.674763e-02;2.412684e-02;6.021558e-02;4.348815e-02
3.501911e-02;1.713819e-01;2.306840e-01;9.883571e-02;6.800964e-02;1.249758e-01;6.614681e-02;6.724465e-02;3.732748e-02;1.805036e-02;6.513900e-02;1.718559e-02
6.122389e-02;2.586241e-01;1.924360e-01;5.691117e-02;9.024199e-02;9.655803e-02;6.316172e-02;3.851381e-02;4.097553e-02;1.711985e-02;5.539280e-02;2.884104e-02
7.674850e-02;1.896107e-01;1.927171e-01;7.278701e-02;1.173678e-01;7.052512e-02;4.921917e-02;4.258719e-02;4.812666e-02;3.838571e-02;3.298043e-02;6.894460e-02
5.076833e-02;1.377065e-01;2.105335e-01;9.904467e-02;1.400817e-01;6.868349e-02;4.157176e-02;5.169309e-02;5.790050e-02;5.667773e-02;2.875704e-02;5.658175e-02
3.275829e-02;2.108309e-01;2.613480e-01;4.559759e-02;1.174375e-01;6.205921e-02;3.346750e-02;5.539645e-02;5.374082e-02;4.818272e-02;4.237296e-02;3.680801e-02
6.778537e-02;1.173183e-01;1.862808e-01;1.357148e-01;1.337984e-01;7.728753e-02;6.094290e-02;7.983951e-02;2.472058e-02;1.933625e-02;2.110186e-02;7.587363e-02
9.727735e-02;1.176642e-01;1.086163e-01;9.556717e-02;1.708667e-01;6.770948e-02;8.587124e-02;1.283768e-01;3.467260e-02;1.541477e-02;2.249640e-02;5.546693e-02
1.115464e-01;1.036167e-01;9.071905e-02;5.886172e-02;1.908055e-01;6.156971e-02;7.153833e-02;2.107023e-01;3.735330e-02;1.539327e-02;1.714897e-02;3.074475e-02
1.163673e-01;7.079913e-02;6.237618e-02;2.775059e-02;1.822899e-01;4.950138e-02;6.629387e-02;3.526618e-01;3.557539e-02;1.294593e-02;1.337199e-02;1.006653e-02
9.500787e-02;3.168900e-02;3.170585e-02;2.297186e-02;1.320670e-01;3.351258e-02;8.018146e-02;4.989064e-01;2.205315e-02;1.054961e-02;1.620530e-02;2.514989e-02
5.808577e-02;1.927606e-02;1.256895e-02;6.938270e-02;6.477121e-02;3.263104e-02;1.811483e-01;4.433771e-01;1.305086e-02;2.928812e-02;2.078716e-02;5.563277e-02
4.667379e-02;2.143813e-02;1.019574e-02;1.153016e-01;2.530812e-02;3.432174e-02;3.041294e-01;2.475207e-01;1.271951e-02;5.593727e-02;1.507264e-02;1.113813e-01
3.028872e-02;3.090231e-02;1.183285e-02;1.272803e-01;1.803376e-02;2.620393e-02;3.802586e-01;1.222585e-01;1.024772e-02;6.220840e-02;1.636216e-02;1.641227e-01
2.156219e-02;3.530538e-02;1.554316e-02;1.111197e-01;2.334103e-02;4.549022e-02;4.223514e-01;5.245112e-02;7.316884e-03;5.734533e-02;2.314861e-02;1.850250e-01
1.834670e-02;4.169081e-02;1.770235e-02;8.827465e-02;1.937603e-02;7.961486e-02;4.295234e-01;5.128509e-02;1.149625e-02;4.230230e-02;1.707476e-02;1.833128e-01
1.786160e-02;4.402515e-02;2.302552e-02;7.086894e-02;1.624621e-02;1.499825e-01;3.949981e-01;2.540458e-02;1.815139e-02;2.298523e-02;2.986281e-02;1.865879e-01
1.384309e-02;3.949314e-02;3.102557e-02;5.670715e-02;5.070042e-02;1.916207e-01;3.303855e-01;2.727874e-02;3.018019e-02;2.613214e-02;2.300689e-02;1.796265e-01
2.401804e-02;3.517624e-02;5.135268e-02;3.704454e-02;8.977649e-02;1.841479e-01;2.380206e-01;6.507695e-02;5.755451e-02;2.641502e-02;7.285614e-02;1.185608e-01
4.680089e-02;4.999786e-02;6.940661e-02;5.733697e-02;1.133670e-01;1.714090e-01;1.171076e-01;8.215123e-02;8.108022e-02;2.158298e-02;1.163761e-01;7.338358e-02
6.359389e-02;9.314334e-02;8.652640e-02;9.350009e-02;9.767184e-02;1.285014e-01;6.769373e-02;9.334410e-02;7.429956e-02;4.078540e-02;1.015264e-01;5.941390e-02
6.515826e-02;9.022727e-02;8.583376e-02;9.639171e-02;6.312996e-02;1.182316e-01;1.177837e-01;1.703685e-01;5.555009e-02;4.291376e-02;4.613166e-02;4.827961e-02
3.841015e-02;6.047917e-02;1.114562e-01;8.069060e-02;4.691205e-02;1.369578e-01;1.095083e-01;1.667437e-01;6.518372e-02;3.681195e-02;7.548267e-02;7.136361e-02
3.213270e-02;3.724395e-02;1.629024e-01;4.990361e-02;5.155622e-02;1.973525e-01;8.775144e-02;1.209714e-01;6.253308e-02;3.513316e-02;9.023228e-02;7.228723e-02
2.225046e-02;3.756600e-02;1.937713e-01;5.318856e-02;5.852612e-02;2.123434e-01;1.160499e-01;8.411587e-02;5.616410e-02;3.103306e-02;5.979788e-02;7.519336e-02
2.588186e-02;4.868778e-02;2.455005e-01;6.597409e-02;3.604361e-02;1.432637e-01;1.673969e-01;9.191349e-02;4.234312e-02;2.405291e-02;3.186239e-02;7.707962e-02
3.094565e-02;4.601806e-02;3.057547e-01;3.957359e-02;1.361264e-02;7.302432e-02;1.797033e-01;8.621642e-02;3.299008e-02;1.808525e-02;6.472024e-02;1.093558e-01
3.589112e-02;4.299345e-02;2.253890e-01;1.024305e-01;1.817955e-02;4.330605e-02;1.762976e-01;7.076690e-02;2.149408e-02;1.891068e-02;7.143775e-02;1.729033e-01
5.314512e-02;6.603763e-02;9.779771e-02;1.842583e-01;2.421582e-02;4.194825e-02;1.669458e-01;5.154119e-02;2.198558e-02;2.569362e-02;4.484346e-02;2.215876e-01
1.250588e-01;1.100652e-01;6.445891e-02;1.825666e-01;3.286124e-02;4.545145e-02;1.216370e-01;5.834460e-02;2.256531e-02;3.183832e-02;3.045315e-02;1.746994e-01
1.884733e-01;2.088871e-01;7.482230e-02;9.419736e-02;5.063638e-02;3.900522e-02;7.171566e-02;1.082427e-01;3.745577e-02;2.114754e-02;2.006437e-02;8.535240e-02
1.287855e-01;3.619434e-01;1.106531e-01;5.115100e-02;4.337291e-02;3.800393e-02;3.341614e-02;9.628475e-02;6.106928e-02;1.609379e-02;2.267475e-02;3.655145e-02
5.813449e-02;4.426628e-01;1.594586e-01;4.833782e-02;2.258496e-02;5.210716e-02;2.147477e-02;5.153951e-02;7.499191e-02;3.242899e-02;1.225854e-02;2.402041e-02
2.758367e-02;4.268043e-01;2.108502e-01;4.714746e-02;1.510448e-02;4.776958e-02;4.193685e-02;2.490442e-02;7.783074e-02;4.015603e-02;5.365093e-03;3.454715e-02
2.108723e-02;3.495910e-01;2.641343e-01;3.711054e-02;1.309688e-02;2.248510e-02;1.064177e-01;2.088160e-02;6.244769e-02;4.925825e-02;5.563801e-03;4.792590e-02
2.540715e-02;2.779219e-01;2.906905e-01;2.275335e-02;1.883179e-02;2.989095e-02;1.412479e-01;1.900099e-02;5.034766e-02;6.901895e-02;5.845296e-03;4.904347e-02
2.409501e-02;2.560744e-01;2.809336e-01;2.333634e-02;1.980075e-02;5.250870e-02;9.480339e-02;3.230036e-02;5.478895e-02;9.159026e-02;2.894950e-02;4.081875e-02
4.188281e-02;2.261954e-01;2.134293e-01;3.993488e-02;2.973492e-02;6.402410e-02;5.407872e-02;4.094885e-02;6.101587e-02;9.060448e-02;8.474843e-02;5.340222e-02
6.030479e-02;1.648266e-01;1.541384e-01;6.016714e-02;4.681153e-02;6.022211e-02;8.791856e-02;5.168830e-02;4.227646e-02;7.145680e-02;1.409700e-01;5.921924e-02
4.926581e-02;1.316879e-01;9.970742e-02;6.944315e-02;5.468879e-02;6.077819e-02;1.348177e-01;6.966445e-02;3.136922e-02;7.168240e-02;1.533983e-01;7.349668e-02
4.373981e-02;1.200151e-01;8.060569e-02;7.113822e-02;2.683729e-02;7.225034e-02;1.100506e-01;1.301792e-01;7.317363e-02;6.563731e-02;1.051991e-01;1.011737e-01
3.957429e-02;1.273005e-01;7.116663e-02;6.869344e-02;5.378328e-02;9.232898e-02;9.943507e-02;1.482766e-01;9.728061e-02;6.204321e-02;7.513414e-02;6.498335e-02
2.521459e-02;1.404544e-01;6.205088e-02;5.527994e-02;9.211189e-02;5.952080e-02;1.148507e-01;1.362335e-01;1.126631e-01;8.241432e-02;3.453850e-02;8.466733e-02
1.647308e-02;1.135734e-01;5.585884e-02;4.367405e-02;9.153025e-02;5.347011e-02;9.470595e-02;1.144262e-01;1.236481e-01;1.200007e-01;4.815493e-02;1.244844e-01
2.340407e-02;9.128463e-02;6.208777e-02;5.115542e-02;1.009322e-01;5.882231e-02;5.397775e-02;1.004239e-01;1.581127e-01;1.371918e-01;5.344520e-02;1.091623e-01
2.364616e-02;8.403775e-02;6.810250e-02;6.093414e-02;1.067952e-01;2.251130e-02;5.516768e-02;9.931383e-02;2.006925e-01;1.440482e-01;4.099001e-02;9.376077e-02
3.008476e-02;6.600568e-02;4.392737e-02;6.090457e-02;9.216040e-02;5.360693e-02;1.062418e-01;9.938736e-02;2.047050e-01;1.439572e-01;2.977450e-02;6.924442e-02
2.331535e-02;5.010318e-02;2.819259e-02;5.493811e-02;8.999074e-02;7.658115e-02;1.401577e-01;1.374949e-01;1.893010e-01;1.440454e-01;2.504918e-02;4.083066e-02
2.583435e-02;5.058011e-02;4.332585e-02;5.291540e-02;8.180194e-02;6.831169e-02;1.969516e-01;1.426755e-01;1.665379e-01;1.159897e-01;2.369718e-02;3.137878e-02
2.042880e-02;4.979184e-02;4.352107e-02;5.935340e-02;9.415146e-02;9.895399e-02;1.884197e-01;1.272761e-01;1.570067e-01;1.057445e-01;2.512715e-02;3.022532e-02
3.098501e-02;8.682371e-02;9.975138e-02;6.270070e-02;9.440051e-02;7.280238e-02;9.947954e-02;9.544453e-02;1.791586e-01;1.081530e-01;2.035167e-02;4.994898e-02
4.846305e-02;1.207089e-01;1.153419e-01;7.202395e-02;6.998671e-02;5.535237e-02;9.380589e-02;1.378810e-01;1.319246e-01;5.406759e-02;2.626635e-02;7.417759e-02
6.079093e-02;1.300089e-01;1.158919e-01;1.012963e-01;8.014190e-02;8.691460e-02;4.870860e-02;1.422753e-01;9.168419e-02;3.022963e-02;3.394137e-02;7.811636e-02
4.966308e-02;1.068895e-01;9.307098e-02;8.181158e-02;5.661260e-02;1.149051e-01;9.777773e-02;1.452401e-01;4.876129e-02;6.598926e-02;5.363600e-02;8.564271e-02
4.854646e-02;9.079662e-02;8.530828e-02;5.099329e-02;6.711691e-02;1.007476e-01;1.458437e-01;1.314149e-01;6.086145e-02;6.393661e-02;7.306599e-02;8.136816e-02
4.250899e-02;1.063432e-01;1.163293e-01;5.037334e-02;7.840700e-02;1.000404e-01;1.221090e-01;1.073972e-01;7.112628e-02;4.310009e-02;9.467881e-02;6.758637e-02
2.628221e-02;9.093548e-02;1.327269e-01;5.493703e-02;6.719584e-02;1.314612e-01;1.294971e-01;1.218734e-01;8.097128e-02;3.421533e-02;9.502675e-02;3.487761e-02
5.427406e-02;6.695593e-02;8.323936e-02;6.812514e-02;5.176275e-02;1.074929e-01;2.089537e-01;1.676005e-01;7.558650e-02;2.640509e-02;7.054885e-02;1.905521e-02
1.008186e-01;9.382022e-02;7.989260e-02;7.877290e-02;4.339739e-02;8.913723e-02;1.687242e-01;1.508572e-01;7.311154e-02;3.076699e-02;5.689704e-02;3.380416e-02
1.247447e-01;1.317938e-01;9.244744e-02;7.936709e-02;3.944045e-02;5.600962e-02;9.380176e-02;1.023943e-01;7.692311e-02;6.267304e-02;6.599091e-02;7.441381e-02
1.280993e-01;1.497145e-01;1.227773e-01;7.649747e-02;5.028735e-02;4.710491e-02;5.106487e-02;4.854437e-02;7.091314e-02;6.059247e-02;7.948498e-02;1.149194e-01
9.298488e-02;1.441973e-01;1.012694e-01;6.309332e-02;4.312977e-02;1.103010e-01;2.951577e-02;8.545658e-02;1.025917e-01;3.204956e-02;7.467005e-02;1.207407e-01
4.065296e-02;1.178051e-01;5.935937e-02;3.815416e-02;3.004434e-02;1.370604e-01;1.052194e-01;1.622010e-01;1.157569e-01;1.970190e-02;4.008105e-02;1.339633e-01
5.677721e-02;6.008149e-02;7.178993e-02;3.498518e-02;5.037721e-02;1.117761e-01;1.620889e-01;2.035063e-01;1.022361e-01;2.111339e-02;1.540894e-02;1.098592e-01
6.868882e-02;7.205573e-02;9.997845e-02;4.872331e-02;8.063161e-02;1.060437e-01;5.765892e-02;1.902108e-01;1.161357e-01;3.352317e-02;2.946794e-02;9.688184e-02
4.989496e-02;7.584866e-02;9.501959e-02;4.435725e-02;7.776679e-02;6.878347e-02;2.202678e-01;1.120886e-01;6.580193e-02;6.851224e-02;2.731583e-02;9.434292e-02
