7.531977e-02;5.787328e-02;1.038299e-01;5.457872e-02;1.036272e-01;1.023280e-01;1.043512e-01;1.134200e-01;1.057297e-01;5.791537e-02;6.107499e-02;5.995185e-02
8.582442e-02;8.836710e-02;8.631121e-02;4.794693e-02;1.018446e-01;1.044656e-01;9.861527e-02;1.080735e-01;9.746654e-02;5.615343e-02;6.239196e-02;6.253947e-02
1.033563e-01;1.003398e-01;7.726718e-02;5.654327e-02;8.204787e-02;9.793829e-02;1.104266e-01;7.462702e-02;9.617443e-02;5.771570e-02;6.805971e-02;7.550380e-02
9.934935e-02;8.873485e-02;8.866220e-02;5.125903e-02;5.131131e-02;1.067801e-01;1.501254e-01;4.629324e-02;5.528827e-02;1.012167e-01;7.103971e-02;8.993983e-02
5.913148e-02;8.570995e-02;1.486040e-01;5.150987e-02;6.745130e-02;7.531323e-02;1.412214e-01;6.804641e-02;4.754693e-02;9.386042e-02;5.611695e-02;1.054881e-01
9.014783e-02;5.796599e-02;1.446227e-01;7.315607e-02;8.290294e-02;6.013003e-02;1.036170e-01;6.167065e-02;7.737540e-02;1.171370e-01;4.174474e-02;8.952969e-02
7.952014e-02;6.181228e-02;7.972746e-02;9.982592e-02;9.807277e-02;8.079101e-02;7.847927e-02;8.991458e-02;8.110535e-02;1.210962e-01;4.393310e-02;8.572189e-02
8.238675e-02;5.673971e-02;1.271381e-01;1.023279e-01;9.766539e-02;6.880330e-02;9.049135e-02;9.352368e-02;8.258454e-02;8.940861e-02;4.907393e-02;5.985672e-02
9.213842e-02;5.987122e-02;1.496215e-01;8.291175e-02;8.093132e-02;9.796336e-02;1.414493e-01;9.093160e-02;5.821633e-02;6.090314e-02;5.327347e-02;3.178864e-02
1.410044e-01;8.953660e-02;8.601585e-02;4.708075e-02;4.606952e-02;1.244825e-01;1.366810e-01;8.443519e-02;5.724270e-02;3.911344e-02;6.436113e-02;8.397686e-02
1.160515e-01;7.981247e-02;6.183475e-02;5.260644e-02;6.083563e-02;1.248825e-01;1.055652e-01;5.941267e-02;9.478655e-02;3.984056e-02;7.246910e-02;1.319026e-01
1.127358e-01;5.558604e-02;8.973788e-02;5.846868e-02;7.198240e-02;7.917386e-02;8.498953e-02;8.079209e-02;1.095694e-01;5.058153e-02;8.257166e-02;1.238111e-01
9.492995e-02;5.266966e-02;8.765983e-02;6.079774e-02;8.852630e-02;5.858527e-02;1.130107e-01;8.088291e-02;1.038884e-01;3.711466e-02;9.251209e-02;1.294225e-01
1.064734e-01;6.703395e-02;5.451755e-02;5.450621e-02;9.948614e-02;7.989419e-02;1.233185e-01;4.833079e-02;1.197331e-01;4.786063e-02;6.098832e-02;1.378572e-01
1.109205e-01;6.852692e-02;8.126321e-02;5.091318e-02;8.619484e-02;8.157074e-02;9.990012e-02;1.006327e-01;1.002176e-01;7.594936e-02;2.909599e-02;1.148149e-01
7.755855e-02;4.354048e-02;1.422151e-01;6.190629e-02;6.935456e-02;6.596796e-02;7.067686e-02;1.302356e-01;1.057632e-01;8.889429e-02;5.049659e-02;9.339055e-02
7.758041e-02;5.216258e-02;1.559156e-01;7.515887e-02;5.603153e-02;5.975212e-02;8.830316e-02;1.044837e-01;1.304464e-01;8.480637e-02;3.333907e-02;8.202013e-02
9.081130e-02;6.806960e-02;1.198578e-01;9.190769e-02;5.328254e-02;5.102542e-02;8.579666e-02;8.343389e-02;1.266739e-01;9.309360e-02;3.228157e-02;1.037661e-01
1.280881e-01;8.968449e-02;6.721027e-02;8.266548e-02;7.556725e-02;7.334482e-02;9.217725e-02;7.217585e-02;6.161566e-02;9.898882e-02;6.036858e-02;9.811343e-02
1.384567e-01;5.984289e-02;7.054006e-02;9.307161e-02;9.889027e-02;8.733477e-02;1.235484e-01;5.102859e-02;7.159097e-02;7.237566e-02;5.704004e-02;7.627997e-02
8.831853e-02;6.099731e-02;9.869229e-02;1.190827e-01;1.083314e-01;7.532910e-02;1.152913e-01;5.593840e-02;8.317079e-02;8.121160e-02;3.608340e-02;7.755322e-02
1.006006e-01;6.667382e-02;1.316063e-01;9.414122e-02;8.260879e-02;9.359732e-02;6.063912e-02;4.465804e-02;8.597580e-02;1.150720e-01;4.679864e-02;7.762829e-02
1.320572e-01;4.333268e-02;1.657410e-01;5.558698e-02;3.938490e-02;8.092410e-02;5.362501e-02;4.738879e-02;1.256113e-01;1.057194e-01;2.983329e-02;1.207953e-01
1.084387e-01;6.287121e-02;1.774292e-01;8.134425e-02;5.139739e-02;6.744190e-02;6.413633e-02;5.333068e-02;1.610848e-01;6.794202e-02;1.991011e-02;8.467346e-02
7.184022e-02;7.735790e-02;1.915433e-01;8.199569e-02;5.032304e-02;6.264403e-02;9.320841e-02;6.203536e-02;1.269519e-01;8.246598e-02;5.022175e-02;4.941234e-02
9.140263e-02;8.557259e-02;1.990565e-01;4.618943e-02;5.529167e-02;5.700525e-02;9.875906e-02;9.136696e-02;1.277726e-01;5.446096e-02;5.282171e-02;4.030059e-02
1.369844e-01;9.099726e-02;1.671533e-01;3.635501e-02;5.594084e-02;4.575892e-02;6.425322e-02;1.667662e-01;1.194644e-01;5.447552e-02;2.751927e-02;3.433162e-02
1.538893e-01;7.457861e-02;1.185740e-01;3.402991e-02;4.525071e-02;4.311242e-02;7.802218e-02;2.420560e-01;1.089631e-01;5.138284e-02;1.699303e-02;3.314784e-02
1.033408e-01;3.983182e-02;5.940847e-02;4.328484e-02;2.660440e-02;5.751686e-02;2.087522e-01;2.458901e-01;7.201272e-02;4.610408e-02;3.254263e-02;6.471106e-02
4.038782e-02;2.718567e-02;5.234143e-02;3.708220e-02;2.228692e-02;1.027865e-01;2.529751e-01;1.535740e-01;7.783941e-02;6.583937e-02;9.736673e-02;7.033482e-02
2.438750e-02;3.699302e-02;4.872197e-02;2.661654e-02;5.491293e-02;1.302515e-01;1.493272e-01;1.277753e-01;8.012006e-02;1.413005e-01;1.345700e-01;4.502336e-02
1.700663e-02;4.437592e-02;2.444708e-02;2.943971e-02;9.590000e-02;1.007363e-01;7.059284e-02;1.100186e-01;1.365062e-01;2.436356e-01;1.022101e-01;2.513092e-02
3.415119e-02;3.175225e-02;2.284170e-02;4.434842e-02;9.861212e-02;6.592899e-02;1.115260e-01;5.718331e-02;2.022481e-01;2.599992e-01;4.571923e-02;2.568949e-02
5.840145e-02;4.934890e-02;2.960579e-02;6.592806e-02;1.062690e-01;4.248513e-02;1.276317e-01;3.801093e-02;2.285159e-01;2.073372e-01;2.154204e-02;2.492397e-02
5.543051e-02;7.685445e-02;5.773587e-02;9.716573e-02;1.423806e-01;3.212617e-02;7.025588e-02;4.823710e-02;1.811846e-01;1.924606e-01;2.337538e-02;2.279314e-02
4.603095e-02;7.621489e-02;7.057127e-02;9.118333e-02;1.728842e-01;5.027968e-02;6.976432e-02;7.670937e-02;1.179912e-01;1.688736e-01;3.812487e-02;2.137232e-02
3.202217e-02;7.918846e-02;5.283397e-02;5.468803e-02;1.919798e-01;8.507118e-02;7.986341e-02;8.027846e-02;5.706795e-02;1.757901e-01;9.553403e-02;1.568239e-02
2.479889e-02;9.344538e-02;4.283241e-02;2.179880e-02;1.204352e-01;1.668338e-01;7.320518e-02;5.720020e-02;5.934815e-02;1.806706e-01;1.427995e-01;1.663180e-02
2.712527e-02;7.223374e-02;9.165399e-02;1.611643e-02;8.614047e-02;2.511098e-01;7.090786e-02;5.179118e-02;5.248984e-02;9.662302e-02;1.617246e-01;2.208384e-02
1.980354e-02;4.112053e-02;1.039192e-01;2.153815e-02;4.562056e-02;2.152432e-01;1.968811e-01;7.268451e-02;7.140674e-02;4.190725e-02;1.367396e-01;3.313566e-02
3.092134e-02;1.883538e-02;8.249835e-02;2.960868e-02;3.395724e-02;1.003709e-01;3.004611e-01;9.781180e-02;1.263610e-01;2.391355e-02;9.588001e-02;5.938069e-02
1.554365e-02;1.377336e-02;6.268270e-02;2.657933e-02;3.494902e-02;6.474706e-02;2.946382e-01;8.882926e-02;1.961051e-01;1.673160e-02;1.065889e-01;7.883194e-02
9.835519e-03;8.138332e-03;7.335030e-02;7.196729e-03;3.257008e-02;1.054943e-01;1.771339e-01;5.161640e-02;2.822253e-01;2.007716e-02;1.505226e-01;8.183935e-02
7.289007e-03;5.148310e-03;8.376234e-02;7.959095e-03;3.183146e-02;1.307846e-01;9.713620e-02;3.448740e-02;3.179661e-01;2.259163e-02;1.857190e-01;7.532491e-02
1.102432e-02;3.966758e-03;7.698648e-02;4.689890e-03;2.747319e-02;1.272155e-01;1.032817e-01;3.005736e-02;3.156929e-01;2.656595e-02;2.047055e-01;6.834046e-02
1.175296e-02;3.413809e-03;7.257068e-02;4.295583e-03;2.814335e-02;1.303754e-01;9.080358e-02;3.185714e-02;3.282663e-01;1.963887e-02;2.158550e-01;6.302733e-02
8.385034e-03;4.725705e-03;6.562176e-02;8.511538e-03;3.574705e-02;1.264846e-01;1.044283e-01;5.189733e-02;3.023217e-01;1.797824e-02;2.043121e-01;6.958666e-02
1.412804e-02;1.009449e-02;5.046970e-02;1.414613e-02;4.223651e-02;1.115430e-01;1.570779e-01;1.127330e-01;2.173516e-01;1.685045e-02;1.523224e-01;1.010468e-01
1.399923e-02;1.575898e-02;3.915368e-02;2.085615e-02;3.348596e-02;9.352041e-02;2.362168e-01;1.646503e-01;1.416385e-01;1.429791e-02;8.923680e-02;1.371853e-01
1.589090e-02;2.837982e-02;3.762746e-02;3.386303e-02;2.122055e-02;7.914738e-02;3.205568e-01;1.289154e-01;9.754677e-02;1.956177e-02;6.856909e-02;1.487211e-01
2.049552e-02;4.266179e-02;3.290513e-02;5.428248e-02;1.552661e-02;8.343969e-02;4.000140e-01;6.173730e-02;3.682131e-02;5.308142e-02;6.424647e-02;1.347883e-01
4.715731e-02;4.408946e-02;3.792528e-02;5.510447e-02;2.361774e-02;1.054401e-01;3.476658e-01;4.761410e-02;4.433563e-02;1.034749e-01;6.145741e-02;8.211784e-02
6.383592e-02;4.041777e-02;5.806766e-02;4.971647e-02;3.043875e-02;1.147321e-01;2.545156e-01;5.645732e-02;6.023170e-02;1.345667e-01;6.581406e-02;7.120592e-02
5.330028e-02;4.099943e-02;9.838475e-02;4.965858e-02;3.610939e-02;1.155577e-01;1.385727e-01;6.383643e-02;1.048197e-01;1.515723e-01;6.653335e-02;8.065537e-02
3.244865e-02;3.577256e-02;9.286520e-02;4.333054e-02;4.337158e-02;8.429973e-02;2.003937e-01;6.895297e-02;1.106714e-01;1.374700e-01;8.150781e-02;6.891588e-02
5.023011e-02;4.109252e-02;7.179697e-02;4.779503e-02;2.622551e-02;9.746860e-02;2.714584e-01;4.798307e-02;9.287564e-02;1.053694e-01;8.008239e-02;6.762229e-02
3.979198e-02;3.533695e-02;6.108041e-02;5.009727e-02;2.576317e-02;7.717488e-02;2.736893e-01;5.366277e-02;1.471188e-01;9.531357e-02;5.365529e-02;8.731562e-02
5.858923e-02;3.810908e-02;5.275051e-02;5.115321e-02;2.514371e-02;3.873874e-02;2.754740e-01;5.983735e-02;1.802991e-01;9.883252e-02;4.454513e-02;7.652742e-02
7.081056e-02;3.289812e-02;5.967471e-02;5.136242e-02;4.442718e-02;4.046642e-02;2.728590e-01;7.446304e-02;1.775419e-01;8.617410e-02;4.778180e-02;4.154073e-02
6.484132e-02;4.059913e-02;7.985137e-02;5.717824e-02;5.981100e-02;7.007600e-02;1.358540e-01;8.043294e-02;1.333704e-01;1.437300e-01;7.565050e-02;5.860499e-02
6.501795e-02;4.519209e-02;7.140284e-02;4.322422e-02;5.452852e-02;8.267902e-02;6.070707e-02;7.621278e-02;1.036711e-01;1.860880e-01;1.454014e-01;6.587501e-02
4.989212e-02;3.367060e-02;6.923427e-02;2.482459e-02;3.013649e-02;1.087784e-01;6.947757e-02;5.977957e-02;9.889232e-02;1.546705e-01;2.426192e-01;5.802443e-02
4.333153e-02;2.195726e-02;7.519254e-02;1.135349e-02;1.884979e-02;1.330687e-01;6.634445e-02;2.534164e-02;1.236081e-01;1.103766e-01;3.187939e-01;5.178198e-02
5.172737e-02;1.538717e-02;7.122269e-02;7.760704e-03;1.982735e-02;1.442792e-01;5.103964e-02;1.784407e-02;1.079409e-01;1.005181e-01;3.687963e-01;4.365660e-02
5.692911e-02;1.516480e-02;5.394868e-02;9.445746e-03;2.372772e-02;1.359503e-01;4.158805e-02;2.366542e-02;6.800976e-02;1.230124e-01;4.145678e-01;3.399028e-02
4.619804e-02;2.114785e-02;4.484684e-02;1.743760e-02;3.473948e-02;9.413240e-02;8.003854e-02;5.288342e-02;8.437064e-02;1.564757e-01;3.404555e-01;2.727401e-02
6.367300e-02;2.715363e-02;4.484184e-02;3.127337e-02;3.432714e-02;6.865101e-02;1.120242e-01;7.466862e-02;9.525833e-02;1.765110e-01;2.217010e-01;4.991687e-02
7.304510e-02;3.838409e-02;6.929781e-02;2.995324e-02;3.071740e-02;7.945122e-02;8.939889e-02;7.617212e-02;1.210354e-01;1.582150e-01;1.679116e-01;6.641801e-02
5.667676e-02;2.798390e-02;8.674037e-02;2.113426e-02;4.543731e-02;6.852055e-02;1.316183e-01;7.523198e-02;1.025875e-01;1.696257e-01;1.552355e-01;5.920789e-02
3.282224e-02;3.160105e-02;1.046812e-01;1.964824e-02;4.357474e-02;5.173759e-02;1.974976e-01;7.297999e-02;9.185510e-02;1.666566e-01;1.546565e-01;3.228908e-02
2.908182e-02;3.380013e-02;1.137119e-01;3.453104e-02;5.658745e-02;6.446917e-02;2.488902e-01;6.997103e-02;9.151307e-02;1.265296e-01;1.005491e-01;3.036543e-02
4.795754e-02;6.772163e-02;1.180971e-01;4.233228e-02;6.024563e-02;6.234926e-02;2.202431e-01;3.812546e-02;1.234036e-01;1.047613e-01;7.852293e-02;3.624022e-02
8.679734e-02;1.059940e-01;1.065295e-01;3.149720e-02;6.354940e-02;5.516487e-02;1.537237e-01;4.968559e-02;1.722261e-01;8.127829e-02;5.976878e-02;3.378522e-02
9.791790e-02;9.694925e-02;1.122162e-01;5.937433e-02;4.759874e-02;4.864854e-02;8.287106e-02;7.131673e-02;2.002530e-01;9.045750e-02;3.823101e-02;5.416578e-02
5.209351e-02;7.355078e-02;1.022667e-01;6.205472e-02;3.375966e-02;6.573857e-02;9.021741e-02;1.408257e-01;1.710849e-01;1.015766e-01;5.307761e-02;5.375392e-02
7.354446e-02;1.141783e-01;1.055293e-01;3.992983e-02;3.676831e-02;7.224920e-02;7.858099e-02;1.511447e-01;1.095817e-01;9.095220e-02;7.588889e-02;5.165208e-02
1.133997e-01;1.229886e-01;1.000523e-01;4.290575e-02;4.670465e-02;6.341518e-02;9.484802e-02;1.271418e-01;4.737935e-02;6.760262e-02;8.553639e-02;8.802567e-02
1.311904e-01;1.509627e-01;6.726531e-02;6.673519e-02;5.933898e-02;3.530938e-02;9.941519e-02;7.904359e-02;3.030095e-02;4.652788e-02;9.249407e-02;1.414163e-01
1.104773e-01;1.319072e-01;7.850472e-02;6.983055e-02;8.640057e-02;3.453857e-02;9.501668e-02;4.026728e-02;4.545853e-02;5.132220e-02;1.207687e-01;1.355078e-01
7.684092e-02;7.789987e-02;1.344056e-01;7.031903e-02;7.872067e-02;6.706315e-02;9.242125e-02;4.186886e-02;4.707547e-02;7.395365e-02;1.480451e-01;9.138636e-02
5.944242e-02;3.748187e-02;1.192125e-01;7.184854e-02;4.625935e-02;1.904983e-01;6.360536e-02;3.603261e-02;2.935106e-02;1.051584e-01;1.793474e-01;6.176222e-02
4.300284e-02;3.684448e-02;6.682670e-02;4.128845e-02;3.642405e-02;3.113544e-01;5.563787e-02;2.126864e-02;3.411264e-02;1.167485e-01;2.020162e-01;3.447525e-02
4.454700e-02;2.795811e-02;7.052675e-02;6.088435e-02;5.059367e-02;2.786982e-01;8.625299e-02;2.525226e-02;2.565592e-02;1.120771e-01;1.776794e-01;3.987426e-02
5.631279e-02;3.002967e-02;5.782221e-02;1.084182e-01;5.484073e-02;1.617368e-01;1.222041e-01;4.035849e-02;2.381126e-02;1.165045e-01;1.799721e-01;4.798920e-02
5.207639e-02;2.484791e-02;6.648853e-02;9.710118e-02;3.228775e-02;1.850625e-01;1.247568e-01;4.423587e-02;2.597331e-02;1.277464e-01;1.787080e-01;4.071530e-02
5.188788e-02;2.753832e-02;7.365602e-02;5.855736e-02;3.596761e-02;3.010499e-01;7.542071e-02;2.468725e-02;2.879001e-02;1.101216e-01;1.744801e-01;3.784310e-02
6.153770e-02;1.803059e-02;1.238604e-01;3.190323e-02;3.410066e-02;3.362291e-01;5.707801e-02;1.471633e-02;4.856933e-02;8.228207e-02;1.516857e-01;4.000682e-02
6.584875e-02;3.666890e-02;1.140683e-01;4.457030e-02;6.529401e-02;1.771681e-01;1.408042e-01;6.250364e-02;7.977974e-02;6.274147e-02;9.434994e-02;5.620265e-02
6.501993e-02;3.945561e-02;8.480789e-02;7.012719e-02;6.425160e-02;5.689434e-02;2.325753e-01;1.081691e-01;7.146411e-02;7.366063e-02;5.444548e-02;7.912881e-02
6.949188e-02;2.642262e-02;4.681828e-02;8.802111e-02;3.851121e-02;5.433787e-02;2.517675e-01;1.299986e-01;4.974054e-02;1.191543e-01;3.384864e-02;9.188735e-02
9.346870e-02;2.039590e-02;2.597641e-02;1.023460e-01;1.467974e-02;4.025891e-02;2.183698e-01;1.278092e-01;6.029586e-02;1.850828e-01;1.958079e-02;9.173584e-02
1.395003e-01;1.644095e-02;2.339415e-02;8.256140e-02;1.659719e-02;3.560958e-02;1.502363e-01;1.681582e-01;9.728006e-02;1.831989e-01;1.680096e-02;7.022187e-02
1.558118e-01;1.269441e-02;2.639937e-02;6.454672e-02;1.958550e-02;3.404380e-02;1.291629e-01;1.939721e-01;1.090532e-01;1.699376e-01;1.210003e-02;7.269253e-02
1.231304e-01;1.151207e-02;1.466289e-02;8.007466e-02;1.652450e-02;2.360371e-02;1.752477e-01;1.386746e-01;9.104861e-02;2.114857e-01;1.109907e-02;1.029361e-01
7.714519e-02;2.504451e-02;7.209769e-03;1.090645e-01;5.368346e-03;1.389624e-02;2.434405e-01;6.723250e-02;4.335742e-02;2.303749e-01;9.139983e-03;1.687261e-01
4.660641e-02;4.577577e-02;7.707349e-03;1.093449e-01;6.011450e-03;1.380708e-02;2.932712e-01;4.649438e-02;2.174816e-02;1.858813e-01;1.126203e-02;2.120900e-01
2.707841e-02;4.989560e-02;2.085129e-02;8.535872e-02;1.294579e-02;2.694349e-02;2.824726e-01;6.431469e-02;6.709462e-02;1.150149e-01;4.121900e-02;2.068109e-01
2.358705e-02;3.138767e-02;5.933860e-02;4.464847e-02;2.103170e-02;6.896728e-02;1.708278e-01;8.404318e-02;1.848464e-01;4.867866e-02;1.251628e-01;1.374805e-01
4.204809e-02;1.270856e-02;9.620722e-02;1.334653e-02;1.946022e-02;1.233882e-01;5.291364e-02;5.679850e-02;2.437201e-01;3.740808e-02;2.383086e-01;6.369224e-02
6.955557e-02;6.052403e-03;9.907194e-02;9.577591e-03;1.105783e-02;1.648626e-01;3.710389e-02;2.605950e-02;1.574044e-01;6.224323e-02;3.329089e-01;2.410204e-02
8.957370e-02;5.707803e-03;8.326221e-02;7.979999e-03;6.893224e-03;1.959351e-01;2.048760e-02;1.657532e-02;8.685029e-02;6.426652e-02;3.834686e-01;3.899959e-02
8.899598e-02;6.773068e-03;7.770953e-02;7.792832e-03;8.801728e-03;1.997246e-01;2.571970e-02;1.650861e-02;1.059999e-01;5.937324e-02;3.763846e-01;2.621621e-02
8.130490e-02;7.968246e-03;8.899090e-02;8.789105e-03;1.291087e-02;2.058055e-01;3.168159e-02;2.013059e-02;6.963025e-02;6.605490e-02;3.854745e-01;2.125861e-02
5.699151e-02;1.032112e-02;9.214804e-02;7.286407e-03;1.820665e-02;1.909435e-01;4.708706e-02;2.336012e-02;1.307749e-01;5.277206e-02;3.396549e-01;3.045368e-02
3.175950e-02;1.058345e-02;7.940250e-02;1.311105e-02;3.342619e-02;1.828772e-01;8.040039e-02;4.991372e-02;1.695423e-01;2.684859e-02;2.684070e-01;5.372808e-02
2.545415e-02;1.419062e-02;7.387821e-02;2.461292e-02;4.331159e-02;1.782450e-01;1.173809e-01;6.501815e-02;1.389581e-01;2.659400e-02;2.356072e-01;5.674919e-02
3.763011e-02;1.219273e-02;9.331950e-02;2.489068e-02;4.856220e-02;1.602517e-01;1.352880e-01;5.951069e-02;7.730372e-02;6.961824e-02;2.373957e-01;4.403678e-02
4.041107e-02;2.112911e-02;9.113239e-02;4.055421e-02;4.849710e-02;1.384669e-01;1.019150e-01;4.874772e-02;1.458199e-01;1.071968e-01;1.809867e-01;3.514319e-02
3.682422e-02;4.195896e-02;9.988254e-02;7.236105e-02;6.139202e-02;1.216610e-01;9.317297e-02;5.605520e-02;1.786141e-01;9.674227e-02;9.204941e-02;4.928619e-02
4.077499e-02;3.719787e-02;1.448041e-01;1.244165e-01;5.520106e-02;1.009563e-01;8.013865e-02;5.075784e-02;1.313062e-01;7.214710e-02;1.110628e-01;5.123650e-02
7.978238e-02;5.672951e-02;1.350746e-01;1.094064e-01;4.034209e-02;6.500603e-02;5.737734e-02;6.040345e-02;1.414436e-01;6.723987e-02;1.283954e-01;5.879935e-02
1.006594e-01;7.954149e-02;1.709528e-01;7.049227e-02;2.884340e-02;6.408817e-02;1.031586e-01;6.416453e-02;9.139500e-02;5.779440e-02;1.220066e-01;4.690332e-02
9.244110e-02;5.717351e-02;1.660539e-01;5.637618e-02;3.633174e-02;9.804530e-02;8.744072e-02;7.174595e-02;1.205973e-01;6.743725e-02;9.927206e-02;4.708496e-02
8.382560e-02;5.990824e-02;1.564016e-01;6.705083e-02;4.390384e-02;1.232686e-01;5.696366e-02;6.277262e-02;1.136926e-01;6.506026e-02;8.753921e-02;7.961294e-02
5.393291e-02;7.661385e-02;9.796963e-02;7.381994e-02;4.939344e-02;1.188106e-01;9.009430e-02;9.097916e-02;1.111942e-01;5.625859e-02;6.954283e-02;1.113905e-01
5.766696e-02;9.092853e-02;3.745815e-02;5.263779e-02;1.025504e-01;1.053059e-01;6.171022e-02;1.194276e-01;1.134188e-01;6.449600e-02;7.547469e-02;1.189250e-01
7.724590e-02;9.534781e-02;5.782527e-02;4.576667e-02;1.265979e-01;9.289452e-02;5.369439e-02;1.022098e-01;1.057065e-01;5.335687e-02;6.483883e-02;1.245155e-01
9.441545e-02;5.807108e-02;1.045272e-01;6.187551e-02;1.039486e-01;1.033916e-01;6.686609e-02;8.665747e-02;1.192350e-01;5.520922e-02;3.990485e-02;1.058981e-01
6.689341e-02;3.885789e-02;1.024504e-01;6.736216e-02;1.015822e-01;1.166656e-01;6.772088e-02;1.111744e-01;1.266072e-01;5.809289e-02;8.155448e-02;6.103848e-02
4.033876e-02;9.998799e-02;8.417154e-02;5.588116e-02;1.258388e-01;7.843459e-02;7.964022e-02;1.198861e-01;1.120728e-01;6.954974e-02;1.015462e-01;3.265205e-02
6.630695e-02;1.168418e-01;8.990870e-02;1.000910e-01;1.034418e-01;5.368954e-02;8.273445e-02;1.140012e-01;5.661539e-02;7.345958e-02;1.002040e-01;4.270558e-02
8.308827e-02;7.421809e-02;8.292942e-02;1.473689e-01;9.215525e-02;4.408723e-02;8.108909e-02;1.116123e-01;5.230521e-02;8.409586e-02;9.195635e-02;5.509394e-02
8.410997e-02;8.043677e-02;1.197844e-01;1.403312e-01;6.145414e-02;6.030402e-02;6.715156e-02;7.177070e-02;6.745900e-02;1.051339e-01;7.255829e-02;6.950621e-02
9.605286e-02;1.037102e-01;1.272660e-01;1.049181e-01;4.069443e-02;8.283503e-02;7.993148e-02;5.496180e-02;1.201285e-01;9.636360e-02;3.758410e-02;5.555383e-02
8.576622e-02;8.723806e-02;1.185690e-01;1.066729e-01;5.204190e-02;6.179544e-02;1.094755e-01;7.185902e-02;1.529906e-01;6.314363e-02;2.700438e-02;6.344336e-02
1.044089e-01;9.244638e-02;7.416739e-02;9.256298e-02;6.889340e-02;6.065029e-02;1.184568e-01;6.686914e-02;1.466075e-01;6.064320e-02;3.725450e-02;7.703963e-02
9.953357e-02;5.516407e-02;1.165411e-01;4.856084e-02;8.513800e-02;5.593831e-02;1.012465e-01;5.556816e-02;1.582585e-01;5.859420e-02;7.712650e-02;8.833016e-02
1.201305e-01;8.922786e-02;2.014109e-01;2.386816e-02;6.873532e-02;5.113503e-02;8.794888e-02;8.978017e-02;9.713087e-02;5.412068e-02;6.868342e-02;4.782819e-02
1.680312e-01;1.007699e-01;1.675819e-01;2.848651e-02;4.060730e-02;3.568396e-02;9.047496e-02;1.172812e-01;9.217785e-02;6.672940e-02;5.105272e-02;4.112313e-02
1.904367e-01;9.128112e-02;1.157587e-01;3.067853e-02;2.084300e-02;3.315168e-02;1.437431e-01;1.120968e-01;6.979360e-02;9.136304e-02;4.057908e-02;6.027476e-02
1.388443e-01;5.632422e-02;7.660834e-02;2.835471e-02;1.558885e-02;6.557458e-02;1.950001e-01;8.168743e-02;1.026002e-01;1.031689e-01;6.733073e-02;6.891764e-02
7.388596e-02;3.041235e-02;7.839309e-02;2.183489e-02;2.476835e-02;1.255675e-01;1.711363e-01;5.998626e-02;1.358818e-01;1.031456e-01;1.302555e-01;4.473239e-02
6.556938e-02;3.949797e-02;7.844990e-02;3.006141e-02;4.983506e-02;1.460160e-01;9.666952e-02;6.278928e-02;9.218491e-02;1.485856e-01;1.605119e-01;2.982907e-02
5.315738e-02;5.473195e-02;4.712641e-02;5.047094e-02;6.699720e-02;1.159422e-01;8.136400e-02;8.088897e-02;7.872084e-02;2.031931e-01;1.345488e-01;3.285810e-02
9.897397e-02;7.142275e-02;7.510670e-02;4.938792e-02;5.246632e-02;5.864380e-02;1.206335e-01;8.239106e-02;1.092878e-01;1.567792e-01;8.027741e-02;4.462951e-02
1.757868e-01;8.729810e-02;1.123340e-01;3.939268e-02;5.680684e-02;7.658996e-02;1.113064e-01;5.315696e-02;9.444874e-02;9.349135e-02;5.600905e-02;4.337921e-02
1.245459e-01;7.708073e-02;9.869646e-02;3.772198e-02;5.365232e-02;9.045400e-02;1.447551e-01;4.730699e-02;6.682830e-02;1.094933e-01;8.740769e-02;6.205718e-02
6.934787e-02;5.043123e-02;1.312633e-01;3.062810e-02;4.171921e-02;6.681919e-02;1.456948e-01;6.614043e-02;9.756923e-02;1.146341e-01;1.206194e-01;6.513309e-02
7.112731e-02;2.966522e-02;1.458429e-01;3.495527e-02;4.683944e-02;6.511978e-02;1.328952e-01;6.910959e-02;7.018364e-02;1.336721e-01;9.735222e-02;1.032374e-01
7.302774e-02;5.266345e-02;1.113053e-01;3.132646e-02;5.081090e-02;7.823560e-02;8.710936e-02;5.964391e-02;8.750485e-02;1.130219e-01;7.833982e-02;1.770107e-01
1.212847e-01;4.965147e-02;1.007452e-01;2.823213e-02;4.341909e-02;9.529226e-02;8.128332e-02;3.806433e-02;9.442943e-02;8.572030e-02;8.888815e-02;1.729896e-01
1.067177e-01;5.423139e-02;8.124133e-02;4.614257e-02;4.138321e-02;1.264936e-01;1.186158e-01;4.920029e-02;7.272294e-02;6.505818e-02;8.645598e-02;1.517370e-01
1.153789e-01;8.705286e-02;1.011040e-01;6.811478e-02;5.742722e-02;9.960130e-02;1.271063e-01;5.587561e-02;8.014406e-02;5.031979e-02;6.496028e-02;9.291487e-02
1.789342e-01;8.508360e-02;8.071480e-02;6.628428e-02;6.036790e-02;8.282217e-02;1.112571e-01;4.859761e-02;1.013909e-01;5.150345e-02;5.492307e-02;7.812086e-02
2.056019e-01;6.409005e-02;6.775448e-02;4.792446e-02;5.230179e-02;1.109633e-01;7.870568e-02;6.727755e-02;1.015032e-01;9.326273e-02;5.872683e-02;5.188803e-02
1.524175e-01;7.643596e-02;6.169223e-02;4.664226e-02;8.790106e-02;9.930448e-02;1.010447e-01;6.171897e-02;9.578571e-02;1.351414e-01;4.054185e-02;4.137380e-02
1.202439e-01;6.414025e-02;5.662273e-02;5.261225e-02;1.070896e-01;1.094780e-01;8.023492e-02;5.504485e-02;1.465891e-01;9.026720e-02;6.684747e-02;5.082982e-02
8.484092e-02;8.278439e-02;4.537959e-02;5.603795e-02;9.878304e-02;1.347723e-01;4.445326e-02;6.647741e-02;1.666869e-01;7.054200e-02;7.846758e-02;7.077463e-02
1.500137e-01;9.577078e-02;6.801845e-02;4.082967e-02;7.399108e-02;1.094442e-01;4.794271e-02;5.408091e-02;1.227329e-01;8.978425e-02;4.924390e-02;9.814747e-02
1.605696e-01;4.833142e-02;1.186611e-01;3.834842e-02;7.644976e-02;9.183975e-02;6.968287e-02;5.367540e-02;1.064268e-01;9.380177e-02;3.626225e-02;1.059509e-01
1.586477e-01;6.969284e-02;1.421877e-01;5.469734e-02;6.413501e-02;5.251812e-02;8.136216e-02;6.040066e-02;8.369336e-02;6.972089e-02;4.113982e-02;1.218043e-01
1.618161e-01;8.164295e-02;9.710009e-02;4.832784e-02;3.788860e-02;4.392006e-02;1.125967e-01;9.189191e-02;6.874847e-02;7.204206e-02;6.553575e-02;1.184894e-01
1.055160e-01;8.861028e-02;5.817791e-02;3.494649e-02;4.044346e-02;7.858568e-02;1.342818e-01;9.946139e-02;9.293671e-02;1.094644e-01;7.170425e-02;8.587163e-02
7.261811e-02;6.827629e-02;7.602795e-02;3.261866e-02;6.776176e-02;8.991050e-02;1.327220e-01;9.050358e-02;1.095694e-01;1.236640e-01;4.949969e-02;8.682798e-02
1.366791e-01;7.446160e-02;9.450178e-02;4.185599e-02;8.436580e-02;7.150410e-02;8.410198e-02;8.239715e-02;9.673615e-02;9.416464e-02;3.305995e-02;1.061717e-01
1.317642e-01;9.832569e-02;1.102442e-01;5.275315e-02;8.052441e-02;7.920555e-02;6.117750e-02;9.653366e-02;9.674218e-02;6.103219e-02;4.362070e-02;8.807662e-02
1.209958e-01;8.734155e-02;1.291696e-01;4.985176e-02;7.779754e-02;8.151186e-02;9.406205e-02;8.911008e-02;9.550904e-02;5.315649e-02;6.189819e-02;5.959607e-02
1.339775e-01;8.834804e-02;1.455118e-01;5.103665e-02;7.902503e-02;7.786745e-02;1.246070e-01;6.614326e-02;6.699926e-02;7.549893e-02;4.788460e-02;4.310048e-02
9.251164e-02;9.051770e-02;1.387977e-01;6.455329e-02;1.189313e-01;5.471571e-02;1.021728e-01;8.142150e-02;9.001606e-02;7.181637e-02;5.738756e-02;3.715837e-02
9.683017e-02;8.299802e-02;9.941364e-02;4.364320e-02;1.857713e-01;4.600405e-02;8.422974e-02;1.010104e-01;1.096488e-01;5.338611e-02;5.314763e-02;4.391693e-02
9.032618e-02;9.182029e-02;1.296747e-01;5.269429e-02;1.400435e-01;4.225114e-02;1.139512e-01;9.436439e-02;9.628092e-02;6.576436e-02;3.485112e-02;4.797795e-02
6.132996e-02;7.477336e-02;1.711415e-01;6.993999e-02;1.024605e-01;4.483803e-02;1.149063e-01;6.004712e-02;1.063910e-01;5.903787e-02;7.475591e-02;6.037838e-02
7.919256e-02;6.947380e-02;1.763448e-01;6.712145e-02;5.718349e-02;7.655824e-02;1.101625e-01;4.679644e-02;6.376059e-02;5.607660e-02;1.287799e-01;6.854964e-02
7.928198e-02;6.606561e-02;1.530670e-01;5.119039e-02;7.176162e-02;1.065396e-01;1.290054e-01;2.659216e-02;5.441820e-02;6.862841e-02;1.290846e-01;6.436507e-02
8.588895e-02;6.526992e-02;1.587504e-01;4.831648e-02;8.569145e-02;1.084216e-01;1.170032e-01;3.505381e-02;6.038551e-02;5.721165e-02;1.049596e-01;7.304740e-02
9.158467e-02;9.119653e-02;1.411619e-01;3.601947e-02;8.819829e-02;1.004571e-01;8.937750e-02;5.345088e-02;8.615751e-02;5.896875e-02;9.345187e-02;6.997554e-02
6.801480e-02;1.005424e-01;1.688312e-01;4.690167e-02;8.531482e-02;7.438501e-02;1.479155e-01;7.281654e-02;6.370565e-02;5.045676e-02;6.851894e-02;5.259682e-02
7.492696e-02;9.780712e-02;2.412798e-01;7.304288e-02;6.228937e-02;4.178104e-02;1.644772e-01;6.239811e-02;2.916638e-02;3.608172e-02;5.676332e-02;5.998610e-02
9.234384e-02;6.855145e-02;1.744263e-01;4.392335e-02;5.924169e-02;7.849554e-02;1.655916e-01;8.323389e-02;7.982801e-02;5.916443e-02;4.435401e-02;5.084589e-02
1.144842e-01;7.668205e-02;1.676951e-01;6.626195e-02;6.379057e-02;7.534341e-02;1.027109e-01;1.131099e-01;1.023250e-01;4.789507e-02;2.408120e-02;4.562072e-02
1.154956e-01;6.986862e-02;1.347282e-01;7.479787e-02;6.148671e-02;6.681091e-02;1.153072e-01;1.541153e-01;9.360295e-02;4.594230e-02;1.990550e-02;4.793879e-02
9.147174e-02;4.850968e-02;7.466876e-02;9.104266e-02;4.832754e-02;4.758557e-02;1.868055e-01;2.005218e-01;7.936914e-02;4.288444e-02;1.759984e-02;7.121326e-02
5.269393e-02;2.726825e-02;3.995885e-02;1.003851e-01;2.415936e-02;4.819793e-02;2.903257e-01;1.744745e-01;6.768971e-02;3.499987e-02;4.215306e-02;9.769371e-02
3.391970e-02;1.988296e-02;5.247319e-02;7.549416e-02;1.568891e-02;1.142088e-01;2.709260e-01;9.912112e-02;6.751187e-02;3.593847e-02;1.307618e-01;8.407299e-02
2.616090e-02;1.866620e-02;5.024036e-02;5.430782e-02;2.810186e-02;1.787603e-01;1.554012e-01;7.477858e-02;6.099335e-02;7.399182e-02;2.459240e-01;3.267364e-02
1.579118e-02;3.160262e-02;2.182923e-02;6.020912e-02;4.602503e-02;1.262690e-01;7.997960e-02;1.749418e-01;3.275570e-02;1.361094e-01;2.570122e-01;1.747512e-02
2.151518e-02;3.483430e-02;9.278728e-03;6.066880e-02;6.493150e-02;7.134185e-02;8.430684e-02;2.431007e-01;3.168994e-02;1.680718e-01;1.874375e-01;2.282288e-02
2.766103e-02;2.622795e-02;2.566571e-02;5.043275e-02;5.071826e-02;1.336359e-01;7.318820e-02;2.102588e-01;3.394880e-02;1.513807e-01;1.993798e-01;1.750209e-02
3.744692e-02;1.590227e-02;4.261126e-02;2.611708e-02;3.276826e-02;1.927125e-01;6.315981e-02;1.216608e-01;8.160685e-02;1.008711e-01;2.635538e-01;2.158934e-02
3.447682e-02;9.172950e-03;4.951688e-02;8.860097e-03;1.962369e-02;2.039878e-01;3.966635e-02;5.895461e-02;1.789399e-01;5.406409e-02;3.016416e-01;4.109528e-02
2.362395e-02;6.375166e-03;3.337561e-02;6.507972e-03;2.667244e-02;1.583398e-01;7.927862e-02;6.294965e-02;2.341246e-01;2.810100e-02;2.540594e-01;8.659185e-02
1.165462e-02;1.339580e-02;1.508221e-02;1.295318e-02;2.673256e-02;1.091295e-01;1.588974e-01;1.060821e-01;1.830322e-01;1.852064e-02;1.653546e-01;1.791652e-01
1.583079e-02;3.105189e-02;1.257637e-02;3.338662e-02;1.485635e-02;7.030312e-02;2.477928e-01;9.570441e-02;9.514748e-02;4.190364e-02;7.815096e-02;2.632956e-01
2.181715e-02;3.740992e-02;6.842891e-03;6.118499e-02;5.586668e-03;3.870570e-02;3.083531e-01;4.990996e-02;6.418633e-02;9.870188e-02;2.165292e-02;2.856485e-01
3.350948e-02;3.140004e-02;7.789214e-03;7.875174e-02;4.539966e-03;2.199228e-02;2.937297e-01;3.142607e-02;2.866355e-02;1.853588e-01;1.514529e-02;2.676939e-01
4.434712e-02;1.775972e-02;8.675644e-03;7.927023e-02;5.154202e-03;1.966193e-02;2.475488e-01;4.325418e-02;1.599807e-02;2.648360e-01;1.725584e-02;2.362382e-01
5.454952e-02;1.208580e-02;6.567873e-03;6.830425e-02;3.535818e-03;3.654382e-02;2.193445e-01;6.712031e-02;3.976025e-02;2.823589e-01;1.608278e-02;1.937462e-01
8.722815e-02;1.396604e-02;1.844737e-02;5.538939e-02;1.326905e-02;4.291355e-02;2.032225e-01;1.237359e-01;6.740578e-02;2.171632e-01;1.808784e-02;1.391713e-01
1.345929e-01;1.823836e-02;3.263948e-02;3.739652e-02;2.594109e-02;3.964934e-02;2.144877e-01;2.233192e-01;7.390302e-02;7.869899e-02;3.000882e-02;9.112456e-02
1.352111e-01;2.093048e-02;4.324984e-02;4.144363e-02;3.356301e-02;5.016922e-02;2.648569e-01;2.088156e-01;5.511835e-02;5.110915e-02;4.455912e-02;5.097348e-02
9.909633e-02;2.530619e-02;5.789853e-02;5.268289e-02;4.255621e-02;7.624871e-02;2.804018e-01;1.397637e-01;5.263577e-02;5.642491e-02;5.134165e-02;6.564336e-02
6.143909e-02;2.727521e-02;8.828904e-02;5.827557e-02;3.952099e-02;8.853492e-02;2.226445e-01;7.249158e-02;5.020321e-02;1.176079e-01;4.396129e-02;1.297567e-01
5.667872e-02;2.146250e-02;7.430702e-02;6.746262e-02;3.749086e-02;6.084259e-02;1.533767e-01;8.753863e-02;6.814440e-02;1.535807e-01;3.709434e-02;1.820209e-01
6.323241e-02;1.873638e-02;5.031959e-02;5.510084e-02;2.593940e-02;4.735107e-02;1.767769e-01;1.182240e-01;4.024162e-02;1.661787e-01;3.806122e-02;1.998378e-01
9.211323e-02;2.518620e-02;5.317037e-02;3.939791e-02;2.371227e-02;5.058881e-02;1.157830e-01;1.423301e-01;4.825883e-02;2.110641e-01;4.010715e-02;1.582880e-01
1.057052e-01;4.179396e-02;4.220563e-02;2.836931e-02;3.626684e-02;4.729357e-02;1.972742e-01;1.445359e-01;3.896978e-02;2.155872e-01;3.569627e-02;6.630221e-02
1.095195e-01;3.952941e-02;4.016431e-02;4.472969e-02;3.771647e-02;2.844092e-02;2.179887e-01;1.019511e-01;4.204622e-02;1.727205e-01;3.725846e-02;1.279347e-01
1.074735e-01;2.921399e-02;4.997527e-02;6.730023e-02;4.000605e-02;5.051136e-02;2.245840e-01;8.322118e-02;4.456020e-02;1.042853e-01;6.170757e-02;1.371613e-01
8.977743e-02;1.419922e-02;5.328485e-02;6.224041e-02;3.450055e-02;5.876449e-02;2.117852e-01;1.178364e-01;5.874011e-02;1.854344e-01;3.339965e-02;8.003737e-02
8.558899e-02;1.590292e-02;5.058055e-02;3.760562e-02;2.800818e-02;5.492917e-02;1.638370e-01;1.042411e-01;6.152149e-02;2.253941e-01;3.160223e-02;1.407886e-01
8.138062e-02;2.660051e-02;5.111771e-02;4.831921e-02;2.756129e-02;6.384134e-02;1.376935e-01;7.327569e-02;5.406329e-02;2.696272e-01;2.893844e-02;1.375813e-01
5.018659e-02;5.009762e-02;4.269790e-02;7.807805e-02;2.779293e-02;6.182463e-02;1.847739e-01;8.660474e-02;5.378980e-02;2.537773e-01;2.936299e-02;8.101363e-02
6.318638e-02;5.260317e-02;6.072858e-02;8.769739e-02;2.246568e-02;3.347172e-02;1.713697e-01;1.415074e-01;4.025751e-02;2.320110e-01;4.188057e-02;5.282090e-02
8.762132e-02;3.977837e-02;5.069524e-02;5.704043e-02;2.897792e-02;4.448796e-02;1.457833e-01;1.717938e-01;4.228569e-02;2.343294e-01;3.396109e-02;6.324546e-02
1.070246e-01;3.236044e-02;2.870259e-02;4.519899e-02;2.710387e-02;5.950894e-02;2.082268e-01;1.842775e-01;6.785312e-02;1.584584e-01;3.509464e-02;4.619015e-02
1.012526e-01;2.129552e-02;4.237318e-02;4.379152e-02;2.114623e-02;7.139447e-02;2.211949e-01;1.188649e-01;8.436453e-02;2.232257e-01;2.709248e-02;2.400397e-02
9.599631e-02;2.255508e-02;7.472960e-02;2.294545e-02;2.264424e-02;7.487095e-02;2.060163e-01;7.488523e-02;5.740011e-02;2.327768e-01;4.134789e-02;7.383209e-02
8.979943e-02;2.972791e-02;8.728544e-02;3.788668e-02;2.703302e-02;8.123375e-02;1.782387e-01;1.088545e-01;4.489549e-02;1.239402e-01;5.071220e-02;1.403927e-01
8.234507e-02;5.261630e-02;8.444280e-02;3.346700e-02;3.364239e-02;6.453530e-02;2.093870e-01;1.235610e-01;3.938099e-02;1.081998e-01;3.580706e-02;1.326153e-01
7.563684e-02;4.876315e-02;7.762855e-02;4.874691e-02;3.293474e-02;5.084394e-02;1.970691e-01;1.601121e-01;4.206307e-02;1.352072e-01;3.578416e-02;9.521017e-02
7.157278e-02;6.109426e-02;7.085100e-02;5.994665e-02;1.821720e-02;5.380046e-02;2.373805e-01;1.727070e-01;4.488011e-02;8.688816e-02;4.500565e-02;7.765619e-02
6.434795e-02;6.337272e-02;8.023670e-02;5.746833e-02;4.466762e-02;5.129887e-02;2.472368e-01;1.428865e-01;5.740603e-02;8.327418e-02;4.601462e-02;6.178972e-02
4.501586e-02;7.117374e-02;1.000977e-01;9.099162e-02;4.968194e-02;5.588200e-02;1.701935e-01;1.225493e-01;1.010339e-01;7.648814e-02;5.826286e-02;5.862940e-02
1.465741e-01;9.304438e-02;1.399995e-01;7.220257e-02;3.242755e-02;4.165589e-02;1.100989e-01;7.980489e-02;7.654153e-02;5.566077e-02;8.968318e-02;6.230665e-02
2.618220e-01;1.210408e-01;1.402730e-01;2.481260e-02;2.893578e-02;2.304486e-02;5.433645e-02;5.999163e-02;5.924822e-02;8.215181e-02;7.512825e-02;6.921455e-02
3.366343e-01;1.375242e-01;1.132995e-01;1.377781e-02;2.076749e-02;1.495924e-02;4.708611e-02;4.913502e-02;5.264324e-02;9.481186e-02;4.534207e-02;7.401917e-02
3.471286e-01;1.277490e-01;7.381155e-02;1.716541e-02;1.464448e-02;1.140070e-02;6.131208e-02;4.102851e-02;4.597195e-02;1.001907e-01;5.156609e-02;1.080309e-01
2.735912e-01;9.669594e-02;4.252061e-02;2.485760e-02;1.017570e-02;1.526101e-02;9.390602e-02;3.658001e-02;3.373371e-02;1.029411e-01;6.726329e-02;2.024738e-01
1.497211e-01;5.856773e-02;2.936297e-02;2.281659e-02;1.000548e-02;2.572989e-02;1.172881e-01;3.911260e-02;3.032952e-02;9.359621e-02;9.361678e-02;3.298530e-01
5.946223e-02;6.728381e-02;4.902252e-02;2.198205e-02;1.649875e-02;3.168485e-02;8.357859e-02;4.525273e-02;5.370020e-02;8.665667e-02;1.332123e-01;3.516653e-01
1.176012e-01;1.095106e-01;8.352397e-02;2.269728e-02;1.863902e-02;2.332159e-02;4.038813e-02;4.249475e-02;6.501486e-02;9.241510e-02;1.193486e-01;2.650450e-01
1.830814e-01;1.270545e-01;9.059280e-02;1.534830e-02;2.117456e-02;1.569212e-02;3.178408e-02;4.249907e-02;8.931099e-02;8.303366e-02;1.061333e-01;1.942952e-01
2.441094e-01;1.282462e-01;9.994790e-02;1.583548e-02;1.645926e-02;2.497875e-02;2.940165e-02;3.761639e-02;1.030316e-01;8.122150e-02;7.131204e-02;1.478399e-01
1.795793e-01;8.709228e-02;1.121906e-01;2.297489e-02;2.442373e-02;3.123360e-02;1.116564e-01;6.317735e-02;8.538891e-02;1.303272e-01;3.543042e-02;1.165253e-01
5.906460e-02;4.232628e-02;1.057640e-01;2.511993e-02;2.740695e-02;2.150386e-02;1.422125e-01;6.604287e-02;5.298688e-02;1.814534e-01;1.119994e-01;1.641194e-01
1.151990e-01;4.044865e-02;9.881797e-02;2.981613e-02;3.978129e-02;1.379124e-02;1.224080e-01;5.193175e-02;6.258187e-02;1.463499e-01;9.874213e-02;1.801321e-01
8.076626e-02;3.867510e-02;1.263522e-01;7.622717e-02;5.403839e-02;3.869359e-02;7.649963e-02;5.984757e-02;1.361941e-01;1.173881e-01;6.557959e-02;1.297384e-01
6.131355e-02;6.730881e-02;1.312156e-01;1.402826e-01;5.396314e-02;3.597118e-02;8.766434e-02;6.134292e-02;1.373400e-01;9.887498e-02;5.380020e-02;7.092276e-02
5.613356e-02;8.261400e-02;1.324823e-01;1.691068e-01;3.435472e-02;3.292136e-02;1.336169e-01;8.646707e-02;8.319763e-02;7.686300e-02;5.210244e-02;6.014020e-02
6.260763e-02;7.739224e-02;1.314004e-01;1.632652e-01;6.286343e-02;3.792978e-02;1.445961e-01;8.885439e-02;5.874311e-02;6.509882e-02;5.161231e-02;5.563663e-02
5.352766e-02;6.060938e-02;1.465215e-01;1.314138e-01;1.000418e-01;6.918124e-02;1.206859e-01;7.524596e-02;6.394608e-02;6.758969e-02;5.860813e-02;5.262892e-02
4.404508e-02;4.045080e-02;1.967307e-01;8.917829e-02;1.026648e-01;9.240993e-02;7.935809e-02;6.110163e-02;7.733940e-02;8.905669e-02;6.957210e-02;5.809250e-02
6.666069e-02;4.912154e-02;2.415246e-01;7.569946e-02;6.912092e-02;5.780077e-02;1.187071e-01;5.362011e-02;5.582398e-02;9.751330e-02;4.187682e-02;7.253072e-02
1.000832e-01;6.920675e-02;2.058592e-01;1.071889e-01;4.644878e-02;3.509066e-02;1.064795e-01;5.006815e-02;5.382995e-02;9.116813e-02;4.747251e-02;8.710424e-02
6.197820e-02;6.483087e-02;1.742799e-01;1.429380e-01;5.110899e-02;3.403845e-02;7.622709e-02;6.220845e-02;5.683196e-02;8.827265e-02;8.625277e-02;1.010326e-01
1.594002e-01;6.661472e-02;1.642710e-01;1.042289e-01;5.908200e-02;3.960589e-02;4.381637e-02;5.621168e-02;5.227065e-02;8.413289e-02;7.296909e-02;9.739668e-02
1.651238e-01;4.037248e-02;1.604982e-01;4.936895e-02;6.992851e-02;5.839884e-02;5.507866e-02;6.919548e-02;7.101703e-02;8.089472e-02;7.754498e-02;1.025783e-01
7.658165e-02;3.474764e-02;1.836258e-01;4.853793e-02;8.235409e-02;5.045561e-02;9.019728e-02;8.132273e-02;7.923570e-02;9.721875e-02;9.167762e-02;8.404519e-02
1.279824e-01;7.790951e-02;1.556136e-01;5.626163e-02;3.675078e-02;4.192781e-02;9.472348e-02;6.570400e-02;6.913711e-02;9.084226e-02;8.195425e-02;1.011933e-01
1.351674e-01;7.372528e-02;1.377157e-01;7.566388e-02;3.853137e-02;4.772723e-02;1.037876e-01;7.415162e-02;6.643376e-02;7.718624e-02;6.640052e-02;1.035094e-01
1.496365e-01;1.018279e-01;1.513701e-01;6.679984e-02;3.432748e-02;4.209463e-02;1.043158e-01;7.559835e-02;5.341608e-02;7.323100e-02;5.782355e-02;8.955885e-02
2.169027e-01;1.556751e-01;1.253241e-01;5.350114e-02;2.962893e-02;3.682755e-02;1.056529e-01;6.966840e-02;3.649700e-02;5.300663e-02;4.389387e-02;7.342168e-02
2.901517e-01;1.572062e-01;8.043908e-02;4.816781e-02;1.357893e-02;4.916815e-02;6.486434e-02;6.608892e-02;2.347105e-02;5.752232e-02;2.775257e-02;1.215889e-01
2.861918e-01;1.181124e-01;5.843684e-02;3.745750e-02;8.937407e-03;6.369147e-02;7.542112e-02;8.824463e-02;3.417097e-02;9.430306e-02;1.982097e-02;1.152118e-01
2.181466e-01;6.579480e-02;3.711906e-02;4.524983e-02;6.320899e-03;7.527915e-02;1.523224e-01;1.196459e-01;2.219081e-02;1.470221e-01;1.574785e-02;9.516058e-02
1.334042e-01;3.903535e-02;1.796111e-02;7.546677e-02;4.059024e-03;6.409631e-02;2.490573e-01;1.019840e-01;8.802297e-03;1.695154e-01;1.188519e-02;1.247330e-01
8.518292e-02;7.243440e-02;1.487034e-02;8.470291e-02;4.740000e-03;4.240693e-02;3.022552e-01;6.302437e-02;7.263335e-03;1.413501e-01;1.409840e-02;1.676711e-01
5.852173e-02;9.615481e-02;1.153076e-02;7.122125e-02;5.208436e-03;3.039544e-02;3.393800e-01;3.963257e-02;9.678196e-03;9.611800e-02;2.087180e-02;2.212870e-01
7.242888e-02;1.084266e-01;4.884891e-03;4.182911e-02;7.678746e-03;3.986424e-02;3.351483e-01;4.307540e-02;1.357000e-02;4.969965e-02;2.838548e-02;2.550087e-01
4.005438e-02;8.312000e-02;2.142903e-02;2.194169e-02;2.615646e-02;7.236391e-02;2.582386e-01;7.206143e-02;6.182711e-02;4.119142e-02;6.579481e-02;2.358212e-01
4.195172e-02;4.614168e-02;4.542524e-02;1.477578e-02;4.606477e-02;1.077423e-01;1.467959e-01;8.041314e-02;1.147707e-01;6.335590e-02;1.446309e-01;1.479319e-01
5.965772e-02;4.338800e-02;5.908108e-02;2.989848e-02;4.676967e-02;1.109148e-01;1.317713e-01;6.706727e-02;1.176310e-01;8.086890e-02;1.785410e-01;7.441080e-02
1.176922e-01;8.598685e-02;9.392192e-02;3.755958e-02;4.047934e-02;6.442384e-02;1.327142e-01;4.556572e-02;6.429247e-02;1.177545e-01;1.235463e-01;7.606305e-02
1.290305e-01;7.347919e-02;9.981268e-02;2.950997e-02;3.256615e-02;8.040945e-02;1.462716e-01;4.807266e-02;5.611076e-02;1.119115e-01;1.192432e-01;7.358244e-02
8.312272e-02;4.723206e-02;8.546317e-02;2.213154e-02;2.995234e-02;1.092126e-01;1.450905e-01;4.342983e-02;7.309762e-02;9.295374e-02;2.038101e-01;6.450375e-02
7.405090e-02;3.206974e-02;8.119029e-02;1.587655e-02;2.907309e-02;1.177277e-01;1.143202e-01;4.615425e-02;8.824218e-02;8.599309e-02;2.633979e-01;5.190418e-02
