1.137634e-01;1.233572e-01;1.432239e-01;6.440882e-02;8.692050e-02;6.602748e-02;5.165420e-02;8.726472e-02;3.991009e-02;3.961184e-02;9.887652e-02;8.498131e-02
1.249393e-01;1.138429e-01;1.463914e-01;6.158437e-02;7.030117e-02;4.769329e-02;1.102569e-01;1.164831e-01;3.076115e-02;4.311967e-02;5.731041e-02;7.731618e-02
1.162567e-01;6.086539e-02;1.925940e-01;6.080528e-02;3.694861e-02;7.027881e-02;1.451831e-01;1.115512e-01;3.300384e-02;4.214910e-02;3.859349e-02;9.177043e-02
8.284450e-02;5.319700e-02;2.216469e-01;6.563254e-02;2.182351e-02;7.533401e-02;1.162207e-01;8.258702e-02;6.784695e-02;5.376622e-02;4.100423e-02;1.180964e-01
6.143897e-02;7.574014e-02;1.783503e-01;6.847320e-02;6.355681e-02;6.874888e-02;1.141159e-01;7.768380e-02;9.090876e-02;4.921056e-02;2.980299e-02;1.219697e-01
5.490350e-02;6.033696e-02;1.689326e-01;7.550816e-02;1.173682e-01;4.617972e-02;8.300673e-02;7.672925e-02;7.971019e-02;9.319901e-02;5.861383e-02;8.551176e-02
5.995312e-02;6.859463e-02;1.788912e-01;5.821462e-02;9.085977e-02;8.280323e-02;8.355640e-02;6.871904e-02;9.211475e-02;1.055417e-01;5.167276e-02;5.907877e-02
6.462269e-02;8.317681e-02;1.798218e-01;3.991469e-02;5.859028e-02;7.808525e-02;1.039502e-01;9.209186e-02;8.202118e-02;8.219255e-02;7.468498e-02;6.084763e-02
8.996212e-02;9.144928e-02;1.748563e-01;3.810151e-02;5.592018e-02;4.955008e-02;9.632309e-02;1.136589e-01;6.591487e-02;9.399724e-02;7.472222e-02;5.554428e-02
8.600470e-02;1.068576e-01;2.024564e-01;5.516142e-02;6.494882e-02;5.196203e-02;8.894120e-02;9.305076e-02;5.651616e-02;7.462171e-02;6.760685e-02;5.187237e-02
4.997343e-02;1.248572e-01;2.038870e-01;7.440647e-02;6.522081e-02;6.003000e-02;1.077819e-01;7.711300e-02;3.911966e-02;5.974007e-02;5.611628e-02;8.175422e-02
9.679547e-02;8.232094e-02;1.592235e-01;6.575917e-02;7.788661e-02;5.352883e-02;1.002857e-01;5.350447e-02;5.126107e-02;8.665147e-02;5.905265e-02;1.137300e-01
8.506124e-02;7.127791e-02;1.478585e-01;5.225724e-02;8.936138e-02;7.176844e-02;8.296944e-02;5.618362e-02;7.934088e-02;9.112887e-02;5.934151e-02;1.134510e-01
5.719904e-02;6.203125e-02;1.476299e-01;4.564576e-02;7.220070e-02;6.520816e-02;1.141693e-01;9.256332e-02;1.161285e-01;6.255150e-02;8.711836e-02;7.755426e-02
6.674633e-02;5.815129e-02;1.388356e-01;3.536968e-02;5.206533e-02;4.665059e-02;1.314564e-01;1.051163e-01;1.584467e-01;6.237494e-02;8.199551e-02;6.279130e-02
1.270681e-01;9.773657e-02;1.204033e-01;4.660544e-02;5.955511e-02;6.110768e-02;1.512597e-01;5.610579e-02;7.845501e-02;6.269616e-02;7.663610e-02;6.237104e-02
1.072679e-01;7.459807e-02;1.535380e-01;4.026822e-02;8.036522e-02;6.086718e-02;2.206770e-01;4.423457e-02;6.136370e-02;4.971897e-02;5.301235e-02;5.408881e-02
1.217091e-01;5.620976e-02;1.732693e-01;3.976924e-02;1.059623e-01;6.579785e-02;1.959925e-01;2.918748e-02;6.259190e-02;4.461115e-02;4.817321e-02;5.672618e-02
1.374189e-01;5.095452e-02;1.661559e-01;3.918182e-02;1.372664e-01;8.668498e-02;1.408532e-01;1.640543e-02;5.643708e-02;3.731522e-02;5.666706e-02;7.465945e-02
1.513866e-01;6.384421e-02;1.311859e-01;3.395958e-02;1.295851e-01;1.013462e-01;1.176767e-01;2.879027e-02;3.809798e-02;3.677061e-02;7.508733e-02;9.226941e-02
1.833649e-01;5.916775e-02;6.518947e-02;5.321378e-02;8.756393e-02;1.274716e-01;1.470112e-01;7.038173e-02;1.814156e-02;5.231351e-02;6.851755e-02;6.766305e-02
1.731220e-01;5.283661e-02;2.485751e-02;7.960168e-02;5.863750e-02;1.512180e-01;1.972693e-01;1.047282e-01;2.573775e-02;6.652388e-02;3.834185e-02;2.712563e-02
1.332558e-01;6.233072e-02;2.424060e-02;9.513934e-02;5.216741e-02;1.751693e-01;2.464770e-01;9.753957e-02;1.960728e-02;5.774050e-02;1.396539e-02;2.236700e-02
1.093785e-01;7.293487e-02;2.938843e-02;9.059600e-02;5.832836e-02;2.049069e-01;2.859411e-01;6.498796e-02;1.120490e-02;4.265791e-02;7.850594e-03;2.182451e-02
1.076102e-01;7.248399e-02;6.443658e-02;8.222236e-02;6.898239e-02;1.739549e-01;2.916512e-01;3.860176e-02;1.375253e-02;3.792134e-02;1.805260e-02;3.033022e-02
1.128653e-01;6.508726e-02;1.196438e-01;1.006627e-01;7.807484e-02;1.148620e-01;2.435318e-01;4.287262e-02;1.603637e-02;3.941074e-02;2.094898e-02;4.600365e-02
1.106790e-01;4.165838e-02;1.799318e-01;1.109902e-01;8.062138e-02;1.178885e-01;1.631831e-01;4.619053e-02;3.684186e-02;4.269189e-02;2.657592e-02;4.274743e-02
1.040902e-01;4.943535e-02;1.362909e-01;9.355097e-02;8.990090e-02;1.391426e-01;2.137690e-01;4.184262e-02;3.422174e-02;3.887949e-02;2.685803e-02;3.201830e-02
1.175499e-01;7.429750e-02;8.474329e-02;8.169084e-02;8.449022e-02;1.291501e-01;2.638988e-01;3.338766e-02;2.516981e-02;2.610502e-02;3.365653e-02;4.586036e-02
1.165093e-01;7.461810e-02;4.137715e-02;9.524513e-02;4.313365e-02;1.072144e-01;3.219965e-01;3.728042e-02;3.416858e-02;2.693753e-02;4.937838e-02;5.214090e-02
1.200914e-01;4.433873e-02;2.491776e-02;1.052317e-01;5.162201e-02;1.038737e-01;3.176668e-01;6.369902e-02;2.020022e-02;3.775065e-02;5.898511e-02;5.162292e-02
6.233221e-02;5.263760e-02;7.230649e-02;6.608254e-02;1.023477e-01;8.041451e-02;1.929702e-01;1.000510e-01;8.291253e-02;9.478111e-02;4.563378e-02;4.753034e-02
3.403130e-02;4.040753e-02;7.077132e-02;6.427176e-02;9.427811e-02;1.009017e-01;1.645417e-01;1.147751e-01;1.268031e-01;1.103759e-01;3.805370e-02;4.078865e-02
3.754807e-02;3.460351e-02;5.991379e-02;6.136196e-02;8.497042e-02;1.100848e-01;1.646017e-01;1.298792e-01;1.464704e-01;1.001452e-01;3.276094e-02;3.765994e-02
4.666289e-02;3.152952e-02;4.991940e-02;5.272315e-02;7.100963e-02;1.079222e-01;1.704015e-01;1.315895e-01;1.743960e-01;9.390764e-02;2.402650e-02;4.591202e-02
5.171141e-02;3.711642e-02;1.030558e-01;5.309787e-02;6.266120e-02;7.141971e-02;1.712542e-01;1.025767e-01;1.688871e-01;9.717035e-02;4.200384e-02;3.904539e-02
5.071972e-02;5.965995e-02;1.820015e-01;5.952578e-02;7.480736e-02;5.305019e-02;1.903037e-01;6.720427e-02;7.991759e-02;8.138768e-02;6.007182e-02;4.135045e-02
5.663898e-02;5.682866e-02;1.571642e-01;8.048183e-02;5.349593e-02;4.167041e-02;1.984141e-01;7.944157e-02;1.080834e-01;8.168830e-02;5.524557e-02;3.084708e-02
8.628812e-02;3.438524e-02;1.065996e-01;1.118522e-01;3.723089e-02;2.532220e-02;1.576741e-01;1.173399e-01;1.600646e-01;9.723072e-02;5.120376e-02;1.480868e-02
1.258603e-01;1.340735e-02;1.122850e-01;1.183335e-01;2.918802e-02;9.855958e-03;8.580369e-02;1.604313e-01;1.774808e-01;1.066313e-01;5.506509e-02;5.657631e-03
1.291911e-01;2.611884e-02;1.404345e-01;9.775402e-02;3.634162e-02;1.031482e-02;9.654576e-02;1.539360e-01;1.415478e-01;1.034163e-01;5.705638e-02;7.342826e-03
1.102493e-01;5.755803e-02;1.330129e-01;8.553614e-02;4.293449e-02;2.546233e-02;1.465664e-01;1.244821e-01;1.149050e-01;8.875783e-02;5.509784e-02;1.543757e-02
9.654668e-02;7.958724e-02;1.034870e-01;5.902060e-02;5.395281e-02;5.421392e-02;2.838205e-01;9.263010e-02;6.509311e-02;5.444772e-02;3.550300e-02;2.169728e-02
5.494271e-02;1.380555e-01;7.620362e-02;2.680293e-02;5.344194e-02;5.221315e-02;4.076484e-01;6.110480e-02;4.078021e-02;3.774706e-02;3.732534e-02;1.373433e-02
4.452904e-02;1.359347e-01;1.323333e-01;3.362016e-02;3.928895e-02;3.217115e-02;3.665212e-01;7.979179e-02;4.931062e-02;4.123102e-02;2.640851e-02;1.885957e-02
6.654390e-02;7.547549e-02;1.696731e-01;7.429969e-02;3.152096e-02;3.242106e-02;2.579150e-01;8.866711e-02;8.201643e-02;6.356726e-02;2.749079e-02;3.040917e-02
9.093582e-02;3.849161e-02;1.965999e-01;1.014718e-01;5.298885e-02;2.931340e-02;1.567078e-01;5.344127e-02;1.038907e-01;1.031390e-01;4.366890e-02;2.935095e-02
8.411305e-02;8.295736e-02;2.504065e-01;6.975076e-02;8.670298e-02;1.836446e-02;6.395485e-02;2.698424e-02;5.834458e-02;1.462967e-01;5.583422e-02;5.629024e-02
8.766706e-02;1.073550e-01;1.353335e-01;2.925783e-02;1.219265e-01;1.739739e-02;4.509603e-02;4.031440e-02;2.848137e-02;1.937275e-01;9.239581e-02;1.010475e-01
5.022232e-02;1.207468e-01;4.080400e-02;1.765523e-02;1.353963e-01;2.275741e-02;4.579230e-02;7.413309e-02;4.083224e-02;2.254977e-01;1.190341e-01;1.071284e-01
1.855123e-02;1.369793e-01;2.588996e-02;2.638631e-02;1.523509e-01;4.004579e-02;5.847028e-02;1.004125e-01;5.278271e-02;2.166553e-01;1.079690e-01;6.350678e-02
1.734410e-02;1.490877e-01;3.839790e-02;3.703418e-02;1.978113e-01;4.819981e-02;6.229596e-02;8.892695e-02;3.535007e-02;1.955515e-01;9.476849e-02;3.523199e-02
2.013156e-02;1.754010e-01;4.081362e-02;5.365159e-02;2.284954e-01;2.961830e-02;4.151625e-02;5.549936e-02;2.444612e-02;2.149819e-01;8.301508e-02;3.242988e-02
1.504774e-02;1.930831e-01;3.031820e-02;6.293510e-02;2.339120e-01;2.161737e-02;2.974822e-02;2.383647e-02;2.789096e-02;2.310726e-01;7.781865e-02;5.271970e-02
4.712674e-02;1.879653e-01;3.021335e-02;5.032496e-02;2.259935e-01;2.535679e-02;2.444463e-02;2.294406e-02;3.004564e-02;2.364932e-01;7.473512e-02;4.435664e-02
9.036904e-02;2.069966e-01;2.853556e-02;4.824076e-02;2.038684e-01;2.370703e-02;2.040812e-02;1.578022e-02;4.142554e-02;2.355690e-01;5.952819e-02;2.557152e-02
1.230566e-01;2.435132e-01;2.279590e-02;6.393837e-02;1.705169e-01;1.655325e-02;2.526312e-02;1.453899e-02;5.157349e-02;2.058940e-01;5.008574e-02;1.227030e-02
1.682656e-01;2.059132e-01;3.517399e-02;8.470272e-02;1.379158e-01;1.680964e-02;5.003825e-02;1.651432e-02;8.393393e-02;1.548492e-01;3.859426e-02;7.288939e-03
2.004671e-01;1.200428e-01;6.125586e-02;9.699955e-02;1.048400e-01;1.666938e-02;9.317429e-02;3.403129e-02;1.231290e-01;1.050538e-01;2.953839e-02;1.479850e-02
1.523144e-01;5.218937e-02;9.402783e-02;9.852773e-02;7.935191e-02;4.101682e-02;1.411974e-01;6.055814e-02;1.498155e-01;7.787017e-02;3.378837e-02;1.934240e-02
6.766267e-02;3.102034e-02;1.353579e-01;8.520431e-02;6.011466e-02;9.087296e-02;1.540647e-01;7.733989e-02;1.461895e-01;8.544599e-02;3.959775e-02;2.712936e-02
2.345046e-02;3.224982e-02;1.793118e-01;5.398045e-02;3.848580e-02;1.105600e-01;1.436204e-01;1.399706e-01;1.043321e-01;8.474553e-02;2.871913e-02;6.057393e-02
1.087382e-02;3.137594e-02;1.910241e-01;1.858399e-02;3.603929e-02;7.531697e-02;1.940832e-01;1.849004e-01;8.113994e-02;8.308169e-02;2.785717e-02;6.572342e-02
9.709893e-03;4.351895e-02;2.048189e-01;2.806702e-02;3.621284e-02;2.978594e-02;2.209150e-01;1.865331e-01;7.424952e-02;7.992346e-02;3.020808e-02;5.605725e-02
2.044354e-02;5.414538e-02;1.970536e-01;3.541693e-02;4.381035e-02;1.771254e-02;2.615190e-01;1.668800e-01;5.742766e-02;6.878584e-02;3.540096e-02;4.140416e-02
2.952070e-02;6.084830e-02;1.678313e-01;4.148500e-02;5.518226e-02;1.953082e-02;3.049714e-01;1.496379e-01;4.177935e-02;7.169916e-02;3.125214e-02;2.626164e-02
5.792817e-02;3.182861e-02;1.618056e-01;5.074878e-02;4.738436e-02;2.167350e-02;2.216788e-01;1.525797e-01;5.548326e-02;7.237914e-02;4.071778e-02;8.579224e-02
4.918742e-02;3.716855e-02;2.000733e-01;4.506324e-02;4.301347e-02;2.216556e-02;1.434851e-01;1.328999e-01;5.716405e-02;6.585613e-02;6.383546e-02;1.400879e-01
5.726252e-02;4.766157e-02;2.173664e-01;5.206325e-02;2.962951e-02;4.222500e-02;1.253533e-01;1.170418e-01;6.863998e-02;4.913595e-02;4.384577e-02;1.497749e-01
1.268479e-01;2.697955e-02;1.690049e-01;1.130263e-01;2.950362e-02;4.912990e-02;8.124731e-02;8.547075e-02;1.314111e-01;4.627076e-02;2.834018e-02;1.127677e-01
2.484585e-01;2.073795e-02;9.143590e-02;1.589202e-01;3.808707e-02;2.757723e-02;6.310926e-02;3.802423e-02;1.834978e-01;6.284638e-02;2.612914e-02;4.117649e-02
3.081097e-01;4.185741e-02;5.209945e-02;1.405063e-01;6.039264e-02;1.249826e-02;7.693600e-02;2.071956e-02;1.612175e-01;7.951529e-02;2.786563e-02;1.828239e-02
2.781526e-01;7.327119e-02;4.042735e-02;1.132510e-01;1.014202e-01;1.405777e-02;8.056992e-02;2.364936e-02;1.107109e-01;1.149075e-01;3.557735e-02;1.400497e-02
2.078511e-01;1.304797e-01;3.189533e-02;1.018211e-01;1.347982e-01;1.956977e-02;6.867247e-02;2.699246e-02;6.675633e-02;1.557993e-01;4.117742e-02;1.418667e-02
1.645799e-01;1.409836e-01;3.584709e-02;8.712043e-02;1.416550e-01;2.237203e-02;5.660602e-02;2.280027e-02;8.986043e-02;1.776582e-01;4.591559e-02;1.460147e-02
1.264462e-01;8.937787e-02;6.431499e-02;7.331543e-02;1.067601e-01;4.993904e-02;1.025090e-01;2.819969e-02;1.524287e-01;1.460542e-01;3.932329e-02;2.133147e-02
7.571493e-02;5.166421e-02;6.852289e-02;7.037717e-02;5.410004e-02;5.588735e-02;2.038688e-01;3.955821e-02;1.750339e-01;1.324330e-01;5.070120e-02;2.213830e-02
2.658816e-02;1.616131e-02;6.265182e-02;5.830997e-02;4.651900e-02;4.220419e-02;2.676897e-01;3.881833e-02;1.783735e-01;1.728994e-01;6.973653e-02;2.004819e-02
5.357640e-02;2.417004e-02;5.941197e-02;4.039512e-02;5.207049e-02;4.193481e-02;2.606508e-01;3.228191e-02;1.461229e-01;1.888935e-01;7.821835e-02;2.227367e-02
5.527538e-02;2.345004e-02;6.712675e-02;4.750824e-02;6.109724e-02;6.553408e-02;2.259617e-01;5.110944e-02;1.157094e-01;1.893927e-01;7.268111e-02;2.515395e-02
4.186493e-02;2.827498e-02;6.477951e-02;6.457271e-02;1.240995e-01;6.532726e-02;1.628446e-01;1.172805e-01;4.328783e-02;1.905435e-01;6.686777e-02;3.025686e-02
3.039072e-02;3.283218e-02;6.177914e-02;6.807152e-02;1.542095e-01;3.310332e-02;8.819314e-02;1.065300e-01;7.964229e-02;2.530022e-01;5.821664e-02;3.402929e-02
2.557193e-02;5.384249e-02;3.276994e-02;4.771615e-02;1.982378e-01;2.781280e-02;4.432767e-02;5.350689e-02;5.862920e-02;3.602445e-01;5.551982e-02;4.182082e-02
1.345883e-02;7.298098e-02;1.630234e-02;3.664077e-02;2.097285e-01;3.249908e-02;1.474033e-02;4.733740e-02;3.041751e-02;3.899122e-01;6.939656e-02;6.658551e-02
2.255767e-02;6.825881e-02;1.593076e-02;5.197546e-02;1.844175e-01;3.296437e-02;2.457877e-02;3.701353e-02;4.281650e-02;3.444293e-01;8.563662e-02;8.942075e-02
3.158989e-02;5.091527e-02;4.716904e-02;7.815119e-02;1.517754e-01;3.629291e-02;6.387484e-02;2.753649e-02;9.067758e-02;2.463554e-01;7.651172e-02;9.915027e-02
3.277962e-02;3.388406e-02;7.307494e-02;1.198380e-01;1.088404e-01;3.214715e-02;8.529953e-02;3.057381e-02;1.810679e-01;1.252713e-01;1.020401e-01;7.518308e-02
5.670590e-02;1.470018e-02;5.819168e-02;1.345042e-01;5.268547e-02;2.010353e-02;7.904626e-02;4.276071e-02;2.391801e-01;1.086083e-01;1.610871e-01;3.242660e-02
6.982780e-02;2.504062e-02;4.723616e-02;1.025086e-01;5.829671e-02;2.277665e-02;1.004636e-01;4.645547e-02;2.083759e-01;1.347752e-01;1.436339e-01;4.060937e-02
4.183728e-02;8.026404e-02;4.172338e-02;5.277921e-02;9.758932e-02;2.697274e-02;7.657252e-02;4.659607e-02;1.355286e-01;1.853954e-01;1.047101e-01;1.100313e-01
2.647505e-02;1.430845e-01;2.853370e-02;2.243786e-02;1.216771e-01;2.880200e-02;4.904514e-02;5.293771e-02;7.811454e-02;2.171707e-01;7.270548e-02;1.590162e-01
7.919080e-02;1.349758e-01;5.106998e-02;3.948413e-02;1.141673e-01;2.707142e-02;5.499517e-02;3.845641e-02;7.601582e-02;1.735674e-01;7.806965e-02;1.329361e-01
1.196344e-01;7.063264e-02;9.782513e-02;5.853042e-02;9.311237e-02;3.249925e-02;1.139739e-01;5.433528e-02;9.416449e-02;1.109262e-01;8.482351e-02;6.954236e-02
8.122076e-02;1.123210e-01;8.886407e-02;5.581697e-02;7.033508e-02;3.222651e-02;2.019167e-01;8.908221e-02;8.236147e-02;6.448777e-02;7.400253e-02;4.736499e-02
4.948858e-02;1.478591e-01;7.081331e-02;4.086903e-02;6.851351e-02;3.704481e-02;2.373226e-01;8.022735e-02;5.464453e-02;7.306666e-02;7.160287e-02;6.854767e-02
1.022516e-01;1.477802e-01;7.164232e-02;3.419992e-02;8.015459e-02;5.163079e-02;1.536240e-01;5.713644e-02;3.417084e-02;8.565228e-02;7.869335e-02;1.030636e-01
1.323315e-01;1.092642e-01;6.690592e-02;3.439924e-02;1.194813e-01;6.324889e-02;6.556869e-02;4.494872e-02;3.524602e-02;9.191316e-02;7.832106e-02;1.583713e-01
9.318682e-02;5.414876e-02;6.974459e-02;3.926278e-02;1.365772e-01;6.661908e-02;9.127932e-02;3.928131e-02;5.014874e-02;1.021995e-01;9.081829e-02;1.667336e-01
1.077076e-01;5.527035e-02;7.007483e-02;4.441985e-02;1.167494e-01;6.193633e-02;1.059242e-01;3.595984e-02;6.104976e-02;1.029369e-01;8.673152e-02;1.512394e-01
1.069094e-01;1.141281e-01;8.730371e-02;5.455870e-02;1.240915e-01;6.616372e-02;6.201589e-02;5.248343e-02;7.185651e-02;6.554819e-02;7.865576e-02;1.162851e-01
1.061881e-01;1.068388e-01;9.670093e-02;5.119145e-02;9.313523e-02;7.764232e-02;1.267426e-01;7.231169e-02;8.847807e-02;6.881610e-02;5.428943e-02;5.766528e-02
1.343040e-01;8.720417e-02;8.516566e-02;5.078375e-02;8.026525e-02;7.896891e-02;1.649714e-01;5.072042e-02;9.344124e-02;9.935861e-02;2.958125e-02;4.523542e-02
1.216332e-01;1.219966e-01;7.784602e-02;4.862375e-02;7.720781e-02;6.847639e-02;1.511456e-01;5.293216e-02;1.062160e-01;1.025606e-01;2.376820e-02;4.759364e-02
1.366886e-01;1.266351e-01;5.839269e-02;6.423759e-02;6.896534e-02;7.479657e-02;1.610837e-01;4.211719e-02;9.939588e-02;1.004286e-01;2.998859e-02;3.727009e-02
1.504086e-01;9.592482e-02;4.157915e-02;7.888732e-02;6.997336e-02;9.787193e-02;1.684415e-01;4.568336e-02;4.925581e-02;1.474912e-01;3.277775e-02;2.170519e-02
1.498521e-01;6.808247e-02;5.638568e-02;8.503038e-02;7.246125e-02;8.297180e-02;1.829390e-01;5.729936e-02;3.914124e-02;1.690393e-01;2.121582e-02;1.558155e-02
1.418362e-01;6.281442e-02;8.932806e-02;8.469738e-02;7.142985e-02;7.652941e-02;2.023636e-01;5.648075e-02;3.007302e-02;1.491081e-01;1.647866e-02;1.886051e-02
1.508871e-01;5.963567e-02;7.632419e-02;7.382862e-02;6.833219e-02;9.415799e-02;1.974902e-01;4.948800e-02;4.710109e-02;1.461723e-01;1.852135e-02;1.806130e-02
1.546721e-01;8.262324e-02;6.249414e-02;5.602594e-02;8.304484e-02;9.479707e-02;1.778502e-01;4.521310e-02;5.547329e-02;1.415658e-01;2.753679e-02;1.870339e-02
1.081887e-01;9.896429e-02;7.841241e-02;4.592833e-02;9.886208e-02;8.490936e-02;1.645584e-01;8.307449e-02;5.334521e-02;1.263858e-01;2.730067e-02;3.007032e-02
7.662494e-02;7.243439e-02;8.798540e-02;5.799302e-02;8.806767e-02;7.292785e-02;2.050921e-01;1.015323e-01;6.396695e-02;1.039942e-01;2.708198e-02;4.229934e-02
6.410313e-02;6.974120e-02;1.044572e-01;6.781601e-02;7.014331e-02;5.220568e-02;2.009448e-01;1.421035e-01;7.493757e-02;7.485272e-02;4.086972e-02;3.782511e-02
5.232371e-02;1.410472e-01;7.700022e-02;7.918862e-02;6.942954e-02;6.495851e-02;1.472763e-01;1.550870e-01;7.430851e-02;7.144815e-02;4.355051e-02;2.438179e-02
6.599550e-02;1.496981e-01;1.089164e-01;7.250032e-02;7.450177e-02;7.094311e-02;1.172616e-01;1.189108e-01;7.783861e-02;7.981301e-02;3.980803e-02;2.381269e-02
7.709619e-02;7.883525e-02;1.063169e-01;5.476283e-02;7.887083e-02;8.349469e-02;1.891274e-01;8.366101e-02;7.451344e-02;8.632210e-02;4.146149e-02;4.553790e-02
9.014603e-02;8.814056e-02;7.471038e-02;3.639360e-02;1.122313e-01;8.319444e-02;1.608669e-01;7.557587e-02;9.881832e-02;6.881123e-02;3.736783e-02;7.374357e-02
1.001584e-01;7.441733e-02;6.221107e-02;8.059097e-02;1.079641e-01;7.473781e-02;1.213173e-01;1.075983e-01;1.012451e-01;7.381431e-02;1.889664e-02;7.704865e-02
1.114095e-01;9.462358e-02;6.809798e-02;9.783328e-02;7.343378e-02;6.299222e-02;1.178804e-01;1.218833e-01;7.364396e-02;5.582297e-02;3.516784e-02;8.721110e-02
6.015203e-02;6.131228e-02;9.989384e-02;6.661496e-02;5.060304e-02;9.276025e-02;1.389016e-01;1.442883e-01;1.017384e-01;5.256560e-02;6.155308e-02;6.961661e-02
7.522207e-02;4.791736e-02;1.064879e-01;5.616171e-02;4.424880e-02;9.308200e-02;1.504081e-01;1.350010e-01;1.170781e-01;2.861651e-02;7.010723e-02;7.566922e-02
1.025130e-01;4.375131e-02;9.875150e-02;4.683415e-02;5.408950e-02;8.892067e-02;1.379426e-01;1.295186e-01;1.215246e-01;3.789391e-02;6.996606e-02;6.829415e-02
7.972957e-02;4.926813e-02;1.175400e-01;4.698161e-02;7.293375e-02;7.983007e-02;1.991469e-01;1.007010e-01;8.392915e-02;5.194252e-02;6.135177e-02;5.664556e-02
7.023312e-02;8.303534e-02;1.045764e-01;6.130973e-02;9.330086e-02;4.162026e-02;1.347449e-01;7.504836e-02;8.754776e-02;1.331308e-01;6.347058e-02;5.198179e-02
4.820825e-02;1.026783e-01;6.991125e-02;7.818808e-02;1.107770e-01;3.942828e-02;7.695459e-02;5.937278e-02;1.239044e-01;1.789847e-01;6.727623e-02;4.431626e-02
5.393511e-02;8.820659e-02;8.015734e-02;9.865414e-02;1.099465e-01;3.193944e-02;8.805621e-02;4.598843e-02;1.501610e-01;1.714232e-01;5.962390e-02;2.190820e-02
8.724166e-02;3.489180e-02;9.560524e-02;1.279601e-01;7.397399e-02;1.713242e-02;1.147201e-01;4.850278e-02;2.048905e-01;1.143619e-01;7.153713e-02;9.182309e-03
9.218260e-02;2.301705e-02;8.419188e-02;1.308071e-01;3.965772e-02;1.837816e-02;1.195037e-01;7.164408e-02;2.315817e-01;6.707373e-02;1.122531e-01;9.709199e-03
7.769132e-02;3.376053e-02;9.653298e-02;1.075321e-01;2.742397e-02;3.317499e-02;1.268214e-01;8.105610e-02;2.205432e-01;5.778856e-02;1.181621e-01;1.951275e-02
4.614574e-02;2.934917e-02;1.136244e-01;7.701612e-02;2.684904e-02;6.370027e-02;1.355898e-01;8.478755e-02;1.926821e-01;8.892617e-02;1.002090e-01;4.112067e-02
3.137035e-02;2.646167e-02;1.086462e-01;3.677898e-02;2.181147e-02;9.340686e-02;2.002970e-01;1.394784e-01;1.067531e-01;1.073729e-01;7.593267e-02;5.169038e-02
2.361832e-02;1.615823e-02;1.263162e-01;1.755312e-02;1.302827e-02;7.086983e-02;2.182982e-01;1.806064e-01;5.459108e-02;1.137778e-01;5.317629e-02;1.120063e-01
2.298709e-02;1.796343e-02;1.561244e-01;2.079486e-02;1.082052e-02;3.167706e-02;2.107373e-01;1.852388e-01;4.551633e-02;1.120796e-01;3.593522e-02;1.501254e-01
2.856040e-02;3.646596e-02;1.905239e-01;2.136337e-02;2.594878e-02;1.610831e-02;2.431183e-01;1.680481e-01;3.565745e-02;7.074445e-02;2.761471e-02;1.358464e-01
7.549785e-02;7.861696e-02;2.048735e-01;2.186906e-02;4.272053e-02;1.588852e-02;2.746841e-01;1.247817e-01;2.214860e-02;1.881857e-02;4.595045e-02;7.415022e-02
1.018207e-01;1.451156e-01;1.506942e-01;1.658620e-02;4.891727e-02;2.044078e-02;3.057320e-01;7.125533e-02;2.882314e-02;1.865342e-02;6.773687e-02;2.422445e-02
1.127624e-01;2.026404e-01;9.015166e-02;1.058916e-02;4.017694e-02;2.972446e-02;3.204879e-01;3.733758e-02;4.019536e-02;1.775271e-02;6.521884e-02;3.296262e-02
1.272974e-01;2.177748e-01;4.948120e-02;1.899602e-02;3.255211e-02;4.003532e-02;3.052962e-01;2.833489e-02;4.117450e-02;3.299859e-02;4.077005e-02;6.528905e-02
1.631138e-01;1.790351e-01;5.240268e-02;3.410726e-02;3.285528e-02;6.232222e-02;2.401989e-01;3.338718e-02;3.494857e-02;6.265727e-02;2.612898e-02;7.884280e-02
1.825437e-01;1.436118e-01;7.921516e-02;4.114155e-02;4.691245e-02;7.484546e-02;1.713746e-01;3.332587e-02;5.676476e-02;7.624436e-02;2.333358e-02;7.068671e-02
1.543129e-01;1.288450e-01;1.238302e-01;4.091949e-02;7.151863e-02;6.818033e-02;1.080755e-01;5.988554e-02;9.643012e-02;5.893877e-02;2.557110e-02;6.349251e-02
6.942493e-02;1.128066e-01;1.060851e-01;4.693794e-02;5.866924e-02;8.563376e-02;1.853890e-01;6.643163e-02;9.504058e-02;5.361087e-02;4.051913e-02;7.945126e-02
9.842741e-02;9.265076e-02;8.661027e-02;3.758128e-02;5.624975e-02;9.048216e-02;2.135836e-01;5.053700e-02;6.323760e-02;7.463667e-02;5.218436e-02;8.381912e-02
9.092177e-02;6.816632e-02;5.962721e-02;3.481213e-02;5.362676e-02;8.879129e-02;2.278107e-01;6.886036e-02;6.170284e-02;9.947854e-02;4.052674e-02;1.056753e-01
1.086812e-01;5.741216e-02;4.149077e-02;3.115208e-02;3.889235e-02;8.426457e-02;2.303925e-01;9.409231e-02;7.377563e-02;8.345202e-02;4.879049e-02;1.076039e-01
1.075167e-01;7.223511e-02;6.874345e-02;3.875928e-02;4.629958e-02;8.011813e-02;1.922351e-01;9.391320e-02;7.835683e-02;5.192416e-02;5.249726e-02;1.174012e-01
7.473781e-02;1.135895e-01;8.385597e-02;4.348152e-02;6.241441e-02;8.135166e-02;1.507644e-01;8.530845e-02;8.908565e-02;4.590291e-02;4.332899e-02;1.261787e-01
6.937944e-02;1.551068e-01;8.652227e-02;5.385262e-02;5.623204e-02;8.121254e-02;1.292817e-01;7.044624e-02;8.296798e-02;6.813357e-02;4.873881e-02;9.812596e-02
9.337993e-02;1.637863e-01;8.492757e-02;8.124868e-02;5.364344e-02;6.403802e-02;1.150666e-01;7.832421e-02;8.249577e-02;6.979626e-02;5.073549e-02;6.255770e-02
8.254384e-02;1.486593e-01;1.205143e-01;6.326697e-02;4.832829e-02;6.927910e-02;1.189438e-01;8.777747e-02;7.145226e-02;5.257264e-02;7.617381e-02;6.048829e-02
6.013980e-02;8.426927e-02;1.665960e-01;5.079338e-02;5.449170e-02;4.322812e-02;9.477860e-02;8.588476e-02;1.264994e-01;6.207110e-02;7.185140e-02;9.939648e-02
5.851014e-02;5.151492e-02;1.947852e-01;6.171776e-02;3.840357e-02;2.571514e-02;8.944987e-02;1.002912e-01;1.583739e-01;4.878080e-02;5.057425e-02;1.218832e-01
2.847059e-02;3.261924e-02;2.159778e-01;7.718031e-02;2.138173e-02;1.879804e-02;8.701026e-02;1.269129e-01;1.748760e-01;4.492689e-02;4.178084e-02;1.300653e-01
1.130815e-01;2.056437e-02;1.914691e-01;1.198078e-01;2.519940e-02;1.519442e-02;5.689952e-02;1.184531e-01;1.930826e-01;3.348901e-02;2.166262e-02;9.109666e-02
2.140116e-01;5.727892e-02;9.837113e-02;1.775147e-01;4.729984e-02;1.426962e-02;3.344217e-02;5.840697e-02;2.433144e-01;2.394308e-02;1.086793e-02;2.127959e-02
2.187510e-01;8.926463e-02;5.223504e-02;2.081046e-01;6.889918e-02;7.141200e-03;3.470278e-02;1.308647e-02;2.601933e-01;2.487039e-02;1.443700e-02;8.314468e-03
1.538366e-01;6.002930e-02;5.050324e-02;2.007198e-01;1.525760e-01;1.531929e-02;4.973821e-02;2.182616e-02;2.381811e-01;3.437079e-02;1.354690e-02;9.352625e-03
8.891305e-02;2.387254e-02;3.669146e-02;1.579121e-01;2.763217e-01;5.807029e-02;8.117280e-02;2.162600e-02;1.921084e-01;4.357925e-02;1.147335e-02;8.259083e-03
5.501487e-02;7.330175e-03;2.699524e-02;1.361998e-01;2.751158e-01;9.137700e-02;1.272707e-01;5.043666e-02;1.627330e-01;4.988347e-02;9.867704e-03;7.775626e-03
5.548072e-02;8.515474e-03;3.953382e-02;1.396842e-01;1.674864e-01;6.969022e-02;1.674053e-01;1.022116e-01;1.603248e-01;7.050905e-02;1.252959e-02;6.628805e-03
6.874073e-02;9.970970e-03;8.155943e-02;1.340836e-01;8.811054e-02;2.012821e-02;1.897015e-01;8.326171e-02;1.852499e-01;1.053655e-01;2.790803e-02;5.919846e-03
7.861922e-02;1.957471e-02;1.010978e-01;1.299085e-01;6.163141e-02;2.023420e-02;1.720581e-01;4.821743e-02;2.126579e-01;9.164323e-02;5.128743e-02;1.307004e-02
7.858228e-02;2.788001e-02;5.703874e-02;1.428479e-01;5.940612e-02;3.464852e-02;1.229368e-01;5.100112e-02;2.392700e-01;8.021144e-02;8.285400e-02;2.332306e-02
6.733987e-02;5.598711e-02;1.058161e-01;1.097282e-01;6.539812e-02;5.944571e-02;8.191053e-02;6.009470e-02;1.778203e-01;7.968497e-02;9.451148e-02;4.226300e-02
7.400872e-02;9.636948e-02;1.445082e-01;5.584490e-02;5.280576e-02;7.751910e-02;1.043385e-01;8.915904e-02;1.345423e-01;6.713153e-02;7.085384e-02;3.291860e-02
6.071907e-02;1.435910e-01;1.519810e-01;4.923168e-02;3.896914e-02;8.281639e-02;1.392973e-01;9.238906e-02;1.232103e-01;6.292926e-02;2.849243e-02;2.637339e-02
2.388108e-02;1.594935e-01;1.820404e-01;7.011426e-02;3.798121e-02;7.973122e-02;1.472792e-01;9.825184e-02;9.543083e-02;5.734327e-02;1.957492e-02;2.887835e-02
1.322789e-02;1.135296e-01;2.073880e-01;4.688329e-02;3.968341e-02;7.557704e-02;1.953006e-01;1.338064e-01;6.979585e-02;5.297155e-02;2.244902e-02;2.938741e-02
1.357660e-02;6.189063e-02;1.856117e-01;2.980540e-02;3.343877e-02;5.730426e-02;2.990542e-01;1.725498e-01;4.061127e-02;5.701447e-02;2.177511e-02;2.736768e-02
1.729777e-02;4.369328e-02;1.260980e-01;4.056729e-02;5.612723e-02;4.197014e-02;3.852747e-01;1.569984e-01;5.398370e-02;4.427892e-02;1.981119e-02;1.389924e-02
2.919381e-02;4.898647e-02;6.254916e-02;5.052144e-02;7.711438e-02;5.657681e-02;4.530888e-01;1.029761e-01;5.960793e-02;3.532172e-02;1.699558e-02;7.067715e-03
5.810557e-02;7.323843e-02;4.245406e-02;4.125687e-02;8.414623e-02;9.499691e-02;4.151809e-01;6.733707e-02;4.563290e-02;4.362454e-02;1.998419e-02;1.404237e-02
8.335908e-02;8.228614e-02;6.006738e-02;4.371297e-02;1.160225e-01;1.090386e-01;2.871266e-01;6.648085e-02;5.956139e-02;5.008895e-02;2.238905e-02;1.986649e-02
1.186074e-01;7.017776e-02;9.091264e-02;4.719758e-02;1.943750e-01;9.575284e-02;1.242496e-01;6.768389e-02;9.196217e-02;5.811283e-02;1.499985e-02;2.596838e-02
1.017311e-01;4.701473e-02;6.707054e-02;5.965590e-02;1.992491e-01;7.958087e-02;2.027769e-01;4.330758e-02;1.031634e-01;4.360312e-02;1.280668e-02;4.004005e-02
8.053724e-02;4.168898e-02;6.229124e-02;6.816839e-02;1.985381e-01;7.217347e-02;1.622812e-01;8.399735e-02;1.142385e-01;4.327333e-02;1.601495e-02;5.679721e-02
5.936841e-02;3.103439e-02;7.662444e-02;7.518186e-02;1.726209e-01;7.100391e-02;1.093070e-01;1.237928e-01;1.420945e-01;4.892926e-02;2.594858e-02;6.409382e-02
6.463424e-02;4.482271e-02;9.168576e-02;6.277645e-02;1.512856e-01;6.700689e-02;1.015810e-01;1.369230e-01;1.417092e-01;5.086572e-02;2.653021e-02;6.017928e-02
6.647588e-02;4.622291e-02;1.134146e-01;4.278160e-02;1.327538e-01;7.161967e-02;1.215595e-01;1.478588e-01;1.192285e-01;5.157355e-02;2.216615e-02;6.434508e-02
7.813288e-02;4.546007e-02;1.585265e-01;2.555296e-02;1.358157e-01;6.845779e-02;1.264218e-01;1.255300e-01;1.097062e-01;3.997921e-02;2.123030e-02;6.518663e-02
1.008181e-01;5.167118e-02;1.599600e-01;1.799177e-02;1.304470e-01;5.869943e-02;1.161378e-01;9.353592e-02;1.400599e-01;3.315207e-02;2.480120e-02;7.272557e-02
1.182945e-01;8.805098e-02;1.414055e-01;3.538368e-02;1.123903e-01;5.732101e-02;1.186826e-01;6.545714e-02;1.344646e-01;2.739641e-02;2.080099e-02;8.035231e-02
1.184334e-01;9.379093e-02;1.446903e-01;5.155130e-02;1.026022e-01;5.587448e-02;1.138864e-01;7.369745e-02;1.065726e-01;3.747282e-02;2.437738e-02;7.705063e-02
1.096636e-01;7.633606e-02;1.925667e-01;6.553260e-02;9.916645e-02;4.035920e-02;1.320424e-01;8.860122e-02;7.206412e-02;3.554221e-02;3.190836e-02;5.621710e-02
1.193715e-01;7.921387e-02;2.304958e-01;5.714614e-02;7.733645e-02;3.394159e-02;1.426504e-01;1.081741e-01;3.656285e-02;2.964831e-02;2.567124e-02;5.978787e-02
9.549619e-02;9.426922e-02;1.807703e-01;4.355526e-02;7.476288e-02;4.164342e-02;1.366022e-01;1.244497e-01;5.461129e-02;2.697420e-02;2.798507e-02;9.888025e-02
8.842620e-02;8.282425e-02;8.702063e-02;3.335031e-02;6.253769e-02;7.115669e-02;1.624284e-01;1.211454e-01;9.279117e-02;5.437100e-02;3.164119e-02;1.123071e-01
5.385271e-02;7.598823e-02;8.513905e-02;4.152578e-02;4.869650e-02;9.969701e-02;1.867479e-01;1.088092e-01;1.053650e-01;7.287066e-02;3.191411e-02;8.939382e-02
4.744744e-02;8.575308e-02;9.667762e-02;8.376928e-02;6.111532e-02;9.103561e-02;1.659461e-01;8.190243e-02;1.184033e-01;7.950300e-02;3.564716e-02;5.279958e-02
5.122120e-02;8.949717e-02;7.364050e-02;1.264441e-01;8.017736e-02;7.254515e-02;1.014857e-01;1.018935e-01;1.221205e-01;6.835590e-02;3.572156e-02;7.689740e-02
6.851146e-02;8.665618e-02;5.639898e-02;1.268286e-01;9.770881e-02;6.267340e-02;9.053437e-02;1.114327e-01;1.325883e-01;6.438074e-02;3.186914e-02;7.041736e-02
8.814344e-02;8.962788e-02;4.712154e-02;8.704863e-02;8.202779e-02;5.416230e-02;9.152701e-02;1.161105e-01;1.618462e-01;7.245848e-02;6.086025e-02;4.906598e-02
9.592272e-02;8.916785e-02;4.531521e-02;5.385419e-02;6.696340e-02;6.602147e-02;8.232201e-02;1.360154e-01;1.329837e-01;9.350421e-02;6.197208e-02;7.595776e-02
1.141063e-01;7.170303e-02;9.213877e-02;1.113019e-01;7.346838e-02;6.640048e-02;1.085053e-01;1.186716e-01;6.867561e-02;8.663091e-02;4.242235e-02;4.597538e-02
9.931348e-02;4.614209e-02;1.249998e-01;1.133339e-01;8.265212e-02;5.796059e-02;1.365906e-01;1.131950e-01;6.731828e-02;4.828395e-02;5.957625e-02;5.063396e-02
8.475407e-02;6.080030e-02;1.003634e-01;8.143869e-02;7.748704e-02;8.097762e-02;1.155752e-01;1.026174e-01;6.792485e-02;5.627844e-02;8.690777e-02;8.487523e-02
5.389304e-02;8.701950e-02;1.051191e-01;7.314381e-02;8.005295e-02;1.015998e-01;8.647788e-02;9.152142e-02;5.942257e-02;6.192683e-02;1.014238e-01;9.839936e-02
6.258474e-02;9.051444e-02;1.269432e-01;8.058226e-02;7.097813e-02;1.064640e-01;1.188022e-01;9.759984e-02;5.206676e-02;6.503314e-02;5.475461e-02;7.367667e-02
7.798021e-02;7.431112e-02;1.492928e-01;6.708320e-02;7.332437e-02;1.019361e-01;1.052547e-01;1.040495e-01;5.673949e-02;8.289295e-02;5.058547e-02;5.655004e-02
6.068281e-02;7.605253e-02;1.408321e-01;4.877235e-02;8.385675e-02;1.210751e-01;8.431326e-02;8.749136e-02;9.160826e-02;7.822333e-02;7.296763e-02;5.412453e-02
9.673962e-02;8.771623e-02;1.049907e-01;6.735618e-02;6.746884e-02;5.951093e-02;1.203972e-01;7.275080e-02;8.007862e-02;9.310228e-02;7.806248e-02;7.182613e-02
9.202618e-02;1.036243e-01;1.328292e-01;6.527870e-02;6.700391e-02;4.068800e-02;1.561852e-01;6.702162e-02;5.977099e-02;1.062251e-01;6.054968e-02;4.879718e-02
7.325022e-02;1.272519e-01;1.067296e-01;5.951553e-02;4.780404e-02;5.198150e-02;1.498297e-01;7.246458e-02;9.428518e-02;1.021581e-01;5.848466e-02;5.624484e-02
1.032186e-01;1.096832e-01;7.436275e-02;7.294931e-02;3.127424e-02;4.268467e-02;1.704228e-01;7.741269e-02;1.204569e-01;1.065192e-01;5.199083e-02;3.902473e-02
1.448756e-01;7.348447e-02;7.004366e-02;8.085344e-02;4.200192e-02;3.128373e-02;1.560744e-01;6.224360e-02;1.141652e-01;1.401036e-01;6.241868e-02;2.245174e-02
1.667716e-01;5.943670e-02;8.143482e-02;7.924963e-02;6.438109e-02;3.463311e-02;1.256477e-01;3.364455e-02;6.576132e-02;1.921086e-01;8.134409e-02;1.558681e-02
1.508448e-01;4.429932e-02;9.270082e-02;7.678892e-02;9.224932e-02;4.218223e-02;9.744473e-02;1.772850e-02;6.177196e-02;2.133621e-01;9.621564e-02;1.441172e-02
6.780598e-02;4.448048e-02;5.311991e-02;6.877776e-02;1.554585e-01;4.566608e-02;5.160535e-02;3.315510e-02;9.806727e-02;2.681622e-01;9.465424e-02;1.904726e-02
2.752022e-02;4.732773e-02;1.979068e-02;4.363632e-02;1.910194e-01;6.949395e-02;3.251924e-02;6.647429e-02;7.475816e-02;2.892483e-01;1.129712e-01;2.524051e-02
1.911476e-02;3.420410e-02;2.819331e-02;1.990005e-02;1.598639e-01;1.634617e-01;7.231309e-02;6.556229e-02;2.764709e-02;2.036865e-01;1.764144e-01;2.963888e-02
4.379488e-02;1.971732e-02;4.095510e-02;2.312086e-02;1.409277e-01;2.159622e-01;9.619939e-02;3.785767e-02;1.277209e-02;1.079141e-01;1.938521e-01;6.692652e-02
1.329826e-01;2.869415e-02;6.379513e-02;3.621995e-02;9.780569e-02;1.687439e-01;1.035970e-01;3.322380e-02;9.827867e-03;6.628092e-02;1.429304e-01;1.158986e-01
3.241093e-01;5.971834e-02;7.667134e-02;4.537250e-02;4.594026e-02;8.163184e-02;7.770529e-02;5.232276e-02;1.042367e-02;5.099113e-02;6.001479e-02;1.150988e-01
4.739791e-01;9.896932e-02;7.708755e-02;2.134907e-02;3.541049e-02;3.805038e-02;5.692737e-02;5.770530e-02;1.885332e-02;4.172389e-02;1.837784e-02;6.156640e-02
5.003284e-01;1.102781e-01;5.823392e-02;1.086448e-02;6.026144e-02;2.280956e-02;3.721745e-02;5.292615e-02;1.566184e-02;3.528599e-02;4.051386e-02;5.561889e-02
4.118018e-01;2.073181e-01;9.170623e-02;1.100151e-02;6.688387e-02;2.617966e-02;1.552751e-02;4.305360e-02;3.115372e-02;3.158189e-02;3.145177e-02;3.234033e-02
2.197237e-01;3.627637e-01;1.807532e-01;9.672126e-03;3.779032e-02;4.512656e-02;1.635337e-02;2.584917e-02;5.888461e-02;1.995483e-02;1.517917e-02;7.949203e-03
1.031209e-01;3.712473e-01;3.027813e-01;1.776149e-02;1.131800e-02;4.977012e-02;9.758824e-03;1.124323e-02;8.179547e-02;2.569916e-02;6.400137e-03;9.104035e-03
3.458176e-02;2.714521e-01;4.208796e-01;3.224248e-02;2.470470e-02;2.513484e-02;3.475381e-02;8.341062e-03;8.554795e-02;4.321643e-02;8.206517e-03;1.093882e-02
4.798734e-02;1.783053e-01;3.651579e-01;3.654092e-02;2.865187e-02;5.700946e-02;7.538234e-02;1.582576e-02;1.111325e-01;5.163479e-02;1.340230e-02;1.896950e-02
7.706255e-02;1.531025e-01;2.768271e-01;3.266758e-02;1.594341e-02;9.155259e-02;7.036978e-02;3.467759e-02;1.575397e-01;4.599613e-02;2.122255e-02;2.303858e-02
1.445617e-01;1.262632e-01;2.008350e-01;2.442197e-02;3.214620e-02;8.713629e-02;3.946165e-02;7.119440e-02;1.730021e-01;4.301073e-02;3.155501e-02;2.641175e-02
1.855092e-01;9.803720e-02;1.247655e-01;3.372845e-02;4.983053e-02;4.202208e-02;4.636472e-02;1.033304e-01;1.479363e-01;5.280989e-02;5.208467e-02;6.358101e-02
1.502028e-01;8.146897e-02;8.557030e-02;5.101500e-02;5.032814e-02;2.489270e-02;9.336942e-02;9.074349e-02;1.068592e-01;7.178832e-02;6.540990e-02;1.283517e-01
1.016206e-01;7.807463e-02;8.595788e-02;5.647428e-02;5.003093e-02;4.366728e-02;9.689668e-02;6.832309e-02;9.363522e-02;9.651693e-02;1.047334e-01;1.240690e-01
5.532750e-02;9.312287e-02;1.062440e-01;5.127513e-02;6.185937e-02;5.434542e-02;8.572375e-02;5.922848e-02;1.134126e-01;1.367929e-01;1.285821e-01;5.408602e-02
4.395309e-02;9.543772e-02;9.754059e-02;7.034850e-02;8.148852e-02;7.202692e-02;9.066388e-02;7.148402e-02;9.207497e-02;1.301392e-01;1.056130e-01;4.922958e-02
7.117053e-02;5.953872e-02;1.342145e-01;6.709050e-02;8.803632e-02;6.336638e-02;7.095922e-02;5.632227e-02;8.498682e-02;1.329793e-01;1.087886e-01;6.254691e-02
4.801317e-02;4.574746e-02;1.399244e-01;3.907305e-02;8.637530e-02;3.765961e-02;8.083221e-02;7.432359e-02;1.446605e-01;1.195922e-01;1.152771e-01;6.852140e-02
9.246030e-02;8.318750e-02;1.013292e-01;4.986796e-02;9.602666e-02;4.222314e-02;8.999235e-02;8.055078e-02;1.094234e-01;7.031792e-02;9.352027e-02;9.110055e-02
1.717397e-01;7.723895e-02;5.516570e-02;4.951351e-02;7.501498e-02;6.247548e-02;1.135076e-01;1.071726e-01;7.213374e-02;6.276777e-02;5.884693e-02;9.442299e-02
2.250383e-01;5.465470e-02;9.203276e-02;3.397320e-02;6.641224e-02;5.375497e-02;1.280479e-01;1.548295e-01;6.422816e-02;3.984290e-02;3.120449e-02;5.598086e-02
2.538799e-01;7.465366e-02;1.248424e-01;2.688822e-02;8.803304e-02;3.022940e-02;9.871558e-02;1.691801e-01;6.223916e-02;2.229741e-02;2.246032e-02;2.658090e-02
2.732315e-01;1.037847e-01;1.388747e-01;4.077164e-02;1.191679e-01;1.444132e-02;3.969104e-02;1.463730e-01;6.845537e-02;1.868892e-02;2.090479e-02;1.561518e-02
3.128346e-01;1.049805e-01;1.147851e-01;5.172838e-02;1.152523e-01;8.618196e-03;2.873168e-02;1.374996e-01;6.108974e-02;2.278448e-02;1.961347e-02;2.208198e-02
3.688617e-01;8.258618e-02;8.546120e-02;3.605149e-02;8.331762e-02;5.216028e-03;4.013709e-02;1.873857e-01;4.746668e-02;1.556237e-02;1.363036e-02;3.432357e-02
3.633601e-01;5.836685e-02;7.095204e-02;1.990955e-02;5.886260e-02;4.336249e-03;6.581531e-02;2.407478e-01;3.463327e-02;1.161072e-02;1.600722e-02;5.539822e-02
2.876227e-01;3.419258e-02;4.474666e-02;3.004537e-02;3.460273e-02;1.376428e-02;1.528361e-01;2.275426e-01;2.064388e-02;1.824114e-02;1.800790e-02;1.177540e-01
1.553416e-01;2.004734e-02;4.263700e-02;4.050846e-02;1.868942e-02;3.802706e-02;2.329468e-01;1.343648e-01;2.034199e-02;2.438477e-02;4.946278e-02;2.232479e-01
5.882736e-02;2.700300e-02;6.126430e-02;3.329920e-02;3.088291e-02;8.516912e-02;2.008159e-01;6.269019e-02;2.298922e-02;4.474628e-02;1.276091e-01;2.447035e-01
5.636484e-02;9.256119e-02;6.565478e-02;4.209108e-02;8.392719e-02;1.024663e-01;1.030648e-01;3.258478e-02;3.482885e-02;9.973763e-02;1.540307e-01;1.326878e-01
1.138221e-01;1.451170e-01;9.456728e-02;1.182511e-01;9.526239e-02;4.446885e-02;5.666493e-02;3.750231e-02;6.251494e-02;1.053014e-01;7.482808e-02;5.169966e-02
1.043354e-01;1.005647e-01;2.346332e-01;1.499616e-01;4.501585e-02;2.376919e-02;7.208530e-02;6.746110e-02;6.440960e-02;5.209866e-02;1.735798e-02;6.830740e-02
3.956436e-02;6.921625e-02;3.408490e-01;1.318837e-01;4.043587e-02;2.399791e-02;1.331265e-01;9.014188e-02;4.200104e-02;1.948895e-02;1.111981e-02;5.817471e-02
3.539081e-02;1.071319e-01;2.658437e-01;1.040146e-01;6.410407e-02;3.310244e-02;2.183950e-01;8.075013e-02;2.731412e-02;1.632679e-02;1.838125e-02;2.924525e-02
7.580074e-02;1.137061e-01;1.241930e-01;9.337278e-02;8.592254e-02;1.035536e-01;2.582026e-01;5.870663e-02;2.842032e-02;2.376828e-02;1.614356e-02;1.820983e-02
8.795466e-02;6.441323e-02;1.053572e-01;1.201432e-01;1.128938e-01;1.802317e-01;1.965137e-01;3.068539e-02;4.084795e-02;2.123120e-02;1.152621e-02;2.820174e-02
5.480414e-02;5.253296e-02;1.339837e-01;1.018616e-01;1.759789e-01;1.754404e-01;1.201700e-01;3.035571e-02;7.688383e-02;1.358242e-02;1.541210e-02;4.899425e-02
2.380045e-02;8.151534e-02;1.128302e-01;1.121138e-01;2.364677e-01;1.014129e-01;5.311745e-02;7.494522e-02;9.979170e-02;1.500796e-02;3.358338e-02;5.541396e-02
1.709340e-02;1.069497e-01;6.697194e-02;1.995744e-01;1.648973e-01;7.599368e-02;3.370291e-02;1.514988e-01;7.710259e-02;1.716072e-02;5.982538e-02;2.922910e-02
2.938085e-02;8.258641e-02;1.153910e-01;2.573509e-01;6.536529e-02;7.117166e-02;6.822354e-02;1.859534e-01;2.350122e-02;1.477969e-02;7.220370e-02;1.409228e-02
5.429962e-02;4.812103e-02;1.724579e-01;2.173810e-01;3.179648e-02;6.401711e-02;1.150483e-01;1.813643e-01;1.771371e-02;1.965419e-02;6.444384e-02;1.370249e-02
1.032065e-01;2.149529e-02;2.526510e-01;1.228748e-01;2.525466e-02;4.276520e-02;1.550177e-01;1.524172e-01;2.075944e-02;4.065116e-02;4.774225e-02;1.516487e-02
1.223982e-01;2.767036e-02;2.802721e-01;5.121756e-02;3.040691e-02;2.890731e-02;2.147733e-01;1.029688e-01;1.767913e-02;6.463949e-02;3.098588e-02;2.808096e-02
9.980526e-02;2.647372e-02;2.577591e-01;2.778350e-02;2.485202e-02;2.959248e-02;2.622008e-01;3.958892e-02;2.344973e-02;9.739116e-02;2.794267e-02;8.316071e-02
5.547237e-02;3.021403e-02;2.015271e-01;2.447042e-02;2.203244e-02;5.816710e-02;2.475576e-01;1.693169e-02;9.841176e-02;1.021743e-01;2.362224e-02;1.194190e-01
3.332913e-02;4.693110e-02;1.527413e-01;2.504480e-02;2.173535e-02;1.109686e-01;1.949038e-01;3.218633e-02;1.933455e-01;7.449233e-02;2.625639e-02;8.806529e-02
