7.287560e-02;3.732773e-02;8.554249e-02;7.837660e-02;1.233339e-01;1.845096e-01;7.395745e-02;8.705297e-02;4.715856e-02;9.729800e-02;4.500167e-02;6.756540e-02
1.012504e-01;2.798982e-02;4.810127e-02;1.185891e-01;1.009946e-01;1.427664e-01;7.785631e-02;7.364927e-02;7.205433e-02;9.547190e-02;6.391675e-02;7.735980e-02
1.044896e-01;4.701583e-02;5.174643e-02;7.327522e-02;9.976961e-02;1.735763e-01;7.299817e-02;4.952560e-02;9.993748e-02;7.844663e-02;8.370454e-02;6.551450e-02
6.220440e-02;6.264397e-02;8.497163e-02;3.614178e-02;1.245015e-01;2.005146e-01;6.222220e-02;7.571935e-02;9.033468e-02;5.660415e-02;9.769928e-02;4.644243e-02
5.643422e-02;6.770805e-02;1.095441e-01;4.182008e-02;1.124556e-01;1.722874e-01;7.803034e-02;7.705968e-02;8.674025e-02;6.199840e-02;9.442949e-02;4.149254e-02
7.197504e-02;5.564786e-02;8.052246e-02;6.489585e-02;1.503882e-01;1.591222e-01;1.076481e-01;7.493416e-02;8.544176e-02;4.979312e-02;6.332137e-02;3.630984e-02
8.594937e-02;3.915851e-02;6.690265e-02;3.808629e-02;1.907486e-01;1.338022e-01;1.216595e-01;8.126054e-02;7.062265e-02;7.601427e-02;3.724506e-02;5.855037e-02
6.714676e-02;4.152502e-02;8.362959e-02;7.532100e-02;2.036543e-01;1.053556e-01;1.043424e-01;5.043315e-02;7.067674e-02;9.250193e-02;2.664164e-02;7.877177e-02
3.788647e-02;4.596725e-02;5.261301e-02;9.464467e-02;1.870980e-01;1.616420e-01;1.151530e-01;3.122856e-02;8.898878e-02;5.988612e-02;4.020314e-02;8.468899e-02
3.114646e-02;5.046066e-02;3.833549e-02;7.475494e-02;1.581565e-01;2.003412e-01;1.168850e-01;5.086651e-02;8.000283e-02;5.372986e-02;6.296329e-02;8.235718e-02
5.150672e-02;6.601463e-02;5.199725e-02;6.988508e-02;1.232509e-01;1.896591e-01;9.213158e-02;7.466326e-02;9.413854e-02;5.285950e-02;8.231044e-02;5.158307e-02
9.347786e-02;6.088559e-02;7.714316e-02;7.414625e-02;1.319017e-01;1.138798e-01;8.123399e-02;9.019317e-02;1.079249e-01;5.383234e-02;7.370088e-02;4.168031e-02
1.107251e-01;6.832281e-02;1.275234e-01;6.974644e-02;1.343005e-01;7.761192e-02;7.439947e-02;8.159007e-02;7.926606e-02;5.440519e-02;4.056764e-02;8.154137e-02
9.771609e-02;8.030475e-02;1.480825e-01;6.030714e-02;8.393505e-02;1.017619e-01;6.702955e-02;7.252528e-02;5.677533e-02;4.540333e-02;4.908855e-02;1.370705e-01
8.271834e-02;5.492257e-02;1.594549e-01;5.851333e-02;6.852163e-02;1.054056e-01;1.156688e-01;6.162861e-02;7.596434e-02;5.061859e-02;4.330678e-02;1.232764e-01
5.415904e-02;3.977699e-02;2.511955e-01;4.204739e-02;8.110561e-02;7.994514e-02;1.545918e-01;3.494292e-02;5.726884e-02;6.359529e-02;8.154131e-02;5.983012e-02
3.677632e-02;3.050668e-02;3.008458e-01;4.004324e-02;9.276424e-02;6.193772e-02;1.657959e-01;2.867184e-02;4.134441e-02;7.116231e-02;8.344851e-02;4.670300e-02
4.384347e-02;2.011077e-02;2.568410e-01;4.805293e-02;8.914255e-02;7.808442e-02;1.485910e-01;4.083502e-02;7.011943e-02;8.925445e-02;8.171754e-02;3.340743e-02
6.961166e-02;6.099431e-02;1.536582e-01;9.985219e-02;7.748801e-02;8.930132e-02;8.177768e-02;8.336041e-02;8.477411e-02;7.532924e-02;6.380747e-02;6.004543e-02
1.507093e-01;6.321929e-02;5.719813e-02;9.423932e-02;9.615623e-02;5.888262e-02;6.820340e-02;6.384303e-02;9.398511e-02;8.501637e-02;7.707822e-02;9.146892e-02
1.709136e-01;7.407519e-02;5.017686e-02;8.975637e-02;9.684243e-02;5.173665e-02;6.900322e-02;6.459720e-02;1.023249e-01;8.271480e-02;6.988901e-02;7.796975e-02
1.857518e-01;8.009501e-02;5.945136e-02;8.561820e-02;9.225711e-02;4.769553e-02;7.931392e-02;6.868688e-02;9.425914e-02;7.803963e-02;6.977496e-02;5.905652e-02
1.409837e-01;7.506055e-02;1.323789e-01;7.486460e-02;6.724569e-02;4.752697e-02;1.132893e-01;7.292543e-02;7.385033e-02;5.106241e-02;8.464143e-02;6.617068e-02
1.144437e-01;8.466443e-02;1.770196e-01;4.788622e-02;6.039108e-02;4.857368e-02;1.046924e-01;7.899825e-02;9.506188e-02;4.417462e-02;7.987142e-02;6.422272e-02
1.657816e-01;1.015603e-01;1.535389e-01;3.196764e-02;7.677678e-02;3.660057e-02;6.950039e-02;1.099973e-01;1.098082e-01;4.419031e-02;5.044733e-02;4.983075e-02
2.503941e-01;8.509314e-02;1.093434e-01;3.959456e-02;9.240004e-02;2.385391e-02;4.035195e-02;1.492180e-01;8.891159e-02;3.577607e-02;3.779772e-02;4.726554e-02
2.790489e-01;1.020807e-01;1.028561e-01;4.547139e-02;6.495255e-02;1.673270e-02;3.112482e-02;1.409462e-01;1.086030e-01;1.882394e-02;5.543767e-02;3.392193e-02
2.853504e-01;9.936877e-02;9.768371e-02;5.206684e-02;4.093861e-02;1.749983e-02;3.407096e-02;1.520284e-01;1.086608e-01;2.231562e-02;5.685440e-02;3.316157e-02
2.574914e-01;1.271131e-01;9.288422e-02;5.036730e-02;3.909294e-02;2.129260e-02;4.523125e-02;1.485842e-01;1.201697e-01;1.578098e-02;4.693728e-02;3.505497e-02
2.199229e-01;1.764884e-01;9.401596e-02;3.239572e-02;3.264680e-02;1.661566e-02;3.872347e-02;1.274954e-01;1.801650e-01;1.631277e-02;3.796529e-02;2.725259e-02
2.078079e-01;1.898261e-01;1.020799e-01;1.147658e-02;1.979985e-02;2.757482e-02;3.132182e-02;1.468697e-01;1.960638e-01;2.236834e-02;2.529913e-02;1.951215e-02
2.070640e-01;1.521443e-01;1.024262e-01;2.069628e-02;2.653006e-02;2.868543e-02;4.945770e-02;1.687340e-01;1.648051e-01;2.750402e-02;2.402842e-02;2.792462e-02
2.217551e-01;1.212445e-01;9.531648e-02;2.405284e-02;4.164387e-02;2.248044e-02;7.462501e-02;1.747881e-01;1.176315e-01;2.580315e-02;3.700839e-02;4.365069e-02
2.115780e-01;7.700094e-02;1.505574e-01;3.903022e-02;5.404530e-02;3.246151e-02;1.042616e-01;1.055816e-01;7.436654e-02;4.032710e-02;4.217193e-02;6.861789e-02
9.173220e-02;6.532038e-02;1.565960e-01;4.742953e-02;3.831625e-02;6.303121e-02;6.358864e-02;1.159429e-01;1.499299e-01;6.568868e-02;6.006505e-02;8.235920e-02
4.344723e-02;5.801991e-02;1.723534e-01;3.770579e-02;3.825020e-02;7.915548e-02;8.045022e-02;1.591533e-01;1.323136e-01;6.175457e-02;5.539570e-02;8.200058e-02
8.886606e-02;7.679978e-02;2.634465e-01;5.608940e-02;5.588005e-02;6.496699e-02;8.142024e-02;1.010964e-01;7.620288e-02;4.427131e-02;4.886810e-02;4.209231e-02
7.549096e-02;8.338156e-02;2.961023e-01;6.854627e-02;5.561685e-02;6.951206e-02;5.962110e-02;4.991619e-02;7.956224e-02;7.047438e-02;6.007881e-02;3.169722e-02
3.473923e-02;7.961957e-02;3.747550e-01;7.802413e-02;4.939436e-02;6.294897e-02;6.863078e-02;2.281631e-02;9.986643e-02;6.686958e-02;2.608748e-02;3.624813e-02
4.587645e-02;1.025435e-01;4.027159e-01;5.503500e-02;3.727405e-02;4.534756e-02;4.166320e-02;1.213802e-02;1.237158e-01;8.202345e-02;1.691393e-02;3.475317e-02
4.658708e-02;1.451556e-01;3.693034e-01;3.582033e-02;1.899853e-02;3.925548e-02;1.792923e-02;1.669743e-02;1.803575e-01;8.608098e-02;1.083330e-02;3.298116e-02
5.842520e-02;1.814974e-01;2.659595e-01;1.958267e-02;8.394135e-03;4.841411e-02;1.705969e-02;2.242600e-02;2.716707e-01;6.721745e-02;1.010408e-02;2.924915e-02
9.680822e-02;2.077724e-01;1.777400e-01;1.250960e-02;6.142364e-03;5.198419e-02;9.288443e-03;2.864516e-02;3.343341e-01;4.179881e-02;1.058296e-02;2.239376e-02
1.468364e-01;1.917819e-01;1.401611e-01;1.397717e-02;1.692212e-02;4.031683e-02;1.760172e-02;8.106156e-02;2.912066e-01;2.450110e-02;1.432072e-02;2.131274e-02
2.013819e-01;1.312293e-01;1.307633e-01;1.793591e-02;4.836531e-02;2.409133e-02;3.628066e-02;1.529567e-01;1.762110e-01;2.312029e-02;2.849171e-02;2.917257e-02
2.087241e-01;8.217224e-02;1.154734e-01;2.870929e-02;6.988175e-02;2.085615e-02;6.166562e-02;1.905063e-01;1.110640e-01;3.145271e-02;3.990401e-02;3.959038e-02
1.517052e-01;5.500483e-02;8.185654e-02;4.334425e-02;7.093631e-02;3.698177e-02;9.324493e-02;1.572063e-01;1.267011e-01;7.346610e-02;4.808899e-02;6.146387e-02
7.648060e-02;3.506018e-02;8.361534e-02;4.860619e-02;1.062857e-01;8.253761e-02;1.292658e-01;8.643892e-02;1.209072e-01;1.138754e-01;5.139799e-02;6.552912e-02
3.272141e-02;5.027047e-02;1.263281e-01;7.196916e-02;1.025252e-01;1.054305e-01;1.409348e-01;9.161417e-02;1.071295e-01;1.000903e-01;2.508147e-02;4.590487e-02
6.822771e-02;5.591305e-02;1.411556e-01;8.006989e-02;7.964934e-02;7.197172e-02;1.091014e-01;1.307129e-01;9.600972e-02;8.318292e-02;5.274744e-02;3.125824e-02
5.933559e-02;4.478543e-02;1.026342e-01;7.526857e-02;8.879071e-02;7.038309e-02;1.840878e-01;1.128487e-01;8.337037e-02;5.870728e-02;4.400443e-02;7.578394e-02
6.650490e-02;4.435144e-02;1.256832e-01;5.491001e-02;8.837267e-02;6.414381e-02;1.494164e-01;1.314780e-01;7.549807e-02;4.714021e-02;4.051725e-02;1.119840e-01
7.817974e-02;5.851283e-02;1.427622e-01;5.942968e-02;9.723549e-02;6.531094e-02;1.338429e-01;8.181438e-02;7.360063e-02;6.246228e-02;4.452265e-02;1.023262e-01
8.194576e-02;8.098523e-02;1.219553e-01;8.218984e-02;1.062639e-01;8.270709e-02;1.279997e-01;9.164020e-02;5.589170e-02;4.983953e-02;2.611508e-02;9.246668e-02
7.695569e-02;8.904162e-02;1.035210e-01;6.155710e-02;1.183962e-01;1.247221e-01;1.078076e-01;1.059131e-01;6.837805e-02;3.722080e-02;3.841519e-02;6.807147e-02
9.152436e-02;5.501629e-02;9.455250e-02;4.222447e-02;1.441059e-01;1.138317e-01;1.015945e-01;7.131853e-02;7.894532e-02;9.516414e-02;1.862001e-02;9.310228e-02
7.628424e-02;7.408539e-02;1.402876e-01;6.303382e-02;1.135442e-01;1.083785e-01;1.130172e-01;7.707623e-02;8.773367e-02;7.937315e-02;2.695088e-02;4.023507e-02
3.331565e-02;8.541554e-02;2.192972e-01;5.860882e-02;9.780979e-02;1.036791e-01;7.492728e-02;8.298740e-02;6.369913e-02;9.272875e-02;5.985347e-02;2.767784e-02
1.624728e-02;4.555209e-02;2.964095e-01;9.250592e-02;5.798306e-02;4.771314e-02;9.328108e-02;4.169289e-02;6.046795e-02;1.271437e-01;8.581333e-02;3.519003e-02
1.419607e-02;4.021615e-02;3.864825e-01;7.872504e-02;3.307141e-02;2.783275e-02;8.425429e-02;2.029458e-02;5.410298e-02;1.795652e-01;6.104280e-02;2.021619e-02
9.827898e-03;3.919788e-02;4.709099e-01;5.339412e-02;1.691553e-02;1.202173e-02;8.078983e-02;1.118240e-02;4.602316e-02;2.231812e-01;2.745221e-02;9.104156e-03
7.733590e-03;4.710109e-02;4.939797e-01;2.624479e-02;1.361626e-02;1.396162e-02;9.840651e-02;9.621618e-03;5.021584e-02;2.292406e-01;4.805528e-03;5.072911e-03
9.133869e-03;7.479863e-02;4.235505e-01;1.590947e-02;1.322300e-02;2.736553e-02;1.131688e-01;8.181415e-03;1.029981e-01;1.993585e-01;4.184562e-03;8.127544e-03
6.129608e-03;9.875529e-02;3.140791e-01;1.182176e-02;8.579937e-03;5.410792e-02;9.056720e-02;1.444223e-02;1.860528e-01;1.957187e-01;2.698505e-03;1.704694e-02
1.123397e-02;1.072829e-01;2.337792e-01;1.256524e-02;6.770257e-03;6.751231e-02;3.390263e-02;1.799784e-02;2.520875e-01;2.244485e-01;3.650304e-03;2.876932e-02
1.228645e-02;1.029919e-01;2.180652e-01;1.198080e-02;8.195388e-03;5.259058e-02;1.357818e-02;1.619253e-02;2.575966e-01;2.701779e-01;6.424864e-03;2.991958e-02
1.054864e-02;9.310742e-02;2.369405e-01;1.070301e-02;8.535818e-03;3.774239e-02;1.767728e-02;1.361064e-02;2.302333e-01;3.101875e-01;4.881346e-03;2.583218e-02
1.047169e-02;9.776118e-02;2.890648e-01;1.477979e-02;1.531709e-02;1.894639e-02;2.080760e-02;5.004151e-03;1.818084e-01;3.188058e-01;5.987101e-03;2.124601e-02
2.600794e-02;1.378387e-01;3.282768e-01;2.341251e-02;1.709747e-02;1.380253e-02;2.391953e-02;7.150830e-03;1.479918e-01;2.424551e-01;9.496242e-03;2.255054e-02
8.046589e-02;1.733083e-01;3.363982e-01;3.164842e-02;2.271133e-02;2.177944e-02;2.604867e-02;7.715353e-03;1.196878e-01;1.465605e-01;5.140354e-03;2.853566e-02
1.257213e-01;1.839608e-01;2.927689e-01;4.223138e-02;2.734681e-02;3.144909e-02;3.070305e-02;1.827049e-02;9.352767e-02;8.375806e-02;1.507705e-02;5.518544e-02
1.547305e-01;1.901245e-01;2.178952e-01;4.730443e-02;4.118357e-02;4.127260e-02;4.389774e-02;3.636627e-02;7.038867e-02;4.337926e-02;3.387561e-02;7.958167e-02
7.599119e-02;1.141997e-01;1.557978e-01;7.209160e-02;8.294208e-02;6.608707e-02;8.473540e-02;9.807327e-02;5.754810e-02;9.633288e-02;5.007506e-02;4.612591e-02
6.189954e-02;8.534013e-02;1.784510e-01;8.121670e-02;9.391005e-02;6.308712e-02;1.105168e-01;9.828579e-02;5.456496e-02;7.761528e-02;4.730241e-02;4.781026e-02
7.074565e-02;9.593609e-02;1.734658e-01;8.692001e-02;1.018255e-01;5.745117e-02;1.281644e-01;7.177590e-02;4.293115e-02;8.130050e-02;4.434216e-02;4.514169e-02
6.803945e-02;9.551792e-02;1.736405e-01;8.222253e-02;8.768862e-02;6.758752e-02;9.391344e-02;3.768103e-02;7.092857e-02;1.594173e-01;2.576565e-02;3.759743e-02
6.234705e-02;6.045039e-02;1.538677e-01;7.219579e-02;8.687391e-02;6.578016e-02;1.289846e-01;3.884560e-02;6.600382e-02;1.510616e-01;5.322463e-02;6.036472e-02
9.517183e-02;4.770654e-02;2.502912e-01;7.579948e-02;1.096175e-01;5.295262e-02;8.349086e-02;2.987210e-02;6.791541e-02;1.017198e-01;5.819457e-02;2.726815e-02
8.408282e-02;4.835480e-02;2.094017e-01;7.664828e-02;1.344673e-01;7.095848e-02;1.164521e-01;3.677458e-02;5.972696e-02;8.367874e-02;5.551377e-02;2.394046e-02
5.663693e-02;6.518193e-02;1.979755e-01;4.872062e-02;1.398132e-01;8.467665e-02;1.816606e-01;4.267526e-02;4.504025e-02;4.785952e-02;5.538830e-02;3.437123e-02
6.240627e-02;6.028720e-02;2.610473e-01;6.510276e-02;1.353832e-01;6.390216e-02;1.481662e-01;3.107093e-02;3.339016e-02;4.862524e-02;5.213159e-02;3.848687e-02
5.246727e-02;5.386831e-02;2.777554e-01;1.007955e-01;1.691247e-01;6.709490e-02;6.075715e-02;3.568576e-02;2.233201e-02;6.159621e-02;5.570831e-02;4.281444e-02
2.460331e-02;2.595787e-02;3.453479e-01;1.171824e-01;1.476824e-01;6.241401e-02;4.911777e-02;5.770272e-02;1.698287e-02;6.240990e-02;6.017820e-02;3.042064e-02
2.021400e-02;3.661230e-02;4.526553e-01;9.607698e-02;9.622579e-02;4.360352e-02;2.738728e-02;6.411760e-02;3.707002e-02;6.094956e-02;5.067447e-02;1.441316e-02
3.740748e-02;5.226304e-02;4.633088e-01;6.079895e-02;6.701177e-02;3.674041e-02;4.519806e-02;5.083714e-02;6.765880e-02;7.142325e-02;3.497192e-02;1.238042e-02
5.525608e-02;6.781370e-02;4.277757e-01;4.149207e-02;5.171628e-02;4.317085e-02;6.315426e-02;3.715472e-02;8.854292e-02;7.477109e-02;2.818312e-02;2.096930e-02
6.706490e-02;5.117171e-02;3.555601e-01;5.171754e-02;4.260372e-02;5.511788e-02;7.932027e-02;6.339715e-02;9.197055e-02;6.867597e-02;4.112779e-02;3.227240e-02
6.989272e-02;4.655878e-02;2.358840e-01;8.073686e-02;7.318509e-02;7.654735e-02;9.605186e-02;7.749214e-02;7.520104e-02;7.654143e-02;5.044746e-02;4.146124e-02
8.434170e-02;7.674644e-02;1.725701e-01;7.600094e-02;6.919689e-02;7.667231e-02;1.100185e-01;6.735390e-02;5.370712e-02;1.027504e-01;5.173489e-02;5.890685e-02
6.466167e-02;8.060291e-02;1.374640e-01;8.857385e-02;1.093686e-01;8.740838e-02;9.940767e-02;5.156992e-02;5.047889e-02;1.108129e-01;5.194613e-02;6.770513e-02
5.481101e-02;6.430168e-02;1.133214e-01;6.450015e-02;8.172269e-02;9.195171e-02;1.475687e-01;8.033003e-02;9.843913e-02;1.128044e-01;4.280953e-02;4.743953e-02
6.162100e-02;6.235244e-02;1.054393e-01;6.611757e-02;7.925162e-02;8.288207e-02;1.431414e-01;8.514700e-02;1.035670e-01;1.226780e-01;4.716392e-02;4.063870e-02
6.818831e-02;5.948368e-02;1.127457e-01;5.379791e-02;8.746614e-02;8.379865e-02;1.217036e-01;8.022816e-02;1.037795e-01;1.306762e-01;6.347313e-02;3.465912e-02
8.307413e-02;6.403793e-02;5.272142e-02;7.790217e-02;7.691622e-02;7.202786e-02;7.219538e-02;1.119666e-01;1.031125e-01;1.438317e-01;1.013802e-01;4.083400e-02
5.404492e-02;7.420950e-02;7.569009e-02;9.435408e-02;1.123003e-01;7.829040e-02;1.089644e-01;7.582853e-02;7.300254e-02;1.353583e-01;8.964655e-02;2.831032e-02
5.686431e-02;5.896747e-02;1.205965e-01;7.719939e-02;1.368159e-01;8.555534e-02;1.207713e-01;4.152817e-02;8.310051e-02;1.282565e-01;5.771383e-02;3.263082e-02
6.274871e-02;4.108597e-02;1.690104e-01;6.735633e-02;1.248284e-01;7.668803e-02;1.532354e-01;3.723159e-02;8.436808e-02;9.744196e-02;5.060886e-02;3.539623e-02
3.468387e-02;2.788891e-02;2.670777e-01;1.130371e-01;1.203244e-01;8.040723e-02;1.526360e-01;2.801365e-02;4.654933e-02;5.756442e-02;4.994378e-02;2.187362e-02
2.404337e-02;2.201616e-02;3.454672e-01;1.449230e-01;1.207779e-01;5.820465e-02;9.455594e-02;1.943037e-02;4.052674e-02;5.509336e-02;5.887626e-02;1.608505e-02
1.572569e-02;1.197931e-02;4.282699e-01;1.649199e-01;9.306759e-02;3.078512e-02;5.568158e-02;1.675794e-02;2.372717e-02;8.800640e-02;6.508773e-02;5.991744e-03
2.697842e-02;8.755459e-03;4.438640e-01;1.181399e-01;6.203264e-02;1.670589e-02;7.485290e-02;1.127620e-02;1.372119e-02;1.532310e-01;6.164175e-02;8.800574e-03
3.471147e-02;1.207448e-02;3.946853e-01;6.711330e-02;7.224765e-02;1.318949e-02;1.004921e-01;1.388965e-02;2.173384e-02;2.005046e-01;6.060162e-02;8.756395e-03
4.575548e-02;1.620348e-02;3.622466e-01;4.760232e-02;6.253701e-02;1.162599e-02;1.154071e-01;2.187267e-02;2.853155e-02;2.242628e-01;5.394943e-02;1.000561e-02
5.654798e-02;3.322405e-02;2.951596e-01;5.696335e-02;5.070661e-02;3.029469e-02;1.107873e-01;4.054932e-02;2.597728e-02;2.234778e-01;5.697909e-02;1.933292e-02
6.359914e-02;5.133582e-02;2.166795e-01;6.878118e-02;6.749704e-02;4.756616e-02;1.154762e-01;4.643900e-02;3.499697e-02;2.126894e-01;4.717697e-02;2.776254e-02
5.799653e-02;4.780103e-02;2.283822e-01;5.926476e-02;1.087880e-01;4.955620e-02;1.419134e-01;3.151695e-02;2.056202e-02;2.090238e-01;2.115981e-02;2.403530e-02
4.877882e-02;4.233159e-02;2.587229e-01;3.986121e-02;1.367625e-01;4.718964e-02;1.356127e-01;1.199859e-02;4.334640e-02;1.908216e-01;1.565986e-02;2.891427e-02
5.444995e-02;7.061177e-02;2.681754e-01;3.858941e-02;1.305169e-01;5.415348e-02;1.289723e-01;9.036284e-03;4.572735e-02;1.615735e-01;1.495778e-02;2.323581e-02
5.251753e-02;1.035514e-01;2.764619e-01;4.451760e-02;1.021104e-01;6.852651e-02;1.328012e-01;1.403675e-02;2.978613e-02;1.409706e-01;1.535675e-02;1.936327e-02
6.018978e-02;1.218411e-01;2.894468e-01;4.783457e-02;6.577637e-02;6.571449e-02;1.288178e-01;1.529226e-02;2.772940e-02;1.205940e-01;2.935806e-02;2.740527e-02
7.816190e-02;1.160480e-01;3.033445e-01;5.988291e-02;5.047707e-02;4.079062e-02;1.129900e-01;2.632400e-02;3.233057e-02;9.357545e-02;4.686147e-02;3.921344e-02
9.803021e-02;1.079294e-01;2.821318e-01;9.090119e-02;5.288614e-02;2.648899e-02;1.011956e-01;3.632309e-02;3.555058e-02;6.750464e-02;5.232546e-02;4.873289e-02
9.453208e-02;1.020798e-01;2.480040e-01;1.087317e-01;5.769989e-02;3.727958e-02;9.247298e-02;5.065403e-02;4.348537e-02;5.664565e-02;6.454536e-02;4.386958e-02
8.145598e-02;9.607624e-02;1.513496e-01;6.375998e-02;7.353089e-02;4.865145e-02;5.665534e-02;5.478690e-02;1.255137e-01;1.030988e-01;1.072676e-01;3.785360e-02
6.698249e-02;6.629625e-02;8.097696e-02;2.931365e-02;8.368036e-02;6.772896e-02;6.330940e-02;7.483151e-02;1.981370e-01;1.315877e-01;1.037017e-01;3.345397e-02
7.376219e-02;5.615426e-02;6.913498e-02;2.959325e-02;1.027934e-01;9.927443e-02;1.143978e-01;9.705710e-02;1.483626e-01;9.325814e-02;8.052302e-02;3.568887e-02
8.229075e-02;6.218547e-02;6.393332e-02;6.139161e-02;1.346115e-01;1.300215e-01;1.483823e-01;5.902158e-02;8.690174e-02;7.039892e-02;5.917770e-02;4.168350e-02
7.642386e-02;7.005853e-02;9.501716e-02;9.060931e-02;1.387478e-01;1.286507e-01;1.246849e-01;5.248767e-02;6.434855e-02;6.771489e-02;4.432902e-02;4.692766e-02
6.060195e-02;8.698436e-02;1.548557e-01;8.896928e-02;9.283116e-02;9.529167e-02;1.007335e-01;6.987209e-02;6.411117e-02;7.465235e-02;3.905225e-02;7.204444e-02
5.435936e-02;8.163822e-02;1.697689e-01;6.617451e-02;7.526338e-02;8.910318e-02;1.259006e-01;4.742792e-02;1.002130e-01;8.693126e-02;4.796231e-02;5.525742e-02
9.153003e-02;7.492488e-02;1.194609e-01;4.593238e-02;4.899894e-02;5.826359e-02;1.124366e-01;5.896675e-02;6.441211e-02;8.761847e-02;1.217604e-01;1.156949e-01
7.325152e-02;8.730630e-02;9.782560e-02;1.802720e-02;4.775143e-02;5.345140e-02;7.956273e-02;5.810679e-02;1.195194e-01;1.424439e-01;1.430009e-01;7.975282e-02
4.382554e-02;9.217992e-02;8.541753e-02;2.695222e-02;5.041497e-02;6.448144e-02;4.564325e-02;7.729968e-02;1.312443e-01;1.808744e-01;1.379366e-01;6.373018e-02
4.406466e-02;8.470517e-02;1.044124e-01;2.965912e-02;4.981364e-02;6.838041e-02;7.867635e-02;8.297943e-02;1.039555e-01;1.866755e-01;9.634101e-02;7.033680e-02
7.950521e-02;6.809910e-02;1.283769e-01;2.829024e-02;4.493453e-02;6.202794e-02;1.370944e-01;6.245126e-02;1.278592e-01;1.476841e-01;4.032791e-02;7.334921e-02
4.034267e-02;3.771529e-02;2.042683e-01;4.433334e-02;9.253680e-02;6.795130e-02;2.349584e-01;4.630834e-02;7.725155e-02;7.885341e-02;2.967142e-02;4.580916e-02
4.458578e-02;2.970235e-02;2.739172e-01;8.708523e-02;1.320751e-01;6.709145e-02;1.845943e-01;4.340202e-02;2.574996e-02;3.431986e-02;3.986015e-02;3.761666e-02
3.428032e-02;2.088544e-02;3.024582e-01;1.391466e-01;1.656633e-01;5.265030e-02;8.653965e-02;3.466931e-02;3.633154e-02;3.435054e-02;4.077420e-02;5.225068e-02
2.014014e-02;1.400319e-02;2.831465e-01;2.009718e-01;1.996204e-01;4.833584e-02;4.281058e-02;2.169535e-02;2.186831e-02;4.200492e-02;4.664044e-02;5.876262e-02
1.276412e-02;1.389939e-02;3.661799e-01;2.113760e-01;1.771393e-01;4.188041e-02;1.846411e-02;2.059150e-02;9.358331e-03;5.086181e-02;3.732683e-02;4.015832e-02
5.777863e-03;1.163148e-02;4.705998e-01;1.889157e-01;1.341232e-01;3.659695e-02;1.353090e-02;2.923179e-02;7.408868e-03;3.262226e-02;4.985750e-02;1.970376e-02
6.621872e-03;1.542422e-02;5.560687e-01;1.462836e-01;8.965069e-02;3.402981e-02;3.539458e-02;2.223037e-02;1.488433e-02;1.397592e-02;5.274480e-02;1.269107e-02
1.059734e-02;1.564825e-02;6.459836e-01;1.040968e-01;3.140941e-02;2.313589e-02;6.142583e-02;1.143675e-02;2.659497e-02;3.194458e-02;3.014466e-02;7.581989e-03
1.363432e-02;1.560570e-02;7.042571e-01;6.776288e-02;4.046996e-02;1.429142e-02;5.717441e-02;5.610207e-03;1.645818e-02;4.916432e-02;1.025307e-02;5.318406e-03
1.003352e-02;1.499248e-02;7.451537e-01;5.360268e-02;3.931215e-02;7.903039e-03;3.929160e-02;6.850352e-03;9.686448e-03;5.892091e-02;1.059355e-02;3.659584e-03
8.002126e-03;1.653465e-02;7.538157e-01;5.257829e-02;4.446208e-02;1.252087e-02;3.582453e-02;7.604663e-03;1.222442e-02;4.510576e-02;6.578405e-03;4.748485e-03
7.171916e-03;1.455306e-02;7.844155e-01;5.319032e-02;4.179991e-02;1.164131e-02;2.384255e-02;7.525035e-03;1.151690e-02;3.140110e-02;7.324907e-03;5.617534e-03
1.537380e-02;2.214335e-02;7.518184e-01;5.190932e-02;3.317037e-02;7.579784e-03;2.836904e-02;1.273433e-02;2.782050e-02;2.634592e-02;1.446811e-02;8.267045e-03
3.066570e-02;2.987935e-02;6.646066e-01;4.754748e-02;3.585351e-02;1.449775e-02;3.839642e-02;2.904745e-02;4.844935e-02;2.368878e-02;2.193786e-02;1.542965e-02
6.107752e-02;4.069573e-02;4.995420e-01;6.268220e-02;4.909895e-02;3.482946e-02;3.612839e-02;4.515152e-02;7.441061e-02;3.532004e-02;2.866874e-02;3.239477e-02
9.617554e-02;4.567514e-02;3.601283e-01;7.228155e-02;5.485990e-02;5.552086e-02;6.706841e-02;4.405124e-02;6.812252e-02;4.313065e-02;3.670106e-02;5.628476e-02
1.065606e-01;6.258354e-02;3.026212e-01;7.125536e-02;5.892853e-02;5.732158e-02;9.560919e-02;3.234918e-02;5.831971e-02;6.030732e-02;3.674776e-02;5.739608e-02
9.578375e-02;8.340532e-02;2.769138e-01;6.610788e-02;5.893289e-02;6.712437e-02;7.849805e-02;4.039861e-02;8.315883e-02;4.577765e-02;3.891307e-02;6.498580e-02
1.498280e-01;8.944096e-02;2.255040e-01;6.284477e-02;5.893252e-02;3.604616e-02;4.869051e-02;5.454964e-02;1.003036e-01;4.905442e-02;3.718427e-02;8.762114e-02
1.399781e-01;6.890821e-02;2.360070e-01;6.738707e-02;5.067895e-02;3.461871e-02;6.404594e-02;5.679276e-02;1.156963e-01;5.634839e-02;3.453128e-02;7.500716e-02
1.023866e-01;9.342511e-02;1.781496e-01;4.150372e-02;6.378126e-02;6.179955e-02;1.313430e-01;6.268413e-02;5.929250e-02;7.270037e-02;7.294981e-02;5.998441e-02
1.308649e-01;1.026363e-01;1.478585e-01;4.328859e-02;5.720872e-02;7.242274e-02;1.103912e-01;6.769245e-02;8.266900e-02;7.373639e-02;5.946843e-02;5.176273e-02
1.279997e-01;9.776623e-02;1.462933e-01;4.843275e-02;5.369103e-02;7.520287e-02;1.085871e-01;6.466852e-02;9.381526e-02;8.297351e-02;5.657332e-02;4.399634e-02
1.179872e-01;8.402458e-02;1.402438e-01;7.407812e-02;4.880777e-02;7.814523e-02;1.082190e-01;5.617287e-02;1.079078e-01;8.672040e-02;5.434010e-02;4.335326e-02
7.303660e-02;4.472737e-02;2.149372e-01;1.553351e-01;8.497904e-02;5.602564e-02;9.693381e-02;3.564039e-02;7.876359e-02;4.252229e-02;7.253952e-02;4.455942e-02
3.395402e-02;4.287575e-02;2.838831e-01;2.483341e-01;9.693850e-02;2.805042e-02;5.719769e-02;2.104291e-02;2.849762e-02;4.139651e-02;9.246764e-02;2.536179e-02
1.426016e-02;2.851438e-02;3.643535e-01;2.541639e-01;7.620802e-02;1.978139e-02;5.464639e-02;1.141030e-02;1.224911e-02;8.433154e-02;7.225893e-02;7.822433e-03
8.446576e-03;3.536410e-02;4.636802e-01;1.288261e-01;3.529800e-02;1.918838e-02;9.294958e-02;1.222049e-02;2.953593e-02;1.425238e-01;2.882821e-02;3.138612e-03
7.053969e-03;6.967463e-02;4.727470e-01;3.615279e-02;1.515557e-02;3.307191e-02;1.107773e-01;1.565612e-02;6.889874e-02;1.553781e-01;9.420525e-03;6.013399e-03
1.931262e-02;1.219796e-01;3.446856e-01;1.356347e-02;9.242483e-03;1.241892e-01;8.010125e-02;2.308037e-02;1.450342e-01;1.033654e-01;2.214479e-03;1.323132e-02
3.538718e-02;1.668912e-01;2.132905e-01;1.370577e-02;8.907490e-03;2.276854e-01;3.035238e-02;1.801899e-02;2.171655e-01;5.012992e-02;2.654443e-03;1.581121e-02
5.441472e-02;1.959410e-01;1.521087e-01;1.101035e-02;2.032170e-02;2.601520e-01;1.105963e-02;1.422761e-02;2.457178e-01;2.117774e-02;1.875802e-03;1.199290e-02
8.054054e-02;2.149796e-01;1.276215e-01;1.384531e-02;4.438018e-02;2.117697e-01;1.933172e-02;1.904356e-02;2.353545e-01;1.414486e-02;6.945170e-03;1.204337e-02
8.208514e-02;2.522295e-01;1.174176e-01;1.521362e-02;4.603321e-02;1.652871e-01;1.957414e-02;1.751952e-02;2.368989e-01;3.222836e-02;5.557275e-03;9.955724e-03
7.617059e-02;2.978874e-01;1.535380e-01;1.291499e-02;2.436496e-02;1.207677e-01;1.272059e-02;1.037105e-02;2.549822e-01;2.520127e-02;2.008865e-03;9.072383e-03
9.272398e-02;3.180182e-01;1.853639e-01;9.118541e-03;6.158381e-03;7.370712e-02;8.058713e-03;4.207432e-03;2.737786e-01;1.339463e-02;2.315205e-03;1.315531e-02
8.934948e-02;2.837235e-01;2.141649e-01;9.302648e-03;5.039806e-03;4.357037e-02;6.987488e-03;1.480691e-02;3.027335e-01;1.331261e-02;2.789660e-03;1.421920e-02
7.732783e-02;2.475134e-01;2.448139e-01;9.487516e-03;2.816438e-03;2.996409e-02;6.537441e-03;3.397001e-02;3.256423e-01;7.950913e-03;1.641622e-03;1.233455e-02
6.692208e-02;2.354861e-01;2.886961e-01;1.227258e-02;3.995979e-03;2.279880e-02;1.345792e-02;4.550599e-02;2.863930e-01;1.071459e-02;2.181908e-03;1.157494e-02
8.075269e-02;2.598263e-01;3.418409e-01;1.204679e-02;4.138608e-03;1.704812e-02;1.149143e-02;3.284929e-02;2.076926e-01;1.458607e-02;3.406535e-03;1.432059e-02
1.049734e-01;2.894983e-01;3.928713e-01;1.351624e-02;5.252309e-03;1.996567e-02;5.677612e-03;1.500066e-02;1.188922e-01;1.474061e-02;3.802524e-03;1.580917e-02
1.267118e-01;2.955672e-01;4.164250e-01;1.708667e-02;5.240559e-03;1.883296e-02;9.965975e-03;8.352177e-03;6.771899e-02;1.265100e-02;4.444859e-03;1.700289e-02
1.303245e-01;2.928477e-01;4.309816e-01;1.769030e-02;7.058630e-03;1.722316e-02;7.075697e-03;8.205463e-03;5.687871e-02;1.022272e-02;4.319987e-03;1.717155e-02
1.364674e-01;2.703277e-01;4.284807e-01;1.886447e-02;6.012498e-03;1.896598e-02;1.158217e-02;9.805994e-03;6.581163e-02;1.357213e-02;6.543974e-03;1.356538e-02
1.673304e-01;2.360176e-01;4.130394e-01;1.739549e-02;8.731476e-03;2.390959e-02;1.070919e-02;8.236436e-03;7.700812e-02;1.682315e-02;8.682406e-03;1.211671e-02
1.723857e-01;1.924153e-01;4.129494e-01;1.759314e-02;1.915104e-02;2.257805e-02;1.843099e-02;1.317966e-02;8.220746e-02;1.996799e-02;1.087031e-02;1.827094e-02
