5.526953e-02;4.559508e-02;2.752834e-01;5.701696e-02;5.415155e-02;4.160465e-02;1.723520e-01;5.146252e-02;6.134323e-02;6.833154e-02;7.123311e-02;4.635641e-02
4.230703e-02;3.620361e-02;3.084975e-01;2.941458e-02;6.110565e-02;4.658037e-02;2.347620e-01;5.653346e-02;4.658780e-02;6.158601e-02;5.542195e-02;2.100009e-02
2.600504e-02;3.483005e-02;2.819558e-01;2.331451e-02;5.999551e-02;5.954128e-02;3.315894e-01;5.375365e-02;3.926545e-02;3.657164e-02;3.577162e-02;1.740597e-02
4.317581e-02;4.349918e-02;1.963616e-01;3.022167e-02;7.494437e-02;8.492883e-02;2.975844e-01;5.430812e-02;3.000121e-02;7.327256e-02;4.193595e-02;2.976622e-02
7.311343e-02;5.087305e-02;1.323262e-01;3.527359e-02;1.150519e-01;1.199944e-01;1.702292e-01;5.299761e-02;4.538192e-02;1.160260e-01;5.684958e-02;3.188313e-02
8.064411e-02;4.539981e-02;1.985006e-01;3.902134e-02;1.230999e-01;1.160845e-01;7.692445e-02;3.923872e-02;5.892233e-02;1.333141e-01;6.346767e-02;2.538240e-02
8.656837e-02;4.785892e-02;2.382030e-01;4.440093e-02;1.264949e-01;9.680257e-02;4.612061e-02;2.926824e-02;6.181968e-02;1.422978e-01;6.552350e-02;1.464156e-02
9.136126e-02;3.517784e-02;2.278757e-01;4.989760e-02;1.168942e-01;7.886234e-02;6.716266e-02;4.180500e-02;7.241789e-02;1.292867e-01;7.123964e-02;1.801901e-02
7.981311e-02;2.109132e-02;3.200071e-01;4.827621e-02;1.004525e-01;5.547604e-02;7.086927e-02;4.278744e-02;6.764378e-02;1.018712e-01;6.670029e-02;2.501180e-02
5.887422e-02;1.923546e-02;4.159721e-01;4.434643e-02;6.869104e-02;4.125193e-02;1.251195e-01;3.976790e-02;4.476166e-02;7.272013e-02;4.852856e-02;2.073117e-02
4.303151e-02;2.878007e-02;4.209624e-01;4.498598e-02;5.566881e-02;4.137761e-02;1.764005e-01;3.813595e-02;2.798144e-02;5.670696e-02;4.556678e-02;2.040202e-02
3.003697e-02;3.438427e-02;3.549379e-01;3.355684e-02;5.647445e-02;5.091115e-02;2.115918e-01;3.963986e-02;4.970334e-02;5.999861e-02;5.685889e-02;2.190590e-02
4.456490e-02;4.391417e-02;3.323595e-01;3.799065e-02;5.244847e-02;3.206468e-02;1.535161e-01;3.107381e-02;7.869957e-02;8.168646e-02;8.518142e-02;2.650020e-02
5.553434e-02;3.703932e-02;2.682304e-01;4.674758e-02;8.749948e-02;5.467326e-02;1.240330e-01;5.633834e-02;8.904701e-02;7.970735e-02;8.256552e-02;1.858435e-02
5.646536e-02;2.027842e-02;2.062250e-01;4.679590e-02;1.285928e-01;8.100982e-02;1.413058e-01;6.594478e-02;8.720818e-02;6.019209e-02;7.288931e-02;3.309253e-02
6.294230e-02;2.833181e-02;2.227138e-01;3.892500e-02;1.295035e-01;8.444466e-02;1.265760e-01;8.639576e-02;7.931097e-02;5.363316e-02;5.696711e-02;3.025590e-02
5.578658e-02;5.300917e-02;1.623578e-01;2.928279e-02;1.177014e-01;8.827004e-02;1.081241e-01;1.204027e-01;7.795727e-02;8.721864e-02;6.767283e-02;3.221673e-02
4.393094e-02;4.620470e-02;1.529260e-01;2.488271e-02;8.763333e-02;8.558657e-02;1.837770e-01;1.278015e-01;5.993914e-02;7.569118e-02;8.234042e-02;2.928643e-02
3.371169e-02;3.073817e-02;1.223457e-01;2.422990e-02;9.094443e-02;1.621866e-01;1.304896e-01;1.057450e-01;5.259037e-02;7.304329e-02;1.327912e-01;4.118408e-02
3.815783e-02;1.393686e-02;1.128560e-01;1.520261e-02;6.492239e-02;2.575752e-01;6.851795e-02;5.691348e-02;3.613897e-02;8.095224e-02;1.985504e-01;5.627614e-02
3.445775e-02;5.835778e-03;1.240883e-01;1.058046e-02;3.516002e-02;2.605309e-01;6.298313e-02;2.194894e-02;6.300507e-02;9.589417e-02;2.263927e-01;5.912278e-02
3.135180e-02;7.788111e-03;1.556954e-01;1.061565e-02;5.308196e-02;1.963361e-01;4.807681e-02;1.753474e-02;1.176632e-01;9.227207e-02;2.139179e-01;5.566620e-02
2.146792e-02;4.836854e-03;1.136132e-01;8.238574e-03;9.390429e-02;1.509154e-01;5.069005e-02;3.787437e-02;1.713110e-01;8.610374e-02;2.049690e-01;5.607574e-02
1.546310e-02;5.222972e-03;9.899978e-02;7.024632e-03;1.348873e-01;1.127778e-01;6.082938e-02;8.373865e-02;1.691450e-01;7.527795e-02;1.757152e-01;6.091825e-02
1.499309e-02;9.423595e-03;5.029701e-02;1.037274e-02;1.771481e-01;7.326242e-02;8.447118e-02;1.427478e-01;1.325758e-01;7.052854e-02;1.625285e-01;7.165121e-02
1.532191e-02;8.035239e-03;6.371579e-02;1.793070e-02;1.845203e-01;4.004870e-02;9.633592e-02;1.851430e-01;9.149013e-02;6.332267e-02;1.474566e-01;8.667911e-02
2.009642e-02;1.622995e-02;4.907730e-02;2.238427e-02;1.682576e-01;2.999973e-02;9.085196e-02;2.129869e-01;7.582505e-02;6.167307e-02;1.406367e-01;1.119811e-01
2.354201e-02;1.951999e-02;5.136151e-02;1.894153e-02;1.395937e-01;2.374076e-02;6.803873e-02;2.472818e-01;5.640844e-02;6.381485e-02;1.438920e-01;1.438646e-01
3.969997e-02;3.421765e-02;6.217435e-02;1.771401e-02;1.021722e-01;1.806392e-02;7.032501e-02;2.413220e-01;4.329299e-02;6.290916e-02;1.370092e-01;1.710996e-01
9.539072e-02;7.648700e-02;7.926242e-02;2.981425e-02;5.310104e-02;2.629771e-02;1.245908e-01;1.662723e-01;2.357583e-02;5.007961e-02;9.188968e-02;1.832386e-01
1.958123e-01;8.992986e-02;1.101185e-01;4.001494e-02;3.286806e-02;3.025855e-02;1.369229e-01;7.310551e-02;1.406314e-02;3.875609e-02;6.434865e-02;1.738015e-01
3.078930e-01;8.385331e-02;5.305809e-02;4.400663e-02;2.323283e-02;3.188280e-02;1.301487e-01;5.956776e-02;1.461505e-02;4.065317e-02;4.301910e-02;1.680696e-01
4.205500e-01;6.108147e-02;2.517792e-02;3.016009e-02;1.359633e-02;3.197530e-02;1.045636e-01;7.759686e-02;1.349417e-02;4.378550e-02;2.174555e-02;1.562732e-01
4.010217e-01;3.467863e-02;2.178714e-02;3.776320e-02;1.163613e-02;2.913576e-02;1.314237e-01;8.278466e-02;1.642328e-02;4.461640e-02;1.401432e-02;1.747152e-01
2.887050e-01;3.423655e-02;2.090400e-02;8.313624e-02;4.924786e-03;2.484210e-02;1.799672e-01;6.891853e-02;1.116094e-02;4.233762e-02;1.564246e-02;2.252245e-01
1.927263e-01;3.564011e-02;1.737046e-02;1.128401e-01;7.695280e-03;2.481735e-02;2.150713e-01;4.990559e-02;6.439546e-03;3.492790e-02;3.089793e-02;2.716681e-01
1.408518e-01;3.161755e-02;4.161749e-02;1.024306e-01;1.845412e-02;4.744352e-02;2.001030e-01;3.672221e-02;1.519741e-02;3.655484e-02;9.133170e-02;2.376758e-01
1.416308e-01;3.385954e-02;9.829969e-02;6.903500e-02;3.201120e-02;9.933333e-02;1.296415e-01;3.246535e-02;2.977490e-02;5.860750e-02;1.413450e-01;1.339962e-01
1.388224e-01;2.924046e-02;1.632102e-01;4.350003e-02;2.476492e-02;1.704309e-01;6.261105e-02;2.808880e-02;3.305148e-02;7.875399e-02;1.557374e-01;7.178835e-02
1.186335e-01;2.433726e-02;1.465415e-01;3.284686e-02;1.698871e-02;2.039348e-01;1.052207e-01;2.494232e-02;2.235543e-02;8.017587e-02;1.428502e-01;8.117287e-02
1.153676e-01;1.641211e-02;9.175362e-02;2.214339e-02;1.322211e-02;2.763169e-01;9.028651e-02;2.571682e-02;2.582671e-02;7.888298e-02;1.452907e-01;9.878050e-02
9.473018e-02;9.729763e-03;9.399547e-02;1.580532e-02;1.388771e-02;3.620819e-01;6.179317e-02;1.161684e-02;2.820935e-02;7.637432e-02;1.522373e-01;7.953868e-02
7.789449e-02;8.717184e-03;7.524619e-02;1.411630e-02;1.776301e-02;4.139987e-01;5.588818e-02;9.687696e-03;2.988275e-02;7.525364e-02;1.587137e-01;6.283808e-02
7.940711e-02;7.865038e-03;7.448588e-02;1.417310e-02;1.882370e-02;4.446242e-01;4.087671e-02;1.287895e-02;2.560704e-02;7.489370e-02;1.603489e-01;4.601563e-02
8.335324e-02;8.526891e-03;5.869650e-02;1.792542e-02;1.894557e-02;4.391682e-01;4.650043e-02;1.321909e-02;2.040423e-02;8.219171e-02;1.758581e-01;3.521062e-02
8.524586e-02;1.279930e-02;7.008765e-02;3.170830e-02;2.199886e-02;3.739812e-01;7.527828e-02;1.803909e-02;1.831559e-02;7.814901e-02;1.810172e-01;3.337966e-02
9.038616e-02;2.978831e-02;8.792385e-02;2.200529e-02;3.087890e-02;2.979107e-01;8.957271e-02;2.426323e-02;3.272639e-02;7.216882e-02;1.749341e-01;4.744153e-02
1.456632e-01;4.641919e-02;7.571320e-02;3.633952e-02;5.231806e-02;1.965368e-01;9.329260e-02;3.235590e-02;3.743968e-02;6.578504e-02;1.623228e-01;5.581390e-02
1.994802e-01;3.210327e-02;1.016190e-01;4.542638e-02;4.751414e-02;1.553829e-01;7.085199e-02;2.618176e-02;2.449834e-02;7.406077e-02;1.717607e-01;5.112062e-02
2.006045e-01;3.067270e-02;2.060707e-01;2.539953e-02;2.104214e-02;1.659512e-01;3.232711e-02;1.303548e-02;2.363981e-02;7.372750e-02;1.706043e-01;3.692499e-02
1.594700e-01;2.751771e-02;3.009027e-01;1.175985e-02;1.540724e-02;1.690971e-01;2.653773e-02;5.791258e-03;3.149404e-02;7.203181e-02;1.520875e-01;2.790309e-02
1.476100e-01;1.563714e-02;3.311947e-01;9.100503e-03;1.623329e-02;1.721765e-01;2.131339e-02;5.067493e-03;3.488509e-02;6.755461e-02;1.512425e-01;2.798482e-02
1.690221e-01;1.370385e-02;2.924431e-01;7.369819e-03;1.812695e-02;1.756509e-01;2.594048e-02;1.004059e-02;3.977767e-02;7.002241e-02;1.537827e-01;2.411943e-02
2.216189e-01;1.550855e-02;2.178363e-01;4.639280e-03;2.549229e-02;1.532739e-01;3.244737e-02;1.352335e-02;6.127955e-02;5.707362e-02;1.666422e-01;3.066474e-02
2.359867e-01;1.230849e-02;1.596942e-01;7.573939e-03;2.988043e-02;1.225411e-01;3.481225e-02;1.547591e-02;7.080325e-02;5.139203e-02;2.164352e-01;4.309641e-02
1.598420e-01;1.138187e-02;1.284167e-01;9.726340e-03;3.872191e-02;1.403963e-01;3.281258e-02;4.288336e-02;7.081498e-02;7.251847e-02;2.600328e-01;3.245275e-02
7.320450e-02;1.194058e-02;1.031950e-01;9.735232e-03;9.294906e-02;1.245110e-01;3.893758e-02;1.253184e-01;9.745483e-02;7.235324e-02;2.029975e-01;4.740321e-02
6.497800e-02;1.147740e-02;9.184395e-02;6.525391e-03;1.376561e-01;8.239664e-02;6.420672e-02;1.636457e-01;1.130248e-01;5.205428e-02;1.380520e-01;7.413916e-02
5.600863e-02;1.149545e-02;6.767667e-02;5.264677e-03;1.357231e-01;1.016857e-01;7.393372e-02;1.342904e-01;1.266952e-01;6.310833e-02;1.513095e-01;7.280861e-02
7.637683e-02;2.198830e-02;8.507402e-02;1.227682e-02;9.610970e-02;1.429761e-01;7.424675e-02;7.808368e-02;1.015987e-01;9.187676e-02;1.592395e-01;6.015290e-02
8.297779e-02;2.998578e-02;8.605658e-02;1.790851e-02;7.708829e-02;1.555798e-01;9.745912e-02;5.790273e-02;7.740109e-02;1.215148e-01;1.492441e-01;4.688135e-02
7.355306e-02;2.539907e-02;1.417298e-01;2.916117e-02;7.584992e-02;1.219245e-01;1.249843e-01;5.686953e-02;6.236029e-02;1.183630e-01;1.321564e-01;3.764897e-02
1.108204e-01;2.219614e-02;1.913333e-01;3.097177e-02;7.621869e-02;8.347548e-02;1.259055e-01;6.063977e-02;4.994706e-02;7.581097e-02;1.246201e-01;4.806086e-02
1.310466e-01;4.868779e-02;1.243941e-01;2.498551e-02;9.901497e-02;7.265642e-02;9.705242e-02;7.393256e-02;5.112536e-02;8.147551e-02;1.370558e-01;5.857296e-02
9.950114e-02;8.748410e-02;1.277938e-01;3.495562e-02;1.064858e-01;6.454197e-02;1.229088e-01;6.600197e-02;6.712403e-02;8.808515e-02;9.989850e-02;3.521911e-02
1.212668e-01;1.124296e-01;1.604662e-01;5.509858e-02;6.790377e-02;5.112261e-02;1.431100e-01;4.539180e-02;8.001769e-02;7.630172e-02;3.892834e-02;4.796278e-02
1.572644e-01;8.200045e-02;1.321863e-01;6.817360e-02;3.875846e-02;4.498262e-02;1.786091e-01;3.832335e-02;7.107383e-02;7.733997e-02;3.767077e-02;7.361725e-02
1.666570e-01;5.978706e-02;7.040328e-02;8.191771e-02;1.810203e-02;4.254576e-02;2.383552e-01;3.488229e-02;4.841604e-02;7.001247e-02;5.473175e-02;1.141894e-01
1.461894e-01;3.962516e-02;3.269733e-02;8.026396e-02;2.127215e-02;4.257021e-02;2.598701e-01;4.499560e-02;4.263460e-02;6.118578e-02;8.970222e-02;1.389934e-01
1.398718e-01;4.479016e-02;4.198664e-02;5.151282e-02;2.960470e-02;6.405233e-02;1.766980e-01;5.601986e-02;8.389986e-02;7.620873e-02;1.315710e-01;1.037841e-01
9.775694e-02;3.433028e-02;6.903760e-02;3.748019e-02;3.945030e-02;9.074781e-02;1.072915e-01;6.976537e-02;1.194784e-01;1.184604e-01;1.534337e-01;6.276745e-02
9.110411e-02;3.995972e-02;7.850780e-02;4.892072e-02;4.585706e-02;9.984963e-02;8.779532e-02;7.253396e-02;1.265875e-01;1.449354e-01;1.162806e-01;4.766816e-02
1.251447e-01;4.525302e-02;7.488232e-02;4.373737e-02;2.734086e-02;7.360725e-02;2.163323e-01;7.421436e-02;8.856228e-02;1.076514e-01;4.689764e-02;7.637649e-02
1.157128e-01;2.074958e-02;9.057730e-02;3.293724e-02;2.694589e-02;5.044821e-02;3.271047e-01;9.159207e-02;5.773982e-02;7.755493e-02;4.857522e-02;6.006229e-02
7.507925e-02;5.206713e-02;9.850211e-02;2.710684e-02;4.276814e-02;4.827375e-02;2.837519e-01;1.068167e-01;4.886321e-02;7.836318e-02;7.962184e-02;5.878597e-02
1.751548e-01;4.635558e-02;7.387584e-02;2.350333e-02;4.743567e-02;5.831248e-02;1.220386e-01;6.858014e-02;5.484473e-02;1.086193e-01;1.164695e-01;1.048100e-01
2.597577e-01;4.269409e-02;6.613631e-02;2.360641e-02;2.864895e-02;7.062440e-02;7.396965e-02;4.455192e-02;4.561295e-02;9.266762e-02;1.559262e-01;9.580388e-02
3.244810e-01;2.481312e-02;5.678264e-02;1.281090e-02;1.496917e-02;9.700635e-02;7.053088e-02;3.434901e-02;3.247459e-02;7.296636e-02;1.937629e-01;6.505297e-02
3.083892e-01;1.685678e-02;4.469117e-02;2.092552e-02;1.987383e-02;1.123774e-01;1.218735e-01;3.049032e-02;1.830890e-02;6.929733e-02;1.997247e-01;3.719132e-02
1.785366e-01;3.093757e-02;3.091857e-02;4.864691e-02;4.995144e-02;8.163857e-02;1.745362e-01;5.858353e-02;3.065727e-02;1.212970e-01;1.470270e-01;4.726925e-02
7.395334e-02;4.787761e-02;5.573634e-02;6.868947e-02;7.371819e-02;6.027783e-02;1.771671e-01;7.707078e-02;6.061306e-02;1.513171e-01;9.853929e-02;5.503989e-02
4.686110e-02;5.656398e-02;1.010607e-01;7.403474e-02;6.880852e-02;7.141849e-02;1.777890e-01;7.565152e-02;7.324362e-02;1.298725e-01;7.142910e-02;5.326682e-02
7.206701e-02;5.576194e-02;1.229134e-01;6.063085e-02;6.372652e-02;6.957440e-02;1.907250e-01;6.452081e-02;4.466350e-02;1.183932e-01;8.295910e-02;5.406423e-02
9.659526e-02;5.604071e-02;1.128880e-01;3.995948e-02;7.476749e-02;6.777269e-02;1.229838e-01;4.859614e-02;4.945648e-02;1.429306e-01;1.280385e-01;5.997093e-02
1.180878e-01;5.953814e-02;1.199528e-01;4.719636e-02;7.928911e-02;7.805409e-02;5.209517e-02;4.367847e-02;6.295586e-02;1.732377e-01;1.285482e-01;3.736633e-02
1.084830e-01;5.653470e-02;7.475958e-02;5.882956e-02;7.579050e-02;8.495440e-02;1.098995e-01;4.724554e-02;5.045504e-02;1.677869e-01;1.392601e-01;2.600116e-02
1.110130e-01;4.483161e-02;4.665793e-02;4.277555e-02;8.088777e-02;9.100996e-02;1.404504e-01;5.429143e-02;4.783599e-02;1.451517e-01;1.310738e-01;6.402079e-02
8.517457e-02;4.469571e-02;7.877458e-02;3.290176e-02;8.390857e-02;9.148081e-02;1.824437e-01;4.762337e-02;5.242669e-02;1.381761e-01;9.119870e-02;7.119544e-02
7.095887e-02;6.523021e-02;8.284450e-02;2.969307e-02;6.991406e-02;6.639782e-02;2.338833e-01;6.449419e-02;4.013530e-02;1.343666e-01;9.283778e-02;4.924434e-02
1.312074e-01;6.837127e-02;7.879372e-02;2.737892e-02;6.251083e-02;4.324487e-02;2.518571e-01;6.377929e-02;4.328370e-02;9.710642e-02;8.793186e-02;4.453465e-02
1.481805e-01;5.518191e-02;8.112098e-02;3.468255e-02;5.556713e-02;4.608266e-02;2.543562e-01;5.299541e-02;5.115385e-02;6.831154e-02;8.774047e-02;6.462684e-02
1.166576e-01;5.481217e-02;6.859804e-02;6.243016e-02;6.528020e-02;5.310592e-02;2.129252e-01;6.529440e-02;5.492219e-02;5.148381e-02;9.399305e-02;1.004973e-01
1.165767e-01;5.450321e-02;1.224246e-01;5.079914e-02;6.436466e-02;6.769352e-02;1.713059e-01;5.436357e-02;4.488428e-02;8.195368e-02;9.588824e-02;7.524254e-02
1.632089e-01;9.609996e-02;1.750009e-01;3.769272e-02;5.007117e-02;6.317257e-02;1.261794e-01;4.980727e-02;5.987993e-02;6.313033e-02;5.153131e-02;6.422556e-02
1.787671e-01;8.027198e-02;1.548172e-01;3.161123e-02;3.093780e-02;5.551685e-02;1.144403e-01;3.702993e-02;5.293886e-02;6.049733e-02;9.539983e-02;1.077716e-01
1.583265e-01;5.538312e-02;1.277031e-01;2.474271e-02;2.270435e-02;6.233311e-02;9.227622e-02;3.882924e-02;4.018244e-02;5.418555e-02;1.799704e-01;1.433632e-01
1.137701e-01;2.218826e-02;1.189432e-01;1.207064e-02;1.508715e-02;9.669694e-02;6.633250e-02;3.286454e-02;2.604892e-02;4.785647e-02;2.982637e-01;1.498775e-01
6.422414e-02;2.195051e-02;1.479684e-01;4.774829e-03;1.327256e-02;1.427558e-01;6.348298e-02;1.877228e-02;1.397800e-02;5.329780e-02;3.665837e-01;8.893894e-02
3.514541e-02;1.943101e-02;1.953999e-01;7.293487e-03;2.116505e-02;1.620892e-01;7.437365e-02;7.909890e-03;1.227139e-02;6.855157e-02;3.499666e-01;4.640280e-02
2.154098e-02;3.290568e-02;2.318021e-01;1.791471e-02;3.013633e-02;1.486375e-01;9.852496e-02;1.267769e-02;1.229699e-02;7.865444e-02;2.779329e-01;3.697564e-02
2.346465e-02;3.532686e-02;2.165510e-01;2.904096e-02;3.628719e-02;1.798056e-01;1.242554e-01;1.366566e-02;1.087102e-02;9.084234e-02;2.213409e-01;1.854842e-02
3.655617e-02;2.433083e-02;1.290121e-01;2.252845e-02;4.010888e-02;2.756480e-01;1.330488e-01;1.436097e-02;2.623154e-02;8.332312e-02;1.936964e-01;2.115471e-02
4.049889e-02;1.396236e-02;7.786801e-02;1.422526e-02;3.196685e-02;3.095191e-01;1.108538e-01;2.433923e-02;8.662423e-02;7.483882e-02;1.858113e-01;2.949214e-02
6.376855e-02;8.961605e-03;8.199456e-02;1.081395e-02;2.098254e-02;2.646541e-01;6.961146e-02;2.023059e-02;1.355435e-01;8.580481e-02;2.066184e-01;3.101594e-02
5.986886e-02;1.720385e-02;1.081878e-01;1.015212e-02;2.560966e-02;2.096615e-01;5.083621e-02;1.453108e-02;1.249569e-01;1.015817e-01;2.433486e-01;3.406169e-02
5.283056e-02;6.121023e-02;1.219312e-01;1.305937e-02;4.496603e-02;1.478008e-01;6.074790e-02;3.833397e-02;7.114314e-02;1.023112e-01;2.316134e-01;5.405214e-02
1.138813e-01;8.171714e-02;1.000621e-01;2.437721e-02;5.275068e-02;1.149262e-01;9.631011e-02;5.860207e-02;4.257141e-02;8.641061e-02;1.526312e-01;7.575994e-02
1.284245e-01;1.677611e-01;9.224288e-02;4.468025e-02;3.634997e-02;8.874446e-02;1.264838e-01;3.789621e-02;3.969889e-02;6.202547e-02;7.075880e-02;1.049336e-01
1.047585e-01;2.649116e-01;6.833295e-02;4.460935e-02;3.730437e-02;6.392670e-02;1.574380e-01;2.697865e-02;3.223565e-02;4.287342e-02;4.677109e-02;1.098598e-01
1.184012e-01;2.575667e-01;7.077535e-02;3.354080e-02;4.892602e-02;5.203862e-02;1.415675e-01;3.518270e-02;3.388832e-02;5.755228e-02;6.757784e-02;8.298267e-02
1.485431e-01;1.675695e-01;8.106040e-02;2.822720e-02;6.127262e-02;7.408710e-02;1.048481e-01;3.700573e-02;3.948805e-02;1.036451e-01;1.006681e-01;5.358507e-02
1.821840e-01;9.510059e-02;9.405938e-02;4.192973e-02;5.029886e-02;8.930657e-02;7.787893e-02;4.515503e-02;3.630008e-02;1.031462e-01;1.175175e-01;6.712311e-02
2.224751e-01;1.377877e-01;9.879698e-02;3.912178e-02;4.549779e-02;6.529409e-02;5.716845e-02;4.543060e-02;5.388739e-02;7.353918e-02;8.858518e-02;7.241564e-02
2.037262e-01;1.245551e-01;1.028635e-01;6.019171e-02;4.608150e-02;6.329280e-02;4.154316e-02;4.446092e-02;7.532862e-02;5.935892e-02;8.868848e-02;8.990912e-02
1.177262e-01;1.142763e-01;7.331815e-02;6.830179e-02;4.903403e-02;7.043310e-02;6.084951e-02;1.172252e-01;6.162322e-02;6.752672e-02;1.096351e-01;9.005070e-02
1.636899e-01;1.199354e-01;1.116723e-01;5.942963e-02;5.346558e-02;6.573022e-02;7.968904e-02;1.117301e-01;3.755438e-02;6.285186e-02;6.936646e-02;6.488504e-02
1.311031e-01;8.536277e-02;1.085542e-01;8.247622e-02;8.062276e-02;7.171161e-02;8.319165e-02;9.954014e-02;3.932381e-02;7.665417e-02;8.559662e-02;5.586291e-02
1.260133e-01;6.462843e-02;6.171564e-02;5.341919e-02;9.055525e-02;7.201149e-02;7.536534e-02;1.448488e-01;5.658511e-02;6.195206e-02;1.381071e-01;5.479825e-02
1.470593e-01;8.467489e-02;5.980902e-02;1.982051e-02;7.847736e-02;5.020348e-02;7.145615e-02;1.871247e-01;4.872585e-02;3.444285e-02;1.133001e-01;1.049058e-01
1.059229e-01;1.058931e-01;5.747389e-02;1.335927e-02;6.862809e-02;3.838073e-02;7.285033e-02;2.330698e-01;4.237938e-02;2.992687e-02;8.442635e-02;1.476893e-01
1.247918e-01;1.034744e-01;4.699915e-02;9.195151e-03;5.889473e-02;3.540315e-02;5.305020e-02;2.355929e-01;4.742549e-02;2.506486e-02;1.110854e-01;1.490229e-01
2.060162e-01;6.515043e-02;7.041158e-02;5.310436e-03;3.749855e-02;4.582950e-02;2.970869e-02;1.632764e-01;6.117316e-02;4.384805e-02;1.647710e-01;1.070060e-01
2.717020e-01;3.414574e-02;8.253097e-02;6.987988e-03;2.087124e-02;6.520195e-02;4.080412e-02;7.658659e-02;5.626759e-02;6.655585e-02;2.073651e-01;7.098082e-02
2.629856e-01;3.329188e-02;8.809872e-02;1.303491e-02;2.378468e-02;6.869474e-02;6.493744e-02;6.737208e-02;4.458305e-02;9.330036e-02;1.770902e-01;6.282645e-02
1.351396e-01;4.131601e-02;8.573315e-02;1.358222e-02;3.590936e-02;6.372882e-02;9.067737e-02;1.539622e-01;8.121203e-02;1.262044e-01;8.835049e-02;8.418436e-02
3.889893e-02;2.887414e-02;6.000503e-02;1.513619e-02;3.435546e-02;4.609412e-02;1.275962e-01;2.074597e-01;1.096158e-01;1.335283e-01;9.427599e-02;1.041601e-01
6.938730e-02;1.600412e-02;3.356592e-02;1.341336e-02;2.522543e-02;3.286443e-02;1.914123e-01;2.344712e-01;7.892811e-02;1.133925e-01;1.114140e-01;7.992120e-02
6.227368e-02;6.155655e-02;3.419309e-02;1.110796e-02;4.133279e-02;5.392844e-02;1.715312e-01;2.388164e-01;6.675370e-02;1.051373e-01;8.252936e-02;7.083953e-02
5.618592e-02;1.693298e-01;7.332500e-02;3.155070e-02;4.917615e-02;9.067943e-02;9.676032e-02;1.355927e-01;5.481879e-02;1.005695e-01;7.009845e-02;7.191339e-02
4.399263e-02;2.357092e-01;7.181300e-02;7.186255e-02;4.471423e-02;8.129189e-02;6.523935e-02;8.944736e-02;3.199775e-02;1.103257e-01;7.837369e-02;7.523257e-02
4.568174e-02;1.720049e-01;8.982231e-02;1.014447e-01;5.137017e-02;8.389970e-02;5.379765e-02;8.587607e-02;2.922271e-02;1.230242e-01;1.104462e-01;5.340974e-02
5.702533e-02;6.768376e-02;1.348595e-01;7.544914e-02;1.068565e-01;1.407019e-01;8.467511e-02;6.069406e-02;2.960422e-02;1.073423e-01;1.038079e-01;3.130034e-02
7.739279e-02;2.895350e-02;1.197247e-01;8.653167e-02;1.197247e-01;1.781407e-01;1.242333e-01;4.557664e-02;2.451260e-02;9.250917e-02;6.862628e-02;3.407393e-02
6.351203e-02;3.034637e-02;1.203603e-01;1.112289e-01;7.565761e-02;1.608326e-01;1.761499e-01;4.785310e-02;3.288268e-02;9.502091e-02;4.422625e-02;4.192933e-02
6.413708e-02;4.617809e-02;1.580320e-01;9.039266e-02;4.498973e-02;9.065667e-02;1.622051e-01;4.238623e-02;4.055974e-02;1.381299e-01;7.941935e-02;4.291337e-02
2.575286e-02;5.592969e-02;1.311100e-01;3.746093e-02;6.832977e-02;6.474020e-02;1.513613e-01;3.328222e-02;4.045604e-02;1.988839e-01;1.369399e-01;5.575320e-02
6.967611e-02;4.817723e-02;1.483186e-01;3.689871e-02;8.689416e-02;7.896373e-02;5.411759e-02;3.698473e-02;3.521996e-02;1.929064e-01;1.461572e-01;6.568568e-02
5.890894e-02;6.673846e-02;1.697928e-01;4.611455e-02;1.007852e-01;8.353046e-02;1.055234e-01;2.388204e-02;2.760156e-02;1.439530e-01;1.099868e-01;6.318273e-02
7.725722e-02;9.733386e-02;1.517968e-01;5.320813e-02;8.775377e-02;8.307184e-02;1.669482e-01;3.495459e-02;4.678603e-02;8.752359e-02;6.470413e-02;4.866191e-02
5.101496e-02;1.167029e-01;1.427376e-01;5.823390e-02;9.433334e-02;8.523588e-02;1.621236e-01;6.769146e-02;4.912319e-02;5.919743e-02;6.647266e-02;4.713318e-02
5.471105e-02;9.654568e-02;1.457916e-01;6.654032e-02;7.407656e-02;7.791788e-02;1.856756e-01;7.281523e-02;3.776475e-02;6.821368e-02;7.952533e-02;4.042242e-02
7.076148e-02;1.343174e-01;1.252072e-01;5.730259e-02;5.516154e-02;8.564178e-02;1.979959e-01;6.151688e-02;3.893260e-02;5.680268e-02;5.674013e-02;5.961988e-02
7.913208e-02;1.352019e-01;1.554591e-01;2.306600e-02;3.350773e-02;7.994898e-02;1.675551e-01;5.566506e-02;3.171314e-02;7.175077e-02;7.765408e-02;8.934605e-02
8.785580e-02;1.253661e-01;1.587704e-01;3.349422e-02;4.376929e-02;6.320956e-02;1.352846e-01;4.732716e-02;3.244103e-02;8.466455e-02;1.002284e-01;8.758894e-02
8.007273e-02;9.717777e-02;1.508827e-01;8.795114e-02;4.725410e-02;8.884066e-02;1.125983e-01;3.762352e-02;3.725462e-02;9.066901e-02;8.862849e-02;8.104695e-02
8.249329e-02;6.528360e-02;1.326274e-01;9.515084e-02;5.171261e-02;1.239036e-01;8.410235e-02;4.442379e-02;6.265061e-02;9.833401e-02;8.445489e-02;7.486301e-02
9.686916e-02;6.535821e-02;9.014738e-02;5.725592e-02;6.906445e-02;1.222794e-01;9.306269e-02;4.868995e-02;1.057596e-01;1.056288e-01;8.712455e-02;5.875995e-02
8.078419e-02;7.811876e-02;1.072355e-01;6.396309e-02;6.299406e-02;9.802004e-02;1.255316e-01;8.316056e-02;8.901756e-02;9.116325e-02;7.270970e-02;4.730168e-02
7.440820e-02;7.948732e-02;8.801286e-02;4.468666e-02;7.103616e-02;7.338375e-02;1.645018e-01;8.075245e-02;6.764690e-02;7.996174e-02;1.102542e-01;6.586797e-02
7.404573e-02;7.196187e-02;9.317216e-02;5.390885e-02;7.773004e-02;8.684795e-02;1.320304e-01;9.925096e-02;9.395695e-02;8.744776e-02;7.814668e-02;5.150062e-02
1.910502e-01;1.306269e-01;1.180646e-01;3.586753e-02;3.876229e-02;4.257775e-02;9.010780e-02;1.036629e-01;3.701243e-02;4.611969e-02;8.059774e-02;8.555005e-02
2.159976e-01;1.493247e-01;1.174782e-01;3.094866e-02;3.099553e-02;3.548421e-02;8.711760e-02;9.702861e-02;3.662047e-02;4.130305e-02;8.049546e-02;7.720590e-02
2.304318e-01;1.565538e-01;1.314095e-01;2.801747e-02;2.573441e-02;3.721899e-02;8.074045e-02;8.716945e-02;3.907851e-02;3.872735e-02;8.240465e-02;6.251354e-02
2.130019e-01;1.324484e-01;1.511442e-01;4.059427e-02;2.266357e-02;4.377378e-02;8.563139e-02;6.068002e-02;3.838451e-02;4.161162e-02;7.491651e-02;9.514992e-02
1.927623e-01;1.085707e-01;7.015239e-02;6.071434e-02;1.404979e-02;5.368773e-02;1.334920e-01;5.453036e-02;1.995551e-02;7.555284e-02;4.104892e-02;1.754831e-01
1.846660e-01;7.424632e-02;4.254134e-02;5.748229e-02;1.480002e-02;8.061336e-02;1.317295e-01;6.531128e-02;3.135492e-02;1.001680e-01;3.302047e-02;1.840666e-01
1.343021e-01;5.131437e-02;4.406737e-02;6.031962e-02;1.228602e-02;8.366208e-02;2.053292e-01;5.822604e-02;3.911260e-02;1.000830e-01;4.264816e-02;1.686493e-01
7.768588e-02;4.226923e-02;3.714123e-02;4.707096e-02;3.534122e-02;1.006931e-01;2.788127e-01;4.290039e-02;7.918481e-02;6.691480e-02;5.505760e-02;1.369281e-01
5.325760e-02;2.809284e-02;5.569732e-02;1.954930e-02;6.219658e-02;2.015305e-01;2.171462e-01;3.151604e-02;1.405267e-01;3.514868e-02;8.696958e-02;6.836871e-02
4.264496e-02;1.585201e-02;7.611436e-02;1.936744e-02;6.960507e-02;2.891466e-01;1.353913e-01;2.090026e-02;1.518144e-01;3.304517e-02;1.200750e-01;2.604340e-02
6.233388e-02;2.380656e-02;8.531507e-02;3.052167e-02;7.661024e-02;2.712374e-01;1.194553e-01;3.505562e-02;1.000248e-01;5.588780e-02;1.097943e-01;2.995736e-02
8.651544e-02;3.871256e-02;8.311239e-02;3.791456e-02;7.219156e-02;2.051197e-01;1.379173e-01;5.148554e-02;8.871749e-02;7.811905e-02;7.946502e-02;4.072936e-02
7.545190e-02;4.119527e-02;1.008163e-01;3.843940e-02;7.413548e-02;1.759838e-01;1.081384e-01;4.336748e-02;1.198813e-01;1.077775e-01;5.944745e-02;5.536549e-02
2.713714e-02;3.675865e-02;8.180764e-02;3.448508e-02;1.099893e-01;1.849986e-01;1.149614e-01;3.588533e-02;7.602520e-02;1.454451e-01;8.176409e-02;7.074253e-02
1.900881e-02;3.144694e-02;6.416846e-02;2.327562e-02;1.340963e-01;1.846988e-01;8.673115e-02;3.217451e-02;7.406064e-02;1.854739e-01;9.866064e-02;6.620418e-02
1.613429e-02;1.995161e-02;7.956867e-02;2.700682e-02;1.182594e-01;2.133774e-01;5.725063e-02;2.893064e-02;6.114782e-02;2.226713e-01;9.407603e-02;6.162537e-02
1.473455e-02;3.737366e-02;6.915861e-02;3.031885e-02;1.805631e-01;1.835848e-01;2.465393e-02;1.629048e-02;5.582900e-02;2.337698e-01;8.891720e-02;6.480616e-02
1.992785e-02;6.505084e-02;4.895410e-02;5.752152e-02;2.300667e-01;8.527484e-02;5.374519e-02;3.905970e-02;5.037556e-02;2.074451e-01;7.820081e-02;6.437771e-02
1.805555e-02;6.547127e-02;5.231517e-02;9.780573e-02;1.731991e-01;7.480992e-02;6.112395e-02;9.343424e-02;6.023785e-02;1.796348e-01;7.358246e-02;5.032993e-02
1.871728e-02;3.793116e-02;4.542574e-02;9.380541e-02;9.273119e-02;7.684554e-02;6.846917e-02;2.008211e-01;8.482230e-02;1.764574e-01;6.964059e-02;3.433304e-02
4.896753e-03;3.147296e-02;2.311773e-02;4.008738e-02;9.951548e-02;4.855878e-02;7.115206e-02;2.931022e-01;1.059693e-01;1.760629e-01;7.672527e-02;2.933921e-02
8.229752e-03;4.520303e-02;1.366948e-02;4.447003e-02;8.250042e-02;2.487827e-02;6.082352e-02;3.367015e-01;9.871418e-02;1.655393e-01;9.244747e-02;2.682300e-02
7.581173e-03;5.181832e-02;6.916887e-03;5.843343e-02;5.690376e-02;2.677210e-02;8.207454e-02;3.793799e-01;5.955513e-02;1.521072e-01;1.006767e-01;1.778082e-02
9.910244e-03;5.073107e-02;1.553942e-02;7.125697e-02;5.265172e-02;2.680593e-02;1.185596e-01;3.798630e-01;2.626678e-02;1.270182e-01;1.062924e-01;1.510474e-02
4.381570e-03;4.412957e-02;1.762616e-02;1.592811e-01;6.470477e-02;3.802279e-02;1.937346e-01;2.479050e-01;2.176558e-02;9.384968e-02;1.017542e-01;1.284497e-02
1.378936e-02;4.293264e-02;1.727857e-02;2.709475e-01;6.236637e-02;5.099477e-02;2.459843e-01;9.285870e-02;1.414749e-02;7.088296e-02;1.000004e-01;1.781696e-02
2.496849e-02;1.143764e-01;4.317994e-02;2.876969e-01;3.152367e-02;6.563304e-02;2.212751e-01;3.025733e-02;8.119904e-03;5.337849e-02;9.440804e-02;2.518260e-02
3.060986e-02;1.989021e-01;3.705686e-02;2.090641e-01;2.286429e-02;7.158982e-02;1.856328e-01;2.537345e-02;7.865516e-03;5.348929e-02;1.005914e-01;5.696056e-02
5.739705e-02;1.663853e-01;2.433963e-02;1.257168e-01;2.778320e-02;9.909362e-02;1.429730e-01;3.700134e-02;8.128097e-03;8.019035e-02;1.199631e-01;1.110286e-01
6.429335e-02;6.029575e-02;3.834508e-02;6.945520e-02;3.393973e-02;1.630560e-01;9.894254e-02;8.312669e-02;1.565916e-02;1.176272e-01;1.549606e-01;1.002987e-01
6.736628e-02;2.238125e-02;5.071976e-02;2.530927e-02;4.922865e-02;2.132005e-01;6.935515e-02;1.559820e-01;1.623883e-02;1.000832e-01;1.783368e-01;5.179823e-02
4.465943e-02;2.819671e-02;4.292574e-02;2.819970e-02;6.664973e-02;2.555324e-01;5.034309e-02;1.820609e-01;1.422786e-02;7.172357e-02;1.866003e-01;2.888066e-02
3.535507e-02;2.925914e-02;4.608960e-02;2.508913e-02;8.707937e-02;3.185356e-01;5.605109e-02;1.084265e-01;1.291464e-02;7.183703e-02;1.900559e-01;1.930691e-02
3.822748e-02;1.868727e-02;5.347090e-02;1.355816e-02;8.052241e-02;4.190894e-01;5.942145e-02;2.484983e-02;1.300249e-02;6.888853e-02;1.937131e-01;1.656896e-02
4.043665e-02;1.400074e-02;5.880672e-02;1.194829e-02;5.760813e-02;4.428132e-01;6.112010e-02;1.991840e-02;2.650728e-02;6.150785e-02;1.887461e-01;1.658650e-02
4.425986e-02;1.015472e-02;6.293909e-02;1.121496e-02;3.771038e-02;3.876817e-01;4.480189e-02;2.229027e-02;9.754610e-02;6.451065e-02;1.936682e-01;2.322214e-02
6.998452e-02;1.101481e-02;6.812970e-02;1.597324e-02;3.379495e-02;2.875168e-01;3.040704e-02;1.227746e-02;1.576650e-01;8.253083e-02;2.077233e-01;2.298224e-02
8.882689e-02;2.455497e-02;7.177269e-02;2.278710e-02;3.201739e-02;2.086665e-01;4.349370e-02;1.759272e-02;1.283240e-01;1.131968e-01;2.259910e-01;2.277626e-02
1.062415e-01;5.074061e-02;9.125465e-02;4.422139e-02;4.085600e-02;1.508635e-01;5.343426e-02;2.687822e-02;5.721830e-02;1.206411e-01;2.131243e-01;4.452613e-02
9.458176e-02;8.899309e-02;9.449238e-02;1.067395e-01;4.414745e-02;8.998016e-02;9.095379e-02;3.355445e-02;4.965698e-02;9.216561e-02;1.397209e-01;7.501381e-02
7.223163e-02;1.109667e-01;6.578533e-02;1.562671e-01;3.729229e-02;6.952116e-02;1.737591e-01;3.943403e-02;4.407772e-02;5.545707e-02;7.123899e-02;1.039687e-01
5.589442e-02;1.131854e-01;5.784956e-02;1.570703e-01;3.742707e-02;5.379553e-02;1.974701e-01;6.036815e-02;3.006417e-02;4.898188e-02;6.754550e-02;1.203479e-01
6.859752e-02;8.709209e-02;5.641326e-02;1.127734e-01;9.595329e-02;3.086793e-02;1.468229e-01;1.338475e-01;4.048187e-02;5.727806e-02;5.656208e-02;1.133101e-01
3.015558e-02;4.395544e-02;7.512475e-02;6.403853e-02;1.653785e-01;3.679972e-02;9.166412e-02;1.843623e-01;5.154653e-02;6.096713e-02;9.879178e-02;9.721559e-02
5.674530e-02;3.418173e-02;1.089443e-01;3.279831e-02;1.953905e-01;3.535871e-02;7.131200e-02;1.624351e-01;5.139680e-02;4.938685e-02;1.105788e-01;9.147163e-02
9.644839e-02;2.907757e-02;2.060231e-01;3.062539e-02;1.469150e-01;3.849148e-02;8.372309e-02;1.044052e-01;5.411239e-02;3.518800e-02;9.728922e-02;7.770126e-02
1.268953e-01;5.966090e-02;2.370353e-01;2.511214e-02;7.520145e-02;5.453879e-02;8.691464e-02;7.743997e-02;4.863748e-02;5.298173e-02;8.648892e-02;6.909335e-02
1.396424e-01;7.553072e-02;2.256057e-01;2.767072e-02;3.840510e-02;6.670356e-02;9.353855e-02;7.060418e-02;4.298570e-02;6.900942e-02;8.376327e-02;6.654060e-02
9.704918e-02;7.002159e-02;2.436204e-01;7.057577e-02;3.113250e-02;7.073002e-02;1.182873e-01;6.866220e-02;4.737578e-02;4.734766e-02;6.781583e-02;6.738181e-02
8.324180e-02;5.028687e-02;2.285680e-01;7.324710e-02;5.892961e-02;6.195369e-02;1.001941e-01;4.923347e-02;4.294396e-02;8.873627e-02;8.565913e-02;7.700586e-02
1.064752e-01;7.232834e-02;1.667226e-01;6.374297e-02;5.397934e-02;7.165471e-02;8.714493e-02;3.537616e-02;5.017064e-02;9.616450e-02;1.095815e-01;8.665905e-02
1.413494e-01;9.292943e-02;1.986108e-01;5.111180e-02;4.534193e-02;6.095050e-02;8.301116e-02;5.352175e-02;4.015223e-02;6.963167e-02;7.805621e-02;8.533310e-02
1.752300e-01;9.404162e-02;1.897658e-01;4.393090e-02;4.182542e-02;4.611437e-02;8.991899e-02;6.252653e-02;4.062433e-02;5.901650e-02;7.345456e-02;8.355099e-02
1.062693e-01;7.548755e-02;1.621097e-01;4.934394e-02;4.171586e-02;6.627345e-02;6.931353e-02;6.861554e-02;6.222970e-02;8.512421e-02;1.080619e-01;1.054554e-01
9.908386e-02;7.717443e-02;1.399244e-01;5.585676e-02;6.293061e-02;6.836142e-02;8.501786e-02;5.351695e-02;6.508794e-02;7.937444e-02;1.111018e-01;1.025696e-01
9.287931e-02;8.260160e-02;1.103252e-01;8.165202e-02;8.987839e-02;6.485218e-02;1.237260e-01;5.134694e-02;5.401903e-02;7.642008e-02;9.132608e-02;8.097326e-02
1.159519e-01;8.250446e-02;1.106999e-01;7.634977e-02;8.522024e-02;6.948734e-02;1.178139e-01;4.709851e-02;5.836958e-02;7.823355e-02;9.184757e-02;6.642324e-02
1.322279e-01;1.047845e-01;8.869891e-02;6.664921e-02;6.476469e-02;8.246331e-02;9.843541e-02;7.431390e-02;4.355657e-02;6.649625e-02;1.072645e-01;7.034478e-02
1.165438e-01;1.390743e-01;1.244273e-01;7.576942e-02;4.191269e-02;8.536221e-02;7.921842e-02;9.396585e-02;4.531609e-02;5.269201e-02;9.380151e-02;5.191634e-02
1.239339e-01;1.375328e-01;1.832656e-01;6.779997e-02;3.377346e-02;8.420119e-02;6.770497e-02;7.333641e-02;8.108543e-02;6.343316e-02;5.073842e-02;3.319456e-02
1.361332e-01;1.373684e-01;1.363843e-01;5.753196e-02;4.291645e-02;1.106014e-01;9.657413e-02;6.531749e-02;8.049438e-02;6.682622e-02;3.345687e-02;3.639533e-02
1.450399e-01;2.478216e-01;7.985216e-02;3.897472e-02;4.748245e-02;1.021349e-01;9.814015e-02;5.868706e-02;5.879946e-02;4.831061e-02;4.388110e-02;3.087596e-02
1.640116e-01;2.846870e-01;7.799679e-02;3.417525e-02;4.081271e-02;6.340805e-02;9.117665e-02;5.110458e-02;5.572379e-02;5.129112e-02;5.607219e-02;2.954034e-02
1.327395e-01;2.592508e-01;1.202413e-01;4.423932e-02;4.115437e-02;4.795207e-02;6.732649e-02;6.196995e-02;6.078333e-02;6.922793e-02;6.122413e-02;3.389082e-02
9.801328e-02;2.034687e-01;1.633848e-01;5.660870e-02;4.499873e-02;5.255356e-02;1.187724e-01;5.544723e-02;5.674320e-02;4.322349e-02;5.982749e-02;4.695840e-02
8.209394e-02;1.373133e-01;1.625563e-01;7.098094e-02;6.138144e-02;8.638290e-02;1.442885e-01;7.745302e-02;5.122358e-02;5.547753e-02;3.657283e-02;3.427573e-02
7.334408e-02;7.838844e-02;1.473159e-01;7.996403e-02;7.104724e-02;9.736432e-02;1.697018e-01;8.675993e-02;5.036189e-02;7.003243e-02;4.333453e-02;3.238534e-02
4.482887e-02;1.172024e-01;1.156958e-01;7.402095e-02;5.784985e-02;6.832968e-02;1.496923e-01;1.265639e-01;7.073130e-02;6.833055e-02;5.680620e-02;4.994825e-02
8.042707e-02;1.710397e-01;6.174583e-02;3.653292e-02;6.221966e-02;3.485887e-02;7.616252e-02;1.438641e-01;1.139898e-01;7.473768e-02;8.073955e-02;6.368235e-02
1.267696e-01;1.849197e-01;1.202516e-01;2.465149e-02;6.050603e-02;5.582859e-02;6.662143e-02;8.119002e-02;8.778396e-02;8.004625e-02;5.590603e-02;5.552521e-02
1.093373e-01;1.650651e-01;1.643624e-01;5.621668e-02;5.064775e-02;8.106621e-02;1.024626e-01;5.649427e-02;5.907647e-02;7.316744e-02;5.252471e-02;2.957921e-02
6.495000e-02;1.725050e-01;1.307798e-01;6.499876e-02;4.732021e-02;9.779317e-02;1.438504e-01;6.328256e-02;6.786986e-02;6.459363e-02;5.589867e-02;2.615777e-02
4.521211e-02;1.835122e-01;1.573176e-01;4.835354e-02;6.429515e-02;8.561097e-02;1.344714e-01;8.085943e-02;6.528524e-02;5.262224e-02;4.798320e-02;3.447689e-02
6.230699e-02;1.746627e-01;1.714978e-01;3.751671e-02;6.996276e-02;8.448742e-02;1.173661e-01;7.668095e-02;7.086251e-02;5.104563e-02;5.049970e-02;3.311081e-02
8.390488e-02;1.336649e-01;1.802821e-01;3.599139e-02;6.740235e-02;9.365170e-02;1.385076e-01;6.929123e-02;6.790847e-02;4.799145e-02;4.808487e-02;3.331910e-02
1.225727e-01;5.939911e-02;1.723501e-01;5.631742e-02;6.779294e-02;7.814935e-02;1.522949e-01;6.353036e-02;6.938638e-02;4.397823e-02;5.273682e-02;6.149163e-02
1.062359e-01;5.927435e-02;1.591305e-01;6.990973e-02;5.505926e-02;7.812248e-02;1.631234e-01;5.564351e-02;5.928105e-02;6.110938e-02;8.065680e-02;5.245373e-02
8.535721e-02;6.672190e-02;1.335965e-01;6.178662e-02;5.212480e-02;6.907354e-02;1.280763e-01;1.100256e-01;9.098712e-02;7.611983e-02;7.450177e-02;5.162881e-02
5.324068e-02;1.080998e-01;5.011591e-02;7.713314e-02;7.610513e-02;8.759787e-02;6.374082e-02;1.357238e-01;1.290829e-01;1.051195e-01;4.451268e-02;6.952779e-02
6.656049e-02;1.070990e-01;6.574230e-02;7.403658e-02;8.005750e-02;9.674364e-02;7.297292e-02;1.237498e-01;1.230811e-01;9.138002e-02;3.763279e-02;6.094387e-02
8.920080e-02;9.262653e-02;1.234589e-01;9.006678e-02;8.745385e-02;1.059933e-01;6.878224e-02;9.085024e-02;1.003197e-01;7.254729e-02;3.549366e-02;4.320662e-02
1.450612e-01;6.052903e-02;2.094097e-01;6.947442e-02;6.280370e-02;6.966292e-02;1.112932e-01;5.431333e-02;3.308968e-02;8.562126e-02;5.041438e-02;4.832721e-02
1.945873e-01;9.910233e-02;1.648785e-01;4.980821e-02;3.389085e-02;5.588596e-02;1.101761e-01;6.492773e-02;3.707174e-02;7.846510e-02;4.787643e-02;6.332978e-02
1.872670e-01;1.022922e-01;1.697834e-01;4.961811e-02;4.590087e-02;5.806955e-02;1.024521e-01;7.258202e-02;3.179590e-02;7.288120e-02;4.258577e-02;6.477176e-02
1.484519e-01;8.052415e-02;1.928056e-01;5.781735e-02;6.130199e-02;7.387069e-02;9.021014e-02;6.429013e-02;3.521889e-02;7.953708e-02;5.699552e-02;5.897653e-02
1.066467e-01;4.731608e-02;1.425027e-01;7.105220e-02;6.646861e-02;8.538199e-02;1.234885e-01;7.994206e-02;7.108574e-02;6.609891e-02;8.038754e-02;5.962890e-02
1.061852e-01;7.039404e-02;9.474987e-02;6.716809e-02;8.290003e-02;6.750427e-02;1.465034e-01;1.058907e-01;7.041011e-02;5.364948e-02;7.870740e-02;5.593751e-02
1.191317e-01;6.309679e-02;9.453195e-02;5.446512e-02;8.863267e-02;8.768591e-02;1.196398e-01;1.257576e-01;5.820074e-02;7.803895e-02;6.924330e-02;4.157539e-02
9.841143e-02;4.154974e-02;9.972355e-02;3.599425e-02;5.424109e-02;1.697997e-01;9.127490e-02;8.656273e-02;6.280581e-02;6.654368e-02;1.264988e-01;6.659431e-02
7.019386e-02;2.418624e-02;1.086962e-01;2.873034e-02;2.734495e-02;2.324756e-01;9.340715e-02;4.337121e-02;8.055216e-02;5.088936e-02;1.664032e-01;7.374966e-02
7.588141e-02;2.832788e-02;1.079640e-01;2.771272e-02;4.303713e-02;2.268479e-01;9.269339e-02;2.460093e-02;7.755433e-02;6.931549e-02;1.618490e-01;6.421582e-02
8.552092e-02;4.514748e-02;1.224876e-01;3.071453e-02;5.076322e-02;2.142741e-01;1.046803e-01;3.287818e-02;6.204426e-02;8.118539e-02;1.342603e-01;3.604382e-02
8.755296e-02;5.552996e-02;1.688082e-01;3.252297e-02;4.315433e-02;2.303869e-01;8.950154e-02;2.918872e-02;6.068268e-02;7.177331e-02;9.953282e-02;3.136555e-02
9.428745e-02;3.627402e-02;1.036537e-01;2.500024e-02;6.346044e-02;2.090746e-01;1.215098e-01;3.630199e-02;7.100981e-02;7.990574e-02;8.553772e-02;7.398453e-02
1.273106e-01;3.711061e-02;1.240304e-01;3.214566e-02;5.359751e-02;1.186485e-01;1.010317e-01;2.732818e-02;6.218301e-02;1.027854e-01;1.377985e-01;7.603002e-02
8.770956e-02;4.320919e-02;1.586996e-01;3.347068e-02;4.479198e-02;8.963764e-02;1.130793e-01;3.298879e-02;5.251837e-02;1.023773e-01;1.604226e-01;8.109500e-02
7.687400e-02;4.225280e-02;1.783451e-01;3.538281e-02;4.402355e-02;1.481484e-01;1.171318e-01;3.769830e-02;3.550828e-02;7.498723e-02;1.206246e-01;8.902309e-02
7.533798e-02;3.990581e-02;1.757768e-01;2.856923e-02;4.855129e-02;1.746616e-01;1.002437e-01;5.489586e-02;4.857656e-02;5.389560e-02;1.250228e-01;7.456288e-02
6.654364e-02;4.704821e-02;1.183593e-01;4.827949e-02;7.046823e-02;1.369282e-01;1.292770e-01;4.944883e-02;1.049574e-01;7.467218e-02;1.130614e-01;4.095612e-02
9.847891e-02;9.086930e-02;1.908275e-01;5.003750e-02;6.384044e-02;5.162951e-02;1.286079e-01;7.398994e-02;7.526777e-02;2.771824e-02;9.520930e-02;5.352369e-02
1.630298e-01;8.993188e-02;1.722132e-01;3.883329e-02;5.313884e-02;5.307160e-02;1.145964e-01;6.557578e-02;5.019027e-02;3.010692e-02;8.306454e-02;8.624747e-02
2.332558e-01;8.010484e-02;1.274083e-01;3.515266e-02;3.846918e-02;5.428705e-02;9.958163e-02;5.951837e-02;2.924620e-02;4.837551e-02;6.854811e-02;1.260524e-01
2.478351e-01;6.979209e-02;7.531425e-02;3.241980e-02;2.420400e-02;5.863428e-02;1.033479e-01;5.400060e-02;2.488906e-02;6.702553e-02;7.605772e-02;1.664797e-01
1.804519e-01;4.527470e-02;7.319165e-02;2.798537e-02;3.033119e-02;6.323317e-02;1.032758e-01;6.733613e-02;3.127541e-02;7.649878e-02;1.391355e-01;1.620104e-01
1.072674e-01;3.529858e-02;6.070942e-02;3.981099e-02;4.755037e-02;5.781817e-02;8.201919e-02;9.082349e-02;3.960538e-02;1.345193e-01;1.499322e-01;1.546455e-01
4.459295e-02;3.981122e-02;5.961077e-02;6.683814e-02;5.921576e-02;4.841259e-02;8.359072e-02;9.256843e-02;7.481422e-02;1.708696e-01;1.272762e-01;1.323993e-01
