8.023009e-02;8.977006e-02;2.040537e-01;4.824984e-02;6.390820e-02;4.924323e-02;2.587701e-01;4.215705e-02;2.970958e-02;5.153523e-02;5.280600e-02;2.956699e-02
7.398322e-02;7.814743e-02;2.265224e-01;4.875980e-02;7.501598e-02;4.562320e-02;2.723158e-01;3.089482e-02;3.041596e-02;5.067470e-02;5.137012e-02;1.627664e-02
9.258493e-02;6.384734e-02;2.482480e-01;3.242461e-02;5.813215e-02;5.932460e-02;2.655122e-01;3.541379e-02;2.684975e-02;4.812348e-02;4.517967e-02;2.435955e-02
1.088215e-01;6.624150e-02;2.396817e-01;2.022711e-02;4.574922e-02;5.914320e-02;2.650231e-01;3.194427e-02;2.943175e-02;4.990527e-02;4.587672e-02;3.795473e-02
9.256652e-02;5.682502e-02;2.671325e-01;1.821067e-02;5.476603e-02;5.742682e-02;2.676374e-01;2.332882e-02;3.085513e-02;4.542352e-02;4.424298e-02;4.158457e-02
6.735402e-02;5.533079e-02;2.925960e-01;3.031063e-02;6.596047e-02;6.920569e-02;2.001661e-01;3.559389e-02;3.146264e-02;4.965971e-02;5.649600e-02;4.586404e-02
4.602597e-02;6.963237e-02;2.724960e-01;4.947785e-02;8.547584e-02;7.730290e-02;1.162783e-01;3.707536e-02;4.403495e-02;6.665395e-02;8.286875e-02;5.267774e-02
7.582908e-02;7.633593e-02;1.641052e-01;6.184753e-02;1.169184e-01;1.067996e-01;9.413799e-02;3.124346e-02;7.467900e-02;5.749983e-02;8.209617e-02;5.850780e-02
5.846499e-02;9.635270e-02;1.304244e-01;5.341425e-02;1.190996e-01;1.235944e-01;1.407058e-01;4.320892e-02;6.012033e-02;4.967292e-02;6.295173e-02;6.198996e-02
9.819143e-02;6.400596e-02;1.481164e-01;4.746600e-02;6.756672e-02;1.252301e-01;1.832155e-01;5.337376e-02;3.082011e-02;4.330444e-02;7.032634e-02;6.838319e-02
1.292862e-01;1.882834e-02;1.263830e-01;6.798303e-02;5.016257e-02;8.211838e-02;2.609614e-01;5.373472e-02;2.467592e-02;3.152473e-02;6.120634e-02;9.313536e-02
1.281799e-01;3.177032e-02;5.536629e-02;1.061568e-01;3.247003e-02;4.697900e-02;3.377686e-01;6.593098e-02;2.258054e-02;2.458386e-02;3.718072e-02;1.110329e-01
9.491377e-02;2.887318e-02;1.625947e-02;1.140655e-01;2.161662e-02;2.874900e-02;4.341358e-01;8.567056e-02;1.409614e-02;2.250124e-02;2.831986e-02;1.107988e-01
4.845240e-02;1.448260e-02;2.882319e-02;9.618483e-02;1.177287e-02;3.264064e-02;5.048150e-01;1.117339e-01;1.288433e-02;1.345610e-02;2.527522e-02;9.947888e-02
2.094356e-02;1.635554e-02;2.489300e-02;7.834710e-02;1.351226e-02;2.963211e-02;5.384373e-01;1.208655e-01;1.323458e-02;1.712421e-02;2.820225e-02;9.845261e-02
2.443453e-02;1.711294e-02;3.140393e-02;7.252704e-02;1.623088e-02;5.033328e-02;4.992319e-01;9.195878e-02;2.922450e-02;2.726160e-02;3.534410e-02;1.049365e-01
3.948220e-02;1.630427e-02;5.235261e-02;7.964331e-02;1.639497e-02;6.278257e-02;4.370616e-01;6.614083e-02;4.440892e-02;2.995727e-02;3.888722e-02;1.165842e-01
4.409163e-02;3.099787e-02;6.173429e-02;8.522448e-02;1.633983e-02;5.357542e-02;3.894308e-01;5.087659e-02;4.566419e-02;5.291816e-02;3.094041e-02;1.382064e-01
5.145646e-02;3.749589e-02;2.367350e-02;1.061307e-01;1.475864e-02;3.611442e-02;3.772056e-01;5.693011e-02;3.546866e-02;5.936842e-02;3.449564e-02;1.669020e-01
8.532334e-02;3.689821e-02;3.018433e-02;1.020026e-01;9.606244e-03;3.032636e-02;3.657637e-01;5.979967e-02;2.287048e-02;6.002934e-02;2.605977e-02;1.711359e-01
1.127197e-01;2.076100e-02;2.732605e-02;8.305085e-02;1.074799e-02;2.327906e-02;3.735032e-01;7.857653e-02;2.558298e-02;6.069205e-02;2.353741e-02;1.602232e-01
1.356663e-01;2.419374e-02;4.163610e-02;6.263367e-02;9.190527e-03;5.073780e-02;3.736331e-01;9.212673e-02;2.687323e-02;4.677039e-02;2.222302e-02;1.143154e-01
1.264996e-01;5.946283e-02;6.987325e-02;4.708330e-02;1.528059e-02;7.882047e-02;3.369263e-01;9.177261e-02;3.197080e-02;3.742470e-02;3.141914e-02;7.346649e-02
1.395326e-01;8.545849e-02;9.380058e-02;3.778447e-02;2.433091e-02;7.590214e-02;2.635793e-01;1.043585e-01;4.654245e-02;4.447052e-02;3.718049e-02;4.705951e-02
2.501217e-01;9.126465e-02;9.090205e-02;4.991169e-02;1.928408e-02;3.629870e-02;1.392407e-01;1.169029e-01;4.222034e-02;4.697963e-02;2.782732e-02;8.904614e-02
2.855753e-01;6.549582e-02;8.373594e-02;3.984684e-02;1.545012e-02;3.006628e-02;1.606375e-01;1.112404e-01;6.200706e-02;3.030240e-02;2.753280e-02;8.810949e-02
3.452996e-01;5.263864e-02;7.468342e-02;1.631000e-02;1.195923e-02;2.763574e-02;1.694017e-01;1.299809e-01;6.040995e-02;2.149898e-02;2.007293e-02;7.010898e-02
3.775370e-01;6.664205e-02;8.836152e-02;9.817997e-03;1.628142e-02;2.496873e-02;1.256158e-01;1.399271e-01;4.277487e-02;2.114405e-02;1.622809e-02;7.070140e-02
4.310608e-01;9.016783e-02;1.023246e-01;1.188288e-02;1.801091e-02;1.529753e-02;7.208494e-02;1.376811e-01;2.539995e-02;1.662035e-02;1.585672e-02;6.361245e-02
4.517230e-01;1.154324e-01;1.349102e-01;1.435086e-02;2.796241e-02;6.627266e-03;3.541947e-02;1.154293e-01;1.559428e-02;1.211068e-02;1.244066e-02;5.799958e-02
4.130308e-01;1.195591e-01;1.550047e-01;1.792996e-02;3.072759e-02;7.194242e-03;4.307010e-02;1.032629e-01;2.310744e-02;1.790666e-02;1.096198e-02;5.824452e-02
3.602209e-01;1.015664e-01;1.408396e-01;2.765327e-02;2.979009e-02;1.686007e-02;7.931753e-02;1.099194e-01;2.797162e-02;2.879588e-02;1.804689e-02;5.901831e-02
2.988082e-01;4.973394e-02;1.244438e-01;3.601725e-02;3.183611e-02;4.410543e-02;1.306968e-01;1.040163e-01;3.333728e-02;4.015103e-02;3.673545e-02;7.011838e-02
2.301307e-01;7.073565e-02;6.699949e-02;3.223675e-02;3.718498e-02;6.847236e-02;1.717364e-01;9.886765e-02;5.394260e-02;6.628633e-02;4.939117e-02;5.401590e-02
1.678218e-01;7.681119e-02;7.448129e-02;3.204963e-02;4.099096e-02;5.514360e-02;1.726093e-01;1.444642e-01;7.984701e-02;6.871562e-02;4.232297e-02;4.474235e-02
1.351119e-01;8.227101e-02;8.992386e-02;4.290422e-02;4.454739e-02;5.036436e-02;1.336484e-01;1.680664e-01;7.099053e-02;6.080119e-02;4.118439e-02;8.018648e-02
1.201993e-01;8.371760e-02;1.035844e-01;5.168887e-02;3.114351e-02;5.576755e-02;8.023648e-02;1.526697e-01;7.285690e-02;7.048353e-02;4.540127e-02;1.322509e-01
2.381629e-01;9.556552e-02;6.443429e-02;3.878393e-02;3.059286e-02;6.013927e-02;1.107783e-01;8.236121e-02;4.752370e-02;5.753076e-02;4.631184e-02;1.278154e-01
3.231423e-01;8.528891e-02;8.394448e-02;2.329094e-02;3.464637e-02;4.713308e-02;1.293065e-01;7.561009e-02;3.886797e-02;3.116683e-02;3.593234e-02;9.167016e-02
3.511182e-01;1.288250e-01;1.114462e-01;2.236224e-02;5.395758e-02;2.002230e-02;1.004143e-01;6.972290e-02;4.753281e-02;2.157559e-02;2.183820e-02;5.118457e-02
2.794138e-01;2.078718e-01;2.053604e-01;2.531404e-02;5.185729e-02;1.699561e-02;5.953213e-02;2.990653e-02;6.848644e-02;1.848719e-02;1.303101e-02;2.374365e-02
1.652388e-01;2.894637e-01;2.825797e-01;2.145103e-02;3.044190e-02;2.884564e-02;2.713753e-02;2.835334e-02;9.102745e-02;1.849341e-02;6.823170e-03;1.014430e-02
1.168248e-01;3.619668e-01;2.955582e-01;1.403661e-02;1.502385e-02;3.401290e-02;1.368647e-02;2.070941e-02;1.013693e-01;1.181138e-02;7.386766e-03;7.613595e-03
1.394349e-01;3.794503e-01;2.823632e-01;1.366420e-02;7.732665e-03;3.113587e-02;1.331906e-02;1.859532e-02;9.669554e-02;6.199385e-03;4.582670e-03;6.826791e-03
1.932711e-01;3.520976e-01;2.621087e-01;9.870990e-03;7.231962e-03;2.054143e-02;1.088575e-02;3.076647e-02;9.330635e-02;4.008357e-03;4.626522e-03;1.128476e-02
2.320523e-01;2.859157e-01;2.356544e-01;1.223171e-02;1.020451e-02;1.509059e-02;3.333594e-02;4.480457e-02;9.156864e-02;8.423021e-03;1.115457e-02;1.956408e-02
2.077466e-01;2.177118e-01;2.024156e-01;1.697689e-02;1.930198e-02;2.471554e-02;7.266932e-02;5.384205e-02;1.163203e-01;2.147922e-02;2.391715e-02;2.290363e-02
1.353653e-01;1.960747e-01;1.783658e-01;2.083318e-02;1.971501e-02;2.874944e-02;1.036674e-01;3.503909e-02;1.857129e-01;3.781906e-02;3.253571e-02;2.612248e-02
1.026959e-01;1.704269e-01;1.730934e-01;2.329706e-02;3.032910e-02;2.927279e-02;9.617577e-02;4.871895e-02;2.207166e-01;4.256010e-02;3.278598e-02;2.992743e-02
1.289065e-01;1.555054e-01;2.027994e-01;2.846889e-02;4.278977e-02;3.895825e-02;6.528178e-02;6.055723e-02;1.824062e-01;3.136670e-02;2.537880e-02;3.758102e-02
1.635474e-01;1.542839e-01;2.657035e-01;3.255667e-02;3.711353e-02;4.038213e-02;5.400733e-02;6.981078e-02;1.095529e-01;2.503688e-02;1.570306e-02;3.230197e-02
1.599413e-01;1.034483e-01;3.041593e-01;3.069386e-02;3.183972e-02;4.536375e-02;9.044348e-02;7.137436e-02;9.302431e-02;2.981007e-02;1.638701e-02;2.351450e-02
1.505672e-01;9.345960e-02;2.728365e-01;3.474197e-02;4.223471e-02;5.758723e-02;7.722092e-02;8.468224e-02;1.151389e-01;3.420689e-02;1.410131e-02;2.322260e-02
1.222302e-01;8.348447e-02;1.887834e-01;6.044951e-02;4.837557e-02;7.924870e-02;1.107375e-01;8.385827e-02;1.186645e-01;6.095386e-02;1.907227e-02;2.414169e-02
1.196502e-01;5.385761e-02;1.269900e-01;7.170177e-02;5.022122e-02;9.358685e-02;1.553487e-01;7.175856e-02;1.156550e-01;7.822160e-02;2.177136e-02;4.123720e-02
1.441564e-01;6.780788e-02;1.334554e-01;5.428232e-02;6.852010e-02;7.857300e-02;1.448783e-01;7.675131e-02;9.991819e-02;5.361019e-02;2.880598e-02;4.924096e-02
7.728388e-02;1.410246e-01;1.916414e-01;7.976335e-02;7.709651e-02;5.902215e-02;1.283339e-01;4.558666e-02;8.341777e-02;4.672888e-02;2.302808e-02;4.707289e-02
6.845804e-02;1.655803e-01;3.771373e-01;7.016937e-02;5.008218e-02;4.244475e-02;7.803591e-02;2.265771e-02;6.787651e-02;3.244307e-02;1.206912e-02;1.304574e-02
7.717089e-02;2.354570e-01;3.978477e-01;5.134733e-02;2.941276e-02;4.584122e-02;4.015439e-02;1.202922e-02;7.618047e-02;1.946355e-02;7.531248e-03;7.564115e-03
9.477959e-02;3.238804e-01;3.291826e-01;3.077534e-02;1.187060e-02;5.823567e-02;1.350219e-02;7.479899e-03;1.074622e-01;1.239230e-02;5.999191e-03;4.440011e-03
1.283613e-01;3.464760e-01;2.492955e-01;2.019853e-02;1.254654e-02;6.126977e-02;1.545425e-02;1.239815e-02;1.389432e-01;6.859111e-03;3.960589e-03;4.237065e-03
1.760687e-01;3.108899e-01;2.197953e-01;1.305006e-02;9.528624e-03;3.886439e-02;1.993376e-02;2.277925e-02;1.682353e-01;1.004070e-02;4.585374e-03;6.228659e-03
2.396838e-01;2.732604e-01;1.877574e-01;1.117474e-02;1.037739e-02;1.677519e-02;3.260258e-02;3.801030e-02;1.519944e-01;1.735276e-02;8.451368e-03;1.255965e-02
2.537407e-01;2.469488e-01;1.823818e-01;1.873153e-02;2.239213e-02;2.105105e-02;5.503755e-02;6.135795e-02;7.848470e-02;2.538636e-02;1.261321e-02;2.187423e-02
1.441613e-01;2.364301e-01;2.015824e-01;3.000427e-02;3.090044e-02;4.164198e-02;1.012412e-01;6.681201e-02;6.904174e-02;2.747555e-02;2.020352e-02;3.050556e-02
1.920108e-01;2.239672e-01;1.536697e-01;2.993232e-02;3.483998e-02;3.417316e-02;8.349149e-02;7.434356e-02;9.363785e-02;2.939262e-02;1.845694e-02;3.208437e-02
3.132186e-01;2.037054e-01;1.642904e-01;1.561568e-02;3.947110e-02;1.630781e-02;3.957133e-02;7.505591e-02;7.095007e-02;2.062676e-02;1.212351e-02;2.906352e-02
3.356068e-01;2.000698e-01;1.767903e-01;1.110135e-02;4.687301e-02;1.352081e-02;3.724826e-02;7.367659e-02;4.598911e-02;1.308569e-02;1.200823e-02;3.403002e-02
2.673304e-01;1.802671e-01;1.813438e-01;1.626484e-02;5.168283e-02;3.076558e-02;4.055845e-02;8.915709e-02;4.690071e-02;2.313695e-02;2.605146e-02;4.654084e-02
1.059936e-01;1.437498e-01;2.344110e-01;1.861075e-02;6.999319e-02;6.194348e-02;5.512935e-02;1.037840e-01;7.163084e-02;3.647958e-02;3.902570e-02;5.924885e-02
2.556921e-01;9.552125e-02;2.312341e-01;1.936693e-02;9.292348e-02;4.052938e-02;3.984171e-02;9.721586e-02;3.795216e-02;2.159307e-02;2.525932e-02;4.287061e-02
2.899569e-01;9.273151e-02;2.286377e-01;2.002768e-02;1.087695e-01;2.477585e-02;1.671868e-02;1.108126e-01;2.191291e-02;1.844072e-02;2.940441e-02;3.781155e-02
3.229957e-01;5.214114e-02;1.831168e-01;3.112943e-02;1.081642e-01;3.894678e-02;3.224457e-02;1.063497e-01;2.995800e-02;1.628595e-02;3.155600e-02;4.711171e-02
2.549180e-01;8.617479e-02;1.121944e-01;7.687425e-02;7.130109e-02;5.058387e-02;1.130857e-01;1.030572e-01;4.043425e-02;2.325266e-02;2.414871e-02;4.397498e-02
2.021617e-01;1.026314e-01;7.820830e-02;9.429692e-02;4.768727e-02;3.952869e-02;1.423066e-01;1.474918e-01;4.746165e-02;3.167000e-02;1.630925e-02;5.024638e-02
1.557955e-01;8.388814e-02;7.279456e-02;1.093455e-01;3.280443e-02;3.291104e-02;1.621256e-01;1.907905e-01;3.045870e-02;4.573283e-02;1.409463e-02;6.925857e-02
1.312876e-01;5.439543e-02;6.625808e-02;1.137943e-01;1.523575e-02;3.199792e-02;2.188892e-01;1.650648e-01;1.623944e-02;7.025503e-02;2.238063e-02;9.420177e-02
1.531419e-01;4.164099e-02;5.788087e-02;9.259479e-02;2.074128e-02;2.316086e-02;2.477623e-01;1.194068e-01;3.290851e-02;7.867184e-02;2.041042e-02;1.116795e-01
1.131506e-01;3.580899e-02;7.049354e-02;7.835384e-02;1.277308e-02;3.377381e-02;2.872181e-01;1.287083e-01;3.627565e-02;7.764552e-02;2.030797e-02;1.054906e-01
5.322567e-02;3.812924e-02;9.897366e-02;7.202768e-02;2.634653e-02;6.876013e-02;3.006303e-01;1.431764e-01;2.729202e-02;6.841785e-02;3.144709e-02;7.157341e-02
7.538569e-02;5.306850e-02;1.392159e-01;6.081014e-02;4.205202e-02;8.953848e-02;2.397812e-01;1.356467e-01;3.007055e-02;6.044151e-02;4.354836e-02;3.044092e-02
1.139863e-01;7.110416e-02;1.530588e-01;6.420431e-02;4.985680e-02;7.863878e-02;1.248610e-01;1.419826e-01;5.990580e-02;8.053926e-02;3.572822e-02;2.613410e-02
1.584819e-01;5.602763e-02;6.122909e-02;6.612257e-02;4.998431e-02;5.406761e-02;8.614485e-02;1.443239e-01;8.788192e-02;1.251407e-01;3.320350e-02;7.739200e-02
1.674865e-01;6.125167e-02;7.241391e-02;7.167728e-02;6.085664e-02;4.752187e-02;1.163267e-01;7.676569e-02;6.747986e-02;1.303297e-01;2.812740e-02;9.976279e-02
1.726893e-01;1.027779e-01;8.060425e-02;8.101270e-02;4.834626e-02;3.219419e-02;1.076960e-01;5.625835e-02;6.335138e-02;9.964058e-02;3.608346e-02;1.193456e-01
1.313618e-01;1.356561e-01;9.577338e-02;7.333549e-02;4.303750e-02;4.177004e-02;9.171371e-02;7.488036e-02;8.981270e-02;5.977199e-02;4.425600e-02;1.186309e-01
1.551540e-01;1.101483e-01;1.157797e-01;6.630441e-02;3.966375e-02;6.651696e-02;8.126281e-02;8.702005e-02;8.400790e-02;7.652993e-02;3.655463e-02;8.105751e-02
1.854890e-01;1.116436e-01;1.161763e-01;6.114858e-02;4.440923e-02;7.094911e-02;9.969507e-02;8.498000e-02;6.663835e-02;8.362124e-02;3.015495e-02;4.509461e-02
1.583856e-01;9.845112e-02;1.490564e-01;7.948633e-02;4.817197e-02;5.493223e-02;1.162531e-01;8.508968e-02;5.893051e-02;7.568352e-02;2.041174e-02;5.514778e-02
1.108648e-01;8.217222e-02;2.345281e-01;6.666871e-02;4.993048e-02;6.895948e-02;8.395279e-02;8.049007e-02;9.322307e-02;5.795814e-02;1.866810e-02;5.258403e-02
9.215315e-02;1.473558e-01;2.249970e-01;3.999293e-02;3.986014e-02;5.919638e-02;7.942738e-02;5.519823e-02;1.567553e-01;4.853190e-02;1.991902e-02;3.661279e-02
1.138380e-01;1.928000e-01;1.878008e-01;2.781056e-02;2.333403e-02;4.107978e-02;6.159895e-02;7.319641e-02;1.991756e-01;3.599842e-02;1.372003e-02;2.964734e-02
1.700985e-01;1.909376e-01;1.518442e-01;2.022593e-02;1.566909e-02;1.983046e-02;6.790837e-02;1.361888e-01;1.690504e-01;2.098793e-02;1.034853e-02;2.691014e-02
2.183650e-01;1.496178e-01;1.320158e-01;1.360440e-02;2.854634e-02;1.795690e-02;1.015807e-01;1.690867e-01;9.876484e-02;2.106608e-02;1.762988e-02;3.176551e-02
1.713419e-01;1.486760e-01;8.825724e-02;1.887537e-02;3.853577e-02;3.400851e-02;1.248031e-01;1.626776e-01;9.348547e-02;3.520502e-02;3.784892e-02;4.628518e-02
1.439067e-01;1.583521e-01;1.112667e-01;2.233763e-02;4.323095e-02;3.353775e-02;1.064083e-01;1.218824e-01;1.200551e-01;3.063723e-02;4.957122e-02;5.881384e-02
2.867162e-01;1.082116e-01;1.594996e-01;1.645732e-02;4.078247e-02;1.549002e-02;6.349364e-02;1.049738e-01;1.051072e-01;1.607792e-02;3.640239e-02;4.678774e-02
3.120422e-01;9.343354e-02;1.927498e-01;1.162367e-02;4.265676e-02;1.319468e-02;5.204917e-02;1.043596e-01;9.277934e-02;1.939489e-02;2.582628e-02;3.989007e-02
3.451338e-01;1.252775e-01;1.786201e-01;9.659915e-03;4.859201e-02;1.331101e-02;5.334543e-02;8.046311e-02;6.984768e-02;1.747318e-02;2.302810e-02;3.524817e-02
3.575615e-01;1.446362e-01;1.664674e-01;1.323028e-02;5.806813e-02;2.314919e-02;4.938875e-02;7.017454e-02;5.380909e-02;1.983779e-02;1.972816e-02;2.394905e-02
3.662395e-01;1.734080e-01;1.362686e-01;8.941653e-03;5.860632e-02;2.209723e-02;5.587700e-02;7.429331e-02;4.436808e-02;1.652492e-02;1.641231e-02;2.696303e-02
4.162618e-01;1.923367e-01;1.138424e-01;7.676107e-03;5.415657e-02;1.192316e-02;4.135371e-02;7.409900e-02;2.769095e-02;1.201701e-02;1.449156e-02;3.415113e-02
4.640038e-01;1.988110e-01;1.107646e-01;6.493521e-03;4.794335e-02;1.085878e-02;1.824055e-02;6.962994e-02;1.392796e-02;7.944684e-03;1.156890e-02;3.981290e-02
4.606439e-01;1.800270e-01;1.149749e-01;7.886205e-03;3.917145e-02;1.088365e-02;1.363845e-02;6.418651e-02;3.080240e-02;1.170911e-02;1.829113e-02;4.778526e-02
4.094944e-01;1.457546e-01;1.262558e-01;2.254160e-02;2.520929e-02;1.684484e-02;2.310555e-02;5.990136e-02;4.049066e-02;2.187841e-02;3.171645e-02;7.680693e-02
3.111589e-01;1.027166e-01;1.306870e-01;3.234881e-02;1.958169e-02;2.778498e-02;5.773175e-02;6.795622e-02;5.615721e-02;3.979916e-02;5.771617e-02;9.636142e-02
3.144971e-01;1.226644e-01;9.656976e-02;2.305658e-02;3.384917e-02;3.274329e-02;8.144519e-02;7.149305e-02;5.460539e-02;4.490560e-02;5.789398e-02;6.627648e-02
3.744026e-01;1.641236e-01;9.338795e-02;1.205774e-02;3.950331e-02;2.363219e-02;6.354029e-02;5.226661e-02;4.686808e-02;4.491202e-02;3.613146e-02;4.917405e-02
4.124244e-01;1.788969e-01;9.005214e-02;1.195973e-02;4.498510e-02;1.393342e-02;5.819589e-02;4.408930e-02;4.410791e-02;3.257078e-02;2.785168e-02;4.093285e-02
3.955463e-01;1.932020e-01;9.359674e-02;1.748008e-02;6.195647e-02;1.489293e-02;4.471510e-02;3.508655e-02;3.603155e-02;3.851282e-02;1.921388e-02;4.976542e-02
3.857943e-01;1.960401e-01;6.423170e-02;3.167177e-02;6.849741e-02;2.896723e-02;5.426138e-02;2.641635e-02;2.952663e-02;4.157815e-02;2.009281e-02;5.292219e-02
3.366480e-01;1.590725e-01;9.188104e-02;2.574271e-02;3.956734e-02;2.832983e-02;6.396709e-02;5.400176e-02;6.515551e-02;4.773775e-02;2.779230e-02;6.010417e-02
2.843902e-01;1.301695e-01;1.073901e-01;2.317799e-02;3.091594e-02;3.216579e-02;7.386834e-02;8.933116e-02;8.597846e-02;5.866668e-02;3.652002e-02;4.742594e-02
2.179130e-01;5.348649e-02;1.941283e-01;4.209997e-02;4.320326e-02;4.808564e-02;1.020316e-01;7.710797e-02;9.951168e-02;5.423371e-02;3.332501e-02;3.487334e-02
1.546330e-01;7.576458e-02;2.721963e-01;6.327585e-02;5.728409e-02;4.395198e-02;9.691632e-02;5.508231e-02;7.884367e-02;4.107828e-02;3.955946e-02;2.141422e-02
1.693919e-01;5.558910e-02;1.995302e-01;7.666409e-02;5.870886e-02;4.191685e-02;1.169068e-01;6.439053e-02;8.857948e-02;3.546038e-02;4.400756e-02;4.885418e-02
2.706352e-01;7.947324e-02;7.071459e-02;7.685012e-02;6.650887e-02;3.776602e-02;9.831265e-02;7.991783e-02;8.164068e-02;3.375999e-02;3.628474e-02;6.813600e-02
3.701277e-01;1.337259e-01;9.946471e-02;4.394463e-02;8.017489e-02;1.622534e-02;4.603431e-02;8.011186e-02;4.383982e-02;2.069867e-02;1.792112e-02;4.773102e-02
4.489292e-01;1.661053e-01;8.598778e-02;1.774272e-02;8.316415e-02;1.842170e-02;2.422714e-02;7.354364e-02;2.151885e-02;1.325249e-02;9.938735e-03;3.716830e-02
4.901292e-01;1.912317e-01;8.627447e-02;1.143221e-02;5.358684e-02;2.196173e-02;1.831047e-02;6.010805e-02;1.403142e-02;7.712785e-03;8.414155e-03;3.680693e-02
5.140699e-01;2.039887e-01;9.672737e-02;1.039557e-02;2.782703e-02;1.377164e-02;7.833123e-03;5.113088e-02;1.633980e-02;6.842884e-03;1.041483e-02;4.065818e-02
5.251625e-01;1.716433e-01;9.062115e-02;7.969833e-03;3.003142e-02;1.049458e-02;1.975343e-02;5.001510e-02;2.366459e-02;1.550312e-02;1.098877e-02;4.415217e-02
5.026224e-01;1.184344e-01;1.174897e-01;6.962501e-03;4.776356e-02;2.072867e-02;3.084044e-02;4.446477e-02;3.460328e-02;2.205801e-02;1.199725e-02;4.203494e-02
3.477607e-01;2.182227e-01;2.047691e-01;1.568426e-02;2.973747e-02;2.449199e-02;2.611571e-02;2.670522e-02;4.397196e-02;2.391786e-02;9.790873e-03;2.883215e-02
1.802752e-01;2.641652e-01;3.456289e-01;2.111148e-02;1.475986e-02;4.033586e-02;1.554907e-02;2.196416e-02;5.291347e-02;2.021157e-02;5.638000e-03;1.744712e-02
5.322257e-02;2.180948e-01;5.162120e-01;3.070351e-02;2.749967e-02;3.193349e-02;1.530648e-02;2.263509e-02;3.811140e-02;3.089291e-02;4.738732e-03;1.064930e-02
7.907197e-02;1.395200e-01;5.540149e-01;5.795927e-02;4.198334e-02;1.111786e-02;2.098002e-02;1.621116e-02;2.854678e-02;3.501725e-02;8.484146e-03;7.093338e-03
1.061878e-01;5.519266e-02;4.610998e-01;1.459477e-01;6.779572e-02;2.804214e-02;2.446100e-02;1.346472e-02;4.438756e-02;2.171256e-02;2.190450e-02;9.803893e-03
1.035414e-01;5.703013e-02;2.530156e-01;2.686168e-01;1.005489e-01;6.078707e-02;2.166611e-02;2.941644e-02;4.218566e-02;9.050466e-03;4.486673e-02;9.274650e-03
8.009254e-02;8.466465e-02;1.891265e-01;3.176162e-01;1.130938e-01;6.374003e-02;1.600360e-02;4.218840e-02;1.925237e-02;9.914347e-03;5.160950e-02;1.269807e-02
6.440537e-02;1.038134e-01;1.561607e-01;3.280832e-01;1.289254e-01;4.853993e-02;2.168424e-02;4.535908e-02;1.131593e-02;1.491969e-02;5.761566e-02;1.917745e-02
4.076903e-02;1.206244e-01;3.071475e-01;2.193924e-01;1.225283e-01;3.516543e-02;3.351955e-02;3.166521e-02;1.549704e-02;1.399713e-02;4.111611e-02;1.857793e-02
2.004369e-02;1.025613e-01;4.247226e-01;1.380279e-01;1.107323e-01;4.169368e-02;5.215304e-02;2.869634e-02;1.719064e-02;1.925618e-02;2.975286e-02;1.516953e-02
5.333058e-02;6.509499e-02;4.617946e-01;7.240970e-02;9.983537e-02;4.813318e-02;6.539233e-02;3.955231e-02;1.933643e-02;2.565060e-02;3.949061e-02;9.979359e-03
8.908015e-02;8.738454e-02;3.403213e-01;9.226609e-02;1.026864e-01;4.243512e-02;4.151883e-02;4.904950e-02;2.842497e-02;3.660404e-02;6.617089e-02;2.405817e-02
1.080231e-01;8.284855e-02;3.177225e-01;1.016720e-01;1.178387e-01;2.862191e-02;2.950729e-02;5.468493e-02;2.709255e-02;3.367773e-02;7.145324e-02;2.685757e-02
1.497736e-01;8.925145e-02;2.079656e-01;1.045606e-01;1.272120e-01;4.301073e-02;4.769512e-02;6.942254e-02;3.301910e-02;3.314219e-02;7.706647e-02;1.788063e-02
1.626099e-01;1.139419e-01;1.879335e-01;1.178620e-01;1.167829e-01;4.179657e-02;6.626160e-02;5.360446e-02;3.854122e-02;2.896054e-02;5.318948e-02;1.851587e-02
1.703179e-01;1.193627e-01;2.363116e-01;1.236058e-01;1.014038e-01;3.278467e-02;5.262050e-02;4.633632e-02;3.278004e-02;2.660364e-02;3.391482e-02;2.395823e-02
1.841581e-01;1.291968e-01;2.106061e-01;1.518696e-01;9.015148e-02;2.860294e-02;4.026234e-02;5.415464e-02;2.701771e-02;2.593615e-02;3.266270e-02;2.538143e-02
1.807187e-01;1.102143e-01;1.601429e-01;1.972437e-01;9.639422e-02;3.307544e-02;3.456106e-02;6.543270e-02;3.489920e-02;3.200325e-02;3.518705e-02;2.012747e-02
1.567547e-01;6.612429e-02;1.914000e-01;2.192915e-01;1.075956e-01;2.905339e-02;3.032593e-02;6.048585e-02;4.124944e-02;3.864872e-02;3.024495e-02;2.882553e-02
1.615809e-01;1.181253e-01;1.027953e-01;1.974895e-01;1.168990e-01;3.746467e-02;4.190551e-02;6.338034e-02;5.590225e-02;3.210874e-02;3.349368e-02;3.885485e-02
1.635792e-01;1.238876e-01;8.341910e-02;1.807288e-01;1.133005e-01;4.793457e-02;4.974031e-02;7.463073e-02;6.549288e-02;2.949151e-02;2.571395e-02;4.208092e-02
1.388786e-01;8.838686e-02;1.638603e-01;1.776739e-01;1.071682e-01;5.067026e-02;5.644115e-02;6.416389e-02;5.586679e-02;2.848858e-02;2.638072e-02;4.202082e-02
1.073785e-01;1.264578e-01;1.792093e-01;1.663873e-01;1.117709e-01;3.150938e-02;9.882519e-02;3.203096e-02;4.053394e-02;3.527752e-02;3.570326e-02;3.491603e-02
1.285820e-01;1.280461e-01;4.078051e-01;8.606043e-02;5.934383e-02;2.312378e-02;7.203203e-02;1.256199e-02;2.900286e-02;2.118137e-02;1.456337e-02;1.769705e-02
1.661261e-01;1.845383e-01;3.927751e-01;6.382432e-02;3.738128e-02;2.207300e-02;4.667194e-02;1.316278e-02;3.451715e-02;1.104280e-02;9.474931e-03;1.841229e-02
2.511220e-01;2.564828e-01;3.011003e-01;4.295395e-02;2.166303e-02;1.288372e-02;3.574041e-02;1.178446e-02;3.314431e-02;7.235453e-03;6.454885e-03;1.943456e-02
3.557015e-01;2.951014e-01;2.011967e-01;2.797320e-02;1.274907e-02;1.166063e-02;2.363599e-02;7.270822e-03;2.749303e-02;9.335550e-03;7.350687e-03;2.053147e-02
4.347739e-01;2.724852e-01;1.580718e-01;1.866658e-02;1.571036e-02;1.219775e-02;1.584356e-02;8.322527e-03;2.388706e-02;9.947228e-03;6.747133e-03;2.334704e-02
4.894979e-01;2.335797e-01;1.154091e-01;1.865329e-02;2.599032e-02;1.302776e-02;1.806925e-02;1.509848e-02;1.591575e-02;1.187454e-02;9.646521e-03;3.323735e-02
4.858204e-01;1.756013e-01;1.321651e-01;2.052345e-02;3.461815e-02;1.496312e-02;2.758018e-02;2.591222e-02;1.267900e-02;1.241410e-02;1.136919e-02;4.635380e-02
4.708599e-01;9.406888e-02;1.756244e-01;2.122978e-02;2.758109e-02;2.010586e-02;3.399145e-02;3.770925e-02;1.644631e-02;2.156403e-02;1.880874e-02;6.201034e-02
4.535731e-01;4.915662e-02;1.960712e-01;2.663224e-02;1.876073e-02;2.071565e-02;3.347995e-02;4.574579e-02;2.940375e-02;2.670962e-02;2.217500e-02;7.757644e-02
4.553787e-01;6.954098e-02;1.417610e-01;2.954545e-02;1.458235e-02;2.038788e-02;4.617587e-02;4.033814e-02;3.555839e-02;3.005036e-02;2.816217e-02;8.851877e-02
4.946680e-01;8.859418e-02;4.426166e-02;2.068780e-02;1.374187e-02;2.346576e-02;5.792268e-02;2.147680e-02;3.788098e-02;4.428113e-02;3.793415e-02;1.150851e-01
3.698775e-01;1.135781e-01;1.216395e-01;2.019772e-02;1.381794e-02;2.005187e-02;6.882729e-02;3.479414e-02;2.994568e-02;5.157259e-02;4.856973e-02;1.071278e-01
2.099120e-01;1.392524e-01;1.926436e-01;2.577542e-02;1.899708e-02;2.219200e-02;1.008885e-01;4.758012e-02;3.252935e-02;4.482252e-02;6.923688e-02;9.617021e-02
2.863476e-01;1.072466e-01;1.446987e-01;3.077015e-02;2.294769e-02;3.059289e-02;1.256433e-01;3.274154e-02;3.382964e-02;2.679654e-02;6.193441e-02;9.645095e-02
3.329082e-01;1.039270e-01;8.909674e-02;3.482891e-02;3.385319e-02;2.427226e-02;1.203995e-01;2.589633e-02;3.344695e-02;3.793562e-02;5.570669e-02;1.077286e-01
2.032237e-01;1.339618e-01;5.781427e-02;4.056298e-02;3.743021e-02;2.786232e-02;1.430887e-01;4.007307e-02;4.903810e-02;5.051099e-02;7.678884e-02;1.396450e-01
1.990712e-01;1.214677e-01;1.530983e-01;2.921805e-02;3.305500e-02;2.096725e-02;1.289743e-01;2.549716e-02;4.191331e-02;5.320774e-02;6.864598e-02;1.248841e-01
2.600137e-01;7.792647e-02;1.009761e-01;2.749635e-02;3.795169e-02;2.818419e-02;1.157600e-01;4.492300e-02;4.212654e-02;6.874172e-02;6.683194e-02;1.290683e-01
2.424241e-01;4.833955e-02;6.436168e-02;2.640188e-02;4.884742e-02;3.217624e-02;1.309837e-01;5.225899e-02;4.732768e-02;6.502177e-02;8.268183e-02;1.591752e-01
3.064345e-01;5.694037e-02;7.785917e-02;3.022215e-02;4.164048e-02;1.854616e-02;1.447473e-01;4.129463e-02;3.107013e-02;4.496609e-02;6.818654e-02;1.380925e-01
3.322371e-01;7.001118e-02;6.203587e-02;2.580363e-02;2.746271e-02;2.630420e-02;1.356709e-01;5.396910e-02;4.528204e-02;5.946662e-02;6.652558e-02;9.523103e-02
2.761177e-01;1.287075e-01;1.279094e-01;2.101746e-02;2.823598e-02;3.365326e-02;1.229820e-01;3.724729e-02;5.711363e-02;4.846325e-02;5.861582e-02;5.993670e-02
1.944679e-01;1.634784e-01;2.165561e-01;3.089800e-02;3.140876e-02;4.724788e-02;8.381398e-02;2.711703e-02;5.510466e-02;4.660041e-02;5.008929e-02;5.321759e-02
2.377513e-01;1.524770e-01;1.325990e-01;4.306831e-02;3.267567e-02;4.856449e-02;5.889012e-02;4.394526e-02;6.160528e-02;6.967422e-02;5.971446e-02;5.903490e-02
2.824066e-01;1.391811e-01;1.109487e-01;3.519303e-02;3.864292e-02;3.930108e-02;7.760043e-02;4.165988e-02;5.833862e-02;6.174199e-02;4.990829e-02;6.507745e-02
2.740878e-01;1.191503e-01;1.113732e-01;2.950800e-02;4.961878e-02;6.018778e-02;7.739972e-02;5.530746e-02;6.468888e-02;5.464125e-02;3.965013e-02;6.438681e-02
2.241214e-01;1.097850e-01;1.111829e-01;2.920828e-02;8.363693e-02;6.092966e-02;5.160925e-02;7.850185e-02;7.701469e-02;7.029723e-02;4.197730e-02;6.173553e-02
2.213686e-01;5.807061e-02;1.229016e-01;7.201011e-02;1.025327e-01;3.847669e-02;7.545183e-02;6.390724e-02;6.985562e-02;7.140517e-02;4.861729e-02;5.540245e-02
2.392371e-01;6.253569e-02;6.289724e-02;8.575800e-02;9.442693e-02;4.381080e-02;7.940006e-02;4.962932e-02;8.595777e-02;8.335884e-02;3.840776e-02;7.458046e-02
2.107956e-01;7.461944e-02;1.254672e-01;6.136589e-02;8.383637e-02;4.699675e-02;7.678465e-02;4.931601e-02;9.775641e-02;6.736378e-02;3.374283e-02;7.195509e-02
1.880620e-01;9.351449e-02;1.589933e-01;5.115760e-02;7.748020e-02;5.941003e-02;1.093700e-01;4.244653e-02;9.506968e-02;5.512178e-02;2.986264e-02;3.951165e-02
1.668913e-01;9.027988e-02;1.169190e-01;6.234666e-02;6.144043e-02;7.574146e-02;1.225841e-01;6.241227e-02;8.282394e-02;8.561587e-02;4.653921e-02;2.640585e-02
1.852638e-01;9.921322e-02;1.255936e-01;6.026547e-02;4.549314e-02;7.212721e-02;6.853156e-02;7.553361e-02;9.012695e-02;9.530712e-02;4.376472e-02;3.877956e-02
1.636832e-01;7.684568e-02;1.509710e-01;7.341441e-02;3.838819e-02;5.499318e-02;6.370009e-02;6.423818e-02;8.308733e-02;1.419699e-01;3.630781e-02;5.240095e-02
1.075112e-01;5.329214e-02;2.216831e-01;9.797096e-02;4.435507e-02;4.549250e-02;5.280931e-02;4.367186e-02;7.355335e-02;1.592614e-01;3.654629e-02;6.385285e-02
7.973257e-02;4.296878e-02;2.425347e-01;9.540091e-02;4.723820e-02;4.042609e-02;8.391928e-02;3.732135e-02;1.130289e-01;1.244985e-01;3.505972e-02;5.787094e-02
9.591537e-02;9.086801e-02;1.944741e-01;8.137895e-02;4.113402e-02;3.142893e-02;1.062154e-01;6.121373e-02;1.147902e-01;8.596927e-02;4.638441e-02;5.022754e-02
1.288239e-01;1.300870e-01;1.393729e-01;6.174400e-02;6.006724e-02;3.557631e-02;7.922101e-02;6.432674e-02;9.388711e-02;7.318780e-02;5.181257e-02;8.189353e-02
1.084329e-01;1.482264e-01;1.404211e-01;3.049327e-02;5.475399e-02;3.752257e-02;6.328991e-02;7.466966e-02;9.589905e-02;9.668556e-02;5.972063e-02;8.988495e-02
9.523764e-02;1.255032e-01;1.731804e-01;4.386527e-02;5.298819e-02;4.961778e-02;7.573216e-02;8.215859e-02;7.069457e-02;1.213631e-01;4.329164e-02;6.636757e-02
1.227388e-01;8.847512e-02;1.780516e-01;4.805415e-02;5.763013e-02;6.594170e-02;1.033027e-01;8.744001e-02;6.079940e-02;1.133705e-01;2.831759e-02;4.587830e-02
1.095531e-01;1.269722e-01;1.864929e-01;5.193400e-02;4.407637e-02;7.366762e-02;9.564660e-02;6.470148e-02;7.480887e-02;1.010965e-01;3.079922e-02;4.025123e-02
1.272290e-01;1.113049e-01;1.741704e-01;6.152599e-02;4.606408e-02;7.262964e-02;7.156803e-02;4.760776e-02;8.117170e-02;1.056024e-01;3.964545e-02;6.148060e-02
1.217040e-01;1.031877e-01;1.288344e-01;8.660676e-02;5.492071e-02;6.633199e-02;8.472394e-02;5.684512e-02;9.497306e-02;8.512259e-02;3.795711e-02;7.879264e-02
1.026516e-01;6.822066e-02;1.207957e-01;8.797451e-02;8.223674e-02;1.023350e-01;1.113748e-01;6.829948e-02;9.803766e-02;4.809725e-02;3.305595e-02;7.692070e-02
9.476247e-02;6.039763e-02;1.291942e-01;7.968900e-02;8.470775e-02;1.449753e-01;1.143548e-01;4.499865e-02;7.076366e-02;7.574435e-02;2.640313e-02;7.400913e-02
8.915158e-02;9.803071e-02;1.245790e-01;4.201440e-02;7.434800e-02;8.500353e-02;1.020761e-01;9.845869e-02;7.519564e-02;9.540036e-02;4.523591e-02;7.050610e-02
9.077494e-02;1.023956e-01;1.322694e-01;5.247979e-02;6.951626e-02;7.443552e-02;8.685534e-02;1.110907e-01;7.570745e-02;9.145236e-02;5.420649e-02;5.881618e-02
1.166771e-01;1.079838e-01;1.437410e-01;7.896893e-02;5.478098e-02;7.106059e-02;7.114007e-02;8.008747e-02;5.218513e-02;1.029490e-01;5.596061e-02;6.446536e-02
1.289150e-01;1.014349e-01;1.237028e-01;7.474563e-02;8.877237e-02;6.632935e-02;6.819754e-02;4.492085e-02;5.809909e-02;1.351566e-01;4.707658e-02;6.264926e-02
7.722677e-02;4.634717e-02;2.021411e-01;7.025361e-02;1.160875e-01;6.962204e-02;1.175061e-01;5.276743e-02;4.374313e-02;1.094665e-01;4.782014e-02;4.701852e-02
6.320297e-02;8.522255e-02;2.405724e-01;7.243154e-02;6.918742e-02;4.736042e-02;1.190418e-01;3.724292e-02;9.282832e-02;8.873837e-02;4.341085e-02;4.076046e-02
5.292746e-02;1.309773e-01;2.433121e-01;5.772524e-02;4.731944e-02;4.776587e-02;8.468330e-02;2.878781e-02;1.438145e-01;9.311187e-02;3.362022e-02;3.595481e-02
5.109063e-02;2.087473e-01;2.018498e-01;3.811832e-02;2.138960e-02;4.376892e-02;4.322988e-02;1.906531e-02;2.382680e-01;8.344870e-02;1.632434e-02;3.469911e-02
6.947003e-02;2.638501e-01;1.404343e-01;2.702184e-02;9.537512e-03;3.275654e-02;1.557721e-02;2.433890e-02;3.225780e-01;5.344393e-02;1.080538e-02;3.018617e-02
1.247276e-01;2.351971e-01;1.143004e-01;2.379738e-02;1.997454e-02;1.568543e-02;1.559936e-02;7.162705e-02;3.044835e-01;3.469570e-02;1.211214e-02;2.779977e-02
1.965117e-01;1.688001e-01;1.019236e-01;1.569194e-02;4.094723e-02;4.906241e-03;2.893214e-02;1.565612e-01;2.152614e-01;3.350141e-02;1.335049e-02;2.361254e-02
2.330700e-01;1.197108e-01;8.072786e-02;1.170830e-02;6.787147e-02;1.246131e-02;5.871238e-02;2.306187e-01;1.286662e-01;2.417170e-02;1.482543e-02;1.745576e-02
2.233395e-01;8.697667e-02;7.410531e-02;1.036470e-02;8.349590e-02;1.357869e-02;7.491507e-02;2.557108e-01;1.220268e-01;1.809960e-02;1.758726e-02;1.979963e-02
2.227434e-01;5.420140e-02;8.141553e-02;1.050380e-02;9.373603e-02;1.735085e-02;7.994670e-02;2.526054e-01;1.169168e-01;2.457048e-02;1.409765e-02;3.191194e-02
2.693998e-01;2.634421e-02;1.085797e-01;1.291168e-02;8.321764e-02;2.513109e-02;6.364814e-02;2.133850e-01;1.015345e-01;3.209230e-02;1.706415e-02;4.669176e-02
3.647092e-01;5.114516e-02;1.000967e-01;1.380556e-02;4.341108e-02;1.688616e-02;3.044687e-02;1.560003e-01;1.039361e-01;3.514964e-02;1.993131e-02;6.448200e-02
4.344872e-01;8.770531e-02;6.765012e-02;1.149890e-02;2.769825e-02;1.647871e-02;3.004219e-02;1.099925e-01;1.022782e-01;2.412567e-02;2.049283e-02;6.755003e-02
4.316753e-01;1.448415e-01;1.035827e-01;1.004998e-02;1.655143e-02;1.749595e-02;6.611571e-02;4.602607e-02;8.273629e-02;1.809317e-02;1.073471e-02;5.209725e-02
3.872861e-01;1.841187e-01;1.498668e-01;8.924660e-03;1.325786e-02;1.363484e-02;7.910614e-02;3.254563e-02;5.365449e-02;2.998331e-02;1.269404e-02;3.492746e-02
3.176543e-01;2.152700e-01;1.762910e-01;1.216813e-02;1.849685e-02;1.455588e-02;5.753066e-02;4.244683e-02;7.361215e-02;3.203971e-02;1.207186e-02;2.786275e-02
2.048504e-01;2.230109e-01;2.501512e-01;1.501451e-02;2.020552e-02;3.267730e-02;2.991500e-02;5.962016e-02;1.158966e-01;2.050610e-02;7.067323e-03;2.108501e-02
8.218887e-02;1.923771e-01;3.729685e-01;1.516174e-02;1.792584e-02;4.432537e-02;2.196360e-02;9.302929e-02;1.219495e-01;1.595103e-02;9.326814e-03;1.283238e-02
5.492520e-02;1.442505e-01;4.815756e-01;1.886580e-02;2.064329e-02;2.815083e-02;2.805294e-02;9.802451e-02;7.312726e-02;3.620235e-02;6.511081e-03;9.670589e-03
6.888737e-02;8.050042e-02;5.353019e-01;3.091981e-02;2.916566e-02;1.332132e-02;5.617709e-02;6.016976e-02;5.042696e-02;5.577634e-02;1.098664e-02;8.366810e-03
7.349204e-02;1.976082e-02;5.292922e-01;5.523818e-02;4.589257e-02;2.753839e-02;6.274307e-02;4.369937e-02;7.001469e-02;4.210235e-02;2.054661e-02;9.679684e-03
7.076290e-02;3.558656e-02;4.037782e-01;8.005296e-02;9.343088e-02;5.957503e-02;5.326709e-02;6.272761e-02;6.472404e-02;2.087898e-02;4.004119e-02;1.517450e-02
7.310666e-02;2.185302e-02;2.359838e-01;7.672372e-02;1.779690e-01;8.235980e-02;1.124728e-01;5.406035e-02;5.369760e-02;3.506579e-02;4.211599e-02;3.459137e-02
6.256127e-02;2.499664e-02;9.768980e-02;4.778288e-02;2.209692e-01;1.076245e-01;2.587437e-01;2.170629e-02;6.403634e-02;2.573528e-02;2.148336e-02;4.667073e-02
4.995716e-02;2.348249e-02;1.565627e-01;2.608990e-02;1.743918e-01;1.325298e-01;3.334809e-01;1.737259e-02;3.866284e-02;1.272288e-02;4.270562e-03;3.047637e-02
4.076649e-02;2.693442e-02;1.265593e-01;1.911937e-02;1.411477e-01;1.495184e-01;4.033587e-01;2.424256e-02;3.108923e-02;1.460969e-02;6.954496e-03;1.569959e-02
2.573377e-02;2.377712e-02;1.776529e-01;3.638987e-02;1.141060e-01;1.284467e-01;3.842700e-01;4.028221e-02;3.954180e-02;1.076441e-02;1.008861e-02;8.946670e-03
2.523545e-02;2.568998e-02;2.654594e-01;4.111509e-02;8.391886e-02;1.089567e-01;2.992353e-01;5.605732e-02;4.346028e-02;1.697334e-02;1.530796e-02;1.859026e-02
5.483447e-02;2.789094e-02;3.269291e-01;4.527393e-02;1.193848e-01;9.549375e-02;1.370395e-01;6.557852e-02;5.976967e-02;2.438873e-02;2.325300e-02;2.016361e-02
8.554588e-02;4.871185e-02;1.580350e-01;4.476872e-02;1.813595e-01;1.118788e-01;1.827899e-01;6.100482e-02;6.627783e-02;2.886030e-02;1.524113e-02;1.552634e-02
7.146205e-02;4.552900e-02;1.074138e-01;3.616229e-02;1.457745e-01;1.120843e-01;3.182963e-01;5.139956e-02;4.798472e-02;1.903719e-02;1.769505e-02;2.716127e-02
6.353085e-02;4.145677e-02;1.456612e-01;3.139672e-02;1.162890e-01;9.602087e-02;3.404841e-01;5.804788e-02;4.429244e-02;1.923474e-02;1.964369e-02;2.394174e-02
9.944198e-02;4.840566e-02;1.721647e-01;3.346780e-02;1.036627e-01;9.261883e-02;2.589495e-01;6.777315e-02;4.751683e-02;3.362311e-02;2.237222e-02;2.000344e-02
1.609842e-01;5.038944e-02;1.331783e-01;4.080966e-02;1.257117e-01;1.030789e-01;1.634365e-01;6.294975e-02;6.118191e-02;4.692181e-02;1.805869e-02;3.329919e-02
1.370871e-01;7.035238e-02;1.051602e-01;4.321394e-02;1.394924e-01;1.108047e-01;2.171349e-01;3.770244e-02;4.833532e-02;4.029547e-02;1.960287e-02;3.081837e-02
1.140921e-01;5.531759e-02;1.752568e-01;4.239483e-02;1.433471e-01;1.091674e-01;2.113950e-01;3.265641e-02;4.075890e-02;3.174591e-02;2.178037e-02;2.208756e-02
1.160567e-01;3.376003e-02;1.060737e-01;4.199216e-02;1.528566e-01;1.104934e-01;2.721016e-01;5.807461e-02;3.909191e-02;3.163297e-02;1.399342e-02;2.387296e-02
1.188162e-01;5.099980e-02;1.474101e-01;4.859349e-02;1.265331e-01;1.058502e-01;1.950033e-01;5.624428e-02;4.948498e-02;3.412886e-02;2.790407e-02;3.903150e-02
1.026040e-01;6.063775e-02;1.698376e-01;4.094362e-02;7.919832e-02;9.005461e-02;1.532666e-01;6.085243e-02;6.907769e-02;6.305385e-02;4.439512e-02;6.607845e-02
6.560618e-02;6.100952e-02;1.080579e-01;4.825041e-02;5.141358e-02;7.726664e-02;2.067598e-01;9.168783e-02;6.924266e-02;9.362748e-02;6.722492e-02;5.985316e-02
4.422351e-02;5.561985e-02;1.754773e-01;3.994414e-02;6.850089e-02;7.605863e-02;2.388274e-01;8.440486e-02;4.646357e-02;7.504599e-02;6.271131e-02;3.272255e-02
7.264675e-02;4.004389e-02;2.004374e-01;3.255758e-02;1.030031e-01;9.580213e-02;1.978039e-01;7.406371e-02;5.104894e-02;5.048146e-02;4.348131e-02;3.862980e-02
1.126452e-01;5.564009e-02;1.805246e-01;2.921778e-02;1.048095e-01;1.029448e-01;1.575472e-01;5.383749e-02;6.455042e-02;4.602474e-02;3.651486e-02;5.574329e-02
1.440901e-01;9.134950e-02;1.665407e-01;3.761529e-02;8.493971e-02;7.465957e-02;1.344222e-01;7.588848e-02;6.272751e-02;4.339480e-02;4.356497e-02;4.080716e-02
1.160175e-01;7.244711e-02;2.144027e-01;5.822294e-02;6.266997e-02;7.510088e-02;1.270059e-01;8.254261e-02;4.912004e-02;5.464826e-02;2.104695e-02;6.677520e-02
9.078690e-02;5.364539e-02;1.310311e-01;5.225367e-02;5.937067e-02;8.741740e-02;1.936863e-01;7.443523e-02;7.429692e-02;6.264406e-02;4.390026e-02;7.653206e-02
1.402053e-01;3.799787e-02;9.884168e-02;4.783137e-02;8.696487e-02;9.827500e-02;2.133635e-01;5.958158e-02;7.977752e-02;5.198541e-02;4.279271e-02;4.238317e-02
1.214571e-01;4.345554e-02;1.767453e-01;5.779215e-02;1.124966e-01;9.840678e-02;1.372378e-01;5.401128e-02;6.393530e-02;4.329044e-02;4.740657e-02;4.376521e-02
4.295498e-02;5.346686e-02;1.964663e-01;6.278368e-02;1.408915e-01;1.009070e-01;1.208397e-01;4.605984e-02;5.918488e-02;5.596990e-02;6.059049e-02;5.988488e-02
9.657070e-02;5.481082e-02;1.454804e-01;5.394766e-02;1.241427e-01;1.029603e-01;1.282430e-01;6.869846e-02;6.546862e-02;4.437335e-02;5.503190e-02;6.027208e-02
1.117340e-01;5.059173e-02;2.171289e-01;4.147574e-02;6.978946e-02;8.934930e-02;1.166410e-01;8.574612e-02;6.657500e-02;5.368251e-02;3.902368e-02;5.826266e-02
1.126469e-01;7.897733e-02;1.314025e-01;6.180105e-02;3.504698e-02;6.625807e-02;1.314821e-01;8.678800e-02;5.991905e-02;6.068566e-02;7.297617e-02;1.020161e-01
1.366717e-01;8.998253e-02;6.261154e-02;7.521465e-02;4.116491e-02;6.964165e-02;1.585673e-01;7.706401e-02;4.638369e-02;6.946594e-02;7.745139e-02;9.578062e-02
1.304480e-01;9.385128e-02;1.072056e-01;7.642560e-02;4.092524e-02;6.998973e-02;1.529063e-01;5.917810e-02;5.500573e-02;7.169069e-02;7.797115e-02;6.440248e-02
8.540547e-02;5.403660e-02;2.157103e-01;6.389642e-02;5.768656e-02;5.882512e-02;2.148255e-01;4.746906e-02;5.148381e-02;5.282915e-02;6.323764e-02;3.459429e-02
5.295269e-02;4.729206e-02;2.625074e-01;5.486336e-02;8.204746e-02;7.040048e-02;2.628967e-01;4.518280e-02;2.573217e-02;3.728101e-02;3.398079e-02;2.486314e-02
7.476109e-02;6.529698e-02;2.144221e-01;4.501441e-02;7.811952e-02;7.031340e-02;2.813103e-01;4.592978e-02;3.453851e-02;3.860625e-02;2.881662e-02;2.287099e-02
1.143830e-01;8.738722e-02;2.269409e-01;3.739062e-02;6.667861e-02;4.530750e-02;2.535466e-01;4.172737e-02;4.085266e-02;3.843552e-02;2.563650e-02;2.171346e-02
1.862936e-01;1.080984e-01;2.732203e-01;4.605305e-02;5.015847e-02;3.137606e-02;1.235340e-01;3.433423e-02;4.640931e-02;4.374044e-02;2.228459e-02;3.449755e-02
1.995042e-01;1.157245e-01;2.089898e-01;4.739263e-02;4.160342e-02;3.878450e-02;1.515654e-01;3.144246e-02;5.161231e-02;3.467722e-02;2.826058e-02;5.044294e-02
