7.970445e-02;7.314889e-02;2.637446e-01;4.338065e-02;7.108101e-02;5.840228e-02;1.160581e-01;4.875425e-02;7.968864e-02;6.621197e-02;4.465120e-02;5.517397e-02
3.909913e-02;3.431226e-02;4.424824e-01;6.373791e-02;9.782009e-02;7.551633e-02;9.862430e-02;3.045318e-02;3.783185e-02;2.473669e-02;2.547224e-02;2.991368e-02
1.870881e-02;2.120305e-02;4.907343e-01;6.954455e-02;1.438450e-01;7.796165e-02;6.860023e-02;2.856100e-02;2.614650e-02;2.338448e-02;1.408257e-02;1.722782e-02
1.047679e-02;2.199531e-02;4.298749e-01;7.058384e-02;2.044486e-01;9.600742e-02;8.264054e-02;2.335540e-02;1.990872e-02;1.739302e-02;1.034700e-02;1.296847e-02
7.178378e-03;1.474851e-02;3.174194e-01;5.925660e-02;2.667466e-01;1.209612e-01;1.347884e-01;1.468562e-02;2.228792e-02;1.369121e-02;7.551491e-03;2.068472e-02
8.841180e-03;1.201733e-02;2.647340e-01;5.340958e-02;3.085213e-01;1.386892e-01;9.901283e-02;1.171742e-02;2.903772e-02;2.083021e-02;1.316332e-02;4.002583e-02
1.133553e-02;1.072447e-02;2.188922e-01;5.221493e-02;3.140707e-01;1.353204e-01;1.337264e-01;9.891999e-03;3.428617e-02;1.997343e-02;7.899766e-03;5.166402e-02
8.355566e-03;1.182934e-02;1.872821e-01;4.954550e-02;3.317867e-01;1.434122e-01;1.355241e-01;1.174675e-02;4.120942e-02;1.378883e-02;9.432842e-03;5.608668e-02
9.170990e-03;1.089438e-02;1.899920e-01;4.305799e-02;3.376909e-01;1.401783e-01;1.169723e-01;1.286951e-02;4.719353e-02;1.270826e-02;1.543671e-02;6.383514e-02
3.054114e-02;2.057978e-02;2.050071e-01;5.199089e-02;2.735624e-01;1.284890e-01;8.750055e-02;3.009865e-02;4.280963e-02;3.210812e-02;3.245690e-02;6.485588e-02
3.454728e-02;2.722138e-02;1.351138e-01;5.779120e-02;2.235622e-01;1.184030e-01;1.750405e-01;3.332078e-02;3.286633e-02;4.434244e-02;6.242539e-02;5.536572e-02
2.272753e-02;2.158540e-02;1.546521e-01;7.860453e-02;2.555446e-01;1.177858e-01;1.254358e-01;2.250711e-02;1.689788e-02;3.755758e-02;5.869645e-02;8.800524e-02
2.595023e-02;1.810465e-02;2.560931e-01;1.009509e-01;2.641720e-01;9.132082e-02;2.723588e-02;2.029113e-02;1.478516e-02;1.827068e-02;1.329685e-02;1.495286e-01
2.257935e-02;1.523984e-02;2.865125e-01;1.075742e-01;2.351468e-01;7.283216e-02;3.782104e-02;1.622512e-02;1.120851e-02;1.570874e-02;5.283062e-02;1.263212e-01
1.590859e-02;2.330296e-02;3.001210e-01;1.284395e-01;2.319748e-01;7.718457e-02;3.996347e-02;1.677120e-02;1.317197e-02;1.814145e-02;5.687372e-02;7.814671e-02
1.233834e-02;2.169981e-02;2.812143e-01;1.364237e-01;2.454522e-01;7.576016e-02;4.925087e-02;2.132511e-02;6.523110e-03;1.650931e-02;5.350807e-02;7.999493e-02
1.142711e-02;1.359246e-02;2.663261e-01;1.322395e-01;2.469525e-01;7.147884e-02;6.996482e-02;1.347318e-02;6.889615e-03;1.079636e-02;5.398735e-02;1.028721e-01
1.333915e-02;1.636060e-02;2.770686e-01;1.224274e-01;2.191322e-01;6.066428e-02;9.330774e-02;1.245747e-02;1.285867e-02;1.405988e-02;6.029320e-02;9.803088e-02
2.031108e-02;2.455932e-02;3.026232e-01;9.356873e-02;1.942856e-01;6.190493e-02;1.099823e-01;1.961521e-02;2.758076e-02;2.213060e-02;4.570678e-02;7.773139e-02
2.371993e-02;2.211333e-02;2.879544e-01;7.435064e-02;2.364848e-01;8.641027e-02;1.096143e-01;1.686443e-02;3.107704e-02;1.761623e-02;2.996447e-02;6.383018e-02
1.690619e-02;1.343858e-02;2.825940e-01;9.659448e-02;3.379115e-01;1.011770e-01;3.012290e-02;9.559738e-03;1.931154e-02;1.675230e-02;1.285214e-02;6.277966e-02
1.440493e-02;7.179445e-03;2.274672e-01;8.927573e-02;3.403749e-01;1.009206e-01;7.995082e-02;8.093617e-03;2.793994e-02;1.666968e-02;1.312047e-02;7.460269e-02
1.471434e-02;7.176393e-03;2.219325e-01;8.961615e-02;3.364290e-01;9.590561e-02;7.657745e-02;1.050857e-02;2.622341e-02;1.219795e-02;1.930987e-02;8.940881e-02
1.990138e-02;1.278588e-02;2.680870e-01;9.670263e-02;3.195822e-01;9.262319e-02;3.801879e-02;1.008109e-02;2.515479e-02;1.593465e-02;1.789598e-02;8.323248e-02
3.660449e-02;3.638498e-02;2.714858e-01;7.956855e-02;2.493691e-01;8.536609e-02;6.695077e-02;2.288010e-02;2.991379e-02;2.867601e-02;2.345627e-02;6.934407e-02
3.700999e-02;4.739067e-02;2.231111e-01;1.245134e-01;1.911145e-01;7.568505e-02;8.304398e-02;3.417558e-02;2.952101e-02;2.443193e-02;7.176497e-02;5.823782e-02
2.531408e-02;3.884226e-02;2.849571e-01;1.920458e-01;1.596252e-01;6.118694e-02;2.200496e-02;3.598298e-02;2.799880e-02;1.286219e-02;1.012801e-01;3.789968e-02
1.169579e-02;1.743804e-02;3.940076e-01;2.081339e-01;1.168972e-01;4.536473e-02;2.705215e-02;2.023316e-02;2.054339e-02;1.804877e-02;1.009071e-01;1.967817e-02
1.350410e-02;1.323904e-02;5.357018e-01;1.561794e-01;8.285252e-02;3.907885e-02;2.327082e-02;1.107164e-02;1.780237e-02;2.490376e-02;7.041530e-02;1.198038e-02
1.665107e-02;2.571391e-02;6.438491e-01;1.021000e-01;4.944206e-02;3.305761e-02;3.220710e-02;6.963877e-03;1.259855e-02;3.072566e-02;3.954728e-02;7.143856e-03
6.619580e-03;1.841513e-02;6.654416e-01;9.334573e-02;4.626948e-02;3.215053e-02;4.033425e-02;1.092225e-02;1.412263e-02;2.466683e-02;3.704575e-02;1.066627e-02
1.293368e-02;1.124188e-02;6.408463e-01;7.633082e-02;7.072766e-02;5.227817e-02;4.348221e-02;1.271628e-02;1.500951e-02;1.730637e-02;3.786026e-02;9.266825e-03
1.464737e-02;1.720135e-02;6.923693e-01;5.900234e-02;6.693374e-02;4.253740e-02;2.133635e-02;1.142727e-02;1.281880e-02;1.698611e-02;3.827170e-02;6.468252e-03
1.361429e-02;2.817293e-02;7.179493e-01;4.853932e-02;5.096900e-02;1.974737e-02;1.349618e-02;1.727269e-02;2.246716e-02;2.236976e-02;3.758648e-02;7.815527e-03
2.235840e-02;5.001788e-02;6.529931e-01;5.926774e-02;4.147833e-02;1.720057e-02;3.217884e-02;2.095884e-02;2.213842e-02;2.501440e-02;4.270859e-02;1.368478e-02
2.127205e-02;5.249242e-02;5.827112e-01;9.409451e-02;5.915966e-02;2.960102e-02;3.526844e-02;2.707091e-02;2.681912e-02;2.153987e-02;3.818803e-02;1.178274e-02
5.966032e-02;3.927069e-02;4.065253e-01;1.266988e-01;5.725770e-02;4.873385e-02;7.732454e-02;2.666533e-02;3.312390e-02;5.586641e-02;3.591440e-02;3.295879e-02
7.089203e-02;6.031166e-02;3.076778e-01;1.044285e-01;5.625941e-02;5.036061e-02;8.253562e-02;3.639775e-02;5.873027e-02;8.746491e-02;5.522348e-02;2.971785e-02
4.725080e-02;9.786640e-02;2.573838e-01;7.711912e-02;7.209919e-02;6.297885e-02;1.214174e-01;2.195337e-02;6.049052e-02;1.048269e-01;4.511710e-02;3.149656e-02
6.816547e-02;1.181302e-01;2.069047e-01;8.061346e-02;6.484316e-02;5.668756e-02;9.776980e-02;3.494072e-02;6.234959e-02;9.343822e-02;5.825885e-02;5.789829e-02
7.437950e-02;1.268885e-01;1.719534e-01;1.010583e-01;4.745533e-02;4.200201e-02;6.837891e-02;5.508008e-02;6.722643e-02;7.890416e-02;9.497783e-02;7.169548e-02
8.344565e-02;1.038288e-01;1.693699e-01;7.797226e-02;3.478738e-02;4.240516e-02;9.357700e-02;6.032886e-02;8.296832e-02;7.678886e-02;9.362424e-02;8.090360e-02
7.489812e-02;7.837334e-02;2.005130e-01;6.700230e-02;5.109049e-02;4.206022e-02;1.099907e-01;5.963823e-02;8.484171e-02;7.603898e-02;7.693212e-02;7.862073e-02
8.828759e-02;7.348888e-02;2.060370e-01;6.694844e-02;8.359204e-02;5.911286e-02;1.273430e-01;5.751141e-02;6.987815e-02;5.183553e-02;4.110739e-02;7.485774e-02
6.852329e-02;9.124046e-02;1.184782e-01;5.526887e-02;9.095602e-02;6.976934e-02;1.528417e-01;8.778576e-02;4.611064e-02;1.067629e-01;5.424098e-02;5.802184e-02
3.700992e-02;1.060842e-01;9.599710e-02;6.615768e-02;9.533362e-02;8.365460e-02;1.283158e-01;1.008104e-01;5.634351e-02;1.243210e-01;6.682052e-02;3.915167e-02
3.776737e-02;7.069533e-02;1.462904e-01;7.795731e-02;9.668829e-02;6.434576e-02;1.121089e-01;7.313605e-02;8.372819e-02;9.806985e-02;8.718123e-02;5.203125e-02
6.940040e-02;4.766667e-02;1.457328e-01;9.175570e-02;1.077328e-01;5.947256e-02;9.975027e-02;5.327060e-02;9.886426e-02;1.012025e-01;8.221791e-02;4.293348e-02
6.327593e-02;4.584147e-02;1.171873e-01;8.688848e-02;1.186677e-01;6.882785e-02;8.891081e-02;7.147691e-02;1.161014e-01;1.109335e-01;6.764013e-02;4.424849e-02
6.329315e-02;4.535073e-02;1.669082e-01;5.586426e-02;9.014901e-02;6.918916e-02;1.158787e-01;7.198859e-02;1.245294e-01;8.984338e-02;5.302709e-02;5.397829e-02
8.120378e-02;5.339080e-02;2.249005e-01;8.468156e-02;9.189398e-02;6.309388e-02;1.008958e-01;3.869873e-02;1.053907e-01;5.867379e-02;4.174704e-02;5.542952e-02
7.762497e-02;5.432828e-02;3.475507e-01;1.370477e-01;8.879767e-02;4.829070e-02;8.352688e-02;1.713819e-02;4.899701e-02;3.345270e-02;2.777114e-02;3.547399e-02
5.714251e-02;4.601316e-02;4.624992e-01;1.750051e-01;8.307378e-02;3.144777e-02;3.513833e-02;1.082538e-02;2.439111e-02;3.065307e-02;2.644047e-02;1.737018e-02
4.013713e-02;3.076160e-02;5.793743e-01;1.706942e-01;5.966530e-02;2.189341e-02;2.835116e-02;6.273766e-03;1.199689e-02;2.947761e-02;1.494085e-02;6.433798e-03
2.913227e-02;3.625028e-02;6.742232e-01;1.219283e-01;4.073764e-02;9.879231e-03;3.526120e-02;3.071754e-03;6.757042e-03;3.252053e-02;8.218872e-03;2.019711e-03
4.722588e-02;7.965116e-02;6.442810e-01;7.658722e-02;4.541674e-02;1.087623e-02;3.095015e-02;5.592232e-03;9.892655e-03;3.121335e-02;7.565469e-03;1.074796e-02
9.240530e-02;1.263160e-01;5.463865e-01;4.958092e-02;4.750561e-02;1.899737e-02;3.127506e-02;7.625510e-03;1.847526e-02;2.597519e-02;1.368357e-02;2.177368e-02
1.257136e-01;1.223513e-01;4.938869e-01;3.228647e-02;4.854841e-02;2.546251e-02;2.938311e-02;1.671009e-02;2.887305e-02;2.619020e-02;2.274775e-02;2.784656e-02
1.227756e-01;7.757646e-02;5.344586e-01;3.783593e-02;4.763100e-02;2.076649e-02;3.831240e-02;1.646267e-02;2.570706e-02;2.027639e-02;3.403858e-02;2.415881e-02
8.306781e-02;8.170345e-02;5.036721e-01;6.293389e-02;5.952886e-02;2.391886e-02;7.266387e-02;1.264356e-02;2.357363e-02;2.976031e-02;2.033575e-02;2.619795e-02
6.490355e-02;5.416383e-02;4.027538e-01;9.568767e-02;7.756362e-02;3.725132e-02;1.151181e-01;2.076139e-02;3.125351e-02;3.852977e-02;2.364867e-02;3.836474e-02
3.557554e-02;5.534184e-02;4.618088e-01;1.257180e-01;5.313198e-02;3.156272e-02;7.848894e-02;2.712699e-02;3.004592e-02;3.806946e-02;2.393986e-02;3.919001e-02
7.937124e-02;9.197241e-02;5.082904e-01;1.146791e-01;2.628454e-02;2.349180e-02;4.343624e-02;1.980850e-02;1.936640e-02;3.033049e-02;1.619579e-02;2.677313e-02
7.693507e-02;7.233208e-02;5.591016e-01;1.072884e-01;2.245200e-02;2.029939e-02;4.515514e-02;2.269983e-02;1.507190e-02;2.502701e-02;1.607890e-02;1.755875e-02
6.089741e-02;3.714402e-02;5.439416e-01;1.107587e-01;3.185728e-02;2.891691e-02;6.754322e-02;2.280177e-02;1.446768e-02;2.045667e-02;2.735391e-02;3.386086e-02
5.999887e-02;7.235523e-02;4.939097e-01;1.047156e-01;3.184186e-02;3.076408e-02;8.083440e-02;3.387786e-02;1.718044e-02;2.707763e-02;2.525350e-02;2.219081e-02
6.716571e-02;1.022455e-01;4.470116e-01;7.555486e-02;3.282654e-02;2.688763e-02;9.188264e-02;5.186641e-02;3.457533e-02;2.683841e-02;2.330055e-02;1.984483e-02
7.257555e-02;7.195938e-02;1.631839e-01;6.269504e-02;6.303077e-02;5.375566e-02;9.318560e-02;6.931413e-02;8.794037e-02;9.213243e-02;9.442163e-02;7.580554e-02
7.838275e-02;6.382065e-02;9.470902e-02;6.023009e-02;6.739119e-02;5.844494e-02;1.091838e-01;6.678537e-02;9.961796e-02;1.143214e-01;1.026522e-01;8.446074e-02
7.365474e-02;6.224894e-02;1.052606e-01;6.116718e-02;6.343374e-02;5.084542e-02;1.144099e-01;5.448981e-02;9.432644e-02;1.296663e-01;1.050491e-01;8.544778e-02
8.366005e-02;7.418840e-02;1.196614e-01;6.255376e-02;6.117677e-02;6.245315e-02;9.977391e-02;7.399727e-02;8.455513e-02;1.259988e-01;7.685645e-02;7.512494e-02
6.001058e-02;6.530044e-02;1.918032e-01;6.279983e-02;8.291081e-02;6.975093e-02;1.027668e-01;9.238138e-02;8.203749e-02;8.327286e-02;5.332673e-02;5.363888e-02
2.634367e-02;3.486717e-02;2.787470e-01;6.864013e-02;1.209917e-01;7.252248e-02;1.985998e-01;5.091714e-02;3.907342e-02;5.065744e-02;3.799237e-02;2.064765e-02
3.350838e-02;3.377458e-02;2.462869e-01;7.756916e-02;1.379654e-01;6.923064e-02;2.113970e-01;2.936884e-02;2.317436e-02;5.894731e-02;5.878604e-02;1.999141e-02
6.619525e-02;3.079781e-02;2.152704e-01;9.098466e-02;1.557279e-01;6.395388e-02;1.420312e-01;1.730599e-02;3.447682e-02;6.025242e-02;8.474105e-02;3.826261e-02
1.382799e-01;5.850888e-02;1.312668e-01;5.660959e-02;1.384032e-01;8.556599e-02;1.809930e-01;1.545777e-02;4.283072e-02;3.651791e-02;5.144994e-02;6.411637e-02
2.063146e-01;8.031874e-02;7.203773e-02;3.098061e-02;1.261035e-01;9.698564e-02;1.810748e-01;1.635753e-02;5.095888e-02;3.806541e-02;3.192580e-02;6.887673e-02
2.111712e-01;6.843717e-02;1.251004e-01;4.077185e-02;1.648334e-01;9.968513e-02;8.595313e-02;1.110911e-02;5.125499e-02;3.416399e-02;2.459245e-02;8.292720e-02
1.402548e-01;4.219876e-02;1.561158e-01;5.529786e-02;2.173865e-01;1.340664e-01;7.187991e-02;1.329698e-02;3.307037e-02;1.803936e-02;2.446647e-02;9.392682e-02
8.569835e-02;2.717735e-02;1.042400e-01;3.172804e-02;1.976958e-01;1.798477e-01;2.405592e-01;1.699481e-02;1.633398e-02;1.047879e-02;1.601904e-02;7.322701e-02
6.256420e-02;1.437664e-02;5.810207e-02;1.876944e-02;1.456693e-01;2.051321e-01;4.019366e-01;1.893474e-02;8.964751e-03;7.800824e-03;1.286768e-02;4.488175e-02
2.635095e-02;9.514520e-03;4.061120e-02;1.159887e-02;7.501093e-02;1.626711e-01;6.129707e-01;1.603342e-02;1.369349e-02;6.364665e-03;1.466951e-02;1.051059e-02
2.775545e-02;1.743828e-02;3.005571e-02;7.690764e-03;5.167902e-02;9.038477e-02;6.868651e-01;3.526646e-02;1.681930e-02;1.133348e-02;1.143607e-02;1.327557e-02
2.902183e-02;1.995371e-02;2.522417e-02;1.481234e-02;3.547744e-02;3.669420e-02;6.660821e-01;9.960975e-02;4.367254e-02;1.670335e-02;4.992056e-03;7.756535e-03
2.142762e-02;1.237902e-02;2.068971e-02;3.833060e-02;2.122043e-02;2.383147e-02;5.047964e-01;1.695749e-01;1.276653e-01;3.539911e-02;9.708756e-03;1.497667e-02
1.066714e-02;1.000903e-02;5.347191e-02;1.122388e-01;2.775410e-02;2.937296e-02;2.596661e-01;1.673243e-01;2.478791e-01;5.843435e-02;9.053637e-03;1.412856e-02
2.349788e-02;9.277743e-03;6.706496e-02;2.097215e-01;2.817773e-02;2.191511e-02;8.196802e-02;1.099123e-01;3.465295e-01;8.036669e-02;1.079701e-02;1.077161e-02
3.039016e-02;6.664006e-03;3.242599e-02;2.253858e-01;2.760115e-02;1.885065e-02;9.353931e-02;5.844959e-02;3.595647e-01;1.222489e-01;1.799954e-02;6.880213e-03
2.441850e-02;9.549927e-03;9.931112e-03;1.798458e-01;1.074063e-01;1.443262e-02;3.812459e-02;3.301510e-02;3.237374e-01;2.216634e-01;3.050148e-02;7.373898e-03
1.566914e-02;1.544283e-02;1.293972e-02;6.518663e-02;2.803303e-01;1.583786e-02;3.442806e-02;2.097476e-02;1.682272e-01;3.155232e-01;4.728550e-02;8.154915e-03
9.091296e-03;2.734413e-02;1.226495e-02;1.680808e-02;3.420328e-01;4.530791e-02;1.740609e-02;1.416104e-02;6.159287e-02;3.720577e-01;7.259572e-02;9.337382e-03
1.147064e-02;3.381518e-02;1.267875e-02;9.370545e-03;2.718526e-01;8.233178e-02;1.749605e-02;1.485347e-02;3.080910e-02;3.952348e-01;1.096813e-01;1.040577e-02
1.273858e-02;3.403063e-02;9.938322e-03;1.288836e-02;2.053790e-01;6.101067e-02;1.556101e-02;1.209562e-02;4.838790e-02;4.717181e-01;1.068249e-01;9.426866e-03
9.767042e-03;2.557815e-02;1.017707e-02;1.209481e-02;1.504673e-01;1.648146e-02;1.697139e-02;1.693998e-02;9.639525e-02;5.667849e-01;7.244013e-02;5.902548e-03
2.339169e-02;1.208360e-02;7.076986e-03;2.045492e-02;7.391756e-02;6.580615e-03;2.422236e-02;2.199383e-02;2.308981e-01;5.220538e-01;4.795102e-02;9.375492e-03
4.671475e-02;7.816444e-03;1.068265e-02;5.048384e-02;2.960009e-02;5.786147e-03;4.175751e-02;2.543372e-02;3.814477e-01;3.506577e-01;3.965897e-02;9.960395e-03
9.040041e-02;1.086458e-02;9.222215e-03;7.854059e-02;2.439100e-02;8.004216e-03;6.590664e-02;4.727459e-02;4.538148e-01;1.698479e-01;3.259239e-02;9.140634e-03
1.151654e-01;1.807501e-02;2.531275e-02;8.107834e-02;2.167262e-02;1.515222e-02;1.035403e-01;1.192403e-01;3.919471e-01;7.293138e-02;2.082891e-02;1.505560e-02
7.665557e-02;1.159801e-02;9.016250e-02;5.049638e-02;1.859997e-02;2.816492e-02;1.790780e-01;2.294261e-01;2.311821e-01;3.121653e-02;2.046786e-02;3.295202e-02
3.077067e-02;7.620739e-03;1.700350e-01;1.752850e-02;1.614377e-02;2.722016e-02;2.631959e-01;2.688335e-01;1.058737e-01;3.286187e-02;1.614722e-02;4.376896e-02
1.731391e-02;1.542813e-02;1.996534e-01;7.933514e-03;2.295984e-02;1.990814e-02;3.531829e-01;2.530613e-01;3.831300e-02;2.576807e-02;1.343752e-02;3.304017e-02
1.100716e-02;2.186137e-02;1.344203e-01;1.003410e-02;2.843677e-02;1.697326e-02;4.775613e-01;2.138853e-01;2.888881e-02;2.890996e-02;1.435594e-02;1.366567e-02
8.056839e-03;2.134738e-02;5.379694e-02;8.028978e-03;3.704255e-02;2.043582e-02;6.022936e-01;1.746585e-01;2.594708e-02;2.724758e-02;1.203859e-02;9.106114e-03
9.341483e-03;1.236835e-02;2.696022e-02;9.134382e-03;5.444895e-02;2.281210e-02;6.654797e-01;1.262836e-01;3.316934e-02;2.238433e-02;8.811363e-03;8.806299e-03
6.331295e-03;5.109207e-03;1.643374e-02;5.692917e-03;6.984545e-02;2.900173e-02;7.149742e-01;8.919705e-02;2.696584e-02;1.433482e-02;1.464970e-02;7.464050e-03
5.611931e-03;1.177042e-02;1.112802e-02;3.632339e-03;1.011971e-01;3.591305e-02;7.139261e-01;6.900285e-02;1.287778e-02;1.316963e-02;1.532810e-02;6.442681e-03
6.678288e-03;2.756618e-02;1.783253e-02;8.079806e-03;1.047682e-01;4.932778e-02;7.008855e-01;4.188835e-02;1.231434e-02;1.042632e-02;1.382266e-02;6.410050e-03
8.954486e-03;3.920874e-02;2.182115e-02;1.145062e-02;7.888032e-02;7.159965e-02;7.047990e-01;2.481964e-02;8.362176e-03;1.032184e-02;1.238474e-02;7.397656e-03
1.251506e-02;2.265332e-02;1.693925e-02;1.176215e-02;7.459689e-02;9.449089e-02;7.116251e-01;2.064082e-02;1.143336e-02;1.169955e-02;5.354323e-03;6.289285e-03
1.330812e-02;9.727102e-03;1.573940e-02;1.016378e-02;9.841724e-02;1.240971e-01;6.710070e-01;2.018945e-02;1.025407e-02;1.432274e-02;6.613110e-03;6.160917e-03
1.453874e-02;1.027117e-02;2.868192e-02;1.802524e-02;1.400959e-01;1.453385e-01;5.801115e-01;2.251229e-02;1.370612e-02;1.525565e-02;5.761575e-03;5.701376e-03
2.108004e-02;1.327305e-02;1.140768e-01;3.818347e-02;1.981799e-01;1.430325e-01;4.048218e-01;2.278953e-02;1.321036e-02;1.461169e-02;8.015110e-03;8.725696e-03
2.215208e-02;2.862942e-02;2.637068e-01;8.919929e-02;2.375927e-01;1.318958e-01;1.314859e-01;2.274053e-02;2.425001e-02;1.953251e-02;1.513559e-02;1.367943e-02
3.088132e-02;1.663538e-02;2.555891e-01;1.165460e-01;1.396081e-01;1.056976e-01;2.216464e-01;1.872360e-02;3.595573e-02;2.884119e-02;1.902570e-02;1.084998e-02
3.738968e-02;2.366061e-02;1.987973e-01;1.450248e-01;1.000709e-01;9.498502e-02;2.658918e-01;2.948161e-02;4.293399e-02;3.172689e-02;1.885797e-02;1.117950e-02
3.925715e-02;5.297707e-02;1.320668e-01;1.469778e-01;1.175314e-01;1.165041e-01;2.014206e-01;4.039642e-02;6.286477e-02;5.119806e-02;1.793111e-02;2.087472e-02
3.316695e-02;6.408183e-02;1.111092e-01;9.503531e-02;1.435021e-01;1.511090e-01;1.141075e-01;5.188980e-02;8.408733e-02;9.801968e-02;1.960870e-02;3.428261e-02
3.366514e-02;4.848051e-02;8.875294e-02;5.099966e-02;1.320041e-01;1.352143e-01;2.443439e-01;5.913369e-02;6.530885e-02;7.509609e-02;3.151184e-02;3.548903e-02
3.700472e-02;3.221581e-02;8.482978e-02;6.054543e-02;1.707191e-01;1.150467e-01;2.371199e-01;5.339148e-02;6.858590e-02;5.664327e-02;3.945877e-02;4.443909e-02
4.384809e-02;3.465392e-02;1.208115e-01;5.210678e-02;1.526469e-01;9.512890e-02;2.004393e-01;6.700849e-02;5.727440e-02;7.486060e-02;5.498460e-02;4.623649e-02
7.975671e-02;3.030271e-02;1.313755e-01;5.133455e-02;9.652926e-02;9.532392e-02;2.156419e-01;8.378470e-02;3.959369e-02;8.457856e-02;5.627851e-02;3.550001e-02
9.155710e-02;5.416846e-02;1.603909e-01;7.079754e-02;7.987566e-02;8.008392e-02;1.648978e-01;6.683105e-02;5.219818e-02;9.081791e-02;5.486818e-02;3.351336e-02
9.572658e-02;6.980473e-02;1.673207e-01;1.131981e-01;5.974391e-02;5.479870e-02;1.242977e-01;5.458070e-02;7.206515e-02;8.209623e-02;6.097065e-02;4.539688e-02
1.257897e-01;6.729034e-02;1.689796e-01;5.546694e-02;6.329129e-02;4.567436e-02;2.062218e-01;3.349682e-02;7.521609e-02;5.726560e-02;4.936614e-02;5.194118e-02
1.462918e-01;1.068630e-01;1.347426e-01;2.190711e-02;4.006982e-02;4.051393e-02;3.153554e-01;4.010685e-02;3.840493e-02;4.702367e-02;3.321137e-02;3.550940e-02
1.200285e-01;1.212090e-01;1.407727e-01;1.811864e-02;4.106763e-02;3.543259e-02;3.753646e-01;4.340367e-02;2.028688e-02;2.955727e-02;2.849953e-02;2.625903e-02
8.559899e-02;1.226593e-01;1.413352e-01;2.442068e-02;5.257079e-02;5.609832e-02;3.920538e-01;3.544740e-02;2.162984e-02;2.703240e-02;2.057901e-02;2.057429e-02
1.257294e-01;1.079964e-01;1.322210e-01;2.906993e-02;7.866408e-02;9.546125e-02;3.227080e-01;2.186257e-02;1.494828e-02;2.637802e-02;2.126180e-02;2.369925e-02
1.550872e-01;7.827788e-02;1.184823e-01;4.654594e-02;1.545717e-01;1.480362e-01;1.982159e-01;1.267451e-02;1.843442e-02;2.886914e-02;1.412546e-02;2.667945e-02
8.852661e-02;3.860489e-02;1.430940e-01;6.275474e-02;2.930189e-01;1.299897e-01;1.224654e-01;1.217970e-02;2.944414e-02;2.527738e-02;6.779296e-03;4.786522e-02
3.173083e-02;2.142810e-02;1.511921e-01;8.164067e-02;3.997494e-01;9.846279e-02;8.218701e-02;1.675846e-02;2.696334e-02;1.423049e-02;6.813757e-03;6.884305e-02
1.186397e-02;9.248085e-03;1.626811e-01;8.161739e-02;3.791489e-01;8.439378e-02;1.525777e-01;1.028018e-02;1.656588e-02;1.034691e-02;1.265230e-02;6.862372e-02
1.785470e-02;2.067165e-02;2.638527e-01;8.682808e-02;2.854615e-01;7.962455e-02;1.427313e-01;7.071739e-03;1.173514e-02;1.253945e-02;1.874979e-02;5.287941e-02
2.349749e-02;3.380685e-02;4.115676e-01;7.332624e-02;1.415213e-01;5.068478e-02;1.718227e-01;1.578660e-02;8.728727e-03;2.350857e-02;1.624608e-02;2.950310e-02
3.952853e-02;4.027815e-02;4.694141e-01;5.909164e-02;6.136291e-02;3.462596e-02;1.826812e-01;2.358771e-02;1.434324e-02;3.243643e-02;2.499799e-02;1.765210e-02
3.446194e-02;4.309762e-02;4.005364e-01;6.990417e-02;1.358793e-01;5.789234e-02;1.292745e-01;2.544398e-02;2.221652e-02;2.924014e-02;3.094875e-02;2.110432e-02
1.595525e-02;3.689922e-02;3.712898e-01;7.954497e-02;2.426886e-01;9.537553e-02;4.182768e-02;1.625131e-02;2.602031e-02;1.615630e-02;2.062310e-02;3.736794e-02
1.393662e-02;1.933601e-02;2.995891e-01;6.464733e-02;2.725378e-01;1.098626e-01;1.385603e-01;6.600422e-03;1.846949e-02;6.827392e-03;7.879990e-03;4.175289e-02
1.488896e-02;1.171308e-02;3.102312e-01;6.568193e-02;2.718343e-01;1.118890e-01;1.375196e-01;5.581082e-03;1.270267e-02;1.047152e-02;1.152178e-02;3.596478e-02
1.751895e-02;2.229298e-02;3.434976e-01;6.927370e-02;2.684540e-01;1.023151e-01;8.777466e-02;1.150625e-02;1.204815e-02;1.886472e-02;1.216075e-02;3.429317e-02
2.149762e-02;2.260233e-02;2.320975e-01;6.037679e-02;2.705320e-01;1.080054e-01;1.777838e-01;2.118375e-02;1.777049e-02;2.169295e-02;1.427171e-02;3.218555e-02
1.463524e-02;1.247262e-02;1.585519e-01;5.235395e-02;3.604852e-01;1.239485e-01;1.688263e-01;1.469332e-02;2.903247e-02;1.706491e-02;1.192925e-02;3.600645e-02
1.221549e-02;8.004287e-03;2.378768e-01;6.098835e-02;4.230583e-01;1.250203e-01;3.119190e-02;6.994954e-03;2.934011e-02;1.437817e-02;1.092101e-02;4.001027e-02
7.357765e-03;1.077611e-02;2.798710e-01;7.287014e-02;3.422855e-01;1.103590e-01;1.042625e-01;9.444498e-03;1.094522e-02;1.289546e-02;9.709966e-03;2.922291e-02
4.966687e-03;1.224435e-02;3.522941e-01;8.878442e-02;2.963146e-01;1.118180e-01;7.267915e-02;9.447098e-03;6.847106e-03;1.267385e-02;8.815113e-03;2.311553e-02
7.900825e-03;1.757983e-02;4.096226e-01;9.887238e-02;2.507639e-01;9.544431e-02;5.996414e-02;1.047845e-02;7.995539e-03;1.529633e-02;1.184801e-02;1.423367e-02
7.313750e-03;1.915405e-02;4.933805e-01;1.101895e-01;2.141879e-01;7.926568e-02;2.529601e-02;9.357605e-03;5.741293e-03;1.069948e-02;1.762296e-02;7.791299e-03
3.822225e-03;1.507455e-02;5.412866e-01;1.017189e-01;1.794718e-01;7.042788e-02;4.012485e-02;9.597886e-03;6.027082e-03;8.362919e-03;1.781437e-02;6.270832e-03
5.604615e-03;1.304488e-02;6.026360e-01;8.696558e-02;1.336612e-01;5.397006e-02;5.247109e-02;1.241469e-02;6.546434e-03;9.994111e-03;1.914236e-02;3.548919e-03
6.276087e-03;1.344420e-02;6.677684e-01;8.573579e-02;9.375384e-02;2.843322e-02;4.702892e-02;9.094686e-03;1.016110e-02;1.490143e-02;1.586792e-02;7.534444e-03
5.145890e-03;1.670103e-02;6.873395e-01;8.077163e-02;8.989512e-02;2.512599e-02;3.732488e-02;8.769472e-03;9.552679e-03;1.810686e-02;1.056646e-02;1.070049e-02
8.449090e-03;2.205974e-02;5.895236e-01;6.347671e-02;1.125260e-01;4.870133e-02;8.191326e-02;1.408100e-02;1.906885e-02;2.663217e-02;9.329373e-03;4.238854e-03
2.300864e-02;3.221789e-02;5.263311e-01;5.972020e-02;1.192420e-01;5.280958e-02;7.365830e-02;1.815944e-02;3.524489e-02;3.303947e-02;1.408135e-02;1.248707e-02
3.022229e-02;4.184043e-02;4.730242e-01;6.422236e-02;1.221752e-01;4.781281e-02;7.434522e-02;2.036359e-02;4.334262e-02;3.442542e-02;2.183963e-02;2.638620e-02
3.539785e-02;4.606412e-02;4.040158e-01;6.394010e-02;1.033488e-01;5.201636e-02;9.342582e-02;2.960156e-02;3.508304e-02;4.068315e-02;5.695383e-02;3.946961e-02
4.975716e-02;5.308245e-02;3.851714e-01;8.104403e-02;8.250298e-02;5.075585e-02;7.747957e-02;3.621605e-02;3.879393e-02;6.319956e-02;5.132297e-02;3.067394e-02
4.130280e-02;6.030284e-02;3.564810e-01;8.529956e-02;8.813453e-02;4.512035e-02;8.629794e-02;3.428247e-02;4.720213e-02;6.214764e-02;5.529553e-02;3.813321e-02
1.443271e-02;4.292053e-02;3.470730e-01;5.947909e-02;1.229367e-01;6.115687e-02;1.003187e-01;4.413255e-02;5.966032e-02;4.906944e-02;6.519838e-02;3.362172e-02
4.574278e-02;2.776195e-02;2.730967e-01;5.739169e-02;1.256662e-01;5.920000e-02;1.090896e-01;5.058782e-02;8.285708e-02;6.223736e-02;7.577576e-02;3.059309e-02
6.692771e-02;3.298763e-02;2.187020e-01;6.898837e-02;1.540025e-01;6.392887e-02;8.237713e-02;5.575120e-02;7.451732e-02;6.223495e-02;6.969512e-02;4.988711e-02
7.285188e-02;7.094341e-02;1.436561e-01;6.958386e-02;1.405389e-01;6.882682e-02;1.037232e-01;7.926527e-02;6.102452e-02;6.011397e-02;6.201701e-02;6.745518e-02
4.555861e-02;8.574646e-02;1.739048e-01;5.373969e-02;8.183973e-02;5.963593e-02;1.694181e-01;9.118698e-02;7.467886e-02;5.196294e-02;6.060716e-02;5.172071e-02
5.467718e-02;6.619976e-02;1.844078e-01;4.643266e-02;8.646628e-02;7.410187e-02;1.980798e-01;6.641147e-02;4.708367e-02;5.880775e-02;7.464691e-02;4.268484e-02
5.533048e-02;5.743499e-02;1.198428e-01;7.095387e-02;1.344391e-01;9.553044e-02;1.541426e-01;6.159730e-02;4.898177e-02;7.402944e-02;8.663059e-02;4.108661e-02
7.092976e-02;5.973710e-02;1.013350e-01;7.137930e-02;1.243037e-01;8.665504e-02;1.446370e-01;7.206455e-02;8.151309e-02;6.822967e-02;6.665950e-02;5.255619e-02
5.102816e-02;5.475704e-02;1.086280e-01;5.747420e-02;9.791590e-02;7.440212e-02;1.931512e-01;7.451204e-02;9.825418e-02;6.205442e-02;6.703061e-02;6.079210e-02
6.373417e-02;9.138370e-02;1.062582e-01;9.424888e-02;1.134378e-01;1.846567e-01;1.283019e-01;5.765563e-02;4.378579e-02;4.069944e-02;3.868626e-02;3.715144e-02
8.325518e-02;8.440162e-02;8.655858e-02;9.102048e-02;1.116506e-01;2.065146e-01;1.066503e-01;6.044205e-02;4.790494e-02;4.709911e-02;4.141239e-02;3.309020e-02
1.037031e-01;6.511261e-02;6.889123e-02;6.667145e-02;9.507634e-02;2.185149e-01;1.131340e-01;5.714277e-02;6.202601e-02;6.832302e-02;5.882701e-02;2.257752e-02
1.229569e-01;5.874551e-02;7.260744e-02;6.785808e-02;6.754776e-02;1.851157e-01;1.092047e-01;4.640727e-02;7.752261e-02;9.097821e-02;7.334015e-02;2.771571e-02
1.247048e-01;1.033775e-01;9.709568e-02;1.027297e-01;7.249280e-02;1.062231e-01;8.139943e-02;4.925770e-02;6.407848e-02;9.536995e-02;6.553634e-02;3.773456e-02
1.075848e-01;1.487640e-01;1.273309e-01;1.145148e-01;9.380427e-02;6.733364e-02;7.631614e-02;7.099099e-02;4.293078e-02;7.786193e-02;4.292170e-02;2.964617e-02
1.164716e-01;1.118430e-01;1.579777e-01;8.831787e-02;1.034333e-01;6.163145e-02;8.987690e-02;7.190710e-02;7.097425e-02;3.503814e-02;4.682506e-02;4.570363e-02
6.655899e-02;5.433855e-02;2.443856e-01;7.350438e-02;1.194000e-01;5.921604e-02;9.895033e-02;6.150773e-02;6.710087e-02;5.499880e-02;5.125988e-02;4.877884e-02
5.544516e-02;4.167880e-02;3.069392e-01;6.541570e-02;1.433071e-01;6.514160e-02;9.460641e-02;4.103773e-02;4.985273e-02;3.166147e-02;6.543844e-02;3.947565e-02
5.643542e-02;5.432668e-02;3.656768e-01;7.420743e-02;1.324516e-01;5.806952e-02;7.313042e-02;4.636758e-02;2.197646e-02;2.050444e-02;6.925695e-02;2.759663e-02
3.187137e-02;4.326709e-02;4.247090e-01;9.812915e-02;1.246735e-01;4.377790e-02;2.862666e-02;5.555849e-02;2.101821e-02;3.918379e-02;7.317377e-02;1.601116e-02
1.903868e-02;4.579701e-02;4.102354e-01;9.867991e-02;1.559488e-01;4.635746e-02;5.074693e-02;4.297073e-02;2.359649e-02;2.980602e-02;5.753190e-02;1.929072e-02
1.677661e-02;4.729972e-02;3.251879e-01;7.693741e-02;2.026652e-01;7.654619e-02;1.225263e-01;2.128370e-02;3.759392e-02;1.931154e-02;2.717605e-02;2.669537e-02
1.282131e-02;3.340015e-02;2.671353e-01;6.962366e-02;2.807775e-01;1.325665e-01;4.566865e-02;2.934479e-02;5.233391e-02;2.163905e-02;1.553287e-02;3.915642e-02
2.425686e-02;1.054871e-02;1.334081e-01;3.656431e-02;2.348007e-01;1.562398e-01;2.984874e-01;1.971629e-02;2.928497e-02;2.245303e-02;1.235563e-02;2.188428e-02
4.787187e-02;8.928590e-03;5.877304e-02;1.649687e-02;1.698980e-01;1.800127e-01;4.306338e-01;1.700381e-02;1.279363e-02;3.350572e-02;1.019245e-02;1.388949e-02
6.792843e-02;4.840069e-03;2.071311e-02;3.037517e-02;1.167288e-01;1.931363e-01;4.709542e-01;2.641811e-02;8.999847e-03;4.286123e-02;7.225064e-03;9.819667e-03
5.573734e-02;9.993621e-03;1.187898e-02;5.622623e-02;8.766659e-02;1.693265e-01;5.167927e-01;2.015671e-02;9.703339e-03;4.459551e-02;7.975610e-03;9.946872e-03
3.043756e-02;1.592587e-02;1.987412e-02;5.782632e-02;8.553500e-02;1.486893e-01;5.784233e-01;1.398466e-02;9.100981e-03;2.845084e-02;5.063425e-03;6.688621e-03
2.641512e-02;1.787878e-02;2.025434e-02;5.489779e-02;7.590481e-02;1.446635e-01;6.029547e-01;1.423534e-02;8.229691e-03;2.368013e-02;6.139890e-03;4.745914e-03
4.970289e-02;1.426842e-02;1.921403e-02;5.894445e-02;7.311659e-02;1.574896e-01;5.700580e-01;1.129177e-02;6.783378e-03;2.998641e-02;4.049661e-03;5.094868e-03
7.503410e-02;2.213581e-02;3.104804e-02;5.570553e-02;1.008359e-01;1.645611e-01;4.769413e-01;1.322647e-02;7.492681e-03;3.293942e-02;6.464907e-03;1.361470e-02
8.561566e-02;2.327588e-02;6.274120e-02;4.934553e-02;1.582534e-01;1.759136e-01;3.603368e-01;1.338687e-02;1.037324e-02;3.027656e-02;1.044651e-02;2.003473e-02
7.795557e-02;1.788314e-02;9.079591e-02;3.854215e-02;2.497954e-01;2.149879e-01;2.296776e-01;9.690668e-03;1.383640e-02;1.783780e-02;8.909916e-03;3.008757e-02
4.390428e-02;9.560331e-03;1.246954e-01;4.045442e-02;3.036607e-01;1.944014e-01;1.804335e-01;7.899425e-03;2.560477e-02;6.821001e-03;6.979978e-03;5.558483e-02
1.866448e-02;8.712738e-03;1.616426e-01;5.156899e-02;3.047523e-01;1.499711e-01;1.911264e-01;5.036372e-03;2.472677e-02;6.812924e-03;9.038712e-03;6.794652e-02
1.126217e-02;7.059236e-03;2.231752e-01;6.982661e-02;3.027429e-01;1.227555e-01;1.726969e-01;9.374314e-03;1.433544e-02;6.082895e-03;7.273786e-03;5.341504e-02
1.438449e-02;1.207618e-02;3.040281e-01;9.284469e-02;2.615287e-01;9.459423e-02;1.181972e-01;1.144601e-02;1.433524e-02;1.139684e-02;2.714945e-02;3.801889e-02
9.495589e-03;1.632849e-02;3.880693e-01;1.179574e-01;2.160630e-01;4.598454e-02;9.962630e-02;1.797437e-02;1.000744e-02;9.869828e-03;3.494092e-02;3.368285e-02
1.096093e-02;1.661320e-02;3.781258e-01;1.089741e-01;2.218639e-01;6.953753e-02;1.180715e-01;1.960305e-02;5.848359e-03;9.072579e-03;2.899293e-02;1.233605e-02
6.586671e-03;1.433019e-02;3.568313e-01;9.818609e-02;2.365136e-01;9.154456e-02;1.179965e-01;1.433200e-02;3.848979e-03;9.089740e-03;2.837146e-02;2.236892e-02
9.640704e-03;1.392560e-02;3.493762e-01;9.857612e-02;2.558638e-01;9.891002e-02;9.405435e-02;1.365607e-02;5.132363e-03;1.085685e-02;2.727348e-02;2.273443e-02
9.895939e-03;1.765093e-02;3.544423e-01;1.041363e-01;2.798792e-01;9.671375e-02;5.235642e-02;1.349133e-02;1.197691e-02;1.004456e-02;2.454331e-02;2.486908e-02
1.364675e-02;1.225639e-02;3.381734e-01;1.005498e-01;2.991264e-01;9.826947e-02;5.129417e-02;8.773941e-03;1.294646e-02;9.724898e-03;1.847625e-02;3.676219e-02
8.206406e-03;1.328281e-02;2.766964e-01;8.236524e-02;3.124658e-01;1.066869e-01;9.474909e-02;1.122459e-02;1.969716e-02;1.274381e-02;1.110002e-02;5.078167e-02
1.004105e-02;9.401255e-03;2.154532e-01;6.702615e-02;3.148223e-01;1.169103e-01;1.538236e-01;1.214756e-02;2.319473e-02;1.632611e-02;6.302431e-03;5.455141e-02
1.396477e-02;9.714530e-03;1.748944e-01;5.351691e-02;3.157862e-01;1.370213e-01;1.699363e-01;1.621896e-02;3.012189e-02;2.265511e-02;7.132781e-03;4.903681e-02
1.331698e-02;1.571860e-02;1.653458e-01;5.135236e-02;3.192626e-01;1.712986e-01;1.419876e-01;1.580360e-02;3.310583e-02;1.789353e-02;8.017799e-03;4.689675e-02
3.040312e-02;2.667348e-02;1.535896e-01;4.366766e-02;2.402364e-01;1.732467e-01;2.378329e-01;1.871732e-02;2.244151e-02;1.617956e-02;1.081118e-02;2.620060e-02
7.225638e-02;2.597921e-02;9.125248e-02;2.974808e-02;1.479471e-01;1.692509e-01;3.875014e-01;1.233300e-02;1.638835e-02;2.162106e-02;1.232635e-02;1.339578e-02
9.632529e-02;2.109740e-02;4.166675e-02;2.196551e-02;7.210467e-02;1.518859e-01;5.159044e-01;1.663622e-02;1.199476e-02;2.800671e-02;1.159687e-02;1.081541e-02
6.770389e-02;3.278984e-02;2.869610e-02;2.038527e-02;4.908336e-02;1.070665e-01;6.108465e-01;2.208239e-02;1.153049e-02;3.027748e-02;1.155842e-02;7.979818e-03
2.886721e-02;5.469348e-02;1.628392e-02;1.250445e-02;3.837503e-02;7.103554e-02;7.154071e-01;1.929617e-02;1.049965e-02;1.982203e-02;9.604718e-03;3.610661e-03
1.431068e-02;6.886011e-02;9.910175e-03;1.040732e-02;1.180994e-02;5.928322e-02;7.668332e-01;2.581847e-02;1.074230e-02;7.397362e-03;1.187468e-02;2.752569e-03
8.517635e-03;7.695442e-02;1.073726e-02;7.775978e-03;2.317353e-02;7.117214e-02;7.258232e-01;3.966044e-02;1.311969e-02;4.451192e-03;1.458160e-02;4.032918e-03
7.604622e-03;7.742303e-02;1.507174e-02;5.739633e-03;2.890639e-02;6.230434e-02;6.946262e-01;6.986327e-02;1.160463e-02;5.128659e-03;1.577138e-02;5.956096e-03
6.445214e-03;7.704885e-02;2.596587e-02;7.330520e-03;2.804136e-02;3.713689e-02;6.835935e-01;9.536341e-02;1.275146e-02;6.083888e-03;1.361043e-02;6.628689e-03
1.136809e-02;6.736992e-02;2.847914e-02;5.073722e-03;1.578239e-02;2.741384e-02;6.786020e-01;1.272449e-01;1.661744e-02;5.426995e-03;1.183728e-02;4.784331e-03
1.461133e-02;5.382759e-02;7.030858e-02;1.174220e-02;1.727321e-02;2.371980e-02;5.966721e-01;1.638676e-01;2.257391e-02;1.081435e-02;7.932998e-03;6.656299e-03
1.334189e-02;4.335693e-02;1.483393e-01;1.048459e-02;1.390620e-02;1.840026e-02;4.616447e-01;2.299576e-01;3.249748e-02;1.297110e-02;7.485162e-03;7.614749e-03
1.160073e-02;2.409236e-02;2.405360e-01;2.152334e-02;8.626163e-03;1.374252e-02;2.823851e-01;2.872133e-01;7.038666e-02;1.936676e-02;1.016047e-02;1.036666e-02
8.105348e-03;1.229849e-02;2.594949e-01;6.999392e-02;9.257391e-03;1.269228e-02;1.969865e-01;2.469453e-01;1.331557e-01;2.952026e-02;9.633814e-03;1.191613e-02
5.194966e-03;1.936549e-02;1.639925e-01;1.349874e-01;8.695640e-03;1.423770e-02;2.019272e-01;1.701991e-01;2.230184e-01;4.131959e-02;7.532619e-03;9.529431e-03
1.258315e-02;1.660361e-02;5.981812e-02;2.351452e-01;1.069385e-02;1.024555e-02;1.692942e-01;9.318087e-02;3.191707e-01;5.684721e-02;9.729490e-03;6.687994e-03
1.696214e-02;1.228301e-02;5.453313e-02;3.150559e-01;1.337427e-02;9.929784e-03;6.721004e-02;4.792790e-02;3.669566e-01;7.004878e-02;2.004303e-02;5.675452e-03
2.279544e-02;2.213628e-02;7.094178e-02;3.108650e-01;1.561662e-02;6.907708e-03;2.721700e-02;4.721140e-02;3.663386e-01;8.435174e-02;2.043996e-02;5.178518e-03
2.409645e-02;1.821394e-02;4.868644e-02;2.969495e-01;8.662792e-03;4.907005e-03;6.222638e-02;5.404454e-02;3.792631e-01;8.138587e-02;1.490457e-02;6.659365e-03
2.618329e-02;1.422366e-02;3.350506e-02;2.909677e-01;1.112435e-02;5.109640e-03;6.982382e-02;4.775216e-02;3.829940e-01;9.922940e-02;1.041702e-02;8.669990e-03
2.704512e-02;1.895178e-02;4.249191e-02;2.614108e-01;8.634430e-03;6.710208e-03;4.093575e-02;6.318881e-02;4.116697e-01;9.865949e-02;1.256608e-02;7.735976e-03
2.462273e-02;1.768633e-02;4.130630e-02;1.797299e-01;1.394046e-02;1.131674e-02;6.003908e-02;6.125648e-02;4.384319e-01;1.276155e-01;1.668492e-02;7.369701e-03
2.840427e-02;1.258144e-02;4.464628e-02;1.254515e-01;1.768099e-02;1.489956e-02;3.751631e-02;4.883354e-02;4.602877e-01;1.703339e-01;2.667196e-02;1.269250e-02
2.766244e-02;5.784302e-03;4.556132e-02;1.462600e-01;1.236601e-02;1.301180e-02;5.535978e-02;4.425429e-02;4.029076e-01;1.975146e-01;3.545185e-02;1.386594e-02
1.918850e-02;8.833364e-03;4.515872e-02;1.261317e-01;3.442438e-02;7.406217e-03;5.964225e-02;4.166061e-02;3.253731e-01;2.795975e-01;4.067924e-02;1.190443e-02
2.601542e-02;1.605619e-02;2.486301e-02;7.444315e-02;6.724427e-02;1.439996e-02;2.195391e-02;4.468669e-02;2.704854e-01;3.702145e-01;5.712998e-02;1.250756e-02
3.523527e-02;2.381368e-02;2.687448e-02;4.683993e-02;8.755650e-02;1.917200e-02;3.759871e-02;3.861883e-02;2.049262e-01;3.992102e-01;6.485029e-02;1.530394e-02
4.393643e-02;3.380059e-02;3.412582e-02;6.402072e-02;9.982844e-02;2.839042e-02;2.725956e-02;3.015986e-02;1.336675e-01;3.926743e-01;1.002417e-01;1.189461e-02
6.015368e-02;3.949967e-02;4.678261e-02;5.472483e-02;8.058656e-02;3.731394e-02;3.694062e-02;2.336741e-02;8.561378e-02;3.627018e-01;1.461422e-01;2.617289e-02
6.064594e-02;3.947302e-02;5.578754e-02;1.678729e-02;6.744960e-02;2.679995e-02;3.330252e-02;2.348238e-02;7.331705e-02;4.396941e-01;1.287911e-01;3.446960e-02
3.422605e-02;3.090500e-02;4.762778e-02;3.543180e-02;6.044627e-02;1.829306e-02;2.698792e-02;2.605162e-02;8.975980e-02;5.175227e-01;9.187887e-02;2.086917e-02
1.790670e-02;2.279017e-02;3.857838e-02;3.971871e-02;4.608122e-02;1.145899e-02;4.840295e-02;3.160856e-02;2.182467e-01;4.301291e-01;8.349716e-02;1.158136e-02
2.545426e-02;1.846113e-02;5.074099e-02;3.932088e-02;2.212795e-02;1.266925e-02;1.358307e-01;6.566188e-02;2.887518e-01;2.742728e-01;5.652329e-02;1.018511e-02
3.697360e-02;7.101919e-03;4.688764e-02;3.854401e-02;1.406744e-02;1.149316e-02;2.599513e-01;8.898406e-02;2.205447e-01;2.040638e-01;5.723212e-02;1.415632e-02
3.540555e-02;1.592760e-02;4.858458e-02;3.691528e-02;3.168125e-02;2.619812e-02;3.670960e-01;8.349663e-02;8.992454e-02;1.735280e-01;6.649607e-02;2.474643e-02
3.073174e-02;2.352953e-02;6.142932e-02;2.820270e-02;5.006026e-02;3.284061e-02;3.884676e-01;6.788751e-02;5.318997e-02;1.600175e-01;6.974398e-02;3.389928e-02
3.221131e-02;3.723750e-02;8.318909e-02;2.104708e-02;6.191767e-02;4.061264e-02;2.409863e-01;6.801523e-02;6.152910e-02;2.400672e-01;6.898475e-02;4.420220e-02
6.163362e-02;4.030253e-02;1.131065e-01;2.528738e-02;5.963422e-02;3.631513e-02;1.347357e-01;5.374753e-02;9.458729e-02;2.599005e-01;9.343730e-02;2.731233e-02
6.629550e-02;5.035199e-02;1.013881e-01;3.286220e-02;5.770129e-02;8.433060e-02;1.131734e-01;5.725838e-02;1.000264e-01;2.202565e-01;9.890962e-02;1.744605e-02
5.731192e-02;5.763468e-02;8.187134e-02;3.535554e-02;4.776580e-02;1.592129e-01;1.568909e-01;6.426591e-02;8.491950e-02;1.536750e-01;8.113658e-02;1.995995e-02
5.338711e-02;3.774153e-02;6.739356e-02;5.706521e-02;4.959597e-02;1.710340e-01;2.607646e-01;7.723470e-02;5.975576e-02;9.846338e-02;4.708032e-02;2.048396e-02
4.883901e-02;4.779568e-02;5.932298e-02;6.721256e-02;5.922000e-02;9.306958e-02;3.279347e-01;1.037307e-01;4.499699e-02;9.518815e-02;3.120633e-02;2.148336e-02
5.527106e-02;6.810580e-02;6.192901e-02;7.228736e-02;5.629537e-02;3.750903e-02;2.562419e-01;1.200158e-01;7.482804e-02;1.294262e-01;4.323577e-02;2.485469e-02
6.603795e-02;8.077441e-02;6.037260e-02;5.803900e-02;7.226955e-02;6.376151e-02;1.021178e-01;1.139246e-01;1.108042e-01;1.616500e-01;6.979813e-02;4.045018e-02
1.000422e-01;8.668888e-02;5.928646e-02;4.661551e-02;1.014696e-01;1.022421e-01;1.068343e-01;8.033069e-02;9.478046e-02;1.399236e-01;4.167300e-02;4.011302e-02
9.444734e-02;6.367032e-02;8.840090e-02;5.922955e-02;7.690103e-02;1.019598e-01;1.200826e-01;6.418643e-02;1.022247e-01;1.366865e-01;4.369688e-02;4.851400e-02
8.469582e-02;8.898056e-02;7.550212e-02;6.573642e-02;5.457406e-02;7.459960e-02;1.025163e-01;6.403260e-02;9.495196e-02;1.534086e-01;8.230231e-02;5.869960e-02
7.400697e-02;8.989619e-02;9.999046e-02;7.256548e-02;5.210409e-02;5.628270e-02;1.560866e-01;9.760827e-02;6.058695e-02;1.285262e-01;7.828072e-02;3.406536e-02
8.443404e-02;1.009961e-01;1.421515e-01;8.152182e-02;6.151574e-02;1.074226e-01;1.230080e-01;9.021475e-02;3.083925e-02;8.935387e-02;6.728368e-02;2.125872e-02
8.187072e-02;9.632097e-02;1.610213e-01;9.984203e-02;6.707840e-02;1.326167e-01;5.942092e-02;7.115530e-02;4.492065e-02;6.810313e-02;6.768590e-02;4.996403e-02
5.189725e-02;9.543768e-02;2.009144e-01;9.761621e-02;7.586390e-02;9.264124e-02;7.524753e-02;4.234631e-02;6.417242e-02;5.745989e-02;7.307862e-02;7.332453e-02
6.210884e-02;1.256310e-01;2.185052e-01;5.825331e-02;7.678774e-02;8.722568e-02;1.052081e-01;2.741492e-02;6.927983e-02;6.474186e-02;4.506591e-02;5.977773e-02
