9.145196e-02;9.292272e-02;1.699644e-01;3.666342e-02;8.234338e-02;5.663979e-02;5.623755e-02;5.817257e-02;1.348101e-01;5.838691e-02;6.310917e-02;9.929807e-02
4.836751e-02;5.246972e-02;1.389799e-01;2.567552e-02;6.611081e-02;7.411646e-02;1.853129e-01;6.177372e-02;1.319955e-01;7.456741e-02;6.146555e-02;7.916507e-02
5.324579e-02;3.859277e-02;1.083149e-01;2.456786e-02;5.830474e-02;6.066962e-02;2.280059e-01;1.498579e-01;1.340913e-01;6.746185e-02;5.179616e-02;2.509117e-02
7.689416e-02;3.369060e-02;9.456100e-02;2.712038e-02;5.704597e-02;5.503815e-02;1.827846e-01;1.987846e-01;1.066847e-01;7.312995e-02;5.832261e-02;3.594325e-02
1.018904e-01;2.086581e-02;6.307176e-02;3.212959e-02;4.506500e-02;5.897281e-02;1.237544e-01;2.574957e-01;8.917341e-02;8.867785e-02;6.320465e-02;5.569863e-02
1.135411e-01;1.411130e-02;4.282782e-02;3.627195e-02;2.225294e-02;5.309678e-02;2.190564e-01;2.253009e-01;7.118002e-02;9.471553e-02;3.599432e-02;7.165090e-02
1.074426e-01;2.715137e-02;2.791724e-02;4.384186e-02;9.599970e-03;5.179904e-02;3.321970e-01;1.625139e-01;4.460923e-02;8.029055e-02;2.039075e-02;9.224644e-02
5.855636e-02;2.431785e-02;3.152788e-02;4.633248e-02;1.399934e-02;8.757227e-02;3.620782e-01;1.127771e-01;4.765680e-02;6.898033e-02;3.373818e-02;1.124632e-01
3.603714e-02;2.460073e-02;5.153328e-02;4.436580e-02;4.596968e-02;1.519052e-01;2.911028e-01;7.776266e-02;5.789392e-02;5.798641e-02;5.863541e-02;1.022070e-01
5.067235e-02;3.367514e-02;8.274069e-02;4.945069e-02;8.115236e-02;1.864118e-01;1.951723e-01;6.906882e-02;4.542007e-02;5.780431e-02;7.994231e-02;6.848923e-02
5.322435e-02;3.031855e-02;9.532995e-02;4.591710e-02;9.429050e-02;1.987391e-01;1.748795e-01;6.307380e-02;3.249434e-02;7.136238e-02;9.335283e-02;4.701768e-02
5.545065e-02;2.828567e-02;1.102042e-01;3.946323e-02;8.588323e-02;2.023393e-01;1.753646e-01;5.000163e-02;3.884800e-02;7.698062e-02;9.165435e-02;4.552451e-02
7.749867e-02;4.787137e-02;1.293920e-01;4.023551e-02;7.241882e-02;1.582450e-01;1.274130e-01;7.051319e-02;6.698319e-02;7.017660e-02;7.208220e-02;6.717048e-02
5.600265e-02;6.175865e-02;1.016721e-01;5.549935e-02;5.766849e-02;1.363243e-01;1.887771e-01;6.569424e-02;5.919388e-02;8.103951e-02;6.789026e-02;6.847950e-02
3.522834e-02;6.777919e-02;1.176532e-01;6.261065e-02;5.463247e-02;1.005990e-01;2.227604e-01;5.450031e-02;4.403901e-02;7.712597e-02;1.090283e-01;5.404326e-02
8.515459e-02;5.981665e-02;1.188539e-01;4.399505e-02;9.990424e-02;8.436439e-02;1.830789e-01;5.980429e-02;4.684616e-02;5.789663e-02;9.574226e-02;6.454290e-02
9.303205e-02;4.936296e-02;1.405924e-01;2.456103e-02;1.237369e-01;1.227769e-01;1.945476e-01;5.128309e-02;3.504159e-02;4.742421e-02;4.356352e-02;7.407787e-02
5.728670e-02;6.251175e-02;1.299650e-01;3.728072e-02;1.136277e-01;1.217570e-01;1.633793e-01;8.242608e-02;5.225416e-02;7.802143e-02;3.901780e-02;6.247230e-02
3.153131e-02;6.217851e-02;1.150933e-01;5.373672e-02;1.027643e-01;1.318113e-01;1.274990e-01;1.100829e-01;5.985409e-02;8.915414e-02;6.383666e-02;5.245787e-02
4.648486e-02;4.729185e-02;1.158215e-01;6.041811e-02;1.037453e-01;1.237569e-01;1.346858e-01;1.064506e-01;5.547444e-02;9.651179e-02;5.970826e-02;4.965064e-02
8.394083e-02;3.918559e-02;8.163899e-02;6.267370e-02;1.089962e-01;1.045411e-01;1.186465e-01;9.410547e-02;6.192475e-02;9.187182e-02;7.506300e-02;7.741202e-02
6.498680e-02;5.747073e-02;6.133224e-02;5.432291e-02;7.942561e-02;1.232229e-01;1.187838e-01;1.134023e-01;7.069918e-02;6.882875e-02;9.566654e-02;9.185840e-02
9.437975e-02;7.938033e-02;1.000578e-01;7.581382e-02;4.043438e-02;1.033195e-01;1.029778e-01;1.080189e-01;5.749434e-02;8.317101e-02;9.670151e-02;5.825088e-02
1.085624e-01;1.014867e-01;1.053726e-01;8.192126e-02;5.480495e-02;9.025507e-02;9.991722e-02;7.885952e-02;6.521896e-02;8.430874e-02;8.622950e-02;4.306307e-02
9.022908e-02;8.954295e-02;6.929157e-02;6.410483e-02;1.126062e-01;9.167784e-02;1.072732e-01;8.796069e-02;8.344834e-02;8.509917e-02;6.669044e-02;5.207572e-02
9.256708e-02;1.033439e-01;6.803186e-02;7.147817e-02;1.267457e-01;8.355229e-02;1.142009e-01;7.175525e-02;6.903911e-02;9.226550e-02;4.311805e-02;6.390227e-02
7.065944e-02;7.382449e-02;1.152190e-01;1.256421e-01;5.758628e-02;9.036304e-02;8.986505e-02;8.216728e-02;7.234521e-02;1.080288e-01;4.161580e-02;7.268351e-02
6.626648e-02;9.441415e-02;1.141272e-01;1.106221e-01;5.044797e-02;8.609846e-02;1.152995e-01;8.958814e-02;9.276257e-02;8.800776e-02;3.957105e-02;5.279458e-02
1.058758e-01;6.275945e-02;7.535199e-02;1.069176e-01;6.349211e-02;8.933811e-02;1.159953e-01;9.545524e-02;9.427607e-02;5.781501e-02;4.025527e-02;9.246804e-02
9.482528e-02;6.980873e-02;9.084182e-02;9.908297e-02;7.336146e-02;8.473703e-02;1.117847e-01;9.959669e-02;9.566449e-02;5.370560e-02;4.499799e-02;8.159331e-02
8.853704e-02;8.108953e-02;1.096080e-01;7.965374e-02;7.356333e-02;9.694073e-02;1.242567e-01;1.063281e-01;8.074410e-02;4.679520e-02;4.967013e-02;6.281335e-02
9.087600e-02;6.288756e-02;1.943427e-01;5.507322e-02;7.701000e-02;9.976602e-02;9.004361e-02;6.588558e-02;6.580310e-02;8.361887e-02;3.836565e-02;7.632760e-02
8.065840e-02;5.187993e-02;2.144676e-01;3.456400e-02;5.997200e-02;7.560770e-02;9.338312e-02;5.713978e-02;7.068152e-02;1.124441e-01;5.467516e-02;9.452666e-02
4.937496e-02;5.606536e-02;1.664342e-01;2.259228e-02;3.797995e-02;7.468660e-02;1.105192e-01;8.704491e-02;4.317470e-02;9.744456e-02;1.336146e-01;1.210687e-01
1.495378e-01;5.292535e-02;6.970754e-02;2.341875e-02;2.989992e-02;5.641706e-02;1.339969e-01;1.073467e-01;2.330691e-02;5.227727e-02;1.452774e-01;1.558883e-01
3.074083e-01;7.117653e-02;5.890143e-02;2.810505e-02;1.526259e-02;3.078208e-02;1.234798e-01;7.878255e-02;2.236872e-02;2.655424e-02;7.883371e-02;1.583450e-01
4.247169e-01;9.940383e-02;5.598598e-02;2.715567e-02;8.921737e-03;1.734757e-02;1.031333e-01;4.837608e-02;1.820070e-02;1.723250e-02;2.762039e-02;1.519053e-01
3.931229e-01;8.336932e-02;4.286262e-02;2.835179e-02;9.076304e-03;2.122576e-02;1.188735e-01;3.209139e-02;1.298455e-02;1.311456e-02;3.692905e-02;2.079982e-01
2.586829e-01;3.266051e-02;2.825967e-02;2.524632e-02;8.568413e-03;3.736158e-02;1.470511e-01;5.620404e-02;1.598077e-02;1.577615e-02;8.410050e-02;2.901081e-01
1.257887e-01;6.650468e-03;3.896918e-02;1.797196e-02;1.179562e-02;6.618301e-02;1.413611e-01;7.019623e-02;3.227783e-02;2.423386e-02;1.634243e-01;3.011476e-01
3.664336e-02;1.300797e-02;6.565463e-02;1.758067e-02;1.889394e-02;1.039119e-01;1.385171e-01;4.506626e-02;4.712611e-02;2.829077e-02;2.207276e-01;2.645797e-01
3.661543e-02;1.338624e-02;7.128299e-02;4.620892e-02;2.760773e-02;1.168581e-01;1.862403e-01;3.197170e-02;4.699522e-02;2.290347e-02;2.033462e-01;1.965837e-01
9.399572e-02;1.844723e-02;5.591431e-02;1.191180e-01;2.706582e-02;8.271824e-02;2.321136e-01;3.506888e-02;3.164477e-02;2.369570e-02;1.191196e-01;1.610982e-01
1.098674e-01;2.387278e-02;2.502304e-02;1.760177e-01;1.818023e-02;5.032687e-02;2.878832e-01;3.874391e-02;1.204011e-02;2.868856e-02;5.661925e-02;1.727370e-01
1.588408e-01;3.016874e-02;2.020447e-02;1.634048e-01;1.463339e-02;4.506810e-02;2.668448e-01;6.507357e-02;1.258112e-02;3.811648e-02;3.044407e-02;1.546196e-01
2.517788e-01;4.822672e-02;2.888818e-02;9.739713e-02;4.685805e-02;4.831116e-02;1.572834e-01;1.337491e-01;2.186343e-02;3.415160e-02;2.657070e-02;1.049217e-01
3.124376e-01;8.345477e-02;3.948813e-02;3.701552e-02;9.784812e-02;3.561760e-02;8.367171e-02;1.746759e-01;4.307656e-02;1.765681e-02;2.762581e-02;4.743147e-02
2.943408e-01;1.475202e-01;5.665572e-02;1.256150e-02;1.037368e-01;2.572804e-02;6.671603e-02;1.370767e-01;9.759957e-02;1.184568e-02;2.952982e-02;1.668901e-02
1.960399e-01;2.196615e-01;8.758106e-02;2.362802e-02;5.374253e-02;3.299871e-02;5.992000e-02;7.277970e-02;1.988569e-01;1.846991e-02;2.138261e-02;1.493917e-02
1.217664e-01;2.287493e-01;1.408760e-01;4.107112e-02;1.840874e-02;5.904898e-02;4.189377e-02;3.486890e-02;2.522867e-01;2.935602e-02;1.022155e-02;2.145263e-02
1.012763e-01;1.927542e-01;1.946778e-01;5.197391e-02;1.724974e-02;7.725987e-02;4.552523e-02;2.832462e-02;2.066302e-01;3.623811e-02;1.525999e-02;3.283001e-02
3.163471e-02;1.999473e-01;1.977259e-01;6.218041e-02;3.349280e-02;7.234806e-02;8.600725e-02;7.002198e-02;1.328967e-01;3.329004e-02;4.080781e-02;3.964697e-02
1.721731e-01;1.721853e-01;1.455982e-01;4.343102e-02;4.244589e-02;5.737351e-02;7.832000e-02;1.067296e-01;6.407072e-02;2.224558e-02;6.453203e-02;3.089510e-02
1.806376e-01;1.801874e-01;1.401205e-01;3.803513e-02;4.753689e-02;5.747101e-02;5.645668e-02;1.026260e-01;4.907753e-02;5.003484e-02;6.543105e-02;3.238547e-02
1.645364e-01;2.064835e-01;1.178561e-01;4.525609e-02;4.444590e-02;6.129065e-02;6.201327e-02;8.587489e-02;5.348983e-02;6.861828e-02;5.928032e-02;3.085483e-02
1.757016e-01;1.873279e-01;1.183081e-01;5.552560e-02;4.589766e-02;3.615202e-02;6.279226e-02;7.610600e-02;8.325284e-02;4.232109e-02;5.777742e-02;5.883759e-02
1.847833e-01;1.597258e-01;1.172434e-01;7.245762e-02;4.083429e-02;1.855939e-02;6.406258e-02;6.890099e-02;1.032977e-01;3.842868e-02;4.789120e-02;8.381507e-02
1.480659e-01;1.481579e-01;1.316855e-01;7.844990e-02;4.521962e-02;2.791402e-02;6.543641e-02;6.484330e-02;1.080720e-01;3.544230e-02;4.660366e-02;1.001096e-01
1.587706e-01;1.377176e-01;1.806660e-01;4.950533e-02;4.392312e-02;4.097261e-02;4.156317e-02;4.977691e-02;1.187955e-01;4.958073e-02;4.043221e-02;8.829615e-02
1.849682e-01;1.396453e-01;1.881636e-01;3.762010e-02;3.582052e-02;4.813256e-02;6.265599e-02;3.040626e-02;1.181147e-01;5.113185e-02;4.652704e-02;5.681384e-02
1.551022e-01;1.604061e-01;1.500473e-01;4.988441e-02;4.520924e-02;3.165837e-02;7.881052e-02;5.608566e-02;1.244874e-01;4.796389e-02;5.446850e-02;4.587641e-02
2.044964e-01;1.397834e-01;1.031904e-01;5.211692e-02;5.447156e-02;3.084028e-02;6.167672e-02;5.582441e-02;1.261849e-01;6.341860e-02;6.226900e-02;4.572747e-02
1.919621e-01;1.603192e-01;7.524577e-02;5.512398e-02;5.710726e-02;4.969252e-02;4.208247e-02;4.697545e-02;1.014944e-01;8.678710e-02;7.367935e-02;5.953046e-02
1.169219e-01;1.957197e-01;4.828073e-02;5.367369e-02;5.223251e-02;5.247381e-02;3.734814e-02;5.649453e-02;1.302395e-01;7.214700e-02;8.081678e-02;1.036517e-01
1.198175e-01;1.306363e-01;3.328142e-02;6.046239e-02;4.729440e-02;2.877033e-02;6.917522e-02;7.731315e-02;1.069685e-01;9.505194e-02;8.072115e-02;1.505077e-01
1.062864e-01;7.824848e-02;4.557286e-02;6.161711e-02;4.437191e-02;4.697794e-02;7.326446e-02;5.853925e-02;1.214040e-01;1.400783e-01;6.536071e-02;1.582786e-01
5.569321e-02;7.785000e-02;8.090885e-02;5.915593e-02;3.795531e-02;6.385788e-02;6.831579e-02;7.140312e-02;1.481376e-01;9.732004e-02;7.597135e-02;1.634309e-01
4.517279e-02;6.260047e-02;9.068532e-02;6.693543e-02;5.513824e-02;8.485540e-02;9.013628e-02;6.788979e-02;1.328268e-01;8.743495e-02;1.130484e-01;1.032761e-01
9.626132e-02;5.314867e-02;1.167203e-01;7.042748e-02;6.894530e-02;7.452357e-02;7.752585e-02;5.224409e-02;8.585504e-02;8.962973e-02;1.098151e-01;1.049036e-01
1.469875e-01;5.537805e-02;1.689142e-01;4.474419e-02;6.588499e-02;4.942213e-02;7.417734e-02;5.555306e-02;7.062826e-02;5.673060e-02;1.051030e-01;1.064767e-01
1.632814e-01;5.818519e-02;1.565340e-01;3.818471e-02;3.750199e-02;4.363223e-02;1.088985e-01;5.843706e-02;6.067377e-02;1.013419e-01;1.064115e-01;6.691777e-02
1.818221e-01;3.894134e-02;8.132808e-02;5.225359e-02;1.704910e-02;3.095485e-02;1.389257e-01;5.390968e-02;5.793574e-02;1.770002e-01;7.981300e-02;9.006669e-02
1.973731e-01;4.980794e-02;3.317193e-02;5.813048e-02;7.820139e-03;1.457454e-02;1.690038e-01;4.861371e-02;3.125286e-02;2.174611e-01;4.260577e-02;1.301846e-01
1.788243e-01;5.404326e-02;1.059224e-02;5.565986e-02;5.886340e-03;1.517432e-02;1.941862e-01;4.737972e-02;2.731906e-02;2.022898e-01;4.224748e-02;1.663974e-01
1.253145e-01;4.200521e-02;3.659304e-02;4.729704e-02;1.448209e-02;3.965294e-02;1.808071e-01;4.659346e-02;5.018019e-02;1.604394e-01;8.805834e-02;1.685766e-01
1.001972e-01;2.869064e-02;3.524996e-02;3.685582e-02;2.608976e-02;6.764597e-02;1.270733e-01;4.087755e-02;1.024232e-01;1.485040e-01;1.578377e-01;1.285549e-01
1.152061e-01;2.909706e-02;4.425107e-02;3.626451e-02;2.639725e-02;6.684192e-02;6.225582e-02;2.890321e-02;1.067278e-01;1.730504e-01;1.669694e-01;1.440354e-01
1.380042e-01;4.050312e-02;6.972498e-02;4.240871e-02;2.690960e-02;3.678277e-02;6.062914e-02;5.866414e-02;5.853988e-02;1.637584e-01;1.314197e-01;1.726553e-01
1.297112e-01;4.550785e-02;6.188873e-02;5.099770e-02;4.950476e-02;2.872638e-02;4.859365e-02;1.086171e-01;6.404524e-02;1.316868e-01;1.248559e-01;1.558647e-01
1.052240e-01;2.841908e-02;6.832512e-02;4.426443e-02;4.714524e-02;5.015523e-02;1.017914e-01;1.147649e-01;7.056807e-02;1.108227e-01;1.121875e-01;1.463324e-01
7.262633e-02;4.202785e-02;8.805645e-02;5.288212e-02;3.542298e-02;4.816861e-02;1.430169e-01;9.239551e-02;9.027878e-02;9.889572e-02;1.081926e-01;1.280362e-01
6.118707e-02;6.896126e-02;8.558384e-02;6.947367e-02;4.240433e-02;4.521916e-02;1.433956e-01;6.057669e-02;9.574310e-02;7.961947e-02;8.586798e-02;1.619678e-01
1.216363e-01;7.209834e-02;5.704417e-02;9.768548e-02;5.275885e-02;3.598120e-02;1.010653e-01;5.256204e-02;8.851711e-02;9.297910e-02;8.236001e-02;1.453121e-01
1.122610e-01;5.303249e-02;5.457981e-02;1.059619e-01;4.713719e-02;2.766636e-02;7.204754e-02;5.869692e-02;7.301398e-02;1.160291e-01;1.247768e-01;1.547969e-01
8.820197e-02;6.473760e-02;7.112402e-02;9.235551e-02;4.372476e-02;3.870081e-02;6.536926e-02;5.038648e-02;6.525503e-02;1.341588e-01;1.544053e-01;1.315805e-01
1.108554e-01;8.084518e-02;6.670776e-02;8.079759e-02;2.801873e-02;4.682872e-02;4.355889e-02;3.914912e-02;3.751092e-02;1.550850e-01;1.913945e-01;1.192482e-01
1.415159e-01;7.328625e-02;7.255534e-02;7.684665e-02;4.659911e-02;4.631674e-02;7.513115e-02;5.065379e-02;5.841203e-02;9.968452e-02;1.317908e-01;1.272077e-01
8.882999e-02;1.192956e-01;8.619373e-02;8.954423e-02;4.895290e-02;5.595264e-02;6.512531e-02;9.792363e-02;7.639958e-02;8.980757e-02;6.574951e-02;1.162253e-01
1.021471e-01;1.209242e-01;6.418815e-02;7.425926e-02;3.677537e-02;6.639232e-02;6.878041e-02;8.321992e-02;8.180147e-02;1.191621e-01;8.625174e-02;9.609792e-02
1.614976e-01;1.320421e-01;5.795927e-02;5.281857e-02;4.251511e-02;3.748834e-02;7.384199e-02;3.883332e-02;9.512593e-02;1.331487e-01;1.055133e-01;6.921572e-02
1.553751e-01;1.707177e-01;8.338179e-02;5.248519e-02;4.221812e-02;2.936798e-02;7.935082e-02;5.326565e-02;7.406335e-02;1.239335e-01;9.443870e-02;4.140208e-02
1.698204e-01;1.732469e-01;5.505621e-02;5.368479e-02;5.445386e-02;6.271047e-02;9.847730e-02;7.564428e-02;7.079512e-02;1.005723e-01;4.668683e-02;3.885160e-02
1.979124e-01;1.189111e-01;9.407559e-02;4.834626e-02;3.637867e-02;7.872146e-02;1.432543e-01;5.928408e-02;6.477333e-02;8.657000e-02;3.292930e-02;3.884356e-02
1.946635e-01;9.502697e-02;1.515177e-01;5.164730e-02;4.593856e-02;7.880877e-02;1.382283e-01;4.404893e-02;5.888940e-02;7.159803e-02;3.694102e-02;3.269162e-02
1.449832e-01;8.885187e-02;1.599119e-01;3.655527e-02;8.695442e-02;9.062687e-02;9.605127e-02;3.184899e-02;8.367320e-02;8.395936e-02;3.113625e-02;6.544740e-02
1.025329e-01;7.520497e-02;1.248380e-01;3.921619e-02;1.166187e-01;1.112219e-01;7.648701e-02;4.385504e-02;8.094740e-02;8.926127e-02;4.718948e-02;9.262720e-02
8.782398e-02;6.558035e-02;1.023550e-01;7.119455e-02;1.101355e-01;1.150630e-01;7.813648e-02;4.909038e-02;6.618226e-02;9.404157e-02;7.853317e-02;8.186384e-02
7.619513e-02;6.946602e-02;1.056528e-01;8.149629e-02;8.594877e-02;9.055185e-02;1.060845e-01;4.777983e-02;1.099464e-01;7.511141e-02;7.590443e-02;7.586262e-02
6.853159e-02;1.046587e-01;7.819425e-02;8.336931e-02;6.145793e-02;8.286859e-02;1.136698e-01;5.933451e-02;1.220596e-01;7.203476e-02;8.454350e-02;6.927743e-02
9.502487e-02;9.841137e-02;8.803017e-02;8.055026e-02;5.190596e-02;1.104517e-01;1.224365e-01;6.291199e-02;1.012333e-01;5.116975e-02;8.695765e-02;5.091647e-02
8.515381e-02;4.802421e-02;1.703025e-01;8.344830e-02;6.246948e-02;1.043817e-01;1.110852e-01;9.539041e-02;1.057183e-01;4.316992e-02;6.066023e-02;3.019600e-02
6.414036e-02;3.710252e-02;2.187101e-01;7.899169e-02;7.524854e-02;7.859535e-02;1.088320e-01;8.305704e-02;9.411249e-02;5.143626e-02;8.424322e-02;2.553041e-02
7.135314e-02;5.996882e-02;1.886616e-01;8.122081e-02;5.540199e-02;9.261527e-02;1.012349e-01;6.011223e-02;9.685102e-02;6.378064e-02;8.914308e-02;3.965647e-02
5.424136e-02;5.397048e-02;2.394764e-01;7.179988e-02;6.521041e-02;8.076867e-02;2.264629e-01;4.384560e-02;4.285188e-02;4.533939e-02;3.895145e-02;3.708166e-02
6.388050e-02;5.471046e-02;1.762558e-01;3.669527e-02;6.789409e-02;7.191980e-02;3.636318e-01;3.703780e-02;3.618990e-02;3.829516e-02;3.513894e-02;1.835040e-02
9.768773e-02;4.706536e-02;8.088496e-02;4.305240e-02;6.154473e-02;6.778754e-02;3.964904e-01;4.774688e-02;3.435704e-02;4.252906e-02;3.392856e-02;4.692537e-02
1.254595e-01;6.926451e-02;6.555666e-02;4.393165e-02;5.374309e-02;6.272370e-02;3.351763e-01;4.146949e-02;3.328373e-02;5.006788e-02;3.785313e-02;8.147034e-02
1.601924e-01;6.197346e-02;7.540925e-02;3.639252e-02;5.096202e-02;5.677295e-02;2.324982e-01;3.897178e-02;3.699771e-02;6.313666e-02;6.207095e-02;1.246222e-01
1.611117e-01;3.596846e-02;6.947302e-02;3.216411e-02;5.276527e-02;5.410056e-02;1.416048e-01;4.521605e-02;5.190017e-02;8.003166e-02;1.316957e-01;1.439685e-01
1.029832e-01;1.893367e-02;7.522804e-02;3.779233e-02;6.253476e-02;5.838498e-02;1.316516e-01;5.022581e-02;5.804196e-02;1.168432e-01;2.086257e-01;7.875471e-02
9.040699e-02;3.767276e-02;9.445736e-02;4.183075e-02;5.615566e-02;4.928109e-02;1.533521e-01;4.181325e-02;7.964027e-02;1.132555e-01;1.992320e-01;4.290233e-02
9.040457e-02;6.722818e-02;1.101949e-01;4.162217e-02;5.630817e-02;5.721996e-02;1.542799e-01;5.268512e-02;6.868961e-02;7.800268e-02;1.580613e-01;6.530350e-02
1.328146e-01;9.095176e-02;1.123385e-01;3.812121e-02;4.440494e-02;5.711601e-02;1.809426e-01;5.898668e-02;4.684315e-02;6.184690e-02;9.127844e-02;8.435523e-02
1.474393e-01;8.074194e-02;7.096890e-02;4.057034e-02;4.288174e-02;4.498294e-02;2.305517e-01;3.776381e-02;7.239907e-02;9.400048e-02;6.196583e-02;7.573396e-02
6.146654e-02;5.408249e-02;6.983049e-02;5.402599e-02;5.225135e-02;5.229408e-02;2.736011e-01;5.084675e-02;6.510036e-02;1.033884e-01;9.677105e-02;6.634130e-02
5.080766e-02;5.482122e-02;9.014919e-02;5.329758e-02;5.123327e-02;5.329038e-02;2.729630e-01;8.110031e-02;6.136528e-02;9.584641e-02;7.570405e-02;5.942169e-02
6.872580e-02;6.806551e-02;1.117223e-01;6.712148e-02;5.207866e-02;5.595671e-02;1.772644e-01;1.015889e-01;6.007224e-02;9.577785e-02;6.198764e-02;7.963849e-02
1.351417e-01;1.049897e-01;1.362964e-01;5.593595e-02;6.608601e-02;4.260664e-02;1.057795e-01;5.230741e-02;1.089097e-01;7.419923e-02;5.443896e-02;6.330881e-02
1.361511e-01;1.197086e-01;1.770605e-01;5.216277e-02;5.140323e-02;3.344334e-02;8.007154e-02;6.457549e-02;1.111024e-01;7.422391e-02;6.150011e-02;3.859692e-02
1.332902e-01;1.099418e-01;1.631757e-01;5.484321e-02;4.090673e-02;3.025614e-02;6.818278e-02;9.297381e-02;1.083800e-01;9.302813e-02;6.285351e-02;4.216786e-02
1.163658e-01;8.385243e-02;1.244081e-01;5.580718e-02;2.681347e-02;3.101655e-02;7.341670e-02;1.367232e-01;1.075403e-01;1.494290e-01;5.137655e-02;4.325078e-02
6.170571e-02;4.469758e-02;6.946284e-02;5.540228e-02;1.595225e-02;4.586430e-02;1.780933e-01;1.642446e-01;8.480948e-02;1.808241e-01;3.176552e-02;6.717796e-02
2.447085e-02;2.946601e-02;5.426232e-02;4.679808e-02;2.585694e-02;6.798848e-02;2.545007e-01;1.248280e-01;1.343769e-01;1.148114e-01;3.738153e-02;8.525872e-02
1.197408e-02;3.085268e-02;6.288249e-02;2.433372e-02;5.092439e-02;1.296713e-01;2.032363e-01;7.916773e-02;2.230861e-01;5.520971e-02;6.200125e-02;6.666025e-02
3.327053e-02;3.646581e-02;7.206651e-02;4.032929e-02;7.097300e-02;1.684105e-01;1.480415e-01;6.474628e-02;1.863039e-01;3.958960e-02;7.300960e-02;6.679340e-02
3.587221e-02;3.846036e-02;8.814327e-02;5.946419e-02;7.005496e-02;1.785761e-01;1.441294e-01;6.419672e-02;1.234692e-01;7.033315e-02;6.691568e-02;6.038479e-02
4.132851e-02;3.936848e-02;9.941135e-02;5.417817e-02;4.804581e-02;1.574968e-01;1.033256e-01;7.557382e-02;1.566496e-01;1.138552e-01;4.561277e-02;6.515386e-02
3.320422e-02;3.048271e-02;7.405540e-02;4.090179e-02;4.671635e-02;1.395472e-01;1.291026e-01;9.400444e-02;2.078664e-01;1.234755e-01;3.567633e-02;4.496702e-02
3.286093e-02;2.516817e-02;6.183554e-02;3.682103e-02;4.294353e-02;1.262844e-01;2.275600e-01;9.391813e-02;1.459425e-01;1.245669e-01;4.593360e-02;3.616526e-02
3.231990e-02;1.625963e-02;1.240067e-01;4.126571e-02;4.996892e-02;9.379783e-02;2.021772e-01;6.020399e-02;9.213466e-02;1.515207e-01;8.056019e-02;5.578452e-02
4.479755e-02;2.160763e-02;1.651487e-01;4.939259e-02;5.254143e-02;6.938178e-02;1.187320e-01;6.298704e-02;1.573817e-01;1.167111e-01;7.466301e-02;6.665544e-02
6.544384e-02;3.480006e-02;1.506214e-01;5.866795e-02;5.829326e-02;9.024388e-02;7.492701e-02;5.769858e-02;2.095580e-01;5.586155e-02;7.861164e-02;6.527287e-02
8.581771e-02;6.648364e-02;1.221580e-01;6.720083e-02;6.343418e-02;7.624072e-02;1.368579e-01;7.289940e-02;1.659185e-01;6.096485e-02;4.110759e-02;4.091659e-02
1.171416e-01;8.745145e-02;1.232482e-01;5.536138e-02;6.522210e-02;7.805249e-02;1.276484e-01;1.206414e-01;1.030902e-01;5.166564e-02;2.872498e-02;4.175213e-02
1.556967e-01;8.329394e-02;1.112507e-01;4.339378e-02;7.996868e-02;7.030511e-02;9.832286e-02;1.772835e-01;8.407496e-02;3.377853e-02;2.790778e-02;3.472351e-02
1.893535e-01;6.133365e-02;7.172811e-02;2.557352e-02;8.287950e-02;4.841826e-02;9.242512e-02;2.870598e-01;6.219824e-02;2.900034e-02;2.310673e-02;2.692320e-02
1.596391e-01;3.453563e-02;3.872828e-02;2.343701e-02;4.599456e-02;4.514611e-02;1.292427e-01;3.376249e-01;5.738544e-02;7.267859e-02;1.630631e-02;3.928129e-02
8.640081e-02;2.968782e-02;2.062731e-02;5.080440e-02;1.289970e-02;5.082222e-02;2.472003e-01;2.133879e-01;3.667695e-02;1.462907e-01;1.338455e-02;9.181739e-02
4.462136e-02;5.070977e-02;1.499221e-02;5.732802e-02;1.878222e-02;6.004347e-02;3.077298e-01;1.040178e-01;4.026837e-02;1.466037e-01;2.094640e-02;1.339568e-01
2.627246e-02;5.604667e-02;3.493328e-02;4.523586e-02;3.854482e-02;8.004725e-02;2.653309e-01;9.684408e-02;7.624472e-02;9.602364e-02;5.089223e-02;1.335841e-01
6.975317e-02;5.041786e-02;6.337409e-02;3.963608e-02;4.743899e-02;9.119350e-02;1.795406e-01;1.204185e-01;9.363601e-02;6.365610e-02;8.297338e-02;9.796170e-02
9.838568e-02;5.418542e-02;8.833715e-02;4.832976e-02;5.448137e-02;8.531245e-02;1.206775e-01;1.566560e-01;8.386240e-02;6.978212e-02;8.461624e-02;5.537390e-02
6.051442e-02;5.624995e-02;8.274911e-02;4.506836e-02;5.464392e-02;6.797445e-02;1.272759e-01;1.340089e-01;9.106689e-02;1.056867e-01;1.238959e-01;5.086557e-02
7.655722e-02;4.337342e-02;9.064683e-02;2.305357e-02;3.850922e-02;9.739443e-02;1.275432e-01;8.024479e-02;9.292995e-02;8.662828e-02;1.984510e-01;4.466814e-02
4.299259e-02;2.469294e-02;9.275910e-02;1.802019e-02;3.435947e-02;1.099562e-01;1.308749e-01;6.136144e-02;1.454357e-01;7.248706e-02;2.242022e-01;4.285812e-02
2.863477e-02;1.158517e-02;9.887891e-02;1.086458e-02;2.759738e-02;1.227955e-01;1.026646e-01;5.110176e-02;2.565823e-01;6.002070e-02;1.879805e-01;4.129385e-02
4.925751e-02;1.065620e-02;1.012457e-01;1.069384e-02;1.855839e-02;1.401921e-01;6.756525e-02;2.807380e-02;2.967514e-01;5.762045e-02;1.867670e-01;3.261834e-02
5.919538e-02;1.565544e-02;9.467996e-02;6.353803e-03;2.082532e-02;1.604982e-01;5.885161e-02;2.456680e-02;2.319816e-01;5.968627e-02;2.367793e-01;3.092630e-02
5.839539e-02;2.429260e-02;7.585113e-02;1.120658e-02;4.101262e-02;1.788108e-01;4.554485e-02;3.597204e-02;1.614007e-01;7.382960e-02;2.641801e-01;2.950356e-02
4.497617e-02;3.580472e-02;4.994307e-02;2.961143e-02;7.314815e-02;1.576004e-01;5.358264e-02;6.715123e-02;1.168789e-01;1.182774e-01;2.318905e-01;2.113537e-02
4.764132e-02;4.106464e-02;3.929431e-02;4.596696e-02;9.238448e-02;9.907264e-02;8.941191e-02;8.139002e-02;1.480712e-01;1.339222e-01;1.604753e-01;2.130503e-02
5.032815e-02;3.596526e-02;6.183264e-02;5.156320e-02;8.548357e-02;8.051100e-02;1.250046e-01;6.236705e-02;1.698143e-01;9.900979e-02;1.409542e-01;3.716628e-02
6.629663e-02;6.386219e-02;7.398425e-02;4.905874e-02;9.432410e-02;5.772955e-02;1.074127e-01;7.026693e-02;1.414496e-01;1.278179e-01;1.006177e-01;4.717968e-02
8.609875e-02;1.016995e-01;9.644352e-02;8.028719e-02;6.289805e-02;5.249359e-02;6.162877e-02;6.686074e-02;1.163401e-01;1.467599e-01;5.442002e-02;7.406981e-02
8.413451e-02;1.036014e-01;1.032397e-01;9.209765e-02;4.791352e-02;7.524087e-02;8.375773e-02;4.166380e-02;1.163670e-01;1.354723e-01;4.809808e-02;6.841338e-02
9.229272e-02;7.956938e-02;1.260756e-01;7.934460e-02;6.308340e-02;8.997738e-02;1.019160e-01;4.542746e-02;1.158661e-01;1.102767e-01;4.890018e-02;4.727059e-02
9.320343e-02;9.846728e-02;1.306361e-01;8.847776e-02;8.043039e-02;9.978767e-02;8.086140e-02;5.563511e-02;8.766278e-02;6.533756e-02;6.844748e-02;5.105305e-02
1.198026e-01;8.386499e-02;7.310824e-02;9.108495e-02;8.205843e-02;9.465519e-02;9.046369e-02;4.880308e-02;1.234138e-01;6.267143e-02;5.343435e-02;7.663923e-02
1.449779e-01;6.750304e-02;4.835602e-02;5.734522e-02;7.479137e-02;6.354921e-02;1.187764e-01;5.170163e-02;1.025804e-01;9.417100e-02;6.245958e-02;1.137883e-01
1.231237e-01;1.075373e-01;6.461990e-02;5.858019e-02;7.208310e-02;7.424327e-02;1.155285e-01;5.788130e-02;5.764781e-02;9.561979e-02;7.630488e-02;9.683032e-02
9.069420e-02;1.172364e-01;1.120574e-01;8.865693e-02;7.083198e-02;9.149908e-02;6.900117e-02;5.687957e-02;6.323247e-02;7.156036e-02;8.188140e-02;8.646897e-02
8.487869e-02;8.931968e-02;1.534475e-01;1.051712e-01;8.953509e-02;6.809536e-02;6.837663e-02;4.677130e-02;1.030603e-01;5.808733e-02;7.322804e-02;6.002895e-02
1.222960e-01;4.213915e-02;1.286849e-01;9.604848e-02;9.979292e-02;6.972014e-02;9.220849e-02;7.207405e-02;1.131830e-01;5.468482e-02;4.907712e-02;6.009080e-02
1.358135e-01;7.749623e-02;1.161839e-01;1.004915e-01;7.693003e-02;5.604455e-02;8.795401e-02;8.632386e-02;1.018388e-01;6.714536e-02;4.891567e-02;4.486262e-02
9.852692e-02;1.191974e-01;1.396241e-01;1.191446e-01;7.395744e-02;3.150571e-02;8.280512e-02;7.480528e-02;1.368242e-01;6.364960e-02;2.788741e-02;3.207220e-02
7.374024e-02;1.417059e-01;1.108813e-01;1.175974e-01;6.983853e-02;4.114334e-02;6.860211e-02;6.121151e-02;1.260964e-01;5.915092e-02;4.906664e-02;8.096565e-02
8.750146e-02;1.116874e-01;7.791229e-02;1.056369e-01;9.269665e-02;6.370383e-02;6.838624e-02;6.785528e-02;9.645387e-02;6.031793e-02;5.707167e-02;1.107764e-01
1.450198e-01;5.559222e-02;1.170237e-01;6.659444e-02;7.297213e-02;6.004377e-02;6.288242e-02;5.380262e-02;1.021212e-01;6.402175e-02;4.429614e-02;1.556297e-01
1.081284e-01;8.107956e-02;1.199045e-01;4.411041e-02;5.126323e-02;5.635517e-02;7.933253e-02;5.977315e-02;1.028454e-01;6.366337e-02;3.371362e-02;1.998308e-01
1.114703e-01;7.260735e-02;9.081226e-02;9.682281e-02;8.034763e-02;6.848267e-02;7.562964e-02;7.074042e-02;7.471926e-02;5.504205e-02;1.869871e-02;1.846269e-01
1.872035e-01;5.023834e-02;7.723946e-02;1.146974e-01;9.881701e-02;6.761415e-02;6.921795e-02;6.448628e-02;5.097285e-02;5.686697e-02;2.737990e-02;1.352661e-01
1.351978e-01;7.138646e-02;1.261350e-01;1.204669e-01;9.129926e-02;8.407172e-02;7.369280e-02;5.848227e-02;4.344558e-02;5.628659e-02;4.421243e-02;9.532313e-02
1.626791e-01;1.062065e-01;1.349465e-01;8.875266e-02;8.754748e-02;1.052617e-01;7.464514e-02;6.640285e-02;3.591810e-02;4.232531e-02;3.674944e-02;5.856521e-02
1.775024e-01;9.225170e-02;9.603698e-02;1.046941e-01;6.646061e-02;7.831929e-02;8.722756e-02;6.503897e-02;6.392838e-02;2.985117e-02;3.696956e-02;1.017193e-01
1.539486e-01;8.844257e-02;8.237791e-02;1.022888e-01;9.272148e-02;7.303705e-02;6.763088e-02;5.369116e-02;1.056061e-01;3.780483e-02;3.950013e-02;1.029505e-01
1.171776e-01;8.423182e-02;8.654267e-02;6.452638e-02;9.256537e-02;1.039587e-01;6.611423e-02;5.100662e-02;1.074903e-01;8.057278e-02;5.872446e-02;8.708913e-02
8.966303e-02;5.091684e-02;1.279582e-01;5.560621e-02;6.943902e-02;1.060843e-01;5.825050e-02;6.526722e-02;9.939161e-02;1.275840e-01;8.846212e-02;6.137682e-02
7.698802e-02;6.020543e-02;1.393836e-01;6.399984e-02;6.209524e-02;7.187489e-02;6.367669e-02;8.403450e-02;1.047401e-01;1.413492e-01;1.005233e-01;3.112922e-02
6.841552e-02;5.827395e-02;1.099041e-01;6.611405e-02;6.052868e-02;6.058506e-02;1.091931e-01;1.022621e-01;1.007268e-01;1.415586e-01;8.883502e-02;3.360296e-02
5.660702e-02;7.064833e-02;1.437408e-01;7.079449e-02;6.348705e-02;6.139737e-02;9.380749e-02;9.296713e-02;1.103130e-01;1.108616e-01;7.612251e-02;4.925317e-02
1.025150e-01;1.090830e-01;1.067870e-01;7.543337e-02;1.103900e-01;6.250538e-02;4.184783e-02;8.750000e-02;1.049030e-01;8.916112e-02;5.930259e-02;5.057161e-02
1.023010e-01;9.063139e-02;7.754347e-02;1.047994e-01;1.080896e-01;9.695523e-02;7.486555e-02;1.215540e-01;7.429954e-02;7.635953e-02;3.741983e-02;3.518149e-02
1.133676e-01;6.048186e-02;6.649001e-02;1.303502e-01;5.634663e-02;8.375709e-02;8.321854e-02;1.484857e-01;9.727930e-02;8.669434e-02;4.033492e-02;3.319375e-02
1.359788e-01;3.694963e-02;8.963404e-02;1.184555e-01;3.604060e-02;6.199670e-02;9.723973e-02;1.430369e-01;1.107766e-01;8.449595e-02;3.345875e-02;5.193695e-02
8.889054e-02;8.584090e-02;1.535785e-01;6.976036e-02;3.601249e-02;3.507217e-02;1.113914e-01;1.140939e-01;1.064268e-01;7.019105e-02;2.964580e-02;9.909604e-02
6.107628e-02;9.644241e-02;1.464149e-01;3.940986e-02;5.085007e-02;5.429952e-02;1.066606e-01;9.187303e-02;1.085765e-01;6.337252e-02;2.916339e-02;1.518609e-01
1.350293e-01;5.845239e-02;1.175503e-01;4.265133e-02;6.151918e-02;5.963945e-02;6.834958e-02;8.069620e-02;1.082415e-01;7.026523e-02;7.310302e-02;1.245026e-01
1.165619e-01;5.116038e-02;1.316224e-01;4.969963e-02;8.664831e-02;5.318114e-02;8.184093e-02;5.129753e-02;9.537864e-02;7.236332e-02;1.352867e-01;7.495908e-02
9.728179e-02;5.196545e-02;1.263624e-01;4.922491e-02;7.749373e-02;5.240075e-02;7.259606e-02;6.377783e-02;1.048520e-01;6.714382e-02;1.604151e-01;7.648616e-02
7.622124e-02;4.573701e-02;1.159652e-01;5.625410e-02;6.791037e-02;6.709889e-02;1.261136e-01;6.512785e-02;1.056171e-01;7.439398e-02;1.292330e-01;7.032762e-02
4.937675e-02;3.445125e-02;1.128321e-01;5.927889e-02;7.190961e-02;9.049786e-02;1.891624e-01;5.357705e-02;1.044359e-01;7.489267e-02;7.869728e-02;8.088823e-02
6.933340e-02;4.773844e-02;1.255005e-01;5.798571e-02;5.739187e-02;6.671201e-02;1.856654e-01;5.151537e-02;1.125122e-01;5.698341e-02;9.951550e-02;6.914618e-02
5.145286e-02;8.083953e-02;1.805508e-01;6.402442e-02;6.219332e-02;6.023633e-02;1.235155e-01;6.057340e-02;1.057028e-01;6.500545e-02;9.487590e-02;5.102957e-02
5.791080e-02;1.198087e-01;1.961321e-01;4.444626e-02;6.495266e-02;5.727541e-02;8.847819e-02;7.283058e-02;9.157190e-02;7.860909e-02;7.472403e-02;5.326025e-02
4.282320e-02;9.037479e-02;1.553662e-01;6.121287e-02;1.190899e-01;4.505579e-02;1.087776e-01;8.553994e-02;1.228712e-01;9.921679e-02;3.527197e-02;3.439976e-02
4.617771e-02;9.632539e-02;1.480463e-01;3.962503e-02;1.440565e-01;5.856239e-02;8.821006e-02;7.455271e-02;1.427710e-01;1.033419e-01;2.988984e-02;2.844124e-02
1.045012e-01;1.015962e-01;1.288855e-01;3.016087e-02;1.165866e-01;7.262207e-02;8.662970e-02;5.743378e-02;1.474704e-01;8.461527e-02;3.535990e-02;3.413856e-02
1.664547e-01;9.749603e-02;1.051116e-01;5.547596e-02;7.997915e-02;6.411125e-02;8.204645e-02;9.703642e-02;1.148517e-01;5.925420e-02;3.337039e-02;4.481208e-02
1.715376e-01;1.648086e-01;9.102381e-02;6.331348e-02;4.962330e-02;6.039530e-02;7.458036e-02;1.117231e-01;7.161733e-02;6.035964e-02;3.979165e-02;4.122578e-02
1.026578e-01;1.187041e-01;2.425798e-01;9.032864e-02;5.733647e-02;6.192809e-02;1.137068e-01;5.153990e-02;5.066848e-02;5.155178e-02;2.556317e-02;3.343496e-02
1.026770e-01;8.307269e-02;2.341072e-01;1.058377e-01;5.614087e-02;8.873133e-02;9.822148e-02;4.814056e-02;6.815973e-02;4.908342e-02;2.535877e-02;4.046929e-02
1.266603e-01;6.279831e-02;1.616157e-01;1.171719e-01;4.292139e-02;1.125139e-01;7.464015e-02;7.863636e-02;9.829947e-02;4.698078e-02;2.760584e-02;5.015577e-02
1.476220e-01;3.942432e-02;1.234135e-01;1.000201e-01;3.301110e-02;1.243190e-01;5.780057e-02;1.118106e-01;1.458690e-01;4.214692e-02;2.244061e-02;5.212222e-02
1.406543e-01;2.944806e-02;8.489723e-02;1.142865e-01;2.752986e-02;1.130883e-01;8.734230e-02;9.352351e-02;1.718808e-01;5.725003e-02;1.831262e-02;6.178665e-02
1.058154e-01;4.769000e-02;3.351623e-02;2.100399e-01;3.610648e-02;7.101590e-02;1.553198e-01;6.705857e-02;1.103960e-01;6.008487e-02;2.555958e-02;7.739734e-02
5.543141e-02;4.058738e-02;3.692983e-02;1.456260e-01;1.669352e-01;3.449980e-02;1.410586e-01;1.552888e-01;7.745193e-02;3.971922e-02;3.877447e-02;6.769737e-02
3.111172e-02;1.841658e-02;6.851532e-02;3.522506e-02;2.771623e-01;5.553523e-02;6.591554e-02;1.672733e-01;1.543234e-01;3.680239e-02;4.876866e-02;4.095051e-02
3.485940e-02;1.009494e-02;8.423841e-02;2.798679e-02;2.362831e-01;1.352659e-01;5.449750e-02;9.187590e-02;1.576693e-01;6.221546e-02;7.115830e-02;3.385502e-02
5.447417e-02;1.018609e-02;1.057638e-01;3.772653e-02;1.727027e-01;1.677097e-01;4.905134e-02;5.394507e-02;1.026827e-01;8.701394e-02;1.066555e-01;5.208842e-02
4.444374e-02;6.022487e-03;1.357429e-01;2.129060e-02;1.510158e-01;1.136881e-01;3.142169e-02;2.607992e-02;1.707584e-01;8.976766e-02;1.396176e-01;7.015106e-02
2.992938e-02;5.443616e-03;1.826554e-01;1.177674e-02;1.119738e-01;9.590529e-02;2.602777e-02;1.383233e-02;1.869549e-01;8.536227e-02;1.648629e-01;8.527564e-02
7.001507e-02;1.017822e-02;2.081777e-01;2.085112e-02;1.079531e-01;9.302665e-02;3.776675e-02;2.408358e-02;1.322909e-01;5.939668e-02;1.509741e-01;8.528609e-02
1.131684e-01;2.181590e-02;1.869859e-01;1.871945e-02;1.171016e-01;9.037599e-02;6.851592e-02;4.412189e-02;8.725099e-02;4.565229e-02;1.307573e-01;7.553430e-02
1.030011e-01;3.265611e-02;1.749773e-01;3.554827e-02;1.510075e-01;8.336262e-02;9.135729e-02;4.605754e-02;5.821509e-02;5.385495e-02;1.197826e-01;5.017965e-02
7.351938e-02;3.051455e-02;1.695609e-01;4.037689e-02;1.912992e-01;6.335074e-02;1.212389e-01;5.921886e-02;3.507510e-02;5.458592e-02;1.061112e-01;5.514838e-02
6.223690e-02;2.123988e-02;1.069023e-01;2.921783e-02;1.762946e-01;5.682575e-02;1.439048e-01;9.309490e-02;4.388278e-02;5.849093e-02;1.128483e-01;9.506105e-02
5.767863e-02;4.306396e-02;6.231058e-02;2.755752e-02;1.167277e-01;4.518739e-02;1.749145e-01;1.253052e-01;4.073406e-02;5.935962e-02;1.261045e-01;1.210564e-01
4.607183e-02;4.639053e-02;7.085041e-02;2.619264e-02;1.007135e-01;3.241770e-02;1.585673e-01;1.774935e-01;2.541226e-02;5.636653e-02;1.307362e-01;1.287876e-01
2.946875e-02;3.518287e-02;5.340853e-02;1.635109e-02;1.290345e-01;2.634638e-02;1.283370e-01;2.266113e-01;3.927182e-02;5.815855e-02;1.384399e-01;1.193893e-01
5.574464e-02;3.135123e-02;3.090831e-02;3.310208e-02;1.515025e-01;4.014314e-02;1.137970e-01;1.996646e-01;5.336674e-02;6.603206e-02;1.349404e-01;8.944716e-02
9.272404e-02;3.789722e-02;9.747095e-02;5.741376e-02;1.160599e-01;8.749004e-02;1.606104e-01;1.006060e-01;4.032249e-02;5.583443e-02;8.517758e-02;6.839315e-02
6.804533e-02;3.541192e-02;7.214963e-02;5.379217e-02;7.649811e-02;1.053003e-01;2.526798e-01;1.005459e-01;3.255258e-02;6.614280e-02;5.634898e-02;8.053247e-02
4.634396e-02;4.762999e-02;3.577843e-02;3.888825e-02;3.163932e-02;7.808442e-02;3.136165e-01;1.121945e-01;2.769483e-02;1.100512e-01;3.399309e-02;1.240855e-01
4.084543e-02;6.495423e-02;2.056282e-02;3.069646e-02;1.169983e-02;6.438320e-02;3.039737e-01;8.003497e-02;1.915989e-02;1.273866e-01;3.695964e-02;1.993431e-01
3.077894e-02;6.932402e-02;2.162176e-02;1.436255e-02;3.394149e-02;8.194129e-02;2.480391e-01;8.149116e-02;3.242303e-02;7.651277e-02;4.218275e-02;2.673812e-01
2.727026e-02;1.110843e-01;2.877947e-02;1.022950e-02;6.573039e-02;9.911586e-02;1.681917e-01;1.063558e-01;7.659458e-02;3.724079e-02;5.158635e-02;2.178209e-01
1.767824e-02;1.429589e-01;7.991786e-02;1.039272e-02;7.496149e-02;1.144639e-01;1.052979e-01;1.016388e-01;1.376870e-01;3.507602e-02;7.451289e-02;1.054143e-01
2.929409e-02;8.328158e-02;1.786409e-01;6.888184e-03;5.407410e-02;1.122644e-01;6.457618e-02;5.251896e-02;1.910612e-01;7.280781e-02;1.080333e-01;4.655925e-02
3.747795e-02;2.796897e-02;2.294168e-01;9.555548e-03;2.960253e-02;1.102322e-01;5.513974e-02;1.978561e-02;1.877257e-01;1.174921e-01;1.433439e-01;3.225902e-02
5.318145e-02;1.693135e-02;1.868245e-01;3.468968e-02;1.823298e-02;1.083379e-01;6.483601e-02;2.282042e-02;1.200641e-01;1.562214e-01;1.859741e-01;3.188603e-02
4.686044e-02;4.893395e-02;7.308830e-02;1.633874e-01;2.619722e-02;6.631049e-02;6.430668e-02;4.896742e-02;4.895581e-02;1.641829e-01;1.983549e-01;5.045448e-02
6.075995e-02;1.044438e-01;3.087334e-02;2.043499e-01;6.774146e-02;4.098139e-02;3.074871e-02;6.030074e-02;6.440388e-02;1.309890e-01;1.480621e-01;5.634571e-02
6.298383e-02;1.378598e-01;3.758748e-02;1.305008e-01;1.278555e-01;4.511130e-02;2.177779e-02;4.939559e-02;8.191310e-02;1.551062e-01;9.846456e-02;5.144402e-02
6.444346e-02;1.020780e-01;7.830551e-02;5.470180e-02;1.945188e-01;9.405150e-02;3.858108e-02;2.830768e-02;5.880451e-02;1.695791e-01;5.847683e-02;5.815177e-02
1.118795e-01;4.705470e-02;7.388886e-02;3.192088e-02;1.799843e-01;1.569527e-01;9.589136e-02;3.044387e-02;3.036340e-02;1.412655e-01;3.450454e-02;6.585038e-02
1.328665e-01;5.060885e-02;4.623095e-02;2.964372e-02;1.355942e-01;1.483276e-01;1.194145e-01;4.504726e-02;3.512484e-02;1.654813e-01;3.300272e-02;5.865756e-02
7.728169e-02;5.484806e-02;3.914104e-02;2.823168e-02;9.871053e-02;8.785928e-02;8.289082e-02;5.763524e-02;5.447952e-02;2.915630e-01;6.441601e-02;6.294312e-02
1.562051e-02;6.993561e-02;1.389495e-02;1.191690e-02;9.497070e-02;2.499695e-02;2.162440e-02;9.481683e-02;6.182162e-02;4.211383e-01;7.050142e-02;9.876177e-02
7.630620e-03;7.056726e-02;5.177442e-03;1.286533e-02;9.078113e-02;1.487774e-02;1.490311e-02;1.773867e-01;5.015533e-02;4.448342e-01;4.606674e-02;6.475437e-02
5.905686e-03;5.521082e-02;6.448843e-03;2.728872e-02;7.104212e-02;2.898459e-02;3.368329e-02;2.580060e-01;4.864313e-02;3.797126e-01;5.373272e-02;3.134143e-02
8.706255e-03;4.185040e-02;1.162719e-02;4.246956e-02;5.537142e-02;4.523410e-02;6.297783e-02;2.725845e-01;2.471440e-02;2.965785e-01;1.204479e-01;1.743807e-02
1.710524e-02;4.296894e-02;1.731464e-02;4.790755e-02;4.933373e-02;6.339572e-02;9.507790e-02;1.964978e-01;2.184840e-02;2.642846e-01;1.760605e-01;8.204978e-03
1.201002e-02;6.406432e-02;1.398670e-02;5.349709e-02;6.140267e-02;5.905667e-02;8.706904e-02;1.640061e-01;2.507536e-02;2.911640e-01;1.598829e-01;8.785128e-03
2.096848e-02;8.833952e-02;1.453043e-02;5.677735e-02;8.906806e-02;4.575142e-02;5.366187e-02;1.597534e-01;3.816955e-02;2.933680e-01;1.205140e-01;1.909806e-02
3.793160e-02;8.744722e-02;4.527161e-02;8.002164e-02;1.102334e-01;6.047341e-02;7.405987e-02;1.184832e-01;2.750443e-02;2.233764e-01;1.186226e-01;1.657458e-02
6.599094e-02;6.054429e-02;9.620165e-02;7.424765e-02;8.471768e-02;8.391996e-02;9.075125e-02;7.496118e-02;3.411241e-02;1.343848e-01;1.588323e-01;4.133588e-02
6.921797e-02;4.657353e-02;1.300977e-01;5.090608e-02;4.560142e-02;8.836884e-02;1.066995e-01;6.688762e-02;4.745641e-02;1.086467e-01;1.749434e-01;6.460085e-02
6.507727e-02;5.563711e-02;1.071983e-01;3.116086e-02;3.688912e-02;6.598292e-02;1.269649e-01;8.154303e-02;6.373519e-02;1.229540e-01;1.412027e-01;1.016547e-01
4.258034e-02;5.583423e-02;9.241526e-02;2.037956e-02;6.022382e-02;5.574846e-02;1.069839e-01;8.865258e-02;8.083137e-02;1.455612e-01;1.512979e-01;9.949131e-02
6.263327e-02;4.283087e-02;7.924981e-02;1.634145e-02;4.885675e-02;9.405310e-02;5.730985e-02;6.574505e-02;6.258255e-02;1.515135e-01;2.526412e-01;6.624256e-02
7.931818e-02;6.974694e-02;4.669647e-02;5.236845e-02;5.712307e-02;7.405884e-02;1.134804e-01;6.093921e-02;3.368305e-02;1.467941e-01;2.207253e-01;4.506597e-02
9.002247e-02;7.709936e-02;5.205741e-02;5.963633e-02;6.033742e-02;4.286234e-02;1.101837e-01;7.404962e-02;4.262462e-02;1.568850e-01;1.731477e-01;6.109397e-02
1.008426e-01;5.485561e-02;3.977106e-02;5.272077e-02;5.275289e-02;7.139666e-02;7.296799e-02;9.306355e-02;4.288075e-02;1.887809e-01;1.552538e-01;7.471342e-02
1.066337e-01;3.735231e-02;4.991030e-02;4.690131e-02;5.922234e-02;1.068788e-01;4.569930e-02;1.072505e-01;3.599773e-02;1.996946e-01;1.381743e-01;6.628478e-02
8.127451e-02;3.208467e-02;8.184750e-02;7.406648e-02;9.604762e-02;7.748093e-02;5.341535e-02;9.743190e-02;6.817396e-02;1.929629e-01;1.064052e-01;3.880901e-02
5.261647e-02;4.767262e-02;1.251311e-01;8.610175e-02;8.611432e-02;6.201585e-02;1.348888e-01;6.605528e-02;8.008405e-02;1.543840e-01;5.393190e-02;5.100393e-02
