7.902396e-02;6.840515e-02;1.160425e-01;4.817952e-02;6.136824e-02;8.764368e-02;1.280978e-01;7.740596e-02;7.572346e-02;1.090850e-01;6.251875e-02;8.650596e-02
1.162528e-01;5.642964e-02;9.360284e-02;4.411161e-02;6.037128e-02;4.750880e-02;1.759089e-01;9.336238e-02;3.903221e-02;1.229218e-01;5.210230e-02;9.839551e-02
1.769258e-01;6.129857e-02;7.418033e-02;4.929557e-02;3.504928e-02;5.504510e-02;1.781965e-01;9.017514e-02;8.016568e-02;8.936083e-02;5.048577e-02;5.982139e-02
1.896735e-01;8.908069e-02;7.999938e-02;6.680337e-02;3.957725e-02;4.750158e-02;1.674982e-01;9.957361e-02;9.008122e-02;3.704589e-02;5.441090e-02;3.875446e-02
1.535243e-01;1.371495e-01;6.158374e-02;7.592294e-02;4.884953e-02;6.140189e-02;1.405344e-01;6.086738e-02;8.251277e-02;4.854268e-02;8.783390e-02;4.127694e-02
1.062492e-01;1.469073e-01;7.247730e-02;6.896532e-02;3.762662e-02;5.632211e-02;1.418467e-01;4.908328e-02;5.848522e-02;6.334336e-02;8.362204e-02;1.150715e-01
8.519460e-02;7.039944e-02;8.522987e-02;6.509166e-02;3.992521e-02;7.465213e-02;1.423027e-01;3.676793e-02;4.624692e-02;6.876175e-02;8.693135e-02;1.984964e-01
9.185763e-02;8.568504e-02;7.952414e-02;6.226220e-02;4.141382e-02;7.647047e-02;1.109314e-01;4.389713e-02;4.028919e-02;5.847205e-02;1.190964e-01;1.901006e-01
1.214527e-01;9.156156e-02;7.380426e-02;5.565937e-02;6.905646e-02;7.299828e-02;1.306638e-01;6.389140e-02;7.812782e-02;3.999748e-02;1.086455e-01;9.414144e-02
5.535809e-02;6.090592e-02;8.456720e-02;3.804984e-02;9.542882e-02;8.920773e-02;3.707749e-01;6.786530e-02;5.428582e-02;3.775603e-02;3.253957e-02;1.326073e-02
3.875941e-02;2.792253e-02;7.210885e-02;1.685463e-02;8.208280e-02;1.010555e-01;5.570207e-01;4.260066e-02;2.739521e-02;1.697595e-02;1.035800e-02;6.865753e-03
2.639559e-02;2.033706e-02;3.053280e-02;7.420373e-03;5.916072e-02;9.068093e-02;6.904356e-01;3.528452e-02;1.793799e-02;1.024875e-02;7.231906e-03;4.333654e-03
1.343125e-02;2.129860e-02;1.622626e-02;4.875568e-03;3.613766e-02;6.222077e-02;7.498683e-01;6.064472e-02;1.592993e-02;6.431223e-03;7.000831e-03;5.934881e-03
8.081033e-03;2.297014e-02;1.091854e-02;4.269820e-03;2.269600e-02;3.950643e-02;7.636657e-01;9.088001e-02;1.258314e-02;7.768429e-03;1.199959e-02;4.661197e-03
7.978328e-03;2.129549e-02;1.832182e-02;4.608338e-03;1.575796e-02;3.010622e-02;7.484558e-01;1.152943e-01;1.942291e-02;6.282763e-03;9.870630e-03;2.605530e-03
6.486254e-03;2.307881e-02;1.797153e-02;3.358872e-03;1.641637e-02;3.076026e-02;7.426853e-01;1.220735e-01;1.506816e-02;5.866883e-03;1.304125e-02;3.192718e-03
6.041263e-03;2.594834e-02;1.048127e-02;3.573401e-03;1.668933e-02;2.914229e-02;7.654822e-01;1.070906e-01;1.277276e-02;4.819266e-03;1.502132e-02;2.937971e-03
4.209875e-03;3.817144e-02;7.132049e-03;3.535384e-03;1.903209e-02;3.400333e-02;7.834595e-01;7.745328e-02;1.106287e-02;2.576307e-03;1.687637e-02;2.487517e-03
5.055045e-03;4.829325e-02;6.496001e-03;3.922695e-03;2.250053e-02;4.343587e-02;7.864310e-01;4.984838e-02;9.858618e-03;2.836352e-03;1.804543e-02;3.276826e-03
5.904346e-03;5.218772e-02;7.118110e-03;3.794381e-03;2.326830e-02;6.235408e-02;7.744142e-01;3.553637e-02;1.309835e-02;4.195964e-03;1.521867e-02;2.909454e-03
7.316375e-03;4.012164e-02;7.771028e-03;4.612657e-03;2.946929e-02;8.499483e-02;7.663864e-01;2.325502e-02;1.740222e-02;5.935438e-03;9.698040e-03;3.037019e-03
6.249615e-03;2.694806e-02;7.837015e-03;3.756612e-03;3.763263e-02;1.017071e-01;7.713928e-01;2.091029e-02;1.497302e-02;2.672280e-03;3.749792e-03;2.170688e-03
6.880941e-03;2.044048e-02;1.037469e-02;3.827990e-03;3.717498e-02;1.000904e-01;7.796755e-01;2.181813e-02;1.005915e-02;4.628906e-03;2.714129e-03;2.314670e-03
7.125996e-03;1.825473e-02;8.030578e-03;2.516355e-03;3.107492e-02;7.758919e-02;7.970586e-01;3.470702e-02;1.379167e-02;4.590686e-03;2.899955e-03;2.360235e-03
6.686617e-03;1.517509e-02;1.262531e-02;2.257625e-03;2.169782e-02;5.439784e-02;7.824762e-01;6.893007e-02;2.048407e-02;9.046553e-03;3.313605e-03;2.909241e-03
1.367384e-02;9.153261e-03;1.690237e-02;3.375678e-03;1.945913e-02;4.406347e-02;6.970283e-01;1.176256e-01;4.671201e-02;2.190765e-02;4.285448e-03;5.813267e-03
1.627862e-02;1.668724e-02;1.265621e-02;9.159364e-03;1.716319e-02;3.950954e-02;5.386806e-01;1.408543e-01;1.188755e-01;6.835254e-02;1.330763e-02;8.475290e-03
2.608472e-02;2.158539e-02;2.542253e-02;1.969823e-02;2.975659e-02;4.412970e-02;1.574684e-01;1.266044e-01;2.368690e-01;2.306495e-01;5.990179e-02;2.182982e-02
2.165297e-02;1.379539e-02;1.395322e-02;1.382738e-02;2.824679e-02;2.728209e-02;3.129583e-01;4.927160e-02;1.511810e-01;2.707244e-01;8.002948e-02;1.707744e-02
1.199454e-02;2.243808e-02;2.730758e-02;9.330146e-03;4.264311e-02;3.082812e-02;3.452924e-01;1.430697e-02;6.099304e-02;2.917390e-01;1.225591e-01;2.056788e-02
1.995307e-02;2.339353e-02;3.161298e-02;1.215483e-02;4.120053e-02;3.586676e-02;3.305384e-01;3.301652e-02;4.897574e-02;2.700103e-01;1.310201e-01;2.225716e-02
2.524324e-02;1.807361e-02;5.142644e-02;1.522956e-02;3.400943e-02;4.590244e-02;3.294806e-01;4.391148e-02;6.927632e-02;2.395463e-01;1.024813e-01;2.541928e-02
2.270590e-02;2.500426e-02;9.678477e-02;2.459727e-02;2.843039e-02;6.849386e-02;2.873487e-01;6.765837e-02;7.545196e-02;2.034120e-01;6.090941e-02;3.920307e-02
4.441795e-02;5.190950e-02;9.353288e-02;3.286077e-02;3.440784e-02;7.642248e-02;2.193697e-01;7.563432e-02;9.022070e-02;1.509379e-01;7.135241e-02;5.893349e-02
6.047148e-02;5.504803e-02;9.745196e-02;3.514580e-02;3.071616e-02;5.154482e-02;3.201525e-01;5.978901e-02;7.106140e-02;1.051156e-01;8.147428e-02;3.202891e-02
6.263860e-02;8.108388e-02;1.498914e-01;4.512024e-02;3.864497e-02;4.486084e-02;2.517958e-01;4.879582e-02;7.025709e-02;9.950531e-02;7.367977e-02;3.372620e-02
8.391714e-02;8.321241e-02;1.279392e-01;3.288540e-02;3.903425e-02;5.062658e-02;2.411274e-01;6.948212e-02;7.573610e-02;8.836716e-02;5.858947e-02;4.908277e-02
9.019800e-02;5.915087e-02;6.889691e-02;2.107381e-02;4.038879e-02;6.296999e-02;2.760620e-01;8.377548e-02;8.276156e-02;9.719980e-02;6.574966e-02;5.177309e-02
7.077904e-02;5.768714e-02;6.340751e-02;3.524036e-02;4.838554e-02;6.142305e-02;2.527043e-01;7.453791e-02;6.547436e-02;1.351050e-01;9.052049e-02;4.473533e-02
6.759205e-02;6.331744e-02;5.081724e-02;4.916551e-02;5.930721e-02;6.728964e-02;2.337230e-01;3.999341e-02;6.588987e-02;1.529271e-01;9.879572e-02;5.118188e-02
4.281316e-02;6.435301e-02;4.846988e-02;5.525648e-02;5.459734e-02;6.897535e-02;2.360878e-01;6.611267e-02;6.632846e-02;1.481580e-01;9.631569e-02;5.253216e-02
3.216205e-02;6.054464e-02;8.893747e-02;5.344830e-02;6.084610e-02;6.954350e-02;2.185292e-01;9.305282e-02;8.584721e-02;1.056313e-01;8.090507e-02;5.055243e-02
6.426059e-02;6.817634e-02;1.414171e-01;4.400618e-02;6.607187e-02;5.705830e-02;1.675691e-01;7.822063e-02;1.151537e-01;7.682184e-02;5.356591e-02;6.767839e-02
7.203089e-02;8.054383e-02;1.658195e-01;4.015877e-02;4.757811e-02;3.422126e-02;1.675247e-01;5.083708e-02;1.473816e-01;6.401611e-02;6.086946e-02;6.901862e-02
8.741648e-02;7.475160e-02;1.325481e-01;4.912025e-02;3.717773e-02;4.576040e-02;1.929164e-01;6.838851e-02;1.239356e-01;6.605175e-02;6.754354e-02;5.438972e-02
7.558187e-02;6.206233e-02;6.627567e-02;4.575170e-02;6.306500e-02;7.137741e-02;2.115931e-01;1.001005e-01;6.491426e-02;9.644633e-02;8.887183e-02;5.396004e-02
5.927644e-02;5.807912e-02;6.287975e-02;5.527060e-02;6.324847e-02;7.633025e-02;2.178719e-01;8.837635e-02;9.270443e-02;8.638269e-02;7.517543e-02;6.440452e-02
5.415282e-02;5.153938e-02;7.707395e-02;5.715699e-02;5.942636e-02;6.477787e-02;1.892347e-01;1.040617e-01;1.046280e-01;9.992796e-02;5.462141e-02;8.339884e-02
9.201454e-02;4.441277e-02;9.162177e-02;4.848260e-02;4.397170e-02;3.334423e-02;1.367133e-01;1.029650e-01;1.559586e-01;1.279323e-01;4.093949e-02;8.164370e-02
9.773616e-02;6.551443e-02;7.887225e-02;3.142238e-02;5.034323e-02;2.623054e-02;7.799712e-02;7.934120e-02;2.050059e-01;1.503360e-01;6.461417e-02;7.258669e-02
7.811465e-02;4.955801e-02;7.856697e-02;4.770093e-02;5.169738e-02;4.249434e-02;1.032279e-01;8.029877e-02;1.774756e-01;1.539452e-01;6.673826e-02;7.018197e-02
6.788707e-02;4.346592e-02;9.555021e-02;6.161173e-02;3.778006e-02;5.922614e-02;1.325213e-01;9.132004e-02;1.832970e-01;1.093988e-01;4.028405e-02;7.765760e-02
5.854435e-02;6.786015e-02;1.230252e-01;7.152554e-02;5.614270e-02;5.665438e-02;1.320225e-01;9.786168e-02;1.276478e-01;6.432673e-02;5.872288e-02;8.566609e-02
5.235144e-02;8.276428e-02;9.526297e-02;6.028852e-02;7.319397e-02;3.508482e-02;1.251354e-01;1.070588e-01;1.550612e-01;5.170498e-02;8.424739e-02;7.784630e-02
5.359325e-02;8.453752e-02;8.192130e-02;5.754211e-02;6.652574e-02;4.177779e-02;1.334487e-01;1.183883e-01;1.665513e-01;6.530545e-02;7.397935e-02;5.642926e-02
6.569400e-02;8.407172e-02;1.023557e-01;7.064242e-02;5.773211e-02;8.353803e-02;1.057018e-01;1.020131e-01;1.541537e-01;5.715824e-02;3.346759e-02;8.347160e-02
9.836287e-02;8.242960e-02;8.541454e-02;7.318293e-02;4.928755e-02;8.990833e-02;9.679335e-02;9.839521e-02;1.286038e-01;8.590913e-02;5.837725e-02;5.333545e-02
1.107224e-01;6.391135e-02;8.613023e-02;4.244668e-02;4.439264e-02;4.795867e-02;8.680644e-02;6.845979e-02;1.257720e-01;1.424738e-01;1.191708e-01;6.175528e-02
1.158710e-01;7.568660e-02;9.399644e-02;4.142800e-02;4.757037e-02;5.164289e-02;8.486799e-02;4.095733e-02;1.499066e-01;1.501628e-01;8.887032e-02;5.903960e-02
1.231269e-01;8.303981e-02;8.902118e-02;4.173356e-02;3.997527e-02;4.648136e-02;7.983761e-02;6.053621e-02;1.456895e-01;1.522177e-01;7.704935e-02;6.129157e-02
1.538501e-01;8.925109e-02;7.428415e-02;4.779072e-02;4.048771e-02;5.504039e-02;5.432653e-02;7.194949e-02;1.036494e-01;1.354971e-01;7.591256e-02;9.796080e-02
1.559006e-01;7.365718e-02;1.118691e-01;7.119500e-02;4.916782e-02;7.270566e-02;8.851632e-02;6.665764e-02;8.245096e-02;8.852000e-02;3.551315e-02;1.038467e-01
9.482110e-02;5.956652e-02;1.241020e-01;7.181742e-02;3.261327e-02;6.524147e-02;2.382889e-01;5.131242e-02;1.105883e-01;5.996018e-02;2.408538e-02;6.760304e-02
4.569056e-02;2.745506e-02;8.252667e-02;4.662424e-02;4.692731e-02;7.347857e-02;4.036665e-01;6.546387e-02;8.329970e-02;5.898639e-02;3.991649e-02;2.596462e-02
3.292881e-02;3.676331e-02;8.177393e-02;3.271902e-02;4.750143e-02;7.073022e-02;4.695381e-01;6.962430e-02;7.442490e-02;3.883186e-02;3.140076e-02;1.376341e-02
4.587498e-02;3.590715e-02;5.966320e-02;3.854102e-02;4.861193e-02;7.465386e-02;4.881346e-01;4.885140e-02;6.260663e-02;4.982339e-02;2.410610e-02;2.322582e-02
6.540561e-02;2.447230e-02;4.717997e-02;4.943709e-02;5.880820e-02;9.165306e-02;4.135358e-01;1.922764e-02;5.043369e-02;1.036766e-01;3.302200e-02;4.314803e-02
5.791418e-02;3.767668e-02;5.426609e-02;4.235373e-02;4.981103e-02;8.295923e-02;4.473439e-01;3.094972e-02;3.522874e-02;9.673722e-02;3.299143e-02;3.176802e-02
4.957030e-02;1.006753e-01;3.430587e-02;2.954694e-02;3.763590e-02;6.600682e-02;5.254441e-01;4.502922e-02;3.802685e-02;3.299751e-02;2.803462e-02;1.272658e-02
3.507162e-02;1.516840e-01;2.419412e-02;2.923066e-02;3.086509e-02;6.227886e-02;5.071068e-01;4.246743e-02;4.370155e-02;1.631735e-02;4.801681e-02;9.065676e-03
3.433824e-02;1.591811e-01;1.337657e-02;2.476141e-02;2.746339e-02;7.823773e-02;5.087025e-01;3.201807e-02;4.477122e-02;1.692070e-02;5.161144e-02;8.617587e-03
5.010431e-02;1.261211e-01;4.073439e-02;3.119261e-02;4.614056e-02;9.919533e-02;4.595901e-01;2.596875e-02;4.431008e-02;2.188310e-02;4.259863e-02;1.216103e-02
5.336563e-02;8.570805e-02;1.064385e-01;4.651018e-02;5.897323e-02;8.809124e-02;3.774157e-01;5.081308e-02;4.567422e-02;3.196645e-02;3.394888e-02;2.109493e-02
4.286102e-02;6.453240e-02;1.788704e-01;4.148029e-02;6.937491e-02;6.782951e-02;2.951379e-01;6.350947e-02;5.535213e-02;5.050400e-02;3.126036e-02;3.928758e-02
1.776502e-02;6.117364e-02;9.658404e-02;4.974524e-02;1.101046e-01;1.072097e-01;3.200815e-01;6.005199e-02;5.420836e-02;5.306425e-02;3.481599e-02;3.519571e-02
3.487319e-02;4.266504e-02;5.896508e-02;6.061791e-02;1.230580e-01;1.421886e-01;3.660274e-01;5.367755e-02;3.668698e-02;4.234433e-02;1.782021e-02;2.107572e-02
4.895449e-02;2.934316e-02;1.082103e-01;7.143750e-02;1.760941e-01;1.841218e-01;2.612386e-01;3.613327e-02;2.821603e-02;3.594444e-02;1.190338e-02;8.402968e-03
4.719153e-02;3.217179e-02;1.984402e-01;7.070901e-02;2.176830e-01;1.753780e-01;1.261120e-01;2.268196e-02;4.071775e-02;3.249266e-02;1.228458e-02;2.413746e-02
3.606023e-02;2.778561e-02;1.219079e-01;5.850799e-02;1.695443e-01;1.672595e-01;3.114548e-01;2.426680e-02;3.066598e-02;2.632517e-02;1.363757e-02;1.258411e-02
3.312744e-02;9.730061e-03;3.606643e-02;5.561098e-02;1.384548e-01;1.526243e-01;4.850943e-01;2.865639e-02;1.947892e-02;2.181240e-02;1.181291e-02;7.531067e-03
2.248030e-02;1.712762e-02;2.047345e-02;4.093830e-02;1.108357e-01;1.012130e-01;5.963979e-01;3.530985e-02;1.946229e-02;1.843882e-02;8.285699e-03;9.037079e-03
1.744059e-02;1.495986e-02;3.913980e-02;2.571929e-02;7.113579e-02;5.560819e-02;6.534611e-01;5.442977e-02;2.655305e-02;2.365799e-02;6.879356e-03;1.101523e-02
1.214436e-02;1.101166e-02;3.378187e-02;1.463294e-02;4.955760e-02;4.298556e-02;6.555545e-01;7.870795e-02;4.098100e-02;3.809032e-02;1.052750e-02;1.202470e-02
1.566289e-02;9.526679e-03;3.555451e-02;1.560226e-02;6.319163e-02;6.774661e-02;5.664501e-01;8.501739e-02;6.338400e-02;4.765666e-02;1.843674e-02;1.177053e-02
2.885360e-02;1.997936e-02;5.728992e-02;1.579839e-02;8.661301e-02;8.956433e-02;3.119285e-01;1.347004e-01;1.048756e-01;8.781908e-02;3.499170e-02;2.758611e-02
1.476025e-02;8.692478e-03;3.126391e-02;1.026061e-02;5.134266e-02;4.892989e-02;5.589580e-01;9.676519e-02;6.263750e-02;7.600469e-02;2.443824e-02;1.594662e-02
2.628256e-02;2.231194e-02;3.389723e-02;1.632021e-02;3.687210e-02;2.542198e-02;5.976626e-01;8.175545e-02;5.321725e-02;6.475428e-02;2.607128e-02;1.543317e-02
4.103153e-02;2.640991e-02;4.215842e-02;3.360825e-02;4.740283e-02;5.987322e-02;4.821503e-01;5.844574e-02;6.866668e-02;6.626531e-02;4.968880e-02;2.429890e-02
4.539571e-02;2.352512e-02;4.329405e-02;4.120848e-02;5.218960e-02;8.741864e-02;3.097273e-01;4.650297e-02;1.074849e-01;8.000126e-02;9.336527e-02;6.988674e-02
5.966078e-02;3.531604e-02;7.814796e-02;3.182203e-02;8.477380e-02;9.297816e-02;1.723355e-01;3.745760e-02;1.369276e-01;7.375237e-02;1.076180e-01;8.921016e-02
9.589800e-02;7.318322e-02;9.338544e-02;5.338390e-02;1.324144e-01;8.324730e-02;8.884840e-02;5.355849e-02;8.176597e-02;9.570547e-02;7.048745e-02;7.812200e-02
1.243164e-01;8.218720e-02;7.940259e-02;7.882696e-02;1.551472e-01;5.946586e-02;8.931962e-02;6.519961e-02;5.607870e-02;7.584084e-02;7.137555e-02;6.283944e-02
1.229780e-01;6.950315e-02;9.572860e-02;9.579340e-02;1.588136e-01;5.204669e-02;8.587445e-02;6.402852e-02;6.379425e-02;7.036426e-02;6.819202e-02;5.288300e-02
1.002112e-01;5.041721e-02;1.216036e-01;1.023897e-01;1.498116e-01;4.398409e-02;1.344849e-01;5.912776e-02;7.290984e-02;8.012431e-02;4.864211e-02;3.629376e-02
5.715543e-02;5.196113e-02;6.058520e-02;4.227005e-02;6.786695e-02;5.668002e-02;2.522031e-01;6.525720e-02;6.152561e-02;1.526430e-01;9.242763e-02;3.942465e-02
1.022622e-01;5.020855e-02;2.923045e-02;2.252875e-02;4.703504e-02;5.769385e-02;2.326034e-01;6.118035e-02;1.174466e-01;1.637692e-01;7.962280e-02;3.641886e-02
8.100166e-02;3.728313e-02;2.966790e-02;3.305850e-02;3.154776e-02;5.434418e-02;2.424584e-01;8.177137e-02;1.595998e-01;1.553801e-01;6.645194e-02;2.743535e-02
3.744789e-02;1.637803e-02;2.156600e-02;3.035778e-02;1.579042e-02;1.071537e-01;3.357809e-01;1.231159e-01;1.624097e-01;1.061300e-01;2.558000e-02;1.828973e-02
1.532377e-02;3.955369e-03;3.735105e-02;1.283762e-02;1.073682e-02;1.742945e-01;4.406229e-01;1.467033e-01;8.742230e-02;4.242006e-02;9.763500e-03;1.856872e-02
1.365274e-02;3.796958e-03;3.711536e-02;4.430281e-03;1.002051e-02;1.433753e-01;5.504766e-01;1.478334e-01;5.132492e-02;1.821275e-02;7.739722e-03;1.202144e-02
1.011602e-02;3.049167e-03;3.338488e-02;3.657218e-03;1.062807e-02;6.320782e-02;6.612998e-01;1.302141e-01;4.078854e-02;3.040145e-02;6.218887e-03;7.034018e-03
3.545808e-03;3.360629e-03;1.718771e-02;2.215591e-03;3.088687e-02;3.655983e-02;7.623404e-01;9.373226e-02;2.733968e-02;1.493853e-02;3.469989e-03;4.422661e-03
5.816646e-03;7.603590e-03;2.530837e-02;3.947292e-03;5.093453e-02;5.717528e-02;7.598799e-01;4.915807e-02;2.130337e-02;8.900874e-03;5.944576e-03;4.027515e-03
5.923667e-03;6.682640e-03;5.516254e-02;1.255060e-02;7.274909e-02;8.102793e-02;6.791193e-01;3.890138e-02;2.143412e-02;1.331066e-02;8.541450e-03;4.596654e-03
1.322840e-02;1.006827e-02;1.055917e-01;2.022243e-02;8.896440e-02;8.199097e-02;5.460463e-01;5.346197e-02;3.702359e-02;2.736235e-02;1.063849e-02;5.401153e-03
4.020681e-02;1.613674e-02;1.667006e-01;3.073554e-02;6.948123e-02;3.499363e-02;4.478612e-01;5.684542e-02;4.691554e-02;4.948168e-02;2.216339e-02;1.847825e-02
1.971049e-02;2.108374e-02;7.893343e-02;2.889748e-02;4.605326e-02;7.703301e-02;5.360446e-01;5.539627e-02;3.548305e-02;5.174468e-02;3.341594e-02;1.620404e-02
2.428723e-02;2.162858e-02;4.434571e-02;2.890778e-02;4.598795e-02;6.568296e-02;5.704320e-01;4.955140e-02;3.237748e-02;5.100906e-02;4.623636e-02;1.955351e-02
2.998899e-02;2.017044e-02;2.497784e-02;2.360391e-02;6.720981e-02;6.591944e-02;5.735840e-01;4.873156e-02;2.098901e-02;5.220129e-02;5.614443e-02;1.647929e-02
2.841357e-02;1.307661e-02;6.858333e-02;3.149129e-02;7.937720e-02;5.650443e-02;4.406264e-01;6.629311e-02;3.926506e-02;7.132384e-02;7.838413e-02;2.666101e-02
3.646798e-02;4.163231e-02;5.983786e-02;3.790214e-02;8.752236e-02;6.729602e-02;3.354042e-01;5.888381e-02;6.565661e-02;9.588826e-02;7.065623e-02;4.285222e-02
7.636341e-02;7.895618e-02;1.078564e-01;3.228832e-02;7.368000e-02;6.959542e-02;1.630769e-01;7.972120e-02;1.058583e-01;9.081662e-02;6.938439e-02;5.240276e-02
9.605984e-02;7.902780e-02;1.089659e-01;5.348791e-02;4.725386e-02;6.340279e-02;1.121412e-01;8.976609e-02;1.366230e-01;8.642490e-02;7.188768e-02;5.495907e-02
9.022121e-02;8.521651e-02;1.024292e-01;1.053368e-01;3.595756e-02;6.175203e-02;8.750455e-02;8.430532e-02;1.504918e-01;7.315347e-02;6.478429e-02;5.884728e-02
6.089451e-02;1.259995e-01;8.773816e-02;1.284642e-01;4.641844e-02;5.671792e-02;1.139578e-01;6.212375e-02;1.182516e-01;7.825638e-02;6.833979e-02;5.283794e-02
1.232930e-01;1.118900e-01;9.138899e-02;7.035568e-02;5.274444e-02;2.683893e-02;1.279503e-01;3.203155e-02;7.841660e-02;1.461789e-01;9.139447e-02;4.751715e-02
1.338712e-01;8.330975e-02;7.115229e-02;8.342874e-02;5.974608e-02;1.544879e-02;1.400894e-01;4.023067e-02;9.350834e-02;1.518567e-01;9.011173e-02;3.724641e-02
1.044786e-01;5.289934e-02;6.543635e-02;9.895647e-02;6.084198e-02;2.345527e-02;2.097377e-01;5.235239e-02;1.037825e-01;1.305762e-01;7.674204e-02;2.074123e-02
8.865438e-02;4.269977e-02;1.042093e-01;9.260326e-02;7.044056e-02;4.173092e-02;2.402984e-01;5.248800e-02;9.585945e-02;9.382150e-02;5.876611e-02;1.842834e-02
9.511871e-02;4.459410e-02;1.845679e-01;7.096316e-02;1.170790e-01;6.829440e-02;1.476514e-01;4.087706e-02;7.041855e-02;9.001163e-02;3.951628e-02;3.090785e-02
8.584038e-02;5.018335e-02;1.997412e-01;5.767239e-02;1.368158e-01;5.833755e-02;1.254553e-01;3.113279e-02;5.720479e-02;1.057002e-01;6.625415e-02;2.566207e-02
3.016897e-02;6.281253e-02;1.220258e-01;4.945173e-02;1.024389e-01;7.771886e-02;2.770433e-01;5.784808e-02;5.294759e-02;8.207388e-02;4.850350e-02;3.696692e-02
4.867467e-02;4.537584e-02;7.714427e-02;7.284474e-02;6.229527e-02;8.114995e-02;4.201706e-01;5.650538e-02;2.940336e-02;5.046877e-02;3.129987e-02;2.466730e-02
6.062336e-02;2.711462e-02;4.499643e-02;1.100711e-01;7.666770e-02;1.147502e-01;4.222632e-01;4.522816e-02;2.221819e-02;4.167746e-02;2.141430e-02;1.297534e-02
7.055598e-02;1.657875e-02;5.371530e-02;1.021051e-01;1.322334e-01;1.672753e-01;3.292706e-01;3.376493e-02;2.070837e-02;4.296998e-02;1.612899e-02;1.469331e-02
7.812738e-02;2.732087e-02;9.301728e-02;6.772818e-02;2.241428e-01;1.621277e-01;1.912735e-01;3.036201e-02;4.016972e-02;2.952901e-02;1.086209e-02;4.533932e-02
7.161089e-02;1.845678e-02;1.080945e-01;1.283450e-01;2.789920e-01;1.432093e-01;5.223052e-02;3.697012e-02;5.639380e-02;2.342582e-02;1.748428e-02;6.478703e-02
6.177771e-02;3.742865e-02;1.552705e-01;1.129939e-01;2.326460e-01;1.315591e-01;8.919431e-02;3.028818e-02;5.478279e-02;2.414082e-02;2.122556e-02;4.869239e-02
8.836839e-02;7.516885e-02;1.652608e-01;7.108544e-02;1.996149e-01;1.138619e-01;1.142262e-01;3.635378e-02;4.900667e-02;3.050916e-02;2.460096e-02;3.194292e-02
1.056092e-01;7.152988e-02;1.717473e-01;7.823345e-02;2.505505e-01;1.100295e-01;3.360073e-02;4.188183e-02;4.221085e-02;3.939156e-02;2.437785e-02;3.083736e-02
9.498335e-02;3.355730e-02;1.225495e-01;4.829180e-02;2.283589e-01;1.617918e-01;1.713799e-01;3.877494e-02;2.992285e-02;2.617014e-02;1.449496e-02;2.972451e-02
5.656640e-02;2.832908e-02;8.974072e-02;2.730684e-02;2.047623e-01;2.065229e-01;2.729470e-01;4.040680e-02;2.853138e-02;1.922116e-02;1.111232e-02;1.455312e-02
4.881777e-02;2.521246e-02;7.287562e-02;2.804158e-02;1.695011e-01;1.794731e-01;3.621905e-01;2.752511e-02;3.114093e-02;2.626723e-02;1.104169e-02;1.791283e-02
3.167729e-02;2.237119e-02;3.752397e-02;1.697735e-02;1.092572e-01;1.373746e-01;5.604177e-01;2.653562e-02;2.193511e-02;2.092550e-02;4.361164e-03;1.064333e-02
9.300616e-03;1.311432e-02;1.865885e-02;9.973453e-03;6.694095e-02;8.173162e-02;7.231802e-01;3.726479e-02;1.602042e-02;1.011841e-02;7.681526e-03;6.014840e-03
1.017485e-02;1.273386e-02;1.571239e-02;9.841138e-03;4.467243e-02;3.801577e-02;7.620382e-01;6.433656e-02;1.965352e-02;9.839298e-03;7.395668e-03;5.586330e-03
6.476072e-03;8.204089e-03;2.003660e-02;8.283325e-03;3.743055e-02;3.155848e-02;7.194549e-01;9.544937e-02;3.600385e-02;2.644740e-02;6.108401e-03;4.547027e-03
5.146868e-03;6.973999e-03;1.753825e-02;1.017979e-02;4.463973e-02;5.018096e-02;6.033487e-01;1.056223e-01;7.099778e-02;6.553344e-02;1.256583e-02;7.272343e-03
2.018753e-02;1.311802e-02;3.172258e-02;1.372029e-02;6.667425e-02;5.793891e-02;2.006220e-01;1.154338e-01;1.402045e-01;2.514956e-01;7.456639e-02;1.431616e-02
2.396175e-02;1.341418e-02;2.127165e-02;1.430911e-02;5.415649e-02;2.495218e-02;1.806108e-01;5.520320e-02;1.076207e-01;3.573176e-01;1.352402e-01;1.194215e-02
3.061168e-02;1.727797e-02;2.750911e-02;1.432718e-02;3.431289e-02;2.322801e-02;2.021162e-01;2.134705e-02;7.160465e-02;3.630563e-01;1.772632e-01;1.734573e-02
2.286053e-02;1.461257e-02;3.664125e-02;1.348030e-02;3.010050e-02;2.812191e-02;2.678421e-01;3.936239e-02;5.175078e-02;2.941911e-01;1.710477e-01;2.998884e-02
2.253697e-02;2.122070e-02;2.015519e-02;1.715001e-02;3.981832e-02;4.059951e-02;3.222065e-01;3.329662e-02;6.118870e-02;2.492314e-01;1.375169e-01;3.507923e-02
7.388536e-02;1.551439e-02;3.459489e-02;2.399046e-02;4.521216e-02;4.279544e-02;3.357896e-01;6.599539e-02;6.809490e-02;1.955758e-01;4.700467e-02;5.154699e-02
6.598267e-02;4.611261e-02;5.290985e-02;3.742519e-02;5.359383e-02;5.011408e-02;1.323027e-01;8.866397e-02;6.750176e-02;1.993410e-01;1.459327e-01;6.011953e-02
3.756151e-02;6.550420e-02;5.829727e-02;3.553408e-02;5.491453e-02;6.183412e-02;1.751327e-01;8.116034e-02;5.767385e-02;1.765855e-01;1.656450e-01;3.015681e-02
6.303856e-02;7.063671e-02;6.640264e-02;2.484574e-02;7.072084e-02;5.696022e-02;1.191199e-01;7.349718e-02;6.790915e-02;2.153547e-01;1.351005e-01;3.641392e-02
6.031756e-02;5.896259e-02;7.648549e-02;4.310093e-02;6.415959e-02;5.621495e-02;7.649454e-02;7.752994e-02;7.636441e-02;2.216033e-01;1.450579e-01;4.370878e-02
7.351569e-02;4.464335e-02;6.242153e-02;4.104286e-02;5.594547e-02;4.681782e-02;1.639109e-01;7.338625e-02;5.902893e-02;1.981106e-01;1.376285e-01;4.354810e-02
9.630794e-02;4.006716e-02;6.842633e-02;2.927618e-02;6.178106e-02;5.800934e-02;1.832568e-01;4.504336e-02;9.078740e-02;1.708804e-01;1.227547e-01;3.340935e-02
8.128224e-02;6.038870e-02;7.839991e-02;6.064190e-02;6.906666e-02;7.004494e-02;1.513511e-01;6.938361e-02;1.011634e-01;1.492318e-01;8.461923e-02;2.442654e-02
4.456064e-02;6.730644e-02;6.277218e-02;1.038995e-01;7.416159e-02;7.480092e-02;1.118293e-01;8.705215e-02;8.761209e-02;1.563890e-01;8.436485e-02;4.525138e-02
3.364158e-02;6.201995e-02;8.276731e-02;9.675200e-02;7.925636e-02;9.510529e-02;8.296535e-02;7.977681e-02;1.122095e-01;1.374271e-01;8.544911e-02;5.262968e-02
3.128783e-02;6.847253e-02;1.072354e-01;7.983540e-02;1.105575e-01;9.280013e-02;9.311169e-02;7.033686e-02;1.187904e-01;9.193668e-02;7.395454e-02;6.168113e-02
4.120340e-02;7.902274e-02;1.162675e-01;1.084176e-01;6.964151e-02;5.687908e-02;1.102076e-01;7.381681e-02;1.242726e-01;8.716184e-02;7.258380e-02;6.052554e-02
3.772694e-02;9.476665e-02;1.127459e-01;9.921918e-02;5.477578e-02;5.810606e-02;1.132894e-01;7.501327e-02;1.191053e-01;8.496469e-02;9.643826e-02;5.384865e-02
5.662216e-02;5.671542e-02;1.023118e-01;1.174257e-01;7.063043e-02;8.339952e-02;1.099682e-01;7.050388e-02;1.198739e-01;7.202779e-02;8.780855e-02;5.271274e-02
7.375593e-02;9.107512e-02;9.434489e-02;8.398240e-02;7.374804e-02;8.766793e-02;1.139335e-01;7.278498e-02;1.052389e-01;7.321015e-02;7.046805e-02;5.979008e-02
7.631134e-02;1.424272e-01;7.649079e-02;8.313998e-02;7.213718e-02;9.896024e-02;8.502677e-02;7.128580e-02;7.786363e-02;6.451131e-02;9.368504e-02;5.816069e-02
7.504484e-02;1.757620e-01;6.451475e-02;8.502051e-02;5.805122e-02;7.627851e-02;6.628779e-02;9.334949e-02;7.363058e-02;7.931717e-02;1.010660e-01;5.167718e-02
6.278434e-02;1.920190e-01;9.482845e-02;4.823147e-02;5.603778e-02;7.384221e-02;8.721871e-02;1.005525e-01;7.363340e-02;9.876662e-02;7.996043e-02;3.212515e-02
7.511172e-02;1.776695e-01;1.342663e-01;5.431636e-02;6.418367e-02;9.243700e-02;9.163798e-02;6.954195e-02;7.876396e-02;9.942709e-02;4.142127e-02;2.122322e-02
7.439840e-02;1.465822e-01;1.078625e-01;6.034178e-02;6.418730e-02;9.762357e-02;1.010150e-01;1.062617e-01;9.086108e-02;8.381367e-02;4.542701e-02;2.162577e-02
8.697531e-02;9.996315e-02;1.385477e-01;7.297217e-02;6.889304e-02;6.576322e-02;8.412669e-02;1.116850e-01;7.446852e-02;8.490598e-02;5.980697e-02;5.189233e-02
1.042185e-01;1.031470e-01;1.841287e-01;4.885278e-02;5.019119e-02;5.973560e-02;9.214883e-02;6.417959e-02;7.053581e-02;8.825378e-02;8.009365e-02;5.451457e-02
7.433753e-02;1.218200e-01;1.677277e-01;6.082235e-02;5.356000e-02;7.267444e-02;1.280003e-01;5.028494e-02;8.081384e-02;8.214150e-02;8.418337e-02;2.363409e-02
6.565315e-02;1.160037e-01;1.593125e-01;8.861372e-02;5.902128e-02;6.059534e-02;1.393704e-01;3.895406e-02;6.269639e-02;7.247461e-02;9.137004e-02;4.593480e-02
9.121545e-02;7.189961e-02;1.315737e-01;5.762307e-02;7.534426e-02;5.944755e-02;1.393901e-01;4.233483e-02;5.883284e-02;8.945344e-02;1.266033e-01;5.628185e-02
8.195601e-02;7.180290e-02;7.854532e-02;4.510830e-02;7.467835e-02;7.403721e-02;1.833978e-01;6.048520e-02;7.779177e-02;9.224299e-02;1.310557e-01;2.889843e-02
6.676555e-02;8.775303e-02;1.485693e-01;3.961546e-02;6.214166e-02;8.488193e-02;1.523353e-01;7.382134e-02;6.618157e-02;6.474705e-02;9.978651e-02;5.340132e-02
6.433769e-02;8.961061e-02;1.485019e-01;4.004961e-02;5.950796e-02;8.653400e-02;1.019533e-01;7.734325e-02;5.860962e-02;1.072154e-01;7.749829e-02;8.883846e-02
8.819875e-02;7.748996e-02;9.578402e-02;4.742524e-02;6.486310e-02;8.080783e-02;1.330719e-01;6.463030e-02;5.058908e-02;1.519085e-01;6.700455e-02;7.822675e-02
1.025091e-01;8.545936e-02;8.604714e-02;6.486036e-02;6.029164e-02;8.159524e-02;1.150117e-01;6.567265e-02;5.783135e-02;1.257740e-01;8.669862e-02;6.824880e-02
8.963255e-02;7.872834e-02;1.495448e-01;6.090341e-02;6.270221e-02;7.797148e-02;9.239765e-02;5.995443e-02;7.526981e-02;9.783291e-02;8.078807e-02;7.427434e-02
5.790601e-02;5.051155e-02;2.106923e-01;4.837371e-02;1.064662e-01;6.215132e-02;1.032077e-01;7.056420e-02;6.727544e-02;9.224207e-02;5.992833e-02;7.068113e-02
9.786708e-02;7.131116e-02;1.622878e-01;3.756018e-02;1.026139e-01;5.311278e-02;1.107766e-01;6.269552e-02;9.392046e-02;9.948937e-02;5.406465e-02;5.430053e-02
1.121250e-01;8.535676e-02;1.302252e-01;5.543946e-02;7.606540e-02;6.330887e-02;1.150671e-01;6.749341e-02;9.539457e-02;9.688877e-02;6.314554e-02;3.948999e-02
1.066936e-01;6.604530e-02;1.510735e-01;8.590283e-02;6.362627e-02;6.158529e-02;1.029446e-01;7.649072e-02;8.555289e-02;8.789100e-02;6.871410e-02;4.347980e-02
8.317471e-02;4.793334e-02;1.910492e-01;7.079206e-02;7.634947e-02;5.598142e-02;1.149875e-01;8.157875e-02;8.753701e-02;7.851509e-02;6.487915e-02;4.722221e-02
5.927788e-02;6.071904e-02;1.792309e-01;1.240981e-01;1.071512e-01;6.195474e-02;8.396583e-02;6.238660e-02;8.546800e-02;6.494204e-02;5.223242e-02;5.857323e-02
6.568737e-02;7.274444e-02;1.311559e-01;1.648276e-01;1.096196e-01;1.019448e-01;7.044742e-02;4.107122e-02;7.355709e-02;5.858797e-02;6.242458e-02;4.793209e-02
9.723046e-02;8.584990e-02;1.053744e-01;1.471611e-01;9.325630e-02;1.336488e-01;6.886254e-02;6.223093e-02;6.726033e-02;4.163666e-02;6.628047e-02;3.120811e-02
9.342796e-02;5.465426e-02;1.301668e-01;1.193404e-01;1.452642e-01;1.203176e-01;9.031346e-02;8.574379e-02;4.631614e-02;4.165044e-02;4.699184e-02;2.581305e-02
5.649962e-02;4.453520e-02;7.580206e-02;1.452312e-01;2.155553e-01;9.620374e-02;1.094899e-01;8.594738e-02;4.796914e-02;6.041197e-02;4.008812e-02;2.226634e-02
3.202845e-02;5.935897e-02;1.335761e-01;1.381339e-01;1.955226e-01;1.098012e-01;8.056365e-02;6.688570e-02;4.511302e-02;6.432621e-02;3.975401e-02;3.493617e-02
3.121268e-02;6.146773e-02;2.091604e-01;9.902461e-02;1.860253e-01;1.070513e-01;5.000854e-02;5.542703e-02;4.161006e-02;8.261631e-02;3.754479e-02;3.885135e-02
3.659056e-02;7.584231e-02;1.965367e-01;6.137160e-02;1.357432e-01;1.035847e-01;7.433652e-02;6.769157e-02;5.437235e-02;1.030489e-01;4.523101e-02;4.565061e-02
3.792670e-02;5.466874e-02;1.629784e-01;1.308089e-01;8.062853e-02;1.089871e-01;1.001754e-01;6.852967e-02;6.372633e-02;9.422960e-02;4.984112e-02;4.749949e-02
3.016112e-02;3.928069e-02;1.332417e-01;1.727819e-01;8.256292e-02;1.395482e-01;1.098101e-01;5.246655e-02;6.481116e-02;7.609233e-02;5.419941e-02;4.504397e-02
4.384324e-02;7.112794e-02;1.533827e-01;1.334910e-01;7.280621e-02;1.000960e-01;1.336143e-01;4.932913e-02;8.128149e-02;5.842928e-02;6.107135e-02;4.152737e-02
8.332524e-02;7.604080e-02;1.955825e-01;1.226276e-01;3.609204e-02;8.152505e-02;1.112151e-01;7.257377e-02;6.824892e-02;5.568288e-02;6.147748e-02;3.560865e-02
9.766123e-02;3.574170e-02;1.708157e-01;1.675091e-01;5.188564e-02;7.340381e-02;1.149001e-01;9.090461e-02;6.035945e-02;5.966736e-02;3.945006e-02;3.770121e-02
8.653793e-02;4.967532e-02;1.495811e-01;1.494761e-01;6.950340e-02;7.244495e-02;1.439193e-01;9.139073e-02;5.418674e-02;6.688415e-02;3.521363e-02;3.118652e-02
6.466334e-02;6.583571e-02;1.367763e-01;1.717119e-01;1.147747e-01;9.158322e-02;1.340350e-01;7.180573e-02;4.395657e-02;4.610236e-02;3.990225e-02;1.885290e-02
5.584765e-02;7.333949e-02;1.261323e-01;1.970147e-01;9.599087e-02;1.159389e-01;1.392842e-01;5.071439e-02;3.833047e-02;3.651971e-02;4.218152e-02;2.870582e-02
7.489344e-02;8.684827e-02;1.210086e-01;1.478271e-01;7.912124e-02;9.600470e-02;1.629275e-01;4.584520e-02;3.942168e-02;5.513462e-02;4.476261e-02;4.620503e-02
9.041782e-02;8.968985e-02;1.631717e-01;7.883579e-02;7.561408e-02;7.546008e-02;1.472193e-01;6.911415e-02;4.948528e-02;4.936865e-02;6.152973e-02;5.009362e-02
1.124164e-01;1.060630e-01;1.700529e-01;4.836999e-02;5.131529e-02;7.812841e-02;1.336343e-01;5.266402e-02;6.820820e-02;5.555389e-02;6.656198e-02;5.703162e-02
1.038477e-01;8.980198e-02;1.572410e-01;7.118228e-02;8.507704e-02;7.628994e-02;1.061268e-01;3.335894e-02;5.538558e-02;8.875639e-02;6.104895e-02;7.188336e-02
7.071259e-02;7.273766e-02;1.496527e-01;7.283501e-02;1.163190e-01;9.342864e-02;7.398999e-02;5.067690e-02;9.400783e-02;9.114679e-02;5.258411e-02;6.190876e-02
9.848949e-02;7.084576e-02;1.522665e-01;5.730236e-02;8.310083e-02;1.023889e-01;1.100940e-01;6.414706e-02;9.605312e-02;9.908939e-02;3.013999e-02;3.608254e-02
8.569828e-02;9.348684e-02;1.929825e-01;4.857165e-02;4.569155e-02;8.338678e-02;1.071125e-01;5.457380e-02;8.700435e-02;9.743830e-02;7.200813e-02;3.204537e-02
7.746585e-02;8.906735e-02;2.077502e-01;5.719169e-02;5.912155e-02;8.058845e-02;9.092930e-02;6.150439e-02;8.219157e-02;7.502661e-02;9.513001e-02;2.403307e-02
9.382582e-02;7.707939e-02;1.862472e-01;6.890119e-02;8.914451e-02;9.058952e-02;8.195406e-02;7.175001e-02;5.335223e-02;6.268957e-02;8.553069e-02;3.893590e-02
9.281419e-02;6.957796e-02;1.682380e-01;7.040915e-02;1.097254e-01;7.081173e-02;1.373121e-01;5.897323e-02;3.764088e-02;5.851442e-02;8.785551e-02;3.812738e-02
6.829742e-02;8.466154e-02;1.571139e-01;8.284555e-02;8.639668e-02;5.048087e-02;1.683514e-01;4.745404e-02;6.014669e-02;7.010810e-02;9.427659e-02;2.986726e-02
5.136231e-02;8.402739e-02;1.312626e-01;6.846751e-02;7.343297e-02;5.460650e-02;1.733852e-01;5.014353e-02;6.602973e-02;1.030458e-01;1.032975e-01;4.093887e-02
8.340513e-02;5.667931e-02;1.063336e-01;5.144513e-02;7.405158e-02;5.710579e-02;1.988719e-01;3.862781e-02;8.359545e-02;1.135461e-01;8.318467e-02;5.315356e-02
1.096159e-01;8.684729e-02;1.125877e-01;4.547051e-02;6.748006e-02;5.882866e-02;1.732807e-01;3.943804e-02;6.389517e-02;1.007820e-01;8.768348e-02;5.409047e-02
1.226350e-01;1.032074e-01;1.258844e-01;3.455283e-02;6.104651e-02;6.242908e-02;1.218917e-01;6.731617e-02;9.426137e-02;8.079749e-02;1.035213e-01;2.245665e-02
1.028271e-01;6.001375e-02;1.501861e-01;6.001578e-02;5.859580e-02;7.096347e-02;9.904350e-02;8.280495e-02;9.240073e-02;5.766572e-02;9.189381e-02;7.358938e-02
8.091023e-02;4.338205e-02;1.225327e-01;9.881718e-02;6.899150e-02;7.658409e-02;1.112401e-01;8.447815e-02;5.285964e-02;1.100884e-01;7.115170e-02;7.896431e-02
7.589850e-02;9.885515e-02;1.067846e-01;7.136866e-02;9.409857e-02;5.737723e-02;1.137494e-01;6.242376e-02;7.934267e-02;1.008504e-01;8.299811e-02;5.625295e-02
9.239969e-02;1.327286e-01;9.402601e-02;7.102159e-02;9.476639e-02;5.838777e-02;1.169673e-01;6.702521e-02;7.908367e-02;9.983592e-02;5.239689e-02;4.136096e-02
9.965963e-02;1.142787e-01;9.043939e-02;6.264631e-02;8.170178e-02;4.189226e-02;1.765528e-01;7.370684e-02;6.779674e-02;1.061158e-01;5.274648e-02;3.246328e-02
8.870915e-02;7.036707e-02;5.734953e-02;4.035988e-02;5.962576e-02;2.990124e-02;2.463629e-01;8.239140e-02;7.060424e-02;1.601748e-01;6.844490e-02;2.570921e-02
6.214004e-02;2.963556e-02;2.671157e-02;1.528343e-02;3.004084e-02;2.947744e-02;3.011635e-01;9.243767e-02;9.944271e-02;2.094304e-01;7.855996e-02;2.567689e-02
4.394370e-02;2.095661e-02;2.073400e-02;1.164544e-02;1.759260e-02;2.346066e-02;2.675474e-01;9.205203e-02;1.323750e-01;2.811547e-01;7.600322e-02;1.253470e-02
3.607090e-02;1.205727e-02;1.711020e-02;1.325500e-02;1.059102e-02;1.394082e-02;1.352372e-01;9.172067e-02;1.757230e-01;4.143533e-01;7.045599e-02;9.484604e-03
3.560835e-02;1.234914e-02;3.018359e-02;1.439552e-02;1.520166e-02;8.894144e-03;9.922775e-02;8.459438e-02;1.741942e-01;4.273603e-01;8.189991e-02;1.609102e-02
3.952991e-02;1.392108e-02;4.018795e-02;2.647167e-02;2.110653e-02;1.148728e-02;6.139890e-02;8.788338e-02;1.924634e-01;4.399100e-01;5.828290e-02;7.357073e-03
2.224938e-02;1.416465e-02;3.210033e-02;2.753680e-02;1.599159e-02;1.288627e-02;1.007431e-01;8.530977e-02;1.681696e-01;4.461512e-01;5.861824e-02;1.607908e-02
1.902157e-02;1.344399e-02;5.429529e-02;1.416480e-02;2.292328e-02;9.743820e-03;4.407765e-02;8.248611e-02;1.404345e-01;4.889187e-01;9.254330e-02;1.794701e-02
1.865370e-02;1.275738e-02;5.017819e-02;1.114626e-02;2.456163e-02;1.458312e-02;7.025147e-02;7.877550e-02;1.060504e-01;4.726260e-01;1.119391e-01;2.847722e-02
3.048389e-02;1.766195e-02;3.085859e-02;8.977331e-03;1.732370e-02;1.629112e-02;9.187860e-02;7.087292e-02;1.135006e-01;4.603387e-01;1.170113e-01;2.480116e-02
2.570818e-02;1.878779e-02;3.576742e-02;8.287176e-03;3.080175e-02;1.393430e-02;2.336068e-02;5.468353e-02;1.036281e-01;5.023618e-01;1.610156e-01;2.166365e-02
3.656870e-02;1.669716e-02;2.306302e-02;7.450372e-03;2.581025e-02;1.235458e-02;2.422289e-02;4.959317e-02;9.153467e-02;4.915117e-01;1.979495e-01;2.324393e-02
4.306765e-02;2.522071e-02;2.907590e-02;1.175659e-02;1.553559e-02;1.860320e-02;1.539574e-01;7.002642e-02;9.529819e-02;3.712865e-01;1.476079e-01;1.856397e-02
3.349070e-02;3.437502e-02;4.293337e-02;1.814549e-02;2.038863e-02;2.708268e-02;2.315618e-01;8.433957e-02;1.058028e-01;2.813858e-01;9.645707e-02;2.403702e-02
4.622653e-02;4.527915e-02;4.948439e-02;2.228537e-02;2.952622e-02;3.719027e-02;2.238647e-01;6.606559e-02;9.285393e-02;2.261319e-01;1.133400e-01;4.775188e-02
7.829912e-02;6.232037e-02;9.496514e-02;2.638774e-02;4.209139e-02;5.653994e-02;1.776699e-01;3.578673e-02;6.757830e-02;1.330539e-01;1.544088e-01;7.089872e-02
8.656492e-02;6.460185e-02;1.079820e-01;2.804275e-02;4.794927e-02;4.769633e-02;1.272360e-01;6.282425e-02;6.301232e-02;1.509518e-01;1.504341e-01;6.270432e-02
5.368368e-02;3.842859e-02;1.027754e-01;3.586846e-02;4.406557e-02;5.682123e-02;1.897607e-01;6.790915e-02;6.764266e-02;1.775102e-01;1.246471e-01;4.088720e-02
1.000329e-01;6.062007e-02;1.042609e-01;4.210971e-02;7.392229e-02;6.058201e-02;1.537386e-01;5.579485e-02;6.867015e-02;1.286618e-01;9.037320e-02;6.123361e-02
1.316190e-01;7.497176e-02;1.044891e-01;4.532583e-02;7.655904e-02;5.361034e-02;1.184877e-01;6.665023e-02;7.458969e-02;1.209648e-01;7.075973e-02;6.197278e-02
1.442379e-01;7.757983e-02;8.734041e-02;5.995002e-02;7.198917e-02;4.232911e-02;1.075203e-01;7.235977e-02;7.077930e-02;1.711930e-01;4.826405e-02;4.645716e-02
1.228304e-01;5.798241e-02;5.640988e-02;8.212421e-02;7.902142e-02;6.644417e-02;8.015336e-02;6.597678e-02;8.340190e-02;2.155634e-01;3.177312e-02;5.831894e-02
8.322261e-02;6.861112e-02;8.764543e-02;6.468706e-02;1.160979e-01;5.896409e-02;1.095613e-01;6.000695e-02;9.266302e-02;1.601442e-01;5.025909e-02;4.813728e-02
1.289416e-01;8.169555e-02;1.054067e-01;5.397948e-02;7.355156e-02;3.817528e-02;1.495107e-01;4.477747e-02;5.885661e-02;1.674808e-01;6.269754e-02;3.492668e-02
1.427338e-01;7.676173e-02;1.454664e-01;7.364727e-02;4.221861e-02;2.839807e-02;1.403371e-01;4.777095e-02;5.002420e-02;1.464844e-01;6.931187e-02;3.684564e-02
1.369466e-01;6.461202e-02;1.679403e-01;8.191189e-02;4.593552e-02;3.381310e-02;8.460596e-02;6.392037e-02;6.301295e-02;1.577223e-01;7.644489e-02;2.313416e-02
1.181521e-01;3.787971e-02;2.221748e-01;5.345816e-02;4.580638e-02;3.767664e-02;1.590315e-01;6.356743e-02;5.815823e-02;1.259579e-01;3.480490e-02;4.333228e-02
9.745295e-02;5.796393e-02;2.409709e-01;2.524383e-02;4.494352e-02;4.675271e-02;2.238821e-01;4.629221e-02;3.213388e-02;8.704089e-02;4.662761e-02;5.069550e-02
7.110209e-02;4.846084e-02;1.657937e-01;2.465868e-02;2.895589e-02;4.804948e-02;4.397589e-01;3.607719e-02;2.449184e-02;4.654573e-02;2.779069e-02;3.831494e-02
5.755408e-02;5.984886e-02;9.569795e-02;2.102496e-02;5.011461e-02;5.619185e-02;5.170320e-01;4.095592e-02;3.079540e-02;2.970877e-02;1.816390e-02;2.291166e-02
4.225919e-02;5.747154e-02;9.891186e-02;1.948627e-02;6.996999e-02;6.913752e-02;5.114307e-01;3.993323e-02;3.027303e-02;2.809596e-02;1.845239e-02;1.457828e-02
4.381226e-02;5.474795e-02;1.321473e-01;2.114664e-02;6.906599e-02;6.330827e-02;4.880958e-01;3.336823e-02;2.407752e-02;3.303527e-02;2.366142e-02;1.353338e-02
7.449718e-02;3.512974e-02;1.379066e-01;2.241954e-02;5.622198e-02;4.006577e-02;4.197142e-01;2.644462e-02;4.791316e-02;7.208529e-02;3.564145e-02;3.196052e-02
8.781031e-02;2.322586e-02;7.215219e-02;2.589034e-02;5.668448e-02;7.022173e-02;4.155962e-01;3.067718e-02;5.848266e-02;8.720734e-02;3.616036e-02;3.589129e-02
1.127762e-01;1.774978e-02;4.575690e-02;3.282243e-02;6.722645e-02;6.339523e-02;4.153154e-01;3.451668e-02;4.633151e-02;6.571152e-02;4.920785e-02;4.919001e-02
1.603447e-01;4.084133e-02;4.995665e-02;5.040945e-02;5.495986e-02;5.771414e-02;3.124851e-01;4.495302e-02;5.089720e-02;4.793127e-02;6.108372e-02;6.842356e-02
1.542904e-01;1.078049e-01;9.558094e-02;4.157029e-02;4.858116e-02;4.883360e-02;1.937096e-01;4.857792e-02;6.630324e-02;3.829107e-02;7.006001e-02;8.639692e-02
9.785832e-02;1.150891e-01;1.226920e-01;2.978596e-02;7.522733e-02;6.312538e-02;1.653991e-01;5.377617e-02;7.384666e-02;5.626192e-02;6.323411e-02;8.370391e-02
9.719716e-02;8.481809e-02;1.264698e-01;3.269033e-02;7.715219e-02;5.521222e-02;1.718543e-01;8.406592e-02;8.937923e-02;5.475284e-02;6.265094e-02;6.375692e-02
9.392348e-02;5.376225e-02;1.134399e-01;6.320696e-02;5.263593e-02;5.564687e-02;1.982384e-01;1.170417e-01;7.132950e-02;6.101552e-02;6.101618e-02;5.874331e-02
6.729805e-02;4.395298e-02;1.434967e-01;1.209697e-01;3.972645e-02;6.842472e-02;1.533137e-01;1.373518e-01;6.715443e-02;7.178488e-02;3.485281e-02;5.167373e-02
