4.705819e-02;5.876988e-03;1.512351e-01;1.425200e-02;3.847218e-02;2.172004e-01;8.885221e-02;1.152931e-02;5.780474e-02;1.045712e-01;2.036015e-01;5.954615e-02
4.792693e-02;1.551454e-02;9.825706e-02;2.517822e-02;4.361971e-02;2.328279e-01;1.152982e-01;2.831247e-02;5.334912e-02;1.132773e-01;1.856122e-01;4.082628e-02
5.461884e-02;3.673628e-02;9.113889e-02;3.809516e-02;9.295419e-02;1.649819e-01;1.422528e-01;4.039107e-02;4.847727e-02;1.228649e-01;1.278352e-01;3.965354e-02
5.553589e-02;3.885832e-02;8.342581e-02;5.856938e-02;1.264522e-01;1.161514e-01;1.512552e-01;4.656409e-02;5.070167e-02;1.343511e-01;1.011971e-01;3.693781e-02
5.570507e-02;2.835931e-02;1.007400e-01;8.310698e-02;1.217453e-01;7.916861e-02;1.925244e-01;4.118806e-02;4.984114e-02;1.318302e-01;8.349038e-02;3.230052e-02
7.178098e-02;4.657850e-02;1.577000e-01;8.766907e-02;9.143711e-02;8.646128e-02;2.174976e-01;3.661504e-02;4.136263e-02;1.032976e-01;3.962044e-02;1.997975e-02
5.751448e-02;7.719681e-02;1.549613e-01;4.879382e-02;1.190463e-01;1.185887e-01;1.223287e-01;2.864674e-02;4.222484e-02;1.250857e-01;7.913994e-02;2.647267e-02
3.132037e-02;7.165414e-02;1.444771e-01;4.705869e-02;1.337168e-01;9.877962e-02;1.155174e-01;3.279461e-02;4.370414e-02;1.399534e-01;1.097052e-01;3.131852e-02
4.991114e-02;6.617002e-02;1.229081e-01;4.206254e-02;1.038530e-01;1.022326e-01;1.696425e-01;4.553876e-02;4.170412e-02;1.317987e-01;8.020903e-02;4.396958e-02
4.358256e-02;5.276256e-02;8.962294e-02;4.350505e-02;1.391369e-01;1.365381e-01;2.230112e-01;4.336751e-02;4.005770e-02;9.829211e-02;4.655537e-02;4.356802e-02
5.119286e-02;3.918396e-02;1.070952e-01;3.742084e-02;1.681415e-01;1.037520e-01;2.138110e-01;3.134773e-02;3.699373e-02;1.099148e-01;6.903360e-02;3.211269e-02
3.790945e-02;5.200110e-02;1.236830e-01;3.009969e-02;1.606865e-01;8.233742e-02;2.460912e-01;4.349837e-02;2.715760e-02;1.016949e-01;6.947334e-02;2.536753e-02
3.624633e-02;6.455833e-02;1.268110e-01;3.253843e-02;1.218819e-01;8.471764e-02;2.688731e-01;4.818832e-02;4.946163e-02;6.478734e-02;6.881879e-02;3.311721e-02
8.318047e-02;5.216449e-02;1.420418e-01;4.798294e-02;1.051904e-01;6.767039e-02;1.268795e-01;8.391696e-02;1.165723e-01;5.894564e-02;5.866972e-02;5.678537e-02
1.022443e-01;5.249720e-02;1.508583e-01;4.775760e-02;8.354379e-02;8.541740e-02;1.609356e-01;7.931381e-02;7.719981e-02;5.031710e-02;4.615768e-02;6.375737e-02
9.147360e-02;5.531899e-02;1.408896e-01;4.458864e-02;6.621994e-02;1.440015e-01;1.504196e-01;6.229337e-02;5.519361e-02;5.760699e-02;7.366117e-02;5.833299e-02
6.439627e-02;3.804598e-02;1.295050e-01;3.370279e-02;4.492554e-02;2.650091e-01;9.851923e-02;3.705347e-02;5.292723e-02;5.908123e-02;1.321716e-01;4.466256e-02
4.791065e-02;1.768680e-02;9.891640e-02;1.520877e-02;2.721896e-02;3.582722e-01;7.229090e-02;1.772160e-02;8.267942e-02;5.040435e-02;1.672692e-01;4.442070e-02
6.876355e-02;2.538485e-02;7.733545e-02;1.979385e-02;5.699479e-02;2.927006e-01;1.025120e-01;3.418130e-02;9.229238e-02;4.766783e-02;1.331893e-01;4.918411e-02
6.827912e-02;5.021894e-02;8.832271e-02;2.952227e-02;8.280700e-02;2.131112e-01;1.203242e-01;5.747246e-02;8.367220e-02;4.755997e-02;1.029742e-01;5.573571e-02
5.562795e-02;7.484596e-02;1.025951e-01;4.192981e-02;9.990083e-02;1.300744e-01;1.300638e-01;1.296752e-01;6.762534e-02;5.627724e-02;5.012668e-02;6.125763e-02
6.692969e-02;6.188606e-02;7.010251e-02;5.792058e-02;8.998461e-02;1.514681e-01;1.118535e-01;1.521629e-01;5.806916e-02;7.465886e-02;6.178107e-02;4.318296e-02
3.266572e-02;6.853833e-02;4.135205e-02;6.529192e-02;1.473064e-01;1.423621e-01;8.166202e-02;1.711278e-01;4.641078e-02;1.044650e-01;6.523756e-02;3.358041e-02
8.254978e-03;9.598483e-02;2.101983e-02;5.445933e-02;2.807319e-01;7.928521e-02;2.915139e-02;1.576535e-01;4.422292e-02;1.473676e-01;4.750667e-02;3.436177e-02
6.096879e-03;1.096786e-01;1.263496e-02;2.827458e-02;3.849093e-01;4.827785e-02;1.271015e-02;9.438027e-02;4.492211e-02;1.832822e-01;3.200162e-02;4.283145e-02
1.107940e-02;1.044029e-01;9.819156e-03;2.825158e-02;4.356750e-01;4.257511e-02;1.095460e-02;3.519605e-02;3.129071e-02;2.168098e-01;2.313927e-02;5.080642e-02
1.802526e-02;8.042106e-02;1.154324e-02;3.531259e-02;4.307874e-01;3.660890e-02;2.085237e-02;3.149297e-02;2.805532e-02;2.319452e-01;2.419213e-02;5.076353e-02
1.272768e-02;6.736781e-02;1.047473e-02;3.888224e-02;4.293080e-01;3.058393e-02;2.109371e-02;3.745373e-02;3.489248e-02;2.414390e-01;2.748132e-02;4.829535e-02
1.256973e-02;6.450865e-02;1.906534e-02;4.578175e-02;4.097683e-01;3.131415e-02;1.727537e-02;4.488033e-02;4.033633e-02;2.329556e-01;3.699993e-02;4.454454e-02
2.575608e-02;5.431198e-02;4.578628e-02;7.617723e-02;3.523079e-01;3.297699e-02;4.834404e-02;4.569368e-02;4.240620e-02;1.987423e-01;3.977318e-02;3.772409e-02
5.928721e-02;3.504036e-02;9.965362e-02;1.252618e-01;2.293910e-01;3.095640e-02;9.690317e-02;4.581895e-02;8.496049e-02;1.287309e-01;3.511486e-02;2.888129e-02
6.567647e-02;3.557126e-02;1.509561e-01;1.292036e-01;1.491105e-01;4.239972e-02;1.190045e-01;5.834113e-02;9.092609e-02;9.517186e-02;3.888566e-02;2.475305e-02
5.101009e-02;4.089447e-02;1.741765e-01;8.414210e-02;1.675375e-01;6.080174e-02;1.148580e-01;5.259799e-02;6.339684e-02;1.237012e-01;3.985725e-02;2.702632e-02
6.345484e-02;4.449864e-02;1.286705e-01;5.202210e-02;2.343761e-01;6.366191e-02;8.735621e-02;3.757656e-02;5.296807e-02;1.532461e-01;5.005098e-02;3.211799e-02
8.124710e-02;4.688755e-02;6.764124e-02;5.595339e-02;2.721478e-01;5.477432e-02;5.376091e-02;4.055289e-02;6.403213e-02;1.637143e-01;4.939567e-02;4.989270e-02
5.294426e-02;6.924336e-02;3.701839e-02;4.740250e-02;2.846583e-01;4.586903e-02;6.321579e-02;4.618138e-02;6.396300e-02;1.745830e-01;4.041968e-02;7.450140e-02
3.731159e-02;8.056229e-02;5.311746e-02;4.784382e-02;2.683771e-01;6.336465e-02;7.189125e-02;5.164352e-02;5.846592e-02;1.773586e-01;2.790997e-02;6.215389e-02
6.176002e-02;9.945352e-02;7.424102e-02;5.965458e-02;2.566502e-01;5.567444e-02;6.565157e-02;3.953427e-02;6.852195e-02;1.453108e-01;3.781879e-02;3.572882e-02
8.900670e-02;8.517806e-02;7.301479e-02;5.891918e-02;2.286048e-01;4.555863e-02;7.234894e-02;2.864676e-02;1.001525e-01;1.147130e-01;5.529254e-02;4.856412e-02
6.741854e-02;7.444709e-02;6.445671e-02;6.137612e-02;1.635889e-01;5.270736e-02;1.065522e-01;4.687196e-02;1.113409e-01;9.640060e-02;9.132849e-02;6.351119e-02
8.212405e-02;6.122790e-02;5.962842e-02;5.825000e-02;1.019671e-01;6.475309e-02;1.058165e-01;6.500803e-02;9.176990e-02;1.347446e-01;9.141072e-02;8.329964e-02
9.470508e-02;6.742509e-02;6.207439e-02;6.730790e-02;9.603365e-02;4.919180e-02;5.942656e-02;5.494520e-02;6.372439e-02;2.186007e-01;9.189589e-02;7.466941e-02
9.916676e-02;6.079641e-02;1.166931e-01;5.251236e-02;9.533861e-02;6.044091e-02;6.192749e-02;4.451404e-02;6.993443e-02;2.092302e-01;7.212389e-02;5.732184e-02
9.633562e-02;6.125321e-02;1.788512e-01;4.625571e-02;7.467154e-02;1.099416e-01;6.941885e-02;5.717098e-02;5.738122e-02;1.168087e-01;7.987552e-02;5.203591e-02
8.910889e-02;4.613693e-02;1.658121e-01;4.095974e-02;1.043161e-01;1.163456e-01;6.570127e-02;5.950198e-02;6.258760e-02;9.866885e-02;1.001097e-01;5.075108e-02
5.146287e-02;2.863947e-02;1.147771e-01;4.174564e-02;1.393239e-01;8.397413e-02;1.444874e-01;5.891377e-02;4.974337e-02;1.307396e-01;1.101899e-01;4.600287e-02
2.393815e-02;3.640435e-02;9.195264e-02;6.632975e-02;1.089602e-01;7.507315e-02;2.181948e-01;5.350620e-02;2.771356e-02;1.311971e-01;1.310951e-01;3.563501e-02
1.928749e-02;5.599593e-02;5.499702e-02;8.743587e-02;4.929454e-02;7.385256e-02;2.426288e-01;7.252743e-02;2.848269e-02;1.342765e-01;1.505806e-01;3.064058e-02
1.499296e-02;8.754299e-02;3.378120e-02;6.785796e-02;8.179339e-02;5.192878e-02;1.670118e-01;1.249259e-01;4.564812e-02;1.566189e-01;1.316170e-01;3.628092e-02
1.351248e-02;9.984753e-02;3.184133e-02;3.851124e-02;1.531091e-01;3.709721e-02;8.338856e-02;1.440319e-01;7.021777e-02;1.836966e-01;9.594418e-02;4.880209e-02
3.805438e-02;6.362916e-02;6.791516e-02;4.228195e-02;1.490313e-01;6.368071e-02;8.606467e-02;7.016297e-02;1.015439e-01;1.834748e-01;8.521050e-02;4.895048e-02
4.253206e-02;4.808956e-02;9.452871e-02;6.244915e-02;1.167977e-01;7.991803e-02;1.027097e-01;3.123361e-02;9.799891e-02;2.153699e-01;8.345491e-02;2.491773e-02
2.440827e-02;8.236641e-02;6.833604e-02;4.923686e-02;1.502477e-01;8.788159e-02;6.875365e-02;2.721182e-02;6.066464e-02;2.771791e-01;7.471590e-02;2.899809e-02
7.796789e-03;1.146288e-01;3.198247e-02;3.957090e-02;1.710229e-01;9.263673e-02;2.343449e-02;3.762247e-02;2.095273e-02;3.032855e-01;1.284827e-01;2.858345e-02
7.486055e-03;1.154470e-01;1.751989e-02;3.592802e-02;1.465799e-01;1.060369e-01;2.835753e-02;4.681834e-02;1.659766e-02;2.700815e-01;1.841732e-01;2.497389e-02
1.812017e-02;1.170961e-01;2.599330e-02;3.608333e-02;1.333703e-01;9.543747e-02;3.917534e-02;5.863628e-02;2.696261e-02;2.460135e-01;1.819591e-01;2.115254e-02
2.170732e-02;1.360602e-01;2.445807e-02;2.781017e-02;1.414052e-01;5.927964e-02;2.018336e-02;7.102051e-02;5.179356e-02;2.862581e-01;1.384014e-01;2.162242e-02
1.559906e-02;1.462671e-01;2.214258e-02;3.102000e-02;1.417738e-01;2.953135e-02;1.371084e-02;6.156900e-02;9.078413e-02;3.216540e-01;1.033212e-01;2.262692e-02
3.307452e-02;1.157455e-01;4.943606e-02;3.575304e-02;1.147142e-01;2.110819e-02;8.429942e-02;4.935930e-02;1.036080e-01;2.786981e-01;8.394378e-02;3.025979e-02
6.088264e-02;7.897666e-02;9.729493e-02;4.661050e-02;8.645168e-02;3.318754e-02;1.707150e-01;4.050692e-02;7.844457e-02;1.953873e-01;7.278184e-02;3.876035e-02
6.491429e-02;8.934046e-02;1.381140e-01;5.563140e-02;8.222731e-02;4.353171e-02;1.846429e-01;3.103749e-02;5.661634e-02;1.670503e-01;4.616956e-02;4.072420e-02
4.574803e-02;1.297279e-01;1.023471e-01;3.525471e-02;9.649315e-02;3.966353e-02;1.290474e-01;3.186033e-02;5.301339e-02;2.252812e-01;8.009268e-02;3.147046e-02
4.535394e-02;1.441749e-01;1.277310e-01;2.619750e-02;1.033934e-01;3.772994e-02;3.045785e-02;3.182482e-02;4.461907e-02;2.771331e-01;1.170689e-01;1.431560e-02
2.659320e-02;1.646273e-01;1.381131e-01;2.526805e-02;8.052827e-02;3.271589e-02;6.269698e-02;2.992316e-02;6.166333e-02;2.714196e-01;9.126684e-02;1.518434e-02
4.240143e-02;1.810383e-01;8.488456e-02;2.314334e-02;6.455364e-02;2.275458e-02;1.151840e-01;3.395220e-02;6.873132e-02;2.581062e-01;8.119822e-02;2.405223e-02
6.842210e-02;1.843023e-01;4.973321e-02;1.647165e-02;8.748411e-02;2.147288e-02;1.345271e-01;2.875210e-02;5.583618e-02;2.413621e-01;7.645322e-02;3.518300e-02
4.693896e-02;1.784668e-01;8.996937e-02;2.094352e-02;1.056212e-01;3.314470e-02;1.747947e-01;2.620773e-02;4.853554e-02;1.974676e-01;3.678365e-02;4.112629e-02
2.928489e-02;1.646675e-01;1.069673e-01;2.666685e-02;9.132382e-02;4.963392e-02;2.613166e-01;3.106024e-02;5.087844e-02;1.211034e-01;3.875298e-02;2.834402e-02
4.655242e-02;1.325866e-01;1.157034e-01;3.146325e-02;9.035536e-02;5.793092e-02;2.712075e-01;4.272237e-02;5.390710e-02;8.535910e-02;3.703028e-02;3.518173e-02
7.544700e-02;1.183366e-01;1.195413e-01;3.618385e-02;8.173550e-02;4.488114e-02;1.968441e-01;5.197368e-02;6.129869e-02;1.193048e-01;6.325832e-02;3.119508e-02
6.990720e-02;1.134978e-01;9.308176e-02;4.048745e-02;1.035806e-01;6.611925e-02;9.777526e-02;5.955594e-02;7.652593e-02;1.644763e-01;6.895346e-02;4.603903e-02
4.682071e-02;3.443384e-02;5.849326e-02;4.165723e-02;6.967890e-02;6.822709e-02;1.009721e-01;1.244849e-01;1.478647e-01;1.672523e-01;7.794453e-02;6.217053e-02
4.558284e-02;3.452716e-02;9.346937e-02;4.260091e-02;4.845921e-02;7.725018e-02;1.322230e-01;1.366632e-01;1.343215e-01;1.448087e-01;5.580199e-02;5.429199e-02
9.435023e-02;7.015145e-02;1.622532e-01;4.020724e-02;7.420051e-02;6.281579e-02;1.228126e-01;1.006671e-01;8.025117e-02;1.032096e-01;4.214162e-02;4.693960e-02
2.248448e-01;1.154915e-01;1.662469e-01;4.177028e-02;9.481203e-02;4.360307e-02;9.098540e-02;7.092176e-02;3.388312e-02;4.639412e-02;2.594659e-02;4.510043e-02
3.435086e-01;1.270388e-01;1.091706e-01;7.075331e-02;7.899043e-02;2.543977e-02;6.124923e-02;6.617033e-02;1.703617e-02;1.711986e-02;1.436991e-02;6.915303e-02
3.641573e-01;9.786530e-02;4.421003e-02;1.155608e-01;3.886329e-02;1.476723e-02;9.090338e-02;5.549774e-02;1.458567e-02;2.370406e-02;1.321915e-02;1.266660e-01
2.748993e-01;4.207744e-02;2.760288e-02;1.294766e-01;1.501337e-02;1.744249e-02;1.811736e-01;4.183425e-02;1.064155e-02;2.818687e-02;3.024452e-02;2.014071e-01
1.649324e-01;2.535741e-02;4.355757e-02;8.780472e-02;1.359170e-02;3.905614e-02;2.517983e-01;3.307227e-02;7.571444e-03;2.469558e-02;6.953370e-02;2.390287e-01
5.089181e-02;3.526685e-02;4.940049e-02;3.851173e-02;1.814277e-02;6.217499e-02;2.818274e-01;6.014932e-02;1.021409e-02;1.723504e-02;1.243870e-01;2.517985e-01
6.963922e-02;4.035467e-02;3.623805e-02;1.933654e-02;1.381034e-02;7.391477e-02;2.358293e-01;6.471930e-02;1.642680e-02;2.677049e-02;1.527308e-01;2.502297e-01
2.870734e-02;2.534486e-02;4.422437e-02;2.924499e-02;1.962230e-02;7.996372e-02;2.229121e-01;6.496334e-02;2.257760e-02;2.341254e-02;1.643277e-01;2.746991e-01
1.004335e-01;2.254731e-02;3.114172e-02;2.273053e-02;1.765767e-02;6.106188e-02;2.180624e-01;5.646912e-02;1.809379e-02;1.985027e-02;1.303345e-01;3.016174e-01
1.095481e-01;1.440344e-02;1.467028e-02;4.817331e-02;1.429987e-02;4.354461e-02;2.293438e-01;4.267377e-02;1.025317e-02;1.960118e-02;9.770107e-02;3.557873e-01
2.001248e-01;2.151940e-02;1.765927e-02;6.540216e-02;8.519719e-03;2.479867e-02;1.961992e-01;4.643396e-02;1.048299e-02;2.599414e-02;4.964641e-02;3.332193e-01
3.406873e-01;3.516967e-02;1.583852e-02;5.779729e-02;1.506119e-02;1.450431e-02;1.386132e-01;6.370471e-02;1.606626e-02;2.653022e-02;2.623352e-02;2.497938e-01
4.619994e-01;5.413658e-02;2.541710e-02;3.234023e-02;3.172258e-02;1.299619e-02;9.509520e-02;9.714580e-02;1.866143e-02;1.755627e-02;1.776080e-02;1.351685e-01
5.362172e-01;6.590735e-02;3.174737e-02;8.342451e-03;6.088962e-02;9.708460e-03;6.013994e-02;1.243108e-01;1.780094e-02;6.688425e-03;1.072063e-02;6.752680e-02
5.296237e-01;7.059325e-02;4.221087e-02;1.130288e-02;9.638240e-02;5.364388e-03;2.901682e-02;1.136919e-01;1.740171e-02;4.420333e-03;9.175591e-03;7.081615e-02
4.351342e-01;1.042410e-01;8.312511e-02;1.599389e-02;1.112061e-01;1.389666e-02;2.954042e-02;7.381832e-02;2.541329e-02;1.079936e-02;1.732776e-02;7.950386e-02
2.849432e-01;1.218890e-01;1.647080e-01;2.988945e-02;1.133934e-01;3.237876e-02;3.303614e-02;3.931563e-02;2.953497e-02;2.514074e-02;3.122307e-02;9.454768e-02
1.223688e-01;9.986296e-02;2.567324e-01;4.556304e-02;1.002659e-01;6.824045e-02;4.972776e-02;2.623573e-02;3.214890e-02;4.936498e-02;3.806655e-02;1.114225e-01
2.230542e-01;5.993948e-02;2.027942e-01;3.438777e-02;5.941987e-02;8.937958e-02;5.865245e-02;3.973160e-02;4.570722e-02;5.592420e-02;3.865347e-02;9.235597e-02
2.621639e-01;3.995078e-02;1.870349e-01;2.869497e-02;6.363104e-02;9.380589e-02;6.166639e-02;4.792655e-02;4.791520e-02;4.041821e-02;3.999469e-02;8.679745e-02
3.311225e-01;8.637691e-02;1.980472e-01;1.542054e-02;5.985636e-02;5.335213e-02;2.537507e-02;5.094774e-02;3.881715e-02;2.525206e-02;4.352646e-02;7.190593e-02
3.209866e-01;9.092796e-02;2.228503e-01;1.414074e-02;7.049895e-02;2.040565e-02;2.383863e-02;7.564091e-02;2.736694e-02;1.869234e-02;3.744511e-02;7.720584e-02
2.266643e-01;4.689728e-02;2.928178e-01;1.593393e-02;7.950462e-02;4.035168e-02;3.703239e-02;8.914904e-02;2.050759e-02;2.222546e-02;5.353758e-02;7.537837e-02
1.245572e-01;5.996839e-02;3.479037e-01;2.760478e-02;8.818631e-02;6.384341e-02;8.394750e-02;5.171003e-02;3.633534e-02;3.100661e-02;5.502379e-02;2.991294e-02
9.355617e-02;8.298863e-02;3.898620e-01;3.044945e-02;7.760288e-02;5.775749e-02;7.266479e-02;4.591570e-02;4.699970e-02;2.820483e-02;4.644028e-02;2.755808e-02
9.072408e-02;1.001608e-01;4.583543e-01;3.324835e-02;5.690755e-02;3.687297e-02;4.265850e-02;4.381024e-02;5.322711e-02;2.492315e-02;3.510464e-02;2.400834e-02
9.400551e-02;8.569285e-02;5.296035e-01;2.677518e-02;5.660433e-02;2.194996e-02;1.830416e-02;4.720289e-02;3.363246e-02;2.402795e-02;4.433826e-02;1.786286e-02
9.785817e-02;8.681574e-02;5.085803e-01;1.941388e-02;6.886788e-02;4.350328e-02;2.556778e-02;4.155920e-02;1.757819e-02;1.515353e-02;5.105027e-02;2.405185e-02
8.960209e-02;7.860092e-02;5.014758e-01;2.550274e-02;6.905729e-02;5.656893e-02;4.316748e-02;2.860931e-02;2.598600e-02;1.792986e-02;3.808684e-02;2.541285e-02
1.057342e-01;7.211517e-02;4.973512e-01;3.013005e-02;4.529170e-02;6.985187e-02;3.619247e-02;2.363291e-02;3.021532e-02;2.997282e-02;2.826645e-02;3.124584e-02
7.729914e-02;6.293051e-02;4.770306e-01;3.831910e-02;6.757627e-02;7.444689e-02;4.585670e-02;1.383951e-02;2.406333e-02;4.146855e-02;3.568287e-02;4.148654e-02
9.313779e-02;7.204519e-02;4.348967e-01;4.960097e-02;6.861316e-02;5.703264e-02;7.104667e-02;1.657497e-02;2.958335e-02;4.681744e-02;3.579863e-02;2.485248e-02
1.491914e-01;8.810132e-02;3.355418e-01;5.691305e-02;6.689179e-02;6.244102e-02;6.445397e-02;2.520844e-02;2.821488e-02;5.149188e-02;4.652499e-02;2.502556e-02
1.684718e-01;1.040263e-01;2.409256e-01;5.285992e-02;6.996378e-02;8.052842e-02;5.103276e-02;3.651476e-02;2.646217e-02;4.872689e-02;6.385193e-02;5.663569e-02
8.578955e-02;9.956007e-02;2.705353e-01;5.217877e-02;8.514135e-02;6.244443e-02;8.064838e-02;2.457164e-02;6.460689e-02;4.667967e-02;5.270136e-02;7.514256e-02
1.551234e-01;5.853128e-02;2.737539e-01;4.342063e-02;8.119415e-02;4.137350e-02;8.336753e-02;4.462474e-02;5.132840e-02;4.139396e-02;4.634530e-02;7.954329e-02
1.831952e-01;5.811083e-02;3.347877e-01;4.155415e-02;6.082673e-02;2.959685e-02;7.214779e-02;4.729092e-02;3.751112e-02;3.956752e-02;3.439999e-02;6.101113e-02
1.546706e-01;6.902921e-02;3.241183e-01;5.764439e-02;5.169711e-02;5.782314e-02;6.736375e-02;5.246627e-02;7.361155e-02;3.977662e-02;2.469285e-02;2.710619e-02
1.036495e-01;4.846624e-02;2.838672e-01;5.724259e-02;4.916135e-02;7.594976e-02;1.161385e-01;5.708159e-02;6.957468e-02;3.888319e-02;6.771979e-02;3.226563e-02
1.060966e-01;5.752906e-02;2.290614e-01;6.446496e-02;4.765141e-02;6.732426e-02;1.068033e-01;4.149666e-02;7.425436e-02;6.027110e-02;9.898238e-02;4.606444e-02
1.000918e-01;9.112402e-02;1.495004e-01;5.033687e-02;5.903849e-02;6.364727e-02;8.671832e-02;4.171302e-02;7.417309e-02;7.328289e-02;1.124991e-01;9.787479e-02
8.693569e-02;9.733851e-02;1.002690e-01;5.484145e-02;6.494650e-02;6.471351e-02;6.087193e-02;5.744013e-02;8.993439e-02;9.681902e-02;8.282550e-02;1.430643e-01
1.020739e-01;4.676117e-02;1.058210e-01;5.989294e-02;4.241802e-02;4.160108e-02;1.136651e-01;5.367775e-02;1.163434e-01;1.170683e-01;7.837772e-02;1.222996e-01
1.033280e-01;4.461694e-02;1.143664e-01;6.003107e-02;5.060176e-02;5.946642e-02;1.408484e-01;4.004707e-02;8.546790e-02;1.288047e-01;7.651403e-02;9.590732e-02
9.149127e-02;6.055031e-02;1.519677e-01;6.783606e-02;4.542962e-02;7.675020e-02;1.082414e-01;4.663309e-02;5.488517e-02;1.037939e-01;9.012612e-02;1.022952e-01
1.043839e-01;9.211345e-02;1.259731e-01;6.527509e-02;4.082495e-02;7.328397e-02;5.852047e-02;4.079985e-02;6.374326e-02;5.473234e-02;9.912843e-02;1.812211e-01
1.277633e-01;1.219562e-01;9.965988e-02;5.002195e-02;6.215664e-02;6.177501e-02;1.161732e-01;3.714025e-02;7.019335e-02;5.583027e-02;8.566193e-02;1.116680e-01
2.067102e-01;8.605614e-02;1.052080e-01;4.016648e-02;8.646709e-02;6.062822e-02;1.016417e-01;4.895961e-02;6.835886e-02;6.012389e-02;6.802069e-02;6.765918e-02
1.846132e-01;4.862700e-02;8.216847e-02;4.215151e-02;6.257766e-02;7.512560e-02;6.942805e-02;5.296899e-02;1.172139e-01;5.060023e-02;8.235930e-02;1.321661e-01
1.268346e-01;2.636312e-02;7.705867e-02;3.718130e-02;4.138001e-02;1.040426e-01;4.681780e-02;5.863239e-02;1.365617e-01;7.426297e-02;8.551151e-02;1.853533e-01
1.017541e-01;4.262998e-02;6.892823e-02;3.213005e-02;4.454921e-02;1.228693e-01;8.113064e-02;7.907578e-02;1.167523e-01;6.309992e-02;7.092560e-02;1.761548e-01
7.393590e-02;5.218683e-02;7.480976e-02;3.580152e-02;6.166132e-02;1.020104e-01;1.191385e-01;7.902580e-02;1.052639e-01;6.923066e-02;3.976611e-02;1.871693e-01
6.589016e-02;4.991402e-02;6.571680e-02;3.774584e-02;6.941223e-02;5.672608e-02;1.107128e-01;7.134761e-02;1.026896e-01;9.590601e-02;6.576563e-02;2.081733e-01
6.151917e-02;3.948873e-02;5.950625e-02;4.208951e-02;6.413329e-02;5.495177e-02;1.119350e-01;8.524886e-02;9.819455e-02;1.133457e-01;9.901112e-02;1.705761e-01
9.144021e-02;3.900486e-02;6.258801e-02;7.501236e-02;4.384600e-02;6.493624e-02;1.054626e-01;8.843341e-02;9.735996e-02;7.557741e-02;1.011628e-01;1.551762e-01
8.149601e-02;5.585033e-02;7.192472e-02;9.595857e-02;4.015590e-02;6.145854e-02;8.179124e-02;7.172343e-02;9.707859e-02;9.364926e-02;1.155658e-01;1.333476e-01
8.080388e-02;5.589259e-02;8.580703e-02;8.577026e-02;4.784764e-02;5.356517e-02;8.151876e-02;6.248992e-02;9.984636e-02;1.081601e-01;1.752798e-01;6.301850e-02
9.043766e-02;5.209700e-02;6.758092e-02;4.057279e-02;3.171415e-02;4.742336e-02;9.424951e-02;5.952128e-02;1.011850e-01;9.651302e-02;2.029725e-01;1.157329e-01
9.673686e-02;6.260145e-02;7.177407e-02;2.230693e-02;4.588510e-02;6.255890e-02;9.135243e-02;5.799580e-02;1.012998e-01;6.781977e-02;1.812238e-01;1.384451e-01
7.926567e-02;8.367331e-02;7.541100e-02;2.667228e-02;5.852126e-02;1.077397e-01;6.608897e-02;6.906588e-02;7.729767e-02;5.427154e-02;1.569998e-01;1.449929e-01
5.244865e-02;9.024891e-02;7.739997e-02;3.771786e-02;6.584358e-02;9.776482e-02;7.265747e-02;6.232730e-02;3.369462e-02;1.115987e-01;1.608555e-01;1.374426e-01
8.655426e-02;5.136127e-02;7.877935e-02;3.048751e-02;6.819512e-02;7.026850e-02;9.399956e-02;3.740429e-02;4.608911e-02;1.338106e-01;1.914075e-01;1.116430e-01
7.821932e-02;7.302107e-02;7.356300e-02;2.389519e-02;8.514079e-02;5.885756e-02;1.044643e-01;4.767777e-02;6.433629e-02;1.276148e-01;1.842048e-01;7.900506e-02
8.276156e-02;9.058172e-02;1.472293e-01;5.051435e-02;8.889982e-02;7.728959e-02;1.154123e-01;8.356342e-02;7.409129e-02;7.812314e-02;6.289219e-02;4.864135e-02
1.006790e-01;9.619699e-02;2.026047e-01;6.651283e-02;7.718896e-02;8.604334e-02;1.392076e-01;5.829228e-02;3.697030e-02;7.216689e-02;2.908264e-02;3.505452e-02
1.126720e-01;1.075168e-01;1.089988e-01;8.386049e-02;7.182363e-02;9.958027e-02;1.206815e-01;6.916207e-02;6.144471e-02;7.019446e-02;5.278176e-02;4.128346e-02
6.737132e-02;8.806882e-02;1.454622e-01;9.136026e-02;5.062801e-02;9.010212e-02;9.495790e-02;8.418635e-02;9.598510e-02;7.691230e-02;6.674139e-02;4.822420e-02
4.643555e-02;6.448034e-02;1.916661e-01;9.965084e-02;3.868567e-02;7.899841e-02;8.883419e-02;7.993731e-02;9.648155e-02;1.133192e-01;5.753227e-02;4.397855e-02
5.850720e-02;5.183097e-02;2.256645e-01;1.102622e-01;3.306641e-02;7.319003e-02;8.194861e-02;6.037973e-02;7.551231e-02;1.366018e-01;4.509962e-02;4.793658e-02
3.679433e-02;4.708494e-02;3.030916e-01;1.156990e-01;3.463093e-02;5.990971e-02;6.993440e-02;5.160115e-02;8.029478e-02;1.082820e-01;5.977007e-02;3.290701e-02
1.567190e-02;2.700174e-02;3.746156e-01;1.404597e-01;5.044796e-02;3.610280e-02;4.560637e-02;2.927121e-02;1.066000e-01;7.267942e-02;8.609778e-02;1.544557e-02
2.261694e-02;3.412465e-02;3.298614e-01;1.561600e-01;5.449068e-02;2.451419e-02;6.216362e-02;2.681962e-02;1.265579e-01;5.043125e-02;1.018967e-01;1.036307e-02
4.244104e-02;2.159163e-02;2.321934e-01;1.665315e-01;5.035493e-02;1.564326e-02;6.849656e-02;4.670618e-02;1.783109e-01;4.760760e-02;1.198459e-01;1.027701e-02
6.200803e-02;1.571663e-02;1.555537e-01;1.497680e-01;4.173338e-02;1.634462e-02;7.852472e-02;6.337429e-02;2.403347e-01;6.287141e-02;1.051633e-01;8.607189e-03
6.103750e-02;1.259129e-02;1.326643e-01;1.075188e-01;4.782350e-02;4.279722e-02;1.219437e-01;6.586672e-02;2.524287e-01;7.364760e-02;6.329238e-02;1.838831e-02
5.258520e-02;1.467738e-02;1.369240e-01;7.397108e-02;6.503087e-02;9.622790e-02;1.922925e-01;5.070622e-02;1.836378e-01;7.412481e-02;4.024228e-02;1.957996e-02
3.341660e-02;2.536108e-02;1.372826e-01;7.977622e-02;9.961266e-02;1.355247e-01;1.165886e-01;5.104284e-02;1.164908e-01;1.124767e-01;6.793515e-02;2.449201e-02
2.280474e-02;3.590981e-02;9.286825e-02;6.364151e-02;1.296963e-01;1.272772e-01;4.303144e-02;6.224620e-02;1.143555e-01;1.637467e-01;1.067419e-01;3.768046e-02
2.494520e-02;4.376281e-02;5.915059e-02;3.600801e-02;1.456695e-01;8.963244e-02;5.609453e-02;9.017616e-02;1.008294e-01;1.905219e-01;1.252060e-01;3.800351e-02
2.109295e-02;3.537650e-02;3.637627e-02;3.789456e-02;1.278225e-01;5.556947e-02;1.176157e-01;9.510441e-02;9.379090e-02;2.134131e-01;1.291869e-01;3.675683e-02
3.092792e-02;2.375002e-02;4.885513e-02;4.810081e-02;8.809119e-02;6.974176e-02;1.896989e-01;6.937417e-02;9.535930e-02;1.956089e-01;1.101753e-01;3.031656e-02
2.330620e-02;2.954241e-02;1.378968e-01;4.497656e-02;6.648537e-02;6.519402e-02;2.327118e-01;4.263032e-02;8.535046e-02;1.457629e-01;9.462946e-02;3.151371e-02
2.931474e-02;3.566607e-02;1.784454e-01;6.001322e-02;7.780529e-02;7.668906e-02;1.938327e-01;2.653255e-02;8.857855e-02;1.286214e-01;8.931980e-02;1.518127e-02
2.955907e-02;3.621921e-02;1.448220e-01;7.642345e-02;5.304540e-02;6.644419e-02;1.965821e-01;4.151731e-02;1.097179e-01;1.378910e-01;9.302059e-02;1.475772e-02
3.584643e-02;3.514757e-02;1.141281e-01;9.263965e-02;5.088511e-02;5.247477e-02;1.753655e-01;5.393405e-02;1.100232e-01;1.595451e-01;1.027880e-01;1.722243e-02
2.312892e-02;2.986155e-02;1.689189e-01;1.100867e-01;5.539562e-02;4.085336e-02;1.329311e-01;4.654799e-02;1.517092e-01;1.358085e-01;8.294827e-02;2.180993e-02
4.710221e-02;3.070756e-02;2.209033e-01;1.275650e-01;5.856780e-02;4.121926e-02;1.449193e-01;3.950934e-02;1.496262e-01;6.915816e-02;4.507763e-02;2.564437e-02
7.765047e-02;4.821419e-02;1.849278e-01;9.703741e-02;6.714980e-02;8.264627e-02;7.817658e-02;5.652528e-02;6.161293e-02;6.724897e-02;8.237852e-02;9.643184e-02
1.300691e-01;9.849945e-02;1.276675e-01;5.062059e-02;4.714365e-02;6.540905e-02;1.151346e-01;5.570476e-02;3.806381e-02;8.642621e-02;9.126069e-02;9.400056e-02
2.011415e-01;9.159236e-02;1.330466e-01;5.519185e-02;3.730810e-02;5.895299e-02;1.179928e-01;4.390523e-02;3.582253e-02;6.283628e-02;7.543910e-02;8.677062e-02
2.236879e-01;8.279680e-02;1.095676e-01;4.750242e-02;2.285957e-02;9.387720e-02;1.126976e-01;3.602607e-02;3.982362e-02;4.825767e-02;8.624066e-02;9.666281e-02
1.727544e-01;5.598384e-02;9.421517e-02;3.354319e-02;2.639256e-02;1.561430e-01;9.880066e-02;2.241140e-02;5.676230e-02;5.833088e-02;1.335201e-01;9.114248e-02
7.611557e-02;4.478643e-02;8.275221e-02;2.679528e-02;7.126611e-02;2.033103e-01;7.045721e-02;3.278768e-02;4.605079e-02;1.082003e-01;1.884173e-01;4.906080e-02
3.192139e-02;7.023919e-02;3.841135e-02;3.019638e-02;1.681716e-01;1.446096e-01;3.775137e-02;5.091297e-02;4.428379e-02;1.890691e-01;1.682115e-01;2.622171e-02
2.768059e-02;6.724074e-02;2.610770e-02;4.556334e-02;2.587455e-01;7.192854e-02;2.009979e-02;3.795971e-02;7.179410e-02;2.457365e-01;9.492028e-02;3.222322e-02
4.199648e-02;3.678740e-02;2.509282e-02;6.569660e-02;3.021706e-01;6.456328e-02;5.134751e-02;2.365452e-02;7.804158e-02;2.289753e-01;5.325244e-02;2.842151e-02
5.217014e-02;3.338584e-02;3.024868e-02;8.525466e-02;3.183894e-01;7.684001e-02;7.098358e-02;2.395238e-02;7.057361e-02;1.781092e-01;4.419835e-02;1.589422e-02
3.216291e-02;2.810712e-02;4.253908e-02;7.876664e-02;2.889912e-01;9.852539e-02;7.844516e-02;4.517295e-02;6.591994e-02;1.722797e-01;5.037474e-02;1.871520e-02
2.228911e-02;2.540209e-02;4.264951e-02;5.504604e-02;2.173700e-01;1.033927e-01;6.304073e-02;1.135164e-01;6.437633e-02;2.065655e-01;4.658680e-02;3.976471e-02
1.720614e-02;5.041911e-02;3.040827e-02;3.086680e-02;1.533106e-01;7.431711e-02;6.011882e-02;1.555797e-01;6.679064e-02;2.453896e-01;5.000760e-02;6.558554e-02
2.114920e-02;6.852742e-02;3.842561e-02;2.725951e-02;1.203007e-01;4.797233e-02;7.035423e-02;1.330925e-01;6.217616e-02;2.475122e-01;8.540433e-02;7.782586e-02
2.765258e-02;5.684981e-02;6.194748e-02;3.497421e-02;8.527540e-02;5.654111e-02;1.166118e-01;8.925446e-02;5.932028e-02;2.212858e-01;1.210588e-01;6.922830e-02
2.291872e-02;4.453359e-02;6.400272e-02;5.026888e-02;6.857727e-02;6.621034e-02;1.281525e-01;8.387654e-02;5.132304e-02;2.299046e-01;1.442489e-01;4.598283e-02
2.902149e-02;5.577866e-02;3.371353e-02;6.541615e-02;9.579423e-02;5.051725e-02;8.499014e-02;1.489659e-01;4.922082e-02;2.239213e-01;1.415673e-01;2.109327e-02
3.731402e-02;6.055411e-02;4.626132e-02;7.829739e-02;9.572713e-02;5.901009e-02;1.511366e-01;1.065857e-01;3.730415e-02;1.739416e-01;1.342025e-01;1.966552e-02
8.215484e-02;7.414148e-02;6.746286e-02;8.653090e-02;9.161276e-02;9.792893e-02;1.355668e-01;6.161818e-02;3.535149e-02;1.058856e-01;1.250800e-01;3.666608e-02
1.216448e-01;6.716603e-02;9.274113e-02;8.564449e-02;6.806734e-02;1.001096e-01;1.199720e-01;6.574682e-02;2.864620e-02;8.341940e-02;1.220188e-01;4.482350e-02
1.789400e-01;3.545019e-02;1.078311e-01;5.555781e-02;3.567355e-02;1.580031e-01;9.000322e-02;3.937094e-02;2.169507e-02;7.348111e-02;1.648800e-01;3.911386e-02
2.192077e-01;1.590486e-02;1.108074e-01;2.274853e-02;2.733224e-02;2.106130e-01;4.774742e-02;1.618277e-02;1.913724e-02;6.432270e-02;2.138629e-01;3.213322e-02
1.868545e-01;1.052633e-02;8.870369e-02;2.184687e-02;3.425251e-02;2.311513e-01;4.248337e-02;1.998221e-02;1.449396e-02;7.253736e-02;2.434070e-01;3.376091e-02
1.107003e-01;1.911796e-02;4.779867e-02;4.332276e-02;6.437297e-02;1.826787e-01;6.880021e-02;6.350679e-02;2.015523e-02;1.325952e-01;2.095517e-01;3.739960e-02
5.348786e-02;3.634940e-02;2.762206e-02;6.961440e-02;1.194913e-01;1.048008e-01;9.808491e-02;9.429064e-02;3.204066e-02;1.823477e-01;1.348519e-01;4.701852e-02
4.034347e-02;3.762930e-02;4.780720e-02;1.035640e-01;1.186417e-01;1.068052e-01;1.337554e-01;7.031770e-02;5.449389e-02;1.700828e-01;6.877555e-02;4.778377e-02
6.601488e-02;3.134179e-02;1.117645e-01;1.220690e-01;7.166784e-02;1.423296e-01;1.611621e-01;4.827139e-02;6.272742e-02;1.166157e-01;2.941703e-02;3.661869e-02
4.797813e-02;3.800030e-02;1.571489e-01;8.239855e-02;8.184078e-02;1.536284e-01;1.503137e-01;5.635196e-02;3.754355e-02;9.654243e-02;5.168029e-02;4.657300e-02
4.370232e-02;5.561528e-02;1.702653e-01;4.388716e-02;1.171309e-01;1.097175e-01;1.640247e-01;6.731399e-02;2.707485e-02;8.949521e-02;7.812490e-02;3.364778e-02
4.413323e-02;8.087544e-02;1.219891e-01;4.132078e-02;1.490062e-01;1.237452e-01;1.985860e-01;5.292553e-02;2.562535e-02;6.704032e-02;6.347588e-02;3.127695e-02
6.960496e-02;1.078830e-01;7.315741e-02;4.308303e-02;1.015777e-01;1.470598e-01;2.294912e-01;3.077921e-02;4.035800e-02;5.140793e-02;5.882296e-02;4.677467e-02
6.339794e-02;1.150694e-01;9.157901e-02;5.186133e-02;1.090510e-01;1.157671e-01;1.916375e-01;4.908721e-02;4.085985e-02;5.705439e-02;7.994651e-02;3.468876e-02
3.573371e-02;1.099546e-01;1.222922e-01;5.740254e-02;9.766085e-02;8.868283e-02;1.835028e-01;6.699075e-02;2.876794e-02;6.877092e-02;1.042324e-01;3.600847e-02
3.009806e-02;8.503915e-02;1.617708e-01;5.581175e-02;5.338867e-02;7.814002e-02;1.780202e-01;7.381058e-02;4.863285e-02;7.112084e-02;7.604197e-02;8.812514e-02
5.519593e-02;4.944387e-02;1.107897e-01;1.288480e-01;6.494104e-02;1.073929e-01;1.385790e-01;5.345379e-02;7.611428e-02;9.164862e-02;3.716943e-02;8.642334e-02
8.980428e-02;2.768904e-02;5.808337e-02;1.549697e-01;7.640119e-02;8.480582e-02;1.906116e-01;3.797558e-02;1.031007e-01;9.861387e-02;3.367694e-02;4.426786e-02
6.838512e-02;5.489283e-02;4.179320e-02;8.622255e-02;1.569332e-01;1.067741e-01;1.432344e-01;4.953619e-02;8.053187e-02;1.240385e-01;6.098385e-02;2.667423e-02
4.728517e-02;5.809905e-02;4.410794e-02;3.820138e-02;1.626622e-01;1.906866e-01;1.083606e-01;4.455212e-02;4.134078e-02;1.172896e-01;1.077512e-01;3.966330e-02
5.337608e-02;3.086447e-02;5.984372e-02;1.387318e-02;8.389296e-02;3.264671e-01;1.335409e-01;3.145843e-02;2.541232e-02;6.464779e-02;1.412540e-01;3.536900e-02
3.977581e-02;2.028596e-02;5.197938e-02;1.354496e-02;4.703994e-02;3.834776e-01;1.403663e-01;6.066423e-02;3.338542e-02;5.371563e-02;1.316376e-01;2.412716e-02
2.313708e-02;5.027286e-02;2.731542e-02;2.003527e-02;8.088806e-02;2.692004e-01;1.444667e-01;1.219375e-01;3.009998e-02;1.205575e-01;8.508281e-02;2.700623e-02
1.539965e-02;6.961247e-02;1.681342e-02;2.140039e-02;1.220992e-01;1.394888e-01;9.075911e-02;1.451354e-01;3.519161e-02;2.384299e-01;5.436794e-02;5.130203e-02
9.715697e-03;6.012788e-02;1.319154e-02;1.981919e-02;1.310813e-01;7.284196e-02;3.527221e-02;9.024505e-02;4.726067e-02;4.097414e-01;2.359091e-02;8.711225e-02
9.715446e-03;4.367664e-02;1.273919e-02;1.848070e-02;1.162925e-01;5.715479e-02;2.631814e-02;2.926548e-02;4.904769e-02;5.109592e-01;1.698747e-02;1.093627e-01
8.682015e-03;7.192314e-02;1.012911e-02;1.620398e-02;1.246905e-01;4.478513e-02;1.814811e-02;4.873046e-02;4.681804e-02;4.701600e-01;1.909093e-02;1.206385e-01
1.106171e-02;1.120330e-01;8.779546e-03;1.513109e-02;1.359012e-01;3.785859e-02;8.841239e-03;6.661052e-02;3.572367e-02;4.143363e-01;3.090322e-02;1.228200e-01
3.624587e-02;1.556172e-01;9.420465e-03;2.365064e-02;1.477327e-01;2.615412e-02;9.568814e-03;8.330812e-02;3.863309e-02;3.260177e-01;3.547952e-02;1.081717e-01
7.204083e-02;1.830300e-01;2.456547e-02;6.519488e-02;1.487297e-01;1.875149e-02;1.302554e-02;1.076190e-01;4.909798e-02;1.987538e-01;3.526244e-02;8.392889e-02
7.814562e-02;1.573142e-01;7.437054e-02;1.076054e-01;1.277267e-01;3.846996e-02;4.052498e-02;9.598085e-02;5.695089e-02;1.088998e-01;4.488079e-02;6.913025e-02
8.289271e-02;1.127212e-01;1.338822e-01;1.266834e-01;9.534687e-02;5.616735e-02;6.069419e-02;5.942689e-02;5.689198e-02;1.047910e-01;6.426027e-02;4.624208e-02
5.500526e-02;1.078868e-01;1.143308e-01;1.073251e-01;9.319761e-02;5.044978e-02;4.336281e-02;5.749171e-02;8.694012e-02;1.863478e-01;5.543125e-02;4.223103e-02
2.778199e-02;1.063192e-01;9.205826e-02;7.625109e-02;1.014863e-01;6.702668e-02;3.563876e-02;4.048843e-02;1.062750e-01;2.550138e-01;4.039773e-02;5.126276e-02
3.513468e-02;5.687162e-02;1.474327e-01;8.004929e-02;1.095552e-01;8.661146e-02;7.376824e-02;3.085574e-02;7.014797e-02;2.279248e-01;4.406028e-02;3.758809e-02
5.046432e-02;3.605137e-02;1.326285e-01;1.046302e-01;1.003242e-01;7.864221e-02;8.757237e-02;4.164646e-02;8.743282e-02;2.018809e-01;5.504064e-02;2.368607e-02
5.188003e-02;6.025279e-02;9.378620e-02;1.249229e-01;9.489706e-02;7.001838e-02;6.531677e-02;4.170920e-02;7.815703e-02;2.112138e-01;6.647778e-02;4.136809e-02
5.408043e-02;9.419543e-02;1.120737e-01;1.030302e-01;8.092003e-02;5.447489e-02;6.599782e-02;4.747945e-02;4.343878e-02;2.306725e-01;6.734180e-02;4.629502e-02
4.514084e-02;1.108339e-01;1.079589e-01;8.079813e-02;6.425685e-02;6.497328e-02;5.799719e-02;6.668265e-02;5.092651e-02;2.327415e-01;6.987953e-02;4.781073e-02
1.805323e-02;9.336103e-02;1.182666e-01;6.472582e-02;6.158267e-02;6.445248e-02;5.133097e-02;7.448629e-02;8.188102e-02;2.473831e-01;8.327710e-02;4.119977e-02
2.683905e-02;1.178815e-01;1.002268e-01;1.064239e-01;4.660255e-02;4.504631e-02;7.184786e-02;6.547040e-02;8.158043e-02;2.347046e-01;7.414979e-02;2.922674e-02
3.222390e-02;1.561098e-01;7.196710e-02;9.074391e-02;5.006642e-02;6.918316e-02;6.702001e-02;7.376064e-02;8.307205e-02;2.044160e-01;6.088216e-02;4.055483e-02
6.610276e-02;1.779122e-01;9.842172e-02;4.776695e-02;4.936361e-02;9.693644e-02;5.112403e-02;6.004170e-02;5.453547e-02;1.892593e-01;3.665840e-02;7.187746e-02
9.068435e-02;1.645447e-01;9.822223e-02;4.863290e-02;5.465039e-02;7.396661e-02;9.708361e-02;3.658816e-02;5.366451e-02;1.851564e-01;2.971352e-02;6.709260e-02
1.120375e-01;1.090468e-01;8.078161e-02;6.784596e-02;1.050403e-01;5.081018e-02;1.418883e-01;4.675763e-02;5.741164e-02;1.771757e-01;2.392389e-02;2.728054e-02
1.247906e-01;1.076965e-01;5.959266e-02;6.534450e-02;1.381293e-01;7.111766e-02;1.228387e-01;5.991093e-02;2.884981e-02;1.562496e-01;4.592540e-02;1.955438e-02
1.109102e-01;1.156708e-01;6.625337e-02;8.913574e-02;1.201881e-01;7.954758e-02;7.816141e-02;7.319868e-02;5.458109e-02;1.258426e-01;5.590517e-02;3.060516e-02
8.081456e-02;1.158480e-01;8.113906e-02;8.322111e-02;9.832549e-02;9.431300e-02;8.026461e-02;6.836632e-02;8.221913e-02;8.495482e-02;5.600076e-02;7.453305e-02
6.064654e-02;1.442987e-01;1.199150e-01;4.038344e-02;7.318176e-02;8.775980e-02;8.223231e-02;7.203296e-02;7.685378e-02;9.056093e-02;7.451616e-02;7.761867e-02
7.826432e-02;1.500320e-01;1.157411e-01;4.946787e-02;5.129530e-02;7.188167e-02;1.055826e-01;7.484084e-02;5.588176e-02;1.034440e-01;8.816907e-02;5.539951e-02
1.086634e-01;1.082211e-01;7.469225e-02;7.279565e-02;7.248246e-02;9.117036e-02;8.808679e-02;7.023229e-02;5.709476e-02;1.074810e-01;6.121001e-02;8.786989e-02
7.254122e-02;1.091224e-01;7.757851e-02;4.811224e-02;9.005582e-02;7.613775e-02;1.025094e-01;8.001425e-02;4.123674e-02;1.359012e-01;4.148537e-02;1.253052e-01
8.789556e-02;1.133600e-01;5.697051e-02;2.530263e-02;6.214995e-02;7.940959e-02;8.726698e-02;8.806282e-02;7.597966e-02;1.090237e-01;7.168908e-02;1.428896e-01
1.677389e-01;8.647779e-02;8.072293e-02;2.449470e-02;5.844085e-02;9.353732e-02;5.299267e-02;7.163677e-02;7.480901e-02;7.766914e-02;1.048981e-01;1.065819e-01
1.655754e-01;8.726624e-02;7.045624e-02;2.942530e-02;4.478835e-02;8.848329e-02;6.381794e-02;7.054207e-02;4.401563e-02;6.745183e-02;1.188718e-01;1.493060e-01
1.073224e-01;6.545822e-02;5.122783e-02;3.008850e-02;4.854629e-02;6.659856e-02;9.321068e-02;7.357971e-02;5.537280e-02;6.682564e-02;9.134503e-02;2.504243e-01
9.466585e-02;5.809679e-02;4.312266e-02;3.702497e-02;4.178925e-02;4.772353e-02;1.075763e-01;6.407293e-02;6.036329e-02;4.153588e-02;1.028686e-01;3.011600e-01
7.896352e-02;7.682616e-02;5.474170e-02;4.391966e-02;2.745880e-02;4.721666e-02;8.724657e-02;7.544825e-02;5.981778e-02;4.432433e-02;1.339321e-01;2.701044e-01
7.786971e-02;6.989869e-02;1.126679e-01;5.099963e-02;5.481483e-02;6.464527e-02;1.320681e-01;1.102368e-01;9.731759e-02;6.056480e-02;8.400712e-02;8.490960e-02
6.703646e-02;4.808545e-02;9.281709e-02;4.124000e-02;5.950304e-02;8.140469e-02;1.445029e-01;9.983175e-02;1.250322e-01;9.805622e-02;9.230098e-02;5.018929e-02
5.707559e-02;3.358559e-02;6.626794e-02;4.452182e-02;4.832597e-02;8.279136e-02;1.271075e-01;1.450371e-01;1.571661e-01;9.218546e-02;1.017549e-01;4.418066e-02
4.492402e-02;3.197174e-02;4.999667e-02;4.390718e-02;4.958838e-02;8.125590e-02;1.018176e-01;1.679795e-01;1.739223e-01;1.293755e-01;9.652957e-02;2.873174e-02
2.760727e-02;4.175544e-02;3.911735e-02;4.164535e-02;4.756693e-02;8.339335e-02;8.214134e-02;1.842256e-01;1.532833e-01;1.816167e-01;9.263320e-02;2.501419e-02
2.420962e-02;4.893212e-02;2.644212e-02;3.995141e-02;6.722990e-02;5.902918e-02;8.038640e-02;1.629860e-01;1.406438e-01;2.479230e-01;7.151750e-02;3.074899e-02
3.484274e-02;3.490869e-02;3.272636e-02;5.072435e-02;7.308199e-02;5.578904e-02;9.171689e-02;1.030041e-01;1.771304e-01;2.597839e-01;5.222769e-02;3.406378e-02
6.622674e-02;2.558819e-02;7.580779e-02;7.292899e-02;4.461419e-02;6.056066e-02;1.384545e-01;6.654244e-02;2.103480e-01;1.674364e-01;4.529106e-02;2.620110e-02
7.224824e-02;4.654211e-02;1.229448e-01;6.934218e-02;4.849790e-02;6.664050e-02;1.496584e-01;7.883422e-02;1.829066e-01;9.652255e-02;3.963461e-02;2.622779e-02
5.617002e-02;5.377141e-02;1.695437e-01;5.358122e-02;7.698154e-02;8.381427e-02;1.792682e-01;7.220975e-02;1.004659e-01;8.679257e-02;4.394804e-02;2.345333e-02
3.237728e-02;5.311670e-02;1.625225e-01;4.646199e-02;1.285245e-01;1.292382e-01;1.522587e-01;6.165157e-02;8.488747e-02;8.519161e-02;4.317049e-02;2.059884e-02
2.122198e-02;7.013529e-02;1.229331e-01;3.713818e-02;1.263825e-01;1.921669e-01;1.216429e-01;6.294411e-02;1.097503e-01;8.402652e-02;2.722734e-02;2.443090e-02
1.687831e-02;7.823779e-02;9.488674e-02;3.605887e-02;1.150652e-01;2.228151e-01;1.406590e-01;8.052503e-02;8.400909e-02;8.667055e-02;1.927607e-02;2.491822e-02
2.459466e-02;8.528359e-02;9.370781e-02;5.891178e-02;1.698660e-01;1.756727e-01;1.006537e-01;8.118545e-02;6.547321e-02;1.000991e-01;2.806727e-02;1.648474e-02
5.264804e-02;6.360920e-02;7.420776e-02;1.137772e-01;1.700879e-01;8.566613e-02;8.122062e-02;6.686045e-02;1.178410e-01;1.148468e-01;4.864253e-02;1.059229e-02
8.123162e-02;2.833545e-02;5.246570e-02;1.423972e-01;8.440125e-02;4.713307e-02;1.529819e-01;7.665989e-02;1.308029e-01;1.226141e-01;6.710753e-02;1.386932e-02
8.586895e-02;1.542080e-02;7.233088e-02;1.150961e-01;4.736044e-02;9.310906e-02;2.109178e-01;6.080585e-02;1.170664e-01;1.134794e-01;5.553570e-02;1.300862e-02
5.827322e-02;2.055025e-02;8.015433e-02;6.986724e-02;8.822843e-02;1.866492e-01;2.039240e-01;3.681361e-02;7.868810e-02;1.157652e-01;4.322647e-02;1.786002e-02
2.983797e-02;3.638842e-02;8.751524e-02;6.042704e-02;1.450658e-01;1.885416e-01;1.182962e-01;7.118932e-02;5.891090e-02;1.264522e-01;5.072332e-02;2.665205e-02
