1.042059e-01;1.256255e-01;7.749547e-02;4.427567e-02;9.532566e-02;7.893991e-02;4.419630e-02;7.738100e-02;4.158271e-02;9.525128e-02;7.858993e-02;1.371307e-01
8.207390e-02;1.023693e-01;7.954252e-02;6.474123e-02;9.350363e-02;5.781834e-02;8.162440e-02;7.822273e-02;8.891876e-02;1.373516e-01;4.818720e-02;8.564638e-02
4.838262e-02;6.296339e-02;1.139357e-01;6.283517e-02;6.813325e-02;9.556524e-02;1.285111e-01;9.350281e-02;8.410522e-02;1.358607e-01;6.338449e-02;4.282033e-02
6.287909e-02;6.026354e-02;8.990736e-02;6.471621e-02;5.284260e-02;7.584035e-02;1.554171e-01;8.163982e-02;6.519587e-02;1.188130e-01;6.579251e-02;1.066926e-01
6.482584e-02;6.272671e-02;5.251552e-02;7.135101e-02;3.882631e-02;5.663055e-02;1.941839e-01;6.645235e-02;4.966427e-02;1.202207e-01;5.446583e-02;1.681371e-01
5.264074e-02;5.710263e-02;2.219819e-02;8.073246e-02;2.234784e-02;4.727726e-02;2.450216e-01;3.216932e-02;3.000326e-02;1.478699e-01;4.363793e-02;2.189989e-01
8.460315e-02;4.174264e-02;2.823717e-02;7.923989e-02;2.047897e-02;6.717336e-02;2.446207e-01;4.505923e-02;1.159965e-02;1.684840e-01;3.610711e-02;1.726541e-01
1.307437e-01;4.041067e-02;4.776652e-02;7.479651e-02;3.254153e-02;9.146670e-02;2.063358e-01;6.301687e-02;1.622972e-02;1.370455e-01;6.755989e-02;9.208660e-02
1.140406e-01;5.776243e-02;6.805138e-02;6.901687e-02;3.852259e-02;9.839293e-02;1.796854e-01;6.148664e-02;1.861096e-02;8.294051e-02;7.668324e-02;1.348064e-01
3.459400e-02;5.338490e-02;6.084654e-02;4.668796e-02;3.377349e-02;9.063727e-02;2.635547e-01;8.774851e-02;2.238954e-02;6.956433e-02;6.558166e-02;1.712371e-01
1.192829e-01;4.366085e-02;3.575644e-02;6.202655e-02;2.530853e-02;7.857250e-02;2.124863e-01;6.672285e-02;1.939978e-02;1.144404e-01;5.736219e-02;1.649808e-01
1.594388e-01;5.680467e-02;2.699913e-02;5.600081e-02;1.845758e-02;7.464036e-02;1.720592e-01;4.713294e-02;1.221172e-02;1.299515e-01;6.421844e-02;1.820849e-01
1.579269e-01;5.899123e-02;3.016374e-02;6.341455e-02;1.347254e-02;8.996819e-02;1.969883e-01;3.047086e-02;1.740829e-02;1.128947e-01;5.800398e-02;1.702966e-01
1.657208e-01;3.731478e-02;5.888500e-02;6.379452e-02;2.879862e-02;8.616576e-02;1.643329e-01;3.271334e-02;4.549123e-02;8.174956e-02;9.607878e-02;1.389548e-01
1.317758e-01;8.339853e-02;1.173132e-01;5.927435e-02;3.818040e-02;6.199045e-02;1.114451e-01;5.138420e-02;3.217073e-02;9.198452e-02;1.145309e-01;1.065519e-01
1.366199e-01;9.521246e-02;1.308597e-01;5.496201e-02;3.258945e-02;6.045205e-02;1.088525e-01;5.470864e-02;3.456902e-02;9.410489e-02;1.121170e-01;8.495241e-02
1.594499e-01;9.612371e-02;1.245243e-01;4.676462e-02;2.836177e-02;5.956616e-02;1.158838e-01;4.829502e-02;4.011808e-02;9.405494e-02;1.108641e-01;7.599352e-02
1.773304e-01;9.815105e-02;8.620198e-02;6.363885e-02;2.385754e-02;4.605017e-02;1.441957e-01;5.929180e-02;2.882641e-02;8.229043e-02;8.217159e-02;1.079940e-01
1.382288e-01;7.709264e-02;4.356436e-02;7.863569e-02;1.611053e-02;4.294912e-02;2.293545e-01;7.901493e-02;2.336413e-02;6.218082e-02;3.860094e-02;1.709036e-01
7.008129e-02;5.284440e-02;3.058764e-02;6.809827e-02;1.795482e-02;6.086096e-02;3.014049e-01;7.421241e-02;3.968553e-02;3.677128e-02;4.413508e-02;2.033634e-01
2.746977e-02;3.006719e-02;4.483574e-02;3.390143e-02;3.273336e-02;1.234177e-01;2.922360e-01;5.360238e-02;7.949685e-02;2.149490e-02;1.138517e-01;1.468930e-01
2.326388e-02;1.252066e-02;6.406441e-02;1.113971e-02;4.395425e-02;2.007564e-01;2.128795e-01;3.699011e-02;1.042861e-01;1.942853e-02;1.934389e-01;7.727747e-02
2.596744e-02;1.632102e-02;6.777823e-02;1.691956e-02;5.765146e-02;2.049964e-01;1.707834e-01;3.056511e-02;1.033348e-01;3.227627e-02;2.096342e-01;6.377211e-02
4.749184e-02;2.065943e-02;6.374263e-02;1.855402e-02;5.450165e-02;1.483119e-01;1.508860e-01;3.879316e-02;9.589221e-02;5.792417e-02;2.403030e-01;6.294004e-02
4.611640e-02;2.654605e-02;5.158628e-02;1.680746e-02;6.174766e-02;8.603471e-02;1.614903e-01;7.090089e-02;9.597664e-02;9.591197e-02;2.300360e-01;5.684571e-02
3.907720e-02;3.848729e-02;4.237299e-02;3.526539e-02;1.029614e-01;5.795940e-02;1.717205e-01;9.840456e-02;7.480556e-02;1.225719e-01;1.320992e-01;8.427460e-02
5.284828e-02;4.127607e-02;5.065852e-02;4.110281e-02;1.009412e-01;7.743011e-02;1.505186e-01;6.714768e-02;7.125086e-02;1.234528e-01;1.316498e-01;9.172327e-02
6.367175e-02;5.614126e-02;5.976844e-02;3.684470e-02;7.997946e-02;8.662546e-02;1.400372e-01;3.927714e-02;8.960137e-02;1.494873e-01;1.117898e-01;8.677605e-02
5.425765e-02;5.796047e-02;5.694111e-02;2.196228e-02;7.655727e-02;1.081284e-01;1.075915e-01;8.797138e-02;1.019316e-01;1.517798e-01;8.974628e-02;8.517242e-02
9.252328e-02;5.146008e-02;4.469880e-02;2.434144e-02;5.317112e-02;1.023301e-01;1.018405e-01;8.606645e-02;1.030598e-01;1.033562e-01;1.388782e-01;9.827415e-02
1.733430e-01;5.240784e-02;3.883121e-02;3.800546e-02;2.689695e-02;6.108075e-02;1.308575e-01;5.252852e-02;1.154505e-01;8.546402e-02;9.813495e-02;1.269993e-01
2.251011e-01;5.716918e-02;2.935986e-02;5.630907e-02;9.731974e-03;3.031517e-02;1.456288e-01;6.271515e-02;6.895442e-02;1.277141e-01;4.438104e-02;1.426201e-01
2.274562e-01;3.608687e-02;2.857713e-02;7.126030e-02;9.708182e-03;1.800192e-02;1.627173e-01;7.744067e-02;2.846648e-02;1.634513e-01;2.682098e-02;1.500126e-01
1.663950e-01;3.527914e-02;4.547833e-02;6.536303e-02;2.491861e-02;4.376381e-02;1.578881e-01;6.744400e-02;4.742844e-02;1.420323e-01;5.726452e-02;1.467448e-01
9.798609e-02;4.908839e-02;7.898979e-02;4.153683e-02;5.086686e-02;8.121704e-02;1.178592e-01;7.411098e-02;7.468574e-02;1.245522e-01;9.085253e-02;1.182544e-01
9.369068e-02;4.458967e-02;8.478436e-02;4.111331e-02;7.200950e-02;7.362745e-02;1.334626e-01;7.341455e-02;7.480056e-02;9.429470e-02;8.953354e-02;1.246791e-01
2.085124e-01;6.019226e-02;4.650381e-02;4.553693e-02;6.309561e-02;5.351152e-02;1.388194e-01;4.470542e-02;5.274583e-02;7.448884e-02;6.219972e-02;1.496883e-01
2.446655e-01;7.309526e-02;4.614514e-02;4.260010e-02;6.560431e-02;5.752376e-02;8.538735e-02;4.147461e-02;4.485598e-02;1.044735e-01;8.377070e-02;1.104039e-01
2.399464e-01;8.036395e-02;6.197171e-02;4.667255e-02;8.645392e-02;4.966085e-02;7.642477e-02;3.739063e-02;2.991295e-02;1.055622e-01;1.047122e-01;8.092790e-02
2.320313e-01;7.728022e-02;5.199687e-02;4.714659e-02;7.219814e-02;4.669419e-02;9.893386e-02;4.473406e-02;4.530204e-02;6.004726e-02;9.851464e-02;1.251208e-01
1.933742e-01;7.907322e-02;3.038533e-02;5.073899e-02;4.088496e-02;5.647783e-02;1.459370e-01;6.045002e-02;5.937827e-02;5.234488e-02;1.134925e-01;1.174628e-01
1.132024e-01;8.984124e-02;5.545123e-02;6.169477e-02;1.752611e-02;7.642843e-02;1.794472e-01;5.421452e-02;6.354483e-02;5.564698e-02;1.286696e-01;1.043327e-01
5.586999e-02;5.819586e-02;7.656752e-02;7.160490e-02;3.249569e-02;7.850656e-02;1.901172e-01;6.542332e-02;5.963700e-02;8.281819e-02;1.329057e-01;9.585819e-02
1.150919e-01;5.172183e-02;7.547627e-02;4.339771e-02;8.329513e-02;6.388140e-02;1.194679e-01;6.438905e-02;7.997643e-02;1.092547e-01;1.034840e-01;9.056366e-02
1.128078e-01;9.823320e-02;8.429950e-02;4.109167e-02;1.168840e-01;7.178896e-02;8.871590e-02;8.171542e-02;7.393534e-02;1.025880e-01;6.655641e-02;6.138395e-02
9.047053e-02;9.856272e-02;6.970784e-02;7.404796e-02;9.758375e-02;5.975900e-02;1.197822e-01;8.648816e-02;5.818822e-02;1.174179e-01;4.785918e-02;8.013248e-02
6.414483e-02;6.765538e-02;8.359674e-02;7.753336e-02;8.324057e-02;7.029791e-02;1.197878e-01;8.336429e-02;7.547614e-02;1.368406e-01;4.216211e-02;9.590027e-02
6.181341e-02;5.862484e-02;1.084420e-01;6.802149e-02;9.785362e-02;8.298554e-02;1.107089e-01;6.585806e-02;8.329395e-02;1.087223e-01;6.463132e-02;8.904458e-02
1.047769e-01;9.635649e-02;1.522880e-01;7.162566e-02;8.803420e-02;7.634258e-02;9.828924e-02;2.791047e-02;1.039121e-01;4.247760e-02;7.406999e-02;6.391674e-02
1.874494e-01;1.174029e-01;1.773936e-01;5.996213e-02;4.294582e-02;4.519775e-02;9.858212e-02;4.946241e-02;7.316127e-02;4.468794e-02;3.360831e-02;7.014633e-02
1.939195e-01;1.017839e-01;1.565372e-01;5.293003e-02;3.622581e-02;4.781044e-02;1.244884e-01;4.176015e-02;4.863256e-02;4.087523e-02;4.665323e-02;1.083835e-01
1.605245e-01;6.974439e-02;1.077417e-01;4.560732e-02;2.938221e-02;6.949533e-02;1.749557e-01;2.691019e-02;3.908808e-02;3.350263e-02;6.920905e-02;1.738389e-01
7.850236e-02;2.376474e-02;5.569291e-02;6.395744e-02;2.492960e-02;1.040687e-01;2.623162e-01;1.463734e-02;3.088097e-02;2.044620e-02;8.351271e-02;2.372909e-01
4.660340e-02;9.344382e-03;6.220429e-02;1.153840e-01;2.767345e-02;1.202866e-01;2.829693e-01;1.973398e-02;2.529001e-02;1.499878e-02;9.752720e-02;1.779846e-01
3.071917e-02;1.118942e-02;9.373122e-02;1.332917e-01;3.721156e-02;1.450290e-01;2.545694e-01;1.096792e-02;3.727009e-02;1.526759e-02;1.185067e-01;1.122463e-01
1.654850e-02;7.268633e-03;1.391106e-01;8.603159e-02;3.844582e-02;1.935167e-01;2.252378e-01;7.987780e-03;4.922163e-02;1.664246e-02;1.509987e-01;6.898987e-02
2.174911e-02;7.510501e-03;1.790679e-01;2.321930e-02;2.672276e-02;2.311328e-01;2.033300e-01;7.775475e-03;6.144633e-02;2.060720e-02;1.734340e-01;4.400461e-02
2.762854e-02;9.929187e-03;1.760504e-01;9.865852e-03;2.108326e-02;2.304394e-01;1.688861e-01;8.583686e-03;9.736423e-02;2.363835e-02;1.800223e-01;4.650872e-02
4.257409e-02;9.733981e-03;1.567986e-01;5.728970e-03;1.681527e-02;1.994709e-01;1.004722e-01;1.013030e-02;1.674231e-01;3.740125e-02;1.961536e-01;5.729776e-02
5.189352e-02;1.207589e-02;1.350488e-01;6.748895e-03;1.726940e-02;1.583326e-01;4.143891e-02;7.427162e-03;2.286200e-01;5.795082e-02;2.243987e-01;5.879536e-02
5.754321e-02;1.063643e-02;1.229975e-01;1.188100e-02;2.557792e-02;1.208414e-01;2.551919e-02;7.201449e-03;2.106806e-01;8.780564e-02;2.427143e-01;7.660132e-02
6.698037e-02;2.089349e-02;1.360466e-01;1.861296e-02;3.806360e-02;8.527464e-02;4.254487e-02;1.421180e-02;1.301805e-01;9.988675e-02;2.163949e-01;1.309095e-01
9.535987e-02;4.844783e-02;1.278838e-01;3.076313e-02;4.942805e-02;7.197016e-02;6.493792e-02;2.528343e-02;6.258947e-02;8.531418e-02;1.690708e-01;1.689514e-01
6.122038e-02;4.507353e-02;1.512357e-01;2.861610e-02;4.031976e-02;8.176077e-02;1.044269e-01;2.718174e-02;7.137570e-02;5.715303e-02;1.733308e-01;1.583055e-01
7.958151e-02;2.815951e-02;1.492169e-01;2.757271e-02;2.637341e-02;1.030566e-01;7.548930e-02;1.412276e-02;1.031908e-01;7.205049e-02;1.718523e-01;1.493337e-01
9.899466e-02;1.323013e-02;1.692183e-01;2.521242e-02;2.378762e-02;1.214098e-01;7.001249e-02;1.377528e-02;1.186119e-01;4.059714e-02;1.415623e-01;1.635879e-01
9.019838e-02;1.908582e-02;1.058931e-01;3.424121e-02;4.798575e-02;1.374737e-01;5.747512e-02;2.588164e-02;1.179687e-01;1.010157e-01;1.343519e-01;1.284289e-01
6.059554e-02;2.695006e-02;4.795970e-02;3.169861e-02;1.026128e-01;1.298396e-01;9.707108e-02;5.558753e-02;1.043074e-01;1.616454e-01;9.212720e-02;8.960509e-02
7.026506e-02;3.342821e-02;4.567391e-02;4.544287e-02;1.205483e-01;1.210441e-01;9.365802e-02;6.002200e-02;1.082939e-01;1.705695e-01;6.448738e-02;6.656675e-02
7.060491e-02;3.463344e-02;6.761560e-02;4.505275e-02;9.894903e-02;1.352526e-01;7.504322e-02;4.355683e-02;1.296383e-01;1.638254e-01;7.678168e-02;5.904616e-02
7.189809e-02;2.547801e-02;9.755971e-02;2.816756e-02;4.519782e-02;1.166540e-01;6.866330e-02;3.705141e-02;1.492098e-01;1.384754e-01;1.309006e-01;9.074432e-02
6.583470e-02;3.284925e-02;7.905453e-02;4.230084e-02;4.400310e-02;1.262434e-01;8.355668e-02;4.283591e-02;1.426154e-01;9.819448e-02;1.283002e-01;1.142115e-01
5.311172e-02;3.416461e-02;4.063626e-02;3.549366e-02;5.264312e-02;1.206170e-01;1.171130e-01;5.284445e-02;1.218778e-01;1.222045e-01;1.371128e-01;1.121811e-01
9.255365e-02;5.430215e-02;6.816944e-02;2.724070e-02;8.379503e-02;5.874027e-02;1.327145e-01;9.917048e-02;9.992376e-02;1.653744e-01;4.708275e-02;7.093292e-02
9.900759e-02;6.412469e-02;6.420080e-02;2.234872e-02;9.004515e-02;6.404034e-02;1.436977e-01;7.687591e-02;1.088327e-01;1.514937e-01;4.564979e-02;6.968290e-02
1.055752e-01;7.169058e-02;7.469776e-02;2.344192e-02;9.019730e-02;6.403583e-02;1.501068e-01;6.011549e-02;1.164096e-01;1.313276e-01;4.918168e-02;6.322025e-02
9.367678e-02;9.801935e-02;1.727718e-01;5.205497e-02;7.308181e-02;6.044663e-02;1.379529e-01;5.084681e-02;8.938082e-02;9.188236e-02;4.106705e-02;3.881876e-02
1.745621e-01;1.434818e-01;2.343911e-01;6.379818e-02;6.924229e-02;4.064711e-02;8.573226e-02;6.337014e-02;3.912051e-02;3.728899e-02;2.493204e-02;2.343336e-02
2.875200e-01;1.786806e-01;1.871988e-01;4.286892e-02;6.613747e-02;2.368632e-02;5.630949e-02;7.708763e-02;2.246163e-02;1.667218e-02;1.930708e-02;2.206976e-02
3.789364e-01;1.914268e-01;1.124637e-01;2.603770e-02;4.124502e-02;2.612458e-02;5.059363e-02;7.611381e-02;1.933733e-02;2.054631e-02;1.107621e-02;4.609849e-02
3.476558e-01;1.547198e-01;5.429825e-02;4.928568e-02;1.780116e-02;3.693415e-02;8.592787e-02;6.149768e-02;1.441549e-02;4.334391e-02;1.387839e-02;1.202418e-01
1.948557e-01;1.122635e-01;2.867333e-02;9.289968e-02;1.156493e-02;2.959338e-02;1.335429e-01;4.941335e-02;1.122309e-02;6.626873e-02;2.976258e-02;2.399389e-01
8.245438e-02;1.466701e-01;3.474672e-02;1.015225e-01;2.298421e-02;2.597184e-02;1.242229e-01;3.120772e-02;1.011623e-02;6.284910e-02;5.330083e-02;3.039534e-01
1.446008e-01;1.254100e-01;3.335027e-02;1.045471e-01;2.369956e-02;1.859471e-02;9.183010e-02;1.849731e-02;2.436793e-02;5.517387e-02;7.159191e-02;2.883365e-01
1.881783e-01;5.134954e-02;7.722270e-02;9.766015e-02;3.667418e-02;3.014409e-02;8.643731e-02;3.487890e-02;5.204500e-02;6.721667e-02;6.850193e-02;2.096912e-01
2.170910e-01;8.085163e-02;9.262770e-02;5.976531e-02;5.992735e-02;3.792249e-02;8.974893e-02;4.133695e-02;5.594300e-02;6.142642e-02;8.226315e-02;1.210960e-01
2.076506e-01;1.189929e-01;9.173044e-02;4.859739e-02;5.454282e-02;3.979023e-02;6.531996e-02;3.565292e-02;3.207754e-02;5.739365e-02;1.036783e-01;1.445731e-01
1.339681e-01;1.224015e-01;8.048376e-02;7.053668e-02;3.584391e-02;4.444188e-02;7.466849e-02;4.856627e-02;2.869712e-02;6.028124e-02;1.320368e-01;1.680742e-01
1.816165e-01;1.551681e-01;5.023065e-02;7.253739e-02;2.270145e-02;2.986871e-02;1.023108e-01;4.876491e-02;1.994268e-02;6.742167e-02;1.284772e-01;1.209599e-01
1.737633e-01;1.861447e-01;6.318926e-02;6.338590e-02;2.055845e-02;1.904718e-02;8.404501e-02;4.026898e-02;3.382691e-02;6.402980e-02;1.285512e-01;1.231893e-01
4.425737e-02;1.108437e-01;8.374927e-02;5.445114e-02;3.581298e-02;4.524085e-02;1.243948e-01;6.015419e-02;1.179036e-01;8.818710e-02;1.415595e-01;9.344541e-02
7.108101e-02;5.576044e-02;7.280012e-02;4.891178e-02;3.912313e-02;5.562980e-02;1.514902e-01;9.631816e-02;1.452325e-01;7.739207e-02;1.064343e-01;7.982647e-02
7.594161e-02;5.582622e-02;9.330561e-02;5.845192e-02;4.884766e-02;5.750631e-02;1.711222e-01;7.808967e-02;1.289436e-01;6.951667e-02;8.491983e-02;7.752872e-02
8.224323e-02;4.294091e-02;1.703410e-01;6.016514e-02;4.587316e-02;6.886516e-02;1.689046e-01;6.488129e-02;7.608762e-02;5.843645e-02;7.798073e-02;8.328077e-02
1.658089e-01;6.206984e-02;2.250374e-01;4.301613e-02;4.533887e-02;5.118946e-02;1.403122e-01;3.550584e-02;4.074742e-02;4.592100e-02;5.819100e-02;8.686198e-02
2.876565e-01;1.177976e-01;1.982005e-01;2.833496e-02;4.902297e-02;2.250723e-02;8.819676e-02;5.872719e-02;2.748811e-02;2.692609e-02;3.410860e-02;6.103346e-02
3.942693e-01;1.288217e-01;1.169800e-01;1.586387e-02;3.755595e-02;2.222885e-02;3.913273e-02;1.055312e-01;1.484245e-02;1.770973e-02;3.444547e-02;7.261877e-02
3.615832e-01;8.506922e-02;6.718066e-02;3.905898e-02;1.798872e-02;2.569669e-02;7.470310e-02;1.103613e-01;2.337732e-02;3.182553e-02;5.010862e-02;1.130467e-01
2.537190e-01;5.566422e-02;4.933163e-02;8.713971e-02;2.142878e-02;2.514773e-02;1.298349e-01;9.289700e-02;2.307501e-02;4.620747e-02;7.820883e-02;1.373457e-01
1.102518e-01;7.453456e-02;1.370443e-01;8.966170e-02;3.904150e-02;2.600720e-02;1.151298e-01;8.402469e-02;1.985996e-02;7.184193e-02;1.135275e-01;1.190750e-01
7.884210e-02;6.565209e-02;1.063718e-01;5.244626e-02;4.071726e-02;5.779205e-02;8.066696e-02;8.662559e-02;3.275196e-02;1.129013e-01;1.912414e-01;9.399112e-02
1.176076e-01;2.682404e-02;1.056332e-01;2.974380e-02;3.559317e-02;9.235962e-02;8.007205e-02;4.666210e-02;4.694402e-02;1.380018e-01;2.156867e-01;6.487199e-02
1.327797e-01;4.201294e-02;5.963256e-02;4.135968e-02;4.335826e-02;8.029100e-02;7.455108e-02;4.005415e-02;5.283888e-02;1.655415e-01;2.111540e-01;5.642616e-02
1.349393e-01;5.425848e-02;5.235347e-02;4.427137e-02;5.104452e-02;3.424011e-02;9.400013e-02;4.672774e-02;6.689071e-02;1.734426e-01;1.776055e-01;7.022610e-02
1.274435e-01;6.364229e-02;9.737688e-02;4.226858e-02;6.141485e-02;4.302051e-02;1.511862e-01;4.469901e-02;8.306200e-02;1.195783e-01;1.102967e-01;5.601113e-02
1.644561e-01;7.632674e-02;1.031115e-01;3.330524e-02;7.515232e-02;6.549241e-02;1.919791e-01;4.854498e-02;7.276171e-02;8.076055e-02;4.371388e-02;4.439547e-02
1.777404e-01;9.894863e-02;8.247837e-02;4.341998e-02;7.230468e-02;5.285088e-02;1.400005e-01;7.864093e-02;5.068055e-02;7.554659e-02;6.402995e-02;6.335848e-02
1.676355e-01;6.799363e-02;1.512731e-01;3.986166e-02;4.756196e-02;5.436683e-02;8.865470e-02;1.095871e-01;3.452236e-02;6.163673e-02;9.353738e-02;8.336898e-02
2.347536e-01;6.797123e-02;9.289763e-02;4.022265e-02;2.615167e-02;6.958413e-02;1.231986e-01;7.566599e-02;3.183976e-02;3.960786e-02;9.520148e-02;1.029054e-01
2.461635e-01;6.886854e-02;6.762829e-02;3.070683e-02;4.341610e-02;6.366108e-02;1.610106e-01;5.530914e-02;4.996455e-02;5.957093e-02;7.437006e-02;7.933046e-02
8.587622e-02;7.261360e-02;8.497835e-02;6.930185e-02;7.608347e-02;6.113081e-02;1.690721e-01;9.203676e-02;1.265230e-01;7.496959e-02;5.815693e-02;2.925727e-02
6.598550e-02;6.104261e-02;1.794131e-01;7.708287e-02;1.017052e-01;7.557987e-02;1.319007e-01;7.144525e-02;9.807857e-02;6.089772e-02;4.665439e-02;3.021423e-02
1.485391e-01;1.097071e-01;2.144945e-01;7.092097e-02;1.180515e-01;5.284529e-02;8.994921e-02;3.745088e-02;4.930780e-02;3.640173e-02;3.283171e-02;3.950019e-02
2.696351e-01;1.574613e-01;1.661331e-01;4.359289e-02;1.408625e-01;2.770663e-02;5.659022e-02;3.265036e-02;1.605879e-02;1.894797e-02;2.761684e-02;4.274426e-02
3.452061e-01;1.572988e-01;7.756203e-02;2.968499e-02;1.463648e-01;2.049521e-02;4.728971e-02;4.227344e-02;2.243634e-02;2.744211e-02;3.218566e-02;5.176077e-02
3.245423e-01;1.197387e-01;4.249055e-02;4.660536e-02;1.171437e-01;2.622313e-02;1.095636e-01;3.520066e-02;3.200000e-02;3.407133e-02;3.440277e-02;7.801799e-02
2.334916e-01;7.114433e-02;4.024175e-02;7.847726e-02;6.627350e-02;5.703069e-02;2.053823e-01;3.151223e-02;2.938543e-02;2.531979e-02;4.361563e-02;1.181254e-01
7.793447e-02;2.728156e-02;7.901911e-02;5.871745e-02;3.958465e-02;1.547295e-01;2.497827e-01;3.522881e-02;4.230364e-02;1.676788e-02;9.502971e-02;1.236205e-01
7.745261e-02;3.917590e-02;1.067032e-01;1.283959e-02;4.480837e-02;2.686163e-01;1.606678e-01;2.231686e-02;4.803667e-02;2.683022e-02;1.294429e-01;6.310946e-02
7.758892e-02;2.945972e-02;1.187274e-01;7.802460e-03;3.018165e-02;3.476795e-01;1.005993e-01;5.674696e-03;4.561229e-02;3.458647e-02;1.590196e-01;4.306797e-02
9.332066e-02;5.730400e-03;1.415568e-01;1.189107e-02;1.694873e-02;3.410819e-01;4.940884e-02;6.790583e-03;4.359264e-02;4.499933e-02;1.883100e-01;5.636917e-02
8.882972e-02;2.449106e-02;1.945843e-01;2.384651e-02;1.452246e-02;2.416376e-01;4.484033e-02;1.137309e-02;4.920826e-02;4.696608e-02;1.946806e-01;6.501998e-02
4.910448e-02;3.294254e-02;2.670636e-01;3.011793e-02;3.631603e-02;1.533396e-01;8.008934e-02;1.131169e-02;4.671877e-02;4.606635e-02;1.938719e-01;5.305782e-02
5.621148e-02;5.009724e-02;2.487593e-01;2.716510e-02;3.644101e-02;1.101160e-01;1.419912e-01;1.139075e-02;2.293493e-02;4.012015e-02;1.576048e-01;9.716796e-02
1.109617e-01;5.926305e-02;1.418343e-01;5.770313e-02;2.440749e-02;7.209390e-02;1.738463e-01;2.888883e-02;1.194294e-02;3.861405e-02;1.122159e-01;1.682285e-01
1.425319e-01;3.640833e-02;6.869474e-02;4.981696e-02;1.145589e-02;6.615366e-02;1.513687e-01;6.229601e-02;1.441417e-02;5.305150e-02;1.323179e-01;2.114902e-01
1.896581e-01;2.885321e-02;1.113260e-01;2.369271e-02;3.158199e-02;7.043146e-02;8.130887e-02;8.561521e-02;2.757438e-02;6.160054e-02;1.383611e-01;1.499965e-01
2.331044e-01;3.699242e-02;1.644428e-01;2.221633e-02;6.021993e-02;5.986014e-02;7.536532e-02;8.809944e-02;3.875012e-02;4.794353e-02;1.030402e-01;6.996524e-02
2.343607e-01;4.022057e-02;1.438976e-01;2.878148e-02;5.543034e-02;5.320488e-02;1.433093e-01;6.776911e-02;3.056972e-02;3.511470e-02;8.059663e-02;8.674494e-02
1.809303e-01;3.627045e-02;1.258209e-01;4.148518e-02;3.802991e-02;4.276551e-02;1.846801e-01;8.620624e-02;1.496327e-02;5.151237e-02;8.399705e-02;1.133387e-01
8.469529e-02;4.623532e-02;1.145190e-01;3.975714e-02;2.986259e-02;4.370587e-02;2.264201e-01;1.100269e-01;1.699809e-02;4.916655e-02;1.166219e-01;1.219912e-01
4.481462e-02;5.080319e-02;1.604634e-01;2.093944e-02;4.306967e-02;5.714112e-02;1.928008e-01;1.088676e-01;2.648083e-02;5.964302e-02;1.366092e-01;9.836706e-02
1.049765e-01;5.499104e-02;1.700424e-01;3.174667e-02;5.106814e-02;5.030068e-02;8.336770e-02;9.726841e-02;4.051553e-02;6.903463e-02;1.449921e-01;1.016962e-01
1.246397e-01;4.752450e-02;1.361707e-01;3.176235e-02;6.579167e-02;4.982047e-02;7.561206e-02;8.824904e-02;6.297527e-02;8.205083e-02;1.341238e-01;1.012796e-01
6.497714e-02;4.222962e-02;1.067520e-01;5.411511e-02;7.386258e-02;7.071044e-02;8.561967e-02;9.671456e-02;9.503408e-02;8.406367e-02;1.211077e-01;1.048134e-01
5.583118e-02;6.115024e-02;7.998676e-02;7.003985e-02;5.101444e-02;5.338458e-02;8.454228e-02;9.172720e-02;1.137834e-01;5.120607e-02;1.612030e-01;1.261310e-01
6.532335e-02;4.809608e-02;7.879356e-02;5.718597e-02;3.859226e-02;6.117136e-02;6.363572e-02;5.765352e-02;9.355557e-02;4.785872e-02;2.097501e-01;1.783839e-01
9.730237e-02;4.791782e-02;5.043138e-02;3.984915e-02;5.708092e-02;8.237508e-02;7.938323e-02;5.682742e-02;5.485020e-02;6.994479e-02;1.766659e-01;1.873717e-01
1.367999e-01;7.458488e-02;5.351208e-02;3.747124e-02;5.778037e-02;8.837911e-02;1.030620e-01;4.966271e-02;5.374229e-02;6.898174e-02;1.255700e-01;1.504536e-01
9.845041e-02;7.461011e-02;9.288353e-02;3.433677e-02;5.444789e-02;9.146133e-02;9.087098e-02;5.819861e-02;9.128357e-02;6.577089e-02;1.373388e-01;1.103472e-01
