8.917724e-02;8.903012e-02;8.915299e-02;6.984907e-02;8.742202e-02;4.689992e-02;1.483258e-01;5.223579e-02;7.734854e-02;1.142887e-01;7.763675e-02;5.863301e-02
8.090213e-02;6.805700e-02;1.279556e-01;6.046795e-02;8.422380e-02;7.222191e-02;1.516134e-01;3.389242e-02;7.643399e-02;7.734802e-02;1.074200e-01;5.946385e-02
5.226887e-02;4.968155e-02;1.582737e-01;5.930834e-02;9.593604e-02;7.368165e-02;1.466674e-01;3.322846e-02;6.135978e-02;7.496550e-02;1.180085e-01;7.662025e-02
4.080518e-02;5.912122e-02;1.152164e-01;6.903473e-02;1.117627e-01;7.923509e-02;1.247254e-01;3.801937e-02;5.330198e-02;9.565984e-02;1.030014e-01;1.101166e-01
6.196614e-02;6.745573e-02;9.740157e-02;6.343649e-02;9.569959e-02;9.472858e-02;8.399609e-02;8.079512e-02;5.047717e-02;1.012741e-01;8.445667e-02;1.183128e-01
8.528967e-02;6.031531e-02;1.251938e-01;6.893119e-02;5.332759e-02;1.007458e-01;8.505496e-02;1.119461e-01;4.574768e-02;1.063884e-01;7.540661e-02;8.165296e-02
8.834886e-02;3.652646e-02;1.044420e-01;7.450718e-02;7.353619e-02;1.050233e-01;9.341865e-02;9.222473e-02;6.238450e-02;1.360168e-01;7.906504e-02;5.450628e-02
8.538499e-02;5.495124e-02;1.008572e-01;5.953292e-02;8.777834e-02;6.389774e-02;1.039861e-01;5.151933e-02;1.166960e-01;9.357707e-02;1.359263e-01;4.589284e-02
6.646974e-02;5.659734e-02;9.148117e-02;4.177140e-02;5.365025e-02;3.149070e-02;1.037826e-01;7.535194e-02;1.558047e-01;1.899668e-01;9.476531e-02;3.886803e-02
6.606238e-02;4.635980e-02;1.209722e-01;3.184937e-02;4.975418e-02;3.324575e-02;7.537001e-02;7.238230e-02;1.759873e-01;2.558111e-01;3.906079e-02;3.314479e-02
5.193352e-02;4.204591e-02;1.905664e-01;3.645471e-02;7.487247e-02;2.789383e-02;6.875644e-02;4.528530e-02;1.492951e-01;1.953405e-01;8.288969e-02;3.466612e-02
2.645738e-02;5.055527e-02;2.381151e-01;4.680828e-02;1.190196e-01;4.543660e-02;6.374348e-02;3.316198e-02;1.099372e-01;1.519025e-01;8.718435e-02;2.767825e-02
5.549083e-02;2.374298e-02;2.011150e-01;4.581429e-02;1.140176e-01;8.932332e-02;3.142217e-01;3.367766e-02;3.337887e-02;4.261884e-02;2.900216e-02;1.759669e-02
5.783421e-02;4.057125e-02;2.423104e-01;5.922185e-02;1.106973e-01;8.444001e-02;2.683338e-01;3.660167e-02;2.770899e-02;2.589254e-02;2.792457e-02;1.846347e-02
5.090371e-02;4.726261e-02;3.598237e-01;7.076585e-02;9.803121e-02;6.751238e-02;1.881834e-01;2.945865e-02;2.162788e-02;1.975658e-02;3.245638e-02;1.421761e-02
2.600587e-02;4.269570e-02;5.434481e-01;7.671407e-02;6.797424e-02;4.033712e-02;8.930216e-02;2.062761e-02;1.426470e-02;2.695938e-02;4.492471e-02;6.746352e-03
2.085483e-02;3.418368e-02;6.462306e-01;7.704469e-02;3.355129e-02;1.883036e-02;4.018813e-02;1.396173e-02;1.546229e-02;4.336612e-02;4.775140e-02;8.574856e-03
1.757446e-02;3.357192e-02;7.058597e-01;6.584129e-02;1.830440e-02;1.240844e-02;4.197675e-02;1.046044e-02;1.005650e-02;5.056869e-02;2.492953e-02;8.447848e-03
1.231541e-02;3.335498e-02;7.753252e-01;4.614940e-02;2.949777e-02;1.125338e-02;2.491045e-02;6.984608e-03;9.072155e-03;3.777053e-02;7.315121e-03;6.050954e-03
6.634017e-03;3.735485e-02;8.157610e-01;3.821215e-02;1.928896e-02;8.288747e-03;1.801516e-02;1.103867e-02;1.073801e-02;2.489009e-02;4.222764e-03;5.555582e-03
6.469411e-03;4.031891e-02;8.088346e-01;3.607870e-02;1.458680e-02;1.214173e-02;1.779259e-02;1.309088e-02;1.765786e-02;1.807260e-02;7.179515e-03;7.776402e-03
9.493042e-03;5.072598e-02;7.901659e-01;3.511871e-02;1.469830e-02;1.520396e-02;1.476177e-02;1.550375e-02;2.314543e-02;1.681980e-02;5.828040e-03;8.535340e-03
2.699920e-02;5.708799e-02;7.080273e-01;4.569829e-02;1.618168e-02;2.865783e-02;3.994610e-02;1.779028e-02;1.637637e-02;1.961744e-02;1.008664e-02;1.353089e-02
4.910978e-02;7.406742e-02;5.335287e-01;6.191071e-02;4.423777e-02;3.793981e-02;6.819604e-02;2.655393e-02;2.632142e-02;2.870711e-02;2.542774e-02;2.399947e-02
5.289543e-02;6.965160e-02;5.266522e-01;6.682958e-02;5.394958e-02;3.796389e-02;6.003188e-02;2.684418e-02;2.957298e-02;3.000799e-02;2.210903e-02;2.349166e-02
3.301397e-02;4.423726e-02;5.990047e-01;4.664167e-02;2.898861e-02;2.409448e-02;4.930522e-02;1.751766e-02;3.048903e-02;9.282918e-02;1.824036e-02;1.563785e-02
2.373197e-02;6.357089e-02;5.715994e-01;2.242684e-02;1.495241e-02;1.086788e-02;2.916786e-02;3.690854e-03;5.837390e-02;1.605558e-01;3.417045e-02;6.891840e-03
8.912257e-03;5.760275e-02;5.643857e-01;2.765992e-02;9.309222e-03;5.768267e-03;3.495807e-02;1.010143e-02;6.444284e-02;1.802654e-01;2.663021e-02;9.963876e-03
3.877815e-02;2.343256e-02;4.583109e-01;3.623037e-02;3.247471e-02;2.791430e-02;9.481077e-02;2.896237e-02;6.244521e-02;1.259700e-01;4.363594e-02;2.703473e-02
8.866049e-02;7.490623e-02;2.597533e-01;3.561138e-02;5.229047e-02;5.038011e-02;1.541413e-01;4.367905e-02;5.303875e-02;6.023271e-02;6.833047e-02;5.897572e-02
1.236353e-01;1.023242e-01;1.187052e-01;4.712730e-02;5.350001e-02;4.929293e-02;1.811495e-01;5.388251e-02;5.238947e-02;5.828820e-02;8.307276e-02;7.663272e-02
1.221615e-01;9.600159e-02;1.674251e-01;5.507712e-02;5.779570e-02;4.284889e-02;1.878249e-01;5.195590e-02;2.870780e-02;5.505735e-02;6.984425e-02;6.529993e-02
5.882172e-02;1.053965e-01;3.971515e-01;4.222907e-02;4.899311e-02;4.323083e-02;1.451654e-01;2.885952e-02;3.219999e-02;3.234510e-02;3.218702e-02;3.342032e-02
5.030756e-02;1.537961e-01;6.075949e-01;2.864148e-02;1.146753e-02;3.840757e-02;3.135920e-02;9.011960e-03;4.077420e-02;1.066258e-02;8.036943e-03;9.939902e-03
7.410415e-02;1.643780e-01;5.966061e-01;2.680051e-02;9.602180e-03;3.554922e-02;1.246969e-02;7.266673e-03;3.802687e-02;7.571794e-03;1.387504e-02;1.374990e-02
5.250316e-02;1.415755e-01;4.551931e-01;2.682254e-02;2.253422e-02;4.925644e-02;6.393850e-02;4.070732e-02;5.771602e-02;3.924152e-02;2.188934e-02;2.862237e-02
6.855107e-02;1.320704e-01;3.251131e-01;3.372900e-02;2.764467e-02;5.784163e-02;7.798061e-02;4.912933e-02;1.012836e-01;4.991679e-02;2.776202e-02;4.897781e-02
9.876855e-02;1.696835e-01;2.718382e-01;3.669225e-02;1.959678e-02;5.738077e-02;5.311130e-02;3.911937e-02;1.418598e-01;3.594731e-02;2.078983e-02;5.521230e-02
8.450709e-02;2.356772e-01;2.515018e-01;4.353977e-02;5.911548e-03;6.703286e-02;2.142017e-02;1.615710e-02;1.871787e-01;2.571880e-02;1.170117e-02;4.965381e-02
7.355008e-02;2.970260e-01;2.104574e-01;5.986715e-02;3.410655e-03;7.695887e-02;5.849270e-03;4.501012e-03;2.198469e-01;1.524591e-02;4.529685e-03;2.875698e-02
9.359831e-02;3.146410e-01;1.800752e-01;7.703446e-02;5.286322e-03;6.836718e-02;5.022951e-03;7.539045e-03;2.220625e-01;1.116089e-02;3.301191e-03;1.191099e-02
1.237804e-01;3.086734e-01;1.772246e-01;8.267038e-02;5.404378e-03;5.195273e-02;7.403636e-03;8.633983e-03;2.115492e-01;9.016617e-03;4.332704e-03;9.357952e-03
1.664621e-01;2.819643e-01;1.966089e-01;6.465194e-02;7.320269e-03;4.119905e-02;1.085261e-02;1.267969e-02;1.810167e-01;1.311281e-02;1.168547e-02;1.244608e-02
2.051407e-01;2.306635e-01;2.070970e-01;4.334131e-02;2.057706e-02;3.618041e-02;2.500187e-02;2.514811e-02;1.363531e-01;2.433200e-02;2.794405e-02;1.822091e-02
2.548567e-01;1.574676e-01;1.801810e-01;2.554389e-02;3.785553e-02;3.646753e-02;4.808920e-02;4.567984e-02;9.441350e-02;3.770947e-02;4.888813e-02;3.284762e-02
2.504290e-01;6.302696e-02;3.038105e-01;3.765536e-02;3.433910e-02;2.702151e-02;4.766266e-02;6.433737e-02;4.999344e-02;2.799731e-02;5.451235e-02;3.921441e-02
2.255493e-01;7.984864e-02;3.204142e-01;3.201708e-02;1.664388e-02;2.202927e-02;3.266719e-02;6.416563e-02;5.571559e-02;3.518818e-02;5.685279e-02;5.890818e-02
1.688676e-01;5.377037e-02;2.689171e-01;3.438861e-02;2.055069e-02;3.259675e-02;6.611677e-02;4.355076e-02;8.215065e-02;7.007451e-02;7.688104e-02;8.213511e-02
8.481920e-02;7.362658e-02;1.969381e-01;2.765770e-02;3.898785e-02;6.252742e-02;9.220901e-02;3.373320e-02;1.132723e-01;1.152491e-01;8.242478e-02;7.855484e-02
7.186412e-02;7.389487e-02;1.894743e-01;4.296596e-02;5.268104e-02;6.207199e-02;6.792735e-02;3.692621e-02;9.800179e-02;1.635056e-01;6.927780e-02;7.140902e-02
1.133452e-01;5.889137e-02;1.535709e-01;6.493158e-02;6.488413e-02;5.009605e-02;7.423699e-02;3.887216e-02;5.991500e-02;1.941142e-01;6.106210e-02;6.608041e-02
1.452889e-01;5.199108e-02;8.496136e-02;8.873167e-02;6.823771e-02;6.315437e-02;8.793843e-02;6.755356e-02;7.526630e-02;1.769233e-01;4.884545e-02;4.110786e-02
1.311289e-01;6.137582e-02;9.893818e-02;7.886025e-02;5.519772e-02;6.742695e-02;5.557172e-02;7.336177e-02;1.345167e-01;1.245924e-01;5.801994e-02;6.100966e-02
1.002445e-01;5.035209e-02;1.130833e-01;6.809258e-02;7.854422e-02;6.982201e-02;5.228170e-02;7.246409e-02;1.607565e-01;1.118302e-01;5.060390e-02;7.192489e-02
7.486545e-02;5.638604e-02;1.233838e-01;5.780017e-02;9.800628e-02;9.328231e-02;8.367843e-02;6.474118e-02;1.356576e-01;1.274401e-01;2.794844e-02;5.681019e-02
7.415888e-02;5.311726e-02;1.808590e-01;6.092978e-02;9.430992e-02;9.500400e-02;7.786208e-02;4.876883e-02;1.080025e-01;1.245745e-01;2.865586e-02;5.375730e-02
8.441857e-02;4.146584e-02;2.631602e-01;7.968646e-02;7.378317e-02;5.551189e-02;9.981722e-02;4.400766e-02;1.024543e-01;6.820890e-02;5.516760e-02;3.231814e-02
6.888055e-02;4.025330e-02;2.495402e-01;5.750214e-02;6.261399e-02;3.818448e-02;1.514145e-01;4.321133e-02;1.008882e-01;8.475836e-02;7.685584e-02;2.589708e-02
1.036266e-01;9.774262e-02;1.754555e-01;5.579815e-02;8.865395e-02;7.737970e-02;1.561505e-01;4.372874e-02;5.728461e-02;5.286946e-02;5.439590e-02;3.691431e-02
9.548321e-02;7.083845e-02;2.439092e-01;7.275137e-02;7.977466e-02;6.058900e-02;1.416082e-01;4.516680e-02;6.203564e-02;4.381505e-02;4.775741e-02;3.627101e-02
1.244888e-01;1.083285e-01;3.277775e-01;6.247094e-02;5.148419e-02;3.674530e-02;8.419652e-02;3.932637e-02;4.772982e-02;4.045855e-02;3.991132e-02;3.708214e-02
1.110660e-01;1.314614e-01;4.599834e-01;5.946953e-02;3.237639e-02;1.726371e-02;3.343147e-02;2.561312e-02;2.918178e-02;4.300705e-02;2.883146e-02;2.831478e-02
4.385160e-02;1.400097e-01;6.070547e-01;5.334757e-02;2.384957e-02;9.071724e-03;9.099774e-03;1.533374e-02;2.239092e-02;4.649290e-02;1.315441e-02;1.634343e-02
8.927162e-02;1.580573e-01;5.079473e-01;3.730688e-02;2.814582e-02;1.743071e-02;4.295664e-02;1.981043e-02;2.919348e-02;3.832063e-02;1.276852e-02;1.879059e-02
1.107935e-01;1.440603e-01;3.464412e-01;4.175004e-02;5.148873e-02;3.325221e-02;1.164713e-01;3.373007e-02;3.061000e-02;3.760129e-02;2.502406e-02;2.877726e-02
9.943319e-02;1.025605e-01;2.440796e-01;4.903961e-02;7.024851e-02;4.818168e-02;1.939691e-01;4.139552e-02;4.226001e-02;4.879927e-02;3.269964e-02;2.733345e-02
5.460752e-02;6.528609e-02;1.843099e-01;4.808388e-02;9.271753e-02;7.019167e-02;2.299623e-01;5.071694e-02;7.444307e-02;5.365950e-02;4.706780e-02;2.895387e-02
9.086893e-02;6.877893e-02;3.505441e-01;6.444322e-02;6.859716e-02;4.380469e-02;7.434189e-02;3.033697e-02;6.315535e-02;7.041246e-02;5.091152e-02;2.380472e-02
6.352908e-02;1.192902e-01;4.257542e-01;6.162467e-02;5.940476e-02;3.372778e-02;4.583010e-02;4.043993e-02;4.348284e-02;4.369304e-02;2.458409e-02;3.863924e-02
7.019846e-02;1.045301e-01;3.660085e-01;6.995233e-02;6.021649e-02;4.966567e-02;5.801896e-02;4.528639e-02;5.266650e-02;5.469581e-02;2.734078e-02;4.142006e-02
7.438801e-02;8.818236e-02;2.854460e-01;9.790760e-02;4.546428e-02;3.612860e-02;6.428969e-02;5.909241e-02;8.089520e-02;8.707038e-02;4.338280e-02;3.775262e-02
8.327992e-02;5.319903e-02;3.355882e-01;1.002108e-01;5.228665e-02;3.174848e-02;5.746172e-02;6.025734e-02;8.562154e-02;8.632681e-02;2.576481e-02;2.825459e-02
9.010684e-02;4.438084e-02;1.558866e-01;6.122038e-02;6.491975e-02;4.488109e-02;1.347755e-01;6.067937e-02;8.684111e-02;1.110226e-01;8.778951e-02;5.749639e-02
7.627646e-02;5.283558e-02;1.947343e-01;4.529321e-02;6.340480e-02;6.313021e-02;1.968860e-01;6.537057e-02;6.685676e-02;5.797280e-02;6.563871e-02;5.160061e-02
7.197542e-02;5.384685e-02;2.118084e-01;4.547096e-02;6.554387e-02;5.821632e-02;1.841876e-01;6.490362e-02;7.162973e-02;5.754983e-02;6.541681e-02;4.945055e-02
6.507177e-02;5.131312e-02;2.438963e-01;4.459734e-02;7.049531e-02;5.428961e-02;1.662534e-01;5.679026e-02;7.416216e-02;4.798241e-02;7.169256e-02;5.345578e-02
5.131022e-02;3.533429e-02;2.811576e-01;6.972902e-02;7.216403e-02;4.059618e-02;1.116990e-01;3.503390e-02;6.486601e-02;4.571496e-02;1.232811e-01;6.911374e-02
3.694851e-02;2.645917e-02;3.364427e-01;1.220642e-01;4.485387e-02;1.269666e-02;4.129137e-02;1.850674e-02;3.193932e-02;7.298554e-02;1.802177e-01;7.559428e-02
2.223396e-02;2.190683e-02;5.027453e-01;1.179888e-01;1.946466e-02;4.390045e-03;2.024904e-02;5.427654e-03;1.703828e-02;1.233159e-01;1.063666e-01;3.887299e-02
8.930618e-03;4.425080e-02;6.276978e-01;7.522660e-02;1.221710e-02;3.523211e-03;1.387880e-02;3.836696e-03;2.405130e-02;1.495160e-01;2.719154e-02;9.679490e-03
9.945411e-03;8.015004e-02;6.525427e-01;5.257532e-02;7.472442e-03;4.206290e-03;8.394632e-03;2.214761e-03;4.518924e-02;1.252648e-01;6.528929e-03;5.515429e-03
1.979084e-02;1.305759e-01;5.890918e-01;4.724533e-02;1.002935e-02;1.207360e-02;1.018314e-02;5.818303e-03;7.931388e-02;8.814719e-02;2.941584e-03;4.789002e-03
3.111027e-02;1.837266e-01;4.909171e-01;3.083126e-02;1.084235e-02;2.302295e-02;3.302527e-02;9.572993e-03;1.156561e-01;6.015020e-02;3.942142e-03;7.202681e-03
3.120090e-02;1.916568e-01;4.612028e-01;1.568852e-02;1.074888e-02;2.283382e-02;4.890754e-02;2.310316e-02;1.157129e-01;6.707489e-02;4.909630e-03;6.960245e-03
2.613883e-02;1.577256e-01;5.396098e-01;1.577186e-02;1.323427e-02;9.987773e-03;2.947426e-02;1.935885e-02;7.735879e-02;9.723855e-02;8.761404e-03;5.340015e-03
2.139696e-02;1.187622e-01;6.230823e-01;3.050096e-02;1.448530e-02;6.397028e-03;1.356827e-02;7.229627e-03;4.370548e-02;1.015086e-01;1.410914e-02;5.254128e-03
2.950917e-02;8.803221e-02;6.596192e-01;5.700545e-02;2.077275e-02;9.468929e-03;1.545369e-02;6.415430e-03;2.770171e-02;6.047330e-02;2.123462e-02;4.313586e-03
2.048748e-02;6.175346e-02;6.830429e-01;8.979535e-02;3.064597e-02;1.618301e-02;1.076319e-02;8.382876e-03;1.972467e-02;2.265759e-02;3.275560e-02;3.807885e-03
1.021874e-02;2.868108e-02;6.580412e-01;1.172001e-01;4.247577e-02;2.754897e-02;1.391666e-02;1.276301e-02;1.725549e-02;1.956109e-02;4.877278e-02;3.565159e-03
9.416709e-03;1.367693e-02;6.108056e-01;1.257233e-01;6.325999e-02;4.699295e-02;1.705565e-02;1.916252e-02;1.471804e-02;1.852093e-02;5.447832e-02;6.189112e-03
1.168162e-02;1.390645e-02;5.947309e-01;1.008449e-01;6.804115e-02;4.424872e-02;4.287085e-02;2.354746e-02;3.578809e-02;2.079139e-02;3.773759e-02;5.810772e-03
3.752774e-02;2.270791e-02;4.767947e-01;7.062083e-02;7.086972e-02;3.908876e-02;1.062820e-01;3.607795e-02;5.934814e-02;4.939708e-02;1.704353e-02;1.424166e-02
5.296744e-02;3.429042e-02;3.380637e-01;5.218172e-02;7.059163e-02;5.246918e-02;1.594040e-01;4.700723e-02;6.153864e-02;6.897872e-02;3.903711e-02;2.347028e-02
6.054001e-02;3.472287e-02;2.993131e-01;4.761974e-02;6.143209e-02;7.223815e-02;1.532181e-01;5.427579e-02;5.017079e-02;8.846956e-02;5.141087e-02;2.658893e-02
5.514441e-02;3.061888e-02;2.686421e-01;3.432470e-02;8.623932e-02;8.106367e-02;1.050570e-01;6.849160e-02;6.985401e-02;9.809072e-02;6.340118e-02;3.907243e-02
6.121424e-02;5.124055e-02;1.305823e-01;4.757128e-02;2.015422e-01;9.005424e-02;1.098266e-01;6.995656e-02;7.038102e-02;7.325408e-02;6.114562e-02;3.323133e-02
6.957870e-02;5.988753e-02;7.277564e-02;7.544114e-02;1.831363e-01;1.351532e-01;1.016691e-01;5.057460e-02;8.042263e-02;9.149568e-02;4.830179e-02;3.156381e-02
6.079041e-02;5.926714e-02;9.277983e-02;1.314218e-01;8.820946e-02;1.407413e-01;1.165452e-01;8.374690e-02;6.046892e-02;7.595479e-02;4.731337e-02;4.276086e-02
6.330968e-02;3.921526e-02;8.981774e-02;1.607047e-01;1.108280e-01;1.030665e-01;1.222228e-01;7.488887e-02;7.541939e-02;7.140938e-02;4.912612e-02;3.999151e-02
7.717806e-02;1.455476e-02;9.990516e-02;1.511868e-01;1.577787e-01;6.720664e-02;1.179736e-01;6.028238e-02;8.851079e-02;7.163236e-02;5.304484e-02;4.074584e-02
9.223080e-02;3.062687e-02;1.036570e-01;1.226781e-01;1.298156e-01;8.341841e-02;8.534642e-02;5.231324e-02;1.165321e-01;9.828568e-02;5.859132e-02;2.650448e-02
6.759901e-02;4.768914e-02;1.337551e-01;1.169372e-01;7.818175e-02;7.840738e-02;1.008548e-01;5.382083e-02;1.325602e-01;1.042592e-01;5.940311e-02;2.653229e-02
5.156488e-02;5.639761e-02;1.479814e-01;7.931141e-02;7.005536e-02;8.102106e-02;1.459068e-01;5.081616e-02;1.001172e-01;1.197998e-01;5.838846e-02;3.863990e-02
4.740588e-02;5.639792e-02;1.803085e-01;5.168958e-02;5.442219e-02;6.226736e-02;1.285310e-01;9.008876e-02;1.039870e-01;1.212687e-01;6.279200e-02;4.084100e-02
6.285341e-02;4.672902e-02;1.753112e-01;6.234246e-02;8.340833e-02;4.311657e-02;8.481958e-02;1.336121e-01;9.659736e-02;8.885090e-02;6.249581e-02;5.986331e-02
6.827120e-02;5.062764e-02;1.248524e-01;7.348637e-02;1.437467e-01;6.265017e-02;1.013277e-01;1.145702e-01;9.399961e-02;6.129489e-02;5.915788e-02;4.601521e-02
6.693567e-02;6.241465e-02;1.620614e-01;7.518013e-02;1.127511e-01;5.091393e-02;1.168260e-01;6.994627e-02;9.744719e-02;7.591718e-02;5.072843e-02;5.887804e-02
5.577920e-02;4.789394e-02;2.161778e-01;9.245490e-02;6.852010e-02;6.698106e-02;8.551238e-02;5.134653e-02;9.791172e-02;9.072136e-02;6.057959e-02;6.612145e-02
7.331344e-02;4.854712e-02;2.060407e-01;1.025002e-01;8.238045e-02;8.148923e-02;9.461615e-02;6.039089e-02;7.303244e-02;6.838935e-02;6.583597e-02;4.346400e-02
7.831762e-02;4.333100e-02;2.304152e-01;1.175408e-01;1.011055e-01;6.983797e-02;9.757024e-02;6.227640e-02;4.845032e-02;5.284378e-02;6.338104e-02;3.493012e-02
6.292711e-02;3.755804e-02;2.228993e-01;9.151119e-02;8.643083e-02;8.666623e-02;1.173118e-01;9.944250e-02;5.975534e-02;4.721284e-02;6.040706e-02;2.787769e-02
4.594632e-02;3.087358e-02;1.815677e-01;6.368554e-02;5.383813e-02;1.060904e-01;1.472870e-01;1.269752e-01;8.762635e-02;6.649869e-02;7.536031e-02;1.425083e-02
5.902378e-02;3.709941e-02;1.286477e-01;5.718112e-02;6.065721e-02;1.101517e-01;1.639734e-01;9.692851e-02;1.105760e-01;6.716464e-02;1.006170e-01;7.979536e-03
8.094119e-02;5.251758e-02;1.347687e-01;1.063625e-01;8.335157e-02;8.919521e-02;1.148537e-01;7.918543e-02;8.992856e-02;4.603939e-02;9.944475e-02;2.341146e-02
1.389012e-01;8.176155e-02;1.481181e-01;1.079332e-01;8.795735e-02;8.029287e-02;7.523461e-02;6.629352e-02;3.631241e-02;6.236303e-02;7.532275e-02;3.950939e-02
1.547860e-01;8.585788e-02;1.407388e-01;5.968213e-02;7.987192e-02;8.435421e-02;8.657265e-02;6.467704e-02;5.127133e-02;1.008979e-01;6.121302e-02;3.007714e-02
1.325752e-01;5.904080e-02;1.062672e-01;7.200690e-02;8.652029e-02;7.086816e-02;1.034782e-01;6.652177e-02;5.098935e-02;1.245225e-01;5.788045e-02;6.932907e-02
1.226483e-01;6.653314e-02;1.472648e-01;4.812212e-02;8.198587e-02;5.802688e-02;9.212398e-02;8.596680e-02;1.011977e-01;1.019051e-01;2.817084e-02;6.605452e-02
6.947964e-02;7.235145e-02;1.769427e-01;3.194870e-02;5.051005e-02;8.174079e-02;8.011561e-02;1.126577e-01;1.550200e-01;6.864941e-02;4.396040e-02;5.662353e-02
5.686210e-02;4.521446e-02;1.609046e-01;2.784678e-02;5.346177e-02;6.214820e-02;1.928215e-01;1.015789e-01;1.428095e-01;7.525788e-02;3.397831e-02;4.711596e-02
7.145853e-02;5.034602e-02;1.743498e-01;5.156359e-02;9.365968e-02;8.601181e-02;2.606489e-01;5.566289e-02;4.845777e-02;4.970090e-02;3.293565e-02;2.520441e-02
7.643071e-02;5.257481e-02;2.194856e-01;7.842323e-02;1.013703e-01;6.865919e-02;1.944368e-01;5.357821e-02;3.949398e-02;3.168524e-02;4.311924e-02;4.074265e-02
7.462206e-02;4.995382e-02;2.634720e-01;1.044942e-01;9.739478e-02;6.097514e-02;1.359414e-01;5.147000e-02;4.296568e-02;2.519326e-02;5.528798e-02;3.822973e-02
5.679149e-02;4.027547e-02;3.325097e-01;1.164820e-01;6.638589e-02;4.950860e-02;1.162195e-01;5.218213e-02;3.720257e-02;4.597363e-02;6.095121e-02;2.551778e-02
4.230739e-02;2.940565e-02;4.310002e-01;9.171882e-02;5.935800e-02;4.357889e-02;1.140917e-01;3.978158e-02;3.448643e-02;5.592788e-02;4.028950e-02;1.805401e-02
3.220431e-02;1.551215e-02;5.767193e-01;8.828307e-02;5.514609e-02;2.817692e-02;6.778559e-02;2.123132e-02;3.842523e-02;4.941008e-02;1.817826e-02;8.927685e-03
2.461468e-02;1.427963e-02;6.959479e-01;6.784640e-02;5.127681e-02;9.692842e-03;3.548250e-02;5.063061e-03;2.307590e-02;5.517431e-02;1.321469e-02;4.331255e-03
1.812295e-02;1.884826e-02;7.038333e-01;4.704347e-02;6.996773e-02;6.517502e-03;2.779705e-02;4.178399e-03;1.297546e-02;7.999419e-02;7.546256e-03;3.175375e-03
3.059593e-02;2.111575e-02;6.741199e-01;4.127335e-02;7.818643e-02;9.169376e-03;2.551559e-02;6.680439e-03;9.306626e-03;8.635449e-02;1.019189e-02;7.490142e-03
4.617066e-02;3.638063e-02;5.981810e-01;5.796111e-02;8.391323e-02;1.852483e-02;2.563636e-02;7.736940e-03;1.580469e-02;7.860664e-02;1.690696e-02;1.417688e-02
5.198307e-02;4.521032e-02;5.710021e-01;7.194220e-02;7.452123e-02;1.929190e-02;2.941760e-02;5.762141e-03;2.985447e-02;6.718260e-02;2.276117e-02;1.107125e-02
3.760455e-02;2.305445e-02;6.049982e-01;8.139192e-02;5.257229e-02;1.346815e-02;3.234867e-02;9.353403e-03;5.607435e-02;5.527007e-02;2.712429e-02;6.739604e-03
2.852749e-02;6.019977e-02;5.636102e-01;7.596501e-02;4.785541e-02;1.728761e-02;2.877772e-02;1.348434e-02;7.257805e-02;6.069171e-02;2.567182e-02;5.350860e-03
5.543899e-02;8.552241e-02;4.978557e-01;5.766205e-02;4.816607e-02;2.897985e-02;3.393619e-02;1.440558e-02;7.090441e-02;7.297460e-02;2.060115e-02;1.355300e-02
8.381375e-02;8.685642e-02;4.051679e-01;3.666709e-02;4.597437e-02;3.131154e-02;3.437499e-02;2.502720e-02;1.279221e-01;8.409738e-02;1.597976e-02;2.280745e-02
7.481256e-02;5.337269e-02;2.388165e-01;5.065353e-02;4.683532e-02;3.227431e-02;5.906431e-02;5.698612e-02;2.099581e-01;1.212678e-01;3.622279e-02;1.973606e-02
5.279665e-02;5.405547e-02;1.731070e-01;5.903540e-02;3.916890e-02;6.416509e-02;7.413220e-02;6.307697e-02;1.974444e-01;1.206290e-01;6.223723e-02;4.015170e-02
5.427474e-02;1.223288e-01;1.339966e-01;7.734966e-02;6.006765e-02;5.962208e-02;6.369387e-02;5.927404e-02;1.186051e-01;1.223612e-01;5.283307e-02;7.559317e-02
5.412817e-02;1.518334e-01;1.145025e-01;8.277208e-02;5.798903e-02;4.817725e-02;8.359876e-02;4.905209e-02;1.468535e-01;1.030828e-01;4.830029e-02;5.971016e-02
4.486273e-02;1.362139e-01;1.306244e-01;8.402549e-02;6.146275e-02;5.649213e-02;8.953922e-02;4.323692e-02;1.424132e-01;9.742384e-02;7.063923e-02;4.306622e-02
6.463022e-02;8.509679e-02;1.266191e-01;8.372978e-02;6.434392e-02;6.479777e-02;1.308596e-01;4.730818e-02;1.166178e-01;9.994259e-02;6.524335e-02;5.081083e-02
8.952145e-02;4.116390e-02;1.385516e-01;7.503521e-02;6.467011e-02;7.024866e-02;1.707820e-01;6.564632e-02;5.377276e-02;7.534130e-02;8.428412e-02;7.098258e-02
7.193478e-02;4.609305e-02;1.648799e-01;8.515981e-02;6.713422e-02;5.782772e-02;1.329121e-01;5.209736e-02;3.081669e-02;7.374891e-02;1.445673e-01;7.282817e-02
5.109233e-02;3.696081e-02;2.123777e-01;1.172969e-01;5.338835e-02;3.904099e-02;7.615865e-02;2.676884e-02;3.562167e-02;8.228292e-02;2.190288e-01;4.998197e-02
3.555774e-02;1.759493e-02;2.508355e-01;1.595569e-01;3.217452e-02;2.169142e-02;2.804369e-02;2.362877e-02;3.831495e-02;7.914394e-02;2.938685e-01;1.958917e-02
2.693105e-02;2.639384e-02;2.384167e-01;1.361222e-01;2.712344e-02;1.385386e-02;2.218699e-02;2.447735e-02;4.638663e-02;1.808772e-01;2.486694e-01;8.561432e-03
5.919988e-02;4.469563e-02;2.457203e-01;8.872505e-02;2.111460e-02;1.236285e-02;2.876115e-02;1.791383e-02;6.783964e-02;2.354714e-01;1.622971e-01;1.589864e-02
8.581662e-02;6.163031e-02;2.660204e-01;6.322391e-02;2.246015e-02;1.710653e-02;5.300621e-02;1.482228e-02;6.131135e-02;2.049894e-01;1.224785e-01;2.713430e-02
8.682065e-02;7.070038e-02;3.026915e-01;5.306818e-02;2.803460e-02;2.128250e-02;7.452788e-02;1.605772e-02;5.417832e-02;1.424539e-01;1.088270e-01;4.135748e-02
4.736020e-02;4.823181e-02;5.413438e-01;4.476704e-02;3.732554e-02;2.406765e-02;5.028846e-02;1.847967e-02;4.516355e-02;5.276465e-02;5.303491e-02;3.717273e-02
2.020080e-02;5.266003e-02;7.681292e-01;4.091250e-02;1.331070e-02;1.221872e-02;7.671074e-03;1.788002e-02;1.772601e-02;3.067561e-02;1.170242e-02;6.912892e-03
1.288707e-02;6.446372e-02;7.624010e-01;3.844601e-02;1.393060e-02;1.355941e-02;1.182851e-02;1.730659e-02;2.691914e-02;1.743673e-02;9.917665e-03;1.090352e-02
1.307984e-02;7.000045e-02;7.504038e-01;3.491177e-02;1.348084e-02;1.279479e-02;7.410824e-03;1.721708e-02;3.509997e-02;2.053046e-02;1.345794e-02;1.161227e-02
2.743081e-02;6.707842e-02;6.946681e-01;4.058293e-02;1.853349e-02;2.465480e-02;3.564408e-02;1.935020e-02;2.908042e-02;1.842388e-02;1.304342e-02;1.150942e-02
3.961227e-02;6.276701e-02;5.976370e-01;5.129145e-02;3.869759e-02;3.405540e-02;7.172174e-02;2.588050e-02;9.158229e-03;3.468258e-02;1.628908e-02;1.820711e-02
4.097074e-02;7.414289e-02;5.752494e-01;4.916891e-02;3.643645e-02;3.036154e-02;5.134507e-02;4.098808e-02;2.812915e-02;3.797988e-02;1.695345e-02;1.827443e-02
1.866313e-02;8.533370e-02;6.537035e-01;3.672818e-02;1.686252e-02;2.156733e-02;1.161983e-02;5.998422e-02;4.736174e-02;2.789263e-02;9.869692e-03;1.041353e-02
1.746193e-02;8.955122e-02;6.861176e-01;2.423795e-02;6.528313e-03;2.346661e-02;8.505718e-03;5.263921e-02;5.499790e-02;2.509216e-02;4.326197e-03;7.075184e-03
1.758196e-02;8.639455e-02;7.021033e-01;2.452754e-02;7.019116e-03;2.551470e-02;1.779011e-02;2.173484e-02;6.422253e-02;2.054239e-02;4.697361e-03;7.871665e-03
1.141827e-02;8.046748e-02;7.258483e-01;2.609269e-02;6.326896e-03;2.362998e-02;1.090206e-02;2.237355e-02;5.994006e-02;2.019125e-02;5.083976e-03;7.725497e-03
1.185360e-02;6.297634e-02;7.254965e-01;2.979669e-02;1.295527e-02;1.656602e-02;1.797821e-02;4.390584e-02;4.095523e-02;2.444471e-02;5.406251e-03;7.665397e-03
7.575112e-03;4.397826e-02;7.404314e-01;3.260371e-02;1.662239e-02;1.090975e-02;1.852799e-02;6.149315e-02;2.263159e-02;3.252666e-02;7.573737e-03;5.126242e-03
5.008933e-03;2.595268e-02;7.195623e-01;4.481044e-02;3.617936e-02;1.469777e-02;2.129104e-02;4.561682e-02;1.642295e-02;5.144579e-02;1.280248e-02;6.209503e-03
9.011277e-03;2.415033e-02;6.762181e-01;5.570141e-02;5.027035e-02;1.428465e-02;2.598400e-02;1.717642e-02;1.287981e-02;7.566559e-02;2.570354e-02;1.295447e-02
1.122255e-02;1.857565e-02;5.862496e-01;9.028534e-02;5.120853e-02;2.283328e-02;3.659610e-02;1.175945e-02;1.969015e-02;8.002066e-02;4.959118e-02;2.196745e-02
9.616819e-03;1.768920e-02;5.374066e-01;1.077836e-01;4.230597e-02;2.775795e-02;5.485357e-02;1.082094e-02;2.049748e-02;9.776977e-02;5.815729e-02;1.534086e-02
6.703414e-03;1.640148e-02;5.646406e-01;9.557778e-02;3.425361e-02;1.908030e-02;6.407319e-02;6.616815e-03;1.392251e-02;1.349709e-01;3.857742e-02;5.182013e-03
5.874902e-03;1.553352e-02;6.024981e-01;7.682880e-02;2.118543e-02;9.049322e-03;5.494656e-02;2.369519e-03;1.054781e-02;1.773602e-01;2.236208e-02;1.443799e-03
3.897008e-03;1.756393e-02;6.291085e-01;5.690560e-02;1.369149e-02;4.854836e-03;4.572426e-02;2.902608e-03;8.013402e-03;1.992009e-01;1.532109e-02;2.816380e-03
6.419543e-03;2.522342e-02;6.384500e-01;4.595773e-02;1.232046e-02;4.022896e-03;3.674818e-02;2.819726e-03;8.081917e-03;1.979851e-01;1.894119e-02;3.029831e-03
1.240902e-02;4.948197e-02;6.461793e-01;3.164653e-02;1.272675e-02;4.914784e-03;2.606967e-02;3.071672e-03;7.751741e-03;1.905747e-01;1.218966e-02;2.984193e-03
1.182678e-02;6.577145e-02;6.479672e-01;3.003341e-02;1.394675e-02;4.798341e-03;1.564707e-02;4.041526e-03;1.107811e-02;1.753484e-01;1.296133e-02;6.579590e-03
1.700744e-02;5.578783e-02;6.465589e-01;5.510574e-02;1.739492e-02;4.796077e-03;1.224622e-02;2.726144e-03;8.080004e-03;1.490193e-01;2.546536e-02;5.812006e-03
1.035772e-02;2.432790e-02;6.762593e-01;8.173627e-02;1.844056e-02;3.929941e-03;7.766249e-03;1.997147e-03;6.610462e-03;1.314800e-01;3.429339e-02;2.801093e-03
1.023106e-02;1.588750e-02;7.003216e-01;8.111596e-02;1.207701e-02;3.214364e-03;5.283542e-03;2.738379e-03;8.623475e-03;1.248289e-01;3.266526e-02;3.012914e-03
1.055876e-02;2.419367e-02;7.073525e-01;7.182886e-02;1.195242e-02;4.492745e-03;5.588413e-03;3.020133e-03;4.574583e-03;1.279633e-01;1.834897e-02;1.012556e-02
4.399767e-03;2.727690e-02;7.252086e-01;6.313867e-02;1.118781e-02;4.189380e-03;3.206615e-03;2.132733e-03;4.748277e-03;1.321165e-01;1.234144e-02;1.005335e-02
8.906684e-03;3.214034e-02;7.204717e-01;5.933497e-02;1.174351e-02;4.672295e-03;8.305483e-03;3.698855e-03;4.310405e-03;1.305404e-01;1.164391e-02;4.231396e-03
9.845564e-03;3.022041e-02;7.113702e-01;6.212028e-02;1.309902e-02;4.224413e-03;7.535082e-03;2.848615e-03;3.510743e-03;1.272648e-01;2.130064e-02;6.660260e-03
4.353537e-03;2.676476e-02;7.115043e-01;6.421804e-02;1.599499e-02;4.528620e-03;4.056010e-03;2.280368e-03;4.405253e-03;1.293763e-01;2.524125e-02;7.276581e-03
8.030430e-03;3.330592e-02;6.968480e-01;5.980632e-02;1.463678e-02;3.966109e-03;5.891075e-03;2.894735e-03;1.263427e-02;1.385059e-01;1.838074e-02;5.099781e-03
9.817387e-03;4.512092e-02;6.907666e-01;5.294240e-02;1.669192e-02;4.508272e-03;6.122860e-03;2.773958e-03;1.203064e-02;1.429249e-01;1.293469e-02;3.365461e-03
6.434258e-03;4.874231e-02;6.809645e-01;4.695556e-02;1.667237e-02;4.485846e-03;1.549446e-02;7.449982e-03;5.541393e-03;1.382875e-01;2.200203e-02;6.969745e-03
1.383749e-02;5.753137e-02;6.622806e-01;4.715485e-02;2.331260e-02;8.395484e-03;1.786917e-02;8.485571e-03;2.124676e-02;1.009866e-01;1.670873e-02;2.219081e-02
1.689385e-02;6.359446e-02;6.189829e-01;4.492608e-02;2.780181e-02;1.428017e-02;2.274142e-02;1.567733e-02;4.905384e-02;4.692586e-02;4.431148e-02;3.481084e-02
3.832670e-02;7.545047e-02;4.966606e-01;6.962712e-02;3.920081e-02;2.263357e-02;3.610019e-02;2.387882e-02;5.786099e-02;4.440272e-02;6.359407e-02;3.226385e-02
8.556285e-02;1.109898e-01;3.512667e-01;8.099926e-02;4.310516e-02;2.316256e-02;4.872379e-02;3.999396e-02;5.314541e-02;5.234299e-02;8.582010e-02;2.488740e-02
8.736013e-02;1.231641e-01;1.369886e-01;9.375712e-02;6.141670e-02;4.699352e-02;1.286355e-01;5.690368e-02;4.242231e-02;6.396688e-02;1.164180e-01;4.197349e-02
8.109601e-02;1.114595e-01;1.572694e-01;1.059189e-01;7.124745e-02;6.582774e-02;1.026525e-01;5.185532e-02;3.602390e-02;7.993507e-02;8.339887e-02;5.331533e-02
6.988137e-02;6.236415e-02;1.772339e-01;7.890790e-02;8.908413e-02;7.909451e-02;7.875704e-02;4.815223e-02;8.508080e-02;9.081914e-02;7.971458e-02;6.091025e-02
5.460437e-02;4.643748e-02;1.419365e-01;6.624188e-02;6.742579e-02;7.793412e-02;1.322056e-01;8.807416e-02;1.021161e-01;9.616380e-02;4.637183e-02;8.048837e-02
7.534994e-02;4.737109e-02;1.082925e-01;6.700788e-02;5.178769e-02;5.856492e-02;1.495856e-01;1.106083e-01;1.015673e-01;9.540885e-02;6.108091e-02;7.337507e-02
7.339656e-02;6.854636e-02;5.957596e-02;5.136035e-02;8.516385e-02;6.560066e-02;2.832860e-01;7.316738e-02;8.389297e-02;8.730826e-02;4.817092e-02;2.053071e-02
5.599492e-02;6.123472e-02;1.324499e-01;5.702006e-02;1.044407e-01;5.163725e-02;2.707464e-01;4.426181e-02;8.115868e-02;7.207522e-02;4.713582e-02;2.184452e-02
5.951787e-02;5.370460e-02;1.843837e-01;5.228089e-02;1.221209e-01;5.607267e-02;2.300944e-01;5.548996e-02;4.757517e-02;7.522464e-02;3.990681e-02;2.362839e-02
4.903173e-02;1.754223e-02;1.644556e-01;3.617137e-02;9.696373e-02;7.543711e-02;4.030124e-01;3.687313e-02;2.766535e-02;4.257413e-02;2.838117e-02;2.189209e-02
4.080604e-02;2.948917e-02;1.675919e-01;4.843568e-02;1.089215e-01;7.680944e-02;3.559160e-01;3.154970e-02;2.846195e-02;5.241944e-02;3.232866e-02;2.727061e-02
3.003959e-02;3.283308e-02;2.155367e-01;7.096086e-02;1.178834e-01;6.981654e-02;2.789431e-01;2.882968e-02;3.233588e-02;5.597727e-02;3.562757e-02;3.121636e-02
1.813355e-02;3.525040e-02;2.946692e-01;9.463178e-02;1.117149e-01;5.592969e-02;1.928866e-01;2.591095e-02;3.583916e-02;6.135405e-02;4.005091e-02;3.362895e-02
3.208824e-02;3.874267e-02;4.155822e-01;9.853766e-02;7.327493e-02;4.148392e-02;1.159727e-01;2.547269e-02;3.129820e-02;5.972174e-02;3.613251e-02;3.169255e-02
1.954051e-02;3.051081e-02;5.220189e-01;6.997577e-02;8.331731e-02;4.206588e-02;1.019348e-01;1.754429e-02;2.679376e-02;4.631864e-02;3.055844e-02;9.420911e-03
3.746556e-02;4.603145e-02;3.381104e-01;9.079022e-02;7.931144e-02;5.380984e-02;1.059482e-01;5.627588e-02;3.673505e-02;7.356018e-02;3.281101e-02;4.915082e-02
8.302850e-02;7.534657e-02;1.625200e-01;7.585631e-02;8.203960e-02;1.105291e-01;8.913775e-02;6.425688e-02;6.377155e-02;7.800630e-02;2.441148e-02;9.109595e-02
1.119800e-01;8.409163e-02;1.357789e-01;7.180581e-02;8.613418e-02;1.101855e-01;8.224107e-02;6.312955e-02;6.901180e-02;6.170944e-02;3.247281e-02;9.145933e-02
1.064129e-01;4.759853e-02;1.341473e-01;7.743878e-02;1.066157e-01;8.816673e-02;1.836082e-01;5.549503e-02;6.228199e-02;3.343636e-02;3.513383e-02;6.966473e-02
8.980199e-02;5.014063e-02;1.783623e-01;8.789449e-02;1.196931e-01;7.468373e-02;2.051761e-01;3.328116e-02;3.626295e-02;2.409315e-02;4.382480e-02;5.678563e-02
6.831450e-02;5.719345e-02;2.408649e-01;1.105975e-01;1.246530e-01;6.820486e-02;1.504975e-01;1.897389e-02;2.391714e-02;2.533791e-02;5.339483e-02;5.805039e-02
3.644807e-02;5.359621e-02;3.086698e-01;1.023219e-01;1.213000e-01;6.622903e-02;1.089896e-01;2.507625e-02;4.065133e-02;3.855455e-02;4.930061e-02;4.886269e-02
3.378885e-02;5.365651e-02;3.627432e-01;1.047523e-01;9.247772e-02;5.896538e-02;9.450046e-02;1.942033e-02;4.288920e-02;5.754934e-02;5.730766e-02;2.194909e-02
1.471258e-02;3.625227e-02;4.099526e-01;1.935656e-01;8.597217e-02;3.046014e-02;5.559365e-02;2.009778e-02;1.983084e-02;3.599443e-02;8.707529e-02;1.049267e-02
9.005683e-03;2.154393e-02;4.505822e-01;2.401030e-01;7.873189e-02;2.308826e-02;2.332644e-02;3.082907e-02;1.107267e-02;6.127856e-03;1.017684e-01;3.820614e-03
8.440849e-03;3.440259e-02;4.847164e-01;2.037838e-01;6.529816e-02;2.317473e-02;2.588488e-02;2.484545e-02;9.888358e-03;2.412622e-02;8.549779e-02;9.940756e-03
2.947845e-02;5.258286e-02;4.803286e-01;1.417460e-01;6.443199e-02;2.691138e-02;5.780518e-02;1.903858e-02;1.598107e-02;3.445680e-02;6.379751e-02;1.344148e-02
2.793314e-02;7.121015e-02;4.661391e-01;9.548085e-02;6.985990e-02;3.469952e-02;8.203247e-02;1.988452e-02;1.416394e-02;4.410772e-02;5.618611e-02;1.830254e-02
2.308417e-02;7.163404e-02;4.428019e-01;4.720322e-02;6.621724e-02;5.540248e-02;9.567741e-02;3.156792e-02;3.839422e-02;4.286974e-02;4.306114e-02;4.208649e-02
6.698205e-02;3.004801e-02;3.672842e-01;1.198946e-01;5.925560e-02;5.176721e-02;8.567519e-02;3.485175e-02;4.126304e-02;5.158440e-02;5.991759e-02;3.147634e-02
5.766516e-02;3.140743e-02;1.826420e-01;6.894724e-02;7.955179e-02;5.688058e-02;2.457699e-01;6.537530e-02;9.562441e-02;5.073849e-02;3.066800e-02;3.472967e-02
4.336617e-02;3.837069e-02;2.030168e-01;5.702520e-02;7.871859e-02;5.838376e-02;2.197392e-01;7.521588e-02;1.049984e-01;6.323926e-02;3.766629e-02;2.025974e-02
6.293630e-02;5.269407e-02;1.772408e-01;5.174086e-02;7.978663e-02;6.502006e-02;1.790061e-01;6.981186e-02;1.005004e-01;7.314685e-02;4.976310e-02;3.835303e-02
8.552451e-02;5.128959e-02;1.469382e-01;5.867884e-02;8.789143e-02;7.163674e-02;1.568204e-01;5.104135e-02;7.477552e-02;7.763368e-02;6.432529e-02;7.344447e-02
8.646786e-02;4.274624e-02;1.516005e-01;7.246498e-02;8.448388e-02;6.804650e-02;1.496632e-01;4.282311e-02;6.329165e-02;7.887165e-02;7.265887e-02;8.688156e-02
6.714162e-02;4.174710e-02;2.878880e-01;8.531202e-02;4.222373e-02;4.797640e-02;1.182750e-01;4.595320e-02;6.628837e-02;7.178838e-02;6.160677e-02;6.379942e-02
4.047400e-02;2.527105e-02;5.069645e-01;1.110245e-01;3.579960e-02;2.577481e-02;7.530075e-02;2.421268e-02;4.100890e-02;5.558592e-02;3.295760e-02;2.562566e-02
2.057507e-02;6.143782e-02;6.501243e-01;8.698109e-02;2.775703e-02;9.305215e-03;3.726939e-02;3.945666e-03;2.121771e-02;5.748747e-02;1.532461e-02;8.574716e-03
4.143864e-02;1.149333e-01;6.164684e-01;4.319651e-02;2.455683e-02;8.465929e-03;2.202803e-02;1.084855e-02;3.356638e-02;5.419919e-02;1.701790e-02;1.328036e-02
1.007725e-01;1.711172e-01;4.834299e-01;3.826843e-02;2.858767e-02;1.428665e-02;3.179365e-02;1.825754e-02;4.251586e-02;3.376326e-02;1.973731e-02;1.747001e-02
1.979956e-01;1.482348e-01;3.035457e-01;3.993438e-02;3.747106e-02;2.370659e-02;4.245105e-02;3.893446e-02;5.970348e-02;3.708553e-02;3.650443e-02;3.443296e-02
2.122310e-01;9.421058e-02;1.725384e-01;4.209487e-02;4.827206e-02;3.429298e-02;1.074396e-01;5.718942e-02;6.381821e-02;5.073211e-02;6.202432e-02;5.515639e-02
1.659777e-01;9.837107e-02;1.469431e-01;3.964217e-02;5.251231e-02;4.517692e-02;1.354123e-01;5.821898e-02;5.900607e-02;6.120235e-02;7.757817e-02;5.995886e-02
1.167092e-01;8.517835e-02;2.175061e-01;4.925472e-02;6.214576e-02;4.251493e-02;1.035209e-01;5.114915e-02;7.409168e-02;6.316318e-02;8.682326e-02;4.794292e-02
1.447496e-01;9.440845e-02;1.930963e-01;7.426140e-02;1.009872e-01;4.458122e-02;6.020598e-02;6.164616e-02;8.690587e-02;5.275998e-02;5.528119e-02;3.111660e-02
8.576535e-02;1.226473e-01;1.561860e-01;5.950161e-02;1.034385e-01;7.912779e-02;7.961609e-02;5.835656e-02;8.033634e-02;5.794384e-02;4.508353e-02;7.199717e-02
8.910076e-02;1.082732e-01;1.422335e-01;7.159898e-02;8.300386e-02;7.743648e-02;8.667692e-02;6.300667e-02;9.037610e-02;6.686608e-02;3.195968e-02;8.946775e-02
8.031996e-02;7.448782e-02;1.462411e-01;8.350719e-02;8.289944e-02;5.918888e-02;1.326801e-01;6.655729e-02;7.348051e-02;8.005345e-02;3.365618e-02;8.692814e-02
9.501395e-02;8.609910e-02;1.390910e-01;4.405969e-02;9.157038e-02;6.680833e-02;1.248914e-01;7.567311e-02;9.324422e-02;8.906455e-02;4.588904e-02;4.859519e-02
7.986058e-02;6.909858e-02;1.233428e-01;7.711592e-02;8.326142e-02;1.051772e-01;8.137900e-02;9.063043e-02;9.388231e-02;9.075018e-02;6.290672e-02;4.259485e-02
4.474253e-02;5.295704e-02;1.726352e-01;6.135101e-02;7.943430e-02;9.160699e-02;6.980680e-02;1.057422e-01;8.263283e-02;8.286116e-02;6.826917e-02;8.796073e-02
6.290410e-02;8.244003e-02;1.545344e-01;5.844875e-02;6.505176e-02;7.280388e-02;6.836436e-02;8.910497e-02;9.406320e-02;9.371259e-02;6.920131e-02;8.937063e-02
6.599567e-02;9.925745e-02;1.231955e-01;7.246205e-02;6.651597e-02;9.062953e-02;8.626594e-02;8.498137e-02;1.028167e-01;1.059241e-01;5.364661e-02;4.830907e-02
4.869520e-02;9.210609e-02;1.001458e-01;1.030574e-01;7.260069e-02;6.543072e-02;9.014374e-02;9.127647e-02;1.004129e-01;9.789705e-02;5.474355e-02;8.349036e-02
5.672058e-02;7.308587e-02;1.273936e-01;1.203062e-01;6.157946e-02;6.374741e-02;1.012976e-01;8.301323e-02;1.063277e-01;8.428485e-02;4.223322e-02;8.001029e-02
4.658044e-02;5.556646e-02;2.147884e-01;9.374540e-02;8.358625e-02;6.246212e-02;1.715964e-01;4.779964e-02;8.128465e-02;6.681747e-02;3.526110e-02;4.051166e-02
8.979033e-02;1.033866e-01;2.821365e-01;5.951115e-02;6.309498e-02;7.299467e-02;1.215733e-01;3.282041e-02;7.983631e-02;5.078521e-02;2.062751e-02;2.344301e-02
9.610673e-02;1.621949e-01;3.252796e-01;4.069672e-02;3.974760e-02;7.961766e-02;6.533717e-02;1.802743e-02;9.395310e-02;4.426934e-02;1.778710e-02;1.698265e-02
5.793000e-02;2.416005e-01;3.351019e-01;2.676307e-02;2.126397e-02;9.353043e-02;2.163996e-02;6.708201e-03;1.398675e-01;3.398531e-02;1.287240e-02;8.736800e-03
8.785765e-02;2.992591e-01;2.441123e-01;1.850117e-02;1.347194e-02;8.586803e-02;7.069294e-03;1.726097e-02;1.922949e-01;2.467173e-02;4.241846e-03;5.391202e-03
2.104919e-01;2.946593e-01;1.384405e-01;1.037948e-02;2.003922e-02;4.642246e-02;5.297899e-03;4.867810e-02;1.872387e-01;2.486955e-02;5.345470e-03;8.137474e-03
3.776871e-01;2.272846e-01;6.921380e-02;5.416517e-03;3.160591e-02;1.464721e-02;9.094400e-03;9.848312e-02;1.221499e-01;2.220469e-02;7.522524e-03;1.469025e-02
4.871208e-01;1.528856e-01;5.044515e-02;3.024630e-03;4.119458e-02;5.149788e-03;1.206728e-02;1.455943e-01;5.787182e-02;1.191274e-02;9.600052e-03;2.313329e-02
5.293685e-01;1.162816e-01;4.424689e-02;3.454735e-03;3.537948e-02;3.005710e-03;1.453888e-02;1.748300e-01;2.221553e-02;6.035866e-03;8.794097e-03;4.184880e-02
5.109396e-01;1.152069e-01;4.899621e-02;4.212319e-03;2.717103e-02;3.547073e-03;1.401761e-02;1.809651e-01;3.520977e-02;5.686823e-03;7.172968e-03;4.687456e-02
4.984705e-01;1.301196e-01;4.973850e-02;4.365482e-03;2.400641e-02;3.635235e-03;7.851698e-03;1.895956e-01;3.251790e-02;8.763065e-03;1.331019e-02;3.762586e-02
4.801412e-01;1.375085e-01;5.772940e-02;3.568579e-03;2.427030e-02;4.059158e-03;9.889435e-03;1.938259e-01;3.002809e-02;9.562739e-03;1.598522e-02;3.343153e-02
4.764284e-01;1.331095e-01;6.189313e-02;4.054470e-03;2.169655e-02;4.566404e-03;1.122976e-02;1.969042e-01;2.992602e-02;1.198340e-02;1.395207e-02;3.425613e-02
4.715573e-01;1.446728e-01;8.236824e-02;6.216973e-03;1.581511e-02;3.915115e-03;2.886919e-02;1.810122e-01;7.952517e-03;1.129101e-02;1.010452e-02;3.622499e-02
4.308236e-01;1.845322e-01;1.092949e-01;5.446272e-03;1.070303e-02;5.243942e-03;1.978166e-02;1.368173e-01;5.585225e-02;9.471289e-03;5.114962e-03;2.691859e-02
