4.011467e-02;9.272224e-02;1.810037e-01;4.105087e-02;5.772776e-02;6.370585e-02;1.767390e-01;6.365140e-02;5.792950e-02;6.643199e-02;6.224372e-02;9.667929e-02
1.029936e-01;7.329394e-02;2.307387e-01;5.223590e-02;5.107035e-02;4.454457e-02;1.217036e-01;5.216652e-02;4.904530e-02;7.530075e-02;7.839086e-02;6.851599e-02
8.842412e-02;6.881680e-02;2.623312e-01;4.157462e-02;6.935125e-02;4.221772e-02;1.577179e-01;4.444964e-02;3.221433e-02;6.779888e-02;7.164866e-02;5.345497e-02
6.352694e-02;5.282791e-02;2.592559e-01;3.990113e-02;6.289807e-02;4.045755e-02;2.319334e-01;4.841134e-02;2.695993e-02;6.465791e-02;5.875890e-02;5.041106e-02
4.429809e-02;4.241984e-02;2.017922e-01;3.739537e-02;5.000063e-02;2.910536e-02;3.365687e-01;5.993556e-02;3.818588e-02;6.058052e-02;5.776357e-02;4.195430e-02
2.441371e-02;7.795337e-02;8.147996e-02;2.167935e-02;5.728216e-02;4.255572e-02;4.635368e-01;6.205473e-02;4.180910e-02;4.984155e-02;5.427906e-02;2.311456e-02
4.727199e-02;5.896118e-02;4.394757e-02;2.534129e-02;5.315071e-02;7.700129e-02;3.950809e-01;6.103113e-02;5.261003e-02;1.193889e-01;3.713290e-02;2.908213e-02
5.418427e-02;2.712926e-02;7.411814e-02;4.166247e-02;8.286493e-02;8.604831e-02;2.429279e-01;6.057872e-02;9.324256e-02;1.405941e-01;5.220786e-02;4.444152e-02
3.922701e-02;1.655952e-02;8.787570e-02;5.683766e-02;1.306297e-01;7.816707e-02;1.156916e-01;5.312245e-02;1.836400e-01;1.366247e-01;1.943674e-02;8.218785e-02
2.428887e-02;1.851327e-02;1.017358e-01;7.556818e-02;1.581190e-01;4.938892e-02;4.858264e-02;6.784286e-02;1.893476e-01;8.836194e-02;5.568378e-02;1.225671e-01
2.543950e-02;2.779204e-02;1.869579e-01;1.062274e-01;1.273071e-01;3.887564e-02;4.741663e-02;9.662782e-02;9.416065e-02;3.856444e-02;8.320934e-02;1.274216e-01
2.632738e-02;3.705429e-02;2.827291e-01;1.077450e-01;7.779809e-02;3.759202e-02;6.739551e-02;9.138730e-02;2.782423e-02;3.504770e-02;1.129865e-01;9.611278e-02
4.311412e-02;3.332905e-02;3.648586e-01;9.675855e-02;4.925175e-02;3.734972e-02;8.267660e-02;5.097311e-02;4.799414e-02;3.530063e-02;9.482945e-02;6.356426e-02
4.061181e-02;2.789555e-02;4.242555e-01;1.017870e-01;7.262373e-02;4.815724e-02;6.570753e-02;2.816394e-02;3.081509e-02;2.813143e-02;7.849182e-02;5.335942e-02
2.256318e-02;3.805579e-02;4.036105e-01;1.325378e-01;1.041798e-01;6.295385e-02;5.632439e-02;5.145153e-02;2.312328e-02;1.741329e-02;5.249502e-02;3.529166e-02
1.316515e-02;5.009229e-02;3.805399e-01;1.541231e-01;1.313646e-01;6.395618e-02;3.724673e-02;5.466097e-02;2.579099e-02;1.823683e-02;5.405936e-02;1.676390e-02
2.205703e-02;5.704902e-02;3.001382e-01;1.111923e-01;1.658413e-01;8.210041e-02;8.462809e-02;4.812039e-02;3.672998e-02;1.709148e-02;4.810074e-02;2.695096e-02
4.780024e-02;4.689601e-02;1.633349e-01;5.600749e-02;1.769552e-01;1.090845e-01;1.631878e-01;5.575030e-02;6.783390e-02;2.681335e-02;3.073066e-02;5.560580e-02
5.319730e-02;3.400960e-02;9.766430e-02;6.307084e-02;1.865469e-01;9.454504e-02;1.319580e-01;7.327526e-02;1.033235e-01;4.165909e-02;3.459900e-02;8.615115e-02
6.518091e-02;2.253895e-02;1.029795e-01;5.449211e-02;2.034866e-01;7.429355e-02;9.100278e-02;5.017528e-02;1.455723e-01;4.033675e-02;3.149899e-02;1.184422e-01
1.042012e-01;1.490970e-02;1.073926e-01;2.224628e-02;2.035771e-01;1.020352e-01;9.480724e-02;1.366004e-02;1.729432e-01;3.459624e-02;2.009581e-02;1.095354e-01
1.254051e-01;2.608775e-02;1.057743e-01;2.313326e-02;1.670316e-01;1.235550e-01;1.036798e-01;1.969649e-02;1.458601e-01;5.207008e-02;3.986638e-02;6.784021e-02
1.495246e-01;3.139894e-02;9.572918e-02;1.876084e-02;1.415365e-01;1.400084e-01;1.169244e-01;2.144077e-02;1.184409e-01;6.662092e-02;5.506529e-02;4.454925e-02
1.393063e-01;3.984280e-02;1.044287e-01;2.587727e-02;1.220445e-01;1.427606e-01;1.290657e-01;2.564758e-02;9.256482e-02;7.375088e-02;6.040453e-02;4.430633e-02
9.947526e-02;3.761040e-02;1.464587e-01;3.786381e-02;1.309977e-01;1.354521e-01;8.524245e-02;3.046131e-02;8.165763e-02;8.041242e-02;6.822814e-02;6.614000e-02
7.449575e-02;3.128793e-02;2.025146e-01;4.895027e-02;1.251680e-01;1.113967e-01;1.027579e-01;1.314280e-02;8.199147e-02;7.713545e-02;6.916804e-02;6.199110e-02
7.457800e-02;3.563618e-02;1.830638e-01;4.436410e-02;1.350161e-01;1.074791e-01;1.167075e-01;1.997204e-02;1.005235e-01;7.599481e-02;7.771198e-02;2.895289e-02
8.085336e-02;6.793295e-02;9.460794e-02;3.672492e-02;1.409980e-01;1.144951e-01;6.067321e-02;5.046323e-02;1.139271e-01;6.279062e-02;1.128665e-01;6.366710e-02
7.720689e-02;5.107976e-02;1.128278e-01;3.066535e-02;1.097940e-01;1.147908e-01;1.423201e-01;1.026252e-01;1.003781e-01;4.040258e-02;9.390444e-02;2.400492e-02
8.948817e-02;3.776682e-02;1.407759e-01;3.962724e-02;8.464403e-02;1.002662e-01;1.390897e-01;1.230173e-01;1.156589e-01;5.010308e-02;4.526298e-02;3.429964e-02
8.683072e-02;5.135775e-02;1.335815e-01;6.113657e-02;7.972395e-02;8.746520e-02;1.324975e-01;9.208228e-02;1.218586e-01;8.600742e-02;3.440476e-02;3.305364e-02
6.427826e-02;4.695638e-02;1.033710e-01;6.165351e-02;8.407231e-02;1.005568e-01;1.856187e-01;5.608762e-02;1.055415e-01;1.185667e-01;2.759763e-02;4.569950e-02
3.993337e-02;3.731321e-02;9.378871e-02;4.096987e-02;9.042120e-02;9.733059e-02;1.770015e-01;9.288789e-02;1.045398e-01;1.319539e-01;4.243072e-02;5.142926e-02
5.392280e-02;5.532345e-02;1.166012e-01;3.535027e-02;7.086336e-02;7.333110e-02;1.606071e-01;1.092553e-01;1.066063e-01;1.288541e-01;5.130325e-02;3.798184e-02
7.095841e-02;7.802984e-02;1.568236e-01;8.391580e-02;8.944842e-02;5.722506e-02;1.083635e-01;4.818735e-02;8.455183e-02;1.271997e-01;4.597208e-02;4.932445e-02
5.868343e-02;5.784540e-02;2.568940e-01;7.297706e-02;6.253196e-02;4.592001e-02;1.098470e-01;3.553746e-02;7.932694e-02;1.029773e-01;7.051101e-02;4.694844e-02
4.232359e-02;5.805289e-02;3.228467e-01;5.194889e-02;8.109795e-02;4.078645e-02;8.384793e-02;4.981939e-02;8.642945e-02;7.836972e-02;5.743268e-02;4.704439e-02
6.408388e-02;4.501239e-02;2.667944e-01;4.137290e-02;4.950254e-02;2.349572e-02;1.429665e-01;6.311882e-02;8.396600e-02;7.871802e-02;7.703099e-02;6.393781e-02
1.003831e-01;6.886620e-02;1.660596e-01;3.810789e-02;5.730098e-02;4.888274e-02;1.946810e-01;5.225914e-02;7.659505e-02;7.766289e-02;6.340574e-02;5.579570e-02
1.625897e-01;7.436033e-02;1.211286e-01;2.579745e-02;6.961975e-02;6.697235e-02;2.138113e-01;4.108713e-02;6.393693e-02;6.329761e-02;4.601436e-02;5.138456e-02
2.157031e-01;5.389621e-02;1.268615e-01;2.525747e-02;8.338046e-02;6.507339e-02;1.595847e-01;3.850376e-02;7.240380e-02;4.355802e-02;3.840467e-02;7.737302e-02
2.756794e-01;5.008046e-02;1.000960e-01;2.388960e-02;8.762357e-02;5.549447e-02;9.414417e-02;2.829200e-02;8.725467e-02;5.380275e-02;3.860532e-02;1.050374e-01
3.006529e-01;7.894992e-02;9.826780e-02;1.807955e-02;7.718048e-02;4.369695e-02;9.802041e-02;2.039700e-02;8.159965e-02;5.064227e-02;2.950755e-02;1.030055e-01
3.033199e-01;8.325682e-02;1.284925e-01;2.977431e-02;7.066801e-02;4.439557e-02;5.755392e-02;2.801216e-02;7.115769e-02;3.780463e-02;3.835624e-02;1.072083e-01
2.605281e-01;8.408100e-02;1.676019e-01;3.473637e-02;6.061180e-02;4.933579e-02;6.018720e-02;1.872482e-02;5.995373e-02;3.150495e-02;6.182059e-02;1.109138e-01
2.847099e-01;7.603998e-02;1.369575e-01;2.990222e-02;5.883493e-02;6.360260e-02;5.831240e-02;2.308236e-02;8.717900e-02;4.072002e-02;5.857518e-02;8.208386e-02
1.999683e-01;9.597989e-02;1.318474e-01;3.664942e-02;1.007855e-01;8.515890e-02;1.023660e-01;3.700025e-02;7.276908e-02;4.647085e-02;5.474834e-02;3.625603e-02
1.504095e-01;6.613654e-02;1.684508e-01;2.995627e-02;1.135223e-01;8.389945e-02;1.382337e-01;3.724582e-02;8.505428e-02;2.795243e-02;4.027664e-02;5.886216e-02
1.470555e-01;5.834934e-02;9.394489e-02;3.959270e-02;1.105325e-01;8.154418e-02;1.659901e-01;3.292947e-02;1.067398e-01;2.991345e-02;4.925741e-02;8.415071e-02
1.016095e-01;4.425620e-02;1.163619e-01;4.865993e-02;1.220678e-01;9.044395e-02;1.206226e-01;5.247550e-02;1.037518e-01;4.232426e-02;5.518046e-02;1.022462e-01
1.476441e-01;4.641626e-02;1.195031e-01;5.165977e-02;1.245682e-01;6.553838e-02;1.125441e-01;3.561023e-02;7.180444e-02;4.708373e-02;6.644505e-02;1.111827e-01
2.149732e-01;6.177377e-02;9.842359e-02;4.610390e-02;1.002781e-01;5.898647e-02;7.820555e-02;4.797653e-02;5.203034e-02;4.579232e-02;7.890333e-02;1.165530e-01
1.990605e-01;8.346051e-02;1.179944e-01;6.508847e-02;9.234440e-02;7.940331e-02;7.608167e-02;4.387607e-02;5.379956e-02;4.071089e-02;7.026163e-02;7.791863e-02
1.124789e-01;6.835474e-02;1.464418e-01;8.717497e-02;9.812708e-02;6.291192e-02;1.094409e-01;4.288709e-02;6.311329e-02;7.802107e-02;7.183336e-02;5.921495e-02
1.193605e-01;6.637199e-02;1.604423e-01;8.364963e-02;8.981585e-02;6.722616e-02;8.145022e-02;5.487828e-02;4.325056e-02;4.888094e-02;1.102492e-01;7.442440e-02
9.718318e-02;2.751633e-02;1.150523e-01;5.814924e-02;5.715487e-02;5.321036e-02;1.170469e-01;4.802845e-02;4.604366e-02;1.020036e-01;1.759748e-01;1.026363e-01
7.633070e-02;3.792122e-02;1.336706e-01;4.153237e-02;4.791088e-02;3.762490e-02;1.345000e-01;4.278861e-02;5.819171e-02;8.099137e-02;2.009923e-01;1.075452e-01
1.259675e-01;6.822040e-02;1.283961e-01;2.841515e-02;5.150615e-02;3.195472e-02;1.318427e-01;4.091481e-02;6.595534e-02;4.656273e-02;1.960479e-01;8.421651e-02
2.511773e-01;7.597852e-02;9.640811e-02;2.942431e-02;5.234718e-02;4.580932e-02;1.106178e-01;3.165529e-02;5.669311e-02;4.586610e-02;1.244831e-01;7.953975e-02
3.359074e-01;1.246231e-01;4.973182e-02;3.766074e-02;4.352585e-02;5.816721e-02;1.298248e-01;1.636912e-02;3.158354e-02;4.489594e-02;4.617368e-02;8.153678e-02
2.928374e-01;1.937934e-01;4.221763e-02;3.385130e-02;6.801638e-02;5.285107e-02;1.791942e-01;1.195997e-02;1.016964e-02;5.133528e-02;2.316292e-02;4.061075e-02
1.662062e-01;2.345699e-01;8.779874e-02;1.751306e-02;9.576462e-02;4.613126e-02;2.113941e-01;2.730946e-02;1.312639e-02;3.485142e-02;5.098264e-02;1.435216e-02
1.019347e-01;2.281083e-01;1.348361e-01;7.030447e-03;9.420823e-02;3.982054e-02;2.268982e-01;5.537380e-02;1.306495e-02;2.093752e-02;6.752336e-02;1.026384e-02
7.680009e-02;1.705907e-01;2.083040e-01;1.343347e-02;6.548321e-02;2.479290e-02;2.104669e-01;9.152352e-02;2.239433e-02;2.892374e-02;5.709569e-02;3.019145e-02
5.409953e-02;9.296734e-02;2.939938e-01;3.781805e-02;3.712752e-02;2.302707e-02;1.792073e-01;1.012818e-01;4.890380e-02;3.978128e-02;3.982491e-02;5.196753e-02
3.700725e-02;2.543221e-02;3.444929e-01;6.328997e-02;3.502065e-02;3.572906e-02;1.708138e-01;8.347403e-02;6.941783e-02;3.734601e-02;3.590565e-02;6.207070e-02
2.521750e-02;5.073203e-02;3.147840e-01;7.206920e-02;4.319409e-02;3.813783e-02;1.870651e-01;8.310939e-02;7.157218e-02;3.503465e-02;3.073250e-02;4.835155e-02
1.787053e-02;4.642534e-02;2.294302e-01;6.831966e-02;4.929282e-02;3.785295e-02;2.585390e-01;9.932458e-02;8.480361e-02;4.650918e-02;2.109714e-02;4.053508e-02
2.039193e-02;4.590390e-02;1.705111e-01;6.005462e-02;5.064645e-02;3.131256e-02;2.986093e-01;8.468799e-02;8.649988e-02;7.555240e-02;4.205376e-02;3.377612e-02
4.428796e-02;5.208323e-02;1.439772e-01;5.440323e-02;4.698588e-02;3.506032e-02;2.692562e-01;7.481372e-02;5.053912e-02;1.252068e-01;7.159129e-02;3.179506e-02
5.804686e-02;5.249454e-02;1.295716e-01;4.691148e-02;3.846904e-02;3.895051e-02;2.131581e-01;5.833812e-02;9.539707e-02;1.524091e-01;8.624426e-02;3.000928e-02
3.621951e-02;4.904760e-02;1.393530e-01;3.652445e-02;4.213118e-02;5.922863e-02;2.043514e-01;8.290362e-02;9.533376e-02;1.438234e-01;8.115068e-02;2.993288e-02
4.454837e-02;6.151779e-02;1.379902e-01;4.007950e-02;6.492332e-02;8.674394e-02;1.996152e-01;1.228443e-01;7.163987e-02;9.522948e-02;4.346376e-02;3.140427e-02
5.947667e-02;8.923401e-02;1.369217e-01;6.213206e-02;7.621349e-02;9.314495e-02;1.158878e-01;1.271242e-01;7.524826e-02;6.658208e-02;5.199017e-02;4.604457e-02
9.741088e-02;8.082733e-02;1.541897e-01;5.192587e-02;7.389443e-02;7.537182e-02;8.093923e-02;7.755779e-02;6.528861e-02;1.052520e-01;9.457982e-02;4.276252e-02
9.810466e-02;8.374751e-02;1.350962e-01;6.397965e-02;8.866747e-02;6.693173e-02;4.489443e-02;4.711929e-02;5.716101e-02;1.546893e-01;1.126021e-01;4.700660e-02
7.040926e-02;6.512947e-02;6.691343e-02;6.710114e-02;9.302188e-02;5.769843e-02;1.136712e-01;6.040543e-02;6.328059e-02;1.910920e-01;1.055952e-01;4.568197e-02
6.611203e-02;3.724235e-02;7.583528e-02;5.680152e-02;7.381243e-02;4.954024e-02;2.260457e-01;7.163352e-02;7.871296e-02;1.367844e-01;7.710461e-02;5.037486e-02
6.157365e-02;2.791993e-02;1.444802e-01;4.826612e-02;4.644192e-02;3.653102e-02;3.330402e-01;6.088230e-02;6.118128e-02;7.589670e-02;5.113786e-02;5.264878e-02
4.787554e-02;2.019844e-02;1.947274e-01;3.924634e-02;4.182434e-02;4.067256e-02;4.098652e-01;3.410342e-02;4.740332e-02;5.148118e-02;3.755159e-02;3.505071e-02
3.897004e-02;3.861206e-02;1.707933e-01;3.053858e-02;4.244328e-02;3.832720e-02;4.048443e-01;6.773205e-02;4.787209e-02;5.719249e-02;4.044989e-02;2.222462e-02
7.144753e-02;2.944610e-02;1.869764e-01;2.081074e-02;3.343748e-02;3.907980e-02;3.271378e-01;8.912910e-02;5.205761e-02;7.680164e-02;3.974929e-02;3.392660e-02
8.604866e-02;2.262637e-02;1.394728e-01;4.144718e-02;5.933219e-02;6.618730e-02;2.518784e-01;7.333729e-02;6.990936e-02;7.938857e-02;5.539517e-02;5.497668e-02
7.218730e-02;3.102852e-02;8.372204e-02;4.012649e-02;6.030777e-02;7.875174e-02;2.240581e-01;7.256232e-02;9.990053e-02;1.018472e-01;6.914555e-02;6.636249e-02
5.419505e-02;2.454046e-02;1.030534e-01;3.428068e-02;5.688111e-02;6.083281e-02;1.617984e-01;6.622151e-02;1.542742e-01;1.454176e-01;7.902844e-02;5.947635e-02
5.523158e-02;2.534361e-02;8.336987e-02;3.080406e-02;5.431829e-02;6.866787e-02;1.448904e-01;7.182748e-02;1.934921e-01;1.418624e-01;7.944876e-02;5.074361e-02
4.985039e-02;4.219643e-02;8.292972e-02;2.967173e-02;4.512412e-02;7.775427e-02;2.519505e-01;7.052957e-02;1.210499e-01;1.095885e-01;7.651023e-02;4.284469e-02
1.103845e-01;2.536882e-02;8.594417e-02;5.473460e-02;5.672973e-02;9.047227e-02;1.304239e-01;7.511678e-02;1.284196e-01;7.438228e-02;1.025797e-01;6.544361e-02
1.031151e-01;6.849883e-02;8.639091e-02;7.396587e-02;6.798061e-02;5.323713e-02;9.981169e-02;8.275992e-02;1.306608e-01;7.734734e-02;9.669328e-02;5.953848e-02
9.420459e-02;8.564477e-02;1.120331e-01;7.667737e-02;7.538468e-02;2.971470e-02;1.003352e-01;7.966239e-02;1.202725e-01;8.120847e-02;8.249199e-02;6.237023e-02
8.279401e-02;8.602081e-02;1.406908e-01;7.103765e-02;7.381418e-02;3.926157e-02;1.092844e-01;7.081277e-02;8.655430e-02;7.417635e-02;8.776546e-02;7.778766e-02
7.461796e-02;6.779730e-02;2.238782e-01;6.492044e-02;6.404868e-02;4.316536e-02;8.587668e-02;6.122564e-02;8.954728e-02;9.126535e-02;8.136329e-02;5.229378e-02
6.738260e-02;6.308662e-02;2.058198e-01;7.456190e-02;7.871523e-02;5.653236e-02;9.003001e-02;6.047398e-02;9.683712e-02;8.597343e-02;7.885639e-02;4.173062e-02
6.691452e-02;4.443773e-02;1.955594e-01;7.014567e-02;9.708590e-02;8.765222e-02;8.871002e-02;5.576525e-02;8.967783e-02;7.775336e-02;8.063206e-02;4.566601e-02
5.802927e-02;2.823428e-02;1.933388e-01;5.856186e-02;1.072381e-01;1.398723e-01;1.034289e-01;5.276451e-02;6.406711e-02;6.695912e-02;8.287590e-02;4.462992e-02
4.889467e-02;4.542078e-02;2.167359e-01;7.234402e-02;9.829324e-02;1.393723e-01;1.252692e-01;5.770728e-02;2.625074e-02;6.856446e-02;7.032110e-02;3.082624e-02
3.816563e-02;4.461731e-02;2.356532e-01;9.051392e-02;8.959632e-02;1.109904e-01;1.340242e-01;4.249274e-02;3.905341e-02;7.531387e-02;5.597814e-02;4.360084e-02
3.722786e-02;2.764205e-02;2.565062e-01;9.848563e-02;5.005947e-02;8.802205e-02;1.734206e-01;3.993314e-02;3.810373e-02;7.733212e-02;5.994663e-02;5.332059e-02
5.386639e-02;3.802584e-02;1.889383e-01;4.349259e-02;7.928500e-02;6.539278e-02;1.514048e-01;4.762615e-02;2.522076e-02;1.342132e-01;1.325583e-01;3.997576e-02
4.379498e-02;5.099631e-02;6.648349e-02;5.096377e-02;8.435647e-02;9.933538e-02;1.331697e-01;3.933106e-02;7.210114e-02;1.826159e-01;1.275504e-01;4.930139e-02
3.304824e-02;2.884262e-02;1.929128e-01;7.075671e-02;6.726456e-02;7.268772e-02;2.539850e-01;3.422458e-02;5.991021e-02;8.701010e-02;5.485369e-02;4.450371e-02
4.258292e-02;3.113055e-02;2.668434e-01;6.919932e-02;6.924260e-02;5.138075e-02;2.694367e-01;3.124866e-02;3.652325e-02;5.773593e-02;3.565967e-02;3.901619e-02
7.182565e-02;3.037710e-02;2.301446e-01;6.449633e-02;5.586306e-02;5.012957e-02;2.870599e-01;4.497911e-02;4.088762e-02;5.664567e-02;3.997160e-02;2.761973e-02
4.505229e-02;1.982559e-02;2.062022e-01;5.825987e-02;3.919814e-02;4.628273e-02;2.896254e-01;7.329025e-02;7.596174e-02;7.522887e-02;3.582088e-02;3.525206e-02
2.406403e-02;2.666294e-02;1.910650e-01;4.286434e-02;3.332248e-02;3.426709e-02;3.617803e-01;8.268187e-02;7.524634e-02;7.639682e-02;2.608175e-02;2.556706e-02
1.503445e-02;3.283892e-02;1.685909e-01;4.506839e-02;3.863939e-02;2.766280e-02;4.431009e-01;7.071450e-02;5.421323e-02;6.426514e-02;2.260198e-02;1.726945e-02
1.631063e-02;3.403379e-02;1.190975e-01;3.460749e-02;5.172413e-02;2.627280e-02;5.025325e-01;7.208291e-02;4.558149e-02;5.504080e-02;2.967025e-02;1.304579e-02
1.621231e-02;2.955014e-02;1.106849e-01;2.083768e-02;5.911904e-02;2.945331e-02;5.110846e-01;8.990134e-02;3.952182e-02;4.841042e-02;3.024602e-02;1.497847e-02
1.575075e-02;2.834057e-02;1.697994e-01;2.697338e-02;3.801142e-02;1.597147e-02;4.347821e-01;1.123577e-01;4.880688e-02;5.441603e-02;2.479827e-02;2.999213e-02
1.224450e-02;2.544522e-02;1.930152e-01;2.695094e-02;3.170344e-02;2.845325e-02;3.558508e-01;1.328546e-01;6.305236e-02;6.079410e-02;2.337253e-02;4.626305e-02
9.836238e-03;2.633505e-02;2.455656e-01;2.986826e-02;2.260268e-02;2.410038e-02;2.827549e-01;1.373302e-01;5.535699e-02;6.349120e-02;3.205531e-02;7.070325e-02
1.406280e-02;1.730357e-02;3.114557e-01;3.640964e-02;1.826037e-02;4.399075e-02;2.112072e-01;1.226337e-01;5.888366e-02;4.597399e-02;2.071237e-02;9.910633e-02
1.381761e-02;2.773493e-02;3.609162e-01;4.402961e-02;2.183892e-02;6.435652e-02;1.557852e-01;9.899753e-02;5.131524e-02;3.567980e-02;1.381886e-02;1.117096e-01
9.127347e-03;4.277605e-02;3.971176e-01;2.975850e-02;1.488330e-02;6.967675e-02;1.621287e-01;8.369337e-02;3.210229e-02;2.910122e-02;1.859911e-02;1.110358e-01
1.770710e-02;4.228029e-02;4.040813e-01;3.549599e-02;1.983842e-02;7.187411e-02;1.506669e-01;7.176682e-02;3.821078e-02;3.107838e-02;1.883802e-02;9.816188e-02
1.384098e-02;3.480553e-02;4.042311e-01;4.448387e-02;2.511339e-02;7.247403e-02;1.316940e-01;8.300214e-02;4.822830e-02;3.929459e-02;1.783586e-02;8.499631e-02
2.222923e-02;3.624264e-02;3.842186e-01;4.749663e-02;1.927587e-02;7.165483e-02;1.357069e-01;9.241879e-02;5.877836e-02;4.399045e-02;1.499064e-02;7.299710e-02
4.627584e-02;2.136442e-02;3.047229e-01;6.109688e-02;2.969679e-02;5.188376e-02;1.853787e-01;8.706073e-02;8.254213e-02;5.331014e-02;2.455588e-02;5.211189e-02
6.096662e-02;2.070957e-02;2.446013e-01;5.871524e-02;3.696053e-02;4.270948e-02;2.404586e-01;8.011474e-02;7.732435e-02;5.873488e-02;3.070277e-02;4.800196e-02
7.541744e-02;4.231749e-02;2.114960e-01;5.095288e-02;4.444651e-02;4.209713e-02;2.697895e-01;5.821748e-02;5.686117e-02;5.653648e-02;4.479588e-02;4.707199e-02
8.072300e-02;4.709718e-02;1.938261e-01;5.176393e-02;4.126552e-02;4.019811e-02;2.906136e-01;5.155827e-02;4.546133e-02;5.980672e-02;4.145079e-02;5.623547e-02
5.701652e-02;3.386328e-02;1.556087e-01;4.995558e-02;3.847232e-02;4.393185e-02;3.228357e-01;7.547984e-02;6.589688e-02;6.000243e-02;3.814732e-02;5.878959e-02
7.519434e-02;6.540120e-02;2.092226e-01;5.976556e-02;5.083147e-02;6.655820e-02;1.969960e-01;5.264357e-02;6.343659e-02;6.087513e-02;6.954990e-02;2.952551e-02
8.627050e-02;8.208624e-02;2.835042e-01;3.614959e-02;6.269926e-02;6.248464e-02;1.273983e-01;5.196531e-02;4.107417e-02;6.590877e-02;3.970029e-02;6.075871e-02
1.350228e-01;1.077196e-01;2.141349e-01;3.032853e-02;6.136005e-02;6.092279e-02;1.674425e-01;4.570056e-02;3.481340e-02;5.691154e-02;3.689476e-02;4.874853e-02
1.432743e-01;1.136745e-01;1.814600e-01;2.615790e-02;6.119519e-02;5.910428e-02;2.026338e-01;4.999718e-02;3.547881e-02;4.800336e-02;4.108736e-02;3.793322e-02
9.126987e-02;1.005876e-01;1.830841e-01;4.234727e-02;6.282268e-02;5.578280e-02;2.199052e-01;6.903923e-02;4.724380e-02;4.478393e-02;4.625139e-02;3.688223e-02
1.064912e-01;8.348498e-02;2.158625e-01;5.623493e-02;5.761069e-02;5.747068e-02;1.541398e-01;5.820138e-02;3.495571e-02;4.537088e-02;6.820841e-02;6.196889e-02
1.888214e-01;9.921587e-02;1.700525e-01;4.466547e-02;4.847544e-02;7.362845e-02;1.422505e-01;2.454796e-02;2.879807e-02;5.273914e-02;6.333058e-02;6.347472e-02
1.914036e-01;1.205513e-01;1.739975e-01;4.912960e-02;5.472181e-02;7.648955e-02;1.365724e-01;2.281302e-02;2.754677e-02;5.028748e-02;4.413541e-02;5.235164e-02
1.577744e-01;1.268707e-01;1.930658e-01;7.104494e-02;8.101124e-02;6.137315e-02;1.211546e-01;3.054347e-02;2.588308e-02;5.519748e-02;3.003066e-02;4.605047e-02
1.204201e-01;9.599721e-02;1.586547e-01;7.361972e-02;9.198010e-02;6.803192e-02;1.242721e-01;6.261569e-02;5.249185e-02;6.835934e-02;4.427370e-02;3.928361e-02
1.435439e-01;1.156985e-01;1.454288e-01;5.908239e-02;5.930919e-02;7.261343e-02;1.111976e-01;6.188663e-02;8.874208e-02;6.280115e-02;4.129680e-02;3.839950e-02
8.130466e-02;1.334715e-01;1.606749e-01;8.102284e-02;7.837351e-02;7.710442e-02;9.893170e-02;4.630570e-02;7.183418e-02;7.367639e-02;6.336347e-02;3.393669e-02
6.302975e-02;7.375540e-02;6.085198e-02;7.973132e-02;9.153575e-02;1.084064e-01;1.582045e-01;7.650637e-02;7.847002e-02;7.107955e-02;5.934774e-02;7.908133e-02
9.910499e-02;8.095246e-02;1.537300e-01;5.740438e-02;6.582176e-02;7.208619e-02;1.874211e-01;7.864297e-02;3.683445e-02;6.315818e-02;6.046359e-02;4.437993e-02
1.289766e-01;1.028872e-01;1.924603e-01;4.165182e-02;4.687736e-02;4.742168e-02;1.706210e-01;6.878348e-02;3.696398e-02;6.774881e-02;5.576488e-02;3.984289e-02
1.559490e-01;7.481433e-02;2.469295e-01;3.085816e-02;4.666134e-02;3.600994e-02;1.086433e-01;6.081185e-02;4.349794e-02;8.087975e-02;6.739415e-02;4.755068e-02
1.764539e-01;5.029067e-02;2.293171e-01;4.837248e-02;4.700764e-02;3.512561e-02;1.146427e-01;6.575825e-02;4.010858e-02;7.645076e-02;6.171215e-02;5.476016e-02
2.033066e-01;9.087019e-02;1.753778e-01;6.234238e-02;4.013413e-02;4.198404e-02;1.181341e-01;5.365420e-02;3.405722e-02;7.672977e-02;5.600153e-02;4.740801e-02
2.019092e-01;1.262223e-01;1.752655e-01;5.063311e-02;3.737811e-02;4.856691e-02;1.250183e-01;3.190244e-02;4.455215e-02;7.983983e-02;5.161435e-02;2.709783e-02
2.219426e-01;1.587489e-01;1.458739e-01;3.755891e-02;3.617500e-02;5.283832e-02;1.242579e-01;3.130315e-02;3.815741e-02;7.986491e-02;3.931514e-02;3.396393e-02
2.084565e-01;1.686661e-01;9.253540e-02;3.614062e-02;4.503400e-02;5.569139e-02;9.393528e-02;4.817380e-02;4.098531e-02;7.711715e-02;5.539652e-02;7.786788e-02
7.502519e-02;1.640856e-01;1.235851e-01;4.438278e-02;5.870009e-02;3.827412e-02;7.549343e-02;5.613346e-02;9.891912e-02;8.456660e-02;8.099354e-02;9.984101e-02
1.231228e-01;1.163756e-01;1.470063e-01;5.706817e-02;5.010941e-02;3.667931e-02;8.492335e-02;5.767799e-02;1.230702e-01;1.002886e-01;5.352018e-02;5.015800e-02
7.444707e-02;8.983310e-02;9.839115e-02;8.922859e-02;4.626231e-02;6.582739e-02;1.120691e-01;8.408868e-02;1.070883e-01;1.520004e-01;4.464536e-02;3.611860e-02
4.937888e-02;6.870487e-02;1.135180e-01;7.067462e-02;5.162603e-02;6.044428e-02;1.144402e-01;1.165181e-01;8.481821e-02;1.739746e-01;4.558908e-02;5.031314e-02
6.053951e-02;7.944183e-02;1.353278e-01;4.012455e-02;7.433105e-02;5.293453e-02;9.585566e-02;1.274357e-01;7.901143e-02;1.702278e-01;4.349344e-02;4.127671e-02
1.075913e-01;6.983037e-02;1.090832e-01;3.613965e-02;6.851199e-02;7.485649e-02;9.912068e-02;1.069121e-01;1.173333e-01;1.285721e-01;4.963728e-02;3.241159e-02
1.240140e-01;3.370459e-02;8.559672e-02;3.528232e-02;5.804475e-02;7.843656e-02;1.196625e-01;7.428959e-02;1.732218e-01;1.032887e-01;6.901775e-02;4.544078e-02
1.182147e-01;4.531204e-02;5.856367e-02;5.472410e-02;5.885140e-02;9.306461e-02;1.130126e-01;7.113523e-02;1.816543e-01;7.887991e-02;5.935065e-02;6.723680e-02
7.917535e-02;4.234085e-02;1.107933e-01;5.628482e-02;6.977774e-02;9.839827e-02;1.137886e-01;1.080482e-01;1.216746e-01;9.588309e-02;2.359799e-02;8.023728e-02
8.239552e-02;6.999640e-02;1.779694e-01;6.523669e-02;6.815244e-02;6.708549e-02;1.228701e-01;3.745127e-02;8.046872e-02;1.045678e-01;7.535784e-02;4.844831e-02
8.931284e-02;8.090286e-02;1.906125e-01;6.122547e-02;6.381524e-02;5.490542e-02;1.312845e-01;3.083118e-02;7.329977e-02;8.566014e-02;8.191015e-02;5.623996e-02
9.204628e-02;9.021095e-02;2.033622e-01;5.433603e-02;5.083312e-02;6.065406e-02;1.378320e-01;2.524245e-02;7.834840e-02;5.626009e-02;7.072329e-02;8.015112e-02
1.464483e-01;1.130433e-01;1.941997e-01;3.759720e-02;4.507171e-02;6.400792e-02;1.151594e-01;1.991920e-02;7.668184e-02;3.323781e-02;4.876445e-02;1.058691e-01
1.794885e-01;1.626316e-01;1.282082e-01;2.661626e-02;3.980515e-02;6.147251e-02;6.244599e-02;3.793726e-02;6.056470e-02;4.658887e-02;6.476610e-02;1.294749e-01
1.370463e-01;1.586623e-01;1.248659e-01;2.681823e-02;2.818589e-02;4.466916e-02;1.323116e-01;4.487979e-02;5.029256e-02;5.887857e-02;4.929500e-02;1.440947e-01
2.307508e-01;1.118720e-01;1.173050e-01;2.539437e-02;1.546785e-02;1.951995e-02;1.599649e-01;3.622944e-02;5.794969e-02;6.473910e-02;3.645234e-02;1.243546e-01
1.971048e-01;1.023533e-01;1.213002e-01;2.573344e-02;2.034522e-02;1.830520e-02;1.309105e-01;4.062741e-02;6.377193e-02;7.179278e-02;9.431298e-02;1.134422e-01
1.495387e-01;9.554704e-02;1.278822e-01;2.478820e-02;2.336648e-02;1.830741e-02;1.189041e-01;3.494082e-02;7.104793e-02;7.063930e-02;1.220807e-01;1.429571e-01
9.959553e-02;9.004661e-02;9.199031e-02;4.393850e-02;4.426486e-02;3.613332e-02;1.424310e-01;2.940801e-02;1.043495e-01;4.609259e-02;9.421226e-02;1.775375e-01
1.228774e-01;7.806808e-02;1.488945e-01;6.749459e-02;6.034314e-02;4.908576e-02;9.758720e-02;3.882017e-02;1.066337e-01;6.374869e-02;5.989634e-02;1.065504e-01
8.562616e-02;7.371762e-02;2.072853e-01;7.005275e-02;7.483991e-02;4.008307e-02;1.118706e-01;4.206735e-02;7.957736e-02;8.760868e-02;4.317426e-02;8.409701e-02
1.406182e-01;8.400875e-02;1.712474e-01;5.887770e-02;7.365417e-02;2.062638e-02;1.167502e-01;8.671214e-02;7.106169e-02;8.387891e-02;6.040917e-02;3.215523e-02
1.446865e-01;7.518667e-02;1.289927e-01;6.134227e-02;6.802914e-02;3.363735e-02;1.129572e-01;4.748122e-02;7.509878e-02;9.837368e-02;7.703688e-02;7.717759e-02
8.441865e-02;6.374718e-02;1.519760e-01;5.511851e-02;6.197675e-02;3.428520e-02;1.125819e-01;6.831059e-02;7.259777e-02;1.197457e-01;5.508439e-02;1.201574e-01
