6.020800e-02;3.756933e-02;1.756263e-01;6.037320e-02;1.176332e-01;4.420061e-02;7.225532e-02;1.125993e-01;1.274338e-01;4.696813e-02;7.054286e-02;7.458988e-02
3.632161e-02;2.741663e-02;1.915611e-01;6.700413e-02;1.114699e-01;3.580655e-02;6.447686e-02;1.445922e-01;1.183484e-01;2.861328e-02;8.369044e-02;9.069880e-02
4.371827e-02;1.761045e-02;2.217431e-01;6.792661e-02;7.498420e-02;4.008332e-02;4.640717e-02;1.294616e-01;1.399864e-01;5.669695e-02;7.051627e-02;9.086572e-02
6.788038e-02;1.346691e-02;2.019045e-01;5.807738e-02;7.915518e-02;4.958581e-02;3.287997e-02;7.843362e-02;1.976176e-01;8.152388e-02;5.258166e-02;8.689309e-02
6.098290e-02;1.504689e-02;2.245367e-01;5.340797e-02;7.658710e-02;5.263411e-02;6.074511e-02;8.009601e-02;1.106743e-01;1.054495e-01;1.132185e-01;4.662083e-02
5.079456e-02;2.248497e-02;3.096768e-01;5.270023e-02;7.803753e-02;4.750013e-02;5.033733e-02;8.939292e-02;4.604836e-02;8.659187e-02;1.007892e-01;6.564607e-02
4.161704e-02;2.812801e-02;2.718859e-01;7.657376e-02;9.489723e-02;8.731817e-02;6.078282e-02;6.742574e-02;1.407263e-01;4.167669e-02;3.618835e-02;5.278005e-02
3.670663e-02;5.072688e-02;1.196828e-01;8.802457e-02;6.989835e-02;1.222655e-01;8.270483e-02;5.336351e-02;1.869857e-01;6.865286e-02;7.374164e-02;4.724680e-02
4.238153e-02;6.451824e-02;1.193024e-01;6.002032e-02;5.571191e-02;9.613197e-02;1.328975e-01;3.907720e-02;1.625917e-01;7.447595e-02;9.516178e-02;5.772959e-02
1.087380e-01;1.137289e-01;1.484342e-01;4.241143e-02;5.991453e-02;7.685813e-02;1.434072e-01;1.793601e-02;7.545315e-02;5.043091e-02;9.567045e-02;6.701715e-02
1.284863e-01;1.203011e-01;1.567837e-01;5.749050e-02;3.705699e-02;8.063612e-02;1.753547e-01;4.078827e-02;2.467174e-02;8.950794e-02;4.659044e-02;4.233221e-02
1.118624e-01;9.689762e-02;1.291141e-01;6.140586e-02;2.980352e-02;8.825281e-02;2.396193e-01;4.530731e-02;2.275678e-02;1.251202e-01;2.006763e-02;2.979237e-02
8.852492e-02;6.691347e-02;6.378280e-02;4.910749e-02;3.138891e-02;9.798165e-02;2.891156e-01;5.746057e-02;3.040442e-02;1.576781e-01;4.342066e-02;2.422143e-02
8.504751e-02;4.477670e-02;2.013689e-02;3.808305e-02;2.210133e-02;1.163355e-01;2.909387e-01;6.637130e-02;2.659400e-02;2.236354e-01;5.194469e-02;1.403498e-02
1.008444e-01;3.244062e-02;7.845360e-03;3.589005e-02;2.279748e-02;1.485674e-01;1.894568e-01;6.110992e-02;1.357226e-02;3.356050e-01;4.118816e-02;1.068260e-02
9.970510e-02;2.086812e-02;7.926538e-03;3.727003e-02;2.832495e-02;1.662767e-01;8.994450e-02;7.925319e-02;2.904116e-02;3.831107e-01;4.980884e-02;8.470193e-03
9.988748e-02;1.501555e-02;1.572450e-02;3.383024e-02;3.688052e-02;1.707112e-01;7.027510e-02;8.746392e-02;9.734252e-02;3.339047e-01;2.810156e-02;1.086270e-02
1.213982e-01;1.685514e-02;1.903772e-02;3.490839e-02;4.923812e-02;1.720266e-01;4.561863e-02;9.467753e-02;1.338253e-01;2.842803e-01;1.053495e-02;1.759918e-02
1.440542e-01;3.682605e-02;1.683006e-02;4.029420e-02;4.820164e-02;1.619943e-01;6.849881e-02;8.598464e-02;1.099505e-01;2.479642e-01;1.357770e-02;2.582373e-02
1.583520e-01;6.184912e-02;1.616630e-02;5.227134e-02;4.834041e-02;1.531471e-01;1.078940e-01;6.374407e-02;6.029975e-02;2.103453e-01;3.965582e-02;2.793469e-02
1.614660e-01;8.055072e-02;4.782355e-02;5.450805e-02;5.784129e-02;1.389145e-01;1.309939e-01;4.391409e-02;3.109651e-02;1.644676e-01;5.207604e-02;3.634781e-02
1.276062e-01;7.635531e-02;9.075771e-02;3.812938e-02;6.563084e-02;1.193811e-01;1.256556e-01;2.898142e-02;8.514852e-02;1.412130e-01;6.334909e-02;3.779183e-02
7.403664e-02;5.450545e-02;1.110069e-01;2.795460e-02;7.394780e-02;7.877646e-02;1.255277e-01;6.245063e-02;1.140610e-01;1.859691e-01;5.059418e-02;4.116961e-02
8.891140e-02;6.587159e-02;6.568928e-02;4.035511e-02;7.858700e-02;1.294627e-01;1.169022e-01;4.945971e-02;9.781186e-02;2.034867e-01;3.132825e-02;3.213434e-02
7.893345e-02;4.829432e-02;4.207207e-02;5.938092e-02;9.358004e-02;1.661014e-01;1.015269e-01;3.919072e-02;7.975408e-02;2.319343e-01;2.086410e-02;3.836774e-02
6.986158e-02;6.440119e-02;6.544171e-02;4.010303e-02;7.579227e-02;1.185558e-01;7.048547e-02;2.465507e-02;1.208805e-01;2.236436e-01;5.505272e-02;7.112703e-02
4.430629e-02;6.941417e-02;1.080093e-01;3.446063e-02;5.384475e-02;8.403549e-02;1.348383e-01;3.160653e-02;1.228573e-01;1.728353e-01;7.656612e-02;6.722591e-02
4.796707e-02;6.489778e-02;1.325513e-01;3.043837e-02;5.908527e-02;6.566150e-02;2.732812e-01;5.782504e-02;6.458712e-02;1.309137e-01;3.776546e-02;3.502614e-02
2.596784e-02;6.296362e-02;1.287349e-01;1.830759e-02;4.148694e-02;4.491039e-02;3.639651e-01;9.343915e-02;3.724168e-02;7.953288e-02;5.103498e-02;5.241496e-02
2.491747e-02;4.856697e-02;1.260734e-01;1.286171e-02;2.759144e-02;2.718794e-02;3.887711e-01;1.310384e-01;3.763576e-02;5.311305e-02;4.978431e-02;7.245850e-02
2.348897e-02;4.065197e-02;1.501576e-01;1.833196e-02;1.805640e-02;2.661158e-02;3.571275e-01;1.427195e-01;5.059016e-02;6.235490e-02;4.371388e-02;6.619546e-02
4.052728e-02;7.439326e-02;1.732157e-01;2.291798e-02;3.405206e-02;2.658567e-02;3.323814e-01;1.051801e-01;5.084238e-02;5.265316e-02;5.127189e-02;3.597910e-02
7.414053e-02;1.041917e-01;1.839151e-01;2.802378e-02;4.339464e-02;3.562426e-02;2.974807e-01;5.873847e-02;5.999227e-02;4.268901e-02;5.530287e-02;1.650668e-02
1.078250e-01;9.620551e-02;1.945088e-01;3.582710e-02;4.632555e-02;4.972549e-02;2.236198e-01;6.331942e-02;6.173396e-02;5.094630e-02;4.654825e-02;2.341472e-02
1.098355e-01;5.307822e-02;2.066915e-01;4.871372e-02;5.133861e-02;5.722333e-02;1.665049e-01;1.125114e-01;4.656133e-02;6.843860e-02;4.219769e-02;3.690526e-02
6.838637e-02;9.789154e-02;1.285618e-01;4.836076e-02;6.670410e-02;9.075902e-02;1.320529e-01;1.081990e-01;1.089812e-01;7.388161e-02;4.972794e-02;2.649374e-02
1.038596e-01;1.476911e-01;1.044318e-01;4.731455e-02;6.330054e-02;1.039862e-01;6.654217e-02;1.173027e-01;9.404956e-02;8.879120e-02;3.641066e-02;2.631989e-02
9.576865e-02;1.486754e-01;1.505229e-01;5.354351e-02;6.627115e-02;7.280704e-02;8.087157e-02;8.761724e-02;4.996623e-02;1.002831e-01;6.252420e-02;3.114896e-02
6.272717e-02;9.914022e-02;1.947238e-01;6.228019e-02;6.299719e-02;5.164564e-02;1.037480e-01;5.359438e-02;1.056819e-01;8.835641e-02;8.882998e-02;2.627507e-02
7.158810e-02;3.658904e-02;9.585419e-02;5.185011e-02;7.845455e-02;6.292939e-02;1.088559e-01;1.149987e-01;1.453616e-01;9.329087e-02;9.490174e-02;4.532591e-02
1.214735e-01;7.765242e-02;1.066844e-01;5.103126e-02;8.005856e-02;4.709052e-02;1.076529e-01;7.533614e-02;1.420709e-01;6.979492e-02;5.141033e-02;6.974413e-02
1.168381e-01;6.871782e-02;1.236092e-01;5.419716e-02;6.192851e-02;7.177297e-02;1.654058e-01;7.781383e-02;8.208251e-02;4.115798e-02;5.970875e-02;7.676731e-02
7.477182e-02;5.237959e-02;1.556589e-01;8.098968e-02;5.400757e-02;8.882505e-02;1.283616e-01;1.222178e-01;1.014318e-01;3.732003e-02;3.629797e-02;6.773826e-02
5.050190e-02;3.708494e-02;1.842021e-01;8.942375e-02;5.482211e-02;9.034882e-02;8.565470e-02;1.679605e-01;1.245916e-01;2.931031e-02;2.979565e-02;5.630357e-02
3.042670e-02;5.549269e-02;1.631651e-01;5.758632e-02;5.385862e-02;5.658509e-02;1.935960e-01;1.858858e-01;9.795909e-02;2.152786e-02;5.080155e-02;3.311510e-02
3.528954e-02;9.507370e-02;9.610085e-02;3.288268e-02;4.862791e-02;4.659047e-02;3.339530e-01;1.346916e-01;5.740793e-02;2.798052e-02;8.271004e-02;8.691834e-03
7.859140e-02;8.478790e-02;2.969173e-02;4.859784e-02;3.364547e-02;1.191779e-01;3.218394e-01;8.633746e-02;2.356239e-02;7.476482e-02;8.964651e-02;9.357189e-03
1.236436e-01;3.918120e-02;4.093510e-02;5.654120e-02;2.788405e-02;1.894158e-01;1.727018e-01;1.047050e-01;4.170252e-02;1.128655e-01;7.069685e-02;1.972742e-02
1.643528e-01;3.627549e-02;8.391154e-02;4.313831e-02;4.355029e-02;2.230963e-01;5.359361e-02;8.693300e-02;4.711416e-02;1.213981e-01;5.012695e-02;4.650941e-02
2.086235e-01;3.382801e-02;1.078113e-01;2.368840e-02;7.112075e-02;1.784902e-01;7.431228e-02;5.222878e-02;6.071196e-02;1.067537e-01;2.121053e-02;6.122066e-02
2.445079e-01;7.576769e-02;7.201247e-02;3.840004e-02;4.779432e-02;1.478960e-01;1.189920e-01;2.768072e-02;4.768899e-02;1.354218e-01;1.821641e-02;2.562157e-02
2.733589e-01;9.906861e-02;4.218787e-02;5.758990e-02;2.848799e-02;1.330239e-01;9.777838e-02;1.568201e-02;3.481193e-02;1.789034e-01;2.902868e-02;1.007843e-02
2.232925e-01;1.457744e-01;3.873684e-02;4.084077e-02;1.549745e-02;7.671631e-02;1.817017e-01;1.143005e-02;1.681895e-02;1.537615e-01;8.899339e-02;6.436127e-03
1.679666e-01;1.951238e-01;4.526049e-02;1.479474e-02;1.400024e-02;4.311310e-02;2.157767e-01;1.595241e-02;1.233604e-02;1.146189e-01;1.505915e-01;1.046539e-02
1.390765e-01;2.246326e-01;4.670380e-02;1.264829e-02;1.345984e-02;3.523898e-02;2.127609e-01;7.015487e-03;8.766236e-03;9.945383e-02;1.840950e-01;1.614860e-02
1.601103e-01;2.448152e-01;2.827619e-02;9.644210e-03;1.029464e-02;4.177737e-02;1.942071e-01;9.375508e-03;9.564593e-03;9.079362e-02;1.830600e-01;1.808131e-02
1.993469e-01;2.661129e-01;2.429901e-02;1.767881e-02;1.064845e-02;5.491117e-02;1.672879e-01;4.567389e-03;7.622124e-03;9.296186e-02;1.348808e-01;1.968269e-02
2.536138e-01;2.790883e-01;2.223543e-02;3.016975e-02;1.283702e-02;6.984347e-02;1.439428e-01;3.533104e-03;2.531256e-03;9.935886e-02;6.746487e-02;1.538127e-02
3.225627e-01;2.340371e-01;1.964514e-02;3.929494e-02;2.109917e-02;8.111235e-02;1.165602e-01;7.461607e-03;8.167086e-03;9.765634e-02;2.338533e-02;2.901805e-02
3.483767e-01;1.561650e-01;5.701291e-02;4.578165e-02;3.243842e-02;9.632651e-02;8.904684e-02;1.133956e-02;8.718784e-03;9.664962e-02;1.187268e-02;4.627131e-02
2.864034e-01;7.443145e-02;8.883601e-02;4.370099e-02;7.100932e-02;1.129617e-01;7.814114e-02;1.339805e-02;5.028804e-02;8.565988e-02;1.759564e-02;7.757433e-02
1.902579e-01;5.082343e-02;1.152363e-01;2.637571e-02;1.259567e-01;9.332723e-02;8.255287e-02;1.019171e-02;1.081645e-01;4.234057e-02;1.240842e-02;1.423647e-01
1.274223e-01;3.153696e-02;1.595604e-01;2.161123e-02;1.533391e-01;7.764209e-02;1.142186e-01;7.114299e-03;1.337102e-01;1.328971e-02;7.616535e-03;1.529386e-01
1.263805e-01;2.458362e-02;1.898010e-01;1.855791e-02;1.551660e-01;8.579532e-02;7.890449e-02;9.715916e-03;1.330710e-01;1.734083e-02;6.606135e-03;1.540773e-01
1.526347e-01;1.620752e-02;1.981164e-01;1.890597e-02;1.400306e-01;8.502813e-02;9.109191e-02;7.565127e-03;1.267925e-01;1.975472e-02;1.009557e-02;1.337768e-01
2.125006e-01;6.442513e-02;1.617983e-01;4.397994e-02;1.024618e-01;8.497529e-02;1.264055e-01;1.026449e-02;8.026066e-02;2.895192e-02;9.411633e-03;7.456467e-02
1.715315e-01;1.282597e-01;1.460874e-01;6.698214e-02;7.803242e-02;8.572423e-02;1.635713e-01;1.527344e-02;3.629112e-02;5.485257e-02;2.194470e-02;3.144940e-02
1.553461e-01;1.617137e-01;1.348733e-01;5.459927e-02;5.435258e-02;9.126905e-02;2.032193e-01;2.156439e-02;1.851678e-02;5.815938e-02;2.930073e-02;1.708534e-02
1.540322e-01;2.061951e-01;7.553991e-02;3.414235e-02;2.166993e-02;6.462917e-02;2.833905e-01;2.925752e-02;3.121307e-02;4.264362e-02;4.245550e-02;1.483106e-02
1.108316e-01;2.087880e-01;9.180532e-02;2.129778e-02;3.315838e-02;2.508142e-02;3.284252e-01;3.736508e-02;4.814360e-02;2.137312e-02;6.255602e-02;1.117446e-02
6.412942e-02;1.934092e-01;7.645655e-02;2.437972e-02;3.160222e-02;3.034745e-02;3.633394e-01;3.695489e-02;5.981855e-02;3.518087e-02;7.605683e-02;8.324850e-03
5.699826e-02;1.759173e-01;3.916692e-02;1.377488e-02;4.563941e-02;3.204892e-02;3.966199e-01;5.068444e-02;5.238258e-02;3.069709e-02;9.256762e-02;1.350273e-02
3.578017e-02;1.355509e-01;1.202100e-01;6.636341e-03;6.906278e-02;2.067826e-02;3.631925e-01;8.793765e-02;2.885064e-02;2.036070e-02;8.454686e-02;2.719313e-02
3.427187e-02;1.018346e-01;1.577913e-01;2.395033e-02;8.610851e-02;2.173396e-02;3.055955e-01;1.055395e-01;2.442320e-02;2.676398e-02;6.221147e-02;4.977582e-02
6.409024e-02;8.011082e-02;1.370141e-01;3.966952e-02;8.030961e-02;2.915866e-02;2.838897e-01;9.067371e-02;4.947622e-02;3.764238e-02;4.007506e-02;6.789001e-02
5.133596e-02;3.476827e-02;1.403544e-01;3.706627e-02;4.323757e-02;2.783355e-02;3.319315e-01;9.822971e-02;8.753273e-02;4.704364e-02;1.458162e-02;8.608483e-02
2.008896e-02;6.183973e-02;1.786266e-01;1.867957e-02;2.288324e-02;2.963021e-02;3.764437e-01;7.742455e-02;7.758141e-02;4.386341e-02;2.758428e-02;6.535434e-02
2.292448e-02;8.494163e-02;1.719473e-01;2.458551e-02;4.689972e-02;4.008918e-02;3.912833e-01;4.882405e-02;6.052032e-02;4.342666e-02;2.843252e-02;3.612534e-02
3.698629e-02;9.834357e-02;1.080372e-01;4.665114e-02;8.234638e-02;6.685747e-02;3.708335e-01;4.724252e-02;4.841321e-02;3.868629e-02;2.029160e-02;3.531081e-02
7.511014e-02;9.151157e-02;1.621403e-01;5.471560e-02;7.883589e-02;6.629050e-02;1.698645e-01;7.307539e-02;6.279557e-02;4.560720e-02;5.921764e-02;6.083564e-02
1.063899e-01;7.300804e-02;1.834089e-01;4.145319e-02;9.644433e-02;5.005109e-02;1.471893e-01;6.389725e-02;6.136809e-02;4.237828e-02;7.944144e-02;5.497020e-02
1.247449e-01;5.457418e-02;1.430677e-01;7.359549e-02;1.294795e-01;6.709245e-02;1.516992e-01;3.380008e-02;4.950386e-02;4.813168e-02;8.659003e-02;3.772095e-02
1.170625e-01;6.688084e-02;1.864861e-01;8.714060e-02;1.216664e-01;9.406541e-02;1.417581e-01;1.828128e-02;3.503249e-02;4.632536e-02;5.189579e-02;3.340524e-02
7.750351e-02;4.865099e-02;2.984287e-01;7.835443e-02;1.571495e-01;8.349384e-02;1.031958e-01;2.462803e-02;2.768275e-02;4.224755e-02;1.624156e-02;4.242332e-02
1.634367e-02;2.582296e-02;3.669961e-01;6.921757e-02;1.547901e-01;5.623982e-02;1.378357e-01;2.640959e-02;3.640816e-02;4.380084e-02;3.917399e-02;2.696142e-02
3.027567e-02;2.797842e-02;3.802093e-01;6.818400e-02;1.427928e-01;3.974482e-02;1.503238e-01;2.601119e-02;4.084728e-02;3.338332e-02;3.973974e-02;2.050960e-02
7.475452e-02;3.467160e-02;1.673380e-01;4.111939e-02;1.780646e-01;9.569490e-02;2.226123e-01;2.359553e-02;6.995724e-02;2.961820e-02;2.375921e-02;3.881457e-02
9.742828e-02;3.786555e-02;1.496712e-01;3.885758e-02;1.415854e-01;1.078908e-01;2.354311e-01;3.361630e-02;6.271967e-02;3.489228e-02;2.369027e-02;3.635160e-02
1.078011e-01;3.387205e-02;9.346803e-02;8.160295e-02;9.624467e-02;1.377377e-01;2.534503e-01;4.605975e-02;5.805502e-02;5.792333e-02;1.641378e-02;1.737129e-02
1.124451e-01;2.580347e-02;3.899899e-02;8.496307e-02;7.624626e-02;1.744219e-01;2.353303e-01;5.222017e-02;6.376532e-02;1.042495e-01;7.395500e-03;2.416041e-02
1.297125e-01;2.075644e-02;2.206089e-02;5.415195e-02;6.168768e-02;2.157487e-01;1.764857e-01;5.530068e-02;5.657109e-02;1.625154e-01;1.985447e-02;2.515447e-02
1.414218e-01;1.421425e-02;1.493720e-02;1.941189e-02;5.556091e-02;2.244420e-01;9.196892e-02;9.530820e-02;9.283331e-02;2.151863e-01;9.242661e-03;2.547249e-02
1.101353e-01;1.572661e-02;4.895864e-02;1.844792e-02;7.040996e-02;1.627926e-01;8.078013e-02;9.621818e-02;1.596811e-01;2.046715e-01;1.669720e-02;1.548092e-02
6.811996e-02;1.959811e-02;8.373030e-02;3.707662e-02;9.539110e-02;1.082883e-01;7.900330e-02;7.512201e-02;2.039433e-01;1.638486e-01;1.729596e-02;4.858234e-02
5.118580e-02;2.952609e-02;1.208888e-01;4.306379e-02;1.059417e-01;7.917234e-02;9.270663e-02;6.511619e-02;1.936523e-01;1.303734e-01;2.525718e-02;6.311572e-02
3.670738e-02;4.693869e-02;1.880529e-01;4.569230e-02;9.747011e-02;5.497799e-02;9.751768e-02;4.419434e-02;1.749345e-01;1.279338e-01;2.724226e-02;5.833812e-02
4.620277e-02;3.866312e-02;1.642382e-01;2.888166e-02;7.209555e-02;7.996183e-02;8.257216e-02;6.773208e-02;1.951124e-01;1.467408e-01;4.488163e-02;3.291786e-02
5.740348e-02;1.990392e-02;5.352758e-02;3.004573e-02;6.404153e-02;1.121731e-01;1.221887e-01;8.676945e-02;2.519404e-01;1.596482e-01;2.800854e-02;1.434947e-02
6.206492e-02;2.300675e-02;7.332178e-02;3.419679e-02;1.020995e-01;1.275533e-01;1.084525e-01;9.596436e-02;1.690019e-01;1.588088e-01;1.990058e-02;2.562887e-02
8.486503e-02;2.137167e-02;9.642496e-02;4.325258e-02;1.118903e-01;1.113155e-01;7.338017e-02;7.761081e-02;1.619628e-01;1.521719e-01;2.121312e-02;4.454112e-02
8.365513e-02;2.800598e-02;8.209183e-02;3.182178e-02;9.134563e-02;1.014191e-01;7.205386e-02;3.124290e-02;2.464281e-01;1.666881e-01;1.412876e-02;5.111876e-02
8.522540e-02;3.486799e-02;9.230942e-02;4.321517e-02;7.674722e-02;9.632248e-02;5.409957e-02;4.479888e-02;2.337636e-01;1.955845e-01;1.291523e-02;3.015055e-02
8.347566e-02;3.344595e-02;9.402873e-02;6.221557e-02;6.879502e-02;8.949897e-02;1.076599e-01;5.038432e-02;1.366647e-01;2.046817e-01;3.599584e-02;3.315367e-02
1.095359e-01;7.803060e-02;1.061366e-01;4.496875e-02;6.305276e-02;5.336261e-02;1.610551e-01;8.552085e-02;5.848047e-02;9.740663e-02;7.023603e-02;7.221370e-02
1.411148e-01;7.078938e-02;1.431049e-01;2.293692e-02;6.603759e-02;4.536527e-02;2.264433e-01;5.977590e-02;5.292031e-02;5.103416e-02;6.425539e-02;5.622198e-02
1.684716e-01;6.348263e-02;1.040654e-01;2.093608e-02;8.389860e-02;6.438606e-02;2.596410e-01;3.613722e-02;5.066327e-02;5.639405e-02;4.235976e-02;4.956436e-02
1.674130e-01;5.648848e-02;8.920774e-02;3.842192e-02;1.211475e-01;8.379641e-02;2.213624e-01;2.531496e-02;5.840641e-02;4.816467e-02;2.261269e-02;6.766380e-02
1.163491e-01;4.703061e-02;1.710559e-01;5.669159e-02;1.505330e-01;6.997376e-02;9.587830e-02;3.694423e-02;8.145351e-02;5.083191e-02;3.696182e-02;8.629635e-02
5.157186e-02;6.408860e-02;2.268899e-01;7.640123e-02;1.435332e-01;5.064990e-02;2.363038e-02;5.787989e-02;9.148636e-02;6.618504e-02;7.099808e-02;7.668556e-02
1.694915e-02;7.819202e-02;2.502704e-01;9.157854e-02;1.349726e-01;4.458262e-02;1.445443e-02;6.973278e-02;9.093850e-02;6.845913e-02;8.636197e-02;5.350778e-02
1.489260e-02;7.532138e-02;2.552630e-01;9.728932e-02;1.267660e-01;3.829721e-02;1.998605e-02;7.493062e-02;1.092617e-01;5.453299e-02;8.755086e-02;4.590824e-02
1.922220e-02;6.807432e-02;2.597791e-01;9.762492e-02;1.225420e-01;3.970899e-02;2.847265e-02;7.902708e-02;1.091576e-01;4.020063e-02;8.347383e-02;5.271667e-02
1.917781e-02;6.273951e-02;2.525743e-01;9.445789e-02;1.265341e-01;3.814631e-02;2.180270e-02;9.959823e-02;9.672803e-02;4.085319e-02;8.959556e-02;5.779233e-02
4.430371e-02;5.672132e-02;2.366871e-01;8.721118e-02;1.127867e-01;4.414087e-02;5.090531e-02;1.066037e-01;7.056324e-02;3.182523e-02;9.021828e-02;6.803330e-02
4.240850e-02;4.046940e-02;2.762547e-01;9.099206e-02;9.212739e-02;4.642098e-02;7.156528e-02;8.984032e-02;4.412542e-02;3.629467e-02;1.031560e-01;6.634527e-02
6.278193e-02;3.842020e-02;3.229864e-01;7.577603e-02;5.060465e-02;3.308066e-02;9.585022e-02;6.701186e-02;1.935489e-02;6.408924e-02;1.080995e-01;6.194442e-02
9.007079e-02;6.807318e-02;3.444592e-01;6.115336e-02;2.671999e-02;2.430119e-02;1.272226e-01;5.786533e-02;1.061757e-02;6.981963e-02;7.839512e-02;4.130203e-02
9.008358e-02;5.889827e-02;3.879418e-01;6.241009e-02;2.394799e-02;2.057778e-02;1.467183e-01;4.087422e-02;1.689841e-02;7.548339e-02;5.557685e-02;2.058935e-02
6.944326e-02;9.496403e-02;3.738140e-01;5.773241e-02;3.170213e-02;3.256368e-02;1.551995e-01;2.969656e-02;2.175081e-02;6.603190e-02;4.607684e-02;2.102483e-02
8.227859e-02;1.043852e-01;2.975190e-01;4.321416e-02;2.729712e-02;4.642759e-02;1.701582e-01;3.751491e-02;2.742725e-02;6.161381e-02;6.284114e-02;3.932306e-02
6.044193e-02;9.824980e-02;2.621484e-01;3.722314e-02;3.903184e-02;5.821337e-02;1.712754e-01;5.716096e-02;2.350852e-02;6.551210e-02;8.422799e-02;4.300651e-02
1.347490e-01;1.345078e-01;2.139088e-01;3.909676e-02;3.011828e-02;4.529639e-02;1.521841e-01;3.576203e-02;3.880506e-02;4.811455e-02;7.592393e-02;5.153337e-02
1.195437e-01;1.500433e-01;2.586677e-01;4.969634e-02;2.898416e-02;4.156780e-02;1.147466e-01;2.200332e-02;4.875311e-02;4.033580e-02;5.444315e-02;7.121504e-02
1.040473e-01;1.433418e-01;3.119861e-01;5.164089e-02;2.138331e-02;3.841340e-02;8.933638e-02;2.418833e-02;5.202424e-02;4.056046e-02;4.133560e-02;8.174220e-02
8.550775e-02;1.257760e-01;3.479111e-01;5.663177e-02;2.084006e-02;3.740795e-02;8.496539e-02;2.341929e-02;4.733277e-02;4.637334e-02;3.623854e-02;8.759604e-02
1.124091e-01;8.596309e-02;3.432210e-01;7.253706e-02;2.988087e-02;2.689047e-02;9.547155e-02;2.326978e-02;4.735514e-02;3.889024e-02;3.926960e-02;8.484221e-02
1.601173e-01;1.098623e-01;2.394865e-01;6.882916e-02;5.023168e-02;2.897971e-02;5.571589e-02;4.892590e-02;8.360799e-02;4.516053e-02;6.482087e-02;4.426205e-02
1.052416e-01;1.771605e-01;1.755896e-01;6.889833e-02;6.343302e-02;4.438811e-02;6.388907e-02;4.333759e-02;8.673199e-02;4.665519e-02;8.759605e-02;3.707892e-02
1.293198e-01;1.723179e-01;1.686208e-01;7.869039e-02;5.011083e-02;4.555326e-02;1.078319e-01;2.844244e-02;4.142071e-02;5.980021e-02;6.486715e-02;5.302466e-02
1.451966e-01;1.279897e-01;2.881546e-01;6.427253e-02;3.391847e-02;3.611659e-02;7.716435e-02;2.155538e-02;5.379037e-02;5.287033e-02;4.019358e-02;5.877753e-02
1.496249e-01;7.215521e-02;3.264565e-01;6.021065e-02;4.963024e-02;3.611266e-02;7.111052e-02;4.667558e-02;4.687338e-02;4.449382e-02;4.007461e-02;5.658193e-02
