1.245060e-01;7.714155e-02;6.777865e-02;9.836366e-02;5.381795e-02;6.635997e-02;1.175242e-01;9.390543e-02;8.623369e-02;6.602772e-02;6.083395e-02;8.750729e-02
1.078649e-01;8.581688e-02;9.009688e-02;9.757124e-02;5.028821e-02;9.023156e-02;9.281490e-02;9.009897e-02;9.155071e-02;6.317076e-02;4.865607e-02;9.183895e-02
1.086484e-01;9.339510e-02;1.454136e-01;7.249832e-02;6.086637e-02;5.664372e-02;1.144609e-01;4.454254e-02;9.077337e-02;8.413441e-02;5.345682e-02;7.516643e-02
1.394236e-01;8.740626e-02;2.509079e-01;4.731011e-02;5.541612e-02;4.401496e-02;1.192165e-01;4.584280e-02;3.826860e-02;6.893536e-02;4.945673e-02;5.380102e-02
1.394594e-01;9.900939e-02;2.436496e-01;3.889149e-02;5.295059e-02;4.880536e-02;1.416545e-01;4.820733e-02;2.622028e-02;7.000817e-02;4.547138e-02;4.567248e-02
1.393898e-01;1.115045e-01;1.974146e-01;3.639147e-02;5.197714e-02;4.576786e-02;1.589828e-01;4.859170e-02;3.152573e-02;7.876541e-02;5.537305e-02;4.431594e-02
1.308258e-01;1.388419e-01;1.725251e-01;5.137929e-02;5.752691e-02;4.539055e-02;1.515413e-01;3.710144e-02;6.010431e-02;6.760538e-02;4.838425e-02;3.877382e-02
9.043249e-02;1.239661e-01;1.725928e-01;9.656028e-02;5.318465e-02;5.152586e-02;1.207149e-01;6.729085e-02;6.707443e-02;6.984389e-02;5.433576e-02;3.247797e-02
6.610572e-02;7.893711e-02;1.768072e-01;1.102919e-01;4.291440e-02;3.842273e-02;1.224136e-01;8.911324e-02;8.821020e-02;1.000935e-01;5.355681e-02;3.313361e-02
8.360560e-02;6.815181e-02;1.797530e-01;6.726296e-02;4.694652e-02;3.804450e-02;1.493296e-01;8.799324e-02;1.132325e-01;8.723481e-02;3.568891e-02;4.275660e-02
4.936078e-02;4.197715e-02;2.164489e-01;7.138070e-02;6.148302e-02;6.055475e-02;1.511340e-01;7.795329e-02;1.190146e-01;6.460986e-02;3.035858e-02;5.572436e-02
6.590852e-02;5.734576e-02;2.380123e-01;1.058703e-01;6.620719e-02;6.323932e-02;9.430196e-02;5.853096e-02;1.176157e-01;5.612257e-02;2.789076e-02;4.895469e-02
8.289417e-02;8.375669e-02;2.163150e-01;1.191496e-01;4.939334e-02;6.168341e-02;9.562078e-02;5.395671e-02;8.207902e-02;6.806261e-02;2.425682e-02;6.283182e-02
9.391699e-02;8.824069e-02;1.945924e-01;1.366091e-01;5.007037e-02;6.430568e-02;1.083432e-01;4.514392e-02;6.353700e-02;8.106076e-02;1.509148e-02;5.908836e-02
1.128976e-01;1.284137e-01;1.583614e-01;1.235034e-01;5.837227e-02;5.717016e-02;1.175667e-01;2.534863e-02;4.974579e-02;1.003037e-01;2.128722e-02;4.702947e-02
9.775217e-02;1.362232e-01;1.363796e-01;8.798009e-02;6.823893e-02;5.660365e-02;1.130487e-01;3.293967e-02;7.592675e-02;9.420957e-02;4.328841e-02;5.740925e-02
1.458547e-01;9.848899e-02;1.594169e-01;8.644032e-02;5.147301e-02;3.440259e-02;8.063615e-02;4.116563e-02;8.271401e-02;9.656104e-02;4.809906e-02;7.474756e-02
2.060034e-01;7.113898e-02;1.122919e-01;5.497322e-02;3.732305e-02;2.709424e-02;7.349620e-02;7.201353e-02;9.178708e-02;8.213893e-02;7.130304e-02;1.004365e-01
1.756039e-01;1.428193e-01;2.128800e-01;4.178016e-02;2.063822e-02;1.245189e-02;4.908241e-02;5.605103e-02;1.270155e-01;5.241326e-02;5.809553e-02;5.116882e-02
1.176184e-01;2.158182e-01;2.220954e-01;4.325646e-02;1.661204e-02;2.751890e-02;2.029091e-02;2.900236e-02;1.924844e-01;3.765344e-02;3.615801e-02;4.149148e-02
6.589777e-02;2.684264e-01;2.094549e-01;4.233958e-02;1.456372e-02;3.123749e-02;1.363289e-02;9.310911e-03;2.431171e-01;3.724345e-02;1.814493e-02;4.663082e-02
6.290585e-02;2.992107e-01;1.861861e-01;4.578049e-02;9.345314e-03;2.693565e-02;8.859549e-03;2.255992e-02;2.678331e-01;2.965024e-02;8.896276e-03;3.183682e-02
9.990337e-02;2.721626e-01;1.906753e-01;4.425441e-02;1.091726e-02;2.736490e-02;1.117737e-02;5.430463e-02;2.345631e-01;2.078973e-02;8.551251e-03;2.533611e-02
1.585029e-01;2.035347e-01;2.084530e-01;3.335896e-02;2.336244e-02;2.301568e-02;1.759934e-02;9.574831e-02;1.727288e-01;2.998470e-02;1.639190e-02;1.731909e-02
1.984870e-01;1.883383e-01;1.854060e-01;2.158047e-02;3.086343e-02;2.063274e-02;3.598386e-02;1.179118e-01;1.197461e-01;3.336773e-02;2.494855e-02;2.273403e-02
1.814586e-01;1.857408e-01;1.773696e-01;2.451680e-02;3.716677e-02;3.058033e-02;5.977970e-02;1.126164e-01;9.800632e-02;3.197426e-02;2.920138e-02;3.158908e-02
1.283775e-01;1.809669e-01;1.449323e-01;4.177553e-02;5.860471e-02;3.065101e-02;6.942873e-02;1.035661e-01;1.440958e-01;3.836146e-02;2.164162e-02;3.759825e-02
6.038385e-02;1.658362e-01;5.891074e-02;4.105393e-02;7.293035e-02;4.175762e-02;8.007971e-02;1.323522e-01;2.366252e-01;4.254390e-02;2.369030e-02;4.383598e-02
8.655707e-02;1.261704e-01;1.445145e-01;3.747800e-02;4.460104e-02;3.353943e-02;6.200886e-02;1.367623e-01;2.162793e-01;4.339996e-02;2.959490e-02;3.909427e-02
8.527804e-02;1.099009e-01;1.954815e-01;4.792125e-02;4.842932e-02;2.716851e-02;3.783198e-02;9.793121e-02;2.119567e-01;6.231525e-02;3.266394e-02;4.312145e-02
8.992895e-02;9.019767e-02;2.562149e-01;4.642311e-02;5.095289e-02;5.453800e-02;3.608252e-02;4.165800e-02;2.051003e-01;6.078296e-02;2.953526e-02;3.858540e-02
9.344118e-02;7.538440e-02;2.543408e-01;3.764617e-02;5.484579e-02;4.100510e-02;5.460964e-02;1.021416e-01;1.655895e-01;6.415962e-02;2.545603e-02;3.138016e-02
7.219919e-02;4.657722e-02;2.539407e-01;7.684864e-02;6.597816e-02;2.961387e-02;8.959586e-02;1.009943e-01;1.278293e-01;7.177798e-02;2.375515e-02;4.088960e-02
6.238113e-02;6.682074e-02;2.976766e-01;9.182690e-02;7.415389e-02;4.884009e-02;6.747900e-02;6.097099e-02;8.177324e-02;9.122084e-02;2.639647e-02;3.046008e-02
5.074891e-02;7.719079e-02;3.159928e-01;9.985374e-02;6.469181e-02;5.137385e-02;1.125869e-01;3.051316e-02;5.263700e-02;8.064710e-02;3.308845e-02;3.067545e-02
7.085916e-02;8.915824e-02;3.104161e-01;8.860848e-02;4.550824e-02;4.050670e-02;9.806523e-02;5.236360e-02;8.158510e-02;6.324581e-02;2.929688e-02;3.038648e-02
1.363505e-01;1.268300e-01;2.168517e-01;6.759007e-02;3.239867e-02;2.558529e-02;6.760707e-02;7.975658e-02;1.374405e-01;5.935351e-02;2.242896e-02;2.780714e-02
1.558974e-01;1.404415e-01;2.040248e-01;7.643553e-02;3.040849e-02;3.107976e-02;3.281680e-02;6.602684e-02;1.700031e-01;4.464792e-02;2.124234e-02;2.697553e-02
1.565734e-01;1.677935e-01;2.091949e-01;5.510090e-02;4.282220e-02;2.632682e-02;4.170012e-02;7.139784e-02;1.520184e-01;3.583841e-02;2.008474e-02;2.114890e-02
1.797014e-01;1.422611e-01;1.730185e-01;3.718843e-02;6.176398e-02;2.279512e-02;4.193882e-02;1.254619e-01;1.308944e-01;2.746707e-02;2.017183e-02;3.733737e-02
1.398253e-01;1.111090e-01;1.367190e-01;6.079452e-02;7.738417e-02;2.881355e-02;7.933941e-02;1.486908e-01;7.928488e-02;3.504501e-02;3.019931e-02;7.279498e-02
8.578072e-02;1.035981e-01;1.238441e-01;9.119047e-02;6.116422e-02;3.107805e-02;1.317099e-01;1.291203e-01;5.928814e-02;4.301472e-02;3.412947e-02;1.060818e-01
9.256530e-02;7.995746e-02;1.190014e-01;1.261556e-01;3.490581e-02;3.312793e-02;1.598439e-01;9.806959e-02;6.441601e-02;4.844188e-02;4.229445e-02;1.012207e-01
1.414042e-01;1.061547e-01;1.011830e-01;1.397556e-01;4.700447e-02;4.556243e-02;1.677371e-01;2.518399e-02;3.258871e-02;6.899477e-02;4.766315e-02;7.676797e-02
1.351916e-01;1.424441e-01;9.811185e-02;9.842408e-02;5.420626e-02;4.218288e-02;1.492203e-01;6.687949e-02;3.119106e-02;7.443034e-02;5.333930e-02;5.437870e-02
1.381744e-01;1.295060e-01;8.572229e-02;7.330505e-02;7.163636e-02;4.018059e-02;1.060774e-01;6.622296e-02;5.965929e-02;9.726049e-02;7.121720e-02;6.103802e-02
1.172424e-01;9.110249e-02;1.137801e-01;6.175743e-02;6.992591e-02;5.907891e-02;6.878728e-02;9.503089e-02;8.962116e-02;1.078692e-01;5.112282e-02;7.468148e-02
1.163548e-01;1.018593e-01;1.264278e-01;3.853489e-02;5.041659e-02;5.768181e-02;1.163867e-01;1.051074e-01;1.051471e-01;7.179582e-02;2.436050e-02;8.592731e-02
1.124205e-01;8.792751e-02;1.322208e-01;6.320987e-02;6.481156e-02;3.383062e-02;1.251430e-01;7.837278e-02;1.050935e-01;9.667700e-02;4.003666e-02;6.025612e-02
9.202639e-02;5.432346e-02;1.236116e-01;9.435102e-02;7.482570e-02;3.352117e-02;9.786546e-02;3.960165e-02;1.318244e-01;1.297249e-01;6.619512e-02;6.212916e-02
4.901782e-02;1.066358e-01;8.361930e-02;7.907940e-02;8.151076e-02;2.752513e-02;5.959257e-02;7.157239e-02;1.530129e-01;1.483682e-01;7.236455e-02;6.770109e-02
5.844922e-02;1.183566e-01;5.223021e-02;1.060926e-01;1.001000e-01;3.980367e-02;5.414671e-02;7.595326e-02;1.391161e-01;1.256352e-01;6.718969e-02;6.292672e-02
8.289231e-02;7.300157e-02;1.109693e-01;1.450336e-01;8.050408e-02;3.739834e-02;4.120813e-02;6.673532e-02;1.123950e-01;1.227667e-01;7.902867e-02;4.806694e-02
8.828742e-02;5.559960e-02;1.210503e-01;1.121988e-01;7.942977e-02;4.489058e-02;8.456288e-02;5.304290e-02;9.013675e-02;1.302916e-01;9.453218e-02;4.597722e-02
6.795562e-02;7.739256e-02;1.561053e-01;7.660116e-02;5.758188e-02;5.808946e-02;1.017732e-01;5.312707e-02;6.781532e-02;1.247616e-01;9.856430e-02;6.023251e-02
1.386394e-01;9.375777e-02;1.445796e-01;8.831429e-02;3.308887e-02;5.981825e-02;9.291504e-02;5.020395e-02;6.533287e-02;7.836871e-02;6.400814e-02;9.097311e-02
2.693558e-01;1.215223e-01;1.519944e-01;5.342774e-02;1.706722e-02;4.513463e-02;8.173905e-02;5.109210e-02;5.483626e-02;4.319960e-02;3.445062e-02;7.618034e-02
3.112136e-01;1.908065e-01;2.010906e-01;2.652261e-02;8.085656e-03;2.435308e-02;5.228426e-02;4.393353e-02;5.025547e-02;3.350692e-02;1.808605e-02;3.986156e-02
2.665091e-01;2.682961e-01;2.421291e-01;2.322863e-02;7.122658e-03;1.640234e-02;2.895946e-02;2.069936e-02;6.433305e-02;3.380173e-02;1.121003e-02;1.730839e-02
1.915054e-01;3.024830e-01;3.074319e-01;2.350428e-02;7.357615e-03;2.609982e-02;1.259605e-02;9.232445e-03;7.562909e-02;2.121534e-02;8.643578e-03;1.430145e-02
1.183861e-01;2.698024e-01;4.103245e-01;2.300783e-02;9.452106e-03;2.696714e-02;1.334525e-02;1.259576e-02;6.453129e-02;3.089285e-02;4.923684e-03;1.577111e-02
6.603759e-02;1.931185e-01;5.438399e-01;2.623896e-02;8.636409e-03;1.987598e-02;1.372054e-02;1.253965e-02;3.933132e-02;5.763006e-02;4.459170e-03;1.457189e-02
4.576737e-02;1.008274e-01;5.974333e-01;5.240421e-02;1.536722e-02;1.178731e-02;2.361121e-02;8.555486e-03;2.712771e-02;9.073514e-02;1.426797e-02;1.211570e-02
3.826189e-02;4.333420e-02;5.484052e-01;1.051043e-01;3.372907e-02;1.520213e-02;2.773159e-02;1.256834e-02;3.310217e-02;7.687503e-02;5.107572e-02;1.461037e-02
2.931740e-02;5.161994e-02;4.301374e-01;1.568044e-01;7.072025e-02;2.635516e-02;2.585277e-02;1.607602e-02;4.684640e-02;2.587546e-02;9.426074e-02;2.613407e-02
3.213513e-02;4.553220e-02;3.655496e-01;1.465214e-01;8.662470e-02;3.390160e-02;5.754211e-02;2.437271e-02;4.429634e-02;4.563256e-02;8.866380e-02;2.922789e-02
6.941842e-02;8.443459e-02;3.030013e-01;1.165058e-01;8.357367e-02;3.621356e-02;7.593931e-02;2.725712e-02;6.114682e-02;4.712388e-02;6.998657e-02;2.539887e-02
1.149665e-01;1.249418e-01;2.483294e-01;8.530523e-02;5.596000e-02;2.118839e-02;8.061841e-02;3.815740e-02;5.499282e-02;8.214108e-02;7.469841e-02;1.870059e-02
9.721649e-02;1.095093e-01;4.471280e-01;5.491053e-02;4.778820e-02;2.712131e-02;2.693844e-02;2.825269e-02;2.140633e-02;4.063786e-02;7.880322e-02;2.028763e-02
4.494800e-02;9.404033e-02;4.901263e-01;4.787273e-02;3.903927e-02;2.503615e-02;3.090013e-02;2.445043e-02;3.822069e-02;9.920215e-02;5.415145e-02;1.201246e-02
3.303092e-02;5.651667e-02;3.950716e-01;8.541130e-02;4.649542e-02;4.725311e-02;4.979980e-02;2.324641e-02;6.083738e-02;1.459311e-01;4.051004e-02;1.589626e-02
6.116968e-02;6.144270e-02;2.518809e-01;1.117902e-01;5.916169e-02;5.524572e-02;6.351388e-02;2.801165e-02;9.424792e-02;1.401097e-01;4.879205e-02;2.463394e-02
8.174971e-02;8.759975e-02;1.737789e-01;9.515923e-02;5.895924e-02;5.867695e-02;5.081221e-02;3.146324e-02;1.163497e-01;1.427417e-01;6.629951e-02;3.640985e-02
9.571597e-02;7.292920e-02;1.526954e-01;7.962571e-02;4.907546e-02;7.365826e-02;4.401170e-02;3.672940e-02;9.974120e-02;1.787038e-01;6.519397e-02;5.191994e-02
1.016045e-01;5.025842e-02;2.095861e-01;1.116159e-01;6.570216e-02;5.885716e-02;8.644515e-02;3.406405e-02;6.663204e-02;1.105912e-01;5.354803e-02;5.109518e-02
7.515449e-02;6.336749e-02;2.651778e-01;1.079241e-01;6.700585e-02;4.179423e-02;9.843504e-02;2.832861e-02;3.677045e-02;9.420086e-02;5.408435e-02;6.775668e-02
4.370159e-02;8.940567e-02;3.356200e-01;9.118514e-02;4.780739e-02;2.672264e-02;6.949429e-02;2.653583e-02;7.090692e-02;9.361092e-02;5.241188e-02;5.259781e-02
8.386987e-02;1.623797e-01;3.345973e-01;5.235716e-02;2.053217e-02;1.281036e-02;3.010314e-02;4.615349e-02;1.325610e-01;6.141929e-02;3.784601e-02;2.537047e-02
1.847964e-01;2.089266e-01;2.377488e-01;2.390185e-02;1.555323e-02;9.558049e-03;2.344212e-02;8.661224e-02;1.206003e-01;3.825507e-02;2.724623e-02;2.335924e-02
2.273904e-01;1.637262e-01;1.935908e-01;3.151961e-02;1.754883e-02;8.684141e-03;7.741074e-02;1.061114e-01;5.183469e-02;3.472614e-02;3.016008e-02;5.729689e-02
1.554874e-01;1.012494e-01;1.617992e-01;5.271979e-02;2.730847e-02;1.915900e-02;1.838821e-01;6.781646e-02;3.781952e-02;3.944551e-02;4.091961e-02;1.123935e-01
6.472485e-02;8.431634e-02;1.230905e-01;4.776313e-02;2.938724e-02;3.289150e-02;2.864716e-01;2.224588e-02;4.757811e-02;3.813415e-02;5.145432e-02;1.719423e-01
5.166255e-02;3.767706e-02;1.509113e-01;5.326255e-02;1.753642e-02;4.564408e-02;2.752107e-01;7.190762e-02;4.396151e-02;3.493708e-02;5.857878e-02;1.587104e-01
5.770783e-02;2.078429e-02;1.727018e-01;8.581859e-02;2.278435e-02;6.111502e-02;2.059440e-01;6.542871e-02;5.757439e-02;4.458204e-02;8.949319e-02;1.160658e-01
7.346479e-02;2.059243e-02;2.403805e-01;7.199804e-02;2.491002e-02;9.791424e-02;9.816512e-02;6.194109e-02;6.996989e-02;5.413527e-02;1.342986e-01;5.222995e-02
6.989545e-02;2.803749e-02;2.479741e-01;4.161858e-02;2.770430e-02;1.121707e-01;7.363433e-02;6.930603e-02;7.391913e-02;7.327414e-02;1.503447e-01;3.212099e-02
8.409134e-02;5.496019e-02;1.928836e-01;4.008782e-02;4.741736e-02;9.900916e-02;1.026852e-01;4.286977e-02;9.375480e-02;9.256655e-02;1.128039e-01;3.687037e-02
8.950382e-02;5.237765e-02;1.729417e-01;5.313192e-02;4.954248e-02;7.651176e-02;1.454975e-01;4.408640e-02;1.013091e-01;1.064823e-01;6.718034e-02;4.143496e-02
7.443610e-02;4.975570e-02;1.815811e-01;6.332892e-02;4.269364e-02;6.459548e-02;1.823876e-01;6.186675e-02;8.711997e-02;1.083480e-01;4.176031e-02;4.212644e-02
7.039115e-02;4.598386e-02;2.102831e-01;8.381486e-02;3.737516e-02;5.887897e-02;1.299857e-01;7.985379e-02;6.738807e-02;9.839180e-02;6.560618e-02;5.204736e-02
7.324350e-02;7.945751e-02;1.862505e-01;9.018967e-02;5.020641e-02;6.863312e-02;8.152762e-02;7.724219e-02;5.560193e-02;7.100913e-02;8.035700e-02;8.628137e-02
9.547521e-02;6.955972e-02;1.146732e-01;6.602014e-02;4.741275e-02;8.502186e-02;1.008450e-01;7.483451e-02;6.809156e-02;9.048026e-02;9.237929e-02;9.520639e-02
8.197404e-02;6.667823e-02;1.852343e-01;6.519467e-02;3.213850e-02;9.051473e-02;8.974786e-02;5.667497e-02;1.090687e-01;6.926990e-02;9.301584e-02;6.048820e-02
5.402886e-02;7.300640e-02;1.706684e-01;6.153397e-02;6.286293e-02;9.994876e-02;1.111616e-01;4.652367e-02;1.286935e-01;7.379957e-02;8.197164e-02;3.580072e-02
8.425338e-02;4.456118e-02;2.338791e-01;4.386905e-02;5.846013e-02;7.609480e-02;1.354498e-01;3.250429e-02;1.030306e-01;9.459094e-02;5.785205e-02;3.545468e-02
8.037566e-02;5.627926e-02;1.237822e-01;4.599130e-02;3.365550e-02;5.322601e-02;1.348749e-01;7.684594e-02;1.602286e-01;9.219483e-02;9.299583e-02;4.954992e-02
6.842016e-02;5.904102e-02;1.032368e-01;4.123367e-02;3.341142e-02;4.062752e-02;1.325751e-01;1.025195e-01;1.615435e-01;9.124114e-02;1.025890e-01;6.356112e-02
6.304679e-02;5.906972e-02;9.778401e-02;4.057798e-02;3.517412e-02;3.308316e-02;1.317430e-01;1.031067e-01;1.471123e-01;8.632368e-02;1.153438e-01;8.763478e-02
9.342721e-02;5.888917e-02;9.578457e-02;4.202796e-02;3.581830e-02;3.079486e-02;1.253980e-01;7.443947e-02;8.949578e-02;5.407720e-02;1.465004e-01;1.533470e-01
1.221118e-01;7.891922e-02;1.238975e-01;5.867463e-02;4.753182e-02;3.019149e-02;1.035607e-01;3.330661e-02;4.974424e-02;4.512357e-02;1.093671e-01;1.975713e-01
8.056685e-02;5.273183e-02;2.146070e-01;6.747535e-02;9.411373e-02;6.518715e-02;1.529735e-01;5.081996e-02;4.347295e-02;3.758688e-02;5.769693e-02;8.276791e-02
5.019367e-02;5.653187e-02;2.434497e-01;1.092116e-01;1.087396e-01;6.333893e-02;1.524164e-01;4.540455e-02;3.611028e-02;3.059348e-02;6.622148e-02;3.778843e-02
3.251713e-02;6.010013e-02;2.600731e-01;1.908163e-01;1.150572e-01;4.535482e-02;1.014929e-01;2.988902e-02;2.228416e-02;1.773401e-02;8.479231e-02;3.988886e-02
1.674033e-02;4.769871e-02;2.709320e-01;3.148985e-01;1.023440e-01;2.514392e-02;2.640986e-02;2.836966e-02;1.033911e-02;1.140770e-02;1.131719e-01;3.254439e-02
1.184399e-02;2.429856e-02;2.686920e-01;3.688608e-01;5.450249e-02;2.350268e-02;2.164680e-02;6.138581e-02;2.366205e-02;1.956285e-02;1.059773e-01;1.606470e-02
1.221692e-02;2.191861e-02;2.233059e-01;3.429270e-01;9.195379e-02;2.762443e-02;1.837461e-02;8.706196e-02;6.665776e-02;1.266393e-02;7.792097e-02;1.737411e-02
1.442990e-02;2.013316e-02;1.340203e-01;2.268117e-01;1.750841e-01;4.809638e-02;5.028090e-02;6.019294e-02;1.513646e-01;4.096353e-02;3.396669e-02;4.465586e-02
3.814119e-02;1.221015e-02;7.975136e-02;1.163744e-01;2.107534e-01;1.048872e-01;1.144405e-01;2.158923e-02;1.576870e-01;7.620898e-02;1.677021e-02;5.118637e-02
5.943344e-02;3.893423e-02;3.777137e-02;5.070329e-02;1.664194e-01;1.619288e-01;2.543087e-01;1.927499e-02;7.263070e-02;7.567309e-02;2.875314e-02;3.416889e-02
3.641137e-02;9.502618e-02;2.790314e-02;2.250926e-02;9.672548e-02;1.354429e-01;4.337885e-01;3.218004e-02;2.812053e-02;4.592871e-02;2.883242e-02;1.713152e-02
1.101481e-02;9.571376e-02;5.862590e-02;2.128264e-02;6.406172e-02;7.183979e-02;5.401165e-01;5.315097e-02;2.633227e-02;2.422022e-02;2.424086e-02;9.400504e-03
9.637009e-03;4.186886e-02;1.143099e-01;1.224854e-02;4.215147e-02;4.210635e-02;5.568031e-01;8.870937e-02;2.972247e-02;2.961502e-02;1.825380e-02;1.457408e-02
1.458041e-02;1.186943e-02;1.288930e-01;1.468782e-02;2.919314e-02;4.913630e-02;5.039678e-01;1.175571e-01;5.345350e-02;4.205298e-02;1.193643e-02;2.267206e-02
1.338658e-02;2.418873e-02;7.317590e-02;3.386004e-02;4.310256e-02;5.770728e-02;4.844342e-01;1.161039e-01;7.506105e-02;4.224995e-02;1.399935e-02;2.273043e-02
8.213403e-03;2.479355e-02;4.396539e-02;3.268877e-02;3.658874e-02;5.594466e-02;5.896260e-01;9.642294e-02;5.232161e-02;3.479091e-02;8.845515e-03;1.579853e-02
1.191698e-02;1.549977e-02;3.188713e-02;3.242817e-02;4.880450e-02;5.552332e-02;6.647528e-01;7.335595e-02;3.125385e-02;1.595665e-02;7.190393e-03;1.143045e-02
1.370418e-02;1.329655e-02;3.400269e-02;5.731321e-02;8.034896e-02;7.007155e-02;6.086605e-01;6.069554e-02;2.335835e-02;1.845966e-02;1.054643e-02;9.542415e-03
1.149693e-02;1.469867e-02;1.183603e-01;8.287518e-02;9.337534e-02;5.834884e-02;4.642908e-01;6.588989e-02;3.017466e-02;2.922470e-02;1.842095e-02;1.284368e-02
1.484994e-02;1.985508e-02;1.694071e-01;7.084996e-02;6.535192e-02;4.138498e-02;4.520589e-01;5.805120e-02;3.668761e-02;3.126715e-02;2.439179e-02;1.584442e-02
1.687680e-02;1.978651e-02;2.382283e-01;6.019493e-02;4.080617e-02;2.949429e-02;4.443721e-01;5.503117e-02;3.390057e-02;3.184345e-02;1.825170e-02;1.121401e-02
1.528484e-02;4.448929e-02;2.142891e-01;7.736724e-02;4.654092e-02;5.099967e-02;4.234950e-01;4.799283e-02;2.579793e-02;2.531414e-02;1.610470e-02;1.232432e-02
2.330324e-02;7.905650e-02;1.883939e-01;1.216422e-01;1.201288e-01;6.934760e-02;2.538134e-01;4.340448e-02;2.253964e-02;2.632971e-02;3.509178e-02;1.694879e-02
1.157632e-02;6.372128e-02;2.110294e-01;1.744605e-01;1.579300e-01;5.580244e-02;1.460193e-01;4.592527e-02;2.425518e-02;2.737937e-02;6.084013e-02;2.106085e-02
1.129613e-02;3.829386e-02;3.211311e-01;1.832777e-01;1.275669e-01;3.267246e-02;1.323066e-01;3.766655e-02;1.952955e-02;2.033640e-02;6.063007e-02;1.529271e-02
4.119805e-02;6.728189e-02;3.924969e-01;1.431304e-01;7.540406e-02;2.751254e-02;1.399492e-01;2.337663e-02;2.121836e-02;2.208117e-02;3.635048e-02;1.000029e-02
9.665302e-02;1.195211e-01;3.238742e-01;1.004693e-01;4.402655e-02;2.254584e-02;1.711139e-01;2.472808e-02;2.976599e-02;3.239377e-02;2.035660e-02;1.455163e-02
1.308787e-01;1.549757e-01;1.929234e-01;7.442868e-02;6.643089e-02;3.865433e-02;1.900662e-01;3.712614e-02;3.666110e-02;3.378973e-02;2.751115e-02;1.655404e-02
1.176761e-01;1.284609e-01;2.138626e-01;6.248671e-02;8.782493e-02;4.194577e-02;1.814575e-01;6.736892e-02;2.475360e-02;2.525798e-02;3.800433e-02;1.090069e-02
6.985948e-02;6.350432e-02;2.082302e-01;5.088799e-02;8.730723e-02;4.985200e-02;2.350056e-01;7.723212e-02;5.508814e-02;3.948059e-02;3.822292e-02;2.532941e-02
4.633536e-02;5.656767e-02;2.575296e-01;4.999964e-02;7.090715e-02;4.475278e-02;2.008491e-01;6.427370e-02;7.283233e-02;5.827298e-02;3.102274e-02;4.665696e-02
5.583325e-02;6.506301e-02;3.157398e-01;3.931768e-02;5.931756e-02;4.834476e-02;1.625311e-01;5.220129e-02;5.680897e-02;5.930252e-02;3.649230e-02;4.904773e-02
4.453384e-02;7.382452e-02;3.545689e-01;6.779170e-02;5.075676e-02;3.741089e-02;1.680076e-01;4.528145e-02;4.068761e-02;5.154510e-02;3.366825e-02;3.192345e-02
1.056120e-01;9.965635e-02;3.329897e-01;6.624282e-02;6.312721e-02;3.313575e-02;1.288735e-01;4.267218e-02;3.698396e-02;3.317105e-02;2.760809e-02;2.992732e-02
1.768319e-01;1.377125e-01;2.922020e-01;6.185583e-02;6.564310e-02;2.904928e-02;6.192581e-02;5.235637e-02;3.659816e-02;2.430450e-02;2.900545e-02;3.251509e-02
2.282927e-01;1.443678e-01;2.166785e-01;6.641836e-02;6.408048e-02;2.499139e-02;7.262395e-02;6.265756e-02;2.551377e-02;2.192645e-02;2.882024e-02;4.362869e-02
1.882759e-01;1.016804e-01;1.784886e-01;1.079541e-01;6.666090e-02;2.148474e-02;1.255481e-01;4.693111e-02;1.721590e-02;3.497390e-02;3.574548e-02;7.504092e-02
6.715298e-02;6.701440e-02;1.428234e-01;1.613523e-01;7.483797e-02;3.413420e-02;1.581215e-01;3.408517e-02;1.444716e-02;5.315861e-02;7.792910e-02;1.149432e-01
6.003194e-02;4.276884e-02;1.537277e-01;1.132964e-01;7.281625e-02;5.793273e-02;1.467521e-01;4.252085e-02;1.934964e-02;7.145573e-02;1.196986e-01;9.964910e-02
8.157417e-02;6.221701e-02;1.716459e-01;3.778392e-02;7.974178e-02;7.018206e-02;1.161074e-01;4.655483e-02;3.162093e-02;1.123960e-01;1.282522e-01;6.192384e-02
1.124891e-01;8.480155e-02;1.103177e-01;4.814228e-02;7.315857e-02;4.796507e-02;9.727262e-02;4.512227e-02;6.719217e-02;1.786964e-01;8.749366e-02;4.734856e-02
8.823748e-02;7.261080e-02;9.010382e-02;8.907774e-02;5.136914e-02;4.727652e-02;1.060363e-01;5.555992e-02;9.253675e-02;1.801539e-01;6.663324e-02;6.040436e-02
6.803013e-02;7.096209e-02;1.432426e-01;8.604381e-02;6.060459e-02;8.342570e-02;7.803492e-02;3.608970e-02;7.440398e-02;1.435460e-01;9.560752e-02;6.000899e-02
5.263636e-02;6.819478e-02;1.800679e-01;4.979705e-02;4.606598e-02;1.269913e-01;8.287677e-02;3.327142e-02;6.668334e-02;1.133846e-01;1.241762e-01;5.585432e-02
4.482533e-02;4.230225e-02;1.687818e-01;2.678222e-02;4.161816e-02;1.409144e-01;1.319491e-01;4.328705e-02;9.509826e-02;7.454051e-02;1.399958e-01;4.990512e-02
7.384095e-02;2.825243e-02;1.321857e-01;1.819697e-02;3.532081e-02;1.192381e-01;1.800596e-01;2.772358e-02;1.122559e-01;5.766478e-02;1.391542e-01;7.610706e-02
8.557217e-02;3.880897e-02;1.302999e-01;3.626022e-02;3.084244e-02;9.267021e-02;1.717881e-01;2.929231e-02;8.122825e-02;8.457793e-02;1.376306e-01;8.102889e-02
7.699754e-02;3.465231e-02;1.267124e-01;3.291817e-02;3.561081e-02;9.062425e-02;1.363298e-01;4.373533e-02;8.959287e-02;1.418874e-01;1.295449e-01;6.139429e-02
5.921381e-02;4.995897e-02;1.383244e-01;2.688367e-02;5.479171e-02;1.004610e-01;1.328086e-01;4.880480e-02;1.026150e-01;1.482910e-01;1.010064e-01;3.684056e-02
5.928466e-02;7.772882e-02;1.328866e-01;4.311914e-02;6.528158e-02;8.393394e-02;1.643059e-01;4.224407e-02;8.361523e-02;1.053226e-01;9.535225e-02;4.692520e-02
8.522103e-02;7.380458e-02;9.378152e-02;4.255503e-02;6.724650e-02;6.825745e-02;1.565477e-01;6.994079e-02;7.938883e-02;9.721170e-02;8.636436e-02;7.968055e-02
5.978743e-02;6.871226e-02;1.320966e-01;4.100394e-02;7.029464e-02;7.449386e-02;1.776038e-01;6.723345e-02;5.543856e-02;8.546121e-02;8.351811e-02;8.435617e-02
9.802368e-02;6.721421e-02;1.738160e-01;5.225229e-02;7.102858e-02;8.659916e-02;1.151787e-01;4.492846e-02;7.130961e-02;7.683796e-02;8.585812e-02;5.695321e-02
9.445305e-02;6.650047e-02;1.111697e-01;6.400458e-02;4.815639e-02;7.264809e-02;1.228685e-01;2.901121e-02;1.092451e-01;1.048469e-01;9.434499e-02;8.275091e-02
5.663218e-02;7.675564e-02;8.201355e-02;8.157041e-02;6.045128e-02;5.438374e-02;1.605893e-01;3.906348e-02;1.304533e-01;1.083916e-01;7.024121e-02;7.945427e-02
6.856975e-02;1.099397e-01;1.216704e-01;7.139422e-02;6.490285e-02;3.684564e-02;1.758389e-01;5.195060e-02;1.088151e-01;6.988395e-02;5.374363e-02;6.644537e-02
7.136156e-02;1.067657e-01;1.749157e-01;7.781409e-02;9.086546e-02;5.330478e-02;1.345123e-01;4.236754e-02;8.189327e-02;6.320012e-02;3.586805e-02;6.713137e-02
4.409977e-02;8.234261e-02;2.022660e-01;6.632291e-02;8.655541e-02;4.040328e-02;9.836091e-02;5.516998e-02;9.107265e-02;1.329426e-01;4.479318e-02;5.567070e-02
3.491710e-02;4.549888e-02;2.621926e-01;6.332299e-02;6.446698e-02;2.305523e-02;1.037780e-01;6.348597e-02;8.962162e-02;1.536775e-01;5.126048e-02;4.472274e-02
5.057464e-02;5.410369e-02;1.924952e-01;5.417605e-02;6.831738e-02;6.081285e-02;2.247724e-01;2.965621e-02;6.079698e-02;1.151670e-01;5.799340e-02;3.113414e-02
4.228301e-02;4.778495e-02;8.979118e-02;4.916188e-02;1.038811e-01;1.282372e-01;3.368568e-01;4.999445e-02;3.505530e-02;6.802496e-02;2.744695e-02;2.148235e-02
4.126866e-02;3.252039e-02;8.507017e-02;6.868348e-02;1.021870e-01;1.627825e-01;3.353152e-01;4.311702e-02;2.519372e-02;6.986962e-02;1.542324e-02;1.856910e-02
3.377463e-02;2.521520e-02;3.913278e-02;9.060375e-02;9.155301e-02;1.877178e-01;3.892697e-01;2.519053e-02;1.816811e-02;7.861181e-02;8.869709e-03;1.189297e-02
2.408984e-02;5.509409e-02;1.153275e-02;7.130243e-02;6.318884e-02;1.305879e-01;5.093017e-01;3.710545e-02;2.508248e-02;5.127477e-02;1.577239e-02;5.667380e-03
7.838402e-03;7.154760e-02;3.440405e-02;3.336393e-02;6.080239e-02;5.421190e-02;5.526069e-01;1.051554e-01;3.084874e-02;2.270365e-02;2.151686e-02;5.000220e-03
1.208639e-02;4.494216e-02;8.526567e-02;2.373961e-02;5.158170e-02;3.748462e-02;4.677672e-01;1.699455e-01;3.914762e-02;3.888374e-02;1.361613e-02;1.553968e-02
1.280361e-02;1.712912e-02;1.244037e-01;3.839336e-02;3.182590e-02;4.793351e-02;3.461965e-01;1.852035e-01;1.031090e-01;5.770205e-02;8.058143e-03;2.724154e-02
1.593383e-02;1.826133e-02;1.050565e-01;8.129077e-02;2.239259e-02;4.505147e-02;2.208505e-01;1.476383e-01;2.348244e-01;7.144105e-02;1.137838e-02;2.588096e-02
3.204239e-02;2.282058e-02;3.824165e-02;1.069813e-01;3.331946e-02;2.982250e-02;2.857984e-01;1.022107e-01;2.630229e-01;6.504892e-02;7.352524e-03;1.333862e-02
3.902073e-02;1.908034e-02;5.227432e-02;1.111629e-01;3.889861e-02;3.608131e-02;3.074016e-01;6.711595e-02;2.301342e-01;7.378340e-02;1.156431e-02;1.348238e-02
3.822292e-02;1.752914e-02;6.312852e-02;9.532597e-02;3.861000e-02;4.509466e-02;2.947293e-01;6.258406e-02;1.989626e-01;9.989041e-02;2.234725e-02;2.357517e-02
2.532518e-02;2.323192e-02;6.781824e-02;8.008741e-02;3.814918e-02;4.887952e-02;3.339218e-01;5.709174e-02;1.467800e-01;1.186210e-01;3.513907e-02;2.495494e-02
2.766261e-02;5.538796e-02;6.434774e-02;1.215474e-01;4.254063e-02;5.438306e-02;2.781847e-01;7.689156e-02;8.328291e-02;1.236935e-01;3.948185e-02;3.259608e-02
3.696744e-02;5.474992e-02;8.837860e-02;1.233197e-01;3.972171e-02;4.662271e-02;2.064343e-01;8.616851e-02;1.114410e-01;1.208290e-01;5.151724e-02;3.384977e-02
3.522480e-02;3.673009e-02;1.030351e-01;1.095188e-01;3.007583e-02;5.066498e-02;2.586294e-01;6.702512e-02;1.418967e-01;9.468165e-02;5.047431e-02;2.204320e-02
4.455851e-02;2.333091e-02;9.759901e-02;1.225203e-01;2.964379e-02;4.128161e-02;2.662246e-01;7.664328e-02;1.384789e-01;9.929112e-02;4.091713e-02;1.951092e-02
4.379026e-02;5.057694e-02;8.755968e-02;1.238562e-01;2.929504e-02;2.981764e-02;2.746477e-01;1.035035e-01;9.916846e-02;8.779138e-02;3.304252e-02;3.695072e-02
5.749918e-02;6.127495e-02;9.506539e-02;8.017217e-02;2.823265e-02;5.756122e-02;3.430544e-01;1.108315e-01;5.328086e-02;6.157165e-02;2.020598e-02;3.125004e-02
6.195975e-02;4.159180e-02;5.357423e-02;6.802203e-02;3.282486e-02;8.521587e-02;4.057091e-01;9.515368e-02;4.657427e-02;6.280184e-02;1.953946e-02;2.703311e-02
5.480263e-02;3.350822e-02;5.038531e-02;4.995578e-02;6.518228e-02;1.014946e-01;4.152421e-01;4.439146e-02;5.775474e-02;7.479398e-02;2.536427e-02;2.712467e-02
5.126896e-02;4.117035e-02;6.994493e-02;4.837907e-02;6.619559e-02;7.486035e-02;3.244362e-01;9.422271e-02;7.706983e-02;8.927538e-02;3.902106e-02;2.415564e-02
8.158197e-02;5.583294e-02;8.838081e-02;7.239483e-02;3.712397e-02;5.077909e-02;2.647845e-01;7.011089e-02;1.273558e-01;8.853069e-02;3.497768e-02;2.814677e-02
8.067740e-02;6.787876e-02;1.018806e-01;1.032264e-01;2.781851e-02;5.595744e-02;1.983364e-01;8.033817e-02;1.615903e-01;5.649982e-02;2.427907e-02;4.151711e-02
8.468796e-02;7.760011e-02;8.465797e-02;9.786959e-02;4.539409e-02;4.720884e-02;1.772949e-01;9.457245e-02;1.572049e-01;5.887963e-02;3.701077e-02;3.761882e-02
8.794540e-02;6.670109e-02;7.478776e-02;8.559593e-02;4.551468e-02;4.786064e-02;2.585533e-01;7.890797e-02;1.152559e-01;7.132053e-02;3.587515e-02;3.168166e-02
7.782449e-02;6.345335e-02;1.369725e-01;7.385752e-02;4.931070e-02;5.379045e-02;2.461570e-01;8.530430e-02;8.820090e-02;5.934384e-02;3.551109e-02;3.027374e-02
5.562713e-02;7.331754e-02;1.634413e-01;7.635741e-02;4.937372e-02;5.520856e-02;1.937055e-01;1.046965e-01;9.666304e-02;6.598519e-02;3.038089e-02;3.524320e-02
9.016628e-02;7.689366e-02;1.501029e-01;5.716344e-02;5.521677e-02;5.534285e-02;1.819178e-01;1.039275e-01;9.785207e-02;7.189053e-02;3.333555e-02;2.619063e-02
9.349390e-02;4.223849e-02;1.739855e-01;5.299233e-02;5.733614e-02;6.121839e-02;2.259754e-01;8.906785e-02;7.277035e-02;5.979908e-02;4.107507e-02;3.004749e-02
9.159905e-02;6.299917e-02;1.507819e-01;5.963972e-02;7.395355e-02;9.187068e-02;1.715374e-01;7.217522e-02;7.238651e-02;5.590882e-02;6.391404e-02;3.323395e-02
9.388498e-02;7.029694e-02;1.625438e-01;5.619833e-02;7.903574e-02;8.487882e-02;1.201390e-01;7.659448e-02;6.619649e-02;7.491248e-02;6.077193e-02;5.454698e-02
7.670966e-02;7.767912e-02;1.224872e-01;4.209922e-02;9.819854e-02;4.499472e-02;2.089591e-01;8.406314e-02;6.659913e-02;6.531949e-02;5.570097e-02;5.718966e-02
