1.834400e-01;9.359957e-02;3.120365e-02;1.999527e-02;3.406199e-02;5.124211e-02;1.888069e-01;1.546852e-01;4.029113e-02;5.159643e-02;1.296679e-01;2.140988e-02
1.747833e-01;6.059873e-02;3.615724e-02;2.602314e-02;5.124198e-02;6.097089e-02;1.908130e-01;5.497949e-02;6.050048e-02;4.813253e-02;2.052369e-01;3.056238e-02
1.216589e-01;1.038017e-01;4.759767e-02;2.173789e-02;6.061971e-02;6.139391e-02;1.967819e-01;9.785889e-02;6.817298e-02;7.135154e-02;1.050416e-01;4.398333e-02
1.428987e-01;9.797520e-02;3.649232e-02;6.236728e-02;5.384379e-02;5.585096e-02;1.834090e-01;7.615399e-02;8.740593e-02;6.782233e-02;8.969675e-02;4.608370e-02
1.235989e-01;7.450566e-02;3.910751e-02;6.216570e-02;4.238952e-02;5.824809e-02;1.909119e-01;9.894671e-02;1.146014e-01;6.641272e-02;9.256352e-02;3.654837e-02
1.254981e-01;8.209423e-02;2.941331e-02;3.386796e-02;6.007265e-02;5.463638e-02;1.349606e-01;1.385625e-01;1.407818e-01;7.976274e-02;8.893662e-02;3.141327e-02
1.166966e-01;9.116253e-02;3.132112e-02;3.940418e-02;8.592232e-02;5.129664e-02;1.327307e-01;1.110268e-01;8.208894e-02;1.067031e-01;8.428788e-02;6.735916e-02
1.351169e-01;1.120248e-01;4.364026e-02;3.666194e-02;5.965000e-02;4.178717e-02;1.233365e-01;1.315577e-01;6.033426e-02;1.010207e-01;1.050074e-01;4.986241e-02
1.475456e-01;1.896942e-01;3.440944e-02;3.451325e-02;3.237519e-02;3.047973e-02;9.527902e-02;1.560195e-01;7.308410e-02;6.458606e-02;1.257683e-01;1.624558e-02
1.678115e-01;1.448697e-01;3.624643e-02;2.001027e-02;2.686569e-02;2.388105e-02;1.250876e-01;2.019621e-01;5.204695e-02;4.717242e-02;1.242489e-01;2.979741e-02
1.397596e-01;9.424182e-02;2.833670e-02;3.599447e-02;1.977103e-02;3.008466e-02;1.975394e-01;2.230775e-01;3.095119e-02;4.047102e-02;1.029539e-01;5.681869e-02
8.852190e-02;4.605652e-02;2.048870e-02;5.185674e-02;9.159613e-03;3.082263e-02;3.252666e-01;2.083201e-01;1.533354e-02;2.603543e-02;8.457131e-02;9.356691e-02
5.383626e-02;3.125798e-02;1.390673e-02;5.804840e-02;4.910294e-03;3.218652e-02;4.532870e-01;1.034991e-01;3.328549e-02;1.267807e-02;7.745928e-02;1.256448e-01
8.533876e-02;3.413154e-02;1.737007e-02;6.418777e-02;7.168500e-03;7.368946e-02;4.170733e-01;5.452570e-02;2.366497e-02;1.422426e-02;1.065693e-01;1.020564e-01
8.697352e-02;4.990138e-02;3.821860e-02;7.065301e-02;2.403960e-02;1.119651e-01;3.279818e-01;6.376922e-02;1.099870e-02;1.511741e-02;1.430047e-01;5.737700e-02
5.559131e-02;5.923246e-02;5.236250e-02;6.417524e-02;3.728652e-02;1.194733e-01;2.979357e-01;9.897667e-02;1.139732e-02;2.132184e-02;1.552758e-01;2.697138e-02
1.468662e-01;8.816527e-02;3.395580e-02;2.895713e-02;3.703089e-02;8.687419e-02;3.049278e-01;9.639254e-02;2.974606e-02;3.550648e-02;8.075342e-02;3.082418e-02
1.538321e-01;3.726387e-02;2.209513e-02;5.066834e-02;1.644613e-02;5.868623e-02;2.577897e-01;1.446402e-01;3.075514e-02;4.942165e-02;1.171381e-01;6.126349e-02
9.009606e-02;2.540616e-02;2.120863e-02;2.701074e-02;2.009100e-02;6.246216e-02;3.901625e-01;1.085868e-01;4.088803e-02;6.542074e-02;6.972627e-02;7.894088e-02
9.501892e-02;9.629089e-02;4.355258e-02;1.893090e-02;1.959830e-02;4.693241e-02;2.854452e-01;1.665849e-01;4.108996e-02;7.755872e-02;7.618514e-02;3.281209e-02
9.322440e-02;1.193923e-01;3.191603e-02;4.439401e-02;3.841840e-02;4.238267e-02;1.680517e-01;1.354006e-01;4.069540e-02;4.983339e-02;2.129153e-01;2.337573e-02
7.645520e-02;1.093345e-01;2.774806e-02;4.482622e-02;3.978010e-02;5.734834e-02;1.408503e-01;1.213245e-01;3.223324e-02;4.374036e-02;2.902119e-01;1.614732e-02
7.148032e-02;8.163902e-02;3.278226e-02;2.760518e-02;2.924161e-02;9.223578e-02;1.152766e-01;7.397677e-02;1.737927e-02;3.837006e-02;4.127120e-01;7.301135e-03
6.411192e-02;4.596678e-02;2.824350e-02;1.246821e-02;2.168918e-02;1.090114e-01;7.225642e-02;4.287178e-02;1.465796e-02;3.722737e-02;5.490054e-01;2.490081e-03
6.287716e-02;4.107654e-02;1.284236e-02;9.159300e-03;3.501225e-02;7.165805e-02;5.323858e-02;9.672397e-02;3.164777e-02;6.155969e-02;5.186625e-01;5.541901e-03
8.182629e-02;3.905976e-02;8.236564e-03;1.229005e-02;4.243308e-02;3.394025e-02;9.343274e-02;1.698762e-01;4.722787e-02;7.179303e-02;3.906149e-01;9.269213e-03
1.044451e-01;5.019532e-02;1.060344e-02;1.353975e-02;3.380053e-02;2.041945e-02;1.670221e-01;1.929132e-01;5.092889e-02;5.628411e-02;2.871385e-01;1.270953e-02
9.831783e-02;7.760076e-02;1.968841e-02;1.219203e-02;2.124462e-02;2.741646e-02;2.729690e-01;1.699717e-01;4.630243e-02;3.864601e-02;1.953927e-01;2.025813e-02
5.479240e-02;1.211629e-01;2.766906e-02;1.952546e-02;2.739750e-02;3.988219e-02;4.631096e-01;1.214888e-01;3.012555e-02;3.328256e-02;4.364989e-02;1.791401e-02
1.232940e-01;7.827916e-02;2.609745e-02;1.680000e-02;2.575791e-02;4.587512e-02;4.594831e-01;5.672996e-02;2.659900e-02;3.223412e-02;9.620909e-02;1.264105e-02
8.429863e-02;8.294108e-02;2.901562e-02;1.879643e-02;1.846183e-02;3.715368e-02;3.348735e-01;2.839744e-01;2.367772e-02;1.852872e-02;5.158062e-02;1.669777e-02
7.045981e-02;1.016817e-01;2.294484e-02;1.389532e-02;1.764958e-02;3.714562e-02;2.971697e-01;3.569367e-01;1.979844e-02;1.279790e-02;3.529470e-02;1.422573e-02
6.506415e-02;6.565377e-02;2.855535e-02;1.681780e-02;1.356618e-02;3.975789e-02;2.600425e-01;4.102360e-01;2.308946e-02;1.804824e-02;4.512268e-02;1.404602e-02
6.220007e-02;4.276166e-02;4.389486e-02;2.349701e-02;7.370816e-03;4.206543e-02;2.059943e-01;4.503942e-01;2.706694e-02;2.016122e-02;5.191978e-02;2.267375e-02
3.544367e-02;7.401164e-02;6.356650e-02;2.403156e-02;4.632921e-03;4.553178e-02;2.092716e-01;4.503739e-01;2.393529e-02;1.338583e-02;2.066154e-02;3.515371e-02
2.521756e-02;7.292435e-02;8.169091e-02;2.424834e-02;4.308617e-03;4.003594e-02;2.225470e-01;4.426900e-01;1.718771e-02;1.675577e-02;1.037672e-02;4.201710e-02
2.710722e-02;1.015098e-01;7.773790e-02;1.544823e-02;4.856745e-03;3.179924e-02;2.414778e-01;4.160765e-01;1.688390e-02;1.644333e-02;1.619737e-02;3.446203e-02
3.270796e-02;1.147848e-01;6.342913e-02;1.131371e-02;8.736444e-03;2.956043e-02;2.903664e-01;3.890522e-01;1.277940e-02;1.322996e-02;1.284048e-02;2.119904e-02
3.899871e-02;1.186590e-01;4.969997e-02;9.840776e-03;1.112632e-02;3.601270e-02;3.523507e-01;3.304243e-01;9.397312e-03;1.349055e-02;1.811008e-02;1.188961e-02
7.359074e-02;1.267385e-01;4.304145e-02;1.049691e-02;1.203327e-02;4.596856e-02;3.996335e-01;2.346568e-01;1.229603e-02;1.183813e-02;2.253811e-02;7.168154e-03
7.722408e-02;7.030582e-02;3.714427e-02;1.320201e-02;1.147539e-02;3.987109e-02;3.831144e-01;3.018806e-01;2.127100e-02;1.797233e-02;2.163617e-02;4.902812e-03
3.348541e-02;5.120972e-02;3.156621e-02;1.120490e-02;1.512433e-02;2.440278e-02;3.190317e-01;4.174028e-01;3.217641e-02;2.310546e-02;3.002436e-02;1.126595e-02
2.112934e-02;5.499883e-02;2.876694e-02;1.670692e-02;1.696276e-02;1.850153e-02;2.996100e-01;4.073894e-01;4.762375e-02;3.579283e-02;4.501379e-02;7.503909e-03
3.328425e-02;4.573857e-02;2.562149e-02;2.680203e-02;1.888846e-02;1.822133e-02;2.952060e-01;3.340002e-01;9.378351e-02;5.548503e-02;4.269785e-02;1.027138e-02
8.123153e-02;5.198173e-02;1.611053e-02;3.138706e-02;1.437771e-02;2.343213e-02;2.289887e-01;1.835173e-01;9.615756e-02;7.079405e-02;1.854003e-01;1.662151e-02
1.372861e-01;7.117679e-02;1.359016e-02;2.855931e-02;1.651594e-02;1.831848e-02;1.548917e-01;7.122418e-02;3.562695e-02;6.919686e-02;3.725461e-01;1.106749e-02
1.034172e-01;7.227946e-02;1.223712e-02;2.928848e-02;2.060832e-02;1.479187e-02;1.122534e-01;1.247156e-01;2.949202e-02;7.482959e-02;3.962442e-01;9.842686e-03
5.923224e-02;5.854037e-02;8.633328e-03;2.522330e-02;4.637748e-02;1.527924e-02;7.132664e-02;1.331118e-01;3.269515e-02;1.120114e-01;4.326354e-01;4.933661e-03
4.822009e-02;3.680268e-02;5.205299e-03;9.828213e-03;5.010246e-02;1.669590e-02;5.115804e-02;6.706078e-02;1.964996e-02;1.145711e-01;5.748661e-01;5.839363e-03
3.987632e-02;2.686874e-02;5.832478e-03;1.142251e-02;3.548292e-02;1.468880e-02;5.085542e-02;5.608131e-02;1.710763e-02;9.816486e-02;6.406825e-01;2.936536e-03
4.567106e-02;2.872382e-02;8.164161e-03;1.333967e-02;2.504601e-02;1.290258e-02;3.702848e-02;5.826076e-02;1.398035e-02;8.259433e-02;6.681833e-01;6.105565e-03
5.011300e-02;2.774946e-02;4.939914e-03;1.210952e-02;2.103632e-02;1.339302e-02;2.544193e-02;6.507575e-02;1.767762e-02;8.163526e-02;6.725104e-01;8.317743e-03
6.658232e-02;3.452801e-02;7.548526e-03;1.218299e-02;2.133921e-02;1.399480e-02;4.898921e-02;5.864271e-02;1.622278e-02;7.881353e-02;6.263741e-01;1.478185e-02
8.599746e-02;4.593104e-02;8.145876e-03;8.026823e-03;3.310126e-02;1.569249e-02;6.294511e-02;6.048463e-02;2.388971e-02;8.824203e-02;5.463232e-01;2.122033e-02
6.826881e-02;7.168749e-02;1.241337e-02;8.658090e-03;5.347841e-02;1.561651e-02;5.994240e-02;5.966575e-02;3.408729e-02;1.137354e-01;4.856035e-01;1.684298e-02
6.335379e-02;8.198029e-02;2.657930e-02;1.897231e-02;5.564491e-02;3.113253e-02;6.876621e-02;8.777434e-02;4.005309e-02;1.159391e-01;3.986857e-01;1.111833e-02
6.997278e-02;5.491036e-02;3.722088e-02;3.294348e-02;4.095770e-02;5.762331e-02;1.069450e-01;2.155622e-01;5.747232e-02;9.649746e-02;2.234206e-01;6.473916e-03
2.765581e-02;3.941916e-02;3.256639e-02;6.728002e-02;3.959709e-02;6.528945e-02;1.454817e-01;2.891906e-01;7.626519e-02;8.767594e-02;1.252400e-01;4.338711e-03
6.731618e-02;4.760709e-02;1.487348e-02;5.853736e-02;6.582686e-02;3.450214e-02;9.030211e-02;2.203774e-01;7.093062e-02;9.983161e-02;2.189464e-01;1.094878e-02
9.939453e-02;4.303591e-02;8.167657e-03;3.693068e-02;7.261167e-02;1.608169e-02;8.379149e-02;1.712689e-01;4.816882e-02;1.117006e-01;2.991696e-01;9.678423e-03
9.621660e-02;4.178937e-02;1.458864e-02;2.322513e-02;5.329270e-02;1.697334e-02;2.016962e-01;2.351098e-01;4.606619e-02;1.018261e-01;1.638534e-01;5.362622e-03
9.845074e-02;5.613211e-02;1.478984e-02;1.990074e-02;3.108005e-02;2.681872e-02;3.138205e-01;2.338091e-01;5.046947e-02;6.954460e-02;7.588220e-02;9.301974e-03
8.483242e-02;9.966063e-02;2.293375e-02;3.421617e-02;2.957263e-02;4.664463e-02;4.175052e-01;9.336326e-02;4.300540e-02;5.585917e-02;6.415688e-02;8.249902e-03
8.744874e-02;5.973518e-02;2.839890e-02;4.153505e-02;2.899177e-02;5.344356e-02;3.337424e-01;1.321874e-01;3.617496e-02;5.068394e-02;1.293062e-01;1.835187e-02
7.495055e-02;6.893257e-02;3.148832e-02;4.175718e-02;4.620943e-02;5.888765e-02;2.764859e-01;1.191493e-01;7.838984e-02;7.373992e-02;9.510216e-02;3.490718e-02
6.570252e-02;7.989903e-02;2.511659e-02;6.096584e-02;4.414631e-02;4.750412e-02;1.429886e-01;1.615653e-01;9.389520e-02;1.040914e-01;1.221873e-01;5.193787e-02
7.316945e-02;7.197999e-02;3.915387e-02;7.066672e-02;4.394500e-02;4.526478e-02;1.100140e-01;1.633976e-01;7.432220e-02;1.635652e-01;8.675354e-02;5.776759e-02
4.832175e-02;6.093156e-02;3.912836e-02;6.979147e-02;3.552046e-02;5.582032e-02;1.074509e-01;1.720616e-01;5.194223e-02;2.490987e-01;6.251934e-02;4.741333e-02
2.590787e-02;4.433211e-02;3.125911e-02;6.257287e-02;1.919947e-02;6.501749e-02;1.216698e-01;1.825700e-01;8.807006e-02;2.754514e-01;6.023882e-02;2.371107e-02
2.455541e-02;2.977018e-02;2.102599e-02;6.688479e-02;2.809351e-02;4.912714e-02;9.635966e-02;1.580483e-01;1.006742e-01;3.813070e-01;3.701499e-02;7.138781e-03
1.454412e-02;3.043715e-02;2.024877e-02;6.223815e-02;3.254123e-02;3.802605e-02;5.271390e-02;1.389446e-01;1.108933e-01;4.690349e-01;2.511497e-02;5.262915e-03
1.557150e-02;3.731649e-02;2.769875e-02;7.816935e-02;3.158991e-02;3.814274e-02;3.826683e-02;1.259307e-01;1.311697e-01;4.511791e-01;1.471271e-02;1.025226e-02
1.628409e-02;3.274382e-02;2.270460e-02;6.384719e-02;2.071412e-02;2.679381e-02;5.204537e-02;8.769437e-02;1.979894e-01;4.438132e-01;2.534800e-02;1.002203e-02
2.512498e-02;2.641725e-02;1.591367e-02;4.264302e-02;1.789870e-02;2.838895e-02;6.444270e-02;9.651292e-02;1.836823e-01;4.716698e-01;1.882391e-02;8.481824e-03
3.590893e-02;1.905041e-02;1.350676e-02;2.823674e-02;2.276413e-02;2.681636e-02;9.207440e-02;1.577043e-01;1.903032e-01;3.909940e-01;1.145684e-02;1.118396e-02
3.443366e-02;1.424426e-02;1.504139e-02;2.171463e-02;2.410893e-02;2.534254e-02;1.150672e-01;2.015526e-01;1.562093e-01;3.700221e-01;8.592717e-03;1.367067e-02
2.844951e-02;2.570718e-02;1.743435e-02;2.461138e-02;2.353954e-02;3.729492e-02;1.010106e-01;2.154005e-01;1.329429e-01;3.689100e-01;1.264874e-02;1.205029e-02
3.254961e-02;2.559182e-02;2.613290e-02;3.712141e-02;2.705266e-02;3.867257e-02;6.435083e-02;2.233986e-01;1.872131e-01;3.083925e-01;1.774336e-02;1.178073e-02
5.406705e-02;4.668372e-02;3.088442e-02;4.197771e-02;3.282274e-02;3.176074e-02;9.591877e-02;1.664651e-01;2.100215e-01;2.555226e-01;1.816480e-02;1.571083e-02
5.873523e-02;5.508978e-02;3.581197e-02;1.910069e-02;2.757057e-02;2.651984e-02;1.028395e-01;1.180037e-01;1.335230e-01;3.930488e-01;1.407161e-02;1.568542e-02
6.768595e-02;6.426975e-02;3.391250e-02;3.143922e-02;1.760050e-02;2.941718e-02;1.128435e-01;1.244964e-01;1.220447e-01;3.412934e-01;3.953417e-02;1.546277e-02
1.036237e-01;1.683534e-01;4.252151e-02;2.333140e-02;1.581608e-02;2.891833e-02;1.363882e-01;1.923119e-01;9.584934e-02;8.310214e-02;8.274201e-02;2.704198e-02
1.408692e-01;2.786304e-01;6.854599e-02;2.478728e-02;2.345243e-02;3.887836e-02;1.561135e-01;1.491906e-01;2.199643e-02;2.684575e-02;5.662398e-02;1.406607e-02
1.448545e-01;3.464467e-01;6.935985e-02;2.248799e-02;2.944615e-02;3.551055e-02;1.175546e-01;1.528891e-01;1.495270e-02;1.502051e-02;3.739570e-02;1.408174e-02
2.062414e-01;3.716040e-01;5.898425e-02;1.630747e-02;2.847018e-02;2.394678e-02;4.892820e-02;1.677335e-01;1.419187e-02;1.731626e-02;2.788077e-02;1.839527e-02
2.864655e-01;2.500663e-01;3.014440e-02;9.007366e-03;2.544495e-02;1.714700e-02;1.258582e-01;1.948993e-01;7.514241e-03;2.097690e-02;2.103758e-02;1.143826e-02
3.683701e-01;1.339479e-01;1.058405e-02;1.014328e-02;2.209048e-02;2.147378e-02;1.354285e-01;1.936561e-01;1.008941e-02;1.911829e-02;6.813877e-02;6.959339e-03
4.309404e-01;1.351644e-01;1.043296e-02;1.864660e-02;1.348008e-02;3.313341e-02;9.950357e-02;1.388912e-01;9.162216e-03;1.473016e-02;8.138979e-02;1.452520e-02
4.506005e-01;1.312375e-01;1.608340e-02;3.523374e-02;1.466985e-02;3.784196e-02;8.614991e-02;8.688307e-02;5.031935e-03;2.139695e-02;9.061581e-02;2.425536e-02
3.949591e-01;1.362808e-01;3.503512e-02;3.221921e-02;1.658272e-02;2.741843e-02;8.138467e-02;4.846605e-02;1.078173e-02;2.716235e-02;1.571953e-01;3.251452e-02
2.772746e-01;1.523623e-01;3.859470e-02;2.519399e-02;4.759585e-02;2.838396e-02;8.202937e-02;4.562161e-02;1.016525e-02;3.722813e-02;2.287416e-01;2.680864e-02
2.179120e-01;1.019739e-01;3.665519e-02;8.587247e-02;5.774834e-02;3.386198e-02;1.449724e-01;8.825891e-02;1.648985e-02;5.253466e-02;1.466884e-01;1.703184e-02
2.835375e-01;1.212852e-01;4.743777e-02;7.750291e-02;3.467224e-02;3.420120e-02;1.560615e-01;7.899527e-02;1.690781e-02;4.265525e-02;9.513360e-02;1.160970e-02
3.594831e-01;1.295633e-01;1.873160e-02;3.226397e-02;1.508139e-02;2.918572e-02;1.123800e-01;4.703369e-02;1.782975e-02;3.108376e-02;1.811178e-01;2.624581e-02
2.458985e-01;1.439324e-01;2.311261e-02;2.135565e-02;2.566443e-02;4.162750e-02;1.297014e-01;1.066409e-01;6.464233e-02;6.342311e-02;1.180790e-01;1.592225e-02
8.251166e-02;4.680519e-02;2.162962e-02;4.918391e-02;3.969932e-02;3.323920e-02;1.429304e-01;1.745675e-01;1.561761e-01;1.792493e-01;4.732853e-02;2.667928e-02
6.673951e-02;5.517413e-02;1.880957e-02;5.480160e-02;4.267371e-02;4.369057e-02;1.486276e-01;1.583983e-01;1.492147e-01;1.893492e-01;4.814970e-02;2.437141e-02
7.064449e-02;6.995742e-02;2.391462e-02;5.720792e-02;4.804421e-02;5.557616e-02;1.622871e-01;1.316400e-01;1.189516e-01;1.899217e-01;5.189532e-02;1.995947e-02
8.403984e-02;9.216949e-02;2.942577e-02;5.283722e-02;5.095446e-02;6.167741e-02;1.763810e-01;1.076854e-01;8.515396e-02;1.958790e-01;4.948781e-02;1.430869e-02
8.723591e-02;8.613291e-02;2.194895e-02;4.301387e-02;3.258247e-02;4.859842e-02;2.011750e-01;1.401441e-01;1.036031e-01;1.585097e-01;6.481318e-02;1.224243e-02
3.627761e-02;6.124854e-02;1.847958e-02;3.556236e-02;2.433819e-02;7.716293e-02;3.209232e-01;2.187202e-01;6.428090e-02;5.302960e-02;8.246491e-02;7.512016e-03
4.261206e-02;9.705771e-02;3.373877e-02;2.789521e-02;3.362085e-02;9.723186e-02;3.462009e-01;2.062245e-01;1.824293e-02;2.401188e-02;6.282275e-02;1.034058e-02
8.460482e-02;1.829102e-01;4.874605e-02;3.573108e-02;3.066638e-02;9.029917e-02;2.741231e-01;1.590088e-01;1.099213e-02;2.433392e-02;4.661268e-02;1.197164e-02
1.676849e-01;3.282379e-01;6.117399e-02;3.040235e-02;2.418739e-02;6.261627e-02;1.431760e-01;8.371733e-02;1.451878e-02;3.281402e-02;3.793929e-02;1.353182e-02
2.648802e-01;4.325018e-01;4.921895e-02;1.539574e-02;1.635922e-02;3.345116e-02;5.526735e-02;3.568728e-02;3.258963e-02;3.370908e-02;1.873261e-02;1.220698e-02
3.296443e-01;3.865992e-01;2.739966e-02;1.424524e-02;2.349052e-02;2.093869e-02;5.193946e-02;3.911871e-02;4.467665e-02;2.911847e-02;1.874888e-02;1.408019e-02
3.850545e-01;3.063377e-01;1.566857e-02;1.719132e-02;3.254202e-02;2.004909e-02;4.390826e-02;5.537579e-02;3.868280e-02;3.203034e-02;3.886115e-02;1.429839e-02
4.129749e-01;2.426167e-01;2.530591e-02;1.551712e-02;4.151095e-02;2.852024e-02;5.764596e-02;7.936125e-02;2.937591e-02;2.737861e-02;3.082065e-02;8.971740e-03
3.741054e-01;2.943643e-01;2.189857e-02;1.921445e-02;4.123169e-02;2.503904e-02;7.167142e-02;5.355026e-02;2.608644e-02;1.978046e-02;3.730030e-02;1.575772e-02
3.193715e-01;2.626294e-01;2.475786e-02;1.904485e-02;2.436346e-02;2.297328e-02;1.000336e-01;9.595112e-02;2.977152e-02;1.582308e-02;5.958806e-02;2.569223e-02
2.502122e-01;1.628936e-01;2.375718e-02;2.207041e-02;1.297403e-02;3.502148e-02;1.857780e-01;1.202201e-01;2.507511e-02;2.018657e-02;1.001438e-01;4.166761e-02
1.548937e-01;7.578424e-02;2.925803e-02;1.920356e-02;1.158849e-02;7.411349e-02;2.734308e-01;9.054035e-02;1.292401e-02;2.527026e-02;1.889806e-01;4.401250e-02
7.510549e-02;4.242671e-02;3.485800e-02;1.182696e-02;3.136202e-02;1.130568e-01;2.741537e-01;4.860010e-02;2.815524e-02;5.630342e-02;2.464275e-01;3.772405e-02
7.931739e-02;4.753239e-02;3.147971e-02;2.309010e-02;5.584041e-02;9.861413e-02;2.067271e-01;5.446535e-02;7.993453e-02;1.061788e-01;1.654609e-01;5.135915e-02
1.490592e-01;4.107432e-02;3.004151e-02;5.390126e-02;4.658927e-02;5.117930e-02;1.677443e-01;9.322906e-02;1.426327e-01;8.810151e-02;9.670616e-02;3.974135e-02
1.923618e-01;3.544381e-02;2.346872e-02;8.473098e-02;2.722996e-02;3.079661e-02;1.372449e-01;1.476009e-01;1.832187e-01;4.042418e-02;7.572327e-02;2.175608e-02
1.722258e-01;8.416168e-02;4.325278e-02;7.410807e-02;3.542256e-02;2.989016e-02;1.168269e-01;1.689214e-01;1.513962e-01;5.035924e-02;5.356195e-02;1.987323e-02
1.127161e-01;1.068755e-01;6.559099e-02;4.359291e-02;4.834868e-02;5.092878e-02;1.263127e-01;2.261130e-01;8.799865e-02;2.726058e-02;5.262223e-02;5.163984e-02
9.991924e-02;9.331790e-02;4.656804e-02;3.607839e-02;4.245948e-02;5.422394e-02;1.706448e-01;2.278187e-01;3.089122e-02;3.791724e-02;1.045253e-01;5.563580e-02
1.121184e-01;1.111178e-01;4.069189e-02;4.514698e-02;3.783571e-02;5.254463e-02;1.690871e-01;1.830435e-01;3.528786e-02;5.286909e-02;1.168909e-01;4.336613e-02
1.025626e-01;1.151981e-01;4.435303e-02;6.785303e-02;6.013664e-02;6.095746e-02;1.312625e-01;1.704146e-01;4.683893e-02;8.325779e-02;8.508383e-02;3.208144e-02
1.191746e-01;8.849089e-02;4.077708e-02;7.398029e-02;7.186539e-02;6.743202e-02;1.024573e-01;1.958109e-01;5.401371e-02;1.119870e-01;4.462312e-02;2.938776e-02
1.078979e-01;8.834712e-02;4.193288e-02;5.040640e-02;4.133670e-02;6.632134e-02;1.209777e-01;2.225208e-01;8.833075e-02;7.420700e-02;5.192214e-02;4.579928e-02
7.348368e-02;9.209428e-02;5.630784e-02;3.990855e-02;5.426281e-02;6.303579e-02;1.492915e-01;1.774115e-01;1.052009e-01;5.287565e-02;7.801505e-02;5.811253e-02
3.968883e-02;5.043508e-02;4.017968e-02;5.500581e-02;5.548427e-02;7.082710e-02;1.780483e-01;2.091053e-01;1.170396e-01;7.274409e-02;6.399785e-02;4.744410e-02
3.357778e-02;4.524770e-02;2.751197e-02;6.020017e-02;5.026209e-02;6.993490e-02;1.661125e-01;2.194820e-01;1.057916e-01;8.584457e-02;6.126768e-02;7.476699e-02
4.740034e-02;7.227753e-02;2.475923e-02;6.698161e-02;4.657742e-02;6.589079e-02;1.347667e-01;1.689856e-01;8.120924e-02;1.127829e-01;8.874430e-02;8.962432e-02
9.691328e-02;7.707553e-02;3.412313e-02;7.761692e-02;3.436082e-02;4.981286e-02;1.563080e-01;1.523725e-01;6.060457e-02;9.790409e-02;9.986775e-02;6.304058e-02
1.234215e-01;9.836757e-02;2.915768e-02;2.573853e-02;2.637840e-02;3.584897e-02;1.527776e-01;1.894311e-01;3.114016e-02;5.506776e-02;2.098629e-01;2.280774e-02
9.818798e-02;7.646647e-02;2.509830e-02;3.725839e-02;2.695128e-02;4.145268e-02;1.503764e-01;2.187469e-01;5.390599e-02;6.143774e-02;1.851643e-01;2.495356e-02
5.120736e-02;5.570792e-02;3.645156e-02;4.759414e-02;2.639655e-02;4.747066e-02;1.614721e-01;3.061093e-01;7.581925e-02;5.608692e-02;1.114740e-01;2.421025e-02
2.460901e-02;1.098891e-01;5.378100e-02;2.782628e-02;1.561379e-02;3.420496e-02;1.932376e-01;3.869849e-01;5.585187e-02;4.004281e-02;3.386104e-02;2.409757e-02
5.717124e-02;1.853522e-01;4.194845e-02;7.617416e-03;6.365979e-03;2.132156e-02;2.425024e-01;3.293022e-01;2.860259e-02;4.129402e-02;1.107224e-02;2.744974e-02
1.171593e-01;2.119775e-01;2.590017e-02;6.703428e-03;9.571660e-03;2.410785e-02;2.661006e-01;2.424887e-01;2.127091e-02;2.990157e-02;1.845376e-02;2.636476e-02
1.727006e-01;1.921040e-01;1.558112e-02;7.940521e-03;1.325353e-02;3.574109e-02;2.779634e-01;1.928515e-01;2.522027e-02;2.186449e-02;2.778725e-02;1.699232e-02
2.317037e-01;1.619706e-01;1.076781e-02;1.367717e-02;1.718664e-02;5.278441e-02;2.572683e-01;1.462481e-01;2.751470e-02;3.190972e-02;3.590222e-02;1.306652e-02
2.496134e-01;1.177969e-01;2.004323e-02;2.393971e-02;2.559898e-02;7.472569e-02;2.236682e-01;1.123013e-01;4.531410e-02;6.010879e-02;2.685278e-02;2.003691e-02
1.981703e-01;1.078740e-01;2.533536e-02;2.813583e-02;1.971257e-02;6.294833e-02;2.553210e-01;1.148426e-01;6.660155e-02;7.070444e-02;3.088940e-02;1.946458e-02
1.813474e-01;5.907949e-02;3.240880e-02;2.555901e-02;3.100273e-02;4.513171e-02;2.739888e-01;1.206090e-01;8.048857e-02;7.918963e-02;4.415825e-02;2.703653e-02
1.292736e-01;4.122596e-02;3.308689e-02;2.320164e-02;2.771893e-02;5.046612e-02;2.532046e-01;1.674166e-01;9.399430e-02;9.410065e-02;5.214734e-02;3.416334e-02
1.014240e-01;6.091517e-02;2.695921e-02;2.416324e-02;2.504430e-02;5.682213e-02;2.060092e-01;1.699912e-01;1.684389e-01;8.209293e-02;5.385880e-02;2.428090e-02
6.507024e-02;7.976768e-02;3.017479e-02;3.700901e-02;2.696655e-02;6.402333e-02;1.935175e-01;1.232297e-01;2.306373e-01;6.715094e-02;7.483878e-02;7.614175e-03
7.209884e-02;5.073579e-02;2.694071e-02;2.075849e-02;2.184984e-02;5.925481e-02;2.726921e-01;1.611838e-01;2.206059e-01;6.118866e-02;2.182886e-02;1.086230e-02
1.156155e-01;8.806113e-02;2.509076e-02;1.344391e-02;1.685180e-02;5.771320e-02;3.308072e-01;1.625847e-01;1.278600e-01;2.694602e-02;2.251908e-02;1.250678e-02
1.678898e-01;9.617798e-02;2.634360e-02;1.227567e-02;2.102689e-02;7.650631e-02;3.423398e-01;1.467933e-01;5.748503e-02;1.055352e-02;3.147445e-02;1.113368e-02
2.180832e-01;5.282596e-02;3.568526e-02;1.391425e-02;3.227214e-02;9.905529e-02;3.218527e-01;1.184745e-01;3.004112e-02;1.688497e-02;4.889161e-02;1.201908e-02
2.017900e-01;5.199196e-02;3.402170e-02;1.573746e-02;3.789537e-02;9.838086e-02;2.316429e-01;7.000049e-02;2.756796e-02;2.377889e-02;1.893788e-01;1.781349e-02
1.448596e-01;4.436192e-02;3.010032e-02;1.846285e-02;3.537976e-02;9.426659e-02;2.339565e-01;9.746169e-02;3.794390e-02;1.131987e-02;2.307646e-01;2.112247e-02
1.358687e-01;5.505006e-02;3.378245e-02;2.631779e-02;4.725749e-02;7.830714e-02;1.645825e-01;7.413895e-02;3.810625e-02;2.005101e-02;2.985834e-01;2.795435e-02
1.182938e-01;5.071150e-02;2.689763e-02;3.633807e-02;4.321866e-02;5.675739e-02;1.683680e-01;8.433472e-02;2.253919e-02;3.070528e-02;3.338079e-01;2.802789e-02
1.979093e-01;6.701870e-02;2.047526e-02;2.967704e-02;3.019087e-02;3.138112e-02;1.494254e-01;1.149506e-01;3.060724e-02;2.656278e-02;2.769071e-01;2.489469e-02
2.502880e-01;3.437264e-02;2.106703e-02;2.209357e-02;2.269828e-02;3.034044e-02;1.551323e-01;1.430617e-01;4.757873e-02;2.003797e-02;2.333560e-01;1.997335e-02
1.773589e-01;1.072582e-01;3.834645e-02;2.790907e-02;3.201826e-02;3.975336e-02;1.530219e-01;1.587913e-01;6.879520e-02;2.960525e-02;1.374803e-01;2.966183e-02
