4.933274e-02;8.622152e-02;1.058448e-01;1.005942e-01;5.266809e-02;1.117158e-01;8.591822e-02;5.432830e-02;5.706544e-02;1.198610e-01;5.371451e-02;1.227353e-01
7.504373e-02;6.477870e-02;1.163565e-01;6.594710e-02;6.802272e-02;1.176981e-01;5.665372e-02;5.883706e-02;7.638854e-02;1.286111e-01;4.542285e-02;1.262399e-01
9.195565e-02;5.862637e-02;1.257488e-01;3.181591e-02;8.639845e-02;1.219361e-01;7.204375e-02;5.008528e-02;1.004556e-01;9.365405e-02;5.845105e-02;1.088289e-01
9.451303e-02;7.025857e-02;1.002153e-01;4.143248e-02;8.167960e-02;9.652617e-02;1.382015e-01;3.439477e-02;1.182293e-01;9.282739e-02;5.709954e-02;7.462236e-02
1.083486e-01;7.047953e-02;9.376939e-02;7.365912e-02;6.892498e-02;7.327865e-02;1.581332e-01;5.501701e-02;7.317047e-02;1.097361e-01;6.712544e-02;4.835764e-02
1.079454e-01;8.622717e-02;9.158762e-02;5.949287e-02;5.155306e-02;6.094418e-02;1.041887e-01;8.928084e-02;9.359187e-02;1.321017e-01;7.712694e-02;4.595968e-02
1.453976e-01;8.580270e-02;1.095610e-01;3.941627e-02;5.720749e-02;6.899434e-02;6.798539e-02;1.211970e-01;8.890135e-02;1.200624e-01;4.426175e-02;5.121257e-02
1.625009e-01;5.308281e-02;1.139996e-01;2.154309e-02;6.017414e-02;5.704411e-02;9.094359e-02;1.020432e-01;6.914756e-02;9.376176e-02;8.161426e-02;9.414511e-02
9.983835e-02;5.419065e-02;9.420349e-02;1.602652e-02;5.984900e-02;3.779894e-02;9.193251e-02;1.014787e-01;6.911038e-02;1.122822e-01;1.480619e-01;1.152274e-01
4.834863e-02;4.649370e-02;7.049163e-02;2.793536e-02;5.881220e-02;4.599244e-02;8.377074e-02;1.102759e-01;9.881362e-02;1.268789e-01;1.785927e-01;1.035943e-01
5.150846e-02;3.329695e-02;7.882813e-02;6.094646e-02;7.718360e-02;4.755757e-02;6.984422e-02;9.385800e-02;1.262293e-01;1.113492e-01;1.392677e-01;1.101304e-01
5.020976e-02;2.553228e-02;7.497775e-02;9.185758e-02;9.736653e-02;6.632794e-02;5.191047e-02;8.562003e-02;1.105644e-01;1.151111e-01;9.526153e-02;1.352606e-01
5.824574e-02;2.282910e-02;4.625791e-02;9.192473e-02;1.208482e-01;8.430920e-02;5.791561e-02;6.081044e-02;1.311944e-01;1.215602e-01;1.042648e-01;9.983968e-02
6.464216e-02;3.751922e-02;2.257548e-02;6.766704e-02;9.575117e-02;7.164630e-02;6.084678e-02;7.361320e-02;1.347086e-01;1.405957e-01;1.315317e-01;9.890257e-02
5.714739e-02;4.178271e-02;1.918340e-02;5.212510e-02;4.441962e-02;1.119419e-01;8.526278e-02;1.350246e-01;1.184437e-01;1.408134e-01;9.916299e-02;9.469236e-02
5.462932e-02;2.711317e-02;2.893239e-02;7.292841e-02;6.399828e-02;1.133241e-01;1.126473e-01;1.469468e-01;6.982304e-02;1.441861e-01;7.163071e-02;9.384038e-02
6.738509e-02;2.381406e-02;2.094440e-02;6.241401e-02;2.929307e-02;1.000069e-01;1.415811e-01;9.399788e-02;9.292216e-02;1.671568e-01;1.161783e-01;8.430619e-02
6.177807e-02;3.221093e-02;3.018294e-02;2.792636e-02;5.780824e-02;8.147597e-02;1.551634e-01;1.143450e-01;1.049305e-01;1.564592e-01;1.120400e-01;6.567945e-02
3.628809e-02;6.327832e-02;4.383472e-02;3.874176e-02;6.951389e-02;6.087740e-02;2.475295e-01;1.142899e-01;6.419283e-02;1.261390e-01;6.802904e-02;6.728566e-02
5.451780e-02;8.390370e-02;5.548627e-02;2.704502e-02;6.112867e-02;7.241115e-02;3.532888e-01;9.083453e-02;3.324247e-02;7.538470e-02;5.007039e-02;4.268649e-02
6.304400e-02;8.201250e-02;6.435475e-02;2.530082e-02;6.350787e-02;7.838392e-02;3.797202e-01;7.397405e-02;1.997766e-02;5.403889e-02;7.556488e-02;2.012044e-02
6.622792e-02;5.855398e-02;7.702443e-02;2.514198e-02;7.069119e-02;8.215742e-02;3.204207e-01;7.033379e-02;2.715487e-02;5.028768e-02;1.108626e-01;4.114342e-02
6.339947e-02;3.266803e-02;1.173610e-01;3.089854e-02;1.004110e-01;9.015793e-02;2.166208e-01;6.763418e-02;7.243256e-02;6.337897e-02;1.011334e-01;4.390413e-02
7.324434e-02;5.110310e-02;1.032742e-01;4.854845e-02;8.380277e-02;1.111528e-01;1.717578e-01;5.199219e-02;6.873174e-02;7.925615e-02;1.270294e-01;3.010707e-02
7.278279e-02;4.498266e-02;7.980886e-02;4.430252e-02;4.699581e-02;8.309289e-02;2.800390e-01;5.180333e-02;6.352076e-02;8.909746e-02;1.021407e-01;4.143324e-02
7.633685e-02;5.768692e-02;7.897671e-02;3.897220e-02;3.694151e-02;6.414547e-02;2.963881e-01;6.363121e-02;8.083235e-02;9.019011e-02;6.474217e-02;5.115646e-02
5.344982e-02;6.608725e-02;7.705481e-02;3.322555e-02;6.720612e-02;6.621525e-02;2.657918e-01;5.919715e-02;8.420878e-02;8.892515e-02;9.091005e-02;4.772823e-02
5.712431e-02;6.760163e-02;1.161878e-01;3.422723e-02;8.009103e-02;7.914957e-02;1.266044e-01;7.557184e-02;9.377967e-02;1.069997e-01;9.497245e-02;6.769041e-02
8.350800e-02;6.620795e-02;1.011436e-01;4.409625e-02;1.039840e-01;5.950479e-02;1.011382e-01;8.648661e-02;1.126815e-01;1.040562e-01;9.534982e-02;4.184309e-02
9.876586e-02;5.263866e-02;1.013079e-01;6.297053e-02;1.234812e-01;5.462473e-02;8.569310e-02;8.245696e-02;1.180684e-01;9.131847e-02;8.604938e-02;4.262480e-02
1.134424e-01;4.204406e-02;9.399202e-02;8.091323e-02;1.133646e-01;5.710349e-02;7.606208e-02;6.854584e-02;1.456458e-01;6.956055e-02;8.816067e-02;5.116522e-02
8.734743e-02;3.096366e-02;8.439484e-02;9.097102e-02;8.960828e-02;5.878222e-02;1.233868e-01;7.531296e-02;1.501803e-01;6.692000e-02;8.751597e-02;5.461650e-02
4.214552e-02;2.867378e-02;1.132234e-01;8.221877e-02;8.181305e-02;6.535987e-02;1.936127e-01;1.033559e-01;1.319061e-01;8.748439e-02;3.861972e-02;3.158680e-02
2.097121e-02;2.542262e-02;1.206221e-01;7.585188e-02;6.074547e-02;6.786537e-02;2.208397e-01;1.188723e-01;1.471509e-01;9.084886e-02;1.725802e-02;3.355148e-02
2.882267e-02;3.050809e-02;8.965263e-02;8.450045e-02;4.343557e-02;9.469978e-02;2.012403e-01;1.217773e-01;1.487283e-01;8.442017e-02;2.175382e-02;5.046090e-02
3.485401e-02;2.555517e-02;6.612537e-02;5.330829e-02;3.407325e-02;1.678783e-01;2.600881e-01;1.276831e-01;1.022987e-01;6.883588e-02;2.292138e-02;3.637846e-02
2.314847e-02;2.309940e-02;4.032411e-02;5.881822e-02;5.175613e-02;2.045743e-01;2.889322e-01;8.822219e-02;1.350374e-01;5.263264e-02;1.026471e-02;2.319021e-02
2.247532e-02;3.167831e-02;3.806533e-02;7.279567e-02;7.379169e-02;1.677091e-01;2.624879e-01;6.819595e-02;1.376238e-01;7.555691e-02;2.308649e-02;2.653357e-02
3.473130e-02;4.347125e-02;6.936111e-02;7.348604e-02;1.106476e-01;1.069292e-01;1.524914e-01;6.875634e-02;1.987126e-01;9.431108e-02;2.541616e-02;2.168588e-02
3.830328e-02;2.850011e-02;6.758793e-02;4.606292e-02;9.500380e-02;1.211641e-01;1.530309e-01;8.336200e-02;2.182060e-01;9.962185e-02;2.759352e-02;2.156350e-02
1.736725e-02;2.512392e-02;4.044528e-02;7.658788e-02;4.506440e-02;1.484510e-01;1.789981e-01;1.481949e-01;1.987508e-01;8.334012e-02;2.006145e-02;1.761485e-02
2.066569e-02;3.198741e-02;3.800923e-02;1.134808e-01;1.055065e-01;7.832457e-02;1.067537e-01;1.177292e-01;2.356291e-01;1.305237e-01;1.016550e-02;1.122469e-02
2.602189e-02;3.204142e-02;5.579933e-02;8.374964e-02;1.612837e-01;7.406338e-02;5.705687e-02;7.792893e-02;1.886039e-01;2.100070e-01;1.807638e-02;1.536753e-02
3.257378e-02;3.038905e-02;7.082175e-02;9.842871e-02;1.148647e-01;1.561972e-01;5.274325e-02;1.266651e-01;8.412839e-02;1.993094e-01;1.741488e-02;1.646378e-02
2.886975e-02;2.667421e-02;6.936587e-02;1.066630e-01;6.425440e-02;1.933455e-01;3.571540e-02;1.698896e-01;9.528760e-02;1.631211e-01;2.240912e-02;2.440447e-02
2.391859e-02;2.966069e-02;9.486090e-02;1.683818e-01;5.652240e-02;1.476744e-01;5.935518e-02;1.329922e-01;1.038109e-01;1.017691e-01;5.175415e-02;2.929955e-02
3.710034e-02;7.174622e-02;9.939059e-02;1.803338e-01;7.132951e-02;7.776681e-02;8.427402e-02;6.985159e-02;9.009969e-02;7.500509e-02;9.577110e-02;4.733122e-02
5.714440e-02;1.077517e-01;8.992459e-02;1.459119e-01;6.318230e-02;4.981808e-02;7.249090e-02;1.085325e-01;7.807960e-02;5.762083e-02;9.928117e-02;7.026198e-02
6.696362e-02;8.275460e-02;1.176103e-01;7.321667e-02;4.197874e-02;5.046181e-02;1.810663e-01;1.144534e-01;8.604274e-02;6.964266e-02;7.379770e-02;4.201152e-02
5.138635e-02;4.261518e-02;8.960481e-02;3.515656e-02;5.100163e-02;4.543099e-02;2.817121e-01;9.771615e-02;1.394355e-01;9.533119e-02;4.559227e-02;2.501722e-02
3.752276e-02;2.117565e-02;5.309933e-02;4.276474e-02;3.542646e-02;2.855235e-02;2.331816e-01;8.885019e-02;2.504880e-01;1.447450e-01;3.669720e-02;2.749681e-02
4.679574e-02;1.557537e-02;3.069537e-02;6.778885e-02;2.433039e-02;1.829326e-02;7.093668e-02;5.134295e-02;3.958890e-01;1.956687e-01;5.513448e-02;2.754919e-02
6.294183e-02;1.034466e-02;2.850579e-02;9.095737e-02;1.073647e-02;1.291995e-02;3.646421e-02;6.086925e-02;4.722796e-01;1.568542e-01;3.501301e-02;2.211370e-02
6.429894e-02;1.115343e-02;4.538064e-02;7.834546e-02;6.967923e-03;1.928369e-02;7.500423e-02;1.358891e-01;4.234375e-01;9.245430e-02;2.322227e-02;2.456258e-02
3.287926e-02;1.568297e-02;8.575764e-02;4.240584e-02;8.870702e-03;2.629192e-02;1.745622e-01;2.775755e-01;2.405993e-01;5.176523e-02;1.543597e-02;2.817345e-02
1.095043e-02;3.251641e-02;9.826255e-02;1.486517e-02;1.619231e-02;2.344288e-02;3.255108e-01;3.260036e-01;8.875739e-02;3.530105e-02;9.062108e-03;1.913529e-02
1.262322e-02;5.955832e-02;6.792770e-02;8.065989e-03;3.120746e-02;3.423372e-02;4.562627e-01;2.496203e-01;3.090736e-02;2.560054e-02;1.368244e-02;1.031029e-02
2.482002e-02;8.305634e-02;5.396442e-02;1.355635e-02;5.352021e-02;6.310537e-02;4.645038e-01;1.552497e-01;3.096115e-02;2.043858e-02;2.358852e-02;1.323550e-02
4.841538e-02;9.636898e-02;8.970810e-02;2.687500e-02;9.212459e-02;8.327946e-02;3.315684e-01;7.891034e-02;5.911717e-02;3.340745e-02;4.170832e-02;1.851678e-02
7.383023e-02;7.947410e-02;1.114815e-01;2.614366e-02;1.083047e-01;7.290902e-02;2.046617e-01;9.928926e-02;6.998479e-02;6.580350e-02;6.119950e-02;2.691804e-02
4.916679e-02;7.563765e-02;4.845751e-02;1.777034e-02;4.839093e-02;6.321356e-02;3.888314e-01;1.490183e-01;5.394782e-02;4.313225e-02;4.420951e-02;1.822393e-02
2.310565e-02;8.906759e-02;3.208027e-02;1.012008e-02;4.183177e-02;3.311083e-02;4.582898e-01;1.985449e-01;4.132601e-02;1.822619e-02;4.296688e-02;1.133004e-02
1.304055e-02;8.834966e-02;5.425024e-02;7.761816e-03;3.825530e-02;1.569362e-02;4.339128e-01;2.612592e-01;3.341500e-02;1.146515e-02;3.333235e-02;9.264432e-03
1.640125e-02;1.185235e-01;6.929126e-02;8.552935e-03;3.196964e-02;2.689678e-02;3.903330e-01;2.336396e-01;3.243731e-02;1.268113e-02;4.156755e-02;1.770604e-02
2.084946e-02;1.467844e-01;5.819511e-02;1.109236e-02;3.909294e-02;4.968791e-02;3.836428e-01;1.669997e-01;3.482387e-02;1.813481e-02;4.475301e-02;2.594363e-02
3.743840e-02;1.369071e-01;5.196580e-02;1.550028e-02;7.229971e-02;8.808351e-02;3.658608e-01;1.106315e-01;3.356298e-02;2.566794e-02;3.406039e-02;2.802153e-02
4.447374e-02;8.921545e-02;1.046304e-01;3.056336e-02;1.069101e-01;1.066739e-01;2.792802e-01;1.179166e-01;3.529457e-02;3.535538e-02;2.356867e-02;2.611759e-02
3.741031e-02;1.012312e-01;1.508861e-01;3.193222e-02;1.144654e-01;8.939449e-02;1.812612e-01;1.456373e-01;4.810541e-02;4.507935e-02;2.582216e-02;2.877491e-02
5.422263e-02;1.310023e-01;1.029480e-01;3.184978e-02;1.072080e-01;7.374191e-02;2.095171e-01;1.143027e-01;4.109184e-02;4.904592e-02;4.634405e-02;3.872593e-02
3.851511e-02;1.272269e-01;9.927819e-02;3.561577e-02;9.198457e-02;7.068592e-02;2.698507e-01;8.774439e-02;3.330555e-02;6.612827e-02;4.393556e-02;3.572908e-02
6.741551e-02;1.202329e-01;1.117575e-01;4.522064e-02;7.743128e-02;6.637374e-02;1.890077e-01;9.909637e-02;5.815355e-02;8.370387e-02;4.449381e-02;3.711316e-02
1.069682e-01;8.920986e-02;1.081515e-01;4.028659e-02;4.908680e-02;6.373398e-02;1.544804e-01;1.347964e-01;7.191102e-02;8.674324e-02;5.041647e-02;4.421560e-02
8.450608e-02;6.284020e-02;9.659585e-02;4.662189e-02;6.039138e-02;7.154373e-02;1.864680e-01;1.378681e-01;8.613244e-02;6.308348e-02;6.318165e-02;4.076722e-02
5.510172e-02;4.773093e-02;1.142561e-01;9.679592e-02;4.561439e-02;3.982746e-02;1.900123e-01;9.542198e-02;1.751542e-01;6.636004e-02;4.909299e-02;2.463198e-02
3.114233e-02;1.243108e-02;1.847339e-01;6.521250e-02;3.551356e-02;2.272898e-02;1.816935e-01;1.758341e-01;1.803479e-01;5.928092e-02;2.521637e-02;2.586479e-02
1.851039e-02;2.703856e-02;2.456519e-01;4.773682e-02;2.356773e-02;1.654431e-02;1.556369e-01;2.366402e-01;1.389254e-01;3.398222e-02;1.912434e-02;3.664123e-02
1.225739e-02;1.169490e-01;2.594158e-01;1.931480e-02;2.043948e-02;1.128651e-02;1.636751e-01;2.343187e-01;7.669852e-02;1.488392e-02;3.265671e-02;3.810420e-02
1.379835e-02;2.601827e-01;1.575256e-01;7.279717e-03;2.147626e-02;1.918636e-02;2.393633e-01;1.257139e-01;5.785090e-02;1.212384e-02;5.946178e-02;2.603717e-02
1.476587e-02;3.681073e-01;4.984953e-02;1.218772e-02;2.224578e-02;2.619102e-02;2.918625e-01;3.621732e-02;7.121558e-02;1.688528e-02;7.276399e-02;1.770810e-02
3.714941e-02;3.579017e-01;2.688109e-02;1.441632e-02;2.535413e-02;2.912848e-02;3.242474e-01;1.482710e-02;8.481891e-02;1.417449e-02;5.562452e-02;1.547649e-02
2.485732e-02;2.798937e-01;2.231372e-02;1.097898e-02;5.093673e-02;3.295232e-02;4.002911e-01;1.069642e-02;1.005247e-01;1.238285e-02;3.779718e-02;1.637494e-02
1.246166e-02;1.951586e-01;2.067252e-02;6.478599e-03;7.758698e-02;4.974389e-02;4.721808e-01;3.156248e-02;7.771385e-02;1.186184e-02;3.423727e-02;1.034158e-02
8.897913e-03;1.036430e-01;4.867636e-02;6.640774e-03;7.590210e-02;6.273175e-02;4.741606e-01;1.069778e-01;4.670780e-02;3.610945e-02;2.059884e-02;8.953540e-03
9.129202e-03;3.943797e-02;9.727146e-02;7.934123e-03;4.750859e-02;5.146192e-02;3.822782e-01;2.200589e-01;2.412521e-02;9.126000e-02;1.388753e-02;1.564688e-02
1.076106e-02;7.219844e-02;1.235612e-01;5.312364e-03;3.152271e-02;3.609179e-02;2.546221e-01;2.726094e-01;3.376033e-02;1.290060e-01;1.193078e-02;1.862388e-02
1.123343e-02;7.743970e-02;1.149497e-01;5.202151e-03;2.776930e-02;4.262450e-02;2.683661e-01;2.637525e-01;2.913863e-02;1.294263e-01;9.441247e-03;2.065649e-02
1.026014e-02;5.647610e-02;9.160478e-02;5.938048e-03;2.167403e-02;5.358097e-02;3.201201e-01;2.303305e-01;3.960919e-02;1.380277e-01;1.474555e-02;1.763284e-02
5.430618e-03;6.010171e-02;6.645903e-02;7.483527e-03;2.849043e-02;5.944885e-02;3.911029e-01;1.721253e-01;5.672321e-02;1.130515e-01;2.341054e-02;1.617238e-02
1.829782e-02;8.838902e-02;3.252358e-02;1.325649e-02;6.342988e-02;9.034475e-02;4.367242e-01;9.833710e-02;6.149756e-02;5.424540e-02;2.219566e-02;2.075854e-02
3.698504e-02;8.914431e-02;4.301301e-02;2.271187e-02;1.070425e-01;1.453221e-01;3.328139e-01;6.266472e-02;5.194116e-02;6.446008e-02;1.644285e-02;2.745850e-02
3.523672e-02;4.160512e-02;7.533816e-02;2.068846e-02;1.599344e-01;1.388787e-01;3.302341e-01;5.629004e-02;4.491910e-02;5.230587e-02;1.460354e-02;2.996579e-02
3.100055e-02;4.757317e-02;8.851603e-02;3.332193e-02;2.262425e-01;1.175958e-01;2.196162e-01;7.040689e-02;6.564377e-02;3.833276e-02;1.897707e-02;4.277337e-02
1.288901e-02;5.847339e-02;1.137036e-01;4.920301e-02;2.287147e-01;1.217242e-01;1.622393e-01;7.609657e-02;6.817278e-02;3.180815e-02;2.631296e-02;5.066239e-02
2.903500e-02;5.384317e-02;1.403814e-01;5.151661e-02;1.816805e-01;9.215438e-02;1.934128e-01;6.637782e-02;6.381519e-02;4.470286e-02;3.427678e-02;4.880353e-02
8.459267e-02;5.401871e-02;1.290596e-01;4.571258e-02;1.176609e-01;8.997392e-02;2.156087e-01;5.352047e-02;5.608718e-02;5.369782e-02;5.529920e-02;4.476825e-02
7.131074e-02;4.761599e-02;7.170742e-02;2.444808e-02;8.561134e-02;9.805179e-02;4.126400e-01;4.078717e-02;4.154275e-02;4.329779e-02;3.901055e-02;2.397633e-02
2.787104e-02;5.079441e-02;3.664425e-02;8.937857e-03;7.196485e-02;9.592438e-02;6.089018e-01;3.155854e-02;2.001675e-02;2.166092e-02;1.576949e-02;9.955632e-03
1.995574e-02;5.664125e-02;1.962538e-02;5.076973e-03;6.619225e-02;1.039622e-01;6.717176e-01;2.279689e-02;1.010144e-02;1.071412e-02;7.181757e-03;6.034373e-03
2.866769e-02;4.345908e-02;1.611867e-02;5.286336e-03;8.018907e-02;1.353652e-01;6.503196e-01;1.286074e-02;8.360679e-03;8.227315e-03;6.500761e-03;4.644904e-03
4.064433e-02;2.337963e-02;2.569567e-02;8.293087e-03;1.213821e-01;1.700835e-01;5.707996e-01;1.102038e-02;9.016302e-03;6.728181e-03;6.342709e-03;6.614427e-03
4.931913e-02;1.267406e-02;2.367740e-02;1.110678e-02;1.795843e-01;2.085414e-01;4.702028e-01;1.157969e-02;9.248645e-03;8.726138e-03;4.819034e-03;1.052062e-02
3.678783e-02;1.919414e-02;5.712979e-02;1.418982e-02;2.303135e-01;2.211650e-01;3.688877e-01;1.215637e-02;1.063403e-02;1.053950e-02;3.151653e-03;1.585068e-02
2.833889e-02;2.215239e-02;4.848971e-02;1.827365e-02;2.525680e-01;1.951128e-01;3.811052e-01;1.090557e-02;1.114605e-02;8.739864e-03;2.311516e-03;2.085627e-02
1.745718e-02;1.449899e-02;8.708939e-02;2.391919e-02;2.789232e-01;1.828007e-01;3.399398e-01;8.247267e-03;9.099318e-03;6.876862e-03;6.329700e-03;2.481849e-02
9.045482e-03;1.296060e-02;1.168872e-01;3.621092e-02;3.093838e-01;1.737496e-01;2.735860e-01;8.225461e-03;9.658213e-03;9.999066e-03;1.030624e-02;2.998733e-02
5.728636e-03;1.131428e-02;1.822075e-01;4.783265e-02;3.040977e-01;1.427854e-01;2.263908e-01;4.767369e-03;1.326511e-02;1.180594e-02;1.319365e-02;3.661100e-02
1.107077e-02;1.244707e-02;3.089224e-01;6.774066e-02;2.733598e-01;1.016724e-01;1.428527e-01;1.053225e-02;1.742807e-02;7.735671e-03;9.300394e-03;3.693786e-02
1.159199e-02;1.287329e-02;4.587173e-01;9.374216e-02;2.007694e-01;6.895525e-02;5.906418e-02;1.631924e-02;1.524543e-02;1.245303e-02;2.570824e-02;2.456048e-02
1.143744e-02;7.346484e-03;5.505292e-01;8.658814e-02;1.104780e-01;4.672449e-02;9.186096e-02;1.598287e-02;9.951589e-03;1.590996e-02;4.321333e-02;9.977571e-03
9.347223e-03;1.268588e-02;6.835546e-01;7.039295e-02;3.850731e-02;2.665002e-02;7.038561e-02;8.771654e-03;1.539090e-02;2.138291e-02;3.626885e-02;6.662019e-03
5.514045e-03;1.362315e-02;7.072175e-01;6.505468e-02;8.838242e-02;3.400831e-02;2.464946e-02;7.042811e-03;1.565225e-02;1.680324e-02;1.846572e-02;3.586473e-03
9.713310e-03;1.032379e-02;6.956790e-01;6.305968e-02;9.573029e-02;3.421006e-02;4.549171e-02;4.503626e-03;1.417563e-02;1.441854e-02;8.164939e-03;4.529468e-03
9.055115e-03;1.001715e-02;7.476592e-01;6.524429e-02;6.870953e-02;2.208987e-02;2.890986e-02;4.541813e-03;1.146512e-02;1.538200e-02;1.058278e-02;6.343240e-03
6.241470e-03;1.130564e-02;7.476332e-01;7.640050e-02;6.112561e-02;1.493615e-02;2.090424e-02;8.841786e-03;1.045601e-02;1.248239e-02;2.223967e-02;7.433380e-03
2.530656e-03;9.174409e-03;6.944103e-01;8.378475e-02;9.649299e-02;2.809987e-02;1.638552e-02;1.348094e-02;7.516979e-03;9.223304e-03;3.542191e-02;3.478443e-03
6.971229e-03;9.841392e-03;6.447415e-01;8.397909e-02;1.284152e-01;3.633269e-02;1.319395e-02;1.631567e-02;5.712124e-03;1.105775e-02;3.714389e-02;6.295506e-03
4.321692e-03;1.149626e-02;5.994664e-01;7.823429e-02;1.691968e-01;5.248456e-02;2.287447e-02;1.263122e-02;4.693440e-03;1.274341e-02;2.335662e-02;8.500828e-03
4.396067e-03;1.054614e-02;5.340057e-01;7.138827e-02;2.094859e-01;7.178248e-02;3.304542e-02;1.046895e-02;6.392472e-03;1.506077e-02;1.677595e-02;1.665184e-02
9.205999e-03;9.297868e-03;4.428878e-01;6.267044e-02;2.497358e-01;9.256107e-02;6.166525e-02;8.557820e-03;6.851460e-03;1.291500e-02;1.575832e-02;2.789311e-02
1.084246e-02;1.246514e-02;3.526898e-01;6.197082e-02;2.897347e-01;1.160863e-01;5.976963e-02;8.466030e-03;1.291429e-02;1.011036e-02;1.557673e-02;4.937373e-02
2.229950e-02;1.741601e-02;1.897973e-01;4.609270e-02;2.749693e-01;1.344367e-01;1.749749e-01;1.253582e-02;2.014433e-02;1.114120e-02;2.503856e-02;7.115358e-02
1.337313e-02;1.480458e-02;6.945684e-02;2.726467e-02;2.570323e-01;1.608110e-01;2.828313e-01;1.377587e-02;2.394175e-02;1.221953e-02;3.637091e-02;8.811809e-02
1.264372e-02;9.374879e-03;4.996852e-02;1.982570e-02;2.346865e-01;1.829301e-01;3.652336e-01;8.778824e-03;1.262226e-02;1.103672e-02;2.521528e-02;6.768394e-02
1.340302e-02;7.062370e-03;7.741475e-02;1.763584e-02;2.031242e-01;1.812800e-01;4.380107e-01;9.667244e-03;7.054590e-03;8.698278e-03;8.638080e-03;2.801097e-02
2.107019e-02;3.090982e-03;5.356568e-02;1.384488e-02;1.760184e-01;1.900248e-01;5.019127e-01;5.253905e-03;6.118486e-03;1.514429e-02;3.098825e-03;1.085693e-02
1.991803e-02;5.493971e-03;1.195730e-02;7.891268e-03;1.422183e-01;1.852731e-01;5.882430e-01;8.826193e-03;5.563337e-03;1.622383e-02;3.286125e-03;5.105574e-03
1.761393e-02;4.375823e-03;1.705163e-02;9.462189e-03;1.102522e-01;1.527338e-01;6.503868e-01;1.165976e-02;5.174895e-03;1.445605e-02;3.037740e-03;3.795234e-03
6.966542e-03;5.336542e-03;1.650017e-02;6.806869e-03;8.494037e-02;1.224140e-01;7.132384e-01;2.050988e-02;4.796233e-03;1.174473e-02;2.369428e-03;4.376838e-03
4.703100e-03;1.386708e-02;6.989088e-03;4.781750e-03;5.159424e-02;8.916844e-02;7.469729e-01;5.108481e-02;1.500825e-02;9.220608e-03;4.287652e-03;2.322085e-03
7.946255e-03;2.268722e-02;9.818330e-03;3.694268e-03;2.871050e-02;5.753443e-02;7.383547e-01;6.806122e-02;3.554228e-02;1.417474e-02;1.000871e-02;3.467340e-03
6.693073e-03;2.588153e-02;1.745521e-02;3.908555e-03;1.549835e-02;3.540383e-02;7.540718e-01;5.059097e-02;3.965248e-02;2.042796e-02;2.447796e-02;5.938229e-03
9.845972e-03;2.353992e-02;4.588984e-02;1.869774e-02;2.245227e-02;2.923526e-02;7.126572e-01;6.084266e-02;2.669822e-02;1.829761e-02;2.481409e-02;7.029247e-03
1.105290e-02;1.586802e-02;8.785196e-02;4.000314e-02;3.557351e-02;3.124197e-02;6.151614e-01;9.922406e-02;2.790162e-02;1.260307e-02;1.422142e-02;9.297014e-03
5.058258e-03;9.826014e-03;9.641705e-02;4.033509e-02;4.274044e-02;3.141233e-02;5.289825e-01;1.425064e-01;5.242132e-02;2.402251e-02;6.351516e-03;1.992657e-02
8.087598e-03;7.923113e-03;8.342425e-02;1.885102e-02;3.143885e-02;2.486838e-02;4.901842e-01;1.850503e-01;8.754047e-02;3.163719e-02;5.873398e-03;2.512131e-02
8.690943e-03;7.039223e-03;5.230904e-02;9.664199e-03;1.613388e-02;3.543200e-02;5.470931e-01;1.853135e-01;8.247763e-02;3.150605e-02;7.649223e-03;1.669122e-02
8.294754e-03;4.115627e-03;3.651137e-02;1.113436e-02;1.102489e-02;4.917573e-02;5.832602e-01;1.615768e-01;8.287219e-02;3.448271e-02;8.926832e-03;8.624522e-03
1.008752e-02;4.829885e-03;4.704448e-02;1.025367e-02;8.097539e-03;5.561332e-02;5.980833e-01;1.450729e-01;7.084896e-02;3.459069e-02;7.600716e-03;7.877033e-03
9.421164e-03;6.093269e-03;6.623586e-02;6.561457e-03;9.922211e-03;4.572282e-02;6.094613e-01;1.340996e-01;6.872007e-02;2.757235e-02;6.207530e-03;9.982449e-03
1.665459e-02;1.798162e-02;8.706164e-02;1.158644e-02;1.500676e-02;3.472280e-02;5.808186e-01;1.201437e-01;6.075582e-02;3.219921e-02;8.518387e-03;1.455045e-02
1.899794e-02;3.672387e-02;1.029343e-01;2.019456e-02;4.240350e-02;5.496202e-02;4.858875e-01;1.042519e-01;4.563065e-02;4.711226e-02;1.668890e-02;2.421266e-02
9.828542e-02;7.931044e-02;1.157363e-01;4.558507e-02;7.957038e-02;8.142833e-02;1.595694e-01;8.608232e-02;4.868603e-02;8.658688e-02;4.788512e-02;7.127430e-02
1.106126e-01;8.514526e-02;8.826963e-02;3.831519e-02;7.441569e-02;5.785692e-02;1.697966e-01;6.925967e-02;6.132871e-02;6.904104e-02;8.651540e-02;8.944327e-02
9.740204e-02;6.077619e-02;6.690131e-02;3.329073e-02;6.429477e-02;3.977857e-02;1.848677e-01;7.562520e-02;9.376154e-02;8.015087e-02;1.086304e-01;9.452071e-02
8.515455e-02;3.097137e-02;6.730486e-02;3.574397e-02;6.445055e-02;4.844787e-02;2.148717e-01;8.566359e-02;1.037095e-01;7.037777e-02;9.311617e-02;1.001881e-01
9.035543e-02;7.029594e-02;8.793215e-02;4.658759e-02;9.801073e-02;7.195996e-02;2.365632e-01;8.273976e-02;7.322718e-02;5.756714e-02;2.905817e-02;5.570277e-02
7.078353e-02;1.013756e-01;1.062812e-01;6.987449e-02;1.019275e-01;8.220778e-02;1.469944e-01;7.178708e-02;7.441786e-02;9.373456e-02;4.588399e-02;3.473200e-02
1.959760e-01;1.251688e-01;1.018170e-01;4.516197e-02;6.722817e-02;5.625557e-02;7.242285e-02;5.268323e-02;5.921441e-02;7.682599e-02;8.802616e-02;5.921986e-02
2.624230e-01;1.225052e-01;7.925195e-02;2.607540e-02;3.445575e-02;4.278535e-02;3.687292e-02;2.570940e-02;4.997427e-02;7.378592e-02;1.455450e-01;1.006157e-01
2.635239e-01;6.095950e-02;5.296412e-02;1.926856e-02;3.140443e-02;5.877827e-02;3.492010e-02;1.743027e-02;3.544963e-02;8.025633e-02;1.984713e-01;1.465735e-01
1.944844e-01;3.971304e-02;5.130050e-02;2.419184e-02;6.382124e-02;8.728471e-02;1.052002e-01;2.724612e-02;2.610609e-02;8.829620e-02;1.839078e-01;1.084479e-01
1.246880e-01;3.480751e-02;5.270778e-02;3.274221e-02;8.612752e-02;8.914908e-02;2.902124e-01;3.656979e-02;3.284946e-02;6.856387e-02;1.170028e-01;3.457958e-02
8.707324e-02;3.722011e-02;6.039384e-02;2.773180e-02;1.123563e-01;1.010051e-01;3.774525e-01;3.383074e-02;3.040213e-02;1.922500e-02;6.876117e-02;4.454811e-02
6.301955e-02;2.505615e-02;1.002288e-01;3.418988e-02;1.859549e-01;1.260016e-01;2.326547e-01;2.369880e-02;3.090198e-02;4.007795e-02;8.390108e-02;5.431452e-02
1.026289e-01;2.601343e-02;1.464643e-01;3.770862e-02;2.363363e-01;1.136396e-01;6.362753e-02;1.944954e-02;3.886963e-02;5.929364e-02;8.991142e-02;6.605709e-02
1.043554e-01;1.105905e-02;1.390205e-01;4.050079e-02;2.312529e-01;1.126794e-01;1.281954e-01;1.992807e-02;2.877092e-02;4.159866e-02;7.668974e-02;6.594906e-02
9.236652e-02;1.857615e-02;1.282798e-01;3.788378e-02;2.479376e-01;1.681917e-01;1.433297e-01;1.531892e-02;2.682198e-02;1.950004e-02;5.651945e-02;4.527428e-02
6.204522e-02;2.105158e-02;8.959047e-02;2.505021e-02;1.384186e-01;1.479283e-01;3.577781e-01;3.460496e-02;2.903360e-02;4.278680e-02;2.975986e-02;2.195229e-02
5.889349e-02;4.240821e-02;8.523425e-02;5.294996e-02;5.485442e-02;8.741047e-02;2.440669e-01;7.534646e-02;1.288816e-01;9.529237e-02;4.314618e-02;3.151571e-02
6.571195e-02;3.949656e-02;5.810019e-02;7.473397e-02;3.274174e-02;4.552577e-02;7.433984e-02;6.987842e-02;3.498814e-01;1.050023e-01;5.098369e-02;3.360426e-02
3.319348e-02;1.776345e-02;5.704060e-02;5.753561e-02;1.360578e-02;1.411200e-02;6.111393e-02;6.936745e-02;5.326266e-01;9.566770e-02;2.619648e-02;2.177692e-02
1.075942e-02;6.301631e-03;9.430205e-02;8.556706e-02;7.561950e-03;8.091866e-03;4.863093e-02;1.235406e-01;5.033357e-01;8.907793e-02;7.768875e-03;1.506196e-02
1.024062e-02;7.342604e-03;1.610156e-01;1.018504e-01;5.924847e-03;9.008576e-03;5.898303e-02;1.660455e-01;3.845828e-01;6.734595e-02;4.224959e-03;2.343508e-02
9.679588e-03;1.081487e-02;2.835808e-01;9.961659e-02;1.007123e-02;1.525426e-02;5.034936e-02;2.146442e-01;2.035419e-01;3.872303e-02;1.353216e-02;5.019194e-02
7.684047e-03;6.287645e-03;4.009118e-01;7.121285e-02;1.119037e-02;1.377703e-02;5.183755e-02;2.254631e-01;1.072064e-01;1.862941e-02;1.277669e-02;7.302306e-02
6.959353e-03;4.754735e-03;4.766798e-01;5.093787e-02;1.035170e-02;1.308423e-02;4.673205e-02;2.259537e-01;5.515861e-02;2.430843e-02;1.097997e-02;7.409953e-02
5.476992e-03;5.872936e-03;5.370923e-01;1.038416e-02;1.235446e-02;1.081797e-02;4.746320e-02;2.325535e-01;2.817738e-02;3.066661e-02;1.072787e-02;6.841265e-02
5.671843e-03;1.345862e-02;5.413051e-01;1.266260e-02;1.499974e-02;7.038182e-03;5.330816e-02;2.270598e-01;2.272911e-02;2.908339e-02;9.936118e-03;6.274737e-02
3.823639e-03;1.910579e-02;5.408081e-01;1.197871e-02;1.506535e-02;7.188410e-03;6.390798e-02;2.374687e-01;1.614839e-02;2.432252e-02;4.192200e-03;5.599016e-02
4.556607e-03;3.008721e-02;5.552996e-01;5.434121e-03;1.299911e-02;7.118000e-03;6.737041e-02;2.412144e-01;1.101623e-02;3.060437e-02;6.172567e-03;2.812728e-02
4.025786e-03;3.526981e-02;5.533390e-01;4.597128e-03;1.063521e-02;4.648219e-03;6.139867e-02;2.150427e-01;8.378486e-03;3.651752e-02;8.824512e-03;5.732286e-02
3.030668e-03;1.612616e-02;5.770191e-01;7.288616e-03;5.023299e-03;5.118634e-03;5.218866e-02;2.026148e-01;1.666521e-02;3.948457e-02;3.786792e-03;7.165346e-02
5.622979e-03;2.469219e-02;5.712861e-01;7.247966e-03;5.420869e-03;6.705266e-03;4.993233e-02;1.994933e-01;1.738733e-02;3.145535e-02;3.742548e-03;7.701373e-02
9.267716e-03;2.493371e-02;5.413688e-01;7.503947e-03;4.014137e-03;4.830548e-03;7.015903e-02;2.176392e-01;8.085053e-03;3.179128e-02;3.503559e-03;7.690302e-02
1.385034e-02;1.188873e-02;4.577441e-01;2.124570e-02;6.859013e-03;6.968555e-03;1.261020e-01;2.264599e-01;1.530598e-02;3.234766e-02;6.757912e-03;7.447014e-02
1.615026e-02;6.739195e-02;2.920335e-01;1.459712e-02;2.048978e-02;2.880795e-02;2.807341e-01;1.806726e-01;9.371640e-03;2.747686e-02;1.435056e-02;4.792369e-02
1.954999e-02;1.213466e-01;1.464500e-01;1.855362e-02;3.780786e-02;7.331359e-02;3.894454e-01;1.101462e-01;2.025040e-02;2.180785e-02;2.095990e-02;2.036847e-02
4.384557e-02;1.099188e-01;1.486705e-01;3.158986e-02;5.899031e-02;9.401838e-02;3.174579e-01;7.535399e-02;4.043330e-02;3.615608e-02;2.413638e-02;1.942882e-02
5.811964e-02;6.445067e-02;1.408449e-01;3.254926e-02;6.234799e-02;8.719918e-02;3.104847e-01;6.577824e-02;5.954593e-02;4.927513e-02;2.649236e-02;4.291200e-02
3.268609e-02;7.500137e-02;9.703466e-02;1.551239e-02;3.436714e-02;5.894309e-02;4.307927e-01;1.056514e-01;6.015412e-02;3.025313e-02;2.421670e-02;3.538716e-02
1.876258e-02;9.077941e-02;1.183763e-01;8.602063e-03;2.446139e-02;4.155123e-02;4.725599e-01;9.883637e-02;5.328874e-02;2.255380e-02;2.333811e-02;2.689010e-02
2.171828e-02;7.639482e-02;1.346554e-01;7.794152e-03;3.638940e-02;9.588356e-02;4.522892e-01;6.917877e-02;4.171090e-02;2.430674e-02;1.413119e-02;2.554754e-02
5.355030e-02;4.176677e-02;1.099017e-01;1.360736e-02;8.243124e-02;2.032848e-01;3.697197e-01;3.874429e-02;1.925346e-02;2.061714e-02;1.771458e-02;2.940867e-02
1.089220e-01;1.795058e-02;7.200235e-02;1.984139e-02;1.200626e-01;2.349268e-01;2.875136e-01;3.980251e-02;7.978483e-03;2.618151e-02;1.589084e-02;4.892732e-02
1.296396e-01;7.345884e-03;5.906172e-02;1.814992e-02;1.318136e-01;1.952922e-01;2.187681e-01;5.069396e-02;8.195721e-03;2.418827e-02;2.250889e-02;1.343421e-01
8.843700e-02;9.852156e-03;6.074577e-02;1.508163e-02;1.384207e-01;1.392071e-01;1.619756e-01;4.540257e-02;1.287980e-02;2.027848e-02;4.955951e-02;2.581596e-01
4.082635e-02;1.149661e-02;6.502329e-02;2.276625e-02;1.748994e-01;1.084332e-01;1.467747e-01;3.073819e-02;1.532746e-02;2.283845e-02;6.462802e-02;2.962481e-01
1.939249e-02;1.116655e-02;1.004100e-01;3.933508e-02;2.313713e-01;1.035180e-01;1.231714e-01;2.343270e-02;1.991975e-02;1.994012e-02;4.451114e-02;2.638316e-01
1.280337e-02;1.002218e-02;1.487852e-01;6.556838e-02;2.510299e-01;9.845427e-02;1.105845e-01;1.905994e-02;1.835829e-02;1.084273e-02;2.538718e-02;2.291039e-01
6.912990e-03;1.285291e-02;1.845559e-01;9.226777e-02;2.420300e-01;7.452955e-02;8.581144e-02;2.421500e-02;1.256606e-02;1.246682e-02;4.443877e-02;2.073528e-01
1.265416e-02;1.516946e-02;2.081463e-01;1.110632e-01;2.268116e-01;6.012250e-02;5.329276e-02;3.101713e-02;1.292243e-02;1.703127e-02;7.243821e-02;1.793310e-01
1.540943e-02;1.614766e-02;2.046912e-01;1.215014e-01;2.019760e-01;6.480356e-02;7.056367e-02;2.992808e-02;9.411866e-03;2.318526e-02;9.713719e-02;1.452448e-01
1.547536e-02;1.468952e-02;2.169133e-01;1.387486e-01;1.758295e-01;4.876118e-02;6.212601e-02;3.636189e-02;7.120206e-03;2.873744e-02;1.439811e-01;1.112559e-01
1.478782e-02;1.740313e-02;2.220762e-01;1.554693e-01;1.574543e-01;3.167314e-02;2.396517e-02;2.846710e-02;6.060224e-03;2.355179e-02;1.993724e-01;1.197195e-01
2.262900e-02;1.715056e-02;1.711150e-01;1.333174e-01;1.260877e-01;2.389891e-02;1.121138e-02;1.470228e-02;6.653456e-03;2.142526e-02;1.750195e-01;2.767895e-01
7.584091e-02;2.178979e-02;1.131630e-01;9.337860e-02;1.024493e-01;2.381657e-02;1.450157e-02;7.275970e-03;6.565671e-03;1.949673e-02;1.032986e-01;4.184234e-01
1.180968e-01;4.037659e-02;9.505811e-02;7.208356e-02;1.255808e-01;2.735275e-02;1.597382e-02;9.275643e-03;3.578511e-03;1.403915e-02;7.322166e-02;4.053627e-01
8.925585e-02;5.071222e-02;9.012044e-02;7.580339e-02;2.445625e-01;6.767883e-02;2.505248e-02;7.146586e-03;6.008278e-03;1.160385e-02;5.532259e-02;2.767330e-01
1.998508e-02;2.564097e-02;7.264642e-02;7.693680e-02;3.546565e-01;1.399089e-01;5.657323e-02;1.553583e-02;3.856419e-02;1.500385e-02;3.814562e-02;1.464026e-01
1.587190e-02;1.240661e-02;6.207059e-02;6.927896e-02;3.389036e-01;1.388818e-01;6.928169e-02;2.393656e-02;1.012061e-01;2.332454e-02;1.699550e-02;1.278421e-01
2.148693e-02;1.302943e-02;9.737058e-02;8.226985e-02;2.808613e-01;8.290417e-02;5.147140e-02;2.467767e-02;1.405881e-01;3.640018e-02;2.359649e-02;1.453439e-01
1.876676e-02;1.520049e-02;1.554361e-01;1.091823e-01;2.387687e-01;4.986249e-02;6.015926e-02;1.896339e-02;9.797885e-02;3.206780e-02;4.374437e-02;1.598696e-01
1.995145e-02;3.961742e-02;2.679478e-01;1.060726e-01;1.436610e-01;3.674321e-02;1.040585e-01;2.764837e-02;5.824563e-02;3.713731e-02;5.363648e-02;1.052802e-01
2.159740e-02;4.858182e-02;3.993048e-01;1.067326e-01;7.876430e-02;3.217929e-02;1.015994e-01;4.127397e-02;3.499653e-02;3.428493e-02;5.106032e-02;4.962465e-02
1.209057e-02;2.660280e-02;5.233876e-01;8.598756e-02;8.630130e-02;3.405817e-02;5.885779e-02;2.618219e-02;4.702654e-02;3.913458e-02;3.199225e-02;2.837858e-02
5.579479e-03;2.013882e-02;6.213262e-01;4.939818e-02;9.703264e-02;1.768295e-02;4.177352e-02;1.395246e-02;4.307099e-02;5.969261e-02;1.096938e-02;1.938276e-02
8.235121e-03;3.420931e-02;6.143151e-01;4.238923e-02;1.163182e-01;1.560537e-02;3.381163e-02;1.753814e-02;3.297275e-02;6.493807e-02;6.296217e-03;1.337091e-02
1.647144e-02;6.613983e-02;5.827003e-01;4.280066e-02;9.515223e-02;3.302905e-02;2.607315e-02;2.860776e-02;3.541080e-02;5.538480e-02;6.922906e-03;1.130706e-02
2.352269e-02;1.141664e-01;5.028625e-01;6.888031e-02;5.045396e-02;6.718616e-02;2.589856e-02;2.565007e-02;6.392213e-02;3.837180e-02;5.925365e-03;1.316007e-02
1.887782e-02;1.590748e-01;4.829838e-01;7.377325e-02;3.653504e-02;6.777837e-02;3.786366e-02;1.626169e-02;6.955191e-02;1.728588e-02;8.625049e-03;1.138876e-02
4.120438e-02;1.380148e-01;5.158379e-01;5.775791e-02;2.984428e-02;3.519274e-02;5.306475e-02;1.684823e-02;4.473263e-02;3.952822e-02;1.624626e-02;1.172784e-02
3.659486e-02;8.045467e-02;5.768397e-01;5.855623e-02;2.577692e-02;1.492027e-02;6.558476e-02;1.202666e-02;2.512644e-02;7.535119e-02;1.797059e-02;1.079771e-02
1.424445e-02;2.216922e-02;6.327158e-01;7.005274e-02;3.520190e-02;1.212284e-02;7.558025e-02;5.571447e-03;1.609343e-02;9.254566e-02;1.582654e-02;7.875745e-03
1.388583e-02;1.925655e-02;6.476385e-01;6.960326e-02;3.079532e-02;1.128029e-02;8.586091e-02;4.887495e-03;1.026145e-02;8.535361e-02;1.292891e-02;8.247945e-03
1.305674e-02;1.899739e-02;6.367759e-01;6.560838e-02;2.775673e-02;8.741469e-03;1.130635e-01;9.369153e-03;8.444194e-03;7.048245e-02;1.953205e-02;8.172067e-03
7.124050e-03;1.385223e-02;6.296816e-01;5.889272e-02;2.405748e-02;1.394177e-02;1.270623e-01;1.038036e-02;8.048026e-03;8.139968e-02;1.765246e-02;7.907370e-03
1.924877e-02;1.723915e-02;6.380655e-01;5.553912e-02;2.029932e-02;1.903458e-02;1.184596e-01;9.419168e-03;7.074126e-03;7.748017e-02;7.541226e-03;1.059934e-02
2.130240e-02;3.904819e-02;6.593022e-01;5.351848e-02;2.047042e-02;1.015744e-02;8.980741e-02;8.413882e-03;6.836689e-03;7.256531e-02;7.686225e-03;1.089138e-02
1.899652e-02;8.888329e-02;6.378331e-01;4.494614e-02;1.912498e-02;1.321309e-02;7.282778e-02;6.119944e-03;1.928557e-02;6.270068e-02;7.588580e-03;8.480399e-03
8.503198e-02;1.670751e-01;5.088652e-01;3.510726e-02;2.373351e-02;2.862196e-02;5.198104e-02;9.219718e-03;2.920756e-02;4.144087e-02;9.083048e-03;1.063273e-02
1.366094e-01;2.271179e-01;3.875305e-01;3.016419e-02;2.875565e-02;4.258945e-02;5.205094e-02;1.312424e-02;2.939330e-02;2.415850e-02;1.343735e-02;1.506861e-02
1.226876e-01;2.275360e-01;3.338921e-01;4.433524e-02;3.580708e-02;4.969885e-02;7.163471e-02;1.828700e-02;2.808611e-02;3.500398e-02;1.414561e-02;1.888564e-02
3.809580e-02;2.148734e-01;3.540118e-01;6.425130e-02;3.899558e-02;4.957360e-02;8.685503e-02;2.606231e-02;3.646222e-02;3.822826e-02;1.839902e-02;3.419166e-02
1.386752e-01;1.278410e-01;3.561314e-01;3.365062e-02;5.839845e-02;4.002236e-02;8.977688e-02;2.510030e-02;2.677070e-02;4.392125e-02;2.744317e-02;3.226876e-02
1.510579e-01;7.155745e-02;3.390958e-01;3.423687e-02;6.729700e-02;5.469879e-02;8.681406e-02;2.483389e-02;3.742390e-02;7.760069e-02;3.052263e-02;2.486107e-02
1.172823e-01;1.149410e-01;3.070731e-01;5.634075e-02;6.337585e-02;5.863183e-02;7.297374e-02;2.652835e-02;4.607902e-02;9.348241e-02;2.380972e-02;1.948188e-02
9.646924e-02;9.422087e-02;3.057590e-01;7.298486e-02;4.740837e-02;4.253258e-02;9.510027e-02;4.759252e-02;4.842921e-02;9.786839e-02;1.839965e-02;3.323504e-02
6.549205e-02;1.048333e-01;2.945949e-01;8.088597e-02;3.103532e-02;7.428447e-02;1.006073e-01;3.500896e-02;5.401399e-02;9.308430e-02;1.873158e-02;4.742783e-02
8.415261e-02;1.143881e-01;2.063581e-01;9.888937e-02;4.384979e-02;9.769999e-02;1.029471e-01;5.106228e-02;6.445803e-02;7.122020e-02;1.588061e-02;4.909390e-02
9.958629e-02;1.153499e-01;1.364828e-01;6.402683e-02;5.730669e-02;6.597660e-02;9.296029e-02;6.933116e-02;9.366220e-02;1.015552e-01;4.623780e-02;5.752426e-02
9.466425e-02;9.691061e-02;1.819987e-01;7.156164e-02;4.152401e-02;3.139412e-02;7.649327e-02;8.189162e-02;1.016854e-01;1.128203e-01;5.343269e-02;5.562328e-02
9.577638e-02;1.035955e-01;1.486793e-01;9.495302e-02;4.423140e-02;4.692922e-02;7.012122e-02;9.713548e-02;1.104671e-01;9.036130e-02;4.279626e-02;5.495388e-02
1.051122e-01;1.327835e-01;1.345319e-01;4.977972e-02;3.685398e-02;5.311153e-02;8.960743e-02;8.914196e-02;1.314393e-01;7.638359e-02;3.408343e-02;6.717134e-02
9.673124e-02;1.398783e-01;1.344769e-01;3.426549e-02;5.245625e-02;5.960910e-02;7.288195e-02;8.681189e-02;1.690859e-01;5.872184e-02;3.427326e-02;6.080787e-02
6.694600e-02;8.249185e-02;1.558613e-01;5.272399e-02;6.705523e-02;5.606084e-02;7.051402e-02;1.031712e-01;1.642763e-01;6.158847e-02;4.878596e-02;7.052492e-02
5.673106e-02;9.828906e-02;1.949696e-01;6.421763e-02;4.817229e-02;6.606475e-02;9.267028e-02;7.682208e-02;7.848753e-02;7.489388e-02;8.613302e-02;6.254884e-02
6.356802e-02;1.291649e-01;1.575697e-01;5.638512e-02;4.743852e-02;5.882560e-02;8.364340e-02;8.570014e-02;1.000136e-01;7.930234e-02;8.926427e-02;4.912436e-02
