5.600350e-02;4.917907e-02;5.296911e-02;5.465409e-02;4.917658e-02;4.828367e-02;6.268332e-02;6.669012e-02;4.681983e-02;1.616221e-01;2.197738e-01;1.321448e-01
5.388757e-02;6.671181e-02;7.712824e-02;6.895050e-02;5.925130e-02;6.231089e-02;6.546842e-02;8.017401e-02;6.485336e-02;8.953067e-02;1.656897e-01;1.460436e-01
6.106360e-02;7.555677e-02;8.523578e-02;6.926334e-02;7.737950e-02;5.686524e-02;7.331234e-02;7.403281e-02;7.618245e-02;1.142037e-01;1.325067e-01;1.043978e-01
5.297154e-02;5.981814e-02;9.114835e-02;5.223594e-02;7.313812e-02;4.866615e-02;8.224295e-02;5.457859e-02;1.116836e-01;1.020053e-01;9.058761e-02;1.809237e-01
5.754717e-02;5.435986e-02;7.759668e-02;4.849517e-02;4.915868e-02;3.954708e-02;1.069325e-01;3.643671e-02;1.155436e-01;8.470827e-02;1.462704e-01;1.834039e-01
8.385754e-02;6.521088e-02;7.230255e-02;5.456870e-02;6.611808e-02;3.307236e-02;1.325788e-01;6.564186e-02;9.557503e-02;7.129690e-02;1.280132e-01;1.317641e-01
1.254036e-01;9.266715e-02;6.287809e-02;5.490576e-02;6.581874e-02;4.244956e-02;1.388768e-01;9.453243e-02;9.269445e-02;7.195084e-02;8.517181e-02;7.265078e-02
1.251674e-01;8.805600e-02;9.423744e-02;5.578330e-02;5.060307e-02;4.643994e-02;1.199646e-01;8.506906e-02;8.842515e-02;7.423947e-02;1.073522e-01;6.466240e-02
7.737672e-02;7.023446e-02;1.215743e-01;5.161738e-02;5.904098e-02;5.131172e-02;1.417898e-01;7.712992e-02;9.265946e-02;8.965105e-02;9.100995e-02;7.660428e-02
5.363929e-02;7.220346e-02;1.316621e-01;4.628243e-02;5.579784e-02;5.668187e-02;1.635042e-01;6.823026e-02;1.401818e-01;1.066716e-01;5.236353e-02;5.278158e-02
8.007957e-02;1.038790e-01;9.723803e-02;5.084481e-02;6.841140e-02;7.971717e-02;1.042866e-01;6.770606e-02;1.415249e-01;1.070992e-01;4.977573e-02;4.943757e-02
5.966551e-02;1.435459e-01;7.422062e-02;4.400061e-02;8.979744e-02;8.649251e-02;1.002587e-01;7.198916e-02;8.824594e-02;1.076617e-01;7.638959e-02;5.773229e-02
6.186362e-02;1.126053e-01;1.072260e-01;5.331542e-02;8.090908e-02;8.184627e-02;1.010917e-01;5.117356e-02;6.312950e-02;1.098117e-01;1.067329e-01;7.029506e-02
8.583569e-02;5.581836e-02;1.363627e-01;5.892275e-02;8.992351e-02;9.578307e-02;9.722514e-02;5.701512e-02;4.894865e-02;9.161414e-02;1.011498e-01;8.140109e-02
7.180943e-02;5.889681e-02;1.256848e-01;7.448507e-02;1.090172e-01;9.770777e-02;9.827033e-02;6.090938e-02;5.620771e-02;8.665400e-02;8.324943e-02;7.710802e-02
6.231484e-02;1.158323e-01;8.826993e-02;6.079977e-02;1.000239e-01;9.735137e-02;1.299763e-01;6.649274e-02;9.445895e-02;6.814636e-02;6.075701e-02;5.557645e-02
6.018766e-02;1.250813e-01;9.928003e-02;4.834236e-02;7.964477e-02;8.261684e-02;1.569990e-01;8.077481e-02;1.135845e-01;5.607792e-02;6.095916e-02;3.645160e-02
8.056168e-02;7.912727e-02;1.183831e-01;3.652136e-02;8.659045e-02;6.327033e-02;1.576047e-01;7.397059e-02;1.059282e-01;8.512340e-02;7.966653e-02;3.325231e-02
9.695221e-02;4.559779e-02;1.160440e-01;3.981027e-02;9.969207e-02;5.226594e-02;1.136242e-01;6.886242e-02;1.028006e-01;1.251206e-01;8.472674e-02;5.450321e-02
1.124939e-01;6.917091e-02;8.529408e-02;6.740403e-02;8.649137e-02;4.496809e-02;8.469895e-02;8.249841e-02;8.413722e-02;1.263617e-01;8.357809e-02;7.290322e-02
1.025912e-01;9.872939e-02;5.951202e-02;7.305247e-02;6.676873e-02;5.571846e-02;1.179725e-01;9.041715e-02;6.923230e-02;1.051380e-01;8.604009e-02;7.482774e-02
9.698825e-02;6.557974e-02;7.798983e-02;7.263428e-02;7.304903e-02;6.913050e-02;7.022040e-02;6.626375e-02;8.726162e-02;8.900426e-02;1.290589e-01;1.028195e-01
8.861052e-02;6.974483e-02;7.780381e-02;6.312940e-02;6.575830e-02;6.157704e-02;6.649429e-02;6.094329e-02;8.756869e-02;9.678492e-02;1.452196e-01;1.163652e-01
8.006547e-02;6.850226e-02;7.669958e-02;5.309047e-02;6.280144e-02;6.572106e-02;5.958307e-02;6.742605e-02;8.900827e-02;1.063369e-01;1.588890e-01;1.118764e-01
6.575151e-02;4.855188e-02;7.540675e-02;3.942095e-02;6.822252e-02;9.838017e-02;7.811181e-02;8.406150e-02;8.769368e-02;1.219012e-01;1.410776e-01;9.142041e-02
8.402979e-02;5.664855e-02;9.754950e-02;4.347829e-02;5.637651e-02;1.015956e-01;9.877095e-02;6.364759e-02;6.853862e-02;8.627630e-02;1.210219e-01;1.220664e-01
6.569465e-02;8.092680e-02;1.316758e-01;4.955880e-02;5.513122e-02;8.787199e-02;8.510230e-02;7.764757e-02;6.154488e-02;1.074894e-01;6.955689e-02;1.277997e-01
6.132228e-02;1.046966e-01;1.474599e-01;3.534243e-02;5.259070e-02;6.882332e-02;7.822604e-02;7.540737e-02;9.179839e-02;1.082019e-01;6.285443e-02;1.132766e-01
1.018301e-01;1.137924e-01;1.363743e-01;4.276475e-02;5.594280e-02;5.219334e-02;7.681476e-02;6.398311e-02;9.788714e-02;8.033987e-02;7.776280e-02;1.003146e-01
1.081852e-01;6.209078e-02;1.966660e-01;5.094921e-02;6.503204e-02;7.109013e-02;9.034761e-02;6.434903e-02;8.386648e-02;4.648763e-02;8.755338e-02;7.338251e-02
7.042365e-02;6.193659e-02;3.092153e-01;4.793978e-02;5.353809e-02;5.638611e-02;5.742268e-02;4.450453e-02;1.014464e-01;6.762036e-02;7.359919e-02;5.596729e-02
5.971670e-02;6.069237e-02;3.939547e-01;4.903224e-02;2.679787e-02;3.185888e-02;5.765631e-02;3.727645e-02;1.245309e-01;5.459434e-02;4.617648e-02;5.771275e-02
6.939710e-02;6.788334e-02;3.974804e-01;5.302624e-02;3.159670e-02;3.245723e-02;4.664164e-02;5.317428e-02;1.168215e-01;3.559234e-02;4.125759e-02;5.467173e-02
7.032698e-02;7.116202e-02;3.717082e-01;5.273694e-02;6.168804e-02;4.281842e-02;4.028329e-02;5.730605e-02;8.612259e-02;6.124534e-02;3.631847e-02;4.828367e-02
8.152457e-02;6.139195e-02;2.790817e-01;4.723721e-02;7.759780e-02;4.953009e-02;7.710623e-02;6.620306e-02;6.656412e-02;8.594289e-02;6.017999e-02;4.764042e-02
9.502214e-02;6.798765e-02;1.452341e-01;5.343377e-02;5.619241e-02;5.136818e-02;9.897270e-02;7.490913e-02;1.051670e-01;9.650844e-02;8.773319e-02;6.747138e-02
7.499067e-02;7.304502e-02;1.230183e-01;5.996354e-02;8.915235e-02;4.045599e-02;1.046908e-01;4.947381e-02;1.359829e-01;9.733742e-02;7.781328e-02;7.407592e-02
2.980006e-02;8.105152e-02;9.786851e-02;4.736485e-02;8.358455e-02;9.070858e-02;1.386027e-01;3.710285e-02;1.196528e-01;1.124835e-01;7.096032e-02;9.081968e-02
7.579564e-02;5.162717e-02;9.330776e-02;7.713278e-02;1.068007e-01;1.366465e-01;1.673200e-01;3.735306e-02;9.405152e-02;5.097587e-02;4.069069e-02;6.829821e-02
8.648146e-02;5.806718e-02;9.925173e-02;7.730158e-02;1.001550e-01;1.299176e-01;1.471548e-01;4.430283e-02;9.249879e-02;4.900249e-02;5.397255e-02;6.189397e-02
8.603930e-02;5.645412e-02;1.262691e-01;5.879495e-02;9.697483e-02;1.177739e-01;1.552416e-01;4.597133e-02;1.016188e-01;4.604385e-02;5.770909e-02;5.110912e-02
4.754343e-02;5.788184e-02;1.706658e-01;5.510008e-02;1.077177e-01;1.062443e-01;2.370867e-01;3.746704e-02;8.639187e-02;3.045029e-02;3.668483e-02;2.676618e-02
7.227578e-02;4.440272e-02;1.125628e-01;4.957531e-02;1.052209e-01;2.024265e-01;2.790819e-01;2.921984e-02;4.638049e-02;2.173542e-02;1.748266e-02;1.963582e-02
8.458930e-02;2.492363e-02;4.377418e-02;3.298668e-02;9.648885e-02;3.183886e-01;3.146340e-01;1.781799e-02;2.680310e-02;1.575508e-02;9.997207e-03;1.384142e-02
6.326535e-02;1.168585e-02;3.985013e-02;3.248918e-02;1.792681e-01;3.644703e-01;2.336023e-01;1.883940e-02;1.886373e-02;8.002382e-03;4.034161e-03;2.562912e-02
2.694347e-02;6.703136e-03;7.267631e-02;5.695093e-02;3.064585e-01;2.855498e-01;1.123285e-01;2.234258e-02;2.440343e-02;4.615446e-03;1.735172e-02;6.367625e-02
8.263307e-03;5.023723e-03;7.571016e-02;7.582355e-02;3.712240e-01;1.755929e-01;7.308245e-02;2.834878e-02;3.613104e-02;8.000805e-03;2.007378e-02;1.227256e-01
1.085412e-02;1.002000e-02;9.000105e-02;8.127958e-02;3.724360e-01;1.023547e-01;9.274539e-02;3.679265e-02;3.758023e-02;9.360954e-03;8.491439e-03;1.480838e-01
1.782686e-02;7.250097e-03;8.358650e-02;6.810716e-02;3.787924e-01;1.012206e-01;7.327939e-02;2.935907e-02;4.784685e-02;1.621992e-02;1.972062e-02;1.567906e-01
1.695776e-02;7.057608e-03;7.487439e-02;5.634557e-02;3.656901e-01;1.267393e-01;7.289883e-02;2.962496e-02;8.196931e-02;1.278209e-02;1.279976e-02;1.422604e-01
3.774162e-02;1.810290e-02;5.383650e-02;4.353331e-02;3.060367e-01;1.589420e-01;1.075138e-01;2.960073e-02;8.205930e-02;2.460091e-02;1.332742e-02;1.247048e-01
7.698366e-02;2.307392e-02;4.301963e-02;2.098993e-02;2.235044e-01;2.445255e-01;1.382211e-01;3.140767e-02;4.170448e-02;6.122925e-02;1.734310e-02;7.799731e-02
1.198724e-01;1.851879e-02;1.507277e-02;1.754748e-02;1.406354e-01;3.180546e-01;1.667821e-01;3.523125e-02;1.395790e-02;1.078547e-01;2.651758e-02;1.995499e-02
1.139199e-01;9.723971e-03;9.986223e-03;2.044111e-02;8.195353e-02;3.184962e-01;2.142310e-01;3.283751e-02;2.534002e-02;1.397410e-01;1.794223e-02;1.538725e-02
9.037068e-02;1.388666e-02;9.616659e-03;2.378310e-02;5.749168e-02;3.049840e-01;2.783383e-01;2.784861e-02;3.075516e-02;1.411998e-01;8.654872e-03;1.307046e-02
5.701910e-02;2.326320e-02;1.909152e-02;2.918870e-02;7.178234e-02;2.636825e-01;3.515117e-01;2.894501e-02;3.213597e-02;1.003836e-01;9.233356e-03;1.376294e-02
3.786381e-02;2.210917e-02;6.212417e-02;4.365190e-02;8.750494e-02;1.904696e-01;3.513563e-01;5.448638e-02;4.842437e-02;6.677051e-02;1.611285e-02;1.912602e-02
4.014635e-02;3.112880e-02;1.256013e-01;6.184685e-02;9.400132e-02;1.106440e-01;2.921393e-01;5.283161e-02;8.605845e-02;6.433564e-02;1.191611e-02;2.935027e-02
3.715831e-02;3.763175e-02;9.735082e-02;4.397243e-02;1.056458e-01;1.684101e-01;2.829999e-01;5.205490e-02;6.983523e-02;6.016636e-02;1.929491e-02;2.547956e-02
3.391184e-02;1.685698e-02;4.123820e-02;1.717707e-02;8.041917e-02;2.409220e-01;4.273384e-01;4.595954e-02;2.950109e-02;4.493449e-02;8.219053e-03;1.352212e-02
4.148031e-02;8.698368e-03;1.858655e-02;1.375358e-02;6.505528e-02;3.077058e-01;4.376258e-01;2.801002e-02;2.347302e-02;3.923513e-02;4.720388e-03;1.165571e-02
4.700932e-02;1.516000e-02;1.790938e-02;1.659251e-02;7.418986e-02;3.346943e-01;3.986259e-01;2.226450e-02;2.287030e-02;2.232649e-02;8.468608e-03;1.988882e-02
5.294991e-02;1.459696e-02;2.292486e-02;2.162545e-02;1.096064e-01;3.089321e-01;3.615939e-01;3.032814e-02;2.328406e-02;1.678877e-02;1.902945e-02;1.834007e-02
6.410733e-02;1.587038e-02;4.724346e-02;1.829897e-02;1.801754e-01;2.673159e-01;2.940848e-01;2.273076e-02;2.749274e-02;1.984795e-02;2.469623e-02;1.813608e-02
6.114565e-02;3.863758e-02;1.009160e-01;4.023828e-02;2.219636e-01;1.955842e-01;2.035972e-01;2.771367e-02;3.548014e-02;1.877083e-02;2.641837e-02;2.953445e-02
2.961639e-02;5.479207e-02;1.595462e-01;5.399762e-02;2.194134e-01;1.542848e-01;1.390144e-01;2.350722e-02;4.825955e-02;3.101113e-02;2.682449e-02;5.973276e-02
2.237868e-02;4.942306e-02;1.915557e-01;5.724273e-02;2.131477e-01;1.104971e-01;1.160084e-01;2.068193e-02;9.184282e-02;4.365970e-02;2.500784e-02;5.855440e-02
3.505092e-02;3.875202e-02;1.634280e-01;5.111398e-02;2.396542e-01;1.009663e-01;1.253926e-01;3.328961e-02;8.976895e-02;4.280019e-02;2.267303e-02;5.711022e-02
3.421425e-02;2.971736e-02;1.483499e-01;5.627443e-02;2.640232e-01;1.224069e-01;1.085236e-01;4.488824e-02;7.041464e-02;3.566778e-02;2.588241e-02;5.963721e-02
3.182724e-02;2.284971e-02;2.054494e-01;8.935702e-02;2.300106e-01;1.224609e-01;7.525084e-02;4.533309e-02;4.383852e-02;4.495917e-02;4.054066e-02;4.812285e-02
2.552072e-02;2.581789e-02;2.651193e-01;9.446740e-02;1.862026e-01;1.032065e-01;8.682045e-02;3.170754e-02;2.249544e-02;4.248466e-02;7.700485e-02;3.915264e-02
2.236970e-02;1.697933e-02;3.724931e-01;7.949486e-02;1.438238e-01;8.205454e-02;9.200097e-02;2.895323e-02;2.081751e-02;2.015296e-02;8.502609e-02;3.583384e-02
1.890446e-02;1.831996e-02;5.106212e-01;6.166887e-02;1.074500e-01;6.157813e-02;7.630263e-02;2.243868e-02;2.180494e-02;1.438208e-02;6.003271e-02;2.649646e-02
2.408810e-02;3.008776e-02;5.970041e-01;5.197021e-02;8.215551e-02;3.959591e-02;5.714780e-02;2.524502e-02;2.548555e-02;3.118855e-02;2.046647e-02;1.556497e-02
2.970794e-02;2.654312e-02;5.885586e-01;6.101491e-02;6.243740e-02;4.285085e-02;4.358765e-02;3.093421e-02;3.268344e-02;3.664503e-02;2.343222e-02;2.160461e-02
3.403528e-02;3.508415e-02;5.450931e-01;6.109840e-02;8.718267e-02;3.923433e-02;5.371575e-02;3.028239e-02;2.941587e-02;2.500891e-02;2.523261e-02;3.461649e-02
4.296456e-02;6.425582e-02;4.644114e-01;5.227540e-02;9.535168e-02;4.288872e-02;9.093014e-02;3.117480e-02;2.368368e-02;3.118663e-02;3.001937e-02;3.085779e-02
3.392260e-02;7.628907e-02;4.195412e-01;3.471711e-02;8.947902e-02;6.345531e-02;8.870267e-02;4.140821e-02;3.230106e-02;5.779963e-02;3.132265e-02;3.106143e-02
3.145257e-02;3.522534e-02;4.443625e-01;3.300701e-02;7.155530e-02;5.301656e-02;1.163344e-01;4.327533e-02;3.642452e-02;5.967975e-02;3.418428e-02;4.148244e-02
2.977039e-02;3.584822e-02;5.006981e-01;4.820196e-02;7.544215e-02;4.501648e-02;6.779163e-02;3.573371e-02;4.069677e-02;4.212910e-02;4.022946e-02;3.844197e-02
2.117929e-02;3.094639e-02;4.902279e-01;5.202419e-02;7.230083e-02;4.502329e-02;1.163949e-01;2.779983e-02;3.447543e-02;4.586672e-02;2.681153e-02;3.694970e-02
3.362185e-02;1.998773e-02;4.544902e-01;5.317158e-02;8.240581e-02;5.598705e-02;1.099639e-01;2.898140e-02;3.957899e-02;4.882350e-02;3.056681e-02;4.242113e-02
5.329787e-02;2.515120e-02;4.648028e-01;4.646077e-02;6.060398e-02;4.494415e-02;1.238863e-01;3.779202e-02;3.270585e-02;4.347306e-02;3.404996e-02;3.283198e-02
6.330010e-02;3.104820e-02;4.790972e-01;3.798468e-02;3.320423e-02;3.156216e-02;1.157564e-01;5.374080e-02;5.062497e-02;4.141283e-02;3.309476e-02;2.917364e-02
6.089796e-02;6.409940e-02;4.048229e-01;3.335347e-02;3.357577e-02;3.482149e-02;1.090204e-01;4.237778e-02;8.157573e-02;4.901667e-02;4.809723e-02;3.834127e-02
6.242404e-02;6.177433e-02;2.776427e-01;4.473666e-02;6.059093e-02;6.027933e-02;7.886558e-02;4.742757e-02;1.069455e-01;7.048159e-02;6.389335e-02;6.493846e-02
5.795916e-02;7.164091e-02;1.900866e-01;7.038030e-02;6.994157e-02;7.980124e-02;1.185248e-01;5.454103e-02;9.388175e-02;7.587554e-02;5.001121e-02;6.735592e-02
1.037627e-01;8.050913e-02;1.181273e-01;7.438654e-02;6.684289e-02;7.460901e-02;2.044495e-01;3.996698e-02;8.189964e-02;6.971934e-02;2.738176e-02;5.834519e-02
1.234066e-01;5.069945e-02;7.620525e-02;6.703708e-02;8.433421e-02;9.615503e-02;2.191755e-01;4.495637e-02;6.484334e-02;7.036243e-02;5.704829e-02;4.577644e-02
9.295553e-02;6.424857e-02;9.917684e-02;8.116277e-02;9.096900e-02;8.793717e-02;1.859105e-01;4.296447e-02;4.249317e-02;7.609590e-02;6.116952e-02;7.491662e-02
8.645675e-02;5.535586e-02;1.137120e-01;7.925447e-02;7.473824e-02;9.459088e-02;1.421046e-01;6.905916e-02;4.112792e-02;9.039778e-02;7.038982e-02;8.281256e-02
7.879192e-02;7.082134e-02;9.377726e-02;5.531513e-02;8.335359e-02;1.076017e-01;1.285816e-01;7.144065e-02;7.046419e-02;8.311582e-02;1.025951e-01;5.414164e-02
6.378968e-02;7.009489e-02;1.237385e-01;6.153879e-02;1.098459e-01;8.042686e-02;1.259196e-01;8.005306e-02;7.734645e-02;6.417558e-02;7.230753e-02;7.076313e-02
4.730872e-02;5.940124e-02;1.179124e-01;5.784302e-02;1.251760e-01;7.918458e-02;1.954662e-01;8.028038e-02;8.082078e-02;6.033474e-02;5.410939e-02;4.216262e-02
3.015327e-02;2.814967e-02;1.365509e-01;6.815291e-02;1.596910e-01;1.134061e-01;2.167384e-01;4.588846e-02;4.685937e-02;3.977862e-02;4.578538e-02;6.884591e-02
3.474552e-02;1.299052e-02;1.239332e-01;7.524948e-02;2.383930e-01;1.462256e-01;1.547517e-01;1.822058e-02;3.010114e-02;2.191128e-02;3.395557e-02;1.095225e-01
4.983179e-02;8.698602e-03;7.458150e-02;6.452510e-02;3.048721e-01;1.854295e-01;1.062153e-01;7.579775e-03;2.560006e-02;1.418409e-02;1.245307e-02;1.460291e-01
5.240292e-02;1.165231e-02;5.906624e-02;5.636515e-02;2.905625e-01;1.957598e-01;1.293772e-01;7.141241e-03;2.258807e-02;1.475594e-02;1.118854e-02;1.491401e-01
2.447186e-02;1.749708e-02;1.304125e-01;7.349975e-02;2.198851e-01;1.635653e-01;1.444307e-01;1.236635e-02;2.497282e-02;1.549153e-02;3.964702e-02;1.337600e-01
2.797761e-02;2.356413e-02;2.427541e-01;8.760411e-02;1.406365e-01;1.112996e-01;1.105716e-01;2.533256e-02;3.396352e-02;2.567658e-02;7.634801e-02;9.427170e-02
3.798013e-02;2.947392e-02;3.209000e-01;7.376411e-02;7.646745e-02;8.815189e-02;1.286034e-01;3.250738e-02;5.912641e-02;2.989480e-02;9.402143e-02;2.910913e-02
1.171524e-02;3.100076e-02;1.580732e-01;4.515983e-02;2.024782e-01;1.476024e-01;2.249608e-01;2.536316e-02;3.204296e-02;2.489611e-02;3.335169e-02;6.335571e-02
2.986581e-02;3.446510e-02;9.136375e-02;4.424625e-02;2.391049e-01;1.724095e-01;2.289533e-01;2.658986e-02;1.774742e-02;2.783387e-02;3.260386e-02;5.481633e-02
5.865257e-02;4.669672e-02;1.207678e-01;4.826685e-02;2.261106e-01;1.603356e-01;1.683034e-01;1.553311e-02;2.020497e-02;2.719187e-02;4.107611e-02;6.686042e-02
6.383691e-02;3.421447e-02;1.300268e-01;4.002381e-02;1.893324e-01;1.444590e-01;1.900658e-01;3.183490e-02;3.764063e-02;2.627057e-02;3.158689e-02;8.070776e-02
5.713765e-02;3.432413e-02;1.200158e-01;4.214415e-02;1.804916e-01;1.302001e-01;1.841914e-01;3.130195e-02;4.187530e-02;3.619573e-02;3.084635e-02;1.112758e-01
6.241585e-02;3.592152e-02;1.300542e-01;3.471764e-02;1.706209e-01;8.247314e-02;1.940698e-01;2.423612e-02;5.444144e-02;4.382245e-02;4.751901e-02;1.197079e-01
7.156888e-02;3.318862e-02;1.251285e-01;6.701688e-02;1.608667e-01;7.020621e-02;1.949350e-01;2.533018e-02;6.760125e-02;5.941548e-02;3.645752e-02;8.828475e-02
5.994055e-02;3.085181e-02;1.360850e-01;4.595591e-02;1.581445e-01;9.005925e-02;1.710715e-01;5.826887e-02;5.100918e-02;5.426067e-02;4.930056e-02;9.505224e-02
7.496852e-02;4.271878e-02;1.409747e-01;4.331085e-02;1.282008e-01;7.269660e-02;8.722437e-02;7.280537e-02;6.580641e-02;6.877758e-02;5.772062e-02;1.447953e-01
6.638700e-02;5.213631e-02;1.275608e-01;5.965101e-02;7.587696e-02;7.275671e-02;1.113151e-01;6.445427e-02;7.634498e-02;1.017793e-01;4.965839e-02;1.420792e-01
6.617747e-02;4.027090e-02;1.263339e-01;9.038587e-02;6.166304e-02;5.325305e-02;1.321417e-01;6.915575e-02;6.101041e-02;9.216103e-02;7.488891e-02;1.325580e-01
5.258793e-02;5.594616e-02;1.191432e-01;7.856683e-02;9.906148e-02;6.892454e-02;7.814665e-02;7.749797e-02;6.297578e-02;6.372727e-02;1.084251e-01;1.349971e-01
7.014479e-02;6.544098e-02;7.816602e-02;5.318413e-02;1.209706e-01;7.218735e-02;1.163341e-01;5.913377e-02;9.320116e-02;5.813441e-02;1.115506e-01;1.015520e-01
5.404487e-02;4.950022e-02;1.528467e-01;5.575347e-02;1.074733e-01;6.633193e-02;1.550862e-01;5.327673e-02;8.499570e-02;7.460051e-02;5.285333e-02;9.323692e-02
4.298072e-02;5.733602e-02;1.522513e-01;3.608396e-02;9.371713e-02;8.134741e-02;2.181022e-01;6.879581e-02;6.653853e-02;8.168485e-02;2.805137e-02;7.311068e-02
7.312523e-02;7.822990e-02;1.127594e-01;3.515820e-02;8.026951e-02;7.199953e-02;1.998125e-01;8.059352e-02;7.004344e-02;9.829911e-02;4.552326e-02;5.418649e-02
7.410031e-02;5.598481e-02;8.657341e-02;4.111440e-02;1.098577e-01;4.342161e-02;1.992702e-01;1.021904e-01;8.527800e-02;1.084102e-01;3.751320e-02;5.628575e-02
8.286801e-02;5.239861e-02;8.248309e-02;3.941390e-02;1.214473e-01;6.254922e-02;1.952390e-01;8.306191e-02;8.918515e-02;8.836350e-02;5.284394e-02;5.014635e-02
1.026380e-01;4.601676e-02;1.169676e-01;5.620372e-02;1.021306e-01;6.456473e-02;1.568564e-01;6.878016e-02;1.294023e-01;6.857911e-02;4.634187e-02;4.151879e-02
8.566530e-02;3.327285e-02;1.293084e-01;7.438580e-02;8.027547e-02;7.170513e-02;1.225412e-01;7.291681e-02;1.671856e-01;6.132214e-02;4.607987e-02;5.534143e-02
9.330658e-02;4.803269e-02;1.393365e-01;7.215812e-02;8.516796e-02;6.934673e-02;1.588762e-01;5.523212e-02;1.215068e-01;8.184241e-02;5.198515e-02;2.320875e-02
8.995616e-02;3.924054e-02;1.706803e-01;4.631518e-02;7.305271e-02;8.136056e-02;1.779664e-01;4.058855e-02;8.298676e-02;8.845202e-02;6.593416e-02;4.346664e-02
9.270146e-02;5.431604e-02;1.722344e-01;4.261428e-02;6.732214e-02;9.361564e-02;1.696870e-01;5.371544e-02;5.338522e-02;9.334842e-02;6.681534e-02;4.024465e-02
9.845069e-02;9.081742e-02;1.640915e-01;5.825508e-02;7.092974e-02;7.019877e-02;1.270270e-01;6.000913e-02;7.139552e-02;9.678435e-02;6.376728e-02;2.827356e-02
1.147369e-01;1.000594e-01;1.346274e-01;8.886372e-02;6.154690e-02;5.283970e-02;6.750975e-02;6.557051e-02;7.706110e-02;8.547299e-02;8.826039e-02;6.345116e-02
9.497958e-02;1.104893e-01;1.081213e-01;9.979405e-02;4.734780e-02;8.090811e-02;1.106290e-01;5.318411e-02;4.725330e-02;8.583076e-02;7.546101e-02;8.600171e-02
9.772460e-02;7.957914e-02;1.480411e-01;8.235642e-02;6.251635e-02;8.056390e-02;1.082718e-01;6.168527e-02;6.414331e-02;6.364221e-02;6.487514e-02;8.660068e-02
7.952984e-02;3.801420e-02;2.821842e-01;7.238295e-02;7.770985e-02;3.800965e-02;9.280346e-02;8.691977e-02;7.026622e-02;6.659312e-02;5.253707e-02;4.304970e-02
5.100489e-02;5.162272e-02;2.805257e-01;7.713366e-02;7.786975e-02;3.996142e-02;9.661075e-02;6.501725e-02;5.772534e-02;8.199918e-02;8.795328e-02;3.257601e-02
5.689959e-02;4.528619e-02;2.240521e-01;9.532154e-02;1.311909e-01;6.058589e-02;4.606633e-02;4.246379e-02;4.102950e-02;6.824450e-02;9.695661e-02;9.190305e-02
8.599327e-02;2.291516e-02;1.193658e-01;7.626085e-02;1.875699e-01;1.279069e-01;1.255563e-01;2.121449e-02;1.360036e-02;3.337098e-02;5.798828e-02;1.282578e-01
1.731939e-01;1.301892e-02;7.432014e-02;3.439505e-02;1.691985e-01;2.206358e-01;1.784537e-01;7.929028e-03;1.421071e-02;1.592227e-02;1.481536e-02;8.390660e-02
2.591162e-01;1.921387e-02;5.109750e-02;9.034875e-03;1.227674e-01;2.706812e-01;2.013787e-01;1.154461e-02;1.410385e-02;1.083435e-02;9.027369e-03;2.120008e-02
2.548764e-01;1.719662e-02;5.097118e-02;1.572896e-02;1.162986e-01;2.392229e-01;1.653363e-01;1.074395e-02;1.284573e-02;7.910988e-03;1.234651e-02;9.652173e-02
1.883818e-01;1.143651e-02;1.016171e-01;2.883755e-02;1.306452e-01;1.806361e-01;1.013237e-01;1.012139e-02;1.810767e-02;8.018646e-03;3.681631e-02;1.840581e-01
1.055642e-01;1.262012e-02;1.847546e-01;4.267365e-02;1.149775e-01;1.309697e-01;7.788890e-02;1.744206e-02;1.866561e-02;1.105291e-02;6.681918e-02;2.165716e-01
6.257920e-02;3.688686e-02;2.737927e-01;5.681933e-02;7.487525e-02;1.484172e-01;6.122367e-02;2.289039e-02;1.439358e-02;1.774179e-02;7.702116e-02;1.533589e-01
8.357716e-02;1.771880e-02;1.972037e-01;4.437589e-02;1.209067e-01;2.040479e-01;1.735824e-01;3.477336e-02;2.504101e-02;1.584324e-02;4.031269e-02;4.261716e-02
8.497798e-02;1.984775e-02;9.983398e-02;2.545351e-02;1.592113e-01;2.388522e-01;2.132905e-01;2.579381e-02;2.408551e-02;1.634149e-02;2.846334e-02;6.384864e-02
1.130386e-01;2.373955e-02;9.981330e-02;3.180859e-02;1.814907e-01;2.382652e-01;1.893973e-01;2.313792e-02;1.095901e-02;2.069709e-02;3.948820e-02;2.816459e-02
1.044400e-01;2.333148e-02;8.369326e-02;4.879959e-02;1.807244e-01;2.206215e-01;1.645221e-01;2.633735e-02;2.829147e-02;3.029418e-02;3.374049e-02;5.520415e-02
4.953311e-02;2.241822e-02;1.109721e-01;6.197900e-02;1.381040e-01;1.689661e-01;2.239861e-01;3.630026e-02;3.597003e-02;4.661844e-02;2.235144e-02;8.280114e-02
8.617756e-02;7.192960e-02;6.110698e-02;7.059728e-02;1.176090e-01;9.483784e-02;1.815733e-01;7.004760e-02;4.322328e-02;6.641442e-02;4.448285e-02;9.200023e-02
1.007009e-01;9.758121e-02;7.229349e-02;8.700745e-02;8.969517e-02;5.960570e-02;1.382554e-01;7.840018e-02;5.533889e-02;7.724451e-02;6.891987e-02;7.495721e-02
1.147739e-01;8.789983e-02;8.320042e-02;8.092427e-02;7.099262e-02;5.843852e-02;1.342175e-01;7.709139e-02;6.711406e-02;6.905855e-02;6.398129e-02;9.230770e-02
1.053111e-01;6.739820e-02;1.999084e-01;5.062747e-02;7.375478e-02;5.399821e-02;1.715585e-01;4.300416e-02;5.954970e-02;5.409193e-02;5.538407e-02;6.541338e-02
9.959940e-02;9.575308e-02;1.969368e-01;4.504902e-02;9.069775e-02;6.090003e-02;1.588223e-01;3.844769e-02;4.100623e-02;8.059363e-02;3.325568e-02;5.893840e-02
7.092310e-02;1.066999e-01;1.799958e-01;6.340906e-02;1.070796e-01;7.966855e-02;1.142498e-01;4.185744e-02;3.545034e-02;9.588104e-02;4.925991e-02;5.552548e-02
6.259503e-02;8.753557e-02;1.669240e-01;6.896464e-02;1.118471e-01;8.727077e-02;1.438200e-01;3.871335e-02;4.887584e-02;9.071583e-02;5.852348e-02;3.421445e-02
6.667873e-02;5.681898e-02;1.670355e-01;5.938341e-02;1.521727e-01;9.902768e-02;1.285141e-01;3.299181e-02;6.102434e-02;8.613715e-02;5.845372e-02;3.176186e-02
3.632764e-02;2.196926e-02;4.738381e-02;7.874465e-02;2.909595e-01;1.196191e-01;1.197288e-01;3.999178e-02;6.324294e-02;5.755302e-02;3.823635e-02;8.624315e-02
2.102041e-02;1.277620e-02;1.131896e-01;1.233596e-01;3.074052e-01;8.680058e-02;1.320097e-01;3.367121e-02;5.182693e-02;2.453718e-02;1.908050e-02;7.432295e-02
1.318234e-02;2.860358e-02;2.577368e-01;1.509023e-01;2.638893e-01;7.105704e-02;4.197909e-02;2.384865e-02;3.951301e-02;2.065404e-02;3.098784e-02;5.764595e-02
2.887477e-02;3.477184e-02;3.584965e-01;1.080112e-01;1.482294e-01;8.075827e-02;1.059791e-01;2.238818e-02;2.634064e-02;2.273168e-02;3.619744e-02;2.722099e-02
3.439396e-02;3.083370e-02;4.147956e-01;7.565524e-02;7.405601e-02;7.882093e-02;1.186178e-01;4.247282e-02;3.571294e-02;4.561662e-02;3.370642e-02;1.531797e-02
2.628850e-02;1.164517e-02;3.365716e-01;7.794483e-02;1.355919e-01;5.561360e-02;1.441528e-01;5.681048e-02;5.225286e-02;6.163440e-02;1.822543e-02;2.326842e-02
1.667034e-02;1.729074e-02;3.021804e-01;9.066816e-02;1.799833e-01;6.833350e-02;1.355567e-01;5.934333e-02;3.488818e-02;4.405869e-02;2.181354e-02;2.921317e-02
1.321619e-02;2.234261e-02;3.606237e-01;1.222059e-01;1.874987e-01;5.920557e-02;7.394661e-02;7.207078e-02;1.737623e-02;2.524316e-02;1.978585e-02;2.648468e-02
1.072896e-02;2.579452e-02;4.695811e-01;1.212715e-01;1.676273e-01;4.127967e-02;4.171591e-02;6.842846e-02;1.373597e-02;1.116847e-02;1.444755e-02;1.422058e-02
1.184452e-02;1.762578e-02;5.311126e-01;9.545361e-02;1.638725e-01;5.359201e-02;3.928671e-02;4.793947e-02;5.915693e-03;9.517286e-03;1.735221e-02;6.487674e-03
1.456349e-02;1.032692e-02;5.447308e-01;8.906420e-02;1.687135e-01;6.052159e-02;3.511858e-02;4.170088e-02;6.390796e-03;8.487376e-03;1.333480e-02;7.047022e-03
1.982346e-02;1.430122e-02;5.356305e-01;8.543156e-02;1.512147e-01;5.081315e-02;4.867069e-02;4.843288e-02;8.894864e-03;1.038203e-02;1.251286e-02;1.389201e-02
2.407976e-02;2.153230e-02;5.021601e-01;9.308264e-02;1.630975e-01;5.112290e-02;3.064324e-02;5.885205e-02;1.322030e-02;1.200033e-02;1.485931e-02;1.534958e-02
2.692275e-02;2.960338e-02;3.318306e-01;6.991885e-02;2.054921e-01;8.581508e-02;9.312423e-02;6.979325e-02;1.526753e-02;1.471622e-02;2.844506e-02;2.907099e-02
2.349856e-02;3.293102e-02;2.129238e-01;8.444045e-02;2.365357e-01;9.150419e-02;9.652751e-02;7.508484e-02;3.813756e-02;1.915712e-02;4.905538e-02;4.020386e-02
1.478110e-02;3.220436e-02;2.313014e-01;1.051669e-01;2.180476e-01;6.029199e-02;3.175271e-02;9.139291e-02;7.084715e-02;2.736658e-02;8.495881e-02;3.188848e-02
1.188965e-02;2.397415e-02;2.607874e-01;1.219578e-01;1.489848e-01;4.757177e-02;3.629444e-02;8.393649e-02;6.440763e-02;3.601119e-02;1.356892e-01;2.849540e-02
1.975726e-02;2.658805e-02;3.304666e-01;1.446133e-01;1.125491e-01;4.394549e-02;1.769946e-02;5.625091e-02;3.132822e-02;2.546329e-02;1.665304e-01;2.480796e-02
2.084393e-02;2.496110e-02;4.249365e-01;1.316282e-01;9.184835e-02;3.847421e-02;1.807519e-02;2.809633e-02;7.727361e-03;3.764405e-02;1.539130e-01;2.185180e-02
4.731777e-02;4.695199e-02;4.688520e-01;9.414244e-02;7.912999e-02;3.467621e-02;3.266908e-02;1.694119e-02;1.183373e-02;4.084527e-02;1.012219e-01;2.541846e-02
8.074726e-02;6.993735e-02;4.601901e-01;7.478427e-02;7.120197e-02;3.889264e-02;3.596110e-02;1.118074e-02;1.775272e-02;4.130261e-02;6.610245e-02;3.194673e-02
8.656359e-02;7.945975e-02;4.055024e-01;7.880189e-02;5.495626e-02;4.274151e-02;5.409306e-02;1.769089e-02;3.257220e-02;3.475902e-02;7.614362e-02;3.671583e-02
4.948233e-02;6.259664e-02;3.421263e-01;1.027327e-01;7.193288e-02;4.632313e-02;5.855783e-02;4.409273e-02;3.285450e-02;3.791130e-02;1.039343e-01;4.745539e-02
4.678775e-02;5.104335e-02;3.179888e-01;8.750930e-02;1.242342e-01;5.962296e-02;6.802960e-02;4.048868e-02;3.315167e-02;4.662815e-02;9.352140e-02;3.099416e-02
5.494839e-02;3.966071e-02;3.174859e-01;9.212126e-02;1.140961e-01;5.527536e-02;5.564797e-02;4.114883e-02;7.016449e-02;4.434400e-02;8.763913e-02;2.746781e-02
9.993821e-02;9.305266e-02;2.088722e-01;1.049288e-01;8.637486e-02;5.448638e-02;6.742340e-02;4.151931e-02;5.089056e-02;5.088676e-02;4.631477e-02;9.531215e-02
1.342917e-01;1.270282e-01;1.049017e-01;1.004923e-01;6.403878e-02;8.919717e-02;4.686885e-02;4.437030e-02;5.489789e-02;5.410986e-02;2.685754e-02;1.529458e-01
1.288163e-01;1.294492e-01;6.160844e-02;8.314924e-02;5.250847e-02;1.127852e-01;5.276842e-02;5.956526e-02;5.630957e-02;6.361377e-02;2.405285e-02;1.753733e-01
1.022093e-01;9.346118e-02;5.754487e-02;7.770126e-02;4.926582e-02;1.229050e-01;9.355987e-02;7.347354e-02;4.767061e-02;6.870940e-02;5.296356e-02;1.605356e-01
7.096668e-02;1.075443e-01;1.117461e-01;9.755939e-02;8.151758e-02;8.705133e-02;1.010164e-01;7.891977e-02;3.897122e-02;6.943048e-02;7.219670e-02;8.308011e-02
9.040947e-02;1.166649e-01;1.738045e-01;6.835609e-02;8.937858e-02;5.392180e-02;1.073336e-01;5.316609e-02;6.411386e-02;7.111681e-02;6.112896e-02;5.060536e-02
1.423483e-01;8.236656e-02;1.626665e-01;5.932906e-02;7.680082e-02;5.396456e-02;1.361538e-01;3.913428e-02;7.636876e-02;6.951169e-02;5.006459e-02;5.129102e-02
1.742416e-01;7.123025e-02;1.517541e-01;8.267386e-02;6.471571e-02;5.941617e-02;1.438969e-01;5.182343e-02;5.357949e-02;4.663667e-02;5.121791e-02;4.881394e-02
1.195103e-01;5.264761e-02;1.990555e-01;7.929846e-02;7.953033e-02;6.816453e-02;1.824290e-01;5.039716e-02;3.577520e-02;4.526907e-02;3.968129e-02;4.824144e-02
6.462983e-02;6.588613e-02;1.932281e-01;6.185026e-02;1.288209e-01;9.320588e-02;2.003533e-01;3.826840e-02;3.516052e-02;3.167374e-02;2.828128e-02;5.864159e-02
5.551600e-02;4.566409e-02;1.745542e-01;3.544619e-02;1.845189e-01;1.293968e-01;2.449207e-01;2.355462e-02;2.627972e-02;1.723336e-02;1.531730e-02;4.759821e-02
6.279560e-02;1.941811e-02;1.477785e-01;3.827356e-02;2.150545e-01;1.415122e-01;2.641353e-01;1.810702e-02;2.949802e-02;1.165604e-02;7.901636e-03;4.386947e-02
3.982203e-02;1.785904e-02;2.609162e-01;5.616305e-02;2.038371e-01;1.015237e-01;1.842298e-01;1.924666e-02;3.350439e-02;2.025300e-02;1.217321e-02;5.047178e-02
2.940231e-02;2.653191e-02;4.161192e-01;7.775206e-02;1.860956e-01;6.884252e-02;7.057440e-02;2.347185e-02;2.287364e-02;2.138368e-02;2.013928e-02;3.681351e-02
3.491361e-02;3.166371e-02;4.916369e-01;8.881167e-02;1.695466e-01;4.374792e-02;7.436387e-02;1.901487e-02;1.022254e-02;1.074159e-02;1.452640e-02;1.081033e-02
1.952538e-02;2.481949e-02;4.995446e-01;9.410707e-02;1.831119e-01;5.365612e-02;7.334086e-02;9.884522e-03;1.025421e-02;9.518837e-03;9.803928e-03;1.243312e-02
8.697744e-03;1.428902e-02;4.836103e-01;9.938516e-02;1.847206e-01;6.987335e-02;8.741669e-02;1.373765e-02;6.132590e-03;1.033840e-02;1.335636e-02;8.442157e-03
1.229691e-02;1.507153e-02;5.223913e-01;1.087272e-01;1.664078e-01;5.947614e-02;4.697394e-02;1.911934e-02;9.268968e-03;8.350225e-03;2.461667e-02;7.299999e-03
1.229511e-02;1.588521e-02;5.652792e-01;1.294836e-01;1.344704e-01;4.027389e-02;1.945527e-02;1.669628e-02;1.424894e-02;5.794235e-03;3.842528e-02;7.692486e-03
1.431891e-02;1.565435e-02;5.934647e-01;1.310686e-01;1.009677e-01;3.771776e-02;1.897441e-02;1.658584e-02;9.035432e-03;1.058503e-02;4.383445e-02;7.792801e-03
2.579299e-02;2.409406e-02;5.894439e-01;1.180302e-01;7.575501e-02;3.316895e-02;4.463940e-02;1.437349e-02;1.013139e-02;2.418964e-02;3.182856e-02;8.552526e-03
2.267075e-02;2.948684e-02;5.744374e-01;1.185488e-01;7.418390e-02;2.498658e-02;4.963472e-02;1.114436e-02;1.792203e-02;3.056163e-02;4.011877e-02;6.304147e-03
1.488786e-02;2.529502e-02;6.150475e-01;1.129681e-01;5.917047e-02;1.764878e-02;3.645384e-02;1.299499e-02;1.763072e-02;3.978902e-02;4.266010e-02;5.453561e-03
9.862563e-03;1.078344e-02;6.401665e-01;1.108499e-01;5.737892e-02;2.797549e-02;3.520650e-02;1.479590e-02;1.215030e-02;3.956470e-02;3.476115e-02;6.504707e-03
1.390861e-02;1.535094e-02;6.391171e-01;1.145419e-01;6.740683e-02;3.710139e-02;1.737604e-02;1.277850e-02;1.289517e-02;3.010761e-02;3.393151e-02;5.484445e-03
1.892598e-02;2.633824e-02;6.639687e-01;1.003508e-01;6.651034e-02;2.458230e-02;1.951390e-02;1.021624e-02;1.197167e-02;2.532250e-02;2.516240e-02;7.136908e-03
3.593034e-02;5.751768e-02;6.372591e-01;7.573055e-02;6.519908e-02;2.423065e-02;2.230162e-02;1.297846e-02;1.011022e-02;2.746659e-02;2.285257e-02;8.423107e-03
6.615200e-02;9.124202e-02;5.734469e-01;5.034644e-02;5.247235e-02;2.447172e-02;2.325979e-02;1.900252e-02;2.392699e-02;3.590571e-02;2.488968e-02;1.488387e-02
6.832971e-02;6.986828e-02;4.916044e-01;4.920766e-02;4.304360e-02;4.667874e-02;4.793556e-02;3.686900e-02;3.057050e-02;4.834982e-02;3.502266e-02;3.252012e-02
5.969454e-02;4.508187e-02;3.905400e-01;6.474635e-02;4.813943e-02;6.280195e-02;7.069276e-02;6.442920e-02;4.888940e-02;7.338224e-02;4.319557e-02;2.840663e-02
5.105891e-02;3.315234e-02;2.183089e-01;1.056570e-01;4.252162e-02;7.197039e-02;9.267816e-02;7.311369e-02;9.642601e-02;1.257120e-01;6.435917e-02;2.504176e-02
6.114642e-02;4.033042e-02;2.576978e-01;1.200269e-01;4.545229e-02;4.291141e-02;8.505486e-02;6.722192e-02;6.708692e-02;1.183096e-01;7.629392e-02;1.846742e-02
6.745756e-02;6.709809e-02;2.784715e-01;1.263220e-01;4.215354e-02;4.722733e-02;7.979274e-02;5.003050e-02;5.967674e-02;9.293956e-02;5.756564e-02;3.126476e-02
7.058538e-02;9.182666e-02;2.740517e-01;1.206556e-01;4.994949e-02;6.419208e-02;7.678108e-02;3.567428e-02;7.339189e-02;7.614741e-02;3.513485e-02;3.160957e-02
6.159103e-02;9.121103e-02;2.578898e-01;1.090455e-01;5.274750e-02;5.854021e-02;9.761864e-02;4.210195e-02;7.508471e-02;8.433194e-02;2.344008e-02;4.639760e-02
4.725917e-02;8.482623e-02;1.684509e-01;1.131366e-01;6.371350e-02;6.661820e-02;1.395428e-01;5.308148e-02;8.542775e-02;8.761085e-02;3.662318e-02;5.370938e-02
4.997693e-02;7.178505e-02;1.562162e-01;7.433071e-02;7.916855e-02;9.952761e-02;1.329598e-01;6.667594e-02;9.571496e-02;8.563941e-02;5.780260e-02;3.020230e-02
4.903947e-02;5.757312e-02;1.492730e-01;9.546173e-02;5.151414e-02;8.345488e-02;1.223763e-01;9.549626e-02;1.032138e-01;1.209343e-01;3.293539e-02;3.872766e-02
3.970071e-02;1.052232e-01;1.110411e-01;1.113255e-01;6.435641e-02;4.937322e-02;1.278180e-01;1.028216e-01;9.245864e-02;1.079997e-01;3.096426e-02;5.691776e-02
4.426310e-02;1.019954e-01;1.304500e-01;1.132726e-01;1.080757e-01;5.495462e-02;1.699421e-01;4.924149e-02;7.989575e-02;6.940027e-02;3.776889e-02;4.074005e-02
3.692337e-02;6.305357e-02;1.043992e-01;7.230821e-02;9.949683e-02;6.586117e-02;3.452554e-01;4.894228e-02;4.731475e-02;6.507342e-02;3.217445e-02;1.919733e-02
5.323217e-02;3.920528e-02;5.796508e-02;7.328834e-02;7.958610e-02;8.834976e-02;4.580148e-01;4.173394e-02;2.367195e-02;5.113430e-02;2.074892e-02;1.306939e-02
5.124184e-02;3.074607e-02;3.756839e-02;9.156835e-02;6.579471e-02;9.719604e-02;5.242581e-01;2.212785e-02;1.594125e-02;4.095139e-02;1.436564e-02;8.240356e-03
3.912370e-02;2.620666e-02;3.984448e-02;7.439270e-02;6.014046e-02;1.058310e-01;5.729465e-01;2.566949e-02;1.099772e-02;2.680331e-02;1.048721e-02;7.556695e-03
4.235479e-02;1.557090e-02;2.369313e-02;9.968661e-02;6.128096e-02;1.637669e-01;5.134851e-01;2.026591e-02;1.130772e-02;3.361814e-02;8.528481e-03;6.441387e-03
7.018963e-02;1.119763e-02;2.893118e-02;1.162941e-01;7.619366e-02;2.359286e-01;3.569347e-01;2.488239e-02;1.234253e-02;5.138960e-02;7.481248e-03;8.234777e-03
6.538121e-02;2.043816e-02;4.042571e-02;1.224634e-01;9.281825e-02;2.271770e-01;3.211293e-01;1.945896e-02;1.945906e-02;4.806057e-02;1.004905e-02;1.313938e-02
3.284882e-02;4.472860e-02;3.392802e-02;1.251476e-01;7.228623e-02;1.481464e-01;4.500584e-01;2.021241e-02;2.434872e-02;2.611738e-02;1.077685e-02;1.140055e-02
1.490189e-02;7.176483e-02;2.965092e-02;6.711578e-02;6.283564e-02;9.232312e-02;5.543429e-01;3.233511e-02;2.114900e-02;2.378219e-02;2.301761e-02;6.780995e-03
9.212574e-03;8.334805e-02;2.312380e-02;3.188761e-02;7.178272e-02;5.981949e-02;5.941170e-01;4.769572e-02;1.828594e-02;2.141151e-02;3.390092e-02;5.414688e-03
1.146638e-02;6.898174e-02;1.489467e-02;3.193568e-02;8.966744e-02;5.575160e-02;5.740732e-01;7.809503e-02;1.938572e-02;1.476142e-02;3.108724e-02;9.899872e-03
1.910746e-02;4.111135e-02;2.523170e-02;2.996376e-02;1.019557e-01;4.036006e-02;5.513546e-01;1.134788e-01;2.177561e-02;1.414891e-02;2.399641e-02;1.751553e-02
1.378953e-02;3.479587e-02;3.951059e-02;3.459329e-02;7.120877e-02;4.090761e-02;5.168285e-01;1.743209e-01;2.219436e-02;1.653595e-02;2.043195e-02;1.488264e-02
8.297768e-03;2.863996e-02;4.914561e-02;5.399161e-02;4.812859e-02;4.024930e-02;4.488796e-01;2.505421e-01;2.625985e-02;2.154294e-02;1.108266e-02;1.324003e-02
1.032425e-02;2.133640e-02;9.163722e-02;5.266092e-02;6.557351e-02;5.057845e-02;3.100025e-01;2.921322e-01;3.707594e-02;3.174900e-02;8.742754e-03;2.818695e-02
1.260781e-02;2.058435e-02;1.366954e-01;4.012598e-02;3.940002e-02;5.071709e-02;2.280646e-01;3.419501e-01;3.978953e-02;4.717356e-02;8.665654e-03;3.422600e-02
1.348924e-02;1.879046e-02;1.631035e-01;2.612074e-02;2.206640e-02;4.639476e-02;2.155444e-01;3.605238e-01;3.066298e-02;5.844717e-02;8.148566e-03;3.670793e-02
1.048028e-02;1.479783e-02;1.684025e-01;1.181015e-02;1.319385e-02;5.635804e-02;2.178268e-01;3.631153e-01;4.113891e-02;5.961266e-02;1.016114e-02;3.310255e-02
1.000560e-02;9.705036e-03;1.498283e-01;1.608632e-02;7.281370e-03;4.383477e-02;2.543675e-01;3.612687e-01;5.743333e-02;5.064134e-02;1.165363e-02;2.789401e-02
8.716890e-03;1.271521e-02;1.153757e-01;2.281194e-02;1.426946e-02;2.570066e-02;3.572203e-01;3.498330e-01;2.964466e-02;3.421088e-02;1.137023e-02;1.813113e-02
8.177275e-03;2.068196e-02;6.771649e-02;3.158313e-02;2.469381e-02;2.178117e-02;4.668526e-01;2.945401e-01;1.836037e-02;2.032658e-02;1.637515e-02;8.911313e-03
9.822362e-03;3.525343e-02;4.400156e-02;3.058631e-02;3.878685e-02;3.767477e-02;5.286162e-01;2.001313e-01;2.803975e-02;2.113578e-02;2.116038e-02;4.791250e-03
2.073880e-02;5.807662e-02;6.816129e-02;3.070259e-02;5.409314e-02;5.540782e-02;4.957229e-01;1.213053e-01;2.992113e-02;2.987156e-02;2.576874e-02;1.023006e-02
3.214679e-02;7.118016e-02;1.241119e-01;3.709465e-02;6.409859e-02;6.765577e-02;3.842034e-01;9.961554e-02;3.389518e-02;4.286446e-02;3.019354e-02;1.293995e-02
3.817827e-02;6.699798e-02;1.803198e-01;3.828228e-02;6.280370e-02;4.299443e-02;2.369971e-01;1.578682e-01;7.625650e-02;4.109313e-02;3.234505e-02;2.586344e-02
2.124619e-02;3.506362e-02;1.227378e-01;2.544436e-02;5.650859e-02;5.241442e-02;4.246286e-01;1.211362e-01;4.181705e-02;3.571510e-02;3.609440e-02;2.719372e-02
3.039564e-02;3.483318e-02;9.663837e-02;1.502982e-02;5.144019e-02;5.955081e-02;5.145549e-01;6.726984e-02;2.066359e-02;3.911905e-02;4.481749e-02;2.568710e-02
2.776803e-02;4.116699e-02;8.756610e-02;1.139302e-02;7.831350e-02;5.982636e-02;4.696985e-01;8.899590e-02;3.301387e-02;4.477957e-02;3.316440e-02;2.431370e-02
2.487262e-02;7.311889e-02;1.006135e-01;1.774737e-02;1.017287e-01;6.161825e-02;2.864638e-01;1.729257e-01;4.896284e-02;6.705159e-02;2.495961e-02;1.993718e-02
3.591346e-02;7.858015e-02;9.778114e-02;2.665397e-02;8.767651e-02;6.260093e-02;2.342324e-01;1.747417e-01;5.220149e-02;8.310852e-02;4.452403e-02;2.198577e-02
5.569120e-02;5.666691e-02;9.819693e-02;3.656912e-02;8.282049e-02;7.094472e-02;2.369849e-01;1.609195e-01;5.695878e-02;7.523819e-02;4.137963e-02;2.762970e-02
4.765377e-02;6.249139e-02;9.267382e-02;4.753703e-02;7.461362e-02;5.934171e-02;2.416645e-01;1.883039e-01;5.878590e-02;7.402637e-02;2.892382e-02;2.398416e-02
4.698968e-02;7.729430e-02;9.429312e-02;5.268306e-02;7.264924e-02;3.819787e-02;1.882472e-01;2.213771e-01;6.137573e-02;9.399118e-02;3.527232e-02;1.762918e-02
7.632974e-02;8.695713e-02;6.657599e-02;5.026066e-02;8.648261e-02;3.402391e-02;1.223218e-01;2.204285e-01;7.861928e-02;1.088201e-01;4.678895e-02;2.239132e-02
8.791809e-02;6.194651e-02;1.097255e-01;7.260700e-02;8.784574e-02;4.752101e-02;1.459633e-01;1.459665e-01;1.027262e-01;5.902233e-02;4.530307e-02;3.345472e-02
6.787219e-02;8.982161e-02;1.377412e-01;9.682918e-02;9.909460e-02;7.958950e-02;1.158107e-01;9.232677e-02;5.322198e-02;6.811733e-02;5.370625e-02;4.586865e-02
8.169057e-02;7.491850e-02;1.182975e-01;7.309768e-02;7.588677e-02;7.922964e-02;1.869868e-01;9.158123e-02;5.210241e-02;7.551774e-02;5.356055e-02;3.713063e-02
8.207414e-02;6.716034e-02;7.743758e-02;3.659298e-02;5.047603e-02;5.446540e-02;3.292283e-01;1.259404e-01;2.626604e-02;6.678302e-02;5.123497e-02;3.234090e-02
5.965001e-02;8.506425e-02;3.440539e-02;1.598602e-02;3.568056e-02;2.987728e-02;4.261197e-01;1.587192e-01;3.679153e-02;4.035313e-02;5.598104e-02;2.137185e-02
3.596408e-02;1.138914e-01;2.125603e-02;7.456534e-03;2.313036e-02;2.169352e-02;4.951807e-01;1.675795e-01;2.726911e-02;1.760768e-02;5.632812e-02;1.264286e-02
