6.015987e-02;8.706299e-02;8.434499e-02;5.812526e-02;1.138309e-01;1.137070e-01;1.695638e-01;4.052596e-02;8.871910e-02;6.600148e-02;3.268331e-02;8.527530e-02
5.294773e-02;1.036501e-01;1.128414e-01;4.481027e-02;1.307940e-01;1.027669e-01;1.619225e-01;2.953585e-02;6.309639e-02;5.515504e-02;4.479581e-02;9.768397e-02
6.230419e-02;1.511599e-01;1.417978e-01;4.497496e-02;1.101927e-01;7.619585e-02;1.209528e-01;3.433914e-02;6.687768e-02;5.415137e-02;5.795046e-02;7.910320e-02
1.148916e-01;1.373762e-01;1.383185e-01;7.679220e-02;5.823104e-02;4.727639e-02;6.907201e-02;4.502149e-02;8.587442e-02;7.577584e-02;5.801406e-02;9.335633e-02
1.607909e-01;8.561499e-02;1.308872e-01;7.340088e-02;7.396201e-02;3.429425e-02;7.249796e-02;6.172123e-02;1.026211e-01;7.936028e-02;5.030164e-02;7.454759e-02
1.359153e-01;1.294561e-01;1.577887e-01;6.376562e-02;6.649684e-02;3.081664e-02;7.651109e-02;4.758250e-02;8.343620e-02;7.888217e-02;6.489220e-02;6.445669e-02
1.815993e-01;1.382228e-01;1.526835e-01;7.325353e-02;6.138306e-02;4.093982e-02;7.530773e-02;2.836317e-02;6.710459e-02;6.121828e-02;6.387959e-02;5.604471e-02
1.673162e-01;1.453344e-01;1.493594e-01;9.893002e-02;5.434315e-02;5.658726e-02;6.948385e-02;3.441139e-02;5.372920e-02;3.921570e-02;4.827471e-02;8.301471e-02
1.402201e-01;1.507424e-01;1.700424e-01;1.068769e-01;6.835242e-02;4.931524e-02;5.340789e-02;3.423562e-02;8.400622e-02;2.850352e-02;4.006893e-02;7.422835e-02
9.057721e-02;1.549262e-01;1.525864e-01;9.546343e-02;1.078569e-01;4.931502e-02;9.044600e-02;5.102420e-02;9.281465e-02;2.819053e-02;2.380578e-02;6.299357e-02
4.544560e-02;1.743045e-01;1.172941e-01;8.247702e-02;1.005671e-01;7.938333e-02;1.245067e-01;5.868636e-02;8.883645e-02;3.845669e-02;2.851745e-02;6.152471e-02
3.995971e-02;1.417121e-01;2.085908e-01;9.979203e-02;8.006999e-02;9.385422e-02;1.363628e-01;4.565027e-02;6.210934e-02;3.566956e-02;2.979786e-02;2.643136e-02
6.660774e-02;8.727663e-02;3.151018e-01;1.022784e-01;7.498930e-02;6.489661e-02;1.270266e-01;3.828448e-02;3.616780e-02;4.205470e-02;2.685048e-02;1.846542e-02
6.704487e-02;4.530432e-02;4.636353e-01;9.720642e-02;7.525670e-02;3.564197e-02;8.016698e-02;2.457238e-02;2.298889e-02;4.717345e-02;2.765253e-02;1.335622e-02
3.559367e-02;8.669161e-02;5.254133e-01;7.373153e-02;6.570118e-02;2.934235e-02;4.196694e-02;1.976225e-02;3.779183e-02;4.677056e-02;2.388771e-02;1.334706e-02
3.653898e-02;1.263182e-01;4.665279e-01;5.765847e-02;6.353199e-02;3.144529e-02;3.458551e-02;3.099354e-02;6.094748e-02;5.045035e-02;2.357568e-02;1.742660e-02
6.790582e-02;1.224349e-01;3.446058e-01;3.969225e-02;8.494537e-02;5.156365e-02;6.947123e-02;4.340152e-02;6.666369e-02;5.735118e-02;2.649078e-02;2.547385e-02
8.365437e-02;7.816241e-02;3.102033e-01;5.969264e-02;8.280104e-02;6.643540e-02;9.568645e-02;3.537245e-02;6.131742e-02;7.260577e-02;3.197744e-02;2.209131e-02
1.119096e-01;6.245060e-02;3.104760e-01;5.058974e-02;9.684376e-02;5.606881e-02;8.757728e-02;4.348580e-02;6.888947e-02;6.151736e-02;3.797500e-02;1.221656e-02
1.090794e-01;6.488010e-02;2.990670e-01;5.111803e-02;8.436712e-02;6.899175e-02;6.206538e-02;5.286170e-02;6.651857e-02;8.371078e-02;3.149416e-02;2.584605e-02
8.507706e-02;6.088845e-02;3.065816e-01;7.063524e-02;6.511848e-02;6.240863e-02;5.600298e-02;5.807825e-02;6.696059e-02;1.064876e-01;3.152379e-02;3.023734e-02
5.525192e-02;9.156042e-02;2.907322e-01;8.775328e-02;4.571433e-02;3.524873e-02;4.944873e-02;5.592691e-02;8.397399e-02;1.623980e-01;1.996860e-02;2.202289e-02
2.619602e-02;7.373745e-02;2.203057e-01;7.679199e-02;5.171663e-02;6.317254e-02;7.784618e-02;4.602695e-02;9.775629e-02;2.359598e-01;1.012801e-02;2.036253e-02
2.006918e-02;7.586577e-02;2.255737e-01;1.058693e-01;7.587835e-02;5.179778e-02;7.328884e-02;3.018601e-02;1.185248e-01;1.846735e-01;1.325227e-02;2.502059e-02
3.183083e-02;5.326366e-02;2.311782e-01;1.000267e-01;7.035240e-02;5.206367e-02;9.559428e-02;7.310519e-02;1.353864e-01;1.068965e-01;1.326817e-02;3.703404e-02
2.880394e-02;5.840101e-02;1.870056e-01;7.097091e-02;7.681889e-02;6.373944e-02;1.125435e-01;1.363684e-01;1.462645e-01;5.588643e-02;2.114377e-02;4.205368e-02
4.643143e-02;7.950740e-02;1.195744e-01;6.694120e-02;9.084432e-02;5.822207e-02;9.392601e-02;1.626261e-01;1.710502e-01;6.327018e-02;1.767888e-02;2.992791e-02
9.564307e-02;9.757651e-02;8.578171e-02;7.180325e-02;1.017501e-01;5.874427e-02;8.875309e-02;1.218282e-01;1.470157e-01;8.169356e-02;2.878619e-02;2.062432e-02
9.433033e-02;6.297833e-02;1.278224e-01;1.203645e-01;8.535630e-02;1.015808e-01;9.801099e-02;5.363262e-02;9.311729e-02;8.682157e-02;3.716556e-02;3.881927e-02
5.512932e-02;5.266875e-02;1.315851e-01;1.455270e-01;6.365602e-02;1.131522e-01;9.213120e-02;7.048484e-02;9.412444e-02;9.066838e-02;2.289720e-02;6.797567e-02
6.055864e-02;2.630086e-02;1.492768e-01;1.011366e-01;1.697487e-01;7.105657e-02;8.168335e-02;1.148406e-01;7.590268e-02;5.184649e-02;1.925956e-02;7.838912e-02
4.978814e-02;3.088084e-02;1.599378e-01;5.598895e-02;2.273777e-01;7.799251e-02;8.314966e-02;1.068429e-01;7.906984e-02;5.010169e-02;2.688811e-02;5.198182e-02
3.694307e-02;4.732690e-02;2.626777e-01;5.292174e-02;2.033506e-01;6.164510e-02;8.304294e-02;7.875811e-02;6.107449e-02;6.837414e-02;1.852765e-02;2.535751e-02
3.372560e-02;5.271114e-02;3.239330e-01;8.336200e-02;1.615390e-01;8.772658e-02;6.588121e-02;4.455239e-02;5.201945e-02;7.035322e-02;1.026946e-02;1.392694e-02
2.715485e-02;4.864001e-02;3.602717e-01;7.934088e-02;1.176683e-01;1.343374e-01;5.134841e-02;2.390023e-02;4.189805e-02;8.920065e-02;1.011462e-02;1.612486e-02
2.314606e-02;4.204460e-02;3.746710e-01;5.493721e-02;1.622555e-01;1.143732e-01;4.904084e-02;2.170936e-02;4.902926e-02;7.968696e-02;1.145499e-02;1.765098e-02
4.654841e-02;4.886773e-02;3.836012e-01;5.432215e-02;1.865192e-01;5.882427e-02;4.768694e-02;1.546008e-02;4.064442e-02;7.241671e-02;1.542709e-02;2.968175e-02
5.735066e-02;3.623244e-02;3.367664e-01;9.463882e-02;9.537086e-02;4.439533e-02;8.424468e-02;3.134393e-02;5.693857e-02;9.278562e-02;2.426047e-02;4.567222e-02
3.812733e-02;4.837193e-02;1.911840e-01;2.147985e-01;4.894699e-02;8.290992e-02;9.512631e-02;6.074760e-02;6.686720e-02;7.544360e-02;3.620370e-02;4.127287e-02
4.144701e-02;9.113582e-02;3.111600e-01;1.921110e-01;6.544922e-02;6.774227e-02;6.065397e-02;4.509613e-02;4.212207e-02;3.725981e-02;2.801945e-02;1.780331e-02
5.125216e-02;7.975700e-02;4.197221e-01;1.440520e-01;7.802884e-02;3.303788e-02;4.616621e-02;3.360786e-02;3.666859e-02;2.934504e-02;2.229592e-02;2.606643e-02
9.376561e-02;6.222602e-02;4.350538e-01;1.001187e-01;6.895653e-02;2.449373e-02;4.177939e-02;3.125620e-02;5.017882e-02;2.826905e-02;2.606160e-02;3.784053e-02
1.360495e-01;8.815660e-02;3.875199e-01;6.804837e-02;5.300900e-02;2.389897e-02;4.240521e-02;4.475006e-02;4.460637e-02;5.610537e-02;2.538108e-02;3.006954e-02
1.396740e-01;7.678240e-02;3.730690e-01;5.551244e-02;6.378683e-02;2.832375e-02;4.807684e-02;4.201735e-02;5.015453e-02;8.393542e-02;2.316165e-02;1.550572e-02
7.569701e-02;8.223984e-02;3.388169e-01;5.116318e-02;6.948379e-02;5.821188e-02;9.912720e-02;2.475410e-02;6.011968e-02;1.004012e-01;2.222827e-02;1.775692e-02
5.840503e-02;1.082788e-01;2.897204e-01;5.927365e-02;5.957434e-02;9.150847e-02;9.560555e-02;4.285541e-02;5.415073e-02;8.068320e-02;2.761112e-02;3.233330e-02
7.217132e-02;9.225304e-02;2.609017e-01;7.112947e-02;7.321449e-02;1.226556e-01;4.864740e-02;5.640579e-02;5.132734e-02;7.678816e-02;2.396873e-02;5.053691e-02
5.540725e-02;5.908325e-02;2.769879e-01;5.820147e-02;5.144886e-02;1.242586e-01;6.063287e-02;6.625853e-02;6.235001e-02;7.864670e-02;3.321052e-02;7.351408e-02
9.064519e-02;3.804006e-02;3.100215e-01;6.761921e-02;4.693269e-02;9.588379e-02;5.707408e-02;5.551142e-02;5.639878e-02;5.787668e-02;5.215795e-02;7.183874e-02
9.779269e-02;6.157889e-02;2.644486e-01;1.079459e-01;8.394306e-02;5.227229e-02;7.255149e-02;5.919491e-02;3.625584e-02;6.282794e-02;5.392116e-02;4.726720e-02
4.748872e-02;6.539126e-02;1.796471e-01;1.198972e-01;1.010841e-01;7.386157e-02;1.162814e-01;6.574830e-02;4.068721e-02;7.562403e-02;4.587972e-02;6.840928e-02
6.018441e-02;9.111356e-02;1.204620e-01;9.776011e-02;1.002508e-01;9.962972e-02;1.286186e-01;6.114812e-02;5.285589e-02;8.566675e-02;5.303251e-02;4.927760e-02
8.409749e-02;9.646742e-02;1.489124e-01;6.403471e-02;9.451605e-02;5.967805e-02;7.909699e-02;3.913457e-02;9.211349e-02;9.428903e-02;4.227247e-02;1.053873e-01
9.202182e-02;1.088723e-01;1.687642e-01;6.517320e-02;9.713316e-02;3.868483e-02;6.891713e-02;2.730102e-02;9.242136e-02;7.401102e-02;2.308494e-02;1.436151e-01
1.041521e-01;9.172992e-02;1.829799e-01;6.835388e-02;1.126271e-01;5.251797e-02;7.535707e-02;3.863364e-02;6.788919e-02;6.446771e-02;2.266916e-02;1.186222e-01
9.229415e-02;5.185265e-02;2.168594e-01;7.582784e-02;1.520685e-01;1.044194e-01;7.432760e-02;5.870952e-02;4.056074e-02;4.342018e-02;3.265940e-02;5.700060e-02
5.138772e-02;2.793747e-02;2.800649e-01;8.888445e-02;1.656579e-01;1.421954e-01;4.910861e-02;5.982032e-02;2.486337e-02;2.928891e-02;3.749118e-02;4.329976e-02
1.781802e-02;3.365323e-02;3.180898e-01;1.282110e-01;1.199538e-01;1.104812e-01;7.527865e-02;4.468121e-02;2.790586e-02;4.905480e-02;3.444644e-02;4.042592e-02
2.608684e-02;3.297151e-02;3.711512e-01;1.071814e-01;1.479796e-01;6.724565e-02;7.670501e-02;3.508687e-02;3.295943e-02;4.614252e-02;3.168738e-02;2.480264e-02
5.532647e-02;4.158198e-02;3.391508e-01;5.117080e-02;1.621547e-01;6.437475e-02;8.625280e-02;3.463229e-02;4.472060e-02;3.543239e-02;3.393992e-02;5.126256e-02
1.060944e-01;4.748722e-02;2.039348e-01;3.334901e-02;1.392797e-01;9.235056e-02;9.781069e-02;4.801787e-02;3.864659e-02;5.345230e-02;3.313547e-02;1.064413e-01
9.002790e-02;4.174218e-02;2.054356e-01;6.154633e-02;1.459303e-01;9.159393e-02;5.278071e-02;6.381415e-02;4.353868e-02;7.137464e-02;3.790636e-02;9.430925e-02
3.744574e-02;4.697756e-02;2.231722e-01;1.045549e-01;1.598164e-01;6.342889e-02;9.466653e-02;7.361136e-02;4.820313e-02;4.524937e-02;3.518536e-02;6.768859e-02
2.966052e-02;4.577577e-02;2.090302e-01;1.128443e-01;1.409982e-01;5.746169e-02;1.017589e-01;7.276639e-02;7.380707e-02;6.701463e-02;2.579546e-02;6.308700e-02
4.230856e-02;3.125465e-02;2.606883e-01;1.259942e-01;1.657698e-01;4.763995e-02;6.544226e-02;7.444324e-02;6.468873e-02;6.498609e-02;3.075208e-02;2.603220e-02
4.452497e-02;3.431086e-02;2.359320e-01;1.366952e-01;1.620202e-01;7.304472e-02;7.282919e-02;8.286783e-02;3.699286e-02;5.807252e-02;3.058556e-02;3.212402e-02
4.623081e-02;5.051517e-02;1.812815e-01;1.311987e-01;1.084665e-01;9.095638e-02;1.129404e-01;8.824427e-02;3.924262e-02;9.021652e-02;2.576648e-02;3.494065e-02
4.525768e-02;6.123868e-02;1.931582e-01;8.572073e-02;9.925301e-02;6.989000e-02;1.213848e-01;7.359250e-02;3.864428e-02;1.090392e-01;1.863460e-02;8.418632e-02
3.680206e-02;7.125960e-02;2.403804e-01;9.572262e-02;8.391034e-02;5.918710e-02;1.148869e-01;4.982426e-02;2.366864e-02;8.800843e-02;1.661902e-02;1.197307e-01
8.642592e-02;9.531876e-02;1.420883e-01;1.229951e-01;8.879526e-02;5.358793e-02;1.244092e-01;3.912124e-02;3.306240e-02;7.297272e-02;2.670802e-02;1.145152e-01
1.194708e-01;7.544604e-02;1.513386e-01;1.176313e-01;1.045427e-01;3.676671e-02;1.003786e-01;3.616846e-02;3.399452e-02;5.735744e-02;6.159149e-02;1.053134e-01
6.836612e-02;6.990581e-02;2.100944e-01;8.562641e-02;1.079942e-01;5.752984e-02;7.287064e-02;4.555118e-02;3.789505e-02;5.963999e-02;8.269528e-02;1.018310e-01
7.133481e-02;9.132862e-02;1.808989e-01;8.794261e-02;1.213380e-01;7.728705e-02;9.491970e-02;4.211154e-02;3.678604e-02;5.628226e-02;6.834995e-02;7.142046e-02
8.285145e-02;9.970529e-02;1.129176e-01;9.030040e-02;1.259595e-01;9.319583e-02;1.094642e-01;5.733422e-02;5.878991e-02;4.952384e-02;5.694864e-02;6.300904e-02
6.919422e-02;6.989170e-02;1.242589e-01;6.149244e-02;1.030368e-01;1.366886e-01;5.652355e-02;8.325188e-02;5.482211e-02;7.783502e-02;6.930046e-02;9.370432e-02
7.754751e-02;5.899239e-02;1.792528e-01;3.572936e-02;5.811182e-02;1.327409e-01;8.328461e-02;7.546639e-02;4.249925e-02;8.515702e-02;8.661798e-02;8.459986e-02
5.774757e-02;5.903721e-02;2.288942e-01;6.030590e-02;8.004397e-02;1.241317e-01;8.372408e-02;5.476439e-02;4.956099e-02;7.425821e-02;6.897950e-02;5.855233e-02
8.508071e-02;7.249289e-02;2.158313e-01;8.681860e-02;7.008933e-02;1.177397e-01;8.640418e-02;5.235282e-02;4.235058e-02;6.801143e-02;5.327000e-02;4.955840e-02
8.440749e-02;5.220868e-02;1.824622e-01;7.650375e-02;9.004372e-02;8.266489e-02;1.436966e-01;7.798463e-02;6.197089e-02;5.816531e-02;4.027794e-02;4.961395e-02
5.075486e-02;4.855818e-02;2.777698e-01;6.929928e-02;1.082076e-01;6.304857e-02;8.176471e-02;9.209953e-02;5.855189e-02;5.749046e-02;3.968741e-02;5.276772e-02
2.670505e-02;2.365895e-02;3.850749e-01;5.120483e-02;1.124482e-01;6.644390e-02;1.453739e-01;4.716879e-02;3.656238e-02;3.616781e-02;2.763907e-02;4.155226e-02
1.702086e-02;2.450708e-02;4.172038e-01;4.826747e-02;1.245337e-01;7.305637e-02;1.848472e-01;3.336516e-02;1.718734e-02;1.574081e-02;2.196578e-02;2.230446e-02
1.313099e-02;2.209682e-02;4.794496e-01;5.925792e-02;1.256824e-01;5.865790e-02;1.439704e-01;2.468416e-02;1.566650e-02;1.152106e-02;3.126057e-02;1.462167e-02
1.860317e-02;2.365143e-02;5.371391e-01;7.644714e-02;1.215257e-01;5.191501e-02;6.900856e-02;2.005125e-02;1.422842e-02;1.144137e-02;3.698049e-02;1.900833e-02
3.066223e-02;2.634378e-02;4.797493e-01;9.595677e-02;1.552117e-01;6.212536e-02;4.513247e-02;2.530901e-02;1.913790e-02;1.090238e-02;3.074584e-02;1.872324e-02
1.926101e-02;3.138491e-02;3.687894e-01;1.103827e-01;2.162063e-01;7.587848e-02;6.311190e-02;2.178683e-02;4.300566e-02;1.854289e-02;1.967725e-02;1.197265e-02
1.389686e-02;3.283443e-02;2.621443e-01;7.156408e-02;2.302564e-01;9.287398e-02;1.560037e-01;2.578664e-02;3.910284e-02;2.771188e-02;2.794175e-02;1.988310e-02
1.762874e-02;3.707210e-02;2.383063e-01;8.228116e-02;2.847185e-01;1.118231e-01;9.225167e-02;2.579480e-02;2.530020e-02;2.176232e-02;3.410159e-02;2.895945e-02
1.831898e-02;2.152977e-02;1.754825e-01;7.456509e-02;2.926879e-01;1.288761e-01;1.541986e-01;1.751696e-02;1.208055e-02;2.428196e-02;3.947498e-02;4.098655e-02
2.232230e-02;3.861029e-02;1.538786e-01;5.070023e-02;2.271067e-01;1.432933e-01;2.444202e-01;1.521504e-02;9.183653e-03;2.565682e-02;3.521500e-02;3.439784e-02
2.779771e-02;7.223739e-02;1.458008e-01;5.150692e-02;1.336488e-01;1.364968e-01;3.576568e-01;1.434901e-02;1.127060e-02;1.208185e-02;2.186052e-02;1.529296e-02
1.896500e-02;6.896132e-02;8.926012e-02;5.207189e-02;9.146457e-02;1.188626e-01;5.056745e-01;2.051954e-02;9.602902e-03;6.654579e-03;1.094308e-02;7.019835e-03
1.019840e-02;3.421653e-02;5.249711e-02;3.216967e-02;8.605360e-02;1.060296e-01;6.220765e-01;2.459713e-02;1.240304e-02;8.007501e-03;6.468529e-03;5.282332e-03
7.004317e-03;1.944221e-02;4.323151e-02;1.317665e-02;6.610049e-02;9.456863e-02;7.043480e-01;2.185027e-02;1.128683e-02;7.954686e-03;5.320951e-03;5.715500e-03
1.541050e-02;1.972124e-02;4.211316e-02;8.152964e-03;5.394370e-02;8.914220e-02;7.181900e-01;2.317992e-02;1.109760e-02;8.429193e-03;7.056808e-03;3.562748e-03
1.272147e-02;1.600623e-02;5.039875e-02;1.147091e-02;8.511384e-02;1.025544e-01;6.414040e-01;3.311312e-02;1.062624e-02;2.164608e-02;9.099046e-03;5.846006e-03
2.435510e-02;1.302124e-02;5.484496e-02;2.125063e-02;1.236558e-01;1.194445e-01;5.318015e-01;3.642565e-02;1.628538e-02;3.621571e-02;1.630114e-02;6.398371e-03
5.042193e-02;2.758369e-02;9.262224e-02;3.556887e-02;1.419756e-01;1.105680e-01;3.835668e-01;3.717664e-02;2.720750e-02;4.442794e-02;3.090141e-02;1.797934e-02
5.520568e-02;3.828479e-02;1.009556e-01;3.202453e-02;1.314401e-01;1.112559e-01;3.726590e-01;4.362868e-02;2.993961e-02;3.479694e-02;2.911247e-02;2.069657e-02
3.676223e-02;1.971658e-02;4.805407e-02;1.617023e-02;1.035533e-01;1.098528e-01;5.634141e-01;3.230950e-02;2.136025e-02;2.496183e-02;1.124402e-02;1.260106e-02
1.465138e-02;8.584877e-03;2.842124e-02;2.104352e-02;1.105266e-01;1.172069e-01;6.124418e-01;2.904574e-02;1.487861e-02;2.146078e-02;1.457834e-02;7.160204e-03
8.627031e-03;1.093682e-02;3.124419e-02;2.173576e-02;1.243257e-01;1.294166e-01;5.915942e-01;2.170825e-02;7.292328e-03;2.476801e-02;1.769304e-02;1.065801e-02
1.136007e-02;2.172339e-02;2.636260e-02;1.762952e-02;1.517473e-01;1.436295e-01;5.496600e-01;1.731004e-02;6.110277e-03;2.313576e-02;1.501053e-02;1.632109e-02
2.898117e-02;2.301448e-02;9.038609e-02;2.494694e-02;1.738799e-01;1.297894e-01;4.349705e-01;2.150659e-02;1.670913e-02;1.762200e-02;1.750192e-02;2.069188e-02
2.438852e-02;3.116818e-02;1.971959e-01;4.296938e-02;1.861017e-01;1.038189e-01;2.964451e-01;3.068594e-02;1.691305e-02;1.741632e-02;2.075668e-02;3.214030e-02
4.791995e-02;5.091884e-02;2.276372e-01;4.335138e-02;1.508536e-01;8.501349e-02;1.925105e-01;4.761327e-02;3.794567e-02;4.035661e-02;4.609070e-02;2.978887e-02
5.035489e-02;3.445611e-02;1.372863e-01;3.619998e-02;1.191484e-01;9.173267e-02;2.380821e-01;5.600173e-02;6.639318e-02;6.346017e-02;7.582861e-02;3.105588e-02
4.977380e-02;2.205466e-02;4.978222e-02;3.936353e-02;9.626452e-02;1.100079e-01;3.296787e-01;4.985641e-02;6.403213e-02;7.143539e-02;8.684305e-02;3.090765e-02
3.844308e-02;3.081763e-02;1.015965e-01;2.831753e-02;1.093984e-01;1.080558e-01;4.042509e-01;2.932221e-02;4.141538e-02;4.149415e-02;4.250488e-02;2.438355e-02
4.634149e-02;2.416922e-02;1.054782e-01;2.404032e-02;1.564722e-01;1.223660e-01;3.694782e-01;3.743677e-02;4.717534e-02;2.230985e-02;2.795998e-02;1.677244e-02
4.116558e-02;5.875599e-02;1.335855e-01;8.934510e-02;1.736370e-01;1.249552e-01;1.194802e-01;8.460677e-02;4.906268e-02;4.855677e-02;3.008841e-02;4.676082e-02
4.810613e-02;5.767493e-02;1.380742e-01;1.169517e-01;1.251430e-01;8.282544e-02;1.367949e-01;7.999071e-02;5.712979e-02;4.685236e-02;4.614464e-02;6.431233e-02
6.545732e-02;6.611207e-02;1.368701e-01;1.141113e-01;1.097733e-01;5.752116e-02;1.645923e-01;6.132553e-02;5.308594e-02;4.364345e-02;6.142084e-02;6.608655e-02
7.610281e-02;5.340777e-02;1.207138e-01;6.583834e-02;9.611629e-02;6.840800e-02;3.007370e-01;4.122867e-02;3.391277e-02;4.583676e-02;5.699423e-02;4.070366e-02
5.912521e-02;3.438427e-02;8.923411e-02;2.976226e-02;9.562750e-02;8.698179e-02;4.371401e-01;5.527741e-02;2.242023e-02;4.341726e-02;2.489308e-02;2.173683e-02
3.994549e-02;3.236418e-02;1.446325e-01;3.033975e-02;9.498281e-02;8.182640e-02;4.297109e-01;5.947876e-02;2.968737e-02;2.838795e-02;1.359055e-02;1.505331e-02
2.666306e-02;3.975913e-02;3.770386e-01;4.678576e-02;5.865478e-02;4.808751e-02;2.724418e-01;4.856970e-02;3.932856e-02;1.701498e-02;1.663089e-02;9.025282e-03
4.006220e-02;4.498758e-02;5.515528e-01;5.221178e-02;7.071078e-02;4.584343e-02;4.216597e-02;4.253578e-02;4.746766e-02;2.587452e-02;1.691385e-02;1.967361e-02
3.194929e-02;4.465749e-02;3.779638e-01;3.186137e-02;7.138325e-02;1.966121e-02;2.631688e-01;5.476933e-02;3.720232e-02;2.581199e-02;1.725959e-02;2.431165e-02
2.491471e-02;2.752636e-02;2.995766e-01;3.294557e-02;8.561051e-02;5.261327e-02;3.681333e-01;3.785533e-02;2.141866e-02;1.902907e-02;1.538071e-02;1.499581e-02
4.136689e-02;3.431679e-02;2.920007e-01;4.389060e-02;8.643152e-02;6.005197e-02;3.311797e-01;2.756771e-02;1.969293e-02;1.948047e-02;2.076801e-02;2.325270e-02
5.970272e-02;5.821200e-02;1.663333e-01;7.486150e-02;7.187513e-02;7.115848e-02;2.207813e-01;9.236676e-02;6.412130e-02;4.428468e-02;3.421515e-02;4.208774e-02
2.462878e-02;3.746769e-02;1.200624e-01;4.162241e-02;7.826355e-02;8.591796e-02;2.891716e-01;1.190799e-01;1.040876e-01;4.624395e-02;2.581263e-02;2.764150e-02
2.638284e-02;2.736556e-02;9.344033e-02;3.495558e-02;9.352878e-02;1.010629e-01;2.915433e-01;1.097789e-01;1.156836e-01;5.533518e-02;8.231951e-03;4.269109e-02
3.525234e-02;2.849475e-02;6.268714e-02;4.740786e-02;1.166961e-01;1.024451e-01;2.375029e-01;8.411279e-02;1.133970e-01;7.702402e-02;1.854299e-02;7.643713e-02
3.395860e-02;3.043913e-02;1.031411e-01;9.248167e-02;1.289262e-01;7.287100e-02;1.263802e-01;3.773383e-02;1.013666e-01;9.182414e-02;7.501131e-02;1.058663e-01
5.470487e-02;3.860782e-02;1.820310e-01;1.103499e-01;8.532674e-02;5.277698e-02;6.400556e-02;5.495949e-02;7.638845e-02;7.480229e-02;1.192851e-01;8.676183e-02
8.550388e-02;7.087469e-02;1.726758e-01;7.959621e-02;9.234292e-02;4.877517e-02;5.701001e-02;6.189731e-02;7.945949e-02;7.409258e-02;9.656933e-02;8.120262e-02
8.257905e-02;1.135233e-01;1.425516e-01;8.914421e-02;8.608646e-02;4.542616e-02;8.211389e-02;5.257176e-02;6.871050e-02;5.841898e-02;9.257945e-02;8.629459e-02
6.875686e-02;1.142639e-01;1.429292e-01;1.198899e-01;6.782036e-02;4.156819e-02;7.143099e-02;3.814894e-02;5.951613e-02;7.780145e-02;1.297835e-01;6.809053e-02
5.823081e-02;6.460830e-02;2.073002e-01;1.267679e-01;9.976605e-02;4.885519e-02;2.533125e-02;6.433019e-02;4.510857e-02;6.693435e-02;1.472194e-01;4.554785e-02
6.208140e-02;5.469042e-02;2.027047e-01;8.110049e-02;1.246477e-01;5.553727e-02;3.938014e-02;6.113514e-02;6.355052e-02;6.348395e-02;1.015222e-01;9.016606e-02
4.186132e-02;6.246542e-02;2.172469e-01;8.974450e-02;1.062819e-01;3.929714e-02;4.024757e-02;4.616577e-02;7.805660e-02;6.611684e-02;9.186620e-02;1.206498e-01
5.542443e-02;5.791209e-02;2.465170e-01;7.191702e-02;8.364163e-02;4.384651e-02;7.331765e-02;5.349501e-02;8.217945e-02;5.897179e-02;8.312803e-02;8.964939e-02
7.208066e-02;7.847812e-02;2.209676e-01;6.331036e-02;8.188116e-02;4.893848e-02;1.305213e-01;5.706811e-02;7.994682e-02;5.607411e-02;5.954929e-02;5.118402e-02
9.938321e-02;1.046882e-01;1.616196e-01;5.607179e-02;5.504940e-02;9.729683e-02;1.608042e-01;5.658362e-02;5.466667e-02;5.789858e-02;6.736995e-02;2.856790e-02
1.318822e-01;1.200587e-01;1.745169e-01;4.762158e-02;4.527562e-02;8.401872e-02;1.170823e-01;6.017810e-02;4.358150e-02;6.476425e-02;4.306559e-02;6.795447e-02
1.374930e-01;9.089467e-02;2.111317e-01;5.095430e-02;5.139853e-02;4.530669e-02;6.403460e-02;4.099571e-02;4.730664e-02;9.002212e-02;5.448109e-02;1.159810e-01
1.020014e-01;5.589666e-02;2.686029e-01;6.053690e-02;6.772006e-02;3.250236e-02;6.632393e-02;2.859684e-02;5.902622e-02;1.132401e-01;6.072537e-02;8.482715e-02
6.620671e-02;4.653992e-02;3.451600e-01;6.865589e-02;6.257805e-02;3.827674e-02;7.690817e-02;3.147677e-02;5.596439e-02;7.718837e-02;8.505760e-02;4.598735e-02
5.409930e-02;3.422785e-02;4.260946e-01;7.263101e-02;5.545698e-02;5.208950e-02;6.892086e-02;3.131083e-02;5.129908e-02;3.627595e-02;7.736765e-02;4.022640e-02
5.156602e-02;3.157451e-02;4.472144e-01;6.067647e-02;8.661062e-02;4.364478e-02;4.770197e-02;2.661885e-02;5.283652e-02;3.361472e-02;7.156230e-02;4.637879e-02
5.299306e-02;4.775385e-02;4.375219e-01;5.863047e-02;7.923505e-02;2.889151e-02;3.789904e-02;4.590889e-02;4.217054e-02;5.422123e-02;6.203601e-02;5.273838e-02
3.923757e-02;4.292722e-02;4.235165e-01;8.305637e-02;8.985078e-02;3.193255e-02;3.789751e-02;4.070797e-02;2.980525e-02;5.311264e-02;6.318831e-02;6.476732e-02
2.817438e-02;4.733827e-02;3.852953e-01;1.120382e-01;1.483188e-01;5.511204e-02;2.846321e-02;2.814576e-02;2.954446e-02;3.286560e-02;6.081944e-02;4.388465e-02
2.657645e-02;5.077661e-02;3.584550e-01;1.102347e-01;1.863376e-01;6.809007e-02;5.836402e-02;2.734985e-02;2.370876e-02;1.342805e-02;4.652264e-02;3.015623e-02
1.917838e-02;3.223627e-02;3.030218e-01;9.147390e-02;2.722788e-01;7.856093e-02;9.046866e-02;2.112268e-02;1.509335e-02;1.378515e-02;3.323604e-02;2.954406e-02
1.182620e-02;2.240246e-02;2.927375e-01;1.122117e-01;3.060409e-01;7.611302e-02;5.697254e-02;2.719413e-02;1.109427e-02;1.636909e-02;3.856153e-02;2.847667e-02
8.453381e-03;1.619996e-02;3.450778e-01;1.389527e-01;2.501817e-01;6.323886e-02;3.873459e-02;3.780141e-02;1.301920e-02;1.219503e-02;5.161551e-02;2.452986e-02
1.228546e-02;1.575078e-02;4.489819e-01;1.421386e-01;1.518307e-01;4.341161e-02;1.153961e-02;4.662885e-02;3.165703e-02;1.694262e-02;6.031871e-02;1.851409e-02
1.820122e-02;2.634184e-02;5.444188e-01;1.063242e-01;9.090260e-02;2.489191e-02;2.539532e-02;3.284895e-02;3.307814e-02;2.774402e-02;4.867849e-02;2.117447e-02
3.139416e-02;5.047691e-02;5.775093e-01;7.092571e-02;7.162683e-02;2.610943e-02;5.701070e-02;1.620055e-02;2.327550e-02;2.682954e-02;2.992273e-02;1.871865e-02
4.806802e-02;7.096577e-02;5.061662e-01;4.911613e-02;6.716306e-02;3.565541e-02;1.031603e-01;1.804280e-02;3.479863e-02;2.389062e-02;2.749008e-02;1.548296e-02
6.174075e-02;8.851354e-02;4.990651e-01;5.062125e-02;7.033763e-02;3.195229e-02;7.537057e-02;2.067257e-02;4.484692e-02;1.677382e-02;2.750221e-02;1.260334e-02
8.724920e-02;9.096186e-02;4.975792e-01;5.551301e-02;7.396463e-02;2.288269e-02;2.192077e-02;2.868584e-02;3.156129e-02;2.833036e-02;3.600470e-02;2.534647e-02
1.109920e-01;8.011366e-02;3.680498e-01;5.442976e-02;8.575135e-02;2.882251e-02;5.319510e-02;5.233689e-02;3.548175e-02;3.913938e-02;5.180148e-02;3.988631e-02
6.687911e-02;5.141141e-02;3.986349e-01;8.064701e-02;9.724606e-02;4.103485e-02;5.375703e-02;4.029990e-02;3.980011e-02;4.296461e-02;5.800434e-02;2.932066e-02
4.123408e-02;4.411843e-02;3.859830e-01;9.767070e-02;9.591718e-02;5.546298e-02;5.430519e-02;4.460195e-02;4.270080e-02;5.508560e-02;5.301636e-02;2.990372e-02
4.818947e-02;4.105213e-02;2.593672e-01;1.124725e-01;1.050990e-01;6.339134e-02;9.266657e-02;6.005384e-02;5.616135e-02;6.616278e-02;5.488654e-02;4.049732e-02
4.645032e-02;6.123439e-02;2.128127e-01;1.483985e-01;9.920673e-02;5.795806e-02;7.613639e-02;6.771510e-02;5.771326e-02;6.920208e-02;6.177691e-02;4.139551e-02
8.773558e-02;1.157062e-01;3.785552e-01;1.124977e-01;5.477270e-02;2.250503e-02;5.021966e-02;4.100482e-02;4.296744e-02;3.123576e-02;3.536120e-02;2.743871e-02
1.781502e-01;1.643543e-01;3.766998e-01;5.415845e-02;3.157977e-02;2.122450e-02;6.019888e-02;1.760751e-02;3.508829e-02;1.756543e-02;1.709806e-02;2.627488e-02
2.688037e-01;1.857172e-01;3.175895e-01;2.878261e-02;2.796169e-02;1.267172e-02;4.580335e-02;1.522432e-02;2.554314e-02;1.832183e-02;2.198974e-02;3.159126e-02
3.242469e-01;1.851145e-01;2.184711e-01;1.794868e-02;3.729592e-02;1.853531e-02;5.352853e-02;2.339612e-02;2.438609e-02;1.707897e-02;3.561406e-02;4.438376e-02
3.234785e-01;1.926529e-01;6.960414e-02;1.803437e-02;4.828031e-02;3.234236e-02;6.513525e-02;3.457367e-02;5.334152e-02;3.511544e-02;6.014807e-02;6.729352e-02
1.896491e-01;1.851679e-01;8.005767e-02;4.850700e-02;5.436526e-02;3.970724e-02;3.842343e-02;4.316230e-02;9.514683e-02;7.184011e-02;7.973804e-02;7.423510e-02
8.639526e-02;1.045109e-01;3.571187e-01;7.313620e-02;5.687055e-02;3.666708e-02;5.904939e-02;2.148703e-02;6.062819e-02;4.783360e-02;5.885578e-02;3.744727e-02
1.266298e-01;8.170608e-02;3.681817e-01;8.522062e-02;7.490645e-02;3.778709e-02;4.186508e-02;3.010992e-02;4.364748e-02;3.103490e-02;3.778334e-02;4.112758e-02
1.686592e-01;7.956376e-02;2.413575e-01;7.647563e-02;8.312742e-02;3.314384e-02;1.031352e-01;4.811602e-02;5.736468e-02;3.639200e-02;2.747098e-02;4.519381e-02
1.687631e-01;4.364124e-02;1.973968e-01;6.572469e-02;9.461345e-02;4.190791e-02;1.218930e-01;5.771847e-02;5.938857e-02;4.047469e-02;5.554003e-02;5.293795e-02
1.523907e-01;7.435523e-02;2.825645e-01;5.036094e-02;7.813518e-02;4.615590e-02;8.925448e-02;3.866968e-02;5.864593e-02;3.168748e-02;4.432888e-02;5.345112e-02
1.905757e-01;1.129119e-01;2.521445e-01;5.143603e-02;6.317239e-02;4.209720e-02;5.611841e-02;2.614567e-02;7.221826e-02;4.233273e-02;4.081647e-02;5.003076e-02
2.077391e-01;1.101261e-01;2.108877e-01;7.478000e-02;5.302840e-02;3.526821e-02;6.616078e-02;4.476875e-02;7.393838e-02;5.673076e-02;2.416956e-02;4.240226e-02
1.995815e-01;8.188076e-02;1.844411e-01;9.057376e-02;4.618107e-02;3.411085e-02;7.215783e-02;5.113855e-02;5.580913e-02;8.240318e-02;4.529532e-02;5.642694e-02
1.272251e-01;5.966120e-02;1.743120e-01;7.543901e-02;5.369073e-02;5.416558e-02;8.503605e-02;5.143535e-02;9.291644e-02;8.939851e-02;5.443984e-02;8.228019e-02
