8.211072e-02;6.276198e-02;9.150085e-02;1.028483e-01;5.323483e-02;9.365844e-02;1.233610e-01;1.286361e-01;5.892562e-02;1.341324e-01;3.792157e-02;3.090826e-02
7.816090e-02;5.900992e-02;8.957531e-02;6.772931e-02;7.445195e-02;1.184065e-01;7.871222e-02;1.337684e-01;7.557923e-02;1.196900e-01;5.402679e-02;5.088954e-02
6.265303e-02;6.837698e-02;7.723411e-02;5.194043e-02;9.609080e-02;1.402776e-01;1.191844e-01;1.019550e-01;7.962567e-02;1.101412e-01;6.295469e-02;2.956606e-02
7.252280e-02;5.582706e-02;9.362517e-02;6.581097e-02;9.593180e-02;1.027469e-01;1.673260e-01;7.278847e-02;8.032060e-02;8.020491e-02;7.444018e-02;3.845513e-02
6.339362e-02;4.659681e-02;1.239031e-01;7.605173e-02;1.007271e-01;6.788348e-02;1.706965e-01;5.259114e-02;1.014590e-01;7.220476e-02;8.225479e-02;4.223803e-02
6.123140e-02;6.603969e-02;1.537042e-01;6.674332e-02;7.797246e-02;7.795650e-02;1.130411e-01;6.993537e-02;1.057708e-01;8.881691e-02;7.690531e-02;4.188293e-02
7.945509e-02;8.779842e-02;1.080651e-01;3.916251e-02;5.283453e-02;8.923957e-02;1.384336e-01;8.337951e-02;9.774303e-02;9.405002e-02;6.914926e-02;6.068939e-02
7.217369e-02;8.217760e-02;1.057819e-01;3.933447e-02;7.796507e-02;9.529528e-02;1.442114e-01;7.240005e-02;6.368081e-02;1.056554e-01;6.815449e-02;7.316986e-02
7.056168e-02;6.724759e-02;1.234397e-01;4.517321e-02;1.147917e-01;6.098518e-02;1.488886e-01;6.910584e-02;7.894463e-02;8.107871e-02;9.773458e-02;4.204855e-02
6.668162e-02;5.156574e-02;1.263996e-01;5.708361e-02;9.372556e-02;6.638324e-02;1.553086e-01;7.765984e-02;8.814476e-02;9.406817e-02;7.892054e-02;4.405885e-02
6.490342e-02;6.887691e-02;1.149415e-01;5.413646e-02;7.582666e-02;8.319540e-02;1.422713e-01;1.067852e-01;8.637615e-02;9.694197e-02;4.533295e-02;6.041219e-02
8.441046e-02;7.621959e-02;1.349646e-01;5.835404e-02;7.526118e-02;8.276210e-02;1.364180e-01;1.132755e-01;7.548185e-02;7.200170e-02;3.961375e-02;5.123728e-02
8.184981e-02;7.253057e-02;1.462605e-01;7.812770e-02;8.102668e-02;8.789697e-02;1.429794e-01;1.001089e-01;7.495098e-02;5.522794e-02;2.550744e-02;5.353308e-02
8.939637e-02;1.060434e-01;2.051375e-01;1.367183e-01;9.053032e-02;4.361753e-02;7.945307e-02;4.694607e-02;3.039863e-02;6.044320e-02;3.760429e-02;7.371137e-02
1.045315e-01;2.471796e-01;3.546537e-01;1.084077e-01;3.616789e-02;1.800617e-02;1.726584e-02;1.294938e-02;2.088935e-02;2.256032e-02;1.676213e-02;4.062645e-02
1.045753e-01;2.622885e-01;3.354031e-01;1.166826e-01;3.455162e-02;1.607195e-02;1.559899e-02;1.274827e-02;2.346409e-02;2.400213e-02;1.632894e-02;3.828449e-02
1.026643e-01;2.799746e-01;3.285379e-01;1.092515e-01;3.412924e-02;1.487875e-02;1.522527e-02;1.219543e-02;2.488279e-02;2.339661e-02;1.766926e-02;3.719437e-02
9.948777e-02;3.101784e-01;3.344212e-01;8.690975e-02;3.494630e-02;1.413804e-02;1.422336e-02;1.266322e-02;2.375870e-02;2.202112e-02;1.684446e-02;3.040762e-02
1.237230e-01;2.530492e-01;2.476260e-01;3.359167e-02;5.578951e-02;2.142632e-02;2.165175e-02;3.461429e-02;4.712702e-02;5.147805e-02;4.961646e-02;6.030675e-02
7.181891e-02;1.352511e-01;1.039702e-01;4.766760e-02;4.305775e-02;3.925335e-02;9.396584e-02;9.177461e-02;1.079581e-01;8.661301e-02;8.161379e-02;9.705576e-02
9.704980e-02;8.057369e-02;6.648460e-02;1.631592e-02;2.417989e-02;2.804735e-02;6.642799e-02;1.081988e-01;1.954626e-01;1.005006e-01;1.103735e-01;1.063853e-01
9.902234e-02;6.331126e-02;6.621919e-02;1.447432e-02;2.285639e-02;2.776424e-02;5.980291e-02;9.139614e-02;2.333240e-01;8.793454e-02;1.288575e-01;1.050372e-01
1.006668e-01;4.713795e-02;7.826124e-02;1.063878e-02;2.974421e-02;2.907154e-02;4.481332e-02;8.480821e-02;2.771747e-01;4.254535e-02;1.323902e-01;1.227477e-01
1.014789e-01;3.671134e-02;8.789657e-02;2.122164e-02;3.736393e-02;2.687878e-02;4.753348e-02;8.973946e-02;2.567260e-01;5.972435e-02;7.833720e-02;1.563883e-01
7.407280e-02;4.855441e-02;1.239510e-01;3.523367e-02;3.741163e-02;2.405623e-02;4.576749e-02;9.435185e-02;1.461518e-01;1.494563e-01;5.686651e-02;1.641263e-01
6.615277e-02;4.730532e-02;1.852681e-01;4.817216e-02;4.318738e-02;3.102363e-02;8.147769e-02;7.999311e-02;9.042393e-02;1.800107e-01;4.895658e-02;9.802859e-02
1.194484e-01;3.941438e-02;1.581296e-01;2.598761e-02;5.622374e-02;5.048287e-02;1.401286e-01;7.390676e-02;1.213101e-01;1.151464e-01;7.252835e-02;2.729331e-02
1.307056e-01;3.646769e-02;9.113283e-02;3.495578e-02;5.808327e-02;5.881633e-02;1.669697e-01;6.338115e-02;1.386481e-01;1.406159e-01;5.774479e-02;2.247881e-02
8.297955e-02;3.171834e-02;1.184607e-01;4.230309e-02;3.436183e-02;4.233721e-02;1.258362e-01;1.215121e-01;1.783626e-01;1.557075e-01;2.139666e-02;4.502430e-02
4.962149e-02;4.246816e-02;1.116826e-01;4.329080e-02;5.258817e-02;5.024849e-02;7.843513e-02;1.831502e-01;1.519527e-01;1.563124e-01;3.750547e-02;4.274444e-02
4.874147e-02;4.840926e-02;8.361763e-02;4.239952e-02;5.174491e-02;5.393422e-02;1.045277e-01;1.350790e-01;1.992212e-01;1.502319e-01;6.168879e-02;2.040445e-02
3.911830e-02;5.757051e-02;5.033287e-02;3.623778e-02;5.390735e-02;7.158298e-02;1.576055e-01;1.072549e-01;2.244621e-01;1.127883e-01;5.681448e-02;3.232500e-02
3.210030e-02;4.941774e-02;6.814503e-02;3.857433e-02;6.095748e-02;6.994707e-02;1.507605e-01;1.009530e-01;2.405911e-01;1.032726e-01;4.331729e-02;4.196358e-02
3.012148e-02;3.717477e-02;7.705223e-02;5.421282e-02;5.130555e-02;6.270850e-02;2.303018e-01;1.168640e-01;1.700106e-01;1.263641e-01;2.208799e-02;2.179614e-02
4.205849e-02;5.562964e-02;1.082126e-01;4.820498e-02;4.301056e-02;3.635956e-02;1.970558e-01;1.081345e-01;2.045908e-01;1.029100e-01;9.964265e-03;4.386881e-02
8.921096e-02;3.731112e-02;1.042634e-01;4.519140e-02;4.443404e-02;3.418529e-02;1.246474e-01;1.457036e-01;1.208882e-01;1.471854e-01;3.444259e-02;7.253656e-02
1.421917e-01;1.398564e-01;1.928986e-01;2.420289e-02;4.285748e-02;2.440560e-02;5.668650e-02;9.591121e-02;1.157448e-01;1.131461e-01;2.343642e-02;2.866240e-02
1.236551e-01;2.477836e-01;1.915457e-01;2.093336e-02;3.040842e-02;3.108464e-02;3.348119e-02;5.626005e-02;1.770121e-01;5.773659e-02;1.936702e-02;1.073227e-02
1.158502e-01;3.387591e-01;1.671363e-01;1.580465e-02;1.456706e-02;2.725692e-02;1.592495e-02;5.302705e-02;1.987045e-01;3.111911e-02;1.027797e-02;1.157228e-02
2.295325e-01;3.327669e-01;1.075444e-01;1.476855e-02;1.518856e-02;1.862464e-02;8.256531e-03;6.908026e-02;1.455545e-01;4.119270e-02;4.568898e-03;1.292140e-02
3.267750e-01;2.566100e-01;6.115300e-02;1.809221e-02;7.097024e-02;9.180575e-03;1.857270e-02;9.944038e-02;7.964741e-02;3.347357e-02;3.930577e-03;2.215431e-02
3.297081e-01;1.301523e-01;4.221862e-02;2.328661e-02;1.774423e-01;1.486571e-02;3.789217e-02;1.402173e-01;5.168350e-02;1.892517e-02;4.581079e-03;2.902717e-02
2.865852e-01;5.007368e-02;2.095054e-02;1.507276e-02;2.636370e-01;3.024399e-02;4.279232e-02;1.821395e-01;6.293707e-02;1.005482e-02;9.552476e-03;2.596061e-02
2.398189e-01;9.080528e-02;1.441086e-02;7.984919e-03;2.353829e-01;3.517256e-02;3.231218e-02;1.811100e-01;1.074670e-01;2.311441e-02;1.485732e-02;1.756353e-02
1.536906e-01;1.337583e-01;6.056726e-02;8.106144e-03;1.271940e-01;2.942680e-02;2.913840e-02;1.295949e-01;2.244451e-01;6.999440e-02;1.714632e-02;1.693771e-02
7.484295e-02;1.101885e-01;1.630868e-01;2.004728e-02;4.760507e-02;4.056533e-02;2.823033e-02;7.859343e-02;2.591923e-01;1.426484e-01;1.892655e-02;1.607311e-02
3.252021e-02;6.707212e-02;2.556003e-01;5.800221e-02;3.147346e-02;3.414936e-02;3.587115e-02;4.136702e-02;1.839879e-01;1.800271e-01;7.010487e-02;9.824302e-03
4.455886e-02;6.960668e-02;2.690248e-01;1.128747e-01;4.422116e-02;3.834780e-02;2.983549e-02;3.993173e-02;1.005080e-01;1.178813e-01;1.181252e-01;1.508425e-02
5.255067e-02;1.196898e-01;2.612112e-01;1.233649e-01;5.699068e-02;5.264841e-02;3.494036e-02;5.762874e-02;4.571895e-02;5.371848e-02;1.140995e-01;2.743836e-02
7.842568e-02;1.325072e-01;2.660642e-01;9.563439e-02;6.415307e-02;6.393198e-02;4.899239e-02;5.852878e-02;1.800653e-02;3.611007e-02;1.083366e-01;2.930907e-02
6.959502e-02;8.437239e-02;2.209841e-01;9.241870e-02;1.190479e-01;7.199790e-02;6.267154e-02;4.556452e-02;4.321786e-02;4.017486e-02;9.990200e-02;5.005326e-02
4.196532e-02;4.877372e-02;2.340309e-01;1.274279e-01;1.768608e-01;6.063006e-02;6.427392e-02;3.215744e-02;4.549388e-02;3.276346e-02;7.062383e-02;6.499873e-02
2.756746e-02;1.796727e-02;3.354863e-01;1.953292e-01;1.447938e-01;4.678753e-02;3.750952e-02;2.277745e-02;4.657554e-02;3.809775e-02;4.376979e-02;4.333842e-02
2.276416e-02;3.299215e-02;4.317859e-01;1.845090e-01;9.272894e-02;3.902434e-02;3.583569e-02;2.363255e-02;4.253836e-02;3.449417e-02;3.926464e-02;2.043014e-02
2.674544e-02;5.277511e-02;4.670490e-01;1.193623e-01;8.942985e-02;2.807672e-02;4.484539e-02;2.880150e-02;5.480712e-02;2.977172e-02;4.634015e-02;1.199572e-02
2.851952e-02;4.821198e-02;4.131845e-01;8.894358e-02;1.026267e-01;2.749456e-02;5.289641e-02;4.608870e-02;6.730083e-02;7.126391e-02;3.961617e-02;1.385319e-02
3.459524e-02;3.960433e-02;3.043900e-01;9.596428e-02;1.478190e-01;6.926899e-02;5.511431e-02;4.782135e-02;6.087430e-02;8.912751e-02;4.238858e-02;1.303218e-02
2.355854e-02;3.380070e-02;2.453466e-01;1.079230e-01;1.421028e-01;1.012875e-01;8.107485e-02;3.724251e-02;7.758885e-02;8.788167e-02;4.665554e-02;1.553746e-02
2.792642e-02;3.904159e-02;2.538546e-01;1.071912e-01;1.026034e-01;8.692932e-02;7.613802e-02;3.800175e-02;1.208804e-01;8.361867e-02;4.790128e-02;1.591334e-02
3.271832e-02;4.414667e-02;1.940264e-01;7.750991e-02;1.078322e-01;6.033740e-02;7.096816e-02;1.029940e-01;1.291985e-01;1.008791e-01;6.185530e-02;1.753414e-02
3.621707e-02;3.491187e-02;1.236901e-01;7.707635e-02;1.296728e-01;9.308827e-02;5.079314e-02;1.373622e-01;1.283176e-01;1.295751e-01;4.614349e-02;1.315205e-02
2.879965e-02;4.413117e-02;9.968648e-02;1.047853e-01;9.659508e-02;1.012116e-01;8.585688e-02;1.085064e-01;1.448241e-01;1.459865e-01;2.463403e-02;1.498283e-02
2.767407e-02;3.078848e-02;1.023827e-01;1.190582e-01;1.291564e-01;1.012725e-01;2.029805e-01;6.602529e-02;5.989017e-02;1.067256e-01;2.103758e-02;3.300856e-02
1.921353e-02;1.944131e-02;1.311554e-01;1.323018e-01;2.032688e-01;7.904252e-02;2.006904e-01;2.575387e-02;4.074988e-02;7.933418e-02;2.100025e-02;4.804802e-02
1.354030e-02;8.213927e-03;1.206701e-01;1.275243e-01;2.987404e-01;7.039925e-02;1.631349e-01;8.361162e-03;5.950623e-02;4.785516e-02;1.580214e-02;6.625207e-02
4.251071e-03;6.198399e-03;1.031549e-01;1.033915e-01;3.708992e-01;6.121855e-02;1.369584e-01;4.542418e-03;9.090950e-02;3.893887e-02;2.151855e-03;7.738536e-02
4.976907e-03;6.300783e-03;8.512135e-02;6.332695e-02;4.114204e-01;5.528755e-02;1.297910e-01;2.801034e-03;1.210098e-01;3.680653e-02;5.065131e-03;7.809260e-02
4.390369e-03;6.227628e-03;8.436062e-02;4.618592e-02;4.308039e-01;5.533469e-02;1.440912e-01;3.660755e-03;1.178344e-01;3.418400e-02;2.590610e-03;7.033587e-02
3.330590e-03;4.406773e-03;1.262271e-01;5.529071e-02;4.099353e-01;6.208108e-02;1.381010e-01;4.420292e-03;8.547055e-02;4.319021e-02;4.423700e-03;6.312276e-02
4.669402e-03;1.069219e-02;2.238811e-01;8.875900e-02;2.944315e-01;7.974292e-02;1.012792e-01;7.199693e-03;4.241845e-02;8.766041e-02;1.138187e-02;4.788438e-02
5.084869e-03;2.241630e-02;3.493820e-01;1.073115e-01;1.475472e-01;8.918263e-02;5.269750e-02;1.162408e-02;5.095176e-02;1.194029e-01;1.608560e-02;2.831371e-02
1.221237e-02;3.391195e-02;4.510975e-01;9.086470e-02;9.106780e-02;6.570921e-02;5.897409e-02;1.221258e-02;5.678986e-02;1.004683e-01;1.182341e-02;1.486830e-02
1.848241e-02;3.712204e-02;4.548827e-01;6.885698e-02;1.203621e-01;8.636754e-02;6.332600e-02;1.273472e-02;3.929293e-02;7.695320e-02;1.106217e-02;1.055732e-02
1.290268e-02;2.725073e-02;3.339309e-01;5.633680e-02;2.026204e-01;1.059998e-01;8.391078e-02;1.865025e-02;3.868743e-02;9.871356e-02;9.171743e-03;1.182497e-02
1.222881e-02;1.654290e-02;2.540995e-01;4.707766e-02;2.599743e-01;1.121920e-01;9.241539e-02;2.420710e-02;5.994816e-02;9.303582e-02;9.702258e-03;1.857608e-02
1.777080e-02;1.486852e-02;3.182244e-01;6.842750e-02;2.349609e-01;8.321126e-02;8.044675e-02;1.665770e-02;4.602538e-02;8.640577e-02;1.418735e-02;1.881373e-02
2.462313e-02;1.412425e-02;2.775255e-01;9.362950e-02;2.278163e-01;6.615905e-02;7.766972e-02;2.023819e-02;5.285141e-02;1.125396e-01;1.868436e-02;1.413910e-02
3.238413e-02;4.663065e-02;2.557792e-01;8.925887e-02;1.643148e-01;7.185142e-02;8.025530e-02;3.683966e-02;7.362977e-02;9.856079e-02;1.200129e-02;3.849408e-02
8.538237e-02;9.761176e-02;1.015140e-01;6.524228e-02;8.589713e-02;6.258491e-02;4.716155e-02;6.503782e-02;1.256122e-01;1.040020e-01;6.375508e-02;9.619892e-02
6.857883e-02;7.125085e-02;1.127979e-01;3.852378e-02;6.752358e-02;5.754949e-02;9.833197e-02;7.957436e-02;1.467491e-01;1.171137e-01;1.693199e-02;1.250744e-01
7.036054e-02;6.372286e-02;1.152492e-01;5.278105e-02;5.741301e-02;4.092501e-02;9.170235e-02;6.118107e-02;1.146002e-01;1.406667e-01;1.171988e-01;7.419913e-02
7.132578e-02;7.355443e-02;1.306932e-01;7.302848e-02;5.344233e-02;3.343880e-02;7.193268e-02;5.900685e-02;6.305687e-02;1.279920e-01;1.677912e-01;7.473729e-02
7.152355e-02;9.919688e-02;1.513801e-01;8.719135e-02;5.420323e-02;3.000161e-02;5.613095e-02;5.634226e-02;4.128485e-02;8.102124e-02;1.710313e-01;1.006926e-01
1.267748e-01;9.164847e-02;1.750606e-01;7.418609e-02;6.972512e-02;1.966601e-02;6.453565e-02;4.343827e-02;5.493609e-02;6.566510e-02;1.249775e-01;8.938624e-02
1.519812e-01;1.120285e-01;1.479257e-01;6.190095e-02;8.855320e-02;5.666965e-02;6.187122e-02;4.581872e-02;4.458485e-02;8.454294e-02;6.500738e-02;7.911558e-02
9.800521e-02;1.694405e-01;1.037365e-01;4.315484e-02;1.455914e-01;8.380868e-02;3.815062e-02;5.731275e-02;6.521124e-02;6.510714e-02;3.433919e-02;9.614191e-02
7.020195e-02;1.561517e-01;1.259836e-01;5.397755e-02;1.386957e-01;6.943370e-02;4.250274e-02;6.234152e-02;6.362627e-02;6.711406e-02;5.206634e-02;9.790489e-02
8.822594e-02;1.148467e-01;1.342168e-01;5.646944e-02;9.674912e-02;5.337914e-02;8.187234e-02;5.176530e-02;7.296880e-02;6.953645e-02;8.903091e-02;9.093899e-02
7.954887e-02;9.096865e-02;1.217876e-01;4.415876e-02;9.452963e-02;6.841012e-02;1.133553e-01;3.469435e-02;7.976300e-02;7.433799e-02;1.117762e-01;8.666953e-02
5.663126e-02;5.788762e-02;1.162696e-01;3.333825e-02;1.120988e-01;9.725577e-02;1.194444e-01;3.454500e-02;9.032533e-02;7.620994e-02;1.214841e-01;8.450990e-02
5.203703e-02;6.321255e-02;1.332601e-01;4.811613e-02;1.406441e-01;1.090440e-01;6.907176e-02;5.034998e-02;1.011878e-01;6.613855e-02;1.049238e-01;6.201427e-02
7.278516e-02;9.329300e-02;1.639331e-01;4.374409e-02;1.444093e-01;1.139457e-01;4.057981e-02;5.102814e-02;1.185501e-01;5.614446e-02;6.373744e-02;3.784978e-02
9.177922e-02;6.311567e-02;1.739759e-01;5.639186e-02;7.474811e-02;1.296347e-01;8.299726e-02;7.021475e-02;1.112861e-01;3.498058e-02;5.339641e-02;5.747961e-02
1.024083e-01;5.908260e-02;1.675310e-01;4.276180e-02;1.020933e-01;1.233853e-01;1.281165e-01;6.399957e-02;1.061438e-01;4.030368e-02;2.516889e-02;3.900509e-02
9.928967e-02;1.088778e-01;1.122499e-01;3.780032e-02;1.526115e-01;1.191565e-01;1.210550e-01;6.257567e-02;7.511371e-02;4.649870e-02;4.665001e-02;1.812122e-02
5.747526e-02;9.037851e-02;8.523741e-02;3.550597e-02;8.745010e-02;8.494154e-02;1.804784e-01;1.084212e-01;9.365086e-02;8.481068e-02;5.524204e-02;3.640808e-02
4.879796e-02;7.641868e-02;1.216802e-01;5.121275e-02;3.665422e-02;6.295212e-02;2.115010e-01;1.003001e-01;1.141717e-01;1.014179e-01;4.157129e-02;3.332210e-02
8.993906e-02;6.364153e-02;1.623845e-01;4.816465e-02;4.491770e-02;6.765826e-02;1.792468e-01;4.763358e-02;8.067985e-02;6.176061e-02;7.829726e-02;7.567622e-02
8.944250e-02;4.041254e-02;1.332839e-01;2.863753e-02;4.381475e-02;4.844757e-02;1.283822e-01;6.608142e-02;1.263221e-01;1.182874e-01;7.434837e-02;1.025397e-01
8.375274e-02;4.888840e-02;1.295088e-01;2.771864e-02;2.935457e-02;4.218468e-02;9.538835e-02;5.492716e-02;1.208912e-01;1.614055e-01;7.184640e-02;1.341335e-01
6.523229e-02;8.123758e-02;1.272538e-01;3.511894e-02;1.468588e-02;4.550964e-02;5.206506e-02;4.020907e-02;1.153185e-01;1.716701e-01;4.889657e-02;2.028027e-01
5.282020e-02;8.134848e-02;1.329085e-01;5.048313e-02;2.700680e-02;4.331499e-02;3.867212e-02;3.332669e-02;1.359447e-01;1.541735e-01;1.247477e-02;2.375261e-01
7.119285e-02;4.811038e-02;1.676056e-01;6.343570e-02;4.049160e-02;3.306838e-02;4.618409e-02;2.978879e-02;1.277369e-01;1.615513e-01;1.965204e-02;1.911825e-01
6.375566e-02;3.906348e-02;1.813006e-01;7.845126e-02;5.354309e-02;3.407104e-02;6.868419e-02;2.829251e-02;1.222516e-01;1.874218e-01;2.522561e-02;1.179391e-01
6.646924e-02;4.067400e-02;1.627982e-01;7.445146e-02;4.508229e-02;3.883725e-02;9.624302e-02;4.666785e-02;1.464254e-01;1.787287e-01;3.505182e-02;6.857072e-02
5.157430e-02;4.903271e-02;1.327446e-01;6.356206e-02;5.029757e-02;4.481145e-02;1.064018e-01;6.715943e-02;1.768711e-01;1.524507e-01;4.829922e-02;5.679500e-02
4.984062e-02;4.575469e-02;1.411825e-01;7.061611e-02;5.870169e-02;6.334292e-02;1.448584e-01;1.164484e-01;9.358520e-02;1.123235e-01;5.613904e-02;4.720691e-02
6.133920e-02;4.119125e-02;1.649709e-01;6.155469e-02;4.801372e-02;5.554237e-02;1.914550e-01;1.032007e-01;5.669031e-02;1.458767e-01;4.009365e-02;3.007153e-02
7.238472e-02;4.035059e-02;2.223850e-01;5.371579e-02;4.535851e-02;3.644585e-02;2.207428e-01;6.999196e-02;1.856229e-02;1.650380e-01;3.608533e-02;1.893910e-02
8.220077e-02;4.452591e-02;2.259974e-01;3.270950e-02;3.556081e-02;3.665384e-02;2.195246e-01;6.532472e-02;5.051724e-02;1.440651e-01;3.783931e-02;2.508075e-02
6.967314e-02;7.632037e-02;2.141237e-01;2.632901e-02;3.430551e-02;5.278602e-02;1.607542e-01;3.333947e-02;1.431836e-01;1.143906e-01;3.198076e-02;4.281355e-02
6.459762e-02;1.234860e-01;2.340691e-01;2.351252e-02;3.463553e-02;4.198647e-02;9.840290e-02;2.195583e-02;2.238072e-01;8.711719e-02;1.535688e-02;3.107275e-02
1.182661e-01;1.581855e-01;2.414107e-01;2.022857e-02;3.632561e-02;2.048295e-02;5.870265e-02;2.209366e-02;2.186990e-01;8.352001e-02;6.878860e-03;1.520639e-02
1.593896e-01;1.372742e-01;2.047268e-01;2.116065e-02;5.792717e-02;1.881979e-02;7.180107e-02;5.202606e-02;1.255917e-01;9.914646e-02;1.901883e-02;3.311767e-02
1.184442e-01;9.146515e-02;1.830003e-01;2.765417e-02;7.354663e-02;3.266503e-02;1.309232e-01;6.449573e-02;1.005063e-01;1.012228e-01;3.197452e-02;4.410201e-02
5.164646e-02;4.612868e-02;1.482906e-01;3.882051e-02;7.346115e-02;6.516781e-02;1.845863e-01;8.647989e-02;1.196264e-01;9.758991e-02;4.785708e-02;4.034530e-02
7.843975e-02;4.067821e-02;1.170172e-01;6.020608e-02;1.155322e-01;8.446186e-02;1.572026e-01;5.859243e-02;1.031201e-01;1.244906e-01;3.527860e-02;2.498043e-02
9.101475e-02;5.607209e-02;1.150230e-01;7.073086e-02;1.384904e-01;7.746801e-02;1.256146e-01;6.766810e-02;1.218751e-01;9.445340e-02;1.742926e-02;2.416035e-02
8.192223e-02;8.901106e-02;8.210478e-02;6.294455e-02;1.050758e-01;1.023103e-01;1.371431e-01;4.281043e-02;1.184828e-01;1.196536e-01;2.912910e-02;2.941227e-02
6.570026e-02;8.207778e-02;6.946392e-02;3.255752e-02;5.975637e-02;1.250352e-01;1.358449e-01;4.095163e-02;1.424800e-01;1.688481e-01;4.536370e-02;3.192069e-02
4.886970e-02;5.850584e-02;8.363565e-02;3.014210e-02;7.627980e-02;1.069211e-01;1.252998e-01;5.136076e-02;1.553674e-01;1.998757e-01;3.423126e-02;2.951087e-02
5.370259e-02;7.183852e-02;1.157333e-01;4.462074e-02;8.627436e-02;7.990357e-02;9.439842e-02;5.729700e-02;1.213250e-01;2.285831e-01;2.791782e-02;1.840567e-02
7.222045e-02;8.749545e-02;1.338436e-01;7.138903e-02;9.402554e-02;9.220824e-02;7.172889e-02;3.674441e-02;7.734345e-02;1.945991e-01;3.081348e-02;3.758837e-02
5.091885e-02;5.013521e-02;1.034450e-01;9.089418e-02;1.182314e-01;1.505737e-01;8.983058e-02;2.507016e-02;7.799558e-02;1.449760e-01;3.872392e-02;5.920543e-02
5.382440e-02;5.582745e-02;9.594530e-02;7.855888e-02;1.127226e-01;1.246431e-01;1.350329e-01;4.476358e-02;7.271489e-02;1.560632e-01;2.303372e-02;4.686993e-02
5.614050e-02;5.982301e-02;9.763857e-02;5.545871e-02;1.046754e-01;1.833553e-01;1.143820e-01;6.123666e-02;7.096784e-02;1.239900e-01;4.032189e-02;3.201017e-02
6.823537e-02;5.470108e-02;7.568277e-02;3.880032e-02;8.358937e-02;2.114012e-01;9.008700e-02;9.364654e-02;9.508979e-02;1.004122e-01;5.685983e-02;3.149460e-02
5.687134e-02;3.796284e-02;9.201997e-02;3.649994e-02;1.016043e-01;1.699909e-01;1.001723e-01;1.185253e-01;8.741540e-02;1.194462e-01;4.687518e-02;3.261643e-02
5.885207e-02;4.569528e-02;1.127456e-01;4.116605e-02;8.190042e-02;1.313507e-01;1.189436e-01;9.758768e-02;1.140019e-01;1.071766e-01;5.005286e-02;4.052714e-02
5.235250e-02;4.009800e-02;7.991884e-02;3.955942e-02;4.713754e-02;9.053290e-02;2.747550e-01;1.271732e-01;8.075396e-02;1.028905e-01;3.724658e-02;2.758160e-02
7.885879e-02;2.351918e-02;9.159243e-02;3.124120e-02;3.942342e-02;5.437509e-02;3.667327e-01;9.227818e-02;6.522302e-02;8.481301e-02;4.083348e-02;3.110945e-02
1.045386e-01;4.271370e-02;1.230464e-01;1.889371e-02;6.668281e-02;5.638102e-02;3.613929e-01;8.814459e-02;3.349015e-02;3.922091e-02;3.016734e-02;3.532781e-02
1.285747e-01;5.161910e-02;1.392988e-01;2.171851e-02;8.974820e-02;6.339831e-02;3.051566e-01;8.228210e-02;3.336656e-02;2.179351e-02;2.660366e-02;3.644004e-02
1.148719e-01;4.334865e-02;1.649196e-01;3.301254e-02;1.274406e-01;7.363500e-02;2.037348e-01;8.573621e-02;4.443246e-02;4.206194e-02;2.834958e-02;3.845675e-02
6.610811e-02;1.662085e-02;1.693385e-01;4.182070e-02;1.709086e-01;8.526336e-02;1.105262e-01;8.449002e-02;1.473296e-01;5.295744e-02;2.426982e-02;3.036691e-02
2.258508e-02;3.914744e-03;1.173347e-01;3.088103e-02;1.772612e-01;8.922039e-02;1.783760e-01;4.216910e-02;2.873024e-01;2.514138e-02;9.906994e-03;1.590699e-02
1.097343e-02;4.340791e-03;8.837195e-02;2.167329e-02;1.894830e-01;1.020741e-01;1.572591e-01;1.695444e-02;3.743801e-01;1.567060e-02;4.536936e-03;1.428233e-02
3.690092e-03;1.996563e-03;7.471633e-02;1.777025e-02;2.039614e-01;1.171383e-01;1.709788e-01;1.132350e-02;3.575734e-01;2.077942e-02;5.072612e-03;1.499933e-02
2.967370e-03;3.064957e-03;8.101799e-02;2.057141e-02;2.394480e-01;1.450743e-01;1.733678e-01;9.744568e-03;2.851970e-01;2.356909e-02;2.736170e-03;1.324140e-02
8.091638e-03;2.932113e-03;9.072797e-02;2.322011e-02;2.629358e-01;1.746576e-01;2.457740e-01;9.374461e-03;1.417399e-01;2.673658e-02;3.903035e-03;9.906787e-03
7.828508e-03;3.629488e-03;8.224302e-02;2.086917e-02;2.461014e-01;1.768657e-01;2.544096e-01;1.333768e-02;1.596026e-01;2.881835e-02;2.207147e-03;4.087270e-03
1.647899e-02;2.947061e-03;6.139106e-02;1.709462e-02;2.264280e-01;1.900248e-01;3.086066e-01;2.673285e-02;1.012425e-01;4.143735e-02;2.625417e-03;4.990797e-03
2.539834e-02;7.943097e-03;3.196196e-02;1.043785e-02;1.549336e-01;1.668962e-01;3.406356e-01;6.849679e-02;8.557244e-02;1.009592e-01;3.436912e-03;3.327909e-03
3.242738e-02;6.394118e-03;1.187186e-02;5.966895e-03;1.027914e-01;1.401486e-01;3.336791e-01;8.365258e-02;1.472938e-01;1.306191e-01;2.870692e-03;2.284398e-03
3.242160e-02;1.203191e-02;9.900186e-03;5.511605e-03;7.960349e-02;1.222729e-01;3.821766e-01;6.016552e-02;1.697065e-01;1.179696e-01;3.034206e-03;5.205973e-03
3.248943e-02;1.793144e-02;7.147818e-03;6.005710e-03;7.112183e-02;1.111905e-01;5.219746e-01;2.600324e-02;1.270972e-01;7.226366e-02;2.048640e-03;4.725832e-03
2.516738e-02;2.508201e-02;1.218885e-02;5.548818e-03;5.763520e-02;9.917662e-02;6.389130e-01;2.911720e-02;6.697866e-02;3.200234e-02;3.030262e-03;5.159632e-03
1.222901e-02;3.322471e-02;1.442964e-02;3.849508e-03;3.818825e-02;8.228087e-02;6.205277e-01;8.610168e-02;4.940950e-02;5.308472e-02;4.438467e-03;2.235926e-03
1.113336e-02;3.935595e-02;9.022245e-03;2.587851e-03;1.960672e-02;5.561755e-02;5.764624e-01;1.517173e-01;5.398162e-02;7.427028e-02;3.624517e-03;2.620162e-03
9.675018e-03;3.959975e-02;1.018182e-02;1.995550e-03;8.454701e-03;5.001014e-02;5.027542e-01;1.843696e-01;6.724215e-02;1.199073e-01;3.765163e-03;2.044628e-03
7.022047e-03;4.268974e-02;1.378573e-02;3.776692e-03;1.762747e-02;5.974072e-02;4.801108e-01;1.623369e-01;7.404532e-02;1.332228e-01;4.149996e-03;1.491748e-03
1.309641e-02;4.638638e-02;2.032948e-02;8.401641e-03;3.492672e-02;7.547175e-02;4.906454e-01;1.170210e-01;8.134328e-02;1.056137e-01;4.471242e-03;2.293017e-03
3.037953e-02;4.675985e-02;4.568501e-02;1.587487e-02;7.768147e-02;1.150167e-01;4.276302e-01;8.556443e-02;7.419913e-02;6.926397e-02;4.798114e-03;7.146685e-03
5.031905e-02;3.413445e-02;4.064435e-02;1.475032e-02;1.479961e-01;1.889845e-01;3.408393e-01;4.817593e-02;5.739700e-02;5.244059e-02;1.087503e-02;1.344342e-02
3.001394e-02;7.438600e-03;3.910537e-02;1.279366e-02;1.343854e-01;1.655232e-01;4.992850e-01;1.031302e-02;3.611621e-02;5.174057e-02;7.317826e-03;5.967234e-03
1.360837e-02;7.872316e-03;2.197724e-02;1.137782e-02;1.242477e-01;1.622553e-01;5.679397e-01;1.417768e-02;2.712496e-02;4.222693e-02;3.840820e-03;3.351131e-03
1.034487e-02;6.387742e-03;1.132159e-02;1.197405e-02;1.271460e-01;1.612025e-01;5.917234e-01;1.912066e-02;1.827359e-02;3.562065e-02;3.662108e-03;3.222849e-03
1.666898e-02;5.674066e-03;8.366864e-03;1.330739e-02;1.554673e-01;1.808895e-01;5.442571e-01;1.516772e-02;8.812267e-03;4.365601e-02;4.083368e-03;3.649354e-03
1.600172e-02;3.798557e-03;2.479763e-02;1.442231e-02;1.842208e-01;1.913523e-01;5.038245e-01;1.144573e-02;6.193662e-03;3.675875e-02;4.836167e-03;2.347898e-03
1.206740e-02;5.287326e-03;3.132426e-02;1.460237e-02;1.901609e-01;1.829098e-01;5.102248e-01;1.343464e-02;9.083554e-03;2.177205e-02;5.341799e-03;3.791077e-03
2.339918e-02;6.329399e-03;5.294477e-02;1.535279e-02;1.624269e-01;1.606399e-01;5.062170e-01;2.015723e-02;1.320767e-02;1.994817e-02;8.864288e-03;1.051268e-02
4.114285e-02;1.461325e-02;4.068226e-02;1.406709e-02;1.037184e-01;1.227322e-01;5.546362e-01;3.445846e-02;1.686495e-02;2.714895e-02;1.651390e-02;1.342157e-02
3.804254e-02;2.203635e-02;1.474808e-02;1.812877e-02;6.452732e-02;1.059109e-01;6.207742e-01;3.369461e-02;1.352383e-02;2.938301e-02;2.283524e-02;1.639521e-02
3.144971e-02;2.773759e-02;1.429870e-02;1.731174e-02;4.317585e-02;9.936878e-02;6.607301e-01;2.775372e-02;7.945837e-03;2.764616e-02;2.379153e-02;1.879019e-02
3.514200e-02;4.210552e-02;9.819212e-03;1.296049e-02;3.229700e-02;9.989701e-02;6.480998e-01;3.234078e-02;1.215678e-02;2.522412e-02;3.694987e-02;1.300737e-02
3.125232e-02;5.720928e-02;1.233042e-02;1.905349e-02;3.035445e-02;1.027173e-01;6.155876e-01;2.971427e-02;2.004817e-02;1.843606e-02;3.611904e-02;2.717760e-02
3.430945e-02;7.285237e-02;1.016801e-02;2.054679e-02;3.157651e-02;1.081959e-01;5.650086e-01;3.877163e-02;2.621472e-02;1.655261e-02;2.864049e-02;4.716285e-02
4.614630e-02;8.266103e-02;1.284900e-02;3.659972e-02;3.727553e-02;1.196867e-01;5.289523e-01;3.271814e-02;2.612628e-02;3.019312e-02;1.179188e-02;3.499996e-02
5.704656e-02;9.121850e-02;1.408457e-02;5.736271e-02;4.451012e-02;1.292021e-01;4.891204e-01;2.103708e-02;1.802808e-02;4.758142e-02;1.341151e-02;1.739688e-02
9.844650e-02;7.499280e-02;2.382457e-02;7.553040e-02;5.759086e-02;1.411338e-01;3.812279e-01;2.499807e-02;1.492767e-02;5.851990e-02;2.062106e-02;2.818643e-02
1.618697e-01;6.615912e-02;3.549765e-02;6.987486e-02;6.001025e-02;1.268953e-01;3.191098e-01;2.090588e-02;2.288072e-02;5.612156e-02;2.385872e-02;3.681637e-02
1.915830e-01;6.179918e-02;4.028083e-02;5.097230e-02;5.465149e-02;1.263636e-01;2.805165e-01;1.780301e-02;3.604688e-02;6.980137e-02;3.807462e-02;3.210724e-02
2.687502e-01;2.681981e-02;5.036988e-02;3.838373e-02;7.415593e-02;1.271100e-01;2.042770e-01;1.943340e-02;3.128232e-02;8.956716e-02;5.365705e-02;1.619349e-02
3.208090e-01;3.058603e-02;4.674413e-02;4.403942e-02;8.910378e-02;1.052817e-01;1.511631e-01;2.316865e-02;2.263171e-02;1.048786e-01;4.717629e-02;1.441769e-02
3.228787e-01;5.568216e-02;1.982298e-02;5.524277e-02;8.101279e-02;1.070013e-01;1.609979e-01;2.698309e-02;1.614261e-02;9.408089e-02;4.085356e-02;1.930129e-02
3.128723e-01;4.664731e-02;2.795589e-02;7.766817e-02;5.492926e-02;1.138012e-01;1.760757e-01;2.587295e-02;2.229711e-02;8.061917e-02;3.036588e-02;3.089505e-02
2.976150e-01;4.665149e-02;3.708790e-02;7.109945e-02;7.020607e-02;1.246953e-01;1.645477e-01;2.571685e-02;2.262012e-02;9.824491e-02;1.434627e-02;2.716905e-02
2.787419e-01;5.385723e-02;4.329828e-02;8.004938e-02;7.270883e-02;1.316040e-01;1.615600e-01;3.183412e-02;1.987462e-02;9.655615e-02;5.388777e-03;2.452663e-02
2.396841e-01;5.837125e-02;6.680770e-02;1.004854e-01;7.125471e-02;1.289059e-01;1.766666e-01;1.997329e-02;1.994576e-02;8.510411e-02;4.367570e-03;2.843366e-02
2.132955e-01;5.404561e-02;5.632583e-02;1.428057e-01;7.962718e-02;1.369860e-01;1.905922e-01;1.293138e-02;1.581044e-02;7.553760e-02;6.645640e-03;1.539700e-02
2.058093e-01;3.670802e-02;4.031968e-02;1.472236e-01;7.155269e-02;1.707480e-01;2.052324e-01;2.031096e-02;1.282081e-02;6.746313e-02;6.585083e-03;1.522639e-02
1.791269e-01;2.685702e-02;5.344076e-02;1.024752e-01;8.110335e-02;2.081592e-01;2.317759e-01;2.343164e-02;1.219445e-02;6.183743e-02;8.193646e-03;1.140455e-02
1.400977e-01;2.082975e-02;4.664157e-02;7.940859e-02;1.040125e-01;2.010593e-01;2.781185e-01;2.576599e-02;1.518409e-02;7.004763e-02;9.235026e-03;9.599362e-03
1.010160e-01;1.265756e-02;2.596494e-02;6.726318e-02;1.129481e-01;1.973301e-01;3.375228e-01;3.139691e-02;1.307704e-02;8.438220e-02;7.327555e-03;9.113671e-03
7.929114e-02;7.034022e-03;2.572263e-02;3.887204e-02;1.165470e-01;2.021809e-01;3.855630e-01;2.166433e-02;3.266916e-02;8.176053e-02;5.054369e-03;3.640831e-03
6.271241e-02;6.325757e-03;1.469002e-02;2.664520e-02;1.358478e-01;2.024082e-01;4.102917e-01;2.713775e-02;4.670216e-02;5.912165e-02;4.616456e-03;3.500896e-03
4.903465e-02;3.732345e-03;3.684842e-02;2.583060e-02;1.755811e-01;2.006344e-01;4.054691e-01;3.419034e-02;2.786026e-02;3.357772e-02;4.080582e-03;3.160432e-03
2.842770e-02;6.410168e-03;5.001201e-02;2.052063e-02;2.261954e-01;1.982301e-01;3.760781e-01;2.777225e-02;1.967715e-02;4.060145e-02;1.687901e-03;4.387055e-03
1.536919e-02;6.775638e-03;6.709015e-02;2.149751e-02;2.680577e-01;1.985449e-01;3.206137e-01;1.783961e-02;3.169924e-02;4.267583e-02;3.529664e-03;6.306848e-03
1.748935e-02;5.725596e-03;6.999118e-02;2.347521e-02;2.748578e-01;2.011146e-01;3.031546e-01;1.234095e-02;3.787727e-02;4.481754e-02;4.386429e-03;4.769599e-03
1.494889e-02;6.346435e-03;7.298509e-02;2.116271e-02;2.377435e-01;2.103803e-01;3.469895e-01;1.779630e-02;3.384871e-02;3.134600e-02;3.507749e-03;2.944847e-03
1.568193e-02;4.975669e-03;3.099490e-02;1.354536e-02;1.595807e-01;1.950226e-01;4.545656e-01;3.248192e-02;2.411654e-02;6.486803e-02;1.874689e-03;2.292043e-03
2.517225e-02;1.989979e-03;9.385471e-03;8.867575e-03;1.043670e-01;1.668269e-01;5.113851e-01;3.896510e-02;3.373148e-02;9.389685e-02;3.555096e-03;1.857068e-03
4.506113e-02;8.770761e-03;1.494994e-02;1.097780e-02;7.713798e-02;1.440060e-01;5.018650e-01;4.938981e-02;4.736176e-02;9.367973e-02;2.667777e-03;4.132284e-03
8.638726e-02;1.189795e-02;3.113573e-02;2.546818e-02;6.675818e-02;1.600990e-01;4.138026e-01;7.618478e-02;4.837812e-02;7.370040e-02;1.920187e-03;4.267661e-03
1.503801e-01;1.341039e-02;5.350809e-02;6.084276e-02;7.350516e-02;2.018554e-01;2.771340e-01;6.408710e-02;3.665701e-02;5.535641e-02;4.455114e-03;8.808428e-03
1.899590e-01;1.702644e-02;5.981502e-02;9.150520e-02;9.318300e-02;2.425663e-01;1.814907e-01;4.219147e-02;2.801015e-02;3.956693e-02;3.600691e-03;1.108509e-02
1.582559e-01;1.216244e-02;5.726831e-02;8.309009e-02;8.009881e-02;2.694502e-01;1.594998e-01;5.102447e-02;4.051362e-02;6.249971e-02;9.572983e-03;1.656369e-02
1.152646e-01;1.590967e-02;7.934475e-02;6.250451e-02;7.915259e-02;2.810719e-01;1.626570e-01;5.888339e-02;5.555950e-02;7.146297e-02;1.225237e-02;5.936750e-03
9.653861e-02;2.277415e-02;8.244983e-02;1.063148e-01;9.640223e-02;2.527410e-01;1.687801e-01;5.513697e-02;4.053996e-02;5.905562e-02;1.453882e-02;4.728031e-03
1.064776e-01;2.137447e-02;1.007822e-01;1.449170e-01;9.336773e-02;2.171612e-01;1.603701e-01;4.347965e-02;2.824070e-02;5.225326e-02;1.862459e-02;1.295151e-02
1.165076e-01;3.600781e-02;1.054698e-01;1.745058e-01;8.158640e-02;1.973655e-01;1.846054e-01;2.725461e-02;2.444902e-02;3.171135e-02;1.564571e-02;4.890895e-03
1.078713e-01;6.548009e-02;9.344876e-02;1.639648e-01;5.491410e-02;1.609627e-01;2.467638e-01;2.768807e-02;3.133423e-02;2.612349e-02;1.528581e-02;6.162873e-03
9.535593e-02;6.540146e-02;5.953098e-02;1.349753e-01;4.968118e-02;1.383674e-01;3.210135e-01;3.909652e-02;3.927477e-02;3.632804e-02;1.481983e-02;6.155051e-03
6.298767e-02;9.358582e-02;3.006088e-02;1.178172e-01;4.569474e-02;1.197652e-01;3.737441e-01;5.065228e-02;6.278954e-02;2.487960e-02;1.234153e-02;5.681484e-03
2.888640e-02;1.097505e-01;3.333726e-02;8.075254e-02;3.314840e-02;1.106081e-01;4.558809e-01;4.837754e-02;6.196116e-02;2.381459e-02;1.223499e-02;1.247568e-03
1.019183e-02;9.220567e-02;2.477578e-02;3.582427e-02;5.342027e-02;1.132857e-01;5.671896e-01;3.729780e-02;3.106741e-02;2.026493e-02;9.062831e-03;5.413858e-03
1.087225e-02;5.139380e-02;3.030686e-02;5.264805e-02;7.605178e-02;1.233510e-01;5.923004e-01;2.127757e-02;2.114519e-02;1.442578e-02;2.820927e-03;3.406434e-03
1.645696e-02;2.111190e-02;8.123180e-02;7.338658e-02;1.248491e-01;1.366446e-01;4.894258e-01;1.826299e-02;1.759829e-02;1.651136e-02;2.856498e-03;1.664156e-03
1.579471e-02;2.118830e-02;1.563760e-01;5.888499e-02;1.894837e-01;1.571578e-01;3.374886e-01;2.244560e-02;2.209892e-02;1.527359e-02;1.358678e-03;2.449221e-03
2.252823e-02;2.221043e-02;1.957767e-01;3.972404e-02;2.814445e-01;1.792382e-01;1.551888e-01;3.760341e-02;4.723664e-02;1.222969e-02;3.117385e-03;3.702009e-03
1.697810e-02;1.927346e-02;1.310423e-01;3.612036e-02;2.298916e-01;1.602282e-01;3.246604e-01;2.258819e-02;3.889566e-02;9.250368e-03;5.020509e-03;6.050814e-03
1.272101e-02;2.888921e-02;5.909073e-02;3.284229e-02;1.221638e-01;1.167139e-01;5.543224e-01;3.315523e-02;2.161923e-02;7.800099e-03;6.899090e-03;3.782968e-03
7.316034e-03;4.223623e-02;2.227569e-02;2.057668e-02;6.297984e-02;7.872242e-02;6.953419e-01;3.738182e-02;1.878271e-02;4.773834e-03;6.936857e-03;2.676072e-03
3.984707e-03;4.776955e-02;1.683344e-02;1.062487e-02;3.033038e-02;5.811969e-02;7.651907e-01;3.450745e-02;1.780014e-02;5.330262e-03;7.399656e-03;2.109137e-03
7.899449e-03;3.715172e-02;1.668240e-02;7.372650e-03;4.581423e-02;8.304138e-02;7.466407e-01;2.359257e-02;1.428063e-02;1.044401e-02;5.704100e-03;1.376120e-03
1.322837e-02;2.073172e-02;1.689449e-02;1.353556e-02;9.829023e-02;1.437358e-01;6.449900e-01;1.354295e-02;7.644630e-03;1.822457e-02;7.176387e-03;2.005271e-03
1.371269e-02;1.160179e-02;9.476900e-02;3.580082e-02;1.711448e-01;1.699302e-01;4.561354e-01;1.099389e-02;8.525509e-03;1.877390e-02;6.387295e-03;2.224689e-03
1.357640e-02;9.917980e-03;2.844211e-01;7.033660e-02;2.162958e-01;1.474467e-01;2.023379e-01;1.237130e-02;1.467534e-02;1.577926e-02;6.549167e-03;6.292414e-03
3.949645e-03;1.218988e-02;4.792325e-01;7.507736e-02;1.370092e-01;9.980058e-02;1.349668e-01;1.518670e-02;1.411321e-02;1.267772e-02;1.050387e-02;5.292513e-03
7.696372e-03;1.619673e-02;6.001489e-01;5.422717e-02;3.483960e-02;5.671982e-02;1.798629e-01;1.103904e-02;1.132618e-02;1.780876e-02;7.357291e-03;2.777302e-03
5.359873e-03;2.356349e-02;6.475207e-01;5.485136e-02;5.401413e-02;3.607051e-02;1.148081e-01;1.403357e-02;1.153666e-02;2.384906e-02;9.279409e-03;5.113111e-03
1.351443e-02;1.864743e-02;5.866544e-01;9.354860e-02;7.601210e-02;4.362281e-02;7.476795e-02;1.815567e-02;1.493143e-02;3.094465e-02;2.009950e-02;9.101047e-03
2.826799e-02;1.196112e-02;3.256677e-01;8.672813e-02;1.660843e-01;1.104598e-01;1.417573e-01;3.194106e-02;1.863885e-02;2.656967e-02;2.066020e-02;3.126383e-02
6.141546e-02;1.178763e-02;1.375245e-01;4.455334e-02;1.579061e-01;1.735219e-01;2.942150e-01;3.846415e-02;1.445320e-02;1.601060e-02;9.609898e-03;4.053816e-02
6.837980e-02;2.449750e-02;5.205537e-02;2.754658e-02;9.227835e-02;1.893550e-01;4.604960e-01;4.237044e-02;8.232335e-03;1.179124e-02;2.522986e-03;2.047430e-02
3.857199e-02;3.518309e-02;2.604343e-02;1.648587e-02;5.037822e-02;1.655529e-01;5.941660e-01;4.083812e-02;1.232906e-02;1.173154e-02;3.095272e-03;5.624446e-03
4.583614e-02;2.769396e-02;2.024458e-02;5.620595e-02;3.823186e-02;1.659102e-01;5.543267e-01;4.161851e-02;1.225938e-02;2.995341e-02;2.293198e-03;5.426229e-03
7.153606e-02;1.400158e-02;1.711071e-02;1.033397e-01;5.219723e-02;2.078312e-01;3.947206e-01;5.233580e-02;1.074484e-02;7.199125e-02;1.997951e-03;2.193115e-03
6.767480e-02;1.085779e-02;4.066766e-02;1.297179e-01;9.424302e-02;2.054846e-01;2.455282e-01;7.042730e-02;2.702684e-02;1.034832e-01;1.297345e-03;3.591345e-03
4.776465e-02;2.002126e-02;1.000088e-01;1.519976e-01;1.090532e-01;1.697828e-01;1.598347e-01;7.537340e-02;4.267216e-02;1.109025e-01;5.546715e-03;7.042241e-03
3.050824e-02;2.710640e-02;1.449960e-01;1.805377e-01;7.963850e-02;1.335220e-01;1.748232e-01;5.855979e-02;3.832116e-02;1.142347e-01;1.044753e-02;7.304683e-03
5.050312e-02;2.149841e-02;7.676370e-02;1.952889e-01;7.392851e-02;1.176651e-01;2.568113e-01;6.391490e-02;1.650443e-02;1.090522e-01;7.811054e-03;1.025844e-02
5.531630e-02;1.557815e-02;3.649822e-02;2.038175e-01;6.548277e-02;1.654988e-01;2.721112e-01;6.427696e-02;1.618098e-02;9.609766e-02;3.487004e-03;5.654388e-03
6.877082e-02;9.973016e-03;2.664082e-02;1.681035e-01;7.523414e-02;2.182163e-01;2.819618e-01;5.631686e-02;1.872525e-02;6.703524e-02;2.080723e-03;6.941453e-03
7.826371e-02;8.312597e-03;3.013863e-02;1.111230e-01;1.231003e-01;2.411990e-01;2.916685e-01;3.496518e-02;2.306456e-02;4.670871e-02;3.496610e-03;7.959297e-03
6.589613e-02;8.735562e-03;2.695247e-02;9.344063e-02;1.717142e-01;2.349705e-01;3.105839e-01;2.561505e-02;1.823005e-02;3.256493e-02;5.618643e-03;5.677900e-03
2.633664e-02;4.859152e-03;2.776003e-02;5.758069e-02;1.874799e-01;2.222630e-01;4.016065e-01;2.924622e-02;1.171496e-02;2.072597e-02;4.613661e-03;5.813395e-03
1.288226e-02;3.056267e-03;2.966479e-02;4.139785e-02;2.252319e-01;2.337809e-01;3.979803e-01;1.397237e-02;1.016294e-02;2.587054e-02;2.452503e-03;3.547291e-03
1.556603e-02;5.029934e-03;4.535579e-02;2.684955e-02;2.419263e-01;2.260742e-01;3.834038e-01;1.791177e-02;1.188201e-02;1.901026e-02;2.982442e-03;4.007935e-03
1.559401e-02;5.132624e-03;6.576689e-02;2.574235e-02;2.808044e-01;2.297828e-01;3.185100e-01;1.723183e-02;1.371588e-02;1.938085e-02;3.852120e-03;4.486187e-03
1.134797e-02;3.810528e-03;8.592986e-02;3.274380e-02;2.769073e-01;2.150559e-01;3.149056e-01;1.503912e-02;2.076124e-02;1.215640e-02;4.631311e-03;6.711026e-03
4.900534e-02;1.805640e-02;8.874586e-02;3.196983e-02;2.135480e-01;1.848592e-01;3.236833e-01;1.639686e-02;2.265689e-02;2.306066e-02;1.341079e-02;1.460698e-02
7.010075e-02;2.516190e-02;5.137205e-02;4.981421e-02;1.490094e-01;2.037740e-01;3.243775e-01;2.898910e-02;2.110137e-02;4.104357e-02;1.512249e-02;2.013368e-02
6.985509e-02;1.614398e-02;4.644642e-02;6.726509e-02;1.431068e-01;2.854274e-01;2.514661e-01;3.615177e-02;1.345665e-02;5.079701e-02;9.632793e-03;1.025095e-02
4.406047e-02;7.199088e-03;5.506892e-02;4.007442e-02;1.788573e-01;3.146869e-01;2.379603e-01;2.907484e-02;3.230654e-02;3.688847e-02;5.332345e-03;1.849034e-02
2.857981e-02;5.846283e-03;6.183715e-02;3.828457e-02;2.479520e-01;2.097102e-01;2.221590e-01;3.065341e-02;8.182840e-02;2.518664e-02;6.512069e-03;4.145054e-02
1.933651e-02;7.448460e-03;7.172950e-02;7.129600e-02;2.649519e-01;1.101428e-01;1.970364e-01;4.569455e-02;8.503152e-02;6.103203e-02;1.384495e-02;5.245533e-02
1.243823e-02;8.495045e-03;1.211714e-01;1.363496e-01;1.975563e-01;5.922084e-02;1.303080e-01;8.456200e-02;5.635649e-02;1.169668e-01;3.477705e-02;4.179825e-02
1.096201e-02;2.885046e-03;2.218619e-01;2.121962e-01;1.161452e-01;5.598764e-02;5.587510e-02;1.117061e-01;3.939638e-02;9.399938e-02;5.478698e-02;2.419796e-02
9.194627e-03;1.073981e-02;3.671388e-01;1.985598e-01;6.870618e-02;5.119000e-02;4.720609e-02;8.236321e-02;6.896295e-02;4.726001e-02;4.407319e-02;4.605278e-03
7.350658e-03;2.064414e-02;5.036735e-01;1.153221e-01;3.805206e-02;2.216280e-02;5.383096e-02;4.919176e-02;7.357596e-02;9.266414e-02;1.933723e-02;4.194691e-03
7.640083e-03;5.361191e-02;5.413041e-01;6.064570e-02;3.462340e-02;1.928144e-02;4.653238e-02;5.805166e-02;4.703698e-02;1.216502e-01;6.602342e-03;3.019815e-03
2.899654e-02;1.195258e-01;4.797458e-01;3.616561e-02;3.422074e-02;2.762695e-02;2.796853e-02;9.422073e-02;4.603650e-02;9.399849e-02;6.169945e-03;5.324295e-03
6.916367e-02;2.133435e-01;3.293454e-01;2.488304e-02;2.141387e-02;4.393533e-02;1.192564e-02;1.023813e-01;1.078099e-01;5.984286e-02;8.480838e-03;7.474622e-03
1.166312e-01;2.936140e-01;1.884905e-01;3.639075e-02;1.383230e-02;5.953123e-02;1.252211e-02;5.379126e-02;1.802765e-01;3.295962e-02;7.949206e-03;4.011283e-03
