1.423807e-01;6.889538e-02;5.972520e-02;7.731123e-02;5.685180e-02;1.158469e-01;1.435579e-01;4.837110e-02;6.560975e-02;9.441597e-02;3.330142e-02;9.373266e-02
5.975517e-02;7.604930e-02;6.998986e-02;7.720064e-02;7.228153e-02;1.007105e-01;1.515445e-01;3.047266e-02;5.285184e-02;8.717616e-02;5.506501e-02;1.669028e-01
7.724037e-02;5.823858e-02;6.259245e-02;6.315920e-02;7.979992e-02;9.128443e-02;1.198470e-01;4.666257e-02;9.068733e-02;6.795590e-02;9.757859e-02;1.449536e-01
8.388776e-02;6.910320e-02;5.028237e-02;7.272466e-02;7.072854e-02;8.100589e-02;1.100939e-01;4.512833e-02;1.395566e-01;5.204387e-02;1.728288e-01;5.261606e-02
4.373793e-02;7.537563e-02;5.653606e-02;8.929664e-02;4.601203e-02;9.036840e-02;8.495511e-02;4.586986e-02;1.844448e-01;2.969672e-02;1.871188e-01;6.658805e-02
3.036141e-02;5.987449e-02;6.728042e-02;9.240318e-02;5.488839e-02;1.281273e-01;7.029426e-02;6.095205e-02;1.766371e-01;1.955749e-02;1.531029e-01;8.652103e-02
4.341433e-02;4.443973e-02;7.698406e-02;8.253396e-02;8.346567e-02;1.496495e-01;1.034481e-01;7.695904e-02;1.409843e-01;2.130723e-02;1.119468e-01;6.486727e-02
6.036691e-02;5.216494e-02;7.862449e-02;6.553742e-02;1.061562e-01;1.363658e-01;1.221352e-01;7.113266e-02;1.477975e-01;2.724859e-02;8.496277e-02;4.750761e-02
7.344984e-02;5.449019e-02;6.532990e-02;8.273799e-02;1.221714e-01;1.037051e-01;1.416194e-01;6.032449e-02;1.756616e-01;4.113086e-02;4.801236e-02;3.136684e-02
5.993722e-02;6.327441e-02;6.540278e-02;8.342744e-02;1.241407e-01;8.720613e-02;1.365287e-01;6.118131e-02;1.728226e-01;4.935884e-02;5.234081e-02;4.437900e-02
3.977981e-02;8.248854e-02;5.182526e-02;8.504258e-02;7.525031e-02;1.121674e-01;1.008928e-01;6.589395e-02;1.400149e-01;7.681472e-02;9.712531e-02;7.270431e-02
5.826028e-02;8.518198e-02;5.986911e-02;7.208656e-02;8.000208e-02;8.181714e-02;1.448712e-01;6.684254e-02;8.921932e-02;8.742464e-02;9.444360e-02;7.998150e-02
6.624121e-02;5.242204e-02;9.119016e-02;5.129882e-02;7.975413e-02;9.755936e-02;1.215101e-01;8.545855e-02;1.147759e-01;6.795739e-02;1.095002e-01;6.233204e-02
6.604163e-02;4.103773e-02;1.252618e-01;3.550906e-02;6.062559e-02;8.173551e-02;1.021838e-01;1.321141e-01;1.591127e-01;4.361274e-02;1.122868e-01;4.047862e-02
6.611316e-02;5.611011e-02;1.273229e-01;7.024015e-02;1.006919e-01;5.763911e-02;1.156335e-01;9.076770e-02;1.587803e-01;3.577051e-02;9.364914e-02;2.728150e-02
5.061230e-02;7.338049e-02;1.207314e-01;9.844317e-02;1.134520e-01;6.620274e-02;1.526771e-01;5.048244e-02;1.067830e-01;5.433156e-02;5.490142e-02;5.800247e-02
4.533309e-02;7.149576e-02;9.402019e-02;9.373333e-02;1.402471e-01;5.379540e-02;1.554298e-01;1.040974e-01;8.467405e-02;5.115175e-02;4.497454e-02;6.104755e-02
5.483802e-02;6.983109e-02;7.844219e-02;7.518941e-02;1.285463e-01;7.760898e-02;1.334759e-01;1.236791e-01;8.219407e-02;6.181762e-02;7.293505e-02;4.144231e-02
7.102940e-02;7.199123e-02;7.283471e-02;7.249429e-02;8.380054e-02;7.876709e-02;1.052550e-01;1.213879e-01;1.108515e-01;7.514300e-02;1.004884e-01;3.595696e-02
5.340931e-02;8.276898e-02;7.729834e-02;5.628514e-02;7.719985e-02;9.147505e-02;8.800939e-02;1.734882e-01;1.169343e-01;7.645116e-02;7.970858e-02;2.697166e-02
3.942702e-02;8.817467e-02;1.342174e-01;8.053344e-02;4.126906e-02;1.009690e-01;7.868566e-02;1.885895e-01;8.498314e-02;6.200710e-02;7.091946e-02;3.022455e-02
3.884876e-02;8.972196e-02;1.722657e-01;1.008036e-01;7.849667e-02;7.067481e-02;7.490527e-02;1.316824e-01;6.631842e-02;7.048666e-02;6.845590e-02;3.733984e-02
3.588554e-02;8.832873e-02;1.489288e-01;8.577535e-02;9.250372e-02;9.920131e-02;7.735920e-02;1.124584e-01;7.548509e-02;5.364536e-02;9.552060e-02;3.490785e-02
5.743503e-02;6.446111e-02;1.144678e-01;8.845083e-02;8.052117e-02;1.281954e-01;5.414996e-02;8.082282e-02;1.156605e-01;6.724069e-02;1.068491e-01;4.174563e-02
1.157931e-01;5.434107e-02;7.961488e-02;8.714009e-02;9.029204e-02;9.169216e-02;8.483068e-02;8.352602e-02;9.131110e-02;1.053256e-01;7.352142e-02;4.261177e-02
1.275666e-01;4.513053e-02;1.108089e-01;5.806562e-02;6.592615e-02;5.680020e-02;1.164648e-01;8.239888e-02;9.228186e-02;6.414787e-02;7.940350e-02;1.010051e-01
1.118985e-01;4.207647e-02;1.252716e-01;6.625757e-02;6.970738e-02;5.300204e-02;9.920353e-02;6.991491e-02;8.654363e-02;4.359930e-02;1.198553e-01;1.126698e-01
7.726201e-02;2.622501e-02;1.664190e-01;9.065543e-02;6.512123e-02;4.881161e-02;9.679651e-02;7.809412e-02;5.657108e-02;3.946471e-02;1.588725e-01;9.570676e-02
5.135415e-02;1.952780e-02;2.006753e-01;1.128806e-01;5.254267e-02;4.538884e-02;1.171662e-01;8.400374e-02;3.195127e-02;3.902645e-02;1.809174e-01;6.456558e-02
3.758359e-02;1.801390e-02;2.466773e-01;1.311464e-01;4.197608e-02;3.448372e-02;1.214895e-01;8.223271e-02;2.778087e-02;3.710547e-02;1.803979e-01;4.111266e-02
4.508432e-02;1.569408e-02;2.922301e-01;1.314508e-01;3.493842e-02;1.862562e-02;1.024064e-01;6.794304e-02;2.694955e-02;6.107699e-02;1.597060e-01;4.389469e-02
5.863148e-02;1.433407e-02;3.028558e-01;1.124396e-01;2.723138e-02;1.084645e-02;1.045740e-01;5.383109e-02;2.558772e-02;8.541888e-02;1.650203e-01;3.922935e-02
6.985050e-02;1.322630e-02;2.931380e-01;9.736806e-02;2.575513e-02;1.653421e-02;1.028355e-01;5.628053e-02;2.482551e-02;9.730837e-02;1.776026e-01;2.527524e-02
6.946149e-02;1.611571e-02;2.988915e-01;1.029659e-01;2.788737e-02;1.480563e-02;8.428217e-02;5.688514e-02;2.514206e-02;9.506371e-02;1.822518e-01;2.624757e-02
5.929800e-02;4.346285e-02;2.984923e-01;1.088549e-01;2.520525e-02;1.460039e-02;6.929591e-02;5.925879e-02;2.779930e-02;8.974367e-02;1.787632e-01;2.522546e-02
5.882147e-02;6.713293e-02;2.548088e-01;1.343785e-01;4.054386e-02;4.132259e-02;5.976834e-02;6.495625e-02;2.195661e-02;7.509276e-02;1.545764e-01;2.664158e-02
3.869387e-02;6.868985e-02;1.949141e-01;1.881381e-01;9.599210e-02;9.105800e-02;5.242842e-02;6.640518e-02;1.083377e-02;4.817511e-02;1.229017e-01;2.176978e-02
2.653799e-02;4.491296e-02;1.552169e-01;2.095897e-01;1.516299e-01;1.139062e-01;6.469861e-02;6.531202e-02;1.932692e-02;3.423769e-02;9.857101e-02;1.606015e-02
2.039251e-02;3.182840e-02;1.735439e-01;2.053164e-01;1.877438e-01;8.758887e-02;6.005862e-02;6.756449e-02;3.402337e-02;3.066607e-02;8.665617e-02;1.461742e-02
3.255831e-02;2.524742e-02;1.860213e-01;1.849890e-01;1.910442e-01;4.852379e-02;6.337807e-02;6.702022e-02;4.780473e-02;3.546653e-02;8.313495e-02;3.481147e-02
4.290971e-02;3.658149e-02;2.100560e-01;1.696734e-01;1.419515e-01;6.230865e-02;6.638660e-02;6.347511e-02;4.457661e-02;3.413159e-02;8.557711e-02;4.237224e-02
4.606791e-02;5.179642e-02;2.292077e-01;1.208591e-01;1.270192e-01;5.925424e-02;6.796783e-02;7.393996e-02;3.151393e-02;4.059501e-02;9.772072e-02;5.405795e-02
4.267514e-02;6.050560e-02;1.640277e-01;5.858985e-02;1.146044e-01;7.253643e-02;8.667055e-02;1.283114e-01;3.731539e-02;6.990817e-02;8.926059e-02;7.559479e-02
4.630400e-02;5.735669e-02;9.100612e-02;5.752522e-02;7.493117e-02;9.951649e-02;8.836484e-02;1.689610e-01;5.614454e-02;8.134265e-02;8.514991e-02;9.339734e-02
4.555557e-02;4.918605e-02;1.185122e-01;5.597703e-02;6.239702e-02;9.878400e-02;8.368870e-02;1.922960e-01;5.376040e-02;7.845955e-02;7.734220e-02;8.404134e-02
3.222504e-02;6.939862e-02;1.067710e-01;5.879767e-02;6.571042e-02;1.055323e-01;9.448238e-02;1.650020e-01;4.697771e-02;8.391565e-02;8.273166e-02;8.845559e-02
3.300556e-02;9.595012e-02;1.287105e-01;6.172261e-02;7.094432e-02;7.956653e-02;9.882367e-02;1.099763e-01;9.086496e-02;7.943888e-02;7.360332e-02;7.739325e-02
4.654021e-02;6.583814e-02;9.568664e-02;6.019489e-02;8.910225e-02;1.097698e-01;9.274466e-02;1.222260e-01;1.189822e-01;7.605305e-02;7.203986e-02;5.082227e-02
6.341710e-02;6.457143e-02;1.091782e-01;7.511467e-02;8.702117e-02;8.683737e-02;7.713293e-02;7.772122e-02;1.570560e-01;8.099944e-02;7.662366e-02;4.432689e-02
8.157498e-02;5.690832e-02;9.258287e-02;8.831613e-02;8.589868e-02;4.897911e-02;7.398507e-02;1.202968e-01;1.328872e-01;9.678481e-02;5.797665e-02;6.380934e-02
6.459116e-02;7.477359e-02;6.687126e-02;6.452710e-02;9.038853e-02;8.185180e-02;1.062336e-01;1.545530e-01;8.090223e-02;8.431120e-02;5.344936e-02;7.754713e-02
4.674395e-02;7.780055e-02;1.094069e-01;4.532692e-02;6.674074e-02;8.470449e-02;9.661392e-02;1.461248e-01;7.004628e-02;9.563216e-02;4.950257e-02;1.113567e-01
5.229485e-02;6.071494e-02;1.225649e-01;5.949893e-02;5.812893e-02;6.940830e-02;7.694991e-02;1.413679e-01;1.005238e-01;1.066122e-01;5.579210e-02;9.614319e-02
8.449004e-02;5.065581e-02;1.650448e-01;6.265385e-02;7.897383e-02;5.853793e-02;1.028657e-01;8.790454e-02;9.667443e-02;8.414912e-02;7.442168e-02;5.362826e-02
6.671546e-02;8.259811e-02;2.224624e-01;6.986243e-02;5.969432e-02;4.782286e-02;1.141251e-01;7.126844e-02;6.787755e-02;7.603844e-02;9.215142e-02;2.938353e-02
4.088975e-02;9.349193e-02;2.424624e-01;4.972034e-02;3.479781e-02;4.769989e-02;1.186759e-01;6.957684e-02;6.146596e-02;7.528958e-02;1.204250e-01;4.550456e-02
4.720987e-02;1.191535e-01;2.027400e-01;3.372001e-02;2.911473e-02;6.079157e-02;1.330323e-01;6.386314e-02;5.940763e-02;5.240165e-02;1.474953e-01;5.107030e-02
9.192378e-02;1.394399e-01;1.286961e-01;3.323384e-02;3.789797e-02;5.487583e-02;1.465494e-01;7.845196e-02;6.190671e-02;4.546791e-02;1.340471e-01;4.750951e-02
1.457975e-01;1.459894e-01;5.257492e-02;2.339371e-02;4.382480e-02;6.463048e-02;2.217800e-01;8.789071e-02;5.301009e-02;5.469682e-02;6.570684e-02;4.070462e-02
1.743860e-01;1.035913e-01;4.941894e-02;1.666098e-02;4.884307e-02;9.257731e-02;2.747906e-01;5.716349e-02;4.495810e-02;3.577671e-02;6.898082e-02;3.285267e-02
1.902793e-01;7.528398e-02;4.540831e-02;2.053162e-02;5.486204e-02;1.211648e-01;2.697886e-01;3.174933e-02;4.504940e-02;1.953818e-02;9.063169e-02;3.571283e-02
2.093849e-01;8.400116e-02;5.519078e-02;1.961385e-02;5.472612e-02;1.418368e-01;2.238534e-01;2.487949e-02;4.933330e-02;1.154789e-02;8.374210e-02;4.189012e-02
2.012493e-01;8.155452e-02;5.680379e-02;2.065999e-02;5.877227e-02;1.563167e-01;2.110343e-01;2.573130e-02;6.051142e-02;1.251816e-02;6.708592e-02;4.776235e-02
1.522130e-01;8.086331e-02;7.199313e-02;2.824774e-02;6.729751e-02;1.389013e-01;2.419250e-01;4.188181e-02;6.077173e-02;2.139474e-02;5.627004e-02;3.824068e-02
1.294030e-01;7.768617e-02;9.123901e-02;2.913870e-02;7.005887e-02;1.081557e-01;2.617002e-01;5.703370e-02;5.157106e-02;2.674818e-02;5.371808e-02;4.354730e-02
1.134041e-01;5.625059e-02;1.179738e-01;4.297177e-02;6.231282e-02;7.368598e-02;2.459496e-01;9.258363e-02;4.003309e-02;3.763027e-02;4.839211e-02;6.881212e-02
1.208332e-01;6.256501e-02;1.217507e-01;5.944379e-02;4.378379e-02;6.920926e-02;2.476052e-01;7.462368e-02;5.978497e-02;3.832947e-02;4.944284e-02;5.262807e-02
1.463119e-01;7.032347e-02;1.367392e-01;5.133893e-02;2.885161e-02;5.835643e-02;2.232369e-01;3.798916e-02;9.843682e-02;4.862421e-02;6.478830e-02;3.500304e-02
1.574032e-01;1.127613e-01;1.103726e-01;3.689422e-02;3.975726e-02;6.674753e-02;1.843556e-01;5.088681e-02;9.205534e-02;5.666015e-02;5.802289e-02;3.408310e-02
1.583974e-01;1.246220e-01;7.132423e-02;2.972053e-02;4.943750e-02;9.791216e-02;1.575490e-01;7.597519e-02;6.265756e-02;5.739589e-02;6.870203e-02;4.630646e-02
1.312391e-01;1.024978e-01;4.380602e-02;4.190899e-02;5.013265e-02;7.916537e-02;1.527175e-01;7.647303e-02;9.319325e-02;7.901757e-02;8.489563e-02;6.495315e-02
6.830648e-02;7.160722e-02;9.493422e-02;5.310021e-02;7.087698e-02;6.237204e-02;1.343767e-01;7.709157e-02;1.626200e-01;1.136963e-01;4.165249e-02;4.936583e-02
8.165550e-02;6.931993e-02;1.117396e-01;5.821607e-02;8.172959e-02;6.403670e-02;7.472856e-02;6.069131e-02;1.474390e-01;1.267212e-01;6.440002e-02;5.932255e-02
8.169365e-02;9.620501e-02;1.114388e-01;6.905564e-02;6.602304e-02;5.764619e-02;8.238202e-02;7.430127e-02;1.212378e-01;1.018612e-01;7.941591e-02;5.873947e-02
8.058615e-02;9.730252e-02;1.221882e-01;7.024293e-02;6.710804e-02;7.926074e-02;1.066918e-01;7.590447e-02;8.659693e-02;6.462425e-02;1.007488e-01;4.874519e-02
8.426018e-02;1.067454e-01;8.944384e-02;6.980293e-02;6.191565e-02;6.820837e-02;1.067428e-01;9.543361e-02;6.398200e-02;5.816763e-02;1.120842e-01;8.321343e-02
8.558425e-02;1.126362e-01;8.899701e-02;6.696378e-02;5.065659e-02;7.210172e-02;1.080596e-01;9.195735e-02;4.762695e-02;6.551549e-02;1.298600e-01;8.004111e-02
8.451742e-02;1.020576e-01;9.770405e-02;1.090735e-01;5.247572e-02;8.253994e-02;9.051416e-02;8.983076e-02;7.842318e-02;6.849238e-02;8.323361e-02;6.113766e-02
5.363026e-02;6.845558e-02;7.629042e-02;7.416569e-02;8.297123e-02;6.342442e-02;1.261728e-01;7.886956e-02;1.037930e-01;1.076075e-01;8.814255e-02;7.647691e-02
4.626539e-02;8.231494e-02;1.096895e-01;5.654392e-02;7.381544e-02;9.363538e-02;1.054409e-01;8.821159e-02;8.411564e-02;9.993020e-02;9.320199e-02;6.683502e-02
7.758660e-02;8.501918e-02;1.077248e-01;3.763938e-02;4.328926e-02;1.288047e-01;1.948214e-01;1.094522e-01;6.732329e-02;7.028326e-02;4.151258e-02;3.654326e-02
5.638696e-02;6.145677e-02;8.634105e-02;2.656514e-02;4.718015e-02;1.326388e-01;2.352583e-01;1.194626e-01;7.849666e-02;6.787617e-02;3.705891e-02;5.127853e-02
2.358511e-02;5.138992e-02;7.283464e-02;3.436066e-02;3.189443e-02;1.347240e-01;2.326759e-01;1.139757e-01;1.343294e-01;6.381163e-02;4.159188e-02;6.482670e-02
3.166636e-02;4.872014e-02;4.590051e-02;3.179799e-02;5.022418e-02;1.399491e-01;1.989403e-01;7.437836e-02;2.051391e-01;5.364664e-02;5.662074e-02;6.301671e-02
5.369937e-02;3.460090e-02;5.480965e-02;2.881304e-02;1.032000e-01;1.082473e-01;1.218504e-01;1.526513e-01;1.981530e-01;2.457514e-02;8.195060e-02;3.744934e-02
6.888933e-02;2.284658e-02;7.203265e-02;5.306282e-02;1.473395e-01;8.030683e-02;1.249942e-01;2.005104e-01;1.126062e-01;1.657959e-02;7.582808e-02;2.500383e-02
6.681547e-02;2.366228e-02;9.084567e-02;9.216529e-02;1.424771e-01;1.079997e-01;1.570605e-01;1.698375e-01;4.981015e-02;2.179909e-02;5.563429e-02;2.189297e-02
6.628802e-02;3.691336e-02;1.230550e-01;1.107457e-01;1.061038e-01;1.158720e-01;1.872903e-01;1.144901e-01;4.120817e-02;2.792653e-02;4.762854e-02;2.247846e-02
6.054421e-02;4.976073e-02;1.208516e-01;1.183533e-01;8.471229e-02;9.740279e-02;2.072606e-01;7.287347e-02;7.226402e-02;3.595630e-02;4.581831e-02;3.420230e-02
3.013458e-02;4.711455e-02;4.136240e-02;8.443023e-02;1.148212e-01;1.200413e-01;1.623473e-01;1.708222e-01;1.193530e-01;3.232715e-02;2.836561e-02;4.888033e-02
2.465680e-02;2.588485e-02;8.040192e-02;9.792621e-02;1.901380e-01;1.169277e-01;1.364031e-01;1.277802e-01;5.889906e-02;4.556671e-02;5.578538e-02;3.963007e-02
3.699170e-02;2.205580e-02;1.296723e-01;9.644584e-02;1.735055e-01;8.163939e-02;1.368490e-01;1.416061e-01;5.452595e-02;5.514174e-02;4.526285e-02;2.630366e-02
5.735203e-02;3.229369e-02;1.453354e-01;8.037396e-02;1.279225e-01;8.506612e-02;1.402363e-01;1.441937e-01;7.844707e-02;4.956502e-02;3.242449e-02;2.678977e-02
7.276710e-02;4.445000e-02;1.073739e-01;5.746920e-02;1.194753e-01;1.196586e-01;9.394327e-02;1.639490e-01;1.031343e-01;4.463233e-02;3.662717e-02;3.651984e-02
5.461280e-02;3.920873e-02;8.523533e-02;8.288252e-02;1.430171e-01;1.100021e-01;8.397942e-02;1.622591e-01;1.290279e-01;3.539380e-02;3.968107e-02;3.470015e-02
4.510741e-02;3.792208e-02;7.598859e-02;1.198104e-01;1.579586e-01;8.862588e-02;1.122341e-01;1.327644e-01;1.029838e-01;4.198694e-02;3.813307e-02;4.648479e-02
7.171062e-02;8.129418e-02;1.770684e-01;1.092142e-01;8.346198e-02;1.002258e-01;9.084947e-02;6.496637e-02;8.527347e-02;4.084855e-02;5.514626e-02;3.994074e-02
9.494396e-02;7.096070e-02;1.485502e-01;1.009488e-01;1.387487e-01;1.162742e-01;9.006152e-02;9.928572e-02;3.467320e-02;3.309916e-02;5.011252e-02;2.234134e-02
9.384029e-02;5.083461e-02;1.030279e-01;8.796487e-02;2.063799e-01;1.481457e-01;5.170850e-02;1.039334e-01;4.383188e-02;2.141706e-02;6.594075e-02;2.297505e-02
7.271153e-02;3.281248e-02;8.063226e-02;7.536106e-02;2.058784e-01;1.672865e-01;8.269741e-02;8.423562e-02;7.859010e-02;1.524195e-02;7.743198e-02;2.712066e-02
6.651665e-02;2.067136e-02;7.645227e-02;4.708752e-02;2.113495e-01;1.285994e-01;1.089305e-01;1.106183e-01;1.051475e-01;2.012428e-02;8.153500e-02;2.296770e-02
6.160600e-02;2.430378e-02;5.668056e-02;4.153796e-02;2.036494e-01;1.031471e-01;1.199001e-01;1.435423e-01;1.256199e-01;2.184580e-02;7.986052e-02;1.830657e-02
6.148887e-02;2.683316e-02;4.497351e-02;3.101577e-02;1.823516e-01;1.224105e-01;1.154550e-01;1.669524e-01;1.122059e-01;2.157520e-02;9.546736e-02;1.927084e-02
5.184507e-02;2.952625e-02;5.277518e-02;3.186231e-02;1.514034e-01;1.136653e-01;1.352525e-01;1.924225e-01;6.332924e-02;5.168880e-02;1.034023e-01;2.282722e-02
4.043965e-02;3.063696e-02;6.465860e-02;6.518112e-02;1.244610e-01;9.704830e-02;1.626552e-01;1.624373e-01;7.610494e-02;5.923264e-02;9.112882e-02;2.601551e-02
3.434701e-02;2.963002e-02;8.768391e-02;8.731290e-02;1.387035e-01;1.061592e-01;1.715752e-01;1.231992e-01;7.675900e-02;4.051914e-02;7.583267e-02;2.827819e-02
6.282551e-02;6.677280e-02;1.385604e-01;6.608336e-02;1.125725e-01;6.437782e-02;1.591840e-01;1.498963e-01;6.817701e-02;4.662723e-02;3.933820e-02;2.558490e-02
4.501375e-02;8.565481e-02;2.015120e-01;3.353610e-02;6.237762e-02;1.153040e-01;1.299980e-01;9.563983e-02;1.102469e-01;4.608569e-02;3.408710e-02;4.054420e-02
1.743187e-02;7.450175e-02;1.851092e-01;4.999948e-02;4.250535e-02;1.713437e-01;1.849816e-01;5.451743e-02;1.090975e-01;3.602575e-02;2.756399e-02;4.692242e-02
2.355390e-02;6.236912e-02;1.378948e-01;4.073557e-02;4.416278e-02;1.846428e-01;2.511426e-01;5.235230e-02;7.962289e-02;4.641453e-02;2.543257e-02;5.167618e-02
1.964834e-02;4.870190e-02;1.605455e-01;3.838174e-02;4.755803e-02;1.416658e-01;2.907768e-01;4.590987e-02;5.100776e-02;8.642774e-02;3.187051e-02;3.750611e-02
1.735597e-02;3.569986e-02;1.959597e-01;4.911008e-02;5.157523e-02;1.106584e-01;2.989078e-01;4.915532e-02;3.440217e-02;1.117081e-01;2.447997e-02;2.098741e-02
1.967104e-02;2.901829e-02;1.929731e-01;6.181619e-02;5.824889e-02;9.863139e-02;2.731262e-01;6.204043e-02;3.481283e-02;1.053949e-01;4.581359e-02;1.845311e-02
2.673163e-02;2.490047e-02;1.836006e-01;7.183699e-02;8.772440e-02;7.104164e-02;2.176070e-01;8.643623e-02;4.172739e-02;1.035382e-01;6.914148e-02;1.571394e-02
2.992537e-02;2.810665e-02;1.667296e-01;6.117628e-02;1.067719e-01;4.370115e-02;1.434947e-01;9.359621e-02;8.816291e-02;1.042439e-01;1.140204e-01;2.007098e-02
2.777501e-02;3.129470e-02;1.585017e-01;4.949166e-02;8.871412e-02;5.221038e-02;1.162524e-01;8.142045e-02;1.069910e-01;1.360619e-01;1.335511e-01;1.773556e-02
2.054795e-02;5.032987e-02;2.129446e-01;4.419794e-02;6.881854e-02;4.349025e-02;1.100022e-01;9.395225e-02;9.784732e-02;1.475427e-01;8.759351e-02;2.273291e-02
2.762939e-02;8.117758e-02;2.011467e-01;5.233236e-02;5.145264e-02;3.715492e-02;1.390635e-01;6.495341e-02;9.954447e-02;1.385331e-01;6.889465e-02;3.811725e-02
2.705828e-02;7.065924e-02;1.447281e-01;5.098395e-02;5.616444e-02;4.065971e-02;1.562082e-01;7.570108e-02;1.253373e-01;1.462118e-01;7.456271e-02;3.172516e-02
2.852145e-02;5.267416e-02;1.041938e-01;6.036844e-02;7.543417e-02;5.485062e-02;1.547791e-01;1.026122e-01;1.208674e-01;1.409234e-01;6.299695e-02;4.177823e-02
4.255929e-02;5.940149e-02;1.464972e-01;6.675114e-02;7.891054e-02;6.705572e-02;1.327428e-01;9.996766e-02;8.821369e-02;1.024551e-01;5.555188e-02;5.989343e-02
5.012252e-02;6.638489e-02;1.887643e-01;7.218862e-02;6.757180e-02;4.344284e-02;8.324835e-02;7.638631e-02;1.172190e-01;9.020620e-02;1.010388e-01;4.342623e-02
3.511033e-02;4.724462e-02;1.956950e-01;7.647598e-02;8.884268e-02;5.223140e-02;5.763638e-02;8.748222e-02;1.072823e-01;1.214464e-01;1.071310e-01;2.342171e-02
2.920514e-02;3.476679e-02;1.649143e-01;9.048720e-02;9.288903e-02;8.591314e-02;9.676567e-02;1.060970e-01;8.240823e-02;1.362167e-01;6.502906e-02;1.530777e-02
3.471790e-02;6.379271e-02;1.070515e-01;9.592245e-02;9.656382e-02;7.408290e-02;1.035491e-01;7.595406e-02;8.325342e-02;1.371316e-01;1.005495e-01;2.743098e-02
3.481665e-02;7.796919e-02;9.104602e-02;5.920393e-02;9.080870e-02;5.484590e-02;8.832173e-02;4.684145e-02;1.180058e-01;1.121083e-01;1.601015e-01;6.593086e-02
2.882699e-02;4.656290e-02;1.030761e-01;7.904334e-02;7.491520e-02;9.185885e-02;9.378680e-02;5.171352e-02;1.462032e-01;7.164764e-02;1.106509e-01;1.017146e-01
3.657803e-02;6.198708e-02;8.144014e-02;8.704308e-02;8.759347e-02;1.114334e-01;8.920179e-02;9.910067e-02;1.351111e-01;5.455690e-02;5.355753e-02;1.023968e-01
5.834035e-02;6.682482e-02;6.457230e-02;6.737448e-02;7.598700e-02;1.014430e-01;1.382792e-01;1.430494e-01;1.262231e-01;5.331750e-02;3.200836e-02;7.258037e-02
4.026753e-02;7.819299e-02;8.283474e-02;6.631035e-02;3.639849e-02;8.068538e-02;1.524108e-01;2.870267e-01;7.386572e-02;4.535894e-02;2.718732e-02;2.946108e-02
1.873615e-02;8.645790e-02;6.156719e-02;6.534526e-02;2.935534e-02;1.072201e-01;1.114833e-01;3.495281e-01;7.599621e-02;3.385407e-02;1.986883e-02;4.058757e-02
2.760755e-02;8.360139e-02;6.056074e-02;5.834293e-02;5.116199e-02;1.132929e-01;8.926956e-02;2.912050e-01;1.020485e-01;4.635260e-02;2.320720e-02;5.334977e-02
4.282328e-02;4.140378e-02;1.504538e-01;8.579137e-02;7.917245e-02;5.984694e-02;1.434069e-01;1.048019e-01;1.622146e-01;6.997576e-02;3.087958e-02;2.922962e-02
3.115861e-02;3.261799e-02;2.033531e-01;1.170509e-01;8.229906e-02;5.897981e-02;1.568887e-01;9.831896e-02;1.173133e-01;5.959145e-02;2.584595e-02;1.658208e-02
1.949410e-02;2.582121e-02;2.506726e-01;1.371535e-01;7.959868e-02;5.358539e-02;1.248703e-01;8.989513e-02;1.215652e-01;5.863756e-02;2.935475e-02;9.351504e-03
1.414126e-02;1.797090e-02;3.047979e-01;1.182874e-01;5.164442e-02;3.533321e-02;7.181553e-02;9.164577e-02;2.033685e-01;5.485122e-02;2.759956e-02;8.544297e-03
2.091312e-02;1.412800e-02;3.241351e-01;7.815938e-02;4.298634e-02;2.050906e-02;6.428666e-02;1.360735e-01;2.151696e-01;5.112616e-02;2.182131e-02;1.069179e-02
2.487574e-02;2.739019e-02;3.147641e-01;7.167306e-02;4.093902e-02;2.864348e-02;9.473969e-02;1.620969e-01;1.640502e-01;4.492017e-02;1.633435e-02;9.573112e-03
2.648424e-02;2.342112e-02;3.196566e-01;5.795756e-02;3.215755e-02;2.198033e-02;1.088611e-01;2.025585e-01;1.448095e-01;4.174463e-02;1.246085e-02;7.908025e-03
2.323513e-02;2.303999e-02;3.071655e-01;6.860208e-02;3.965573e-02;3.146274e-02;1.057673e-01;2.247749e-01;1.012439e-01;4.754473e-02;1.774022e-02;9.767801e-03
1.420882e-02;1.685701e-02;2.725457e-01;8.402599e-02;5.704816e-02;3.006684e-02;1.298860e-01;1.855663e-01;1.171428e-01;5.457742e-02;2.902296e-02;9.051963e-03
1.714301e-02;4.323288e-02;2.691584e-01;1.119525e-01;7.458429e-02;4.461814e-02;1.388952e-01;1.148179e-01;7.801123e-02;4.300698e-02;4.578519e-02;1.879420e-02
2.075505e-02;6.205968e-02;2.290609e-01;1.532416e-01;1.306028e-01;9.104685e-02;7.528482e-02;7.875830e-02;3.188459e-02;3.078514e-02;6.283072e-02;3.368949e-02
1.564527e-02;4.278336e-02;2.317447e-01;1.720604e-01;1.580660e-01;1.111621e-01;6.063855e-02;5.007384e-02;2.425884e-02;3.185092e-02;7.158546e-02;3.013063e-02
1.649091e-02;3.567142e-02;2.687414e-01;1.530509e-01;1.453342e-01;1.201074e-01;8.845624e-02;2.959953e-02;3.107019e-02;2.029769e-02;6.090117e-02;3.027885e-02
2.288816e-02;2.080685e-02;1.881752e-01;9.618811e-02;2.020216e-01;1.808104e-01;1.166636e-01;2.750130e-02;4.606489e-02;2.193184e-02;2.683388e-02;5.011413e-02
3.419282e-02;7.271831e-03;1.209533e-01;7.760250e-02;2.576897e-01;1.997120e-01;1.166925e-01;2.623850e-02;6.385814e-02;1.608443e-02;2.153690e-02;5.816738e-02
5.917795e-02;2.062854e-02;8.534420e-02;6.576099e-02;2.254497e-01;1.839492e-01;1.912175e-01;1.909604e-02;6.412584e-02;1.682483e-02;2.911781e-02;3.930736e-02
7.964717e-02;3.628042e-02;5.031703e-02;4.695993e-02;1.641257e-01;1.912670e-01;2.979801e-01;1.763704e-02;3.388512e-02;3.188508e-02;2.819332e-02;2.182209e-02
7.685504e-02;3.945793e-02;5.148976e-02;5.246432e-02;1.474321e-01;1.775178e-01;3.447989e-01;1.718062e-02;1.333181e-02;3.432611e-02;1.987560e-02;2.527006e-02
6.220786e-02;5.824448e-02;7.432932e-02;5.911526e-02;1.142706e-01;1.239392e-01;3.952586e-01;2.159950e-02;1.821978e-02;3.017900e-02;1.703176e-02;2.560459e-02
2.875326e-02;7.640272e-02;9.384727e-02;4.019917e-02;7.852991e-02;9.905773e-02;4.170937e-01;4.099651e-02;4.207087e-02;3.046390e-02;3.513914e-02;1.744576e-02
2.129808e-02;7.474799e-02;8.735009e-02;3.416501e-02;9.564281e-02;9.396167e-02;3.832669e-01;6.681683e-02;4.658899e-02;3.081891e-02;4.920428e-02;1.613842e-02
2.213314e-02;6.084336e-02;1.090368e-01;3.340743e-02;9.426218e-02;6.249150e-02;3.588239e-01;1.117500e-01;3.957922e-02;3.497958e-02;4.668076e-02;2.601213e-02
9.596343e-03;3.506155e-02;1.522164e-01;2.652043e-02;6.624464e-02;3.964160e-02;3.164670e-01;1.720048e-01;4.418764e-02;6.148623e-02;2.394650e-02;5.262687e-02
7.172766e-03;1.702543e-02;1.823858e-01;2.014561e-02;4.218017e-02;5.069815e-02;2.175695e-01;2.201365e-01;6.358231e-02;8.066171e-02;1.029880e-02;8.814323e-02
8.661560e-03;1.736701e-02;1.762314e-01;2.832841e-02;2.705113e-02;7.407188e-02;1.194791e-01;2.468425e-01;7.858407e-02;9.209514e-02;1.555775e-02;1.157301e-01
1.358759e-02;2.666456e-02;1.534373e-01;3.053110e-02;2.265507e-02;7.421883e-02;1.099605e-01;2.531879e-01;7.013942e-02;1.018302e-01;2.315564e-02;1.206319e-01
1.803245e-02;2.160261e-02;1.127360e-01;3.382863e-02;2.163456e-02;5.016760e-02;1.712402e-01;2.558032e-01;6.826469e-02;1.019623e-01;3.778309e-02;1.069447e-01
1.976698e-02;2.473841e-02;8.495143e-02;3.728148e-02;4.437266e-02;3.651349e-02;2.412532e-01;2.052885e-01;8.908404e-02;9.011456e-02;5.771442e-02;6.892076e-02
2.196130e-02;2.860725e-02;8.394797e-02;4.593185e-02;6.286803e-02;6.158797e-02;2.721124e-01;1.278297e-01;1.050297e-01;8.137304e-02;5.772517e-02;5.102576e-02
5.123837e-02;2.510989e-02;1.076998e-01;4.392346e-02;6.408328e-02;8.032404e-02;1.940683e-01;1.080031e-01;9.467439e-02;9.151920e-02;7.589345e-02;6.346264e-02
7.705625e-02;2.555371e-02;8.120202e-02;4.634973e-02;9.776577e-02;7.488009e-02;2.571373e-01;7.923442e-02;9.396491e-02;7.492572e-02;5.103027e-02;4.089978e-02
8.520727e-02;3.152533e-02;7.108973e-02;4.447978e-02;1.453635e-01;1.044887e-01;2.878815e-01;4.462710e-02;8.043406e-02;5.784960e-02;1.920024e-02;2.785322e-02
5.633986e-02;2.061629e-02;9.801544e-02;9.515195e-02;1.654735e-01;1.119573e-01;2.208391e-01;5.550392e-02;9.320469e-02;5.191745e-02;7.062064e-03;2.391850e-02
3.584810e-02;1.509635e-02;8.783156e-02;1.195856e-01;2.013207e-01;1.072155e-01;1.594159e-01;7.210588e-02;1.234639e-01;3.995074e-02;9.528992e-03;2.863679e-02
2.992323e-02;2.401178e-02;1.203041e-01;1.020527e-01;1.951716e-01;8.730708e-02;9.750297e-02;7.721556e-02;1.589199e-01;6.274015e-02;1.767776e-02;2.717312e-02
1.220795e-02;2.063540e-02;1.706138e-01;1.767491e-01;1.222643e-01;7.346018e-02;7.931886e-02;1.018491e-01;1.463037e-01;4.963481e-02;2.981181e-02;1.715100e-02
1.400032e-02;1.367429e-02;1.982992e-01;2.310186e-01;1.077344e-01;7.570990e-02;7.570262e-02;9.053419e-02;8.776412e-02;4.462031e-02;4.233821e-02;1.860389e-02
3.239625e-02;2.641173e-02;2.461725e-01;1.757673e-01;9.134596e-02;5.966421e-02;7.905021e-02;9.214707e-02;6.475006e-02;5.947620e-02;4.410253e-02;2.871593e-02
3.346125e-02;4.143531e-02;3.353297e-01;9.960876e-02;4.551517e-02;3.763561e-02;1.185198e-01;9.546337e-02;7.723255e-02;5.192441e-02;4.152207e-02;2.235195e-02
2.419528e-02;4.403640e-02;3.431054e-01;9.595732e-02;4.845729e-02;4.602428e-02;1.269424e-01;8.768012e-02;5.686853e-02;5.177382e-02;4.773900e-02;2.722015e-02
2.357761e-02;5.007861e-02;2.337237e-01;9.159950e-02;5.660680e-02;7.932297e-02;1.516927e-01;1.095652e-01;7.499549e-02;5.313234e-02;3.754694e-02;3.815815e-02
3.225192e-02;5.629689e-02;1.221606e-01;5.988896e-02;4.196439e-02;1.157099e-01;1.974201e-01;8.678015e-02;1.286788e-01;6.278327e-02;6.494060e-02;3.112433e-02
4.780756e-02;3.885459e-02;7.040557e-02;2.831480e-02;6.700864e-02;1.122039e-01;1.320754e-01;1.207440e-01;1.908194e-01;5.009304e-02;1.054962e-01;3.617680e-02
6.580741e-02;3.767581e-02;6.939379e-02;3.527936e-02;1.068010e-01;9.079456e-02;6.567276e-02;1.334024e-01;1.873820e-01;2.025993e-02;1.446016e-01;4.292932e-02
6.315700e-02;3.060310e-02;6.521551e-02;4.220125e-02;1.051829e-01;8.702449e-02;5.942876e-02;1.631989e-01;1.128518e-01;6.025342e-02;1.713213e-01;3.956170e-02
5.018979e-02;2.749697e-02;6.398186e-02;4.660694e-02;6.980321e-02;1.288002e-01;9.868895e-02;1.453917e-01;6.597812e-02;1.235367e-01;1.454412e-01;3.408439e-02
5.215488e-02;2.498792e-02;5.937568e-02;5.293157e-02;4.856893e-02;1.793048e-01;1.270911e-01;1.109766e-01;5.597335e-02;1.767759e-01;7.025696e-02;4.160246e-02
3.895674e-02;3.798718e-02;3.834438e-02;7.607382e-02;4.820590e-02;1.926104e-01;1.458454e-01;7.201409e-02;3.591763e-02;2.009848e-01;5.151967e-02;6.153993e-02
2.929404e-02;5.246885e-02;2.781438e-02;9.314793e-02;4.030571e-02;1.554680e-01;1.651549e-01;6.161820e-02;4.556787e-02;1.774151e-01;4.628934e-02;1.054555e-01
1.890447e-02;6.658462e-02;3.672054e-02;1.010454e-01;3.554389e-02;1.023999e-01;2.085156e-01;5.592347e-02;2.793434e-02;1.517201e-01;4.025015e-02;1.544575e-01
1.771625e-02;7.326160e-02;4.304420e-02;9.252788e-02;3.522900e-02;7.084783e-02;2.143131e-01;3.302737e-02;6.639943e-02;1.331638e-01;4.734958e-02;1.731200e-01
1.811348e-02;6.702285e-02;5.873718e-02;7.229996e-02;3.825099e-02;8.184022e-02;1.987740e-01;4.599731e-02;1.183408e-01;1.039001e-01;3.508058e-02;1.616426e-01
1.423606e-02;5.883907e-02;5.845935e-02;5.385960e-02;3.933271e-02;9.707090e-02;1.929681e-01;3.212273e-02;1.597405e-01;9.477499e-02;7.329650e-02;1.252994e-01
1.845935e-02;5.261076e-02;5.638598e-02;5.479677e-02;2.217420e-02;9.801689e-02;2.094913e-01;2.657259e-02;1.742995e-01;1.223331e-01;7.533655e-02;8.952300e-02
1.613638e-02;4.461478e-02;6.706917e-02;6.405532e-02;3.290892e-02;9.475394e-02;2.121889e-01;4.187355e-02;1.460538e-01;1.170446e-01;8.502197e-02;7.827873e-02
1.875309e-02;4.732148e-02;8.000079e-02;7.402039e-02;5.194257e-02;7.667695e-02;2.169862e-01;4.708518e-02;9.093121e-02;8.957511e-02;1.331138e-01;7.359331e-02
2.731441e-02;6.068856e-02;8.037978e-02;6.262652e-02;5.819503e-02;8.535019e-02;2.155385e-01;5.407948e-02;5.190868e-02;6.656916e-02;1.717999e-01;6.554983e-02
2.911597e-02;7.148663e-02;6.643478e-02;3.708172e-02;5.141024e-02;7.604986e-02;1.916306e-01;5.992482e-02;3.582522e-02;1.075817e-01;2.017418e-01;7.171668e-02
3.297275e-02;7.167728e-02;5.994862e-02;2.605659e-02;4.937085e-02;5.498811e-02;1.420516e-01;6.687848e-02;5.219474e-02;1.608468e-01;1.737423e-01;1.092718e-01
2.926622e-02;6.179273e-02;5.969148e-02;3.377383e-02;3.995917e-02;4.961167e-02;1.605590e-01;4.704835e-02;7.081491e-02;1.429643e-01;1.438818e-01;1.606366e-01
3.314822e-02;4.325589e-02;6.348860e-02;5.788550e-02;2.959800e-02;7.721411e-02;1.903916e-01;4.533820e-02;5.353213e-02;1.174924e-01;1.421250e-01;1.465303e-01
3.335233e-02;3.388471e-02;7.734580e-02;6.032874e-02;5.393047e-02;8.216494e-02;1.887740e-01;6.787912e-02;5.961022e-02;1.332403e-01;1.077399e-01;1.017495e-01
5.221394e-02;3.749167e-02;1.092390e-01;4.966781e-02;8.239150e-02;1.028070e-01;1.334528e-01;8.886852e-02;7.703527e-02;1.217730e-01;6.184451e-02;8.321506e-02
7.520537e-02;4.240475e-02;1.394921e-01;5.144320e-02;8.679592e-02;1.241175e-01;1.304246e-01;5.808190e-02;5.714362e-02;8.284313e-02;7.313143e-02;7.891642e-02
7.388447e-02;4.512123e-02;1.273087e-01;3.841325e-02;7.028832e-02;1.054711e-01;1.800479e-01;4.709760e-02;6.557078e-02;9.422223e-02;9.140509e-02;6.116926e-02
6.341246e-02;4.968005e-02;1.371890e-01;3.277256e-02;8.709902e-02;7.422305e-02;1.926140e-01;5.659808e-02;6.787372e-02;1.266184e-01;8.367787e-02;2.824187e-02
6.477748e-02;5.383481e-02;1.316954e-01;4.852195e-02;9.567823e-02;7.716713e-02;1.903907e-01;6.090380e-02;6.583252e-02;1.120606e-01;7.929197e-02;1.984536e-02
7.339499e-02;6.133025e-02;1.050915e-01;6.174247e-02;1.250622e-01;7.785438e-02;1.831833e-01;5.713155e-02;6.760454e-02;7.554372e-02;9.465902e-02;1.740216e-02
9.693650e-02;6.545005e-02;9.071793e-02;4.319531e-02;1.470027e-01;7.389037e-02;1.921342e-01;6.627899e-02;5.902276e-02;4.445317e-02;1.059169e-01;1.500115e-02
1.185706e-01;8.039780e-02;9.854208e-02;5.331392e-02;1.717901e-01;5.370145e-02;1.640206e-01;5.998678e-02;5.037457e-02;2.969923e-02;9.878520e-02;2.081776e-02
1.334281e-01;8.127186e-02;1.150631e-01;5.379234e-02;1.936487e-01;4.433293e-02;1.388882e-01;5.577723e-02;4.601783e-02;2.655000e-02;7.420715e-02;3.702258e-02
1.380664e-01;6.672587e-02;1.201485e-01;5.852162e-02;1.927422e-01;5.853366e-02;1.544741e-01;6.898119e-02;2.977098e-02;3.215441e-02;3.350655e-02;4.637462e-02
1.359361e-01;6.122413e-02;1.034803e-01;6.696428e-02;1.919641e-01;4.273719e-02;1.579931e-01;8.332178e-02;4.554024e-02;4.337988e-02;2.653717e-02;4.092184e-02
1.317430e-01;5.579271e-02;1.050398e-01;5.380548e-02;2.163101e-01;6.285766e-02;1.263221e-01;8.200380e-02;5.166024e-02;4.156275e-02;3.589740e-02;3.700494e-02
1.176916e-01;5.132405e-02;1.156693e-01;6.384870e-02;2.205672e-01;6.675662e-02;1.038673e-01;9.143037e-02;3.932720e-02;3.212607e-02;5.419566e-02;4.319593e-02
1.030037e-01;6.743558e-02;9.636229e-02;3.638618e-02;1.827116e-01;5.433562e-02;1.343857e-01;1.119426e-01;4.830094e-02;4.177544e-02;8.131772e-02;4.204256e-02
8.860216e-02;7.301512e-02;1.257460e-01;5.202909e-02;1.049715e-01;5.356102e-02;1.572053e-01;9.252734e-02;8.844891e-02;3.789934e-02;8.843996e-02;3.755436e-02
6.790302e-02;8.590410e-02;1.819227e-01;6.277937e-02;7.044658e-02;8.946463e-02;1.144446e-01;7.888869e-02;1.303549e-01;4.286580e-02;4.918513e-02;2.584051e-02
3.130363e-02;8.646832e-02;2.169086e-01;7.394913e-02;5.857810e-02;9.386182e-02;8.042410e-02;6.338049e-02;1.086885e-01;7.352237e-02;6.713655e-02;4.577849e-02
2.339437e-02;4.674597e-02;2.636061e-01;1.049175e-01;5.982545e-02;6.588610e-02;1.035667e-01;3.946115e-02;7.404787e-02;1.042667e-01;6.653117e-02;4.775088e-02
4.228431e-02;3.263626e-02;3.158602e-01;1.236899e-01;4.089181e-02;3.859579e-02;1.150976e-01;3.404302e-02;5.536381e-02;9.565610e-02;5.619021e-02;4.969104e-02
4.315213e-02;3.326533e-02;2.978068e-01;1.035861e-01;4.478990e-02;2.871581e-02;8.201832e-02;3.878057e-02;6.068410e-02;8.253288e-02;1.012741e-01;8.339411e-02
3.687352e-02;2.063299e-02;2.611953e-01;1.108233e-01;8.361700e-02;3.216480e-02;4.692558e-02;3.990107e-02;5.562198e-02;6.735960e-02;1.463574e-01;9.852745e-02
2.590070e-02;1.076861e-02;2.173758e-01;1.483680e-01;1.310086e-01;3.726151e-02;3.316392e-02;3.436760e-02;3.810695e-02;5.582403e-02;1.807472e-01;8.710714e-02
2.101060e-02;1.053467e-02;1.841134e-01;1.665861e-01;1.720198e-01;4.961370e-02;3.886407e-02;2.908116e-02;2.496595e-02;4.712831e-02;1.913962e-01;6.468606e-02
1.376665e-02;1.325892e-02;1.727249e-01;1.679199e-01;1.860290e-01;7.037669e-02;4.769876e-02;2.840141e-02;1.765733e-02;3.474138e-02;2.019872e-01;4.543772e-02
1.649691e-02;2.541799e-02;1.626320e-01;1.668586e-01;1.745874e-01;8.494221e-02;5.967120e-02;3.138290e-02;1.505675e-02;2.454971e-02;2.117831e-01;2.662122e-02
2.471379e-02;3.184846e-02;1.558034e-01;1.507554e-01;1.600249e-01;8.752961e-02;7.501505e-02;3.142489e-02;2.613926e-02;4.090202e-02;1.901212e-01;2.572205e-02
2.822092e-02;3.715756e-02;1.340584e-01;1.242942e-01;1.608116e-01;8.886782e-02;1.015675e-01;2.580030e-02;3.605020e-02;4.996625e-02;1.696507e-01;4.355457e-02
2.235923e-02;4.012078e-02;8.971880e-02;9.005619e-02;1.922177e-01;7.689545e-02;1.297142e-01;2.926217e-02;4.361210e-02;5.841728e-02;1.704764e-01;5.714978e-02
2.049556e-02;4.241611e-02;1.085473e-01;1.436990e-01;1.308385e-01;1.002436e-01;8.600544e-02;9.370547e-02;6.546319e-02;9.668736e-02;8.967830e-02;2.222013e-02
3.136956e-02;4.161538e-02;9.639218e-02;1.596581e-01;1.553821e-01;9.060048e-02;6.158970e-02;9.959646e-02;7.229543e-02;5.338713e-02;1.160846e-01;2.202880e-02
3.405666e-02;3.955370e-02;1.255475e-01;1.300088e-01;1.531807e-01;7.280972e-02;7.049692e-02;7.652606e-02;8.141969e-02;3.513129e-02;1.511870e-01;3.008198e-02
2.291161e-02;3.010423e-02;1.822276e-01;1.180087e-01;1.284413e-01;7.171202e-02;6.220774e-02;4.328329e-02;8.032008e-02;5.151673e-02;1.601769e-01;4.908984e-02
2.320521e-02;3.653275e-02;2.432323e-01;1.215306e-01;1.124349e-01;7.497002e-02;6.369901e-02;3.786025e-02;6.403849e-02;6.124553e-02;1.074033e-01;5.384760e-02
2.144060e-02;5.662338e-02;2.568428e-01;1.222149e-01;1.478473e-01;6.600699e-02;6.984912e-02;5.350022e-02;5.452387e-02;5.345479e-02;6.620159e-02;3.149444e-02
2.082533e-02;5.887153e-02;2.749756e-01;1.352019e-01;1.729552e-01;5.985789e-02;5.737928e-02;5.011920e-02;2.867009e-02;3.858379e-02;8.436246e-02;1.819781e-02
1.623108e-02;4.869828e-02;3.029813e-01;1.554720e-01;1.642549e-01;6.988738e-02;3.429102e-02;4.697758e-02;1.908750e-02;3.248604e-02;7.866757e-02;3.096526e-02
1.473612e-02;4.478979e-02;3.189244e-01;1.413645e-01;1.375201e-01;6.766367e-02;3.659215e-02;6.012029e-02;3.064193e-02;4.234700e-02;7.247235e-02;3.282767e-02
1.700358e-02;4.499267e-02;3.361862e-01;1.419511e-01;1.307175e-01;6.303215e-02;2.267853e-02;7.339103e-02;2.704815e-02;4.048477e-02;7.687494e-02;2.563949e-02
3.503548e-02;5.607946e-02;2.850678e-01;1.467022e-01;1.398362e-01;5.877425e-02;4.578464e-02;6.988245e-02;2.304174e-02;3.014873e-02;7.329905e-02;3.634802e-02
6.919617e-02;6.343307e-02;1.551946e-01;1.125735e-01;1.745193e-01;8.421536e-02;1.007296e-01;5.618512e-02;3.513296e-02;2.665738e-02;6.268137e-02;5.948155e-02
5.759500e-02;6.498042e-02;1.603346e-01;1.441058e-01;1.735503e-01;9.454767e-02;1.031131e-01;5.134691e-02;2.185269e-02;1.555793e-02;7.042743e-02;4.258820e-02
3.033590e-02;1.013715e-01;1.909957e-01;1.683496e-01;1.650557e-01;1.014667e-01;8.624645e-02;5.681406e-02;1.056123e-02;8.577349e-03;6.661221e-02;1.361360e-02
1.540411e-02;1.057807e-01;2.050763e-01;1.542826e-01;1.451189e-01;1.327103e-01;1.115514e-01;5.076091e-02;1.219678e-02;1.055331e-02;4.757870e-02;8.985939e-03
1.035820e-02;5.065656e-02;2.289124e-01;1.388287e-01;1.315697e-01;1.589884e-01;1.518820e-01;4.651044e-02;1.330214e-02;1.881710e-02;3.826908e-02;1.190535e-02
2.177901e-02;2.002595e-02;2.740886e-01;1.183860e-01;9.763389e-02;1.306906e-01;1.647229e-01;5.055266e-02;3.435573e-02;3.276091e-02;3.614309e-02;1.886057e-02
4.094774e-02;8.887921e-02;2.865948e-01;7.192330e-02;5.408245e-02;6.887058e-02;1.644230e-01;8.301595e-02;5.373388e-02;4.271781e-02;2.579607e-02;1.901511e-02
2.807848e-02;1.168088e-01;2.908999e-01;6.892624e-02;5.555620e-02;8.160865e-02;1.920210e-01;6.795728e-02;3.729073e-02;3.962762e-02;1.350327e-02;7.721903e-03
2.609296e-02;1.060809e-01;3.001435e-01;8.200745e-02;7.127935e-02;7.677329e-02;1.622213e-01;6.858889e-02;4.323418e-02;3.788478e-02;1.543844e-02;1.025498e-02
5.241599e-02;1.904128e-01;2.216741e-01;7.820105e-02;7.391228e-02;7.798076e-02;1.034324e-01;7.984090e-02;5.170078e-02;3.008705e-02;2.151462e-02;1.882716e-02
8.730098e-02;2.502681e-01;1.526905e-01;6.633621e-02;6.846737e-02;7.754586e-02;1.026000e-01;7.776242e-02;4.805267e-02;2.540572e-02;2.446518e-02;1.910495e-02
1.451356e-01;1.964376e-01;1.311057e-01;4.855343e-02;6.438415e-02;5.614327e-02;1.453565e-01;7.113478e-02;4.942101e-02;2.475204e-02;3.166356e-02;3.591244e-02
1.604324e-01;1.281519e-01;8.843791e-02;5.084644e-02;6.662286e-02;6.070431e-02;2.017039e-01;9.464248e-02;3.629417e-02;3.267277e-02;3.294818e-02;4.654274e-02
1.423470e-01;7.016753e-02;6.193390e-02;5.663593e-02;7.930599e-02;1.056378e-01;2.150606e-01;8.525867e-02;4.440013e-02;3.964006e-02;4.575017e-02;5.386216e-02
1.207028e-01;1.063706e-01;1.123004e-01;5.273371e-02;5.991919e-02;1.191767e-01;1.876512e-01;4.636766e-02;4.751346e-02;2.986740e-02;5.237303e-02;6.502389e-02
9.436138e-02;1.218215e-01;1.584614e-01;5.538119e-02;7.563125e-02;1.304593e-01;1.387212e-01;3.449009e-02;3.949855e-02;4.166644e-02;5.284327e-02;5.666444e-02
9.273753e-02;5.045032e-02;2.333429e-01;5.966038e-02;7.273287e-02;1.213287e-01;1.075394e-01;4.537184e-02;3.135220e-02;5.805579e-02;7.009001e-02;5.733812e-02
1.060595e-01;3.410042e-02;1.890551e-01;8.534864e-02;9.288933e-02;9.658413e-02;1.314172e-01;2.719105e-02;3.073005e-02;5.533791e-02;9.268955e-02;5.859704e-02
1.013434e-01;5.304520e-02;1.057340e-01;9.965219e-02;1.195915e-01;9.823868e-02;1.419557e-01;4.682236e-02;4.728370e-02;6.947243e-02;7.554483e-02;4.131603e-02
8.557973e-02;6.772070e-02;8.552738e-02;8.084776e-02;1.190553e-01;1.245155e-01;1.598274e-01;6.411638e-02;6.093863e-02;6.948533e-02;5.182391e-02;3.056203e-02
7.134536e-02;5.623783e-02;8.892787e-02;5.332751e-02;1.106340e-01;1.163382e-01;2.238588e-01;6.510782e-02;5.877887e-02;5.986506e-02;5.068422e-02;4.489444e-02
6.911736e-02;5.074648e-02;1.077125e-01;3.999487e-02;8.876565e-02;8.474550e-02;3.062055e-01;6.032040e-02;4.233593e-02;5.044285e-02;4.222789e-02;5.738504e-02
4.758539e-02;6.065711e-02;1.094835e-01;3.912072e-02;7.574864e-02;8.269995e-02;2.862963e-01;5.425620e-02;4.616463e-02;5.591175e-02;6.796164e-02;7.411416e-02
