1.469382e-01;1.619931e-01;1.727141e-01;4.141120e-02;5.577394e-02;4.642498e-02;6.659162e-02;3.867794e-02;5.692489e-02;1.037408e-01;4.703111e-02;6.177813e-02
1.245487e-01;1.228410e-01;2.928721e-01;7.162952e-02;5.215939e-02;2.708190e-02;6.634291e-02;2.697003e-02;4.432495e-02;7.905471e-02;4.012001e-02;5.205481e-02
9.603129e-02;1.058051e-01;3.122483e-01;9.269556e-02;4.939033e-02;3.024488e-02;6.260297e-02;2.629721e-02;4.404128e-02;9.937443e-02;3.354348e-02;4.772516e-02
1.089932e-01;1.728278e-01;1.961180e-01;9.372962e-02;3.922210e-02;5.287149e-02;4.469134e-02;3.120383e-02;6.815186e-02;8.982906e-02;3.909803e-02;6.326361e-02
1.283822e-01;2.012673e-01;2.232191e-01;6.366999e-02;3.424939e-02;6.104192e-02;2.758945e-02;2.618015e-02;1.005462e-01;3.684773e-02;2.848937e-02;6.851719e-02
1.670457e-01;2.008060e-01;1.555819e-01;4.340399e-02;2.802023e-02;5.772079e-02;5.141576e-02;2.938562e-02;1.104623e-01;3.847936e-02;3.823091e-02;7.944749e-02
1.978067e-01;1.620368e-01;1.452885e-01;2.965717e-02;2.839643e-02;4.494465e-02;7.609205e-02;3.915342e-02;9.159474e-02;4.651384e-02;5.664337e-02;8.187231e-02
2.077266e-01;1.007212e-01;1.385569e-01;3.184229e-02;3.504575e-02;3.808470e-02;1.118576e-01;5.131473e-02;6.029608e-02;5.454062e-02;8.546577e-02;8.454773e-02
1.737388e-01;6.012354e-02;1.113139e-01;5.622289e-02;4.380003e-02;4.348473e-02;1.532668e-01;5.735847e-02;4.092198e-02;6.624407e-02;8.631721e-02;1.072076e-01
1.280801e-01;3.723958e-02;8.214650e-02;1.067281e-01;4.443634e-02;7.562684e-02;1.410852e-01;7.175423e-02;6.994162e-02;1.085271e-01;7.093766e-02;6.349666e-02
1.178513e-01;6.742894e-02;7.262412e-02;1.087134e-01;6.881229e-02;8.450329e-02;9.421410e-02;5.760062e-02;9.579829e-02;1.387245e-01;7.774795e-02;1.598113e-02
1.006724e-01;5.255556e-02;8.674627e-02;7.310624e-02;9.941775e-02;6.305540e-02;8.460275e-02;5.130930e-02;1.214245e-01;1.391311e-01;8.273612e-02;4.524260e-02
8.355407e-02;4.476042e-02;9.860908e-02;3.859917e-02;1.047528e-01;6.653301e-02;1.200731e-01;5.845410e-02;9.875538e-02;1.298950e-01;6.363840e-02;9.237551e-02
5.419315e-02;5.172166e-02;1.023307e-01;3.684226e-02;7.137550e-02;5.155623e-02;1.324534e-01;6.419533e-02;1.351749e-01;1.326079e-01;1.047161e-01;6.283288e-02
7.033120e-02;5.955987e-02;1.229795e-01;6.261789e-02;7.846784e-02;4.843476e-02;9.133224e-02;7.291383e-02;1.216927e-01;1.079139e-01;1.253113e-01;3.844493e-02
8.482206e-02;5.140398e-02;1.184335e-01;7.416705e-02;6.366121e-02;6.031615e-02;5.671322e-02;1.123757e-01;9.233639e-02;8.164021e-02;1.318799e-01;7.225078e-02
8.389929e-02;4.987588e-02;8.174576e-02;5.070331e-02;8.130742e-02;5.006419e-02;5.918122e-02;1.031481e-01;1.322037e-01;1.351472e-01;9.565804e-02;7.706591e-02
6.061984e-02;6.934715e-02;7.076755e-02;4.477736e-02;9.352757e-02;3.759716e-02;7.473154e-02;8.762338e-02;1.288271e-01;1.674633e-01;3.995300e-02;1.247650e-01
6.627455e-02;6.571458e-02;1.297158e-01;7.498968e-02;7.866109e-02;5.219401e-02;8.072048e-02;7.302152e-02;7.712609e-02;1.492430e-01;3.543096e-02;1.169082e-01
8.034067e-02;1.072254e-01;1.834116e-01;8.424029e-02;8.285051e-02;5.974399e-02;6.865008e-02;7.825878e-02;3.885598e-02;8.513854e-02;7.166503e-02;5.961915e-02
1.130220e-01;1.167487e-01;1.362220e-01;6.492706e-02;7.553130e-02;6.570911e-02;8.071782e-02;6.363703e-02;3.153630e-02;7.678124e-02;1.006216e-01;7.454582e-02
1.583829e-01;7.168493e-02;1.183360e-01;6.379031e-02;6.973494e-02;5.432102e-02;1.626704e-01;3.990744e-02;5.631170e-02;6.686290e-02;7.436863e-02;6.362893e-02
1.712712e-01;8.094890e-02;1.346520e-01;5.826857e-02;6.525522e-02;5.200709e-02;1.598196e-01;3.963892e-02;5.504155e-02;6.667288e-02;5.527357e-02;6.115048e-02
1.232537e-01;4.977493e-02;2.765687e-01;5.949495e-02;6.221604e-02;3.355572e-02;1.180131e-01;3.513111e-02;4.079379e-02;9.313031e-02;6.357413e-02;4.449357e-02
7.038342e-02;4.613401e-02;3.839151e-01;4.622885e-02;5.228624e-02;3.052880e-02;8.136496e-02;3.142875e-02;5.022899e-02;1.053255e-01;5.955328e-02;4.262211e-02
4.732148e-02;9.486103e-02;3.773986e-01;3.195703e-02;3.607029e-02;3.748570e-02;5.866582e-02;3.745037e-02;7.516762e-02;9.774692e-02;4.404986e-02;6.182530e-02
3.207351e-02;1.175275e-01;3.469293e-01;3.342613e-02;1.649885e-02;4.626963e-02;4.003910e-02;4.756040e-02;8.772825e-02;1.012146e-01;5.340908e-02;7.732353e-02
2.138666e-02;1.089063e-01;3.556272e-01;2.649524e-02;1.090905e-02;4.780062e-02;3.479916e-02;4.205911e-02;7.281253e-02;1.089336e-01;8.504412e-02;8.522648e-02
2.498119e-02;9.626149e-02;3.786960e-01;2.439552e-02;1.286874e-02;4.468122e-02;4.443166e-02;3.338391e-02;5.583093e-02;1.013536e-01;9.943277e-02;8.368302e-02
2.952525e-02;9.127977e-02;4.056233e-01;3.735778e-02;2.641246e-02;3.933650e-02;6.167638e-02;2.630608e-02;4.190563e-02;9.934090e-02;8.199697e-02;5.923897e-02
5.977352e-02;8.559475e-02;4.217369e-01;5.095990e-02;3.783920e-02;2.917165e-02;7.029007e-02;2.317863e-02;2.737782e-02;1.037741e-01;6.354026e-02;2.676314e-02
7.609258e-02;5.759656e-02;4.044792e-01;6.228299e-02;4.438688e-02;2.044340e-02;6.624077e-02;4.072272e-02;2.078748e-02;9.338852e-02;7.854541e-02;3.503349e-02
5.531743e-02;3.891528e-02;3.339143e-01;9.141339e-02;6.363843e-02;2.824050e-02;5.861761e-02;6.724405e-02;1.707030e-02;6.023382e-02;1.290924e-01;5.630251e-02
6.359065e-02;6.465507e-02;2.584291e-01;9.286254e-02;8.115590e-02;3.442441e-02;4.317404e-02;8.566092e-02;2.838260e-02;4.871304e-02;1.313639e-01;6.758785e-02
1.272516e-01;9.537537e-02;2.049757e-01;6.144311e-02;7.916955e-02;3.255525e-02;3.922214e-02;8.148574e-02;5.000297e-02;4.240670e-02;1.046752e-01;8.143666e-02
1.225931e-01;7.497986e-02;2.111345e-01;4.965094e-02;6.189322e-02;3.686192e-02;7.737035e-02;6.584347e-02;4.603411e-02;4.319516e-02;1.057356e-01;1.047077e-01
1.292999e-01;5.200763e-02;2.536460e-01;5.608958e-02;3.559210e-02;3.946826e-02;1.030185e-01;3.793181e-02;3.776019e-02;5.178373e-02;9.313862e-02;1.102637e-01
1.343066e-01;7.465166e-02;1.649465e-01;6.485983e-02;7.859260e-02;4.602161e-02;6.556819e-02;4.056109e-02;6.226904e-02;5.327579e-02;1.185431e-01;9.640394e-02
2.180275e-01;9.336713e-02;1.151077e-01;3.452147e-02;7.556073e-02;4.856952e-02;6.256568e-02;2.125713e-02;8.686406e-02;4.882025e-02;1.109585e-01;8.438034e-02
2.902813e-01;9.577832e-02;7.329448e-02;1.700335e-02;6.757610e-02;5.298590e-02;8.265116e-02;7.213902e-03;1.013867e-01;4.122436e-02;9.786077e-02;7.274360e-02
2.708063e-01;7.452635e-02;7.954083e-02;2.136160e-02;7.795421e-02;5.307160e-02;6.689758e-02;9.090530e-03;1.339502e-01;3.356595e-02;8.556758e-02;9.366728e-02
1.954181e-01;4.026029e-02;1.061948e-01;4.282969e-02;9.970177e-02;4.896429e-02;4.645775e-02;2.673922e-02;1.658892e-01;2.439584e-02;7.148888e-02;1.316600e-01
1.394388e-01;3.656020e-02;1.472210e-01;5.890527e-02;9.838057e-02;4.126162e-02;4.791055e-02;5.179242e-02;1.517925e-01;2.612530e-02;7.158779e-02;1.290240e-01
9.540205e-02;5.507215e-02;1.774132e-01;7.040678e-02;8.334216e-02;3.937082e-02;5.060444e-02;6.553289e-02;1.288312e-01;5.183826e-02;8.459501e-02;9.759103e-02
7.091556e-02;7.554372e-02;2.218671e-01;5.247805e-02;7.741622e-02;4.593654e-02;5.709330e-02;7.224939e-02;7.187110e-02;8.432756e-02;1.013068e-01;6.899461e-02
6.392796e-02;6.813215e-02;1.588994e-01;5.523561e-02;1.002206e-01;4.334860e-02;7.811949e-02;1.027862e-01;5.734083e-02;8.131925e-02;7.179867e-02;1.188713e-01
7.696397e-02;5.285148e-02;1.420296e-01;6.948419e-02;1.202136e-01;7.011483e-02;5.154037e-02;7.737730e-02;8.083749e-02;1.069875e-01;8.000915e-02;7.159057e-02
5.958065e-02;6.308708e-02;1.404893e-01;5.649022e-02;1.146385e-01;7.733744e-02;8.421584e-02;5.732881e-02;1.128615e-01;9.957895e-02;7.248100e-02;6.191073e-02
7.157481e-02;8.636405e-02;1.049645e-01;5.917084e-02;1.095193e-01;7.086669e-02;1.145701e-01;5.480643e-02;8.794014e-02;1.116084e-01;6.068440e-02;6.793030e-02
5.283225e-02;7.652179e-02;1.116692e-01;5.998355e-02;1.060493e-01;6.130245e-02;1.045662e-01;3.962905e-02;1.207726e-01;1.361722e-01;6.380925e-02;6.669205e-02
6.386979e-02;8.362250e-02;1.254601e-01;6.509534e-02;8.749799e-02;5.460485e-02;7.650521e-02;5.118934e-02;1.374741e-01;1.292241e-01;4.491992e-02;8.053668e-02
6.225991e-02;7.278137e-02;1.266479e-01;5.023633e-02;6.572104e-02;4.067600e-02;8.613027e-02;1.002224e-01;1.374407e-01;1.334505e-01;5.647080e-02;6.796274e-02
1.342220e-01;7.450783e-02;1.640013e-01;4.415142e-02;6.072014e-02;5.568363e-02;1.095832e-01;9.082386e-02;8.554638e-02;8.050352e-02;5.615167e-02;4.410509e-02
1.608350e-01;9.449089e-02;1.545771e-01;3.846363e-02;5.785047e-02;5.680888e-02;1.225226e-01;5.240656e-02;9.332457e-02;7.230212e-02;5.088163e-02;4.553660e-02
1.611015e-01;8.839618e-02;1.459932e-01;3.333659e-02;7.373626e-02;5.579447e-02;9.053499e-02;3.813757e-02;1.137191e-01;6.970061e-02;6.198247e-02;6.756719e-02
1.286875e-01;5.258224e-02;1.670154e-01;8.908985e-02;8.026786e-02;3.831130e-02;3.447421e-02;6.105075e-02;1.018742e-01;6.583248e-02;1.003230e-01;8.049123e-02
6.670275e-02;6.219453e-02;2.640181e-01;1.189781e-01;4.586894e-02;1.742039e-02;4.476950e-02;6.772020e-02;4.062777e-02;7.551722e-02;1.219690e-01;7.421344e-02
5.610201e-02;5.982422e-02;4.176224e-01;9.249016e-02;2.246662e-02;8.077353e-03;5.602921e-02;3.324466e-02;1.703231e-02;9.381516e-02;8.830231e-02;5.499358e-02
7.231059e-02;6.594878e-02;4.726809e-01;6.203699e-02;2.122631e-02;1.187552e-02;6.752517e-02;1.752934e-02;1.705152e-02;1.042585e-01;4.758025e-02;3.997614e-02
8.258303e-02;7.010964e-02;4.761525e-01;4.914193e-02;2.622285e-02;1.607974e-02;7.533963e-02;2.226813e-02;1.970419e-02;1.136964e-01;2.916718e-02;1.953475e-02
6.852315e-02;5.154362e-02;4.395605e-01;5.101270e-02;3.491056e-02;3.743126e-02;8.366086e-02;2.281820e-02;2.835686e-02;1.169967e-01;3.419657e-02;3.098900e-02
5.747109e-02;5.371557e-02;3.785670e-01;4.905344e-02;3.331099e-02;6.929726e-02;6.860107e-02;2.589908e-02;5.889507e-02;1.094731e-01;3.988529e-02;5.583098e-02
7.265190e-02;1.048542e-01;3.090077e-01;4.229585e-02;2.763318e-02;7.879331e-02;6.183793e-02;3.484450e-02;7.870512e-02;9.198268e-02;2.974392e-02;6.764973e-02
9.534278e-02;1.300494e-01;2.820029e-01;4.375809e-02;2.429844e-02;6.330162e-02;6.809819e-02;3.465453e-02;6.953137e-02;8.415136e-02;4.966964e-02;5.514168e-02
7.910095e-02;1.340933e-01;3.282413e-01;4.535779e-02;3.137991e-02;6.006461e-02;6.894582e-02;2.699917e-02;6.333692e-02;6.964264e-02;5.087149e-02;4.196613e-02
6.635714e-02;1.021535e-01;3.886180e-01;3.961850e-02;3.190219e-02;5.875658e-02;6.598657e-02;2.100852e-02;4.885060e-02;7.996661e-02;4.049899e-02;5.628276e-02
3.256511e-02;5.765684e-02;4.377414e-01;3.932066e-02;4.347069e-02;5.024036e-02;1.010820e-01;2.510648e-02;2.877418e-02;1.008292e-01;5.630220e-02;2.691090e-02
7.039496e-02;3.543654e-02;4.055941e-01;3.700974e-02;4.243312e-02;5.289569e-02;7.604101e-02;2.887107e-02;5.287623e-02;9.015799e-02;6.685707e-02;4.143242e-02
8.437060e-02;9.329529e-02;3.576879e-01;3.082767e-02;3.476000e-02;5.440556e-02;7.199657e-02;2.826663e-02;7.462630e-02;5.179392e-02;6.714173e-02;5.082788e-02
6.170587e-02;9.716800e-02;4.285614e-01;4.363667e-02;3.030562e-02;5.048833e-02;5.403304e-02;2.101938e-02;5.676305e-02;5.577205e-02;5.159120e-02;4.895535e-02
2.789305e-02;4.718297e-02;5.625615e-01;4.144428e-02;4.110437e-02;2.714857e-02;6.930741e-02;1.679267e-02;1.453151e-02;8.499887e-02;3.733512e-02;2.969973e-02
2.930220e-02;3.279901e-02;5.912262e-01;4.968122e-02;4.844814e-02;1.769947e-02;6.198122e-02;9.334874e-03;1.414519e-02;9.773434e-02;3.268925e-02;1.495888e-02
2.900068e-02;2.815394e-02;5.820565e-01;5.545074e-02;4.787507e-02;2.020513e-02;6.884299e-02;1.567215e-02;1.439638e-02;9.742782e-02;3.116167e-02;9.756911e-03
4.390158e-02;2.787633e-02;4.607022e-01;8.780363e-02;6.275486e-02;3.243977e-02;6.463394e-02;4.490072e-02;1.741837e-02;7.153741e-02;6.075583e-02;2.527536e-02
6.510904e-02;6.821002e-02;2.682621e-01;1.189962e-01;8.820856e-02;4.735941e-02;7.511230e-02;7.517266e-02;2.070246e-02;2.713418e-02;9.343724e-02;5.229589e-02
4.765802e-02;9.400567e-02;2.523989e-01;1.316939e-01;1.028611e-01;4.264317e-02;6.473288e-02;8.209999e-02;9.012783e-03;1.846429e-02;1.021274e-01;5.230181e-02
2.177768e-02;9.279475e-02;2.807046e-01;1.471087e-01;1.294881e-01;3.901378e-02;4.004469e-02;7.325953e-02;2.658646e-02;2.090991e-02;9.355944e-02;3.475231e-02
3.537182e-02;6.353280e-02;2.554734e-01;1.167175e-01;1.509611e-01;5.385703e-02;6.071260e-02;4.524443e-02;6.606264e-02;1.875555e-02;6.151448e-02;7.179669e-02
5.913476e-02;3.727870e-02;2.061233e-01;5.871775e-02;1.567938e-01;7.127264e-02;1.142521e-01;3.696554e-02;9.702839e-02;1.893234e-02;4.454552e-02;9.895511e-02
6.513032e-02;3.734207e-02;2.430291e-01;4.198626e-02;1.403340e-01;7.015344e-02;1.129105e-01;4.519794e-02;7.238287e-02;2.810124e-02;6.275137e-02;8.068087e-02
6.855328e-02;5.137992e-02;3.013659e-01;7.220859e-02;1.348065e-01;5.959226e-02;4.716884e-02;5.885016e-02;2.624580e-02;4.015691e-02;8.327714e-02;5.639470e-02
5.084276e-02;4.040284e-02;3.306528e-01;9.423351e-02;9.490506e-02;4.268051e-02;9.523170e-02;5.607019e-02;3.523135e-02;3.679440e-02;6.893388e-02;5.402102e-02
4.997368e-02;2.541505e-02;2.999531e-01;1.086675e-01;1.126073e-01;5.918543e-02;8.151998e-02;3.961580e-02;4.484341e-02;4.275997e-02;8.614488e-02;4.931396e-02
6.399781e-02;2.761461e-02;2.259851e-01;1.013350e-01;1.533662e-01;8.662938e-02;1.052840e-01;3.498396e-02;5.734031e-02;4.527862e-02;6.899434e-02;2.919067e-02
6.482671e-02;4.316750e-02;8.844346e-02;4.519749e-02;8.306620e-02;5.971474e-02;7.852609e-02;8.617868e-02;1.287600e-01;1.293684e-01;1.101092e-01;8.264160e-02
6.280679e-02;3.501212e-02;5.871698e-02;2.791796e-02;4.599368e-02;3.847235e-02;6.991459e-02;9.340723e-02;1.590214e-01;1.640582e-01;1.491922e-01;9.548645e-02
6.047374e-02;3.708412e-02;9.237055e-02;2.851712e-02;3.238541e-02;2.776287e-02;5.175668e-02;8.604170e-02;1.491092e-01;1.794622e-01;1.528511e-01;1.021853e-01
1.236107e-01;7.043828e-02;1.830576e-01;6.305758e-02;4.077290e-02;3.352936e-02;6.018090e-02;4.581668e-02;8.092983e-02;1.248803e-01;9.260837e-02;8.111757e-02
1.326561e-01;8.169936e-02;2.427917e-01;7.720169e-02;4.950794e-02;4.184377e-02;1.057212e-01;2.687023e-02;4.008331e-02;7.382714e-02;5.334536e-02;7.445226e-02
1.051135e-01;5.187088e-02;2.907950e-01;7.559002e-02;3.969513e-02;4.494463e-02;1.645479e-01;2.289202e-02;2.054352e-02;5.672232e-02;5.039802e-02;7.688697e-02
6.966008e-02;6.246784e-02;2.916452e-01;4.644978e-02;4.066051e-02;3.193171e-02;2.238650e-01;2.136831e-02;5.175588e-02;5.055748e-02;7.131140e-02;3.832677e-02
4.227772e-02;9.666635e-02;2.670529e-01;4.136622e-02;4.992082e-02;3.198331e-02;2.420075e-01;1.706868e-02;8.094951e-02;3.649293e-02;6.403191e-02;3.018211e-02
4.545011e-02;7.980216e-02;2.893888e-01;5.135708e-02;5.894640e-02;3.756123e-02;2.253686e-01;2.269950e-02;7.966235e-02;4.550178e-02;3.034488e-02;3.391714e-02
5.203649e-02;3.869054e-02;3.011677e-01;5.371001e-02;7.763891e-02;4.499089e-02;1.955307e-01;2.953335e-02;5.410686e-02;5.584095e-02;6.370710e-02;3.304644e-02
5.812540e-02;8.112036e-02;2.259522e-01;7.051779e-02;7.823545e-02;3.473446e-02;1.733551e-01;4.031246e-02;5.951246e-02;6.478266e-02;7.284216e-02;4.050954e-02
1.373903e-01;1.134930e-01;1.737304e-01;9.714879e-02;5.130018e-02;4.635517e-02;1.231193e-01;3.183751e-02;6.340345e-02;7.574117e-02;4.674375e-02;3.973712e-02
1.999365e-01;1.258987e-01;1.282317e-01;1.191184e-01;3.528876e-02;7.583310e-02;1.203343e-01;1.867099e-02;3.743515e-02;7.978901e-02;1.547007e-02;4.399331e-02
2.095659e-01;1.035565e-01;9.771834e-02;1.057811e-01;7.402048e-02;9.800240e-02;8.271804e-02;3.195457e-02;4.250712e-02;5.690741e-02;4.207808e-02;5.519006e-02
1.587331e-01;5.392030e-02;1.813257e-01;7.733630e-02;9.074439e-02;1.041617e-01;4.316828e-02;4.423160e-02;7.067639e-02;4.312742e-02;6.910338e-02;6.347150e-02
7.845554e-02;7.514258e-02;1.799892e-01;1.315225e-01;8.929508e-02;7.165648e-02;3.771617e-02;7.640234e-02;5.309234e-02;4.577908e-02;9.702034e-02;6.392846e-02
3.682611e-02;5.068836e-02;2.401096e-01;1.802138e-01;6.079323e-02;4.402047e-02;4.271998e-02;1.039017e-01;2.970547e-02;4.952411e-02;1.217784e-01;3.971874e-02
3.134921e-02;2.610243e-02;3.910812e-01;1.671270e-01;4.009235e-02;2.463191e-02;4.336255e-02;7.640157e-02;3.126608e-02;4.187015e-02;1.043849e-01;2.233063e-02
3.727798e-02;4.378388e-02;4.649542e-01;1.246946e-01;2.607748e-02;1.272812e-02;4.644271e-02;3.948105e-02;4.419088e-02;6.282280e-02;7.671738e-02;2.082889e-02
5.947539e-02;6.490014e-02;4.571696e-01;9.358267e-02;2.900360e-02;1.360572e-02;5.869582e-02;4.808206e-02;3.744689e-02;7.225248e-02;5.085609e-02;1.492957e-02
8.215932e-02;6.829746e-02;3.832411e-01;9.173770e-02;3.441710e-02;1.794227e-02;6.540912e-02;5.835846e-02;4.459136e-02;8.493385e-02;5.238205e-02;1.653030e-02
8.141433e-02;4.389300e-02;2.893304e-01;9.894549e-02;3.609996e-02;2.568443e-02;9.604331e-02;5.470342e-02;6.422959e-02;9.175255e-02;6.044268e-02;5.746087e-02
1.198359e-01;8.249793e-02;2.211004e-01;5.980510e-02;4.524410e-02;2.910338e-02;1.179897e-01;2.838459e-02;7.169189e-02;6.445480e-02;8.378440e-02;7.610780e-02
1.557858e-01;1.143846e-01;1.802512e-01;5.805236e-02;5.224990e-02;4.024683e-02;1.276286e-01;2.126223e-02;6.017473e-02;5.533617e-02;7.103153e-02;6.359598e-02
1.488653e-01;1.451866e-01;1.926526e-01;5.721549e-02;4.347726e-02;4.493294e-02;1.071901e-01;2.669719e-02;7.245874e-02;4.948649e-02;5.939747e-02;5.243986e-02
1.692577e-01;1.370462e-01;2.196365e-01;4.909445e-02;3.490264e-02;3.982354e-02;1.011569e-01;4.295594e-02;7.472456e-02;3.304628e-02;5.900811e-02;3.934718e-02
2.398831e-01;9.614353e-02;1.506385e-01;3.201832e-02;3.660483e-02;2.889790e-02;1.513379e-01;6.504373e-02;5.534443e-02;2.707691e-02;8.814472e-02;2.886605e-02
2.635272e-01;5.834164e-02;1.053037e-01;2.416576e-02;3.282022e-02;1.967689e-02;2.297783e-01;8.855375e-02;3.699048e-02;3.458598e-02;8.074927e-02;2.550677e-02
2.326981e-01;3.481884e-02;9.308951e-02;1.992442e-02;2.540600e-02;8.207621e-03;3.015105e-01;9.004771e-02;1.863947e-02;5.209665e-02;8.172773e-02;4.183341e-02
1.888206e-01;2.514552e-02;6.082383e-02;2.538831e-02;2.747939e-02;1.497782e-02;3.841341e-01;6.838403e-02;2.433271e-02;5.377292e-02;6.878003e-02;5.796071e-02
1.449557e-01;2.654107e-02;7.487733e-02;3.789458e-02;2.810342e-02;1.829853e-02;4.693812e-01;4.402383e-02;2.393343e-02;4.100289e-02;3.135285e-02;5.963516e-02
1.186175e-01;2.487022e-02;8.654847e-02;6.245633e-02;3.275844e-02;1.589165e-02;4.822151e-01;5.363717e-02;2.351416e-02;3.454291e-02;2.549869e-02;3.944924e-02
9.728316e-02;4.409488e-02;1.988493e-01;7.556818e-02;4.123615e-02;2.119785e-02;3.593584e-01;4.593966e-02;2.096184e-02;4.337789e-02;2.589442e-02;2.623827e-02
7.604036e-02;5.651652e-02;1.744323e-01;7.925612e-02;7.155708e-02;2.853445e-02;3.181771e-01;4.052636e-02;4.367161e-02;5.564008e-02;3.549965e-02;2.014839e-02
8.009864e-02;4.564025e-02;1.669522e-01;5.590095e-02;7.098106e-02;4.761041e-02;3.020051e-01;4.036764e-02;5.393084e-02;5.153508e-02;4.550286e-02;3.947497e-02
5.839873e-02;5.255452e-02;2.179674e-01;4.891946e-02;6.539971e-02;5.009768e-02;3.007800e-01;3.471557e-02;4.253135e-02;5.244224e-02;3.844148e-02;3.775184e-02
5.219579e-02;6.530295e-02;1.109237e-01;6.120118e-02;1.114839e-01;5.812701e-02;3.138425e-01;4.244368e-02;3.421519e-02;5.579803e-02;4.054618e-02;5.391993e-02
7.776884e-02;4.551772e-02;3.163946e-01;6.151770e-02;9.969155e-02;5.107477e-02;1.112604e-01;2.876188e-02;3.115681e-02;5.541456e-02;5.368314e-02;6.775808e-02
9.464698e-02;6.555294e-02;2.594825e-01;4.797155e-02;6.819855e-02;4.043351e-02;1.524508e-01;4.332851e-02;3.723864e-02;7.234683e-02;6.468205e-02;5.366717e-02
9.777498e-02;5.800517e-02;1.812632e-01;3.523111e-02;7.642227e-02;5.578805e-02;1.996774e-01;3.985838e-02;5.222496e-02;8.606724e-02;6.802174e-02;4.966559e-02
6.485409e-02;5.709767e-02;1.613438e-01;4.891822e-02;7.674535e-02;6.330072e-02;1.490241e-01;4.810967e-02;7.999630e-02;1.064148e-01;7.366119e-02;7.053407e-02
7.808748e-02;6.974567e-02;1.044714e-01;8.136836e-02;8.064125e-02;5.337149e-02;1.196051e-01;6.160973e-02;8.750909e-02;9.681892e-02;7.799497e-02;8.877657e-02
7.020949e-02;5.452373e-02;1.646020e-01;8.760024e-02;7.163555e-02;4.488793e-02;1.182051e-01;6.383692e-02;9.318332e-02;7.578342e-02;5.797134e-02;9.756093e-02
1.313414e-01;6.295097e-02;1.992663e-01;6.866802e-02;4.862726e-02;3.488026e-02;7.120220e-02;7.055334e-02;8.836629e-02;7.348062e-02;6.264915e-02;8.801426e-02
1.317807e-01;9.258614e-02;2.248463e-01;4.771338e-02;5.642814e-02;4.362436e-02;5.892701e-02;5.433448e-02;6.131747e-02;7.051191e-02;9.266275e-02;6.526726e-02
6.381699e-02;6.904641e-02;2.307170e-01;5.868396e-02;6.276615e-02;7.384254e-02;8.014305e-02;7.804005e-02;5.037245e-02;7.432493e-02;8.883211e-02;6.941443e-02
4.271346e-02;5.250956e-02;1.931480e-01;6.260066e-02;8.632870e-02;6.467196e-02;1.617121e-01;9.786550e-02;7.538284e-02;5.085578e-02;4.947253e-02;6.273901e-02
7.382105e-02;8.275919e-02;1.487940e-01;4.106790e-02;7.474804e-02;5.185808e-02;1.760069e-01;1.045519e-01;9.269047e-02;6.966664e-02;5.227070e-02;3.176513e-02
1.282212e-01;1.186607e-01;1.477874e-01;4.553425e-02;5.758936e-02;3.668735e-02;1.392629e-01;8.649045e-02;7.981556e-02;5.528649e-02;4.753314e-02;5.713125e-02
1.064387e-01;1.268474e-01;9.457128e-02;3.850129e-02;6.874038e-02;5.916737e-02;1.174405e-01;4.172664e-02;5.770648e-02;7.320487e-02;7.611574e-02;1.395394e-01
6.893994e-02;1.178076e-01;1.142477e-01;1.747034e-02;7.027529e-02;7.915723e-02;8.716717e-02;6.383084e-02;3.721743e-02;1.088384e-01;7.310390e-02;1.619442e-01
6.717126e-02;1.199280e-01;1.065834e-01;3.375647e-02;5.013280e-02;6.457784e-02;1.161208e-01;6.137041e-02;1.194433e-01;8.860905e-02;6.362440e-02;1.086824e-01
1.347105e-01;1.513492e-01;1.168483e-01;4.028661e-02;3.163257e-02;4.285667e-02;1.148827e-01;7.559983e-02;1.011494e-01;5.133959e-02;7.572360e-02;6.362093e-02
1.448886e-01;1.550906e-01;1.041976e-01;3.649113e-02;4.160744e-02;3.729821e-02;1.318993e-01;1.039562e-01;6.977401e-02;5.206832e-02;7.644203e-02;4.628671e-02
1.173287e-01;1.200762e-01;1.089919e-01;4.676604e-02;5.017068e-02;4.506016e-02;1.404468e-01;1.087246e-01;7.827206e-02;6.676644e-02;8.517350e-02;3.222283e-02
1.491923e-01;8.669703e-02;7.908534e-02;8.300813e-02;5.794433e-02;6.250338e-02;1.198160e-01;6.479196e-02;1.054520e-01;7.444213e-02;7.224876e-02;4.481864e-02
