1.298341e-01;8.758967e-02;6.202145e-02;8.004152e-02;5.105577e-02;4.463957e-02;2.167184e-01;7.693654e-02;6.632502e-02;7.749783e-02;4.294085e-02;6.439926e-02
1.407799e-01;7.795718e-02;6.896197e-02;5.833567e-02;6.148380e-02;5.176805e-02;1.894560e-01;7.834487e-02;7.082966e-02;7.869477e-02;4.441887e-02;7.896917e-02
1.297097e-01;6.724837e-02;1.396596e-01;7.225803e-02;7.979996e-02;7.001524e-02;1.041011e-01;6.922500e-02;6.567769e-02;8.024064e-02;4.578897e-02;7.627571e-02
1.384551e-01;1.000694e-01;1.278389e-01;5.969353e-02;9.590917e-02;7.574277e-02;6.680238e-02;6.348682e-02;5.813775e-02;1.147486e-01;4.742947e-02;5.168612e-02
1.226545e-01;1.273585e-01;9.588248e-02;4.446683e-02;7.515229e-02;8.034964e-02;1.667930e-01;4.017251e-02;4.977695e-02;8.633290e-02;3.828458e-02;7.277575e-02
1.289051e-01;1.335351e-01;8.644468e-02;5.896449e-02;5.123055e-02;6.318947e-02;1.787495e-01;4.606446e-02;5.981396e-02;7.412374e-02;3.411604e-02;8.486288e-02
1.159498e-01;1.364617e-01;6.737892e-02;7.498848e-02;4.542637e-02;4.569389e-02;1.843444e-01;4.454191e-02;7.428592e-02;8.253544e-02;3.857793e-02;8.981533e-02
7.309760e-02;1.097423e-01;1.068470e-01;7.192745e-02;7.280356e-02;3.613660e-02;1.905153e-01;3.785746e-02;1.002792e-01;6.306679e-02;6.003846e-02;7.768823e-02
7.304507e-02;6.612192e-02;1.071532e-01;6.827335e-02;9.951302e-02;4.836577e-02;1.904949e-01;3.736484e-02;1.661772e-01;3.429258e-02;6.870245e-02;4.049568e-02
7.642642e-02;6.300982e-02;8.298288e-02;6.374355e-02;9.254481e-02;5.950376e-02;1.566380e-01;3.560998e-02;2.410134e-01;4.134412e-02;5.773369e-02;2.944962e-02
8.697018e-02;4.511467e-02;1.089299e-01;4.185262e-02;7.574438e-02;7.396699e-02;1.261803e-01;6.190095e-02;2.462904e-01;4.130035e-02;6.147883e-02;3.027044e-02
8.166920e-02;4.354468e-02;8.781280e-02;2.711684e-02;7.675906e-02;9.558047e-02;1.130573e-01;9.319496e-02;2.040389e-01;6.638391e-02;7.419099e-02;3.665093e-02
5.966878e-02;4.719308e-02;1.099586e-01;4.264073e-02;9.038267e-02;9.078969e-02;9.016275e-02;9.076551e-02;1.578051e-01;9.118710e-02;8.850849e-02;4.093745e-02
4.053371e-02;4.231920e-02;9.518293e-02;6.987374e-02;1.085995e-01;6.665111e-02;1.318582e-01;6.550269e-02;1.334685e-01;1.030545e-01;1.125850e-01;3.037102e-02
4.770894e-02;3.877568e-02;4.937348e-02;7.000300e-02;9.590865e-02;5.104405e-02;1.469696e-01;4.666224e-02;1.855593e-01;9.855848e-02;1.295481e-01;3.988845e-02
8.064897e-02;1.624844e-02;7.618082e-02;5.778111e-02;5.679848e-02;5.000919e-02;1.109177e-01;8.456948e-02;2.030621e-01;1.220969e-01;8.081548e-02;6.087122e-02
6.965745e-02;2.864186e-02;9.197852e-02;5.218556e-02;8.755607e-02;3.804518e-02;1.145321e-01;1.068556e-01;1.696764e-01;1.232056e-01;5.370557e-02;6.396015e-02
6.717592e-02;2.813410e-02;1.076917e-01;4.699171e-02;1.042744e-01;4.884968e-02;7.922762e-02;8.277746e-02;1.527175e-01;1.228022e-01;7.354717e-02;8.581050e-02
7.359066e-02;3.370833e-02;8.972243e-02;4.184074e-02;7.887359e-02;4.964477e-02;1.087862e-01;7.955103e-02;1.490073e-01;1.168008e-01;7.661842e-02;1.018557e-01
6.432942e-02;4.550567e-02;9.536855e-02;6.374807e-02;9.045897e-02;6.281737e-02;7.842158e-02;1.229781e-01;1.214584e-01;9.721322e-02;8.434396e-02;7.335673e-02
6.575134e-02;5.582199e-02;1.501342e-01;1.091668e-01;1.369281e-01;5.060171e-02;9.527794e-02;9.645990e-02;8.962516e-02;5.882681e-02;4.712936e-02;4.427671e-02
4.040937e-02;7.343536e-02;1.455061e-01;1.190519e-01;1.165797e-01;4.979468e-02;1.653631e-01;5.270661e-02;8.087429e-02;5.689608e-02;4.266451e-02;5.671827e-02
6.139208e-02;5.650670e-02;1.017040e-01;4.896027e-02;9.069708e-02;1.525505e-01;1.762243e-01;5.383380e-02;6.983636e-02;5.605411e-02;7.372829e-02;5.851252e-02
3.853416e-02;5.808329e-02;8.140784e-02;2.967810e-02;1.177740e-01;2.542627e-01;1.379269e-01;3.040443e-02;4.352822e-02;8.266059e-02;9.349994e-02;3.223982e-02
1.182811e-02;4.793287e-02;6.317348e-02;2.121252e-02;1.339156e-01;3.171132e-01;1.318664e-01;3.625770e-02;2.564168e-02;8.182166e-02;1.147490e-01;1.448780e-02
1.288799e-02;3.249655e-02;6.632415e-02;2.107079e-02;1.000554e-01;3.752437e-01;1.134812e-01;3.039646e-02;1.604970e-02;5.842650e-02;1.556771e-01;1.789042e-02
1.911575e-02;2.355530e-02;9.784721e-02;1.802243e-02;5.328271e-02;4.034618e-01;6.099530e-02;2.916292e-02;2.306120e-02;4.653516e-02;2.063321e-01;1.862817e-02
2.150257e-02;2.118559e-02;1.476249e-01;1.428670e-02;3.688376e-02;3.506119e-01;8.207095e-02;1.500672e-02;4.018558e-02;3.087269e-02;2.136092e-01;2.615939e-02
2.352915e-02;1.229282e-02;1.649599e-01;3.428982e-02;3.605647e-02;2.213821e-01;1.629940e-01;2.156694e-02;4.679995e-02;2.639070e-02;1.805663e-01;6.917173e-02
3.713492e-02;1.314266e-02;9.396512e-02;8.931391e-02;2.790571e-02;1.373513e-01;2.921700e-01;4.877155e-02;2.734939e-02;3.193144e-02;8.742595e-02;1.135380e-01
7.988054e-02;1.581437e-02;3.714651e-02;1.227808e-01;2.502077e-02;7.526579e-02;3.406888e-01;9.781933e-02;2.451024e-02;3.259495e-02;4.129232e-02;1.071856e-01
1.526427e-01;1.516511e-02;3.285861e-02;9.003211e-02;4.102581e-02;5.457198e-02;2.631487e-01;1.720281e-01;3.556430e-02;2.886432e-02;3.839402e-02;7.570432e-02
2.167150e-01;4.344514e-02;3.606231e-02;5.817938e-02;9.010556e-02;4.421344e-02;1.549889e-01;2.060066e-01;4.474943e-02;2.064933e-02;3.815661e-02;4.672833e-02
2.162434e-01;1.138564e-01;5.242946e-02;3.409681e-02;1.081194e-01;5.271433e-02;7.734209e-02;1.597420e-01;1.199353e-01;1.989850e-02;3.271568e-02;1.290660e-02
1.348297e-01;2.165427e-01;7.264348e-02;2.055923e-02;6.288376e-02;6.982162e-02;2.565411e-02;8.123036e-02;2.496487e-01;2.714561e-02;1.737699e-02;2.166379e-02
7.757469e-02;2.410978e-01;1.136083e-01;1.286082e-02;2.865352e-02;5.657311e-02;4.484897e-02;6.671669e-02;2.861496e-01;4.308265e-02;1.126666e-02;1.756712e-02
4.283630e-02;1.734303e-01;2.133430e-01;1.999676e-02;3.242957e-02;2.083225e-02;3.941460e-02;6.367317e-02;2.398593e-01;1.240182e-01;1.325772e-02;1.690885e-02
3.455429e-02;6.421467e-02;3.210610e-01;1.548723e-02;2.610993e-02;3.562363e-02;4.107587e-02;5.588932e-02;1.332559e-01;2.434452e-01;1.234159e-02;1.694141e-02
3.043805e-02;2.283794e-02;3.906349e-01;2.164292e-02;1.985797e-02;2.385454e-02;5.137438e-02;3.883381e-02;4.980587e-02;3.159778e-01;1.919784e-02;1.554396e-02
3.942631e-02;2.519305e-02;3.589012e-01;2.980722e-02;2.252155e-02;1.323372e-02;4.949697e-02;2.796220e-02;9.513986e-02;3.000752e-01;3.059947e-02;7.643207e-03
6.223543e-02;3.569816e-02;2.888689e-01;3.450861e-02;2.879333e-02;1.853281e-02;4.810837e-02;2.815912e-02;1.258091e-01;2.666895e-01;5.345804e-02;9.138551e-03
7.667311e-02;3.055184e-02;2.714740e-01;5.766418e-02;3.460468e-02;2.100712e-02;4.266296e-02;3.184820e-02;9.969725e-02;2.546842e-01;6.771503e-02;1.141736e-02
8.889335e-02;3.850966e-02;2.725390e-01;6.158150e-02;4.188471e-02;2.273922e-02;4.871067e-02;2.624045e-02;7.315444e-02;2.482567e-01;6.530521e-02;1.218505e-02
8.675285e-02;6.724086e-02;2.125348e-01;5.110866e-02;4.166810e-02;2.180326e-02;6.920012e-02;4.905920e-02;1.308302e-01;1.969060e-01;5.238661e-02;2.050930e-02
9.108703e-02;1.166348e-01;2.199205e-01;5.042410e-02;3.923145e-02;3.886912e-02;8.240204e-02;5.371947e-02;1.514202e-01;1.068232e-01;2.804608e-02;2.142190e-02
1.096738e-01;1.444118e-01;2.670686e-01;4.315399e-02;2.736677e-02;3.346515e-02;4.867435e-02;2.835387e-02;1.378046e-01;1.161312e-01;2.449055e-02;1.940532e-02
1.329273e-01;1.452795e-01;2.518663e-01;3.382560e-02;1.896945e-02;1.671847e-02;2.795618e-02;4.477262e-02;1.258533e-01;1.497111e-01;2.705963e-02;2.506049e-02
1.940588e-01;1.120121e-01;1.891194e-01;2.684249e-02;3.690317e-02;1.458906e-02;2.951424e-02;1.029334e-01;7.331792e-02;1.584922e-01;3.283659e-02;2.938060e-02
2.297975e-01;7.668073e-02;1.556634e-01;2.022278e-02;5.690070e-02;1.436877e-02;2.983692e-02;1.465776e-01;5.010329e-02;1.410618e-01;4.924097e-02;2.954554e-02
2.131933e-01;6.532823e-02;1.274967e-01;1.206099e-02;4.971649e-02;1.755748e-02;6.804078e-02;1.707944e-01;6.864862e-02;1.395214e-01;3.984120e-02;2.780043e-02
1.796567e-01;4.513419e-02;1.144374e-01;2.644196e-02;3.729592e-02;1.458350e-02;1.210435e-01;1.807930e-01;7.715651e-02;1.498290e-01;1.935870e-02;3.426965e-02
1.468671e-01;3.703867e-02;6.802418e-02;4.891746e-02;3.155166e-02;1.471442e-02;1.794218e-01;1.280693e-01;8.073778e-02;1.708587e-01;3.708424e-02;5.671472e-02
1.452485e-01;5.158640e-02;6.248074e-02;6.404211e-02;1.578976e-02;1.651000e-02;2.463469e-01;6.226533e-02;5.491254e-02;1.820736e-01;2.656297e-02;7.218114e-02
8.710513e-02;5.971901e-02;7.634668e-02;5.959138e-02;1.098460e-02;2.006277e-02;3.132251e-01;1.112321e-01;2.786206e-02;1.374018e-01;2.613688e-02;7.033252e-02
6.321764e-02;4.981602e-02;7.443962e-02;6.093680e-02;9.795392e-03;2.637664e-02;3.545385e-01;1.210354e-01;4.862380e-02;9.837610e-02;2.944197e-02;6.340207e-02
9.482948e-02;5.005922e-02;6.186604e-02;5.894890e-02;1.194685e-02;4.555652e-02;3.488126e-01;9.393210e-02;5.524634e-02;7.677350e-02;4.895859e-02;5.306990e-02
9.679745e-02;6.462032e-02;9.007689e-02;3.893537e-02;2.312434e-02;9.065186e-02;2.750390e-01;7.592908e-02;7.098572e-02;7.602625e-02;4.669882e-02;5.111483e-02
9.272388e-02;6.063809e-02;1.752876e-01;2.211610e-02;5.129983e-02;1.256381e-01;1.689410e-01;7.197006e-02;5.357188e-02;7.177188e-02;7.302495e-02;3.301659e-02
1.493811e-01;5.343248e-02;1.885626e-01;3.319043e-02;4.493707e-02;8.955465e-02;1.046625e-01;6.937724e-02;5.155217e-02;1.010390e-01;6.345081e-02;5.085995e-02
1.603392e-01;5.128105e-02;1.509571e-01;3.802096e-02;2.382655e-02;6.948964e-02;1.278600e-01;5.281468e-02;7.859579e-02;1.129319e-01;5.419234e-02;7.969076e-02
1.217202e-01;4.375416e-02;1.567702e-01;3.170474e-02;3.033366e-02;6.189699e-02;1.697332e-01;3.276904e-02;7.899787e-02;1.135251e-01;5.785952e-02;1.009353e-01
1.269071e-01;5.210026e-02;1.365635e-01;2.042456e-02;3.187438e-02;4.944780e-02;1.722396e-01;4.280007e-02;7.677102e-02;1.299496e-01;6.885791e-02;9.206434e-02
1.396127e-01;8.698539e-02;9.387419e-02;4.641112e-02;2.641241e-02;5.691832e-02;1.179729e-01;1.005106e-01;7.125603e-02;1.213613e-01;6.407311e-02;7.461194e-02
1.352894e-01;7.693351e-02;1.411297e-01;7.189337e-02;3.035370e-02;6.357841e-02;1.204835e-01;1.106991e-01;6.094860e-02;8.824832e-02;2.952251e-02;7.091980e-02
1.272553e-01;7.245725e-02;1.744168e-01;7.218795e-02;3.482015e-02;5.330900e-02;1.168159e-01;1.051536e-01;6.515370e-02;8.859903e-02;4.772733e-02;4.210404e-02
8.752344e-02;7.354648e-02;1.549392e-01;6.907452e-02;3.835042e-02;5.580356e-02;1.224793e-01;1.181907e-01;4.965076e-02;1.090216e-01;4.807309e-02;7.334698e-02
1.067659e-01;4.909041e-02;9.461565e-02;4.319688e-02;2.630908e-02;8.448951e-02;1.780063e-01;1.049411e-01;6.960471e-02;1.270394e-01;4.161725e-02;7.432389e-02
1.214608e-01;5.890705e-02;1.160659e-01;4.483018e-02;4.216988e-02;7.075845e-02;1.768446e-01;3.549204e-02;8.320716e-02;1.513031e-01;2.162567e-02;7.733510e-02
1.246427e-01;1.042065e-01;2.074213e-01;8.109160e-02;5.136281e-02;3.847503e-02;1.397534e-01;4.548716e-02;5.607598e-02;7.930477e-02;2.373863e-02;4.844017e-02
1.860656e-01;1.060603e-01;1.788297e-01;8.888860e-02;6.728821e-02;4.108677e-02;1.261775e-01;6.231927e-02;4.389239e-02;4.001750e-02;2.104166e-02;3.833250e-02
2.889315e-01;1.053157e-01;9.161497e-02;7.877467e-02;8.149226e-02;3.417597e-02;1.092549e-01;1.027014e-01;3.172220e-02;2.468649e-02;1.861156e-02;3.271829e-02
4.124668e-01;9.944878e-02;5.920872e-02;4.539001e-02;9.172130e-02;1.777286e-02;4.829906e-02;1.429026e-01;1.320079e-02;1.610038e-02;1.287232e-02;4.061638e-02
4.466693e-01;9.059796e-02;6.578520e-02;2.301467e-02;8.632529e-02;1.456579e-02;3.404013e-02;1.489279e-01;2.146657e-02;1.348381e-02;1.070746e-02;4.441592e-02
4.508579e-01;8.707523e-02;7.426528e-02;1.699239e-02;7.978836e-02;1.168225e-02;5.281408e-02;1.380361e-01;1.387706e-02;1.466863e-02;1.310060e-02;4.684209e-02
4.487508e-01;7.692215e-02;1.105186e-01;1.822818e-02;7.101369e-02;9.606014e-03;3.915170e-02;1.071160e-01;1.159311e-02;1.670672e-02;2.256266e-02;6.783031e-02
3.927575e-01;6.605452e-02;1.204392e-01;3.400631e-02;5.533627e-02;2.073847e-02;8.764948e-02;5.686860e-02;2.653313e-02;2.788540e-02;3.658835e-02;7.514273e-02
3.237754e-01;6.858390e-02;1.087737e-01;3.755262e-02;5.996731e-02;2.815917e-02;1.165249e-01;9.305931e-02;3.632281e-02;4.406484e-02;4.547885e-02;3.773724e-02
3.123488e-01;7.562315e-02;8.167354e-02;3.466686e-02;5.856685e-02;2.495004e-02;1.063993e-01;1.497343e-01;3.097272e-02;4.659890e-02;3.393382e-02;4.453167e-02
2.973079e-01;1.107966e-01;8.684196e-02;3.232633e-02;3.499194e-02;2.945830e-02;1.046894e-01;1.757872e-01;2.131687e-02;3.453618e-02;3.150589e-02;4.044135e-02
2.712300e-01;1.309542e-01;9.397482e-02;3.266419e-02;6.156300e-02;2.560335e-02;7.746480e-02;1.861851e-01;1.666956e-02;2.769493e-02;4.130732e-02;3.468864e-02
3.143469e-01;1.159934e-01;4.818661e-02;3.381951e-02;9.475379e-02;1.959595e-02;6.834387e-02;1.494544e-01;2.945017e-02;4.109036e-02;3.891043e-02;4.605452e-02
3.718874e-01;1.080286e-01;7.392693e-02;3.318254e-02;1.029379e-01;1.662679e-02;4.739717e-02;9.919491e-02;2.474652e-02;4.110970e-02;2.363680e-02;5.732465e-02
3.655517e-01;9.272237e-02;9.589018e-02;4.777187e-02;8.587936e-02;3.106750e-02;3.154856e-02;9.063052e-02;2.683950e-02;4.109881e-02;3.408849e-02;5.691114e-02
2.970787e-01;7.915171e-02;1.000758e-01;5.610679e-02;6.003511e-02;4.121237e-02;7.005978e-02;9.827909e-02;4.920848e-02;5.681226e-02;4.488524e-02;4.709467e-02
2.715979e-01;4.626836e-02;8.772276e-02;5.471377e-02;4.614666e-02;4.200616e-02;9.356830e-02;1.107852e-01;6.774168e-02;7.963733e-02;5.109424e-02;4.871767e-02
2.838480e-01;6.832767e-02;8.578608e-02;6.405283e-02;4.986955e-02;3.775579e-02;6.865280e-02;1.350482e-01;2.723165e-02;6.359515e-02;5.111133e-02;6.472094e-02
1.015929e-01;1.186889e-01;2.759472e-01;6.892072e-02;5.827861e-02;5.464023e-02;6.202836e-02;8.850285e-02;6.303646e-02;4.679438e-02;2.945550e-02;3.211397e-02
8.203233e-02;1.646139e-01;3.073652e-01;6.915594e-02;4.516425e-02;5.246807e-02;6.933704e-02;3.591618e-02;1.073677e-01;3.559965e-02;2.002813e-02;1.095156e-02
1.107740e-01;2.272216e-01;2.610643e-01;5.122637e-02;3.101406e-02;5.346458e-02;4.092029e-02;1.288090e-02;1.703144e-01;2.285542e-02;1.195772e-02;6.306301e-03
1.240910e-01;2.688489e-01;1.986286e-01;2.983807e-02;1.367931e-02;4.871322e-02;1.919610e-02;1.922322e-02;2.458200e-01;1.982321e-02;6.670693e-03;5.467738e-03
1.329145e-01;2.585434e-01;1.675966e-01;1.802348e-02;1.173747e-02;3.231488e-02;1.641545e-02;2.573244e-02;3.091667e-01;1.885336e-02;4.634794e-03;4.067009e-03
1.638114e-01;2.324478e-01;1.237202e-01;1.210981e-02;9.137893e-03;3.162811e-02;2.473247e-02;4.280756e-02;3.173521e-01;3.073182e-02;5.295271e-03;6.225473e-03
1.972280e-01;2.243786e-01;8.549003e-02;1.402170e-02;1.266030e-02;2.792265e-02;3.477820e-02;6.759766e-02;2.747305e-01;4.164410e-02;1.121295e-02;8.335286e-03
2.119920e-01;2.064373e-01;9.061447e-02;1.115560e-02;1.476532e-02;1.929290e-02;4.573650e-02;1.009052e-01;2.244411e-01;5.109870e-02;1.378314e-02;9.777711e-03
2.197998e-01;1.971167e-01;7.872600e-02;1.227802e-02;1.634086e-02;1.935053e-02;5.925118e-02;1.175149e-01;1.772533e-01;5.716293e-02;2.587575e-02;1.932993e-02
1.655729e-01;1.651344e-01;8.703417e-02;2.061940e-02;2.606455e-02;2.072154e-02;8.343955e-02;1.386866e-01;1.474762e-01;6.685315e-02;5.020563e-02;2.819190e-02
1.028635e-01;1.584366e-01;1.395919e-01;3.155880e-02;3.806806e-02;2.619294e-02;5.910591e-02;1.310772e-01;1.719926e-01;5.404171e-02;6.111374e-02;2.595695e-02
9.538689e-02;1.875502e-01;1.358967e-01;3.200146e-02;2.631377e-02;2.892923e-02;4.411899e-02;7.702258e-02;2.633527e-01;5.296641e-02;4.083695e-02;1.562405e-02
5.570408e-02;2.235222e-01;1.267643e-01;3.878337e-02;9.719706e-03;2.843365e-02;2.923166e-02;3.648708e-02;3.931872e-01;3.278080e-02;1.587586e-02;9.510154e-03
6.230704e-02;2.277672e-01;9.246114e-02;3.844192e-02;7.075857e-03;2.951871e-02;2.243181e-02;3.227715e-02;4.451602e-01;2.651751e-02;7.531127e-03;8.510391e-03
7.973971e-02;2.110958e-01;9.209298e-02;4.370489e-02;6.262199e-03;3.383845e-02;1.586043e-02;3.363556e-02;4.420193e-01;3.088040e-02;4.930967e-03;5.939309e-03
9.984016e-02;2.117358e-01;1.105534e-01;4.966685e-02;6.801573e-03;3.549962e-02;1.355523e-02;2.966665e-02;4.095344e-01;2.246974e-02;3.469897e-03;7.206659e-03
1.304223e-01;1.945496e-01;1.351705e-01;4.810011e-02;1.001322e-02;3.447435e-02;1.459314e-02;4.083177e-02;3.534325e-01;1.745866e-02;8.091727e-03;1.286203e-02
1.403553e-01;1.346656e-01;1.401672e-01;4.022192e-02;1.556957e-02;3.382337e-02;3.661769e-02;5.054250e-02;3.534923e-01;1.754029e-02;1.851280e-02;1.849146e-02
9.952047e-02;7.940706e-02;1.202669e-01;4.182483e-02;1.427508e-02;3.062285e-02;3.535874e-02;4.819470e-02;4.418134e-01;3.453129e-02;2.965454e-02;2.453007e-02
3.872400e-02;1.083276e-01;1.009315e-01;4.601737e-02;1.745147e-02;3.502830e-02;2.192469e-02;3.980158e-02;4.995232e-01;4.441105e-02;2.898502e-02;1.887409e-02
8.405218e-02;1.378123e-01;1.010234e-01;4.606335e-02;1.725659e-02;3.999834e-02;2.332986e-02;4.080757e-02;4.195794e-01;4.988753e-02;2.320483e-02;1.698462e-02
1.406287e-01;1.186492e-01;1.372312e-01;6.014931e-02;2.732420e-02;5.586180e-02;3.872890e-02;6.019368e-02;2.604134e-01;3.832528e-02;2.011926e-02;4.237498e-02
1.410159e-01;1.207376e-01;1.502228e-01;7.725965e-02;4.675194e-02;5.457260e-02;6.429952e-02;5.967332e-02;1.637045e-01;4.674511e-02;2.611251e-02;4.890457e-02
9.980393e-02;1.469898e-01;1.465331e-01;6.148285e-02;5.275134e-02;4.284884e-02;6.909530e-02;5.944191e-02;2.146405e-01;5.270081e-02;2.411761e-02;2.959401e-02
4.792817e-02;1.347550e-01;1.440835e-01;7.599926e-02;5.539637e-02;3.381931e-02;5.914361e-02;5.897433e-02;2.652659e-01;5.547490e-02;3.630966e-02;3.284997e-02
4.252876e-02;1.082057e-01;1.708631e-01;7.653415e-02;5.393522e-02;3.709581e-02;7.239046e-02;4.749444e-02;2.793354e-01;3.577462e-02;4.362261e-02;3.221972e-02
5.822638e-02;9.525234e-02;1.434031e-01;5.906939e-02;6.240305e-02;4.730882e-02;1.163730e-01;6.251822e-02;2.218885e-01;3.765086e-02;5.235267e-02;4.355375e-02
6.308390e-02;1.100651e-01;1.902349e-01;5.548299e-02;6.176483e-02;6.372385e-02;1.274596e-01;7.353743e-02;6.235018e-02;9.077249e-02;5.916290e-02;4.236189e-02
4.093758e-02;1.565005e-01;1.808095e-01;5.088462e-02;3.666757e-02;5.343310e-02;8.376987e-02;5.532216e-02;1.783798e-01;8.888599e-02;4.426638e-02;3.014300e-02
5.549974e-02;2.045245e-01;1.384319e-01;4.167059e-02;1.207715e-02;3.541860e-02;3.417220e-02;5.857841e-02;3.037193e-01;7.041382e-02;3.338500e-02;1.210881e-02
9.783249e-02;1.709198e-01;1.074715e-01;2.401577e-02;1.562108e-02;1.777480e-02;4.378697e-02;1.469495e-01;2.840326e-01;4.595580e-02;3.246312e-02;1.317655e-02
1.431010e-01;1.056434e-01;8.801880e-02;1.281179e-02;2.799196e-02;2.082907e-02;1.048103e-01;2.153130e-01;1.918598e-01;3.365459e-02;3.555636e-02;2.040998e-02
1.535772e-01;6.712217e-02;6.344827e-02;1.648159e-02;4.118520e-02;2.453330e-02;1.697044e-01;2.207224e-01;1.444272e-01;3.038426e-02;3.914743e-02;2.926659e-02
1.348251e-01;8.163626e-02;7.819632e-02;2.521363e-02;4.792842e-02;2.421206e-02;1.782976e-01;1.479741e-01;1.815022e-01;2.597234e-02;3.334181e-02;4.090028e-02
2.035093e-01;1.012907e-01;1.140158e-01;2.176341e-02;4.508389e-02;1.782388e-02;1.143601e-01;1.268514e-01;1.534554e-01;3.299823e-02;2.564714e-02;4.320079e-02
2.464834e-01;1.221820e-01;1.050156e-01;1.695315e-02;5.193105e-02;1.153547e-02;6.583533e-02;1.779208e-01;1.256111e-01;1.879347e-02;1.938669e-02;3.835186e-02
2.957534e-01;1.318092e-01;9.816603e-02;1.325830e-02;5.891088e-02;1.448687e-02;5.770226e-02;1.763456e-01;8.798783e-02;1.677619e-02;1.512330e-02;3.368024e-02
3.480984e-01;1.101065e-01;5.032538e-02;1.123592e-02;6.837227e-02;1.662829e-02;4.898009e-02;1.595626e-01;9.521642e-02;2.994506e-02;1.609754e-02;4.543151e-02
3.708524e-01;8.999559e-02;4.635566e-02;1.197684e-02;6.862817e-02;1.533365e-02;4.152268e-02;1.549281e-01;1.042772e-01;2.984392e-02;1.615269e-02;5.013312e-02
3.467215e-01;9.434751e-02;1.137733e-01;1.359090e-02;5.948595e-02;1.395715e-02;4.376512e-02;1.470361e-01;7.465425e-02;2.073924e-02;2.302045e-02;4.890850e-02
3.400363e-01;1.199593e-01;1.079666e-01;2.073828e-02;5.544972e-02;1.563354e-02;4.788314e-02;1.165196e-01;6.904826e-02;3.761468e-02;2.415672e-02;4.499380e-02
3.788871e-01;1.353609e-01;7.107151e-02;1.705968e-02;5.391781e-02;1.252527e-02;4.685067e-02;9.217615e-02;7.484344e-02;4.470862e-02;1.943181e-02;5.316700e-02
4.276078e-01;1.242216e-01;6.251131e-02;1.824144e-02;4.522716e-02;1.423454e-02;4.143505e-02;7.996652e-02;7.735372e-02;3.302145e-02;1.611490e-02;6.006454e-02
4.095341e-01;1.002744e-01;7.718527e-02;2.964956e-02;2.812607e-02;2.644517e-02;4.108909e-02;7.713349e-02;8.581598e-02;2.520711e-02;1.721354e-02;8.232622e-02
3.382561e-01;7.886016e-02;6.761861e-02;4.521359e-02;2.758714e-02;3.027767e-02;5.244848e-02;1.072177e-01;8.948252e-02;3.266487e-02;3.161728e-02;9.875593e-02
2.731885e-01;1.083547e-01;5.359079e-02;3.455189e-02;4.107735e-02;2.961168e-02;9.855140e-02;1.328253e-01;6.730559e-02;4.262966e-02;5.091928e-02;6.739380e-02
2.689957e-01;1.035981e-01;3.483751e-02;2.441835e-02;4.652539e-02;3.917925e-02;1.199926e-01;1.380841e-01;6.088686e-02;4.367029e-02;6.250624e-02;5.730554e-02
2.677939e-01;1.222707e-01;5.699590e-02;2.878238e-02;4.420720e-02;5.603841e-02;8.328698e-02;1.126373e-01;6.977140e-02;6.228466e-02;5.295192e-02;4.297926e-02
2.373573e-01;1.486629e-01;4.585671e-02;2.684354e-02;6.508049e-02;7.251427e-02;6.843631e-02;9.559570e-02;6.818457e-02;6.361014e-02;5.447882e-02;5.337922e-02
2.478702e-01;1.610107e-01;4.772254e-02;3.641288e-02;5.654360e-02;6.048091e-02;6.636316e-02;1.032424e-01;4.372673e-02;6.002195e-02;5.236817e-02;6.423672e-02
2.802540e-01;1.419551e-01;2.862097e-02;3.657717e-02;4.042540e-02;4.772246e-02;8.034299e-02;1.314547e-01;7.228430e-02;4.854234e-02;3.142088e-02;6.039971e-02
3.022087e-01;1.153161e-01;3.535333e-02;2.862377e-02;3.111075e-02;4.336429e-02;7.903213e-02;1.339670e-01;9.874996e-02;5.072280e-02;3.380472e-02;4.774641e-02
3.270774e-01;1.084578e-01;5.705000e-02;3.528810e-02;3.248165e-02;2.686204e-02;6.908428e-02;1.037081e-01;9.021765e-02;6.441988e-02;3.314500e-02;5.220815e-02
3.017644e-01;9.002092e-02;7.058463e-02;3.312438e-02;3.306990e-02;3.982249e-02;6.893030e-02;9.989866e-02;8.656195e-02;6.802122e-02;3.869335e-02;6.950778e-02
2.497544e-01;1.004768e-01;7.289900e-02;4.832561e-02;3.426297e-02;5.997146e-02;6.512323e-02;9.286112e-02;7.907318e-02;6.534185e-02;6.295652e-02;6.895392e-02
5.850349e-02;9.049267e-02;1.351411e-01;9.084004e-02;3.041444e-02;6.361005e-02;8.904349e-02;7.527915e-02;9.855816e-02;7.850773e-02;8.859620e-02;1.010135e-01
2.170975e-01;1.124021e-01;1.309421e-01;9.124573e-02;3.000865e-02;3.321014e-02;6.710506e-02;5.232234e-02;7.950468e-02;4.845328e-02;4.361982e-02;9.408858e-02
2.933350e-01;1.672790e-01;1.532354e-01;5.475450e-02;4.018385e-02;1.624219e-02;4.102034e-02;5.142099e-02;5.834029e-02;5.293535e-02;1.888396e-02;5.236915e-02
2.772483e-01;2.361959e-01;1.788305e-01;2.858066e-02;3.109221e-02;1.160034e-02;3.893868e-02;4.088403e-02;4.340353e-02;7.841533e-02;1.391019e-02;2.090028e-02
2.520674e-01;3.018090e-01;1.621442e-01;9.826430e-03;1.595929e-02;1.123291e-02;4.255667e-02;2.974293e-02;4.964700e-02;1.028598e-01;1.413062e-02;8.023810e-03
2.293771e-01;3.305811e-01;1.243515e-01;2.581666e-02;5.462475e-03;2.890271e-02;3.157525e-02;2.303588e-02;8.800113e-02;9.616639e-02;8.700415e-03;8.029385e-03
1.860470e-01;3.213361e-01;1.401778e-01;4.596000e-02;4.945070e-03;7.046293e-02;1.758342e-02;1.949030e-02;1.232039e-01;6.022923e-02;4.421132e-03;6.143019e-03
1.421692e-01;2.555373e-01;2.426718e-01;4.603856e-02;1.554021e-02;7.932868e-02;2.114217e-02;2.652349e-02;1.040696e-01;5.181136e-02;6.049916e-03;9.117788e-03
1.025429e-01;1.531778e-01;3.577566e-01;5.092458e-02;3.491306e-02;3.795566e-02;3.569778e-02;2.518888e-02;7.823483e-02;1.017031e-01;1.592444e-02;5.980337e-03
7.820600e-02;4.870192e-02;3.424702e-01;1.162137e-01;5.448092e-02;2.439091e-02;4.681991e-02;2.429396e-02;8.045252e-02;1.177385e-01;5.609350e-02;1.013795e-02
5.155854e-02;3.133304e-02;2.039404e-01;2.198107e-01;7.781545e-02;4.906332e-02;3.277824e-02;5.493433e-02;7.568218e-02;7.987928e-02;1.018181e-01;2.138647e-02
3.487078e-02;3.642903e-02;1.768707e-01;2.118216e-01;1.516549e-01;4.691488e-02;3.943728e-02;5.278043e-02;5.123044e-02;6.047264e-02;8.720611e-02;5.031120e-02
3.233391e-02;1.680812e-02;1.130458e-01;1.486758e-01;2.513468e-01;7.894775e-02;5.753157e-02;3.295857e-02;8.970045e-02;4.796619e-02;4.751610e-02;8.316887e-02
4.488864e-02;1.915898e-02;1.260223e-01;6.277694e-02;2.474214e-01;1.680305e-01;7.385793e-02;3.743866e-02;1.112989e-01;2.799410e-02;1.289491e-02;6.821662e-02
6.753299e-02;1.764030e-02;1.345353e-01;3.792403e-02;1.267983e-01;2.392409e-01;1.192767e-01;7.872474e-02;6.704237e-02;6.969168e-02;1.614011e-02;2.545261e-02
6.710837e-02;1.136540e-02;7.449604e-02;7.110471e-02;7.143207e-02;2.709199e-01;1.755210e-01;7.916528e-02;2.996758e-02;1.158251e-01;1.629225e-02;1.680229e-02
4.429651e-02;1.914306e-02;6.241388e-02;1.131399e-01;5.333525e-02;2.532570e-01;2.365150e-01;4.709210e-02;1.985133e-02;1.210679e-01;1.531161e-02;1.457647e-02
4.226886e-02;3.146598e-02;5.029626e-02;1.287627e-01;5.728398e-02;2.330102e-01;3.063108e-01;2.205357e-02;2.808416e-02;7.516327e-02;1.348803e-02;1.181215e-02
6.112551e-02;4.300348e-02;4.976266e-02;1.031081e-01;7.295542e-02;2.021545e-01;3.173918e-01;4.037136e-02;3.126534e-02;4.415908e-02;1.392664e-02;2.077603e-02
6.078336e-02;4.929931e-02;1.188182e-01;7.965139e-02;8.687340e-02;1.670358e-01;2.484863e-01;5.392740e-02;3.323155e-02;5.518943e-02;1.605858e-02;3.064532e-02
5.046403e-02;5.641210e-02;1.388085e-01;6.125065e-02;1.011794e-01;1.457654e-01;2.078885e-01;6.247408e-02;4.371407e-02;8.498067e-02;1.703713e-02;3.002555e-02
8.069080e-02;3.549798e-02;7.878150e-02;8.614547e-02;7.731691e-02;1.109079e-01;2.690236e-01;5.374466e-02;5.512748e-02;1.043426e-01;2.000578e-02;2.841534e-02
6.441347e-02;3.734251e-02;1.069863e-01;1.088980e-01;9.466401e-02;1.021737e-01;2.851682e-01;4.788099e-02;4.474014e-02;6.074791e-02;1.910922e-02;2.787556e-02
6.175620e-02;5.171097e-02;1.308787e-01;1.346597e-01;1.207760e-01;1.153277e-01;2.280170e-01;4.012418e-02;3.036856e-02;4.686590e-02;9.843829e-03;2.967126e-02
9.864964e-02;6.084402e-02;1.105956e-01;1.625233e-01;1.585837e-01;1.242293e-01;1.210710e-01;4.655114e-02;3.755637e-02;4.879972e-02;8.474650e-03;2.212164e-02
1.236940e-01;3.696229e-02;7.599201e-02;1.528959e-01;1.842114e-01;1.295911e-01;1.057438e-01;3.803112e-02;4.580197e-02;6.563225e-02;1.969634e-02;2.174783e-02
1.103989e-01;2.453737e-02;9.053537e-02;9.930760e-02;1.498207e-01;1.101661e-01;1.151304e-01;7.711191e-02;7.743037e-02;1.036560e-01;2.495724e-02;1.694805e-02
7.872524e-02;3.677094e-02;1.164280e-01;1.258133e-01;1.132483e-01;8.261357e-02;9.864895e-02;1.043642e-01;9.431400e-02;9.253384e-02;3.184537e-02;2.469440e-02
6.301031e-02;3.877132e-02;1.216249e-01;1.418400e-01;1.011700e-01;1.032384e-01;1.596048e-01;9.518632e-02;6.720592e-02;5.023834e-02;3.120483e-02;2.690489e-02
4.452089e-02;2.850948e-02;1.773112e-01;1.483046e-01;1.213671e-01;9.170025e-02;1.823125e-01;6.553628e-02;3.474420e-02;4.142275e-02;3.982959e-02;2.444115e-02
2.010155e-02;2.285472e-02;2.758073e-01;2.362370e-01;1.072847e-01;6.332079e-02;1.101115e-01;4.240184e-02;2.064475e-02;2.695380e-02;5.493455e-02;1.934762e-02
1.122993e-02;1.215080e-02;3.989903e-01;2.869143e-01;6.955620e-02;4.497510e-02;5.017613e-02;1.814647e-02;1.623923e-02;2.224916e-02;5.718418e-02;1.218817e-02
2.043954e-02;1.347247e-02;4.959082e-01;2.296240e-01;5.433578e-02;5.097917e-02;2.987286e-02;1.600792e-02;2.489181e-02;2.057549e-02;4.001841e-02;3.874268e-03
2.377084e-02;2.598191e-02;5.211004e-01;1.568360e-01;5.065084e-02;4.741589e-02;5.512857e-02;1.534495e-02;3.008908e-02;3.272985e-02;3.422887e-02;6.722821e-03
3.138833e-02;5.913391e-02;4.532784e-01;1.458584e-01;4.854342e-02;4.775951e-02;8.653662e-02;1.056986e-02;3.657738e-02;4.123253e-02;3.042056e-02;8.701081e-03
8.254147e-02;1.163556e-01;2.985618e-01;1.738341e-01;5.445395e-02;5.446823e-02;8.786935e-02;1.601054e-02;4.158776e-02;3.331777e-02;2.469153e-02;1.630788e-02
1.005009e-01;1.168763e-01;3.465136e-01;1.593375e-01;6.213096e-02;4.426281e-02;3.966833e-02;2.128803e-02;3.725198e-02;3.218785e-02;2.269909e-02;1.728265e-02
8.253172e-02;9.995729e-02;2.508549e-01;1.344753e-01;8.190702e-02;5.235041e-02;1.033986e-01;3.688958e-02;4.736696e-02;4.339219e-02;4.519740e-02;2.167860e-02
5.940511e-02;3.276424e-02;3.620923e-01;1.140214e-01;6.792525e-02;7.333095e-02;8.859941e-02;4.636450e-02;3.448247e-02;4.772041e-02;4.143093e-02;3.186303e-02
6.352670e-02;5.872285e-02;3.980454e-01;1.205428e-01;5.354086e-02;6.011226e-02;7.679707e-02;4.046326e-02;3.838408e-02;3.463010e-02;2.760601e-02;2.762856e-02
5.683611e-02;7.603803e-02;3.780960e-01;1.114966e-01;6.766476e-02;5.504217e-02;9.961247e-02;4.017143e-02;3.400295e-02;3.409765e-02;2.225524e-02;2.468657e-02
6.727308e-02;5.638461e-02;3.144707e-01;1.120158e-01;7.392662e-02;5.406674e-02;1.071276e-01;7.327542e-02;3.209198e-02;5.976089e-02;2.778398e-02;2.182256e-02
9.039605e-02;6.742576e-02;2.269631e-01;1.065161e-01;1.014712e-01;5.758808e-02;1.022165e-01;9.347950e-02;3.359114e-02;7.284287e-02;1.975258e-02;2.775706e-02
7.293196e-02;6.144679e-02;2.352405e-01;1.089457e-01;9.189168e-02;6.472225e-02;9.517889e-02;9.636904e-02;4.303982e-02;5.671751e-02;3.868810e-02;3.482781e-02
6.999184e-02;4.805201e-02;2.048031e-01;1.221429e-01;1.190168e-01;5.577425e-02;8.681893e-02;7.180876e-02;5.470946e-02;7.371721e-02;4.794283e-02;4.522188e-02
7.736482e-02;5.335734e-02;1.977937e-01;9.230269e-02;1.277991e-01;6.342532e-02;1.244827e-01;4.833547e-02;5.055344e-02;7.546023e-02;5.155217e-02;3.757308e-02
7.089518e-02;4.615663e-02;1.938729e-01;5.961096e-02;9.963419e-02;7.593646e-02;1.724840e-01;5.638339e-02;4.900716e-02;4.049596e-02;6.188336e-02;7.363973e-02
5.546226e-02;1.908858e-02;1.789045e-01;7.338098e-02;8.345234e-02;6.840125e-02;1.647314e-01;5.927284e-02;6.407914e-02;8.351249e-02;8.586218e-02;6.385208e-02
3.985086e-02;1.830328e-02;2.229370e-01;7.580051e-02;6.425476e-02;4.521523e-02;1.376815e-01;4.380927e-02;4.694656e-02;1.647279e-01;9.407250e-02;4.640055e-02
2.888246e-02;2.662247e-02;2.769489e-01;5.948491e-02;3.699686e-02;1.944107e-02;9.079647e-02;3.158782e-02;6.934340e-02;2.589403e-01;7.394695e-02;2.700835e-02
3.026593e-02;5.998807e-02;2.361799e-01;3.005418e-02;2.649873e-02;2.289531e-02;4.214954e-02;3.233397e-02;1.921203e-01;2.661644e-01;3.741406e-02;2.393553e-02
3.420717e-02;1.005595e-01;1.626980e-01;2.492604e-02;2.808553e-02;5.004390e-02;3.018505e-02;3.324199e-02;3.001942e-01;1.731759e-01;3.188018e-02;3.080251e-02
5.896389e-02;1.341618e-01;1.601465e-01;3.810191e-02;3.093643e-02;7.238822e-02;3.557086e-02;2.655102e-02;3.063467e-01;8.334641e-02;2.715170e-02;2.633452e-02
1.056778e-01;1.676846e-01;1.541764e-01;4.345006e-02;2.520461e-02;7.377874e-02;3.781436e-02;1.980414e-02;2.701371e-01;6.099724e-02;1.734110e-02;2.393384e-02
1.666420e-01;1.775865e-01;1.255648e-01;3.694070e-02;1.768813e-02;5.408031e-02;3.418768e-02;3.492280e-02;2.365788e-01;8.092058e-02;1.169732e-02;2.319037e-02
2.126663e-01;1.963231e-01;1.203482e-01;2.881326e-02;1.341490e-02;3.381326e-02;3.186646e-02;3.195722e-02;2.099563e-01;8.994236e-02;1.256583e-02;1.833282e-02
2.343117e-01;2.322716e-01;1.404754e-01;3.179874e-02;1.267316e-02;2.718097e-02;2.410805e-02;1.680271e-02;1.955691e-01;6.225574e-02;1.045091e-02;1.210197e-02
2.437605e-01;2.760913e-01;1.517731e-01;3.324100e-02;1.267168e-02;2.845071e-02;2.129149e-02;1.831737e-02;1.703586e-01;2.576505e-02;7.274728e-03;1.100445e-02
2.485076e-01;2.761554e-01;1.625087e-01;2.803173e-02;1.034716e-02;3.047096e-02;2.936688e-02;3.019518e-02;1.039830e-01;6.372612e-02;5.896667e-03;1.081061e-02
2.778275e-01;2.364021e-01;1.548349e-01;1.782259e-02;1.236740e-02;3.762999e-02;5.807979e-02;4.104292e-02;7.421407e-02;6.882986e-02;6.662866e-03;1.428600e-02
2.983741e-01;1.849711e-01;1.212025e-01;1.278727e-02;2.180757e-02;5.600946e-02;7.160886e-02;7.781960e-02;7.778157e-02;3.090752e-02;1.753665e-02;2.919374e-02
2.561675e-01;1.250267e-01;1.374675e-01;1.857884e-02;2.339267e-02;6.336839e-02;6.729668e-02;1.128691e-01;9.512266e-02;4.423273e-02;1.998075e-02;3.649653e-02
1.728895e-01;9.372801e-02;1.351216e-01;2.969069e-02;1.762207e-02;5.793278e-02;1.039567e-01;1.131729e-01;1.187835e-01;7.692698e-02;2.967378e-02;5.050138e-02
1.680546e-01;9.372744e-02;1.019938e-01;2.336971e-02;1.486360e-02;5.997299e-02;1.391630e-01;7.658150e-02;1.402551e-01;8.209881e-02;3.117653e-02;6.874292e-02
2.624637e-01;8.424877e-02;6.549633e-02;2.397809e-02;1.872168e-02;4.097386e-02;1.361170e-01;6.031074e-02;1.248682e-01;8.069303e-02;2.345408e-02;7.867456e-02
2.239463e-01;5.920057e-02;7.210121e-02;3.428540e-02;1.865300e-02;2.082548e-02;1.756038e-01;8.024301e-02;1.020645e-01;9.248287e-02;2.801956e-02;9.257435e-02
2.064017e-01;3.356048e-02;8.752248e-02;4.948843e-02;1.294345e-02;2.626166e-02;2.132296e-01;5.210736e-02;9.695127e-02;8.977527e-02;2.619177e-02;1.055665e-01
2.584711e-01;4.022934e-02;7.253227e-02;5.804531e-02;1.532914e-02;2.950237e-02;1.938302e-01;5.256093e-02;7.399066e-02;7.598822e-02;2.445659e-02;1.050638e-01
2.909598e-01;4.928542e-02;5.412700e-02;7.610426e-02;2.782370e-02;3.736452e-02;1.474926e-01;5.530415e-02;5.719810e-02;8.222700e-02;2.799412e-02;9.411933e-02
2.644592e-01;9.440966e-02;6.598917e-02;9.068183e-02;3.565886e-02;3.527795e-02;1.019468e-01;4.494016e-02;8.202036e-02;7.764725e-02;3.573602e-02;7.123279e-02
2.213728e-01;1.172482e-01;9.101956e-02;7.674271e-02;3.450139e-02;4.330067e-02;1.076538e-01;5.306326e-02;9.615318e-02;7.562052e-02;4.244090e-02;4.088301e-02
2.699969e-01;8.576688e-02;1.144343e-01;5.499776e-02;2.762110e-02;6.223521e-02;7.933624e-02;5.719962e-02;7.265667e-02;7.700731e-02;3.225262e-02;6.649538e-02
2.894367e-01;3.169332e-02;1.026318e-01;4.563740e-02;3.026355e-02;7.465058e-02;8.628353e-02;4.567007e-02;6.393663e-02;8.882923e-02;4.430737e-02;9.665979e-02
2.506718e-01;4.968608e-02;1.043557e-01;5.980330e-02;3.274277e-02;5.680159e-02;1.007156e-01;4.351662e-02;6.878783e-02;9.019485e-02;4.460499e-02;9.811892e-02
2.103340e-01;3.889317e-02;1.507816e-01;6.111343e-02;3.251217e-02;4.780225e-02;1.105612e-01;3.774070e-02;8.905421e-02;8.283470e-02;5.177303e-02;8.659957e-02
2.224364e-01;5.198461e-02;1.014200e-01;4.612344e-02;2.858431e-02;6.870289e-02;1.196334e-01;3.767435e-02;1.075336e-01;8.050662e-02;5.921691e-02;7.618350e-02
2.595223e-01;6.783926e-02;4.607184e-02;4.579817e-02;2.687497e-02;6.548088e-02;1.152783e-01;3.714699e-02;1.213672e-01;7.752089e-02;4.339428e-02;9.370486e-02
1.750331e-01;7.047570e-02;1.106690e-01;5.979762e-02;3.160761e-02;6.399220e-02;1.154412e-01;3.240989e-02;1.124002e-01;7.643519e-02;5.910883e-02;9.262948e-02
1.439823e-01;6.843533e-02;1.388212e-01;6.630307e-02;3.326764e-02;6.033315e-02;1.108015e-01;3.449999e-02;8.692975e-02;1.042438e-01;8.419236e-02;6.818994e-02
1.151496e-01;5.828299e-02;1.653588e-01;5.648673e-02;5.553718e-02;6.185033e-02;1.354735e-01;5.547749e-02;9.099261e-02;7.274719e-02;7.719778e-02;5.544584e-02
8.525566e-02;5.172801e-02;1.141797e-01;5.326906e-02;5.016749e-02;5.820403e-02;2.061150e-01;1.281064e-01;9.302029e-02;5.094522e-02;6.190154e-02;4.710752e-02
8.443093e-02;4.346041e-02;5.861594e-02;4.012460e-02;3.843215e-02;4.836200e-02;2.348194e-01;2.144220e-01;9.996496e-02;4.582779e-02;5.134308e-02;4.019674e-02
6.351995e-02;2.699645e-02;3.572264e-02;5.454637e-02;1.911062e-02;2.817562e-02;2.672085e-01;2.591884e-01;7.498745e-02;6.124319e-02;3.444464e-02;7.485624e-02
4.019062e-02;1.561271e-02;2.316597e-02;7.404009e-02;7.836861e-03;1.641448e-02;3.776976e-01;1.857813e-01;3.619056e-02;7.163887e-02;2.774306e-02;1.236879e-01
3.410721e-02;1.728164e-02;2.016710e-02;7.339611e-02;1.036128e-02;5.774282e-02;4.373475e-01;9.079681e-02;2.675269e-02;5.541106e-02;4.009298e-02;1.365428e-01
2.282800e-02;2.050719e-02;3.627382e-02;6.224683e-02;2.701762e-02;8.540681e-02;3.703600e-01;1.535977e-01;1.890486e-02;3.467317e-02;5.489752e-02;1.132865e-01
2.562219e-02;2.258448e-02;4.352810e-02;6.272232e-02;3.685605e-02;7.464147e-02;2.252117e-01;2.313333e-01;4.429520e-02;7.705344e-02;5.765868e-02;9.849307e-02
3.330459e-02;2.312715e-02;7.214610e-02;5.574669e-02;4.663222e-02;6.411500e-02;2.971264e-01;1.257030e-01;4.248197e-02;1.045435e-01;6.151608e-02;7.355737e-02
3.459162e-02;2.409038e-02;5.820177e-02;6.732504e-02;4.219805e-02;9.843922e-02;3.216271e-01;5.160754e-02;5.403920e-02;9.099783e-02;5.295540e-02;1.039268e-01
3.429111e-02;2.414982e-02;3.414297e-02;6.862598e-02;2.440614e-02;9.482674e-02;3.323549e-01;7.411253e-02;7.602161e-02;5.926914e-02;4.750715e-02;1.302919e-01
4.283130e-02;3.072666e-02;7.578858e-02;4.397070e-02;2.929567e-02;1.209379e-01;2.946870e-01;6.734616e-02;4.606069e-02;4.450623e-02;7.303314e-02;1.308160e-01
3.842919e-02;2.920199e-02;8.648027e-02;2.911699e-02;4.521033e-02;1.776835e-01;2.551085e-01;3.857051e-02;4.017665e-02;5.531938e-02;1.037467e-01;1.009560e-01
7.263806e-02;2.729036e-02;1.055313e-01;5.334779e-02;3.768519e-02;1.810224e-01;2.164767e-01;2.237785e-02;6.318720e-02;6.562041e-02;1.095999e-01;4.522283e-02
1.041213e-01;3.398547e-02;1.230497e-01;1.087673e-01;3.573129e-02;1.019416e-01;1.569927e-01;3.575086e-02;5.805014e-02;6.048439e-02;8.440693e-02;9.671824e-02
1.496024e-01;4.258393e-02;9.257714e-02;1.985899e-01;3.819719e-02;3.855641e-02;1.428322e-01;3.414545e-02;3.336474e-02;5.425581e-02;5.655160e-02;1.187433e-01
1.663867e-01;3.691100e-02;4.694995e-02;2.857162e-01;2.114098e-02;3.291140e-02;1.071979e-01;4.579371e-02;3.451586e-02;5.849306e-02;3.889458e-02;1.250886e-01
1.396887e-01;2.746463e-02;4.216733e-02;3.037652e-01;1.676277e-02;3.588849e-02;1.292153e-01;4.589271e-02;4.886370e-02;6.162054e-02;4.210822e-02;1.065624e-01
1.081220e-01;3.415034e-02;8.878737e-02;1.918487e-01;2.920606e-02;3.804954e-02;1.868669e-01;8.516256e-02;5.245782e-02;5.806109e-02;5.120661e-02;7.608097e-02
8.034234e-02;4.153138e-02;1.164083e-01;7.714311e-02;2.742390e-02;4.277135e-02;2.433170e-01;1.200588e-01;6.850269e-02;5.402600e-02;6.912632e-02;5.934875e-02
3.740412e-02;3.162930e-02;8.471236e-02;5.014269e-02;2.007280e-02;4.438178e-02;3.269460e-01;1.205402e-01;5.988688e-02;4.225690e-02;7.765120e-02;1.043758e-01
1.842566e-02;2.034488e-02;7.017123e-02;5.668059e-02;1.115337e-02;6.214942e-02;3.720602e-01;7.289036e-02;5.752432e-02;4.544369e-02;5.792389e-02;1.552324e-01
2.679337e-02;2.070895e-02;8.856589e-02;4.167195e-02;1.974469e-02;8.452173e-02;2.895994e-01;4.075794e-02;6.191300e-02;8.610741e-02;7.690195e-02;1.627137e-01
5.295340e-02;2.447725e-02;8.019891e-02;6.778283e-02;2.184563e-02;9.958251e-02;1.703678e-01;7.859527e-02;5.384575e-02;1.044497e-01;1.108171e-01;1.350838e-01
6.021002e-02;3.102411e-02;9.366760e-02;5.205361e-02;3.256606e-02;8.562306e-02;2.018957e-01;1.032873e-01;5.989021e-02;8.485660e-02;1.230103e-01;7.191546e-02
4.153674e-02;2.866892e-02;8.258615e-02;6.494603e-02;4.153014e-02;7.722729e-02;2.319298e-01;9.924174e-02;7.607055e-02;7.336889e-02;1.022543e-01;8.063941e-02
3.588764e-02;2.425090e-02;9.334831e-02;8.456507e-02;4.856583e-02;8.286095e-02;2.349080e-01;6.571405e-02;5.880094e-02;6.905322e-02;6.023304e-02;1.418121e-01
6.796489e-02;3.220716e-02;1.094644e-01;7.395352e-02;3.025958e-02;6.471649e-02;2.485491e-01;7.926680e-02;7.641692e-02;5.086425e-02;3.246976e-02;1.338671e-01
8.751959e-02;4.210339e-02;6.659528e-02;4.783120e-02;4.660106e-02;5.969913e-02;1.954291e-01;1.036816e-01;9.837046e-02;6.211065e-02;5.398385e-02;1.360747e-01
1.010842e-01;6.734765e-02;9.450444e-02;8.888640e-02;4.516547e-02;5.655245e-02;1.378185e-01;6.729999e-02;5.523531e-02;6.158195e-02;7.926254e-02;1.452611e-01
1.008594e-01;9.182645e-02;1.544574e-01;1.048820e-01;5.125416e-02;7.567622e-02;9.228465e-02;4.834675e-02;3.688870e-02;8.797244e-02;7.731404e-02;7.823776e-02
9.878086e-02;1.028443e-01;1.519024e-01;1.012521e-01;5.397803e-02;8.865394e-02;9.985472e-02;5.961251e-02;3.071075e-02;9.893611e-02;6.378295e-02;4.969138e-02
1.075246e-01;1.018760e-01;9.425081e-02;6.413354e-02;7.097615e-02;7.905467e-02;1.643864e-01;8.371722e-02;4.966296e-02;6.819359e-02;6.109770e-02;5.512632e-02
9.681255e-02;9.239695e-02;1.094302e-01;7.363259e-02;6.909267e-02;6.866486e-02;1.668063e-01;6.649347e-02;7.183065e-02;4.738739e-02;7.485679e-02;6.259561e-02
1.064674e-01;9.303361e-02;7.372744e-02;1.177771e-01;6.564178e-02;5.718382e-02;1.410127e-01;5.803525e-02;1.095403e-01;5.710221e-02;7.895105e-02;4.152728e-02
1.194459e-01;6.970623e-02;9.230798e-02;1.190796e-01;6.215419e-02;3.895280e-02;1.321422e-01;9.353250e-02;1.273860e-01;6.609370e-02;4.809526e-02;3.110353e-02
