1.897251e-01;6.162497e-02;2.242011e-01;3.509934e-02;4.992826e-02;4.578306e-02;1.904204e-01;3.338456e-02;3.694956e-02;5.725887e-02;4.046281e-02;3.516200e-02
1.821936e-01;8.690458e-02;1.821082e-01;3.025983e-02;4.891558e-02;4.101498e-02;2.069499e-01;3.142527e-02;3.292250e-02;5.737106e-02;5.037413e-02;4.956033e-02
2.098996e-01;8.421958e-02;1.426419e-01;2.341124e-02;4.735515e-02;4.034111e-02;1.918403e-01;3.113778e-02;3.533539e-02;6.381881e-02;6.494977e-02;6.504948e-02
2.706859e-01;5.556775e-02;1.029443e-01;2.438158e-02;5.696541e-02;4.751779e-02;1.134284e-01;4.054174e-02;3.657807e-02;7.689402e-02;8.650696e-02;8.798803e-02
2.443330e-01;5.433910e-02;1.265194e-01;3.128248e-02;7.148010e-02;4.335618e-02;1.745262e-01;4.751365e-02;3.635230e-02;6.947175e-02;5.160389e-02;4.922193e-02
1.399939e-01;6.680325e-02;1.448181e-01;4.004211e-02;7.339727e-02;5.413742e-02;1.244161e-01;7.599052e-02;8.010856e-02;8.975834e-02;4.452758e-02;6.600688e-02
1.360687e-01;5.891457e-02;1.015121e-01;6.543505e-02;5.501625e-02;5.068384e-02;1.731134e-01;8.455236e-02;9.616063e-02;8.002602e-02;5.210324e-02;4.641397e-02
1.079764e-01;6.128278e-02;1.516899e-01;6.864993e-02;5.651688e-02;5.156158e-02;1.513783e-01;7.226016e-02;8.612330e-02;6.790033e-02;7.213196e-02;5.252851e-02
1.129230e-01;1.003143e-01;1.263567e-01;5.069125e-02;6.263854e-02;6.023029e-02;1.330748e-01;8.394612e-02;6.884893e-02;4.635577e-02;7.716665e-02;7.745352e-02
1.372306e-01;1.871022e-01;1.313219e-01;5.063726e-02;3.421055e-02;4.244346e-02;9.463323e-02;5.801213e-02;3.515466e-02;6.124985e-02;6.801619e-02;9.998807e-02
1.529357e-01;1.897043e-01;1.365674e-01;5.154736e-02;3.158201e-02;4.004903e-02;8.603330e-02;4.350803e-02;5.136335e-02;7.196696e-02;5.207396e-02;9.266854e-02
1.285570e-01;2.040157e-01;1.364906e-01;4.712436e-02;3.533430e-02;4.506305e-02;9.039243e-02;4.091815e-02;7.508724e-02;7.403890e-02;3.499257e-02;8.798578e-02
8.683001e-02;1.312185e-01;1.121993e-01;3.694651e-02;4.545592e-02;4.922664e-02;1.297961e-01;9.526073e-02;9.787002e-02;5.580120e-02;9.658354e-02;6.281146e-02
1.030360e-01;7.305693e-02;1.110376e-01;2.968891e-02;7.089525e-02;7.365856e-02;1.656703e-01;1.123780e-01;6.893081e-02;4.023895e-02;9.218962e-02;5.921901e-02
8.570254e-02;3.154881e-02;6.754664e-02;5.585344e-02;5.709045e-02;5.720732e-02;9.916461e-02;7.609462e-02;1.128275e-01;1.060476e-01;1.348539e-01;1.160626e-01
9.081160e-02;5.376067e-02;6.330317e-02;6.451368e-02;5.711325e-02;5.022017e-02;9.292023e-02;7.255391e-02;1.246644e-01;8.396298e-02;1.515949e-01;9.458099e-02
1.162236e-01;1.076123e-01;6.529541e-02;6.888494e-02;4.687936e-02;4.307046e-02;7.346603e-02;6.850222e-02;1.448391e-01;5.003436e-02;1.574117e-01;5.778049e-02
1.377732e-01;1.301164e-01;7.181899e-02;5.757986e-02;3.488842e-02;3.621715e-02;4.796000e-02;7.446866e-02;1.309885e-01;4.028631e-02;1.524353e-01;8.546726e-02
1.600143e-01;9.544799e-02;8.264313e-02;3.857013e-02;3.804655e-02;2.472469e-02;6.390411e-02;8.463411e-02;8.726826e-02;7.817273e-02;1.565382e-01;9.003586e-02
1.602543e-01;5.778565e-02;1.018347e-01;1.906074e-02;3.512553e-02;2.577436e-02;9.584085e-02;5.375018e-02;1.022983e-01;9.570111e-02;1.545225e-01;9.805183e-02
1.226361e-01;9.157673e-02;9.644232e-02;2.161066e-02;2.804393e-02;2.671827e-02;9.935253e-02;8.467092e-02;1.084399e-01;1.016649e-01;1.131938e-01;1.056499e-01
8.411007e-02;9.789779e-02;7.718785e-02;2.943824e-02;3.711990e-02;2.983288e-02;5.441686e-02;1.404771e-01;1.547581e-01;1.381716e-01;7.240734e-02;8.418228e-02
6.663212e-02;7.799147e-02;5.892963e-02;3.895856e-02;5.104925e-02;4.319372e-02;5.407387e-02;1.353686e-01;1.446578e-01;1.846921e-01;8.206613e-02;6.238671e-02
4.962010e-02;6.899538e-02;6.874825e-02;6.946377e-02;7.241502e-02;4.045280e-02;6.424331e-02;1.062050e-01;2.869525e-02;2.567134e-01;8.446380e-02;8.998387e-02
6.502450e-02;4.606147e-02;9.270872e-02;6.710628e-02;5.686281e-02;2.862482e-02;7.140054e-02;4.221682e-02;1.342833e-01;2.091545e-01;9.733571e-02;8.922049e-02
6.169298e-02;6.771627e-02;1.214129e-01;5.661599e-02;4.374268e-02;5.672575e-02;1.053128e-01;3.959328e-02;1.499280e-01;1.038214e-01;1.192472e-01;7.419083e-02
7.953926e-02;1.015346e-01;1.290587e-01;4.366056e-02;4.201933e-02;4.864962e-02;9.792835e-02;4.767659e-02;1.421676e-01;7.640271e-02;1.122715e-01;7.909115e-02
9.091090e-02;5.309162e-02;1.301183e-01;4.365860e-02;3.464190e-02;3.192063e-02;1.359602e-01;5.090581e-02;1.457210e-01;1.154847e-01;6.820864e-02;9.937759e-02
1.419354e-01;2.534200e-02;8.173089e-02;5.289354e-02;4.323623e-02;4.202326e-02;1.874268e-01;5.482594e-02;7.524818e-02;1.261021e-01;4.476764e-02;1.244680e-01
1.343738e-01;7.379895e-02;9.235749e-02;5.552729e-02;4.690126e-02;5.367632e-02;1.635819e-01;4.364757e-02;5.637180e-02;1.219657e-01;5.726349e-02;1.005345e-01
1.452611e-01;9.404823e-02;1.003568e-01;3.493592e-02;6.197516e-02;1.349021e-01;1.113638e-01;3.108264e-02;9.667602e-02;7.154652e-02;5.604391e-02;6.180770e-02
1.414136e-01;8.068872e-02;1.233565e-01;6.162943e-02;8.504236e-02;1.111185e-01;1.398853e-01;4.963474e-02;9.637668e-02;3.264301e-02;3.623025e-02;4.198096e-02
8.271528e-02;2.572830e-02;1.701435e-01;1.064989e-01;8.600098e-02;7.986019e-02;1.442638e-01;8.131888e-02;9.581155e-02;4.350287e-02;3.940191e-02;4.475392e-02
5.698307e-02;4.504713e-02;1.728215e-01;8.556248e-02;6.980645e-02;1.076667e-01;1.070211e-01;9.596945e-02;9.857186e-02;6.933178e-02;5.374342e-02;3.747497e-02
5.658194e-02;6.632509e-02;1.212256e-01;5.327718e-02;8.885366e-02;1.435853e-01;8.713125e-02;9.321670e-02;8.540168e-02;1.076109e-01;6.662664e-02;3.016401e-02
3.275151e-02;8.198278e-02;6.387800e-02;2.407300e-02;1.566866e-01;1.770923e-01;5.852240e-02;6.788412e-02;6.740528e-02;1.878618e-01;6.615104e-02;1.571121e-02
1.203044e-02;1.001759e-01;2.124987e-02;2.343702e-02;2.110319e-01;1.627141e-01;5.043584e-02;3.920347e-02;3.903629e-02;2.939177e-01;3.886849e-02;7.898975e-03
1.177337e-02;1.117466e-01;1.151024e-02;2.625171e-02;2.178943e-01;9.259928e-02;2.812492e-02;3.598053e-02;3.712241e-02;3.881144e-01;3.213704e-02;6.745166e-03
9.172668e-03;1.137156e-01;4.254895e-03;2.537364e-02;1.962622e-01;5.879793e-02;1.239459e-02;4.791363e-02;2.583355e-02;4.632875e-01;3.158544e-02;1.140836e-02
7.393444e-03;1.068700e-01;5.286712e-03;1.799979e-02;1.576046e-01;4.986050e-02;8.580223e-03;7.330493e-02;2.825163e-02;4.915832e-01;4.189809e-02;1.136681e-02
7.349149e-03;9.960590e-02;4.965578e-03;1.218057e-02;1.237875e-01;4.435538e-02;1.319289e-02;1.053185e-01;1.811993e-02;4.893081e-01;7.093599e-02;1.088049e-02
1.159539e-02;9.921666e-02;4.139412e-03;1.011602e-02;1.007147e-01;3.889715e-02;1.570073e-02;1.233283e-01;1.521557e-02;4.731342e-01;1.002374e-01;7.704364e-03
6.727748e-03;1.001942e-01;1.004348e-02;1.022545e-02;8.609996e-02;5.130583e-02;1.935909e-02;1.087968e-01;2.364445e-02;4.434570e-01;1.319120e-01;8.233929e-03
4.851494e-03;9.056348e-02;1.106081e-02;1.127483e-02;7.364355e-02;6.653677e-02;1.766167e-02;7.824399e-02;2.906233e-02;3.828434e-01;2.226717e-01;1.158597e-02
1.012882e-02;6.337711e-02;2.181390e-02;9.885076e-03;5.452512e-02;8.649206e-02;2.519718e-02;5.209872e-02;2.334240e-02;2.779007e-01;3.641261e-01;1.111281e-02
1.762285e-02;4.147558e-02;3.910730e-02;6.477309e-03;3.582665e-02;1.139711e-01;2.857786e-02;3.111213e-02;2.087029e-02;1.869358e-01;4.626984e-01;1.532466e-02
2.536048e-02;2.358537e-02;5.594495e-02;4.629371e-03;2.552673e-02;1.448852e-01;3.565464e-02;2.715603e-02;2.924811e-02;1.237013e-01;4.871518e-01;1.715609e-02
2.455954e-02;1.393076e-02;6.709896e-02;4.172709e-03;2.386069e-02;1.681685e-01;5.608207e-02;2.822472e-02;4.665848e-02;7.867047e-02;4.499959e-01;3.857721e-02
2.382447e-02;1.208195e-02;5.917263e-02;1.085490e-02;3.008635e-02;1.788165e-01;1.235995e-01;5.074396e-02;4.931435e-02;4.071456e-02;3.377423e-01;8.304851e-02
3.949528e-02;1.569025e-02;5.460443e-02;2.052312e-02;5.192733e-02;1.699113e-01;2.261358e-01;8.200814e-02;3.395345e-02;2.942731e-02;1.758079e-01;1.005158e-01
5.084594e-02;2.739700e-02;6.010048e-02;2.864949e-02;6.335215e-02;1.469060e-01;2.760011e-01;1.062729e-01;4.647725e-02;4.051659e-02;7.616872e-02;7.731246e-02
7.456889e-02;1.530527e-02;6.163561e-02;3.721366e-02;7.481519e-02;1.121600e-01;2.879334e-01;1.156600e-01;8.154150e-02;4.712354e-02;7.791983e-02;1.412303e-02
7.023123e-02;8.792429e-02;1.231871e-01;7.185267e-02;5.026662e-02;5.361074e-02;1.034981e-01;1.232392e-01;1.486355e-01;3.704069e-02;6.680135e-02;6.371254e-02
1.266370e-01;1.099735e-01;1.225576e-01;5.281281e-02;3.495956e-02;2.578682e-02;4.840326e-02;1.803112e-01;1.878956e-01;3.053709e-02;4.563667e-02;3.448888e-02
1.842696e-01;9.790641e-02;6.916118e-02;2.908552e-02;3.016468e-02;1.362326e-02;4.819440e-02;2.755827e-01;1.740327e-01;2.224421e-02;3.166116e-02;2.407419e-02
2.309336e-01;6.567249e-02;3.900886e-02;1.450956e-02;3.323675e-02;1.008112e-02;3.170203e-02;4.014239e-01;1.214518e-01;1.195254e-02;2.103052e-02;1.899684e-02
2.366348e-01;4.109920e-02;4.929128e-02;7.439219e-03;2.770254e-02;4.013903e-03;6.429313e-02;4.534525e-01;6.855524e-02;8.240224e-03;1.975612e-02;1.952180e-02
2.368035e-01;3.948007e-02;4.127528e-02;4.960039e-03;1.708382e-02;6.501569e-03;1.195691e-01;4.418637e-01;2.797757e-02;1.474050e-02;1.807159e-02;3.167318e-02
2.426536e-01;4.231872e-02;3.316119e-02;5.941742e-03;7.605354e-03;1.181621e-02;1.829231e-01;3.823151e-01;1.216845e-02;2.111646e-02;1.207796e-02;4.590212e-02
2.419430e-01;4.084023e-02;2.403575e-02;8.218940e-03;9.790513e-03;1.020977e-02;2.149878e-01;3.116044e-01;2.674185e-02;3.318787e-02;1.756086e-02;6.087908e-02
2.219470e-01;3.988521e-02;1.467954e-02;1.629958e-02;1.389635e-02;1.223987e-02;2.097492e-01;2.408507e-01;4.262393e-02;6.226477e-02;3.596216e-02;8.960167e-02
1.599753e-01;4.533875e-02;3.125855e-02;2.317795e-02;3.194705e-02;4.005706e-02;1.607452e-01;2.067272e-01;6.662662e-02;8.853613e-02;6.374303e-02;8.186721e-02
6.965946e-02;3.886323e-02;3.923258e-02;1.858590e-02;4.966797e-02;6.414319e-02;1.298647e-01;2.705823e-01;5.112786e-02;7.588759e-02;1.317988e-01;6.058649e-02
1.059884e-01;3.786121e-02;4.851202e-02;1.995852e-02;4.959433e-02;3.925528e-02;1.210783e-01;2.925324e-01;4.070650e-02;7.012574e-02;1.181375e-01;5.624976e-02
1.390085e-01;4.653481e-02;4.385028e-02;1.146329e-02;3.563947e-02;1.837693e-02;1.385029e-01;2.837431e-01;5.874679e-02;7.302440e-02;9.511783e-02;5.599171e-02
1.058128e-01;4.187781e-02;6.797569e-02;4.003380e-02;1.731593e-02;5.048436e-02;8.369084e-02;2.153041e-01;4.890153e-02;6.960333e-02;1.237051e-01;1.352946e-01
1.480137e-01;4.002945e-02;6.280430e-02;5.656546e-02;1.050735e-02;4.044636e-02;2.178477e-01;5.443011e-02;2.112919e-02;3.614422e-02;7.864547e-02;2.334367e-01
2.611108e-01;3.665362e-02;3.736402e-02;4.521981e-02;6.671450e-03;1.868933e-02;2.114254e-01;9.967995e-02;5.813054e-03;2.082490e-02;3.144198e-02;2.251056e-01
3.391700e-01;5.071713e-02;2.285593e-02;2.521652e-02;5.459590e-03;5.039391e-03;1.722337e-01;1.669699e-01;7.395654e-03;1.498929e-02;1.367978e-02;1.762731e-01
3.982000e-01;7.135492e-02;2.361986e-02;9.376721e-03;3.463010e-03;4.909196e-03;1.318762e-01;1.992657e-01;1.802116e-02;1.129475e-02;7.305010e-03;1.213134e-01
4.027158e-01;6.354194e-02;2.166606e-02;5.789768e-03;1.850134e-03;2.933634e-03;1.298836e-01;1.844947e-01;3.011349e-02;1.563429e-02;6.012171e-03;1.353644e-01
3.642851e-01;3.346175e-02;1.407132e-02;7.927288e-03;3.206995e-03;4.680605e-03;1.565419e-01;1.464759e-01;2.291757e-02;2.497804e-02;1.007491e-02;2.113787e-01
3.275270e-01;2.031269e-02;1.435688e-02;8.774430e-03;4.543066e-03;2.886889e-03;1.696596e-01;1.231019e-01;2.034326e-02;3.416649e-02;1.918543e-02;2.551424e-01
3.178170e-01;3.181127e-02;2.236782e-02;7.755019e-03;3.373323e-03;3.652820e-03;1.719451e-01;1.102249e-01;2.232152e-02;3.635162e-02;4.076394e-02;2.316156e-01
3.304152e-01;5.167120e-02;2.821573e-02;5.404462e-03;4.801486e-03;1.278638e-02;1.737203e-01;1.045847e-01;2.739939e-02;3.045169e-02;4.667377e-02;1.838756e-01
3.375684e-01;3.538431e-02;3.074362e-02;5.372078e-03;9.427860e-03;2.454089e-02;1.329969e-01;1.051645e-01;3.317099e-02;4.524675e-02;8.519829e-02;1.551854e-01
3.702642e-01;3.140363e-02;5.339982e-02;6.537391e-03;1.426079e-02;2.596246e-02;1.524329e-02;9.480196e-02;2.523242e-02;6.887757e-02;9.429747e-02;1.997191e-01
3.521387e-01;6.269154e-02;4.944949e-02;8.107629e-03;6.990448e-03;1.294120e-02;1.243113e-01;6.505489e-02;2.473616e-02;2.901064e-02;4.782129e-02;2.167468e-01
3.281022e-01;5.985268e-02;6.324203e-02;1.265405e-02;1.131994e-02;1.502663e-02;1.752323e-01;7.633947e-02;1.955259e-02;2.610915e-02;5.406712e-02;1.585019e-01
2.175194e-01;3.368448e-02;8.494942e-02;1.449747e-02;1.841054e-02;1.754692e-02;1.482690e-01;1.185240e-01;6.511439e-02;5.156330e-02;3.950660e-02;1.904145e-01
2.258673e-01;2.071973e-02;5.753372e-02;1.347190e-02;2.128302e-02;1.669970e-02;1.254256e-01;1.098104e-01;6.660437e-02;7.736684e-02;3.847136e-02;2.267461e-01
2.947659e-01;4.459960e-02;8.064346e-02;3.086410e-02;2.438859e-02;2.695439e-02;9.069511e-02;5.286729e-02;3.667680e-02;6.010397e-02;5.994194e-02;1.974989e-01
3.330449e-01;5.996573e-02;7.277301e-02;3.761043e-02;3.126923e-02;4.464083e-02;5.572703e-02;6.014992e-02;2.274935e-02;6.238430e-02;5.578211e-02;1.639032e-01
1.824875e-01;5.827678e-02;7.420072e-02;3.996906e-02;5.725557e-02;6.350888e-02;1.497374e-01;8.684511e-02;7.139239e-02;4.447621e-02;6.969664e-02;1.021538e-01
8.153918e-02;5.516757e-02;1.049644e-01;4.238493e-02;6.888462e-02;7.626072e-02;2.041717e-01;7.642484e-02;7.788344e-02;6.719280e-02;5.986801e-02;8.525781e-02
1.294832e-01;7.234321e-02;8.443341e-02;5.714210e-02;5.959109e-02;5.159590e-02;1.238026e-01;7.821710e-02;1.104174e-01;5.848482e-02;5.143984e-02;1.230493e-01
1.322484e-01;9.467538e-02;2.168358e-01;6.482988e-02;6.058455e-02;5.809776e-02;1.230616e-01;1.907603e-02;2.684598e-02;4.870026e-02;7.240442e-02;8.263995e-02
1.398267e-01;1.224685e-01;1.855570e-01;5.353484e-02;6.562044e-02;5.899275e-02;9.281585e-02;3.891864e-02;5.515962e-02;4.060538e-02;7.747242e-02;6.902792e-02
1.688889e-01;1.473452e-01;1.355882e-01;3.369716e-02;7.687882e-02;5.557793e-02;7.976545e-02;6.721136e-02;6.507479e-02;3.523126e-02;9.087367e-02;4.386723e-02
1.852788e-01;1.124614e-01;9.854238e-02;3.793806e-02;8.932904e-02;6.089824e-02;1.042296e-01;1.026648e-01;6.801996e-02;4.792436e-02;7.188796e-02;2.082542e-02
1.597543e-01;4.163980e-02;7.323532e-02;6.517265e-02;8.609124e-02;5.234239e-02;1.706640e-01;1.162169e-01;6.622151e-02;7.820175e-02;4.039189e-02;5.006834e-02
1.591868e-01;3.016349e-02;3.817882e-02;6.427903e-02;6.118226e-02;3.633508e-02;2.103520e-01;1.346025e-01;6.825816e-02;1.064871e-01;2.469386e-02;6.628080e-02
1.579164e-01;3.391321e-02;2.917608e-02;4.580564e-02;3.120963e-02;2.600280e-02;2.381983e-01;1.412309e-01;6.416077e-02;1.153770e-01;2.366713e-02;9.334214e-02
1.435928e-01;2.345322e-02;3.026740e-02;4.034692e-02;1.785042e-02;2.690441e-02;2.757238e-01;1.413284e-01;5.008189e-02;1.063697e-01;2.804536e-02;1.160356e-01
1.330388e-01;5.949370e-02;2.773805e-02;4.760972e-02;1.993310e-02;4.031869e-02;2.645213e-01;1.285767e-01;4.549752e-02;9.708194e-02;3.190244e-02;1.042880e-01
1.320028e-01;8.150607e-02;9.929666e-02;4.692303e-02;3.130097e-02;4.412849e-02;1.917956e-01;1.193756e-01;7.980607e-02;6.512545e-02;2.486513e-02;8.387416e-02
1.250261e-01;7.171585e-02;1.274368e-01;6.367298e-02;3.301438e-02;4.328092e-02;1.728521e-01;1.557922e-01;7.699591e-02;5.370295e-02;2.041909e-02;5.609083e-02
9.327304e-02;6.225367e-02;6.687695e-02;9.198436e-02;1.742784e-02;3.885758e-02;2.373842e-01;1.968602e-01;4.100420e-02;5.455799e-02;1.273712e-02;8.678287e-02
5.516019e-02;5.197817e-02;2.235341e-02;1.203022e-01;1.305948e-02;2.032115e-02;3.446408e-01;1.788636e-01;2.429741e-02;3.850868e-02;8.185945e-03;1.223289e-01
4.009099e-02;6.109899e-02;2.628455e-02;1.210631e-01;9.174190e-03;2.104370e-02;4.015680e-01;1.129949e-01;1.469068e-02;2.549919e-02;1.290787e-02;1.535838e-01
2.215539e-02;7.440989e-02;2.349848e-02;9.887479e-02;6.086084e-03;4.119151e-02;4.399646e-01;4.956712e-02;8.725735e-03;2.210254e-02;2.157095e-02;1.918529e-01
2.761687e-02;8.780964e-02;1.631305e-02;6.911995e-02;1.062020e-02;7.519775e-02;4.205486e-01;3.111312e-02;1.572192e-02;1.844112e-02;3.007042e-02;1.974273e-01
4.192284e-02;9.632248e-02;3.205921e-02;5.012446e-02;1.850229e-02;1.003558e-01;3.707188e-01;3.456554e-02;2.411279e-02;1.973807e-02;4.691073e-02;1.646670e-01
6.281329e-02;1.076947e-01;5.181711e-02;5.802469e-02;2.095382e-02;8.463547e-02;3.302679e-01;2.195995e-02;3.005203e-02;2.186994e-02;7.052819e-02;1.393829e-01
9.409416e-02;1.218899e-01;5.658460e-02;7.814281e-02;3.078849e-02;4.316125e-02;2.537332e-01;5.176015e-02;3.436585e-02;3.269505e-02;6.967884e-02;1.331058e-01
1.091015e-01;1.303342e-01;4.870688e-02;9.021576e-02;2.818448e-02;3.645390e-02;2.068067e-01;7.319920e-02;3.892947e-02;4.729991e-02;4.247821e-02;1.482897e-01
8.771034e-02;9.999750e-02;4.464698e-02;1.314878e-01;1.819151e-02;3.498288e-02;1.408605e-01;2.285868e-02;6.022478e-02;6.811427e-02;7.236240e-02;2.185623e-01
1.237253e-01;6.525889e-02;8.354817e-02;1.273155e-01;2.898257e-02;3.919023e-02;1.110113e-01;5.605080e-02;7.487284e-02;7.611220e-02;6.485399e-02;1.490782e-01
1.376493e-01;7.556296e-02;8.260100e-02;9.341849e-02;2.568757e-02;4.948651e-02;1.082621e-01;4.266439e-02;8.882428e-02;7.904992e-02;1.159833e-01;1.008102e-01
1.037820e-01;8.436809e-02;7.793047e-02;6.367555e-02;1.208245e-02;4.986087e-02;1.540638e-01;3.230590e-02;1.176591e-01;8.676752e-02;1.343364e-01;8.316777e-02
9.253256e-02;9.809504e-02;9.537458e-02;3.547353e-02;1.797970e-02;3.485543e-02;9.462893e-02;1.069448e-01;1.505939e-01;9.565345e-02;1.069920e-01;7.087612e-02
8.625527e-02;7.610776e-02;6.820694e-02;2.604063e-02;1.395468e-02;4.444057e-02;1.254777e-01;1.145804e-01;1.192247e-01;8.132969e-02;1.171635e-01;1.272182e-01
6.519523e-02;4.370333e-02;4.432648e-02;1.836769e-02;1.229447e-02;6.275814e-02;1.804755e-01;1.016263e-01;7.370246e-02;6.636579e-02;1.622111e-01;1.689736e-01
3.868853e-02;1.833362e-02;4.714235e-02;8.758855e-03;2.131540e-02;1.034874e-01;1.705564e-01;5.899637e-02;5.069997e-02;4.919598e-02;2.925322e-01;1.402930e-01
4.484504e-02;1.660714e-02;6.617603e-02;1.369501e-02;4.514548e-02;1.318826e-01;1.143630e-01;2.892130e-02;6.205683e-02;5.122880e-02;3.602866e-01;6.479219e-02
5.723678e-02;1.776930e-02;8.907126e-02;2.974946e-02;6.497094e-02;1.079020e-01;1.114073e-01;3.341379e-02;6.645172e-02;7.898304e-02;2.604324e-01;8.261202e-02
6.915103e-02;2.289368e-02;1.039051e-01;3.179188e-02;7.512195e-02;6.881739e-02;1.652077e-01;3.872002e-02;7.539781e-02;9.733760e-02;1.423379e-01;1.093179e-01
1.004913e-01;2.153711e-02;7.927173e-02;1.668742e-02;5.190099e-02;5.734493e-02;2.115571e-01;2.915394e-02;5.588994e-02;5.048477e-02;1.985618e-01;1.271190e-01
1.128543e-01;2.602375e-02;6.465920e-02;2.321655e-02;2.552825e-02;5.630942e-02;2.432832e-01;3.936967e-02;5.905315e-02;4.010840e-02;1.712573e-01;1.383368e-01
1.084445e-01;2.775308e-02;5.576451e-02;1.944855e-02;2.203658e-02;7.227461e-02;2.528062e-01;3.710484e-02;6.237684e-02;4.133650e-02;1.623183e-01;1.383355e-01
8.672572e-02;2.433818e-02;4.327080e-02;7.436131e-03;1.877586e-02;8.733130e-02;2.111921e-01;2.142585e-02;6.066085e-02;5.647728e-02;2.329378e-01;1.494282e-01
3.528384e-02;1.561783e-02;6.443763e-02;9.966626e-03;1.171166e-02;1.083566e-01;1.317122e-01;1.324477e-02;5.850402e-02;6.975746e-02;3.241949e-01;1.572125e-01
9.332541e-02;2.035185e-02;6.688234e-02;7.218656e-03;1.588646e-02;1.022949e-01;7.973272e-02;1.623127e-02;4.597742e-02;6.757876e-02;3.299792e-01;1.545410e-01
5.227728e-02;3.571374e-02;6.794642e-02;2.280438e-02;2.362953e-02;1.070913e-01;6.182424e-02;2.613715e-02;4.369520e-02;7.233793e-02;3.429745e-01;1.435683e-01
1.373716e-01;3.457628e-02;6.651153e-02;2.326113e-02;3.086393e-02;8.721727e-02;4.494312e-02;2.733978e-02;3.373979e-02;8.172344e-02;2.984582e-01;1.339939e-01
9.768207e-02;3.610084e-02;4.012560e-02;1.239340e-02;3.117197e-02;9.645105e-02;3.834051e-02;1.835159e-02;3.425858e-02;1.244929e-01;3.582048e-01;1.124267e-01
2.539760e-02;3.430960e-02;4.313839e-02;1.116071e-02;4.019815e-02;1.119343e-01;2.684615e-02;1.622858e-02;2.180883e-02;1.872923e-01;4.125679e-01;6.911746e-02
3.302887e-02;3.529309e-02;4.066454e-02;1.184558e-02;4.776388e-02;1.002936e-01;4.986716e-02;2.209034e-02;1.490473e-02;2.147392e-01;3.758585e-01;5.365041e-02
3.355057e-02;4.708983e-02;2.736548e-02;1.163887e-02;6.305824e-02;7.718759e-02;5.105250e-02;4.941663e-02;1.819326e-02;2.490384e-01;3.177024e-01;5.470617e-02
3.124199e-02;7.100762e-02;3.561378e-02;1.539223e-02;7.394998e-02;4.478652e-02;7.205416e-02;7.546912e-02;2.483061e-02;2.783594e-01;2.305987e-01;4.669586e-02
4.585939e-02;7.426179e-02;4.845657e-02;2.133609e-02;8.773804e-02;4.048428e-02;9.688593e-02;6.036124e-02;4.323842e-02;2.795865e-01;1.597272e-01;4.206458e-02
3.562198e-02;6.739280e-02;3.596707e-02;4.323792e-02;1.055233e-01;6.886104e-02;1.187232e-01;4.968647e-02;9.001477e-02;2.563398e-01;1.014893e-01;2.714236e-02
8.172183e-02;6.204511e-02;8.470073e-02;4.635279e-02;7.878441e-02;4.963889e-02;1.283107e-01;5.117527e-02;9.510919e-02;1.931638e-01;9.221561e-02;3.678156e-02
9.850205e-02;6.663116e-02;1.425747e-01;2.771045e-02;6.094764e-02;4.462409e-02;1.380067e-01;3.367324e-02;6.712427e-02;1.548431e-01;1.284715e-01;3.689101e-02
9.776850e-02;4.372131e-02;1.182072e-01;1.961862e-02;6.259421e-02;5.565276e-02;1.210494e-01;5.405023e-02;7.458664e-02;1.693961e-01;1.432780e-01;4.007701e-02
8.211475e-02;2.562005e-02;1.369541e-01;2.966145e-02;4.927757e-02;6.163682e-02;9.844048e-02;6.868133e-02;6.264769e-02;1.695948e-01;1.519167e-01;6.345425e-02
9.607422e-02;2.282781e-02;1.462464e-01;1.796018e-02;3.487947e-02;3.979106e-02;1.034507e-01;7.396548e-02;5.308768e-02;1.364840e-01;1.769055e-01;9.832740e-02
1.234451e-01;3.758616e-02;1.758104e-01;2.316754e-02;4.057853e-02;3.215102e-02;1.290679e-01;3.900051e-02;4.415296e-02;1.100894e-01;1.713701e-01;7.358044e-02
3.528100e-02;5.664672e-02;1.141120e-01;2.946149e-02;5.373413e-02;7.852053e-02;1.493639e-01;4.819303e-02;3.713588e-02;1.664397e-01;2.017315e-01;2.938013e-02
7.235675e-02;6.227750e-02;3.992100e-02;2.314414e-02;7.023834e-02;1.100690e-01;9.836905e-02;3.028493e-02;3.175268e-02;2.244584e-01;2.073127e-01;2.981550e-02
4.071078e-02;6.836089e-02;7.191588e-02;2.260899e-02;9.010248e-02;7.189509e-02;6.991793e-02;2.124339e-02;4.695736e-02;2.775992e-01;1.876279e-01;3.106018e-02
2.817774e-02;5.692782e-02;4.553484e-02;1.412288e-02;9.482729e-02;8.017875e-02;6.361475e-02;1.888851e-02;4.202451e-02;3.310217e-01;1.960219e-01;2.865922e-02
5.659747e-02;5.631724e-02;3.939176e-02;3.298285e-02;8.902957e-02;7.100818e-02;3.194018e-02;2.488996e-02;5.904310e-02;3.184977e-01;1.864505e-01;3.385140e-02
4.177678e-02;5.544011e-02;4.728775e-02;3.349818e-02;9.814310e-02;3.980850e-02;4.259343e-02;2.918352e-02;5.078357e-02;3.609465e-01;1.793998e-01;2.113867e-02
4.828855e-02;3.178582e-02;3.117074e-02;5.887928e-02;1.100557e-01;4.490276e-02;3.435494e-02;2.781703e-02;5.592301e-02;3.940138e-01;1.506349e-01;1.217350e-02
5.956736e-02;2.507225e-02;3.741782e-02;8.124888e-02;1.023324e-01;4.833973e-02;6.933326e-02;4.043996e-02;9.906169e-02;3.398565e-01;8.297364e-02;1.435656e-02
6.062828e-02;2.952073e-02;3.600760e-02;1.018265e-01;1.094067e-01;3.921279e-02;4.136340e-02;5.728798e-02;1.099743e-01;3.262353e-01;6.798840e-02;2.054805e-02
6.975082e-02;1.785553e-02;4.154489e-02;1.035667e-01;1.167750e-01;2.602178e-02;4.544792e-02;5.436961e-02;1.106002e-01;3.209025e-01;7.605378e-02;1.711136e-02
8.283001e-02;4.513477e-02;1.758363e-02;9.546349e-02;1.322777e-01;2.220100e-02;1.905408e-02;5.336925e-02;9.149933e-02;3.412555e-01;9.184907e-02;7.482181e-03
6.321874e-02;3.346553e-02;4.517839e-02;8.473950e-02;1.340473e-01;2.194874e-02;3.927961e-02;5.579874e-02;7.228553e-02;3.419856e-01;8.855460e-02;1.949772e-02
5.164916e-02;2.202482e-02;4.881006e-02;5.932482e-02;1.493387e-01;3.217608e-02;2.868776e-02;5.578884e-02;7.670268e-02;3.588994e-01;9.757844e-02;1.901926e-02
4.671479e-02;3.860285e-02;3.505079e-02;4.308646e-02;1.652751e-01;3.440833e-02;5.041758e-02;4.910734e-02;5.862512e-02;3.565083e-01;1.119267e-01;1.027665e-02
1.981559e-02;4.348056e-02;2.108960e-02;4.331208e-02;1.871978e-01;5.610510e-02;3.982018e-02;4.605026e-02;5.943450e-02;3.511705e-01;1.228121e-01;9.711804e-03
1.182258e-02;4.589258e-02;2.536096e-02;3.802633e-02;1.914905e-01;8.473611e-02;4.338478e-02;5.988048e-02;3.436655e-02;3.154355e-01;1.379164e-01;1.168728e-02
3.446116e-02;4.264456e-02;2.308556e-02;4.073048e-02;1.769019e-01;1.034302e-01;6.231717e-02;5.506575e-02;2.919695e-02;2.616918e-01;1.514378e-01;1.903660e-02
5.333224e-02;3.225859e-02;1.117517e-02;4.987521e-02;1.737914e-01;1.036399e-01;8.743048e-02;5.125189e-02;3.849575e-02;2.161314e-01;1.468081e-01;3.580983e-02
5.290080e-02;1.526122e-02;4.316543e-02;4.951997e-02;1.729004e-01;1.029224e-01;1.250203e-01;5.142837e-02;4.775066e-02;1.747819e-01;1.142951e-01;5.005349e-02
6.246930e-02;1.263574e-02;8.256052e-02;3.347991e-02;1.416271e-01;8.234864e-02;1.046394e-01;5.234673e-02;5.788612e-02;1.976872e-01;1.237482e-01;4.857113e-02
5.167810e-02;2.200428e-02;8.005746e-02;3.149774e-02;9.804396e-02;4.345758e-02;8.299764e-02;6.167426e-02;5.219040e-02;3.030578e-01;1.527365e-01;2.060432e-02
4.633008e-02;2.520309e-02;5.122198e-02;4.170790e-02;8.374488e-02;2.246564e-02;1.196387e-01;8.306967e-02;5.662999e-02;3.152283e-01;1.300120e-01;2.474780e-02
3.964829e-02;2.461108e-02;7.747887e-02;3.514147e-02;7.626107e-02;4.165946e-02;1.199529e-01;9.152813e-02;7.384112e-02;2.968659e-01;8.607449e-02;3.693729e-02
1.425865e-02;3.867496e-02;8.825384e-02;3.846449e-02;7.699175e-02;5.934526e-02;1.726321e-01;7.520677e-02;7.568479e-02;2.540888e-01;6.011871e-02;4.627994e-02
3.291056e-02;5.420205e-02;6.002449e-02;3.682337e-02;5.625850e-02;6.279457e-02;2.046093e-01;5.506095e-02;6.328791e-02;2.468619e-01;9.911961e-02;2.804680e-02
8.440048e-02;8.777682e-02;7.142481e-02;4.593384e-02;6.408367e-02;4.166976e-02;1.494226e-01;4.928969e-02;1.244628e-01;1.587964e-01;9.369960e-02;2.903953e-02
1.078072e-01;7.990423e-02;1.147568e-01;7.753316e-02;7.856637e-02;5.789891e-02;1.561994e-01;4.877757e-02;8.474425e-02;7.034027e-02;8.419547e-02;3.927638e-02
5.245712e-02;5.806569e-02;1.665100e-01;6.744789e-02;9.510810e-02;2.968048e-02;1.820254e-01;6.259047e-02;1.146391e-01;4.975840e-02;7.327785e-02;4.843947e-02
4.394410e-02;4.042779e-02;1.470339e-01;9.184428e-02;1.013339e-01;4.131546e-02;1.334651e-01;1.397103e-01;1.124909e-01;4.109777e-02;6.491073e-02;4.242570e-02
5.163129e-02;2.818633e-02;1.107486e-01;9.965853e-02;1.017279e-01;7.158566e-02;1.410030e-01;1.433990e-01;1.075753e-01;5.963221e-02;5.323863e-02;3.161358e-02
4.518855e-02;2.854230e-02;9.676263e-02;9.652623e-02;9.772770e-02;9.292699e-02;1.736631e-01;1.312887e-01;1.067848e-01;6.442171e-02;4.181742e-02;2.434991e-02
3.756139e-02;1.933433e-02;8.814273e-02;7.574808e-02;8.883500e-02;9.267180e-02;2.325720e-01;1.488248e-01;1.204381e-01;4.953034e-02;2.807187e-02;1.826959e-02
2.181743e-02;1.241824e-02;5.212417e-02;3.795234e-02;4.568496e-02;6.344686e-02;2.741487e-01;2.139201e-01;1.954987e-01;5.537605e-02;1.157150e-02;1.604089e-02
1.896685e-02;1.039219e-02;4.045267e-02;3.454503e-02;3.600588e-02;5.835298e-02;2.621382e-01;2.576071e-01;2.015118e-01;5.260476e-02;1.019270e-02;1.722974e-02
1.906448e-02;1.022916e-02;4.740952e-02;2.507272e-02;2.717265e-02;5.272770e-02;2.492695e-01;3.027136e-01;2.009453e-01;3.790517e-02;6.867520e-03;2.062273e-02
3.138584e-02;9.550748e-03;7.164701e-02;6.031021e-02;4.823799e-02;6.513767e-02;1.700693e-01;2.748454e-01;1.885636e-01;4.154180e-02;2.568999e-02;1.302044e-02
2.627006e-02;1.249583e-02;6.168319e-02;8.081808e-02;6.346343e-02;4.965959e-02;2.107899e-01;2.597268e-01;1.565993e-01;3.313606e-02;1.242431e-02;3.293342e-02
3.282490e-02;2.731497e-02;6.918063e-02;6.055168e-02;5.308122e-02;7.982158e-02;1.817673e-01;2.106703e-01;1.837421e-01;3.081140e-02;2.928045e-02;4.095351e-02
2.952826e-02;2.412930e-02;8.607187e-02;7.803275e-02;4.626974e-02;7.924584e-02;1.778691e-01;1.643287e-01;1.935349e-01;5.574660e-02;3.375512e-02;3.148782e-02
3.349286e-02;2.959729e-02;8.958925e-02;6.679935e-02;4.642481e-02;6.480509e-02;2.264344e-01;1.644639e-01;1.426120e-01;7.360383e-02;3.604830e-02;2.612895e-02
5.812357e-02;4.942092e-02;1.938606e-01;3.941543e-02;5.200059e-02;3.961673e-02;2.256809e-01;9.319720e-02;4.758637e-02;9.209312e-02;6.031212e-02;4.869245e-02
7.885304e-02;4.748657e-02;2.529445e-01;2.504095e-02;7.242330e-02;5.057868e-02;3.109475e-01;2.407672e-02;2.123582e-02;5.970021e-02;3.065177e-02;2.606089e-02
6.960070e-02;5.969198e-02;2.635214e-01;2.336217e-02;6.257386e-02;4.968401e-02;3.521485e-01;2.448941e-02;2.131505e-02;3.860329e-02;1.666705e-02;1.834261e-02
6.757188e-02;8.207911e-02;2.653958e-01;1.831202e-02;4.032090e-02;4.094522e-02;3.737673e-01;2.555027e-02;2.607495e-02;2.950445e-02;1.363963e-02;1.683854e-02
1.650547e-01;1.017853e-01;2.375395e-01;1.432545e-02;2.636126e-02;2.879172e-02;2.922438e-01;2.320599e-02;2.644193e-02;1.502343e-02;3.124085e-02;3.798608e-02
2.722436e-01;1.021331e-01;1.685507e-01;1.258865e-02;3.246924e-02;2.166981e-02;1.709761e-01;2.458949e-02;2.420150e-02;3.436197e-02;6.112156e-02;7.509422e-02
3.057326e-01;4.654101e-02;1.043402e-01;9.994501e-03;3.457597e-02;2.177255e-02;1.267479e-01;2.759224e-02;3.770374e-02;7.652156e-02;1.112472e-01;9.723050e-02
2.522219e-01;6.195746e-02;1.609011e-01;1.416114e-02;2.264176e-02;4.242554e-02;1.447792e-01;3.121917e-02;3.757058e-02;1.001736e-01;9.349384e-02;3.845470e-02
2.004670e-01;1.060454e-01;1.117595e-01;1.877400e-02;3.998279e-02;7.628894e-02;2.095558e-01;3.110380e-02;2.585443e-02;7.174705e-02;5.403835e-02;5.438296e-02
1.080989e-01;1.232306e-01;8.873808e-02;2.399623e-02;8.851133e-02;1.079821e-01;2.135146e-01;2.958262e-02;3.272203e-02;6.904418e-02;5.000227e-02;6.457706e-02
1.157208e-01;1.064480e-01;1.405738e-01;2.813763e-02;1.161857e-01;8.413168e-02;1.108577e-01;6.400442e-02;5.217811e-02;9.514307e-02;4.276478e-02;4.385435e-02
1.095635e-01;5.827897e-02;8.896664e-02;3.705293e-02;1.727452e-01;6.710227e-02;8.189742e-02;1.149790e-01;1.052154e-01;8.158795e-02;4.603365e-02;3.657715e-02
5.725488e-02;2.891802e-02;4.572990e-02;3.841344e-02;2.899170e-01;8.092064e-02;8.045607e-02;1.047347e-01;1.209078e-01;4.739131e-02;5.039053e-02;5.496581e-02
4.333454e-02;3.739095e-02;2.823485e-02;1.929982e-02;3.161574e-01;1.046421e-01;1.052888e-01;9.671219e-02;7.460811e-02;5.911805e-02;5.360561e-02;6.160772e-02
5.539227e-02;4.680615e-02;3.253020e-02;1.307500e-02;2.053130e-01;1.324977e-01;1.461167e-01;1.085649e-01;4.670846e-02;9.586918e-02;7.833546e-02;3.879095e-02
1.044010e-01;5.546385e-02;6.039561e-02;1.816313e-02;9.257935e-02;7.822864e-02;1.004806e-01;1.403755e-01;1.377386e-01;4.865200e-02;1.008290e-01;6.269258e-02
1.131287e-01;5.595584e-02;6.184616e-02;1.302424e-02;4.386589e-02;3.772640e-02;1.179828e-01;1.502496e-01;1.580835e-01;7.876687e-02;8.938895e-02;7.998105e-02
9.590732e-02;4.210657e-02;3.904871e-02;1.720625e-02;3.517550e-02;2.684711e-02;1.581130e-01;1.410532e-01;1.393158e-01;7.534058e-02;8.590598e-02;1.439799e-01
5.561224e-02;2.122900e-02;2.056326e-02;3.108616e-02;3.055141e-02;3.368062e-02;2.162614e-01;9.993274e-02;9.094806e-02;4.915415e-02;6.706443e-02;2.839165e-01
2.707447e-02;9.493313e-03;1.325857e-02;4.756770e-02;2.815301e-02;4.418894e-02;2.572123e-01;4.026646e-02;3.560983e-02;2.901727e-02;2.493121e-02;4.432269e-01
1.097305e-02;6.688861e-03;2.034093e-02;3.916977e-02;2.008935e-02;4.969321e-02;2.468425e-01;4.108133e-02;2.591086e-02;3.780788e-02;7.988147e-02;4.215208e-01
1.153719e-02;6.707214e-03;2.900672e-02;2.834065e-02;1.837646e-02;6.548068e-02;2.324211e-01;3.522934e-02;1.930547e-02;3.423650e-02;1.849170e-01;3.344417e-01
1.250425e-02;5.508879e-03;3.221441e-02;1.749874e-02;3.259100e-02;8.531041e-02;2.041143e-01;5.718426e-02;2.673445e-02;1.954925e-02;3.022925e-01;2.044976e-01
1.672160e-02;7.170242e-03;1.880458e-02;1.641908e-02;3.296627e-02;9.781361e-02;2.136295e-01;6.052301e-02;2.687035e-02;2.398811e-02;2.896105e-01;1.954831e-01
1.133174e-02;3.797492e-03;9.075218e-03;1.425651e-02;3.828801e-02;1.094626e-01;2.675204e-01;6.282618e-02;2.087375e-02;1.852421e-02;2.092542e-01;2.347898e-01
6.974578e-03;1.991259e-03;8.338028e-03;1.118671e-02;3.800145e-02;1.325089e-01;3.422896e-01;4.836305e-02;1.858860e-02;1.823952e-02;1.506275e-01;2.228909e-01
1.324323e-02;1.538949e-03;4.130099e-03;8.188922e-03;2.962715e-02;1.686321e-01;4.141208e-01;4.465756e-02;1.206242e-02;1.569088e-02;1.019874e-01;1.861205e-01
2.378303e-02;7.189525e-03;7.002406e-03;1.464123e-02;2.862300e-02;2.052856e-01;4.527822e-01;2.459563e-02;1.316576e-02;1.770605e-02;7.513122e-02;1.300944e-01
2.357907e-02;9.926602e-03;1.706116e-02;2.270543e-02;4.331821e-02;1.969100e-01;4.546916e-01;3.647097e-02;2.303238e-02;3.349923e-02;5.891713e-02;7.988830e-02
9.338859e-02;1.284236e-02;4.437280e-02;2.405268e-02;4.441133e-02;1.096714e-01;4.491389e-01;2.219949e-02;2.464593e-02;3.963702e-02;5.436373e-02;8.127578e-02
1.906771e-01;5.591923e-02;7.268290e-02;2.240057e-02;2.295660e-02;5.907348e-02;3.297054e-01;3.954781e-02;1.733509e-02;3.264838e-02;5.387866e-02;1.031748e-01
2.041370e-01;6.722263e-02;8.175924e-02;3.048708e-02;2.822369e-02;7.760147e-02;2.548582e-01;5.461982e-02;1.678495e-02;4.202497e-02;5.596070e-02;8.632027e-02
2.084190e-01;3.905925e-02;5.282055e-02;4.504162e-02;4.421857e-02;1.095952e-01;2.263547e-01;7.233098e-02;3.221161e-02;4.957857e-02;6.389842e-02;5.647152e-02
2.345832e-01;5.506319e-02;3.762586e-02;3.179224e-02;3.214431e-02;1.253896e-01;1.942248e-01;4.727055e-02;3.499861e-02;3.423865e-02;6.011708e-02;1.125519e-01
2.117179e-01;7.257742e-02;4.846484e-02;1.434250e-02;1.579610e-02;7.763238e-02;2.623096e-01;4.750727e-02;2.048943e-02;2.506075e-02;5.173805e-02;1.523638e-01
6.704914e-02;5.015099e-02;3.647668e-02;2.137958e-02;2.825856e-02;1.250083e-01;3.573090e-01;7.685288e-02;1.809040e-02;3.138525e-02;5.431725e-02;1.337220e-01
1.033944e-01;3.823402e-02;3.486302e-02;2.888201e-02;2.724141e-02;1.506673e-01;3.429982e-01;5.068213e-02;2.442222e-02;4.049046e-02;7.279810e-02;8.532677e-02
1.322904e-01;6.313902e-02;7.250696e-02;3.781806e-02;3.587220e-02;7.990852e-02;2.331394e-01;6.143391e-02;6.755553e-02;7.065001e-02;4.809544e-02;9.759061e-02
1.084774e-01;8.771252e-02;9.383240e-02;2.748190e-02;4.621990e-02;5.076042e-02;1.234241e-01;7.554671e-02;1.014651e-01;9.732039e-02;8.110078e-02;1.066584e-01
9.444938e-02;7.149313e-02;1.016582e-01;3.156883e-02;3.282301e-02;2.268851e-02;1.337837e-01;1.409885e-01;1.612894e-01;7.407685e-02;6.487900e-02;7.030149e-02
9.400342e-02;5.059173e-02;7.525314e-02;2.226754e-02;1.752415e-02;1.660670e-02;1.739285e-01;1.988720e-01;1.316757e-01;7.286449e-02;6.709144e-02;7.932121e-02
8.122987e-02;3.132686e-02;4.042098e-02;1.798386e-02;1.049524e-02;1.574672e-02;2.408960e-01;2.449440e-01;6.611382e-02;7.233191e-02;5.613457e-02;1.223761e-01
6.825984e-02;1.253486e-02;1.235727e-02;1.544136e-02;6.081368e-03;1.026598e-02;3.416433e-01;2.379220e-01;3.323853e-02;5.378496e-02;3.500051e-02;1.734701e-01
4.583025e-02;7.036371e-03;6.447372e-03;1.678610e-02;3.492900e-03;1.845357e-02;4.313193e-01;1.357221e-01;3.979776e-02;3.340735e-02;2.327286e-02;2.384340e-01
2.427868e-02;1.079452e-02;7.170442e-03;1.895460e-02;5.245012e-03;2.243602e-02;4.880902e-01;3.656230e-02;3.402802e-02;2.561331e-02;2.581431e-02;3.010126e-01
2.093691e-02;1.723695e-02;5.615752e-03;1.616205e-02;4.321279e-03;5.147415e-02;4.810310e-01;4.703766e-02;1.836131e-02;1.487967e-02;3.021437e-02;2.927289e-01
3.043152e-02;2.293228e-02;1.189048e-02;1.804574e-02;1.459931e-02;1.180283e-01;4.514751e-01;2.985131e-02;1.482470e-02;8.700004e-03;3.912070e-02;2.401005e-01
2.711073e-02;4.400373e-02;2.865026e-02;1.825355e-02;3.533286e-02;1.484298e-01;4.101219e-01;2.673066e-02;2.458446e-02;1.222777e-02;4.878515e-02;1.757691e-01
8.994931e-02;6.465308e-02;4.161176e-02;1.515832e-02;4.116615e-02;6.708118e-02;3.747897e-01;6.069972e-02;3.185999e-02;2.451407e-02;5.178466e-02;1.367321e-01
1.300159e-01;4.989631e-02;2.231052e-02;1.807199e-02;2.460387e-02;3.297214e-02;3.828783e-01;1.003586e-01;2.925108e-02;3.843274e-02;3.283359e-02;1.383749e-01
9.650719e-02;2.404903e-02;1.794476e-02;1.613156e-02;8.803661e-03;4.353975e-02;4.252962e-01;9.738512e-02;3.180351e-02;3.687814e-02;3.836078e-02;1.633004e-01
5.795954e-02;1.172478e-02;1.949889e-02;1.258524e-02;7.704294e-03;7.202791e-02;4.424386e-01;6.626420e-02;4.269908e-02;2.394386e-02;5.395515e-02;1.891984e-01
2.419426e-02;1.750261e-02;1.821133e-02;8.822121e-03;8.997534e-03;9.337391e-02;4.254059e-01;4.670895e-02;3.435631e-02;2.556327e-02;7.813295e-02;2.187309e-01
5.548218e-02;3.401870e-02;1.021040e-02;1.297542e-02;1.015583e-02;6.364255e-02;3.876035e-01;5.629258e-02;4.007743e-02;4.743815e-02;8.341605e-02;1.986872e-01
3.380287e-02;3.179760e-02;2.413069e-02;1.883112e-02;1.031731e-02;4.078890e-02;4.005769e-01;4.857839e-02;3.339098e-02;5.816216e-02;9.157258e-02;2.080505e-01
1.441347e-01;4.316903e-02;2.352178e-02;2.206358e-02;7.123088e-03;1.872015e-02;3.394453e-01;2.256108e-02;1.903813e-02;3.757669e-02;8.531363e-02;2.373329e-01
2.063945e-01;3.820085e-02;2.833278e-02;1.951094e-02;5.773893e-03;1.583189e-02;2.759188e-01;1.897998e-02;1.263205e-02;4.124254e-02;8.194710e-02;2.552345e-01
2.575732e-01;3.732689e-02;3.404044e-02;1.575780e-02;9.782851e-03;2.089630e-02;2.561168e-01;1.446905e-02;1.644901e-02;4.217926e-02;8.390409e-02;2.115044e-01
2.797485e-01;4.459514e-02;2.601577e-02;1.208648e-02;1.233895e-02;2.135841e-02;2.759905e-01;5.006218e-02;2.031757e-02;2.534288e-02;6.560439e-02;1.665392e-01
2.049420e-01;4.296784e-02;1.801744e-02;2.038805e-02;7.705445e-03;1.755397e-02;3.518449e-01;8.237246e-02;8.234680e-03;1.667933e-02;3.890705e-02;1.903868e-01
9.134343e-02;2.342941e-02;9.910878e-03;2.306884e-02;6.283018e-03;3.947790e-02;4.600542e-01;8.037745e-02;8.083590e-03;2.016086e-02;3.439445e-02;2.034160e-01
2.083656e-02;1.712899e-02;1.074571e-02;2.028313e-02;4.650920e-03;5.589148e-02;5.260813e-01;6.072930e-02;7.715217e-03;3.930868e-02;2.863740e-02;2.079913e-01
2.335083e-02;2.034864e-02;8.315723e-03;1.190472e-02;4.082499e-03;8.758280e-02;5.093613e-01;3.464587e-02;1.233811e-02;4.417577e-02;4.460877e-02;1.992850e-01
4.069510e-02;1.831782e-02;1.370450e-02;9.108898e-03;1.030810e-02;1.236300e-01;4.607887e-01;3.975033e-02;7.507935e-03;3.926726e-02;6.978185e-02;1.671395e-01
3.962782e-02;1.904729e-02;2.269362e-02;1.252569e-02;2.722223e-02;1.354032e-01;4.367356e-01;2.715669e-02;1.400584e-02;4.204355e-02;1.089018e-01;1.146367e-01
3.672740e-02;1.605478e-02;3.000279e-02;1.987352e-02;3.995875e-02;7.314961e-02;4.518887e-01;1.842660e-02;2.859206e-02;5.638777e-02;1.299273e-01;9.901083e-02
5.542275e-02;2.225928e-02;8.001419e-02;3.085043e-02;3.831472e-02;5.146021e-02;3.228191e-01;6.802975e-02;6.111254e-02;4.928038e-02;7.817344e-02;1.422633e-01
8.347977e-02;3.587426e-02;1.232531e-01;4.223926e-02;5.056477e-02;3.858873e-02;2.376964e-01;1.368753e-01;5.457564e-02;3.741894e-02;2.647089e-02;1.329630e-01
8.109984e-02;4.292576e-02;1.133772e-01;2.732812e-02;3.694664e-02;5.240376e-02;1.545168e-01;5.143511e-02;1.585994e-01;1.083208e-01;7.898381e-02;9.406281e-02
7.695290e-02;7.217798e-02;8.152959e-02;3.046747e-02;2.637366e-02;6.890484e-02;1.367395e-01;8.995909e-02;2.123959e-01;7.619757e-02;4.878340e-02;7.951806e-02
9.129862e-02;8.459564e-02;5.585111e-02;3.398295e-02;4.279174e-02;6.424646e-02;1.667077e-01;1.495492e-01;1.612498e-01;3.719563e-02;4.844297e-02;6.408816e-02
1.283082e-01;8.008228e-02;9.046780e-02;4.641749e-02;5.291088e-02;5.230364e-02;1.298475e-01;1.170872e-01;5.323054e-02;1.083785e-01;7.662851e-02;6.433738e-02
1.649630e-01;8.615312e-02;1.046945e-01;3.259029e-02;2.863320e-02;2.855401e-02;1.062406e-01;1.497727e-01;8.090755e-02;1.039095e-01;5.953266e-02;5.404885e-02
1.484302e-01;6.668696e-02;7.142213e-02;2.409163e-02;1.910180e-02;2.676609e-02;1.824159e-01;1.851797e-01;1.069758e-01;6.090530e-02;2.886688e-02;7.915772e-02
1.261745e-01;4.051561e-02;3.565304e-02;2.233298e-02;1.401324e-02;4.792506e-02;2.825553e-01;1.827199e-01;7.579453e-02;3.581627e-02;2.266901e-02;1.138306e-01
1.056159e-01;3.254882e-02;2.632002e-02;2.519936e-02;2.114291e-02;8.682358e-02;3.288387e-01;1.394358e-01;4.017561e-02;2.878583e-02;5.123163e-02;1.138819e-01
1.390636e-01;3.558311e-02;3.567569e-02;2.611425e-02;3.120401e-02;1.041680e-01;2.978140e-01;9.805810e-02;4.001229e-02;3.615420e-02;7.448512e-02;8.166762e-02
2.578092e-01;3.094761e-02;3.883787e-02;1.520683e-02;2.019779e-02;4.674045e-02;2.777029e-01;3.612678e-02;3.614854e-02;3.080570e-02;7.512078e-02;1.343555e-01
