4.312071e-02;3.354611e-02;2.204804e-01;7.426794e-02;7.775829e-02;5.038865e-02;1.991996e-01;9.136083e-02;9.068376e-02;4.130924e-02;4.270631e-02;3.517814e-02
3.606321e-02;2.678511e-02;2.027523e-01;8.450811e-02;6.888945e-02;4.837273e-02;2.377518e-01;8.104905e-02;9.917431e-02;5.693752e-02;3.153934e-02;2.617707e-02
1.730293e-02;2.054085e-02;2.688900e-01;8.274344e-02;4.213978e-02;3.145953e-02;2.697857e-01;6.049027e-02;9.245727e-02;6.538790e-02;3.378967e-02;1.501274e-02
1.648555e-02;4.579856e-02;3.554950e-01;5.848243e-02;3.070138e-02;2.238932e-02;2.634411e-01;5.248090e-02;6.529170e-02;4.569140e-02;3.139081e-02;1.235190e-02
2.671630e-02;6.901973e-02;2.943071e-01;4.706928e-02;5.081217e-02;2.377654e-02;3.035921e-01;4.075968e-02;5.181773e-02;4.251342e-02;3.017654e-02;1.943945e-02
8.600195e-02;9.408292e-02;1.778800e-01;4.172951e-02;4.937578e-02;4.341570e-02;3.595398e-01;2.844670e-02;3.354161e-02;4.392856e-02;2.507268e-02;1.698481e-02
1.392918e-01;1.063815e-01;9.089773e-02;3.039829e-02;5.033098e-02;6.902409e-02;4.192450e-01;1.504489e-02;1.552504e-02;3.540826e-02;1.495817e-02;1.349428e-02
1.729706e-01;7.658660e-02;8.369049e-02;3.670984e-02;6.600328e-02;8.806166e-02;3.675838e-01;1.985355e-02;1.396125e-02;4.098202e-02;1.234545e-02;2.125141e-02
1.932021e-01;6.266393e-02;6.773731e-02;4.262848e-02;8.243103e-02;9.620844e-02;3.344271e-01;1.683628e-02;1.324500e-02;4.687558e-02;1.819205e-02;2.555266e-02
1.296434e-01;1.202303e-01;8.200052e-02;2.879035e-02;5.208734e-02;6.218307e-02;4.057187e-01;2.134397e-02;1.596415e-02;2.934125e-02;3.253269e-02;2.016420e-02
6.542101e-02;1.472283e-01;9.547341e-02;2.159058e-02;4.276850e-02;3.965120e-02;4.846259e-01;2.225084e-02;1.515793e-02;1.334427e-02;3.881999e-02;1.366814e-02
5.310437e-02;1.378317e-01;1.003493e-01;1.801919e-02;4.701941e-02;3.501091e-02;5.007502e-01;3.154322e-02;1.639489e-02;1.489698e-02;3.611358e-02;8.966241e-03
3.329586e-02;1.210647e-01;1.413549e-01;1.489814e-02;3.446354e-02;2.288886e-02;5.122107e-01;4.889636e-02;1.654967e-02;1.403821e-02;2.948980e-02;1.084926e-02
2.931669e-02;9.553684e-02;2.036416e-01;1.447229e-02;2.448471e-02;1.675991e-02;4.716062e-01;6.413718e-02;2.230004e-02;2.033889e-02;1.540670e-02;2.199898e-02
1.511372e-02;6.563117e-02;2.661725e-01;1.709432e-02;1.564723e-02;1.281060e-02;4.139034e-01;7.579101e-02;3.290781e-02;3.224611e-02;1.078216e-02;4.189995e-02
1.158553e-02;3.612946e-02;3.055172e-01;2.642889e-02;1.338435e-02;8.718343e-03;3.592425e-01;7.495247e-02;4.975250e-02;4.532544e-02;1.634014e-02;5.262316e-02
1.418119e-02;2.572362e-02;2.943242e-01;3.456546e-02;1.978386e-02;6.613580e-03;3.373674e-01;7.245099e-02;6.175356e-02;5.867434e-02;2.277112e-02;5.179061e-02
2.146411e-02;3.025128e-02;2.316593e-01;3.263147e-02;3.109859e-02;1.994835e-02;3.902485e-01;5.704216e-02;5.196290e-02;6.078923e-02;3.083417e-02;4.206990e-02
3.648629e-02;4.636789e-02;1.859909e-01;3.034631e-02;4.835863e-02;3.286786e-02;4.273358e-01;4.388648e-02;3.995212e-02;4.630765e-02;2.847163e-02;3.362847e-02
5.276292e-02;5.468692e-02;1.682288e-01;3.041041e-02;6.819601e-02;3.832009e-02;4.252949e-01;4.540678e-02;3.523590e-02;3.602830e-02;2.369323e-02;2.173574e-02
6.754494e-02;6.787518e-02;1.546813e-01;3.491586e-02;6.380527e-02;2.755840e-02;3.547734e-01;4.701612e-02;6.808440e-02;5.684442e-02;2.571149e-02;3.118919e-02
7.633982e-02;7.862171e-02;2.074342e-01;3.646925e-02;6.817049e-02;4.592926e-02;2.172407e-01;3.186657e-02;5.717076e-02;8.816026e-02;4.563631e-02;4.696064e-02
1.954231e-01;1.361267e-01;2.126036e-01;5.398940e-02;3.142919e-02;1.995271e-02;9.953198e-02;5.121062e-02;4.211235e-02;6.375802e-02;5.268721e-02;4.117509e-02
1.827498e-01;1.369417e-01;1.983069e-01;5.847317e-02;2.893666e-02;2.313833e-02;1.004924e-01;5.688370e-02;5.135943e-02;6.810347e-02;4.748169e-02;4.713270e-02
1.414184e-01;1.156260e-01;1.879442e-01;5.836013e-02;3.010692e-02;2.455404e-02;1.219367e-01;7.422031e-02;7.558124e-02;8.484948e-02;3.572065e-02;4.968201e-02
9.650914e-02;7.287193e-02;1.549158e-01;4.455297e-02;2.843654e-02;1.589193e-02;1.393992e-01;1.041695e-01;1.308974e-01;1.021691e-01;4.963640e-02;6.055014e-02
2.123608e-01;3.366970e-02;1.451374e-01;3.874308e-02;2.981328e-02;3.207811e-02;8.875524e-02;9.946076e-02;1.527478e-01;7.207698e-02;5.793951e-02;3.721739e-02
1.763615e-01;9.896725e-02;1.773401e-01;6.280850e-02;3.478896e-02;2.722122e-02;1.098448e-01;4.749875e-02;1.037702e-01;4.220478e-02;5.209305e-02;6.710094e-02
1.842980e-01;1.362614e-01;1.711661e-01;7.198852e-02;3.376994e-02;2.347081e-02;1.143067e-01;3.595163e-02;7.882614e-02;5.060823e-02;4.865404e-02;5.069847e-02
2.790893e-01;1.576514e-01;1.060805e-01;6.471295e-02;3.437173e-02;4.688092e-02;1.034960e-01;2.560409e-02;5.027952e-02;5.713841e-02;2.881814e-02;4.587711e-02
3.528823e-01;1.449484e-01;4.208919e-02;3.720235e-02;5.794768e-02;7.477713e-02;7.488956e-02;2.033348e-02;6.503235e-02;5.033067e-02;1.700342e-02;6.256345e-02
2.762617e-01;8.331577e-02;6.424213e-02;3.388158e-02;1.055960e-01;8.752315e-02;4.431350e-02;3.525150e-02;1.266865e-01;2.715117e-02;1.583823e-02;9.993882e-02
1.482171e-01;3.093700e-02;8.234683e-02;6.117693e-02;1.553946e-01;8.603758e-02;3.634500e-02;4.866586e-02;1.611708e-01;3.022886e-02;2.144866e-02;1.380309e-01
9.393620e-02;5.465036e-02;9.698937e-02;1.098499e-01;1.504704e-01;5.958731e-02;2.326011e-02;5.387803e-02;1.309173e-01;6.357515e-02;4.643816e-02;1.164477e-01
5.720907e-02;6.223429e-02;1.592782e-01;1.617215e-01;1.065716e-01;3.111704e-02;2.424140e-02;9.084035e-02;5.423404e-02;7.780438e-02;1.079365e-01;6.681164e-02
4.522827e-02;5.142953e-02;2.706954e-01;1.595114e-01;6.513403e-02;1.876287e-02;3.389684e-02;8.577789e-02;2.414724e-02;5.665175e-02;1.468754e-01;4.188932e-02
4.472556e-02;2.716893e-02;3.583168e-01;1.423325e-01;5.397531e-02;1.641838e-02;4.618327e-02;6.571808e-02;1.883889e-02;4.236219e-02;1.404564e-01;4.350361e-02
4.603816e-02;3.779662e-02;3.487430e-01;1.085141e-01;5.754299e-02;2.577910e-02;8.980817e-02;4.785980e-02;2.621923e-02;5.636354e-02;9.108881e-02;6.424651e-02
5.122689e-02;6.874016e-02;3.174740e-01;7.469665e-02;5.417685e-02;3.953429e-02;1.067170e-01;2.938796e-02;4.271871e-02;6.309836e-02;7.100751e-02;8.122168e-02
5.667838e-02;8.756781e-02;3.722995e-01;6.528613e-02;5.190219e-02;4.622763e-02;6.701722e-02;3.516227e-02;3.396445e-02;5.476114e-02;6.875323e-02;6.038007e-02
7.481439e-02;1.014120e-01;3.286383e-01;6.761197e-02;6.417270e-02;2.602681e-02;1.118722e-01;3.513718e-02;3.141824e-02;5.330294e-02;5.749929e-02;4.809396e-02
7.801448e-02;1.344851e-01;3.068259e-01;6.876212e-02;5.936376e-02;2.376146e-02;8.627432e-02;4.866277e-02;3.738718e-02;4.863754e-02;6.383067e-02;4.399475e-02
7.405262e-02;1.320012e-01;2.879202e-01;1.036120e-01;7.166273e-02;2.991233e-02;5.561944e-02;6.954193e-02;2.927753e-02;2.287637e-02;8.460829e-02;3.891537e-02
5.781449e-02;8.569995e-02;3.310905e-01;1.331793e-01;9.230513e-02;2.907429e-02;2.668245e-02;8.595458e-02;1.572214e-02;1.705300e-02;9.484165e-02;3.058259e-02
3.803628e-02;7.864048e-02;3.412913e-01;1.278554e-01;1.156025e-01;2.826840e-02;2.148184e-02;9.868966e-02;1.611445e-02;1.581139e-02;9.010196e-02;2.810632e-02
1.984278e-02;1.138115e-01;3.111868e-01;1.070139e-01;1.399482e-01;3.291733e-02;3.260877e-02;9.649403e-02;2.515195e-02;1.745793e-02;7.468605e-02;2.888065e-02
1.945701e-02;1.304250e-01;2.880132e-01;9.542721e-02;1.572918e-01;3.759252e-02;9.058359e-03;8.441989e-02;3.985200e-02;2.071851e-02;6.584770e-02;5.189684e-02
3.336151e-02;1.077491e-01;2.642567e-01;8.217955e-02;1.454952e-01;3.918170e-02;4.957152e-02;7.023027e-02;6.424874e-02;1.984051e-02;5.849886e-02;6.538630e-02
4.077445e-02;8.279230e-02;2.495335e-01;6.760088e-02;1.510152e-01;4.550509e-02;5.826420e-02;5.935654e-02;8.586788e-02;2.023986e-02;5.491101e-02;8.413908e-02
6.922498e-02;4.668466e-02;2.205204e-01;4.968110e-02;1.622071e-01;6.262542e-02;1.083994e-01;4.306557e-02;7.876614e-02;2.056308e-02;4.451866e-02;9.374355e-02
7.763644e-02;3.806899e-02;2.124668e-01;4.690320e-02;1.749336e-01;7.839166e-02;1.254833e-01;2.861399e-02;5.905274e-02;2.045562e-02;4.500268e-02;9.299101e-02
7.279345e-02;2.972587e-02;2.959007e-01;5.560847e-02;1.795033e-01;7.949480e-02;6.605028e-02;1.507767e-02;3.691799e-02;2.615368e-02;5.767526e-02;8.509859e-02
6.498481e-02;2.775899e-02;3.513481e-01;5.767786e-02;1.358521e-01;6.081324e-02;1.079556e-01;1.847673e-02;2.113128e-02;3.606845e-02;6.366029e-02;5.427264e-02
6.425853e-02;2.701170e-02;3.701488e-01;5.696427e-02;8.728984e-02;3.642734e-02;1.682192e-01;2.680803e-02;3.081062e-02;4.378467e-02;5.487650e-02;3.340041e-02
8.001710e-02;4.849945e-02;2.735214e-01;9.356506e-02;1.452852e-01;3.850076e-02;9.506848e-02;6.244365e-02;3.784876e-02;4.436279e-02;4.154312e-02;3.934428e-02
6.260113e-02;7.497985e-02;2.066799e-01;7.501385e-02;1.093344e-01;6.288414e-02;9.052618e-02;8.083033e-02;8.163510e-02;5.242591e-02;4.741609e-02;5.567309e-02
8.533029e-02;3.198538e-02;2.027030e-01;8.258623e-02;6.323963e-02;5.320371e-02;1.388823e-01;9.319092e-02;7.693069e-02;4.430416e-02;6.050770e-02;6.713599e-02
1.110099e-01;3.961409e-02;1.844070e-01;7.625343e-02;4.575924e-02;4.330297e-02;1.692448e-01;1.011909e-01;6.832188e-02;4.714629e-02;5.134943e-02;6.240007e-02
1.209934e-01;6.242506e-02;2.144728e-01;6.932086e-02;4.543702e-02;3.981932e-02;1.546758e-01;8.927929e-02;5.886531e-02;5.856026e-02;3.931606e-02;4.683485e-02
6.031377e-02;5.345155e-02;3.769998e-01;6.415293e-02;6.358223e-02;3.472747e-02;1.134666e-01;4.913172e-02;2.688810e-02;5.486856e-02;6.390136e-02;3.851596e-02
3.480246e-02;3.241839e-02;4.650260e-01;7.411189e-02;7.538145e-02;3.339043e-02;9.321414e-02;4.299447e-02;2.210450e-02;4.081258e-02;5.690234e-02;2.884133e-02
3.046538e-02;2.586875e-02;5.638735e-01;7.423326e-02;6.724165e-02;2.595037e-02;5.446136e-02;3.704694e-02;1.888006e-02;4.356608e-02;3.939889e-02;1.901376e-02
2.911401e-02;3.000848e-02;6.393836e-01;6.496965e-02;4.852059e-02;1.620608e-02;4.678695e-02;2.874494e-02;1.335690e-02;5.070776e-02;1.925527e-02;1.294576e-02
2.658826e-02;4.289245e-02;6.387143e-01;6.428049e-02;4.684222e-02;1.788755e-02;4.914455e-02;2.122721e-02;9.653904e-03;6.077067e-02;1.410430e-02;7.894130e-03
1.991530e-02;4.756528e-02;6.134340e-01;6.925332e-02;5.253750e-02;2.326043e-02;4.727769e-02;1.422843e-02;1.279087e-02;6.871957e-02;2.532749e-02;5.690178e-03
1.972205e-02;5.452341e-02;5.679050e-01;6.985264e-02;4.777436e-02;2.421458e-02;5.572018e-02;1.724386e-02;2.144781e-02;6.980474e-02;3.707471e-02;1.471665e-02
2.854263e-02;7.178514e-02;5.035186e-01;6.615587e-02;5.338885e-02;2.203923e-02;6.349933e-02;2.610721e-02;2.496550e-02;6.828392e-02;4.199784e-02;2.971588e-02
2.507058e-02;7.176159e-02;5.121137e-01;5.771817e-02;6.668850e-02;2.909479e-02;6.438219e-02;3.173980e-02;1.810389e-02;6.033704e-02;3.409655e-02;2.889319e-02
3.481729e-02;2.845300e-02;5.550575e-01;6.158195e-02;6.215104e-02;3.226991e-02;8.017091e-02;3.144230e-02;2.469756e-02;4.006921e-02;3.117765e-02;1.811170e-02
4.574668e-02;6.573509e-02;4.877942e-01;8.389992e-02;5.885708e-02;3.042058e-02;8.297373e-02;2.726342e-02;2.114772e-02;4.313792e-02;3.898622e-02;1.403746e-02
6.366327e-02;9.715711e-02;3.838122e-01;6.594404e-02;3.786188e-02;4.266272e-02;9.556801e-02;4.377194e-02;4.330552e-02;5.694411e-02;5.219591e-02;1.711331e-02
1.042135e-01;8.810697e-02;3.012507e-01;6.252104e-02;3.643415e-02;3.689285e-02;9.302249e-02;5.388195e-02;6.265713e-02;5.798119e-02;6.449168e-02;3.854635e-02
8.390216e-02;1.155970e-01;2.072077e-01;7.804027e-02;6.006708e-02;3.159410e-02;6.423424e-02;6.618144e-02;8.392208e-02;7.074384e-02;8.407862e-02;5.443147e-02
6.796949e-02;1.104551e-01;1.276924e-01;8.165210e-02;5.229226e-02;2.267272e-02;9.610248e-02;9.204752e-02;1.158555e-01;6.420242e-02;1.192858e-01;4.977219e-02
7.114024e-02;1.231796e-01;1.050025e-01;7.291746e-02;2.977009e-02;4.205833e-02;8.804551e-02;9.691768e-02;1.198612e-01;7.170517e-02;1.212584e-01;5.814395e-02
1.125883e-01;1.360426e-01;1.592788e-01;3.950952e-02;4.357157e-02;4.902241e-02;6.877004e-02;9.284512e-02;8.964736e-02;7.205727e-02;8.122020e-02;5.544676e-02
1.069233e-01;1.313926e-01;1.648328e-01;5.427838e-02;4.312752e-02;5.074866e-02;6.818464e-02;5.928047e-02;8.498900e-02;1.152648e-01;6.822094e-02;5.275689e-02
1.510634e-01;1.012773e-01;9.960153e-02;5.157405e-02;4.515344e-02;4.960012e-02;9.954114e-02;7.636102e-02;8.385090e-02;7.643726e-02;1.174512e-01;4.808864e-02
1.823790e-01;1.048962e-01;7.303432e-02;4.312714e-02;4.691709e-02;3.711181e-02;1.024384e-01;8.771406e-02;8.329674e-02;6.179146e-02;1.307146e-01;4.657930e-02
1.845525e-01;1.315820e-01;7.477266e-02;4.517910e-02;3.560139e-02;2.422947e-02;1.026600e-01;8.413646e-02;8.085740e-02;6.126071e-02;1.195146e-01;5.565363e-02
1.735253e-01;1.404363e-01;1.370925e-01;5.512012e-02;2.768287e-02;3.392217e-02;7.488024e-02;6.081406e-02;7.364123e-02;6.953160e-02;1.000970e-01;5.325658e-02
1.312356e-01;8.936092e-02;2.103575e-01;4.891090e-02;4.589679e-02;4.054064e-02;1.431464e-01;3.613199e-02;3.778772e-02;8.439206e-02;8.217554e-02;5.006400e-02
7.409348e-02;4.360701e-02;2.429997e-01;4.752147e-02;7.707433e-02;4.913447e-02;1.657867e-01;4.568734e-02;4.731057e-02;7.963203e-02;6.758441e-02;5.956843e-02
5.803885e-02;7.682060e-02;1.950191e-01;4.434007e-02;1.361586e-01;7.838880e-02;7.666685e-02;5.187915e-02;3.399729e-02;6.587224e-02;8.664595e-02;9.617262e-02
1.269510e-01;9.710320e-02;1.795085e-01;4.180889e-02;1.100284e-01;6.201561e-02;1.131871e-01;4.210925e-02;3.541709e-02;3.757733e-02;5.786165e-02;9.643205e-02
1.450081e-01;7.591940e-02;2.385263e-01;5.165489e-02;8.417064e-02;4.278176e-02;1.146526e-01;4.674016e-02;2.893115e-02;3.432449e-02;7.001373e-02;6.727682e-02
1.098206e-01;5.744468e-02;3.612538e-01;6.431565e-02;6.068861e-02;3.008843e-02;7.132064e-02;4.480939e-02;2.109317e-02;5.505987e-02;7.781366e-02;4.629145e-02
9.448010e-02;6.383140e-02;4.321848e-01;5.652767e-02;4.083076e-02;1.895948e-02;7.096642e-02;3.520646e-02;2.824142e-02;7.337397e-02;5.777884e-02;2.761865e-02
8.502118e-02;5.178066e-02;4.544246e-01;5.822780e-02;3.744172e-02;8.873422e-03;7.201274e-02;3.709400e-02;2.793880e-02;7.759925e-02;6.862970e-02;2.095620e-02
5.907520e-02;3.729869e-02;4.744360e-01;6.798969e-02;4.682475e-02;1.214149e-02;6.259473e-02;3.618148e-02;3.102006e-02;7.039263e-02;7.118598e-02;3.085933e-02
3.990867e-02;2.853671e-02;4.962247e-01;8.005983e-02;4.556629e-02;1.394555e-02;6.118277e-02;3.114750e-02;2.652164e-02;7.084752e-02;7.369964e-02;3.235917e-02
3.067572e-02;1.928168e-02;5.028048e-01;9.426894e-02;5.107561e-02;1.453836e-02;5.595288e-02;3.255072e-02;2.061857e-02;6.920023e-02;8.074863e-02;2.828384e-02
2.130506e-02;1.540378e-02;5.146435e-01;1.086206e-01;5.614836e-02;1.457930e-02;4.102712e-02;3.426762e-02;1.854148e-02;6.702216e-02;8.345647e-02;2.498453e-02
1.531621e-02;1.386147e-02;5.194371e-01;1.261662e-01;6.310611e-02;1.539088e-02;3.480984e-02;3.121101e-02;1.464095e-02;5.941866e-02;8.013225e-02;2.650922e-02
1.801621e-02;1.232071e-02;5.348713e-01;1.303925e-01;5.809142e-02;1.482905e-02;3.800413e-02;2.679844e-02;1.445451e-02;5.183448e-02;7.267326e-02;2.771388e-02
1.543844e-02;1.232483e-02;5.615398e-01;1.205809e-01;6.615188e-02;1.415719e-02;2.902283e-02;2.603574e-02;1.419785e-02;4.911815e-02;6.685924e-02;2.457317e-02
1.223434e-02;9.728795e-03;5.630597e-01;1.112072e-01;8.359352e-02;1.745031e-02;3.686279e-02;3.037973e-02;8.725691e-03;4.099631e-02;6.632911e-02;1.943250e-02
1.703550e-02;1.253700e-02;5.577986e-01;1.117381e-01;9.119711e-02;1.870069e-02;3.641362e-02;3.670484e-02;9.946140e-03;2.875128e-02;6.397436e-02;1.520278e-02
1.796243e-02;1.552045e-02;5.665138e-01;1.135268e-01;9.050402e-02;1.965442e-02;2.965252e-02;3.868702e-02;8.162434e-03;2.842510e-02;5.792713e-02;1.346385e-02
2.675082e-02;1.588721e-02;5.711269e-01;9.557946e-02;7.557260e-02;1.765345e-02;5.486408e-02;3.067834e-02;1.464033e-02;3.686432e-02;4.859892e-02;1.178353e-02
3.172925e-02;1.493020e-02;6.046889e-01;7.814429e-02;6.377358e-02;1.676605e-02;5.827722e-02;2.060432e-02;1.270314e-02;5.063455e-02;4.109639e-02;6.652080e-03
2.727802e-02;2.140409e-02;5.981874e-01;5.958707e-02;5.374419e-02;2.200688e-02;6.236127e-02;2.017416e-02;1.849768e-02;7.446285e-02;3.600942e-02;6.286914e-03
1.629839e-02;2.466474e-02;5.806530e-01;4.893885e-02;3.790959e-02;1.944366e-02;6.749970e-02;2.265361e-02;2.122737e-02;1.027816e-01;4.722003e-02;1.070958e-02
1.175505e-02;2.511914e-02;5.630428e-01;4.732320e-02;3.994693e-02;1.481202e-02;6.353327e-02;2.763748e-02;2.062641e-02;1.208987e-01;5.146502e-02;1.383998e-02
2.688335e-02;4.072922e-02;5.116610e-01;4.413369e-02;4.316761e-02;1.851406e-02;5.503958e-02;4.161994e-02;3.790806e-02;1.073076e-01;4.572926e-02;2.730658e-02
3.859831e-02;5.885398e-02;4.812534e-01;3.899541e-02;3.601512e-02;2.104797e-02;7.265565e-02;5.373234e-02;4.087655e-02;9.189090e-02;3.411044e-02;3.196986e-02
3.522838e-02;4.897267e-02;4.919641e-01;5.049722e-02;4.260189e-02;1.585327e-02;7.246098e-02;5.364291e-02;3.381773e-02;8.404552e-02;4.635312e-02;2.456221e-02
3.592219e-02;3.700257e-02;4.745446e-01;6.296680e-02;6.741983e-02;2.062888e-02;9.303610e-02;4.900027e-02;2.827356e-02;6.631308e-02;4.970054e-02;1.519150e-02
4.891405e-02;3.823932e-02;3.930593e-01;7.660874e-02;8.758022e-02;2.414475e-02;1.053848e-01;4.323684e-02;4.264388e-02;5.650827e-02;6.062018e-02;2.305963e-02
5.347968e-02;7.581636e-02;3.440999e-01;7.375814e-02;9.756659e-02;1.178024e-02;1.044873e-01;4.118257e-02;5.545635e-02;5.761784e-02;6.538696e-02;1.936803e-02
4.838746e-02;6.820467e-02;3.499200e-01;6.045897e-02;1.103351e-01;2.490710e-02;9.041157e-02;5.310036e-02;6.674995e-02;4.806739e-02;5.521708e-02;2.424037e-02
4.074773e-02;3.933352e-02;3.573874e-01;7.017652e-02;9.838866e-02;2.930377e-02;1.013716e-01;5.263872e-02;7.367820e-02;5.237755e-02;5.426170e-02;3.033458e-02
3.817632e-02;5.144625e-02;3.200448e-01;7.639463e-02;7.447778e-02;2.612238e-02;8.992709e-02;6.557757e-02;5.901254e-02;8.753096e-02;7.474698e-02;3.654274e-02
4.305584e-02;5.270828e-02;2.949318e-01;7.300187e-02;7.764079e-02;2.519242e-02;7.756189e-02;9.132522e-02;5.715411e-02;1.013333e-01;5.401978e-02;5.207473e-02
5.418619e-02;5.616314e-02;2.932529e-01;7.868992e-02;8.053011e-02;2.229135e-02;7.804631e-02;1.033578e-01;5.861374e-02;7.915511e-02;5.181608e-02;4.389742e-02
5.669893e-02;5.278885e-02;3.209375e-01;6.906956e-02;9.198756e-02;3.707703e-02;7.495639e-02;8.970170e-02;7.962694e-02;5.424771e-02;5.199381e-02;2.091393e-02
6.499864e-02;5.033268e-02;3.010033e-01;6.232763e-02;1.109560e-01;4.041426e-02;5.876064e-02;7.282061e-02;9.120830e-02;7.527006e-02;4.519947e-02;2.670846e-02
5.816934e-02;4.952647e-02;2.585154e-01;7.844276e-02;9.783735e-02;2.807793e-02;6.664068e-02;1.149553e-01;5.794294e-02;8.437200e-02;4.986700e-02;5.565279e-02
5.498950e-02;5.365769e-02;2.506427e-01;8.348628e-02;9.511822e-02;3.813889e-02;7.805808e-02;1.209043e-01;5.455035e-02;6.035528e-02;3.767002e-02;7.242867e-02
5.123639e-02;7.034517e-02;2.567979e-01;8.578233e-02;1.060407e-01;5.244536e-02;7.123590e-02;7.963859e-02;5.095608e-02;4.717092e-02;5.819171e-02;7.015900e-02
5.574103e-02;4.433631e-02;3.104401e-01;8.291504e-02;1.270435e-01;5.411381e-02;7.347675e-02;4.607401e-02;4.173207e-02;6.233181e-02;6.063346e-02;4.116208e-02
5.695284e-02;5.563405e-02;3.321898e-01;9.006350e-02;1.423137e-01;4.168054e-02;4.411889e-02;4.854652e-02;3.895429e-02;7.075694e-02;5.816837e-02;2.062056e-02
5.837737e-02;7.139181e-02;2.707459e-01;9.380057e-02;1.552614e-01;3.814708e-02;4.785975e-02;6.464980e-02;4.613998e-02;6.811749e-02;5.770880e-02;2.780007e-02
5.678065e-02;7.030509e-02;2.108267e-01;8.091085e-02;1.706563e-01;6.658236e-02;1.087400e-01;4.103530e-02;4.324770e-02;5.750468e-02;5.236631e-02;4.104409e-02
5.488633e-02;5.285128e-02;6.588612e-02;9.189484e-02;2.199125e-01;9.409819e-02;1.782862e-01;4.421834e-02;6.158247e-02;6.526434e-02;3.597478e-02;3.514469e-02
2.233381e-02;3.884700e-02;3.521025e-01;8.139420e-02;1.466870e-01;5.359091e-02;6.917682e-02;4.092787e-02;4.013499e-02;6.060711e-02;5.775600e-02;3.644187e-02
4.320885e-02;3.071236e-02;5.073641e-01;7.023293e-02;7.345543e-02;2.424826e-02;7.494954e-02;1.873761e-02;2.840253e-02;6.195055e-02;4.040060e-02;2.633722e-02
3.370525e-02;2.404187e-02;5.916228e-01;6.896716e-02;6.179724e-02;1.837728e-02;6.569094e-02;1.775993e-02;1.741892e-02;5.412853e-02;3.052465e-02;1.596545e-02
2.854628e-02;2.494248e-02;5.558916e-01;8.498448e-02;9.545863e-02;2.761700e-02;3.930703e-02;2.986607e-02;1.286130e-02;3.483384e-02;4.943093e-02;1.626043e-02
2.057287e-02;3.022475e-02;4.891314e-01;1.180296e-01;1.281924e-01;3.629174e-02;3.297865e-02;3.878178e-02;7.371910e-03;2.043157e-02;5.894381e-02;1.904953e-02
1.286338e-02;4.177076e-02;4.418605e-01;1.317508e-01;1.483405e-01;4.184004e-02;2.271768e-02;5.027355e-02;8.050483e-03;1.543208e-02;6.156047e-02;2.353978e-02
1.895225e-02;5.415922e-02;4.191088e-01;1.168932e-01;1.559975e-01;4.479945e-02;1.869596e-02;5.515294e-02;1.763821e-02;1.942588e-02;5.341532e-02;2.576127e-02
2.571528e-02;5.123266e-02;3.745032e-01;9.322085e-02;1.852732e-01;6.297520e-02;2.413255e-02;4.821897e-02;2.034339e-02;2.920596e-02;4.254770e-02;4.263100e-02
3.935926e-02;3.413323e-02;2.865919e-01;7.083902e-02;2.306168e-01;9.714998e-02;5.262500e-02;3.342770e-02;4.146589e-02;1.828798e-02;2.478708e-02;7.071614e-02
4.814924e-02;2.564336e-02;2.122590e-01;5.765607e-02;2.557072e-01;1.259607e-01;6.792237e-02;2.691503e-02;6.247178e-02;7.959212e-03;1.818930e-02;9.116677e-02
7.934561e-02;2.601244e-02;1.614143e-01;4.862188e-02;2.269573e-01;1.355760e-01;1.145580e-01;2.277065e-02;6.745698e-02;1.410693e-02;2.281427e-02;8.036563e-02
1.486228e-01;3.171017e-02;9.307554e-02;3.609540e-02;1.907373e-01;1.413439e-01;1.871447e-01;1.583067e-02;5.078599e-02;2.564654e-02;2.284030e-02;5.616672e-02
1.868099e-01;3.966348e-02;6.390703e-02;3.283897e-02;1.488063e-01;1.436729e-01;2.496247e-01;1.390176e-02;3.403874e-02;4.254949e-02;1.556130e-02;2.862540e-02
1.871196e-01;5.103983e-02;4.420798e-02;5.298249e-02;1.237245e-01;1.363953e-01;2.952432e-01;1.528956e-02;1.756591e-02;4.930189e-02;7.853619e-03;1.927612e-02
1.634481e-01;7.776549e-02;4.775234e-02;6.419566e-02;9.014764e-02;1.085118e-01;3.410027e-01;1.275162e-02;1.601342e-02;4.601722e-02;1.049455e-02;2.189945e-02
1.496148e-01;1.053650e-01;3.797762e-02;5.912317e-02;5.593752e-02;8.534045e-02;4.178633e-01;1.116374e-02;1.375253e-02;3.074050e-02;8.081988e-03;2.503944e-02
1.279911e-01;1.268731e-01;3.158831e-02;4.148258e-02;4.853255e-02;7.058862e-02;4.591258e-01;1.329093e-02;1.773483e-02;1.924397e-02;1.909128e-02;2.445693e-02
8.444999e-02;1.418358e-01;4.058636e-02;2.103504e-02;4.861288e-02;6.175837e-02;4.906589e-01;1.772505e-02;2.355115e-02;1.850220e-02;3.635912e-02;1.492515e-02
5.755783e-02;1.380304e-01;4.418971e-02;1.191002e-02;4.590832e-02;5.124382e-02;5.311506e-01;2.161201e-02;2.588560e-02;1.600452e-02;4.907320e-02;7.433920e-03
3.313778e-02;1.179622e-01;4.630381e-02;1.635985e-02;5.228601e-02;4.774671e-02;5.576044e-01;2.163178e-02;2.725563e-02;1.926156e-02;5.323986e-02;7.210431e-03
3.345988e-02;1.038366e-01;3.262872e-02;1.188822e-02;5.859186e-02;4.928923e-02;5.777085e-01;2.448213e-02;2.754397e-02;1.946858e-02;5.444782e-02;6.654399e-03
3.071428e-02;9.079477e-02;3.994069e-02;1.267333e-02;6.250722e-02;5.052843e-02;5.629852e-01;2.729259e-02;2.921262e-02;3.041240e-02;5.564369e-02;7.294758e-03
3.145250e-02;8.393896e-02;4.093338e-02;2.053528e-02;8.366573e-02;6.135243e-02;5.060560e-01;2.586476e-02;3.225508e-02;4.759186e-02;5.114778e-02;1.520626e-02
3.300266e-02;6.986006e-02;8.864470e-02;3.257326e-02;1.151170e-01;6.629434e-02;3.887336e-01;3.149966e-02;3.562570e-02;6.392917e-02;5.101344e-02;2.370646e-02
3.161437e-02;7.329220e-02;1.492191e-01;4.690072e-02;1.242244e-01;4.804878e-02;2.642094e-01;3.662533e-02;6.161650e-02;6.602132e-02;5.984931e-02;3.837857e-02
7.130533e-02;8.094074e-02;1.959337e-01;5.002881e-02;1.012134e-01;2.935978e-02;1.310802e-01;4.479809e-02;1.407074e-01;6.612792e-02;4.444803e-02;4.405661e-02
6.001283e-02;9.547438e-02;1.564647e-01;4.636450e-02;8.839598e-02;3.644912e-02;9.666630e-02;8.524992e-02;1.544319e-01;8.046006e-02;4.318589e-02;5.684445e-02
1.252843e-01;1.215033e-01;1.280668e-01;7.142872e-02;6.170912e-02;3.480577e-02;1.154760e-01;8.947736e-02;4.992389e-02;1.115222e-01;4.366408e-02;4.713841e-02
9.988990e-02;9.097805e-02;7.397387e-02;8.065994e-02;5.897461e-02;4.832377e-02;1.330357e-01;6.125663e-02;1.078418e-01;1.267311e-01;5.591764e-02;6.241700e-02
9.908441e-02;8.423270e-02;5.518068e-02;7.937651e-02;6.481564e-02;5.054818e-02;1.124647e-01;8.407430e-02;1.265375e-01;1.109497e-01;7.308733e-02;5.964831e-02
1.059755e-01;8.178034e-02;9.049777e-02;6.818120e-02;5.260638e-02;3.976271e-02;9.511810e-02;7.704704e-02;1.553125e-01;1.335188e-01;7.195287e-02;2.824676e-02
7.683548e-02;7.936477e-02;9.625103e-02;5.542724e-02;4.031540e-02;5.763768e-02;8.775619e-02;1.301132e-01;1.512184e-01;1.509258e-01;4.079109e-02;3.336369e-02
8.448430e-02;5.561292e-02;9.763418e-02;5.481393e-02;4.225913e-02;7.149867e-02;1.219246e-01;1.285550e-01;1.523294e-01;1.050521e-01;5.782450e-02;2.801125e-02
1.036372e-01;4.576199e-02;1.064740e-01;5.779710e-02;2.624726e-02;6.230835e-02;1.359888e-01;1.288222e-01;1.384388e-01;8.859725e-02;7.141482e-02;3.451221e-02
7.779711e-02;6.242729e-02;1.105298e-01;3.887803e-02;3.489799e-02;8.503836e-02;1.201264e-01;1.219204e-01;1.064215e-01;1.110916e-01;5.915533e-02;7.171618e-02
4.982905e-02;6.348956e-02;8.118945e-02;4.322022e-02;3.242229e-02;8.938314e-02;1.445951e-01;1.136794e-01;1.016983e-01;1.431401e-01;4.299337e-02;9.436002e-02
6.065314e-02;5.012546e-02;8.760186e-02;4.938880e-02;3.748114e-02;7.741555e-02;1.709346e-01;1.018266e-01;8.986967e-02;1.504191e-01;3.985398e-02;8.443004e-02
6.390836e-02;4.768204e-02;1.563809e-01;4.323725e-02;4.530614e-02;6.545902e-02;2.295439e-01;6.457927e-02;8.344269e-02;1.148031e-01;3.971519e-02;4.594218e-02
6.088518e-02;4.013331e-02;2.101240e-01;4.437899e-02;5.818105e-02;5.134562e-02;2.842118e-01;5.256262e-02;6.783868e-02;6.198209e-02;3.682452e-02;3.153212e-02
6.913184e-02;3.434846e-02;2.385514e-01;4.876228e-02;5.445924e-02;4.920099e-02;2.645083e-01;4.787212e-02;5.503132e-02;5.679089e-02;4.861280e-02;3.273029e-02
6.200140e-02;5.132213e-02;2.536140e-01;7.454135e-02;4.523340e-02;4.443007e-02;1.434344e-01;5.655961e-02;8.959316e-02;9.715355e-02;4.974181e-02;3.237509e-02
3.369835e-02;5.400060e-02;2.403364e-01;8.235252e-02;5.635361e-02;4.190973e-02;1.670792e-01;7.221702e-02;9.116185e-02;8.790607e-02;4.205048e-02;3.093415e-02
2.378548e-02;5.500903e-02;2.153873e-01;6.429231e-02;6.420336e-02;4.039031e-02;2.903569e-01;7.022998e-02;5.491177e-02;5.031384e-02;4.120390e-02;2.991587e-02
2.299655e-02;6.598165e-02;2.116636e-01;5.579422e-02;7.922417e-02;4.329870e-02;3.108237e-01;7.019701e-02;5.457905e-02;3.962460e-02;2.851717e-02;1.729953e-02
2.580992e-02;8.484487e-02;1.822558e-01;5.689156e-02;8.528515e-02;4.042673e-02;2.427249e-01;7.148187e-02;8.234539e-02;6.741313e-02;3.377945e-02;2.674122e-02
5.422739e-02;6.622223e-02;1.414100e-01;5.212600e-02;9.991723e-02;5.514354e-02;1.870292e-01;8.133513e-02;9.890430e-02;7.625551e-02;5.186340e-02;3.556616e-02
6.611509e-02;5.790683e-02;1.713118e-01;6.501986e-02;9.818995e-02;6.811971e-02;1.242291e-01;5.017897e-02;1.011416e-01;8.278736e-02;6.623024e-02;4.876944e-02
6.787675e-02;9.639928e-02;1.120587e-01;8.080547e-02;6.495962e-02;8.202752e-02;1.002221e-01;6.806313e-02;8.860049e-02;1.086435e-01;8.822170e-02;4.212175e-02
6.171124e-02;8.183157e-02;1.856649e-01;5.336681e-02;6.763542e-02;7.441311e-02;1.277200e-01;5.487536e-02;6.484399e-02;9.399184e-02;7.746588e-02;5.647990e-02
5.797618e-02;7.239173e-02;2.004309e-01;3.626001e-02;6.824958e-02;6.001781e-02;1.516572e-01;5.151178e-02;5.978697e-02;1.059807e-01;7.148577e-02;6.425131e-02
3.824947e-02;6.510343e-02;2.085609e-01;5.600848e-02;7.094511e-02;5.471815e-02;1.464546e-01;6.921563e-02;5.128179e-02;1.152576e-01;5.808441e-02;6.612031e-02
7.910675e-02;4.517489e-02;1.848272e-01;9.382995e-02;7.234561e-02;6.298625e-02;1.167241e-01;5.914076e-02;6.702729e-02;1.015604e-01;6.197007e-02;5.530668e-02
1.145568e-01;4.716030e-02;1.937795e-01;1.208520e-01;6.157422e-02;5.482922e-02;9.016374e-02;5.270506e-02;4.089471e-02;9.851407e-02;4.864774e-02;7.632248e-02
9.298762e-02;6.543245e-02;1.649401e-01;9.865160e-02;6.161322e-02;6.127441e-02;9.110661e-02;6.319250e-02;3.445951e-02;1.196338e-01;6.971072e-02;7.699748e-02
8.342471e-02;1.000733e-01;1.330770e-01;7.342905e-02;5.986800e-02;7.133906e-02;9.533949e-02;4.736528e-02;5.224831e-02;1.223333e-01;9.249836e-02;6.900415e-02
8.304967e-02;1.210642e-01;1.388901e-01;6.466534e-02;6.789854e-02;6.861796e-02;6.617472e-02;4.595889e-02;8.675063e-02;1.314220e-01;6.660173e-02;5.890624e-02
1.012972e-01;9.503773e-02;1.568339e-01;8.023456e-02;5.630185e-02;6.408539e-02;8.681678e-02;5.917949e-02;9.823265e-02;1.030244e-01;5.562302e-02;4.333311e-02
9.880056e-02;8.931413e-02;1.571266e-01;8.257248e-02;3.232757e-02;6.026514e-02;1.062621e-01;5.767454e-02;8.146106e-02;8.857157e-02;6.617550e-02;7.944877e-02
1.461330e-01;9.073130e-02;1.048171e-01;8.806903e-02;3.308562e-02;4.209289e-02;7.729132e-02;6.446986e-02;4.519389e-02;9.744882e-02;9.714365e-02;1.135235e-01
1.403984e-01;9.349149e-02;1.215066e-01;7.094643e-02;4.686893e-02;2.910407e-02;6.643631e-02;4.911148e-02;8.445578e-02;9.016953e-02;9.445035e-02;1.130607e-01
1.316181e-01;1.137301e-01;1.250759e-01;8.928420e-02;6.392068e-02;3.960434e-02;6.811456e-02;3.626900e-02;1.120260e-01;6.805510e-02;6.575786e-02;8.654412e-02
1.607908e-01;9.732280e-02;1.272635e-01;8.233403e-02;6.305442e-02;3.951310e-02;6.153430e-02;7.316817e-02;1.030521e-01;7.984520e-02;6.882927e-02;4.329235e-02
1.445983e-01;6.279531e-02;1.540280e-01;6.217954e-02;7.592618e-02;4.499869e-02;5.823921e-02;8.513631e-02;5.975896e-02;1.104300e-01;6.359203e-02;7.831751e-02
8.825712e-02;8.246892e-02;1.770585e-01;9.588184e-02;7.481387e-02;3.989613e-02;5.737545e-02;6.131859e-02;6.089943e-02;1.040600e-01;4.839233e-02;1.095777e-01
9.818748e-02;1.404933e-01;1.430216e-01;1.017706e-01;7.228893e-02;4.682920e-02;5.740154e-02;4.183190e-02;5.605234e-02;7.827071e-02;4.952294e-02;1.143294e-01
1.313015e-01;1.904937e-01;9.041115e-02;1.035080e-01;8.710252e-02;4.879578e-02;5.987136e-02;3.351367e-02;4.447331e-02;7.058307e-02;4.707224e-02;9.287373e-02
1.036786e-01;1.183075e-01;1.432500e-01;1.420052e-01;7.043370e-02;3.995990e-02;6.198066e-02;3.626789e-02;5.859131e-02;6.237029e-02;5.546995e-02;1.076849e-01
7.727301e-02;7.659113e-02;2.114371e-01;1.187549e-01;6.992796e-02;3.721166e-02;6.977914e-02;3.555196e-02;6.349950e-02;5.179339e-02;7.263757e-02;1.155428e-01
9.396014e-02;7.784823e-02;2.257004e-01;1.016911e-01;7.251327e-02;4.251904e-02;6.738521e-02;4.174350e-02;5.449067e-02;5.885092e-02;8.463451e-02;7.866302e-02
1.081329e-01;1.103625e-01;2.266123e-01;1.045845e-01;7.681589e-02;5.417462e-02;8.058950e-02;4.572937e-02;2.814809e-02;4.436137e-02;6.252535e-02;5.796367e-02
6.572123e-02;1.226685e-01;1.522279e-01;6.392824e-02;6.315403e-02;6.547961e-02;9.445557e-02;3.349113e-02;1.251032e-01;9.415530e-02;5.840416e-02;6.121113e-02
7.342696e-02;6.348251e-02;1.785232e-01;4.888620e-02;7.961486e-02;5.664547e-02;1.527099e-01;2.646144e-02;9.177019e-02;8.728147e-02;9.681165e-02;4.438610e-02
4.674342e-02;4.723310e-02;2.788938e-01;5.005348e-02;9.039377e-02;5.658769e-02;2.104938e-01;3.293207e-02;3.643307e-02;5.462377e-02;5.873355e-02;3.687844e-02
7.026648e-02;4.187980e-02;3.317788e-01;6.093192e-02;1.249727e-01;6.476264e-02;9.545723e-02;3.596313e-02;5.082677e-02;3.966643e-02;3.959972e-02;4.389442e-02
9.170636e-02;6.121029e-02;2.511087e-01;4.599667e-02;1.306834e-01;6.960979e-02;1.486074e-01;2.963255e-02;5.656977e-02;3.880390e-02;2.879208e-02;4.727894e-02
5.324316e-02;8.383541e-02;1.834597e-01;3.913898e-02;1.472738e-01;7.673354e-02;1.490751e-01;3.385412e-02;7.228908e-02;5.618249e-02;3.563488e-02;6.927983e-02
6.431211e-02;5.075165e-02;2.834375e-01;3.970763e-02;5.680198e-02;5.776881e-02;2.433174e-01;3.550235e-02;4.064706e-02;4.395415e-02;3.469957e-02;4.909978e-02
4.586022e-02;2.870784e-02;3.657322e-01;4.292545e-02;6.492619e-02;5.200405e-02;2.306308e-01;3.327916e-02;2.977964e-02;4.362002e-02;3.126292e-02;3.127155e-02
3.779836e-02;2.606579e-02;4.311856e-01;5.542281e-02;8.144986e-02;4.394389e-02;1.519381e-01;3.085706e-02;2.631952e-02;5.165437e-02;4.188270e-02;2.148191e-02
4.892267e-02;2.289555e-02;4.600775e-01;7.378887e-02;7.422727e-02;3.211847e-02;8.322714e-02;3.417706e-02;2.893103e-02;6.745055e-02;5.256635e-02;2.161757e-02
5.042895e-02;5.133178e-02;4.377552e-01;7.782360e-02;5.321505e-02;2.987670e-02;7.715996e-02;3.164261e-02;4.145365e-02;8.398734e-02;4.557969e-02;1.974547e-02
4.909139e-02;7.149336e-02;4.175646e-01;7.484788e-02;3.637749e-02;2.696987e-02;7.928438e-02;3.320004e-02;6.451361e-02;8.690007e-02;3.978953e-02;1.996775e-02
3.753152e-02;6.486470e-02;3.380541e-01;5.709413e-02;5.750404e-02;2.990379e-02;1.286545e-01;5.858604e-02;9.452819e-02;6.289261e-02;4.806059e-02;2.232584e-02
4.163343e-02;4.403587e-02;2.706504e-01;3.775056e-02;7.013829e-02;4.891447e-02;1.344066e-01;7.456629e-02;7.106784e-02;8.163486e-02;8.013513e-02;4.506623e-02
6.355427e-02;3.794138e-02;1.850615e-01;4.518485e-02;5.560730e-02;5.433282e-02;1.236266e-01;1.259508e-01;7.418347e-02;9.359068e-02;7.229650e-02;6.866977e-02
8.796004e-02;9.007409e-02;1.114203e-01;5.434992e-02;4.698147e-02;6.301408e-02;1.087411e-01;1.154460e-01;1.133215e-01;1.113419e-01;3.924654e-02;5.810307e-02
1.116539e-01;1.544776e-01;1.029179e-01;4.094216e-02;3.905188e-02;5.577376e-02;7.777382e-02;7.608995e-02;1.206103e-01;1.072331e-01;4.629124e-02;6.718443e-02
8.314095e-02;1.557646e-01;9.773549e-02;4.957364e-02;4.609445e-02;6.346157e-02;8.076380e-02;9.170873e-02;1.305395e-01;6.778681e-02;6.874060e-02;6.468984e-02
5.144620e-02;1.276010e-01;9.627843e-02;6.153969e-02;6.377923e-02;4.497224e-02;1.158619e-01;7.782580e-02;1.369913e-01;1.126159e-01;5.656720e-02;5.452112e-02
6.675803e-02;1.007039e-01;1.648891e-01;4.585726e-02;6.308585e-02;3.163204e-02;1.121773e-01;5.665291e-02;1.401724e-01;1.290740e-01;4.643308e-02;4.256418e-02
8.132027e-02;8.654020e-02;1.725806e-01;5.530825e-02;6.839928e-02;4.855045e-02;9.362367e-02;6.521725e-02;1.446554e-01;8.105381e-02;5.725157e-02;4.549921e-02
7.320272e-02;7.485878e-02;9.842560e-02;6.540411e-02;7.829301e-02;6.567992e-02;9.095834e-02;7.938489e-02;1.516295e-01;8.499356e-02;7.104965e-02;6.611990e-02
5.422511e-02;8.261366e-02;9.709107e-02;9.703640e-02;8.457810e-02;6.064425e-02;7.902703e-02;6.252820e-02;1.191336e-01;1.245342e-01;6.005745e-02;7.853094e-02
2.639561e-02;9.152918e-02;1.272537e-01;9.340629e-02;6.049738e-02;5.693158e-02;6.315879e-02;6.630798e-02;1.334169e-01;1.498770e-01;4.985075e-02;8.137482e-02
1.154125e-01;6.510010e-02;1.348666e-01;4.654985e-02;4.468860e-02;7.124126e-02;5.222611e-02;1.026696e-01;1.320943e-01;1.045318e-01;6.430261e-02;6.631658e-02
1.559720e-01;5.911026e-02;1.169743e-01;5.257729e-02;2.543871e-02;5.615391e-02;7.499596e-02;1.228331e-01;1.618404e-01;4.425176e-02;7.338939e-02;5.646295e-02
1.360999e-01;6.924278e-02;7.329836e-02;5.054422e-02;3.836827e-02;4.040970e-02;9.919655e-02;1.111099e-01;1.748706e-01;6.472460e-02;7.639594e-02;6.573921e-02
1.053946e-01;7.117648e-02;1.428551e-01;5.419136e-02;4.917115e-02;3.744594e-02;8.055465e-02;7.410802e-02;1.359758e-01;1.020860e-01;7.870663e-02;6.833419e-02
1.420428e-01;4.862675e-02;1.933939e-01;5.186904e-02;6.460918e-02;2.731466e-02;7.845808e-02;4.383237e-02;8.775005e-02;8.899773e-02;8.534410e-02;8.776142e-02
1.940015e-01;7.045986e-02;1.510475e-01;3.519803e-02;7.550766e-02;3.158912e-02;9.371699e-02;4.322921e-02;7.726793e-02;5.016713e-02;5.876860e-02;1.190465e-01
2.093709e-01;9.931540e-02;1.313939e-01;5.706518e-02;7.315812e-02;3.439417e-02;9.782729e-02;4.850958e-02;5.923019e-02;2.154270e-02;4.493456e-02;1.232579e-01
1.343113e-01;9.411944e-02;2.698953e-01;9.880086e-02;4.510028e-02;2.056303e-02;9.204935e-02;3.531620e-02;2.848246e-02;5.217847e-02;5.022486e-02;7.895838e-02
1.114111e-01;5.987994e-02;3.951529e-01;1.107552e-01;2.319847e-02;1.935376e-02;1.072846e-01;2.265929e-02;1.812877e-02;7.787744e-02;2.646762e-02;2.783085e-02
9.936406e-02;6.150975e-02;4.004606e-01;9.477676e-02;2.053132e-02;1.309636e-02;1.342122e-01;4.684698e-02;1.847108e-02;7.896176e-02;1.917747e-02;1.259175e-02
9.663523e-02;6.296109e-02;3.907918e-01;7.475359e-02;2.672652e-02;2.461659e-02;1.608654e-01;3.891597e-02;2.308458e-02;7.374196e-02;1.053302e-02;1.637428e-02
1.023152e-01;5.495775e-02;3.649211e-01;6.764548e-02;2.156397e-02;2.193458e-02;1.666470e-01;6.307727e-02;1.939564e-02;6.101577e-02;2.832225e-02;2.820404e-02
8.681399e-02;3.901873e-02;3.248495e-01;1.060144e-01;2.607234e-02;1.447884e-02;1.392221e-01;1.123898e-01;1.251791e-02;4.291673e-02;5.563322e-02;4.007251e-02
4.264724e-02;4.149185e-02;2.546661e-01;1.511307e-01;4.530408e-02;2.392977e-02;9.955378e-02;1.612045e-01;1.289103e-02;3.344605e-02;9.013386e-02;4.360107e-02
3.862761e-02;9.266026e-02;1.879262e-01;1.598069e-01;6.257731e-02;2.586512e-02;5.165950e-02;1.833558e-01;3.218906e-02;2.735356e-02;9.769833e-02;4.028026e-02
6.821559e-02;1.124133e-01;1.455292e-01;1.402948e-01;8.503765e-02;2.473316e-02;3.797436e-02;1.562185e-01;5.684977e-02;3.293595e-02;8.286143e-02;5.693635e-02
1.067143e-01;8.838701e-02;9.854126e-02;1.106684e-01;1.166955e-01;3.206692e-02;2.860956e-02;1.066664e-01;1.241080e-01;3.035148e-02;5.582475e-02;1.013664e-01
1.148888e-01;5.368042e-02;8.624738e-02;9.083404e-02;1.209947e-01;3.400883e-02;3.791865e-02;8.170501e-02;1.736726e-01;2.450815e-02;5.176328e-02;1.297781e-01
1.178103e-01;4.582348e-02;9.737541e-02;7.090314e-02;1.098054e-01;3.843373e-02;6.207302e-02;7.017118e-02;1.651167e-01;3.461432e-02;5.793528e-02;1.299379e-01
1.204490e-01;6.390875e-02;1.554116e-01;4.291270e-02;9.762826e-02;4.691150e-02;8.464621e-02;4.868575e-02;1.152600e-01;5.587978e-02;6.406668e-02;1.042398e-01
1.167830e-01;7.009768e-02;2.148513e-01;4.011291e-02;9.465159e-02;4.984681e-02;6.204267e-02;3.261697e-02;9.017877e-02;9.124994e-02;6.505695e-02;7.251131e-02
7.321898e-02;4.236617e-02;2.035172e-01;7.015250e-02;1.040236e-01;4.216330e-02;8.378664e-02;4.013096e-02;1.021139e-01;8.068839e-02;9.042010e-02;6.741825e-02
1.004877e-01;7.045545e-02;9.160592e-02;9.295525e-02;1.574345e-01;4.327090e-02;8.403271e-02;7.597936e-02;4.738937e-02;6.562655e-02;1.082508e-01;6.251156e-02
9.243252e-02;4.764519e-02;1.046608e-01;7.545727e-02;1.526424e-01;3.617473e-02;7.845332e-02;9.183642e-02;1.457711e-01;5.685372e-02;7.717200e-02;4.090044e-02
8.163831e-02;4.889145e-02;1.056777e-01;8.971987e-02;1.425662e-01;5.043218e-02;7.574591e-02;9.831463e-02;1.443898e-01;5.448666e-02;7.368600e-02;3.445131e-02
7.940588e-02;6.699702e-02;8.560085e-02;7.947979e-02;1.209240e-01;6.898065e-02;1.176890e-01;1.438327e-01;4.483708e-02;7.008943e-02;8.500220e-02;3.716146e-02
8.697490e-02;5.269755e-02;1.321757e-01;5.339753e-02;9.548697e-02;5.446081e-02;9.910350e-02;1.608142e-01;9.070030e-02;7.383226e-02;6.743914e-02;3.291721e-02
1.006897e-01;4.798598e-02;1.474030e-01;5.815391e-02;6.455621e-02;5.121580e-02;8.481073e-02;1.202031e-01;9.759526e-02;5.405210e-02;9.225246e-02;8.108167e-02
7.891758e-02;6.515684e-02;1.618156e-01;5.357774e-02;4.185995e-02;3.783767e-02;1.057505e-01;7.722883e-02;8.512134e-02;6.355666e-02;1.277028e-01;1.014745e-01
6.816384e-02;8.377247e-02;1.802267e-01;4.458232e-02;3.418715e-02;2.748060e-02;9.017862e-02;7.648206e-02;1.038502e-01;7.284344e-02;1.201529e-01;9.807967e-02
7.479889e-02;9.841872e-02;1.877881e-01;3.258091e-02;3.289048e-02;4.347303e-02;9.057363e-02;7.814805e-02;1.133656e-01;7.986333e-02;8.727729e-02;8.082195e-02
8.248055e-02;8.388297e-02;1.761891e-01;3.476117e-02;3.510215e-02;5.640033e-02;1.086091e-01;1.102052e-01;9.708805e-02;1.022148e-01;5.948523e-02;5.358139e-02
8.553758e-02;7.884626e-02;1.773398e-01;3.378552e-02;4.429826e-02;5.336225e-02;1.813590e-01;9.834746e-02;6.052919e-02;9.629877e-02;5.324516e-02;3.705074e-02
1.290526e-01;9.673471e-02;1.601038e-01;3.486371e-02;5.193293e-02;5.028867e-02;2.367512e-01;5.196851e-02;3.049988e-02;5.605562e-02;5.528428e-02;4.646416e-02
1.202720e-01;9.504700e-02;1.753023e-01;4.371298e-02;6.852435e-02;5.008288e-02;2.239175e-01;4.810612e-02;3.001351e-02;4.666739e-02;5.597054e-02;4.238348e-02
8.151500e-02;7.710885e-02;2.644334e-01;6.617314e-02;8.404724e-02;3.892863e-02;1.587459e-01;5.296225e-02;3.554742e-02;3.210555e-02;6.681197e-02;4.162075e-02
4.201717e-02;6.813001e-02;3.414141e-01;9.288520e-02;9.791635e-02;2.320999e-02;1.085048e-01;5.967478e-02;2.910268e-02;2.438587e-02;7.541295e-02;3.734609e-02
