1.686539e-01;9.840472e-02;1.481836e-01;5.070169e-02;7.914066e-02;6.761454e-02;1.959854e-01;3.668801e-02;4.273110e-02;3.408483e-02;3.729829e-02;4.051322e-02
2.142864e-01;9.500438e-02;1.207554e-01;3.382098e-02;8.467247e-02;7.897488e-02;1.889916e-01;2.825313e-02;4.811336e-02;3.578479e-02;2.662267e-02;4.472001e-02
2.885354e-01;8.737040e-02;7.042032e-02;1.419318e-02;1.145022e-01;8.971883e-02;1.571449e-01;1.472111e-02;5.610850e-02;3.319022e-02;2.059385e-02;5.350114e-02
3.272206e-01;7.612880e-02;4.890808e-02;3.293404e-02;1.604382e-01;9.673658e-02;9.785344e-02;9.835172e-03;5.416476e-02;2.340546e-02;1.300623e-02;5.936857e-02
3.014269e-01;3.785935e-02;6.158523e-02;4.826032e-02;1.997723e-01;1.204285e-01;7.982793e-02;1.555253e-02;4.053399e-02;1.296729e-02;2.021994e-02;6.156579e-02
2.683438e-01;4.003154e-02;3.792088e-02;4.001998e-02;1.970948e-01;1.445676e-01;1.151705e-01;2.583548e-02;3.026728e-02;1.798491e-02;2.009146e-02;6.267182e-02
2.606518e-01;4.338768e-02;4.613478e-02;2.274463e-02;1.797722e-01;1.497801e-01;1.250403e-01;2.414296e-02;3.678543e-02;1.914168e-02;2.563469e-02;6.678370e-02
2.248845e-01;3.502287e-02;6.613657e-02;3.275060e-02;1.671725e-01;1.345941e-01;1.054584e-01;2.500690e-02;7.101660e-02;3.008778e-02;2.980800e-02;7.806115e-02
1.860652e-01;1.776393e-02;8.399350e-02;4.734606e-02;1.791436e-01;1.166176e-01;5.738039e-02;3.799368e-02;1.262082e-01;2.821796e-02;2.778107e-02;9.148871e-02
1.609214e-01;1.793778e-02;6.947771e-02;5.001963e-02;1.732306e-01;9.170753e-02;7.461264e-02;6.475474e-02;1.649144e-01;2.747487e-02;2.171315e-02;8.323550e-02
1.385806e-01;1.391491e-02;6.386562e-02;5.005039e-02;1.792895e-01;8.789600e-02;8.372452e-02;8.829208e-02;1.909317e-01;1.481212e-02;1.364237e-02;7.500022e-02
1.109416e-01;6.275360e-03;5.508762e-02;4.907510e-02;1.983338e-01;9.197672e-02;7.599688e-02;1.029006e-01;2.136195e-01;1.278060e-02;1.385530e-02;6.915691e-02
8.276580e-02;7.020685e-03;5.056693e-02;4.780953e-02;2.065790e-01;9.721279e-02;1.020196e-01;1.096090e-01;2.082373e-01;1.195734e-02;1.330661e-02;6.291538e-02
5.448942e-02;3.112146e-03;6.136871e-02;5.287984e-02;2.154297e-01;1.083576e-01;1.100086e-01;1.162943e-01;1.997019e-01;1.270116e-02;9.731146e-03;5.592559e-02
4.589495e-02;5.978587e-03;6.713506e-02;5.354919e-02;2.204691e-01;1.226991e-01;1.063609e-01;1.189024e-01;1.848073e-01;1.173543e-02;9.666724e-03;5.280133e-02
3.802425e-02;3.179646e-03;6.525785e-02;5.831229e-02;2.365773e-01;1.317218e-01;1.131922e-01;1.151290e-01;1.674272e-01;1.227636e-02;6.095502e-03;5.280666e-02
4.092005e-02;4.341966e-03;8.384124e-02;6.342675e-02;2.305479e-01;1.145567e-01;9.234505e-02;9.091944e-02;2.036221e-01;2.215644e-02;8.429227e-03;4.489316e-02
5.362277e-02;1.049312e-02;9.029078e-02;5.635960e-02;2.090443e-01;1.000854e-01;1.026745e-01;5.910905e-02;2.379517e-01;2.850377e-02;1.427891e-02;3.758608e-02
8.066093e-02;2.807636e-02;8.348058e-02;3.830389e-02;1.845074e-01;1.127191e-01;1.353007e-01;4.638345e-02;2.117939e-01;2.368594e-02;2.126188e-02;3.382599e-02
1.070411e-01;3.560769e-02;5.511193e-02;2.670707e-02;1.519300e-01;1.500458e-01;2.125670e-01;6.095376e-02;1.134145e-01;3.949721e-02;2.195987e-02;2.516409e-02
9.579600e-02;2.864926e-02;2.859443e-02;3.051127e-02;1.375355e-01;1.664309e-01;2.788004e-01;6.793980e-02;7.834664e-02;5.824796e-02;1.268520e-02;1.646256e-02
6.930038e-02;3.633397e-02;2.093744e-02;3.661530e-02;1.201851e-01;1.425671e-01;3.438737e-01;6.018795e-02;8.446121e-02;5.962928e-02;1.261975e-02;1.328887e-02
4.416471e-02;5.755972e-02;3.416557e-02;2.302719e-02;9.297991e-02;1.114703e-01;4.321432e-01;5.415441e-02;6.881694e-02;3.924540e-02;3.066698e-02;1.160575e-02
4.453958e-02;5.309283e-02;5.725050e-02;2.032348e-02;8.123595e-02;8.987860e-02;4.348509e-01;6.589934e-02;7.823861e-02;2.647439e-02;3.588685e-02;1.232894e-02
3.121131e-02;2.738239e-02;9.594600e-02;3.377052e-02;7.388283e-02;6.848005e-02;3.735885e-01;1.070642e-01;8.597272e-02;4.920271e-02;2.332205e-02;3.017671e-02
1.657403e-02;1.365667e-02;1.134029e-01;5.326345e-02;8.595900e-02;5.992572e-02;2.892665e-01;1.278961e-01;9.955016e-02;6.890637e-02;2.840354e-02;4.319559e-02
3.809614e-02;2.869168e-02;1.120245e-01;8.890279e-02;1.031176e-01;6.995694e-02;1.772659e-01;8.638676e-02;1.163256e-01;8.949184e-02;5.625518e-02;3.348502e-02
4.502764e-02;3.646580e-02;1.076148e-01;7.804771e-02;7.212053e-02;4.974401e-02;1.615326e-01;7.254258e-02;1.365974e-01;1.269156e-01;7.764883e-02;3.574253e-02
3.557643e-02;3.807393e-02;9.071818e-02;4.489490e-02;4.683223e-02;4.164596e-02;2.364027e-01;6.290711e-02;1.146950e-01;1.567948e-01;9.132696e-02;4.013178e-02
6.138391e-02;4.982336e-02;9.818040e-02;4.682290e-02;6.112759e-02;4.416694e-02;1.821552e-01;6.519407e-02;9.504492e-02;1.615574e-01;9.638600e-02;3.815728e-02
8.031013e-02;6.673012e-02;1.382982e-01;5.194405e-02;7.205089e-02;5.849012e-02;1.461097e-01;6.887355e-02;6.264693e-02;1.112439e-01;8.447388e-02;5.882841e-02
1.251387e-01;5.244206e-02;1.287609e-01;7.389934e-02;8.782429e-02;7.038351e-02;1.303589e-01;5.972933e-02;6.693874e-02;5.914328e-02;6.998002e-02;7.540096e-02
9.577053e-02;4.737118e-02;1.207411e-01;1.124678e-01;1.501196e-01;8.511101e-02;7.553831e-02;5.469327e-02;8.284049e-02;5.051753e-02;5.084947e-02;7.397964e-02
7.587434e-02;5.180741e-02;6.916495e-02;1.026097e-01;1.766644e-01;7.951712e-02;7.853695e-02;7.748050e-02;7.833710e-02;6.804561e-02;7.701232e-02;6.494966e-02
7.061636e-02;6.116997e-02;5.171296e-02;9.845247e-02;1.561905e-01;6.688893e-02;7.742430e-02;8.315789e-02;7.915229e-02;1.150931e-01;6.799493e-02;7.214632e-02
8.052545e-02;6.466883e-02;8.491638e-02;8.649262e-02;1.098786e-01;1.099062e-01;9.343725e-02;5.171140e-02;7.967383e-02;1.177427e-01;6.478721e-02;5.625954e-02
7.012933e-02;6.217225e-02;1.040798e-01;8.503526e-02;1.043913e-01;1.129848e-01;9.168693e-02;6.308246e-02;8.398377e-02;9.715307e-02;7.723670e-02;4.806424e-02
7.039731e-02;6.134355e-02;9.909892e-02;7.848990e-02;9.563196e-02;1.241325e-01;1.248100e-01;6.116978e-02;6.658623e-02;6.210981e-02;8.795150e-02;6.827851e-02
9.975043e-02;6.197531e-02;7.497600e-02;5.896635e-02;1.230346e-01;1.019412e-01;1.496297e-01;5.121993e-02;8.041642e-02;5.864304e-02;7.781864e-02;6.162843e-02
9.060505e-02;4.993042e-02;8.590906e-02;5.734218e-02;1.383198e-01;6.780688e-02;1.218031e-01;6.878646e-02;1.259846e-01;5.675599e-02;7.709462e-02;5.966184e-02
9.943858e-02;5.813772e-02;1.329433e-01;7.004935e-02;1.317177e-01;9.690946e-02;1.460141e-01;5.859922e-02;6.426246e-02;4.982842e-02;3.941470e-02;5.268499e-02
8.051666e-02;6.813841e-02;1.483189e-01;7.812347e-02;1.178036e-01;1.084922e-01;1.782687e-01;5.103363e-02;3.609637e-02;3.881837e-02;5.004603e-02;4.434358e-02
4.849504e-02;6.243744e-02;1.458595e-01;6.626286e-02;1.140620e-01;1.174198e-01;1.874676e-01;2.490618e-02;7.241079e-02;4.486216e-02;6.789134e-02;4.792535e-02
7.689487e-02;6.627731e-02;1.379897e-01;5.526590e-02;8.648712e-02;8.316135e-02;1.385614e-01;3.954197e-02;1.058453e-01;6.379385e-02;8.664214e-02;5.953915e-02
6.566051e-02;7.344732e-02;1.386881e-01;3.802374e-02;7.296819e-02;4.569883e-02;1.272345e-01;7.321504e-02;1.261786e-01;4.005712e-02;1.026175e-01;9.621055e-02
1.277317e-01;9.399267e-02;1.500915e-01;7.501071e-02;7.534885e-02;8.833668e-02;1.031428e-01;3.644630e-02;6.708297e-02;4.527447e-02;6.175994e-02;7.578138e-02
1.514779e-01;9.469584e-02;1.649025e-01;6.448537e-02;8.672582e-02;1.190842e-01;7.783167e-02;2.352086e-02;6.548462e-02;3.446632e-02;4.984265e-02;6.748226e-02
1.164421e-01;6.644259e-02;1.284042e-01;7.072526e-02;1.454301e-01;1.664826e-01;4.983461e-02;2.918006e-02;9.342358e-02;2.136554e-02;3.791228e-02;7.435718e-02
4.475128e-02;4.609372e-02;8.002894e-02;7.793568e-02;2.018825e-01;1.875776e-01;5.308235e-02;6.182587e-02;1.187776e-01;1.826595e-02;4.465817e-02;6.512021e-02
1.726665e-02;4.051255e-02;6.408367e-02;9.991991e-02;1.701314e-01;1.583794e-01;6.653411e-02;1.175819e-01;1.216143e-01;2.265366e-02;8.111155e-02;4.021087e-02
4.093643e-02;3.563355e-02;5.885273e-02;9.412205e-02;9.283546e-02;1.501356e-01;9.274625e-02;1.404125e-01;9.421124e-02;4.825612e-02;1.216845e-01;3.017357e-02
7.092496e-02;2.940584e-02;7.097885e-02;5.056241e-02;4.775700e-02;1.168539e-01;1.587413e-01;1.222982e-01;7.093119e-02;1.024116e-01;1.352437e-01;2.389115e-02
7.856371e-02;1.880635e-02;7.810884e-02;2.521905e-02;4.575782e-02;8.487804e-02;2.347115e-01;7.320591e-02;6.318107e-02;1.790824e-01;1.013964e-01;1.708889e-02
5.732429e-02;2.006570e-02;7.414323e-02;2.785018e-02;5.280605e-02;8.949266e-02;2.810276e-01;4.806200e-02;6.008441e-02;2.252881e-01;5.053695e-02;1.331888e-02
4.162294e-02;1.986611e-02;7.768301e-02;2.797579e-02;5.186713e-02;8.266489e-02;3.146083e-01;4.366035e-02;6.636852e-02;2.328629e-01;2.753741e-02;1.328262e-02
5.085983e-02;2.024792e-02;8.062173e-02;1.683314e-02;3.983285e-02;5.541456e-02;3.365512e-01;6.765638e-02;7.034151e-02;2.238839e-01;1.637234e-02;2.138467e-02
6.776670e-02;1.881618e-02;9.210954e-02;1.565101e-02;2.159851e-02;4.302898e-02;3.525980e-01;7.334418e-02;7.666333e-02;1.772804e-01;4.268580e-02;1.845736e-02
6.833703e-02;1.959296e-02;1.126698e-01;2.858927e-02;2.289237e-02;5.457344e-02;3.645655e-01;7.994685e-02;5.366385e-02;1.068794e-01;5.761043e-02;3.067906e-02
6.214180e-02;3.505663e-02;1.361938e-01;2.920840e-02;3.763165e-02;8.602571e-02;3.386353e-01;8.496047e-02;5.794106e-02;4.254427e-02;3.955185e-02;5.010899e-02
5.496923e-02;5.443299e-02;1.342896e-01;4.093594e-02;5.978982e-02;1.186291e-01;2.524394e-01;7.100787e-02;6.087190e-02;6.924247e-02;3.955477e-02;4.383687e-02
5.331397e-02;6.010028e-02;1.273942e-01;6.080125e-02;7.927173e-02;1.126360e-01;2.190198e-01;3.666784e-02;6.078133e-02;1.091280e-01;5.060304e-02;3.028264e-02
4.727101e-02;4.350276e-02;1.366833e-01;5.998385e-02;6.591304e-02;9.427330e-02;1.744750e-01;7.094652e-02;8.783913e-02;1.186616e-01;3.402640e-02;6.642406e-02
4.723892e-02;2.718760e-02;1.456058e-01;1.048826e-01;6.977063e-02;8.471669e-02;1.447750e-01;8.490457e-02;6.750660e-02;8.103997e-02;6.059906e-02;8.177257e-02
4.063442e-02;4.773335e-02;2.130073e-01;1.602705e-01;8.762269e-02;7.267407e-02;9.438896e-02;7.440222e-02;3.897149e-02;4.864862e-02;6.438991e-02;5.725649e-02
1.830265e-02;4.205661e-02;2.347113e-01;1.814329e-01;7.860202e-02;8.898599e-02;1.270841e-01;1.086632e-01;2.285320e-02;2.619059e-02;5.143127e-02;1.968619e-02
1.572155e-02;5.287426e-02;2.248321e-01;1.655741e-01;6.803843e-02;8.628162e-02;1.187988e-01;1.441437e-01;3.605709e-02;3.053799e-02;4.221905e-02;1.492128e-02
2.412938e-02;8.187884e-02;1.725430e-01;1.412367e-01;1.042847e-01;7.280560e-02;1.076593e-01;1.236318e-01;6.642329e-02;3.707096e-02;3.793027e-02;3.040609e-02
4.480687e-02;4.826653e-02;1.374000e-01;1.526865e-01;1.528168e-01;7.777385e-02;1.375811e-01;8.384155e-02;7.805940e-02;1.873565e-02;2.644056e-02;4.159121e-02
7.716221e-02;7.976061e-02;1.363236e-01;1.046087e-01;1.328067e-01;9.460309e-02;1.534114e-01;9.101545e-02;6.644160e-02;1.491257e-02;1.865929e-02;3.029479e-02
1.025469e-01;8.601566e-02;8.046987e-02;5.461358e-02;1.134404e-01;1.351759e-01;2.085892e-01;9.567061e-02;5.951422e-02;2.732301e-02;1.676077e-02;1.987985e-02
6.320672e-02;8.556546e-02;1.355172e-01;5.496853e-02;8.498278e-02;1.239830e-01;2.792598e-01;7.050379e-02;4.180012e-02;2.921244e-02;1.641995e-02;1.458012e-02
4.083684e-02;1.215766e-01;1.317209e-01;5.563574e-02;6.103202e-02;9.004947e-02;3.194408e-01;1.014194e-01;3.006337e-02;1.728941e-02;2.244749e-02;8.488029e-03
4.600625e-02;1.149006e-01;1.005167e-01;7.045169e-02;6.683313e-02;6.753463e-02;3.300682e-01;1.142546e-01;3.131961e-02;1.621287e-02;2.041651e-02;2.148522e-02
2.815801e-02;6.502506e-02;1.295171e-01;7.198731e-02;6.385084e-02;5.442388e-02;3.333352e-01;1.065163e-01;4.336033e-02;2.297997e-02;3.291655e-02;4.792942e-02
3.940816e-02;4.319600e-02;1.460172e-01;4.026455e-02;4.678353e-02;8.108687e-02;3.324633e-01;9.103447e-02;4.136278e-02;3.519598e-02;5.165317e-02;5.153394e-02
4.114669e-02;4.538344e-02;1.835985e-01;2.727511e-02;5.346042e-02;7.523688e-02;2.957553e-01;9.292803e-02;4.326577e-02;4.699039e-02;4.784295e-02;4.711656e-02
4.491416e-02;5.389867e-02;2.086315e-01;2.606351e-02;5.819958e-02;6.169134e-02;2.293703e-01;1.050220e-01;6.128830e-02;6.252699e-02;3.088285e-02;5.751075e-02
5.369796e-02;5.538152e-02;1.719600e-01;4.494828e-02;6.759317e-02;5.871639e-02;2.495092e-01;8.644830e-02;6.691576e-02;6.399710e-02;2.214209e-02;5.869023e-02
6.616811e-02;5.547007e-02;1.622101e-01;6.530841e-02;8.959009e-02;6.108488e-02;2.138554e-01;6.631547e-02;6.461474e-02;6.259640e-02;3.712898e-02;5.565730e-02
5.109852e-02;4.992745e-02;1.633346e-01;6.247791e-02;1.124702e-01;1.185481e-01;2.064082e-01;5.592366e-02;4.229601e-02;4.697226e-02;4.835780e-02;4.218522e-02
2.603878e-02;3.894492e-02;1.542361e-01;5.633591e-02;1.108920e-01;1.421593e-01;2.082568e-01;6.325033e-02;5.870966e-02;4.292503e-02;5.732238e-02;4.092887e-02
2.976887e-02;3.629988e-02;1.397440e-01;7.275678e-02;1.322827e-01;1.140092e-01;2.103434e-01;7.281205e-02;5.366454e-02;2.950892e-02;5.882418e-02;4.998544e-02
5.982801e-02;3.033674e-02;8.965449e-02;1.201598e-01;1.580971e-01;6.078199e-02;1.871448e-01;9.246753e-02;6.741918e-02;2.307515e-02;4.195075e-02;6.908449e-02
8.449619e-02;3.371661e-02;9.458221e-02;1.381287e-01;1.406647e-01;6.979384e-02;1.506997e-01;8.231814e-02;7.149156e-02;2.220310e-02;3.963493e-02;7.227030e-02
7.007614e-02;7.566354e-02;1.569837e-01;1.054527e-01;8.666942e-02;5.099419e-02;1.479613e-01;1.174576e-01;6.882734e-02;3.527814e-02;4.157861e-02;4.305726e-02
6.106323e-02;7.282478e-02;1.772611e-01;8.831123e-02;7.766255e-02;3.488412e-02;1.906139e-01;1.281956e-01;6.674617e-02;4.866583e-02;3.524990e-02;1.852163e-02
4.105877e-02;6.591829e-02;1.651235e-01;8.337058e-02;8.554224e-02;4.802855e-02;2.144100e-01;1.496420e-01;6.258553e-02;4.543934e-02;2.049460e-02;1.838665e-02
1.635216e-02;5.755137e-02;1.611388e-01;1.020644e-01;7.820585e-02;4.149731e-02;2.343129e-01;1.947028e-01;5.623972e-02;3.219659e-02;9.725497e-03;1.601255e-02
3.258430e-02;7.418844e-02;1.295761e-01;1.255430e-01;7.736427e-02;6.070273e-02;2.603782e-01;1.307722e-01;5.966743e-02;2.540365e-02;1.430040e-02;9.519235e-03
5.210836e-02;7.900920e-02;9.172791e-02;1.213861e-01;5.894754e-02;7.823528e-02;2.541166e-01;1.242145e-01;8.792669e-02;2.949293e-02;1.329392e-02;9.540892e-03
7.634384e-02;5.058975e-02;7.859819e-02;1.344617e-01;1.346977e-01;8.919884e-02;2.203657e-01;7.895835e-02;7.992148e-02;3.634256e-02;5.904402e-03;1.461747e-02
6.606414e-02;1.999136e-02;4.593279e-02;8.419964e-02;2.255293e-01;8.487500e-02;2.035300e-01;6.417542e-02;1.485026e-01;4.381012e-02;2.752416e-03;1.063723e-02
5.511930e-02;1.539369e-02;2.363713e-02;3.737744e-02;2.778908e-01;8.452993e-02;1.864069e-01;6.234818e-02;2.094982e-01;3.702509e-02;2.717678e-03;8.055586e-03
4.191395e-02;1.272768e-02;2.739617e-02;3.245553e-02;2.830153e-01;9.524577e-02;1.912887e-01;6.670426e-02;2.150472e-01;2.506010e-02;2.577629e-03;6.567711e-03
3.871126e-02;1.045081e-02;3.405213e-02;3.725944e-02;2.708122e-01;1.071700e-01;2.191904e-01;7.413616e-02;1.714733e-01;2.619095e-02;2.808542e-03;7.744756e-03
4.567377e-02;2.565150e-02;7.628046e-02;6.434654e-02;2.751304e-01;9.014175e-02;2.137664e-01;4.957333e-02;1.090658e-01;2.622674e-02;7.913419e-03;1.622988e-02
5.096009e-02;3.108007e-02;1.471317e-01;1.079529e-01;2.717557e-01;6.446184e-02;1.469584e-01;2.979998e-02;7.366809e-02;4.137900e-02;1.454920e-02;2.030308e-02
6.493025e-02;2.469602e-02;1.666991e-01;1.117201e-01;1.967285e-01;5.769479e-02;1.625963e-01;4.041428e-02;8.095582e-02;4.046456e-02;2.100175e-02;3.209840e-02
9.320693e-02;4.024971e-02;1.067380e-01;1.520860e-01;1.422361e-01;4.857820e-02;1.936918e-01;3.284737e-02;1.239958e-01;2.662779e-02;1.398584e-02;2.575654e-02
8.728643e-02;7.055911e-02;7.876128e-02;1.678300e-01;1.399281e-01;4.558261e-02;1.519432e-01;6.465475e-02;1.366910e-01;3.347535e-02;7.278943e-03;1.600905e-02
5.557136e-02;7.978032e-02;7.887205e-02;1.626047e-01;2.052144e-01;4.790346e-02;8.852614e-02;8.044776e-02;1.268360e-01;4.232387e-02;1.711396e-02;1.480588e-02
3.129750e-02;5.504138e-02;8.852048e-02;1.498049e-01;2.176890e-01;6.988031e-02;1.447777e-01;4.876881e-02;1.141008e-01;4.161603e-02;1.632855e-02;2.217458e-02
5.320057e-02;3.495782e-02;9.821343e-02;9.974957e-02;1.595911e-01;1.115002e-01;1.817487e-01;5.176026e-02;1.074768e-01;5.410841e-02;2.245108e-02;2.524211e-02
5.757636e-02;2.997805e-02;1.141031e-01;5.326245e-02;1.393545e-01;1.342293e-01;1.540419e-01;7.754806e-02;1.304007e-01;5.297134e-02;3.390659e-02;2.262774e-02
5.952401e-02;9.246708e-02;1.002749e-01;5.587970e-02;1.473985e-01;1.261530e-01;1.041331e-01;7.139665e-02;9.584543e-02;5.026479e-02;4.253326e-02;5.412951e-02
7.722285e-02;1.121620e-01;9.077974e-02;6.248952e-02;1.185583e-01;1.057719e-01;1.535688e-01;7.663007e-02;6.761122e-02;2.842224e-02;5.714601e-02;4.963736e-02
8.255659e-02;1.013729e-01;8.281332e-02;6.662888e-02;1.045294e-01;9.782826e-02;1.797717e-01;6.528059e-02;6.353636e-02;4.099056e-02;6.823581e-02;4.645564e-02
1.185343e-01;9.286694e-02;1.166160e-01;5.026964e-02;7.611846e-02;8.699594e-02;1.619072e-01;4.808195e-02;4.971365e-02;6.452408e-02;6.073077e-02;7.364105e-02
1.429325e-01;8.965992e-02;1.152920e-01;5.158806e-02;6.848256e-02;9.950901e-02;1.636735e-01;4.928706e-02;2.116202e-02;4.988279e-02;4.775079e-02;1.007797e-01
1.270792e-01;8.422799e-02;9.626564e-02;4.136645e-02;5.721342e-02;9.861680e-02;2.009922e-01;6.115551e-02;2.277379e-02;4.221205e-02;6.095879e-02;1.071381e-01
1.084600e-01;7.296310e-02;9.180341e-02;4.315551e-02;4.114952e-02;9.914457e-02;2.231133e-01;6.266745e-02;2.358519e-02;4.011023e-02;7.767760e-02;1.161701e-01
1.133666e-01;5.056383e-02;1.035734e-01;5.993747e-02;4.003785e-02;1.226031e-01;1.887345e-01;8.560973e-02;3.883631e-02;4.178255e-02;3.631435e-02;1.186403e-01
1.848513e-01;5.795124e-02;9.082727e-02;6.160743e-02;5.831968e-02;7.792154e-02;1.623884e-01;1.023647e-01;3.659659e-02;4.305659e-02;1.564281e-02;1.084725e-01
1.993139e-01;9.333421e-02;1.105193e-01;6.977329e-02;6.201865e-02;5.786004e-02;1.525605e-01;1.070167e-01;2.002971e-02;3.855447e-02;2.100055e-02;6.801859e-02
1.921970e-01;1.391435e-01;9.772667e-02;6.374078e-02;4.970233e-02;3.699044e-02;2.352319e-01;8.637720e-02;2.180064e-02;2.808526e-02;1.551422e-02;3.349009e-02
1.684881e-01;1.479460e-01;9.067006e-02;5.349059e-02;3.833444e-02;4.214526e-02;3.045253e-01;5.611211e-02;4.103868e-02;2.195841e-02;9.355367e-03;2.593569e-02
1.596668e-01;1.002406e-01;1.010894e-01;4.968899e-02;4.638487e-02;6.408545e-02;3.169763e-01;3.611697e-02;6.757399e-02;1.929569e-02;7.223718e-03;3.165719e-02
1.604020e-01;4.639880e-02;1.156132e-01;5.473264e-02;5.251090e-02;1.004966e-01;2.488641e-01;5.424690e-02;9.413145e-02;2.338113e-02;8.160394e-03;4.106198e-02
1.513901e-01;2.659366e-02;1.093107e-01;5.517461e-02;5.384252e-02;1.175732e-01;2.544162e-01;5.514627e-02;1.009454e-01;2.523587e-02;8.910159e-03;4.146136e-02
1.562410e-01;2.757205e-02;8.128626e-02;6.424536e-02;3.857619e-02;1.137594e-01;2.722678e-01;7.851549e-02;8.992483e-02;2.792497e-02;7.429274e-03;4.225744e-02
1.429703e-01;3.116276e-02;8.495225e-02;8.660339e-02;3.816713e-02;8.284265e-02;2.688307e-01;1.263615e-01;6.115091e-02;2.980365e-02;1.003378e-02;3.712101e-02
1.118547e-01;4.463086e-02;1.499424e-01;1.120157e-01;4.095789e-02;3.636998e-02;2.180551e-01;1.832630e-01;4.150653e-02;2.668512e-02;1.163084e-02;2.308788e-02
9.170657e-02;5.566800e-02;2.288100e-01;1.142287e-01;7.225801e-02;1.330306e-02;1.423185e-01;1.953407e-01;3.032170e-02;2.529766e-02;1.253187e-02;1.821531e-02
7.423686e-02;5.357249e-02;2.369505e-01;1.117764e-01;1.064929e-01;3.627945e-02;8.204500e-02;1.930488e-01;5.331529e-02;2.204296e-02;1.608537e-02;1.415391e-02
7.405012e-02;5.102554e-02;1.925856e-01;9.413666e-02;1.308668e-01;6.323228e-02;8.599733e-02;1.640257e-01;9.307586e-02;1.522776e-02;2.071865e-02;1.505773e-02
8.464409e-02;5.492052e-02;1.522151e-01;6.993582e-02;1.267117e-01;7.851736e-02;1.687606e-01;1.035196e-01;1.053287e-01;1.477862e-02;2.363184e-02;1.703607e-02
7.224594e-02;5.786456e-02;1.336528e-01;1.118875e-01;7.296060e-02;6.864398e-02;1.911351e-01;1.420945e-01;8.753913e-02;3.005107e-02;1.881199e-02;1.311282e-02
3.925937e-02;5.787931e-02;1.876223e-01;1.780829e-01;7.386124e-02;5.509831e-02;1.212243e-01;1.353493e-01;9.247764e-02;3.528542e-02;1.171511e-02;1.214476e-02
1.527682e-02;4.044701e-02;2.413851e-01;1.665597e-01;6.922126e-02;5.237826e-02;1.219468e-01;1.344133e-01;7.988027e-02;4.957980e-02;1.282764e-02;1.608415e-02
1.987837e-02;2.816558e-02;2.971664e-01;9.867174e-02;5.505813e-02;3.727907e-02;8.780659e-02;2.163627e-01;6.225882e-02;5.930888e-02;1.806957e-02;1.997421e-02
1.891354e-02;2.843309e-02;3.327996e-01;1.621098e-01;5.834570e-02;4.194755e-02;5.440993e-02;1.511620e-01;5.498688e-02;6.094331e-02;1.953431e-02;1.641438e-02
2.373213e-02;3.370510e-02;3.363244e-01;2.088475e-01;6.486007e-02;4.803365e-02;6.311956e-02;9.542685e-02;3.761831e-02;5.335023e-02;2.294112e-02;1.204112e-02
2.149049e-02;2.609612e-02;3.326115e-01;1.678472e-01;8.047573e-02;3.715602e-02;7.949892e-02;1.205606e-01;4.553713e-02;4.761496e-02;3.063850e-02;1.047294e-02
1.412157e-02;2.426872e-02;2.413152e-01;2.090379e-01;9.637344e-02;5.892657e-02;8.645335e-02;1.348816e-01;5.960661e-02;3.249884e-02;2.767951e-02;1.483661e-02
2.149665e-02;2.195843e-02;1.291871e-01;1.627102e-01;1.359004e-01;9.803326e-02;1.802815e-01;1.407883e-01;5.836792e-02;2.112587e-02;1.511821e-02;1.503204e-02
3.391925e-02;2.756144e-02;8.080750e-02;1.057061e-01;1.549272e-01;1.206159e-01;2.528848e-01;1.296915e-01;4.900149e-02;2.254789e-02;1.155926e-02;1.077762e-02
4.657914e-02;3.438329e-02;6.539661e-02;1.350912e-01;1.427576e-01;9.883343e-02;2.653183e-01;1.064565e-01;5.938372e-02;2.158777e-02;1.181138e-02;1.240109e-02
5.712521e-02;4.301272e-02;1.176140e-01;1.452324e-01;1.039101e-01;5.719479e-02;2.716928e-01;9.421701e-02;6.429190e-02;2.372239e-02;8.910601e-03;1.307605e-02
4.467693e-02;8.992141e-02;1.687683e-01;1.074453e-01;8.170990e-02;4.088528e-02;2.345042e-01;1.247177e-01;4.687728e-02;3.255503e-02;1.214023e-02;1.579845e-02
5.726160e-02;1.283965e-01;1.290762e-01;9.535298e-02;9.665105e-02;8.002798e-02;1.669186e-01;1.217332e-01;4.369640e-02;3.332520e-02;2.271244e-02;2.484783e-02
7.789036e-02;9.365106e-02;1.219260e-01;9.687968e-02;8.445458e-02;1.518253e-01;1.339058e-01;9.005533e-02;4.509750e-02;3.151388e-02;4.462696e-02;2.817364e-02
8.720096e-02;6.401046e-02;1.642747e-01;6.798930e-02;7.280263e-02;1.564952e-01;1.088533e-01;1.005370e-01;6.369404e-02;3.324622e-02;5.840962e-02;2.248669e-02
7.746230e-02;1.118582e-01;1.419992e-01;9.071977e-02;8.958686e-02;1.097952e-01;8.009827e-02;8.705306e-02;7.231767e-02;2.604001e-02;5.280495e-02;6.026446e-02
4.886390e-02;1.168526e-01;8.946796e-02;9.417972e-02;1.002775e-01;6.534775e-02;8.076994e-02;1.079545e-01;8.563548e-02;2.334185e-02;5.415282e-02;1.331560e-01
4.717434e-02;7.510160e-02;5.883151e-02;1.052575e-01;7.345227e-02;8.510215e-02;8.168263e-02;1.321950e-01;8.594079e-02;3.483177e-02;5.556988e-02;1.648606e-01
4.680822e-02;5.819638e-02;8.412937e-02;9.400629e-02;5.634042e-02;1.054294e-01;1.250825e-01;1.041963e-01;8.672362e-02;5.233033e-02;6.325331e-02;1.235039e-01
7.568493e-02;6.449039e-02;9.816280e-02;5.092884e-02;1.098173e-01;7.409225e-02;1.574511e-01;6.107298e-02;1.235566e-01;7.023042e-02;6.582798e-02;4.868441e-02
7.621905e-02;7.564374e-02;9.156056e-02;4.231396e-02;1.254672e-01;7.443678e-02;1.413781e-01;7.598344e-02;1.065132e-01;6.402592e-02;6.927552e-02;5.718262e-02
7.627756e-02;1.140989e-01;8.619110e-02;4.366031e-02;7.108347e-02;9.566808e-02;1.613262e-01;8.297744e-02;7.889288e-02;5.885329e-02;6.927394e-02;6.169678e-02
6.758514e-02;1.261110e-01;1.028595e-01;4.332259e-02;6.835589e-02;1.027650e-01;1.588974e-01;6.440148e-02;7.513765e-02;6.083608e-02;5.153318e-02;7.819511e-02
5.069138e-02;9.740177e-02;1.714479e-01;8.694542e-02;6.566381e-02;1.101235e-01;1.223804e-01;7.174626e-02;6.925479e-02;5.025938e-02;4.225004e-02;6.183535e-02
3.773322e-02;7.299905e-02;1.426785e-01;9.775389e-02;6.044724e-02;8.982481e-02;1.328106e-01;7.566773e-02;1.016454e-01;4.989051e-02;4.131397e-02;9.723501e-02
6.814659e-02;7.318920e-02;1.447149e-01;1.144939e-01;5.645452e-02;4.327691e-02;1.303255e-01;5.236097e-02;1.080829e-01;6.051346e-02;5.989418e-02;8.854709e-02
6.439000e-02;5.047001e-02;1.773766e-01;1.007765e-01;6.830198e-02;3.324334e-02;1.326751e-01;5.103965e-02;1.259324e-01;6.638662e-02;6.385565e-02;6.555220e-02
6.184445e-02;7.660231e-02;1.181350e-01;6.850075e-02;8.664674e-02;4.299217e-02;1.169947e-01;9.448761e-02;1.797593e-01;7.815974e-02;4.456693e-02;3.131034e-02
5.822768e-02;7.617310e-02;8.151925e-02;4.863430e-02;8.415360e-02;8.099847e-02;1.168865e-01;1.065387e-01;1.546092e-01;8.022800e-02;5.477076e-02;5.726044e-02
7.121616e-02;6.757137e-02;4.724952e-02;5.377436e-02;6.339379e-02;1.010586e-01;1.220356e-01;9.036896e-02;1.335752e-01;7.310578e-02;8.572570e-02;9.092501e-02
6.721753e-02;4.784339e-02;7.987795e-02;4.611772e-02;5.648448e-02;9.596606e-02;1.113306e-01;6.517819e-02;1.045716e-01;7.851447e-02;1.334919e-01;1.134061e-01
6.004477e-02;3.302541e-02;1.135849e-01;4.059623e-02;7.062742e-02;6.973115e-02;9.413850e-02;8.288891e-02;9.089441e-02;9.296055e-02;1.423765e-01;1.091313e-01
9.154186e-02;5.203121e-02;9.381820e-02;6.113397e-02;6.989673e-02;9.191920e-02;7.421611e-02;6.953548e-02;9.558555e-02;1.150998e-01;9.903608e-02;8.618584e-02
1.070087e-01;1.089375e-01;6.944013e-02;9.146491e-02;8.422176e-02;9.363530e-02;7.602767e-02;5.063481e-02;9.326237e-02;1.047034e-01;5.573253e-02;6.493097e-02
8.134764e-02;1.041176e-01;5.052011e-02;9.904938e-02;7.618204e-02;6.271578e-02;8.115263e-02;5.559031e-02;1.008558e-01;7.673515e-02;9.263722e-02;1.190963e-01
8.561154e-02;9.095219e-02;5.873888e-02;1.011902e-01;8.266567e-02;5.211283e-02;1.161242e-01;5.483103e-02;8.805525e-02;5.878595e-02;9.410660e-02;1.168257e-01
7.396742e-02;8.049566e-02;9.670829e-02;8.650536e-02;8.689824e-02;4.299403e-02;1.566598e-01;5.405343e-02;8.775456e-02;7.723396e-02;6.873157e-02;8.799768e-02
6.238896e-02;6.278216e-02;8.765976e-02;7.472914e-02;7.375526e-02;4.922935e-02;1.523360e-01;5.351372e-02;8.048174e-02;8.319815e-02;1.189625e-01;1.009632e-01
8.800330e-02;5.520236e-02;1.019608e-01;7.610597e-02;6.411935e-02;4.306538e-02;1.083310e-01;6.709641e-02;8.906820e-02;6.670265e-02;1.319213e-01;1.084233e-01
7.467103e-02;5.580634e-02;9.862502e-02;6.562611e-02;1.002458e-01;6.762040e-02;1.196754e-01;9.105720e-02;9.997630e-02;6.932295e-02;9.777997e-02;5.959357e-02
7.167798e-02;3.771124e-02;1.046756e-01;6.744959e-02;1.385707e-01;1.076985e-01;1.290836e-01;7.756530e-02;9.678487e-02;5.649917e-02;6.768668e-02;4.459685e-02
7.521792e-02;5.491151e-02;1.100885e-01;6.369489e-02;1.056059e-01;1.208451e-01;1.381294e-01;5.565933e-02;8.979610e-02;3.970315e-02;9.668946e-02;4.965870e-02
8.375878e-02;6.773032e-02;1.325740e-01;8.868534e-02;5.967864e-02;1.135784e-01;1.103992e-01;5.172334e-02;7.402544e-02;4.019816e-02;1.013186e-01;7.632970e-02
8.285134e-02;7.698273e-02;1.352461e-01;8.983316e-02;6.349257e-02;9.301149e-02;7.736746e-02;6.355483e-02;6.639732e-02;6.274112e-02;9.355798e-02;9.496390e-02
8.626130e-02;6.711457e-02;1.334361e-01;6.327688e-02;8.306960e-02;1.047071e-01;7.376467e-02;7.547697e-02;4.831045e-02;7.221230e-02;8.959014e-02;1.027799e-01
7.310454e-02;4.409715e-02;1.104706e-01;7.262267e-02;1.099114e-01;9.683928e-02;1.085976e-01;6.044497e-02;7.210340e-02;7.115074e-02;6.392086e-02;1.167369e-01
6.750128e-02;4.628696e-02;1.790588e-01;9.614903e-02;7.773007e-02;5.326746e-02;1.344612e-01;6.353233e-02;6.816639e-02;6.265704e-02;4.220396e-02;1.089855e-01
8.514712e-02;5.001527e-02;1.872649e-01;6.874635e-02;9.728963e-02;7.210999e-02;1.793564e-01;4.112889e-02;5.509273e-02;6.052756e-02;6.649542e-02;3.682570e-02
5.163900e-02;4.728672e-02;2.145689e-01;6.823263e-02;9.112171e-02;7.901958e-02;1.641003e-01;3.366113e-02;4.992149e-02;5.221580e-02;8.246019e-02;6.577256e-02
2.714515e-02;4.666436e-02;2.900222e-01;5.372088e-02;6.137571e-02;7.751910e-02;1.132946e-01;3.068028e-02;4.714208e-02;5.405923e-02;1.130823e-01;8.529424e-02
1.985664e-02;5.384397e-02;3.286236e-01;3.705812e-02;3.936434e-02;6.421260e-02;7.141334e-02;3.595170e-02;3.631324e-02;6.931503e-02;1.386858e-01;1.053615e-01
2.848224e-02;5.737526e-02;3.224687e-01;4.028773e-02;3.683589e-02;6.847624e-02;4.581043e-02;4.718524e-02;2.309616e-02;7.534298e-02;1.222558e-01;1.323833e-01
3.454872e-02;6.827071e-02;3.305392e-01;4.947915e-02;3.205153e-02;8.590101e-02;3.381089e-02;5.123442e-02;1.728874e-02;6.546909e-02;8.043067e-02;1.509758e-01
2.882132e-02;5.837209e-02;3.263266e-01;9.777703e-02;2.897960e-02;8.496986e-02;4.818175e-02;3.790533e-02;2.229977e-02;5.276426e-02;7.355081e-02;1.400516e-01
2.571456e-02;4.899175e-02;3.277784e-01;1.064646e-01;5.437154e-02;7.712457e-02;8.026465e-02;3.539008e-02;3.185651e-02;4.530828e-02;5.986868e-02;1.068663e-01
4.219292e-02;5.106353e-02;3.089680e-01;1.043088e-01;1.171124e-01;8.110826e-02;9.745806e-02;2.284557e-02;2.964140e-02;3.969019e-02;5.635117e-02;4.925965e-02
3.300009e-02;9.486927e-02;2.777327e-01;1.146891e-01;1.241756e-01;9.650026e-02;6.657309e-02;2.979204e-02;3.124480e-02;3.411554e-02;4.004409e-02;5.726346e-02
4.190790e-02;1.110884e-01;1.759972e-01;1.205280e-01;2.034551e-01;9.538993e-02;6.075409e-02;3.732203e-02;3.054479e-02;2.028853e-02;3.691269e-02;6.581140e-02
4.335058e-02;8.554528e-02;1.784223e-01;7.703161e-02;1.865448e-01;1.136454e-01;1.447626e-01;3.834781e-02;3.699908e-02;1.843495e-02;3.122455e-02;4.569109e-02
4.988567e-02;5.297016e-02;1.522403e-01;7.792732e-02;1.459271e-01;1.263351e-01;2.482339e-01;4.813618e-02;4.140991e-02;1.636258e-02;1.723989e-02;2.333188e-02
4.087004e-02;3.864691e-02;9.855872e-02;1.234201e-01;9.518241e-02;1.197266e-01;2.965880e-01;8.759174e-02;5.965286e-02;2.247111e-02;8.503914e-03;8.787521e-03
2.258162e-02;2.940757e-02;7.780730e-02;1.044524e-01;8.454744e-02;9.186506e-02;3.197548e-01;1.353866e-01;9.325060e-02;3.056857e-02;4.606375e-03;5.771729e-03
1.108039e-02;2.089353e-02;7.701568e-02;6.581270e-02;1.318058e-01;6.365018e-02;3.063864e-01;1.362160e-01;1.328825e-01;4.186542e-02;5.518040e-03;6.873478e-03
9.233636e-03;1.893527e-02;8.839277e-02;5.585712e-02;2.070613e-01;6.734947e-02;2.332893e-01;9.980531e-02;1.373508e-01;5.572890e-02;1.205926e-02;1.493686e-02
1.608304e-02;1.483327e-02;9.802420e-02;1.141211e-01;2.505441e-01;5.970636e-02;1.297353e-01;5.969818e-02;1.180506e-01;9.853156e-02;2.335851e-02;1.731374e-02
3.502761e-02;1.077972e-02;8.820330e-02;1.774234e-01;1.431020e-01;3.272934e-02;1.054458e-01;7.491549e-02;1.553250e-01;1.234505e-01;3.993941e-02;1.365845e-02
4.248075e-02;6.783280e-03;7.102006e-02;1.658691e-01;6.005427e-02;4.312476e-02;2.125051e-01;7.257639e-02;1.665361e-01;1.037747e-01;4.700875e-02;8.266745e-03
4.031008e-02;6.735403e-03;7.690883e-02;1.347856e-01;6.995900e-02;9.462668e-02;2.020637e-01;4.484791e-02;1.534762e-01;1.135437e-01;5.232559e-02;1.041741e-02
4.013052e-02;1.117630e-02;6.000612e-02;1.641984e-01;7.947701e-02;1.263590e-01;1.628967e-01;2.970821e-02;1.363947e-01;1.205043e-01;5.524357e-02;1.390515e-02
3.373718e-02;1.256165e-02;7.400832e-02;1.769379e-01;1.163928e-01;1.028719e-01;1.119740e-01;5.160853e-02;1.206617e-01;1.180058e-01;6.604303e-02;1.519717e-02
2.299791e-02;1.993715e-02;1.072180e-01;1.406789e-01;1.414647e-01;8.057005e-02;1.477027e-01;5.697045e-02;1.009655e-01;9.468472e-02;6.765632e-02;1.915362e-02
2.619940e-02;2.612938e-02;1.232641e-01;1.034895e-01;1.360637e-01;8.587182e-02;2.351425e-01;5.004225e-02;6.843166e-02;6.864458e-02;6.029511e-02;1.642602e-02
3.636585e-02;3.438796e-02;1.356718e-01;7.980061e-02;1.283179e-01;6.574420e-02;2.957465e-01;4.733244e-02;4.551201e-02;7.731353e-02;4.414070e-02;9.666439e-03
4.277739e-02;2.688643e-02;1.175023e-01;8.712109e-02;1.130728e-01;7.045441e-02;2.592442e-01;6.898184e-02;3.971632e-02;9.526623e-02;5.445721e-02;2.451985e-02
3.052536e-02;2.923938e-02;7.806612e-02;8.201650e-02;1.165627e-01;8.295192e-02;1.752183e-01;1.303491e-01;6.218857e-02;1.133978e-01;6.483984e-02;3.464441e-02
3.030395e-02;3.676961e-02;6.274883e-02;5.695347e-02;1.179847e-01;9.257834e-02;1.350354e-01;1.777783e-01;6.153040e-02;1.565948e-01;4.529580e-02;2.642643e-02
3.643772e-02;3.150604e-02;4.819063e-02;3.329657e-02;1.164820e-01;1.004861e-01;1.091801e-01;2.501919e-01;9.984390e-02;1.345965e-01;2.585166e-02;1.393697e-02
3.311069e-02;5.464836e-02;5.850521e-02;7.724609e-02;1.146849e-01;9.361228e-02;1.099190e-01;2.007274e-01;1.574751e-01;6.104474e-02;2.485881e-02;1.416752e-02
1.507315e-02;5.645598e-02;4.542542e-02;1.044243e-01;8.165758e-02;5.840607e-02;1.348343e-01;2.930254e-01;1.261689e-01;3.971989e-02;2.673117e-02;1.807784e-02
3.172012e-02;6.683535e-02;4.696004e-02;9.043431e-02;6.296338e-02;5.591428e-02;1.284730e-01;3.583781e-01;7.460022e-02;4.065512e-02;2.608794e-02;1.697821e-02
5.421781e-02;7.106598e-02;8.009794e-02;7.284123e-02;5.077705e-02;6.827638e-02;1.351035e-01;2.695511e-01;1.137400e-01;4.211756e-02;2.371047e-02;1.850094e-02
1.168577e-01;8.692996e-02;1.257491e-01;3.382164e-02;5.021871e-02;4.902391e-02;2.298738e-01;1.215006e-01;6.965518e-02;4.651105e-02;3.142912e-02;3.842913e-02
9.172253e-02;1.100491e-01;1.361002e-01;2.768464e-02;3.307670e-02;5.074995e-02;2.588592e-01;1.382117e-01;4.500388e-02;3.667960e-02;3.808624e-02;3.377626e-02
5.575711e-02;1.230779e-01;1.203266e-01;2.334132e-02;3.294044e-02;7.251015e-02;3.077901e-01;1.180208e-01;3.539744e-02;2.608056e-02;5.280521e-02;3.195227e-02
7.640258e-02;1.201763e-01;7.398975e-02;1.159670e-02;3.326334e-02;8.504689e-02;3.017733e-01;1.245283e-01;5.270145e-02;2.409638e-02;4.339200e-02;5.303307e-02
1.237783e-01;1.202429e-01;4.089419e-02;1.039081e-02;3.876467e-02;7.687131e-02;2.689153e-01;1.055166e-01;6.503951e-02;2.843675e-02;4.113203e-02;8.001766e-02
1.527253e-01;1.169871e-01;7.167860e-02;1.494052e-02;5.950617e-02;5.358062e-02;2.257787e-01;4.644398e-02;5.567771e-02;3.149779e-02;7.472730e-02;9.645627e-02
1.382400e-01;8.037125e-02;1.517197e-01;2.364241e-02;9.812646e-02;3.732783e-02;1.776264e-01;3.750013e-02;4.970713e-02;2.790001e-02;1.055203e-01;7.231840e-02
6.408084e-02;6.359865e-02;1.693165e-01;6.140840e-02;1.008731e-01;3.866726e-02;1.364059e-01;5.579565e-02;8.496020e-02;4.633550e-02;1.274785e-01;5.107942e-02
3.914421e-02;6.114300e-02;1.041524e-01;8.830933e-02;7.035180e-02;6.650361e-02;1.253319e-01;8.214093e-02;1.490090e-01;5.578486e-02;1.060471e-01;5.208193e-02
4.303872e-02;8.591071e-02;9.787687e-02;9.832942e-02;5.829234e-02;1.163695e-01;8.637764e-02;8.066767e-02;1.849829e-01;4.965360e-02;6.709598e-02;3.140474e-02
6.116324e-02;8.634353e-02;8.888911e-02;1.057603e-01;4.989394e-02;1.380849e-01;5.249551e-02;9.933743e-02;1.331440e-01;6.517020e-02;6.219754e-02;5.752029e-02
7.166716e-02;7.689949e-02;6.732561e-02;1.226005e-01;4.124271e-02;9.753149e-02;1.152314e-01;8.013894e-02;1.029596e-01;6.711795e-02;9.664136e-02;6.064378e-02
1.081223e-01;8.093628e-02;7.373403e-02;1.038730e-01;4.381869e-02;6.673627e-02;1.207229e-01;5.064387e-02;1.099192e-01;6.759518e-02;1.171022e-01;5.679606e-02
1.007196e-01;8.642907e-02;1.026143e-01;7.151380e-02;5.361574e-02;6.732646e-02;1.136231e-01;6.241282e-02;7.309282e-02;6.384929e-02;1.323474e-01;7.245553e-02
7.072931e-02;9.562822e-02;1.310809e-01;8.968400e-02;6.285720e-02;1.334525e-01;1.046515e-01;5.685640e-02;5.541386e-02;4.672962e-02;9.155386e-02;6.136266e-02
6.371649e-02;7.278611e-02;1.169131e-01;1.100674e-01;8.204850e-02;9.933530e-02;9.568577e-02;8.042882e-02;6.820305e-02;5.596094e-02;7.360712e-02;8.124732e-02
5.106944e-02;4.216062e-02;1.301735e-01;1.132813e-01;1.107417e-01;5.760072e-02;8.744836e-02;1.195209e-01;9.288435e-02;6.578744e-02;6.469985e-02;6.463185e-02
8.066233e-02;4.512554e-02;1.342282e-01;7.247855e-02;1.380713e-01;5.633011e-02;6.985455e-02;1.566008e-01;7.951609e-02;7.303287e-02;5.349210e-02;4.060761e-02
8.329412e-02;8.418634e-02;9.177250e-02;7.684936e-02;1.538715e-01;6.569477e-02;9.014221e-02;1.042970e-01;3.958867e-02;7.624114e-02;6.168937e-02;7.237300e-02
5.065827e-02;7.941145e-02;8.260661e-02;8.685441e-02;1.330785e-01;8.668198e-02;1.066243e-01;7.106818e-02;5.123523e-02;5.682746e-02;6.286214e-02;1.320915e-01
3.370172e-02;6.719039e-02;9.587577e-02;6.075047e-02;1.144544e-01;1.019333e-01;9.904225e-02;1.101417e-01;8.897047e-02;5.289105e-02;3.303891e-02;1.420095e-01
6.718999e-02;9.040670e-02;8.546554e-02;7.371502e-02;8.983268e-02;9.273254e-02;8.500418e-02;1.475128e-01;1.118143e-01;6.595378e-02;1.898205e-02;7.139046e-02
7.031385e-02;8.731806e-02;1.404854e-01;7.361280e-02;5.927837e-02;9.162515e-02;1.412690e-01;1.068095e-01;7.047579e-02;6.387118e-02;3.380791e-02;6.113300e-02
9.131229e-02;6.584376e-02;2.066049e-01;6.320880e-02;5.572756e-02;7.736653e-02;1.760511e-01;8.590312e-02;3.332163e-02;5.100723e-02;4.354414e-02;5.010891e-02
8.252592e-02;5.073705e-02;2.510150e-01;5.003101e-02;4.087468e-02;8.263628e-02;1.935279e-01;9.028721e-02;2.685207e-02;4.253566e-02;4.149652e-02;4.748069e-02
7.967545e-02;7.892364e-02;2.182712e-01;5.714440e-02;3.101799e-02;1.114212e-01;1.712535e-01;8.858210e-02;4.101260e-02;3.331949e-02;2.686728e-02;6.251110e-02
7.391215e-02;1.403936e-01;1.489459e-01;7.928849e-02;6.462962e-02;1.373340e-01;1.266096e-01;6.798481e-02;6.715918e-02;3.119023e-02;1.555820e-02;4.699416e-02
5.875320e-02;2.055681e-01;9.944783e-02;8.966721e-02;9.166014e-02;1.784703e-01;6.817208e-02;7.086544e-02;8.895483e-02;2.120498e-02;5.286246e-03;2.194968e-02
4.403417e-02;1.924269e-01;1.014821e-01;7.158889e-02;7.189578e-02;2.033023e-01;9.387433e-02;1.072224e-01;5.992043e-02;1.867563e-02;2.036936e-02;1.520773e-02
4.820728e-02;1.879157e-01;1.118756e-01;6.496851e-02;8.392616e-02;2.090732e-01;8.970857e-02;9.798687e-02;4.307298e-02;2.020145e-02;2.253558e-02;2.052804e-02
4.208550e-02;2.157225e-01;1.148750e-01;6.546476e-02;1.074215e-01;2.112496e-01;4.915538e-02;8.311728e-02;5.116652e-02;1.944022e-02;1.912547e-02;2.117623e-02
5.115040e-02;2.355767e-01;1.043986e-01;5.854327e-02;1.213333e-01;1.933340e-01;5.114238e-02;6.103737e-02;6.172949e-02;1.736865e-02;1.624209e-02;2.814377e-02
5.696240e-02;2.422900e-01;8.573086e-02;4.949403e-02;1.271519e-01;1.972534e-01;7.657606e-02;3.252134e-02;6.416566e-02;1.539631e-02;1.265028e-02;3.980768e-02
4.702446e-02;1.837775e-01;1.078539e-01;3.134525e-02;1.154545e-01;1.855497e-01;1.628373e-01;3.564864e-02;4.458988e-02;2.170560e-02;1.592921e-02;4.828408e-02
2.733170e-02;1.240716e-01;2.064566e-01;5.893106e-02;1.001291e-01;1.165330e-01;1.767135e-01;5.567223e-02;3.711142e-02;3.374196e-02;2.645484e-02;3.685298e-02
2.773497e-02;1.262712e-01;2.847976e-01;5.821532e-02;8.089631e-02;7.767714e-02;1.576217e-01;7.858777e-02;2.757429e-02;4.036946e-02;2.433089e-02;1.592338e-02
3.170191e-02;1.569043e-01;2.624200e-01;5.432644e-02;5.632332e-02;8.130518e-02;1.503464e-01;9.854748e-02;3.293636e-02;3.687336e-02;2.240566e-02;1.590957e-02
5.211756e-02;1.428890e-01;2.124421e-01;6.924745e-02;6.476106e-02;7.024490e-02;1.274083e-01;1.171230e-01;4.858845e-02;4.481710e-02;2.947018e-02;2.089084e-02
8.675289e-02;1.512619e-01;1.337762e-01;7.350366e-02;8.470412e-02;6.074473e-02;9.946734e-02;1.344062e-01;6.195497e-02;5.410050e-02;2.924250e-02;3.008511e-02
6.992394e-02;1.417973e-01;1.857153e-01;4.903244e-02;7.117134e-02;5.642360e-02;1.133340e-01;1.088963e-01;7.006069e-02;6.654200e-02;2.145449e-02;4.564856e-02
6.380425e-02;1.062917e-01;2.943878e-01;6.328078e-02;4.488910e-02;7.765048e-02;9.415198e-02;8.845699e-02;4.535703e-02;5.494483e-02;2.307333e-02;4.371177e-02
5.997206e-02;1.289656e-01;2.605148e-01;5.803067e-02;7.297170e-02;8.644977e-02;1.038491e-01;8.380769e-02;4.187568e-02;3.991542e-02;2.852089e-02;3.512669e-02
5.830975e-02;1.582338e-01;2.326681e-01;7.857417e-02;6.858091e-02;9.904401e-02;1.176554e-01;4.675159e-02;3.923114e-02;5.010994e-02;1.924270e-02;3.159854e-02
5.415979e-02;1.476433e-01;2.245922e-01;1.048455e-01;7.578476e-02;1.068641e-01;7.370766e-02;5.341439e-02;4.129622e-02;5.135771e-02;2.541905e-02;4.091534e-02
8.803537e-02;1.296218e-01;1.575236e-01;7.592682e-02;8.467203e-02;1.021459e-01;8.127605e-02;1.022791e-01;4.924294e-02;5.188423e-02;2.849070e-02;4.890151e-02
6.310016e-02;1.007113e-01;1.869825e-01;6.799438e-02;7.785358e-02;8.763805e-02;8.714712e-02;8.271100e-02;9.044129e-02;8.232081e-02;4.327205e-02;2.982776e-02
5.753062e-02;8.470859e-02;1.756266e-01;7.676910e-02;5.347597e-02;7.915148e-02;6.475784e-02;1.102907e-01;1.578013e-01;7.814812e-02;3.220477e-02;2.953492e-02
4.589709e-02;8.149596e-02;9.385347e-02;4.438521e-02;5.190866e-02;4.189755e-02;8.026927e-02;1.320411e-01;3.068529e-01;7.190169e-02;2.759431e-02;2.190283e-02
