7.876000e-02;6.822523e-02;1.062637e-01;6.268614e-02;1.011940e-01;1.074365e-01;2.271472e-01;6.036628e-02;5.329885e-02;6.446519e-02;3.809862e-02;3.205825e-02
1.176525e-01;5.519138e-02;5.497526e-02;8.053025e-02;1.030486e-01;8.629847e-02;1.324951e-01;6.371105e-02;8.359569e-02;9.337021e-02;6.527668e-02;6.385480e-02
8.811608e-02;6.570631e-02;4.922860e-02;6.541041e-02;8.710103e-02;1.116841e-01;1.419891e-01;7.991209e-02;7.621586e-02;9.420523e-02;6.055300e-02;7.987820e-02
9.613416e-02;6.592797e-02;6.432542e-02;7.007712e-02;8.086798e-02;1.114194e-01;1.383104e-01;9.425890e-02;6.225283e-02;8.923939e-02;5.153291e-02;7.565352e-02
1.250069e-01;4.755397e-02;8.076238e-02;4.500877e-02;1.319302e-01;8.283383e-02;1.172960e-01;9.893503e-02;5.649355e-02;4.870955e-02;1.255853e-01;3.988442e-02
1.339909e-01;3.657923e-02;7.895567e-02;4.093810e-02;1.567355e-01;7.197500e-02;1.028892e-01;9.915923e-02;5.712736e-02;3.537315e-02;1.569101e-01;2.936657e-02
1.170229e-01;3.428946e-02;8.556665e-02;5.261729e-02;1.573844e-01;6.091993e-02;8.981386e-02;1.265641e-01;4.903422e-02;6.067766e-02;1.376691e-01;2.844050e-02
8.099023e-02;3.785674e-02;9.288518e-02;6.047785e-02;1.334649e-01;5.990906e-02;1.084817e-01;1.457576e-01;4.044123e-02;1.105413e-01;1.028146e-01;2.637955e-02
3.980598e-02;5.055742e-02;8.895591e-02;7.801419e-02;8.332761e-02;9.282435e-02;1.669264e-01;9.466659e-02;6.863180e-02;1.331185e-01;7.662295e-02;2.654834e-02
2.909636e-02;6.476720e-02;7.101883e-02;8.643414e-02;6.612496e-02;9.460562e-02;2.307921e-01;4.442897e-02;8.053115e-02;1.032849e-01;9.170693e-02;3.720881e-02
4.457982e-02;6.811823e-02;6.091947e-02;8.830516e-02;7.879192e-02;6.829856e-02;2.114460e-01;8.716354e-02;3.713362e-02;8.830751e-02;1.097742e-01;5.716201e-02
4.008513e-02;6.172917e-02;7.335427e-02;1.060411e-01;9.358173e-02;7.089806e-02;1.382253e-01;9.001067e-02;5.610305e-02;9.840129e-02;1.122102e-01;5.936001e-02
3.715172e-02;6.548951e-02;8.793616e-02;1.083626e-01;1.107125e-01;4.972323e-02;1.076479e-01;6.071247e-02;7.226809e-02;1.213398e-01;1.231175e-01;5.553859e-02
5.520077e-02;6.071386e-02;8.184182e-02;5.406058e-02;1.101291e-01;3.795224e-02;1.251216e-01;1.728477e-01;4.447925e-02;1.350468e-01;8.193229e-02;4.067406e-02
5.043764e-02;5.087762e-02;9.503551e-02;2.625779e-02;1.251248e-01;6.024997e-02;1.638224e-01;2.072235e-01;4.715729e-02;8.387823e-02;5.738693e-02;3.254826e-02
4.141767e-02;4.912309e-02;9.774338e-02;4.312655e-02;1.437063e-01;9.074271e-02;1.982272e-01;1.966009e-01;3.100604e-02;4.539109e-02;3.843012e-02;2.448487e-02
8.040045e-02;5.483372e-02;1.040258e-01;9.335986e-02;1.422613e-01;7.768128e-02;1.405296e-01;1.346140e-01;3.101748e-02;4.667015e-02;4.444508e-02;5.016135e-02
8.500320e-02;3.866918e-02;7.360812e-02;1.228684e-01;1.142016e-01;8.698305e-02;9.301053e-02;5.046917e-02;7.607297e-02;5.467006e-02;1.272494e-01;7.719444e-02
7.123824e-02;3.940206e-02;7.220945e-02;1.266679e-01;1.027001e-01;9.427916e-02;1.041509e-01;4.314812e-02;7.161565e-02;4.662459e-02;1.643730e-01;6.359085e-02
6.659169e-02;3.695295e-02;6.215643e-02;1.202416e-01;1.110101e-01;9.225017e-02;1.305166e-01;4.158518e-02;7.147139e-02;3.751997e-02;1.736494e-01;5.605459e-02
4.474015e-02;7.378673e-02;1.495513e-01;1.419665e-01;6.169983e-02;4.079403e-02;1.237515e-01;8.514278e-02;4.658227e-02;8.584387e-02;7.592084e-02;7.022009e-02
4.536520e-02;8.159170e-02;1.594675e-01;1.255611e-01;5.963124e-02;6.339658e-02;1.181077e-01;6.468676e-02;6.726453e-02;8.190053e-02;5.811178e-02;7.491537e-02
3.671850e-02;9.418685e-02;1.461495e-01;1.125449e-01;6.752796e-02;1.057628e-01;1.016139e-01;3.873968e-02;9.771081e-02;6.029702e-02;5.870914e-02;8.003897e-02
3.638049e-02;1.065910e-01;1.217217e-01;1.188211e-01;8.268089e-02;1.343101e-01;6.818815e-02;2.964495e-02;1.316701e-01;3.513125e-02;6.235112e-02;7.250916e-02
5.093995e-02;1.166045e-01;1.063844e-01;1.261983e-01;1.054801e-01;1.275547e-01;3.250385e-02;2.647069e-02;1.450655e-01;4.967675e-02;5.456356e-02;5.855770e-02
7.831168e-02;1.252681e-01;8.861423e-02;1.217190e-01;1.133818e-01;9.400816e-02;3.379868e-02;3.850805e-02;1.421511e-01;7.390987e-02;4.787211e-02;4.245741e-02
1.088494e-01;1.005925e-01;7.180115e-02;8.594811e-02;1.249833e-01;8.233549e-02;5.248316e-02;3.828643e-02;1.275591e-01;9.136002e-02;8.413626e-02;3.166514e-02
1.115579e-01;6.351794e-02;6.801108e-02;5.289801e-02;1.455511e-01;1.102014e-01;7.636569e-02;4.609437e-02;1.007454e-01;7.070104e-02;1.146914e-01;3.966467e-02
9.282860e-02;5.198497e-02;7.294694e-02;8.459586e-02;1.478463e-01;1.213746e-01;9.077866e-02;5.000872e-02;9.321232e-02;4.321732e-02;1.092107e-01;4.199490e-02
4.560803e-02;4.328510e-02;9.510221e-02;1.095152e-01;1.148270e-01;1.158310e-01;1.133302e-01;5.883430e-02;1.291405e-01;5.724836e-02;8.838303e-02;2.889516e-02
5.615996e-02;3.867238e-02;7.331189e-02;6.268641e-02;6.495330e-02;1.302319e-01;1.522864e-01;9.531771e-02;1.440376e-01;1.027197e-01;4.892335e-02;3.069941e-02
3.054769e-02;2.997667e-02;4.192131e-02;3.290486e-02;5.130875e-02;1.850085e-01;2.204516e-01;1.026461e-01;1.066711e-01;1.388818e-01;4.221414e-02;1.746739e-02
2.164842e-02;1.839240e-02;2.823743e-02;3.353876e-02;6.896047e-02;2.746717e-01;2.377723e-01;1.024990e-01;6.653513e-02;1.002540e-01;2.813470e-02;1.935563e-02
2.748311e-02;2.371986e-02;3.386679e-02;2.526899e-02;8.488394e-02;2.928553e-01;1.657400e-01;1.207615e-01;7.539223e-02;1.009735e-01;1.802564e-02;3.102917e-02
2.284140e-02;2.437671e-02;2.784815e-02;3.890237e-02;1.676123e-01;2.604780e-01;1.819325e-01;7.583591e-02;6.148559e-02;7.551448e-02;2.583621e-02;3.733631e-02
3.249714e-02;2.673232e-02;3.316917e-02;7.817356e-02;1.608151e-01;1.804707e-01;2.490457e-01;7.006775e-02;3.958088e-02;6.334218e-02;2.480987e-02;4.129562e-02
3.738294e-02;3.740445e-02;5.986876e-02;1.014848e-01;1.457411e-01;1.299017e-01;2.201763e-01;6.238098e-02;5.958067e-02;6.860840e-02;4.081310e-02;3.665686e-02
2.730455e-02;4.594985e-02;4.724256e-02;7.221107e-02;1.868728e-01;1.694924e-01;1.530492e-01;6.693149e-02;8.168522e-02;6.960036e-02;5.791660e-02;2.174374e-02
2.060679e-02;3.959452e-02;2.657678e-02;1.118219e-01;1.701192e-01;1.622921e-01;1.470221e-01;9.697611e-02;7.371379e-02;6.860574e-02;4.990664e-02;3.276430e-02
1.983599e-02;4.430721e-02;3.246814e-02;2.034930e-01;1.185548e-01;8.902249e-02;1.374195e-01;9.498344e-02;7.467386e-02;7.671124e-02;5.241696e-02;5.611333e-02
2.565408e-02;6.461695e-02;4.211382e-02;2.622151e-01;1.639043e-01;4.813286e-02;7.549012e-02;7.205662e-02;6.373251e-02;6.590237e-02;7.669065e-02;3.949056e-02
2.515572e-02;5.949648e-02;5.781572e-02;2.228903e-01;2.239297e-01;6.862531e-02;5.592791e-02;6.045361e-02;5.650471e-02;5.121792e-02;9.136643e-02;2.661618e-02
3.041949e-02;4.986360e-02;6.473543e-02;1.447995e-01;2.279254e-01;5.432789e-02;6.168969e-02;7.397158e-02;4.917319e-02;9.104530e-02;1.071893e-01;4.485962e-02
5.299939e-02;7.072414e-02;1.193301e-01;6.279538e-02;1.727942e-01;5.215794e-02;9.273300e-02;7.833900e-02;5.695410e-02;9.728898e-02;8.467335e-02;5.921038e-02
1.534797e-01;8.366840e-02;1.499694e-01;4.298563e-02;1.231027e-01;6.165349e-02;1.141038e-01;6.261192e-02;5.140919e-02;5.277447e-02;6.180996e-02;4.243129e-02
2.022779e-01;7.398177e-02;9.874446e-02;6.362229e-02;1.125451e-01;5.531783e-02;1.368516e-01;5.800514e-02;4.433837e-02;5.002352e-02;5.190182e-02;5.239019e-02
1.821718e-01;5.131031e-02;7.832983e-02;1.206734e-01;9.265288e-02;5.770472e-02;1.849228e-01;3.839238e-02;3.366101e-02;4.626780e-02;3.846903e-02;7.544398e-02
1.382421e-01;3.952404e-02;7.241066e-02;1.651361e-01;6.988717e-02;5.112835e-02;2.252890e-01;2.630387e-02;3.583924e-02;4.354722e-02;3.520616e-02;9.748618e-02
1.278104e-01;4.635968e-02;7.153971e-02;1.632188e-01;4.170734e-02;7.111929e-02;2.365996e-01;2.477812e-02;3.625840e-02;4.413766e-02;3.636876e-02;1.001022e-01
1.321581e-01;3.975161e-02;7.741479e-02;1.401681e-01;6.309020e-02;8.695789e-02;2.223008e-01;1.999234e-02;3.270959e-02;5.188719e-02;3.874973e-02;9.481958e-02
1.613368e-01;4.145701e-02;5.616747e-02;1.181307e-01;1.031274e-01;7.872558e-02;1.893639e-01;3.675199e-02;2.113304e-02;6.937385e-02;3.847244e-02;8.595979e-02
2.154834e-01;3.652433e-02;3.534954e-02;1.013553e-01;1.125161e-01;7.967529e-02;1.557101e-01;4.418696e-02;3.733284e-02;6.975757e-02;3.855766e-02;7.355088e-02
2.538725e-01;7.389990e-02;6.031090e-02;1.049913e-01;7.301270e-02;6.430005e-02;1.142114e-01;4.597142e-02;2.798099e-02;4.542208e-02;5.562021e-02;8.040648e-02
2.411319e-01;9.782507e-02;7.650159e-02;1.204992e-01;8.414998e-02;4.087245e-02;7.771662e-02;3.990024e-02;2.190215e-02;2.651326e-02;8.605184e-02;8.693567e-02
2.102213e-01;1.138058e-01;7.708383e-02;1.083201e-01;1.167943e-01;4.921998e-02;5.597367e-02;2.964939e-02;3.729108e-02;2.667548e-02;1.016502e-01;7.331488e-02
1.701030e-01;1.402392e-01;1.103867e-01;9.170476e-02;1.279855e-01;5.943504e-02;5.316949e-02;3.779153e-02;4.559453e-02;4.199209e-02;8.438735e-02;3.721078e-02
1.284887e-01;1.420072e-01;1.450724e-01;7.559844e-02;1.236691e-01;7.944969e-02;6.981017e-02;4.177478e-02;4.888157e-02;4.128872e-02;4.232104e-02;6.163819e-02
6.356788e-02;1.047896e-01;2.045148e-01;5.212503e-02;1.234144e-01;9.027427e-02;8.303408e-02;5.105219e-02;5.615745e-02;4.438382e-02;5.288409e-02;7.380237e-02
2.430356e-02;7.929292e-02;2.427404e-01;7.318260e-02;1.456531e-01;1.466690e-01;7.706537e-02;2.453645e-02;4.920394e-02;5.341175e-02;5.250352e-02;3.143745e-02
3.324325e-02;9.053465e-02;2.269371e-01;7.388186e-02;1.406099e-01;1.970341e-01;1.005640e-01;1.430659e-02;2.875992e-02;5.557938e-02;3.032753e-02;8.221764e-03
4.483213e-02;1.012688e-01;2.129323e-01;6.779049e-02;1.210162e-01;1.994961e-01;1.308898e-01;2.288501e-02;1.336575e-02;5.675130e-02;1.870446e-02;1.006759e-02
3.790869e-02;9.610795e-02;2.253134e-01;6.065606e-02;1.159512e-01;1.884838e-01;1.467788e-01;2.706447e-02;8.748575e-03;6.577130e-02;1.926243e-02;7.953334e-03
3.048458e-02;8.671240e-02;2.511404e-01;6.069031e-02;1.154333e-01;1.728873e-01;1.312231e-01;2.463279e-02;1.772533e-02;7.092148e-02;2.799204e-02;1.015696e-02
1.827543e-02;7.797956e-02;2.560222e-01;6.047508e-02;9.496882e-02;1.461527e-01;1.058481e-01;2.928709e-02;3.911908e-02;6.465543e-02;6.023938e-02;4.697721e-02
4.037754e-02;8.137635e-02;2.200338e-01;4.393251e-02;5.187969e-02;1.016944e-01;9.483595e-02;5.842599e-02;5.334619e-02;5.595341e-02;7.641172e-02;1.217324e-01
6.288022e-02;9.499090e-02;1.711227e-01;3.321895e-02;4.664775e-02;1.061389e-01;1.052506e-01;6.451650e-02;4.064443e-02;5.627628e-02;7.050604e-02;1.478066e-01
8.632807e-02;8.660005e-02;1.075316e-01;3.618573e-02;7.486848e-02;1.094304e-01;1.304018e-01;4.849622e-02;3.482094e-02;5.112334e-02;1.244326e-01;1.097808e-01
8.690590e-02;1.063270e-01;1.603262e-01;3.611266e-02;8.395491e-02;7.801120e-02;1.161759e-01;3.476470e-02;3.417212e-02;5.004138e-02;1.370928e-01;7.611533e-02
4.691609e-02;7.803022e-02;2.245600e-01;3.346345e-02;5.547652e-02;7.199237e-02;1.261206e-01;4.587764e-02;5.752170e-02;8.966400e-02;7.914575e-02;9.123170e-02
1.028754e-01;8.998695e-02;1.317868e-01;4.475274e-02;7.296590e-02;7.530812e-02;1.238151e-01;5.989651e-02;8.544554e-02;7.877479e-02;8.126897e-02;5.312311e-02
1.375618e-01;9.310012e-02;7.155948e-02;4.506781e-02;6.996972e-02;9.142780e-02;1.406276e-01;8.010827e-02;6.721391e-02;7.828096e-02;9.127240e-02;3.381012e-02
1.340976e-01;8.194901e-02;4.089218e-02;6.019178e-02;7.030826e-02;9.751373e-02;1.542369e-01;1.050690e-01;4.374820e-02;8.930568e-02;8.402797e-02;3.865966e-02
9.605698e-02;5.479958e-02;1.003908e-01;7.892180e-02;6.784981e-02;1.123575e-01;1.375417e-01;8.325680e-02;5.522180e-02;7.926419e-02;8.832093e-02;4.601806e-02
3.889889e-02;2.828315e-02;1.511181e-01;8.903302e-02;4.473948e-02;1.323614e-01;1.696017e-01;4.672912e-02;6.580579e-02;8.492506e-02;1.088010e-01;3.970329e-02
2.609121e-02;3.485852e-02;1.331936e-01;7.639767e-02;5.500301e-02;1.510948e-01;1.956264e-01;3.710353e-02;6.382165e-02;8.282867e-02;1.185497e-01;2.543121e-02
2.495593e-02;3.517772e-02;9.702162e-02;6.434388e-02;8.309273e-02;1.793016e-01;1.869078e-01;5.290687e-02;6.421655e-02;5.656407e-02;1.304638e-01;2.504741e-02
4.190138e-02;3.365502e-02;6.420194e-02;5.688724e-02;8.096815e-02;1.706019e-01;1.814789e-01;7.883645e-02;7.400052e-02;6.028389e-02;1.116559e-01;4.552874e-02
4.819782e-02;1.888381e-02;8.455025e-02;6.002520e-02;1.030845e-01;1.297792e-01;1.870669e-01;8.538392e-02;9.210736e-02;6.948488e-02;7.841385e-02;4.302225e-02
5.763804e-02;2.251842e-02;9.290951e-02;7.267331e-02;1.067329e-01;9.185860e-02;1.579250e-01;9.727979e-02;8.919824e-02;9.061676e-02;7.594502e-02;4.470436e-02
5.713195e-02;4.294449e-02;1.180989e-01;8.072595e-02;8.669983e-02;8.195781e-02;1.414546e-01;1.034630e-01;7.033089e-02;1.048613e-01;6.299710e-02;4.933418e-02
5.226395e-02;3.339679e-02;1.145189e-01;7.967944e-02;7.611965e-02;1.150107e-01;1.293904e-01;1.177830e-01;5.633602e-02;1.157454e-01;6.373353e-02;4.602228e-02
4.057735e-02;5.257259e-02;1.375084e-01;8.416796e-02;5.419496e-02;1.019203e-01;1.155307e-01;1.265253e-01;9.182040e-02;7.214852e-02;8.983460e-02;3.319888e-02
5.484642e-02;6.533585e-02;1.055006e-01;9.130476e-02;1.006575e-01;7.623126e-02;1.041626e-01;8.956887e-02;1.108328e-01;6.335403e-02;1.001352e-01;3.807019e-02
6.662727e-02;6.464095e-02;1.304860e-01;7.506438e-02;1.282734e-01;6.951576e-02;8.157763e-02;6.555378e-02;8.636358e-02;8.436490e-02;9.765822e-02;4.987416e-02
9.233131e-02;7.534539e-02;1.288560e-01;6.988759e-02;1.118867e-01;7.364082e-02;1.028053e-01;6.026350e-02;6.815906e-02;7.233224e-02;9.258837e-02;5.190375e-02
7.581877e-02;7.285774e-02;1.191996e-01;6.007843e-02;8.471927e-02;8.730242e-02;1.297947e-01;7.987141e-02;6.690412e-02;6.784245e-02;9.477769e-02;6.083336e-02
8.842956e-02;6.199983e-02;1.406818e-01;4.755745e-02;7.950787e-02;9.687296e-02;1.405368e-01;8.190501e-02;9.051625e-02;5.382865e-02;6.699187e-02;5.117198e-02
8.672689e-02;4.464309e-02;1.212763e-01;4.709298e-02;7.418077e-02;1.000429e-01;1.856190e-01;9.630637e-02;7.417753e-02;1.105708e-01;2.041847e-02;3.894499e-02
5.021628e-02;5.598643e-02;1.149055e-01;6.613764e-02;9.337744e-02;8.220102e-02;1.687861e-01;1.067679e-01;5.097872e-02;1.328676e-01;2.663981e-02;5.113553e-02
6.656291e-02;7.919001e-02;8.993779e-02;8.298104e-02;1.395096e-01;5.526027e-02;1.164842e-01;6.646387e-02;7.063287e-02;9.470709e-02;5.770436e-02;8.056602e-02
5.993904e-02;7.700899e-02;8.823228e-02;8.004047e-02;1.337844e-01;8.006432e-02;1.398652e-01;5.623749e-02;8.017768e-02;5.863940e-02;6.546748e-02;8.054332e-02
8.877865e-02;6.269280e-02;1.069307e-01;7.469194e-02;1.389522e-01;9.800500e-02;1.102271e-01;6.226815e-02;7.683034e-02;5.728946e-02;6.699733e-02;5.633631e-02
1.080958e-01;5.875691e-02;1.266009e-01;1.022672e-01;1.076600e-01;6.087449e-02;8.460034e-02;7.847942e-02;1.109260e-01;7.235910e-02;3.687408e-02;5.250569e-02
8.243246e-02;8.475610e-02;1.249585e-01;1.128629e-01;7.446942e-02;4.634472e-02;1.031159e-01;8.401805e-02;1.019287e-01;7.758164e-02;4.448017e-02;6.305142e-02
6.948425e-02;1.257064e-01;1.118681e-01;9.804059e-02;6.231746e-02;6.491131e-02;9.997313e-02;7.725122e-02;5.685167e-02;7.683477e-02;8.347369e-02;7.328736e-02
5.771673e-02;1.187004e-01;1.057667e-01;6.637349e-02;5.768483e-02;7.327066e-02;9.695854e-02;8.128693e-02;6.227658e-02;8.572190e-02;1.060029e-01;8.824033e-02
5.069802e-02;5.904678e-02;9.357183e-02;5.311748e-02;6.514944e-02;1.207889e-01;1.250640e-01;6.876751e-02;1.313997e-01;8.827803e-02;6.692604e-02;7.719228e-02
3.255169e-02;8.116747e-02;9.292604e-02;5.761353e-02;8.774909e-02;1.216456e-01;1.192923e-01;5.264952e-02;1.590498e-01;9.122809e-02;6.541412e-02;3.871278e-02
3.424689e-02;1.018107e-01;9.998794e-02;7.018027e-02;8.144591e-02;7.006394e-02;1.264564e-01;6.502821e-02;1.486435e-01;8.954341e-02;8.950632e-02;2.308652e-02
4.776353e-02;6.077778e-02;8.479056e-02;8.410802e-02;8.593248e-02;7.467772e-02;1.278360e-01;8.283499e-02;1.227118e-01;8.281880e-02;8.451635e-02;6.123204e-02
5.720131e-02;6.507051e-02;7.761467e-02;7.059544e-02;1.046754e-01;7.545657e-02;1.471925e-01;7.441412e-02;8.910737e-02;8.317515e-02;6.532551e-02;9.017155e-02
6.731441e-02;6.532422e-02;1.018994e-01;5.395593e-02;9.596802e-02;1.023831e-01;1.767568e-01;7.826329e-02;8.960215e-02;5.823323e-02;4.948279e-02;6.081662e-02
7.317115e-02;6.745762e-02;1.406146e-01;5.491152e-02;9.094115e-02;1.335850e-01;2.093903e-01;4.592989e-02;4.504100e-02;7.958767e-02;3.969998e-02;1.967017e-02
5.371117e-02;4.966334e-02;1.595436e-01;6.473095e-02;1.035500e-01;1.235806e-01;2.396977e-01;3.985618e-02;1.692127e-02;8.111255e-02;4.254884e-02;2.508380e-02
3.096235e-02;3.678097e-02;1.477120e-01;6.213130e-02;9.553368e-02;1.134362e-01;2.516562e-01;4.894667e-02;6.742454e-02;6.545153e-02;4.127354e-02;3.869106e-02
3.153033e-02;5.326420e-02;9.367637e-02;5.802880e-02;8.003987e-02;1.571714e-01;1.923903e-01;6.394421e-02;1.367630e-01;4.642342e-02;3.611101e-02;5.065715e-02
3.843543e-02;5.553451e-02;5.534000e-02;4.910934e-02;9.636266e-02;1.530479e-01;1.208653e-01;6.625569e-02;1.677061e-01;7.638717e-02;8.248910e-02;3.846679e-02
5.304883e-02;4.201882e-02;5.485685e-02;3.892611e-02;1.311152e-01;1.050182e-01;8.299738e-02;8.967563e-02;1.345324e-01;1.076934e-01;1.453258e-01;1.479135e-02
5.604040e-02;2.801804e-02;4.727274e-02;4.492413e-02;1.610698e-01;1.015904e-01;7.725536e-02;8.096530e-02;8.692421e-02;9.658477e-02;1.951167e-01;2.423809e-02
6.981520e-02;3.345561e-02;4.576374e-02;6.799888e-02;1.864416e-01;9.496061e-02;8.839101e-02;6.623872e-02;5.310267e-02;5.217316e-02;2.088250e-01;3.283387e-02
9.503697e-02;3.686959e-02;5.697997e-02;8.607983e-02;1.781384e-01;8.366004e-02;1.135152e-01;4.915700e-02;4.104206e-02;1.733619e-02;1.958333e-01;4.635139e-02
1.224033e-01;3.348800e-02;5.728197e-02;7.318958e-02;1.366289e-01;9.428895e-02;1.491945e-01;4.762210e-02;4.514181e-02;2.045959e-02;1.745028e-01;4.579848e-02
1.489026e-01;4.610424e-02;4.728532e-02;4.417935e-02;9.978138e-02;9.557462e-02;1.749570e-01;4.715849e-02;4.607455e-02;3.275874e-02;1.537439e-01;6.347986e-02
1.544005e-01;5.902505e-02;6.121678e-02;2.940516e-02;9.061960e-02;7.796542e-02;1.633033e-01;5.315086e-02;3.838347e-02;3.364700e-02;1.350844e-01;1.037985e-01
1.266382e-01;5.394553e-02;7.120588e-02;5.837851e-02;9.523665e-02;5.555870e-02;2.051879e-01;6.477560e-02;3.275358e-02;3.209553e-02;1.046876e-01;9.953636e-02
9.295380e-02;2.440346e-02;5.613903e-02;7.735809e-02;1.138822e-01;5.889843e-02;2.719578e-01;5.019320e-02;4.515950e-02;6.577116e-02;8.704013e-02;5.624308e-02
7.916730e-02;3.533252e-02;5.236049e-02;7.153371e-02;1.117178e-01;6.464186e-02;2.521621e-01;5.255464e-02;5.471286e-02;8.182969e-02;9.640542e-02;4.758162e-02
4.746122e-02;5.097887e-02;3.763286e-02;3.872314e-02;1.281414e-01;7.339825e-02;2.509404e-01;6.558248e-02;6.374951e-02;6.561933e-02;1.214420e-01;5.633045e-02
9.671746e-02;4.557166e-02;5.087573e-02;6.673529e-02;1.393842e-01;4.724180e-02;2.492412e-01;6.607504e-02;5.491690e-02;4.931872e-02;8.501948e-02;4.890247e-02
1.049994e-01;5.222287e-02;4.224456e-02;8.081874e-02;1.299796e-01;4.085298e-02;2.342698e-01;5.459396e-02;6.502573e-02;6.238911e-02;6.846453e-02;6.413876e-02
6.790195e-02;4.621715e-02;4.985332e-02;7.804786e-02;1.201182e-01;4.731989e-02;2.284126e-01;5.755548e-02;7.926179e-02;4.662074e-02;1.288317e-01;4.985930e-02
4.394102e-02;3.020825e-02;6.242480e-02;9.705330e-02;1.166531e-01;4.531379e-02;1.724662e-01;7.353541e-02;7.390559e-02;7.733432e-02;1.554295e-01;5.173467e-02
4.695655e-02;3.989018e-02;8.988658e-02;1.155984e-01;1.142003e-01;3.913463e-02;1.466160e-01;9.367657e-02;5.329366e-02;8.689286e-02;1.335303e-01;4.032403e-02
7.208689e-02;5.048813e-02;1.042339e-01;7.708693e-02;8.984084e-02;5.291269e-02;1.583454e-01;8.855940e-02;5.748542e-02;1.025138e-01;1.043687e-01;4.207786e-02
9.543268e-02;7.881878e-02;1.734722e-01;4.845557e-02;6.469356e-02;6.082114e-02;1.476292e-01;6.654170e-02;7.526933e-02;1.015845e-01;6.064600e-02;2.663532e-02
7.401439e-02;7.894504e-02;2.092501e-01;5.836453e-02;5.898295e-02;6.861704e-02;1.448481e-01;7.980759e-02;7.388779e-02;8.332930e-02;4.982051e-02;2.013265e-02
7.599115e-02;8.536927e-02;2.197162e-01;3.431311e-02;6.452822e-02;5.496659e-02;1.361787e-01;7.961790e-02;8.507587e-02;8.209769e-02;5.347874e-02;2.866657e-02
8.788500e-02;7.827723e-02;2.106556e-01;3.371082e-02;6.671526e-02;5.174396e-02;1.409272e-01;6.090659e-02;9.769269e-02;7.417804e-02;7.328620e-02;2.402130e-02
7.975024e-02;8.074953e-02;2.149101e-01;4.124337e-02;5.614614e-02;4.089997e-02;1.412946e-01;7.219575e-02;1.076473e-01;6.223117e-02;8.832421e-02;1.460764e-02
5.746264e-02;9.025657e-02;2.583057e-01;5.327035e-02;4.734422e-02;5.978896e-02;9.258816e-02;8.011054e-02;1.072528e-01;5.717462e-02;7.187153e-02;2.457390e-02
2.411693e-02;8.447475e-02;2.848781e-01;6.657881e-02;6.737742e-02;1.092362e-01;7.300559e-02;5.147728e-02;1.170630e-01;5.325167e-02;3.188155e-02;3.665871e-02
2.888427e-02;7.398027e-02;3.351064e-01;5.068787e-02;5.743261e-02;1.264749e-01;6.928464e-02;3.556689e-02;1.003858e-01;5.000709e-02;2.560867e-02;4.658057e-02
2.574840e-02;5.222073e-02;3.795895e-01;3.277744e-02;5.963398e-02;9.704504e-02;1.033505e-01;4.566209e-02;7.064994e-02;6.249839e-02;3.655799e-02;3.426606e-02
1.858454e-02;2.857278e-02;4.007548e-01;5.217260e-02;7.473123e-02;5.884572e-02;1.372659e-01;5.207738e-02;5.735926e-02;6.374292e-02;3.056023e-02;2.533271e-02
2.697549e-02;1.436730e-02;3.488821e-01;7.813286e-02;7.982440e-02;4.316286e-02;1.481053e-01;7.214513e-02;6.334233e-02;4.559793e-02;4.797765e-02;3.148657e-02
1.941056e-02;1.492786e-02;2.582729e-01;1.211139e-01;1.049338e-01;6.677893e-02;1.130608e-01;1.052273e-01;6.985870e-02;3.126436e-02;6.922848e-02;2.592249e-02
1.089076e-02;2.317475e-02;2.038426e-01;1.413048e-01;1.089553e-01;7.174850e-02;8.140492e-02;1.396619e-01;9.479026e-02;2.659390e-02;7.678090e-02;2.085137e-02
2.477664e-02;2.629749e-02;1.515099e-01;1.294235e-01;1.353374e-01;6.847325e-02;6.506559e-02;1.158352e-01;1.409263e-01;4.420391e-02;5.812247e-02;4.002831e-02
3.969119e-02;1.794933e-02;1.209496e-01;1.123201e-01;1.867725e-01;9.492930e-02;1.134050e-01;7.692324e-02;1.203835e-01;3.138890e-02;2.560052e-02;5.968690e-02
5.762193e-02;2.102291e-02;1.129308e-01;9.589561e-02;1.886372e-01;1.075920e-01;1.413268e-01;5.948370e-02;1.131357e-01;1.803605e-02;2.987104e-02;5.444621e-02
8.009467e-02;4.741743e-02;8.907415e-02;7.829752e-02;1.710196e-01;1.125943e-01;1.548363e-01;4.142278e-02;1.122293e-01;2.082673e-02;4.915600e-02;4.303119e-02
1.082076e-01;6.207202e-02;7.069187e-02;5.079721e-02;1.617696e-01;1.605033e-01;1.674803e-01;1.978120e-02;7.273475e-02;4.044527e-02;5.395121e-02;3.156571e-02
1.364218e-01;5.443514e-02;5.690216e-02;3.837975e-02;1.549019e-01;1.927905e-01;2.042690e-01;1.685724e-02;2.702125e-02;5.076749e-02;2.920539e-02;3.804838e-02
1.403193e-01;6.814229e-02;4.330074e-02;3.622080e-02;1.487334e-01;1.932108e-01;2.126829e-01;1.770738e-02;3.575753e-02;4.341175e-02;1.232502e-02;4.818799e-02
1.118203e-01;1.083883e-01;4.679383e-02;3.851083e-02;1.592999e-01;1.698429e-01;2.082193e-01;1.487696e-02;5.178133e-02;3.161273e-02;1.589918e-02;4.295457e-02
7.048958e-02;1.106272e-01;9.770572e-02;5.052004e-02;1.744843e-01;1.381535e-01;1.792302e-01;2.213655e-02;7.337297e-02;2.819119e-02;2.160680e-02;3.348200e-02
2.684651e-02;8.056117e-02;1.683114e-01;7.241318e-02;1.906279e-01;1.151377e-01;1.273795e-01;3.478520e-02;8.922464e-02;3.299277e-02;3.280095e-02;2.891905e-02
5.731053e-02;6.302768e-02;2.331805e-01;7.118221e-02;1.373412e-01;9.287915e-02;1.014355e-01;4.152184e-02;9.210812e-02;3.618695e-02;4.699722e-02;2.682916e-02
1.034818e-01;5.587673e-02;1.666618e-01;5.213303e-02;1.240361e-01;9.266786e-02;1.610926e-01;7.253419e-02;7.341562e-02;3.231027e-02;4.560906e-02;2.018101e-02
9.939564e-02;4.338172e-02;7.289135e-02;6.637920e-02;1.267603e-01;1.290081e-01;1.830255e-01;8.530761e-02;4.633797e-02;4.174619e-02;5.536926e-02;5.039702e-02
7.481718e-02;5.729447e-02;1.322345e-01;5.926349e-02;1.100237e-01;1.333401e-01;1.581483e-01;5.584007e-02;4.624945e-02;5.157774e-02;6.351758e-02;5.769344e-02
7.110253e-02;5.511116e-02;1.606506e-01;7.318934e-02;9.056653e-02;9.777781e-02;1.529933e-01;5.968196e-02;8.135828e-02;5.993773e-02;4.657442e-02;5.105636e-02
5.803514e-02;4.897002e-02;9.893715e-02;7.161086e-02;7.774138e-02;1.273847e-01;1.697843e-01;9.112041e-02;1.232989e-01;6.047342e-02;2.474422e-02;4.789948e-02
6.417046e-02;7.534019e-02;7.402430e-02;5.255969e-02;8.563406e-02;1.250966e-01;1.570171e-01;1.037969e-01;1.359365e-01;4.094687e-02;2.651723e-02;5.896007e-02
9.126216e-02;7.341629e-02;8.214127e-02;3.774916e-02;7.828504e-02;1.097106e-01;1.402176e-01;8.285528e-02;1.381624e-01;5.905918e-02;4.734303e-02;5.979796e-02
1.233908e-01;2.971586e-02;1.402127e-01;5.903162e-02;9.750704e-02;1.015116e-01;1.562549e-01;5.309336e-02;8.473791e-02;6.548078e-02;5.125983e-02;3.780365e-02
1.058676e-01;6.097385e-02;1.793048e-01;6.836829e-02;9.346505e-02;9.882008e-02;1.382152e-01;4.250295e-02;4.355028e-02;6.794541e-02;5.491249e-02;4.607407e-02
7.829479e-02;7.599769e-02;2.366935e-01;6.419712e-02;6.831735e-02;7.963494e-02;1.255455e-01;4.395719e-02;4.671108e-02;7.675065e-02;5.859780e-02;4.530235e-02
5.247722e-02;9.984899e-02;2.124301e-01;6.016074e-02;3.867513e-02;7.732327e-02;1.344868e-01;5.165182e-02;7.555414e-02;7.663961e-02;6.260922e-02;5.814299e-02
1.289103e-01;8.074797e-02;2.221473e-01;4.909640e-02;4.245932e-02;5.563240e-02;1.182883e-01;5.893257e-02;5.751965e-02;6.013250e-02;5.743256e-02;6.870084e-02
1.533069e-01;6.422108e-02;2.903043e-01;4.228136e-02;5.756546e-02;5.087130e-02;4.569362e-02;7.751647e-02;2.914529e-02;4.730143e-02;7.072656e-02;7.106622e-02
1.717150e-01;7.719757e-02;1.908742e-01;4.712711e-02;6.908717e-02;4.631337e-02;8.932627e-02;8.943852e-02;3.583721e-02;7.209703e-02;6.160898e-02;4.937762e-02
1.286353e-01;5.024722e-02;2.257335e-01;5.852620e-02;6.962225e-02;5.724936e-02;1.711978e-01;5.901133e-02;4.774606e-02;6.540501e-02;3.124071e-02;3.538530e-02
1.171997e-01;4.055479e-02;2.188197e-01;8.505795e-02;8.367502e-02;6.562992e-02;1.588383e-01;3.991431e-02;5.808922e-02;5.430977e-02;3.189843e-02;4.601293e-02
9.736586e-02;1.301647e-01;1.895898e-01;7.282747e-02;8.005710e-02;6.943127e-02;1.151339e-01;5.767136e-02;3.478518e-02;5.353799e-02;5.075075e-02;4.868457e-02
1.558473e-01;1.552756e-01;1.971324e-01;5.026693e-02;5.816811e-02;5.139568e-02;9.166757e-02;6.229516e-02;4.367493e-02;4.376772e-02;5.152101e-02;3.898757e-02
1.810116e-01;1.450831e-01;1.832846e-01;6.521770e-02;8.379762e-02;4.754227e-02;7.034168e-02;7.091489e-02;4.500673e-02;3.889494e-02;4.487664e-02;2.402830e-02
1.733290e-01;1.025799e-01;1.490089e-01;6.857121e-02;1.391259e-01;5.898685e-02;8.933958e-02;8.491658e-02;4.059183e-02;3.967005e-02;3.688885e-02;1.699131e-02
1.317187e-01;5.677484e-02;1.127300e-01;6.980851e-02;2.081602e-01;6.563806e-02;9.843656e-02;1.098277e-01;4.520090e-02;3.878440e-02;4.214961e-02;2.077055e-02
8.430911e-02;2.482982e-02;7.059433e-02;8.412496e-02;2.179348e-01;9.125477e-02;1.344332e-01;1.363983e-01;5.438437e-02;4.041463e-02;3.971428e-02;2.160739e-02
8.302396e-02;1.535560e-02;5.048791e-02;1.088593e-01;1.626154e-01;1.089606e-01;1.648623e-01;1.609383e-01;5.245720e-02;4.814815e-02;1.964903e-02;2.464226e-02
7.501540e-02;1.973787e-02;4.034237e-02;1.212293e-01;1.137264e-01;1.088756e-01;1.988578e-01;1.575925e-01;5.252679e-02;5.931138e-02;1.741123e-02;3.537329e-02
5.766472e-02;2.420325e-02;3.447510e-02;1.351795e-01;8.049552e-02;1.093725e-01;2.518488e-01;1.248705e-01;3.310211e-02;7.128348e-02;2.597464e-02;5.152984e-02
3.687485e-02;3.035569e-02;4.394016e-02;1.331856e-01;6.361350e-02;8.667944e-02;3.031571e-01;1.044553e-01;2.231783e-02;7.371337e-02;3.740675e-02;6.430045e-02
3.327662e-02;3.897135e-02;6.995647e-02;1.234247e-01;5.234317e-02;7.069612e-02;3.104081e-01;7.840031e-02;4.215457e-02;6.255464e-02;5.085438e-02;6.695966e-02
4.316067e-02;4.017676e-02;1.114938e-01;1.144325e-01;4.249457e-02;4.319378e-02;2.997653e-01;6.703490e-02;5.408264e-02;5.748545e-02;5.795645e-02;6.872324e-02
3.914861e-02;4.765784e-02;1.500978e-01;9.983482e-02;2.614963e-02;4.094595e-02;2.935120e-01;4.465602e-02;4.923812e-02;6.662491e-02;6.473915e-02;7.739504e-02
6.469049e-02;5.795442e-02;1.461881e-01;8.323067e-02;3.958190e-02;5.788907e-02;2.215680e-01;7.391656e-02;5.209382e-02;6.237397e-02;6.771380e-02;7.279907e-02
6.946297e-02;6.689330e-02;1.014377e-01;6.822282e-02;7.538264e-02;6.962542e-02;1.888580e-01;1.170997e-01;7.636289e-02;4.962778e-02;5.744145e-02;5.958535e-02
5.208008e-02;6.434802e-02;9.424929e-02;6.200275e-02;9.945783e-02;9.557112e-02;1.989709e-01;9.648256e-02;7.192454e-02;6.200002e-02;5.522851e-02;4.768442e-02
9.350298e-02;5.180215e-02;1.014323e-01;9.763294e-02;8.465520e-02;6.304125e-02;1.964037e-01;7.114893e-02;6.356272e-02;5.740239e-02;6.070069e-02;5.871476e-02
8.029334e-02;5.087448e-02;8.698571e-02;9.844595e-02;6.813684e-02;6.050197e-02;2.600558e-01;5.244670e-02;6.358311e-02;3.799221e-02;6.377527e-02;7.690868e-02
4.269942e-02;4.764399e-02;5.370834e-02;9.248770e-02;8.997352e-02;9.327272e-02;3.066533e-01;3.526007e-02;5.404739e-02;3.394834e-02;6.443509e-02;8.587014e-02
4.662291e-02;2.874325e-02;7.428634e-02;6.283473e-02;1.331011e-01;1.116842e-01;2.846313e-01;3.822287e-02;4.895172e-02;4.207741e-02;6.048070e-02;6.836347e-02
3.447914e-02;2.762657e-02;1.387051e-01;3.008002e-02;1.324807e-01;1.063821e-01;2.528533e-01;4.183450e-02;5.039584e-02;4.501415e-02;9.274414e-02;4.740447e-02
3.147170e-02;3.207521e-02;1.561873e-01;4.636003e-02;7.897060e-02;1.152432e-01;2.524195e-01;2.540533e-02;6.044817e-02;5.302797e-02;1.065721e-01;4.181889e-02
4.851101e-02;2.624911e-02;1.843714e-01;4.559318e-02;6.629013e-02;1.019923e-01;2.454021e-01;2.091468e-02;6.509214e-02;3.973740e-02;1.067234e-01;4.912306e-02
5.742031e-02;2.298238e-02;1.997089e-01;3.817536e-02;7.122860e-02;1.088071e-01;2.163763e-01;2.756000e-02;6.713204e-02;3.452768e-02;1.089626e-01;4.711875e-02
5.167476e-02;3.258071e-02;1.761634e-01;4.912897e-02;9.088973e-02;1.327831e-01;1.669793e-01;4.858104e-02;5.458495e-02;4.602703e-02;1.138680e-01;3.673895e-02
5.051344e-02;4.826112e-02;1.485694e-01;4.996798e-02;1.099803e-01;1.396719e-01;1.663541e-01;4.916717e-02;3.101926e-02;6.107733e-02;1.185564e-01;2.686166e-02
4.845975e-02;3.760741e-02;1.324136e-01;6.601317e-02;1.246814e-01;1.188418e-01;1.679292e-01;4.687011e-02;4.593665e-02;6.733979e-02;1.153413e-01;2.856591e-02
3.781020e-02;7.729399e-02;9.070501e-02;8.196002e-02;1.149865e-01;1.231838e-01;1.353514e-01;6.895006e-02;4.877370e-02;8.438203e-02;1.079444e-01;2.865888e-02
4.119135e-02;1.026343e-01;7.640701e-02;7.395276e-02;1.350590e-01;1.318005e-01;1.265737e-01;6.557697e-02;4.399360e-02;9.899426e-02;7.876313e-02;2.505349e-02
8.093206e-02;9.852763e-02;8.565281e-02;7.163519e-02;1.341422e-01;1.356084e-01;1.047400e-01;4.508846e-02;5.642040e-02;1.058377e-01;5.723442e-02;2.418082e-02
9.827399e-02;8.862549e-02;8.874499e-02;7.963653e-02;1.096326e-01;1.381998e-01;6.615277e-02;3.615929e-02;7.558838e-02;1.217921e-01;6.484166e-02;3.235232e-02
8.855372e-02;9.150290e-02;7.313193e-02;6.196026e-02;8.433373e-02;1.076479e-01;1.337894e-01;4.532637e-02;5.953663e-02;1.024413e-01;9.546819e-02;5.630766e-02
8.601125e-02;1.104854e-01;1.009506e-01;3.646243e-02;6.957389e-02;7.911647e-02;1.667943e-01;5.648010e-02;5.947016e-02;6.893643e-02;1.034501e-01;6.226889e-02
9.777729e-02;1.043281e-01;1.395741e-01;5.278024e-02;5.530669e-02;6.703276e-02;1.835845e-01;4.780240e-02;7.140590e-02;7.390359e-02;7.120840e-02;3.529617e-02
8.015970e-02;7.050421e-02;1.285315e-01;7.633317e-02;7.672458e-02;1.002269e-01;1.318284e-01;6.120257e-02;6.309447e-02;9.037630e-02;6.485751e-02;5.616073e-02
5.362276e-02;8.482917e-02;9.976380e-02;8.131555e-02;1.037547e-01;1.578632e-01;1.065123e-01;5.968802e-02;4.730516e-02;8.615992e-02;5.941877e-02;5.976672e-02
5.935570e-02;7.435255e-02;9.519119e-02;7.892240e-02;1.044419e-01;1.761139e-01;1.377583e-01;4.791864e-02;3.822592e-02;8.906940e-02;5.389738e-02;4.475285e-02
4.863843e-02;7.784446e-02;9.059669e-02;6.770484e-02;1.028618e-01;1.517150e-01;1.456873e-01;4.413367e-02;4.128089e-02;9.277739e-02;6.912500e-02;6.763443e-02
4.212645e-02;8.620768e-02;1.292365e-01;5.353830e-02;1.163029e-01;1.183853e-01;1.506088e-01;4.799543e-02;4.647460e-02;7.263600e-02;6.127995e-02;7.520822e-02
4.755377e-02;8.464245e-02;1.075471e-01;7.656230e-02;1.265355e-01;9.959821e-02;1.924316e-01;5.925936e-02;4.950056e-02;6.278147e-02;5.655691e-02;3.703069e-02
5.772852e-02;8.397377e-02;1.199350e-01;8.270711e-02;1.171492e-01;8.035642e-02;2.142505e-01;5.067367e-02;5.280412e-02;5.347333e-02;4.907170e-02;3.787666e-02
5.876373e-02;5.482067e-02;1.208500e-01;6.726770e-02;1.059008e-01;6.547621e-02;2.290104e-01;4.846993e-02;8.136517e-02;8.482650e-02;4.413882e-02;3.911002e-02
5.081821e-02;5.176061e-02;7.591727e-02;7.757606e-02;1.446665e-01;8.356868e-02;1.259326e-01;6.669170e-02;1.308449e-01;1.028779e-01;5.157756e-02;3.776796e-02
8.299426e-02;5.011609e-02;1.063493e-01;6.989159e-02;1.157504e-01;8.382799e-02;1.327899e-01;6.795051e-02;8.230837e-02;8.517156e-02;5.309019e-02;6.975985e-02
6.108539e-02;3.686930e-02;1.249755e-01;8.021761e-02;1.066787e-01;9.744401e-02;1.318589e-01;8.378015e-02;6.704756e-02;8.782961e-02;4.908933e-02;7.312401e-02
8.299272e-02;4.176940e-02;1.200066e-01;8.403234e-02;1.071030e-01;1.203248e-01;1.039520e-01;9.527680e-02;5.654326e-02;8.823615e-02;6.916694e-02;3.059601e-02
8.603152e-02;6.666935e-02;1.182556e-01;9.183550e-02;1.144093e-01;1.137146e-01;9.912990e-02;7.952572e-02;4.748411e-02;8.012157e-02;5.505242e-02;4.777038e-02
8.076917e-02;8.894210e-02;8.950853e-02;9.856737e-02;1.421324e-01;1.124677e-01;1.034640e-01;6.672770e-02;5.506822e-02;7.406175e-02;3.493839e-02;5.335259e-02
8.660356e-02;9.199350e-02;5.501599e-02;9.582818e-02;1.716158e-01;9.558154e-02;1.223553e-01;5.201302e-02;7.044483e-02;7.903794e-02;3.997072e-02;3.953957e-02
7.375996e-02;8.375368e-02;9.272085e-02;8.048704e-02;1.291883e-01;7.765299e-02;1.655392e-01;6.586181e-02;7.696795e-02;6.317405e-02;5.735603e-02;3.353814e-02
5.356288e-02;8.457612e-02;1.213652e-01;5.464075e-02;1.361083e-01;7.883283e-02;1.891741e-01;6.766309e-02;6.655964e-02;4.651868e-02;5.387057e-02;4.712779e-02
5.442279e-02;7.657943e-02;1.158689e-01;5.909461e-02;1.614527e-01;7.842036e-02;1.500467e-01;6.406286e-02;6.927042e-02;7.257721e-02;5.952820e-02;3.867586e-02
5.044205e-02;5.200414e-02;1.927954e-01;8.180233e-02;1.221472e-01;9.595761e-02;1.321124e-01;7.186471e-02;6.867085e-02;5.641626e-02;4.938012e-02;2.640699e-02
6.231267e-02;4.745768e-02;1.814657e-01;9.694362e-02;1.157441e-01;1.008577e-01;1.472360e-01;7.184684e-02;5.985161e-02;4.943909e-02;4.523631e-02;2.160850e-02
