5.178836e-02;1.692372e-01;2.319323e-01;3.171489e-02;1.530211e-02;1.910562e-01;6.955145e-02;7.039028e-02;5.118286e-02;2.802959e-02;4.632816e-02;4.348670e-02
5.772358e-02;9.504975e-02;1.734964e-01;4.023513e-02;2.732868e-02;2.345191e-01;5.093055e-02;5.701028e-02;8.387418e-02;3.731684e-02;8.110461e-02;6.141086e-02
4.093090e-02;7.540089e-02;7.983968e-02;6.138817e-02;2.153108e-02;1.739195e-01;2.340311e-01;7.289667e-02;6.007784e-02;3.516231e-02;6.362105e-02;8.120089e-02
4.588385e-02;7.905269e-02;4.687724e-02;6.453921e-02;1.189153e-02;8.277886e-02;3.550259e-01;1.180966e-01;3.369329e-02;3.024205e-02;2.656055e-02;1.053582e-01
4.782075e-02;7.080635e-02;2.249350e-02;5.391648e-02;1.633515e-02;6.159253e-02;3.781833e-01;1.582429e-01;2.516020e-02;3.167531e-02;1.818821e-02;1.155852e-01
4.919179e-02;9.265130e-02;4.616161e-02;4.731369e-02;3.527972e-02;6.942567e-02;2.972879e-01;1.710120e-01;3.587259e-02;3.126710e-02;2.171296e-02;1.028237e-01
9.886197e-02;1.739642e-01;9.663943e-02;3.516091e-02;4.730681e-02;4.870413e-02;1.778447e-01;1.700210e-01;3.954892e-02;2.204123e-02;2.156184e-02;6.834490e-02
1.227992e-01;2.348058e-01;1.678623e-01;1.631519e-02;4.672136e-02;3.937214e-02;9.815321e-02;1.669571e-01;3.364283e-02;1.108276e-02;2.594425e-02;3.634397e-02
1.040516e-01;1.999958e-01;1.741302e-01;2.310071e-02;4.374153e-02;4.368341e-02;9.476642e-02;1.315209e-01;5.989641e-02;2.894123e-02;2.604686e-02;7.012489e-02
6.965208e-02;7.878099e-02;1.356404e-01;2.641496e-02;4.146726e-02;7.496086e-02;1.514070e-01;1.221405e-01;9.357697e-02;5.010020e-02;5.712273e-02;9.873607e-02
4.911993e-02;1.495579e-01;1.063324e-01;3.689333e-02;4.604203e-02;1.069604e-01;9.138868e-02;1.299296e-01;6.486426e-02;4.981162e-02;8.260519e-02;8.649461e-02
5.294451e-02;1.123800e-01;7.524842e-02;3.611701e-02;5.378057e-02;8.142607e-02;1.820869e-01;1.514577e-01;4.399684e-02;3.914182e-02;8.205016e-02;8.937013e-02
3.725948e-02;1.078940e-01;6.303752e-02;2.818740e-02;5.130205e-02;7.458667e-02;1.798202e-01;2.084913e-01;5.273644e-02;3.467914e-02;5.983983e-02;1.021661e-01
3.331697e-02;1.097051e-01;1.012783e-01;4.547912e-02;4.184510e-02;7.429506e-02;1.739595e-01;2.220117e-01;6.352825e-02;2.916053e-02;4.127742e-02;6.414290e-02
3.219661e-02;1.346432e-01;1.204189e-01;3.932839e-02;4.488968e-02;8.529820e-02;1.591303e-01;1.932801e-01;6.919043e-02;2.599041e-02;5.372712e-02;4.190673e-02
2.516299e-02;1.634400e-01;1.596317e-01;6.424695e-02;5.949273e-02;1.283351e-01;7.965060e-02;1.356124e-01;4.426639e-02;5.412228e-02;6.421418e-02;2.182459e-02
2.030102e-02;1.430223e-01;2.759801e-01;7.773524e-02;5.105465e-02;7.840943e-02;5.960027e-02;6.345228e-02;3.716482e-02;1.350106e-01;3.994635e-02;1.832292e-02
1.616161e-02;1.292083e-01;3.405843e-01;5.842931e-02;3.652408e-02;3.660359e-02;6.076378e-02;2.944062e-02;3.058940e-02;2.160480e-01;2.226673e-02;2.338022e-02
9.966782e-03;1.478858e-01;3.236822e-01;3.122171e-02;2.220200e-02;2.546184e-02;4.877818e-02;2.421623e-02;5.760599e-02;2.589562e-01;9.759057e-03;4.026401e-02
1.033906e-02;1.810993e-01;2.467816e-01;1.244430e-02;9.471235e-03;5.343657e-02;2.327333e-02;3.482508e-02;1.139924e-01;2.246194e-01;1.374549e-02;7.597229e-02
8.114360e-03;2.000344e-01;1.677852e-01;1.917504e-02;5.359948e-03;8.029736e-02;1.778536e-02;3.952185e-02;1.818563e-01;1.299124e-01;1.333677e-02;1.368210e-01
1.328019e-02;2.310415e-01;1.304559e-01;3.185149e-02;4.493377e-03;8.802838e-02;1.484050e-02;3.040937e-02;2.141877e-01;6.274228e-02;1.414839e-02;1.645209e-01
1.781790e-02;2.801692e-01;1.251343e-01;3.910954e-02;3.187741e-03;7.783700e-02;1.670250e-02;3.070856e-02;2.078846e-01;4.636990e-02;1.874437e-02;1.363344e-01
2.936146e-02;3.284602e-01;1.410079e-01;4.096009e-02;7.244129e-03;6.202760e-02;1.594704e-02;4.361611e-02;1.977717e-01;2.078496e-02;2.300830e-02;8.981048e-02
4.472005e-02;3.266359e-01;1.742272e-01;3.330595e-02;4.784125e-03;5.285060e-02;1.623152e-02;6.155914e-02;1.882228e-01;3.160978e-02;2.137404e-02;4.447900e-02
4.703960e-02;2.566883e-01;2.047623e-01;3.033975e-02;9.442543e-03;6.725444e-02;3.706324e-02;6.116881e-02;1.595568e-01;6.206378e-02;1.349194e-02;5.112844e-02
3.828122e-02;2.290606e-01;1.986053e-01;5.353935e-02;2.851031e-02;8.059578e-02;5.057879e-02;4.166571e-02;1.265870e-01;7.335655e-02;1.810443e-02;6.111490e-02
3.586370e-02;2.743517e-01;1.867986e-01;5.243942e-02;3.195131e-02;7.548379e-02;4.885708e-02;2.126379e-02;9.588400e-02;5.496836e-02;1.919468e-02;1.029436e-01
3.661918e-02;2.829720e-01;1.780765e-01;3.101169e-02;2.244505e-02;6.171222e-02;5.870147e-02;2.170493e-02;1.082239e-01;4.687732e-02;1.246890e-02;1.391868e-01
6.041029e-02;2.389566e-01;1.217526e-01;4.359398e-02;3.479959e-02;7.156048e-02;6.522767e-02;5.749005e-02;1.279961e-01;3.872616e-02;1.781395e-02;1.216725e-01
6.422578e-02;1.895913e-01;1.596683e-01;4.165208e-02;3.156151e-02;7.814994e-02;6.267095e-02;6.268588e-02;1.307713e-01;7.507894e-02;1.968208e-02;8.426194e-02
4.580861e-02;1.727221e-01;2.366727e-01;4.627993e-02;2.149993e-02;8.155642e-02;6.379629e-02;7.299048e-02;1.075687e-01;5.859126e-02;3.473877e-02;5.777472e-02
2.825950e-02;1.607894e-01;2.708740e-01;4.980754e-02;3.713395e-02;1.208085e-01;4.227686e-02;7.355065e-02;1.036000e-01;4.165863e-02;3.694222e-02;3.429872e-02
3.677912e-02;1.921755e-01;2.267001e-01;5.589749e-02;4.726169e-02;1.117841e-01;3.553790e-02;7.451132e-02;8.854396e-02;6.888328e-02;2.563545e-02;3.629010e-02
4.078274e-02;2.109219e-01;1.745255e-01;5.834592e-02;4.934840e-02;9.114827e-02;6.128782e-02;7.078772e-02;8.162792e-02;9.069339e-02;3.292576e-02;3.760472e-02
5.069917e-02;1.874536e-01;1.555949e-01;6.159551e-02;3.538033e-02;5.598563e-02;1.095298e-01;5.561394e-02;7.573792e-02;1.366417e-01;3.567758e-02;4.009007e-02
9.538615e-02;1.487028e-01;1.958925e-01;3.658785e-02;2.661991e-02;2.844520e-02;1.179248e-01;1.346737e-01;8.498248e-02;7.785950e-02;2.604021e-02;2.688487e-02
1.269684e-01;2.388078e-01;1.800242e-01;1.864067e-02;3.120922e-02;2.374257e-02;6.966218e-02;1.440159e-01;6.737813e-02;3.184496e-02;4.300750e-02;2.469853e-02
1.452822e-01;3.055739e-01;1.453984e-01;1.827676e-02;4.215993e-02;2.175034e-02;3.426842e-02;1.219014e-01;5.405369e-02;3.361524e-02;5.918487e-02;1.853487e-02
1.607978e-01;2.786926e-01;1.456131e-01;1.897728e-02;4.840071e-02;2.709581e-02;3.206541e-02;1.231570e-01;4.714862e-02;2.135383e-02;7.360034e-02;2.309743e-02
1.697639e-01;1.772286e-01;1.724338e-01;2.019707e-02;5.078604e-02;3.243838e-02;4.778368e-02;1.324062e-01;4.128439e-02;2.371506e-02;9.013669e-02;4.182614e-02
1.122936e-01;2.563685e-01;2.045706e-01;2.463534e-02;3.102096e-02;4.289602e-02;4.108112e-02;8.686605e-02;5.605587e-02;3.463784e-02;6.267159e-02;4.690255e-02
7.936008e-02;3.048591e-01;1.758142e-01;2.445810e-02;2.261018e-02;4.158588e-02;5.765416e-02;5.800298e-02;8.227253e-02;2.856036e-02;5.868164e-02;6.614073e-02
5.052835e-02;2.307840e-01;2.177871e-01;1.520648e-02;1.651810e-02;4.348687e-02;7.244612e-02;5.453037e-02;1.197689e-01;3.486340e-02;6.100876e-02;8.307146e-02
6.046737e-02;2.700858e-01;1.979491e-01;1.580488e-02;1.779272e-02;2.916558e-02;5.462556e-02;4.239651e-02;1.393863e-01;8.101785e-02;3.181168e-02;5.949664e-02
5.784990e-02;2.593386e-01;1.425579e-01;3.080561e-02;1.487600e-02;3.853565e-02;4.645662e-02;6.126566e-02;1.647456e-01;1.201152e-01;1.848089e-02;4.497244e-02
7.310580e-02;2.086008e-01;2.158417e-01;2.761231e-02;2.606038e-02;6.346757e-02;5.412276e-02;7.290528e-02;1.042866e-01;7.766902e-02;4.976306e-02;2.656485e-02
8.061141e-02;3.109950e-01;2.539920e-01;1.216422e-02;2.905088e-02;3.765391e-02;3.137959e-02;7.256929e-02;6.085853e-02;2.511594e-02;6.764866e-02;1.796054e-02
9.626882e-02;3.328496e-01;2.055201e-01;1.103984e-02;3.139717e-02;2.337755e-02;2.834933e-02;8.559909e-02;5.483537e-02;2.477637e-02;8.450350e-02;2.148321e-02
1.351718e-01;2.917912e-01;1.572632e-01;8.323140e-03;4.108845e-02;1.854236e-02;2.868113e-02;1.285592e-01;3.783899e-02;1.858457e-02;1.092239e-01;2.493202e-02
1.885308e-01;1.969041e-01;1.051616e-01;1.362960e-02;5.651386e-02;1.350455e-02;2.911488e-02;2.122243e-01;2.829180e-02;1.158234e-02;1.145842e-01;2.995791e-02
2.165712e-01;9.423598e-02;7.548799e-02;1.697019e-02;6.448805e-02;1.945727e-02;3.866598e-02;2.923051e-01;4.722882e-02;1.458143e-02;9.466487e-02;2.534307e-02
1.782335e-01;7.138329e-02;6.949853e-02;1.908781e-02;5.939405e-02;3.628845e-02;1.124191e-01;2.642550e-01;6.254239e-02;2.862590e-02;7.130864e-02;2.696335e-02
1.318949e-01;1.073279e-01;5.836889e-02;2.981049e-02;5.042133e-02;6.029271e-02;1.639855e-01;1.825736e-01;6.925867e-02;4.188028e-02;5.329789e-02;5.088788e-02
1.342750e-01;1.440770e-01;5.389095e-02;3.015641e-02;4.650189e-02;7.642107e-02;1.525881e-01;1.364939e-01;6.362309e-02;2.918662e-02;3.627721e-02;9.650861e-02
1.557243e-01;1.258418e-01;8.675526e-02;1.716726e-02;7.861675e-02;4.818799e-02;9.373956e-02;1.941098e-01;4.898118e-02;3.182463e-02;5.289454e-02;6.615691e-02
1.489375e-01;9.237298e-02;8.371709e-02;1.310254e-02;1.141178e-01;3.259630e-02;6.550565e-02;2.377638e-01;5.700791e-02;1.659222e-02;1.055404e-01;3.274594e-02
1.183222e-01;1.107844e-01;6.765248e-02;1.342850e-02;1.186878e-01;2.889637e-02;4.788047e-02;2.475820e-01;6.555442e-02;1.396537e-02;1.509651e-01;1.628103e-02
1.212592e-01;1.579266e-01;7.603756e-02;1.394163e-02;8.461461e-02;2.333885e-02;5.632109e-02;2.363720e-01;7.296576e-02;9.930936e-03;1.363108e-01;1.098108e-02
1.084242e-01;1.956181e-01;1.149887e-01;2.144323e-02;5.730321e-02;3.463147e-02;4.744102e-02;1.975917e-01;7.801427e-02;2.176993e-02;9.779697e-02;2.497726e-02
9.138390e-02;2.177168e-01;1.715222e-01;2.363660e-02;4.506198e-02;4.453297e-02;4.260219e-02;1.562876e-01;6.146289e-02;4.042283e-02;7.005619e-02;3.531393e-02
6.708812e-02;1.839202e-01;2.319219e-01;3.418555e-02;4.616348e-02;3.849759e-02;8.358943e-02;1.198105e-01;4.016798e-02;4.195427e-02;8.474337e-02;2.795755e-02
8.067479e-02;1.814481e-01;2.401146e-01;3.041362e-02;5.650780e-02;4.606713e-02;1.106825e-01;6.415951e-02;3.914138e-02;2.464297e-02;8.691513e-02;3.923248e-02
8.703545e-02;3.439406e-01;2.227555e-01;1.787556e-02;4.978918e-02;5.528937e-02;4.576985e-02;3.943029e-02;3.652181e-02;2.862291e-02;3.692988e-02;3.603963e-02
7.582565e-02;2.872237e-01;1.747717e-01;3.291159e-02;3.903801e-02;7.183592e-02;2.997990e-02;8.046844e-02;6.802303e-02;5.093377e-02;4.895689e-02;4.003134e-02
9.016750e-02;1.975566e-01;1.308406e-01;4.489537e-02;4.076315e-02;6.840566e-02;4.896801e-02;1.129384e-01;9.372637e-02;9.086002e-02;3.876534e-02;4.211301e-02
8.937808e-02;1.958357e-01;1.264816e-01;3.933579e-02;3.803763e-02;6.777319e-02;5.930741e-02;1.249636e-01;8.288871e-02;8.605021e-02;5.222606e-02;3.772197e-02
6.931641e-02;1.913459e-01;6.731406e-02;4.902216e-02;6.354058e-02;8.809427e-02;8.088156e-02;1.659302e-01;7.223261e-02;6.303778e-02;4.797795e-02;4.130655e-02
8.524454e-02;1.249700e-01;8.810668e-02;4.566912e-02;5.932548e-02;6.041661e-02;1.287163e-01;1.952345e-01;6.138683e-02;5.783898e-02;2.914451e-02;6.394644e-02
8.724479e-02;8.103559e-02;7.283936e-02;5.050795e-02;4.072132e-02;4.190530e-02;2.211451e-01;1.961266e-01;4.202539e-02;5.318890e-02;1.775085e-02;9.550884e-02
6.204790e-02;4.966298e-02;5.695805e-02;7.549350e-02;1.680402e-02;5.512929e-02;3.422758e-01;1.380771e-01;2.171188e-02;4.415245e-02;1.179409e-02;1.258929e-01
3.528955e-02;5.052477e-02;5.268310e-02;8.342433e-02;1.911500e-02;9.429180e-02;4.116862e-01;5.696697e-02;2.515406e-02;2.356752e-02;2.121161e-02;1.260851e-01
2.467419e-02;4.524634e-02;7.098176e-02;5.685699e-02;3.575734e-02;1.567096e-01;3.639711e-01;6.072613e-02;4.153004e-02;3.035313e-02;4.226706e-02;7.092633e-02
2.059625e-02;2.591937e-02;1.000026e-01;2.116673e-02;2.746361e-02;2.563913e-01;2.205525e-01;7.766883e-02;3.647007e-02;4.722879e-02;1.347069e-01;3.183303e-02
1.498618e-02;2.368750e-02;6.497905e-02;2.576112e-02;3.012510e-02;2.894688e-01;1.666959e-01;8.765008e-02;3.339185e-02;5.824533e-02;1.815097e-01;2.349940e-02
1.408412e-02;3.565349e-02;2.709259e-02;2.924243e-02;5.549665e-02;3.135779e-01;9.797150e-02;1.110643e-01;3.466180e-02;7.302471e-02;1.946465e-01;1.348408e-02
2.118643e-02;3.281320e-02;4.510073e-02;2.677183e-02;7.675669e-02;2.688401e-01;4.628234e-02;1.721822e-01;4.612781e-02;8.893596e-02;1.488157e-01;2.618700e-02
2.268145e-02;2.751539e-02;5.957673e-02;1.903932e-02;8.076467e-02;2.737843e-01;6.068098e-02;1.552663e-01;4.496726e-02;7.470809e-02;1.566238e-01;2.439165e-02
2.006724e-02;4.627333e-02;6.501964e-02;1.419973e-02;7.474831e-02;2.928071e-01;6.128212e-02;1.187686e-01;6.893668e-02;3.873130e-02;1.634485e-01;3.571744e-02
2.806205e-02;6.138414e-02;5.355166e-02;2.441137e-02;6.606400e-02;2.997056e-01;6.402964e-02;9.586878e-02;7.244552e-02;5.108515e-02;1.442881e-01;3.910406e-02
3.673792e-02;6.414918e-02;3.184421e-02;2.166893e-02;3.539050e-02;3.235980e-01;1.106051e-01;8.281781e-02;6.626996e-02;6.153334e-02;1.323903e-01;3.299467e-02
5.356059e-02;6.138039e-02;4.473098e-02;2.752430e-02;3.973270e-02;3.097056e-01;1.801731e-01;5.434664e-02;5.733615e-02;3.683532e-02;9.478942e-02;3.988484e-02
7.065996e-02;5.618429e-02;4.463881e-02;3.002527e-02;5.329214e-02;2.198684e-01;2.307527e-01;5.402847e-02;4.169094e-02;7.692230e-02;7.230406e-02;4.963265e-02
7.228575e-02;8.727243e-02;6.895185e-02;3.001135e-02;3.866997e-02;1.372825e-01;1.915654e-01;7.119867e-02;2.971505e-02;7.273880e-02;1.225496e-01;7.775866e-02
7.511712e-02;7.420511e-02;1.054122e-01;3.240886e-02;3.513122e-02;2.144893e-01;1.329358e-01;7.969886e-02;4.269866e-02;3.980756e-02;8.898103e-02;7.911437e-02
6.292597e-02;8.162858e-02;1.047353e-01;2.953931e-02;5.100575e-02;2.787521e-01;6.373397e-02;9.062133e-02;5.409021e-02;4.291959e-02;6.570172e-02;7.434618e-02
3.114093e-02;1.216651e-01;1.148754e-01;3.478093e-02;5.692614e-02;2.458002e-01;3.048515e-02;8.391329e-02;7.161241e-02;2.685021e-02;9.347600e-02;8.847430e-02
4.555460e-02;1.220018e-01;9.607504e-02;2.848868e-02;6.372225e-02;1.935974e-01;7.152130e-02;1.014388e-01;5.145392e-02;5.066878e-02;1.017411e-01;7.373633e-02
6.747238e-02;1.256580e-01;6.832723e-02;3.498123e-02;8.153755e-02;2.220461e-01;5.135146e-02;1.176084e-01;3.487223e-02;4.413081e-02;1.212476e-01;3.076714e-02
7.011039e-02;1.893457e-01;1.556054e-01;2.364853e-02;6.765871e-02;1.929465e-01;5.723988e-02;8.648306e-02;5.328876e-02;1.942880e-02;6.360647e-02;2.063776e-02
8.111359e-02;2.205607e-01;1.618843e-01;3.975877e-02;6.428957e-02;1.466949e-01;3.184063e-02;1.423783e-01;5.392785e-02;1.980040e-02;2.685064e-02;1.090034e-02
1.169737e-01;2.039963e-01;1.105966e-01;3.587896e-02;5.647712e-02;1.257681e-01;4.096280e-02;2.205032e-01;3.888629e-02;1.044028e-02;2.569276e-02;1.382395e-02
1.167203e-01;1.406528e-01;5.837766e-02;2.473308e-02;5.431167e-02;1.201092e-01;9.412289e-02;2.712379e-01;3.706498e-02;3.558757e-02;2.374273e-02;2.333924e-02
8.895104e-02;6.241005e-02;4.776828e-02;2.618001e-02;3.713172e-02;1.324585e-01;1.725297e-01;2.621236e-01;3.886500e-02;5.310272e-02;2.811162e-02;5.036772e-02
1.020792e-01;5.542396e-02;5.388257e-02;3.722333e-02;2.385675e-02;1.316212e-01;2.081841e-01;1.943244e-01;2.095483e-02;4.043484e-02;5.006291e-02;8.195189e-02
1.452101e-01;6.736794e-02;6.903826e-02;2.954106e-02;1.596202e-02;1.180074e-01;1.850834e-01;1.592153e-01;4.021388e-02;3.667364e-02;6.123843e-02;7.244856e-02
1.095063e-01;9.188301e-02;8.642935e-02;2.502226e-02;2.244012e-02;1.082159e-01;1.901018e-01;1.797669e-01;5.444127e-02;3.209404e-02;4.869946e-02;5.139958e-02
8.995143e-02;5.774638e-02;9.010219e-02;4.186694e-02;2.146784e-02;9.709426e-02;2.005112e-01;1.742157e-01;6.946570e-02;2.894912e-02;3.828023e-02;9.034908e-02
1.142524e-01;1.067433e-01;8.787760e-02;4.020869e-02;1.802242e-02;6.029537e-02;1.593810e-01;1.496611e-01;6.299572e-02;4.060989e-02;5.366389e-02;1.062885e-01
1.161523e-01;2.598632e-01;1.368328e-01;2.375017e-02;2.110232e-02;6.761248e-02;8.216390e-02;7.711551e-02;4.814287e-02;3.910692e-02;6.015421e-02;6.800339e-02
1.081987e-01;2.959029e-01;1.604797e-01;1.354023e-02;2.070284e-02;8.396997e-02;6.642308e-02;8.966526e-02;4.182737e-02;2.888491e-02;5.516291e-02;3.524207e-02
1.143693e-01;2.344560e-01;1.145008e-01;1.937919e-02;3.308347e-02;9.085044e-02;9.594890e-02;1.536342e-01;2.695982e-02;2.369810e-02;6.318947e-02;2.993039e-02
1.298971e-01;1.813060e-01;9.310915e-02;2.592466e-02;2.580219e-02;1.347471e-01;9.434425e-02;1.489090e-01;4.722157e-02;2.208991e-02;4.867528e-02;4.797382e-02
1.086710e-01;1.239322e-01;8.616111e-02;3.128314e-02;2.089790e-02;1.728674e-01;1.165466e-01;6.217687e-02;6.705488e-02;6.057292e-02;2.199163e-02;1.278442e-01
7.283130e-02;1.197172e-01;9.168928e-02;3.068757e-02;1.890925e-02;1.667903e-01;1.377627e-01;7.410280e-02;5.350630e-02;5.598295e-02;2.105858e-02;1.569618e-01
9.104301e-02;7.985310e-02;8.302101e-02;2.762574e-02;2.958024e-02;1.439474e-01;1.612019e-01;7.306734e-02;4.108357e-02;4.659177e-02;4.396985e-02;1.790151e-01
9.171548e-02;1.648917e-01;9.832969e-02;2.867907e-02;2.222006e-02;7.002442e-02;1.149317e-01;9.648527e-02;5.673939e-02;5.984252e-02;6.408422e-02;1.320565e-01
8.827224e-02;1.751486e-01;6.768291e-02;2.760489e-02;2.696100e-02;1.099854e-01;8.964227e-02;1.659260e-01;8.115070e-02;5.501836e-02;4.103370e-02;7.157395e-02
7.554313e-02;1.466353e-01;1.026096e-01;3.155188e-02;4.669596e-02;1.385403e-01;9.926984e-02;1.842543e-01;6.287982e-02;3.064516e-02;2.536784e-02;5.600689e-02
7.014225e-02;1.011006e-01;1.219511e-01;4.284488e-02;5.632035e-02;1.364302e-01;1.289554e-01;1.527535e-01;7.982818e-02;1.960633e-02;3.483631e-02;5.523092e-02
6.589837e-02;4.178329e-02;1.329839e-01;4.455754e-02;4.478562e-02;1.569192e-01;1.470904e-01;1.164230e-01;1.191776e-01;3.666500e-02;4.823481e-02;4.548133e-02
4.987540e-02;1.239939e-01;1.527288e-01;4.392814e-02;2.568259e-02;1.258724e-01;1.017223e-01;1.596381e-01;1.023141e-01;3.688151e-02;3.914779e-02;3.821490e-02
6.453749e-02;1.785353e-01;1.449745e-01;5.245899e-02;1.365695e-02;1.082834e-01;8.320276e-02;1.653339e-01;7.321259e-02;3.843644e-02;4.342379e-02;3.394397e-02
8.426827e-02;1.838567e-01;8.093501e-02;6.111752e-02;3.982480e-02;8.243330e-02;9.061924e-02;1.783235e-01;7.412454e-02;4.540961e-02;3.784431e-02;4.124317e-02
7.322926e-02;1.824215e-01;1.220603e-01;3.511528e-02;5.405661e-02;1.092398e-01;6.837849e-02;1.558615e-01;6.007814e-02;5.388030e-02;3.291219e-02;5.276668e-02
7.684769e-02;1.899047e-01;1.655089e-01;2.521901e-02;5.285858e-02;1.351706e-01;2.828557e-02;1.285248e-01;3.849654e-02;5.227699e-02;3.821100e-02;6.869556e-02
7.575572e-02;1.711172e-01;1.426748e-01;1.871070e-02;4.003431e-02;1.288049e-01;9.210257e-02;1.311071e-01;7.715485e-02;5.041694e-02;2.222810e-02;4.989279e-02
8.249504e-02;1.405002e-01;7.274757e-02;3.210006e-02;3.075003e-02;1.383647e-01;1.370326e-01;1.349620e-01;8.128086e-02;5.762909e-02;3.690442e-02;5.523340e-02
6.742641e-02;1.333964e-01;1.438904e-01;3.414975e-02;3.760085e-02;1.415586e-01;8.636910e-02;1.594248e-01;4.580198e-02;4.207811e-02;3.771915e-02;7.058449e-02
6.513187e-02;1.010162e-01;1.221335e-01;3.500070e-02;3.721407e-02;1.265204e-01;2.559093e-01;1.047145e-01;5.257719e-02;3.843207e-02;2.312475e-02;3.822553e-02
2.898684e-02;5.620050e-02;1.127768e-01;3.654171e-02;3.326312e-02;2.340634e-01;2.364891e-01;8.674482e-02;4.734748e-02;2.563177e-02;4.847210e-02;5.348246e-02
1.231770e-02;5.969503e-02;1.370041e-01;2.609664e-02;3.567344e-02;3.038344e-01;1.409749e-01;7.664184e-02;4.940423e-02;2.194146e-02;8.694051e-02;4.947579e-02
2.829878e-02;9.672476e-02;1.580225e-01;1.402873e-02;2.258507e-02;3.117498e-01;6.393812e-02;6.400609e-02;6.180893e-02;3.444105e-02;1.139358e-01;3.046030e-02
2.926413e-02;9.114429e-02;1.215519e-01;1.557544e-02;3.717779e-02;2.496417e-01;1.092303e-01;7.314839e-02;8.059004e-02;6.412358e-02;1.082643e-01;2.028814e-02
2.807481e-02;1.098597e-01;8.300213e-02;2.557811e-02;8.433124e-02;2.138192e-01;6.783493e-02;8.629517e-02;1.176858e-01;8.980635e-02;7.301076e-02;2.070182e-02
3.585413e-02;1.223141e-01;6.132633e-02;2.489156e-02;1.042599e-01;1.987294e-01;2.692802e-02;1.021001e-01;1.316462e-01;9.739867e-02;7.649273e-02;1.805884e-02
4.133962e-02;8.032434e-02;3.329017e-02;4.515434e-02;1.191269e-01;1.564866e-01;3.436035e-02;1.163985e-01;1.563755e-01;1.292924e-01;6.940649e-02;1.844473e-02
2.827047e-02;9.216661e-02;5.716816e-02;8.049671e-02;1.054045e-01;9.652115e-02;4.540582e-02;1.172599e-01;2.071614e-01;1.143249e-01;4.491334e-02;1.090704e-02
3.885538e-02;7.962787e-02;5.716853e-02;1.172023e-01;7.319699e-02;9.049107e-02;4.678634e-02;1.223227e-01;2.465381e-01;6.721968e-02;3.562207e-02;2.496901e-02
4.227566e-02;6.021100e-02;3.896707e-02;1.615950e-01;6.134509e-02;6.081016e-02;3.354349e-02;1.498985e-01;2.848119e-01;3.467933e-02;3.938061e-02;3.248220e-02
4.110865e-02;4.438863e-02;2.871761e-02;1.595562e-01;1.372015e-01;6.394973e-02;4.934581e-02;1.204369e-01;2.338911e-01;5.766000e-02;4.251357e-02;2.123033e-02
2.907973e-02;4.196300e-02;3.438784e-02;1.186883e-01;2.267330e-01;8.900408e-02;4.425247e-02;9.409017e-02;1.802908e-01;8.973657e-02;2.990407e-02;2.186995e-02
1.890935e-02;4.069329e-02;2.417174e-02;8.555420e-02;2.687729e-01;1.139451e-01;3.333200e-02;1.083450e-01;1.591736e-01;1.037879e-01;2.448340e-02;1.883153e-02
2.238842e-02;6.698325e-02;2.145186e-02;7.160501e-02;2.447533e-01;1.267671e-01;3.643981e-02;1.132384e-01;1.427770e-01;1.037866e-01;2.855336e-02;2.125586e-02
2.571932e-02;8.825497e-02;3.455041e-02;6.309646e-02;1.716381e-01;1.381776e-01;4.367123e-02;1.330514e-01;1.521771e-01;9.857607e-02;3.255229e-02;1.853504e-02
2.815349e-02;8.284531e-02;5.306554e-02;5.598448e-02;8.806746e-02;1.505511e-01;5.646845e-02;1.459194e-01;1.830402e-01;9.153593e-02;4.529024e-02;1.907836e-02
3.281534e-02;6.889301e-02;8.489474e-02;6.263269e-02;3.943906e-02;1.395461e-01;5.678838e-02;1.527346e-01;2.045536e-01;9.140941e-02;4.650739e-02;1.978561e-02
3.086906e-02;1.127113e-01;8.723140e-02;5.873817e-02;7.737976e-02;1.371661e-01;4.060638e-02;1.399323e-01;1.405904e-01;1.018002e-01;3.921118e-02;3.376368e-02
4.041217e-02;9.559193e-02;4.309110e-02;5.090015e-02;1.166553e-01;1.760603e-01;6.362591e-02;1.312800e-01;1.011621e-01;7.613444e-02;4.047045e-02;6.461610e-02
5.264169e-02;1.201453e-01;9.229384e-02;4.407518e-02;9.192833e-02;1.838724e-01;7.070660e-02;9.157459e-02;9.598336e-02;7.398274e-02;2.853559e-02;5.426044e-02
5.996649e-02;1.114640e-01;8.703202e-02;5.050074e-02;5.316749e-02;1.927298e-01;8.960501e-02;8.121010e-02;1.117584e-01;6.906520e-02;4.645635e-02;4.704450e-02
4.582600e-02;7.270595e-02;4.148699e-02;7.412910e-02;1.086567e-01;1.908694e-01;5.474176e-02;1.406390e-01;1.273636e-01;4.793590e-02;4.249243e-02;5.315311e-02
3.703992e-02;6.535226e-02;5.872319e-02;8.661069e-02;1.328294e-01;1.545358e-01;4.282853e-02;1.472810e-01;1.198762e-01;7.746007e-02;3.364942e-02;4.381348e-02
5.709156e-02;1.054603e-01;5.944286e-02;8.497106e-02;1.154302e-01;9.373075e-02;9.334671e-02;9.808674e-02;1.180518e-01;7.413694e-02;6.516533e-02;3.508569e-02
4.926832e-02;1.171998e-01;1.335139e-01;5.580557e-02;4.807431e-02;8.968323e-02;6.170129e-02;1.544917e-01;1.312498e-01;4.832593e-02;6.092773e-02;4.975827e-02
2.831852e-02;9.391580e-02;1.351697e-01;5.846138e-02;4.869561e-02;1.252333e-01;7.412659e-02;1.662918e-01;1.182330e-01;5.699305e-02;5.872621e-02;3.583503e-02
3.940682e-02;1.134003e-01;1.286266e-01;5.978031e-02;4.348850e-02;1.246642e-01;9.809090e-02;1.631982e-01;9.221768e-02;5.554530e-02;4.254875e-02;3.903244e-02
4.928812e-02;1.417309e-01;1.389798e-01;6.067620e-02;4.601521e-02;1.170279e-01;1.091582e-01;1.445371e-01;6.797378e-02;5.328625e-02;2.948845e-02;4.183817e-02
3.054831e-02;1.849319e-01;1.786294e-01;5.671765e-02;4.623330e-02;6.578083e-02;9.093664e-02;1.462609e-01;8.865476e-02;4.659564e-02;3.586993e-02;2.884075e-02
2.594517e-02;2.094579e-01;1.890009e-01;4.902409e-02;4.274804e-02;9.369478e-02;3.400966e-02;1.626981e-01;1.166407e-01;3.136789e-02;2.585251e-02;1.956021e-02
3.837498e-02;2.749327e-01;1.518869e-01;4.353418e-02;3.191930e-02;8.479779e-02;1.999643e-02;1.481067e-01;1.447587e-01;2.383053e-02;2.366867e-02;1.419313e-02
4.039871e-02;3.627847e-01;1.371044e-01;3.543528e-02;1.049460e-02;5.557875e-02;3.358303e-02;1.006218e-01;1.725935e-01;1.734049e-02;2.370069e-02;1.036407e-02
4.177954e-02;4.182278e-01;1.508832e-01;3.154131e-02;1.324650e-02;3.468080e-02;4.047094e-02;4.656026e-02;1.843828e-01;1.238539e-02;1.275828e-02;1.308320e-02
4.305190e-02;4.095900e-01;1.451826e-01;3.573394e-02;1.237627e-02;2.136902e-02;4.078485e-02;4.226266e-02;1.936769e-01;1.431629e-02;1.985904e-02;2.179645e-02
2.906475e-02;3.740431e-01;1.516680e-01;3.995200e-02;1.379544e-02;4.031054e-02;2.774896e-02;4.104587e-02;1.949005e-01;2.355064e-02;1.725270e-02;4.666746e-02
1.810198e-02;3.305098e-01;1.840402e-01;4.027173e-02;1.619689e-02;4.416390e-02;1.116223e-02;3.215831e-02;1.713112e-01;5.473164e-02;1.586540e-02;8.148672e-02
1.842388e-02;2.722649e-01;2.927416e-01;3.184265e-02;8.813870e-03;2.949280e-02;1.763244e-02;2.877442e-02;1.099060e-01;9.211591e-02;1.635225e-02;8.163930e-02
2.053257e-02;2.484695e-01;4.106553e-01;1.325836e-02;1.208984e-02;3.000439e-02;2.299342e-02;2.395052e-02;4.291739e-02;1.262774e-01;6.709441e-03;4.214188e-02
2.682656e-02;2.350625e-01;4.392820e-01;3.117506e-02;1.751257e-02;3.193410e-02;3.237172e-02;2.219951e-02;2.035976e-02;1.167724e-01;1.659538e-02;9.908522e-03
2.918797e-02;2.135081e-01;4.377660e-01;6.097852e-02;2.887192e-02;5.393333e-02;2.843052e-02;1.187208e-02;1.965319e-02;8.388042e-02;1.539634e-02;1.652166e-02
3.111091e-02;2.266249e-01;3.995345e-01;8.040942e-02;4.899691e-02;6.923319e-02;1.620063e-02;1.425091e-02;4.445346e-02;3.840132e-02;1.675812e-02;1.402574e-02
2.882186e-02;2.759594e-01;3.445131e-01;6.022147e-02;3.464067e-02;7.475387e-02;9.853713e-03;3.316733e-02;7.715719e-02;2.514773e-02;1.344530e-02;2.231837e-02
2.667704e-02;2.675494e-01;3.031703e-01;3.873227e-02;3.135690e-02;8.026468e-02;1.771929e-02;2.928277e-02;9.030306e-02;5.244565e-02;2.730510e-02;3.519356e-02
3.702380e-02;2.216576e-01;3.106575e-01;2.077259e-02;3.359424e-02;8.666020e-02;2.638428e-02;4.765839e-02;8.696534e-02;7.333827e-02;2.476215e-02;3.052557e-02
