2.428434e-01;1.526815e-01;1.687654e-01;4.376643e-02;4.965787e-02;3.237127e-02;1.037433e-01;3.515660e-02;4.217077e-02;3.690571e-02;3.839419e-02;5.354365e-02
2.792945e-01;1.675030e-01;1.408611e-01;4.279260e-02;4.093098e-02;2.809888e-02;9.893862e-02;3.084251e-02;2.972902e-02;3.385786e-02;4.242884e-02;6.472213e-02
2.475342e-01;2.048893e-01;1.560768e-01;5.786130e-02;4.391051e-02;2.738077e-02;6.339741e-02;3.164466e-02;3.043655e-02;2.979047e-02;3.952430e-02;6.755376e-02
1.409320e-01;1.761091e-01;1.997980e-01;5.749631e-02;5.732276e-02;2.478453e-02;1.190488e-01;4.327692e-02;3.664133e-02;4.485756e-02;5.320561e-02;4.652703e-02
2.808402e-01;1.558434e-01;1.496923e-01;3.726253e-02;3.849580e-02;1.852025e-02;1.321888e-01;4.191477e-02;3.448345e-02;2.892022e-02;3.828913e-02;4.354908e-02
3.258177e-01;1.768238e-01;1.170158e-01;4.551802e-02;2.867875e-02;1.273369e-02;1.111643e-01;3.753369e-02;4.680204e-02;3.474084e-02;3.108243e-02;3.208885e-02
3.010643e-01;1.721936e-01;1.323065e-01;4.914993e-02;3.653569e-02;1.928784e-02;1.274793e-01;3.680516e-02;4.346268e-02;3.812958e-02;2.667045e-02;1.691505e-02
3.062203e-01;1.359795e-01;1.041078e-01;3.838316e-02;5.784793e-02;3.266016e-02;1.612733e-01;3.970513e-02;3.314621e-02;2.680409e-02;2.997170e-02;3.390082e-02
2.891313e-01;9.688373e-02;7.982620e-02;6.373025e-02;7.207957e-02;5.132857e-02;1.388825e-01;4.013124e-02;4.020183e-02;3.906958e-02;3.226895e-02;5.646619e-02
2.732673e-01;9.446396e-02;8.682697e-02;8.068240e-02;8.377735e-02;6.424898e-02;5.623864e-02;4.892696e-02;4.401221e-02;6.590898e-02;4.392897e-02;5.771729e-02
2.427588e-01;1.627884e-01;9.563790e-02;6.871860e-02;6.225843e-02;7.429301e-02;8.334015e-02;3.418519e-02;5.000243e-02;4.821425e-02;4.820088e-02;2.960195e-02
2.074811e-01;1.378872e-01;6.802219e-02;5.831591e-02;5.555254e-02;1.015144e-01;1.115157e-01;4.614799e-02;6.155972e-02;5.406814e-02;4.496875e-02;5.296636e-02
1.092532e-01;1.171790e-01;8.613571e-02;6.279474e-02;5.904863e-02;1.211891e-01;1.158816e-01;7.874943e-02;5.550659e-02;4.702471e-02;6.005853e-02;8.717885e-02
8.275467e-02;1.156119e-01;1.891032e-01;7.866989e-02;7.049080e-02;8.590841e-02;8.236241e-02;6.328282e-02;5.360252e-02;4.062092e-02;6.582379e-02;7.176874e-02
6.915872e-02;7.917029e-02;3.522060e-01;7.483945e-02;1.046596e-01;4.831527e-02;5.897181e-02;2.582051e-02;4.162297e-02;6.084540e-02;5.038632e-02;3.400372e-02
5.358746e-02;4.771183e-02;4.655021e-01;6.960659e-02;1.130633e-01;2.086687e-02;5.684748e-02;2.295196e-02;2.107453e-02;6.630495e-02;4.171508e-02;2.076782e-02
5.806740e-02;4.306543e-02;5.189481e-01;5.661609e-02;1.030712e-01;2.403544e-02;5.117560e-02;1.255924e-02;1.678349e-02;6.468494e-02;3.161676e-02;1.937637e-02
4.653350e-02;4.615617e-02;5.736758e-01;5.630090e-02;8.355772e-02;2.178489e-02;4.335363e-02;9.246311e-03;1.609454e-02;6.621911e-02;2.293530e-02;1.414219e-02
5.173161e-02;1.234991e-01;5.191416e-01;5.474416e-02;4.972197e-02;2.392092e-02;3.300854e-02;1.418927e-02;2.410314e-02;5.807651e-02;1.851841e-02;2.934480e-02
1.202014e-01;1.833052e-01;3.846115e-01;5.265664e-02;2.404434e-02;2.649266e-02;5.059681e-02;1.915423e-02;3.304020e-02;4.489613e-02;1.633155e-02;4.466940e-02
1.997211e-01;1.898727e-01;2.714562e-01;4.779187e-02;2.474606e-02;2.841454e-02;6.692123e-02;1.963917e-02;3.177710e-02;4.243178e-02;2.235389e-02;5.487437e-02
2.861155e-01;1.435937e-01;1.488630e-01;4.276023e-02;6.612936e-02;3.768495e-02;4.841376e-02;2.431751e-02;2.737431e-02;6.134819e-02;3.975690e-02;7.364251e-02
2.053421e-01;1.277956e-01;1.374419e-01;5.353863e-02;8.378449e-02;3.671046e-02;1.090816e-01;2.678031e-02;3.417547e-02;7.720380e-02;3.388469e-02;7.426091e-02
1.251966e-01;1.590209e-01;2.778100e-01;5.025463e-02;7.068060e-02;1.760074e-02;8.189480e-02;1.854652e-02;3.098506e-02;6.595700e-02;4.009819e-02;6.195488e-02
1.813461e-01;2.322163e-01;2.701541e-01;3.421273e-02;5.105029e-02;1.492006e-02;4.979446e-02;1.303525e-02;1.790448e-02;5.102422e-02;3.289079e-02;5.145108e-02
1.908371e-01;2.866642e-01;2.537453e-01;2.314595e-02;3.081284e-02;1.282441e-02;5.281030e-02;1.444495e-02;2.442609e-02;4.625912e-02;2.387859e-02;4.015122e-02
1.683621e-01;2.449864e-01;3.165412e-01;2.291333e-02;3.106216e-02;2.140573e-02;4.856047e-02;1.186989e-02;3.716261e-02;5.022936e-02;2.282090e-02;2.408582e-02
1.360558e-01;1.531673e-01;3.446909e-01;5.777927e-02;4.932053e-02;3.783377e-02;4.301241e-02;1.977530e-02;4.882964e-02;5.668426e-02;2.524300e-02;2.760774e-02
1.322825e-01;1.570453e-01;2.505870e-01;6.550735e-02;5.228303e-02;3.392278e-02;1.087414e-01;2.680156e-02;4.603213e-02;5.469891e-02;3.903982e-02;3.305833e-02
1.431026e-01;1.122345e-01;1.846388e-01;5.106346e-02;6.107297e-02;6.376381e-02;6.089401e-02;5.530364e-02;3.969066e-02;5.893891e-02;6.975871e-02;9.953789e-02
1.682375e-01;1.058915e-01;1.503874e-01;5.498300e-02;6.165778e-02;6.368725e-02;8.448500e-02;3.423362e-02;3.990216e-02;4.218824e-02;7.494272e-02;1.194038e-01
1.702076e-01;1.319095e-01;1.707529e-01;5.614998e-02;4.974406e-02;6.148566e-02;7.841498e-02;2.972451e-02;4.010355e-02;3.526584e-02;7.153155e-02;1.047099e-01
1.772101e-01;1.823339e-01;2.463574e-01;4.924682e-02;4.013878e-02;5.674920e-02;3.112754e-02;3.048665e-02;3.361095e-02;3.776608e-02;5.266458e-02;6.230798e-02
2.388120e-01;1.810233e-01;1.908697e-01;2.766080e-02;6.643811e-02;5.364168e-02;6.074985e-02;3.229750e-02;2.800842e-02;3.461929e-02;3.176809e-02;5.411122e-02
2.722291e-01;1.363106e-01;1.015500e-01;5.951227e-02;9.866943e-02;4.960921e-02;8.776013e-02;4.053059e-02;2.927831e-02;3.717352e-02;2.552916e-02;6.184772e-02
1.838300e-01;8.404756e-02;5.399222e-02;1.000456e-01;1.159599e-01;4.281021e-02;1.228107e-01;7.167334e-02;2.961190e-02;6.037237e-02;5.222380e-02;8.262248e-02
8.969079e-02;3.171037e-02;5.415015e-02;1.340078e-01;1.001615e-01;2.711240e-02;1.374762e-01;9.169895e-02;2.115360e-02;8.575585e-02;8.898255e-02;1.380998e-01
8.439075e-02;2.494808e-02;1.113702e-01;1.133392e-01;6.510254e-02;2.823896e-02;1.267851e-01;8.163764e-02;3.532810e-02;8.748184e-02;9.966550e-02;1.417121e-01
9.685221e-02;3.210019e-02;1.722411e-01;8.375602e-02;4.596266e-02;3.353970e-02;8.665596e-02;7.817670e-02;5.063475e-02;9.308985e-02;1.106266e-01;1.163643e-01
1.132945e-01;3.692865e-02;2.212102e-01;6.019517e-02;3.414641e-02;3.774578e-02;7.315873e-02;7.891545e-02;4.848021e-02;8.417574e-02;1.134049e-01;9.834429e-02
1.612453e-01;7.505533e-02;1.553095e-01;5.791922e-02;4.822730e-02;3.729297e-02;1.108957e-01;6.666607e-02;5.010046e-02;6.118090e-02;8.947811e-02;8.662912e-02
1.441144e-01;9.378648e-02;1.701144e-01;4.665007e-02;4.416439e-02;5.033077e-02;9.251092e-02;3.988894e-02;7.611139e-02;9.969797e-02;7.380636e-02;6.882387e-02
1.270112e-01;9.166611e-02;1.513311e-01;3.221373e-02;4.731827e-02;7.112426e-02;1.149323e-01;5.165879e-02;9.671798e-02;1.126302e-01;6.068910e-02;4.270699e-02
1.217220e-01;6.084747e-02;1.002372e-01;4.484197e-02;6.194863e-02;8.376924e-02;9.749486e-02;1.162234e-01;1.488597e-01;1.054757e-01;3.896510e-02;1.961475e-02
1.090067e-01;2.416012e-02;4.827468e-02;4.707146e-02;5.026434e-02;7.108387e-02;8.614960e-02;1.513542e-01;1.629499e-01;1.432256e-01;6.047776e-02;4.598175e-02
9.150013e-02;1.771536e-02;3.025104e-02;4.282565e-02;3.165515e-02;5.991390e-02;1.078842e-01;1.473895e-01;1.343848e-01;2.122848e-01;8.625102e-02;3.794438e-02
5.898384e-02;2.120350e-02;1.936632e-02;4.333320e-02;3.370152e-02;6.604084e-02;1.122462e-01;1.287399e-01;1.520968e-01;2.518622e-01;7.312620e-02;3.929953e-02
5.842344e-02;2.759396e-02;3.650637e-02;4.268332e-02;3.072017e-02;7.018187e-02;1.053956e-01;1.112231e-01;1.828654e-01;2.612575e-01;3.964019e-02;3.350911e-02
8.645356e-02;2.470172e-02;6.438047e-02;3.924691e-02;5.297277e-02;5.162465e-02;8.451243e-02;1.260296e-01;1.692478e-01;1.855231e-01;6.935447e-02;4.595257e-02
1.118863e-01;2.855093e-02;7.553701e-02;2.827024e-02;8.476193e-02;2.730324e-02;7.541430e-02;1.663250e-01;1.084108e-01;8.606809e-02;1.474030e-01;6.006908e-02
1.034823e-01;3.490159e-02;6.723060e-02;2.415075e-02;8.495020e-02;2.322346e-02;8.219031e-02;1.494160e-01;7.013249e-02;8.093584e-02;2.176409e-01;6.174560e-02
7.330820e-02;4.272613e-02;5.346739e-02;3.785835e-02;5.673102e-02;3.709275e-02;9.192523e-02;8.891948e-02;1.054149e-01;1.227540e-01;2.264501e-01;6.335256e-02
4.745249e-02;6.166529e-02;4.434002e-02;4.577229e-02;3.195950e-02;5.280802e-02;6.686434e-02;3.389478e-02;2.307433e-01;1.353220e-01;1.740635e-01;7.511443e-02
4.215775e-02;7.091407e-02;5.758409e-02;4.753316e-02;2.801094e-02;6.472108e-02;3.653684e-02;3.277615e-02;3.233835e-01;9.091163e-02;1.090217e-01;9.644904e-02
4.819706e-02;7.452430e-02;5.627471e-02;3.832455e-02;2.999386e-02;7.913386e-02;3.447612e-02;2.719592e-02;3.552074e-01;5.809258e-02;7.854331e-02;1.200363e-01
5.251495e-02;7.685252e-02;5.348841e-02;3.917754e-02;2.681481e-02;8.995818e-02;3.800120e-02;3.182976e-02;3.166822e-01;4.749007e-02;7.787358e-02;1.493168e-01
5.390959e-02;7.896464e-02;6.188042e-02;4.621209e-02;1.603239e-02;1.052846e-01;4.779492e-02;3.835939e-02;2.763845e-01;2.254223e-02;8.300374e-02;1.696315e-01
4.478787e-02;6.637700e-02;6.894290e-02;4.003388e-02;1.501848e-02;1.056362e-01;6.035323e-02;4.458223e-02;2.403827e-01;2.728118e-02;1.356090e-01;1.509953e-01
3.158256e-02;6.207575e-02;8.247757e-02;2.749354e-02;2.875857e-02;1.054878e-01;6.150436e-02;5.861472e-02;1.877363e-01;3.780505e-02;1.858099e-01;1.306539e-01
6.069790e-02;8.838674e-02;9.251907e-02;2.617685e-02;4.882044e-02;9.575351e-02;4.967003e-02;5.750982e-02;1.005673e-01;3.885444e-02;1.627733e-01;1.782707e-01
1.091857e-01;9.856840e-02;1.290055e-01;4.144957e-02;5.467954e-02;6.878579e-02;5.444881e-02;5.142155e-02;5.298088e-02;4.365214e-02;9.136363e-02;2.044585e-01
1.277666e-01;7.820778e-02;1.249961e-01;3.565087e-02;5.451880e-02;5.127718e-02;7.528739e-02;5.002391e-02;5.918223e-02;7.161526e-02;7.162575e-02;1.998481e-01
1.173067e-01;5.153072e-02;1.309101e-01;3.760438e-02;5.433339e-02;3.972108e-02;5.833668e-02;5.036271e-02;6.165620e-02;6.143841e-02;1.511047e-01;1.856950e-01
6.916547e-02;8.669818e-02;1.189296e-01;6.061615e-02;7.855352e-02;5.713404e-02;9.290431e-02;5.384979e-02;8.499596e-02;4.356621e-02;1.286559e-01;1.249309e-01
6.332605e-02;1.006672e-01;1.705775e-01;5.109227e-02;6.270505e-02;5.261169e-02;1.121960e-01;5.506489e-02;1.078384e-01;5.279739e-02;9.709042e-02;7.403332e-02
6.641953e-02;9.545968e-02;2.415791e-01;3.053633e-02;4.616821e-02;4.340921e-02;9.033904e-02;3.962922e-02;8.300611e-02;5.815533e-02;1.140306e-01;9.126767e-02
3.021855e-02;9.039573e-02;2.821047e-01;2.356689e-02;3.170879e-02;3.279871e-02;5.433954e-02;4.584893e-02;7.289682e-02;6.765179e-02;1.244848e-01;1.439847e-01
4.296817e-02;9.538187e-02;2.842461e-01;1.556012e-02;1.491095e-02;3.412100e-02;5.901531e-02;5.207611e-02;5.983431e-02;9.883404e-02;1.006851e-01;1.423668e-01
4.044157e-02;1.077393e-01;3.087741e-01;2.794585e-02;2.536085e-02;4.051632e-02;6.426744e-02;5.445161e-02;4.753559e-02;1.282046e-01;6.495080e-02;8.981197e-02
6.386348e-02;1.081284e-01;2.749347e-01;2.582127e-02;3.088873e-02;3.819646e-02;1.093002e-01;6.292724e-02;6.083847e-02;1.254313e-01;5.622509e-02;4.344469e-02
1.276695e-01;8.863682e-02;1.852998e-01;2.577067e-02;3.485058e-02;3.215122e-02;1.181915e-01;6.179633e-02;8.528428e-02;9.854632e-02;6.365672e-02;7.814617e-02
1.351595e-01;7.183094e-02;1.434430e-01;3.085190e-02;4.105078e-02;2.977928e-02;1.026792e-01;5.623934e-02;1.395629e-01;8.847874e-02;5.847478e-02;1.024496e-01
7.807014e-02;9.257599e-02;1.343086e-01;2.856617e-02;5.211501e-02;3.778221e-02;8.424594e-02;9.831394e-02;1.479313e-01;9.328671e-02;7.309765e-02;7.970638e-02
5.297370e-02;8.930029e-02;1.407575e-01;3.157236e-02;5.856071e-02;5.345450e-02;7.997911e-02;9.835956e-02;1.256271e-01;1.025711e-01;8.034858e-02;8.649546e-02
8.087671e-02;1.204031e-01;1.303984e-01;4.520287e-02;4.504189e-02;5.706099e-02;7.217126e-02;6.789976e-02;1.689872e-01;8.485889e-02;6.649212e-02;6.060680e-02
9.171323e-02;1.136499e-01;1.139739e-01;5.515734e-02;2.245721e-02;3.928475e-02;1.099357e-01;7.544618e-02;1.896278e-01;8.194631e-02;6.275657e-02;4.405106e-02
7.455435e-02;7.002781e-02;1.017445e-01;7.523361e-02;3.567091e-02;4.017516e-02;1.230885e-01;8.238845e-02;1.499000e-01;1.086823e-01;5.397222e-02;8.456222e-02
1.369699e-01;9.451711e-02;1.146683e-01;7.161801e-02;4.686270e-02;5.293474e-02;1.070964e-01;5.120358e-02;5.850893e-02;1.049251e-01;4.894587e-02;1.117494e-01
2.103719e-01;1.301041e-01;9.879317e-02;4.294720e-02;4.644759e-02;3.292306e-02;1.292722e-01;3.421260e-02;6.166582e-02;6.922016e-02;4.944837e-02;9.459379e-02
1.883455e-01;1.321620e-01;1.314445e-01;3.604006e-02;5.844909e-02;3.868831e-02;1.433111e-01;3.642049e-02;7.382242e-02;6.411915e-02;3.669585e-02;6.050149e-02
8.948540e-02;1.074767e-01;2.722662e-01;3.435120e-02;6.704104e-02;3.861865e-02;1.294226e-01;4.023478e-02;7.860082e-02;7.653022e-02;3.775298e-02;2.821937e-02
4.995146e-02;1.028610e-01;3.044651e-01;3.359410e-02;5.277674e-02;2.953096e-02;1.189154e-01;6.017946e-02;8.806858e-02;9.228120e-02;4.085043e-02;2.652548e-02
1.578441e-01;1.128429e-01;1.917559e-01;2.513434e-02;3.909080e-02;2.406999e-02;1.005635e-01;7.016876e-02;8.089460e-02;1.214884e-01;4.499221e-02;3.115451e-02
2.539705e-01;1.060730e-01;1.169155e-01;1.982401e-02;4.090744e-02;1.909113e-02;1.276174e-01;7.625934e-02;4.903729e-02;8.731361e-02;6.003955e-02;4.295128e-02
2.833384e-01;1.405063e-01;8.295962e-02;2.369530e-02;4.071870e-02;1.567100e-02;9.742483e-02;6.563988e-02;3.756185e-02;4.163472e-02;1.012407e-01;6.960864e-02
2.622088e-01;1.797090e-01;9.696540e-02;2.052777e-02;3.674145e-02;1.365273e-02;5.127200e-02;5.292169e-02;3.562057e-02;2.398527e-02;1.092298e-01;1.171655e-01
2.619147e-01;1.773398e-01;8.796819e-02;1.523922e-02;3.464366e-02;2.176472e-02;5.921841e-02;4.396361e-02;2.858911e-02;2.069106e-02;9.232482e-02;1.563427e-01
2.913062e-01;1.542265e-01;5.160353e-02;1.348187e-02;3.822422e-02;2.473789e-02;6.044197e-02;3.465226e-02;2.661026e-02;2.110927e-02;9.745406e-02;1.861520e-01
3.040684e-01;1.167511e-01;5.409520e-02;1.733869e-02;4.041646e-02;2.240136e-02;7.630397e-02;4.507262e-02;4.201014e-02;3.105921e-02;8.516144e-02;1.653214e-01
2.905419e-01;8.806918e-02;5.869820e-02;3.136925e-02;3.937690e-02;2.919691e-02;1.014756e-01;4.663835e-02;5.883022e-02;6.600600e-02;6.135724e-02;1.284402e-01
2.640949e-01;4.999997e-02;5.957249e-02;4.850927e-02;4.970933e-02;3.303382e-02;1.344058e-01;6.859457e-02;6.738315e-02;6.670020e-02;5.325164e-02;1.047448e-01
2.002038e-01;6.999130e-02;9.635423e-02;3.847791e-02;5.697070e-02;6.402001e-02;1.464418e-01;7.552680e-02;6.278935e-02;5.152948e-02;6.716537e-02;7.052924e-02
1.636961e-01;1.117437e-01;1.523965e-01;2.386688e-02;4.168803e-02;9.462160e-02;1.427663e-01;4.580137e-02;3.696568e-02;5.643988e-02;8.771683e-02;4.229718e-02
1.570352e-01;9.991031e-02;1.379031e-01;2.555552e-02;5.184287e-02;1.107348e-01;1.550087e-01;3.721508e-02;3.671108e-02;5.365138e-02;9.443311e-02;3.999872e-02
6.743101e-02;1.068813e-01;1.731946e-01;3.828445e-02;4.661516e-02;1.102845e-01;1.340005e-01;4.867480e-02;6.278392e-02;6.058732e-02;9.452985e-02;5.673256e-02
1.126645e-01;1.281282e-01;1.832075e-01;6.479607e-02;5.234994e-02;7.745319e-02;9.719098e-02;3.504967e-02;4.872570e-02;6.801058e-02;7.962278e-02;5.280090e-02
1.740424e-01;1.142895e-01;9.745520e-02;6.730181e-02;5.962485e-02;5.690205e-02;1.682156e-01;3.107046e-02;3.710600e-02;6.854162e-02;8.783223e-02;3.761831e-02
1.770597e-01;6.658076e-02;1.374917e-01;5.206804e-02;5.572311e-02;7.473025e-02;1.849363e-01;4.211497e-02;3.520959e-02;7.566720e-02;7.215992e-02;2.625836e-02
1.033832e-01;6.734224e-02;1.571880e-01;5.971742e-02;6.830437e-02;8.216545e-02;1.716601e-01;5.606091e-02;5.080906e-02;5.924961e-02;7.643852e-02;4.768105e-02
1.123089e-01;6.257862e-02;1.142651e-01;7.259349e-02;7.822557e-02;4.455902e-02;1.842908e-01;9.471907e-02;5.531644e-02;6.233988e-02;6.596977e-02;5.283336e-02
1.332962e-01;6.840550e-02;7.979760e-02;7.584663e-02;7.593116e-02;6.503031e-02;1.529059e-01;1.143192e-01;7.886622e-02;7.290839e-02;3.751445e-02;4.517845e-02
1.139022e-01;5.023312e-02;5.947282e-02;8.872233e-02;7.815593e-02;6.985833e-02;1.541779e-01;1.084336e-01;1.277787e-01;8.374233e-02;3.245549e-02;3.306713e-02
7.714321e-02;2.879908e-02;5.300444e-02;9.474404e-02;7.856598e-02;6.718235e-02;1.592735e-01;1.170863e-01;1.962592e-01;7.961290e-02;2.290281e-02;2.542614e-02
7.015600e-02;2.802234e-02;5.934297e-02;8.146789e-02;7.875179e-02;5.155336e-02;1.328225e-01;1.655448e-01;2.273851e-01;5.704157e-02;2.059429e-02;2.731735e-02
8.205202e-02;3.352013e-02;6.393222e-02;6.813208e-02;9.494878e-02;3.012716e-02;1.288559e-01;2.044597e-01;1.800011e-01;5.159792e-02;3.198017e-02;3.039282e-02
9.731839e-02;3.456726e-02;7.881248e-02;6.958101e-02;1.148663e-01;1.745026e-02;1.510059e-01;2.230411e-01;9.821066e-02;3.612555e-02;4.476942e-02;3.425171e-02
1.036303e-01;2.950139e-02;8.640908e-02;7.266219e-02;1.234446e-01;4.441630e-02;1.599548e-01;2.069844e-01;5.773150e-02;2.533303e-02;5.050331e-02;3.942914e-02
1.075219e-01;2.966135e-02;5.231094e-02;7.781493e-02;1.254924e-01;6.859369e-02;1.839721e-01;1.708189e-01;5.809470e-02;2.828653e-02;5.311219e-02;4.432032e-02
1.097706e-01;2.548015e-02;1.415894e-01;6.718335e-02;1.133410e-01;7.330890e-02;1.730041e-01;1.118580e-01;5.922280e-02;3.030985e-02;4.904013e-02;4.589176e-02
1.337932e-01;5.637431e-02;2.225010e-01;5.651999e-02;9.329050e-02;7.437098e-02;1.310383e-01;6.058351e-02;6.929665e-02;2.274435e-02;4.115164e-02;3.833555e-02
1.700207e-01;7.387159e-02;2.071481e-01;3.998276e-02;8.840495e-02;6.109245e-02;1.399902e-01;5.361152e-02;7.006464e-02;2.192748e-02;3.704013e-02;3.684552e-02
1.891456e-01;7.836128e-02;1.878230e-01;2.940811e-02;7.767987e-02;3.952199e-02;1.795191e-01;7.536973e-02;4.417910e-02;2.729438e-02;2.641419e-02;4.528354e-02
1.731455e-01;7.042344e-02;1.738733e-01;3.080583e-02;5.739912e-02;5.041733e-02;2.336133e-01;8.834386e-02;2.755099e-02;2.600349e-02;2.304941e-02;4.537453e-02
1.562602e-01;4.585878e-02;1.313092e-01;3.830754e-02;6.101353e-02;7.973299e-02;2.872253e-01;8.689776e-02;2.865774e-02;2.563808e-02;2.679080e-02;3.230811e-02
1.364962e-01;5.136077e-02;1.847615e-01;4.159863e-02;8.890873e-02;7.277779e-02;2.485444e-01;5.593493e-02;3.783323e-02;3.352946e-02;3.385695e-02;1.439747e-02
1.615905e-01;7.680187e-02;1.546312e-01;4.544523e-02;8.646086e-02;5.772369e-02;2.195260e-01;6.511551e-02;4.761172e-02;3.396187e-02;3.269137e-02;1.844019e-02
1.991960e-01;9.584802e-02;5.156887e-02;5.802142e-02;9.432998e-02;6.598072e-02;1.674915e-01;9.583342e-02;5.226577e-02;3.210748e-02;5.326828e-02;3.408863e-02
1.126801e-01;9.538983e-02;6.748097e-02;4.958459e-02;4.384534e-02;5.846383e-02;1.355468e-01;5.836381e-02;7.773364e-02;7.953876e-02;1.080093e-01;1.133630e-01
1.331966e-01;8.498325e-02;8.214574e-02;3.664603e-02;3.594780e-02;4.101117e-02;8.715811e-02;7.067560e-02;1.113601e-01;8.920143e-02;1.054795e-01;1.221948e-01
1.383887e-01;5.335786e-02;9.212549e-02;4.474257e-02;6.600169e-02;3.720627e-02;1.186208e-01;6.882380e-02;1.270495e-01;6.792447e-02;7.551043e-02;1.102485e-01
1.498022e-01;9.607644e-02;1.614781e-01;5.125056e-02;6.630442e-02;5.327710e-02;1.031156e-01;6.497002e-02;9.544715e-02;4.583982e-02;4.175520e-02;7.068344e-02
1.571679e-01;1.621572e-01;2.304168e-01;5.988306e-02;4.478154e-02;6.358162e-02;4.298088e-02;5.359021e-02;6.847245e-02;3.807558e-02;3.439597e-02;4.449685e-02
1.789671e-01;2.137526e-01;2.122992e-01;4.764301e-02;3.717041e-02;5.140184e-02;6.052870e-02;4.418196e-02;4.987784e-02;3.136721e-02;4.031682e-02;3.249327e-02
2.619119e-01;2.014215e-01;1.721901e-01;2.784982e-02;4.131905e-02;2.971422e-02;8.491021e-02;4.541373e-02;2.821237e-02;2.192063e-02;5.115722e-02;3.397936e-02
3.041205e-01;1.583585e-01;1.474779e-01;2.676682e-02;5.625352e-02;2.249438e-02;1.053780e-01;5.974979e-02;2.302352e-02;2.034569e-02;4.478117e-02;3.125022e-02
2.732393e-01;1.136210e-01;1.047047e-01;4.058722e-02;5.696161e-02;2.797125e-02;1.557071e-01;7.599773e-02;2.418641e-02;3.907070e-02;3.593785e-02;5.201519e-02
1.874299e-01;7.263253e-02;9.395342e-02;5.035222e-02;5.852181e-02;4.425174e-02;2.424528e-01;7.522786e-02;2.985413e-02;6.326195e-02;2.227448e-02;5.978718e-02
1.709851e-01;1.028942e-01;8.377270e-02;5.217768e-02;5.313502e-02;4.671756e-02;2.842581e-01;5.656778e-02;2.626800e-02;5.728382e-02;2.786623e-02;3.807387e-02
1.576616e-01;1.423910e-01;6.887243e-02;5.055079e-02;4.155802e-02;4.546206e-02;3.113527e-01;5.354793e-02;3.215201e-02;4.044175e-02;3.579508e-02;2.021463e-02
1.235977e-01;1.447211e-01;1.096804e-01;3.599385e-02;4.378878e-02;5.965637e-02;3.012993e-01;4.469619e-02;3.627628e-02;3.429165e-02;3.874944e-02;2.724892e-02
1.047341e-01;1.299762e-01;1.073239e-01;4.046921e-02;7.853128e-02;7.996030e-02;2.794943e-01;2.744483e-02;2.877679e-02;5.010659e-02;4.119078e-02;3.199186e-02
1.134006e-01;1.187986e-01;8.886737e-02;3.576317e-02;9.153397e-02;9.238607e-02;2.888486e-01;2.285473e-02;2.956861e-02;5.381923e-02;3.359309e-02;3.056595e-02
9.912734e-02;1.174044e-01;9.740902e-02;4.188702e-02;5.899286e-02;9.889964e-02;3.000008e-01;3.463613e-02;3.645413e-02;4.359807e-02;3.831384e-02;3.327680e-02
9.928668e-02;9.081455e-02;1.136936e-01;5.606565e-02;4.738367e-02;6.306803e-02;2.586195e-01;6.565579e-02;6.546713e-02;4.829226e-02;4.695009e-02;4.470302e-02
8.968125e-02;5.936906e-02;1.015737e-01;5.182652e-02;5.586336e-02;3.959655e-02;2.379288e-01;8.085836e-02;7.801992e-02;5.351135e-02;9.470788e-02;5.706320e-02
1.028750e-01;8.066981e-02;7.255464e-02;3.240817e-02;6.181050e-02;2.764000e-02;2.278128e-01;4.584449e-02;8.145757e-02;4.692735e-02;1.359028e-01;8.409689e-02
1.082659e-01;6.650874e-02;7.997841e-02;3.160034e-02;4.297014e-02;4.861114e-02;2.062726e-01;3.488422e-02;1.000108e-01;5.186142e-02;1.327936e-01;9.624264e-02
7.488544e-02;5.110718e-02;6.636602e-02;3.875419e-02;4.042849e-02;7.136998e-02;1.820655e-01;6.605264e-02;1.147425e-01;1.320450e-01;7.852904e-02;8.365405e-02
7.314374e-02;5.106376e-02;6.441066e-02;5.778609e-02;5.618094e-02;7.250319e-02;1.377919e-01;9.524564e-02;1.262991e-01;1.830941e-01;4.207167e-02;4.040916e-02
1.295712e-01;8.820052e-02;9.188344e-02;7.029325e-02;5.564348e-02;4.687376e-02;7.781847e-02;8.268205e-02;1.142713e-01;1.508856e-01;4.104451e-02;5.083232e-02
1.224723e-01;1.019222e-01;1.027779e-01;7.444628e-02;4.809271e-02;6.068872e-02;8.789492e-02;6.526997e-02;8.143800e-02;1.222706e-01;7.056227e-02;6.216418e-02
1.385768e-01;6.602570e-02;9.683023e-02;7.925927e-02;7.162783e-02;8.542898e-02;6.600891e-02;5.662285e-02;5.291851e-02;1.017976e-01;9.395563e-02;9.094772e-02
1.892313e-01;8.302012e-02;1.400391e-01;4.821940e-02;4.968102e-02;7.637254e-02;6.326372e-02;2.982584e-02;5.736973e-02;3.646136e-02;1.060616e-01;1.204543e-01
1.794101e-01;1.369344e-01;1.112174e-01;3.796320e-02;4.057449e-02;5.877768e-02;7.926071e-02;2.964424e-02;6.345646e-02;3.066010e-02;8.740178e-02;1.446995e-01
2.085265e-01;1.348775e-01;9.847780e-02;2.256959e-02;5.187992e-02;4.485565e-02;7.215376e-02;5.395406e-02;6.267984e-02;5.370273e-02;6.608900e-02;1.302336e-01
1.707648e-01;1.038337e-01;1.082673e-01;3.077435e-02;6.604218e-02;4.382409e-02;1.322105e-01;7.240473e-02;6.374910e-02;5.429187e-02;6.180502e-02;9.203240e-02
1.399036e-01;1.128908e-01;1.779009e-01;3.629412e-02;6.272068e-02;5.722057e-02;1.858618e-01;4.891345e-02;3.505333e-02;3.942305e-02;4.424016e-02;5.957760e-02
1.143529e-01;8.503986e-02;1.971946e-01;5.169062e-02;4.981013e-02;5.588906e-02;2.216028e-01;5.088571e-02;3.199999e-02;3.488779e-02;4.739317e-02;5.925336e-02
6.888992e-02;5.573813e-02;1.875434e-01;6.210943e-02;4.630240e-02;5.939801e-02;2.940117e-01;4.822964e-02;3.373104e-02;3.239072e-02;5.090752e-02;6.074806e-02
3.478786e-02;2.819240e-02;1.431790e-01;7.750505e-02;7.083343e-02;7.037619e-02;3.372713e-01;4.623637e-02;3.934005e-02;4.009167e-02;5.866724e-02;5.351942e-02
9.733533e-03;1.745337e-02;1.522029e-01;9.022028e-02;1.042142e-01;8.313528e-02;3.400952e-01;3.477655e-02;3.170843e-02;3.237251e-02;5.990469e-02;4.418305e-02
2.075116e-02;1.604307e-02;1.333093e-01;6.453188e-02;1.363678e-01;8.466414e-02;3.435175e-01;2.924682e-02;3.990667e-02;3.090579e-02;5.795646e-02;4.279938e-02
2.799001e-02;2.289998e-02;1.452910e-01;7.520095e-02;1.190632e-01;7.542180e-02;3.051343e-01;1.900733e-02;5.149499e-02;4.578821e-02;6.794397e-02;4.476425e-02
3.486305e-02;3.051076e-02;1.399519e-01;8.677881e-02;8.456630e-02;8.562972e-02;2.743148e-01;2.641127e-02;5.297823e-02;5.383171e-02;8.334404e-02;4.681941e-02
5.968393e-02;4.200477e-02;1.271025e-01;5.149773e-02;5.729870e-02;9.590411e-02;2.634329e-01;4.355970e-02;4.437720e-02;5.860120e-02;9.884626e-02;5.769095e-02
8.310539e-02;5.415491e-02;1.359872e-01;3.046558e-02;5.505197e-02;9.505278e-02;2.293715e-01;5.453859e-02;3.946589e-02;5.125238e-02;1.073339e-01;6.421994e-02
6.104614e-02;8.279850e-02;1.552256e-01;2.558336e-02;6.904034e-02;8.597279e-02;1.868721e-01;5.884828e-02;3.238433e-02;5.179801e-02;1.208624e-01;6.956822e-02
5.092984e-02;1.012154e-01;1.214399e-01;2.581422e-02;7.491561e-02;6.834672e-02;1.571581e-01;5.941721e-02;3.657273e-02;8.365971e-02;1.316868e-01;8.884375e-02
7.702483e-02;8.458188e-02;1.326688e-01;3.253045e-02;6.716049e-02;4.872558e-02;1.315493e-01;5.713296e-02;4.988223e-02;1.166017e-01;1.228280e-01;7.931376e-02
9.248695e-02;5.487005e-02;1.409838e-01;3.355382e-02;5.490123e-02;4.163877e-02;1.616460e-01;5.357983e-02;6.872634e-02;1.228691e-01;1.016137e-01;7.313041e-02
6.041393e-02;4.344024e-02;2.128637e-01;4.943147e-02;5.971750e-02;4.489268e-02;1.161431e-01;7.572528e-02;8.434052e-02;1.061805e-01;6.826978e-02;7.858133e-02
2.787721e-02;6.702430e-02;2.800355e-01;5.569100e-02;7.094197e-02;5.490832e-02;1.300043e-01;6.262182e-02;4.203521e-02;9.330088e-02;6.760105e-02;4.795834e-02
4.505493e-02;6.729103e-02;3.244537e-01;6.257007e-02;9.490910e-02;5.882268e-02;1.000044e-01;3.674051e-02;3.791512e-02;8.981957e-02;4.963601e-02;3.278282e-02
4.784384e-02;6.565659e-02;3.331728e-01;6.398659e-02;7.584235e-02;4.373819e-02;1.190865e-01;2.430385e-02;4.383861e-02;9.241839e-02;6.051506e-02;2.959733e-02
3.488568e-02;6.133184e-02;3.238857e-01;6.710491e-02;9.126418e-02;5.142931e-02;1.043951e-01;2.220016e-02;4.322043e-02;8.938406e-02;6.972628e-02;4.117236e-02
4.639632e-02;5.775920e-02;3.642160e-01;6.189378e-02;8.075348e-02;4.970292e-02;1.249696e-01;3.172738e-02;3.722504e-02;6.096771e-02;4.626110e-02;3.812741e-02
4.785576e-02;5.929812e-02;4.416615e-01;5.652468e-02;7.656974e-02;4.833553e-02;8.960932e-02;3.860326e-02;2.746751e-02;3.260804e-02;4.866128e-02;3.280521e-02
6.485109e-02;3.880503e-02;3.427092e-01;4.659329e-02;6.371705e-02;9.503129e-02;1.076231e-01;5.255659e-02;5.295860e-02;5.291362e-02;5.005078e-02;3.219037e-02
7.607470e-02;2.901541e-02;1.982342e-01;5.034495e-02;7.256249e-02;1.330969e-01;1.856147e-01;5.566786e-02;5.966379e-02;5.906520e-02;4.449607e-02;3.616371e-02
6.633899e-02;4.186405e-02;1.980790e-01;4.461624e-02;7.669821e-02;1.536492e-01;2.057587e-01;4.437600e-02;4.235949e-02;4.840300e-02;4.270015e-02;3.515692e-02
7.919733e-02;5.946928e-02;2.187527e-01;4.307751e-02;6.160946e-02;1.441847e-01;2.280973e-01;3.315724e-02;2.439785e-02;3.811175e-02;3.546722e-02;3.447773e-02
1.321047e-01;8.579058e-02;1.380829e-01;4.310905e-02;7.451072e-02;1.014699e-01;2.710659e-01;3.771297e-02;2.556428e-02;2.968597e-02;3.401329e-02;2.688981e-02
1.072901e-01;7.700010e-02;1.477255e-01;4.929920e-02;5.423388e-02;7.856704e-02;2.836541e-01;5.502190e-02;3.419252e-02;3.243062e-02;5.234272e-02;2.824243e-02
