3.276059e-02;1.475703e-01;1.697669e-01;4.844963e-02;4.216289e-02;9.427829e-02;5.766874e-02;1.136587e-01;1.369868e-01;5.201532e-02;4.586043e-02;5.882129e-02
2.742422e-02;8.830293e-02;1.576401e-01;6.257356e-02;5.749896e-02;1.536907e-01;4.620353e-02;8.705216e-02;1.306726e-01;7.169660e-02;4.823362e-02;6.901106e-02
2.469958e-02;8.912076e-02;1.608502e-01;7.071779e-02;2.625248e-02;1.818779e-01;5.069955e-02;1.077415e-01;1.227720e-01;5.729854e-02;6.104013e-02;4.692965e-02
2.522264e-02;8.163924e-02;1.049979e-01;5.244878e-02;7.496096e-02;2.631097e-01;6.603383e-02;1.338485e-01;6.918930e-02;4.172656e-02;6.770638e-02;1.911625e-02
2.168923e-02;5.806255e-02;7.338934e-02;3.720434e-02;6.473912e-02;3.382192e-01;9.314552e-02;1.097391e-01;6.837725e-02;2.940982e-02;7.965848e-02;2.636604e-02
1.943612e-02;2.977793e-02;3.392826e-02;2.678899e-02;5.219141e-02;4.034393e-01;1.132105e-01;6.889440e-02;8.415499e-02;4.201379e-02;9.350982e-02;3.265453e-02
1.774830e-02;2.734923e-02;1.622413e-02;1.921005e-02;8.466749e-02;3.850139e-01;8.835810e-02;6.048087e-02;1.279247e-01;6.123789e-02;8.609264e-02;2.569273e-02
1.804106e-02;2.532400e-02;1.945100e-02;1.159077e-02;9.315647e-02;3.007118e-01;4.691986e-02;1.210111e-01;2.041983e-01;7.140268e-02;6.532161e-02;2.287125e-02
1.458386e-02;2.071635e-02;2.469535e-02;2.134373e-02;1.015686e-01;2.088870e-01;1.672985e-02;1.704300e-01;2.849712e-01;6.387276e-02;4.873910e-02;2.346219e-02
1.384588e-02;1.366456e-02;2.524761e-02;6.481867e-02;9.756339e-02;1.128599e-01;2.560685e-02;2.277652e-01;3.140514e-01;5.282747e-02;3.507654e-02;1.667248e-02
1.492159e-02;1.389109e-02;4.369922e-02;9.682199e-02;7.346731e-02;1.038985e-01;3.879849e-02;2.449011e-01;2.967047e-01;3.588297e-02;2.280200e-02;1.421093e-02
1.944235e-02;3.811473e-02;6.569449e-02;1.068945e-01;2.149391e-02;1.157850e-01;4.197133e-02;2.374358e-01;2.706254e-01;2.932258e-02;3.735786e-02;1.586208e-02
2.720000e-02;2.904742e-02;5.055627e-02;1.025405e-01;6.701358e-02;1.501083e-01;5.129173e-02;1.829149e-01;2.047457e-01;5.603795e-02;5.020265e-02;2.834098e-02
3.547622e-02;5.286948e-02;3.250639e-02;6.303234e-02;9.097414e-02;2.368537e-01;7.175382e-02;8.720174e-02;1.500835e-01;6.743380e-02;7.066499e-02;4.114991e-02
4.668102e-02;6.404150e-02;4.368752e-02;2.532241e-02;5.917714e-02;2.399492e-01;1.546058e-01;7.081801e-02;1.364771e-01;3.627854e-02;6.721084e-02;5.575089e-02
4.720930e-02;7.735779e-02;3.976177e-02;1.200238e-02;2.935978e-02;1.782330e-01;2.508309e-01;4.476983e-02;1.639804e-01;2.168334e-02;4.593656e-02;8.887494e-02
2.933080e-02;4.793280e-02;2.402593e-02;5.844959e-03;2.022033e-02;2.170682e-01;2.886976e-01;4.179486e-02;1.753358e-01;2.023156e-02;4.757220e-02;8.194493e-02
1.324447e-02;2.833378e-02;2.531715e-02;4.869017e-03;1.305933e-02;2.981221e-01;2.995456e-01;3.351331e-02;1.535714e-01;1.871230e-02;5.310363e-02;5.860800e-02
1.054657e-02;1.774743e-02;2.207077e-02;7.221805e-03;1.906998e-02;3.686748e-01;2.884722e-01;3.468257e-02;1.071912e-01;2.548814e-02;5.910613e-02;3.972836e-02
1.547270e-02;2.853645e-02;2.624696e-02;1.213311e-02;5.240187e-02;3.458412e-01;2.390914e-01;5.755508e-02;1.030487e-01;3.789221e-02;5.240481e-02;2.937566e-02
2.669134e-02;3.090233e-02;4.138581e-02;3.782559e-02;8.152752e-02;1.780239e-01;2.001108e-01;1.255266e-01;1.467128e-01;5.182165e-02;4.300579e-02;3.646586e-02
2.073156e-02;1.825175e-02;3.985142e-02;4.159612e-02;4.951305e-02;2.211692e-01;2.019126e-01;1.261851e-01;1.555442e-01;3.356185e-02;4.430176e-02;4.738137e-02
9.455859e-03;2.903761e-02;2.277576e-02;2.127532e-02;2.467879e-02;3.421496e-01;2.398995e-01;7.058070e-02;1.319859e-01;2.067857e-02;4.171288e-02;4.576950e-02
1.619846e-02;2.737280e-02;1.775993e-02;1.749077e-02;1.799797e-02;3.447979e-01;2.564962e-01;5.100046e-02;1.290933e-01;2.663486e-02;4.683111e-02;4.832629e-02
2.213006e-02;3.843484e-02;4.966078e-02;2.203272e-02;1.538725e-02;2.627054e-01;2.408934e-01;8.428245e-02;1.265585e-01;2.967807e-02;6.276441e-02;4.547210e-02
2.679216e-02;6.663051e-02;5.969233e-02;2.184458e-02;4.693265e-02;1.522977e-01;1.849949e-01;1.105673e-01;1.391598e-01;4.096624e-02;8.497080e-02;6.515117e-02
3.705772e-02;1.014188e-01;9.408067e-02;2.820971e-02;3.896167e-02;1.287827e-01;1.265517e-01;1.292814e-01;1.087629e-01;5.319282e-02;9.307510e-02;6.062486e-02
2.260996e-02;1.211427e-01;1.068285e-01;3.434551e-02;3.252761e-02;2.400458e-01;1.132136e-01;1.192916e-01;7.698623e-02;2.770632e-02;5.848432e-02;4.681782e-02
3.157312e-02;1.326507e-01;8.973680e-02;2.960645e-02;1.864581e-02;2.636816e-01;2.060462e-01;7.002065e-02;4.519941e-02;2.071375e-02;2.732887e-02;6.479667e-02
3.314178e-02;1.363769e-01;5.135792e-02;4.563386e-02;1.715376e-02;1.996647e-01;3.068524e-01;4.339781e-02;4.371793e-02;1.961045e-02;1.798200e-02;8.511058e-02
2.356470e-02;1.067783e-01;2.931575e-02;8.807751e-02;2.171635e-02;1.168317e-01;3.827642e-01;4.847798e-02;5.099890e-02;1.867729e-02;2.404750e-02;8.874983e-02
1.921427e-02;6.124902e-02;2.947913e-02;9.390212e-02;5.628639e-02;1.137982e-01;4.006456e-01;4.954116e-02;5.059475e-02;1.713148e-02;3.449457e-02;7.366335e-02
1.092223e-02;2.146108e-02;2.993267e-02;4.791549e-02;1.122380e-01;1.764975e-01;3.842507e-01;5.096247e-02;4.704613e-02;1.760353e-02;3.975683e-02;6.141338e-02
8.880901e-03;2.032934e-02;2.874782e-02;1.570049e-02;1.477088e-01;2.182155e-01;3.683387e-01;3.735682e-02;6.358666e-02;1.676779e-02;3.644476e-02;3.792242e-02
9.044341e-03;1.176801e-02;3.834028e-02;8.740812e-03;1.258066e-01;2.717139e-01;3.627837e-01;3.274045e-02;5.368121e-02;1.381424e-02;4.186988e-02;2.969661e-02
1.666834e-02;1.055196e-02;5.254083e-02;1.129866e-02;9.657100e-02;3.458980e-01;2.988325e-01;3.455077e-02;4.874786e-02;9.934000e-03;5.044939e-02;2.395672e-02
2.408569e-02;3.330588e-02;5.660494e-02;1.893568e-02;8.588904e-02;3.487231e-01;2.479119e-01;3.772209e-02;5.419506e-02;1.795557e-02;4.760312e-02;2.706794e-02
3.269310e-02;8.144253e-02;6.254227e-02;3.141547e-02;6.013236e-02;2.081538e-01;2.738782e-01;6.463172e-02;5.590081e-02;3.655969e-02;4.692994e-02;4.572014e-02
3.511700e-02;5.147343e-02;4.756232e-02;3.156430e-02;3.156454e-02;2.862712e-01;2.976836e-01;6.208440e-02;2.911347e-02;1.828953e-02;8.597791e-02;2.329835e-02
3.551130e-02;2.568000e-02;3.608680e-02;2.729752e-02;2.500141e-02;3.306282e-01;2.809050e-01;5.910121e-02;2.211473e-02;1.688497e-02;1.305462e-01;1.024275e-02
3.642390e-02;4.501231e-02;2.975854e-02;5.799758e-02;2.731625e-02;2.902987e-01;2.085290e-01;5.794580e-02;2.207974e-02;1.711455e-02;1.956034e-01;1.192019e-02
2.172481e-02;7.772119e-02;4.172859e-02;9.165820e-02;3.876593e-02;1.752837e-01;1.191592e-01;6.926282e-02;2.784863e-02;4.916482e-02;2.539195e-01;3.376262e-02
2.049892e-02;1.805930e-01;4.918521e-02;7.806505e-02;5.660483e-02;8.153849e-02;6.162867e-02;8.186991e-02;2.917504e-02;9.474411e-02;1.969890e-01;6.910773e-02
2.952240e-02;2.579880e-01;3.265209e-02;4.333648e-02;8.791227e-02;8.183653e-02;3.340726e-02;7.956325e-02;3.380880e-02;1.345650e-01;7.233665e-02;1.130713e-01
2.041742e-02;2.993727e-01;1.894916e-02;1.941649e-02;1.025719e-01;6.351721e-02;2.923873e-02;6.567881e-02;3.686272e-02;1.669987e-01;1.565243e-02;1.613237e-01
1.259115e-02;3.009068e-01;1.892420e-02;1.929652e-02;1.058626e-01;5.252148e-02;2.391180e-02;6.789231e-02;3.382424e-02;1.650207e-01;1.404085e-02;1.852073e-01
2.145652e-02;2.918037e-01;1.268158e-02;1.658492e-02;1.171845e-01;6.339066e-02;1.488875e-02;7.564910e-02;3.495174e-02;1.451800e-01;2.312968e-02;1.830988e-01
1.791767e-02;3.040549e-01;1.254884e-02;2.605682e-02;1.181023e-01;6.385780e-02;1.829667e-02;1.003193e-01;3.249080e-02;1.269980e-01;3.126034e-02;1.480966e-01
1.629048e-02;3.468444e-01;2.873087e-02;4.293606e-02;9.669098e-02;4.643976e-02;1.796210e-02;1.213051e-01;3.042561e-02;1.133543e-01;3.916169e-02;9.985876e-02
2.041625e-02;3.875123e-01;1.370374e-02;7.037444e-02;7.409300e-02;2.391619e-02;3.444911e-02;1.268403e-01;3.518298e-02;1.084829e-01;2.116310e-02;8.386572e-02
4.814948e-02;3.211865e-01;4.000988e-02;7.061800e-02;5.487933e-02;5.498862e-02;5.433996e-02;9.580309e-02;3.641907e-02;7.942650e-02;7.942154e-02;6.475801e-02
8.084679e-02;2.138162e-01;8.970220e-02;4.712780e-02;3.725521e-02;9.573158e-02;4.977857e-02;5.294751e-02;2.609574e-02;5.848015e-02;1.785066e-01;6.971164e-02
8.427699e-02;1.286336e-01;1.241638e-01;2.008412e-02;1.813044e-02;1.324486e-01;3.980915e-02;4.407503e-02;2.910758e-02;7.873125e-02;2.254646e-01;7.507487e-02
5.680466e-02;1.129725e-01;1.296172e-01;1.362741e-02;2.785631e-02;1.655143e-01;5.158407e-02;4.068485e-02;4.213881e-02;8.294384e-02;2.036405e-01;7.261554e-02
2.371231e-02;1.262012e-01;1.151762e-01;2.007050e-02;5.610212e-02;1.937680e-01;9.500980e-02;4.301828e-02;4.489221e-02;6.069546e-02;1.449019e-01;7.645200e-02
3.976402e-02;1.592337e-01;9.892449e-02;3.319472e-02;6.737879e-02;1.512210e-01;1.226092e-01;6.225723e-02;4.470123e-02;5.755145e-02;7.924886e-02;8.391536e-02
4.167520e-02;2.254166e-01;6.711575e-02;3.740110e-02;5.894935e-02;3.552229e-02;1.092380e-01;7.242253e-02;4.720704e-02;9.863195e-02;9.667376e-02;1.097465e-01
3.021576e-02;2.114390e-01;7.280365e-02;3.892151e-02;5.333868e-02;1.028941e-01;7.345787e-02;7.146042e-02;6.323267e-02;9.431750e-02;8.877943e-02;9.913942e-02
3.178551e-02;1.619402e-01;9.640094e-02;3.111033e-02;5.203456e-02;1.150528e-01;1.367282e-01;7.689755e-02;5.609017e-02;8.809394e-02;7.453353e-02;7.933224e-02
3.391011e-02;1.305569e-01;8.874679e-02;2.175102e-02;5.988419e-02;1.505550e-01;1.880789e-01;8.090483e-02;4.887974e-02;6.963035e-02;6.306977e-02;6.403245e-02
2.613625e-02;1.585389e-01;8.790702e-02;1.368464e-02;7.318254e-02;1.430171e-01;1.942804e-01;6.787883e-02;4.204914e-02;5.775874e-02;7.958972e-02;5.597676e-02
2.355980e-02;1.501227e-01;6.865628e-02;1.296361e-02;8.023469e-02;1.090180e-01;1.859505e-01;7.128250e-02;5.479889e-02;7.599201e-02;8.858269e-02;7.883841e-02
2.889683e-02;1.192893e-01;4.774133e-02;2.218623e-02;8.798444e-02;8.011937e-02;1.840287e-01;7.671981e-02;7.563097e-02;1.012375e-01;6.345301e-02;1.127125e-01
4.070017e-02;9.956907e-02;4.979677e-02;2.808563e-02;8.338919e-02;1.078694e-01;1.421513e-01;8.163261e-02;7.573456e-02;1.029653e-01;8.963670e-02;9.846933e-02
4.317376e-02;1.457982e-01;3.507156e-02;2.365689e-02;6.524608e-02;1.109589e-01;1.089087e-01;9.445403e-02;7.395519e-02;9.202271e-02;1.248587e-01;8.189522e-02
4.954261e-02;2.297832e-01;4.872341e-02;3.192379e-02;5.764218e-02;4.531251e-02;6.879599e-02;1.079689e-01;8.036164e-02;8.982899e-02;1.197040e-01;7.041273e-02
3.922250e-02;2.803923e-01;5.896450e-02;3.465774e-02;6.138393e-02;2.781044e-02;3.431147e-02;1.110227e-01;9.028669e-02;9.156477e-02;1.163493e-01;5.403353e-02
3.038844e-02;2.223172e-01;3.920564e-02;2.825629e-02;5.230821e-02;1.271912e-01;7.614966e-02;8.357587e-02;7.797718e-02;8.733483e-02;1.115005e-01;6.379502e-02
3.210362e-02;1.972259e-01;3.659139e-02;2.173025e-02;5.246758e-02;2.056628e-01;9.636283e-02;6.073925e-02;7.504773e-02;7.197686e-02;6.799491e-02;8.209681e-02
3.697653e-02;2.040786e-01;4.158527e-02;2.914059e-02;7.278243e-02;1.904542e-01;1.211000e-01;7.214616e-02;5.343141e-02;4.253538e-02;5.074487e-02;8.502457e-02
3.895565e-02;2.203439e-01;3.780428e-02;3.596980e-02;6.582282e-02;1.416845e-01;1.449054e-01;7.897431e-02;4.779337e-02;5.380705e-02;5.413860e-02;7.980026e-02
3.824014e-02;2.237303e-01;5.377532e-02;2.804755e-02;3.942525e-02;1.268167e-01;1.457238e-01;7.394297e-02;5.235682e-02;5.523022e-02;7.769838e-02;8.501250e-02
4.678499e-02;2.221113e-01;3.641082e-02;2.521579e-02;3.972879e-02;7.745639e-02;1.404757e-01;7.599396e-02;6.499902e-02;5.746550e-02;1.150450e-01;9.831273e-02
5.416010e-02;1.690260e-01;3.751614e-02;3.686497e-02;5.900174e-02;1.358307e-01;1.123057e-01;5.728468e-02;6.149169e-02;6.271664e-02;1.267362e-01;8.706538e-02
5.446660e-02;1.055241e-01;3.042852e-02;3.932359e-02;5.299739e-02;1.904632e-01;1.064137e-01;5.859892e-02;5.606978e-02;8.061213e-02;1.331267e-01;9.197536e-02
4.786392e-02;9.871409e-02;4.400277e-02;3.409038e-02;4.751714e-02;2.053859e-01;1.623805e-01;6.268772e-02;4.364994e-02;4.998671e-02;7.413507e-02;1.295859e-01
4.065518e-02;6.164097e-02;4.985898e-02;2.487192e-02;5.119255e-02;1.560106e-01;2.725966e-01;5.955434e-02;3.704692e-02;3.883694e-02;6.391896e-02;1.438161e-01
2.794193e-02;6.015602e-02;5.032945e-02;2.150769e-02;5.978831e-02;7.255557e-02;3.861243e-01;5.713056e-02;3.515220e-02;3.857310e-02;7.634374e-02;1.143972e-01
1.753082e-02;8.849988e-02;2.068762e-02;2.237173e-02;4.930418e-02;1.962751e-01;3.181923e-01;4.501846e-02;3.712238e-02;3.371384e-02;5.951233e-02;1.117714e-01
2.409538e-02;8.467695e-02;3.050638e-02;2.199467e-02;3.301180e-02;2.626539e-01;2.152067e-01;5.373545e-02;5.658820e-02;3.572693e-02;1.015072e-01;8.029637e-02
3.698591e-02;6.717467e-02;2.889117e-02;1.966249e-02;3.844363e-02;3.292574e-01;8.065365e-02;6.977398e-02;7.447425e-02;3.493145e-02;1.390379e-01;8.071346e-02
3.513302e-02;6.624245e-02;5.652666e-02;2.014063e-02;5.854901e-02;2.742076e-01;1.132977e-01;7.888265e-02;7.131609e-02;3.692202e-02;1.131457e-01;7.563653e-02
2.684811e-02;6.857213e-02;4.438028e-02;2.973108e-02;9.856194e-02;1.436160e-01;1.974639e-01;9.819645e-02;1.042231e-01;4.582979e-02;8.070485e-02;6.187246e-02
1.836381e-02;8.702672e-02;2.145004e-02;2.778568e-02;9.080572e-02;2.113506e-01;1.821722e-01;1.034887e-01;8.755985e-02;5.987142e-02;7.847218e-02;3.165310e-02
2.970481e-02;1.281029e-01;3.501183e-02;2.454786e-02;6.541161e-02;1.345958e-01;1.569382e-01;1.392138e-01;9.406584e-02;8.052260e-02;7.794538e-02;3.393931e-02
4.320696e-02;1.426035e-01;5.096026e-02;2.807381e-02;4.177688e-02;1.201881e-01;8.686959e-02;1.263885e-01;1.357028e-01;8.258305e-02;8.888590e-02;5.276064e-02
3.405608e-02;1.092054e-01;5.110728e-02;2.825464e-02;2.739684e-02;1.913329e-01;1.302888e-01;8.174874e-02;1.358402e-01;5.599809e-02;8.616410e-02;6.860699e-02
2.398209e-02;7.645049e-02;4.286047e-02;2.740939e-02;2.896228e-02;1.528058e-01;2.898382e-01;7.006696e-02;1.228931e-01;4.608189e-02;5.265141e-02;6.599800e-02
1.484707e-02;5.067007e-02;2.967598e-02;2.763727e-02;2.490933e-02;1.608567e-01;3.799370e-01;6.154013e-02;9.029348e-02;4.566924e-02;5.756680e-02;5.639699e-02
1.483000e-02;5.048589e-02;2.733009e-02;2.494080e-02;1.942337e-02;2.243028e-01;3.851223e-01;3.161503e-02;9.134890e-02;3.775384e-02;3.036498e-02;6.248201e-02
1.497963e-02;5.198630e-02;2.346413e-02;9.563378e-03;2.578965e-02;2.754599e-01;3.282652e-01;2.457858e-02;1.152134e-01;3.265361e-02;3.802044e-02;6.002571e-02
1.851630e-02;6.200809e-02;3.767345e-02;1.949809e-02;2.909263e-02;2.863105e-01;2.433404e-01;4.820663e-02;1.179589e-01;3.411482e-02;4.494513e-02;5.833496e-02
2.596706e-02;9.777730e-02;5.923511e-02;3.129346e-02;4.586592e-02;2.371384e-01;1.797868e-01;6.094179e-02;1.057916e-01;4.778495e-02;2.870021e-02;7.971745e-02
2.901817e-02;9.457925e-02;5.769841e-02;1.746835e-02;3.994670e-02;2.110592e-01;2.605068e-01;5.851823e-02;8.035448e-02;4.087353e-02;3.412756e-02;7.584936e-02
2.771086e-02;5.295823e-02;3.967302e-02;1.511681e-02;2.095496e-02;3.021199e-01;2.684221e-01;5.221618e-02;8.498198e-02;3.550627e-02;4.828669e-02;5.205297e-02
3.017696e-02;5.551202e-02;3.321363e-02;1.209739e-02;3.324635e-02;3.198082e-01;2.299072e-01;6.196389e-02;9.562135e-02;3.666157e-02;4.376115e-02;4.803036e-02
4.223614e-02;8.341095e-02;5.398989e-02;2.196102e-02;4.043417e-02;2.212845e-01;1.702712e-01;8.890625e-02;1.023859e-01;6.271542e-02;4.910371e-02;6.330085e-02
6.041715e-02;1.260735e-01;9.037540e-02;3.709416e-02;4.655716e-02;9.486428e-02;5.276129e-02;1.000986e-01;1.141539e-01;1.201371e-01;1.050953e-01;5.237216e-02
5.731786e-02;1.523819e-01;1.379748e-01;4.118563e-02;5.608848e-02;8.433359e-02;3.697669e-02;9.575675e-02;7.815576e-02;1.272598e-01;8.322696e-02;4.934169e-02
5.104718e-02;1.694848e-01;1.482630e-01;4.452848e-02;4.296087e-02;7.840607e-02;9.242397e-02;1.305246e-01;6.031776e-02;8.536758e-02;4.911128e-02;4.756432e-02
3.764816e-02;1.315767e-01;9.757551e-02;4.388316e-02;2.802452e-02;9.499051e-02;2.218066e-01;1.302857e-01;4.789817e-02;6.833610e-02;3.837229e-02;5.960266e-02
2.215757e-02;6.504430e-02;4.128418e-02;5.811169e-02;1.241205e-02;9.121200e-02;4.041508e-01;9.789839e-02;4.828567e-02;6.201587e-02;2.503283e-02;7.239462e-02
1.961154e-02;6.715295e-02;3.853189e-02;7.105988e-02;1.941954e-02;6.365531e-02;4.977069e-01;5.419858e-02;3.333624e-02;3.817710e-02;2.474518e-02;7.240483e-02
1.523038e-02;8.090182e-02;7.609966e-02;5.468518e-02;3.386691e-02;9.370781e-02;4.537906e-01;4.336382e-02;4.612305e-02;1.956818e-02;3.276601e-02;4.989661e-02
1.746576e-02;6.388848e-02;9.723365e-02;2.438679e-02;3.302540e-02;1.176483e-01;4.460445e-01;3.803570e-02;5.661032e-02;2.146103e-02;3.070907e-02;5.349104e-02
1.906250e-02;6.548047e-02;8.890798e-02;5.751954e-02;2.020448e-02;9.932849e-02;4.323084e-01;4.437586e-02;4.278615e-02;1.722453e-02;3.405621e-02;7.874541e-02
3.492723e-02;8.336535e-02;5.525781e-02;9.110364e-02;1.446960e-02;9.888009e-02;3.577815e-01;8.296270e-02;4.075827e-02;1.855623e-02;3.261032e-02;8.932723e-02
7.034917e-02;1.268643e-01;5.596937e-02;8.666054e-02;1.454524e-02;1.468544e-01;2.192299e-01;1.357953e-01;3.935482e-02;2.039637e-02;1.583880e-02;6.814165e-02
6.927100e-02;1.979126e-01;1.734636e-01;5.205687e-02;1.633293e-02;1.647602e-01;7.508340e-02;1.151256e-01;4.636648e-02;3.245176e-02;1.933278e-02;3.784277e-02
3.120630e-02;1.931125e-01;2.141378e-01;3.967038e-02;1.714519e-02;1.436199e-01;1.412672e-01;8.002125e-02;4.538323e-02;3.737716e-02;2.458491e-02;3.247417e-02
2.624209e-02;1.643334e-01;1.941080e-01;4.066178e-02;2.886339e-02;1.268285e-01;2.189135e-01;6.847815e-02;4.742845e-02;3.151120e-02;1.835259e-02;3.427894e-02
4.036537e-02;1.359864e-01;1.402821e-01;4.753204e-02;4.366246e-02;1.476557e-01;2.356840e-01;6.763676e-02;5.431333e-02;3.073241e-02;2.554993e-02;3.059951e-02
4.186779e-02;1.195426e-01;1.079183e-01;5.481283e-02;3.841422e-02;1.100251e-01;2.540881e-01;8.782563e-02;6.500684e-02;4.745447e-02;3.252156e-02;4.052258e-02
3.328869e-02;1.186543e-01;8.698881e-02;5.105839e-02;3.503700e-02;1.203437e-01;2.166819e-01;1.090995e-01;7.794169e-02;5.582336e-02;3.869764e-02;5.638508e-02
2.226962e-02;1.084892e-01;1.206941e-01;4.078836e-02;2.425001e-02;1.730751e-01;1.892247e-01;9.948855e-02;7.439003e-02;4.897501e-02;4.624163e-02;5.211380e-02
2.876264e-02;1.281710e-01;1.581063e-01;4.120439e-02;3.172942e-02;1.157373e-01;2.145496e-01;7.103296e-02;6.299784e-02;4.403159e-02;3.497385e-02;6.870311e-02
4.231718e-02;1.921554e-01;1.606075e-01;4.514036e-02;2.793609e-02;9.478724e-02;1.389738e-01;6.935225e-02;7.534526e-02;4.196589e-02;2.621817e-02;8.520088e-02
4.761593e-02;2.184431e-01;1.506453e-01;4.049125e-02;2.184632e-02;1.399800e-01;6.190828e-02;7.819862e-02;8.049443e-02;4.234192e-02;2.903367e-02;8.900116e-02
4.119537e-02;1.860462e-01;1.788415e-01;4.210620e-02;1.688274e-02;1.164010e-01;1.412199e-01;6.232329e-02;6.129773e-02;3.995559e-02;3.359660e-02;8.013380e-02
2.970140e-02;1.700658e-01;1.949386e-01;4.190153e-02;2.234312e-02;1.050281e-01;1.833750e-01;4.759907e-02;5.832894e-02;3.634855e-02;3.796271e-02;7.240723e-02
3.421284e-02;1.775963e-01;1.889297e-01;5.303597e-02;2.754407e-02;7.978380e-02;1.570296e-01;6.148084e-02;7.744078e-02;3.608898e-02;3.457397e-02;7.228314e-02
4.034039e-02;1.734911e-01;2.124069e-01;6.981051e-02;2.539914e-02;4.968353e-02;1.145279e-01;7.031002e-02;8.544150e-02;4.550239e-02;3.959616e-02;7.349046e-02
3.305751e-02;1.355476e-01;2.114300e-01;7.302933e-02;2.963162e-02;8.609857e-02;1.252083e-01;6.839843e-02;7.964264e-02;5.695599e-02;3.104385e-02;6.995609e-02
2.818116e-02;1.341177e-01;1.822457e-01;5.963605e-02;3.897163e-02;1.250793e-01;1.399436e-01;1.164248e-01;7.659954e-02;3.268395e-02;2.703838e-02;3.907819e-02
1.805092e-02;1.240555e-01;1.612813e-01;4.867069e-02;3.478992e-02;1.591349e-01;1.409785e-01;1.693436e-01;7.762471e-02;2.190797e-02;1.622395e-02;2.793806e-02
2.790867e-02;1.703645e-01;1.305664e-01;3.523967e-02;3.356329e-02;2.454815e-01;1.213146e-01;1.336411e-01;4.912844e-02;1.573861e-02;1.577578e-02;2.127756e-02
3.812190e-02;1.709614e-01;1.134534e-01;5.105862e-02;5.745168e-02;2.958061e-01;8.127988e-02;1.016558e-01;1.916635e-02;2.069975e-02;1.859841e-02;3.174677e-02
2.671186e-02;1.323094e-01;1.555859e-01;7.553502e-02;8.396710e-02;2.176905e-01;5.779849e-02;1.109685e-01;4.386023e-02;2.792551e-02;1.914702e-02;4.850047e-02
1.863382e-02;8.094813e-02;1.599086e-01;9.843794e-02;1.085311e-01;1.537764e-01;1.221720e-01;7.858158e-02;4.691051e-02;3.364013e-02;2.746051e-02;7.099923e-02
3.276544e-02;1.244392e-01;1.242582e-01;9.580605e-02;1.090316e-01;1.388217e-01;8.880375e-02;9.406109e-02;5.757660e-02;3.165375e-02;3.415930e-02;6.862336e-02
3.493959e-02;1.319041e-01;1.015651e-01;1.102178e-01;9.433819e-02;1.687191e-01;5.941673e-02;1.197014e-01;6.185125e-02;3.172629e-02;3.345152e-02;5.216893e-02
3.489510e-02;1.664130e-01;1.553405e-01;1.002722e-01;7.888991e-02;1.211315e-01;5.413814e-02;1.234615e-01;6.892271e-02;3.550005e-02;2.623302e-02;3.480236e-02
3.267647e-02;2.030869e-01;1.867872e-01;6.147718e-02;5.551112e-02;8.903535e-02;8.095422e-02;1.280388e-01;8.778425e-02;3.493514e-02;1.668031e-02;2.303308e-02
3.511819e-02;2.419031e-01;1.102841e-01;5.269393e-02;4.701485e-02;1.172878e-01;1.192441e-01;1.150355e-01;9.359317e-02;3.459553e-02;1.240426e-02;2.082559e-02
3.669461e-02;2.401565e-01;1.196095e-01;5.151590e-02;4.236775e-02;1.595333e-01;1.251157e-01;8.250044e-02;7.536271e-02;2.797903e-02;1.284979e-02;2.631468e-02
4.076922e-02;2.544677e-01;1.724808e-01;3.359689e-02;2.253795e-02;1.442811e-01;1.173094e-01;8.243795e-02;6.189980e-02;2.414704e-02;1.200027e-02;3.407189e-02
5.206670e-02;2.414088e-01;1.350228e-01;3.858623e-02;1.800372e-02;1.548618e-01;1.406650e-01;6.246227e-02;6.996059e-02;3.270325e-02;1.808876e-02;3.617011e-02
4.412553e-02;2.324205e-01;1.514282e-01;3.226019e-02;2.547829e-02;1.613915e-01;1.243836e-01;7.391806e-02;7.158638e-02;3.825782e-02;1.611039e-02;2.863960e-02
2.785795e-02;1.935482e-01;2.028605e-01;3.470992e-02;2.112378e-02;1.202026e-01;1.211691e-01;1.158904e-01;7.517228e-02;4.062981e-02;1.970119e-02;2.713427e-02
2.672507e-02;1.523137e-01;1.913698e-01;2.833133e-02;3.300772e-02;1.104237e-01;1.456922e-01;1.288046e-01;9.443305e-02;4.524291e-02;1.194539e-02;3.171057e-02
4.142670e-02;1.961569e-01;1.458605e-01;1.740180e-02;2.955489e-02;1.430614e-01;1.409784e-01;7.954285e-02;9.621058e-02;5.393452e-02;1.977104e-02;3.610042e-02
4.440190e-02;1.783171e-01;1.010233e-01;2.208948e-02;4.138958e-02;1.630657e-01;1.371516e-01;8.450178e-02;8.846231e-02;6.007297e-02;3.544455e-02;4.407974e-02
5.344803e-02;2.057797e-01;2.039095e-01;3.661240e-02;3.127640e-02;1.241713e-01;6.383564e-02;8.908339e-02;6.851525e-02;3.631976e-02;3.098258e-02;5.606605e-02
4.177513e-02;1.552442e-01;1.953309e-01;5.444578e-02;2.580297e-02;1.595900e-01;4.800643e-02;1.245436e-01;6.799749e-02;2.729138e-02;2.808594e-02;7.188623e-02
3.799390e-02;7.882632e-02;1.131996e-01;7.907215e-02;4.817880e-02;1.909636e-01;7.730961e-02;1.325278e-01;7.156205e-02;3.544031e-02;5.516242e-02;7.976338e-02
3.380908e-02;1.398109e-01;1.144805e-01;8.233879e-02;5.602917e-02;1.142422e-01;8.688579e-02;1.455051e-01;6.862114e-02;2.912176e-02;6.133531e-02;6.782029e-02
3.205122e-02;1.916040e-01;2.243318e-01;6.128520e-02;3.766929e-02;6.688235e-02;8.026291e-02;1.295388e-01;7.104657e-02;2.354652e-02;4.167173e-02;4.010966e-02
2.036222e-02;1.503875e-01;2.231391e-01;4.332243e-02;1.880271e-02;1.745528e-01;9.340066e-02;1.422002e-01;6.163556e-02;2.860947e-02;2.292336e-02;2.066405e-02
2.918997e-02;1.309974e-01;1.245903e-01;3.294843e-02;2.899320e-02;1.530191e-01;1.127755e-01;1.928000e-01;1.167197e-01;2.520864e-02;2.148272e-02;3.127506e-02
3.786378e-02;1.585407e-01;1.334965e-01;3.143437e-02;2.947202e-02;1.268764e-01;1.086769e-01;1.595256e-01;1.023177e-01;2.927434e-02;2.384267e-02;5.867901e-02
4.633203e-02;1.177703e-01;1.540356e-01;3.406871e-02;3.836396e-02;1.722109e-01;7.476842e-02;1.609969e-01;7.835685e-02;3.327109e-02;2.313752e-02;6.668774e-02
4.261156e-02;9.467068e-02;1.316835e-01;3.679598e-02;3.396013e-02;1.728169e-01;5.505853e-02;1.981079e-01;1.089587e-01;2.996894e-02;3.104273e-02;6.432443e-02
3.238980e-02;1.365514e-01;1.723306e-01;2.568530e-02;2.839224e-02;1.280190e-01;8.399144e-02;1.660811e-01;8.555420e-02;4.589022e-02;3.667669e-02;5.843798e-02
3.188686e-02;1.461013e-01;1.968510e-01;3.619816e-02;2.107543e-02;1.164579e-01;9.109514e-02;1.405722e-01;1.182289e-01;4.305955e-02;2.520134e-02;3.327216e-02
4.424636e-02;2.189901e-01;2.145531e-01;2.906960e-02;1.799621e-02;7.444758e-02;8.965139e-02;1.284881e-01;9.708951e-02;3.061443e-02;1.953888e-02;3.531474e-02
4.459653e-02;2.114791e-01;1.852908e-01;3.218721e-02;3.305208e-02;9.890240e-02;7.678147e-02;1.282852e-01;9.139874e-02;3.075885e-02;3.161723e-02;3.565038e-02
4.647368e-02;1.536220e-01;1.504689e-01;3.453856e-02;3.656411e-02;1.399622e-01;4.853361e-02;1.669585e-01;1.030663e-01;3.225248e-02;4.940741e-02;3.815239e-02
6.853414e-02;1.178491e-01;1.005067e-01;5.403724e-02;3.740602e-02;1.169607e-01;3.466165e-02;2.175165e-01;1.054613e-01;4.161615e-02;6.650411e-02;3.894646e-02
