1.045191e-01;6.741304e-02;5.281727e-02;1.002370e-01;4.129129e-02;4.737115e-02;1.212558e-01;1.244369e-01;2.263956e-02;5.049033e-02;1.481757e-01;1.193529e-01
1.342580e-01;5.329233e-02;4.692326e-02;5.067431e-02;3.198967e-02;4.147400e-02;1.210431e-01;8.658897e-02;5.079302e-02;3.537251e-02;1.045816e-01;2.430092e-01
1.225085e-01;1.997819e-02;5.173814e-02;1.925356e-02;5.314251e-02;5.508679e-02;1.301862e-01;1.951621e-02;9.135448e-02;3.350839e-02;5.728804e-02;3.464390e-01
1.430845e-01;2.110642e-02;2.361694e-02;3.415958e-02;4.057331e-02;9.580032e-02;1.073896e-01;6.626663e-02;8.193050e-02;9.536447e-02;4.678060e-02;2.439271e-01
1.769107e-01;2.684460e-02;4.452738e-03;5.686360e-02;2.204288e-02;1.290175e-01;1.098281e-01;9.748116e-02;6.895999e-02;1.640513e-01;2.585505e-02;1.176924e-01
1.571322e-01;3.907634e-02;6.662900e-03;7.778693e-02;1.820961e-02;1.279230e-01;1.503686e-01;8.209406e-02;7.946936e-02;1.963321e-01;2.903026e-02;3.591472e-02
1.435289e-01;5.283416e-02;1.617427e-02;6.632026e-02;1.906665e-02;1.326780e-01;1.964144e-01;5.804485e-02;7.802565e-02;1.534468e-01;6.231986e-02;2.114616e-02
1.778286e-01;6.285100e-02;1.860732e-02;3.987198e-02;2.231821e-02;1.269469e-01;2.267983e-01;8.869084e-02;5.800134e-02;7.886179e-02;7.743433e-02;2.178936e-02
1.919493e-01;7.304969e-02;1.632311e-02;2.694484e-02;2.312139e-02;1.021758e-01;2.682703e-01;1.042003e-01;3.026436e-02;2.181622e-02;1.051645e-01;3.672027e-02
1.670847e-01;6.009797e-02;1.067811e-02;3.838712e-02;2.213272e-02;8.394776e-02;3.582255e-01;7.955690e-02;1.432274e-02;3.151358e-02;9.284802e-02;4.120488e-02
1.133571e-01;4.920251e-02;9.588661e-03;2.181581e-02;1.004362e-02;4.112374e-02;3.887650e-01;2.448406e-01;2.157469e-02;4.219663e-02;3.703461e-02;2.045707e-02
8.596450e-02;6.151860e-02;8.556720e-03;8.698593e-03;1.217443e-02;3.648321e-02;4.106515e-01;2.712455e-01;2.610957e-02;3.754491e-02;2.423503e-02;1.681752e-02
5.551878e-02;9.034958e-02;6.917579e-03;9.762454e-03;1.205876e-02;5.913751e-02;4.529511e-01;2.234392e-01;2.202427e-02;2.221143e-02;2.232258e-02;2.330673e-02
1.048320e-01;8.583691e-02;3.841053e-03;1.257627e-02;1.090906e-02;7.466257e-02;4.607421e-01;1.524021e-01;2.056508e-02;1.939781e-02;3.036485e-02;2.387019e-02
1.427522e-01;7.023969e-02;1.026390e-02;1.141307e-02;1.868198e-02;9.934189e-02;4.205536e-01;9.992083e-02;2.736541e-02;2.556649e-02;5.559831e-02;1.830267e-02
1.757890e-01;1.001500e-01;2.757223e-02;1.548606e-02;2.263687e-02;1.003419e-01;2.911564e-01;9.920263e-02;3.536314e-02;9.116474e-03;6.950270e-02;5.368260e-02
2.058851e-01;1.737563e-01;1.691370e-02;9.459384e-03;1.053643e-02;5.721538e-02;2.623025e-01;1.352603e-01;1.969789e-02;1.624941e-02;5.073571e-02;4.198788e-02
1.768702e-01;2.889262e-01;1.382012e-02;6.235134e-03;9.639671e-03;4.377772e-02;2.701513e-01;1.300840e-01;8.510472e-03;9.984170e-03;2.912555e-02;1.287546e-02
1.068592e-01;3.716837e-01;2.480343e-02;6.726886e-03;1.548472e-02;3.902917e-02;2.626501e-01;1.120099e-01;4.859926e-03;5.609212e-03;4.549748e-02;4.786354e-03
6.223788e-02;4.078761e-01;3.656634e-02;8.098551e-03;2.176676e-02;3.355926e-02;2.776059e-01;1.014705e-01;4.471119e-03;4.129705e-03;4.020040e-02;2.017520e-03
5.715311e-02;3.877895e-01;2.519386e-02;4.677889e-03;3.302180e-02;3.688975e-02;3.235615e-01;8.810229e-02;4.188114e-03;3.061695e-03;3.328555e-02;3.074917e-03
6.921704e-02;3.115028e-01;2.214670e-03;7.273948e-03;5.194171e-02;3.839659e-02;3.578579e-01;1.192977e-01;5.696299e-03;2.660970e-03;2.959179e-02;4.348594e-03
4.667186e-02;2.475961e-01;1.212403e-02;5.612763e-03;6.547149e-02;3.208090e-02;3.550143e-01;1.901706e-01;6.634004e-03;3.192632e-03;3.059406e-02;4.837348e-03
2.290360e-02;2.104597e-01;1.648097e-02;1.399792e-02;5.790993e-02;1.837281e-02;3.328454e-01;2.844338e-01;7.498742e-03;4.812990e-03;2.441915e-02;5.864932e-03
1.731465e-02;1.680892e-01;2.589483e-02;1.604500e-02;3.306204e-02;1.253468e-02;3.036656e-01;3.828254e-01;6.860828e-03;7.816839e-03;1.379878e-02;1.209211e-02
5.042497e-03;1.272958e-01;3.705288e-02;1.324388e-02;1.850925e-02;1.178193e-02;2.720735e-01;4.666030e-01;6.559595e-03;1.489902e-02;6.395579e-03;2.054310e-02
1.046448e-02;7.810950e-02;4.949472e-02;1.348447e-02;1.287727e-02;2.113271e-02;2.462303e-01;4.884579e-01;1.917264e-02;2.206040e-02;7.596363e-03;3.091922e-02
5.078705e-02;1.080341e-01;5.900289e-02;1.863525e-02;7.691915e-03;2.934386e-02;2.168202e-01;3.899582e-01;3.345586e-02;2.631440e-02;2.279322e-02;3.716312e-02
1.156856e-01;1.880758e-01;5.389645e-02;1.795056e-02;1.156679e-02;3.463132e-02;2.134782e-01;2.035006e-01;3.530641e-02;4.672130e-02;4.795365e-02;3.123339e-02
1.175464e-01;1.940552e-01;3.467171e-02;2.193162e-02;1.973923e-02;2.762473e-02;2.351711e-01;1.732689e-01;3.330104e-02;5.329222e-02;6.345880e-02;2.593906e-02
4.735136e-02;7.774019e-02;4.744547e-02;3.115158e-02;2.809441e-02;2.348009e-02;2.050608e-01;2.869463e-01;2.840372e-02;6.418722e-02;1.298734e-01;3.026553e-02
6.769541e-02;7.429631e-02;7.347895e-02;2.690491e-02;2.167799e-02;2.776307e-02;1.875186e-01;2.959488e-01;2.330913e-02;6.130194e-02;1.014724e-01;3.863256e-02
3.599093e-02;8.295153e-02;1.019063e-01;3.788413e-02;1.480123e-02;2.262454e-02;1.545538e-01;3.425083e-01;2.830470e-02;8.269234e-02;4.803306e-02;4.774920e-02
2.325487e-02;1.383453e-01;1.000660e-01;3.594077e-02;8.771188e-03;1.849872e-02;1.703877e-01;3.499036e-01;2.672807e-02;7.600674e-02;7.289014e-03;4.480808e-02
1.857873e-02;2.129203e-01;7.258669e-02;2.293396e-02;1.208920e-02;1.128896e-02;2.145795e-01;3.325927e-01;1.367975e-02;4.311623e-02;1.840820e-02;2.722569e-02
2.458857e-02;2.853160e-01;4.294123e-02;1.376700e-02;1.879762e-02;9.336203e-03;2.500323e-01;2.989217e-01;8.546484e-03;2.099540e-02;1.513814e-02;1.161933e-02
5.927268e-02;3.163876e-01;2.916342e-02;1.230148e-02;2.664242e-02;1.488593e-02;2.662072e-01;2.293258e-01;4.786953e-03;1.004943e-02;2.136875e-02;9.608252e-03
1.328290e-01;2.942296e-01;2.175434e-02;1.833457e-02;2.530127e-02;3.210203e-02;2.591811e-01;1.570479e-01;6.669410e-03;9.528200e-03;2.890603e-02;1.411647e-02
2.252098e-01;2.607744e-01;1.739130e-02;2.255292e-02;2.264579e-02;5.362244e-02;2.323444e-01;1.094613e-01;7.847593e-03;1.225196e-02;2.136267e-02;1.453549e-02
2.810536e-01;2.017566e-01;4.650252e-02;2.466641e-02;3.904879e-02;7.087103e-02;1.734982e-01;6.864283e-02;1.272872e-02;1.416293e-02;4.702361e-02;2.004482e-02
2.283803e-01;1.066992e-01;8.166446e-02;4.267506e-02;5.447716e-02;7.468376e-02;1.950714e-01;8.830798e-02;2.527335e-02;1.603502e-02;5.031310e-02;3.641919e-02
1.574007e-01;1.103540e-01;5.503392e-02;4.035120e-02;3.185726e-02;4.483763e-02;2.280449e-01;1.405579e-01;2.109277e-02;1.867271e-02;1.315544e-01;2.024270e-02
1.981199e-01;6.751201e-02;3.869537e-02;2.984816e-02;2.242775e-02;3.809429e-02;2.023998e-01;2.035339e-01;2.103707e-02;2.566998e-02;1.445105e-01;8.151210e-03
1.491357e-01;1.416888e-01;3.023529e-02;4.610658e-02;3.121972e-02;6.384868e-02;1.969505e-01;1.738477e-01;3.445342e-02;3.453411e-02;8.124381e-02;1.673568e-02
1.458237e-01;1.056326e-01;3.443791e-02;4.307806e-02;4.212708e-02;8.420837e-02;1.790876e-01;1.438441e-01;4.989189e-02;5.181111e-02;8.904228e-02;3.101520e-02
1.893899e-01;7.721017e-02;2.495069e-02;2.581359e-02;2.250374e-02;7.956866e-02;2.786795e-01;1.464853e-01;3.634667e-02;5.636558e-02;3.514247e-02;2.754376e-02
1.642768e-01;1.481354e-01;1.204555e-02;1.469394e-02;1.342237e-02;6.139917e-02;3.291144e-01;1.501668e-01;2.020347e-02;3.802856e-02;3.118257e-02;1.733098e-02
1.124017e-01;2.168599e-01;1.106185e-02;6.676233e-03;8.624472e-03;4.714561e-02;3.368360e-01;1.809431e-01;1.094776e-02;1.638836e-02;4.250487e-02;9.610152e-03
1.076281e-01;2.714880e-01;9.851923e-03;2.307995e-03;6.299383e-03;3.742154e-02;3.183576e-01;1.668583e-01;4.592577e-03;5.404047e-03;5.972609e-02;1.006440e-02
9.859534e-02;3.155915e-01;9.955740e-03;2.190199e-03;5.672675e-03;2.966662e-02;2.927436e-01;1.525161e-01;4.679130e-03;6.757994e-03;6.769277e-02;1.393827e-02
9.355777e-02;3.450979e-01;8.673470e-03;2.527545e-03;4.059429e-03;2.865910e-02;2.919500e-01;1.364713e-01;4.927327e-03;8.912561e-03;6.563750e-02;9.526171e-03
1.464390e-01;3.231440e-01;6.293510e-03;1.089718e-03;4.326553e-03;3.246704e-02;2.867968e-01;1.246586e-01;5.338405e-03;1.577611e-02;4.841974e-02;5.250405e-03
1.967059e-01;2.579563e-01;6.237984e-03;2.279202e-03;6.975363e-03;4.547070e-02;2.810160e-01;1.129496e-01;1.077221e-02;2.758428e-02;4.843488e-02;3.617584e-03
2.480145e-01;1.896459e-01;1.122553e-02;5.335523e-03;1.150868e-02;6.183930e-02;2.704899e-01;1.063304e-01;1.550179e-02;3.262522e-02;4.056589e-02;6.917368e-03
2.614248e-01;1.424421e-01;1.913739e-02;8.235858e-03;2.162443e-02;7.470310e-02;2.694867e-01;7.366239e-02;1.795126e-02;2.773452e-02;7.466261e-02;8.934943e-03
2.289881e-01;1.021372e-01;2.912020e-02;1.650367e-02;2.143138e-02;6.716746e-02;3.230165e-01;5.187428e-02;2.962805e-02;8.157593e-03;1.079794e-01;1.399605e-02
2.114308e-01;1.340548e-01;2.565007e-02;9.071355e-03;1.159958e-02;3.618255e-02;3.160518e-01;1.161485e-01;2.305770e-02;2.300476e-02;7.630328e-02;1.744490e-02
1.906978e-01;1.695475e-01;2.473003e-02;1.432827e-02;1.293005e-02;2.988836e-02;2.769209e-01;1.500768e-01;1.784563e-02;2.601423e-02;7.496832e-02;1.205209e-02
6.462812e-02;1.362008e-01;3.060740e-02;1.814297e-02;1.626238e-02;5.646439e-02;3.450817e-01;1.798700e-01;1.884142e-02;3.571168e-02;9.012988e-02;8.059314e-03
7.170326e-02;1.228347e-01;2.902705e-02;1.814125e-02;8.232360e-03;6.644699e-02;3.518612e-01;1.688246e-01;2.504351e-02;2.858733e-02;1.016125e-01;7.685160e-03
1.132756e-01;1.244750e-01;3.352586e-02;4.122309e-02;2.792406e-02;7.060332e-02;2.309797e-01;1.388406e-01;3.005898e-02;3.884387e-02;1.318112e-01;1.843886e-02
1.067911e-01;1.043451e-01;3.959890e-02;7.893427e-02;3.086315e-02;6.247852e-02;6.695867e-02;1.576945e-01;5.126933e-02;5.175920e-02;1.951593e-01;5.414798e-02
1.297051e-01;1.133735e-01;4.211969e-02;6.235865e-02;2.901338e-02;4.530977e-02;1.276936e-01;1.252172e-01;4.130831e-02;4.827483e-02;1.853797e-01;5.024637e-02
1.559415e-01;9.717131e-02;4.553647e-02;5.277526e-02;2.689705e-02;4.684186e-02;2.140125e-01;6.643930e-02;3.087988e-02;4.974178e-02;1.762559e-01;3.750714e-02
1.125785e-01;1.221627e-01;1.717827e-02;1.177381e-02;1.093283e-02;3.615038e-02;3.222992e-01;2.001856e-01;1.495504e-02;3.068826e-02;1.043514e-01;1.674404e-02
9.539436e-02;1.923926e-01;1.257885e-02;4.143964e-03;7.826481e-03;3.980465e-02;3.300315e-01;1.995672e-01;1.218122e-02;1.470560e-02;7.747510e-02;1.389843e-02
7.977732e-02;2.699561e-01;2.966762e-02;9.885994e-03;1.152608e-02;4.164427e-02;3.130314e-01;1.761625e-01;7.758562e-03;5.571646e-03;5.028278e-02;4.735685e-03
9.994703e-02;3.416071e-01;3.627428e-02;2.078165e-02;2.245451e-02;4.367894e-02;2.694188e-01;1.237780e-01;5.250684e-03;4.279454e-03;2.894450e-02;3.584999e-03
1.320451e-01;3.694018e-01;2.821126e-02;1.917327e-02;2.359221e-02;5.334711e-02;2.626313e-01;7.557550e-02;3.691613e-03;4.688936e-03;2.290854e-02;4.733305e-03
1.795561e-01;3.104790e-01;1.497319e-02;1.467975e-02;1.280316e-02;5.794904e-02;2.748445e-01;7.902431e-02;7.376777e-03;1.006719e-02;3.325659e-02;4.990419e-03
2.153835e-01;2.178732e-01;7.671937e-03;2.557973e-02;9.226944e-03;5.517237e-02;2.475235e-01;1.056473e-01;1.481336e-02;2.109840e-02;6.867053e-02;1.133916e-02
2.074877e-01;1.692168e-01;1.569278e-02;2.844003e-02;1.569565e-02;4.585324e-02;2.004290e-01;1.191883e-01;2.108599e-02;2.964318e-02;1.179299e-01;2.933743e-02
1.001873e-01;1.410242e-01;4.081625e-02;3.185231e-02;2.771026e-02;3.224612e-02;2.517406e-01;1.408722e-01;3.899547e-02;3.271667e-02;1.158178e-01;4.602089e-02
1.333835e-01;2.353081e-01;4.068320e-02;3.920592e-02;1.576592e-02;4.404821e-02;2.460931e-01;1.018201e-01;2.464506e-02;2.998403e-02;6.677429e-02;2.228846e-02
1.798166e-01;2.467113e-01;3.355389e-02;4.735935e-02;1.649138e-02;5.950583e-02;2.414801e-01;8.013762e-02;1.437660e-02;2.829163e-02;3.229287e-02;1.998290e-02
2.198017e-01;1.806473e-01;1.924050e-02;6.488781e-02;2.549066e-02;9.260768e-02;2.121363e-01;5.681178e-02;6.689207e-03;8.258809e-02;1.966322e-02;1.943567e-02
2.580332e-01;8.618979e-02;8.815170e-03;6.249361e-02;4.624664e-02;1.279889e-01;1.880016e-01;5.550279e-02;1.313869e-02;1.253048e-01;1.249991e-02;1.578484e-02
2.623031e-01;5.631410e-02;8.757072e-03;4.186310e-02;6.379692e-02;1.355664e-01;2.094544e-01;5.603342e-02;1.360767e-02;1.205258e-01;1.973341e-02;1.204475e-02
2.287154e-01;5.702117e-02;2.242571e-02;3.541343e-02;6.514977e-02;1.136575e-01;1.983243e-01;6.880156e-02;2.357520e-02;8.925562e-02;8.620836e-02;1.145212e-02
1.792537e-01;2.425484e-02;3.756272e-02;3.307093e-02;5.632214e-02;9.511939e-02;1.744033e-01;7.277721e-02;3.622142e-02;6.673788e-02;1.997502e-01;2.452619e-02
1.410775e-01;9.183897e-02;3.507869e-02;2.596692e-02;4.158362e-02;6.783248e-02;1.358541e-01;8.038388e-02;3.086103e-02;6.640992e-02;2.616109e-01;2.150208e-02
2.500007e-01;1.422798e-01;3.169532e-02;3.128601e-02;4.191472e-02;6.710148e-02;6.875950e-02;8.651885e-02;1.485151e-02;7.602610e-02;1.676166e-01;2.194944e-02
2.090109e-01;6.688339e-02;3.536268e-02;3.179983e-02;5.940035e-02;1.057547e-01;1.828896e-01;6.640267e-02;2.146529e-02;4.867316e-02;1.527689e-01;1.958850e-02
8.586251e-02;1.158572e-01;4.088543e-02;1.701932e-02;5.204917e-02;1.031263e-01;2.109495e-01;7.441197e-02;3.849561e-02;4.457874e-02;2.020926e-01;1.467169e-02
1.285106e-01;1.086598e-01;5.104143e-02;1.490564e-02;3.170113e-02;7.327849e-02;1.608559e-01;9.594978e-02;8.059251e-02;9.009778e-02;1.325118e-01;3.189517e-02
6.875277e-02;1.129664e-01;6.057108e-02;1.140843e-02;3.269461e-02;5.671103e-02;8.896612e-02;1.266548e-01;1.141023e-01;1.048504e-01;1.578722e-01;6.444983e-02
7.030060e-02;1.037650e-01;4.142341e-02;1.282011e-02;2.003896e-02;3.996262e-02;9.460857e-02;1.370069e-01;1.023923e-01;8.769236e-02;1.816397e-01;1.083496e-01
7.844331e-02;9.928104e-02;2.426200e-02;1.795466e-02;2.384911e-02;2.541887e-02;1.432547e-01;1.605151e-01;8.922996e-02;6.496976e-02;1.717524e-01;1.010692e-01
1.073939e-01;1.011413e-01;1.900637e-02;2.728297e-02;3.302419e-02;4.964777e-02;1.894534e-01;1.720183e-01;4.946109e-02;4.189758e-02;1.728372e-01;3.683591e-02
1.448830e-01;1.176339e-01;2.377748e-02;3.511925e-02;2.831521e-02;6.308573e-02;2.149742e-01;1.523601e-01;2.309120e-02;5.138385e-02;1.156893e-01;2.968680e-02
2.101971e-01;1.379344e-01;2.094837e-02;3.407676e-02;1.853606e-02;7.558758e-02;2.366669e-01;1.107355e-01;1.026645e-02;5.163131e-02;6.601281e-02;2.740667e-02
2.465183e-01;1.195584e-01;1.789054e-02;2.640535e-02;2.369938e-02;8.260630e-02;2.264158e-01;8.527552e-02;1.281605e-02;4.287284e-02;9.891427e-02;1.702732e-02
2.214920e-01;1.138332e-01;2.262784e-02;1.819663e-02;3.536237e-02;6.185966e-02;2.038715e-01;9.648830e-02;1.673965e-02;2.738403e-02;1.700132e-01;1.213150e-02
2.178657e-01;8.387572e-02;2.910077e-02;2.446747e-02;5.739477e-02;4.577688e-02;2.093611e-01;7.817236e-02;2.159865e-02;2.078244e-02;1.890292e-01;2.257503e-02
2.087724e-01;3.632815e-02;2.565529e-02;4.466020e-02;7.338809e-02;1.059373e-01;2.532894e-01;3.776755e-02;4.038272e-02;2.578332e-02;1.158058e-01;3.222978e-02
1.664749e-01;3.246111e-02;2.377200e-02;3.770394e-02;5.246361e-02;1.230532e-01;3.095354e-01;9.680355e-02;4.491489e-02;1.643382e-02;7.011811e-02;2.626554e-02
1.450381e-01;2.467339e-02;2.866543e-02;3.728988e-02;6.648073e-02;1.269702e-01;2.891126e-01;6.545254e-02;5.030375e-02;1.093047e-02;1.110620e-01;4.402091e-02
1.503347e-01;3.725468e-02;3.542220e-02;4.326649e-02;9.441849e-02;1.360037e-01;1.761841e-01;4.323414e-02;5.096585e-02;1.486730e-02;1.529568e-01;6.509162e-02
1.513501e-01;4.134420e-02;3.860400e-02;3.460278e-02;9.750892e-02;1.360395e-01;2.424465e-01;1.113461e-01;3.831002e-02;2.249100e-02;3.672727e-02;4.922964e-02
1.071888e-01;4.725309e-02;3.459862e-02;2.782092e-02;6.354591e-02;9.799036e-02;2.010955e-01;1.249343e-01;1.652845e-02;2.703318e-02;2.244512e-01;2.755977e-02
7.859673e-02;6.238025e-02;3.817219e-02;2.849252e-02;4.613624e-02;6.101154e-02;1.108097e-01;9.224086e-02;9.671099e-03;3.003528e-02;4.085143e-01;3.393929e-02
9.557376e-02;6.931618e-02;4.709125e-02;3.387633e-02;3.476277e-02;3.236024e-02;8.722925e-02;8.654681e-02;1.489455e-02;2.182663e-02;4.509023e-01;2.561996e-02
6.761625e-02;9.220566e-02;5.832972e-02;5.459704e-02;2.394742e-02;3.181997e-02;8.316655e-02;1.035132e-01;1.052466e-02;2.436268e-02;4.366208e-01;1.329613e-02
5.898755e-02;1.248285e-01;6.743436e-02;7.153576e-02;2.683416e-02;2.749262e-02;7.372956e-02;1.099854e-01;9.223064e-03;2.372403e-02;3.981812e-01;8.043817e-03
9.295474e-02;1.719202e-01;7.214497e-02;5.217564e-02;2.207443e-02;2.129042e-02;8.797389e-02;9.247322e-02;1.238088e-02;2.769127e-02;3.389349e-01;7.985371e-03
8.755291e-02;2.365316e-01;8.448015e-02;2.689831e-02;2.153761e-02;1.269224e-02;8.883128e-02;6.365479e-02;1.335280e-02;3.996676e-02;3.148154e-01;9.686148e-03
9.820144e-02;2.948916e-01;7.710454e-02;2.659027e-02;1.860202e-02;1.970086e-02;7.235803e-02;6.697764e-02;1.865847e-02;4.063825e-02;2.554002e-01;1.087661e-02
1.360334e-01;3.310020e-01;5.922831e-02;2.837922e-02;1.793679e-02;2.287138e-02;6.030705e-02;1.183309e-01;2.203941e-02;2.651172e-02;1.597310e-01;1.762880e-02
1.888092e-01;3.268834e-01;4.866586e-02;3.323943e-02;2.355498e-02;3.282596e-02;6.260725e-02;1.665760e-01;2.082798e-02;1.955585e-02;5.593077e-02;2.052339e-02
2.376361e-01;2.431001e-01;2.314975e-02;2.699932e-02;3.196937e-02;3.539785e-02;8.928504e-02;2.156018e-01;2.415378e-02;2.177567e-02;3.353668e-02;1.739454e-02
2.264004e-01;1.652443e-01;2.970525e-02;3.182977e-02;3.447846e-02;2.006503e-02;1.143504e-01;2.656785e-01;2.371911e-02;2.166651e-02;5.482724e-02;1.203500e-02
1.916028e-01;1.809732e-01;3.565264e-02;4.325945e-02;4.204496e-02;1.409482e-02;8.722094e-02;2.521864e-01;4.252014e-02;2.561941e-02;6.994409e-02;1.488114e-02
1.534329e-01;2.704728e-01;5.038686e-02;5.216004e-02;4.013460e-02;3.579225e-02;7.726715e-02;1.677447e-01;4.944775e-02;2.607604e-02;6.454976e-02;1.253522e-02
1.217614e-01;3.103606e-01;5.508046e-02;6.221180e-02;2.998974e-02;5.382464e-02;6.596234e-02;8.098672e-02;3.842473e-02;3.036339e-02;1.257319e-01;2.530229e-02
1.047206e-01;2.674972e-01;7.335926e-02;4.987568e-02;3.224960e-02;4.585601e-02;7.757666e-02;5.991308e-02;3.827808e-02;3.909472e-02;1.903964e-01;2.118272e-02
1.043579e-01;1.782393e-01;6.577492e-02;4.202250e-02;2.179414e-02;3.211629e-02;6.683809e-02;7.220075e-02;4.528706e-02;3.312794e-02;3.246972e-01;1.354396e-02
7.110231e-02;1.346185e-01;5.305335e-02;6.699252e-02;2.774529e-02;2.946096e-02;4.568929e-02;7.082974e-02;4.822987e-02;2.651585e-02;4.150024e-01;1.075994e-02
2.856273e-02;1.004901e-01;4.244988e-02;7.273456e-02;4.756657e-02;3.368932e-02;3.510636e-02;5.495194e-02;4.282195e-02;2.860236e-02;5.034885e-01;9.535762e-03
2.705733e-02;7.248654e-02;3.753468e-02;8.006516e-02;5.031821e-02;3.021068e-02;4.048001e-02;4.939389e-02;2.868980e-02;2.472280e-02;5.522075e-01;6.833377e-03
2.915634e-02;5.198767e-02;3.240033e-02;7.579030e-02;3.537529e-02;2.403187e-02;3.742972e-02;5.187869e-02;3.890596e-02;2.416310e-02;5.929149e-01;5.965819e-03
5.762384e-02;4.384311e-02;2.577812e-02;4.697770e-02;2.912507e-02;2.136982e-02;3.552160e-02;4.421560e-02;5.034335e-02;2.836877e-02;6.077848e-01;9.048211e-03
1.442922e-01;3.492026e-02;1.961000e-02;3.381941e-02;4.707803e-02;3.588081e-02;5.868222e-02;3.751646e-02;4.221220e-02;2.491357e-02;5.057790e-01;1.529587e-02
2.989824e-01;3.446215e-02;1.949221e-02;5.450232e-02;4.986054e-02;4.811314e-02;9.377439e-02;4.513866e-02;3.758157e-02;1.326914e-02;2.877703e-01;1.705327e-02
4.349194e-01;5.529288e-02;1.680671e-02;4.399015e-02;2.637671e-02;5.496147e-02;1.218383e-01;5.002572e-02;2.334477e-02;1.202666e-02;1.479919e-01;1.242540e-02
4.112557e-01;7.876800e-02;1.007759e-02;2.280403e-02;2.861134e-02;6.231966e-02;1.590438e-01;6.199064e-02;1.926336e-02;1.833032e-02;1.190603e-01;8.475266e-03
3.382376e-01;1.111706e-01;8.815233e-03;4.004866e-02;2.443424e-02;5.949596e-02;1.952203e-01;8.017278e-02;1.361970e-02;1.914419e-02;1.020199e-01;7.620750e-03
3.327537e-01;1.283452e-01;1.229907e-02;4.077442e-02;1.506741e-02;4.693667e-02;2.028900e-01;8.437458e-02;1.122022e-02;1.610513e-02;9.793486e-02;1.129875e-02
3.682722e-01;1.142722e-01;1.602342e-02;3.327218e-02;1.368313e-02;5.060359e-02;2.052252e-01;7.274166e-02;1.611740e-02;1.956794e-02;7.584629e-02;1.437477e-02
3.572005e-01;1.125360e-01;2.442541e-02;2.161431e-02;1.978316e-02;5.677017e-02;2.240084e-01;7.257416e-02;1.985919e-02;2.051654e-02;5.880164e-02;1.191057e-02
2.992700e-01;1.125763e-01;2.196437e-02;1.433073e-02;1.625746e-02;4.007003e-02;2.099329e-01;8.135457e-02;1.885428e-02;1.556996e-02;1.532289e-01;1.659048e-02
2.741233e-01;7.523839e-02;2.707397e-02;2.406339e-02;1.542656e-02;2.001828e-02;1.688284e-01;8.736154e-02;2.459523e-02;1.890390e-02;2.236089e-01;4.075817e-02
9.475405e-02;1.322078e-01;2.552124e-02;5.003927e-02;2.226521e-02;4.835187e-02;2.272209e-01;8.894061e-02;2.947888e-02;2.376234e-02;2.133901e-01;4.406775e-02
2.102637e-01;1.104959e-01;2.548006e-02;4.034119e-02;1.816804e-02;5.306871e-02;2.148561e-01;1.248452e-01;2.383162e-02;2.074471e-02;1.222130e-01;3.569183e-02
1.870823e-01;8.898307e-02;2.715755e-02;3.440353e-02;2.262125e-02;6.192281e-02;1.953587e-01;1.436999e-01;4.007712e-02;3.399894e-02;1.214681e-01;4.322672e-02
1.026771e-01;1.074435e-01;2.939971e-02;5.566796e-02;4.451093e-02;7.244448e-02;9.834193e-02;1.730960e-01;7.661041e-02;5.530855e-02;1.279526e-01;5.654676e-02
1.031605e-01;1.206613e-01;3.124820e-02;5.243539e-02;4.816963e-02;6.599586e-02;1.195205e-01;1.565506e-01;7.291761e-02;5.016246e-02;1.250346e-01;5.414341e-02
1.080479e-01;1.499899e-01;2.110806e-02;3.920096e-02;4.326805e-02;5.511397e-02;1.258503e-01;1.504904e-01;6.086145e-02;4.125826e-02;1.458095e-01;5.900117e-02
1.457988e-01;1.427849e-01;1.551999e-02;2.477854e-02;2.667639e-02;3.216851e-02;1.389396e-01;1.623951e-01;2.800524e-02;4.262194e-02;2.034386e-01;3.687236e-02
1.479010e-01;1.019655e-01;1.487908e-02;3.954998e-02;3.220757e-02;2.582772e-02;1.215820e-01;1.657832e-01;3.445255e-02;5.251687e-02;2.318524e-01;3.148205e-02
1.191356e-01;6.348628e-02;2.851518e-02;8.146591e-02;3.999391e-02;1.363122e-02;1.116664e-01;1.942353e-01;7.976875e-02;5.304517e-02;1.949849e-01;2.007133e-02
8.338368e-02;3.611145e-02;4.117651e-02;1.125501e-01;4.494267e-02;9.357788e-03;1.371983e-01;2.646360e-01;1.227598e-01;3.917669e-02;8.884048e-02;1.986653e-02
6.377331e-02;4.857660e-02;5.008107e-02;9.585600e-02;3.931363e-02;1.517178e-02;1.516832e-01;2.744196e-01;1.321487e-01;3.266974e-02;6.767900e-02;2.862742e-02
8.176378e-02;3.199427e-02;4.623631e-02;6.696624e-02;3.084090e-02;1.389628e-02;1.758187e-01;2.466335e-01;1.403722e-01;5.385559e-02;7.827396e-02;3.334834e-02
7.512677e-02;4.364105e-02;4.260999e-02;3.612033e-02;1.848039e-02;2.631364e-02;2.280727e-01;2.483602e-01;1.222658e-01;5.573405e-02;4.587485e-02;5.740019e-02
6.933488e-02;4.054061e-02;4.099976e-02;4.943951e-02;1.751495e-02;2.847672e-02;2.650497e-01;2.242614e-01;1.028243e-01;5.005979e-02;6.081649e-02;5.068183e-02
8.297151e-02;5.080120e-02;3.679647e-02;6.261655e-02;2.250238e-02;3.474173e-02;3.106328e-01;1.495865e-01;8.383884e-02;5.424321e-02;7.708339e-02;3.418536e-02
9.424512e-02;3.370631e-02;3.863264e-02;5.739230e-02;2.607789e-02;3.369103e-02;3.340127e-01;1.135229e-01;4.190554e-02;6.536884e-02;1.111903e-01;5.025441e-02
1.270692e-01;4.210269e-02;4.034763e-02;4.142545e-02;1.917594e-02;3.336411e-02;2.944702e-01;1.420683e-01;3.700598e-02;6.365909e-02;9.235098e-02;6.696050e-02
1.539322e-01;7.565842e-02;5.379796e-02;4.259507e-02;3.283488e-02;2.476569e-02;2.051806e-01;1.181249e-01;5.574618e-02;6.116213e-02;8.920080e-02;8.700120e-02
1.919004e-01;9.356621e-02;3.593946e-02;4.165416e-02;3.453556e-02;3.166356e-02;1.457089e-01;1.324368e-01;4.585126e-02;5.000642e-02;1.189847e-01;7.775266e-02
1.727672e-01;6.835774e-02;1.945614e-02;6.159908e-02;3.485709e-02;4.558900e-02;1.890089e-01;1.548922e-01;4.682849e-02;3.880832e-02;9.763288e-02;7.020298e-02
1.514738e-01;9.527392e-02;2.655278e-02;5.752204e-02;3.853318e-02;5.151790e-02;1.971263e-01;1.000836e-01;3.811014e-02;6.829897e-02;1.078293e-01;6.767809e-02
9.526453e-02;6.968002e-02;2.996759e-02;4.767030e-02;1.931815e-02;4.582594e-02;1.668000e-01;1.184691e-01;4.616089e-02;6.938825e-02;2.398707e-01;5.158455e-02
1.951643e-01;1.885956e-01;3.129693e-02;1.868410e-02;2.302971e-02;4.420504e-02;1.442285e-01;1.139587e-01;1.095362e-02;3.738077e-02;1.865806e-01;5.922098e-03
2.061665e-01;2.107392e-01;3.667649e-02;1.378636e-02;2.369594e-02;5.187356e-02;1.238026e-01;1.277619e-01;1.650599e-02;3.009139e-02;1.540570e-01;4.843041e-03
1.145591e-01;1.668073e-01;3.085010e-02;8.168221e-03;1.610201e-02;5.977552e-02;2.753543e-01;2.101752e-01;1.449667e-02;1.959608e-02;7.912537e-02;4.990173e-03
2.859675e-02;1.137318e-01;2.251641e-02;5.951051e-03;7.983240e-03;4.871669e-02;4.034060e-01;3.076837e-01;1.045062e-02;1.132210e-02;3.747326e-02;2.168320e-03
1.245663e-02;8.807935e-02;1.298592e-02;3.695186e-03;5.861731e-03;3.458816e-02;4.459966e-01;3.600973e-01;1.024413e-02;9.033067e-03;1.523703e-02;1.724881e-03
1.817946e-02;7.329282e-02;1.082215e-02;3.458184e-03;7.314803e-03;3.489937e-02;4.370138e-01;3.698885e-01;1.100484e-02;1.046166e-02;2.250550e-02;1.158919e-03
3.646827e-02;6.628800e-02;1.148691e-02;5.430683e-03;1.018045e-02;4.492932e-02;4.228434e-01;3.296878e-01;1.361641e-02;1.743144e-02;3.963988e-02;1.997408e-03
8.732343e-02;4.692046e-02;1.253171e-02;1.178858e-02;2.144296e-02;5.924087e-02;4.190292e-01;2.551876e-01;1.786572e-02;2.609622e-02;3.586051e-02;6.712742e-03
1.136932e-01;5.869600e-02;1.900011e-02;3.158977e-02;4.446876e-02;6.214365e-02;3.224178e-01;1.884257e-01;3.709404e-02;3.584713e-02;7.605923e-02;1.056462e-02
8.644325e-02;8.006722e-02;3.324434e-02;5.559212e-02;5.122166e-02;4.480041e-02;1.697627e-01;1.872443e-01;7.586208e-02;8.580357e-02;1.145733e-01;1.538508e-02
6.090325e-02;5.683475e-02;4.979087e-02;8.217336e-02;2.491435e-02;4.713631e-02;2.298590e-01;1.306924e-01;1.498033e-01;8.494084e-02;6.345619e-02;1.949529e-02
6.834903e-02;9.174703e-02;5.658304e-02;7.054532e-02;3.811949e-02;4.537496e-02;1.858747e-01;1.366540e-01;1.988503e-01;5.200516e-02;3.334195e-02;2.255504e-02
7.074083e-02;1.265488e-01;3.675381e-02;4.209145e-02;4.234993e-02;6.364934e-02;1.546756e-01;1.097550e-01;2.099782e-01;6.965347e-02;4.269541e-02;3.110819e-02
1.003507e-01;1.062276e-01;5.644541e-02;2.163552e-02;5.241420e-02;9.810156e-02;1.613770e-01;9.445592e-02;1.427270e-01;9.110983e-02;3.414247e-02;4.101283e-02
1.290728e-01;6.759907e-02;7.871256e-02;4.731127e-02;4.903871e-02;7.662888e-02;1.647415e-01;1.146943e-01;8.091828e-02;1.043900e-01;6.302132e-02;2.387127e-02
1.246530e-01;6.389762e-02;6.903221e-02;7.878893e-02;8.233213e-02;5.465721e-02;1.420903e-01;1.467040e-01;1.015572e-01;6.245085e-02;3.795001e-02;3.588650e-02
1.282330e-01;6.929002e-02;8.143717e-02;1.019198e-01;9.844330e-02;4.463196e-02;1.087446e-01;1.572635e-01;8.023615e-02;4.012449e-02;4.249712e-02;4.717880e-02
1.261128e-01;6.793259e-02;7.707062e-02;1.033338e-01;7.050386e-02;7.637580e-02;1.001003e-01;1.473995e-01;7.038160e-02;5.490448e-02;5.785225e-02;4.803235e-02
1.448836e-01;6.862534e-02;5.360593e-02;7.566360e-02;4.301816e-02;9.514558e-02;1.182755e-01;1.059088e-01;9.881786e-02;5.090259e-02;8.199731e-02;6.315568e-02
1.222982e-01;1.377532e-01;4.722683e-02;8.248037e-02;3.930062e-02;7.263974e-02;1.125022e-01;7.310829e-02;9.316974e-02;5.156085e-02;9.144504e-02;7.651482e-02
1.390649e-01;1.655558e-01;2.822324e-02;4.861416e-02;2.435603e-02;3.947103e-02;1.442321e-01;1.754554e-01;4.425516e-02;4.763239e-02;9.204585e-02;5.109390e-02
1.007102e-01;1.162874e-01;2.440617e-02;9.711270e-03;1.217664e-02;4.977329e-02;2.320424e-01;2.511061e-01;2.462372e-02;4.289241e-02;1.028827e-01;3.338771e-02
5.275261e-02;1.109989e-01;2.490108e-02;1.018220e-02;1.640482e-02;4.701863e-02;2.424559e-01;3.162271e-01;3.077004e-02;4.014471e-02;8.142316e-02;2.672084e-02
3.122552e-02;1.130748e-01;1.707725e-02;9.407115e-03;1.679621e-02;4.024541e-02;2.999344e-01;3.090382e-01;3.036044e-02;2.718687e-02;8.944408e-02;1.620968e-02
3.281199e-02;1.093081e-01;1.041252e-02;1.326242e-02;1.217544e-02;3.569680e-02;3.860863e-01;2.336034e-01;2.811299e-02;2.009023e-02;1.043286e-01;1.411120e-02
6.928033e-02;9.722556e-02;1.028909e-02;2.139572e-02;8.443954e-03;5.552672e-02;4.043234e-01;1.573996e-01;2.769615e-02;3.209123e-02;9.703207e-02;1.929625e-02
1.332566e-01;7.975186e-02;1.259603e-02;3.672343e-02;1.913498e-02;1.020805e-01;3.086708e-01;1.229490e-01;2.574428e-02;7.840773e-02;5.862080e-02;2.206397e-02
2.082876e-01;5.760314e-02;9.019599e-03;3.828507e-02;3.713730e-02;1.420277e-01;2.181534e-01;1.005534e-01;3.463919e-02;1.112249e-01;2.393224e-02;1.913646e-02
2.420137e-01;3.634657e-02;8.944213e-03;2.226623e-02;4.453030e-02;1.441263e-01;2.218973e-01;1.060271e-01;6.430697e-02;8.837468e-02;8.461332e-03;1.270531e-02
2.708122e-01;3.516669e-02;6.009735e-03;2.319362e-02;4.691024e-02;1.339372e-01;2.175345e-01;1.094906e-01;7.422741e-02;5.545636e-02;1.726834e-02;9.993004e-03
3.368025e-01;4.921674e-02;1.002312e-02;2.045941e-02;4.667712e-02;1.296537e-01;2.154796e-01;6.998686e-02;5.573805e-02;3.411002e-02;2.182043e-02;1.003251e-02
4.209782e-01;2.566277e-02;1.183227e-02;1.920149e-02;5.210974e-02;1.223802e-01;1.957112e-01;5.200265e-02;4.055295e-02;2.678812e-02;2.519884e-02;7.581528e-03
4.456191e-01;4.960017e-02;7.049129e-03;1.670147e-02;5.688644e-02;9.534412e-02;1.816986e-01;4.928187e-02;2.849661e-02;3.142405e-02;2.756945e-02;1.032903e-02
4.666941e-01;3.970809e-02;5.109582e-03;1.533472e-02;6.182787e-02;7.836983e-02;1.789680e-01;4.060680e-02;2.546838e-02;3.140134e-02;4.667741e-02;9.833808e-03
4.346657e-01;5.621963e-02;4.721969e-03;3.265187e-02;5.223185e-02;6.355991e-02;2.054024e-01;5.078752e-02;1.655367e-02;2.274469e-02;5.198701e-02;8.473724e-03
3.688424e-01;1.118670e-01;5.765936e-03;3.619686e-02;2.729796e-02;5.668605e-02;2.498516e-01;7.542545e-02;6.411615e-03;1.190910e-02;4.362703e-02;6.119025e-03
2.758343e-01;1.532308e-01;3.618295e-03;1.696970e-02;1.223009e-02;5.813810e-02;3.134348e-01;1.135566e-01;6.660531e-03;8.507142e-03;3.359743e-02;4.222214e-03
1.727255e-01;1.636613e-01;4.166067e-03;5.720304e-03;1.205391e-02;5.292432e-02;3.663141e-01;1.721018e-01;1.094811e-02;1.129244e-02;2.385277e-02;4.239338e-03
6.753464e-02;1.488322e-01;6.267708e-03;4.496352e-03;2.450200e-02;4.740207e-02;4.009748e-01;2.598275e-01;1.068410e-02;1.101858e-02;1.486008e-02;3.599995e-03
9.791724e-03;1.113273e-01;1.109748e-02;5.943053e-03;2.714816e-02;3.300086e-02;4.039642e-01;3.687634e-01;8.730494e-03;8.296896e-03;9.253807e-03;2.682641e-03
8.407967e-03;7.648647e-02;1.848860e-02;6.430402e-03;1.375521e-02;2.188406e-02;3.562187e-01;4.535199e-01;1.604117e-02;1.738629e-02;3.853497e-03;7.527723e-03
1.514185e-02;4.372364e-02;2.259488e-02;1.142918e-02;5.475166e-03;1.967995e-02;3.299944e-01;4.811657e-01;2.380394e-02;2.420866e-02;1.251505e-02;1.026755e-02
3.626345e-02;5.041062e-02;2.158233e-02;1.684809e-02;8.530071e-03;3.451311e-02;3.464657e-01;4.149040e-01;2.522972e-02;2.164394e-02;1.385086e-02;9.758100e-03
6.560857e-02;6.087638e-02;2.053378e-02;1.835356e-02;1.614291e-02;4.283996e-02;3.375030e-01;3.199257e-01;2.846774e-02;2.091424e-02;6.260654e-02;6.227634e-03
1.136203e-01;7.657828e-02;3.203028e-02;3.611268e-02;2.909820e-02;4.803260e-02;2.434338e-01;2.034952e-01;6.695375e-02;5.303485e-02;9.079941e-02;6.810664e-03
1.621857e-01;9.418426e-02;4.367645e-02;5.006656e-02;3.565501e-02;4.670805e-02;1.295861e-01;1.586491e-01;9.294529e-02;8.214358e-02;9.249928e-02;1.170063e-02
1.886141e-01;1.078249e-01;4.353819e-02;3.183430e-02;2.248414e-02;4.312344e-02;1.888324e-01;1.454815e-01;6.760304e-02;6.940682e-02;7.587700e-02;1.538018e-02
1.751925e-01;1.128710e-01;4.044324e-02;2.630258e-02;1.222257e-02;4.509920e-02;3.034143e-01;1.702674e-01;2.747126e-02;4.050836e-02;2.645023e-02;1.975729e-02
1.454959e-01;6.806208e-02;3.074417e-02;2.803369e-02;1.486984e-02;3.738986e-02;2.837781e-01;2.357512e-01;2.167323e-02;3.288336e-02;8.301590e-02;1.830269e-02
1.173349e-01;6.883095e-02;3.306447e-02;2.842779e-02;2.458782e-02;3.740129e-02;2.375342e-01;2.365622e-01;2.433582e-02;2.676752e-02;1.429077e-01;2.224538e-02
9.009948e-02;6.221592e-02;3.828258e-02;3.974837e-02;2.702666e-02;5.350181e-02;1.916004e-01;2.181328e-01;3.909112e-02;3.774037e-02;1.747492e-01;2.781115e-02
1.115414e-01;1.150895e-01;3.409086e-02;6.048879e-02;3.353123e-02;9.503587e-02;1.682299e-01;1.246290e-01;5.402721e-02;8.410105e-02;6.975599e-02;4.947929e-02
1.252756e-01;9.624382e-02;3.682549e-02;3.985392e-02;3.804331e-02;7.593206e-02;1.491562e-01;1.396949e-01;5.171744e-02;6.835440e-02;1.339351e-01;4.496771e-02
1.223820e-01;1.250198e-01;3.651556e-02;2.838042e-02;3.875866e-02;6.925408e-02;1.623415e-01;1.015676e-01;4.481055e-02;6.130210e-02;1.613986e-01;4.826923e-02
1.103340e-01;1.286582e-01;2.458516e-02;3.316995e-02;4.064185e-02;3.526765e-02;2.037117e-01;2.136918e-01;3.141936e-02;3.513782e-02;1.114658e-01;3.191675e-02
6.605749e-02;1.186543e-01;2.406704e-02;3.261705e-02;4.442468e-02;2.854484e-02;2.589020e-01;3.039737e-01;2.163646e-02;2.084144e-02;6.202114e-02;1.825993e-02
2.372292e-02;1.113328e-01;2.039536e-02;2.078649e-02;4.566867e-02;4.473193e-02;3.407868e-01;2.898198e-01;2.199647e-02;1.705413e-02;5.221606e-02;1.148862e-02
3.800719e-02;9.934943e-02;1.527954e-02;1.962533e-02;3.326379e-02;6.263722e-02;4.154257e-01;1.982521e-01;3.244352e-02;2.123954e-02;5.126624e-02;1.321031e-02
6.879995e-02;9.016570e-02;1.158985e-02;3.664338e-02;1.475253e-02;1.017522e-01;4.134373e-01;1.153545e-01;3.536043e-02;4.330748e-02;4.848303e-02;2.035366e-02
1.420651e-01;7.676995e-02;1.020124e-02;4.917553e-02;2.390491e-02;1.381842e-01;3.080195e-01;8.016322e-02;2.189244e-02;7.695548e-02;5.039177e-02;2.227668e-02
1.864101e-01;7.054046e-02;6.467869e-03;4.533023e-02;4.720862e-02;1.346785e-01;2.168640e-01;9.965307e-02;1.729378e-02;8.441286e-02;7.430046e-02;1.684010e-02
1.894902e-01;9.790416e-02;1.565467e-02;3.130886e-02;5.488623e-02;1.123283e-01;1.914614e-01;9.504860e-02;2.100346e-02;6.817565e-02;1.059297e-01;1.680881e-02
1.267695e-01;8.842054e-02;2.589781e-02;2.438728e-02;4.852477e-02;7.619019e-02;2.162729e-01;1.649682e-01;3.476787e-02;4.273654e-02;1.221234e-01;2.894093e-02
1.397091e-01;1.704343e-01;2.404155e-02;2.601656e-02;3.113795e-02;7.300457e-02;2.232817e-01;1.708582e-01;3.263314e-02;1.886674e-02;6.675179e-02;2.326430e-02
2.076542e-01;1.985882e-01;2.309047e-02;3.467258e-02;1.655821e-02;6.239866e-02;2.444124e-01;1.206578e-01;2.346402e-02;1.421143e-02;4.291683e-02;1.137516e-02
2.886030e-01;1.567397e-01;1.864511e-02;4.800825e-02;1.719012e-02;6.392237e-02;2.439663e-01;7.468273e-02;1.376976e-02;2.802263e-02;3.119989e-02;1.525015e-02
3.227695e-01;9.366579e-02;1.172918e-02;4.891116e-02;1.810649e-02;8.001055e-02;2.659677e-01;5.769797e-02;9.564918e-03;4.214175e-02;3.035897e-02;1.907613e-02
2.597830e-01;9.347688e-02;1.116183e-02;3.962749e-02;1.991501e-02;9.237331e-02;3.297057e-01;5.722222e-02;1.687952e-02;3.537309e-02;2.146055e-02;2.302143e-02
1.731635e-01;6.934319e-02;8.231444e-03;3.064984e-02;1.841573e-02;9.910807e-02;4.168686e-01;8.939163e-02;1.212671e-02;2.970425e-02;3.174616e-02;2.125092e-02
8.947805e-02;4.098691e-02;1.032199e-02;2.909170e-02;1.927385e-02;9.991011e-02;4.796664e-01;1.471319e-01;8.777343e-03;2.106557e-02;3.535100e-02;1.894521e-02
3.951192e-02;1.013335e-01;1.594960e-02;2.891905e-02;1.404767e-02;8.521176e-02;4.441773e-01;2.037439e-01;1.360489e-02;1.468774e-02;2.112564e-02;1.768703e-02
9.536973e-02;1.946692e-01;2.312545e-02;2.939886e-02;6.022741e-03;6.085763e-02;3.628801e-01;1.661869e-01;1.045112e-02;1.637142e-02;2.239862e-02;1.226818e-02
1.106664e-01;2.743042e-01;2.872995e-02;1.924585e-02;9.088349e-03;4.744487e-02;3.176027e-01;1.180194e-01;7.469336e-03;1.267852e-02;4.036496e-02;1.438542e-02
9.385759e-02;2.987706e-01;3.614381e-02;1.183314e-02;1.910582e-02;4.421622e-02;3.192300e-01;9.698078e-02;8.641516e-03;1.058738e-02;4.552327e-02;1.510976e-02
8.915223e-02;2.556701e-01;3.300194e-02;3.338490e-02;4.988524e-02;5.076302e-02;3.265539e-01;9.431202e-02;1.383509e-02;7.726020e-03;3.588677e-02;9.828764e-03
1.173605e-01;1.922059e-01;2.095963e-02;4.416648e-02;7.418247e-02;5.550385e-02;3.301557e-01;9.676994e-02;1.761600e-02;1.152720e-02;3.201733e-02;7.534986e-03
1.576160e-01;1.328240e-01;1.231915e-02;3.469670e-02;5.520714e-02;6.867561e-02;3.349109e-01;1.117181e-01;2.208366e-02;1.702931e-02;4.491956e-02;7.999785e-03
1.730378e-01;6.296504e-02;1.608757e-02;5.053247e-02;2.351469e-02;8.689745e-02;3.036489e-01;1.139191e-01;3.136544e-02;3.082314e-02;9.623050e-02;1.097799e-02
1.536994e-01;5.697314e-02;2.772674e-02;5.814870e-02;3.578146e-02;9.116253e-02;2.899651e-01;6.801501e-02;3.090294e-02;3.603056e-02;1.365043e-01;1.509014e-02
1.190799e-01;6.886912e-02;2.539487e-02;3.267111e-02;5.361927e-02;8.781783e-02;3.374157e-01;1.118499e-01;1.770631e-02;3.027855e-02;1.021480e-01;1.314937e-02
9.366946e-02;9.938367e-02;2.124516e-02;3.609930e-02;5.596057e-02;6.163519e-02;2.911228e-01;1.665287e-01;4.914008e-02;2.683283e-02;7.756916e-02;2.081301e-02
5.584582e-02;6.344468e-02;4.241651e-02;3.382614e-02;6.022277e-02;7.831199e-02;1.844289e-01;1.564531e-01;1.343360e-01;5.710817e-02;9.695704e-02;3.664884e-02
5.656118e-02;5.980516e-02;5.462272e-02;5.213160e-02;4.960915e-02;6.090461e-02;1.348336e-01;1.388912e-01;1.812772e-01;8.529122e-02;8.664596e-02;3.942640e-02
8.031169e-02;6.808609e-02;4.864737e-02;5.399650e-02;4.949926e-02;4.900074e-02;1.011653e-01;1.258152e-01;1.980587e-01;8.704863e-02;1.139291e-01;2.444137e-02
1.082912e-01;8.560004e-02;3.038285e-02;5.479946e-02;5.085786e-02;2.760547e-02;9.299865e-02;1.368772e-01;1.930541e-01;6.055540e-02;1.117891e-01;4.718861e-02
1.306637e-01;1.163049e-01;1.918412e-02;3.769070e-02;4.527155e-02;3.390650e-02;1.416837e-01;1.388700e-01;1.191560e-01;1.014494e-01;5.647438e-02;5.934497e-02
1.284937e-01;1.414590e-01;3.371033e-02;3.920160e-02;2.138060e-02;3.956756e-02;2.096194e-01;1.815422e-01;4.223174e-02;7.146004e-02;6.058342e-02;3.075046e-02
6.248442e-02;1.530016e-01;3.761350e-02;2.605051e-02;2.732398e-02;4.374541e-02;2.450038e-01;2.363003e-01;2.964585e-02;5.015280e-02;6.416147e-02;2.451634e-02
4.254994e-02;1.631764e-01;2.718655e-02;1.468706e-02;3.186435e-02;5.606587e-02;3.034092e-01;2.217717e-01;2.782084e-02;3.793179e-02;5.987638e-02;1.365997e-02
6.927160e-02;1.764266e-01;1.323816e-02;1.124997e-02;2.698602e-02;6.841099e-02;3.622840e-01;1.558907e-01;3.385627e-02;1.752349e-02;5.737551e-02;7.486721e-03
1.247329e-01;1.808639e-01;5.079198e-03;1.041954e-02;1.552719e-02;7.403831e-02;3.647832e-01;1.259443e-01;2.880032e-02;8.382479e-03;5.505292e-02;6.375740e-03
1.995490e-01;1.740994e-01;9.012332e-03;1.659343e-02;1.449527e-02;7.601960e-02;2.925731e-01;1.084942e-01;1.727798e-02;1.448201e-02;6.960501e-02;7.798610e-03
2.272433e-01;1.325312e-01;1.648099e-02;2.809408e-02;2.738875e-02;9.312803e-02;2.473909e-01;9.319425e-02;1.905684e-02;1.814945e-02;8.899437e-02;8.347792e-03
1.168014e-01;4.554435e-02;1.064586e-02;1.578646e-02;3.161222e-02;8.318096e-02;3.751313e-01;2.161184e-01;2.245100e-02;1.044757e-02;6.910697e-02;3.173554e-03
5.988561e-02;7.248445e-02;6.501148e-03;5.736385e-03;3.175230e-02;6.269179e-02;4.227260e-01;2.717216e-01;1.292514e-02;4.629555e-03;4.407634e-02;4.869584e-03
3.375545e-02;6.700265e-02;7.072865e-03;8.358385e-03;3.700420e-02;5.096630e-02;4.261193e-01;3.052476e-01;1.494618e-02;7.750566e-03;3.487630e-02;6.900192e-03
3.056116e-02;7.416113e-02;7.467625e-03;1.219427e-02;4.043346e-02;3.986365e-02;4.189791e-01;3.149538e-01;1.230272e-02;1.031911e-02;3.466302e-02;4.100878e-03
3.212429e-02;8.174770e-02;1.063235e-02;1.850587e-02;3.294704e-02;2.944480e-02;3.959709e-01;3.355498e-01;9.135040e-03;8.442503e-03;3.989894e-02;5.600668e-03
1.640186e-02;7.002106e-02;1.196457e-02;2.782329e-02;2.069967e-02;2.602598e-02;3.903881e-01;3.782648e-01;1.315895e-02;9.947655e-03;2.539792e-02;9.906208e-03
1.753094e-02;5.309878e-02;1.456045e-02;2.767663e-02;7.969902e-03;2.869560e-02;3.950473e-01;4.000039e-01;1.413061e-02;1.484472e-02;1.369838e-02;1.274277e-02
1.825011e-02;4.592711e-02;1.366680e-02;2.134011e-02;7.451306e-03;2.633953e-02;4.053017e-01;4.176901e-01;1.031863e-02;1.408766e-02;6.002749e-03;1.362412e-02
1.410552e-02;3.993546e-02;1.280810e-02;1.994544e-02;8.934001e-03;2.510961e-02;4.120005e-01;4.275923e-01;7.516713e-03;1.292324e-02;5.047532e-03;1.408148e-02
1.308528e-02;4.516111e-02;1.314676e-02;2.213379e-02;9.934252e-03;2.141997e-02;4.143172e-01;4.150743e-01;8.504929e-03;1.269684e-02;1.354054e-02;1.098511e-02
