1.786934e-01;1.652617e-01;2.278381e-02;1.038912e-02;1.112903e-02;3.770245e-02;1.472309e-01;1.422259e-01;6.629365e-03;1.804894e-02;2.364971e-01;2.340839e-02
1.691257e-01;1.827011e-01;1.639483e-02;7.919509e-03;9.108328e-03;3.295751e-02;1.491048e-01;4.599828e-02;9.337973e-03;1.510392e-02;3.455065e-01;1.674162e-02
1.982653e-01;1.696945e-01;1.696258e-02;6.720652e-03;6.311588e-03;7.586778e-03;1.262526e-01;1.332088e-01;1.470016e-02;1.241078e-02;2.792152e-01;2.867108e-02
9.300569e-02;1.536667e-01;1.370115e-02;4.665963e-03;5.929254e-03;3.155166e-02;1.826531e-01;1.446916e-01;2.497650e-02;3.094577e-02;2.796477e-01;3.456489e-02
2.301144e-01;1.218669e-01;7.908660e-03;6.013396e-03;8.423715e-03;5.364780e-02;2.269143e-01;6.862894e-02;3.203025e-02;3.435738e-02;1.893451e-01;2.074912e-02
2.636986e-01;1.201665e-01;4.727447e-03;3.552055e-03;9.548604e-03;7.091580e-02;2.756593e-01;9.241717e-02;3.034818e-02;2.983439e-02;8.915281e-02;9.979115e-03
2.469654e-01;1.207053e-01;5.942374e-03;5.937053e-03;1.262016e-02;8.701102e-02;3.260533e-01;1.299043e-01;2.221825e-02;1.732683e-02;2.191113e-02;3.404900e-03
2.319765e-01;1.231203e-01;1.193311e-02;1.081221e-02;1.959017e-02;9.741903e-02;3.526563e-01;9.141697e-02;1.328816e-02;7.813867e-03;3.482880e-02;5.144542e-03
1.619683e-01;1.107241e-01;1.696477e-02;9.664810e-03;2.151141e-02;7.687050e-02;3.960611e-01;1.426359e-01;5.827231e-03;8.611311e-03;4.517697e-02;3.983524e-03
9.478160e-02;6.137695e-02;1.206260e-02;3.514133e-03;1.332983e-02;3.363599e-02;4.216454e-01;2.975901e-01;1.000213e-02;9.982938e-03;3.849442e-02;3.583924e-03
5.237992e-02;6.735121e-02;1.145587e-02;4.679929e-03;6.934725e-03;1.792230e-02;4.315033e-01;3.434386e-01;2.199896e-02;1.787900e-02;2.131755e-02;3.138600e-03
3.938070e-02;6.103451e-02;7.941662e-03;3.559072e-03;6.036496e-03;2.771586e-02;4.728129e-01;2.998363e-01;2.539486e-02;2.040368e-02;2.859309e-02;7.290820e-03
5.955662e-02;8.845310e-02;8.370920e-03;5.573604e-03;7.274541e-03;3.145861e-02;4.776511e-01;2.486048e-01;1.872736e-02;1.197621e-02;3.153644e-02;1.081667e-02
1.028368e-01;9.976041e-02;1.064016e-02;1.462036e-02;1.374572e-02;5.427444e-02;4.474618e-01;1.934580e-01;1.161843e-02;1.259770e-02;3.332011e-02;5.665938e-03
1.235696e-01;6.100681e-02;2.598172e-02;4.387800e-02;5.949712e-02;1.101294e-01;3.179441e-01;1.411871e-01;1.850741e-02;3.545452e-02;4.711982e-02;1.572447e-02
9.046546e-02;6.842201e-02;3.696388e-02;3.967027e-02;7.015957e-02;9.722178e-02;2.761922e-01;1.911469e-01;2.116793e-02;3.785833e-02;5.523676e-02;1.549492e-02
9.762818e-02;1.221870e-01;4.426968e-02;1.907137e-02;3.998321e-02;4.941130e-02;2.354136e-01;2.572788e-01;2.570377e-02;2.359739e-02;7.108799e-02;1.436775e-02
6.459431e-02;1.279382e-01;6.158070e-02;3.089861e-02;2.818575e-02;3.162125e-02;2.179950e-01;3.243396e-01;4.498859e-02;1.798159e-02;2.921064e-02;2.066563e-02
4.174310e-02;4.428294e-02;7.393683e-02;4.679638e-02;3.121694e-02;3.206935e-02;1.744283e-01;3.695326e-01;7.364100e-02;3.024102e-02;4.882117e-02;3.329045e-02
2.287176e-02;3.718340e-02;7.084769e-02;3.455228e-02;2.196073e-02;3.449566e-02;1.703385e-01;4.000601e-01;8.464979e-02;4.362353e-02;3.464963e-02;4.476693e-02
2.191097e-02;4.180858e-02;6.047244e-02;1.933023e-02;8.671160e-03;3.760779e-02;1.530419e-01;4.125235e-01;1.168289e-01;4.753831e-02;2.229457e-02;5.797159e-02
3.595944e-02;2.247551e-02;4.050395e-02;3.131922e-02;5.859764e-03;5.613160e-02;1.270659e-01;3.809990e-01;1.644954e-01;5.419120e-02;1.041121e-02;7.058787e-02
4.621367e-02;1.659835e-02;2.967707e-02;2.378116e-02;1.299590e-02;7.210615e-02;9.439239e-02;3.515767e-01;1.472936e-01;4.791440e-02;3.203087e-02;1.254198e-01
5.945641e-02;1.871761e-02;3.080196e-02;2.219892e-02;2.645164e-02;7.052134e-02;8.271281e-02;3.429725e-01;1.015942e-01;3.463930e-02;2.842087e-02;1.815125e-01
1.016144e-01;2.095891e-02;1.950579e-02;4.145300e-02;3.782608e-02;5.875012e-02;6.787933e-02;2.982088e-01;1.280881e-01;1.401661e-02;2.899535e-02;1.827036e-01
1.493046e-01;1.639703e-02;1.836581e-02;6.881085e-02;3.256265e-02;3.706468e-02;6.104063e-02;2.303706e-01;1.946840e-01;1.899095e-02;4.370360e-02;1.287046e-01
1.962858e-01;9.297118e-03;1.015292e-02;1.181859e-01;1.848653e-02;1.335428e-02;6.467939e-02;1.592929e-01;2.698025e-01;2.125719e-02;4.517020e-02;7.403532e-02
2.116696e-01;5.552199e-03;1.139727e-02;1.463018e-01;1.112643e-02;6.163881e-03;8.139535e-02;9.603588e-02;3.303912e-01;4.470745e-02;3.624777e-02;1.901120e-02
1.826404e-01;6.835243e-03;1.513163e-02;1.115220e-01;1.818702e-02;1.097356e-02;1.043832e-01;6.636498e-02;3.500881e-01;8.200197e-02;3.568235e-02;1.618951e-02
1.128797e-01;1.199630e-02;1.553223e-02;6.181025e-02;3.043045e-02;1.600282e-02;1.123524e-01;9.873252e-02;3.487549e-01;1.371609e-01;3.916663e-02;1.518095e-02
5.797438e-02;2.288909e-02;2.085177e-02;4.744317e-02;3.286197e-02;2.453754e-02;1.031211e-01;1.386752e-01;3.274705e-01;1.534823e-01;4.764712e-02;2.304597e-02
9.393162e-02;7.867581e-02;3.170102e-02;2.803993e-02;3.807470e-02;2.204126e-02;1.137406e-01;1.170507e-01;2.493054e-01;1.371833e-01;7.042158e-02;1.983409e-02
1.564694e-01;1.463432e-01;3.372705e-02;2.884212e-02;3.118658e-02;1.788661e-02;1.443617e-01;1.314462e-01;1.214551e-01;8.206756e-02;9.370019e-02;1.251429e-02
1.745015e-01;1.494371e-01;2.750972e-02;2.939484e-02;2.051649e-02;2.527050e-02;1.671343e-01;1.200519e-01;1.447217e-01;7.259013e-02;5.540650e-02;1.346525e-02
1.486753e-01;6.884086e-02;1.485126e-02;5.132002e-02;2.404670e-02;2.720640e-02;1.292834e-01;1.114270e-01;2.344744e-01;1.334095e-01;3.920132e-02;1.726389e-02
1.240259e-01;5.610937e-02;1.687910e-02;7.737469e-02;3.151587e-02;2.132883e-02;1.065855e-01;1.581426e-01;1.804915e-01;1.385047e-01;5.728856e-02;3.175337e-02
1.222080e-01;6.285850e-02;3.120658e-02;8.099635e-02;3.151696e-02;8.451125e-03;1.240698e-01;1.213510e-01;1.786606e-01;1.202975e-01;7.176927e-02;4.661425e-02
1.194464e-01;3.382171e-02;4.958795e-02;4.217292e-02;4.814490e-02;3.169088e-02;1.800620e-01;1.763458e-01;1.544437e-01;7.996073e-02;4.530646e-02;3.901658e-02
8.913398e-02;4.457204e-02;5.265524e-02;3.944881e-02;5.630521e-02;6.244927e-02;1.737182e-01;1.968639e-01;1.153449e-01;7.717006e-02;4.560620e-02;4.673224e-02
8.126914e-02;4.474674e-02;5.628783e-02;6.420738e-02;5.885380e-02;6.318375e-02;1.233276e-01;1.394312e-01;1.649253e-01;8.133286e-02;6.702109e-02;5.541328e-02
7.679118e-02;7.027932e-02;5.388941e-02;6.104564e-02;4.430371e-02;4.483618e-02;1.047416e-01;1.506697e-01;1.280765e-01;9.330625e-02;1.117091e-01;6.035141e-02
8.306852e-02;7.898057e-02;3.009543e-02;3.343326e-02;5.337377e-02;4.513258e-02;1.348507e-01;2.024901e-01;1.330334e-01;8.544571e-02;6.879803e-02;5.129783e-02
1.033846e-01;5.532952e-02;5.885418e-02;4.096792e-02;7.547317e-02;4.470360e-02;1.456877e-01;1.316362e-01;1.316013e-01;7.363040e-02;1.075491e-01;3.118229e-02
8.786945e-02;8.708335e-02;5.916635e-02;1.014931e-01;8.428347e-02;5.367415e-02;1.606044e-01;1.070267e-01;7.587797e-02;4.418415e-02;1.068749e-01;3.186217e-02
8.591666e-02;1.212802e-01;4.349810e-02;1.184773e-01;7.116590e-02;5.485642e-02;1.130675e-01;1.851100e-01;5.685510e-02;4.815058e-02;6.936368e-02;3.225857e-02
7.654996e-02;1.711931e-01;6.922790e-02;1.293319e-01;7.154728e-02;5.856238e-02;7.327525e-02;1.338625e-01;6.250015e-02;7.118908e-02;4.868003e-02;3.408051e-02
7.936727e-02;1.482867e-01;9.698171e-02;1.206008e-01;7.063907e-02;5.143679e-02;8.578906e-02;1.163410e-01;7.199399e-02;6.791956e-02;4.683700e-02;4.380708e-02
9.141912e-02;1.164652e-01;9.987916e-02;8.277191e-02;5.463642e-02;5.656248e-02;9.902430e-02;1.266530e-01;1.127604e-01;6.185648e-02;3.763454e-02;6.033687e-02
1.366130e-01;8.318873e-02;7.433517e-02;3.517910e-02;5.936652e-02;7.374004e-02;1.125059e-01;9.939274e-02;1.152743e-01;7.877468e-02;5.753802e-02;7.409186e-02
1.739146e-01;6.254308e-02;7.120881e-02;6.111563e-02;6.337015e-02;5.421638e-02;9.591869e-02;9.650497e-02;7.843541e-02;9.961449e-02;8.725072e-02;5.590705e-02
1.577690e-01;6.136176e-02;6.093863e-02;7.131189e-02;6.260546e-02;4.381839e-02;1.265776e-01;1.727286e-01;8.200964e-02;7.639381e-02;5.316640e-02;3.131883e-02
1.196248e-01;8.878776e-02;3.596415e-02;3.619720e-02;5.427035e-02;4.088783e-02;1.240005e-01;2.179076e-01;8.180531e-02;7.421494e-02;1.014895e-01;2.484996e-02
6.289790e-02;7.181366e-02;6.022591e-02;7.507844e-02;4.515752e-02;5.776766e-02;1.668181e-01;1.719192e-01;7.987171e-02;8.983749e-02;7.799726e-02;4.061509e-02
8.986004e-02;8.879302e-02;5.223569e-02;4.120772e-02;6.097278e-02;6.444302e-02;1.031207e-01;1.603151e-01;6.989613e-02;9.711935e-02;1.233126e-01;4.872373e-02
8.580840e-02;1.111679e-01;4.752252e-02;5.466815e-02;5.773428e-02;4.110305e-02;5.045207e-02;1.531138e-01;8.475848e-02;8.682286e-02;1.689017e-01;5.794683e-02
1.058420e-01;1.135423e-01;4.096939e-02;4.823766e-02;4.588617e-02;3.784234e-02;8.003782e-02;1.422617e-01;7.309929e-02;7.443964e-02;1.775001e-01;6.034157e-02
1.446593e-01;1.120682e-01;3.883400e-02;2.361424e-02;3.981443e-02;4.189477e-02;1.567716e-01;1.874652e-01;4.979502e-02;5.557920e-02;1.102583e-01;3.924570e-02
1.021062e-01;1.303111e-01;2.021853e-02;9.930534e-03;2.493427e-02;4.438548e-02;2.724189e-01;2.519792e-01;3.518220e-02;3.070069e-02;6.882726e-02;9.005710e-03
5.899529e-02;1.109436e-01;1.217700e-02;1.166567e-02;1.764064e-02;4.002442e-02;3.461562e-01;2.580243e-01;3.324265e-02;2.273982e-02;7.997477e-02;8.415652e-03
6.168361e-02;7.965682e-02;1.094931e-02;2.582777e-02;1.382744e-02;5.086581e-02;3.551736e-01;2.099268e-01;3.055327e-02;5.601595e-02;8.899409e-02;1.652552e-02
1.017577e-01;4.870326e-02;6.356191e-03;4.764459e-02;1.000246e-02;9.722048e-02;2.676153e-01;1.448934e-01;3.008727e-02;1.337361e-01;9.345338e-02;1.852982e-02
1.291923e-01;3.038356e-02;1.559712e-02;5.774943e-02;1.960293e-02;1.229100e-01;1.256600e-01;1.548776e-01;4.813553e-02;1.820426e-01;9.324667e-02;2.060232e-02
1.517795e-01;2.692738e-02;1.530713e-02;4.535978e-02;2.706381e-02;1.219316e-01;1.381441e-01;1.571993e-01;6.204978e-02;1.529303e-01;8.479609e-02;1.651135e-02
1.886152e-01;2.976854e-02;2.329138e-02;5.844262e-02;3.538629e-02;1.245598e-01;1.557634e-01;1.599445e-01;6.816884e-02;1.000967e-01;4.444077e-02;1.152196e-02
1.649387e-01;4.416150e-02;5.968384e-02;3.876342e-02;4.689007e-02;1.085719e-01;1.665497e-01;1.379635e-01;8.955736e-02;7.556178e-02;4.504592e-02;2.231231e-02
1.303086e-01;4.499232e-02;7.815420e-02;1.582374e-02;5.534668e-02;1.036008e-01;1.932911e-01;8.994548e-02;1.037854e-01;7.926915e-02;7.008682e-02;3.539573e-02
1.362489e-01;3.650144e-02;5.127250e-02;3.974071e-02;6.194627e-02;1.205868e-01;2.073179e-01;6.735548e-02;9.442842e-02;6.832811e-02;6.957601e-02;4.669748e-02
1.314405e-01;2.916880e-02;4.100898e-02;7.942653e-02;3.547966e-02;1.502627e-01;2.016643e-01;9.183110e-02;7.890557e-02;3.631445e-02;3.668906e-02;8.780845e-02
1.101588e-01;2.695349e-02;6.565545e-02;6.224950e-02;6.026075e-02;9.148677e-02;1.979956e-01;1.152525e-01;5.420953e-02;3.979009e-02;9.244175e-02;8.354592e-02
1.273506e-01;2.677196e-02;9.367645e-02;4.987061e-02;7.340305e-02;3.055119e-02;1.606604e-01;1.443811e-01;3.868680e-02;3.261190e-02;1.717564e-01;5.027954e-02
1.042104e-01;3.870530e-02;9.491237e-02;6.283791e-02;5.411620e-02;3.319578e-02;2.054529e-01;1.467422e-01;3.279630e-02;3.920355e-02;1.712725e-01;1.655455e-02
8.547913e-02;7.285231e-02;1.105517e-01;6.291588e-02;3.935542e-02;5.094180e-02;2.059142e-01;1.241409e-01;3.924387e-02;9.133917e-02;8.813633e-02;2.912934e-02
6.493493e-02;7.355484e-02;8.295089e-02;5.533396e-02;3.984699e-02;3.430565e-02;1.805078e-01;1.211955e-01;7.781013e-02;1.246697e-01;1.129764e-01;3.191325e-02
9.236489e-02;5.735651e-02;5.557718e-02;3.489966e-02;4.406844e-02;4.480944e-02;2.715190e-01;1.049165e-01;7.295955e-02;9.536872e-02;8.935074e-02;3.680937e-02
9.556818e-02;8.542015e-02;4.469362e-02;1.515026e-02;3.995005e-02;4.815295e-02;3.339081e-01;1.250103e-01;4.364020e-02;4.359868e-02;8.653542e-02;3.837211e-02
7.907433e-02;8.092741e-02;5.399443e-02;2.956701e-02;2.199367e-02;4.547348e-02;3.298132e-01;2.027985e-01;4.072940e-02;2.710732e-02;5.186754e-02;3.665373e-02
6.556922e-02;7.695261e-02;4.723791e-02;2.169017e-02;9.686394e-03;2.515479e-02;3.042641e-01;2.906089e-01;4.457481e-02;2.473019e-02;5.285607e-02;3.667476e-02
7.896437e-02;5.194739e-02;3.000667e-02;2.572906e-02;1.332025e-02;1.032106e-02;2.346801e-01;3.541730e-01;4.861132e-02;2.516488e-02;8.504678e-02;4.203508e-02
8.207829e-02;4.111137e-02;4.088318e-02;4.754321e-02;1.416489e-02;4.269585e-03;1.786020e-01;3.886277e-01;5.843387e-02;2.926153e-02;6.738062e-02;4.764374e-02
8.724643e-02;8.844803e-02;6.451526e-02;6.879192e-02;1.098252e-02;9.249736e-03;1.665195e-01;3.600877e-01;4.512805e-02;1.899504e-02;3.721532e-02;4.282051e-02
7.410342e-02;9.592130e-02;7.318541e-02;1.060099e-01;1.339763e-02;9.953483e-03;1.497478e-01;3.664265e-01;3.479218e-02;1.443755e-02;3.063063e-02;3.139412e-02
6.272306e-02;2.607509e-02;7.264160e-02;1.216861e-01;1.077349e-02;2.083870e-02;1.767313e-01;4.056858e-01;3.026953e-02;1.151197e-02;4.782505e-02;1.323826e-02
3.353584e-02;2.767039e-02;6.988126e-02;7.507501e-02;9.636913e-03;3.291227e-02;2.279427e-01;4.312846e-01;1.635061e-02;8.898550e-03;5.064696e-02;1.616485e-02
1.221753e-02;2.299904e-02;7.529947e-02;4.482875e-02;5.490099e-03;3.853806e-02;2.635786e-01;4.561252e-01;1.259138e-02;9.561539e-03;3.364092e-02;2.512947e-02
7.460020e-03;4.403130e-02;7.569779e-02;2.204681e-02;3.012105e-03;3.145903e-02;2.914235e-01;4.714679e-01;1.310723e-02;6.698170e-03;1.122510e-02;2.237112e-02
7.083992e-03;6.194294e-02;6.570960e-02;1.380499e-02;5.185687e-03;2.424104e-02;3.215901e-01;4.622909e-01;1.299316e-02;6.119629e-03;5.366026e-03;1.367192e-02
7.202984e-03;8.179580e-02;4.711416e-02;1.056079e-02;1.159623e-02;2.101424e-02;3.538854e-01;4.301144e-01;1.033751e-02;4.163879e-03;1.221705e-02;9.997613e-03
1.846205e-02;1.130549e-01;2.641197e-02;6.893935e-03;1.929783e-02;2.536598e-02;3.815748e-01;3.749739e-01;6.306105e-03;3.107377e-03;1.712645e-02;7.424694e-03
1.949449e-02;1.385661e-01;1.220255e-02;4.090997e-03;2.229474e-02;3.282453e-02;4.102897e-01;3.299719e-01;6.794298e-03;2.494200e-03;1.757305e-02;3.403401e-03
2.056979e-02;1.535257e-01;4.795914e-03;3.882883e-03;2.060314e-02;3.590972e-02;4.235825e-01;3.010270e-01;5.950977e-03;1.873197e-03;2.708508e-02;1.194099e-03
5.194186e-02;1.528385e-01;1.161602e-02;8.440874e-03;2.465287e-02;4.393927e-02;3.836181e-01;2.638729e-01;8.716519e-03;3.713359e-03;4.341963e-02;3.230107e-03
8.061627e-02;1.999369e-01;2.334542e-02;1.314153e-02;2.695948e-02;4.347257e-02;3.223643e-01;2.095159e-01;1.036423e-02;5.366737e-03;6.135983e-02;3.556860e-03
9.569100e-02;3.106251e-01;2.683326e-02;1.026393e-02;1.758083e-02;3.114699e-02;2.829641e-01;1.479648e-01;1.201261e-02;3.865563e-03;5.636445e-02;4.687398e-03
1.039180e-01;3.905142e-01;1.585152e-02;5.228275e-03;5.730393e-03;2.573786e-02;2.883159e-01;1.044273e-01;1.449250e-02;2.522265e-03;4.023531e-02;3.026436e-03
1.017338e-01;4.047406e-01;4.756437e-03;3.551314e-03;9.203437e-03;2.634226e-02;2.986743e-01;9.018481e-02;1.525382e-02;4.261051e-03;3.694234e-02;4.355845e-03
8.656033e-02;3.944971e-01;1.133724e-02;2.862826e-03;1.217635e-02;2.198506e-02;2.915318e-01;1.251907e-01;1.289462e-02;5.628659e-03;3.087736e-02;4.457994e-03
5.615642e-02;4.014355e-01;1.188573e-02;3.759519e-03;9.747353e-03;1.621367e-02;2.920983e-01;1.664005e-01;8.147259e-03;3.644941e-03;2.692701e-02;3.583842e-03
5.189214e-02;3.721698e-01;1.996361e-02;5.539014e-03;7.502922e-03;1.460015e-02;2.774524e-01;2.172437e-01;5.831445e-03;3.504014e-03;1.655558e-02;7.745216e-03
4.315941e-02;3.077843e-01;4.182762e-02;4.545352e-03;6.707432e-03;1.763527e-02;2.588213e-01;2.769022e-01;5.652147e-03;5.199840e-03;1.500423e-02;1.676095e-02
2.598345e-02;2.075449e-01;6.850470e-02;1.101854e-02;8.138499e-03;3.141070e-02;2.511331e-01;3.374294e-01;9.744666e-03;7.653758e-03;1.297687e-02;2.846140e-02
2.531994e-02;7.792493e-02;9.390076e-02;2.589751e-02;3.296730e-03;4.910775e-02;2.562031e-01;3.971750e-01;1.724805e-02;8.400207e-03;1.342019e-02;3.210587e-02
2.096179e-02;3.629921e-02;1.067455e-01;5.852865e-02;1.105963e-02;5.007421e-02;2.082543e-01;4.121825e-01;2.825007e-02;1.200252e-02;2.842961e-02;2.721192e-02
3.272302e-02;6.705608e-02;9.418254e-02;9.064840e-02;1.270346e-02;4.005887e-02;1.635733e-01;4.099439e-01;3.563986e-02;1.459230e-02;1.516695e-02;2.371127e-02
2.141023e-02;7.727974e-02;5.543863e-02;7.512501e-02;1.751184e-02;3.760144e-02;2.324933e-01;4.001415e-01;3.069050e-02;1.142295e-02;2.043029e-02;2.045454e-02
3.617230e-02;1.008526e-01;3.354990e-02;4.494606e-02;1.363182e-02;3.220453e-02;2.734501e-01;3.508530e-01;2.112177e-02;1.738748e-02;5.772872e-02;1.810172e-02
5.125109e-02;9.858897e-02;2.137513e-02;3.855086e-02;1.321282e-02;2.463023e-02;2.521610e-01;3.326207e-01;3.594458e-02;2.807571e-02;9.087340e-02;1.271553e-02
4.369267e-02;5.767233e-02;1.660348e-02;3.981555e-02;1.542905e-02;1.408742e-02;2.238850e-01;3.510348e-01;8.817002e-02;4.687122e-02;9.697358e-02;5.764789e-03
4.206363e-02;3.568458e-02;2.380163e-02;4.129373e-02;1.147804e-02;1.438838e-02;2.317025e-01;3.309174e-01;1.210840e-01;5.653180e-02;8.538991e-02;5.664298e-03
3.947362e-02;4.028425e-02;3.178862e-02;3.494726e-02;1.964083e-02;3.295543e-02;2.796796e-01;3.551760e-01;8.038715e-02;3.768877e-02;4.314588e-02;4.832571e-03
6.461022e-02;6.330340e-02;3.688727e-02;1.809229e-02;2.042385e-02;6.876010e-02;2.099760e-01;3.338049e-01;4.162791e-02;4.408368e-02;7.954576e-02;1.888449e-02
6.017392e-02;7.919832e-02;3.436827e-02;1.623215e-02;1.498771e-02;5.657682e-02;2.499619e-01;3.438309e-01;3.344515e-02;3.365780e-02;5.103259e-02;2.653446e-02
3.088363e-02;5.104844e-02;3.768172e-02;1.542648e-02;7.172248e-03;4.628297e-02;2.651247e-01;4.573202e-01;2.509447e-02;2.137361e-02;1.586417e-02;2.672744e-02
2.176332e-02;1.439554e-02;3.455629e-02;1.307307e-02;4.509900e-03;4.826621e-02;2.607583e-01;5.099802e-01;2.855333e-02;1.707173e-02;2.099881e-02;2.607323e-02
1.193080e-02;3.608100e-02;3.278493e-02;9.852182e-03;4.558546e-03;4.755465e-02;2.851843e-01;5.032431e-01;2.282084e-02;1.285851e-02;8.155253e-03;2.497591e-02
1.819129e-02;4.277232e-02;2.778691e-02;1.062444e-02;4.198512e-03;4.410883e-02;3.117457e-01;4.552350e-01;1.870806e-02;1.544795e-02;2.895106e-02;2.222991e-02
2.626450e-02;5.380122e-02;2.381342e-02;7.385291e-03;7.119222e-03;4.716198e-02;3.498365e-01;4.100838e-01;1.523419e-02;1.669328e-02;2.339353e-02;1.921306e-02
3.355975e-02;5.008534e-02;1.708248e-02;1.083971e-02;1.274479e-02;4.467534e-02;3.409567e-01;3.890116e-01;2.261580e-02;2.331188e-02;4.030712e-02;1.480957e-02
6.359124e-02;3.803808e-02;9.885111e-03;3.322020e-02;1.573480e-02;3.010010e-02;2.896679e-01;3.554153e-01;7.421697e-02;4.013175e-02;4.135383e-02;8.644732e-03
1.035165e-01;6.380489e-02;1.565318e-02;3.570080e-02;1.587184e-02;1.923224e-02;1.978504e-01;1.458956e-01;8.057532e-02;5.609596e-02;2.544872e-01;1.131619e-02
1.327174e-01;5.791817e-02;1.364497e-02;4.886030e-02;2.397713e-02;2.707243e-02;1.202027e-01;7.278320e-02;1.002093e-01;4.803669e-02;3.427660e-01;1.181164e-02
8.837958e-02;3.360390e-02;1.360756e-02;8.304252e-02;3.231125e-02;4.199238e-02;1.219775e-01;1.151014e-01;1.839646e-01;4.685428e-02;2.342644e-01;4.900707e-03
7.314742e-02;2.112984e-02;1.748310e-02;1.076384e-01;2.979599e-02;2.971991e-02;1.233924e-01;1.351369e-01;3.050947e-01;5.919731e-02;9.352678e-02;4.737217e-03
7.734152e-02;1.299672e-02;1.621324e-02;9.769695e-02;1.781056e-02;2.166667e-02;9.880357e-02;1.634117e-01;3.690092e-01;6.098929e-02;5.424891e-02;9.811664e-03
6.935886e-02;1.783371e-02;1.394173e-02;1.072847e-01;1.538641e-02;2.228435e-02;8.692686e-02;1.501923e-01;3.997539e-01;4.131250e-02;6.152501e-02;1.419970e-02
7.806455e-02;1.166955e-02;1.524420e-02;1.168636e-01;1.844819e-02;9.837820e-03;1.215020e-01;1.217237e-01;3.718067e-01;6.434636e-02;6.538530e-02;5.108165e-03
8.401863e-02;1.766716e-02;1.474825e-02;1.059242e-01;1.394934e-02;1.262002e-02;1.481434e-01;1.359353e-01;3.117567e-01;7.529408e-02;6.220873e-02;1.773430e-02
8.053000e-02;5.034980e-02;2.688668e-02;8.582126e-02;2.417205e-02;2.454188e-02;1.771986e-01;1.509400e-01;2.048218e-01;5.478456e-02;9.869986e-02;2.125347e-02
8.504532e-02;1.002223e-01;3.397550e-02;6.746392e-02;3.668838e-02;3.399394e-02;1.848694e-01;1.438035e-01;1.094705e-01;5.195764e-02;1.310358e-01;2.147374e-02
1.111807e-01;1.351489e-01;3.778571e-02;7.645860e-02;4.106937e-02;4.217607e-02;1.726284e-01;7.849949e-02;8.231624e-02;4.871126e-02;1.451734e-01;2.885186e-02
1.323869e-01;7.013476e-02;2.545731e-02;5.679272e-02;3.482895e-02;4.238740e-02;1.883468e-01;9.204657e-02;1.915689e-01;4.758868e-02;9.291770e-02;2.554342e-02
9.338079e-02;7.901052e-02;2.580368e-02;3.117488e-02;2.840847e-02;3.774589e-02;1.480134e-01;1.174140e-01;2.350610e-01;5.947345e-02;1.229128e-01;2.160107e-02
9.701111e-02;8.165840e-02;3.332904e-02;7.882535e-02;2.898015e-02;3.650938e-02;1.200005e-01;1.100074e-01;2.424250e-01;6.308004e-02;9.534284e-02;1.283074e-02
1.108021e-01;5.269318e-02;3.613479e-02;1.058080e-01;3.815410e-02;5.218696e-02;1.299822e-01;1.276838e-01;1.974490e-01;4.895306e-02;6.974636e-02;3.040629e-02
1.394940e-01;1.068173e-01;3.351830e-02;1.052263e-01;2.381322e-02;4.215465e-02;1.445756e-01;8.099992e-02;1.484614e-01;5.239645e-02;6.414946e-02;5.839344e-02
1.287817e-01;8.336419e-02;2.628269e-02;1.042961e-01;2.052176e-02;3.494712e-02;1.403116e-01;1.105762e-01;1.219069e-01;7.013392e-02;1.123004e-01;4.657736e-02
1.133806e-01;8.227634e-02;4.300237e-02;7.897312e-02;3.696654e-02;2.516564e-02;1.648907e-01;1.458119e-01;8.142133e-02;6.696765e-02;9.576589e-02;6.537797e-02
1.122152e-01;7.439546e-02;6.014213e-02;8.403379e-02;6.461519e-02;3.740500e-02;1.409136e-01;1.509260e-01;6.363997e-02;7.566112e-02;5.904952e-02;7.700300e-02
1.050918e-01;8.898950e-02;5.492480e-02;6.296945e-02;4.625540e-02;5.277309e-02;1.849626e-01;1.700076e-01;3.784524e-02;6.403330e-02;7.956345e-02;5.258369e-02
1.433049e-01;1.012651e-01;3.862062e-02;2.304348e-02;2.342611e-02;5.370736e-02;2.044386e-01;1.638872e-01;5.765149e-02;6.154485e-02;1.061855e-01;2.292471e-02
1.444388e-01;1.177416e-01;3.156199e-02;2.752195e-02;1.975584e-02;4.799872e-02;2.203250e-01;1.789851e-01;5.659445e-02;4.713371e-02;8.651762e-02;2.142525e-02
1.014546e-01;9.716018e-02;4.152662e-02;4.382261e-02;2.420742e-02;5.668329e-02;2.498106e-01;2.134019e-01;4.371213e-02;2.717826e-02;8.019775e-02;2.084466e-02
1.256512e-01;6.580339e-02;2.560573e-02;5.002681e-02;2.958532e-02;5.359154e-02;2.616558e-01;2.147287e-01;2.069799e-02;1.827928e-02;1.217000e-01;1.267430e-02
1.452283e-01;5.683327e-02;2.630468e-02;7.052507e-02;3.907919e-02;5.832743e-02;1.991271e-01;1.321712e-01;1.988476e-02;1.614439e-02;2.217841e-01;1.459048e-02
1.401807e-01;3.441709e-02;3.438883e-02;9.749039e-02;4.821812e-02;6.026905e-02;1.319152e-01;4.246698e-02;2.656772e-02;1.186322e-02;3.541134e-01;1.810938e-02
5.675910e-02;5.745811e-02;3.849045e-02;7.164117e-02;3.905485e-02;3.815100e-02;6.912196e-02;5.158236e-02;2.851522e-02;2.091202e-02;5.167301e-01;1.158370e-02
6.219793e-02;4.698335e-02;2.961536e-02;5.782780e-02;4.513254e-02;2.610272e-02;4.379942e-02;4.831826e-02;1.804747e-02;2.491349e-02;5.894604e-01;7.601267e-03
5.485521e-02;5.495539e-02;2.648459e-02;4.100837e-02;3.986280e-02;1.621309e-02;2.938704e-02;3.272711e-02;2.301550e-02;3.052445e-02;6.425210e-01;8.445435e-03
3.809942e-02;8.383283e-02;3.140348e-02;2.703756e-02;2.069978e-02;9.584781e-03;4.207770e-02;5.263294e-02;3.532260e-02;3.448714e-02;6.157209e-01;9.100791e-03
5.223436e-02;1.212585e-01;4.392397e-02;2.932115e-02;1.159664e-02;8.632534e-03;5.510120e-02;8.048049e-02;4.883360e-02;3.598097e-02;5.030750e-01;9.561629e-03
4.880217e-02;1.479579e-01;6.329469e-02;2.926137e-02;1.492604e-02;1.321296e-02;8.880948e-02;1.089586e-01;5.662622e-02;3.633913e-02;3.859256e-01;5.885927e-03
6.953321e-02;1.736985e-01;9.000375e-02;3.331655e-02;2.082023e-02;2.014280e-02;9.783208e-02;9.629297e-02;3.899289e-02;3.926171e-02;3.159826e-01;4.122754e-03
7.140366e-02;2.297219e-01;1.070377e-01;5.164681e-02;3.324937e-02;2.540716e-02;9.291231e-02;7.343027e-02;3.417961e-02;4.537168e-02;2.314461e-01;4.193383e-03
1.272633e-01;2.656783e-01;8.731179e-02;4.891630e-02;3.242713e-02;2.419336e-02;1.036177e-01;8.911100e-02;5.528431e-02;4.112660e-02;1.126392e-01;1.243099e-02
1.878932e-01;2.241137e-01;4.743432e-02;3.620264e-02;2.398404e-02;2.632374e-02;1.384420e-01;1.580887e-01;6.131121e-02;4.239130e-02;3.413146e-02;1.968373e-02
1.719248e-01;1.194567e-01;3.533093e-02;2.662797e-02;1.932769e-02;2.498006e-02;1.751471e-01;1.244113e-01;5.258600e-02;4.716492e-02;1.876674e-01;1.537510e-02
1.723016e-01;1.136548e-01;5.153980e-02;2.350160e-02;2.069136e-02;1.936539e-02;1.488731e-01;1.225452e-01;3.343290e-02;4.479538e-02;2.307838e-01;1.851498e-02
1.533489e-01;2.071752e-01;5.978272e-02;2.218807e-02;1.703674e-02;2.588910e-02;1.075771e-01;9.660295e-02;4.635482e-02;4.592765e-02;1.928500e-01;2.526684e-02
1.391145e-01;2.970489e-01;5.893629e-02;2.170666e-02;1.301002e-02;3.568962e-02;6.781501e-02;1.107143e-01;5.229505e-02;4.379251e-02;1.079627e-01;5.191442e-02
1.706727e-01;3.192365e-01;4.633619e-02;2.547986e-02;1.640633e-02;5.286967e-02;6.955655e-02;1.055375e-01;5.985876e-02;3.377225e-02;3.285438e-02;6.741929e-02
1.986422e-01;2.867674e-01;2.919629e-02;2.613341e-02;1.939612e-02;6.287031e-02;8.547655e-02;7.015035e-02;7.337381e-02;3.339771e-02;4.812904e-02;6.646687e-02
1.507655e-01;2.153716e-01;2.645624e-02;2.773519e-02;2.165587e-02;5.358088e-02;1.102666e-01;1.220094e-01;6.494889e-02;4.261961e-02;9.527894e-02;6.931131e-02
2.039870e-01;1.578513e-01;2.599509e-02;2.741854e-02;3.129808e-02;2.734299e-02;1.078019e-01;1.906646e-01;3.591188e-02;3.537691e-02;1.077360e-01;4.861565e-02
2.308734e-01;1.607754e-01;3.395070e-02;2.748761e-02;3.910010e-02;2.201144e-02;7.885817e-02;2.001386e-01;4.678864e-02;2.659465e-02;8.886085e-02;4.456050e-02
2.312548e-01;1.812493e-01;5.247183e-02;3.249414e-02;4.090360e-02;2.601044e-02;8.506779e-02;1.556579e-01;7.579122e-02;2.493588e-02;5.069793e-02;4.346517e-02
1.908511e-01;1.477387e-01;6.717591e-02;4.062543e-02;3.322891e-02;4.364290e-02;7.977343e-02;1.096340e-01;7.393032e-02;5.359019e-02;1.236798e-01;3.612920e-02
