3.045989e-02;1.317368e-01;1.835291e-01;5.755867e-02;2.979118e-02;9.382513e-02;4.233291e-02;1.496246e-01;1.034022e-01;6.558917e-02;6.859512e-02;4.355532e-02
2.726901e-02;1.218466e-01;1.740753e-01;3.413042e-02;2.612147e-02;1.292063e-01;6.735096e-02;1.549086e-01;1.061976e-01;5.013145e-02;6.681015e-02;4.195224e-02
5.134485e-02;9.543663e-02;1.382573e-01;2.477493e-02;3.454795e-02;1.627956e-01;7.033921e-02;1.504404e-01;1.199984e-01;3.011870e-02;7.305744e-02;4.888873e-02
1.130996e-01;1.473110e-01;1.378072e-01;1.977499e-02;4.745474e-02;6.306893e-02;5.293309e-02;1.600113e-01;7.779949e-02;6.202401e-02;6.107432e-02;5.764137e-02
1.431680e-01;1.007562e-01;7.702466e-02;3.532737e-02;4.282660e-02;2.485927e-02;1.149629e-01;2.164831e-01;4.640567e-02;7.408167e-02;3.455552e-02;8.954900e-02
1.044981e-01;4.042863e-02;1.959767e-02;6.269129e-02;2.090940e-02;2.914117e-02;2.151354e-01;1.960375e-01;2.928299e-02;9.616482e-02;1.771604e-02;1.683970e-01
4.686869e-02;2.596321e-02;6.012584e-03;8.044512e-02;8.243854e-03;2.956752e-02;3.107931e-01;1.170583e-01;2.712451e-02;9.745885e-02;8.691357e-03;2.417729e-01
3.195079e-02;2.954314e-02;1.444471e-02;8.820239e-02;9.100684e-03;2.656585e-02;3.634537e-01;7.320494e-02;1.702128e-02;6.839326e-02;1.478243e-02;2.633369e-01
2.960971e-02;2.416840e-02;1.301201e-02;1.081695e-01;6.725470e-03;3.186765e-02;4.005294e-01;5.615948e-02;1.268824e-02;4.519175e-02;2.792381e-02;2.439546e-01
2.050461e-02;2.324826e-02;1.709867e-02;1.449329e-01;4.665816e-03;2.733031e-02;3.816974e-01;1.144795e-01;1.601942e-02;3.214859e-02;2.378872e-02;1.940859e-01
3.277392e-02;3.050244e-02;2.239913e-02;1.721468e-01;9.122082e-03;1.412225e-02;3.476375e-01;1.093837e-01;1.472128e-02;2.680197e-02;1.957879e-02;2.008102e-01
3.404982e-02;2.896514e-02;9.448649e-03;1.732183e-01;8.557404e-03;1.358001e-02;3.450714e-01;7.189839e-02;1.519958e-02;3.974702e-02;1.239496e-02;2.478693e-01
2.678248e-02;2.631216e-02;1.025606e-02;1.554741e-01;3.058483e-03;1.410523e-02;3.257441e-01;5.820041e-02;1.092358e-02;7.634864e-02;8.629451e-03;2.841653e-01
3.312000e-02;2.661236e-02;1.427428e-02;1.273763e-01;4.744468e-03;9.871252e-03;3.029141e-01;4.550600e-02;1.020669e-02;1.148211e-01;1.153227e-02;2.990212e-01
2.862534e-02;2.104986e-02;1.250789e-02;8.674065e-02;4.863543e-03;1.776822e-02;3.007964e-01;7.485788e-02;1.208092e-02;1.319761e-01;1.808479e-02;2.906485e-01
4.403685e-02;2.668305e-02;1.474660e-02;4.588052e-02;8.316728e-03;2.385719e-02;3.190610e-01;9.883592e-02;1.533555e-02;1.151862e-01;2.531532e-02;2.627450e-01
6.634147e-02;3.862283e-02;1.891223e-02;2.523540e-02;1.729386e-02;6.837708e-02;3.414542e-01;1.521685e-01;2.241875e-02;7.541095e-02;9.579775e-03;1.641849e-01
6.960331e-02;5.549758e-02;2.662492e-02;2.103048e-02;2.853528e-02;1.112084e-01;3.224525e-01;1.775979e-01;3.228012e-02;5.555818e-02;2.162274e-02;7.798863e-02
5.129808e-02;6.586944e-02;3.986042e-02;2.409686e-02;3.463312e-02;1.158737e-01;2.673458e-01;1.541418e-01;3.882200e-02;6.016396e-02;3.949529e-02;1.083996e-01
5.772960e-02;7.465494e-02;2.722927e-02;4.829784e-02;2.125899e-02;6.145805e-02;3.025202e-01;1.316493e-01;4.752047e-02;6.103693e-02;1.991524e-02;1.467291e-01
6.437929e-02;7.301135e-02;4.790877e-02;4.340708e-02;1.888437e-02;6.747737e-02;3.053823e-01;1.322399e-01;6.885608e-02;4.616087e-02;1.691043e-02;1.153821e-01
3.858975e-02;3.434637e-02;7.077608e-02;3.993698e-02;3.888274e-02;1.086112e-01;2.366496e-01;1.327859e-01;7.727730e-02;3.768121e-02;4.486932e-02;1.395934e-01
4.782739e-02;6.117602e-02;6.190921e-02;4.443149e-02;4.221219e-02;1.179275e-01;1.418439e-01;1.246147e-01;6.642651e-02;3.351840e-02;8.267412e-02;1.754387e-01
1.115695e-01;8.904420e-02;2.998930e-02;3.445621e-02;2.999474e-02;8.775032e-02;1.533289e-01;1.242272e-01;5.650682e-02;4.101619e-02;6.810236e-02;1.740141e-01
1.690883e-01;1.300363e-01;7.626476e-02;2.932918e-02;2.416726e-02;5.106308e-02;1.416302e-01;9.820331e-02;4.939751e-02;3.475393e-02;4.188829e-02;1.541778e-01
1.583331e-01;2.100916e-01;1.144958e-01;4.171921e-02;2.179194e-02;3.577124e-02;1.240702e-01;5.672541e-02;3.481609e-02;2.580440e-02;3.978579e-02;1.365952e-01
1.135309e-01;2.145788e-01;1.430111e-01;4.913054e-02;2.511797e-02;3.290216e-02;1.326706e-01;7.785265e-02;3.091639e-02;3.138570e-02;3.380711e-02;1.150960e-01
1.064601e-01;1.754838e-01;1.117984e-01;6.029888e-02;1.908755e-02;4.487705e-02;1.391542e-01;8.207974e-02;5.769829e-02;5.403983e-02;2.674122e-02;1.222810e-01
9.611119e-02;1.734238e-01;9.274168e-02;4.764128e-02;2.215733e-02;6.480804e-02;1.203059e-01;9.564789e-02;7.169581e-02;7.969088e-02;3.858693e-02;9.718935e-02
8.743265e-02;1.871719e-01;8.011517e-02;4.504634e-02;3.595638e-02;4.246046e-02;1.671204e-01;9.501901e-02;6.844693e-02;9.787537e-02;4.853857e-02;4.481672e-02
9.236699e-02;1.139113e-01;7.790505e-02;7.076988e-02;3.192630e-02;5.240801e-02;2.065895e-01;6.853662e-02;5.964828e-02;9.885017e-02;4.399716e-02;8.309077e-02
7.259350e-02;1.180417e-01;8.248581e-02;6.318238e-02;2.020871e-02;6.028484e-02;2.227306e-01;1.130685e-01;5.152888e-02;7.232652e-02;4.056014e-02;8.298842e-02
7.599543e-02;1.821798e-01;8.498763e-02;5.695573e-02;9.223054e-03;7.472982e-02;2.210093e-01;1.139929e-01;3.777989e-02;4.551126e-02;2.288802e-02;7.474720e-02
9.658908e-02;2.037091e-01;1.089166e-01;3.840517e-02;2.214205e-02;6.716391e-02;1.685303e-01;1.179861e-01;4.181302e-02;2.811770e-02;1.059396e-02;9.603311e-02
9.877317e-02;2.116413e-01;1.554444e-01;3.056723e-02;3.275103e-02;3.122654e-02;1.379493e-01;1.258259e-01;3.354243e-02;2.913487e-02;1.138513e-02;1.017587e-01
1.247385e-01;2.292963e-01;1.585616e-01;3.106020e-02;3.454551e-02;2.766611e-02;1.163900e-01;1.114239e-01;1.783764e-02;3.673609e-02;1.658035e-02;9.516373e-02
1.141393e-01;2.030898e-01;1.246929e-01;3.486809e-02;3.160178e-02;6.094046e-02;1.140541e-01;1.397276e-01;2.291806e-02;4.602205e-02;2.431177e-02;8.363400e-02
9.449374e-02;1.934049e-01;8.810972e-02;4.584014e-02;2.006921e-02;8.521998e-02;1.267210e-01;1.599828e-01;3.533364e-02;5.093866e-02;2.286979e-02;7.701637e-02
1.042069e-01;2.306661e-01;1.255325e-01;3.947999e-02;1.128808e-02;5.243239e-02;1.544644e-01;1.345396e-01;2.943731e-02;3.405694e-02;8.346841e-03;7.554889e-02
1.346440e-01;2.133989e-01;1.114171e-01;2.784981e-02;8.701337e-03;2.574994e-02;1.865705e-01;1.320561e-01;1.708627e-02;3.129033e-02;1.320156e-02;9.803416e-02
1.397739e-01;2.157475e-01;9.181894e-02;1.621574e-02;8.258201e-03;2.483499e-02;1.959956e-01;1.046422e-01;1.720548e-02;4.195877e-02;2.072601e-02;1.228226e-01
1.320256e-01;2.313119e-01;9.317332e-02;1.477876e-02;1.225945e-02;2.288363e-02;2.051976e-01;6.664471e-02;2.104583e-02;4.375593e-02;1.837161e-02;1.385517e-01
1.095599e-01;2.137204e-01;1.001882e-01;2.797875e-02;1.731998e-02;4.422844e-02;1.921543e-01;9.610177e-02;2.868179e-02;2.752655e-02;1.241661e-02;1.301235e-01
8.925945e-02;1.778163e-01;1.200292e-01;4.286977e-02;3.047506e-02;9.230640e-02;1.312779e-01;1.096263e-01;4.851156e-02;3.670751e-02;2.397329e-02;9.714726e-02
5.108200e-02;1.049463e-01;7.921268e-02;7.922802e-02;5.189762e-02;1.333363e-01;1.634483e-01;1.401702e-01;6.036182e-02;4.869550e-02;4.374901e-02;4.387227e-02
2.776878e-02;6.104310e-02;4.624357e-02;1.024850e-01;4.190082e-02;1.041657e-01;2.868365e-01;1.174087e-01;3.886439e-02;4.524612e-02;2.784647e-02;1.001909e-01
1.455820e-02;4.888761e-02;2.313950e-02;1.162661e-01;2.218750e-02;4.628834e-02;3.860660e-01;6.817178e-02;2.430248e-02;4.760116e-02;2.142207e-02;1.811092e-01
1.639116e-02;5.350076e-02;2.485862e-02;1.041088e-01;1.523269e-02;2.669008e-02;4.059921e-01;1.760427e-02;2.150958e-02;3.892154e-02;1.587475e-02;2.593156e-01
1.697428e-02;5.567342e-02;2.653074e-02;7.211988e-02;1.522492e-02;3.008202e-02;3.689792e-01;3.528956e-02;3.131082e-02;2.589125e-02;3.363162e-02;2.882923e-01
1.736289e-02;5.394959e-02;1.692254e-02;5.949909e-02;1.268386e-02;4.325494e-02;3.546827e-01;3.367808e-02;3.553445e-02;3.275791e-02;4.770515e-02;2.919688e-01
1.887105e-02;5.416442e-02;1.693512e-02;8.139423e-02;5.476959e-03;2.219277e-02;3.394020e-01;3.273860e-02;1.779806e-02;7.955258e-02;3.114694e-02;3.003273e-01
2.493693e-02;5.008700e-02;1.329551e-02;1.074817e-01;9.010686e-03;1.585293e-02;3.159823e-01;2.938910e-02;1.249805e-02;1.027965e-01;1.052164e-02;3.081477e-01
1.716293e-02;4.956827e-02;1.203416e-02;1.355580e-01;1.131344e-02;1.040480e-02;2.937145e-01;2.662094e-02;1.145885e-02;1.145862e-01;8.761102e-03;3.088168e-01
1.995857e-02;4.686474e-02;1.437610e-02;1.528753e-01;8.799680e-03;1.991529e-02;2.579404e-01;3.068713e-02;1.551021e-02;1.442161e-01;1.531558e-02;2.735409e-01
2.323098e-02;4.343721e-02;1.840812e-02;1.662348e-01;7.494354e-03;2.030049e-02;2.389665e-01;2.998863e-02;1.058286e-02;1.938883e-01;1.060378e-02;2.368638e-01
4.269911e-02;4.043852e-02;1.700034e-02;1.680101e-01;7.661792e-03;2.903317e-02;2.207778e-01;5.624831e-02;1.179345e-02;2.108887e-01;6.086396e-03;1.893623e-01
5.502588e-02;4.006197e-02;2.066216e-02;1.581327e-01;1.132268e-02;3.596272e-02;1.993766e-01;9.349532e-02;1.438287e-02;1.828469e-01;7.269053e-03;1.814611e-01
5.388977e-02;3.427686e-02;2.358999e-02;1.284953e-01;9.621467e-03;3.514977e-02;2.234052e-01;1.041392e-01;3.266171e-02;1.204790e-01;2.194764e-02;2.123441e-01
3.500116e-02;4.361794e-02;3.040969e-02;9.116963e-02;1.325845e-02;3.188571e-02;2.639756e-01;1.129067e-01;4.385125e-02;8.790309e-02;5.076817e-02;1.952526e-01
4.622421e-02;5.630496e-02;3.545624e-02;5.822428e-02;2.174144e-02;3.889100e-02;2.947395e-01;1.054176e-01;3.914751e-02;9.444816e-02;4.672537e-02;1.626798e-01
6.996632e-02;9.655160e-02;6.547816e-02;3.475717e-02;2.098509e-02;5.276299e-02;2.839347e-01;1.206316e-01;2.909002e-02;5.886471e-02;2.694719e-02;1.400305e-01
7.045993e-02;1.564684e-01;1.107747e-01;3.298797e-02;2.479950e-02;3.635494e-02;2.020441e-01;1.256956e-01;4.014876e-02;5.441841e-02;3.548789e-02;1.103599e-01
4.905921e-02;1.742282e-01;1.191158e-01;3.467596e-02;2.942793e-02;4.623228e-02;2.160440e-01;1.090986e-01;3.575468e-02;7.420145e-02;1.743087e-02;9.473111e-02
5.566832e-02;1.171842e-01;6.396639e-02;2.851777e-02;1.095540e-02;5.441216e-02;3.428537e-01;1.255774e-01;3.077899e-02;8.856578e-02;2.164099e-02;5.987899e-02
5.525932e-02;8.132247e-02;2.692585e-02;3.580185e-02;1.671570e-02;6.053019e-02;3.423162e-01;1.319089e-01;4.517110e-02;1.005929e-01;3.072729e-02;7.272833e-02
4.668375e-02;6.687647e-02;5.846751e-02;4.267133e-02;2.739855e-02;4.872872e-02;3.282152e-01;1.056852e-01;3.602033e-02;1.039371e-01;3.253950e-02;1.027764e-01
5.109316e-02;5.558242e-02;7.875487e-02;7.603549e-02;1.862927e-02;5.152791e-02;2.990499e-01;1.028649e-01;3.556415e-02;8.924086e-02;1.731786e-02;1.243393e-01
4.556704e-02;1.199577e-01;8.758042e-02;8.939879e-02;1.366722e-02;4.848216e-02;2.038709e-01;8.160610e-02;5.314625e-02;4.506918e-02;2.491772e-02;1.867365e-01
7.964040e-02;9.554170e-02;8.856165e-02;8.180612e-02;4.336709e-02;7.930970e-02;7.374153e-02;5.652372e-02;5.670202e-02;9.063040e-02;3.507213e-02;2.191035e-01
4.931463e-02;1.102455e-01;1.023879e-01;3.797142e-02;6.549881e-02;1.381066e-01;9.700174e-02;1.236684e-01;5.967163e-02;8.334269e-02;5.273497e-02;8.005568e-02
4.079314e-02;1.469365e-01;1.277070e-01;3.198656e-02;6.622511e-02;1.646316e-01;7.883323e-02;1.472204e-01;5.307438e-02;6.237587e-02;4.637016e-02;3.384596e-02
4.586105e-02;1.856292e-01;1.457965e-01;2.118965e-02;5.949370e-02;1.789060e-01;4.768533e-02;1.580228e-01;6.556793e-02;4.856623e-02;3.083366e-02;1.244800e-02
4.864540e-02;1.790611e-01;1.402213e-01;2.591426e-02;5.022814e-02;1.334085e-01;8.997639e-02;1.657763e-01;7.732025e-02;4.215112e-02;3.074926e-02;1.654805e-02
4.017738e-02;1.320432e-01;1.047241e-01;3.290484e-02;3.899225e-02;1.245928e-01;1.567005e-01;1.724529e-01;6.964902e-02;4.297673e-02;3.858991e-02;4.619643e-02
2.905221e-02;1.105464e-01;9.524442e-02;4.832418e-02;2.915685e-02;1.278510e-01;1.535300e-01;1.244172e-01;7.824779e-02;6.534109e-02;3.497103e-02;1.033178e-01
4.403388e-02;1.404801e-01;1.338005e-01;4.515418e-02;2.249436e-02;1.040470e-01;1.111621e-01;7.445066e-02;4.462763e-02;9.868337e-02;1.648779e-02;1.645784e-01
4.251355e-02;1.219391e-01;1.191450e-01;3.561683e-02;1.199450e-02;7.611056e-02;1.773446e-01;8.824212e-02;3.335237e-02;1.264271e-01;1.598240e-02;1.513319e-01
3.883580e-02;1.188889e-01;9.532242e-02;3.747294e-02;1.708999e-02;6.938523e-02;2.394714e-01;4.957569e-02;3.372948e-02;1.580380e-01;2.210979e-02;1.200803e-01
2.930641e-02;1.054088e-01;5.887868e-02;8.173709e-02;2.509347e-02;5.357687e-02;2.702592e-01;9.936307e-02;3.507872e-02;1.337838e-01;2.977891e-02;7.773487e-02
4.732887e-02;8.069084e-02;6.984959e-02;1.129131e-01;1.894570e-02;3.783061e-02;2.554315e-01;1.127840e-01;2.953939e-02;5.968500e-02;3.223149e-02;1.427699e-01
3.599117e-02;6.442509e-02;6.885267e-02;1.138044e-01;1.398824e-02;3.574885e-02;2.017751e-01;1.261820e-01;4.144280e-02;7.000069e-02;2.733608e-02;2.004529e-01
4.578452e-02;6.750599e-02;7.168271e-02;6.097873e-02;3.179628e-02;7.106203e-02;1.507944e-01;1.143713e-01;3.203769e-02;1.128126e-01;7.022778e-02;1.709459e-01
6.011852e-02;1.055912e-01;1.079372e-01;2.975029e-02;6.698726e-02;1.087041e-01;7.465249e-02;1.087043e-01;7.970859e-02;1.191634e-01;6.583603e-02;7.284655e-02
9.872577e-02;1.052322e-01;8.893533e-02;3.282756e-02;9.325744e-02;9.432608e-02;4.245012e-02;1.600043e-01;1.019000e-01;9.643751e-02;4.875173e-02;3.715196e-02
1.720086e-01;8.825297e-02;5.024715e-02;2.173390e-02;1.124303e-01;5.975396e-02;3.045525e-02;2.603936e-01;9.807489e-02;5.812815e-02;2.993303e-02;1.858814e-02
2.493166e-01;5.302010e-02;3.500273e-02;9.309325e-03;9.819851e-02;2.094237e-02;5.470392e-02;3.748481e-01;4.947959e-02;1.923039e-02;2.390055e-02;1.204780e-02
2.984567e-01;3.923925e-02;3.521371e-02;3.274829e-03;6.967387e-02;1.782192e-02;3.106746e-02;4.281892e-01;1.486482e-02;1.444164e-02;2.561219e-02;2.214445e-02
3.073655e-01;4.550097e-02;3.530127e-02;8.189835e-03;4.846196e-02;1.378695e-02;2.650530e-02;4.370508e-01;1.675847e-02;1.259842e-02;2.548251e-02;2.299805e-02
2.853140e-01;3.490289e-02;3.440924e-02;1.414095e-02;3.983836e-02;2.024279e-02;6.288521e-02;4.328605e-01;8.348098e-03;2.071437e-02;2.907486e-02;1.726881e-02
2.286936e-01;5.289584e-02;4.864966e-02;8.706786e-03;5.348117e-02;2.103392e-02;9.813256e-02;3.946550e-01;9.195806e-03;1.827930e-02;3.751951e-02;2.875679e-02
1.600604e-01;7.278816e-02;3.941718e-02;1.153473e-02;5.468265e-02;3.584647e-02;1.826826e-01;3.304057e-01;1.930432e-02;2.026056e-02;4.143623e-02;3.158106e-02
1.113564e-01;7.334109e-02;6.188056e-02;2.493739e-02;4.062487e-02;6.282261e-02;2.302401e-01;2.592701e-01;2.617863e-02;2.865883e-02;3.221654e-02;4.847286e-02
1.331403e-01;8.241081e-02;1.089894e-01;3.344733e-02;2.617407e-02;5.449672e-02;1.968440e-01;2.000580e-01;4.370233e-02;3.041864e-02;2.777377e-02;6.254476e-02
1.819227e-01;1.183494e-01;1.224883e-01;2.989488e-02;2.679017e-02;6.202858e-02;1.087786e-01;1.523801e-01;5.825363e-02;3.389450e-02;2.659864e-02;7.862031e-02
2.121414e-01;8.065593e-02;7.688925e-02;3.377961e-02;2.647611e-02;6.317182e-02;6.835371e-02;1.879578e-01;5.094004e-02;3.705977e-02;4.254424e-02;1.200302e-01
1.933987e-01;5.790587e-02;6.071305e-02;5.013949e-02;3.003523e-02;6.369996e-02;1.925831e-02;2.749164e-01;5.030438e-02;4.442158e-02;3.143817e-02;1.237689e-01
9.277479e-02;6.615663e-02;7.870864e-02;6.671898e-02;4.984647e-02;4.343298e-02;6.948347e-02;3.240634e-01;4.643539e-02;4.858319e-02;4.417496e-02;6.962108e-02
4.157362e-02;1.474067e-01;1.661427e-01;6.513818e-02;4.604139e-02;6.558204e-02;7.542965e-02;2.744460e-01;2.736003e-02;2.641220e-02;3.805675e-02;2.641065e-02
8.101127e-02;2.290596e-01;1.927785e-01;4.402991e-02;3.923247e-02;6.503713e-02;4.877108e-02;1.694560e-01;3.122162e-02;2.182809e-02;4.090640e-02;3.666794e-02
1.376223e-01;2.690782e-01;1.713431e-01;3.280356e-02;4.215714e-02;3.944576e-02;1.833056e-02;1.383795e-01;2.404008e-02;2.646528e-02;5.391310e-02;4.642151e-02
1.943217e-01;2.469514e-01;1.169314e-01;2.880980e-02;5.465223e-02;2.549959e-02;2.259379e-02;1.336090e-01;2.871927e-02;3.889215e-02;5.354521e-02;5.547437e-02
1.930947e-01;2.277041e-01;1.293116e-01;2.883539e-02;6.073112e-02;3.618945e-02;4.686976e-02;9.930909e-02;3.078839e-02;3.644025e-02;5.162469e-02;5.910148e-02
1.913815e-01;2.270295e-01;1.068579e-01;3.269046e-02;5.429584e-02;4.758051e-02;6.524027e-02;1.241377e-01;2.808370e-02;2.251338e-02;4.294172e-02;5.724752e-02
2.124863e-01;1.833645e-01;6.717417e-02;3.487108e-02;5.205746e-02;3.594117e-02;4.517724e-02;1.963639e-01;4.834745e-02;2.394235e-02;2.665208e-02;7.362235e-02
1.930955e-01;1.727197e-01;9.881149e-02;3.790580e-02;6.109865e-02;3.702413e-02;3.256065e-02;1.711820e-01;4.413625e-02;2.874615e-02;2.863488e-02;9.408478e-02
1.905714e-01;1.804286e-01;6.345381e-02;4.640977e-02;6.113069e-02;2.893429e-02;6.145350e-02;1.328538e-01;6.530573e-02;3.351792e-02;2.700225e-02;1.089381e-01
1.498420e-01;2.332391e-01;1.141404e-01;5.091185e-02;3.867469e-02;2.616237e-02;6.717949e-02;1.214185e-01;6.717137e-02;2.837396e-02;1.845857e-02;8.442779e-02
1.471502e-01;2.451265e-01;1.202812e-01;5.574338e-02;3.324920e-02;2.845945e-02;5.744399e-02;1.373017e-01;5.416760e-02;2.911805e-02;1.927044e-02;7.268826e-02
1.614367e-01;2.133438e-01;1.040839e-01;4.229341e-02;2.219220e-02;3.862415e-02;8.748119e-02;1.381780e-01;6.410815e-02;3.355291e-02;1.597184e-02;7.873365e-02
1.703543e-01;1.945856e-01;9.924463e-02;3.211403e-02;2.599038e-02;6.399074e-02;8.594348e-02;1.404528e-01;6.333890e-02;2.162910e-02;2.479485e-02;7.756114e-02
1.715788e-01;2.385478e-01;1.213357e-01;3.274200e-02;3.384154e-02;4.810287e-02;3.662268e-02;1.487048e-01;5.170215e-02;2.210264e-02;2.368754e-02;7.103147e-02
1.524163e-01;2.603169e-01;1.801572e-01;2.508967e-02;4.604430e-02;3.331418e-02;4.356249e-02;1.259343e-01;3.780513e-02;2.203135e-02;2.235324e-02;5.097495e-02
1.602098e-01;1.734138e-01;1.868014e-01;2.860470e-02;4.893633e-02;5.734639e-02;6.100595e-02;1.146192e-01;5.923636e-02;3.518487e-02;2.749208e-02;4.714917e-02
1.904335e-01;1.470921e-01;1.964205e-01;2.332277e-02;3.657059e-02;5.903247e-02;6.832464e-02;1.071260e-01;5.564667e-02;6.499550e-02;2.581417e-02;2.522111e-02
1.455866e-01;2.545303e-01;1.645840e-01;2.009069e-02;1.970647e-02;4.762574e-02;4.929373e-02;1.402071e-01;3.215655e-02;5.272197e-02;1.675310e-02;5.674380e-02
1.490569e-01;2.038123e-01;1.097124e-01;3.417189e-02;3.539286e-02;4.029203e-02;8.142300e-02;1.581420e-01;3.362519e-02;4.382546e-02;1.530807e-02;9.523788e-02
1.514427e-01;1.617147e-01;8.964083e-02;4.214644e-02;4.484875e-02;6.320478e-02;7.713034e-02;1.110251e-01;6.164262e-02;4.631955e-02;3.747886e-02;1.134054e-01
1.201369e-01;1.449814e-01;1.042699e-01;3.914669e-02;4.594846e-02;9.251674e-02;1.015612e-01;8.068840e-02;6.929220e-02;4.601331e-02;5.451836e-02;1.009264e-01
8.821306e-02;1.786011e-01;1.253850e-01;4.814382e-02;4.281548e-02;7.464868e-02;1.310657e-01;1.167013e-01;5.296265e-02;4.076005e-02;3.980969e-02;6.089352e-02
6.914596e-02;1.768875e-01;1.419958e-01;4.585527e-02;5.290321e-02;5.241557e-02;1.263258e-01;1.442657e-01;4.556738e-02;5.517712e-02;4.267754e-02;4.678313e-02
6.495818e-02;1.320531e-01;8.361578e-02;7.016499e-02;4.099813e-02;3.745724e-02;1.666187e-01;1.736724e-01;3.466301e-02;6.564233e-02;3.351973e-02;9.663648e-02
3.680474e-02;1.050367e-01;3.550614e-02;1.012336e-01;2.425217e-02;3.759528e-02;2.527451e-01;1.446116e-01;1.425045e-02;6.145848e-02;2.121398e-02;1.652918e-01
3.131177e-02;1.149404e-01;2.184028e-02;9.712858e-02;1.374095e-02;4.171261e-02;3.272049e-01;7.392825e-02;1.241714e-02;3.475837e-02;1.460723e-02;2.164094e-01
3.562025e-02;1.284278e-01;3.728050e-02;6.821651e-02;1.660147e-02;5.602115e-02;3.632134e-01;3.658957e-02;1.389654e-02;1.736098e-02;2.140201e-02;2.053698e-01
2.732915e-02;1.203987e-01;4.411226e-02;5.043796e-02;3.855338e-02;1.073806e-01;3.545670e-01;3.808252e-02;1.934028e-02;1.682898e-02;3.695859e-02;1.460104e-01
2.796895e-02;1.131897e-01;3.708664e-02;3.022161e-02;7.214312e-02;1.651067e-01;3.201546e-01;3.278722e-02;3.831114e-02;1.690526e-02;3.887222e-02;1.072528e-01
4.535821e-02;9.298651e-02;5.267231e-02;2.232767e-02;9.094091e-02;2.057852e-01;2.593029e-01;4.145978e-02;4.416274e-02;1.692437e-02;3.161779e-02;9.646162e-02
4.471148e-02;7.645433e-02;5.763082e-02;2.660900e-02;1.105385e-01;2.103420e-01;2.102264e-01;5.246703e-02;4.353367e-02;2.636602e-02;5.894225e-02;8.217847e-02
5.225777e-02;9.736291e-02;9.249847e-02;3.547264e-02;1.160528e-01;1.803329e-01;1.542879e-01;6.391742e-02;5.769964e-02;2.600127e-02;7.229429e-02;5.182196e-02
5.461121e-02;6.801085e-02;9.550323e-02;5.124300e-02;9.757794e-02;1.557666e-01;1.313656e-01;1.080131e-01;5.606871e-02;3.249101e-02;5.815412e-02;9.119461e-02
4.417131e-02;7.543100e-02;7.383409e-02;7.695251e-02;6.360449e-02;1.422509e-01;1.067219e-01;1.256720e-01;5.524761e-02;4.509464e-02;4.171622e-02;1.493033e-01
6.120520e-02;9.085932e-02;5.392868e-02;5.901220e-02;4.910290e-02;1.271395e-01;1.974356e-01;7.892663e-02;5.419241e-02;4.113001e-02;2.758625e-02;1.594812e-01
5.557065e-02;1.466337e-01;8.422405e-02;4.939653e-02;4.404802e-02;1.253045e-01;1.800095e-01;6.671461e-02;5.925230e-02;2.703566e-02;3.053050e-02;1.312800e-01
3.147711e-02;1.222697e-01;8.700550e-02;5.794021e-02;7.278375e-02;1.503438e-01;2.110565e-01;7.876372e-02;4.557362e-02;2.043434e-02;3.851585e-02;8.383591e-02
1.724029e-02;6.125689e-02;7.027157e-02;4.804251e-02;1.082976e-01;1.776536e-01;2.658592e-01;9.969966e-02;3.799072e-02;1.929861e-02;4.272880e-02;5.166054e-02
2.007977e-02;5.993245e-02;5.249846e-02;3.047632e-02;1.235142e-01;1.666754e-01;2.962256e-01;1.191017e-01;3.073948e-02;1.462735e-02;2.762616e-02;5.850307e-02
2.879317e-02;7.398941e-02;1.940022e-02;2.493166e-02;1.195034e-01;1.563097e-01;3.282320e-01;1.103324e-01;2.852459e-02;1.254971e-02;2.538154e-02;7.205219e-02
2.990356e-02;7.959327e-02;4.097524e-02;2.198736e-02;1.077565e-01;1.495116e-01;3.250944e-01;1.134266e-01;2.719585e-02;1.360720e-02;2.067161e-02;7.027683e-02
2.746973e-02;7.126611e-02;4.227897e-02;2.029176e-02;1.145907e-01;1.266507e-01;3.234821e-01;1.240881e-01;3.285578e-02;1.366374e-02;3.119630e-02;7.216607e-02
2.758406e-02;8.619133e-02;2.962631e-02;3.202691e-02;9.599496e-02;7.997620e-02;3.637022e-01;1.107387e-01;3.153342e-02;1.517755e-02;3.527085e-02;9.217753e-02
2.357412e-02;7.274429e-02;6.296867e-02;3.900206e-02;5.224027e-02;8.140460e-02;3.688869e-01;1.087704e-01;3.658715e-02;1.619120e-02;2.476700e-02;1.128633e-01
2.905935e-02;4.788318e-02;8.138791e-02;3.825510e-02;5.088031e-02;1.247305e-01;2.843186e-01;1.193564e-01;6.109560e-02;2.538241e-02;3.885186e-02;9.879881e-02
3.835404e-02;5.871250e-02;9.224495e-02;3.891922e-02;5.321109e-02;1.170097e-01;2.283717e-01;1.212604e-01;9.369086e-02;3.153110e-02;5.109940e-02;7.559496e-02
4.422850e-02;1.161444e-01;1.189623e-01;3.595019e-02;4.790325e-02;7.711148e-02;1.779139e-01;1.274455e-01;9.515289e-02;4.838583e-02;4.290470e-02;6.789714e-02
7.956368e-02;1.772745e-01;1.075125e-01;2.953039e-02;5.074409e-02;1.217427e-01;1.053979e-01;7.164100e-02;6.964520e-02;3.519882e-02;5.531437e-02;9.643491e-02
5.301962e-02;1.484346e-01;7.466511e-02;4.881042e-02;3.130231e-02;7.282142e-02;2.483327e-01;7.506170e-02;3.884001e-02;3.362575e-02;3.287929e-02;1.422071e-01
2.998187e-02;1.001962e-01;3.815708e-02;6.428968e-02;1.377069e-02;2.804949e-02;3.385553e-01;1.017796e-01;1.483227e-02;4.384599e-02;2.051405e-02;2.060278e-01
2.428706e-02;5.947252e-02;1.553842e-02;6.797173e-02;1.132286e-02;2.782845e-02;3.931853e-01;1.054790e-01;1.017560e-02;4.182252e-02;1.023086e-02;2.326856e-01
1.846486e-02;4.845387e-02;2.186881e-02;5.994570e-02;1.930488e-02;6.217559e-02;4.048257e-01;7.979763e-02;2.130919e-02;2.963918e-02;1.652347e-02;2.176911e-01
1.707094e-02;4.057134e-02;1.649929e-02;6.004001e-02;1.993592e-02;1.271465e-01;4.000013e-01;5.507775e-02;3.463805e-02;1.622730e-02;1.660444e-02;1.961871e-01
2.684477e-02;4.582492e-02;3.710511e-02;5.523897e-02;1.756242e-02;1.498666e-01;3.278402e-01;6.037737e-02;6.431342e-02;2.229530e-02;3.179460e-02;1.609363e-01
4.648041e-02;1.303525e-01;9.540850e-02;4.312243e-02;2.689423e-02;1.357449e-01;2.165631e-01;5.215207e-02;7.787783e-02;2.513748e-02;4.168110e-02;1.085854e-01
8.285034e-02;2.312815e-01;1.509824e-01;2.698071e-02;2.602248e-02;1.221908e-01;1.387556e-01;6.973048e-02;4.379659e-02;2.285347e-02;2.518313e-02;5.937257e-02
8.140267e-02;1.917819e-01;1.156938e-01;2.069253e-02;1.884383e-02;1.464724e-01;1.446134e-01;1.042699e-01;2.663377e-02;1.698068e-02;2.434148e-02;1.082737e-01
8.491991e-02;1.723728e-01;1.854702e-02;3.479803e-02;1.593031e-02;1.845492e-01;1.045787e-01;1.121478e-01;2.907709e-02;2.327242e-02;2.947204e-02;1.903347e-01
7.305326e-02;1.557454e-01;7.398746e-02;5.132873e-02;9.853292e-03;1.460084e-01;1.397669e-01;6.952348e-02;3.151197e-02;2.137304e-02;2.030200e-02;2.075461e-01
7.429151e-02;1.531700e-01;8.425999e-02;7.141542e-02;1.331917e-02;1.114731e-01;1.700109e-01;4.472193e-02;3.979859e-02;2.769263e-02;3.155715e-02;1.782896e-01
6.656033e-02;1.381218e-01;6.673774e-02;8.874455e-02;1.615393e-02;8.948274e-02;2.518778e-01;8.139876e-02;3.935529e-02;3.096443e-02;3.048670e-02;1.001159e-01
5.119637e-02;1.181931e-01;5.815330e-02;1.062151e-01;2.211552e-02;6.761319e-02;3.686490e-01;7.283677e-02;3.302233e-02;2.142544e-02;1.963811e-02;6.094166e-02
3.752570e-02;9.383542e-02;5.105515e-02;9.643927e-02;2.418768e-02;8.233389e-02;4.648770e-01;4.610521e-02;2.897776e-02;1.224092e-02;1.287988e-02;4.954210e-02
3.945813e-02;9.600040e-02;3.261833e-02;7.623155e-02;1.512177e-02;8.267528e-02;4.771350e-01;5.243363e-02;2.880570e-02;1.481268e-02;1.654775e-02;6.815979e-02
4.995014e-02;1.209594e-01;5.134691e-02;8.395659e-02;3.397304e-02;4.893062e-02;4.159514e-01;4.129826e-02;2.155858e-02;1.883588e-02;1.622082e-02;9.701838e-02
5.674896e-02;1.283915e-01;4.219688e-02;8.605562e-02;2.996774e-02;3.732364e-02;3.488259e-01;6.409463e-02;3.243997e-02;2.272197e-02;2.303348e-02;1.281998e-01
7.130941e-02;1.594021e-01;5.500237e-02;6.642601e-02;1.766132e-02;7.348629e-02;2.500883e-01;6.353387e-02;4.236685e-02;3.040187e-02;2.847161e-02;1.418501e-01
9.962970e-02;2.111352e-01;1.071170e-01;5.965502e-02;7.993047e-03;1.121463e-01;1.108299e-01;5.354999e-02;4.214376e-02;3.467688e-02;2.296013e-02;1.381630e-01
1.243946e-01;2.358934e-01;9.597008e-02;5.178907e-02;1.773096e-02;8.357050e-02;8.745464e-02;8.752178e-02;4.398151e-02;2.434498e-02;1.661098e-02;1.307375e-01
1.111391e-01;2.662436e-01;1.316170e-01;2.820046e-02;2.027255e-02;4.180284e-02;8.522768e-02;1.073728e-01;4.352148e-02;1.825326e-02;2.389239e-02;1.224568e-01
1.035226e-01;2.485866e-01;1.256581e-01;1.563653e-02;1.700633e-02;6.505829e-02;8.483009e-02;1.025065e-01;4.612144e-02;2.498398e-02;1.938934e-02;1.467003e-01
7.872299e-02;1.823585e-01;8.958789e-02;2.320246e-02;3.041705e-02;9.810285e-02;1.158461e-01;9.385600e-02;7.706232e-02;2.965499e-02;3.559163e-02;1.455972e-01
5.787190e-02;1.887245e-01;1.066348e-01;2.571382e-02;3.360360e-02;1.068687e-01;8.675028e-02;9.216914e-02;8.382637e-02;4.909370e-02;6.392319e-02;1.048201e-01
6.875531e-02;1.654120e-01;7.031983e-02;3.464429e-02;2.430340e-02;7.918329e-02;1.443832e-01;9.719726e-02;5.976333e-02;6.593528e-02;7.107801e-02;1.190247e-01
8.351476e-02;1.315973e-01;2.212261e-02;4.772245e-02;1.709634e-02;5.201083e-02;2.343006e-01;1.037741e-01;4.150487e-02;8.965638e-02;4.295778e-02;1.337420e-01
8.313126e-02;9.639902e-02;5.167519e-02;5.325891e-02;1.631422e-02;3.968326e-02;2.733022e-01;1.027237e-01;5.023114e-02;9.727512e-02;2.178900e-02;1.142170e-01
8.364682e-02;1.247046e-01;6.153109e-02;5.172367e-02;1.517289e-02;2.160439e-02;2.825386e-01;1.073734e-01;4.788348e-02;7.969869e-02;1.687140e-02;1.072510e-01
8.489049e-02;1.145788e-01;4.252648e-02;4.884629e-02;1.017433e-02;2.986278e-02;3.163345e-01;1.044909e-01;4.135405e-02;5.988488e-02;2.443988e-02;1.226166e-01
9.151072e-02;1.428352e-01;4.120816e-02;4.037185e-02;1.326318e-02;6.364184e-02;3.346105e-01;6.240445e-02;1.667798e-02;4.021154e-02;2.970081e-02;1.235638e-01
8.092569e-02;1.514682e-01;6.747901e-02;3.787190e-02;7.514775e-03;7.988231e-02;3.003503e-01;6.451786e-02;2.817789e-02;3.360992e-02;2.614483e-02;1.220574e-01
7.017934e-02;1.610940e-01;5.399730e-02;3.104075e-02;1.166840e-02;6.832790e-02;2.468875e-01;7.909440e-02;3.517553e-02;4.966554e-02;2.485167e-02;1.680177e-01
6.350958e-02;1.543350e-01;5.483126e-02;2.819439e-02;1.358432e-02;5.218285e-02;2.143630e-01;6.390443e-02;3.942475e-02;6.375238e-02;3.391396e-02;2.180041e-01
6.736687e-02;1.324406e-01;6.099317e-02;2.062715e-02;2.392343e-02;6.634997e-02;1.384603e-01;7.213520e-02;4.964669e-02;6.649490e-02;5.782722e-02;2.437345e-01
5.031561e-02;9.766949e-02;7.166076e-02;1.930572e-02;3.172834e-02;1.463606e-01;1.129310e-01;8.783506e-02;5.997640e-02;4.227021e-02;9.782284e-02;1.821240e-01
3.350818e-02;6.475119e-02;8.311563e-02;2.647155e-02;6.052484e-02;2.193425e-01;9.891918e-02;7.712031e-02;8.107050e-02;5.299299e-02;1.120101e-01;9.017304e-02
2.881095e-02;4.264828e-02;4.506644e-02;2.190642e-02;8.039211e-02;2.031916e-01;1.848895e-01;9.646771e-02;1.057998e-01;6.743455e-02;7.152364e-02;5.186895e-02
3.758980e-02;7.580394e-02;4.767990e-02;1.946659e-02;6.831481e-02;1.331769e-01;1.827803e-01;1.290360e-01;1.516205e-01;8.389775e-02;2.968059e-02;4.095281e-02
3.892782e-02;1.080246e-01;3.764153e-02;2.122916e-02;6.588399e-02;1.127529e-01;1.103119e-01;1.493973e-01;1.983486e-01;1.025762e-01;2.728717e-02;2.761883e-02
4.433394e-02;1.064221e-01;2.995458e-02;3.269197e-02;9.023428e-02;7.837147e-02;4.636955e-02;1.402365e-01;2.455825e-01;1.231819e-01;4.081205e-02;2.180918e-02
6.426033e-02;9.895325e-02;4.412543e-02;5.193553e-02;7.696654e-02;5.350376e-02;8.430832e-02;1.344416e-01;2.464759e-01;8.066849e-02;3.696019e-02;2.740059e-02
6.387248e-02;8.059223e-02;4.229065e-02;6.943640e-02;6.738080e-02;2.890161e-02;1.071116e-01;1.441767e-01;2.591708e-01;6.208914e-02;3.250833e-02;4.246923e-02
4.871030e-02;6.913511e-02;4.752718e-02;7.035495e-02;5.938331e-02;5.359463e-02;9.883521e-02;1.661822e-01;2.413719e-01;6.051725e-02;2.452760e-02;5.986032e-02
4.575854e-02;3.964186e-02;3.789661e-02;8.007030e-02;7.174881e-02;5.841171e-02;7.940291e-02;1.736356e-01;2.680893e-01;5.310631e-02;1.752640e-02;7.471170e-02
5.262388e-02;5.404023e-02;3.570065e-02;9.048740e-02;8.320876e-02;4.161274e-02;6.681967e-02;1.679500e-01;2.620450e-01;6.399159e-02;1.960469e-02;6.191541e-02
5.791758e-02;6.192351e-02;4.266173e-02;9.799620e-02;9.746200e-02;5.377440e-02;9.085386e-02;1.417511e-01;2.368047e-01;5.464351e-02;1.603565e-02;4.817579e-02
5.200152e-02;6.463996e-02;3.544204e-02;1.046335e-01;9.588695e-02;4.972169e-02;1.118416e-01;1.572619e-01;2.247903e-01;3.567742e-02;1.940387e-02;4.869919e-02
4.054026e-02;5.852453e-02;2.800492e-02;1.090893e-01;1.025166e-01;6.041777e-02;1.012142e-01;1.522422e-01;2.361632e-01;3.499169e-02;2.674160e-02;4.955366e-02
3.150485e-02;5.065158e-02;3.127095e-02;9.882005e-02;1.164100e-01;8.934126e-02;6.275715e-02;1.448755e-01;2.402734e-01;5.702568e-02;3.651093e-02;4.055865e-02
