1.843453e-01;1.356890e-01;2.290355e-02;1.653671e-02;1.345956e-02;2.345227e-02;1.266996e-01;1.648350e-01;2.184130e-02;2.516757e-02;2.574462e-01;7.623907e-03
1.351763e-01;1.513553e-01;2.068378e-02;3.259430e-02;2.002187e-02;2.516985e-02;9.575879e-02;2.405019e-01;3.834429e-02;3.163201e-02;1.998967e-01;8.864972e-03
9.406149e-02;9.684423e-02;3.285453e-02;3.465011e-02;2.433981e-02;2.158669e-02;1.709841e-01;3.760545e-01;5.053266e-02;2.334003e-02;5.290568e-02;2.184620e-02
7.368291e-02;4.938667e-02;3.725379e-02;2.480556e-02;1.832225e-02;1.562381e-02;1.808401e-01;4.428441e-01;4.663371e-02;1.510878e-02;6.245282e-02;3.304547e-02
9.667055e-02;7.636964e-02;2.668625e-02;2.431626e-02;1.156742e-02;1.520136e-02;1.213791e-01;3.939554e-01;4.264551e-02;2.943646e-02;1.391160e-01;2.265605e-02
6.106111e-02;7.431313e-02;1.432859e-02;1.973529e-02;7.326403e-03;1.759852e-02;1.722846e-01;3.703924e-01;3.678617e-02;3.393915e-02;1.833429e-01;8.891770e-03
5.731168e-02;8.908381e-02;1.389568e-02;1.858362e-02;7.017837e-03;1.996445e-02;2.566062e-01;4.062007e-01;2.916639e-02;2.870512e-02;6.887414e-02;4.590382e-03
9.163246e-02;1.057040e-01;1.198345e-02;1.507804e-02;6.750183e-03;1.132397e-02;2.763740e-01;3.029756e-01;2.036935e-02;3.133165e-02;1.193198e-01;7.157486e-03
7.151855e-02;9.732766e-02;1.903204e-02;1.253237e-02;1.094365e-02;2.376283e-02;3.616679e-01;2.051874e-01;1.448530e-02;3.637370e-02;1.361783e-01;1.099026e-02
4.041838e-02;7.213441e-02;2.575088e-02;1.771788e-02;1.262632e-02;3.607827e-02;3.626139e-01;2.356274e-01;2.171483e-02;2.995493e-02;1.350391e-01;1.032359e-02
1.186258e-01;7.029226e-02;2.238634e-02;1.503560e-02;1.654566e-02;3.535514e-02;3.211574e-01;9.746126e-02;3.503682e-02;4.655675e-02;1.942995e-01;2.724743e-02
9.831142e-02;6.405628e-02;2.425372e-02;1.549667e-02;1.280923e-02;2.484346e-02;1.494190e-01;2.109806e-01;3.923202e-02;4.242940e-02;2.917161e-01;2.645209e-02
1.293176e-01;5.685190e-02;2.811123e-02;3.106165e-02;4.820793e-02;5.201837e-02;1.939888e-01;1.903526e-01;7.520824e-02;4.820107e-02;1.116524e-01;3.502829e-02
1.179502e-01;5.644689e-02;4.818628e-02;6.174149e-02;7.566860e-02;5.970434e-02;1.586346e-01;1.510896e-01;1.129705e-01;5.718220e-02;6.679969e-02;3.362561e-02
1.075908e-01;5.528205e-02;5.040490e-02;6.894018e-02;6.988291e-02;6.004602e-02;1.382909e-01;1.473345e-01;1.379650e-01;5.424837e-02;8.236750e-02;2.764686e-02
1.039308e-01;6.523097e-02;4.311110e-02;6.323443e-02;5.146879e-02;5.864776e-02;1.014603e-01;1.649234e-01;1.604667e-01;6.154064e-02;9.622207e-02;2.976314e-02
1.235822e-01;1.080141e-01;3.071740e-02;2.751806e-02;3.151612e-02;5.147984e-02;1.020007e-01;1.847570e-01;1.504787e-01;8.049813e-02;8.522527e-02;2.421254e-02
2.595553e-01;2.408590e-01;2.890809e-02;1.200853e-02;2.028335e-02;4.519998e-02;1.457049e-01;1.251354e-01;3.695550e-02;3.222832e-02;4.791147e-02;5.250199e-03
3.621334e-01;2.533209e-01;2.426326e-02;7.886357e-03;2.142026e-02;2.980735e-02;1.060219e-01;1.113192e-01;1.896868e-02;1.260801e-02;4.721745e-02;5.033217e-03
5.036602e-01;2.284234e-01;1.476191e-02;6.542555e-03;2.209848e-02;1.764154e-02;5.780426e-02;9.712899e-02;1.690099e-02;8.220551e-03;2.047181e-02;6.345324e-03
6.184622e-01;1.675702e-01;3.109828e-03;1.107722e-02;1.797469e-02;1.696765e-02;2.473725e-02;7.124271e-02;2.053503e-02;9.421488e-03;2.999669e-02;8.905060e-03
5.618530e-01;1.565069e-01;8.438708e-03;2.089087e-02;1.287066e-02;1.787699e-02;4.242409e-02;4.937735e-02;2.282340e-02;1.655622e-02;8.268543e-02;7.696441e-03
3.874410e-01;1.905211e-01;1.293215e-02;3.461925e-02;9.535700e-03;2.231479e-02;7.646445e-02;5.785099e-02;2.112059e-02;2.450431e-02;1.565071e-01;6.188666e-03
2.060125e-01;2.073693e-01;2.339705e-02;3.418455e-02;1.097523e-02;2.299328e-02;1.338838e-01;8.747634e-02;1.942418e-02;3.424076e-02;2.155173e-01;4.525887e-03
3.000970e-01;1.307149e-01;2.156015e-02;1.848181e-02;1.046995e-02;1.878772e-02;1.620721e-01;1.140657e-01;2.290660e-02;3.935712e-02;1.493288e-01;1.215807e-02
2.581150e-01;9.968271e-02;2.424506e-02;1.351912e-02;1.155253e-02;1.871604e-02;2.143161e-01;1.425738e-01;5.423589e-02;3.947488e-02;1.067517e-01;1.681731e-02
1.579290e-01;9.152593e-02;2.763299e-02;2.324921e-02;1.273289e-02;2.271499e-02;1.158651e-01;1.065638e-01;7.138804e-02;5.619522e-02;3.026694e-01;1.153335e-02
1.553804e-01;1.845952e-02;2.150920e-02;2.138546e-02;2.106981e-02;1.974604e-02;6.985039e-02;7.909951e-02;5.152525e-02;5.650902e-02;4.786711e-01;6.794363e-03
1.640776e-01;4.268942e-02;1.657784e-02;9.610293e-03;3.696262e-02;1.589086e-02;2.420821e-02;4.092095e-02;2.876202e-02;3.246242e-02;5.814911e-01;6.346593e-03
1.349394e-01;2.774761e-02;1.385681e-02;1.417858e-02;3.587855e-02;1.915990e-02;2.884182e-02;1.563357e-02;2.435390e-02;2.394312e-02;6.543121e-01;7.154511e-03
9.930573e-02;2.170777e-02;9.273682e-03;3.136173e-02;1.677700e-02;1.515675e-02;3.581534e-02;7.817886e-03;1.022160e-02;2.969056e-02;7.173201e-01;5.551844e-03
8.667129e-02;2.120160e-02;4.094696e-03;3.451541e-02;8.903272e-03;1.128966e-02;4.261187e-02;1.234258e-02;4.754532e-03;3.610289e-02;7.308964e-01;6.615764e-03
8.344679e-02;2.697970e-02;5.186008e-03;2.646513e-02;1.787378e-02;1.635261e-02;3.862389e-02;1.456345e-02;8.404220e-03;5.243252e-02;6.988100e-01;1.086182e-02
9.221026e-02;3.697453e-02;1.021327e-02;2.369534e-02;3.270677e-02;3.094513e-02;3.921374e-02;5.788793e-02;3.284404e-02;7.334240e-02;5.571021e-01;1.286451e-02
4.397020e-02;3.462753e-02;2.689452e-02;4.164514e-02;3.317700e-02;3.945829e-02;7.186850e-02;1.991049e-01;8.151488e-02;6.039708e-02;3.552669e-01;1.207500e-02
6.674483e-02;5.891873e-02;4.539374e-02;4.408420e-02;2.187004e-02;3.762983e-02;1.284054e-01;3.135059e-01;6.531680e-02;1.623189e-02;1.844462e-01;1.745235e-02
4.620383e-02;9.519162e-02;6.013959e-02;2.026757e-02;1.868020e-02;3.523595e-02;1.871878e-01;3.611315e-01;2.782362e-02;1.595112e-02;1.150413e-01;1.714583e-02
3.734929e-02;1.529495e-01;5.210225e-02;1.772937e-02;1.998724e-02;2.596283e-02;2.595080e-01;3.224352e-01;1.088007e-02;8.580035e-03;7.861493e-02;1.390127e-02
3.914419e-02;2.041981e-01;2.973362e-02;1.251787e-02;1.673922e-02;2.840624e-02;3.144299e-01;2.625559e-01;5.421854e-03;7.573794e-03;7.288661e-02;6.392735e-03
6.926967e-02;2.184673e-01;1.425127e-02;5.310883e-03;8.419010e-03;3.826287e-02;3.467934e-01;2.116927e-01;4.905165e-03;5.644024e-03;7.406642e-02;2.917213e-03
9.820637e-02;2.173012e-01;3.843802e-03;1.120183e-02;6.329753e-03;5.364450e-02;3.745696e-01;1.538907e-01;5.466539e-03;5.311027e-03;6.778535e-02;2.449292e-03
1.572794e-01;1.939534e-01;9.992327e-03;2.161352e-02;9.276706e-03;6.878649e-02;3.697883e-01;1.090009e-01;6.249114e-03;6.072589e-03;4.515259e-02;2.834648e-03
1.763940e-01;1.364701e-01;1.057348e-02;2.944365e-02;1.074750e-02;8.439830e-02;3.762317e-01;1.174869e-01;4.879617e-03;9.806882e-03;3.858658e-02;4.981289e-03
1.570572e-01;1.025448e-01;1.208445e-02;3.068145e-02;2.161666e-02;1.006671e-01;3.897468e-01;9.189311e-02;1.153087e-02;1.764321e-02;5.797882e-02;6.555494e-03
9.834027e-02;7.623869e-02;9.397020e-03;1.956589e-02;2.201874e-02;1.017143e-01;4.500871e-01;1.390066e-01;2.387581e-02;1.533579e-02;3.741916e-02;7.000588e-03
4.558572e-02;5.502911e-02;7.280936e-03;9.807905e-03;1.568319e-02;8.070888e-02;5.091457e-01;2.199293e-01;2.487980e-02;8.149997e-03;1.917510e-02;4.624393e-03
4.629633e-02;5.327666e-02;8.013584e-03;8.235747e-03;1.540294e-02;8.242536e-02;5.463707e-01;1.923012e-01;1.921609e-02;9.342830e-03;1.544457e-02;3.673963e-03
5.425815e-02;5.852883e-02;8.424954e-03;1.189160e-02;1.477797e-02;9.070703e-02;5.552436e-01;1.637730e-01;1.042652e-02;1.028825e-02;1.654653e-02;5.133594e-03
5.428798e-02;6.172135e-02;5.726850e-03;9.136698e-03;1.316278e-02;9.266730e-02;5.604703e-01;1.727155e-01;8.980643e-03;6.756741e-03;8.754985e-03;5.618889e-03
5.020728e-02;5.365361e-02;6.451355e-03;9.190924e-03;1.196127e-02;8.447104e-02;5.542418e-01;1.784670e-01;1.153251e-02;1.085478e-02;2.389954e-02;5.068869e-03
3.536114e-02;6.973405e-02;1.238435e-02;7.810330e-03;1.343058e-02;6.215478e-02;4.817982e-01;2.379654e-01;1.460433e-02;1.542165e-02;4.686912e-02;2.465994e-03
3.744939e-02;1.009595e-01;1.627953e-02;6.138846e-03;1.018581e-02;4.500272e-02;4.295838e-01;2.637699e-01;1.321355e-02;1.458187e-02;5.963512e-02;3.199904e-03
5.441731e-02;1.275760e-01;1.246217e-02;5.959037e-03;1.125820e-02;4.527613e-02;4.257526e-01;2.447789e-01;1.244014e-02;7.790172e-03;5.037328e-02;1.916009e-03
3.844110e-02;1.455277e-01;8.312767e-03;3.195139e-03;1.176842e-02;4.114692e-02;4.281627e-01;2.731262e-01;1.391214e-02;3.628004e-03;2.972057e-02;3.058306e-03
2.591828e-02;1.376719e-01;1.207919e-02;6.061513e-03;1.158507e-02;2.793078e-02;3.964279e-01;3.329830e-01;1.255151e-02;4.336144e-03;2.408076e-02;8.373841e-03
9.463917e-03;1.146992e-01;2.046114e-02;7.977369e-03;6.806526e-03;1.409874e-02;3.658365e-01;4.116050e-01;1.017951e-02;6.938634e-03;1.626955e-02;1.566386e-02
7.102025e-03;7.005905e-02;2.694268e-02;6.875784e-03;2.775731e-03;1.440684e-02;3.535065e-01;4.631397e-01;1.151786e-02;1.026175e-02;9.098717e-03;2.431336e-02
1.358513e-02;3.795629e-02;2.465707e-02;5.445751e-03;2.802774e-03;2.118362e-02;3.657518e-01;4.701921e-01;1.293619e-02;1.244991e-02;5.875778e-03;2.716356e-02
2.394550e-02;3.488213e-02;1.788054e-02;5.235762e-03;4.742763e-03;2.821408e-02;3.705374e-01;4.390821e-01;1.524389e-02;1.344612e-02;2.465364e-02;2.213609e-02
2.468839e-02;3.701765e-02;1.179224e-02;4.980838e-03;8.578408e-03;3.152945e-02;3.619620e-01;4.312249e-01;1.696346e-02;1.416364e-02;4.018717e-02;1.691177e-02
2.356723e-02;2.913407e-02;1.218307e-02;4.313634e-03;1.026526e-02;2.676399e-02;3.239965e-01;4.872438e-01;1.599477e-02;1.697479e-02;3.465987e-02;1.490294e-02
1.240674e-02;2.922467e-02;1.328338e-02;4.568829e-03;7.582991e-03;2.804492e-02;3.419205e-01;5.117589e-01;1.402063e-02;1.641564e-02;5.325703e-03;1.544707e-02
1.200418e-02;2.153298e-02;1.400792e-02;5.882809e-03;4.171375e-03;2.553543e-02;3.799250e-01;4.871982e-01;1.335793e-02;1.637032e-02;1.047946e-02;9.534393e-03
1.657820e-02;1.570484e-02;1.588041e-02;9.855884e-03;4.798477e-03;2.047404e-02;4.033549e-01;4.708479e-01;1.143281e-02;1.444755e-02;1.300921e-02;3.615850e-03
9.220470e-03;3.158929e-02;1.314704e-02;1.239050e-02;1.032497e-02;2.082414e-02;3.776065e-01;4.437450e-01;1.321870e-02;1.153995e-02;4.967314e-02;6.720305e-03
6.158018e-02;6.617459e-02;1.404005e-02;1.269310e-02;1.528458e-02;1.543241e-02;2.791453e-01;3.637319e-01;1.772831e-02;1.564602e-02;1.296138e-01;8.929741e-03
1.240198e-01;1.448699e-01;1.238305e-02;8.343905e-03;1.120787e-02;2.501536e-02;2.529125e-01;2.495877e-01;1.614017e-02;1.264210e-02;1.373613e-01;5.516383e-03
1.368241e-01;2.455887e-01;9.279368e-03;2.767953e-03;4.988949e-03;3.486962e-02;2.811116e-01;1.707951e-01;1.148670e-02;9.983380e-03;8.777054e-02;4.534079e-03
2.048304e-01;3.045533e-01;8.028757e-03;5.769733e-03;5.462298e-03;3.963584e-02;2.620955e-01;1.141133e-01;6.217406e-03;8.735410e-03;3.522152e-02;5.336508e-03
2.964444e-01;2.876642e-01;5.538528e-03;1.119396e-02;6.163814e-03;4.200359e-02;2.354002e-01;6.652064e-02;4.005489e-03;7.991353e-03;2.275946e-02;1.431437e-02
3.608677e-01;2.014695e-01;6.275649e-03;1.602827e-02;7.117104e-03;4.793982e-02;2.405974e-01;6.200402e-02;3.029090e-03;1.026404e-02;1.501696e-02;2.939046e-02
3.933559e-01;1.095269e-01;5.433223e-03;1.599269e-02;1.140528e-02;6.308819e-02;2.596911e-01;6.818301e-02;2.915576e-03;1.700017e-02;1.856145e-02;3.484647e-02
3.637286e-01;1.083579e-01;5.421290e-03;1.415253e-02;1.676983e-02;7.456022e-02;2.708307e-01;7.426739e-02;3.549038e-03;1.892354e-02;2.314395e-02;2.629507e-02
3.031234e-01;1.086273e-01;1.084428e-02;9.220306e-03;1.781337e-02;7.206827e-02;2.708271e-01;1.077485e-01;3.833603e-03;1.519269e-02;6.558784e-02;1.511332e-02
2.632894e-01;1.260055e-01;1.432899e-02;8.301202e-03;1.730874e-02;5.612781e-02;2.571933e-01;1.330591e-01;5.870489e-03;1.623584e-02;9.611764e-02;6.162033e-03
2.633455e-01;9.450394e-02;2.007220e-02;1.814470e-02;1.704010e-02;4.390766e-02;2.625067e-01;9.022804e-02;1.407373e-02;3.343308e-02;1.346587e-01;8.085759e-03
1.912416e-01;6.072050e-02;2.379989e-02;2.299377e-02;2.277302e-02;6.432968e-02;2.541571e-01;1.343243e-01;2.138699e-02;3.882613e-02;1.473853e-01;1.806181e-02
1.484136e-01;5.583676e-02;2.754366e-02;2.283607e-02;3.712079e-02;9.044556e-02;2.416716e-01;1.148134e-01;1.938101e-02;4.832334e-02;1.735215e-01;2.009276e-02
1.297145e-01;5.072736e-02;3.768174e-02;2.860186e-02;6.088116e-02;1.259059e-01;2.182626e-01;5.386394e-02;2.676531e-02;5.044470e-02;1.914483e-01;2.570262e-02
1.515729e-01;3.143579e-02;3.712158e-02;2.917832e-02;5.640734e-02;1.114191e-01;2.278587e-01;7.170130e-02;2.835033e-02;2.889368e-02;1.845517e-01;4.150943e-02
1.522976e-01;1.729309e-02;3.736150e-02;3.606390e-02;6.790177e-02;1.266589e-01;2.205371e-01;8.109645e-02;3.219859e-02;1.459151e-02;1.542938e-01;5.970578e-02
1.228813e-01;1.336127e-02;3.404179e-02;3.761872e-02;7.064234e-02;1.361739e-01;2.672935e-01;9.217694e-02;3.304060e-02;7.549803e-03;1.126515e-01;7.256828e-02
1.329512e-01;3.654348e-02;4.039842e-02;3.843169e-02;7.109815e-02;1.286587e-01;2.706922e-01;6.637750e-02;3.681882e-02;1.018874e-02;1.187156e-01;4.912540e-02
1.439252e-01;4.656434e-02;4.588108e-02;4.220548e-02;6.955892e-02;1.269933e-01;2.593118e-01;8.355764e-02;3.980573e-02;1.055925e-02;1.012567e-01;3.038053e-02
1.173477e-01;4.180195e-02;3.994405e-02;4.288225e-02;6.720774e-02;1.101023e-01;2.682327e-01;1.186936e-01;4.461104e-02;1.023891e-02;1.111073e-01;2.783038e-02
1.245786e-01;4.406902e-02;4.723113e-02;4.311503e-02;7.433217e-02;1.023192e-01;2.272051e-01;1.275428e-01;4.703206e-02;1.422793e-02;1.150847e-01;3.326209e-02
1.293716e-01;4.899715e-02;6.137044e-02;3.554170e-02;6.120128e-02;8.566161e-02;2.173626e-01;1.339860e-01;4.352609e-02;3.419529e-02;1.251776e-01;2.360862e-02
1.367359e-01;7.214633e-02;7.372187e-02;3.745612e-02;3.535045e-02;5.188434e-02;1.536415e-01;7.448237e-02;6.250940e-02;4.679305e-02;2.373406e-01;1.793798e-02
1.048202e-01;1.065836e-01;7.436917e-02;4.331216e-02;3.635426e-02;3.587797e-02;1.308700e-01;7.271523e-02;6.725527e-02;5.186688e-02;2.636594e-01;1.231581e-02
9.211147e-02;1.289523e-01;7.456236e-02;4.619325e-02;3.914113e-02;3.329800e-02;1.190406e-01;7.764757e-02;6.245387e-02;7.164188e-02;2.417634e-01;1.319407e-02
1.094221e-01;1.637161e-01;6.331540e-02;3.521476e-02;3.076592e-02;2.908564e-02;1.239969e-01;7.755394e-02;1.043552e-01;9.032404e-02;1.573372e-01;1.491267e-02
1.368894e-01;1.912627e-01;5.815908e-02;3.224490e-02;3.902180e-02;2.807343e-02;9.959229e-02;7.132438e-02;1.545381e-01;1.247453e-01;5.108133e-02;1.306742e-02
1.222205e-01;1.436557e-01;5.868609e-02;4.534584e-02;5.180480e-02;3.810193e-02;9.445371e-02;8.201467e-02;1.014353e-01;1.448396e-01;1.083559e-01;9.085975e-03
8.598024e-02;5.771696e-02;5.327761e-02;4.929998e-02;4.218865e-02;3.734877e-02;1.277598e-01;1.013972e-01;2.031675e-01;1.594218e-01;7.089471e-02;1.154678e-02
5.094206e-02;3.806470e-02;4.456346e-02;4.092460e-02;3.553335e-02;3.215893e-02;1.352842e-01;9.475941e-02;3.953797e-01;9.040023e-02;3.435844e-02;7.630890e-03
4.602559e-02;2.866060e-02;3.580888e-02;2.933290e-02;2.186079e-02;5.111421e-02;1.040060e-01;1.005165e-01;3.999392e-01;1.507343e-01;2.048124e-02;1.151977e-02
3.021334e-02;2.983984e-02;2.563870e-02;2.919792e-02;2.071796e-02;4.855986e-02;5.868693e-02;1.009745e-01;3.284455e-01;2.820061e-01;3.160760e-02;1.411173e-02
3.418020e-02;2.395236e-02;1.551064e-02;4.185231e-02;2.664512e-02;2.805352e-02;5.458358e-02;8.334304e-02;3.500443e-01;2.952735e-01;3.239394e-02;1.416757e-02
4.233871e-02;2.193922e-02;1.897292e-02;4.682392e-02;2.729704e-02;3.190340e-02;6.822263e-02;9.498584e-02;3.579012e-01;2.584279e-01;2.041575e-02;1.077148e-02
4.163180e-02;3.393444e-02;2.237398e-02;4.652693e-02;2.288190e-02;3.650496e-02;1.078882e-01;1.130020e-01;3.018222e-01;2.497335e-01;9.959568e-03;1.374045e-02
4.637981e-02;6.940880e-02;3.815284e-02;5.648276e-02;2.641789e-02;5.250884e-02;1.274391e-01;1.642112e-01;1.906963e-01;1.873130e-01;1.347537e-02;2.751413e-02
9.796843e-02;8.076220e-02;4.554810e-02;5.047910e-02;3.151233e-02;5.559574e-02;1.817989e-01;2.039842e-01;9.497890e-02;1.068173e-01;1.537093e-02;3.518393e-02
1.141114e-01;7.104997e-02;3.364125e-02;3.227186e-02;3.450131e-02;7.357210e-02;2.027775e-01;1.474508e-01;8.773680e-02;1.189311e-01;3.985315e-02;4.410286e-02
8.646570e-02;7.860813e-02;4.838771e-02;3.676266e-02;2.333584e-02;6.912063e-02;1.764833e-01;1.561344e-01;8.532271e-02;8.088467e-02;1.243948e-01;3.409949e-02
9.933423e-02;8.527203e-02;3.888985e-02;4.017929e-02;2.986113e-02;4.923910e-02;1.872275e-01;1.814179e-01;5.000324e-02;8.376650e-02;1.182388e-01;3.657049e-02
1.436727e-01;1.176885e-01;4.407348e-02;3.554754e-02;3.801634e-02;3.318997e-02;1.159143e-01;1.343520e-01;5.320506e-02;9.414479e-02;1.476486e-01;4.254669e-02
8.692140e-02;8.173908e-02;6.138372e-02;1.091581e-01;4.726597e-02;2.963841e-02;1.184531e-01;1.329676e-01;8.118221e-02;8.810349e-02;1.428560e-01;2.033088e-02
5.442362e-02;6.098643e-02;5.940989e-02;1.071802e-01;4.251114e-02;4.177678e-02;1.524036e-01;1.767975e-01;7.453369e-02;7.157111e-02;1.441958e-01;1.421027e-02
4.125853e-02;5.693372e-02;5.412403e-02;8.725613e-02;2.943829e-02;4.715430e-02;1.914639e-01;1.829263e-01;5.854912e-02;5.684284e-02;1.808177e-01;1.323518e-02
1.097417e-01;4.786823e-02;3.660080e-02;3.167419e-02;1.527334e-02;3.411336e-02;1.808094e-01;2.072913e-01;2.943627e-02;2.466767e-02;2.748992e-01;7.624486e-03
1.837411e-01;8.712563e-02;2.199802e-02;2.316022e-02;1.297659e-02;3.330052e-02;1.882135e-01;1.654428e-01;1.497238e-02;2.167235e-02;2.421066e-01;5.290337e-03
2.603595e-01;1.105169e-01;1.635167e-02;2.236332e-02;1.567779e-02;4.551933e-02;1.941841e-01;1.041308e-01;1.497243e-02;2.245710e-02;1.878777e-01;5.589294e-03
3.611709e-01;1.207234e-01;9.941851e-03;1.740381e-02;1.758671e-02;6.121263e-02;1.917556e-01;5.818009e-02;2.175906e-02;2.046108e-02;1.142056e-01;5.599145e-03
4.282043e-01;1.121195e-01;7.382311e-03;1.642870e-02;1.896089e-02;7.484525e-02;1.889382e-01;3.189079e-02;2.322372e-02;1.415291e-02;7.739840e-02;6.455090e-03
3.528365e-01;1.130111e-01;1.418744e-02;1.913256e-02;1.900221e-02;7.225513e-02;2.188512e-01;7.317821e-02;1.867599e-02;1.177851e-02;8.025509e-02;6.836059e-03
2.750799e-01;1.355608e-01;2.482345e-02;2.424321e-02;1.794800e-02;6.061954e-02;2.346140e-01;1.128124e-01;1.647948e-02;9.625703e-03;8.184692e-02;6.346617e-03
2.743750e-01;1.229828e-01;2.628418e-02;2.784373e-02;2.624313e-02;3.918323e-02;2.326204e-01;1.614572e-01;1.666826e-02;2.599809e-02;3.384010e-02;1.250389e-02
1.549770e-01;9.577249e-02;2.703100e-02;1.493535e-02;2.752943e-02;5.836419e-02;2.652639e-01;1.704969e-01;1.696126e-02;2.343106e-02;1.256099e-01;1.962739e-02
1.268752e-01;7.530361e-02;3.208068e-02;1.564155e-02;2.328568e-02;7.398499e-02;2.951641e-01;1.732294e-01;2.149781e-02;1.983406e-02;1.308813e-01;1.222164e-02
2.307693e-01;5.271192e-02;3.785955e-02;3.146486e-02;3.384165e-02;8.521920e-02;2.501070e-01;1.300591e-01;2.712589e-02;1.112991e-02;9.418187e-02;1.552974e-02
3.471515e-01;4.419800e-02;3.730048e-02;5.140580e-02;5.500208e-02;9.029772e-02;1.416852e-01;6.237546e-02;3.606788e-02;9.621418e-03;1.008273e-01;2.406719e-02
3.605244e-01;5.560425e-02;3.217405e-02;4.660878e-02;5.065706e-02;7.852421e-02;1.146958e-01;5.542144e-02;2.894893e-02;8.982758e-03;1.451840e-01;2.267428e-02
3.550785e-01;6.349725e-02;3.279421e-02;3.046970e-02;4.303820e-02;6.764232e-02;9.941279e-02;5.157474e-02;2.185619e-02;1.612315e-02;1.974919e-01;2.102111e-02
2.242139e-01;1.474174e-01;3.320919e-02;2.010022e-02;5.436501e-02;5.416122e-02;9.312318e-02;6.450217e-02;1.438982e-02;2.174593e-02;2.477232e-01;2.504872e-02
1.308717e-01;1.219179e-01;3.451436e-02;2.388620e-02;4.282537e-02;5.550148e-02;1.032541e-01;4.788975e-02;1.619784e-02;3.777255e-02;3.665008e-01;1.886795e-02
1.831181e-01;7.512451e-02;3.708798e-02;2.599127e-02;2.436663e-02;5.315629e-02;1.054097e-01;5.580374e-02;2.715277e-02;3.567524e-02;3.637506e-01;1.336317e-02
1.896584e-01;1.227649e-01;5.137859e-02;3.574334e-02;4.341051e-02;5.198976e-02;1.202689e-01;5.219225e-02;4.432143e-02;3.554091e-02;2.266172e-01;2.611385e-02
1.232186e-01;1.600903e-01;6.428051e-02;6.192451e-02;4.783773e-02;3.679609e-02;1.133583e-01;7.454666e-02;5.728041e-02;4.347643e-02;1.841586e-01;3.303179e-02
9.685895e-02;9.130300e-02;3.847386e-02;5.244975e-02;8.249956e-02;6.565905e-02;1.374889e-01;1.034110e-01;7.070337e-02;3.746219e-02;1.623359e-01;6.135439e-02
9.398136e-02;7.631475e-02;3.404060e-02;4.816732e-02;1.030816e-01;8.185884e-02;1.384211e-01;1.131281e-01;7.892008e-02;5.892855e-02;1.011989e-01;7.195885e-02
6.619493e-02;7.289204e-02;5.582848e-02;6.692407e-02;1.015697e-01;9.336225e-02;1.246314e-01;1.200476e-01;7.795286e-02;8.625960e-02;6.048629e-02;7.385076e-02
1.173781e-01;5.056629e-02;5.498310e-02;7.412886e-02;4.736577e-02;1.066642e-01;1.369901e-01;1.107694e-01;7.447239e-02;9.711310e-02;7.453148e-02;5.503716e-02
1.212240e-01;7.635631e-02;3.998462e-02;7.761595e-02;7.079827e-02;7.606682e-02;9.657811e-02;8.237685e-02;9.928546e-02;8.770126e-02;1.289379e-01;4.307435e-02
7.510626e-02;1.015544e-01;4.592530e-02;1.187173e-01;6.401137e-02;7.239658e-02;8.090087e-02;7.334178e-02;9.553877e-02;9.389958e-02;1.297046e-01;4.890319e-02
8.587177e-02;7.458864e-02;4.470910e-02;1.199404e-01;8.764886e-02;7.385210e-02;7.971631e-02;9.476926e-02;7.886952e-02;1.176936e-01;1.072871e-01;3.505331e-02
1.011367e-01;6.567868e-02;5.152012e-02;8.067540e-02;1.311499e-01;6.461283e-02;7.438562e-02;1.117559e-01;6.810997e-02;1.142225e-01;8.328342e-02;5.346892e-02
9.471784e-02;3.865509e-02;4.184743e-02;9.196821e-02;1.121863e-01;7.963001e-02;1.333869e-01;1.439286e-01;5.969786e-02;5.112540e-02;1.074287e-01;4.542769e-02
9.503278e-02;4.629399e-02;3.581636e-02;1.283876e-01;1.002015e-01;9.138761e-02;1.569806e-01;1.091283e-01;4.312748e-02;3.311035e-02;1.219966e-01;3.853671e-02
9.850284e-02;7.412521e-02;4.049582e-02;9.070712e-02;9.221254e-02;1.008476e-01;1.554559e-01;8.495385e-02;7.176755e-02;6.391586e-02;8.026659e-02;4.674917e-02
5.858130e-02;8.565737e-02;3.345057e-02;7.147626e-02;5.842446e-02;8.577525e-02;1.527999e-01;1.566666e-01;1.031420e-01;6.185373e-02;9.940994e-02;3.276268e-02
7.343919e-02;9.642291e-02;3.636259e-02;6.234780e-02;5.652765e-02;7.002259e-02;1.116587e-01;1.786734e-01;8.278949e-02;5.435658e-02;1.186821e-01;5.871699e-02
1.065714e-01;9.908628e-02;2.890139e-02;5.920603e-02;3.440493e-02;5.380004e-02;1.724686e-01;1.587358e-01;4.376752e-02;5.406935e-02;1.570262e-01;3.196244e-02
7.677962e-02;1.186807e-01;2.336528e-02;9.925378e-03;2.007723e-02;3.894718e-02;1.911417e-01;1.917342e-01;3.740320e-02;5.655830e-02;2.003171e-01;3.507004e-02
1.442993e-01;1.661278e-01;1.683857e-02;9.337347e-03;9.931137e-03;3.470647e-02;1.983445e-01;1.728133e-01;2.069770e-02;4.427609e-02;1.625780e-01;2.004986e-02
1.695185e-01;2.395930e-01;1.023800e-02;4.882474e-03;6.528575e-03;3.494222e-02;2.208222e-01;1.375859e-01;9.143936e-03;2.448009e-02;1.217910e-01;2.047407e-02
1.737294e-01;3.341660e-01;8.348054e-03;6.831227e-03;5.530572e-03;3.699310e-02;2.186485e-01;1.008388e-01;2.532708e-03;9.723549e-03;8.315413e-02;1.950403e-02
2.068404e-01;3.861322e-01;1.948450e-02;1.641863e-02;6.978744e-03;4.001953e-02;1.911612e-01;5.698019e-02;1.907729e-03;1.149177e-02;4.946376e-02;1.312128e-02
2.286185e-01;3.748282e-01;3.199755e-02;2.206674e-02;1.778016e-02;4.792710e-02;1.934549e-01;3.397931e-02;2.310555e-03;1.429669e-02;2.587479e-02;6.865505e-03
2.313514e-01;2.958802e-01;2.590070e-02;3.501834e-02;4.076626e-02;5.883390e-02;2.277064e-01;4.613219e-02;3.851950e-03;1.293747e-02;1.574887e-02;5.872232e-03
2.272882e-01;2.298460e-01;1.030619e-02;3.529485e-02;3.792949e-02;6.582832e-02;2.815093e-01;7.366732e-02;7.955567e-03;8.632395e-03;1.638130e-02;5.361075e-03
2.513149e-01;2.114739e-01;5.403752e-03;2.412317e-02;1.315524e-02;5.783045e-02;2.939593e-01;9.102765e-02;1.171861e-02;9.594076e-03;2.404281e-02;6.356127e-03
2.976245e-01;2.019301e-01;6.850425e-03;1.812890e-02;6.202839e-03;5.013730e-02;2.773974e-01;8.430869e-02;1.174128e-02;1.021779e-02;2.597206e-02;9.488670e-03
3.122051e-01;1.835104e-01;6.643966e-03;9.699565e-03;7.161809e-03;5.075882e-02;2.614398e-01;9.954996e-02;7.593708e-03;8.508285e-03;4.440602e-02;8.522558e-03
2.968064e-01;1.702541e-01;1.326736e-02;1.179352e-02;1.324646e-02;6.114859e-02;2.467826e-01;1.038043e-01;6.504806e-03;7.589385e-03;6.291206e-02;5.890405e-03
2.990096e-01;1.427232e-01;2.305628e-02;2.069847e-02;2.304959e-02;9.188276e-02;2.529485e-01;7.774051e-02;8.216129e-03;1.094960e-02;4.221854e-02;7.506862e-03
2.097303e-01;6.486195e-02;1.465225e-02;2.021118e-02;1.981115e-02;9.929825e-02;3.778040e-01;1.223132e-01;1.260061e-02;2.075647e-02;2.851977e-02;9.440854e-03
1.568451e-01;7.194988e-02;1.218800e-02;2.393984e-02;1.459258e-02;1.026587e-01;4.189635e-01;1.072346e-01;1.149222e-02;3.329010e-02;3.865222e-02;8.193170e-03
1.530159e-01;5.288726e-02;1.284278e-02;2.761514e-02;2.067595e-02;1.131849e-01;4.330520e-01;9.738972e-02;1.187142e-02;4.259428e-02;2.644836e-02;8.422243e-03
1.842372e-01;4.131728e-02;1.594637e-02;2.711287e-02;3.342189e-02;1.278082e-01;4.055978e-01;7.096140e-02;1.557560e-02;3.716622e-02;2.942696e-02;1.142830e-02
1.958138e-01;5.110935e-02;1.872420e-02;2.881962e-02;3.802047e-02;1.343218e-01;3.822802e-01;4.381010e-02;2.031702e-02;2.610869e-02;4.849441e-02;1.218022e-02
1.483130e-01;3.635534e-02;1.983453e-02;1.880058e-02;3.911635e-02;1.307370e-01;3.752926e-01;9.826712e-02;2.747811e-02;2.969249e-02;7.011428e-02;5.998631e-03
1.168856e-01;2.358596e-02;2.844160e-02;4.080218e-02;6.510390e-02;1.443457e-01;3.519869e-01;5.149677e-02;4.108511e-02;2.826537e-02;9.179132e-02;1.620960e-02
8.803263e-02;2.931328e-02;3.048937e-02;5.346398e-02;9.206461e-02;1.402183e-01;2.854291e-01;4.328100e-02;4.234410e-02;2.106957e-02;1.478165e-01;2.647750e-02
5.579755e-02;6.260796e-02;3.668484e-02;4.725407e-02;7.668249e-02;1.067215e-01;2.304725e-01;4.656648e-02;3.342622e-02;2.771817e-02;2.565352e-01;1.953305e-02
6.647819e-02;1.052463e-01;4.866615e-02;3.912390e-02;4.280663e-02;6.150681e-02;1.759678e-01;6.705506e-02;2.592213e-02;3.824352e-02;3.180790e-01;1.090450e-02
5.956570e-02;1.356244e-01;5.969332e-02;4.980343e-02;2.469090e-02;3.517517e-02;1.590739e-01;8.251256e-02;2.815567e-02;3.313944e-02;3.202604e-01;1.230515e-02
8.265103e-02;1.563677e-01;7.076783e-02;6.632286e-02;3.309684e-02;4.029877e-02;1.280743e-01;6.149794e-02;3.393423e-02;3.029876e-02;2.791964e-01;1.749327e-02
1.017162e-01;2.094347e-01;8.828496e-02;5.516596e-02;3.131642e-02;3.812520e-02;1.327711e-01;7.834406e-02;3.437737e-02;3.338616e-02;1.798977e-01;1.718019e-02
9.129653e-02;2.644092e-01;9.442211e-02;4.021190e-02;2.449236e-02;2.814801e-02;1.176876e-01;8.663566e-02;3.725565e-02;2.836385e-02;1.702852e-01;1.679197e-02
1.154879e-01;2.292239e-01;7.901201e-02;3.586680e-02;2.690542e-02;2.806668e-02;1.357625e-01;8.973305e-02;2.720765e-02;3.302756e-02;1.870167e-01;1.268991e-02
1.065447e-01;1.434107e-01;6.091571e-02;5.490812e-02;5.047681e-02;4.531211e-02;1.332127e-01;1.024207e-01;4.841219e-02;6.809735e-02;1.644551e-01;2.183378e-02
1.181333e-01;8.734715e-02;5.603382e-02;7.080833e-02;5.683714e-02;5.864313e-02;1.215480e-01;1.014873e-01;6.640495e-02;7.564281e-02;1.529853e-01;3.412874e-02
1.135527e-01;8.678465e-02;5.725021e-02;6.660620e-02;3.264547e-02;5.366306e-02;1.588538e-01;1.003032e-01;5.812058e-02;4.807036e-02;1.950831e-01;2.906666e-02
1.119649e-01;1.086503e-01;5.348412e-02;4.199299e-02;2.956796e-02;4.266065e-02;1.772339e-01;8.212212e-02;5.440477e-02;4.884531e-02;2.309183e-01;1.815459e-02
1.050548e-01;9.093719e-02;4.892162e-02;4.702292e-02;3.195846e-02;3.820956e-02;1.694390e-01;9.479333e-02;4.244111e-02;8.587466e-02;2.165389e-01;2.880839e-02
8.366252e-02;1.148217e-01;6.842546e-02;5.951053e-02;4.627917e-02;5.131887e-02;1.273045e-01;1.144342e-01;5.376440e-02;7.785764e-02;1.569575e-01;4.566350e-02
8.999854e-02;1.014845e-01;8.139925e-02;7.332772e-02;5.754890e-02;4.173650e-02;1.678123e-01;1.177344e-01;5.814561e-02;4.619276e-02;1.094158e-01;5.520369e-02
1.035865e-01;1.024124e-01;7.128620e-02;7.078149e-02;5.825879e-02;3.568280e-02;1.480389e-01;1.526790e-01;6.813212e-02;6.806348e-02;8.867654e-02;3.240186e-02
9.441864e-02;8.633308e-02;7.309927e-02;6.619999e-02;8.967037e-02;6.262742e-02;1.172253e-01;1.136524e-01;9.658922e-02;7.120588e-02;8.650830e-02;4.247012e-02
1.127847e-01;6.276926e-02;6.637403e-02;7.074800e-02;8.688919e-02;6.595479e-02;7.984488e-02;9.440454e-02;1.482811e-01;8.111698e-02;8.040296e-02;5.042958e-02
1.812494e-01;7.859191e-02;5.430238e-02;8.299331e-02;4.280842e-02;5.685908e-02;8.884966e-02;9.689226e-02;1.085843e-01;1.028860e-01;8.538871e-02;2.059458e-02
1.321165e-01;7.717139e-02;4.935148e-02;8.779792e-02;3.749962e-02;5.705813e-02;1.008196e-01;2.141960e-01;8.269506e-02;6.935076e-02;7.076727e-02;2.117644e-02
8.288135e-02;1.157750e-01;5.182256e-02;5.153074e-02;4.236565e-02;5.735333e-02;9.982391e-02;2.934143e-01;7.394844e-02;3.878899e-02;6.125133e-02;3.104433e-02
1.344370e-01;1.399189e-01;3.516416e-02;2.826671e-02;4.642285e-02;3.954812e-02;1.074227e-01;2.301345e-01;4.215751e-02;4.523200e-02;1.286232e-01;2.267236e-02
1.850524e-01;8.000192e-02;1.663158e-02;1.890722e-02;2.320328e-02;3.800164e-02;1.580531e-01;1.548905e-01;1.507222e-02;3.576992e-02;2.512121e-01;2.320426e-02
2.403434e-01;8.685754e-02;1.135017e-02;1.829537e-02;1.819368e-02;4.435707e-02;1.913874e-01;1.169564e-01;9.494253e-03;3.158005e-02;2.114726e-01;1.971220e-02
3.021559e-01;1.183975e-01;8.663100e-03;2.152256e-02;1.260124e-02;4.745585e-02;2.169289e-01;7.857571e-02;5.946029e-03;3.031076e-02;1.410613e-01;1.638121e-02
3.479255e-01;1.405988e-01;5.150822e-03;2.170436e-02;1.241239e-02;5.609796e-02;2.339116e-01;6.819607e-02;3.016783e-03;3.596851e-02;6.166171e-02;1.335539e-02
4.000171e-01;1.234500e-01;3.425364e-03;1.959026e-02;1.917592e-02;6.784373e-02;2.376827e-01;5.549572e-02;2.939643e-03;3.991845e-02;2.050016e-02;9.960936e-03
4.370363e-01;7.920843e-02;4.210918e-03;1.272655e-02;2.376698e-02;7.997561e-02;2.392816e-01;5.398440e-02;4.226708e-03;3.464695e-02;2.384261e-02;7.092992e-03
4.324937e-01;6.455824e-02;5.999320e-03;1.170826e-02;2.726024e-02;8.756154e-02;2.505018e-01;6.179991e-02;8.892346e-03;2.961860e-02;1.165210e-02;7.953858e-03
4.062618e-01;4.990079e-02;1.180150e-02;1.573912e-02;3.253767e-02;9.740869e-02;2.436907e-01;4.415954e-02;1.396178e-02;2.124203e-02;5.183024e-02;1.146620e-02
3.305347e-01;3.891408e-02;2.303307e-02;2.534556e-02;3.624359e-02;1.090647e-01;2.454496e-01;2.914755e-02;1.927366e-02;2.451872e-02;1.032781e-01;1.519670e-02
1.613921e-01;6.079134e-02;3.507599e-02;5.134506e-02;4.191970e-02;1.113494e-01;2.505131e-01;2.779667e-02;2.420509e-02;4.399430e-02;1.680053e-01;2.361194e-02
6.416799e-02;6.450423e-02;3.741636e-02;6.902930e-02;6.256057e-02;1.081066e-01;2.571070e-01;5.162690e-02;2.895185e-02;4.376803e-02;1.894128e-01;2.334844e-02
1.539651e-01;5.561013e-02;4.380198e-02;9.165744e-02;7.009155e-02;1.039464e-01;2.049925e-01;3.936097e-02;3.638187e-02;4.139535e-02;1.244546e-01;3.434206e-02
1.298697e-01;6.695963e-02;5.792132e-02;7.321587e-02;4.267952e-02;7.445864e-02;1.916548e-01;5.633583e-02;3.294625e-02;8.304874e-02;1.319988e-01;5.891084e-02
1.129574e-01;7.329310e-02;6.601773e-02;6.018544e-02;3.309485e-02;4.537552e-02;1.337846e-01;5.391014e-02;3.053264e-02;8.910353e-02;2.530757e-01;4.866930e-02
1.214525e-01;6.554379e-02;6.325759e-02;9.002297e-02;4.820475e-02;2.867117e-02;8.246336e-02;4.808892e-02;4.091159e-02;5.259164e-02;2.817450e-01;7.704675e-02
8.452355e-02;3.623929e-02;6.055518e-02;9.229962e-02;6.943067e-02;5.353685e-02;9.589392e-02;5.324669e-02;5.234583e-02;4.062289e-02;2.555291e-01;1.057764e-01
8.732389e-02;4.621907e-02;5.182105e-02;1.012139e-01;6.610528e-02;7.985453e-02;1.426582e-01;5.065171e-02;7.154897e-02;6.457017e-02;1.461386e-01;9.189461e-02
1.126348e-01;8.147854e-02;2.748583e-02;6.837863e-02;6.223141e-02;6.425641e-02;2.021555e-01;1.055265e-01;6.422428e-02;6.707810e-02;8.885399e-02;5.569605e-02
1.089209e-01;1.234549e-01;1.550279e-02;2.931569e-02;2.529505e-02;4.390026e-02;3.120410e-01;1.441491e-01;4.023113e-02;7.092870e-02;6.562789e-02;2.063265e-02
6.815818e-02;1.399670e-01;1.133312e-02;1.790555e-02;3.026709e-02;4.451511e-02;3.786687e-01;1.963320e-01;2.295393e-02;4.014896e-02;4.013687e-02;9.613545e-03
3.766615e-02;1.453949e-01;1.086710e-02;1.421961e-02;4.601926e-02;4.440178e-02;4.031746e-01;2.228147e-01;1.593321e-02;1.667193e-02;3.607497e-02;6.761737e-03
1.773596e-02;1.509899e-01;1.588816e-02;1.019874e-02;5.477037e-02;3.839128e-02;3.929742e-01;2.575111e-01;1.309646e-02;1.010911e-02;3.189686e-02;6.437898e-03
2.357315e-02;1.453330e-01;2.347770e-02;1.928653e-02;4.581131e-02;2.862485e-02;3.674691e-01;2.975570e-01;1.205006e-02;5.698997e-03;2.166437e-02;9.453946e-03
1.799916e-02;1.154451e-01;4.020503e-02;2.066308e-02;2.449162e-02;1.840734e-02;3.570825e-01;3.594328e-01;1.133947e-02;5.731762e-03;1.172149e-02;1.748062e-02
9.927785e-03;8.018053e-02;5.789696e-02;1.297191e-02;8.775283e-03;1.300991e-02;3.453128e-01;4.207687e-01;9.914410e-03;7.740543e-03;1.118784e-02;2.231336e-02
2.155504e-02;4.166334e-02;7.861808e-02;5.590684e-03;6.908618e-03;1.563363e-02;3.449299e-01;4.268982e-01;9.135271e-03;8.501275e-03;1.766659e-02;2.289940e-02
2.868154e-02;8.666826e-02;8.197399e-02;7.365250e-03;1.220226e-02;1.956625e-02;3.485712e-01;3.629028e-01;7.560121e-03;4.375293e-03;2.104139e-02;1.909167e-02
3.040462e-02;1.860344e-01;6.651814e-02;6.689983e-03;1.969616e-02;2.472144e-02;3.415712e-01;2.686287e-01;7.045048e-03;4.705134e-03;3.273591e-02;1.124924e-02
5.180861e-02;2.393104e-01;4.186943e-02;3.581365e-02;1.909443e-02;3.741962e-02;3.320634e-01;1.922470e-01;6.866621e-03;7.941775e-03;2.811599e-02;7.449176e-03
1.251406e-01;2.062769e-01;3.053227e-02;1.018981e-01;2.472620e-02;6.290579e-02;2.739238e-01;1.168744e-01;9.410186e-03;1.450047e-02;2.122226e-02;1.258898e-02
1.908682e-01;1.374927e-01;6.625536e-02;1.351159e-01;4.684329e-02;8.423369e-02;1.842842e-01;4.614362e-02;2.324280e-02;1.889876e-02;3.522085e-02;3.140062e-02
1.282058e-01;1.018990e-01;9.609205e-02;7.536834e-02;8.051638e-02;7.435410e-02;1.534035e-01;5.991835e-02;3.538216e-02;1.796388e-02;1.183825e-01;5.851395e-02
5.313246e-02;9.450205e-02;6.769656e-02;1.333157e-01;5.682898e-02;4.706775e-02;1.546527e-01;1.210900e-01;2.330013e-02;1.659013e-02;1.964711e-01;3.535247e-02
9.776595e-02;1.038366e-01;5.953833e-02;1.057528e-01;3.082162e-02;3.835520e-02;1.674211e-01;1.165377e-01;1.064925e-02;4.054035e-02;2.017718e-01;2.700933e-02
1.172722e-01;1.864067e-01;9.034862e-02;4.349982e-02;2.585195e-02;4.893930e-02;1.808383e-01;5.171660e-02;2.791713e-02;5.750830e-02;8.812901e-02;8.157201e-02
1.250059e-01;2.331562e-01;6.407005e-02;2.975825e-02;2.060606e-02;4.777759e-02;1.246934e-01;7.052625e-02;4.648158e-02;3.090466e-02;1.051692e-01;1.018508e-01
1.471577e-01;3.107195e-01;4.104874e-02;1.992221e-02;1.990091e-02;4.247247e-02;5.036201e-02;6.254815e-02;5.648714e-02;2.869809e-02;1.409342e-01;7.974894e-02
1.434415e-01;3.689421e-01;3.353010e-02;2.118654e-02;2.038365e-02;4.332204e-02;5.352675e-02;9.188344e-02;3.691191e-02;3.599555e-02;1.021245e-01;4.875199e-02
1.079606e-01;4.222347e-01;4.997820e-02;2.418344e-02;1.821468e-02;4.668609e-02;5.528973e-02;1.022821e-01;1.774300e-02;3.637100e-02;8.285145e-02;3.620507e-02
1.898433e-01;4.422393e-01;4.720087e-02;2.520134e-02;1.874289e-02;3.766446e-02;3.244108e-02;6.483018e-02;1.474861e-02;4.482794e-02;7.301964e-02;9.240464e-03
2.397075e-01;3.185949e-01;2.716928e-02;2.229789e-02;1.362933e-02;2.536339e-02;7.699329e-02;1.051387e-01;1.350929e-02;3.401350e-02;1.126187e-01;1.096414e-02
3.132741e-01;2.103343e-01;3.190295e-02;1.720976e-02;1.074012e-02;2.070214e-02;1.123694e-01;1.671531e-01;1.084466e-02;1.729724e-02;7.628353e-02;1.188876e-02
2.842767e-01;1.243752e-01;3.567724e-02;1.554528e-02;1.431185e-02;2.389994e-02;1.606508e-01;1.950978e-01;2.805995e-02;2.520489e-02;6.363232e-02;2.926794e-02
2.022971e-01;6.745636e-02;2.982110e-02;2.649851e-02;1.871413e-02;2.619288e-02;2.145618e-01;1.889635e-01;3.942573e-02;4.300454e-02;1.014170e-01;4.164732e-02
2.131909e-01;8.074722e-02;3.918434e-02;3.117640e-02;2.569772e-02;2.534886e-02;1.515572e-01;1.572495e-01;2.800341e-02;4.610728e-02;1.636327e-01;3.810435e-02
2.202798e-01;1.153046e-01;4.669246e-02;3.245536e-02;2.866756e-02;4.038692e-02;1.391337e-01;1.370472e-01;3.334788e-02;4.721401e-02;1.150489e-01;4.442164e-02
1.657325e-01;1.115520e-01;4.202032e-02;2.299154e-02;3.111763e-02;5.900880e-02;2.206276e-01;1.115160e-01;4.071227e-02;6.620665e-02;7.425634e-02;5.425843e-02
9.127964e-02;1.069726e-01;4.026122e-02;2.964194e-02;4.996474e-02;7.540531e-02;2.268460e-01;1.399816e-01;5.819628e-02;6.348890e-02;7.861096e-02;3.935083e-02
