1.045199e-01;7.089837e-02;1.152681e-01;1.007346e-01;9.025182e-02;5.249463e-02;1.132531e-01;6.720237e-02;6.753037e-02;9.568708e-02;7.124816e-02;5.091159e-02
9.422202e-02;8.110116e-02;1.580046e-01;6.021845e-02;8.527526e-02;7.338845e-02;1.215221e-01;6.797212e-02;8.442133e-02;9.272226e-02;3.091853e-02;5.023376e-02
6.073518e-02;8.532196e-02;1.895877e-01;6.140330e-02;7.360253e-02;4.623615e-02;1.011427e-01;7.272621e-02;5.943938e-02;8.053482e-02;8.171241e-02;8.755769e-02
1.163892e-01;8.843190e-02;1.696210e-01;5.471145e-02;5.621335e-02;4.168193e-02;1.202867e-01;4.712626e-02;4.746615e-02;7.095770e-02;9.515691e-02;9.195741e-02
1.573205e-01;9.005256e-02;1.844537e-01;4.637349e-02;5.029501e-02;4.106615e-02;8.387464e-02;3.900208e-02;4.967967e-02;6.589565e-02;9.239241e-02;9.959415e-02
1.739634e-01;6.801496e-02;1.987008e-01;5.725025e-02;4.894122e-02;3.399231e-02;7.880590e-02;4.862861e-02;7.702480e-02;5.439622e-02;7.966596e-02;8.061554e-02
1.922641e-01;4.470254e-02;1.560848e-01;6.111210e-02;5.630958e-02;3.823597e-02;7.348567e-02;5.611533e-02;8.579124e-02;4.180154e-02;1.106345e-01;8.346264e-02
2.349265e-01;6.791467e-02;9.220690e-02;4.401395e-02;5.176466e-02;4.891044e-02;1.206039e-01;4.298599e-02;5.023124e-02;8.129295e-02;9.925692e-02;6.589189e-02
2.946728e-01;7.153048e-02;5.079188e-02;2.919519e-02;5.922483e-02;7.381418e-02;1.467061e-01;2.031101e-02;2.578831e-02;1.052092e-01;6.518622e-02;5.756978e-02
3.007151e-01;5.600900e-02;2.243061e-02;1.906652e-02;6.490477e-02;9.961786e-02;1.720627e-01;1.165368e-02;5.470161e-02;1.042954e-01;4.474894e-02;4.979382e-02
2.377617e-01;5.760642e-02;4.627400e-02;2.002135e-02;7.465781e-02;9.975769e-02;1.797613e-01;2.501023e-02;1.229153e-01;6.748939e-02;2.527843e-02;4.346639e-02
1.593051e-01;5.647347e-02;7.851921e-02;1.992316e-02;8.899128e-02;7.845610e-02;1.283194e-01;5.060082e-02;1.965827e-01;6.582444e-02;2.618834e-02;5.081595e-02
7.915553e-02;2.145192e-02;6.740839e-02;1.859138e-02;1.091898e-01;7.083067e-02;1.166533e-01;5.101647e-02;2.015661e-01;1.378932e-01;6.830439e-02;5.793890e-02
4.694594e-02;2.459754e-02;4.614219e-02;2.467626e-02;1.112565e-01;8.542394e-02;1.764074e-01;3.886502e-02;1.581307e-01;1.310145e-01;1.005575e-01;5.598241e-02
8.124020e-02;4.227477e-02;8.036783e-02;5.071377e-02;1.501464e-01;8.833412e-02;1.507536e-01;3.023099e-02;1.443679e-01;7.530393e-02;6.193341e-02;4.433313e-02
1.330245e-01;5.174859e-02;1.355367e-01;7.264882e-02;1.822638e-01;8.460373e-02;8.039146e-02;2.677155e-02;1.278227e-01;2.953463e-02;3.539992e-02;4.025360e-02
1.425986e-01;4.811158e-02;1.825612e-01;8.745557e-02;1.367981e-01;6.045325e-02;5.635189e-02;5.537172e-02;9.213091e-02;6.196171e-02;3.634366e-02;3.986172e-02
1.139611e-01;4.778593e-02;2.447841e-01;9.164872e-02;1.104189e-01;5.621446e-02;6.765834e-02;7.005097e-02;4.645152e-02;7.591423e-02;4.109206e-02;3.401973e-02
6.060233e-02;5.883881e-02;2.181660e-01;6.688168e-02;7.932253e-02;7.311433e-02;9.485765e-02;5.822014e-02;8.431143e-02;7.981667e-02;7.649536e-02;4.937304e-02
4.227214e-02;7.158022e-02;1.009790e-01;6.060623e-02;6.107195e-02;8.802599e-02;9.360633e-02;7.317875e-02;1.445662e-01;1.002458e-01;7.389414e-02;8.997333e-02
1.014426e-01;1.014530e-01;8.774532e-02;7.167587e-02;5.918729e-02;8.714786e-02;1.036400e-01;4.123019e-02;1.064449e-01;9.395462e-02;5.018863e-02;9.588974e-02
1.480002e-01;8.610710e-02;9.904117e-02;8.536410e-02;1.208329e-01;9.515092e-02;9.158696e-02;2.790835e-02;5.441030e-02;5.929261e-02;5.933645e-02;7.296893e-02
1.291555e-01;6.460062e-02;9.518429e-02;7.882000e-02;1.650722e-01;1.384615e-01;8.500594e-02;3.204501e-02;5.342752e-02;4.434093e-02;3.589853e-02;7.798799e-02
9.577476e-02;4.227576e-02;6.068710e-02;6.843247e-02;2.048160e-01;1.742260e-01;6.303063e-02;3.711130e-02;7.126372e-02;6.444121e-02;3.040056e-02;8.754052e-02
5.083209e-02;3.014303e-02;3.464272e-02;8.789289e-02;2.195799e-01;1.491309e-01;4.304039e-02;3.108611e-02;1.363840e-01;9.605810e-02;3.866743e-02;8.254249e-02
3.084745e-02;4.439922e-02;3.164066e-02;9.959926e-02;1.969437e-01;9.861661e-02;3.932050e-02;6.097473e-02;1.997631e-01;1.019813e-01;6.067925e-02;3.523416e-02
2.198740e-02;6.887364e-02;4.085360e-02;9.707206e-02;1.519480e-01;5.754737e-02;2.628416e-02;9.076119e-02;2.177952e-01;9.597815e-02;7.977989e-02;5.111932e-02
1.942592e-02;8.547533e-02;3.083245e-02;8.627393e-02;9.621913e-02;3.583919e-02;2.907836e-02;1.183778e-01;1.941017e-01;8.665003e-02;9.651981e-02;1.212064e-01
2.140001e-02;9.845807e-02;3.544808e-02;7.975071e-02;6.401669e-02;3.286651e-02;2.798906e-02;1.389561e-01;1.410070e-01;7.799323e-02;1.205835e-01;1.615310e-01
2.075677e-02;1.004961e-01;3.688286e-02;7.319181e-02;4.212253e-02;4.510054e-02;3.274437e-02;1.645352e-01;8.290964e-02;6.705428e-02;1.734475e-01;1.607585e-01
9.479844e-03;9.323627e-02;3.953411e-02;7.198980e-02;4.192397e-02;4.649745e-02;3.405637e-02;1.873226e-01;6.385519e-02;3.909570e-02;2.399529e-01;1.330558e-01
9.173932e-03;7.701677e-02;4.214608e-02;7.507757e-02;4.687781e-02;5.038773e-02;3.497843e-02;1.996841e-01;6.081798e-02;2.672244e-02;2.931623e-01;8.395497e-02
6.732414e-03;6.549081e-02;4.000581e-02;7.568101e-02;4.224204e-02;6.467219e-02;5.262017e-02;2.010641e-01;5.185326e-02;3.111368e-02;3.166595e-01;5.186507e-02
5.733787e-03;6.079128e-02;4.398214e-02;7.476148e-02;3.669872e-02;7.453661e-02;7.474044e-02;2.068595e-01;2.861992e-02;4.110023e-02;3.242877e-01;2.788815e-02
1.053012e-02;5.931134e-02;5.446265e-02;7.967418e-02;4.049873e-02;6.448633e-02;8.326493e-02;2.129985e-01;4.137431e-02;4.402649e-02;2.947683e-01;1.460408e-02
1.732323e-02;4.631176e-02;8.811726e-02;9.990799e-02;5.000024e-02;5.848653e-02;1.255051e-01;1.918891e-01;4.895465e-02;4.193555e-02;2.095802e-01;2.198839e-02
2.600979e-02;4.048073e-02;1.362398e-01;1.175132e-01;6.135016e-02;6.005014e-02;1.636696e-01;1.443371e-01;4.482458e-02;4.807817e-02;1.297591e-01;2.768750e-02
3.432212e-02;5.669449e-02;1.528987e-01;1.148751e-01;7.678799e-02;6.419554e-02;1.681191e-01;8.979373e-02;5.015721e-02;4.777794e-02;1.095914e-01;3.478665e-02
2.995360e-02;7.235558e-02;1.081657e-01;9.682664e-02;7.644643e-02;6.239371e-02;1.430596e-01;1.112489e-01;6.364072e-02;5.269802e-02;1.455215e-01;3.768968e-02
1.805960e-02;8.166511e-02;8.540688e-02;8.868603e-02;5.589467e-02;5.530565e-02;8.986544e-02;1.874401e-01;7.054862e-02;6.181545e-02;1.844979e-01;2.081460e-02
2.563440e-02;7.368103e-02;9.525933e-02;6.938510e-02;6.147214e-02;6.289984e-02;4.965724e-02;2.452690e-01;6.951711e-02;6.020379e-02;1.743866e-01;1.263454e-02
2.284496e-02;4.769872e-02;1.152454e-01;7.805496e-02;5.915462e-02;6.385709e-02;7.678906e-02;2.567857e-01;6.333673e-02;5.487757e-02;1.407510e-01;2.060409e-02
1.752042e-02;2.898098e-02;1.198211e-01;8.146769e-02;6.379886e-02;7.679696e-02;9.804286e-02;2.497485e-01;6.718787e-02;7.179465e-02;8.961727e-02;3.522283e-02
1.851907e-02;4.510305e-02;9.415723e-02;8.479121e-02;8.029274e-02;1.167134e-01;7.784569e-02;2.302729e-01;6.295253e-02;9.763969e-02;4.911747e-02;4.259493e-02
2.169367e-02;5.695027e-02;7.768954e-02;7.653172e-02;6.522781e-02;1.284081e-01;1.071419e-01;1.703922e-01;1.001163e-01;6.724831e-02;9.300699e-02;3.559326e-02
2.337162e-02;5.614284e-02;9.664674e-02;5.419843e-02;7.750101e-02;1.435271e-01;1.360360e-01;1.409812e-01;1.129030e-01;4.848306e-02;6.379447e-02;4.641448e-02
2.998569e-02;5.345411e-02;8.543077e-02;3.790980e-02;7.290438e-02;1.564584e-01;1.592565e-01;1.406704e-01;1.161169e-01;4.891488e-02;4.361838e-02;5.527983e-02
3.757490e-02;4.359562e-02;9.372669e-02;4.176243e-02;5.466311e-02;1.496576e-01;1.786350e-01;1.262234e-01;1.028396e-01;4.360763e-02;5.736008e-02;7.035401e-02
5.495437e-02;5.455736e-02;1.202686e-01;5.922750e-02;6.228588e-02;1.231018e-01;1.481919e-01;1.064474e-01;6.274389e-02;4.803187e-02;9.107549e-02;6.911384e-02
1.093324e-01;8.037578e-02;1.257602e-01;4.907827e-02;5.496801e-02;8.999392e-02;1.673737e-01;7.944479e-02;4.985060e-02;5.104601e-02;6.626229e-02;7.651401e-02
1.200822e-01;7.838849e-02;9.622781e-02;4.986951e-02;6.594242e-02;6.086945e-02;2.156408e-01;9.214192e-02;5.260348e-02;4.054413e-02;5.147707e-02;7.621276e-02
1.025710e-01;6.897108e-02;1.248404e-01;6.542404e-02;6.981113e-02;7.863118e-02;1.978331e-01;9.402241e-02;4.916124e-02;3.568693e-02;5.822346e-02;5.482414e-02
9.970141e-02;1.059903e-01;1.653156e-01;6.487259e-02;6.168990e-02;6.604066e-02;1.181964e-01;1.393013e-01;5.453109e-02;3.118753e-02;5.923796e-02;3.393516e-02
1.375063e-01;1.177938e-01;1.050408e-01;3.443680e-02;5.939685e-02;9.662854e-02;9.829450e-02;1.603116e-01;7.321849e-02;3.326660e-02;3.342851e-02;5.067712e-02
1.147498e-01;8.066173e-02;6.246328e-02;5.526545e-02;4.720488e-02;1.573260e-01;1.347176e-01;1.183752e-01;9.095223e-02;4.932490e-02;2.241218e-02;6.654678e-02
8.370101e-02;5.574618e-02;6.121979e-02;6.541374e-02;4.657640e-02;1.792745e-01;1.190513e-01;7.841434e-02;1.174980e-01;6.903708e-02;4.795367e-02;7.611398e-02
7.102263e-02;6.576887e-02;7.720744e-02;5.514405e-02;7.001904e-02;1.348120e-01;9.658749e-02;6.454963e-02;1.131151e-01;8.336744e-02;9.990145e-02;6.850484e-02
5.818616e-02;1.002714e-01;9.581608e-02;5.652765e-02;9.863683e-02;7.328614e-02;1.367112e-01;7.004153e-02;6.925982e-02;7.535463e-02;1.233338e-01;4.257485e-02
3.639835e-02;1.375809e-01;7.220490e-02;7.644247e-02;1.149074e-01;5.742393e-02;1.542944e-01;9.053294e-02;7.152715e-02;8.459859e-02;6.903903e-02;3.504989e-02
7.203815e-02;9.993470e-02;7.630200e-02;1.007295e-01;9.098601e-02;6.290113e-02;1.143599e-01;1.015559e-01;8.541090e-02;8.209026e-02;8.142403e-02;3.226756e-02
1.027597e-01;4.925843e-02;7.495920e-02;1.073636e-01;8.712454e-02;1.165028e-01;5.323118e-02;9.053416e-02;1.108431e-01;7.939218e-02;9.454420e-02;3.348687e-02
8.714170e-02;6.639078e-02;7.306952e-02;8.343269e-02;8.329875e-02;1.181528e-01;1.120587e-01;7.199888e-02;1.149302e-01;6.926691e-02;7.085115e-02;4.940801e-02
7.845864e-02;1.142331e-01;9.196144e-02;8.259923e-02;7.816089e-02;6.599419e-02;1.234080e-01;6.552672e-02;9.838621e-02;9.044009e-02;5.861379e-02;5.221771e-02
7.783896e-02;1.230866e-01;1.039448e-01;9.241828e-02;7.295887e-02;5.511374e-02;1.179091e-01;6.063877e-02;8.580160e-02;1.132927e-01;3.204544e-02;6.495110e-02
6.335904e-02;7.380498e-02;6.516527e-02;1.207838e-01;9.714276e-02;5.789540e-02;7.206696e-02;1.127190e-01;9.651513e-02;1.138870e-01;3.745817e-02;8.920256e-02
6.114702e-02;7.173375e-02;1.019704e-01;1.370637e-01;1.057226e-01;5.034521e-02;6.546816e-02;1.089036e-01;7.739794e-02;1.003491e-01;4.217063e-02;7.772803e-02
7.445362e-02;7.906692e-02;9.664220e-02;1.244397e-01;1.036004e-01;5.387293e-02;1.366305e-01;6.963296e-02;6.692391e-02;8.431573e-02;4.866998e-02;6.175110e-02
9.262858e-02;8.215314e-02;1.212903e-01;8.212708e-02;7.880215e-02;1.034975e-01;1.826470e-01;8.039939e-02;4.475585e-02;5.183002e-02;3.952053e-02;4.034843e-02
6.967392e-02;6.535239e-02;8.751569e-02;7.708950e-02;1.011422e-01;1.229333e-01;1.588522e-01;1.294901e-01;7.898519e-02;2.261903e-02;4.040749e-02;4.593900e-02
2.908014e-02;4.430562e-02;4.918857e-02;1.214955e-01;1.174273e-01;1.111142e-01;1.383225e-01;1.936864e-01;8.166109e-02;1.929133e-02;5.575915e-02;3.866825e-02
8.114859e-03;3.016324e-02;8.944882e-02;1.611403e-01;9.472437e-02;9.350000e-02;1.099008e-01;2.531125e-01;5.011889e-02;1.676053e-02;7.084002e-02;2.217568e-02
1.418783e-02;3.008540e-02;1.249933e-01;1.807601e-01;5.954188e-02;1.088452e-01;1.069479e-01;2.469734e-01;2.095051e-02;1.485460e-02;8.122015e-02;1.063973e-02
2.792652e-02;2.183798e-02;1.710797e-01;1.598153e-01;9.095909e-02;1.079398e-01;1.166959e-01;1.616526e-01;2.324749e-02;2.952232e-02;7.492519e-02;1.439819e-02
4.628357e-02;2.174409e-02;2.034496e-01;1.227266e-01;1.195199e-01;8.363534e-02;1.520852e-01;7.755496e-02;4.375397e-02;3.553361e-02;6.318016e-02;3.053305e-02
5.374800e-02;3.390197e-02;2.426223e-01;5.290363e-02;1.348110e-01;4.699229e-02;1.377925e-01;9.760613e-02;5.745171e-02;3.753726e-02;6.625406e-02;3.837911e-02
6.095161e-02;2.526917e-02;2.688296e-01;1.357555e-01;8.494277e-02;3.015211e-02;7.972394e-02;1.107805e-01;3.180169e-02;4.856486e-02;9.922103e-02;2.400735e-02
7.770575e-02;3.319701e-02;2.678592e-01;1.632017e-01;5.512270e-02;3.368774e-02;6.423546e-02;9.841040e-02;3.059673e-02;2.763253e-02;1.302847e-01;1.806617e-02
8.828162e-02;3.504899e-02;2.436362e-01;1.654341e-01;5.979485e-02;2.797661e-02;6.354128e-02;9.675737e-02;2.501245e-02;2.539232e-02;1.553650e-01;1.375925e-02
7.868564e-02;3.385842e-02;2.449922e-01;1.500005e-01;4.270721e-02;2.564513e-02;6.772450e-02;9.945323e-02;2.447929e-02;2.137698e-02;1.927900e-01;1.828690e-02
4.166348e-02;3.090364e-02;2.561655e-01;1.541831e-01;4.197111e-02;2.469562e-02;4.047751e-02;9.421567e-02;1.474135e-02;4.882724e-02;2.277167e-01;2.443900e-02
3.729567e-02;2.673344e-02;2.841569e-01;1.509417e-01;4.763819e-02;2.330510e-02;2.439737e-02;6.818900e-02;2.257098e-02;7.859802e-02;2.045066e-01;3.166710e-02
6.828385e-02;2.158909e-02;3.429791e-01;1.178840e-01;3.731495e-02;1.498389e-02;3.804887e-02;4.875673e-02;3.232990e-02;1.088083e-01;1.396625e-01;2.935870e-02
9.640992e-02;2.414737e-02;4.170211e-01;6.960969e-02;2.207532e-02;1.040088e-02;5.693576e-02;5.284198e-02;3.739460e-02;1.242472e-01;7.484601e-02;1.407019e-02
1.150920e-01;2.134647e-02;4.389287e-01;4.590944e-02;1.545902e-02;1.222147e-02;8.155434e-02;6.530599e-02;2.055376e-02;1.216003e-01;5.644783e-02;5.580806e-03
1.353315e-01;2.450849e-02;4.499792e-01;4.333112e-02;1.291847e-02;1.399179e-02;9.359174e-02;4.887867e-02;1.160162e-02;1.163354e-01;4.022685e-02;9.305130e-03
1.384276e-01;3.586793e-02;4.761716e-01;5.079826e-02;1.783166e-02;1.421950e-02;8.751671e-02;3.238309e-02;9.920076e-03;1.013923e-01;2.764460e-02;7.826735e-03
1.016800e-01;4.662428e-02;5.146853e-01;5.919567e-02;2.805669e-02;1.594513e-02;7.655952e-02;2.272630e-02;1.485342e-02;9.124366e-02;2.186421e-02;6.565740e-03
5.932093e-02;7.169624e-02;5.285589e-01;5.982668e-02;3.995014e-02;1.713404e-02;6.477141e-02;2.053648e-02;2.097334e-02;8.197736e-02;1.846620e-02;1.678825e-02
7.925966e-02;1.310801e-01;4.494348e-01;4.351432e-02;3.735851e-02;1.948853e-02;5.615376e-02;3.298275e-02;3.614809e-02;6.554684e-02;1.530958e-02;3.372312e-02
1.077320e-01;1.875412e-01;2.998182e-01;3.039950e-02;3.265416e-02;4.055575e-02;6.557405e-02;5.312690e-02;4.474923e-02;5.556502e-02;1.667853e-02;6.560538e-02
8.441061e-02;2.086163e-01;1.988917e-01;2.966614e-02;2.538137e-02;6.914025e-02;4.744724e-02;6.823433e-02;7.726289e-02;7.426267e-02;1.562544e-02;1.010611e-01
2.663941e-02;1.750866e-01;2.917140e-01;5.496395e-02;2.215894e-02;6.960556e-02;3.713551e-02;4.808552e-02;1.098291e-01;6.154596e-02;1.921356e-02;8.402199e-02
6.217411e-02;1.669642e-01;2.739996e-01;7.260501e-02;2.774168e-02;5.581334e-02;3.943122e-02;5.499987e-02;1.254095e-01;4.406426e-02;2.580112e-02;5.099604e-02
8.559444e-02;1.833774e-01;2.025086e-01;9.162298e-02;2.476866e-02;4.794130e-02;5.358580e-02;9.179428e-02;1.248220e-01;3.739362e-02;3.761854e-02;1.897230e-02
7.985867e-02;2.003472e-01;1.720210e-01;1.188976e-01;3.624551e-02;4.885210e-02;4.946519e-02;8.875392e-02;1.040347e-01;4.363436e-02;4.186467e-02;1.602504e-02
4.859601e-02;1.939195e-01;1.979106e-01;1.175880e-01;6.076648e-02;6.815874e-02;2.715871e-02;6.672631e-02;1.134505e-01;4.152912e-02;3.004997e-02;3.414605e-02
4.669675e-02;1.723278e-01;2.372931e-01;9.037870e-02;6.384644e-02;9.803141e-02;2.304496e-02;4.717202e-02;1.254768e-01;2.726210e-02;2.482861e-02;4.364129e-02
6.139233e-02;1.684648e-01;1.997047e-01;6.816801e-02;5.305165e-02;1.413484e-01;4.190022e-02;4.750318e-02;1.392380e-01;1.518933e-02;1.957560e-02;4.446368e-02
6.791873e-02;1.778830e-01;1.375207e-01;6.516023e-02;5.204839e-02;1.762040e-01;3.346593e-02;4.813610e-02;1.692496e-01;1.592486e-02;1.516928e-02;4.131907e-02
7.051467e-02;1.752233e-01;1.403338e-01;6.081229e-02;4.843806e-02;1.889534e-01;3.161312e-02;3.419758e-02;1.835869e-01;1.663777e-02;1.207065e-02;3.761856e-02
6.331435e-02;1.601830e-01;1.727052e-01;5.623866e-02;4.099369e-02;1.978575e-01;4.913529e-02;3.003713e-02;1.671361e-01;1.913010e-02;7.534974e-03;3.573399e-02
5.188404e-02;1.435350e-01;1.721915e-01;5.207325e-02;3.771394e-02;2.238733e-01;7.294809e-02;3.470987e-02;1.414548e-01;2.219700e-02;9.017405e-03;3.840191e-02
3.056732e-02;1.259556e-01;1.660372e-01;4.444946e-02;3.247036e-02;2.699380e-01;8.180857e-02;3.637111e-02;1.131395e-01;3.999657e-02;1.415736e-02;4.510900e-02
1.824372e-02;1.069979e-01;2.273186e-01;3.459542e-02;1.944130e-02;2.716013e-01;8.797396e-02;3.727891e-02;8.228575e-02;4.311215e-02;2.242441e-02;4.872664e-02
2.037320e-02;9.680396e-02;2.797213e-01;2.725741e-02;2.075548e-02;2.376985e-01;8.967098e-02;3.747668e-02;7.194258e-02;4.059838e-02;2.712170e-02;5.057977e-02
2.181490e-02;1.096607e-01;3.053058e-01;3.434510e-02;3.350054e-02;1.609138e-01;9.058355e-02;4.759733e-02;8.428341e-02;4.504122e-02;2.555746e-02;4.139614e-02
4.420305e-02;1.160677e-01;2.550128e-01;5.031651e-02;5.143965e-02;9.873780e-02;1.157329e-01;7.869095e-02;8.947438e-02;4.047612e-02;2.041530e-02;3.943284e-02
5.828309e-02;1.180109e-01;2.037125e-01;5.285982e-02;5.824310e-02;7.879015e-02;1.294253e-01;1.375925e-01;7.573828e-02;3.167304e-02;1.879567e-02;3.687569e-02
2.549515e-02;9.700666e-02;3.390453e-01;3.857956e-02;4.191548e-02;5.741438e-02;8.668970e-02;1.804068e-01;5.693646e-02;2.868487e-02;2.698876e-02;2.083690e-02
2.584335e-02;8.487309e-02;3.741214e-01;2.209576e-02;3.660561e-02;5.665519e-02;9.843396e-02;1.804206e-01;4.911252e-02;3.039105e-02;2.296614e-02;1.848135e-02
2.211737e-02;8.372442e-02;3.475462e-01;2.612209e-02;3.129065e-02;7.939186e-02;1.190599e-01;1.587819e-01;5.859382e-02;3.882394e-02;1.435354e-02;2.019428e-02
3.620854e-02;8.657357e-02;3.147002e-01;2.973059e-02;4.658066e-02;9.533697e-02;1.198012e-01;1.181155e-01;8.642132e-02;3.541402e-02;1.409269e-02;1.702484e-02
3.467925e-02;8.228880e-02;3.147125e-01;4.307653e-02;6.442860e-02;9.116322e-02;1.130356e-01;6.081031e-02;1.082802e-01;4.282448e-02;2.420655e-02;2.049387e-02
2.708323e-02;7.653614e-02;3.619498e-01;4.234516e-02;6.690355e-02;8.737698e-02;1.034367e-01;5.234797e-02;9.327283e-02;4.573612e-02;2.656708e-02;1.644442e-02
2.547292e-02;7.651459e-02;3.872853e-01;3.436133e-02;5.095418e-02;6.503898e-02;1.108453e-01;6.086477e-02;7.132693e-02;6.920737e-02;2.704817e-02;2.108015e-02
2.498871e-02;6.145175e-02;4.050086e-01;3.932626e-02;7.163204e-02;4.650922e-02;1.103872e-01;4.307477e-02;5.458885e-02;9.124617e-02;3.393880e-02;1.784759e-02
1.589661e-02;3.765707e-02;4.162365e-01;3.969948e-02;9.071331e-02;4.729848e-02;1.417853e-01;3.220719e-02;3.360551e-02;1.057308e-01;2.990257e-02;9.267173e-03
1.735616e-02;2.276509e-02;3.956385e-01;4.730739e-02;8.908038e-02;4.557268e-02;1.697660e-01;6.374780e-02;1.996124e-02;9.851581e-02;2.584472e-02;4.444244e-03
1.846312e-02;3.164551e-02;3.746558e-01;5.294237e-02;8.390604e-02;4.065026e-02;1.712717e-01;9.691142e-02;1.375673e-02;8.733596e-02;2.450412e-02;3.957053e-03
2.225985e-02;3.837340e-02;3.611108e-01;5.526360e-02;8.581889e-02;3.881724e-02;1.708827e-01;1.022964e-01;1.657040e-02;7.770766e-02;2.346285e-02;7.436246e-03
2.393448e-02;3.567412e-02;3.929275e-01;5.451521e-02;8.991129e-02;4.360053e-02;1.437687e-01;7.322149e-02;2.685327e-02;6.796303e-02;3.255680e-02;1.507358e-02
2.464471e-02;1.856127e-02;4.448470e-01;5.287121e-02;7.045986e-02;5.474574e-02;1.209882e-01;8.084640e-02;2.136968e-02;6.642014e-02;2.794901e-02;1.629682e-02
1.471953e-02;1.810429e-02;4.230438e-01;7.624543e-02;7.048650e-02;4.861029e-02;1.155215e-01;9.723850e-02;2.546183e-02;5.311882e-02;3.863377e-02;1.881576e-02
1.695646e-02;2.575094e-02;2.975728e-01;9.873093e-02;9.989071e-02;7.411423e-02;1.285872e-01;1.204493e-01;3.603840e-02;3.677137e-02;4.778806e-02;1.734955e-02
3.294867e-02;3.719001e-02;1.643477e-01;8.965204e-02;1.321936e-01;1.161578e-01;1.340662e-01;1.356650e-01;6.669210e-02;2.693631e-02;3.677626e-02;2.737424e-02
2.758374e-02;4.895960e-02;1.117039e-01;1.143818e-01;1.309054e-01;1.205199e-01;7.786498e-02;1.293546e-01;8.660099e-02;3.113804e-02;8.941974e-02;3.156733e-02
1.365056e-02;5.149003e-02;1.100041e-01;1.390929e-01;1.174730e-01;1.084703e-01;6.779668e-02;1.461656e-01;7.519592e-02;3.027465e-02;1.176390e-01;2.274729e-02
5.690718e-03;6.037893e-02;1.109480e-01;1.558257e-01;9.246411e-02;1.016499e-01;4.136012e-02;1.942194e-01;5.560832e-02;2.686271e-02;1.444450e-01;1.054715e-02
1.112376e-02;6.550586e-02;9.941193e-02;1.517487e-01;7.079396e-02;1.227529e-01;6.992237e-02;2.049431e-01;2.540399e-02;1.632111e-02;1.510792e-01;1.099318e-02
2.116272e-02;5.968468e-02;9.170099e-02;1.311182e-01;7.383790e-02;1.378201e-01;9.881885e-02;1.936996e-01;2.433986e-02;3.064931e-02;1.260132e-01;1.115459e-02
2.320116e-02;5.608215e-02;9.774472e-02;1.064162e-01;8.170696e-02;1.397627e-01;1.280438e-01;1.764964e-01;4.359699e-02;3.953566e-02;9.428439e-02;1.312894e-02
2.375185e-02;4.884328e-02;1.194337e-01;8.453168e-02;8.434623e-02;1.385105e-01;1.819037e-01;1.227062e-01;4.895305e-02;4.789677e-02;7.781730e-02;2.130583e-02
3.382688e-02;3.555381e-02;1.282853e-01;7.041983e-02;8.620872e-02;1.253302e-01;2.250193e-01;8.783733e-02;5.235758e-02;5.912369e-02;6.634920e-02;2.968813e-02
2.710378e-02;6.962229e-02;9.000500e-02;4.317005e-02;1.257004e-01;9.398000e-02;1.997067e-01;1.533514e-01;6.926110e-02;5.438032e-02;4.240521e-02;3.131380e-02
2.123432e-02;9.158478e-02;1.292115e-01;6.501026e-02;9.814752e-02;1.182643e-01;9.473974e-02;1.748036e-01;6.399368e-02;5.667858e-02;6.717675e-02;1.915487e-02
3.149910e-02;8.504289e-02;1.344649e-01;9.344348e-02;8.182462e-02;1.459775e-01;8.838923e-02;1.581729e-01;4.016367e-02;7.469096e-02;6.024380e-02;6.086909e-03
3.167351e-02;7.175569e-02;1.215658e-01;1.013975e-01;9.553516e-02;1.440033e-01;9.770996e-02;1.809199e-01;3.447770e-02;5.859209e-02;4.787287e-02;1.449638e-02
3.370192e-02;6.070491e-02;1.075964e-01;9.410477e-02;7.703406e-02;1.227892e-01;1.232963e-01;2.167511e-01;4.939718e-02;5.927390e-02;3.944064e-02;1.590964e-02
3.594432e-02;5.184851e-02;1.017956e-01;9.338925e-02;5.255609e-02;1.147281e-01;1.071656e-01;2.360373e-01;7.042614e-02;6.625413e-02;4.675267e-02;2.310218e-02
3.314897e-02;4.159571e-02;1.170340e-01;7.969358e-02;4.225446e-02;1.416528e-01;7.524823e-02;2.229535e-01;8.283432e-02;5.751349e-02;6.647249e-02;3.959843e-02
3.406217e-02;5.249430e-02;1.183586e-01;7.249104e-02;6.240952e-02;1.369579e-01;9.558865e-02;2.302446e-01;4.715653e-02;4.781400e-02;5.906988e-02;4.335280e-02
4.345537e-02;7.043669e-02;1.116427e-01;8.240865e-02;8.453050e-02;1.120514e-01;7.873546e-02;2.082060e-01;6.031970e-02;5.321748e-02;4.934909e-02;4.564704e-02
5.843082e-02;6.278096e-02;1.078637e-01;8.418052e-02;8.093113e-02;5.350031e-02;1.497058e-01;1.436437e-01;9.311723e-02;6.935492e-02;5.845946e-02;3.803144e-02
1.151710e-01;9.497469e-02;1.344738e-01;5.484936e-02;6.667682e-02;6.022862e-02;1.270317e-01;7.014375e-02;7.391915e-02;7.890780e-02;7.488877e-02;4.873457e-02
1.465125e-01;8.814817e-02;1.368130e-01;8.342685e-02;1.047345e-01;6.504183e-02;7.689303e-02;4.269486e-02;5.554960e-02;7.064464e-02;6.853539e-02;6.100559e-02
1.428939e-01;1.524910e-01;1.371405e-01;9.468107e-02;9.639272e-02;7.047311e-02;9.988694e-02;3.249737e-02;3.274675e-02;4.639601e-02;3.704623e-02;5.735447e-02
1.218913e-01;1.316308e-01;1.705375e-01;7.403866e-02;8.233546e-02;9.910940e-02;1.187865e-01;4.770081e-02;2.667825e-02;4.950348e-02;3.057725e-02;4.721060e-02
7.670362e-02;5.227229e-02;2.473288e-01;8.367838e-02;6.496512e-02;1.133783e-01;1.478112e-01;6.556658e-02;2.708436e-02;5.879067e-02;3.412572e-02;2.829487e-02
3.106261e-02;7.735123e-02;2.877768e-01;9.159371e-02;5.003097e-02;9.144156e-02;1.284864e-01;8.452933e-02;5.444557e-02;5.800998e-02;3.007918e-02;1.519266e-02
4.729610e-02;1.142035e-01;2.542746e-01;8.187198e-02;3.957536e-02;5.134232e-02;1.205499e-01;1.243181e-01;6.767156e-02;5.584882e-02;2.402098e-02;1.902676e-02
6.627718e-02;1.370057e-01;1.950875e-01;7.308893e-02;4.453580e-02;3.805782e-02;1.510495e-01;1.505854e-01;6.580117e-02;4.475038e-02;2.354454e-02;1.021609e-02
1.168124e-01;1.399518e-01;1.566738e-01;7.097891e-02;7.425145e-02;3.965610e-02;1.655642e-01;9.880224e-02;6.483973e-02;2.916818e-02;2.441845e-02;1.888283e-02
1.461077e-01;1.176538e-01;1.231036e-01;6.582402e-02;9.017336e-02;4.601110e-02;1.945524e-01;9.925094e-02;3.745939e-02;3.423779e-02;1.951685e-02;2.610910e-02
1.775229e-01;8.427664e-02;9.808424e-02;6.238811e-02;9.479031e-02;6.490053e-02;2.180400e-01;6.881867e-02;3.010130e-02;4.428570e-02;1.876253e-02;3.802906e-02
1.913367e-01;1.225771e-01;1.018173e-01;7.083203e-02;5.741518e-02;4.070090e-02;2.155964e-01;5.988668e-02;2.529786e-02;3.634401e-02;2.394752e-02;5.424830e-02
1.837857e-01;1.077086e-01;1.053729e-01;6.025418e-02;2.831968e-02;9.821247e-02;2.165627e-01;4.534546e-02;3.603662e-02;2.499900e-02;2.670968e-02;6.669305e-02
1.411291e-01;8.215485e-02;1.144957e-01;6.256749e-02;5.783442e-02;1.721125e-01;1.739731e-01;4.107906e-02;3.979250e-02;2.645828e-02;2.495738e-02;6.344564e-02
7.581387e-02;4.800034e-02;1.246762e-01;6.023836e-02;8.575450e-02;1.782191e-01;1.487057e-01;4.410652e-02;4.213313e-02;3.756387e-02;6.795067e-02;8.683773e-02
3.689873e-02;4.952885e-02;1.287356e-01;6.096584e-02;8.914404e-02;1.434150e-01;1.573936e-01;2.600454e-02;5.115915e-02;4.108183e-02;1.157419e-01;9.993086e-02
6.795597e-02;4.583438e-02;1.030441e-01;5.327528e-02;9.734017e-02;1.550088e-01;1.365550e-01;2.714609e-02;5.147145e-02;4.353777e-02;1.422299e-01;7.660118e-02
1.483135e-01;5.019926e-02;1.013741e-01;4.040848e-02;1.210698e-01;1.211944e-01;1.010268e-01;3.412643e-02;4.722432e-02;5.211598e-02;1.212274e-01;6.171943e-02
1.113671e-01;3.989894e-02;1.321719e-01;4.890499e-02;1.168460e-01;6.292868e-02;1.065196e-01;7.205308e-02;4.986048e-02;8.382921e-02;7.792820e-02;9.769192e-02
5.436790e-02;6.995793e-02;1.722492e-01;3.851116e-02;8.148200e-02;9.022866e-02;1.111453e-01;8.523577e-02;6.596076e-02;7.564832e-02;7.782751e-02;7.738542e-02
4.162215e-02;5.428863e-02;2.342438e-01;4.957818e-02;6.764106e-02;1.044815e-01;1.010429e-01;8.699472e-02;7.600319e-02;5.885332e-02;5.152599e-02;7.372449e-02
4.987560e-02;4.625046e-02;2.060323e-01;8.788426e-02;8.510980e-02;1.374633e-01;9.592550e-02;4.378404e-02;4.726105e-02;5.049386e-02;8.419301e-02;6.572686e-02
6.488529e-02;5.320934e-02;1.525704e-01;1.150386e-01;8.250959e-02;1.510502e-01;1.012843e-01;3.009246e-02;3.959242e-02;3.695387e-02;1.114193e-01;6.139417e-02
5.356897e-02;5.977278e-02;9.607591e-02;1.492637e-01;7.963054e-02;1.526775e-01;1.246305e-01;4.422211e-02;3.488130e-02;4.206158e-02;1.026397e-01;6.057540e-02
5.006340e-02;5.377040e-02;1.189127e-01;1.342024e-01;1.134514e-01;1.645186e-01;1.079287e-01;4.134242e-02;2.974002e-02;4.548692e-02;9.852304e-02;4.206008e-02
2.954147e-02;5.920774e-02;8.827446e-02;1.368600e-01;1.163186e-01;1.794694e-01;1.088443e-01;5.324188e-02;2.170697e-02;5.597965e-02;1.110155e-01;3.954013e-02
3.642893e-02;6.099886e-02;1.128692e-01;1.100610e-01;6.709997e-02;1.288492e-01;1.483018e-01;8.066047e-02;4.405069e-02;7.697485e-02;8.392052e-02;4.978459e-02
