7.286892e-02;7.545852e-02;1.021790e-01;8.598698e-02;1.325120e-01;4.938674e-02;1.542114e-01;1.057020e-01;5.964146e-02;8.647206e-02;4.187794e-02;3.370299e-02
5.665362e-02;9.208407e-02;7.564189e-02;5.727916e-02;1.143500e-01;4.346338e-02;1.679797e-01;9.981862e-02;7.649243e-02;1.199379e-01;5.492103e-02;4.137812e-02
9.121237e-02;7.962613e-02;9.312823e-02;4.761017e-02;6.726511e-02;9.938060e-02;1.396950e-01;6.614228e-02;8.466423e-02;5.976012e-02;8.577631e-02;8.573937e-02
9.198758e-02;1.022547e-01;7.457260e-02;6.905461e-02;6.980910e-02;1.161265e-01;1.021658e-01;6.232177e-02;9.232076e-02;4.548002e-02;8.263221e-02;9.127437e-02
8.299795e-02;1.211524e-01;6.878264e-02;7.510541e-02;5.769677e-02;1.239943e-01;8.972625e-02;6.353268e-02;1.076737e-01;2.679120e-02;8.314984e-02;9.939681e-02
8.913075e-02;1.034993e-01;8.440068e-02;6.389898e-02;5.046745e-02;9.510833e-02;1.149370e-01;5.750348e-02;9.605395e-02;4.266173e-02;8.742604e-02;1.149123e-01
1.133397e-01;5.124113e-02;7.711407e-02;5.231074e-02;5.518715e-02;9.532729e-02;1.104049e-01;6.293675e-02;7.167567e-02;9.769019e-02;5.866601e-02;1.541063e-01
6.937828e-02;3.683278e-02;4.419206e-02;4.918158e-02;7.467625e-02;1.157746e-01;1.127319e-01;5.455290e-02;9.642722e-02;1.466964e-01;2.509489e-02;1.744611e-01
5.337950e-02;3.082394e-02;5.864597e-02;4.954898e-02;7.260189e-02;1.212049e-01;1.389534e-01;7.439908e-02;8.789842e-02;1.452112e-01;2.975344e-02;1.375792e-01
6.836004e-02;2.266117e-02;6.550501e-02;7.035363e-02;7.581298e-02;1.160720e-01;1.957728e-01;7.475370e-02;1.125866e-01;1.077003e-01;1.820846e-02;7.221325e-02
5.274290e-02;4.116431e-02;9.456983e-02;1.008292e-01;5.892886e-02;1.175670e-01;2.330056e-01;7.138409e-02;9.842386e-02;6.755205e-02;3.884480e-02;2.498741e-02
4.341213e-02;5.600834e-02;1.515513e-01;1.367598e-01;3.590323e-02;9.596022e-02;2.425969e-01;5.667884e-02;7.833294e-02;4.349007e-02;3.522276e-02;2.408341e-02
3.537115e-02;4.650294e-02;1.523037e-01;1.272896e-01;6.024427e-02;7.097086e-02;2.527637e-01;3.839614e-02;6.773099e-02;6.081800e-02;3.789887e-02;4.970977e-02
3.921272e-02;4.467157e-02;9.424438e-02;8.551930e-02;8.028094e-02;6.370728e-02;3.195393e-01;2.723473e-02;6.515300e-02;8.537611e-02;4.456953e-02;5.049114e-02
2.836949e-02;3.258237e-02;8.037166e-02;6.211754e-02;7.909545e-02;7.697557e-02;3.581346e-01;3.383696e-02;1.162846e-01;6.114495e-02;4.182872e-02;2.925804e-02
4.242913e-02;2.184464e-02;7.392620e-02;5.255651e-02;8.932898e-02;9.694675e-02;3.517103e-01;3.473069e-02;1.415988e-01;3.813628e-02;3.033671e-02;2.645498e-02
3.946025e-02;4.263075e-02;6.944388e-02;3.386091e-02;6.807676e-02;1.072016e-01;3.467415e-01;5.625238e-02;1.396770e-01;3.776856e-02;3.284994e-02;2.603658e-02
3.422493e-02;3.834066e-02;7.756399e-02;5.532673e-02;8.262258e-02;8.098518e-02;3.323500e-01;5.939550e-02;1.296136e-01;3.450252e-02;4.354216e-02;3.153216e-02
3.428431e-02;3.593421e-02;7.634474e-02;7.387257e-02;9.341637e-02;6.170633e-02;3.285967e-01;4.817540e-02;1.146880e-01;3.934920e-02;4.983386e-02;4.379832e-02
6.810038e-02;4.439428e-02;9.004007e-02;4.911761e-02;8.618113e-02;5.741300e-02;3.096570e-01;5.644878e-02;5.047339e-02;4.987020e-02;7.502259e-02;6.328153e-02
1.365962e-01;5.603381e-02;1.002622e-01;6.392867e-02;7.513850e-02;3.324747e-02;2.167966e-01;4.884695e-02;6.853230e-02;6.264310e-02;7.857074e-02;5.940348e-02
2.269827e-01;9.913113e-02;9.267835e-02;7.049290e-02;7.425299e-02;2.998483e-02;1.470233e-01;6.139928e-02;5.826366e-02;4.725927e-02;4.019672e-02;5.233483e-02
2.517534e-01;1.296651e-01;1.092341e-01;6.325407e-02;5.740434e-02;4.258740e-02;1.390776e-01;5.704654e-02;2.510836e-02;4.467981e-02;2.018002e-02;6.000927e-02
2.030309e-01;1.381696e-01;1.158336e-01;9.135776e-02;5.372362e-02;4.601496e-02;1.433191e-01;3.574557e-02;2.229962e-02;4.753007e-02;2.298488e-02;7.999041e-02
1.340633e-01;1.264104e-01;9.594646e-02;1.342099e-01;5.843502e-02;4.427366e-02;1.665721e-01;3.071454e-02;3.545417e-02;3.853440e-02;2.770012e-02;1.076861e-01
7.233791e-02;1.034734e-01;1.857483e-01;1.369544e-01;4.978271e-02;4.212666e-02;1.381595e-01;3.282312e-02;7.622381e-02;1.153344e-02;4.525349e-02;1.055833e-01
5.865950e-02;6.903113e-02;2.698038e-01;1.012031e-01;4.961814e-02;5.859900e-02;1.083113e-01;2.493873e-02;1.059459e-01;2.411441e-02;5.732764e-02;7.244737e-02
8.555195e-02;4.017854e-02;3.266322e-01;6.222683e-02;4.480006e-02;6.631296e-02;1.084847e-01;2.687186e-02;1.383015e-01;1.385902e-02;5.486726e-02;3.191310e-02
9.533856e-02;4.076842e-02;3.376152e-01;4.843301e-02;2.910332e-02;7.469665e-02;9.853313e-02;3.401699e-02;1.368309e-01;1.911971e-02;7.147510e-02;1.406893e-02
1.017574e-01;3.495520e-02;3.310841e-01;3.595837e-02;1.955562e-02;9.256107e-02;1.034167e-01;2.730347e-02;1.237452e-01;3.527967e-02;7.752635e-02;1.685684e-02
1.091172e-01;2.994857e-02;3.429630e-01;1.886868e-02;2.118671e-02;1.172402e-01;9.628181e-02;1.808069e-02;1.240146e-01;3.331725e-02;7.824760e-02;1.073376e-02
9.774155e-02;3.569965e-02;3.326083e-01;2.473049e-02;2.200289e-02;1.215638e-01;1.149047e-01;1.961954e-02;1.195464e-01;3.248899e-02;6.857706e-02;1.051663e-02
7.850561e-02;2.566399e-02;3.209321e-01;3.776223e-02;2.643005e-02;1.187751e-01;1.460945e-01;2.280452e-02;1.156943e-01;3.123229e-02;6.036085e-02;1.574443e-02
5.557066e-02;2.262490e-02;2.855565e-01;7.438915e-02;4.576257e-02;1.058177e-01;1.900123e-01;2.042087e-02;1.087631e-01;2.311073e-02;4.882518e-02;1.914634e-02
4.026218e-02;2.451483e-02;2.431259e-01;8.523966e-02;8.761249e-02;1.006474e-01;2.222374e-01;2.400870e-02;1.022392e-01;1.529851e-02;4.069235e-02;1.412126e-02
3.156493e-02;1.485956e-02;2.022925e-01;4.777998e-02;1.282819e-01;1.270529e-01;2.551101e-01;3.176274e-02;9.335589e-02;1.506298e-02;3.624757e-02;1.662889e-02
2.246800e-02;1.820004e-02;1.562451e-01;4.212626e-02;1.252396e-01;1.520945e-01;3.001690e-01;5.228283e-02;6.969633e-02;1.515792e-02;2.817735e-02;1.814310e-02
2.269589e-02;2.604904e-02;1.350741e-01;4.121029e-02;9.729924e-02;1.634382e-01;3.386505e-01;4.961753e-02;4.712823e-02;2.119333e-02;2.384782e-02;3.379575e-02
1.940110e-02;3.180844e-02;1.270216e-01;6.245897e-02;5.095233e-02;1.585934e-01;3.601348e-01;3.234352e-02;4.916647e-02;3.456280e-02;2.833236e-02;4.522422e-02
2.997007e-02;4.340846e-02;1.375694e-01;7.413732e-02;1.780319e-02;1.265081e-01;3.440170e-01;2.171969e-02;6.813829e-02;5.237560e-02;3.880487e-02;4.554799e-02
2.626966e-02;5.812828e-02;1.629004e-01;8.258687e-02;2.977961e-02;8.891498e-02;3.052066e-01;2.755927e-02;6.812438e-02;6.357343e-02;4.354256e-02;4.341392e-02
4.878492e-02;6.306826e-02;1.538200e-01;8.155403e-02;5.501315e-02;7.967324e-02;2.564991e-01;4.417894e-02;6.676069e-02;5.952870e-02;4.588257e-02;4.523646e-02
9.000622e-02;6.234099e-02;9.697508e-02;8.070216e-02;6.790940e-02;8.626922e-02;2.087248e-01;7.804312e-02;6.267330e-02;6.392708e-02;5.503989e-02;4.738869e-02
1.007407e-01;8.630992e-02;1.481808e-01;6.187181e-02;6.210203e-02;7.719517e-02;1.520362e-01;8.962900e-02;4.643198e-02;1.044822e-01;5.514328e-02;1.587694e-02
8.379775e-02;1.237387e-01;1.856538e-01;4.540608e-02;4.859369e-02;8.786398e-02;1.333160e-01;6.494193e-02;6.915354e-02;9.804512e-02;4.332737e-02;1.616205e-02
8.057451e-02;1.439344e-01;1.622563e-01;5.147961e-02;5.637598e-02;9.712918e-02;1.143282e-01;5.099225e-02;9.610422e-02;8.611361e-02;3.432195e-02;2.638984e-02
6.453043e-02;1.477933e-01;1.071590e-01;4.196568e-02;5.988722e-02;1.563402e-01;1.141161e-01;4.401248e-02;1.152252e-01;7.684726e-02;3.094185e-02;4.118123e-02
4.441451e-02;1.035923e-01;1.760038e-01;3.326769e-02;5.003053e-02;1.430971e-01;1.498361e-01;4.590574e-02;8.089949e-02;6.503759e-02;6.006469e-02;4.785056e-02
2.888458e-02;5.370997e-02;2.387589e-01;5.429375e-02;4.273772e-02;1.014136e-01;1.820498e-01;6.010098e-02;4.311310e-02;8.354976e-02;7.109720e-02;4.029065e-02
2.528056e-02;3.296236e-02;2.060177e-01;1.014031e-01;5.878945e-02;8.573636e-02;1.968217e-01;7.284246e-02;3.905236e-02;7.133440e-02;7.228956e-02;3.746994e-02
4.272504e-02;3.926247e-02;1.463451e-01;1.416794e-01;1.102927e-01;7.404055e-02;1.229753e-01;6.092252e-02;6.306243e-02;5.658360e-02;9.684124e-02;4.526959e-02
6.584380e-02;3.506922e-02;1.050272e-01;1.317312e-01;1.697098e-01;1.059080e-01;9.221883e-02;2.742226e-02;8.404022e-02;5.723000e-02;7.425846e-02;5.154096e-02
6.804384e-02;2.546655e-02;7.494139e-02;1.048847e-01;1.962542e-01;1.563636e-01;1.144913e-01;2.665628e-02;9.126953e-02;5.180647e-02;4.741586e-02;4.240628e-02
6.242292e-02;4.311354e-02;9.012520e-02;6.892478e-02;1.522551e-01;1.507533e-01;1.226999e-01;4.843690e-02;1.026051e-01;7.979480e-02;3.954166e-02;3.932688e-02
3.596919e-02;4.351807e-02;1.292474e-01;8.031453e-02;1.457929e-01;9.826297e-02;1.428081e-01;7.628586e-02;1.029498e-01;8.010742e-02;3.422559e-02;3.051818e-02
4.817958e-02;8.027596e-02;1.499599e-01;1.236896e-01;1.223646e-01;6.086889e-02;1.100242e-01;5.992207e-02;6.991191e-02;9.514813e-02;4.387629e-02;3.577895e-02
2.557636e-02;1.092303e-01;6.967784e-02;1.266464e-01;1.156501e-01;8.735448e-02;6.871405e-02;5.548201e-02;9.638748e-02;1.319485e-01;6.002538e-02;5.330710e-02
8.621642e-02;1.049480e-01;9.543678e-02;6.759798e-02;1.334856e-01;7.761040e-02;8.923331e-02;6.237483e-02;9.174959e-02;6.892947e-02;5.138795e-02;7.102973e-02
6.522812e-02;9.896830e-02;1.707027e-01;5.905832e-02;1.488876e-01;5.953011e-02;1.029193e-01;5.730893e-02;7.279592e-02;5.614809e-02;4.307697e-02;6.537570e-02
3.723482e-02;6.263054e-02;1.977487e-01;9.617744e-02;1.738839e-01;5.221194e-02;9.758182e-02;4.745691e-02;8.472899e-02;7.779419e-02;3.828552e-02;3.426525e-02
7.648070e-02;3.950302e-02;1.266059e-01;7.510420e-02;1.809161e-01;7.106133e-02;1.014931e-01;5.073515e-02;1.169071e-01;8.392838e-02;3.777084e-02;3.949414e-02
9.198929e-02;6.854561e-02;9.436714e-02;8.647163e-02;1.747178e-01;6.211906e-02;8.848409e-02;6.571797e-02;1.094777e-01;7.276574e-02;2.857409e-02;5.676982e-02
8.168758e-02;9.630356e-02;9.399664e-02;1.065307e-01;1.462160e-01;5.128751e-02;8.509987e-02;6.746894e-02;8.633386e-02;9.148622e-02;5.159694e-02;4.199215e-02
9.088688e-02;9.914213e-02;8.068433e-02;8.805085e-02;9.375839e-02;5.227229e-02;8.828729e-02;7.063593e-02;7.014569e-02;1.517528e-01;5.938508e-02;5.499833e-02
8.322724e-02;1.220738e-01;9.092595e-02;4.590175e-02;8.252870e-02;5.870369e-02;4.623690e-02;1.000162e-01;1.056663e-01;1.110326e-01;7.221727e-02;8.146960e-02
5.624132e-02;1.177731e-01;9.341562e-02;5.794476e-02;7.492360e-02;5.330645e-02;7.299693e-02;7.742576e-02;1.355479e-01;9.164254e-02;7.086547e-02;9.791651e-02
3.683614e-02;1.092685e-01;5.525243e-02;1.031408e-01;9.076078e-02;6.491233e-02;1.241718e-01;4.922616e-02;1.234404e-01;9.497340e-02;6.067371e-02;8.734352e-02
5.098271e-02;7.003631e-02;1.004740e-01;9.358738e-02;1.137108e-01;6.168997e-02;1.286554e-01;4.250792e-02;8.324684e-02;1.663988e-01;3.651555e-02;5.219431e-02
5.299938e-02;5.171126e-02;9.784037e-02;7.701878e-02;9.774620e-02;5.140100e-02;1.353545e-01;5.956472e-02;8.106032e-02;1.570634e-01;5.689331e-02;8.134674e-02
7.208157e-02;5.914437e-02;9.889609e-02;8.397655e-02;7.487404e-02;6.077472e-02;1.208583e-01;6.129654e-02;7.198536e-02;9.837511e-02;5.895125e-02;1.387861e-01
7.288264e-02;1.055500e-01;1.024536e-01;6.959547e-02;7.932816e-02;6.502844e-02;1.147740e-01;7.450259e-02;1.006964e-01;4.282549e-02;4.142836e-02;1.309348e-01
5.844131e-02;1.273497e-01;8.463152e-02;3.007738e-02;8.187664e-02;8.340659e-02;1.106218e-01;1.069202e-01;1.150475e-01;5.943601e-02;7.658754e-02;6.560383e-02
1.059057e-01;8.064117e-02;8.438443e-02;3.310506e-02;5.071363e-02;6.082611e-02;1.020116e-01;9.215789e-02;1.026381e-01;1.085462e-01;1.070306e-01;7.203948e-02
1.401032e-01;6.460538e-02;8.717298e-02;5.695170e-02;6.436116e-02;4.419669e-02;1.015010e-01;6.829653e-02;6.276069e-02;1.155157e-01;1.061761e-01;8.835886e-02
1.256940e-01;1.046656e-01;9.820315e-02;4.726164e-02;8.447660e-02;7.109976e-02;8.010463e-02;5.300588e-02;4.126200e-02;9.692834e-02;9.986921e-02;9.742912e-02
1.280373e-01;9.319028e-02;1.216674e-01;5.124003e-02;9.757922e-02;7.644100e-02;7.516141e-02;4.286300e-02;4.947233e-02;9.174773e-02;7.189421e-02;1.007060e-01
1.027164e-01;7.429513e-02;9.876754e-02;5.400706e-02;1.084960e-01;6.073638e-02;7.689904e-02;4.473949e-02;7.745533e-02;9.710392e-02;5.972464e-02;1.450591e-01
8.150662e-02;7.429240e-02;5.746944e-02;9.112323e-02;1.149270e-01;5.328756e-02;9.486452e-02;5.941826e-02;9.598903e-02;7.372659e-02;6.215507e-02;1.412402e-01
7.908359e-02;6.754608e-02;8.139807e-02;1.102031e-01;9.266783e-02;7.211822e-02;1.162091e-01;8.662955e-02;7.590508e-02;5.024876e-02;5.720962e-02;1.107810e-01
1.031098e-01;6.862483e-02;1.017251e-01;5.203167e-02;1.163026e-01;7.555385e-02;8.699863e-02;8.850370e-02;8.268266e-02;7.001754e-02;7.995524e-02;7.449435e-02
9.594455e-02;6.404860e-02;1.092415e-01;3.733177e-02;1.183936e-01;5.892742e-02;7.825843e-02;1.000103e-01;6.599990e-02;8.556320e-02;9.912124e-02;8.715946e-02
7.482083e-02;9.841635e-02;1.121086e-01;4.519222e-02;9.698863e-02;6.479708e-02;9.247831e-02;9.669265e-02;7.819439e-02;8.019029e-02;7.924883e-02;8.087185e-02
5.151617e-02;1.010009e-01;1.488004e-01;5.034413e-02;7.374464e-02;6.318580e-02;1.316103e-01;1.090256e-01;1.012718e-01;6.233811e-02;4.847863e-02;5.868351e-02
5.079252e-02;1.289614e-01;1.818494e-01;4.624557e-02;4.850147e-02;4.736371e-02;1.120696e-01;1.032585e-01;7.342151e-02;9.816760e-02;4.016078e-02;6.920793e-02
5.250936e-02;1.369768e-01;1.363083e-01;5.847763e-02;4.239472e-02;4.972517e-02;1.058897e-01;6.530166e-02;9.264560e-02;1.355319e-01;5.724498e-02;6.699414e-02
7.100368e-02;8.348170e-02;7.767907e-02;6.180623e-02;5.922390e-02;7.942213e-02;1.053043e-01;9.672838e-02;8.784486e-02;1.390198e-01;5.058408e-02;8.790189e-02
7.805707e-02;7.581331e-02;8.441505e-02;7.577799e-02;7.030556e-02;6.770024e-02;9.022532e-02;8.829475e-02;7.760120e-02;1.476554e-01;3.494125e-02;1.092129e-01
3.626888e-02;6.926442e-02;1.204092e-01;8.412417e-02;8.949117e-02;7.573102e-02;1.019729e-01;4.035269e-02;5.793424e-02;1.539117e-01;6.530188e-02;1.052378e-01
8.183584e-02;8.968630e-02;1.510589e-01;8.034444e-02;7.888116e-02;9.159720e-02;1.147305e-01;3.131177e-02;4.842106e-02;9.377547e-02;4.919405e-02;8.916332e-02
1.004008e-01;9.830954e-02;1.216891e-01;7.880782e-02;7.439727e-02;8.453553e-02;1.185978e-01;5.499597e-02;5.620546e-02;6.424615e-02;6.715386e-02;8.066069e-02
9.108024e-02;9.557885e-02;1.224574e-01;6.447171e-02;7.135281e-02;9.653056e-02;9.485532e-02;8.164996e-02;9.525056e-02;5.395278e-02;8.764533e-02;4.517445e-02
1.141712e-01;9.495120e-02;1.437832e-01;6.732471e-02;6.569553e-02;9.148151e-02;7.987921e-02;6.887285e-02;1.008646e-01;5.659541e-02;1.002475e-01;1.613305e-02
1.348584e-01;9.589110e-02;1.494259e-01;6.443690e-02;6.191773e-02;6.639995e-02;9.868542e-02;7.474826e-02;9.255397e-02;5.814587e-02;8.952931e-02;1.340719e-02
1.188876e-01;1.173265e-01;1.506135e-01;3.639002e-02;5.202986e-02;7.357508e-02;6.000169e-02;1.066583e-01;1.031087e-01;7.076263e-02;7.172738e-02;3.891878e-02
6.747972e-02;1.101932e-01;1.996640e-01;3.356143e-02;4.425702e-02;9.185053e-02;7.626131e-02;6.981727e-02;8.945348e-02;7.707524e-02;5.316423e-02;8.722252e-02
3.612827e-02;7.588487e-02;2.712066e-01;3.816132e-02;2.339637e-02;6.472469e-02;1.089742e-01;3.835106e-02;5.990187e-02;1.236865e-01;5.501257e-02;1.045716e-01
5.816038e-02;6.171798e-02;2.988068e-01;3.572972e-02;2.380055e-02;3.054554e-02;1.231088e-01;4.142420e-02;3.762009e-02;1.676102e-01;5.527828e-02;6.619748e-02
4.772125e-02;4.560302e-02;3.182059e-01;3.741712e-02;2.386711e-02;2.320076e-02;1.345051e-01;5.392757e-02;2.213619e-02;2.066370e-01;5.622879e-02;3.055024e-02
4.492525e-02;3.049680e-02;3.017409e-01;4.252468e-02;2.104103e-02;1.814330e-02;1.473426e-01;6.878071e-02;2.380120e-02;2.261806e-01;4.636887e-02;2.865397e-02
3.659362e-02;2.010155e-02;2.632381e-01;5.264118e-02;2.124524e-02;1.265781e-02;1.370636e-01;7.267457e-02;3.073671e-02;2.251035e-01;9.952788e-02;2.841626e-02
1.872418e-02;1.354845e-02;2.455716e-01;6.535458e-02;2.279692e-02;1.057824e-02;1.241786e-01;7.695302e-02;2.492556e-02;2.258129e-01;1.530652e-01;1.849071e-02
1.572523e-02;1.245470e-02;2.007567e-01;7.782188e-02;3.450885e-02;1.927777e-02;1.077749e-01;1.181973e-01;2.198341e-02;1.723541e-01;2.062206e-01;1.292449e-02
1.826605e-02;1.699533e-02;1.565213e-01;8.998098e-02;5.206147e-02;3.114047e-02;7.457633e-02;1.691529e-01;2.973882e-02;1.012064e-01;2.324364e-01;2.792349e-02
3.992272e-02;1.484759e-02;1.844337e-01;8.853809e-02;6.057097e-02;3.496496e-02;8.719374e-02;1.529462e-01;4.959533e-02;6.585291e-02;1.820102e-01;3.912359e-02
3.234332e-02;2.214624e-02;2.402325e-01;7.998488e-02;5.518930e-02;4.404981e-02;1.580299e-01;8.030603e-02;4.960869e-02;8.033267e-02;1.275957e-01;3.018101e-02
3.664359e-02;3.729606e-02;2.252598e-01;6.621828e-02;5.721282e-02;6.290353e-02;2.267300e-01;5.870219e-02;4.495610e-02;7.263672e-02;9.149443e-02;1.994643e-02
4.336325e-02;4.627190e-02;1.457416e-01;5.606228e-02;5.704290e-02;7.547411e-02;2.550823e-01;9.289118e-02;6.453025e-02;6.684051e-02;5.692430e-02;3.977543e-02
2.849206e-02;4.873703e-02;1.298958e-01;6.366690e-02;7.870974e-02;8.074784e-02;2.022385e-01;7.639211e-02;7.679808e-02;1.041183e-01;5.896016e-02;5.124347e-02
6.739999e-02;6.329487e-02;2.666022e-01;5.819258e-02;7.863198e-02;6.081821e-02;6.500236e-02;5.263526e-02;7.514010e-02;8.056794e-02;1.046211e-01;2.709339e-02
5.496521e-02;6.325324e-02;2.444638e-01;6.943417e-02;5.636016e-02;6.678650e-02;6.267934e-02;8.113351e-02;8.883828e-02;7.377464e-02;1.114862e-01;2.682504e-02
5.799824e-02;5.615902e-02;1.644887e-01;9.086562e-02;7.360998e-02;6.253733e-02;9.045607e-02;9.310605e-02;9.310324e-02;7.928641e-02;9.832927e-02;4.006006e-02
6.366048e-02;4.555622e-02;1.249061e-01;8.487000e-02;1.034027e-01;5.121798e-02;1.121497e-01;7.988822e-02;9.645530e-02;8.479364e-02;8.122373e-02;7.187590e-02
9.025244e-02;7.733423e-02;6.738215e-02;6.205560e-02;1.345512e-01;5.007127e-02;1.125801e-01;5.703991e-02;8.032428e-02;1.007290e-01;1.001342e-01;6.754557e-02
9.581361e-02;6.811004e-02;1.275169e-01;6.113978e-02;1.060383e-01;4.575199e-02;9.155241e-02;7.007314e-02;7.510328e-02;1.090231e-01;9.553837e-02;5.433908e-02
1.002819e-01;6.812543e-02;1.319834e-01;6.214569e-02;9.069122e-02;4.787178e-02;8.876580e-02;8.237448e-02;8.772333e-02;1.006050e-01;7.736063e-02;6.207142e-02
6.271555e-02;5.567366e-02;1.042638e-01;8.961641e-02;1.094379e-01;8.819142e-02;1.197935e-01;7.842995e-02;4.981560e-02;8.121392e-02;9.996863e-02;6.087971e-02
4.691619e-02;6.268706e-02;1.000352e-01;9.478549e-02;9.947044e-02;1.062681e-01;1.233229e-01;6.373604e-02;5.810622e-02;6.992420e-02;1.064494e-01;6.829878e-02
4.327074e-02;7.293274e-02;1.046807e-01;1.040653e-01;9.868077e-02;1.065901e-01;1.243447e-01;4.912345e-02;6.399396e-02;5.724024e-02;1.116573e-01;6.342006e-02
8.510441e-02;9.408645e-02;9.290621e-02;1.106893e-01;9.668417e-02;9.925320e-02;1.207704e-01;6.324545e-02;4.659865e-02;4.743109e-02;8.413009e-02;5.910055e-02
1.121078e-01;6.133297e-02;1.204743e-01;5.566381e-02;6.174652e-02;5.268225e-02;1.386167e-01;8.263589e-02;6.804062e-02;5.049383e-02;1.115092e-01;8.469611e-02
9.263796e-02;3.645831e-02;1.020062e-01;6.652243e-02;8.590619e-02;4.012605e-02;8.143935e-02;6.994989e-02;8.617172e-02;4.031109e-02;1.405182e-01;1.579526e-01
7.757866e-02;2.337336e-02;8.580945e-02;9.012318e-02;1.035379e-01;2.678409e-02;2.503638e-02;4.129476e-02;8.513799e-02;2.931005e-02;1.312088e-01;2.808053e-01
9.810983e-02;1.973350e-02;7.714683e-02;8.676434e-02;1.214362e-01;2.828997e-02;2.390133e-02;4.211261e-02;6.598390e-02;2.075470e-02;8.082148e-02;3.349453e-01
1.100121e-01;1.709661e-02;1.000444e-01;8.068348e-02;1.477250e-01;4.579905e-02;5.249470e-02;4.285654e-02;5.131051e-02;1.365066e-02;3.600471e-02;3.023222e-01
1.035250e-01;2.061583e-02;1.330635e-01;8.305562e-02;1.735433e-01;7.067678e-02;7.563272e-02;2.921080e-02;5.772603e-02;9.790509e-03;1.687227e-02;2.262876e-01
8.808231e-02;1.360969e-02;1.286043e-01;8.449103e-02;1.969043e-01;1.103035e-01;8.528700e-02;2.525306e-02;7.769206e-02;8.542723e-03;1.148350e-02;1.697465e-01
1.035070e-01;8.797369e-03;8.649140e-02;6.625154e-02;2.089757e-01;1.581286e-01;7.199021e-02;3.135196e-02;9.570027e-02;1.405020e-02;1.958430e-02;1.351714e-01
1.332489e-01;2.378398e-02;7.626978e-02;5.302671e-02;1.975083e-01;1.560654e-01;7.623239e-02;3.072288e-02;1.006760e-01;2.404317e-02;2.332000e-02;1.051025e-01
1.410104e-01;4.625313e-02;1.006367e-01;6.614193e-02;1.631906e-01;1.368751e-01;9.712269e-02;2.757110e-02;8.656523e-02;3.144041e-02;2.692791e-02;7.626473e-02
1.423870e-01;5.543543e-02;9.461383e-02;7.973366e-02;1.421865e-01;1.350272e-01;1.028227e-01;3.892797e-02;7.329740e-02;3.593387e-02;3.454312e-02;6.509130e-02
1.736818e-01;8.878823e-02;7.094277e-02;5.708231e-02;1.038930e-01;1.461899e-01;1.153954e-01;8.032331e-02;4.477501e-02;4.837184e-02;4.342709e-02;2.712934e-02
1.745219e-01;1.014495e-01;4.403512e-02;3.294046e-02;8.851187e-02;2.071119e-01;1.330658e-01;7.861532e-02;4.142243e-02;5.818042e-02;2.778237e-02;1.236292e-02
1.730667e-01;8.429852e-02;3.995909e-02;2.827556e-02;8.071455e-02;2.429364e-01;1.388940e-01;6.827737e-02;4.607722e-02;6.426190e-02;1.523559e-02;1.800313e-02
1.918330e-01;6.980959e-02;2.429247e-02;2.671454e-02;6.068959e-02;2.901789e-01;1.429256e-01;6.704114e-02;4.709532e-02;5.241057e-02;9.472944e-03;1.753639e-02
1.961788e-01;5.316001e-02;1.519806e-02;2.185280e-02;7.685678e-02;3.110339e-01;1.463753e-01;6.135479e-02;4.521246e-02;3.933196e-02;1.502057e-02;1.842453e-02
1.790646e-01;5.830327e-02;3.075411e-02;1.693640e-02;9.143510e-02;2.711989e-01;1.254192e-01;4.041896e-02;5.935767e-02;6.831106e-02;3.579817e-02;2.300262e-02
1.514557e-01;7.093615e-02;5.584529e-02;1.993370e-02;1.163228e-01;1.932382e-01;9.038252e-02;2.841521e-02;7.100347e-02;8.507299e-02;7.945140e-02;3.794254e-02
9.829007e-02;6.155087e-02;9.075730e-02;6.005833e-02;1.543072e-01;1.008283e-01;7.670243e-02;3.716460e-02;7.418405e-02;6.973526e-02;1.135754e-01;6.284623e-02
5.060794e-02;4.739126e-02;1.104923e-01;1.029325e-01;1.724904e-01;7.232416e-02;6.974162e-02;4.861585e-02;7.096621e-02;7.562916e-02;1.086765e-01;7.013223e-02
3.602753e-02;2.485691e-02;9.646901e-02;1.207827e-01;1.559779e-01;1.038668e-01;9.572846e-02;6.624200e-02;7.891835e-02;7.056268e-02;9.074542e-02;5.982223e-02
7.771309e-02;2.838882e-02;5.223938e-02;1.039361e-01;1.066413e-01;1.609084e-01;1.008667e-01;9.906535e-02;7.102126e-02;6.548111e-02;7.822228e-02;5.551623e-02
1.589951e-01;5.834889e-02;4.592772e-02;6.224024e-02;8.342128e-02;1.502690e-01;9.972930e-02;6.658022e-02;3.638631e-02;9.958691e-02;7.836539e-02;6.014966e-02
1.109783e-01;5.417356e-02;9.390841e-02;6.738978e-02;1.070182e-01;1.273908e-01;8.372580e-02;6.166958e-02;8.506472e-02;5.796384e-02;7.548101e-02;7.523603e-02
5.360967e-02;5.495045e-02;8.773830e-02;9.957437e-02;1.050043e-01;9.713851e-02;9.157383e-02;6.046811e-02;9.429547e-02;4.729621e-02;9.841485e-02;1.099360e-01
5.239599e-02;5.181911e-02;8.007925e-02;9.914791e-02;9.764778e-02;1.140619e-01;1.227072e-01;3.331729e-02;7.407268e-02;7.337098e-02;1.121772e-01;8.920266e-02
5.507995e-02;4.333212e-02;8.689313e-02;1.033876e-01;1.013189e-01;1.062507e-01;1.347832e-01;4.473015e-02;5.269032e-02;6.792063e-02;1.330795e-01;7.053375e-02
6.737702e-02;2.292947e-02;8.068197e-02;1.057116e-01;7.694769e-02;7.830999e-02;1.096900e-01;7.767673e-02;6.669202e-02;9.114423e-02;1.395674e-01;8.327189e-02
7.707916e-02;4.764301e-02;6.838087e-02;9.005171e-02;9.937456e-02;9.519598e-02;1.017382e-01;7.859521e-02;8.091010e-02;8.756146e-02;9.005773e-02;8.341201e-02
6.122642e-02;5.416277e-02;6.866967e-02;1.176541e-01;1.280933e-01;7.710054e-02;8.197659e-02;9.752459e-02;8.453228e-02;7.004208e-02;8.634464e-02;7.267297e-02
2.740033e-02;4.950431e-02;9.358263e-02;1.562511e-01;1.125004e-01;6.694408e-02;8.447310e-02;1.189909e-01;5.831653e-02;4.659700e-02;1.429678e-01;4.247190e-02
2.750233e-02;2.807364e-02;1.263133e-01;1.534459e-01;8.545221e-02;7.235329e-02;1.210295e-01;1.054052e-01;3.476334e-02;4.880798e-02;1.698978e-01;2.695551e-02
5.255344e-02;4.454536e-02;1.524653e-01;9.442789e-02;6.606872e-02;8.202493e-02;1.650947e-01;7.431407e-02;3.427302e-02;8.291975e-02;1.195877e-01;3.172523e-02
5.066909e-02;6.542318e-02;1.515719e-01;8.412912e-02;9.349758e-02;9.189361e-02;1.813037e-01;6.000320e-02;4.042345e-02;8.779810e-02;7.088424e-02;2.240282e-02
4.198300e-02;7.022139e-02;1.513924e-01;1.103616e-01;1.273405e-01;6.914542e-02;1.735138e-01;6.385339e-02;2.888115e-02;6.735576e-02;7.081636e-02;2.513525e-02
2.359670e-02;6.176762e-02;2.481222e-01;1.272359e-01;1.590340e-01;5.445273e-02;8.732092e-02;4.349856e-02;4.114592e-02;5.184432e-02;7.864137e-02;2.333981e-02
2.007572e-02;7.052723e-02;3.319705e-01;8.536308e-02;1.175697e-01;5.846955e-02;4.150167e-02;7.152651e-02;5.049691e-02;6.365166e-02;6.136474e-02;2.748266e-02
2.054235e-02;7.237474e-02;3.386683e-01;8.186100e-02;9.009323e-02;7.404758e-02;6.611186e-02;6.130112e-02;5.857207e-02;5.763908e-02;3.907651e-02;3.971216e-02
4.143057e-02;8.889955e-02;3.027990e-01;1.522144e-01;7.486355e-02;8.209418e-02;6.356591e-02;3.996850e-02;4.806470e-02;4.363003e-02;2.363461e-02;3.883499e-02
3.723865e-02;9.453208e-02;2.756031e-01;1.994854e-01;7.094267e-02;8.845097e-02;5.185360e-02;4.028492e-02;5.324871e-02;3.557071e-02;2.196835e-02;3.082085e-02
2.509982e-02;8.524723e-02;3.067096e-01;1.258201e-01;9.436430e-02;9.649426e-02;8.311154e-02;4.189949e-02;7.434122e-02;3.593249e-02;1.031949e-02;2.066049e-02
5.079761e-02;1.045578e-01;2.837680e-01;6.293135e-02;9.519003e-02;9.853004e-02;1.204991e-01;6.644899e-02;6.529984e-02;2.882446e-02;1.098997e-02;1.216283e-02
7.889365e-02;1.065097e-01;2.422419e-01;4.587333e-02;6.451903e-02;6.872449e-02;1.538540e-01;1.047686e-01;6.430369e-02;4.255930e-02;1.507295e-02;1.267930e-02
1.214453e-01;1.029013e-01;1.641276e-01;2.580137e-02;5.792211e-02;6.103475e-02;1.876438e-01;1.142270e-01;6.852734e-02;5.284024e-02;2.581182e-02;1.771737e-02
1.535177e-01;1.438175e-01;1.484293e-01;3.355495e-02;8.497392e-02;7.306436e-02;1.592855e-01;7.338654e-02;4.464230e-02;3.764712e-02;2.148562e-02;2.619521e-02
1.510194e-01;1.324967e-01;1.440260e-01;4.940911e-02;7.920905e-02;5.201757e-02;1.903611e-01;7.335702e-02;3.925436e-02;3.528165e-02;2.105178e-02;3.251623e-02
1.079723e-01;8.336085e-02;1.054746e-01;4.930763e-02;5.446584e-02;6.485281e-02;2.783723e-01;7.097561e-02;4.991502e-02;4.620571e-02;4.422260e-02;4.487476e-02
7.634407e-02;8.184417e-02;8.324166e-02;5.584565e-02;5.118212e-02;7.070820e-02;2.910527e-01;4.566658e-02;4.665560e-02;6.468046e-02;6.242748e-02;7.035130e-02
9.154456e-02;8.391211e-02;6.811471e-02;7.045072e-02;4.888324e-02;5.969374e-02;2.655477e-01;5.963489e-02;4.024206e-02;6.774040e-02;5.311259e-02;9.112327e-02
4.822049e-02;8.438218e-02;1.058784e-01;8.354817e-02;6.127317e-02;4.997038e-02;2.601092e-01;6.704283e-02;4.836065e-02;5.887563e-02;4.406654e-02;8.827249e-02
9.025376e-02;6.390899e-02;9.652572e-02;6.224398e-02;8.199255e-02;5.316219e-02;2.688851e-01;6.605488e-02;7.609176e-02;2.703376e-02;6.170099e-02;5.214627e-02
9.973647e-02;4.772926e-02;9.879048e-02;4.435324e-02;7.814130e-02;7.104021e-02;2.592332e-01;7.561815e-02;7.654271e-02;5.680606e-02;5.369227e-02;3.831671e-02
8.795139e-02;4.441317e-02;9.852250e-02;3.630340e-02;7.416531e-02;8.471416e-02;2.179097e-01;6.676289e-02;8.450227e-02;9.670552e-02;4.641173e-02;6.163790e-02
6.136585e-02;6.422280e-02;1.045792e-01;4.867235e-02;8.444250e-02;7.719132e-02;1.691238e-01;6.725169e-02;9.266254e-02;9.016856e-02;5.360968e-02;8.670969e-02
4.652028e-02;8.294044e-02;1.128706e-01;6.572117e-02;7.703626e-02;8.041877e-02;1.542047e-01;6.311744e-02;6.609080e-02;8.223621e-02;6.017090e-02;1.086725e-01
4.102335e-02;1.031356e-01;1.367756e-01;7.167593e-02;8.350858e-02;8.992855e-02;1.381321e-01;5.376524e-02;5.572329e-02;7.949872e-02;6.628186e-02;8.055112e-02
7.963702e-02;1.019301e-01;1.137712e-01;6.596344e-02;6.666863e-02;5.433317e-02;1.387730e-01;7.405414e-02;7.051681e-02;7.717361e-02;8.038498e-02;7.679390e-02
1.081430e-01;6.498414e-02;1.152482e-01;7.510991e-02;6.157938e-02;4.071270e-02;1.430420e-01;9.178375e-02;7.224261e-02;7.328642e-02;8.029829e-02;7.356964e-02
1.300056e-01;3.468161e-02;1.144662e-01;6.345051e-02;6.605007e-02;6.250930e-02;1.670205e-01;8.116402e-02;5.051265e-02;4.893610e-02;7.233929e-02;1.088642e-01
1.330147e-01;3.674437e-02;8.579595e-02;2.933067e-02;5.217993e-02;8.160734e-02;2.432008e-01;6.472919e-02;4.265534e-02;4.901031e-02;5.757942e-02;1.241520e-01
1.497101e-01;4.626707e-02;5.253497e-02;4.728282e-02;4.301971e-02;1.092423e-01;3.097617e-01;4.660848e-02;4.540114e-02;5.364132e-02;2.128586e-02;7.524454e-02
1.416625e-01;1.053606e-01;5.400966e-02;5.122318e-02;3.909372e-02;1.017033e-01;3.393614e-01;3.932810e-02;4.369408e-02;3.959812e-02;1.459772e-02;3.036768e-02
1.133946e-01;1.512115e-01;4.774517e-02;5.695072e-02;3.991020e-02;7.308921e-02;3.522015e-01;5.142548e-02;4.762531e-02;2.959160e-02;1.464697e-02;2.220778e-02
1.102234e-01;1.348390e-01;4.265582e-02;5.975480e-02;4.117119e-02;7.111891e-02;3.801773e-01;5.503304e-02;4.705456e-02;2.629367e-02;1.224002e-02;1.943823e-02
1.028550e-01;1.106612e-01;7.880229e-02;5.549056e-02;4.956669e-02;6.161414e-02;3.797828e-01;6.041073e-02;4.189613e-02;2.303322e-02;1.109884e-02;2.478843e-02
1.147952e-01;1.815286e-01;8.458177e-02;4.778300e-02;6.848061e-02;4.501390e-02;3.147925e-01;5.200290e-02;3.083406e-02;1.770412e-02;1.705663e-02;2.542676e-02
1.187705e-01;2.170398e-01;8.124319e-02;4.923261e-02;7.489989e-02;7.453527e-02;2.389319e-01;3.750100e-02;3.570838e-02;2.070983e-02;2.820067e-02;2.322695e-02
1.121278e-01;1.644182e-01;1.291594e-01;6.163367e-02;7.114860e-02;9.449702e-02;1.874360e-01;5.142024e-02;5.019401e-02;2.978060e-02;2.520257e-02;2.298198e-02
1.347193e-01;1.252938e-01;1.657941e-01;5.100890e-02;5.640784e-02;1.329373e-01;1.193197e-01;4.350712e-02;4.619958e-02;4.296407e-02;2.628173e-02;5.556663e-02
1.083360e-01;8.431430e-02;1.977438e-01;4.141522e-02;4.056959e-02;1.366606e-01;9.559700e-02;4.490311e-02;4.260770e-02;6.129672e-02;6.463219e-02;8.192367e-02
5.749727e-02;5.200933e-02;2.385183e-01;4.395561e-02;3.766363e-02;1.347709e-01;8.737159e-02;4.115114e-02;2.868816e-02;8.022267e-02;1.202519e-01;7.789955e-02
7.252696e-02;5.025658e-02;1.923030e-01;5.492485e-02;5.780103e-02;1.423298e-01;1.078219e-01;3.195220e-02;3.833384e-02;7.733704e-02;1.153923e-01;5.902047e-02
8.931561e-02;8.576913e-02;1.299076e-01;5.701595e-02;7.298829e-02;1.077692e-01;1.474800e-01;5.921488e-02;5.805343e-02;6.968215e-02;7.206912e-02;5.073455e-02
1.129529e-01;9.828253e-02;1.296712e-01;5.416148e-02;1.072282e-01;4.735822e-02;1.530043e-01;7.468079e-02;6.328893e-02;7.455358e-02;5.669106e-02;2.812683e-02
1.505585e-01;7.070557e-02;1.375263e-01;7.933528e-02;1.067579e-01;3.490282e-02;1.331535e-01;6.506558e-02;6.774707e-02;6.293691e-02;5.987550e-02;3.143512e-02
1.403062e-01;7.819341e-02;1.460045e-01;5.883633e-02;7.961903e-02;5.195805e-02;1.185860e-01;7.186620e-02;7.663009e-02;5.359146e-02;7.683548e-02;4.757324e-02
1.349505e-01;1.049617e-01;1.460894e-01;5.627447e-02;5.607317e-02;5.872570e-02;7.094654e-02;7.924673e-02;7.119817e-02;7.249304e-02;7.554615e-02;7.349453e-02
1.101758e-01;7.987393e-02;1.165859e-01;9.278237e-02;5.160221e-02;5.566462e-02;7.498951e-02;8.368491e-02;1.059463e-01;6.048947e-02;6.809279e-02;1.001123e-01
6.164435e-02;6.330828e-02;9.680979e-02;9.689198e-02;5.453060e-02;3.443830e-02;1.182314e-01;8.042887e-02;1.193819e-01;1.119455e-01;6.082832e-02;1.015608e-01
5.571265e-02;6.774952e-02;8.651174e-02;7.797599e-02;5.048953e-02;3.423561e-02;1.061643e-01;7.913901e-02;1.149969e-01;1.681201e-01;7.566581e-02;8.323888e-02
7.137439e-02;8.589898e-02;9.392569e-02;7.254063e-02;8.401260e-02;5.143662e-02;7.814258e-02;6.528615e-02;1.088431e-01;1.082617e-01;7.346634e-02;1.068111e-01
4.833002e-02;7.714798e-02;1.183408e-01;9.088144e-02;8.332995e-02;5.602235e-02;9.369257e-02;7.171032e-02;1.160807e-01;7.982635e-02;6.646594e-02;9.817158e-02
6.996165e-02;8.169840e-02;1.272943e-01;8.512569e-02;8.279289e-02;5.162277e-02;9.117027e-02;7.024508e-02;1.099113e-01;7.509364e-02;8.577655e-02;6.930738e-02
8.210478e-02;7.751317e-02;1.128342e-01;8.196212e-02;9.452137e-02;4.531168e-02;7.228500e-02;7.169112e-02;1.121419e-01;8.962940e-02;9.829481e-02;6.171041e-02
8.916973e-02;5.475566e-02;1.116598e-01;9.732524e-02;9.899995e-02;6.130113e-02;5.764144e-02;5.492155e-02;8.882444e-02;1.169626e-01;1.037464e-01;6.469204e-02
1.109252e-01;6.276658e-02;1.426823e-01;6.918147e-02;7.671125e-02;1.053298e-01;1.370173e-01;5.251592e-02;5.570908e-02;7.032819e-02;5.617752e-02;6.065549e-02
1.561624e-01;8.705325e-02;9.606807e-02;4.161163e-02;7.214317e-02;1.370453e-01;1.667455e-01;5.168360e-02;4.991150e-02;7.441817e-02;2.585953e-02;4.129781e-02
2.062707e-01;9.353920e-02;4.447864e-02;2.687299e-02;6.155060e-02;1.738433e-01;1.972007e-01;4.332050e-02;3.811939e-02;7.632864e-02;9.465867e-03;2.900955e-02
2.224842e-01;8.782161e-02;1.774470e-02;1.621093e-02;5.483878e-02;2.004808e-01;2.218324e-01;3.717504e-02;3.952041e-02;6.145777e-02;1.724506e-02;2.318826e-02
2.243008e-01;7.062051e-02;2.932291e-02;1.474369e-02;6.834877e-02;2.246122e-01;1.912782e-01;3.217914e-02;4.074189e-02;4.648590e-02;2.542906e-02;3.193693e-02
2.166474e-01;5.403601e-02;3.963041e-02;2.752628e-02;8.885199e-02;2.365881e-01;1.413344e-01;2.886765e-02;3.737805e-02;6.152253e-02;3.560641e-02;3.201083e-02
1.925516e-01;4.827564e-02;4.069520e-02;3.185597e-02;8.663289e-02;2.346893e-01;1.729094e-01;3.025715e-02;3.554545e-02;6.049959e-02;3.546816e-02;3.061964e-02
2.045434e-01;6.231148e-02;4.369264e-02;3.385064e-02;8.544128e-02;2.074376e-01;1.801990e-01;3.514823e-02;2.587873e-02;4.897333e-02;3.372277e-02;3.880090e-02
1.967155e-01;7.165515e-02;4.705121e-02;3.241939e-02;7.885776e-02;1.718234e-01;1.881433e-01;3.949222e-02;3.878609e-02;5.735337e-02;2.344427e-02;5.425823e-02
1.597792e-01;6.868096e-02;3.950791e-02;3.619651e-02;1.011702e-01;1.343301e-01;1.962473e-01;5.478719e-02;4.579511e-02;5.954802e-02;3.748951e-02;6.646795e-02
1.331225e-01;4.697065e-02;6.359619e-02;4.281073e-02;1.126377e-01;1.010277e-01;2.222100e-01;4.606115e-02;6.089072e-02;4.605085e-02;5.122134e-02;7.340053e-02
1.108991e-01;4.595299e-02;8.073923e-02;3.949874e-02;1.052984e-01;1.329476e-01;1.763572e-01;4.366335e-02;6.054118e-02;5.729653e-02;7.833012e-02;6.847563e-02
1.129315e-01;5.797470e-02;1.008896e-01;4.353590e-02;1.014743e-01;1.088942e-01;5.333512e-02;5.920221e-02;8.041003e-02;8.419922e-02;1.199448e-01;7.720831e-02
1.250695e-01;7.949719e-02;9.776335e-02;4.546634e-02;9.695797e-02;7.182445e-02;8.131221e-02;6.172301e-02;7.589100e-02;8.006973e-02;1.260332e-01;5.839200e-02
1.419335e-01;8.250532e-02;7.284761e-02;5.915767e-02;1.061460e-01;4.406086e-02;7.056753e-02;8.913889e-02;1.031702e-01;6.782590e-02;1.156403e-01;4.700623e-02
1.546872e-01;6.498737e-02;6.702693e-02;6.448235e-02;8.726991e-02;4.701315e-02;5.943319e-02;1.082348e-01;1.233510e-01;7.390154e-02;9.335634e-02;5.625621e-02
1.335483e-01;6.366615e-02;7.349341e-02;4.225340e-02;7.395205e-02;6.940865e-02;7.775749e-02;8.865409e-02;1.127833e-01;9.830740e-02;9.894324e-02;6.723253e-02
1.116196e-01;7.608012e-02;9.033640e-02;4.553611e-02;7.496609e-02;9.473991e-02;7.919725e-02;6.163685e-02;8.923607e-02;9.128363e-02;9.903500e-02;8.633295e-02
9.160326e-02;7.671915e-02;8.550026e-02;5.051773e-02;8.475222e-02;1.024815e-01;8.399995e-02;1.184526e-01;5.355225e-02;7.867761e-02;8.521566e-02;8.852790e-02
8.675061e-02;9.973579e-02;7.674566e-02;7.021903e-02;7.286861e-02;8.464444e-02;8.941583e-02;1.160274e-01;5.084394e-02;1.026878e-01;9.338941e-02;5.667146e-02
9.548721e-02;1.227804e-01;1.022977e-01;9.099529e-02;5.692966e-02;6.252865e-02;6.625385e-02;1.117797e-01;9.305672e-02;7.883372e-02;7.555965e-02;4.349740e-02
7.500774e-02;9.508727e-02;1.364111e-01;7.133388e-02;6.325562e-02;4.797832e-02;7.900856e-02;1.042856e-01;1.218757e-01;8.502308e-02;5.369014e-02;6.704292e-02
5.306116e-02;8.470156e-02;1.275812e-01;6.075438e-02;7.590684e-02;5.291257e-02;8.527774e-02;8.522246e-02;1.121379e-01;1.192727e-01;7.152239e-02;7.164903e-02
4.777848e-02;7.373069e-02;1.724162e-01;4.522579e-02;9.253528e-02;5.112074e-02;1.031567e-01;8.028863e-02;1.190252e-01;7.843708e-02;7.859949e-02;5.768577e-02
7.156558e-02;7.332356e-02;1.831937e-01;6.122041e-02;1.163009e-01;4.864168e-02;1.367653e-01;4.026667e-02;9.427933e-02;5.313678e-02;9.146494e-02;2.984115e-02
8.538149e-02;5.305576e-02;1.823749e-01;9.857569e-02;8.753282e-02;5.561304e-02;1.013748e-01;6.857272e-02;7.196604e-02;6.881768e-02;9.808305e-02;2.865193e-02
9.804440e-02;5.683731e-02;1.783165e-01;7.503333e-02;5.880529e-02;5.596600e-02;7.098636e-02;9.406065e-02;9.798094e-02;8.814594e-02;7.915065e-02;4.667265e-02
1.014534e-01;7.066289e-02;1.709892e-01;5.120699e-02;5.273321e-02;6.210057e-02;7.829288e-02;5.938257e-02;1.204692e-01;9.645347e-02;7.830101e-02;5.795452e-02
7.194541e-02;7.586487e-02;1.423376e-01;3.486346e-02;7.642092e-02;7.714564e-02;1.015271e-01;7.797928e-02;9.631816e-02;7.305827e-02;8.743894e-02;8.510033e-02
8.048759e-02;6.268057e-02;1.084654e-01;5.738346e-02;1.271697e-01;8.627515e-02;1.026354e-01;7.637814e-02;8.482316e-02;6.716796e-02;6.914363e-02;7.738980e-02
8.691149e-02;5.659866e-02;1.149025e-01;5.782265e-02;1.263590e-01;9.191126e-02;7.674569e-02;5.490793e-02;7.089479e-02;1.294921e-01;9.425548e-02;3.919845e-02
7.330418e-02;1.102641e-01;1.446225e-01;3.238291e-02;7.707413e-02;9.810286e-02;7.601342e-02;7.659367e-02;4.798226e-02;1.224430e-01;1.058829e-01;3.533407e-02
5.364741e-02;1.809461e-01;1.354604e-01;5.984586e-02;5.668113e-02;8.343221e-02;8.406607e-02;7.392239e-02;4.896566e-02;8.441401e-02;7.674781e-02;6.187094e-02
7.203099e-02;1.815489e-01;8.630355e-02;7.475110e-02;7.214463e-02;5.911371e-02;8.604221e-02;6.334538e-02;8.058302e-02;6.909201e-02;6.900269e-02;8.604176e-02
1.082483e-01;1.241962e-01;6.784768e-02;6.045905e-02;7.728787e-02;6.440596e-02;8.046703e-02;5.620874e-02;8.728398e-02;1.217449e-01;5.506305e-02;9.678734e-02
1.048879e-01;1.133804e-01;8.826490e-02;3.150042e-02;6.727657e-02;8.281375e-02;1.003293e-01;7.588826e-02;7.828705e-02;1.006919e-01;7.454766e-02;8.213180e-02
7.380868e-02;7.084577e-02;1.245726e-01;4.036113e-02;7.520604e-02;6.718839e-02;1.706541e-01;1.014118e-01;9.627759e-02;4.501021e-02;6.468028e-02;6.998330e-02
4.227687e-02;6.325158e-02;1.716666e-01;6.719376e-02;8.339593e-02;6.329548e-02;1.558650e-01;1.266189e-01;8.704530e-02;4.362678e-02;4.033805e-02;5.542574e-02
3.157500e-02;7.547029e-02;2.287508e-01;8.707583e-02;8.772446e-02;5.671962e-02;1.060179e-01;1.240231e-01;8.339532e-02;3.963586e-02;3.493893e-02;4.467285e-02
3.604222e-02;1.096265e-01;2.655928e-01;1.060243e-01;9.954344e-02;5.589982e-02;5.381755e-02;9.605002e-02;7.728605e-02;3.569529e-02;2.889729e-02;3.552463e-02
3.626194e-02;1.111503e-01;2.290456e-01;9.619327e-02;9.698335e-02;5.485253e-02;1.052567e-01;1.171258e-01;5.917905e-02;3.204270e-02;3.164648e-02;3.026236e-02
2.384764e-02;1.009044e-01;2.201455e-01;7.521797e-02;8.003235e-02;5.459101e-02;1.436765e-01;1.257401e-01;6.049095e-02;3.197736e-02;4.246668e-02;4.090948e-02
4.744210e-02;8.452184e-02;2.023341e-01;5.062352e-02;8.871119e-02;5.999170e-02;1.343060e-01;1.158342e-01;6.540705e-02;5.063581e-02;5.384557e-02;4.634697e-02
8.454366e-02;5.679300e-02;1.208472e-01;7.459349e-02;1.060242e-01;7.231203e-02;9.375738e-02;1.322864e-01;8.896749e-02;6.750685e-02;4.468974e-02;5.767857e-02
7.657322e-02;7.034130e-02;1.228429e-01;1.038060e-01;9.231713e-02;6.187778e-02;7.609992e-02;1.414334e-01;1.004542e-01;5.344036e-02;4.811056e-02;5.270321e-02
5.582305e-02;7.923599e-02;1.233800e-01;9.818247e-02;8.559667e-02;7.612488e-02;6.221468e-02;1.141127e-01;7.703113e-02;6.821317e-02;8.198117e-02;7.810422e-02
6.254520e-02;5.533398e-02;1.167819e-01;7.862102e-02;1.026343e-01;1.241536e-01;4.021458e-02;5.545979e-02;6.083824e-02;8.071121e-02;1.201824e-01;1.025237e-01
7.395732e-02;9.144141e-02;1.373143e-01;5.180266e-02;6.515626e-02;1.118865e-01;4.722557e-02;6.172432e-02;6.747793e-02;7.032816e-02;1.214987e-01;1.001869e-01
9.877941e-02;1.238634e-01;1.197681e-01;4.359781e-02;5.107839e-02;5.971592e-02;8.934207e-02;8.449198e-02;1.105779e-01;5.193340e-02;7.763603e-02;8.921556e-02
8.687234e-02;1.082105e-01;1.156699e-01;4.438858e-02;6.483807e-02;7.270313e-02;1.111379e-01;9.398416e-02;1.207198e-01;3.814604e-02;4.962603e-02;9.370363e-02
6.452205e-02;5.946304e-02;1.248241e-01;3.328604e-02;8.215871e-02;9.635549e-02;9.571312e-02;9.356023e-02;1.127132e-01;4.797327e-02;7.401060e-02;1.154202e-01
6.836765e-02;6.961668e-02;9.719512e-02;3.826153e-02;8.174901e-02;6.259617e-02;1.220588e-01;6.289456e-02;1.034876e-01;7.059996e-02;1.222863e-01;1.008866e-01
