6.704931e-02;4.488956e-02;1.438803e-01;7.143170e-02;1.167419e-01;6.022196e-02;1.229379e-01;7.572077e-02;8.929668e-02;6.631054e-02;5.635306e-02;8.516628e-02
6.377546e-02;5.870737e-02;1.499008e-01;9.232394e-02;1.071770e-01;6.667940e-02;7.098315e-02;1.277636e-01;7.499202e-02;5.884426e-02;6.629698e-02;6.255602e-02
5.581003e-02;7.488049e-02;1.560515e-01;6.809805e-02;9.265725e-02;7.331631e-02;6.168186e-02;1.031293e-01;9.145015e-02;8.106288e-02;8.983813e-02;5.202407e-02
5.252236e-02;7.943180e-02;1.561624e-01;4.874531e-02;1.051939e-01;6.312053e-02;9.713388e-02;6.708348e-02;1.014556e-01;8.398604e-02;9.877540e-02;4.638938e-02
8.934846e-02;7.241793e-02;1.157446e-01;7.558736e-02;9.738503e-02;6.990263e-02;1.064867e-01;8.115549e-02;9.834930e-02;6.306412e-02;1.002425e-01;3.031591e-02
1.185834e-01;4.759683e-02;1.506191e-01;1.073367e-01;7.582072e-02;7.023235e-02;1.297961e-01;6.154096e-02;6.900144e-02;7.155822e-02;7.568003e-02;2.223417e-02
9.706891e-02;3.386563e-02;1.411384e-01;1.208910e-01;5.380118e-02;5.773014e-02;1.307007e-01;8.578431e-02;1.043563e-01;6.924319e-02;6.842797e-02;3.699228e-02
7.894406e-02;3.875799e-02;9.479864e-02;1.044045e-01;4.739437e-02;8.340736e-02;1.149009e-01;1.192224e-01;1.458750e-01;5.631771e-02;6.320100e-02;5.277603e-02
5.219995e-02;6.470942e-02;8.336193e-02;9.814119e-02;5.959314e-02;1.207407e-01;1.044371e-01;1.246665e-01;1.017806e-01;6.081832e-02;6.243400e-02;6.711711e-02
6.931733e-02;6.440792e-02;7.526665e-02;1.118270e-01;8.925425e-02;9.224626e-02;1.087696e-01;9.412677e-02;9.696978e-02;6.338658e-02;5.435141e-02;8.007640e-02
7.234428e-02;7.313660e-02;9.522934e-02;1.182724e-01;8.951156e-02;7.899942e-02;1.222024e-01;7.033539e-02;1.280386e-01;5.526227e-02;2.297765e-02;7.369018e-02
5.395873e-02;3.818914e-02;9.090399e-02;6.747945e-02;9.106594e-02;1.139059e-01;1.547508e-01;8.618871e-02;1.231727e-01;7.528140e-02;4.510695e-02;5.999639e-02
5.389950e-02;2.927920e-02;7.800992e-02;4.828351e-02;1.169488e-01;1.289116e-01;1.552450e-01;8.259369e-02;1.405880e-01;6.720860e-02;3.298828e-02;6.604384e-02
3.530322e-02;2.562289e-02;4.139708e-02;3.268814e-02;1.435156e-01;1.239514e-01;1.408663e-01;8.687800e-02;1.898185e-01;6.441102e-02;3.534355e-02;8.020435e-02
2.125962e-02;4.551353e-02;3.784915e-02;4.163211e-02;1.306702e-01;9.062853e-02;8.153020e-02;1.185362e-01;2.027112e-01;4.818667e-02;8.101787e-02;1.004648e-01
1.505475e-02;6.069842e-02;4.154987e-02;5.296354e-02;8.275736e-02;8.890551e-02;5.816785e-02;1.358659e-01;1.333103e-01;4.047881e-02;1.890195e-01;1.012283e-01
2.973438e-02;4.544768e-02;5.841522e-02;4.489581e-02;5.710718e-02;8.625589e-02;8.774938e-02;1.355478e-01;6.222841e-02;6.942887e-02;2.570420e-01;6.614745e-02
3.857310e-02;2.893110e-02;9.747616e-02;3.609473e-02;7.656212e-02;6.088651e-02;1.389889e-01;9.881618e-02;3.720360e-02;1.523550e-01;2.140638e-01;2.004887e-02
3.291327e-02;2.164699e-02;1.359325e-01;2.490590e-02;1.302606e-01;6.139948e-02;1.750127e-01;4.856830e-02;4.846786e-02;2.143523e-01;8.916923e-02;1.737085e-02
2.365424e-02;2.330332e-02;1.269577e-01;3.893186e-02;1.352758e-01;7.612479e-02;1.524850e-01;3.849342e-02;1.430938e-01;1.687061e-01;2.781022e-02;4.516376e-02
1.644398e-02;5.912016e-02;7.218061e-02;7.754461e-02;8.471637e-02;1.066781e-01;1.013390e-01;5.418669e-02;2.430887e-01;7.379524e-02;2.143792e-02;8.946875e-02
1.867606e-02;8.999031e-02;4.279900e-02;1.049015e-01;6.363248e-02;1.104684e-01;4.482172e-02;6.360799e-02;2.725858e-01;5.855029e-02;2.957443e-02;1.003920e-01
4.857650e-02;1.028231e-01;5.367469e-02;1.175312e-01;9.693000e-02;8.195580e-02;3.234005e-02;6.217803e-02;2.336297e-01;4.967219e-02;3.643936e-02;8.424946e-02
9.423109e-02;1.169379e-01;4.510253e-02;1.265802e-01;1.314240e-01;6.350395e-02;3.702086e-02;5.576998e-02;1.818826e-01;5.596378e-02;3.335094e-02;5.823207e-02
1.473185e-01;1.372494e-01;7.574411e-02;1.046632e-01;1.198602e-01;6.001822e-02;5.416977e-02;5.633431e-02;1.281371e-01;5.237033e-02;3.078198e-02;3.335300e-02
1.815249e-01;1.409914e-01;7.356084e-02;5.474862e-02;7.665362e-02;7.636643e-02;7.121821e-02;7.910711e-02;1.115662e-01;3.963505e-02;5.286999e-02;4.175775e-02
1.751335e-01;1.994945e-01;6.339402e-02;6.384335e-02;5.848525e-02;8.230113e-02;6.201702e-02;1.008046e-01;7.301905e-02;3.375285e-02;5.728848e-02;3.046630e-02
1.308413e-01;2.331865e-01;1.093776e-01;1.018648e-01;4.151809e-02;7.348119e-02;4.738684e-02;8.943427e-02;7.747878e-02;3.802363e-02;4.116961e-02;1.623736e-02
7.822088e-02;1.625268e-01;2.038853e-01;1.002534e-01;5.856660e-02;7.687735e-02;9.685697e-02;7.122856e-02;6.598569e-02;2.777658e-02;9.537827e-03;4.828405e-02
4.952594e-02;5.858541e-02;2.446445e-01;6.692297e-02;9.787764e-02;5.952400e-02;1.856243e-01;1.034421e-01;2.361203e-02;6.081314e-02;1.521729e-02;3.421066e-02
6.298754e-02;1.399873e-02;1.877693e-01;4.025228e-02;1.084425e-01;4.700359e-02;2.182582e-01;1.163988e-01;3.705111e-02;9.059586e-02;5.540750e-02;2.183456e-02
7.390406e-02;1.637763e-02;1.332731e-01;3.397632e-02;8.717261e-02;6.531537e-02;1.979399e-01;1.208728e-01;2.715694e-02;9.474044e-02;1.235027e-01;2.576801e-02
5.603665e-02;3.988527e-02;7.290162e-02;6.037597e-02;5.454073e-02;9.684371e-02;1.267628e-01;1.335781e-01;4.289576e-02;6.970797e-02;2.158800e-01;3.059152e-02
2.874064e-02;6.442829e-02;4.134376e-02;6.610171e-02;5.345819e-02;9.570632e-02;8.611842e-02;1.312636e-01;7.194790e-02;4.378963e-02;2.342699e-01;8.283167e-02
2.270736e-02;4.967383e-02;4.903822e-02;4.613249e-02;9.506973e-02;5.861704e-02;1.040252e-01;9.311387e-02;1.368294e-01;4.218662e-02;1.375376e-01;1.650687e-01
3.358810e-02;2.487864e-02;9.097351e-02;2.862785e-02;1.183421e-01;5.566325e-02;1.056321e-01;6.280083e-02;1.931542e-01;4.118459e-02;6.369922e-02;1.814556e-01
7.498824e-02;2.159759e-02;1.012837e-01;2.875970e-02;9.633896e-02;1.107765e-01;8.570501e-02;6.050969e-02;1.868099e-01;6.594238e-02;3.903214e-02;1.282562e-01
8.515777e-02;3.321993e-02;6.130219e-02;4.511834e-02;5.858725e-02;1.735947e-01;1.119931e-01;7.687557e-02;1.165375e-01;1.387657e-01;2.988329e-02;6.896468e-02
5.474703e-02;4.654717e-02;3.496255e-02;5.240564e-02;3.640846e-02;1.737514e-01;1.880085e-01;6.327224e-02;5.595087e-02;1.999054e-01;5.658752e-02;3.745319e-02
3.836621e-02;6.847228e-02;3.078246e-02;1.938699e-02;3.680805e-02;1.294376e-01;2.632461e-01;7.945061e-02;8.395945e-02;1.562342e-01;7.764709e-02;1.620905e-02
7.050782e-02;8.435189e-02;2.500598e-02;2.106125e-02;6.738118e-02;1.417110e-01;2.972169e-01;7.106934e-02;7.442841e-02;6.765132e-02;6.861135e-02;1.100358e-02
8.399931e-02;8.008314e-02;6.766323e-02;3.469026e-02;9.321801e-02;1.327691e-01;2.632096e-01;6.438770e-02;6.133642e-02;5.283909e-02;4.558831e-02;2.021586e-02
8.201498e-02;6.659558e-02;1.061605e-01;3.919604e-02;9.709574e-02;8.940291e-02;2.023314e-01;7.404555e-02;5.673382e-02;1.275406e-01;3.305616e-02;2.582678e-02
6.283858e-02;7.269166e-02;8.643460e-02;2.910033e-02;9.859168e-02;7.908264e-02;1.516009e-01;1.247026e-01;7.203477e-02;1.694439e-01;3.605604e-02;1.742229e-02
7.407868e-02;9.297752e-02;6.722421e-02;3.551665e-02;8.555785e-02;7.267163e-02;2.097694e-01;1.025226e-01;9.077096e-02;1.150391e-01;3.545553e-02;1.841594e-02
4.540689e-02;9.486372e-02;7.306332e-02;5.277605e-02;5.970121e-02;9.086125e-02;2.778504e-01;7.430010e-02;9.188314e-02;6.233127e-02;5.091479e-02;2.604788e-02
5.986439e-02;8.028971e-02;1.150893e-01;2.806170e-02;6.001389e-02;6.768933e-02;2.521998e-01;8.757864e-02;1.098224e-01;4.997434e-02;5.996731e-02;2.944916e-02
4.205723e-02;7.619254e-02;1.847572e-01;3.227533e-02;6.173273e-02;5.119007e-02;2.444330e-01;9.446537e-02;8.274630e-02;4.442882e-02;5.912606e-02;2.659538e-02
4.248538e-02;1.008937e-01;2.574305e-01;3.193000e-02;6.900445e-02;3.167082e-02;2.436119e-01;7.066193e-02;4.901037e-02;3.217157e-02;4.717787e-02;2.395151e-02
5.833177e-02;1.510810e-01;2.140055e-01;2.562606e-02;6.536462e-02;4.115488e-02;2.434627e-01;6.723426e-02;3.162606e-02;2.275994e-02;6.239972e-02;1.695346e-02
1.051697e-01;1.640631e-01;1.038473e-01;9.486710e-03;4.477695e-02;4.942858e-02;2.378151e-01;1.078721e-01;4.573034e-02;2.490914e-02;8.468717e-02;2.221395e-02
1.530644e-01;1.452246e-01;4.766123e-02;1.525323e-02;3.373916e-02;4.741063e-02;2.291156e-01;1.275089e-01;6.102254e-02;2.921477e-02;7.119036e-02;3.959449e-02
1.970345e-01;1.032980e-01;6.761702e-02;2.190278e-02;5.023719e-02;6.568883e-02;2.019408e-01;1.032671e-01;6.626927e-02;3.330433e-02;3.436710e-02;5.507305e-02
1.933594e-01;8.053584e-02;9.799004e-02;2.392695e-02;7.610036e-02;8.592669e-02;1.670291e-01;8.381645e-02;8.368187e-02;2.808614e-02;3.354696e-02;4.600013e-02
1.297294e-01;1.218720e-01;1.326074e-01;3.703466e-02;1.087877e-01;7.659321e-02;1.095823e-01;5.711617e-02;1.037668e-01;3.667057e-02;5.111981e-02;3.512006e-02
6.129864e-02;1.202493e-01;1.197119e-01;4.576614e-02;1.242713e-01;5.472919e-02;1.118823e-01;6.539683e-02;1.632929e-01;3.100579e-02;5.919725e-02;4.319850e-02
6.534658e-02;1.360576e-01;1.402505e-01;5.404505e-02;8.971870e-02;4.364946e-02;9.664423e-02;6.073231e-02;1.622232e-01;4.353272e-02;6.299447e-02;4.480519e-02
1.004883e-01;9.391108e-02;2.254209e-01;4.968810e-02;6.702172e-02;4.465829e-02;5.948299e-02;5.805654e-02;1.285039e-01;6.799583e-02;5.478429e-02;4.998804e-02
1.125406e-01;8.785345e-02;2.494435e-01;4.782397e-02;6.766148e-02;5.144683e-02;7.767674e-02;8.103496e-02;7.926304e-02;6.613393e-02;3.458754e-02;4.453393e-02
8.430412e-02;9.874580e-02;1.883392e-01;3.108965e-02;7.149638e-02;6.481886e-02;1.337575e-01;7.219200e-02;1.065003e-01;7.323803e-02;3.877234e-02;3.674585e-02
9.111588e-02;8.251484e-02;1.176749e-01;4.602389e-02;9.225457e-02;6.719860e-02;1.161804e-01;1.165693e-01;1.379662e-01;6.036678e-02;4.831850e-02;2.381608e-02
7.127632e-02;6.187721e-02;8.664260e-02;5.466387e-02;1.018907e-01;5.330633e-02;1.234700e-01;2.611362e-01;8.717169e-02;4.212873e-02;2.330278e-02;3.313358e-02
6.089975e-02;5.265608e-02;9.811856e-02;5.642772e-02;8.812972e-02;4.616179e-02;1.215846e-01;3.453934e-01;3.781919e-02;3.591777e-02;2.282546e-02;3.406600e-02
9.018421e-02;4.062595e-02;1.365652e-01;4.464058e-02;6.217393e-02;5.820849e-02;1.338120e-01;2.901797e-01;3.827947e-02;4.085167e-02;2.840529e-02;3.607352e-02
9.009977e-02;4.992032e-02;1.871969e-01;4.171042e-02;7.501401e-02;9.725275e-02;1.751918e-01;1.360751e-01;3.066649e-02;5.145135e-02;3.324091e-02;3.218006e-02
7.221781e-02;6.050779e-02;2.194053e-01;6.558129e-02;1.030518e-01;1.206500e-01;1.521341e-01;5.726164e-02;2.138359e-02;6.720435e-02;4.165403e-02;1.894828e-02
4.318245e-02;6.672563e-02;2.487814e-01;7.413526e-02;1.202460e-01;1.292246e-01;1.119988e-01;2.490120e-02;3.347884e-02;7.800889e-02;5.173082e-02;1.758613e-02
3.412446e-02;7.322165e-02;2.520742e-01;7.499917e-02;9.679918e-02;1.172940e-01;9.025720e-02;4.005434e-02;6.169920e-02;7.075050e-02;4.821072e-02;4.051552e-02
7.811583e-02;9.791241e-02;2.660600e-01;8.871984e-02;7.131371e-02;1.073107e-01;4.792852e-02;3.242560e-02;7.227123e-02;5.971315e-02;2.907584e-02;4.915316e-02
6.102641e-02;9.399577e-02;2.957830e-01;9.340342e-02;9.722678e-02;1.352910e-01;6.008567e-02;3.083665e-02;5.876632e-02;2.841262e-02;1.882495e-02;2.634739e-02
5.115486e-02;8.903765e-02;2.868259e-01;1.042042e-01;8.190920e-02;1.304183e-01;7.205565e-02;6.188738e-02;5.102663e-02;3.150727e-02;2.315344e-02;1.681956e-02
6.844438e-02;7.556429e-02;2.275896e-01;9.886266e-02;7.183976e-02;1.064742e-01;1.112124e-01;9.538821e-02;4.578811e-02;4.498590e-02;4.197991e-02;1.187050e-02
8.124343e-02;6.547541e-02;1.993953e-01;6.266900e-02;8.173542e-02;1.145273e-01;1.507943e-01;1.010092e-01;4.364420e-02;3.377569e-02;5.433814e-02;1.139277e-02
7.994022e-02;7.062682e-02;1.936821e-01;7.516547e-02;9.804379e-02;1.469515e-01;1.320285e-01;6.897499e-02;3.093204e-02;3.326282e-02;4.968029e-02;2.071145e-02
6.543050e-02;6.083408e-02;1.945747e-01;9.666739e-02;1.066746e-01;1.421569e-01;1.021080e-01;7.901468e-02;2.815288e-02;4.022752e-02;5.698863e-02;2.717001e-02
7.827312e-02;4.502892e-02;1.507021e-01;8.522946e-02;1.602347e-01;1.122133e-01;1.021243e-01;9.894416e-02;4.106310e-02;4.503561e-02;5.924829e-02;2.190298e-02
8.918672e-02;2.772064e-02;8.918256e-02;6.543168e-02;2.000650e-01;9.756611e-02;9.968042e-02;1.322871e-01;6.076014e-02;6.046659e-02;5.439254e-02;2.326054e-02
9.315901e-02;1.863579e-02;5.509640e-02;6.244536e-02;1.490655e-01;8.941475e-02;1.604399e-01;1.548424e-01;6.349971e-02;8.304323e-02;4.748175e-02;2.287620e-02
9.239689e-02;2.412770e-02;4.550217e-02;7.702795e-02;7.438958e-02;1.407311e-01;1.616345e-01;1.333085e-01;6.229410e-02;1.095080e-01;3.477924e-02;4.430019e-02
9.815121e-02;2.161658e-02;3.987386e-02;7.308714e-02;5.079658e-02;1.800089e-01;1.567349e-01;1.088579e-01;6.333597e-02;1.226080e-01;2.164423e-02;6.328470e-02
1.357178e-01;2.171490e-02;7.330630e-02;5.672574e-02;6.255467e-02;1.548705e-01;1.284022e-01;1.170278e-01;5.763789e-02;1.011969e-01;4.088220e-02;4.996318e-02
1.927228e-01;2.791265e-02;9.992909e-02;5.055119e-02;9.599904e-02;1.060877e-01;8.576301e-02;1.442681e-01;3.201608e-02;8.090630e-02;6.254143e-02;2.130261e-02
2.023268e-01;3.436015e-02;1.136592e-01;4.567158e-02;1.193327e-01;5.012760e-02;7.293985e-02;1.512402e-01;2.481007e-02;6.581172e-02;9.040807e-02;2.931197e-02
2.054774e-01;3.182313e-02;1.218753e-01;4.588847e-02;1.437342e-01;2.799156e-02;5.935761e-02;1.548811e-01;2.200214e-02;5.327749e-02;1.097385e-01;2.395307e-02
2.039352e-01;2.657754e-02;1.109012e-01;3.865627e-02;1.619005e-01;3.050621e-02;6.669420e-02;1.412267e-01;2.021470e-02;3.395760e-02;1.390581e-01;2.637186e-02
1.860388e-01;3.267597e-02;8.332229e-02;3.497201e-02;1.667611e-01;4.294608e-02;8.799879e-02;1.131818e-01;4.288255e-02;2.114082e-02;1.675368e-01;2.054305e-02
1.520030e-01;5.543536e-02;6.460277e-02;4.637113e-02;1.492655e-01;3.597542e-02;1.045616e-01;9.073450e-02;7.311245e-02;2.757474e-02;1.712825e-01;2.908104e-02
1.108570e-01;8.066733e-02;6.072864e-02;7.052322e-02;1.038962e-01;7.229528e-02;9.414764e-02;7.520041e-02;1.198368e-01;2.813197e-02;1.412603e-01;4.245524e-02
6.293528e-02;9.970050e-02;6.490985e-02;9.506465e-02;5.039933e-02;1.308963e-01;7.299817e-02;5.357406e-02;1.683882e-01;2.490914e-02;8.815194e-02;8.807263e-02
4.196351e-02;7.511731e-02;8.743276e-02;7.324217e-02;4.404096e-02;1.457037e-01;6.561247e-02;5.503969e-02;1.744195e-01;3.957602e-02;6.647487e-02;1.313771e-01
3.463919e-02;4.720287e-02;1.052157e-01;4.919885e-02;4.874332e-02;1.225526e-01;9.090403e-02;6.255906e-02;1.798661e-01;6.946906e-02;4.454880e-02;1.451004e-01
2.380872e-02;4.158168e-02;9.473889e-02;6.414903e-02;5.194284e-02;8.216152e-02;1.227442e-01;9.536020e-02;1.579127e-01;6.531984e-02;7.152665e-02;1.287537e-01
2.923318e-02;6.392802e-02;9.374453e-02;7.444812e-02;5.985564e-02;7.953826e-02;1.477881e-01;9.408127e-02;1.108602e-01;3.971647e-02;9.126727e-02;1.155390e-01
6.499595e-02;1.022694e-01;1.050202e-01;7.135496e-02;8.305553e-02;8.931455e-02;1.268262e-01;5.058970e-02;7.686120e-02;4.926708e-02;6.601019e-02;1.144350e-01
7.565020e-02;8.847249e-02;9.335902e-02;5.175190e-02;8.333153e-02;9.687128e-02;9.844975e-02;6.775301e-02;8.850491e-02;8.469027e-02;8.187262e-02;8.929303e-02
5.544052e-02;3.862734e-02;8.551039e-02;4.365212e-02;9.998893e-02;1.305789e-01;9.282222e-02;1.079877e-01;1.467824e-01;9.027893e-02;5.539972e-02;5.293078e-02
5.148510e-02;2.925867e-02;9.530052e-02;6.154246e-02;8.345015e-02;1.370476e-01;1.192719e-01;1.355092e-01;1.589286e-01;5.484800e-02;3.394914e-02;3.940859e-02
5.599261e-02;3.222337e-02;8.809470e-02;7.817610e-02;6.350391e-02;1.272503e-01;1.576082e-01;1.251038e-01;1.485731e-01;3.731015e-02;4.324906e-02;4.291474e-02
6.200166e-02;5.075529e-02;8.942235e-02;8.457202e-02;6.930436e-02;9.196328e-02;1.576848e-01;7.680055e-02;1.561693e-01;6.553029e-02;5.772235e-02;3.807374e-02
4.564318e-02;5.516287e-02;8.719195e-02;6.144458e-02;9.732509e-02;1.258756e-01;1.670551e-01;7.165568e-02;9.957004e-02;7.395380e-02;8.200117e-02;3.312084e-02
4.691033e-02;5.153470e-02;1.136996e-01;6.898810e-02;9.223861e-02;1.017642e-01;1.344602e-01;1.080401e-01;7.368606e-02;6.992820e-02;9.034057e-02;4.840937e-02
5.341770e-02;6.091193e-02;9.989189e-02;5.008617e-02;9.630306e-02;6.098935e-02;1.214125e-01;1.268739e-01;1.198582e-01;6.985756e-02;7.120591e-02;6.919175e-02
5.734536e-02;5.697619e-02;6.241912e-02;3.071088e-02;8.989556e-02;8.269513e-02;1.356603e-01;1.468506e-01;1.282697e-01;6.423418e-02;3.759835e-02;1.073446e-01
5.708233e-02;7.594870e-02;5.325518e-02;5.506361e-02;7.543083e-02;9.318942e-02;1.040019e-01;1.586124e-01;1.232842e-01;4.761966e-02;5.664464e-02;9.986719e-02
5.349254e-02;9.745307e-02;5.918898e-02;5.793415e-02;9.437019e-02;6.368397e-02;1.202336e-01;1.300724e-01;1.296817e-01;4.029012e-02;8.593597e-02;6.766333e-02
5.812284e-02;8.993179e-02;6.173405e-02;6.884488e-02;1.232606e-01;8.663767e-02;1.077260e-01;7.832968e-02;1.257955e-01;6.432762e-02;7.355434e-02;6.173506e-02
6.505898e-02;7.334267e-02;7.811839e-02;8.674708e-02;1.207209e-01;1.026116e-01;8.603194e-02;6.550566e-02;1.094959e-01;8.473562e-02;5.868731e-02;6.894384e-02
5.663689e-02;4.252639e-02;8.554767e-02;5.503948e-02;7.030388e-02;1.111835e-01;1.085825e-01;1.286881e-01;8.603802e-02;1.029378e-01;1.059321e-01;4.658365e-02
5.150579e-02;5.226923e-02;8.947244e-02;4.075185e-02;5.490490e-02;1.404208e-01;1.256529e-01;1.412986e-01;9.901551e-02;9.117176e-02;8.674540e-02;2.679090e-02
5.299803e-02;6.719852e-02;1.156127e-01;4.046387e-02;7.760463e-02;1.350518e-01;1.190558e-01;1.073126e-01;1.100920e-01;8.146900e-02;4.855150e-02;4.458949e-02
7.745072e-02;8.448775e-02;1.762713e-01;5.941406e-02;5.752639e-02;7.862867e-02;1.307977e-01;1.046447e-01;8.552517e-02;6.748269e-02;3.995507e-02;3.781582e-02
9.670715e-02;1.021744e-01;1.723274e-01;7.125681e-02;7.124908e-02;6.110468e-02;1.548379e-01;1.126631e-01;3.308230e-02;5.594734e-02;3.863734e-02;3.001250e-02
1.340324e-01;9.598821e-02;1.545641e-01;7.005791e-02;9.239304e-02;7.354822e-02;1.255625e-01;9.006489e-02;4.782587e-02;3.918310e-02;3.364250e-02;4.313733e-02
1.938247e-01;8.002018e-02;9.874213e-02;5.502483e-02;1.318856e-01;1.021095e-01;9.571961e-02;6.592665e-02;6.157596e-02;2.518394e-02;3.696104e-02;5.302591e-02
2.368348e-01;4.215518e-02;5.543377e-02;2.576250e-02;1.589555e-01;1.569359e-01;7.709642e-02;4.572721e-02;6.925242e-02;2.298862e-02;4.841940e-02;6.043822e-02
2.300318e-01;5.207924e-02;5.221779e-02;1.656365e-02;1.352131e-01;2.001252e-01;7.589236e-02;3.584844e-02;7.253446e-02;2.573549e-02;5.639888e-02;4.735959e-02
2.033028e-01;5.966106e-02;5.794931e-02;1.340027e-02;1.056129e-01;2.164232e-01;1.111381e-01;5.472433e-02;5.529981e-02;3.395026e-02;5.552779e-02;3.301022e-02
1.603276e-01;5.716795e-02;5.573684e-02;2.047444e-02;1.036069e-01;2.220959e-01;1.352018e-01;4.756380e-02;6.300128e-02;5.337169e-02;5.408848e-02;2.736323e-02
9.898943e-02;5.006588e-02;4.782852e-02;3.687494e-02;1.335183e-01;2.000708e-01;1.754620e-01;4.977799e-02;7.792381e-02;5.456151e-02;5.027700e-02;2.464987e-02
3.172395e-02;1.991767e-02;5.270314e-02;2.541591e-02;1.745469e-01;1.776937e-01;2.570968e-01;6.287494e-02;8.710833e-02;5.117459e-02;4.205519e-02;1.768894e-02
6.482559e-02;3.383564e-02;4.952721e-02;4.455080e-02;1.836768e-01;1.432274e-01;2.243890e-01;5.553688e-02;9.600504e-02;3.833637e-02;4.103260e-02;2.505667e-02
1.168622e-01;5.488119e-02;5.988524e-02;7.658888e-02;1.641390e-01;9.060694e-02;1.623817e-01;4.519715e-02;9.971481e-02;6.169990e-02;3.066143e-02;3.738153e-02
1.465149e-01;5.628294e-02;9.139384e-02;6.868150e-02;9.511096e-02;1.226529e-01;1.146201e-01;5.204299e-02;8.793668e-02;8.709954e-02;4.747894e-02;3.018469e-02
1.226130e-01;4.546770e-02;8.499260e-02;6.305873e-02;1.014060e-01;1.352680e-01;1.390960e-01;4.113472e-02;9.834507e-02;8.330096e-02;4.019221e-02;4.512512e-02
1.101432e-01;6.653096e-02;5.681929e-02;6.613570e-02;1.153640e-01;1.146278e-01;1.497291e-01;4.650160e-02;1.165400e-01;8.108820e-02;3.089113e-02;4.562892e-02
1.051112e-01;8.812934e-02;9.347492e-02;3.501660e-02;1.107397e-01;8.814135e-02;1.195940e-01;5.841526e-02;1.420751e-01;6.309633e-02;6.009642e-02;3.610976e-02
7.887589e-02;7.707302e-02;7.854281e-02;4.452859e-02;1.045391e-01;9.816284e-02;1.159109e-01;8.317059e-02;1.099992e-01;8.786227e-02;6.962743e-02;5.170738e-02
6.587087e-02;6.359018e-02;8.324115e-02;6.103105e-02;9.582528e-02;9.020434e-02;1.233968e-01;1.092042e-01;1.068631e-01;8.258098e-02;6.190592e-02;5.628610e-02
8.192109e-02;5.649454e-02;1.081326e-01;6.569397e-02;8.473603e-02;7.496204e-02;1.417856e-01;1.041361e-01;1.206910e-01;6.147484e-02;5.866954e-02;4.130260e-02
6.999069e-02;6.783231e-02;8.988863e-02;8.940209e-02;1.060180e-01;9.349366e-02;1.494413e-01;7.554681e-02;7.359935e-02;8.415004e-02;6.582803e-02;3.480912e-02
8.005103e-02;9.006327e-02;8.184681e-02;9.545370e-02;1.181706e-01;9.608842e-02;1.014147e-01;6.087188e-02;6.000355e-02;1.274958e-01;5.260184e-02;3.593850e-02
9.684667e-02;9.175114e-02;5.554344e-02;8.232161e-02;1.047136e-01;9.766151e-02;1.040963e-01;6.086248e-02;6.711169e-02;1.211718e-01;7.056936e-02;4.735037e-02
8.368449e-02;7.900954e-02;9.977634e-02;7.200429e-02;8.937311e-02;9.155591e-02;1.250499e-01;5.129118e-02;7.097686e-02;8.636346e-02;7.706265e-02;7.385226e-02
8.682884e-02;8.102623e-02;1.867753e-01;8.739292e-02;7.171241e-02;7.128236e-02;8.041469e-02;7.593206e-02;9.701622e-02;6.949716e-02;4.520394e-02;4.691788e-02
5.836898e-02;4.853164e-02;6.718336e-02;6.122610e-02;1.041879e-01;1.003982e-01;1.353856e-01;1.203759e-01;1.515712e-01;6.258920e-02;4.458271e-02;4.559908e-02
3.981822e-02;2.937334e-02;5.984427e-02;5.364536e-02;1.263692e-01;8.747369e-02;1.241756e-01;1.135154e-01;2.108978e-01;7.093538e-02;3.487776e-02;4.907397e-02
3.602723e-02;1.475771e-02;7.695056e-02;4.481528e-02;1.482582e-01;7.228231e-02;8.659151e-02;8.801621e-02;2.793037e-01;7.216018e-02;2.068895e-02;6.014816e-02
4.220156e-02;8.178083e-03;1.105904e-01;3.386002e-02;1.508158e-01;6.793542e-02;4.970482e-02;4.197550e-02;3.265632e-01;7.299338e-02;1.571636e-02;7.946549e-02
3.808938e-02;8.423942e-03;1.347310e-01;2.262877e-02;1.524733e-01;5.458324e-02;5.083386e-02;4.706721e-02;3.182355e-01;3.888366e-02;2.402298e-02;1.100270e-01
5.491027e-02;9.636021e-03;1.475017e-01;1.903450e-02;1.391337e-01;5.513104e-02;5.210872e-02;4.517773e-02;2.910279e-01;3.435964e-02;2.707560e-02;1.249032e-01
9.554492e-02;1.903570e-02;1.466079e-01;2.387071e-02;1.122556e-01;5.793318e-02;5.701641e-02;4.821518e-02;2.360729e-01;5.477364e-02;3.478289e-02;1.138911e-01
1.452485e-01;1.736110e-02;9.384432e-02;4.462763e-02;6.517554e-02;1.314655e-01;6.930943e-02;7.355710e-02;1.370768e-01;1.132979e-01;3.077870e-02;7.825746e-02
1.646060e-01;1.412357e-02;4.594557e-02;8.262783e-02;3.278960e-02;1.993931e-01;8.905847e-02;7.357610e-02;7.455121e-02;1.761317e-01;1.634627e-02;3.085060e-02
1.364457e-01;2.584593e-02;2.075434e-02;1.147308e-01;3.376302e-02;1.957816e-01;1.138633e-01;5.384772e-02;3.667868e-02;2.264872e-01;2.793556e-02;1.386619e-02
7.821323e-02;4.763445e-02;2.489224e-02;8.641534e-02;2.984909e-02;1.217822e-01;2.037610e-01;4.535848e-02;3.936070e-02;2.183911e-01;9.157126e-02;1.277090e-02
3.676258e-02;5.481529e-02;2.953965e-02;3.413233e-02;5.799631e-02;7.034875e-02;2.979562e-01;5.997900e-02;4.018120e-02;1.449787e-01;1.568170e-01;1.649304e-02
3.434157e-02;5.994364e-02;3.327169e-02;1.715462e-02;7.910782e-02;9.054569e-02;3.495195e-01;5.679084e-02;3.359672e-02;6.836368e-02;1.600099e-01;1.735443e-02
4.065841e-02;5.973614e-02;2.419487e-02;2.324398e-02;9.246737e-02;1.263064e-01;3.543783e-01;7.741097e-02;3.953757e-02;5.866884e-02;9.320423e-02;1.019291e-02
5.521903e-02;5.209396e-02;4.254209e-02;2.833805e-02;1.116800e-01;1.354053e-01;3.021115e-01;8.311513e-02;4.556749e-02;9.668259e-02;3.576751e-02;1.147740e-02
6.688356e-02;6.269605e-02;4.041402e-02;3.425223e-02;1.300819e-01;9.606073e-02;2.278933e-01;1.030147e-01;3.192305e-02;1.435694e-01;4.760128e-02;1.560987e-02
5.029449e-02;7.333727e-02;4.321051e-02;3.541893e-02;9.634236e-02;1.099571e-01;2.183352e-01;7.008162e-02;7.993905e-02;1.560544e-01;3.879079e-02;2.823832e-02
2.852313e-02;6.832925e-02;3.099352e-02;3.103351e-02;5.764545e-02;9.213098e-02;2.515617e-01;3.780691e-02;1.672550e-01;1.411936e-01;6.745776e-02;2.606925e-02
4.622825e-02;5.019797e-02;2.865908e-02;4.277293e-02;4.588668e-02;1.297532e-01;1.920487e-01;8.335710e-02;1.693577e-01;1.111979e-01;7.519925e-02;2.534132e-02
6.629433e-02;3.621797e-02;3.889684e-02;4.432587e-02;6.585591e-02;1.688380e-01;1.318391e-01;1.062506e-01;1.181484e-01;1.052932e-01;7.166708e-02;4.637264e-02
8.652069e-02;2.915666e-02;5.830703e-02;4.261943e-02;6.747680e-02;1.346249e-01;1.404115e-01;7.494850e-02;1.279655e-01;1.060425e-01;6.548361e-02;6.644291e-02
6.817103e-02;5.669321e-02;7.547711e-02;6.624569e-02;7.525630e-02;1.030037e-01;1.598144e-01;7.976908e-02;1.315263e-01;7.485989e-02;4.549113e-02;6.369218e-02
7.820528e-02;8.245827e-02;1.563734e-01;7.992472e-02;7.035363e-02;7.456043e-02;1.663597e-01;6.800559e-02;7.921986e-02;5.790603e-02;5.509249e-02;3.154055e-02
8.947097e-02;1.081678e-01;1.952754e-01;5.336631e-02;6.702381e-02;4.939573e-02;1.786986e-01;5.745889e-02;4.419160e-02;4.607874e-02;8.781926e-02;2.305289e-02
6.467158e-02;1.399186e-01;1.531666e-01;2.963978e-02;5.115940e-02;4.501145e-02;2.285932e-01;9.596119e-02;4.628801e-02;3.246786e-02;9.810375e-02;1.501864e-02
1.028776e-01;1.482988e-01;8.723476e-02;1.234957e-02;3.160040e-02;4.243819e-02;2.456624e-01;1.421477e-01;4.278123e-02;2.559664e-02;9.480277e-02;2.420997e-02
1.720202e-01;1.233226e-01;3.381507e-02;1.871678e-02;3.357648e-02;5.505219e-02;2.203267e-01;1.418798e-01;4.580716e-02;3.516988e-02;6.274158e-02;5.757165e-02
1.794300e-01;7.850393e-02;4.974023e-02;2.596472e-02;6.499268e-02;7.905655e-02;1.769162e-01;1.332372e-01;6.868359e-02;3.784220e-02;2.556369e-02;8.006903e-02
1.084687e-01;4.329441e-02;9.754881e-02;4.130802e-02;9.727700e-02;7.308935e-02;1.374083e-01;1.488862e-01;1.050586e-01;2.655799e-02;3.815074e-02;8.295185e-02
1.055177e-01;4.969347e-02;1.350903e-01;5.276350e-02;1.130224e-01;5.228973e-02;8.856411e-02;1.245276e-01;1.321101e-01;2.747848e-02;3.978230e-02;7.916030e-02
1.336981e-01;8.858290e-02;1.465103e-01;6.678183e-02;9.328485e-02;4.025486e-02;6.662434e-02;8.705044e-02;1.278471e-01;4.017403e-02;5.525696e-02;5.393429e-02
6.635464e-02;1.188449e-01;1.636706e-01;7.260257e-02;6.803529e-02;4.371567e-02;5.471822e-02;1.167424e-01;1.449309e-01;5.925347e-02;6.134368e-02;2.978777e-02
9.896137e-02;8.786952e-02;2.010503e-01;4.324836e-02;5.075971e-02;4.005687e-02;4.784231e-02;1.075199e-01;1.749192e-01;6.521876e-02;5.117429e-02;3.137942e-02
9.112439e-02;4.419225e-02;1.971703e-01;5.091244e-02;4.077345e-02;3.176817e-02;6.663385e-02;1.200079e-01;2.302147e-01;4.999128e-02;5.320308e-02;2.400816e-02
5.680712e-02;4.454030e-02;1.966520e-01;7.112210e-02;6.601796e-02;5.145153e-02;1.000949e-01;9.601746e-02;1.801460e-01;5.905155e-02;5.621671e-02;2.188231e-02
3.348887e-02;6.490885e-02;1.922022e-01;1.007340e-01;1.008243e-01;1.053493e-01;1.432923e-01;6.557789e-02;7.961904e-02;4.820168e-02;5.036581e-02;1.543568e-02
1.383017e-02;8.688547e-02;1.858615e-01;9.076596e-02;1.161310e-01;1.201931e-01;1.792930e-01;8.589279e-02;3.295285e-02;2.206382e-02;4.687415e-02;1.925613e-02
1.306891e-02;1.001787e-01;1.910415e-01;9.263884e-02;1.313411e-01;1.278921e-01;1.669371e-01;7.740725e-02;2.094553e-02;1.360854e-02;4.754151e-02;1.739884e-02
1.766656e-02;8.930713e-02;2.017054e-01;9.653936e-02;1.467612e-01;1.251461e-01;1.432587e-01;5.805137e-02;2.124993e-02;2.036710e-02;5.191444e-02;2.803271e-02
5.079242e-02;7.055598e-02;2.057713e-01;8.531276e-02;1.644810e-01;9.533907e-02;1.147480e-01;4.048075e-02;2.544922e-02;3.798378e-02;6.264094e-02;4.644471e-02
6.099216e-02;7.877056e-02;1.675108e-01;7.947900e-02;1.930464e-01;5.397531e-02;1.299335e-01;2.698373e-02;3.448260e-02;5.323363e-02;6.972187e-02;5.187050e-02
3.944742e-02;8.808079e-02;1.428076e-01;8.961706e-02;2.380912e-01;7.797290e-02;9.375108e-02;4.903089e-02;4.050212e-02;4.939003e-02;5.075709e-02;4.055188e-02
4.846195e-02;8.438233e-02;2.266785e-01;8.266976e-02;1.781893e-01;9.474026e-02;4.968575e-02;4.659595e-02;3.203071e-02;4.125438e-02;4.906771e-02;6.624333e-02
6.492835e-02;8.412532e-02;2.353056e-01;9.804828e-02;1.171842e-01;7.929071e-02;5.645068e-02;5.077044e-02;3.495419e-02;4.572051e-02;5.889094e-02;7.433086e-02
6.249741e-02;9.700764e-02;2.679326e-01;9.641907e-02;1.034508e-01;5.853328e-02;5.543271e-02;5.680002e-02;4.028602e-02;4.673867e-02;5.390699e-02;6.099484e-02
5.307817e-02;1.295452e-01;1.713976e-01;8.574717e-02;1.178312e-01;5.200320e-02;6.059954e-02;4.807497e-02;5.556557e-02;6.590324e-02;9.364285e-02;6.661128e-02
4.095184e-02;1.224434e-01;1.491411e-01;6.557433e-02;1.497876e-01;5.211870e-02;4.211945e-02;5.535680e-02;5.792434e-02;7.258964e-02;1.211567e-01;7.083614e-02
3.483430e-02;1.141294e-01;1.409976e-01;5.092868e-02;1.711077e-01;4.859803e-02;4.004436e-02;5.123885e-02;5.198287e-02;6.959043e-02;1.470314e-01;7.951648e-02
3.040679e-02;9.953140e-02;1.164675e-01;4.528371e-02;2.107108e-01;4.504965e-02;4.029972e-02;3.860970e-02;4.258091e-02;5.742164e-02;1.882155e-01;8.542264e-02
6.966505e-02;8.425014e-02;9.642532e-02;5.314841e-02;1.970113e-01;8.029240e-02;7.376610e-02;5.439264e-02;4.040775e-02;3.864305e-02;1.394085e-01;7.258937e-02
6.041279e-02;5.516995e-02;1.275808e-01;1.084301e-01;1.180923e-01;1.120066e-01;1.036168e-01;8.872592e-02;4.585163e-02;3.280542e-02;9.566052e-02;5.164715e-02
4.098048e-02;3.969610e-02;1.221770e-01;1.428488e-01;1.231333e-01;1.134892e-01;6.698535e-02;1.061052e-01;4.785575e-02;3.629683e-02;1.240387e-01;3.639327e-02
3.815065e-02;2.136018e-02;1.268642e-01;1.492144e-01;1.168962e-01;8.615074e-02;1.012388e-01;1.244618e-01;4.664770e-02;4.239672e-02;1.060133e-01;4.060527e-02
5.182954e-02;3.306038e-02;1.488508e-01;1.138740e-01;8.846807e-02;4.887009e-02;1.997736e-01;1.165822e-01;4.412244e-02;8.175476e-02;4.366770e-02;2.914638e-02
4.436348e-02;3.803305e-02;1.487943e-01;8.410602e-02;8.065284e-02;5.875625e-02;2.663140e-01;6.763117e-02;3.317623e-02;1.199212e-01;3.486158e-02;2.338997e-02
2.848098e-02;3.322843e-02;1.093298e-01;6.315474e-02;7.488406e-02;8.927970e-02;2.462682e-01;4.923053e-02;7.698300e-02;1.206689e-01;4.957511e-02;5.891653e-02
2.097108e-02;4.284438e-02;6.836729e-02;4.142495e-02;4.293353e-02;1.455096e-01;1.904913e-01;3.609460e-02;1.668328e-01;9.055094e-02;4.998181e-02;1.039977e-01
2.941979e-02;5.297406e-02;6.730209e-02;5.958973e-02;5.780026e-02;1.536731e-01;9.913057e-02;4.261255e-02;2.209305e-01;6.250308e-02;5.502850e-02;9.903587e-02
4.007282e-02;5.202239e-02;6.652235e-02;5.593069e-02;9.399202e-02;1.221961e-01;5.984824e-02;6.662726e-02;2.161968e-01;7.211498e-02;8.106380e-02;7.341253e-02
5.732886e-02;5.392420e-02;6.313840e-02;6.216310e-02;1.274231e-01;8.312055e-02;7.578365e-02;8.347891e-02;1.414343e-01;7.727278e-02;1.352270e-01;3.970510e-02
7.802907e-02;6.201883e-02;8.030088e-02;1.029178e-01;1.581067e-01;6.574350e-02;5.977542e-02;9.110294e-02;6.470145e-02;4.705359e-02;1.513690e-01;3.888087e-02
8.449318e-02;7.271008e-02;9.893088e-02;1.295539e-01;1.600487e-01;4.857634e-02;5.231725e-02;9.476728e-02;4.018890e-02;5.167338e-02;1.260860e-01;4.065405e-02
6.668786e-02;5.854709e-02;8.717776e-02;1.462240e-01;1.540585e-01;5.827434e-02;7.734367e-02;7.700605e-02;3.613929e-02;8.949129e-02;9.809708e-02;5.095310e-02
5.418286e-02;3.630356e-02;7.619832e-02;1.451321e-01;1.412079e-01;7.456255e-02;1.193801e-01;3.427996e-02;5.601707e-02;1.191064e-01;8.833516e-02;5.529389e-02
4.709468e-02;4.296793e-02;8.728947e-02;1.141687e-01;9.118900e-02;7.755463e-02;2.012501e-01;4.624438e-02;4.927688e-02;8.575230e-02;8.460996e-02;7.260209e-02
2.950785e-02;4.458546e-02;1.105900e-01;9.315035e-02;6.685544e-02;6.710521e-02;2.903745e-01;3.132831e-02;4.970423e-02;7.345833e-02;5.678565e-02;8.655473e-02
2.259142e-02;2.959913e-02;8.070315e-02;8.620357e-02;1.191802e-01;6.455688e-02;2.914946e-01;4.576229e-02;6.208848e-02;9.657741e-02;3.351148e-02;6.773135e-02
3.990944e-02;2.831953e-02;6.313388e-02;6.777985e-02;1.434280e-01;6.775485e-02;2.652344e-01;6.184817e-02;7.973944e-02;9.992904e-02;3.014569e-02;5.277762e-02
6.045797e-02;2.483346e-02;7.469384e-02;3.470540e-02;1.497371e-01;5.188696e-02;2.217927e-01;7.306763e-02;9.707278e-02;9.752218e-02;7.672501e-02;3.750499e-02
6.459844e-02;2.154744e-02;9.640653e-02;6.991953e-02;1.605464e-01;5.447394e-02;1.605610e-01;1.013443e-01;8.644624e-02;6.276625e-02;9.187796e-02;2.951202e-02
7.349830e-02;2.845011e-02;1.178380e-01;1.044243e-01;1.883809e-01;3.823891e-02;1.180618e-01;1.213970e-01;5.832850e-02;5.426938e-02;7.382334e-02;2.328946e-02
8.893163e-02;3.846869e-02;1.136941e-01;1.030477e-01;1.852705e-01;5.532195e-02;1.084198e-01;1.098155e-01;7.336206e-02;4.449393e-02;5.135195e-02;2.782220e-02
1.088948e-01;4.550797e-02;1.216838e-01;9.252810e-02;1.673898e-01;7.032844e-02;1.194507e-01;9.484344e-02;6.248507e-02;4.007636e-02;5.324585e-02;2.356574e-02
1.096561e-01;5.329092e-02;1.140262e-01;8.055261e-02;1.600531e-01;1.038319e-01;1.004924e-01;9.269252e-02;5.562551e-02;3.517851e-02;6.309260e-02;3.150770e-02
9.593526e-02;8.141318e-02;1.265905e-01;4.784274e-02;1.281567e-01;1.138126e-01;1.373991e-01;9.109914e-02;3.725512e-02;3.178179e-02;6.907132e-02;3.964242e-02
1.053299e-01;1.272523e-01;1.631836e-01;8.098006e-02;1.206549e-01;6.496473e-02;1.038192e-01;1.009628e-01;2.874173e-02;2.898106e-02;4.572804e-02;2.940164e-02
1.207379e-01;1.610732e-01;1.424560e-01;1.159996e-01;1.228686e-01;3.253404e-02;8.387278e-02;1.192791e-01;2.023473e-02;3.365158e-02;2.642868e-02;2.086380e-02
1.228818e-01;1.496032e-01;1.322381e-01;1.191794e-01;1.332255e-01;4.924661e-02;8.606570e-02;1.158008e-01;3.084669e-02;2.477614e-02;1.785553e-02;1.828060e-02
1.324336e-01;1.232463e-01;1.278767e-01;9.608416e-02;1.510650e-01;7.592207e-02;5.503006e-02;1.040443e-01;6.283624e-02;2.348808e-02;2.486955e-02;2.310392e-02
1.457937e-01;1.114603e-01;1.193956e-01;6.655577e-02;1.530246e-01;9.612872e-02;7.601817e-02;7.676504e-02;8.039852e-02;1.731215e-02;3.228645e-02;2.486097e-02
1.735261e-01;1.014664e-01;9.187799e-02;3.986119e-02;1.356968e-01;1.248467e-01;1.123055e-01;5.602595e-02;9.345039e-02;1.223709e-02;3.432452e-02;2.438128e-02
1.921798e-01;9.385043e-02;1.040457e-01;4.008810e-02;1.025079e-01;1.384154e-01;1.187211e-01;4.275115e-02;9.067960e-02;1.492907e-02;3.591506e-02;2.591657e-02
1.741486e-01;9.693095e-02;1.041731e-01;4.795420e-02;7.955804e-02;1.319762e-01;1.764676e-01;4.303116e-02;6.844707e-02;2.282620e-02;3.347649e-02;2.101026e-02
1.307460e-01;1.049978e-01;9.568395e-02;4.147289e-02;5.694942e-02;1.096684e-01;2.707574e-01;7.606044e-02;4.287664e-02;3.124421e-02;2.744861e-02;1.209419e-02
9.123189e-02;1.633636e-01;1.279868e-01;6.480617e-02;6.291419e-02;7.809655e-02;2.294414e-01;7.832001e-02;4.360505e-02;3.037562e-02;1.917292e-02;1.068578e-02
7.645773e-02;2.040555e-01;1.514858e-01;7.436261e-02;6.266024e-02;1.315839e-01;1.324415e-01;5.048663e-02;4.988212e-02;2.944377e-02;1.336134e-02;2.377879e-02
7.555307e-02;2.019960e-01;1.819854e-01;5.402736e-02;4.449565e-02;1.538696e-01;9.225863e-02;3.756944e-02;4.884931e-02;4.898720e-02;2.412670e-02;3.628164e-02
7.071786e-02;1.139501e-01;2.462448e-01;4.644335e-02;3.800417e-02;1.269808e-01;1.087891e-01;3.767858e-02;4.164926e-02;8.067242e-02;4.975621e-02;3.911337e-02
5.346973e-02;3.466152e-02;2.744142e-01;6.290553e-02;5.890732e-02;1.461792e-01;1.372275e-01;2.994119e-02;2.120180e-02;9.616677e-02;5.925595e-02;2.566933e-02
4.995531e-02;4.450582e-02;2.347825e-01;5.466603e-02;6.167494e-02;1.489987e-01;1.314439e-01;3.709663e-02;2.146299e-02;9.643473e-02;5.940078e-02;5.957759e-02
4.105502e-02;3.277763e-02;2.189233e-01;6.361683e-02;7.202329e-02;1.129102e-01;9.281284e-02;4.390371e-02;3.368538e-02;1.093429e-01;9.115960e-02;8.778941e-02
2.725538e-02;2.931399e-02;2.306004e-01;6.627847e-02;8.785179e-02;8.369529e-02;8.562727e-02;4.777243e-02;4.281077e-02;1.103047e-01;1.167244e-01;7.176511e-02
4.972761e-02;3.803154e-02;2.165138e-01;5.131917e-02;8.969893e-02;1.110873e-01;1.032704e-01;4.459961e-02;3.793220e-02;1.122338e-01;9.289697e-02;5.268858e-02
4.593452e-02;4.397145e-02;1.419559e-01;5.311045e-02;1.128618e-01;1.671189e-01;1.312748e-01;6.680826e-02;4.989618e-02;7.972776e-02;6.205405e-02;4.528602e-02
7.674593e-02;3.453100e-02;1.078123e-01;5.522437e-02;1.767227e-01;1.196729e-01;1.357603e-01;9.128211e-02;6.939846e-02;3.761645e-02;3.698512e-02;5.824834e-02
1.074010e-01;2.243508e-02;1.167517e-01;4.311408e-02;1.757003e-01;1.343901e-01;1.442085e-01;6.475500e-02;7.810042e-02;3.077900e-02;1.955741e-02;6.280739e-02
1.485679e-01;3.977944e-02;9.781086e-02;4.269578e-02;1.637918e-01;1.309823e-01;1.427442e-01;3.303018e-02;7.697892e-02;3.600683e-02;1.923547e-02;6.837642e-02
1.632190e-01;5.109539e-02;7.966131e-02;5.518780e-02;1.416324e-01;1.133619e-01;1.445721e-01;3.727742e-02;7.779612e-02;4.225701e-02;2.613409e-02;6.780539e-02
1.560169e-01;2.686361e-02;6.603938e-02;5.986941e-02;1.477408e-01;1.151434e-01;1.286799e-01;5.830962e-02;8.276869e-02;6.007663e-02;2.903534e-02;6.945632e-02
1.876351e-01;3.812257e-02;7.114013e-02;4.445580e-02;1.531469e-01;8.479656e-02;1.190608e-01;5.817003e-02;6.512159e-02;7.386591e-02;3.073809e-02;7.374653e-02
1.858848e-01;3.154984e-02;9.706922e-02;6.212274e-02;1.405581e-01;4.288780e-02;1.123004e-01;5.847855e-02;6.754065e-02;7.879306e-02;3.480647e-02;8.800839e-02
1.020224e-01;3.956055e-02;1.386350e-01;8.807413e-02;1.262438e-01;5.035013e-02;1.102980e-01;5.399412e-02;6.092325e-02;6.249249e-02;6.231893e-02;1.050871e-01
1.294405e-01;5.675528e-02;1.311900e-01;5.253729e-02;1.468147e-01;7.981592e-02;9.797533e-02;3.876166e-02;5.445614e-02;5.702392e-02;6.318641e-02;9.204280e-02
1.095178e-01;5.344725e-02;1.178416e-01;6.485330e-02;1.440911e-01;8.690702e-02;1.184606e-01;3.419196e-02;7.923527e-02;8.538971e-02;3.519080e-02;7.087347e-02
6.546252e-02;5.070622e-02;1.358204e-01;5.568580e-02;1.160788e-01;9.401217e-02;1.535643e-01;3.841554e-02;8.309806e-02;9.854935e-02;5.476742e-02;5.383931e-02
4.859532e-02;5.525257e-02;1.457734e-01;6.636025e-02;1.034745e-01;8.391049e-02;1.622748e-01;4.218715e-02;7.256385e-02;1.038588e-01;5.721573e-02;5.853315e-02
6.517425e-02;3.433452e-02;1.171674e-01;8.269572e-02;8.751663e-02;7.715293e-02;1.578473e-01;7.671802e-02;6.550249e-02;1.155470e-01;6.203942e-02;5.830429e-02
6.410086e-02;2.504436e-02;9.059443e-02;1.124720e-01;1.465225e-01;6.194983e-02;1.397133e-01;8.585696e-02;6.313756e-02;9.949042e-02;3.833962e-02;7.277819e-02
4.858107e-02;5.029383e-02;6.675108e-02;1.057513e-01;1.392950e-01;9.192427e-02;1.218841e-01;9.562584e-02;6.978705e-02;8.870216e-02;6.990503e-02;5.149939e-02
5.442185e-02;6.127981e-02;6.965169e-02;9.301195e-02;7.792059e-02;9.681536e-02;8.958893e-02;9.106398e-02;1.073024e-01;1.082285e-01;9.976269e-02;5.095213e-02
1.096701e-01;6.300808e-02;5.461142e-02;6.902439e-02;8.415535e-02;9.638267e-02;6.166719e-02;8.783495e-02;1.283689e-01;1.051521e-01;8.468463e-02;5.544029e-02
1.429995e-01;1.028374e-01;8.865363e-02;7.927646e-02;9.369661e-02;6.096701e-02;6.815873e-02;7.844503e-02;7.821359e-02;8.090276e-02;6.295121e-02;6.289798e-02
1.100593e-01;9.803825e-02;1.147933e-01;1.127708e-01;1.136281e-01;3.085346e-02;1.026787e-01;5.954358e-02;5.346386e-02;7.087344e-02;6.811558e-02;6.518167e-02
6.056296e-02;9.211228e-02;1.154012e-01;9.515895e-02;1.351245e-01;5.457534e-02;1.176617e-01;6.544773e-02;7.554955e-02;6.175646e-02;4.519699e-02;8.145235e-02
1.001746e-01;8.058562e-02;9.720561e-02;6.949090e-02;9.693146e-02;9.131473e-02;1.171397e-01;5.586428e-02;5.857703e-02;5.291571e-02;7.550903e-02;1.042914e-01
1.114401e-01;8.339889e-02;9.768195e-02;6.766400e-02;7.660730e-02;9.953364e-02;1.303293e-01;5.080407e-02;4.993210e-02;4.565122e-02;7.794771e-02;1.090098e-01
1.179430e-01;8.502759e-02;9.253834e-02;6.881218e-02;7.356453e-02;9.756793e-02;1.509266e-01;4.323402e-02;4.470557e-02;3.592546e-02;7.298578e-02;1.167690e-01
9.258176e-02;1.033252e-01;1.028365e-01;9.289138e-02;1.075476e-01;8.959481e-02;1.300885e-01;4.788806e-02;7.938457e-02;2.410643e-02;3.662401e-02;9.313126e-02
6.141009e-02;8.645897e-02;1.012879e-01;9.577511e-02;1.317652e-01;9.615840e-02;1.207557e-01;6.442472e-02;9.905762e-02;5.460156e-02;5.861639e-02;2.968829e-02
9.856801e-02;7.262010e-02;7.679174e-02;5.753874e-02;1.181147e-01;9.753068e-02;1.402175e-01;4.468542e-02;5.010292e-02;8.461024e-02;8.142342e-02;7.779659e-02
1.328672e-01;5.586555e-02;8.935355e-02;3.924464e-02;1.013164e-01;6.891797e-02;1.539003e-01;4.611532e-02;4.844575e-02;9.279035e-02;6.828038e-02;1.029026e-01
1.405861e-01;4.053335e-02;7.824188e-02;6.116641e-02;7.976539e-02;7.478596e-02;1.486880e-01;6.258202e-02;3.825660e-02;7.484370e-02;9.830049e-02;1.022501e-01
