7.475688e-02;2.561214e-01;1.177933e-01;4.258385e-02;6.049216e-02;8.199606e-02;8.695468e-02;1.238557e-01;7.419221e-02;2.271462e-02;2.196934e-02;3.656982e-02
6.366804e-02;3.625734e-01;2.261813e-01;1.945369e-02;3.295930e-02;6.638172e-02;5.238998e-02;5.508489e-02;6.641822e-02;2.052090e-02;1.358832e-02;2.078024e-02
5.001175e-02;4.268285e-01;2.745302e-01;1.676874e-02;1.131589e-02;6.850965e-02;2.680897e-02;1.945511e-02;6.305312e-02;2.055613e-02;5.459035e-03;1.670291e-02
4.765565e-02;4.273667e-01;2.705404e-01;1.431302e-02;1.696972e-02;6.563252e-02;2.610281e-02;1.637946e-02;7.004339e-02;2.262785e-02;8.170974e-03;1.419749e-02
7.473519e-02;3.861109e-01;2.405730e-01;1.462064e-02;2.398259e-02;5.089163e-02;2.226197e-02;5.683192e-02;7.485948e-02;2.125580e-02;1.788920e-02;1.598777e-02
1.160301e-01;2.471904e-01;1.679674e-01;2.628164e-02;2.743381e-02;5.522230e-02;3.568812e-02;1.649156e-01;9.038871e-02;1.428541e-02;2.672619e-02;2.787032e-02
1.067309e-01;1.867531e-01;1.805005e-01;4.592587e-02;2.587562e-02;7.261112e-02;5.892391e-02;1.616921e-01;6.839584e-02;3.190803e-02;1.907028e-02;4.161273e-02
5.862452e-02;2.777208e-01;2.410321e-01;3.778249e-02;2.185597e-02;5.507992e-02;7.634300e-02;7.483310e-02;5.106443e-02;4.201996e-02;1.165581e-02;5.198787e-02
5.065824e-02;2.551108e-01;2.404428e-01;2.490985e-02;1.669069e-02;6.132319e-02;7.117880e-02;8.514872e-02;6.923083e-02;4.974086e-02;2.395257e-02;5.161269e-02
4.418460e-02;2.265875e-01;2.450717e-01;1.540270e-02;1.964360e-02;8.411016e-02;2.542860e-02;1.059552e-01;1.119712e-01;4.801906e-02;3.599063e-02;3.763512e-02
5.224485e-02;2.581826e-01;2.070284e-01;1.242280e-02;2.625788e-02;1.061206e-01;3.133691e-02;1.057600e-01;1.097714e-01;3.653872e-02;2.859546e-02;2.574042e-02
6.831041e-02;1.903197e-01;1.399927e-01;5.262060e-02;3.385502e-02;1.022572e-01;1.016279e-01;8.241799e-02;9.974618e-02;3.730797e-02;2.807812e-02;6.346620e-02
1.119953e-01;2.184370e-01;1.515235e-01;6.748539e-02;7.666073e-02;4.479022e-02;8.256710e-02;1.021806e-01;4.923421e-02;2.293718e-02;2.022300e-02;5.196576e-02
1.410507e-01;2.662036e-01;1.644712e-01;3.716049e-02;1.217223e-01;2.391816e-02;4.004541e-02;1.366626e-01;2.813309e-02;9.721648e-03;1.460596e-02;1.630499e-02
1.557750e-01;2.454403e-01;1.338634e-01;2.186646e-02;1.270252e-01;2.390520e-02;4.236923e-02;1.891615e-01;2.614329e-02;8.289936e-03;1.270488e-02;1.345550e-02
1.822791e-01;1.818056e-01;7.755076e-02;1.423270e-02;1.170171e-01;1.901677e-02;4.967996e-02;2.919827e-01;3.207577e-02;9.954131e-03;8.884989e-03;1.552035e-02
1.929492e-01;1.002650e-01;4.171387e-02;1.312272e-02;7.551735e-02;1.926601e-02;6.518816e-02;4.216685e-01;2.543393e-02;1.193241e-02;7.864423e-03;2.507851e-02
1.711926e-01;7.628991e-02;5.001718e-02;1.674176e-02;4.923719e-02;2.566733e-02;1.158138e-01;4.510461e-01;1.555722e-02;9.574605e-03;4.244412e-03;1.461787e-02
1.614875e-01;9.980015e-02;6.717253e-02;1.661809e-02;4.844870e-02;1.593261e-02;1.279691e-01;4.080109e-01;1.396983e-02;9.966260e-03;6.594895e-03;2.402939e-02
1.749398e-01;8.357785e-02;6.624989e-02;1.114987e-02;4.104204e-02;2.009486e-02;1.554058e-01;3.809431e-01;1.067285e-02;9.140098e-03;5.199013e-03;4.158476e-02
1.731251e-01;6.559823e-02;5.441942e-02;1.853017e-02;2.493875e-02;5.826717e-02;1.928820e-01;2.942502e-01;2.786238e-02;2.022710e-02;1.350423e-02;5.639521e-02
1.338171e-01;1.718554e-01;1.259035e-01;2.092290e-02;4.455828e-02;8.594254e-02;1.565243e-01;1.475518e-01;3.264074e-02;2.820553e-02;1.850950e-02;3.356834e-02
9.357592e-02;3.058406e-01;2.200809e-01;1.983534e-02;3.759962e-02;6.894540e-02;1.139946e-01;5.615178e-02;2.496392e-02;2.145773e-02;1.458837e-02;2.296578e-02
1.093225e-01;3.506394e-01;2.559590e-01;1.622686e-02;1.414558e-02;5.635720e-02;7.831767e-02;5.830896e-02;2.455954e-02;1.186214e-02;1.093243e-02;1.336863e-02
9.204049e-02;2.865784e-01;2.527252e-01;1.577290e-02;2.492665e-02;8.982480e-02;6.219770e-02;1.117339e-01;3.044510e-02;1.133488e-02;5.925894e-03;1.649403e-02
8.524799e-02;2.055835e-01;2.336479e-01;1.525428e-02;3.523254e-02;7.757299e-02;9.061135e-02;1.853434e-01;2.513099e-02;9.959415e-03;1.662789e-02;1.978776e-02
9.398559e-02;1.020834e-01;2.071567e-01;1.684415e-02;3.692104e-02;6.745552e-02;1.251726e-01;2.496248e-01;3.177401e-02;1.748753e-02;2.437807e-02;2.711650e-02
1.066835e-01;1.603471e-01;1.902771e-01;2.896542e-02;3.192835e-02;6.244656e-02;1.254953e-01;1.607513e-01;3.861388e-02;2.314607e-02;2.696496e-02;4.438042e-02
1.248983e-01;2.072658e-01;1.651236e-01;2.918923e-02;4.235292e-02;7.149738e-02;1.034475e-01;1.138043e-01;3.590724e-02;3.141983e-02;2.418649e-02;5.090743e-02
1.337455e-01;2.305002e-01;1.355893e-01;2.396682e-02;6.487904e-02;5.015846e-02;8.537744e-02;1.282719e-01;4.021071e-02;3.747426e-02;3.200329e-02;3.782301e-02
1.286908e-01;2.314138e-01;8.834922e-02;2.656181e-02;1.121166e-01;2.704372e-02;6.067893e-02;1.683704e-01;4.553461e-02;3.390716e-02;5.405580e-02;2.327708e-02
1.273539e-01;1.934058e-01;7.352330e-02;2.010865e-02;1.536037e-01;2.484857e-02;5.292058e-02;2.134731e-01;4.100201e-02;1.748504e-02;6.607991e-02;1.619541e-02
1.238988e-01;1.946965e-01;7.851137e-02;2.203921e-02;1.666982e-01;2.672097e-02;7.297386e-02;2.019204e-01;3.477491e-02;6.756535e-03;6.213872e-02;8.870557e-03
1.221346e-01;2.072275e-01;9.733686e-02;1.659808e-02;1.764285e-01;1.687993e-02;7.634631e-02;1.801558e-01;3.356445e-02;9.336952e-03;5.429400e-02;9.697052e-03
1.230711e-01;1.882092e-01;9.672682e-02;1.156105e-02;1.898137e-01;1.426654e-02;7.707655e-02;1.967416e-01;3.707920e-02;1.003806e-02;4.943961e-02;5.976496e-03
1.143250e-01;1.450285e-01;1.209566e-01;1.315071e-02;2.049147e-01;1.403279e-02;5.024242e-02;2.328271e-01;3.775394e-02;1.184197e-02;4.535057e-02;9.575711e-03
1.190323e-01;1.435206e-01;1.674840e-01;7.675320e-03;1.957723e-01;1.053429e-02;2.205957e-02;2.417988e-01;2.895752e-02;1.348687e-02;3.840880e-02;1.126953e-02
1.210723e-01;1.254140e-01;2.223615e-01;1.029849e-02;1.547330e-01;1.748652e-02;2.690548e-02;2.340414e-01;3.320737e-02;1.142825e-02;2.910860e-02;1.394319e-02
1.078101e-01;1.223555e-01;2.441613e-01;1.515907e-02;1.109703e-01;3.077927e-02;4.350414e-02;2.151708e-01;4.190267e-02;1.329352e-02;2.310160e-02;3.179177e-02
9.051181e-02;1.273926e-01;2.382314e-01;2.686694e-02;8.186258e-02;4.020822e-02;7.321578e-02;1.685924e-01;6.844469e-02;1.878970e-02;2.033295e-02;4.555090e-02
9.050534e-02;1.348304e-01;1.907737e-01;4.313753e-02;6.162957e-02;5.592422e-02;1.097957e-01;1.330156e-01;9.158079e-02;2.230380e-02;1.817810e-02;4.832517e-02
9.674120e-02;1.961089e-01;1.137510e-01;4.829255e-02;4.280886e-02;8.171836e-02;1.047423e-01;9.861093e-02;1.054955e-01;3.119480e-02;4.351408e-02;3.702157e-02
8.731394e-02;2.020654e-01;1.194457e-01;3.117803e-02;4.519209e-02;8.090344e-02;9.385134e-02;1.330536e-01;7.865958e-02;3.322136e-02;4.295545e-02;5.216016e-02
1.166875e-01;2.708057e-01;1.375164e-01;2.406427e-02;4.015678e-02;5.919679e-02;7.261019e-02;1.274947e-01;4.363251e-02;2.484921e-02;3.225332e-02;5.073262e-02
1.134913e-01;3.595527e-01;1.832051e-01;1.543108e-02;2.609901e-02;3.165740e-02;6.196905e-02;9.318743e-02;3.033167e-02;1.338559e-02;4.279761e-02;2.889208e-02
9.172339e-02;4.210687e-01;2.017245e-01;7.476912e-03;1.619191e-02;2.166225e-02;5.532971e-02;6.522161e-02;4.723073e-02;8.501329e-03;4.117303e-02;2.269590e-02
7.792041e-02;4.449137e-01;1.952331e-01;1.154374e-02;1.710594e-02;2.365948e-02;3.977902e-02;6.803966e-02;6.425766e-02;9.023403e-03;2.433103e-02;2.419282e-02
7.551919e-02;4.363983e-01;2.019640e-01;1.609528e-02;2.144776e-02;2.827913e-02;2.092285e-02;7.031522e-02;7.263532e-02;1.499105e-02;1.475405e-02;2.667788e-02
7.368626e-02;3.933309e-01;2.318937e-01;1.710323e-02;2.506773e-02;4.446743e-02;2.562526e-02;6.009680e-02;6.335761e-02;1.753665e-02;2.480820e-02;2.302623e-02
9.990558e-02;3.442546e-01;2.010012e-01;1.465425e-02;3.604522e-02;4.465265e-02;3.994062e-02;7.117119e-02;5.964545e-02;1.888442e-02;4.080003e-02;2.904479e-02
1.267865e-01;3.051872e-01;1.145075e-01;8.596634e-03;4.668894e-02;6.018924e-02;6.953374e-02;8.121872e-02;7.461885e-02;2.651741e-02;3.949270e-02;4.666252e-02
1.080459e-01;2.848985e-01;2.034060e-01;1.070651e-02;3.977623e-02;4.632044e-02;5.471812e-02;9.378954e-02;5.718709e-02;3.190963e-02;2.292682e-02;4.631532e-02
1.014856e-01;2.451096e-01;2.826085e-01;1.181185e-02;4.470161e-02;7.974324e-02;3.624608e-02;8.072932e-02;4.628214e-02;2.014744e-02;2.728137e-02;2.385317e-02
9.914398e-02;2.513368e-01;2.706544e-01;1.166069e-02;3.461000e-02;7.251212e-02;4.591813e-02;1.033550e-01;3.948127e-02;1.882628e-02;2.661441e-02;2.588694e-02
1.212847e-01;2.245088e-01;2.340573e-01;1.749503e-02;2.715969e-02;6.001264e-02;3.594110e-02;1.433591e-01;3.630679e-02;3.333348e-02;2.888491e-02;3.765633e-02
1.171280e-01;1.447905e-01;2.287086e-01;1.541925e-02;3.694418e-02;6.027649e-02;3.908041e-02;1.905100e-01;4.541004e-02;3.746820e-02;4.163447e-02;4.262981e-02
8.519293e-02;2.450328e-01;2.226992e-01;8.913127e-03;3.531341e-02;5.609769e-02;5.466611e-02;1.571647e-01;4.711554e-02;1.883588e-02;4.013798e-02;2.883069e-02
9.865303e-02;3.249054e-01;1.828201e-01;9.739415e-03;3.815388e-02;7.294647e-02;5.760834e-02;8.193816e-02;6.068764e-02;1.834841e-02;3.317274e-02;2.102637e-02
1.375572e-01;2.602816e-01;1.110316e-01;1.338888e-02;3.621992e-02;7.263386e-02;9.576406e-02;1.237356e-01;7.412358e-02;2.093589e-02;2.084490e-02;3.348294e-02
1.278733e-01;1.834033e-01;1.239805e-01;1.529651e-02;3.130358e-02;5.558231e-02;1.092970e-01;2.013254e-01;7.226980e-02;2.730646e-02;2.450031e-02;2.786155e-02
9.704939e-02;1.587138e-01;1.432878e-01;3.624088e-02;3.539353e-02;1.183859e-01;7.247239e-02;1.374132e-01;6.386146e-02;4.973298e-02;3.598264e-02;5.146601e-02
6.988674e-02;1.526366e-01;1.679697e-01;5.208445e-02;5.429517e-02;1.108479e-01;2.702254e-02;9.626462e-02;6.816462e-02;1.001102e-01;4.648058e-02;5.423681e-02
3.643278e-02;1.927405e-01;2.137533e-01;5.332476e-02;3.896534e-02;1.005891e-01;2.743836e-02;6.785703e-02;9.759018e-02;9.678114e-02;2.678867e-02;4.773886e-02
3.062408e-02;2.314202e-01;2.037894e-01;4.280346e-02;2.553031e-02;8.170240e-02;3.250386e-02;5.418319e-02;1.501962e-01;8.407217e-02;1.590469e-02;4.726998e-02
5.765769e-02;2.500608e-01;1.537499e-01;2.562949e-02;2.656579e-02;5.508773e-02;5.356295e-02;7.692488e-02;1.721574e-01;5.139313e-02;3.883861e-02;3.837159e-02
1.026241e-01;1.982693e-01;1.231471e-01;1.095117e-02;5.393892e-02;3.365317e-02;7.066480e-02;1.399332e-01;1.051227e-01;2.195282e-02;1.182966e-01;2.144611e-02
1.615495e-01;1.056642e-01;9.398954e-02;8.262511e-03;7.688006e-02;2.332073e-02;6.256809e-02;2.407945e-01;4.381061e-02;8.574461e-03;1.586884e-01;1.589731e-02
2.045888e-01;2.452972e-02;8.309303e-02;1.203253e-02;6.262000e-02;4.291477e-02;8.229495e-02;3.124489e-01;2.133832e-02;1.296755e-02;1.092185e-01;3.195292e-02
1.513166e-01;9.223352e-02;1.190336e-01;1.704714e-02;2.833273e-02;8.448679e-02;1.245716e-01;2.679152e-01;1.762136e-02;3.036594e-02;2.836595e-02;3.870963e-02
9.619564e-02;8.460617e-02;1.723881e-01;2.159776e-02;1.507808e-02;1.308049e-01;1.654817e-01;2.066884e-01;2.335053e-02;4.244449e-02;9.685295e-03;3.167886e-02
7.653268e-02;5.976755e-02;1.322777e-01;2.021997e-02;2.069183e-02;1.703522e-01;1.875412e-01;1.901429e-01;3.396217e-02;4.109929e-02;1.055749e-02;5.685487e-02
6.580072e-02;8.696256e-02;1.035742e-01;3.093893e-02;2.874480e-02;1.992813e-01;1.866173e-01;1.592336e-01;3.230499e-02;2.842765e-02;7.057541e-03;7.105649e-02
8.432461e-02;1.346255e-01;7.069362e-02;1.979914e-02;4.105744e-02;1.980402e-01;1.669661e-01;1.501337e-01;3.357267e-02;1.558512e-02;1.900937e-02;6.619253e-02
1.057741e-01;1.652327e-01;8.967245e-02;1.487882e-02;3.190685e-02;1.640685e-01;1.417186e-01;1.559376e-01;3.652875e-02;1.285488e-02;2.256312e-02;5.886365e-02
9.911601e-02;2.045232e-01;1.701661e-01;1.921255e-02;3.081643e-02;1.186065e-01;1.067505e-01;1.208121e-01;3.970967e-02;1.545785e-02;1.884436e-02;5.598477e-02
7.682484e-02;1.871595e-01;2.032145e-01;2.526647e-02;2.630323e-02;1.196138e-01;9.188423e-02;1.190634e-01;5.267154e-02;2.349300e-02;2.596397e-02;4.854141e-02
7.205904e-02;1.199630e-01;1.505267e-01;2.364826e-02;2.445988e-02;8.740436e-02;9.792275e-02;2.338121e-01;8.602352e-02;3.258944e-02;2.588041e-02;4.571042e-02
5.680343e-02;1.956021e-01;1.496536e-01;2.580238e-02;2.235425e-02;6.070121e-02;1.172520e-01;2.051364e-01;6.481859e-02;2.778555e-02;3.798560e-02;3.610485e-02
9.290611e-02;1.419407e-01;1.676106e-01;3.438783e-02;3.402002e-02;5.610975e-02;1.398586e-01;1.664896e-01;5.951114e-02;3.317073e-02;4.940844e-02;2.458645e-02
9.149652e-02;1.417560e-01;1.637697e-01;3.598521e-02;4.584616e-02;4.266281e-02;1.264069e-01;1.319701e-01;7.019945e-02;7.313877e-02;2.654585e-02;5.022252e-02
5.766696e-02;1.830742e-01;1.717595e-01;3.276998e-02;4.319188e-02;4.818071e-02;8.780016e-02;1.317815e-01;8.121191e-02;9.372254e-02;2.271287e-02;4.612777e-02
4.429699e-02;1.852482e-01;1.803976e-01;3.042390e-02;4.777434e-02;6.701037e-02;4.505021e-02;1.316220e-01;1.003379e-01;1.067106e-01;2.202074e-02;3.910710e-02
4.600031e-02;1.838403e-01;2.141938e-01;4.813923e-02;3.625687e-02;1.193829e-01;4.495703e-02;1.161211e-01;6.857603e-02;7.955426e-02;2.365651e-02;1.932163e-02
3.171550e-02;2.182997e-01;3.008255e-01;6.437904e-02;3.411523e-02;1.174824e-01;3.590586e-02;8.198603e-02;4.194912e-02;3.802029e-02;1.653421e-02;1.878712e-02
3.035160e-02;2.695833e-01;3.284632e-01;7.893360e-02;2.790105e-02;7.281880e-02;2.644758e-02;6.162707e-02;3.627326e-02;2.599007e-02;1.419845e-02;2.741203e-02
4.807746e-02;2.626330e-01;2.434874e-01;7.873286e-02;2.717568e-02;1.156103e-01;2.237923e-02;8.427709e-02;3.679913e-02;2.541096e-02;2.294384e-02;3.247305e-02
7.526037e-02;2.459939e-01;1.244996e-01;6.205247e-02;3.098152e-02;1.549135e-01;1.201944e-02;1.251086e-01;6.987851e-02;3.133572e-02;3.154606e-02;3.641024e-02
8.550211e-02;2.677137e-01;1.605799e-01;3.081006e-02;1.370116e-02;1.208825e-01;3.756023e-02;9.592499e-02;7.760475e-02;4.192485e-02;3.608968e-02;3.170600e-02
9.479046e-02;2.625340e-01;2.798345e-01;2.219307e-02;1.114369e-02;8.467012e-02;3.455918e-02;7.322372e-02;4.980483e-02;3.760679e-02;2.170853e-02;2.793110e-02
8.946071e-02;3.125885e-01;2.882031e-01;2.146820e-02;8.470221e-03;5.713072e-02;3.393491e-02;7.804427e-02;4.126971e-02;2.444615e-02;1.488910e-02;3.009452e-02
7.158750e-02;2.502546e-01;2.813126e-01;2.570879e-02;1.360189e-02;8.564660e-02;4.347759e-02;9.899820e-02;5.692108e-02;2.245734e-02;1.604746e-02;3.398640e-02
8.592657e-02;1.739967e-01;2.541143e-01;3.191159e-02;1.727787e-02;9.691521e-02;8.418670e-02;9.884420e-02;7.434033e-02;2.063470e-02;1.811396e-02;4.373794e-02
5.771199e-02;1.444148e-01;1.772030e-01;3.719693e-02;2.700949e-02;6.958053e-02;1.043244e-01;1.187168e-01;7.528267e-02;6.347451e-02;5.492745e-02;7.015738e-02
3.949991e-02;1.631042e-01;1.152849e-01;4.554274e-02;4.518566e-02;7.670152e-02;6.041845e-02;7.671117e-02;1.399382e-01;1.133150e-01;7.454330e-02;4.975500e-02
4.531167e-02;1.973240e-01;1.077157e-01;3.785887e-02;4.553805e-02;8.129342e-02;3.233564e-02;8.009026e-02;1.767419e-01;1.084699e-01;6.026144e-02;2.705907e-02
9.025352e-02;2.181746e-01;8.482990e-02;2.226847e-02;6.692650e-02;7.336783e-02;2.053529e-02;1.066845e-01;1.816171e-01;6.508096e-02;5.322919e-02;1.703219e-02
1.698350e-01;1.528878e-01;7.469882e-02;9.061278e-03;1.132179e-01;4.741191e-02;3.225664e-02;1.904437e-01;1.085105e-01;2.201840e-02;5.899357e-02;2.066449e-02
2.424735e-01;6.418803e-02;6.650673e-02;9.939855e-03;1.114314e-01;3.484470e-02;3.858386e-02;2.771842e-01;5.259912e-02;1.828266e-02;5.144400e-02;3.252198e-02
2.582620e-01;4.466220e-02;4.850043e-02;2.157025e-02;7.551841e-02;3.725041e-02;6.390956e-02;3.101713e-01;2.247541e-02;3.197679e-02;2.442694e-02;6.127631e-02
1.500373e-01;5.621281e-02;5.240523e-02;3.248497e-02;2.708917e-02;5.530661e-02;1.453708e-01;2.127756e-01;9.168641e-03;7.624201e-02;1.067407e-02;1.722328e-01
4.921786e-02;5.334440e-02;4.534680e-02;4.109726e-02;1.501385e-02;4.675062e-02;2.595081e-01;9.961324e-02;1.048941e-02;1.009236e-01;1.639013e-02;2.623047e-01
1.606372e-02;3.568316e-02;2.836818e-02;4.930423e-02;1.133864e-02;4.044941e-02;3.491670e-01;6.609973e-02;1.261603e-02;8.743070e-02;3.232396e-02;2.711553e-01
1.241492e-02;3.115206e-02;2.320763e-02;5.389757e-02;1.582862e-02;8.328625e-02;4.058598e-01;5.970190e-02;1.087288e-02;6.049034e-02;2.072578e-02;2.225622e-01
1.856404e-02;3.787927e-02;1.379239e-02;5.210082e-02;3.105532e-02;1.726589e-01;3.789933e-01;3.702019e-02;1.206109e-02;5.424892e-02;3.712357e-02;1.545022e-01
2.754132e-02;5.204738e-02;3.523542e-02;4.591115e-02;3.842099e-02;2.021288e-01;3.028842e-01;5.646535e-02;1.847244e-02;5.636245e-02;3.335844e-02;1.311721e-01
7.600769e-02;6.806803e-02;6.718221e-02;3.844324e-02;2.786847e-02;1.518585e-01;2.117957e-01;7.642242e-02;5.550299e-02;6.374355e-02;3.580653e-02;1.273006e-01
1.209256e-01;8.874710e-02;9.154255e-02;2.556148e-02;1.707972e-02;8.640722e-02;8.746079e-02;1.532070e-01;8.860023e-02;7.530602e-02;5.092399e-02;1.142383e-01
7.184528e-02;9.749567e-02;6.893161e-02;6.391242e-03;2.216764e-02;1.108090e-01;1.029770e-01;1.903963e-01;8.766069e-02;5.460001e-02;3.607762e-02;1.506480e-01
3.592670e-02;1.006741e-01;4.161260e-02;1.029032e-02;1.786732e-02;1.766281e-01;1.026733e-01;1.562488e-01;9.534365e-02;4.392542e-02;1.974526e-02;1.990644e-01
6.318961e-02;9.231244e-02;6.117464e-02;1.391674e-02;2.325035e-02;1.799106e-01;1.253103e-01;1.306723e-01;8.260947e-02;5.664965e-02;2.431483e-02;1.466889e-01
8.744328e-02;1.220204e-01;1.020273e-01;2.551828e-02;3.141118e-02;1.492637e-01;9.700616e-02;1.036495e-01;7.881831e-02;7.839746e-02;3.992568e-02;8.451887e-02
1.088103e-01;1.245717e-01;1.142826e-01;3.368856e-02;2.973204e-02;1.249721e-01;6.920963e-02;1.110236e-01;6.647678e-02;7.183328e-02;4.965849e-02;9.574098e-02
8.751908e-02;8.422182e-02;6.500901e-02;2.423759e-02;2.797239e-02;1.050342e-01;2.025222e-01;1.330522e-01;5.438538e-02;5.481510e-02;5.009980e-02;1.111312e-01
8.023535e-02;1.228410e-01;8.165429e-02;1.769491e-02;2.864148e-02;8.140794e-02;2.485811e-01;1.002614e-01;3.570978e-02;5.684680e-02;3.659866e-02;1.095274e-01
1.050170e-01;1.382808e-01;9.932315e-02;2.355324e-02;3.131891e-02;1.358366e-01;1.906246e-01;6.137295e-02;3.150545e-02;3.824136e-02;3.232528e-02;1.126008e-01
1.377691e-01;9.140832e-02;6.795268e-02;3.413940e-02;4.641735e-02;1.680958e-01;1.097307e-01;1.036571e-01;4.490741e-02;3.116946e-02;4.982890e-02;1.149239e-01
1.114887e-01;1.529367e-01;1.283483e-01;3.056832e-02;3.245451e-02;1.002678e-01;6.232757e-02;1.313790e-01;8.712748e-02;2.715916e-02;5.234839e-02;8.359411e-02
5.597213e-02;1.639212e-01;1.333453e-01;5.548954e-02;3.552434e-02;9.236729e-02;9.096402e-02;1.000158e-01;1.066090e-01;5.575925e-02;3.789162e-02;7.214046e-02
6.665894e-02;1.281422e-01;1.062931e-01;7.134965e-02;5.886464e-02;1.160310e-01;1.247803e-01;6.256068e-02;9.833490e-02;6.677723e-02;3.929566e-02;6.091164e-02
1.120811e-01;1.003187e-01;7.376014e-02;6.705433e-02;5.853043e-02;1.194964e-01;1.270408e-01;9.958914e-02;9.535844e-02;4.816230e-02;3.322497e-02;6.538322e-02
1.205596e-01;1.045069e-01;1.067354e-01;3.413386e-02;3.701317e-02;1.120374e-01;1.269156e-01;1.294547e-01;7.559482e-02;2.283809e-02;2.103589e-02;1.091744e-01
8.227536e-02;7.809973e-02;1.226964e-01;1.267486e-02;3.369603e-02;1.098562e-01;1.708895e-01;1.345327e-01;8.166207e-02;4.138519e-02;1.586795e-02;1.163640e-01
6.433938e-02;9.662196e-02;1.130877e-01;9.806250e-03;3.370685e-02;1.356585e-01;1.578588e-01;1.402370e-01;7.429128e-02;6.434581e-02;3.532352e-02;7.472295e-02
6.400113e-02;1.413914e-01;9.743425e-02;1.648550e-02;5.224658e-02;1.386743e-01;1.270299e-01;1.286895e-01;7.020673e-02;6.669665e-02;5.120759e-02;4.593644e-02
9.320875e-02;1.556697e-01;7.300133e-02;5.262936e-02;8.916831e-02;9.539481e-02;5.887941e-02;1.530973e-01;8.633278e-02;4.675907e-02;4.019622e-02;5.566294e-02
1.047149e-01;1.238690e-01;1.065647e-01;8.530113e-02;8.869918e-02;5.165062e-02;8.031783e-02;1.894711e-01;6.470833e-02;3.524511e-02;1.945535e-02;5.000272e-02
8.935221e-02;7.999104e-02;6.401438e-02;1.113081e-01;6.714870e-02;2.812195e-02;1.761088e-01;2.023055e-01;3.870770e-02;3.390010e-02;1.180228e-02;9.723927e-02
5.917722e-02;3.794015e-02;3.379862e-02;1.290397e-01;3.275780e-02;4.345236e-02;2.909057e-01;1.468192e-01;2.148741e-02;2.832403e-02;1.064104e-02;1.656568e-01
4.444039e-02;2.925512e-02;2.716874e-02;1.254196e-01;1.612896e-02;5.877230e-02;3.679647e-01;8.156363e-02;1.400240e-02;1.656810e-02;2.240044e-02;1.963156e-01
3.418121e-02;5.225959e-02;4.738668e-02;9.443796e-02;1.712716e-02;7.604164e-02;3.829145e-01;4.572403e-02;1.636566e-02;1.149799e-02;4.823603e-02;1.738275e-01
2.483461e-02;5.033385e-02;2.592772e-02;5.380727e-02;1.719584e-02;1.299704e-01;3.548506e-01;6.997557e-02;2.615605e-02;2.612678e-02;7.548118e-02;1.453402e-01
2.435208e-02;5.905593e-02;5.192238e-02;2.036731e-02;2.176263e-02;1.715335e-01;2.879978e-01;8.419088e-02;3.385600e-02;2.490001e-02;1.011839e-01;1.188775e-01
1.821203e-02;4.935783e-02;4.701350e-02;1.888833e-02;2.703328e-02;1.870702e-01;2.675397e-01;6.498070e-02;3.330791e-02;1.922960e-02;1.918287e-01;7.553808e-02
3.400045e-02;4.039627e-02;2.807298e-02;1.581864e-02;3.219656e-02;2.354525e-01;2.307055e-01;4.099014e-02;3.288299e-02;3.252042e-02;2.072235e-01;6.974001e-02
4.180012e-02;3.923779e-02;4.293341e-02;2.893110e-02;5.422610e-02;3.008805e-01;2.153150e-01;5.592328e-02;3.333883e-02;3.171427e-02;8.289050e-02;7.280909e-02
4.380614e-02;4.040674e-02;4.773986e-02;3.763722e-02;8.397411e-02;3.048742e-01;2.016650e-01;7.191194e-02;4.562018e-02;2.082440e-02;4.010512e-02;6.143512e-02
3.991561e-02;5.358212e-02;5.978575e-02;4.595654e-02;7.643072e-02;1.613455e-01;2.038155e-01;9.362037e-02;7.326450e-02;2.544278e-02;4.696704e-02;1.198736e-01
5.132315e-02;1.012653e-01;7.267873e-02;6.535077e-02;2.699328e-02;6.766712e-02;1.835856e-01;7.006255e-02;6.209286e-02;2.175124e-02;5.464173e-02;2.225877e-01
5.495887e-02;1.058320e-01;6.017035e-02;9.344722e-02;3.025339e-02;7.945053e-02;1.455977e-01;4.633961e-02;4.351857e-02;2.198746e-02;6.200720e-02;2.564371e-01
5.574574e-02;8.603087e-02;2.451247e-02;1.022076e-01;2.619541e-02;1.232448e-01;1.571914e-01;3.456327e-02;3.635168e-02;2.227372e-02;5.678495e-02;2.748981e-01
4.150322e-02;9.268092e-02;4.614538e-02;7.876380e-02;3.177518e-02;1.436231e-01;1.614958e-01;3.710548e-02;3.358937e-02;2.535809e-02;6.564170e-02;2.423180e-01
4.017970e-02;1.047197e-01;2.939436e-02;9.460954e-02;2.493686e-02;1.409695e-01;1.601520e-01;5.240363e-02;3.845021e-02;2.719768e-02;8.007666e-02;2.069102e-01
4.084497e-02;1.055611e-01;7.918610e-02;8.091424e-02;2.296694e-02;1.541528e-01;1.333559e-01;9.437914e-02;4.057634e-02;2.840230e-02;1.125052e-01;1.071550e-01
3.873481e-02;8.677753e-02;1.149043e-01;5.634736e-02;2.556178e-02;1.686945e-01;1.568228e-01;9.605841e-02;4.605811e-02;2.840869e-02;1.559490e-01;2.568273e-02
2.535277e-02;4.594810e-02;1.076846e-01;4.872574e-02;1.783533e-02;2.066305e-01;1.600263e-01;6.255995e-02;6.152947e-02;1.324339e-02;2.261989e-01;2.426495e-02
3.553882e-02;2.560153e-02;8.080882e-02;2.410955e-02;1.196010e-02;2.400879e-01;9.121817e-02;2.132585e-02;8.508756e-02;1.819125e-02;3.076622e-01;5.840818e-02
4.125591e-02;2.574906e-02;6.919838e-02;1.067556e-02;9.234470e-03;2.554533e-01;3.413286e-02;2.337408e-02;1.071904e-01;2.571958e-02;3.442827e-01;5.373369e-02
3.715880e-02;2.008872e-02;6.424312e-02;8.849220e-03;9.611190e-03;2.713836e-01;4.839528e-02;1.502882e-02;1.192613e-01;1.144510e-02;3.573250e-01;3.720987e-02
3.374518e-02;1.574295e-02;5.272580e-02;9.284011e-03;1.658936e-02;2.669153e-01;4.115412e-02;1.525701e-02;1.193485e-01;1.317766e-02;3.726484e-01;4.341173e-02
3.450926e-02;2.618261e-02;4.933576e-02;1.011234e-02;1.411604e-02;2.550211e-01;3.372969e-02;2.009923e-02;9.370310e-02;2.701457e-02;3.895032e-01;4.667306e-02
3.543337e-02;3.192892e-02;4.147981e-02;2.422947e-02;1.772508e-02;2.435470e-01;6.204961e-02;3.082176e-02;6.166529e-02;2.882202e-02;3.821947e-01;4.010296e-02
2.665573e-02;4.667873e-02;2.688290e-02;4.099038e-02;4.349078e-02;2.157998e-01;7.613875e-02;5.292301e-02;5.436948e-02;8.200093e-02;3.114417e-01;2.262791e-02
1.549157e-02;6.414452e-02;3.835332e-02;4.784941e-02;5.558087e-02;2.098956e-01;6.811365e-02;8.282407e-02;4.583766e-02;1.069525e-01;2.527327e-01;1.222428e-02
1.403545e-02;8.069365e-02;3.133601e-02;2.998889e-02;9.161403e-02;1.641471e-01;3.875994e-02;9.421854e-02;4.268079e-02;1.660787e-01;2.115505e-01;3.489641e-02
1.656036e-02;9.545690e-02;1.535410e-02;1.933579e-02;1.502222e-01;8.760609e-02;1.639406e-02;7.792357e-02;4.578139e-02;2.689200e-01;1.225903e-01;8.385535e-02
8.897356e-03;8.890095e-02;1.803635e-02;1.989137e-02;1.563110e-01;5.389586e-02;2.739575e-02;6.168735e-02;5.624391e-02;2.971590e-01;6.985360e-02;1.417276e-01
2.554809e-02;5.771322e-02;3.704892e-02;2.350478e-02;1.308767e-01;8.888905e-02;3.785864e-02;3.925336e-02;6.739050e-02;2.555466e-01;7.344181e-02;1.629283e-01
5.844272e-02;4.430137e-02;6.091990e-02;3.794333e-02;9.590974e-02;1.206510e-01;5.397160e-02;3.562831e-02;1.096219e-01;1.637464e-01;8.891036e-02;1.299533e-01
1.208066e-01;4.005023e-02;6.676824e-02;7.415338e-02;4.924680e-02;8.837523e-02;7.672320e-02;4.453091e-02;1.605183e-01;1.021663e-01;1.110076e-01;6.565321e-02
1.762944e-01;3.637793e-02;4.176487e-02;1.095613e-01;4.112293e-02;6.759708e-02;6.399583e-02;6.105657e-02;1.808038e-01;4.970116e-02;1.525859e-01;1.913813e-02
1.891540e-01;4.390693e-02;3.278043e-02;1.207522e-01;4.229973e-02;4.609518e-02;4.200680e-02;7.685279e-02;1.976290e-01;5.280407e-02;1.398104e-01;1.590847e-02
1.694668e-01;4.750813e-02;3.186272e-02;1.153513e-01;4.447762e-02;3.697480e-02;3.446295e-02;8.694182e-02;2.128258e-01;5.114855e-02;1.454602e-01;2.351923e-02
1.213610e-01;5.034895e-02;4.533458e-02;1.026997e-01;5.711316e-02;5.380420e-02;2.830538e-02;1.072421e-01;2.245788e-01;4.538311e-02;1.219064e-01;4.192258e-02
5.826589e-02;6.148692e-02;6.440668e-02;9.291556e-02;8.841769e-02;7.535094e-02;3.481273e-02;1.504443e-01;2.105119e-01;2.123636e-02;7.158335e-02;7.056758e-02
3.444459e-02;7.489670e-02;7.565714e-02;8.488956e-02;1.373153e-01;9.747274e-02;2.867198e-02;1.918165e-01;1.777337e-01;1.745221e-02;3.407389e-02;4.557559e-02
3.579544e-02;7.768354e-02;7.891243e-02;7.436522e-02;1.486516e-01;9.742813e-02;2.812978e-02;1.885722e-01;1.515712e-01;2.232258e-02;5.814769e-02;3.842013e-02
5.602117e-02;8.835580e-02;6.924930e-02;5.750740e-02;1.607923e-01;7.550924e-02;2.834866e-02;1.706296e-01;1.396408e-01;2.495602e-02;7.666697e-02;5.232265e-02
5.285131e-02;9.026821e-02;6.952569e-02;5.365823e-02;1.815601e-01;7.147240e-02;2.795206e-02;1.764872e-01;1.418642e-01;3.081121e-02;6.519201e-02;3.835734e-02
4.133340e-02;5.817982e-02;7.622946e-02;6.986909e-02;1.759669e-01;8.466971e-02;1.370502e-02;1.636428e-01;1.490441e-01;3.508731e-02;8.203755e-02;5.023476e-02
4.424515e-02;5.488649e-02;8.941943e-02;8.187816e-02;1.315886e-01;6.589779e-02;2.909788e-02;1.614542e-01;1.305494e-01;4.657240e-02;1.029588e-01;6.145171e-02
3.608077e-02;8.004527e-02;1.089701e-01;8.036027e-02;8.394115e-02;5.792629e-02;3.619284e-02;1.793931e-01;1.079504e-01;4.244387e-02;1.396818e-01;4.701416e-02
3.378560e-02;9.962812e-02;1.038854e-01;5.645642e-02;6.818949e-02;9.640474e-02;6.066662e-02;1.836380e-01;9.358631e-02;4.188052e-02;1.378328e-01;2.404603e-02
5.664374e-02;1.072144e-01;6.142588e-02;3.069814e-02;5.722703e-02;1.026483e-01;7.130332e-02;1.590346e-01;1.343480e-01;7.140707e-02;1.165268e-01;3.152281e-02
5.427779e-02;1.113220e-01;3.889875e-02;4.987102e-02;7.545691e-02;1.008917e-01;5.029337e-02;1.199455e-01;1.835828e-01;9.459840e-02;6.990403e-02;5.095778e-02
5.775539e-02;8.597132e-02;3.512925e-02;6.844434e-02;7.416797e-02;9.944066e-02;6.970575e-02;1.489642e-01;2.119681e-01;3.172459e-02;8.053730e-02;3.619110e-02
5.634198e-02;7.598999e-02;3.441519e-02;6.645253e-02;7.231499e-02;6.924277e-02;5.847673e-02;1.574499e-01;2.224856e-01;6.705141e-02;8.758257e-02;3.219623e-02
5.360407e-02;6.055082e-02;3.967524e-02;8.005809e-02;6.723981e-02;6.195003e-02;7.154910e-02;1.297987e-01;2.168140e-01;6.943297e-02;1.012501e-01;4.807714e-02
5.011388e-02;5.580319e-02;2.796830e-02;9.276622e-02;7.208959e-02;1.099383e-01;7.496858e-02;1.218798e-01;1.759152e-01;7.844395e-02;9.722011e-02;4.289288e-02
4.004966e-02;7.029519e-02;5.732739e-02;7.935123e-02;6.835751e-02;1.649685e-01;8.118923e-02;1.242140e-01;1.647151e-01;8.592369e-02;4.813028e-02;1.547817e-02
3.783198e-02;5.506351e-02;5.865661e-02;9.036373e-02;1.028453e-01;1.441383e-01;1.308452e-01;1.269035e-01;1.650995e-01;4.040536e-02;2.175168e-02;2.609540e-02
5.303825e-02;3.852978e-02;4.272334e-02;1.296164e-01;9.787319e-02;7.834550e-02;1.113039e-01;1.301591e-01;2.083990e-01;4.384569e-02;3.576300e-02;3.040279e-02
7.779554e-02;3.563431e-02;4.160754e-02;1.689142e-01;5.164554e-02;4.881506e-02;9.281836e-02;8.940583e-02;2.733030e-01;3.373542e-02;6.246539e-02;2.385974e-02
7.761524e-02;3.502649e-02;3.506488e-02;1.608121e-01;6.281517e-02;6.042000e-02;8.700407e-02;8.697815e-02;2.592968e-01;4.163905e-02;5.549645e-02;3.783158e-02
7.794624e-02;4.378360e-02;3.351671e-02;1.524220e-01;6.612665e-02;3.195627e-02;1.047463e-01;1.028925e-01;2.442915e-01;4.452848e-02;6.143557e-02;3.635417e-02
6.444602e-02;5.195045e-02;2.623911e-02;1.295389e-01;9.741057e-02;5.472845e-02;1.039009e-01;9.250619e-02;2.125264e-01;9.136189e-02;5.544046e-02;1.995062e-02
4.486298e-02;5.671698e-02;5.721354e-02;1.233691e-01;1.542224e-01;7.248642e-02;7.086422e-02;8.415296e-02;1.817496e-01;9.828215e-02;3.914050e-02;1.693906e-02
6.091782e-02;4.876104e-02;4.537309e-02;9.887543e-02;1.710278e-01;7.389295e-02;4.801401e-02;8.153375e-02;1.716240e-01;7.911322e-02;7.331177e-02;4.755510e-02
5.554334e-02;6.844632e-02;6.085682e-02;3.858162e-02;1.430409e-01;7.075349e-02;4.131199e-02;1.037116e-01;2.009672e-01;4.621240e-02;1.043731e-01;6.620127e-02
5.954415e-02;6.342676e-02;3.547325e-02;5.596712e-02;1.119883e-01;9.131477e-02;4.124413e-02;1.470246e-01;2.270212e-01;3.556701e-02;8.800762e-02;4.342112e-02
