8.058564e-02;5.002658e-02;1.562542e-01;5.670109e-02;7.174410e-02;4.576167e-02;2.065528e-01;6.481860e-02;6.297971e-02;1.014852e-01;7.507154e-02;2.801886e-02
5.420108e-02;3.683845e-02;1.277917e-01;4.710358e-02;8.326730e-02;8.247292e-02;3.899507e-01;4.002511e-02;5.171110e-02;3.057207e-02;3.341201e-02;2.265402e-02
6.585144e-02;4.350600e-02;1.965901e-01;4.230170e-02;1.076357e-01;8.944516e-02;2.826760e-01;4.522548e-02;4.335768e-02;4.156682e-02;2.382682e-02;1.801717e-02
9.439753e-02;4.486926e-02;1.817502e-01;4.082406e-02;1.039597e-01;8.187614e-02;2.384305e-01;4.656382e-02;7.069246e-02;3.799125e-02;2.815681e-02;3.048823e-02
8.054461e-02;5.596470e-02;1.931302e-01;3.548594e-02;8.124139e-02;7.005603e-02;2.338176e-01;5.392857e-02;8.753145e-02;4.032366e-02;3.681786e-02;3.115797e-02
4.532144e-02;9.210102e-02;2.274198e-01;2.239908e-02;4.460444e-02;4.090150e-02;2.132228e-01;7.943320e-02;1.199288e-01;4.905959e-02;3.927304e-02;2.633532e-02
1.135198e-01;1.505245e-01;2.040158e-01;9.768465e-03;1.611867e-02;1.489158e-02;1.240014e-01;1.034413e-01;1.795046e-01;3.603913e-02;2.763998e-02;2.053469e-02
9.106942e-02;1.804798e-01;3.151043e-01;1.862828e-02;1.385590e-02;9.832338e-03;3.691934e-02;8.488552e-02;1.950813e-01;3.485271e-02;1.146448e-02;7.826659e-03
3.421620e-02;1.389080e-01;5.269543e-01;2.993493e-02;1.698979e-02;9.994642e-03;3.059789e-02;3.590409e-02;1.121190e-01;5.181573e-02;5.452817e-03;7.112703e-03
3.155327e-02;7.718071e-02;6.381977e-01;7.038288e-02;2.098333e-02;6.870216e-03;4.587982e-02;6.630858e-03;3.960558e-02;4.624851e-02;1.072451e-02;5.742608e-03
9.398807e-03;2.853498e-02;6.143498e-01;1.432595e-01;4.018274e-02;1.492176e-02;4.244796e-02;2.503945e-02;2.873408e-02;2.423386e-02;2.424479e-02;4.652226e-03
1.508676e-02;2.211792e-02;4.763550e-01;2.344909e-01;9.659266e-02;2.727474e-02;2.851397e-02;3.533778e-02;1.024697e-02;1.309449e-02;3.416221e-02;6.726577e-03
1.150229e-02;2.853122e-02;3.114472e-01;2.955197e-01;1.897979e-01;3.665306e-02;2.637179e-02;3.360646e-02;1.207408e-02;7.004773e-03;3.030402e-02;1.718758e-02
7.665066e-03;2.424860e-02;2.334722e-01;2.843955e-01;2.622907e-01;5.220139e-02;3.286204e-02;2.681248e-02;1.435223e-02;1.080759e-02;1.571499e-02;3.517711e-02
9.021091e-03;1.866330e-02;2.527389e-01;2.498869e-01;2.771564e-01;6.150335e-02;2.714819e-02;1.379889e-02;1.608987e-02;1.168206e-02;1.135192e-02;5.095913e-02
9.867450e-03;1.909798e-02;2.783411e-01;1.918657e-01;2.777628e-01;6.748654e-02;3.569327e-02;1.210935e-02;1.839161e-02;1.120480e-02;1.195114e-02;6.622828e-02
9.777580e-03;9.517088e-03;2.268095e-01;1.215541e-01;3.160562e-01;9.055950e-02;6.636198e-02;1.418120e-02;4.077051e-02;1.094584e-02;1.693748e-02;7.652902e-02
1.200155e-02;8.807489e-03;1.831579e-01;7.195319e-02;3.166975e-01;1.159888e-01;1.254063e-01;9.486088e-03;6.767543e-02;8.598909e-03;1.485478e-02;6.537215e-02
1.000528e-02;1.010504e-02;1.383354e-01;5.965274e-02;2.833703e-01;1.422036e-01;1.928675e-01;1.120313e-02;7.871106e-02;9.576049e-03;1.593968e-02;4.803016e-02
1.057842e-02;1.293764e-02;1.421457e-01;6.246419e-02;2.807194e-01;1.332976e-01;1.629581e-01;9.758340e-03;9.270871e-02;1.532313e-02;1.627790e-02;6.083085e-02
1.601760e-02;1.689457e-02;1.877540e-01;5.769118e-02;2.908384e-01;1.209061e-01;1.171722e-01;1.191906e-02;9.704328e-02;1.255796e-02;1.338324e-02;5.782251e-02
1.122204e-02;1.598466e-02;2.415440e-01;7.260342e-02;3.117296e-01;1.169893e-01;8.643422e-02;1.308277e-02;7.067551e-02;1.365770e-02;1.061121e-02;3.546556e-02
1.171781e-02;2.258823e-02;3.176767e-01;9.043179e-02;2.876565e-01;1.014899e-01;7.057417e-02;2.260429e-02;3.778323e-02;1.263698e-02;1.576851e-02;9.071979e-03
1.366736e-02;2.799144e-02;3.776940e-01;8.147762e-02;2.555095e-01;8.238705e-02;3.990483e-02;4.028384e-02;2.876291e-02;1.392516e-02;1.921147e-02;1.918486e-02
7.524549e-03;2.514777e-02;3.655026e-01;7.591856e-02;2.395619e-01;9.077451e-02;6.799350e-02;4.163443e-02;2.744173e-02;1.310929e-02;1.797757e-02;2.741359e-02
1.343495e-02;1.972866e-02;2.859783e-01;6.635439e-02;2.174155e-01;1.106300e-01;1.717523e-01;2.957976e-02;3.474056e-02;9.904050e-03;1.596867e-02;2.451292e-02
2.040298e-02;2.267400e-02;2.240200e-01;5.446991e-02;2.087322e-01;1.212342e-01;2.579192e-01;1.915966e-02;3.264001e-02;9.206714e-03;1.397537e-02;1.556580e-02
3.350401e-02;3.301175e-02;2.219281e-01;4.891060e-02;1.788315e-01;1.111161e-01;2.562964e-01;2.278294e-02;2.617577e-02;2.867510e-02;2.466238e-02;1.410539e-02
4.616075e-02;4.550873e-02;2.914219e-01;6.314117e-02;1.054910e-01;7.681957e-02;1.514489e-01;4.294224e-02;5.941505e-02;4.313387e-02;4.494989e-02;2.956683e-02
5.062386e-02;3.961620e-02;2.727403e-01;9.462374e-02;1.018782e-01;6.020593e-02;8.085201e-02;5.330420e-02;1.117168e-01;4.321369e-02;5.895572e-02;3.226933e-02
3.524774e-02;5.833366e-02;1.950109e-01;8.892752e-02;1.181122e-01;6.151468e-02;1.156155e-01;4.482789e-02;8.747694e-02;6.537981e-02;6.225518e-02;6.729809e-02
5.775581e-02;6.539141e-02;8.268260e-02;7.638767e-02;1.148416e-01;1.218393e-01;1.534657e-01;5.474616e-02;7.524434e-02;5.565739e-02;6.221998e-02;7.976795e-02
6.093917e-02;4.824439e-02;1.288926e-01;6.061072e-02;9.949678e-02;1.245606e-01;1.229921e-01;7.431778e-02;8.651270e-02;5.895360e-02;6.854340e-02;6.593616e-02
6.276865e-02;5.759251e-02;7.713740e-02;5.909817e-02;8.778389e-02;1.070323e-01;1.294750e-01;9.270833e-02;1.049376e-01;7.644331e-02;7.705063e-02;6.797223e-02
4.414486e-02;5.819368e-02;1.374069e-01;6.559414e-02;8.115714e-02;9.289492e-02;1.219543e-01;9.148861e-02;1.113715e-01;7.603864e-02;6.587651e-02;5.387878e-02
4.434175e-02;5.626196e-02;1.294911e-01;8.807431e-02;1.191183e-01;9.214994e-02;1.319063e-01;9.081767e-02;1.047242e-01;5.785318e-02;4.193463e-02;4.332673e-02
2.919336e-02;8.066523e-02;1.553498e-01;8.881083e-02;1.615205e-01;1.186843e-01;9.549443e-02;6.561632e-02;7.223769e-02;2.761630e-02;5.681346e-02;4.799778e-02
5.922252e-02;4.668590e-02;1.771501e-01;6.069721e-02;1.463127e-01;1.120917e-01;1.289829e-01;4.056910e-02;7.654452e-02;3.603646e-02;6.123234e-02;5.447467e-02
9.702646e-02;7.701911e-02;1.401259e-01;6.484547e-02;9.353504e-02;7.549194e-02;1.538418e-01;8.953806e-02;8.057407e-02;3.698378e-02;4.228679e-02;4.873159e-02
7.622763e-02;8.871979e-02;2.040728e-01;4.271875e-02;6.494506e-02;9.706810e-02;1.262890e-01;6.005710e-02;1.206219e-01;3.995056e-02;5.960998e-02;1.971931e-02
4.873656e-02;1.023312e-01;2.136255e-01;2.298105e-02;5.154522e-02;1.032286e-01;1.271101e-01;6.570859e-02;1.163337e-01;6.651928e-02;6.506772e-02;1.681253e-02
6.574626e-02;1.064418e-01;2.001417e-01;3.914110e-02;4.446631e-02;8.732170e-02;1.366051e-01;8.135199e-02;8.384652e-02;6.761772e-02;6.417594e-02;2.314387e-02
6.692080e-02;1.158280e-01;1.967885e-01;4.662808e-02;3.995726e-02;7.588404e-02;1.249917e-01;9.097118e-02;5.222970e-02;7.105738e-02;8.229151e-02;3.645194e-02
9.551086e-02;1.372739e-01;1.445230e-01;6.331669e-02;7.136259e-02;4.455206e-02;1.128204e-01;5.698661e-02;5.731203e-02;6.822001e-02;9.926849e-02;4.885333e-02
1.215829e-01;1.230874e-01;1.131949e-01;1.316135e-01;1.132439e-01;3.061593e-02;7.532936e-02;3.495500e-02;8.844624e-02;6.578857e-02;6.838848e-02;3.375395e-02
9.511180e-02;7.934760e-02;1.003606e-01;2.104300e-01;1.493342e-01;3.730724e-02;6.284208e-02;3.860642e-02;1.218227e-01;4.773295e-02;4.109803e-02;1.600627e-02
4.421577e-02;3.478649e-02;1.066578e-01;2.205841e-01;1.197948e-01;6.815164e-02;1.271749e-01;7.180803e-02;1.438491e-01;2.598154e-02;1.668824e-02;2.030754e-02
1.514340e-02;2.633126e-02;1.636292e-01;1.345300e-01;5.571776e-02;1.026129e-01;1.340483e-01;1.178883e-01;1.625172e-01;2.612911e-02;7.676840e-03;5.377576e-02
9.724512e-03;2.366447e-02;2.050728e-01;6.430251e-02;2.406918e-02;1.103381e-01;9.834426e-02;1.669790e-01;1.475211e-01;5.056106e-02;9.549179e-03;8.987381e-02
1.000366e-02;1.899284e-02;1.963485e-01;3.410695e-02;1.327929e-02;6.579286e-02;1.006598e-01;2.496883e-01;8.969583e-02;8.415450e-02;2.981872e-02;1.074588e-01
2.088702e-02;1.919343e-02;1.927770e-01;1.444999e-02;7.645670e-03;4.681630e-02;1.163448e-01;2.837979e-01;5.336309e-02;8.277079e-02;3.108599e-02;1.308679e-01
2.269631e-02;1.498249e-02;2.160413e-01;1.945257e-02;9.496462e-03;5.392053e-02;1.035627e-01;2.633947e-01;5.489954e-02;6.573378e-02;1.803345e-02;1.577862e-01
1.190471e-02;2.759976e-02;2.558711e-01;2.224571e-02;7.401099e-03;3.500091e-02;1.247823e-01;2.281778e-01;6.674447e-02;5.895080e-02;7.391855e-03;1.539294e-01
3.493988e-02;7.322469e-02;2.824805e-01;1.317616e-02;6.322011e-03;2.231022e-02;1.295569e-01;1.909542e-01;6.580493e-02;5.755202e-02;7.784489e-03;1.158940e-01
7.928612e-02;1.158070e-01;2.598780e-01;1.690326e-02;1.532441e-02;2.725379e-02;1.423657e-01;1.355746e-01;7.040337e-02;5.260369e-02;1.366246e-02;7.093767e-02
1.070105e-01;1.470506e-01;2.081092e-01;3.070284e-02;2.890033e-02;3.802808e-02;1.639792e-01;9.013204e-02;6.703251e-02;5.615394e-02;2.647685e-02;3.642393e-02
8.277556e-02;1.741896e-01;1.410599e-01;4.310092e-02;3.691747e-02;4.533030e-02;2.308563e-01;8.007639e-02;4.355364e-02;5.660443e-02;2.089401e-02;4.464158e-02
7.628199e-02;1.531000e-01;1.275525e-01;7.076630e-02;5.206026e-02;3.631591e-02;2.426718e-01;7.074139e-02;4.804413e-02;5.517016e-02;2.532172e-02;4.197382e-02
6.292609e-02;1.308345e-01;1.638732e-01;1.070702e-01;4.708735e-02;2.482564e-02;2.636101e-01;5.188107e-02;4.008513e-02;4.408068e-02;2.498305e-02;3.874304e-02
4.102481e-02;7.881954e-02;2.586194e-01;1.099053e-01;2.229583e-02;1.913468e-02;2.634246e-01;4.925979e-02;4.602078e-02;5.760235e-02;1.524805e-02;3.864475e-02
2.100760e-02;3.003678e-02;3.094309e-01;7.289197e-02;2.649439e-02;2.323052e-02;2.452645e-01;7.598434e-02;6.932170e-02;7.808887e-02;1.399594e-02;3.425253e-02
9.848970e-03;2.130957e-02;3.173989e-01;3.665849e-02;3.174623e-02;3.424254e-02;2.298932e-01;1.091390e-01;7.480539e-02;8.038290e-02;1.773913e-02;3.683573e-02
4.747897e-03;3.226246e-02;3.094919e-01;2.060129e-02;2.746545e-02;6.073396e-02;2.405016e-01;1.142167e-01;6.278305e-02;7.519881e-02;1.718144e-02;3.481547e-02
1.482238e-02;4.712769e-02;2.826445e-01;2.769193e-02;1.951279e-02;6.836607e-02;2.894145e-01;9.264066e-02;4.195602e-02;6.953539e-02;1.081582e-02;3.547227e-02
2.179222e-02;5.885319e-02;2.519262e-01;2.858037e-02;2.052568e-02;5.129519e-02;3.316727e-01;7.790101e-02;4.551343e-02;6.928154e-02;8.016309e-03;3.464221e-02
2.683803e-02;4.719587e-02;2.118275e-01;1.940761e-02;2.175935e-02;4.078559e-02;3.438216e-01;9.813207e-02;5.289836e-02;7.776605e-02;2.330315e-02;3.626492e-02
2.604486e-02;2.412442e-02;1.613818e-01;2.358356e-02;2.563263e-02;4.813590e-02;3.883829e-01;1.093817e-01;5.469827e-02;6.964134e-02;3.239907e-02;3.659355e-02
1.941090e-02;4.969227e-02;1.080918e-01;3.430520e-02;4.784155e-02;4.346510e-02;4.191163e-01;8.940200e-02;5.360669e-02;6.804226e-02;4.358486e-02;2.344105e-02
3.740135e-02;6.899535e-02;1.019908e-01;3.930312e-02;6.447475e-02;4.731947e-02;4.111330e-01;6.470408e-02;4.350273e-02;5.947161e-02;4.348186e-02;1.822194e-02
3.545357e-02;8.587695e-02;1.818212e-01;5.041325e-02;7.232041e-02;6.975017e-02;2.987766e-01;5.541605e-02;3.983877e-02;4.442558e-02;3.090489e-02;3.500254e-02
4.707306e-02;9.442415e-02;2.834246e-01;5.652306e-02;7.060892e-02;5.745454e-02;1.424170e-01;7.564332e-02;5.223285e-02;5.041642e-02;3.683171e-02;3.295042e-02
4.049851e-02;7.705763e-02;2.589117e-01;3.847783e-02;3.966111e-02;3.198171e-02;2.931895e-01;6.732479e-02;4.768945e-02;4.604268e-02;3.309127e-02;2.607392e-02
4.285316e-02;6.177780e-02;2.069745e-01;1.372334e-01;7.408132e-02;5.766702e-02;1.730013e-01;5.471560e-02;5.409646e-02;5.568108e-02;4.568750e-02;3.623094e-02
4.567267e-02;6.614493e-02;1.998879e-01;1.673282e-01;8.341577e-02;6.758492e-02;1.076169e-01;5.606916e-02;5.991584e-02;5.649872e-02;5.014010e-02;3.972480e-02
4.579317e-02;6.506723e-02;2.098559e-01;1.599541e-01;7.987214e-02;6.560008e-02;9.830213e-02;4.723318e-02;5.981706e-02;6.973391e-02;5.658264e-02;4.218853e-02
8.686855e-02;7.843859e-02;1.733641e-01;8.888775e-02;7.946301e-02;5.507030e-02;1.040014e-01;2.542822e-02;6.442195e-02;1.192728e-01;7.673002e-02;4.805338e-02
8.523069e-02;9.170754e-02;9.796346e-02;4.888274e-02;1.278490e-01;5.142735e-02;7.472070e-02;2.976989e-02;7.368933e-02;1.862238e-01;8.428148e-02;4.825405e-02
4.020576e-02;9.025387e-02;4.249698e-02;4.643838e-02;1.786822e-01;4.539765e-02;2.565821e-02;3.081288e-02;8.435067e-02;2.842329e-01;8.989546e-02;4.157505e-02
8.571966e-03;6.731334e-02;2.601159e-02;3.126091e-02;1.783610e-01;4.403424e-02;3.569528e-02;3.916511e-02;1.044367e-01;3.496368e-01;7.989071e-02;3.562243e-02
1.567679e-02;5.044305e-02;2.415432e-02;2.358423e-02;1.144544e-01;2.832683e-02;4.275103e-02;9.363690e-02;1.361962e-01;3.357524e-01;1.018361e-01;3.318770e-02
3.006458e-02;4.447243e-02;3.313636e-02;2.161426e-02;7.308781e-02;3.195317e-02;1.416858e-01;1.287384e-01;1.083581e-01;2.654843e-01;9.934526e-02;2.205955e-02
3.308897e-02;5.001802e-02;7.999749e-02;3.380648e-02;6.851467e-02;3.630772e-02;2.448435e-01;1.226070e-01;7.939048e-02;1.653340e-01;6.366139e-02;2.243020e-02
3.796602e-02;4.814851e-02;8.539336e-02;3.995977e-02;8.467451e-02;4.288735e-02;3.031539e-01;8.571797e-02;5.472385e-02;1.167445e-01;7.134818e-02;2.928206e-02
3.391582e-02;3.599407e-02;8.824354e-02;4.361321e-02;8.628742e-02;4.253835e-02;2.442361e-01;1.070929e-01;5.692317e-02;1.572635e-01;8.037306e-02;2.351885e-02
2.403471e-02;4.976117e-02;8.443094e-02;4.679954e-02;9.060502e-02;4.158911e-02;1.407781e-01;8.524528e-02;5.895987e-02;2.540944e-01;9.570660e-02;2.799524e-02
4.188669e-02;7.363151e-02;6.129563e-02;2.843864e-02;7.195843e-02;3.387583e-02;1.688416e-01;5.265304e-02;6.326367e-02;2.651680e-01;9.743147e-02;4.155548e-02
1.982865e-02;7.135151e-02;5.969743e-02;3.171779e-02;6.669331e-02;4.290617e-02;2.559453e-01;4.073768e-02;5.856916e-02;2.275555e-01;9.264775e-02;3.234973e-02
4.792660e-02;6.217993e-02;6.474891e-02;3.529181e-02;6.347336e-02;3.837769e-02;2.552205e-01;3.528629e-02;4.676149e-02;2.311259e-01;8.748176e-02;3.212587e-02
4.585562e-02;5.173628e-02;5.990273e-02;3.323459e-02;7.454305e-02;5.257271e-02;1.961544e-01;5.752996e-02;6.204040e-02;2.471960e-01;7.913583e-02;4.009836e-02
3.413498e-02;4.670839e-02;6.969656e-02;4.103133e-02;9.204977e-02;4.738786e-02;1.436627e-01;7.377812e-02;6.811271e-02;2.264520e-01;1.059915e-01;5.099400e-02
6.900105e-02;5.930493e-02;8.233685e-02;3.228353e-02;7.164107e-02;4.728260e-02;1.556725e-01;8.171894e-02;6.501240e-02;1.914750e-01;1.044403e-01;3.983079e-02
7.210603e-02;6.408896e-02;1.363455e-01;8.859384e-02;5.811120e-02;6.966729e-02;1.247175e-01;9.969272e-02;8.094702e-02;1.176175e-01;5.104646e-02;3.706608e-02
7.940513e-02;6.406595e-02;1.372876e-01;8.601580e-02;6.859947e-02;6.743172e-02;1.245950e-01;9.975321e-02;7.821207e-02;1.035266e-01;4.662266e-02;4.448485e-02
7.043756e-02;6.820349e-02;1.346985e-01;8.027385e-02;7.834307e-02;6.280643e-02;1.221874e-01;1.022148e-01;7.520931e-02;1.012775e-01;5.181826e-02;5.252980e-02
6.796228e-02;9.321004e-02;1.452089e-01;6.766982e-02;8.973971e-02;5.719100e-02;9.501582e-02;9.180141e-02;6.276750e-02;9.493607e-02;7.068932e-02;6.380808e-02
1.338992e-01;1.137751e-01;1.518062e-01;7.261259e-02;6.603953e-02;3.363236e-02;4.853678e-02;5.278676e-02;4.285783e-02;1.137590e-01;1.031168e-01;6.717784e-02
9.295604e-02;1.274793e-01;1.024943e-01;1.019795e-01;5.294501e-02;2.742309e-02;3.802592e-02;6.322390e-02;5.631349e-02;1.548389e-01;1.205514e-01;6.176918e-02
3.153963e-02;1.253240e-01;1.295183e-01;1.090237e-01;5.533944e-02;2.767001e-02;8.175345e-02;6.466044e-02;7.363285e-02;1.504276e-01;9.612070e-02;5.498983e-02
5.699398e-02;9.110381e-02;1.449507e-01;1.182413e-01;4.919237e-02;4.987714e-02;1.028775e-01;6.273340e-02;9.445094e-02;9.397141e-02;6.680872e-02;6.879874e-02
5.537665e-02;6.181867e-02;1.204733e-01;1.130399e-01;7.785599e-02;6.827527e-02;1.155627e-01;5.041609e-02;8.662745e-02;1.194644e-01;6.160759e-02;6.948202e-02
4.483067e-02;5.234991e-02;1.060705e-01;9.989227e-02;9.691975e-02;6.322270e-02;9.278303e-02;4.226267e-02;8.696391e-02;1.342686e-01;1.205529e-01;5.988308e-02
5.721343e-02;3.203328e-02;7.799125e-02;9.300438e-02;1.220047e-01;7.954062e-02;6.830534e-02;5.090277e-02;9.995317e-02;1.035990e-01;1.413319e-01;7.412008e-02
1.034436e-01;2.486893e-02;5.979423e-02;5.489871e-02;1.267153e-01;7.092588e-02;1.156779e-01;7.170188e-02;8.226342e-02;5.268727e-02;1.116672e-01;1.253557e-01
1.610409e-01;3.733609e-02;2.696563e-02;8.408150e-02;6.825577e-02;5.288927e-02;1.911493e-01;5.882641e-02;3.693165e-02;4.786628e-02;5.999909e-02;1.746581e-01
2.397045e-01;4.319667e-02;1.728120e-02;1.051581e-01;2.176802e-02;6.413312e-02;1.777311e-01;4.164097e-02;2.174244e-02;7.846791e-02;3.099397e-02;1.581821e-01
3.299510e-01;4.878213e-02;2.058698e-02;6.927711e-02;1.984094e-02;9.287179e-02;1.095393e-01;5.962488e-02;5.001209e-02;7.283215e-02;1.321432e-02;1.134674e-01
4.239134e-01;6.198153e-02;3.143596e-02;2.806815e-02;3.652254e-02;8.122206e-02;5.127839e-02;9.820860e-02;6.176078e-02;3.521365e-02;9.261045e-03;8.113379e-02
4.483294e-01;1.037584e-01;5.188705e-02;7.684947e-03;9.405725e-02;3.654902e-02;1.746086e-02;1.242695e-01;4.302467e-02;1.288116e-02;1.138935e-02;4.870837e-02
3.941928e-01;1.620626e-01;5.946374e-02;6.507003e-03;1.391242e-01;1.055910e-02;2.637703e-02;1.049146e-01;4.029862e-02;1.749343e-02;1.409884e-02;2.490799e-02
3.064419e-01;2.447327e-01;7.316940e-02;1.231472e-02;1.076785e-01;8.450125e-03;2.848526e-02;6.709178e-02;8.490605e-02;3.551872e-02;1.630744e-02;1.490342e-02
2.187319e-01;3.159316e-01;1.055665e-01;3.536833e-02;3.492184e-02;2.074277e-02;2.374473e-02;3.525972e-02;1.483918e-01;3.708809e-02;1.094320e-02;1.330942e-02
1.618194e-01;3.324892e-01;1.667010e-01;5.457115e-02;8.298283e-03;2.709247e-02;7.401503e-03;2.040350e-02;1.527631e-01;3.204834e-02;5.735418e-03;3.067655e-02
1.013200e-01;3.174005e-01;2.789925e-01;3.744829e-02;8.836593e-03;2.065579e-02;1.004162e-02;2.654347e-02;1.114574e-01;4.524228e-02;2.335644e-03;3.972592e-02
6.823383e-02;2.851515e-01;4.057862e-01;1.985619e-02;1.288331e-02;9.323366e-03;1.002047e-02;2.773130e-02;6.713127e-02;5.563875e-02;3.487563e-03;3.475627e-02
8.705970e-02;2.565818e-01;4.264497e-01;2.263952e-02;1.742280e-02;1.138464e-02;1.043955e-02;2.068390e-02;4.189831e-02;4.836262e-02;1.495662e-02;4.212092e-02
1.228095e-01;2.560504e-01;3.620831e-01;2.527130e-02;3.032053e-02;2.205156e-02;1.931610e-02;1.789056e-02;1.967367e-02;4.227768e-02;3.061526e-02;5.164034e-02
7.762223e-02;2.542852e-01;2.713394e-01;3.669170e-02;5.213090e-02;4.365457e-02;2.550560e-02;2.694230e-02;5.698407e-02;5.403621e-02;4.514212e-02;5.566566e-02
9.493400e-02;2.789599e-01;1.720260e-01;4.244744e-02;5.801925e-02;4.966620e-02;2.959367e-02;4.629117e-02;7.959699e-02;5.061850e-02;4.852991e-02;4.931696e-02
1.220968e-01;2.800227e-01;2.438040e-01;4.232921e-02;3.439120e-02;1.969527e-02;3.557542e-02;5.406052e-02;4.934649e-02;3.688486e-02;4.157931e-02;4.021430e-02
1.387577e-01;2.813399e-01;2.815596e-01;5.204040e-02;3.187120e-02;1.967230e-02;2.730856e-02;3.478904e-02;2.295302e-02;3.201063e-02;3.056703e-02;4.713067e-02
1.551966e-01;2.559338e-01;2.561927e-01;5.220705e-02;3.814712e-02;2.291052e-02;3.140491e-02;3.800730e-02;4.178939e-02;3.437678e-02;2.890262e-02;4.493124e-02
9.676722e-02;2.490653e-01;2.088818e-01;4.907890e-02;5.086689e-02;2.966736e-02;5.023260e-02;8.009101e-02;4.841128e-02;5.326931e-02;3.368456e-02;4.998372e-02
8.739519e-02;2.583342e-01;1.123205e-01;7.251569e-02;3.743997e-02;3.119997e-02;8.723440e-02;1.086864e-01;6.232516e-02;3.910327e-02;3.664984e-02;6.679542e-02
9.253015e-02;2.371846e-01;2.257500e-01;5.743251e-02;4.600694e-02;2.384428e-02;7.524115e-02;6.181450e-02;6.454452e-02;4.328586e-02;2.060000e-02;5.176548e-02
6.199438e-02;2.567547e-01;3.032943e-01;4.416414e-02;4.848666e-02;2.679963e-02;5.548050e-02;2.917505e-02;5.317075e-02;4.665976e-02;3.546411e-02;3.855595e-02
8.284990e-02;2.415772e-01;2.924978e-01;5.602980e-02;5.036974e-02;3.245814e-02;4.166982e-02;3.747735e-02;5.280901e-02;5.105852e-02;3.803990e-02;2.316289e-02
1.149488e-01;2.102616e-01;2.469527e-01;5.334407e-02;4.133006e-02;5.183338e-02;4.624847e-02;4.523152e-02;8.400824e-02;4.999504e-02;2.899043e-02;2.685580e-02
8.348861e-02;1.466093e-01;1.819321e-01;3.420765e-02;5.722618e-02;5.499273e-02;1.249819e-01;7.339762e-02;7.693729e-02;5.694090e-02;5.055117e-02;5.873460e-02
8.479214e-02;8.259726e-02;1.309443e-01;3.136865e-02;6.516386e-02;4.435746e-02;2.200117e-01;5.971311e-02;4.897146e-02;7.290894e-02;7.548224e-02;8.368890e-02
1.287206e-01;8.008632e-02;1.363635e-01;2.823699e-02;5.422300e-02;4.166853e-02;2.464392e-01;4.202328e-02;3.361008e-02;6.567683e-02;6.722594e-02;7.572582e-02
1.110098e-01;1.420001e-01;2.018899e-01;3.246366e-02;4.845647e-02;3.975123e-02;2.073598e-01;3.602200e-02;2.894907e-02;4.835171e-02;4.048876e-02;6.325745e-02
7.778019e-02;2.140618e-01;2.828304e-01;3.791589e-02;5.095978e-02;4.192224e-02;7.379395e-02;3.654621e-02;4.515125e-02;4.986207e-02;3.895660e-02;5.021958e-02
7.815313e-02;2.085539e-01;2.762685e-01;2.129923e-02;3.679976e-02;3.423895e-02;1.445500e-01;3.418662e-02;4.583896e-02;4.114308e-02;3.005030e-02;4.891767e-02
1.140766e-01;1.940686e-01;1.814580e-01;2.457767e-02;3.547036e-02;4.791356e-02;1.796743e-01;5.151057e-02;5.766186e-02;3.480233e-02;2.774609e-02;5.104015e-02
9.159596e-02;1.787781e-01;1.497844e-01;3.248697e-02;3.940812e-02;4.201821e-02;1.659268e-01;6.925017e-02;8.429978e-02;7.236514e-02;4.140257e-02;3.268377e-02
7.358284e-02;1.554101e-01;1.586281e-01;4.607238e-02;5.017968e-02;3.477916e-02;1.230279e-01;4.304325e-02;1.250899e-01;8.531472e-02;6.824479e-02;3.662720e-02
1.221197e-01;1.007933e-01;8.814284e-02;4.416237e-02;5.544953e-02;3.618962e-02;1.097800e-01;7.001881e-02;1.362674e-01;6.275285e-02;8.682158e-02;8.750204e-02
1.544962e-01;4.590609e-02;1.424539e-01;4.038162e-02;5.592905e-02;4.391004e-02;1.514844e-01;8.991525e-02;6.389078e-02;4.755806e-02;6.812683e-02;9.594780e-02
1.352953e-01;5.408695e-02;1.454030e-01;3.447767e-02;6.759180e-02;4.100607e-02;2.019017e-01;8.818933e-02;4.293399e-02;5.475191e-02;5.958123e-02;7.478108e-02
1.118030e-01;7.688139e-02;1.569226e-01;3.043617e-02;7.381772e-02;3.737848e-02;2.092340e-01;8.263086e-02;3.607469e-02;6.575640e-02;6.715053e-02;5.191415e-02
1.105564e-01;7.745212e-02;2.370532e-01;4.062195e-02;6.529479e-02;2.851695e-02;1.559090e-01;6.016501e-02;3.554138e-02;8.445185e-02;6.050264e-02;4.393482e-02
9.211887e-02;7.643166e-02;2.394485e-01;6.006509e-02;6.730134e-02;3.721878e-02;8.303352e-02;4.521072e-02;6.816443e-02;1.083031e-01;7.798243e-02;4.472161e-02
5.977738e-02;6.814541e-02;1.708905e-01;6.682725e-02;6.346185e-02;4.247065e-02;1.204353e-01;4.359874e-02;9.167549e-02;1.260575e-01;9.920811e-02;4.745176e-02
4.873536e-02;5.555796e-02;1.383937e-01;7.289523e-02;5.655094e-02;4.646565e-02;1.656716e-01;6.314408e-02;8.819532e-02;1.306700e-01;8.492089e-02;4.879931e-02
2.316688e-02;5.710453e-02;1.433024e-01;4.844911e-02;6.346030e-02;4.721356e-02;2.002886e-01;1.108943e-01;1.109811e-01;1.102447e-01;3.490142e-02;4.999314e-02
3.492302e-02;5.755044e-02;1.032663e-01;3.179177e-02;8.427952e-02;7.656074e-02;1.361566e-01;1.451260e-01;1.523001e-01;1.050140e-01;4.146224e-02;3.156924e-02
6.071236e-02;5.061311e-02;7.677219e-02;3.784702e-02;1.010227e-01;7.380853e-02;1.481988e-01;1.082355e-01;1.151541e-01;1.233294e-01;7.810942e-02;2.619684e-02
5.773563e-02;6.891195e-02;8.239757e-02;2.625988e-02;9.021681e-02;1.191402e-01;1.360464e-01;8.951876e-02;1.062363e-01;1.089711e-01;8.458615e-02;2.997933e-02
3.799344e-02;5.652279e-02;6.625834e-02;2.680195e-02;7.000174e-02;1.244688e-01;1.132413e-01;1.067397e-01;1.320113e-01;1.391618e-01;9.516411e-02;3.163473e-02
2.941199e-02;3.387683e-02;7.299720e-02;2.397284e-02;4.923699e-02;1.205093e-01;1.031016e-01;8.172611e-02;1.164449e-01;1.672829e-01;1.634443e-01;3.799498e-02
1.857417e-02;1.634288e-02;6.099017e-02;1.474380e-02;4.140574e-02;1.515392e-01;8.843541e-02;5.107652e-02;7.081961e-02;1.680867e-01;2.712869e-01;4.669884e-02
2.862208e-02;1.604751e-02;6.472763e-02;1.701018e-02;3.930958e-02;1.608060e-01;9.356104e-02;3.916372e-02;5.028970e-02;1.672895e-01;2.783478e-01;4.482524e-02
1.295991e-02;2.407669e-02;4.233925e-02;2.974432e-02;5.415791e-02;1.360434e-01;9.198111e-02;5.075374e-02;4.428768e-02;1.945394e-01;2.749814e-01;4.413526e-02
1.998408e-02;4.532126e-02;4.414780e-02;3.791565e-02;6.804127e-02;8.558027e-02;8.487803e-02;8.108682e-02;3.609151e-02;2.220003e-01;2.429768e-01;3.197615e-02
1.166602e-02;7.659025e-02;2.235236e-02;3.815230e-02;7.800556e-02;5.933259e-02;5.835641e-02;1.072237e-01;4.354299e-02;2.537794e-01;2.254613e-01;2.553717e-02
2.734278e-02;9.713859e-02;3.632077e-02;3.698537e-02;7.036737e-02;3.726606e-02;3.316660e-02;1.064180e-01;4.699676e-02;2.699137e-01;2.076408e-01;3.044319e-02
3.672762e-02;8.576990e-02;4.168078e-02;4.243686e-02;6.531832e-02;3.778619e-02;4.868998e-02;8.652159e-02;6.082835e-02;2.583069e-01;1.955036e-01;4.042993e-02
4.540566e-02;5.370619e-02;8.014163e-02;4.810468e-02;7.141323e-02;5.769667e-02;1.207094e-01;6.392138e-02;6.529634e-02;1.873878e-01;1.580731e-01;4.814392e-02
3.914110e-02;8.093400e-02;1.035414e-01;4.168570e-02;9.963784e-02;7.177186e-02;1.705787e-01;7.869910e-02;5.747341e-02;1.006836e-01;1.002129e-01;5.564043e-02
5.971318e-02;8.386288e-02;1.214793e-01;3.989992e-02;8.760969e-02;6.943039e-02;1.507188e-01;9.901299e-02;6.370634e-02;8.133360e-02;9.943172e-02;4.380123e-02
6.241053e-02;8.010802e-02;1.250775e-01;4.903271e-02;7.561126e-02;9.222730e-02;1.223500e-01;8.985812e-02;5.863187e-02;8.333317e-02;1.002468e-01;6.111259e-02
3.325528e-02;6.324007e-02;1.216106e-01;6.327617e-02;1.046094e-01;1.286755e-01;1.460073e-01;7.389159e-02;3.381075e-02;1.016430e-01;7.383600e-02;5.614420e-02
2.314343e-02;4.070178e-02;7.452164e-02;1.589299e-01;1.647153e-01;1.242335e-01;1.284108e-01;7.022370e-02;2.475048e-02;1.095587e-01;4.767317e-02;3.313756e-02
3.298061e-02;3.655206e-02;1.908210e-01;1.861542e-01;1.259308e-01;1.094917e-01;7.932226e-02;6.809570e-02;2.746354e-02;7.486336e-02;4.210015e-02;2.622463e-02
5.024743e-02;4.611797e-02;4.123424e-01;9.002808e-02;8.671457e-02;7.643909e-02;5.785083e-02;4.631249e-02;3.315571e-02;4.769624e-02;3.348371e-02;1.961148e-02
7.172894e-02;1.108196e-01;4.030372e-01;7.993234e-02;4.769506e-02;4.618340e-02;7.017799e-02;3.310205e-02;3.245215e-02;5.306480e-02;3.324538e-02;1.856107e-02
6.963576e-02;2.155601e-01;2.476844e-01;8.009852e-02;5.885087e-02;6.196796e-02;6.767213e-02;4.155218e-02;4.120412e-02;6.048977e-02;3.140830e-02;2.387592e-02
6.995481e-02;2.660545e-01;1.595255e-01;7.670478e-02;8.010631e-02;7.503185e-02;6.302074e-02;4.500822e-02;6.403688e-02;4.283381e-02;2.142224e-02;3.630035e-02
7.333688e-02;2.141874e-01;1.346423e-01;1.079937e-01;8.947818e-02;6.813867e-02;8.279004e-02;5.847564e-02;6.298009e-02;4.212491e-02;1.987069e-02;4.598142e-02
8.720478e-02;1.593758e-01;1.537131e-01;1.181366e-01;7.139873e-02;1.045525e-01;8.038475e-02;6.122054e-02;5.513521e-02;5.210775e-02;1.210332e-02;4.466693e-02
1.108092e-01;1.104273e-01;1.182960e-01;1.059884e-01;5.256760e-02;1.608741e-01;5.272873e-02;7.372636e-02;6.803229e-02;7.863518e-02;1.372486e-02;5.419000e-02
8.494458e-02;9.088215e-02;9.498765e-02;1.102074e-01;7.489358e-02;1.316440e-01;8.019423e-02;9.863567e-02;7.005040e-02;1.143412e-01;1.472381e-02;3.449529e-02
6.719796e-02;1.180212e-01;7.749810e-02;8.818066e-02;7.520033e-02;5.915697e-02;9.035348e-02;9.674828e-02;1.375696e-01;1.250976e-01;2.411283e-02;4.086300e-02
4.199930e-02;1.397869e-01;7.517096e-02;6.840415e-02;6.414580e-02;8.334673e-02;7.080419e-02;9.088673e-02;1.560908e-01;1.301963e-01;2.524026e-02;5.392798e-02
5.179552e-02;1.251915e-01;7.644164e-02;7.961014e-02;8.362748e-02;6.401990e-02;8.274159e-02;6.036199e-02;1.163817e-01;1.381052e-01;4.173682e-02;7.998650e-02
5.601983e-02;9.518538e-02;9.350760e-02;7.383714e-02;6.760379e-02;9.355836e-02;1.066583e-01;9.146595e-02;8.233281e-02;1.286852e-01;4.272103e-02;6.842460e-02
7.201020e-02;7.820927e-02;7.909537e-02;9.248677e-02;8.172254e-02;9.993143e-02;8.582537e-02;1.025416e-01;9.161102e-02;1.129846e-01;5.269226e-02;5.088952e-02
9.650984e-02;8.154200e-02;6.739996e-02;1.315216e-01;8.378616e-02;7.624687e-02;6.605273e-02;6.413318e-02;1.481851e-01;8.632521e-02;5.797829e-02;4.031900e-02
1.382937e-01;6.169590e-02;5.475371e-02;1.269493e-01;1.148900e-01;7.582301e-02;7.600986e-02;5.015546e-02;1.261710e-01;1.051524e-01;4.647083e-02;2.363481e-02
1.119649e-01;6.019563e-02;8.818166e-02;8.916728e-02;1.346020e-01;6.196665e-02;8.203661e-02;6.191166e-02;1.066915e-01;1.231253e-01;4.425309e-02;3.590357e-02
7.413468e-02;9.920496e-02;6.898768e-02;6.466693e-02;1.155207e-01;8.919069e-02;9.268999e-02;1.059467e-01;1.077699e-01;1.018354e-01;4.695950e-02;3.309273e-02
5.226496e-02;1.741626e-01;9.674207e-02;7.210599e-02;7.974552e-02;6.314634e-02;1.091550e-01;1.094256e-01;8.286130e-02;1.074611e-01;3.531676e-02;1.761282e-02
1.064429e-01;2.014251e-01;1.630321e-01;7.517213e-02;3.129783e-02;5.097238e-02;9.754529e-02;5.391888e-02;5.533426e-02;9.156200e-02;3.518159e-02;3.811560e-02
1.803170e-01;1.642598e-01;1.790955e-01;5.663498e-02;3.510134e-02;4.852908e-02;1.121408e-01;3.784116e-02;3.426134e-02;4.719605e-02;4.100605e-02;6.361684e-02
1.861750e-01;1.360994e-01;1.465233e-01;5.270542e-02;3.442308e-02;5.094763e-02;1.328318e-01;4.231377e-02;4.002074e-02;4.636901e-02;4.905328e-02;8.253764e-02
1.368213e-01;9.724028e-02;1.099064e-01;4.588051e-02;4.190713e-02;8.101844e-02;1.568477e-01;4.479620e-02;6.426006e-02;5.439958e-02;7.702328e-02;8.989915e-02
7.362957e-02;3.603108e-02;1.448587e-01;2.082396e-02;5.622248e-02;1.804421e-01;1.384539e-01;2.496096e-02;8.338626e-02;6.431324e-02;1.241892e-01;5.268845e-02
7.501949e-02;1.723863e-02;1.351239e-01;2.212376e-02;4.312133e-02;2.826764e-01;1.077108e-01;1.974762e-02;5.494222e-02;6.727172e-02;1.529130e-01;2.211120e-02
7.599133e-02;1.809783e-02;9.631688e-02;4.082806e-02;4.918979e-02;3.545410e-01;8.505663e-02;1.607709e-02;3.147023e-02;5.361411e-02;1.615444e-01;1.727266e-02
8.467089e-02;1.919885e-02;6.699056e-02;3.897331e-02;6.744946e-02;3.969719e-01;5.594009e-02;9.248540e-03;2.955416e-02;4.478811e-02;1.666150e-01;1.959918e-02
8.391082e-02;9.757002e-03;8.423638e-02;3.223970e-02;6.591894e-02;3.907745e-01;3.534981e-02;1.438320e-02;4.916734e-02;6.079080e-02;1.569232e-01;1.654825e-02
5.653592e-02;7.537170e-03;1.066780e-01;1.432742e-02;7.405490e-02;3.418039e-01;9.102940e-02;1.949213e-02;7.921259e-02;6.525333e-02;1.259163e-01;1.815887e-02
2.592014e-02;2.087736e-02;7.852354e-02;1.968841e-02;8.840843e-02;2.730450e-01;1.907523e-01;4.117467e-02;8.736667e-02;4.206122e-02;8.814694e-02;4.403526e-02
3.077916e-02;4.656067e-02;3.919560e-02;5.101695e-02;6.059084e-02;1.805994e-01;3.178200e-01;5.169029e-02;5.855639e-02;2.525128e-02;5.693625e-02;8.100314e-02
6.020749e-02;5.480797e-02;3.849267e-02;1.047602e-01;2.629171e-02;9.138660e-02;3.445841e-01;6.931522e-02;2.256591e-02;5.763254e-02;3.301897e-02;9.693657e-02
1.225116e-01;4.198377e-02;3.845859e-02;1.205382e-01;1.405074e-02;5.213325e-02;2.961665e-01;9.870173e-02;2.145161e-02;8.202667e-02;2.718896e-02;8.478839e-02
2.028075e-01;5.209960e-02;5.291882e-02;7.710402e-02;1.772605e-02;6.604576e-02;2.118731e-01;1.184967e-01;4.453474e-02;6.657849e-02;1.851645e-02;7.129870e-02
2.534006e-01;8.412381e-02;9.402103e-02;3.717793e-02;1.711003e-02;4.861756e-02;1.258645e-01;1.004399e-01;6.431375e-02;5.659332e-02;4.670893e-02;7.162868e-02
2.459224e-01;6.939133e-02;1.088533e-01;4.142794e-02;2.506172e-02;7.946158e-02;1.255853e-01;7.797825e-02;5.203934e-02;4.966233e-02;6.910982e-02;5.550665e-02
2.113577e-01;6.348820e-02;8.587760e-02;4.622386e-02;3.186730e-02;1.227676e-01;1.737926e-01;7.378864e-02;3.162286e-02;3.325496e-02;7.141232e-02;5.454637e-02
1.671868e-01;6.217950e-02;9.158456e-02;7.447565e-02;4.705520e-02;1.286488e-01;1.360079e-01;5.766109e-02;2.890285e-02;3.233262e-02;6.607532e-02;1.078898e-01
1.371650e-01;6.599217e-02;9.134958e-02;8.526557e-02;4.819465e-02;1.410385e-01;1.136997e-01;5.892286e-02;2.424110e-02;4.686718e-02;7.845265e-02;1.088111e-01
1.199044e-01;5.032759e-02;9.447500e-02;8.863632e-02;4.873170e-02;1.644421e-01;9.090152e-02;6.617232e-02;2.940761e-02;4.791343e-02;9.607666e-02;1.030113e-01
1.190987e-01;5.670307e-02;5.684704e-02;1.164182e-01;4.197413e-02;1.772651e-01;9.561507e-02;8.068041e-02;3.142465e-02;4.244849e-02;9.714880e-02;8.437631e-02
1.304165e-01;5.752078e-02;7.691089e-02;8.243954e-02;4.766052e-02;1.679958e-01;9.215672e-02;7.033978e-02;4.427092e-02;5.948191e-02;6.393197e-02;1.068746e-01
8.103147e-02;5.763561e-02;7.032675e-02;5.079022e-02;1.054866e-01;1.446420e-01;9.947596e-02;6.303268e-02;6.790356e-02;9.725542e-02;6.279434e-02;9.962543e-02
7.777862e-02;5.570859e-02;7.696669e-02;5.787892e-02;1.275588e-01;1.072454e-01;7.598796e-02;8.296399e-02;7.516119e-02;1.154493e-01;7.497177e-02;7.232876e-02
8.624033e-02;4.719830e-02;6.071623e-02;5.753980e-02;1.284356e-01;1.036578e-01;8.529112e-02;8.006927e-02;7.554050e-02;1.186762e-01;8.507802e-02;7.155680e-02
6.239656e-02;3.188816e-02;8.449168e-02;6.269483e-02;1.027602e-01;9.728782e-02;1.111020e-01;7.876917e-02;8.777452e-02;1.339836e-01;8.106226e-02;6.578911e-02
6.641451e-02;5.414624e-02;3.177211e-01;4.417910e-02;5.623671e-02;9.183608e-02;1.313937e-01;3.427552e-02;5.657240e-02;8.864398e-02;3.552955e-02;2.305117e-02
8.677094e-02;8.610092e-02;3.709213e-01;4.376072e-02;5.404918e-02;5.797146e-02;1.300240e-01;3.543880e-02;5.475626e-02;4.320461e-02;1.996896e-02;1.703290e-02
1.328108e-01;1.155514e-01;3.373776e-01;3.563408e-02;4.470770e-02;3.873965e-02;1.099362e-01;4.413904e-02;6.372584e-02;4.397455e-02;1.800798e-02;1.539516e-02
2.178932e-01;1.302017e-01;2.380036e-01;2.023862e-02;3.872134e-02;4.750540e-02;1.167583e-01;5.690791e-02;5.596787e-02;4.529838e-02;1.641578e-02;1.608788e-02
2.585684e-01;8.495027e-02;1.696844e-01;2.386334e-02;4.994434e-02;9.504455e-02;1.026194e-01;4.647074e-02;3.904659e-02;5.503746e-02;2.870966e-02;4.606071e-02
2.465118e-01;5.286304e-02;1.198065e-01;4.222033e-02;6.360280e-02;1.070122e-01;9.198812e-02;3.876324e-02;3.667927e-02;7.333435e-02;4.491777e-02;8.230050e-02
2.220137e-01;4.602609e-02;1.429172e-01;6.062771e-02;5.969397e-02;6.979140e-02;1.087682e-01;4.272799e-02;1.915825e-02;6.728254e-02;5.176270e-02;1.092302e-01
2.336290e-01;3.304235e-02;1.576871e-01;6.107511e-02;3.626793e-02;4.175105e-02;1.328463e-01;4.154076e-02;2.843151e-02;5.518800e-02;4.834063e-02;1.302001e-01
2.958016e-01;4.458128e-02;7.295317e-02;5.261239e-02;2.738412e-02;3.414223e-02;1.307703e-01;5.464899e-02;2.674280e-02;5.671670e-02;5.757215e-02;1.460742e-01
3.190989e-01;4.793201e-02;6.284098e-02;4.667982e-02;2.620966e-02;2.631924e-02;1.129315e-01;5.111606e-02;2.450607e-02;6.066999e-02;6.079875e-02;1.608970e-01
2.951718e-01;3.593491e-02;1.247898e-01;3.808396e-02;2.392234e-02;4.132453e-02;9.540620e-02;5.920688e-02;1.931511e-02;5.623075e-02;5.084676e-02;1.597669e-01
2.961534e-01;2.771215e-02;1.179203e-01;4.230558e-02;1.675696e-02;5.303475e-02;9.568690e-02;6.043454e-02;1.121259e-02;5.931117e-02;5.687357e-02;1.625981e-01
2.883721e-01;2.488565e-02;8.600504e-02;4.707510e-02;1.332577e-02;5.070227e-02;9.214827e-02;4.454565e-02;2.511843e-02;1.326571e-01;5.933106e-02;1.358335e-01
2.903397e-01;2.346160e-02;7.549880e-02;4.312414e-02;1.738731e-02;5.072060e-02;8.846738e-02;4.783509e-02;3.783546e-02;1.587844e-01;5.641884e-02;1.101267e-01
2.940455e-01;6.386198e-02;1.218806e-01;3.044414e-02;4.339310e-02;4.390053e-02;7.580823e-02;8.276014e-02;4.389314e-02;8.525735e-02;5.283343e-02;6.192183e-02
2.386478e-01;1.273531e-01;1.721755e-01;2.858121e-02;7.734131e-02;2.842224e-02;4.167987e-02;1.051048e-01;7.471744e-02;2.896621e-02;5.000523e-02;2.700529e-02
1.781204e-01;1.807494e-01;1.777524e-01;2.527825e-02;8.676835e-02;2.253060e-02;2.017690e-02;1.011884e-01;1.338660e-01;1.672228e-02;4.070652e-02;1.614053e-02
1.855880e-01;2.319730e-01;1.711605e-01;1.420558e-02;5.524676e-02;1.653594e-02;7.618004e-03;8.434986e-02;1.941442e-01;9.642103e-03;2.410921e-02;5.427044e-03
2.592416e-01;2.353684e-01;1.463356e-01;9.637790e-03;1.406454e-02;9.681405e-03;8.004771e-03;9.240542e-02;1.921143e-01;9.793138e-03;1.697412e-02;6.379021e-03
3.490108e-01;1.864033e-01;1.011100e-01;6.612542e-03;3.815606e-02;6.642946e-03;7.282495e-03;1.134691e-01;1.463291e-01;8.666405e-03;2.407180e-02;1.224555e-02
4.070348e-01;1.247035e-01;7.105543e-02;1.039523e-02;4.981054e-02;5.094808e-03;2.531445e-02;1.457647e-01;1.005361e-01;9.397023e-03;2.357908e-02;2.731423e-02
4.087246e-01;7.507150e-02;4.667323e-02;2.940920e-02;5.331630e-02;6.303355e-03;5.829092e-02;1.470042e-01;6.939775e-02;1.164960e-02;2.350270e-02;7.065666e-02
3.608948e-01;4.652797e-02;2.412760e-02;7.492984e-02;4.034938e-02;1.265771e-02;1.008195e-01;7.992294e-02;6.169880e-02;2.435027e-02;3.733996e-02;1.363813e-01
2.633614e-01;4.150384e-02;7.590184e-02;9.598764e-02;3.209791e-02;2.764332e-02;1.058652e-01;3.939448e-02;6.367731e-02;4.847131e-02;7.674062e-02;1.293552e-01
1.883978e-01;7.279952e-02;1.178984e-01;7.475162e-02;5.319462e-02;4.049481e-02;6.558514e-02;4.804744e-02;7.144191e-02;9.929359e-02;1.159835e-01;5.211162e-02
9.831925e-02;7.574444e-02;9.841500e-02;7.434066e-02;6.050647e-02;4.253311e-02;4.571213e-02;8.207279e-02;8.305418e-02;1.525950e-01;1.234745e-01;6.323242e-02
1.504124e-01;1.114140e-01;5.960140e-02;6.487793e-02;5.906375e-02;4.075377e-02;3.722223e-02;7.386645e-02;9.086131e-02;1.513831e-01;9.927269e-02;6.127097e-02
1.752756e-01;1.175741e-01;9.623696e-02;7.910925e-02;6.194291e-02;3.277482e-02;5.222334e-02;7.794057e-02;4.787751e-02;1.291752e-01;7.625058e-02;5.361917e-02
1.306496e-01;1.070409e-01;9.155487e-02;9.931786e-02;4.786334e-02;2.971892e-02;8.402463e-02;8.446576e-02;9.101256e-02;1.101546e-01;7.028822e-02;5.390880e-02
1.620407e-01;1.018816e-01;1.115495e-01;7.390753e-02;4.697163e-02;4.647089e-02;1.138228e-01;8.685275e-02;7.291860e-02;8.959760e-02;4.292306e-02;5.106334e-02
1.402106e-01;6.637859e-02;1.301574e-01;4.041250e-02;7.842850e-02;6.210680e-02;1.752082e-01;7.592352e-02;7.244075e-02;7.007998e-02;2.432911e-02;6.432407e-02
1.345586e-01;3.322064e-02;1.428062e-01;3.306774e-02;8.174492e-02;4.592365e-02;1.990257e-01;9.365658e-02;6.776787e-02;5.728120e-02;5.544163e-02;5.550517e-02
6.811447e-02;3.926749e-02;1.669928e-01;4.843690e-02;6.506535e-02;2.969286e-02;2.127827e-01;1.087032e-01;8.344832e-02;6.290508e-02;6.795501e-02;4.663593e-02
4.609726e-02;5.057972e-02;1.708591e-01;7.101850e-02;5.442594e-02;5.236139e-02;1.919515e-01;1.093676e-01;7.360863e-02;7.318269e-02;5.785911e-02;4.868853e-02
4.347361e-02;5.590833e-02;1.092544e-01;1.259854e-01;6.003223e-02;6.829205e-02;1.876643e-01;1.161014e-01;6.202355e-02;8.570142e-02;4.881151e-02;3.675186e-02
4.343552e-02;3.724802e-02;8.398229e-02;1.294213e-01;6.497673e-02;1.173033e-01;1.644249e-01;1.326632e-01;6.261348e-02;9.913372e-02;4.619982e-02;1.859760e-02
4.580944e-02;1.904135e-02;8.298455e-02;7.839830e-02;7.875768e-02;2.327611e-01;1.121722e-01;9.883148e-02;6.624962e-02;1.230586e-01;4.914510e-02;1.279057e-02
5.497207e-02;1.735273e-02;7.099171e-02;7.224942e-02;5.861184e-02;2.306307e-01;1.446964e-01;1.058255e-01;9.333754e-02;1.055072e-01;3.322972e-02;1.259513e-02
5.599421e-02;1.156482e-02;4.465771e-02;1.147262e-01;5.277807e-02;1.178037e-01;2.008653e-01;1.565426e-01;1.374641e-01;8.122312e-02;1.844879e-02;7.931378e-03
5.489068e-02;6.868546e-03;3.485861e-02;1.342368e-01;5.727624e-02;4.145863e-02;2.579603e-01;1.528902e-01;1.563266e-01;7.929809e-02;1.937518e-02;4.560161e-03
3.698691e-02;9.225957e-03;5.040094e-02;1.177177e-01;7.954517e-02;9.082153e-02;2.415736e-01;9.674108e-02;1.283155e-01;1.142910e-01;2.724797e-02;7.132640e-03
1.822137e-02;1.828774e-02;4.877981e-02;9.011988e-02;1.282047e-01;1.989986e-01;1.412941e-01;5.027872e-02;9.132382e-02;1.731223e-01;3.460852e-02;6.760440e-03
1.183120e-02;4.623972e-02;3.160242e-02;5.590527e-02;2.073851e-01;1.645206e-01;4.592527e-02;3.650557e-02;9.389063e-02;2.516876e-01;4.206007e-02;1.244653e-02
1.134800e-02;8.145510e-02;2.589133e-02;3.528341e-02;2.419954e-01;8.786131e-02;1.654533e-02;6.428504e-02;9.727952e-02;2.507099e-01;5.979263e-02;2.755304e-02
3.082667e-02;1.074109e-01;5.503878e-02;3.512682e-02;1.961137e-01;6.564772e-02;2.920536e-02;7.891626e-02;7.117041e-02;1.876234e-01;8.898734e-02;5.393257e-02
4.985224e-02;9.634867e-02;6.354062e-02;6.504148e-02;1.288058e-01;6.274951e-02;5.336272e-02;6.659482e-02;4.434995e-02;1.632490e-01;1.288534e-01;7.725171e-02
6.299482e-02;4.791120e-02;7.339304e-02;6.379825e-02;8.145261e-02;7.440552e-02;7.158048e-02;3.328048e-02;4.571183e-02;1.696890e-01;1.964452e-01;7.933751e-02
