1.292671e-01;1.026228e-01;2.039512e-01;3.424821e-02;5.503273e-02;4.739327e-02;1.689682e-01;4.609182e-02;4.002636e-02;6.638034e-02;4.251975e-02;6.349827e-02
2.295821e-01;9.671696e-02;1.200929e-01;2.233500e-02;4.622065e-02;3.219276e-02;2.349979e-01;4.812299e-02;2.880794e-02;3.217237e-02;4.976695e-02;5.899150e-02
2.475647e-01;9.755603e-02;1.309672e-01;2.186873e-02;4.432759e-02;2.610168e-02;2.167294e-01;5.107114e-02;3.153116e-02;3.759059e-02;4.419030e-02;5.050138e-02
2.300568e-01;8.154991e-02;1.403181e-01;4.618803e-02;4.226879e-02;3.262903e-02;2.042933e-01;4.820006e-02;4.557931e-02;5.285610e-02;4.067973e-02;3.538080e-02
2.404497e-01;8.153666e-02;1.198482e-01;5.840467e-02;3.860989e-02;3.433280e-02;1.849903e-01;4.242011e-02;5.562513e-02;5.850781e-02;3.980139e-02;4.547332e-02
2.704804e-01;7.657547e-02;1.062812e-01;7.834330e-02;5.792668e-02;5.591215e-02;1.032831e-01;3.971706e-02;4.624718e-02;5.031753e-02;5.660309e-02;5.831280e-02
2.315308e-01;9.830986e-02;1.270528e-01;7.331546e-02;4.737990e-02;5.012086e-02;1.253683e-01;2.651039e-02;3.796729e-02;5.547280e-02;7.655595e-02;5.041567e-02
1.580977e-01;9.631410e-02;1.444896e-01;3.745019e-02;4.342051e-02;3.984396e-02;2.060570e-01;2.355638e-02;6.334573e-02;6.556938e-02;7.506730e-02;4.678804e-02
7.909462e-02;7.945911e-02;1.113756e-01;6.941001e-02;3.562014e-02;3.696158e-02;2.337407e-01;4.696728e-02;7.714511e-02;8.844565e-02;6.644382e-02;7.533648e-02
1.024977e-01;8.103223e-02;1.418880e-01;6.919898e-02;5.508929e-02;2.596543e-02;1.826292e-01;6.065865e-02;6.750872e-02;9.166895e-02;4.793629e-02;7.392655e-02
1.500708e-01;8.355055e-02;1.652043e-01;6.049437e-02;5.996926e-02;3.575933e-02;1.451258e-01;5.517757e-02;7.088275e-02;8.583423e-02;4.066445e-02;4.726656e-02
1.405867e-01;8.598044e-02;1.498366e-01;6.371514e-02;5.431194e-02;4.572967e-02;1.438568e-01;6.241458e-02;7.124332e-02;8.779056e-02;5.481913e-02;3.971514e-02
7.303736e-02;7.603315e-02;1.303147e-01;5.860559e-02;5.964378e-02;5.513962e-02;2.279065e-01;5.511117e-02;5.211098e-02;8.684641e-02;7.258887e-02;5.266193e-02
9.055471e-02;4.413189e-02;1.268228e-01;3.857599e-02;5.079406e-02;5.424493e-02;2.888750e-01;3.274373e-02;3.665345e-02;7.676240e-02;9.623631e-02;6.360462e-02
9.294725e-02;3.086529e-02;1.685336e-01;3.854551e-02;3.530478e-02;5.512888e-02;2.761202e-01;2.672374e-02;4.509979e-02;6.378282e-02;1.090994e-01;5.784874e-02
7.521556e-02;3.658988e-02;1.798291e-01;2.460046e-02;5.325104e-02;7.447081e-02;2.472375e-01;1.469990e-02;4.953859e-02;7.916082e-02;1.265904e-01;3.881584e-02
5.087766e-02;4.104786e-02;1.511411e-01;2.022793e-02;5.130033e-02;8.909094e-02;2.156409e-01;2.447646e-02;5.574594e-02;1.144045e-01;1.433197e-01;4.272669e-02
8.259011e-02;7.479030e-02;2.034459e-01;4.235256e-02;5.632287e-02;5.984337e-02;1.451512e-01;3.387455e-02;4.548539e-02;1.042542e-01;9.250168e-02;5.938779e-02
1.354824e-01;1.264242e-01;2.441995e-01;3.087733e-02;3.601221e-02;3.033042e-02;6.272252e-02;3.745678e-02;7.243475e-02;6.373340e-02;7.866286e-02;8.166361e-02
2.236616e-01;1.551078e-01;1.772065e-01;1.786641e-02;2.340383e-02;1.390412e-02;8.170990e-02;5.200944e-02;5.234800e-02;4.614447e-02;8.457544e-02;7.206243e-02
3.470788e-01;1.522514e-01;8.989137e-02;1.578699e-02;1.323628e-02;1.438676e-02;9.792335e-02;6.150414e-02;2.651705e-02;5.038190e-02;6.799714e-02;6.304487e-02
4.452666e-01;1.183830e-01;5.521212e-02;1.179965e-02;9.934669e-03;1.174715e-02;1.122753e-01;6.598113e-02;2.220920e-02;4.395514e-02;3.674080e-02;6.649537e-02
4.685805e-01;8.924712e-02;5.400383e-02;8.809677e-03;1.327465e-02;1.186190e-02;1.104697e-01;7.406767e-02;1.466041e-02;4.553938e-02;3.165183e-02;7.783330e-02
4.590859e-01;9.294281e-02;6.281842e-02;1.578233e-02;1.788779e-02;9.173890e-03;1.067631e-01;8.261330e-02;1.462676e-02;6.610823e-02;1.370815e-02;5.848935e-02
3.890088e-01;8.355924e-02;5.554410e-02;2.320122e-02;2.565936e-02;1.752656e-02;1.397287e-01;7.974091e-02;1.158691e-02;8.387696e-02;3.039741e-02;6.016975e-02
2.852695e-01;9.455177e-02;6.606305e-02;3.213229e-02;3.444754e-02;2.936959e-02;1.747786e-01;7.427333e-02;1.645345e-02;9.186078e-02;5.045377e-02;5.034629e-02
2.005825e-01;1.062280e-01;1.199680e-01;3.863568e-02;4.277216e-02;4.652691e-02;1.768231e-01;6.757425e-02;2.446332e-02;8.198825e-02;5.637376e-02;3.806395e-02
1.620325e-01;9.443598e-02;1.385304e-01;4.912714e-02;2.852397e-02;4.373431e-02;2.309961e-01;5.153979e-02;4.329931e-02;5.806415e-02;5.088070e-02;4.883555e-02
1.274179e-01;7.646725e-02;7.765313e-02;5.974872e-02;2.263372e-02;4.032210e-02;3.007353e-01;3.705757e-02;4.997228e-02;7.872850e-02;6.706132e-02;6.220219e-02
7.554493e-02;6.315634e-02;8.611158e-02;5.677179e-02;2.823851e-02;4.717617e-02;3.249041e-01;5.272814e-02;4.830289e-02;8.910071e-02;7.252225e-02;5.544259e-02
7.703862e-02;4.665146e-02;1.269396e-01;4.305614e-02;5.114952e-02;6.505857e-02;3.192900e-01;6.565004e-02;2.842528e-02;6.251206e-02;6.646332e-02;4.776543e-02
9.003991e-02;2.882684e-02;8.462948e-02;4.080948e-02;7.927721e-02;8.552714e-02;3.421096e-01;5.435648e-02;2.704156e-02;4.920151e-02;7.707282e-02;4.110793e-02
9.450978e-02;3.075502e-02;1.189419e-01;3.139392e-02;8.658565e-02;1.063760e-01;3.127651e-01;2.838643e-02;2.960393e-02;6.151091e-02;7.391014e-02;2.526123e-02
1.207155e-01;5.187636e-02;1.323929e-01;2.580208e-02;8.159248e-02;1.091568e-01;2.479409e-01;2.203413e-02;2.970408e-02;7.412750e-02;6.970426e-02;3.495289e-02
1.612742e-01;1.042210e-01;1.743981e-01;2.632013e-02;5.644997e-02;7.181964e-02;1.207956e-01;2.289703e-02;4.178822e-02;7.191720e-02;7.607466e-02;7.204431e-02
2.248278e-01;1.527942e-01;1.571835e-01;2.477280e-02;3.892940e-02;4.387963e-02;8.699732e-02;2.802080e-02;3.802222e-02;7.299682e-02;5.987466e-02;7.170095e-02
2.636982e-01;1.528221e-01;1.330431e-01;2.799191e-02;3.965727e-02;3.914718e-02;1.355556e-01;3.942234e-02;3.251624e-02;5.258314e-02;3.605251e-02;4.751052e-02
2.933288e-01;1.117124e-01;1.012417e-01;5.018446e-02;3.784551e-02;3.591414e-02;1.786671e-01;6.447915e-02;2.392357e-02;3.308011e-02;1.888641e-02;5.073665e-02
3.182763e-01;7.601324e-02;1.101324e-01;8.378251e-02;3.585899e-02;1.752243e-02;1.625504e-01;7.699606e-02;1.771406e-02;2.850324e-02;1.484148e-02;5.780899e-02
3.377014e-01;7.688613e-02;1.011698e-01;1.034321e-01;3.277976e-02;1.147922e-02;1.474036e-01;6.856526e-02;1.981220e-02;3.325263e-02;1.152444e-02;5.599355e-02
3.511625e-01;8.624830e-02;8.731298e-02;1.066029e-01;3.000438e-02;1.015782e-02;1.487920e-01;6.030841e-02;1.970037e-02;3.493949e-02;1.271074e-02;5.205996e-02
3.414999e-01;8.502797e-02;8.756245e-02;1.028635e-01;3.172449e-02;1.288984e-02;1.660531e-01;5.774112e-02;2.494943e-02;3.259590e-02;8.807782e-03;4.828462e-02
3.281386e-01;7.879128e-02;8.712944e-02;1.067297e-01;3.400971e-02;1.114526e-02;1.781660e-01;6.182230e-02;2.652608e-02;2.920096e-02;9.856238e-03;4.848441e-02
3.206126e-01;8.083756e-02;8.836865e-02;1.154334e-01;3.132942e-02;7.679106e-03;1.804728e-01;6.324609e-02;2.391221e-02;3.034630e-02;9.771830e-03;4.799000e-02
3.176821e-01;7.886928e-02;7.332681e-02;1.098428e-01;2.979176e-02;1.088552e-02;1.996583e-01;5.861950e-02;3.125997e-02;3.565717e-02;8.512936e-03;4.589390e-02
3.014050e-01;8.131652e-02;7.707867e-02;1.051299e-01;3.932143e-02;1.018580e-02;2.058132e-01;5.513299e-02;3.282104e-02;3.957219e-02;7.172574e-03;4.505061e-02
2.579900e-01;7.267778e-02;8.663633e-02;1.258824e-01;6.263655e-02;1.525903e-02;1.913377e-01;6.966776e-02;2.458691e-02;4.242232e-02;1.025188e-02;4.065143e-02
2.179237e-01;7.248472e-02;9.689772e-02;1.514138e-01;8.039818e-02;1.732414e-02;1.699724e-01;8.574373e-02;2.559318e-02;3.421724e-02;1.329948e-02;3.473169e-02
1.946920e-01;7.154992e-02;9.737285e-02;1.485105e-01;8.710159e-02;3.420685e-02;1.684600e-01;8.734700e-02;3.883474e-02;2.361955e-02;1.676908e-02;3.153588e-02
1.855633e-01;7.425925e-02;1.015353e-01;1.279736e-01;7.364278e-02;5.071982e-02;1.828175e-01;7.246374e-02;5.371691e-02;2.446540e-02;2.316653e-02;2.967591e-02
1.810975e-01;8.405013e-02;1.211486e-01;8.636536e-02;4.226870e-02;4.981685e-02;2.195459e-01;6.478941e-02;5.379900e-02;4.709642e-02;2.801736e-02;2.200475e-02
1.513133e-01;9.655731e-02;1.593705e-01;3.301349e-02;2.350274e-02;4.453314e-02;2.513264e-01;7.557397e-02;3.967028e-02;7.219249e-02;3.309764e-02;1.984878e-02
1.298664e-01;8.225602e-02;1.836909e-01;3.318616e-02;2.956430e-02;4.206018e-02;2.454837e-01;6.141872e-02;3.831933e-02;8.135626e-02;3.912412e-02;3.367390e-02
1.280779e-01;5.441738e-02;2.006918e-01;4.863327e-02;5.395822e-02;4.682261e-02;2.076990e-01;4.484927e-02;3.460565e-02;7.700641e-02;4.993323e-02;5.330524e-02
1.684946e-01;5.741235e-02;2.108863e-01;5.578812e-02;6.919163e-02;5.240518e-02;9.761451e-02;4.780480e-02;3.785610e-02;7.057363e-02;6.317528e-02;6.879754e-02
1.724945e-01;6.785319e-02;1.491736e-01;4.173534e-02;4.601578e-02;4.224217e-02;2.121483e-01;3.267116e-02;3.483361e-02;5.749181e-02;7.228123e-02;7.105933e-02
1.478411e-01;3.406624e-02;1.046436e-01;4.326164e-02;4.732765e-02;4.280992e-02;2.071038e-01;4.619104e-02;6.799874e-02;9.011968e-02;8.040175e-02;8.823479e-02
1.094579e-01;5.319901e-02;1.344725e-01;3.843752e-02;4.379026e-02;3.504355e-02;1.622909e-01;6.411719e-02;8.771266e-02;8.775875e-02;8.066508e-02;1.030547e-01
8.104938e-02;5.614897e-02;2.608684e-01;3.674661e-02;4.806014e-02;4.112093e-02;1.149701e-01;5.132318e-02;8.082107e-02;8.085809e-02;7.666972e-02;7.136343e-02
6.968208e-02;2.987768e-02;3.541590e-01;3.698286e-02;5.545548e-02;3.968745e-02;9.854054e-02;4.331548e-02;7.162428e-02;8.958800e-02;6.346095e-02;4.762616e-02
4.885359e-02;3.821459e-02;3.925191e-01;3.767103e-02;6.124821e-02;4.028104e-02;9.496112e-02;4.108161e-02;5.355177e-02;1.098845e-01;4.534050e-02;3.639293e-02
3.286410e-02;5.518205e-02;3.958202e-01;3.786132e-02;5.038640e-02;3.577233e-02;1.103984e-01;5.700529e-02;5.196808e-02;1.035251e-01;4.063175e-02;2.858502e-02
2.327315e-02;7.208651e-02;3.823490e-01;3.041938e-02;3.210829e-02;4.361409e-02;7.867374e-02;1.018103e-01;5.888548e-02;9.382329e-02;3.877058e-02;4.418624e-02
6.226707e-02;7.055794e-02;2.969596e-01;2.827920e-02;2.905894e-02;4.940227e-02;9.927630e-02;1.137985e-01;6.133790e-02;9.578259e-02;4.728586e-02;4.599389e-02
5.720045e-02;6.632011e-02;2.465073e-01;3.761481e-02;3.170686e-02;3.561033e-02;1.376927e-01;9.963938e-02;7.911464e-02;9.394602e-02;8.074417e-02;3.390318e-02
7.886162e-02;5.806955e-02;1.931371e-01;5.364099e-02;5.862695e-02;3.417440e-02;1.676313e-01;5.328925e-02;6.383471e-02;1.071551e-01;1.074258e-01;2.415312e-02
8.751594e-02;6.179136e-02;1.314997e-01;7.749669e-02;6.928118e-02;5.118956e-02;1.271607e-01;8.734857e-02;5.801045e-02;9.486540e-02;1.178931e-01;3.594740e-02
9.975417e-02;8.689287e-02;1.454429e-01;8.104616e-02;5.542752e-02;4.507690e-02;7.354711e-02;7.784978e-02;1.039423e-01;8.107463e-02;9.397800e-02;5.596768e-02
9.441381e-02;8.725496e-02;1.792341e-01;5.231591e-02;5.519364e-02;3.723374e-02;4.562373e-02;5.227672e-02;1.054145e-01;1.026644e-01;1.106771e-01;7.769741e-02
6.958099e-02;5.572112e-02;1.755056e-01;5.835673e-02;5.879947e-02;4.211900e-02;5.019185e-02;6.530190e-02;1.027606e-01;1.097279e-01;1.301899e-01;8.174500e-02
7.873539e-02;4.763379e-02;1.299435e-01;7.174825e-02;6.067749e-02;3.783296e-02;4.125519e-02;7.386790e-02;9.200633e-02;1.333585e-01;1.475717e-01;8.536902e-02
9.587687e-02;4.505841e-02;7.115633e-02;8.391264e-02;5.261174e-02;5.038926e-02;5.925287e-02;7.860354e-02;6.962658e-02;1.217527e-01;1.841909e-01;8.756816e-02
6.868456e-02;8.110105e-02;8.115742e-02;6.435159e-02;5.104320e-02;4.519654e-02;7.485020e-02;8.664395e-02;9.770621e-02;9.242492e-02;1.749309e-01;8.190947e-02
6.123254e-02;1.087292e-01;1.307504e-01;6.425945e-02;7.142721e-02;3.765715e-02;1.206214e-01;8.672077e-02;8.560780e-02;7.162050e-02;1.206612e-01;4.071241e-02
4.343689e-02;9.794744e-02;2.206615e-01;4.985341e-02;7.474632e-02;5.438750e-02;8.935490e-02;7.583046e-02;7.840005e-02;7.776568e-02;9.698706e-02;4.062876e-02
5.458034e-02;5.662078e-02;2.345627e-01;7.244796e-02;5.361973e-02;6.462831e-02;1.712530e-01;7.108674e-02;6.613733e-02;7.201140e-02;5.260990e-02;3.044185e-02
4.546130e-02;3.900232e-02;3.397091e-01;7.277375e-02;7.065141e-02;6.443930e-02;1.339994e-01;4.413049e-02;4.927342e-02;6.658153e-02;4.740003e-02;2.657790e-02
6.949811e-02;5.680609e-02;3.241692e-01;6.082572e-02;7.647808e-02;6.793626e-02;1.164384e-01;4.670815e-02;4.007459e-02;5.908719e-02;4.451459e-02;3.746367e-02
9.257378e-02;5.568581e-02;2.684369e-01;4.801520e-02;6.942528e-02;6.740939e-02;1.920193e-01;5.100155e-02;3.323937e-02;4.480060e-02;3.974381e-02;3.764905e-02
1.274043e-01;6.990790e-02;2.191247e-01;3.582921e-02;5.540079e-02;6.224082e-02;2.347709e-01;4.755196e-02;3.655306e-02;3.845253e-02;3.229864e-02;4.046508e-02
1.759033e-01;8.102990e-02;1.828727e-01;3.656378e-02;4.158718e-02;5.370655e-02;2.277711e-01;4.569519e-02;2.944887e-02;4.078981e-02;2.952787e-02;5.510385e-02
2.285159e-01;9.740074e-02;1.474838e-01;3.431093e-02;3.301762e-02;3.413525e-02;1.777520e-01;3.634532e-02;2.764367e-02;3.324130e-02;5.386364e-02;9.628972e-02
2.505660e-01;1.071414e-01;9.130985e-02;4.035204e-02;4.391771e-02;3.450346e-02;1.197717e-01;2.691544e-02;3.184948e-02;4.221810e-02;8.339339e-02;1.280614e-01
2.075487e-01;8.165607e-02;1.036138e-01;5.189517e-02;4.950361e-02;4.898229e-02;1.557322e-01;3.077018e-02;4.448028e-02;4.350469e-02;9.113472e-02;9.117824e-02
1.691125e-01;5.514834e-02;1.079716e-01;5.029322e-02;6.266015e-02;4.313475e-02;1.814427e-01;5.429646e-02;4.304916e-02;4.312349e-02;1.272973e-01;6.247027e-02
1.629735e-01;6.449294e-02;1.090488e-01;3.516712e-02;7.770710e-02;4.386201e-02;1.979102e-01;5.683094e-02;3.451836e-02;4.344781e-02;1.164721e-01;5.756924e-02
1.376698e-01;7.034867e-02;1.208280e-01;5.075152e-02;7.464927e-02;6.046252e-02;1.670610e-01;3.891161e-02;5.521914e-02;4.021899e-02;1.254497e-01;5.842981e-02
1.172455e-01;6.018656e-02;1.333905e-01;5.939750e-02;6.458712e-02;5.395773e-02;1.282263e-01;4.472073e-02;5.754943e-02;2.995750e-02;1.788474e-01;7.193371e-02
1.319226e-01;7.561961e-02;1.182047e-01;4.955553e-02;4.751231e-02;7.172462e-02;1.711144e-01;5.433305e-02;4.285252e-02;4.102548e-02;1.386717e-01;5.746350e-02
1.674943e-01;8.005731e-02;1.129939e-01;2.628514e-02;6.115725e-02;7.426719e-02;1.501156e-01;7.099482e-02;6.089490e-02;5.509097e-02;6.984024e-02;7.080832e-02
1.713258e-01;8.104470e-02;1.411621e-01;5.561449e-02;8.614590e-02;5.710321e-02;8.262564e-02;5.397366e-02;5.963001e-02;7.518954e-02;5.692375e-02;7.926114e-02
1.460708e-01;7.314975e-02;1.581486e-01;6.224352e-02;7.997755e-02;4.182709e-02;7.899934e-02;5.407898e-02;8.030427e-02;8.275721e-02;8.473072e-02;5.771220e-02
1.294190e-01;6.133348e-02;1.850667e-01;5.290956e-02;8.372020e-02;4.785248e-02;8.504913e-02;7.979451e-02;8.545181e-02;7.732932e-02;5.994956e-02;5.212427e-02
1.008637e-01;5.093850e-02;1.597311e-01;4.675352e-02;8.073293e-02;6.471067e-02;1.014599e-01;1.047856e-01;7.556842e-02;9.123951e-02;6.769105e-02;5.552503e-02
5.025603e-02;4.131163e-02;1.443859e-01;7.330188e-02;5.795477e-02;7.096051e-02;1.182788e-01;9.031005e-02;9.351318e-02;1.010797e-01;1.052174e-01;5.343008e-02
1.338207e-01;6.858341e-02;1.973466e-01;5.594213e-02;6.648870e-02;4.088726e-02;5.763451e-02;4.330862e-02;5.026257e-02;8.322317e-02;1.115796e-01;9.092267e-02
1.592086e-01;7.970659e-02;1.774406e-01;6.740406e-02;6.690688e-02;3.702928e-02;5.909722e-02;3.887913e-02;5.115701e-02;8.338802e-02;8.606979e-02;9.371284e-02
1.526054e-01;8.704096e-02;1.716263e-01;7.613084e-02;5.542175e-02;4.903258e-02;7.396547e-02;4.781600e-02;6.044344e-02;7.882480e-02;6.551543e-02;8.157698e-02
1.222448e-01;9.548122e-02;1.839945e-01;7.857784e-02;4.424293e-02;5.801589e-02;7.876778e-02;7.979825e-02;6.708570e-02;5.927602e-02;7.522742e-02;5.728763e-02
1.209212e-01;7.345838e-02;1.342755e-01;8.378696e-02;7.996177e-02;6.912173e-02;1.120664e-01;1.120679e-01;4.912572e-02;5.184171e-02;7.469739e-02;3.867534e-02
1.291330e-01;4.134475e-02;9.502775e-02;1.210699e-01;1.001311e-01;6.188156e-02;1.695337e-01;1.119141e-01;3.961999e-02;4.653389e-02;4.720099e-02;3.660935e-02
1.337083e-01;4.889701e-02;1.113510e-01;1.487956e-01;7.827619e-02;5.101716e-02;1.681573e-01;9.745254e-02;3.594943e-02;5.024942e-02;2.868444e-02;4.746152e-02
1.859968e-01;6.932287e-02;1.379161e-01;9.916196e-02;5.381285e-02;4.049518e-02;1.817164e-01;8.824477e-02;2.694609e-02;4.022869e-02;2.573751e-02;5.042062e-02
2.223843e-01;6.701362e-02;1.091559e-01;5.309604e-02;4.946670e-02;2.977961e-02;2.130806e-01;9.879241e-02;2.954587e-02;4.049068e-02;3.589243e-02;5.130186e-02
1.950879e-01;3.576463e-02;1.524501e-01;5.720185e-02;5.773357e-02;4.031016e-02;2.252368e-01;9.463236e-02;3.160074e-02;4.379852e-02;2.553654e-02;4.064678e-02
1.734729e-01;5.164935e-02;1.515835e-01;7.237554e-02;9.433643e-02;4.285766e-02;1.931122e-01;9.721665e-02;3.092766e-02;3.820033e-02;2.358872e-02;3.067903e-02
1.515325e-01;4.768897e-02;1.303055e-01;6.555096e-02;1.152558e-01;3.485069e-02;1.921828e-01;1.167921e-01;3.700600e-02;4.396432e-02;3.908034e-02;2.578998e-02
1.430987e-01;4.795487e-02;9.602417e-02;4.547344e-02;9.258788e-02;3.561496e-02;2.001321e-01;1.112926e-01;4.417647e-02;6.044525e-02;8.062560e-02;4.257403e-02
1.622562e-01;6.647022e-02;8.944277e-02;5.390267e-02;6.799507e-02;3.125129e-02;2.109518e-01;8.251880e-02;4.411719e-02;5.165821e-02;8.706765e-02;5.236810e-02
1.677055e-01;8.945290e-02;1.272117e-01;7.737010e-02;5.173023e-02;2.612465e-02;2.335404e-01;7.009155e-02;3.074777e-02;3.281817e-02;4.653781e-02;4.666920e-02
1.326706e-01;8.222732e-02;1.662143e-01;1.133094e-01;5.325786e-02;2.503938e-02;2.426087e-01;7.579703e-02;2.730635e-02;2.555750e-02;2.275283e-02;3.325864e-02
1.037444e-01;6.224602e-02;1.508290e-01;1.291156e-01;8.782092e-02;3.721679e-02;2.530844e-01;6.633332e-02;2.785838e-02;2.829730e-02;2.330866e-02;3.014509e-02
9.502754e-02;4.890967e-02;1.253360e-01;1.077738e-01;1.287474e-01;5.836600e-02;2.665065e-01;4.730482e-02;3.250598e-02;3.091103e-02;2.562573e-02;3.298539e-02
6.510812e-02;3.778229e-02;1.723254e-01;7.753398e-02;1.470929e-01;8.912061e-02;2.339300e-01;4.331826e-02;3.656758e-02;4.054538e-02;2.894780e-02;2.772765e-02
4.682363e-02;6.163937e-02;1.887610e-01;8.383401e-02;1.042153e-01;6.868107e-02;2.489577e-01;4.401511e-02;3.695497e-02;5.218178e-02;3.315336e-02;3.078279e-02
9.766547e-02;5.952690e-02;7.097141e-02;7.809500e-02;6.668837e-02;4.572598e-02;3.588394e-01;4.808643e-02;3.413679e-02;5.952952e-02;4.286018e-02;3.787450e-02
9.741697e-02;3.049816e-02;8.751877e-02;7.295265e-02;9.053050e-02;4.167199e-02;3.721149e-01;5.837008e-02;2.725697e-02;5.852772e-02;3.429364e-02;2.884764e-02
9.622078e-02;3.319879e-02;1.017104e-01;5.857142e-02;8.914943e-02;5.537008e-02;3.329197e-01;6.300157e-02;4.136384e-02;5.930634e-02;4.353420e-02;2.565342e-02
9.258271e-02;7.790931e-02;8.135262e-02;3.948035e-02;9.524212e-02;7.583287e-02;1.687676e-01;9.485239e-02;8.392596e-02;9.407012e-02;6.320647e-02;3.277754e-02
9.881475e-02;9.290661e-02;8.145833e-02;4.833778e-02;9.036961e-02;7.238171e-02;1.160151e-01;1.028325e-01;8.105079e-02;1.074016e-01;6.782312e-02;4.060813e-02
1.042704e-01;8.341412e-02;1.001993e-01;5.253013e-02;7.822160e-02;6.186805e-02;1.464804e-01;9.180150e-02;6.261564e-02;1.045069e-01;7.338132e-02;4.071067e-02
5.089692e-02;5.559896e-02;2.258978e-01;8.976321e-02;8.099616e-02;7.382230e-02;1.635055e-01;5.642658e-02;3.961895e-02;7.569816e-02;5.776118e-02;3.001428e-02
6.815071e-02;8.758848e-02;2.761207e-01;8.050631e-02;8.141465e-02;6.997424e-02;1.234777e-01;3.699509e-02;3.048286e-02;6.822647e-02;4.311237e-02;3.395038e-02
7.934062e-02;8.990112e-02;2.671358e-01;5.928893e-02;5.758872e-02;5.465919e-02;1.436271e-01;3.079660e-02;3.074102e-02;7.571153e-02;6.277306e-02;4.843628e-02
8.866771e-02;5.602878e-02;2.532405e-01;5.053005e-02;5.445025e-02;4.901239e-02;1.537967e-01;2.651777e-02;3.231094e-02;9.088713e-02;7.936867e-02;6.518912e-02
9.253799e-02;2.443655e-02;2.342303e-01;5.572852e-02;8.393903e-02;5.735594e-02;1.373452e-01;2.616463e-02;3.044279e-02;1.101823e-01;7.816982e-02;6.946687e-02
8.380552e-02;5.109703e-02;1.291253e-01;4.573858e-02;9.859072e-02;4.397612e-02;1.988345e-01;4.407127e-02;5.126282e-02;1.269347e-01;7.481491e-02;5.174857e-02
7.616075e-02;6.678774e-02;1.162079e-01;4.582540e-02;9.286042e-02;6.354044e-02;1.908179e-01;5.161927e-02;4.443748e-02;1.359551e-01;8.059334e-02;3.519425e-02
6.756544e-02;8.214733e-02;1.868152e-01;4.050205e-02;1.017000e-01;5.332909e-02;1.597607e-01;3.927015e-02;3.200679e-02;1.318246e-01;9.000125e-02;1.507733e-02
3.264017e-02;7.269309e-02;2.299109e-01;4.199675e-02;9.863455e-02;4.892439e-02;1.826558e-01;4.364739e-02;2.541754e-02;1.202921e-01;8.305696e-02;2.013033e-02
5.225501e-02;6.622551e-02;2.344417e-01;4.018856e-02;5.792550e-02;5.809423e-02;2.183667e-01;3.386360e-02;3.398996e-02;9.503534e-02;7.365553e-02;3.595833e-02
5.228168e-02;5.549894e-02;2.552617e-01;4.451975e-02;6.074177e-02;6.492106e-02;2.168881e-01;2.969019e-02;3.532192e-02;1.019978e-01;5.157337e-02;3.130363e-02
6.301836e-02;6.585598e-02;2.108941e-01;4.714490e-02;5.256612e-02;5.586324e-02;2.319685e-01;4.483964e-02;3.568963e-02;1.102173e-01;5.590842e-02;2.603392e-02
8.339762e-02;9.339236e-02;1.437143e-01;5.983501e-02;5.391795e-02;3.330929e-02;2.319745e-01;5.181493e-02;4.384089e-02;1.055359e-01;4.735304e-02;5.191419e-02
6.187421e-02;6.396348e-02;1.458194e-01;6.363264e-02;5.409311e-02;8.801477e-02;1.613829e-01;9.421365e-02;6.907362e-02;5.216406e-02;7.003923e-02;7.572903e-02
6.890189e-02;5.198663e-02;1.528868e-01;6.431846e-02;5.719525e-02;1.007413e-01;1.608765e-01;1.121681e-01;6.415591e-02;5.203667e-02;6.948869e-02;4.524386e-02
6.571269e-02;4.284365e-02;1.415772e-01;6.621198e-02;5.818554e-02;9.864648e-02;1.506772e-01;1.562743e-01;5.820881e-02;5.245772e-02;7.564460e-02;3.355978e-02
7.736425e-02;3.525888e-02;1.106164e-01;4.869895e-02;5.456646e-02;7.731471e-02;1.335507e-01;2.094193e-01;8.300489e-02;4.260067e-02;9.327222e-02;3.433263e-02
8.105885e-02;4.259777e-02;5.267173e-02;5.158586e-02;3.860378e-02;5.101128e-02;1.247254e-01;2.117401e-01;1.234074e-01;9.947338e-02;8.762128e-02;3.550318e-02
5.896973e-02;4.695331e-02;2.540296e-02;6.893951e-02;2.600097e-02;4.858562e-02;1.640555e-01;1.714372e-01;1.019719e-01;1.744249e-01;6.862444e-02;4.463396e-02
4.062001e-02;6.644940e-02;2.627342e-02;8.531676e-02;1.572918e-02;3.519462e-02;2.105033e-01;9.603638e-02;7.415794e-02;2.279173e-01;4.980203e-02;7.199961e-02
3.669671e-02;8.253491e-02;3.130927e-02;9.656788e-02;1.237315e-02;1.970574e-02;2.080580e-01;5.510432e-02;5.157420e-02;2.541666e-01;5.786704e-02;9.404214e-02
3.355397e-02;7.989555e-02;3.209026e-02;9.194997e-02;2.323434e-02;3.534141e-02;1.729859e-01;4.511061e-02;6.531272e-02;2.679808e-01;5.733979e-02;9.520464e-02
4.172174e-02;6.825157e-02;2.749530e-02;8.514204e-02;2.640655e-02;4.835105e-02;1.368690e-01;5.095758e-02;1.068430e-01;2.729581e-01;5.808567e-02;7.691833e-02
3.269305e-02;7.049913e-02;2.216003e-02;9.444802e-02;2.252773e-02;5.753426e-02;1.387206e-01;4.846242e-02;1.118045e-01;2.837239e-01;4.532233e-02;7.210401e-02
4.386289e-02;6.853123e-02;2.294249e-02;8.782756e-02;2.888114e-02;7.305907e-02;1.386683e-01;5.341731e-02;1.165651e-01;2.666830e-01;2.964796e-02;6.991384e-02
5.881618e-02;5.349932e-02;2.992174e-02;6.763224e-02;3.381563e-02;8.212103e-02;1.336302e-01;9.765936e-02;1.251393e-01;2.301095e-01;3.310963e-02;5.454591e-02
6.605200e-02;3.802424e-02;3.533794e-02;5.229650e-02;3.586420e-02;8.901493e-02;1.633534e-01;1.108594e-01;1.361079e-01;1.894911e-01;2.583092e-02;5.776755e-02
8.784416e-02;3.042693e-02;7.231258e-02;4.929832e-02;4.909566e-02;1.026455e-01;1.794330e-01;1.121632e-01;1.042102e-01;1.335710e-01;1.770732e-02;6.129212e-02
1.162783e-01;5.376693e-02;1.374667e-01;6.340403e-02;5.943796e-02;1.025617e-01;1.379859e-01;1.158840e-01;6.072541e-02;6.703988e-02;3.635829e-02;4.909091e-02
1.474466e-01;8.952556e-02;1.951218e-01;6.850414e-02;6.661984e-02;9.763551e-02;6.698165e-02;1.203466e-01;2.686061e-02;4.453650e-02;3.554100e-02;4.088025e-02
1.314200e-01;7.418395e-02;1.645517e-01;3.220594e-02;5.041226e-02;7.844343e-02;1.430579e-01;9.624950e-02;6.195434e-02;8.882761e-02;3.361459e-02;4.507873e-02
8.990843e-02;4.639602e-02;6.903386e-02;5.127632e-02;4.920290e-02;6.136487e-02;2.417558e-01;7.270263e-02;6.670547e-02;1.353918e-01;4.970632e-02;6.655554e-02
6.081518e-02;3.206687e-02;4.313112e-02;5.669595e-02;3.576489e-02;5.935007e-02;3.319530e-01;9.945699e-02;4.616340e-02;1.322180e-01;5.554567e-02;4.683898e-02
6.794659e-02;5.882036e-02;7.371319e-02;5.150723e-02;2.505233e-02;5.745084e-02;3.531654e-01;9.435336e-02;5.602132e-02;8.578560e-02;4.519054e-02;3.099320e-02
9.406501e-02;7.428610e-02;8.236702e-02;4.683635e-02;4.484268e-02;5.904618e-02;3.238018e-01;8.398455e-02;4.885228e-02;5.654047e-02;4.658973e-02;3.878787e-02
5.239341e-02;6.172406e-02;8.574539e-02;7.008743e-02;6.250705e-02;6.802907e-02;2.226608e-01;9.817531e-02;6.563047e-02;1.045480e-01;6.006620e-02;4.843276e-02
8.641610e-02;2.972726e-02;9.379138e-02;9.477417e-02;4.771174e-02;7.236988e-02;2.091804e-01;9.376540e-02;5.893746e-02;9.792517e-02;5.302293e-02;6.237811e-02
1.152907e-01;3.702668e-02;9.726288e-02;1.148103e-01;4.748623e-02;6.881348e-02;2.264417e-01;7.007368e-02;4.302957e-02;6.826274e-02;3.951566e-02;7.198648e-02
1.465615e-01;3.869714e-02;1.076752e-01;1.056448e-01;7.884640e-02;6.199427e-02;2.219078e-01;3.870475e-02;3.525195e-02;5.483330e-02;4.153553e-02;6.834729e-02
1.424903e-01;4.033030e-02;1.471898e-01;9.213911e-02;7.555437e-02;6.915622e-02;2.017482e-01;3.620745e-02;3.960937e-02;5.136603e-02;5.334150e-02;5.086736e-02
1.135557e-01;4.386296e-02;1.592770e-01;9.896509e-02;8.012787e-02;9.578306e-02;1.599918e-01;5.083309e-02;4.555179e-02;4.151354e-02;5.784383e-02;5.269421e-02
1.058367e-01;4.799427e-02;1.306027e-01;9.640653e-02;1.074757e-01;9.224623e-02;1.469034e-01;6.583004e-02;3.306724e-02;5.682076e-02;5.209615e-02;6.472024e-02
9.085563e-02;6.004356e-02;1.141980e-01;6.508618e-02;5.513290e-02;6.716298e-02;1.928645e-01;8.280508e-02;5.141462e-02;8.745797e-02;3.568733e-02;9.729126e-02
5.818391e-02;8.141292e-02;8.127584e-02;6.038935e-02;8.019868e-02;4.550224e-02;1.986461e-01;7.198244e-02;7.777771e-02;8.736893e-02;6.459565e-02;9.266620e-02
6.114175e-02;8.124977e-02;7.574223e-02;6.175093e-02;7.005876e-02;1.017433e-01;2.209176e-01;4.916529e-02;5.829643e-02;5.080355e-02;1.037124e-01;6.541789e-02
1.028412e-01;6.442909e-02;9.511252e-02;4.498173e-02;6.797179e-02;8.768529e-02;2.064993e-01;5.093037e-02;9.820879e-02;5.438387e-02;1.009270e-01;2.602911e-02
6.920248e-02;6.119169e-02;9.807742e-02;3.953822e-02;6.143664e-02;6.875927e-02;1.658778e-01;8.370758e-02;1.160501e-01;7.341004e-02;1.087549e-01;5.399392e-02
4.667811e-02;5.260011e-02;7.214671e-02;4.385419e-02;4.703546e-02;6.765523e-02;1.351175e-01;8.550134e-02;1.275110e-01;1.096712e-01;1.339059e-01;7.832333e-02
7.801306e-02;4.687068e-02;8.407288e-02;3.536250e-02;4.439683e-02;5.890378e-02;1.295670e-01;5.692610e-02;1.090136e-01;1.317125e-01;1.508204e-01;7.434078e-02
1.176141e-01;5.982200e-02;8.234389e-02;3.301925e-02;5.882809e-02;3.818110e-02;1.440687e-01;6.805502e-02;7.069205e-02;1.201540e-01;1.336838e-01;7.353798e-02
1.074401e-01;4.863261e-02;7.644977e-02;4.451646e-02;5.902794e-02;4.594273e-02;2.054465e-01;8.997460e-02;9.056167e-02;4.872787e-02;1.069290e-01;7.635074e-02
1.035447e-01;5.558708e-02;1.115975e-01;6.514675e-02;5.783716e-02;6.080736e-02;1.633473e-01;8.112101e-02;8.837640e-02;8.123259e-02;8.212225e-02;4.927985e-02
1.274296e-01;1.109177e-01;1.127580e-01;3.967139e-02;6.561610e-02;3.584715e-02;1.012746e-01;6.767578e-02;9.898134e-02;9.467643e-02;7.226504e-02;7.288700e-02
1.247237e-01;1.057490e-01;1.025724e-01;6.853148e-02;7.563014e-02;3.736017e-02;8.065157e-02;7.294653e-02;1.001679e-01;9.231129e-02;4.900364e-02;9.035216e-02
9.589215e-02;1.071841e-01;1.349958e-01;7.808078e-02;7.334846e-02;3.890587e-02;1.053264e-01;7.039681e-02;8.283222e-02;7.907790e-02;4.822994e-02;8.572950e-02
1.321608e-01;1.256331e-01;1.858972e-01;5.312615e-02;5.260254e-02;2.953560e-02;1.413535e-01;3.256227e-02;4.362982e-02;7.525828e-02;5.953215e-02;6.870861e-02
8.606669e-02;1.371617e-01;1.938738e-01;4.662706e-02;5.116178e-02;2.472544e-02;1.532346e-01;5.162191e-02;4.945112e-02;8.307300e-02;6.587752e-02;5.712536e-02
1.740287e-01;1.219535e-01;1.045350e-01;4.754248e-02;5.119210e-02;3.267096e-02;2.118361e-01;6.303229e-02;1.805851e-02;8.237933e-02;4.339433e-02;4.937672e-02
2.484654e-01;8.699833e-02;5.746914e-02;5.450089e-02;5.086766e-02;3.744638e-02;2.465525e-01;5.798724e-02;2.576305e-02;6.577663e-02;2.399923e-02;4.417352e-02
2.732602e-01;4.829283e-02;5.322902e-02;6.013935e-02;7.590180e-02;3.702673e-02;2.384449e-01;7.647605e-02;2.908176e-02;3.720703e-02;2.496439e-02;4.597598e-02
2.821366e-01;7.800951e-02;1.010610e-01;5.519629e-02;8.264706e-02;3.475434e-02;1.635387e-01;7.886170e-02;3.198698e-02;2.337955e-02;3.555090e-02;3.287734e-02
2.943717e-01;1.418513e-01;1.435460e-01;3.902811e-02;5.678029e-02;3.749040e-02;1.074238e-01;5.335503e-02;3.238601e-02;3.655522e-02;3.491808e-02;2.229401e-02
2.862508e-01;1.639032e-01;1.458101e-01;2.774530e-02;3.151059e-02;2.813533e-02;1.505493e-01;3.345132e-02;3.350021e-02;4.137076e-02;3.539596e-02;2.237714e-02
2.868422e-01;1.477249e-01;1.591316e-01;3.173476e-02;3.625734e-02;2.667497e-02;1.309029e-01;4.345797e-02;3.525485e-02;2.948632e-02;4.233002e-02;3.020234e-02
3.002712e-01;1.203488e-01;1.567530e-01;3.848501e-02;4.966272e-02;2.235818e-02;1.139831e-01;5.711258e-02;3.528425e-02;1.832239e-02;4.379076e-02;4.362806e-02
3.046190e-01;9.908151e-02;1.423117e-01;4.627912e-02;4.728729e-02;1.875479e-02;1.232922e-01;7.636265e-02;3.215633e-02;2.350857e-02;3.671334e-02;4.963344e-02
3.164855e-01;9.203926e-02;1.194618e-01;4.231114e-02;4.183142e-02;2.141582e-02;1.519063e-01;8.653364e-02;2.805737e-02;2.569042e-02;2.548313e-02;4.878418e-02
2.952290e-01;8.562040e-02;9.926559e-02;3.296085e-02;3.133337e-02;4.168973e-02;1.952934e-01;7.629868e-02;3.665024e-02;3.817566e-02;1.980498e-02;4.767799e-02
2.654002e-01;5.784550e-02;6.481326e-02;2.994763e-02;2.831056e-02;6.356535e-02;2.395307e-01;7.175178e-02;5.912993e-02;4.331873e-02;2.301620e-02;5.337019e-02
2.254441e-01;3.431603e-02;3.565394e-02;3.281186e-02;3.303035e-02;8.721588e-02;2.452100e-01;7.441060e-02;7.829330e-02;5.896248e-02;3.587524e-02;5.877616e-02
1.583218e-01;5.481268e-02;3.018950e-02;4.781482e-02;3.934400e-02;1.036161e-01;2.212924e-01;8.043981e-02;7.209585e-02;8.252057e-02;4.581479e-02;6.373765e-02
6.768750e-02;6.489746e-02;1.087068e-01;7.001811e-02;3.881362e-02;7.814765e-02;1.912825e-01;7.829837e-02;6.263554e-02;1.035124e-01;6.581591e-02;7.018418e-02
7.866485e-02;8.126913e-02;1.197824e-01;7.564696e-02;3.947795e-02;3.678358e-02;1.721624e-01;7.770094e-02;7.213517e-02;8.968113e-02;7.820733e-02;7.848810e-02
1.019226e-01;8.838119e-02;7.886309e-02;6.361724e-02;3.686665e-02;2.253300e-02;1.920089e-01;7.800268e-02;8.009833e-02;8.238006e-02;8.433517e-02;9.099112e-02
8.246235e-02;5.449215e-02;7.718338e-02;4.590625e-02;5.394384e-02;4.063526e-02;2.037779e-01;1.009951e-01;8.524755e-02;8.173959e-02;8.477333e-02;8.884329e-02
2.440911e-02;4.914745e-02;1.161308e-01;5.049150e-02;7.297215e-02;5.544243e-02;1.896671e-01;1.209356e-01;9.560471e-02;7.297210e-02;8.352540e-02;6.870163e-02
4.016180e-02;6.816066e-02;1.041374e-01;4.819667e-02;6.441005e-02;5.468174e-02;2.161397e-01;1.133338e-01;9.772786e-02;5.961652e-02;7.373077e-02;5.970318e-02
4.245869e-02;8.335584e-02;9.152064e-02;5.249187e-02;4.229768e-02;4.751109e-02;2.660840e-01;7.553256e-02;9.998015e-02;5.409396e-02;7.174900e-02;7.292458e-02
5.596638e-02;9.438715e-02;5.903006e-02;7.598773e-02;3.096406e-02;4.764546e-02;2.830110e-01;5.132482e-02;9.010325e-02;5.261823e-02;7.499503e-02;8.396683e-02
7.686032e-02;9.037130e-02;1.281626e-01;7.400423e-02;7.606627e-02;5.970457e-02;1.782198e-01;4.102926e-02;7.505252e-02;5.959396e-02;7.022116e-02;7.071397e-02
6.278768e-02;6.333958e-02;1.209524e-01;4.858070e-02;9.978959e-02;1.261709e-01;1.475886e-01;6.692092e-02;7.251677e-02;9.419949e-02;5.535207e-02;4.180137e-02
4.246841e-02;5.228963e-02;5.448407e-02;6.773689e-02;7.052144e-02;1.539485e-01;1.659181e-01;1.017350e-01;8.876409e-02;1.180668e-01;4.200450e-02;4.206243e-02
3.172517e-02;5.094346e-02;2.125923e-02;7.270943e-02;3.238256e-02;1.313288e-01;1.715514e-01;1.229597e-01;1.275019e-01;1.519440e-01;3.777081e-02;4.792355e-02
2.701807e-02;5.424971e-02;2.336131e-02;7.460016e-02;1.610469e-02;8.678084e-02;1.833742e-01;9.979740e-02;1.540679e-01;1.846703e-01;3.272960e-02;6.324581e-02
2.331573e-02;6.617383e-02;2.665452e-02;8.790114e-02;1.883579e-02;6.625000e-02;1.837265e-01;5.154241e-02;1.432362e-01;2.133650e-01;3.340580e-02;8.559310e-02
3.634048e-02;6.056812e-02;3.428987e-02;7.717666e-02;1.885474e-02;8.302373e-02;1.475011e-01;3.697241e-02;1.968911e-01;2.053376e-01;2.841675e-02;7.462746e-02
5.211391e-02;4.295485e-02;3.828632e-02;5.809820e-02;2.591746e-02;1.004961e-01;1.059589e-01;5.536382e-02;2.882561e-01;1.723605e-01;2.524975e-02;3.494408e-02
6.365852e-02;2.752629e-02;4.666879e-02;4.358062e-02;2.142732e-02;1.037357e-01;9.484359e-02;6.231777e-02;3.441595e-01;1.491085e-01;2.159684e-02;2.137650e-02
7.417182e-02;1.699429e-02;5.210390e-02;3.159723e-02;2.182040e-02;9.852400e-02;8.912404e-02;7.077904e-02;3.503512e-01;1.358522e-01;3.040837e-02;2.827357e-02
7.891455e-02;1.964796e-02;5.308021e-02;3.369176e-02;2.667668e-02;9.011120e-02;9.778357e-02;8.161253e-02;3.050418e-01;1.480661e-01;3.190038e-02;3.347325e-02
6.610439e-02;3.503433e-02;4.119340e-02;4.863780e-02;2.748141e-02;8.039685e-02;1.181421e-01;6.636387e-02;2.215856e-01;1.865518e-01;4.483926e-02;6.366919e-02
4.973184e-02;6.398857e-02;2.841803e-02;6.592678e-02;1.843297e-02;6.011488e-02;1.607700e-01;4.796626e-02;1.220468e-01;2.059698e-01;5.343985e-02;1.231943e-01
3.026442e-02;8.873297e-02;3.726602e-02;6.058425e-02;2.492425e-02;2.822949e-02;2.028746e-01;3.844461e-02;8.941220e-02;1.511141e-01;5.531620e-02;1.928368e-01
2.887894e-02;6.315802e-02;5.534365e-02;4.212462e-02;4.131470e-02;2.676757e-02;1.890080e-01;7.888822e-02;9.122637e-02;1.087258e-01;6.469933e-02;2.098649e-01
4.195806e-02;2.637117e-02;6.846964e-02;2.805725e-02;6.365613e-02;3.817395e-02;1.524475e-01;1.099611e-01;1.478855e-01;7.053179e-02;7.381815e-02;1.786698e-01
3.739107e-02;3.604213e-02;8.889699e-02;2.737243e-02;7.343801e-02;4.170496e-02;1.362764e-01;1.089379e-01;1.985251e-01;3.076421e-02;9.794807e-02;1.227027e-01
4.078577e-02;3.632489e-02;1.030777e-01;2.605454e-02;7.074086e-02;3.778917e-02;1.421079e-01;9.158740e-02;2.307454e-01;3.395792e-02;1.178614e-01;6.896704e-02
6.742522e-02;2.246879e-02;1.098311e-01;1.412800e-02;5.903817e-02;5.097152e-02;1.260050e-01;6.824373e-02;2.255554e-01;5.357874e-02;1.507211e-01;5.203320e-02
8.460388e-02;1.175343e-02;1.261322e-01;1.772484e-02;4.977214e-02;5.962035e-02;1.232649e-01;3.910778e-02;2.174954e-01;5.074124e-02;1.706150e-01;4.916880e-02
9.373130e-02;1.773482e-02;1.385389e-01;1.686881e-02;4.435672e-02;6.672133e-02;1.281279e-01;2.691829e-02;2.313224e-01;3.861097e-02;1.727203e-01;2.434831e-02
7.912296e-02;1.776055e-02;1.474840e-01;2.165295e-02;4.895423e-02;5.556172e-02;1.091971e-01;2.971142e-02;2.552403e-01;4.477018e-02;1.725475e-01;1.799712e-02
6.437418e-02;2.418019e-02;1.393647e-01;2.374017e-02;5.148457e-02;5.347009e-02;1.039776e-01;4.039881e-02;2.598009e-01;4.042495e-02;1.729756e-01;2.580827e-02
6.200476e-02;2.357173e-02;1.332007e-01;2.206561e-02;4.851873e-02;6.338359e-02;9.727127e-02;3.295214e-02;2.528270e-01;4.468337e-02;1.829836e-01;3.653741e-02
4.647095e-02;2.354504e-02;1.219914e-01;2.244627e-02;4.815416e-02;6.434227e-02;9.188012e-02;3.164632e-02;2.686082e-01;5.501916e-02;1.996662e-01;2.623004e-02
2.043262e-02;3.348459e-02;1.036910e-01;2.125694e-02;4.712510e-02;5.741842e-02;1.083417e-01;6.734338e-02;2.763494e-01;3.655203e-02;1.926812e-01;3.532359e-02
5.155164e-02;4.241354e-02;8.839479e-02;2.455987e-02;3.510923e-02;5.235801e-02;1.286693e-01;9.739807e-02;2.177690e-01;4.677559e-02;1.472552e-01;6.774572e-02
6.226532e-02;4.307541e-02;1.076795e-01;2.154420e-02;4.347811e-02;7.811858e-02;1.606776e-01;1.107693e-01;1.872015e-01;3.390969e-02;7.430419e-02;7.697666e-02
4.633524e-02;4.886968e-02;1.565201e-01;5.412905e-02;8.164347e-02;9.832390e-02;1.302479e-01;8.996323e-02;1.431914e-01;2.812250e-02;5.589566e-02;6.675790e-02
4.461436e-02;5.534961e-02;1.750100e-01;7.050809e-02;9.828049e-02;9.693395e-02;1.119463e-01;7.479701e-02;1.097959e-01;3.652101e-02;7.685415e-02;4.938919e-02
6.788102e-02;7.809031e-02;1.638808e-01;6.387651e-02;9.782242e-02;7.716214e-02;1.153072e-01;6.436243e-02;1.089312e-01;4.324871e-02;8.495831e-02;3.447900e-02
7.393952e-02;1.201100e-01;1.556513e-01;4.722729e-02;5.084092e-02;6.056806e-02;1.010567e-01;1.060179e-01;1.122236e-01;5.876364e-02;5.866535e-02;5.493570e-02
9.244668e-02;9.954973e-02;2.009214e-01;4.834173e-02;4.253796e-02;5.559370e-02;1.235782e-01;1.057420e-01;8.382118e-02;5.185487e-02;4.991859e-02;4.569389e-02
1.025519e-01;3.513174e-02;2.070556e-01;5.812364e-02;5.990672e-02;5.642198e-02;1.509423e-01;1.032956e-01;6.987636e-02;4.994775e-02;5.026091e-02;5.648545e-02
1.247254e-01;7.682180e-02;1.845332e-01;5.559576e-02;6.227165e-02;5.485866e-02;1.073313e-01;8.595343e-02;8.999779e-02;5.858942e-02;5.257224e-02;4.674928e-02
1.614494e-01;9.362999e-02;1.867859e-01;5.399650e-02;5.905233e-02;4.754901e-02;8.524422e-02;6.909073e-02;1.001485e-01;4.886731e-02;5.290627e-02;4.127976e-02
1.723490e-01;4.715842e-02;1.927188e-01;4.706976e-02;7.483454e-02;5.369245e-02;1.232860e-01;7.385347e-02;8.700860e-02;3.462697e-02;4.237624e-02;5.102574e-02
1.217850e-01;9.334483e-02;1.444434e-01;4.386490e-02;9.195190e-02;6.171887e-02;1.249489e-01;8.455474e-02;8.264586e-02;5.672444e-02;5.527319e-02;3.874400e-02
6.819847e-02;7.471322e-02;1.258474e-01;4.286869e-02;1.169895e-01;7.809990e-02;1.869154e-01;6.981218e-02;6.960236e-02;6.060962e-02;7.063526e-02;3.570796e-02
3.540401e-02;4.057831e-02;1.825062e-01;3.135552e-02;1.487693e-01;9.900647e-02;2.193574e-01;4.395732e-02;4.993817e-02;5.576741e-02;6.099661e-02;3.236333e-02
4.947282e-02;3.651292e-02;2.029866e-01;3.891801e-02;1.695216e-01;1.278902e-01;1.485506e-01;2.390642e-02;4.610601e-02;6.333926e-02;6.402023e-02;2.877536e-02
6.213661e-02;4.516113e-02;1.727467e-01;5.092765e-02;1.605154e-01;1.144734e-01;1.592702e-01;2.973525e-02;5.590136e-02;7.298251e-02;5.764842e-02;1.850134e-02
6.580593e-02;4.959779e-02;2.741997e-01;6.204529e-02;1.326141e-01;5.704646e-02;1.063829e-01;4.819443e-02;6.396455e-02;6.992013e-02;4.635279e-02;2.387595e-02
4.939918e-02;3.384047e-02;3.404081e-01;5.026315e-02;9.003168e-02;2.691700e-02;1.833071e-01;6.697772e-02;5.383214e-02;4.894880e-02;3.489539e-02;2.117921e-02
3.089413e-02;3.679128e-02;2.468698e-01;3.749146e-02;7.696375e-02;5.685782e-02;2.691840e-01;7.906226e-02;5.472301e-02;4.960568e-02;3.968765e-02;2.186912e-02
3.592067e-02;4.352484e-02;1.438422e-01;3.438314e-02;6.388040e-02;5.710945e-02;2.782370e-01;9.705835e-02;9.475768e-02;6.958719e-02;5.117615e-02;3.052300e-02
3.802617e-02;3.970451e-02;8.255604e-02;3.012094e-02;8.050521e-02;7.228471e-02;1.898959e-01;1.191647e-01;1.608755e-01;9.711185e-02;6.491207e-02;2.484241e-02
5.212670e-02;3.018872e-02;1.606700e-01;3.041984e-02;8.523898e-02;6.866127e-02;1.285925e-01;7.073350e-02;1.554997e-01;1.168336e-01;6.982524e-02;3.120993e-02
6.237001e-02;2.363731e-02;1.662509e-01;2.573194e-02;6.208814e-02;4.435273e-02;1.680094e-01;9.323259e-02;1.200779e-01;1.394230e-01;5.293659e-02;4.188941e-02
7.861252e-02;2.874574e-02;1.391955e-01;2.058151e-02;5.849529e-02;4.809364e-02;2.009123e-01;9.217101e-02;9.801287e-02;1.375951e-01;4.918289e-02;4.840162e-02
1.081937e-01;4.641161e-02;5.544080e-02;1.588453e-02;5.094969e-02;4.576836e-02;1.684948e-01;6.191364e-02;1.685936e-01;1.067246e-01;1.024156e-01;6.920911e-02
9.151760e-02;4.664164e-02;8.528528e-02;2.423680e-02;3.698093e-02;3.240668e-02;1.156602e-01;6.872975e-02;1.906220e-01;1.165887e-01;1.114986e-01;7.983190e-02
9.275039e-02;4.375284e-02;1.015863e-01;3.057829e-02;4.889110e-02;3.473820e-02;1.221960e-01;7.881023e-02;1.640277e-01;1.026309e-01;7.448058e-02;1.055575e-01
8.879097e-02;5.033191e-02;8.273233e-02;3.627972e-02;6.253350e-02;5.177426e-02;2.205047e-01;8.420267e-02;1.019167e-01;6.860429e-02;7.662137e-02;7.570754e-02
