5.070765e-02;6.173959e-02;1.599092e-01;7.444574e-02;9.794946e-02;8.049480e-02;1.598527e-01;6.360918e-02;7.586592e-02;5.757070e-02;3.585255e-02;8.200261e-02
7.177230e-02;6.110017e-02;1.933824e-01;6.010985e-02;1.040332e-01;8.140700e-02;2.524689e-01;3.128215e-02;2.854024e-02;4.849957e-02;2.974807e-02;3.765612e-02
9.336485e-02;5.515478e-02;2.310186e-01;5.729588e-02;1.248616e-01;7.549262e-02;2.103940e-01;1.941706e-02;3.431083e-02;3.597016e-02;3.352575e-02;2.919385e-02
8.512234e-02;4.426109e-02;2.746890e-01;5.213534e-02;1.295036e-01;7.093059e-02;1.739797e-01;3.097612e-02;3.235898e-02;3.310064e-02;3.584073e-02;3.710194e-02
7.691966e-02;2.489935e-02;3.222293e-01;5.590592e-02;1.157579e-01;6.622034e-02;1.339641e-01;3.862722e-02;3.627468e-02;5.147830e-02;4.452688e-02;3.319640e-02
4.839862e-02;5.007132e-02;4.048443e-01;4.918902e-02;7.472716e-02;4.274426e-02;1.194427e-01;3.403516e-02;3.898817e-02;8.557139e-02;3.510440e-02;1.688347e-02
1.835095e-02;4.974663e-02;5.093775e-01;4.291037e-02;5.516309e-02;1.816211e-02;8.289707e-02;2.039324e-02;5.240347e-02;1.163309e-01;2.287876e-02;1.138592e-02
1.993080e-02;4.527983e-02;5.693975e-01;3.454440e-02;7.375788e-02;1.444153e-02;5.095391e-02;1.184030e-02;4.287680e-02;1.167429e-01;1.145774e-02;8.776417e-03
1.472224e-02;2.903911e-02;6.186540e-01;3.667325e-02;8.448146e-02;9.486428e-03;4.455800e-02;6.365410e-03;2.600278e-02;1.112042e-01;1.263882e-02;6.174368e-03
1.894090e-02;1.770091e-02;6.522918e-01;4.074811e-02;8.339439e-02;5.406874e-03;3.997661e-02;4.223196e-03;1.417908e-02;1.048322e-01;1.216001e-02;6.145969e-03
2.430634e-02;9.958820e-03;6.063901e-01;4.447490e-02;9.502672e-02;2.420526e-02;4.765778e-02;1.441630e-02;1.716228e-02;9.374647e-02;9.900016e-03;1.275509e-02
3.129791e-02;1.907921e-02;4.914553e-01;7.981328e-02;9.941459e-02;4.383096e-02;6.736736e-02;1.996310e-02;3.340391e-02;8.359321e-02;1.607720e-02;1.470397e-02
2.999362e-02;2.244361e-02;4.679999e-01;1.031618e-01;8.356170e-02;3.623628e-02;4.529751e-02;1.327297e-02;6.326230e-02;1.117256e-01;1.363897e-02;9.405699e-03
1.388130e-02;7.682405e-02;3.947410e-01;7.057536e-02;4.999804e-02;2.132818e-02;1.725526e-02;1.061112e-02;1.673409e-01;1.550994e-01;1.309382e-02;9.251592e-03
5.976330e-02;1.199987e-01;2.233640e-01;3.143530e-02;1.798168e-02;2.025035e-02;1.248375e-02;3.266986e-02;3.133093e-01;1.462054e-01;1.044515e-02;1.209317e-02
1.386428e-01;1.169767e-01;1.333197e-01;1.809289e-02;1.804405e-02;1.678618e-02;2.706935e-02;8.518907e-02;3.157773e-01;9.250542e-02;1.838855e-02;1.920800e-02
2.157536e-01;7.702262e-02;1.287408e-01;2.772926e-02;2.934727e-02;1.527767e-02;5.821753e-02;1.333611e-01;1.339629e-01;9.407544e-02;3.332881e-02;5.318301e-02
1.751126e-01;4.722620e-02;1.210070e-01;4.598859e-02;3.739947e-02;3.248019e-02;6.404340e-02;8.950414e-02;1.240014e-01;1.126723e-01;6.878490e-02;8.177978e-02
1.182674e-01;4.925271e-02;1.358982e-01;4.777629e-02;4.451209e-02;5.291427e-02;5.851783e-02;3.975965e-02;1.478620e-01;9.971964e-02;1.498225e-01;5.569743e-02
8.989210e-02;5.400147e-02;8.297834e-02;4.252164e-02;7.222389e-02;6.449782e-02;4.249157e-02;7.383904e-02;9.056788e-02;1.362743e-01;1.917285e-01;5.898349e-02
8.077899e-02;4.892989e-02;6.283518e-02;4.592698e-02;8.774596e-02;6.692947e-02;5.530943e-02;6.523655e-02;1.022918e-01;1.830962e-01;1.390787e-01;6.184084e-02
9.805332e-02;4.025433e-02;9.613336e-02;9.426095e-02;7.059772e-02;5.293498e-02;8.307495e-02;5.915826e-02;1.488431e-01;1.355496e-01;8.602328e-02;3.511619e-02
7.739222e-02;4.205605e-02;1.328919e-01;9.630850e-02;8.414506e-02;5.897785e-02;1.035444e-01;7.022916e-02;1.517671e-01;7.640582e-02;6.240811e-02;4.387375e-02
5.854813e-02;5.128904e-02;1.820423e-01;5.642565e-02;6.130956e-02;6.452053e-02;1.269645e-01;1.118089e-01;1.146340e-01;8.176997e-02;4.111412e-02;4.957332e-02
6.081902e-02;5.798261e-02;1.804575e-01;5.289793e-02;4.312089e-02;4.335404e-02;1.893976e-01;1.209967e-01;7.974186e-02;7.966305e-02;3.719546e-02;5.437334e-02
4.844638e-02;5.812590e-02;1.951114e-01;6.115956e-02;3.623409e-02;2.153949e-02;2.475493e-01;1.167615e-01;4.827307e-02;5.673741e-02;4.409119e-02;6.597069e-02
5.474952e-02;7.363664e-02;2.007346e-01;1.067149e-01;4.562490e-02;1.048277e-02;2.852503e-01;9.289846e-02;2.646392e-02;2.896340e-02;3.239777e-02;4.208278e-02
3.286233e-02;8.141509e-02;1.598758e-01;1.581444e-01;7.569559e-02;1.860283e-02;3.181465e-01;6.706358e-02;2.424674e-02;2.459358e-02;2.464223e-02;1.471136e-02
3.728752e-02;1.044222e-01;8.904313e-02;1.283439e-01;1.044729e-01;2.912231e-02;3.454990e-01;5.589521e-02;4.390639e-02;2.488451e-02;3.354926e-02;3.573729e-03
4.089107e-02;1.399112e-01;9.625385e-02;5.633635e-02;8.979898e-02;3.718231e-02;3.520592e-01;5.520537e-02;6.140420e-02;3.100239e-02;3.561643e-02;4.338657e-03
7.613317e-02;1.385887e-01;1.074867e-01;2.264004e-02;6.073618e-02;4.319967e-02;3.407461e-01;5.045355e-02;7.619142e-02;3.392005e-02;2.972939e-02;2.017507e-02
1.174401e-01;9.708291e-02;8.951470e-02;1.843620e-02;5.265243e-02;5.284839e-02;3.519500e-01;4.452822e-02;6.931470e-02;3.422089e-02;2.477150e-02;4.723997e-02
1.320327e-01;5.313156e-02;6.041520e-02;3.191610e-02;6.294107e-02;6.669007e-02;4.022195e-01;3.773909e-02;3.670964e-02;2.987897e-02;2.439588e-02;6.193027e-02
1.263273e-01;3.993318e-02;5.656553e-02;3.601432e-02;8.076884e-02;6.834688e-02;4.176749e-01;3.368005e-02;4.278371e-02;2.970985e-02;1.428364e-02;5.391172e-02
1.174273e-01;5.259679e-02;8.657011e-02;3.884246e-02;9.339959e-02;6.007349e-02;3.527394e-01;3.832946e-02;6.045586e-02;3.889541e-02;2.222397e-02;3.844609e-02
9.564207e-02;6.152214e-02;1.006087e-01;4.138118e-02;8.582340e-02;5.831829e-02;2.549275e-01;6.675236e-02;8.066391e-02;6.293559e-02;4.750161e-02;4.392328e-02
7.837556e-02;7.490853e-02;9.480408e-02;4.957533e-02;7.865919e-02;8.154026e-02;2.156617e-01;6.978960e-02;8.001156e-02;6.099658e-02;5.903979e-02;5.663778e-02
9.590809e-02;7.312074e-02;7.670696e-02;5.517564e-02;7.476164e-02;7.664231e-02;2.354971e-01;5.241460e-02;8.395598e-02;6.461983e-02;5.955771e-02;5.163943e-02
1.104256e-01;5.358304e-02;8.441072e-02;3.929966e-02;6.403583e-02;1.038996e-01;2.342044e-01;5.672244e-02;8.137185e-02;9.367997e-02;3.075642e-02;4.761047e-02
1.031787e-01;3.230862e-02;8.409968e-02;3.519490e-02;4.583233e-02;1.011296e-01;2.099966e-01;6.370448e-02;1.166508e-01;1.021552e-01;3.516654e-02;7.058246e-02
8.494347e-02;3.056462e-02;8.283278e-02;4.097925e-02;4.742247e-02;8.745571e-02;2.044295e-01;6.346763e-02;1.461125e-01;7.481147e-02;5.119874e-02;8.578192e-02
9.909429e-02;6.308683e-02;1.122703e-01;4.936100e-02;6.222158e-02;6.912109e-02;2.100047e-01;4.598323e-02;7.415577e-02;7.982337e-02;5.051655e-02;8.436127e-02
8.148210e-02;5.610309e-02;1.402075e-01;3.830348e-02;7.182246e-02;4.443121e-02;2.246645e-01;5.127050e-02;4.908509e-02;1.227128e-01;7.371922e-02;4.619814e-02
6.635846e-02;5.325491e-02;1.397548e-01;2.465302e-02;6.764373e-02;5.002347e-02;2.857276e-01;5.872577e-02;4.445388e-02;1.014007e-01;7.397606e-02;3.402755e-02
6.220543e-02;6.580756e-02;1.886134e-01;1.614433e-02;4.926600e-02;3.229966e-02;3.309044e-01;7.732287e-02;3.401562e-02;6.899858e-02;4.548939e-02;2.893271e-02
3.812240e-02;5.489700e-02;2.121439e-01;1.667695e-02;3.632255e-02;1.298993e-02;3.487738e-01;1.028408e-01;3.941210e-02;7.940871e-02;3.227771e-02;2.613419e-02
4.657861e-02;8.769163e-02;2.038835e-01;2.950438e-02;3.030892e-02;2.586048e-02;2.332844e-01;1.152174e-01;6.849057e-02;8.379292e-02;3.754640e-02;3.784092e-02
6.606738e-02;1.014888e-01;1.829779e-01;5.483817e-02;3.633518e-02;4.080549e-02;5.995631e-02;1.000034e-01;1.334803e-01;1.012451e-01;5.941025e-02;6.339160e-02
5.638999e-02;1.022224e-01;1.501607e-01;4.948338e-02;4.973474e-02;4.064057e-02;8.383869e-02;6.564538e-02;1.550812e-01;1.200617e-01;7.199622e-02;5.474509e-02
4.996362e-02;9.511739e-02;1.126685e-01;5.727121e-02;6.069634e-02;4.444698e-02;8.773371e-02;6.410036e-02;1.513652e-01;1.359018e-01;9.644914e-02;4.428578e-02
8.368453e-02;6.594919e-02;1.215784e-01;7.609913e-02;4.052418e-02;7.916450e-02;5.747482e-02;5.970940e-02;9.130055e-02;1.215344e-01;1.487641e-01;5.421668e-02
1.629175e-01;6.149319e-02;1.535430e-01;3.891686e-02;2.950284e-02;7.672431e-02;3.553218e-02;3.764044e-02;5.749160e-02;1.024528e-01;1.573799e-01;8.640541e-02
2.132892e-01;7.079890e-02;1.250174e-01;1.620544e-02;2.803978e-02;5.677026e-02;6.482857e-02;3.927188e-02;5.933041e-02;1.008359e-01;1.195907e-01;1.060216e-01
2.558395e-01;4.111190e-02;1.344395e-01;3.696303e-02;2.982784e-02;4.872216e-02;5.856530e-02;3.857053e-02;5.739624e-02;9.597160e-02;1.038312e-01;9.876114e-02
2.166197e-01;4.374383e-02;1.043971e-01;3.460802e-02;3.241466e-02;5.019818e-02;5.834115e-02;2.771193e-02;7.364561e-02;5.293603e-02;1.818717e-01;1.235120e-01
1.828109e-01;3.275628e-02;1.080300e-01;2.199612e-02;3.222853e-02;3.973936e-02;5.818035e-02;4.310257e-02;7.444522e-02;7.660471e-02;1.974854e-01;1.326206e-01
1.514988e-01;2.651446e-02;9.994768e-02;2.368217e-02;2.929513e-02;3.438626e-02;5.447629e-02;4.324302e-02;7.186110e-02;1.324306e-01;2.079151e-01;1.247494e-01
1.622170e-01;3.887171e-02;6.570388e-02;4.264430e-02;2.656600e-02;4.832232e-02;7.468218e-02;3.567393e-02;5.286520e-02;1.698267e-01;1.968818e-01;8.574500e-02
1.392874e-01;3.737797e-02;8.922232e-02;5.997610e-02;3.402950e-02;5.804695e-02;7.607970e-02;3.736296e-02;5.477513e-02;1.955951e-01;1.749468e-01;4.329995e-02
1.028491e-01;5.766968e-02;9.177239e-02;5.510995e-02;3.680538e-02;5.949842e-02;8.600778e-02;5.537375e-02;5.838543e-02;1.708439e-01;1.646316e-01;6.105266e-02
1.891217e-01;5.896547e-02;1.142717e-01;5.214580e-02;3.495616e-02;5.262810e-02;4.937251e-02;5.731628e-02;5.075181e-02;1.246148e-01;1.040294e-01;1.118264e-01
1.499824e-01;9.463178e-02;1.538380e-01;5.066782e-02;6.500545e-02;5.598247e-02;9.054828e-02;6.540129e-02;6.491213e-02;5.609819e-02;5.097567e-02;1.019565e-01
7.914430e-02;9.563356e-02;1.397568e-01;6.630861e-02;6.796582e-02;7.551138e-02;1.028585e-01;8.880746e-02;7.822771e-02;5.957466e-02;6.268933e-02;8.352185e-02
9.475919e-02;1.074685e-01;1.614869e-01;4.563517e-02;4.580226e-02;5.552570e-02;1.050326e-01;6.667682e-02;7.833826e-02;6.842140e-02;8.246525e-02;8.838797e-02
1.336463e-01;9.624262e-02;1.525995e-01;2.558017e-02;3.777906e-02;4.439540e-02;8.357349e-02;4.666997e-02;5.533200e-02;9.664365e-02;1.256747e-01;1.018631e-01
1.261903e-01;8.867777e-02;1.034771e-01;2.239853e-02;4.435517e-02;4.481102e-02;6.427512e-02;4.028893e-02;3.783720e-02;1.540698e-01;1.827992e-01;9.081984e-02
7.084238e-02;1.014107e-01;4.219217e-02;1.567027e-02;6.402516e-02;4.680074e-02;3.389962e-02;4.251873e-02;2.539497e-02;2.743714e-01;2.265950e-01;5.627880e-02
2.281799e-02;1.277350e-01;1.343074e-02;1.366545e-02;9.192566e-02;4.440276e-02;1.479957e-02;5.396809e-02;2.794693e-02;3.773221e-01;1.889177e-01;2.306796e-02
2.120699e-02;1.432567e-01;9.316630e-03;1.821330e-02;1.025449e-01;4.695190e-02;1.266662e-02;6.179715e-02;3.033291e-02;3.776653e-01;1.522333e-01;2.381433e-02
2.188121e-02;1.462286e-01;2.615476e-02;1.707993e-02;9.947944e-02;5.808634e-02;1.238104e-02;6.904917e-02;2.867169e-02;3.398824e-01;1.596364e-01;2.146903e-02
2.360506e-02;1.086157e-01;9.088925e-02;2.102580e-02;7.936540e-02;8.553916e-02;2.783490e-02;6.203029e-02;1.829010e-02;2.481380e-01;2.095467e-01;2.511969e-02
1.875952e-02;4.541875e-02;2.183709e-01;4.663099e-02;5.090287e-02;1.258419e-01;4.030619e-02;3.578025e-02;1.933002e-02;1.448660e-01;2.270069e-01;2.678567e-02
1.514063e-02;1.488447e-02;2.534210e-01;8.022829e-02;3.975251e-02;1.461674e-01;6.958218e-02;1.837962e-02;3.097592e-02;8.272190e-02;2.084574e-01;4.028862e-02
3.965484e-02;1.598186e-02;1.584245e-01;6.352359e-02;3.912115e-02;1.178484e-01;1.689828e-01;5.974863e-02;4.167125e-02;5.679893e-02;1.570191e-01;8.122498e-02
6.697483e-02;2.176604e-02;8.151761e-02;2.522127e-02;2.322604e-02;6.133998e-02;2.639802e-01;1.134956e-01;3.086205e-02;6.949198e-02;1.047309e-01;1.373935e-01
1.039623e-01;3.045571e-02;7.414752e-02;4.916177e-02;1.116603e-02;3.213503e-02;2.406644e-01;9.251347e-02;2.199508e-02;1.005537e-01;7.170180e-02;1.715431e-01
2.088031e-01;3.704941e-02;7.669338e-02;5.518590e-02;1.431247e-02;2.534098e-02;1.522507e-01;5.871828e-02;2.643664e-02;9.872770e-02;8.121748e-02;1.652640e-01
3.499506e-01;7.158074e-02;9.482434e-02;5.373577e-02;2.139832e-02;2.716429e-02;7.923193e-02;6.179096e-02;3.060853e-02;4.729423e-02;5.790635e-02;1.045140e-01
3.930750e-01;1.139652e-01;1.068329e-01;6.682342e-02;2.029937e-02;2.647030e-02;7.730494e-02;4.499182e-02;3.855469e-02;2.560755e-02;3.364655e-02;5.242820e-02
3.210902e-01;1.338648e-01;1.307309e-01;5.415625e-02;1.575054e-02;4.815398e-02;6.855699e-02;3.458594e-02;8.078389e-02;3.697192e-02;2.789577e-02;4.745876e-02
1.518291e-01;1.362967e-01;2.110119e-01;4.599639e-02;1.019469e-02;6.833718e-02;6.075288e-02;3.881416e-02;1.341799e-01;4.328572e-02;3.730141e-02;6.199995e-02
7.915256e-02;1.052156e-01;2.736283e-01;4.797200e-02;8.950439e-03;4.915073e-02;9.330481e-02;3.445934e-02;1.218209e-01;8.875598e-02;4.445248e-02;5.313677e-02
1.166544e-01;5.566327e-02;3.003917e-01;3.092051e-02;1.798927e-02;2.997192e-02;1.212952e-01;5.695915e-02;7.270053e-02;1.132186e-01;4.371709e-02;4.051853e-02
1.107323e-01;2.965826e-02;2.765737e-01;4.854361e-02;4.538999e-02;4.763857e-02;1.168875e-01;8.820365e-02;6.295700e-02;9.477993e-02;4.452383e-02;3.411165e-02
1.286006e-01;2.609587e-02;1.979604e-01;7.661412e-02;8.985156e-02;5.833082e-02;1.225643e-01;6.254432e-02;9.120850e-02;4.387197e-02;4.201835e-02;6.033919e-02
1.165053e-01;2.513186e-02;1.519274e-01;6.218980e-02;1.467205e-01;7.525569e-02;1.177435e-01;6.659934e-02;6.895377e-02;4.480310e-02;5.413150e-02;7.003816e-02
8.577817e-02;3.455011e-02;1.696980e-01;7.177846e-02;1.430178e-01;7.446992e-02;7.257376e-02;8.963246e-02;7.172100e-02;5.500411e-02;6.312553e-02;6.865068e-02
9.888329e-02;5.201603e-02;2.157677e-01;9.029067e-02;7.772054e-02;4.069263e-02;7.948493e-02;6.583208e-02;1.104668e-01;4.949078e-02;6.145376e-02;5.790074e-02
1.269351e-01;7.502869e-02;1.604356e-01;9.691783e-02;5.873638e-02;3.910359e-02;9.794377e-02;5.067809e-02;1.172765e-01;5.588282e-02;5.829404e-02;6.276752e-02
1.177091e-01;1.258510e-01;1.371003e-01;6.915165e-02;8.483585e-02;6.156356e-02;9.047522e-02;6.022577e-02;8.775880e-02;4.933336e-02;6.259240e-02;5.340308e-02
8.451463e-02;1.728706e-01;1.262684e-01;7.295201e-02;1.112723e-01;8.006649e-02;7.942613e-02;5.105622e-02;5.182912e-02;6.916408e-02;6.883082e-02;3.174922e-02
6.105835e-02;1.119381e-01;1.397927e-01;1.023230e-01;1.097737e-01;7.746370e-02;6.438599e-02;5.801035e-02;8.468244e-02;8.642634e-02;6.428213e-02;3.986318e-02
8.715901e-02;8.007241e-02;1.326420e-01;8.548125e-02;1.056857e-01;7.507202e-02;8.388594e-02;6.163091e-02;1.198407e-01;7.855178e-02;3.458772e-02;5.539057e-02
1.440520e-01;8.833002e-02;9.051451e-02;7.051807e-02;1.097684e-01;6.659462e-02;1.165787e-01;6.260118e-02;1.016286e-01;6.924326e-02;3.111297e-02;4.905761e-02
1.695423e-01;9.249183e-02;1.040949e-01;7.305990e-02;1.110240e-01;6.714378e-02;8.921220e-02;5.096725e-02;8.598363e-02;8.147603e-02;2.909762e-02;4.590660e-02
1.596743e-01;5.018570e-02;1.779170e-01;8.139423e-02;7.413337e-02;7.133264e-02;7.152583e-02;5.579450e-02;8.681748e-02;8.556182e-02;3.239556e-02;5.326767e-02
1.339334e-01;3.456097e-02;2.285676e-01;8.003443e-02;5.924543e-02;9.096666e-02;5.577197e-02;6.918272e-02;9.452420e-02;7.398769e-02;3.330072e-02;4.592413e-02
1.507893e-01;5.120740e-02;2.175729e-01;7.189601e-02;7.351187e-02;1.028404e-01;4.823513e-02;7.685199e-02;9.821360e-02;5.607498e-02;2.567679e-02;2.712960e-02
1.079983e-01;9.618746e-02;1.728976e-01;5.637501e-02;9.051465e-02;1.078732e-01;8.361210e-02;7.846946e-02;7.105032e-02;6.083184e-02;4.238978e-02;3.180029e-02
1.382650e-01;1.237231e-01;1.570074e-01;4.524295e-02;1.276365e-01;8.009574e-02;7.624904e-02;5.603200e-02;4.909425e-02;7.719775e-02;3.211405e-02;3.734215e-02
9.560913e-02;1.325469e-01;1.560321e-01;4.707510e-02;9.375136e-02;7.832308e-02;1.155397e-01;6.705116e-02;6.022966e-02;8.045445e-02;3.526484e-02;3.812258e-02
7.850602e-02;1.430979e-01;1.476821e-01;4.738195e-02;4.918323e-02;8.742407e-02;1.559515e-01;8.186860e-02;5.965555e-02;6.561533e-02;4.041266e-02;4.322102e-02
1.232855e-01;1.622783e-01;1.069756e-01;5.677998e-02;5.924617e-02;7.643615e-02;1.403342e-01;9.374951e-02;6.061354e-02;4.050487e-02;3.588617e-02;4.390995e-02
1.250089e-01;1.599269e-01;7.093029e-02;7.937146e-02;8.562373e-02;6.075839e-02;9.519656e-02;1.114720e-01;8.196469e-02;4.077977e-02;4.468045e-02;4.428686e-02
8.037160e-02;8.608882e-02;1.394793e-01;9.391421e-02;6.532270e-02;6.151523e-02;1.249243e-01;6.439692e-02;8.748763e-02;8.821253e-02;5.247091e-02;5.581588e-02
4.132967e-02;6.215830e-02;2.603276e-01;9.732355e-02;9.108833e-02;5.676109e-02;1.388564e-01;5.111737e-02;4.362158e-02;7.823946e-02;3.942261e-02;3.975413e-02
8.294334e-02;7.438614e-02;3.019816e-01;6.016441e-02;7.649506e-02;5.667872e-02;1.525209e-01;4.705884e-02;4.768718e-02;3.760559e-02;3.183342e-02;3.064482e-02
1.724862e-01;1.010893e-01;2.137079e-01;4.100695e-02;6.228922e-02;5.009642e-02;1.045214e-01;4.029283e-02;4.623234e-02;5.224241e-02;5.191011e-02;6.412488e-02
1.920563e-01;9.349503e-02;1.831807e-01;2.962845e-02;6.672072e-02;5.352975e-02;8.215287e-02;4.385932e-02;5.128383e-02;5.302948e-02;6.362845e-02;8.743508e-02
1.787910e-01;5.573332e-02;1.392397e-01;3.334863e-02;7.189839e-02;6.828262e-02;9.562570e-02;4.685095e-02;5.220971e-02;6.392351e-02;8.499200e-02;1.091045e-01
1.345674e-01;4.258636e-02;1.007542e-01;3.672809e-02;5.780316e-02;1.371335e-01;8.381812e-02;5.107408e-02;3.761161e-02;8.503534e-02;1.352548e-01;9.763335e-02
7.249658e-02;3.081104e-02;7.173489e-02;6.000206e-02;5.292154e-02;2.011276e-01;9.197575e-02;5.566705e-02;1.821954e-02;1.179761e-01;1.712399e-01;5.582798e-02
6.769436e-02;3.467323e-02;4.359777e-02;1.021547e-01;6.227766e-02;1.474755e-01;1.079683e-01;6.570673e-02;3.763637e-02;1.391334e-01;1.583553e-01;3.332656e-02
8.802684e-02;4.596241e-02;7.449057e-02;1.111377e-01;4.255592e-02;7.936247e-02;1.154532e-01;5.424326e-02;8.400018e-02;1.410640e-01;1.299138e-01;3.378962e-02
5.744154e-02;3.989446e-02;1.139893e-01;5.824068e-02;4.327501e-02;7.261549e-02;1.069872e-01;2.615429e-02;1.586823e-01;1.287146e-01;1.342785e-01;5.972654e-02
3.093773e-02;3.286020e-02;1.282525e-01;2.901794e-02;8.022596e-02;5.878268e-02;7.994067e-02;2.028716e-02;2.146698e-01;1.082652e-01;1.342726e-01;8.248761e-02
9.144790e-02;2.948472e-02;8.838677e-02;3.245030e-02;1.044852e-01;5.134787e-02;8.304661e-02;3.976249e-02;1.835618e-01;7.267912e-02;1.059082e-01;1.174390e-01
2.223171e-01;4.602722e-02;4.575091e-02;2.597279e-02;6.178254e-02;7.271260e-02;1.092230e-01;4.317541e-02;8.885101e-02;5.089457e-02;7.879969e-02;1.544932e-01
3.303668e-01;5.801504e-02;4.775086e-02;3.100915e-02;2.311647e-02;7.776370e-02;8.082386e-02;7.489529e-02;4.318959e-02;4.929338e-02;5.065130e-02;1.331246e-01
3.798297e-01;7.754819e-02;7.821742e-02;1.850243e-02;3.061990e-02;5.073946e-02;4.277064e-02;1.250468e-01;4.934066e-02;3.000393e-02;3.265254e-02;8.472828e-02
4.086002e-01;7.578991e-02;1.139257e-01;1.171517e-02;2.859952e-02;2.813838e-02;3.341851e-02;1.387068e-01;3.282656e-02;2.169907e-02;3.323399e-02;7.334620e-02
4.068522e-01;5.193832e-02;1.107368e-01;2.369880e-02;2.293161e-02;3.228917e-02;3.051473e-02;1.052043e-01;2.899975e-02;4.095779e-02;4.530593e-02;1.005706e-01
3.804403e-01;7.348464e-02;9.492852e-02;2.292098e-02;2.031676e-02;2.429742e-02;5.149177e-02;6.478919e-02;4.247402e-02;5.171444e-02;4.844029e-02;1.247016e-01
2.898163e-01;7.417621e-02;1.459948e-01;1.675042e-02;1.669759e-02;2.989499e-02;4.814439e-02;5.399483e-02;7.055891e-02;4.819759e-02;7.160491e-02;1.341691e-01
2.734893e-01;6.554403e-02;1.792478e-01;2.698955e-02;2.463056e-02;4.560466e-02;5.011776e-02;5.782838e-02;6.264915e-02;3.773787e-02;5.648309e-02;1.196779e-01
3.204262e-01;5.722138e-02;1.442438e-01;3.936394e-02;3.789677e-02;3.617168e-02;6.496996e-02;8.654048e-02;2.420612e-02;4.156244e-02;4.795355e-02;9.944368e-02
1.714454e-01;1.391546e-01;1.296961e-01;8.382839e-02;6.974771e-02;6.137551e-02;6.672545e-02;6.893061e-02;2.939825e-02;5.551648e-02;6.091109e-02;6.327031e-02
9.309991e-02;1.846144e-01;1.362030e-01;1.034863e-01;8.641568e-02;5.938151e-02;6.509502e-02;7.064947e-02;2.732830e-02;5.677862e-02;5.892867e-02;5.801903e-02
1.024571e-01;1.563057e-01;1.521415e-01;1.043585e-01;7.928485e-02;4.737410e-02;7.278147e-02;5.620844e-02;2.990257e-02;6.375509e-02;6.842943e-02;6.700134e-02
1.140832e-01;1.221136e-01;1.607121e-01;9.426075e-02;7.079849e-02;3.876165e-02;7.272817e-02;5.494675e-02;5.370919e-02;8.041018e-02;7.635140e-02;6.112441e-02
7.582074e-02;8.095490e-02;2.228168e-01;9.007985e-02;9.621151e-02;3.276419e-02;7.281283e-02;6.248233e-02;7.505594e-02;9.085233e-02;5.251590e-02;4.763274e-02
3.985661e-02;7.128699e-02;2.783583e-01;9.012274e-02;7.307462e-02;3.403519e-02;5.692092e-02;4.355625e-02;1.035731e-01;1.036336e-01;3.021101e-02;7.537071e-02
1.921093e-02;9.995352e-02;2.623048e-01;6.051734e-02;3.540064e-02;5.207731e-02;2.650049e-02;3.762734e-02;1.732139e-01;1.144049e-01;1.533119e-02;1.034577e-01
1.873517e-02;1.030689e-01;1.867827e-01;2.455328e-02;1.157769e-02;8.678374e-02;1.512997e-02;3.290603e-02;2.614157e-01;1.174158e-01;7.218739e-03;1.344123e-01
1.385340e-02;9.150779e-02;1.996635e-01;1.063472e-02;8.859453e-03;7.039431e-02;2.485279e-02;3.904334e-02;2.644964e-01;1.504583e-01;3.687165e-03;1.225489e-01
2.123307e-02;6.109859e-02;2.672629e-01;2.185859e-02;1.961689e-02;2.577972e-02;3.878009e-02;4.555771e-02;1.721653e-01;2.318671e-01;2.253147e-02;7.224848e-02
3.392736e-02;5.237817e-02;2.845398e-01;2.852599e-02;3.119005e-02;1.390940e-02;6.070313e-02;4.180288e-02;1.226308e-01;2.567809e-01;4.949132e-02;2.412024e-02
5.112024e-02;5.955243e-02;3.011628e-01;2.840821e-02;4.124423e-02;1.916196e-02;7.428777e-02;3.017607e-02;1.512630e-01;1.726456e-01;4.835708e-02;2.262062e-02
3.371893e-02;4.301711e-02;5.217198e-01;3.132707e-02;5.834841e-02;1.901307e-02;6.284165e-02;1.618902e-02;8.806218e-02;7.197872e-02;2.537918e-02;2.840490e-02
1.790986e-02;2.591681e-02;6.386004e-01;3.791459e-02;5.086020e-02;1.157235e-02;3.951233e-02;2.139045e-02;3.198288e-02;9.297776e-02;1.024544e-02;2.111690e-02
1.756936e-02;2.489338e-02;6.732299e-01;3.803506e-02;4.296147e-02;1.403216e-02;2.443233e-02;1.577623e-02;2.722326e-02;9.661655e-02;1.508914e-02;1.014110e-02
1.949832e-02;2.664340e-02;7.086133e-01;3.972521e-02;4.488944e-02;1.288990e-02;1.741547e-02;6.066290e-03;1.774142e-02;8.834796e-02;1.270984e-02;5.459439e-03
1.622678e-02;3.609331e-02;7.332225e-01;3.925890e-02;3.987101e-02;1.054325e-02;1.524431e-02;7.686299e-03;1.280617e-02;7.895397e-02;6.195142e-03;3.898258e-03
1.332552e-02;4.303904e-02;6.909180e-01;4.057683e-02;2.742000e-02;1.455428e-02;1.995697e-02;1.909563e-02;4.618979e-02;6.690744e-02;8.187119e-03;9.829356e-03
1.735521e-02;6.007030e-02;6.470085e-01;3.515019e-02;2.349352e-02;1.358083e-02;2.787303e-02;2.961855e-02;6.814435e-02;5.153246e-02;1.025254e-02;1.592046e-02
2.309331e-02;9.756154e-02;6.141868e-01;2.632388e-02;1.476314e-02;2.341482e-02;1.505365e-02;3.468106e-02;8.219183e-02;3.731547e-02;6.393265e-03;2.502120e-02
5.351842e-02;1.348075e-01;5.440254e-01;2.634979e-02;1.070642e-02;3.351231e-02;1.139355e-02;2.507263e-02;1.046531e-01;2.562642e-02;6.993712e-03;2.334070e-02
1.048493e-01;1.417526e-01;4.969471e-01;2.503888e-02;1.001645e-02;2.511179e-02;3.111173e-02;2.382110e-02;8.755665e-02;2.227124e-02;1.604363e-02;1.547942e-02
2.052277e-01;1.133405e-01;4.055540e-01;1.754467e-02;1.936484e-02;1.358368e-02;4.959323e-02;5.805932e-02;4.337939e-02;2.149586e-02;2.925021e-02;2.360652e-02
2.982780e-01;7.089298e-02;2.384457e-01;1.667450e-02;2.583770e-02;2.646061e-02;5.149187e-02;9.658422e-02;5.347273e-02;3.401842e-02;3.977369e-02;4.806957e-02
3.279409e-01;6.178393e-02;6.835362e-02;2.881150e-02;2.012676e-02;4.144813e-02;8.937257e-02;7.253253e-02;8.269925e-02;6.226708e-02;5.426433e-02;9.039938e-02
2.468559e-01;5.914897e-02;8.017739e-02;3.944033e-02;1.575877e-02;4.340511e-02;1.227551e-01;7.239190e-02;6.293476e-02;6.441548e-02;7.712571e-02;1.155904e-01
1.403852e-01;3.176228e-02;1.270281e-01;3.513503e-02;2.315255e-02;6.209157e-02;1.104698e-01;7.164975e-02;8.576472e-02;8.536473e-02;1.242142e-01;1.029821e-01
4.292593e-02;2.531941e-02;7.831845e-02;2.620203e-02;4.029414e-02;8.570074e-02;1.017589e-01;1.250161e-01;9.601524e-02;1.350551e-01;1.788189e-01;6.457502e-02
1.563995e-02;3.253998e-02;3.957931e-02;5.810427e-02;7.706205e-02;9.973887e-02;7.189721e-02;1.602792e-01;9.315976e-02;1.752662e-01;1.418243e-01;3.490887e-02
5.253966e-02;5.435767e-02;6.203855e-02;1.404319e-01;7.425437e-02;8.602837e-02;6.702656e-02;8.854076e-02;9.263067e-02;1.691535e-01;8.791302e-02;2.508503e-02
6.401478e-02;7.682969e-02;9.808610e-02;1.855753e-01;5.689399e-02;4.085993e-02;7.722290e-02;7.693139e-02;1.132401e-01;1.282233e-01;4.756562e-02;3.455680e-02
4.949225e-02;5.821783e-02;1.693034e-01;1.505994e-01;4.534927e-02;4.185244e-02;8.729766e-02;1.052291e-01;1.032661e-01;1.033635e-01;3.083347e-02;5.519544e-02
2.415863e-02;4.909754e-02;2.763061e-01;7.959671e-02;5.757090e-02;5.219843e-02;1.388013e-01;1.187474e-01;5.725609e-02;6.842455e-02;1.824593e-02;5.959645e-02
1.820607e-02;7.907587e-02;2.973350e-01;5.319631e-02;9.338517e-02;3.322499e-02;1.817840e-01;1.063993e-01;3.209497e-02;4.308147e-02;1.936171e-02;4.285504e-02
4.106373e-02;1.558862e-01;2.215193e-01;4.799059e-02;1.218076e-01;1.542313e-02;2.324665e-01;6.765460e-02;2.080532e-02;2.401692e-02;3.216288e-02;1.920312e-02
6.539000e-02;2.441613e-01;1.320060e-01;3.196204e-02;9.795142e-02;1.345853e-02;2.815662e-01;4.408520e-02;1.648846e-02;1.119083e-02;5.288262e-02;8.857290e-03
7.241112e-02;2.947901e-01;8.807661e-02;1.529715e-02;6.719473e-02;1.441896e-02;3.051858e-01;3.693058e-02;1.638583e-02;1.302401e-02;6.940951e-02;6.875555e-03
5.738655e-02;2.867166e-01;1.325023e-01;1.150341e-02;5.137540e-02;1.615650e-02;2.957295e-01;3.175760e-02;1.132542e-02;1.227384e-02;8.528258e-02;7.990300e-03
4.995166e-02;2.232073e-01;1.813226e-01;1.226743e-02;3.596353e-02;1.305101e-02;2.928150e-01;4.428076e-02;9.727699e-03;9.730472e-03;1.113085e-01;1.637402e-02
3.332306e-02;1.407190e-01;2.203866e-01;1.069695e-02;2.622996e-02;1.159760e-02;2.771480e-01;7.857373e-02;1.465816e-02;1.352170e-02;1.371268e-01;3.601848e-02
1.816069e-02;8.427674e-02;2.511248e-01;1.512235e-02;2.674425e-02;1.272538e-02;2.167732e-01;1.130085e-01;2.935755e-02;2.214872e-02;1.338154e-01;7.674250e-02
1.905744e-02;5.482605e-02;2.498074e-01;2.974763e-02;2.084208e-02;1.477428e-02;1.705627e-01;1.314640e-01;6.582487e-02;3.666876e-02;9.892495e-02;1.074999e-01
1.962795e-02;2.830878e-02;2.058692e-01;5.396935e-02;1.869480e-02;1.554769e-02;1.860743e-01;1.266547e-01;1.598088e-01;4.979831e-02;4.822346e-02;8.742268e-02
2.939250e-02;2.593737e-02;1.237683e-01;7.243850e-02;1.813429e-02;1.003792e-02;2.104605e-01;1.103626e-01;2.962245e-01;6.551362e-02;1.843126e-02;1.929866e-02
2.655609e-02;2.346430e-02;8.045812e-02;6.387918e-02;2.763504e-02;6.773741e-03;1.663678e-01;9.549980e-02;3.647828e-01;1.035635e-01;3.590373e-02;5.115942e-03
2.103501e-02;3.458737e-02;6.003986e-02;4.623076e-02;3.372277e-02;1.133154e-02;1.149535e-01;7.280520e-02;3.425435e-01;1.784671e-01;5.795278e-02;2.633056e-02
2.854379e-02;4.838164e-02;7.842474e-02;3.052924e-02;3.984024e-02;2.034315e-02;1.262055e-01;5.329723e-02;1.835017e-01;2.369960e-01;1.104140e-01;4.352289e-02
4.492249e-02;2.985122e-02;1.287065e-01;3.187107e-02;3.673872e-02;1.894532e-02;1.138883e-01;3.826456e-02;1.815737e-01;1.631794e-01;1.750443e-01;3.701428e-02
4.232200e-02;4.025343e-02;1.222317e-01;3.622340e-02;2.991020e-02;2.546963e-02;8.304700e-02;7.695521e-02;2.486084e-01;1.068263e-01;1.485948e-01;3.955790e-02
8.073062e-02;5.772671e-02;1.272353e-01;5.623398e-02;2.391631e-02;2.346393e-02;6.027517e-02;7.684233e-02;1.863822e-01;8.809545e-02;1.372084e-01;8.188953e-02
5.665611e-02;5.217686e-02;1.146469e-01;6.851370e-02;3.921728e-02;1.847984e-02;1.010270e-01;9.033322e-02;1.396169e-01;1.173207e-01;1.064079e-01;9.560357e-02
2.649896e-02;3.388719e-02;1.167499e-01;6.553404e-02;4.595759e-02;1.782694e-02;1.233198e-01;1.029513e-01;2.385919e-01;1.044947e-01;8.493011e-02;3.925751e-02
5.189121e-02;3.971103e-02;1.301611e-01;5.503466e-02;2.268511e-02;1.164623e-02;1.057716e-01;6.765673e-02;2.413328e-01;1.150834e-01;1.065418e-01;5.248430e-02
2.450706e-02;6.206689e-02;1.417753e-01;4.625064e-02;3.007112e-02;1.779042e-02;9.175313e-02;2.806334e-02;2.114237e-01;1.123280e-01;1.355913e-01;9.837908e-02
4.682957e-02;8.577310e-02;1.292485e-01;4.796552e-02;3.660451e-02;1.952840e-02;6.473663e-02;5.999909e-02;2.008804e-01;1.105805e-01;1.214884e-01;7.636534e-02
1.853846e-02;7.694516e-02;1.242141e-01;5.001175e-02;3.879806e-02;1.627893e-02;1.037567e-01;9.741598e-02;2.328290e-01;1.148522e-01;7.969251e-02;4.666713e-02
4.196206e-02;9.494952e-02;1.647240e-01;5.361727e-02;3.500767e-02;1.841522e-02;9.183658e-02;1.032384e-01;1.977389e-01;1.031146e-01;5.426009e-02;4.113571e-02
5.232517e-02;7.409542e-02;2.234632e-01;5.769057e-02;3.971099e-02;2.394993e-02;1.337533e-01;8.278294e-02;1.069653e-01;1.195973e-01;4.305070e-02;4.261526e-02
3.234851e-02;5.414970e-02;1.186706e-01;4.966964e-02;3.448057e-02;2.629735e-02;1.520613e-01;7.831604e-02;2.510147e-01;1.038032e-01;4.833892e-02;5.084954e-02
8.841345e-02;5.375789e-02;7.205701e-02;3.443056e-02;3.398530e-02;2.548870e-02;1.221721e-01;1.139334e-01;2.780077e-01;7.149631e-02;4.883200e-02;5.742564e-02
1.098597e-01;5.209509e-02;8.821402e-02;2.575367e-02;4.634734e-02;3.678763e-02;1.237513e-01;1.049314e-01;2.074479e-01;9.046143e-02;6.142043e-02;5.293000e-02
1.043771e-01;4.563094e-02;1.095560e-01;4.090755e-02;8.149454e-02;5.441958e-02;9.423808e-02;1.035557e-01;1.589168e-01;1.019474e-01;6.677195e-02;3.818431e-02
3.789845e-02;3.517761e-02;1.909606e-01;4.782942e-02;1.177200e-01;1.110447e-01;1.049463e-01;8.256362e-02;8.811220e-02;1.069320e-01;4.505711e-02;3.175798e-02
3.448294e-02;3.266842e-02;3.745901e-01;4.437938e-02;8.579945e-02;9.668002e-02;1.171261e-01;5.060694e-02;5.672276e-02;5.771894e-02;2.333749e-02;2.588744e-02
3.914586e-02;3.973687e-02;3.983956e-01;4.731904e-02;6.413940e-02;6.295555e-02;1.561578e-01;5.405015e-02;5.065621e-02;3.833429e-02;3.057947e-02;1.852974e-02
6.951153e-02;4.219393e-02;2.707830e-01;4.243091e-02;6.651297e-02;6.167058e-02;2.246972e-01;7.174771e-02;4.812055e-02;5.152609e-02;2.834117e-02;2.246431e-02
1.092027e-01;5.227887e-02;1.928471e-01;3.625532e-02;6.453097e-02;5.632234e-02;2.435691e-01;9.482648e-02;4.063177e-02;5.491390e-02;2.965409e-02;2.496731e-02
1.617337e-01;7.031551e-02;1.394202e-01;2.538638e-02;6.793401e-02;6.564248e-02;2.164255e-01;1.104630e-01;4.569418e-02;4.475526e-02;2.782780e-02;2.440203e-02
2.100165e-01;9.205854e-02;1.401620e-01;1.494035e-02;7.305188e-02;6.529416e-02;1.825812e-01;9.259579e-02;5.305313e-02;3.762613e-02;2.084030e-02;1.778005e-02
2.601416e-01;1.188849e-01;1.554999e-01;7.642076e-03;7.250799e-02;3.184941e-02;1.744357e-01;6.728309e-02;4.484168e-02;2.461626e-02;2.239834e-02;1.989910e-02
2.593991e-01;1.131347e-01;1.958044e-01;1.504844e-02;9.707077e-02;1.262341e-02;1.223098e-01;4.170383e-02;5.225893e-02;3.074147e-02;3.078085e-02;2.912427e-02
2.431184e-01;7.952666e-02;1.847541e-01;2.282858e-02;1.073593e-01;2.477445e-02;8.632527e-02;3.582861e-02;5.623282e-02;6.740309e-02;4.316017e-02;4.868848e-02
2.578961e-01;4.532041e-02;1.813738e-01;2.370676e-02;7.852530e-02;2.962614e-02;6.816181e-02;5.173612e-02;4.993085e-02;9.463686e-02;5.957467e-02;5.951118e-02
2.762314e-01;6.871442e-02;2.016222e-01;2.215253e-02;3.533816e-02;2.157252e-02;7.830453e-02;5.313292e-02;6.991923e-02;6.632614e-02;6.059602e-02;4.608991e-02
2.353146e-01;8.934908e-02;2.309639e-01;2.215076e-02;4.228243e-02;2.539056e-02;1.034920e-01;5.345851e-02;7.235805e-02;5.217738e-02;3.940468e-02;3.365800e-02
1.403447e-01;1.033739e-01;1.422557e-01;5.537286e-02;5.715099e-02;1.043641e-01;6.914359e-02;7.889999e-02;7.992955e-02;8.696322e-02;5.304759e-02;2.915385e-02
1.257209e-01;6.091083e-02;6.608563e-02;6.281072e-02;9.447214e-02;1.154278e-01;8.610692e-02;8.220962e-02;8.336306e-02;1.165682e-01;6.046877e-02;4.585541e-02
1.323410e-01;6.370208e-02;1.014305e-01;6.057140e-02;1.034331e-01;9.856534e-02;7.625122e-02;7.242594e-02;7.233598e-02;1.070087e-01;5.692748e-02;5.500717e-02
1.324114e-01;8.549441e-02;2.016218e-01;6.143798e-02;9.331980e-02;7.322120e-02;7.735535e-02;4.376316e-02;5.730583e-02;8.415521e-02;4.643760e-02;4.347622e-02
9.410143e-02;8.854542e-02;3.600307e-01;6.831197e-02;6.164127e-02;4.235148e-02;7.616132e-02;2.055163e-02;3.455607e-02;9.311915e-02;3.436542e-02;2.626416e-02
5.169661e-02;6.210764e-02;4.999847e-01;5.901806e-02;3.784727e-02;2.036731e-02;4.897748e-02;1.492201e-02;3.279753e-02;1.255517e-01;3.206533e-02;1.466433e-02
3.851395e-02;7.940602e-02;5.751072e-01;2.595812e-02;2.259516e-02;2.355419e-02;1.509055e-02;2.372143e-02;6.073977e-02;9.926923e-02;2.015655e-02;1.588785e-02
2.235324e-02;1.152475e-01;5.772012e-01;3.517016e-02;3.028573e-02;4.286461e-02;6.791074e-03;1.683349e-02;5.825750e-02;7.168536e-02;1.141463e-02;1.189549e-02
8.649094e-02;1.578269e-01;4.801608e-01;2.594936e-02;3.405755e-02;4.141507e-02;1.545718e-02;7.636611e-03;4.358762e-02;8.478995e-02;1.147413e-02;1.115392e-02
1.473096e-01;1.579054e-01;3.756955e-01;2.928224e-02;3.609676e-02;3.230157e-02;2.763235e-02;7.299784e-03;4.799097e-02;8.228074e-02;3.408881e-02;2.211622e-02
1.960472e-01;9.689975e-02;2.524713e-01;5.559553e-02;4.978375e-02;3.759754e-02;4.775693e-02;1.291700e-02;8.110656e-02;7.108369e-02;6.122532e-02;3.751549e-02
1.591089e-01;9.753856e-02;2.612078e-01;6.112075e-02;3.124424e-02;4.021712e-02;3.973871e-02;6.992624e-03;7.533186e-02;1.326138e-01;5.794011e-02;3.694554e-02
1.179136e-01;9.278280e-02;3.968172e-01;5.725549e-02;3.691113e-02;4.492105e-02;3.346933e-02;1.158585e-02;3.838385e-02;1.066162e-01;3.454925e-02;2.879432e-02
1.039377e-01;1.328199e-01;4.694534e-01;6.056998e-02;3.125685e-02;4.683455e-02;2.730457e-02;1.345112e-02;3.943317e-02;3.735752e-02;2.145525e-02;1.612606e-02
1.075566e-01;7.156004e-02;4.530070e-01;4.344563e-02;3.244078e-02;5.460722e-02;4.246114e-02;9.810357e-03;5.820499e-02;8.653977e-02;2.408787e-02;1.627862e-02
1.346959e-01;1.052669e-01;3.398252e-01;4.275351e-02;3.340617e-02;6.929222e-02;3.484817e-02;1.262715e-02;6.272855e-02;1.207107e-01;2.049199e-02;2.335339e-02
5.280669e-02;1.072579e-01;2.572700e-01;5.548607e-02;6.856097e-02;8.335312e-02;1.460101e-01;4.641862e-02;3.826082e-02;8.430437e-02;3.867304e-02;2.159833e-02
3.907359e-02;7.264051e-02;2.950792e-01;7.968372e-02;7.166475e-02;6.954998e-02;1.275382e-01;5.527423e-02;5.316361e-02;4.434584e-02;7.460345e-02;1.738292e-02
4.977126e-02;5.700231e-02;3.503346e-01;9.547963e-02;5.149418e-02;4.390797e-02;7.520510e-02;4.514169e-02;4.727417e-02;7.207292e-02;9.426324e-02;1.805294e-02
5.067894e-02;3.789616e-02;4.376645e-01;1.209868e-01;2.969933e-02;2.116895e-02;3.551544e-02;3.216229e-02;4.086514e-02;7.133292e-02;1.043021e-01;1.772737e-02
2.931812e-02;1.447674e-02;5.376078e-01;1.554434e-01;2.753274e-02;8.802321e-03;1.770082e-02;1.594925e-02;4.756205e-02;4.882935e-02;8.232939e-02;1.444799e-02
3.049422e-02;1.478441e-02;5.765117e-01;1.528557e-01;2.833488e-02;1.170867e-02;1.288481e-02;1.072298e-02;5.748327e-02;4.365141e-02;5.199548e-02;8.572496e-03
6.199446e-02;4.138487e-02;5.576909e-01;1.147541e-01;2.366805e-02;1.399862e-02;2.206510e-02;1.098487e-02;4.510994e-02;6.378794e-02;3.770636e-02;6.854757e-03
9.621573e-02;9.625183e-02;4.553221e-01;9.267519e-02;2.874402e-02;2.057175e-02;3.086060e-02;1.680651e-02;3.460644e-02;9.377883e-02;2.254648e-02;1.162045e-02
1.231588e-01;1.194332e-01;3.184536e-01;1.085589e-01;4.440523e-02;3.535787e-02;3.271487e-02;3.017906e-02;3.363535e-02;9.495587e-02;2.851170e-02;3.063561e-02
9.919175e-02;4.018075e-02;3.491847e-01;1.196102e-01;5.457288e-02;5.500662e-02;4.972845e-02;3.668008e-02;4.145757e-02;7.413030e-02;4.341929e-02;3.683748e-02
1.095686e-01;4.886790e-02;3.192376e-01;1.281967e-01;6.109145e-02;8.122579e-02;5.687748e-02;2.600335e-02;5.160541e-02;5.182577e-02;3.994928e-02;2.555079e-02
1.059756e-01;4.872910e-02;2.709300e-01;1.409391e-01;9.376816e-02;1.080128e-01;4.468022e-02;2.208298e-02;4.641097e-02;5.370829e-02;3.704642e-02;2.771649e-02
8.265708e-02;4.643417e-02;2.392988e-01;1.375103e-01;1.070727e-01;1.066688e-01;3.047499e-02;4.927177e-02;4.408540e-02;7.412045e-02;5.685415e-02;2.555141e-02
8.269211e-02;8.780085e-02;1.662125e-01;1.384896e-01;8.488853e-02;8.580861e-02;7.441515e-02;4.938049e-02;6.619276e-02;6.422008e-02;6.016169e-02;3.973763e-02
1.220526e-01;9.671743e-02;1.726293e-01;1.000317e-01;6.146709e-02;6.115679e-02;1.039439e-01;5.349512e-02;8.076381e-02;6.120282e-02;3.095782e-02;5.558167e-02
1.160805e-01;5.196996e-02;1.635147e-01;9.302143e-02;9.980571e-02;7.027746e-02;8.210959e-02;7.731411e-02;8.437309e-02;8.491690e-02;3.052992e-02;4.608656e-02
6.492256e-02;4.062904e-02;1.339070e-01;1.029902e-01;1.016703e-01;8.568344e-02;6.889603e-02;8.237635e-02;9.690101e-02;1.218994e-01;5.964433e-02;4.048030e-02
7.629969e-02;4.266370e-02;1.045497e-01;1.068215e-01;6.821943e-02;7.736015e-02;7.209441e-02;8.202564e-02;1.127267e-01;1.355817e-01;7.193465e-02;4.972275e-02
8.376534e-02;2.952038e-02;1.088826e-01;1.071125e-01;4.629113e-02;5.554794e-02;8.469323e-02;1.186085e-01;7.814117e-02;1.634466e-01;5.665665e-02;6.733399e-02
8.583106e-02;3.265725e-02;1.171068e-01;9.611962e-02;5.776612e-02;4.371802e-02;8.645575e-02;1.360138e-01;4.285642e-02;1.927630e-01;4.881218e-02;5.990000e-02
6.863689e-02;6.550677e-02;1.227553e-01;8.368906e-02;6.115534e-02;7.563087e-02;8.925860e-02;1.239624e-01;6.322119e-02;1.341081e-01;4.534262e-02;6.673292e-02
7.507277e-02;8.609014e-02;1.300555e-01;6.663942e-02;4.743848e-02;8.075971e-02;1.097705e-01;8.600450e-02;1.048166e-01;7.687408e-02;4.451323e-02;9.196502e-02
1.069794e-01;8.569933e-02;1.477555e-01;7.249013e-02;7.516152e-02;7.301325e-02;1.172282e-01;4.601915e-02;8.219489e-02;8.023868e-02;5.573624e-02;5.748365e-02
1.175554e-01;8.812498e-02;1.056834e-01;1.041173e-01;1.174477e-01;6.552827e-02;9.274308e-02;4.065710e-02;7.126866e-02;9.534691e-02;5.670776e-02;4.481938e-02
8.692130e-02;5.661075e-02;1.145155e-01;1.684524e-01;1.271170e-01;5.478313e-02;6.073391e-02;4.439099e-02;9.513257e-02;1.036822e-01;4.894084e-02;3.871946e-02
4.365949e-02;2.477272e-02;2.811257e-01;1.658496e-01;6.730771e-02;5.602419e-02;1.019512e-01;5.717164e-02;8.587883e-02;5.660942e-02;2.503380e-02;3.461570e-02
2.358044e-02;2.913702e-02;4.496211e-01;8.707040e-02;2.042717e-02;5.519084e-02;1.188940e-01;8.833144e-02;3.806512e-02;3.165466e-02;9.510009e-03;4.851776e-02
8.496911e-03;4.098921e-02;5.037847e-01;3.887010e-02;8.418412e-03;3.563395e-02;1.270198e-01;9.617816e-02;3.564221e-02;2.665847e-02;1.290945e-02;6.539866e-02
1.264017e-02;6.019811e-02;4.628473e-01;2.766636e-02;1.173662e-02;1.983250e-02;1.500436e-01;9.429694e-02;3.116575e-02;2.390248e-02;1.822978e-02;8.744048e-02
2.547481e-02;6.517992e-02;3.778013e-01;1.482882e-02;1.166277e-02;1.439496e-02;1.914159e-01;9.294157e-02;2.940631e-02;2.383593e-02;3.128214e-02;1.217756e-01
9.148099e-03;4.985369e-02;3.055850e-01;2.935862e-02;1.448068e-02;1.895219e-02;2.051266e-01;9.301910e-02;3.637178e-02;3.001858e-02;5.264360e-02;1.554421e-01
1.625416e-02;3.828552e-02;2.507422e-01;3.888270e-02;1.373023e-02;1.516711e-02;2.057839e-01;9.592721e-02;3.690575e-02;3.351242e-02;8.227806e-02;1.725308e-01
2.060286e-02;2.951793e-02;1.873203e-01;2.897909e-02;1.817894e-02;8.752264e-03;2.439647e-01;1.155014e-01;4.312738e-02;3.669943e-02;8.669068e-02;1.806651e-01
2.588318e-02;3.409546e-02;1.415338e-01;1.435807e-02;1.967192e-02;1.300026e-02;2.991698e-01;1.228750e-01;5.576054e-02;4.830251e-02;6.970335e-02;1.556461e-01
2.392925e-02;1.740211e-02;1.405555e-01;2.765946e-02;2.401830e-02;2.494934e-02;3.124941e-01;1.102784e-01;5.456359e-02;6.991781e-02;6.530724e-02;1.289249e-01
3.260014e-02;2.307945e-02;1.644859e-01;4.596193e-02;2.533566e-02;2.597469e-02;2.887558e-01;7.923890e-02;4.694516e-02;7.112018e-02;7.762235e-02;1.188798e-01
3.225093e-02;3.304668e-02;2.241276e-01;5.948875e-02;3.182505e-02;1.839361e-02;2.311369e-01;4.637196e-02;4.507317e-02;6.002809e-02;8.568420e-02;1.325731e-01
2.206091e-02;4.575251e-02;2.569110e-01;6.323698e-02;5.562438e-02;1.763802e-02;1.342130e-01;4.420416e-02;4.594754e-02;7.603968e-02;9.938321e-02;1.389886e-01
3.880041e-02;4.166263e-02;2.291733e-01;4.728964e-02;5.584784e-02;2.973306e-02;1.262780e-01;8.327306e-02;5.644197e-02;9.788276e-02;8.473663e-02;1.088807e-01
