7.266955e-02;1.698669e-01;1.056148e-01;7.122478e-02;4.475035e-02;3.945803e-02;9.257987e-02;1.442274e-01;1.189489e-01;4.616162e-02;3.976610e-02;5.473166e-02
8.178395e-02;1.589957e-01;9.062600e-02;7.316799e-02;4.683228e-02;5.688541e-02;9.767280e-02;1.533256e-01;1.332323e-01;3.315230e-02;3.129621e-02;4.302949e-02
7.959893e-02;1.599692e-01;4.454900e-02;6.538729e-02;1.698149e-02;2.705373e-02;8.853220e-02;2.305559e-01;2.127260e-01;2.211927e-02;1.806726e-02;3.445981e-02
5.799619e-02;1.717222e-01;1.082048e-01;4.296117e-02;2.762588e-02;4.654087e-02;7.525216e-02;2.020551e-01;1.887266e-01;2.756828e-02;1.949213e-02;3.185459e-02
5.766261e-02;1.497452e-01;1.188230e-01;3.779936e-02;2.203920e-02;5.077662e-02;3.210827e-02;2.145584e-01;1.990958e-01;4.144429e-02;3.447866e-02;4.146851e-02
4.677451e-02;6.188267e-02;1.097299e-01;2.888408e-02;3.314560e-02;1.291484e-01;1.299329e-01;1.519899e-01;1.385387e-01;4.723512e-02;5.200716e-02;7.073101e-02
4.047970e-02;8.803378e-02;8.952861e-02;2.863848e-02;3.345032e-02;1.229254e-01;2.084407e-01;1.350069e-01;9.045033e-02;4.079279e-02;3.965014e-02;8.260289e-02
3.895145e-02;8.687326e-02;5.630002e-02;3.875293e-02;2.235953e-02;8.681235e-02;3.406829e-01;1.124655e-01;5.469866e-02;3.092452e-02;2.607654e-02;1.051024e-01
3.767477e-02;9.222771e-02;5.560534e-02;5.633711e-02;1.177657e-02;7.738445e-02;4.010677e-01;7.925636e-02;2.503688e-02;3.485529e-02;1.584499e-02;1.129328e-01
3.411715e-02;7.565310e-02;5.739009e-02;7.205511e-02;9.393823e-03;1.027881e-01;3.761542e-01;5.968294e-02;3.456963e-02;4.029733e-02;2.124000e-02;1.166585e-01
4.871355e-02;7.627390e-02;9.283161e-02;8.102877e-02;2.092521e-02;9.717926e-02;2.703114e-01;7.689623e-02;5.960712e-02;4.515095e-02;2.780257e-02;1.032794e-01
6.039440e-02;2.030790e-01;2.016402e-01;7.525936e-02;1.795774e-02;5.792053e-02;1.127221e-01;8.317886e-02;7.043011e-02;3.681865e-02;2.352726e-02;5.707178e-02
5.027727e-02;1.928156e-01;2.266173e-01;6.093112e-02;2.025912e-02;6.533655e-02;3.967678e-02;9.933481e-02;1.140505e-01;3.270841e-02;2.999273e-02;6.799978e-02
4.375282e-02;5.222825e-02;1.637543e-01;3.793249e-02;4.887615e-02;8.160232e-02;8.351945e-02;1.521939e-01;1.420835e-01;3.936042e-02;4.028798e-02;1.144085e-01
3.935087e-02;1.062043e-01;1.294468e-01;6.391278e-02;6.820218e-02;1.088613e-01;1.131537e-01;1.203827e-01;8.782601e-02;1.871940e-02;6.089841e-02;8.304149e-02
3.832125e-02;1.114683e-01;1.183341e-01;6.768915e-02;7.510732e-02;1.211725e-01;1.322584e-01;9.002139e-02;7.603709e-02;1.624477e-02;8.245499e-02;7.089072e-02
4.896288e-02;1.812508e-01;1.398821e-01;3.322141e-02;5.791502e-02;9.107137e-02;1.179420e-01;1.523792e-01;6.702790e-02;2.502859e-02;5.199788e-02;3.332077e-02
5.441538e-02;1.772383e-01;1.403797e-01;3.661436e-02;5.542816e-02;7.061074e-02;1.337998e-01;1.824062e-01;5.667177e-02;3.387477e-02;2.225219e-02;3.630855e-02
5.668895e-02;1.285108e-01;1.434341e-01;5.061829e-02;5.536791e-02;7.089195e-02;1.552043e-01;1.725696e-01;5.063342e-02;5.176987e-02;2.022670e-02;4.408394e-02
4.636150e-02;7.255052e-02;1.160962e-01;6.890050e-02;4.373734e-02;7.938639e-02;1.822188e-01;1.581611e-01;6.322768e-02;9.836907e-02;2.524053e-02;4.575043e-02
3.141521e-02;7.984020e-02;5.366620e-02;7.586660e-02;2.655043e-02;7.624146e-02;2.166966e-01;1.862453e-01;5.534500e-02;1.289683e-01;2.052189e-02;4.864277e-02
1.616303e-02;5.088228e-02;1.651090e-02;8.102115e-02;1.529730e-02;5.964687e-02;3.210841e-01;2.003259e-01;2.754376e-02;1.270447e-01;8.120344e-03;7.635956e-02
1.093672e-02;3.667520e-02;1.155890e-02;7.442877e-02;1.126988e-02;4.007997e-02;4.366898e-01;1.554572e-01;2.226171e-02;8.204488e-02;6.376584e-03;1.122204e-01
1.050863e-02;3.243525e-02;1.873037e-02;5.768316e-02;9.739988e-03;4.574836e-02;5.002362e-01;1.032781e-01;2.479402e-02;3.879133e-02;1.489278e-02;1.431617e-01
5.065731e-03;1.952049e-02;1.934351e-02;4.243737e-02;8.973752e-03;7.332473e-02;5.079639e-01;6.608422e-02;3.075323e-02;3.014083e-02;3.189067e-02;1.645016e-01
8.766353e-03;8.652852e-03;1.530086e-02;3.289733e-02;1.683626e-02;1.114837e-01;4.832305e-01;2.648122e-02;4.329055e-02;2.462723e-02;5.278741e-02;1.756457e-01
1.037459e-02;1.431615e-02;1.734101e-02;2.877649e-02;1.681626e-02;1.191364e-01;4.620626e-01;3.427655e-02;4.119980e-02;1.643379e-02;6.015743e-02;1.791090e-01
9.621868e-03;2.724202e-02;1.953061e-02;3.554124e-02;9.935259e-03;1.183098e-01;4.739256e-01;4.625373e-02;2.200951e-02;2.132917e-02;3.910976e-02;1.771914e-01
1.133231e-02;3.091151e-02;1.470850e-02;4.467590e-02;1.297262e-02;1.304147e-01;4.651956e-01;3.193686e-02;2.172865e-02;3.234306e-02;3.537086e-02;1.684094e-01
1.510328e-02;3.786259e-02;1.935387e-02;5.103930e-02;1.339634e-02;1.262977e-01;4.317558e-01;4.593067e-02;3.267512e-02;5.285771e-02;3.237362e-02;1.413539e-01
2.507498e-02;4.586307e-02;3.189356e-02;4.742290e-02;1.479246e-02;1.136178e-01;4.108510e-01;8.050392e-02;3.182312e-02;5.533088e-02;2.967563e-02;1.131507e-01
3.451909e-02;8.153274e-02;5.305071e-02;3.964762e-02;9.512199e-03;7.450639e-02;4.148000e-01;1.055797e-01;3.468295e-02;4.029812e-02;1.549736e-02;9.637312e-02
5.182112e-02;1.183685e-01;6.552314e-02;3.793822e-02;1.365368e-02;5.926782e-02;3.787349e-01;9.146023e-02;5.328688e-02;3.222665e-02;1.339567e-02;8.432323e-02
3.978982e-02;9.908962e-02;4.721216e-02;2.485033e-02;2.421321e-02;5.118475e-02;3.938831e-01;8.616747e-02;7.155452e-02;3.457524e-02;1.716675e-02;1.103131e-01
1.980185e-02;5.075930e-02;3.336462e-02;3.481113e-02;3.689879e-02;9.813242e-02;3.833104e-01;9.285277e-02;5.570787e-02;2.829950e-02;2.454747e-02;1.415139e-01
2.948220e-02;3.868849e-02;3.639913e-02;2.720469e-02;1.995202e-02;1.095154e-01;3.688849e-01;1.164366e-01;3.411400e-02;4.754350e-02;4.996324e-02;1.218158e-01
3.684524e-02;5.725348e-02;5.326852e-02;2.841926e-02;8.237004e-03;1.373622e-01;3.522257e-01;9.776418e-02;3.594887e-02;4.360668e-02;4.153469e-02;1.075342e-01
3.283527e-02;7.866425e-02;7.365382e-02;3.738154e-02;1.398604e-02;1.653561e-01;2.687857e-01;8.111230e-02;3.927033e-02;3.806253e-02;4.814525e-02;1.227469e-01
2.479921e-02;7.842021e-02;7.253329e-02;2.670046e-02;2.068525e-02;1.557140e-01;3.109686e-01;9.212831e-02;5.040542e-02;6.401551e-02;3.256629e-02;7.106347e-02
2.772986e-02;1.072809e-01;7.555328e-02;1.323793e-02;2.437865e-02;1.666901e-01;2.905169e-01;1.092518e-01;4.457839e-02;6.763154e-02;2.709299e-02;4.605756e-02
4.575793e-02;1.246267e-01;8.231866e-02;3.069472e-02;2.438018e-02;1.616983e-01;1.660916e-01;1.285715e-01;4.834864e-02;6.074090e-02;4.633055e-02;8.044027e-02
4.983205e-02;1.779744e-01;1.718045e-01;5.022803e-02;2.148200e-02;1.299316e-01;9.662031e-02;7.289102e-02;5.499767e-02;3.644239e-02;4.362763e-02;9.416842e-02
5.465547e-02;2.276454e-01;2.135962e-01;2.834103e-02;1.884906e-02;1.018370e-01;1.049293e-01;8.805350e-02;4.294485e-02;3.808505e-02;2.488381e-02;5.617930e-02
7.162566e-02;2.517042e-01;1.944412e-01;3.578053e-02;1.728089e-02;8.133704e-02;1.228421e-01;8.199351e-02;4.108740e-02;3.972177e-02;1.918875e-02;4.299702e-02
8.428182e-02;2.015073e-01;1.392756e-01;7.809816e-02;1.660655e-02;9.105507e-02;1.616952e-01;9.779847e-02;3.192480e-02;3.741908e-02;1.207531e-02;4.826267e-02
8.671004e-02;1.116748e-01;7.431113e-02;1.433705e-01;1.830886e-02;1.401633e-01;1.200866e-01;1.297319e-01;3.040012e-02;4.370869e-02;2.673450e-02;7.479959e-02
4.779470e-02;1.237199e-01;1.221157e-01;8.542425e-02;2.104657e-02;9.260739e-02;1.831526e-01;1.151522e-01;4.685276e-02;3.843389e-02;6.271533e-02;6.098470e-02
4.000338e-02;1.043652e-01;1.447164e-01;4.768504e-02;3.757511e-02;8.901037e-02;2.181593e-01;9.562148e-02;5.622495e-02;3.774470e-02;9.751169e-02;3.138238e-02
2.521582e-02;5.200680e-02;1.176670e-01;2.680339e-02;4.026982e-02;2.104091e-01;2.196971e-01;5.906196e-02;5.055920e-02;3.797001e-02;1.272196e-01;3.312022e-02
1.768149e-02;4.821222e-02;9.078662e-02;1.278254e-02;2.012126e-02;3.431102e-01;1.482148e-01;4.296640e-02;4.770267e-02;2.574832e-02;1.658020e-01;3.687151e-02
1.212912e-02;4.115792e-02;7.745814e-02;8.021770e-03;3.000803e-02;4.433325e-01;2.284917e-02;4.276963e-02;3.622803e-02;2.573578e-02;2.147553e-01;4.555464e-02
8.558637e-03;3.618964e-02;6.667015e-02;6.801742e-03;3.127140e-02;4.463751e-01;5.802624e-02;3.721910e-02;3.155047e-02;2.573978e-02;2.145625e-01;3.703531e-02
9.779807e-03;3.916932e-02;7.809889e-02;9.322709e-03;3.231722e-02;4.284928e-01;9.059574e-02;2.058540e-02;3.041121e-02;2.617169e-02;2.073923e-01;2.766289e-02
2.128960e-02;4.216227e-02;7.815895e-02;1.156953e-02;3.291272e-02;4.271206e-01;9.641528e-02;1.831925e-02;3.646325e-02;2.274559e-02;1.959803e-01;1.686262e-02
3.025722e-02;2.648874e-02;7.261182e-02;1.578369e-02;4.080068e-02;4.438762e-01;8.264495e-02;2.878908e-02;4.502133e-02;3.068596e-02;1.643303e-01;1.871002e-02
2.611735e-02;2.498087e-02;9.448559e-02;2.355392e-02;5.393762e-02;4.211508e-01;1.078431e-01;2.530083e-02;4.240001e-02;3.014642e-02;1.191758e-01;3.090766e-02
2.248011e-02;2.629984e-02;1.204411e-01;3.440033e-02;4.538083e-02;3.768937e-01;9.172661e-02;3.622808e-02;6.650349e-02;3.581466e-02;7.821413e-02;6.561722e-02
2.413588e-02;4.502863e-02;1.009067e-01;6.512898e-02;5.258754e-02;3.314296e-01;7.950331e-02;4.971557e-02;8.372711e-02;3.797549e-02;4.625266e-02;8.360855e-02
2.159927e-02;7.388292e-02;8.411842e-02;4.629943e-02;3.769208e-02;3.318398e-01;6.409111e-02;7.444026e-02;8.215967e-02;2.707421e-02;8.635784e-02;7.044502e-02
3.231292e-02;1.004239e-01;7.164617e-02;2.202590e-02;3.497611e-02;3.690555e-01;7.102417e-02;6.946243e-02;4.278545e-02;2.032201e-02;1.025835e-01;6.338196e-02
3.756735e-02;1.016723e-01;5.189625e-02;1.293860e-02;3.437715e-02;3.721913e-01;9.319194e-02;4.318090e-02;3.164604e-02;2.706681e-02;1.193510e-01;7.492034e-02
4.486094e-02;1.352359e-01;7.585040e-02;1.963254e-02;3.950519e-02;3.017182e-01;5.722564e-02;4.799787e-02;3.885508e-02;3.153475e-02;1.315758e-01;7.600765e-02
4.518969e-02;1.606048e-01;7.527408e-02;1.675525e-02;4.059644e-02;2.282504e-01;1.125200e-01;6.536260e-02;4.197461e-02;2.674921e-02;1.154983e-01;7.122459e-02
4.100376e-02;1.552594e-01;7.985786e-02;1.981292e-02;3.063444e-02;1.794112e-01;2.046781e-01;6.214245e-02;4.819039e-02;4.026978e-02;7.548025e-02;6.325947e-02
4.264837e-02;1.473209e-01;1.293989e-01;2.757800e-02;4.314677e-02;6.537475e-02;2.745905e-01;6.657753e-02;5.605448e-02;5.621475e-02;3.199699e-02;5.909798e-02
3.323773e-02;1.279068e-01;1.354695e-01;2.582296e-02;3.548458e-02;1.537550e-01;1.752441e-01;9.329277e-02;6.525183e-02;5.634260e-02;5.548583e-02;4.270628e-02
3.161582e-02;1.231098e-01;1.174489e-01;2.999587e-02;3.345283e-02;1.768847e-01;1.149586e-01;1.044794e-01;8.273289e-02;7.215721e-02;6.899603e-02;4.416798e-02
3.272573e-02;1.778536e-01;1.219251e-01;5.227573e-02;4.903739e-02;1.720474e-01;1.031625e-01;1.107887e-01;5.328030e-02;3.926804e-02;5.375524e-02;3.388023e-02
5.741302e-02;1.776351e-01;1.261099e-01;6.496015e-02;4.277762e-02;1.403723e-01;1.616144e-01;1.110527e-01;2.878969e-02;1.722976e-02;2.672629e-02;4.531902e-02
5.997328e-02;1.297450e-01;7.359979e-02;8.203600e-02;3.452833e-02;7.393335e-02;2.963168e-01;9.358085e-02;2.749303e-02;1.942915e-02;2.636575e-02;8.299871e-02
3.528568e-02;6.459933e-02;3.028549e-02;7.795350e-02;1.544891e-02;1.176248e-01;4.187153e-01;6.092589e-02;2.886780e-02;1.606946e-02;4.006629e-02;9.415756e-02
2.238369e-02;4.740332e-02;5.461092e-02;4.825490e-02;1.513034e-02;1.572984e-01;4.560067e-01;4.571756e-02;3.011468e-02;1.574674e-02;4.652797e-02;6.080475e-02
1.632074e-02;4.025951e-02;9.988580e-02;1.774648e-02;1.387893e-02;1.472825e-01;4.662403e-01;4.174819e-02;3.230732e-02;1.324525e-02;5.720239e-02;5.388257e-02
7.904731e-03;2.114314e-02;9.998159e-02;8.326609e-03;1.244869e-02;2.268826e-01;4.082300e-01;4.725485e-02;2.547252e-02;8.591409e-03;7.913736e-02;5.462652e-02
9.824216e-03;2.920401e-02;8.781251e-02;1.729672e-02;2.088284e-02;2.675989e-01;3.641810e-01;4.062169e-02;2.364544e-02;8.870992e-03;7.492362e-02;5.513807e-02
9.880055e-03;1.426920e-02;7.535699e-02;5.459594e-02;1.320106e-02;2.160466e-01;3.963278e-01;4.356480e-02;2.374777e-02;1.158846e-02;5.499691e-02;8.642448e-02
1.185479e-02;2.340833e-02;5.296262e-02;1.088689e-01;1.196922e-02;1.094204e-01;4.523850e-01;4.249480e-02;2.038028e-02;9.644523e-03;4.285362e-02;1.137575e-01
1.300541e-02;2.666320e-02;2.549616e-02;1.360614e-01;1.094755e-02;1.091683e-01;4.676460e-01;3.477348e-02;2.080656e-02;9.438328e-03;3.291702e-02;1.130766e-01
1.723332e-02;3.613221e-02;2.280984e-02;1.307496e-01;7.569292e-03;9.382458e-02;4.919161e-01;3.416570e-02;1.764504e-02;6.528090e-03;2.638812e-02;1.150381e-01
1.617878e-02;4.760529e-02;2.264462e-02;1.166871e-01;9.170141e-03;2.548794e-02;5.396377e-01;5.592965e-02;1.626803e-02;1.440969e-02;1.841134e-02;1.175697e-01
2.227730e-02;4.828123e-02;1.690774e-02;9.023432e-02;7.947767e-03;8.038141e-02;4.949139e-01;8.606658e-02;1.854648e-02;3.114007e-02;7.971428e-03;9.533177e-02
3.036244e-02;6.386025e-02;4.135677e-02;6.347830e-02;1.366506e-02;9.437121e-02;4.113539e-01;1.231938e-01;2.167129e-02;4.520267e-02;9.956992e-03;8.152723e-02
4.216969e-02;1.136103e-01;5.192608e-02;3.617440e-02;2.480229e-02;9.093089e-02;3.380869e-01;1.449375e-01;3.745679e-02;3.554025e-02;1.086199e-02;7.350291e-02
5.754914e-02;1.916911e-01;1.309883e-01;2.471678e-02;3.114313e-02;9.956165e-02;2.628773e-01;9.029002e-02;3.880612e-02;1.281082e-02;2.569101e-02;3.387455e-02
1.116960e-01;1.935960e-01;1.319356e-01;1.863076e-02;3.257281e-02;8.250366e-02;1.309856e-01;1.321663e-01;3.267379e-02;1.843282e-02;3.012662e-02;8.467998e-02
1.403584e-01;2.041962e-01;1.200452e-01;7.758331e-03;4.664860e-02;7.486498e-02;6.322441e-02;1.794414e-01;2.961331e-02;1.923577e-02;2.514410e-02;8.946934e-02
1.157744e-01;2.422915e-01;1.203415e-01;1.617833e-02;4.725343e-02;5.753792e-02;1.222829e-01;1.305185e-01;2.609246e-02;1.784778e-02;4.532621e-02;5.855519e-02
7.760120e-02;2.666562e-01;1.578286e-01;3.350994e-02;2.770445e-02;6.283649e-02;1.548307e-01;5.615652e-02;4.344139e-02;3.092921e-02;4.787741e-02;4.062799e-02
2.606770e-02;2.559877e-01;2.134038e-01;4.544547e-02;4.025953e-02;9.513739e-02;1.247665e-01;3.125518e-02;8.346613e-02;4.213003e-02;2.683943e-02;1.524119e-02
2.208730e-02;2.595297e-01;2.229548e-01;4.311905e-02;3.651782e-02;9.368205e-02;9.244043e-02;4.912515e-02;1.083503e-01;4.485026e-02;9.137348e-03;1.820582e-02
2.028148e-02;2.540388e-01;2.379888e-01;2.897223e-02;1.934197e-02;8.082790e-02;1.022628e-01;6.453128e-02;9.734759e-02;6.396613e-02;1.441918e-02;1.602182e-02
1.864296e-02;2.100654e-01;3.083877e-01;1.718366e-02;1.344060e-02;5.376634e-02;1.253168e-01;3.585058e-02;5.998649e-02;1.056519e-01;2.297295e-02;2.873463e-02
2.094534e-02;1.443895e-01;3.561198e-01;3.747585e-02;2.246083e-02;3.085307e-02;1.382504e-01;2.187825e-02;3.295803e-02;1.194207e-01;4.553673e-02;2.971156e-02
2.467806e-02;1.521645e-01;3.534807e-01;8.200994e-02;1.913765e-02;6.066800e-02;8.651236e-02;3.254932e-02;1.594103e-02;6.683621e-02;8.308606e-02;2.293610e-02
3.351372e-02;1.848418e-01;3.117555e-01;1.211605e-01;3.591985e-02;8.598779e-02;2.738037e-02;4.027390e-02;1.873984e-02;1.677475e-02;9.958655e-02;2.406543e-02
3.609763e-02;1.216217e-01;1.362163e-01;1.738650e-01;7.610796e-02;1.675731e-01;2.169880e-02;6.291016e-02;3.580692e-02;4.256179e-02;9.506345e-02;3.047720e-02
2.802921e-02;7.699303e-02;1.859135e-01;1.531124e-01;9.529467e-02;1.875869e-01;5.310485e-02;4.743598e-02;3.878720e-02;4.814398e-02;4.837411e-02;3.722410e-02
3.121075e-02;1.562057e-01;2.427516e-01;7.736436e-02;5.818247e-02;2.012590e-01;6.973363e-02;2.969955e-02;2.800954e-02;4.405931e-02;2.935551e-02;3.216868e-02
5.376056e-02;1.802998e-01;1.711480e-01;6.243995e-02;2.679594e-02;2.200821e-01;8.705401e-02;3.981598e-02;2.792922e-02;6.394459e-02;3.872192e-02;2.800788e-02
5.839381e-02;1.894983e-01;1.363118e-01;5.811806e-02;2.456878e-02;1.896800e-01;1.230407e-01;3.857405e-02;4.579166e-02;7.012332e-02;2.972252e-02;3.617701e-02
3.918610e-02;1.925788e-01;2.089157e-01;5.355100e-02;2.993884e-02;1.696073e-01;1.500666e-01;5.293179e-02;2.816364e-02;2.742287e-02;1.653134e-02;3.110611e-02
3.550503e-02;9.596571e-02;1.973643e-01;5.122205e-02;2.951037e-02;1.991060e-01;2.060712e-01;3.298620e-02;3.495020e-02;1.647721e-02;4.040950e-02;6.043215e-02
3.700811e-02;8.506468e-02;1.640570e-01;5.372846e-02;4.269523e-02;1.611584e-01;1.921922e-01;5.504925e-02;4.207533e-02;1.930120e-02;6.196376e-02;8.570633e-02
4.839007e-02;1.574388e-01;1.777404e-01;6.772718e-02;3.173882e-02;9.899626e-02;1.523019e-01;7.363783e-02;3.917634e-02;3.323777e-02;5.167412e-02;6.794041e-02
3.740005e-02;1.750447e-01;1.501272e-01;6.345126e-02;1.736489e-02;9.580468e-02;2.187478e-01;8.181170e-02;3.126073e-02;3.176532e-02;4.831654e-02;4.890514e-02
2.790339e-02;2.110488e-01;2.020852e-01;3.890534e-02;1.784694e-02;1.041799e-01;2.100540e-01;8.102117e-02;3.295935e-02;1.616717e-02;1.640783e-02;4.142096e-02
3.086369e-02;2.361185e-01;1.739046e-01;4.756480e-02;1.802197e-02;1.018613e-01;1.891554e-01;6.254424e-02;3.933233e-02;2.842642e-02;4.729939e-02;2.490734e-02
3.686267e-02;1.966178e-01;1.675862e-01;5.137271e-02;2.892327e-02;1.082807e-01;1.886468e-01;5.902876e-02;3.626994e-02;3.766809e-02;5.230774e-02;3.643531e-02
4.146166e-02;1.313568e-01;1.907222e-01;4.867089e-02;2.538256e-02;1.268939e-01;1.884723e-01;7.969947e-02;4.547699e-02;5.071146e-02;2.555400e-02;4.559763e-02
4.282920e-02;2.203912e-01;2.087347e-01;4.475781e-02;4.189054e-02;1.105061e-01;6.333376e-02;7.506949e-02;5.491267e-02;5.728225e-02;2.953636e-02;5.075600e-02
3.171776e-02;1.166290e-01;9.769112e-02;3.826119e-02;4.834378e-02;2.367452e-01;6.081242e-02;9.882463e-02;1.018998e-01;5.788443e-02;4.389584e-02;6.729484e-02
3.825576e-02;6.464940e-02;1.035266e-01;4.274386e-02;5.565133e-02;1.849808e-01;1.041665e-01;1.476514e-01;9.484247e-02;5.047309e-02;5.791101e-02;5.514772e-02
5.049225e-02;7.817731e-02;8.811814e-02;3.106182e-02;5.145120e-02;1.108147e-01;1.630265e-01;2.425256e-01;7.054230e-02;2.831045e-02;4.201294e-02;4.346680e-02
7.240360e-02;7.939382e-02;5.867189e-02;1.900626e-02;4.952412e-02;4.420699e-02;1.874911e-01;3.884844e-01;3.929378e-02;1.323016e-02;2.274465e-02;2.554928e-02
8.453643e-02;1.067396e-01;6.360802e-02;1.562172e-02;5.167282e-02;2.070375e-02;1.263226e-01;4.202042e-01;3.087975e-02;2.020267e-02;4.555753e-02;1.395091e-02
9.897581e-02;1.506202e-01;8.336660e-02;1.578161e-02;5.649092e-02;2.104195e-02;5.539683e-02;3.762692e-01;3.774032e-02;1.494710e-02;7.490277e-02;1.446666e-02
1.018852e-01;1.696041e-01;7.826654e-02;2.160099e-02;5.012753e-02;3.570089e-02;5.918637e-02;3.381763e-01;4.950261e-02;1.265394e-02;7.111870e-02;1.217683e-02
8.365104e-02;1.819096e-01;1.654062e-01;2.608752e-02;3.716557e-02;7.189937e-02;6.338125e-02;2.319607e-01;5.196679e-02;2.354557e-02;4.730257e-02;1.572388e-02
6.586384e-02;3.055630e-01;3.023740e-01;2.395716e-02;1.770082e-02;5.793267e-02;4.112576e-02;8.877247e-02;4.165603e-02;1.509410e-02;2.255952e-02;1.740067e-02
6.961402e-02;3.755633e-01;3.228811e-01;2.213711e-02;1.016283e-02;3.304742e-02;2.786651e-02;6.357272e-02;3.937418e-02;9.940879e-03;1.329923e-02;1.254067e-02
7.684290e-02;3.377405e-01;2.912429e-01;1.952721e-02;1.460288e-02;5.279671e-02;4.727502e-02;8.660132e-02;3.029532e-02;1.089252e-02;1.756331e-02;1.461935e-02
7.272436e-02;2.722319e-01;3.132863e-01;1.986676e-02;2.425733e-02;5.724339e-02;4.402941e-02;1.090981e-01;3.531576e-02;1.267443e-02;2.236885e-02;1.690334e-02
6.014347e-02;1.643063e-01;2.758872e-01;2.664255e-02;4.386871e-02;8.310360e-02;1.400931e-02;1.923657e-01;5.341632e-02;2.505547e-02;3.663448e-02;2.456685e-02
6.407172e-02;1.552541e-01;2.535067e-01;2.695883e-02;3.395940e-02;5.842958e-02;2.244556e-02;2.518852e-01;4.636004e-02;2.400631e-02;3.964370e-02;2.347886e-02
5.750225e-02;2.106595e-01;2.702885e-01;3.245702e-02;2.074248e-02;3.728817e-02;4.707669e-02;1.974405e-01;4.841434e-02;2.428915e-02;3.730138e-02;1.653999e-02
4.008449e-02;1.986061e-01;2.381633e-01;3.885544e-02;4.329115e-02;4.476970e-02;6.996942e-02;1.549601e-01;6.306662e-02;3.470755e-02;4.332324e-02;3.020287e-02
4.918262e-02;2.017310e-01;1.991814e-01;3.749185e-02;3.503681e-02;8.241398e-02;6.699026e-02;1.065677e-01;6.856190e-02;6.296012e-02;4.981135e-02;4.007100e-02
3.749708e-02;2.176174e-01;1.990701e-01;4.006128e-02;2.295001e-02;1.036797e-01;4.046689e-02;5.633228e-02;1.117405e-01;9.825227e-02;4.405427e-02;2.827826e-02
3.207946e-02;2.445630e-01;1.849415e-01;3.723376e-02;1.646971e-02;1.063999e-01;3.131063e-02;4.251681e-02;1.635001e-01;8.515069e-02;2.957236e-02;2.626208e-02
3.611190e-02;2.902497e-01;1.430956e-01;2.795064e-02;1.572337e-02;9.035796e-02;3.044227e-02;6.166113e-02;2.137670e-01;5.748922e-02;1.939586e-02;1.375532e-02
3.690221e-02;2.873691e-01;1.097756e-01;1.742384e-02;3.326041e-02;8.316457e-02;3.063855e-02;1.085310e-01;2.424784e-01;1.740434e-02;2.493785e-02;8.114154e-03
7.833042e-02;2.124193e-01;8.076885e-02;9.697253e-03;6.633192e-02;6.637146e-02;3.679691e-02;1.683695e-01;2.115681e-01;2.443840e-02;3.644447e-02;8.463387e-03
1.216309e-01;1.347731e-01;5.157814e-02;1.121399e-02;1.103735e-01;2.845573e-02;3.255164e-02;2.699289e-01;1.550577e-01;1.530737e-02;6.102017e-02;8.108947e-03
1.480860e-01;7.380544e-02;3.369051e-02;7.240300e-03;1.381225e-01;1.873210e-02;2.685695e-02;3.562475e-01;9.031426e-02;1.019231e-02;8.877478e-02;7.937358e-03
1.430707e-01;8.880441e-02;6.684235e-02;6.318030e-03;1.261607e-01;1.456068e-02;1.954857e-02;3.762102e-01;3.725234e-02;4.521268e-03;1.092009e-01;7.509863e-03
1.318655e-01;9.528958e-02;7.727081e-02;7.609243e-03;1.063368e-01;1.731513e-02;1.895505e-02;3.785561e-01;2.965722e-02;8.175736e-03;1.223769e-01;6.591861e-03
1.201774e-01;8.957475e-02;7.839572e-02;1.040491e-02;9.448800e-02;2.216836e-02;2.556560e-02;3.740209e-01;4.099685e-02;5.810316e-03;1.278157e-01;1.058141e-02
1.112844e-01;8.293867e-02;7.676650e-02;1.111819e-02;8.890998e-02;3.746299e-02;6.240623e-02;3.455197e-01;3.987769e-02;1.225415e-02;1.149969e-01;1.646450e-02
1.034978e-01;7.886118e-02;7.302167e-02;1.167120e-02;7.394775e-02;6.402740e-02;1.450505e-01;2.871827e-01;3.625956e-02;3.379969e-02;7.548723e-02;1.719324e-02
1.072101e-01;1.419613e-01;1.033681e-01;1.552240e-02;6.165970e-02;8.139747e-02;1.660919e-01;1.780760e-01;4.149787e-02;4.712562e-02;3.814630e-02;1.794319e-02
1.241591e-01;2.816847e-01;1.628099e-01;1.667555e-02;5.809630e-02;4.439443e-02;1.172286e-01;5.913614e-02;3.655969e-02;3.170376e-02;4.796144e-02;1.959031e-02
1.065369e-01;3.384886e-01;1.609045e-01;2.007073e-02;4.266926e-02;5.085172e-02;9.200256e-02;5.630802e-02;4.838822e-02;1.785341e-02;2.917303e-02;3.675308e-02
6.294253e-02;2.899921e-01;1.730661e-01;2.374704e-02;4.483026e-02;7.167523e-02;1.021204e-01;4.302593e-02;5.227298e-02;1.352002e-02;6.982379e-02;5.298368e-02
5.165203e-02;2.583576e-01;1.410186e-01;2.459585e-02;3.473780e-02;5.879959e-02;1.351098e-01;4.815480e-02;7.053547e-02;1.975255e-02;1.171424e-01;4.014346e-02
5.487294e-02;2.974861e-01;1.121819e-01;2.652205e-02;2.685270e-02;3.456964e-02;1.060328e-01;2.895720e-02;1.029090e-01;3.075073e-02;1.543903e-01;2.447459e-02
7.128862e-02;2.921281e-01;1.259904e-01;2.777857e-02;1.598986e-02;2.382579e-02;4.597826e-02;8.248118e-02;1.348435e-01;2.878795e-02;1.318863e-01;1.902142e-02
1.006498e-01;2.662241e-01;1.268832e-01;3.015741e-02;2.951887e-02;2.207403e-02;3.774253e-02;1.419533e-01;1.322262e-01;1.321389e-02;8.418781e-02;1.516893e-02
1.055870e-01;2.800641e-01;1.750113e-01;1.972049e-02;3.809225e-02;3.460319e-02;3.985542e-02;1.337697e-01;9.602688e-02;2.507965e-02;4.254794e-02;9.642097e-03
1.037491e-01;3.004039e-01;1.789105e-01;1.509554e-02;3.723061e-02;6.515280e-02;4.439052e-02;1.255351e-01;4.548480e-02;2.976708e-02;4.661853e-02;7.661420e-03
1.019263e-01;2.614081e-01;1.264266e-01;2.010217e-02;4.480372e-02;5.732867e-02;4.450107e-02;1.811758e-01;4.033062e-02;2.651346e-02;7.333734e-02;2.214602e-02
1.064519e-01;2.142592e-01;1.286147e-01;2.876307e-02;4.172321e-02;6.073084e-02;4.285047e-02;1.602805e-01;7.241680e-02;4.491010e-02;6.244996e-02;3.654925e-02
8.706491e-02;2.751020e-01;1.554422e-01;2.470476e-02;2.753824e-02;3.121596e-02;3.863332e-02;1.446327e-01;6.859295e-02;4.890752e-02;6.278147e-02;3.538395e-02
4.215097e-02;2.749265e-01;1.958970e-01;3.301917e-02;2.550862e-02;4.736138e-02;2.430022e-02;1.021978e-01;1.385159e-01;5.683043e-02;3.332769e-02;2.596437e-02
3.215213e-02;2.619635e-01;1.905437e-01;2.714980e-02;1.811891e-02;6.065482e-02;1.872876e-02;4.675167e-02;2.262965e-01;6.309339e-02;2.641518e-02;2.813159e-02
4.519804e-02;2.099645e-01;1.327918e-01;1.518484e-02;2.461436e-02;5.924007e-02;3.438743e-02;5.519866e-02;2.642071e-01;6.422450e-02;6.479394e-02;3.019480e-02
6.271201e-02;1.494915e-01;7.152202e-02;1.160191e-02;4.845716e-02;3.669777e-02;6.954236e-02;1.587050e-01;2.329225e-01;2.759632e-02;1.186744e-01;1.207706e-02
8.989652e-02;9.872431e-02;5.759219e-02;7.813827e-03;8.082578e-02;1.647550e-02;8.331793e-02;2.524922e-01;1.530912e-01;1.299089e-02;1.372738e-01;9.505898e-03
1.234028e-01;5.645850e-02;8.023389e-02;7.120950e-03;9.866370e-02;1.682577e-02;5.527220e-02;3.482901e-01;7.792872e-02;7.866685e-03;1.200690e-01;7.867700e-03
1.514527e-01;4.392962e-02;1.274660e-01;1.064016e-02;8.711585e-02;1.568362e-02;4.521674e-02;4.021017e-01;2.534245e-02;1.559976e-02;6.880143e-02;6.650055e-03
1.524578e-01;5.481127e-02;1.793769e-01;1.104512e-02;6.346685e-02;1.319045e-02;3.377472e-02;4.135655e-01;2.414930e-02;1.589951e-02;2.945607e-02;8.806570e-03
1.431093e-01;5.889967e-02;1.943801e-01;9.562057e-03;3.800861e-02;1.688474e-02;5.423467e-02;4.182823e-01;2.750502e-02;1.088302e-02;1.445288e-02;1.379764e-02
1.363965e-01;4.647589e-02;1.563089e-01;1.412006e-02;3.651964e-02;3.784860e-02;9.380769e-02;3.880534e-01;4.486371e-02;1.439907e-02;1.567947e-02;1.552700e-02
1.078012e-01;5.253334e-02;1.027767e-01;2.222601e-02;4.942885e-02;5.883943e-02;1.311769e-01;3.372276e-01;4.854666e-02;3.546963e-02;2.081478e-02;3.315887e-02
7.497582e-02;6.243008e-02;7.319105e-02;3.219150e-02;2.273539e-02;8.092069e-02;1.928641e-01;2.977476e-01;3.915037e-02;4.539074e-02;3.357564e-02;4.482704e-02
5.474115e-02;6.199911e-02;4.513521e-02;3.080837e-02;1.160711e-02;9.731019e-02;2.708493e-01;2.478094e-01;3.489552e-02;5.346233e-02;3.053867e-02;6.084370e-02
6.028788e-02;4.940351e-02;2.940102e-02;3.459224e-02;1.194382e-02;9.372289e-02;3.280835e-01;2.242620e-01;2.926904e-02;5.625556e-02;1.304261e-02;6.973599e-02
5.429630e-02;5.906133e-02;2.642603e-02;3.954947e-02;1.518690e-02;9.406853e-02;3.602689e-01;1.965725e-01;3.443383e-02;4.920378e-02;8.982895e-03;6.194951e-02
4.614232e-02;7.921314e-02;3.938467e-02;3.467114e-02;2.034302e-02;1.000866e-01;3.952727e-01;8.910932e-02;4.715651e-02;5.189886e-02;1.279454e-02;8.392721e-02
3.991492e-02;1.160761e-01;6.589470e-02;2.665444e-02;1.875224e-02;7.262871e-02;2.705171e-01;1.662329e-01;4.343972e-02;4.895919e-02;3.061334e-02;1.003167e-01
7.071804e-02;1.839513e-01;1.279121e-01;1.873036e-02;1.189185e-02;4.871348e-02;1.092519e-01;2.333509e-01;4.979639e-02;3.106929e-02;3.470672e-02;7.990758e-02
9.817740e-02;2.563781e-01;1.550204e-01;9.773429e-03;1.436949e-02;5.011194e-02;4.583074e-02;2.185819e-01;6.530591e-02;2.333592e-02;2.206488e-02;4.104994e-02
1.251536e-01;2.622273e-01;1.608503e-01;9.569708e-03;1.705635e-02;4.270635e-02;1.078688e-01;1.098150e-01;5.989206e-02;3.859781e-02;1.565673e-02;5.060595e-02
1.382397e-01;2.618153e-01;1.510318e-01;1.967371e-02;9.605942e-03;4.589974e-02;1.317983e-01;7.242259e-02;4.061465e-02;2.748236e-02;2.172232e-02;7.969361e-02
1.170141e-01;2.018086e-01;1.294469e-01;2.705939e-02;1.350302e-02;3.976574e-02;1.476113e-01;1.345771e-01;3.052893e-02;3.211053e-02;2.567964e-02;1.008946e-01
9.143242e-02;1.725722e-01;1.052270e-01;2.493196e-02;2.310878e-02;5.737303e-02;1.377123e-01;1.702780e-01;5.134678e-02;3.330081e-02;2.130383e-02;1.114129e-01
1.024832e-01;1.461044e-01;9.522585e-02;2.523154e-02;3.221978e-02;5.836416e-02;1.023021e-01;1.857658e-01;7.461576e-02;3.919513e-02;3.392936e-02;1.045630e-01
8.970882e-02;1.597959e-01;1.477830e-01;4.097820e-02;3.844960e-02;4.619210e-02;9.829272e-02;1.520631e-01;8.691745e-02;2.729087e-02;4.453319e-02;6.799507e-02
6.789409e-02;1.571375e-01;1.125251e-01;3.117809e-02;4.891398e-02;6.754300e-02;1.242694e-01;1.405071e-01;1.001966e-01;3.061305e-02;5.505633e-02;6.416581e-02
5.878206e-02;1.320339e-01;9.416781e-02;2.610871e-02;4.898264e-02;8.382254e-02;1.555109e-01;1.492054e-01;1.218226e-01;3.107502e-02;6.190361e-02;3.658484e-02
5.232209e-02;1.416252e-01;9.714781e-02;1.557067e-02;5.026574e-02;9.566060e-02;1.290027e-01;1.730422e-01;1.224817e-01;3.728516e-02;5.411419e-02;3.148191e-02
5.776967e-02;1.382809e-01;1.114679e-01;1.450772e-02;6.666128e-02;1.032567e-01;5.087449e-02;1.924587e-01;1.338759e-01;4.068664e-02;5.005160e-02;4.010857e-02
6.937574e-02;1.105678e-01;8.530309e-02;1.493819e-02;8.942830e-02;1.065050e-01;1.033446e-01;1.485498e-01;1.338173e-01;3.874769e-02;3.945550e-02;5.996697e-02
7.758409e-02;1.135698e-01;7.017073e-02;1.098944e-02;1.281859e-01;1.060833e-01;1.417142e-01;1.300993e-01;1.040470e-01;2.572937e-02;3.881757e-02;5.300938e-02
6.611387e-02;1.080980e-01;8.072414e-02;2.936383e-02;1.312474e-01;9.874122e-02;1.402762e-01;1.458620e-01;7.969591e-02;2.201048e-02;4.377274e-02;5.409409e-02
6.225782e-02;1.246548e-01;7.839146e-02;3.398516e-02;9.214413e-02;9.578980e-02;1.404174e-01;1.675062e-01;9.136448e-02;2.747821e-02;3.127178e-02;5.473873e-02
7.516193e-02;1.813600e-01;9.313983e-02;4.204975e-02;3.703213e-02;5.855078e-02;1.855062e-01;1.075757e-01;7.126295e-02;2.442053e-02;3.677136e-02;8.716884e-02
9.214725e-02;1.919818e-01;7.721916e-02;5.857347e-02;1.521517e-02;3.504423e-02;2.209962e-01;1.052544e-01;5.214497e-02;3.000895e-02;2.579069e-02;9.562381e-02
8.951703e-02;1.750230e-01;5.252920e-02;5.958816e-02;1.320424e-02;4.630911e-02;2.170787e-01;1.451298e-01;4.961537e-02;3.994518e-02;2.143895e-02;9.062122e-02
9.679201e-02;1.971934e-01;1.084360e-01;5.662352e-02;1.544917e-02;7.083043e-02;1.717128e-01;9.453335e-02;5.401415e-02;3.521367e-02;2.346211e-02;7.573937e-02
8.734236e-02;2.185247e-01;9.219743e-02;4.934274e-02;1.473708e-02;6.940905e-02;2.324948e-01;3.878123e-02;4.947925e-02;2.245600e-02;2.728658e-02;9.794878e-02
5.471700e-02;1.920568e-01;4.473195e-02;5.126982e-02;1.235722e-02;4.965699e-02;3.063863e-01;7.089599e-02;4.682958e-02;2.898286e-02;2.306761e-02;1.190479e-01
4.005263e-02;1.920317e-01;3.355017e-02;5.781788e-02;1.437430e-02;4.855695e-02;3.286551e-01;7.789234e-02;3.311701e-02;2.380325e-02;1.690121e-02;1.332475e-01
4.537548e-02;1.997707e-01;2.726228e-02;6.538139e-02;2.141466e-02;3.240648e-02;3.203480e-01;4.909926e-02;3.419824e-02;2.724250e-02;1.835443e-02;1.591466e-01
5.580460e-02;1.880620e-01;3.488520e-02;5.599701e-02;1.383111e-02;2.640430e-02;2.678858e-01;9.219640e-02;4.066593e-02;3.781754e-02;1.370189e-02;1.727482e-01
6.574570e-02;1.854265e-01;6.104751e-02;4.122922e-02;1.598008e-02;4.675642e-02;2.387486e-01;7.001413e-02;4.253612e-02;5.306061e-02;1.007566e-02;1.693794e-01
9.702130e-02;2.137206e-01;8.135937e-02;2.295867e-02;2.038535e-02;6.277212e-02;1.755434e-01;1.098450e-01;3.486876e-02;4.828965e-02;1.722511e-02;1.160106e-01
1.154308e-01;2.589507e-01;1.445497e-01;1.197685e-02;1.829009e-02;5.914274e-02;1.165648e-01;1.129390e-01;3.713381e-02;2.243038e-02;1.999513e-02;8.259582e-02
9.600843e-02;2.818951e-01;1.479200e-01;1.534661e-02;1.637808e-02;8.091554e-02;1.421418e-01;4.732799e-02;2.844105e-02;2.850982e-02;2.802495e-02;8.709074e-02
7.659221e-02;2.392181e-01;1.323976e-01;3.074693e-02;1.647796e-02;7.655872e-02;1.642761e-01;9.745953e-02;2.946306e-02;3.304508e-02;2.868174e-02;7.508291e-02
7.006177e-02;1.877864e-01;1.109958e-01;3.976672e-02;1.541407e-02;7.765416e-02;1.564360e-01;1.204703e-01;5.902667e-02;4.160242e-02;4.036263e-02;8.042312e-02
7.159377e-02;1.803801e-01;8.813110e-02;2.430391e-02;1.951602e-02;8.341119e-02;1.628132e-01;1.581187e-01;5.150576e-02;2.565823e-02;3.964341e-02;9.492454e-02
8.070716e-02;1.666263e-01;7.692173e-02;1.763902e-02;1.873983e-02;6.200773e-02;2.016146e-01;1.770655e-01;5.018023e-02;1.703214e-02;3.060440e-02;1.008614e-01
9.429871e-02;2.225222e-01;1.409597e-01;1.281638e-02;2.759057e-02;4.948585e-02;1.577507e-01;1.217261e-01;4.406934e-02;2.465056e-02;2.439631e-02;7.973355e-02
1.274004e-01;3.090726e-01;2.016271e-01;1.831320e-02;4.126515e-02;3.590051e-02;8.727857e-02;6.572871e-02;3.331406e-02;1.655586e-02;1.986490e-02;4.367894e-02
1.192302e-01;3.545384e-01;2.204299e-01;1.293916e-02;3.860104e-02;1.910234e-02;7.882650e-02;6.308971e-02;3.374528e-02;2.034333e-02;1.491868e-02;2.423552e-02
1.037054e-01;3.605735e-01;1.788677e-01;1.351755e-02;2.388728e-02;2.240027e-02;1.023970e-01;8.577473e-02;4.392713e-02;2.645537e-02;1.667174e-02;2.182228e-02
1.283835e-01;3.386509e-01;1.518676e-01;1.733865e-02;1.600687e-02;1.234671e-02;1.161543e-01;1.040076e-01;4.651086e-02;2.789554e-02;1.273823e-02;2.809939e-02
1.418491e-01;3.289075e-01;1.538186e-01;1.715743e-02;1.102928e-02;1.620387e-02;1.061871e-01;8.349209e-02;4.826235e-02;2.639006e-02;1.669638e-02;5.000617e-02
1.525243e-01;3.213893e-01;1.397280e-01;1.954322e-02;8.583998e-03;3.098717e-02;8.135942e-02;8.202453e-02;5.180789e-02;3.090942e-02;2.310384e-02;5.803888e-02
1.418987e-01;3.366202e-01;1.953791e-01;1.811235e-02;9.941528e-03;2.915287e-02;5.362698e-02;9.516852e-02;3.594011e-02;2.190539e-02;1.803553e-02;4.421867e-02
1.314104e-01;3.562560e-01;2.008846e-01;1.348335e-02;1.018558e-02;2.653222e-02;5.110797e-02;9.038842e-02;3.303909e-02;2.108980e-02;1.710839e-02;4.851408e-02
1.301640e-01;2.974682e-01;1.674608e-01;1.833555e-02;1.244729e-02;3.942857e-02;6.147747e-02;9.170738e-02;5.938945e-02;3.070210e-02;2.005512e-02;7.136415e-02
1.102115e-01;1.117522e-01;1.407571e-01;2.868282e-02;1.788493e-02;6.056201e-02;6.828298e-02;1.934112e-01;1.220600e-01;3.838883e-02;3.542124e-02;7.258500e-02
9.393942e-02;2.524296e-01;1.479244e-01;2.140414e-02;1.239344e-02;5.145943e-02;6.269228e-02;1.542311e-01;8.469869e-02;3.724509e-02;2.001384e-02;6.156856e-02
8.210286e-02;3.211791e-01;1.737202e-01;2.223759e-02;8.462092e-03;5.610757e-02;8.113043e-02;8.448703e-02;6.369615e-02;2.466232e-02;2.208932e-02;6.012532e-02
8.428631e-02;3.253828e-01;1.928572e-01;2.540902e-02;1.396975e-02;6.746630e-02;6.306757e-02;5.546967e-02;6.478693e-02;2.758984e-02;2.864788e-02;5.106669e-02
8.583548e-02;2.709241e-01;1.806989e-01;3.583442e-02;4.190882e-02;6.417805e-02;6.343028e-02;7.331906e-02;6.061570e-02;5.273159e-02;3.259793e-02;3.792571e-02
8.157758e-02;2.337706e-01;1.465724e-01;4.014920e-02;5.528472e-02;5.227905e-02;8.961803e-02;1.150833e-01;5.958631e-02;5.779739e-02;3.831855e-02;2.996288e-02
7.686419e-02;2.238953e-01;1.222535e-01;3.430588e-02;3.969979e-02;6.713778e-02;1.323354e-01;1.219148e-01;6.676897e-02;4.694484e-02;3.849531e-02;2.938413e-02
8.396170e-02;2.295591e-01;1.120275e-01;2.895083e-02;2.575741e-02;6.206089e-02;1.794517e-01;7.699302e-02;6.971774e-02;4.072997e-02;3.838661e-02;5.240357e-02
8.221796e-02;1.994251e-01;4.120838e-02;2.647905e-02;1.638944e-02;5.819587e-02;1.834826e-01;1.594318e-01;6.390626e-02;4.902097e-02;3.511602e-02;8.512650e-02
5.429107e-02;2.211512e-01;1.805039e-01;3.471943e-02;2.154557e-02;9.875956e-02;1.082848e-01;1.135899e-01;6.430652e-02;3.942678e-02;2.641701e-02;3.700418e-02
3.707537e-02;2.537173e-01;2.803689e-01;2.992583e-02;1.921007e-02;1.172987e-01;5.139858e-02;8.274426e-02;5.896853e-02;3.248779e-02;1.819177e-02;1.861290e-02
4.245021e-02;3.078631e-01;3.075639e-01;2.518661e-02;1.354244e-02;9.641895e-02;3.358080e-02;5.965956e-02;5.819161e-02;3.342656e-02;8.917781e-03;1.319843e-02
5.920129e-02;4.083945e-01;2.690611e-01;1.541507e-02;7.685144e-03;4.009122e-02;5.041493e-02;4.216188e-02;4.885277e-02;4.046597e-02;8.606323e-03;9.649823e-03
7.469586e-02;4.621774e-01;2.212034e-01;9.771580e-03;9.658071e-03;1.558107e-02;7.268528e-02;3.230067e-02;3.694519e-02;4.632612e-02;1.106960e-02;7.585820e-03
9.318119e-02;4.564467e-01;1.776400e-01;6.853451e-03;1.324342e-02;2.956077e-02;9.008563e-02;2.986059e-02;3.309733e-02;4.989364e-02;1.091096e-02;9.226324e-03
1.086193e-01;4.471971e-01;1.161777e-01;8.273034e-03;1.154235e-02;2.578644e-02;1.033575e-01;5.296916e-02;3.775459e-02;6.044583e-02;1.453837e-02;1.333862e-02
9.014203e-02;4.416055e-01;1.438380e-01;1.112406e-02;9.635175e-03;2.155628e-02;8.705271e-02;6.403149e-02;4.507422e-02;6.196930e-02;1.205921e-02;1.191191e-02
6.724575e-02;4.563320e-01;2.282460e-01;1.078605e-02;1.041160e-02;1.865534e-02;6.171806e-02;2.726900e-02;5.188023e-02;4.916111e-02;8.219130e-03;1.007574e-02
4.651575e-02;4.596899e-01;2.535985e-01;1.390273e-02;7.092557e-03;4.080953e-02;3.596852e-02;2.514442e-02;6.453041e-02;3.769449e-02;4.960856e-03;1.009227e-02
4.226638e-02;4.604726e-01;2.974076e-01;1.493301e-02;4.284824e-03;3.977124e-02;2.008390e-02;2.565274e-02;5.730084e-02;2.285815e-02;3.963680e-03;1.100501e-02
2.870784e-02;4.159939e-01;3.663251e-01;1.349661e-02;8.100023e-03;3.761483e-02;1.495235e-02;4.405922e-02;4.088200e-02;2.009375e-02;2.556077e-03;7.218263e-03
1.603568e-02;3.423417e-01;4.492721e-01;1.431689e-02;1.711108e-02;3.352819e-02;1.360672e-02;4.768261e-02;2.092213e-02;3.328015e-02;5.353517e-03;6.549261e-03
1.543289e-02;3.121914e-01;4.939683e-01;1.845293e-02;2.972757e-02;1.674143e-02;1.270588e-02;3.325472e-02;1.245345e-02;4.173720e-02;8.404559e-03;4.929634e-03
2.527267e-02;3.202012e-01;4.900637e-01;1.535367e-02;3.632439e-02;2.382408e-02;1.101916e-02;1.381152e-02;1.132888e-02;3.924749e-02;7.523116e-03;6.030072e-03
3.533387e-02;3.164383e-01;4.835155e-01;1.426120e-02;2.573784e-02;3.202385e-02;6.834900e-03;1.972541e-02;1.475501e-02;3.845428e-02;5.574969e-03;7.344919e-03
3.225130e-02;3.385016e-01;4.755077e-01;1.743966e-02;1.047761e-02;2.494222e-02;6.493688e-03;2.974782e-02;2.040230e-02;3.348653e-02;4.292306e-03;6.457306e-03
2.901088e-02;3.528247e-01;4.601923e-01;2.170449e-02;5.437031e-03;3.102365e-02;1.141664e-02;2.690783e-02;2.513769e-02;2.068547e-02;5.007424e-03;1.065182e-02
4.031895e-02;3.854520e-01;4.447289e-01;2.355343e-02;4.815323e-03;1.533863e-02;1.503478e-02;1.288971e-02;2.582168e-02;1.652675e-02;4.623668e-03;1.089618e-02
4.560583e-02;3.834645e-01;4.202716e-01;2.218276e-02;7.704061e-03;3.257177e-02;2.050012e-02;1.394053e-02;2.380558e-02;1.352941e-02;7.227274e-03;9.196528e-03
4.969992e-02;3.674192e-01;3.512962e-01;3.193098e-02;1.142074e-02;4.868585e-02;2.926163e-02;3.097045e-02;4.457820e-02;1.420423e-02;6.016482e-03;1.451612e-02
3.738433e-02;3.440285e-01;2.259047e-01;5.497484e-02;2.011742e-02;6.586953e-02;3.268253e-02;4.852413e-02;1.038428e-01;2.386538e-02;9.214269e-03;3.359151e-02
2.502721e-02;3.090011e-01;3.066851e-01;3.461850e-02;1.825018e-02;6.122454e-02;1.676687e-02;5.181251e-02;8.571441e-02;3.763035e-02;7.610115e-03;4.565913e-02
3.125332e-02;3.458270e-01;3.798493e-01;2.518169e-02;7.285389e-03;3.341205e-02;8.813285e-03;3.810771e-02;5.353879e-02;3.258459e-02;5.766570e-03;3.838044e-02
3.561499e-02;3.871104e-01;3.696305e-01;3.263811e-02;3.132273e-03;2.589798e-02;8.645051e-03;2.595816e-02;5.578985e-02;2.167273e-02;3.445732e-03;3.046415e-02
2.986616e-02;3.899650e-01;3.417724e-01;4.895128e-02;6.168250e-03;2.830890e-02;1.285203e-02;1.867399e-02;7.414934e-02;2.115591e-02;5.597492e-03;2.253926e-02
2.521121e-02;3.434116e-01;3.454108e-01;4.497368e-02;2.349469e-02;4.232621e-02;1.330844e-02;3.465303e-02;7.192732e-02;2.961144e-02;1.037631e-02;1.529529e-02
3.125661e-02;3.085741e-01;4.010985e-01;3.108655e-02;3.015843e-02;1.829442e-02;1.395404e-02;4.528524e-02;6.558195e-02;3.380852e-02;1.128637e-02;9.615384e-03
4.628072e-02;3.567807e-01;4.018902e-01;2.030022e-02;1.513597e-02;3.083078e-02;1.420370e-02;3.112531e-02;4.007341e-02;2.400954e-02;7.529815e-03;1.183970e-02
5.687809e-02;3.802793e-01;3.829784e-01;1.736271e-02;8.664194e-03;3.369688e-02;1.876325e-02;2.321051e-02;2.794912e-02;3.076879e-02;7.203701e-03;1.224503e-02
5.146754e-02;3.084574e-01;3.867489e-01;2.288433e-02;7.221731e-03;4.619976e-02;3.621630e-02;3.680414e-02;3.531576e-02;4.524096e-02;1.234876e-02;1.109441e-02
2.463696e-02;2.520358e-01;3.990922e-01;2.757790e-02;2.130429e-02;5.503040e-02;2.641871e-02;6.314322e-02;5.057230e-02;5.346617e-02;1.106403e-02;1.565809e-02
1.966817e-02;2.000860e-01;4.418732e-01;5.807093e-02;2.866954e-02;4.246923e-02;2.102284e-02;6.134550e-02;3.319227e-02;7.187428e-02;7.507178e-03;1.422083e-02
1.487880e-02;1.614863e-01;4.814596e-01;7.009976e-02;3.878276e-02;3.239892e-02;2.895727e-02;3.124289e-02;1.861251e-02;9.443837e-02;7.992445e-03;1.965045e-02
1.438072e-02;1.779653e-01;4.923906e-01;6.675465e-02;3.760826e-02;1.828360e-02;2.343961e-02;1.206785e-02;2.150391e-02;1.015932e-01;6.447285e-03;2.756507e-02
