6.958678e-02;2.578897e-02;2.126267e-01;8.291251e-02;7.438759e-02;5.671146e-02;1.168738e-01;5.792574e-02;8.200930e-02;9.484876e-02;7.220022e-02;5.412817e-02
5.446793e-02;4.124312e-02;1.759664e-01;1.521090e-01;7.669756e-02;3.283400e-02;1.399155e-01;5.835086e-02;8.347578e-02;8.541624e-02;5.001365e-02;4.951001e-02
6.313716e-02;7.385842e-02;2.530671e-01;7.397118e-02;8.077239e-02;6.176380e-02;8.271594e-02;5.062902e-02;8.256054e-02;5.708709e-02;5.561491e-02;6.482249e-02
8.114485e-02;1.637327e-01;3.318882e-01;1.497868e-01;3.923607e-02;1.801484e-02;4.532376e-02;2.764622e-02;2.671624e-02;2.801100e-02;4.207388e-02;4.642541e-02
8.592530e-02;1.760455e-01;3.364113e-01;1.533606e-01;3.228118e-02;1.702790e-02;3.652132e-02;2.245897e-02;2.568579e-02;2.728773e-02;3.936159e-02;4.763286e-02
7.918686e-02;1.803433e-01;3.634366e-01;1.493473e-01;2.476572e-02;1.557990e-02;3.103182e-02;2.011552e-02;2.299361e-02;2.760299e-02;4.231989e-02;4.327641e-02
1.131173e-01;1.204266e-01;1.329545e-01;5.451981e-02;6.023487e-02;5.237963e-02;4.379063e-02;4.102330e-02;7.443942e-02;8.483801e-02;9.074582e-02;1.315301e-01
9.855514e-02;1.155726e-01;1.067715e-01;7.521664e-02;5.643012e-02;4.838210e-02;5.526966e-02;3.239733e-02;8.332036e-02;8.344968e-02;1.267851e-01;1.178498e-01
7.191736e-02;1.297538e-01;1.244865e-01;6.199788e-02;5.635677e-02;5.102909e-02;7.049982e-02;2.277650e-02;1.019769e-01;7.027334e-02;1.434459e-01;9.548626e-02
9.829147e-02;8.851822e-02;1.546858e-01;2.917877e-02;6.194128e-02;4.914223e-02;7.671694e-02;5.912257e-02;1.006169e-01;9.815706e-02;1.355746e-01;4.805418e-02
1.358238e-01;5.600231e-02;1.494458e-01;4.525195e-02;5.006392e-02;3.860813e-02;6.570236e-02;7.312374e-02;8.024891e-02;1.044723e-01;1.144316e-01;8.682507e-02
1.058063e-01;1.083617e-01;8.552818e-02;8.763760e-02;3.034771e-02;3.331068e-02;5.523246e-02;6.987526e-02;9.293666e-02;1.150977e-01;9.779403e-02;1.180717e-01
8.255513e-02;1.417972e-01;2.541605e-02;1.130807e-01;2.939475e-02;3.101243e-02;4.340912e-02;7.086356e-02;1.326068e-01;1.443816e-01;8.805169e-02;9.743100e-02
1.564783e-01;7.511856e-02;3.592504e-02;8.310699e-02;2.864717e-02;2.016825e-02;4.727314e-02;6.374872e-02;1.640550e-01;1.891986e-01;1.006839e-01;3.559642e-02
1.578258e-01;6.113193e-02;3.216711e-02;6.782773e-02;4.490406e-02;3.059196e-02;5.590472e-02;6.656218e-02;1.838742e-01;1.832775e-01;5.865382e-02;5.727887e-02
7.441492e-02;1.036081e-01;4.927874e-02;6.903426e-02;5.723654e-02;4.244078e-02;6.208230e-02;9.564912e-02;1.297727e-01;1.457983e-01;6.462061e-02;1.060636e-01
3.242345e-02;6.863480e-02;5.482513e-02;7.133667e-02;5.790965e-02;2.927755e-02;4.505670e-02;1.437669e-01;8.469154e-02;1.089165e-01;1.500885e-01;1.530727e-01
2.524378e-02;5.287801e-02;6.037741e-02;5.633608e-02;4.579934e-02;3.436623e-02;6.946340e-02;1.541783e-01;1.291388e-01;1.015729e-01;1.834576e-01;8.718817e-02
3.120986e-02;2.677323e-02;4.885409e-02;5.947950e-02;5.703717e-02;2.375778e-02;5.924375e-02;1.633259e-01;1.125587e-01;8.644771e-02;2.420630e-01;8.924931e-02
2.921856e-02;5.255191e-02;5.232381e-02;5.954905e-02;5.380341e-02;2.644944e-02;3.035047e-02;1.394707e-01;8.440670e-02;1.352354e-01;2.347242e-01;1.019163e-01
5.177163e-02;7.289777e-02;6.981319e-02;6.744529e-02;6.045573e-02;3.960899e-02;2.742245e-02;1.190062e-01;1.222550e-01;1.593563e-01;1.438794e-01;6.608818e-02
4.346038e-02;6.919347e-02;7.935517e-02;6.445341e-02;6.946410e-02;4.521891e-02;3.933834e-02;1.555499e-01;9.852142e-02;1.714784e-01;1.033011e-01;6.066534e-02
3.061622e-02;4.783724e-02;6.189564e-02;3.518695e-02;5.827888e-02;3.671666e-02;4.977453e-02;1.545106e-01;9.844725e-02;2.622495e-01;1.020496e-01;6.243692e-02
3.592537e-02;2.661400e-02;3.061978e-02;3.713027e-02;6.992367e-02;2.821263e-02;5.700964e-02;1.479533e-01;1.203143e-01;2.642314e-01;1.241888e-01;5.787681e-02
4.681118e-02;3.606742e-02;4.594962e-02;3.950119e-02;5.388786e-02;2.133810e-02;6.585065e-02;1.191984e-01;1.273316e-01;1.862869e-01;2.073905e-01;5.038660e-02
8.332028e-02;5.597030e-02;9.230242e-02;4.576947e-02;3.870852e-02;2.753435e-02;9.091331e-02;1.099852e-01;1.279481e-01;1.249777e-01;1.447820e-01;5.778836e-02
7.571990e-02;7.340904e-02;1.384919e-01;5.847733e-02;4.750352e-02;3.456964e-02;9.128787e-02;8.633317e-02;1.104752e-01;1.158965e-01;1.142374e-01;5.359852e-02
8.516488e-02;7.203672e-02;1.591425e-01;5.856565e-02;7.984215e-02;6.675971e-02;1.430239e-01;5.937717e-02;3.128076e-02;7.993925e-02;1.050500e-01;5.981732e-02
1.252068e-01;6.593142e-02;1.505208e-01;5.232932e-02;6.460947e-02;7.214037e-02;1.275852e-01;4.152800e-02;4.111002e-02;8.128949e-02;1.228234e-01;5.492572e-02
1.306363e-01;5.982552e-02;1.216033e-01;5.088494e-02;4.265777e-02;7.068577e-02;1.442261e-01;4.357474e-02;5.117995e-02;6.466786e-02;1.216029e-01;9.845485e-02
1.393160e-01;5.654974e-02;6.302667e-02;6.210033e-02;1.882927e-02;5.807165e-02;2.101202e-01;3.388335e-02;3.573442e-02;3.721544e-02;9.008488e-02;1.950680e-01
1.081599e-01;2.137015e-02;2.583902e-02;1.050590e-01;6.678868e-03;5.100791e-02;3.105162e-01;1.072149e-02;1.040950e-02;1.308044e-02;5.597730e-02;2.811803e-01
1.166057e-01;9.337856e-03;1.415387e-02;1.379554e-01;9.762660e-03;3.925472e-02;3.226933e-01;4.141864e-02;5.948268e-03;8.309243e-03;3.886739e-02;2.556929e-01
2.265518e-01;3.449747e-02;1.006196e-02;1.172263e-01;2.896626e-02;2.172902e-02;2.355880e-01;1.023962e-01;1.347572e-02;7.396771e-03;2.136770e-02;1.807428e-01
3.523589e-01;6.866903e-02;2.027336e-02;6.343126e-02;5.266262e-02;1.932943e-02;9.854042e-02;1.698331e-01;1.904148e-02;9.681848e-03;1.072829e-02;1.154502e-01
4.122942e-01;8.989555e-02;2.303242e-02;3.433079e-02;5.195453e-02;2.191061e-02;2.609530e-02;2.143719e-01;2.797172e-02;8.291776e-03;1.329881e-02;7.655245e-02
4.212634e-01;8.263884e-02;1.442609e-02;2.131321e-02;4.330000e-02;1.903693e-02;5.421847e-02;2.558749e-01;1.380857e-02;6.256328e-03;7.153790e-03;6.070938e-02
4.203900e-01;9.093866e-02;2.194160e-02;1.084019e-02;3.583192e-02;1.038237e-02;3.277199e-02;2.880006e-01;3.045808e-02;4.730715e-03;8.251239e-03;4.546260e-02
3.742709e-01;1.215292e-01;3.111629e-02;1.262412e-02;2.684617e-02;4.584633e-03;2.096550e-02;2.703863e-01;8.211973e-02;5.726771e-03;1.709251e-02;3.273777e-02
2.906919e-01;1.652781e-01;5.871419e-02;6.652344e-03;1.679997e-02;6.418892e-03;1.991071e-02;2.087324e-01;1.724792e-01;9.352850e-03;2.218000e-02;2.278942e-02
1.985461e-01;1.990087e-01;1.009738e-01;1.322225e-02;9.290178e-03;7.107082e-03;1.497072e-02;1.187532e-01;2.905537e-01;1.675772e-02;1.996790e-02;1.084859e-02
1.478773e-01;2.094770e-01;1.493907e-01;2.036701e-02;1.839144e-02;8.263351e-03;1.084250e-02;6.132348e-02;3.412004e-01;1.042864e-02;1.583515e-02;6.603113e-03
1.315319e-01;1.744524e-01;1.815004e-01;3.153495e-02;2.720376e-02;8.326161e-03;1.861348e-02;8.553435e-02;2.837180e-01;2.186467e-02;1.750364e-02;1.821625e-02
1.204798e-01;1.337391e-01;1.882716e-01;5.397488e-02;5.418278e-02;1.128003e-02;3.870931e-02;9.600767e-02;2.259396e-01;2.209566e-02;2.718122e-02;2.813842e-02
2.066469e-01;1.259298e-01;1.228119e-01;5.424127e-02;7.063607e-02;2.027339e-02;4.996115e-02;9.769060e-02;1.428143e-01;3.042255e-02;3.412946e-02;4.444255e-02
2.510476e-01;1.193702e-01;9.429015e-02;8.354089e-02;9.004052e-02;4.184658e-02;4.301262e-02;8.012313e-02;9.029682e-02;2.684255e-02;4.358225e-02;3.600676e-02
1.956706e-01;9.127969e-02;1.104005e-01;1.396776e-01;8.751133e-02;7.774740e-02;5.408318e-02;4.891669e-02;9.921128e-02;2.635213e-02;4.301063e-02;2.613897e-02
1.102183e-01;4.691192e-02;9.218631e-02;1.947404e-01;1.244363e-01;8.263461e-02;7.951388e-02;7.743113e-02;1.066235e-01;3.114986e-02;3.156552e-02;2.258831e-02
7.213522e-02;2.762822e-02;8.105158e-02;1.932882e-01;1.474632e-01;7.028299e-02;9.835025e-02;1.360147e-01;9.689526e-02;3.164258e-02;2.443027e-02;2.081759e-02
9.547573e-02;4.965201e-02;9.771175e-02;1.184831e-01;1.208486e-01;4.415279e-02;6.765477e-02;1.710407e-01;1.412753e-01;4.040838e-02;2.853756e-02;2.475936e-02
9.584406e-02;7.901949e-02;9.428930e-02;9.828419e-02;1.295412e-01;3.288141e-02;5.600370e-02;1.437541e-01;1.640695e-01;5.795413e-02;2.759142e-02;2.076745e-02
7.813647e-02;7.106946e-02;9.396603e-02;1.470237e-01;1.286928e-01;4.629472e-02;4.792650e-02;1.415174e-01;1.280542e-01;5.978909e-02;2.996757e-02;2.756212e-02
5.998671e-02;7.047851e-02;9.242091e-02;1.567145e-01;1.071301e-01;3.732443e-02;8.657132e-02;1.475166e-01;8.446340e-02;7.657158e-02;5.613670e-02;2.468527e-02
9.484016e-02;5.725440e-02;6.197980e-02;1.457960e-01;8.987792e-02;4.007029e-02;8.898064e-02;1.413921e-01;1.594032e-01;8.367280e-02;1.812488e-02;1.860779e-02
1.073262e-01;4.778169e-02;4.821920e-02;7.480648e-02;7.551379e-02;4.365988e-02;1.414731e-01;1.399335e-01;1.836815e-01;7.967112e-02;3.521429e-02;2.271934e-02
9.405315e-02;4.567629e-02;1.160115e-01;8.117246e-02;7.104134e-02;4.078673e-02;1.810411e-01;9.567427e-02;1.511791e-01;5.763607e-02;3.737074e-02;2.835722e-02
1.331687e-01;8.636185e-02;1.994300e-01;7.479408e-02;5.780675e-02;2.200320e-02;1.422415e-01;8.625986e-02;1.188428e-01;2.820563e-02;2.818764e-02;2.269799e-02
2.017333e-01;1.098805e-01;1.794112e-01;4.685897e-02;4.032454e-02;1.842022e-02;8.977710e-02;1.481470e-01;9.754243e-02;2.296321e-02;1.569179e-02;2.924963e-02
2.734004e-01;9.916314e-02;1.059682e-01;2.807807e-02;2.848138e-02;1.176344e-02;7.725699e-02;2.323844e-01;8.245675e-02;1.428265e-02;1.168500e-02;3.507961e-02
3.153094e-01;5.511868e-02;2.724457e-02;1.579819e-02;1.684117e-02;9.528310e-03;1.284540e-01;3.113119e-01;5.033743e-02;1.032043e-02;9.212892e-03;5.052294e-02
2.845931e-01;2.108424e-02;2.989032e-02;1.430135e-02;1.126508e-02;1.666401e-02;2.274147e-01;2.795402e-01;1.722274e-02;9.431020e-03;8.427543e-03;8.016562e-02
2.481693e-01;2.794212e-02;1.871960e-02;1.837368e-02;1.026205e-02;4.062202e-02;3.002413e-01;1.865723e-01;1.177559e-02;1.341995e-02;1.320849e-02;1.106936e-01
2.132327e-01;2.592314e-02;1.451247e-02;2.846127e-02;8.982741e-03;6.341791e-02;3.431820e-01;1.003689e-01;1.108860e-02;2.718850e-02;2.073378e-02;1.429080e-01
1.859170e-01;1.404340e-02;1.460904e-02;3.332381e-02;1.285109e-02;7.818863e-02;3.489578e-01;4.436018e-02;1.420623e-02;4.813719e-02;3.349065e-02;1.719150e-01
1.868052e-01;2.087373e-02;3.568844e-02;2.726422e-02;1.625275e-02;7.338778e-02;2.660490e-01;8.190492e-02;1.960806e-02;5.733187e-02;5.879209e-02;1.560420e-01
1.798544e-01;3.148375e-02;3.914965e-02;1.970470e-02;3.199362e-02;6.860053e-02;1.910896e-01;1.182887e-01;2.886119e-02;7.181824e-02;1.052725e-01;1.138833e-01
1.347467e-01;3.108919e-02;4.286006e-02;1.344054e-02;5.777474e-02;6.069167e-02;1.750828e-01;1.644745e-01;4.437314e-02;8.918279e-02;1.343208e-01;5.196308e-02
1.104019e-01;2.418775e-02;3.588239e-02;2.046183e-02;7.087123e-02;6.095972e-02;2.220129e-01;1.680133e-01;4.187789e-02;7.664264e-02;1.039028e-01;6.478560e-02
8.492719e-02;2.704048e-02;3.423763e-02;2.714493e-02;8.266301e-02;9.682268e-02;2.536317e-01;1.083940e-01;9.485283e-02;6.538863e-02;6.948565e-02;5.541133e-02
7.908015e-02;2.486789e-02;3.079634e-02;3.076425e-02;7.412965e-02;7.168543e-02;2.905175e-01;7.035027e-02;1.263770e-01;4.669666e-02;7.641293e-02;7.832196e-02
1.237629e-01;2.257118e-02;4.247518e-02;1.934605e-02;9.240152e-02;4.643550e-02;1.992865e-01;1.197557e-01;1.046999e-01;8.954031e-02;6.225083e-02;7.747446e-02
1.815942e-01;3.811050e-02;3.989184e-02;2.057821e-02;1.034047e-01;6.758834e-02;1.534008e-01;1.172553e-01;9.353437e-02;8.682770e-02;3.302298e-02;6.479102e-02
2.266418e-01;2.333053e-02;5.356359e-02;2.573316e-02;7.494213e-02;1.172174e-01;1.292152e-01;8.709251e-02;7.295439e-02;6.895087e-02;3.285324e-02;8.750505e-02
2.228401e-01;4.845463e-02;5.087031e-02;2.837177e-02;4.572649e-02;8.827136e-02;1.342759e-01;9.562240e-02;5.243571e-02;9.008437e-02;3.987826e-02;1.031687e-01
1.599599e-01;3.137615e-02;6.005141e-02;4.371786e-02;4.167596e-02;6.735660e-02;1.595991e-01;1.092513e-01;9.548458e-02;8.874258e-02;3.765325e-02;1.051313e-01
1.175570e-01;6.790081e-02;1.069037e-01;8.537378e-02;3.803511e-02;6.096421e-02;8.515853e-02;1.329563e-01;7.151046e-02;7.420316e-02;8.170460e-02;7.773237e-02
8.728663e-02;6.377503e-02;8.927282e-02;8.967897e-02;3.599082e-02;4.973245e-02;1.390999e-01;1.496669e-01;1.103221e-01;7.365042e-02;8.349921e-02;2.802470e-02
6.596514e-02;7.123321e-02;1.163413e-01;7.786645e-02;3.205450e-02;3.699080e-02;1.821512e-01;4.204891e-02;2.103038e-01;1.195267e-01;2.600039e-02;1.951759e-02
1.062719e-01;5.929292e-02;8.812914e-02;4.376069e-02;1.954831e-02;1.986616e-02;1.360358e-01;1.389372e-01;1.779852e-01;8.732052e-02;5.816454e-02;6.468771e-02
9.997426e-02;3.938740e-02;4.552683e-02;4.052236e-02;1.447006e-02;2.125854e-02;1.731510e-01;1.735339e-01;1.390150e-01;6.001437e-02;4.101338e-02;1.521329e-01
7.003745e-02;2.174841e-02;1.944702e-02;5.060969e-02;9.619572e-03;2.104205e-02;2.601032e-01;1.401894e-01;6.991388e-02;3.309716e-02;1.279603e-02;2.913961e-01
3.241292e-02;2.500274e-02;1.616913e-02;6.866790e-02;7.593560e-03;1.985955e-02;3.106938e-01;3.609145e-02;1.338283e-02;2.663649e-02;2.448788e-02;4.190018e-01
3.087927e-02;2.852273e-02;1.246303e-02;7.266524e-02;7.693224e-03;1.533357e-02;2.926849e-01;3.705973e-02;1.233079e-02;3.038622e-02;2.628150e-02;4.336999e-01
4.263974e-02;2.418369e-02;2.364547e-02;5.470715e-02;1.096199e-02;3.440501e-02;2.542029e-01;5.265192e-02;1.843134e-02;3.879704e-02;7.821430e-02;3.671594e-01
4.778064e-02;1.954859e-02;3.650312e-02;3.540703e-02;1.825628e-02;5.204749e-02;2.292487e-01;5.321058e-02;3.332001e-02;5.744280e-02;1.176182e-01;2.996167e-01
5.165667e-02;1.729398e-02;3.543027e-02;2.168258e-02;2.036637e-02;4.472260e-02;2.452260e-01;5.196489e-02;5.917433e-02;6.868561e-02;1.103165e-01;2.734802e-01
6.284178e-02;1.818728e-02;2.447546e-02;4.704533e-02;1.822462e-02;3.548549e-02;2.734374e-01;6.681733e-02;5.494804e-02;3.391595e-02;4.195420e-02;3.226671e-01
5.438489e-02;1.723477e-02;1.314730e-02;6.387333e-02;1.554148e-02;2.597255e-02;2.444707e-01;4.909129e-02;2.791758e-02;2.400493e-02;9.911333e-02;3.652479e-01
3.744284e-02;2.986216e-02;3.246898e-02;8.646553e-02;2.021728e-02;2.508780e-02;2.215849e-01;2.838224e-02;3.947435e-02;3.725841e-02;1.145292e-01;3.272263e-01
3.802865e-02;4.370237e-02;3.889162e-02;9.548870e-02;1.638006e-02;2.922162e-02;2.313344e-01;5.684683e-02;6.999481e-02;3.581936e-02;1.029095e-01;2.413821e-01
7.501082e-02;3.670818e-02;3.862296e-02;9.230618e-02;2.052751e-02;3.998368e-02;2.471175e-01;1.086214e-01;5.775353e-02;3.964305e-02;6.861608e-02;1.750891e-01
1.233420e-01;4.235530e-02;6.707612e-02;4.294607e-02;3.437797e-02;3.617705e-02;1.882775e-01;1.160486e-01;7.111812e-02;4.965459e-02;5.795938e-02;1.706673e-01
1.030695e-01;4.972542e-02;1.133595e-01;4.398694e-02;4.062304e-02;2.593335e-02;6.784885e-02;4.225796e-02;1.836246e-01;1.245189e-01;1.153782e-01;8.967383e-02
6.646311e-02;5.880088e-02;9.869302e-02;3.773394e-02;3.767370e-02;2.824131e-02;8.841863e-02;6.755009e-02;1.996910e-01;1.650613e-01;1.006241e-01;5.104894e-02
6.832423e-02;6.194630e-02;8.089076e-02;3.642933e-02;3.225594e-02;3.338007e-02;1.156911e-01;5.408597e-02;1.911119e-01;1.715050e-01;7.941871e-02;7.496076e-02
6.795111e-02;7.649261e-02;6.765895e-02;4.911726e-02;2.271970e-02;3.265389e-02;1.466593e-01;2.500470e-02;1.534451e-01;1.447815e-01;6.547491e-02;1.480411e-01
4.620794e-02;9.909829e-02;5.110998e-02;7.096013e-02;1.447892e-02;2.495986e-02;1.848960e-01;2.905901e-02;8.388268e-02;9.257665e-02;6.119881e-02;2.415717e-01
3.900661e-02;1.082129e-01;4.078099e-02;8.172678e-02;9.012068e-03;2.878448e-02;2.361007e-01;2.980665e-02;2.283439e-02;4.766380e-02;4.228404e-02;3.137866e-01
3.009829e-02;9.664158e-02;3.735454e-02;7.120770e-02;9.525566e-03;4.283304e-02;2.725926e-01;1.961739e-02;3.644136e-02;2.011723e-02;5.662414e-02;3.069466e-01
2.902376e-02;8.484300e-02;4.623351e-02;6.055275e-02;2.137945e-02;7.867012e-02;2.904488e-01;2.464692e-02;3.400974e-02;2.382782e-02;8.232883e-02;2.240354e-01
3.347638e-02;7.309841e-02;8.785401e-02;5.287600e-02;3.894577e-02;8.603795e-02;2.712927e-01;4.120837e-02;3.226570e-02;4.443700e-02;1.143000e-01;1.242077e-01
3.717652e-02;6.910079e-02;1.211965e-01;4.529586e-02;3.383094e-02;5.049199e-02;2.535864e-01;1.045543e-01;6.873176e-02;4.556042e-02;9.045718e-02;8.001740e-02
5.334102e-02;5.386206e-02;1.116949e-01;4.738484e-02;3.020994e-02;4.396743e-02;2.637049e-01;1.397018e-01;1.006093e-01;4.213690e-02;5.479785e-02;5.858907e-02
3.887705e-02;4.688199e-02;6.808928e-02;4.354567e-02;2.456471e-02;6.701165e-02;3.150209e-01;1.216159e-01;6.427731e-02;3.767015e-02;7.847485e-02;9.397054e-02
2.552676e-02;3.276857e-02;4.574552e-02;3.510717e-02;3.745505e-02;1.035611e-01;3.450355e-01;7.361989e-02;4.233527e-02;3.323656e-02;1.143106e-01;1.112979e-01
7.467993e-03;1.364346e-02;6.182216e-02;2.791423e-02;6.177604e-02;1.460000e-01;2.976238e-01;3.424786e-02;5.434310e-02;2.447909e-02;1.734338e-01;9.724849e-02
1.600033e-02;1.415240e-02;8.057249e-02;1.528397e-02;7.660861e-02;1.811153e-01;2.128235e-01;2.598910e-02;5.455979e-02;2.258394e-02;2.215837e-01;7.872693e-02
1.679689e-02;6.720983e-03;9.950449e-02;1.111638e-02;8.693351e-02;2.150288e-01;1.319663e-01;1.587304e-02;4.431894e-02;2.755547e-02;2.537318e-01;9.045345e-02
1.652068e-02;1.295960e-02;1.143582e-01;2.015814e-02;1.021909e-01;2.397035e-01;6.312465e-02;1.182637e-02;3.194810e-02;3.889183e-02;2.578125e-01;9.050553e-02
2.262791e-02;1.595495e-02;1.066935e-01;3.436166e-02;1.145321e-01;2.117448e-01;7.755022e-02;2.393592e-02;3.684417e-02;5.329213e-02;2.100840e-01;9.237871e-02
2.921870e-02;2.476102e-02;7.306673e-02;2.986862e-02;1.210759e-01;1.941390e-01;9.714759e-02;2.658708e-02;5.164457e-02;8.392165e-02;1.555529e-01;1.130162e-01
2.855081e-02;2.781212e-02;6.526794e-02;6.818885e-02;9.966181e-02;1.446856e-01;1.102466e-01;2.509335e-02;5.533543e-02;1.092110e-01;1.937905e-01;7.215599e-02
2.090128e-02;3.324404e-02;7.094637e-02;8.918564e-02;9.718540e-02;5.690487e-02;1.775933e-01;4.805524e-02;4.671797e-02;1.190369e-01;2.035263e-01;3.670267e-02
3.772854e-02;3.941360e-02;5.400690e-02;5.329769e-02;1.029159e-01;5.948223e-02;2.250724e-01;5.055153e-02;7.989565e-02;8.520319e-02;1.423228e-01;7.010962e-02
4.385594e-02;5.988518e-02;6.952774e-02;3.809993e-02;9.870222e-02;1.105607e-01;2.277909e-01;4.997301e-02;9.524278e-02;5.899191e-02;7.135941e-02;7.601036e-02
3.993494e-02;4.183055e-02;7.605807e-02;4.601331e-02;8.066022e-02;1.954569e-01;2.435567e-01;3.120811e-02;5.979988e-02;4.485650e-02;6.207624e-02;7.854860e-02
3.601459e-02;1.649855e-02;7.572304e-02;4.258106e-02;5.209318e-02;2.342204e-01;2.824603e-01;2.451703e-02;5.577144e-02;4.439161e-02;5.141708e-02;8.431174e-02
4.074702e-02;1.614667e-02;7.541922e-02;4.957757e-02;4.824068e-02;2.248239e-01;2.740393e-01;5.497943e-02;4.748822e-02;4.749873e-02;3.879883e-02;8.224043e-02
4.793976e-02;3.158485e-02;8.119185e-02;5.448588e-02;5.316058e-02;2.021790e-01;1.362331e-01;1.084391e-01;9.656301e-02;5.265287e-02;6.513730e-02;7.043266e-02
5.060370e-02;2.524018e-02;7.976456e-02;3.526505e-02;6.175067e-02;1.671799e-01;1.467519e-01;1.217397e-01;1.143979e-01;7.082642e-02;7.696704e-02;4.951303e-02
9.009995e-02;2.915481e-02;8.416434e-02;4.673024e-02;7.588747e-02;1.716926e-01;9.834765e-02;6.489914e-02;8.665355e-02;1.115792e-01;7.755803e-02;6.323310e-02
9.397690e-02;5.302875e-02;8.877598e-02;6.602924e-02;5.302740e-02;1.500134e-01;1.374515e-01;4.346307e-02;7.631185e-02;1.043454e-01;9.387782e-02;3.969883e-02
5.568703e-02;5.655348e-02;8.035949e-02;3.930493e-02;7.285586e-02;1.441304e-01;1.963289e-01;6.638612e-02;4.769351e-02;8.181558e-02;1.055077e-01;5.337704e-02
5.455909e-02;6.620261e-02;9.065578e-02;2.640978e-02;7.808056e-02;1.462064e-01;1.542435e-01;9.194816e-02;7.939167e-02;8.052391e-02;7.825350e-02;5.352500e-02
8.803387e-02;4.820464e-02;1.129211e-01;2.508602e-02;4.096144e-02;1.250946e-01;1.450027e-01;1.090090e-01;8.946415e-02;9.118966e-02;6.839862e-02;5.663434e-02
5.956774e-02;5.375674e-02;1.203187e-01;2.334958e-02;4.670946e-02;1.083324e-01;1.785487e-01;1.391589e-01;8.587467e-02;7.391255e-02;6.860452e-02;4.186602e-02
2.368891e-02;3.404956e-02;2.185166e-01;4.128064e-02;7.644121e-02;6.458785e-02;2.706412e-01;9.248392e-02;5.063030e-02;7.368430e-02;3.185448e-02;2.214107e-02
8.480241e-02;5.304663e-02;1.696641e-01;2.916707e-02;6.317613e-02;5.671693e-02;2.819393e-01;8.663676e-02;6.189532e-02;5.251163e-02;3.685602e-02;2.358764e-02
1.266935e-01;8.308493e-02;1.316935e-01;2.084562e-02;4.966534e-02;6.055897e-02;2.306330e-01;8.303166e-02;9.995314e-02;5.982716e-02;2.746046e-02;2.655270e-02
1.158696e-01;1.174483e-01;1.652016e-01;1.786738e-02;4.658719e-02;7.305200e-02;1.236825e-01;5.395610e-02;1.551766e-01;8.996188e-02;1.628507e-02;2.491185e-02
9.880589e-02;1.348491e-01;1.274769e-01;1.191339e-02;5.246496e-02;7.083897e-02;1.303010e-01;5.140655e-02;1.720483e-01;9.695172e-02;3.421550e-02;1.872779e-02
1.458821e-01;1.487987e-01;9.784298e-02;7.734124e-03;5.683099e-02;6.383926e-02;1.045279e-01;6.640811e-02;1.644507e-01;8.954861e-02;4.215251e-02;1.198404e-02
1.511760e-01;1.494000e-01;1.052479e-01;7.272559e-03;5.434038e-02;5.970834e-02;1.275040e-01;6.856191e-02;1.491195e-01;6.801371e-02;4.584170e-02;1.381400e-02
1.459354e-01;1.574270e-01;1.220008e-01;5.803395e-03;5.390595e-02;5.907634e-02;9.841462e-02;7.317521e-02;1.575258e-01;5.691507e-02;5.106726e-02;1.875312e-02
1.472375e-01;1.429581e-01;1.169296e-01;9.424461e-03;5.185677e-02;5.153149e-02;1.558468e-01;7.718115e-02;1.262970e-01;4.080293e-02;5.317970e-02;2.675452e-02
1.376520e-01;1.305280e-01;1.025699e-01;1.246930e-02;5.087411e-02;4.016711e-02;2.421941e-01;6.890916e-02;8.016130e-02;4.449660e-02;6.395824e-02;2.602028e-02
6.693100e-02;1.285107e-01;1.903862e-01;2.601464e-02;4.149381e-02;3.158331e-02;2.431321e-01;4.249390e-02;9.606932e-02;5.794641e-02;5.863893e-02;1.679965e-02
7.747276e-02;1.584561e-01;2.408803e-01;2.738059e-02;1.759875e-02;4.600581e-02;1.421250e-01;3.663571e-02;1.392600e-01;5.202805e-02;3.353509e-02;2.862185e-02
1.420910e-01;1.981202e-01;2.068902e-01;2.369195e-02;2.146588e-02;5.031105e-02;4.761716e-02;2.854016e-02;1.602034e-01;6.165032e-02;3.211545e-02;2.730324e-02
1.747372e-01;2.024551e-01;1.578504e-01;1.669053e-02;1.808244e-02;3.597169e-02;8.960339e-02;3.444806e-02;1.431679e-01;7.030793e-02;3.387593e-02;2.280956e-02
1.998526e-01;2.061825e-01;1.478321e-01;1.727452e-02;1.309302e-02;2.645113e-02;7.526849e-02;4.469681e-02;1.352227e-01;7.756721e-02;3.692265e-02;1.963636e-02
1.853923e-01;2.055950e-01;1.391544e-01;1.466492e-02;1.325235e-02;2.359848e-02;5.856118e-02;5.529462e-02;1.463578e-01;9.073680e-02;4.394155e-02;2.345059e-02
1.549574e-01;1.937711e-01;1.353497e-01;2.952623e-02;1.737051e-02;2.680998e-02;3.762579e-02;5.834241e-02;1.615429e-01;1.025000e-01;5.146198e-02;3.074200e-02
7.072396e-02;1.252272e-01;1.858116e-01;3.881136e-02;3.883292e-02;4.139749e-02;5.226493e-02;5.256008e-02;1.806239e-01;7.155791e-02;8.666290e-02;5.552579e-02
1.022303e-01;9.985558e-02;1.322549e-01;3.510902e-02;3.192286e-02;5.770150e-02;4.204740e-02;6.691051e-02;1.883122e-01;6.666423e-02;1.005380e-01;7.645348e-02
9.016129e-02;7.903495e-02;1.086938e-01;2.375029e-02;1.976038e-02;8.301865e-02;8.759339e-02;7.298569e-02;1.572116e-01;9.307945e-02;9.489699e-02;8.981356e-02
4.501949e-02;5.495284e-02;1.547325e-01;2.062082e-02;2.567809e-02;1.135341e-01;1.757421e-01;5.929479e-02;8.138191e-02;1.190201e-01;6.596410e-02;8.405920e-02
3.354818e-02;3.547552e-02;1.904090e-01;3.163950e-02;3.843212e-02;1.207865e-01;2.065403e-01;4.590275e-02;4.638707e-02;1.496914e-01;4.934056e-02;5.184708e-02
2.512274e-02;3.983025e-02;2.054392e-01;2.925327e-02;3.696367e-02;1.310506e-01;2.013685e-01;3.242904e-02;6.424496e-02;1.591198e-01;3.518939e-02;3.998860e-02
2.103421e-02;5.322086e-02;2.406980e-01;2.351735e-02;2.577811e-02;1.313139e-01;1.939134e-01;2.177344e-02;7.482538e-02;1.683898e-01;1.818463e-02;2.735094e-02
1.894478e-02;7.767322e-02;2.626556e-01;1.977634e-02;1.970684e-02;1.028665e-01;1.666247e-01;2.778241e-02;9.462111e-02;1.517193e-01;1.979887e-02;3.783037e-02
3.611191e-02;1.133929e-01;2.893046e-01;1.903204e-02;1.571755e-02;8.630657e-02;1.355330e-01;3.497308e-02;9.791913e-02;1.184130e-01;1.769433e-02;3.560191e-02
2.779783e-02;1.429624e-01;3.561131e-01;1.724015e-02;1.399220e-02;7.594518e-02;1.199773e-01;2.927398e-02;8.167032e-02;9.149753e-02;2.492571e-02;1.860443e-02
2.368334e-02;1.445301e-01;4.142767e-01;1.295576e-02;1.257974e-02;6.843287e-02;1.069341e-01;4.184013e-02;5.712003e-02;7.498252e-02;2.468937e-02;1.797529e-02
1.621740e-02;1.470107e-01;4.282631e-01;2.356337e-02;1.772586e-02;8.707281e-02;6.204099e-02;4.011974e-02;6.521567e-02;5.475572e-02;1.562005e-02;4.239455e-02
4.045708e-02;1.433420e-01;2.985403e-01;2.965154e-02;2.345986e-02;1.178490e-01;5.898426e-02;3.152512e-02;1.327051e-01;3.166330e-02;3.447260e-02;5.734976e-02
6.041334e-02;1.020824e-01;1.136234e-01;2.467520e-02;3.971828e-02;1.323535e-01;1.279285e-01;6.812716e-02;1.626641e-01;3.355517e-02;9.924834e-02;3.561050e-02
7.880745e-02;5.297723e-02;5.797992e-02;2.418378e-02;4.477495e-02;1.009472e-01;1.342943e-01;9.585065e-02;1.657316e-01;4.963540e-02;1.775354e-01;1.728212e-02
6.836159e-02;3.340616e-02;5.679359e-02;2.865654e-02;4.028793e-02;4.382736e-02;1.313987e-01;1.230742e-01;1.215302e-01;1.033903e-01;2.022529e-01;4.702062e-02
5.774243e-02;6.876289e-02;4.446322e-02;3.462881e-02;3.597813e-02;3.157650e-02;1.355374e-01;1.142385e-01;4.195211e-02;1.867403e-01;1.534556e-01;9.492412e-02
5.666798e-02;1.202236e-01;3.981506e-02;4.379914e-02;2.931543e-02;3.814596e-02;1.367413e-01;5.515607e-02;9.662181e-02;1.754283e-01;5.240097e-02;1.556843e-01
4.546791e-02;1.324902e-01;5.018172e-02;4.175826e-02;3.216908e-02;3.909000e-02;1.251090e-01;2.303733e-02;1.257847e-01;1.030514e-01;8.552192e-02;1.963384e-01
4.504432e-02;1.095300e-01;6.296778e-02;3.026294e-02;4.635866e-02;5.176817e-02;1.143465e-01;3.176180e-02;1.368223e-01;5.529838e-02;1.378479e-01;1.779913e-01
5.261395e-02;6.988406e-02;8.659223e-02;2.095445e-02;6.104900e-02;6.364293e-02;1.009640e-01;2.791212e-02;1.193762e-01;2.795211e-02;2.388121e-01;1.302469e-01
4.627092e-02;3.757419e-02;9.677343e-02;1.879182e-02;6.648572e-02;6.441005e-02;8.983637e-02;1.278920e-02;7.256196e-02;1.922494e-02;3.413904e-01;1.338910e-01
1.627559e-02;2.141363e-02;6.477948e-02;1.883552e-02;6.158118e-02;6.639116e-02;1.112471e-01;1.944107e-02;3.113970e-02;2.692710e-02;3.547755e-01;2.071930e-01
2.372644e-02;2.623711e-02;2.703967e-02;2.158556e-02;4.649246e-02;8.838999e-02;1.865786e-01;3.046927e-02;2.710333e-02;3.734272e-02;2.500420e-01;2.349928e-01
3.208914e-02;3.645500e-02;2.265677e-02;3.342073e-02;4.205956e-02;1.250737e-01;2.548993e-01;3.832394e-02;2.255715e-02;3.657437e-02;1.459915e-01;2.098988e-01
4.098083e-02;4.756604e-02;3.914867e-02;5.604270e-02;5.646673e-02;1.176060e-01;2.553495e-01;4.503052e-02;2.703213e-02;3.237178e-02;1.508355e-01;1.315695e-01
1.084324e-01;5.319338e-02;4.081888e-02;8.459192e-02;6.277768e-02;4.127862e-02;2.206521e-01;5.685989e-02;2.430173e-02;4.937358e-02;1.627102e-01;9.500957e-02
1.514720e-01;2.434431e-02;3.064361e-02;8.886876e-02;4.504139e-02;4.352216e-02;2.275436e-01;5.894304e-02;1.831126e-02;4.784090e-02;1.144075e-01;1.490615e-01
1.628577e-01;5.701645e-02;3.458854e-02;8.335966e-02;4.016924e-02;3.643978e-02;2.415826e-01;5.813912e-02;2.021094e-02;3.913810e-02;6.704474e-02;1.594531e-01
2.595667e-01;1.015564e-01;5.056238e-02;7.015726e-02;3.700878e-02;2.922617e-02;1.705301e-01;4.954292e-02;3.039910e-02;3.301997e-02;4.260898e-02;1.258213e-01
4.151112e-01;1.327759e-01;5.997435e-02;4.218366e-02;2.128074e-02;1.797252e-02;7.678068e-02;7.089824e-02;1.498613e-02;2.903134e-02;2.094555e-02;9.805965e-02
4.945881e-01;1.160639e-01;3.415651e-02;1.973280e-02;1.307505e-02;1.231751e-02;7.408497e-02;9.380039e-02;9.367717e-03;2.223398e-02;1.603524e-02;9.454381e-02
5.565025e-01;8.585285e-02;2.487594e-02;1.362309e-02;6.183995e-03;1.008158e-02;6.841052e-02;1.144385e-01;6.858391e-03;1.216228e-02;1.113380e-02;8.987650e-02
5.834510e-01;9.084194e-02;3.015003e-02;8.232461e-03;5.567776e-03;7.265188e-03;3.956722e-02;1.130869e-01;9.890039e-03;6.812382e-03;1.049900e-02;9.463610e-02
5.633702e-01;9.541234e-02;4.090144e-02;4.849834e-03;4.754706e-03;7.684223e-03;5.509492e-02;8.940425e-02;9.310216e-03;1.639412e-02;1.226158e-02;1.005621e-01
5.482976e-01;7.248154e-02;2.177641e-02;5.517882e-03;6.854982e-03;7.489361e-03;7.910383e-02;5.741573e-02;1.341770e-02;4.812096e-02;1.954957e-02;1.199743e-01
4.423387e-01;5.509527e-02;2.295118e-02;1.371026e-02;1.060365e-02;1.179997e-02;1.257650e-01;4.033868e-02;7.893328e-03;8.227082e-02;3.225084e-02;1.549823e-01
3.116121e-01;3.064708e-02;2.143146e-02;2.104004e-02;1.365762e-02;1.235445e-02;1.929872e-01;5.462481e-02;9.784623e-03;1.001795e-01;4.718139e-02;1.844998e-01
2.485159e-01;1.528391e-02;3.520733e-02;1.975488e-02;1.646390e-02;2.435046e-02;2.409714e-01;6.301837e-02;1.462856e-02;8.112522e-02;6.883967e-02;1.718403e-01
2.319927e-01;2.818646e-02;2.384615e-02;1.470735e-02;1.735616e-02;6.015117e-02;2.654874e-01;5.778242e-02;2.457295e-02;5.842908e-02;1.064408e-01;1.110472e-01
2.038369e-01;4.507381e-02;3.163343e-02;1.231763e-02;1.851813e-02;8.638991e-02;2.495051e-01;4.549911e-02;2.467097e-02;6.697393e-02;1.203931e-01;9.518807e-02
1.476040e-01;4.532483e-02;5.038288e-02;1.284591e-02;2.190826e-02;7.925545e-02;2.550673e-01;3.474444e-02;2.087175e-02;6.478290e-02;1.247088e-01;1.425036e-01
8.524443e-02;1.502625e-02;4.849522e-02;1.063256e-02;2.264666e-02;7.424382e-02;3.149129e-01;3.703442e-02;1.190795e-02;6.015025e-02;1.194460e-01;2.002596e-01
2.576180e-01;4.177942e-02;4.059774e-02;1.487881e-02;1.378880e-02;4.724966e-02;2.793118e-01;2.502200e-02;1.705697e-02;3.794742e-02;6.131241e-02;1.634370e-01
3.809637e-01;9.838155e-02;4.194568e-02;1.453474e-02;9.442434e-03;2.977485e-02;1.650335e-01;8.032609e-02;1.685442e-02;2.293013e-02;2.764200e-02;1.121709e-01
4.487919e-01;1.204415e-01;5.610908e-02;1.428680e-02;1.053987e-02;1.350678e-02;6.385449e-02;1.511035e-01;1.175308e-02;1.644249e-02;1.128842e-02;8.188221e-02
4.177768e-01;9.412527e-02;4.987812e-02;1.764534e-02;9.036083e-03;6.429808e-03;9.320430e-02;2.110926e-01;1.649865e-02;1.044934e-02;1.006991e-02;6.379381e-02
3.643290e-01;6.194300e-02;4.304163e-02;2.353290e-02;1.357716e-02;4.286600e-03;1.286986e-01;2.650997e-01;2.379913e-02;1.033576e-02;8.324503e-03;5.303198e-02
3.414700e-01;4.979819e-02;4.504049e-02;2.327664e-02;1.270211e-02;9.986861e-03;1.230510e-01;3.172526e-01;7.120671e-03;1.113716e-02;9.857769e-03;4.930644e-02
3.204193e-01;4.196394e-02;4.082841e-02;1.819417e-02;1.166730e-02;9.284347e-03;1.371491e-01;3.380035e-01;1.729296e-02;1.037971e-02;6.832594e-03;4.798464e-02
3.105434e-01;3.439150e-02;3.288632e-02;1.130765e-02;1.608539e-02;3.971641e-03;1.722001e-01;3.306145e-01;1.693705e-02;1.063910e-02;6.920493e-03;5.350285e-02
3.207321e-01;3.291292e-02;3.813056e-02;9.219634e-03;1.392221e-02;4.916486e-03;1.844241e-01;2.895156e-01;1.790601e-02;1.109939e-02;1.025756e-02;6.696336e-02
3.114813e-01;6.074642e-02;7.435980e-02;2.239512e-02;1.623863e-02;9.032737e-03;1.782341e-01;2.001497e-01;1.605986e-02;1.361567e-02;2.215548e-02;7.553117e-02
2.342581e-01;9.624546e-02;1.314453e-01;3.775601e-02;3.467370e-02;2.087831e-02;1.584916e-01;1.153601e-01;3.030665e-02;2.574756e-02;3.919155e-02;7.564572e-02
1.149154e-01;1.593550e-01;1.932930e-01;5.735224e-02;4.097988e-02;3.185231e-02;7.383570e-02;1.208224e-01;6.518672e-02;2.839929e-02;4.688709e-02;6.712107e-02
2.790385e-01;1.328565e-01;1.347107e-01;5.275415e-02;2.495725e-02;2.153765e-02;7.785408e-02;1.212529e-01;6.326841e-02;1.047640e-02;2.910192e-02;5.219164e-02
3.158583e-01;9.896921e-02;7.575563e-02;4.633456e-02;1.999251e-02;9.834379e-03;1.200751e-01;1.244144e-01;5.099807e-02;3.246177e-02;3.510791e-02;7.019815e-02
3.375145e-01;3.159936e-02;3.393059e-02;4.715672e-02;2.662123e-02;1.222335e-02;1.508778e-01;1.349487e-01;3.135317e-02;4.836586e-02;4.934590e-02;9.606273e-02
3.532569e-01;6.562594e-02;7.004612e-02;2.896397e-02;2.685212e-02;1.008637e-02;8.472370e-02;1.408398e-01;2.431461e-02;5.117597e-02;4.552351e-02;9.859101e-02
3.822341e-01;3.242700e-02;8.210730e-02;1.886187e-02;1.818190e-02;8.210461e-03;7.156923e-02;1.615470e-01;2.588136e-02;5.668068e-02;2.937424e-02;1.129249e-01
4.067215e-01;3.320618e-02;5.849058e-02;1.515686e-02;8.142587e-03;7.284185e-03;1.154269e-01;1.447286e-01;2.148779e-02;4.834507e-02;2.459508e-02;1.164147e-01
4.326538e-01;4.396929e-02;3.126442e-02;1.264429e-02;5.732665e-03;3.966054e-03;1.376694e-01;1.006880e-01;1.580890e-02;5.122771e-02;3.077971e-02;1.335957e-01
4.068353e-01;4.352181e-02;2.658601e-02;1.549280e-02;4.682851e-03;9.388868e-03;1.683507e-01;5.425413e-02;8.946144e-03;6.295790e-02;3.765282e-02;1.613307e-01
3.221822e-01;3.691408e-02;3.228447e-02;1.757951e-02;6.121619e-03;1.700699e-02;2.019108e-01;4.001147e-02;1.029207e-02;6.036010e-02;6.041696e-02;1.949198e-01
1.845654e-01;2.285592e-02;4.752807e-02;1.695260e-02;7.480079e-03;3.126004e-02;2.397141e-01;4.086763e-02;2.448022e-02;4.926936e-02;1.087756e-01;2.262511e-01
6.315731e-02;2.885518e-02;3.343205e-02;1.340330e-02;1.100161e-02;7.253956e-02;2.478962e-01;3.315645e-02;4.107008e-02;5.062502e-02;1.865086e-01;2.183546e-01
6.963897e-02;7.017695e-02;6.545945e-02;2.507200e-02;1.615012e-02;9.395508e-02;1.463943e-01;4.137751e-02;6.221845e-02;5.755121e-02;1.936182e-01;1.583878e-01
2.201207e-01;9.878159e-02;1.026638e-01;3.222240e-02;1.574885e-02;7.319006e-02;3.517826e-02;3.980869e-02;6.330042e-02;4.236332e-02;1.495943e-01;1.270276e-01
2.368805e-01;8.274546e-02;9.134492e-02;2.638363e-02;1.777193e-02;7.219769e-02;3.055346e-02;2.375035e-02;5.369593e-02;7.692628e-02;1.733614e-01;1.143885e-01
1.438477e-01;2.858771e-02;5.924259e-02;1.492221e-02;4.001877e-02;1.109732e-01;3.446035e-02;1.846861e-02;4.177072e-02;1.373415e-01;2.891345e-01;8.123220e-02
5.897736e-02;1.752028e-02;4.163326e-02;1.663055e-02;5.334087e-02;1.475011e-01;3.738067e-02;2.195344e-02;3.102290e-02;1.642235e-01;3.657323e-01;4.408377e-02
4.136344e-02;1.348549e-02;4.104129e-02;9.933787e-03;5.807681e-02;1.417657e-01;5.036578e-02;2.345915e-02;1.880163e-02;1.854198e-01;3.594368e-01;5.685050e-02
3.788713e-02;2.659235e-02;3.864791e-02;1.545499e-02;8.069256e-02;1.076023e-01;2.281920e-02;2.929526e-02;2.308448e-02;2.583444e-01;3.156208e-01;4.395871e-02
2.697835e-02;4.125143e-02;2.002711e-02;2.041188e-02;1.092054e-01;7.352994e-02;1.782975e-02;3.305720e-02;3.595120e-02;3.651148e-01;2.384322e-01;1.821075e-02
5.572396e-02;4.574935e-02;2.603334e-02;2.919891e-02;1.053002e-01;4.444496e-02;2.663062e-02;2.947425e-02;6.384664e-02;3.971480e-01;1.505054e-01;2.594439e-02
6.561055e-02;4.197711e-02;4.168856e-02;2.785797e-02;9.447444e-02;2.757049e-02;2.791495e-02;3.432385e-02;7.129082e-02;4.214889e-01;1.171866e-01;2.861578e-02
5.692269e-02;1.973534e-02;3.092967e-02;3.620153e-02;8.229684e-02;1.449350e-02;5.947874e-02;3.221956e-02;9.735097e-02;4.362653e-01;1.098356e-01;2.427029e-02
1.608229e-02;1.409835e-02;2.609894e-02;3.399252e-02;7.436977e-02;1.710700e-02;3.072304e-02;3.269449e-02;1.010352e-01;4.929257e-01;1.348545e-01;2.601820e-02
1.118356e-02;9.076199e-03;3.262042e-02;4.021614e-02;5.460356e-02;9.039492e-03;6.491750e-02;4.000361e-02;8.689604e-02;4.792614e-01;1.522855e-01;1.989656e-02
2.403606e-02;1.434574e-02;1.628664e-02;5.405869e-02;4.392203e-02;8.249950e-03;2.767051e-02;5.222094e-02;1.438129e-01;4.674606e-01;1.379673e-01;9.968665e-03
2.077663e-02;1.106638e-02;3.421157e-02;5.913812e-02;4.126586e-02;7.273344e-03;6.656649e-02;6.210094e-02;1.860291e-01;4.051956e-01;9.587203e-02;1.050383e-02
1.881693e-02;1.021798e-02;2.901522e-02;5.971627e-02;3.888068e-02;1.225387e-02;1.198768e-01;8.032764e-02;2.160144e-01;3.277636e-01;7.537469e-02;1.174195e-02
1.928124e-02;8.073538e-03;4.174869e-02;5.952538e-02;2.805859e-02;1.033423e-02;2.069555e-01;9.073875e-02;2.140413e-01;2.525674e-01;5.295751e-02;1.571780e-02
1.476983e-02;1.110474e-02;2.934367e-02;5.467610e-02;3.721565e-02;1.342241e-02;2.497264e-01;8.504488e-02;1.876839e-01;2.247505e-01;7.360169e-02;1.866037e-02
4.124990e-02;2.022859e-02;1.048171e-01;5.813778e-02;9.013407e-02;1.657609e-02;1.950277e-01;7.537635e-02;1.191546e-01;1.785628e-01;6.855572e-02;3.217940e-02
8.205021e-02;3.641520e-02;1.062769e-01;5.327309e-02;1.212397e-01;2.607892e-02;1.956055e-01;5.336979e-02;6.493274e-02;1.585201e-01;7.043410e-02;3.180370e-02
7.853700e-02;3.374423e-02;9.159023e-02;4.700800e-02;1.308970e-01;3.063873e-02;1.475560e-01;2.936730e-02;6.967528e-02;2.116505e-01;1.032275e-01;2.610828e-02
5.204537e-02;1.746055e-02;7.326221e-02;5.547621e-02;9.590149e-02;2.057617e-02;8.033740e-02;4.598445e-02;1.465610e-01;2.914340e-01;1.090013e-01;1.195979e-02
3.655523e-02;6.479813e-03;8.132641e-02;6.971083e-02;3.873113e-02;1.301059e-02;1.305196e-01;6.852088e-02;2.134845e-01;2.659063e-01;6.025846e-02;1.549628e-02
2.173734e-02;1.527849e-02;6.064804e-02;5.693679e-02;4.100312e-02;1.434525e-02;1.764846e-01;7.516582e-02;2.290973e-01;2.283351e-01;6.918944e-02;1.177872e-02
5.795629e-02;8.561778e-03;7.914054e-02;6.159965e-02;4.518322e-02;1.971546e-02;1.646008e-01;6.317601e-02;1.718868e-01;2.243535e-01;6.945897e-02;3.436699e-02
1.002081e-01;2.777250e-02;6.375512e-02;2.887584e-02;5.012464e-02;1.538407e-02;7.871015e-02;5.058292e-02;9.301976e-02;2.548445e-01;1.772584e-01;5.946398e-02
8.707549e-02;2.419691e-02;5.868988e-02;2.168772e-02;4.393546e-02;1.546956e-02;1.018032e-01;4.666552e-02;6.949767e-02;2.602623e-01;2.122316e-01;5.848468e-02
6.258088e-02;2.022304e-02;3.233875e-02;2.402624e-02;5.620183e-02;1.746577e-02;6.157437e-02;3.572831e-02;5.193574e-02;3.571334e-01;2.407677e-01;4.002405e-02
5.634904e-02;1.298043e-02;3.219967e-02;3.715124e-02;6.738672e-02;1.547464e-02;3.520321e-02;2.717449e-02;6.075089e-02;4.282356e-01;1.946640e-01;3.243003e-02
2.399357e-02;1.883783e-02;5.816502e-02;5.010666e-02;6.761869e-02;1.396982e-02;7.563155e-02;3.982481e-02;9.384517e-02;4.134867e-01;1.203984e-01;2.412186e-02
4.303339e-02;4.196495e-02;9.073125e-02;3.880247e-02;6.102162e-02;1.659719e-02;5.451055e-02;4.226335e-02;7.990973e-02;3.784331e-01;1.303979e-01;2.233445e-02
7.863148e-02;5.777676e-02;1.028250e-01;2.288017e-02;4.407012e-02;2.594833e-02;8.032196e-02;4.214874e-02;6.779668e-02;2.938226e-01;1.528107e-01;3.096746e-02
6.307778e-02;5.092780e-02;8.182576e-02;1.455134e-02;3.724252e-02;3.064370e-02;9.442923e-02;3.288754e-02;9.363052e-02;2.642699e-01;1.992466e-01;3.726728e-02
3.056995e-02;4.105489e-02;6.684966e-02;2.182228e-02;3.705565e-02;3.065328e-02;7.691135e-02;3.766362e-02;1.400151e-01;2.107752e-01;2.433689e-01;6.326021e-02
5.856021e-02;2.985486e-02;1.198175e-01;1.936316e-02;3.604496e-02;2.728291e-02;7.784604e-02;5.012009e-02;1.112255e-01;1.566457e-01;2.265701e-01;8.666902e-02
9.318910e-02;2.602648e-02;1.116256e-01;1.931455e-02;2.500976e-02;2.459980e-02;5.004907e-02;4.418732e-02;7.962692e-02;1.991524e-01;2.351172e-01;9.210180e-02
1.225951e-01;4.104926e-02;8.055976e-02;1.732929e-02;2.793739e-02;2.803146e-02;4.981070e-02;4.469080e-02;6.273258e-02;1.987887e-01;2.576381e-01;6.883693e-02
1.740492e-01;4.511883e-02;8.630317e-02;1.340381e-02;2.896500e-02;2.781411e-02;5.304769e-02;4.530400e-02;7.785376e-02;1.244036e-01;2.307877e-01;9.294917e-02
1.293006e-01;5.094286e-02;1.027947e-01;2.390611e-02;3.489657e-02;3.600353e-02;7.944954e-02;5.214170e-02;7.467605e-02;1.305191e-01;1.789999e-01;1.063694e-01
9.491619e-02;7.412725e-02;1.154408e-01;2.176653e-02;4.874667e-02;5.170895e-02;1.075369e-01;5.551388e-02;7.399554e-02;1.097919e-01;1.446205e-01;1.018349e-01
7.693224e-02;8.250387e-02;9.415594e-02;2.402078e-02;5.564723e-02;5.036660e-02;2.110635e-01;7.566870e-02;7.648739e-02;8.932141e-02;8.843558e-02;7.539675e-02
