5.561788e-02;7.863580e-02;1.500253e-01;1.134262e-01;5.668534e-02;1.245328e-01;1.037848e-01;9.232598e-02;8.692345e-02;7.048687e-02;2.630801e-02;4.124757e-02
4.576151e-02;8.742113e-02;1.007070e-01;1.094094e-01;7.396641e-02;8.489712e-02;1.783750e-01;1.069452e-01;7.741009e-02;6.043589e-02;3.546076e-02;3.921055e-02
9.289595e-02;6.833553e-02;1.133567e-01;5.942025e-02;8.727751e-02;1.127382e-01;1.902144e-01;9.425481e-02;4.706337e-02;4.192726e-02;3.288978e-02;5.962622e-02
1.438342e-01;5.647398e-02;1.294592e-01;5.123612e-02;1.222970e-01;1.145915e-01;1.420370e-01;4.846566e-02;3.616804e-02;4.030897e-02;4.467149e-02;7.045685e-02
1.588760e-01;9.495662e-02;1.108793e-01;5.710969e-02;1.176972e-01;9.638473e-02;1.152598e-01;4.129542e-02;3.882924e-02;3.568627e-02;5.736978e-02;7.565585e-02
1.230133e-01;1.292879e-01;1.330840e-01;7.515040e-02;8.653039e-02;6.994370e-02;7.091466e-02;4.784611e-02;4.931548e-02;4.345044e-02;8.592819e-02;8.553552e-02
1.113065e-01;1.416294e-01;1.302553e-01;7.735050e-02;6.008460e-02;5.187129e-02;6.952860e-02;5.857591e-02;6.864230e-02;5.954223e-02;1.116000e-01;5.961342e-02
1.463358e-01;1.308068e-01;1.152576e-01;6.168944e-02;6.938192e-02;4.555544e-02;1.244971e-01;6.567267e-02;5.933471e-02;6.315129e-02;9.461185e-02;2.370529e-02
1.571395e-01;1.122969e-01;1.154825e-01;5.692662e-02;1.382298e-01;4.290969e-02;1.472624e-01;5.784735e-02;4.350665e-02;3.796335e-02;7.143638e-02;1.899894e-02
1.550966e-01;9.074947e-02;1.130107e-01;7.025604e-02;1.758720e-01;5.048358e-02;1.338697e-01;4.555715e-02;4.329607e-02;2.649187e-02;6.511272e-02;3.020412e-02
1.230657e-01;6.870559e-02;1.284761e-01;7.664715e-02;1.723526e-01;4.558533e-02;1.819630e-01;3.421687e-02;3.614587e-02;4.214729e-02;5.322847e-02;3.746611e-02
5.904864e-02;5.936149e-02;1.427227e-01;9.345659e-02;1.467489e-01;5.445329e-02;2.567095e-01;2.521476e-02;2.118052e-02;4.903923e-02;4.545522e-02;4.660919e-02
8.711892e-02;6.281731e-02;1.249024e-01;9.797008e-02;1.182355e-01;6.852186e-02;2.491444e-01;3.684053e-02;2.858438e-02;4.351314e-02;3.254888e-02;4.980247e-02
1.028289e-01;7.056466e-02;1.126047e-01;6.294145e-02;1.256969e-01;6.905285e-02;2.127627e-01;4.316740e-02;4.301237e-02;5.329976e-02;3.557554e-02;6.849275e-02
6.652130e-02;7.422090e-02;1.103182e-01;5.001247e-02;1.119235e-01;5.509357e-02;1.969293e-01;5.134253e-02;5.461310e-02;7.161761e-02;8.946803e-02;6.793954e-02
8.207137e-02;6.903099e-02;6.824292e-02;7.966059e-02;8.647019e-02;5.011653e-02;1.707281e-01;5.218498e-02;6.352726e-02;7.655845e-02;1.367647e-01;6.464394e-02
9.410378e-02;5.959773e-02;5.698650e-02;8.316184e-02;9.712526e-02;5.764838e-02;1.657511e-01;5.470653e-02;7.034880e-02;7.019076e-02;1.236788e-01;6.670047e-02
1.011385e-01;7.321130e-02;9.730179e-02;7.024597e-02;1.113578e-01;7.264364e-02;1.615054e-01;4.985768e-02;8.836806e-02;7.057597e-02;6.064647e-02;4.314749e-02
4.833710e-02;6.229058e-02;8.373384e-02;7.506864e-02;1.807918e-01;8.909504e-02;1.328159e-01;1.437234e-01;6.091830e-02;8.372938e-02;2.095664e-02;1.853939e-02
2.959384e-02;5.107327e-02;6.290253e-02;6.182986e-02;1.783445e-01;1.134126e-01;1.390837e-01;1.807585e-01;7.606664e-02;4.610055e-02;3.923793e-02;2.159613e-02
1.953803e-02;4.609137e-02;6.098098e-02;4.787817e-02;1.585901e-01;1.293883e-01;1.571920e-01;1.805672e-01;8.898911e-02;4.424086e-02;4.452856e-02;2.201521e-02
1.822529e-02;3.761174e-02;6.595162e-02;3.392127e-02;1.259052e-01;1.394517e-01;1.893646e-01;1.795411e-01;8.875848e-02;5.565303e-02;4.644533e-02;1.917074e-02
2.312397e-02;2.213521e-02;7.510450e-02;4.719065e-02;8.615691e-02;1.401831e-01;2.057218e-01;1.657516e-01;9.842028e-02;5.874415e-02;4.493159e-02;3.253618e-02
2.220963e-02;3.866492e-02;8.689310e-02;6.031450e-02;7.452639e-02;9.340727e-02;1.437041e-01;1.064603e-01;2.082891e-01;8.839525e-02;4.027224e-02;3.686329e-02
1.023232e-02;4.230100e-02;1.812817e-01;4.568266e-02;6.886160e-02;5.123844e-02;1.175592e-01;1.891259e-01;1.679790e-01;7.215445e-02;3.218926e-02;2.139451e-02
1.247534e-02;4.986437e-02;2.375342e-01;4.314898e-02;4.918051e-02;4.534709e-02;9.657273e-02;2.020721e-01;1.760136e-01;5.264219e-02;1.951786e-02;1.563109e-02
1.480127e-02;4.825679e-02;2.575272e-01;4.789672e-02;5.289619e-02;4.443404e-02;9.826348e-02;1.930890e-01;1.683137e-01;4.573576e-02;1.620409e-02;1.258177e-02
3.175867e-02;4.372466e-02;2.229048e-01;3.896628e-02;5.182092e-02;4.925232e-02;1.333845e-01;2.009839e-01;1.431182e-01;4.160048e-02;2.614022e-02;1.634506e-02
6.750268e-02;6.605079e-02;1.661490e-01;5.522620e-02;7.952352e-02;9.215304e-02;1.240093e-01;1.528097e-01;8.563868e-02;3.934342e-02;3.916000e-02;3.243361e-02
6.688645e-02;8.055753e-02;1.333068e-01;6.484862e-02;6.598592e-02;1.182084e-01;1.776481e-01;5.546527e-02;1.021427e-01;5.864548e-02;4.321083e-02;3.309385e-02
3.575834e-02;7.124530e-02;2.023448e-01;8.149537e-02;6.051126e-02;9.331604e-02;1.618855e-01;8.324358e-02;1.128871e-01;5.046229e-02;3.004619e-02;1.680417e-02
1.057003e-02;5.142375e-02;3.327425e-01;5.772843e-02;7.136570e-02;7.256497e-02;7.974418e-02;1.429485e-01;8.972223e-02;5.455295e-02;2.529342e-02;1.134325e-02
9.275242e-03;5.030936e-02;3.303466e-01;3.866594e-02;6.244798e-02;6.284185e-02;9.854940e-02;1.908345e-01;7.702123e-02;5.480719e-02;1.772872e-02;7.171926e-03
1.033352e-02;4.781581e-02;2.958645e-01;3.052519e-02;4.087159e-02;3.978125e-02;8.728898e-02;2.668139e-01;1.072062e-01;4.599550e-02;1.682525e-02;1.067841e-02
9.881444e-03;3.504020e-02;2.438477e-01;4.651651e-02;3.138499e-02;1.850447e-02;6.710636e-02;2.752880e-01;1.640920e-01;6.766232e-02;2.322363e-02;1.745232e-02
7.120850e-03;1.837736e-02;2.198483e-01;1.119742e-01;7.642070e-02;5.386778e-02;9.562408e-02;1.504698e-01;1.462275e-01;7.371011e-02;2.951609e-02;1.684324e-02
3.572202e-03;1.156895e-02;1.952470e-01;1.768202e-01;1.227940e-01;9.630574e-02;1.706074e-01;1.021156e-01;4.931619e-02;3.410646e-02;2.835045e-02;9.195830e-03
6.193444e-03;3.943298e-02;2.213650e-01;1.508798e-01;1.174323e-01;1.192830e-01;1.848886e-01;7.292241e-02;3.872737e-02;1.625345e-02;2.452064e-02;8.100896e-03
9.093028e-03;8.320738e-02;2.786655e-01;9.055106e-02;1.030721e-01;1.362265e-01;1.356719e-01;4.982691e-02;6.140253e-02;1.845149e-02;2.041802e-02;1.341365e-02
3.429826e-02;1.350778e-01;2.663721e-01;9.020814e-02;1.219925e-01;1.158255e-01;5.204797e-02;2.308803e-02;5.853390e-02;2.710607e-02;3.329864e-02;4.215119e-02
5.620414e-02;1.161072e-01;1.783600e-01;9.533130e-02;1.665696e-01;7.786968e-02;3.356655e-02;2.403823e-02;3.801434e-02;3.696517e-02;8.257034e-02;9.440348e-02
5.015386e-02;4.545138e-02;1.493923e-01;1.205207e-01;1.875832e-01;6.809278e-02;4.418247e-02;3.909060e-02;3.484867e-02;4.471700e-02;9.671174e-02;1.192554e-01
4.507440e-02;3.822457e-02;1.277638e-01;1.236237e-01;2.211617e-01;1.112507e-01;4.911128e-02;4.686792e-02;5.243992e-02;3.012635e-02;5.450881e-02;9.984689e-02
4.685207e-02;3.291649e-02;1.018337e-01;1.195868e-01;2.556933e-01;1.316629e-01;7.118590e-02;3.239007e-02;5.604440e-02;2.697273e-02;2.787838e-02;9.698328e-02
4.032521e-02;4.049985e-02;1.091722e-01;1.165185e-01;2.524253e-01;1.131865e-01;4.370015e-02;2.460647e-02;5.540446e-02;3.600393e-02;3.853735e-02;1.296201e-01
7.993449e-02;5.336119e-02;1.483077e-01;9.590425e-02;1.870648e-01;7.698128e-02;5.182460e-02;3.134887e-02;5.706691e-02;3.855212e-02;5.075800e-02;1.288958e-01
1.241621e-01;6.821915e-02;1.538312e-01;9.310038e-02;1.684774e-01;5.333164e-02;5.833022e-02;3.751384e-02;6.658509e-02;2.921723e-02;3.752434e-02;1.097073e-01
1.125317e-01;4.949470e-02;1.300623e-01;9.086744e-02;1.840333e-01;6.263406e-02;9.149197e-02;4.611085e-02;8.641696e-02;1.553016e-02;2.083511e-02;1.099914e-01
6.647300e-02;2.792080e-02;1.311719e-01;9.471643e-02;2.053572e-01;8.229933e-02;8.752451e-02;6.396180e-02;8.789338e-02;2.311207e-02;2.455678e-02;1.050127e-01
3.988633e-02;4.491992e-02;1.494674e-01;1.072224e-01;2.042544e-01;7.786433e-02;6.976220e-02;7.066936e-02;7.500732e-02;3.828897e-02;3.767916e-02;8.497819e-02
3.471548e-02;5.330143e-02;1.861221e-01;1.067699e-01;1.482699e-01;6.293706e-02;1.078166e-01;9.426064e-02;6.740526e-02;4.645612e-02;4.449207e-02;4.745338e-02
3.610684e-02;3.995114e-02;1.808104e-01;9.096330e-02;8.328892e-02;8.220777e-02;1.531777e-01;1.591163e-01;5.454905e-02;4.009958e-02;4.781498e-02;3.191400e-02
2.487547e-02;1.892203e-02;1.611323e-01;7.327521e-02;9.342223e-02;1.079506e-01;1.730630e-01;1.989115e-01;4.530971e-02;2.101789e-02;4.820992e-02;3.391019e-02
1.419198e-02;1.508074e-02;2.244497e-01;6.898376e-02;1.009591e-01;1.004100e-01;1.478492e-01;1.601030e-01;5.289432e-02;3.195437e-02;4.464240e-02;3.848148e-02
1.743850e-02;2.413363e-02;3.048318e-01;6.062656e-02;7.166814e-02;5.625164e-02;1.077373e-01;1.439143e-01;9.882535e-02;3.986706e-02;3.702712e-02;3.767850e-02
1.422814e-02;2.447773e-02;3.062462e-01;5.037006e-02;7.322349e-02;5.675541e-02;1.453952e-01;1.557889e-01;8.842950e-02;4.248409e-02;2.178726e-02;2.081404e-02
1.285763e-02;2.424803e-02;2.975999e-01;4.958260e-02;9.806150e-02;8.674295e-02;1.615177e-01;1.272134e-01;5.532918e-02;5.679954e-02;1.960790e-02;1.043974e-02
7.144291e-03;2.920079e-02;2.964734e-01;5.600846e-02;9.872378e-02;8.117213e-02;1.150512e-01;1.249673e-01;8.371983e-02;5.873663e-02;3.889190e-02;9.910288e-03
1.202132e-02;3.211552e-02;2.757644e-01;5.236868e-02;6.309389e-02;5.702373e-02;9.895952e-02;1.725872e-01;1.251721e-01;4.841699e-02;4.431242e-02;1.816422e-02
1.583332e-02;3.893028e-02;2.910295e-01;3.796535e-02;4.566581e-02;6.774649e-02;1.243580e-01;1.826113e-01;9.231354e-02;4.873761e-02;2.657721e-02;2.823153e-02
1.616976e-02;4.195497e-02;3.331477e-01;2.778560e-02;3.258415e-02;6.952969e-02;1.307773e-01;1.856587e-01;6.665133e-02;4.366757e-02;2.031507e-02;3.175823e-02
8.704457e-03;4.156783e-02;3.504791e-01;2.557906e-02;2.040110e-02;5.773337e-02;1.145442e-01;2.119294e-01;7.249267e-02;4.365754e-02;2.627493e-02;2.663641e-02
7.958126e-03;4.292127e-02;3.775095e-01;2.973688e-02;1.590007e-02;3.777872e-02;8.436303e-02;2.331845e-01;8.283974e-02;3.688506e-02;2.810390e-02;2.281925e-02
1.119658e-02;4.186969e-02;3.932243e-01;3.190309e-02;1.337189e-02;3.830342e-02;8.628538e-02;2.158324e-01;8.626732e-02;3.050032e-02;2.870971e-02;2.253592e-02
1.029579e-02;3.902016e-02;4.032929e-01;2.915886e-02;1.826700e-02;4.264019e-02;9.902005e-02;2.010326e-01;7.287481e-02;3.395699e-02;2.491043e-02;2.553024e-02
9.428280e-03;3.733323e-02;4.027367e-01;3.041811e-02;2.384719e-02;3.783470e-02;7.685792e-02;2.063759e-01;8.772215e-02;3.715409e-02;2.855148e-02;2.174025e-02
5.542615e-03;4.278643e-02;4.089420e-01;3.216093e-02;2.159367e-02;3.822989e-02;6.806179e-02;2.079369e-01;8.939973e-02;3.192187e-02;3.642168e-02;1.700241e-02
1.480838e-02;4.199062e-02;3.895302e-01;2.687642e-02;2.446941e-02;3.323835e-02;9.827137e-02;1.857414e-01;8.925187e-02;3.735133e-02;3.964275e-02;1.882793e-02
3.743625e-02;2.536538e-02;3.397802e-01;3.447250e-02;3.995197e-02;3.528417e-02;1.266496e-01;1.202765e-01;8.599615e-02;5.806962e-02;5.271246e-02;4.400521e-02
3.978418e-02;4.437126e-02;3.074886e-01;3.928312e-02;4.881992e-02;5.178641e-02;1.342489e-01;6.247092e-02;7.978860e-02;5.772263e-02;5.223526e-02;8.200026e-02
2.633954e-02;5.275851e-02;3.279128e-01;2.849871e-02;3.926516e-02;5.542941e-02;1.527214e-01;3.786676e-02;6.973100e-02;5.192905e-02;3.806094e-02;1.194868e-01
1.976313e-02;3.817143e-02;3.366494e-01;3.073013e-02;3.923275e-02;6.410598e-02;1.556411e-01;2.186228e-02;7.148831e-02;6.964735e-02;3.763923e-02;1.150690e-01
1.690803e-02;3.238021e-02;3.418381e-01;3.771248e-02;5.156152e-02;7.575730e-02;1.731240e-01;2.408245e-02;4.981592e-02;9.764686e-02;3.117534e-02;6.799787e-02
1.799730e-02;2.965352e-02;3.416964e-01;4.322989e-02;5.978277e-02;7.871336e-02;2.148305e-01;1.906666e-02;3.022867e-02;1.154712e-01;2.024163e-02;2.908812e-02
2.461510e-02;2.472500e-02;3.311560e-01;4.390113e-02;5.313611e-02;6.640837e-02;2.449353e-01;4.091620e-02;2.090275e-02;1.121479e-01;2.189940e-02;1.525676e-02
3.697024e-02;1.694944e-02;3.157116e-01;4.857830e-02;4.209836e-02;4.041867e-02;2.359783e-01;8.343618e-02;2.646793e-02;9.185633e-02;4.607042e-02;1.546427e-02
4.434764e-02;1.617468e-02;3.222640e-01;5.787896e-02;3.039197e-02;1.948496e-02;1.983237e-01;1.040275e-01;3.898337e-02;6.660756e-02;8.239602e-02;1.911968e-02
4.433921e-02;1.811875e-02;3.100731e-01;8.068880e-02;3.371836e-02;1.945336e-02;1.646791e-01;9.434485e-02;3.992952e-02;4.998043e-02;1.163892e-01;2.828534e-02
4.376357e-02;3.063925e-02;2.680782e-01;1.069325e-01;5.724483e-02;4.840785e-02;1.256759e-01;8.273471e-02;2.820219e-02;5.335311e-02;1.288208e-01;2.614706e-02
2.865386e-02;4.033638e-02;2.529607e-01;1.247509e-01;8.950649e-02;9.143997e-02;1.049078e-01;8.474627e-02;1.080334e-02;3.564494e-02;1.165100e-01;1.973936e-02
2.405993e-02;4.302323e-02;2.375706e-01;1.112155e-01;1.071598e-01;1.380534e-01;1.282406e-01;7.756203e-02;1.372730e-02;2.119556e-02;8.294615e-02;1.524584e-02
2.433211e-02;4.232904e-02;2.180534e-01;8.074183e-02;1.155271e-01;1.605482e-01;1.718299e-01;7.279754e-02;2.599111e-02;2.111634e-02;5.498400e-02;1.174939e-02
2.321162e-02;4.945960e-02;2.365469e-01;7.059652e-02;1.352125e-01;1.375756e-01;1.557029e-01;7.152911e-02;3.458528e-02;2.677004e-02;3.930232e-02;1.950773e-02
3.152244e-02;5.983600e-02;2.826757e-01;9.216588e-02;1.890391e-01;8.806103e-02;8.405116e-02;5.882772e-02;3.492792e-02;2.967900e-02;2.589649e-02;2.331751e-02
2.949296e-02;5.164197e-02;2.757183e-01;8.959128e-02;2.106806e-01;9.389223e-02;5.188992e-02;5.282300e-02;4.145187e-02;2.494701e-02;3.620561e-02;4.166527e-02
4.859899e-02;3.829048e-02;1.784610e-01;8.567055e-02;2.505627e-01;1.215724e-01;9.447390e-02;3.127029e-02;4.203222e-02;2.706937e-02;3.274924e-02;4.924885e-02
8.646640e-02;4.432293e-02;9.589943e-02;7.460950e-02;2.366711e-01;1.159406e-01;1.477457e-01;1.914983e-02;5.564333e-02;3.515317e-02;4.311401e-02;4.528391e-02
1.069755e-01;3.107711e-02;7.065602e-02;7.576500e-02;2.191220e-01;9.622092e-02;1.425198e-01;2.099217e-02;6.501921e-02;3.339480e-02;8.006919e-02;5.818826e-02
1.361327e-01;2.981209e-02;5.397229e-02;5.801520e-02;1.977681e-01;1.405827e-01;1.029377e-01;2.816353e-02;5.703894e-02;2.207438e-02;1.171325e-01;5.636983e-02
1.737231e-01;4.646490e-02;3.278076e-02;2.469338e-02;1.472654e-01;2.168370e-01;1.208751e-01;3.314188e-02;3.558730e-02;3.176921e-02;9.906181e-02;3.780004e-02
1.890008e-01;4.958265e-02;1.900221e-02;1.756453e-02;1.288721e-01;2.502208e-01;1.493494e-01;3.581695e-02;3.291654e-02;4.074194e-02;4.520777e-02;4.172425e-02
1.595298e-01;5.715469e-02;3.337792e-02;2.344769e-02;1.141621e-01;2.143355e-01;1.608748e-01;3.847767e-02;4.971614e-02;5.106832e-02;5.793527e-02;3.992016e-02
1.050666e-01;5.345411e-02;6.266230e-02;4.049107e-02;1.085183e-01;1.437413e-01;1.781533e-01;4.914953e-02;6.175021e-02;5.412303e-02;1.065944e-01;3.629571e-02
4.327887e-02;5.260854e-02;8.367533e-02;7.965139e-02;1.163345e-01;9.887306e-02;1.715490e-01;6.928152e-02;6.457707e-02;6.278846e-02;1.260572e-01;3.132502e-02
5.900313e-02;2.634795e-02;7.893948e-02;1.495258e-01;1.711172e-01;1.237582e-01;1.438143e-01;5.546068e-02;7.088722e-02;2.794336e-02;5.298276e-02;4.021988e-02
5.079027e-02;7.691587e-03;8.048090e-02;1.476552e-01;2.046691e-01;1.196706e-01;1.700556e-01;3.222052e-02;8.430018e-02;2.017592e-02;2.645178e-02;5.583836e-02
6.617597e-02;1.329116e-02;8.080752e-02;1.460375e-01;2.087315e-01;9.346047e-02;1.504898e-01;3.936214e-02;1.004368e-01;2.111197e-02;1.490810e-02;6.518698e-02
7.842315e-02;1.129002e-02;7.814555e-02;1.401445e-01;2.176620e-01;7.427501e-02;1.131050e-01;5.514963e-02;1.173368e-01;3.136048e-02;1.201575e-02;7.109213e-02
6.293776e-02;8.224390e-03;6.501640e-02;1.204498e-01;2.524408e-01;7.720239e-02;9.814595e-02;6.128183e-02;1.248605e-01;4.266935e-02;9.902916e-03;7.686796e-02
4.374223e-02;5.402926e-03;5.496254e-02;9.585708e-02;3.066770e-01;8.948478e-02;9.140823e-02;5.232953e-02;1.100998e-01;3.426053e-02;2.276028e-02;9.301513e-02
4.946608e-02;1.232712e-02;6.734157e-02;9.618946e-02;3.199690e-01;9.046458e-02;7.060319e-02;3.788967e-02;7.526784e-02;2.508891e-02;5.256487e-02;1.028277e-01
4.356610e-02;1.697409e-02;8.324362e-02;1.061534e-01;2.854069e-01;9.892599e-02;8.722502e-02;4.494252e-02;6.310837e-02;2.348778e-02;5.903729e-02;8.792890e-02
3.362779e-02;2.096566e-02;8.835222e-02;8.985904e-02;2.893361e-01;1.298595e-01;9.192798e-02;5.246783e-02;5.736032e-02;2.429386e-02;3.974579e-02;8.220391e-02
3.126293e-02;2.974448e-02;7.994562e-02;9.387397e-02;2.872220e-01;1.658889e-01;8.047619e-02;5.658838e-02;6.292468e-02;2.264419e-02;1.778100e-02;7.164766e-02
3.886485e-02;1.087548e-01;1.023439e-01;7.206881e-02;2.077067e-01;1.380365e-01;8.579635e-02;3.764368e-02;1.128414e-01;2.426768e-02;2.902521e-02;4.265004e-02
1.833697e-02;1.236674e-01;1.425033e-01;3.497472e-02;1.289905e-01;6.656262e-02;1.629452e-01;4.014587e-02;1.699497e-01;4.293116e-02;4.136495e-02;2.762767e-02
1.299296e-02;5.091792e-02;1.625208e-01;5.036222e-02;1.116896e-01;5.116325e-02;2.258184e-01;6.096843e-02;1.546895e-01;4.826236e-02;4.461728e-02;2.599727e-02
1.353236e-02;7.278886e-02;1.649537e-01;6.888098e-02;8.733923e-02;6.604078e-02;2.357429e-01;7.214756e-02;1.020208e-01;6.207773e-02;3.253703e-02;2.193810e-02
2.685471e-02;6.701679e-02;1.347458e-01;6.294163e-02;6.600380e-02;9.236088e-02;2.031257e-01;1.216108e-01;7.734198e-02;9.718187e-02;2.095963e-02;2.985632e-02
2.791602e-02;4.955539e-02;8.899711e-02;4.840315e-02;7.335367e-02;1.025528e-01;1.203090e-01;2.478270e-01;9.964608e-02;9.509469e-02;2.044592e-02;2.589924e-02
2.472224e-02;3.989331e-02;1.001796e-01;4.732664e-02;8.429818e-02;1.019239e-01;1.571095e-01;2.493644e-01;7.290546e-02;7.071420e-02;2.449873e-02;2.706383e-02
2.761375e-02;5.783976e-02;1.316419e-01;4.427256e-02;7.621802e-02;9.349287e-02;1.850771e-01;1.865870e-01;7.157367e-02;7.384775e-02;2.215054e-02;2.968502e-02
3.384067e-02;7.954834e-02;1.488394e-01;4.526851e-02;7.264604e-02;8.248318e-02;1.585656e-01;1.464895e-01;8.611450e-02;7.266635e-02;3.308505e-02;4.045283e-02
6.047864e-02;8.001237e-02;1.018537e-01;7.575644e-02;8.582562e-02;4.549641e-02;1.839566e-01;1.062217e-01;7.846921e-02;7.931682e-02;4.713546e-02;5.547701e-02
7.243455e-02;6.092915e-02;7.747265e-02;8.114349e-02;8.562101e-02;5.248358e-02;1.813405e-01;1.278960e-01;9.186397e-02;7.023737e-02;6.326142e-02;3.531618e-02
6.487341e-02;1.016667e-01;6.923643e-02;8.756099e-02;7.420592e-02;9.137803e-02;1.186130e-01;9.061652e-02;1.019991e-01;7.467021e-02;7.222515e-02;5.295446e-02
3.602517e-02;9.315814e-02;9.911057e-02;1.015476e-01;5.690567e-02;7.191382e-02;1.137537e-01;8.068785e-02;1.244231e-01;7.968657e-02;5.445607e-02;8.833165e-02
1.779449e-02;6.993224e-02;9.299581e-02;5.723989e-02;5.620470e-02;6.222191e-02;1.177611e-01;1.637881e-01;1.629192e-01;8.903475e-02;3.438669e-02;7.572111e-02
5.356461e-02;5.849127e-02;8.338581e-02;3.607187e-02;7.327855e-02;5.603542e-02;1.886799e-01;1.951460e-01;1.099839e-01;5.800391e-02;3.426479e-02;5.309397e-02
6.950846e-02;9.333452e-02;4.061801e-02;3.025914e-02;9.233590e-02;4.766780e-02;1.906556e-01;1.532176e-01;1.429615e-01;4.963600e-02;3.102887e-02;5.877661e-02
6.676692e-02;8.964842e-02;8.838311e-02;6.084122e-02;5.677910e-02;1.168998e-01;1.576299e-01;9.597090e-02;1.203732e-01;5.457101e-02;4.576151e-02;4.637499e-02
8.373340e-02;1.033596e-01;1.256587e-01;8.199748e-02;5.007416e-02;9.495590e-02;1.671273e-01;7.902981e-02;7.293782e-02;5.108788e-02;5.617067e-02;3.386728e-02
7.765904e-02;1.163307e-01;1.319484e-01;8.154459e-02;5.589140e-02;6.243803e-02;1.547176e-01;8.878968e-02;8.246206e-02;3.805297e-02;7.242812e-02;3.773750e-02
6.459817e-02;8.827619e-02;1.477408e-01;9.027044e-02;6.743341e-02;6.314454e-02;1.566265e-01;8.769954e-02;6.729663e-02;2.788341e-02;9.021639e-02;4.881402e-02
4.722534e-02;4.205270e-02;1.938650e-01;1.037687e-01;6.540692e-02;7.318170e-02;1.605771e-01;6.992904e-02;3.742392e-02;3.822834e-02;9.838239e-02;6.995878e-02
4.674814e-02;3.871677e-02;2.573911e-01;8.292413e-02;3.966894e-02;4.898239e-02;1.295032e-01;1.041971e-01;5.099535e-02;5.282871e-02;7.299409e-02;7.505012e-02
3.544895e-02;6.820410e-02;2.316438e-01;5.472298e-02;3.402172e-02;7.943013e-02;1.754206e-01;1.070745e-01;5.182126e-02;5.686011e-02;4.718832e-02;5.816342e-02
3.092224e-02;6.374297e-02;2.198181e-01;4.616719e-02;3.929966e-02;9.694948e-02;1.933683e-01;7.638554e-02;4.765673e-02;5.928450e-02;8.050720e-02;4.589811e-02
3.408315e-02;4.531171e-02;1.975139e-01;4.808024e-02;4.266056e-02;1.003130e-01;1.616615e-01;7.886232e-02;4.887617e-02;5.242204e-02;1.229736e-01;6.724188e-02
3.181875e-02;4.656855e-02;1.377379e-01;3.279844e-02;3.811040e-02;2.178754e-01;1.923338e-01;7.987230e-02;4.324237e-02;4.021156e-02;7.151735e-02;6.791316e-02
2.255355e-02;5.276624e-02;1.409280e-01;2.117421e-02;5.128600e-02;2.442624e-01;2.200220e-01;5.772416e-02;6.828225e-02;3.783142e-02;3.311443e-02;5.005538e-02
3.876573e-02;5.607970e-02;1.344526e-01;1.709954e-02;6.546415e-02;1.550476e-01;2.088842e-01;1.007974e-01;8.056116e-02;4.909824e-02;5.884336e-02;3.490638e-02
5.246968e-02;4.178501e-02;8.283147e-02;1.977529e-02;8.450192e-02;1.704548e-01;1.842126e-01;1.090577e-01;7.852791e-02;4.439158e-02;9.765422e-02;3.433777e-02
8.409240e-02;3.508091e-02;5.957227e-02;2.540004e-02;1.035395e-01;2.164860e-01;1.196141e-01;7.611673e-02;7.093140e-02;3.334115e-02;1.032108e-01;7.261471e-02
1.382436e-01;3.331071e-02;5.418500e-02;3.633283e-02;7.555718e-02;1.987399e-01;1.307355e-01;5.158699e-02;6.998471e-02;4.448487e-02;5.474565e-02;1.120931e-01
1.785274e-01;4.679049e-02;2.948174e-02;3.999742e-02;4.870060e-02;1.830128e-01;2.249060e-01;3.953718e-02;6.998225e-02;4.004200e-02;2.421918e-02;7.480296e-02
2.029708e-01;6.514572e-02;2.908180e-02;4.305101e-02;4.859696e-02;2.020868e-01;2.288390e-01;3.139330e-02;6.448181e-02;3.085702e-02;9.628225e-03;4.386757e-02
2.089795e-01;5.872913e-02;1.993966e-02;4.434417e-02;8.012480e-02;1.910840e-01;1.648352e-01;4.149198e-02;6.263946e-02;3.288576e-02;2.225249e-02;7.269377e-02
1.824754e-01;4.726393e-02;5.459129e-02;5.609257e-02;1.059609e-01;1.415074e-01;1.273603e-01;4.010442e-02;4.948127e-02;3.251567e-02;4.977645e-02;1.128705e-01
1.578572e-01;5.385051e-02;6.179820e-02;8.035143e-02;1.182224e-01;1.078833e-01;1.118785e-01;3.049346e-02;4.119490e-02;2.831488e-02;7.738546e-02;1.307697e-01
1.135528e-01;5.857309e-02;8.526534e-02;1.035763e-01;1.235614e-01;1.078115e-01;1.246318e-01;1.998786e-02;4.723543e-02;3.340998e-02;7.346128e-02;1.089331e-01
5.231868e-02;5.283693e-02;1.184988e-01;1.177850e-01;1.497257e-01;1.132820e-01;1.399464e-01;4.503748e-02;6.426028e-02;5.309171e-02;3.709068e-02;5.612637e-02
1.048478e-01;7.316879e-02;6.603180e-02;8.258922e-02;1.392421e-01;9.285016e-02;1.351125e-01;5.616004e-02;7.934647e-02;6.730197e-02;5.006564e-02;5.328353e-02
1.579451e-01;7.891317e-02;5.116521e-02;6.975961e-02;6.899004e-02;7.440192e-02;1.464612e-01;4.889942e-02;8.825784e-02;7.088853e-02;7.835167e-02;6.596635e-02
1.523063e-01;6.492619e-02;5.080999e-02;9.487417e-02;8.290640e-02;7.444969e-02;1.283465e-01;4.230408e-02;7.718472e-02;6.953035e-02;8.620397e-02;7.615766e-02
1.200094e-01;5.801522e-02;8.597155e-02;1.066068e-01;1.187027e-01;8.077408e-02;8.603957e-02;5.937968e-02;8.354010e-02;7.908689e-02;6.178331e-02;6.009068e-02
8.855188e-02;5.775310e-02;1.016236e-01;9.045704e-02;1.586704e-01;8.760687e-02;7.438092e-02;5.361668e-02;9.833913e-02;7.637998e-02;4.698244e-02;6.563795e-02
5.760986e-02;5.841044e-02;8.889197e-02;8.098493e-02;1.813330e-01;7.160238e-02;1.177532e-01;4.643759e-02;1.029883e-01;5.647276e-02;5.513873e-02;8.237679e-02
3.572861e-02;5.884171e-02;8.421024e-02;9.657633e-02;1.713439e-01;6.827669e-02;1.345530e-01;5.125035e-02;1.046102e-01;4.837316e-02;7.904883e-02;6.718690e-02
4.016597e-02;8.094861e-02;1.130673e-01;7.138540e-02;1.446203e-01;6.238629e-02;1.092665e-01;8.907047e-02;7.746138e-02;5.450869e-02;1.182766e-01;3.884250e-02
2.907447e-02;8.574613e-02;8.097719e-02;8.588051e-02;1.035667e-01;7.798662e-02;1.503809e-01;8.931308e-02;1.028844e-01;3.512986e-02;1.099400e-01;4.912009e-02
4.277167e-02;8.320916e-02;6.562689e-02;1.032419e-01;7.346600e-02;1.175808e-01;1.530073e-01;1.011786e-01;1.102135e-01;3.208231e-02;7.165506e-02;4.596680e-02
2.720786e-02;7.577832e-02;6.087967e-02;7.347579e-02;8.496363e-02;1.535345e-01;1.100779e-01;1.066398e-01;1.124849e-01;4.782582e-02;8.675802e-02;6.037378e-02
4.081847e-02;7.235000e-02;7.351802e-02;3.786820e-02;8.712463e-02;1.139376e-01;9.920799e-02;1.093957e-01;1.138016e-01;5.303282e-02;1.024603e-01;9.648468e-02
1.078381e-01;7.417225e-02;5.449455e-02;6.008906e-02;9.661212e-02;9.025770e-02;1.327118e-01;7.113451e-02;5.354708e-02;6.199243e-02;1.214843e-01;7.566605e-02
1.293218e-01;1.105474e-01;1.532717e-01;5.723003e-02;7.268573e-02;7.581395e-02;8.796991e-02;4.167460e-02;6.937435e-02;6.602095e-02;6.709875e-02;6.899077e-02
1.123254e-01;1.532625e-01;2.074487e-01;5.107554e-02;5.325731e-02;7.699477e-02;4.226016e-02;2.774503e-02;1.133677e-01;4.739401e-02;2.418479e-02;9.068404e-02
9.399967e-02;1.864683e-01;1.969002e-01;3.865390e-02;2.898673e-02;8.847627e-02;3.060539e-02;2.558831e-02;1.482170e-01;1.965678e-02;3.590645e-02;1.065410e-01
7.205040e-02;1.779139e-01;1.486540e-01;4.374166e-02;3.548934e-02;1.237323e-01;6.838655e-02;1.184650e-02;1.520553e-01;1.256449e-02;4.355250e-02;1.100131e-01
4.399978e-02;1.593735e-01;1.063091e-01;4.925348e-02;4.869661e-02;1.886320e-01;7.597531e-02;7.600627e-03;1.519842e-01;1.258134e-02;2.915389e-02;1.264401e-01
2.669291e-02;1.320877e-01;1.385524e-01;4.761431e-02;5.644514e-02;2.254357e-01;5.923515e-02;8.786581e-03;1.381197e-01;1.337292e-02;1.933749e-02;1.343200e-01
1.906650e-02;9.778361e-02;1.709605e-01;4.786484e-02;7.021666e-02;2.294908e-01;6.970582e-02;1.645598e-02;1.169581e-01;2.351298e-02;1.284127e-02;1.251429e-01
1.066611e-02;6.248043e-02;1.601401e-01;3.407558e-02;1.181167e-01;2.255889e-01;1.030745e-01;3.646824e-02;8.321328e-02;3.316260e-02;2.070787e-02;1.123057e-01
9.044903e-03;4.157038e-02;1.439230e-01;1.780465e-02;1.385277e-01;2.134586e-01;1.689259e-01;5.191364e-02;4.604289e-02;4.773491e-02;3.157997e-02;8.947350e-02
1.501520e-02;3.651674e-02;1.641350e-01;3.377087e-02;1.178115e-01;1.782734e-01;2.249903e-01;3.320958e-02;4.182138e-02;6.326228e-02;3.414125e-02;5.705245e-02
2.219146e-02;3.772131e-02;1.805968e-01;4.864595e-02;9.133618e-02;1.367246e-01;2.435664e-01;3.902329e-02;5.086559e-02;6.424665e-02;3.371003e-02;5.137175e-02
3.151323e-02;3.496372e-02;1.899507e-01;4.601744e-02;7.250792e-02;8.258548e-02;2.318211e-01;6.950470e-02;5.217812e-02;5.833221e-02;3.842080e-02;9.220460e-02
3.566543e-02;3.833465e-02;2.144666e-01;3.171368e-02;5.371850e-02;3.584021e-02;2.039043e-01;8.307162e-02;6.942505e-02;4.849970e-02;3.433089e-02;1.510293e-01
3.095747e-02;4.204525e-02;2.545123e-01;3.496129e-02;4.638636e-02;5.147408e-02;1.640820e-01;8.929753e-02;7.359545e-02;3.295447e-02;1.746816e-02;1.622656e-01
2.339571e-02;3.467261e-02;2.984935e-01;5.786333e-02;6.950142e-02;8.552134e-02;1.027878e-01;7.052917e-02;5.601325e-02;5.620220e-02;3.732825e-02;1.076914e-01
2.402700e-02;4.616793e-02;3.188039e-01;7.125745e-02;8.534940e-02;6.785680e-02;1.103205e-01;4.975218e-02;6.888894e-02;7.823907e-02;4.620670e-02;3.313008e-02
4.066791e-02;6.075263e-02;3.407864e-01;7.853594e-02;7.140345e-02;4.256327e-02;1.014692e-01;3.475885e-02;1.041219e-01;6.275123e-02;3.616088e-02;2.602832e-02
3.226388e-02;4.144903e-02;3.742471e-01;7.451127e-02;6.031543e-02;3.329362e-02;9.570350e-02;5.219176e-02;1.245736e-01;4.525606e-02;3.329664e-02;3.289809e-02
2.653007e-02;2.812965e-02;3.845151e-01;5.687374e-02;5.580029e-02;3.108222e-02;9.934884e-02;8.212300e-02;1.342328e-01;3.189112e-02;3.382007e-02;3.565301e-02
2.681673e-02;3.780761e-02;3.540533e-01;5.475864e-02;6.040921e-02;3.090676e-02;1.252197e-01;8.605206e-02;1.158630e-01;4.236271e-02;2.626122e-02;3.948904e-02
1.605042e-02;6.583915e-02;3.500741e-01;5.530497e-02;8.053819e-02;3.761771e-02;1.520099e-01;7.886567e-02;5.919124e-02;5.260630e-02;1.608097e-02;3.582144e-02
1.308670e-02;6.211703e-02;3.649372e-01;3.517285e-02;7.574476e-02;4.114708e-02;1.278611e-01;9.899921e-02;7.562645e-02;5.907815e-02;1.444982e-02;3.177961e-02
1.672890e-02;5.268789e-02;2.775048e-01;2.329925e-02;3.556509e-02;6.840759e-02;1.317457e-01;1.896483e-01;1.117004e-01;4.854937e-02;1.729896e-02;2.686383e-02
1.984857e-02;8.645061e-02;2.702031e-01;4.522648e-02;3.771445e-02;8.077513e-02;1.125567e-01;1.566738e-01;1.286434e-01;3.249641e-02;1.119092e-02;1.822047e-02
3.144434e-02;9.047398e-02;2.871014e-01;5.013946e-02;4.109413e-02;6.618991e-02;9.670683e-02;1.472496e-01;1.249636e-01;4.167646e-02;1.115687e-02;1.180354e-02
4.434137e-02;7.026784e-02;2.449133e-01;3.171067e-02;4.214602e-02;4.732049e-02;1.393108e-01;1.918684e-01;1.063428e-01;4.883464e-02;1.269568e-02;2.024806e-02
5.585927e-02;5.612022e-02;1.820387e-01;1.981049e-02;7.699607e-02;7.453553e-02;1.427740e-01;1.461516e-01;1.397766e-01;4.305969e-02;3.071543e-02;3.216242e-02
6.199874e-02;6.882649e-02;1.756001e-01;3.270124e-02;1.028343e-01;5.396168e-02;1.223780e-01;1.563883e-01;1.099249e-01;4.291812e-02;4.193368e-02;3.053442e-02
7.879480e-02;6.951432e-02;1.915706e-01;2.830211e-02;1.092776e-01;3.128946e-02;1.085587e-01;2.241753e-01;5.349835e-02;4.701865e-02;3.313768e-02;2.486239e-02
8.350181e-02;5.617959e-02;2.480263e-01;4.230987e-02;1.032732e-01;4.143281e-02;1.099007e-01;1.644066e-01;4.554943e-02;3.674727e-02;3.356653e-02;3.510584e-02
1.001695e-01;6.918008e-02;1.852622e-01;6.012774e-02;8.755361e-02;6.452335e-02;1.305915e-01;8.561711e-02;8.916236e-02;5.045297e-02;2.616781e-02;5.119174e-02
9.756906e-02;6.779025e-02;1.444076e-01;7.191315e-02;7.592490e-02;5.219442e-02;1.247046e-01;1.078772e-01;9.187628e-02;7.211677e-02;3.629959e-02;5.732620e-02
5.586487e-02;6.564338e-02;1.700956e-01;6.166663e-02;8.084990e-02;4.581585e-02;1.185600e-01;1.628679e-01;8.145946e-02;7.384638e-02;3.898827e-02;4.434171e-02
5.007739e-02;1.280966e-01;1.431134e-01;3.379768e-02;1.056295e-01;9.075967e-02;9.097420e-02;1.490401e-01;6.948517e-02;7.441983e-02;2.867194e-02;3.593447e-02
5.349327e-02;1.432478e-01;9.031653e-02;4.828069e-02;1.118716e-01;9.193935e-02;9.437501e-02;1.553192e-01;6.164597e-02;7.598786e-02;2.828844e-02;4.523423e-02
6.365604e-02;8.866090e-02;9.283495e-02;5.252539e-02;8.352728e-02;6.183906e-02;1.112008e-01;2.328608e-01;6.539768e-02;4.982210e-02;4.596685e-02;5.170820e-02
8.149242e-02;3.707207e-02;9.102094e-02;3.901635e-02;7.763904e-02;7.600530e-02;1.848255e-01;1.824313e-01;8.432287e-02;3.317012e-02;5.617120e-02;5.683279e-02
8.804765e-02;4.179204e-02;1.023217e-01;5.607081e-02;9.436941e-02;7.154254e-02;1.907882e-01;1.253037e-01;7.824039e-02;4.233075e-02;5.896768e-02;5.022513e-02
1.061382e-01;4.499253e-02;9.986983e-02;4.831401e-02;8.103237e-02;5.577743e-02;2.352047e-01;1.429458e-01;5.577571e-02;3.782505e-02;5.254951e-02;3.957482e-02
1.082410e-01;4.582841e-02;9.505803e-02;4.342789e-02;5.667555e-02;5.239747e-02;2.684380e-01;1.539977e-01;3.963321e-02;3.958691e-02;5.075824e-02;4.595754e-02
6.537604e-02;5.364251e-02;7.694604e-02;7.446634e-02;5.647651e-02;7.438415e-02;1.703068e-01;1.600278e-01;8.003036e-02;5.551102e-02;3.419559e-02;9.863686e-02
3.953879e-02;7.975239e-02;5.692851e-02;1.017598e-01;5.907146e-02;7.529406e-02;1.067034e-01;9.562843e-02;9.953410e-02;6.775178e-02;4.996878e-02;1.680684e-01
5.366047e-02;6.198622e-02;6.701471e-02;8.806737e-02;5.676394e-02;6.783694e-02;9.853555e-02;1.046044e-01;1.034070e-01;5.173201e-02;6.558926e-02;1.808021e-01
3.552287e-02;5.669608e-02;8.831960e-02;6.203378e-02;8.058582e-02;4.739209e-02;1.124581e-01;1.386226e-01;1.311094e-01;4.605431e-02;7.469471e-02;1.265107e-01
2.133089e-02;4.186863e-02;7.986182e-02;7.128491e-02;8.802807e-02;4.853563e-02;1.211314e-01;1.418563e-01;1.434430e-01;5.450850e-02;1.021444e-01;8.600643e-02
4.978487e-02;3.786463e-02;9.550720e-02;9.757619e-02;8.190245e-02;4.943597e-02;1.028417e-01;1.082451e-01;1.096462e-01;4.797715e-02;1.562615e-01;6.295716e-02
6.170678e-02;2.975096e-02;1.034082e-01;8.835341e-02;1.003467e-01;3.953231e-02;1.023972e-01;1.053311e-01;9.462647e-02;4.634605e-02;1.746034e-01;5.359747e-02
4.921252e-02;3.139594e-02;5.132223e-02;8.546907e-02;1.069580e-01;8.896073e-02;1.071808e-01;1.324563e-01;8.332896e-02;4.900275e-02;1.570496e-01;5.766305e-02
4.493351e-02;3.951557e-02;6.460968e-02;6.648014e-02;8.077651e-02;9.469905e-02;9.088061e-02;9.812962e-02;7.385343e-02;4.951786e-02;2.006573e-01;9.594665e-02
3.313604e-02;6.822575e-02;9.647391e-02;6.233592e-02;6.287102e-02;6.500906e-02;7.674888e-02;1.011083e-01;9.383219e-02;5.779840e-02;2.004855e-01;8.197509e-02
3.328491e-02;9.593933e-02;9.550729e-02;4.178093e-02;8.642517e-02;5.073522e-02;1.016270e-01;1.016878e-01;8.276589e-02;7.369864e-02;1.595275e-01;7.702035e-02
4.857002e-02;8.612820e-02;1.398861e-01;4.874853e-02;8.469268e-02;4.500619e-02;1.148750e-01;7.806431e-02;8.416078e-02;7.668376e-02;8.857670e-02;1.046078e-01
5.460851e-02;1.044139e-01;1.630618e-01;5.847161e-02;7.471162e-02;5.074671e-02;1.152029e-01;1.079972e-01;1.000364e-01;6.244225e-02;3.429553e-02;7.401153e-02
3.679950e-02;9.308834e-02;1.237808e-01;4.796578e-02;1.194567e-01;7.724711e-02;1.231974e-01;1.288324e-01;9.442949e-02;6.415232e-02;3.979230e-02;5.125786e-02
4.037994e-02;5.463589e-02;1.227940e-01;3.736291e-02;1.350003e-01;6.659319e-02;1.788379e-01;1.090425e-01;6.142800e-02;7.958055e-02;3.508135e-02;7.926342e-02
5.820829e-02;4.380874e-02;1.313300e-01;5.302808e-02;8.882578e-02;6.978483e-02;2.114610e-01;1.178177e-01;4.057376e-02;7.701197e-02;2.197096e-02;8.617888e-02
7.464116e-02;6.380038e-02;1.273450e-01;4.671945e-02;6.211103e-02;9.429359e-02;2.642564e-01;8.916055e-02;2.853924e-02;5.479653e-02;2.374956e-02;7.058703e-02
5.822542e-02;4.708825e-02;1.514765e-01;5.291007e-02;7.253395e-02;9.863606e-02;2.636077e-01;5.287583e-02;3.367940e-02;5.281198e-02;4.619759e-02;6.995723e-02
3.889704e-02;4.430715e-02;1.870332e-01;5.329201e-02;6.778974e-02;7.730170e-02;2.484499e-01;3.786642e-02;4.192691e-02;5.256606e-02;6.165102e-02;8.891880e-02
5.277783e-02;3.929143e-02;1.982711e-01;6.547148e-02;6.368366e-02;7.289998e-02;1.650927e-01;4.159527e-02;5.564297e-02;5.694411e-02;7.981005e-02;1.085195e-01
4.160222e-02;2.053014e-02;1.500962e-01;1.104857e-01;1.231836e-01;1.633720e-01;8.283585e-02;5.972864e-02;3.200665e-02;4.039789e-02;9.037262e-02;8.538842e-02
2.312047e-02;3.321973e-02;1.218717e-01;1.257916e-01;1.522388e-01;2.009004e-01;6.807538e-02;6.336167e-02;2.392197e-02;2.748191e-02;9.691950e-02;6.309681e-02
3.169055e-02;4.989847e-02;1.076323e-01;1.138422e-01;1.590799e-01;1.766047e-01;4.659088e-02;5.203600e-02;3.716582e-02;4.357972e-02;1.106569e-01;7.122269e-02
6.300204e-02;4.364578e-02;8.853975e-02;1.032642e-01;1.594968e-01;1.202036e-01;4.557123e-02;4.145317e-02;6.487597e-02;6.372605e-02;1.076984e-01;9.852310e-02
9.219497e-02;1.709881e-02;7.082440e-02;1.061892e-01;2.096887e-01;1.071584e-01;6.615886e-02;3.915486e-02;8.359037e-02;5.340334e-02;5.541807e-02;9.912004e-02
1.827776e-01;3.315758e-02;5.452062e-02;7.578444e-02;1.848259e-01;9.756851e-02;7.547925e-02;3.096197e-02;8.402523e-02;3.915663e-02;4.944747e-02;9.229480e-02
2.823727e-01;5.366160e-02;3.442545e-02;3.581516e-02;1.239075e-01;1.160829e-01;1.209214e-01;3.402304e-02;5.839240e-02;3.492212e-02;3.080648e-02;7.466923e-02
2.977612e-01;5.563453e-02;2.649779e-02;3.483889e-02;1.281439e-01;1.398266e-01;1.432733e-01;3.102320e-02;3.258349e-02;3.958641e-02;1.487367e-02;5.595703e-02
2.432755e-01;6.327967e-02;2.096900e-02;5.806595e-02;1.637972e-01;1.364731e-01;1.754242e-01;2.376648e-02;2.232930e-02;4.411479e-02;9.675218e-03;3.882968e-02
1.811631e-01;7.453919e-02;3.976727e-02;8.174124e-02;1.674992e-01;1.206967e-01;2.042168e-01;2.416686e-02;1.998509e-02;5.191186e-02;1.091257e-02;2.340013e-02
1.768414e-01;7.288567e-02;4.358876e-02;8.608782e-02;1.467492e-01;1.150935e-01;2.235450e-01;2.227278e-02;1.736027e-02;6.087798e-02;1.161246e-02;2.308519e-02
2.006538e-01;8.034661e-02;3.891310e-02;9.094649e-02;8.810537e-02;1.044883e-01;2.569025e-01;1.532940e-02;1.655520e-02;6.246997e-02;1.360247e-02;3.168683e-02
2.001460e-01;8.296772e-02;1.905306e-02;1.096297e-01;8.195474e-02;1.041034e-01;2.714160e-01;1.043230e-02;1.691137e-02;6.398104e-02;1.128770e-02;2.811698e-02
1.823006e-01;7.705674e-02;1.375203e-02;1.293394e-01;1.036930e-01;9.677569e-02;2.509883e-01;1.703434e-02;2.355589e-02;7.676984e-02;9.705661e-03;1.902850e-02
1.566435e-01;6.395921e-02;1.964564e-02;1.451996e-01;9.705319e-02;9.609053e-02;2.146651e-01;3.133194e-02;5.967928e-02;8.593499e-02;1.219690e-02;1.760011e-02
1.395300e-01;4.945290e-02;1.971194e-02;1.457591e-01;1.086316e-01;8.943056e-02;1.833510e-01;4.122664e-02;9.039139e-02;7.996541e-02;1.236813e-02;4.018130e-02
1.395630e-01;5.227959e-02;4.175487e-02;1.208461e-01;1.190947e-01;7.619147e-02;1.539342e-01;6.223705e-02;8.769720e-02;5.473194e-02;1.785418e-02;7.381561e-02
1.723368e-01;6.671167e-02;5.482537e-02;7.745325e-02;1.227118e-01;6.500424e-02;9.451875e-02;6.992841e-02;6.609929e-02;3.311834e-02;8.775305e-02;8.953910e-02
1.643093e-01;5.721740e-02;9.142815e-02;3.488144e-02;1.422140e-01;5.142573e-02;8.041408e-02;4.424540e-02;7.133017e-02;3.231060e-02;1.689072e-01;6.131654e-02
1.084432e-01;4.901518e-02;9.489307e-02;5.555115e-02;1.843493e-01;7.227872e-02;7.440148e-02;3.607336e-02;7.963093e-02;3.158161e-02;1.359359e-01;7.784608e-02
6.633093e-02;3.544877e-02;9.811105e-02;1.384866e-01;1.539489e-01;8.548701e-02;6.954097e-02;4.790217e-02;8.259069e-02;4.017822e-02;8.032720e-02;1.016475e-01
8.990759e-02;2.364024e-02;1.167055e-01;1.771431e-01;9.956016e-02;8.409686e-02;5.738433e-02;4.478273e-02;6.619572e-02;4.536394e-02;1.152165e-01;8.000339e-02
1.513652e-01;3.610318e-02;1.111490e-01;1.033505e-01;1.049181e-01;8.023943e-02;7.637424e-02;2.965274e-02;7.337165e-02;4.428260e-02;1.414634e-01;4.772992e-02
1.777002e-01;5.723182e-02;9.238344e-02;3.571684e-02;1.051543e-01;1.016854e-01;1.204611e-01;6.318528e-02;5.318405e-02;4.154552e-02;1.258322e-01;2.591982e-02
1.484533e-01;8.781829e-02;8.034292e-02;5.665734e-02;8.711286e-02;7.840054e-02;1.749142e-01;7.442993e-02;3.368958e-02;7.374901e-02;8.209099e-02;2.234107e-02
1.010883e-01;1.267194e-01;1.031569e-01;5.650952e-02;6.076162e-02;5.058966e-02;2.570841e-01;6.714660e-02;4.131248e-02;6.291560e-02;5.491514e-02;1.780072e-02
5.913687e-02;1.394650e-01;1.084823e-01;4.484772e-02;5.374873e-02;5.421260e-02;3.075366e-01;7.337880e-02;5.676426e-02;2.950926e-02;5.585751e-02;1.706040e-02
3.307091e-02;1.325684e-01;9.189753e-02;3.758994e-02;9.063703e-02;5.625631e-02;3.409598e-01;5.814634e-02;6.159180e-02;2.209884e-02;6.362917e-02;1.155394e-02
3.226086e-02;1.255467e-01;8.688921e-02;3.944552e-02;9.669255e-02;6.549294e-02;3.597347e-01;4.841992e-02;4.811013e-02;2.248238e-02;6.840222e-02;6.522868e-03
4.094558e-02;1.421532e-01;6.696902e-02;3.788035e-02;7.272782e-02;6.469924e-02;3.642531e-01;4.935057e-02;6.090588e-02;2.851362e-02;6.588551e-02;5.716046e-03
7.331719e-02;1.526207e-01;5.874950e-02;3.369512e-02;5.274381e-02;5.951713e-02;3.741483e-01;4.035594e-02;6.956857e-02;3.140130e-02;4.785900e-02;6.023510e-03
1.584618e-01;1.456619e-01;4.768674e-02;3.500882e-02;5.114804e-02;7.070315e-02;3.483475e-01;2.072974e-02;4.607677e-02;3.965868e-02;2.281120e-02;1.370571e-02
2.519962e-01;1.245134e-01;2.361091e-02;3.738251e-02;7.079346e-02;1.035095e-01;2.775680e-01;1.388344e-02;1.837257e-02;5.399241e-02;8.644291e-03;1.573318e-02
3.065883e-01;1.007023e-01;2.704279e-02;2.632376e-02;9.227785e-02;1.255386e-01;1.990086e-01;1.671337e-02;2.781677e-02;4.256891e-02;9.687467e-03;2.573124e-02
3.049188e-01;8.977380e-02;5.277620e-02;2.706513e-02;1.106203e-01;1.066735e-01;1.276769e-01;2.215842e-02;4.733841e-02;2.761253e-02;1.597316e-02;6.741285e-02
1.932847e-01;7.253121e-02;1.137569e-01;6.990131e-02;1.312013e-01;6.706139e-02;9.514670e-02;3.535655e-02;5.834770e-02;2.609773e-02;4.063101e-02;9.668361e-02
1.061639e-01;5.190012e-02;1.833934e-01;1.345091e-01;1.245527e-01;5.491585e-02;8.857939e-02;3.735516e-02;5.236519e-02;3.568269e-02;5.815953e-02;7.242294e-02
5.480286e-02;6.588253e-02;3.001956e-01;1.513655e-01;9.216066e-02;3.953119e-02;8.054703e-02;2.412386e-02;5.281589e-02;5.909141e-02;4.766956e-02;3.181382e-02
5.352388e-02;7.807853e-02;2.804907e-01;1.101590e-01;4.748542e-02;7.212194e-02;1.073986e-01;3.058444e-02;9.021737e-02;5.238348e-02;4.106731e-02;3.648924e-02
5.596501e-02;7.820438e-02;1.549194e-01;1.065772e-01;1.001926e-01;1.103816e-01;8.610913e-02;7.771347e-02;9.477914e-02;4.207177e-02;6.107245e-02;3.201390e-02
6.356057e-02;5.889271e-02;1.084901e-01;1.394407e-01;1.414432e-01;9.084598e-02;9.748240e-02;1.031319e-01;5.493389e-02;5.074789e-02;6.407458e-02;2.695608e-02
