2.325689e-02;1.485501e-01;2.272793e-01;1.938109e-02;2.249527e-02;1.682702e-01;2.031480e-02;2.225276e-01;6.515867e-02;3.210204e-02;2.625112e-02;2.441299e-02
2.705418e-02;1.329608e-01;1.787328e-01;2.737641e-02;2.238166e-02;2.159507e-01;3.409199e-02;2.010753e-01;7.198711e-02;3.619867e-02;2.889422e-02;2.329615e-02
3.003531e-02;1.146444e-01;9.307581e-02;3.799787e-02;6.264894e-02;2.376194e-01;7.991871e-02;1.442746e-01;7.909795e-02;3.150832e-02;5.623607e-02;3.294257e-02
2.769878e-02;8.941968e-02;1.605466e-01;6.419070e-02;7.283700e-02;2.463486e-01;6.546222e-02;6.744850e-02;5.960587e-02;4.901361e-02;4.911106e-02;4.831741e-02
3.007065e-02;9.743416e-02;1.572315e-01;8.506972e-02;9.721371e-02;2.341860e-01;2.956533e-02;6.583342e-02;7.305242e-02;4.249128e-02;6.301893e-02;2.483290e-02
2.919819e-02;7.207743e-02;1.399953e-01;7.798766e-02;9.652531e-02;2.241482e-01;5.107576e-02;7.916528e-02;7.139297e-02;4.766531e-02;7.510547e-02;3.566318e-02
3.678326e-02;7.923990e-02;1.079404e-01;5.843966e-02;7.092006e-02;2.109937e-01;9.098782e-02;8.052223e-02;5.675868e-02;4.331758e-02;9.162886e-02;7.246787e-02
5.087952e-02;1.084779e-01;9.257659e-02;2.132042e-02;3.886238e-02;1.829807e-01;1.205299e-01;7.688442e-02;5.261989e-02;4.028996e-02;1.071852e-01;1.073931e-01
5.619142e-02;6.503721e-02;3.743346e-02;2.714991e-02;4.475171e-02;1.642071e-01;9.122844e-02;1.098171e-01;1.381900e-01;5.091718e-02;1.128268e-01;1.022497e-01
5.782424e-02;6.036110e-02;6.393921e-02;4.548112e-02;6.239828e-02;1.447538e-01;1.496595e-02;1.454406e-01;1.512153e-01;6.447255e-02;7.671624e-02;1.124316e-01
5.766901e-02;1.197920e-01;9.388491e-02;2.725377e-02;2.997480e-02;8.310191e-02;3.328784e-02;2.066866e-01;9.457243e-02;4.436417e-02;9.307775e-02;1.163348e-01
3.327649e-02;1.056579e-01;1.090456e-01;4.984275e-02;6.227143e-02;9.498911e-02;7.854568e-02;1.645484e-01;9.889948e-02;5.225229e-02;8.277436e-02;6.789645e-02
4.200816e-02;8.295078e-02;6.374434e-02;5.903380e-02;7.346663e-02;9.623732e-02;7.408191e-02;1.552864e-01;1.431666e-01;5.755762e-02;7.217334e-02;8.029306e-02
4.930891e-02;6.560192e-02;9.428778e-02;7.722351e-02;5.567454e-02;9.489404e-02;8.543521e-02;1.790664e-01;9.964994e-02;6.742457e-02;5.882124e-02;7.261197e-02
4.286052e-02;6.189393e-02;9.252464e-02;9.296001e-02;9.610892e-02;5.893491e-02;1.177314e-01;1.525784e-01;5.498478e-02;8.716959e-02;5.548459e-02;8.676829e-02
2.343168e-02;4.427982e-02;6.757518e-02;9.222795e-02;1.649529e-01;1.245404e-01;9.056450e-02;1.238908e-01;5.914877e-02;8.995526e-02;2.729140e-02;9.214136e-02
2.985746e-02;8.537167e-02;9.710459e-02;1.079485e-01;1.299153e-01;1.642189e-01;5.871519e-02;1.290885e-01;5.362929e-02;6.459281e-02;4.271274e-02;3.684512e-02
5.365141e-02;1.318893e-01;9.403281e-02;1.086681e-01;5.475627e-02;1.469705e-01;1.078020e-01;1.023667e-01;4.510519e-02;4.630562e-02;4.375905e-02;6.469303e-02
5.035072e-02;1.067385e-01;7.703883e-02;7.756363e-02;5.271348e-02;1.185438e-01;1.909992e-01;8.696761e-02;3.990931e-02;1.956107e-02;5.949519e-02;1.201186e-01
5.306701e-02;5.563143e-02;3.494433e-02;5.121458e-02;5.495651e-02;1.113724e-01;2.899637e-01;8.623412e-02;2.150763e-02;1.533558e-02;5.661888e-02;1.691538e-01
3.653079e-02;3.700444e-02;3.750058e-02;3.501186e-02;5.321090e-02;1.573711e-01;2.984737e-01;7.444261e-02;3.026074e-02;1.480749e-02;7.037934e-02;1.550065e-01
2.706482e-02;3.254833e-02;4.887707e-02;2.870731e-02;5.872987e-02;2.002319e-01;2.421183e-01;7.426330e-02;6.750257e-02;2.660190e-02;8.786681e-02;1.054879e-01
2.699560e-02;2.998886e-02;5.546237e-02;3.578914e-02;5.703443e-02;2.036782e-01;2.133747e-01;7.297952e-02;1.160395e-01;3.966473e-02;8.901271e-02;5.998026e-02
2.831452e-02;4.356793e-02;5.680290e-02;3.701977e-02;7.323357e-02;1.388308e-01;2.097399e-01;7.149190e-02;1.582108e-01;8.433928e-02;5.146488e-02;4.698368e-02
2.631940e-02;4.395517e-02;4.104412e-02;2.589380e-02;9.334235e-02;1.503000e-01;1.555011e-01;9.652279e-02;1.777481e-01;9.704503e-02;4.082222e-02;5.150597e-02
3.041823e-02;4.685138e-02;4.857007e-02;2.437723e-02;1.081053e-01;6.085802e-02;9.726029e-02;1.082119e-01;1.837068e-01;1.526505e-01;6.179897e-02;7.719119e-02
3.026460e-02;4.729316e-02;4.065952e-02;2.632383e-02;5.363490e-02;1.957728e-01;1.434661e-01;1.125744e-01;7.375404e-02;1.167976e-01;9.989602e-02;5.956301e-02
3.834860e-02;3.976781e-02;4.196224e-02;3.197067e-02;2.143987e-02;1.514651e-01;2.801385e-01;1.300335e-01;3.754089e-02;4.524735e-02;1.167777e-01;6.530783e-02
3.017790e-02;4.055264e-02;2.867752e-02;2.449468e-02;2.462549e-02;9.703059e-02;3.867866e-01;1.401405e-01;2.755179e-02;1.920211e-02;1.050355e-01;7.572468e-02
1.535190e-02;3.086163e-02;1.670596e-02;1.864365e-02;3.091760e-02;1.099412e-01;4.435171e-01;1.383837e-01;1.872414e-02;4.371507e-03;9.007265e-02;8.250894e-02
8.186328e-03;1.509771e-02;2.005878e-02;1.324679e-02;4.148765e-02;1.832030e-01;4.193506e-01;9.467880e-02;1.691465e-02;4.643570e-03;1.077849e-01;7.534718e-02
6.457998e-03;6.914216e-03;2.660922e-02;4.689063e-03;5.207900e-02;2.982825e-01;3.246550e-01;4.938364e-02;2.144084e-02;4.667220e-03;1.389655e-01;6.585579e-02
4.213023e-03;8.109335e-03;2.551685e-02;5.119012e-03;6.159601e-02;3.926154e-01;2.464565e-01;3.148638e-02;2.075435e-02;6.089575e-03;1.388417e-01;5.920189e-02
4.775511e-03;1.078023e-02;2.383084e-02;9.703127e-03;8.357389e-02;4.289538e-01;1.869183e-01;2.610407e-02;2.396335e-02;1.582938e-02;1.203394e-01;6.522814e-02
1.094304e-02;1.806815e-02;2.890932e-02;2.256045e-02;1.073619e-01;3.711813e-01;1.363164e-01;3.396108e-02;5.533415e-02;3.538837e-02;1.072510e-01;7.272486e-02
1.838793e-02;3.715872e-02;4.122170e-02;2.814684e-02;1.151389e-01;2.453972e-01;1.363472e-01;7.982045e-02;9.153669e-02;5.444708e-02;7.844321e-02;7.395411e-02
2.045901e-02;2.678474e-02;4.117841e-02;2.732205e-02;1.015262e-01;1.663005e-01;1.938631e-01;1.114226e-01;9.469669e-02;5.804404e-02;7.907660e-02;7.932603e-02
1.567093e-02;1.930707e-02;3.368829e-02;2.084958e-02;7.572880e-02;1.197601e-01;3.204520e-01;1.199032e-01;7.062910e-02;2.253376e-02;1.220353e-01;5.944190e-02
1.466642e-02;1.968442e-02;1.162114e-02;1.830871e-02;5.527806e-02;1.792165e-01;3.457266e-01;9.494825e-02;1.011408e-01;1.883256e-02;9.121740e-02;4.935919e-02
1.177138e-02;1.884263e-02;3.047542e-02;1.877702e-02;6.863502e-02;1.285688e-01;3.924424e-01;9.540519e-02;1.078053e-01;2.688017e-02;6.115683e-02;3.923986e-02
8.778384e-03;2.326502e-02;2.629708e-02;2.446785e-02;6.451531e-02;3.433140e-01;3.395385e-01;4.824076e-02;4.855360e-02;1.656822e-02;3.547726e-02;2.098409e-02
2.468263e-02;3.212170e-02;3.070947e-02;4.472234e-02;2.824178e-02;4.046923e-01;2.561558e-01;4.495059e-02;3.908070e-02;3.688959e-02;3.864110e-02;1.911199e-02
4.948791e-02;7.410950e-02;6.976163e-02;7.486880e-02;4.871082e-02;2.084282e-01;1.568289e-01;7.232749e-02;7.155672e-02;1.013569e-01;5.847144e-02;1.409164e-02
5.994870e-02;1.355360e-01;1.421137e-01;7.504907e-02;6.242749e-02;1.093031e-01;2.907360e-02;8.712049e-02;8.500212e-02;1.108958e-01;4.845110e-02;5.507885e-02
3.874009e-02;1.175308e-01;1.203895e-01;5.499896e-02;5.682160e-02;2.031747e-01;1.389256e-01;7.904243e-02;4.546319e-02;4.290406e-02;3.352617e-02;6.848281e-02
2.996618e-02;8.191275e-02;7.689834e-02;4.970064e-02;3.525227e-02;2.354478e-01;1.998435e-01;9.372038e-02;3.001687e-02;2.346202e-02;6.661216e-02;7.716713e-02
2.550575e-02;4.226266e-02;3.717548e-02;3.667267e-02;4.421078e-02;2.611988e-01;2.359539e-01;8.335979e-02;4.203783e-02;2.240470e-02;9.577958e-02;7.343800e-02
3.111898e-02;4.370098e-02;4.421437e-02;2.690580e-02;4.415007e-02;2.854180e-01;2.504668e-01;4.982980e-02;5.483734e-02;2.744696e-02;1.048048e-01;3.710605e-02
3.246967e-02;3.163972e-02;6.664500e-02;1.880160e-02;1.349479e-02;3.398690e-01;2.231276e-01;3.723996e-02;2.522679e-02;2.758498e-02;1.477455e-01;3.615541e-02
2.859514e-02;1.375096e-02;5.705693e-02;1.712098e-02;3.061995e-02;4.256065e-01;1.730008e-01;2.124641e-02;1.716330e-02;2.418602e-02;1.674239e-01;2.422911e-02
1.915212e-02;1.411126e-02;4.052202e-02;4.384064e-02;7.724804e-02;4.670355e-01;9.706392e-02;1.080034e-02;2.184572e-02;4.530763e-02;1.501013e-01;1.297143e-02
1.005794e-02;3.317502e-02;2.451267e-02;9.097977e-02;1.511692e-01;4.111904e-01;3.518436e-02;1.270362e-02;3.054446e-02;6.317301e-02;1.247180e-01;1.259154e-02
7.000537e-03;5.376986e-02;1.684188e-02;1.297562e-01;2.239765e-01;3.098787e-01;1.123076e-02;2.050347e-02;4.470803e-02;7.693511e-02;9.553985e-02;9.859120e-03
1.031282e-02;5.950167e-02;2.650387e-02;1.066575e-01;2.463389e-01;2.652315e-01;2.152350e-02;3.662797e-02;6.833065e-02;7.858667e-02;7.141706e-02;8.967931e-03
1.267394e-02;4.849858e-02;2.566664e-02;9.374621e-02;2.167483e-01;2.663721e-01;3.711718e-02;3.967466e-02;1.006994e-01;7.564186e-02;6.387037e-02;1.929080e-02
1.151611e-02;3.676168e-02;2.523598e-02;1.165819e-01;1.900667e-01;2.508107e-01;3.304458e-02;5.236747e-02;1.439569e-01;6.715542e-02;5.935359e-02;1.314899e-02
1.400758e-02;4.648373e-02;2.546602e-02;1.251792e-01;2.063674e-01;1.716568e-01;2.070583e-02;7.119641e-02;1.868373e-01;5.827710e-02;5.619985e-02;1.762274e-02
8.261666e-03;6.383129e-02;5.977263e-02;9.533765e-02;2.157048e-01;1.162978e-01;2.787468e-02;9.392539e-02;2.095507e-01;5.226675e-02;3.846882e-02;1.870779e-02
6.231702e-03;6.778707e-02;8.286036e-02;8.072206e-02;1.319297e-01;2.639869e-01;5.317957e-02;7.824893e-02;1.491122e-01;3.616263e-02;3.446418e-02;1.531479e-02
1.925584e-02;7.530806e-02;1.116725e-01;7.287715e-02;6.307208e-02;2.855743e-01;7.614287e-02;5.390868e-02;1.247191e-01;4.486326e-02;3.566220e-02;3.694395e-02
2.977742e-02;1.021142e-01;1.382325e-01;4.964592e-02;6.858695e-02;1.827801e-01;1.197565e-01;7.471038e-02;7.950070e-02;5.754255e-02;4.525004e-02;5.210282e-02
2.449493e-02;1.255974e-01;1.777243e-01;2.556991e-02;2.730143e-02;2.479904e-01;8.235284e-02;8.196228e-02;5.972918e-02;5.918492e-02;5.139013e-02;3.670236e-02
1.710051e-02;1.143798e-01;1.578792e-01;2.875532e-02;5.521066e-02;2.441592e-01;5.084913e-02;7.391911e-02;7.810052e-02;8.475314e-02;6.948978e-02;2.540361e-02
1.721753e-02;9.122919e-02;1.057939e-01;1.533930e-02;7.950138e-02;2.636165e-01;3.756684e-02;6.502669e-02;8.201472e-02;9.774517e-02;1.064646e-01;3.848427e-02
1.082834e-02;5.145436e-02;5.447134e-02;2.121950e-02;5.765061e-02;3.548692e-01;5.643678e-02;4.768661e-02;6.359587e-02;8.103953e-02;1.575506e-01;4.319730e-02
7.295894e-03;2.755415e-02;2.367786e-02;2.111492e-02;4.460109e-02;4.710557e-01;7.267414e-02;2.563736e-02;3.921998e-02;4.967376e-02;1.788213e-01;3.867382e-02
6.202207e-03;1.566044e-02;1.090041e-02;4.625437e-02;6.807455e-02;4.938455e-01;6.670718e-02;2.153801e-02;3.149677e-02;5.575854e-02;1.578716e-01;2.569051e-02
4.609984e-03;1.532609e-02;1.267933e-02;6.597672e-02;8.932939e-02;4.773932e-01;7.540902e-02;2.177127e-02;3.943578e-02;5.248456e-02;1.284733e-01;1.711125e-02
3.007934e-03;1.714017e-02;9.792724e-03;9.681502e-02;1.227069e-01;4.387312e-01;7.556051e-02;1.774882e-02;4.768230e-02;5.271664e-02;1.049717e-01;1.312613e-02
4.403229e-03;2.263671e-02;8.987432e-03;1.201226e-01;1.619578e-01;3.430436e-01;5.209462e-02;3.650124e-02;7.679633e-02;7.197105e-02;8.626691e-02;1.521853e-02
3.869486e-03;3.122301e-02;2.211989e-02;1.105013e-01;1.762226e-01;2.493732e-01;3.488361e-02;7.250504e-02;1.301857e-01;8.834766e-02;6.194338e-02;1.882513e-02
6.233977e-03;2.882870e-02;4.509661e-02;6.153012e-02;1.684029e-01;2.307560e-01;2.292035e-02;8.966950e-02;1.787091e-01;1.038685e-01;3.380074e-02;3.018342e-02
8.884894e-03;3.842174e-02;2.972302e-02;7.493667e-02;1.476071e-01;2.640939e-01;4.108495e-02;5.653520e-02;1.418014e-01;1.150315e-01;5.345291e-02;2.842673e-02
7.397837e-03;3.264239e-02;1.194071e-02;9.460157e-02;1.107424e-01;3.673214e-01;7.100736e-02;5.426117e-02;8.571270e-02;6.887780e-02;7.335425e-02;2.214045e-02
5.410951e-03;1.974161e-02;1.107244e-02;8.941061e-02;9.990779e-02;4.885687e-01;8.507951e-02;3.266926e-02;4.046385e-02;4.493274e-02;6.795046e-02;1.479206e-02
2.459405e-03;2.541732e-02;8.308396e-03;6.359611e-02;1.280080e-01;5.167136e-01;6.955362e-02;3.544853e-02;3.112855e-02;5.481277e-02;5.601353e-02;8.540130e-03
3.538816e-03;2.474708e-02;9.082915e-03;5.061475e-02;1.838405e-01;4.565459e-01;4.373666e-02;5.986175e-02;4.559626e-02;6.187051e-02;5.378079e-02;6.784002e-03
3.528669e-03;2.475961e-02;1.001365e-02;6.222901e-02;2.181643e-01;3.746372e-01;6.373866e-02;7.121271e-02;5.588842e-02;6.080941e-02;4.862158e-02;6.396801e-03
5.169902e-03;3.684954e-02;2.169970e-02;8.522369e-02;2.042542e-01;3.053545e-01;7.855281e-02;8.037083e-02;7.473934e-02;5.719428e-02;3.989402e-02;1.069722e-02
8.616652e-03;6.145169e-02;4.385616e-02;8.549355e-02;1.751780e-01;2.298519e-01;7.175045e-02;1.030427e-01;1.077997e-01;5.948922e-02;3.483671e-02;1.863325e-02
9.140960e-03;6.258434e-02;5.307334e-02;6.197290e-02;1.510833e-01;2.078461e-01;1.024637e-01;1.329591e-01;1.254906e-01;4.017637e-02;3.019477e-02;2.301447e-02
8.486795e-03;4.630808e-02;3.386439e-02;7.487896e-02;1.722189e-01;2.370940e-01;1.056795e-01;1.071488e-01;1.152311e-01;4.639456e-02;2.847998e-02;2.421492e-02
9.430270e-03;3.678785e-02;2.072588e-02;5.286521e-02;1.835697e-01;3.273238e-01;6.505976e-02;7.462892e-02;1.229927e-01;5.358856e-02;3.245177e-02;2.057555e-02
1.496643e-02;3.047528e-02;2.280972e-02;5.942060e-02;1.492926e-01;3.216467e-01;1.005497e-01;9.764622e-02;1.029123e-01;4.397723e-02;3.337026e-02;2.293289e-02
2.857733e-02;5.070373e-02;5.366870e-02;7.350206e-02;1.144785e-01;1.919389e-01;1.525156e-01;1.373167e-01;8.713064e-02;4.325997e-02;3.578167e-02;3.112632e-02
3.796834e-02;8.562480e-02;1.073921e-01;9.992752e-02;8.403244e-02;1.092751e-01;1.589370e-01;1.343152e-01;8.112370e-02;4.031156e-02;3.473632e-02;2.635602e-02
4.208266e-02;1.473808e-01;1.703140e-01;1.143238e-01;6.254703e-02;8.964590e-02;1.161429e-01;9.492870e-02;6.205400e-02;3.456856e-02;3.951557e-02;2.649605e-02
4.164881e-02;1.688786e-01;1.728737e-01;8.429091e-02;6.466830e-02;1.034354e-01;1.087712e-01;9.630571e-02;4.442880e-02;4.327443e-02;4.602059e-02;2.540362e-02
7.519320e-02;1.150985e-01;8.724295e-02;2.430674e-02;4.478348e-02;8.543722e-02;1.643116e-01;1.844358e-01;5.958806e-02;6.093428e-02;1.918884e-02;7.947935e-02
6.718150e-02;7.424990e-02;5.866190e-02;3.507698e-02;2.915758e-02;2.941397e-02;2.303915e-01;1.806876e-01;4.988863e-02;3.893582e-02;4.680021e-02;1.595544e-01
3.843649e-02;3.803227e-02;4.578579e-02;3.370570e-02;2.334366e-02;7.703987e-02;2.395980e-01;1.210570e-01;2.656292e-02;2.532145e-02;1.473493e-01;1.837675e-01
3.827178e-02;3.797492e-02;5.942488e-02;1.881077e-02;2.275891e-02;1.138482e-01;1.596108e-01;5.612496e-02;1.657811e-02;6.777328e-02;2.859275e-01;1.228959e-01
4.477161e-02;7.591185e-02;6.039251e-02;2.149928e-02;3.581684e-02;1.057680e-01;8.263692e-02;3.013724e-02;2.057461e-02;1.620628e-01;3.060840e-01;5.434440e-02
2.270612e-02;1.228066e-01;3.606982e-02;2.917150e-02;6.438444e-02;5.485449e-02;4.862100e-02;2.621749e-02;3.550558e-02;3.178293e-01;1.864718e-01;5.536200e-02
1.590839e-02;1.289756e-01;1.634182e-02;3.138373e-02;9.620024e-02;3.263283e-02;2.488557e-02;2.032124e-02;6.951573e-02;4.158011e-01;9.539864e-02;5.263506e-02
1.027771e-02;1.010215e-01;1.467941e-02;3.676527e-02;1.399693e-01;4.513381e-02;2.295548e-02;4.010596e-02;8.541735e-02;3.914138e-01;6.218316e-02;5.007717e-02
7.383524e-03;8.502204e-02;1.224474e-02;4.174242e-02;2.028992e-01;1.101627e-01;2.743502e-02;5.138542e-02;5.794699e-02;3.260462e-01;3.629721e-02;4.143450e-02
8.778089e-03;8.556726e-02;1.022900e-02;2.544956e-02;2.423579e-01;1.436883e-01;2.639180e-02;5.025241e-02;4.412559e-02;2.962793e-01;3.113354e-02;3.574716e-02
6.559610e-03;8.438990e-02;5.903715e-03;3.635681e-02;2.473638e-01;1.522061e-01;7.325220e-03;2.889228e-02;5.627120e-02;3.241525e-01;1.923686e-02;3.134198e-02
5.949929e-03;7.563052e-02;9.386176e-03;3.843084e-02;2.253527e-01;1.112652e-01;1.470076e-02;2.874758e-02;6.509185e-02;3.799450e-01;1.796998e-02;2.752952e-02
1.663491e-02;6.214528e-02;9.871630e-03;2.603497e-02;1.604645e-01;1.066241e-01;2.953516e-02;3.785080e-02;6.197405e-02;4.150918e-01;5.434892e-02;1.942398e-02
3.096841e-02;6.079468e-02;8.109106e-03;1.713201e-02;1.018338e-01;6.896301e-02;3.337953e-02;2.571877e-02;8.440742e-02;4.529898e-01;8.492018e-02;3.078330e-02
3.916695e-02;7.615355e-02;9.022177e-03;1.862435e-02;7.098200e-02;2.375214e-02;2.486627e-02;2.301594e-02;1.163898e-01;5.019743e-01;5.982391e-02;3.622857e-02
5.706576e-02;8.163839e-02;5.746710e-03;2.576777e-02;5.248870e-02;6.208307e-03;2.017193e-02;3.175209e-02;1.516033e-01;4.986271e-01;3.430535e-02;3.462457e-02
3.777879e-02;7.881353e-02;1.398735e-02;3.148011e-02;4.502603e-02;1.065128e-02;2.347283e-02;4.776746e-02;1.936827e-01;4.637619e-01;2.659992e-02;2.697797e-02
5.028517e-02;7.149468e-02;2.846828e-02;3.704693e-02;3.956354e-02;2.955712e-02;2.951766e-02;9.269917e-02;2.266338e-01;3.525069e-01;1.768304e-02;2.454381e-02
7.178187e-02;6.194608e-02;4.396931e-02;4.861268e-02;5.084442e-02;5.982850e-02;4.584591e-02;1.264583e-01;2.182696e-01;1.934876e-01;2.834885e-02;5.060685e-02
1.834586e-02;3.103209e-02;3.534395e-02;4.160399e-02;1.016779e-01;4.146585e-02;5.339503e-02;1.163016e-01;1.806026e-01;2.478081e-01;7.057915e-02;6.184388e-02
2.635679e-02;2.591977e-02;1.990633e-02;2.484498e-02;8.940190e-02;4.533836e-02;2.477159e-02;7.297267e-02;1.726013e-01;4.086272e-01;6.301804e-02;2.624104e-02
2.204554e-02;2.885221e-02;1.686639e-02;1.530136e-02;8.357818e-02;6.377587e-02;6.567167e-03;6.156305e-02;1.710330e-01;4.494205e-01;5.264465e-02;2.835208e-02
1.242901e-02;4.575219e-02;2.995054e-02;2.930473e-02;8.373860e-02;7.043302e-02;2.667468e-02;4.415869e-02;1.597697e-01;4.426730e-01;2.134722e-02;3.376865e-02
1.248695e-02;8.539086e-02;5.581205e-02;5.767272e-02;7.746745e-02;7.259638e-02;4.249354e-02;7.750486e-02;1.337272e-01;3.256356e-01;2.948327e-02;2.972906e-02
2.529985e-02;1.018740e-01;9.274767e-02;7.652198e-02;9.339828e-02;6.407585e-02;5.605702e-02;8.512427e-02;1.345801e-01;2.001676e-01;3.066714e-02;3.948623e-02
1.524609e-01;1.530504e-01;1.071475e-01;8.177035e-02;2.513842e-02;3.401217e-02;4.558621e-02;3.078060e-02;6.740158e-02;1.341810e-01;8.323900e-02;8.523182e-02
2.079918e-01;1.661305e-01;1.309688e-01;8.078349e-02;1.053085e-02;4.066466e-02;4.201118e-02;1.177607e-02;4.386907e-02;1.033982e-01;6.604934e-02;9.582601e-02
2.109780e-01;1.555996e-01;1.268358e-01;7.724164e-02;1.140953e-02;3.934605e-02;5.082520e-02;2.788073e-02;4.180877e-02;1.129046e-01;4.521240e-02;9.995779e-02
1.578650e-01;1.558370e-01;1.432413e-01;6.418362e-02;1.741343e-02;3.175703e-02;6.866285e-02;3.789282e-02;3.744512e-02;1.243428e-01;3.642094e-02;1.249381e-01
9.191661e-02;1.399860e-01;1.651355e-01;6.782783e-02;5.107754e-02;6.455879e-02;5.530791e-02;4.517763e-02;3.621347e-02;5.920912e-02;9.887732e-02;1.247123e-01
8.634674e-02;1.161802e-01;8.468978e-02;8.907400e-02;5.810453e-02;1.064411e-01;7.976691e-02;9.904752e-02;6.513988e-02;7.447934e-02;9.544075e-02;4.528924e-02
5.465214e-02;1.425178e-01;1.127317e-01;7.226139e-02;2.926778e-02;1.176867e-01;9.860595e-02;1.329543e-01;6.640658e-02;5.490955e-02;7.099855e-02;4.700767e-02
6.703436e-02;1.586459e-01;1.703061e-01;7.261975e-02;2.667093e-02;7.589515e-02;9.331725e-02;1.277172e-01;3.983049e-02;4.167836e-02;6.397904e-02;6.230551e-02
1.034454e-01;1.223522e-01;1.310302e-01;6.759758e-02;2.937963e-02;5.655133e-02;1.303992e-01;1.323642e-01;2.133668e-02;4.089331e-02;5.301946e-02;1.116308e-01
1.148998e-01;6.654546e-02;7.207847e-02;5.822864e-02;3.008356e-02;2.450236e-02;2.307830e-01;1.576771e-01;1.175772e-02;3.255522e-02;2.299914e-02;1.778895e-01
8.144898e-02;4.430672e-02;2.819500e-02;7.685733e-02;2.640509e-02;2.006266e-02;3.332599e-01;1.356648e-01;9.038815e-03;1.899488e-02;9.298489e-03;2.164674e-01
4.227018e-02;3.104074e-02;5.888972e-03;8.604856e-02;1.510493e-02;2.435325e-02;3.973694e-01;1.248453e-01;8.995290e-03;1.636661e-02;1.318304e-02;2.345337e-01
4.089028e-02;2.659153e-02;1.857159e-02;6.686913e-02;1.117986e-02;1.195898e-02;4.192002e-01;1.379089e-01;1.052666e-02;2.566804e-02;8.209579e-03;2.224253e-01
4.916918e-02;2.713477e-02;1.336113e-02;4.653975e-02;1.126494e-02;2.621266e-02;4.214776e-01;1.494710e-01;1.085931e-02;2.999401e-02;1.813672e-02;1.963789e-01
7.630634e-02;3.778812e-02;3.690507e-02;3.334349e-02;8.492094e-03;3.597406e-02;3.699004e-01;2.002810e-01;1.162401e-02;2.150680e-02;1.361213e-02;1.542665e-01
1.233833e-01;4.619435e-02;6.420416e-02;2.207804e-02;1.404126e-02;3.861673e-02;2.504667e-01;3.008035e-01;1.187602e-02;1.269698e-02;9.379094e-03;1.062598e-01
1.759831e-01;1.091980e-01;7.850849e-02;1.384759e-02;3.632513e-02;2.727919e-02;1.112346e-01;3.557491e-01;1.661813e-02;5.518681e-03;1.447842e-02;5.525954e-02
1.926731e-01;1.910520e-01;6.679279e-02;7.810930e-03;4.512573e-02;1.193897e-02;7.095447e-02;3.185572e-01;3.076913e-02;1.206082e-02;2.135298e-02;3.091183e-02
1.601929e-01;3.019351e-01;8.231014e-02;1.889240e-02;3.450046e-02;1.475541e-02;5.579120e-02;2.054968e-01;5.585258e-02;1.790622e-02;2.418660e-02;2.818026e-02
1.019765e-01;3.814957e-01;1.204301e-01;4.303087e-02;2.007927e-02;4.506011e-02;3.848820e-02;1.023090e-01;8.780215e-02;2.255708e-02;1.620743e-02;2.056355e-02
6.658049e-02;3.567517e-01;1.368913e-01;5.708850e-02;4.691591e-02;6.905434e-02;4.140768e-02;6.138529e-02;1.012196e-01;3.132473e-02;1.467351e-02;1.670690e-02
6.617735e-02;2.636797e-01;1.314292e-01;6.040007e-02;9.609263e-02;7.098258e-02;6.314477e-02;9.110747e-02;8.791666e-02;3.868845e-02;1.461253e-02;1.576870e-02
8.057044e-02;1.592794e-01;1.208967e-01;9.365201e-02;1.065613e-01;5.298098e-02;1.061344e-01;1.187296e-01;6.518338e-02;4.207662e-02;1.977900e-02;3.415623e-02
8.924197e-02;2.034518e-01;7.287969e-02;1.398289e-01;5.679222e-02;3.538013e-02;1.508018e-01;9.529385e-02;4.962692e-02;3.821145e-02;1.546381e-02;5.302749e-02
8.695138e-02;2.400179e-01;6.582133e-02;1.351675e-01;2.757439e-02;5.511025e-02;1.525313e-01;7.388866e-02;5.201220e-02;3.443430e-02;1.683634e-02;5.965449e-02
6.923877e-02;1.885633e-01;7.368882e-02;1.534754e-01;4.061408e-02;4.453275e-02;1.523826e-01;1.196205e-01;5.100628e-02;3.524569e-02;1.536389e-02;5.626798e-02
8.141995e-02;1.639289e-01;8.092800e-02;1.234943e-01;6.068893e-02;3.992216e-02;1.083776e-01;1.605135e-01;4.336504e-02;4.530079e-02;2.344985e-02;6.861103e-02
1.090610e-01;2.278218e-01;7.338300e-02;6.040701e-02;5.377879e-02;3.183102e-02;8.982444e-02;1.772908e-01;4.160253e-02;3.987420e-02;2.902506e-02;6.610030e-02
1.164519e-01;2.063297e-01;1.181402e-01;4.920708e-02;3.009561e-02;2.267776e-02;1.192467e-01;2.040660e-01;3.484944e-02;2.454123e-02;1.858268e-02;5.581164e-02
9.945775e-02;1.689668e-01;8.614765e-02;3.723551e-02;1.321409e-02;2.696385e-02;1.858875e-01;2.264768e-01;2.041184e-02;2.102157e-02;1.098678e-02;1.032298e-01
6.640741e-02;1.179200e-01;4.014248e-02;4.271154e-02;5.942236e-03;3.985825e-02;2.846297e-01;1.845401e-01;9.645635e-03;2.818802e-02;1.160494e-02;1.684097e-01
3.905557e-02;8.770612e-02;2.961495e-02;3.969261e-02;6.655289e-03;5.000321e-02;3.633118e-01;1.167150e-01;7.585320e-03;3.806196e-02;1.267315e-02;2.089250e-01
4.578936e-02;7.220009e-02;4.155291e-02;3.029587e-02;7.156457e-03;6.037360e-02;3.527643e-01;1.042964e-01;1.931072e-02;4.817547e-02;1.910138e-02;1.989835e-01
4.741637e-02;7.396377e-02;6.716866e-02;3.109207e-02;7.903546e-03;8.164427e-02;2.673661e-01;1.168028e-01;5.030801e-02;5.356519e-02;3.290053e-02;1.698686e-01
4.917550e-02;7.963775e-02;5.848797e-02;3.974557e-02;2.315796e-02;8.779530e-02;2.186842e-01;1.347769e-01;5.932966e-02;5.210642e-02;4.767165e-02;1.494311e-01
6.498594e-02;8.658872e-02;5.550158e-02;3.795324e-02;1.950165e-02;3.004141e-02;2.971471e-01;1.603983e-01;3.543927e-02;2.555675e-02;3.444219e-02;1.524439e-01
1.151815e-01;1.310257e-01;8.968174e-02;4.015761e-02;2.159858e-02;4.146029e-02;1.079049e-01;1.018613e-01;3.420095e-02;5.497660e-02;8.375423e-02;1.781966e-01
1.021492e-01;1.408502e-01;1.115815e-01;2.092941e-02;2.734616e-02;2.723293e-02;6.693006e-02;8.068430e-02;3.911257e-02;8.159840e-02;1.063564e-01;1.952288e-01
6.086567e-02;1.078405e-01;1.032173e-01;3.162595e-02;3.043566e-02;5.234288e-02;9.380632e-02;7.522327e-02;4.693775e-02;9.840910e-02;1.367940e-01;1.625016e-01
9.373166e-02;8.162372e-02;9.656826e-02;4.765419e-02;3.292710e-02;6.135348e-02;1.063762e-01;7.027745e-02;5.299348e-02;9.611680e-02;1.399854e-01;1.203922e-01
1.318945e-01;7.712084e-02;1.000113e-01;3.564512e-02;3.926030e-02;9.685770e-02;1.403117e-01;8.574493e-02;3.453877e-02;4.298926e-02;1.293802e-01;8.624542e-02
7.357641e-02;8.695830e-02;8.257759e-02;3.126343e-02;1.943022e-02;1.442496e-01;1.300914e-01;8.448519e-02;5.219535e-02;3.871488e-02;1.516009e-01;1.048568e-01
4.753273e-02;5.896237e-02;6.462128e-02;2.137583e-02;3.167124e-02;1.922111e-01;1.063786e-01;5.279952e-02;4.626757e-02;7.295509e-02;2.254407e-01;7.978405e-02
2.101615e-02;3.129700e-02;4.726219e-02;7.951212e-03;6.205047e-02;2.507345e-01;6.792244e-02;2.879915e-02;4.090090e-02;1.180484e-01;2.903699e-01;3.364781e-02
3.474111e-03;3.125015e-02;2.068871e-02;1.353823e-02;1.014995e-01;2.488348e-01;2.617230e-02;3.204257e-02;4.022077e-02;2.317487e-01;2.321074e-01;1.842276e-02
4.665579e-03;3.769333e-02;9.730154e-03;1.525711e-02;1.167430e-01;2.124868e-01;1.717390e-02;2.969665e-02;5.520893e-02;3.239150e-01;1.538066e-01;2.362298e-02
6.311712e-03;3.663480e-02;9.606544e-03;1.275755e-02;1.325028e-01;2.204006e-01;2.214092e-02;2.927672e-02;6.263275e-02;3.841922e-01;6.150518e-02;2.203824e-02
4.866920e-03;3.632367e-02;1.535014e-02;8.449355e-03;1.297351e-01;2.392775e-01;2.566072e-02;3.368597e-02;9.338143e-02;2.672796e-01;1.352424e-01;1.074723e-02
8.552692e-03;4.727025e-02;7.675173e-03;1.523118e-02;1.445456e-01;2.946418e-01;6.342066e-03;5.968591e-02;1.243376e-01;8.821254e-02;1.812649e-01;2.224034e-02
9.014325e-03;5.310308e-02;1.031457e-02;1.451581e-02;1.077051e-01;2.665367e-01;1.554397e-02;7.214161e-02;1.388697e-01;1.593618e-01;1.314146e-01;2.147871e-02
9.297699e-03;7.016167e-02;1.939433e-02;8.763272e-03;7.531025e-02;2.011284e-01;3.885741e-02;8.187185e-02;1.577644e-01;1.857727e-01;1.350754e-01;1.660264e-02
1.421423e-02;9.526717e-02;2.227485e-02;1.037422e-02;6.292260e-02;7.943013e-02;5.785035e-02;8.443451e-02;1.560249e-01;2.088578e-01;1.776193e-01;3.072991e-02
8.696893e-03;1.046522e-01;2.281797e-02;9.305975e-03;6.499779e-02;4.501013e-02;2.604371e-02;8.661689e-02;1.800997e-01;2.510589e-01;1.702194e-01;3.048054e-02
1.951038e-02;1.004869e-01;2.631424e-02;1.611565e-02;7.650813e-02;5.299705e-02;9.932767e-03;9.819536e-02;2.291024e-01;2.255693e-01;1.214087e-01;2.385924e-02
1.245807e-02;1.013382e-01;6.422491e-02;1.271546e-02;6.819698e-02;7.516836e-02;2.763274e-02;1.361624e-01;2.370835e-01;1.665485e-01;7.029383e-02;2.817696e-02
3.371836e-02;1.141110e-01;8.148268e-02;3.661727e-02;4.031855e-02;6.775732e-02;5.917732e-02;1.344336e-01;1.865961e-01;1.374148e-01;7.447609e-02;3.389689e-02
4.757303e-02;1.306225e-01;9.354704e-02;7.091485e-02;9.360024e-02;1.127707e-01;1.499029e-01;7.155465e-02;1.000956e-01;3.482038e-02;5.888418e-02;3.571387e-02
2.759948e-02;6.223479e-02;9.199277e-02;2.434495e-02;1.258981e-01;1.994560e-01;1.109648e-01;3.750508e-02;8.199276e-02;1.097519e-01;9.093282e-02;3.732662e-02
1.774612e-02;5.205593e-02;5.342387e-02;5.673694e-02;1.615905e-01;1.747985e-01;6.083858e-02;6.532881e-02;1.057770e-01;1.543466e-01;6.684946e-02;3.050774e-02
1.073141e-02;5.220851e-02;1.594522e-02;9.129138e-02;2.186488e-01;1.192560e-01;1.815053e-02;6.898026e-02;1.389050e-01;2.059756e-01;3.625420e-02;2.365321e-02
6.394686e-03;4.203666e-02;2.075887e-02;1.057318e-01;2.375527e-01;9.034358e-02;1.521489e-02;6.045146e-02;1.682383e-01;2.200835e-01;1.701355e-02;1.617995e-02
7.615354e-03;3.356187e-02;2.757789e-02;1.058644e-01;1.830397e-01;8.050161e-02;2.010231e-02;9.161510e-02;2.302585e-01;1.919355e-01;1.747099e-02;1.045679e-02
1.302450e-02;4.486237e-02;1.476515e-02;9.931923e-02;8.389073e-02;8.506222e-02;2.703220e-02;1.570911e-01;2.944297e-01;1.529058e-01;1.782151e-02;9.795485e-03
1.516657e-02;5.290633e-02;4.418034e-02;8.671532e-02;3.912637e-02;7.494267e-02;2.989949e-02;2.103303e-01;3.087128e-01;1.030726e-01;2.229593e-02;1.265138e-02
1.785522e-02;5.191821e-02;8.007598e-02;7.113376e-02;1.130412e-01;6.155656e-02;6.104614e-02;1.723679e-01;2.629644e-01;6.088671e-02;3.621657e-02;1.093731e-02
1.306221e-02;5.333611e-02;5.830368e-02;5.759943e-02;1.182991e-01;5.627568e-02;5.182048e-02;1.788672e-01;2.806364e-01;7.771853e-02;4.279800e-02;1.128306e-02
1.716957e-02;5.464690e-02;6.369697e-02;6.553022e-02;1.043167e-01;4.983607e-02;3.921603e-02;1.753436e-01;2.767136e-01;8.510523e-02;5.130842e-02;1.711662e-02
2.146935e-02;6.388975e-02;8.468982e-02;6.970779e-02;9.219980e-02;8.879016e-02;4.008294e-02;1.313572e-01;2.177459e-01;1.140509e-01;6.032407e-02;1.569233e-02
3.570579e-02;7.902661e-02;6.632090e-02;7.904262e-02;8.675750e-02;1.332555e-01;3.736495e-02;7.907553e-02;1.691725e-01;1.202168e-01;7.575831e-02;3.830301e-02
3.460101e-02;1.059709e-01;6.135908e-02;7.651642e-02;7.282653e-02;1.413097e-01;4.860562e-02;9.832530e-02;1.360636e-01;1.083039e-01;5.460357e-02;6.151432e-02
2.088400e-02;9.301995e-02;7.174271e-02;8.102011e-02;8.919538e-02;1.137673e-01;5.975738e-02;1.265429e-01;1.318745e-01;8.900592e-02;3.091775e-02;9.227208e-02
5.404013e-02;5.345869e-02;8.671670e-02;7.280481e-02;2.112041e-01;6.187996e-02;5.889209e-02;9.214977e-02;1.023433e-01;6.266674e-02;5.940031e-02;8.444347e-02
6.137617e-02;3.177133e-02;7.287700e-02;1.048505e-01;3.241166e-01;6.668808e-02;5.336780e-02;7.666464e-02;5.840734e-02;5.601731e-02;4.825183e-02;4.561137e-02
5.266665e-02;4.926012e-02;5.043165e-02;1.694102e-01;3.733859e-01;8.262902e-02;4.288077e-02;3.839190e-02;3.428974e-02;4.050317e-02;3.453866e-02;3.161214e-02
2.101100e-02;3.128604e-02;4.477807e-02;1.591785e-01;4.468645e-01;1.225817e-01;3.714911e-02;4.345558e-02;2.638966e-02;2.831096e-02;1.277835e-02;2.621650e-02
1.482304e-02;5.307278e-02;6.250551e-02;1.293716e-01;4.006254e-01;1.357046e-01;4.296418e-02;5.487027e-02;3.003794e-02;3.364613e-02;1.297629e-02;2.940233e-02
3.108774e-02;1.057989e-01;4.808068e-02;9.535165e-02;2.833576e-01;7.161704e-02;1.279635e-01;3.858670e-02;5.904072e-02;4.785624e-02;3.691290e-02;5.434634e-02
5.428634e-02;1.934606e-01;1.347155e-01;5.191728e-02;1.197515e-01;1.093900e-01;9.972665e-02;7.622883e-02;4.303873e-02;3.940338e-02;3.096244e-02;4.711879e-02
6.174596e-02;2.098186e-01;1.638250e-01;3.910508e-02;5.504777e-02;7.680738e-02;1.359339e-01;9.916864e-02;4.467230e-02;3.166160e-02;1.583469e-02;6.637902e-02
6.331329e-02;1.724582e-01;1.185845e-01;4.333325e-02;4.220064e-02;8.188897e-02;2.194747e-01;8.453463e-02;2.654521e-02;2.191478e-02;1.950455e-02;1.062474e-01
5.343856e-02;7.347364e-02;4.339011e-02;5.523777e-02;2.982615e-02;8.677198e-02;3.758958e-01;6.662574e-02;1.927810e-02;1.256096e-02;1.679986e-02;1.667013e-01
3.348236e-02;6.065387e-02;1.937267e-02;3.818605e-02;4.667249e-02;1.013889e-01;4.180323e-01;5.066310e-02;1.651917e-02;9.792853e-03;3.772755e-02;1.675087e-01
1.554592e-02;5.107000e-02;1.737474e-02;1.923360e-02;7.300513e-02;1.159639e-01;4.329430e-01;4.085882e-02;1.494917e-02;1.216957e-02;4.827290e-02;1.586132e-01
1.933249e-02;4.348080e-02;1.187559e-02;1.708911e-02;6.364223e-02;1.069832e-01;4.488591e-01;6.139274e-02;1.577935e-02;1.594161e-02;4.063590e-02;1.549878e-01
1.636947e-02;3.917906e-02;7.980592e-03;3.766671e-02;4.228704e-02;9.545237e-02;4.926276e-01;4.190486e-02;1.573435e-02;1.319494e-02;3.668246e-02;1.609205e-01
1.943637e-02;6.172279e-02;7.857785e-03;7.262906e-02;2.069748e-02;6.974484e-02;5.025405e-01;3.484802e-02;1.103958e-02;1.356828e-02;1.906091e-02;1.668544e-01
3.122315e-02;6.210156e-02;1.376749e-02;9.751872e-02;2.376373e-02;7.287671e-02;4.306644e-01;7.162566e-02;1.312834e-02;2.022079e-02;1.536241e-02;1.477470e-01
7.453281e-02;8.603256e-02;2.857601e-02;8.981381e-02;2.000239e-02;8.853635e-02;2.693591e-01;1.703816e-01;3.087676e-02;2.523422e-02;1.237485e-02;1.042795e-01
1.151206e-01;1.578435e-01;6.323225e-02;4.450469e-02;5.491761e-02;8.010303e-02;9.419325e-02;2.303381e-01;6.526949e-02;2.416826e-02;7.838838e-03;6.247045e-02
8.996120e-02;2.608069e-01;1.226949e-01;3.580057e-02;6.592280e-02;4.113520e-02;2.474496e-02;1.700554e-01;1.145998e-01;4.109331e-02;4.232754e-03;2.895223e-02
3.328997e-02;3.128988e-01;1.815134e-01;6.001068e-02;4.204565e-02;2.554994e-02;2.384918e-02;7.566342e-02;1.407396e-01;8.037391e-02;6.557815e-03;1.750755e-02
2.383284e-02;3.191681e-01;2.416779e-01;6.498615e-02;1.898273e-02;2.166441e-02;1.993295e-02;3.443179e-02;1.075921e-01;1.138506e-01;1.343371e-02;2.044664e-02
4.134068e-02;3.535898e-01;2.479469e-01;4.147499e-02;2.326048e-02;2.311055e-02;3.601846e-02;4.363183e-02;4.690394e-02;1.108064e-01;1.174671e-02;2.016915e-02
4.670316e-02;3.979551e-01;2.281775e-01;1.842588e-02;1.620484e-02;3.635741e-02;6.456698e-02;6.078715e-02;3.158807e-02;6.919508e-02;7.400682e-03;2.263815e-02
4.336454e-02;3.773462e-01;2.495546e-01;3.397191e-02;1.300890e-02;5.264334e-02;5.645264e-02;6.509245e-02;5.398563e-02;3.218509e-02;6.401596e-03;1.599303e-02
3.175710e-02;3.042724e-01;2.698462e-01;5.094382e-02;2.857556e-02;5.220032e-02;3.160499e-02;1.020593e-01;7.247585e-02;1.879505e-02;1.271539e-02;2.475406e-02
2.927953e-02;2.304581e-01;2.207476e-01;5.215751e-02;4.482933e-02;7.992715e-02;5.144095e-02;1.192209e-01;7.618459e-02;2.791468e-02;1.713370e-02;5.070581e-02
4.767303e-02;1.684659e-01;1.695027e-01;4.928866e-02;3.298810e-02;1.012956e-01;5.498321e-02;1.477341e-01;8.635058e-02;3.509930e-02;3.088494e-02;7.573386e-02
5.778875e-02;1.859865e-01;1.700499e-01;5.179232e-02;3.123926e-02;8.066205e-02;4.017964e-02;1.518593e-01;1.002595e-01;3.524666e-02;2.171728e-02;7.321890e-02
6.995725e-02;3.234864e-01;1.900196e-01;5.087452e-02;2.226943e-02;4.776335e-02;5.335712e-02;8.928321e-02;5.290239e-02;3.159359e-02;1.833301e-02;5.016014e-02
5.433585e-02;3.558865e-01;2.321138e-01;4.538926e-02;1.408331e-02;5.348076e-02;5.286769e-02;6.294172e-02;3.972834e-02;2.563098e-02;2.566801e-02;3.787371e-02
2.930428e-02;3.521485e-01;2.590542e-01;3.876720e-02;1.193339e-02;5.740999e-02;5.072069e-02;6.104524e-02;4.946306e-02;2.381382e-02;3.147057e-02;3.486912e-02
5.334318e-02;3.226745e-01;2.511909e-01;2.413702e-02;1.731601e-02;5.882519e-02;6.352473e-02;7.217750e-02;5.052270e-02;2.525900e-02;2.568218e-02;3.534713e-02
5.792442e-02;2.460905e-01;2.439527e-01;2.771738e-02;2.616351e-02;6.423094e-02;9.656040e-02;9.214703e-02;5.270963e-02;2.486084e-02;2.377271e-02;4.387000e-02
6.630008e-02;1.661815e-01;2.326078e-01;3.707748e-02;3.403008e-02;8.123782e-02;9.417421e-02;8.375228e-02;5.672062e-02;5.084170e-02;4.856586e-02;4.851060e-02
6.283821e-02;2.034623e-01;1.789555e-01;3.475485e-02;2.723835e-02;1.107506e-01;8.225106e-02;1.115723e-01;5.180015e-02;6.003020e-02;4.612066e-02;3.022574e-02
5.139899e-02;1.463876e-01;1.495678e-01;5.320464e-02;4.007407e-02;1.003936e-01;8.696669e-02;1.459758e-01;6.293749e-02;7.287302e-02;4.185621e-02;4.836408e-02
6.236444e-02;1.212875e-01;9.118854e-02;6.750249e-02;5.075647e-02;1.107531e-01;6.232096e-02;1.230707e-01;7.506593e-02;9.468306e-02;5.756402e-02;8.344275e-02
