9.310965e-02;7.406205e-02;1.543415e-01;4.781556e-02;7.217251e-02;8.492991e-02;1.262965e-01;7.176153e-02;1.069205e-01;8.945502e-02;4.201956e-02;3.711563e-02
7.829749e-02;3.914791e-02;1.584273e-01;5.353494e-02;5.762506e-02;8.282703e-02;1.464725e-01;8.081958e-02;8.599192e-02;1.005407e-01;6.242584e-02;5.388987e-02
6.491005e-02;4.474819e-02;1.540773e-01;6.228188e-02;6.836882e-02;6.376640e-02;1.594985e-01;8.306918e-02;1.106391e-01;6.590680e-02;5.567824e-02;6.705559e-02
8.988184e-02;6.293633e-02;1.020577e-01;5.597538e-02;8.165677e-02;5.456889e-02;1.413624e-01;1.014049e-01;1.579192e-01;7.027564e-02;3.752743e-02;4.443348e-02
8.840019e-02;7.364269e-02;9.392234e-02;3.846965e-02;8.099865e-02;6.894226e-02;1.411646e-01;9.916893e-02;1.335974e-01;7.153048e-02;6.861913e-02;4.154364e-02
9.077349e-02;8.273345e-02;9.201997e-02;6.246081e-02;1.046300e-01;8.103351e-02;1.068781e-01;7.696328e-02;8.244158e-02;7.491384e-02;1.028704e-01;4.228164e-02
1.301843e-01;6.330942e-02;1.003720e-01;6.231471e-02;6.581932e-02;8.117110e-02;1.456154e-01;6.597008e-02;4.468087e-02;8.658773e-02;1.003752e-01;5.359985e-02
1.440156e-01;7.310353e-02;1.288658e-01;5.824277e-02;4.188771e-02;6.369108e-02;1.150103e-01;5.131089e-02;7.610396e-02;9.595943e-02;9.023028e-02;6.157858e-02
1.211211e-01;7.045332e-02;1.503855e-01;7.691867e-02;5.137830e-02;5.410992e-02;6.694629e-02;7.893366e-02;1.065983e-01;8.994176e-02;7.742722e-02;5.578597e-02
7.938001e-02;4.616772e-02;1.355840e-01;8.088826e-02;7.005902e-02;5.377537e-02;9.476502e-02;1.325978e-01;1.036138e-01;7.667585e-02;7.064541e-02;5.584781e-02
6.559593e-02;4.312794e-02;1.114537e-01;7.181320e-02;8.370053e-02;6.533841e-02;7.923190e-02;1.576089e-01;8.377777e-02;8.101469e-02;8.825769e-02;6.907941e-02
7.127882e-02;6.718498e-02;8.906443e-02;8.318578e-02;7.586253e-02;6.483075e-02;1.253842e-01;1.132251e-01;5.800192e-02;9.776732e-02;1.016384e-01;5.257587e-02
8.451048e-02;1.087918e-01;1.117243e-01;1.116940e-01;7.418027e-02;4.541687e-02;8.339555e-02;7.559925e-02;7.976733e-02;9.195641e-02;4.756844e-02;8.539526e-02
5.357090e-02;9.407765e-02;1.569801e-01;1.458780e-01;5.336102e-02;4.373422e-02;3.108951e-02;6.738684e-02;1.068115e-01;8.939324e-02;5.347934e-02;1.042378e-01
6.511674e-02;8.293571e-02;2.130475e-01;9.155759e-02;8.695313e-02;5.387367e-02;5.836875e-02;5.233689e-02;5.711956e-02;9.525248e-02;7.197574e-02;7.146215e-02
7.028203e-02;6.700975e-02;1.645105e-01;6.946869e-02;6.701939e-02;4.153954e-02;4.216880e-02;4.351779e-02;1.633861e-01;9.952182e-02;8.445934e-02;8.711624e-02
9.039752e-02;5.875467e-02;1.019464e-01;6.976555e-02;3.942547e-02;4.068036e-02;9.173243e-02;9.324868e-02;1.557797e-01;9.123334e-02;6.670253e-02;1.003333e-01
1.172039e-01;3.589659e-02;5.525624e-02;6.861064e-02;3.164143e-02;3.940754e-02;1.215390e-01;1.528588e-01;1.353258e-01;8.175355e-02;4.220525e-02;1.183013e-01
1.366102e-01;2.988203e-02;2.549550e-02;7.688539e-02;2.498162e-02;3.431329e-02;1.372428e-01;1.835285e-01;9.323883e-02;9.647903e-02;2.296607e-02;1.383767e-01
1.618866e-01;4.459403e-02;2.213226e-02;8.530563e-02;2.462729e-02;4.428110e-02;1.296009e-01;1.452849e-01;6.015526e-02;1.194083e-01;1.456841e-02;1.481552e-01
2.490197e-01;4.667165e-02;4.628682e-02;6.816750e-02;4.023742e-02;4.154440e-02;8.910752e-02;1.267850e-01;5.461620e-02;8.184185e-02;3.223758e-02;1.234844e-01
3.433707e-01;4.881075e-02;7.404505e-02;3.568544e-02;6.356721e-02;1.940244e-02;4.705411e-02;1.598306e-01;5.194380e-02;3.725173e-02;4.722663e-02;7.181150e-02
3.565382e-01;5.194532e-02;6.102072e-02;1.278565e-02;6.843797e-02;1.606564e-02;4.394916e-02;1.864586e-01;8.854000e-02;2.142310e-02;5.523873e-02;3.759686e-02
2.580234e-01;5.498981e-02;3.500178e-02;1.863008e-02;6.072664e-02;2.894634e-02;9.882871e-02;1.795025e-01;1.269308e-01;2.944005e-02;6.513666e-02;4.384323e-02
1.601320e-01;4.465618e-02;3.336393e-02;1.942107e-02;6.561250e-02;4.013304e-02;1.213199e-01;1.703344e-01;1.464466e-01;4.499694e-02;9.014084e-02;6.344265e-02
8.755974e-02;4.902633e-02;3.331957e-02;2.372278e-02;6.787456e-02;4.351576e-02;1.392641e-01;1.873206e-01;1.423070e-01;5.549266e-02;1.052145e-01;6.538241e-02
1.347092e-01;4.889962e-02;2.832881e-02;2.788967e-02;7.044990e-02;3.381171e-02;9.631660e-02;1.901319e-01;1.150264e-01;4.408491e-02;1.338841e-01;7.646722e-02
1.469585e-01;3.795589e-02;2.810996e-02;2.738679e-02;5.752406e-02;3.963507e-02;7.903578e-02;1.502665e-01;1.268711e-01;6.104261e-02;1.744756e-01;7.073816e-02
1.501050e-01;5.108558e-02;5.762813e-02;2.848229e-02;4.674620e-02;3.835263e-02;9.754030e-02;1.395234e-01;1.284175e-01;9.194013e-02;1.138108e-01;5.636802e-02
1.847040e-01;7.428964e-02;7.543208e-02;2.696924e-02;6.057144e-02;2.906394e-02;4.712097e-02;1.240809e-01;8.561274e-02;1.201532e-01;9.285481e-02;7.914708e-02
1.463425e-01;1.106461e-01;1.121203e-01;3.922530e-02;4.948921e-02;3.627649e-02;3.069542e-02;4.439010e-02;1.200015e-01;1.053393e-01;1.113243e-01;9.414957e-02
8.762702e-02;1.489391e-01;1.226574e-01;4.142706e-02;3.626121e-02;4.116260e-02;3.252044e-02;5.647340e-02;1.862987e-01;6.277668e-02;1.011381e-01;8.271827e-02
1.723898e-01;1.599016e-01;9.285235e-02;2.502772e-02;2.500672e-02;2.621243e-02;2.188881e-02;9.609032e-02;1.832048e-01;5.462896e-02;8.560367e-02;5.719274e-02
2.575724e-01;1.582946e-01;7.246791e-02;1.381355e-02;2.290279e-02;1.346138e-02;2.207858e-02;1.100918e-01;1.460824e-01;5.544605e-02;8.041067e-02;4.737791e-02
3.220062e-01;1.566388e-01;7.602473e-02;1.050290e-02;1.658110e-02;7.260099e-03;3.025992e-02;9.579699e-02;1.189359e-01;4.917982e-02;6.337553e-02;5.343797e-02
3.434356e-01;1.336419e-01;9.861962e-02;1.038468e-02;1.093699e-02;7.273552e-03;3.958988e-02;6.936589e-02;1.062237e-01;4.477351e-02;6.150299e-02;7.425158e-02
3.446181e-01;5.768681e-02;7.429802e-02;1.329728e-02;1.729729e-02;2.238584e-02;7.899874e-02;6.804781e-02;8.318906e-02;4.467246e-02;8.041946e-02;1.150891e-01
3.189442e-01;7.373215e-02;4.666633e-02;1.169562e-02;2.197669e-02;3.934026e-02;8.826821e-02;5.907833e-02;6.060194e-02;6.084586e-02;1.220109e-01;9.683952e-02
3.008485e-01;1.183453e-01;3.733422e-02;1.517816e-02;2.808980e-02;3.261729e-02;4.546875e-02;4.683508e-02;6.691680e-02;1.074477e-01;1.642104e-01;3.670796e-02
2.553312e-01;1.023695e-01;6.163910e-02;2.073379e-02;3.426003e-02;3.975049e-02;8.495957e-02;3.202408e-02;3.733734e-02;1.105694e-01;1.405794e-01;8.044622e-02
2.116753e-01;7.271746e-02;6.592213e-02;2.211446e-02;2.016287e-02;5.582857e-02;1.734781e-01;2.707954e-02;4.082836e-02;5.101380e-02;1.117153e-01;1.474641e-01
2.027035e-01;6.454803e-02;4.517816e-02;1.896979e-02;1.493571e-02;6.491866e-02;2.307656e-01;4.492102e-02;2.378222e-02;3.993248e-02;8.282565e-02;1.665192e-01
1.462881e-01;3.820707e-02;5.225853e-02;1.654373e-02;1.519572e-02;1.038309e-01;2.724309e-01;4.100693e-02;1.744260e-02;3.472441e-02;1.074090e-01;1.546621e-01
8.826461e-02;1.190418e-02;8.663829e-02;8.528750e-03;1.940000e-02;1.757696e-01;2.567604e-01;1.443899e-02;2.334587e-02;3.146636e-02;1.817389e-01;1.017441e-01
6.417568e-02;1.622275e-02;1.196094e-01;6.447311e-03;3.416209e-02;2.286947e-01;1.836538e-01;6.957255e-03;1.889501e-02;4.623944e-02;2.330303e-01;4.191219e-02
6.181278e-02;1.839789e-02;1.197865e-01;8.700877e-03;5.478784e-02;2.470069e-01;1.275009e-01;8.092885e-03;1.007866e-02;5.531503e-02;2.612630e-01;2.725673e-02
4.752443e-02;1.490964e-02;9.952961e-02;1.275430e-02;9.216651e-02;2.343638e-01;6.839734e-02;1.865120e-02;1.253381e-02;8.145825e-02;2.892586e-01;2.845250e-02
2.458561e-02;3.464637e-02;6.772075e-02;1.952142e-02;1.156170e-01;1.834687e-01;4.884436e-02;2.165137e-02;2.299608e-02;1.499546e-01;2.789768e-01;3.201699e-02
6.662510e-02;4.461006e-02;4.813778e-02;2.723447e-02;1.077601e-01;1.073985e-01;8.250137e-02;3.028141e-02;3.222113e-02;1.856059e-01;2.224642e-01;4.515994e-02
5.919367e-02;6.246677e-02;7.175888e-02;1.860755e-02;8.404266e-02;5.888968e-02;1.690354e-01;4.719965e-02;5.941300e-02;1.539994e-01;1.421871e-01;7.320617e-02
1.289109e-01;8.151917e-02;1.405984e-01;2.001440e-02;4.851664e-02;3.997707e-02;1.577897e-01;3.692382e-02;8.456184e-02;7.544654e-02;9.186047e-02;9.388100e-02
1.678295e-01;6.612658e-02;1.132610e-01;1.371063e-02;2.918748e-02;5.043378e-02;1.026554e-01;4.365105e-02;8.041030e-02;8.452771e-02;1.484390e-01;9.976754e-02
1.402481e-01;2.678078e-02;8.111646e-02;6.636161e-03;2.720287e-02;8.744135e-02;6.618001e-02;3.757002e-02;7.306413e-02;1.220631e-01;2.527677e-01;7.892936e-02
1.377918e-01;1.233784e-02;8.730162e-02;6.757370e-03;1.868960e-02;1.035579e-01;3.038333e-02;2.262841e-02;4.762130e-02;1.444298e-01;3.233472e-01;6.515375e-02
1.373953e-01;2.806240e-02;1.122921e-01;1.221981e-02;1.376750e-02;8.780662e-02;2.253332e-02;2.571571e-02;5.754558e-02;1.213842e-01;3.135570e-01;6.772056e-02
1.739778e-01;6.955133e-02;1.337484e-01;2.395940e-02;2.143628e-02;6.054171e-02;4.685847e-02;2.458438e-02;5.900833e-02;8.652389e-02;2.164176e-01;8.339241e-02
1.718352e-01;6.662198e-02;1.351055e-01;2.339046e-02;2.378727e-02;8.147336e-02;8.197204e-02;2.247924e-02;3.711823e-02;5.550856e-02;2.226540e-01;7.805409e-02
1.138157e-01;3.133554e-02;1.178347e-01;1.430232e-02;2.536144e-02;1.250350e-01;1.159679e-01;1.287443e-02;3.101001e-02;4.053204e-02;3.022935e-01;6.963737e-02
7.699722e-02;2.436393e-02;7.076059e-02;1.772535e-02;2.772827e-02;1.215323e-01;1.876092e-01;1.856700e-02;3.743337e-02;2.829845e-02;2.736755e-01;1.153088e-01
7.158077e-02;4.545247e-02;2.914907e-02;3.686844e-02;1.726691e-02;7.476367e-02;2.642176e-01;3.476958e-02;3.420528e-02;2.876884e-02;1.319516e-01;2.310058e-01
9.259075e-02;4.782096e-02;9.733329e-03;5.276955e-02;6.637844e-03;4.202643e-02;2.910154e-01;6.667732e-02;1.691111e-02;5.432324e-02;5.673658e-02;2.627575e-01
2.018521e-01;3.911934e-02;2.443444e-02;4.485997e-02;8.570524e-03;2.540074e-02;2.312409e-01;1.312992e-01;1.388946e-02;6.674968e-02;4.353988e-02;1.690438e-01
3.307841e-01;3.952573e-02;5.471535e-02;2.106497e-02;2.535068e-02;1.426635e-02;1.140282e-01;2.013316e-01;2.585861e-02;4.094518e-02;3.475436e-02;9.737488e-02
3.533307e-01;7.726295e-02;6.223511e-02;1.728115e-02;3.802652e-02;7.571716e-03;4.477776e-02;2.137242e-01;7.042807e-02;2.339485e-02;3.043928e-02;6.152778e-02
2.496726e-01;1.199260e-01;4.761479e-02;6.623033e-02;3.104372e-02;7.690563e-03;4.419607e-02;1.538816e-01;1.564309e-01;5.229152e-02;3.878051e-02;3.224141e-02
1.187076e-01;1.584027e-01;5.094564e-02;1.310149e-01;1.765947e-02;3.546451e-02;2.950611e-02;8.658051e-02;2.581776e-01;6.598487e-02;3.044756e-02;1.710845e-02
5.288657e-02;1.744965e-01;6.858595e-02;1.294819e-01;1.975101e-02;8.853892e-02;1.776571e-02;4.814962e-02;3.177728e-01;5.047723e-02;1.440916e-02;1.768465e-02
5.468242e-02;1.835110e-01;1.095962e-01;7.404318e-02;1.599605e-02;1.162027e-01;2.428927e-02;4.659369e-02;3.027067e-01;4.870328e-02;6.363552e-03;1.731188e-02
7.130799e-02;1.791019e-01;2.109230e-01;4.027056e-02;1.906518e-02;7.973183e-02;2.519464e-02;8.255097e-02;1.999578e-01;6.772640e-02;1.097061e-02;1.319898e-02
6.464326e-02;1.516424e-01;3.366057e-01;3.094617e-02;3.686135e-02;3.934278e-02;5.717842e-02;6.371173e-02;7.165518e-02;1.324489e-01;7.037586e-03;7.926594e-03
2.912074e-02;1.060437e-01;4.039281e-01;2.421490e-02;4.283542e-02;2.529347e-02;1.082606e-01;3.230319e-02;4.419491e-02;1.706958e-01;5.473574e-03;7.635543e-03
2.549674e-02;7.822053e-02;4.193774e-01;2.682524e-02;3.465411e-02;3.112829e-02;1.238856e-01;2.538689e-02;4.931067e-02;1.648185e-01;1.004403e-02;1.085206e-02
2.681058e-02;4.603841e-02;4.521666e-01;3.448389e-02;3.319482e-02;3.613297e-02;1.163852e-01;2.449156e-02;5.049586e-02;1.613241e-01;8.185183e-03;1.029078e-02
3.188867e-02;1.308008e-02;4.941895e-01;4.253506e-02;2.944041e-02;2.186579e-02;9.262889e-02;4.532134e-02;4.824657e-02;1.628302e-01;5.367605e-03;1.260589e-02
3.118693e-02;3.928010e-02;4.869562e-01;4.442118e-02;3.282685e-02;8.894432e-03;6.713225e-02;4.568438e-02;3.515513e-02;1.896006e-01;9.950471e-03;8.911530e-03
2.995019e-02;9.610866e-02;4.269609e-01;3.613103e-02;3.916062e-02;1.111186e-02;4.161855e-02;5.268084e-02;4.517576e-02;2.026199e-01;1.240190e-02;6.079771e-03
7.904952e-02;1.567647e-01;2.926550e-01;3.003114e-02;2.905365e-02;1.266434e-02;4.107230e-02;8.313058e-02;9.603559e-02;1.556133e-01;1.573595e-02;8.193999e-03
1.270060e-01;2.127362e-01;1.423004e-01;2.157670e-02;1.861842e-02;2.411095e-02;3.656690e-02;8.104258e-02;1.267561e-01;1.757721e-01;1.548099e-02;1.803261e-02
5.777922e-02;2.049995e-01;3.145336e-01;2.500704e-02;1.196340e-02;2.632257e-02;2.785518e-02;7.289505e-02;8.897287e-02;1.435232e-01;9.284748e-03;1.686371e-02
6.649975e-02;1.719103e-01;4.071815e-01;3.668652e-02;9.668058e-03;4.340997e-02;3.338140e-02;5.197573e-02;5.618684e-02;9.805605e-02;9.171606e-03;1.587228e-02
4.967646e-02;1.268434e-01;3.830431e-01;4.240598e-02;1.478179e-02;5.088606e-02;6.626088e-02;5.918480e-02;6.226575e-02;1.180193e-01;1.501922e-02;1.161325e-02
6.089854e-02;1.220553e-01;2.994246e-01;3.599030e-02;3.087628e-02;5.965938e-02;7.743541e-02;9.014655e-02;6.849569e-02;1.173180e-01;1.831948e-02;1.938048e-02
7.697703e-02;9.510293e-02;1.218606e-01;4.012360e-02;5.204656e-02;4.805053e-02;8.661496e-02;1.772275e-01;1.170926e-01;1.210081e-01;3.010578e-02;3.378975e-02
8.396889e-02;9.719392e-02;9.227559e-02;3.649853e-02;4.387036e-02;5.130263e-02;8.234958e-02;1.568043e-01;1.800411e-01;1.046860e-01;2.680021e-02;4.420892e-02
5.638310e-02;7.802424e-02;9.672417e-02;2.336330e-02;3.098554e-02;9.555379e-02;7.440459e-02;1.091468e-01;2.227837e-01;1.472979e-01;3.175236e-02;3.358049e-02
5.430188e-02;7.140017e-02;5.554226e-02;3.129496e-02;3.296943e-02;1.270977e-01;9.487093e-02;7.949047e-02;1.746979e-01;1.798981e-01;6.563766e-02;3.279860e-02
6.783528e-02;6.984104e-02;4.992758e-02;2.807005e-02;4.986002e-02;1.293462e-01;6.161815e-02;1.253296e-01;1.456742e-01;1.653722e-01;6.856455e-02;3.856117e-02
3.873625e-02;4.864989e-02;5.241845e-02;4.333415e-02;3.491696e-02;7.493465e-02;1.365234e-01;1.459710e-01;2.149288e-01;1.529736e-01;3.172681e-02;2.488609e-02
1.539605e-02;2.893881e-02;3.755570e-02;2.722715e-02;1.633371e-02;8.718135e-02;2.404535e-01;1.417209e-01;1.838082e-01;1.849172e-01;1.766875e-02;1.879871e-02
1.520747e-02;1.367196e-02;2.083573e-02;2.129405e-02;1.975662e-02;1.548366e-01;3.287430e-01;1.496640e-01;1.052301e-01;1.535935e-01;6.929364e-03;1.023768e-02
7.254902e-03;4.403748e-03;1.346919e-02;1.127043e-02;2.383924e-02;1.470045e-01;2.756481e-01;1.658292e-01;1.246943e-01;2.149516e-01;7.240482e-03;4.394272e-03
1.017499e-02;7.905687e-03;1.253080e-02;9.053628e-03;4.062368e-02;1.802111e-01;1.527752e-01;1.060019e-01;2.130138e-01;2.487035e-01;1.101882e-02;7.986834e-03
1.047988e-02;1.000719e-02;1.436645e-02;1.139495e-02;6.732835e-02;2.348097e-01;1.470898e-01;9.735909e-02;2.040893e-01;1.839330e-01;9.375801e-03;9.766511e-03
5.541872e-03;1.035370e-02;1.398445e-02;1.336528e-02;5.876369e-02;1.457848e-01;2.068634e-01;1.326817e-01;1.693549e-01;2.254476e-01;8.404898e-03;9.453773e-03
6.419419e-03;6.099876e-03;7.203308e-03;1.889206e-02;6.752156e-02;7.642464e-02;2.863544e-01;1.345877e-01;1.841922e-01;2.028321e-01;4.923196e-03;4.549459e-03
5.215128e-03;6.423745e-03;9.413403e-03;2.130352e-02;8.535369e-02;1.182750e-01;2.331318e-01;1.660681e-01;2.300340e-01;1.175927e-01;5.336144e-03;1.852680e-03
8.243478e-03;8.990631e-03;1.525640e-02;2.086530e-02;1.032612e-01;1.973983e-01;1.186797e-01;1.602987e-01;2.294105e-01;1.275004e-01;6.018552e-03;4.076821e-03
1.055877e-02;8.045046e-03;1.077500e-02;1.827236e-02;9.413850e-02;1.842510e-01;1.944132e-01;1.587349e-01;1.752752e-01;1.327183e-01;6.188126e-03;6.629502e-03
1.157572e-02;7.847568e-03;1.670014e-02;2.247350e-02;1.127358e-01;1.235860e-01;2.693307e-01;1.047852e-01;1.810324e-01;1.336841e-01;8.832819e-03;7.415928e-03
1.347231e-02;1.134581e-02;1.608598e-02;2.449148e-02;1.297430e-01;1.014816e-01;2.365957e-01;9.814212e-02;1.574721e-01;1.907671e-01;1.390699e-02;6.495793e-03
1.154361e-02;1.722438e-02;2.353256e-02;7.607181e-02;1.225583e-01;1.678873e-01;1.728831e-01;1.010988e-01;1.116394e-01;1.712674e-01;1.278569e-02;1.150759e-02
2.927473e-02;2.619858e-02;5.618181e-02;1.460073e-01;1.929833e-01;1.480484e-01;1.090937e-01;6.828552e-02;1.082230e-01;8.610666e-02;1.145989e-02;1.813717e-02
6.193971e-02;2.650341e-02;1.000213e-01;1.349666e-01;2.158497e-01;5.645289e-02;1.299539e-01;5.389712e-02;1.220996e-01;5.763030e-02;2.317270e-02;1.751280e-02
1.159163e-01;7.675245e-02;1.271708e-01;6.603004e-02;1.053963e-01;6.184725e-02;1.498680e-01;5.468111e-02;9.109538e-02;7.191087e-02;3.918230e-02;4.014914e-02
1.571617e-01;1.003207e-01;1.250818e-01;6.251845e-02;8.479691e-02;4.338134e-02;1.223355e-01;6.285468e-02;6.302711e-02;7.619420e-02;4.742261e-02;5.490503e-02
1.879032e-01;8.523083e-02;1.083994e-01;5.935715e-02;8.774086e-02;4.432426e-02;9.305754e-02;7.849463e-02;6.071717e-02;8.891931e-02;4.388842e-02;6.196729e-02
1.833177e-01;6.240038e-02;1.036375e-01;7.326918e-02;6.819025e-02;7.293853e-02;7.341839e-02;6.560093e-02;8.115938e-02;1.308654e-01;4.350735e-02;4.169500e-02
1.777977e-01;9.424715e-02;8.041787e-02;7.945041e-02;7.036551e-02;5.556604e-02;6.853179e-02;5.039940e-02;9.604162e-02;1.278141e-01;4.057556e-02;5.879287e-02
1.289083e-01;9.871568e-02;8.876797e-02;6.181398e-02;9.555056e-02;5.912619e-02;1.258346e-01;6.148551e-02;7.912181e-02;1.008151e-01;5.515688e-02;4.470337e-02
1.062768e-01;8.231641e-02;1.288624e-01;4.608592e-02;7.626266e-02;8.120061e-02;1.295203e-01;7.975960e-02;6.229138e-02;9.511027e-02;6.120558e-02;5.110806e-02
9.860679e-02;4.521641e-02;1.328179e-01;6.813399e-02;8.041503e-02;8.695750e-02;1.262147e-01;7.232999e-02;8.265807e-02;7.384647e-02;6.569606e-02;6.710712e-02
8.385870e-02;3.900834e-02;1.162666e-01;5.515579e-02;9.132241e-02;7.995416e-02;9.580559e-02;9.097041e-02;1.278676e-01;6.943445e-02;9.201778e-02;5.833813e-02
8.050966e-02;6.815084e-02;1.371710e-01;5.504622e-02;1.056745e-01;5.569704e-02;9.195627e-02;7.497843e-02;1.264396e-01;7.637241e-02;6.995410e-02;5.804987e-02
8.290699e-02;6.790747e-02;1.344948e-01;6.006925e-02;7.526466e-02;6.211587e-02;1.166401e-01;5.707849e-02;1.269615e-01;1.037676e-01;4.313363e-02;6.965973e-02
6.392404e-02;5.110668e-02;1.442094e-01;7.538291e-02;6.585046e-02;7.542852e-02;1.427546e-01;3.209458e-02;1.326739e-01;1.026673e-01;5.203160e-02;6.187601e-02
6.223089e-02;4.311924e-02;1.056082e-01;8.068729e-02;9.042656e-02;7.554333e-02;1.084687e-01;7.334952e-02;1.287037e-01;1.144129e-01;6.607240e-02;5.137722e-02
7.198770e-02;5.887199e-02;1.132425e-01;4.881823e-02;1.018355e-01;6.402159e-02;1.165727e-01;7.184846e-02;7.665926e-02;1.135649e-01;9.473172e-02;6.784544e-02
7.809408e-02;4.958365e-02;1.264755e-01;5.465247e-02;1.006701e-01;6.259026e-02;1.360533e-01;6.678142e-02;5.811103e-02;9.146145e-02;1.079824e-01;6.754438e-02
7.533745e-02;5.266098e-02;1.497850e-01;5.115445e-02;1.102932e-01;8.483963e-02;9.472421e-02;8.949142e-02;7.955242e-02;7.257419e-02;9.468519e-02;4.490174e-02
8.009024e-02;6.631743e-02;8.644342e-02;6.232611e-02;8.489434e-02;8.695765e-02;1.862529e-01;1.100098e-01;6.746928e-02;6.009886e-02;6.285029e-02;4.628969e-02
2.034871e-01;8.920291e-02;1.650212e-01;3.653594e-02;5.484780e-02;6.909516e-02;9.249733e-02;6.638052e-02;3.988420e-02;5.917376e-02;3.620436e-02;8.766967e-02
1.095803e-01;4.662133e-02;2.694354e-01;3.781982e-02;6.798754e-02;4.514233e-02;1.549662e-01;2.102075e-02;7.146051e-02;6.061988e-02;5.188848e-02;6.345748e-02
1.829425e-01;8.792476e-02;1.876527e-01;2.314551e-02;4.035654e-02;3.427762e-02;1.719658e-01;3.339327e-02;4.162594e-02;5.700506e-02;7.208510e-02;6.762508e-02
2.580588e-01;9.407245e-02;1.550658e-01;1.566503e-02;2.558262e-02;1.801757e-02;1.632267e-01;3.778807e-02;3.065044e-02;4.864418e-02;8.085000e-02;7.237832e-02
3.343818e-01;7.976452e-02;1.123053e-01;1.708603e-02;1.611506e-02;9.265258e-03;1.577123e-01;4.378118e-02;1.548211e-02;4.321397e-02;7.550888e-02;9.538350e-02
3.467050e-01;6.381157e-02;7.151617e-02;1.336558e-02;1.605899e-02;1.529620e-02;1.357227e-01;4.264173e-02;3.216257e-02;5.658657e-02;8.293460e-02;1.231983e-01
3.355075e-01;6.739879e-02;6.087367e-02;1.033345e-02;1.171172e-02;1.840034e-02;9.189164e-02;3.443805e-02;5.471551e-02;6.967209e-02;1.160202e-01;1.290370e-01
3.467151e-01;6.460331e-02;5.845091e-02;8.950854e-03;1.944599e-02;1.704339e-02;7.690695e-02;2.689464e-02;4.953447e-02;1.044670e-01;1.355869e-01;9.140047e-02
2.996931e-01;1.075174e-01;5.898577e-02;1.645617e-02;2.745150e-02;2.063423e-02;1.204589e-01;3.451525e-02;4.640799e-02;1.002354e-01;8.291693e-02;8.472721e-02
1.026147e-01;1.278955e-01;7.361291e-02;3.455626e-02;5.259306e-02;4.331422e-02;1.432994e-01;5.482089e-02;7.051100e-02;9.691160e-02;7.861284e-02;1.212576e-01
1.967124e-01;7.811774e-02;7.054392e-02;2.854836e-02;4.689464e-02;3.255278e-02;1.013069e-01;9.507129e-02;8.098409e-02;1.443357e-01;4.923092e-02;7.570123e-02
1.165581e-01;2.864171e-02;6.013838e-02;1.541063e-02;3.600556e-02;2.292654e-02;7.459242e-02;1.959980e-01;9.065317e-02;2.755313e-01;4.572817e-02;3.781599e-02
9.055369e-02;1.997271e-02;5.430134e-02;2.016605e-02;3.064474e-02;1.379571e-02;1.108121e-01;1.849848e-01;1.081061e-01;3.023568e-01;4.183891e-02;2.246702e-02
1.250879e-01;2.861681e-02;4.590887e-02;1.983668e-02;2.572634e-02;1.374225e-02;1.311451e-01;1.395314e-01;1.116508e-01;2.859517e-01;4.415770e-02;2.864449e-02
1.811851e-01;5.710241e-02;4.941905e-02;2.383534e-02;3.089693e-02;1.937804e-02;1.472503e-01;1.036029e-01;8.583805e-02;2.045278e-01;4.756173e-02;4.940225e-02
1.126681e-01;5.295860e-02;1.721771e-01;2.878563e-02;5.954476e-02;3.296897e-02;2.014594e-01;9.546356e-02;4.266262e-02;1.240365e-01;3.912207e-02;3.815277e-02
9.519555e-02;6.298709e-02;3.055626e-01;2.381670e-02;6.048420e-02;3.858136e-02;2.034185e-01;5.979013e-02;6.330933e-02;5.383846e-02;1.868063e-02;1.433549e-02
1.006058e-01;1.087380e-01;3.518612e-01;2.313837e-02;3.878775e-02;3.797615e-02;1.335299e-01;4.663790e-02;1.015796e-01;3.488587e-02;9.825252e-03;1.243418e-02
7.023708e-02;1.624110e-01;3.708240e-01;2.571800e-02;1.398424e-02;4.313587e-02;6.744749e-02;4.166177e-02;1.538484e-01;3.939892e-02;3.563400e-03;7.769831e-03
5.091704e-02;1.931240e-01;3.387668e-01;4.072823e-02;1.987429e-02;5.206957e-02;3.598280e-02;4.381858e-02;1.689821e-01;4.623549e-02;4.450096e-03;5.050895e-03
1.219603e-01;2.125942e-01;2.985563e-01;4.951755e-02;2.596482e-02;4.028485e-02;2.643191e-02;4.444052e-02;1.287457e-01;3.702529e-02;3.683649e-03;1.079500e-02
2.469168e-01;2.067374e-01;2.352488e-01;4.013268e-02;2.572084e-02;2.566989e-02;3.982272e-02;5.245733e-02;6.457368e-02;2.865802e-02;7.873242e-03;2.618862e-02
3.250782e-01;1.586504e-01;1.491941e-01;2.650896e-02;1.938150e-02;2.898739e-02;8.131173e-02;7.914430e-02;3.047194e-02;2.255704e-02;1.997330e-02;5.874115e-02
3.023845e-01;7.967664e-02;9.250391e-02;5.438672e-02;2.195965e-02;2.823514e-02;1.186815e-01;7.143980e-02;6.643236e-02;2.874976e-02;4.047191e-02;9.507819e-02
2.236292e-01;1.485555e-01;7.650882e-02;7.367989e-02;3.281553e-02;3.336378e-02;1.230632e-01;4.707632e-02;5.226041e-02;4.224009e-02;4.188293e-02;1.049244e-01
1.655153e-01;1.844377e-01;1.088465e-01;5.295301e-02;2.777397e-02;3.055171e-02;7.804596e-02;8.905391e-02;9.094094e-02;3.818430e-02;4.990845e-02;8.378828e-02
2.325181e-01;1.748484e-01;1.260135e-01;1.617528e-02;1.652037e-02;1.657450e-02;2.371920e-02;8.403377e-02;1.864823e-01;3.500331e-02;5.774288e-02;3.036846e-02
1.273172e-01;1.639386e-01;1.022126e-01;1.290723e-02;9.884349e-03;1.120611e-02;1.837599e-02;5.385562e-02;3.678667e-01;7.205483e-02;3.743529e-02;2.294562e-02
4.537143e-02;1.698117e-01;7.678776e-02;1.443480e-02;7.671724e-03;8.511484e-03;8.178058e-03;2.197937e-02;5.140486e-01;9.738488e-02;2.200555e-02;1.381461e-02
5.562920e-02;1.627614e-01;4.991833e-02;1.338631e-02;8.476644e-03;7.965599e-03;7.516105e-03;3.421895e-02;5.416741e-01;9.051787e-02;1.537904e-02;1.255646e-02
1.247604e-01;1.319334e-01;4.140721e-02;1.059717e-02;2.189532e-02;5.857066e-03;1.959408e-02;1.074864e-01;4.529832e-01;4.594654e-02;2.213634e-02;1.540275e-02
2.329954e-01;6.996123e-02;5.971740e-02;6.407031e-03;3.794213e-02;7.070227e-03;4.339566e-02;2.084383e-01;2.633326e-01;1.020957e-02;3.609211e-02;2.443828e-02
2.747616e-01;1.816428e-02;6.747949e-02;1.222527e-02;4.029575e-02;1.481515e-02;8.560954e-02;2.631520e-01;1.194432e-01;2.075671e-02;3.049755e-02;5.279945e-02
2.186283e-01;1.238093e-02;4.813393e-02;2.579214e-02;2.066982e-02;2.986027e-02;1.528338e-01;2.311048e-01;9.496029e-02;2.524492e-02;8.535176e-03;1.318557e-01
1.491793e-01;1.208327e-02;2.151851e-02;3.570409e-02;1.815076e-02;4.419326e-02;2.302148e-01;1.941365e-01;9.893241e-02;2.519677e-02;1.518154e-02;1.555087e-01
1.551113e-01;1.049863e-02;1.442886e-02;4.151956e-02;3.106152e-02;4.669048e-02;2.454328e-01;2.050424e-01;8.778093e-02;2.337568e-02;1.682412e-02;1.222338e-01
1.834997e-01;1.815521e-02;3.473576e-02;2.859955e-02;4.161818e-02;3.198548e-02;2.103709e-01;2.811317e-01;5.822200e-02;2.201164e-02;1.500232e-02;7.466764e-02
1.921652e-01;3.468013e-02;5.917872e-02;2.174714e-02;4.931699e-02;1.332195e-02;1.649994e-01;2.967511e-01;7.980333e-02;2.390152e-02;2.249381e-02;4.164082e-02
1.982652e-01;4.039030e-02;7.197929e-02;1.954678e-02;4.429003e-02;1.776855e-02;1.611940e-01;2.387179e-01;1.078395e-01;2.266813e-02;3.854176e-02;3.879859e-02
1.833776e-01;3.806681e-02;6.893110e-02;2.745813e-02;3.545185e-02;3.137098e-02;2.153721e-01;1.403955e-01;1.198792e-01;3.420093e-02;5.102123e-02;5.447459e-02
1.005715e-01;5.022367e-02;5.230596e-02;2.306307e-02;5.480112e-02;2.310736e-02;2.159940e-01;2.390110e-01;1.050066e-01;6.375043e-02;2.467491e-02;4.749035e-02
6.846929e-02;5.367451e-02;5.085064e-02;2.619972e-02;4.267850e-02;2.509809e-02;2.158035e-01;2.733169e-01;1.235970e-01;6.785067e-02;1.596566e-02;3.649556e-02
1.005588e-01;6.718719e-02;5.058526e-02;4.383929e-02;2.777305e-02;2.227307e-02;1.819617e-01;2.776615e-01;1.120868e-01;6.875560e-02;1.634928e-02;3.096839e-02
1.239599e-01;8.314109e-02;7.319456e-02;4.017610e-02;4.190600e-02;2.889639e-02;1.178448e-01;2.777285e-01;1.160741e-01;5.672354e-02;1.287424e-02;2.748068e-02
1.009603e-01;7.929660e-02;8.082161e-02;9.576090e-02;4.601987e-02;4.326890e-02;5.806673e-02;2.941393e-01;8.881900e-02;3.799295e-02;3.108400e-02;4.376985e-02
6.912319e-02;7.623516e-02;7.953569e-02;1.336856e-01;8.748358e-02;4.701242e-02;5.039574e-02;2.451873e-01;4.195579e-02;6.642248e-02;5.706641e-02;4.589663e-02
5.364100e-02;1.103784e-01;2.053254e-01;8.777454e-02;1.051817e-01;5.832703e-02;5.321680e-02;1.345045e-01;4.061817e-02;6.209393e-02;3.836176e-02;5.057665e-02
8.210887e-02;8.391647e-02;1.659115e-01;4.350469e-02;4.572816e-02;2.912381e-02;7.607411e-02;1.228230e-01;1.501379e-01;7.919004e-02;7.276213e-02;4.871932e-02
1.164202e-01;6.024263e-02;1.136271e-01;3.013168e-02;2.518941e-02;2.186927e-02;1.177224e-01;1.834550e-01;1.421194e-01;6.248433e-02;6.021569e-02;6.652286e-02
1.446515e-01;3.432833e-02;6.175273e-02;1.502639e-02;1.261201e-02;1.633143e-02;2.069953e-01;2.614858e-01;9.652144e-02;3.349800e-02;3.460710e-02;8.218989e-02
1.363517e-01;2.088664e-02;2.575841e-02;2.080709e-02;6.460019e-03;1.565186e-02;3.330850e-01;2.611269e-01;3.602561e-02;1.423765e-02;9.966699e-03;1.196424e-01
9.748923e-02;3.604114e-02;2.154152e-02;3.923846e-02;7.428047e-03;3.382237e-02;4.057481e-01;1.466198e-01;1.939875e-02;1.378022e-02;1.370567e-02;1.651866e-01
7.348453e-02;4.318766e-02;1.438160e-02;4.942751e-02;6.362149e-03;6.455999e-02;4.401354e-01;7.086384e-02;1.382711e-02;1.059857e-02;2.041617e-02;1.927554e-01
5.668782e-02;4.693682e-02;2.437527e-02;4.359707e-02;6.163999e-03;1.021174e-01;4.111913e-01;4.976847e-02;1.458037e-02;1.635362e-02;3.903599e-02;1.891919e-01
5.313297e-02;4.998687e-02;4.758034e-02;2.464180e-02;1.414929e-02;1.325448e-01;3.389731e-01;5.664391e-02;1.791169e-02;2.576104e-02;9.869310e-02;1.399811e-01
5.694721e-02;4.573695e-02;7.080599e-02;1.159243e-02;1.616014e-02;9.644570e-02;3.010690e-01;8.082669e-02;3.590488e-02;5.216435e-02;1.558923e-01;7.645439e-02
8.495124e-02;3.215059e-02;8.245732e-02;6.912688e-03;1.885130e-02;3.575926e-02;2.659765e-01;1.052255e-01;2.859123e-02;8.708709e-02;1.666473e-01;8.538993e-02
9.671633e-02;3.650868e-02;6.236010e-02;1.211718e-02;3.104811e-02;6.777122e-02;1.875874e-01;1.301469e-01;2.610181e-02;1.249238e-01;1.534588e-01;7.125970e-02
9.374028e-02;7.096615e-02;5.581310e-02;2.584104e-02;4.427775e-02;7.170270e-02;8.968124e-02;1.110662e-01;2.350297e-02;1.896767e-01;1.734046e-01;5.032730e-02
6.597237e-02;7.244035e-02;3.321822e-02;3.146837e-02;6.051882e-02;3.290991e-02;1.588233e-01;6.912868e-02;3.744984e-02;2.230317e-01;1.466699e-01;6.836851e-02
5.324001e-02;5.005339e-02;3.632271e-02;2.304253e-02;6.778840e-02;5.515868e-02;2.143942e-01;7.407580e-02;4.452544e-02;2.371563e-01;1.055577e-01;3.868485e-02
7.194393e-02;2.724759e-02;6.268494e-02;1.985509e-02;5.983084e-02;4.535272e-02;2.252304e-01;5.874849e-02;4.532951e-02;2.196326e-01;1.009554e-01;6.318854e-02
1.044191e-01;4.396646e-02;1.090742e-01;1.917980e-02;4.185331e-02;7.371425e-02;2.306199e-01;3.487565e-02;3.377060e-02;1.289617e-01;1.168706e-01;6.269441e-02
1.548007e-01;3.461737e-02;1.290374e-01;2.251780e-02;4.444436e-02;6.447137e-02;2.084026e-01;2.244208e-02;3.569640e-02;8.304533e-02;1.552076e-01;4.531698e-02
1.214248e-01;2.811371e-02;1.673345e-01;1.669273e-02;6.672598e-02;6.995615e-02;1.174121e-01;2.360674e-02;6.454601e-02;8.649180e-02;1.626390e-01;7.505654e-02
1.274859e-01;9.656443e-02;1.797231e-01;2.191211e-02;7.164638e-02;7.405787e-02;8.318864e-02;4.492954e-02;2.975817e-02;9.738589e-02;1.271400e-01;4.620792e-02
1.381835e-01;1.573744e-01;1.028290e-01;1.309535e-02;8.677292e-02;6.374054e-02;1.009171e-01;6.194531e-02;1.784295e-02;1.219159e-01;9.460117e-02;4.078188e-02
1.646163e-01;1.648326e-01;8.266143e-02;2.110432e-02;8.478134e-02;3.970196e-02;1.019565e-01;6.916208e-02;3.010356e-02;1.447835e-01;6.632740e-02;2.996914e-02
1.634602e-01;1.453735e-01;7.004574e-02;4.114544e-02;7.736257e-02;2.940216e-02;9.956770e-02;6.597375e-02;6.714984e-02;1.617459e-01;5.005949e-02;2.871377e-02
1.553627e-01;1.100369e-01;7.135427e-02;7.181822e-02;6.288052e-02;4.055495e-02;9.721166e-02;5.654749e-02;1.100580e-01;1.668098e-01;4.152511e-02;1.584031e-02
1.315490e-01;5.154033e-02;7.763042e-02;1.100171e-01;4.236800e-02;2.906550e-02;1.193325e-01;6.813926e-02;1.853817e-01;1.369462e-01;3.181574e-02;1.621420e-02
1.047387e-01;9.403437e-03;1.192483e-01;1.308493e-01;3.902989e-02;2.933732e-02;1.181381e-01;7.708031e-02;2.205912e-01;1.040451e-01;2.609225e-02;2.144602e-02
9.386149e-02;2.950979e-02;1.837063e-01;1.266192e-01;4.406322e-02;2.237484e-02;1.503672e-01;6.808604e-02;1.805387e-01;5.794226e-02;1.930887e-02;2.362205e-02
6.959963e-02;4.277183e-02;2.459447e-01;1.062798e-01;2.956435e-02;3.928827e-02;1.778957e-01;8.832294e-02;1.305633e-01;3.312850e-02;1.554574e-02;2.109522e-02
4.957698e-02;3.292022e-02;2.995803e-01;9.666161e-02;1.889609e-02;5.618703e-02;1.503051e-01;9.142956e-02;1.019040e-01;6.154977e-02;1.457303e-02;2.641626e-02
2.183945e-02;1.504719e-02;3.440267e-01;8.073770e-02;1.765581e-02;6.793164e-02;1.847090e-01;9.222835e-02;7.736681e-02;5.614801e-02;1.000356e-02;3.230576e-02
2.063362e-02;1.421697e-02;3.323674e-01;6.006099e-02;1.167437e-02;7.044387e-02;2.246377e-01;1.078243e-01;6.590711e-02;5.813873e-02;6.786304e-03;2.730853e-02
2.723792e-02;2.236804e-02;3.246823e-01;5.304147e-02;1.734252e-02;9.170622e-02;2.256511e-01;9.678093e-02;5.287379e-02;5.938993e-02;6.002014e-03;2.292367e-02
3.543998e-02;3.683796e-02;3.110362e-01;5.143246e-02;2.278992e-02;1.207406e-01;2.177420e-01;7.468937e-02;5.097958e-02;5.669895e-02;4.951487e-03;1.666151e-02
7.026649e-02;7.847399e-02;2.461292e-01;4.233280e-02;3.039503e-02;1.156182e-01;2.200711e-01;5.636689e-02;5.312492e-02;5.396983e-02;1.300752e-02;2.024399e-02
1.090167e-01;9.403805e-02;1.858773e-01;3.320305e-02;3.898716e-02;9.311890e-02;2.179964e-01;5.143489e-02;4.628561e-02;7.118305e-02;2.649607e-02;3.236282e-02
1.600949e-01;1.058505e-01;1.109571e-01;3.528921e-02;3.758721e-02;1.044239e-01;1.049886e-01;6.798232e-02;7.056548e-02;1.098062e-01;4.408639e-02;4.836809e-02
1.840638e-01;8.414307e-02;7.653985e-02;2.942187e-02;2.134525e-02;7.424649e-02;1.349314e-01;4.962606e-02;6.586059e-02;1.050947e-01;9.827740e-02;7.644946e-02
1.482382e-01;9.171259e-02;7.158150e-02;2.566867e-02;2.517691e-02;6.982750e-02;1.495656e-01;5.141366e-02;6.580401e-02;9.942468e-02;1.202945e-01;8.129218e-02
1.024197e-01;1.122617e-01;4.859742e-02;3.102590e-02;3.707205e-02;6.377664e-02;1.992868e-01;6.163277e-02;7.558635e-02;8.290136e-02;1.198175e-01;6.562177e-02
1.249669e-01;1.052426e-01;1.038084e-01;6.476347e-02;4.154548e-02;5.432650e-02;1.790898e-01;8.345913e-02;8.117202e-02;1.010728e-01;3.474168e-02;2.581115e-02
1.383952e-01;5.153962e-02;8.748947e-02;7.107330e-02;4.651306e-02;4.854023e-02;1.153508e-01;1.271402e-01;6.983783e-02;7.621878e-02;1.041526e-01;6.374887e-02
1.228394e-01;3.191813e-02;6.590538e-02;4.582432e-02;3.856344e-02;4.891908e-02;1.660404e-01;1.356961e-01;6.056152e-02;9.850800e-02;1.043484e-01;8.087581e-02
1.046902e-01;4.407256e-02;1.069197e-01;3.397023e-02;3.417790e-02;5.577909e-02;1.938646e-01;8.931537e-02;1.075927e-01;1.074327e-01;7.455210e-02;4.763287e-02
1.178098e-01;6.376398e-02;1.159594e-01;2.960748e-02;3.007150e-02;4.124780e-02;1.643647e-01;6.895579e-02;1.272582e-01;8.954357e-02;9.583513e-02;5.558262e-02
1.282283e-01;8.168536e-02;1.284547e-01;2.367305e-02;2.822670e-02;3.050872e-02;1.166948e-01;8.635594e-02;1.258071e-01;9.611053e-02;1.208298e-01;3.342496e-02
