5.892122e-02;5.570853e-02;8.667850e-02;5.131870e-02;9.137301e-02;3.984877e-02;5.985676e-02;1.349025e-01;1.345029e-01;1.159870e-01;1.141888e-01;5.671332e-02
7.370265e-02;7.176479e-02;6.205022e-02;5.218036e-02;8.320078e-02;3.915276e-02;9.253702e-02;1.046460e-01;1.326875e-01;7.769806e-02;7.622427e-02;1.341556e-01
8.047475e-02;6.455784e-02;8.261758e-02;4.185083e-02;2.756783e-02;5.359360e-02;1.191614e-01;1.019866e-01;9.288542e-02;5.226638e-02;1.184558e-01;1.645819e-01
9.892035e-02;7.851101e-02;8.520168e-02;2.187658e-02;3.182987e-02;8.447489e-02;6.446585e-02;1.195351e-01;1.098383e-01;1.005672e-01;6.411297e-02;1.406662e-01
9.541933e-02;8.725262e-02;9.040471e-02;3.128064e-02;2.856658e-02;7.948723e-02;5.516106e-02;1.162526e-01;1.758435e-01;1.049697e-01;6.269966e-02;7.266242e-02
9.310145e-02;7.354710e-02;9.763914e-02;3.312821e-02;3.018589e-02;9.914999e-02;6.470523e-02;1.259871e-01;1.795180e-01;8.249721e-02;7.582975e-02;4.471096e-02
9.556369e-02;4.571231e-02;9.927932e-02;3.287708e-02;3.233746e-02;1.248667e-01;7.654175e-02;1.515241e-01;1.597171e-01;4.680805e-02;9.359797e-02;4.117449e-02
8.735095e-02;3.796504e-02;1.008821e-01;2.274418e-02;5.073687e-02;1.311696e-01;7.175408e-02;1.368721e-01;1.038055e-01;8.376943e-02;1.313616e-01;4.158846e-02
6.097800e-02;6.442331e-02;1.210196e-01;2.808284e-02;6.804801e-02;1.427641e-01;7.422264e-02;7.160148e-02;3.253348e-02;1.334674e-01;1.764344e-01;2.642483e-02
5.906048e-02;7.919701e-02;1.046642e-01;4.427456e-02;8.188500e-02;1.002833e-01;6.844502e-02;4.030244e-02;9.332223e-02;1.452918e-01;1.657537e-01;1.752022e-02
9.326039e-02;6.319673e-02;1.246876e-01;5.653362e-02;8.397494e-02;5.371117e-02;9.029631e-02;4.032807e-02;1.119519e-01;1.309220e-01;1.176508e-01;3.348658e-02
7.975614e-02;4.405752e-02;1.753866e-01;5.642274e-02;6.843227e-02;8.302543e-02;9.704333e-02;5.540918e-02;3.698290e-02;1.093500e-01;1.406310e-01;5.350302e-02
6.085477e-02;4.858485e-02;1.268758e-01;5.753262e-02;3.927484e-02;9.196054e-02;6.002802e-02;8.187402e-02;9.577006e-02;1.168664e-01;1.623410e-01;5.803715e-02
6.946541e-02;7.273316e-02;8.548743e-02;6.560707e-02;2.610717e-02;9.506965e-02;6.214119e-02;8.179329e-02;1.283618e-01;7.543475e-02;1.692079e-01;6.859112e-02
1.098807e-01;8.502680e-02;9.773549e-02;6.925955e-02;6.838389e-02;1.047951e-01;6.677433e-02;5.876488e-02;1.087597e-01;4.666568e-02;1.358299e-01;4.812395e-02
8.938755e-02;6.863753e-02;7.220461e-02;7.449440e-02;7.650239e-02;1.380023e-01;9.567820e-02;4.203882e-02;1.137940e-01;5.774938e-02;1.121002e-01;5.941062e-02
7.696503e-02;9.757015e-02;1.000834e-01;6.823438e-02;7.653383e-02;1.256750e-01;8.848909e-02;4.930921e-02;9.817439e-02;9.440354e-02;8.593929e-02;3.862275e-02
5.443125e-02;6.503266e-02;1.305786e-01;8.593532e-02;8.710872e-02;1.209995e-01;6.182455e-02;1.073601e-01;1.023483e-01;1.026003e-01;4.582881e-02;3.595196e-02
5.552669e-02;6.748282e-02;1.336796e-01;6.870627e-02;9.786271e-02;1.052906e-01;7.395701e-02;1.426976e-01;8.842136e-02;1.013124e-01;2.666374e-02;3.839919e-02
7.036564e-02;7.458099e-02;1.273026e-01;8.034620e-02;8.515047e-02;8.652610e-02;9.878656e-02;1.045880e-01;7.748394e-02;1.025801e-01;2.514064e-02;6.714875e-02
6.120858e-02;6.829806e-02;1.252565e-01;8.141539e-02;6.782379e-02;1.014370e-01;7.467112e-02;8.481291e-02;1.061352e-01;1.076465e-01;3.274850e-02;8.854648e-02
9.773621e-02;5.021390e-02;1.301549e-01;4.548760e-02;4.140752e-02;9.728120e-02;7.159761e-02;1.151857e-01;1.532740e-01;8.438662e-02;3.616409e-02;7.711067e-02
6.612811e-02;6.849343e-02;9.015968e-02;4.525577e-02;7.036666e-02;1.001892e-01;1.061802e-01;9.679710e-02;1.489614e-01;9.001725e-02;5.927375e-02;5.817756e-02
6.405097e-02;7.219663e-02;8.701852e-02;5.379165e-02;9.355426e-02;8.518744e-02;1.518060e-01;8.950022e-02;9.293128e-02;8.145278e-02;6.946591e-02;5.904429e-02
7.528150e-02;6.862704e-02;1.731937e-01;7.659625e-02;9.980439e-02;5.767127e-02;1.626868e-01;7.173865e-02;5.761308e-02;3.752676e-02;6.283716e-02;5.642345e-02
3.610149e-02;4.310993e-02;2.473653e-01;1.050609e-01;9.452017e-02;5.034336e-02;1.274755e-01;4.511730e-02;4.765683e-02;3.301414e-02;1.021116e-01;6.812357e-02
3.291761e-02;3.207398e-02;2.674737e-01;1.376631e-01;7.951363e-02;3.332337e-02;7.844932e-02;3.001683e-02;3.865970e-02;4.447585e-02;1.533425e-01;7.209038e-02
2.919906e-02;2.351636e-02;2.564889e-01;1.917086e-01;9.857022e-02;1.732400e-02;3.522860e-02;2.064653e-02;2.322681e-02;3.514360e-02;2.004660e-01;6.848138e-02
2.160578e-02;1.629233e-02;1.594675e-01;2.153537e-01;2.140742e-01;3.348777e-02;2.397638e-02;1.866833e-02;8.129574e-03;7.673610e-03;1.446353e-01;1.366355e-01
2.197973e-02;1.098912e-02;1.025872e-01;1.505728e-01;3.195651e-01;8.310110e-02;3.607266e-02;1.086416e-02;2.242212e-02;1.046683e-02;3.309428e-02;1.982848e-01
3.132422e-02;9.175021e-03;8.246138e-02;7.320181e-02;3.125667e-01;1.792108e-01;7.654294e-02;6.367117e-03;3.017519e-02;1.282145e-02;3.590730e-02;1.502461e-01
4.562147e-02;1.205029e-02;7.075285e-02;4.556324e-02;2.479760e-01;3.037408e-01;1.294762e-01;1.474290e-02;2.033270e-02;1.766226e-02;3.546808e-02;5.661320e-02
4.964974e-02;1.451657e-02;4.345055e-02;4.616867e-02;2.220266e-01;3.480890e-01;1.672496e-01;2.703993e-02;2.182383e-02;3.327334e-02;1.068717e-02;1.602506e-02
3.629362e-02;1.167739e-02;8.441866e-02;5.521041e-02;2.016381e-01;2.679934e-01;1.405511e-01;2.780179e-02;4.921480e-02;5.776909e-02;1.840365e-02;4.902801e-02
3.081229e-02;1.078078e-02;1.462812e-01;6.408527e-02;1.545412e-01;1.540490e-01;1.169540e-01;2.516650e-02;8.041212e-02;7.521103e-02;2.452613e-02;1.171805e-01
3.476360e-02;2.953543e-02;1.716802e-01;9.075526e-02;1.197571e-01;1.117325e-01;7.733947e-02;3.514093e-02;6.566440e-02;5.969387e-02;3.130659e-02;1.726307e-01
4.165981e-02;5.307805e-02;1.324085e-01;1.006920e-01;9.904742e-02;1.421876e-01;7.295640e-02;3.088805e-02;7.943869e-02;5.391331e-02;2.130796e-02;1.724223e-01
5.970947e-02;5.282107e-02;9.862658e-02;9.677393e-02;8.781016e-02;2.005617e-01;8.844405e-02;4.934694e-02;7.084730e-02;5.420665e-02;1.441837e-02;1.264338e-01
6.329284e-02;3.968063e-02;8.259013e-02;1.033400e-01;7.794875e-02;2.000569e-01;1.149488e-01;1.160678e-01;6.584109e-02;4.705243e-02;1.894957e-02;7.023111e-02
6.030240e-02;7.393086e-02;1.232618e-01;9.134155e-02;7.545792e-02;1.417780e-01;1.242030e-01;1.263635e-01;5.287297e-02;5.755745e-02;9.468433e-03;6.346212e-02
5.361049e-02;7.706984e-02;1.293987e-01;7.720934e-02;1.104705e-01;1.147735e-01;8.382782e-02;7.129646e-02;4.124219e-02;1.340278e-01;1.955784e-02;8.751553e-02
4.493364e-02;5.222487e-02;2.031974e-01;1.451157e-01;1.255418e-01;9.017972e-02;3.524658e-02;3.672169e-02;3.737683e-02;1.353662e-01;2.593869e-02;6.815686e-02
4.486627e-02;3.587870e-02;2.644108e-01;1.794140e-01;8.117177e-02;4.672866e-02;3.248264e-02;3.632710e-02;7.336355e-02;1.389598e-01;1.425386e-02;5.214288e-02
4.930855e-02;4.284601e-02;2.618597e-01;1.611558e-01;6.107844e-02;4.786016e-02;6.017781e-02;4.278187e-02;1.047247e-01;9.556178e-02;1.386487e-02;5.878030e-02
3.782320e-02;6.769264e-02;2.643834e-01;2.018528e-01;6.079604e-02;5.498967e-02;5.320695e-02;2.739454e-02;8.232951e-02;9.537782e-02;1.130918e-02;4.284425e-02
4.294811e-02;6.748436e-02;3.109047e-01;1.638809e-01;6.381987e-02;4.696337e-02;4.173034e-02;2.306372e-02;4.323872e-02;1.553376e-01;1.263916e-02;2.798927e-02
5.285150e-02;6.323807e-02;3.175505e-01;1.007346e-01;6.107619e-02;5.858616e-02;5.058900e-02;3.202881e-02;2.943213e-02;1.961932e-01;1.751326e-02;2.020662e-02
7.533994e-02;1.712344e-01;2.623459e-01;8.509957e-02;3.895266e-02;6.106666e-02;6.221525e-02;2.387564e-02;2.828656e-02;1.462329e-01;2.142177e-02;2.392876e-02
1.311520e-01;2.057955e-01;2.549933e-01;6.647218e-02;3.549198e-02;2.910280e-02;6.408989e-02;2.908231e-02;2.959026e-02;8.034726e-02;3.398489e-02;3.989770e-02
1.871748e-01;1.732426e-01;2.336041e-01;5.935912e-02;4.569236e-02;2.044058e-02;5.503517e-02;2.890927e-02;2.964911e-02;6.403524e-02;4.794880e-02;5.490891e-02
2.381385e-01;1.288539e-01;1.580813e-01;5.813838e-02;5.146213e-02;2.610887e-02;6.142862e-02;2.904618e-02;3.337573e-02;6.913274e-02;6.747124e-02;7.876237e-02
2.152390e-01;9.797123e-02;1.263052e-01;4.863092e-02;4.035760e-02;4.380349e-02;6.400955e-02;4.322757e-02;3.650820e-02;9.867682e-02;1.040308e-01;8.123966e-02
1.617480e-01;7.815830e-02;1.637346e-01;4.081966e-02;4.485482e-02;6.607378e-02;5.117332e-02;6.103425e-02;3.999458e-02;1.174097e-01;1.086455e-01;6.635357e-02
1.453475e-01;8.495503e-02;1.619485e-01;5.035252e-02;4.792676e-02;6.831040e-02;6.794828e-02;4.681786e-02;5.207483e-02;1.391807e-01;8.695151e-02;4.818610e-02
1.165395e-01;6.719989e-02;1.595471e-01;7.791705e-02;6.648528e-02;5.432840e-02;7.736264e-02;2.696053e-02;8.291159e-02;1.359100e-01;8.682276e-02;4.801526e-02
9.215155e-02;5.958721e-02;1.479218e-01;7.627329e-02;7.166946e-02;3.741523e-02;9.521555e-02;3.607422e-02;7.724191e-02;1.271091e-01;8.738530e-02;9.195547e-02
1.454179e-01;9.896515e-02;1.531523e-01;4.865071e-02;4.260323e-02;3.803409e-02;7.409377e-02;5.788840e-02;4.624563e-02;1.212237e-01;8.698244e-02;8.674268e-02
1.341755e-01;5.776356e-02;1.446898e-01;1.055538e-01;6.178000e-02;7.583694e-02;8.899457e-02;3.665274e-02;7.765397e-02;9.081955e-02;5.614581e-02;6.993382e-02
1.268347e-01;3.375695e-02;1.991699e-01;1.214237e-01;4.569833e-02;7.739764e-02;8.440748e-02;4.798242e-02;5.935067e-02;9.897769e-02;4.989298e-02;5.510745e-02
1.171931e-01;3.964532e-02;1.935662e-01;1.019501e-01;4.589122e-02;7.422223e-02;1.169597e-01;6.060787e-02;5.360376e-02;8.454712e-02;4.926673e-02;6.254680e-02
1.007425e-01;5.186521e-02;1.419638e-01;6.823136e-02;3.487368e-02;9.258270e-02;1.483959e-01;7.306838e-02;5.729895e-02;7.066990e-02;7.776085e-02;8.254673e-02
8.640134e-02;5.081567e-02;7.815324e-02;4.774715e-02;4.259637e-02;1.259024e-01;1.537923e-01;8.764172e-02;4.508021e-02;9.206904e-02;1.203155e-01;6.948502e-02
6.435563e-02;6.253561e-02;3.213219e-02;3.489087e-02;9.681059e-02;1.268245e-01;8.465161e-02;1.227145e-01;3.472262e-02;1.794517e-01;1.206201e-01;4.029007e-02
3.052029e-02;9.427173e-02;1.765488e-02;2.558789e-02;1.496081e-01;6.219797e-02;2.249121e-02;1.363872e-01;3.772429e-02;2.972326e-01;7.478714e-02;5.153671e-02
2.517789e-02;1.012865e-01;2.139895e-02;2.803259e-02;1.785005e-01;2.836691e-02;3.459159e-02;9.103873e-02;7.870970e-02;3.263264e-01;3.607970e-02;5.049049e-02
3.388172e-02;9.485435e-02;4.179980e-02;4.752198e-02;1.633905e-01;2.463551e-02;6.716992e-02;5.861510e-02;1.256764e-01;2.669925e-01;3.417413e-02;4.128803e-02
4.893263e-02;7.747184e-02;9.309032e-02;7.706998e-02;1.134865e-01;4.295365e-02;1.197084e-01;5.742627e-02;1.308043e-01;1.644721e-01;4.035724e-02;3.422666e-02
5.429182e-02;5.770622e-02;1.174228e-01;9.918679e-02;8.311748e-02;7.358985e-02;1.320916e-01;5.671961e-02;9.362479e-02;1.345257e-01;5.862394e-02;3.909949e-02
5.426543e-02;5.605494e-02;8.701286e-02;6.889426e-02;1.782424e-01;7.966337e-02;6.061811e-02;2.487279e-02;1.285399e-01;1.646143e-01;5.648135e-02;4.074031e-02
5.192009e-02;5.458940e-02;6.990252e-02;5.667573e-02;1.936556e-01;8.035570e-02;8.215778e-02;6.547524e-02;9.895366e-02;1.265917e-01;7.214823e-02;4.757424e-02
5.909017e-02;5.335157e-02;6.703155e-02;7.534283e-02;2.033528e-01;6.754593e-02;1.405157e-01;6.904319e-02;6.212100e-02;6.784182e-02;7.418675e-02;6.057675e-02
6.275015e-02;6.041243e-02;6.246758e-02;8.205596e-02;1.565168e-01;3.394550e-02;1.236958e-01;6.551536e-02;5.868955e-02;1.622993e-01;7.215422e-02;5.949738e-02
5.254239e-02;8.179610e-02;5.789459e-02;6.301697e-02;1.124963e-01;4.657093e-02;7.682037e-02;6.848530e-02;9.013637e-02;2.507128e-01;6.132152e-02;3.820628e-02
6.569055e-02;7.433967e-02;5.550057e-02;5.012435e-02;1.305128e-01;7.039027e-02;9.477791e-02;6.341024e-02;7.175624e-02;2.376658e-01;5.970056e-02;2.613109e-02
6.882045e-02;7.162897e-02;2.121618e-01;5.362914e-02;5.964144e-02;5.997262e-02;1.414146e-01;6.022787e-02;5.573002e-02;8.218552e-02;7.203393e-02;6.255361e-02
9.192847e-02;8.153454e-02;1.745669e-01;4.356258e-02;4.071001e-02;6.836493e-02;1.742141e-01;8.107004e-02;6.852939e-02;4.284876e-02;6.380744e-02;6.886287e-02
8.910249e-02;6.093380e-02;1.298558e-01;4.018063e-02;3.314909e-02;1.070741e-01;1.887759e-01;8.111303e-02;9.061893e-02;2.815978e-02;8.168029e-02;6.935614e-02
6.410289e-02;3.264680e-02;9.911954e-02;2.783550e-02;2.711503e-02;1.647924e-01;1.846278e-01;5.387064e-02;1.230994e-01;3.118417e-02;1.281561e-01;6.344970e-02
5.057798e-02;8.978695e-03;9.208459e-02;1.134784e-02;1.635163e-02;2.295082e-01;1.395374e-01;2.489851e-02;1.492371e-01;3.150964e-02;1.942059e-01;5.176246e-02
6.342951e-02;1.080567e-02;1.052848e-01;5.980026e-03;2.222569e-02;2.547642e-01;9.117988e-02;1.941535e-02;1.539029e-01;3.216339e-02;2.023872e-01;3.846139e-02
3.977700e-02;1.256643e-02;1.082676e-01;1.821333e-02;5.641475e-02;2.508768e-01;9.547782e-02;3.134922e-02;1.361707e-01;3.387856e-02;1.644707e-01;5.253723e-02
5.455615e-02;2.858025e-02;9.943427e-02;2.888012e-02;6.781642e-02;2.111621e-01;7.685134e-02;5.026157e-02;1.213745e-01;3.997455e-02;1.485402e-01;7.256844e-02
9.017611e-02;5.663665e-02;7.558071e-02;2.771589e-02;4.207012e-02;1.290249e-01;1.359900e-01;7.299599e-02;1.042462e-01;4.685072e-02;1.156977e-01;1.030150e-01
8.438490e-02;8.138350e-02;4.694149e-02;2.976178e-02;1.679280e-02;4.872803e-02;3.020505e-01;8.384311e-02;5.720800e-02;3.548876e-02;5.347075e-02;1.599464e-01
6.798308e-02;9.020328e-02;2.469219e-02;4.344750e-02;6.859447e-03;4.240553e-02;3.572780e-01;7.627183e-02;2.553834e-02;3.420306e-02;3.196713e-02;1.991507e-01
6.900629e-02;1.003958e-01;2.763184e-02;6.871774e-02;7.296330e-03;2.991762e-02;3.168719e-01;7.719249e-02;1.286196e-02;4.376614e-02;3.479277e-02;2.115491e-01
8.792774e-02;1.298933e-01;3.679767e-02;8.320390e-02;1.098316e-02;1.882213e-02;2.403886e-01;7.691640e-02;1.961371e-02;4.147533e-02;4.464295e-02;2.093351e-01
9.472328e-02;1.329672e-01;6.338122e-02;7.031546e-02;3.042949e-02;5.201508e-02;1.318945e-01;6.538238e-02;4.451495e-02;5.883622e-02;7.853702e-02;1.770033e-01
1.054605e-01;7.806262e-02;8.387116e-02;5.251304e-02;4.445874e-02;8.314667e-02;1.104922e-01;5.117621e-02;6.923869e-02;8.589572e-02;1.251679e-01;1.105165e-01
9.613023e-02;6.171043e-02;6.915695e-02;7.339323e-02;4.029703e-02;7.061487e-02;2.019871e-01;6.411602e-02;7.581504e-02;9.442312e-02;8.128200e-02;7.107398e-02
7.845462e-02;8.441248e-02;8.800112e-02;6.868018e-02;5.181723e-02;6.036763e-02;2.015047e-01;5.449088e-02;6.403910e-02;8.356673e-02;4.685420e-02;1.178111e-01
4.861962e-02;7.297785e-02;9.819116e-02;6.789543e-02;6.912060e-02;6.163230e-02;1.834826e-01;4.587463e-02;5.128822e-02;7.595414e-02;6.626237e-02;1.587011e-01
5.676443e-02;3.981106e-02;6.071463e-02;6.889246e-02;4.570365e-02;6.329738e-02;1.986484e-01;9.630776e-02;5.666664e-02;9.447800e-02;8.321918e-02;1.354964e-01
6.985924e-02;4.676342e-02;6.368900e-02;8.707764e-02;4.505895e-02;6.850255e-02;1.784006e-01;1.047153e-01;7.880455e-02;7.627299e-02;8.813695e-02;9.271882e-02
6.621246e-02;4.556818e-02;8.024066e-02;1.003508e-01;4.128251e-02;5.546694e-02;1.369915e-01;1.046841e-01;1.081244e-01;8.571744e-02;7.475409e-02;1.006069e-01
4.478484e-02;6.154731e-02;1.002247e-01;1.576008e-01;6.582807e-02;4.349263e-02;1.043001e-01;8.845641e-02;1.060112e-01;6.313185e-02;7.686272e-02;8.775938e-02
5.553725e-02;1.034661e-01;1.036456e-01;1.609140e-01;7.785483e-02;8.265220e-02;8.186651e-02;7.281919e-02;8.593223e-02;5.094939e-02;7.337115e-02;5.099168e-02
6.877254e-02;1.065103e-01;9.044589e-02;1.192165e-01;5.082040e-02;9.609110e-02;1.131467e-01;8.097364e-02;7.225378e-02;8.264765e-02;5.970569e-02;5.941581e-02
6.694412e-02;8.783382e-02;8.399139e-02;1.587889e-01;4.267693e-02;6.581744e-02;1.581312e-01;6.952832e-02;4.369183e-02;9.590042e-02;5.951246e-02;6.718312e-02
4.665904e-02;8.082701e-02;7.844371e-02;2.285126e-01;4.447874e-02;8.068734e-02;1.419080e-01;7.858799e-02;6.195616e-02;5.692894e-02;3.027414e-02;7.073638e-02
4.269406e-02;5.907163e-02;1.082964e-01;2.355817e-01;6.326699e-02;6.349461e-02;8.895542e-02;1.104481e-01;7.538307e-02;5.818143e-02;2.892331e-02;6.570335e-02
3.090317e-02;2.939796e-02;8.509203e-02;1.516513e-01;1.342952e-01;9.044439e-02;8.313627e-02;1.237815e-01;6.059429e-02;1.155642e-01;5.496285e-02;4.017685e-02
4.344638e-02;3.090541e-02;7.310636e-02;6.043123e-02;1.470133e-01;1.288288e-01;1.328131e-01;1.190249e-01;4.734696e-02;1.329730e-01;5.925355e-02;2.485703e-02
5.435847e-02;4.208891e-02;8.203928e-02;5.236370e-02;8.000903e-02;1.865627e-01;1.681699e-01;8.068249e-02;6.408256e-02;1.058200e-01;5.123864e-02;3.258430e-02
5.032176e-02;3.206731e-02;9.219279e-02;5.300339e-02;3.631805e-02;2.056124e-01;2.122983e-01;6.204476e-02;8.200051e-02;9.992941e-02;3.939812e-02;3.481322e-02
4.977528e-02;3.959659e-02;2.272565e-01;4.079777e-02;4.235818e-02;1.439022e-01;1.976707e-01;5.246092e-02;6.959771e-02;7.837975e-02;2.978397e-02;2.842036e-02
9.263691e-02;6.111939e-02;3.029934e-01;3.281974e-02;5.939210e-02;7.170384e-02;1.443950e-01;1.048690e-01;3.804358e-02;4.212336e-02;2.866169e-02;2.124196e-02
1.596836e-01;6.350667e-02;2.552882e-01;2.528648e-02;5.098648e-02;3.965914e-02;1.222555e-01;1.676440e-01;2.641620e-02;2.884519e-02;3.065108e-02;2.977738e-02
2.804952e-01;6.631831e-02;1.354327e-01;1.292200e-02;4.241471e-02;2.154314e-02;7.331194e-02;2.511856e-01;2.840483e-02;1.664853e-02;2.888061e-02;4.244244e-02
3.167815e-01;1.033161e-01;1.306974e-01;5.263200e-03;4.585519e-02;7.840217e-03;6.067287e-02;2.334410e-01;2.458347e-02;1.785953e-02;1.757441e-02;3.611509e-02
2.376716e-01;1.483733e-01;2.219239e-01;1.239992e-02;3.158392e-02;2.360925e-02;8.037999e-02;1.306111e-01;5.180031e-02;2.891684e-02;9.703144e-03;2.302671e-02
1.125601e-01;1.401093e-01;3.604878e-01;2.401943e-02;1.575851e-02;6.436997e-02;6.136065e-02;8.061889e-02;8.435899e-02;3.392810e-02;7.597902e-03;1.483040e-02
2.967564e-02;9.965982e-02;4.494778e-01;3.186443e-02;3.204392e-02;9.360743e-02;4.720145e-02;7.839708e-02;7.200541e-02;4.756994e-02;8.683540e-03;9.813536e-03
4.398918e-02;9.082173e-02;4.806857e-01;2.973038e-02;3.762980e-02;7.439377e-02;5.534237e-02;5.246647e-02;4.610475e-02;6.722564e-02;9.806333e-03;1.180392e-02
3.580958e-02;6.594984e-02;5.830768e-01;3.490556e-02;4.425556e-02;3.266425e-02;4.739943e-02;1.879673e-02;3.240023e-02;8.781716e-02;7.186253e-03;9.738671e-03
2.784830e-02;2.485971e-02;6.575939e-01;4.924994e-02;4.152807e-02;8.486010e-03;5.687477e-02;6.310211e-03;2.048319e-02;9.286008e-02;7.875239e-03;6.030614e-03
2.867334e-02;1.385317e-02;6.694314e-01;7.306669e-02;4.323726e-02;1.285520e-02;4.440841e-02;1.060712e-02;1.362761e-02;6.656516e-02;1.751180e-02;6.162799e-03
2.274164e-02;1.945883e-02;6.412795e-01;1.002439e-01;5.479160e-02;2.581183e-02;3.135078e-02;2.210009e-02;1.305572e-02;3.543049e-02;2.763551e-02;6.100115e-03
1.023496e-02;1.624624e-02;5.529944e-01;1.482536e-01;7.529185e-02;4.844029e-02;2.845840e-02;4.762099e-02;7.767158e-03;2.337951e-02;3.447201e-02;6.840621e-03
1.197557e-02;1.438740e-02;4.465384e-01;1.852739e-01;9.489962e-02;6.654762e-02;3.433288e-02;7.874929e-02;7.311395e-03;7.627295e-03;4.248822e-02;9.868431e-03
2.280399e-02;2.354418e-02;2.803030e-01;1.495130e-01;1.353284e-01;9.200975e-02;8.864572e-02;7.629228e-02;1.860536e-02;2.103481e-02;5.337411e-02;3.854530e-02
2.832051e-02;2.948321e-02;1.218041e-01;8.234277e-02;1.941821e-01;1.201688e-01;1.331436e-01;5.397885e-02;5.457303e-02;3.061120e-02;5.253218e-02;9.885966e-02
2.721387e-02;2.078733e-02;7.820680e-02;5.039647e-02;2.566322e-01;1.228519e-01;7.920256e-02;3.159699e-02;1.125943e-01;2.019094e-02;3.143335e-02;1.688934e-01
2.244724e-02;1.362501e-02;1.138919e-01;2.742183e-02;2.651153e-01;8.396268e-02;4.528292e-02;1.605876e-02;1.764424e-01;1.596196e-02;1.217367e-02;2.076163e-01
1.685701e-02;1.385056e-02;1.138228e-01;2.162270e-02;2.380007e-01;6.854352e-02;5.754602e-02;1.289166e-02;2.165425e-01;1.632497e-02;1.743436e-02;2.065631e-01
3.477420e-02;1.046651e-02;1.245129e-01;2.212127e-02;2.037122e-01;8.523427e-02;7.498667e-02;1.399980e-02;2.226047e-01;2.270111e-02;1.934984e-02;1.655365e-01
8.795513e-02;1.662540e-02;1.065996e-01;2.447571e-02;1.553667e-01;1.440461e-01;9.753530e-02;1.613682e-02;1.488124e-01;7.146376e-02;3.033980e-02;1.006433e-01
1.374516e-01;2.139758e-02;4.732183e-02;2.372720e-02;1.019515e-01;1.859502e-01;1.770772e-01;2.781020e-02;6.227185e-02;1.396464e-01;4.134921e-02;3.404513e-02
1.268040e-01;2.534084e-02;2.441754e-02;2.300810e-02;7.118525e-02;1.645163e-01;2.539945e-01;4.298090e-02;4.453843e-02;1.499740e-01;4.411171e-02;2.912850e-02
5.931140e-02;3.266183e-02;4.942082e-02;2.221298e-02;7.173415e-02;1.081451e-01;2.861392e-01;6.310585e-02;6.404819e-02;1.355270e-01;4.406644e-02;6.362696e-02
7.532898e-02;3.700709e-02;9.136212e-02;2.877044e-02;9.158523e-02;7.552815e-02;2.235161e-01;3.668473e-02;1.210110e-01;1.085621e-01;2.408835e-02;8.655578e-02
9.399880e-02;5.676789e-02;1.040607e-01;4.192425e-02;7.538196e-02;7.538854e-02;1.415415e-01;5.485664e-02;1.504549e-01;9.483442e-02;3.938619e-02;7.140417e-02
1.293026e-01;6.594434e-02;1.021766e-01;4.542011e-02;4.999541e-02;5.956339e-02;1.216163e-01;6.155024e-02;1.619287e-01;9.412514e-02;5.519177e-02;5.318546e-02
1.530411e-01;5.555182e-02;8.508682e-02;4.310500e-02;3.936489e-02;6.677476e-02;1.536761e-01;3.744406e-02;1.482871e-01;1.005357e-01;4.986972e-02;6.726291e-02
1.323376e-01;4.496279e-02;1.117837e-01;2.944424e-02;7.138186e-02;1.114949e-01;1.566519e-01;6.228760e-02;1.004632e-01;7.921215e-02;4.182576e-02;5.815443e-02
1.026775e-01;3.705937e-02;1.246050e-01;1.897902e-02;8.027402e-02;1.122490e-01;1.654255e-01;3.173018e-02;1.571207e-01;6.410804e-02;4.200013e-02;6.377159e-02
1.040370e-01;3.519145e-02;1.348703e-01;3.106057e-02;8.661714e-02;7.621392e-02;1.245636e-01;3.294514e-02;1.357028e-01;1.176032e-01;4.020555e-02;8.098928e-02
8.329652e-02;3.694960e-02;1.534992e-01;4.647942e-02;9.832962e-02;4.177450e-02;1.426145e-01;3.881273e-02;8.606281e-02;1.617355e-01;5.041892e-02;6.002661e-02
1.676044e-01;6.668406e-02;1.247064e-01;2.945721e-02;7.781006e-02;4.768692e-02;1.520585e-01;6.214249e-02;4.799765e-02;1.198779e-01;4.688258e-02;5.709186e-02
2.385327e-01;1.208813e-01;8.504229e-02;4.619953e-02;6.280781e-02;4.545924e-02;1.282539e-01;7.117074e-02;4.345703e-02;7.425022e-02;3.825462e-02;4.569069e-02
2.479163e-01;1.247167e-01;9.191825e-02;4.630244e-02;4.065175e-02;3.508300e-02;1.534864e-01;7.312323e-02;4.940445e-02;5.522462e-02;3.005413e-02;5.211865e-02
1.200937e-01;6.910671e-02;1.475183e-01;4.578263e-02;4.314034e-02;2.870608e-02;2.524987e-01;8.787670e-02;8.143265e-02;5.636950e-02;1.846476e-02;4.900987e-02
4.549004e-02;4.305812e-02;2.682152e-01;5.323785e-02;6.717941e-02;4.602398e-02;1.843651e-01;9.129237e-02;8.551455e-02;5.834739e-02;3.174559e-02;2.553044e-02
1.993455e-02;4.936886e-02;4.176198e-01;5.474723e-02;7.073532e-02;4.032406e-02;6.932980e-02;9.192663e-02;7.325386e-02;6.623740e-02;3.402711e-02;1.249530e-02
6.762849e-03;5.961237e-02;4.719224e-01;4.196795e-02;4.408024e-02;2.767154e-02;7.773996e-02;1.244130e-01;5.552780e-02;5.748905e-02;1.991572e-02;1.289714e-02
4.698331e-02;9.278312e-02;4.484605e-01;2.486438e-02;1.737260e-02;1.527967e-02;6.583656e-02;1.524939e-01;7.070275e-02;4.548484e-02;7.410426e-03;1.232801e-02
9.276774e-02;1.280564e-01;3.950337e-01;1.608319e-02;7.889655e-03;1.129027e-02;5.783343e-02;1.231504e-01;9.793583e-02;4.962579e-02;8.500945e-03;1.183254e-02
1.600351e-01;1.419086e-01;3.369978e-01;1.446068e-02;1.222334e-02;6.936708e-03;9.264364e-02;8.910353e-02;7.024993e-02;5.075892e-02;1.169946e-02;1.298235e-02
2.432086e-01;1.610213e-01;2.591872e-01;1.311755e-02;2.307030e-02;8.189688e-03;1.034026e-01;8.785828e-02;3.973004e-02;3.221933e-02;1.803917e-02;1.095588e-02
3.115346e-01;1.900433e-01;1.655991e-01;8.441042e-03;2.560985e-02;1.909572e-02;5.342191e-02;1.467217e-01;3.572761e-02;1.247236e-02;1.540009e-02;1.593278e-02
3.352285e-01;1.949738e-01;1.148669e-01;1.039671e-02;1.692947e-02;4.164256e-02;4.124565e-02;1.403168e-01;4.609633e-02;2.040444e-02;1.104417e-02;2.685458e-02
3.097361e-01;1.575331e-01;8.777560e-02;2.475409e-02;1.514209e-02;5.429137e-02;1.045520e-01;8.376295e-02;4.540657e-02;4.269822e-02;1.482767e-02;5.952021e-02
2.434767e-01;7.742193e-02;7.229242e-02;3.110623e-02;2.265373e-02;7.543349e-02;1.986922e-01;5.702650e-02;3.507118e-02;4.816120e-02;5.546641e-02;8.319804e-02
1.716518e-01;4.276944e-02;6.716678e-02;2.032545e-02;3.675707e-02;1.230957e-01;2.134492e-01;4.908647e-02;3.661565e-02;6.309196e-02;1.167704e-01;5.922009e-02
1.029529e-01;9.515600e-02;4.441663e-02;2.328301e-02;7.557117e-02;1.194150e-01;1.316995e-01;6.853367e-02;3.850568e-02;1.409779e-01;1.089412e-01;5.054740e-02
5.258954e-02;1.215575e-01;1.644430e-02;2.784132e-02;1.284220e-01;7.821283e-02;5.091074e-02;6.502935e-02;7.054736e-02;2.529810e-01;6.506716e-02;7.039681e-02
5.723340e-02;1.067799e-01;3.276013e-02;3.582350e-02;1.309831e-01;5.084358e-02;5.683300e-02;3.484144e-02;1.063164e-01;2.879005e-01;3.273222e-02;6.695278e-02
1.070542e-01;6.792404e-02;5.184712e-02;5.846850e-02;9.245364e-02;4.700160e-02;1.112693e-01;1.590700e-02;1.644869e-01;2.144573e-01;3.212837e-02;3.700196e-02
1.172085e-01;4.988762e-02;5.291094e-02;6.300317e-02;8.437762e-02;4.600408e-02;1.148574e-01;1.631776e-02;1.844043e-01;1.948447e-01;2.325634e-02;5.292751e-02
7.837497e-02;8.878352e-02;3.222061e-02;4.192891e-02;1.133354e-01;3.407734e-02;6.643590e-02;3.050215e-02;1.548086e-01;2.472139e-01;2.462805e-02;8.769070e-02
3.725831e-02;1.398910e-01;1.617498e-02;2.677507e-02;1.354385e-01;1.833863e-02;3.329025e-02;6.314720e-02;1.318039e-01;2.858853e-01;1.991496e-02;9.208185e-02
1.761406e-02;1.475728e-01;2.353483e-02;2.245020e-02;1.367173e-01;3.416174e-02;2.774181e-02;9.436830e-02;1.115000e-01;2.749817e-01;4.401025e-02;6.534705e-02
3.979614e-02;9.221119e-02;6.401126e-02;5.899496e-02;1.301597e-01;9.205496e-02;4.085505e-02;8.770522e-02;6.916694e-02;1.938978e-01;8.722753e-02;4.391930e-02
8.107372e-02;4.182968e-02;1.252408e-01;8.247434e-02;1.389452e-01;1.290594e-01;6.028967e-02;4.511826e-02;4.619149e-02;1.087516e-01;1.130427e-01;2.798305e-02
9.386446e-02;5.035890e-02;1.399986e-01;6.816354e-02;1.078177e-01;1.051833e-01;4.760966e-02;3.266140e-02;5.909632e-02;1.436914e-01;1.161571e-01;3.539759e-02
1.101311e-01;9.394421e-02;9.615945e-02;5.010643e-02;5.594758e-02;5.904708e-02;6.326407e-02;3.068281e-02;8.018322e-02;1.607914e-01;1.178624e-01;8.188026e-02
8.436895e-02;9.955842e-02;1.065534e-01;2.342734e-02;4.882793e-02;5.738282e-02;6.821546e-02;3.078524e-02;9.353990e-02;1.347975e-01;1.580947e-01;9.444839e-02
3.430292e-02;7.538866e-02;7.403704e-02;4.835564e-02;5.814338e-02;8.853023e-02;4.358777e-02;7.163988e-02;9.515926e-02;1.880707e-01;1.588313e-01;6.395325e-02
5.922323e-02;5.373317e-02;7.179493e-02;7.313115e-02;5.815363e-02;9.926073e-02;7.021025e-02;9.980689e-02;1.274078e-01;1.406145e-01;1.129669e-01;3.369676e-02
1.038270e-01;5.291267e-02;7.791393e-02;8.755659e-02;4.257399e-02;8.384926e-02;1.146168e-01;6.887002e-02;1.083557e-01;1.028724e-01;9.365900e-02;6.299278e-02
2.121474e-01;6.749244e-02;6.479496e-02;7.799998e-02;2.961598e-02;4.934291e-02;1.226021e-01;5.761838e-02;5.728520e-02;7.337084e-02;8.195317e-02;1.057766e-01
3.036031e-01;6.628032e-02;4.655702e-02;6.342025e-02;1.205286e-02;3.059765e-02;1.192874e-01;4.807818e-02;3.683840e-02;7.555600e-02;5.854293e-02;1.391860e-01
3.249521e-01;4.826752e-02;4.514175e-02;4.613397e-02;1.894751e-02;3.055326e-02;1.134888e-01;5.227535e-02;3.190470e-02;7.959859e-02;6.595186e-02;1.427846e-01
2.801304e-01;5.065843e-02;1.014916e-01;2.724597e-02;3.357424e-02;6.701366e-02;6.716491e-02;5.258510e-02;3.014882e-02;7.641305e-02;1.149216e-01;9.865226e-02
1.888040e-01;5.624259e-02;1.375732e-01;2.796432e-02;3.259658e-02;1.217347e-01;5.416633e-02;3.073675e-02;4.672463e-02;8.282582e-02;1.512679e-01;6.936307e-02
1.249595e-01;4.906556e-02;9.887741e-02;3.805274e-02;2.578784e-02;1.453732e-01;4.453443e-02;3.000554e-02;6.535534e-02;1.025543e-01;1.776699e-01;9.776432e-02
1.025489e-01;3.160752e-02;7.943485e-02;4.898817e-02;2.116497e-02;1.332170e-01;6.465327e-02;4.786972e-02;8.573081e-02;1.023514e-01;2.018985e-01;8.053485e-02
1.582983e-01;5.097291e-02;9.411706e-02;6.247618e-02;3.115259e-02;8.005901e-02;1.107182e-01;5.627304e-02;6.050843e-02;7.827254e-02;1.266094e-01;9.054235e-02
2.570537e-01;9.160603e-02;1.052790e-01;5.276384e-02;4.328867e-02;5.330824e-02;8.828834e-02;8.076240e-02;4.609296e-02;5.369173e-02;4.954792e-02;7.831717e-02
2.720881e-01;1.618925e-01;1.350080e-01;3.327488e-02;3.983979e-02;4.579318e-02;5.037887e-02;8.435614e-02;7.776437e-02;2.877151e-02;3.165425e-02;3.917849e-02
2.206375e-01;2.376534e-01;1.719557e-01;2.249351e-02;2.269884e-02;4.996474e-02;2.533543e-02;5.387720e-02;1.462262e-01;1.187150e-02;1.729243e-02;1.999355e-02
1.363395e-01;2.957561e-01;1.930151e-01;3.002338e-02;9.958804e-03;6.218883e-02;9.864795e-03;1.779829e-02;2.021907e-01;6.670332e-03;6.778173e-03;2.941610e-02
1.037616e-01;3.129571e-01;1.910804e-01;4.857159e-02;9.807413e-03;6.458043e-02;4.538070e-03;9.654715e-03;1.961252e-01;8.727605e-03;4.165398e-03;4.603047e-02
1.267490e-01;3.143720e-01;1.820932e-01;6.718203e-02;6.559594e-03;5.317931e-02;3.738443e-03;6.084454e-03;1.728698e-01;1.166100e-02;3.192211e-03;5.231902e-02
1.565189e-01;3.176759e-01;1.702917e-01;8.448954e-02;4.742825e-03;4.080862e-02;4.294958e-03;5.229400e-03;1.522697e-01;9.568953e-03;6.480469e-03;4.762904e-02
1.922658e-01;3.057744e-01;1.706772e-01;9.182273e-02;5.722966e-03;2.993793e-02;5.226060e-03;6.505695e-03;1.260224e-01;1.052380e-02;1.822045e-02;3.730066e-02
2.496292e-01;2.416018e-01;1.557173e-01;7.487302e-02;1.878907e-02;1.809954e-02;1.492851e-02;3.413305e-02;7.683535e-02;1.730771e-02;6.432862e-02;3.375683e-02
2.907245e-01;1.390386e-01;1.105760e-01;4.599196e-02;4.549929e-02;1.769140e-02;4.033151e-02;9.969743e-02;4.297221e-02;3.737398e-02;1.049389e-01;2.516418e-02
3.019261e-01;6.873752e-02;9.336323e-02;3.430068e-02;4.173557e-02;2.263408e-02;8.757719e-02;1.361641e-01;4.265333e-02;5.325747e-02;8.068048e-02;3.697019e-02
2.823899e-01;8.335861e-02;9.614930e-02;6.167964e-02;2.306817e-02;3.174773e-02;1.272146e-01;1.068615e-01;2.649644e-02;5.491504e-02;3.925360e-02;6.686548e-02
2.382519e-01;5.886082e-02;6.511062e-02;9.164872e-02;2.517186e-02;3.739788e-02;1.347199e-01;7.836769e-02;2.494264e-02;7.900127e-02;7.081490e-02;9.571180e-02
1.610794e-01;3.920046e-02;1.211915e-01;7.179268e-02;3.912960e-02;5.609455e-02;7.758380e-02;6.075978e-02;7.116779e-02;8.948448e-02;1.310975e-01;8.141848e-02
9.691566e-02;1.050487e-01;1.179276e-01;3.665823e-02;5.637110e-02;6.160114e-02;5.380855e-02;5.845979e-02;7.721498e-02;1.310535e-01;1.580997e-01;4.684110e-02
7.204359e-02;9.920283e-02;7.797240e-02;5.532945e-02;7.076754e-02;5.637219e-02;8.247448e-02;6.285831e-02;6.336480e-02;1.873833e-01;1.273531e-01;4.487808e-02
7.594729e-02;6.252273e-02;1.109542e-01;8.452544e-02;5.086857e-02;6.190230e-02;1.331519e-01;6.892930e-02;8.302727e-02;1.512499e-01;7.845356e-02;3.846757e-02
4.032491e-02;5.549829e-02;1.590757e-01;6.557345e-02;4.344828e-02;5.775047e-02;2.444282e-01;7.979275e-02;5.667044e-02;1.050849e-01;5.420974e-02;3.814279e-02
6.207312e-02;7.822617e-02;1.537631e-01;3.708573e-02;4.374774e-02;4.963195e-02;3.265727e-01;5.946506e-02;3.121747e-02;8.306392e-02;3.152850e-02;4.362453e-02
1.073596e-01;1.157185e-01;9.548426e-02;5.015467e-02;4.922298e-02;6.411041e-02;3.105040e-01;3.846038e-02;3.428163e-02;6.229050e-02;2.524426e-02;4.716881e-02
1.361699e-01;9.616448e-02;5.387682e-02;5.374905e-02;6.587336e-02;1.192092e-01;2.807025e-01;6.056286e-02;5.103680e-02;4.200957e-02;1.008156e-02;3.056396e-02
1.611242e-01;5.140140e-02;4.741599e-02;3.615913e-02;9.499249e-02;1.647962e-01;2.247908e-01;7.887018e-02;7.442180e-02;3.172721e-02;7.036664e-03;2.726384e-02
2.049488e-01;3.224055e-02;5.725620e-02;2.131884e-02;1.131035e-01;1.479333e-01;1.822368e-01;5.598869e-02;8.293685e-02;4.366235e-02;1.052764e-02;4.784642e-02
2.567688e-01;3.776271e-02;8.412506e-02;3.031241e-02;1.293449e-01;9.517830e-02;7.989834e-02;2.345167e-02;7.465889e-02;8.457352e-02;2.002819e-02;8.389723e-02
2.179511e-01;2.053155e-02;7.949812e-02;2.834731e-02;1.191528e-01;1.033064e-01;1.129570e-01;2.794782e-02;8.199222e-02;1.037427e-01;2.128142e-02;8.329146e-02
2.156864e-01;2.660435e-02;6.976578e-02;2.506696e-02;1.115437e-01;1.003800e-01;1.546992e-01;2.052946e-02;6.970263e-02;1.030329e-01;2.098683e-02;8.200189e-02
2.602106e-01;4.127588e-02;7.579190e-02;2.866013e-02;1.133038e-01;8.850210e-02;1.213259e-01;1.799568e-02;5.169053e-02;9.620210e-02;2.061264e-02;8.442872e-02
2.733187e-01;3.856853e-02;8.547759e-02;4.054210e-02;1.238639e-01;8.248402e-02;6.527358e-02;1.926271e-02;6.401759e-02;1.005595e-01;2.116739e-02;8.546433e-02
2.463104e-01;4.533708e-02;8.530472e-02;6.646817e-02;1.279169e-01;6.282931e-02;7.140143e-02;2.064501e-02;7.188783e-02;9.931616e-02;2.372934e-02;7.885368e-02
2.024134e-01;4.332822e-02;1.161203e-01;8.677401e-02;1.248099e-01;6.739793e-02;8.899698e-02;3.922300e-02;6.068052e-02;7.581347e-02;2.864391e-02;6.579843e-02
1.636399e-01;4.000944e-02;1.447111e-01;7.416820e-02;1.330357e-01;8.029912e-02;1.643861e-01;3.390409e-02;4.400456e-02;5.004414e-02;2.505931e-02;4.673838e-02
1.089603e-01;4.330977e-02;9.941485e-02;4.017726e-02;1.592830e-01;1.072248e-01;3.086795e-01;1.382255e-02;2.772090e-02;3.591174e-02;2.391269e-02;3.158264e-02
4.486138e-02;3.784262e-02;7.687797e-02;3.660356e-02;1.734436e-01;1.276605e-01;3.642718e-01;1.966824e-02;3.794046e-02;3.093092e-02;1.986570e-02;3.003331e-02
8.469563e-02;3.515937e-02;7.190461e-02;4.982409e-02;1.558443e-01;1.212476e-01;3.132160e-01;2.522966e-02;3.733171e-02;4.001895e-02;2.507596e-02;4.045209e-02
1.081913e-01;4.784960e-02;1.683629e-01;7.705231e-02;1.172313e-01;1.243046e-01;1.501618e-01;3.162635e-02;5.087423e-02;4.794020e-02;4.024868e-02;3.615663e-02
9.489647e-02;6.924367e-02;2.073548e-01;7.706247e-02;9.074811e-02;1.168854e-01;9.251248e-02;4.341045e-02;8.030950e-02;5.661934e-02;3.992425e-02;3.103304e-02
1.151168e-01;1.051981e-01;1.759285e-01;4.676715e-02;7.464204e-02;8.183629e-02;1.546308e-01;4.547834e-02;6.385207e-02;4.768740e-02;4.025462e-02;4.860796e-02
1.841565e-01;8.977635e-02;9.156435e-02;3.711616e-02;8.546682e-02;6.357060e-02;1.673713e-01;3.108579e-02;4.946885e-02;4.427204e-02;6.768465e-02;8.846664e-02
1.866616e-01;5.657210e-02;8.205093e-02;3.540824e-02;8.416037e-02;6.036514e-02;1.383233e-01;4.261869e-02;5.986212e-02;5.692001e-02;8.388894e-02;1.131685e-01
