8.059336e-02;5.320265e-02;7.674607e-02;3.819646e-02;3.403249e-02;3.396909e-02;1.060195e-01;8.944584e-02;1.993995e-01;1.383852e-01;1.003996e-01;4.961020e-02
5.364837e-02;5.137988e-02;7.141805e-02;3.533217e-02;2.505320e-02;2.459982e-02;1.415853e-01;1.082498e-01;1.672000e-01;1.729540e-01;9.664581e-02;5.193367e-02
4.806251e-02;5.410865e-02;6.028134e-02;3.817155e-02;2.299257e-02;2.452136e-02;1.350477e-01;1.184766e-01;1.290689e-01;1.933685e-01;1.110984e-01;6.480187e-02
5.842586e-02;5.995081e-02;4.908400e-02;4.521734e-02;2.438488e-02;3.415423e-02;7.321868e-02;9.002764e-02;2.014351e-01;1.520567e-01;1.138024e-01;9.824231e-02
6.210692e-02;5.605595e-02;7.657748e-02;5.821765e-02;3.502017e-02;3.318378e-02;3.893218e-02;4.789578e-02;2.295624e-01;8.972318e-02;1.309059e-01;1.418186e-01
6.631963e-02;5.471715e-02;8.864720e-02;6.392188e-02;4.098047e-02;2.429989e-02;4.587397e-02;8.437934e-02;1.847711e-01;6.707264e-02;1.343467e-01;1.446700e-01
9.771115e-02;5.380450e-02;7.530241e-02;7.355413e-02;4.312392e-02;2.045694e-02;5.227365e-02;1.050327e-01;1.534811e-01;5.586974e-02;1.189054e-01;1.504844e-01
9.868858e-02;5.252123e-02;6.723022e-02;6.395200e-02;3.844770e-02;3.709079e-02;5.136681e-02;1.103879e-01;1.001269e-01;7.826896e-02;1.330230e-01;1.688960e-01
7.985168e-02;5.621951e-02;8.946850e-02;5.447732e-02;2.602182e-02;4.943508e-02;4.485137e-02;8.756774e-02;9.580119e-02;1.067133e-01;1.626110e-01;1.469814e-01
5.772642e-02;5.999858e-02;8.206886e-02;5.787892e-02;3.587815e-02;4.719739e-02;7.713409e-02;9.682615e-02;4.033260e-02;8.338662e-02;2.641383e-01;9.743389e-02
7.687397e-02;5.550931e-02;6.262853e-02;5.197793e-02;5.429087e-02;4.608937e-02;8.515474e-02;9.227093e-02;1.601544e-01;2.988897e-02;2.404228e-01;4.473818e-02
9.283245e-02;4.111569e-02;3.260407e-02;4.090728e-02;4.222123e-02;3.672495e-02;5.586665e-02;1.032026e-01;1.560418e-01;9.524259e-02;2.066915e-01;9.654917e-02
6.534871e-02;8.180185e-02;9.440776e-02;6.493009e-02;4.368569e-02;3.067106e-02;7.384541e-02;8.572491e-02;1.218420e-01;7.854160e-02;1.212378e-01;1.379631e-01
7.984498e-02;8.982631e-02;1.218745e-01;6.677794e-02;3.646326e-02;3.685639e-02;7.739612e-02;8.417390e-02;1.066000e-01;6.125415e-02;9.139185e-02;1.475406e-01
8.685874e-02;7.958704e-02;1.416917e-01;6.235939e-02;3.221055e-02;3.952294e-02;6.475206e-02;9.076776e-02;8.780881e-02;6.522069e-02;8.158866e-02;1.676316e-01
1.207672e-01;6.566259e-02;1.751724e-01;6.599210e-02;5.218555e-02;4.650457e-02;8.781973e-02;9.081456e-02;3.058833e-02;7.813451e-02;6.791262e-02;1.184458e-01
1.345124e-01;9.288732e-02;1.557200e-01;5.919782e-02;5.446875e-02;5.646871e-02;1.472553e-01;5.483580e-02;5.600494e-02;8.142825e-02;5.521557e-02;5.200524e-02
1.066381e-01;7.261463e-02;1.923698e-01;6.915362e-02;5.232313e-02;4.678239e-02;1.334149e-01;6.806536e-02;7.860157e-02;5.402498e-02;7.100111e-02;5.501037e-02
7.568356e-02;5.344235e-02;2.362205e-01;6.929126e-02;4.965103e-02;5.075203e-02;1.310605e-01;6.358906e-02;8.881969e-02;5.755632e-02;7.976530e-02;4.416832e-02
5.446149e-02;5.116221e-02;2.911669e-01;4.811304e-02;4.266215e-02;7.151785e-02;1.707546e-01;3.672342e-02;5.396989e-02;8.987659e-02;6.039550e-02;2.919641e-02
4.474911e-02;4.646918e-02;3.119764e-01;3.771418e-02;3.980273e-02;6.962349e-02;2.092064e-01;3.966820e-02;4.087146e-02;1.034513e-01;3.240390e-02;2.406361e-02
6.035253e-02;4.719564e-02;2.866348e-01;3.123187e-02;3.527648e-02;6.523655e-02;2.346910e-01;5.725271e-02;2.864752e-02;9.794947e-02;3.436068e-02;2.117075e-02
7.786258e-02;4.122183e-02;2.893924e-01;4.821441e-02;2.792251e-02;4.830530e-02;2.195543e-01;5.770785e-02;2.895305e-02;8.767537e-02;5.705826e-02;1.613206e-02
7.188842e-02;4.064760e-02;2.959222e-01;8.681773e-02;2.839769e-02;2.810790e-02;1.550346e-01;9.554870e-02;2.889060e-02;5.100038e-02;9.144329e-02;2.630088e-02
4.876143e-02;4.212241e-02;3.328423e-01;1.138489e-01;3.113852e-02;3.131020e-02;9.693034e-02;1.170906e-01;2.526193e-02;3.214028e-02;1.074717e-01;2.108134e-02
5.862840e-02;4.307256e-02;4.124746e-01;1.105976e-01;2.465663e-02;3.281071e-02;2.871621e-02;8.839186e-02;2.295244e-02;6.698962e-02;9.583698e-02;1.487237e-02
5.961926e-02;3.563987e-02;4.296273e-01;8.444789e-02;3.048672e-02;2.928020e-02;7.952355e-02;4.128610e-02;3.064990e-02;8.611301e-02;7.188807e-02;2.143809e-02
7.049048e-02;6.859864e-02;4.016705e-01;6.947405e-02;3.998544e-02;3.621051e-02;1.078053e-01;2.164244e-02;2.483422e-02;8.170433e-02;4.406182e-02;3.352221e-02
7.568393e-02;6.553615e-02;2.922128e-01;8.820644e-02;7.310864e-02;4.863182e-02;1.244393e-01;2.239872e-02;6.115320e-02;6.566194e-02;4.867059e-02;3.429654e-02
1.265663e-01;5.773702e-02;1.739412e-01;6.252021e-02;8.168416e-02;4.198648e-02;1.451850e-01;5.215701e-02;7.775418e-02;3.837401e-02;7.670769e-02;6.538682e-02
1.341538e-01;8.345256e-02;1.922254e-01;6.136480e-02;6.321505e-02;3.057413e-02;1.374465e-01;5.472405e-02;4.682535e-02;5.581987e-02;6.627692e-02;7.392162e-02
1.422704e-01;7.522315e-02;2.069026e-01;6.934881e-02;7.373212e-02;3.455996e-02;1.079803e-01;5.114183e-02;4.168573e-02;6.858446e-02;4.602653e-02;8.254401e-02
1.074260e-01;9.822366e-02;1.900319e-01;9.123649e-02;7.484912e-02;3.320202e-02;5.751386e-02;8.332298e-02;3.730715e-02;7.109016e-02;8.554398e-02;7.025258e-02
4.942347e-02;1.159940e-01;1.466215e-01;1.337672e-01;7.285418e-02;2.832611e-02;4.056111e-02;1.302339e-01;4.042175e-02;6.186400e-02;1.250613e-01;5.487168e-02
6.429050e-02;6.500892e-02;2.029079e-01;1.363312e-01;5.044632e-02;2.344242e-02;7.573341e-02;1.139708e-01;3.160323e-02;6.839159e-02;1.270943e-01;4.077938e-02
7.537872e-02;5.764928e-02;2.774071e-01;1.081041e-01;4.555910e-02;2.810945e-02;8.861501e-02;6.075305e-02;3.233319e-02;8.828267e-02;8.573805e-02;5.207035e-02
8.025319e-02;9.105939e-02;3.060603e-01;6.790046e-02;3.961147e-02;3.274759e-02;9.478126e-02;2.632974e-02;5.217572e-02;1.021549e-01;3.791261e-02;6.901336e-02
8.696564e-02;1.052906e-01;3.271210e-01;4.392346e-02;4.487757e-02;3.943503e-02;8.573546e-02;4.200232e-02;2.774250e-02;1.173414e-01;2.381250e-02;5.575255e-02
8.240683e-02;1.025244e-01;2.298600e-01;5.885142e-02;4.529357e-02;4.072753e-02;8.403285e-02;4.519515e-02;4.001787e-02;8.198129e-02;1.296066e-01;5.950243e-02
7.949258e-02;7.860764e-02;9.868848e-02;8.795011e-02;4.853264e-02;4.085758e-02;1.097082e-01;9.787269e-02;5.675411e-02;5.841545e-02;1.608684e-01;8.225214e-02
8.956098e-02;8.768891e-02;1.163827e-01;6.379309e-02;5.184388e-02;5.826692e-02;6.990454e-02;8.089902e-02;7.065600e-02;7.729270e-02;9.217988e-02;1.415314e-01
1.134744e-01;1.036789e-01;1.023359e-01;5.654148e-02;4.829866e-02;6.903401e-02;8.597346e-02;4.343738e-02;7.559506e-02;9.673667e-02;8.667958e-02;1.182145e-01
1.253771e-01;1.022729e-01;8.333339e-02;8.218462e-02;5.603293e-02;7.832831e-02;1.057341e-01;5.148539e-02;6.329728e-02;8.968716e-02;5.753657e-02;1.047304e-01
1.307353e-01;8.543530e-02;1.303235e-01;8.707461e-02;5.755411e-02;9.108604e-02;9.994531e-02;7.841785e-02;3.873558e-02;5.689973e-02;5.706126e-02;8.673138e-02
9.873477e-02;8.226265e-02;1.173849e-01;4.815112e-02;3.723660e-02;7.220303e-02;7.048793e-02;8.749071e-02;1.366896e-01;1.068600e-01;8.613121e-02;5.636742e-02
7.982129e-02;6.456468e-02;9.291721e-02;4.837575e-02;3.862120e-02;5.583170e-02;6.367626e-02;8.839290e-02;1.645609e-01;1.192971e-01;1.032147e-01;8.072633e-02
9.424002e-02;6.148633e-02;6.075412e-02;7.554796e-02;4.243191e-02;4.384651e-02;1.181916e-01;1.145740e-01;1.227830e-01;9.054740e-02;1.004066e-01;7.519054e-02
1.313123e-01;9.417240e-02;5.860076e-02;1.040490e-01;5.379818e-02;4.283652e-02;1.292440e-01;1.194659e-01;8.243787e-02;6.368011e-02;5.359318e-02;6.680980e-02
1.195365e-01;1.163625e-01;9.884533e-02;9.698339e-02;5.018085e-02;3.862071e-02;9.061762e-02;9.675838e-02;9.525053e-02;4.389624e-02;8.153100e-02;7.141695e-02
6.406602e-02;1.361905e-01;1.342504e-01;4.954323e-02;4.257165e-02;4.517559e-02;8.354724e-02;7.470103e-02;1.408174e-01;6.617204e-02;5.530677e-02;1.076582e-01
5.494452e-02;1.153755e-01;1.366800e-01;7.658611e-02;4.814612e-02;4.209751e-02;4.725664e-02;7.784517e-02;1.043088e-01;5.524071e-02;1.381412e-01;1.033777e-01
5.455204e-02;8.105835e-02;1.610840e-01;7.661495e-02;4.929544e-02;3.320455e-02;9.649081e-02;5.964348e-02;4.848409e-02;1.028665e-01;1.544448e-01;8.226097e-02
7.477394e-02;5.406790e-02;1.625290e-01;7.237044e-02;5.359856e-02;2.700203e-02;1.417467e-01;3.900243e-02;4.826163e-02;1.109152e-01;1.578578e-01;5.787440e-02
1.289462e-01;7.732786e-02;8.366954e-02;5.245755e-02;5.945731e-02;4.489404e-02;1.877570e-01;7.749116e-02;6.573389e-02;9.189271e-02;1.035880e-01;2.678478e-02
8.744768e-02;1.081354e-01;1.608865e-01;4.477298e-02;3.495730e-02;3.300582e-02;1.678841e-01;8.415445e-02;9.980015e-02;5.689405e-02;6.322611e-02;5.883539e-02
9.426683e-02;1.071046e-01;1.804145e-01;5.105486e-02;2.292052e-02;3.125769e-02;1.143181e-01;8.755679e-02;8.952250e-02;3.227910e-02;9.881654e-02;9.048798e-02
1.053367e-01;1.095134e-01;1.694639e-01;6.122559e-02;3.146258e-02;3.331533e-02;6.440669e-02;7.042905e-02;8.196027e-02;4.064249e-02;1.277256e-01;1.045183e-01
1.028303e-01;1.026610e-01;2.362925e-01;6.348199e-02;2.390267e-02;3.328378e-02;7.100932e-02;4.006223e-02;5.983106e-02;8.220181e-02;1.166048e-01;6.783862e-02
8.367810e-02;1.053331e-01;3.844462e-01;5.845881e-02;1.266485e-02;2.706714e-02;5.297657e-02;8.941446e-03;7.105661e-02;1.074114e-01;5.035960e-02;3.760614e-02
5.731831e-02;1.117849e-01;4.347222e-01;4.071360e-02;9.514906e-03;2.965522e-02;4.879194e-02;1.320095e-02;8.224588e-02;7.573981e-02;2.292079e-02;7.339147e-02
3.795422e-02;1.024530e-01;4.686281e-01;2.426414e-02;1.162965e-02;4.144575e-02;9.214634e-02;1.403619e-02;4.786258e-02;7.487050e-02;1.378637e-02;7.092312e-02
3.551738e-02;7.037305e-02;4.949179e-01;2.150434e-02;1.512134e-02;4.503890e-02;1.190413e-01;1.425632e-02;3.072151e-02;8.018167e-02;1.695390e-02;5.637236e-02
2.868883e-02;6.258915e-02;5.092478e-01;3.519019e-02;2.565605e-02;4.005708e-02;1.393455e-01;1.544357e-02;2.200350e-02;7.613741e-02;1.582362e-02;2.981729e-02
4.773178e-02;4.321371e-02;5.090751e-01;3.165121e-02;3.073058e-02;2.781586e-02;1.661109e-01;1.107759e-02;1.226794e-02;8.375237e-02;1.793923e-02;1.863376e-02
6.634814e-02;2.980825e-02;4.548475e-01;5.235836e-02;2.615747e-02;1.777643e-02;1.753001e-01;3.948866e-02;1.795322e-02;7.881589e-02;2.869218e-02;1.245378e-02
8.174787e-02;2.358868e-02;3.838030e-01;8.513850e-02;2.285565e-02;1.478184e-02;1.761599e-01;7.594702e-02;1.758795e-02;5.745928e-02;3.398589e-02;2.694453e-02
6.378627e-02;3.555348e-02;3.059754e-01;1.078789e-01;2.849860e-02;1.920547e-02;1.456542e-01;1.340943e-01;2.428333e-02;3.007459e-02;6.930742e-02;3.568812e-02
5.252577e-02;4.847708e-02;2.560105e-01;1.266348e-01;3.702436e-02;1.604508e-02;7.701281e-02;1.679521e-01;3.428481e-02;4.381812e-02;1.031402e-01;3.707439e-02
7.440579e-02;6.827506e-02;2.192807e-01;1.136809e-01;6.200672e-02;2.537351e-02;4.431565e-02;1.147259e-01;7.693169e-02;3.715626e-02;1.015554e-01;6.229239e-02
8.928103e-02;8.179110e-02;1.834203e-01;8.412004e-02;7.531600e-02;3.246007e-02;4.319270e-02;6.292260e-02;9.165054e-02;4.502121e-02;1.041259e-01;1.066986e-01
9.722962e-02;7.423298e-02;1.881189e-01;5.365450e-02;5.776510e-02;2.942326e-02;5.609015e-02;7.747662e-02;7.844555e-02;7.015894e-02;8.716777e-02;1.302366e-01
1.123853e-01;5.484670e-02;2.257916e-01;3.275432e-02;3.721726e-02;2.641558e-02;1.092895e-01;7.147685e-02;5.600188e-02;7.173108e-02;7.825675e-02;1.238332e-01
1.022891e-01;4.389286e-02;2.387097e-01;5.125407e-02;5.442403e-02;3.046529e-02;1.842267e-01;8.262793e-02;2.467337e-02;5.578512e-02;5.967722e-02;7.197460e-02
8.174703e-02;3.831337e-02;1.948071e-01;9.130013e-02;8.187852e-02;3.022985e-02;1.683068e-01;6.038357e-02;5.422150e-02;4.266287e-02;7.865853e-02;7.749081e-02
6.587716e-02;3.363527e-02;2.602743e-01;9.047302e-02;8.258540e-02;2.931466e-02;1.206221e-01;6.269050e-02;4.961577e-02;5.554038e-02;1.008956e-01;4.847597e-02
7.191022e-02;4.973751e-02;2.380905e-01;8.069087e-02;6.208222e-02;2.987870e-02;1.024394e-01;7.968705e-02;8.518624e-02;5.910688e-02;1.193006e-01;2.188980e-02
5.622209e-02;5.185333e-02;1.770431e-01;7.363775e-02;4.949988e-02;2.841154e-02;9.977916e-02;1.559390e-01;8.618836e-02;6.941027e-02;9.472536e-02;5.729018e-02
1.036379e-01;6.881959e-02;1.668299e-01;6.480251e-02;3.996712e-02;1.993457e-02;8.244349e-02;1.057805e-01;1.190888e-01;1.153975e-01;5.569922e-02;5.759899e-02
1.079283e-01;9.637326e-02;1.720220e-01;6.225000e-02;3.416353e-02;1.414324e-02;7.409720e-02;7.690708e-02;1.153485e-01;1.577783e-01;4.959243e-02;3.939621e-02
7.666168e-02;1.180036e-01;1.985975e-01;5.894955e-02;3.331268e-02;1.886425e-02;4.980887e-02;5.226907e-02;9.360427e-02;2.075984e-01;4.468440e-02;4.764585e-02
7.811710e-02;9.703842e-02;1.832034e-01;5.094592e-02;5.185978e-02;3.221577e-02;1.252612e-01;4.685614e-02;6.479324e-02;1.479747e-01;7.292899e-02;4.880533e-02
1.445546e-01;8.267388e-02;1.623465e-01;4.016813e-02;7.066013e-02;4.102319e-02;1.852339e-01;3.281644e-02;4.113694e-02;8.986423e-02;6.602133e-02;4.350077e-02
1.669975e-01;8.041341e-02;1.648905e-01;4.055880e-02;8.205578e-02;5.183656e-02;1.902068e-01;2.172712e-02;3.476805e-02;8.252311e-02;4.207563e-02;4.194671e-02
1.824405e-01;9.045134e-02;1.245769e-01;5.453427e-02;1.153531e-01;7.041455e-02;1.417873e-01;2.107828e-02;4.196634e-02;8.239841e-02;3.737663e-02;3.762225e-02
1.192005e-01;7.043967e-02;2.274474e-01;5.808357e-02;1.122185e-01;6.613228e-02;1.040876e-01;2.474026e-02;4.309361e-02;8.878721e-02;6.433700e-02;2.143237e-02
9.358051e-02;7.470522e-02;2.146991e-01;6.277479e-02;9.806078e-02;7.627001e-02;9.970947e-02;4.783072e-02;5.568938e-02;7.976590e-02;6.092471e-02;3.598934e-02
6.530593e-02;1.178069e-01;1.321978e-01;6.879957e-02;1.051805e-01;1.073659e-01;9.851562e-02;4.743457e-02;7.443444e-02;8.505860e-02;7.073931e-02;2.716082e-02
5.342208e-02;1.216928e-01;1.386472e-01;6.024609e-02;9.673246e-02;9.089275e-02;1.011662e-01;5.100513e-02;8.235203e-02;9.966973e-02;6.459344e-02;3.958008e-02
6.720245e-02;7.632890e-02;1.312467e-01;6.092980e-02;6.496769e-02;8.068049e-02;1.149079e-01;4.201508e-02;8.640312e-02;1.128445e-01;7.876401e-02;8.370934e-02
7.118583e-02;6.111634e-02;8.405122e-02;8.887359e-02;4.931877e-02;2.908696e-02;1.122355e-01;8.063775e-02;1.450550e-01;7.554847e-02;8.846325e-02;1.144273e-01
6.683397e-02;5.120309e-02;1.041545e-01;9.683166e-02;4.512290e-02;1.104901e-02;9.938280e-02;8.450206e-02;1.530255e-01;9.357662e-02;8.131438e-02;1.130035e-01
6.590670e-02;4.668468e-02;1.369848e-01;8.531003e-02;5.360538e-02;2.438505e-02;8.794327e-02;6.976913e-02;1.464954e-01;1.186018e-01;6.556552e-02;9.874822e-02
8.584315e-02;8.208039e-02;1.474825e-01;7.350693e-02;8.961503e-02;5.188723e-02;8.969415e-02;4.355009e-02;1.155694e-01;1.082712e-01;4.991636e-02;6.258362e-02
8.538500e-02;8.695677e-02;1.799268e-01;7.698224e-02;7.292640e-02;3.446251e-02;1.006349e-01;4.030531e-02;8.726867e-02;1.006929e-01;7.531168e-02;5.914682e-02
1.151357e-01;8.844113e-02;1.756285e-01;7.673604e-02;5.147123e-02;2.171298e-02;1.053847e-01;5.302528e-02;7.741573e-02;7.348824e-02;1.029564e-01;5.860417e-02
1.505384e-01;1.040789e-01;1.255130e-01;8.717817e-02;5.091854e-02;2.039050e-02;9.232887e-02;6.906991e-02;6.274720e-02;4.267067e-02;1.333762e-01;6.118966e-02
1.259120e-01;1.014328e-01;1.249737e-01;1.055495e-01;6.031416e-02;1.991023e-02;5.636513e-02;8.076364e-02;3.616625e-02;4.367321e-02;1.680640e-01;7.687541e-02
8.234002e-02;1.318989e-01;1.014546e-01;1.229787e-01;8.029284e-02;1.782479e-02;2.828628e-02;9.101623e-02;2.813302e-02;5.602867e-02;1.866101e-01;7.313581e-02
4.554536e-02;1.323434e-01;1.394555e-01;1.221192e-01;9.044110e-02;1.784406e-02;2.293061e-02;1.021037e-01;2.149567e-02;7.146833e-02;1.569789e-01;7.727420e-02
3.094657e-02;9.756917e-02;2.001889e-01;1.310068e-01;6.481969e-02;1.273557e-02;2.424452e-02;1.031949e-01;2.933929e-02;6.697156e-02;1.782134e-01;6.076965e-02
3.757128e-02;6.393394e-02;2.431485e-01;1.451266e-01;4.341425e-02;1.042935e-02;2.560535e-02;8.003277e-02;3.384031e-02;6.256443e-02;2.101032e-01;4.422998e-02
3.552759e-02;5.573260e-02;2.592566e-01;1.602513e-01;4.345044e-02;1.366872e-02;2.245740e-02;7.021704e-02;2.592226e-02;4.489506e-02;2.413713e-01;2.724977e-02
3.400637e-02;5.155926e-02;2.563996e-01;1.571925e-01;4.490079e-02;1.512879e-02;2.234713e-02;7.313932e-02;1.748743e-02;4.364584e-02;2.522205e-01;3.197245e-02
4.571943e-02;5.818588e-02;2.386927e-01;1.293482e-01;4.628725e-02;1.524676e-02;4.151330e-02;6.900408e-02;2.029296e-02;6.070094e-02;2.102190e-01;6.478950e-02
7.159988e-02;7.971086e-02;2.404492e-01;9.429733e-02;4.116727e-02;1.956704e-02;8.371463e-02;4.996620e-02;3.266381e-02;6.577177e-02;1.392407e-01;8.185135e-02
7.741272e-02;9.711922e-02;3.271732e-01;7.068815e-02;3.048518e-02;2.013736e-02;8.294004e-02;3.324958e-02;3.240917e-02;7.510512e-02;8.675842e-02;6.652185e-02
3.871077e-02;8.476223e-02;3.780165e-01;9.500644e-02;2.894561e-02;2.632443e-02;6.015966e-02;7.228579e-02;2.379095e-02;7.028233e-02;7.334332e-02;4.837196e-02
3.037261e-02;7.800876e-02;3.525253e-01;1.191098e-01;4.086226e-02;2.971551e-02;5.868686e-02;8.263268e-02;1.728688e-02;4.127307e-02;1.006453e-01;4.888090e-02
8.829833e-02;6.301474e-02;3.141874e-01;1.077668e-01;3.562178e-02;1.343331e-02;6.570902e-02;6.351252e-02;3.995420e-02;3.966830e-02;1.046935e-01;6.414003e-02
1.620669e-01;7.204139e-02;1.538140e-01;6.226142e-02;2.701459e-02;1.772161e-02;6.580650e-02;3.034431e-02;1.022485e-01;2.266349e-02;1.721425e-01;1.118748e-01
1.765443e-01;9.323225e-02;9.224698e-02;5.213039e-02;2.453301e-02;1.826406e-02;5.602881e-02;1.549451e-02;1.025110e-01;5.202353e-02;1.853360e-01;1.316551e-01
1.687842e-01;9.567098e-02;8.502448e-02;4.923078e-02;2.410983e-02;1.873821e-02;4.566581e-02;2.139295e-02;8.945707e-02;7.963496e-02;1.834382e-01;1.388526e-01
1.580790e-01;9.735062e-02;8.867420e-02;4.671837e-02;2.306001e-02;2.193283e-02;3.482025e-02;2.108222e-02;7.599802e-02;1.129242e-01;2.105525e-01;1.088078e-01
9.198003e-02;8.212744e-02;8.363982e-02;3.954590e-02;3.274981e-02;2.205176e-02;7.122510e-02;6.177842e-02;9.474709e-02;2.464867e-01;1.214200e-01;5.224792e-02
6.370821e-02;2.366049e-02;1.457887e-01;6.067896e-02;6.272379e-02;4.110352e-02;1.348887e-01;4.872031e-02;8.937705e-02;1.464106e-01;1.247980e-01;5.814168e-02
6.493431e-02;2.734617e-02;1.485390e-01;5.510863e-02;7.072552e-02;3.718384e-02;1.384313e-01;8.196131e-02;1.521555e-01;9.431448e-02;9.087799e-02;3.842195e-02
6.678171e-02;2.669955e-02;1.438138e-01;5.502326e-02;8.123268e-02;2.739655e-02;1.239855e-01;1.278856e-01;1.623967e-01;7.443519e-02;6.667335e-02;4.367610e-02
5.237004e-02;2.358237e-02;1.395777e-01;5.846384e-02;1.099942e-01;2.765303e-02;1.093616e-01;1.851929e-01;1.588614e-01;4.379187e-02;4.262368e-02;4.852740e-02
6.791052e-02;5.184768e-02;1.669338e-01;2.954745e-02;1.408142e-01;4.957307e-02;1.542634e-01;1.334340e-01;1.054889e-01;3.283925e-02;1.909964e-02;4.824812e-02
1.292500e-01;3.266276e-02;2.406269e-01;4.607451e-02;1.611156e-01;8.082116e-02;1.258474e-01;3.790837e-02;4.688573e-02;2.208468e-02;1.939781e-02;5.732512e-02
1.678221e-01;4.464339e-02;1.866738e-01;2.111511e-02;1.671518e-01;9.428944e-02;1.134014e-01;5.548866e-02;2.457454e-02;3.850630e-02;2.027117e-02;6.606229e-02
1.864558e-01;3.306116e-02;1.545635e-01;3.717671e-02;1.565511e-01;9.535448e-02;1.634782e-01;3.927624e-02;2.016345e-02;3.210159e-02;1.202650e-02;6.979115e-02
1.731820e-01;3.953085e-02;1.496674e-01;3.527655e-02;1.590041e-01;9.538542e-02;1.822986e-01;1.631889e-02;2.541486e-02;2.443980e-02;1.576183e-02;8.371963e-02
1.726904e-01;2.961526e-02;1.592087e-01;3.633269e-02;1.999137e-01;8.747564e-02;8.591246e-02;1.276677e-02;6.740114e-02;3.276296e-02;2.067888e-02;9.524139e-02
1.523274e-01;3.349019e-02;1.248135e-01;4.653554e-02;2.096800e-01;9.312618e-02;9.723324e-02;1.808935e-02;7.633299e-02;4.345452e-02;2.209528e-02;8.282186e-02
9.209906e-02;3.506014e-02;1.589645e-01;6.402890e-02;2.503423e-01;9.986129e-02;6.746838e-02;1.814200e-02;6.187356e-02;3.679221e-02;2.829880e-02;8.706876e-02
6.888332e-02;3.028034e-02;1.715363e-01;6.391586e-02;2.312435e-01;9.035914e-02;1.369736e-01;3.168315e-02;4.524776e-02;2.695422e-02;2.939454e-02;7.352822e-02
5.917440e-02;2.592168e-02;2.464188e-01;8.638479e-02;2.251965e-01;8.530335e-02;4.048758e-02;4.150248e-02;5.149039e-02;3.460703e-02;3.726943e-02;6.624359e-02
4.929275e-02;2.600567e-02;2.865484e-01;7.785244e-02;1.644594e-01;6.111493e-02;1.117894e-01;3.876158e-02;4.829474e-02;4.303992e-02;4.986040e-02;4.298039e-02
4.660419e-02;3.089010e-02;3.597518e-01;7.398085e-02;1.327561e-01;3.990911e-02;1.014765e-01;4.060380e-02;3.053852e-02;5.772310e-02;4.548392e-02;4.028204e-02
6.155117e-02;2.268143e-02;3.509148e-01;7.231117e-02;9.547328e-02;3.153909e-02;8.866306e-02;6.746622e-02;4.743565e-02;6.198099e-02;4.854352e-02;5.143960e-02
7.558680e-02;2.934332e-02;2.543015e-01;6.276903e-02;8.956221e-02;4.006460e-02;1.325798e-01;1.111253e-01;5.576087e-02;6.416456e-02;2.842854e-02;5.631351e-02
7.816793e-02;7.719038e-02;1.165080e-01;4.339521e-02;1.314881e-01;4.719532e-02;8.376594e-02;1.165953e-01;1.035018e-01;6.619301e-02;7.343741e-02;6.256157e-02
7.254617e-02;7.594734e-02;1.392966e-01;5.054927e-02;1.161697e-01;5.197876e-02;1.361008e-01;6.092289e-02;1.007291e-01;6.757697e-02;7.758833e-02;5.059415e-02
6.182742e-02;7.633678e-02;1.455377e-01;4.826111e-02;1.035079e-01;9.693290e-02;1.213081e-01;7.599085e-02;7.643426e-02;7.650898e-02;8.143083e-02;3.592319e-02
1.289069e-01;8.477155e-02;1.484862e-01;7.222980e-02;7.189869e-02;7.214936e-02;1.041317e-01;5.508931e-02;6.166381e-02;6.900914e-02;6.673322e-02;6.493036e-02
1.669818e-01;1.202801e-01;1.137089e-01;7.590888e-02;6.248957e-02;2.736995e-02;7.397211e-02;5.720681e-02;6.871657e-02;9.510938e-02;5.559176e-02;8.266421e-02
1.747513e-01;1.430096e-01;1.736196e-01;5.556809e-02;3.792638e-02;2.355655e-02;5.862152e-02;5.477171e-02;6.299411e-02;7.507757e-02;5.624291e-02;8.386078e-02
1.725778e-01;1.639502e-01;2.068101e-01;5.790260e-02;2.297434e-02;2.604499e-02;5.447736e-02;5.267956e-02;5.270036e-02;6.295116e-02;5.121057e-02;7.572106e-02
1.754730e-01;1.739600e-01;1.897899e-01;7.050473e-02;3.367151e-02;3.539525e-02;8.121607e-02;4.114306e-02;4.765715e-02;6.262375e-02;2.910906e-02;5.945648e-02
2.489940e-01;1.635006e-01;8.020020e-02;6.624001e-02;3.867460e-02;5.209261e-02;1.301052e-01;1.968947e-02;4.545932e-02;4.551935e-02;5.831983e-02;5.120469e-02
2.211563e-01;1.434920e-01;1.555353e-01;7.834796e-02;4.373925e-02;5.082025e-02;9.646098e-02;4.203062e-02;4.842376e-02;3.802244e-02;3.928494e-02;4.268608e-02
1.758664e-01;1.675192e-01;2.442487e-01;7.844766e-02;3.700571e-02;4.881633e-02;5.066366e-02;2.883781e-02;4.663755e-02;5.238308e-02;2.580584e-02;4.376805e-02
1.474207e-01;1.413786e-01;2.611617e-01;7.134362e-02;2.918298e-02;4.132009e-02;7.596710e-02;1.912435e-02;7.471420e-02;5.905802e-02;3.951694e-02;3.981166e-02
1.480735e-01;1.572689e-01;2.694340e-01;6.461442e-02;1.988839e-02;3.322135e-02;7.702130e-02;2.769218e-02;6.125957e-02;4.636770e-02;3.704375e-02;5.811491e-02
1.341334e-01;1.450049e-01;2.691058e-01;6.449622e-02;3.172218e-02;3.632132e-02;8.915215e-02;1.979589e-02;4.063968e-02;3.119926e-02;4.513093e-02;9.329819e-02
1.292088e-01;8.808488e-02;2.345675e-01;4.999597e-02;3.502292e-02;3.986358e-02;1.590066e-01;4.527582e-02;1.961992e-02;3.209776e-02;5.101176e-02;1.162445e-01
1.015934e-01;4.640697e-02;2.587755e-01;4.897926e-02;4.728851e-02;4.341265e-02;2.148529e-01;3.683293e-02;2.625985e-02;5.741994e-02;3.302914e-02;8.514896e-02
2.665171e-02;5.690707e-02;4.111897e-01;6.746618e-02;8.846930e-02;5.634927e-02;7.549634e-02;3.722934e-02;2.726311e-02;4.238025e-02;5.659008e-02;5.400771e-02
6.388941e-02;5.162800e-02;3.848553e-01;7.066961e-02;7.596095e-02;5.001891e-02;1.143712e-01;4.227827e-02;2.018722e-02;3.205339e-02;4.027874e-02;5.380894e-02
9.241530e-02;5.374917e-02;2.220796e-01;8.988829e-02;4.193394e-02;6.627500e-02;1.577123e-01;5.690508e-02;6.757469e-02;5.108789e-02;6.132533e-02;3.905336e-02
6.346136e-02;7.111450e-02;2.104197e-01;6.461275e-02;7.475608e-02;4.469837e-02;2.273246e-01;3.304538e-02;4.930202e-02;6.830820e-02;6.426297e-02;2.869414e-02
7.191291e-02;5.474502e-02;3.019382e-01;5.178438e-02;7.350308e-02;3.908620e-02;2.040432e-01;1.614577e-02;3.723843e-02;6.592423e-02;5.083646e-02;3.284209e-02
7.178573e-02;4.109094e-02;2.873662e-01;4.512259e-02;5.821821e-02;3.599917e-02;1.998072e-01;2.537858e-02;4.989099e-02;8.117920e-02;5.101144e-02;5.314979e-02
5.581491e-02;4.894264e-02;1.864335e-01;5.428825e-02;8.754728e-02;4.490009e-02;1.762245e-01;4.214342e-02;6.117976e-02;9.357452e-02;6.044145e-02;8.850966e-02
8.699725e-02;4.841226e-02;1.940254e-01;5.046614e-02;6.798545e-02;4.788685e-02;1.771429e-01;3.179622e-02;4.944187e-02;6.931155e-02;9.278993e-02;8.374422e-02
9.342487e-02;5.405764e-02;1.769503e-01;5.636400e-02;6.750014e-02;6.394836e-02;1.482372e-01;3.785642e-02;5.805798e-02;8.396440e-02;9.846985e-02;6.116896e-02
7.843217e-02;4.763520e-02;1.714397e-01;6.360105e-02;4.939264e-02;7.170896e-02;1.239325e-01;4.306226e-02;7.844629e-02;1.178694e-01;7.406552e-02;8.041431e-02
7.220200e-02;9.103868e-02;1.289019e-01;7.723474e-02;4.504602e-02;5.676134e-02;1.187840e-01;4.908925e-02;9.784503e-02;1.098908e-01;6.858495e-02;8.462123e-02
7.319514e-02;1.373774e-01;8.331940e-02;7.920589e-02;4.861783e-02;4.219300e-02;1.336418e-01;5.102465e-02;1.114334e-01;7.952081e-02;9.502307e-02;6.544752e-02
8.948268e-02;1.309801e-01;1.074680e-01;5.719820e-02;4.169591e-02;3.386831e-02;1.098151e-01;5.510880e-02;9.467630e-02;7.669597e-02;8.553804e-02;1.174726e-01
