2.894074e-02;4.720969e-02;6.946146e-01;8.511218e-02;3.103162e-02;1.378787e-02;3.604810e-02;9.818290e-03;1.382034e-02;2.167313e-02;1.029203e-02;7.651387e-03
1.264533e-02;2.093551e-02;7.584333e-01;1.097649e-01;3.155071e-02;9.942885e-03;1.214669e-02;5.500294e-03;8.193771e-03;1.707189e-02;1.093917e-02;2.875492e-03
6.922942e-03;1.261078e-02;6.797948e-01;1.507605e-01;5.450728e-02;1.608368e-02;2.135054e-02;1.518532e-02;9.442113e-03;1.744988e-02;1.164511e-02;4.246979e-03
1.600359e-02;1.964577e-02;5.835872e-01;1.932870e-01;8.531998e-02;2.802646e-02;8.800904e-03;2.657096e-02;6.671309e-03;1.102067e-02;1.646965e-02;4.596491e-03
1.111180e-02;2.054555e-02;5.118482e-01;1.998142e-01;1.107947e-01;3.693065e-02;3.350055e-02;3.162074e-02;7.524179e-03;1.071416e-02;2.393156e-02;1.663828e-03
5.854438e-03;1.681881e-02;5.166737e-01;1.941700e-01;1.256426e-01;3.990175e-02;1.695128e-02;2.787715e-02;9.855463e-03;1.242567e-02;2.821438e-02;5.614697e-03
7.993803e-03;1.252892e-02;5.163894e-01;1.765258e-01;1.396298e-01;4.120207e-02;3.147901e-02;2.453860e-02;1.377233e-02;1.041491e-02;2.204930e-02;3.476011e-03
1.257582e-02;1.404125e-02;5.142318e-01;1.450110e-01;1.613264e-01;4.846349e-02;2.587573e-02;2.313416e-02;1.942338e-02;1.284294e-02;1.612903e-02;6.945003e-03
1.191166e-02;1.754435e-02;4.681872e-01;1.025940e-01;1.990032e-01;6.962297e-02;4.816279e-02;2.866146e-02;1.774929e-02;1.365439e-02;1.346049e-02;9.448264e-03
1.478542e-02;1.453679e-02;3.426424e-01;5.784975e-02;2.258947e-01;1.091020e-01;1.670455e-01;2.317202e-02;1.609475e-02;1.255100e-02;9.541577e-03;6.783951e-03
1.918414e-02;1.008779e-02;2.176398e-01;5.219348e-02;2.309604e-01;1.347385e-01;2.801220e-01;1.581832e-02;1.378848e-02;1.400524e-02;6.539572e-03;4.922251e-03
1.704424e-02;1.685176e-02;1.514311e-01;4.030677e-02;2.372183e-01;1.563762e-01;3.123993e-01;1.869497e-02;1.818490e-02;1.375409e-02;8.532207e-03;9.206215e-03
1.653580e-02;1.968834e-02;1.152263e-01;4.426593e-02;2.396167e-01;1.676582e-01;3.015121e-01;2.605070e-02;3.817961e-02;1.048853e-02;1.217746e-02;8.600433e-03
1.560149e-02;1.736357e-02;1.304520e-01;4.246041e-02;2.420999e-01;1.508449e-01;2.679707e-01;3.651033e-02;5.518924e-02;9.956674e-03;1.617321e-02;1.537756e-02
1.608053e-02;2.186298e-02;1.621092e-01;4.724721e-02;2.384582e-01;1.332200e-01;2.327758e-01;2.293317e-02;5.332486e-02;2.767727e-02;2.649874e-02;1.781205e-02
4.075263e-02;2.669489e-02;2.264546e-01;5.568450e-02;1.725093e-01;9.104207e-02;2.430925e-01;2.391425e-02;3.651585e-02;3.734741e-02;2.353892e-02;2.245309e-02
4.972625e-02;3.926471e-02;3.333179e-01;6.797831e-02;8.021499e-02;5.388693e-02;1.999731e-01;3.612080e-02;3.607588e-02;4.557563e-02;2.393781e-02;3.392773e-02
3.398263e-02;3.618290e-02;3.278417e-01;6.964993e-02;1.466012e-01;8.531342e-02;1.199490e-01;5.339665e-02;2.512168e-02;3.496357e-02;3.632782e-02;3.066945e-02
4.463611e-02;2.920146e-02;2.600006e-01;5.593187e-02;1.681223e-01;9.249967e-02;1.870033e-01;5.040604e-02;2.123548e-02;3.864450e-02;3.390526e-02;1.841343e-02
4.782214e-02;2.572202e-02;2.213837e-01;5.397756e-02;1.691428e-01;1.015599e-01;1.654367e-01;5.157379e-02;4.649076e-02;4.958033e-02;3.437279e-02;3.293755e-02
4.870945e-02;4.908865e-02;1.410385e-01;5.335832e-02;1.295561e-01;9.844185e-02;1.421753e-01;8.716343e-02;6.748441e-02;7.854577e-02;6.225296e-02;4.218530e-02
6.363758e-02;6.167216e-02;1.031474e-01;7.888048e-02;8.053686e-02;9.004804e-02;8.929872e-02;1.039698e-01;1.149564e-01;1.203639e-01;6.203758e-02;3.145105e-02
5.800021e-02;4.372909e-02;1.325782e-01;8.880375e-02;7.520834e-02;7.735289e-02;1.015270e-01;8.513684e-02;1.168754e-01;1.311316e-01;6.622440e-02;2.343216e-02
6.562474e-02;5.276954e-02;1.429595e-01;5.900376e-02;7.103975e-02;5.986371e-02;9.999204e-02;8.641697e-02;1.062763e-01;1.271798e-01;8.176892e-02;4.710502e-02
8.889373e-02;6.510306e-02;1.443171e-01;3.716969e-02;5.472397e-02;4.333132e-02;7.843132e-02;1.037116e-01;1.117365e-01;1.312823e-01;8.713431e-02;5.416511e-02
1.119422e-01;7.850259e-02;1.358413e-01;5.400532e-02;8.282150e-02;7.903498e-02;8.538024e-02;9.935518e-02;7.855003e-02;7.080019e-02;8.769391e-02;3.607258e-02
9.725846e-02;7.710688e-02;1.516633e-01;6.380907e-02;6.863261e-02;6.103774e-02;1.040096e-01;8.008647e-02;1.035008e-01;6.634184e-02;7.209895e-02;5.445424e-02
8.940176e-02;7.834105e-02;1.577538e-01;6.345697e-02;6.705613e-02;5.772251e-02;9.239269e-02;8.547279e-02;1.124732e-01;5.865144e-02;7.094783e-02;6.632984e-02
7.435490e-02;6.747278e-02;2.165212e-01;5.465438e-02;7.067884e-02;5.514085e-02;6.483299e-02;8.693247e-02;1.042608e-01;4.627858e-02;7.528450e-02;8.358774e-02
6.288508e-02;3.975203e-02;3.221066e-01;4.463690e-02;8.087131e-02;4.352887e-02;1.016033e-01;5.552272e-02;5.060819e-02;3.777450e-02;7.763731e-02;8.307327e-02
6.966357e-02;3.161568e-02;3.637178e-01;4.878359e-02;8.716299e-02;5.265097e-02;9.351294e-02;4.170298e-02;5.035331e-02;5.328647e-02;5.863584e-02;4.891382e-02
7.396260e-02;5.041685e-02;2.377229e-01;5.214592e-02;7.192037e-02;7.151331e-02;1.498621e-01;4.733721e-02;1.086006e-01;5.500562e-02;4.896476e-02;3.254773e-02
9.571072e-02;6.643470e-02;1.496628e-01;4.798596e-02;8.062518e-02;6.021147e-02;1.255578e-01;9.185677e-02;1.551211e-01;4.879462e-02;4.240940e-02;3.562949e-02
1.420657e-01;6.017515e-02;8.856385e-02;2.997872e-02;9.872913e-02;3.527208e-02;7.682651e-02;1.809515e-01;1.951024e-01;3.443585e-02;3.501702e-02;2.288206e-02
1.892725e-01;3.761420e-02;3.748467e-02;1.200097e-02;1.093253e-01;2.406158e-02;5.440055e-02;2.924578e-01;1.642487e-01;3.100312e-02;3.463550e-02;1.349519e-02
2.193622e-01;3.432001e-02;2.727901e-02;1.529496e-02;9.529455e-02;2.101893e-02;7.519773e-02;3.757088e-01;6.205901e-02;2.068682e-02;3.023307e-02;2.354485e-02
2.004272e-01;2.338860e-02;2.007800e-02;2.263773e-02;5.067715e-02;2.146754e-02;1.559723e-01;3.380294e-01;5.432336e-02;3.035575e-02;3.224029e-02;5.040266e-02
1.746872e-01;2.877589e-02;3.099174e-02;1.866159e-02;2.272230e-02;3.005292e-02;2.701465e-01;2.741738e-01;4.124797e-02;3.244869e-02;2.752008e-02;4.857127e-02
1.465174e-01;4.229609e-02;4.524077e-02;2.469075e-02;3.667681e-02;5.813265e-02;2.991586e-01;2.187128e-01;4.189783e-02;2.335883e-02;2.106209e-02;4.225533e-02
1.233545e-01;5.036955e-02;7.176710e-02;3.148904e-02;4.190443e-02;8.332115e-02;2.492583e-01;1.767202e-01;6.259318e-02;3.624514e-02;3.367427e-02;3.930307e-02
8.517239e-02;7.399890e-02;1.112921e-01;3.822359e-02;4.970475e-02;8.851115e-02;1.214115e-01;1.660291e-01;9.119470e-02;6.802913e-02;6.028914e-02;4.614356e-02
1.011322e-01;6.415885e-02;1.100955e-01;3.389504e-02;5.235234e-02;5.669438e-02;1.562012e-01;1.948298e-01;6.734722e-02;7.059653e-02;5.042960e-02;4.226733e-02
1.758294e-01;5.283409e-02;8.878605e-02;2.257195e-02;3.656126e-02;5.285040e-02;2.177752e-01;2.029372e-01;3.431067e-02;4.536195e-02;2.865258e-02;4.152918e-02
2.225102e-01;6.810205e-02;8.110476e-02;1.880870e-02;4.153702e-02;3.400835e-02;1.772503e-01;2.015707e-01;3.854020e-02;5.235626e-02;1.967478e-02;4.453666e-02
2.570461e-01;5.531105e-02;5.635862e-02;1.777302e-02;4.003885e-02;2.193558e-02;1.619475e-01;2.403065e-01;3.407416e-02;4.370986e-02;1.642095e-02;5.507793e-02
2.580938e-01;2.183134e-02;5.064337e-02;2.298104e-02;2.844756e-02;1.802126e-02;1.835805e-01;2.792916e-01;4.610551e-02;2.151617e-02;1.372058e-02;5.576723e-02
2.912828e-01;3.225155e-02;5.555378e-02;1.772889e-02;3.228394e-02;2.077426e-02;1.757120e-01;2.572164e-01;3.478005e-02;1.699714e-02;1.650712e-02;4.891211e-02
3.435954e-01;6.966453e-02;8.763542e-02;8.472462e-03;5.244977e-02;8.945215e-03;9.749189e-02;2.161173e-01;2.903997e-02;1.453155e-02;1.887040e-02;5.318604e-02
3.756529e-01;9.717970e-02;9.491226e-02;9.040141e-03;6.438284e-02;1.167771e-02;3.805313e-02;1.995963e-01;1.237780e-02;1.387054e-02;2.163393e-02;6.162280e-02
3.242923e-01;4.839854e-02;1.233605e-01;1.903503e-02;5.304218e-02;1.679500e-02;5.290761e-02;1.814945e-01;3.009075e-02;3.043686e-02;4.127613e-02;7.887068e-02
2.255845e-01;8.015464e-02;1.681830e-01;2.556547e-02;2.801907e-02;2.414091e-02;1.037462e-01;1.408273e-01;3.186820e-02;4.027839e-02;6.778548e-02;6.384677e-02
1.530730e-01;1.028992e-01;1.725968e-01;3.906149e-02;2.595321e-02;3.114378e-02;8.718397e-02;1.311935e-01;3.750981e-02;6.572597e-02;1.061295e-01;4.752969e-02
8.795930e-02;8.930951e-02;1.459264e-01;3.284915e-02;4.309859e-02;3.609736e-02;1.259301e-01;1.237059e-01;5.684647e-02;9.147493e-02;1.268378e-01;3.996453e-02
9.003881e-02;5.019429e-02;8.841647e-02;6.967349e-02;9.159681e-02;8.678231e-02;1.381814e-01;6.709522e-02;7.037637e-02;1.106584e-01;8.334207e-02;5.364431e-02
1.049724e-01;4.799256e-02;7.563668e-02;8.378855e-02;1.101989e-01;9.510983e-02;7.640939e-02;7.915706e-02;1.173174e-01;1.010238e-01;6.239819e-02;4.599518e-02
1.564156e-01;5.443540e-02;8.198199e-02;7.249834e-02;1.111279e-01;8.283144e-02;8.753265e-02;8.225043e-02;1.238076e-01;6.778437e-02;5.346517e-02;2.586913e-02
7.250120e-02;1.058189e-01;2.772120e-01;6.316063e-02;9.020110e-02;6.066850e-02;1.526454e-01;4.807680e-02;3.339257e-02;4.519138e-02;3.277616e-02;1.835531e-02
1.408036e-01;1.293601e-01;3.120107e-01;5.836604e-02;6.237948e-02;3.655891e-02;1.244263e-01;2.701394e-02;1.939738e-02;3.088717e-02;2.903511e-02;2.976130e-02
2.505441e-01;1.377342e-01;2.662968e-01;4.746755e-02;4.795113e-02;2.707780e-02;8.345562e-02;2.888939e-02;1.882806e-02;2.475039e-02;2.353825e-02;4.346669e-02
3.957937e-01;1.335737e-01;1.685020e-01;2.994506e-02;4.027367e-02;2.275691e-02;5.817347e-02;3.961615e-02;2.534574e-02;1.770242e-02;1.584329e-02;5.247384e-02
4.735732e-01;1.813593e-01;1.319364e-01;1.833892e-02;2.978521e-02;1.534220e-02;2.791363e-02;3.125902e-02;2.399471e-02;2.140141e-02;6.480730e-03;3.861529e-02
4.531388e-01;2.398223e-01;1.330715e-01;1.865490e-02;2.137567e-02;1.765418e-02;2.660009e-02;1.804985e-02;2.064540e-02;2.023343e-02;6.099520e-03;2.465440e-02
3.849638e-01;2.239552e-01;1.984908e-01;1.645640e-02;1.626326e-02;1.302969e-02;4.797016e-02;2.019234e-02;2.984920e-02;1.707160e-02;1.006436e-02;2.169331e-02
3.335045e-01;1.753838e-01;2.277745e-01;1.722492e-02;1.868495e-02;1.731825e-02;7.696408e-02;3.571675e-02;3.272739e-02;2.197761e-02;2.024402e-02;2.247931e-02
2.994670e-01;1.317841e-01;2.294022e-01;2.334161e-02;2.976351e-02;2.751885e-02;7.748638e-02;4.107283e-02;2.150696e-02;4.381425e-02;3.788555e-02;3.695679e-02
2.827525e-01;7.560319e-02;1.883478e-01;4.740760e-02;4.352813e-02;3.595684e-02;6.499575e-02;4.459978e-02;3.394765e-02;7.803930e-02;6.300212e-02;4.181944e-02
2.813000e-01;5.217760e-02;1.446766e-01;6.065879e-02;4.478961e-02;4.187979e-02;6.572090e-02;6.465730e-02;5.628362e-02;8.415420e-02;6.385344e-02;3.984826e-02
2.918857e-01;1.054996e-01;1.739019e-01;6.527420e-02;4.123862e-02;3.029127e-02;7.673286e-02;3.721610e-02;3.088944e-02;5.451747e-02;4.127281e-02;5.128000e-02
2.658727e-01;1.388008e-01;1.398706e-01;5.326875e-02;5.488305e-02;3.848100e-02;6.352812e-02;2.312269e-02;5.010096e-02;5.565202e-02;5.393349e-02;6.248577e-02
1.832302e-01;1.344904e-01;1.306276e-01;4.196950e-02;7.889857e-02;3.982441e-02;8.616290e-02;3.882828e-02;5.395514e-02;7.112667e-02;7.480320e-02;6.608301e-02
1.557830e-01;8.089560e-02;1.315494e-01;3.976915e-02;7.492635e-02;6.356917e-02;1.314643e-01;4.395136e-02;9.502637e-02;5.547332e-02;7.460908e-02;5.298290e-02
1.481532e-01;7.755260e-02;1.099623e-01;4.931710e-02;5.532042e-02;8.698951e-02;1.537227e-01;8.112472e-02;7.716443e-02;6.219104e-02;4.163986e-02;5.686212e-02
1.040704e-01;5.736961e-02;1.240072e-01;6.653482e-02;8.448295e-02;7.349430e-02;9.033091e-02;8.167547e-02;8.393087e-02;7.456713e-02;7.200313e-02;8.753319e-02
1.037178e-01;6.439541e-02;1.010235e-01;7.454305e-02;8.512934e-02;6.663156e-02;1.211451e-01;6.579673e-02;8.512016e-02;7.727110e-02;7.289036e-02;8.233582e-02
1.076897e-01;5.949118e-02;1.145630e-01;7.735666e-02;8.027301e-02;6.069057e-02;1.334388e-01;5.727331e-02;9.071549e-02;7.380395e-02;7.059176e-02;7.411262e-02
1.251900e-01;7.840103e-02;2.532079e-01;6.300839e-02;6.859626e-02;4.898133e-02;1.486515e-01;3.498695e-02;5.201459e-02;4.581747e-02;4.287838e-02;3.826622e-02
1.594746e-01;1.165882e-01;3.002529e-01;5.119643e-02;4.793359e-02;4.809676e-02;1.151699e-01;3.623480e-02;2.981062e-02;3.322474e-02;3.218960e-02;2.982789e-02
1.832315e-01;1.296542e-01;3.126892e-01;4.963315e-02;3.370004e-02;4.380568e-02;8.146878e-02;4.140087e-02;2.702810e-02;3.236096e-02;3.274507e-02;3.228242e-02
1.879243e-01;1.106779e-01;3.088969e-01;5.355822e-02;3.028321e-02;3.968750e-02;8.711932e-02;4.154731e-02;2.861542e-02;4.403402e-02;3.817735e-02;2.947854e-02
1.366725e-01;9.939814e-02;1.685126e-01;4.411270e-02;6.592491e-02;7.213391e-02;1.547461e-01;3.165838e-02;8.198896e-02;5.917563e-02;4.475993e-02;4.091625e-02
1.424827e-01;1.123061e-01;1.816012e-01;4.399838e-02;5.965992e-02;1.034529e-01;1.081394e-01;2.918057e-02;6.643585e-02;5.089269e-02;5.356099e-02;4.828940e-02
5.056517e-02;8.054210e-02;2.076120e-01;8.240556e-02;5.231494e-02;1.030895e-01;1.665331e-01;3.756003e-02;4.861938e-02;6.070975e-02;5.238902e-02;5.765951e-02
7.800629e-02;4.532113e-02;1.914211e-01;1.079482e-01;4.461904e-02;5.874989e-02;2.308220e-01;4.763318e-02;3.915118e-02;5.389073e-02;3.626276e-02;6.617453e-02
8.779213e-02;3.159041e-02;1.822285e-01;1.220875e-01;7.419716e-02;1.994471e-02;2.624454e-01;6.201617e-02;2.406259e-02;3.295247e-02;2.459179e-02;7.609131e-02
1.547285e-01;3.394257e-02;1.533669e-01;1.062875e-01;7.038920e-02;3.952983e-02;2.250052e-01;6.127442e-02;2.480741e-02;2.888464e-02;2.157575e-02;8.020800e-02
2.760130e-01;3.789551e-02;1.279286e-01;5.767403e-02;3.933626e-02;4.743169e-02;1.569042e-01;9.145354e-02;3.715060e-02;2.658759e-02;1.701426e-02;8.461064e-02
4.060495e-01;3.799435e-02;9.531198e-02;2.324537e-02;2.294217e-02;4.033304e-02;1.020834e-01;1.094166e-01;3.425789e-02;2.003477e-02;1.618739e-02;9.214348e-02
4.589450e-01;9.839657e-02;8.172964e-02;1.367186e-02;3.282955e-02;2.803399e-02;7.301493e-02;8.693267e-02;2.473251e-02;1.405856e-02;1.585099e-02;7.180370e-02
4.576704e-01;1.725847e-01;1.071435e-01;9.220766e-03;3.167526e-02;1.605838e-02;6.026508e-02;5.331266e-02;2.224366e-02;1.922029e-02;9.659855e-03;4.094546e-02
3.746806e-01;2.357107e-01;1.732691e-01;1.407289e-02;1.655640e-02;1.547378e-02;5.214131e-02;2.775542e-02;3.414958e-02;2.492417e-02;8.355442e-03;2.291057e-02
2.372550e-01;2.565343e-01;3.042339e-01;2.561696e-02;1.151557e-02;2.155088e-02;3.928700e-02;1.087164e-02;4.815312e-02;1.768009e-02;6.838281e-03;2.046329e-02
8.996542e-02;2.536347e-01;4.369031e-01;3.636628e-02;8.331286e-03;2.673101e-02;3.586484e-02;1.900295e-02;5.556476e-02;1.597985e-02;5.961778e-03;1.569403e-02
3.130671e-02;1.877795e-01;5.663955e-01;3.580140e-02;9.154165e-03;2.044557e-02;3.062494e-02;2.922606e-02;5.500224e-02;1.500457e-02;7.444504e-03;1.181494e-02
3.668278e-02;1.495292e-01;6.166899e-01;2.616247e-02;1.164889e-02;1.065729e-02;3.766171e-02;3.743592e-02;3.902648e-02;1.601307e-02;4.809187e-03;1.368311e-02
3.535271e-02;1.087024e-01;6.877398e-01;2.848580e-02;1.215024e-02;6.877957e-03;3.147358e-02;3.382120e-02;2.374193e-02;1.957528e-02;3.125264e-03;8.953886e-03
2.754440e-02;9.889228e-02;7.247677e-01;3.112287e-02;1.518728e-02;6.732260e-03;2.058780e-02;2.290758e-02;1.705302e-02;2.343637e-02;4.228634e-03;7.539869e-03
1.836624e-02;1.251111e-01;6.968032e-01;3.316737e-02;2.205367e-02;1.286545e-02;1.137664e-02;2.070676e-02;1.659159e-02;2.417968e-02;8.393514e-03;1.038482e-02
5.123391e-02;1.587588e-01;6.061545e-01;3.049121e-02;2.479950e-02;1.651451e-02;2.855880e-02;1.797744e-02;1.776408e-02;2.741776e-02;6.812066e-03;1.351747e-02
6.679651e-02;1.953487e-01;5.273926e-01;3.334932e-02;2.161947e-02;2.084018e-02;3.553436e-02;1.615128e-02;2.586365e-02;3.145793e-02;1.268354e-02;1.296242e-02
8.709198e-02;1.648767e-01;4.546626e-01;3.885286e-02;2.931167e-02;3.769623e-02;5.657386e-02;2.435888e-02;4.598948e-02;2.412893e-02;1.782315e-02;1.863371e-02
9.993417e-02;1.042323e-01;3.718806e-01;5.471157e-02;3.088930e-02;5.519863e-02;5.964321e-02;4.952319e-02;7.889654e-02;3.326494e-02;3.266346e-02;2.916206e-02
9.036481e-02;5.858478e-02;2.620565e-01;7.321566e-02;5.141077e-02;7.585808e-02;7.924002e-02;7.169093e-02;1.015348e-01;4.835114e-02;4.360569e-02;4.408690e-02
7.098923e-02;9.552453e-02;1.509144e-01;8.002105e-02;7.879272e-02;9.969343e-02;8.913776e-02;6.684394e-02;8.995113e-02;8.240461e-02;5.053812e-02;4.518908e-02
4.798451e-02;8.124451e-02;1.322998e-01;6.771509e-02;7.419989e-02;1.060564e-01;1.505430e-01;6.300035e-02;1.071378e-01;8.944421e-02;4.442422e-02;3.595025e-02
3.720577e-02;5.240653e-02;1.269785e-01;6.929517e-02;7.535406e-02;5.969771e-02;1.599036e-01;8.271476e-02;8.147538e-02;1.645453e-01;3.605992e-02;5.436336e-02
3.840179e-02;4.244167e-02;1.042435e-01;7.755125e-02;8.126202e-02;4.910826e-02;1.343098e-01;1.356112e-01;8.580858e-02;1.637052e-01;2.994793e-02;5.760892e-02
5.405554e-02;5.809133e-02;1.012526e-01;5.679512e-02;7.071502e-02;9.476235e-02;1.360365e-01;1.453387e-01;7.124960e-02;1.053860e-01;6.524355e-02;4.107363e-02
8.884881e-02;5.828391e-02;1.879569e-01;3.858253e-02;6.048524e-02;1.136441e-01;1.562497e-01;1.006247e-01;3.058864e-02;8.573303e-02;4.161807e-02;3.738438e-02
1.221175e-01;6.257850e-02;3.313297e-01;3.650884e-02;4.899737e-02;4.892659e-02;1.194874e-01;5.250676e-02;3.351809e-02;6.936112e-02;4.105660e-02;3.361165e-02
1.126692e-01;7.309490e-02;3.123638e-01;4.050980e-02;6.287242e-02;5.134787e-02;1.338769e-01;3.345097e-02;2.777060e-02;5.270684e-02;5.600261e-02;4.333410e-02
7.725827e-02;5.507458e-02;2.049338e-01;4.260748e-02;7.393875e-02;7.429967e-02;1.660233e-01;4.541669e-02;3.570285e-02;5.344337e-02;9.448151e-02;7.681976e-02
5.551705e-02;3.285451e-02;8.897600e-02;5.229176e-02;7.422484e-02;7.804763e-02;1.942582e-01;5.385214e-02;6.596489e-02;8.704267e-02;1.187432e-01;9.822722e-02
1.613083e-01;5.964143e-02;1.430511e-01;3.674150e-02;5.008261e-02;4.402085e-02;1.859507e-01;6.157465e-02;4.227063e-02;6.054091e-02;6.427977e-02;9.053748e-02
3.107706e-01;1.070640e-01;1.348976e-01;1.896281e-02;2.978616e-02;2.005673e-02;1.181661e-01;8.399829e-02;3.046024e-02;3.632475e-02;3.225075e-02;7.726187e-02
3.914518e-01;1.539367e-01;1.446517e-01;1.281170e-02;3.716917e-02;9.889320e-03;5.432871e-02;1.010741e-01;1.301841e-02;1.798616e-02;1.682923e-02;4.685291e-02
4.172034e-01;1.741891e-01;1.486370e-01;7.945727e-03;3.507987e-02;7.380624e-03;2.821960e-02;8.978505e-02;2.673595e-02;2.075699e-02;1.340414e-02;3.066256e-02
4.503260e-01;1.631821e-01;1.334802e-01;7.262563e-03;2.521630e-02;7.208826e-03;2.922640e-02;8.759540e-02;2.898741e-02;2.053895e-02;1.131413e-02;3.566169e-02
4.660381e-01;1.362144e-01;1.090372e-01;5.672700e-03;2.520918e-02;9.330366e-03;3.756911e-02;1.041717e-01;2.527681e-02;1.703311e-02;1.451407e-02;4.993314e-02
4.902480e-01;1.137351e-01;9.140732e-02;5.668857e-03;2.191252e-02;1.005373e-02;3.541799e-02;1.149332e-01;1.586581e-02;1.589059e-02;2.212661e-02;6.274035e-02
4.586493e-01;8.113653e-02;1.436678e-01;1.001873e-02;1.571565e-02;1.136598e-02;3.921127e-02;1.090110e-01;2.475858e-02;1.661533e-02;2.757892e-02;6.227088e-02
4.332000e-01;9.676930e-02;1.497073e-01;1.056903e-02;1.615508e-02;1.227902e-02;4.662758e-02;1.011121e-01;2.053325e-02;1.765817e-02;3.059619e-02;6.479299e-02
3.831209e-01;1.192684e-01;1.508333e-01;1.799699e-02;1.708709e-02;1.474746e-02;3.511234e-02;9.143259e-02;2.206426e-02;3.080589e-02;4.926075e-02;6.826995e-02
2.491579e-01;9.749436e-02;1.683595e-01;3.191731e-02;2.967094e-02;3.250840e-02;6.011314e-02;8.186481e-02;3.976810e-02;7.876506e-02;8.546526e-02;4.491510e-02
1.639884e-01;7.403866e-02;1.534083e-01;3.425197e-02;5.768057e-02;5.723562e-02;9.837301e-02;6.163863e-02;4.942084e-02;1.101547e-01;1.009459e-01;3.886338e-02
1.538694e-01;5.142420e-02;9.548037e-02;3.867226e-02;7.610270e-02;7.595842e-02;8.409635e-02;1.054089e-01;7.418911e-02;1.008375e-01;9.086556e-02;5.309531e-02
1.007309e-01;5.203333e-02;7.987466e-02;4.776286e-02;7.643899e-02;7.849711e-02;1.360869e-01;1.289033e-01;9.140479e-02;1.014725e-01;6.322483e-02;4.356977e-02
6.919751e-02;5.370633e-02;7.718170e-02;4.245752e-02;8.518808e-02;6.469666e-02;1.497946e-01;1.213564e-01;8.263279e-02;1.788113e-01;4.082227e-02;3.415480e-02
4.783763e-02;4.908496e-02;6.363354e-02;3.268563e-02;9.022419e-02;7.505283e-02;1.391210e-01;1.256180e-01;9.835441e-02;1.998398e-01;4.225188e-02;3.629607e-02
3.495049e-02;3.626677e-02;9.537853e-02;4.004384e-02;7.284883e-02;8.548880e-02;1.159046e-01;1.140430e-01;1.647747e-01;1.665988e-01;3.589277e-02;3.780879e-02
2.717889e-02;3.174762e-02;1.105937e-01;4.450239e-02;8.313947e-02;8.737805e-02;8.790690e-02;8.901013e-02;1.797744e-01;2.002695e-01;2.470019e-02;3.379877e-02
6.176715e-02;7.007784e-02;1.873164e-01;8.302800e-02;7.342084e-02;5.660011e-02;8.089402e-02;7.015245e-02;1.000015e-01;1.737759e-01;1.844943e-02;2.451631e-02
1.253081e-01;1.011875e-01;3.193919e-01;6.214592e-02;6.589555e-02;3.548363e-02;1.106091e-01;2.272544e-02;3.444296e-02;6.694287e-02;2.157521e-02;3.429184e-02
1.705592e-01;9.644050e-02;3.229888e-01;5.542686e-02;6.991244e-02;4.221972e-02;1.246676e-01;1.427732e-02;1.480908e-02;2.793732e-02;2.293424e-02;3.782693e-02
2.196603e-01;6.673507e-02;2.211789e-01;5.125263e-02;7.480922e-02;6.021529e-02;1.752451e-01;2.059063e-02;1.495413e-02;2.873171e-02;2.891464e-02;3.771235e-02
2.008602e-01;8.100390e-02;2.672665e-01;4.385806e-02;6.447114e-02;5.302617e-02;1.288680e-01;2.364417e-02;1.541620e-02;4.228105e-02;4.277641e-02;3.652813e-02
1.940809e-01;8.355948e-02;2.214665e-01;4.715087e-02;6.767605e-02;5.821295e-02;9.214068e-02;3.069187e-02;2.384797e-02;6.213475e-02;6.656060e-02;5.247747e-02
1.505438e-01;5.772698e-02;2.154437e-01;5.882844e-02;6.620485e-02;8.109504e-02;1.011029e-01;4.236591e-02;5.643001e-02;6.508201e-02;6.408844e-02;4.108790e-02
9.774125e-02;2.588134e-02;1.951300e-01;6.249329e-02;5.722358e-02;9.703362e-02;1.624786e-01;6.500207e-02;7.782339e-02;6.569920e-02;4.597003e-02;4.752357e-02
8.818512e-02;5.050978e-02;1.528680e-01;6.997713e-02;6.481637e-02;1.074078e-01;1.797812e-01;5.966125e-02;8.470117e-02;6.112962e-02;3.828780e-02;4.267472e-02
8.888189e-02;4.845453e-02;1.500255e-01;9.684908e-02;8.301077e-02;7.082736e-02;1.341339e-01;5.205312e-02;9.658324e-02;8.066131e-02;4.245890e-02;5.606031e-02
8.851176e-02;6.218461e-02;1.288272e-01;7.706204e-02;7.945118e-02;5.795861e-02;1.033726e-01;4.033095e-02;1.121934e-01;1.317130e-01;6.611559e-02;5.227910e-02
5.596516e-02;4.408370e-02;1.703153e-01;5.062847e-02;9.346957e-02;8.043421e-02;1.086477e-01;6.044192e-02;9.998888e-02;1.221905e-01;6.034970e-02;5.348483e-02
6.116435e-02;2.877153e-02;1.741586e-01;3.474945e-02;9.332725e-02;1.051460e-01;7.537932e-02;1.140417e-01;1.031741e-01;1.274868e-01;3.612212e-02;4.647883e-02
7.536913e-02;5.834712e-02;1.330382e-01;3.591398e-02;8.247714e-02;8.901195e-02;1.027351e-01;1.228646e-01;7.951287e-02;1.380514e-01;2.619798e-02;5.648044e-02
6.920010e-02;7.215302e-02;1.108118e-01;6.230505e-02;8.471333e-02;9.972066e-02;1.420570e-01;8.257879e-02;1.050413e-01;7.813385e-02;4.366091e-02;4.962425e-02
5.953796e-02;5.497443e-02;1.103978e-01;5.882249e-02;8.459588e-02;9.601326e-02;1.243632e-01;5.055470e-02;1.159556e-01;1.408801e-01;5.686677e-02;4.703787e-02
5.524767e-02;5.776534e-02;1.101369e-01;3.271305e-02;7.826582e-02;7.948034e-02;8.789433e-02;9.117965e-02;8.376166e-02;2.251603e-01;4.526187e-02;5.313304e-02
6.983330e-02;7.129373e-02;1.135960e-01;5.595445e-02;9.273766e-02;5.224185e-02;9.563552e-02;1.126603e-01;9.984270e-02;1.561961e-01;4.608885e-02;3.391962e-02
4.716668e-02;7.040267e-02;1.520090e-01;7.896689e-02;9.276712e-02;7.027470e-02;2.313258e-01;7.366075e-02;6.809662e-02;6.614102e-02;2.373419e-02;2.545465e-02
5.544766e-02;6.519129e-02;1.836891e-01;8.306701e-02;8.927426e-02;6.435422e-02;2.099276e-01;4.284260e-02;8.374424e-02;6.173222e-02;3.579474e-02;2.493500e-02
6.508691e-02;6.074291e-02;1.603111e-01;8.377169e-02;8.636837e-02;5.133178e-02;2.212164e-01;7.052380e-02;7.670350e-02;6.189135e-02;3.513884e-02;2.691331e-02
5.075879e-02;5.940943e-02;1.183690e-01;7.130370e-02;7.694467e-02;6.737126e-02;2.466625e-01;1.050182e-01;5.981109e-02;6.539334e-02;4.741982e-02;3.153815e-02
2.928185e-02;6.628375e-02;1.214576e-01;6.012847e-02;6.672271e-02;9.646584e-02;1.926578e-01;9.028507e-02;1.016608e-01;8.549049e-02;4.502294e-02;4.454264e-02
3.977389e-02;5.250631e-02;1.347973e-01;5.058621e-02;4.336918e-02;9.249936e-02;1.792110e-01;5.639867e-02;1.600109e-01;9.482633e-02;3.369418e-02;6.232665e-02
3.383191e-02;4.124806e-02;1.205214e-01;5.209725e-02;2.691394e-02;1.025287e-01;2.507547e-01;4.714962e-02;1.400344e-01;7.376753e-02;4.426381e-02;6.688862e-02
4.556708e-02;3.359945e-02;8.925891e-02;6.340140e-02;2.365149e-02;1.063937e-01;3.554901e-01;4.857706e-02;8.264887e-02;4.334561e-02;3.369010e-02;7.437635e-02
4.409318e-02;3.658488e-02;4.682471e-02;6.346311e-02;1.676728e-02;1.049352e-01;4.623502e-01;4.386556e-02;3.506685e-02;2.789303e-02;2.984818e-02;8.830793e-02
5.332201e-02;3.879296e-02;2.013973e-02;6.050380e-02;1.890413e-02;1.008539e-01;4.820957e-01;4.039216e-02;2.511685e-02;3.068665e-02;3.220661e-02;9.698541e-02
1.111447e-01;4.870197e-02;3.710712e-02;6.544466e-02;2.286851e-02;7.526599e-02;3.873931e-01;2.995726e-02;2.935540e-02;6.636062e-02;3.371921e-02;9.268152e-02
1.575052e-01;5.699175e-02;8.697025e-02;6.478734e-02;3.684228e-02;5.000173e-02;2.435435e-01;4.423390e-02;2.912615e-02;1.132018e-01;4.819836e-02;6.859776e-02
1.302695e-01;5.443444e-02;1.287436e-01;4.582482e-02;4.601644e-02;6.467362e-02;1.496010e-01;5.495005e-02;6.639390e-02;1.344351e-01;6.323598e-02;6.142155e-02
6.743217e-02;3.499616e-02;1.198860e-01;5.266809e-02;4.377216e-02;9.837853e-02;2.429744e-01;3.279417e-02;9.592064e-02;9.390275e-02;5.793239e-02;5.934258e-02
8.685713e-02;4.408576e-02;1.088186e-01;5.253295e-02;2.894581e-02;8.911084e-02;3.146945e-01;5.924420e-02;7.445069e-02;5.209384e-02;4.135422e-02;4.781143e-02
1.110740e-01;4.829748e-02;6.085576e-02;5.532161e-02;4.356252e-02;9.277274e-02;3.014612e-01;4.617028e-02;6.443939e-02;7.347579e-02;4.359592e-02;5.897325e-02
7.852032e-02;5.574609e-02;8.163836e-02;6.022420e-02;5.992031e-02;1.044767e-01;1.793513e-01;6.498304e-02;1.094016e-01;1.038377e-01;5.568320e-02;4.621720e-02
5.616526e-02;5.369772e-02;1.112379e-01;6.290041e-02;6.273544e-02;1.066740e-01;1.121728e-01;8.696727e-02;1.464174e-01;1.132611e-01;5.756731e-02;3.020334e-02
5.312428e-02;4.193964e-02;1.018334e-01;4.442637e-02;4.608300e-02;8.853709e-02;8.513485e-02;7.182053e-02;1.783970e-01;2.339301e-01;3.822597e-02;1.654766e-02
4.187173e-02;2.776545e-02;5.788922e-02;3.064907e-02;4.261032e-02;5.554184e-02;1.224909e-01;5.808824e-02;1.502120e-01;3.819019e-01;1.000080e-02;2.097845e-02
4.051171e-02;2.448962e-02;5.031206e-02;3.385119e-02;4.997892e-02;4.588027e-02;1.226874e-01;4.143616e-02;1.187707e-01;4.374833e-01;1.304874e-02;2.154997e-02
3.526406e-02;3.167638e-02;6.769267e-02;3.696124e-02;4.182805e-02;4.939112e-02;1.160027e-01;5.429896e-02;1.404079e-01;3.837890e-01;2.556347e-02;1.712453e-02
4.136618e-02;4.522658e-02;7.353766e-02;2.922550e-02;2.555820e-02;5.629039e-02;1.476003e-01;6.147727e-02;1.747322e-01;2.949364e-01;3.339364e-02;1.665571e-02
7.401747e-02;4.916251e-02;9.441291e-02;3.983558e-02;4.185573e-02;7.614175e-02;1.840400e-01;5.561775e-02;1.437180e-01;1.738159e-01;4.173275e-02;2.564953e-02
6.843627e-02;5.723852e-02;2.902797e-01;6.886038e-02;7.389946e-02;5.810536e-02;1.869000e-01;4.512531e-02;4.149378e-02;4.518143e-02;3.375719e-02;3.072259e-02
9.853680e-02;6.468034e-02;3.437144e-01;6.437972e-02;7.956250e-02;4.777654e-02;1.579641e-01;3.203088e-02;3.136512e-02;2.534211e-02;2.812286e-02;2.652462e-02
1.196292e-01;5.108917e-02;2.647234e-01;6.636738e-02;7.740398e-02;4.903057e-02;2.145732e-01;3.868851e-02;2.294435e-02;3.024963e-02;2.596020e-02;3.934035e-02
1.246872e-01;2.222443e-02;1.353127e-01;6.593627e-02;7.010680e-02;4.438800e-02;3.029535e-01;4.943294e-02;2.788059e-02;3.797385e-02;4.081055e-02;7.829326e-02
1.224684e-01;3.547066e-02;1.227215e-01;4.310746e-02;3.359019e-02;4.572636e-02;2.724844e-01;4.031506e-02;5.225126e-02;5.113204e-02;6.549725e-02;1.152354e-01
1.193918e-01;5.587141e-02;9.414813e-02;3.984462e-02;2.130756e-02;5.208669e-02;1.629842e-01;8.268237e-02;9.291287e-02;8.283806e-02;8.944228e-02;1.064900e-01
7.609453e-02;4.039870e-02;8.598374e-02;3.886822e-02;2.755103e-02;6.342992e-02;1.937737e-01;8.231105e-02;1.050450e-01;7.988524e-02;1.001236e-01;1.065352e-01
3.895046e-02;2.298512e-02;8.669292e-02;1.663049e-02;3.646446e-02;8.135009e-02;2.425194e-01;6.238197e-02;1.203827e-01;7.264283e-02;9.039304e-02;1.286066e-01
6.193213e-02;2.844505e-02;8.699436e-02;3.591692e-02;2.860051e-02;8.964214e-02;2.179113e-01;4.599131e-02;1.286931e-01;6.247202e-02;9.332870e-02;1.200725e-01
6.751625e-02;1.611135e-02;7.411616e-02;3.910945e-02;3.069005e-02;1.101702e-01;1.920139e-01;4.125982e-02;1.162858e-01;4.570139e-02;1.319066e-01;1.351191e-01
3.759988e-02;1.209375e-02;8.855242e-02;1.958473e-02;3.114282e-02;1.306791e-01;1.837865e-01;4.128012e-02;1.103303e-01;4.336961e-02;1.621314e-01;1.394494e-01
1.856593e-02;1.289435e-02;8.175430e-02;2.372651e-02;3.615710e-02;1.805405e-01;1.476746e-01;3.739195e-02;1.013559e-01;5.853539e-02;1.837046e-01;1.176989e-01
4.595710e-02;1.613381e-02;8.923438e-02;3.550207e-02;4.270339e-02;1.766035e-01;1.423183e-01;3.462313e-02;7.394440e-02;5.935168e-02;1.722391e-01;1.113892e-01
9.812261e-02;2.661896e-02;9.647868e-02;2.547811e-02;4.929172e-02;8.620166e-02;2.455542e-01;5.112015e-02;4.981384e-02;5.074114e-02;1.154155e-01;1.051635e-01
9.678432e-02;3.909288e-02;1.071705e-01;2.320703e-02;4.727307e-02;3.207105e-02;2.679913e-01;5.593781e-02;5.933745e-02;6.089752e-02;1.165591e-01;9.367798e-02
5.324209e-02;3.909452e-02;9.784027e-02;5.022788e-02;3.781212e-02;4.221972e-02;2.586367e-01;5.151277e-02;6.796022e-02;8.436257e-02;1.125387e-01;1.045524e-01
1.593406e-01;6.248590e-02;1.626221e-01;3.887686e-02;2.039970e-02;3.613343e-02;1.805077e-01;4.564550e-02;5.001254e-02;7.400701e-02;8.382174e-02;8.614685e-02
2.596759e-01;9.071040e-02;1.872200e-01;2.831986e-02;2.485193e-02;2.732516e-02;8.599427e-02;1.197413e-01;3.347630e-02;3.897530e-02;4.977971e-02;5.392990e-02
2.928238e-01;8.506750e-02;1.498767e-01;2.620522e-02;3.619847e-02;2.435055e-02;9.140027e-02;1.558147e-01;3.505055e-02;2.499933e-02;3.517828e-02;4.303472e-02
3.174301e-01;7.418857e-02;1.165315e-01;1.985634e-02;3.197447e-02;1.891239e-02;1.083007e-01;1.857527e-01;3.212133e-02;1.887326e-02;2.466692e-02;5.139169e-02
3.236958e-01;6.427156e-02;1.142602e-01;1.053950e-02;2.670235e-02;1.575438e-02;1.115570e-01;2.058524e-01;3.343493e-02;2.041777e-02;2.136413e-02;5.215001e-02
3.247293e-01;3.868035e-02;9.198236e-02;1.086349e-02;2.487392e-02;1.794286e-02;1.315459e-01;2.224761e-01;2.938477e-02;2.192671e-02;2.272902e-02;6.286532e-02
3.146144e-01;4.501505e-02;8.807810e-02;8.212567e-03;4.329991e-02;1.720998e-02;1.210724e-01;2.160049e-01;4.039532e-02;2.186433e-02;2.133695e-02;6.289619e-02
3.276405e-01;3.400208e-02;8.899215e-02;1.859468e-02;6.148926e-02;2.445428e-02;1.183693e-01;1.896141e-01;3.262707e-02;2.014573e-02;2.594166e-02;5.812919e-02
3.232799e-01;7.775766e-02;1.928613e-01;2.509945e-02;4.707557e-02;2.311115e-02;6.582544e-02;1.247183e-01;2.777405e-02;2.099970e-02;2.618252e-02;4.531495e-02
3.430799e-01;1.378432e-01;1.732438e-01;1.436972e-02;3.375498e-02;2.440012e-02;4.688484e-02;9.858476e-02;2.316260e-02;2.046802e-02;3.894494e-02;4.526312e-02
2.719022e-01;1.286453e-01;2.301359e-01;1.931227e-02;2.693477e-02;2.619551e-02;5.903695e-02;7.961117e-02;2.924956e-02;2.651198e-02;6.078025e-02;4.168429e-02
1.800017e-01;8.851440e-02;2.459742e-01;3.536924e-02;3.327997e-02;4.219631e-02;9.651302e-02;6.143934e-02;4.014796e-02;4.727164e-02;8.461259e-02;4.467969e-02
1.071425e-01;5.904329e-02;1.774352e-01;5.483710e-02;3.949437e-02;5.633128e-02;1.363160e-01;4.908879e-02;8.508281e-02;8.494890e-02;9.503084e-02;5.524894e-02
9.589034e-02;3.361839e-02;1.134217e-01;6.880531e-02;4.506533e-02;5.274133e-02;1.103484e-01;1.248926e-01;7.947625e-02;1.135850e-01;8.500236e-02;7.715306e-02
6.484132e-02;4.421897e-02;1.249962e-01;7.205795e-02;5.408879e-02;5.705323e-02;1.047950e-01;9.529660e-02;1.125827e-01;1.152082e-01;6.246638e-02;9.239469e-02
8.406793e-02;6.582731e-02;1.389767e-01;7.327017e-02;5.855332e-02;6.213435e-02;1.173994e-01;5.229542e-02;1.404246e-01;1.053439e-01;2.561283e-02;7.609406e-02
9.890189e-02;8.419945e-02;1.438260e-01;7.065229e-02;5.760211e-02;6.670154e-02;9.480105e-02;6.360376e-02;1.510290e-01;8.353955e-02;3.468671e-02;5.045662e-02
5.682838e-02;7.857420e-02;3.821599e-01;5.530815e-02;5.550542e-02;6.174015e-02;1.152238e-01;4.520065e-02;7.060053e-02;3.069644e-02;2.856760e-02;1.959475e-02
8.319451e-02;1.023519e-01;4.518116e-01;4.901399e-02;5.951160e-02;3.621347e-02;1.220163e-01;2.397739e-02;2.534093e-02;1.672702e-02;1.240243e-02;1.743889e-02
1.400223e-01;1.608120e-01;4.211269e-01;4.387657e-02;4.952605e-02;2.967565e-02;8.216769e-02;1.559778e-02;1.684559e-02;1.393600e-02;1.089752e-02;1.551601e-02
2.125707e-01;2.493813e-01;3.471013e-01;2.885143e-02;2.800001e-02;2.403329e-02;4.442465e-02;8.225170e-03;2.262284e-02;1.418640e-02;6.759338e-03;1.384360e-02
2.597442e-01;3.100188e-01;2.780322e-01;2.086264e-02;1.376282e-02;2.087172e-02;2.582532e-02;7.714003e-03;3.173234e-02;1.667755e-02;5.840197e-03;8.918198e-03
2.736065e-01;2.785950e-01;3.089721e-01;1.695695e-02;7.480149e-03;1.297451e-02;2.343183e-02;8.194895e-03;2.441838e-02;2.110574e-02;1.131246e-02;1.295145e-02
3.155049e-01;2.428205e-01;2.919138e-01;1.211257e-02;1.163711e-02;1.274574e-02;2.977694e-02;1.060564e-02;2.669945e-02;1.685518e-02;1.339456e-02;1.593356e-02
3.349167e-01;1.890299e-01;2.888618e-01;1.546891e-02;1.468608e-02;1.622227e-02;3.740808e-02;1.233471e-02;2.213940e-02;1.617100e-02;2.235879e-02;3.040238e-02
3.112821e-01;1.388368e-01;2.738323e-01;2.714078e-02;1.574129e-02;1.786892e-02;4.480263e-02;1.940029e-02;3.264326e-02;3.811675e-02;3.735688e-02;4.297803e-02
2.185309e-01;8.421724e-02;2.143573e-01;4.698978e-02;3.409950e-02;4.006776e-02;7.853685e-02;4.311372e-02;5.371622e-02;8.940957e-02;4.870846e-02;4.825268e-02
1.293655e-01;4.138894e-02;1.575727e-01;7.566223e-02;4.736397e-02;6.681695e-02;1.314081e-01;6.490605e-02;7.100935e-02;1.189560e-01;4.898136e-02;4.656877e-02
1.085451e-01;4.582998e-02;1.308871e-01;9.791983e-02;6.946393e-02;7.726662e-02;1.446927e-01;8.738251e-02;6.289665e-02;9.574046e-02;3.539577e-02;4.397931e-02
1.364371e-01;6.327340e-02;1.387973e-01;1.025847e-01;8.017980e-02;7.424545e-02;1.037587e-01;7.258549e-02;6.957959e-02;7.816407e-02;3.355730e-02;4.683714e-02
1.664326e-01;7.653134e-02;1.156552e-01;1.081255e-01;3.072869e-02;6.875163e-02;1.018184e-01;6.153400e-02;8.240913e-02;1.055247e-01;2.999643e-02;5.249231e-02
1.513526e-01;9.601298e-02;1.087149e-01;8.690250e-02;3.616334e-02;4.747106e-02;9.877566e-02;1.138977e-01;9.076913e-02;9.229693e-02;2.862983e-02;4.901336e-02
1.141218e-01;7.965039e-02;1.054766e-01;8.852091e-02;6.704697e-02;5.638792e-02;8.159622e-02;9.986077e-02;7.514086e-02;1.277791e-01;4.781232e-02;5.660620e-02
8.810420e-02;5.025994e-02;1.027407e-01;9.297860e-02;8.632097e-02;3.991286e-02;1.481879e-01;9.966918e-02;6.402854e-02;1.182864e-01;5.542517e-02;5.408558e-02
8.805677e-02;4.092900e-02;7.825088e-02;9.143198e-02;6.635585e-02;3.813126e-02;1.628112e-01;1.175135e-01;1.016071e-01;9.055912e-02;6.653026e-02;5.782307e-02
7.105342e-02;5.893305e-02;6.345166e-02;9.189322e-02;6.131939e-02;4.405012e-02;1.622615e-01;1.204210e-01;1.267450e-01;9.963369e-02;5.152343e-02;4.871453e-02
3.304720e-02;5.870848e-02;1.342076e-01;1.027753e-01;9.639510e-02;7.426169e-02;1.208478e-01;8.843972e-02;1.158910e-01;9.616746e-02;3.125622e-02;4.800243e-02
2.228892e-02;5.502914e-02;1.409068e-01;9.059281e-02;9.769586e-02;9.728288e-02;1.222977e-01;1.009153e-01;9.606779e-02;1.066840e-01;1.911318e-02;5.112560e-02
5.549933e-02;6.909827e-02;1.217449e-01;4.325446e-02;8.317028e-02;9.329041e-02;1.332989e-01;1.086741e-01;9.876164e-02;1.143665e-01;3.278530e-02;4.605595e-02
7.423217e-02;6.105337e-02;2.254523e-01;3.531117e-02;5.560365e-02;6.000331e-02;1.794109e-01;6.007942e-02;7.869974e-02;7.597527e-02;6.314638e-02;3.103229e-02
1.179810e-01;7.584861e-02;2.849314e-01;4.875366e-02;5.537919e-02;4.402675e-02;1.845205e-01;4.621063e-02;3.257389e-02;3.794628e-02;4.097991e-02;3.084815e-02
1.487356e-01;7.872516e-02;2.665187e-01;4.600964e-02;4.804840e-02;4.366975e-02;1.792075e-01;4.866635e-02;2.891791e-02;3.167212e-02;3.816392e-02;4.166505e-02
1.591562e-01;5.787404e-02;2.171811e-01;4.198822e-02;3.910482e-02;3.764006e-02;2.135632e-01;4.784370e-02;3.707312e-02;3.772960e-02;4.832867e-02;6.251734e-02
9.624066e-02;3.829315e-02;1.696674e-01;3.986256e-02;2.921180e-02;3.516741e-02;3.042135e-01;3.982432e-02;3.660297e-02;4.660841e-02;6.432249e-02;9.998541e-02
1.256030e-01;4.711436e-02;1.188938e-01;3.674705e-02;1.554612e-02;2.088172e-02;3.016312e-01;7.393115e-02;3.492057e-02;4.839820e-02;5.845475e-02;1.178780e-01
2.152602e-01;1.352398e-02;8.259074e-02;3.928433e-02;1.034700e-02;1.821821e-02;3.022293e-01;4.852557e-02;2.894499e-02;4.454218e-02;5.105748e-02;1.454760e-01
2.286106e-01;2.774243e-02;5.569215e-02;3.044712e-02;1.337244e-02;2.914234e-02;2.568242e-01;4.869252e-02;2.436484e-02;5.706342e-02;7.753965e-02;1.505083e-01
1.934118e-01;3.820061e-02;7.561806e-02;2.611156e-02;2.562176e-02;3.220590e-02;1.987040e-01;6.163332e-02;2.157049e-02;7.255698e-02;1.111918e-01;1.431736e-01
1.160187e-01;5.098058e-02;5.163442e-02;3.307568e-02;3.414504e-02;3.336458e-02;1.850850e-01;9.714080e-02;3.612576e-02;9.225465e-02;1.383826e-01;1.317922e-01
3.366421e-02;5.571090e-02;1.415934e-01;4.162589e-02;4.904503e-02;3.021608e-02;1.632393e-01;1.045065e-01;4.305249e-02;1.034062e-01;1.226455e-01;1.112945e-01
7.147891e-02;5.084739e-02;2.019567e-01;3.840499e-02;6.279200e-02;3.510465e-02;1.553767e-01;7.530756e-02;3.793110e-02;1.021765e-01;8.458488e-02;8.403866e-02
1.188294e-01;6.232935e-02;1.309295e-01;7.290827e-02;5.642300e-02;3.867612e-02;1.651822e-01;9.217491e-02;9.611280e-02;7.612440e-02;4.118023e-02;4.912972e-02
9.165049e-02;1.019263e-01;1.360940e-01;8.851813e-02;3.921805e-02;6.272999e-02;1.577342e-01;1.044080e-01;1.002124e-01;4.262938e-02;4.187231e-02;3.300685e-02
9.137750e-02;1.071523e-01;1.470115e-01;9.205128e-02;4.130292e-02;6.520448e-02;1.524042e-01;1.092184e-01;9.452110e-02;3.719173e-02;3.618814e-02;2.637640e-02
9.485051e-02;9.098899e-02;1.128342e-01;9.858102e-02;7.144827e-02;7.934686e-02;1.411907e-01;1.127475e-01;1.001058e-01;3.207215e-02;4.231274e-02;2.352129e-02
6.162689e-02;5.374802e-02;1.301988e-01;1.021690e-01;1.117762e-01;1.042031e-01;1.151781e-01;1.036054e-01;1.025188e-01;3.352904e-02;4.552252e-02;3.592409e-02
4.983318e-02;7.204433e-02;1.997893e-01;8.696562e-02;9.968353e-02;1.036754e-01;7.938230e-02;8.143957e-02;9.169540e-02;5.593909e-02;5.951161e-02;2.004070e-02
5.155105e-02;8.250228e-02;1.813298e-01;7.408649e-02;8.231167e-02;6.226787e-02;7.060493e-02;7.443091e-02;9.559417e-02;7.704716e-02;7.841569e-02;6.985805e-02
7.850087e-02;6.444344e-02;1.122539e-01;9.935271e-02;9.942870e-02;1.057928e-01;9.010714e-02;8.941577e-02;9.083419e-02;5.310623e-02;3.987966e-02;7.688466e-02
6.121171e-02;9.258486e-02;1.820133e-01;8.168977e-02;9.141145e-02;8.744019e-02;1.024756e-01;8.875976e-02;8.628798e-02;4.885609e-02;1.640258e-02;6.086675e-02
8.783954e-02;8.000682e-02;3.473935e-01;7.146568e-02;7.114761e-02;4.299276e-02;1.390764e-01;4.144683e-02;2.700362e-02;2.898147e-02;3.171808e-02;3.092765e-02
1.205619e-01;9.696941e-02;3.349607e-01;6.441169e-02;7.201788e-02;4.593595e-02;1.384393e-01;3.390031e-02;1.539138e-02;1.536732e-02;2.824256e-02;3.380153e-02
1.607488e-01;8.425993e-02;2.747468e-01;6.625986e-02;7.170229e-02;4.345417e-02;1.331572e-01;4.542560e-02;1.638714e-02;2.087988e-02;3.537669e-02;4.760158e-02
2.403427e-01;4.970822e-02;2.215628e-01;4.509097e-02;6.517027e-02;3.170140e-02;1.093905e-01;9.090534e-02;1.990986e-02;2.834473e-02;4.013090e-02;5.774234e-02
3.516415e-01;9.539598e-02;1.638398e-01;1.665633e-02;3.828318e-02;1.795259e-02;5.569987e-02;1.231810e-01;2.336683e-02;2.805859e-02;3.379161e-02;5.213274e-02
3.841285e-01;8.841442e-02;1.398220e-01;1.671267e-02;2.452936e-02;1.902954e-02;6.415409e-02;1.083748e-01;1.800595e-02;2.104494e-02;3.930707e-02;7.647662e-02
3.044135e-01;5.915452e-02;1.325441e-01;1.947062e-02;1.799303e-02;2.871118e-02;1.355248e-01;7.618991e-02;2.251614e-02;3.035537e-02;5.714094e-02;1.159859e-01
1.804274e-01;4.115268e-02;9.506971e-02;2.168389e-02;2.806043e-02;5.289829e-02;2.006799e-01;5.809436e-02;2.992462e-02;5.171305e-02;1.003654e-01;1.399302e-01
