2.473230e-01;1.143961e-01;2.235466e-01;3.736873e-02;4.147497e-02;3.612359e-02;9.969410e-02;5.367402e-02;4.211722e-02;3.557430e-02;2.988639e-02;3.882100e-02
3.290401e-01;1.092177e-01;1.485159e-01;3.168526e-02;2.813949e-02;3.099510e-02;9.225013e-02;7.723725e-02;2.982044e-02;4.150024e-02;2.865753e-02;5.294085e-02
3.016979e-01;9.654425e-02;9.426915e-02;5.436514e-02;3.071422e-02;3.063190e-02;1.178375e-01;8.703973e-02;2.285774e-02;5.137075e-02;3.672911e-02;7.594252e-02
2.006981e-01;6.127874e-02;7.306598e-02;9.347402e-02;3.428240e-02;3.529230e-02;1.810207e-01;7.751927e-02;1.995424e-02;6.717344e-02;6.119885e-02;9.504195e-02
1.397946e-01;4.778241e-02;1.343814e-01;8.870786e-02;3.779382e-02;5.905576e-02;1.829411e-01;4.897614e-02;3.637260e-02;7.243868e-02;7.771032e-02;7.404533e-02
1.921229e-01;6.925873e-02;1.258220e-01;5.808248e-02;5.277111e-02;6.695300e-02;1.179934e-01;7.807273e-02;4.072247e-02;6.971407e-02;7.645294e-02;5.203417e-02
2.327963e-01;9.286041e-02;1.230880e-01;4.189892e-02;3.865884e-02;5.931496e-02;1.264808e-01;9.741274e-02;2.631855e-02;4.909568e-02;5.882435e-02;5.325041e-02
2.114458e-01;9.736484e-02;1.714258e-01;3.705489e-02;3.683541e-02;6.238287e-02;9.954458e-02;9.885000e-02;2.673965e-02;4.203568e-02;5.334542e-02;6.297504e-02
7.869026e-02;9.230791e-02;2.141652e-01;6.095467e-02;5.569584e-02;6.790953e-02;9.614933e-02;1.053840e-01;5.312001e-02;4.587070e-02;5.265814e-02;7.709444e-02
1.873851e-01;9.144762e-02;1.841642e-01;6.180814e-02;4.048197e-02;6.541374e-02;1.017728e-01;7.044531e-02;5.549702e-02;4.275956e-02;4.318755e-02;5.563702e-02
2.846210e-01;7.962775e-02;1.344011e-01;3.730359e-02;4.284471e-02;6.445277e-02;8.823539e-02;5.111321e-02;5.350871e-02;4.672179e-02;5.593557e-02;6.123434e-02
2.610236e-01;5.479040e-02;8.782979e-02;6.059172e-02;6.344744e-02;4.858126e-02;1.152325e-01;4.738246e-02;6.281801e-02;8.552361e-02;4.645592e-02;6.632334e-02
1.733968e-01;6.362852e-02;1.047831e-01;1.088492e-01;6.922868e-02;4.470066e-02;8.528828e-02;5.594109e-02;8.722122e-02;1.200008e-01;2.419314e-02;6.276855e-02
1.073641e-01;6.416376e-02;1.786808e-01;1.117790e-01;6.146407e-02;4.899700e-02;9.050467e-02;6.019628e-02;8.486885e-02;1.191960e-01;2.707574e-02;4.570974e-02
1.009890e-01;8.864597e-02;2.647263e-01;6.758904e-02;6.433471e-02;5.480293e-02;1.162326e-01;5.009256e-02;8.022610e-02;6.535163e-02;2.877162e-02;1.823762e-02
9.920465e-02;1.071454e-01;2.567030e-01;4.958554e-02;6.306591e-02;5.632656e-02;1.311533e-01;6.151657e-02;7.865160e-02;4.750640e-02;2.832566e-02;2.081541e-02
7.795340e-02;1.521575e-01;2.289050e-01;4.986968e-02;5.962574e-02;5.462504e-02;1.456951e-01;6.171023e-02;6.657141e-02;4.301557e-02;3.535781e-02;2.451353e-02
9.845759e-02;1.938655e-01;1.598193e-01;3.761206e-02;4.552101e-02;4.747532e-02;1.231224e-01;8.114904e-02;7.510968e-02;7.610746e-02;4.124572e-02;2.051488e-02
1.524531e-01;2.045870e-01;1.630746e-01;2.243279e-02;2.239400e-02;2.747208e-02;8.834194e-02;5.643699e-02;1.371287e-01;8.127730e-02;3.041735e-02;1.398413e-02
1.443684e-01;2.477475e-01;1.646739e-01;2.211364e-02;1.659848e-02;2.535221e-02;6.691803e-02;1.159818e-02;2.071098e-01;6.162514e-02;2.154108e-02;1.035364e-02
1.046037e-01;2.493068e-01;1.649495e-01;2.859735e-02;1.253107e-02;4.039260e-02;4.264100e-02;8.967807e-03;2.914745e-01;3.605829e-02;1.213924e-02;8.338056e-03
8.033729e-02;2.289889e-01;1.543041e-01;3.059269e-02;6.857280e-03;5.208110e-02;2.243490e-02;1.936129e-02;3.643040e-01;2.823077e-02;6.756351e-03;5.751409e-03
6.925994e-02;2.159080e-01;1.130972e-01;2.821921e-02;6.854611e-03;6.572330e-02;1.420744e-02;1.394892e-02;4.429333e-01;1.732198e-02;3.523082e-03;9.002995e-03
5.751474e-02;1.951991e-01;9.233715e-02;2.443642e-02;6.927784e-03;6.661709e-02;6.063304e-03;1.341032e-02;4.953247e-01;2.797253e-02;5.340737e-03;8.856166e-03
4.821964e-02;1.818510e-01;7.971948e-02;2.252934e-02;7.062519e-03;6.129276e-02;1.098926e-02;1.910787e-02;5.391518e-01;2.046772e-02;4.537185e-03;5.071368e-03
4.460705e-02;1.748577e-01;6.079819e-02;2.303390e-02;8.594200e-03;5.696076e-02;1.085026e-02;3.435661e-02;5.662495e-01;1.069278e-02;3.753550e-03;5.245434e-03
4.174256e-02;1.709912e-01;5.573705e-02;2.330175e-02;6.928266e-03;6.035134e-02;6.718690e-03;3.521576e-02;5.746050e-01;1.147176e-02;4.517734e-03;8.418895e-03
3.525147e-02;1.526943e-01;8.005138e-02;1.987983e-02;4.584552e-03;5.530891e-02;7.526723e-03;2.898111e-02;5.657344e-01;2.789973e-02;5.227547e-03;1.686001e-02
2.196726e-02;1.200552e-01;1.400369e-01;1.741646e-02;6.490133e-03;2.715839e-02;9.508722e-03;2.292100e-02;5.450906e-01;6.310295e-02;6.949787e-03;1.930264e-02
1.853560e-02;8.710323e-02;2.205598e-01;1.426249e-02;6.869020e-03;2.568672e-02;1.100048e-02;2.910706e-02;4.416009e-01;1.180953e-01;1.200340e-02;1.517605e-02
1.139396e-02;9.487811e-02;2.815202e-01;1.358487e-02;1.364163e-02;3.248149e-02;2.400135e-02;1.502849e-02;3.398571e-01;1.494260e-01;1.251175e-02;1.167507e-02
4.734174e-02;1.061864e-01;2.874376e-01;1.918491e-02;1.755429e-02;3.177707e-02;1.974776e-02;1.346530e-02;2.911552e-01;1.374519e-01;1.377822e-02;1.491959e-02
7.471479e-02;9.730717e-02;2.632332e-01;2.070740e-02;1.579303e-02;3.880752e-02;2.373310e-02;2.432130e-02;3.117402e-01;1.008252e-01;1.352799e-02;1.528902e-02
6.795964e-02;8.444837e-02;2.475408e-01;2.590416e-02;2.180459e-02;4.362215e-02;2.362511e-02;5.207717e-02;3.209081e-01;7.136158e-02;2.037477e-02;2.037361e-02
5.718292e-02;9.262193e-02;2.842338e-01;3.082781e-02;2.086124e-02;2.806873e-02;3.788663e-02;5.945944e-02;2.590913e-01;7.122819e-02;1.928270e-02;3.925535e-02
4.255626e-02;6.957211e-02;2.577113e-01;2.308252e-02;1.787566e-02;2.674897e-02;3.739893e-02;3.999227e-02;3.715652e-01;6.624739e-02;1.621420e-02;3.103522e-02
4.176041e-02;5.352437e-02;2.440568e-01;2.355331e-02;1.335527e-02;3.471129e-02;3.776351e-02;3.798471e-02;3.930639e-01;7.675657e-02;1.687276e-02;2.659708e-02
3.667058e-02;5.892295e-02;2.615510e-01;2.161331e-02;1.878364e-02;4.053467e-02;4.797980e-02;3.166656e-02;3.880262e-01;5.636501e-02;1.475744e-02;2.312882e-02
1.721217e-02;7.934704e-02;2.854581e-01;2.679509e-02;2.628305e-02;5.385602e-02;5.200922e-02;3.843205e-02;3.516928e-01;3.533256e-02;1.939769e-02;1.418428e-02
3.704055e-02;9.266793e-02;2.467363e-01;2.263984e-02;2.705367e-02;7.010996e-02;3.472692e-02;3.376165e-02;3.326616e-01;6.966405e-02;1.773443e-02;1.520309e-02
4.703647e-02;1.214426e-01;1.963053e-01;2.809350e-02;2.369100e-02;8.715305e-02;2.810393e-02;4.130650e-02;3.447997e-01;6.200750e-02;8.539899e-03;1.152052e-02
4.786299e-02;1.199277e-01;1.436700e-01;4.859228e-02;4.287005e-02;9.263916e-02;5.749332e-02;3.984150e-02;3.163151e-01;5.738730e-02;1.763657e-02;1.576402e-02
3.288737e-02;1.162185e-01;1.075230e-01;5.739816e-02;4.843978e-02;7.613981e-02;8.716194e-02;3.797206e-02;2.885989e-01;8.389822e-02;3.919086e-02;2.457148e-02
4.605951e-02;1.119967e-01;8.916598e-02;4.989380e-02;4.241386e-02;5.615950e-02;8.166392e-02;4.259007e-02;2.934400e-01;8.692747e-02;5.933431e-02;4.035489e-02
4.243200e-02;1.159701e-01;8.548988e-02;3.508883e-02;2.923465e-02;8.806713e-02;7.827573e-02;3.415786e-02;2.999362e-01;6.688356e-02;7.076543e-02;5.369859e-02
3.756830e-02;1.352817e-01;1.606058e-01;4.075155e-02;3.275924e-02;8.498070e-02;8.958425e-02;3.266628e-02;2.526902e-01;3.239435e-02;5.067135e-02;5.004630e-02
3.881438e-02;1.183812e-01;2.767194e-01;5.790047e-02;5.140201e-02;7.191851e-02;1.267146e-01;3.314571e-02;1.442343e-01;3.086434e-02;2.713195e-02;2.277314e-02
7.965811e-02;1.392152e-01;3.320452e-01;5.439607e-02;4.199272e-02;6.813562e-02;9.901999e-02;2.545670e-02;9.442026e-02;2.885375e-02;1.586416e-02;2.094212e-02
1.082208e-01;1.948314e-01;3.381822e-01;4.190394e-02;2.371022e-02;8.645644e-02;5.417288e-02;2.075014e-02;8.682164e-02;1.474346e-02;1.176101e-02;1.844581e-02
1.355648e-01;2.169104e-01;3.320751e-01;3.212626e-02;2.804089e-02;9.798551e-02;2.520137e-02;1.217994e-02;8.179984e-02;1.607423e-02;8.912042e-03;1.312963e-02
1.779274e-01;1.825828e-01;2.904669e-01;2.384782e-02;8.160739e-02;7.030196e-02;3.053230e-02;1.960141e-02;8.295349e-02;2.041347e-02;6.693307e-03;1.307181e-02
2.110290e-01;1.328729e-01;2.035993e-01;2.627648e-02;1.505778e-01;4.370858e-02;4.835641e-02;3.793424e-02;9.110279e-02;2.756998e-02;9.484939e-03;1.748762e-02
2.327964e-01;1.025626e-01;9.860083e-02;7.077379e-02;1.456087e-01;3.317265e-02;7.518978e-02;6.690659e-02;8.277444e-02;3.665294e-02;1.821165e-02;3.674962e-02
2.231302e-01;9.646896e-02;4.520041e-02;1.347803e-01;6.449518e-02;2.512771e-02;1.396678e-01;9.823783e-02;5.506453e-02;3.797400e-02;2.079253e-02;5.906058e-02
1.423764e-01;6.150082e-02;8.169458e-02;1.667756e-01;2.226931e-02;2.832429e-02;2.407073e-01;1.052317e-01;2.962957e-02;3.368167e-02;1.598759e-02;7.182113e-02
9.445825e-02;3.969065e-02;6.649575e-02;1.734839e-01;1.501758e-02;3.207191e-02;3.507743e-01;8.285124e-02;2.305423e-02;2.515946e-02;1.392739e-02;8.301540e-02
8.059790e-02;3.207006e-02;4.868610e-02;1.443664e-01;1.234872e-02;4.634273e-02;4.263722e-01;6.920709e-02;1.271062e-02;1.816023e-02;1.561928e-02;9.351866e-02
3.019160e-02;3.119766e-02;7.381453e-02;9.307434e-02;1.863683e-02;7.328421e-02;4.611958e-01;6.088063e-02;1.110213e-02;1.990319e-02;2.627977e-02;1.004392e-01
6.489722e-02;3.896289e-02;1.044912e-01;5.238669e-02;1.701014e-02;1.230096e-01;4.061524e-01;2.728985e-02;1.570119e-02;1.762071e-02;4.561525e-02;8.686296e-02
5.540308e-02;3.696821e-02;1.561282e-01;5.255688e-02;2.173199e-02;1.795702e-01;3.160203e-01;1.233534e-02;2.731194e-02;1.689522e-02;6.594349e-02;5.913525e-02
3.837565e-02;2.673615e-02;1.867706e-01;9.186746e-02;4.008765e-02;1.975047e-01;2.262347e-01;1.402086e-02;2.587716e-02;1.671782e-02;7.181294e-02;6.399426e-02
3.355509e-02;1.946379e-02;2.036156e-01;1.031738e-01;4.891349e-02;2.001858e-01;1.747375e-01;1.759435e-02;2.220695e-02;2.395119e-02;7.414415e-02;7.845833e-02
2.794399e-02;1.675400e-02;1.865112e-01;8.531322e-02;3.484192e-02;1.846718e-01;1.807262e-01;2.728627e-02;3.171344e-02;3.957786e-02;8.240376e-02;1.022562e-01
4.499288e-02;2.839787e-02;1.266636e-01;1.289803e-01;3.641077e-02;1.570398e-01;1.883068e-01;1.467592e-02;4.286839e-02;6.196271e-02;8.142601e-02;8.827501e-02
6.270611e-02;2.899677e-02;1.288920e-01;1.130060e-01;3.623146e-02;1.069849e-01;1.733354e-01;2.519988e-02;5.567099e-02;6.976820e-02;1.083396e-01;9.086874e-02
1.006765e-01;1.614108e-02;1.463761e-01;8.519170e-02;5.436043e-02;9.951445e-02;1.035393e-01;3.726052e-02;5.284368e-02;5.169039e-02;1.344329e-01;1.179729e-01
1.110744e-01;2.892246e-02;1.257104e-01;8.126958e-02;4.224576e-02;1.042913e-01;1.624442e-01;3.110110e-02;3.801742e-02;3.779539e-02;1.243745e-01;1.127533e-01
9.400344e-02;2.803381e-02;1.521371e-01;6.445094e-02;3.427421e-02;8.632969e-02;2.034252e-01;3.471377e-02;3.794862e-02;2.689445e-02;1.126996e-01;1.250892e-01
5.161563e-02;4.258028e-02;1.385780e-01;6.981982e-02;3.968921e-02;6.468453e-02;2.643526e-01;5.323828e-02;3.857770e-02;3.227754e-02;1.139502e-01;9.063624e-02
5.001795e-02;3.237717e-02;1.001735e-01;8.925684e-02;5.145148e-02;9.547126e-02;3.102748e-01;4.918722e-02;3.795185e-02;2.937996e-02;9.732206e-02;5.713595e-02
7.098033e-02;2.698159e-02;7.417997e-02;1.024024e-01;4.252665e-02;1.009732e-01;2.932305e-01;3.860784e-02;3.599682e-02;2.021940e-02;7.742030e-02;1.164810e-01
9.325332e-02;4.338476e-02;1.012730e-01;8.335667e-02;4.187154e-02;7.876491e-02;2.070299e-01;5.698252e-02;5.114255e-02;4.038515e-02;6.374064e-02;1.388150e-01
7.623775e-02;5.054639e-02;1.087705e-01;7.381874e-02;7.028036e-02;7.633208e-02;1.382681e-01;7.257160e-02;6.723542e-02;1.001429e-01;5.626951e-02;1.095267e-01
4.655862e-02;7.310680e-02;1.175746e-01;8.202399e-02;5.974130e-02;8.964724e-02;1.582360e-01;6.186307e-02;6.873782e-02;1.003151e-01;5.027334e-02;9.192201e-02
7.288354e-02;3.804990e-02;2.340612e-01;7.004023e-02;6.161426e-02;1.068247e-01;1.645671e-01;8.253280e-02;2.664691e-02;5.729442e-02;2.656835e-02;5.891657e-02
1.159900e-01;7.701103e-02;2.292037e-01;5.618431e-02;6.853925e-02;9.789481e-02;1.471285e-01;6.988312e-02;4.210288e-02;3.379392e-02;3.207100e-02;3.019750e-02
1.430819e-01;1.305036e-01;1.873359e-01;4.640511e-02;7.909590e-02;9.095883e-02;1.104725e-01;5.391457e-02;7.423598e-02;3.281179e-02;3.038221e-02;2.080164e-02
1.735502e-01;1.827430e-01;1.449434e-01;4.448072e-02;9.551710e-02;7.291403e-02;6.905716e-02;4.416613e-02;1.181419e-01;1.937691e-02;2.176235e-02;1.334720e-02
1.931658e-01;2.267322e-01;1.076305e-01;2.734060e-02;8.831432e-02;4.375234e-02;5.473263e-02;4.900377e-02;1.643160e-01;2.357031e-02;1.256403e-02;8.877464e-03
1.743197e-01;2.827884e-01;9.878004e-02;3.417776e-02;5.257103e-02;2.976112e-02;3.237547e-02;3.254079e-02;2.265861e-01;2.254071e-02;5.450424e-03;8.108445e-03
1.282811e-01;3.143319e-01;1.112045e-01;2.496627e-02;2.659787e-02;4.716741e-02;3.119277e-02;1.565660e-02;2.608058e-01;2.282196e-02;1.064742e-02;6.326437e-03
8.909315e-02;2.880113e-01;1.970064e-01;1.790362e-02;1.065392e-02;4.586620e-02;2.749450e-02;9.271416e-03;2.487758e-01;5.189218e-02;7.685668e-03;6.345826e-03
6.579194e-02;1.951026e-01;3.258278e-01;1.703394e-02;1.663784e-02;2.835242e-02;2.262818e-02;5.804219e-03;1.954998e-01;1.132010e-01;8.773305e-03;5.346850e-03
4.378583e-02;7.254028e-02;4.688251e-01;2.060024e-02;1.952602e-02;1.970881e-02;3.282141e-02;6.725589e-03;1.283295e-01;1.731398e-01;9.304733e-03;4.692656e-03
3.522458e-02;3.208010e-02;4.764943e-01;7.438749e-02;1.307828e-02;2.032737e-02;3.601602e-02;1.253979e-02;7.661188e-02;1.713569e-01;4.452189e-02;7.361338e-03
3.380910e-02;4.280242e-02;3.105900e-01;2.086307e-01;2.768701e-02;1.601513e-02;3.413388e-02;1.517873e-02;9.471464e-02;1.013018e-01;1.046813e-01;1.045533e-02
2.468968e-02;3.002106e-02;1.838290e-01;3.414854e-01;5.332408e-02;1.948573e-02;3.236673e-02;3.038190e-02;8.597805e-02;1.680092e-02;1.607796e-01;2.085790e-02
1.160361e-02;3.760088e-02;1.533157e-01;3.439221e-01;7.201552e-02;2.216718e-02;2.901467e-02;5.552226e-02;4.845561e-02;2.785720e-02;1.716347e-01;2.689057e-02
6.831187e-03;4.804493e-02;1.451390e-01;3.318126e-01;1.220570e-01;2.859488e-02;1.879876e-02;7.672273e-02;1.600366e-02;3.818134e-02;1.311455e-01;3.666848e-02
1.053837e-02;2.778072e-02;2.714028e-01;2.382588e-01;1.375902e-01;3.564163e-02;3.387182e-02;5.623426e-02;4.388785e-02;3.928080e-02;5.713445e-02;4.837827e-02
1.875833e-02;2.347537e-02;2.667902e-01;1.377924e-01;1.888219e-01;4.371124e-02;3.332866e-02;3.302133e-02;7.176135e-02;3.774911e-02;7.531296e-02;6.947725e-02
2.110366e-02;2.483590e-02;1.887236e-01;1.228392e-01;2.013566e-01;4.397149e-02;4.058345e-02;3.358081e-02;7.380349e-02;3.471065e-02;1.410493e-01;7.344177e-02
2.212698e-02;4.569044e-02;2.411299e-01;1.426311e-01;1.641085e-01;4.086050e-02;4.275798e-02;4.155999e-02;5.423727e-02;4.039269e-02;1.227864e-01;4.171835e-02
3.066723e-02;5.285282e-02;3.661822e-01;1.267348e-01;1.209163e-01;3.348472e-02;3.262414e-02;6.225264e-02;4.232277e-02;3.754415e-02;6.968597e-02;2.473222e-02
2.862868e-02;5.858807e-02;4.361878e-01;7.822031e-02;1.120934e-01;3.077240e-02;3.664535e-02;6.467319e-02;4.004821e-02;4.225869e-02;3.965283e-02;3.223109e-02
2.137573e-02;5.047182e-02;3.985309e-01;1.123632e-01;1.106398e-01;3.062432e-02;2.752745e-02;4.766965e-02;3.491093e-02;5.778147e-02;8.298218e-02;2.512254e-02
1.632126e-02;5.060114e-02;3.900280e-01;1.078809e-01;8.169702e-02;2.308823e-02;3.416417e-02;4.262650e-02;3.967034e-02;7.959015e-02;1.042376e-01;3.009459e-02
1.139005e-02;5.832135e-02;4.249304e-01;1.075884e-01;7.148405e-02;2.311022e-02;3.220227e-02;3.646255e-02;3.889223e-02;6.208774e-02;8.426234e-02;4.926832e-02
2.980172e-02;9.040902e-02;4.322392e-01;9.709636e-02;5.852863e-02;2.003564e-02;5.242901e-02;2.685780e-02;2.972285e-02;2.563804e-02;8.254412e-02;5.469757e-02
1.092676e-01;1.498976e-01;3.890420e-01;6.471276e-02;3.104037e-02;1.511759e-02;4.711081e-02;4.552234e-02;2.911709e-02;2.499466e-02;3.881063e-02;5.536658e-02
1.941061e-01;1.565058e-01;3.110667e-01;6.438740e-02;4.997705e-02;1.679457e-02;2.617001e-02;6.323072e-02;2.740347e-02;1.303075e-02;3.251096e-02;4.481647e-02
2.058398e-01;1.067851e-01;2.470720e-01;1.019372e-01;6.906141e-02;1.614856e-02;3.685812e-02;8.152498e-02;4.266299e-02;1.699370e-02;4.113270e-02;3.398347e-02
1.747544e-01;7.245188e-02;1.504589e-01;1.550391e-01;9.167767e-02;2.736591e-02;6.560881e-02;9.204254e-02;6.583145e-02;2.596750e-02;4.124689e-02;3.755490e-02
1.197005e-01;6.226321e-02;2.234929e-01;1.370399e-01;7.898731e-02;3.048208e-02;1.033088e-01;4.691572e-02;6.202329e-02;4.241095e-02;4.991414e-02;4.346126e-02
1.312715e-01;7.044154e-02;2.513685e-01;1.398573e-01;6.313035e-02;2.298409e-02;8.055055e-02;5.432307e-02;5.963222e-02;3.497078e-02;6.211012e-02;2.935996e-02
1.199396e-01;7.208709e-02;2.780017e-01;1.281129e-01;7.143982e-02;2.053588e-02;4.956628e-02;7.709295e-02;6.772891e-02;4.505917e-02;5.002190e-02;2.041373e-02
1.200542e-01;8.952848e-02;2.559352e-01;1.142463e-01;8.594289e-02;2.395079e-02;4.008555e-02;8.984835e-02;6.512796e-02;5.157762e-02;3.952911e-02;2.417351e-02
1.087679e-01;6.908777e-02;1.713415e-01;1.738000e-01;7.072914e-02;3.134828e-02;6.827594e-02;8.211980e-02;5.497583e-02;4.350245e-02;6.465881e-02;6.139260e-02
5.927844e-02;6.817532e-02;2.665047e-01;1.473863e-01;8.233329e-02;3.226192e-02;8.348686e-02;5.388843e-02;4.012275e-02;2.820265e-02;7.945681e-02;5.890251e-02
6.597957e-02;7.326759e-02;2.469626e-01;1.084706e-01;1.064967e-01;3.522009e-02;9.006900e-02;5.345250e-02;4.328370e-02;4.192707e-02;9.533326e-02;3.953733e-02
1.078039e-01;4.007933e-02;2.045483e-01;8.389142e-02;1.114612e-01;3.246786e-02;7.954515e-02;7.396658e-02;4.902996e-02;5.575361e-02;1.134064e-01;4.804627e-02
1.332097e-01;4.828760e-02;2.386736e-01;5.517151e-02;8.212847e-02;3.516892e-02;7.178965e-02;8.458763e-02;3.749545e-02;5.769975e-02;8.753990e-02;6.824775e-02
1.596664e-01;4.466114e-02;1.275411e-01;7.026312e-02;6.834268e-02;3.963460e-02;9.262714e-02;8.904702e-02;7.624225e-02;8.346078e-02;6.665616e-02;8.185764e-02
1.436080e-01;4.466548e-02;1.721807e-01;5.082679e-02;5.945581e-02;4.745124e-02;1.341055e-01;7.680826e-02;7.931392e-02;6.118014e-02;7.113701e-02;5.926719e-02
1.350047e-01;8.503257e-02;1.870143e-01;6.273621e-02;4.909750e-02;4.780717e-02;9.106660e-02;6.945584e-02;6.895556e-02;4.519334e-02;9.543344e-02;6.320278e-02
9.381216e-02;1.001426e-01;1.737577e-01;1.011414e-01;5.134977e-02;3.668030e-02;1.200591e-01;6.569462e-02;5.749742e-02;4.316208e-02;8.139724e-02;7.530549e-02
7.334204e-02;1.106714e-01;1.096108e-01;1.494892e-01;5.848165e-02;4.173047e-02;1.520687e-01;5.995841e-02;4.381221e-02;5.392570e-02;6.215955e-02;8.474982e-02
9.015221e-02;9.644696e-02;1.474676e-01;1.103921e-01;6.997221e-02;5.639436e-02;1.100656e-01;7.037430e-02;4.936143e-02;4.759469e-02;5.612697e-02;9.565152e-02
7.075682e-02;7.448099e-02;1.834352e-01;5.947163e-02;8.200707e-02;6.203872e-02;1.729242e-01;6.728934e-02;5.142242e-02;4.538624e-02;4.871724e-02;8.207008e-02
4.077600e-02;6.298694e-02;1.939342e-01;5.493032e-02;6.148877e-02;6.435416e-02;2.434078e-01;5.634842e-02;4.561608e-02;5.003846e-02;5.113427e-02;7.498455e-02
5.550018e-02;6.132474e-02;2.179171e-01;5.230629e-02;4.709921e-02;4.630152e-02;2.344737e-01;7.209416e-02;7.750214e-02;5.144006e-02;3.411736e-02;4.992353e-02
5.678493e-02;1.094739e-01;1.750759e-01;5.746825e-02;8.138362e-02;4.473405e-02;1.591195e-01;7.685771e-02;9.881314e-02;6.986661e-02;2.618438e-02;4.423803e-02
7.711009e-02;9.553806e-02;1.493935e-01;7.501904e-02;8.603285e-02;5.244523e-02;9.174050e-02;6.890130e-02;1.053838e-01;1.021253e-01;3.538623e-02;6.092413e-02
7.662877e-02;7.787822e-02;1.784720e-01;6.173386e-02;9.186976e-02;6.284564e-02;1.462014e-01;5.053460e-02;9.253278e-02;1.001575e-01;2.332800e-02;3.781736e-02
7.098288e-02;7.251303e-02;2.524296e-01;4.674863e-02;6.722613e-02;7.067220e-02;1.647478e-01;4.186993e-02;7.234275e-02;8.952854e-02;2.020278e-02;3.073572e-02
5.938985e-02;9.159801e-02;2.893039e-01;8.106992e-02;4.455852e-02;5.820796e-02;1.002963e-01;5.185838e-02;5.609936e-02;9.445109e-02;1.937805e-02;5.378863e-02
4.915375e-02;9.136388e-02;2.343271e-01;1.144334e-01;5.767549e-02;4.855401e-02;8.081598e-02;7.333336e-02;4.890277e-02;9.917169e-02;4.724099e-02;5.502759e-02
6.794206e-02;6.524790e-02;2.239404e-01;1.324403e-01;4.502269e-02;3.485599e-02;7.558112e-02;1.003508e-01;7.026969e-02;6.983021e-02;7.030041e-02;4.421839e-02
7.220373e-02;8.943658e-02;2.101902e-01;1.057945e-01;4.527073e-02;4.856783e-02;6.741304e-02;8.901256e-02;8.412087e-02;7.418667e-02;5.895632e-02;5.484694e-02
7.849447e-02;9.374885e-02;1.959054e-01;4.756626e-02;4.091864e-02;4.367924e-02;1.178795e-01;7.630260e-02;8.922767e-02;9.445531e-02;6.401760e-02;5.780451e-02
1.087635e-01;8.874276e-02;1.655582e-01;4.479210e-02;7.432324e-02;3.542669e-02;1.450653e-01;7.431677e-02;7.894773e-02;7.383047e-02;6.933174e-02;4.090159e-02
1.414315e-01;9.098142e-02;9.912745e-02;8.254446e-02;9.434141e-02;5.175656e-02;1.084489e-01;7.331882e-02;8.243382e-02;6.355861e-02;8.035828e-02;3.169879e-02
1.280260e-01;8.862312e-02;1.157027e-01;9.729858e-02;8.006968e-02;5.334916e-02;7.334581e-02;7.060305e-02;9.349366e-02;8.208909e-02;5.973520e-02;5.766391e-02
7.630888e-02;1.155555e-01;1.088472e-01;9.274162e-02;8.026318e-02;8.780911e-02;1.089344e-01;7.217219e-02;8.641315e-02;6.989022e-02;3.515754e-02;6.590712e-02
6.001230e-02;1.054582e-01;1.250109e-01;9.715430e-02;6.793033e-02;9.964634e-02;1.762742e-01;4.806031e-02;7.824863e-02;7.936408e-02;2.969299e-02;3.314750e-02
7.291251e-02;7.119177e-02;1.870954e-01;9.542873e-02;5.814742e-02;5.397621e-02;1.843128e-01;3.886707e-02;6.719771e-02;1.004303e-01;3.418274e-02;3.625740e-02
9.663350e-02;8.133609e-02;1.814723e-01;7.331493e-02;7.199031e-02;4.118602e-02;1.487199e-01;4.581763e-02;6.698544e-02;8.952922e-02;5.316256e-02;4.985212e-02
1.194363e-01;9.982128e-02;1.522000e-01;3.846766e-02;8.956517e-02;4.631772e-02;1.348725e-01;5.485942e-02;6.279268e-02;7.152577e-02;5.820045e-02;7.194115e-02
1.143083e-01;8.029507e-02;1.466760e-01;5.614540e-02;7.543229e-02;5.498219e-02;1.077425e-01;4.855268e-02;9.953871e-02;9.208113e-02;7.642642e-02;4.781932e-02
9.701335e-02;5.175285e-02;1.329150e-01;5.641288e-02;5.275017e-02;4.998204e-02;1.420600e-01;4.135602e-02;1.353346e-01;1.055707e-01;1.035622e-01;3.129019e-02
9.598622e-02;4.461046e-02;9.518040e-02;4.306300e-02;7.120339e-02;4.508266e-02;2.590145e-01;6.234882e-02;9.340449e-02;8.314970e-02;6.093713e-02;4.601922e-02
5.530145e-02;6.343324e-02;1.319454e-01;5.919667e-02;4.964747e-02;4.466864e-02;1.438909e-01;8.278375e-02;1.581801e-01;1.236696e-01;5.375832e-02;3.352442e-02
6.502348e-02;6.643489e-02;1.291961e-01;5.269922e-02;5.877615e-02;3.030402e-02;1.253175e-01;8.606067e-02;1.664380e-01;1.222508e-01;7.514629e-02;2.235286e-02
7.440381e-02;4.537373e-02;1.040673e-01;5.400850e-02;6.969798e-02;3.250611e-02;1.499984e-01;1.195216e-01;1.644764e-01;7.978964e-02;8.038808e-02;2.576847e-02
7.723020e-02;3.579290e-02;9.032620e-02;4.881697e-02;6.156407e-02;5.008737e-02;1.792499e-01;1.325899e-01;1.371709e-01;7.685749e-02;7.862686e-02;3.168725e-02
8.107734e-02;9.143818e-02;7.988305e-02;3.242198e-02;3.749821e-02;6.097720e-02;1.805672e-01;1.396877e-01;1.439285e-01;6.330045e-02;6.874633e-02;2.047386e-02
9.246969e-02;1.524351e-01;9.039453e-02;2.463782e-02;3.167980e-02;5.638554e-02;1.251672e-01;1.069972e-01;2.241506e-01;3.667304e-02;4.988459e-02;9.124971e-03
9.722913e-02;2.116632e-01;1.216131e-01;2.550137e-02;1.562096e-02;8.240516e-02;7.247352e-02;5.372583e-02;2.578914e-01;2.281868e-02;3.217614e-02;6.881444e-03
1.093105e-01;2.172732e-01;1.549172e-01;2.480687e-02;1.047887e-02;9.236187e-02;6.724381e-02;7.313267e-02;2.001628e-01;1.478041e-02;2.352723e-02;1.200465e-02
1.382910e-01;2.078615e-01;1.879478e-01;2.338239e-02;1.760394e-02;8.331304e-02;5.207922e-02;7.408542e-02;1.566798e-01;1.888281e-02;2.559945e-02;1.427365e-02
1.663407e-01;1.794117e-01;1.784783e-01;1.801355e-02;1.995538e-02;6.364976e-02;6.285121e-02;7.983183e-02;1.623095e-01;2.141086e-02;3.185592e-02;1.589127e-02
1.502684e-01;1.533556e-01;1.394248e-01;2.092991e-02;1.851142e-02;4.926078e-02;5.121429e-02;8.468993e-02;2.311204e-01;3.740529e-02;3.829328e-02;2.552593e-02
1.091671e-01;1.583209e-01;8.866085e-02;3.397904e-02;2.946889e-02;3.316824e-02;5.745281e-02;6.613714e-02;2.980090e-01;4.786330e-02;3.861688e-02;3.915596e-02
1.515026e-01;1.572253e-01;7.692811e-02;2.443275e-02;3.806783e-02;5.643734e-02;5.872377e-02;6.544272e-02;2.476706e-01;5.614083e-02;3.649385e-02;3.093427e-02
1.635843e-01;1.560527e-01;9.597767e-02;1.589118e-02;3.908227e-02;6.799869e-02;8.204245e-02;7.757398e-02;1.820324e-01;6.402773e-02;4.027010e-02;1.546652e-02
1.438526e-01;1.403889e-01;1.462140e-01;2.442382e-02;6.240847e-02;4.209927e-02;8.980305e-02;6.190917e-02;1.802059e-01;7.096029e-02;2.310667e-02;1.462785e-02
1.016702e-01;8.883914e-02;1.893714e-01;3.342941e-02;6.272686e-02;2.483596e-02;7.666884e-02;9.667794e-02;1.860704e-01;6.648343e-02;5.532784e-02;1.789853e-02
7.840654e-02;7.048342e-02;1.910363e-01;3.350224e-02;5.473219e-02;4.760417e-02;6.994186e-02;1.248593e-01;1.919629e-01;5.705520e-02;6.199063e-02;1.842508e-02
7.154557e-02;7.707828e-02;1.683954e-01;4.126596e-02;7.515087e-02;4.646236e-02;1.040572e-01;9.620702e-02;1.743253e-01;8.671312e-02;4.522508e-02;1.357383e-02
7.332505e-02;5.992857e-02;1.264070e-01;6.593165e-02;7.617576e-02;5.808465e-02;1.138569e-01;9.968378e-02;1.652238e-01;9.524347e-02;3.889306e-02;2.724636e-02
4.863895e-02;4.281234e-02;1.473819e-01;9.643331e-02;8.538318e-02;6.698351e-02;1.616991e-01;8.921266e-02;8.725791e-02;7.755680e-02;7.136051e-02;2.527989e-02
2.725500e-02;2.657467e-02;2.158395e-01;1.146400e-01;8.550713e-02;6.304525e-02;1.410896e-01;6.486954e-02;4.758467e-02;8.693955e-02;1.049039e-01;2.175120e-02
1.894626e-02;2.037982e-02;3.223690e-01;9.728689e-02;4.939513e-02;3.723892e-02;9.691817e-02;4.316452e-02;3.889313e-02;1.369988e-01;1.301411e-01;8.268257e-03
2.474341e-02;1.431089e-02;4.128328e-01;4.144664e-02;1.934035e-02;1.736320e-02;8.896552e-02;1.970483e-02;2.901869e-02;2.060931e-01;1.200513e-01;6.129328e-03
3.015545e-02;1.014623e-02;4.308689e-01;3.814364e-02;1.742790e-02;1.374494e-02;1.110574e-01;1.531589e-02;2.466194e-02;2.375834e-01;6.445496e-02;6.439391e-03
3.067580e-02;6.721889e-03;4.155745e-01;3.752331e-02;8.552225e-03;1.113990e-02;1.271978e-01;2.142140e-02;4.920188e-02;2.185343e-01;6.526127e-02;8.195819e-03
2.924873e-02;7.988299e-03;3.459645e-01;6.266173e-02;1.408006e-02;1.258935e-02;1.228924e-01;2.633192e-02;6.332078e-02;1.735497e-01;1.367723e-01;4.600185e-03
2.388814e-02;1.140642e-02;2.265452e-01;1.773929e-01;2.055350e-02;1.218323e-02;8.334286e-02;3.390906e-02;5.377882e-02;1.152157e-01;2.342895e-01;7.494626e-03
1.640119e-02;2.529172e-02;1.248253e-01;2.606557e-01;2.428162e-02;1.863959e-02;3.813691e-02;6.524621e-02;3.608220e-02;6.315229e-02;3.149281e-01;1.235924e-02
1.287934e-02;4.176098e-02;9.561642e-02;2.422232e-01;3.192746e-02;1.927288e-02;3.005224e-02;9.299383e-02;2.098417e-02;5.296522e-02;3.292313e-01;3.009284e-02
9.043449e-03;4.318014e-02;1.047034e-01;1.936744e-01;5.702361e-02;1.241540e-02;2.984836e-02;9.737404e-02;2.332350e-02;9.816823e-02;2.747495e-01;5.649600e-02
1.516136e-02;2.707072e-02;1.063008e-01;1.815538e-01;1.124589e-01;1.818456e-02;3.910021e-02;7.520803e-02;3.144497e-02;1.240965e-01;1.887766e-01;8.064348e-02
1.559863e-02;2.659834e-02;1.162882e-01;1.629972e-01;1.919240e-01;2.671228e-02;4.353119e-02;4.011831e-02;3.846312e-02;1.110354e-01;1.222976e-01;1.044356e-01
1.909144e-02;2.856814e-02;1.177663e-01;1.295791e-01;1.957909e-01;3.176352e-02;7.291223e-02;6.303164e-02;3.356959e-02;7.388572e-02;1.334711e-01;1.005702e-01
3.271868e-02;3.438271e-02;1.302962e-01;1.043839e-01;1.715508e-01;4.931393e-02;1.102753e-01;7.410997e-02;2.787163e-02;5.506987e-02;1.329336e-01;7.709346e-02
2.739196e-02;3.097853e-02;1.053214e-01;1.044737e-01;1.806455e-01;7.275683e-02;1.661635e-01;7.894774e-02;2.520092e-02;5.805369e-02;1.048812e-01;4.518497e-02
1.548040e-02;2.498225e-02;1.149077e-01;9.296616e-02;2.323340e-01;8.735221e-02;1.474923e-01;6.921934e-02;2.618137e-02;7.118535e-02;8.693583e-02;3.096305e-02
1.727415e-02;1.609788e-02;1.338023e-01;5.910913e-02;2.322496e-01;7.018320e-02;1.145308e-01;5.867243e-02;2.452512e-02;8.095962e-02;9.440079e-02;9.819491e-02
1.692307e-02;1.629068e-02;1.008085e-01;6.964736e-02;2.589085e-01;6.083217e-02;7.323205e-02;7.534415e-02;4.472122e-02;1.034862e-01;1.156556e-01;6.415045e-02
1.226398e-02;9.763250e-03;5.757530e-02;7.562757e-02;2.907979e-01;7.264259e-02;1.161634e-01;7.408561e-02;1.058516e-01;7.950719e-02;5.894787e-02;4.677365e-02
7.397534e-03;8.590418e-03;4.463801e-02;7.875140e-02;2.785787e-01;8.226058e-02;1.162883e-01;4.238292e-02;1.382005e-01;4.513684e-02;7.304440e-02;8.473039e-02
1.440184e-02;1.690791e-02;5.967427e-02;7.316754e-02;2.793522e-01;9.233353e-02;9.343278e-02;3.364357e-02;1.416432e-01;3.755601e-02;5.645219e-02;1.014350e-01
1.895478e-02;1.561765e-02;1.471538e-01;1.053891e-01;2.398669e-01;7.150065e-02;1.125384e-01;5.827805e-02;9.548991e-02;2.747670e-02;2.961370e-02;7.812029e-02
1.648350e-02;2.859453e-02;2.968147e-01;1.273608e-01;1.504068e-01;4.862853e-02;8.924671e-02;7.171617e-02;4.187274e-02;2.853239e-02;5.875037e-02;4.159273e-02
1.864683e-02;2.893583e-02;3.789430e-01;1.088064e-01;1.372077e-01;3.292684e-02;5.770383e-02;6.595346e-02;2.856041e-02;4.512301e-02;7.045864e-02;2.673405e-02
2.160995e-02;5.124400e-02;3.477190e-01;9.303968e-02;1.333300e-01;4.002472e-02;8.125563e-02;5.554402e-02;3.567892e-02;2.932815e-02;8.177375e-02;2.945209e-02
1.302558e-02;7.295191e-02;3.012883e-01;9.416783e-02;1.377968e-01;4.344248e-02;5.507144e-02;6.143211e-02;5.036911e-02;4.148124e-02;9.471250e-02;3.426071e-02
2.722437e-02;6.863999e-02;3.120249e-01;9.127862e-02;1.176278e-01;3.981841e-02;7.480656e-02;4.538296e-02;4.635663e-02;4.656007e-02;8.352832e-02;4.675144e-02
1.486563e-02;7.020570e-02;4.361328e-01;4.448943e-02;9.296364e-02;2.506364e-02;5.292758e-02;3.188421e-02;4.679220e-02;7.240473e-02;5.282350e-02;5.944694e-02
1.986438e-02;4.850375e-02;4.545257e-01;6.800373e-02;1.074630e-01;1.849405e-02;5.598122e-02;4.357281e-02;3.057238e-02;8.025198e-02;3.393996e-02;3.882704e-02
1.633290e-02;2.846431e-02;3.394270e-01;1.241009e-01;1.385958e-01;3.583266e-02;7.151557e-02;4.295641e-02;2.312470e-02;6.235492e-02;6.333864e-02;5.395611e-02
1.300348e-02;1.931977e-02;1.944791e-01;1.471748e-01;1.955798e-01;5.647725e-02;5.585539e-02;5.293390e-02;2.579098e-02;3.666894e-02;8.455335e-02;1.181633e-01
9.351340e-03;2.324793e-02;7.908078e-02;1.241733e-01;2.685060e-01;5.401498e-02;5.915521e-02;5.408446e-02;2.742424e-02;2.954627e-02;7.592700e-02;1.954885e-01
1.247149e-02;6.023316e-02;1.098165e-01;1.236573e-01;2.372638e-01;3.588837e-02;3.102801e-02;3.675769e-02;2.880578e-02;3.738277e-02;9.347231e-02;1.932228e-01
1.332027e-02;9.900547e-02;1.277323e-01;1.709283e-01;1.417236e-01;2.024955e-02;2.204801e-02;4.465836e-02;3.009661e-02;5.102578e-02;1.633443e-01;1.158674e-01
1.347527e-02;1.270083e-01;1.010367e-01;2.006476e-01;8.774373e-02;1.670357e-02;2.026118e-02;6.011523e-02;2.570467e-02;5.647422e-02;2.171064e-01;7.372309e-02
1.147556e-02;1.428668e-01;6.679320e-02;2.047232e-01;6.883383e-02;2.014410e-02;1.026106e-02;8.042146e-02;1.914263e-02;5.473403e-02;2.501720e-01;7.043211e-02
9.057409e-03;1.316593e-01;8.869749e-02;1.825648e-01;6.054324e-02;2.721441e-02;2.070383e-02;1.048330e-01;2.616338e-02;5.734285e-02;2.390970e-01;5.212323e-02
7.194913e-03;1.109319e-01;1.098090e-01;1.725066e-01;7.226081e-02;2.722143e-02;2.018532e-02;1.335116e-01;3.202288e-02;6.710611e-02;2.202790e-01;2.697049e-02
1.066382e-02;9.431475e-02;1.276422e-01;2.070759e-01;8.274275e-02;2.614632e-02;1.974622e-02;1.596827e-01;2.466245e-02;6.293285e-02;1.705013e-01;1.388887e-02
7.738784e-03;1.060386e-01;1.383310e-01;2.325673e-01;9.298434e-02;3.323242e-02;1.993710e-02;1.587618e-01;2.496496e-02;5.358768e-02;1.209580e-01;1.089795e-02
1.242767e-02;1.167284e-01;1.334026e-01;2.163539e-01;1.128349e-01;2.916307e-02;3.058808e-02;1.388081e-01;2.588227e-02;7.337379e-02;8.847187e-02;2.196532e-02
1.525537e-02;1.135110e-01;1.342281e-01;1.924877e-01;1.267950e-01;2.719296e-02;3.942515e-02;1.109344e-01;4.343360e-02;9.712730e-02;6.882975e-02;3.077971e-02
1.667672e-02;1.145611e-01;1.460511e-01;1.553731e-01;1.235466e-01;3.423526e-02;5.485481e-02;7.962064e-02;6.834844e-02;9.474166e-02;7.419980e-02;3.779082e-02
1.750224e-02;1.246007e-01;1.537801e-01;1.467058e-01;1.224741e-01;2.808663e-02;5.394086e-02;6.277651e-02;7.199173e-02;7.002389e-02;1.034075e-01;4.471005e-02
1.387359e-02;1.670880e-01;1.323140e-01;1.659319e-01;1.065942e-01;2.291063e-02;3.849753e-02;8.114618e-02;5.979173e-02;4.882903e-02;1.160175e-01;4.700561e-02
9.105403e-03;2.104375e-01;1.126482e-01;1.735955e-01;1.038780e-01;2.084874e-02;3.217055e-02;7.342808e-02;4.199661e-02;4.249940e-02;1.284483e-01;5.094358e-02
1.448998e-02;1.975738e-01;1.227060e-01;2.004441e-01;9.145677e-02;3.158453e-02;1.300195e-02;6.067876e-02;2.882768e-02;4.102371e-02;1.503043e-01;4.790826e-02
2.113731e-02;1.363260e-01;1.373700e-01;2.302610e-01;7.338241e-02;3.668923e-02;2.946000e-02;6.879497e-02;3.048274e-02;4.885796e-02;1.564572e-01;3.078123e-02
1.165352e-02;8.650551e-02;1.601210e-01;2.458523e-01;7.664221e-02;4.418094e-02;3.880969e-02;8.983873e-02;2.446290e-02;5.312838e-02;1.527200e-01;1.608490e-02
1.730802e-02;5.747641e-02;1.942218e-01;2.494594e-01;5.392538e-02;4.424546e-02;5.035535e-02;8.089000e-02;1.758579e-02;2.728073e-02;1.822588e-01;2.499283e-02
1.722991e-02;8.502404e-02;2.195278e-01;2.044837e-01;3.940732e-02;3.261841e-02;5.657714e-02;4.705656e-02;1.837033e-02;4.002694e-02;2.067967e-01;3.288123e-02
2.191814e-02;8.457709e-02;1.900931e-01;1.807384e-01;7.198378e-02;3.296980e-02;8.342449e-02;4.943316e-02;2.775633e-02;3.596348e-02;1.896476e-01;3.149465e-02
1.539059e-02;6.712775e-02;2.182283e-01;1.895136e-01;9.453199e-02;3.618920e-02;7.893524e-02;7.368769e-02;2.565732e-02;1.925799e-02;1.582316e-01;2.324874e-02
1.367158e-02;6.331179e-02;2.666858e-01;2.292883e-01;1.010775e-01;3.822839e-02;3.223007e-02;8.021959e-02;1.785950e-02;1.239457e-02;1.190118e-01;2.602123e-02
1.032823e-02;4.011248e-02;3.079531e-01;2.816470e-01;9.165271e-02;4.842432e-02;2.172097e-02;6.059161e-02;9.357828e-03;1.215322e-02;1.016179e-01;1.444056e-02
1.383666e-02;1.947545e-02;3.433889e-01;2.804260e-01;8.245412e-02;4.183629e-02;2.278657e-02;4.020057e-02;8.330109e-03;1.596338e-02;1.173846e-01;1.391725e-02
1.443017e-02;2.344552e-02;3.524949e-01;2.433526e-01;8.356640e-02;3.652776e-02;4.640904e-02;4.728169e-02;1.029988e-02;1.841462e-02;1.100523e-01;1.372520e-02
1.493686e-02;3.994234e-02;4.479285e-01;1.876023e-01;7.687979e-02;3.460052e-02;2.370939e-02;6.104361e-02;1.400558e-02;2.074622e-02;5.984036e-02;1.876451e-02
1.545749e-02;5.107445e-02;4.769464e-01;1.452074e-01;6.006940e-02;3.535242e-02;2.696730e-02;4.596909e-02;2.413814e-02;3.418619e-02;6.481149e-02;1.982027e-02
2.445791e-02;3.773732e-02;4.201607e-01;1.040890e-01;5.969965e-02;2.616224e-02;7.882104e-02;4.465597e-02;4.255196e-02;6.665901e-02;7.449125e-02;2.051403e-02
3.270306e-02;2.819858e-02;4.179773e-01;6.912239e-02;4.659763e-02;2.574061e-02;9.502973e-02;6.017235e-02;5.931935e-02;9.816950e-02;4.642216e-02;2.054733e-02
2.906977e-02;3.070810e-02;3.840981e-01;1.272159e-01;4.258642e-02;3.105902e-02;7.071887e-02;6.656604e-02;4.750289e-02;9.658127e-02;4.934694e-02;2.454673e-02
1.624988e-02;3.764035e-02;3.205826e-01;1.764578e-01;6.080827e-02;4.596875e-02;6.865574e-02;6.921612e-02;2.823171e-02;7.137634e-02;8.118876e-02;2.362370e-02
1.840562e-02;3.818006e-02;3.087983e-01;1.985645e-01;8.538795e-02;4.120195e-02;4.766080e-02;7.446387e-02;2.480621e-02;4.777826e-02;1.033350e-01;1.141747e-02
1.810355e-02;4.209704e-02;2.962424e-01;2.032520e-01;1.153697e-01;4.038114e-02;1.664469e-02;6.381233e-02;2.655495e-02;7.426146e-02;9.258917e-02;1.069154e-02
1.093439e-02;3.159294e-02;2.789430e-01;1.970229e-01;1.439284e-01;4.384285e-02;4.167578e-02;4.864344e-02;1.345439e-02;1.142861e-01;5.669922e-02;1.897657e-02
9.610110e-03;1.966422e-02;2.586545e-01;1.784887e-01;1.957484e-01;5.128428e-02;1.848439e-02;4.042413e-02;1.320415e-02;1.507608e-01;3.289160e-02;3.078464e-02
1.323391e-02;2.059560e-02;1.954974e-01;1.199485e-01;2.724383e-01;6.752640e-02;6.248822e-02;2.362723e-02;2.941824e-02;1.229885e-01;1.583033e-02;5.640747e-02
1.526422e-02;1.470250e-02;1.339467e-01;8.849363e-02;3.216776e-01;8.127994e-02;1.061550e-01;2.536014e-02;4.870566e-02;5.094196e-02;4.086395e-02;7.260869e-02
7.762354e-03;9.896699e-03;1.199658e-01;5.469411e-02;2.948952e-01;1.038009e-01;1.867320e-01;3.204086e-02;8.393680e-02;2.112317e-02;3.247533e-02;5.267682e-02
1.308173e-02;1.061632e-02;1.125676e-01;5.929941e-02;2.820075e-01;1.363596e-01;2.083552e-01;2.804438e-02;8.389086e-02;2.534897e-02;1.687888e-02;2.354952e-02
2.215133e-02;1.194951e-02;1.293845e-01;6.410190e-02;3.240712e-01;1.664867e-01;1.105221e-01;3.626597e-02;5.337747e-02;3.845354e-02;2.080473e-02;2.243111e-02
1.631876e-02;1.360369e-02;1.149197e-01;5.147474e-02;2.454896e-01;1.542955e-01;2.751593e-01;3.066447e-02;3.445918e-02;3.373434e-02;1.975686e-02;1.012369e-02
2.949900e-02;1.380043e-02;1.048273e-01;4.178288e-02;1.561819e-01;2.273757e-01;3.199545e-01;2.930061e-02;2.547031e-02;2.417837e-02;1.989204e-02;7.736922e-03
5.024793e-02;8.403125e-03;7.665146e-02;3.315013e-02;1.496619e-01;2.772235e-01;2.984758e-01;3.371255e-02;1.584377e-02;2.078584e-02;1.940549e-02;1.643845e-02
5.293738e-02;9.599622e-03;5.538472e-02;2.260610e-02;1.599775e-01;2.849464e-01;3.195807e-01;3.532028e-02;1.648846e-02;1.997454e-02;1.549044e-02;7.693771e-03
4.874070e-02;1.224938e-02;3.664999e-02;2.202527e-02;1.795280e-01;2.952915e-01;3.024175e-01;3.394772e-02;1.351487e-02;2.559145e-02;1.151826e-02;1.852539e-02
4.630346e-02;1.032257e-02;2.076823e-02;2.523986e-02;1.916829e-01;3.130954e-01;3.031441e-01;3.098531e-02;1.300396e-02;2.732413e-02;1.080546e-02;7.324667e-03
3.821580e-02;1.080232e-02;3.739581e-02;3.220512e-02;2.024137e-01;3.013547e-01;2.932015e-01;2.630497e-02;1.385828e-02;2.432057e-02;1.254780e-02;7.379453e-03
3.450124e-02;1.230878e-02;5.553577e-02;3.624176e-02;2.242188e-01;2.871201e-01;2.707524e-01;1.356117e-02;1.263654e-02;1.762937e-02;1.295537e-02;2.253870e-02
2.335987e-02;2.070736e-02;8.448914e-02;3.672502e-02;2.455589e-01;2.557878e-01;2.395511e-01;1.190251e-02;2.143272e-02;1.292423e-02;1.274511e-02;3.481619e-02
2.452181e-02;2.660396e-02;1.073129e-01;2.929966e-02;2.935143e-01;2.404115e-01;1.721873e-01;1.436714e-02;2.689640e-02;1.236859e-02;1.168691e-02;4.082951e-02
1.795390e-02;1.816855e-02;1.257953e-01;3.931372e-02;3.270804e-01;2.046451e-01;1.445727e-01;1.377956e-02;3.105890e-02;9.468334e-03;1.175666e-02;5.640692e-02
1.350682e-02;1.736993e-02;1.182015e-01;6.162492e-02;3.592804e-01;1.478957e-01;1.244789e-01;1.228795e-02;3.920993e-02;1.447346e-02;9.335657e-03;8.233490e-02
2.441400e-02;2.247740e-02;9.391951e-02;7.150188e-02;3.687719e-01;1.093715e-01;1.134213e-01;1.699116e-02;4.175805e-02;1.929056e-02;8.756893e-03;1.093258e-01
3.307799e-02;1.622810e-02;1.182882e-01;1.034637e-01;3.385520e-01;8.738009e-02;9.820721e-02;1.549783e-02;2.794261e-02;2.165001e-02;1.039459e-02;1.293177e-01
3.739379e-02;3.463596e-02;1.825581e-01;1.601193e-01;2.494108e-01;4.469200e-02;9.582151e-02;1.005640e-02;2.985474e-02;2.657250e-02;2.114840e-02;1.077365e-01
2.640394e-02;3.639713e-02;2.591855e-01;1.900646e-01;1.784057e-01;4.095788e-02;1.019119e-01;1.410826e-02;2.736214e-02;2.595574e-02;4.076083e-02;5.848644e-02
2.949129e-02;2.027573e-02;3.302681e-01;1.575267e-01;1.723944e-01;6.399318e-02;8.741222e-02;1.159947e-02;2.088976e-02;1.930548e-02;4.157168e-02;4.527193e-02
2.572234e-02;2.843165e-02;3.953273e-01;1.156988e-01;1.604947e-01;6.774976e-02;8.149449e-02;1.388605e-02;2.190260e-02;1.939151e-02;3.054667e-02;3.935422e-02
3.854325e-02;2.264445e-02;3.579818e-01;7.456052e-02;1.710957e-01;6.257510e-02;8.664669e-02;2.035086e-02;2.467926e-02;2.797422e-02;2.335704e-02;8.959115e-02
4.324846e-02;2.716632e-02;3.208275e-01;4.838151e-02;1.942357e-01;5.527812e-02;6.389924e-02;1.697966e-02;3.503878e-02;2.726083e-02;2.057211e-02;1.471117e-01
2.949781e-02;2.462656e-02;3.571548e-01;6.052883e-02;1.828541e-01;4.920963e-02;8.181980e-02;1.564331e-02;4.285564e-02;1.981669e-02;1.713841e-02;1.188544e-01
2.437528e-02;2.616083e-02;3.667900e-01;1.007253e-01;1.843237e-01;5.790534e-02;7.922138e-02;2.260427e-02;3.905322e-02;1.647330e-02;1.485753e-02;6.750990e-02
3.055505e-02;2.512725e-02;3.337507e-01;1.288018e-01;2.166460e-01;9.140921e-02;4.699638e-02;1.309055e-02;3.043170e-02;1.789839e-02;3.051106e-02;3.478198e-02
