1.090720e-01;6.555117e-02;1.991752e-01;8.899931e-02;7.733549e-02;5.075108e-02;7.699352e-02;9.639566e-02;7.717132e-02;6.169996e-02;6.189651e-02;3.495883e-02
9.702372e-02;5.681774e-02;2.980650e-01;7.187462e-02;9.119496e-02;6.406308e-02;9.233486e-02;5.951714e-02;5.223337e-02;5.120864e-02;2.768657e-02;3.798031e-02
1.032185e-01;1.038756e-01;3.256228e-01;8.318722e-02;7.078185e-02;5.280063e-02;1.032527e-01;3.238499e-02;4.153064e-02;2.815175e-02;3.166085e-02;2.353243e-02
1.655221e-01;1.290754e-01;2.423050e-01;7.510649e-02;7.527501e-02;4.167898e-02;1.117903e-01;4.163498e-02;3.798816e-02;2.645892e-02;2.378636e-02;2.937834e-02
2.469560e-01;1.473284e-01;1.582534e-01;5.611209e-02;8.350143e-02;3.543529e-02;1.095307e-01;5.598555e-02;3.735187e-02;1.952280e-02;2.031532e-02;2.970708e-02
3.127368e-01;1.474993e-01;1.504651e-01;3.533823e-02;8.595978e-02;2.991409e-02;7.136509e-02;6.779838e-02;3.024019e-02;1.440297e-02;2.027586e-02;3.400427e-02
3.050748e-01;1.112401e-01;1.691702e-01;4.661030e-02;7.986654e-02;1.863263e-02;6.111682e-02;8.451048e-02;2.548913e-02;1.422042e-02;2.832870e-02;5.573988e-02
2.189892e-01;6.460509e-02;1.416234e-01;6.932352e-02;4.754686e-02;3.280616e-02;1.374305e-01;8.854837e-02;2.930578e-02;3.570544e-02;4.684011e-02;8.727548e-02
2.058160e-01;8.224966e-02;1.046347e-01;6.378317e-02;4.454199e-02;5.025690e-02;2.184261e-01;4.487076e-02;3.527989e-02;4.380753e-02;5.276255e-02;5.357073e-02
2.030786e-01;1.005839e-01;1.276275e-01;4.286068e-02;3.656464e-02;6.797222e-02;1.906608e-01;5.513741e-02;4.580216e-02;3.873842e-02;5.302426e-02;3.794937e-02
2.193369e-01;1.136877e-01;1.349119e-01;4.130934e-02;3.511835e-02;7.637586e-02;1.023423e-01;6.680883e-02;4.718144e-02;5.215601e-02;7.483537e-02;3.593605e-02
1.874229e-01;1.019752e-01;1.161790e-01;4.060871e-02;3.998305e-02;8.700601e-02;6.944901e-02;8.264600e-02;6.256025e-02;6.843494e-02;1.060956e-01;3.763943e-02
9.920832e-02;7.926520e-02;1.383771e-01;3.307518e-02;5.089675e-02;9.926162e-02;9.932941e-02;9.038631e-02;6.014655e-02;7.026224e-02;1.225031e-01;5.728830e-02
1.438323e-01;6.940969e-02;1.908152e-01;3.241828e-02;6.820396e-02;8.238430e-02;9.649746e-02;6.367272e-02;3.553441e-02;6.107753e-02;1.026393e-01;5.351480e-02
1.875249e-01;5.963389e-02;1.684116e-01;2.591055e-02;8.128607e-02;7.412971e-02;1.039344e-01;5.057803e-02;4.885878e-02;6.649168e-02;9.537639e-02;3.786397e-02
2.445271e-01;5.868008e-02;1.148212e-01;3.464293e-02;9.652710e-02;6.185564e-02;5.135071e-02;3.313389e-02;7.212057e-02;7.835205e-02;1.036790e-01;5.030975e-02
2.156655e-01;5.357959e-02;7.977390e-02;4.610083e-02;8.389039e-02;5.574827e-02;1.128812e-01;6.093008e-02;6.714403e-02;7.229508e-02;9.424176e-02;5.774935e-02
1.590333e-01;4.474099e-02;8.756462e-02;4.498744e-02;5.470096e-02;1.015195e-01;1.663545e-01;9.252439e-02;4.067311e-02;5.985656e-02;8.651850e-02;6.152606e-02
1.431655e-01;4.822593e-02;8.077482e-02;3.974102e-02;4.003828e-02;1.342406e-01;1.617126e-01;9.961286e-02;3.137118e-02;5.731981e-02;1.191968e-01;4.460062e-02
1.324320e-01;5.324062e-02;1.255939e-01;3.884728e-02;5.135085e-02;9.724475e-02;1.384893e-01;7.977699e-02;5.735877e-02;7.221372e-02;1.078591e-01;4.559282e-02
1.927428e-01;1.067352e-01;1.369617e-01;7.750377e-02;7.368566e-02;3.563807e-02;1.138696e-01;6.852747e-02;4.344365e-02;5.680266e-02;4.558945e-02;4.849998e-02
2.717734e-01;1.450340e-01;1.452738e-01;7.799871e-02;6.712107e-02;3.280190e-02;7.071117e-02;7.800335e-02;3.290784e-02;3.424595e-02;1.707064e-02;2.705825e-02
3.451935e-01;1.548141e-01;1.262801e-01;4.994254e-02;7.383449e-02;2.423088e-02;3.528083e-02;9.902892e-02;3.132518e-02;2.021392e-02;9.640764e-03;3.021482e-02
3.985167e-01;1.081354e-01;7.556822e-02;2.630578e-02;7.707778e-02;1.641456e-02;6.617536e-02;1.585189e-01;1.639230e-02;1.064453e-02;7.080320e-03;3.917008e-02
3.855616e-01;2.925818e-02;4.962090e-02;3.092471e-02;6.545010e-02;1.490491e-02;9.812321e-02;2.346345e-01;1.427360e-02;8.302514e-03;8.638824e-03;6.030702e-02
3.522537e-01;2.749780e-02;2.448395e-02;2.667417e-02;5.058406e-02;1.734799e-02;1.390282e-01;2.555908e-01;1.233895e-02;8.265991e-03;1.100708e-02;7.492726e-02
3.285637e-01;4.473760e-02;3.097446e-02;2.388584e-02;3.665167e-02;2.302146e-02;1.764525e-01;2.096311e-01;1.658935e-02;8.727568e-03;7.349093e-03;9.341554e-02
2.585507e-01;4.285261e-02;3.042535e-02;3.590479e-02;2.234551e-02;2.466518e-02;2.498139e-01;1.709141e-01;1.477269e-02;1.713881e-02;8.963042e-03;1.236533e-01
1.523563e-01;3.018021e-02;2.490526e-02;6.217862e-02;8.383003e-03;2.334612e-02;3.416728e-01;1.702254e-01;1.075780e-02;2.722653e-02;1.048785e-02;1.382801e-01
6.392731e-02;2.018414e-02;2.429509e-02;9.925766e-02;7.319732e-03;2.833463e-02;3.990478e-01;1.730147e-01;8.029606e-03;3.355204e-02;1.307563e-02;1.299618e-01
7.262520e-02;1.620290e-02;2.884658e-02;1.343184e-01;1.619646e-02;4.159420e-02;3.745871e-01;1.502575e-01;1.197759e-02;2.770287e-02;2.599582e-02;9.969548e-02
6.503986e-02;2.402734e-02;4.945170e-02;1.798975e-01;3.067653e-02;4.518362e-02;3.047176e-01;1.047328e-01;1.954001e-02;5.279725e-02;3.951953e-02;8.441620e-02
1.028854e-01;2.656499e-02;6.898612e-02;2.145989e-01;3.406936e-02;4.254784e-02;2.047063e-01;5.173107e-02;1.565981e-02;9.663931e-02;3.445956e-02;1.071514e-01
1.713619e-01;4.100306e-02;5.615238e-02;2.259240e-01;2.224702e-02;3.198490e-02;1.840506e-01;4.198715e-02;1.179041e-02;7.988033e-02;2.388167e-02;1.097366e-01
1.778924e-01;3.815973e-02;3.574759e-02;2.516505e-01;2.334919e-02;2.774031e-02;2.244470e-01;4.420892e-02;1.031508e-02;4.620932e-02;3.357904e-02;8.670100e-02
1.669237e-01;1.896071e-02;2.784660e-02;2.103948e-01;2.999460e-02;4.725815e-02;2.637309e-01;8.075519e-02;1.932134e-02;3.197055e-02;4.581754e-02;5.702587e-02
1.693708e-01;4.159967e-02;3.016731e-02;9.922504e-02;2.288109e-02;5.644916e-02;2.530933e-01;1.195844e-01;2.771497e-02;3.953886e-02;5.486402e-02;8.551130e-02
1.864412e-01;5.515745e-02;3.683933e-02;7.501894e-02;2.297903e-02;5.666367e-02;1.975674e-01;1.462764e-01;2.393977e-02;4.564012e-02;5.066768e-02;1.028089e-01
1.744949e-01;4.876789e-02;6.362822e-02;6.895901e-02;3.343300e-02;3.683690e-02;1.797783e-01;1.677482e-01;1.552393e-02;5.914822e-02;5.100915e-02;1.006723e-01
1.273712e-01;4.472819e-02;6.319991e-02;7.028493e-02;5.329487e-02;2.139918e-02;1.579294e-01;1.967102e-01;1.613033e-02;8.410280e-02;5.494057e-02;1.099085e-01
1.175320e-01;8.781786e-02;7.176952e-02;8.430411e-02;5.436274e-02;3.509515e-02;1.033094e-01;1.632328e-01;3.436998e-02;7.943668e-02;7.162570e-02;9.714407e-02
2.162789e-01;1.078263e-01;7.469823e-02;6.765961e-02;2.333504e-02;5.345127e-02;1.898280e-01;7.807007e-02;3.781711e-02;3.986951e-02;4.150796e-02;6.965789e-02
2.185193e-01;8.808949e-02;8.436701e-02;6.323005e-02;1.552052e-02;5.908695e-02;1.813532e-01;8.972419e-02;7.074196e-02;4.450583e-02;2.553301e-02;5.932846e-02
2.345790e-01;3.882205e-02;7.780325e-02;5.222579e-02;1.773738e-02;6.292833e-02;1.673260e-01;1.183798e-01;1.213495e-01;4.327106e-02;1.552117e-02;5.005674e-02
2.546376e-01;3.331904e-02;5.985065e-02;3.089095e-02;6.698421e-02;4.799320e-02;1.156824e-01;1.744397e-01;1.203391e-01;2.728690e-02;1.534750e-02;5.322872e-02
2.899580e-01;6.264423e-02;6.810892e-02;2.294202e-02;1.371281e-01;2.648671e-02;7.172798e-02;1.890865e-01;6.917207e-02;1.194937e-02;1.046313e-02;4.033295e-02
3.289274e-01;1.062107e-01;5.980686e-02;1.950942e-02;1.827920e-01;1.675420e-02;5.963385e-02;1.306726e-01;3.728668e-02;2.078375e-02;1.283838e-02;2.478397e-02
3.068316e-01;1.526959e-01;6.514068e-02;1.688659e-02;1.280537e-01;1.259573e-02;8.659126e-02;9.093876e-02;4.520731e-02;5.699350e-02;1.236308e-02;2.570183e-02
2.616803e-01;1.929901e-01;5.819357e-02;1.806875e-02;6.644449e-02;1.091574e-02;1.065794e-01;7.640119e-02;7.091704e-02;9.845300e-02;1.478368e-02;2.457276e-02
1.810627e-01;2.410592e-01;8.306496e-02;3.878139e-02;4.726961e-02;2.998093e-02;7.965761e-02;5.423010e-02;1.214026e-01;9.624204e-02;9.977605e-03;1.727127e-02
1.313307e-01;2.809482e-01;1.109865e-01;6.088042e-02;1.411513e-02;8.497842e-02;4.087552e-02;3.762896e-02;1.727456e-01;4.649296e-02;6.908365e-03;1.210932e-02
1.175346e-01;2.758220e-01;1.590024e-01;5.640282e-02;4.742346e-03;1.323882e-01;1.656690e-02;3.740601e-02;1.682008e-01;1.701939e-02;3.519919e-03;1.139459e-02
1.147413e-01;2.659322e-01;2.140726e-01;4.206364e-02;8.424153e-03;1.255361e-01;1.250502e-02;4.965762e-02;1.352412e-01;1.890449e-02;3.118672e-03;9.802910e-03
1.208335e-01;2.235683e-01;2.910935e-01;1.863430e-02;2.060856e-02;7.634855e-02;1.700987e-02;7.652733e-02;1.092025e-01;3.140173e-02;3.831055e-03;1.094079e-02
7.656918e-02;1.298898e-01;4.068683e-01;2.134269e-02;3.349465e-02;5.635619e-02;1.617116e-02;8.718854e-02;9.812700e-02;5.895206e-02;3.603957e-03;1.143654e-02
5.922858e-02;1.137501e-01;4.606477e-01;1.992881e-02;6.063517e-02;3.095522e-02;2.858675e-02;4.966442e-02;5.674167e-02;1.052155e-01;4.005731e-03;1.064037e-02
2.280133e-02;7.858744e-02;4.740472e-01;1.942997e-02;1.161435e-01;1.816001e-02;4.876619e-02;3.046344e-02;3.632287e-02;1.437300e-01;3.437223e-03;8.110863e-03
1.849156e-02;5.059433e-02;4.488301e-01;2.823574e-02;1.483023e-01;2.036336e-02;7.773765e-02;2.275327e-02;3.292078e-02;1.422199e-01;4.793084e-03;4.757894e-03
1.646181e-02;3.465917e-02;4.551188e-01;3.248301e-02;1.570317e-01;2.497197e-02;1.011109e-01;2.076447e-02;2.820515e-02;1.197583e-01;5.357155e-03;4.077520e-03
2.316451e-02;1.988294e-02;4.766782e-01;4.110749e-02;1.317502e-01;2.006200e-02;1.186707e-01;1.415984e-02;3.560736e-02;1.040071e-01;9.911503e-03;4.998080e-03
3.680434e-02;1.021784e-02;4.563262e-01;6.484692e-02;1.044307e-01;1.238611e-02;1.054045e-01;1.052554e-02;7.866825e-02;1.004090e-01;1.694076e-02;3.039774e-03
3.973754e-02;2.374233e-02;4.528659e-01;8.313626e-02;5.488904e-02;1.196397e-02;7.535312e-02;1.853153e-02;1.409505e-01;6.717362e-02;2.580741e-02;5.848774e-03
3.014342e-02;4.700321e-02;4.517283e-01;1.068977e-01;3.354044e-02;1.908620e-02;5.679910e-02;2.509079e-02;1.468574e-01;3.987343e-02;3.327550e-02;9.704499e-03
4.815656e-02;7.420358e-02;3.973467e-01;1.032966e-01;6.573323e-02;3.818612e-02;7.528316e-02;2.872737e-02;9.236778e-02;3.583470e-02;3.031354e-02;1.055061e-02
6.409500e-02;8.014618e-02;3.756737e-01;7.386233e-02;9.355907e-02;5.299741e-02;9.669026e-02;3.628976e-02;4.933184e-02;3.567008e-02;3.087493e-02;1.080941e-02
1.003057e-01;3.411134e-02;3.652627e-01;1.064393e-01;9.764802e-02;3.932950e-02;7.978850e-02;5.704235e-02;3.339742e-02;3.725160e-02;3.145729e-02;1.796633e-02
1.418744e-01;1.417851e-01;3.229680e-01;7.698642e-02;8.752742e-02;2.415933e-02;4.645856e-02;4.142876e-02;4.404019e-02;4.190766e-02;1.464698e-02;1.621717e-02
1.524363e-01;2.296540e-01;3.512377e-01;4.067611e-02;5.752690e-02;1.772974e-02;2.879080e-02;2.381203e-02;4.454434e-02;3.224670e-02;1.226496e-02;9.080368e-03
2.264773e-01;2.721736e-01;2.511251e-01;2.779537e-02;3.783442e-02;1.519047e-02;3.850085e-02;2.579016e-02;3.912969e-02;3.405399e-02;1.871419e-02;1.321496e-02
3.299555e-01;2.533152e-01;1.215487e-01;1.519478e-02;4.074727e-02;1.760090e-02;5.781570e-02;4.687005e-02;2.542292e-02;4.622241e-02;1.889951e-02;2.640709e-02
2.802988e-01;1.524259e-01;1.835003e-01;2.791475e-02;5.748355e-02;2.463383e-02;6.728260e-02;5.317951e-02;3.455084e-02;5.415530e-02;2.084437e-02;4.373022e-02
1.762673e-01;8.654799e-02;1.366798e-01;4.154560e-02;4.771688e-02;3.487359e-02;1.437786e-01;5.315436e-02;6.497226e-02;8.724757e-02;3.417157e-02;9.304446e-02
2.250516e-01;8.634176e-02;1.065807e-01;4.606869e-02;5.008756e-02;2.353381e-02;1.608506e-01;4.527654e-02;5.370209e-02;6.855904e-02;3.735782e-02;9.658980e-02
1.698845e-01;9.674915e-02;1.141507e-01;4.636446e-02;7.690229e-02;3.191220e-02;1.728810e-01;5.034000e-02;5.667068e-02;5.925911e-02;4.734058e-02;7.754522e-02
1.449908e-01;1.086476e-01;1.088233e-01;3.637471e-02;7.739191e-02;4.099954e-02;1.635420e-01;4.534017e-02;5.608917e-02;7.236274e-02;6.998689e-02;7.545108e-02
2.005527e-01;1.178007e-01;1.719866e-01;2.794805e-02;5.189592e-02;4.932871e-02;8.934974e-02;3.163020e-02;5.086338e-02;7.048891e-02;7.275140e-02;6.540370e-02
1.415100e-01;8.114195e-02;2.001750e-01;5.801276e-02;4.959805e-02;7.908723e-02;6.405091e-02;3.060015e-02;6.433828e-02;9.032211e-02;9.948131e-02;4.168221e-02
1.211514e-01;7.819641e-02;2.143209e-01;4.234060e-02;8.711478e-02;7.158589e-02;7.142586e-02;4.194528e-02;4.148755e-02;1.068016e-01;8.257782e-02;4.105191e-02
1.880234e-01;8.547875e-02;2.345475e-01;5.762257e-02;8.788297e-02;3.871729e-02;7.504358e-02;2.721228e-02;2.436037e-02;8.320290e-02;5.179302e-02;4.611535e-02
2.113197e-01;5.154596e-02;2.629435e-01;5.649142e-02;8.268516e-02;3.801960e-02;9.178922e-02;2.411521e-02;2.467702e-02;7.450042e-02;3.811792e-02;4.379490e-02
1.966120e-01;5.232975e-02;2.568370e-01;6.739818e-02;6.803581e-02;4.142287e-02;7.352261e-02;2.083619e-02;2.935751e-02;8.075039e-02;6.130888e-02;5.158882e-02
1.567051e-01;5.220869e-02;2.666413e-01;5.507120e-02;5.109839e-02;5.160107e-02;6.670058e-02;3.732296e-02;3.785294e-02;8.238026e-02;8.067525e-02;6.174233e-02
1.442854e-01;6.088381e-02;2.453079e-01;4.341282e-02;5.027259e-02;6.903927e-02;8.547792e-02;3.836423e-02;6.200911e-02;6.889681e-02;9.172101e-02;4.032904e-02
1.760300e-01;9.273730e-02;1.572092e-01;4.942646e-02;3.749461e-02;7.501829e-02;8.309439e-02;3.042717e-02;9.386525e-02;5.192086e-02;9.801690e-02;5.475963e-02
1.742603e-01;9.747239e-02;1.585584e-01;5.333358e-02;1.704437e-02;5.612459e-02;9.275570e-02;2.281290e-02;7.991539e-02;4.660395e-02;7.513915e-02;1.259792e-01
1.792155e-01;1.228924e-01;1.788393e-01;4.516212e-02;2.228225e-02;3.262448e-02;1.084298e-01;2.277462e-02;4.128627e-02;5.572077e-02;4.079647e-02;1.499760e-01
1.914136e-01;9.958981e-02;1.272498e-01;5.761555e-02;3.201054e-02;3.120823e-02;1.288548e-01;2.870040e-02;2.885929e-02;6.889198e-02;5.775814e-02;1.478478e-01
1.977918e-01;8.525494e-02;9.772865e-02;5.405202e-02;3.969891e-02;3.191660e-02;1.640346e-01;4.020045e-02;2.929285e-02;6.792154e-02;6.898863e-02;1.231190e-01
1.508361e-01;7.668756e-02;7.951890e-02;4.361806e-02;5.800055e-02;3.774971e-02;1.956451e-01;4.507142e-02;5.133222e-02;9.150965e-02;7.587764e-02;9.415311e-02
5.359671e-02;7.247242e-02;1.292144e-01;3.826177e-02;8.206929e-02;7.166687e-02;1.881120e-01;4.264472e-02;7.453558e-02;1.057552e-01;7.018476e-02;7.148634e-02
1.072060e-01;6.574430e-02;1.567631e-01;7.412613e-02;8.851708e-02;7.554717e-02;1.097106e-01;3.995675e-02;5.988104e-02;9.578773e-02;5.754752e-02;6.921253e-02
1.153143e-01;9.344552e-02;1.381938e-01;9.130426e-02;6.182022e-02;6.387306e-02;1.017755e-01;5.274924e-02;4.997522e-02;9.119737e-02;6.112979e-02;7.922171e-02
9.208102e-02;7.671582e-02;1.366371e-01;8.314706e-02;4.382147e-02;7.722695e-02;1.480312e-01;6.056075e-02;4.950526e-02;1.030121e-01;5.961348e-02;6.964777e-02
8.348217e-02;8.794563e-02;1.635645e-01;7.246373e-02;5.213567e-02;4.964848e-02;1.788398e-01;5.604284e-02;5.009710e-02;8.234926e-02;6.114457e-02;6.228621e-02
7.727421e-02;7.637463e-02;1.737405e-01;8.330565e-02;5.793608e-02;3.920125e-02;1.690173e-01;4.571180e-02;7.032818e-02;6.758068e-02;6.093439e-02;7.859531e-02
1.140899e-01;8.260754e-02;1.352164e-01;8.386293e-02;6.365201e-02;3.295215e-02;1.328605e-01;4.197652e-02;5.287740e-02;7.871333e-02;6.610933e-02;1.150819e-01
1.191259e-01;1.196399e-01;8.838997e-02;5.475805e-02;6.286812e-02;3.334498e-02;1.315661e-01;6.952066e-02;4.207418e-02;8.973229e-02;6.555459e-02;1.234252e-01
1.441564e-01;1.273873e-01;1.350280e-01;4.450469e-02;4.442921e-02;3.803603e-02;1.276885e-01;8.485603e-02;4.262264e-02;8.328963e-02;3.985047e-02;8.815111e-02
1.262060e-01;9.146021e-02;1.573992e-01;5.566796e-02;5.807539e-02;7.716316e-02;1.243574e-01;5.047585e-02;6.712343e-02;6.210716e-02;4.507736e-02;8.488683e-02
1.222244e-01;8.470265e-02;1.234049e-01;5.833688e-02;7.871804e-02;9.338679e-02;1.111237e-01;5.180219e-02;7.932276e-02;6.544150e-02;5.528348e-02;7.625261e-02
9.189337e-02;7.275324e-02;1.450403e-01;7.005377e-02;8.101032e-02;7.039458e-02;1.615761e-01;4.519258e-02;9.044258e-02;6.169373e-02;5.474250e-02;5.520688e-02
4.716469e-02;7.195468e-02;1.990863e-01;5.982971e-02;6.988095e-02;6.574598e-02;1.787186e-01;5.351085e-02;1.022217e-01;7.535405e-02;3.778508e-02;3.874745e-02
5.884031e-02;1.016216e-01;2.280571e-01;4.488550e-02;5.344281e-02;5.848370e-02;1.438456e-01;3.532314e-02;1.408647e-01;7.743622e-02;2.998212e-02;2.721724e-02
6.516320e-02;1.500296e-01;2.111164e-01;3.633090e-02;2.608260e-02;4.375383e-02;9.219518e-02;3.500929e-02;2.175362e-01;7.478753e-02;2.626759e-02;2.172761e-02
1.040008e-01;1.879613e-01;1.684725e-01;2.559118e-02;1.559069e-02;2.426214e-02;4.145270e-02;5.665211e-02;2.746911e-01;6.304318e-02;2.403185e-02;1.425045e-02
1.723465e-01;1.846099e-01;1.298496e-01;1.797180e-02;2.387069e-02;1.719358e-02;3.324544e-02;9.109770e-02;2.347639e-01;6.152849e-02;2.347894e-02;1.004343e-02
2.399388e-01;1.795250e-01;9.960821e-02;1.847134e-02;3.897567e-02;1.604494e-02;5.210137e-02;1.336544e-01;1.244797e-01;5.802660e-02;2.637901e-02;1.279498e-02
2.874819e-01;1.716841e-01;8.086117e-02;1.833856e-02;5.650368e-02;1.406280e-02;7.688174e-02;1.538719e-01;6.844340e-02;3.046080e-02;2.426346e-02;1.714652e-02
2.795162e-01;1.639428e-01;6.450268e-02;1.320653e-02;5.763527e-02;1.232710e-02;6.074481e-02;1.228268e-01;1.656249e-01;1.987981e-02;2.022865e-02;1.956451e-02
2.838843e-01;1.757927e-01;8.916959e-02;8.984494e-03;6.192565e-02;1.284053e-02;5.932886e-02;9.951819e-02;1.425202e-01;2.255799e-02;2.551666e-02;1.796086e-02
2.873169e-01;1.598848e-01;1.347084e-01;1.247746e-02;7.921725e-02;1.345574e-02;6.164962e-02;1.149251e-01;6.314947e-02;1.766180e-02;3.785087e-02;1.770259e-02
2.978152e-01;1.069642e-01;1.179855e-01;7.426872e-03;1.030057e-01;1.395884e-02;6.324132e-02;1.806893e-01;1.964308e-02;1.529556e-02;5.796031e-02;1.601415e-02
2.694330e-01;7.423709e-02;9.221119e-02;1.343435e-02;1.080248e-01;1.241496e-02;4.932923e-02;2.109144e-01;7.420443e-02;1.257378e-02;6.482120e-02;1.840151e-02
2.366964e-01;6.325862e-02;7.334002e-02;3.823942e-02;1.011827e-01;1.473880e-02;6.721842e-02;2.097941e-01;9.740553e-02;2.418681e-02;5.483537e-02;1.910374e-02
2.082022e-01;9.458993e-02;6.121656e-02;7.910206e-02;7.742305e-02;2.275549e-02;8.647363e-02;1.769403e-01;9.931491e-02;4.345267e-02;3.579199e-02;1.473718e-02
1.841625e-01;1.413276e-01;1.137125e-01;1.001357e-01;4.808977e-02;5.043682e-02;5.574976e-02;1.281009e-01;9.759001e-02;4.877021e-02;2.235576e-02;9.568335e-03
1.423007e-01;1.520453e-01;1.693180e-01;7.547222e-02;3.204373e-02;7.471761e-02;5.425838e-02;1.201612e-01;9.985323e-02;4.306661e-02;2.123005e-02;1.553298e-02
3.115906e-02;1.669802e-01;1.986104e-01;5.959613e-02;3.442157e-02;5.344925e-02;7.497757e-02;1.324343e-01;1.455448e-01;4.767454e-02;2.919215e-02;2.595997e-02
2.034057e-01;1.975334e-01;1.266384e-01;4.439037e-02;4.636050e-02;1.945750e-02;5.332528e-02;9.784807e-02;1.220572e-01;3.641509e-02;2.513890e-02;2.742964e-02
3.275594e-01;2.082019e-01;8.683580e-02;2.348766e-02;8.698933e-02;2.387765e-02;3.042384e-02;5.569191e-02;7.565618e-02;3.003677e-02;2.614649e-02;2.509312e-02
3.055478e-01;1.732991e-01;9.690677e-02;2.499613e-02;9.787732e-02;1.915232e-02;2.626031e-02;7.702144e-02;1.045255e-01;2.196742e-02;3.140553e-02;2.104034e-02
2.607495e-01;1.575670e-01;8.458918e-02;2.544611e-02;7.322589e-02;2.302245e-02;4.507009e-02;1.173679e-01;1.113483e-01;4.443591e-02;3.547861e-02;2.169894e-02
2.213642e-01;1.520368e-01;7.468104e-02;2.240837e-02;5.206690e-02;4.059101e-02;6.997597e-02;1.282746e-01;9.565628e-02;8.720282e-02;3.462395e-02;2.111806e-02
2.162581e-01;1.339635e-01;8.431162e-02;3.168641e-02;5.656089e-02;4.968680e-02;7.362565e-02;1.219881e-01;9.087952e-02;8.261148e-02;3.100464e-02;2.742329e-02
2.139889e-01;1.157018e-01;1.175702e-01;5.329715e-02;6.717841e-02;3.642648e-02;9.513455e-02;1.013559e-01;8.257186e-02;6.170439e-02;2.466603e-02;3.040440e-02
1.582145e-01;1.011046e-01;1.803759e-01;6.197877e-02;8.027423e-02;2.790174e-02;1.141048e-01;9.037597e-02;8.127838e-02;6.405639e-02;1.931987e-02;2.101493e-02
5.807797e-02;7.877334e-02;2.803482e-01;6.528731e-02;8.273280e-02;3.449918e-02;1.670738e-01;8.190373e-02;6.077269e-02;5.375557e-02;2.137842e-02;1.539703e-02
3.517555e-02;6.263366e-02;3.333756e-01;6.212703e-02;9.528602e-02;5.004415e-02;1.971492e-01;5.147069e-02;4.150170e-02;3.354295e-02;2.271381e-02;1.497967e-02
5.880252e-02;6.126300e-02;3.370420e-01;5.885933e-02;9.081482e-02;5.379889e-02;1.842854e-01;3.446016e-02;4.955650e-02;2.927864e-02;2.571725e-02;1.612154e-02
7.809428e-02;6.785508e-02;3.360493e-01;5.860333e-02;6.936347e-02;5.033908e-02;1.556871e-01;3.508254e-02;6.619596e-02;2.436174e-02;3.033266e-02;2.803546e-02
1.451716e-01;1.160010e-01;2.774732e-01;5.748912e-02;4.954160e-02;4.619642e-02;8.928766e-02;5.824014e-02;7.494213e-02;3.269727e-02;2.395638e-02;2.900350e-02
2.050514e-01;1.232643e-01;2.311602e-01;5.569651e-02;6.724716e-02;5.352521e-02;5.963664e-02;5.921710e-02;7.232249e-02;3.430893e-02;1.937357e-02;1.919649e-02
1.951398e-01;9.516469e-02;2.326780e-01;4.224925e-02;7.284006e-02;5.421396e-02;9.431271e-02;6.857228e-02;7.192697e-02;3.431817e-02;1.426010e-02;2.432409e-02
1.725616e-01;8.830088e-02;2.036735e-01;4.270139e-02;7.482447e-02;6.352672e-02;1.356904e-01;7.426886e-02;5.821994e-02;3.591757e-02;2.074475e-02;2.956996e-02
1.601166e-01;8.373016e-02;2.452878e-01;4.961794e-02;6.978565e-02;7.138918e-02;1.331952e-01;6.585959e-02;3.464277e-02;3.584277e-02;2.860067e-02;2.193162e-02
1.420053e-01;9.176284e-02;3.099096e-01;6.268696e-02;5.912850e-02;5.609450e-02;9.314129e-02;6.374004e-02;2.777498e-02;3.500385e-02;2.885432e-02;2.989780e-02
1.413972e-01;7.744031e-02;2.569442e-01;5.860618e-02;6.113152e-02;5.218692e-02;1.015400e-01;8.501773e-02;4.239624e-02;4.099156e-02;4.569757e-02;3.665059e-02
1.004031e-01;1.006571e-01;1.588995e-01;8.276881e-02;6.967393e-02;8.296029e-02;1.039981e-01;8.700763e-02;6.909565e-02;6.143793e-02;5.754869e-02;2.554921e-02
5.504120e-02;9.191756e-02;1.867130e-01;1.136394e-01;9.461080e-02;8.760582e-02;1.133164e-01;6.888321e-02;6.217500e-02;6.996512e-02;4.164840e-02;1.448402e-02
5.251302e-02;8.197614e-02;1.602906e-01;1.393154e-01;1.024642e-01;8.259016e-02;1.271356e-01;6.462134e-02;8.177648e-02;6.445519e-02;2.232376e-02;2.053821e-02
8.680377e-02;8.936743e-02;2.052440e-01;7.315645e-02;3.840503e-02;3.911434e-02;9.920523e-02;8.369341e-02;1.219695e-01;9.090946e-02;4.078135e-02;3.135010e-02
1.096302e-01;8.528920e-02;1.522794e-01;8.080328e-02;3.904825e-02;2.867327e-02;9.722841e-02;9.540498e-02;1.182683e-01;1.049529e-01;3.359899e-02;5.482281e-02
1.073270e-01;6.300208e-02;9.467743e-02;1.145770e-01;3.407997e-02;1.731035e-02;1.407664e-01;9.670419e-02;9.162576e-02;1.128705e-01;3.086531e-02;9.619409e-02
5.636882e-02;3.553415e-02;7.259713e-02;1.451529e-01;2.173195e-02;2.351210e-02;2.073404e-01;6.584231e-02;8.407102e-02;1.100868e-01;3.989862e-02;1.378638e-01
3.749813e-02;2.424030e-02;1.678309e-01;8.790205e-02;1.599421e-02;6.804463e-02;1.699583e-01;3.708840e-02;1.446299e-01;7.935181e-02;7.915082e-02;8.831044e-02
4.039682e-02;3.741123e-02;2.558295e-01;2.227126e-02;2.383832e-02;1.073953e-01;7.435318e-02;3.963694e-02;1.495937e-01;6.897377e-02;1.373985e-01;4.290152e-02
4.878777e-02;4.846663e-02;2.574316e-01;2.206935e-02;2.933084e-02;1.251919e-01;2.524843e-02;3.628064e-02;9.584507e-02;7.270288e-02;2.017047e-01;3.694023e-02
3.957445e-02;7.161550e-02;2.137204e-01;1.805119e-02;3.776924e-02;1.097637e-01;3.615711e-02;4.206900e-02;8.115709e-02;5.181848e-02;2.623760e-01;3.592774e-02
2.897664e-02;1.142043e-01;1.564949e-01;3.513315e-02;3.242290e-02;9.558390e-02;5.355500e-02;4.960342e-02;6.914433e-02;6.824788e-02;2.618753e-01;3.475816e-02
2.895412e-02;1.127287e-01;1.667142e-01;3.732065e-02;3.405453e-02;1.145046e-01;4.967793e-02;3.799349e-02;5.384797e-02;8.402152e-02;2.398315e-01;4.035085e-02
2.436609e-02;1.380475e-01;1.538677e-01;3.430781e-02;5.088459e-02;1.516093e-01;5.465099e-02;4.623462e-02;3.589696e-02;1.007843e-01;1.695050e-01;3.984508e-02
2.844154e-02;1.528349e-01;9.439497e-02;4.022235e-02;4.801483e-02;1.675386e-01;6.515057e-02;5.014455e-02;4.607887e-02;1.003349e-01;1.653963e-01;4.144771e-02
2.423194e-02;1.454252e-01;9.056376e-02;4.537193e-02;4.836904e-02;1.311016e-01;5.770859e-02;4.167521e-02;3.947854e-02;1.433609e-01;2.012555e-01;3.145777e-02
2.322239e-02;1.312681e-01;5.780054e-02;4.350772e-02;6.138115e-02;8.327592e-02;4.739140e-02;6.811845e-02;7.299183e-02;2.035970e-01;1.852235e-01;2.222200e-02
1.462342e-02;1.168399e-01;5.571243e-02;4.372708e-02;8.022004e-02;7.451976e-02;4.579580e-02;7.776058e-02;8.158838e-02;2.346812e-01;1.518169e-01;2.271445e-02
2.617617e-02;1.039722e-01;8.699889e-02;5.633761e-02;9.699039e-02;7.585288e-02;5.598964e-02;7.341554e-02;7.163174e-02;2.207680e-01;9.981441e-02;3.205248e-02
3.965207e-02;7.426737e-02;9.847707e-02;8.117386e-02;9.406783e-02;6.524590e-02;1.283872e-01;7.772077e-02;6.602532e-02;1.647031e-01;7.577460e-02;3.450493e-02
2.895249e-02;5.842778e-02;1.037150e-01;1.030073e-01;6.656265e-02;6.117405e-02;1.734655e-01;9.238237e-02;8.157990e-02;1.170344e-01;8.334140e-02;3.035711e-02
2.054608e-02;7.024653e-02;1.238233e-01;7.822651e-02;4.194191e-02;4.545166e-02;1.161760e-01;6.832816e-02;7.591213e-02;1.674610e-01;1.344740e-01;5.741276e-02
2.223038e-02;5.600273e-02;7.603567e-02;6.119050e-02;3.617285e-02;7.942424e-02;9.529830e-02;1.152477e-01;6.816766e-02;1.465391e-01;1.562179e-01;8.747296e-02
4.456595e-02;3.262846e-02;6.749818e-02;5.365593e-02;6.353738e-02;1.022327e-01;1.075303e-01;1.118610e-01;5.743453e-02;1.273836e-01;1.358917e-01;9.578030e-02
5.265563e-02;4.459412e-02;7.972239e-02;4.855142e-02;6.039025e-02;8.510609e-02;1.330900e-01;8.438891e-02;6.169967e-02;1.187480e-01;1.401810e-01;9.087256e-02
3.630402e-02;6.891278e-02;7.054813e-02;5.072865e-02;6.334870e-02;7.336722e-02;1.150586e-01;7.180590e-02;5.319004e-02;1.407880e-01;1.751399e-01;8.080810e-02
4.109212e-02;7.957434e-02;7.886697e-02;3.540884e-02;5.546974e-02;7.714016e-02;1.045654e-01;6.628039e-02;5.023138e-02;1.929795e-01;1.724575e-01;4.593369e-02
4.062350e-02;6.777181e-02;6.603195e-02;3.501053e-02;8.419909e-02;8.478896e-02;6.842809e-02;8.119574e-02;4.025521e-02;2.307071e-01;1.613423e-01;3.964574e-02
4.141749e-02;8.105123e-02;6.239614e-02;4.563610e-02;9.821880e-02;7.491179e-02;5.405909e-02;7.766768e-02;3.570194e-02;2.492321e-01;1.378409e-01;4.186665e-02
5.183756e-02;9.128825e-02;1.160099e-01;5.164490e-02;8.427498e-02;6.106348e-02;8.712764e-02;5.470108e-02;5.149685e-02;2.272016e-01;9.796530e-02;2.538853e-02
6.350769e-02;9.329764e-02;9.101400e-02;3.884691e-02;8.926564e-02;5.384303e-02;1.219508e-01;6.316070e-02;7.125621e-02;2.014703e-01;9.136882e-02;2.101818e-02
7.714053e-02;7.009396e-02;8.817104e-02;4.383609e-02;8.644255e-02;6.031211e-02;1.364690e-01;8.572913e-02;6.326240e-02;1.766596e-01;8.250478e-02;2.937885e-02
7.600850e-02;5.176989e-02;8.847772e-02;6.907703e-02;8.637203e-02;5.024150e-02;8.999849e-02;1.145979e-01;7.681523e-02;1.445244e-01;1.340602e-01;1.805713e-02
7.167982e-02;4.597484e-02;1.297058e-01;6.351198e-02;6.063436e-02;7.259969e-02;6.188833e-02;1.250959e-01;7.930592e-02;1.194360e-01;1.391601e-01;3.100728e-02
7.050177e-02;7.710609e-02;1.426063e-01;6.668675e-02;6.331899e-02;5.806617e-02;5.679422e-02;1.032945e-01;1.051529e-01;8.817208e-02;1.262415e-01;4.205876e-02
8.531927e-02;7.395596e-02;1.202875e-01;6.109367e-02;5.313249e-02;6.091866e-02;1.069014e-01;6.523795e-02;1.031099e-01;1.385924e-01;9.738548e-02;3.406533e-02
6.868526e-02;5.787275e-02;1.088679e-01;4.618935e-02;4.013820e-02;4.030151e-02;1.401131e-01;1.071201e-01;1.155524e-01;1.683243e-01;6.814117e-02;3.869394e-02
5.769028e-02;5.690961e-02;1.490887e-01;6.832062e-02;5.760343e-02;5.723123e-02;9.356477e-02;1.072756e-01;1.147902e-01;1.205850e-01;7.040256e-02;4.653797e-02
6.523956e-02;5.598874e-02;1.688381e-01;6.299727e-02;6.648006e-02;7.566135e-02;9.311759e-02;6.942004e-02;1.089556e-01;1.256849e-01;4.767310e-02;5.994382e-02
5.411320e-02;6.405632e-02;1.471472e-01;6.780370e-02;7.562776e-02;5.052850e-02;1.326561e-01;6.276686e-02;9.729499e-02;1.554399e-01;3.592479e-02;5.664061e-02
5.328832e-02;7.473352e-02;1.128790e-01;7.310345e-02;8.314404e-02;3.249705e-02;1.385721e-01;5.726765e-02;9.472669e-02;1.696536e-01;5.691979e-02;5.321481e-02
5.576781e-02;7.615303e-02;1.137849e-01;7.641657e-02;6.321327e-02;5.916016e-02;1.422772e-01;4.693662e-02;1.146934e-01;1.583933e-01;5.451500e-02;3.868877e-02
4.467599e-02;6.466619e-02;1.148910e-01;1.076807e-01;1.032759e-01;7.818584e-02;1.187867e-01;6.393076e-02;1.022825e-01;9.871334e-02;6.670301e-02;3.620797e-02
3.882293e-02;8.751100e-02;9.789351e-02;9.117920e-02;1.385952e-01;6.044623e-02;5.648137e-02;6.174566e-02;1.143798e-01;1.536423e-01;5.986368e-02;3.943912e-02
6.231862e-02;1.021846e-01;8.435612e-02;1.131954e-01;1.463088e-01;5.174676e-02;6.740362e-02;5.441360e-02;9.116971e-02;1.178699e-01;5.904607e-02;4.998679e-02
5.528257e-02;1.081230e-01;9.196097e-02;1.338383e-01;1.358032e-01;4.626012e-02;8.101429e-02;5.866302e-02;7.991905e-02;9.074582e-02;6.108062e-02;5.730900e-02
5.570598e-02;9.089789e-02;1.112399e-01;1.432087e-01;6.761966e-02;4.016019e-02;8.517482e-02;7.393949e-02;9.337231e-02;9.427368e-02;6.841040e-02;7.599699e-02
6.980423e-02;7.783542e-02;1.417039e-01;1.025752e-01;8.007476e-02;5.088576e-02;1.280266e-01;7.076118e-02;1.038920e-01;9.038021e-02;3.678748e-02;4.727333e-02
1.154407e-01;7.031749e-02;2.441028e-01;7.367044e-02;7.502772e-02;6.074444e-02;1.738298e-01;4.517771e-02;3.598672e-02;4.045297e-02;3.328281e-02;3.196640e-02
1.515025e-01;9.364868e-02;2.239709e-01;6.291167e-02;5.311173e-02;3.845276e-02;1.704286e-01;5.456180e-02;3.776244e-02;4.402842e-02;2.694321e-02;4.267728e-02
1.683528e-01;8.482207e-02;1.428011e-01;7.656655e-02;4.169877e-02;2.975615e-02;2.063952e-01;7.125506e-02;2.015278e-02;5.426373e-02;2.598196e-02;7.795384e-02
1.311259e-01;4.299713e-02;3.768729e-02;9.851964e-02;3.639088e-02;3.290496e-02;3.074780e-01;8.549297e-02;1.578254e-02;5.681650e-02;2.761833e-02;1.271859e-01
9.870677e-02;2.212915e-02;2.684949e-02;1.098389e-01;2.173871e-02;2.398375e-02;3.789461e-01;8.072700e-02;1.798992e-02;4.766971e-02;2.307805e-02;1.483424e-01
8.806218e-02;1.960928e-02;2.277446e-02;1.093464e-01;1.536897e-02;1.576969e-02;4.269232e-01;8.432275e-02;1.181767e-02;4.257787e-02;1.840927e-02;1.450183e-01
6.551046e-02;2.003905e-02;2.633313e-02;1.004664e-01;1.488536e-02;2.929858e-02;4.604292e-01;7.403386e-02;6.632175e-03;4.032166e-02;2.868075e-02;1.333693e-01
8.763711e-02;2.342647e-02;2.672918e-02;9.194198e-02;1.289620e-02;3.542256e-02;4.664330e-01;5.350377e-02;9.100907e-03;3.918162e-02;2.905579e-02;1.246714e-01
9.804567e-02;2.483875e-02;3.743896e-02;8.528608e-02;1.123505e-02;3.789398e-02;4.607616e-01;2.835738e-02;1.072866e-02;4.266206e-02;3.974362e-02;1.230081e-01
8.309025e-02;1.220293e-02;3.668151e-02;8.038241e-02;1.380504e-02;4.580275e-02;4.766334e-01;2.271814e-02;1.801380e-02;3.850234e-02;4.370386e-02;1.284636e-01
9.404574e-02;1.884640e-02;2.412215e-02;8.205447e-02;1.341597e-02;5.622127e-02;4.527155e-01;1.445898e-02;2.392135e-02;3.237592e-02;5.080848e-02;1.370138e-01
8.155278e-02;2.448115e-02;4.697875e-02;6.826140e-02;2.350178e-02;7.036013e-02;4.063807e-01;2.146219e-02;1.936923e-02;2.916309e-02;5.835003e-02;1.501387e-01
4.724124e-02;2.711747e-02;6.695101e-02;4.469305e-02;3.234719e-02;7.184333e-02;3.840786e-01;2.885531e-02;1.299705e-02;3.469926e-02;8.470991e-02;1.644666e-01
4.081456e-02;4.594496e-02;6.006530e-02;6.732287e-02;3.990808e-02;5.096286e-02;3.244215e-01;3.364996e-02;1.736033e-02;5.655684e-02;1.107816e-01;1.522112e-01
6.029657e-02;5.854671e-02;9.005544e-02;8.786114e-02;4.686037e-02;2.490241e-02;2.401378e-01;5.203293e-02;4.642190e-02;6.981914e-02;1.053441e-01;1.177215e-01
5.926009e-02;4.844422e-02;1.396185e-01;8.469683e-02;5.528012e-02;4.278647e-02;1.893807e-01;4.185133e-02;8.170430e-02;5.693895e-02;9.753031e-02;1.025082e-01
2.897284e-02;3.367866e-02;1.777438e-01;1.054688e-01;5.570637e-02;5.555676e-02;1.551188e-01;2.888149e-02;9.589976e-02;6.455047e-02;1.059245e-01;9.249781e-02
3.365899e-02;2.327902e-02;2.214268e-01;4.622880e-02;4.709000e-02;6.148290e-02;1.881410e-01;2.501127e-02;1.079334e-01;5.664847e-02;1.008403e-01;8.825910e-02
6.153965e-02;2.160197e-02;1.977048e-01;1.055812e-01;4.746579e-02;5.090528e-02;1.931836e-01;3.255067e-02;9.517638e-02;4.142108e-02;7.855585e-02;7.431365e-02
1.069918e-01;5.937925e-02;1.512660e-01;1.248511e-01;4.504270e-02;3.624571e-02;1.565237e-01;6.050328e-02;6.605751e-02;4.306014e-02;7.355379e-02;7.652493e-02
1.263791e-01;7.276033e-02;1.635838e-01;5.983070e-02;3.706840e-02;4.465291e-02;2.062663e-01;9.160051e-02;3.958936e-02;3.746462e-02;5.750033e-02;6.330363e-02
8.150241e-02;5.247850e-02;1.091000e-01;8.118428e-02;2.509817e-02;4.293630e-02;3.098998e-01;1.243688e-01;2.999163e-02;2.519445e-02;4.129285e-02;7.695279e-02
2.248201e-02;3.728660e-02;4.141039e-02;1.172612e-01;1.087819e-02;4.121935e-02;4.393986e-01;1.326355e-01;1.569044e-02;1.779620e-02;2.788190e-02;9.605955e-02
2.411250e-02;2.776344e-02;4.047540e-02;8.229703e-02;1.268528e-02;5.766970e-02;4.760499e-01;8.133886e-02;2.784645e-02;2.390248e-02;4.693734e-02;9.892156e-02
2.095326e-02;2.806385e-02;1.109790e-01;3.327647e-02;2.524961e-02;8.034205e-02;3.509993e-01;6.514285e-02;9.779997e-02;4.048930e-02;5.449029e-02;9.221406e-02
3.516009e-02;2.587783e-02;1.913343e-01;4.075610e-02;2.851481e-02;9.594078e-02;1.491276e-01;5.508022e-02;1.754181e-01;5.067175e-02;8.442853e-02;6.768993e-02
3.107556e-02;2.065175e-02;2.717028e-01;1.872478e-02;2.177197e-02;1.027722e-01;8.870185e-02;3.643087e-02;1.975154e-01;4.545156e-02;1.299330e-01;3.526826e-02
4.663767e-02;1.496258e-02;3.258662e-01;2.649098e-02;1.375115e-02;1.324455e-01;2.469024e-02;2.539039e-02;1.433027e-01;4.737312e-02;1.725101e-01;2.657931e-02
6.790403e-02;1.266536e-02;3.069686e-01;2.396709e-02;1.434388e-02;1.556107e-01;6.901562e-02;1.533231e-02;6.202259e-02;4.482992e-02;1.954492e-01;3.189065e-02
9.401108e-02;2.413277e-02;2.638363e-01;1.962674e-02;1.640256e-02;1.661189e-01;6.594412e-02;1.498339e-02;3.421700e-02;5.030796e-02;2.318307e-01;1.858850e-02
1.045606e-01;3.837077e-02;2.109996e-01;1.191006e-02;2.086301e-02;1.395520e-01;4.747038e-02;2.674749e-02;4.844843e-02;5.323120e-02;2.848504e-01;1.299601e-02
8.460961e-02;1.044532e-01;1.117021e-01;3.329244e-02;3.993310e-02;7.950723e-02;6.787261e-02;3.871912e-02;4.670146e-02;8.337202e-02;2.927935e-01;1.704368e-02
5.210231e-02;1.976356e-01;7.641716e-02;3.154016e-02;6.695232e-02;5.698259e-02;4.552607e-02;4.076254e-02;5.294053e-02;1.300578e-01;2.284072e-01;2.067573e-02
3.452076e-02;2.309040e-01;6.284788e-02;2.697153e-02;1.004928e-01;4.953349e-02;3.562901e-02;3.982202e-02;6.163903e-02;1.800501e-01;1.425289e-01;3.506047e-02
6.062483e-02;1.928794e-01;5.135262e-02;3.273857e-02;1.279460e-01;3.933200e-02;4.567923e-02;3.056500e-02;6.247711e-02;2.061038e-01;1.033027e-01;4.699863e-02
1.184839e-01;9.598908e-02;6.665452e-02;5.524727e-02;9.832149e-02;4.771731e-02;5.875845e-02;3.047554e-02;9.720071e-02;2.034633e-01;8.716111e-02;4.052725e-02
1.748578e-01;5.786421e-02;6.952012e-02;7.981994e-02;4.832428e-02;3.230654e-02;7.611627e-02;3.303195e-02;1.660317e-01;1.394358e-01;8.510022e-02;3.759124e-02
2.165861e-01;3.444128e-02;5.981633e-02;1.114689e-01;3.461185e-02;2.674862e-02;7.324044e-02;3.924042e-02;1.798121e-01;1.006729e-01;9.143714e-02;3.192390e-02
2.084310e-01;1.761055e-02;5.043818e-02;1.237070e-01;3.826551e-02;2.509512e-02;7.117623e-02;4.555188e-02;2.162121e-01;7.715575e-02;9.869347e-02;2.766321e-02
2.101841e-01;9.125830e-03;5.555632e-02;1.407144e-01;4.431951e-02;2.334995e-02;5.724692e-02;3.813951e-02;2.486222e-01;4.668655e-02;8.408213e-02;4.197250e-02
2.100068e-01;1.013899e-02;6.267782e-02;1.324920e-01;3.570778e-02;1.898867e-02;5.012490e-02;5.092066e-02;2.614008e-01;4.948103e-02;7.930561e-02;3.875486e-02
2.217994e-01;1.454564e-02;4.808765e-02;1.199490e-01;2.856984e-02;2.583618e-02;5.085197e-02;4.793888e-02;2.781057e-01;6.481535e-02;7.045793e-02;2.904244e-02
2.397995e-01;2.226457e-02;3.208709e-02;1.154263e-01;3.130526e-02;2.648624e-02;4.289421e-02;4.041817e-02;3.166502e-01;6.803139e-02;4.884893e-02;1.578812e-02
2.184502e-01;2.692224e-02;3.822849e-02;1.043601e-01;2.731136e-02;2.658939e-02;4.932251e-02;3.961328e-02;3.301020e-01;8.104205e-02;4.248723e-02;1.557120e-02
2.005040e-01;2.528419e-02;4.016141e-02;1.155935e-01;2.186486e-02;2.878504e-02;4.671590e-02;3.591362e-02;3.508241e-01;6.515969e-02;5.911783e-02;1.007591e-02
1.641451e-01;3.799585e-02;5.276228e-02;1.174277e-01;3.251114e-02;2.196676e-02;4.172729e-02;6.477848e-02;3.313380e-01;6.819480e-02;5.358484e-02;1.356774e-02
1.140632e-01;4.735875e-02;8.908942e-02;1.017691e-01;2.880842e-02;2.382084e-02;7.175290e-02;9.344006e-02;2.897551e-01;6.775002e-02;4.814367e-02;2.424857e-02
8.385096e-02;7.219441e-02;9.064611e-02;7.267931e-02;3.554204e-02;2.770545e-02;1.508183e-01;1.003802e-01;2.224428e-01;6.064791e-02;5.015437e-02;3.293819e-02
9.435624e-02;8.459488e-02;9.598809e-02;7.158755e-02;3.411499e-02;2.440260e-02;1.736910e-01;9.549554e-02;1.838980e-01;4.272271e-02;7.381508e-02;2.533336e-02
1.272452e-01;6.352929e-02;9.897845e-02;1.090466e-01;4.145889e-02;1.733425e-02;1.158887e-01;9.510856e-02;1.659401e-01;6.667225e-02;7.062875e-02;2.816899e-02
1.330400e-01;3.795372e-02;1.324448e-01;1.561781e-01;5.862764e-02;2.452248e-02;9.099466e-02;6.995571e-02;1.469928e-01;8.313788e-02;4.606243e-02;2.008981e-02
9.117278e-02;3.664647e-02;1.685281e-01;1.649277e-01;6.733249e-02;2.782180e-02;1.113778e-01;6.529804e-02;1.238054e-01;7.558060e-02;5.059612e-02;1.691273e-02
6.711893e-02;5.248003e-02;1.502746e-01;1.237357e-01;6.953716e-02;2.938470e-02;1.778294e-01;6.344995e-02;1.217398e-01;7.020749e-02;5.208845e-02;2.215375e-02
7.075270e-02;7.815028e-02;1.071200e-01;9.678685e-02;4.722957e-02;3.111135e-02;2.235136e-01;5.720587e-02;1.449740e-01;6.744709e-02;5.392384e-02;2.178482e-02
5.319263e-02;7.603785e-02;1.290503e-01;9.527791e-02;3.984398e-02;2.744381e-02;2.041074e-01;6.787561e-02;1.279000e-01;8.427194e-02;6.525983e-02;2.973866e-02
9.036732e-02;5.635906e-02;9.330063e-02;8.499335e-02;4.006685e-02;3.252579e-02;1.784672e-01;8.665917e-02;1.247230e-01;1.230033e-01;6.536134e-02;2.417302e-02
8.623657e-02;4.913453e-02;1.012186e-01;7.726243e-02;3.734608e-02;3.701453e-02;1.082797e-01;8.619826e-02;1.456183e-01;1.605121e-01;9.358833e-02;1.759069e-02
5.834061e-02;5.211461e-02;1.250517e-01;8.849438e-02;5.405458e-02;3.188265e-02;1.203068e-01;6.039936e-02;1.405445e-01;1.666284e-01;8.480540e-02;1.737703e-02
7.170194e-02;3.218247e-02;1.324106e-01;1.135765e-01;5.059382e-02;2.767648e-02;1.389174e-01;4.640889e-02;1.392787e-01;1.672515e-01;6.335946e-02;1.664224e-02
8.523331e-02;2.680040e-02;1.174438e-01;1.155044e-01;4.509010e-02;3.687207e-02;1.135289e-01;4.321542e-02;1.509560e-01;1.572148e-01;7.355903e-02;3.458181e-02
8.854710e-02;5.342864e-02;1.143920e-01;7.765529e-02;5.772225e-02;6.827354e-02;1.556837e-01;4.633810e-02;1.173400e-01;1.223310e-01;6.506015e-02;3.322836e-02
8.018511e-02;5.047018e-02;1.322793e-01;9.190719e-02;6.221290e-02;7.719421e-02;1.583145e-01;4.204366e-02;1.053262e-01;1.257719e-01;4.914434e-02;2.515039e-02
6.572298e-02;4.532450e-02;1.797328e-01;1.063088e-01;5.747729e-02;6.325746e-02;1.159133e-01;3.812749e-02;9.618118e-02;1.304622e-01;7.116469e-02;3.032735e-02
7.235903e-02;7.962754e-02;1.819321e-01;9.144510e-02;7.907077e-02;5.177073e-02;9.478450e-02;5.180061e-02;8.424550e-02;9.308722e-02;7.930326e-02;4.057362e-02
1.042125e-01;1.076178e-01;1.320652e-01;9.423622e-02;8.492012e-02;5.565894e-02;7.039780e-02;6.046612e-02;8.809159e-02;6.814530e-02;5.938672e-02;7.480163e-02
1.183366e-01;1.408527e-01;1.261071e-01;8.546831e-02;6.728699e-02;6.497306e-02;9.329802e-02;4.832132e-02;9.112576e-02;4.578596e-02;4.247256e-02;7.597157e-02
9.398600e-02;1.119349e-01;1.519641e-01;7.184469e-02;6.938819e-02;8.240647e-02;1.302045e-01;5.964082e-02;1.145208e-01;4.640758e-02;2.672480e-02;4.097712e-02
8.610997e-02;1.053120e-01;1.554412e-01;6.976714e-02;5.208560e-02;7.240736e-02;1.149097e-01;6.930698e-02;1.533038e-01;4.486854e-02;4.730520e-02;2.918242e-02
