3.470137e-02;7.053880e-02;7.562973e-02;2.962760e-02;3.477673e-02;7.695900e-02;3.325700e-02;3.000644e-01;2.011537e-01;4.462952e-02;5.225031e-02;4.641184e-02
3.143171e-02;3.982579e-02;7.627410e-02;3.596912e-02;3.787730e-02;5.294394e-02;2.039339e-02;3.580848e-01;2.519780e-01;3.526375e-02;3.491301e-02;2.504503e-02
5.293838e-02;2.490377e-02;6.072240e-02;5.833838e-02;3.666648e-02;3.394853e-02;1.355709e-02;3.662203e-01;2.869198e-01;2.330143e-02;2.398477e-02;1.849865e-02
6.994087e-02;1.630481e-02;4.684854e-02;6.841923e-02;3.272749e-02;4.762560e-02;1.999191e-02;3.303730e-01;3.050325e-01;2.984334e-02;2.277184e-02;1.012087e-02
6.127644e-02;3.626019e-02;5.944337e-02;5.595702e-02;3.840837e-02;4.880661e-02;2.822001e-02;2.601620e-01;3.058766e-01;6.117800e-02;2.424006e-02;2.017133e-02
3.851852e-02;5.353626e-02;5.290189e-02;5.142418e-02;4.895864e-02;6.672219e-02;3.533139e-02;1.803224e-01;2.979746e-01;9.917738e-02;3.493557e-02;4.019694e-02
2.918713e-02;5.165640e-02;5.157326e-02;5.450472e-02;4.042882e-02;1.144017e-01;6.558009e-02;1.340766e-01;2.354781e-01;9.472218e-02;9.260812e-02;3.578289e-02
3.621262e-02;4.591956e-02;6.689049e-02;4.317299e-02;5.875774e-02;1.333717e-01;1.042791e-01;1.070364e-01;1.840189e-01;6.912657e-02;1.083649e-01;4.284903e-02
4.013058e-02;6.236329e-02;5.780035e-02;5.862300e-02;5.898391e-02;9.538750e-02;1.949479e-01;9.838972e-02;1.252822e-01;5.720409e-02;6.061728e-02;9.027019e-02
5.577315e-02;8.455303e-02;5.178737e-02;8.529619e-02;3.072148e-02;7.010235e-02;2.306973e-01;9.933987e-02;9.200794e-02;7.745779e-02;2.792776e-02;9.433578e-02
8.176088e-02;1.195014e-01;6.244351e-02;5.900079e-02;3.538459e-02;6.320997e-02;1.504398e-01;2.026525e-01;7.889603e-02;6.410412e-02;2.176368e-02;6.084287e-02
1.059706e-01;1.759494e-01;9.548572e-02;1.749632e-02;6.084572e-02;3.344180e-02;6.525005e-02;3.151979e-01;5.395815e-02;2.753870e-02;2.124069e-02;2.762496e-02
9.766399e-02;2.141674e-01;1.299233e-01;1.184388e-02;7.334181e-02;1.766586e-02;4.608531e-02;3.237614e-01;3.382372e-02;1.163493e-02;2.567990e-02;1.440847e-02
8.194198e-02;2.407124e-01;1.633588e-01;1.310037e-02;7.274450e-02;2.300690e-02;3.854179e-02;2.739765e-01;4.280532e-02;7.681921e-03;2.962682e-02;1.250261e-02
5.973551e-02;2.334936e-01;1.920126e-01;1.062488e-02;5.348090e-02;5.681585e-02;4.028970e-02;2.272107e-01;6.685539e-02;1.270466e-02;2.637822e-02;2.039799e-02
5.217043e-02;1.663879e-01;1.207806e-01;1.415930e-02;2.880394e-02;1.375036e-01;6.528334e-02;2.138669e-01;1.106694e-01;2.562368e-02;2.853351e-02;3.621750e-02
3.760067e-02;1.586174e-01;1.481069e-01;1.556865e-02;1.656804e-02;1.184546e-01;6.875060e-02;1.883461e-01;1.471496e-01;2.762551e-02;2.672446e-02;4.648745e-02
4.341473e-02;1.418464e-01;1.592422e-01;1.841092e-02;1.919837e-02;4.289388e-02;7.942986e-02;1.896457e-01;1.606595e-01;6.226369e-02;3.947096e-02;4.352381e-02
4.718217e-02;6.877851e-02;8.027329e-02;3.152717e-02;3.532781e-02;4.517714e-02;1.149396e-01;2.465376e-01;1.575115e-01;9.548765e-02;3.547981e-02;4.177780e-02
5.277105e-02;1.158608e-01;6.228633e-02;3.379511e-02;5.215005e-02;5.141335e-02;1.514030e-01;1.937590e-01;1.302847e-01;8.166056e-02;3.330797e-02;4.130808e-02
5.495919e-02;1.473390e-01;7.598941e-02;4.363133e-02;6.308693e-02;7.097068e-02;1.290181e-01;1.404418e-01;1.365431e-01;4.729783e-02;4.199349e-02;4.872911e-02
6.754051e-02;1.578139e-01;1.511685e-01;5.908484e-02;5.761682e-02;1.312523e-01;5.304331e-02;1.253239e-01;6.763407e-02;2.991766e-02;5.252045e-02;4.708366e-02
7.943305e-02;1.636183e-01;1.555362e-01;1.005935e-01;2.030945e-02;1.104077e-01;6.786218e-02;8.978063e-02;6.548920e-02;2.404702e-02;6.277858e-02;6.014425e-02
5.943045e-02;1.463777e-01;1.339851e-01;1.205863e-01;2.949697e-02;1.225135e-01;9.527836e-02;9.070549e-02;4.394680e-02;2.340785e-02;6.034747e-02;7.392401e-02
4.044402e-02;9.131549e-02;1.416758e-01;1.088490e-01;3.989685e-02;1.644600e-01;1.513859e-01;5.923269e-02;2.471976e-02;1.779557e-02;9.549738e-02;6.472753e-02
1.763032e-02;4.117336e-02;1.352153e-01;6.472056e-02;4.006493e-02;2.607626e-01;1.849560e-01;2.454681e-02;2.231494e-02;1.793242e-02;1.439941e-01;4.668870e-02
6.146097e-03;5.813219e-02;1.027076e-01;2.600669e-02;5.708041e-02;3.220640e-01;1.457219e-01;3.088792e-02;2.614081e-02;5.822876e-02;1.383502e-01;2.853337e-02
7.093741e-03;9.387590e-02;5.659777e-02;4.083378e-02;1.191435e-01;2.760905e-01;7.012673e-02;5.625200e-02;2.535442e-02;1.231070e-01;1.030545e-01;2.847012e-02
6.672764e-03;9.515657e-02;3.254183e-02;5.251038e-02;2.052018e-01;1.643537e-01;2.767001e-02;6.186434e-02;4.519007e-02;1.996529e-01;5.583801e-02;5.334761e-02
1.989040e-02;7.055926e-02;2.565947e-02;8.870544e-02;2.525753e-01;7.973176e-02;2.282095e-02;4.215860e-02;7.061690e-02;2.183778e-01;1.942118e-02;8.948289e-02
4.002300e-02;6.150972e-02;5.245562e-02;1.451864e-01;2.211873e-01;5.205047e-02;2.648520e-02;2.595180e-02;8.846473e-02;1.528732e-01;2.910852e-02;1.047041e-01
5.637207e-02;9.005765e-02;1.167780e-01;1.622428e-01;1.651882e-01;6.611446e-02;3.248606e-02;4.447759e-02;8.315754e-02;8.118457e-02;2.662884e-02;7.531227e-02
6.376226e-02;1.158357e-01;1.590106e-01;1.497541e-01;1.358713e-01;6.994464e-02;3.088629e-02;7.242920e-02;7.282285e-02;5.309613e-02;3.026605e-02;4.632087e-02
5.236012e-02;1.160368e-01;1.273846e-01;1.496871e-01;1.001854e-01;7.710950e-02;7.828324e-02;5.904414e-02;1.002700e-01;5.538858e-02;4.107209e-02;4.317850e-02
2.554007e-02;1.045135e-01;6.431275e-02;1.472171e-01;1.560780e-01;6.338852e-02;7.881772e-02;9.372684e-02;1.209556e-01;5.803429e-02;2.956264e-02;5.785298e-02
1.533208e-02;9.047563e-02;3.103402e-02;1.657084e-01;2.092000e-01;8.355709e-02;3.981221e-02;8.970615e-02;1.295634e-01;6.933752e-02;3.023552e-02;4.603795e-02
1.038235e-02;7.699035e-02;1.382530e-02;1.454144e-01;2.565193e-01;7.797705e-02;3.405659e-02;9.420794e-02;1.524455e-01;9.093954e-02;2.023226e-02;2.700938e-02
8.152987e-03;6.119738e-02;1.467189e-02;6.690878e-02;2.626068e-01;7.570794e-02;4.534694e-02;1.155765e-01;1.931452e-01;1.149198e-01;2.096762e-02;2.079814e-02
6.765238e-03;5.402699e-02;1.615416e-02;4.024859e-02;1.851537e-01;1.177726e-01;4.735833e-02;1.513414e-01;2.162854e-01;1.212004e-01;2.600593e-02;1.768722e-02
4.569262e-03;4.399369e-02;1.900017e-02;4.947640e-02;1.289722e-01;1.070533e-01;6.654792e-02;1.859325e-01;2.136924e-01;1.220676e-01;4.361106e-02;1.508342e-02
3.831204e-03;3.689194e-02;1.761628e-02;3.817648e-02;1.000652e-01;1.210470e-01;9.860936e-02;1.760949e-01;2.414760e-01;1.066439e-01;4.641688e-02;1.313080e-02
7.295899e-03;5.337736e-02;3.168321e-02;3.502055e-02;1.263004e-01;1.027238e-01;6.415404e-02;1.383474e-01;2.872199e-01;9.861910e-02;4.421552e-02;1.104290e-02
6.777931e-03;5.558147e-02;3.033105e-02;3.378373e-02;1.670309e-01;7.951010e-02;3.159844e-02;1.107580e-01;3.163404e-01;1.210464e-01;3.489902e-02;1.234260e-02
8.383612e-03;4.196364e-02;1.782997e-02;3.696296e-02;1.684051e-01;9.401495e-02;3.876272e-02;1.196303e-01;3.165544e-01;1.151681e-01;3.232923e-02;9.995059e-03
1.361805e-02;3.711005e-02;1.735309e-02;3.553056e-02;1.477483e-01;3.400334e-02;6.227830e-02;1.491641e-01;3.390893e-01;1.139672e-01;3.845710e-02;1.168066e-02
1.507021e-02;5.590104e-02;3.939939e-02;5.260870e-02;8.566178e-02;6.740471e-02;8.543567e-02;1.710922e-01;2.961437e-01;8.627894e-02;2.735195e-02;1.765173e-02
1.844435e-02;6.633933e-02;5.665575e-02;6.987099e-02;6.287742e-02;9.414575e-02;1.017188e-01;2.342928e-01;2.084928e-01;5.498332e-02;1.589109e-02;1.628758e-02
1.866960e-02;6.014609e-02;5.408154e-02;9.710529e-02;1.051075e-01;1.083014e-01;1.047993e-01;1.932602e-01;1.392910e-01;8.391943e-02;2.000894e-02;1.530972e-02
1.574526e-02;4.764887e-02;6.507007e-02;1.042460e-01;1.385291e-01;8.315112e-02;1.011892e-01;9.877808e-02;1.705354e-01;1.187399e-01;3.626519e-02;2.010177e-02
1.307366e-02;6.656694e-02;6.792890e-02;9.039406e-02;1.178558e-01;5.715214e-02;7.821550e-02;1.103776e-01;2.006927e-01;1.318496e-01;4.539304e-02;2.050008e-02
6.407213e-03;6.831007e-02;4.072110e-02;7.073256e-02;1.302532e-01;1.668051e-01;8.843330e-02;9.983636e-02;1.688805e-01;9.626731e-02;4.896092e-02;1.439238e-02
9.738068e-03;8.203463e-02;1.084049e-01;9.129585e-02;1.393494e-01;1.269989e-01;1.050468e-01;1.227361e-01;1.028983e-01;6.535918e-02;2.951872e-02;1.661908e-02
1.222884e-02;9.108432e-02;1.327945e-01;6.794313e-02;1.333353e-01;8.191763e-02;1.248557e-01;1.413138e-01;1.273837e-01;4.989965e-02;1.844615e-02;1.879729e-02
1.736464e-02;9.170845e-02;9.916268e-02;7.286614e-02;1.169966e-01;7.605366e-02;6.152246e-02;1.805364e-01;2.082688e-01;3.367516e-02;2.275641e-02;1.908861e-02
1.704122e-02;8.955337e-02;1.067749e-01;1.158258e-01;9.170114e-02;4.805395e-02;3.999868e-02;2.307478e-01;2.025632e-01;2.456636e-02;1.875332e-02;1.442030e-02
1.225454e-02;8.886771e-02;1.959939e-01;8.902889e-02;6.929374e-02;6.882148e-02;4.900529e-02;2.553032e-01;1.342578e-01;1.540315e-02;8.609710e-03;1.316063e-02
1.594512e-02;8.715341e-02;2.432882e-01;6.670858e-02;5.164669e-02;8.397658e-02;5.536129e-02;2.817047e-01;8.277259e-02;1.075194e-02;6.412474e-03;1.427837e-02
2.313266e-02;1.293833e-01;1.985563e-01;5.159676e-02;4.042694e-02;9.619734e-02;7.505772e-02;2.917303e-01;6.237860e-02;1.303961e-02;8.775480e-03;9.724989e-03
2.656582e-02;1.792414e-01;1.190901e-01;4.828668e-02;3.403959e-02;1.618535e-01;7.812151e-02;2.701241e-01;4.243467e-02;1.989033e-02;1.141917e-02;8.933177e-03
2.246391e-02;1.708366e-01;8.979291e-02;5.163851e-02;4.960102e-02;1.940466e-01;7.062197e-02;1.991278e-01;9.459949e-02;3.132447e-02;1.149604e-02;1.445076e-02
2.790077e-02;1.240797e-01;1.455955e-01;6.844454e-02;7.795642e-02;1.520356e-01;8.328618e-02;1.388573e-01;8.306109e-02;5.043327e-02;2.238853e-02;2.596105e-02
2.705248e-02;1.080696e-01;1.392885e-01;6.090548e-02;5.710272e-02;1.257774e-01;6.509228e-02;1.805784e-01;1.455522e-01;4.366749e-02;2.909547e-02;1.781795e-02
2.851743e-02;9.950650e-02;1.131448e-01;6.997041e-02;8.299249e-02;1.447223e-01;4.435342e-02;2.060615e-01;1.025048e-01;5.630025e-02;3.108390e-02;2.084209e-02
2.124133e-02;9.650045e-02;9.449705e-02;5.349929e-02;9.715378e-02;1.697731e-01;3.810336e-02;2.010121e-01;1.036215e-01;6.808431e-02;3.136083e-02;2.515287e-02
1.773492e-02;1.004490e-01;1.251474e-01;3.345050e-02;9.053642e-02;1.680648e-01;5.195066e-02;1.185955e-01;1.552569e-01;7.736380e-02;3.620243e-02;2.524756e-02
3.753329e-02;1.292280e-01;6.904826e-02;3.179628e-02;7.210224e-02;1.542705e-01;7.236533e-02;1.037325e-01;1.737298e-01;9.027171e-02;4.000456e-02;2.591750e-02
6.488910e-02;2.125404e-01;8.531660e-02;2.951909e-02;4.117364e-02;1.353831e-01;8.580872e-02;9.485630e-02;1.409876e-01;6.955839e-02;2.461685e-02;1.535018e-02
5.817513e-02;2.406631e-01;6.196288e-02;3.974015e-02;2.593431e-02;1.126392e-01;5.727295e-02;1.641257e-01;1.673146e-01;4.582879e-02;1.423018e-02;1.211302e-02
2.432204e-02;1.845889e-01;1.030401e-01;4.779157e-02;1.493382e-02;1.052433e-01;2.934059e-02;2.389641e-01;1.973308e-01;2.463623e-02;1.283560e-02;1.697295e-02
3.157135e-02;1.174964e-01;1.481030e-01;4.852257e-02;1.430361e-02;1.101844e-01;3.222916e-02;2.769938e-01;1.697352e-01;2.001253e-02;1.155246e-02;1.929557e-02
3.546988e-02;1.231377e-01;1.466089e-01;4.350878e-02;1.541691e-02;1.411838e-01;3.688163e-02;2.701855e-01;1.429939e-01;1.508210e-02;1.140981e-02;1.812114e-02
3.068955e-02;1.779708e-01;1.168599e-01;3.619170e-02;2.192716e-02;1.749316e-01;3.743567e-02;2.506233e-01;1.109041e-01;9.335606e-03;1.341018e-02;1.972047e-02
2.365383e-02;1.796323e-01;1.377010e-01;8.178245e-02;5.369945e-02;1.453585e-01;3.954124e-02;2.564880e-01;3.836220e-02;1.169554e-02;1.716929e-02;1.491627e-02
2.470191e-02;1.512592e-01;1.286929e-01;1.115455e-01;8.745735e-02;1.350888e-01;4.730717e-02;2.166612e-01;5.554967e-02;1.055878e-02;2.114430e-02;1.003327e-02
2.283060e-02;1.391666e-01;1.069709e-01;1.201991e-01;1.232406e-01;1.460769e-01;4.625387e-02;2.123946e-01;4.413315e-02;9.012650e-03;2.396216e-02;5.758808e-03
2.524010e-02;1.361162e-01;9.877544e-02;1.057758e-01;1.468616e-01;1.487428e-01;5.239504e-02;2.195431e-01;2.808369e-02;1.013227e-02;2.329453e-02;5.039472e-03
3.223437e-02;1.111159e-01;1.060005e-01;1.591938e-01;1.246530e-01;1.170692e-01;4.127320e-02;2.372438e-01;3.189869e-02;1.537054e-02;1.924498e-02;4.702011e-03
3.256189e-02;9.277806e-02;1.198320e-01;1.936846e-01;7.151051e-02;8.569802e-02;3.707695e-02;2.827325e-01;4.725664e-02;1.842083e-02;1.308566e-02;5.362358e-03
2.048786e-02;7.419952e-02;1.346701e-01;1.531565e-01;3.061407e-02;7.714824e-02;3.941038e-02;3.419869e-01;7.967193e-02;3.090373e-02;6.678536e-03;1.107218e-02
1.419286e-02;4.392413e-02;1.292664e-01;8.046442e-02;1.483286e-02;8.393391e-02;4.424902e-02;3.785521e-01;1.347668e-01;5.639954e-02;3.863611e-03;1.555441e-02
9.812437e-03;1.949052e-02;1.073507e-01;2.815313e-02;1.957366e-02;1.142749e-01;6.383967e-02;4.000935e-01;1.507288e-01;6.121890e-02;4.683041e-03;2.078063e-02
6.480946e-03;2.519452e-02;6.956895e-02;3.442802e-02;4.528602e-02;1.693255e-01;6.761013e-02;3.780274e-01;1.429364e-01;3.906049e-02;3.575355e-03;1.850626e-02
4.545356e-03;3.021391e-02;3.570051e-02;3.619406e-02;6.873058e-02;1.784089e-01;5.313586e-02;3.805492e-01;1.761633e-01;2.111727e-02;3.509987e-03;1.173113e-02
7.888740e-03;2.569618e-02;2.758237e-02;3.610256e-02;5.173156e-02;1.226875e-01;5.055826e-02;3.634768e-01;2.713059e-01;3.099558e-02;5.733083e-03;6.241569e-03
7.707725e-03;1.579051e-02;4.756976e-02;2.030008e-02;4.477984e-02;2.238665e-01;3.554938e-02;2.432715e-01;3.122997e-01;3.636541e-02;8.347852e-03;4.151774e-03
5.786981e-03;1.272471e-02;6.136769e-02;2.172296e-02;6.775493e-02;3.115016e-01;1.758272e-02;1.007646e-01;3.357297e-01;4.675753e-02;1.169277e-02;6.613730e-03
5.176494e-03;9.531368e-03;5.164913e-02;1.820514e-02;1.070025e-01;2.416756e-01;1.332391e-02;1.532946e-01;3.253845e-01;5.165854e-02;1.519588e-02;7.902321e-03
3.694037e-03;1.509759e-02;3.516319e-02;1.374525e-02;2.020282e-01;1.443216e-01;1.796091e-02;1.351743e-01;3.392510e-01;6.666201e-02;1.900918e-02;7.892749e-03
5.214515e-03;3.141568e-02;2.840278e-02;1.395910e-02;2.848853e-01;6.824300e-02;1.477879e-02;9.608107e-02;3.491954e-01;7.102121e-02;2.487005e-02;1.193314e-02
6.722868e-03;4.119363e-02;5.283668e-02;3.940374e-02;2.307567e-01;5.850204e-02;1.481935e-02;1.146509e-01;3.426911e-01;5.969888e-02;2.605756e-02;1.266659e-02
1.017858e-02;4.515113e-02;8.409086e-02;5.170835e-02;1.163142e-01;6.894024e-02;1.545126e-02;1.681590e-01;3.610758e-01;4.876651e-02;2.281590e-02;7.348267e-03
1.138187e-02;4.825427e-02;8.278890e-02;4.290075e-02;4.198347e-02;7.067169e-02;3.480748e-02;2.184930e-01;3.902099e-01;3.944883e-02;1.331839e-02;5.741397e-03
8.144313e-03;4.209737e-02;6.023271e-02;3.138772e-02;2.762397e-02;7.244094e-02;3.618693e-02;3.202143e-01;3.537210e-01;3.329253e-02;7.742226e-03;6.915990e-03
6.602274e-03;3.281230e-02;6.023648e-02;2.998865e-02;2.818035e-02;1.067123e-01;6.434831e-02;3.682680e-01;2.641098e-01;2.571227e-02;6.375742e-03;6.653480e-03
9.585965e-03;5.142615e-02;8.084257e-02;2.393728e-02;2.836145e-02;1.155489e-01;7.883116e-02;3.730336e-01;2.028928e-01;2.166083e-02;7.289045e-03;6.590245e-03
6.665105e-03;7.314359e-02;9.005063e-02;2.464477e-02;5.084645e-02;1.409897e-01;5.532974e-02;3.570722e-01;1.654208e-01;2.008192e-02;9.493789e-03;6.261305e-03
8.854923e-03;1.126197e-01;7.213688e-02;3.228756e-02;4.962359e-02;1.431629e-01;5.878271e-02;3.375269e-01;1.419269e-01;2.098046e-02;1.179799e-02;1.029949e-02
9.629891e-03;1.399366e-01;6.783188e-02;2.970520e-02;3.149686e-02;1.789326e-01;1.344921e-01;2.992329e-01;7.030813e-02;1.824784e-02;1.054901e-02;9.637089e-03
9.767793e-03;1.309358e-01;7.967674e-02;2.280740e-02;2.688227e-02;1.552296e-01;1.411890e-01;2.622598e-01;1.381174e-01;1.959840e-02;9.250666e-03;4.285051e-03
1.333583e-02;1.720634e-01;7.810967e-02;2.107464e-02;2.161361e-02;1.780108e-01;9.743946e-02;2.209857e-01;1.573869e-01;2.432414e-02;1.085687e-02;4.798963e-03
1.665736e-02;1.970571e-01;4.220682e-02;3.674401e-02;3.164605e-02;2.109125e-01;4.894961e-02;2.447642e-01;1.235288e-01;3.165992e-02;1.031701e-02;5.556534e-03
2.052901e-02;1.941752e-01;4.952553e-02;4.456250e-02;4.919057e-02;2.097303e-01;6.223171e-02;2.252101e-01;8.641308e-02;4.287211e-02;8.725362e-03;6.834447e-03
1.556907e-02;1.753471e-01;5.080644e-02;4.992713e-02;3.857957e-02;1.605970e-01;6.731270e-02;2.912590e-01;9.657855e-02;3.980487e-02;5.578756e-03;8.639825e-03
1.251324e-02;1.026286e-01;6.562997e-02;4.423970e-02;6.081009e-02;7.444546e-02;1.259890e-01;3.337049e-01;1.303455e-01;3.294379e-02;8.549119e-03;8.200545e-03
1.167555e-02;3.122066e-02;4.631040e-02;1.090705e-01;8.173420e-02;9.651317e-02;1.232748e-01;3.099356e-01;1.538040e-01;2.523039e-02;4.651587e-03;6.579092e-03
1.006548e-02;4.088170e-02;5.120246e-02;1.527389e-01;9.956623e-02;8.853930e-02;7.057740e-02;2.499126e-01;1.882627e-01;3.351361e-02;8.096029e-03;6.643458e-03
8.155601e-03;5.752813e-02;4.741450e-02;1.625075e-01;9.986294e-02;9.082411e-02;2.531319e-02;2.234489e-01;2.122268e-01;4.597749e-02;1.643465e-02;1.030621e-02
1.226109e-02;6.477116e-02;3.370867e-02;1.688226e-01;6.103405e-02;7.717106e-02;2.779862e-02;2.160991e-01;2.148191e-01;6.796647e-02;4.020080e-02;1.534722e-02
2.408344e-02;7.887568e-02;5.853077e-02;9.143529e-02;5.655502e-02;8.744431e-02;7.305239e-02;1.708403e-01;1.213662e-01;8.421125e-02;1.062257e-01;4.737971e-02
2.820397e-02;6.204963e-02;5.561560e-02;4.332421e-02;5.340140e-02;9.521052e-02;1.174606e-01;1.237121e-01;1.336923e-01;5.911990e-02;1.270172e-01;1.011926e-01
3.770581e-02;6.973272e-02;3.127908e-02;4.569297e-02;3.060045e-02;7.747200e-02;2.126041e-01;1.006855e-01;8.466476e-02;5.117485e-02;8.686797e-02;1.715198e-01
5.218332e-02;7.916842e-02;3.316732e-02;6.840942e-02;1.199790e-02;8.101023e-02;2.510901e-01;1.034798e-01;4.627195e-02;5.292397e-02;3.012379e-02;1.901738e-01
7.534745e-02;9.649403e-02;3.833536e-02;6.817895e-02;1.390439e-02;1.177323e-01;1.912910e-01;1.366224e-01;4.630367e-02;5.909541e-02;1.077985e-02;1.459152e-01
1.028690e-01;1.402818e-01;5.774599e-02;3.555986e-02;2.168117e-02;1.393441e-01;1.194092e-01;1.882656e-01;4.668045e-02;5.058592e-02;1.482297e-02;8.275394e-02
1.244382e-01;1.933514e-01;9.792172e-02;2.169784e-02;1.942146e-02;9.793315e-02;8.786175e-02;2.102533e-01;3.098762e-02;3.097482e-02;1.576217e-02;6.939654e-02
1.145548e-01;2.416990e-01;1.462242e-01;1.747954e-02;1.054375e-02;4.068770e-02;8.627243e-02;2.104530e-01;4.019770e-02;2.016679e-02;1.102324e-02;6.069783e-02
9.513289e-02;2.417506e-01;1.530921e-01;1.842213e-02;1.841726e-02;2.653613e-02;1.134153e-01;1.823275e-01;6.672769e-02;2.591973e-02;1.575206e-02;4.250666e-02
7.053713e-02;2.036406e-01;1.440066e-01;2.243803e-02;2.920777e-02;6.518462e-02;1.359936e-01;1.317474e-01;7.929081e-02;4.028359e-02;3.397664e-02;4.369307e-02
3.757444e-02;1.500710e-01;1.233998e-01;1.918483e-02;3.206831e-02;1.197902e-01;1.240214e-01;1.260446e-01;1.027382e-01;1.006910e-01;3.518616e-02;2.922994e-02
2.472559e-02;6.749240e-02;5.919743e-02;2.758421e-02;5.306678e-02;1.265353e-01;1.204032e-01;1.510868e-01;1.345056e-01;1.941951e-01;1.826849e-02;2.293902e-02
1.848386e-02;4.474885e-02;4.222599e-02;5.582885e-02;4.772459e-02;7.165471e-02;1.229638e-01;1.769344e-01;2.718652e-01;1.216593e-01;1.232344e-02;1.358708e-02
1.287187e-02;4.025921e-02;7.130107e-02;8.975963e-02;5.130967e-02;5.890734e-02;1.021336e-01;2.100927e-01;3.040488e-01;4.051443e-02;1.152009e-02;7.281595e-03
1.323046e-02;8.406248e-02;1.251503e-01;1.127329e-01;7.348762e-02;7.623117e-02;7.072373e-02;1.661576e-01;1.774611e-01;5.209764e-02;2.834807e-02;2.031687e-02
4.679969e-02;1.435288e-01;1.577358e-01;7.102683e-02;5.531913e-02;8.365630e-02;3.853253e-02;1.966190e-01;7.482267e-02;5.668611e-02;4.609923e-02;2.917395e-02
5.856106e-02;1.499966e-01;1.971257e-01;4.497340e-02;4.093642e-02;8.955769e-02;4.790286e-02;1.669041e-01;8.445457e-02;5.248014e-02;4.477383e-02;2.233374e-02
5.603673e-02;1.437084e-01;2.140421e-01;3.588074e-02;5.206134e-02;9.355267e-02;5.153190e-02;1.472978e-01;8.403824e-02;4.446012e-02;4.115216e-02;3.623771e-02
4.819610e-02;1.318222e-01;1.943920e-01;6.531069e-02;1.101470e-01;5.566112e-02;6.714967e-02;1.076395e-01;8.037042e-02;5.173204e-02;1.275683e-02;7.482246e-02
2.001140e-02;1.391433e-01;1.931601e-01;7.436167e-02;8.487101e-02;1.553954e-01;6.871153e-02;6.927776e-02;6.122154e-02;3.791131e-02;3.785435e-02;5.808064e-02
3.050469e-02;1.128154e-01;1.857978e-01;6.246976e-02;6.026573e-02;1.888106e-01;6.791802e-02;9.947156e-02;8.437177e-02;3.800575e-02;2.876446e-02;4.080446e-02
4.268433e-02;3.532118e-02;1.680384e-01;5.669987e-02;5.330201e-02;1.914692e-01;7.088394e-02;1.847963e-01;1.217992e-01;3.510650e-02;1.117923e-02;2.871984e-02
4.149410e-02;1.474942e-01;1.415388e-01;5.919769e-02;4.809214e-02;1.584482e-01;5.777752e-02;1.918501e-01;9.815912e-02;2.477157e-02;2.048038e-02;1.069617e-02
4.366579e-02;1.535462e-01;1.201632e-01;4.876182e-02;3.341997e-02;1.652020e-01;5.173836e-02;1.810147e-01;1.067847e-01;4.354388e-02;2.518311e-02;2.697631e-02
4.385817e-02;1.630377e-01;6.230204e-02;4.871214e-02;2.282954e-02;1.366348e-01;3.240414e-02;1.912829e-01;1.402977e-01;6.532402e-02;3.911325e-02;5.420364e-02
4.530379e-02;1.339938e-01;1.342545e-01;6.498104e-02;3.411929e-02;6.367364e-02;3.590803e-02;1.617156e-01;1.411722e-01;9.235846e-02;3.518498e-02;5.733461e-02
4.123930e-02;1.775139e-01;1.475422e-01;3.315226e-02;2.370052e-02;1.142137e-01;4.687271e-02;1.822178e-01;1.273788e-01;6.362418e-02;1.632149e-02;2.622316e-02
3.951933e-02;2.078921e-01;1.578882e-01;2.135773e-02;1.990154e-02;1.149810e-01;4.309921e-02;1.637971e-01;1.499569e-01;4.829890e-02;1.856607e-02;1.474199e-02
4.068882e-02;1.742971e-01;1.407162e-01;2.270217e-02;1.216103e-02;1.016441e-01;5.015933e-02;1.989042e-01;1.675513e-01;5.977617e-02;1.521828e-02;1.618131e-02
3.325686e-02;1.306385e-01;9.409500e-02;3.880158e-02;1.701627e-02;9.181084e-02;8.510505e-02;1.997681e-01;1.517073e-01;1.021807e-01;2.170022e-02;3.391963e-02
2.930448e-02;9.831484e-02;5.425419e-02;3.508883e-02;2.144282e-02;7.343116e-02;9.641881e-02;2.751003e-01;1.606821e-01;1.031518e-01;2.249889e-02;3.031181e-02
4.201737e-02;9.202980e-02;5.396698e-02;3.949596e-02;2.909474e-02;5.692219e-02;9.774787e-02;2.973229e-01;1.368224e-01;1.010114e-01;2.214112e-02;3.142727e-02
6.077788e-02;1.126860e-01;8.212274e-02;5.185727e-02;4.100848e-02;8.898102e-02;6.201365e-02;2.241254e-01;1.051660e-01;9.756290e-02;3.034731e-02;4.335130e-02
4.570684e-02;1.467534e-01;1.144510e-01;5.930938e-02;4.444958e-02;1.201676e-01;7.613722e-02;1.561887e-01;7.605916e-02;8.558762e-02;3.024722e-02;4.494239e-02
5.692343e-02;1.248519e-01;1.475694e-01;7.321175e-02;3.725431e-02;1.062270e-01;4.761954e-02;1.804155e-01;1.009493e-01;4.675773e-02;4.033923e-02;3.788112e-02
4.204281e-02;8.018849e-02;1.811295e-01;7.556402e-02;3.239662e-02;8.784110e-02;3.824207e-02;2.265436e-01;1.057641e-01;3.482237e-02;4.052881e-02;5.493657e-02
2.626209e-02;1.349684e-01;2.455938e-01;8.121110e-02;2.101516e-02;4.815127e-02;2.804587e-02;2.307646e-01;7.454255e-02;2.774774e-02;2.828128e-02;5.341604e-02
4.851001e-02;1.413382e-01;2.950203e-01;9.223111e-02;2.468628e-02;3.201822e-02;5.900530e-02;2.016935e-01;3.343203e-02;1.708759e-02;2.540773e-02;2.956978e-02
5.188776e-02;1.456462e-01;2.606370e-01;8.457005e-02;5.451496e-02;3.514789e-02;1.152022e-01;1.703341e-01;1.635216e-02;7.735956e-03;4.455699e-02;1.341466e-02
3.661881e-02;1.830724e-01;1.561328e-01;4.865422e-02;7.159584e-02;5.231113e-02;2.073767e-01;1.498630e-01;1.630814e-02;7.258069e-03;6.139624e-02;9.412536e-03
3.031209e-02;1.963947e-01;9.279683e-02;3.887957e-02;7.187917e-02;7.316921e-02;2.689276e-01;1.407139e-01;1.303223e-02;6.720511e-03;6.173187e-02;5.442343e-03
4.043164e-02;1.505797e-01;1.135788e-01;7.791515e-02;5.021049e-02;6.289143e-02;2.463033e-01;1.762175e-01;1.835233e-02;9.746914e-03;4.693035e-02;6.842300e-03
4.116987e-02;9.810453e-02;1.880574e-01;1.062679e-01;3.742978e-02;3.880517e-02;1.783650e-01;2.220870e-01;2.354561e-02;1.900459e-02;2.833361e-02;1.882965e-02
1.983304e-02;7.002889e-02;2.790761e-01;8.212859e-02;3.204220e-02;3.008914e-02;1.216393e-01;2.557876e-01;2.882256e-02;2.915671e-02;1.106056e-02;4.033529e-02
1.459127e-02;6.954649e-02;3.158984e-01;5.722502e-02;3.074561e-02;6.371143e-02;9.408655e-02;2.293942e-01;4.102387e-02;2.409467e-02;7.011079e-03;5.267147e-02
1.844582e-02;1.033524e-01;3.121250e-01;8.866913e-02;4.070659e-02;8.348048e-02;5.175202e-02;1.606437e-01;6.003366e-02;2.118733e-02;8.587033e-03;5.101687e-02
3.360912e-02;9.081136e-02;2.639852e-01;2.029869e-01;5.377309e-02;5.053916e-02;3.064053e-02;1.090172e-01;9.583102e-02;1.803888e-02;2.854005e-02;2.222748e-02
5.417261e-02;4.656162e-02;2.297787e-01;2.550058e-01;5.928438e-02;2.922137e-02;5.525826e-02;1.134761e-01;1.032814e-01;1.908047e-02;2.985655e-02;5.022720e-03
6.041211e-02;2.136166e-02;2.446495e-01;2.202449e-01;7.344657e-02;2.859572e-02;6.650791e-02;1.229456e-01;1.063845e-01;2.243292e-02;2.190575e-02;1.111275e-02
5.087395e-02;2.588057e-02;2.260655e-01;1.534171e-01;8.215762e-02;5.590479e-02;6.520145e-02;1.482306e-01;1.181960e-01;3.240675e-02;1.955110e-02;2.211456e-02
3.113370e-02;8.634923e-02;1.400725e-01;1.293472e-01;7.928658e-02;8.006652e-02;9.436428e-02;1.675314e-01;1.085136e-01;3.138512e-02;2.675637e-02;2.519365e-02
1.221078e-02;1.318422e-01;1.813532e-01;1.423931e-01;7.699409e-02;6.343314e-02;1.349231e-01;1.092047e-01;7.763904e-02;2.572847e-02;2.581300e-02;1.846510e-02
2.164331e-02;9.565870e-02;2.400123e-01;1.376367e-01;7.101729e-02;5.885708e-02;1.038488e-01;1.487701e-01;6.197855e-02;2.208323e-02;2.524671e-02;1.324723e-02
2.672468e-02;6.185403e-02;1.935670e-01;2.045049e-01;5.435124e-02;7.466179e-02;8.262544e-02;1.436344e-01;7.431982e-02;3.894920e-02;3.009892e-02;1.470848e-02
3.380187e-02;4.763416e-02;1.282344e-01;2.357135e-01;2.853363e-02;1.100624e-01;9.218221e-02;1.275566e-01;9.203444e-02;5.864977e-02;2.855547e-02;1.704162e-02
2.554934e-02;7.244123e-02;1.090204e-01;1.445917e-01;4.155731e-02;1.234020e-01;9.538081e-02;1.457839e-01;8.804043e-02;1.098435e-01;2.600697e-02;1.838236e-02
1.285147e-02;7.188334e-02;1.566183e-01;1.072872e-01;2.957259e-02;1.114495e-01;1.475645e-01;1.574249e-01;7.337033e-02;1.010193e-01;1.555117e-02;1.540726e-02
8.096984e-03;6.078484e-02;2.021463e-01;1.190115e-01;2.587752e-02;1.113426e-01;2.110051e-01;1.204132e-01;6.994113e-02;5.407796e-02;8.314664e-03;8.988240e-03
5.847538e-03;6.591772e-02;1.403456e-01;8.837929e-02;2.171867e-02;1.203049e-01;2.095165e-01;2.141148e-01;6.656241e-02;5.627087e-02;6.611258e-03;4.410374e-03
4.451802e-03;6.457986e-02;8.374673e-02;8.128530e-02;1.522673e-02;8.039133e-02;2.465238e-01;2.840135e-01;7.237589e-02;5.995090e-02;4.136076e-03;3.318067e-03
7.835026e-03;6.095960e-02;6.286886e-02;7.347612e-02;1.319673e-02;1.266060e-01;2.695123e-01;2.318998e-01;8.266988e-02;6.097042e-02;5.923192e-03;4.082094e-03
1.227451e-02;9.983133e-02;1.095015e-01;6.326732e-02;1.429150e-02;1.302657e-01;1.923530e-01;1.835438e-01;1.136664e-01;6.194703e-02;9.561322e-03;9.496648e-03
2.119471e-02;1.105154e-01;1.545621e-01;5.867332e-02;2.255639e-02;6.668506e-02;6.678363e-02;2.172063e-01;1.872254e-01;5.565425e-02;1.895028e-02;1.999321e-02
1.533500e-02;7.380548e-02;7.822738e-02;6.209806e-02;2.668266e-02;2.831974e-02;1.888775e-02;3.034957e-01;2.973085e-01;5.696821e-02;2.788046e-02;1.099103e-02
1.576117e-02;2.746191e-02;5.694695e-02;6.989149e-02;2.718721e-02;2.361866e-02;1.169276e-02;3.293488e-01;3.642020e-01;4.055686e-02;2.582932e-02;7.502865e-03
1.262724e-02;1.832258e-02;7.519669e-02;6.226157e-02;3.813440e-02;2.219119e-02;2.285990e-02;3.420910e-01;3.479021e-01;2.847950e-02;2.076104e-02;9.172758e-03
9.854184e-03;1.419082e-02;7.602947e-02;5.219572e-02;4.775419e-02;4.066521e-02;4.111501e-02;3.798396e-01;2.742733e-01;2.892305e-02;1.696130e-02;1.819806e-02
6.036717e-03;2.697576e-02;6.540962e-02;3.259406e-02;4.158426e-02;8.565696e-02;5.293056e-02;4.094764e-01;1.924886e-01;4.159528e-02;1.609674e-02;2.915509e-02
9.587748e-03;5.535834e-02;1.050419e-01;3.245214e-02;2.216491e-02;1.100813e-01;6.598741e-02;3.477575e-01;1.464030e-01;5.229361e-02;2.208990e-02;3.078221e-02
6.971343e-03;9.119940e-02;1.930413e-01;4.386257e-02;2.280682e-02;9.382060e-02;7.729160e-02;2.899216e-01;9.873035e-02;4.143059e-02;1.600280e-02;2.492112e-02
4.424753e-03;1.217783e-01;2.799848e-01;4.662093e-02;2.605621e-02;4.671979e-02;7.128335e-02;2.861909e-01;5.889854e-02;2.977774e-02;6.830813e-03;2.143378e-02
4.045393e-03;1.498561e-01;3.320410e-01;3.447567e-02;4.286128e-02;2.396734e-02;5.661147e-02;2.712011e-01;3.285537e-02;2.308841e-02;1.003516e-02;1.896165e-02
6.038467e-03;1.790424e-01;3.189007e-01;2.668508e-02;6.204287e-02;3.563073e-02;5.167424e-02;2.483310e-01;3.234392e-02;1.621582e-02;6.427175e-03;1.666754e-02
7.439278e-03;1.922569e-01;2.830469e-01;2.459679e-02;8.183970e-02;5.495920e-02;3.849623e-02;2.347989e-01;4.321299e-02;1.405441e-02;9.911966e-03;1.538677e-02
7.568425e-03;2.100988e-01;2.526038e-01;2.089446e-02;1.154807e-01;6.818739e-02;3.286250e-02;2.172008e-01;4.061237e-02;7.863575e-03;1.488942e-02;1.173785e-02
1.040559e-02;2.196465e-01;1.963942e-01;1.886251e-02;1.282735e-01;1.057841e-01;7.176477e-02;1.801727e-01;3.472791e-02;5.213726e-03;1.881269e-02;9.941805e-03
1.300135e-02;2.264968e-01;1.297704e-01;2.227234e-02;1.213205e-01;1.614455e-01;1.214103e-01;1.392947e-01;3.226268e-02;5.693275e-03;1.804890e-02;8.983344e-03
1.673860e-02;1.928054e-01;1.380630e-01;2.366479e-02;8.827905e-02;2.175436e-01;1.479598e-01;1.089874e-01;3.301749e-02;1.306439e-02;1.156087e-02;8.315486e-03
1.793018e-02;9.688703e-02;1.650967e-01;2.648240e-02;7.309147e-02;2.184550e-01;1.276783e-01;1.786063e-01;4.728869e-02;1.953317e-02;2.114050e-02;7.810244e-03
1.847835e-02;1.444262e-01;1.597551e-01;5.100785e-02;5.506019e-02;1.452565e-01;1.356110e-01;1.456347e-01;8.666098e-02;2.329402e-02;1.758119e-02;1.723394e-02
4.011672e-02;1.425288e-01;1.160468e-01;6.107596e-02;3.701990e-02;8.551600e-02;9.912550e-02;2.127419e-01;8.894419e-02;3.836182e-02;2.100805e-02;5.751442e-02
6.135256e-02;1.167980e-01;1.544843e-01;6.395775e-02;6.183443e-02;1.125071e-01;4.103741e-02;2.069955e-01;7.361270e-02;2.771264e-02;1.195112e-02;6.775647e-02
6.999146e-02;1.393282e-01;1.568930e-01;6.716821e-02;8.076969e-02;1.219610e-01;2.763558e-02;1.842634e-01;7.253300e-02;1.672603e-02;7.287010e-03;5.544329e-02
5.466412e-02;1.791704e-01;1.603997e-01;9.645644e-02;9.616345e-02;1.058235e-01;2.560717e-02;1.659637e-01;7.097162e-02;8.425412e-03;5.285908e-03;3.106857e-02
1.995182e-02;1.917374e-01;1.642336e-01;1.498327e-01;1.076946e-01;8.485274e-02;1.894996e-02;1.456410e-01;8.317117e-02;8.802422e-03;3.373418e-03;2.175908e-02
1.135948e-02;1.202197e-01;1.502274e-01;2.215216e-01;1.090453e-01;7.355244e-02;1.863965e-02;1.478439e-01;1.134818e-01;1.244878e-02;3.806587e-03;1.785337e-02
1.642302e-02;6.204120e-02;1.266205e-01;2.519035e-01;1.055098e-01;4.336026e-02;2.620634e-02;1.598343e-01;1.644066e-01;3.100401e-02;2.437433e-03;1.025300e-02
2.874563e-02;2.680880e-02;9.829838e-02;2.294932e-01;7.601538e-02;1.794879e-02;2.273022e-02;1.894542e-01;2.414104e-01;5.558433e-02;4.501314e-03;9.009435e-03
4.081954e-02;1.547052e-02;6.901293e-02;2.050900e-01;5.356822e-02;2.044121e-02;1.759430e-02;2.159601e-01;2.835700e-01;6.152675e-02;7.312638e-03;9.633860e-03
4.150162e-02;1.691016e-02;5.733049e-02;1.889786e-01;6.079789e-02;2.665316e-02;2.730531e-02;2.248187e-01;2.941424e-01;4.945414e-02;9.041950e-03;3.065630e-03
3.677106e-02;2.205986e-02;4.033875e-02;1.436082e-01;6.044838e-02;4.752301e-02;6.424312e-02;2.466266e-01;2.866473e-01;3.532836e-02;1.059109e-02;5.814278e-03
2.696053e-02;4.833167e-02;4.370582e-02;8.359463e-02;7.263301e-02;8.720786e-02;6.882377e-02;2.183112e-01;2.791241e-01;4.478045e-02;1.404565e-02;1.248130e-02
1.720807e-02;8.041783e-02;9.214641e-02;7.625327e-02;7.542251e-02;1.054023e-01;5.969394e-02;1.791535e-01;2.506140e-01;4.028573e-02;8.991254e-03;1.441109e-02
1.108166e-02;1.265453e-01;1.463681e-01;7.528415e-02;4.264238e-02;1.148967e-01;6.460632e-02;1.723076e-01;1.895370e-01;2.910517e-02;1.376953e-02;1.385592e-02
9.098370e-03;1.591672e-01;1.582595e-01;7.019712e-02;3.973485e-02;1.408201e-01;6.423809e-02;1.604506e-01;1.523292e-01;2.022817e-02;1.542929e-02;1.004742e-02
1.139797e-02;1.386418e-01;1.798612e-01;8.524771e-02;4.713090e-02;1.140470e-01;5.242224e-02;1.904948e-01;1.363105e-01;2.332757e-02;1.335913e-02;7.759232e-03
1.356173e-02;1.026908e-01;1.541044e-01;1.177205e-01;7.597937e-02;9.195476e-02;4.539122e-02;2.302649e-01;8.600262e-02;5.386011e-02;1.269931e-02;1.577031e-02
1.177960e-02;7.246151e-02;1.436287e-01;1.567044e-01;5.151349e-02;1.109296e-01;2.873527e-02;1.709228e-01;1.426485e-01;8.184592e-02;1.512630e-02;1.370407e-02
1.335610e-02;8.045340e-02;1.699643e-01;1.495556e-01;3.341803e-02;6.953005e-02;3.267848e-02;2.248797e-01;1.208995e-01;6.915170e-02;1.982187e-02;1.629125e-02
1.236745e-02;7.163371e-02;1.206300e-01;7.579169e-02;4.935164e-02;8.365105e-02;2.449245e-02;2.483878e-01;2.182430e-01;5.043465e-02;2.406204e-02;2.095441e-02
7.844604e-03;4.367192e-02;5.713735e-02;4.472575e-02;5.498904e-02;8.087245e-02;1.836731e-02;2.264113e-01;3.453710e-01;6.149907e-02;3.473872e-02;2.437145e-02
4.177683e-03;3.057135e-02;6.853496e-02;3.128421e-02;4.494429e-02;5.852259e-02;3.996983e-02;1.358541e-01;4.464448e-01;7.600471e-02;4.028749e-02;2.340392e-02
8.285260e-03;2.575481e-02;9.578709e-02;3.092007e-02;3.200337e-02;3.402335e-02;4.969458e-02;1.766941e-01;4.497783e-01;5.893290e-02;2.814714e-02;9.979089e-03
1.554966e-02;2.947174e-02;9.120023e-02;4.837773e-02;2.883150e-02;1.838148e-02;5.957591e-02;2.275188e-01;4.115246e-01;4.078807e-02;2.257354e-02;6.206752e-03
1.905886e-02;3.769509e-02;9.865534e-02;6.233585e-02;2.675021e-02;2.696148e-02;6.649543e-02;2.554177e-01;3.371158e-01;3.131147e-02;2.674916e-02;1.145361e-02
1.330928e-02;4.580994e-02;1.177343e-01;5.797857e-02;2.058882e-02;6.526738e-02;6.146178e-02;2.969639e-01;2.699811e-01;1.882825e-02;2.084259e-02;1.123421e-02
7.968496e-03;6.396763e-02;1.321253e-01;6.052476e-02;2.345509e-02;1.086107e-01;7.384282e-02;2.651861e-01;2.261493e-01;1.996388e-02;8.962475e-03;9.243402e-03
1.193079e-02;5.568077e-02;1.538025e-01;6.363502e-02;3.175203e-02;9.029662e-02;7.451931e-02;2.413520e-01;2.340314e-01;3.003554e-02;6.101838e-03;6.862150e-03
1.190609e-02;3.681884e-02;1.725510e-01;4.412733e-02;2.778429e-02;5.305194e-02;8.088247e-02;2.494612e-01;2.787248e-01;2.775526e-02;8.747016e-03;8.189818e-03
1.626555e-02;5.874032e-02;1.447927e-01;4.238759e-02;3.983287e-02;5.197936e-02;5.856903e-02;2.176301e-01;2.905031e-01;4.899507e-02;1.895098e-02;1.135333e-02
2.352067e-02;5.393557e-02;1.469130e-01;8.259449e-02;5.395319e-02;4.233872e-02;5.459460e-02;2.377475e-01;1.794451e-01;7.759461e-02;2.776653e-02;1.959603e-02
2.158638e-02;3.905886e-02;1.023496e-01;7.610483e-02;4.040756e-02;4.708419e-02;6.076292e-02;2.796979e-01;2.203115e-01;8.023770e-02;1.691454e-02;1.548410e-02
1.524696e-02;3.045016e-02;9.870543e-02;3.342311e-02;2.951395e-02;5.658092e-02;8.970920e-02;2.931827e-01;2.450005e-01;8.881632e-02;1.022836e-02;9.142332e-03
1.368951e-02;1.694560e-02;1.063353e-01;2.721230e-02;3.679309e-02;1.087700e-01;1.569113e-01;2.559884e-01;1.856339e-01;7.156964e-02;1.351251e-02;6.638520e-03
1.861952e-02;3.693771e-02;5.342687e-02;4.838998e-02;3.836987e-02;1.471526e-01;1.885792e-01;2.401061e-01;1.485545e-01;5.249953e-02;1.519823e-02;1.216589e-02
1.627658e-02;3.945956e-02;4.572779e-02;4.262738e-02;2.353486e-02;1.073894e-01;2.437008e-01;2.328075e-01;1.688741e-01;5.127887e-02;2.027763e-02;8.045496e-03
1.292135e-02;2.267528e-02;5.592136e-02;3.428694e-02;3.379958e-02;1.072022e-01;1.980580e-01;1.964755e-01;2.188559e-01;8.607147e-02;2.073793e-02;1.299442e-02
1.485082e-02;1.483940e-02;6.047457e-02;5.453654e-02;4.393405e-02;1.075759e-01;9.441110e-02;2.683923e-01;2.132677e-01;9.435427e-02;1.966023e-02;1.370300e-02
1.346836e-02;5.872120e-02;9.577492e-02;5.044300e-02;3.440319e-02;6.119322e-02;6.466466e-02;3.647019e-01;1.660123e-01;5.359814e-02;2.855247e-02;8.466685e-03
1.804193e-02;7.825524e-02;7.332478e-02;1.775524e-02;6.864163e-02;4.195412e-02;5.490795e-02;3.443878e-01;2.235360e-01;3.418721e-02;2.369722e-02;2.131088e-02
9.257553e-03;4.364928e-02;6.128842e-02;1.641812e-02;7.735011e-02;5.340089e-02;3.902997e-02;3.534270e-01;2.874494e-01;2.447304e-02;1.519876e-02;1.905746e-02
5.914642e-03;1.747789e-02;5.406774e-02;1.717171e-02;7.305220e-02;7.483448e-02;2.173737e-02;4.083542e-01;2.863775e-01;1.662077e-02;7.286173e-03;1.710535e-02
7.502721e-03;9.417669e-03;5.250380e-02;1.895976e-02;5.204820e-02;1.054636e-01;3.748647e-02;4.452201e-01;2.321791e-01;1.173886e-02;2.929603e-03;2.455003e-02
3.765851e-03;8.639478e-03;5.136873e-02;2.322627e-02;2.974081e-02;1.353396e-01;4.746541e-02;4.675243e-01;1.923688e-01;8.478971e-03;3.997932e-03;2.808371e-02
7.016020e-03;1.000695e-02;5.581259e-02;2.284317e-02;3.823749e-02;1.360113e-01;3.009503e-02;4.568568e-01;2.011064e-01;9.762878e-03;8.096310e-03;2.415498e-02
6.719196e-03;1.855210e-02;5.157974e-02;2.220971e-02;5.617911e-02;1.002371e-01;2.024916e-02;4.517337e-01;2.265704e-01;7.769710e-03;7.077359e-03;3.112273e-02
7.371671e-03;1.547274e-02;4.097020e-02;2.600623e-02;7.298556e-02;5.636926e-02;1.624435e-02;4.429429e-01;2.676731e-01;1.112650e-02;9.435156e-03;3.340233e-02
1.156955e-02;1.456851e-02;4.168922e-02;2.378042e-02;6.767698e-02;4.325638e-02;1.143014e-02;4.449784e-01;2.879479e-01;1.622612e-02;1.174151e-02;2.513478e-02
9.437801e-03;1.702465e-02;5.180582e-02;2.043401e-02;4.757448e-02;7.332077e-02;7.281030e-03;4.602860e-01;2.610605e-01;2.060641e-02;1.341307e-02;1.775547e-02
9.301014e-03;3.008827e-02;4.520946e-02;1.647932e-02;2.481502e-02;1.247543e-01;2.619694e-02;4.446731e-01;2.239493e-01;2.553354e-02;1.427982e-02;1.472002e-02
1.293755e-02;6.382416e-02;7.565694e-02;1.218638e-02;2.268087e-02;1.292168e-01;6.033169e-02;3.599074e-01;1.907829e-01;3.963544e-02;1.799167e-02;1.484829e-02
2.030690e-02;9.621098e-02;9.915786e-02;2.317630e-02;4.653014e-02;9.617269e-02;9.934634e-02;2.840151e-01;1.521792e-01;4.146671e-02;1.597520e-02;2.546263e-02
2.006556e-02;9.068330e-02;8.383193e-02;1.701413e-02;4.579552e-02;1.589376e-01;1.110029e-01;2.067605e-01;1.488357e-01;3.933091e-02;2.925354e-02;4.848848e-02
6.438065e-02;6.063009e-02;7.540011e-02;1.584805e-02;2.033215e-02;1.357372e-01;7.179949e-02;1.999340e-01;1.598380e-01;4.522438e-02;4.811043e-02;1.027654e-01
1.896371e-01;7.542278e-02;5.591673e-02;1.757942e-02;1.284047e-02;5.426813e-02;1.752208e-02;1.190752e-01;6.564672e-02;4.708008e-02;1.297335e-01;2.152778e-01
2.339520e-01;8.759190e-02;3.589472e-02;1.524707e-02;8.742739e-03;2.003989e-02;9.347831e-03;7.669363e-02;3.992302e-02;7.623321e-02;1.571636e-01;2.391704e-01
2.170969e-01;9.683578e-02;3.522222e-02;2.061317e-02;8.866629e-03;2.366365e-02;8.778336e-03;9.209246e-02;8.702774e-02;8.560675e-02;1.288496e-01;1.953469e-01
1.317516e-01;2.049983e-01;1.071152e-01;6.010404e-02;2.092796e-02;2.348555e-02;1.753055e-02;1.230228e-01;1.096705e-01;8.517672e-02;7.090807e-02;4.530861e-02
7.112691e-02;2.298276e-01;1.324647e-01;5.584385e-02;2.699058e-02;6.612336e-02;6.241532e-03;9.208529e-02;1.100572e-01;5.457142e-02;5.223758e-02;1.024300e-01
6.996414e-02;1.985722e-01;1.103113e-01;4.974637e-02;2.855516e-02;6.971018e-02;1.571737e-02;9.369074e-02;1.457555e-01;8.030775e-02;6.985654e-02;6.781267e-02
4.322737e-02;1.763194e-01;8.026613e-02;4.899396e-02;3.636479e-02;4.041506e-02;1.303497e-02;7.761165e-02;2.306363e-01;1.220098e-01;8.460865e-02;4.651191e-02
1.851823e-02;1.268163e-01;7.141719e-02;4.308609e-02;4.462890e-02;1.873996e-02;9.098831e-03;1.252901e-01;3.134387e-01;1.358176e-01;6.354812e-02;2.959993e-02
3.174758e-02;8.018553e-02;9.536222e-02;2.927103e-02;4.467103e-02;2.855980e-02;8.571109e-03;1.821644e-01;3.559838e-01;9.965222e-02;2.578420e-02;1.804711e-02
7.661735e-02;5.233158e-02;1.086739e-01;6.407035e-02;3.039356e-02;1.434730e-02;1.047237e-02;1.908610e-01;3.756319e-01;5.626988e-02;1.240826e-02;7.922512e-03
8.466952e-02;5.226776e-02;6.569590e-02;1.041437e-01;1.548326e-02;6.828405e-03;9.407646e-03;2.509476e-01;3.494938e-01;3.296817e-02;1.518387e-02;1.291040e-02
3.968976e-02;5.948647e-02;6.530167e-02;9.076960e-02;5.374826e-03;1.489109e-02;9.249586e-03;3.435929e-01;2.982215e-01;2.448999e-02;9.921281e-03;3.901134e-02
1.108773e-02;6.452254e-02;1.023005e-01;4.146815e-02;8.647524e-03;4.825563e-02;1.242856e-02;4.168005e-01;2.007435e-01;1.285945e-02;2.808121e-02;5.280456e-02
1.627782e-02;8.062480e-02;8.491626e-02;1.836867e-02;1.410478e-02;1.249899e-01;1.776170e-02;4.336857e-01;1.072069e-01;1.965854e-02;4.878921e-02;3.361565e-02
