1.571949e-01;1.184392e-01;1.100415e-01;7.170674e-02;4.316857e-02;5.462438e-02;1.576700e-01;3.674422e-02;5.785197e-02;7.104002e-02;6.284802e-02;5.867040e-02
1.577080e-01;1.095717e-01;1.135670e-01;5.505059e-02;5.622616e-02;6.886397e-02;1.316381e-01;4.225308e-02;5.421015e-02;6.703541e-02;6.016805e-02;8.370772e-02
1.244425e-01;7.974757e-02;1.518917e-01;6.483141e-02;8.686087e-02;6.269632e-02;9.934030e-02;5.658428e-02;4.770598e-02;7.528069e-02;8.794586e-02;6.267262e-02
8.045951e-02;9.487094e-02;1.899197e-01;8.041982e-02;8.267651e-02;5.337426e-02;8.627512e-02;5.387189e-02;4.796020e-02;9.738667e-02;9.849130e-02;3.429409e-02
1.036226e-01;1.063570e-01;1.602655e-01;7.171021e-02;6.733190e-02;4.743286e-02;1.375121e-01;4.702373e-02;6.265428e-02;9.692811e-02;6.762256e-02;3.153911e-02
1.157326e-01;9.671055e-02;1.146762e-01;5.462128e-02;6.736095e-02;4.869616e-02;1.373545e-01;4.960519e-02;9.684562e-02;9.461229e-02;6.876920e-02;5.501541e-02
9.149119e-02;9.099407e-02;1.077154e-01;5.435840e-02;7.290737e-02;4.692387e-02;1.184674e-01;5.820121e-02;1.270062e-01;9.118652e-02;9.020697e-02;5.054135e-02
8.100235e-02;8.604845e-02;1.236182e-01;8.255765e-02;8.172264e-02;6.148218e-02;9.643089e-02;6.061965e-02;1.333254e-01;1.004245e-01;6.688400e-02;2.588416e-02
8.407759e-02;8.975737e-02;1.178363e-01;6.209833e-02;6.985746e-02;9.060620e-02;1.174980e-01;4.909136e-02;9.981153e-02;1.018656e-01;6.087645e-02;5.662379e-02
8.949836e-02;9.229916e-02;1.092697e-01;3.704245e-02;6.375112e-02;7.919236e-02;1.653348e-01;3.778334e-02;7.400233e-02;9.874545e-02;6.975885e-02;8.332217e-02
1.110397e-01;5.504358e-02;1.508762e-01;3.780629e-02;8.050434e-02;7.486315e-02;1.083899e-01;5.899012e-02;9.380982e-02;1.121116e-01;5.314700e-02;6.341836e-02
6.939220e-02;6.438503e-02;3.374711e-01;5.129473e-02;5.835442e-02;4.387621e-02;1.444010e-01;3.867134e-02;4.427587e-02;5.181347e-02;5.092451e-02;4.514021e-02
1.200070e-01;8.039302e-02;3.330322e-01;4.012449e-02;4.980278e-02;2.524804e-02;1.221457e-01;4.452289e-02;5.247406e-02;5.178196e-02;4.095864e-02;3.950924e-02
1.633254e-01;9.861021e-02;2.220035e-01;4.197473e-02;4.930118e-02;4.024466e-02;1.307334e-01;5.395746e-02;4.806741e-02;6.507234e-02;5.039816e-02;3.631152e-02
1.724419e-01;7.925580e-02;1.274749e-01;4.272275e-02;4.552998e-02;5.853121e-02;1.693788e-01;4.523578e-02;4.937156e-02;7.597004e-02;8.753570e-02;4.655164e-02
1.408256e-01;4.328158e-02;1.056696e-01;3.834221e-02;3.995207e-02;5.834441e-02;1.914007e-01;2.681768e-02;6.732112e-02;8.518384e-02;1.111252e-01;9.173604e-02
1.411601e-01;1.678307e-02;7.258686e-02;2.662567e-02;2.431146e-02;5.078525e-02;2.264682e-01;5.971179e-02;6.960442e-02;7.336035e-02;1.028438e-01;1.357590e-01
1.689378e-01;2.484829e-02;5.033208e-02;1.311891e-02;1.086348e-02;5.789324e-02;2.457688e-01;6.625061e-02;6.720062e-02;4.693646e-02;9.158398e-02;1.562657e-01
1.514969e-01;2.541832e-02;5.073060e-02;8.458517e-03;1.005572e-02;8.470722e-02;2.374050e-01;4.897491e-02;7.568999e-02;6.438665e-02;1.137285e-01;1.289477e-01
1.050829e-01;1.398298e-02;5.167680e-02;1.308989e-02;2.304358e-02;1.036889e-01;2.448076e-01;6.441400e-02;8.308088e-02;9.892413e-02;1.206151e-01;7.759319e-02
9.758323e-02;9.215815e-03;3.971225e-02;1.137012e-02;3.965255e-02;7.833882e-02;2.833302e-01;4.735030e-02;1.002073e-01;1.011415e-01;1.037531e-01;8.834467e-02
1.383922e-01;4.544043e-02;6.197096e-02;1.852950e-02;3.925016e-02;3.775200e-02;2.528293e-01;3.982397e-02;1.011018e-01;4.983973e-02;7.368675e-02;1.413833e-01
1.856032e-01;3.710188e-02;3.919097e-02;2.802763e-02;4.153290e-02;5.694766e-02;1.451411e-01;7.869887e-02;9.225453e-02;5.787726e-02;8.615129e-02;1.514727e-01
1.553728e-01;3.170836e-02;5.482582e-02;2.755463e-02;3.731975e-02;7.488037e-02;1.409766e-01;6.840525e-02;6.009265e-02;9.142093e-02;1.391104e-01;1.183325e-01
1.353873e-01;4.614452e-02;8.169630e-02;2.753722e-02;3.972021e-02;9.363230e-02;1.873183e-01;3.404596e-02;6.221289e-02;1.185076e-01;9.849495e-02;7.530244e-02
1.163627e-01;2.299098e-02;6.573069e-02;3.346341e-02;3.270950e-02;6.090857e-02;2.342492e-01;5.692259e-02;7.130160e-02;1.062907e-01;1.034774e-01;9.559270e-02
1.319446e-01;3.756674e-02;1.098504e-01;2.857211e-02;3.634610e-02;6.310096e-02;1.858555e-01;7.850114e-02;3.317350e-02;1.087837e-01;9.838706e-02;8.791821e-02
7.113761e-02;5.895526e-02;1.512774e-01;3.579620e-02;5.263377e-02;8.776468e-02;2.037120e-01;5.239156e-02;7.830141e-02;8.311070e-02;5.060813e-02;7.431121e-02
3.877331e-02;5.325112e-02;1.324328e-01;4.027762e-02;6.199002e-02;8.439181e-02;2.141634e-01;6.426091e-02;9.261124e-02;1.018361e-01;5.284404e-02;6.316758e-02
3.403982e-02;6.696914e-02;7.450290e-02;4.727318e-02;5.981867e-02;7.635903e-02;2.286544e-01;7.030365e-02;1.037722e-01;1.120373e-01;6.773169e-02;5.853797e-02
8.351017e-02;7.682780e-02;1.173862e-01;5.499528e-02;5.421509e-02;5.852535e-02;1.874137e-01;8.220985e-02;6.506396e-02;7.488878e-02;8.097707e-02;6.398678e-02
1.084570e-01;6.142169e-02;1.000287e-01;4.315514e-02;4.028746e-02;4.462711e-02;2.047734e-01;1.343936e-01;6.142504e-02;5.993281e-02;5.942759e-02;8.207048e-02
1.032490e-01;4.897474e-02;5.059352e-02;3.657771e-02;2.494038e-02;2.080338e-02;2.884316e-01;1.531887e-01;3.822973e-02;6.551958e-02;4.324555e-02;1.262461e-01
6.161701e-02;2.902894e-02;1.689172e-02;2.920756e-02;1.026577e-02;3.070524e-02;4.112534e-01;1.217609e-01;2.499525e-02;4.897326e-02;3.429210e-02;1.810088e-01
3.448331e-02;2.335975e-02;1.972940e-02;1.728170e-02;1.143671e-02;5.748818e-02;4.509885e-01;9.485854e-02;4.238289e-02;2.369443e-02;5.978082e-02;1.645158e-01
2.065592e-02;1.576370e-02;3.743357e-02;6.284825e-03;1.903039e-02;1.085944e-01;4.026035e-01;6.045734e-02;7.109825e-02;1.631649e-02;1.316217e-01;1.101399e-01
1.163259e-02;8.393590e-03;4.671648e-02;4.245066e-03;1.879499e-02;1.498142e-01;3.179752e-01;2.472753e-02;1.053930e-01;1.453298e-02;1.996639e-01;9.811048e-02
1.544187e-02;6.471559e-03;4.246015e-02;6.012858e-03;1.949167e-02;1.557640e-01;2.623379e-01;3.855505e-02;1.074678e-01;1.439765e-02;1.942603e-01;1.373392e-01
1.596474e-02;1.654790e-02;2.928217e-02;1.578091e-02;1.838354e-02;1.352014e-01;2.637205e-01;4.990012e-02;7.498331e-02;1.505617e-02;1.528261e-01;2.123531e-01
2.737758e-02;2.316381e-02;1.483923e-02;2.464548e-02;9.081236e-03;9.412672e-02;3.558761e-01;6.792072e-02;3.829391e-02;3.060746e-02;9.147132e-02;2.225963e-01
6.449386e-02;2.119923e-02;1.178924e-02;2.290942e-02;5.325677e-03;7.071513e-02;4.314038e-01;1.119244e-01;1.695294e-02;3.919457e-02;5.208001e-02;1.520118e-01
1.071947e-01;2.740702e-02;2.027154e-02;1.757346e-02;7.172381e-03;6.025501e-02;4.238127e-01;1.575227e-01;1.774490e-02;3.419020e-02;4.276739e-02;8.408804e-02
1.418057e-01;3.991024e-02;3.927495e-02;1.828133e-02;8.227613e-03;5.135619e-02;2.958167e-01;1.512322e-01;4.804379e-02;2.448039e-02;5.500169e-02;1.265693e-01
1.664694e-01;3.471124e-02;5.446891e-02;3.217727e-02;8.942255e-03;6.274581e-02;2.021759e-01;1.089646e-01;5.940676e-02;2.866592e-02;7.068718e-02;1.705847e-01
1.657720e-01;2.763119e-02;2.908433e-02;2.910379e-02;1.526981e-02;7.656728e-02;2.297071e-01;4.483726e-02;7.439170e-02;3.054972e-02;7.946321e-02;1.976226e-01
1.416729e-01;3.382563e-02;2.841078e-02;2.555175e-02;2.028677e-02;9.033384e-02;1.353449e-01;6.598860e-02;1.013184e-01;4.341672e-02;6.558827e-02;2.482615e-01
6.818060e-02;2.544096e-02;3.259614e-02;4.032881e-02;2.106105e-02;9.497324e-02;2.080696e-01;1.246012e-01;9.426485e-02;3.226044e-02;7.194977e-02;1.862733e-01
5.464808e-02;2.286855e-02;3.318314e-02;3.398620e-02;1.234477e-02;9.102137e-02;3.456103e-01;1.230345e-01;6.295267e-02;3.745228e-02;5.977970e-02;1.231185e-01
8.464540e-02;2.900678e-02;3.919525e-02;2.948898e-02;1.442756e-02;1.054282e-01;3.457447e-01;9.139929e-02;4.440331e-02;3.403801e-02;6.498341e-02;1.172391e-01
9.640013e-02;3.026426e-02;3.831793e-02;3.618959e-02;1.619821e-02;1.130987e-01;2.988327e-01;6.435148e-02;6.072931e-02;4.423119e-02;1.062590e-01;9.512755e-02
7.232460e-02;3.069701e-02;4.354274e-02;4.548513e-02;3.400400e-02;9.424323e-02;2.393831e-01;3.610045e-02;7.144563e-02;5.509938e-02;9.897865e-02;1.786960e-01
5.906701e-02;5.133942e-02;7.542869e-02;6.628611e-02;6.059975e-02;8.199032e-02;1.757832e-01;2.466464e-02;6.844670e-02;5.832058e-02;4.241198e-02;2.356616e-01
6.309505e-02;5.597262e-02;6.484053e-02;1.324023e-01;5.071290e-02;4.359431e-02;1.085337e-01;5.321755e-02;7.879833e-02;1.049646e-01;1.140094e-01;1.298587e-01
5.351410e-02;4.961153e-02;5.849255e-02;1.648794e-01;2.953503e-02;3.351628e-02;1.061065e-01;8.446181e-02;1.220869e-01;1.184746e-01;1.113023e-01;6.801887e-02
3.594661e-02;5.326031e-02;1.729576e-01;1.043688e-01;4.545933e-02;5.357538e-02;1.843769e-01;4.772675e-02;8.146796e-02;7.964370e-02;1.014103e-01;3.980632e-02
1.067389e-01;7.233305e-02;2.838195e-01;4.208972e-02;5.903020e-02;5.664983e-02;2.022777e-01;2.342812e-02;4.056052e-02;4.213604e-02;3.883858e-02;3.209780e-02
1.768572e-01;6.714197e-02;2.493418e-01;2.839004e-02;5.130824e-02;4.100501e-02;1.873114e-01;3.143634e-02;3.236734e-02;4.493754e-02;4.303330e-02;4.686987e-02
2.610542e-01;6.305430e-02;1.517561e-01;2.193762e-02;3.612299e-02;2.649652e-02;1.534103e-01;3.191447e-02;2.653052e-02;5.580717e-02;6.575709e-02;1.061587e-01
3.274563e-01;3.499383e-02;3.535239e-02;1.980386e-02;1.622179e-02;2.381470e-02;1.089890e-01;2.283431e-02;1.797509e-02;6.828376e-02;1.049247e-01;2.193503e-01
2.379855e-01;2.551132e-02;6.253631e-02;1.437347e-02;1.213215e-02;3.408873e-02;8.686347e-02;1.999683e-02;3.892646e-02;7.547092e-02;1.277323e-01;2.643825e-01
8.379015e-02;2.844874e-02;5.085330e-02;1.295672e-02;2.658298e-02;7.151637e-02;1.208031e-01;3.520281e-02;8.139009e-02;6.584574e-02;1.920952e-01;2.305148e-01
5.671117e-02;3.202741e-02;5.745180e-02;1.664414e-02;2.548061e-02;1.217429e-01;1.148059e-01;3.777577e-02;1.159013e-01;5.111139e-02;2.390961e-01;1.312515e-01
1.081521e-01;5.975243e-02;9.057169e-02;2.804464e-02;4.086573e-02;1.217335e-01;1.018950e-01;2.564528e-02;9.061224e-02;5.421719e-02;1.981671e-01;8.034311e-02
1.644150e-01;7.689424e-02;1.092431e-01;3.567408e-02;5.800973e-02;1.044212e-01;9.650943e-02;2.474570e-02;4.759368e-02;5.832776e-02;1.440072e-01;8.015885e-02
1.342026e-01;5.897512e-02;8.551727e-02;2.435842e-02;5.506688e-02;1.706597e-01;1.110843e-01;1.506584e-02;3.069190e-02;7.151791e-02;1.684696e-01;7.439048e-02
6.018248e-02;2.837568e-02;5.709808e-02;1.104961e-02;5.442401e-02;2.617188e-01;1.011088e-01;1.824374e-02;3.490514e-02;8.576395e-02;2.465649e-01;4.056497e-02
6.932640e-02;2.962737e-02;4.815303e-02;5.787813e-03;5.867004e-02;2.766986e-01;6.128376e-02;2.780740e-02;4.696137e-02;7.226834e-02;2.716801e-01;3.173582e-02
3.260770e-02;3.008453e-02;6.118262e-02;1.169365e-02;6.454647e-02;2.792349e-01;5.188818e-02;3.412612e-02;5.792185e-02;7.330834e-02;2.751996e-01;2.820608e-02
2.628030e-02;2.907863e-02;5.700415e-02;1.357123e-02;8.692091e-02;2.773014e-01;5.278875e-02;1.899324e-02;4.224326e-02;8.523259e-02;2.883031e-01;2.228245e-02
1.872188e-02;3.837346e-02;6.606743e-02;1.304659e-02;9.957502e-02;2.392517e-01;1.899960e-02;4.276803e-02;2.613939e-02;1.232344e-01;2.915504e-01;2.227206e-02
2.027316e-02;3.801771e-02;4.276564e-02;1.287159e-02;1.088794e-01;1.904713e-01;2.697350e-02;5.765106e-02;2.584650e-02;1.774458e-01;2.828759e-01;1.592850e-02
2.398862e-02;5.573468e-02;3.198527e-02;1.713416e-02;1.225536e-01;1.385607e-01;3.642543e-02;5.344275e-02;4.594956e-02;2.327251e-01;2.225418e-01;1.895834e-02
2.324862e-02;6.670889e-02;2.566828e-02;2.574044e-02;1.359846e-01;9.628227e-02;3.009604e-02;4.093705e-02;5.175687e-02;3.011874e-01;1.764232e-01;2.596626e-02
1.611332e-02;7.884323e-02;1.743921e-02;4.100470e-02;1.498485e-01;7.982051e-02;2.305268e-02;2.236528e-02;3.894009e-02;3.620939e-01;1.466523e-01;2.382623e-02
3.547604e-02;8.614613e-02;3.707454e-02;5.839615e-02;1.447467e-01;6.832666e-02;2.639341e-02;1.723805e-02;1.001957e-01;3.227166e-01;8.537953e-02;1.791055e-02
2.603972e-02;7.757042e-02;7.227229e-02;6.548021e-02;1.196199e-01;4.330102e-02;3.636776e-02;2.323717e-02;2.009271e-01;2.429182e-01;7.387806e-02;1.838819e-02
4.880503e-02;5.094566e-02;1.098360e-01;4.515526e-02;7.821780e-02;3.470039e-02;5.394546e-02;5.029526e-02;1.965880e-01;2.105977e-01;1.007541e-01;2.015924e-02
6.744611e-02;5.451872e-02;1.233746e-01;3.256189e-02;8.086137e-02;7.737934e-02;1.174022e-01;7.373516e-02;1.014349e-01;1.489449e-01;8.020972e-02;4.213114e-02
5.716896e-02;4.867379e-02;1.134435e-01;3.159500e-02;1.144984e-01;9.363656e-02;1.886188e-01;8.952457e-02;4.858348e-02;1.161226e-01;5.861742e-02;3.951690e-02
6.603897e-02;6.285138e-02;1.211830e-01;3.012395e-02;1.243739e-01;6.683967e-02;1.611490e-01;9.080681e-02;9.232120e-02;8.618384e-02;6.480690e-02;3.332136e-02
3.905088e-02;6.828264e-02;2.628690e-01;3.775769e-02;8.338098e-02;5.097652e-02;1.498561e-01;6.486429e-02;1.187938e-01;6.291639e-02;3.071189e-02;3.053978e-02
7.151344e-02;5.647338e-02;2.143783e-01;2.973272e-02;7.787020e-02;3.429995e-02;1.606096e-01;5.587943e-02;1.344628e-01;7.246565e-02;4.721941e-02;4.509512e-02
1.241511e-01;4.829371e-02;2.179033e-01;3.455166e-02;9.479272e-02;8.295281e-02;1.211803e-01;3.321560e-02;9.411002e-02;6.995177e-02;4.199325e-02;3.690384e-02
8.959775e-02;8.138949e-02;1.536904e-01;4.105781e-02;1.319855e-01;1.134544e-01;1.165899e-01;7.332213e-02;4.431218e-02;6.211890e-02;4.316593e-02;4.931565e-02
8.534821e-02;5.402219e-02;1.917840e-01;4.277905e-02;1.296992e-01;1.000081e-01;1.187908e-01;7.637455e-02;6.244243e-02;5.804432e-02;3.671512e-02;4.399197e-02
3.600142e-02;6.279743e-02;2.099738e-01;3.741153e-02;1.102052e-01;9.527037e-02;1.333406e-01;6.297383e-02;5.701508e-02;6.843712e-02;5.687736e-02;6.969628e-02
1.087997e-01;6.964789e-02;7.211612e-02;3.725135e-02;5.177837e-02;5.437658e-02;1.312470e-01;8.792485e-02;1.266241e-01;1.034987e-01;1.042756e-01;5.245967e-02
1.049069e-01;6.329851e-02;8.265455e-02;3.144838e-02;3.842612e-02;4.620998e-02;1.276672e-01;9.248292e-02;1.462104e-01;1.018634e-01;9.962469e-02;6.520696e-02
8.297460e-02;7.380318e-02;9.652740e-02;4.118736e-02;2.573250e-02;4.242248e-02;9.245031e-02;1.211925e-01;1.760173e-01;9.887385e-02;8.388714e-02;6.493129e-02
1.217954e-01;7.994135e-02;1.392749e-01;3.910681e-02;3.589961e-02;2.554388e-02;1.286500e-01;1.281255e-01;1.363775e-01;5.221321e-02;5.759484e-02;5.547695e-02
1.153349e-01;5.585621e-02;1.076751e-01;3.438624e-02;2.964569e-02;7.165025e-02;2.226835e-01;1.001023e-01;8.416006e-02;3.251638e-02;7.053602e-02;7.545336e-02
7.318346e-02;2.253775e-02;8.608244e-02;2.379649e-02;1.613683e-02;1.435929e-01;3.243903e-01;5.471690e-02;5.351961e-02;1.346161e-02;9.764315e-02;9.093857e-02
3.325170e-02;1.342493e-02;1.087195e-01;9.025076e-03;1.151962e-02;2.167871e-01;3.343643e-01;1.243749e-02;4.161964e-02;1.718358e-02;1.490691e-01;5.259794e-02
2.029924e-02;1.042558e-02;1.457717e-01;4.632884e-03;1.648132e-02;2.400525e-01;2.702248e-01;7.575929e-03;3.753956e-02;1.413925e-02;1.809395e-01;5.191775e-02
2.024792e-02;6.069970e-03;1.623069e-01;7.328245e-03;9.353627e-03;2.201389e-01;2.335398e-01;1.314015e-02;3.151638e-02;8.122501e-03;2.011152e-01;8.712045e-02
1.176308e-02;6.114297e-03;1.715983e-01;6.274276e-03;8.670378e-03;2.089564e-01;2.151531e-01;3.436506e-03;3.077618e-02;1.091183e-02;2.368060e-01;8.953968e-02
1.774667e-02;6.481369e-03;1.780629e-01;7.546121e-03;1.310791e-02;2.053549e-01;1.807315e-01;1.143203e-02;3.956189e-02;1.800585e-02;2.566374e-01;6.533154e-02
1.867482e-02;1.186852e-02;2.014374e-01;5.663707e-03;1.703614e-02;2.056952e-01;1.126441e-01;1.115384e-02;4.809847e-02;2.309991e-02;2.972930e-01;4.733490e-02
2.942380e-02;9.618436e-03;2.155427e-01;8.033910e-03;1.794741e-02;2.105194e-01;3.017534e-02;1.930512e-02;6.658455e-02;2.443236e-02;3.424235e-01;2.599347e-02
3.219014e-02;8.589594e-03;2.049629e-01;9.425606e-03;1.979598e-02;2.012436e-01;6.506275e-02;2.469886e-02;7.373624e-02;2.509371e-02;3.201878e-01;1.501282e-02
2.143935e-02;9.679121e-03;1.689792e-01;1.465761e-02;1.596611e-02;1.893545e-01;1.594415e-01;7.038263e-03;6.263554e-02;1.632868e-02;2.701181e-01;6.436210e-02
1.218019e-02;1.154175e-02;1.301507e-01;6.481652e-03;1.347670e-02;1.890439e-01;2.274491e-01;2.603617e-02;4.781947e-02;1.703674e-02;2.304037e-01;8.837983e-02
9.578547e-03;7.414652e-03;9.090246e-02;2.565491e-02;8.201012e-03;1.738209e-01;3.012548e-01;1.950394e-02;3.576448e-02;1.302841e-02;1.736434e-01;1.412325e-01
1.501338e-02;4.678764e-03;5.075490e-02;3.948692e-02;5.663608e-03;1.241732e-01;3.959208e-01;1.786743e-02;3.031960e-02;8.957294e-03;1.046709e-01;2.024931e-01
1.754167e-02;5.661909e-03;2.624374e-02;4.403057e-02;2.926292e-03;8.692211e-02;4.668620e-01;3.490227e-02;2.530937e-02;9.625756e-03;6.853783e-02;2.114365e-01
3.453898e-02;6.318856e-03;1.329035e-02;4.447699e-02;3.609966e-03;6.775708e-02;5.094495e-01;5.043452e-02;2.393083e-02;1.547488e-02;4.546912e-02;1.852490e-01
5.193271e-02;5.005545e-03;7.879590e-03;4.062960e-02;2.885503e-03;5.911807e-02;5.310184e-01;5.568767e-02;1.789716e-02;3.007923e-02;3.075286e-02;1.671137e-01
7.397701e-02;1.119563e-02;1.914602e-02;3.174266e-02;3.895772e-03;5.869574e-02;4.726157e-01;5.641528e-02;7.719371e-03;4.084006e-02;4.981977e-02;1.739370e-01
9.428361e-02;1.969956e-02;4.204071e-02;2.368482e-02;7.902267e-03;6.851032e-02;3.671886e-01;5.118239e-02;2.094170e-02;5.914970e-02;8.226158e-02;1.631547e-01
1.477573e-01;1.794741e-02;7.163130e-02;3.260103e-02;9.801342e-03;6.234733e-02;2.639246e-01;5.273015e-02;4.946288e-02;7.072308e-02;8.704488e-02;1.340287e-01
2.195781e-01;4.932534e-02;6.458486e-02;3.044380e-02;1.111588e-02;4.011275e-02;1.954886e-01;6.274179e-02;7.656725e-02;7.425560e-02;4.434701e-02;1.314390e-01
2.381606e-01;2.981163e-02;5.946200e-02;2.239318e-02;1.128762e-02;2.960450e-02;1.551103e-01;5.899172e-02;7.809023e-02;7.046743e-02;7.760020e-02;1.690206e-01
1.811233e-01;1.608163e-02;6.994453e-02;2.127081e-02;1.345399e-02;3.756918e-02;1.646629e-01;4.922405e-02;9.163243e-02;6.018526e-02;1.052693e-01;1.895826e-01
4.411925e-02;3.222505e-02;9.841757e-02;2.308645e-02;2.912109e-02;6.637370e-02;2.018139e-01;6.787778e-02;8.661307e-02;5.688133e-02;1.124452e-01;1.810255e-01
1.894583e-01;6.134487e-02;8.860484e-02;4.377776e-02;4.940352e-02;6.926672e-02;1.351716e-01;1.072614e-01;4.264743e-02;4.987358e-02;5.560966e-02;1.075804e-01
2.133315e-01;6.885470e-02;5.186424e-02;6.309241e-02;4.297051e-02;4.709578e-02;1.629634e-01;1.074997e-01;9.008256e-02;5.603355e-02;2.716139e-02;6.905019e-02
1.730531e-01;4.021712e-02;9.860894e-02;8.411181e-02;4.545635e-02;3.778882e-02;1.569929e-01;9.512683e-02;1.005080e-01;7.867393e-02;3.625303e-02;5.320927e-02
1.779476e-01;2.736468e-02;1.004122e-01;9.683122e-02;5.602707e-02;4.376442e-02;1.593413e-01;5.904975e-02;8.210570e-02;9.341823e-02;4.586806e-02;5.786974e-02
1.908432e-01;6.286465e-02;7.977935e-02;7.268120e-02;4.111378e-02;5.840524e-02;1.654625e-01;6.883230e-02;7.812769e-02;7.912093e-02;3.502732e-02;6.774186e-02
2.040711e-01;1.056276e-01;1.181621e-01;5.859557e-02;3.007018e-02;5.284833e-02;1.256447e-01;6.984354e-02;8.237487e-02;6.149448e-02;3.161594e-02;5.965156e-02
2.354297e-01;1.011109e-01;1.135693e-01;6.298160e-02;3.527051e-02;6.140215e-02;1.025887e-01;5.306671e-02;9.337585e-02;4.736612e-02;3.799950e-02;5.583895e-02
2.167535e-01;6.883021e-02;9.517637e-02;5.671182e-02;4.519728e-02;6.449874e-02;1.555184e-01;7.325897e-02;8.918961e-02;3.490410e-02;3.310254e-02;6.685844e-02
1.954546e-01;8.701891e-02;3.021675e-02;5.642638e-02;4.794276e-02;5.778147e-02;1.487556e-01;1.078103e-01;1.346045e-01;4.267623e-02;2.573356e-02;6.557890e-02
8.095778e-02;8.670419e-02;1.423840e-01;6.246715e-02;5.673535e-02;6.082986e-02;1.225728e-01;8.650812e-02;1.691749e-01;3.780284e-02;2.893205e-02;6.493096e-02
1.169056e-01;7.929126e-02;2.284725e-01;5.648115e-02;6.547398e-02;5.356975e-02;1.081377e-01;3.961640e-02;1.423369e-01;3.082719e-02;2.370638e-02;5.518119e-02
1.074529e-01;4.955849e-02;1.964591e-01;4.224212e-02;7.376266e-02;4.639312e-02;1.256156e-01;7.479446e-02;1.708525e-01;4.332939e-02;2.406329e-02;4.547641e-02
9.054554e-02;4.008981e-02;2.245061e-01;5.316410e-02;7.295197e-02;4.642593e-02;1.007112e-01;6.963926e-02;1.474830e-01;7.905538e-02;2.764335e-02;4.778437e-02
8.161181e-02;4.233886e-02;2.524788e-01;5.903451e-02;5.611400e-02;4.406123e-02;1.576798e-01;8.024269e-02;6.863465e-02;7.099220e-02;3.861591e-02;4.819551e-02
4.384201e-02;8.001114e-02;2.392647e-01;5.040720e-02;5.874545e-02;6.315752e-02;2.037137e-01;9.179821e-02;6.183596e-02;4.170142e-02;3.744324e-02;2.807947e-02
1.099788e-01;1.062844e-01;1.268214e-01;3.301547e-02;7.030822e-02;7.647967e-02;1.898511e-01;1.025486e-01;6.307375e-02;3.203085e-02;4.848767e-02;4.112001e-02
7.365162e-02;1.036119e-01;1.275644e-01;4.242694e-02;7.875129e-02;5.389098e-02;1.587126e-01;7.080821e-02;1.036563e-01;6.786128e-02;7.633578e-02;4.272861e-02
1.009128e-01;9.881814e-02;1.300064e-01;2.892029e-02;3.392537e-02;4.203107e-02;1.146184e-01;7.922240e-02;1.499397e-01;1.025057e-01;8.816711e-02;3.093261e-02
8.948237e-02;8.632606e-02;1.133369e-01;2.280448e-02;3.256691e-02;3.807414e-02;1.530933e-01;9.189630e-02;1.744151e-01;9.503649e-02;7.859080e-02;2.437714e-02
5.060671e-02;7.058863e-02;9.463210e-02;3.467822e-02;3.655804e-02;4.808436e-02;1.934128e-01;1.096039e-01;1.641776e-01;9.366172e-02;6.191510e-02;4.208080e-02
3.110594e-02;5.603558e-02;8.108020e-02;4.071343e-02;4.208202e-02;1.024151e-01;2.104412e-01;1.022483e-01;9.425163e-02;1.179439e-01;6.739487e-02;5.428784e-02
3.362007e-02;3.814676e-02;6.507306e-02;3.256779e-02;2.011460e-02;1.516939e-01;2.220466e-01;7.890800e-02;7.251953e-02;1.097995e-01;9.954096e-02;7.596911e-02
2.907775e-02;2.276867e-02;6.015822e-02;2.196951e-02;1.595779e-02;1.885471e-01;2.399930e-01;3.417454e-02;6.971027e-02;7.316896e-02;1.567057e-01;8.776855e-02
2.351108e-02;1.721535e-02;5.462835e-02;1.420467e-02;2.200195e-02;2.015526e-01;2.048792e-01;3.692041e-02;5.793596e-02;5.753572e-02;2.234788e-01;8.613577e-02
4.020371e-02;2.678677e-02;3.649417e-02;1.152978e-02;2.764629e-02;2.080175e-01;1.039966e-01;3.166484e-02;6.639146e-02;6.444510e-02;2.928975e-01;8.992623e-02
5.250921e-02;1.888993e-02;4.879576e-02;1.366461e-02;3.912053e-02;1.961328e-01;2.813961e-02;2.536863e-02;6.441263e-02;9.997910e-02;3.232252e-01;8.976199e-02
7.851051e-02;1.515340e-02;5.290928e-02;1.874424e-02;4.318652e-02;1.560340e-01;3.511725e-02;2.820367e-02;5.158370e-02;1.441611e-01;2.936499e-01;8.274642e-02
1.024431e-01;3.800672e-02;3.474701e-02;1.571097e-02;3.498710e-02;1.253109e-01;4.118729e-02;2.317135e-02;5.962456e-02;1.772741e-01;3.031136e-01;4.442326e-02
1.076242e-01;3.110180e-02;3.537719e-02;1.344940e-02;3.131772e-02;9.663763e-02;7.424034e-02;2.339205e-02;6.869148e-02;1.600921e-01;3.061096e-01;5.196645e-02
3.341567e-02;4.959005e-02;4.207090e-02;1.474134e-02;4.225928e-02;8.020934e-02;9.248543e-02;2.277177e-02;6.229605e-02;2.028170e-01;3.002658e-01;5.707737e-02
4.919322e-02;3.888768e-02;5.802871e-02;1.577474e-02;4.764383e-02;6.601357e-02;7.043109e-02;4.964121e-02;4.922760e-02;2.424689e-01;2.421595e-01;7.052995e-02
7.149197e-02;6.544127e-02;9.288944e-02;2.295496e-02;3.095326e-02;6.934940e-02;1.245522e-01;4.087803e-02;7.160769e-02;1.854323e-01;1.607670e-01;6.368235e-02
9.367866e-02;1.086034e-01;1.118148e-01;4.992071e-02;5.644374e-02;6.123462e-02;1.447303e-01;6.232952e-02;7.768375e-02;1.300202e-01;5.544239e-02;4.809787e-02
1.063197e-01;9.464822e-02;1.400585e-01;5.413586e-02;4.620847e-02;5.035310e-02;1.997911e-01;7.967779e-02;5.231662e-02;6.174883e-02;5.937875e-02;5.536305e-02
6.109732e-02;9.460220e-02;1.615117e-01;4.044428e-02;2.988272e-02;6.353817e-02;2.406756e-01;7.386960e-02;4.860222e-02;5.618432e-02;6.501160e-02;6.458031e-02
1.442449e-01;1.124184e-01;1.446471e-01;2.740915e-02;3.143999e-02;3.960835e-02;1.388779e-01;7.747548e-02;9.661763e-02;6.015225e-02;5.288209e-02;7.422678e-02
2.163499e-01;1.186705e-01;1.437731e-01;3.861023e-02;3.309455e-02;2.481938e-02;7.760608e-02;9.045584e-02;7.126268e-02;4.494571e-02;4.978490e-02;9.062717e-02
1.927627e-01;8.735644e-02;1.425688e-01;3.916386e-02;3.644391e-02;3.592831e-02;9.807684e-02;8.228491e-02;8.786778e-02;5.234113e-02;5.722668e-02;8.797865e-02
1.466350e-01;8.308571e-02;1.092792e-01;3.886300e-02;4.240600e-02;6.164327e-02;1.063149e-01;1.277967e-01;8.920600e-02;6.915831e-02;6.799588e-02;5.761602e-02
1.174807e-01;5.888025e-02;8.415402e-02;2.434334e-02;2.148680e-02;2.463651e-02;2.048656e-01;1.858409e-01;1.067739e-01;6.108810e-02;4.264274e-02;6.780717e-02
9.585360e-02;3.005544e-02;3.727662e-02;2.344264e-02;9.874808e-03;2.024032e-02;3.177076e-01;1.944122e-01;6.229853e-02;5.286651e-02;3.028479e-02;1.256869e-01
5.305927e-02;7.160894e-03;5.817240e-03;2.712095e-02;5.208290e-03;2.764150e-02;4.436695e-01;1.485049e-01;2.965804e-02;3.617740e-02;1.119250e-02;2.047895e-01
2.958859e-02;9.356625e-03;2.186009e-02;1.980953e-02;5.624211e-03;4.985157e-02;4.269038e-01;8.167726e-02;4.925533e-02;2.506427e-02;5.806689e-02;2.229419e-01
1.572011e-02;1.026144e-02;3.455241e-02;7.987711e-03;6.033300e-03;9.284791e-02;3.447282e-01;3.559391e-02;8.499779e-02;3.393708e-02;1.387097e-01;1.946305e-01
1.303819e-02;1.086329e-02;4.635166e-02;1.004919e-02;8.662807e-03;1.392961e-01;2.683565e-01;2.550663e-02;1.119634e-01;2.069865e-02;1.921828e-01;1.530308e-01
1.425594e-02;9.618293e-03;5.457364e-02;8.387308e-03;6.899408e-03;1.843118e-01;2.175907e-01;1.806709e-02;1.039765e-01;1.996617e-02;2.130837e-01;1.492695e-01
1.805090e-02;8.022085e-03;6.201403e-02;4.455390e-03;1.213311e-02;2.115611e-01;1.700850e-01;1.497654e-02;9.558896e-02;2.225975e-02;2.390605e-01;1.417927e-01
2.738486e-02;1.179559e-02;6.490221e-02;6.828635e-03;2.674275e-02;2.296574e-01;1.202460e-01;1.649420e-02;8.301259e-02;3.566769e-02;2.630019e-01;1.142662e-01
4.755298e-02;1.796616e-02;5.939653e-02;1.648836e-02;4.087229e-02;2.197210e-01;1.101053e-01;2.330376e-02;5.123078e-02;3.289123e-02;2.362722e-01;1.441996e-01
7.584729e-02;3.081878e-02;5.985358e-02;2.602201e-02;3.528459e-02;1.511202e-01;1.482842e-01;2.692758e-02;3.518689e-02;3.800466e-02;2.099285e-01;1.627217e-01
1.156442e-01;5.602589e-02;7.122561e-02;3.191280e-02;2.930633e-02;8.299369e-02;1.383039e-01;4.690894e-02;4.369770e-02;5.434415e-02;2.071101e-01;1.225267e-01
1.888461e-01;4.628103e-02;6.548437e-02;3.259666e-02;1.997219e-02;3.103578e-02;1.290031e-01;5.001331e-02;3.960445e-02;4.755526e-02;1.819674e-01;1.676403e-01
1.966578e-01;8.154462e-03;2.964874e-02;2.914778e-02;1.954777e-02;4.085904e-02;1.805149e-01;4.170218e-02;3.041101e-02;2.514709e-02;1.616412e-01;2.365680e-01
1.255945e-01;4.506198e-02;3.595273e-02;3.931132e-02;3.908388e-02;6.827249e-02;2.113514e-01;3.522769e-02;1.701263e-02;2.992337e-02;1.205271e-01;2.326809e-01
2.825751e-01;6.408084e-02;6.333011e-02;5.837817e-02;4.270070e-02;5.318248e-02;1.796734e-01;1.646406e-02;1.042838e-02;1.891250e-02;4.678870e-02;1.634854e-01
3.503579e-01;6.378623e-02;5.249038e-02;4.335392e-02;4.442801e-02;3.412898e-02;1.651580e-01;3.181515e-02;9.204594e-03;1.730937e-02;3.604253e-02;1.519249e-01
3.230169e-01;4.022069e-02;3.499990e-02;2.783973e-02;2.328543e-02;4.413701e-02;2.107908e-01;3.423774e-02;7.061950e-03;1.690421e-02;5.579353e-02;1.817122e-01
2.216098e-01;1.208462e-02;2.320913e-02;2.520906e-02;1.073090e-02;6.385180e-02;2.991689e-01;1.990514e-02;1.307028e-02;1.857607e-02;8.041866e-02;2.121656e-01
8.062956e-02;2.142610e-02;2.993895e-02;1.977049e-02;1.416317e-02;8.077579e-02;3.411677e-01;2.192958e-02;3.877074e-02;3.111918e-02;1.258599e-01;1.944488e-01
4.909648e-02;2.819893e-02;2.518835e-02;1.338359e-02;1.418671e-02;9.472029e-02;3.225447e-01;1.384091e-02;5.815410e-02;4.902854e-02;1.839150e-01;1.477425e-01
5.543201e-02;1.024710e-02;2.327015e-02;8.532698e-03;1.850284e-02;1.069811e-01;2.703457e-01;2.352944e-02;6.061084e-02;7.323258e-02;2.308063e-01;1.185093e-01
8.197322e-02;2.305699e-02;1.519051e-02;7.940004e-03;2.264444e-02;8.538552e-02;1.995973e-01;2.777344e-02;5.883673e-02;1.115103e-01;2.429864e-01;1.231052e-01
1.098609e-01;1.720311e-02;3.724612e-02;2.024892e-02;3.270285e-02;5.583557e-02;1.559989e-01;1.809617e-02;4.784918e-02;1.603417e-01;2.364971e-01;1.081194e-01
1.221394e-01;2.347425e-02;8.873440e-02;2.423447e-02;4.359313e-02;9.489921e-02;8.731821e-02;5.609114e-02;8.167791e-02;1.427832e-01;1.646156e-01;7.043912e-02
1.400075e-01;3.973120e-02;8.281036e-02;2.915814e-02;4.568502e-02;9.461898e-02;1.408945e-01;7.442604e-02;1.109064e-01;7.558677e-02;1.095729e-01;5.660223e-02
8.642842e-02;1.780153e-02;4.864588e-02;2.373274e-02;2.661203e-02;6.939787e-02;2.477401e-01;6.823225e-02;1.298453e-01;5.200657e-02;1.312236e-01;9.833370e-02
5.337114e-02;1.458595e-02;2.344987e-02;9.406350e-03;1.074368e-02;6.692144e-02;3.125485e-01;8.128142e-02;1.368842e-01;2.742040e-02;1.504484e-01;1.129385e-01
3.105660e-02;4.633729e-03;2.399823e-02;3.901403e-03;6.684838e-03;6.250501e-02;3.267038e-01;1.066859e-01;1.324986e-01;1.280959e-02;1.426864e-01;1.458358e-01
1.126857e-02;3.340621e-03;4.191204e-02;3.654345e-03;6.607888e-03;6.463049e-02;2.809791e-01;9.411197e-02;1.173885e-01;1.470220e-02;1.768345e-01;1.845698e-01
9.465304e-03;4.297653e-03;8.126397e-02;3.590151e-03;9.165725e-03;7.375530e-02;1.821562e-01;4.107242e-02;9.577397e-02;2.274103e-02;2.791605e-01;1.975577e-01
1.889464e-02;6.482885e-03;1.389846e-01;7.180186e-03;1.057345e-02;8.226295e-02;9.124304e-02;1.416752e-02;8.056454e-02;2.064533e-02;3.995663e-01;1.294345e-01
2.372937e-02;1.040066e-02;1.843387e-01;3.815769e-03;1.243064e-02;8.819126e-02;3.966646e-02;1.098185e-02;5.787632e-02;2.981772e-02;4.836724e-01;5.507880e-02
3.058480e-02;1.455040e-02;1.849308e-01;7.348838e-03;1.617754e-02;9.797155e-02;1.284446e-02;1.350647e-02;3.532987e-02;5.835290e-02;4.850293e-01;4.337309e-02
3.311866e-02;1.679308e-02;1.363577e-01;2.486224e-02;2.268531e-02;1.071101e-01;3.462544e-02;2.126374e-02;3.007872e-02;1.175932e-01;4.181285e-01;3.738329e-02
2.045945e-02;3.333774e-02;6.616569e-02;6.365641e-02;4.225348e-02;9.808246e-02;6.719557e-02;2.737037e-02;2.577182e-02;1.688990e-01;3.538654e-01;3.294253e-02
1.958803e-02;2.830594e-02;2.385751e-02;9.679782e-02;4.972447e-02;8.413123e-02;1.076759e-01;4.297018e-02;4.008370e-02;1.794622e-01;3.046069e-01;2.279609e-02
1.812109e-02;4.323009e-02;2.042913e-02;1.162949e-01;5.366443e-02;6.514831e-02;1.114419e-01;5.061190e-02;5.253553e-02;1.918076e-01;2.481957e-01;2.851940e-02
2.322346e-02;5.962193e-02;3.409969e-02;1.054474e-01;5.239323e-02;7.118825e-02;8.555582e-02;6.377418e-02;6.039898e-02;2.157705e-01;1.960161e-01;3.251043e-02
2.048205e-02;9.072122e-02;3.223535e-02;7.796229e-02;5.742892e-02;8.104040e-02;5.712871e-02;9.059417e-02;5.461459e-02;2.449629e-01;1.554185e-01;3.741082e-02
1.303501e-02;1.435807e-01;3.257766e-02;5.214233e-02;8.452359e-02;6.354848e-02;3.141071e-02;9.544395e-02;4.147418e-02;2.915752e-01;1.143681e-01;3.632013e-02
1.547496e-02;2.095801e-01;2.078661e-02;3.177547e-02;1.026049e-01;3.251854e-02;2.101913e-02;7.762464e-02;3.730165e-02;3.521340e-01;7.117702e-02;2.800303e-02
2.002380e-02;2.603990e-01;1.445357e-02;2.260846e-02;8.995182e-02;1.413270e-02;1.091057e-02;5.371490e-02;3.014234e-02;3.952675e-01;5.765182e-02;3.074348e-02
3.717244e-02;2.587941e-01;1.661856e-02;2.327115e-02;8.601745e-02;1.784314e-02;1.234760e-02;4.081857e-02;6.528611e-02;3.834480e-01;2.238491e-02;3.599790e-02
2.390667e-02;1.931365e-01;3.449234e-02;3.453525e-02;7.708412e-02;1.554624e-02;2.167802e-02;4.457057e-02;1.611731e-01;3.026219e-01;4.210974e-02;4.914567e-02
2.453657e-02;1.273693e-01;7.594049e-02;4.952560e-02;6.614513e-02;1.721075e-02;2.810867e-02;5.101931e-02;2.160402e-01;2.501216e-01;3.761295e-02;5.636941e-02
7.410037e-02;7.526212e-02;9.613068e-02;5.887343e-02;4.770917e-02;2.753027e-02;5.260305e-02;6.583523e-02;1.603738e-01;2.527004e-01;2.962727e-02;5.925425e-02
8.953350e-02;1.160147e-01;7.003426e-02;5.931417e-02;4.353999e-02;4.474528e-02;5.007870e-02;7.368363e-02;2.434159e-02;2.678367e-01;8.917061e-02;7.170690e-02
5.039939e-02;8.756649e-02;3.125388e-02;5.479693e-02;5.440933e-02;4.445476e-02;2.592129e-02;6.196902e-02;9.093108e-02;2.713708e-01;1.691681e-01;5.775886e-02
3.452869e-02;4.459452e-02;3.759749e-02;5.110971e-02;6.899575e-02;3.977938e-02;3.203218e-02;6.280572e-02;6.657517e-02;3.202723e-01;2.066809e-01;3.502817e-02
1.694659e-02;4.715626e-02;4.770580e-02;2.295694e-02;7.086939e-02;6.228985e-02;4.567344e-02;8.262130e-02;5.487155e-02;3.176478e-01;2.095454e-01;2.171571e-02
2.741571e-02;4.394045e-02;4.419269e-02;2.274974e-02;7.368822e-02;8.277414e-02;3.300538e-02;6.888231e-02;2.491597e-02;2.618634e-01;2.725999e-01;4.397206e-02
3.763322e-02;3.946726e-02;3.047816e-02;2.410065e-02;6.776728e-02;9.392893e-02;2.660531e-02;3.849225e-02;4.412072e-02;2.236199e-01;3.269480e-01;4.683835e-02
3.995481e-02;3.471170e-02;4.373292e-02;2.320728e-02;5.703949e-02;8.356284e-02;4.351143e-02;2.612713e-02;3.287627e-02;2.462498e-01;3.272820e-01;4.174431e-02
2.411269e-02;4.383929e-02;3.796875e-02;2.136736e-02;4.948655e-02;7.576003e-02;3.555424e-02;2.149018e-02;1.858295e-02;2.838615e-01;3.529215e-01;3.505488e-02
7.435406e-02;5.229660e-02;4.461075e-02;1.131468e-02;4.065688e-02;6.198330e-02;2.424836e-02;3.525898e-02;2.122504e-02;2.621804e-01;3.250719e-01;4.679905e-02
1.011912e-01;3.836142e-02;5.536934e-02;1.290304e-02;3.922700e-02;5.713313e-02;3.458972e-02;3.733804e-02;2.459116e-02;2.215914e-01;3.475956e-01;3.010905e-02
1.043545e-01;3.323145e-02;5.040463e-02;2.152533e-02;3.604453e-02;4.809246e-02;6.661455e-02;3.000965e-02;2.884808e-02;2.052389e-01;3.085777e-01;6.705824e-02
7.043532e-02;2.544398e-02;5.250708e-02;1.311611e-02;2.872947e-02;5.473464e-02;5.016165e-02;2.802150e-02;2.834903e-02;2.294510e-01;3.467760e-01;7.227428e-02
2.192672e-02;2.397973e-02;4.735222e-02;7.633478e-03;1.969443e-02;6.801498e-02;2.038170e-02;8.937744e-03;2.706545e-02;2.540971e-01;4.321411e-01;6.877535e-02
4.095244e-02;1.500948e-02;5.444671e-02;5.430723e-03;1.251879e-02;6.909684e-02;2.469033e-02;6.849726e-03;3.426016e-02;2.522638e-01;4.018663e-01;8.261460e-02
1.188328e-02;1.338467e-02;4.609297e-02;8.914901e-03;1.017680e-02;6.730124e-02;2.370941e-02;8.764002e-03;4.756631e-02;2.850161e-01;3.694486e-01;1.077417e-01
4.943600e-02;9.911158e-03;5.056188e-02;5.113067e-03;1.212776e-02;5.673304e-02;3.624935e-02;1.364105e-02;6.213227e-02;2.744547e-01;2.956537e-01;1.339859e-01
9.445491e-02;9.520144e-03;4.925600e-02;5.851510e-03;7.899266e-03;4.482072e-02;5.085657e-02;2.146696e-02;1.028572e-01;2.329989e-01;2.214160e-01;1.586019e-01
1.316009e-01;3.595496e-03;3.829346e-02;6.384492e-03;7.036988e-03;3.656146e-02;7.212946e-02;5.479063e-02;1.391567e-01;1.558632e-01;1.764544e-01;1.781329e-01
1.512861e-01;2.950243e-02;4.076568e-02;1.152532e-02;8.698296e-03;3.353354e-02;1.047136e-01;7.618168e-02;1.193065e-01;9.700442e-02;1.537203e-01;1.737621e-01
8.483291e-02;3.749957e-02;5.183570e-02;2.581192e-02;1.448438e-02;2.481191e-02;1.598136e-01;8.798964e-02;7.723892e-02;9.495642e-02;1.467749e-01;1.939501e-01
1.916737e-01;3.337340e-02;4.167478e-02;4.266387e-02;1.465661e-02;2.212434e-02;1.813284e-01;5.865978e-02;4.181502e-02;5.168408e-02;1.015745e-01;2.187714e-01
3.117504e-01;3.405802e-02;3.092858e-02;4.954807e-02;8.867111e-03;1.847750e-02;1.581085e-01;5.817553e-02;3.419804e-02;4.412581e-02;5.007819e-02;2.016842e-01
3.643340e-01;2.488143e-02;3.529106e-02;5.361416e-02;5.346854e-03;1.279289e-02;1.389831e-01;5.161201e-02;2.448172e-02;5.216824e-02;4.321003e-02;1.932845e-01
4.267173e-01;2.535003e-02;5.799930e-02;4.490063e-02;6.591792e-03;1.237831e-02;1.029896e-01;4.735987e-02;1.822824e-02;4.278618e-02;3.832787e-02;1.763710e-01
5.312285e-01;5.327505e-02;4.086734e-02;2.751750e-02;7.357055e-03;7.605993e-03;6.220868e-02;4.926572e-02;1.666819e-02;2.788845e-02;3.058415e-02;1.455334e-01
5.865178e-01;6.420301e-02;4.286284e-02;1.691562e-02;5.369564e-03;6.524774e-03;5.007401e-02;4.813660e-02;1.414572e-02;1.640761e-02;2.593287e-02;1.229096e-01
5.825514e-01;1.213212e-01;6.804627e-02;1.316135e-02;5.087659e-03;4.510166e-03;3.598851e-02;4.915026e-02;7.471888e-03;8.669911e-03;1.839456e-02;8.564685e-02
5.534055e-01;1.611113e-01;7.774342e-02;1.276854e-02;5.170115e-03;4.458834e-03;3.993417e-02;5.654043e-02;5.877429e-03;6.461967e-03;1.316764e-02;6.336066e-02
5.587279e-01;1.218882e-01;4.465904e-02;1.043341e-02;4.314770e-03;8.044899e-03;6.553274e-02;7.669846e-02;1.242926e-02;4.756393e-03;1.348270e-02;7.903234e-02
5.871688e-01;4.866634e-02;2.399564e-02;1.260015e-02;4.714535e-03;7.250279e-03;8.447389e-02;9.732641e-02;5.940627e-03;5.564352e-03;1.353950e-02;1.087595e-01
5.464777e-01;7.635117e-02;3.710032e-02;1.087923e-02;5.603589e-03;7.078027e-03;8.022784e-02;9.829041e-02;1.106562e-02;7.789886e-03;1.111743e-02;1.080187e-01
5.178410e-01;6.965642e-02;4.241228e-02;7.304782e-03;6.962775e-03;6.535232e-03;9.625852e-02;1.032243e-01;8.366597e-03;7.792160e-03;1.672602e-02;1.169199e-01
4.741018e-01;2.834271e-02;4.190361e-02;9.838315e-03;9.001349e-03;5.488932e-03;1.472190e-01;1.126715e-01;5.371892e-03;1.060124e-02;1.982016e-02;1.356395e-01
4.222100e-01;2.972206e-02;4.362270e-02;1.547977e-02;9.962457e-03;6.698330e-03;1.870825e-01;1.009672e-01;7.643676e-03;1.096016e-02;2.419807e-02;1.414530e-01
3.886499e-01;5.682927e-02;2.906095e-02;1.781489e-02;8.443690e-03;1.903188e-02;2.076800e-01;6.952533e-02;5.661786e-03;1.252251e-02;3.976913e-02;1.450107e-01
3.248413e-01;6.613027e-02;4.226141e-02;2.063277e-02;6.882928e-03;4.069585e-02;2.095468e-01;4.154945e-02;5.944877e-03;2.851691e-02;7.237612e-02;1.406213e-01
2.340022e-01;4.055858e-02;3.802374e-02;2.105414e-02;9.333444e-03;7.831150e-02;2.159790e-01;2.786077e-02;1.675381e-02;6.475329e-02;1.444052e-01;1.089643e-01
1.728657e-01;3.967559e-02;4.655929e-02;1.477036e-02;1.839568e-02;9.133670e-02;1.909433e-01;2.241906e-02;2.050656e-02;9.327617e-02;1.914808e-01;9.777082e-02
1.310807e-01;4.621352e-02;5.501645e-02;1.991079e-02;3.163461e-02;6.339308e-02;1.424435e-01;3.217890e-02;4.019431e-02;1.257476e-01;1.942579e-01;1.179287e-01
5.471409e-02;4.561217e-02;9.289618e-02;2.722500e-02;5.863615e-02;4.146650e-02;1.005045e-01;4.866597e-02;6.130284e-02;1.604064e-01;1.927402e-01;1.158300e-01
1.290358e-01;4.843084e-02;1.244502e-01;2.577339e-02;4.623365e-02;6.691378e-02;1.345335e-01;6.364267e-02;3.046568e-02;1.117312e-01;1.434951e-01;7.529423e-02
1.424754e-01;2.093865e-02;1.622724e-01;6.075405e-02;5.448844e-02;6.711381e-02;1.029941e-01;7.577989e-02;3.913053e-02;8.989150e-02;1.352411e-01;4.892008e-02
1.698621e-01;3.723194e-02;1.459910e-01;5.543855e-02;6.598626e-02;6.876793e-02;1.315532e-01;4.300867e-02;3.521987e-02;5.218258e-02;1.170551e-01;7.770275e-02
2.655747e-01;3.615674e-02;1.103705e-01;2.868585e-02;5.957048e-02;6.211341e-02;1.374649e-01;1.688619e-02;1.236317e-02;3.799252e-02;9.715519e-02;1.356663e-01
3.020184e-01;5.773036e-02;7.847054e-02;1.574096e-02;3.788817e-02;3.134161e-02;1.644969e-01;1.754484e-02;1.302857e-02;2.745597e-02;8.905939e-02;1.652244e-01
2.606001e-01;3.035472e-02;2.478593e-02;9.373836e-03;2.683051e-02;4.112982e-02;2.289373e-01;4.113513e-02;1.414756e-02;2.626526e-02;9.966225e-02;1.967776e-01
1.813042e-01;2.181924e-02;2.754571e-02;6.838706e-03;2.162372e-02;6.714641e-02;2.582786e-01;5.257518e-02;1.950620e-02;2.864560e-02;1.230578e-01;1.916586e-01
9.450785e-02;2.921556e-02;2.034603e-02;5.628590e-03;2.577965e-02;9.018632e-02;2.474841e-01;5.563027e-02;2.752479e-02;3.688968e-02;1.804248e-01;1.863823e-01
1.083739e-01;3.223199e-02;2.336624e-02;4.537310e-03;1.795439e-02;9.098190e-02;1.821171e-01;4.907693e-02;2.048560e-02;5.558938e-02;2.322502e-01;1.830350e-01
1.110232e-01;2.814295e-02;2.253006e-02;7.509638e-03;1.645498e-02;8.132683e-02;1.257960e-01;3.371442e-02;2.217519e-02;8.097788e-02;2.843344e-01;1.860145e-01
4.503572e-02;2.804742e-02;3.440512e-02;8.189338e-03;1.276820e-02;6.820087e-02;9.854199e-02;2.119107e-02;3.310811e-02;1.020793e-01;3.392917e-01;2.091411e-01
7.718839e-02;3.202378e-02;3.862150e-02;1.133137e-02;9.713650e-03;4.293038e-02;1.074352e-01;1.871635e-02;2.649276e-02;8.319085e-02;3.059299e-01;2.464258e-01
1.795270e-01;3.607703e-02;4.469978e-02;1.061407e-02;5.374077e-03;3.845928e-02;1.054324e-01;9.878096e-03;1.537008e-02;5.067481e-02;2.367715e-01;2.671220e-01
1.727618e-01;7.661978e-03;3.912214e-02;7.391702e-03;7.492704e-03;4.502435e-02;1.152260e-01;1.350101e-02;1.400617e-02;4.494401e-02;2.336945e-01;2.991736e-01
1.788718e-01;2.965310e-02;5.267071e-02;1.396361e-02;1.089355e-02;4.463272e-02;1.095424e-01;1.116417e-02;1.486425e-02;4.186304e-02;2.182880e-01;2.735927e-01
1.299525e-01;1.024200e-02;3.737921e-02;1.301757e-02;1.377514e-02;4.437748e-02;8.803514e-02;1.957057e-02;1.736605e-02;8.770454e-02;2.914912e-01;2.470886e-01
