8.234312e-02;6.861625e-02;1.437420e-01;6.465591e-02;8.306400e-02;3.889989e-02;9.759867e-02;7.927562e-02;8.357100e-02;1.130122e-01;6.906884e-02;7.615251e-02
7.301270e-02;8.234596e-02;1.189695e-01;4.220147e-02;4.757299e-02;7.275679e-02;9.362786e-02;5.570875e-02;6.328706e-02;1.174151e-01;8.389673e-02;1.492051e-01
1.020886e-01;7.402641e-02;8.822579e-02;4.251042e-02;6.092842e-02;7.859667e-02;7.568404e-02;4.783163e-02;5.481526e-02;9.947324e-02;6.862756e-02;2.071920e-01
1.276180e-01;7.826801e-02;1.347758e-01;5.534574e-02;4.323415e-02;4.167415e-02;9.314783e-02;6.473390e-02;8.304638e-02;8.976196e-02;7.896233e-02;1.094317e-01
9.994751e-02;6.106075e-02;1.622968e-01;6.950038e-02;5.405709e-02;5.130612e-02;7.170305e-02;9.485257e-02;1.128283e-01;7.778084e-02;8.629513e-02;5.837150e-02
6.950322e-02;3.385523e-02;1.649009e-01;6.320085e-02;6.216777e-02;5.441396e-02;1.016882e-01;1.123777e-01;1.013230e-01;9.962949e-02;7.856534e-02;5.837433e-02
5.139235e-02;2.467640e-02;1.531419e-01;4.497464e-02;5.385778e-02;3.907398e-02;1.353125e-01;1.236634e-01;6.712630e-02;1.852576e-01;8.207019e-02;3.945300e-02
3.802840e-02;2.869873e-02;1.266420e-01;3.181905e-02;4.260294e-02;3.682280e-02;1.196129e-01;1.474455e-01;6.852193e-02;2.314749e-01;8.400316e-02;4.432769e-02
3.117742e-02;4.315520e-02;1.070864e-01;2.361533e-02;3.147792e-02;6.171652e-02;6.865939e-02;1.680382e-01;1.307503e-01;1.695028e-01;7.561791e-02;8.920268e-02
2.960514e-02;5.968391e-02;8.798542e-02;2.880259e-02;1.706137e-02;9.281768e-02;5.704233e-02;1.531527e-01;1.955363e-01;8.883005e-02;6.765024e-02;1.218323e-01
2.497285e-02;7.218228e-02;7.261688e-02;4.432764e-02;2.187057e-02;1.304284e-01;6.200171e-02;1.474667e-01;1.962418e-01;4.963189e-02;5.947212e-02;1.187872e-01
5.118349e-02;7.957539e-02;8.203904e-02;5.244855e-02;4.451554e-02;1.388065e-01;1.122002e-01;1.518507e-01;1.058515e-01;4.451371e-02;4.205373e-02;9.496164e-02
8.232400e-02;8.768404e-02;9.953640e-02;6.418477e-02;6.698269e-02;1.273485e-01;1.129015e-01;1.282123e-01;6.594093e-02;3.775237e-02;2.749652e-02;9.963597e-02
8.539287e-02;6.561138e-02;1.511285e-01;5.259471e-02;4.544363e-02;7.546005e-02;1.157582e-01;9.520853e-02;9.413202e-02;6.056826e-02;3.942430e-02;1.192776e-01
5.139059e-02;6.675002e-02;1.745514e-01;3.716896e-02;3.688733e-02;2.995231e-02;1.178190e-01;1.013795e-01;1.143996e-01;9.608003e-02;6.629886e-02;1.073224e-01
4.110473e-02;4.027624e-02;2.085543e-01;3.878145e-02;3.609211e-02;3.029531e-02;1.454974e-01;8.345704e-02;1.141403e-01;1.017666e-01;6.894170e-02;9.109285e-02
6.570023e-02;7.656413e-02;2.070824e-01;5.027280e-02;4.348217e-02;3.909948e-02;1.458492e-01;6.073069e-02;9.865297e-02;6.717935e-02;6.612299e-02;7.926364e-02
8.415300e-02;6.970808e-02;1.250444e-01;5.615480e-02;6.205050e-02;5.637869e-02;1.083256e-01;9.018771e-02;1.048169e-01;9.141944e-02;7.257275e-02;7.918825e-02
1.160986e-01;4.015673e-02;6.894367e-02;6.388737e-02;8.625184e-02;7.385879e-02;1.716994e-01;8.875253e-02;1.032524e-01;6.829321e-02;6.316958e-02;5.563589e-02
9.000909e-02;7.686483e-02;2.203305e-01;5.747883e-02;7.489801e-02;6.164252e-02;1.400201e-01;7.437167e-02;7.283567e-02;5.372522e-02;4.240495e-02;3.541860e-02
1.115988e-01;1.015896e-01;2.365603e-01;5.228216e-02;6.503119e-02;4.821325e-02;9.502073e-02;7.615225e-02;6.390108e-02;6.593256e-02;5.111048e-02;3.260760e-02
1.636591e-01;1.086937e-01;1.728605e-01;3.228769e-02;5.292212e-02;3.726726e-02;1.304992e-01;7.895568e-02;5.735648e-02;6.532049e-02;5.721306e-02;4.296461e-02
1.814471e-01;9.711841e-02;2.006592e-01;2.908494e-02;4.316516e-02;3.347786e-02;1.207282e-01;8.028270e-02;5.353304e-02;6.576365e-02;5.232907e-02;4.241065e-02
1.263908e-01;7.457522e-02;3.048894e-01;4.075734e-02;3.423005e-02;4.295998e-02;7.311004e-02;7.016432e-02;6.517804e-02;7.428765e-02;5.743399e-02;3.602318e-02
7.225956e-02;5.291374e-02;2.095881e-01;5.815799e-02;4.481327e-02;5.938142e-02;7.765816e-02;8.207422e-02;8.320151e-02;1.168778e-01;9.051057e-02;5.256366e-02
1.477787e-01;9.976637e-02;5.756626e-02;4.191549e-02;7.464280e-02;7.344266e-02;9.571396e-02;4.603729e-02;8.691088e-02;1.155331e-01;9.546884e-02;6.522360e-02
1.480852e-01;4.744667e-02;1.552937e-01;4.821323e-02;5.429276e-02;5.732761e-02;9.603077e-02;5.343275e-02;1.222732e-01;1.007589e-01;7.738908e-02;3.945605e-02
1.553141e-01;8.851679e-02;1.706936e-01;4.483042e-02;4.248199e-02;3.440529e-02;8.463206e-02;8.928872e-02;1.171581e-01;7.114568e-02;5.929642e-02;4.223692e-02
1.559545e-01;1.094642e-01;1.366272e-01;5.806982e-02;5.067419e-02;2.824718e-02;1.286713e-01;1.015580e-01;8.531743e-02;5.605439e-02;4.191054e-02;4.745123e-02
1.572576e-01;1.025016e-01;3.645722e-02;8.244793e-02;6.890139e-02;4.608702e-02;1.637668e-01;1.278747e-01;7.267869e-02;4.956345e-02;3.708431e-02;5.537928e-02
8.676682e-02;4.248954e-02;1.341527e-01;8.258052e-02;7.718679e-02;6.949691e-02;1.739047e-01;1.218737e-01;9.581176e-02;4.468628e-02;3.566213e-02;3.538815e-02
4.389169e-02;1.496900e-02;2.097706e-01;5.518632e-02;7.266008e-02;1.099295e-01;2.048153e-01;7.691359e-02;1.124623e-01;4.208957e-02;4.594159e-02;1.137044e-02
4.064304e-02;2.404325e-02;2.028424e-01;2.779663e-02;5.976716e-02;1.488815e-01;2.250662e-01;4.646717e-02;1.089697e-01;4.424341e-02;5.088580e-02;2.039377e-02
5.333735e-02;3.981371e-02;1.643469e-01;2.434064e-02;6.326259e-02;1.819988e-01;2.308890e-01;2.294515e-02;9.266440e-02;4.501322e-02;5.622325e-02;2.516504e-02
4.784100e-02;3.340864e-02;1.429382e-01;2.369435e-02;6.721465e-02;1.994210e-01;2.389341e-01;2.228236e-02;8.343112e-02;5.288951e-02;5.725037e-02;3.069472e-02
5.030074e-02;4.041697e-02;9.766523e-02;3.174153e-02;8.482652e-02;1.890310e-01;2.276491e-01;3.632125e-02;8.843581e-02;6.101722e-02;6.080694e-02;3.178771e-02
5.179095e-02;5.865974e-02;1.304750e-01;3.293655e-02;9.437393e-02;1.788933e-01;1.305891e-01;5.502833e-02;7.303874e-02;7.495937e-02;7.797147e-02;4.128342e-02
5.020467e-02;5.180606e-02;2.045047e-01;2.406418e-02;8.225886e-02;1.662073e-01;1.643270e-01;4.213578e-02;3.856993e-02;6.247757e-02;7.643455e-02;3.700951e-02
4.475671e-02;4.905607e-02;1.837655e-01;2.307572e-02;8.214261e-02;1.590489e-01;2.174886e-01;3.275790e-02;3.388700e-02;6.114748e-02;7.809810e-02;3.477543e-02
4.455394e-02;4.461528e-02;1.429597e-01;2.581004e-02;9.662545e-02;1.344593e-01;2.499869e-01;3.229010e-02;4.840843e-02;6.223363e-02;8.468394e-02;3.337328e-02
6.409886e-02;4.284019e-02;1.806302e-01;4.660786e-02;1.049056e-01;7.997090e-02;2.267289e-01;2.957612e-02;6.324972e-02;6.325880e-02;7.126698e-02;2.686584e-02
5.238592e-02;3.103573e-02;2.268843e-01;6.638734e-02;6.325985e-02;9.248610e-02;2.382699e-01;3.025165e-02;5.648104e-02;5.146392e-02;6.164903e-02;2.944528e-02
3.993244e-02;3.282631e-02;2.242306e-01;5.316767e-02;7.644716e-02;1.148054e-01;2.591980e-01;2.317801e-02;4.982485e-02;3.987610e-02;6.202225e-02;2.449128e-02
3.555935e-02;2.536746e-02;2.312484e-01;4.841235e-02;9.569447e-02;1.108164e-01;2.676997e-01;1.884133e-02;5.298417e-02;3.443394e-02;6.010534e-02;1.883708e-02
2.817051e-02;2.530264e-02;2.499996e-01;3.527408e-02;1.186753e-01;8.593954e-02;2.774316e-01;2.299829e-02;5.632020e-02;2.733369e-02;5.022618e-02;2.232840e-02
3.184730e-02;2.994705e-02;2.272949e-01;6.437699e-02;1.072928e-01;7.382741e-02;3.071493e-01;2.340350e-02;4.080299e-02;2.538266e-02;3.178675e-02;3.688841e-02
6.907273e-02;2.002128e-02;1.678654e-01;9.192381e-02;6.405998e-02;1.054856e-01;3.085148e-01;3.818538e-02;2.917214e-02;3.700881e-02;1.926410e-02;4.942589e-02
1.467841e-01;4.402664e-02;9.609435e-02;8.334361e-02;5.116937e-02;1.027851e-01;2.470876e-01;7.243228e-02;4.615822e-02;4.295686e-02;1.527862e-02;5.188322e-02
2.399244e-01;4.910633e-02;4.117354e-02;7.020822e-02;4.435616e-02;7.748359e-02;1.653194e-01;9.357446e-02;5.180458e-02;5.258993e-02;4.325616e-02;7.120322e-02
2.874616e-01;5.136583e-02;6.933816e-02;5.677182e-02;5.240755e-02;5.956768e-02;7.436343e-02;8.023915e-02;4.487414e-02;4.242688e-02;8.034389e-02;1.008399e-01
2.913271e-01;8.778091e-02;7.915228e-02;3.231252e-02;5.044173e-02;5.401849e-02;1.035226e-01;5.923115e-02;3.896887e-02;3.279037e-02;7.964847e-02;9.080560e-02
2.466976e-01;1.325614e-01;1.307709e-01;3.748270e-02;4.322433e-02;4.966680e-02;1.331246e-01;5.250630e-02;3.878303e-02;3.469675e-02;4.361252e-02;5.687316e-02
1.830075e-01;1.418905e-01;2.149785e-01;5.120587e-02;4.303857e-02;4.324714e-02;1.128642e-01;7.331569e-02;4.060410e-02;3.926451e-02;1.701180e-02;3.957171e-02
1.251769e-01;8.285068e-02;3.085127e-01;9.098019e-02;3.659697e-02;4.132541e-02;8.156626e-02;7.990949e-02;4.292352e-02;7.039611e-02;1.563039e-02;2.413142e-02
1.061946e-01;4.176323e-02;3.573945e-01;1.020912e-01;5.197012e-02;3.485337e-02;1.080740e-01;4.696776e-02;3.391555e-02;8.302158e-02;1.477850e-02;1.897557e-02
1.369322e-01;6.963374e-02;3.219701e-01;6.577483e-02;4.973561e-02;3.485073e-02;1.422602e-01;3.653135e-02;3.500620e-02;6.900427e-02;1.512356e-02;2.317721e-02
1.643432e-01;1.114693e-01;2.420698e-01;4.452015e-02;5.621791e-02;5.164102e-02;1.303729e-01;4.181483e-02;4.501529e-02;5.014828e-02;2.984154e-02;3.254593e-02
1.613235e-01;1.435834e-01;2.091830e-01;5.743833e-02;5.829729e-02;6.453029e-02;8.156838e-02;5.524637e-02;4.342738e-02;5.904544e-02;3.420327e-02;3.215335e-02
1.519856e-01;1.058080e-01;1.666683e-01;4.281533e-02;5.087091e-02;7.891481e-02;1.180586e-01;6.193056e-02;4.793970e-02;9.093551e-02;3.916552e-02;4.490713e-02
2.045507e-01;1.136550e-01;1.483943e-01;3.319560e-02;4.543457e-02;9.976300e-02;9.259219e-02;3.947444e-02;3.945914e-02;8.679248e-02;4.353239e-02;5.315616e-02
2.950633e-01;1.255284e-01;1.127110e-01;3.446886e-02;4.870351e-02;1.057121e-01;6.245337e-02;3.185992e-02;3.300032e-02;6.882065e-02;2.669359e-02;5.498486e-02
2.524418e-01;9.322415e-02;1.536214e-01;5.284091e-02;3.883681e-02;7.723906e-02;1.365225e-01;3.890385e-02;3.077554e-02;4.620410e-02;2.853909e-02;5.085076e-02
2.073249e-01;6.361485e-02;1.902280e-01;6.166872e-02;6.040222e-02;5.844444e-02;1.428797e-01;4.462152e-02;3.832965e-02;5.174901e-02;3.189312e-02;4.884391e-02
1.607160e-01;6.302696e-02;1.447492e-01;5.818476e-02;5.612690e-02;6.658630e-02;1.337218e-01;5.995847e-02;6.966140e-02;1.080797e-01;4.225174e-02;3.693679e-02
1.033916e-01;4.286617e-02;8.411118e-02;5.536732e-02;5.630026e-02;7.640640e-02;1.071526e-01;7.636724e-02;1.266249e-01;2.038811e-01;3.449006e-02;3.304121e-02
4.706403e-02;3.442467e-02;8.161262e-02;6.121078e-02;9.489934e-02;7.325634e-02;7.037072e-02;9.947611e-02;1.357196e-01;2.522706e-01;1.951020e-02;3.018493e-02
3.517222e-02;4.039912e-02;7.238726e-02;6.578162e-02;1.049011e-01;8.223020e-02;7.672644e-02;1.526258e-01;1.210014e-01;1.964066e-01;1.776310e-02;3.460515e-02
4.510146e-02;5.245360e-02;9.410854e-02;3.521404e-02;6.293015e-02;5.953947e-02;1.022377e-01;1.317592e-01;2.185228e-01;1.533514e-01;1.703322e-02;2.774844e-02
4.342351e-02;3.945125e-02;1.093939e-01;1.991887e-02;5.362825e-02;6.981632e-02;1.073574e-01;1.119096e-01;2.401721e-01;1.710899e-01;1.272282e-02;2.111615e-02
4.114327e-02;4.459766e-02;1.163583e-01;2.501457e-02;4.250024e-02;9.043387e-02;1.288837e-01;1.574514e-01;1.743630e-01;1.430918e-01;1.541961e-02;2.074245e-02
4.674060e-02;5.799030e-02;1.138792e-01;2.095329e-02;7.578011e-02;1.276967e-01;1.347860e-01;1.855756e-01;8.311434e-02;1.013618e-01;2.582036e-02;2.630167e-02
6.602176e-02;3.736900e-02;1.118142e-01;2.777040e-02;7.444488e-02;1.199919e-01;1.145636e-01;1.288714e-01;1.563133e-01;9.401666e-02;4.509154e-02;2.373133e-02
6.939276e-02;7.352379e-02;1.675408e-01;1.985593e-02;1.062603e-01;6.779064e-02;5.809681e-02;1.254501e-01;1.811177e-01;6.583987e-02;3.679121e-02;2.834005e-02
6.237207e-02;7.448264e-02;1.695026e-01;4.197713e-02;1.056207e-01;8.740462e-02;6.866354e-02;9.913138e-02;1.691918e-01;5.827108e-02;3.280553e-02;3.057686e-02
5.772590e-02;4.890795e-02;1.697106e-01;4.945604e-02;5.802580e-02;6.717956e-02;7.144660e-02;9.170450e-02;2.364652e-01;8.012480e-02;3.741030e-02;3.184272e-02
6.339869e-02;5.674115e-02;1.477158e-01;5.027882e-02;2.323119e-02;3.001743e-02;5.744314e-02;1.307303e-01;2.545768e-01;1.300246e-01;2.740732e-02;2.843463e-02
6.453194e-02;5.916349e-02;1.056301e-01;4.700616e-02;3.082932e-02;5.553407e-02;6.224929e-02;1.274522e-01;2.762384e-01;1.314851e-01;1.390532e-02;2.597456e-02
5.649915e-02;6.563772e-02;9.615241e-02;5.891787e-02;3.446025e-02;7.415269e-02;6.538965e-02;9.867483e-02;2.981232e-01;9.374744e-02;2.127756e-02;3.696723e-02
7.643010e-02;8.032467e-02;1.282788e-01;3.350733e-02;4.645552e-02;5.666916e-02;1.019157e-01;1.248991e-01;2.002905e-01;7.121748e-02;2.594178e-02;5.406997e-02
9.965142e-02;9.762395e-02;1.645400e-01;2.463255e-02;4.393957e-02;4.805369e-02;9.666595e-02;1.499377e-01;1.173330e-01;7.106067e-02;2.658186e-02;5.997958e-02
8.148856e-02;9.682505e-02;1.458744e-01;3.483992e-02;2.989722e-02;4.588345e-02;7.694263e-02;1.545168e-01;1.307081e-01;1.115577e-01;2.807793e-02;6.338834e-02
6.119566e-02;7.523750e-02;8.978993e-02;4.030073e-02;2.771183e-02;3.208604e-02;7.919264e-02;1.315813e-01;2.174987e-01;1.487574e-01;4.449342e-02;5.215481e-02
8.525523e-02;6.073352e-02;1.264844e-01;3.896709e-02;4.482973e-02;3.086194e-02;9.397800e-02;1.165219e-01;2.185905e-01;9.233463e-02;5.592815e-02;3.551481e-02
7.273887e-02;7.327714e-02;1.282363e-01;3.736168e-02;5.487254e-02;4.825637e-02;7.486519e-02;9.802256e-02;2.253770e-01;8.676663e-02;6.740122e-02;3.282457e-02
7.003284e-02;9.091201e-02;1.609907e-01;5.565380e-02;5.272703e-02;4.487729e-02;6.327694e-02;6.729808e-02;1.753389e-01;1.281265e-01;4.843075e-02;4.233504e-02
6.376863e-02;6.636040e-02;1.646182e-01;7.256427e-02;6.385510e-02;5.669968e-02;7.746696e-02;7.887108e-02;1.178676e-01;1.222411e-01;4.790955e-02;6.777748e-02
5.274983e-02;1.016228e-01;1.474141e-01;8.900682e-02;5.239444e-02;7.335266e-02;5.805679e-02;9.862418e-02;1.012226e-01;1.084221e-01;4.819432e-02;6.893954e-02
9.337199e-02;9.070326e-02;1.321249e-01;7.502793e-02;4.839127e-02;6.289591e-02;8.467065e-02;9.587876e-02;8.361942e-02;1.458990e-01;6.584446e-02;2.157236e-02
1.096523e-01;6.303725e-02;1.716048e-01;5.481146e-02;3.712556e-02;5.673520e-02;7.877214e-02;6.479764e-02;1.013050e-01;1.399849e-01;7.944360e-02;4.273015e-02
8.410297e-02;9.871996e-02;2.002730e-01;3.365082e-02;4.215469e-02;7.165404e-02;7.915015e-02;5.982693e-02;7.950782e-02;1.314973e-01;5.311783e-02;6.634443e-02
8.634590e-02;7.388452e-02;1.951391e-01;3.785097e-02;6.792998e-02;7.557855e-02;1.057843e-01;6.970190e-02;7.744212e-02;1.112724e-01;4.694083e-02;5.212943e-02
5.360181e-02;7.915392e-02;1.775289e-01;4.504754e-02;5.560081e-02;9.908928e-02;1.338493e-01;8.554245e-02;9.511110e-02;9.102920e-02;5.267480e-02;3.177094e-02
1.131996e-01;6.430775e-02;1.315632e-01;5.167787e-02;6.797134e-02;7.140924e-02;1.666229e-01;5.168637e-02;6.441399e-02;7.801352e-02;6.951652e-02;6.961776e-02
1.813580e-01;1.187095e-01;2.267871e-01;3.838197e-02;5.260992e-02;3.299509e-02;1.273233e-01;3.110357e-02;4.464242e-02;5.260058e-02;5.510100e-02;3.838747e-02
2.257588e-01;1.147829e-01;1.682170e-01;3.462752e-02;5.095646e-02;3.363884e-02;1.784548e-01;3.693052e-02;2.811468e-02;4.324761e-02;4.195087e-02;4.332000e-02
2.662840e-01;1.106469e-01;1.140529e-01;2.895267e-02;5.027702e-02;3.411183e-02;2.216720e-01;4.110444e-02;1.863787e-02;3.210326e-02;3.712306e-02;4.503400e-02
2.655635e-01;1.058889e-01;1.347841e-01;2.825911e-02;4.756429e-02;3.292715e-02;2.220841e-01;3.829211e-02;1.899363e-02;3.209838e-02;3.701849e-02;3.652624e-02
2.610017e-01;8.939570e-02;1.194855e-01;3.915472e-02;5.174699e-02;3.371277e-02;2.272086e-01;3.673700e-02;2.240084e-02;4.315833e-02;4.137566e-02;3.462216e-02
2.532681e-01;8.697001e-02;9.651101e-02;5.510292e-02;7.308218e-02;3.687688e-02;2.084176e-01;4.788874e-02;2.372817e-02;4.288711e-02;3.908636e-02;3.618091e-02
2.616011e-01;8.973633e-02;1.403110e-01;5.825960e-02;7.082026e-02;2.550524e-02;1.410183e-01;5.271617e-02;3.526257e-02;3.385327e-02;4.612330e-02;4.479281e-02
2.270677e-01;1.218936e-01;1.801139e-01;4.160054e-02;7.210089e-02;3.915619e-02;1.046404e-01;3.828637e-02;4.239950e-02;4.649897e-02;5.341037e-02;3.283146e-02
1.682382e-01;1.129404e-01;1.558132e-01;3.029353e-02;5.270426e-02;3.455929e-02;2.540857e-01;3.808839e-02;3.374630e-02;5.446284e-02;4.490226e-02;2.016569e-02
1.321248e-01;9.284745e-02;7.890835e-02;3.955276e-02;5.636316e-02;2.886784e-02;3.709024e-01;3.419666e-02;2.258583e-02;5.587868e-02;5.387995e-02;3.389215e-02
1.038418e-01;6.818916e-02;5.132613e-02;3.366868e-02;6.425356e-02;5.206607e-02;4.380001e-01;2.754773e-02;2.081824e-02;4.533632e-02;6.203446e-02;3.291766e-02
1.263638e-01;7.707020e-02;9.958978e-02;5.715239e-02;6.756467e-02;6.286816e-02;2.527640e-01;4.719852e-02;7.013571e-02;5.302994e-02;4.434438e-02;4.191839e-02
1.354163e-01;8.124934e-02;1.112539e-01;7.474963e-02;8.582254e-02;6.867927e-02;1.481977e-01;5.263197e-02;9.354527e-02;6.045935e-02;3.963564e-02;4.835903e-02
1.525064e-01;5.160556e-02;1.420435e-01;8.385758e-02;9.590767e-02;6.274034e-02;1.730626e-01;4.995122e-02;7.191458e-02;4.023303e-02;3.702061e-02;3.915700e-02
1.364069e-01;3.620073e-02;2.011444e-01;7.882803e-02;8.987837e-02;5.830473e-02;2.014120e-01;4.489612e-02;2.781351e-02;3.925813e-02;4.617309e-02;3.968404e-02
1.401114e-01;5.876933e-02;2.350903e-01;5.645004e-02;7.640128e-02;5.009241e-02;1.657698e-01;3.575635e-02;1.694632e-02;4.150944e-02;6.371598e-02;5.938737e-02
1.361644e-01;9.552052e-02;2.218807e-01;3.075040e-02;5.563748e-02;4.225415e-02;1.252343e-01;4.361996e-02;3.243191e-02;5.665787e-02;8.269257e-02;7.715569e-02
1.501700e-01;9.846285e-02;1.506453e-01;2.152405e-02;4.516204e-02;4.034001e-02;1.419980e-01;5.883529e-02;5.082494e-02;6.884232e-02;7.866014e-02;9.453515e-02
1.636952e-01;6.407327e-02;1.298969e-01;3.315363e-02;4.422704e-02;5.722727e-02;1.455880e-01;7.044159e-02;5.762716e-02;7.752449e-02;7.097010e-02;8.557533e-02
1.386961e-01;5.741598e-02;1.682592e-01;4.726020e-02;6.265188e-02;6.092213e-02;1.209619e-01;6.901820e-02;5.845312e-02;8.634743e-02;8.634258e-02;4.367130e-02
1.166584e-01;5.949998e-02;1.601408e-01;5.287936e-02;7.433633e-02;6.431491e-02;1.385331e-01;6.556314e-02;6.003672e-02;9.645096e-02;7.600907e-02;3.557720e-02
1.026740e-01;3.722450e-02;1.464284e-01;5.768793e-02;8.662032e-02;8.659949e-02;1.831046e-01;5.797974e-02;5.356546e-02;7.876329e-02;7.007851e-02;3.927369e-02
1.107673e-01;4.258305e-02;1.320165e-01;7.253455e-02;8.989979e-02;6.952736e-02;2.169461e-01;7.667033e-02;6.161803e-02;4.095470e-02;4.597275e-02;4.050963e-02
9.299076e-02;4.596163e-02;1.657981e-01;7.599667e-02;6.768984e-02;8.418310e-02;1.718631e-01;8.892639e-02;8.111086e-02;4.082472e-02;4.574555e-02;3.890931e-02
6.668852e-02;3.300784e-02;1.772030e-01;7.426803e-02;5.723636e-02;1.200735e-01;1.341198e-01;1.162586e-01;8.071008e-02;5.844166e-02;5.309062e-02;2.890204e-02
5.619799e-02;4.172882e-02;1.506659e-01;5.987938e-02;7.199509e-02;1.343276e-01;1.110997e-01;1.175436e-01;7.320764e-02;8.559958e-02;7.572637e-02;2.202832e-02
4.316786e-02;6.256545e-02;9.313077e-02;5.021987e-02;9.378249e-02;1.264253e-01;9.937391e-02;1.175617e-01;6.731863e-02;8.332586e-02;1.390177e-01;2.411049e-02
6.460338e-02;8.331034e-02;8.410784e-02;5.237918e-02;1.134195e-01;8.713056e-02;6.955728e-02;1.172247e-01;3.829671e-02;7.657380e-02;1.375948e-01;7.580189e-02
9.876236e-02;1.082443e-01;8.097727e-02;6.954569e-02;1.285589e-01;5.395554e-02;5.838524e-02;9.389480e-02;4.053268e-02;9.009690e-02;1.005231e-01;7.652323e-02
1.185567e-01;9.773977e-02;1.119645e-01;7.984298e-02;1.233513e-01;3.515441e-02;5.844971e-02;6.594815e-02;4.165049e-02;8.810066e-02;9.032934e-02;8.891197e-02
1.261574e-01;6.547909e-02;1.097396e-01;8.779788e-02;1.037429e-01;3.320315e-02;6.992077e-02;7.428575e-02;4.125419e-02;6.638068e-02;1.062523e-01;1.157863e-01
1.276217e-01;7.923681e-02;1.021526e-01;8.501915e-02;9.794042e-02;3.664008e-02;8.355108e-02;9.135765e-02;3.765717e-02;3.547641e-02;1.142484e-01;1.090985e-01
1.238645e-01;8.922192e-02;1.315985e-01;5.269776e-02;1.261607e-01;3.205701e-02;6.598258e-02;8.318906e-02;6.457477e-02;5.506309e-02;1.105352e-01;6.505501e-02
1.354081e-01;9.605803e-02;1.135948e-01;4.250701e-02;1.210769e-01;3.604050e-02;4.637908e-02;6.662526e-02;6.803170e-02;9.861866e-02;1.128478e-01;6.281219e-02
1.054096e-01;1.235868e-01;1.275595e-01;5.103334e-02;8.490116e-02;5.558684e-02;7.057510e-02;6.386884e-02;4.731923e-02;1.044366e-01;9.607603e-02;6.964699e-02
9.968700e-02;9.525792e-02;1.004798e-01;8.054031e-02;7.376810e-02;7.639626e-02;9.583259e-02;8.985960e-02;5.620009e-02;8.946788e-02;7.506284e-02;6.744762e-02
5.093640e-02;7.673591e-02;1.025403e-01;9.605850e-02;7.354925e-02;6.565302e-02;1.051643e-01;9.669109e-02;6.486104e-02;8.676066e-02;1.236284e-01;5.742120e-02
4.383331e-02;1.246233e-01;1.451253e-01;6.743618e-02;5.514585e-02;3.985160e-02;7.775440e-02;9.125604e-02;5.995167e-02;6.268068e-02;1.214073e-01;1.109344e-01
8.251002e-02;1.173610e-01;1.122246e-01;5.093924e-02;5.209387e-02;4.122800e-02;1.177693e-01;8.573495e-02;8.562740e-02;6.500823e-02;6.993786e-02;1.195656e-01
1.420826e-01;9.203573e-02;1.148288e-01;4.388405e-02;7.384755e-02;5.721840e-02;1.735663e-01;6.334639e-02;7.311657e-02;5.969891e-02;5.779525e-02;4.857940e-02
1.395113e-01;8.146833e-02;1.154498e-01;7.055587e-02;8.245082e-02;4.974570e-02;1.654089e-01;8.797773e-02;7.650630e-02;6.403410e-02;4.010915e-02;2.678206e-02
9.945709e-02;9.778043e-02;1.334261e-01;7.804532e-02;9.498075e-02;6.314766e-02;1.296132e-01;1.074989e-01;8.178025e-02;5.701219e-02;3.130762e-02;2.595054e-02
6.613915e-02;1.408546e-01;1.152418e-01;6.154748e-02;1.161825e-01;7.168969e-02;1.013565e-01;1.168421e-01;7.346603e-02;7.068886e-02;3.718276e-02;2.880859e-02
1.302477e-01;1.510300e-01;6.678589e-02;6.125529e-02;1.063741e-01;4.673827e-02;6.912191e-02;8.958980e-02;1.199307e-01;6.900366e-02;4.638268e-02;4.354001e-02
1.947974e-01;1.218056e-01;9.047405e-02;6.012033e-02;7.938603e-02;3.335310e-02;6.095202e-02;5.498354e-02;1.327805e-01;7.649336e-02;4.526536e-02;4.958868e-02
1.761991e-01;8.195340e-02;9.949788e-02;5.451678e-02;6.608635e-02;3.090085e-02;1.209990e-01;7.657689e-02;1.204980e-01;7.306446e-02;4.698780e-02;5.271944e-02
1.217164e-01;7.230187e-02;1.776625e-01;3.837627e-02;7.463390e-02;4.678929e-02;1.506416e-01;8.731844e-02;7.487950e-02;5.053092e-02;3.909960e-02;6.604970e-02
1.506529e-01;1.129678e-01;2.238064e-01;2.403746e-02;5.778553e-02;3.223354e-02;1.394627e-01;5.414049e-02;7.125440e-02;4.508381e-02;3.580557e-02;5.276936e-02
1.003166e-01;1.581739e-01;2.171720e-01;2.897243e-02;3.144411e-02;2.960689e-02;1.143941e-01;5.028998e-02;1.102383e-01;8.259401e-02;3.192565e-02;4.487209e-02
1.436150e-01;1.673919e-01;2.145134e-01;3.577762e-02;4.091913e-02;3.262901e-02;4.931301e-02;4.235924e-02;7.418961e-02;9.149502e-02;5.448802e-02;5.330906e-02
1.292347e-01;1.464411e-01;2.252501e-01;3.849357e-02;6.122674e-02;5.121737e-02;1.068204e-01;3.680516e-02;2.937854e-02;6.536947e-02;5.317772e-02;5.658507e-02
1.438603e-01;1.031164e-01;1.908862e-01;2.939949e-02;7.207275e-02;4.409933e-02;1.280029e-01;2.837802e-02;3.851813e-02;6.580196e-02;8.636608e-02;6.949839e-02
7.815305e-02;4.796299e-02;1.892312e-01;3.131556e-02;7.560374e-02;4.813087e-02;1.885092e-01;3.482367e-02;3.717924e-02;7.749929e-02;1.241397e-01;6.745144e-02
1.176459e-01;3.377167e-02;1.142311e-01;3.621131e-02;5.620523e-02;4.943869e-02;2.357327e-01;5.478784e-02;6.108475e-02;6.661975e-02;9.003881e-02;8.423228e-02
1.965567e-01;3.485335e-02;7.143402e-02;2.931948e-02;4.968940e-02;3.526332e-02;2.296223e-01;7.313973e-02;6.276726e-02;4.837327e-02;7.624977e-02;9.273129e-02
2.092428e-01;5.072805e-02;7.838330e-02;3.481646e-02;6.005386e-02;3.420428e-02;2.088288e-01;8.807406e-02;5.451702e-02;3.996147e-02;5.536707e-02;8.582287e-02
1.378373e-01;9.187729e-02;1.036535e-01;3.931259e-02;6.659844e-02;4.508888e-02;2.062401e-01;9.745913e-02;5.034569e-02;3.155498e-02;5.497680e-02;7.505524e-02
4.888971e-02;1.325903e-01;1.010591e-01;3.899213e-02;5.982469e-02;6.146920e-02;2.272365e-01;1.009356e-01;4.878262e-02;4.362158e-02;5.386981e-02;8.272870e-02
1.300951e-01;1.406089e-01;7.817473e-02;4.876492e-02;2.961069e-02;5.014455e-02;2.278405e-01;6.650771e-02;4.945716e-02;3.752000e-02;4.136082e-02;9.991485e-02
2.168913e-01;1.347982e-01;5.371862e-02;5.376851e-02;2.618714e-02;3.124615e-02;1.934281e-01;5.296585e-02;4.824013e-02;3.937039e-02;4.110615e-02;1.082796e-01
3.007945e-01;1.029954e-01;3.765520e-02;4.449646e-02;3.714339e-02;3.888608e-02;1.342912e-01;7.014997e-02;4.731378e-02;4.608769e-02;3.576076e-02;1.044254e-01
3.390696e-01;9.752549e-02;4.587758e-02;3.321372e-02;4.172140e-02;3.218666e-02;9.641439e-02;7.835391e-02;4.040511e-02;5.950789e-02;5.184897e-02;8.387522e-02
2.595793e-01;1.413190e-01;8.106597e-02;2.033097e-02;3.201941e-02;3.867518e-02;7.065775e-02;5.642201e-02;5.592520e-02;8.866072e-02;8.216988e-02;7.317468e-02
1.765070e-01;1.599735e-01;1.262444e-01;2.230389e-02;2.689073e-02;5.061318e-02;7.533643e-02;4.733204e-02;8.632509e-02;1.005786e-01;5.876728e-02;6.912797e-02
1.195895e-01;1.408588e-01;1.729376e-01;2.861871e-02;2.549226e-02;5.024336e-02;9.101640e-02;7.094319e-02;1.037803e-01;8.359613e-02;4.911526e-02;6.380853e-02
8.777341e-02;1.167304e-01;1.910822e-01;4.330636e-02;4.014932e-02;5.136090e-02;1.103117e-01;7.939267e-02;9.857559e-02;7.145660e-02;5.371193e-02;5.614891e-02
1.004597e-01;1.364301e-01;1.579256e-01;3.865613e-02;4.392765e-02;4.518944e-02;1.389586e-01;7.440612e-02;6.189461e-02;7.738066e-02;6.586271e-02;5.890873e-02
1.624813e-01;1.550946e-01;1.091059e-01;2.446491e-02;3.650171e-02;4.816538e-02;1.443627e-01;8.102354e-02;6.991883e-02;8.005722e-02;3.214088e-02;5.668305e-02
1.615358e-01;1.818790e-01;7.810971e-02;2.762278e-02;3.882330e-02;4.561012e-02;1.263102e-01;6.431742e-02;7.815614e-02;9.693650e-02;3.265883e-02;6.804027e-02
9.876207e-02;2.063481e-01;1.433624e-01;2.457254e-02;3.958762e-02;4.875015e-02;1.116831e-01;5.302069e-02;7.133006e-02;1.077282e-01;3.697117e-02;5.788383e-02
1.496587e-01;2.188617e-01;1.375174e-01;3.391390e-02;3.066870e-02;3.756186e-02;7.506227e-02;3.444316e-02;7.268403e-02;1.261892e-01;4.101527e-02;4.242384e-02
2.511359e-01;1.732182e-01;9.180197e-02;3.414337e-02;3.074295e-02;4.302373e-02;5.041397e-02;2.231704e-02;6.425846e-02;1.137007e-01;5.502664e-02;7.021704e-02
2.361681e-01;1.475313e-01;8.987810e-02;3.533232e-02;3.727739e-02;4.610544e-02;5.187201e-02;4.000615e-02;5.477956e-02;8.730043e-02;5.429993e-02;1.194493e-01
1.326631e-01;1.451691e-01;1.101010e-01;3.993269e-02;4.126421e-02;4.267592e-02;1.208661e-01;4.822132e-02;5.247744e-02;6.316900e-02;8.000033e-02;1.234597e-01
1.212154e-01;1.289834e-01;7.712181e-02;4.084853e-02;3.718257e-02;4.033459e-02;1.333604e-01;5.383119e-02;5.423706e-02;6.858651e-02;1.319419e-01;1.123567e-01
1.254987e-01;1.397930e-01;1.389174e-01;4.048724e-02;4.226229e-02;4.662633e-02;1.210585e-01;4.669213e-02;4.304643e-02;5.230744e-02;9.398822e-02;1.093225e-01
