3.120271e-02;1.258799e-01;1.283465e-01;2.958110e-02;6.754198e-02;2.324633e-01;5.656939e-02;1.827605e-01;7.609671e-02;3.396207e-02;1.046796e-02;2.512791e-02
2.564021e-02;1.072145e-01;1.086677e-01;4.073559e-02;7.467455e-02;2.214981e-01;5.304995e-02;1.662978e-01;1.000533e-01;3.775397e-02;2.756388e-02;3.685050e-02
3.071039e-02;9.820496e-02;7.865559e-02;4.784806e-02;7.137289e-02;2.021590e-01;1.194053e-01;1.069858e-01;1.061023e-01;3.617685e-02;4.231959e-02;6.005932e-02
5.710092e-02;1.287299e-01;7.916694e-02;4.427085e-02;4.231121e-02;1.227307e-01;2.027277e-01;1.069441e-01;7.565369e-02;2.858270e-02;2.936773e-02;8.241346e-02
9.044383e-02;1.617727e-01;1.036974e-01;3.291969e-02;2.635700e-02;7.134502e-02;1.724243e-01;1.896079e-01;4.812128e-02;2.331981e-02;1.554593e-02;6.444526e-02
1.277692e-01;2.324809e-01;1.215334e-01;1.634838e-02;4.336179e-02;5.163624e-02;7.540912e-02;2.293735e-01;3.272858e-02;1.887163e-02;1.216337e-02;3.832382e-02
1.255966e-01;3.023635e-01;1.291045e-01;1.578303e-02;5.300397e-02;4.065588e-02;3.281173e-02;1.912981e-01;4.474559e-02;1.956427e-02;8.136242e-03;3.693648e-02
1.049857e-01;3.690635e-01;1.469633e-01;1.206952e-02;3.725281e-02;4.046705e-02;5.572594e-02;1.143366e-01;6.496911e-02;2.145069e-02;9.915896e-03;2.279986e-02
7.545492e-02;4.218772e-01;2.058093e-01;1.250538e-02;2.034243e-02;5.108437e-02;5.183689e-02;3.744140e-02;7.404611e-02;1.455769e-02;1.094423e-02;2.410007e-02
4.382653e-02;4.045663e-01;2.837452e-01;1.479375e-02;1.436443e-02;5.478485e-02;2.607370e-02;3.227746e-02;6.836651e-02;2.377106e-02;1.194785e-02;2.148242e-02
2.714108e-02;3.704390e-01;3.716196e-01;1.417211e-02;1.115821e-02;3.957512e-02;2.037855e-02;3.137876e-02;4.452332e-02;4.037100e-02;1.064951e-02;1.859383e-02
3.366692e-02;3.215917e-01;4.286520e-01;1.154708e-02;8.787305e-03;2.725451e-02;2.102622e-02;3.607784e-02;3.553956e-02;5.635702e-02;6.059809e-03;1.343996e-02
2.849365e-02;2.332547e-01;4.853006e-01;1.465766e-02;1.109720e-02;2.524794e-02;4.498909e-02;2.995314e-02;4.008660e-02;7.477835e-02;7.350598e-03;4.790449e-03
2.231360e-02;1.755185e-01;4.850786e-01;2.413904e-02;1.180655e-02;3.693136e-02;7.837059e-02;3.778037e-02;3.306117e-02;7.492156e-02;1.197053e-02;8.108241e-03
2.938960e-02;1.597037e-01;5.062751e-01;3.453901e-02;7.539819e-03;3.816792e-02;7.143147e-02;2.967176e-02;2.319581e-02;6.896536e-02;1.735728e-02;1.376312e-02
3.430575e-02;2.233266e-01;4.711928e-01;4.432232e-02;1.003198e-02;3.331695e-02;4.854974e-02;2.304936e-02;1.980847e-02;5.084169e-02;2.800312e-02;1.325122e-02
3.021569e-02;2.189442e-01;4.748775e-01;5.676224e-02;8.033641e-03;3.097793e-02;3.429279e-02;3.042134e-02;2.497695e-02;5.545727e-02;2.247784e-02;1.256261e-02
3.648852e-02;2.196953e-01;4.287506e-01;6.121414e-02;1.860927e-02;4.576191e-02;2.665840e-02;4.457169e-02;1.833003e-02;7.280331e-02;1.491055e-02;1.220628e-02
5.726743e-02;3.116168e-01;3.073531e-01;3.586046e-02;2.138045e-02;4.938875e-02;3.389041e-02;5.974520e-02;3.036480e-02;6.077726e-02;2.061225e-02;1.174296e-02
6.172447e-02;3.106980e-01;3.040887e-01;2.471657e-02;9.342820e-03;6.808973e-02;4.460593e-02;4.708540e-02;5.145580e-02;3.359845e-02;2.479598e-02;1.979819e-02
4.950806e-02;2.730937e-01;3.631586e-01;3.046538e-02;1.800846e-02;2.944951e-02;5.158842e-02;4.260515e-02;6.084742e-02;2.976038e-02;2.721611e-02;2.429883e-02
3.780916e-02;1.730282e-01;2.745093e-01;5.662581e-02;6.051298e-02;9.369648e-02;7.578015e-02;9.451800e-02;3.638768e-02;4.374771e-02;2.008455e-02;3.329995e-02
2.797617e-02;1.167061e-01;1.776777e-01;1.070433e-01;9.572351e-02;1.184711e-01;1.266813e-01;1.167358e-01;2.215306e-02;3.424462e-02;2.352311e-02;3.306404e-02
2.756863e-02;1.081826e-01;1.868648e-01;9.392913e-02;8.719940e-02;1.418030e-01;1.334248e-01;1.250236e-01;3.179393e-02;2.794881e-02;1.377990e-02;2.248156e-02
3.955823e-02;1.195726e-01;2.070373e-01;5.550415e-02;6.182833e-02;1.306058e-01;1.121809e-01;1.481659e-01;3.575587e-02;3.795964e-02;2.052991e-02;3.130144e-02
7.001324e-02;1.772423e-01;2.410532e-01;3.897510e-02;5.882172e-02;1.058656e-01;2.950729e-02;1.169169e-01;3.416193e-02;4.908159e-02;3.605150e-02;4.230972e-02
4.477977e-02;1.762129e-01;2.262281e-01;7.059234e-02;8.996903e-02;1.104811e-01;3.105087e-02;8.078589e-02;4.173779e-02;8.047329e-02;2.874761e-02;1.894139e-02
2.142672e-02;1.944337e-01;2.001761e-01;6.163909e-02;7.468741e-02;1.346994e-01;4.903934e-02;3.691063e-02;9.425205e-02;9.459034e-02;2.678563e-02;1.135949e-02
3.157167e-02;2.164697e-01;1.497331e-01;2.812289e-02;5.802999e-02;1.287589e-01;4.034531e-02;5.736977e-02;1.799254e-01;7.931761e-02;1.940938e-02;1.094627e-02
1.029733e-01;1.686067e-01;7.474308e-02;1.342349e-02;7.991304e-02;9.951288e-02;2.481508e-02;1.339891e-01;2.202845e-01;4.761034e-02;2.142189e-02;1.270664e-02
1.889417e-01;1.100110e-01;9.744763e-02;1.961662e-02;8.404905e-02;4.819359e-02;2.791222e-02;2.085825e-01;1.366761e-01;2.348506e-02;3.195607e-02;2.312857e-02
2.140232e-01;7.846577e-02;1.024928e-01;2.612175e-02;4.956793e-02;2.627212e-02;5.942601e-02;2.371104e-01;5.741536e-02;4.364166e-02;4.165845e-02;6.380463e-02
1.609947e-01;5.795706e-02;7.303502e-02;5.427501e-02;1.490818e-02;3.778589e-02;1.182820e-01;1.836807e-01;4.197907e-02;6.413130e-02;3.059327e-02;1.623778e-01
7.299925e-02;4.647903e-02;6.541932e-02;8.232726e-02;1.876279e-02;5.386794e-02;1.958275e-01;9.547567e-02;3.190691e-02;6.219108e-02;1.865867e-02;2.560846e-01
3.038949e-02;9.319489e-02;7.579822e-02;9.383592e-02;2.554138e-02;5.669384e-02;2.641532e-01;2.205375e-02;2.768926e-02;4.500300e-02;1.704459e-02;2.486025e-01
2.434975e-02;1.161724e-01;7.389233e-02;8.959422e-02;3.629928e-02;1.081063e-01;2.682282e-01;3.500142e-02;3.131399e-02;2.531975e-02;2.429890e-02;1.674235e-01
2.920843e-02;1.411950e-01;8.512701e-02;8.032977e-02;5.544278e-02;1.831672e-01;2.181504e-01;3.738452e-02;3.574965e-02;1.806219e-02;3.060748e-02;8.557553e-02
4.731710e-02;1.512137e-01;1.315670e-01;7.814854e-02;6.831995e-02;1.944493e-01;9.511798e-02;7.649633e-02;5.338435e-02;2.129356e-02;1.717058e-02;6.552153e-02
3.239110e-02;1.153578e-01;1.349365e-01;6.863468e-02;5.321933e-02;1.595708e-01;1.699607e-01;8.603223e-02;6.032593e-02;2.890611e-02;3.683887e-02;5.382587e-02
3.058809e-02;7.513631e-02;1.022662e-01;4.341268e-02;4.516314e-02;1.646753e-01;2.661013e-01;1.034630e-01;5.696877e-02;3.901206e-02;2.562984e-02;4.758332e-02
2.582445e-02;5.179289e-02;7.746599e-02;2.853045e-02;6.148463e-02;1.684696e-01;2.886603e-01;7.830115e-02;9.216466e-02;5.567692e-02;3.458371e-02;3.704528e-02
3.143196e-02;2.636897e-02;6.060142e-02;2.411350e-02;5.015118e-02;2.475289e-01;2.232311e-01;8.981037e-02;1.154038e-01;6.122567e-02;4.629102e-02;2.384210e-02
3.766055e-02;3.608314e-02;5.192565e-02;2.215371e-02;2.883723e-02;2.794459e-01;1.498920e-01;1.113190e-01;1.162608e-01;5.325110e-02;5.454412e-02;5.862669e-02
2.832605e-02;3.585077e-02;4.655839e-02;2.812827e-02;3.443655e-02;2.750303e-01;9.959254e-02;1.073100e-01;1.152005e-01;7.385863e-02;5.672153e-02;9.898646e-02
2.884976e-02;6.368699e-02;7.614486e-02;2.265777e-02;1.635166e-02;2.260421e-01;1.261888e-01;9.963714e-02;1.076220e-01;7.673960e-02;5.378884e-02;1.022904e-01
3.423489e-02;6.695522e-02;1.088561e-01;1.940463e-02;1.323785e-02;1.819890e-01;1.668687e-01;9.693790e-02;9.675910e-02;7.486456e-02;5.273988e-02;8.715215e-02
5.698941e-02;9.898174e-02;1.480786e-01;3.357409e-02;2.449134e-02;1.645541e-01;1.273694e-01;7.155983e-02;7.876412e-02;6.549989e-02;5.651114e-02;7.362634e-02
8.168684e-02;1.631885e-01;1.815338e-01;5.049571e-02;1.773335e-02;1.118526e-01;5.809578e-02;7.674722e-02;9.637112e-02;5.354816e-02;6.756002e-02;4.118696e-02
6.326334e-02;1.449983e-01;1.731094e-01;4.147962e-02;3.574639e-02;1.177509e-01;9.056515e-02;7.171586e-02;8.053595e-02;5.222698e-02;6.984500e-02;5.876315e-02
5.834461e-02;1.182431e-01;1.609206e-01;3.923960e-02;4.361808e-02;1.850582e-01;6.204109e-02;8.621696e-02;1.015145e-01;4.393240e-02;4.281605e-02;5.805476e-02
2.741434e-02;7.968976e-02;1.302300e-01;4.173882e-02;2.664414e-02;2.142597e-01;7.394910e-02;1.149801e-01;1.307039e-01;5.043481e-02;2.893833e-02;8.101690e-02
3.178759e-02;6.117159e-02;1.376280e-01;2.740223e-02;2.003353e-02;1.756074e-01;1.706809e-01;1.213688e-01;1.137737e-01;5.108799e-02;3.895073e-02;5.050760e-02
3.530056e-02;9.385411e-02;1.668896e-01;4.766805e-02;3.792315e-02;1.099352e-01;1.775127e-01;1.275322e-01;8.881174e-02;4.865470e-02;3.537983e-02;3.053820e-02
5.776033e-02;1.407313e-01;1.576818e-01;6.475390e-02;6.693774e-02;9.694489e-02;8.690847e-02;1.319624e-01;7.603371e-02;3.231806e-02;4.372787e-02;4.423956e-02
6.787938e-02;1.559197e-01;9.444608e-02;6.884974e-02;7.843366e-02;1.036983e-01;1.369135e-01;1.150488e-01;7.563765e-02;3.106852e-02;3.735311e-02;3.475156e-02
6.579825e-02;1.406125e-01;7.872713e-02;4.397859e-02;4.541248e-02;1.127430e-01;1.827269e-01;7.894801e-02;7.971975e-02;5.772680e-02;4.039440e-02;7.321220e-02
4.778096e-02;1.056922e-01;9.786016e-02;2.780302e-02;3.252094e-02;2.036131e-01;1.577615e-01;6.279694e-02;7.530428e-02;5.660856e-02;4.775553e-02;8.450280e-02
3.174497e-02;9.390999e-02;1.136674e-01;3.275220e-02;3.213653e-02;2.474613e-01;1.287120e-01;7.916345e-02;9.018228e-02;5.595707e-02;4.803512e-02;4.627764e-02
2.779201e-02;6.474011e-02;1.008711e-01;4.471826e-02;6.778879e-02;1.957756e-01;1.013704e-01;1.031152e-01;1.409564e-01;7.299247e-02;4.484377e-02;3.503592e-02
1.909712e-02;5.919788e-02;9.239177e-02;5.978362e-02;1.120386e-01;6.938504e-02;1.081336e-01;1.304845e-01;1.959710e-01;9.094799e-02;2.385093e-02;3.871798e-02
2.829830e-02;5.087478e-02;6.909179e-02;5.248843e-02;1.183368e-01;9.592914e-02;9.915423e-02;1.152318e-01;2.254532e-01;7.451491e-02;1.886494e-02;5.176176e-02
3.085630e-02;4.439412e-02;4.998301e-02;5.048360e-02;1.148408e-01;1.027683e-01;9.564282e-02;9.895295e-02;2.622764e-01;7.606877e-02;2.237960e-02;5.135337e-02
2.970669e-02;5.213680e-02;4.929395e-02;3.903323e-02;1.053282e-01;1.466274e-01;7.219363e-02;1.049217e-01;2.352823e-01;9.309260e-02;2.500361e-02;4.738002e-02
2.539039e-02;5.394918e-02;6.381781e-02;3.079214e-02;8.309842e-02;1.314412e-01;9.357944e-02;1.023267e-01;2.400731e-01;8.649561e-02;2.245846e-02;6.657764e-02
2.361277e-02;9.754318e-02;8.581114e-02;3.623949e-02;5.571225e-02;8.364885e-02;6.449336e-02;1.714511e-01;2.279912e-01;4.994020e-02;1.890248e-02;8.465400e-02
3.016443e-02;1.470730e-01;1.187437e-01;3.025729e-02;4.158653e-02;9.280972e-02;1.939585e-02;1.845707e-01;1.602675e-01;4.461358e-02;3.515050e-02;9.536718e-02
5.133257e-02;1.621079e-01;1.490090e-01;2.957233e-02;4.828575e-02;7.314446e-02;7.246811e-02;1.306036e-01;1.319733e-01;4.614200e-02;3.620134e-02;6.915972e-02
5.064967e-02;1.004435e-01;1.259226e-01;2.713040e-02;5.660672e-02;6.580021e-02;1.093094e-01;1.400983e-01;1.715819e-01;5.536867e-02;4.229318e-02;5.479538e-02
5.876268e-02;6.764515e-02;1.065903e-01;3.757413e-02;5.009465e-02;7.848515e-02;9.534344e-02;1.435200e-01;1.801264e-01;5.357170e-02;3.852906e-02;8.975737e-02
6.429400e-02;9.157363e-02;1.037596e-01;4.685159e-02;3.596120e-02;9.875794e-02;9.770858e-02;1.586074e-01;1.351203e-01;6.218214e-02;4.518550e-02;5.999805e-02
3.582934e-02;9.157754e-02;1.275650e-01;6.073060e-02;5.167634e-02;8.327598e-02;9.918857e-02;1.509139e-01;1.545872e-01;5.009093e-02;4.609398e-02;4.847065e-02
4.287040e-02;8.065003e-02;1.235031e-01;9.738164e-02;8.827415e-02;7.027731e-02;1.052374e-01;1.302419e-01;1.350553e-01;4.769618e-02;3.655311e-02;4.225954e-02
4.717145e-02;6.884025e-02;1.237775e-01;1.192789e-01;7.818732e-02;1.069708e-01;1.072884e-01;1.177413e-01;1.071962e-01;4.401638e-02;2.344402e-02;5.608745e-02
4.220318e-02;1.097352e-01;1.317947e-01;1.136982e-01;5.922327e-02;8.498735e-02;8.394491e-02;1.275221e-01;1.328233e-01;4.433046e-02;2.263974e-02;4.709768e-02
2.947322e-02;1.042969e-01;1.210422e-01;1.149709e-01;1.398189e-01;8.690842e-02;3.937036e-02;1.251292e-01;1.516940e-01;4.535309e-02;1.464107e-02;2.730172e-02
3.157587e-02;6.310657e-02;1.182084e-01;1.574506e-01;1.832781e-01;9.246859e-02;3.262665e-02;8.985513e-02;1.480785e-01;3.626795e-02;1.891368e-02;2.816996e-02
2.391625e-02;5.213567e-02;1.374508e-01;1.862042e-01;1.599623e-01;6.475064e-02;4.150731e-02;1.196678e-01;1.295305e-01;3.411749e-02;2.226569e-02;2.849132e-02
2.483733e-02;8.952857e-02;1.611280e-01;1.625379e-01;1.166965e-01;7.000344e-02;3.821230e-02;1.680079e-01;9.317117e-02;3.523666e-02;1.953544e-02;2.110485e-02
2.638154e-02;1.088096e-01;1.851060e-01;1.322288e-01;6.257923e-02;5.411813e-02;3.889975e-02;1.935945e-01;1.118804e-01;5.462984e-02;1.595418e-02;1.581802e-02
2.147259e-02;6.288213e-02;1.357218e-01;1.687877e-01;8.942938e-02;4.482298e-02;3.487763e-02;1.497488e-01;1.759072e-01;7.840287e-02;1.692822e-02;2.101873e-02
2.565190e-02;3.133237e-02;1.109838e-01;1.911729e-01;8.824758e-02;4.042244e-02;3.303403e-02;1.482798e-01;2.015589e-01;1.011918e-01;1.537950e-02;1.274491e-02
2.937222e-02;2.063116e-02;9.934419e-02;1.937110e-01;6.924289e-02;2.575383e-02;4.508992e-02;1.596560e-01;2.181230e-01;1.138331e-01;1.382751e-02;1.141508e-02
3.289458e-02;2.358832e-02;7.624576e-02;1.720972e-01;3.799959e-02;2.178014e-02;6.127239e-02;1.867414e-01;2.367695e-01;1.224974e-01;1.341436e-02;1.469943e-02
2.686064e-02;3.473816e-02;6.915374e-02;1.276567e-01;1.822444e-02;1.431724e-02;6.106499e-02;2.358914e-01;2.510487e-01;1.338192e-01;1.024168e-02;1.698305e-02
1.970722e-02;2.693671e-02;5.016718e-02;9.808901e-02;1.250505e-02;1.892406e-02;4.005935e-02;3.006273e-01;2.746883e-01;1.348105e-01;1.152162e-02;1.196362e-02
2.049512e-02;2.741970e-02;3.976048e-02;9.206843e-02;2.692153e-02;1.991347e-02;5.131058e-02;3.216025e-01;2.796553e-01;1.019716e-01;9.047249e-03;9.834024e-03
2.344837e-02;2.826522e-02;3.084418e-02;9.641185e-02;5.884212e-02;4.915741e-02;6.322346e-02;2.831094e-01;2.879513e-01;6.084730e-02;6.590351e-03;1.130900e-02
1.433753e-02;3.453737e-02;2.707628e-02;9.684889e-02;9.039876e-02;6.123423e-02;6.227850e-02;2.078155e-01;3.132745e-01;6.641420e-02;9.227078e-03;1.655720e-02
9.301960e-03;4.454333e-02;4.252964e-02;9.241947e-02;1.004683e-01;4.654334e-02;3.345042e-02;1.818664e-01;3.146532e-01;1.014939e-01;1.852124e-02;1.420883e-02
1.350865e-02;5.883200e-02;5.264279e-02;8.837522e-02;6.921624e-02;3.904853e-02;2.652769e-02;2.072678e-01;2.948289e-01;1.016845e-01;2.756534e-02;2.050230e-02
2.179888e-02;4.519683e-02;4.657805e-02;9.564978e-02;4.449731e-02;8.849133e-02;3.313355e-02;2.593701e-01;2.029706e-01;1.000767e-01;3.826429e-02;2.397271e-02
1.663042e-02;3.209944e-02;6.835215e-02;1.028029e-01;7.992559e-02;7.143080e-02;4.178576e-02;2.204293e-01;2.363810e-01;7.398362e-02;3.824671e-02;1.793233e-02
1.361320e-02;4.733448e-02;9.550916e-02;9.831266e-02;4.140665e-02;8.949407e-02;4.722643e-02;1.784882e-01;2.581473e-01;7.805485e-02;3.488404e-02;1.752904e-02
1.487932e-02;4.453465e-02;1.093633e-01;8.267374e-02;4.109789e-02;1.030411e-01;3.020575e-02;1.917912e-01;2.527555e-01;6.352931e-02;4.688248e-02;1.924578e-02
1.737525e-02;4.910506e-02;1.026211e-01;5.542683e-02;4.701702e-02;1.057044e-01;3.452745e-02;2.028334e-01;2.599106e-01;5.206126e-02;4.440025e-02;2.901730e-02
3.098913e-02;3.509295e-02;1.041250e-01;7.249740e-02;4.414870e-02;1.021365e-01;2.967815e-02;2.032707e-01;2.542487e-01;6.246582e-02;3.603392e-02;2.531292e-02
3.055516e-02;5.917338e-02;1.001878e-01;6.824046e-02;3.987657e-02;1.232860e-01;4.423224e-02;1.780830e-01;2.158497e-01;6.705120e-02;5.035506e-02;2.310940e-02
2.406030e-02;6.188863e-02;7.071344e-02;4.038790e-02;2.701814e-02;1.703971e-01;6.226028e-02;1.769903e-01;2.249936e-01;6.329580e-02;5.377722e-02;2.421737e-02
2.095804e-02;2.585482e-02;6.147794e-02;3.391132e-02;3.246782e-02;2.370738e-01;5.596278e-02;1.700167e-01;2.032795e-01;6.549292e-02;5.728876e-02;3.621562e-02
2.160647e-02;3.357257e-02;7.136687e-02;6.361093e-02;3.578911e-02;2.478688e-01;4.368616e-02;1.457001e-01;1.795578e-01;6.326309e-02;5.022935e-02;4.374868e-02
2.392544e-02;5.698015e-02;8.814550e-02;8.653496e-02;8.814538e-02;1.507005e-01;5.667078e-02;1.433375e-01;1.892171e-01;4.945488e-02;3.392774e-02;3.296009e-02
1.751161e-02;6.217971e-02;8.156597e-02;1.016947e-01;1.291600e-01;6.427919e-02;7.238298e-02;1.665949e-01;2.134902e-01;5.148300e-02;2.264328e-02;1.701446e-02
2.199165e-02;6.481672e-02;1.006063e-01;9.787171e-02;9.810950e-02;5.974253e-02;6.347986e-02;1.712732e-01;2.291635e-01;5.484756e-02;2.245406e-02;1.564330e-02
2.717187e-02;6.102574e-02;9.827800e-02;8.682582e-02;7.037216e-02;9.159981e-02;3.900727e-02;1.770574e-01;2.400203e-01;6.091835e-02;2.487905e-02;2.284425e-02
3.730471e-02;7.244448e-02;9.320331e-02;6.112757e-02;2.988935e-02;9.363313e-02;2.151045e-02;1.804937e-01;2.923692e-01;6.754411e-02;2.732272e-02;2.315730e-02
4.183330e-02;8.268420e-02;9.166520e-02;3.986787e-02;3.220190e-02;8.886188e-02;4.630165e-02;1.822896e-01;2.619221e-01;6.284284e-02;3.791934e-02;3.161011e-02
5.481751e-02;1.116642e-01;1.048844e-01;5.260275e-02;4.206801e-02;8.716135e-02;6.269258e-02;1.262586e-01;2.168395e-01;6.798022e-02;4.393531e-02;2.909563e-02
3.875548e-02;7.826576e-02;1.295502e-01;7.165464e-02;2.969972e-02;8.693643e-02;6.940924e-02;1.717745e-01;2.008974e-01;5.073579e-02;4.276632e-02;2.955464e-02
1.415517e-02;4.023372e-02;1.408869e-01;9.262795e-02;5.473391e-02;5.769510e-02;4.060494e-02;1.787860e-01;2.474743e-01;5.377698e-02;3.381946e-02;4.520551e-02
2.296314e-02;7.016719e-02;1.248540e-01;6.775353e-02;6.666364e-02;7.390549e-02;4.941971e-02;2.248525e-01;1.991727e-01;3.907113e-02;2.025099e-02;4.092610e-02
3.623749e-02;9.365135e-02;1.304623e-01;4.056294e-02;6.213923e-02;4.649043e-02;4.843762e-02;2.581410e-01;1.760266e-01;3.867546e-02;2.256419e-02;4.661133e-02
3.243230e-02;6.759858e-02;1.327692e-01;5.908637e-02;4.066592e-02;7.268237e-02;2.711602e-02;2.734672e-01;1.730051e-01;4.678005e-02;2.985162e-02;4.454530e-02
2.779417e-02;5.504166e-02;1.154957e-01;6.046753e-02;3.847403e-02;5.949413e-02;3.740322e-02;2.836486e-01;2.237036e-01;4.418872e-02;2.174140e-02;3.254722e-02
2.101531e-02;4.510515e-02;1.100523e-01;6.049348e-02;4.614078e-02;8.477880e-02;2.268950e-02;2.818902e-01;2.327926e-01;4.946756e-02;1.775420e-02;2.782007e-02
2.875356e-02;7.254852e-02;1.339561e-01;5.879407e-02;3.921840e-02;7.369700e-02;3.315175e-02;2.475756e-01;2.080740e-01;4.875714e-02;1.456275e-02;4.091103e-02
3.001919e-02;9.467795e-02;1.337774e-01;6.587456e-02;5.820592e-02;9.722362e-02;3.584627e-02;1.986442e-01;1.302550e-01;7.259078e-02;1.448437e-02;6.840069e-02
4.088761e-02;9.183951e-02;1.065043e-01;6.564718e-02;6.987035e-02;7.354908e-02;3.772764e-02;2.163786e-01;1.533855e-01;7.926360e-02;1.536083e-02;4.958577e-02
5.084750e-02;4.343258e-02;6.389271e-02;6.461968e-02;6.791531e-02;5.606361e-02;3.619172e-02;2.716659e-01;2.066296e-01;7.685722e-02;2.240658e-02;3.947756e-02
5.239568e-02;4.304663e-02;7.053149e-02;4.580246e-02;6.530641e-02;5.770623e-02;5.332853e-02;3.022341e-01;2.055600e-01;5.539023e-02;1.897194e-02;2.972632e-02
3.091612e-02;3.499311e-02;5.772220e-02;5.864896e-02;8.421598e-02;6.934644e-02;5.065056e-02;2.963693e-01;2.337561e-01;5.281958e-02;1.356204e-02;1.699961e-02
1.554779e-02;4.202276e-02;5.235050e-02;5.073440e-02;7.602547e-02;2.934239e-02;4.124170e-02;2.885013e-01;3.008658e-01;6.309587e-02;2.252607e-02;1.774594e-02
1.338687e-02;2.868786e-02;3.619315e-02;3.393911e-02;4.458734e-02;1.020596e-01;7.169638e-02;2.427148e-01;2.860269e-01;8.071207e-02;4.201224e-02;1.798370e-02
1.999213e-02;3.625946e-02;4.745987e-02;3.706601e-02;2.920070e-02;1.663693e-01;7.233200e-02;1.874799e-01;2.279433e-01;9.734876e-02;5.935055e-02;1.919791e-02
2.083456e-02;6.550279e-02;4.704024e-02;3.284624e-02;8.695798e-02;1.142511e-01;5.162337e-02;1.476125e-01;2.767707e-01;9.340464e-02;4.768366e-02;1.547233e-02
2.476634e-02;6.715861e-02;6.268778e-02;4.202964e-02;8.139169e-02;8.990735e-02;5.772811e-02;1.038845e-01;2.560593e-01;9.970523e-02;8.625434e-02;2.842703e-02
2.837309e-02;6.093302e-02;5.826984e-02;3.939339e-02;4.111386e-02;1.621682e-01;9.171300e-02;9.332198e-02;1.630377e-01;1.068454e-01;1.007823e-01;5.404823e-02
3.432015e-02;6.928878e-02;4.207617e-02;3.359234e-02;1.224746e-02;1.434227e-01;1.728835e-01;8.856776e-02;1.380301e-01;9.087689e-02;6.625448e-02;1.084398e-01
4.636293e-02;1.067564e-01;5.481022e-02;4.865488e-02;1.789977e-02;7.901594e-02;2.401989e-01;7.714193e-02;7.321517e-02;5.568394e-02;3.208862e-02;1.681714e-01
9.158164e-02;1.522918e-01;5.151721e-02;5.422737e-02;2.015340e-02;3.037598e-02;2.083422e-01;1.346328e-01;1.955997e-02;4.452645e-02;2.626978e-02;1.665214e-01
1.279974e-01;2.109680e-01;1.043610e-01;2.632124e-02;2.165613e-02;3.470335e-02;1.003411e-01;1.858863e-01;4.733383e-02;4.262758e-02;2.662224e-02;7.118176e-02
1.376895e-01;2.466444e-01;1.283795e-01;7.559065e-03;2.904875e-02;4.221549e-02;6.413705e-02;1.866695e-01;7.326892e-02;2.411078e-02;1.571267e-02;4.456435e-02
1.237383e-01;2.674595e-01;1.527384e-01;1.472849e-02;2.468853e-02;5.330567e-02;5.008550e-02;1.610234e-01;8.040652e-02;1.767102e-02;2.249436e-02;3.166030e-02
1.053950e-01;2.650035e-01;1.681622e-01;1.671773e-02;1.613289e-02;5.975999e-02;5.535261e-02;1.482539e-01;8.917437e-02;1.525047e-02;2.413700e-02;3.666034e-02
7.785697e-02;1.855159e-01;1.381487e-01;1.675373e-02;2.146900e-02;7.004609e-02;6.182957e-02;1.708180e-01;1.555697e-01;3.112356e-02;3.012132e-02;4.074744e-02
7.012509e-02;9.928505e-02;7.396976e-02;2.300475e-02;3.323450e-02;5.337277e-02;6.075327e-02;2.396875e-01;2.460396e-01;4.664466e-02;2.903835e-02;2.484467e-02
7.756662e-02;1.051847e-01;3.137808e-02;3.305270e-02;6.210893e-02;5.376128e-02;5.228046e-02;2.168271e-01;2.402621e-01;4.868380e-02;3.541906e-02;4.347509e-02
5.973890e-02;7.948565e-02;6.723700e-02;4.683187e-02;8.105240e-02;5.712866e-02;1.062793e-01;1.524924e-01;1.996561e-01;6.118158e-02;2.980899e-02;5.910713e-02
5.085208e-02;8.406656e-02;7.181510e-02;4.108170e-02;5.613315e-02;6.760447e-02;8.101607e-02;1.742750e-01;2.045514e-01;8.037687e-02;2.459184e-02;6.363573e-02
5.406260e-02;1.306304e-01;1.068680e-01;3.988460e-02;4.223480e-02;4.523417e-02;6.906047e-02;1.535585e-01;1.912162e-01;7.253251e-02;3.624866e-02;5.846911e-02
6.765892e-02;1.402939e-01;1.560562e-01;4.620648e-02;8.448113e-02;4.778085e-02;7.560694e-02;1.359541e-01;1.266376e-01;4.879291e-02;2.719948e-02;4.333154e-02
8.518799e-02;1.666305e-01;1.546269e-01;6.144218e-02;8.200307e-02;8.333119e-02;5.873758e-02;1.395550e-01;6.873479e-02;5.033116e-02;2.162054e-02;2.779918e-02
5.525304e-02;2.297862e-01;2.259609e-01;4.928752e-02;3.281940e-02;9.833756e-02;3.014233e-02;1.186175e-01;8.331260e-02;4.502732e-02;1.059172e-02;2.086394e-02
6.185303e-02;2.286772e-01;1.938743e-01;7.048368e-02;3.146269e-02;7.767393e-02;4.893772e-02;1.022859e-01;7.198416e-02;5.521204e-02;1.977827e-02;3.777703e-02
6.096919e-02;1.881047e-01;1.138156e-01;1.061345e-01;3.897210e-02;9.537128e-02;9.809791e-02;8.405586e-02;5.985805e-02;5.581202e-02;2.623208e-02;7.257669e-02
5.527576e-02;1.146056e-01;1.044611e-01;8.563377e-02;5.087736e-02;1.350993e-01;1.252535e-01;4.900680e-02;1.023360e-01;6.130314e-02;3.601054e-02;8.013719e-02
6.795631e-02;9.870791e-02;9.062586e-02;5.423836e-02;5.647922e-02;1.237237e-01;1.101540e-01;7.394291e-02;1.346405e-01;8.612835e-02;3.932662e-02;6.407630e-02
8.172093e-02;1.595730e-01;1.079802e-01;4.110534e-02;4.002891e-02;6.249470e-02;1.010455e-01;1.210089e-01;1.268646e-01;8.438613e-02;3.351991e-02;4.027180e-02
7.201068e-02;1.908996e-01;1.385297e-01;3.965116e-02;4.040851e-02;5.851126e-02;7.584535e-02;1.447805e-01;1.218456e-01;5.365684e-02;2.775851e-02;3.610237e-02
6.761058e-02;2.125544e-01;1.351089e-01;4.100818e-02;2.259743e-02;6.816780e-02;8.747010e-02;1.429813e-01;1.057092e-01;4.167312e-02;3.019419e-02;4.492475e-02
6.918716e-02;1.921109e-01;8.505515e-02;4.107764e-02;2.552123e-02;8.544829e-02;9.069176e-02;1.767910e-01;1.227298e-01;4.619965e-02;2.241384e-02;4.277353e-02
7.137116e-02;1.628228e-01;4.990518e-02;4.625683e-02;3.576451e-02;8.062547e-02;6.357140e-02;1.739677e-01;1.698600e-01;5.859000e-02;2.869647e-02;5.856846e-02
6.742350e-02;1.917600e-01;1.453986e-01;3.528811e-02;2.121003e-02;6.837279e-02;5.122902e-02;1.201929e-01;1.677510e-01;4.241866e-02;2.450396e-02;6.445140e-02
7.256771e-02;2.059345e-01;1.834805e-01;3.465411e-02;2.883291e-02;5.409734e-02;6.359665e-02;1.137336e-01;1.301405e-01;3.538765e-02;2.752220e-02;5.005221e-02
6.842273e-02;1.310773e-01;1.548629e-01;6.238732e-02;5.363715e-02;7.674894e-02;6.274150e-02;1.487049e-01;1.034379e-01;5.108975e-02;4.728695e-02;3.960269e-02
4.746842e-02;9.985416e-02;1.615068e-01;6.322881e-02;5.105822e-02;7.328625e-02;2.813420e-02;1.967340e-01;1.606376e-01;5.905429e-02;3.351695e-02;2.552024e-02
3.832026e-02;1.216304e-01;1.728831e-01;4.491744e-02;3.482898e-02;1.044545e-01;3.663807e-02;1.637467e-01;1.552349e-01;5.820623e-02;3.024234e-02;3.889710e-02
4.934100e-02;1.171007e-01;1.587039e-01;6.745777e-02;4.218299e-02;1.059506e-01;7.185475e-02;1.256272e-01;1.195832e-01;5.936935e-02;3.420413e-02;4.862436e-02
5.096765e-02;9.669528e-02;1.229666e-01;7.879011e-02;6.869514e-02;1.465522e-01;5.570678e-02;1.392533e-01;7.982948e-02;7.261517e-02;3.716572e-02;5.076261e-02
5.369903e-02;9.866571e-02;1.014493e-01;7.907958e-02;6.846198e-02;2.126159e-01;5.023453e-02;1.278923e-01;7.414819e-02;4.979461e-02;3.602367e-02;4.793525e-02
4.097405e-02;7.548900e-02;8.742208e-02;3.843299e-02;9.298748e-02;2.600910e-01;8.858816e-02;9.242769e-02;7.653624e-02;5.138606e-02;4.375099e-02;5.191428e-02
4.868031e-02;8.296496e-02;6.645875e-02;2.863965e-02;1.134999e-01;2.422252e-01;9.806719e-02;5.839788e-02;8.866616e-02;8.815403e-02;3.517001e-02;4.907601e-02
8.770780e-02;6.376889e-02;5.914126e-02;1.004492e-01;1.122457e-01;1.405905e-01;7.738371e-02;5.512378e-02;1.400264e-01;9.990025e-02;3.094392e-02;3.271852e-02
1.099533e-01;6.062734e-02;6.373298e-02;1.513543e-01;8.464903e-02;5.216814e-02;4.598703e-02;7.963032e-02;2.039817e-01;8.628558e-02;3.212425e-02;2.950598e-02
7.413036e-02;1.129514e-01;7.315358e-02;1.342427e-01;6.630630e-02;5.930151e-02;2.252064e-02;1.222045e-01;1.993200e-01;5.525693e-02;2.207317e-02;5.853886e-02
2.973606e-02;1.333389e-01;1.113690e-01;6.862693e-02;4.892237e-02;9.942444e-02;2.945983e-02;1.931412e-01;1.241638e-01;4.172530e-02;1.214741e-02;1.079448e-01
6.961727e-03;8.337079e-02;1.737060e-01;1.712608e-02;3.100767e-02;1.030346e-01;4.351405e-02;2.646354e-01;6.296312e-02;5.142958e-02;1.246354e-02;1.497874e-01
1.114894e-02;3.348529e-02;1.986501e-01;2.353126e-02;1.839868e-02;8.122653e-02;5.743608e-02;2.970239e-01;6.030913e-02;6.356735e-02;9.997542e-03;1.452252e-01
1.296854e-02;3.513756e-02;1.835611e-01;2.145186e-02;2.375469e-02;9.459671e-02;5.331474e-02;3.200199e-01;5.889129e-02;5.161872e-02;1.398388e-02;1.307010e-01
1.724033e-02;4.960009e-02;1.575627e-01;1.907556e-02;3.198824e-02;1.129308e-01;4.141917e-02;3.544806e-01;5.483881e-02;3.643118e-02;1.699440e-02;1.074382e-01
1.448399e-02;3.992250e-02;1.498633e-01;2.420034e-02;3.913091e-02;1.085121e-01;6.306358e-02;3.700205e-01;6.379936e-02;4.426147e-02;8.081808e-03;7.466017e-02
1.146767e-02;3.519536e-02;1.556397e-01;2.755907e-02;4.586321e-02;1.105768e-01;6.468171e-02;3.779595e-01;6.092778e-02;4.280235e-02;4.377480e-03;6.294937e-02
6.742036e-03;5.057314e-02;1.684249e-01;2.498318e-02;4.606977e-02;1.279688e-01;6.421445e-02;3.373919e-01;8.237696e-02;2.340780e-02;8.287943e-03;5.955904e-02
1.941832e-02;6.105605e-02;1.916763e-01;5.090914e-02;9.218326e-02;1.116166e-01;5.084246e-02;2.358800e-01;8.444539e-02;3.261555e-02;1.760817e-02;5.174875e-02
3.439588e-02;7.010178e-02;2.076571e-01;1.221057e-01;1.131272e-01;7.873257e-02;3.917924e-02;1.513851e-01;1.099614e-01;3.881669e-02;1.719623e-02;1.734111e-02
3.443551e-02;5.668670e-02;1.996471e-01;1.777489e-01;9.194347e-02;3.081590e-02;5.816404e-02;1.551161e-01;1.354477e-01;3.211146e-02;7.340719e-03;2.054243e-02
3.164814e-02;3.660327e-02;1.427892e-01;1.842025e-01;7.052670e-02;4.835047e-02;5.363287e-02;2.219727e-01;1.458089e-01;2.072409e-02;9.933946e-03;3.380724e-02
2.609333e-02;3.606957e-02;9.960119e-02;1.405925e-01;6.482293e-02;5.080586e-02;4.085785e-02;3.005108e-01;1.659874e-01;1.792783e-02;1.153721e-02;4.519347e-02
2.200632e-02;3.247284e-02;1.313062e-01;7.041287e-02;7.198006e-02;4.456018e-02;2.874846e-02;3.532889e-01;1.590016e-01;1.774631e-02;1.224698e-02;5.622929e-02
2.559880e-02;4.118636e-02;1.602337e-01;6.383345e-02;7.936452e-02;6.010156e-02;1.948744e-02;3.124785e-01;1.541400e-01;2.439664e-02;1.109577e-02;4.808323e-02
3.180146e-02;5.934596e-02;1.760666e-01;9.245796e-02;6.157785e-02;7.242099e-02;3.179811e-02;2.577836e-01;1.413182e-01;3.178820e-02;8.764939e-03;3.487609e-02
4.281949e-02;4.357293e-02;1.627555e-01;5.756854e-02;5.054995e-02;1.310029e-01;3.889616e-02;2.531650e-01;1.268591e-01;3.665518e-02;1.003990e-02;4.611522e-02
3.330001e-02;3.568905e-02;1.469999e-01;3.583075e-02;4.880113e-02;1.462205e-01;6.412753e-02;2.379746e-01;1.207146e-01;4.703838e-02;1.322770e-02;7.007572e-02
2.502952e-02;5.049339e-02;1.656007e-01;3.218533e-02;2.900191e-02;1.265415e-01;5.234763e-02;2.406963e-01;1.154521e-01;5.419094e-02;2.094063e-02;8.752003e-02
3.841169e-02;5.760598e-02;1.800310e-01;3.209146e-02;2.456933e-02;1.000879e-01;6.055287e-02;2.467097e-01;1.162324e-01;4.214387e-02;1.338152e-02;8.818231e-02
3.341643e-02;6.287594e-02;1.730973e-01;5.587073e-02;5.369899e-02;8.507390e-02;4.019083e-02;2.180635e-01;1.483184e-01;3.907382e-02;1.117459e-02;7.914557e-02
2.257539e-02;7.622299e-02;1.812754e-01;7.913879e-02;7.359356e-02;7.715101e-02;5.140531e-02;1.377767e-01;1.604075e-01;5.914186e-02;2.027070e-02;6.104079e-02
1.723103e-02;6.336904e-02;1.683595e-01;1.471823e-01;6.928373e-02;1.010125e-01;2.997621e-02;1.350465e-01;1.290776e-01;7.249304e-02;1.818488e-02;4.878371e-02
2.005217e-02;5.375487e-02;1.130572e-01;1.926853e-01;7.265110e-02;1.095781e-01;4.892363e-02;1.565185e-01;1.080364e-01;6.195554e-02;1.335962e-02;4.942756e-02
3.694193e-02;6.348187e-02;1.188188e-01;1.373196e-01;8.920830e-02;1.184639e-01;4.684197e-02;1.785089e-01;9.032819e-02;5.517463e-02;1.398134e-02;5.093057e-02
4.786646e-02;1.406103e-01;1.746463e-01;5.648793e-02;6.149672e-02;1.091040e-01;4.373134e-02;1.680336e-01;5.910748e-02;6.032427e-02;2.220142e-02;5.639014e-02
4.043467e-02;1.253749e-01;1.349352e-01;6.147380e-02;2.442796e-02;1.207281e-01;5.551452e-02;1.837062e-01;9.675220e-02;6.312459e-02;3.173284e-02;6.179500e-02
2.399525e-02;7.200858e-02;9.993446e-02;7.747127e-02;6.036828e-02;1.239220e-01;7.222236e-02;2.109911e-01;1.177380e-01;4.972936e-02;3.217053e-02;5.944877e-02
1.640976e-02;4.939594e-02;9.584510e-02;6.806831e-02;8.278532e-02;1.167755e-01;6.144351e-02;2.422576e-01;1.168901e-01;4.858225e-02;3.087987e-02;7.066663e-02
1.739196e-02;7.214581e-02;8.979689e-02;3.271364e-02;7.354686e-02;1.269908e-01;2.681575e-02;2.528160e-01;1.487421e-01;6.132293e-02;2.426550e-02;7.345180e-02
1.854477e-02;4.855276e-02;6.897366e-02;3.778169e-02;9.393828e-02;1.231993e-01;1.889320e-02;2.132415e-01;1.689984e-01;9.172013e-02;3.338620e-02;8.277006e-02
1.462331e-02;5.246910e-02;6.487556e-02;3.638068e-02;1.219023e-01;9.337495e-02;2.531455e-02;1.893406e-01;1.846356e-01;9.986504e-02;2.797266e-02;8.924562e-02
2.330546e-02;6.303540e-02;6.104143e-02;5.034019e-02;1.240311e-01;6.351086e-02;2.579924e-02;2.324914e-01;1.696837e-01;8.501144e-02;2.353908e-02;7.821060e-02
4.307776e-02;6.687792e-02;5.333772e-02;4.989904e-02;1.213825e-01;1.111299e-01;4.533011e-02;2.099063e-01;1.291522e-01;8.828887e-02;2.132089e-02;6.029683e-02
4.255872e-02;4.716740e-02;3.146175e-02;7.675970e-02;1.641153e-01;1.312009e-01;8.503356e-02;1.438033e-01;1.512688e-01;7.997739e-02;1.510923e-02;3.154410e-02
3.334617e-02;4.879450e-02;3.324559e-02;1.083805e-01;2.196372e-01;8.887213e-02;9.508969e-02;9.648616e-02;1.512609e-01;9.732512e-02;1.256516e-02;1.499684e-02
1.717577e-02;6.653702e-02;4.006224e-02;1.094184e-01;2.770745e-01;2.701213e-02;7.765726e-02;8.578683e-02;1.521531e-01;1.236223e-01;9.657212e-03;1.384322e-02
1.569114e-02;6.298833e-02;3.942244e-02;1.088984e-01;2.617671e-01;5.722377e-02;6.054609e-02;1.100274e-01;1.556094e-01;1.121825e-01;9.124077e-03;6.519371e-03
1.950839e-02;4.605912e-02;4.684239e-02;1.414501e-01;2.182900e-01;9.372301e-02;5.381914e-02;1.025796e-01;1.698726e-01;8.761804e-02;1.227162e-02;7.965972e-03
4.799190e-02;3.592377e-02;6.099549e-02;1.592765e-01;1.312455e-01;8.947989e-02;5.768931e-02;1.379666e-01;1.798607e-01;6.469587e-02;2.193950e-02;1.293493e-02
6.628574e-02;4.579680e-02;7.026580e-02;1.912007e-01;1.908226e-02;4.685192e-02;6.265812e-02;2.467447e-01;1.327864e-01;6.987230e-02;2.935790e-02;1.909730e-02
4.448730e-02;4.350543e-02;1.029714e-01;1.209560e-01;7.168762e-02;8.465412e-02;5.999521e-02;2.488098e-01;1.145195e-01;6.407248e-02;1.808237e-02;2.625877e-02
3.729101e-02;5.046626e-02;1.008705e-01;7.594587e-02;6.841559e-02;1.076078e-01;3.836180e-02;2.613138e-01;1.526168e-01;6.049545e-02;1.987613e-02;2.673891e-02
4.545542e-02;8.936936e-02;1.322585e-01;8.076973e-02;5.204186e-02;1.082547e-01;3.310191e-02;2.072306e-01;1.121617e-01;6.518909e-02;2.473881e-02;4.942824e-02
6.740508e-02;6.577239e-02;1.207962e-01;1.383146e-01;2.956884e-02;5.088603e-02;5.323379e-02;1.589442e-01;1.578245e-01;6.038919e-02;3.456488e-02;6.230031e-02
8.496287e-02;2.914911e-02;7.746671e-02;1.752812e-01;7.335412e-02;5.014008e-02;7.006406e-02;1.248991e-01;2.009844e-01;4.118261e-02;2.726119e-02;4.525453e-02
6.656124e-02;4.336897e-02;8.889223e-02;1.887053e-01;1.458694e-01;6.102394e-02;5.422122e-02;9.608644e-02;1.855993e-01;2.624818e-02;1.696251e-02;2.646126e-02
2.969682e-02;3.559239e-02;8.595175e-02;1.980528e-01;2.131347e-01;6.961772e-02;3.256186e-02;8.651605e-02;1.716571e-01;5.051617e-02;1.336623e-02;1.333654e-02
1.344948e-02;1.190062e-02;5.772333e-02;1.939318e-01;2.428157e-01;8.959124e-02;3.139098e-02;7.815750e-02;1.776112e-01;8.162161e-02;9.487322e-03;1.231924e-02
1.829120e-02;1.238332e-02;4.624207e-02;1.878351e-01;2.068170e-01;8.459561e-02;5.265723e-02;9.498928e-02;1.953870e-01;8.675829e-02;7.156860e-03;6.887013e-03
2.396168e-02;1.818173e-02;5.816617e-02;1.845914e-01;1.709495e-01;7.213452e-02;5.594994e-02;1.106058e-01;2.076950e-01;7.988594e-02;8.911188e-03;8.967030e-03
2.391968e-02;1.661891e-02;4.172627e-02;1.852513e-01;1.711560e-01;5.370799e-02;5.605195e-02;1.344426e-01;2.257492e-01;6.829794e-02;1.119110e-02;1.188698e-02
2.032355e-02;1.688088e-02;3.573673e-02;1.956998e-01;1.780663e-01;3.994106e-02;5.807240e-02;1.380748e-01;2.416848e-01;4.809387e-02;9.799229e-03;1.762644e-02
2.131263e-02;2.416631e-02;5.722533e-02;1.992185e-01;1.778132e-01;3.716423e-02;4.594281e-02;1.304160e-01;2.345117e-01;4.032699e-02;1.003783e-02;2.186453e-02
1.727897e-02;2.915370e-02;6.436024e-02;1.854930e-01;1.616947e-01;4.435512e-02;3.295785e-02;1.444877e-01;2.300559e-01;6.076426e-02;7.957635e-03;2.144092e-02
2.606883e-02;3.988105e-02;5.643369e-02;1.708128e-01;1.486548e-01;5.301213e-02;3.497526e-02;1.374999e-01;2.149437e-01;8.578781e-02;9.337281e-03;2.259273e-02
2.539613e-02;3.229276e-02;6.395815e-02;1.693883e-01;1.387592e-01;6.680366e-02;3.108854e-02;2.126172e-01;1.528995e-01;7.389424e-02;1.042676e-02;2.247550e-02
1.658793e-02;3.717788e-02;5.526113e-02;1.884540e-01;1.741693e-01;7.963327e-02;4.048663e-02;2.193431e-01;1.228834e-01;4.030104e-02;5.373983e-03;2.032840e-02
1.429067e-02;3.099747e-02;5.940226e-02;2.210895e-01;2.181901e-01;7.352328e-02;5.914619e-02;1.348120e-01;1.387393e-01;2.822204e-02;6.609205e-03;1.497801e-02
1.013936e-02;2.990163e-02;6.537917e-02;2.095308e-01;1.892971e-01;7.533883e-02;4.939729e-02;1.543836e-01;1.470201e-01;3.585395e-02;1.810126e-02;1.565681e-02
1.899633e-02;6.415364e-02;1.039386e-01;1.692229e-01;1.691346e-01;1.002231e-01;5.646843e-02;1.101772e-01;1.311522e-01;3.939878e-02;1.206887e-02;2.506542e-02
2.478358e-02;1.107426e-01;1.403299e-01;1.304239e-01;1.210972e-01;1.544282e-01;3.369545e-02;8.584981e-02;1.231804e-01;3.468658e-02;1.368579e-02;2.709653e-02
2.630843e-02;1.213812e-01;1.403385e-01;1.471759e-01;1.030171e-01;1.413325e-01;9.790380e-03;8.825757e-02;1.431370e-01;3.609914e-02;1.870034e-02;2.446193e-02
1.529862e-02;6.433344e-02;8.397172e-02;1.697174e-01;2.115674e-01;8.746222e-02;1.875831e-02;1.305286e-01;1.620407e-01;2.836771e-02;1.513220e-02;1.282162e-02
1.402615e-02;5.076520e-02;6.651250e-02;1.702056e-01;2.813485e-01;5.757327e-02;3.154389e-02;1.121422e-01;1.591686e-01;3.350814e-02;1.076047e-02;1.244559e-02
9.689244e-03;3.666176e-02;5.972035e-02;1.752999e-01;2.832907e-01;5.242157e-02;3.355746e-02;1.320614e-01;1.544462e-01;4.112129e-02;9.697975e-03;1.203206e-02
2.026063e-02;4.318975e-02;6.861856e-02;1.754437e-01;2.408792e-01;6.826574e-02;2.984633e-02;1.392416e-01;1.496043e-01;4.287256e-02;1.144620e-02;1.033143e-02
3.371426e-02;7.823096e-02;8.434021e-02;1.608647e-01;1.849691e-01;6.076011e-02;3.937755e-02;1.422015e-01;1.233799e-01;5.504712e-02;1.317563e-02;2.393888e-02
3.624543e-02;9.516401e-02;1.017572e-01;1.539372e-01;1.384556e-01;5.196509e-02;4.426426e-02;1.161790e-01;1.528994e-01;6.810902e-02;1.803508e-02;2.298869e-02
3.003651e-02;6.843276e-02;1.057253e-01;1.487637e-01;1.513152e-01;6.410073e-02;2.734832e-02;1.377855e-01;1.775949e-01;5.194105e-02;2.385238e-02;1.310378e-02
3.344046e-02;6.067798e-02;9.133089e-02;1.208235e-01;1.512350e-01;7.669745e-02;3.077417e-02;1.459030e-01;1.955555e-01;5.359165e-02;1.729238e-02;2.267813e-02
2.848953e-02;6.460952e-02;6.505574e-02;1.147937e-01;1.249246e-01;8.325123e-02;2.878267e-02;1.742672e-01;2.063464e-01;6.094665e-02;1.399008e-02;3.454269e-02
2.293036e-02;6.765005e-02;9.292817e-02;1.263318e-01;8.999865e-02;7.437177e-02;3.240489e-02;1.727179e-01;1.978226e-01;6.672132e-02;2.343722e-02;3.268534e-02
3.133558e-02;4.392983e-02;1.166783e-01;1.237331e-01;7.389215e-02;6.638194e-02;6.415952e-02;1.689375e-01;1.558672e-01;1.019357e-01;2.545135e-02;2.769781e-02
2.568321e-02;5.481688e-02;1.437619e-01;1.399523e-01;1.078494e-01;6.296090e-02;7.283962e-02;1.203435e-01;1.277196e-01;1.169954e-01;1.176557e-02;1.531168e-02
2.716101e-02;6.027756e-02;1.320428e-01;1.274223e-01;1.372701e-01;5.504965e-02;4.281366e-02;1.506460e-01;1.364847e-01;8.801534e-02;1.886117e-02;2.395566e-02
2.417104e-02;6.205089e-02;1.046304e-01;1.178196e-01;1.765189e-01;4.566261e-02;2.982285e-02;1.889570e-01;1.512834e-01;5.997798e-02;1.878065e-02;2.032487e-02
1.796805e-02;6.451426e-02;1.016252e-01;1.099040e-01;1.442703e-01;9.838320e-02;4.812672e-02;2.116509e-01;1.271635e-01;4.418053e-02;1.399291e-02;1.822049e-02
3.780648e-02;1.571517e-01;1.485900e-01;7.157911e-02;5.085782e-02;1.921324e-01;4.941670e-02;1.639803e-01;4.192817e-02;4.716583e-02;1.727067e-02;2.212090e-02
3.030378e-02;1.538729e-01;1.520545e-01;3.350741e-02;7.689396e-02;1.900469e-01;4.103176e-02;1.055222e-01;1.069053e-01;5.298381e-02;3.220824e-02;2.466932e-02
1.725007e-02;1.224522e-01;9.243558e-02;1.357496e-02;1.115567e-01;1.565319e-01;3.339475e-02;1.226533e-01;1.852821e-01;8.242251e-02;3.834679e-02;2.409915e-02
1.319053e-02;8.867014e-02;4.622603e-02;4.336902e-02;1.611404e-01;6.911641e-02;2.696197e-02;1.443908e-01;2.645269e-01;1.015033e-01;2.180256e-02;1.910209e-02
2.142978e-02;5.905701e-02;3.778327e-02;7.862073e-02;1.969198e-01;3.391816e-02;2.303544e-02;1.293676e-01;3.014339e-01;8.621256e-02;2.044922e-02;1.177252e-02
2.499293e-02;5.320753e-02;5.299123e-02;1.121946e-01;1.938355e-01;2.911327e-02;3.211173e-02;1.246478e-01;2.949357e-01;5.866484e-02;1.519291e-02;8.111884e-03
2.442562e-02;4.718463e-02;5.059533e-02;1.297867e-01;1.729898e-01;4.710849e-02;3.300032e-02;1.295816e-01;2.879942e-01;5.275212e-02;1.587627e-02;8.704959e-03
3.117226e-02;3.924854e-02;5.603766e-02;1.500787e-01;1.549938e-01;3.414387e-02;3.022497e-02;1.370004e-01;2.831020e-01;6.354684e-02;1.403563e-02;6.415370e-03
3.240988e-02;4.123428e-02;4.860907e-02;1.674244e-01;1.641692e-01;3.511903e-02;2.385216e-02;1.378466e-01;2.668298e-01;6.199790e-02;1.469199e-02;5.815687e-03
2.909864e-02;4.399145e-02;3.416259e-02;1.680988e-01;1.879465e-01;6.043405e-02;1.706553e-02;1.439323e-01;2.349372e-01;5.716634e-02;1.192194e-02;1.124466e-02
2.708635e-02;3.907071e-02;3.255177e-02;1.748016e-01;1.751837e-01;7.854165e-02;2.217945e-02;1.858224e-01;1.820748e-01;5.252532e-02;1.679040e-02;1.337184e-02
3.137683e-02;5.038791e-02;9.228621e-02;1.736841e-01;1.102985e-01;4.777213e-02;2.749981e-02;2.369873e-01;1.474781e-01;4.474381e-02;2.027158e-02;1.721373e-02
4.179222e-02;6.461456e-02;9.911506e-02;1.430495e-01;9.337706e-02;9.203719e-02;5.915085e-02;2.008356e-01;1.186546e-01;3.069484e-02;2.648461e-02;3.019382e-02
5.326891e-02;9.662543e-02;1.186974e-01;1.070066e-01;7.456065e-02;1.236677e-01;7.178552e-02;1.496052e-01;1.071765e-01;3.832887e-02;1.777328e-02;4.150384e-02
