8.005294e-02;5.127490e-02;1.183909e-01;2.612943e-02;8.218522e-02;7.712237e-02;3.227888e-01;4.077996e-02;9.434897e-02;4.717052e-02;3.819590e-02;2.156016e-02
9.294934e-02;2.597422e-02;1.680763e-01;4.668073e-02;1.202189e-01;9.057653e-02;2.377950e-01;2.544998e-02;8.584100e-02;4.978885e-02;1.648474e-02;4.016438e-02
6.260535e-02;3.870920e-02;2.987218e-01;5.554593e-02;8.317482e-02;6.258802e-02;1.746629e-01;4.307738e-02;5.733718e-02;6.390233e-02;2.948843e-02;3.018660e-02
6.789062e-02;6.852551e-02;3.646050e-01;4.481720e-02;3.825353e-02;4.446629e-02;1.632230e-01;3.970517e-02;4.151867e-02;7.316846e-02;3.619166e-02;1.763489e-02
9.488118e-02;1.372884e-01;3.410305e-01;3.600245e-02;2.675617e-02;4.778149e-02;1.139702e-01;2.994715e-02;5.615214e-02;5.747622e-02;2.791695e-02;3.079715e-02
9.491266e-02;2.088078e-01;3.809564e-01;3.447768e-02;2.024281e-02;3.742287e-02;4.413144e-02;2.339668e-02;7.596643e-02;3.966483e-02;1.294655e-02;2.707391e-02
1.268789e-01;2.642311e-01;3.796180e-01;3.135949e-02;9.025921e-03;2.304459e-02;1.319689e-02;1.194806e-02;9.616742e-02;1.859362e-02;6.075563e-03;1.986049e-02
1.727217e-01;2.751703e-01;3.499428e-01;3.345530e-02;5.248502e-03;1.230209e-02;1.035755e-02;3.770163e-03;1.044153e-01;1.313166e-02;6.621745e-03;1.286274e-02
1.800712e-01;2.627611e-01;3.509488e-01;3.518211e-02;5.217557e-03;7.671921e-03;9.912105e-03;1.127517e-02;1.058972e-01;1.476456e-02;6.034662e-03;1.026362e-02
1.466662e-01;2.372871e-01;3.947707e-01;3.839689e-02;7.532936e-03;1.038295e-02;9.278129e-03;1.059173e-02;1.093109e-01;1.377189e-02;8.845034e-03;1.316554e-02
1.044114e-01;2.298748e-01;4.432230e-01;4.263946e-02;5.052286e-03;1.297273e-02;9.102982e-03;4.949070e-03;1.180158e-01;1.040333e-02;8.442657e-03;1.091238e-02
8.672442e-02;2.208131e-01;4.605509e-01;4.394512e-02;7.093078e-03;1.817316e-02;9.156989e-03;4.360163e-03;1.200847e-01;9.033611e-03;7.497314e-03;1.256738e-02
7.622000e-02;2.217859e-01;4.633209e-01;4.011061e-02;5.493128e-03;2.198459e-02;9.999080e-03;5.397941e-03;1.296120e-01;7.755910e-03;6.021294e-03;1.229867e-02
6.795648e-02;2.179536e-01;4.747522e-01;3.459131e-02;4.332939e-03;2.842547e-02;9.360125e-03;6.835250e-03;1.290337e-01;6.532247e-03;5.149740e-03;1.507704e-02
5.627939e-02;1.913020e-01;5.238650e-01;2.819778e-02;4.225311e-03;2.872829e-02;1.132734e-02;1.153402e-02;1.076222e-01;1.040014e-02;6.415394e-03;2.010316e-02
3.186405e-02;1.442237e-01;6.136860e-01;2.504253e-02;1.080923e-02;1.978742e-02;9.099226e-03;2.316280e-02;7.482313e-02;2.525688e-02;4.534516e-03;1.771051e-02
1.499785e-02;9.270560e-02;7.035850e-01;2.895727e-02;1.617482e-02;8.511396e-03;6.698373e-03;2.241973e-02;4.110378e-02;4.993380e-02;3.645015e-03;1.126735e-02
6.777450e-03;5.501985e-02;7.377431e-01;3.497966e-02;2.335349e-02;7.873404e-03;1.948265e-02;1.223272e-02;2.390963e-02;6.811167e-02;5.120152e-03;5.396198e-03
9.218282e-03;2.934525e-02;7.724015e-01;4.080618e-02;2.807222e-02;7.216855e-03;2.260905e-02;6.223064e-03;1.263829e-02;6.378750e-02;2.484204e-03;5.197635e-03
1.052259e-02;2.539041e-02;7.839817e-01;4.799083e-02;3.159730e-02;8.387739e-03;2.055986e-02;5.373082e-03;1.009112e-02;4.582515e-02;3.803982e-03;6.476230e-03
2.006887e-02;3.362237e-02;7.688301e-01;4.930738e-02;3.405724e-02;8.901676e-03;2.630462e-02;6.530019e-03;7.128539e-03;3.245279e-02;6.440272e-03;6.356140e-03
4.463260e-02;6.028596e-02;6.927789e-01;4.206995e-02;4.363981e-02;1.269402e-02;3.157506e-02;1.747941e-02;1.721816e-02;1.866045e-02;1.023143e-02;8.734219e-03
6.015493e-02;6.998891e-02;5.106590e-01;4.472328e-02;6.443580e-02;3.541774e-02;7.617768e-02;4.533789e-02;2.172422e-02;2.820111e-02;2.447313e-02;1.870625e-02
8.307417e-02;8.320647e-02;2.974085e-01;6.065878e-02;5.448500e-02;5.197397e-02;1.360227e-01;6.805260e-02;4.228065e-02;5.225655e-02;3.676178e-02;3.381892e-02
1.320109e-01;2.708055e-02;2.054656e-01;7.075149e-02;6.658330e-02;7.875969e-02;1.650630e-01;9.724983e-02;6.765219e-02;3.203800e-02;2.618597e-02;3.115947e-02
9.607458e-02;5.848113e-02;1.395044e-01;5.628400e-02;6.194777e-02;8.947446e-02;1.932540e-01;1.169419e-01;8.619238e-02;3.613035e-02;3.334210e-02;3.237303e-02
8.084750e-02;5.158391e-02;1.144856e-01;5.405759e-02;5.442116e-02;8.887930e-02;2.110376e-01;1.363565e-01;9.679347e-02;3.947638e-02;4.033825e-02;3.172262e-02
8.393642e-02;3.817341e-02;1.144928e-01;6.174035e-02;5.579613e-02;8.885002e-02;2.127634e-01;1.448981e-01;9.172753e-02;3.622070e-02;4.257824e-02;2.882293e-02
9.711016e-02;3.609072e-02;1.438738e-01;8.563063e-02;7.079990e-02;6.943657e-02;1.863363e-01;7.100285e-02;6.340922e-02;9.557774e-02;3.826665e-02;4.246540e-02
7.272395e-02;4.509119e-02;1.664181e-01;6.414738e-02;7.693290e-02;8.333368e-02;1.303085e-01;6.253920e-02;7.303040e-02;9.450484e-02;7.033858e-02;6.063125e-02
6.136258e-02;6.107524e-02;1.740185e-01;4.564361e-02;6.343498e-02;8.076636e-02;1.279612e-01;5.823211e-02;1.106449e-01;1.096364e-01;6.832609e-02;3.889814e-02
4.360016e-02;9.493075e-02;1.816415e-01;3.313548e-02;4.043690e-02;8.168638e-02;1.150076e-01;4.889360e-02;1.734345e-01;1.202232e-01;4.688693e-02;2.012297e-02
3.143972e-02;1.416098e-01;1.307433e-01;2.263021e-02;1.646306e-02;1.122398e-01;6.150679e-02;3.322312e-02;3.075440e-01;9.676934e-02;1.584559e-02;2.998541e-02
5.533632e-02;1.500469e-01;7.176017e-02;1.341348e-02;1.650688e-02;9.481372e-02;3.605024e-02;5.234184e-02;3.809026e-01;7.057251e-02;2.773858e-02;3.051667e-02
1.023059e-01;1.346480e-01;5.883240e-02;1.682306e-02;2.961722e-02;4.907014e-02;5.184898e-02;9.116849e-02;3.245762e-01;4.382831e-02;3.184086e-02;6.544056e-02
1.619393e-01;9.104536e-02;4.778996e-02;1.704081e-02;6.326382e-02;2.828049e-02;4.995785e-02;1.899811e-01;1.720573e-01;3.214864e-02;8.339918e-02;6.309621e-02
1.996628e-01;7.374729e-02;4.375652e-02;1.062941e-02;8.825429e-02;1.065370e-02;5.677027e-02;2.804137e-01;9.151489e-02;1.875346e-02;9.696164e-02;2.888205e-02
2.142784e-01;6.012523e-02;4.792184e-02;1.074310e-02;1.135583e-01;5.359538e-03;7.101750e-02;3.261991e-01;4.914895e-02;1.178275e-02;7.472197e-02;1.514333e-02
2.037071e-01;6.031282e-02;5.834171e-02;1.405805e-02;1.487029e-01;9.002796e-03;8.153216e-02;2.879978e-01;5.177671e-02;1.687344e-02;5.095716e-02;1.673746e-02
2.032311e-01;5.934943e-02;1.000407e-01;1.982001e-02;1.658167e-01;1.561871e-02;8.768989e-02;2.107245e-01;4.590324e-02;2.667174e-02;4.329205e-02;2.184188e-02
2.248407e-01;4.877689e-02;1.209643e-01;7.439081e-02;1.250269e-01;3.446644e-02;9.721313e-02;1.104307e-01;4.882770e-02;5.613913e-02;3.196489e-02;2.695833e-02
2.169960e-01;1.651340e-01;1.522692e-01;9.211455e-02;5.950355e-02;5.325192e-02;7.326037e-02;3.033531e-02;5.481059e-02;6.543086e-02;1.933801e-02;1.755562e-02
2.323292e-01;1.823661e-01;1.368847e-01;5.084813e-02;8.894014e-02;4.619521e-02;6.897535e-02;5.693876e-02;4.588681e-02;5.347276e-02;2.015420e-02;1.700870e-02
3.038076e-01;1.616990e-01;8.602578e-02;1.621574e-02;1.292146e-01;3.535732e-02;5.516152e-02;1.037138e-01;3.319158e-02;3.302759e-02;2.202518e-02;2.056026e-02
3.400171e-01;1.290385e-01;6.629528e-02;1.460143e-02;1.561736e-01;3.164988e-02;3.184255e-02;1.423237e-01;2.300977e-02;2.072349e-02;2.000957e-02;2.431521e-02
3.061594e-01;9.984981e-02;8.241108e-02;1.507275e-02;1.426757e-01;2.715798e-02;4.887094e-02;1.605249e-01;4.600717e-02;3.159571e-02;1.580133e-02;2.387319e-02
3.083319e-01;6.111370e-02;9.421886e-02;1.788786e-02;1.098518e-01;2.549631e-02;5.518835e-02;2.102453e-01;4.860877e-02;3.136010e-02;1.161413e-02;2.608296e-02
3.443493e-01;4.083480e-02;9.938300e-02;1.928303e-02;7.460923e-02;2.990206e-02;4.363837e-02;2.440060e-01;2.857124e-02;2.480519e-02;1.352835e-02;3.708940e-02
3.522521e-01;5.317904e-02;1.185301e-01;1.494895e-02;8.047698e-02;1.719069e-02;3.553528e-02;2.353818e-01;1.461208e-02;2.851643e-02;1.291368e-02;3.646282e-02
3.381698e-01;5.447524e-02;1.505882e-01;2.003469e-02;1.052736e-01;1.092804e-02;2.771188e-02;2.031616e-01;1.365010e-02;2.222048e-02;1.910190e-02;3.468451e-02
3.359581e-01;6.703638e-02;1.800601e-01;1.453759e-02;1.113974e-01;7.329442e-03;2.437676e-02;1.685269e-01;1.798277e-02;1.117442e-02;3.253637e-02;2.908378e-02
3.314295e-01;7.814268e-02;1.744909e-01;1.568278e-02;1.036906e-01;8.935157e-03;4.340203e-02;1.286401e-01;2.255284e-02;1.252861e-02;4.845853e-02;3.204633e-02
3.625780e-01;6.032109e-02;1.179380e-01;1.796460e-02;8.414824e-02;1.582427e-02;6.176637e-02;1.054242e-01;3.152759e-02;2.932102e-02;7.169131e-02;4.149532e-02
3.209213e-01;2.535427e-02;2.586459e-01;1.946967e-02;4.410836e-02;1.311006e-02;3.764023e-02;1.032102e-01;2.211242e-02;3.453915e-02;7.288226e-02;4.800620e-02
2.724048e-01;6.078259e-02;3.290799e-01;1.427632e-02;2.330372e-02;1.237093e-02;3.327222e-02;1.036087e-01;2.164030e-02;2.793743e-02;5.353915e-02;4.778391e-02
2.288672e-01;7.250752e-02;3.147883e-01;1.284086e-02;1.799340e-02;1.709680e-02;4.750395e-02;7.823607e-02;3.365486e-02;4.355032e-02;6.883678e-02;6.412394e-02
1.128143e-01;8.189953e-02;2.827664e-01;5.445673e-02;7.073003e-02;6.992851e-02;6.624303e-02;6.176548e-02;3.814416e-02;4.955003e-02;5.633890e-02;5.536286e-02
8.281276e-02;8.532931e-02;1.675758e-01;8.353699e-02;9.643900e-02;1.219092e-01;8.670665e-02;6.061951e-02;6.473745e-02;5.447246e-02;5.179191e-02;4.406891e-02
7.935625e-02;7.480202e-02;1.507764e-01;7.408782e-02;7.768433e-02;1.397270e-01;1.276028e-01;5.330826e-02;7.160495e-02;6.444580e-02;5.233362e-02;3.427079e-02
7.911889e-02;8.472201e-02;1.960787e-01;7.450671e-02;6.741620e-02;1.214435e-01;1.489890e-01;3.639098e-02;6.157492e-02;5.512119e-02;3.615355e-02;3.848449e-02
9.208342e-02;1.082732e-01;2.360722e-01;5.588842e-02;6.282403e-02;1.043849e-01;1.076243e-01;4.632803e-02;5.082273e-02;5.275593e-02;3.154740e-02;5.139546e-02
7.797974e-02;1.248043e-01;2.515319e-01;4.159706e-02;4.396097e-02;1.292997e-01;6.054370e-02;4.597401e-02;5.824085e-02;7.953146e-02;3.244909e-02;5.408721e-02
5.791618e-02;1.312902e-01;1.887923e-01;7.183386e-02;5.008869e-02;1.522542e-01;6.002280e-02;3.488528e-02;1.039984e-01;8.680781e-02;1.740499e-02;4.470529e-02
7.752066e-02;1.333490e-01;1.386960e-01;8.699395e-02;9.727617e-02;1.437447e-01;5.416074e-02;3.983707e-02;1.277588e-01;6.436235e-02;8.451276e-03;2.784920e-02
1.224762e-01;1.121736e-01;1.136157e-01;7.819791e-02;1.396134e-01;1.258987e-01;5.774250e-02;5.683005e-02;9.058519e-02;6.014636e-02;2.023248e-02;2.248790e-02
1.730487e-01;7.316767e-02;9.953133e-02;5.811489e-02;1.396228e-01;1.256075e-01;9.241600e-02;6.847211e-02;4.186290e-02;5.921163e-02;4.171425e-02;2.723036e-02
2.009607e-01;6.321026e-02;1.045542e-01;4.699102e-02;1.116578e-01;1.160998e-01;1.282218e-01;5.707331e-02;5.287218e-02;4.363417e-02;4.405782e-02;3.066701e-02
2.249362e-01;3.265429e-02;1.363131e-01;4.882611e-02;7.283827e-02;9.993191e-02;1.448064e-01;5.506948e-02;5.096111e-02;5.565747e-02;3.483892e-02;4.316676e-02
2.522945e-01;1.005912e-01;1.500943e-01;3.811721e-02;5.129270e-02;4.856959e-02;1.454713e-01;4.268791e-02;4.509111e-02;5.517936e-02;3.156210e-02;3.904870e-02
2.657591e-01;1.066863e-01;1.333795e-01;3.919439e-02;4.683021e-02;4.227947e-02;1.706360e-01;3.698897e-02;4.620615e-02;4.293781e-02;2.932230e-02;3.977976e-02
2.405694e-01;7.549446e-02;1.579850e-01;4.130650e-02;4.167516e-02;4.996220e-02;1.559117e-01;4.258072e-02;5.303167e-02;5.097239e-02;4.017139e-02;5.033939e-02
2.014340e-01;8.057855e-02;1.720779e-01;4.520521e-02;4.664559e-02;4.344043e-02;1.302197e-01;4.737880e-02;5.695713e-02;6.948290e-02;5.202027e-02;5.455960e-02
1.475127e-01;8.831616e-02;1.712995e-01;4.817510e-02;4.572468e-02;5.622941e-02;1.169654e-01;4.239771e-02;6.573080e-02;8.991882e-02;7.979935e-02;4.793040e-02
5.458374e-02;5.436120e-02;1.993065e-01;4.550282e-02;5.098797e-02;1.246135e-01;1.245934e-01;5.214619e-02;5.850658e-02;1.090064e-01;9.762564e-02;2.876600e-02
4.132418e-02;4.567650e-02;1.437962e-01;6.552100e-02;5.759686e-02;1.505340e-01;1.428504e-01;8.918429e-02;6.895845e-02;8.403205e-02;6.053318e-02;4.999289e-02
7.307633e-02;4.216209e-02;1.003995e-01;9.733592e-02;6.455336e-02;1.163756e-01;1.772518e-01;7.327813e-02;7.484514e-02;7.185797e-02;4.133736e-02;6.752677e-02
1.057450e-01;4.689220e-02;1.205696e-01;7.177574e-02;6.478605e-02;9.932685e-02;1.295048e-01;8.504643e-02;8.682834e-02;5.775937e-02;5.991930e-02;7.184640e-02
1.014978e-01;6.771768e-02;8.542169e-02;1.047431e-01;1.035721e-01;6.857428e-02;1.190944e-01;1.006447e-01;6.647139e-02;7.922113e-02;5.165502e-02;5.138667e-02
9.889707e-02;6.517735e-02;8.038364e-02;1.161864e-01;1.144453e-01;7.325017e-02;1.191587e-01;9.335944e-02;7.002909e-02;6.886968e-02;4.736450e-02;5.287870e-02
1.040030e-01;7.751340e-02;7.820004e-02;1.210835e-01;1.100118e-01;7.293394e-02;1.311164e-01;8.299868e-02;6.859764e-02;6.020062e-02;3.615279e-02;5.718810e-02
8.924289e-02;6.506711e-02;1.882263e-01;8.491004e-02;9.652254e-02;6.952021e-02;1.469964e-01;5.562484e-02;6.729164e-02;5.943376e-02;2.769368e-02;4.947056e-02
9.553874e-02;7.809797e-02;2.938211e-01;4.906861e-02;7.728408e-02;5.361905e-02;1.614486e-01;2.877582e-02;4.638610e-02;5.452284e-02;2.634771e-02;3.508935e-02
1.278182e-01;9.196012e-02;2.884011e-01;4.734491e-02;6.447749e-02;4.425615e-02;1.403267e-01;2.428900e-02;3.680848e-02;5.506018e-02;3.465958e-02;4.459802e-02
1.475022e-01;9.891167e-02;2.581977e-01;4.300651e-02;5.487899e-02;3.999473e-02;1.295398e-01;2.574917e-02;3.643371e-02;6.307212e-02;4.857488e-02;5.413850e-02
1.258324e-01;9.330321e-02;1.911952e-01;6.478146e-02;5.454729e-02;5.466047e-02;1.305878e-01;4.679651e-02;4.961237e-02;5.873859e-02;6.853047e-02;6.141416e-02
8.977105e-02;7.168245e-02;1.081594e-01;7.598304e-02;6.597420e-02;8.949629e-02;1.248345e-01;6.885958e-02;7.390865e-02;9.036089e-02;7.647802e-02;6.449194e-02
6.237768e-02;7.050753e-02;1.882638e-01;5.840149e-02;6.160423e-02;9.544463e-02;1.756943e-01;6.610929e-02;5.496786e-02;7.254174e-02;5.414249e-02;3.994499e-02
9.611604e-02;1.029732e-01;2.229626e-01;3.436013e-02;5.831524e-02;7.956018e-02;1.759151e-01;5.767354e-02;4.567044e-02;6.361575e-02;3.427684e-02;2.856105e-02
1.373365e-01;1.548680e-01;1.986835e-01;4.042491e-02;5.158015e-02;7.726348e-02;1.135378e-01;5.694843e-02;6.131914e-02;6.013663e-02;2.082453e-02;2.707691e-02
1.764030e-01;1.630307e-01;1.416897e-01;4.909052e-02;7.660821e-02;8.190195e-02;8.591398e-02;5.850675e-02;5.169447e-02;5.368161e-02;3.367821e-02;2.780099e-02
2.478793e-01;1.546915e-01;9.116384e-02;3.899934e-02;8.332121e-02;9.073714e-02;9.728850e-02;4.724937e-02;3.949824e-02;3.365445e-02;4.111256e-02;3.440452e-02
2.609595e-01;1.827546e-01;9.741614e-02;2.183098e-02;6.553377e-02;1.013649e-01;9.462713e-02;3.654736e-02;5.240065e-02;2.439348e-02;4.013114e-02;2.204031e-02
2.193358e-01;2.305777e-01;1.281335e-01;2.816251e-02;4.086790e-02;9.767351e-02;7.802314e-02;3.291892e-02;6.358272e-02;3.287870e-02;2.846355e-02;1.938205e-02
1.739203e-01;2.836884e-01;1.885423e-01;4.104510e-02;4.265571e-02;7.438540e-02;4.091258e-02;2.602630e-02;7.619616e-02;2.367141e-02;1.389201e-02;1.506437e-02
1.714398e-01;3.340600e-01;1.989063e-01;3.918064e-02;3.533216e-02;4.239146e-02;2.008650e-02;2.523349e-02;9.630238e-02;1.976065e-02;7.678908e-03;9.627730e-03
2.180492e-01;3.490850e-01;1.629040e-01;3.075817e-02;2.312987e-02;2.802935e-02;2.067275e-02;1.958842e-02;1.010685e-01;3.007262e-02;8.711669e-03;7.930477e-03
2.817490e-01;3.323329e-01;1.323508e-01;1.937931e-02;2.027522e-02;1.314050e-02;2.810698e-02;2.056424e-02;8.818884e-02;4.580886e-02;9.678916e-03;8.424361e-03
3.483289e-01;3.013184e-01;1.030593e-01;9.055530e-03;1.946438e-02;6.242111e-03;3.456737e-02;3.119258e-02;6.955589e-02;4.735934e-02;1.839188e-02;1.146433e-02
3.937972e-01;2.760631e-01;9.655404e-02;6.872563e-03;1.775513e-02;3.828427e-03;2.943473e-02;3.860421e-02;6.286438e-02;3.480176e-02;2.523918e-02;1.418530e-02
4.067817e-01;2.711237e-01;1.133011e-01;5.831868e-03;1.353371e-02;4.994585e-03;2.253059e-02;3.292427e-02;6.152175e-02;2.730231e-02;2.274275e-02;1.741173e-02
3.961830e-01;2.804245e-01;1.258320e-01;1.139730e-02;8.610985e-03;9.619967e-03;2.010804e-02;2.290835e-02;6.569551e-02;2.713258e-02;1.562308e-02;1.646472e-02
3.805282e-01;2.765048e-01;1.568743e-01;1.174808e-02;8.227555e-03;1.214122e-02;1.569602e-02;1.610522e-02;6.303806e-02;2.785485e-02;1.301026e-02;1.827146e-02
4.029097e-01;2.383538e-01;1.415268e-01;1.308493e-02;2.046614e-02;1.246409e-02;1.742894e-02;1.833247e-02;5.713504e-02;3.138412e-02;2.275176e-02;2.416233e-02
4.592097e-01;1.749644e-01;9.853026e-02;1.119191e-02;3.249539e-02;1.045081e-02;1.911288e-02;4.725243e-02;5.415527e-02;2.961085e-02;2.788152e-02;3.514460e-02
4.639155e-01;1.205074e-01;8.941282e-02;1.061668e-02;2.879535e-02;1.382244e-02;2.836021e-02;8.929361e-02;4.272558e-02;1.998666e-02;3.003105e-02;6.253278e-02
3.672541e-01;8.287229e-02;8.260448e-02;2.191413e-02;3.064575e-02;2.198980e-02;6.472512e-02;1.031925e-01;4.594046e-02;3.515741e-02;3.908079e-02;1.046231e-01
2.027137e-01;5.257595e-02;6.859143e-02;4.259218e-02;3.184049e-02;3.968548e-02;1.283786e-01;8.468102e-02;6.013649e-02;6.298368e-02;6.534901e-02;1.604720e-01
1.025480e-01;6.016090e-02;8.333253e-02;5.101963e-02;4.823593e-02;4.775284e-02;1.169111e-01;6.464276e-02;8.352017e-02;8.241010e-02;9.899942e-02;1.604666e-01
1.449071e-01;5.382263e-02;1.006258e-01;7.035319e-02;5.148892e-02;4.333413e-02;1.110436e-01;5.936367e-02;6.770159e-02;1.016153e-01;9.719019e-02;9.855393e-02
1.308501e-01;6.387947e-02;8.065148e-02;8.185904e-02;4.055004e-02;6.012964e-02;1.171842e-01;7.484254e-02;7.703107e-02;1.141018e-01;7.056495e-02;8.835562e-02
1.728799e-01;8.475573e-02;8.967616e-02;7.391323e-02;3.294028e-02;5.339080e-02;9.963000e-02;7.086145e-02;7.738186e-02;9.275333e-02;4.992031e-02;1.018970e-01
2.397130e-01;9.130451e-02;1.774504e-01;5.446935e-02;4.338994e-02;3.193245e-02;6.740490e-02;5.875542e-02;4.468533e-02;5.142643e-02;5.529320e-02;8.417509e-02
2.751943e-01;7.487655e-02;1.812483e-01;4.355753e-02;6.473974e-02;1.914961e-02;8.753560e-02;6.207656e-02;2.583011e-02;4.402113e-02;5.854942e-02;6.322113e-02
2.685779e-01;4.750390e-02;1.135192e-01;3.208334e-02;6.719261e-02;3.429551e-02;1.144885e-01;7.438422e-02;3.431562e-02;6.077242e-02;6.532026e-02;8.754647e-02
2.172897e-01;3.911268e-02;1.208084e-01;5.904582e-02;4.645385e-02;3.671372e-02;1.066835e-01;8.347749e-02;3.914999e-02;7.722947e-02;6.252748e-02;1.115078e-01
1.923037e-01;5.504659e-02;9.453204e-02;7.889166e-02;3.784903e-02;3.571460e-02;1.092171e-01;7.802036e-02;2.974486e-02;7.814503e-02;7.003331e-02;1.405017e-01
1.871856e-01;6.751474e-02;6.304990e-02;8.023708e-02;3.740624e-02;2.666590e-02;1.503646e-01;4.979660e-02;2.001304e-02;6.768373e-02;7.968170e-02;1.704008e-01
2.292555e-01;5.561711e-02;9.936440e-02;6.374454e-02;4.431818e-02;2.983402e-02;1.342397e-01;3.073561e-02;2.517212e-02;5.834572e-02;6.317265e-02;1.662004e-01
3.118567e-01;6.841109e-02;1.528284e-01;2.767338e-02;7.613485e-02;2.681044e-02;7.926640e-02;4.084735e-02;3.703139e-02;4.092381e-02;3.916339e-02;9.905275e-02
3.040699e-01;1.258333e-01;1.962695e-01;1.858401e-02;8.771802e-02;2.110799e-02;6.476697e-02;3.625720e-02;4.133193e-02;4.231798e-02;2.347045e-02;3.827266e-02
2.469631e-01;1.525844e-01;2.140741e-01;1.950339e-02;5.708073e-02;3.253469e-02;9.001718e-02;5.177220e-02;5.020057e-02;4.836950e-02;1.926665e-02;1.763338e-02
2.497713e-01;1.411247e-01;1.801794e-01;1.546388e-02;3.032768e-02;3.268161e-02;1.327190e-01;9.273777e-02;4.533757e-02;4.304306e-02;1.723160e-02;1.938246e-02
2.947852e-01;1.015170e-01;1.176255e-01;6.697749e-03;3.714766e-02;1.767796e-02;1.323618e-01;1.887311e-01;2.963451e-02;2.595290e-02;1.724502e-02;3.062368e-02
3.062889e-01;5.869532e-02;1.109133e-01;3.612806e-03;3.063583e-02;5.547142e-03;7.656001e-02;2.826515e-01;4.711561e-02;1.652358e-02;2.090063e-02;4.055547e-02
2.981089e-01;4.218998e-02;1.180815e-01;8.469003e-03;1.453313e-02;1.052606e-02;5.001161e-02;2.570898e-01;1.041646e-01;2.146380e-02;2.631316e-02;4.904844e-02
3.200948e-01;3.635173e-02;1.107988e-01;8.007554e-03;1.055508e-02;1.693562e-02;5.528556e-02;1.793208e-01;1.423498e-01;2.399788e-02;3.091496e-02;6.538764e-02
3.022406e-01;4.554142e-02;1.367313e-01;1.066899e-02;1.138572e-02;2.336356e-02;6.587095e-02;1.413915e-01;1.261212e-01;3.204857e-02;3.485868e-02;6.977752e-02
2.746009e-01;2.939832e-02;1.268646e-01;1.017421e-02;9.826048e-03;4.145672e-02;7.091265e-02;1.150277e-01;1.654549e-01;3.958439e-02;3.994852e-02;7.675102e-02
2.580685e-01;2.543056e-02;1.082263e-01;8.124908e-03;1.006755e-02;4.499654e-02;8.424708e-02;1.239893e-01;1.838346e-01;3.651675e-02;3.963489e-02;7.686293e-02
2.527246e-01;3.355734e-02;1.437933e-01;8.468299e-03;9.151168e-03;3.512648e-02;9.226876e-02;1.226088e-01;1.556878e-01;3.205696e-02;3.977026e-02;7.478619e-02
2.418663e-01;3.507007e-02;1.925187e-01;9.114767e-03;1.249725e-02;2.758532e-02;9.312306e-02;1.256121e-01;1.100661e-01;3.281189e-02;4.179908e-02;7.793534e-02
2.085382e-01;4.364889e-02;2.526352e-01;1.256038e-02;1.652783e-02;2.025545e-02;8.547362e-02;1.185877e-01;7.474355e-02;4.165795e-02;5.293175e-02;7.243944e-02
1.535986e-01;6.400669e-02;2.605237e-01;1.989509e-02;2.533726e-02;2.176002e-02;9.891596e-02;1.031842e-01;4.809200e-02;5.722647e-02;7.162479e-02;7.583518e-02
4.219178e-02;6.916175e-02;2.321280e-01;5.763963e-02;6.575093e-02;6.050859e-02;1.327455e-01;6.959615e-02;4.752640e-02;7.230124e-02;8.431127e-02;6.613871e-02
6.628335e-02;6.264645e-02;1.483246e-01;7.315380e-02;8.088322e-02;8.593687e-02;1.241876e-01;7.792752e-02;6.957348e-02;7.111945e-02;7.453269e-02;6.543107e-02
7.493243e-02;6.295221e-02;1.313624e-01;8.271859e-02;9.461444e-02;9.664417e-02;9.480369e-02;9.471776e-02;7.374642e-02;5.389756e-02;6.390442e-02;7.570590e-02
5.967505e-02;5.037569e-02;1.120650e-01;1.158520e-01;9.135522e-02;1.349192e-01;1.133691e-01;8.385672e-02;6.553688e-02;7.070676e-02;2.533101e-02;7.695737e-02
6.006416e-02;2.139133e-02;1.410355e-01;9.834187e-02;9.669029e-02;1.262649e-01;1.380593e-01;6.958681e-02;7.679403e-02;9.336105e-02;2.368916e-02;5.472161e-02
5.198216e-02;1.469900e-02;1.442164e-01;9.671997e-02;1.085023e-01;1.055840e-01;1.397461e-01;9.046598e-02;7.755368e-02;6.575259e-02;3.468512e-02;7.009268e-02
7.079545e-02;2.500119e-02;1.258027e-01;7.660694e-02;1.001703e-01;9.174342e-02;1.179434e-01;1.182778e-01;9.887480e-02;5.782464e-02;5.144807e-02;6.551136e-02
8.176286e-02;3.770224e-02;1.499550e-01;7.412657e-02;9.945723e-02;8.021393e-02;1.044239e-01;1.182817e-01;9.345864e-02;7.989618e-02;4.505043e-02;3.567135e-02
8.995022e-02;3.511179e-02;1.157274e-01;5.263029e-02;9.953941e-02;1.077878e-01;1.382719e-01;1.168354e-01;6.373739e-02;9.396750e-02;3.392276e-02;5.251810e-02
9.270856e-02;4.038914e-02;9.319807e-02;8.088891e-02;7.267202e-02;7.586745e-02;1.909983e-01;1.276064e-01;6.170104e-02;8.123305e-02;3.870495e-02;4.403213e-02
7.993034e-02;5.056778e-02;1.124993e-01;1.068427e-01;9.105449e-02;5.174407e-02;1.682414e-01;1.186924e-01;6.174995e-02;5.920535e-02;6.200124e-02;3.747109e-02
7.157115e-02;3.983941e-02;1.434249e-01;1.175813e-01;1.223926e-01;7.795492e-02;1.106123e-01;7.335161e-02;8.292985e-02;5.255263e-02;6.783748e-02;3.995182e-02
3.320355e-02;3.165524e-02;1.553553e-01;1.102841e-01;1.265664e-01;1.047148e-01;1.196627e-01;7.276847e-02;7.472313e-02;7.399678e-02;5.600290e-02;4.106669e-02
4.085107e-02;5.509413e-02;1.678346e-01;8.717119e-02;1.149780e-01;1.025199e-01;1.518266e-01;8.098690e-02;4.764235e-02;6.947361e-02;4.998882e-02;3.163286e-02
5.651040e-02;7.006065e-02;1.793249e-01;8.654954e-02;8.848234e-02;7.936662e-02;1.489168e-01;6.191741e-02;5.464659e-02;7.843720e-02;6.822085e-02;2.756678e-02
5.645833e-02;6.462970e-02;1.528794e-01;1.034319e-01;4.530172e-02;9.290816e-02;1.397363e-01;6.764690e-02;6.185760e-02;9.089846e-02;7.749183e-02;4.675984e-02
5.644311e-02;5.876477e-02;1.694261e-01;9.073325e-02;4.539156e-02;9.885734e-02;1.173249e-01;9.282294e-02;8.131267e-02;8.315168e-02;5.865272e-02;4.711901e-02
6.642859e-02;7.457992e-02;1.782789e-01;5.827854e-02;6.929375e-02;9.594560e-02;1.016248e-01;1.013452e-01;7.984921e-02;8.056637e-02;5.563328e-02;3.817575e-02
5.302631e-02;7.358363e-02;1.927134e-01;8.571000e-02;1.042398e-01;6.815377e-02;1.917282e-01;5.650727e-02;4.671428e-02;6.431544e-02;4.554744e-02;1.776042e-02
6.664234e-02;1.003276e-01;2.534666e-01;7.702765e-02;8.063462e-02;8.782490e-02;1.490438e-01;2.899160e-02;4.933629e-02;4.358672e-02;3.031114e-02;3.280671e-02
8.415424e-02;1.361048e-01;2.732138e-01;6.814409e-02;5.576774e-02;1.193449e-01;7.071894e-02;2.352700e-02;6.832792e-02;3.513922e-02;3.091996e-02;3.463737e-02
8.821420e-02;1.367776e-01;2.129843e-01;5.025497e-02;5.936851e-02;1.471010e-01;7.283116e-02;4.184871e-02;7.386921e-02;4.274278e-02;4.778832e-02;2.621927e-02
9.597806e-02;9.723388e-02;1.246927e-01;5.474340e-02;8.682696e-02;1.466419e-01;9.590526e-02;6.503848e-02;7.792471e-02;4.600638e-02;8.634742e-02;2.266074e-02
9.582144e-02;7.118857e-02;8.676542e-02;6.332973e-02;1.070605e-01;1.247029e-01;1.106772e-01;6.176157e-02;7.522187e-02;5.895659e-02;1.138949e-01;3.061916e-02
9.267614e-02;5.555756e-02;8.100265e-02;7.934552e-02;1.205511e-01;7.045692e-02;1.330938e-01;1.107092e-01;4.221324e-02;6.063763e-02;1.144319e-01;3.932440e-02
9.072874e-02;4.913035e-02;7.467425e-02;7.424158e-02;1.198614e-01;5.160640e-02;1.229569e-01;1.348409e-01;9.148514e-02;3.751165e-02;1.085116e-01;4.445113e-02
8.396549e-02;4.639666e-02;7.417070e-02;6.547760e-02;1.074023e-01;6.128954e-02;1.384709e-01;1.495589e-01;7.580841e-02;6.033273e-02;9.312623e-02;4.400061e-02
8.438040e-02;4.672075e-02;7.306991e-02;6.707818e-02;1.159294e-01;6.863978e-02;1.052069e-01;1.639547e-01;8.752463e-02;4.326469e-02;9.464069e-02;4.959000e-02
8.382946e-02;4.619429e-02;7.462277e-02;7.642750e-02;1.173005e-01;6.557819e-02;1.186971e-01;1.637577e-01;7.412057e-02;6.228540e-02;7.532506e-02;4.186150e-02
8.799335e-02;4.170808e-02;7.468267e-02;8.574156e-02;1.226611e-01;8.459418e-02;9.235492e-02;1.564912e-01;9.042533e-02;5.678757e-02;7.214265e-02;3.441736e-02
9.109981e-02;4.215275e-02;7.607092e-02;9.419023e-02;1.263902e-01;8.073480e-02;1.142985e-01;1.499611e-01;7.911584e-02;6.473112e-02;5.367950e-02;2.757520e-02
1.071278e-01;3.704012e-02;7.603731e-02;1.155446e-01;1.606316e-01;6.061696e-02;8.722928e-02;1.474368e-01;6.258955e-02;6.099827e-02;5.409886e-02;3.064887e-02
1.193513e-01;3.640649e-02;6.511591e-02;1.328236e-01;1.642396e-01;6.400453e-02;9.611225e-02;1.342325e-01;4.370407e-02;6.163096e-02;5.071812e-02;3.166065e-02
1.349997e-01;3.300909e-02;8.817617e-02;1.482480e-01;1.440881e-01;7.126273e-02;1.020305e-01;1.206013e-01;3.557523e-02;4.618365e-02;4.102253e-02;3.480305e-02
1.463502e-01;4.372696e-02;9.940820e-02;1.525208e-01;1.095443e-01;3.519417e-02;1.451774e-01;1.090447e-01;3.261258e-02;5.431246e-02;2.866738e-02;4.344083e-02
1.355718e-01;4.164245e-02;1.534302e-01;1.198502e-01;7.684529e-02;3.528607e-02;1.634359e-01;9.763141e-02;3.654610e-02;5.984863e-02;2.215149e-02;5.776047e-02
1.942701e-01;8.399309e-02;2.207114e-01;6.586102e-02;4.632501e-02;3.553062e-02;1.173311e-01;7.194283e-02;3.750778e-02;4.182252e-02;2.653120e-02;5.817340e-02
2.649847e-01;1.199110e-01;2.053541e-01;3.610871e-02;4.070187e-02;3.954232e-02;7.020293e-02;5.751660e-02;3.016927e-02;3.840288e-02;4.227864e-02;5.482696e-02
2.110133e-01;1.062385e-01;1.914754e-01;3.502101e-02;6.122647e-02;4.695134e-02;9.566417e-02;5.499385e-02;3.560995e-02;5.209775e-02;5.714363e-02;5.256462e-02
1.220602e-01;6.755213e-02;1.182732e-01;4.963694e-02;9.074984e-02;6.451355e-02;2.113335e-01;6.133612e-02;6.385232e-02;5.572953e-02;3.769916e-02;5.726347e-02
1.166001e-01;7.443228e-02;1.150694e-01;4.690804e-02;1.042926e-01;8.821101e-02;1.968054e-01;7.187612e-02;5.597819e-02;4.567460e-02;3.024584e-02;5.390634e-02
5.604874e-02;6.755199e-02;9.883712e-02;6.652103e-02;1.428680e-01;1.073151e-01;1.744437e-01;7.636699e-02;6.933065e-02;7.082148e-02;3.301383e-02;3.688147e-02
5.341827e-02;5.566017e-02;9.602495e-02;1.022106e-01;1.138715e-01;1.320590e-01;1.329230e-01;8.255184e-02;7.527304e-02;8.754306e-02;4.612656e-02;2.233811e-02
5.867057e-02;5.047718e-02;1.045717e-01;8.961077e-02;1.131571e-01;9.325514e-02;1.226271e-01;1.074140e-01;8.489206e-02;9.765236e-02;5.828950e-02;1.938248e-02
3.706870e-02;4.273320e-02;9.103364e-02;6.478351e-02;1.528121e-01;1.328483e-01;1.044759e-01;6.702533e-02;7.189821e-02;1.340342e-01;5.258322e-02;4.870374e-02
5.378645e-02;3.793346e-02;6.833825e-02;6.299148e-02;1.458879e-01;1.639251e-01;8.169601e-02;8.833071e-02;7.835257e-02;1.323742e-01;3.807703e-02;4.830685e-02
6.808781e-02;5.347661e-02;7.574852e-02;5.475878e-02;1.030141e-01;1.177080e-01;1.459490e-01;8.251378e-02;6.779649e-02;1.508977e-01;4.211497e-02;3.793424e-02
6.607956e-02;5.398739e-02;7.045519e-02;4.728807e-02;1.010767e-01;7.532588e-02;1.452840e-01;6.086973e-02;7.198371e-02;2.335375e-01;3.884411e-02;3.526820e-02
4.929718e-02;4.797864e-02;6.938950e-02;3.734035e-02;1.240020e-01;7.815452e-02;1.175036e-01;5.049163e-02;8.101918e-02;2.960221e-01;2.399746e-02;2.480384e-02
3.901527e-02;6.435267e-02;1.878347e-01;4.176976e-02;1.090361e-01;8.555000e-02;1.299481e-01;3.915955e-02;7.307233e-02;1.905765e-01;1.839955e-02;2.128543e-02
6.660501e-02;8.618537e-02;3.867866e-01;5.131995e-02;7.679058e-02;5.284779e-02;1.297889e-01;1.732342e-02;3.719369e-02;5.838681e-02;2.060264e-02;1.616928e-02
1.005650e-01;8.922526e-02;3.866785e-01;5.734092e-02;7.617112e-02;5.174657e-02;9.856057e-02;1.411714e-02;3.437724e-02;3.883833e-02;2.914296e-02;2.323633e-02
1.513608e-01;7.189597e-02;2.950240e-01;7.190459e-02;8.492037e-02;6.456987e-02;6.688412e-02;3.223969e-02;4.600183e-02;3.565855e-02;4.280841e-02;3.673173e-02
1.714519e-01;4.992842e-02;2.986847e-01;4.846651e-02;5.256960e-02;4.383794e-02;1.410137e-01;5.769936e-02;3.123117e-02;3.004973e-02;3.729280e-02;3.777407e-02
2.476769e-01;7.998382e-02;2.707167e-01;3.450584e-02;3.946872e-02;1.430616e-02;1.063602e-01;8.357285e-02;2.815333e-02;2.414619e-02;3.050358e-02;4.060560e-02
3.184152e-01;8.716648e-02;2.361279e-01;2.122065e-02;3.391432e-02;1.113621e-02;5.031485e-02;1.055811e-01;2.568421e-02;3.060325e-02;3.099857e-02;4.883730e-02
2.791946e-01;1.007081e-01;2.026913e-01;3.490163e-02;4.067113e-02;2.584838e-02;4.311412e-02;8.622169e-02;4.256258e-02;4.249332e-02;4.655815e-02;5.503500e-02
2.218053e-01;1.257411e-01;2.022947e-01;3.984628e-02;5.213181e-02;3.237610e-02;4.693880e-02;8.521637e-02;5.809388e-02;3.725328e-02;4.721518e-02;5.108716e-02
2.439684e-01;1.459920e-01;1.675981e-01;2.414280e-02;6.863872e-02;3.158541e-02;3.876814e-02;1.098247e-01;5.797379e-02;2.091713e-02;5.064932e-02;3.994137e-02
2.912090e-01;1.497907e-01;1.155306e-01;1.250524e-02;8.851943e-02;2.253627e-02;4.263114e-02;1.393086e-01;4.752366e-02;1.320965e-02;5.306159e-02;2.417417e-02
3.266408e-01;1.395085e-01;9.792936e-02;1.198181e-02;1.093285e-01;1.678392e-02;3.523885e-02;1.526823e-01;4.060101e-02;1.179598e-02;3.912831e-02;1.838063e-02
3.557906e-01;1.296688e-01;9.799442e-02;1.010443e-02;1.282678e-01;9.911250e-03;2.914245e-02;1.606733e-01;2.160244e-02;5.620988e-03;3.067411e-02;2.054952e-02
3.576494e-01;1.099588e-01;9.879577e-02;1.288738e-02;1.284387e-01;1.231158e-02;3.264804e-02;1.668525e-01;1.756370e-02;6.140782e-03;2.682897e-02;2.992428e-02
3.523700e-01;8.690616e-02;9.779217e-02;1.427445e-02;1.146571e-01;1.694078e-02;4.302063e-02;1.805151e-01;1.605356e-02;1.328344e-02;1.972925e-02;4.445743e-02
2.933216e-01;5.446608e-02;9.908628e-02;3.388796e-02;8.490112e-02;3.636313e-02;9.058745e-02;1.670115e-01;2.395712e-02;2.999622e-02;2.282527e-02;6.359624e-02
1.824731e-01;4.792533e-02;1.173596e-01;3.977925e-02;6.972607e-02;7.202962e-02;1.548453e-01;1.237487e-01;4.002156e-02;4.086869e-02;3.249044e-02;7.873238e-02
1.357516e-01;5.460620e-02;9.799405e-02;5.367713e-02;5.798385e-02;7.938967e-02;1.740113e-01;8.782950e-02;4.967429e-02;3.898361e-02;5.739247e-02;1.127063e-01
1.549151e-01;4.449220e-02;1.080076e-01;7.365388e-02;3.458637e-02;4.904953e-02;1.421685e-01;4.990180e-02;3.333683e-02;4.733887e-02;8.309497e-02;1.794544e-01
7.611718e-02;5.040541e-02;1.219546e-01;7.749175e-02;2.308815e-02;4.120702e-02;1.389357e-01;2.645875e-02;2.605563e-02;6.892941e-02;9.051069e-02;2.588458e-01
1.966131e-01;4.142997e-02;1.450318e-01;5.442639e-02;2.094518e-02;3.959958e-02;1.167292e-01;3.272457e-02;3.652593e-02;4.706930e-02;7.384292e-02;1.950621e-01
2.261467e-01;3.677078e-02;9.948230e-02;5.936471e-02;3.688922e-02;4.585989e-02;1.415138e-01;4.552175e-02;2.799215e-02;4.201409e-02;7.082309e-02;1.676216e-01
2.666428e-01;1.048480e-01;7.740892e-02;5.763775e-02;4.353290e-02;5.214506e-02;1.241566e-01;5.249679e-02;3.305700e-02;2.803575e-02;4.074754e-02;1.192909e-01
2.795373e-01;1.383394e-01;1.365163e-01;4.218281e-02;5.727278e-02;4.144603e-02;1.023069e-01;5.484379e-02;2.193480e-02;2.561457e-02;3.051267e-02;6.949250e-02
2.709973e-01;1.241096e-01;1.469203e-01;6.124850e-02;7.439307e-02;3.451355e-02;9.538249e-02;6.601165e-02;1.611905e-02;2.946933e-02;3.190386e-02;4.893135e-02
2.805919e-01;1.201067e-01;1.164670e-01;9.067529e-02;8.794450e-02;2.078076e-02;7.773822e-02;9.547146e-02;1.648235e-02;2.422426e-02;2.729486e-02;4.222278e-02
2.809582e-01;1.149572e-01;1.013267e-01;1.000819e-01;9.355810e-02;2.282276e-02;7.061363e-02;1.132237e-01;2.181454e-02;2.181213e-02;2.012256e-02;3.870857e-02
2.723080e-01;9.824578e-02;6.878281e-02;8.625892e-02;8.762879e-02;4.365714e-02;1.087540e-01;1.108314e-01;3.942529e-02;2.955115e-02;1.512009e-02;3.943660e-02
2.478104e-01;7.042971e-02;5.122901e-02;5.835368e-02;7.390763e-02;7.656083e-02;1.467444e-01;9.604518e-02;8.089899e-02;3.970173e-02;1.851666e-02;3.980175e-02
2.020247e-01;3.743158e-02;7.919467e-02;7.147030e-02;9.768762e-02;6.771258e-02;1.424085e-01;1.003382e-01;8.007987e-02;5.347872e-02;3.186196e-02;3.631129e-02
1.887313e-01;5.065487e-02;1.272819e-01;1.102136e-01;9.636354e-02;3.620604e-02;1.046799e-01;1.176853e-01;3.516439e-02;6.065189e-02;4.102393e-02;3.134339e-02
1.877922e-01;5.928113e-02;1.432449e-01;1.259397e-01;8.063237e-02;2.593320e-02;1.067974e-01;1.136458e-01;1.888817e-02;6.244673e-02;4.686996e-02;2.852839e-02
1.815962e-01;4.984883e-02;1.439848e-01;1.157483e-01;7.080004e-02;3.252044e-02;1.287268e-01;1.013514e-01;2.845106e-02;7.149279e-02;4.268592e-02;3.279353e-02
1.651840e-01;4.623714e-02;1.322397e-01;9.014180e-02;6.206907e-02;4.910326e-02;1.562980e-01;8.645137e-02;4.253311e-02;8.595889e-02;4.016226e-02;4.362144e-02
1.413287e-01;6.375575e-02;1.398552e-01;6.742574e-02;4.944310e-02;5.500491e-02;1.683041e-01;6.928306e-02;4.475210e-02;9.249174e-02;5.272752e-02;5.562814e-02
1.273653e-01;4.822206e-02;1.193432e-01;6.913766e-02;5.051445e-02;5.936553e-02;1.850228e-01;5.018821e-02;3.916826e-02;8.519695e-02;8.506827e-02;8.140729e-02
8.430470e-02;3.345641e-02;1.875339e-01;7.030291e-02;4.270461e-02;5.180621e-02;1.612280e-01;3.642781e-02;3.979210e-02;7.352072e-02;1.026716e-01;1.162511e-01
1.215220e-01;3.868629e-02;1.939924e-01;4.920098e-02;2.685989e-02;4.216758e-02;1.363575e-01;4.603783e-02;4.566661e-02;6.413590e-02;1.091319e-01;1.262411e-01
1.193756e-01;3.698263e-02;1.908819e-01;2.372513e-02;2.872733e-02;4.355661e-02;1.224306e-01;3.971416e-02;5.145275e-02;9.805639e-02;1.371257e-01;1.079713e-01
5.571951e-02;4.318719e-02;2.820969e-01;5.377947e-02;6.192420e-02;5.707172e-02;8.210144e-02;3.575640e-02;5.500070e-02;9.542256e-02;1.057991e-01;7.214080e-02
7.873940e-02;7.016665e-02;1.558152e-01;6.889830e-02;8.090358e-02;7.076173e-02;1.065115e-01;6.583498e-02;9.630562e-02;6.955504e-02;5.840987e-02;7.809811e-02
9.962108e-02;9.406023e-02;1.378507e-01;6.311280e-02;7.641587e-02;5.894818e-02;1.420763e-01;4.582648e-02;9.798919e-02;5.784290e-02;4.342153e-02;8.283459e-02
1.109664e-01;1.075971e-01;1.826742e-01;5.088357e-02;4.912439e-02;5.516117e-02;1.635370e-01;3.108791e-02;8.254359e-02;5.190011e-02;5.390852e-02;6.061613e-02
7.769427e-02;1.279522e-01;2.969874e-01;5.657391e-02;5.647532e-02;5.813231e-02;1.401666e-01;1.699762e-02;3.349828e-02;4.819287e-02;4.972322e-02;3.760595e-02
1.451673e-01;1.515177e-01;3.102687e-01;5.018099e-02;5.308433e-02;3.817741e-02;9.387395e-02;2.227875e-02;3.419461e-02;3.683973e-02;3.636999e-02;2.804664e-02
1.766848e-01;1.798975e-01;2.710743e-01;3.418081e-02;4.700909e-02;3.546825e-02;8.931285e-02;2.588245e-02;3.860550e-02;3.708569e-02;3.637965e-02;2.841908e-02
1.986717e-01;1.920039e-01;2.057787e-01;3.530257e-02;5.848320e-02;4.649320e-02;9.066915e-02;2.529335e-02;4.520524e-02;4.493709e-02;3.666057e-02;2.050130e-02
2.521332e-01;1.714351e-01;1.369687e-01;3.460167e-02;6.176949e-02;5.593010e-02;9.061927e-02;3.427308e-02;5.831013e-02;4.846538e-02;3.138648e-02;2.410737e-02
2.675642e-01;1.206418e-01;1.263707e-01;2.919623e-02;6.388905e-02;6.137251e-02;1.420377e-01;3.918728e-02;5.854393e-02;3.425141e-02;2.958365e-02;2.736162e-02
2.755935e-01;8.341096e-02;1.151082e-01;2.554827e-02;6.332198e-02;5.585926e-02;1.738513e-01;5.764515e-02;5.337863e-02;3.044125e-02;3.107034e-02;3.477113e-02
2.754756e-01;5.508786e-02;1.114653e-01;3.173810e-02;5.030742e-02;3.962919e-02;2.109794e-01;6.052929e-02;4.219308e-02;4.459542e-02;3.187266e-02;4.612665e-02
2.639458e-01;4.728342e-02;1.171285e-01;3.066297e-02;3.331726e-02;5.209382e-02;2.221959e-01;4.154458e-02;4.096350e-02;4.579771e-02;3.726401e-02;6.780258e-02
2.185352e-01;4.655946e-02;1.124440e-01;2.688073e-02;3.390929e-02;8.541632e-02;1.854132e-01;4.813756e-02;4.897277e-02;4.493066e-02;5.370631e-02;9.509451e-02
1.479399e-01;3.341503e-02;8.353076e-02;2.713868e-02;3.562224e-02;1.256066e-01;1.522894e-01;4.661401e-02;8.996700e-02;7.811602e-02;8.365750e-02;9.610277e-02
7.803146e-02;3.023831e-02;1.006642e-01;6.936286e-02;5.966926e-02;1.465897e-01;1.406811e-01;8.042015e-02;8.498719e-02;8.314238e-02;6.356535e-02;6.264808e-02
3.778278e-02;3.076930e-02;8.580085e-02;6.978368e-02;8.486359e-02;2.558095e-01;1.209090e-01;8.705685e-02;7.847919e-02;7.073053e-02;3.584091e-02;4.217393e-02
3.935149e-02;5.175433e-02;6.436616e-02;5.306822e-02;1.120326e-01;2.963060e-01;8.677954e-02;7.073375e-02;7.723273e-02;1.014327e-01;2.595231e-02;2.099025e-02
7.660495e-02;5.009703e-02;5.944008e-02;4.871482e-02;2.031017e-01;1.769697e-01;7.597879e-02;7.218015e-02;5.286566e-02;1.048640e-01;3.230394e-02;4.687912e-02
7.897197e-02;4.357902e-02;8.606820e-02;5.642843e-02;2.093613e-01;1.170092e-01;6.938629e-02;7.488798e-02;6.639984e-02;9.714321e-02;3.711403e-02;6.365050e-02
7.549295e-02;5.662196e-02;9.350865e-02;5.307186e-02;1.617712e-01;1.354829e-01;1.005033e-01;5.559134e-02;1.041276e-01;7.721496e-02;2.554663e-02;6.106668e-02
8.823576e-02;7.272277e-02;6.261703e-02;3.956037e-02;1.628054e-01;1.542491e-01;9.107196e-02;4.855211e-02;1.357398e-01;4.720702e-02;4.535096e-02;5.188759e-02
8.590129e-02;4.491567e-02;8.056816e-02;7.129955e-02;1.630681e-01;1.169269e-01;1.015713e-01;6.735949e-02;1.236998e-01;6.332512e-02;4.847325e-02;3.289139e-02
8.310057e-02;3.647573e-02;1.030718e-01;9.627511e-02;1.917663e-01;6.112466e-02;1.275398e-01;7.339493e-02;9.900418e-02;4.827670e-02;5.752368e-02;2.244666e-02
9.438416e-02;5.205969e-02;9.152878e-02;8.410129e-02;1.809838e-01;5.260053e-02;1.215336e-01;7.521971e-02;7.457608e-02;6.359090e-02;6.199150e-02;4.743007e-02
1.067361e-01;5.678075e-02;6.524348e-02;6.292126e-02;1.933407e-01;8.246230e-02;7.659549e-02;1.035418e-01;8.782829e-02;7.752374e-02;5.262877e-02;3.439717e-02
5.565811e-02;3.368102e-02;5.497859e-02;5.197315e-02;1.246549e-01;1.738181e-01;1.078733e-01;9.015947e-02;6.616436e-02;1.163255e-01;5.784715e-02;6.686638e-02
5.535832e-02;3.873415e-02;6.397384e-02;5.031602e-02;6.411051e-02;1.890670e-01;1.258957e-01;7.436343e-02;7.310913e-02;1.466947e-01;5.902176e-02;5.935547e-02
6.450301e-02;6.778074e-02;5.947896e-02;5.451041e-02;6.575851e-02;1.822693e-01;1.555240e-01;7.829868e-02;6.959935e-02;1.323159e-01;4.296877e-02;2.699240e-02
5.002477e-02;6.584786e-02;9.275749e-02;6.395369e-02;7.946181e-02;1.152262e-01;1.940859e-01;6.472851e-02;7.006915e-02;1.282053e-01;3.982143e-02;3.581794e-02
5.409334e-02;5.088630e-02;2.260970e-01;5.874644e-02;6.942051e-02;4.987507e-02;1.649804e-01;6.467815e-02;6.470931e-02;1.125426e-01;4.496339e-02;3.900753e-02
6.652052e-02;6.395940e-02;3.689293e-01;4.750603e-02;6.175691e-02;4.548319e-02;1.464950e-01;3.138496e-02;4.825638e-02;6.625605e-02;3.345848e-02;1.999380e-02
8.824778e-02;8.011426e-02;3.726365e-01;3.820204e-02;5.926636e-02;3.676796e-02;1.607009e-01;3.444348e-02;4.819241e-02;3.537928e-02;3.085101e-02;1.519802e-02
1.504820e-01;8.852079e-02;2.770638e-01;2.664825e-02;5.415520e-02;2.729221e-02;1.757515e-01;5.824930e-02;5.538584e-02;3.457776e-02;3.343773e-02;1.843572e-02
2.059574e-01;6.611089e-02;1.700305e-01;2.872453e-02;4.889759e-02;1.986778e-02;1.946190e-01;8.093033e-02;6.009529e-02;5.547733e-02;3.695489e-02;3.233445e-02
