8.526683e-02;8.389631e-02;1.358357e-01;5.289710e-02;6.141692e-02;5.021127e-02;1.148306e-01;9.268709e-02;1.088172e-01;8.049762e-02;7.843673e-02;5.520655e-02
3.740733e-02;8.250589e-02;2.177333e-01;1.182060e-01;6.908181e-02;3.896528e-02;8.141244e-02;6.051182e-02;9.706426e-02;7.519957e-02;8.020934e-02;4.170298e-02
4.413335e-02;8.517506e-02;2.163203e-01;1.434888e-01;7.184314e-02;3.248814e-02;9.196908e-02;4.114602e-02;9.836311e-02;7.215272e-02;6.002561e-02;4.289470e-02
5.382570e-02;9.887589e-02;1.640536e-01;1.428824e-01;6.761508e-02;3.304075e-02;1.298535e-01;2.538448e-02;1.154867e-01;7.254801e-02;4.816887e-02;4.826505e-02
5.676850e-02;1.041803e-01;1.191392e-01;1.373259e-01;4.047554e-02;3.332988e-02;1.648284e-01;4.575666e-02;1.064385e-01;9.069711e-02;3.902471e-02;6.203526e-02
5.151494e-02;8.179754e-02;9.609460e-02;2.090394e-01;3.175494e-02;3.282472e-02;1.857747e-01;5.776835e-02;5.643266e-02;9.685989e-02;3.074854e-02;6.938973e-02
5.623902e-02;4.965021e-02;7.881091e-02;2.353535e-01;3.665442e-02;3.048968e-02;2.160109e-01;6.431893e-02;4.317046e-02;8.679548e-02;3.831429e-02;6.419224e-02
4.410535e-02;2.249392e-02;1.024883e-01;2.049593e-01;2.835896e-02;4.279157e-02;2.289603e-01;7.920972e-02;7.534053e-02;6.519527e-02;5.320273e-02;5.289411e-02
4.332729e-02;2.752570e-02;8.030448e-02;1.789276e-01;5.042416e-02;5.583242e-02;1.847375e-01;8.177748e-02;1.273093e-01;7.509143e-02;3.904433e-02;5.569838e-02
6.734894e-02;3.565152e-02;8.875061e-02;1.276567e-01;6.911378e-02;5.349962e-02;1.512345e-01;8.502790e-02;1.245987e-01;9.858235e-02;3.700043e-02;6.153492e-02
5.545317e-02;4.903124e-02;1.065639e-01;6.109750e-02;5.187447e-02;6.071063e-02;1.979454e-01;8.576575e-02;9.210481e-02;1.051146e-01;7.681087e-02;5.752769e-02
2.563039e-02;5.211530e-02;1.108125e-01;1.217937e-01;4.813825e-02;5.967140e-02;1.577270e-01;8.042046e-02;9.954762e-02;8.675890e-02;8.506025e-02;7.232428e-02
3.832187e-02;6.610052e-02;1.157691e-01;1.398396e-01;2.776946e-02;5.827546e-02;1.290312e-01;6.701626e-02;1.011869e-01;1.175924e-01;6.428318e-02;7.481395e-02
4.562553e-02;7.709965e-02;1.194687e-01;1.106125e-01;6.767093e-02;5.878906e-02;1.275591e-01;4.818606e-02;1.150213e-01;1.402884e-01;3.815788e-02;5.152103e-02
4.206159e-02;6.678183e-02;1.133655e-01;1.164417e-01;8.755571e-02;7.661395e-02;1.579164e-01;7.403854e-02;1.166157e-01;9.089860e-02;3.410435e-02;2.360605e-02
4.286041e-02;6.207648e-02;9.613924e-02;1.509430e-01;4.207477e-02;6.243286e-02;1.325793e-01;1.101578e-01;1.439068e-01;7.084411e-02;3.943679e-02;4.654830e-02
7.334189e-02;6.725185e-02;1.030169e-01;1.392540e-01;6.149574e-02;4.253571e-02;1.043049e-01;6.805351e-02;1.413937e-01;1.025000e-01;4.651622e-02;5.033553e-02
1.118405e-01;8.807560e-02;9.699441e-02;1.047804e-01;8.342454e-02;4.670110e-02;1.095658e-01;3.204462e-02;9.885159e-02;1.366141e-01;5.990499e-02;3.120226e-02
6.849889e-02;7.349239e-02;6.212197e-02;1.206930e-01;9.949915e-02;5.868347e-02;1.000052e-01;5.915424e-02;1.063044e-01;9.335917e-02;8.596606e-02;7.222200e-02
3.369251e-02;5.179707e-02;7.191969e-02;9.991574e-02;8.793836e-02;6.127010e-02;9.746215e-02;8.336893e-02;1.275481e-01;1.310085e-01;7.363413e-02;8.044474e-02
4.424256e-02;5.882053e-02;1.325375e-01;1.203444e-01;5.922748e-02;4.838316e-02;1.008299e-01;7.162875e-02;1.106007e-01;1.344104e-01;6.022650e-02;5.874812e-02
6.525080e-02;7.058989e-02;1.432006e-01;1.297612e-01;3.517418e-02;3.653966e-02;1.085416e-01;6.126158e-02;1.100936e-01;1.116979e-01;6.015468e-02;6.773432e-02
7.216885e-02;6.323719e-02;1.501862e-01;8.998711e-02;4.178094e-02;4.131789e-02;1.163557e-01;7.218894e-02;1.235435e-01;9.281989e-02;5.483118e-02;8.158264e-02
7.359836e-02;1.096015e-01;2.368578e-01;5.572718e-02;4.837108e-02;4.046559e-02;1.192207e-01;6.606922e-02;1.117881e-01;7.236253e-02;2.859193e-02;3.734600e-02
6.365069e-02;1.469557e-01;3.190430e-01;4.784022e-02;3.680599e-02;2.384271e-02;9.167954e-02;4.409050e-02;1.100869e-01;8.186434e-02;1.875794e-02;1.538253e-02
3.784952e-02;1.727121e-01;4.243692e-01;3.376830e-02;2.044993e-02;1.336306e-02;5.540008e-02;2.372445e-02;1.014588e-01;1.024218e-01;8.461558e-03;6.021221e-03
2.803947e-02;1.707599e-01;5.290769e-01;1.428261e-02;8.339213e-03;7.700610e-03;2.216422e-02;1.055554e-02;7.416652e-02;1.243425e-01;6.407778e-03;4.164784e-03
1.918470e-02;1.259950e-01;6.115292e-01;1.486950e-02;6.584327e-03;4.856184e-03;1.317318e-02;1.054009e-02;2.762192e-02;1.549520e-01;7.127645e-03;3.566239e-03
5.889167e-03;6.349149e-02;6.391419e-01;3.265055e-02;9.043760e-03;5.014300e-03;1.492951e-02;6.366680e-03;2.830506e-02;1.800684e-01;1.282570e-02;2.273494e-03
1.293940e-02;4.020292e-02;5.529756e-01;1.138026e-01;1.052293e-02;5.504678e-03;2.186074e-02;3.582594e-03;2.976022e-02;1.769931e-01;2.931465e-02;2.540566e-03
7.196099e-03;2.289569e-02;3.648300e-01;3.488593e-01;1.541318e-02;6.218797e-03;1.999115e-02;5.226051e-03;2.618849e-02;1.125177e-01;6.756787e-02;3.095717e-03
4.787799e-03;1.495943e-02;2.263329e-01;5.144203e-01;2.948367e-02;8.856033e-03;9.970702e-03;1.030707e-02;2.451617e-02;3.856036e-02;1.106306e-01;7.174989e-03
2.779902e-03;1.528597e-02;1.401947e-01;4.994153e-01;5.524105e-02;1.220004e-02;9.519065e-03;2.959899e-02;1.997872e-02;4.259199e-02;1.532685e-01;1.992575e-02
4.128813e-03;2.092780e-02;7.602308e-02;3.822147e-01;1.155039e-01;1.459899e-02;1.573172e-02;4.933345e-02;3.259183e-02;9.155340e-02;1.427858e-01;5.460649e-02
5.763934e-03;1.739240e-02;1.541563e-01;2.142632e-01;1.941405e-01;1.780742e-02;1.647050e-02;4.171101e-02;8.738996e-02;1.009433e-01;6.648253e-02;8.347897e-02
1.696000e-02;1.438358e-02;1.492765e-01;9.134261e-02;2.668033e-01;3.732691e-02;3.475745e-02;2.571391e-02;1.639290e-01;8.507670e-02;1.339254e-02;1.010375e-01
6.878176e-02;2.047091e-02;1.116220e-01;4.449037e-02;2.049407e-01;1.184485e-01;7.502368e-02;2.649152e-02;1.790950e-01;6.885228e-02;3.575838e-02;4.602497e-02
9.241598e-02;3.828819e-02;7.034603e-02;8.087172e-02;8.923393e-02;1.756457e-01;1.625648e-01;3.588997e-02;1.195421e-01;7.721432e-02;3.999637e-02;1.799099e-02
5.854414e-02;6.267039e-02;5.356979e-02;6.904296e-02;5.983451e-02;1.623753e-01;2.844659e-01;5.980474e-02;6.724310e-02;7.698937e-02;3.713473e-02;8.325059e-03
3.399469e-02;6.193092e-02;4.610784e-02;4.695332e-02;5.411123e-02;1.276992e-01;3.453985e-01;9.643237e-02;7.368640e-02;5.072680e-02;4.168312e-02;2.127569e-02
5.587262e-02;4.250385e-02;5.041175e-02;8.850665e-02;6.639577e-02;1.052300e-01;2.788477e-01;9.146123e-02;9.376805e-02;5.132968e-02;4.917037e-02;2.650234e-02
3.691813e-02;3.703661e-02;8.354803e-02;1.242180e-01;6.437950e-02;5.442853e-02;2.846628e-01;6.085432e-02;9.878231e-02;7.726353e-02;3.560654e-02;4.230172e-02
1.580386e-02;3.127760e-02;9.621986e-02;8.188763e-02;6.618501e-02;2.808677e-02;3.671990e-01;1.009852e-01;8.815376e-02;6.472962e-02;2.047968e-02;3.899208e-02
2.054259e-02;2.247779e-02;8.634458e-02;4.733439e-02;7.940553e-02;5.868891e-02;4.038569e-01;9.095773e-02;8.507738e-02;5.237396e-02;2.237566e-02;3.056455e-02
2.385494e-02;1.517371e-02;7.245122e-02;7.693017e-02;8.812924e-02;8.910214e-02;3.769983e-01;6.631231e-02;8.738126e-02;5.618032e-02;2.692135e-02;2.056501e-02
3.085347e-02;3.178114e-02;8.358596e-02;1.709454e-01;8.903783e-02;1.015603e-01;2.146747e-01;7.653441e-02;7.265244e-02;5.020470e-02;4.176041e-02;3.640931e-02
4.540312e-02;2.326885e-02;9.862336e-02;2.217341e-01;9.857406e-02;7.858471e-02;1.503612e-01;8.605315e-02;6.158664e-02;5.741816e-02;3.398474e-02;4.440785e-02
4.109172e-02;1.011356e-02;7.500124e-02;2.119536e-01;9.350339e-02;5.439112e-02;2.346321e-01;8.614168e-02;5.499047e-02;6.786408e-02;3.914655e-02;3.117040e-02
3.387156e-02;1.220789e-02;8.216143e-02;1.522604e-01;1.085331e-01;6.157457e-02;2.755193e-01;8.215970e-02;4.468228e-02;5.084855e-02;5.637896e-02;3.980233e-02
4.140675e-02;2.131367e-02;1.199524e-01;1.186373e-01;9.545319e-02;5.442293e-02;2.749433e-01;6.493347e-02;4.453469e-02;5.192366e-02;5.956760e-02;5.291101e-02
6.301508e-02;3.982426e-02;1.420572e-01;1.185140e-01;5.631509e-02;5.880287e-02;1.860904e-01;5.676190e-02;6.544790e-02;7.956869e-02;5.750649e-02;7.609609e-02
4.973978e-02;4.055864e-02;1.549380e-01;5.668776e-02;7.575437e-02;9.380875e-02;1.466213e-01;5.899774e-02;1.124608e-01;7.664929e-02;2.964199e-02;1.041416e-01
2.492433e-02;2.188472e-02;9.124160e-02;9.849457e-02;6.984466e-02;8.862018e-02;2.052145e-01;7.439960e-02;1.193025e-01;5.806234e-02;3.613231e-02;1.118787e-01
4.325135e-02;3.466017e-02;1.093243e-01;9.743004e-02;8.508980e-02;7.727032e-02;2.230142e-01;7.633749e-02;9.394091e-02;3.576258e-02;3.583320e-02;8.808573e-02
4.055187e-02;2.774579e-02;1.389297e-01;7.628348e-02;8.600157e-02;9.832682e-02;2.447377e-01;4.986248e-02;8.831613e-02;5.026328e-02;3.646503e-02;6.251613e-02
4.217492e-02;2.156362e-02;1.194475e-01;7.411838e-02;1.317895e-01;1.213304e-01;1.911551e-01;3.331240e-02;9.718586e-02;6.477460e-02;5.914355e-02;4.400418e-02
5.725627e-02;4.881206e-02;1.105118e-01;8.475085e-02;1.582970e-01;8.548570e-02;1.503523e-01;5.387034e-02;6.407660e-02;8.211254e-02;4.646933e-02;5.800515e-02
8.277907e-02;7.318071e-02;1.487284e-01;7.761691e-02;9.202734e-02;6.368867e-02;2.248608e-01;7.418436e-02;4.327295e-02;6.784286e-02;2.135719e-02;3.046072e-02
8.912170e-02;8.923883e-02;1.703691e-01;4.382412e-02;6.065686e-02;8.368823e-02;2.299994e-01;6.953757e-02;3.650430e-02;7.536536e-02;2.901132e-02;2.268321e-02
1.283282e-01;1.264796e-01;1.630135e-01;3.320283e-02;6.048739e-02;7.920897e-02;1.530623e-01;6.564447e-02;3.721123e-02;8.481914e-02;4.566116e-02;2.288122e-02
1.877049e-01;1.382061e-01;1.243690e-01;5.627939e-02;6.567784e-02;6.100701e-02;8.922718e-02;6.733822e-02;4.802352e-02;8.573230e-02;5.299771e-02;2.343681e-02
2.112789e-01;8.577543e-02;8.721248e-02;7.348119e-02;5.326510e-02;4.303682e-02;1.400843e-01;9.058096e-02;7.013801e-02;6.706656e-02;4.402053e-02;3.405964e-02
2.515605e-01;2.282276e-02;8.274773e-02;5.966184e-02;4.193921e-02;3.022335e-02;1.931707e-01;1.243422e-01;6.322861e-02;5.848937e-02;3.140924e-02;4.040444e-02
2.837068e-01;7.361667e-02;1.263726e-01;3.461504e-02;5.588684e-02;3.297310e-02;1.422894e-01;9.815749e-02;3.870267e-02;5.876191e-02;1.937443e-02;3.554317e-02
3.062516e-01;1.063181e-01;1.175862e-01;3.488060e-02;5.083703e-02;3.077331e-02;1.090554e-01;7.044982e-02;4.717582e-02;7.400822e-02;1.877859e-02;3.388536e-02
2.882079e-01;1.224786e-01;1.517615e-01;3.293623e-02;4.007181e-02;1.880775e-02;8.508567e-02;8.230329e-02;5.070385e-02;6.815452e-02;2.387717e-02;3.561182e-02
2.661817e-01;9.586644e-02;1.653508e-01;3.750165e-02;3.667887e-02;2.485976e-02;9.252056e-02;1.064932e-01;4.022667e-02;5.150605e-02;3.465852e-02;4.815568e-02
2.570767e-01;5.034716e-02;1.181905e-01;3.925096e-02;6.030934e-02;4.236632e-02;1.091304e-01;1.360611e-01;5.397218e-02;4.332315e-02;3.552056e-02;5.445175e-02
2.022230e-01;9.472968e-02;1.271014e-01;6.205007e-02;5.106414e-02;4.094742e-02;1.189240e-01;1.420324e-01;4.867256e-02;3.588553e-02;3.705573e-02;3.931407e-02
1.748228e-01;8.023573e-02;1.740445e-01;6.650675e-02;6.186537e-02;4.162652e-02;9.139523e-02;1.461573e-01;5.943027e-02;4.471822e-02;3.504998e-02;2.414728e-02
2.141244e-01;1.064769e-01;1.211363e-01;6.902219e-02;5.666535e-02;3.851167e-02;9.937055e-02;1.110738e-01;6.573579e-02;5.676963e-02;2.668723e-02;3.442629e-02
2.692518e-01;1.279804e-01;1.031071e-01;5.767034e-02;5.406650e-02;4.142146e-02;9.543905e-02;7.170312e-02;6.249593e-02;5.897304e-02;2.852409e-02;2.936719e-02
2.925338e-01;1.046794e-01;1.335009e-01;5.203277e-02;6.004423e-02;4.462764e-02;7.179686e-02;7.421510e-02;4.112143e-02;5.207583e-02;3.100773e-02;4.236424e-02
3.038979e-01;5.978502e-02;1.332634e-01;5.983524e-02;7.847293e-02;3.990160e-02;7.814503e-02;8.806070e-02;2.986437e-02;5.921964e-02;2.402714e-02;4.552708e-02
3.023673e-01;6.120696e-02;1.069156e-01;4.943857e-02;8.001422e-02;4.265302e-02;8.528733e-02;1.014987e-01;3.424471e-02;6.133570e-02;2.851306e-02;4.652480e-02
2.667700e-01;7.606927e-02;1.026324e-01;4.891270e-02;4.906625e-02;6.738993e-02;8.076805e-02;1.137808e-01;4.709110e-02;7.669422e-02;2.652825e-02;4.429708e-02
2.253520e-01;9.326982e-02;9.712234e-02;4.151760e-02;5.726261e-02;8.081013e-02;1.225602e-01;6.027358e-02;6.894382e-02;7.580832e-02;4.657896e-02;3.050062e-02
1.132759e-01;5.758700e-02;1.219456e-01;4.900993e-02;4.586898e-02;7.296763e-02;1.829010e-01;7.951526e-02;9.940166e-02;7.549796e-02;7.259078e-02;2.943829e-02
7.646109e-02;3.551150e-02;1.584556e-01;4.614570e-02;4.242349e-02;4.935260e-02;1.717135e-01;8.517343e-02;1.051939e-01;1.321545e-01;7.500495e-02;2.240964e-02
5.969999e-02;4.483564e-02;1.947614e-01;4.349156e-02;3.684422e-02;3.127145e-02;1.378700e-01;6.501774e-02;7.470431e-02;2.091822e-01;7.783015e-02;2.449126e-02
2.463339e-02;9.876762e-02;1.913923e-01;3.473325e-02;2.250003e-02;3.538780e-02;8.791525e-02;4.124071e-02;1.402064e-01;2.261587e-01;6.031517e-02;3.674944e-02
2.165977e-02;1.731721e-01;1.526585e-01;2.017588e-02;1.187021e-02;5.319971e-02;4.328248e-02;2.736011e-02;2.810533e-01;1.460906e-01;3.619465e-02;3.328276e-02
2.753064e-02;2.098457e-01;1.216913e-01;1.423107e-02;9.298375e-03;5.623842e-02;2.252175e-02;3.132177e-02;4.043746e-01;5.467150e-02;3.120312e-02;1.707183e-02
3.544382e-02;1.590327e-01;1.558009e-01;2.017896e-02;1.233793e-02;4.206490e-02;3.050733e-02;5.302906e-02;4.088755e-01;4.228293e-02;2.456808e-02;1.587797e-02
4.899309e-02;9.092027e-02;1.807502e-01;2.198466e-02;1.111765e-02;2.919692e-02;5.171865e-02;7.454854e-02;3.925754e-01;5.469010e-02;2.381171e-02;1.969286e-02
4.289370e-02;5.481751e-02;1.615198e-01;1.953819e-02;1.535912e-02;3.551465e-02;5.527056e-02;5.773253e-02;4.266360e-01;6.550813e-02;2.467197e-02;4.053779e-02
1.556182e-02;4.504654e-02;1.132473e-01;1.776276e-02;1.458577e-02;2.542795e-02;4.236193e-02;6.055008e-02;4.638818e-01;1.063250e-01;2.673038e-02;6.851859e-02
3.908973e-02;6.458925e-02;7.825747e-02;1.825307e-02;1.089022e-02;3.591042e-02;3.756725e-02;6.767634e-02;4.557895e-01;7.945354e-02;2.059761e-02;9.192564e-02
4.053390e-02;9.063026e-02;8.664466e-02;1.671146e-02;1.907519e-02;5.768327e-02;3.906943e-02;8.150760e-02;3.870344e-01;6.897379e-02;2.993756e-02;8.219849e-02
5.477191e-02;1.007019e-01;1.161109e-01;2.230589e-02;2.708900e-02;7.204678e-02;4.742772e-02;7.664729e-02;2.630948e-01;1.416504e-01;3.523927e-02;4.291412e-02
6.494391e-02;1.135284e-01;2.169068e-01;3.982756e-02;3.764869e-02;1.004858e-01;5.351299e-02;6.481599e-02;1.196561e-01;9.331739e-02;4.432376e-02;5.103268e-02
3.823730e-02;7.076608e-02;1.873980e-01;3.091947e-02;2.754226e-02;9.024107e-02;6.708799e-02;4.237154e-02;2.480669e-01;1.078755e-01;5.303613e-02;3.645771e-02
2.993854e-02;6.602897e-02;1.108772e-01;4.915107e-02;3.418127e-02;8.001846e-02;7.675852e-02;9.288043e-02;2.043405e-01;1.433762e-01;4.551941e-02;6.692952e-02
4.714364e-02;5.299073e-02;1.722592e-01;4.439955e-02;4.329317e-02;4.648215e-02;1.274768e-01;9.566682e-02;1.221929e-01;1.299788e-01;7.487661e-02;4.323965e-02
4.261982e-02;4.942865e-02;2.272571e-01;4.539471e-02;3.604641e-02;2.869373e-02;1.204724e-01;6.769203e-02;7.707692e-02;1.840019e-01;9.209985e-02;2.921644e-02
3.382254e-02;5.729459e-02;2.494770e-01;3.473114e-02;2.573198e-02;2.497467e-02;8.783896e-02;4.437320e-02;7.738493e-02;2.614538e-01;8.731751e-02;1.559961e-02
2.163727e-02;1.238395e-01;2.009757e-01;1.909746e-02;1.577162e-02;3.695676e-02;5.265386e-02;2.249984e-02;1.938076e-01;2.374526e-01;5.422752e-02;2.108031e-02
2.453332e-02;2.077533e-01;1.249710e-01;2.359229e-02;8.602869e-03;4.134462e-02;2.909118e-02;1.708498e-02;3.436618e-01;1.289551e-01;2.618818e-02;2.422135e-02
4.638454e-02;2.368627e-01;8.526552e-02;3.437152e-02;7.858524e-03;3.061533e-02;2.178146e-02;2.971796e-02;4.219787e-01;5.843027e-02;1.312532e-02;1.360811e-02
5.039586e-02;2.308210e-01;7.555325e-02;3.806505e-02;6.081431e-03;3.752574e-02;2.093961e-02;5.484338e-02;4.116666e-01;5.019518e-02;1.057675e-02;1.333617e-02
5.342232e-02;2.240322e-01;5.952947e-02;4.171540e-02;8.350112e-03;3.959505e-02;2.528088e-02;8.657256e-02;3.890060e-01;4.719100e-02;1.532627e-02;9.978738e-03
7.320028e-02;1.722831e-01;8.279976e-02;4.247139e-02;1.047040e-02;3.963159e-02;5.833139e-02;1.140633e-01;3.140185e-01;5.599096e-02;2.072825e-02;1.601101e-02
1.044749e-01;9.999678e-02;8.104552e-02;3.721627e-02;2.497405e-02;5.177316e-02;9.474811e-02;8.534714e-02;2.718707e-01;8.458791e-02;3.248793e-02;3.147749e-02
9.565101e-02;1.547157e-01;1.198094e-01;3.075141e-02;2.727000e-02;3.894434e-02;7.543661e-02;2.744895e-02;3.075834e-01;6.297290e-02;3.225077e-02;2.716548e-02
8.009708e-02;2.071127e-01;1.221958e-01;4.021294e-02;1.450209e-02;2.602146e-02;4.362979e-02;1.484610e-02;3.758850e-01;3.999613e-02;1.980594e-02;1.569496e-02
8.727260e-02;1.862983e-01;1.039211e-01;3.287790e-02;8.504541e-03;1.678525e-02;2.654653e-02;5.889597e-02;4.061865e-01;5.127539e-02;1.101868e-02;1.041725e-02
1.033131e-01;1.812572e-01;8.352661e-02;1.719595e-02;9.382446e-03;1.916954e-02;2.867561e-02;7.068143e-02;4.078299e-01;4.799415e-02;1.805289e-02;1.292129e-02
1.057754e-01;2.207054e-01;8.671465e-02;1.808270e-02;8.087542e-03;1.493343e-02;3.175875e-02;5.142982e-02;3.755856e-01;6.280532e-02;1.612122e-02;8.000216e-03
1.073449e-01;2.590321e-01;1.102980e-01;2.621827e-02;7.213288e-03;1.446672e-02;2.421415e-02;5.119627e-02;3.223590e-01;5.206207e-02;1.143853e-02;1.415667e-02
1.248222e-01;2.682691e-01;1.300237e-01;3.674335e-02;9.440619e-03;1.583414e-02;2.844103e-02;3.283090e-02;2.854115e-01;4.283538e-02;1.063606e-02;1.471203e-02
1.497373e-01;2.165031e-01;1.495239e-01;4.195471e-02;1.822871e-02;2.163752e-02;3.877553e-02;1.596723e-02;2.545251e-01;3.926416e-02;2.274990e-02;3.113280e-02
1.212403e-01;1.804403e-01;1.290226e-01;3.472562e-02;1.921324e-02;2.624720e-02;5.526301e-02;4.679278e-02;2.771849e-01;3.109794e-02;4.049904e-02;3.827303e-02
7.099852e-02;1.799762e-01;1.063726e-01;3.633753e-02;1.081591e-02;1.794655e-02;5.644806e-02;4.266002e-02;3.644331e-01;3.285233e-02;3.760622e-02;4.355296e-02
9.364588e-02;1.423462e-01;8.498654e-02;4.777445e-02;1.085231e-02;2.738864e-02;3.861466e-02;3.056510e-02;4.043816e-01;5.238029e-02;3.507985e-02;3.198440e-02
1.001205e-01;1.461155e-01;4.936810e-02;5.183158e-02;1.677191e-02;4.752581e-02;5.161656e-02;5.633840e-02;3.502291e-01;7.281835e-02;2.952969e-02;2.773451e-02
8.957861e-02;1.698063e-01;6.941578e-02;4.875840e-02;2.577998e-02;5.476862e-02;9.785084e-02;4.764546e-02;2.633306e-01;7.380001e-02;2.323758e-02;3.602770e-02
7.138631e-02;1.874968e-01;1.090836e-01;5.127851e-02;2.328600e-02;4.066559e-02;9.539105e-02;4.573276e-02;2.328086e-01;8.633571e-02;2.441787e-02;3.211711e-02
5.695760e-02;2.154542e-01;1.478368e-01;4.637771e-02;2.708715e-02;3.265963e-02;4.966471e-02;4.299987e-02;2.119175e-01;1.002527e-01;2.804202e-02;4.075008e-02
3.601298e-02;1.988264e-01;1.829436e-01;5.516363e-02;3.464549e-02;3.486716e-02;3.339151e-02;4.339056e-02;2.137420e-01;8.553465e-02;3.723242e-02;4.424968e-02
4.422134e-02;2.186407e-01;1.959613e-01;5.884974e-02;3.548626e-02;2.957872e-02;6.990363e-02;2.703747e-02;2.036408e-01;6.583266e-02;2.483142e-02;2.601601e-02
5.421352e-02;2.737611e-01;1.613343e-01;5.149781e-02;2.432596e-02;3.258758e-02;7.472543e-02;5.036085e-02;1.688150e-01;5.972835e-02;2.825345e-02;2.039664e-02
7.057245e-02;3.048448e-01;1.180995e-01;4.694169e-02;2.194491e-02;4.105484e-02;9.167451e-02;7.135516e-02;1.077851e-01;6.192379e-02;2.543444e-02;3.836878e-02
4.595520e-02;3.068429e-01;8.333647e-02;3.692406e-02;4.828739e-02;5.155677e-02;1.131746e-01;4.602422e-02;8.338863e-02;8.943670e-02;5.317626e-02;4.189684e-02
6.599841e-02;1.587963e-01;1.121519e-01;5.442717e-02;5.466818e-02;5.362399e-02;9.673796e-02;7.023714e-02;1.565570e-01;6.925597e-02;6.219030e-02;4.535578e-02
5.740089e-02;1.163253e-01;1.097296e-01;5.988388e-02;5.254655e-02;5.328562e-02;1.057235e-01;6.315958e-02;2.010700e-01;5.913619e-02;6.067084e-02;6.106808e-02
4.620455e-02;1.236399e-01;7.719088e-02;4.949353e-02;5.108659e-02;3.637720e-02;9.497089e-02;6.135688e-02;2.694799e-01;6.861928e-02;4.696210e-02;7.461829e-02
3.722608e-02;1.106316e-01;8.928801e-02;2.708167e-02;5.167488e-02;2.030344e-02;8.796918e-02;9.470281e-02;3.007743e-01;9.287011e-02;4.333211e-02;4.414589e-02
6.021496e-02;1.202355e-01;1.145409e-01;3.542333e-02;3.962735e-02;2.950481e-02;1.018557e-01;9.994832e-02;2.186857e-01;7.986660e-02;5.261867e-02;4.747818e-02
8.055548e-02;1.332511e-01;1.109392e-01;3.325354e-02;4.974743e-02;5.784786e-02;1.901260e-01;8.668935e-02;1.142752e-01;6.742366e-02;2.518790e-02;5.070339e-02
4.409787e-02;7.901801e-02;8.239097e-02;2.168951e-02;5.062683e-02;6.987568e-02;3.923005e-01;9.746900e-02;5.737289e-02;5.754498e-02;1.883522e-02;2.877852e-02
4.373983e-02;3.865771e-02;4.852351e-02;1.790958e-02;6.061427e-02;9.470377e-02;4.376156e-01;1.073952e-01;4.671497e-02;6.821758e-02;1.485981e-02;2.104818e-02
4.485251e-02;2.231762e-02;3.862565e-02;1.785860e-02;6.756771e-02;1.236542e-01;4.213547e-01;1.121202e-01;4.506239e-02;8.423856e-02;8.494179e-03;1.385372e-02
3.250369e-02;2.196824e-02;2.649549e-02;2.397417e-02;6.747531e-02;1.381256e-01;4.445449e-01;9.365076e-02;5.567836e-02;8.166151e-02;6.217788e-03;7.704275e-03
1.206966e-02;2.845851e-02;1.899816e-02;1.978468e-02;5.027081e-02;9.442274e-02;5.711367e-01;7.012944e-02;8.160713e-02;4.118482e-02;9.139681e-03;2.797675e-03
1.586106e-02;2.037101e-02;3.335538e-02;1.451035e-02;2.515799e-02;4.300103e-02;5.868701e-01;1.179939e-01;7.199553e-02;5.505802e-02;1.020336e-02;5.622188e-03
1.319776e-02;1.018969e-02;4.365845e-02;2.532698e-02;7.177622e-03;2.272083e-02;5.041088e-01;1.634630e-01;9.581361e-02;9.819166e-02;8.226942e-03;7.924658e-03
1.151272e-02;9.595167e-03;3.660789e-02;6.433266e-02;2.374081e-02;2.913912e-02;3.430062e-01;1.358528e-01;2.125600e-01;1.174832e-01;1.156258e-02;4.606967e-03
1.488349e-02;1.341525e-02;2.873502e-02;8.603362e-02;4.855501e-02;3.497211e-02;1.701415e-01;1.009356e-01;2.940644e-01;1.771420e-01;2.666706e-02;4.454951e-03
1.992092e-02;7.180999e-03;1.419746e-02;4.392498e-02;8.091646e-02;2.921136e-02;2.721225e-01;6.429758e-02;1.507517e-01;2.678497e-01;4.429800e-02;5.328242e-03
1.649437e-02;8.962704e-03;1.083912e-02;2.246743e-02;1.109422e-01;1.978814e-02;2.677638e-01;5.193995e-02;6.711195e-02;3.449134e-01;7.094624e-02;7.830730e-03
1.059254e-02;1.314275e-02;1.475187e-02;2.298524e-02;1.084734e-01;2.266320e-02;2.335667e-01;5.053596e-02;4.706860e-02;3.474219e-01;1.134833e-01;1.531451e-02
2.527077e-02;1.585258e-02;1.688433e-02;1.446482e-02;1.485814e-01;2.830330e-02;1.682260e-01;5.292209e-02;7.756054e-02;3.170163e-01;1.201685e-01;1.474941e-02
1.343453e-02;1.379343e-02;1.358457e-02;1.135283e-02;2.272106e-01;2.540866e-02;9.508627e-02;4.671101e-02;9.851050e-02;3.259661e-01;1.138332e-01;1.510820e-02
1.315665e-02;1.414104e-02;2.061957e-02;9.304761e-03;2.425495e-01;2.335526e-02;1.046333e-01;2.466619e-02;7.561030e-02;3.456365e-01;1.148748e-01;1.145209e-02
2.218659e-02;1.293953e-02;2.529610e-02;1.202972e-02;2.429851e-01;1.329677e-02;1.149693e-01;2.856681e-02;5.728310e-02;3.548277e-01;1.091826e-01;6.436594e-03
2.016785e-02;8.949064e-03;1.357418e-02;7.124017e-03;2.748243e-01;1.974742e-02;5.875982e-02;2.927820e-02;6.108834e-02;3.863703e-01;1.111863e-01;8.930245e-03
1.897209e-02;8.036884e-03;1.221093e-02;1.373420e-02;2.622920e-01;1.762400e-02;7.062201e-02;3.798761e-02;5.007549e-02;3.904412e-01;1.082652e-01;9.738371e-03
1.945799e-02;1.129906e-02;2.402202e-02;3.350511e-02;2.333981e-01;1.607851e-02;7.166034e-02;3.670574e-02;6.803393e-02;3.696656e-01;1.061848e-01;9.988787e-03
7.560890e-03;1.189239e-02;2.955452e-02;4.835309e-02;2.239887e-01;1.994480e-02;1.069968e-01;5.437695e-02;9.141981e-02;3.109657e-01;8.848103e-02;6.465424e-03
1.061279e-02;1.041068e-02;2.443369e-02;7.066913e-02;2.195750e-01;1.611889e-02;1.331394e-01;6.640265e-02;8.448417e-02;2.848743e-01;7.006906e-02;9.210261e-03
2.328285e-02;2.260770e-02;2.377854e-02;1.860333e-01;1.249150e-01;1.743265e-02;1.242126e-01;6.239089e-02;8.863801e-02;2.492831e-01;6.315084e-02;1.427441e-02
4.349908e-02;4.190609e-02;5.385344e-02;1.879737e-01;4.454812e-02;2.318726e-02;1.701124e-01;5.604092e-02;1.060692e-01;1.789972e-01;7.487871e-02;1.893400e-02
3.791951e-02;5.197026e-02;6.081505e-02;1.302452e-01;5.902687e-02;2.951235e-02;1.368101e-01;5.247298e-02;8.696588e-02;2.483823e-01;9.337049e-02;1.250907e-02
2.023952e-02;5.132018e-02;3.239694e-02;6.933028e-02;1.341165e-01;2.227680e-02;9.548452e-02;4.373385e-02;3.445712e-02;3.835232e-01;1.044393e-01;8.681826e-03
1.047879e-02;4.747005e-02;1.573448e-02;2.967581e-02;1.784177e-01;1.205444e-02;4.505665e-02;2.391431e-02;9.959741e-02;4.535336e-01;7.507441e-02;8.992255e-03
4.657397e-03;6.194940e-02;1.286709e-02;1.233358e-02;1.487887e-01;9.922797e-03;2.867747e-02;2.144806e-02;2.014641e-01;4.408399e-01;5.178340e-02;5.267998e-03
9.502034e-03;7.222476e-02;1.264896e-02;1.089094e-02;8.860137e-02;1.049745e-02;4.248939e-02;2.422249e-02;3.237453e-01;3.607677e-01;3.599897e-02;8.410594e-03
1.895240e-02;5.737078e-02;1.834856e-02;3.784866e-02;8.165587e-02;6.926138e-03;7.675033e-02;2.530500e-02;3.927239e-01;2.433695e-01;3.271038e-02;8.038498e-03
2.379241e-02;4.548748e-02;2.053821e-02;7.508229e-02;6.565159e-02;7.924770e-03;1.180419e-01;2.343601e-02;4.645385e-01;1.302317e-01;2.064385e-02;4.631248e-03
2.002567e-02;3.287430e-02;1.677425e-02;1.131973e-01;4.063023e-02;8.342357e-03;1.329972e-01;3.779013e-02;4.928496e-01;7.762461e-02;2.201294e-02;4.881420e-03
1.395639e-02;2.767639e-02;1.304729e-02;1.112515e-01;3.622245e-02;1.312959e-02;1.244155e-01;7.713017e-02;4.892352e-01;7.009455e-02;1.746596e-02;6.374973e-03
1.183754e-02;2.112755e-02;2.584505e-02;6.832518e-02;4.328697e-02;3.042123e-02;1.343414e-01;1.421010e-01;4.412355e-01;6.243443e-02;1.221724e-02;6.826843e-03
1.605129e-02;1.656395e-02;5.193658e-02;2.653562e-02;6.249498e-02;4.428552e-02;1.760579e-01;2.323956e-01;2.927489e-01;6.337159e-02;1.102268e-02;6.535474e-03
1.179298e-02;1.522116e-02;8.047574e-02;1.356090e-02;5.199282e-02;2.850387e-02;2.048470e-01;3.097824e-01;1.478312e-01;1.127490e-01;1.340743e-02;9.835528e-03
1.020694e-02;1.718892e-02;9.385912e-02;6.528864e-03;3.094325e-02;1.407192e-02;2.419860e-01;3.598221e-01;1.131328e-01;9.370665e-02;8.798176e-03;9.755148e-03
8.519751e-03;4.819296e-02;7.728785e-02;1.064648e-02;3.250265e-02;1.793208e-02;3.317598e-01;3.463132e-01;4.898338e-02;6.056117e-02;1.086201e-02;6.438684e-03
1.075390e-02;1.043277e-01;4.912674e-02;9.564963e-03;3.473207e-02;2.123498e-02;4.079125e-01;2.469913e-01;5.275431e-02;4.083974e-02;1.866596e-02;3.095858e-03
1.326370e-02;1.540088e-01;2.779017e-02;1.144662e-02;2.787483e-02;3.521557e-02;4.786142e-01;1.334468e-01;6.270667e-02;2.515138e-02;2.464643e-02;5.834814e-03
4.943812e-02;1.561901e-01;2.331968e-02;5.187166e-02;2.017369e-02;7.103720e-02;4.302590e-01;5.471949e-02;6.171164e-02;4.625794e-02;2.580845e-02;9.213035e-03
1.431721e-01;9.133343e-02;1.606486e-02;9.250244e-02;2.810608e-02;1.291927e-01;2.084861e-01;1.313343e-01;4.249484e-02;8.912507e-02;1.748721e-02;1.070092e-02
2.057762e-01;3.355217e-02;8.424927e-03;7.633848e-02;4.023825e-02;1.642161e-01;1.731027e-01;1.595732e-01;2.423665e-02;9.817880e-02;7.561649e-03;8.800820e-03
1.904672e-01;3.529733e-02;1.414546e-02;4.437181e-02;4.659464e-02;1.541216e-01;2.188435e-01;1.721960e-01;2.451859e-02;7.587691e-02;7.224946e-03;1.634202e-02
1.474641e-01;5.009908e-02;2.675055e-02;2.327823e-02;6.710874e-02;1.608238e-01;1.825222e-01;1.884287e-01;4.915327e-02;5.850417e-02;9.569296e-03;3.629788e-02
1.411323e-01;6.615954e-02;5.896342e-02;3.762295e-02;1.017772e-01;1.762535e-01;1.226974e-01;1.100347e-01;5.787858e-02;4.157365e-02;1.175162e-02;7.415517e-02
1.770003e-01;5.613687e-02;9.272570e-02;4.953246e-02;1.247466e-01;1.518082e-01;1.319655e-01;4.703471e-02;3.390629e-02;4.193166e-02;6.130779e-03;8.708098e-02
2.172226e-01;3.642149e-02;1.181250e-01;5.833162e-02;1.490022e-01;1.624975e-01;7.260799e-02;2.597965e-02;2.664820e-02;3.695435e-02;1.603442e-02;8.017498e-02
1.892231e-01;2.591787e-02;1.193427e-01;6.166061e-02;1.349213e-01;1.346678e-01;1.791051e-01;2.620571e-02;2.592918e-02;4.318628e-02;3.096800e-02;2.887235e-02
1.524440e-01;4.971209e-02;9.828902e-02;5.502589e-02;1.565210e-01;1.114288e-01;1.896421e-01;4.676447e-02;2.850723e-02;4.731533e-02;2.759730e-02;3.675272e-02
6.201071e-02;6.686299e-02;1.603265e-01;4.644061e-02;2.160661e-01;1.071950e-01;9.647194e-02;5.789997e-02;3.970244e-02;4.415927e-02;1.998994e-02;8.287451e-02
7.806709e-02;5.617916e-02;1.594407e-01;6.958444e-02;1.547090e-01;7.808365e-02;1.469439e-01;5.654847e-02;2.035594e-02;4.055730e-02;2.123074e-02;1.182997e-01
1.516212e-01;5.657943e-02;1.949765e-01;6.950277e-02;1.093430e-01;5.246471e-02;9.570912e-02;5.329664e-02;2.947723e-02;4.795206e-02;4.208829e-02;9.698899e-02
1.827309e-01;4.428389e-02;1.682447e-01;4.972354e-02;1.476643e-01;8.977760e-02;1.355001e-01;3.613306e-02;5.607706e-02;3.519467e-02;3.046029e-02;2.420997e-02
1.302652e-01;5.005022e-02;1.087312e-01;3.730100e-02;1.710842e-01;1.186026e-01;1.803285e-01;2.549153e-02;8.017396e-02;2.808567e-02;9.837878e-03;6.004811e-02
6.099627e-02;4.312917e-02;1.051381e-01;3.558130e-02;2.161763e-01;1.264459e-01;1.466242e-01;3.712362e-02;1.057766e-01;2.765053e-02;1.578120e-02;7.957684e-02
5.240654e-02;4.029034e-02;1.738036e-01;7.912098e-02;2.151348e-01;8.597776e-02;8.642920e-02;4.992913e-02;9.256231e-02;1.645933e-02;2.535514e-02;8.253098e-02
5.175660e-02;3.113044e-02;3.161682e-01;1.194866e-01;1.357448e-01;5.204691e-02;8.200085e-02;5.949231e-02;4.448144e-02;1.920469e-02;3.966809e-02;4.881904e-02
5.297879e-02;4.394592e-02;4.045718e-01;1.004666e-01;7.888032e-02;3.192662e-02;1.242157e-01;5.765380e-02;3.094960e-02;2.521618e-02;3.112850e-02;1.806627e-02
6.116986e-02;6.048475e-02;3.327437e-01;7.719092e-02;1.020888e-01;5.323470e-02;1.667256e-01;3.857592e-02;4.938777e-02;2.239294e-02;1.207406e-02;2.393106e-02
8.298314e-02;8.170909e-02;2.924203e-01;6.716585e-02;1.190803e-01;6.404231e-02;1.029569e-01;3.456355e-02;7.286718e-02;2.455889e-02;1.829340e-02;3.935919e-02
7.453257e-02;8.207141e-02;4.366304e-01;4.723392e-02;1.025166e-01;6.529264e-02;3.415351e-02;3.323688e-02;6.629026e-02;2.143265e-02;1.174407e-02;2.486508e-02
8.420246e-02;6.095739e-02;4.751408e-01;4.636818e-02;8.542535e-02;6.662998e-02;3.158109e-02;2.902520e-02;4.720965e-02;3.728516e-02;1.131953e-02;2.485528e-02
6.666670e-02;5.133676e-02;4.452244e-01;7.507589e-02;7.810707e-02;6.242380e-02;3.564199e-02;4.005854e-02;4.753467e-02;4.336784e-02;3.162120e-02;2.294105e-02
4.663072e-02;4.720052e-02;3.107913e-01;1.540717e-01;1.222835e-01;5.778551e-02;5.587760e-02;4.694147e-02;4.071780e-02;2.219943e-02;7.499501e-02;2.050545e-02
2.918126e-02;5.742586e-02;1.783241e-01;2.117274e-01;1.726803e-01;4.855523e-02;5.848047e-02;5.309326e-02;2.992626e-02;3.097657e-02;1.080527e-01;2.157662e-02
2.203076e-02;5.599831e-02;1.312225e-01;2.454279e-01;1.846749e-01;4.670680e-02;3.958121e-02;5.759905e-02;2.913383e-02;3.566704e-02;1.194910e-01;3.246675e-02
1.861136e-02;4.255585e-02;1.936876e-01;2.841901e-01;1.415318e-01;3.212973e-02;1.922059e-02;6.464432e-02;2.271704e-02;2.885629e-02;1.286669e-01;2.318843e-02
2.249717e-02;3.195173e-02;2.728455e-01;2.925082e-01;9.463490e-02;2.357117e-02;1.859235e-02;5.122132e-02;2.150822e-02;2.664998e-02;1.289256e-01;1.509391e-02
2.591257e-02;2.636359e-02;3.635983e-01;2.160781e-01;7.168676e-02;1.807840e-02;2.417507e-02;2.877789e-02;4.368337e-02;7.487391e-02;9.612004e-02;1.065191e-02
3.801648e-02;5.091666e-02;3.913701e-01;1.147429e-01;6.151903e-02;1.918033e-02;4.692661e-02;1.993667e-02;5.485049e-02;1.342722e-01;5.935457e-02;8.913888e-03
6.960380e-02;1.096929e-01;2.618130e-01;9.302938e-02;4.696475e-02;2.754541e-02;4.852180e-02;4.441715e-02;8.704238e-02;1.324183e-01;5.758956e-02;2.136151e-02
1.046610e-01;1.470038e-01;2.252245e-01;1.049439e-01;4.448723e-02;2.541978e-02;4.684962e-02;6.692475e-02;9.369206e-02;6.891851e-02;5.665894e-02;1.521600e-02
1.642610e-01;1.605778e-01;1.678034e-01;1.155036e-01;7.978168e-02;2.389023e-02;6.058212e-02;5.644261e-02;7.990018e-02;2.060978e-02;5.611278e-02;1.453479e-02
2.121769e-01;1.166205e-01;1.515610e-01;6.941151e-02;8.185662e-02;2.212519e-02;8.467141e-02;8.484969e-02;5.243168e-02;4.394442e-02;5.266907e-02;2.768200e-02
1.746234e-01;8.921038e-02;1.534257e-01;3.305066e-02;7.190459e-02;3.169332e-02;1.636870e-01;1.018793e-01;2.753855e-02;5.858661e-02;5.537654e-02;3.902402e-02
7.590582e-02;7.082888e-02;1.007897e-01;7.888614e-02;5.371406e-02;3.616124e-02;2.780599e-01;8.234657e-02;3.769377e-02;6.957461e-02;5.954160e-02;5.649769e-02
3.956613e-02;4.952437e-02;1.430739e-01;8.903048e-02;4.288581e-02;6.739557e-02;2.993439e-01;3.974321e-02;4.251144e-02;6.726658e-02;6.741139e-02;5.224725e-02
5.425569e-02;3.469615e-02;1.410598e-01;7.810578e-02;6.476743e-02;1.153273e-01;2.288712e-01;4.292017e-02;4.016106e-02;6.236047e-02;1.001296e-01;3.734539e-02
9.166447e-02;4.968165e-02;1.547290e-01;1.201146e-01;7.345937e-02;1.263708e-01;6.115454e-02;5.034410e-02;3.844185e-02;9.104622e-02;1.210186e-01;2.197474e-02
1.124978e-01;6.574478e-02;1.014837e-01;1.112755e-01;7.880386e-02;8.012912e-02;1.047567e-01;3.718955e-02;4.426253e-02;1.063599e-01;1.195586e-01;3.793785e-02
7.108529e-02;7.771586e-02;1.101984e-01;8.540375e-02;9.645017e-02;6.747588e-02;1.473242e-01;4.503658e-02;2.792606e-02;1.194987e-01;1.236768e-01;2.820831e-02
5.143835e-02;7.186539e-02;1.351583e-01;7.132053e-02;9.703026e-02;4.277864e-02;1.602348e-01;5.064049e-02;3.686738e-02;1.454797e-01;1.177241e-01;1.946209e-02
4.337062e-02;5.221342e-02;1.440079e-01;6.844763e-02;1.464973e-01;3.997907e-02;1.273161e-01;3.388154e-02;4.295373e-02;1.719412e-01;1.085838e-01;2.080777e-02
7.039025e-02;6.820809e-02;7.556176e-02;6.873105e-02;1.450016e-01;5.245206e-02;1.277086e-01;3.500405e-02;4.693425e-02;1.796982e-01;1.033269e-01;2.698326e-02
8.361637e-02;6.237870e-02;7.338586e-02;6.078078e-02;1.285051e-01;6.208031e-02;9.840529e-02;3.579893e-02;6.871644e-02;1.956405e-01;9.620108e-02;3.449072e-02
5.046978e-02;6.158216e-02;7.758765e-02;7.737139e-02;1.365972e-01;5.480739e-02;6.797422e-02;4.322911e-02;7.342198e-02;2.287060e-01;1.024116e-01;2.584154e-02
7.321744e-02;4.954074e-02;5.916408e-02;1.049346e-01;1.108464e-01;5.225830e-02;1.032200e-01;3.614319e-02;8.460258e-02;2.123346e-01;9.115600e-02;2.258204e-02
6.518830e-02;4.789725e-02;6.201476e-02;1.283713e-01;8.454954e-02;4.088032e-02;1.379294e-01;5.897861e-02;1.077853e-01;1.826428e-01;6.646490e-02;1.729741e-02
4.118828e-02;3.626429e-02;9.119433e-02;1.506876e-01;6.865749e-02;2.438537e-02;2.028561e-01;7.965295e-02;1.086598e-01;1.372621e-01;4.898324e-02;1.020848e-02
4.214874e-02;2.497928e-02;1.229561e-01;1.917816e-01;6.688321e-02;1.406403e-02;1.727287e-01;7.625022e-02;1.194741e-01;1.147049e-01;4.389761e-02;1.013148e-02
4.881109e-02;3.778563e-02;2.066310e-01;2.008174e-01;6.058731e-02;2.649934e-02;5.413091e-02;5.721899e-02;1.277384e-01;1.221859e-01;3.737908e-02;2.021490e-02
4.560075e-02;2.715640e-02;2.217109e-01;1.615349e-01;3.192275e-02;1.881123e-02;1.282782e-01;6.182510e-02;1.227392e-01;1.219433e-01;3.250043e-02;2.597686e-02
3.311040e-02;2.736228e-02;2.193963e-01;1.520694e-01;3.479869e-02;2.770012e-02;1.347227e-01;6.159869e-02;1.186563e-01;1.263205e-01;3.916864e-02;2.509601e-02
3.530961e-02;2.215019e-02;2.487874e-01;1.707670e-01;4.502521e-02;2.434660e-02;1.167884e-01;6.671558e-02;9.396012e-02;1.166338e-01;4.139002e-02;1.812603e-02
3.498467e-02;2.328071e-02;3.064422e-01;1.558717e-01;5.067741e-02;2.547791e-02;1.293633e-01;6.478392e-02;5.987337e-02;9.760959e-02;3.051722e-02;2.111803e-02
2.878169e-02;4.435354e-02;2.430714e-01;1.094756e-01;4.157459e-02;3.865405e-02;2.549278e-01;4.776947e-02;5.443960e-02;8.499838e-02;2.724012e-02;2.471378e-02
4.584295e-02;7.011195e-02;8.496883e-02;8.194309e-02;5.790529e-02;5.003389e-02;3.719527e-01;4.653818e-02;5.572817e-02;7.935859e-02;2.988678e-02;2.572959e-02
4.453534e-02;8.176789e-02;1.290019e-01;5.431911e-02;6.494758e-02;4.698059e-02;3.362553e-01;4.941559e-02;6.344719e-02;7.911546e-02;3.613093e-02;1.408314e-02
4.011559e-02;5.518392e-02;1.473044e-01;7.877630e-02;7.019660e-02;4.498704e-02;2.601378e-01;5.988647e-02;7.847990e-02;1.084097e-01;4.160066e-02;1.492167e-02
2.521316e-02;2.806540e-02;1.277171e-01;9.068381e-02;8.237647e-02;5.969129e-02;1.757629e-01;7.235523e-02;8.622014e-02;1.727582e-01;5.372456e-02;2.543179e-02
2.429654e-02;2.385573e-02;1.577447e-01;5.027369e-02;6.511232e-02;4.159930e-02;2.030823e-01;7.753780e-02;8.702254e-02;1.762963e-01;6.144067e-02;3.173803e-02
1.455319e-02;2.775145e-02;1.565992e-01;8.352246e-02;4.412914e-02;4.741487e-02;2.354046e-01;8.777563e-02;9.201255e-02;1.233216e-01;5.556049e-02;3.195491e-02
2.117089e-02;2.732437e-02;1.236261e-01;1.386716e-01;4.211763e-02;7.028230e-02;1.711521e-01;9.863731e-02;9.522197e-02;1.254144e-01;5.441242e-02;3.196907e-02
4.374436e-02;3.577164e-02;1.403907e-01;1.457167e-01;4.981231e-02;7.457656e-02;1.533826e-01;9.356415e-02;8.304913e-02;1.047709e-01;5.480172e-02;2.041924e-02
6.328040e-02;4.561693e-02;1.994627e-01;9.100979e-02;6.673232e-02;5.846552e-02;1.352494e-01;9.609935e-02;8.583900e-02;7.780074e-02;4.238490e-02;3.805887e-02
7.677457e-02;7.187336e-02;2.091749e-01;8.399112e-02;4.473568e-02;5.787959e-02;9.501857e-02;7.390600e-02;8.747622e-02;8.292209e-02;5.589148e-02;6.035642e-02
7.736436e-02;7.207243e-02;1.543196e-01;8.127159e-02;5.314711e-02;6.609684e-02;1.525223e-01;6.099348e-02;7.577852e-02;1.084659e-01;5.457511e-02;4.339284e-02
