7.053062e-02;4.776876e-02;1.685475e-01;6.750681e-02;8.167417e-02;4.431220e-02;9.263049e-02;8.920613e-02;1.246447e-01;7.933789e-02;8.765589e-02;4.618491e-02
5.438117e-02;4.472307e-02;1.302809e-01;5.800544e-02;5.962859e-02;8.470542e-02;1.402841e-01;7.241083e-02;9.416747e-02;9.444174e-02;1.020204e-01;6.495087e-02
4.133055e-02;4.492709e-02;1.186132e-01;6.336576e-02;5.756788e-02;9.699863e-02;1.347935e-01;5.924805e-02;9.777208e-02;9.300263e-02;1.213043e-01;7.107633e-02
6.111654e-02;3.982422e-02;1.061445e-01;8.342498e-02;4.921846e-02;9.393235e-02;1.331070e-01;4.029892e-02;1.037990e-01;8.449986e-02;1.246761e-01;7.995807e-02
9.133157e-02;2.785150e-02;1.038476e-01;9.326603e-02;7.039459e-02;6.318822e-02;1.222232e-01;8.221260e-02;9.110528e-02;9.554240e-02;8.320439e-02;7.583261e-02
1.336229e-01;3.336278e-02;8.993188e-02;8.383323e-02;9.177678e-02;4.627574e-02;9.068881e-02;1.391898e-01;7.660285e-02;9.746043e-02;5.906962e-02;5.818523e-02
2.254790e-01;5.661369e-02;8.220195e-02;4.696163e-02;9.757678e-02;2.890892e-02;3.582608e-02;2.115692e-01;5.330814e-02;8.126982e-02;3.823115e-02;4.205355e-02
2.831775e-01;7.801621e-02;9.862956e-02;1.514193e-02;6.676039e-02;1.955484e-02;3.344769e-02;2.418111e-01;3.333525e-02;5.474322e-02;3.884702e-02;3.653529e-02
2.393340e-01;8.651096e-02;1.286119e-01;2.400423e-02;3.086262e-02;2.180834e-02;9.306461e-02;2.077997e-01;6.348055e-02;3.307289e-02;3.887952e-02;3.257068e-02
1.805678e-01;7.869694e-02;1.365665e-01;3.238656e-02;3.676410e-02;3.756261e-02;1.388758e-01;1.687170e-01;7.240370e-02;3.487910e-02;4.962429e-02;3.295574e-02
1.484531e-01;5.740305e-02;1.048131e-01;5.691271e-02;6.212890e-02;5.122634e-02;1.535109e-01;1.298284e-01;6.808915e-02;6.273925e-02;7.357665e-02;3.131848e-02
1.786863e-01;5.195608e-02;7.178511e-02;8.012506e-02;7.433353e-02;5.900106e-02;1.130400e-01;1.197477e-01;4.884082e-02;8.479156e-02;7.259026e-02;4.510256e-02
1.823108e-01;7.723662e-02;7.977394e-02;5.348556e-02;4.461942e-02;6.640667e-02;1.189933e-01;1.459247e-01;5.395859e-02;7.506504e-02;4.781378e-02;5.441150e-02
1.439343e-01;6.000173e-02;8.254781e-02;1.972346e-02;9.877902e-02;7.012521e-02;1.067660e-01;1.548331e-01;8.267459e-02;7.456260e-02;4.847158e-02;5.758053e-02
1.076358e-01;6.473389e-02;6.870093e-02;4.068229e-02;1.108007e-01;7.700472e-02;1.315530e-01;1.309637e-01;8.041914e-02;7.475603e-02;5.420139e-02;5.854837e-02
9.006445e-02;6.402873e-02;1.032896e-01;4.789924e-02;8.461034e-02;7.204953e-02;7.245682e-02;1.285477e-01;1.089922e-01;8.092757e-02;6.577441e-02;8.135958e-02
4.759207e-02;5.858713e-02;1.026319e-01;5.136897e-02;9.418325e-02;5.697392e-02;8.490092e-02;1.291780e-01;1.146289e-01;8.651483e-02;8.209486e-02;9.134527e-02
5.231931e-02;4.635581e-02;7.712568e-02;6.481320e-02;8.420337e-02;6.818971e-02;1.187636e-01;1.405117e-01;1.580013e-01;6.516121e-02;5.238672e-02;7.216833e-02
3.727573e-02;4.123116e-02;7.994317e-02;4.665788e-02;7.612028e-02;1.003632e-01;1.241697e-01;1.305387e-01;1.572247e-01;9.660032e-02;2.584729e-02;8.402796e-02
5.803338e-02;4.122162e-02;1.045365e-01;6.399537e-02;6.607556e-02;1.013724e-01;1.459397e-01;1.257030e-01;9.460444e-02;9.478692e-02;4.073129e-02;6.299982e-02
6.883280e-02;3.487942e-02;1.530641e-01;8.087540e-02;6.437354e-02;8.684807e-02;1.666851e-01;1.056209e-01;6.355711e-02;8.435249e-02;4.911803e-02;4.179307e-02
8.891525e-02;5.858818e-02;2.174610e-01;6.113087e-02;8.964667e-02;8.115774e-02;1.927172e-01;5.476443e-02;4.345669e-02;3.717981e-02;3.759500e-02;3.738717e-02
8.949368e-02;9.779692e-02;2.744740e-01;3.335499e-02;7.323054e-02;6.910691e-02;1.643770e-01;4.247067e-02;4.532997e-02;2.920454e-02;4.228779e-02;3.887298e-02
6.771050e-02;1.034198e-01;4.196652e-01;4.760786e-02;4.687613e-02;4.367573e-02;1.009370e-01;2.162644e-02;3.957160e-02;4.872755e-02;3.399463e-02;2.618753e-02
2.828461e-02;6.604279e-02;5.880477e-01;1.091544e-01;3.231474e-02;1.959655e-02;4.883965e-02;5.488041e-03;2.365506e-02;5.757248e-02;1.147025e-02;9.533642e-03
2.189881e-02;2.060394e-02;6.345578e-01;1.652636e-01;2.612074e-02;5.624352e-03;3.478158e-02;4.076603e-03;1.403187e-02;5.034907e-02;1.599281e-02;6.698927e-03
1.297996e-02;8.653922e-03;6.344742e-01;1.752185e-01;2.667670e-02;9.148106e-03;3.862524e-02;9.684032e-03;1.210423e-02;4.666721e-02;1.932675e-02;6.441141e-03
1.373154e-02;1.876781e-02;6.509380e-01;1.303303e-01;1.530548e-02;9.854203e-03;5.730348e-02;1.821078e-02;1.385899e-02;5.057385e-02;1.370247e-02;7.423200e-03
1.591497e-02;2.281287e-02;6.604999e-01;9.609476e-02;1.431907e-02;1.055537e-02;6.455109e-02;2.479833e-02;1.756647e-02;5.253372e-02;1.504188e-02;5.311548e-03
2.378461e-02;8.784961e-03;6.703264e-01;1.055197e-01;1.847567e-02;1.104499e-02;4.557199e-02;1.644474e-02;1.866154e-02;4.777716e-02;2.917108e-02;4.437230e-03
3.267282e-02;4.262977e-02;6.096146e-01;1.167853e-01;3.053994e-02;1.446321e-02;3.445332e-02;1.589904e-02;1.274895e-02;4.181200e-02;4.212507e-02;6.256022e-03
5.571307e-02;7.711502e-02;5.078509e-01;9.928986e-02;4.612845e-02;2.248723e-02;5.789895e-02;1.667061e-02;2.128692e-02;3.841398e-02;4.739236e-02;9.752554e-03
4.604788e-02;9.563719e-02;4.726166e-01;5.777992e-02;5.479463e-02;2.985884e-02;7.894713e-02;3.355861e-02;3.913588e-02;3.175412e-02;4.739908e-02;1.247006e-02
7.222141e-02;7.321697e-02;4.826235e-01;5.677179e-02;4.394156e-02;2.856923e-02;7.305835e-02;3.531591e-02;5.015477e-02;2.841394e-02;3.898039e-02;1.673214e-02
6.808976e-02;5.901824e-02;4.065004e-01;9.917601e-02;4.084530e-02;4.711289e-02;6.561914e-02;5.776102e-02;4.619702e-02;3.962028e-02;4.201932e-02;2.804068e-02
5.658290e-02;5.170458e-02;4.363918e-01;9.310026e-02;4.274714e-02;4.334830e-02;6.224501e-02;5.532368e-02;5.248700e-02;3.884529e-02;3.479180e-02;3.243222e-02
8.916085e-02;7.301984e-02;4.852762e-01;8.072625e-02;2.544775e-02;3.602463e-02;5.528057e-02;4.402269e-02;3.513403e-02;3.323616e-02;1.749077e-02;2.518023e-02
7.317767e-02;7.433483e-02;4.807847e-01;8.575267e-02;3.702131e-02;4.014448e-02;6.577386e-02;4.134896e-02;4.350243e-02;2.864545e-02;1.521233e-02;1.430131e-02
5.154856e-02;5.119706e-02;4.606018e-01;1.076025e-01;4.645674e-02;4.195066e-02;7.067531e-02;4.262795e-02;5.374849e-02;3.751981e-02;1.584974e-02;2.022137e-02
5.594898e-02;4.697216e-02;3.992236e-01;1.104077e-01;5.687959e-02;4.876262e-02;8.382332e-02;4.768596e-02;6.174565e-02;4.679278e-02;2.423480e-02;1.752284e-02
9.231251e-02;7.292758e-02;3.284122e-01;8.294781e-02;5.367641e-02;3.626800e-02;9.303980e-02;6.127644e-02;6.397603e-02;4.588138e-02;4.795729e-02;2.132457e-02
8.694649e-02;6.601921e-02;2.827109e-01;6.152669e-02;5.661418e-02;3.012281e-02;1.107000e-01;7.902105e-02;6.916326e-02;4.523604e-02;7.109974e-02;4.083964e-02
5.431842e-02;6.580081e-02;2.248031e-01;7.857790e-02;6.426591e-02;5.290638e-02;1.015228e-01;9.481855e-02;8.891721e-02;8.701204e-02;4.936665e-02;3.769026e-02
5.495157e-02;5.556440e-02;1.768057e-01;8.580680e-02;6.941025e-02;6.993761e-02;1.034291e-01;1.077227e-01;8.419695e-02;1.354871e-01;3.283155e-02;2.385624e-02
5.998671e-02;4.554389e-02;1.313831e-01;8.564965e-02;9.224463e-02;7.927868e-02;7.686707e-02;9.401915e-02;9.653448e-02;1.502351e-01;5.176058e-02;3.649688e-02
4.184093e-02;3.433779e-02;1.563043e-01;8.768511e-02;1.161491e-01;7.815965e-02;3.835057e-02;9.189329e-02;1.118448e-01;1.354765e-01;6.331515e-02;4.464285e-02
5.823785e-02;6.006729e-02;1.511403e-01;8.468916e-02;7.738572e-02;9.300117e-02;6.448960e-02;7.489210e-02;1.193502e-01;1.177615e-01;7.001798e-02;2.896720e-02
7.485303e-02;6.825387e-02;1.646087e-01;4.409485e-02;6.542552e-02;1.018083e-01;1.299134e-01;6.661184e-02;8.104434e-02;9.854893e-02;5.577727e-02;4.905994e-02
5.557560e-02;5.984692e-02;2.552664e-01;7.181162e-02;9.028598e-02;7.186548e-02;1.877533e-01;5.369187e-02;5.262231e-02;4.472406e-02;2.984810e-02;2.670839e-02
1.192748e-01;7.887240e-02;2.687429e-01;8.024865e-02;8.398358e-02;5.420617e-02;1.416010e-01;4.858247e-02;3.213082e-02;3.403167e-02;2.921418e-02;2.911124e-02
2.028702e-01;9.562276e-02;2.480567e-01;7.853999e-02;7.580467e-02;3.866176e-02;8.588989e-02;5.898135e-02;2.258873e-02;3.107385e-02;2.430432e-02;3.760580e-02
3.444082e-01;7.452631e-02;1.593803e-01;6.300630e-02;6.483444e-02;2.264788e-02;7.394600e-02;9.068197e-02;1.338153e-02;2.401453e-02;1.753902e-02;5.163350e-02
4.719821e-01;7.293490e-02;1.021848e-01;2.408776e-02;3.707700e-02;9.587189e-03;5.354605e-02;1.143376e-01;1.677321e-02;1.871425e-02;1.279478e-02;6.598035e-02
4.857952e-01;9.037066e-02;1.005189e-01;1.462823e-02;3.030722e-02;1.083337e-02;3.692591e-02;1.004153e-01;2.384540e-02;1.506216e-02;1.548137e-02;7.581621e-02
4.787716e-01;6.800982e-02;7.310321e-02;1.516466e-02;3.020161e-02;1.451592e-02;7.063989e-02;8.737860e-02;2.903502e-02;1.990380e-02;1.938846e-02;9.388741e-02
4.198630e-01;7.864673e-02;8.001152e-02;2.302532e-02;2.527167e-02;2.309075e-02;7.420104e-02;6.944001e-02;2.870284e-02;3.235209e-02;3.679868e-02;1.085963e-01
2.968814e-01;7.572436e-02;5.850016e-02;3.631353e-02;4.645758e-02;3.520338e-02;9.035503e-02;6.441859e-02;4.399841e-02;6.178249e-02;7.153102e-02;1.188340e-01
9.697381e-02;5.047809e-02;1.717467e-01;7.996874e-02;7.334244e-02;6.736667e-02;7.626966e-02;5.555838e-02;8.268700e-02;8.001446e-02;7.835376e-02;8.724035e-02
6.885074e-02;6.170931e-02;1.786038e-01;1.122807e-01;8.099913e-02;7.042655e-02;1.250176e-01;4.574240e-02;6.732433e-02;6.535193e-02;5.661599e-02;6.707749e-02
6.708331e-02;6.058135e-02;1.380681e-01;1.158780e-01;9.869976e-02;7.571097e-02;1.312617e-01;6.988401e-02;6.166250e-02;7.548510e-02;4.451967e-02;6.116546e-02
9.231090e-02;5.139547e-02;1.010900e-01;9.974080e-02;1.266086e-01;8.824752e-02;1.144849e-01;8.611278e-02;5.143079e-02;9.187099e-02;4.938352e-02;4.732363e-02
1.693436e-01;5.691257e-02;8.789323e-02;8.405755e-02;1.172615e-01;5.167077e-02;1.142885e-01;8.111794e-02;6.150138e-02;6.505631e-02;5.823832e-02;5.265829e-02
2.410998e-01;7.073221e-02;9.297161e-02;4.153692e-02;6.370001e-02;4.062347e-02;1.034780e-01;5.595664e-02;8.286643e-02;8.591662e-02;5.363831e-02;6.748001e-02
2.325460e-01;6.069501e-02;1.019327e-01;2.843791e-02;4.659343e-02;5.286018e-02;7.780904e-02;6.452705e-02;9.598538e-02;8.505775e-02;6.573229e-02;8.782324e-02
2.111025e-01;7.991917e-02;1.036124e-01;4.372031e-02;4.801169e-02;6.645238e-02;6.103793e-02;6.283607e-02;7.896399e-02;1.093066e-01;5.800668e-02;7.703026e-02
1.412887e-01;1.108350e-01;8.950554e-02;5.770264e-02;8.378857e-02;7.645091e-02;9.802116e-02;6.646327e-02;6.975503e-02;9.569972e-02;6.082484e-02;4.966458e-02
1.247729e-01;1.113567e-01;1.095356e-01;6.344362e-02;9.392510e-02;8.550013e-02;8.296734e-02;6.807984e-02;6.452758e-02;7.533588e-02;5.797013e-02;6.258515e-02
1.024554e-01;6.203722e-02;1.823129e-01;7.210861e-02;1.049369e-01;6.835249e-02;1.588183e-01;3.263090e-02;4.754940e-02;8.306906e-02;3.207013e-02;5.365868e-02
8.055934e-02;5.894897e-02;1.921771e-01;4.539337e-02;6.772123e-02;5.926823e-02;2.017095e-01;1.033139e-01;7.390017e-02;5.315689e-02;2.848674e-02;3.536458e-02
1.078552e-01;5.934133e-02;1.534079e-01;3.084658e-02;6.036089e-02;5.098063e-02;1.627077e-01;1.785042e-01;9.799184e-02;4.293898e-02;2.424723e-02;3.081758e-02
1.411704e-01;4.155473e-02;8.996860e-02;3.234325e-02;5.115741e-02;3.711045e-02;1.296756e-01;2.597647e-01;1.146159e-01;4.386290e-02;1.543893e-02;4.333710e-02
1.208014e-01;2.790041e-02;2.249767e-02;7.219847e-02;2.505369e-02;2.761549e-02;2.208667e-01;2.414244e-01;7.288526e-02;4.761561e-02;2.596742e-02;9.517358e-02
8.542147e-02;2.927628e-02;1.086893e-02;1.052349e-01;1.655982e-02;2.153709e-02;3.073572e-01;1.578427e-01;3.900016e-02;5.315273e-02;3.318026e-02;1.405684e-01
8.854540e-02;2.759586e-02;3.926923e-02;1.081231e-01;2.075268e-02;2.948834e-02;3.360671e-01;8.163267e-02;2.026256e-02;5.996979e-02;3.795682e-02;1.503364e-01
8.338867e-02;3.618394e-02;1.061793e-01;7.814225e-02;3.414050e-02;6.504656e-02;3.085374e-01;4.581541e-02;2.743109e-02;6.192198e-02;5.721477e-02;9.599815e-02
8.340923e-02;4.659529e-02;1.452087e-01;5.487497e-02;5.243242e-02;8.140823e-02;2.917396e-01;3.410172e-02;4.419558e-02;6.520160e-02;6.804117e-02;3.279145e-02
8.466137e-02;3.970423e-02;9.831563e-02;6.196046e-02;6.793828e-02;5.599315e-02;2.140189e-01;9.459996e-02;1.025993e-01;7.604709e-02;5.959755e-02;4.456408e-02
7.953461e-02;3.086049e-02;1.051092e-01;6.793392e-02;4.525799e-02;4.902486e-02;2.184619e-01;1.370675e-01;1.168741e-01;5.520366e-02;5.045751e-02;4.421426e-02
1.039510e-01;4.688685e-02;1.246850e-01;5.615231e-02;2.989791e-02;6.257929e-02;2.692300e-01;6.590191e-02;8.250567e-02;4.484773e-02;6.508351e-02;4.827893e-02
6.912239e-02;3.872053e-02;1.767461e-01;6.309999e-02;5.588477e-02;5.659533e-02;1.518041e-01;1.593146e-01;4.759587e-02;5.204122e-02;5.749711e-02;7.157804e-02
9.360437e-02;4.896896e-02;1.977110e-01;6.696513e-02;7.691003e-02;3.509405e-02;1.020651e-01;1.723990e-01;3.739724e-02;4.001251e-02;5.330040e-02;7.557230e-02
1.170556e-01;7.539304e-02;1.633656e-01;6.121292e-02;6.171756e-02;5.435316e-02;9.629568e-02;1.203911e-01;8.732042e-02;2.958207e-02;6.261802e-02;7.069481e-02
6.204817e-02;5.090434e-02;2.133938e-01;5.615844e-02;7.981218e-02;6.946394e-02;8.640230e-02;7.555431e-02;9.767080e-02;1.024896e-01;5.973713e-02;4.636506e-02
4.246042e-02;4.714985e-02;1.997277e-01;6.151943e-02;7.426652e-02;5.240155e-02;9.399781e-02;7.122077e-02;1.292072e-01;1.253716e-01;8.379091e-02;1.888614e-02
4.028785e-02;4.657546e-02;1.645896e-01;4.869917e-02;6.697637e-02;6.288324e-02;1.058200e-01;6.200520e-02;1.462740e-01;1.214854e-01;1.078511e-01;2.655263e-02
2.089913e-02;3.624273e-02;1.190609e-01;3.678301e-02;5.243964e-02;8.172973e-02;1.427136e-01;6.721328e-02;1.520668e-01;9.009442e-02;1.259506e-01;7.480620e-02
2.505423e-02;2.542078e-02;7.628683e-02;2.675995e-02;2.674533e-02;1.115381e-01;2.314164e-01;6.691199e-02;1.152531e-01;3.407411e-02;1.164662e-01;1.440730e-01
4.165601e-02;2.402544e-02;6.312195e-02;2.940028e-02;4.398173e-02;1.520720e-01;2.551510e-01;2.960742e-02;5.806487e-02;3.233696e-02;1.150221e-01;1.555602e-01
7.629851e-02;2.868201e-02;1.050201e-01;4.789096e-02;6.983395e-02;1.380817e-01;2.144236e-01;3.018886e-02;4.232953e-02;3.730463e-02;1.094546e-01;1.004916e-01
1.087180e-01;5.191946e-02;1.884263e-01;5.217537e-02;7.628295e-02;8.697642e-02;1.652553e-01;5.897306e-02;3.357757e-02;5.203507e-02;8.159342e-02;4.406711e-02
5.176605e-02;6.516488e-02;1.829294e-01;4.472420e-02;5.219300e-02;1.165677e-01;1.150156e-01;9.143078e-02;6.086260e-02;6.098883e-02;9.744176e-02;6.091514e-02
3.961838e-02;3.901367e-02;1.169923e-01;3.185461e-02;3.248622e-02;1.501918e-01;2.308152e-01;6.320413e-02;7.147326e-02;4.788414e-02;1.094700e-01;6.699635e-02
3.341848e-02;1.934000e-02;6.465655e-02;1.547793e-02;3.834884e-02;1.689909e-01;3.354629e-01;6.011528e-02;6.315663e-02;3.276912e-02;9.452445e-02;7.373891e-02
3.243116e-02;2.139623e-02;4.536835e-02;1.672856e-02;2.849255e-02;1.767493e-01;4.016768e-01;4.290793e-02;3.805020e-02;2.776600e-02;7.649749e-02;9.193537e-02
4.371702e-02;3.199809e-02;6.401818e-02;1.734104e-02;2.276076e-02;1.675531e-01;3.836158e-01;2.126364e-02;2.824398e-02;2.724621e-02;8.270670e-02;1.095355e-01
5.497354e-02;3.757578e-02;5.635087e-02;1.273036e-02;1.749163e-02;1.402681e-01;3.680356e-01;3.941835e-02;2.834643e-02;3.670663e-02;8.425306e-02;1.238497e-01
7.884124e-02;4.738114e-02;2.094375e-02;1.875867e-02;2.879610e-02;1.243071e-01;3.135272e-01;5.400152e-02;3.492736e-02;7.373986e-02;9.278553e-02;1.119905e-01
5.255632e-02;4.024263e-02;1.158467e-01;4.498855e-02;4.698642e-02;1.026909e-01;2.227338e-01;4.668742e-02;4.541481e-02;9.970315e-02;1.046076e-01;7.754176e-02
8.706080e-02;4.458471e-02;1.596362e-01;4.256610e-02;6.121557e-02;7.531446e-02;1.583782e-01;3.903800e-02;7.157913e-02;1.007582e-01;9.898849e-02;6.088005e-02
7.789109e-02;5.603269e-02;1.152695e-01;2.992041e-02;5.603087e-02;9.324583e-02;1.735813e-01;5.740938e-02;9.370041e-02;9.191016e-02;1.021076e-01;5.290079e-02
5.493914e-02;4.964378e-02;7.808607e-02;2.712865e-02;4.187005e-02;1.085579e-01;2.189151e-01;8.986450e-02;7.468078e-02;1.089335e-01;8.728878e-02;6.009180e-02
3.621155e-02;3.831044e-02;6.861940e-02;2.159774e-02;5.418810e-02;1.065014e-01;2.089494e-01;9.180304e-02;1.024815e-01;1.254141e-01;7.325908e-02;7.266434e-02
5.976625e-02;3.679655e-02;7.834726e-02;3.978486e-02;8.597597e-02;8.390402e-02;1.448832e-01;6.466556e-02;1.204018e-01;1.586685e-01;5.888384e-02;6.792223e-02
4.154114e-02;2.979604e-02;8.259613e-02;6.812369e-02;9.233683e-02;1.072949e-01;1.134227e-01;6.659381e-02;1.144133e-01;1.579052e-01;6.015707e-02;6.581920e-02
6.849591e-02;4.695697e-02;7.769162e-02;8.203279e-02;7.613897e-02;1.268518e-01;1.396989e-01;5.503445e-02;8.828773e-02;1.244684e-01;6.257278e-02;5.176968e-02
1.143849e-01;7.647452e-02;7.078132e-02;5.464650e-02;5.672369e-02;8.278822e-02;2.207544e-01;7.695737e-02;6.401983e-02;8.932284e-02;5.849469e-02;3.465176e-02
1.103046e-01;7.445338e-02;6.484871e-02;6.048231e-02;4.131106e-02;6.506392e-02;1.950994e-01;1.250455e-01;7.722687e-02;1.292761e-01;3.065320e-02;2.623488e-02
6.599019e-02;8.214523e-02;5.747933e-02;7.249910e-02;6.478345e-02;6.069036e-02;1.663157e-01;1.507999e-01;1.016725e-01;1.194533e-01;3.066853e-02;2.750241e-02
3.373241e-02;7.917807e-02;7.787870e-02;5.169521e-02;6.903493e-02;8.184062e-02;1.893776e-01;1.143663e-01;9.031554e-02;1.111143e-01;5.677901e-02;4.468736e-02
4.746066e-02;5.062263e-02;8.306373e-02;4.468756e-02;6.500180e-02;7.872695e-02;1.887765e-01;8.901881e-02;8.441632e-02;1.377500e-01;7.008446e-02;6.039062e-02
5.888423e-02;4.200924e-02;1.010239e-01;7.532919e-02;7.584357e-02;4.747212e-02;1.492853e-01;1.120313e-01;9.579170e-02;1.216497e-01;5.881720e-02;6.186252e-02
5.897551e-02;3.308148e-02;8.221681e-02;7.915894e-02;6.785445e-02;6.040731e-02;1.172843e-01;1.815435e-01;1.223129e-01;8.278292e-02;6.011263e-02;5.426919e-02
6.813161e-02;3.879033e-02;4.719584e-02;6.200739e-02;6.062467e-02;6.889906e-02;1.462574e-01;1.918475e-01;1.425466e-01;8.614706e-02;5.362521e-02;3.392726e-02
7.226006e-02;4.538998e-02;5.136647e-02;5.501483e-02;7.478293e-02;7.634273e-02;1.650428e-01;1.402737e-01;1.603338e-01;9.731674e-02;3.843268e-02;2.344329e-02
6.128407e-02;2.347836e-02;2.541200e-01;7.662048e-02;1.026088e-01;7.233920e-02;1.679489e-01;5.059372e-02;6.383561e-02;6.869248e-02;3.538464e-02;2.309375e-02
7.417352e-02;6.513312e-02;3.827648e-01;6.615941e-02;8.127378e-02;5.831744e-02;1.530826e-01;2.549805e-02;2.969752e-02;2.980345e-02;1.716041e-02;1.693591e-02
6.452724e-02;9.505531e-02;4.324439e-01;5.323775e-02;6.538171e-02;4.734829e-02;1.305744e-01;2.504412e-02;3.078797e-02;3.102084e-02;1.115439e-02;1.342408e-02
3.676374e-02;1.252023e-01;5.232959e-01;3.357230e-02;3.661069e-02;3.489614e-02;9.645179e-02;2.965821e-02;3.866135e-02;3.058832e-02;6.581899e-03;7.717274e-03
1.992982e-02;1.544553e-01;5.932024e-01;2.095032e-02;1.288671e-02;2.747789e-02;4.687299e-02;3.369121e-02;5.017584e-02;2.338256e-02;9.262521e-03;7.712452e-03
4.062702e-02;1.711224e-01;6.052265e-01;1.962944e-02;1.253383e-02;1.996658e-02;1.521340e-02;3.518444e-02;3.923823e-02;2.624588e-02;6.318063e-03;8.694247e-03
1.454564e-02;1.438618e-01;6.566404e-01;2.618864e-02;1.373427e-02;1.727744e-02;2.168029e-02;3.577871e-02;2.441232e-02;3.333025e-02;6.645579e-03;5.904702e-03
8.400128e-03;1.065825e-01;6.943765e-01;3.259965e-02;1.103880e-02;1.010859e-02;3.003461e-02;2.941724e-02;1.769362e-02;4.954261e-02;6.298281e-03;3.907478e-03
1.509089e-02;7.937060e-02;7.185461e-01;2.852724e-02;1.893011e-02;1.066480e-02;2.675684e-02;1.828125e-02;1.192081e-02;6.233253e-02;4.401056e-03;5.177744e-03
4.928755e-03;5.171663e-02;7.426994e-01;4.105978e-02;2.762985e-02;1.047975e-02;2.958935e-02;1.472210e-02;7.315448e-03;5.968372e-02;2.849355e-03;7.325885e-03
7.015517e-03;3.959063e-02;7.313101e-01;4.926275e-02;3.231771e-02;7.022616e-03;3.771360e-02;1.049806e-02;9.584585e-03;5.588687e-02;8.543857e-03;1.125368e-02
1.804325e-02;4.935112e-02;7.035972e-01;4.927425e-02;3.002271e-02;9.774627e-03;5.607304e-02;6.064895e-03;1.201029e-02;4.233055e-02;1.162081e-02;1.183733e-02
1.882875e-02;4.487299e-02;7.093683e-01;3.366796e-02;3.015049e-02;1.323237e-02;7.728885e-02;9.915448e-03;1.146703e-02;3.169300e-02;1.005258e-02;9.462247e-03
1.874108e-02;1.317610e-02;7.367857e-01;6.126161e-02;3.529597e-02;1.147200e-02;6.792289e-02;7.841179e-03;5.325830e-03;2.690722e-02;1.099628e-02;4.274142e-03
2.414453e-02;2.026482e-02;7.358253e-01;6.506950e-02;3.016259e-02;7.425474e-03;6.033441e-02;4.191389e-03;7.863582e-03;3.055439e-02;1.095999e-02;3.204033e-03
2.134666e-02;2.020601e-02;7.377654e-01;5.328808e-02;2.488951e-02;7.903895e-03;6.108448e-02;6.387440e-03;1.001323e-02;3.845377e-02;1.136678e-02;7.294808e-03
2.782004e-02;2.930165e-02;7.205841e-01;4.936332e-02;2.489722e-02;7.803424e-03;6.098488e-02;5.892100e-03;1.173587e-02;4.449609e-02;1.204180e-02;5.079577e-03
2.785132e-02;2.393671e-02;7.313842e-01;4.236925e-02;2.745774e-02;8.065541e-03;6.174793e-02;4.499380e-03;1.069155e-02;4.930770e-02;8.264510e-03;4.424152e-03
4.481275e-02;4.381144e-02;6.420258e-01;5.082555e-02;3.802704e-02;1.864991e-02;5.802099e-02;8.518992e-03;3.274769e-02;4.306123e-02;7.706802e-03;1.179176e-02
3.818616e-02;5.408257e-02;5.307088e-01;7.481928e-02;4.978704e-02;3.979534e-02;5.607813e-02;1.368998e-02;5.449349e-02;5.478903e-02;1.366533e-02;1.990478e-02
2.645415e-02;7.388942e-02;4.840663e-01;5.405818e-02;3.388760e-02;3.787423e-02;6.767014e-02;2.530420e-02;7.286119e-02;9.149208e-02;1.372469e-02;1.871777e-02
2.015902e-02;8.268106e-02;4.272106e-01;3.768649e-02;2.432728e-02;4.052573e-02;5.094081e-02;4.050894e-02;1.119505e-01;1.220300e-01;1.554781e-02;2.643169e-02
3.364629e-02;1.271491e-01;3.431772e-01;3.007276e-02;1.610469e-02;6.036380e-02;2.142357e-02;3.845143e-02;1.722516e-01;1.018618e-01;1.242343e-02;4.307434e-02
2.824988e-02;1.616333e-01;2.677807e-01;3.070187e-02;1.217332e-02;8.239565e-02;1.618963e-02;2.234868e-02;2.429941e-01;5.784541e-02;1.811215e-02;5.957530e-02
4.894953e-02;1.623378e-01;2.039334e-01;3.191073e-02;1.708629e-02;7.783600e-02;1.803456e-02;1.792071e-02;2.988402e-01;3.737037e-02;2.939085e-02;5.638967e-02
9.673940e-02;1.532713e-01;1.735948e-01;2.260026e-02;2.897820e-02;4.646584e-02;1.951237e-02;5.231726e-02;2.976488e-01;2.517285e-02;4.275993e-02;4.093903e-02
1.559804e-01;1.162665e-01;1.763343e-01;1.680589e-02;5.185224e-02;1.584302e-02;3.132137e-02;9.843870e-02;2.126088e-01;3.158619e-02;6.350763e-02;2.945509e-02
2.133130e-01;8.599176e-02;1.539765e-01;1.827233e-02;7.877398e-02;2.436866e-02;4.319169e-02;1.498065e-01;1.110019e-01;2.836877e-02;6.367585e-02;2.925902e-02
1.930931e-01;7.412606e-02;1.383529e-01;2.634817e-02;8.205980e-02;4.711543e-02;1.159554e-01;1.553628e-01;2.706822e-02;3.958283e-02;5.536369e-02;4.557156e-02
9.031778e-02;7.174646e-02;1.517242e-01;4.659313e-02;5.384213e-02;6.564698e-02;1.789118e-01;7.322490e-02;9.446546e-02;6.097635e-02;5.633079e-02;5.621997e-02
5.382093e-02;6.256473e-02;1.612367e-01;5.213287e-02;5.916166e-02;6.256655e-02;2.121712e-01;4.480001e-02;1.003907e-01;7.300855e-02;6.473522e-02;5.341086e-02
3.181012e-02;5.204611e-02;1.569976e-01;4.575875e-02;8.026609e-02;5.249930e-02;2.528573e-01;5.847185e-02;8.804841e-02;7.577608e-02;6.770523e-02;3.776322e-02
6.527185e-02;3.046602e-02;1.013014e-01;2.961372e-02;6.683815e-02;9.104729e-02;1.737781e-01;6.244326e-02;1.834401e-01;8.050811e-02;6.688818e-02;4.840385e-02
5.662207e-02;4.532387e-02;1.282243e-01;5.904524e-02;8.163270e-02;8.212540e-02;1.021273e-01;4.746300e-02;1.365973e-01;1.183658e-01;8.019120e-02;6.228179e-02
3.698500e-02;7.011981e-02;1.448809e-01;6.474750e-02;1.134043e-01;6.948514e-02;9.880770e-02;6.914307e-02;9.589566e-02;1.190420e-01;8.648766e-02;3.100121e-02
7.656044e-02;8.994260e-02;1.122602e-01;7.105481e-02;1.049803e-01;7.980318e-02;9.928157e-02;9.727538e-02;6.877558e-02;9.170733e-02;7.245536e-02;3.590322e-02
7.652602e-02;8.348914e-02;1.310309e-01;7.990160e-02;6.905030e-02;6.785848e-02;1.105990e-01;9.420372e-02;1.476374e-01;5.295286e-02;5.741102e-02;2.933955e-02
7.186688e-02;5.563444e-02;1.167072e-01;5.737625e-02;5.740062e-02;6.380773e-02;1.354547e-01;1.098966e-01;1.814405e-01;5.884390e-02;6.811287e-02;2.345833e-02
6.113430e-02;3.735309e-02;1.263536e-01;4.825052e-02;7.381360e-02;5.568061e-02;9.888738e-02;1.260363e-01;1.606369e-01;6.637872e-02;8.034518e-02;6.512979e-02
8.905993e-02;6.781945e-02;1.227270e-01;5.645277e-02;6.304278e-02;6.758910e-02;1.887133e-01;7.238671e-02;1.080599e-01;5.437274e-02;5.288800e-02;5.688825e-02
5.881143e-02;5.587408e-02;3.110544e-01;4.397000e-02;7.486491e-02;5.946994e-02;2.078298e-01;3.766413e-02;4.874294e-02;4.283407e-02;2.793587e-02;3.094834e-02
4.361899e-02;3.939038e-02;4.723929e-01;4.189266e-02;6.616280e-02;4.361765e-02;1.385123e-01;3.179013e-02;3.470360e-02;4.487330e-02;2.444145e-02;1.860392e-02
5.421693e-02;7.367592e-02;5.701245e-01;4.119043e-02;5.052283e-02;2.655625e-02;4.069059e-02;3.134541e-02;3.983360e-02;3.905445e-02;1.891716e-02;1.387189e-02
7.899285e-02;1.172764e-01;5.378484e-01;3.437241e-02;3.248891e-02;1.900399e-02;4.022759e-02;3.328944e-02;4.397455e-02;3.036645e-02;1.910607e-02;1.305286e-02
1.668323e-01;1.567078e-01;3.233240e-01;2.382843e-02;4.637161e-02;2.841471e-02;9.693337e-02;3.605028e-02;3.898359e-02;2.989560e-02;2.772296e-02;2.493527e-02
1.726989e-01;1.643945e-01;3.216118e-01;1.920988e-02;3.806134e-02;2.946540e-02;1.104862e-01;3.594320e-02;3.635984e-02;3.525291e-02;1.769169e-02;1.882425e-02
1.681187e-01;2.022574e-01;3.561377e-01;1.902011e-02;1.906961e-02;1.896844e-02;8.340770e-02;2.996702e-02;4.864403e-02;3.438488e-02;1.129798e-02;8.726470e-03
1.403136e-01;2.630746e-01;3.740411e-01;2.310780e-02;1.441824e-02;1.167727e-02;5.340116e-02;1.718903e-02;4.986878e-02;3.035668e-02;1.176627e-02;1.078547e-02
7.691715e-02;2.577671e-01;4.756836e-01;3.895067e-02;1.519131e-02;1.081977e-02;2.806501e-02;1.039410e-02;4.851876e-02;2.014127e-02;9.784824e-03;7.766368e-03
1.107860e-01;2.035654e-01;4.387160e-01;5.704400e-02;3.271571e-02;1.155155e-02;3.317075e-02;3.566537e-02;4.302468e-02;1.742767e-02;7.012157e-03;9.320702e-03
1.789193e-01;1.441923e-01;2.876011e-01;6.567145e-02;4.171379e-02;2.213551e-02;4.574290e-02;1.162482e-01;4.124462e-02;1.581301e-02;9.807801e-03;3.090999e-02
1.587629e-01;7.309510e-02;1.079274e-01;7.925015e-02;2.585103e-02;2.679650e-02;1.012771e-01;2.256309e-01;8.994429e-02;2.306516e-02;1.688045e-02;7.151911e-02
8.350635e-02;5.781620e-02;4.007304e-02;1.071511e-01;1.207312e-02;1.443068e-02;2.006574e-01;2.202659e-01;8.372084e-02;3.307971e-02;1.584920e-02;1.313764e-01
5.801870e-02;7.602313e-02;3.407428e-02;1.362703e-01;8.375881e-03;1.043565e-02;2.392222e-01;1.215154e-01;4.625335e-02;2.913061e-02;2.642505e-02;2.142554e-01
3.965098e-02;6.572983e-02;8.139416e-02;1.276877e-01;1.174903e-02;2.676544e-02;2.011686e-01;5.215839e-02;4.114952e-02;2.585153e-02;7.642605e-02;2.502688e-01
2.578785e-02;3.887330e-02;1.542267e-01;7.446706e-02;2.161967e-02;6.129238e-02;1.371599e-01;2.926194e-02;6.140110e-02;2.592914e-02;1.604912e-01;2.094899e-01
1.339101e-02;2.508441e-02;2.218342e-01;1.472123e-02;3.498322e-02;8.996183e-02;7.985454e-02;3.091655e-02;8.480219e-02;3.001854e-02;2.324635e-01;1.419688e-01
2.590033e-02;2.473695e-02;2.086135e-01;2.408790e-02;3.182315e-02;7.682084e-02;1.108066e-01;3.548352e-02;7.233391e-02;2.856269e-02;2.175477e-01;1.432829e-01
4.320940e-02;5.016876e-02;1.374703e-01;3.759564e-02;2.065679e-02;6.500687e-02;1.870292e-01;4.072610e-02;4.403081e-02;2.871059e-02;1.662766e-01;1.791189e-01
4.842618e-02;8.058562e-02;8.343003e-02;3.868151e-02;1.587764e-02;5.318108e-02;2.471615e-01;3.416101e-02;2.559351e-02;2.450937e-02;1.331647e-01;2.152278e-01
4.088762e-02;9.765996e-02;5.299474e-02;2.617822e-02;1.964375e-02;8.290318e-02;2.884713e-01;3.134892e-02;2.566496e-02;2.423404e-02;9.341561e-02;2.165977e-01
3.630405e-02;8.906607e-02;6.099582e-02;3.113459e-02;3.475034e-02;1.262542e-01;2.817318e-01;3.302874e-02;3.770042e-02;4.032815e-02;5.756775e-02;1.711381e-01
5.745287e-02;9.630942e-02;1.124444e-01;3.252551e-02;5.179405e-02;1.112404e-01;2.067925e-01;5.485862e-02;4.378944e-02;5.677203e-02;5.796868e-02;1.180520e-01
2.187473e-01;9.974122e-02;1.931925e-01;3.024263e-02;4.226500e-02;4.682998e-02;1.139462e-01;5.190809e-02;2.669168e-02;4.582589e-02;4.327792e-02;8.733157e-02
3.799021e-01;8.537367e-02;1.750394e-01;2.082323e-02;2.870487e-02;2.481823e-02;4.560341e-02;7.337525e-02;2.930636e-02;2.510419e-02;2.860306e-02;8.334622e-02
3.827073e-01;6.694449e-02;1.206300e-01;1.683451e-02;2.781005e-02;2.782891e-02;8.659174e-02;1.041458e-01;3.509862e-02;3.065249e-02;3.602613e-02;6.473003e-02
3.194326e-01;3.967328e-02;9.755734e-02;2.332881e-02;3.565044e-02;3.749217e-02;1.610690e-01;1.052212e-01;3.976714e-02;5.096491e-02;4.433461e-02;4.550848e-02
3.328420e-01;7.148797e-02;7.895090e-02;2.853302e-02;3.579263e-02;3.946089e-02;1.310993e-01;7.981692e-02;2.909014e-02;6.797117e-02;3.804665e-02;6.690840e-02
4.234052e-01;8.213949e-02;6.757572e-02;2.282714e-02;2.150524e-02;2.515582e-02;8.255506e-02;7.938744e-02;2.213072e-02;5.802641e-02;2.715779e-02;8.813401e-02
4.762051e-01;7.772895e-02;8.291005e-02;1.740191e-02;1.298925e-02;1.837659e-02;5.884935e-02;9.322103e-02;2.075070e-02;3.362900e-02;2.023235e-02;8.770575e-02
4.884364e-01;8.224031e-02;6.990993e-02;1.115556e-02;1.633096e-02;1.706108e-02;5.081201e-02;1.018218e-01;2.362355e-02;2.342396e-02;2.698147e-02;8.820300e-02
4.428984e-01;6.386485e-02;5.217462e-02;9.405802e-03;1.603255e-02;1.696735e-02;1.037659e-01;1.230367e-01;2.384757e-02;3.045524e-02;2.523476e-02;9.231623e-02
3.707815e-01;4.003865e-02;4.955210e-02;1.562969e-02;1.460118e-02;2.270972e-02;1.440888e-01;1.422193e-01;1.754360e-02;4.881413e-02;3.545949e-02;9.856184e-02
2.881638e-01;3.473940e-02;5.021876e-02;2.337330e-02;1.822046e-02;1.962798e-02;1.655117e-01;1.508968e-01;2.819989e-02;6.338625e-02;4.375711e-02;1.139045e-01
2.148305e-01;2.152239e-02;5.866468e-02;2.977807e-02;3.347001e-02;2.496565e-02;1.986619e-01;1.423459e-01;2.885325e-02;7.449907e-02;5.091724e-02;1.214913e-01
1.949379e-01;1.911414e-02;6.302799e-02;4.501589e-02;3.479383e-02;2.510839e-02;2.225073e-01;1.240909e-01;2.507434e-02;7.761741e-02;5.603746e-02;1.126745e-01
1.858875e-01;3.289748e-02;4.583579e-02;6.952245e-02;3.297021e-02;3.171229e-02;2.434856e-01;7.257570e-02;4.279812e-02;7.537196e-02;5.323490e-02;1.137080e-01
1.858527e-01;2.240711e-02;7.553590e-02;7.243281e-02;2.038504e-02;3.120243e-02;2.241625e-01;8.853654e-02;4.046413e-02;7.572302e-02;5.131133e-02;1.119865e-01
2.579243e-01;3.934440e-02;9.183373e-02;5.190644e-02;1.518466e-02;2.809789e-02;1.828226e-01;9.023675e-02;2.719687e-02;7.401071e-02;3.727527e-02;1.041664e-01
3.262777e-01;7.326403e-02;1.377614e-01;3.350161e-02;2.611826e-02;2.173492e-02;1.162446e-01;9.532670e-02;2.480865e-02;3.673146e-02;2.713349e-02;8.109714e-02
3.611461e-01;1.169175e-01;1.507487e-01;2.623090e-02;4.480140e-02;1.685967e-02;4.315749e-02;1.001010e-01;3.420291e-02;3.043272e-02;3.185095e-02;4.355073e-02
3.095763e-01;1.866646e-01;1.862060e-01;2.498005e-02;4.150464e-02;1.772106e-02;3.234712e-02;5.987107e-02;5.770596e-02;2.298591e-02;3.465724e-02;2.578006e-02
3.017258e-01;2.534182e-01;1.888418e-01;1.886866e-02;2.905646e-02;1.529603e-02;3.299989e-02;2.976899e-02;6.860809e-02;1.515360e-02;3.011215e-02;1.615026e-02
3.293663e-01;2.966355e-01;1.541098e-01;1.152826e-02;1.602206e-02;1.139436e-02;3.518453e-02;2.066182e-02;7.855652e-02;1.423312e-02;2.156468e-02;1.074314e-02
3.441890e-01;2.657532e-01;1.211058e-01;1.417294e-02;2.501450e-02;1.193883e-02;4.317406e-02;4.143854e-02;7.415262e-02;1.523438e-02;2.813248e-02;1.569361e-02
3.340712e-01;2.463259e-01;1.109524e-01;1.648625e-02;2.693428e-02;1.057618e-02;5.204830e-02;4.777357e-02;8.579333e-02;1.903640e-02;3.336097e-02;1.664120e-02
2.744975e-01;2.553475e-01;1.277223e-01;3.401834e-02;2.064962e-02;1.622545e-02;4.859869e-02;2.854590e-02;1.305846e-01;2.312469e-02;2.495284e-02;1.573254e-02
1.918089e-01;2.857356e-01;1.375570e-01;6.722757e-02;1.651483e-02;2.712786e-02;3.283608e-02;2.687031e-02;1.674455e-01;2.345118e-02;1.004597e-02;1.337922e-02
1.123356e-01;2.814977e-01;1.942553e-01;7.369307e-02;1.588925e-02;5.264594e-02;1.907085e-02;1.984117e-02;1.656196e-01;2.591405e-02;7.643242e-03;3.159424e-02
6.837562e-02;2.396445e-01;3.059874e-01;5.115128e-02;1.369379e-02;5.432963e-02;1.106194e-02;1.444666e-02;1.392375e-01;3.965151e-02;6.916046e-03;5.550403e-02
3.648392e-02;1.594024e-01;4.495202e-01;3.105227e-02;3.043782e-02;3.304327e-02;3.322931e-02;1.820623e-02;9.049483e-02;5.132285e-02;8.213168e-03;5.859370e-02
3.311788e-02;1.078157e-01;5.322929e-01;2.876762e-02;3.954967e-02;2.856217e-02;7.186007e-02;2.007368e-02;4.555808e-02;4.062700e-02;1.220961e-02;3.956561e-02
3.166885e-02;5.844051e-02;6.076769e-01;3.754547e-02;5.455145e-02;2.624029e-02;8.533248e-02;1.668204e-02;1.684096e-02;3.750097e-02;1.048792e-02;1.703225e-02
1.265961e-02;4.940458e-02;7.050219e-01;4.213922e-02;4.686205e-02;1.106412e-02;5.886307e-02;1.022832e-02;1.527125e-02;3.432240e-02;7.252824e-03;6.910671e-03
3.905886e-02;9.857532e-02;6.709831e-01;3.930693e-02;3.391500e-02;1.690583e-02;2.705155e-02;5.537616e-03;2.973695e-02;2.300659e-02;8.003815e-03;7.918414e-03
1.060516e-01;1.746225e-01;5.221994e-01;2.761720e-02;1.750416e-02;3.046514e-02;1.775913e-02;1.269876e-02;6.050757e-02;8.376818e-03;8.991461e-03;1.320630e-02
2.334933e-01;1.918522e-01;3.082817e-01;1.878139e-02;2.085110e-02;2.746684e-02;3.261837e-02;4.435928e-02;7.239192e-02;7.374221e-03;1.941667e-02;2.311308e-02
3.280375e-01;1.383448e-01;1.798415e-01;1.278574e-02;2.915858e-02;1.468128e-02;6.253732e-02;8.391381e-02;5.181761e-02;1.628039e-02;3.055929e-02;5.204222e-02
3.037024e-01;6.556486e-02;1.255853e-01;1.730615e-02;2.697293e-02;2.708455e-02;1.196452e-01;8.538155e-02;3.556889e-02;3.124620e-02;6.375374e-02;9.818824e-02
1.730739e-01;4.247806e-02;1.122668e-01;1.990230e-02;2.292829e-02;7.816296e-02;1.608882e-01;5.444371e-02;3.686059e-02;6.192655e-02;1.284198e-01;1.086488e-01
7.078788e-02;4.218840e-02;1.206620e-01;4.375112e-02;6.357690e-02;1.388350e-01;1.124590e-01;3.616486e-02;5.829233e-02;9.410845e-02;1.470097e-01;7.216428e-02
5.782016e-02;6.605772e-02;1.344933e-01;5.041450e-02;1.150756e-01;1.249298e-01;5.901212e-02;4.034355e-02;6.021060e-02;1.128692e-01;1.333533e-01;4.542010e-02
2.339457e-02;5.412751e-02;9.982369e-02;4.172120e-02;1.664661e-01;9.943897e-02;7.044628e-02;4.402306e-02;5.126963e-02;1.834935e-01;1.382350e-01;2.756051e-02
3.036563e-02;3.047880e-02;6.091819e-02;5.291852e-02;2.154092e-01;6.476114e-02;7.070173e-02;2.737732e-02;5.683424e-02;2.420897e-01;1.253320e-01;2.281352e-02
4.457455e-02;4.132262e-02;2.734931e-02;5.350075e-02;2.386775e-01;3.361843e-02;6.353811e-02;3.274494e-02;5.290962e-02;2.634420e-01;1.209107e-01;2.741150e-02
2.612622e-02;4.567497e-02;5.234992e-02;8.077596e-02;2.023137e-01;6.390412e-02;5.978772e-02;3.817023e-02;6.209343e-02;2.157048e-01;1.250231e-01;2.807578e-02
1.611273e-02;6.297888e-02;7.539574e-02;6.282904e-02;1.564078e-01;1.103453e-01;5.678423e-02;2.491819e-02;6.097393e-02;1.859061e-01;1.550559e-01;3.229207e-02
3.662794e-02;8.298644e-02;9.187041e-02;3.853456e-02;1.125842e-01;1.195631e-01;6.865674e-02;3.183225e-02;4.891336e-02;1.634916e-01;1.743003e-01;3.063913e-02
7.199860e-02;1.007028e-01;9.818672e-02;3.694904e-02;1.009874e-01;1.030392e-01;1.185040e-01;3.835753e-02;3.427593e-02;1.357688e-01;1.437283e-01;1.750183e-02
7.666885e-02;1.053774e-01;1.302051e-01;3.793017e-02;1.053300e-01;9.894410e-02;1.154529e-01;3.909902e-02;2.790743e-02;1.303273e-01;1.155628e-01;1.719494e-02
9.347480e-02;8.857817e-02;1.687787e-01;2.851280e-02;1.024651e-01;7.506620e-02;9.197499e-02;2.535308e-02;3.959349e-02;1.463888e-01;1.136567e-01;2.615709e-02
7.580224e-02;3.837764e-02;1.764613e-01;4.172308e-02;8.556055e-02;3.871643e-02;1.438293e-01;4.525898e-02;6.291255e-02;1.525000e-01;1.032647e-01;3.559326e-02
5.869485e-02;6.144457e-02;1.863909e-01;5.302298e-02;6.289241e-02;4.321827e-02;1.294350e-01;6.326917e-02;7.470262e-02;1.285630e-01;9.520647e-02;4.315967e-02
7.313684e-02;4.940105e-02;1.706682e-01;3.270578e-02;5.663840e-02;5.639564e-02;1.001285e-01;6.361392e-02;7.156582e-02;1.578202e-01;1.186077e-01;4.931802e-02
6.301483e-02;3.211479e-02;1.164231e-01;2.692368e-02;5.942729e-02;4.772254e-02;8.502955e-02;5.233917e-02;6.563023e-02;2.435656e-01;1.657032e-01;4.210602e-02
5.637858e-02;2.701465e-02;9.734114e-02;3.398931e-02;5.738605e-02;3.597093e-02;1.143063e-01;4.152171e-02;6.153220e-02;2.728675e-01;1.664845e-01;3.520708e-02
3.886021e-02;3.343420e-02;1.193092e-01;2.000153e-02;6.181634e-02;4.192774e-02;9.696185e-02;3.077334e-02;7.066312e-02;2.819757e-01;1.809918e-01;2.328494e-02
4.542505e-02;5.662004e-02;1.384813e-01;1.293204e-02;7.901482e-02;4.673282e-02;6.700809e-02;3.590904e-02;5.353351e-02;2.478792e-01;1.914840e-01;2.498015e-02
4.049525e-02;6.459522e-02;1.096258e-01;2.549749e-02;8.936597e-02;7.955015e-02;5.832966e-02;4.689049e-02;5.886870e-02;2.132050e-01;1.861475e-01;2.742868e-02
4.011880e-02;5.191502e-02;8.233314e-02;2.899608e-02;8.500082e-02;1.022362e-01;7.986747e-02;4.230911e-02;5.345049e-02;2.158536e-01;1.849534e-01;3.296589e-02
3.218362e-02;3.258087e-02;9.600562e-02;3.746082e-02;7.458709e-02;1.136953e-01;6.980395e-02;4.572625e-02;4.454961e-02;2.181505e-01;1.928675e-01;4.238874e-02
4.502380e-02;4.328366e-02;6.526415e-02;4.813216e-02;5.074580e-02;1.136578e-01;6.896400e-02;4.368852e-02;5.310722e-02;2.012721e-01;2.190718e-01;4.778900e-02
6.669425e-02;3.860812e-02;6.748829e-02;3.759506e-02;4.274283e-02;9.604451e-02;6.376902e-02;4.072763e-02;6.731717e-02;1.978517e-01;2.327372e-01;4.842421e-02
4.868985e-02;3.884598e-02;1.124564e-01;2.825435e-02;5.403616e-02;6.678011e-02;7.450365e-02;4.333781e-02;6.735390e-02;2.015962e-01;2.112361e-01;5.290946e-02
5.226558e-02;4.622376e-02;9.290689e-02;2.443663e-02;7.398400e-02;5.880382e-02;6.374109e-02;5.552782e-02;6.986771e-02;2.065864e-01;1.944743e-01;6.118196e-02
4.915835e-02;4.601191e-02;9.513909e-02;5.267163e-02;6.786585e-02;6.014842e-02;5.441146e-02;4.790427e-02;1.010621e-01;1.931016e-01;1.722960e-01;6.022942e-02
4.864605e-02;4.577770e-02;1.033245e-01;6.957757e-02;3.484712e-02;5.006388e-02;1.217544e-01;3.237924e-02;1.198313e-01;1.795673e-01;1.331150e-01;6.111591e-02
5.258454e-02;6.025302e-02;8.571496e-02;6.426875e-02;6.805553e-02;6.269614e-02;1.540416e-01;4.200088e-02;1.145922e-01;1.578508e-01;1.012811e-01;3.666050e-02
9.814566e-02;5.211701e-02;7.429854e-02;6.451710e-02;5.635366e-02;7.302411e-02;1.563632e-01;6.379496e-02;9.496146e-02;1.351655e-01;8.154871e-02;4.971009e-02
1.051879e-01;6.644471e-02;9.035293e-02;7.899228e-02;6.113309e-02;7.046103e-02;1.570261e-01;7.058395e-02;8.640652e-02;8.049208e-02;8.246541e-02;5.045408e-02
1.069547e-01;7.567601e-02;1.229510e-01;7.445613e-02;8.596480e-02;5.227022e-02;1.665407e-01;8.377265e-02;5.457230e-02;5.482550e-02;7.061391e-02;5.140220e-02
6.867542e-02;5.728509e-02;9.567886e-02;4.642379e-02;8.942592e-02;6.024927e-02;1.562506e-01;9.414975e-02;8.683369e-02;8.063547e-02;9.606786e-02;6.832426e-02
3.271568e-02;2.766654e-02;1.039284e-01;6.179602e-02;7.119818e-02;5.814993e-02;1.451082e-01;9.099827e-02;1.392240e-01;1.097031e-01;8.670218e-02;7.280944e-02
7.231454e-02;4.707586e-02;1.115217e-01;7.059823e-02;8.713156e-02;6.213272e-02;1.455661e-01;5.035895e-02;1.266758e-01;1.029097e-01;5.978911e-02;6.392577e-02
