1.217391e-01;3.679629e-02;1.234893e-01;6.162629e-02;1.022664e-01;6.112495e-02;1.195635e-01;8.117604e-02;7.433173e-02;6.015981e-02;1.046433e-01;5.308338e-02
1.059280e-01;4.200869e-02;1.518577e-01;8.022521e-02;9.114261e-02;6.369527e-02;1.067372e-01;6.260587e-02;6.766356e-02;8.348224e-02;1.059196e-01;3.873401e-02
6.255536e-02;5.459708e-02;1.991240e-01;7.401868e-02;9.564596e-02;6.871333e-02;9.236541e-02;4.932053e-02;7.370380e-02;1.034802e-01;9.353893e-02;3.293671e-02
5.688584e-02;6.068522e-02;2.033005e-01;6.597640e-02;8.165132e-02;6.892688e-02;1.032068e-01;4.536474e-02;1.024799e-01;9.710163e-02;8.085912e-02;3.356163e-02
7.663346e-02;6.059010e-02;1.410196e-01;7.516614e-02;7.015458e-02;8.892494e-02;9.414483e-02;6.197373e-02;1.274652e-01;7.099161e-02;8.336736e-02;4.956845e-02
9.809244e-02;5.313835e-02;1.072273e-01;8.800788e-02;1.087537e-01;9.532389e-02;1.040399e-01;4.965473e-02;8.797668e-02;6.573706e-02;8.036862e-02;6.167948e-02
8.022954e-02;6.266018e-02;1.217299e-01;9.865206e-02;1.374011e-01;9.435493e-02;1.211676e-01;4.653828e-02;7.342830e-02;5.596787e-02;6.264730e-02;4.522297e-02
5.469307e-02;7.635850e-02;1.129261e-01;5.729371e-02;1.024512e-01;9.950323e-02;1.140249e-01;1.105273e-01;9.507870e-02;7.758931e-02;4.958528e-02;4.996878e-02
1.066187e-01;5.243834e-02;1.062617e-01;4.668083e-02;5.909882e-02;7.865674e-02;1.300337e-01;9.561382e-02;1.159423e-01;8.619733e-02;3.367099e-02;8.878673e-02
1.326810e-01;4.818524e-02;9.186164e-02;5.037388e-02;5.521505e-02;7.834145e-02;1.523335e-01;5.597673e-02;9.566758e-02;8.447255e-02;5.512736e-02;9.976402e-02
1.235101e-01;2.941378e-02;1.160290e-01;5.709121e-02;7.244577e-02;6.283410e-02;1.097063e-01;6.686739e-02;7.906913e-02;9.695597e-02;9.626563e-02;8.981168e-02
1.087976e-01;5.120048e-02;9.515230e-02;6.114828e-02;5.748653e-02;4.413095e-02;1.153498e-01;6.610394e-02;8.652835e-02;8.121029e-02;9.968672e-02;1.332047e-01
1.237912e-01;7.362443e-02;9.136129e-02;5.134676e-02;4.807999e-02;3.549868e-02;9.162749e-02;8.019440e-02;9.945989e-02;6.742990e-02;1.031393e-01;1.344466e-01
1.784017e-01;7.642704e-02;7.438348e-02;3.569953e-02;5.529767e-02;2.988982e-02;6.316455e-02;1.294304e-01;9.084971e-02;5.543952e-02;1.068942e-01;1.041224e-01
2.620368e-01;6.687921e-02;4.836758e-02;1.424362e-02;6.574520e-02;2.109623e-02;5.514212e-02;1.759481e-01;6.384100e-02;3.759957e-02;1.152092e-01;7.389139e-02
1.750118e-01;5.863908e-02;5.295372e-02;4.413242e-02;5.008448e-02;2.395428e-02;8.210599e-02;1.373741e-01;8.193880e-02;9.847532e-02;1.302038e-01;6.512613e-02
8.685251e-02;5.925735e-02;6.250148e-02;5.490686e-02;3.377751e-02;4.349237e-02;1.222059e-01;1.181961e-01;1.567573e-01;1.155793e-01;1.017529e-01;4.472053e-02
4.467989e-02;6.010674e-02;7.324406e-02;6.368997e-02;5.044005e-02;4.989031e-02;1.685286e-01;1.144358e-01;1.731007e-01;8.724240e-02;8.457416e-02;3.006731e-02
5.886593e-02;5.310461e-02;1.270253e-01;7.012344e-02;5.076612e-02;6.998813e-02;1.934548e-01;9.222020e-02;1.357623e-01;4.968043e-02;6.215374e-02;3.685498e-02
7.561630e-02;7.956624e-02;1.385504e-01;4.571844e-02;5.830030e-02;8.111492e-02;1.837120e-01;8.310232e-02;6.472801e-02;6.403563e-02;7.315663e-02;5.239878e-02
6.646748e-02;4.054874e-02;1.016594e-01;5.643797e-02;4.007220e-02;7.253102e-02;2.561414e-01;6.189355e-02;7.527894e-02;6.566956e-02;8.798028e-02;7.531953e-02
6.739261e-02;4.263767e-02;9.467680e-02;5.554050e-02;3.876302e-02;7.359261e-02;2.885547e-01;3.034206e-02;5.797898e-02;6.285908e-02;1.078889e-01;7.977309e-02
9.612981e-02;7.080831e-02;1.692828e-01;2.767009e-02;6.450623e-02;6.176276e-02;1.897418e-01;6.000086e-02;6.125011e-02;6.781533e-02;8.426274e-02;4.676908e-02
6.924982e-02;7.118696e-02;1.756116e-01;4.572550e-02;5.017942e-02;6.812823e-02;1.646586e-01;7.789759e-02;6.284469e-02;9.447896e-02;8.449991e-02;3.553869e-02
5.630586e-02;6.481533e-02;1.734530e-01;5.642267e-02;5.112413e-02;7.179891e-02;1.444537e-01;8.993472e-02;5.857152e-02;9.672990e-02;9.242584e-02;4.396442e-02
3.997308e-02;7.010668e-02;1.611494e-01;6.406774e-02;7.870643e-02;8.113991e-02;1.047443e-01;1.020498e-01;7.057211e-02;8.643348e-02;9.853724e-02;4.251986e-02
1.134090e-01;9.015302e-02;1.090550e-01;4.542343e-02;8.098785e-02;7.317537e-02;8.943277e-02;9.270544e-02;1.141428e-01;8.377340e-02;8.043645e-02;2.730551e-02
2.370723e-01;1.473318e-01;4.090121e-02;2.589512e-02;6.275114e-02;4.681330e-02;1.187809e-01;5.726829e-02;1.061025e-01;6.573464e-02;5.302742e-02;3.832142e-02
2.996503e-01;2.006329e-01;1.433078e-01;1.934921e-02;3.164782e-02;2.865561e-02;5.742257e-02;3.546050e-02;8.822633e-02;3.195988e-02;3.073760e-02;3.294954e-02
3.028101e-01;1.877785e-01;1.917410e-01;1.776336e-02;2.638040e-02;3.146404e-02;1.773033e-02;4.315050e-02;8.877309e-02;2.874920e-02;3.068669e-02;3.297280e-02
2.954233e-01;1.270031e-01;1.858178e-01;1.945160e-02;3.810967e-02;2.696181e-02;4.464159e-02;6.525696e-02;6.476907e-02;3.377990e-02;4.543612e-02;5.334907e-02
2.041706e-01;6.811541e-02;1.519635e-01;3.809708e-02;3.330044e-02;3.383957e-02;1.192737e-01;9.880066e-02;4.109530e-02;5.599023e-02;6.144461e-02;9.390894e-02
1.620490e-01;1.366457e-01;1.859942e-01;3.008167e-02;4.838635e-02;3.763210e-02;1.089410e-01;1.012984e-01;6.691831e-02;3.484207e-02;4.804590e-02;3.916537e-02
1.682612e-01;1.707177e-01;2.175498e-01;3.095931e-02;4.634733e-02;2.276870e-02;5.249080e-02;1.051505e-01;9.757723e-02;2.689399e-02;4.058945e-02;2.069394e-02
1.789221e-01;1.535465e-01;1.766741e-01;2.884415e-02;5.088072e-02;1.902099e-02;5.410299e-02;1.380634e-01;1.037946e-01;2.802573e-02;4.579120e-02;2.233360e-02
2.069346e-01;1.083328e-01;1.057774e-01;1.898977e-02;4.969946e-02;1.371078e-02;7.546233e-02;2.543641e-01;7.913359e-02;2.233197e-02;3.668160e-02;2.858156e-02
2.182787e-01;4.756010e-02;4.854124e-02;1.050412e-02;4.373806e-02;1.040067e-02;9.970681e-02;4.088444e-01;3.953229e-02;2.261989e-02;1.775176e-02;3.252193e-02
1.872462e-01;2.091338e-02;2.232886e-02;1.177825e-02;3.440154e-02;1.130226e-02;1.335115e-01;4.482771e-01;4.637446e-02;3.623435e-02;1.016346e-02;3.746856e-02
1.539485e-01;1.245905e-02;1.414546e-02;2.121782e-02;2.412327e-02;1.391962e-02;2.031469e-01;3.978397e-01;4.218730e-02;5.580163e-02;9.888494e-03;5.132224e-02
1.252925e-01;5.573289e-03;1.296639e-02;3.284344e-02;1.096849e-02;1.603043e-02;2.880512e-01;3.280894e-01;3.132027e-02;7.591341e-02;8.204136e-03;6.474705e-02
1.059335e-01;6.661741e-03;9.996155e-03;4.002393e-02;6.233016e-03;2.041968e-02;3.543743e-01;2.641706e-01;3.076302e-02;8.402807e-02;6.859275e-03;7.053673e-02
9.704006e-02;8.187236e-03;1.053249e-02;4.169770e-02;8.052675e-03;3.321128e-02;3.774610e-01;2.339143e-01;3.196550e-02;8.261842e-02;1.091790e-02;6.440157e-02
1.153721e-01;1.151191e-02;2.188443e-02;3.616092e-02;2.206841e-02;4.571100e-02;3.059686e-01;2.431841e-01;5.705445e-02;7.669909e-02;1.412778e-02;5.025717e-02
1.503167e-01;3.490182e-02;6.051425e-02;3.218213e-02;4.069803e-02;4.690206e-02;1.853590e-01;2.398380e-01;5.745244e-02;7.207873e-02;2.973549e-02;5.002133e-02
1.166535e-01;5.596465e-02;1.018418e-01;4.051087e-02;5.424420e-02;4.904337e-02;1.611736e-01;1.826560e-01;4.532460e-02;8.233617e-02;4.790308e-02;6.234814e-02
7.639392e-02;5.527040e-02;1.664384e-01;3.792152e-02;4.044336e-02;4.936428e-02;1.816052e-01;9.111966e-02;5.940346e-02;1.140169e-01;5.799417e-02;7.002877e-02
1.543540e-01;2.926124e-02;8.700608e-02;4.290114e-02;1.134188e-02;2.448149e-02;2.160522e-01;4.759481e-02;1.914980e-02;1.571842e-01;6.827356e-02;1.423997e-01
1.453740e-01;2.134945e-02;5.466781e-02;6.540583e-02;1.486774e-02;1.759534e-02;2.121942e-01;4.363217e-02;2.964828e-02;1.463186e-01;7.401225e-02;1.749344e-01
1.761367e-01;3.198772e-02;7.127267e-02;6.629337e-02;1.320413e-02;2.765504e-02;1.493721e-01;2.635240e-02;5.147579e-02;1.675452e-01;6.740943e-02;1.512955e-01
2.332420e-01;3.420303e-02;1.290343e-01;3.604539e-02;3.304113e-02;4.679749e-02;9.011786e-02;4.448526e-02;8.272569e-02;1.201442e-01;5.261779e-02;9.754592e-02
2.196309e-01;8.769368e-02;1.632186e-01;5.370124e-02;5.247626e-02;4.515497e-02;7.594749e-02;7.910211e-02;7.754215e-02;4.759450e-02;4.489824e-02;5.303987e-02
2.391528e-01;1.045790e-01;1.402559e-01;4.817624e-02;7.351168e-02;3.831783e-02;8.319952e-02;1.073164e-01;5.635695e-02;2.662065e-02;3.667433e-02;4.583879e-02
3.223331e-01;1.026527e-01;8.549482e-02;1.992165e-02;1.284867e-01;2.927094e-02;5.509295e-02;1.475403e-01;2.997428e-02;1.954972e-02;2.648606e-02;3.319686e-02
3.835543e-01;8.708819e-02;6.169279e-02;1.057244e-02;1.878588e-01;1.448295e-02;2.029060e-02;1.745003e-01;1.207672e-02;7.568374e-03;1.250908e-02;2.780548e-02
3.706487e-01;8.543001e-02;6.098073e-02;8.319045e-03;2.282788e-01;6.701620e-03;9.719830e-03;1.780705e-01;1.403881e-02;3.994858e-03;1.370365e-02;2.011345e-02
3.401566e-01;8.612580e-02;5.769934e-02;4.824603e-03;2.344933e-01;8.571872e-03;1.346120e-02;1.959414e-01;2.198348e-02;4.385256e-03;1.585777e-02;1.649939e-02
3.136673e-01;7.713874e-02;5.620705e-02;6.274519e-03;2.100367e-01;9.614312e-03;2.541574e-02;2.385650e-01;1.694156e-02;5.762300e-03;2.011062e-02;2.026610e-02
2.905638e-01;6.728448e-02;5.636168e-02;4.983022e-03;1.648983e-01;8.267846e-03;3.525899e-02;2.961380e-01;2.909705e-02;6.446149e-03;2.040882e-02;2.029191e-02
2.685127e-01;5.498975e-02;5.288816e-02;5.484766e-03;1.134580e-01;8.363168e-03;5.554213e-02;3.482232e-01;3.943988e-02;8.246990e-03;2.235439e-02;2.249690e-02
2.621658e-01;4.092339e-02;4.891543e-02;8.399362e-03;7.819961e-02;7.799293e-03;7.004529e-02;3.693191e-01;2.696532e-02;1.393728e-02;4.838198e-02;2.494813e-02
2.664439e-01;4.410287e-02;5.199165e-02;9.524750e-03;7.249423e-02;1.535060e-02;6.741305e-02;3.359052e-01;2.636452e-02;1.302529e-02;7.308271e-02;2.430118e-02
2.952307e-01;5.956353e-02;6.260142e-02;6.179709e-03;8.900746e-02;1.218663e-02;4.844664e-02;2.957602e-01;2.809265e-02;9.172310e-03;7.186776e-02;2.189093e-02
3.282752e-01;8.673019e-02;6.136545e-02;5.785609e-03;9.284098e-02;1.428084e-02;5.999118e-02;2.291074e-01;3.211345e-02;1.458784e-02;5.229770e-02;2.262418e-02
3.036400e-01;1.419948e-01;8.270396e-02;1.704970e-02;5.890382e-02;3.455817e-02;7.802156e-02;1.218066e-01;8.000597e-02;2.994552e-02;3.151333e-02;1.985667e-02
2.504227e-01;2.013516e-01;1.262175e-01;3.022316e-02;1.939653e-02;6.912933e-02;6.194131e-02;5.119260e-02;1.261195e-01;3.133849e-02;1.568167e-02;1.698562e-02
1.969233e-01;2.259708e-01;1.912329e-01;2.992461e-02;1.246936e-02;8.580343e-02;3.987902e-02;5.102795e-02;1.172814e-01;2.371246e-02;7.517040e-03;1.825760e-02
1.552075e-01;2.292630e-01;2.798126e-01;2.151086e-02;1.690048e-02;6.522091e-02;3.941708e-02;7.125711e-02;6.752304e-02;2.997086e-02;7.762833e-03;1.615368e-02
1.671056e-01;2.134146e-01;3.175668e-01;2.617987e-02;2.187359e-02;5.067860e-02;4.246465e-02;5.885792e-02;4.314537e-02;2.518146e-02;1.528369e-02;1.824783e-02
1.809238e-01;1.457710e-01;2.445755e-01;3.657870e-02;4.460292e-02;5.629790e-02;8.939995e-02;4.627157e-02;4.705318e-02;3.606552e-02;3.760920e-02;3.485078e-02
1.256717e-01;5.488187e-02;1.099391e-01;3.693765e-02;8.420236e-02;7.819614e-02;1.974515e-01;6.367099e-02;6.619627e-02;6.662582e-02;6.594407e-02;5.028259e-02
5.355824e-02;5.376117e-02;2.029198e-01;4.836282e-02;6.271863e-02;6.952570e-02;1.969399e-01;5.117436e-02;7.928701e-02;5.754677e-02;6.967148e-02;5.453400e-02
1.021424e-01;1.063737e-01;1.194804e-01;5.714394e-02;6.869579e-02;5.947296e-02;1.199413e-01;6.836270e-02;1.229448e-01;5.722124e-02;6.759960e-02;5.062120e-02
1.212436e-01;1.056641e-01;1.016866e-01;3.865409e-02;6.412114e-02;1.062649e-01;1.085590e-01;9.065057e-02;9.943806e-02;7.551699e-02;4.017395e-02;4.802689e-02
1.005888e-01;8.522706e-02;1.339968e-01;4.424023e-02;7.394759e-02;1.029874e-01;1.241264e-01;9.472283e-02;8.015656e-02;6.361579e-02;5.224354e-02;4.414706e-02
4.993223e-02;7.671768e-02;1.680481e-01;4.803555e-02;7.517906e-02;9.545412e-02;1.238874e-01;1.077290e-01;1.039150e-01;5.633074e-02;5.596880e-02;3.880226e-02
1.197212e-01;5.330195e-02;9.506574e-02;4.106742e-02;6.838218e-02;7.494231e-02;1.172030e-01;1.081034e-01;9.144129e-02;5.919277e-02;7.277220e-02;9.880658e-02
1.162438e-01;6.961081e-02;7.393857e-02;3.914983e-02;6.562140e-02;7.485642e-02;1.334860e-01;1.161593e-01;7.585318e-02;5.850205e-02;7.976323e-02;9.681531e-02
1.093981e-01;6.796808e-02;7.032140e-02;4.594586e-02;6.139855e-02;7.895678e-02;1.445294e-01;1.214713e-01;6.557761e-02;6.990062e-02;7.629815e-02;8.823420e-02
1.216635e-01;4.670787e-02;5.343326e-02;5.960390e-02;6.145906e-02;8.053434e-02;1.714289e-01;1.294473e-01;6.700339e-02;9.760484e-02;5.630154e-02;5.481202e-02
1.008246e-01;8.386871e-02;1.256271e-01;6.193750e-02;7.517222e-02;6.664677e-02;1.714099e-01;7.641533e-02;7.826063e-02;8.572386e-02;4.311254e-02;3.100085e-02
8.454545e-02;8.963317e-02;1.741884e-01;5.813117e-02;6.853368e-02;8.011224e-02;1.499904e-01;4.999138e-02;5.979604e-02;9.403981e-02;5.582607e-02;3.521224e-02
6.901357e-02;7.430512e-02;2.476875e-01;4.441319e-02;5.981079e-02;7.401632e-02;1.158476e-01;6.372708e-02;7.479687e-02;9.127504e-02;5.709562e-02;2.801125e-02
1.286545e-01;5.706553e-02;3.875480e-01;3.211525e-02;4.290665e-02;2.728909e-02;9.976555e-02;5.634107e-02;5.997097e-02;5.694319e-02;2.457303e-02;2.682724e-02
1.508734e-01;9.234987e-02;4.505426e-01;3.567114e-02;3.542539e-02;2.018197e-02;6.472344e-02;2.983563e-02;3.747914e-02;3.152745e-02;2.203693e-02;2.935298e-02
1.927077e-01;1.020111e-01;3.986306e-01;2.744099e-02;3.643079e-02;2.405251e-02;5.189374e-02;3.803938e-02;4.458069e-02;3.107094e-02;2.201129e-02;3.113027e-02
2.655731e-01;1.032511e-01;2.952654e-01;1.752135e-02;3.246281e-02;2.306452e-02;4.846144e-02;5.054918e-02;5.196646e-02;3.537051e-02;3.235692e-02;4.415716e-02
2.905024e-01;9.749947e-02;2.035552e-01;1.965016e-02;2.877241e-02;1.952621e-02;7.732097e-02;4.405535e-02;5.636888e-02;5.748893e-02;5.312608e-02;5.213391e-02
2.492367e-01;1.036871e-01;1.023384e-01;2.301683e-02;2.270643e-02;2.565663e-02;1.550735e-01;4.291607e-02;5.844364e-02;1.048827e-01;6.255578e-02;4.948629e-02
1.861157e-01;8.456545e-02;1.032441e-01;2.034604e-02;3.375971e-02;4.042673e-02;1.997883e-01;3.583820e-02;5.860265e-02;1.261362e-01;6.393287e-02;4.724393e-02
1.082218e-01;7.352480e-02;1.446830e-01;2.767228e-02;5.563199e-02;9.876493e-02;1.501636e-01;5.394945e-02;6.583829e-02;1.284338e-01;4.641180e-02;4.670422e-02
7.000635e-02;9.302791e-02;1.203160e-01;3.537803e-02;5.433502e-02;1.475824e-01;1.044030e-01;7.800977e-02;4.685610e-02;1.300216e-01;4.262083e-02;7.744295e-02
4.828453e-02;9.285839e-02;1.121070e-01;3.581737e-02;6.473684e-02;1.166728e-01;1.026542e-01;8.653967e-02;6.784019e-02;1.163043e-01;6.126460e-02;9.492015e-02
9.513408e-02;8.649200e-02;1.524643e-01;3.864591e-02;1.022979e-01;5.803838e-02;1.121548e-01;7.945041e-02;6.355360e-02;8.010310e-02;5.028370e-02;8.138181e-02
9.807634e-02;6.401737e-02;1.579058e-01;7.308576e-02;1.029420e-01;9.053069e-02;1.389961e-01;5.374563e-02;5.131142e-02;7.604639e-02;2.790516e-02;6.543729e-02
9.180970e-02;3.651718e-02;1.263341e-01;7.703128e-02;5.983271e-02;1.170311e-01;1.720473e-01;4.454696e-02;7.429533e-02;7.789043e-02;5.418637e-02;6.847763e-02
8.390544e-02;4.883577e-02;1.254025e-01;6.509510e-02;6.705853e-02;7.743014e-02;1.707262e-01;7.107622e-02;7.063565e-02;6.022781e-02;1.071768e-01;5.242984e-02
8.797410e-02;7.182339e-02;9.678717e-02;6.199261e-02;6.979449e-02;5.849730e-02;1.307790e-01;8.140259e-02;5.530775e-02;1.102476e-01;1.312258e-01;4.416825e-02
7.495750e-02;9.753537e-02;7.323180e-02;6.278843e-02;5.514478e-02;6.415604e-02;1.271412e-01;6.833943e-02;6.288015e-02;1.355684e-01;1.118442e-01;6.641260e-02
9.450256e-02;9.347817e-02;1.094770e-01;4.582976e-02;8.699340e-02;7.515494e-02;1.558182e-01;3.577011e-02;6.756181e-02;8.678768e-02;7.185304e-02;7.677340e-02
1.098787e-01;8.017933e-02;1.318463e-01;5.069581e-02;1.570091e-01;1.040750e-01;8.972874e-02;3.676753e-02;7.589763e-02;4.814240e-02;4.973036e-02;6.604916e-02
6.187458e-02;4.833229e-02;2.734771e-01;7.615347e-02;1.696640e-01;9.182189e-02;5.023121e-02;4.178349e-02;5.095683e-02;3.906691e-02;3.703892e-02;5.959927e-02
4.757791e-02;4.282801e-02;4.778530e-01;8.632851e-02;1.552856e-01;6.427243e-02;2.344707e-02;3.204645e-02;1.416855e-02;1.712179e-02;1.798504e-02;2.108574e-02
4.535938e-02;5.465616e-02;5.336716e-01;6.343919e-02;1.089571e-01;4.554444e-02;5.237575e-02;1.589924e-02;1.160011e-02;2.178678e-02;2.830079e-02;1.840938e-02
5.525739e-02;6.802903e-02;5.237928e-01;4.236251e-02;8.230380e-02;3.858680e-02;7.338275e-02;1.736415e-02;1.459958e-02;2.924557e-02;3.584938e-02;1.922620e-02
6.668434e-02;8.102950e-02;4.839173e-01;3.450917e-02;6.367589e-02;3.810659e-02;9.149630e-02;2.240416e-02;1.723378e-02;3.719346e-02;4.535058e-02;1.839891e-02
7.306918e-02;8.068638e-02;3.764254e-01;3.132001e-02;5.231994e-02;3.277112e-02;1.232044e-01;5.416444e-02;2.940450e-02;5.281556e-02;6.489599e-02;2.892308e-02
5.420541e-02;5.188104e-02;3.553752e-01;3.433642e-02;4.344762e-02;4.690497e-02;1.222847e-01;9.480606e-02;3.740694e-02;5.791268e-02;7.086482e-02;3.057412e-02
7.908687e-02;7.137537e-02;1.252731e-01;7.838039e-02;8.034849e-02;6.111868e-02;1.317998e-01;8.585239e-02;9.210433e-02;8.669801e-02;6.101853e-02;4.694401e-02
7.779399e-02;6.773016e-02;9.854818e-02;6.906469e-02;8.031052e-02;6.851814e-02;1.400288e-01;1.019474e-01;9.547061e-02;8.027785e-02;5.836594e-02;6.194373e-02
7.611912e-02;6.040536e-02;1.024300e-01;6.444483e-02;8.030311e-02;6.303412e-02;1.546784e-01;1.103192e-01;8.668967e-02;7.423207e-02;5.706166e-02;7.028241e-02
7.488090e-02;3.892102e-02;9.525103e-02;5.213090e-02;8.143123e-02;6.138920e-02;1.959701e-01;1.181739e-01;6.551857e-02;8.721722e-02;5.385599e-02;7.525987e-02
6.374406e-02;5.787779e-02;1.393162e-01;5.406686e-02;6.798046e-02;5.745891e-02;1.684341e-01;7.905189e-02;8.554766e-02;1.540802e-01;2.481217e-02;4.762974e-02
6.158838e-02;6.280730e-02;1.791642e-01;4.864059e-02;5.289892e-02;4.823927e-02;1.169070e-01;8.473058e-02;1.103574e-01;1.639486e-01;2.742802e-02;4.328977e-02
4.488250e-02;5.402201e-02;2.880767e-01;3.583863e-02;7.178041e-02;6.233362e-02;1.161897e-01;7.758481e-02;9.269782e-02;1.025005e-01;2.272314e-02;3.137015e-02
6.433470e-02;8.014776e-02;3.900174e-01;4.106530e-02;6.288015e-02;6.203420e-02;1.323529e-01;3.066525e-02;4.993811e-02;4.193699e-02;2.697189e-02;1.765536e-02
1.249230e-01;1.273852e-01;3.586768e-01;3.391541e-02;5.135363e-02;4.766908e-02;1.190516e-01;2.325388e-02;4.159499e-02;2.793739e-02;2.598825e-02;1.825082e-02
2.191651e-01;1.637185e-01;2.986256e-01;2.145453e-02;4.648270e-02;2.941372e-02;8.754019e-02;3.949614e-02;3.868148e-02;1.692266e-02;2.146598e-02;1.703339e-02
3.156891e-01;1.563966e-01;2.270855e-01;2.087669e-02;4.802105e-02;2.358545e-02;5.674090e-02;4.860456e-02;3.074762e-02;1.979122e-02;2.049944e-02;3.196192e-02
4.163082e-01;1.198256e-01;1.303291e-01;2.870463e-02;3.970950e-02;3.051318e-02;3.878928e-02;6.395082e-02;2.708429e-02;3.215259e-02;2.136964e-02;5.126317e-02
4.159835e-01;5.629106e-02;1.380404e-01;2.270840e-02;7.588136e-02;2.345798e-02;4.296624e-02;9.270423e-02;1.054066e-02;2.997648e-02;3.983915e-02;5.161060e-02
3.102950e-01;1.162483e-01;1.592486e-01;1.563259e-02;8.840602e-02;1.599517e-02;3.804125e-02;9.721725e-02;4.196741e-02;1.308763e-02;7.402384e-02;2.983689e-02
2.232859e-01;1.793474e-01;1.592722e-01;8.509057e-03;5.530262e-02;2.718067e-02;6.637137e-02;7.597903e-02;8.785002e-02;1.711759e-02;7.967532e-02;2.010881e-02
1.807519e-01;1.991477e-01;1.602463e-01;1.114859e-02;3.124588e-02;3.115503e-02;7.600790e-02;6.635752e-02;1.181110e-01;2.460353e-02;8.095357e-02;2.027113e-02
2.038374e-01;1.908944e-01;1.292283e-01;1.120993e-02;3.645049e-02;2.296763e-02;7.657144e-02;8.420413e-02;1.124708e-01;2.457542e-02;9.115978e-02;1.643026e-02
2.646771e-01;1.583704e-01;9.180454e-02;1.074111e-02;5.721958e-02;1.077099e-02;6.152630e-02;1.301252e-01;8.309284e-02;1.503199e-02;9.636754e-02;2.027240e-02
3.260392e-01;1.103331e-01;7.819862e-02;7.252224e-03;7.509321e-02;6.450613e-03;3.749480e-02;1.970693e-01;5.141636e-02;7.819969e-03;8.354787e-02;1.928473e-02
3.569778e-01;7.947747e-02;9.382761e-02;5.732351e-03;7.955232e-02;9.911219e-03;2.634968e-02;2.345495e-01;3.263132e-02;4.279567e-03;5.578319e-02;2.092797e-02
3.503104e-01;7.822192e-02;1.075592e-01;7.229488e-03;7.788872e-02;1.139345e-02;2.962499e-02;2.255999e-01;3.353879e-02;7.854730e-03;4.450621e-02;2.627225e-02
3.259359e-01;8.156643e-02;1.242796e-01;9.077160e-03;6.999777e-02;1.302206e-02;4.178001e-02;1.906423e-01;4.413249e-02;1.283375e-02;4.804339e-02;3.868918e-02
2.985634e-01;7.920458e-02;1.116855e-01;1.598579e-02;5.723425e-02;1.434739e-02;7.887029e-02;1.568083e-01;5.033513e-02;2.847503e-02;5.195957e-02;5.653076e-02
2.089791e-01;6.521915e-02;7.773305e-02;2.552512e-02;5.475722e-02;3.100862e-02;1.281950e-01;1.183782e-01;6.071008e-02;5.726031e-02;8.920277e-02;8.303141e-02
1.683031e-01;5.407655e-02;1.153508e-01;3.339128e-02;7.220601e-02;4.764019e-02;1.095818e-01;1.001281e-01;5.521494e-02;6.632926e-02;1.173729e-01;6.040499e-02
1.768891e-01;9.413458e-02;1.569937e-01;3.383402e-02;6.912360e-02;7.231990e-02;6.548182e-02;6.808811e-02;6.634361e-02;6.153464e-02;8.912659e-02;4.613027e-02
1.113581e-01;1.155131e-01;1.743753e-01;4.855961e-02;4.220752e-02;7.964744e-02;1.029580e-01;1.058883e-01;5.321661e-02;4.563572e-02;6.625119e-02;5.438901e-02
9.915114e-02;9.633626e-02;1.386043e-01;7.028749e-02;3.560612e-02;8.610946e-02;1.104433e-01;1.482613e-01;5.892300e-02;3.938840e-02;6.046681e-02;5.642236e-02
1.025432e-01;8.329625e-02;1.049539e-01;4.844461e-02;3.963511e-02;1.030654e-01;1.219702e-01;1.547354e-01;9.515137e-02;4.764388e-02;5.986021e-02;3.870051e-02
1.050199e-01;1.031190e-01;1.295656e-01;3.488433e-02;3.916123e-02;9.746589e-02;1.398724e-01;9.722885e-02;6.915338e-02;6.654774e-02;7.949456e-02;3.848711e-02
6.255508e-02;6.785158e-02;1.941160e-01;6.722346e-02;7.335523e-02;8.018368e-02;1.522014e-01;5.921222e-02;8.125270e-02;5.045194e-02;5.712157e-02;5.447505e-02
9.461598e-02;7.271791e-02;1.588174e-01;6.327119e-02;6.922121e-02;8.363777e-02;1.528347e-01;8.473453e-02;8.906560e-02;4.312458e-02;4.025961e-02;4.769951e-02
1.260778e-01;8.898780e-02;1.187021e-01;5.145489e-02;6.495477e-02;7.862573e-02;1.332568e-01;1.049884e-01;1.130838e-01;3.426457e-02;4.869549e-02;3.690775e-02
1.683934e-01;1.141559e-01;1.103813e-01;3.184253e-02;5.759379e-02;5.335115e-02;8.996773e-02;1.019972e-01;1.387184e-01;3.148891e-02;7.541370e-02;2.669597e-02
2.468362e-01;1.184754e-01;7.887463e-02;1.235448e-02;5.676808e-02;2.008455e-02;5.713458e-02;1.226912e-01;1.227022e-01;2.766559e-02;1.067104e-01;2.970275e-02
3.263896e-01;8.631990e-02;7.791790e-02;9.709413e-03;6.383625e-02;1.495117e-02;4.271060e-02;1.531699e-01;6.922042e-02;2.037466e-02;9.665193e-02;3.874826e-02
3.796984e-01;7.391010e-02;9.994628e-02;7.598693e-03;6.257131e-02;1.359879e-02;4.548918e-02;1.470241e-01;3.921759e-02;1.602089e-02;6.353742e-02;5.138736e-02
3.616307e-01;5.100267e-02;1.061754e-01;1.730205e-02;4.934189e-02;1.893445e-02;8.339501e-02;1.052359e-01;3.163582e-02;3.651533e-02;4.553749e-02;9.329326e-02
2.564154e-01;2.960390e-02;7.356694e-02;3.325997e-02;2.014648e-02;1.563544e-02;1.514284e-01;7.245596e-02;3.538036e-02;7.508653e-02;6.457384e-02;1.724467e-01
1.483353e-01;3.823848e-02;4.806852e-02;2.833997e-02;2.681118e-02;3.470697e-02;1.940816e-01;6.347895e-02;3.065740e-02;7.794254e-02;1.092536e-01;2.000854e-01
9.776422e-02;2.364453e-02;5.052575e-02;2.410984e-02;3.229960e-02;6.656146e-02;1.927804e-01;7.584532e-02;3.584242e-02;8.146131e-02;1.621046e-01;1.570605e-01
4.583768e-02;3.403002e-02;6.091620e-02;3.378449e-02;5.009791e-02;8.180267e-02;1.385283e-01;8.408416e-02;9.454131e-02;1.121137e-01;1.717387e-01;9.252498e-02
3.469959e-02;3.578930e-02;8.559864e-02;4.256627e-02;4.812377e-02;8.134408e-02;9.764984e-02;6.900602e-02;1.142192e-01;1.195531e-01;1.848134e-01;8.663675e-02
7.659408e-02;3.186658e-02;1.162390e-01;5.822235e-02;6.967144e-02;6.504328e-02;7.610109e-02;4.789020e-02;7.609166e-02;1.395849e-01;1.590111e-01;8.368430e-02
1.461208e-01;6.678347e-02;1.725226e-01;5.636643e-02;4.709742e-02;3.303659e-02;1.159172e-01;4.342555e-02;4.377177e-02;1.022656e-01;8.774609e-02;8.494642e-02
1.907073e-01;8.103605e-02;1.687143e-01;4.443295e-02;5.391987e-02;3.286177e-02;1.561338e-01;4.339590e-02;4.038255e-02;8.366179e-02;5.208536e-02;5.266834e-02
2.037864e-01;7.834474e-02;1.049385e-01;4.403639e-02;6.884222e-02;3.754587e-02;2.074458e-01;5.389827e-02;4.693994e-02;8.313362e-02;3.644061e-02;3.464750e-02
1.876177e-01;5.987750e-02;8.218089e-02;5.002800e-02;6.661470e-02;4.451349e-02;2.553650e-01;5.983735e-02;6.035040e-02;7.512110e-02;2.782964e-02;3.066422e-02
1.908834e-01;4.668592e-02;6.338205e-02;4.993467e-02;5.626751e-02;4.920235e-02;2.807220e-01;6.723849e-02;7.815384e-02;5.899914e-02;2.280840e-02;3.572230e-02
1.986485e-01;4.875246e-02;6.780735e-02;6.176899e-02;5.229942e-02;4.505775e-02;2.663388e-01;7.110059e-02;9.796201e-02;4.374323e-02;1.471194e-02;3.180902e-02
1.810789e-01;4.566977e-02;6.633599e-02;8.888658e-02;6.262811e-02;5.993856e-02;2.214998e-01;7.784414e-02;8.982039e-02;5.854417e-02;1.418098e-02;3.357258e-02
1.872916e-01;4.279425e-02;5.952771e-02;1.007951e-01;6.365043e-02;6.572572e-02;2.075285e-01;8.203050e-02;7.603931e-02;6.568760e-02;1.654316e-02;3.238612e-02
1.971596e-01;5.344348e-02;5.586306e-02;8.012377e-02;6.028562e-02;7.688209e-02;2.247380e-01;6.952122e-02;8.709075e-02;4.936571e-02;1.333207e-02;3.219466e-02
1.929830e-01;4.668795e-02;8.126721e-02;7.388838e-02;7.936368e-02;9.247290e-02;2.040792e-01;6.553433e-02;7.423449e-02;3.675070e-02;1.529602e-02;3.744212e-02
1.719884e-01;6.046327e-02;1.357052e-01;1.003141e-01;1.123905e-01;8.216565e-02;1.364629e-01;6.857349e-02;4.547203e-02;2.820245e-02;2.580890e-02;3.245303e-02
1.445910e-01;5.284725e-02;1.822308e-01;1.118058e-01;9.661391e-02;1.052695e-01;1.266013e-01;6.379418e-02;3.208213e-02;3.335061e-02;2.807712e-02;2.273634e-02
1.256086e-01;6.030662e-02;2.503973e-01;9.981627e-02;7.855070e-02;1.062856e-01;1.096468e-01;4.829604e-02;2.313879e-02;3.534721e-02;3.342482e-02;2.918125e-02
1.169769e-01;7.297687e-02;2.768531e-01;1.015096e-01;9.056201e-02;8.247796e-02;1.171448e-01;3.337303e-02;2.674475e-02;2.877705e-02;2.678863e-02;2.581528e-02
