9.794607e-02;5.082503e-02;9.840752e-02;6.455772e-02;3.971087e-02;9.891801e-02;9.862947e-02;1.034813e-01;1.406519e-01;9.175821e-02;7.092658e-02;4.418735e-02
1.020021e-01;4.720763e-02;8.174022e-02;7.185447e-02;7.044831e-02;1.126088e-01;1.341954e-01;7.240073e-02;1.511351e-01;5.132373e-02;6.350836e-02;4.157518e-02
6.806368e-02;4.125904e-02;7.480648e-02;6.004797e-02;9.980942e-02;1.326687e-01;1.298926e-01;5.990792e-02;1.372130e-01;1.027364e-01;4.680608e-02;4.678884e-02
5.789980e-02;3.517429e-02;1.062903e-01;4.284766e-02;8.973457e-02;1.327056e-01;1.042810e-01;7.144105e-02;1.118925e-01;1.584097e-01;4.009470e-02;4.922876e-02
7.919934e-02;5.468262e-02;1.755571e-01;6.646254e-02;9.885421e-02;6.249717e-02;1.873304e-01;4.903895e-02;7.081202e-02;8.839577e-02;3.595662e-02;3.121315e-02
1.073354e-01;1.021739e-01;1.683694e-01;5.628828e-02;8.776192e-02;8.999716e-02;1.644466e-01;5.166696e-02;6.706301e-02;5.582884e-02;2.574528e-02;2.332317e-02
1.282662e-01;1.439539e-01;1.177707e-01;3.711147e-02;7.509673e-02;1.047733e-01;1.691262e-01;4.971795e-02;7.358847e-02;5.640043e-02;2.259753e-02;2.159717e-02
1.176158e-01;1.646978e-01;1.960341e-01;2.774594e-02;5.603574e-02;9.206321e-02;1.417847e-01;5.053856e-02;6.799941e-02;4.659946e-02;1.475447e-02;2.413078e-02
9.919222e-02;2.114451e-01;2.980955e-01;2.196506e-02;3.709707e-02;6.603064e-02;8.047643e-02;4.845819e-02;7.350060e-02;3.286860e-02;8.028649e-03;2.284198e-02
9.325235e-02;2.501819e-01;3.701842e-01;1.931587e-02;1.891196e-02;3.398769e-02;3.031921e-02;5.290358e-02;7.219417e-02;2.909105e-02;9.349587e-03;2.030841e-02
1.564502e-01;2.508021e-01;3.575681e-01;2.032090e-02;1.142520e-02;2.475527e-02;2.742535e-02;4.296571e-02;5.538548e-02;2.076834e-02;1.589859e-02;1.623467e-02
2.223498e-01;2.186426e-01;3.209805e-01;2.455330e-02;1.381633e-02;2.352140e-02;4.394865e-02;2.953378e-02;3.677193e-02;1.859848e-02;2.249721e-02;2.478600e-02
2.151948e-01;1.567076e-01;3.203247e-01;3.118008e-02;1.953181e-02;2.140017e-02;5.607021e-02;3.355442e-02;5.860629e-02;2.616939e-02;3.073968e-02;3.052084e-02
1.275458e-01;1.332335e-01;3.046663e-01;3.911044e-02;4.134438e-02;3.001297e-02;7.754128e-02;3.923684e-02;1.000850e-01;3.732222e-02;3.960874e-02;3.029243e-02
5.899673e-02;1.408389e-01;2.883101e-01;4.874582e-02;4.644175e-02;5.698982e-02;8.481280e-02;6.379143e-02;8.476985e-02;4.414122e-02;3.043212e-02;5.172950e-02
1.234085e-01;1.216003e-01;3.005800e-01;4.991280e-02;3.455032e-02;7.413502e-02;6.353515e-02;5.710623e-02;3.774247e-02;5.062622e-02;2.819502e-02;5.860801e-02
1.263350e-01;1.084609e-01;3.094633e-01;3.715236e-02;3.704976e-02;6.708124e-02;8.480392e-02;4.477741e-02;4.591114e-02;7.606982e-02;2.713379e-02;3.576142e-02
7.007622e-02;6.787361e-02;2.901604e-01;4.415459e-02;3.363108e-02;5.764880e-02;1.000660e-01;5.126934e-02;7.860690e-02;1.600959e-01;2.140481e-02;2.501238e-02
3.967308e-02;5.306498e-02;2.563319e-01;4.645512e-02;4.016920e-02;6.517904e-02;1.065802e-01;4.934793e-02;8.938916e-02;2.106065e-01;1.963983e-02;2.356301e-02
5.228929e-02;7.401639e-02;2.585203e-01;3.151935e-02;4.959925e-02;7.037456e-02;1.184731e-01;3.828751e-02;1.120624e-01;1.555780e-01;1.901229e-02;2.026755e-02
5.690670e-02;6.872465e-02;2.622516e-01;3.088115e-02;5.013508e-02;6.991115e-02;8.875805e-02;5.047495e-02;1.571840e-01;1.095317e-01;2.087728e-02;3.436374e-02
6.304895e-02;4.641586e-02;2.221006e-01;6.011635e-02;8.488256e-02;9.563421e-02;1.927176e-01;3.179448e-02;7.655120e-02;7.764785e-02;1.697227e-02;3.211803e-02
4.083501e-02;3.302573e-02;1.566302e-01;6.462386e-02;1.270899e-01;9.815712e-02;2.632292e-01;2.857853e-02;4.712350e-02;1.011546e-01;1.611452e-02;2.343783e-02
1.946896e-02;3.122674e-02;1.680551e-01;9.486964e-02;1.362904e-01;1.019070e-01;2.181933e-01;3.888736e-02;3.826403e-02;1.125361e-01;2.493515e-02;1.536619e-02
9.521694e-03;3.099056e-02;2.086317e-01;1.700167e-01;1.255388e-01;1.197767e-01;1.050157e-01;5.711177e-02;2.426110e-02;9.938278e-02;4.109776e-02;8.654860e-03
4.861227e-03;2.185010e-02;2.654445e-01;2.277359e-01;9.922600e-02;1.606928e-01;3.325730e-02;6.165177e-02;1.363242e-02;4.818299e-02;5.979354e-02;3.671572e-03
8.703835e-03;1.489630e-02;2.973973e-01;2.193460e-01;1.016328e-01;1.713560e-01;3.230147e-02;4.586348e-02;1.536967e-02;2.506578e-02;6.342541e-02;4.641927e-03
1.684690e-02;1.763182e-02;3.034053e-01;1.828987e-01;1.114529e-01;1.492616e-01;4.191538e-02;4.267202e-02;2.599326e-02;3.414408e-02;6.294473e-02;1.083325e-02
5.828795e-02;4.185395e-02;2.061968e-01;1.474166e-01;1.284877e-01;1.102395e-01;7.406934e-02;4.025204e-02;4.711660e-02;5.323194e-02;6.820711e-02;2.464051e-02
8.992817e-02;5.021813e-02;3.148149e-01;1.043369e-01;9.534169e-02;1.012577e-01;5.711765e-02;4.620264e-02;3.553705e-02;3.742933e-02;4.658848e-02;2.122743e-02
8.085164e-02;5.772636e-02;3.177567e-01;7.830866e-02;7.887722e-02;8.809040e-02;7.589655e-02;5.054642e-02;5.532404e-02;6.356234e-02;3.727160e-02;1.578811e-02
4.496134e-02;5.579836e-02;3.781213e-01;8.051018e-02;7.876176e-02;7.815908e-02;8.180641e-02;3.312540e-02;5.596048e-02;7.445040e-02;2.866928e-02;9.675988e-03
2.118746e-02;3.206629e-02;3.320562e-01;1.095604e-01;1.157417e-01;9.835719e-02;5.645975e-02;4.279472e-02;4.546536e-02;8.494136e-02;4.348147e-02;1.788811e-02
8.774805e-03;1.561488e-02;2.386937e-01;1.158631e-01;1.542893e-01;8.275358e-02;1.026669e-01;3.260250e-02;2.259345e-02;1.455931e-01;4.299327e-02;3.756140e-02
7.890372e-03;8.104733e-03;1.254775e-01;7.834926e-02;1.978681e-01;9.009971e-02;2.283633e-01;1.759767e-02;3.131850e-02;1.378755e-01;2.010720e-02;5.694816e-02
7.850945e-03;9.647955e-03;9.769236e-02;3.450008e-02;2.385691e-01;8.685328e-02;3.069048e-01;2.345100e-02;6.679172e-02;6.113276e-02;3.512255e-03;6.309374e-02
9.405470e-03;6.756044e-03;1.231018e-01;1.908196e-02;2.775618e-01;8.729015e-02;2.621253e-01;2.560381e-02;1.072921e-01;1.752562e-02;7.379280e-03;5.687665e-02
1.939266e-02;6.916180e-03;1.281249e-01;1.611859e-02;2.917299e-01;1.402003e-01;1.881616e-01;2.196766e-02;1.151579e-01;1.400725e-02;8.833646e-03;4.938946e-02
2.975370e-02;9.338375e-03;1.362196e-01;2.003735e-02;2.355437e-01;2.431795e-01;1.532830e-01;2.385855e-02;7.677980e-02;2.936359e-02;8.773551e-03;3.386936e-02
3.285159e-02;1.199790e-02;1.203305e-01;2.653703e-02;2.501327e-01;2.974172e-01;1.368975e-01;2.038020e-02;4.128747e-02;3.596018e-02;4.876917e-03;2.133076e-02
3.466323e-02;1.318893e-02;9.564741e-02;2.806860e-02;2.448097e-01;3.164527e-01;1.689209e-01;1.335704e-02;4.080058e-02;1.951060e-02;7.084388e-03;1.749591e-02
3.204402e-02;1.146245e-02;5.909318e-02;2.823990e-02;2.635631e-01;3.354141e-01;1.658553e-01;1.296073e-02;4.947637e-02;2.124290e-02;7.028444e-03;1.361956e-02
4.386358e-02;1.218446e-02;6.846224e-02;3.138460e-02;2.677501e-01;3.121711e-01;1.619773e-01;1.626086e-02;4.664141e-02;2.041043e-02;5.681233e-03;1.321269e-02
4.542604e-02;1.703290e-02;3.656681e-02;3.204852e-02;2.522518e-01;2.898147e-01;1.704096e-01;3.781743e-02;3.940812e-02;3.719809e-02;1.640662e-02;2.561932e-02
3.195329e-02;1.624818e-02;5.850075e-02;4.021439e-02;2.204257e-01;2.149743e-01;2.232387e-01;5.239932e-02;4.106029e-02;5.099238e-02;1.962001e-02;3.037271e-02
4.109237e-02;7.695390e-03;5.290645e-02;3.234820e-02;2.231242e-01;1.479323e-01;3.295874e-01;3.459408e-02;3.633521e-02;3.357514e-02;1.058081e-02;5.022843e-02
2.763258e-02;7.958562e-03;9.038702e-02;2.899504e-02;2.915612e-01;1.772452e-01;2.210065e-01;2.177583e-02;3.924434e-02;2.619092e-02;6.776649e-03;6.122622e-02
1.529865e-02;8.306085e-03;9.780414e-02;2.674109e-02;3.398145e-01;1.913206e-01;1.746677e-01;1.580976e-02;4.693018e-02;2.028640e-02;7.673928e-03;5.534699e-02
1.191501e-02;6.812859e-03;6.739406e-02;2.574832e-02;4.039250e-01;1.942400e-01;1.512623e-01;1.406007e-02;4.125676e-02;1.387791e-02;6.401497e-03;6.310626e-02
1.434719e-02;9.016713e-03;7.064283e-02;2.934606e-02;4.049887e-01;1.471348e-01;1.940876e-01;1.345975e-02;3.372689e-02;8.923282e-03;7.450100e-03;6.687597e-02
2.495340e-02;1.689381e-02;7.305860e-02;3.425277e-02;3.994229e-01;1.182349e-01;1.717206e-01;2.048864e-02;3.795388e-02;1.850018e-02;1.418302e-02;7.033724e-02
2.742996e-02;1.697832e-02;5.632586e-02;4.118204e-02;3.529232e-01;1.592790e-01;1.623455e-01;2.060192e-02;4.616284e-02;2.217861e-02;2.214854e-02;7.244425e-02
3.480402e-02;1.593238e-02;3.603817e-02;3.729725e-02;3.488234e-01;2.143812e-01;1.310817e-01;1.848142e-02;4.452251e-02;1.626879e-02;2.226007e-02;8.010903e-02
3.539708e-02;1.215142e-02;6.887373e-02;2.694184e-02;3.505265e-01;2.249759e-01;1.289561e-01;1.367904e-02;4.449592e-02;9.799455e-03;1.025392e-02;7.394910e-02
2.574175e-02;1.163456e-02;9.265862e-02;3.804159e-02;3.545233e-01;1.691953e-01;1.242016e-01;2.266272e-02;6.180876e-02;1.137359e-02;6.157409e-03;8.200081e-02
1.372998e-02;8.887058e-03;1.083002e-01;2.345353e-02;3.859117e-01;1.077622e-01;1.400542e-01;2.272390e-02;7.806684e-02;1.630196e-02;6.786141e-03;8.802243e-02
1.498300e-02;5.782930e-03;8.689307e-02;3.712176e-02;4.246818e-01;1.022925e-01;1.088917e-01;1.333085e-02;8.932249e-02;1.204760e-02;7.571603e-03;9.708066e-02
1.507413e-02;4.757263e-03;9.143426e-02;3.800720e-02;4.607009e-01;1.025625e-01;6.142993e-02;1.090415e-02;9.737904e-02;7.591762e-03;5.433919e-03;1.047249e-01
6.532719e-03;5.476037e-03;8.294471e-02;3.024154e-02;4.548816e-01;8.782054e-02;9.267933e-02;1.026780e-02;1.065021e-01;7.172269e-03;6.457417e-03;1.090240e-01
9.726020e-03;1.281389e-02;1.114578e-01;2.832606e-02;3.709479e-01;7.937140e-02;1.517356e-01;1.020181e-02;9.063403e-02;1.967938e-02;1.220406e-02;1.029021e-01
2.542531e-02;2.569611e-02;1.401038e-01;6.202034e-02;2.561465e-01;9.046426e-02;1.492693e-01;2.667113e-02;6.511131e-02;4.061742e-02;2.709202e-02;9.138249e-02
2.694052e-02;2.992276e-02;1.208349e-01;8.842550e-02;2.239267e-01;1.311258e-01;7.165390e-02;3.313124e-02;9.077732e-02;5.243352e-02;4.130971e-02;8.951816e-02
3.484213e-02;2.372107e-02;6.195532e-02;5.716253e-02;2.479762e-01;1.928039e-01;8.280061e-02;2.585389e-02;1.160856e-01;3.916105e-02;3.236571e-02;8.527199e-02
4.964125e-02;1.508658e-02;7.010392e-02;2.925684e-02;2.678342e-01;2.491063e-01;1.137350e-01;1.662827e-02;9.214891e-02;1.788661e-02;1.252792e-02;6.604409e-02
5.057892e-02;1.100884e-02;1.144545e-01;5.092283e-02;2.108748e-01;2.184685e-01;1.800725e-01;1.904380e-02;7.135246e-02;1.283066e-02;1.030633e-02;5.008588e-02
4.029640e-02;1.185599e-02;1.906260e-01;5.562176e-02;1.175773e-01;1.471927e-01;2.366723e-01;3.024024e-02;8.287275e-02;1.892316e-02;2.114986e-02;4.697153e-02
3.425186e-02;2.532535e-02;3.211078e-01;4.480163e-02;1.053718e-01;8.197138e-02;1.834010e-01;3.091001e-02;7.795803e-02;3.036677e-02;3.012461e-02;3.440974e-02
3.178412e-02;4.202598e-02;3.960189e-01;6.667484e-02;1.075540e-01;4.415814e-02;8.850537e-02;4.687749e-02;6.646872e-02;4.928446e-02;2.734821e-02;3.329985e-02
3.402084e-02;4.809349e-02;2.819931e-01;1.190966e-01;1.306627e-01;4.017789e-02;6.474840e-02;6.174108e-02;6.145453e-02;6.452448e-02;5.298588e-02;4.050090e-02
2.602254e-02;5.211767e-02;1.626751e-01;1.480490e-01;1.868859e-01;4.935357e-02;6.785844e-02;5.280764e-02;5.038879e-02;8.096396e-02;6.400447e-02;5.887290e-02
2.364213e-02;3.095480e-02;1.875690e-01;1.201496e-01;1.674836e-01;5.863886e-02;1.326380e-01;4.729757e-02;7.085846e-02;5.975211e-02;3.295419e-02;6.806174e-02
2.132232e-02;3.001045e-02;2.838772e-01;1.170980e-01;1.235577e-01;4.682861e-02;8.823086e-02;6.437585e-02;8.694036e-02;5.995992e-02;3.117822e-02;4.662047e-02
3.233265e-02;4.541542e-02;4.072292e-01;1.053656e-01;9.447186e-02;3.214505e-02;2.673431e-02;6.318482e-02;9.767530e-02;3.835570e-02;4.227671e-02;1.481346e-02
4.901348e-02;8.742146e-02;4.248090e-01;4.505948e-02;9.645808e-02;2.077605e-02;4.481823e-02;4.860285e-02;9.282956e-02;3.004684e-02;3.977113e-02;2.039389e-02
6.683721e-02;1.074723e-01;3.679426e-01;6.886784e-02;1.271121e-01;4.067469e-02;2.616206e-02;4.182280e-02;6.670829e-02;4.839526e-02;2.298962e-02;1.501520e-02
6.230955e-02;8.020338e-02;3.359384e-01;5.843965e-02;1.272120e-01;6.380438e-02;6.057595e-02;3.539699e-02;6.387934e-02;7.404527e-02;2.140139e-02;1.679378e-02
2.946350e-02;6.821351e-02;4.036049e-01;4.251011e-02;1.112623e-01;5.252964e-02;5.802406e-02;2.656768e-02;8.595799e-02;7.929721e-02;2.126669e-02;2.130235e-02
1.354383e-02;3.396291e-02;4.323401e-01;1.203592e-01;1.262342e-01;3.452384e-02;3.451354e-02;2.925838e-02;6.304400e-02;5.660554e-02;4.637695e-02;9.237449e-03
1.161257e-02;1.890926e-02;3.243760e-01;1.686130e-01;1.783942e-01;4.649594e-02;4.620497e-02;3.068547e-02;3.351177e-02;5.434243e-02;5.743734e-02;2.941703e-02
1.233206e-02;1.395740e-02;1.944745e-01;1.554117e-01;2.553566e-01;6.617764e-02;8.359773e-02;1.821426e-02;3.112479e-02;6.173420e-02;3.889729e-02;6.872189e-02
1.349314e-02;2.448699e-02;1.945597e-01;1.241515e-01;2.813034e-01;7.640562e-02;9.284615e-02;1.566104e-02;2.248326e-02;4.139170e-02;1.680933e-02;9.640807e-02
1.366584e-02;3.724200e-02;3.151857e-01;1.030441e-01;1.921275e-01;6.874724e-02;8.637260e-02;1.833876e-02;1.617505e-02;3.859014e-02;3.578168e-02;7.472941e-02
3.639420e-02;5.671678e-02;3.823212e-01;8.819517e-02;1.158856e-01;4.757975e-02;9.905029e-02;1.949286e-02;2.299292e-02;3.686773e-02;4.343835e-02;5.106517e-02
5.714627e-02;7.395674e-02;2.918277e-01;7.917088e-02;1.439830e-01;5.466202e-02;1.209772e-01;2.927217e-02;4.326080e-02;3.032791e-02;3.919458e-02;3.622076e-02
3.751443e-02;3.579016e-02;4.075704e-01;6.299567e-02;1.775112e-01;6.436576e-02;4.656620e-02;2.460204e-02;5.090508e-02;3.495764e-02;2.228399e-02;3.493737e-02
3.864685e-02;4.033309e-02;3.548540e-01;9.174661e-02;1.750565e-01;5.560537e-02;6.734835e-02;1.986689e-02;5.640174e-02;4.427615e-02;2.008214e-02;3.578230e-02
5.394230e-02;7.188787e-02;1.406175e-01;1.260871e-01;1.951092e-01;6.566964e-02;1.136870e-01;3.903342e-02;8.324975e-02;4.884218e-02;1.990038e-02;4.197372e-02
4.575478e-02;4.743288e-02;2.272832e-01;9.412877e-02;1.170858e-01;5.403281e-02;1.492896e-01;6.029853e-02;7.804060e-02;5.576295e-02;5.054982e-02;2.034015e-02
2.944967e-02;4.173157e-02;1.976471e-01;7.191546e-02;1.173827e-01;7.634765e-02;1.403776e-01;7.347870e-02;6.338851e-02;7.826061e-02;6.209341e-02;4.792706e-02
2.917665e-02;3.725016e-02;1.466911e-01;6.570780e-02;1.550391e-01;8.878999e-02;1.805314e-01;5.621019e-02;7.482756e-02;7.957689e-02;4.346105e-02;4.273817e-02
4.612013e-02;3.923345e-02;6.175993e-02;5.476147e-02;1.180468e-01;1.276947e-01;2.848657e-01;6.966426e-02;8.640884e-02;5.944357e-02;2.179432e-02;3.020675e-02
3.171809e-02;3.006604e-02;7.312489e-02;5.063342e-02;1.518881e-01;1.378997e-01;2.590522e-01;5.401620e-02;8.474264e-02;4.581115e-02;1.835243e-02;6.269525e-02
1.841531e-02;2.153133e-02;5.608006e-02;5.715361e-02;2.409518e-01;1.371824e-01;1.908931e-01;2.954994e-02;7.500448e-02;3.225325e-02;1.492456e-02;1.260601e-01
1.319794e-02;1.433635e-02;5.652438e-02;9.255602e-02;3.440659e-01;9.674274e-02;8.150097e-02;1.113110e-02;5.354657e-02;2.111113e-02;1.488668e-02;2.004002e-01
6.863724e-03;1.310625e-02;8.922710e-02;1.345038e-01;3.269505e-01;4.281594e-02;6.785436e-02;2.269647e-02;5.615848e-02;2.314495e-02;2.570610e-02;1.909724e-01
1.231118e-02;1.261449e-02;1.055908e-01;1.545636e-01;2.713756e-01;4.476088e-02;8.978444e-02;1.774387e-02;7.625825e-02;2.981341e-02;3.002071e-02;1.551628e-01
9.653121e-03;2.017712e-02;1.428479e-01;1.441866e-01;2.238906e-01;5.438095e-02;1.085354e-01;1.435719e-02;8.275266e-02;2.972886e-02;2.698854e-02;1.425011e-01
8.039416e-03;2.930758e-02;1.559991e-01;9.336626e-02;1.953393e-01;6.595612e-02;1.385414e-01;1.365544e-02;6.419202e-02;6.963164e-02;3.368859e-02;1.322830e-01
1.516768e-02;4.103148e-02;1.561702e-01;8.872686e-02;2.341909e-01;6.841852e-02;5.745872e-02;3.122594e-02;5.014751e-02;1.291962e-01;4.613665e-02;8.212935e-02
1.704951e-02;2.728469e-02;1.010707e-01;9.925103e-02;2.600631e-01;9.432956e-02;6.031292e-02;2.922368e-02;8.088781e-02;1.095150e-01;4.214346e-02;7.886856e-02
1.637304e-02;1.411360e-02;7.996015e-02;6.088579e-02;2.958843e-01;1.169412e-01;7.695703e-02;1.368157e-02;1.282631e-01;5.633808e-02;2.996916e-02;1.106330e-01
1.573967e-02;1.267169e-02;7.894437e-02;1.980581e-02;3.246280e-01;1.444116e-01;9.462462e-02;9.659116e-03;1.601957e-01;2.074855e-02;1.196313e-02;1.066078e-01
3.153728e-02;1.414374e-02;7.468371e-02;3.929586e-02;3.256648e-01;2.154652e-01;7.427871e-02;1.523591e-02;1.108990e-01;1.840633e-02;4.973351e-03;7.541609e-02
4.469280e-02;1.048981e-02;6.380768e-02;2.832818e-02;2.757992e-01;2.729941e-01;1.469718e-01;2.806365e-02;6.243833e-02;2.303712e-02;7.386654e-03;3.599069e-02
4.448524e-02;1.312752e-02;8.679036e-02;3.648514e-02;2.280755e-01;2.485052e-01;1.886300e-01;3.821327e-02;5.161497e-02;3.254370e-02;1.360783e-02;1.792127e-02
3.218661e-02;2.282147e-02;1.621404e-01;1.085774e-01;2.290856e-01;1.682203e-01;1.181867e-01;3.031482e-02;5.058758e-02;3.584981e-02;1.725968e-02;2.476956e-02
3.709538e-02;3.632261e-02;2.746311e-01;1.382942e-01;1.639196e-01;9.019592e-02;5.825526e-02;2.448502e-02;8.353844e-02;3.629022e-02;3.026968e-02;2.670253e-02
4.671597e-02;3.709180e-02;2.682603e-01;8.472038e-02;1.692954e-01;7.826669e-02;9.580368e-02;3.038345e-02;7.234319e-02;4.745716e-02;2.885905e-02;4.080298e-02
4.804670e-02;3.561249e-02;1.718479e-01;7.144048e-02;1.712624e-01;9.245227e-02;1.403556e-01;3.499654e-02;6.283522e-02;8.288791e-02;2.250796e-02;6.575453e-02
3.765249e-02;2.996610e-02;7.363414e-02;7.797343e-02;1.436601e-01;8.689158e-02;1.462441e-01;5.381581e-02;8.140492e-02;1.251956e-01;2.604056e-02;1.175211e-01
3.967388e-02;2.917903e-02;1.039764e-01;6.337301e-02;1.440912e-01;6.911540e-02;1.060142e-01;5.277662e-02;8.481938e-02;1.335926e-01;4.647598e-02;1.269123e-01
5.004071e-02;3.298510e-02;1.078487e-01;6.417471e-02;1.549934e-01;7.139787e-02;6.929798e-02;5.320832e-02;1.043865e-01;1.388204e-01;5.643693e-02;9.640928e-02
4.129964e-02;2.896214e-02;1.170432e-01;8.428917e-02;1.754970e-01;7.536684e-02;7.697410e-02;6.191735e-02;1.001188e-01;1.034762e-01;6.045840e-02;7.459710e-02
2.042898e-02;2.460388e-02;1.426030e-01;9.949583e-02;2.206152e-01;9.236027e-02;9.302005e-02;5.282368e-02;6.498078e-02;8.465325e-02;3.419574e-02;7.021933e-02
1.936792e-02;2.768263e-02;1.419801e-01;1.053116e-01;2.419015e-01;1.027211e-01;1.201878e-01;4.844061e-02;6.024615e-02;4.649683e-02;2.895593e-02;5.670786e-02
5.413352e-02;3.748049e-02;6.883951e-02;9.638558e-02;2.591496e-01;1.077860e-01;8.286031e-02;6.544023e-02;8.606611e-02;4.553120e-02;3.695522e-02;5.937221e-02
5.353305e-02;3.907059e-02;1.408918e-01;7.731808e-02;2.028271e-01;9.160016e-02;9.470869e-02;4.623538e-02;9.420509e-02;4.920782e-02;3.114010e-02;7.926215e-02
3.157840e-02;3.830435e-02;1.684497e-01;5.126689e-02;1.344212e-01;8.120240e-02;1.486104e-01;6.469474e-02;8.878476e-02;7.366463e-02;4.770986e-02;7.131264e-02
6.319045e-02;4.591390e-02;1.044003e-01;4.892590e-02;9.760448e-02;1.152955e-01;1.262285e-01;8.435072e-02;9.916718e-02;8.119739e-02;7.258729e-02;6.113839e-02
4.953326e-02;7.767207e-02;9.619982e-02;4.258630e-02;8.055908e-02;1.302773e-01;1.215651e-01;8.210581e-02;9.226692e-02;7.205032e-02;7.845832e-02;7.672564e-02
3.350156e-02;8.635092e-02;1.087497e-01;5.405285e-02;1.055529e-01;1.105575e-01;1.275475e-01;7.393309e-02;6.785329e-02;6.492482e-02;7.469380e-02;9.228201e-02
1.037332e-01;7.736082e-02;1.572391e-01;5.077694e-02;7.715618e-02;3.910440e-02;1.605552e-01;1.033023e-01;1.138125e-01;3.717234e-02;3.761682e-02;4.217014e-02
1.398549e-01;1.018792e-01;1.322777e-01;4.089042e-02;7.620738e-02;4.741931e-02;1.278954e-01;1.145139e-01;1.242572e-01;2.785499e-02;3.148430e-02;3.546527e-02
1.958453e-01;1.209049e-01;1.031798e-01;2.822866e-02;8.678019e-02;4.177438e-02;8.024148e-02;1.404770e-01;1.262861e-01;2.141694e-02;2.493372e-02;2.993155e-02
2.633904e-01;9.870847e-02;6.328052e-02;1.600900e-02;1.120024e-01;2.486582e-02;7.472595e-02;2.040851e-01;8.880642e-02;1.443558e-02;1.846852e-02;2.122181e-02
2.600261e-01;6.045143e-02;4.824757e-02;2.720861e-02;1.043179e-01;1.816258e-02;1.060074e-01;2.771719e-01;3.757862e-02;9.455767e-03;1.461719e-02;3.675496e-02
1.594630e-01;2.296184e-02;2.176905e-02;7.887577e-02;4.790081e-02;2.266950e-02;2.304608e-01;2.717310e-01;4.181349e-02;1.990493e-02;1.320206e-02;6.924780e-02
1.158793e-01;2.189023e-02;1.960511e-02;1.368302e-01;2.049023e-02;1.966874e-02;3.518539e-01;1.590808e-01;2.557170e-02;2.586866e-02;1.053510e-02;9.272601e-02
9.249774e-02;2.370369e-02;1.878367e-02;1.745227e-01;1.338942e-02;2.187940e-02;4.102633e-01;1.118033e-01;1.495818e-02;2.083335e-02;9.554483e-03;8.781077e-02
4.882802e-02;1.427318e-02;1.173348e-02;1.977389e-01;1.572296e-02;2.779903e-02;4.620177e-01;1.067289e-01;1.215605e-02;1.336929e-02;8.704210e-03;8.092836e-02
3.637999e-02;1.119416e-02;2.260912e-02;1.728137e-01;2.140526e-02;4.473366e-02;4.922521e-01;8.002166e-02;5.657631e-03;1.172902e-02;1.477744e-02;8.642632e-02
2.544133e-02;1.087417e-02;4.081568e-02;9.924959e-02;2.091047e-02;9.493425e-02;4.902441e-01;6.249122e-02;2.243061e-02;1.046905e-02;3.871617e-02;8.342336e-02
1.416419e-02;1.095661e-02;6.908176e-02;2.383390e-02;3.425767e-02;1.612318e-01;4.582357e-01;3.514910e-02;4.983678e-02;1.213323e-02;7.454257e-02;5.657675e-02
3.102685e-02;9.901310e-03;9.477722e-02;1.786528e-02;3.641717e-02;2.122671e-01;3.333159e-01;2.015691e-02;6.767690e-02;3.318361e-02;1.007717e-01;4.264014e-02
4.509888e-02;9.082258e-03;1.111659e-01;2.906819e-02;3.970286e-02;2.519447e-01;1.837312e-01;3.345249e-02;6.312517e-02;6.171628e-02;1.236934e-01;4.821865e-02
6.155756e-02;1.337394e-02;1.238471e-01;3.905011e-02;4.849978e-02;3.049572e-01;3.912529e-02;2.570351e-02;6.307656e-02;6.626476e-02;1.375470e-01;7.699715e-02
6.561296e-02;1.739793e-02;1.208775e-01;3.087629e-02;6.543114e-02;3.074873e-01;1.188149e-01;8.613525e-03;4.530804e-02;5.674442e-02;1.320132e-01;3.082271e-02
8.154711e-02;2.948085e-02;1.133530e-01;4.166253e-02;9.023648e-02;2.706935e-01;1.070872e-01;2.812402e-02;3.133530e-02;7.123199e-02;1.199544e-01;1.529367e-02
8.019152e-02;4.061371e-02;1.052502e-01;8.543131e-02;8.665626e-02;2.031927e-01;8.238118e-02;4.896155e-02;3.425381e-02;8.365188e-02;1.171901e-01;3.222583e-02
6.304147e-02;4.377612e-02;9.708083e-02;8.712839e-02;5.145950e-02;1.505133e-01;1.321796e-01;6.619967e-02;3.701344e-02;7.034449e-02;1.428858e-01;5.837739e-02
3.860400e-02;3.134500e-02;1.038898e-01;4.934948e-02;3.753570e-02;1.706650e-01;1.270748e-01;6.906852e-02;4.468749e-02;5.243601e-02;2.119935e-01;6.335070e-02
4.425847e-02;2.492646e-02;9.125560e-02;3.436483e-02;2.980992e-02;1.787512e-01;1.736120e-01;4.362864e-02;3.870464e-02;5.253651e-02;2.253634e-01;6.278831e-02
5.223274e-02;2.786763e-02;7.289005e-02;4.869059e-02;3.445143e-02;1.455058e-01;2.534101e-01;3.484264e-02;4.047548e-02;6.286567e-02;1.705319e-01;5.623594e-02
3.944414e-02;3.690584e-02;4.195099e-02;6.127945e-02;5.726079e-02;1.206828e-01;2.693647e-01;7.200457e-02;5.851979e-02;7.427044e-02;1.265344e-01;4.178200e-02
1.696840e-02;5.438700e-02;5.126757e-02;7.590183e-02;1.055258e-01;8.866160e-02;1.784787e-01;9.532451e-02;8.991630e-02;1.108785e-01;1.025870e-01;3.010276e-02
2.077092e-02;5.943821e-02;3.617222e-02;7.003883e-02;1.363512e-01;5.739357e-02;8.578972e-02;6.916527e-02;1.480239e-01;1.765348e-01;1.004265e-01;3.989489e-02
3.559353e-02;4.794918e-02;3.225451e-02;4.864877e-02;1.371791e-01;5.259038e-02;6.917275e-02;5.491089e-02;1.806016e-01;1.953360e-01;9.338480e-02;5.237857e-02
5.100686e-02;3.719361e-02;3.019314e-02;3.191888e-02;1.462054e-01;4.956869e-02;1.051492e-01;5.703180e-02;1.835536e-01;1.834553e-01;7.996818e-02;4.475532e-02
6.187446e-02;2.762441e-02;4.284708e-02;2.728267e-02;1.316459e-01;8.241750e-02;1.492016e-01;5.205519e-02;1.661422e-01;1.702509e-01;5.677558e-02;3.188248e-02
4.657499e-02;1.923256e-02;4.512827e-02;2.983974e-02;1.014527e-01;1.362787e-01;1.599966e-01;5.374837e-02;1.599879e-01;1.640875e-01;4.367358e-02;3.999915e-02
4.012350e-02;2.201472e-02;5.367391e-02;4.450244e-02;8.766814e-02;1.447599e-01;1.405066e-01;7.073492e-02;1.254940e-01;1.564901e-01;7.507966e-02;3.895207e-02
4.411965e-02;2.689461e-02;6.565371e-02;5.182027e-02;5.896514e-02;1.286550e-01;1.523325e-01;8.003338e-02;1.227610e-01;1.288779e-01;1.078505e-01;3.203638e-02
3.411603e-02;3.100491e-02;6.687876e-02;6.551950e-02;8.086611e-02;1.613675e-01;1.092735e-01;4.832909e-02;1.269297e-01;1.154868e-01;1.333791e-01;2.684908e-02
4.195857e-02;3.199151e-02;7.741667e-02;5.470739e-02;8.128164e-02;1.586075e-01;9.748268e-02;2.812610e-02;1.267470e-01;1.384767e-01;1.214319e-01;4.177240e-02
4.679958e-02;3.575259e-02;7.550513e-02;5.139519e-02;6.852120e-02;1.388017e-01;1.473972e-01;4.007798e-02;1.163824e-01;1.517477e-01;8.925983e-02;3.835955e-02
4.245260e-02;7.076917e-02;7.517919e-02;5.851461e-02;7.805780e-02;1.106829e-01;1.318046e-01;6.629558e-02;9.918192e-02;1.404950e-01;7.473027e-02;5.183632e-02
3.494772e-02;7.104734e-02;1.158308e-01;6.326358e-02;8.471699e-02;6.298712e-02;1.111196e-01;6.070412e-02;1.432172e-01;1.224920e-01;9.419671e-02;3.547679e-02
4.108414e-02;8.194561e-02;1.057292e-01;6.052694e-02;1.041164e-01;5.586237e-02;9.038531e-02;3.756902e-02;1.844281e-01;1.129569e-01;1.007405e-01;2.465537e-02
3.191813e-02;8.282468e-02;8.074553e-02;6.619307e-02;1.303400e-01;7.258575e-02;8.155922e-02;2.843027e-02;1.643540e-01;1.359648e-01;9.736062e-02;2.772382e-02
3.312447e-02;7.601725e-02;5.773663e-02;6.675381e-02;1.361242e-01;7.758053e-02;8.735428e-02;2.622946e-02;1.220207e-01;1.721868e-01;1.017681e-01;4.310383e-02
4.099219e-02;4.973882e-02;5.655630e-02;6.748298e-02;1.083613e-01;6.734173e-02;1.306434e-01;4.046495e-02;9.733375e-02;1.932318e-01;8.661187e-02;6.124103e-02
6.628519e-02;3.478975e-02;1.063923e-01;6.582469e-02;9.278679e-02;8.890780e-02;1.099947e-01;3.649420e-02;8.212447e-02;1.869438e-01;6.911922e-02;6.033707e-02
7.217135e-02;5.054074e-02;1.216753e-01;6.256311e-02;7.173879e-02;7.922503e-02;7.939574e-02;2.764612e-02;7.519264e-02;2.200968e-01;7.070012e-02;6.905427e-02
7.337996e-02;6.265908e-02;9.267692e-02;6.360523e-02;5.396568e-02;8.621345e-02;1.291580e-01;4.280510e-02;8.108976e-02;1.687101e-01;8.363194e-02;6.210472e-02
6.645852e-02;8.836150e-02;8.333343e-02;6.892114e-02;5.101892e-02;8.570387e-02;1.132924e-01;6.176800e-02;1.038145e-01;1.643817e-01;6.698757e-02;4.595848e-02
6.659779e-02;1.082053e-01;5.250252e-02;6.826503e-02;5.908514e-02;8.330198e-02;1.114731e-01;7.749522e-02;1.015816e-01;1.620900e-01;5.277660e-02;5.662576e-02
7.061852e-02;9.616478e-02;7.158459e-02;7.174801e-02;6.966270e-02;5.951224e-02;1.323665e-01;5.197294e-02;8.536271e-02;1.541671e-01;5.476140e-02;8.207853e-02
7.203393e-02;6.831104e-02;9.206401e-02;8.794189e-02;8.169419e-02;6.243633e-02;1.439279e-01;6.249666e-02;5.795787e-02;1.366463e-01;6.563624e-02;6.885370e-02
1.029777e-01;1.054953e-01;7.156084e-02;8.637810e-02;6.138427e-02;6.365465e-02;1.314764e-01;8.407705e-02;5.435598e-02;1.451694e-01;6.307357e-02;3.039679e-02
1.031546e-01;1.329733e-01;8.022726e-02;7.191613e-02;7.916240e-02;7.736825e-02;9.811656e-02;7.542993e-02;5.696219e-02;1.375514e-01;6.024314e-02;2.689481e-02
1.103719e-01;1.253328e-01;7.901017e-02;6.275868e-02;6.804688e-02;8.252312e-02;9.155135e-02;6.919247e-02;1.363137e-01;9.768388e-02;6.138650e-02;1.582863e-02
7.250507e-02;5.769459e-02;1.471727e-01;6.584924e-02;6.341403e-02;6.556477e-02;1.424631e-01;8.418006e-02;1.678180e-01;7.261042e-02;4.122914e-02;1.949880e-02
6.220141e-02;4.308998e-02;1.623706e-01;4.577588e-02;7.411682e-02;9.415305e-02;2.127123e-01;6.463631e-02;8.295553e-02;6.155574e-02;5.933418e-02;3.709821e-02
6.755613e-02;3.195006e-02;1.393487e-01;4.490432e-02;6.646213e-02;1.158265e-01;2.147673e-01;5.007118e-02;7.472309e-02;6.178547e-02;8.853146e-02;4.407367e-02
6.348962e-02;1.518792e-02;1.156918e-01;4.448489e-02;5.028978e-02;1.438582e-01;2.019173e-01;4.513250e-02;8.983873e-02;5.121566e-02;1.311323e-01;4.776124e-02
3.717821e-02;1.524836e-02;1.048020e-01;3.104571e-02;3.377986e-02;2.090827e-01;1.462484e-01;4.864332e-02;9.171164e-02;4.729989e-02;1.972607e-01;3.769924e-02
3.468100e-02;1.268549e-02;1.310342e-01;1.463121e-02;3.785041e-02;2.618968e-01;7.505781e-02;2.337123e-02;5.956760e-02;5.166081e-02;2.703484e-01;2.721511e-02
4.739883e-02;1.327583e-02;9.976590e-02;9.342916e-03;5.151659e-02;2.522503e-01;5.735785e-02;2.222857e-02;5.376666e-02;6.933355e-02;3.053034e-01;1.845968e-02
5.869357e-02;1.590886e-02;8.049130e-02;1.663135e-02;4.047758e-02;2.224502e-01;7.604770e-02;2.173178e-02;5.522868e-02;7.599725e-02;3.110874e-01;2.525431e-02
5.449824e-02;2.072590e-02;8.067763e-02;2.272918e-02;4.349897e-02;1.926428e-01;6.787549e-02;1.273841e-02;6.468687e-02;8.260746e-02;3.147253e-01;4.259377e-02
5.263200e-02;3.659532e-02;7.562342e-02;2.283506e-02;4.714324e-02;1.266000e-01;1.354083e-01;3.072392e-02;7.382612e-02;6.636795e-02;2.672841e-01;6.496068e-02
8.490400e-02;6.731935e-02;4.728838e-02;4.348114e-02;4.010514e-02;7.336456e-02;2.290994e-01;3.743682e-02;4.053972e-02;5.618211e-02;1.872813e-01;9.299801e-02
9.256456e-02;8.609134e-02;3.932615e-02;4.583774e-02;3.333876e-02;5.750426e-02;2.459100e-01;5.038847e-02;4.519997e-02;5.133706e-02;1.489838e-01;1.035179e-01
1.217603e-01;8.157674e-02;7.951721e-02;3.942009e-02;2.494205e-02;9.669895e-02;1.413801e-01;9.346072e-02;4.954264e-02;6.221953e-02;1.378400e-01;7.164168e-02
1.173675e-01;4.553477e-02;9.774327e-02;3.635849e-02;3.606328e-02;1.112016e-01;7.071701e-02;1.341661e-01;7.741269e-02;1.089022e-01;1.266761e-01;3.785693e-02
5.966388e-02;3.921438e-02;6.734892e-02;4.789689e-02;6.205403e-02;1.264492e-01;6.475241e-02;1.643584e-01;8.666418e-02;1.442962e-01;1.098192e-01;2.748233e-02
8.560120e-02;4.324134e-02;6.874061e-02;4.948674e-02;6.677377e-02;1.071678e-01;6.834015e-02;1.731670e-01;6.891339e-02;1.235053e-01;1.100156e-01;3.504715e-02
7.622360e-02;3.640899e-02;8.852769e-02;4.660385e-02;4.543785e-02;8.553686e-02;7.866329e-02;1.994095e-01;7.115431e-02;1.003525e-01;1.241750e-01;4.750655e-02
5.649472e-02;3.171530e-02;8.494324e-02;4.527137e-02;6.726425e-02;1.051495e-01;6.788763e-02;1.768831e-01;7.986970e-02;1.065310e-01;1.331559e-01;4.483426e-02
5.629787e-02;4.419339e-02;6.049780e-02;5.216299e-02;6.147747e-02;1.106828e-01;1.155131e-01;1.369801e-01;7.798340e-02;1.041979e-01;1.325502e-01;4.746288e-02
6.058581e-02;6.008600e-02;9.284788e-02;7.127874e-02;4.280804e-02;7.037451e-02;1.370447e-01;1.338320e-01;6.460364e-02;1.105627e-01;1.171374e-01;3.883861e-02
7.222454e-02;6.812048e-02;1.666628e-01;6.793126e-02;4.351241e-02;4.704806e-02;1.138735e-01;1.034275e-01;4.157664e-02;9.049708e-02;1.185431e-01;6.658260e-02
1.018251e-01;5.026237e-02;2.044058e-01;4.098122e-02;4.544031e-02;6.033716e-02;1.058314e-01;5.877201e-02;5.419296e-02;5.135323e-02;1.409538e-01;8.564468e-02
8.429871e-02;3.760298e-02;1.717908e-01;4.924294e-02;5.529879e-02;9.051853e-02;1.053064e-01;4.373583e-02;5.660570e-02;4.774714e-02;1.642808e-01;9.357138e-02
6.344928e-02;3.615564e-02;1.908888e-01;4.837447e-02;5.265499e-02;1.211019e-01;1.045945e-01;3.435967e-02;5.081273e-02;6.053745e-02;1.704202e-01;6.665036e-02
4.859100e-02;4.013574e-02;2.155491e-01;3.222595e-02;3.882223e-02;1.440301e-01;1.039571e-01;3.071084e-02;3.886733e-02;6.959857e-02;1.733118e-01;6.420022e-02
5.535137e-02;3.990111e-02;2.178002e-01;3.014932e-02;2.591344e-02;1.721276e-01;1.053323e-01;2.965785e-02;4.438436e-02;7.643354e-02;1.518945e-01;5.105443e-02
4.626899e-02;3.248210e-02;2.085906e-01;2.715690e-02;2.181433e-02;1.982658e-01;1.247828e-01;2.699200e-02;5.229812e-02;6.100622e-02;1.449105e-01;5.543157e-02
5.946201e-02;4.000932e-02;2.035156e-01;2.356858e-02;3.075955e-02;1.921758e-01;1.449767e-01;2.884601e-02;4.129387e-02;5.062302e-02;1.384711e-01;4.629847e-02
3.622349e-02;3.617511e-02;1.980114e-01;2.599527e-02;2.105615e-02;2.243777e-01;1.562926e-01;3.124988e-02;3.872812e-02;4.729552e-02;1.413608e-01;4.323405e-02
2.687654e-02;2.473729e-02;1.534346e-01;1.968193e-02;3.969002e-02;2.939848e-01;1.391394e-01;2.569087e-02;4.129564e-02;5.617423e-02;1.522516e-01;2.704301e-02
2.098861e-02;2.465982e-02;1.024962e-01;3.096624e-02;6.415866e-02;3.265961e-01;1.153822e-01;2.554372e-02;4.125597e-02;6.828368e-02;1.572209e-01;2.244789e-02
2.603235e-02;5.064528e-02;8.335001e-02;4.404842e-02;7.611379e-02;3.321822e-01;8.668432e-02;3.828451e-02;2.767286e-02;7.022138e-02;1.489860e-01;1.577890e-02
2.723925e-02;8.913404e-02;5.618985e-02;4.589654e-02;1.117282e-01;2.819027e-01;7.134584e-02;6.101293e-02;2.920257e-02;9.124526e-02;1.237654e-01;1.133735e-02
2.423778e-02;1.133607e-01;7.071479e-02;3.866766e-02;1.294734e-01;2.160902e-01;5.781548e-02;8.908995e-02;3.135459e-02;1.070279e-01;1.092750e-01;1.289258e-02
2.080162e-02;1.487124e-01;6.752033e-02;4.147011e-02;1.169484e-01;1.793654e-01;4.211559e-02;1.214731e-01;4.041678e-02;1.172451e-01;9.227523e-02;1.165600e-02
2.219919e-02;1.859751e-01;4.571825e-02;3.262852e-02;1.714320e-01;1.003206e-01;5.656148e-02;1.218652e-01;4.779075e-02;1.425731e-01;5.834334e-02;1.459260e-02
1.906045e-02;2.017558e-01;4.932303e-02;3.324242e-02;2.320089e-01;5.307489e-02;5.415181e-02;1.048641e-01;3.725653e-02;1.454476e-01;5.648096e-02;1.333355e-02
1.681609e-02;1.906038e-01;5.674161e-02;4.688419e-02;2.532209e-01;5.986187e-02;7.296342e-02;9.449650e-02;2.756820e-02;1.289860e-01;3.919142e-02;1.266601e-02
1.597316e-02;1.762874e-01;5.742265e-02;4.365467e-02;2.466011e-01;9.067609e-02;8.128024e-02;7.394810e-02;2.433466e-02;1.096441e-01;6.228305e-02;1.789481e-02
1.836633e-02;1.834475e-01;6.049377e-02;3.153985e-02;2.545568e-01;1.121042e-01;6.220356e-02;5.436726e-02;2.362245e-02;9.569839e-02;8.156180e-02;2.203812e-02
1.907890e-02;1.888029e-01;5.606695e-02;3.585893e-02;2.316833e-01;1.392280e-01;4.894828e-02;5.696983e-02;1.846668e-02;9.406191e-02;8.641294e-02;2.442138e-02
1.622695e-02;1.558264e-01;9.864701e-02;3.400803e-02;1.734395e-01;1.827431e-01;3.510854e-02;8.910751e-02;1.435614e-02;8.625966e-02;9.502296e-02;1.925418e-02
1.703193e-02;8.710340e-02;1.089789e-01;3.986115e-02;1.360305e-01;2.320176e-01;3.804677e-02;1.405831e-01;2.340044e-02;4.956483e-02;1.097312e-01;1.765008e-02
2.150748e-02;3.735918e-02;9.746612e-02;3.284154e-02;1.277960e-01;2.573192e-01;2.942992e-02;1.696929e-01;2.766773e-02;5.623188e-02;1.168273e-01;2.586086e-02
2.078941e-02;4.280031e-02;5.806848e-02;3.727402e-02;1.121451e-01;2.349543e-01;6.870188e-02;1.518485e-01;4.194058e-02;8.378965e-02;1.164790e-01;3.120877e-02
2.202413e-02;6.078808e-02;8.753690e-02;3.797219e-02;1.095516e-01;1.798171e-01;8.490885e-02;1.174061e-01;6.022920e-02;1.120525e-01;9.688962e-02;3.082361e-02
3.245194e-02;7.850666e-02;9.507437e-02;4.069945e-02;1.372196e-01;1.609770e-01;8.339788e-02;1.111873e-01;4.286952e-02;1.063489e-01;7.856468e-02;3.270263e-02
5.504211e-02;1.022528e-01;6.670252e-02;7.633162e-02;1.395569e-01;1.216557e-01;7.928527e-02;1.234273e-01;3.235319e-02;9.541629e-02;7.754175e-02;3.043460e-02
