5.099802e-02;7.256012e-02;7.309917e-02;8.171707e-02;7.390583e-02;1.513306e-01;1.069127e-01;7.240345e-02;1.068349e-01;8.697364e-02;5.892732e-02;6.433725e-02
9.147882e-02;4.298937e-02;7.435162e-02;4.953614e-02;3.507297e-02;1.938639e-01;1.163770e-01;1.066234e-01;8.510885e-02;1.115146e-01;4.592803e-02;4.715524e-02
1.084005e-01;6.282211e-02;8.471656e-02;4.410578e-02;6.679835e-02;1.682976e-01;1.029593e-01;1.074737e-01;6.002627e-02;1.066653e-01;4.639560e-02;4.133900e-02
1.039625e-01;8.377250e-02;9.719512e-02;4.451707e-02;1.314397e-01;1.532419e-01;1.039400e-01;5.496943e-02;6.952302e-02;8.796661e-02;4.266693e-02;2.680519e-02
6.474972e-02;5.029304e-02;1.082827e-01;3.459007e-02;1.315698e-01;1.550485e-01;1.113464e-01;4.820000e-02;1.215661e-01;9.015183e-02;6.276004e-02;2.144184e-02
4.672061e-02;4.193964e-02;1.275265e-01;3.942333e-02;9.754465e-02;1.116135e-01;1.166887e-01;6.321011e-02;1.458647e-01;1.093907e-01;7.703159e-02;2.304588e-02
4.707244e-02;4.572881e-02;1.432683e-01;4.170317e-02;8.251268e-02;6.946768e-02;1.032692e-01;6.978830e-02;1.257443e-01;1.446712e-01;9.028795e-02;3.648596e-02
3.918823e-02;4.268653e-02;9.679239e-02;3.921177e-02;8.211672e-02;3.811546e-02;1.066409e-01;6.277371e-02;1.046864e-01;2.170247e-01;1.332001e-01;3.756305e-02
5.145413e-02;3.486691e-02;4.055364e-02;3.855691e-02;5.335759e-02;3.414563e-02;7.605559e-02;6.969541e-02;1.311154e-01;2.553356e-01;1.658142e-01;4.904900e-02
3.296583e-02;2.579249e-02;5.151356e-02;3.105108e-02;4.873143e-02;3.993233e-02;4.685106e-02;5.743749e-02;1.178723e-01;2.812918e-01;2.246365e-01;4.192412e-02
3.476001e-02;2.701759e-02;6.011181e-02;3.073869e-02;4.232257e-02;4.843426e-02;3.818591e-02;2.410421e-02;7.070082e-02;2.937132e-01;2.797055e-01;5.020541e-02
5.676256e-02;4.777351e-02;5.803894e-02;2.354479e-02;3.755214e-02;6.177094e-02;9.087427e-02;4.254940e-02;7.952340e-02;2.153298e-01;2.416463e-01;4.463394e-02
1.604343e-01;1.003946e-01;1.244738e-01;2.928761e-02;3.923731e-02;4.545439e-02;1.231664e-01;6.144471e-02;6.400054e-02;8.686899e-02;9.945922e-02;6.577825e-02
2.418876e-01;1.419313e-01;1.355400e-01;2.893895e-02;3.040037e-02;2.885243e-02;1.047978e-01;6.674581e-02;5.553453e-02;5.264500e-02;4.460170e-02;6.812454e-02
2.740402e-01;2.157205e-01;1.519139e-01;2.228522e-02;1.777471e-02;1.692161e-02;6.383067e-02;5.584570e-02;7.894099e-02;3.214346e-02;1.656725e-02;5.401573e-02
1.939083e-01;3.100986e-01;2.286570e-01;1.580236e-02;9.072953e-03;1.008257e-02;2.180946e-02;2.618803e-02;1.276904e-01;1.883742e-02;1.019196e-02;2.766106e-02
1.405062e-01;3.644648e-01;2.582062e-01;1.096398e-02;4.694459e-03;9.801153e-03;9.354017e-03;1.938752e-02;1.495372e-01;1.228580e-02;7.024700e-03;1.377392e-02
1.623902e-01;3.644443e-01;2.169231e-01;1.153585e-02;7.451851e-03;1.253923e-02;2.315531e-02;5.020157e-02;9.851936e-02;2.343572e-02;1.344341e-02;1.596007e-02
1.751863e-01;3.490120e-01;1.440651e-01;1.778893e-02;6.806913e-03;1.249434e-02;2.659908e-02;8.018231e-02;1.330830e-01;2.283766e-02;1.579189e-02;1.615239e-02
2.546567e-01;2.702511e-01;8.692975e-02;1.540350e-02;9.345732e-03;7.470326e-03;2.326128e-02;1.236189e-01;1.685398e-01;1.838491e-02;9.669311e-03;1.246876e-02
3.214657e-01;2.057195e-01;7.254959e-02;8.796554e-03;2.039289e-02;6.785545e-03;4.096297e-02;1.761973e-01;1.099372e-01;9.228563e-03;1.269551e-02;1.526863e-02
3.724869e-01;1.651228e-01;5.166658e-02;1.096192e-02;2.763911e-02;1.048438e-02;4.996472e-02;2.000682e-01;4.351091e-02;1.030134e-02;1.720985e-02;4.058328e-02
3.178296e-01;1.329169e-01;5.554217e-02;2.514858e-02;2.548343e-02;2.510076e-02;4.771978e-02;1.885184e-01;3.337805e-02;3.029292e-02;4.535380e-02;7.271560e-02
1.589065e-01;8.433932e-02;8.216390e-02;3.634283e-02;4.604728e-02;4.437910e-02;7.793055e-02;1.491073e-01;7.913695e-02;6.955051e-02;9.571206e-02;7.638371e-02
1.212762e-01;6.635585e-02;8.794130e-02;3.511115e-02;5.440764e-02;5.507554e-02;7.820781e-02;1.188388e-01;1.152198e-01;1.237325e-01;1.001235e-01;4.370989e-02
8.612290e-02;6.461409e-02;8.023152e-02;4.452653e-02;3.261126e-02;5.423163e-02;1.535764e-01;1.012491e-01;1.332256e-01;1.428847e-01;7.306330e-02;3.366297e-02
9.695723e-02;3.641999e-02;7.307404e-02;3.527877e-02;4.683835e-02;5.782143e-02;2.776307e-01;6.171704e-02;1.102191e-01;9.982152e-02;5.535424e-02;4.886752e-02
1.472623e-01;4.196521e-02;5.524802e-02;2.215744e-02;6.214501e-02;6.844961e-02;3.322589e-01;6.244469e-02;7.485969e-02;4.097247e-02;3.817023e-02;5.406642e-02
2.023350e-01;5.694522e-02;4.920776e-02;2.614527e-02;9.026626e-02;8.725826e-02;2.851852e-01;5.692723e-02;5.189280e-02;2.668266e-02;2.076152e-02;4.639282e-02
1.738263e-01;7.511604e-02;8.203498e-02;3.219267e-02;1.231688e-01;8.189152e-02;2.117221e-01;6.348398e-02;3.365545e-02;4.638745e-02;2.751370e-02;4.900699e-02
3.618120e-02;5.890509e-02;8.395994e-02;3.745134e-02;1.090599e-01;6.711405e-02;2.204724e-01;1.084037e-01;5.849369e-02;7.114747e-02;6.888201e-02;7.992917e-02
1.352962e-01;5.686476e-02;7.363261e-02;2.689569e-02;7.432807e-02;5.821456e-02;2.492222e-01;7.772654e-02;4.416195e-02;5.480463e-02;6.763232e-02;8.122040e-02
1.796493e-01;7.036471e-02;7.022472e-02;4.539196e-02;9.191556e-02;8.118602e-02;2.099298e-01;7.746922e-02;2.783055e-02;3.896556e-02;4.593792e-02;6.113470e-02
1.897328e-01;6.717203e-02;4.784140e-02;6.023474e-02;1.203135e-01;1.220045e-01;1.842774e-01;9.241023e-02;3.994968e-02;2.934021e-02;1.602749e-02;3.069601e-02
1.888000e-01;5.292971e-02;1.878236e-02;4.281511e-02;1.250975e-01;1.578659e-01;1.742771e-01;9.934921e-02;7.780191e-02;3.914894e-02;4.812112e-03;1.832018e-02
1.932212e-01;5.562267e-02;8.417857e-03;2.082430e-02;1.103041e-01;1.703886e-01;1.777628e-01;9.484669e-02;9.273776e-02;5.611591e-02;3.175217e-03;1.658290e-02
1.983800e-01;8.359150e-02;1.456047e-02;3.549628e-02;9.849397e-02;1.578136e-01;2.043397e-01;6.006056e-02;6.501522e-02;6.098600e-02;3.300486e-03;1.796226e-02
1.469406e-01;1.123736e-01;3.559061e-02;3.123328e-02;6.065998e-02;1.073950e-01;2.946104e-01;6.861898e-02;6.653938e-02;4.907242e-02;1.000240e-02;1.696324e-02
7.471470e-02;1.048693e-01;4.864832e-02;1.291015e-02;4.619100e-02;9.287574e-02;3.600501e-01;9.711637e-02;8.358405e-02;5.166235e-02;1.701282e-02;1.036514e-02
2.248746e-02;8.455457e-02;8.579709e-02;2.626530e-02;6.485033e-02;1.071002e-01;3.787015e-01;9.080268e-02;6.520054e-02;4.676987e-02;1.986953e-02;7.600886e-03
4.519781e-02;5.134547e-02;1.467852e-01;4.600078e-02;5.278507e-02;8.424173e-02;3.265773e-01;1.018929e-01;7.237460e-02;4.762363e-02;1.127183e-02;1.390361e-02
4.187404e-02;1.801119e-02;1.925433e-01;4.047505e-02;2.438317e-02;4.667787e-02;2.570692e-01;1.497898e-01;1.197690e-01;7.889078e-02;7.401343e-03;2.311524e-02
3.758922e-02;5.135399e-02;2.040233e-01;3.174447e-02;2.865092e-02;7.191099e-02;1.734565e-01;1.598231e-01;1.250286e-01;8.025618e-02;8.178260e-03;2.798453e-02
2.198587e-02;6.900933e-02;1.860345e-01;4.307236e-02;7.120269e-02;1.150934e-01;1.826375e-01;1.220737e-01;9.308919e-02;5.994824e-02;1.204526e-02;2.380796e-02
4.626528e-02;7.217973e-02;1.818338e-01;3.782368e-02;9.013771e-02;8.533429e-02;2.434858e-01;8.553807e-02;6.736020e-02;3.905181e-02;1.935392e-02;3.163566e-02
8.322681e-02;7.607079e-02;1.749994e-01;3.164336e-02;6.503765e-02;5.418523e-02;2.606493e-01;9.048072e-02;5.865170e-02;3.912659e-02;2.757415e-02;3.835429e-02
1.155448e-01;6.079900e-02;1.894601e-01;3.063148e-02;4.916972e-02;5.428220e-02;2.284621e-01;9.618130e-02;4.821525e-02;4.407440e-02;4.989399e-02;3.328570e-02
1.067969e-01;5.451098e-02;1.562115e-01;3.457472e-02;5.511300e-02;6.741510e-02;2.344071e-01;7.512531e-02;6.151445e-02;6.727391e-02;4.417395e-02;4.288309e-02
8.584753e-02;9.320150e-02;1.252349e-01;5.686200e-02;4.757361e-02;4.624722e-02;2.121125e-01;6.653543e-02;7.589980e-02;7.086344e-02;3.865745e-02;8.096457e-02
8.807016e-02;1.186585e-01;1.244228e-01;8.047226e-02;4.396040e-02;2.957553e-02;1.362535e-01;5.074321e-02;7.024777e-02;1.064137e-01;4.779619e-02;1.033860e-01
7.219481e-02;1.052323e-01;1.262934e-01;8.522782e-02;4.688402e-02;2.914120e-02;1.164255e-01;3.486958e-02;7.093164e-02;1.519215e-01;7.627194e-02;8.460618e-02
4.354701e-02;1.488438e-01;1.041416e-01;4.809093e-02;6.951988e-02;2.211860e-02;8.578029e-02;4.878191e-02;9.011165e-02;1.850821e-01;1.188531e-01;3.512915e-02
4.303760e-02;2.040400e-01;6.423192e-02;2.280919e-02;4.895629e-02;2.713717e-02;4.782348e-02;6.116279e-02;7.093342e-02;1.980356e-01;1.678130e-01;4.401967e-02
4.667001e-02;2.199095e-01;6.361081e-02;3.660616e-02;2.479927e-02;2.488360e-02;2.728229e-02;5.476680e-02;5.000586e-02;2.100300e-01;1.938506e-01;4.758503e-02
6.037428e-02;2.305018e-01;4.787961e-02;3.807149e-02;3.237162e-02;1.862294e-02;3.266786e-02;4.502937e-02;4.797091e-02;2.189616e-01;1.722651e-01;5.528333e-02
3.907879e-02;2.164107e-01;4.202596e-02;3.900534e-02;5.358477e-02;3.158112e-02;2.596462e-02;4.017861e-02;5.914883e-02;2.265820e-01;1.409703e-01;8.546901e-02
4.480354e-02;1.378758e-01;6.851443e-02;4.057929e-02;6.813939e-02;4.460304e-02;3.360989e-02;3.514681e-02;7.944305e-02;2.232084e-01;1.246923e-01;9.938408e-02
8.032291e-02;8.322434e-02;6.607044e-02;5.222743e-02;6.480552e-02;5.380603e-02;8.348566e-02;3.871596e-02;1.005453e-01;1.755287e-01;1.413425e-01;5.992517e-02
6.936946e-02;9.797495e-02;6.568125e-02;6.881405e-02;6.952307e-02;5.293940e-02;8.846853e-02;5.891796e-02;1.073583e-01;1.142177e-01;1.337950e-01;7.294037e-02
1.160685e-01;6.520814e-02;8.395360e-02;1.122895e-01;6.490614e-02;5.519506e-02;1.059133e-01;9.073617e-02;7.684052e-02;9.312002e-02;7.773010e-02;5.803892e-02
1.443450e-01;6.405842e-02;7.234010e-02;1.327490e-01;5.323043e-02;6.983834e-02;9.932865e-02;8.891716e-02;5.820433e-02;6.131018e-02;6.314168e-02;9.253675e-02
1.244293e-01;7.103717e-02;7.151603e-02;1.085283e-01;7.143480e-02;7.207129e-02;1.321298e-01;6.014758e-02;7.086089e-02;6.995842e-02;5.225237e-02;9.563396e-02
1.205903e-01;1.134957e-01;5.664096e-02;5.880473e-02;5.516596e-02;7.389326e-02;1.659734e-01;5.265917e-02;8.470090e-02;9.007966e-02;5.461808e-02;7.337783e-02
1.423173e-01;1.034612e-01;6.795610e-02;8.334049e-02;4.132713e-02;9.513163e-02;1.215346e-01;6.621991e-02;9.754478e-02;9.012035e-02;5.004926e-02;4.099716e-02
1.249549e-01;5.592993e-02;6.906036e-02;1.180935e-01;3.350146e-02;6.452423e-02;1.039174e-01;8.389747e-02;1.249797e-01;9.470823e-02;6.220785e-02;6.422492e-02
6.722996e-02;7.814446e-02;3.844789e-02;9.895547e-02;3.615282e-02;9.342580e-02;1.141615e-01;8.241242e-02;1.547699e-01;9.858389e-02;7.738181e-02;6.033410e-02
6.185539e-02;6.649057e-02;1.034495e-01;9.279998e-02;7.144467e-02;5.963157e-02;9.736837e-02;9.192921e-02;1.175796e-01;9.713982e-02;6.333512e-02;7.697614e-02
6.518316e-02;6.751572e-02;1.267011e-01;9.748963e-02;6.489878e-02;5.529856e-02;9.848289e-02;9.546565e-02;9.818785e-02;8.639589e-02;4.432421e-02;1.000566e-01
5.309751e-02;7.276502e-02;1.372228e-01;1.037063e-01;6.463795e-02;4.787566e-02;1.076917e-01;9.651565e-02;9.993771e-02;6.737158e-02;4.508247e-02;1.040957e-01
9.556615e-02;8.880232e-02;1.777810e-01;8.145916e-02;5.483293e-02;4.265811e-02;1.160531e-01;7.210465e-02;8.711739e-02;5.331416e-02;4.037863e-02;8.993247e-02
2.203581e-01;9.410994e-02;1.779535e-01;5.347319e-02;3.965811e-02;3.181455e-02;1.060838e-01;2.967361e-02;6.604801e-02;6.024162e-02;4.614273e-02;7.444277e-02
3.220535e-01;7.497936e-02;1.018965e-01;5.161243e-02;2.357240e-02;2.506137e-02;1.026853e-01;2.850907e-02;4.308970e-02;7.546932e-02;4.913251e-02;1.019385e-01
4.213822e-01;2.216196e-02;4.337643e-02;3.801150e-02;1.115345e-02;2.001544e-02;1.188419e-01;2.747216e-02;2.365246e-02;8.644781e-02;4.649979e-02;1.409850e-01
4.215323e-01;4.745549e-02;7.047202e-02;2.694800e-02;1.608309e-02;1.277249e-02;9.898701e-02;7.133444e-02;2.732958e-02;7.074665e-02;3.145467e-02;1.048843e-01
4.510167e-01;6.451563e-02;9.382285e-02;1.891055e-02;2.280880e-02;7.625745e-03;6.850953e-02;9.105038e-02;3.278587e-02;3.744523e-02;3.320370e-02;7.830504e-02
4.563230e-01;1.215154e-01;1.156504e-01;3.187610e-02;2.087397e-02;7.389641e-03;4.085809e-02;7.056708e-02;3.207498e-02;1.794431e-02;2.319072e-02;6.173623e-02
4.017382e-01;1.560308e-01;1.598197e-01;4.583248e-02;2.005775e-02;1.419545e-02;3.448184e-02;5.256665e-02;3.515830e-02;2.180213e-02;1.520212e-02;4.311463e-02
3.430432e-01;1.623593e-01;1.501369e-01;4.167778e-02;2.521719e-02;1.781498e-02;5.368008e-02;8.697525e-02;3.867235e-02;3.042534e-02;2.127722e-02;2.872046e-02
2.689549e-01;1.216352e-01;1.083166e-01;3.189564e-02;3.781397e-02;3.575417e-02;8.640198e-02;1.138670e-01;6.089343e-02;4.501523e-02;4.533474e-02;4.411713e-02
2.071878e-01;6.279040e-02;1.125981e-01;4.141888e-02;6.248939e-02;7.437964e-02;1.102938e-01;9.072545e-02;6.292310e-02;5.900824e-02;6.878662e-02;4.739868e-02
2.604902e-01;5.782795e-02;1.055272e-01;3.145231e-02;5.445279e-02;7.536115e-02;1.038480e-01;7.521248e-02;6.153842e-02;5.403249e-02;6.526566e-02;5.499130e-02
3.517803e-01;1.137428e-01;8.462141e-02;2.731053e-02;2.950905e-02;3.531367e-02;5.443122e-02;5.455505e-02;7.864601e-02;7.517345e-02;3.568105e-02;5.923557e-02
1.637439e-01;7.740357e-02;5.759299e-02;4.587343e-02;4.619149e-02;3.570747e-02;4.763690e-02;8.529115e-02;1.709487e-01;1.579311e-01;5.454065e-02;5.713858e-02
7.359937e-02;5.067229e-02;7.762418e-02;5.288493e-02;5.450746e-02;4.259048e-02;5.500677e-02;1.043815e-01;1.937487e-01;1.713471e-01;7.237443e-02;5.126278e-02
5.759618e-02;3.646437e-02;8.426779e-02;5.400994e-02;6.971371e-02;5.385570e-02;7.564574e-02;1.115482e-01;1.791693e-01;1.553675e-01;7.955696e-02;4.280467e-02
4.481245e-02;1.497086e-02;1.069210e-01;3.914991e-02;9.202476e-02;1.148404e-01;3.018240e-01;7.516152e-02;5.951928e-02;8.741272e-02;3.622334e-02;2.713975e-02
2.807894e-02;1.691953e-02;1.369870e-01;5.368377e-02;1.032749e-01;1.232506e-01;3.087904e-01;4.109544e-02;2.936392e-02;9.612081e-02;3.214826e-02;3.028630e-02
2.331814e-02;2.578560e-02;2.279240e-01;7.470313e-02;1.120857e-01;1.002384e-01;2.063967e-01;3.856424e-02;2.347571e-02;9.197189e-02;4.443993e-02;3.109651e-02
3.984794e-02;3.205838e-02;2.956042e-01;8.496043e-02;1.076770e-01;5.978924e-02;1.373289e-01;4.878070e-02;2.446022e-02;7.851826e-02;5.087136e-02;4.010338e-02
6.456922e-02;3.067330e-02;1.981853e-01;6.848131e-02;1.096482e-01;5.640683e-02;2.063102e-01;5.638047e-02;3.507035e-02;7.562540e-02;3.883513e-02;5.981441e-02
3.608324e-02;2.611317e-02;1.988781e-01;3.670231e-02;6.331882e-02;6.590756e-02;3.065489e-01;3.715737e-02;3.071151e-02;7.429041e-02;7.886460e-02;4.542406e-02
3.885452e-02;3.525778e-02;2.579575e-01;3.569204e-02;2.293522e-02;4.404739e-02;3.320929e-01;4.072606e-02;2.974814e-02;6.037908e-02;6.553581e-02;3.677350e-02
5.036913e-02;2.993424e-02;2.297941e-01;5.132947e-02;4.100312e-02;6.583225e-02;3.199657e-01;2.464557e-02;3.698396e-02;5.996779e-02;5.385339e-02;3.632132e-02
2.936302e-02;1.616759e-02;1.967450e-01;7.649171e-02;7.997931e-02;7.780316e-02;3.328776e-01;3.593473e-02;3.953967e-02;5.554820e-02;3.833724e-02;2.121278e-02
4.289897e-02;2.549035e-02;1.843356e-01;8.310363e-02;1.123058e-01;8.097862e-02;2.294018e-01;5.222291e-02;4.973570e-02;6.900460e-02;4.342752e-02;2.709441e-02
6.882173e-02;3.541898e-02;1.848328e-01;8.877604e-02;1.406416e-01;7.819278e-02;1.309379e-01;5.320385e-02;5.224213e-02;5.601180e-02;6.500759e-02;4.591275e-02
5.667528e-02;2.886239e-02;1.485796e-01;9.564140e-02;1.355953e-01;7.399420e-02;1.289301e-01;5.668051e-02;5.452602e-02;8.894864e-02;8.034860e-02;5.121795e-02
9.591532e-02;6.013289e-02;6.156614e-02;8.864936e-02;1.348099e-01;9.033888e-02;1.550049e-01;7.483328e-02;7.015077e-02;5.788664e-02;6.148814e-02;4.922382e-02
8.006315e-02;7.630915e-02;1.289516e-01;7.344507e-02;1.101540e-01;1.046470e-01;1.027185e-01;8.364538e-02;8.986244e-02;4.069275e-02;6.265081e-02;4.686005e-02
1.109183e-01;7.462468e-02;1.207733e-01;8.708080e-02;6.951418e-02;5.506751e-02;1.703711e-01;7.086664e-02;9.116879e-02;3.981142e-02;7.169661e-02;3.810674e-02
9.441320e-02;5.937312e-02;1.157719e-01;6.155468e-02;5.602870e-02;7.836388e-02;1.745321e-01;9.553380e-02;7.939870e-02;5.575829e-02;7.879743e-02;5.047422e-02
6.582494e-02;6.447300e-02;8.698285e-02;5.142752e-02;7.586072e-02;9.437533e-02;1.499775e-01;1.277129e-01;6.225264e-02;9.686273e-02;7.824016e-02;4.600969e-02
6.800420e-02;6.085406e-02;5.415952e-02;5.648245e-02;1.033181e-01;8.636423e-02;1.382305e-01;1.253545e-01;6.522326e-02;1.480353e-01;6.166167e-02;3.231228e-02
1.323521e-01;3.397722e-02;4.114132e-02;8.930328e-02;7.735252e-02;4.205620e-02;1.565663e-01;6.603140e-02;1.740044e-01;1.196037e-01;4.936268e-02;1.824895e-02
1.774862e-01;1.414018e-02;3.646054e-02;1.310866e-01;2.722413e-02;1.472776e-02;1.130296e-01;6.308590e-02;2.717737e-01;6.141512e-02;7.534881e-02;1.422150e-02
1.937929e-01;6.219713e-03;2.642569e-02;1.528590e-01;1.293415e-02;1.480474e-02;7.595282e-02;5.221942e-02;3.289043e-01;4.128635e-02;8.312871e-02;1.147212e-02
1.982724e-01;7.727076e-03;1.952800e-02;1.498239e-01;1.567861e-02;8.920368e-03;1.049023e-01;4.572400e-02;3.253923e-01;3.459485e-02;7.985885e-02;9.577395e-03
2.040678e-01;6.560647e-03;2.196151e-02;1.385092e-01;1.911577e-02;8.051675e-03;1.352085e-01;4.525347e-02;3.073449e-01;3.713398e-02;6.672589e-02;1.006673e-02
1.850427e-01;8.730051e-03;3.574742e-02;1.182744e-01;3.227459e-02;1.877619e-02;1.524420e-01;3.815896e-02;2.698097e-01;7.033089e-02;5.086222e-02;1.955073e-02
1.385076e-01;2.457749e-02;3.969689e-02;9.219216e-02;7.720201e-02;2.552616e-02;1.299657e-01;2.569788e-02;2.169226e-01;1.505272e-01;3.115090e-02;4.803348e-02
7.017519e-02;5.754067e-02;3.416486e-02;7.597531e-02;1.280338e-01;2.169693e-02;6.224997e-02;4.215856e-02;1.636581e-01;2.319922e-01;3.621631e-02;7.613806e-02
3.310143e-02;8.679178e-02;6.355744e-02;8.862218e-02;1.421578e-01;2.983090e-02;3.921371e-02;5.845207e-02;1.162118e-01;2.261758e-01;4.738868e-02;6.849638e-02
4.956936e-02;8.707581e-02;1.063938e-01;1.000903e-01;1.186548e-01;3.737245e-02;7.926554e-02;6.177689e-02;8.905362e-02;1.640967e-01;6.001874e-02;4.663204e-02
1.010130e-01;5.259912e-02;1.063564e-01;9.932788e-02;9.109706e-02;3.156368e-02;9.134797e-02;4.572373e-02;1.191720e-01;1.446799e-01;7.976315e-02;3.735606e-02
1.481429e-01;4.647289e-02;6.224856e-02;8.400398e-02;7.103315e-02;2.166912e-02;8.444013e-02;4.273541e-02;1.510709e-01;1.551500e-01;6.737590e-02;6.565708e-02
1.457445e-01;7.409048e-02;6.979003e-02;7.111414e-02;7.625498e-02;2.287637e-02;1.313771e-01;4.513330e-02;1.274657e-01;1.287882e-01;4.101173e-02;6.635342e-02
1.437458e-01;6.661068e-02;5.866206e-02;1.105068e-01;7.514740e-02;3.192389e-02;1.291113e-01;4.249313e-02;8.634365e-02;1.521584e-01;3.481448e-02;6.848250e-02
9.835137e-02;3.116635e-02;5.440868e-02;1.484359e-01;9.428707e-02;3.558286e-02;7.589702e-02;6.375776e-02;9.366364e-02;1.839332e-01;3.776419e-02;8.275192e-02
7.514348e-02;2.206832e-02;7.480022e-02;1.303971e-01;1.217367e-01;2.765581e-02;5.627207e-02;7.220894e-02;1.652347e-01;1.399528e-01;3.399076e-02;8.053909e-02
7.328314e-02;3.498780e-02;8.752937e-02;9.792814e-02;1.218504e-01;4.110046e-02;5.532256e-02;6.597689e-02;2.053697e-01;1.214681e-01;2.355918e-02;7.162423e-02
6.727822e-02;5.406728e-02;8.525591e-02;8.049529e-02;8.550191e-02;5.872748e-02;6.039388e-02;6.118111e-02;2.136351e-01;1.247337e-01;3.470785e-02;7.402229e-02
6.669644e-02;6.707435e-02;9.879678e-02;7.446364e-02;7.074540e-02;8.657159e-02;9.824209e-02;1.097222e-01;1.436638e-01;7.075337e-02;3.355161e-02;7.971879e-02
6.227527e-02;9.343657e-02;8.797597e-02;1.151285e-01;5.310200e-02;8.728978e-02;1.255048e-01;1.214177e-01;9.138370e-02;5.877207e-02;4.947894e-02;5.423463e-02
5.775015e-02;7.860474e-02;1.060948e-01;1.162544e-01;3.855207e-02;6.465472e-02;1.076880e-01;1.013785e-01;1.437462e-01;7.936170e-02;4.442590e-02;6.148886e-02
5.884121e-02;4.577997e-02;1.173146e-01;8.742872e-02;3.897306e-02;4.695503e-02;9.848128e-02;1.534776e-01;1.845011e-01;8.215771e-02;2.935694e-02;5.673268e-02
6.355899e-02;4.689309e-02;1.118570e-01;5.180933e-02;4.040715e-02;5.521237e-02;9.961163e-02;1.942569e-01;1.725593e-01;7.967654e-02;3.461389e-02;4.954379e-02
6.862257e-02;7.492652e-02;1.000672e-01;7.068843e-02;3.720964e-02;7.159841e-02;8.615140e-02;1.857697e-01;1.194454e-01;9.266876e-02;3.895450e-02;5.389743e-02
7.805980e-02;1.047905e-01;1.077917e-01;9.134982e-02;4.902327e-02;7.097863e-02;8.236002e-02;1.276018e-01;1.004860e-01;9.951580e-02;4.315264e-02;4.489002e-02
7.435340e-02;5.386887e-02;6.630067e-02;6.750105e-02;6.859211e-02;6.398238e-02;1.268274e-01;1.885599e-01;1.056224e-01;8.845619e-02;4.287216e-02;5.306349e-02
6.422308e-02;2.980002e-02;1.001983e-01;6.364703e-02;4.337397e-02;1.010897e-01;1.673327e-01;1.588752e-01;9.819216e-02;7.727697e-02;4.115315e-02;5.483763e-02
6.700352e-02;4.831341e-02;1.098356e-01;6.222210e-02;4.014283e-02;6.712322e-02;1.426739e-01;9.087005e-02;1.604402e-01;8.844279e-02;8.854531e-02;3.438714e-02
6.497343e-02;5.631195e-02;1.060419e-01;5.735605e-02;4.663051e-02;4.790888e-02;1.362879e-01;9.992104e-02;1.450160e-01;1.082800e-01;9.693848e-02;3.433387e-02
5.493651e-02;5.872153e-02;1.345375e-01;5.393953e-02;5.055415e-02;3.997559e-02;1.204547e-01;1.001389e-01;1.134760e-01;1.209561e-01;1.123772e-01;3.993227e-02
3.411893e-02;4.482682e-02;2.973642e-01;4.330335e-02;6.950505e-02;4.221591e-02;1.301150e-01;6.002652e-02;4.653582e-02;1.022739e-01;9.176592e-02;3.794863e-02
2.684066e-02;4.724553e-02;4.273410e-01;4.479619e-02;5.331088e-02;5.602273e-02;9.831295e-02;3.718691e-02;7.585426e-02;6.033860e-02;4.327366e-02;2.947670e-02
2.209084e-02;6.115323e-02;4.970092e-01;3.391166e-02;2.350878e-02;5.781477e-02;5.806084e-02;3.051929e-02;1.065952e-01;5.518508e-02;2.433283e-02;2.981826e-02
1.700497e-02;6.452689e-02;5.562603e-01;2.677309e-02;6.593364e-03;7.045094e-02;3.027977e-02;1.709029e-02;1.163695e-01;4.526497e-02;1.339635e-02;3.598958e-02
1.115271e-02;5.745404e-02;6.137259e-01;2.714136e-02;9.073675e-03;6.728259e-02;1.729170e-02;1.402322e-02;9.438899e-02;3.574255e-02;1.134253e-02;4.138077e-02
8.747576e-03;4.439928e-02;6.246258e-01;3.990880e-02;2.526484e-02;5.210207e-02;3.071472e-02;1.951581e-02;7.954368e-02;1.911091e-02;1.564640e-02;4.042006e-02
1.923885e-02;2.272768e-02;4.810374e-01;6.161981e-02;6.580555e-02;5.512191e-02;6.123885e-02;1.696085e-02;4.656601e-02;6.601620e-02;6.734288e-02;3.632408e-02
2.547013e-02;1.265393e-02;3.547490e-01;9.418520e-02;8.181874e-02;4.836709e-02;6.236835e-02;8.207933e-03;1.963481e-02;8.150078e-02;1.714712e-01;3.957275e-02
2.439370e-02;9.963413e-03;2.718444e-01;1.256868e-01;5.976004e-02;2.787967e-02;3.895369e-02;1.453922e-02;3.188271e-02;8.901409e-02;2.682076e-01;3.787472e-02
3.820246e-02;8.235379e-03;2.751507e-01;1.065518e-01;3.131145e-02;1.587114e-02;5.763917e-02;2.752627e-02;3.673756e-02;1.668953e-01;2.153782e-01;2.050054e-02
4.369384e-02;1.376398e-02;3.086456e-01;4.975813e-02;2.299749e-02;1.054751e-02;8.216873e-02;3.867903e-02;2.915133e-02;2.701295e-01;1.115530e-01;1.891184e-02
2.675949e-02;4.257980e-02;2.990545e-01;2.624796e-02;2.194195e-02;2.289817e-02;7.406570e-02;3.786860e-02;6.211830e-02;2.886431e-01;6.779713e-02;3.002535e-02
3.121594e-02;1.134572e-01;2.314166e-01;2.722969e-02;2.145016e-02;4.676903e-02;3.483634e-02;3.798258e-02;2.077983e-01;1.733833e-01;3.804617e-02;3.641478e-02
9.522700e-02;1.294611e-01;1.239584e-01;3.761899e-02;3.179355e-02;4.543183e-02;2.960173e-02;7.810814e-02;2.771797e-01;6.760389e-02;5.027605e-02;3.373970e-02
1.373442e-01;6.777217e-02;8.582173e-02;4.922098e-02;4.127241e-02;3.018668e-02;6.458974e-02;1.205813e-01;1.646405e-01;8.784988e-02;8.820117e-02;6.251922e-02
1.035902e-01;4.705876e-02;8.109617e-02;5.356096e-02;3.933207e-02;4.455691e-02;9.730581e-02;9.546056e-02;1.203851e-01;9.629729e-02;1.205689e-01;1.007873e-01
6.916505e-02;6.874231e-02;8.318797e-02;4.312576e-02;6.071242e-02;7.210285e-02;7.375059e-02;6.960567e-02;1.268463e-01;1.156076e-01;1.381671e-01;7.898647e-02
8.852980e-02;6.158661e-02;6.732983e-02;6.589537e-02;6.555057e-02;6.675093e-02;6.765760e-02;6.686658e-02;1.583184e-01;1.539171e-01;7.189939e-02;6.569783e-02
7.635713e-02;4.690883e-02;9.009261e-02;5.885076e-02;4.678446e-02;6.683986e-02;5.922054e-02;1.018792e-01;1.395966e-01;1.138494e-01;6.450038e-02;1.351202e-01
5.659741e-02;5.959819e-02;1.174938e-01;4.007329e-02;6.017508e-02;5.447572e-02;9.237243e-02;1.174107e-01;6.132000e-02;1.075180e-01;9.303045e-02;1.399349e-01
4.819784e-02;1.066416e-01;6.669403e-02;2.827959e-02;8.915545e-02;2.400857e-02;1.649639e-01;8.589678e-02;7.011462e-02;6.517266e-02;1.786853e-01;7.218963e-02
3.183285e-02;1.370407e-01;3.859356e-02;2.371798e-02;6.959403e-02;2.662983e-02;2.086315e-01;6.066512e-02;9.196413e-02;5.937925e-02;1.912585e-01;6.069252e-02
6.509828e-02;1.245571e-01;5.843328e-02;5.011996e-02;4.049307e-02;3.998180e-02;2.022096e-01;5.188168e-02;5.858127e-02;9.464926e-02;1.197929e-01;9.420194e-02
8.112884e-02;9.595929e-02;6.848409e-02;6.905259e-02;2.868576e-02;5.122121e-02;1.844462e-01;3.239951e-02;2.477442e-02;1.214791e-01;9.353442e-02;1.488346e-01
8.502708e-02;5.682736e-02;7.436790e-02;7.167667e-02;2.709630e-02;5.606744e-02;1.866478e-01;2.849491e-02;3.383603e-02;1.428706e-01;5.200560e-02;1.850823e-01
8.342733e-02;6.072554e-02;7.869732e-02;8.026849e-02;3.760697e-02;5.697177e-02;1.898461e-01;2.437956e-02;3.160002e-02;1.435567e-01;4.105309e-02;1.718671e-01
8.793759e-02;6.901161e-02;8.031091e-02;8.418278e-02;4.305168e-02;5.945645e-02;1.884903e-01;2.702326e-02;2.357710e-02;1.363258e-01;3.165362e-02;1.689789e-01
6.670171e-02;9.328113e-02;8.240534e-02;6.257979e-02;4.310529e-02;7.142702e-02;2.166523e-01;2.204789e-02;1.750823e-02;1.227410e-01;3.419846e-02;1.673519e-01
4.521793e-02;1.445450e-01;6.290703e-02;3.671947e-02;3.137713e-02;6.088969e-02;2.538756e-01;3.108303e-02;3.814911e-02;8.680163e-02;8.532849e-02;1.231059e-01
4.385629e-02;1.605452e-01;4.280416e-02;2.578659e-02;3.129818e-02;5.609176e-02;2.755118e-01;3.473796e-02;5.611399e-02;8.258358e-02;1.310727e-01;5.959779e-02
5.073246e-02;1.480293e-01;6.143422e-02;3.631217e-02;3.221163e-02;5.637501e-02;2.625033e-01;2.826056e-02;6.516876e-02;8.215150e-02;1.369335e-01;3.988755e-02
6.173896e-02;1.288200e-01;7.247679e-02;4.054840e-02;3.625436e-02;5.109662e-02;2.529967e-01;2.998426e-02;7.108895e-02;8.254191e-02;1.184065e-01;5.404656e-02
9.106430e-02;1.144179e-01;5.516433e-02;3.680985e-02;5.590047e-02;5.334424e-02;2.712114e-01;2.822232e-02;6.726438e-02;7.179561e-02;8.797079e-02;6.683432e-02
1.133776e-01;1.011058e-01;5.038453e-02;2.628264e-02;6.894664e-02;6.093231e-02;3.012371e-01;2.843766e-02;4.508157e-02;5.493999e-02;5.819023e-02;9.108384e-02
8.617851e-02;9.562185e-02;5.510901e-02;3.232456e-02;5.952359e-02;6.812733e-02;3.279452e-01;3.512939e-02;6.102597e-02;3.487335e-02;4.752279e-02;9.661850e-02
4.386411e-02;9.646682e-02;4.535046e-02;4.908489e-02;7.314122e-02;7.374660e-02;3.687214e-01;3.505086e-02;7.335471e-02;5.895126e-02;3.367957e-02;4.858809e-02
4.398841e-02;6.969948e-02;5.303407e-02;5.254522e-02;1.003781e-01;7.153667e-02;3.550829e-01;3.042938e-02;6.215047e-02;5.237624e-02;7.099906e-02;3.777996e-02
4.260444e-02;3.964187e-02;3.983681e-02;8.685403e-02;1.142504e-01;8.142623e-02;3.342492e-01;3.707168e-02;6.275637e-02;5.659955e-02;4.771553e-02;5.699381e-02
6.015191e-02;4.484025e-02;3.388783e-02;9.090351e-02;1.139698e-01;9.218921e-02;2.914180e-01;4.727363e-02;4.599399e-02;7.702816e-02;5.797679e-02;4.436695e-02
1.001487e-01;6.209135e-02;4.482229e-02;6.226376e-02;1.073468e-01;8.927649e-02;2.220568e-01;5.416622e-02;3.609555e-02;7.508189e-02;1.060826e-01;4.056765e-02
1.341308e-01;8.458228e-02;6.888184e-02;5.110538e-02;9.554136e-02;8.387437e-02;1.679743e-01;4.568834e-02;4.470990e-02;8.282550e-02;9.406716e-02;4.661885e-02
1.512039e-01;7.044130e-02;7.193007e-02;7.718941e-02;6.784312e-02;9.559398e-02;1.151507e-01;5.736014e-02;7.467322e-02;1.281812e-01;4.335178e-02;4.708113e-02
1.378549e-01;4.499291e-02;7.048173e-02;6.834311e-02;9.009643e-02;7.717976e-02;8.424227e-02;6.488765e-02;9.409495e-02;1.307516e-01;7.127340e-02;6.580129e-02
1.145314e-01;3.267306e-02;5.649400e-02;6.884935e-02;1.013075e-01;6.776208e-02;1.001873e-01;5.235491e-02;1.191058e-01;9.613634e-02;1.147678e-01;7.583033e-02
6.791860e-02;4.129031e-02;6.481990e-02;4.753244e-02;5.724753e-02;4.276375e-02;9.479575e-02;6.725154e-02;7.090022e-02;1.347487e-01;1.625353e-01;1.481960e-01
5.925830e-02;4.547681e-02;8.146330e-02;3.278785e-02;4.935030e-02;3.276819e-02;8.368889e-02;4.843374e-02;7.667239e-02;1.297766e-01;1.494329e-01;2.108907e-01
6.564848e-02;6.321163e-02;7.947570e-02;4.161886e-02;7.662459e-02;6.744868e-02;9.393618e-02;5.171017e-02;8.300816e-02;1.197581e-01;6.655344e-02;1.910060e-01
7.069930e-02;7.409198e-02;6.308699e-02;5.264625e-02;8.078866e-02;6.216103e-02;1.041902e-01;5.248581e-02;9.002553e-02;1.156337e-01;6.216456e-02;1.720260e-01
7.463207e-02;6.393600e-02;6.308070e-02;6.501029e-02;8.498063e-02;5.381351e-02;9.460500e-02;4.569748e-02;1.310105e-01;9.938180e-02;5.979147e-02;1.640606e-01
