2.322078e-02;7.763168e-02;1.095532e-01;1.380819e-02;1.617791e-02;1.357997e-01;5.277161e-02;1.989723e-01;2.217664e-01;6.910121e-02;4.536241e-02;3.583464e-02
2.614678e-02;1.294878e-01;1.592463e-01;2.228535e-02;1.369969e-02;1.928876e-01;1.106532e-01;2.035106e-01;8.221870e-02;2.304478e-02;1.467265e-02;2.214657e-02
2.543194e-02;1.255349e-01;1.281003e-01;1.969032e-02;2.121900e-02;1.838987e-01;9.583907e-02;2.675751e-01;8.919179e-02;1.721746e-02;1.123520e-02;1.506621e-02
2.266105e-02;1.004395e-01;9.550952e-02;1.676662e-02;2.155674e-02;1.872562e-01;1.008980e-01;3.154276e-01;1.047209e-01;1.607844e-02;1.157130e-02;7.114099e-03
2.076801e-02;7.107919e-02;6.770403e-02;1.063782e-02;1.421620e-02;2.878546e-01;1.221513e-01;2.833152e-01;9.090512e-02;1.671738e-02;9.059302e-03;5.591795e-03
2.352673e-02;3.817090e-02;3.620211e-02;8.007133e-03;2.347613e-02;5.225771e-01;1.038312e-01;1.656106e-01;4.371614e-02;2.142021e-02;4.870347e-03;8.591487e-03
2.493981e-02;4.714355e-02;4.231014e-02;9.694877e-03;3.830669e-02;5.892971e-01;6.004964e-02;1.203379e-01;2.358198e-02;2.718387e-02;6.960203e-03;1.019432e-02
1.880686e-02;5.734777e-02;2.434638e-02;6.984574e-03;3.450035e-02;4.378495e-01;1.523015e-01;2.003488e-01;2.724684e-02;2.712925e-02;4.544032e-03;8.594135e-03
1.937242e-02;5.330985e-02;3.365808e-02;1.036067e-02;3.206155e-02;3.299388e-01;1.430734e-01;2.710081e-01;5.702902e-02;3.420517e-02;9.478872e-03;6.504042e-03
2.476429e-02;6.990615e-02;9.046910e-02;2.463538e-02;2.673017e-02;2.792628e-01;5.449857e-02;3.000906e-01;7.230461e-02;3.073137e-02;1.398812e-02;1.261889e-02
1.828732e-02;9.892717e-02;3.243724e-02;1.524005e-02;2.429123e-02;4.501244e-01;2.377435e-02;2.695469e-01;3.960773e-02;1.134349e-02;4.110731e-03;1.230945e-02
1.531855e-02;1.153897e-01;1.008473e-01;1.768363e-02;2.730425e-02;3.897185e-01;7.130500e-03;2.426935e-01;5.487780e-02;1.156349e-02;6.508945e-03;1.096389e-02
7.162695e-02;1.429096e-01;7.645329e-02;4.381087e-02;4.605560e-02;1.590305e-01;3.621856e-02;1.697605e-01;7.136934e-02;6.726233e-02;7.783008e-02;3.767244e-02
9.337374e-02;1.001971e-01;1.019881e-01;5.681954e-02;6.081293e-02;1.742292e-01;4.698020e-02;8.020027e-02;3.926875e-02;8.885357e-02;1.298830e-01;2.739356e-02
9.421959e-02;1.178377e-01;7.294825e-02;6.319597e-02;5.804176e-02;1.599414e-01;4.010123e-02;1.109452e-01;4.669780e-02;6.193935e-02;1.223058e-01;5.182600e-02
5.652300e-02;1.590799e-01;1.359627e-01;7.862128e-02;6.149695e-02;1.577653e-01;3.833175e-02;1.145038e-01;3.445638e-02;2.882313e-02;6.286842e-02;7.156737e-02
3.288626e-02;1.832335e-01;1.794282e-01;7.517973e-02;5.295197e-02;1.086300e-01;8.298218e-02;1.096534e-01;3.313386e-02;3.224719e-02;4.608196e-02;6.359174e-02
2.656558e-02;1.859855e-01;1.745753e-01;5.761911e-02;4.683071e-02;6.296037e-02;1.646633e-01;1.138717e-01;3.658964e-02;2.961111e-02;5.917975e-02;4.154783e-02
2.219045e-02;1.473031e-01;1.198500e-01;4.319337e-02;3.151980e-02;7.343295e-02;2.658760e-01;1.182794e-01;3.877567e-02;2.865393e-02;6.062558e-02;5.029977e-02
2.341942e-02;9.902190e-02;5.545172e-02;2.554636e-02;2.200520e-02;6.702331e-02;3.396996e-01;1.191273e-01;4.020126e-02;2.556405e-02;1.320744e-01;5.086546e-02
1.573886e-02;6.676734e-02;2.274671e-02;2.245074e-02;2.836519e-02;4.793961e-02;3.369023e-01;9.327951e-02;6.105190e-02;3.496889e-02;2.264088e-01;4.338014e-02
1.153146e-02;8.022059e-02;2.245807e-02;1.986412e-02;4.253982e-02;5.990720e-02;2.924256e-01;4.807893e-02;8.333410e-02;2.559390e-02;2.859541e-01;2.809213e-02
1.389640e-02;9.545149e-02;2.045539e-02;1.096423e-02;7.951105e-02;5.892227e-02;2.527186e-01;3.226486e-02;9.134569e-02;1.561764e-02;3.174888e-01;1.136354e-02
1.807585e-02;8.942799e-02;2.816103e-02;1.467911e-02;1.090065e-01;3.655664e-02;2.133653e-01;4.895673e-02;8.928000e-02;2.174762e-02;3.171887e-01;1.355443e-02
3.620405e-02;8.307529e-02;4.237711e-02;2.428501e-02;1.168450e-01;2.631731e-02;1.834209e-01;8.383290e-02;7.349978e-02;2.607032e-02;2.857141e-01;1.835830e-02
3.563643e-02;6.223054e-02;6.381831e-02;3.130442e-02;8.310422e-02;2.380233e-02;1.623685e-01;1.645681e-01;3.557999e-02;4.741891e-02;2.302806e-01;5.988768e-02
1.928280e-02;2.243569e-02;1.023921e-01;2.789075e-02;3.538562e-02;4.399987e-02;1.145345e-01;2.653922e-01;1.654734e-02;8.595344e-02;1.460459e-01;1.201396e-01
1.399087e-02;1.910803e-02;1.031623e-01;1.993863e-02;3.201814e-02;8.251506e-02;7.542180e-02;2.877660e-01;3.185329e-02;8.638602e-02;8.174442e-02;1.660955e-01
2.852399e-02;3.677169e-02;9.411060e-02;4.434313e-02;3.295817e-02;1.084662e-01;4.885805e-02;2.571102e-01;7.030401e-02;5.188761e-02;5.736011e-02;1.693062e-01
5.808897e-02;2.975932e-02;9.015642e-02;8.914942e-02;4.445814e-02;9.244755e-02;5.017684e-02;1.916971e-01;1.059229e-01;3.616474e-02;1.255687e-01;8.640990e-02
6.574018e-02;4.264961e-02;1.150827e-01;1.153420e-01;4.088309e-02;4.868813e-02;4.432837e-02;1.625304e-01;1.306489e-01;4.233992e-02;1.625128e-01;2.925389e-02
3.908926e-02;7.542251e-02;1.486914e-01;1.012645e-01;3.535598e-02;4.794054e-02;4.464408e-02;1.815345e-01;1.076761e-01;2.884207e-02;1.371022e-01;5.243698e-02
2.238281e-02;9.934429e-02;1.522193e-01;7.669894e-02;6.694565e-02;7.603502e-02;5.918600e-02;2.110317e-01;7.400681e-02;6.527426e-02;6.517745e-02;3.169782e-02
2.184496e-02;9.112005e-02;7.779341e-02;4.028890e-02;7.364269e-02;7.465417e-02;5.278476e-02;2.113764e-01;1.200171e-01;8.932924e-02;7.309192e-02;7.405633e-02
2.261912e-02;6.270819e-02;4.414964e-02;5.244064e-02;3.292398e-02;7.840224e-02;9.978627e-02;1.526368e-01;1.437620e-01;9.059074e-02;1.480736e-01;7.190677e-02
2.102115e-02;3.979033e-02;4.061987e-02;5.960749e-02;4.974230e-02;6.645548e-02;1.020376e-01;1.229256e-01;1.317643e-01;1.119895e-01;1.844487e-01;6.959771e-02
2.208063e-02;4.386155e-02;4.082388e-02;5.784654e-02;6.485441e-02;7.164693e-02;5.532202e-02;1.458266e-01;9.108905e-02;1.405413e-01;1.898182e-01;7.628889e-02
1.733244e-02;5.387857e-02;6.889462e-02;4.660681e-02;5.141586e-02;6.014447e-02;1.172915e-01;1.263464e-01;4.515465e-02;1.575845e-01;1.803411e-01;7.500904e-02
1.467485e-02;6.493160e-02;8.362441e-02;3.639295e-02;5.506372e-02;6.831070e-02;1.316985e-01;1.086109e-01;5.455359e-02;9.743992e-02;2.069239e-01;7.777499e-02
1.708750e-02;6.830224e-02;8.810027e-02;2.608787e-02;4.904214e-02;7.077263e-02;8.230282e-02;1.332071e-01;8.038781e-02;9.105378e-02;1.975652e-01;9.609071e-02
2.311145e-02;4.699831e-02;6.243297e-02;3.539547e-02;3.627050e-02;8.930195e-02;6.759772e-02;1.426027e-01;9.983642e-02;1.551994e-01;1.606064e-01;8.064669e-02
1.738369e-02;3.569613e-02;3.609593e-02;2.877444e-02;4.177384e-02;1.185955e-01;7.498125e-02;2.190110e-01;1.104982e-01;1.133715e-01;1.409815e-01;6.283701e-02
1.039433e-02;3.578264e-02;2.769074e-02;1.495491e-02;4.089648e-02;1.324166e-01;6.639869e-02;2.996358e-01;1.223663e-01;5.689055e-02;1.360366e-01;5.653648e-02
1.284075e-02;3.277058e-02;2.318432e-02;1.867147e-02;3.533261e-02;1.441372e-01;5.394238e-02;2.961648e-01;1.453819e-01;8.556863e-02;1.107112e-01;4.129427e-02
1.066360e-02;3.259223e-02;3.476641e-02;2.689521e-02;5.377125e-02;1.800421e-01;6.885028e-02;2.547141e-01;1.534995e-01;6.542043e-02;1.014107e-01;1.737414e-02
1.229173e-02;2.540923e-02;4.969604e-02;4.425672e-02;6.333193e-02;1.417797e-01;8.344572e-02;1.950832e-01;1.472432e-01;1.119353e-01;1.044286e-01;2.109854e-02
1.740856e-02;3.586805e-02;4.200803e-02;3.397320e-02;6.524714e-02;7.940928e-02;1.153806e-01;2.023107e-01;1.620495e-01;1.171324e-01;9.109785e-02;3.811471e-02
2.020213e-02;3.821712e-02;3.654321e-02;2.569964e-02;6.337390e-02;7.851063e-02;1.567839e-01;1.943292e-01;1.966185e-01;7.264710e-02;8.858813e-02;2.848655e-02
2.229902e-02;3.441590e-02;1.790660e-02;2.236822e-02;5.408844e-02;8.683370e-02;2.045315e-01;1.905773e-01;1.674368e-01;4.406034e-02;1.373847e-01;1.809741e-02
1.323965e-02;2.323906e-02;2.728699e-02;2.255081e-02;4.708704e-02;6.572039e-02;1.888630e-01;1.861681e-01;1.299718e-01;5.264828e-02;2.136390e-01;2.958602e-02
1.483379e-02;2.457134e-02;3.209434e-02;2.862170e-02;3.471023e-02;7.008586e-02;1.218761e-01;2.026380e-01;1.235821e-01;5.952578e-02;2.431727e-01;4.428802e-02
2.951366e-02;5.245821e-02;2.813116e-02;2.889684e-02;4.180557e-02;6.387663e-02;9.501161e-02;1.886924e-01;1.244773e-01;5.184562e-02;2.412451e-01;5.404599e-02
4.103741e-02;6.990836e-02;3.892284e-02;2.843965e-02;5.667266e-02;4.069899e-02;1.331856e-01;2.204267e-01;9.782118e-02;3.691637e-02;2.071572e-01;2.881301e-02
3.651498e-02;8.345433e-02;7.770970e-02;4.195867e-02;5.418783e-02;4.583225e-02;1.505461e-01;1.766263e-01;7.131890e-02;6.717826e-02;1.413261e-01;5.334646e-02
4.746723e-02;6.978358e-02;1.122325e-01;9.252547e-02;7.962700e-02;1.114481e-01;8.856247e-02;1.231818e-01;1.153396e-01;5.680902e-02;6.939425e-02;3.362905e-02
3.996376e-02;4.923683e-02;1.270656e-01;9.755028e-02;8.006304e-02;1.079210e-01;5.851880e-02;1.751014e-01;1.032524e-01;5.637963e-02;5.011807e-02;5.482916e-02
3.159230e-02;3.862258e-02;1.385552e-01;8.623689e-02;7.487499e-02;7.534608e-02;6.271078e-02;2.381268e-01;8.525119e-02;7.069314e-02;4.920140e-02;4.878864e-02
3.065244e-02;3.817607e-02;1.293414e-01;6.140214e-02;8.167295e-02;5.070643e-02;1.048399e-01;2.974852e-01;5.968319e-02;5.864015e-02;6.356676e-02;2.383336e-02
3.146012e-02;7.194420e-02;6.697495e-02;3.057706e-02;9.424768e-02;3.431528e-02;1.987709e-01;2.547707e-01;3.786990e-02;1.800044e-02;1.239342e-01;3.713455e-02
2.145662e-02;1.035755e-01;3.826553e-02;2.064984e-02;9.094720e-02;4.042365e-02;2.731887e-01;1.690321e-01;3.737344e-02;1.836125e-02;1.585291e-01;2.819711e-02
1.803594e-02;1.115315e-01;6.306496e-02;2.599101e-02;7.783568e-02;2.455855e-02;3.048354e-01;1.247820e-01;3.841874e-02;2.668617e-02;1.636905e-01;2.056967e-02
1.828744e-02;1.043087e-01;5.649590e-02;2.540077e-02;6.067169e-02;6.157880e-02;3.065706e-01;1.126418e-01;4.012445e-02;3.737667e-02;1.531882e-01;2.335483e-02
3.574289e-02;8.820165e-02;4.432519e-02;3.308783e-02;4.126914e-02;1.084850e-01;2.736498e-01;1.267260e-01;3.527202e-02;4.519722e-02;1.447467e-01;2.329655e-02
6.276238e-02;5.799164e-02;3.633723e-02;5.131243e-02;4.340846e-02;1.661147e-01;1.671962e-01;1.202754e-01;3.338462e-02;8.173433e-02;1.529240e-01;2.655862e-02
5.912808e-02;5.939306e-02;5.659106e-02;5.710172e-02;6.211551e-02;1.699133e-01;9.923711e-02;8.942600e-02;5.365911e-02;9.664688e-02;1.799148e-01;1.687335e-02
3.681254e-02;5.304425e-02;7.369703e-02;4.895388e-02;6.820092e-02;1.452704e-01;7.759398e-02;1.082539e-01;6.092336e-02;7.715586e-02;2.036514e-01;4.644253e-02
6.178399e-02;4.406669e-02;6.910130e-02;2.942502e-02;8.112285e-02;1.531974e-01;6.104405e-02;1.527193e-01;3.597381e-02;8.422602e-02;2.095967e-01;1.774282e-02
6.871458e-02;8.478912e-02;5.108649e-02;5.986375e-02;6.417000e-02;1.616069e-01;3.053765e-02;1.191444e-01;5.869914e-02;1.101404e-01;1.697939e-01;2.145369e-02
4.105495e-02;1.522761e-01;9.533519e-02;4.933371e-02;3.195267e-02;9.341477e-02;1.226474e-01;1.235365e-01;7.721391e-02;5.403356e-02;9.985450e-02;5.934671e-02
2.899916e-02;1.718445e-01;1.731404e-01;1.367183e-02;1.251812e-02;5.479361e-02;1.050868e-01;2.033613e-01;5.860588e-02;1.936682e-02;8.335594e-02;7.525551e-02
3.645837e-02;1.809010e-01;2.354679e-01;1.580064e-02;1.242705e-02;2.720051e-02;5.767869e-02;2.070133e-01;3.795137e-02;2.224283e-02;7.165376e-02;9.520453e-02
3.121918e-02;1.552914e-01;2.938767e-01;1.584113e-02;9.420143e-03;2.372533e-02;4.796646e-02;1.987745e-01;3.414797e-02;1.296330e-02;4.485737e-02;1.319165e-01
8.733430e-03;1.258582e-01;3.784761e-01;1.407127e-02;6.464916e-03;2.528407e-02;3.797411e-02;2.055443e-01;3.470585e-02;5.977938e-03;1.719607e-02;1.397137e-01
5.661684e-03;1.152024e-01;4.309168e-01;2.024204e-02;8.393944e-03;2.470673e-02;2.055839e-02;1.989614e-01;2.914513e-02;5.121530e-03;4.448147e-02;9.660850e-02
5.422026e-03;1.375551e-01;4.347646e-01;1.252995e-02;8.527020e-03;3.204265e-02;2.636829e-02;1.932614e-01;3.234175e-02;3.955953e-03;4.685911e-02;6.637213e-02
1.125582e-02;1.737370e-01;3.936749e-01;2.295528e-02;2.097233e-02;4.982255e-02;1.951478e-02;1.940443e-01;3.294047e-02;1.941042e-03;2.984600e-02;4.929540e-02
2.018337e-02;2.436653e-01;2.702084e-01;2.793319e-02;4.374405e-02;9.682961e-02;3.635469e-02;1.784001e-01;3.787252e-02;2.449723e-03;1.607175e-02;2.628724e-02
1.640701e-02;2.520342e-01;1.849090e-01;2.654318e-02;5.641675e-02;1.490563e-01;4.721642e-02;1.882762e-01;3.836673e-02;6.333603e-03;1.714987e-02;1.729080e-02
8.306159e-03;1.306939e-01;2.779390e-01;2.095081e-02;3.508364e-02;1.220601e-01;3.799396e-02;2.888992e-01;4.674948e-02;7.417957e-03;6.803443e-03;1.710240e-02
6.835811e-03;4.113271e-02;3.115858e-01;7.576280e-03;1.767265e-02;7.944443e-02;4.518550e-02;3.625985e-01;7.209723e-02;8.283283e-03;1.578485e-02;3.180303e-02
9.072024e-03;4.535487e-02;2.765796e-01;1.144048e-02;3.241453e-02;5.676649e-02;4.317947e-02;3.776812e-01;9.370164e-02;8.675109e-03;1.469457e-02;3.044006e-02
9.912439e-03;8.307412e-02;2.451059e-01;1.145802e-02;4.943021e-02;5.556366e-02;3.597825e-02;3.596453e-01;9.243675e-02;1.044899e-02;2.843910e-02;1.850735e-02
8.146946e-03;1.086727e-01;2.282290e-01;2.603629e-02;4.704763e-02;9.652635e-02;7.044301e-02;2.961430e-01;6.534542e-02;1.100955e-02;2.600607e-02;1.639409e-02
1.012828e-02;1.320933e-01;2.489398e-01;3.590220e-02;3.027741e-02;7.928149e-02;1.045355e-01;2.689491e-01;4.158332e-02;1.381765e-02;2.008153e-02;1.441042e-02
8.457552e-03;1.425444e-01;2.966356e-01;3.078664e-02;1.792984e-02;3.835869e-02;8.330312e-02;3.045370e-01;2.419679e-02;1.821375e-02;1.473642e-02;2.030023e-02
5.799639e-03;1.258486e-01;3.046370e-01;2.242404e-02;1.156633e-02;5.553843e-02;5.244486e-02;3.268746e-01;2.987677e-02;2.314170e-02;9.219131e-03;3.262896e-02
3.220446e-03;8.764876e-02;2.687653e-01;3.243363e-02;1.734883e-02;1.044737e-01;3.582673e-02;3.289840e-01;5.164048e-02;2.009532e-02;7.520772e-03;4.204211e-02
7.303263e-03;5.435233e-02;2.029614e-01;5.141126e-02;3.809885e-02;1.485175e-01;2.920291e-02;3.161472e-01;8.736531e-02;1.390017e-02;1.227018e-02;3.846966e-02
1.374250e-02;2.790122e-02;1.380225e-01;7.387929e-02;6.426018e-02;1.513405e-01;2.797375e-02;3.096142e-01;1.366936e-01;1.269768e-02;1.363794e-02;3.023668e-02
1.739803e-02;2.834092e-02;1.129499e-01;7.693521e-02;7.623772e-02;1.291303e-01;2.715805e-02;3.105122e-01;1.641775e-01;1.676532e-02;1.358977e-02;2.680501e-02
2.603769e-02;3.808950e-02;9.239133e-02;6.519885e-02;5.292328e-02;1.058796e-01;5.432385e-02;3.047276e-01;1.993452e-01;2.180927e-02;2.136778e-02;1.790594e-02
3.002034e-02;2.629960e-02;6.668012e-02;4.455486e-02;3.707291e-02;8.196682e-02;1.098324e-01;2.525924e-01;2.815574e-01;3.628303e-02;2.218454e-02;1.095555e-02
2.391326e-02;1.528596e-02;6.128681e-02;2.560116e-02;3.743468e-02;8.179935e-02;1.251425e-01;2.018059e-01;3.391756e-01;5.192025e-02;2.472716e-02;1.190733e-02
1.496510e-02;1.982589e-02;5.853840e-02;2.321006e-02;5.024806e-02;9.107839e-02;7.731125e-02;2.227055e-01;3.477893e-01;6.360211e-02;1.915898e-02;1.156687e-02
7.812897e-03;4.381507e-02;8.412852e-02;3.325658e-02;5.843657e-02;5.922654e-02;4.562870e-02;2.313180e-01;3.354454e-01;6.063733e-02;1.997326e-02;2.032114e-02
1.092297e-02;5.878946e-02;1.112998e-01;3.589779e-02;6.645685e-02;7.703681e-02;8.439288e-02;1.978270e-01;2.651261e-01;5.079795e-02;2.218854e-02;1.926385e-02
1.708044e-02;4.247293e-02;1.023590e-01;8.144604e-02;8.200112e-02;7.418234e-02;1.386528e-01;1.546828e-01;2.191816e-01;4.752352e-02;2.412990e-02;1.628750e-02
1.451319e-02;2.069996e-02;6.871416e-02;7.267884e-02;1.305404e-01;1.020205e-01;1.079576e-01;1.497586e-01;2.320621e-01;6.573216e-02;2.242979e-02;1.289271e-02
9.600919e-03;3.220293e-02;6.418669e-02;6.192927e-02;1.770955e-01;1.166771e-01;6.295298e-02;1.098393e-01;2.486115e-01;8.143591e-02;2.288367e-02;1.258414e-02
4.692339e-03;4.118136e-02;6.444954e-02;7.052731e-02;1.712637e-01;9.481897e-02;6.842485e-02;1.193868e-01;2.516653e-01;7.502630e-02;2.461949e-02;1.394405e-02
8.218684e-03;4.059037e-02;6.315216e-02;4.919776e-02;1.329387e-01;7.642606e-02;8.606465e-02;1.988117e-01;2.537375e-01;5.414375e-02;2.409421e-02;1.262431e-02
1.330756e-02;5.792268e-02;7.366683e-02;4.404656e-02;9.343147e-02;7.238128e-02;8.416535e-02;2.316567e-01;2.454523e-01;4.795509e-02;1.597639e-02;2.003779e-02
1.113280e-02;5.896373e-02;7.825974e-02;6.374706e-02;6.558792e-02;1.302879e-01;6.464802e-02;2.021771e-01;1.753959e-01;7.129502e-02;5.221966e-02;2.628511e-02
1.676936e-02;8.416020e-02;9.297388e-02;7.367384e-02;4.989421e-02;1.740829e-01;8.727574e-02;1.704481e-01;1.278720e-01;4.131474e-02;4.699972e-02;3.453535e-02
1.566099e-02;9.421592e-02;8.107979e-02;6.154844e-02;9.301678e-02;2.134300e-01;6.962812e-02;1.721766e-01;7.889871e-02;5.045081e-02;4.087323e-02;2.902056e-02
9.400661e-03;6.468684e-02;5.412130e-02;4.404894e-02;9.597808e-02;2.761073e-01;6.910501e-02;1.865270e-01;8.462640e-02;5.707629e-02;3.930201e-02;1.902010e-02
7.321476e-03;4.699069e-02;3.949951e-02;5.211215e-02;9.288393e-02;3.603218e-01;6.053616e-02;1.731844e-01;6.250653e-02;4.941724e-02;4.352556e-02;1.170067e-02
3.706392e-03;5.250580e-02;3.021520e-02;4.770368e-02;9.198725e-02;4.138950e-01;4.554404e-02;1.577461e-01;4.249289e-02;5.625664e-02;5.232421e-02;5.622858e-03
4.227014e-03;5.380695e-02;2.620044e-02;4.264044e-02;1.147142e-01;4.045318e-01;2.827618e-02;1.475736e-01;4.484301e-02;5.590471e-02;6.799876e-02;9.282863e-03
4.294021e-03;5.493060e-02;2.976199e-02;6.232364e-02;1.706261e-01;3.323561e-01;3.046649e-02;1.258790e-01;5.186622e-02;5.839487e-02;6.743607e-02;1.166484e-02
9.285052e-03;6.438610e-02;6.201325e-02;9.352011e-02;1.898999e-01;2.561119e-01;2.384212e-02;1.202042e-01;6.110578e-02;5.351946e-02;5.390377e-02;1.220835e-02
1.250317e-02;7.254733e-02;7.550634e-02;1.246240e-01;1.636681e-01;1.995616e-01;2.322056e-02;1.389089e-01;8.743352e-02;4.999620e-02;3.961024e-02;1.242002e-02
1.457275e-02;7.022107e-02;3.757674e-02;1.537467e-01;8.894189e-02;1.550877e-01;4.014528e-02;2.357815e-01;1.045897e-01;5.508568e-02;3.699188e-02;7.259124e-03
1.257327e-02;4.745866e-02;8.002164e-02;9.953603e-02;9.715094e-02;1.826281e-01;3.858062e-02;2.887121e-01;7.171116e-02;4.791670e-02;2.463020e-02;9.080573e-03
1.134325e-02;5.378259e-02;3.913399e-02;8.148701e-02;5.193373e-02;3.297913e-01;2.990594e-02;2.439131e-01;8.396684e-02;3.444784e-02;2.774968e-02;1.254466e-02
1.092720e-02;2.996980e-02;2.953595e-02;7.664727e-02;1.095676e-01;3.906012e-01;4.373293e-02;1.582872e-01;9.331611e-02;2.379925e-02;2.291084e-02;1.070473e-02
5.936068e-03;1.990938e-02;5.251338e-02;5.007881e-02;7.566552e-02;4.249184e-01;3.540127e-02;1.923296e-01;9.210495e-02;1.879201e-02;1.938624e-02;1.296441e-02
4.938237e-03;2.263998e-02;6.403051e-02;3.536144e-02;7.179280e-02;4.215107e-01;2.540521e-02;2.348142e-01;8.316445e-02;2.076280e-02;9.088537e-03;6.491112e-03
3.071929e-03;2.655772e-02;7.179365e-02;4.266554e-02;1.531335e-01;3.310508e-01;6.148844e-02;1.983020e-01;7.131533e-02;2.275903e-02;1.370137e-02;4.160737e-03
6.892618e-03;3.553749e-02;1.072776e-01;5.639471e-02;1.831985e-01;2.066326e-01;7.641521e-02;1.782847e-01;7.911976e-02;2.838071e-02;3.024949e-02;1.161655e-02
8.846558e-03;7.070006e-02;1.850319e-01;8.914313e-02;1.200913e-01;1.171600e-01;5.109234e-02;1.483045e-01;1.013807e-01;4.512428e-02;4.670918e-02;1.641606e-02
1.014348e-02;7.469119e-02;1.477575e-01;5.690639e-02;3.986295e-02;1.818129e-01;7.173592e-02;1.906323e-01;1.227981e-01;4.297075e-02;4.207309e-02;1.861550e-02
2.095383e-02;7.625123e-02;1.340974e-01;7.798416e-02;6.070644e-02;1.960866e-01;6.561484e-02;1.156112e-01;1.758713e-01;3.291031e-02;1.974520e-02;2.416750e-02
1.529595e-02;6.208580e-02;1.026096e-01;1.002831e-01;5.670222e-02;3.163297e-01;3.038605e-02;1.563212e-01;1.185688e-01;1.637962e-02;9.688616e-03;1.534932e-02
1.500062e-02;4.874738e-02;8.144903e-02;1.135746e-01;5.660440e-02;3.865268e-01;1.723477e-02;1.549859e-01;8.772267e-02;1.445099e-02;6.431784e-03;1.727109e-02
1.371385e-02;3.051208e-02;9.477215e-02;1.186214e-01;6.582454e-02;4.606334e-01;1.868983e-02;7.491755e-02;6.890199e-02;1.663637e-02;8.954764e-03;2.782211e-02
1.235716e-02;3.523996e-02;1.536885e-01;7.833854e-02;7.201219e-02;4.085099e-01;1.793602e-02;9.731046e-02;4.730199e-02;2.369890e-02;1.520013e-02;3.840633e-02
1.048797e-02;6.753610e-02;1.917937e-01;6.048034e-02;5.276214e-02;2.290328e-01;2.831388e-02;1.404062e-01;1.208628e-01;3.363304e-02;2.123417e-02;4.345684e-02
9.308748e-03;6.189558e-02;1.980731e-01;1.037270e-01;5.166696e-02;1.905562e-01;3.530823e-02;1.003548e-01;1.677196e-01;2.775985e-02;1.787742e-02;3.575235e-02
4.143988e-03;4.974026e-02;1.909353e-01;2.001970e-01;4.663228e-02;1.487470e-01;3.190378e-02;1.215416e-01;1.340965e-01;2.253255e-02;1.956073e-02;2.996909e-02
5.357064e-03;4.703154e-02;1.852937e-01;2.716624e-01;5.771470e-02;1.182598e-01;4.582661e-02;1.154052e-01;8.091966e-02;1.752850e-02;2.525499e-02;2.974582e-02
6.494159e-03;4.561073e-02;1.842002e-01;2.708683e-01;9.167630e-02;1.340536e-01;5.311963e-02;8.524289e-02;4.414480e-02;1.796913e-02;2.994024e-02;3.667998e-02
1.137035e-02;5.518300e-02;1.964851e-01;2.179343e-01;1.147271e-01;1.389244e-01;5.214223e-02;7.274404e-02;3.838413e-02;2.266783e-02;3.549252e-02;4.394500e-02
1.285997e-02;6.950635e-02;2.087438e-01;2.106056e-01;9.292762e-02;1.388855e-01;4.031862e-02;8.851595e-02;3.637467e-02;2.189127e-02;3.821421e-02;4.115634e-02
2.547878e-02;9.272659e-02;2.083147e-01;1.867036e-01;8.918191e-02;1.285885e-01;4.376359e-02;6.729807e-02;5.658689e-02;2.659518e-02;3.823049e-02;3.653168e-02
3.841793e-02;1.607365e-01;2.033035e-01;1.188542e-01;7.691534e-02;1.266475e-01;6.442691e-02;6.635846e-02;6.910760e-02;2.341450e-02;2.625366e-02;2.556380e-02
3.269463e-02;2.002254e-01;1.817225e-01;8.372346e-02;4.868152e-02;1.184986e-01;6.855323e-02;1.048525e-01;1.041874e-01;2.315050e-02;1.475295e-02;1.895742e-02
7.402069e-02;2.016307e-01;1.088172e-01;7.045055e-02;7.837210e-02;1.403546e-01;4.242820e-02;8.515116e-02;1.197390e-01;3.655981e-02;1.451435e-02;2.796177e-02
1.100366e-01;2.126440e-01;1.378179e-01;7.335325e-02;5.521407e-02;1.176697e-01;4.440021e-02;1.112878e-01;4.465909e-02;2.864600e-02;1.608507e-02;4.818626e-02
1.090072e-01;1.979215e-01;1.338457e-01;8.338926e-02;3.305708e-02;1.247085e-01;5.097781e-02;1.084494e-01;5.716044e-02;2.025226e-02;2.770921e-02;5.352166e-02
8.441986e-02;1.801956e-01;1.110706e-01;1.155443e-01;4.090998e-02;1.215862e-01;7.665132e-02;1.029290e-01;3.789662e-02;2.158539e-02;4.549209e-02;6.171909e-02
4.464117e-02;1.093459e-01;2.168667e-01;1.479800e-01;3.961828e-02;9.473880e-02;8.983514e-02;8.029338e-02;3.629485e-02;2.637714e-02;4.650627e-02;6.750228e-02
6.296498e-02;1.138574e-01;2.450334e-01;1.595230e-01;5.424562e-02;6.207751e-02;4.706891e-02;9.379843e-02;3.363753e-02;2.726685e-02;4.274806e-02;5.777826e-02
1.204927e-01;1.537514e-01;1.741967e-01;1.502919e-01;6.727625e-02;1.016775e-01;3.324637e-02;7.163762e-02;2.954738e-02;2.392448e-02;3.988659e-02;3.407110e-02
1.039241e-01;1.584967e-01;1.798627e-01;1.338189e-01;7.964226e-02;1.503562e-01;4.414910e-02;5.507007e-02;3.149667e-02;1.413684e-02;2.773357e-02;2.131286e-02
8.335697e-02;1.138516e-01;1.542471e-01;1.253132e-01;9.299900e-02;1.951568e-01;4.639883e-02;8.379267e-02;4.935056e-02;1.181923e-02;1.692154e-02;2.679242e-02
6.208107e-02;1.023158e-01;1.396911e-01;1.109536e-01;9.178301e-02;2.219264e-01;2.415216e-02;1.227899e-01;5.805233e-02;1.307572e-02;1.362303e-02;3.955595e-02
4.170385e-02;1.226520e-01;1.749976e-01;1.102409e-01;8.052786e-02;2.158560e-01;2.423340e-02;8.663067e-02;5.752910e-02;1.561429e-02;1.605767e-02;5.395662e-02
3.904807e-02;1.230699e-01;1.836559e-01;8.696302e-02;4.046978e-02;2.150364e-01;3.349603e-02;1.217080e-01;6.474121e-02;2.298340e-02;1.559119e-02;5.323707e-02
1.770552e-02;9.932122e-02;1.639579e-01;6.376182e-02;3.250222e-02;2.390061e-01;3.403746e-02;2.048732e-01;8.472768e-02;2.444758e-02;1.131271e-02;2.434657e-02
2.044624e-02;7.470468e-02;1.401406e-01;5.105223e-02;2.376528e-02;3.419075e-01;2.312833e-02;1.869430e-01;6.633382e-02;2.428829e-02;1.611168e-02;3.117834e-02
