1.020249e-01;1.003619e-01;5.443808e-02;7.650410e-02;5.126859e-02;6.883918e-02;7.598748e-02;8.165956e-02;8.286069e-02;1.171242e-01;1.471590e-01;4.177229e-02
9.796503e-02;1.021063e-01;4.914003e-02;3.409014e-02;6.200141e-02;9.059355e-02;8.812305e-02;8.981232e-02;8.366334e-02;1.086682e-01;1.445741e-01;4.926252e-02
1.458089e-01;9.394301e-02;5.049138e-02;4.810140e-02;6.990599e-02;8.004402e-02;1.030320e-01;9.884880e-02;7.621861e-02;7.822456e-02;9.958974e-02;5.579159e-02
1.780412e-01;1.072627e-01;6.226095e-02;4.149812e-02;6.732623e-02;5.423962e-02;1.287868e-01;1.197078e-01;8.026458e-02;5.263554e-02;6.291967e-02;4.505686e-02
1.659573e-01;1.018887e-01;3.534443e-02;8.274780e-02;7.375105e-02;6.989680e-02;1.110336e-01;1.085550e-01;6.715560e-02;6.170994e-02;9.608533e-02;2.587445e-02
1.361283e-01;6.629894e-02;3.319744e-02;6.971090e-02;8.051055e-02;7.252279e-02;1.303609e-01;1.165394e-01;5.540763e-02;7.994766e-02;1.123281e-01;4.704746e-02
1.289698e-01;8.826465e-02;3.100830e-02;8.843123e-02;5.496364e-02;6.199114e-02;1.361371e-01;1.280198e-01;5.087458e-02;8.760482e-02;8.666193e-02;5.707305e-02
1.253195e-01;1.014574e-01;4.718557e-02;6.516455e-02;3.815250e-02;6.561404e-02;1.185707e-01;1.236737e-01;4.093348e-02;8.963553e-02;1.242162e-01;6.007682e-02
1.095438e-01;1.142958e-01;4.580900e-02;2.912462e-02;2.543475e-02;5.803849e-02;1.519357e-01;1.644728e-01;9.004046e-02;6.282768e-02;9.366123e-02;5.481559e-02
9.549947e-02;1.112788e-01;2.645834e-02;2.798846e-02;1.724114e-02;4.450191e-02;2.187818e-01;2.211686e-01;4.675055e-02;2.944391e-02;1.397461e-01;2.114098e-02
8.830370e-02;8.828482e-02;2.340759e-02;4.084570e-02;2.090770e-02;4.833462e-02;2.016484e-01;2.067080e-01;4.250623e-02;5.361104e-02;1.571057e-01;2.833649e-02
1.032482e-01;7.058814e-02;3.210387e-02;5.366992e-02;2.069445e-02;5.758734e-02;1.647428e-01;1.822153e-01;6.254531e-02;9.138279e-02;1.404559e-01;2.076598e-02
1.389481e-01;4.465298e-02;4.950049e-02;4.092909e-02;2.597052e-02;6.491596e-02;1.567363e-01;1.230907e-01;9.231006e-02;1.140517e-01;1.054326e-01;4.346152e-02
1.492387e-01;2.671488e-02;8.726110e-02;2.059289e-02;3.245259e-02;5.308262e-02;1.388980e-01;4.878140e-02;1.806396e-01;8.564126e-02;8.830265e-02;8.839437e-02
1.065043e-01;1.751527e-02;1.025827e-01;2.225393e-02;5.422208e-02;4.046366e-02;1.147699e-01;2.905653e-02;2.535502e-01;4.776224e-02;4.968460e-02;1.616347e-01
7.892736e-02;1.852575e-02;9.742308e-02;2.104867e-02;5.828701e-02;3.695590e-02;1.010946e-01;4.464018e-02;2.671295e-01;2.954136e-02;6.011581e-02;1.863108e-01
1.083405e-01;2.325836e-02;8.749483e-02;1.759546e-02;3.555173e-02;3.918284e-02;1.140100e-01;3.483319e-02;2.510336e-01;6.674534e-02;7.065427e-02;1.513000e-01
1.382143e-01;2.500365e-02;7.919318e-02;1.011136e-02;2.494632e-02;6.457613e-02;1.130367e-01;3.425151e-02;2.342395e-01;8.388779e-02;8.002459e-02;1.125149e-01
1.617172e-01;1.741353e-02;5.717370e-02;2.932287e-02;3.172712e-02;1.003698e-01;1.197890e-01;5.710816e-02;1.923480e-01;7.218257e-02;7.039797e-02;9.045012e-02
1.805644e-01;2.289854e-02;2.637130e-02;5.319023e-02;3.691112e-02;1.286849e-01;1.641449e-01;7.169034e-02;1.367688e-01;7.546943e-02;4.124010e-02;6.206596e-02
2.051043e-01;7.851374e-02;1.592107e-02;4.724893e-02;4.124469e-02;1.252827e-01;2.394652e-01;6.117098e-02;7.948523e-02;5.205001e-02;3.379830e-02;2.071495e-02
2.016528e-01;1.199438e-01;1.611659e-02;7.638888e-02;1.897321e-02;1.005885e-01;2.941396e-01;8.311623e-02;3.567731e-02;2.605933e-02;2.052754e-02;6.816256e-03
2.244339e-01;1.024940e-01;1.025012e-02;9.991412e-02;2.373091e-02;1.205775e-01;2.596956e-01;5.731161e-02;2.412691e-02;4.602976e-02;2.200937e-02;9.426132e-03
2.573397e-01;7.339677e-02;3.344315e-03;1.142665e-01;2.939235e-02;1.478754e-01;2.262458e-01;4.793736e-02;1.219053e-02;6.042676e-02;1.731059e-02;1.027393e-02
1.919428e-01;5.546156e-02;6.813216e-03;1.072259e-01;3.231233e-02;1.242519e-01;2.629161e-01;8.420256e-02;2.157829e-02;5.145507e-02;5.059709e-02;1.124314e-02
1.285718e-01;4.343389e-02;9.020561e-03;1.058071e-01;3.066769e-02;8.671346e-02;2.535920e-01;9.945375e-02;2.931735e-02;7.751555e-02;1.148646e-01;2.104225e-02
1.305433e-01;3.680145e-02;8.176738e-03;1.269950e-01;3.172122e-02;7.133085e-02;2.127377e-01;7.409831e-02;2.192116e-02;1.176444e-01;1.465739e-01;2.145601e-02
1.619173e-01;5.380215e-02;7.326010e-03;1.549409e-01;3.080473e-02;7.918274e-02;1.473607e-01;7.773857e-02;2.022759e-02;1.553686e-01;9.303784e-02;1.829294e-02
1.549357e-01;7.309087e-02;1.142211e-02;1.554541e-01;2.910046e-02;7.293557e-02;1.922769e-01;8.280697e-02;2.481336e-02;1.511426e-01;3.024762e-02;2.177386e-02
9.538024e-02;1.089112e-01;1.392840e-02;9.495740e-02;1.735864e-02;5.477308e-02;2.313374e-01;5.931330e-02;5.797423e-02;8.826568e-02;1.500506e-01;2.774988e-02
4.736242e-02;1.243561e-01;1.088812e-02;4.796042e-02;3.470433e-02;3.959676e-02;2.532988e-01;7.010741e-02;7.419018e-02;4.354583e-02;2.361656e-01;1.782393e-02
1.955648e-02;1.215568e-01;8.759033e-03;2.464788e-02;5.791778e-02;3.271605e-02;2.609439e-01;9.130872e-02;5.681122e-02;2.229144e-02;2.885806e-01;1.491017e-02
1.057305e-02;1.044152e-01;9.111567e-03;1.264431e-02;6.450866e-02;2.158062e-02;2.636169e-01;1.279793e-01;3.240258e-02;1.799560e-02;3.091747e-01;2.599753e-02
1.949625e-02;7.518679e-02;1.900918e-02;1.004015e-02;3.712802e-02;1.166183e-02;2.753674e-01;2.069330e-01;1.994232e-02;2.928616e-02;2.583054e-01;3.764349e-02
2.828827e-02;6.257461e-02;3.020745e-02;1.078630e-02;8.256223e-03;1.842722e-02;3.008812e-01;2.819145e-01;1.395569e-02;3.685968e-02;1.508562e-01;5.699268e-02
5.981552e-02;9.402914e-02;2.960183e-02;1.082993e-02;1.141811e-02;3.685425e-02;3.004298e-01;2.864710e-01;1.916732e-02;3.571604e-02;6.406031e-02;5.160674e-02
9.931958e-02;1.376755e-01;2.390118e-02;1.193063e-02;1.217413e-02;4.385170e-02;3.004678e-01;2.515987e-01;2.097457e-02;3.190298e-02;3.522794e-02;3.097524e-02
1.024864e-01;1.601414e-01;1.391911e-02;1.051292e-02;1.633396e-02;3.687628e-02;3.185004e-01;2.255084e-01;1.833870e-02;3.113441e-02;5.747206e-02;8.776056e-03
7.717405e-02;1.379784e-01;1.894668e-02;4.684200e-03;2.862995e-02;3.139973e-02;3.108323e-01;2.223991e-01;2.124645e-02;3.814169e-02;8.695659e-02;2.161090e-02
9.584152e-02;1.352243e-01;2.091479e-02;5.986119e-03;2.185914e-02;3.149686e-02;3.430321e-01;1.986345e-01;2.056362e-02;3.501375e-02;7.731254e-02;1.412078e-02
5.651157e-02;7.516532e-02;2.085621e-02;1.201102e-02;2.392556e-02;3.551716e-02;4.232003e-01;1.833608e-01;3.432233e-02;2.672579e-02;7.920374e-02;2.920015e-02
4.940502e-02;1.081607e-01;1.426330e-02;1.649033e-02;2.165171e-02;3.465322e-02;3.716255e-01;2.353155e-01;2.515006e-02;2.683087e-02;6.983071e-02;2.662305e-02
3.710512e-02;1.319592e-01;1.935213e-02;1.161518e-02;1.712914e-02;2.518142e-02;3.286624e-01;2.983250e-01;2.196595e-02;2.801420e-02;5.953076e-02;2.115941e-02
2.880662e-02;1.481061e-01;3.333715e-02;1.303207e-02;1.549797e-02;1.601997e-02;2.783798e-01;3.184825e-01;2.882698e-02;2.465859e-02;6.325808e-02;3.159415e-02
3.549696e-02;1.838390e-01;3.680889e-02;1.124384e-02;9.873253e-03;1.671517e-02;2.641361e-01;3.103544e-01;3.091227e-02;2.214022e-02;3.898679e-02;3.949310e-02
4.583443e-02;2.158265e-01;2.791184e-02;7.287144e-03;7.372036e-03;2.879596e-02;3.022175e-01;2.789967e-01;2.213196e-02;1.751323e-02;1.837379e-02;2.773895e-02
8.941703e-02;2.129334e-01;1.934979e-02;9.723916e-03;8.925266e-03;4.342821e-02;3.230779e-01;2.314221e-01;1.308100e-02;1.270758e-02;2.040957e-02;1.552416e-02
1.345777e-01;1.985614e-01;2.095377e-02;1.442290e-02;1.581736e-02;5.695314e-02;2.881679e-01;1.683214e-01;1.071565e-02;1.647472e-02;6.134206e-02;1.369206e-02
1.910565e-01;1.814537e-01;3.289771e-02;1.830633e-02;3.017100e-02;7.878987e-02;1.931802e-01;1.393239e-01;1.504431e-02;2.495047e-02;8.218990e-02;1.263624e-02
1.528690e-01;6.528126e-02;3.173260e-02;2.364006e-02;3.008850e-02;6.696212e-02;3.664018e-01;1.409597e-01;1.227209e-02;1.916507e-02;7.521043e-02;1.541749e-02
1.207647e-01;7.532393e-02;3.667799e-02;2.893410e-02;3.447981e-02;5.322526e-02;3.314542e-01;1.608672e-01;2.323395e-02;2.378131e-02;8.630341e-02;2.495406e-02
6.982080e-02;7.731771e-02;3.558309e-02;5.067814e-02;4.432650e-02;5.037238e-02;2.113033e-01;1.878513e-01;4.740889e-02;5.804118e-02;1.461348e-01;2.116195e-02
3.597756e-02;6.892404e-02;2.910755e-02;5.889483e-02;4.346437e-02;3.476328e-02;1.803453e-01;1.459798e-01;5.691775e-02;1.408742e-01;1.886246e-01;1.612665e-02
6.793561e-02;4.473038e-02;2.251187e-02;2.774759e-02;5.884465e-02;5.709592e-02;1.934270e-01;1.037493e-01;7.062834e-02;1.765309e-01;1.561994e-01;2.059895e-02
1.002868e-01;3.513402e-02;2.157787e-02;3.585557e-02;9.214722e-02;7.160024e-02;1.821720e-01;8.120105e-02;1.142175e-01;1.301374e-01;1.113298e-01;2.434042e-02
1.352415e-01;1.700376e-02;2.359558e-02;5.373718e-02;1.156253e-01;8.585043e-02;1.834273e-01;8.990832e-02;9.739432e-02;6.354849e-02;1.091339e-01;2.553380e-02
1.476483e-01;3.491424e-02;3.204120e-02;6.098147e-02;1.116801e-01;8.375057e-02;1.777909e-01;7.085893e-02;6.023244e-02;3.261268e-02;1.621836e-01;2.530560e-02
1.147862e-01;5.191075e-02;4.136874e-02;5.247104e-02;6.563967e-02;6.344826e-02;1.236894e-01;6.417761e-02;3.167039e-02;2.639483e-02;3.393872e-01;2.505583e-02
8.446888e-02;8.404928e-02;4.743638e-02;5.645642e-02;3.674309e-02;4.676223e-02;5.059999e-02;7.035073e-02;1.823136e-02;2.648643e-02;4.592682e-01;1.914705e-02
9.266950e-02;1.273232e-01;5.116865e-02;6.271676e-02;3.456346e-02;4.785028e-02;8.622035e-02;8.188624e-02;9.823872e-03;2.864901e-02;3.696586e-01;7.470108e-03
6.376489e-02;1.399627e-01;6.877501e-02;6.087971e-02;5.023193e-02;6.881326e-02;1.388307e-01;6.922217e-02;8.765671e-03;3.427700e-02;2.832392e-01;1.323781e-02
5.747369e-02;1.389696e-01;8.812729e-02;9.667895e-02;6.524644e-02;7.544928e-02;1.300588e-01;5.644362e-02;8.414607e-03;4.239123e-02;2.216628e-01;1.908372e-02
5.146765e-02;1.137166e-01;8.083123e-02;1.587342e-01;6.149720e-02;8.693317e-02;8.876613e-02;7.331473e-02;1.054078e-02;3.748189e-02;2.198652e-01;1.685120e-02
3.879152e-02;1.087750e-01;7.582355e-02;1.773839e-01;6.498937e-02;9.913489e-02;8.713904e-02;6.140623e-02;1.251834e-02;2.385809e-02;2.343688e-01;1.581124e-02
4.699192e-02;1.727719e-01;8.624937e-02;1.408873e-01;4.877563e-02;8.772004e-02;7.735381e-02;4.139991e-02;2.210574e-02;2.690182e-02;2.206621e-01;2.818047e-02
7.221739e-02;2.154513e-01;9.555542e-02;1.063475e-01;4.140337e-02;6.918459e-02;8.250839e-02;3.860418e-02;3.091826e-02;2.788709e-02;1.859259e-01;3.399655e-02
4.986871e-02;1.789829e-01;8.509303e-02;1.325759e-01;7.293813e-02;8.716897e-02;1.078330e-01;5.130155e-02;2.211205e-02;1.667336e-02;1.689747e-01;2.647775e-02
5.528513e-02;1.344638e-01;7.148450e-02;1.256550e-01;8.350622e-02;8.802372e-02;1.411256e-01;1.179344e-01;1.335935e-02;1.896438e-02;1.307914e-01;1.940647e-02
5.281250e-02;8.311673e-02;4.939804e-02;1.203029e-01;7.039408e-02;8.354390e-02;1.335240e-01;1.743652e-01;2.492434e-02;2.521287e-02;1.600889e-01;2.231660e-02
3.633537e-02;3.716845e-02;3.397207e-02;1.392235e-01;4.967351e-02;1.023391e-01;9.262171e-02;2.126442e-01;3.267280e-02;2.769861e-02;2.189128e-01;1.673784e-02
2.506714e-02;4.160026e-02;3.387365e-02;1.343712e-01;2.008247e-02;1.117299e-01;9.699826e-02;2.383086e-01;2.438281e-02;2.259773e-02;2.376885e-01;1.329951e-02
2.040524e-02;6.043869e-02;4.136289e-02;1.248049e-01;2.213094e-02;1.080213e-01;9.104946e-02;2.376458e-01;1.708899e-02;2.499282e-02;2.362380e-01;1.582087e-02
2.667131e-02;8.316364e-02;3.899591e-02;1.218499e-01;1.560642e-02;1.033865e-01;6.200502e-02;2.491491e-01;1.664141e-02;3.570908e-02;2.309247e-01;1.589696e-02
2.399682e-02;9.884099e-02;3.414455e-02;1.031866e-01;1.321659e-02;7.770173e-02;4.947569e-02;2.600103e-01;2.514743e-02;6.748044e-02;2.086978e-01;3.810095e-02
3.688732e-02;1.195648e-01;3.419954e-02;7.557031e-02;3.505175e-02;3.694863e-02;3.914533e-02;2.286589e-01;2.492757e-02;1.026721e-01;2.048254e-01;6.154831e-02
4.691777e-02;1.300159e-01;2.886567e-02;6.827489e-02;3.595205e-02;2.111622e-02;4.335529e-02;1.761044e-01;3.849959e-02;1.330934e-01;1.724583e-01;1.053466e-01
4.673637e-02;1.098314e-01;2.917584e-02;4.403139e-02;6.518871e-02;2.475472e-02;6.541510e-02;1.691519e-01;5.130868e-02;1.138154e-01;1.353888e-01;1.452016e-01
4.967020e-02;7.481637e-02;4.372405e-02;1.515628e-02;1.119863e-01;3.521317e-02;1.106000e-01;1.084198e-01;1.141291e-01;5.937459e-02;8.465884e-02;1.922514e-01
5.407052e-02;4.089761e-02;6.911974e-02;3.000738e-02;1.142414e-01;3.400337e-02;1.293283e-01;5.853891e-02;1.728996e-01;2.964506e-02;8.006956e-02;1.871787e-01
8.374968e-02;2.936689e-02;9.189504e-02;3.887306e-02;7.562376e-02;5.164223e-02;1.301625e-01;5.876986e-02;1.935795e-01;3.866445e-02;8.289197e-02;1.247811e-01
1.368791e-01;3.551752e-02;7.608420e-02;3.677621e-02;3.866578e-02;9.348848e-02;1.118905e-01;8.015453e-02;1.508909e-01;8.030250e-02;9.562501e-02;6.372524e-02
1.497921e-01;1.888736e-02;4.146848e-02;5.006592e-02;4.251557e-02;1.093053e-01;1.283006e-01;9.857194e-02;1.264900e-01;1.199534e-01;4.621392e-02;6.843548e-02
1.525743e-01;2.966537e-02;1.965205e-02;7.170539e-02;2.559195e-02;1.101248e-01;1.759963e-01;1.264611e-01;8.578555e-02;1.309064e-01;2.702478e-02;4.451183e-02
1.606396e-01;3.621752e-02;1.461255e-02;7.288911e-02;1.963183e-02;1.011778e-01;2.169384e-01;1.310116e-01;3.898202e-02;1.098911e-01;6.433240e-02;3.367613e-02
1.475470e-01;5.488630e-02;2.133198e-02;5.004869e-02;2.734452e-02;9.886267e-02;2.210077e-01;1.287611e-01;3.601761e-02;7.072930e-02;1.214795e-01;2.198353e-02
1.252268e-01;8.511000e-02;2.950256e-02;5.397455e-02;3.033006e-02;9.150557e-02;1.783095e-01;1.139769e-01;5.163059e-02;5.433936e-02;1.625595e-01;2.353465e-02
1.274091e-01;9.688908e-02;3.410539e-02;7.727462e-02;4.294249e-02;5.984958e-02;1.568275e-01;1.227010e-01;7.504249e-02;6.241831e-02;1.008877e-01;4.365269e-02
1.340875e-01;9.789463e-02;4.383469e-02;6.546539e-02;5.574657e-02;6.415897e-02;1.066140e-01;1.411912e-01;8.566044e-02;7.805762e-02;7.450394e-02;5.278503e-02
1.136948e-01;6.497448e-02;4.256690e-02;4.102948e-02;6.753284e-02;8.067407e-02;1.446294e-01;1.330767e-01;1.221496e-01;7.789870e-02;7.573225e-02;3.604089e-02
7.897644e-02;5.276861e-02;6.505811e-02;7.482598e-02;6.048157e-02;6.742792e-02;1.391341e-01;1.325719e-01;1.343996e-01;6.146114e-02;9.546330e-02;3.743131e-02
6.628352e-02;5.501169e-02;8.729763e-02;1.115211e-01;3.697753e-02;6.224102e-02;1.170533e-01;9.596387e-02;1.060167e-01;9.238847e-02;1.117167e-01;5.752848e-02
6.840153e-02;5.202684e-02;8.243125e-02;8.200144e-02;5.382602e-02;6.465325e-02;1.311586e-01;9.626310e-02;8.153459e-02;1.093372e-01;1.049000e-01;7.346623e-02
8.530613e-02;9.610276e-02;9.928139e-02;4.980214e-02;7.333380e-02;6.388763e-02;1.019983e-01;1.294097e-01;1.053640e-01;7.041262e-02;7.216707e-02;5.293456e-02
8.148799e-02;1.010248e-01;9.867778e-02;6.718414e-02;6.854438e-02;8.016204e-02;8.770648e-02;9.500036e-02;1.204741e-01;6.407940e-02;4.639119e-02;8.926738e-02
7.367243e-02;1.160809e-01;5.795151e-02;9.786151e-02;5.429912e-02;8.702798e-02;8.951390e-02;4.887333e-02;8.854784e-02;9.111696e-02;8.828574e-02;1.067687e-01
8.624932e-02;1.154785e-01;3.091214e-02;9.107423e-02;7.668670e-02;7.462907e-02;8.275366e-02;7.236336e-02;5.285654e-02;7.096174e-02;1.554569e-01;9.057778e-02
7.966312e-02;9.111208e-02;2.908770e-02;4.723104e-02;4.829659e-02;4.048635e-02;2.176710e-01;1.015497e-01;6.243024e-02;8.553333e-02;1.625637e-01;3.437508e-02
8.461210e-02;6.260410e-02;2.130217e-02;3.101006e-02;3.967334e-02;5.052317e-02;2.216851e-01;1.513584e-01;7.080515e-02;8.481847e-02;1.566888e-01;2.491909e-02
1.053589e-01;5.493885e-02;2.571150e-02;2.392958e-02;4.450494e-02;5.898374e-02;2.199102e-01;1.359513e-01;8.499511e-02;8.243737e-02;1.316179e-01;3.166046e-02
1.364577e-01;6.361433e-02;4.011134e-02;2.008753e-02;5.480397e-02;6.838341e-02;2.201164e-01;9.995286e-02;1.144453e-01;7.096010e-02;7.309740e-02;3.796966e-02
1.215081e-01;7.943691e-02;4.819126e-02;2.024880e-02;6.150902e-02;6.289147e-02;2.151997e-01;8.524503e-02;9.960166e-02;4.647552e-02;1.231839e-01;3.650852e-02
1.035659e-01;9.937987e-02;4.711281e-02;2.364068e-02;5.184829e-02;5.501984e-02;1.936541e-01;1.374465e-01;6.908721e-02;2.887740e-02;1.579053e-01;3.246193e-02
1.561961e-01;1.711395e-01;5.189648e-02;2.427561e-02;3.588074e-02;6.024185e-02;1.567457e-01;1.369655e-01;4.757780e-02;2.851397e-02;1.100664e-01;2.050036e-02
1.849278e-01;1.382381e-01;6.102629e-02;2.740419e-02;3.558399e-02;4.477858e-02;1.152565e-01;1.074880e-01;4.510221e-02;3.083653e-02;1.805327e-01;2.882502e-02
1.297278e-01;1.182089e-01;6.265792e-02;1.742828e-02;4.595811e-02;4.416244e-02;1.083179e-01;1.105043e-01;6.835428e-02;5.103590e-02;2.008849e-01;4.275932e-02
9.535579e-02;9.000790e-02;5.836375e-02;2.528431e-02;5.086718e-02;4.179284e-02;1.682638e-01;1.447985e-01;8.536639e-02;4.707676e-02;1.429790e-01;4.984371e-02
1.195749e-01;8.353362e-02;4.209580e-02;3.765712e-02;4.870815e-02;7.062751e-02;2.120387e-01;1.632373e-01;6.280751e-02;2.614582e-02;9.880759e-02;3.476590e-02
9.254882e-02;1.211349e-01;3.447864e-02;4.207756e-02;3.844604e-02;7.552408e-02;2.215584e-01;1.800075e-01;3.543299e-02;4.598634e-02;1.007006e-01;1.210406e-02
1.596244e-01;9.292188e-02;1.894534e-02;3.740301e-02;4.293641e-02;6.836756e-02;2.093799e-01;1.271210e-01;7.256745e-02;5.633650e-02;8.159031e-02;3.280632e-02
1.776461e-01;7.785784e-02;2.704132e-02;3.531604e-02;3.099886e-02;6.358430e-02;1.690402e-01;1.380050e-01;7.877319e-02;4.215340e-02;1.190926e-01;4.049117e-02
1.598439e-01;8.550384e-02;4.851801e-02;2.289680e-02;5.831262e-02;6.509168e-02;1.633751e-01;1.566477e-01;6.196888e-02;3.377090e-02;1.095881e-01;3.448257e-02
9.272079e-02;5.952569e-02;4.728444e-02;4.473768e-02;6.687634e-02;7.091507e-02;1.512713e-01;1.789111e-01;4.341883e-02;3.702764e-02;1.635345e-01;4.377656e-02
1.365331e-01;1.060307e-01;4.780829e-02;7.150254e-02;5.505812e-02;6.122078e-02;1.566013e-01;1.285647e-01;3.070429e-02;5.797300e-02;1.259251e-01;2.207804e-02
9.993054e-02;9.081187e-02;3.330738e-02;6.198915e-02;6.508609e-02;7.057007e-02;1.276704e-01;1.418786e-01;6.820019e-02;7.708705e-02;9.343208e-02;7.003661e-02
7.970519e-02;8.867879e-02;4.582768e-02;4.538532e-02;6.625376e-02;5.195725e-02;1.617637e-01;1.378174e-01;8.287204e-02;8.852223e-02;8.608495e-02;6.513174e-02
5.509602e-02;7.059132e-02;5.562115e-02;2.894205e-02;4.943075e-02;6.318289e-02;1.889091e-01;1.886895e-01;9.904277e-02;8.360971e-02;6.494144e-02;5.194322e-02
6.709187e-02;6.750852e-02;4.419484e-02;3.840054e-02;3.217420e-02;1.049182e-01;1.735499e-01;1.833529e-01;9.362333e-02;9.415349e-02;8.064970e-02;2.038262e-02
1.230920e-01;5.523520e-02;4.605670e-02;3.297978e-02;2.433459e-02;1.328375e-01;1.490246e-01;1.337948e-01;7.892082e-02;1.207526e-01;8.362074e-02;1.935066e-02
1.680372e-01;3.066186e-02;9.786569e-02;1.422232e-02;2.913150e-02;1.247826e-01;1.147569e-01;9.527940e-02;1.054685e-01;1.188355e-01;6.793209e-02;3.302643e-02
1.501265e-01;1.579516e-02;1.376697e-01;1.870545e-02;6.166325e-02;7.333421e-02;1.147018e-01;8.233577e-02;1.487056e-01;7.473670e-02;7.213194e-02;5.009388e-02
1.278205e-01;2.222164e-02;1.444473e-01;2.914383e-02;7.688793e-02;5.612777e-02;1.081437e-01;4.711256e-02;1.683075e-01;5.438047e-02;6.077577e-02;1.046310e-01
1.490932e-01;2.155607e-02;1.298195e-01;2.597580e-02;6.089233e-02;7.330618e-02;1.017019e-01;7.026479e-02;1.721596e-01;5.746272e-02;4.956859e-02;8.819941e-02
1.736784e-01;2.578071e-02;1.019374e-01;1.593958e-02;5.629474e-02;6.066661e-02;9.663796e-02;6.011403e-02;1.942444e-01;7.248044e-02;3.992154e-02;1.023042e-01
1.710964e-01;2.271411e-02;4.899135e-02;1.928094e-02;3.519445e-02;9.043611e-02;1.034260e-01;9.109440e-02;1.687132e-01;1.216690e-01;3.360802e-02;9.377598e-02
1.677595e-01;2.418484e-02;1.336405e-02;3.273459e-02;1.557288e-02;1.174365e-01;1.207274e-01;1.128550e-01;1.524696e-01;1.778030e-01;1.886297e-02;4.622972e-02
1.523341e-01;3.683293e-02;1.158773e-02;4.318772e-02;1.964682e-02;1.098746e-01;1.396540e-01;1.177612e-01;1.433569e-01;1.808652e-01;2.211718e-02;2.278168e-02
1.471151e-01;5.630088e-02;1.596575e-02;4.381582e-02;2.124546e-02;9.071436e-02;1.894148e-01;1.283831e-01;1.112847e-01;1.267915e-01;5.003815e-02;1.893040e-02
1.575897e-01;8.237009e-02;2.004243e-02;2.973177e-02;2.458875e-02;8.193211e-02;2.200083e-01;1.369541e-01;6.869704e-02;5.928572e-02;1.011227e-01;1.767738e-02
1.660869e-01;7.690303e-02;2.103638e-02;3.375225e-02;2.218390e-02;6.274146e-02;1.918425e-01;1.392705e-01;5.339339e-02;4.669862e-02;1.621363e-01;2.395484e-02
2.119235e-01;4.565931e-02;2.193628e-02;5.063689e-02;1.445927e-02;4.311889e-02;1.532061e-01;1.161313e-01;9.879567e-02;8.078582e-02;9.620002e-02;6.714696e-02
1.949122e-01;7.186122e-02;2.935562e-02;4.647993e-02;2.396068e-02;5.733203e-02;1.304110e-01;7.388552e-02;1.015738e-01;1.516891e-01;6.260527e-02;5.593373e-02
1.216655e-01;5.918602e-02;3.863719e-02;3.732668e-02;3.346794e-02;6.960595e-02;1.824970e-01;1.385839e-01;7.775201e-02;1.246970e-01;8.951390e-02;2.706698e-02
1.236472e-01;9.514420e-02;5.362967e-02;5.148557e-02;4.529300e-02;8.342608e-02;1.646850e-01;1.390106e-01;7.613774e-02;7.019833e-02;7.043356e-02;2.690907e-02
6.226010e-02;1.285073e-01;5.379530e-02;6.743963e-02;5.780600e-02;8.388957e-02;1.253075e-01;1.185933e-01;5.976252e-02;9.657700e-02;1.073906e-01;3.867130e-02
1.197489e-01;1.142587e-01;3.465198e-02;3.466213e-02;3.576066e-02;3.586105e-02;1.845364e-01;1.322375e-01;3.951765e-02;5.755061e-02;1.831807e-01;2.803376e-02
1.814120e-01;6.962227e-02;3.233659e-02;1.868705e-02;2.453638e-02;2.703385e-02;2.032066e-01;1.632920e-01;2.717345e-02;3.825248e-02;1.778627e-01;3.658457e-02
1.664287e-01;1.938087e-01;3.026929e-02;1.686839e-02;1.778951e-02;2.248969e-02;2.002157e-01;1.818259e-01;1.498891e-02;2.110768e-02;1.070877e-01;2.711970e-02
1.300227e-01;3.051641e-01;2.857580e-02;1.602555e-02;1.132247e-02;1.586176e-02;2.219905e-01;1.988556e-01;8.079803e-03;9.901893e-03;4.240461e-02;1.179523e-02
1.214986e-01;3.191921e-01;2.233605e-02;1.183792e-02;1.150254e-02;2.112415e-02;2.537757e-01;2.054499e-01;6.418002e-03;7.968921e-03;1.413414e-02;4.762159e-03
8.943040e-02;2.643276e-01;2.136687e-02;9.251358e-03;1.709897e-02;3.985496e-02;3.018884e-01;2.055928e-01;7.662672e-03;1.120179e-02;2.887552e-02;3.448707e-03
1.067470e-01;2.222908e-01;2.786814e-02;1.431885e-02;2.124758e-02;6.318080e-02;3.113032e-01;1.676822e-01;1.211895e-02;1.599691e-02;2.926369e-02;7.981936e-03
8.950543e-02;1.953710e-01;4.405028e-02;2.158548e-02;2.589423e-02;9.996856e-02;3.125599e-01;1.031272e-01;1.403562e-02;2.635849e-02;5.458738e-02;1.295643e-02
9.657125e-02;6.294708e-02;4.042128e-02;2.461104e-02;2.443809e-02;9.861962e-02;4.334466e-01;1.361575e-01;1.591213e-02;2.947790e-02;2.425814e-02;1.313934e-02
9.298483e-02;3.805193e-02;4.396909e-02;2.501502e-02;3.248609e-02;8.861357e-02;4.038061e-01;1.373253e-01;2.663622e-02;3.356194e-02;5.909100e-02;1.845899e-02
1.115077e-01;6.887929e-02;4.228986e-02;3.504125e-02;3.512571e-02;6.425998e-02;2.878726e-01;1.234379e-01;3.788771e-02;5.123893e-02;1.205621e-01;2.189700e-02
6.884963e-02;7.942050e-02;2.890775e-02;3.870100e-02;4.067549e-02;3.494998e-02;1.509937e-01;1.338773e-01;7.052676e-02;1.667740e-01;1.675471e-01;1.877683e-02
4.420421e-02;7.254414e-02;3.023475e-02;2.197599e-02;5.213130e-02;3.644204e-02;1.178005e-01;1.010333e-01;1.264729e-01;2.719239e-01;1.139332e-01;1.130375e-02
3.615690e-02;5.261314e-02;2.752188e-02;4.024004e-02;5.606570e-02;4.062207e-02;1.126894e-01;8.519440e-02;2.285610e-01;2.621580e-01;5.099113e-02;7.186319e-03
3.351408e-02;2.335424e-02;1.964708e-02;2.935721e-02;4.312289e-02;4.991788e-02;1.373929e-01;9.747164e-02;2.811889e-01;2.429237e-01;3.159927e-02;1.051026e-02
5.640341e-02;3.766584e-02;2.548797e-02;2.132856e-02;3.044716e-02;6.182884e-02;1.435166e-01;8.722557e-02;2.456867e-01;2.267619e-01;4.795498e-02;1.569252e-02
6.524172e-02;7.729061e-02;3.763597e-02;3.391731e-02;2.838041e-02;7.815400e-02;1.568126e-01;1.070994e-01;1.607020e-01;1.725270e-01;6.917595e-02;1.306303e-02
5.949918e-02;9.470591e-02;4.551121e-02;3.748724e-02;3.520784e-02;9.121816e-02;1.748760e-01;1.367885e-01;9.479237e-02;1.346525e-01;8.327521e-02;1.198592e-02
1.100234e-01;1.009445e-01;5.240429e-02;3.305590e-02;4.896594e-02;1.016439e-01;1.142794e-01;6.442446e-02;1.059220e-01;1.621833e-01;7.339961e-02;3.275342e-02
9.906558e-02;1.152445e-01;7.174964e-02;4.335393e-02;6.045792e-02;8.469075e-02;1.105138e-01;7.858055e-02;7.972697e-02;1.787364e-01;4.698656e-02;3.089336e-02
7.815728e-02;1.193829e-01;8.131037e-02;4.792861e-02;6.287439e-02;6.111453e-02;1.398973e-01;7.230017e-02;7.337700e-02;1.543670e-01;8.062068e-02;2.866973e-02
9.084096e-02;7.164286e-02;4.386109e-02;4.901585e-02;3.707559e-02;4.398096e-02;1.061393e-01;1.388123e-01;4.305261e-02;1.182185e-01;1.769612e-01;8.039879e-02
1.102379e-01;7.572173e-02;4.007540e-02;7.166506e-02;2.267292e-02;4.100190e-02;9.034023e-02;1.303202e-01;3.453971e-02;1.141536e-01;1.804030e-01;8.886831e-02
1.164208e-01;7.662316e-02;4.427145e-02;7.615729e-02;1.892126e-02;3.967306e-02;8.999152e-02;1.209546e-01;4.695517e-02;1.216220e-01;1.694836e-01;7.892616e-02
1.212272e-01;4.869375e-02;5.491913e-02;6.751787e-02;2.748657e-02;5.213930e-02;1.287082e-01;1.255513e-01;4.814226e-02;1.192544e-01;1.629946e-01;4.336542e-02
1.292207e-01;9.641292e-02;3.171024e-02;4.394748e-02;3.536701e-02;6.354805e-02;2.188073e-01;1.633253e-01;2.612258e-02;5.695370e-02;1.016382e-01;3.294659e-02
1.264740e-01;9.583705e-02;3.347744e-02;4.264287e-02;5.184375e-02;6.380364e-02;2.327520e-01;1.234270e-01;5.186342e-02;4.250314e-02;9.517176e-02;4.020390e-02
9.067818e-02;8.313949e-02;2.785922e-02;4.220761e-02;6.369565e-02;5.505929e-02;1.941621e-01;1.252765e-01;7.344426e-02;5.733229e-02;1.325415e-01;5.460389e-02
7.630515e-02;6.521025e-02;2.214497e-02;3.578115e-02;5.692119e-02;3.462426e-02;1.632577e-01;1.528312e-01;5.788879e-02;1.063239e-01;1.490849e-01;7.962649e-02
1.160839e-01;6.719401e-02;2.408076e-02;4.268016e-02;5.281444e-02;3.032191e-02;1.382955e-01;1.303328e-01;4.235002e-02;1.031843e-01;1.483415e-01;1.043207e-01
1.048494e-01;9.308106e-02;2.914484e-02;4.247355e-02;3.225319e-02;2.042996e-02;1.179630e-01;2.152392e-01;3.469584e-02;5.775915e-02;1.854891e-01;6.662167e-02
8.824688e-02;1.237967e-01;4.714681e-02;6.808039e-02;2.773125e-02;4.045140e-02;9.802364e-02;1.883599e-01;2.751264e-02;3.203087e-02;2.294596e-01;2.915979e-02
8.762903e-02;1.589973e-01;5.470244e-02;7.712001e-02;3.427948e-02;6.417959e-02;1.055118e-01;1.257780e-01;1.584766e-02;3.186497e-02;2.200502e-01;2.403954e-02
1.163206e-01;1.945937e-01;5.295093e-02;5.767363e-02;2.927208e-02;6.913521e-02;1.544118e-01;1.143372e-01;1.011564e-02;3.036658e-02;1.440034e-01;2.681921e-02
1.115293e-01;2.378593e-01;7.201953e-02;4.036243e-02;2.361171e-02;7.563415e-02;1.802422e-01;9.088139e-02;1.661164e-02;3.729184e-02;9.139051e-02;2.256605e-02
1.336335e-01;2.156326e-01;9.356590e-02;4.783559e-02;4.113865e-02;5.645042e-02;1.140899e-01;1.536547e-01;3.200937e-02;3.134603e-02;4.628903e-02;3.435433e-02
7.852859e-02;2.435846e-01;1.014149e-01;7.390261e-02;4.222989e-02;3.990915e-02;9.619550e-02;1.407158e-01;1.551715e-02;1.747234e-02;1.257429e-01;2.478654e-02
7.159483e-02;2.661373e-01;1.012416e-01;6.463702e-02;3.640687e-02;3.536294e-02;8.752470e-02;7.842147e-02;1.933556e-02;1.967804e-02;2.046731e-01;1.498651e-02
7.673330e-02;2.693983e-01;9.880082e-02;5.561533e-02;2.414954e-02;2.864033e-02;8.059023e-02;7.446991e-02;2.151005e-02;2.703880e-02;2.224151e-01;2.063827e-02
7.364138e-02;2.664511e-01;1.016027e-01;5.203910e-02;2.601217e-02;2.003916e-02;7.973518e-02;6.431163e-02;2.933978e-02;2.845179e-02;2.323443e-01;2.603165e-02
7.042337e-02;2.765602e-01;1.072112e-01;4.386033e-02;2.329897e-02;1.479988e-02;8.034173e-02;3.992704e-02;4.076215e-02;2.755143e-02;2.498329e-01;2.543076e-02
7.769958e-02;2.769363e-01;1.073151e-01;4.390506e-02;2.257826e-02;2.141327e-02;7.757749e-02;4.476586e-02;4.242804e-02;2.341928e-02;2.376717e-01;2.429006e-02
6.792222e-02;2.612948e-01;9.474728e-02;4.961770e-02;3.273178e-02;3.532686e-02;7.923058e-02;7.415250e-02;3.198183e-02;2.863579e-02;2.232175e-01;2.114125e-02
5.641438e-02;1.831898e-01;7.185505e-02;6.415226e-02;7.244541e-02;6.874533e-02;1.057735e-01;9.762539e-02;2.765492e-02;5.948685e-02;1.759858e-01;1.667130e-02
5.596064e-02;1.043959e-01;5.575614e-02;7.578587e-02;1.166759e-01;6.787408e-02;9.949818e-02;7.063313e-02;2.756742e-02;9.156734e-02;2.228896e-01;1.139584e-02
2.880677e-02;9.470438e-02;4.517585e-02;8.557002e-02;1.524643e-01;5.516734e-02;5.924880e-02;5.964419e-02;1.629255e-02;8.988320e-02;3.059177e-01;7.124848e-03
2.449068e-02;7.528201e-02;4.241820e-02;9.285151e-02;1.382708e-01;5.581237e-02;5.705335e-02;7.311451e-02;2.016049e-02;5.984345e-02;3.570086e-01;3.694000e-03
1.241228e-02;7.222950e-02;4.361890e-02;7.992963e-02;8.416537e-02;4.322035e-02;5.231633e-02;7.799379e-02;4.556408e-02;3.812680e-02;4.452316e-01;5.191437e-03
3.795190e-02;6.823981e-02;3.997290e-02;4.334790e-02;4.640076e-02;3.095249e-02;4.292419e-02;5.742950e-02;6.276795e-02;5.231249e-02;5.107498e-01;6.950323e-03
7.003851e-02;4.902605e-02;2.937292e-02;3.002309e-02;4.543141e-02;4.799232e-02;5.429821e-02;3.971217e-02;5.239974e-02;4.661116e-02;5.208368e-01;1.425754e-02
1.410971e-01;3.467436e-02;1.910139e-02;2.550011e-02;7.635100e-02;7.459152e-02;7.269622e-02;4.419429e-02;3.711648e-02;2.087436e-02;4.316112e-01;2.219198e-02
2.033488e-01;2.387342e-02;1.990055e-02;3.233637e-02;9.004085e-02;7.998896e-02;9.922081e-02;3.866442e-02;5.051792e-02;2.265116e-02;3.199887e-01;1.946805e-02
3.049181e-01;2.337632e-02;2.104552e-02;3.083902e-02;5.793260e-02;7.708777e-02;1.266922e-01;3.235214e-02;4.328776e-02;2.574525e-02;2.411274e-01;1.559588e-02
3.523151e-01;4.081443e-02;1.493570e-02;1.628653e-02;4.723971e-02;1.006665e-01;1.671683e-01;4.105105e-02;2.398408e-02;1.914600e-02;1.665130e-01;9.879613e-03
2.940168e-01;4.635091e-02;6.661482e-03;1.625343e-02;7.164318e-02;1.224066e-01;2.251846e-01;7.677300e-02;2.090200e-02;1.917605e-02;9.447411e-02;6.157862e-03
2.392499e-01;7.005861e-02;5.078170e-03;2.747940e-02;9.512719e-02;1.157632e-01;2.615115e-01;8.470114e-02;2.039561e-02;2.094486e-02;5.595363e-02;3.736743e-03
2.544018e-01;9.972640e-02;7.968869e-03;4.600137e-02;7.433770e-02;9.086517e-02;2.877712e-01;8.616671e-02;1.041223e-02;1.690876e-02;2.081156e-02;4.628259e-03
2.434807e-01;1.157108e-01;8.871191e-03;5.623969e-02;3.224599e-02;7.695925e-02;3.171584e-01;1.049886e-01;4.194148e-03;1.002237e-02;2.405507e-02;6.073812e-03
2.043281e-01;1.065154e-01;1.332215e-02;5.193581e-02;2.654170e-02;6.726118e-02;3.135387e-01;1.497108e-01;6.086566e-03;9.807502e-03;4.382482e-02;7.127195e-03
1.843748e-01;7.938110e-02;2.220320e-02;3.785579e-02;3.502519e-02;5.557412e-02;2.796904e-01;1.754653e-01;2.066706e-02;2.656174e-02;7.080491e-02;1.239636e-02
1.476963e-01;4.311530e-02;4.846478e-02;5.769129e-02;6.602661e-02;6.230570e-02;1.873321e-01;1.667265e-01;5.090304e-02;8.039918e-02;6.998278e-02;1.935639e-02
9.966920e-02;7.681154e-02;5.049871e-02;4.493861e-02;4.982556e-02;4.808383e-02;2.215891e-01;2.312691e-01;3.870566e-02;7.078137e-02;5.840976e-02;9.417489e-03
7.770017e-02;1.000028e-01;3.417382e-02;1.999354e-02;1.706845e-02;3.323323e-02;2.754846e-01;2.895251e-01;2.034380e-02;3.198639e-02;8.963861e-02;1.084945e-02
5.301720e-02;1.067746e-01;2.146712e-02;1.933874e-02;1.830267e-02;3.094684e-02;3.120545e-01;3.158600e-01;1.864063e-02;1.744499e-02;7.313185e-02;1.302086e-02
1.245156e-01;1.228339e-01;1.693372e-02;1.846147e-02;2.424600e-02;4.859824e-02;2.786769e-01;2.681329e-01;1.660731e-02;1.037886e-02;6.176657e-02;8.848506e-03
2.105315e-01;1.299822e-01;2.212679e-02;2.145580e-02;3.082260e-02;5.450510e-02;1.476969e-01;1.835017e-01;1.527217e-02;1.424197e-02;1.609691e-01;8.894290e-03
1.947251e-01;1.742247e-01;2.415065e-02;1.951498e-02;3.397165e-02;4.697660e-02;7.174847e-02;1.384743e-01;1.081836e-02;1.984828e-02;2.525640e-01;1.298288e-02
1.008151e-01;2.101106e-01;1.973345e-02;3.756448e-02;2.522147e-02;4.363729e-02;1.529661e-01;1.195428e-01;1.007185e-02;1.646909e-02;2.529137e-01;1.095403e-02
1.272220e-01;2.055575e-01;3.131572e-02;5.629190e-02;3.493381e-02;5.580844e-02;2.131987e-01;1.006558e-01;1.272644e-02;2.007498e-02;1.324343e-01;9.780454e-03
1.190493e-01;2.072345e-01;4.057209e-02;3.904104e-02;3.069357e-02;5.421285e-02;2.205965e-01;8.924125e-02;2.452902e-02;2.541273e-02;1.318083e-01;1.760869e-02
7.009526e-02;1.587307e-01;2.517112e-02;3.857035e-02;3.442044e-02;4.674907e-02;1.894121e-01;1.123994e-01;2.955210e-02;2.779784e-02;2.550068e-01;1.209483e-02
1.591281e-01;1.199986e-01;3.033269e-02;2.129673e-02;2.876970e-02;4.903436e-02;1.592106e-01;1.182156e-01;4.279010e-02;4.132398e-02;2.095995e-01;2.029991e-02
1.640588e-01;8.210445e-02;4.137251e-02;5.233608e-02;2.986859e-02;2.721233e-02;1.638444e-01;9.591746e-02;5.527906e-02;5.792636e-02;1.901643e-01;3.991567e-02
7.783695e-02;6.776743e-02;4.244233e-02;8.961565e-02;7.812987e-02;7.228737e-02;1.383037e-01;1.192107e-01;5.568833e-02;4.019177e-02;1.197099e-01;9.881584e-02
6.709732e-02;6.667434e-02;3.362026e-02;8.390866e-02;6.732025e-02;6.831601e-02;1.331840e-01;1.224997e-01;6.911268e-02;3.202625e-02;1.654679e-01;9.077252e-02
5.308733e-02;7.082067e-02;2.102984e-02;7.220508e-02;5.661919e-02;5.856510e-02;1.262015e-01;1.209274e-01;6.805320e-02;6.158404e-02;2.180134e-01;7.289317e-02
7.782871e-02;6.097696e-02;4.141304e-02;5.400784e-02;5.106538e-02;4.950649e-02;1.168930e-01;9.641697e-02;9.783798e-02;9.536986e-02;2.180127e-01;4.067102e-02
1.278648e-01;3.960075e-02;6.422425e-02;3.098502e-02;5.310012e-02;4.683595e-02;1.371552e-01;3.945162e-02;1.913670e-01;7.876508e-02;1.297096e-01;6.094065e-02
1.384457e-01;3.094515e-02;6.595458e-02;3.022072e-02;6.124554e-02;5.559678e-02;1.467910e-01;7.008772e-02;2.133614e-01;3.162285e-02;9.944779e-02;5.628083e-02
1.006163e-01;6.057584e-02;5.671104e-02;2.651361e-02;5.310201e-02;4.650921e-02;1.867291e-01;1.003162e-01;1.488818e-01;3.318715e-02;1.581824e-01;2.867534e-02
4.898871e-02;8.145142e-02;5.276345e-02;3.028687e-02;3.897472e-02;1.941319e-02;2.435573e-01;1.243895e-01;7.565603e-02;2.444056e-02;2.296089e-01;3.046936e-02
8.596153e-02;5.759306e-02;4.039576e-02;4.704048e-02;3.346883e-02;6.765530e-02;2.964341e-01;1.200578e-01;3.684003e-02;2.780509e-02;1.641727e-01;2.257524e-02
1.369087e-01;3.545945e-02;2.368652e-02;5.761119e-02;3.591714e-02;1.257351e-01;3.570282e-01;6.886569e-02;3.891911e-02;2.680878e-02;7.166108e-02;2.139901e-02
1.389024e-01;4.043199e-02;2.436855e-02;5.282117e-02;5.671301e-02;1.484899e-01;3.677904e-01;6.943721e-02;1.662400e-02;2.297844e-02;4.195146e-02;1.949142e-02
1.554064e-01;3.829112e-02;2.488921e-02;3.346866e-02;5.805632e-02;1.632924e-01;3.941970e-01;4.460299e-02;9.888735e-03;1.548549e-02;4.211884e-02;2.030280e-02
1.719636e-01;9.177311e-02;2.080559e-02;1.485754e-02;2.950769e-02;1.051638e-01;3.100739e-01;9.070468e-02;1.588622e-02;1.501678e-02;1.227678e-01;1.147931e-02
2.292996e-01;1.081164e-01;2.127646e-02;1.285246e-02;2.404023e-02;7.439746e-02;2.361015e-01;8.615388e-02;2.434869e-02;1.671573e-02;1.567490e-01;9.948512e-03
3.298188e-01;8.854391e-02;2.179554e-02;1.817929e-02;3.105340e-02;9.218476e-02;1.753253e-01;3.417829e-02;3.671367e-02;1.503077e-02;1.421698e-01;1.500655e-02
3.490609e-01;3.660888e-02;1.481838e-02;1.511626e-02;3.234335e-02;1.298741e-01;2.145934e-01;3.571463e-02;3.159589e-02;2.093228e-02;1.069036e-01;1.243821e-02
3.102557e-01;2.978459e-02;8.775434e-03;9.869212e-03;3.792076e-02;1.580561e-01;2.549095e-01;5.070137e-02;1.510156e-02;2.629500e-02;8.888130e-02;9.449482e-03
2.821425e-01;3.046882e-02;8.088800e-03;1.205133e-02;4.263368e-02;1.775635e-01;2.920991e-01;6.076847e-02;1.467375e-02;2.759932e-02;4.383928e-02;8.071489e-03
2.693443e-01;2.959787e-02;7.613207e-03;1.083682e-02;4.081178e-02;1.876601e-01;3.290862e-01;5.655605e-02;1.432126e-02;2.265934e-02;2.508998e-02;6.423024e-03
2.506925e-01;2.967311e-02;5.139867e-03;1.277025e-02;4.278817e-02;1.750974e-01;3.401080e-01;7.367212e-02;1.435108e-02;2.446774e-02;2.554476e-02;5.695104e-03
2.323092e-01;4.187186e-02;5.084186e-03;1.743166e-02;4.144965e-02;1.655284e-01;3.550931e-01;7.886992e-02;1.388483e-02;2.890463e-02;1.383001e-02;5.742649e-03
2.011505e-01;5.420223e-02;1.037950e-02;2.436905e-02;3.545875e-02;1.526427e-01;3.913660e-01;4.651691e-02;1.279256e-02;2.853337e-02;3.240013e-02;1.018821e-02
1.316439e-01;6.603330e-02;7.824752e-03;1.618700e-02;1.908283e-02;1.112814e-01;4.504728e-01;1.374921e-01;9.992423e-03;1.539736e-02;2.695672e-02;7.635479e-03
8.892713e-02;6.867214e-02;6.121241e-03;4.465137e-03;1.193996e-02;8.684599e-02;4.965185e-01;1.986330e-01;1.151802e-02;6.678397e-03;1.464993e-02;5.030515e-03
6.397143e-02;5.666234e-02;7.862138e-03;1.009903e-02;1.274086e-02;7.984625e-02;4.934487e-01;2.236474e-01;1.345376e-02;1.195297e-02;2.258336e-02;3.731784e-03
1.224110e-01;4.732829e-02;7.348983e-03;1.208716e-02;1.870761e-02;9.283268e-02;4.471011e-01;1.900549e-01;1.109262e-02;2.411633e-02;2.270480e-02;4.214571e-03
2.311533e-01;7.584790e-02;1.575197e-02;1.788854e-02;2.747786e-02;8.987201e-02;3.506675e-01;4.075969e-02;2.242667e-02;4.091228e-02;6.737871e-02;1.986354e-02
1.458662e-01;5.943434e-02;2.888496e-02;3.806135e-02;2.771231e-02;5.797128e-02;3.410372e-01;1.194015e-01;3.419790e-02;3.607824e-02;7.144433e-02;3.991029e-02
8.557178e-02;1.006770e-01;2.087038e-02;2.114370e-02;2.062488e-02;3.937755e-02;3.277727e-01;2.386753e-01;2.435968e-02;1.997975e-02;8.010112e-02;2.084616e-02
5.478283e-02;1.069325e-01;1.307528e-02;6.586037e-03;1.303002e-02;4.195951e-02;3.735287e-01;2.776020e-01;1.585281e-02;1.335234e-02;7.349078e-02;9.807127e-03
2.731190e-02;1.094019e-01;8.400206e-03;3.893443e-03;1.146802e-02;4.266688e-02;4.143676e-01;2.914227e-01;1.556747e-02;9.931962e-03;5.725932e-02;8.308544e-03
2.044284e-02;1.223509e-01;5.670729e-03;4.634357e-03;1.139195e-02;4.763915e-02;4.417644e-01;2.736418e-01;1.475715e-02;9.029549e-03;4.360860e-02;5.068600e-03
7.726542e-02;1.339042e-01;7.008364e-03;1.212549e-02;1.138349e-02;6.805698e-02;4.415833e-01;2.033754e-01;1.068727e-02;6.038671e-03;2.301321e-02;5.558261e-03
1.791247e-01;1.219676e-01;6.641587e-03;2.266042e-02;1.518977e-02;9.632626e-02;4.192091e-01;1.067726e-01;5.336474e-03;1.267819e-02;9.109711e-03;4.983584e-03
2.517211e-01;7.248081e-02;5.274022e-03;1.597429e-02;1.799262e-02;1.144537e-01;3.963697e-01;8.268262e-02;8.327902e-03;1.257995e-02;1.734892e-02;4.794334e-03
2.779696e-01;3.659333e-02;1.087382e-02;1.013405e-02;2.289306e-02;1.098931e-01;3.669893e-01;9.758195e-02;1.035303e-02;8.637534e-03;3.696384e-02;1.111738e-02
2.748498e-01;2.961469e-02;1.824945e-02;1.853255e-02;3.111487e-02;9.335746e-02;3.162544e-01;9.807733e-02;1.778272e-02;1.484886e-02;5.755229e-02;2.976549e-02
2.041931e-01;7.410727e-02;2.535489e-02;2.312885e-02;3.002591e-02;5.805797e-02;1.781421e-01;9.396141e-02;1.894186e-02;1.776851e-02;2.263442e-01;4.997398e-02
6.298885e-02;9.722438e-02;3.734234e-02;5.175958e-02;4.914098e-02;4.693665e-02;8.119924e-02;7.795715e-02;1.931484e-02;2.197217e-02;4.088344e-01;4.532944e-02
9.715688e-02;1.158867e-01;3.960586e-02;6.065824e-02;7.829893e-02;6.874349e-02;8.771604e-02;8.363495e-02;1.651376e-02;2.924966e-02;3.078198e-01;1.471573e-02
1.107868e-01;1.519394e-01;4.343538e-02;5.506343e-02;9.390220e-02;9.460110e-02;1.153994e-01;1.139043e-01;2.362980e-02;3.702888e-02;1.480009e-01;1.230823e-02
1.053587e-01;2.568560e-01;4.510316e-02;3.765291e-02;6.305567e-02;8.290195e-02;1.016384e-01;1.509692e-01;4.218024e-02;2.842795e-02;6.985135e-02;1.600450e-02
2.171316e-01;2.732450e-01;3.245064e-02;2.128783e-02;1.970193e-02;3.451931e-02;7.077620e-02;1.812522e-01;3.358135e-02;1.584671e-02;8.609569e-02;1.411154e-02
2.112065e-01;2.008722e-01;1.574372e-02;2.160062e-02;1.500170e-02;1.951801e-02;1.440998e-01;2.275436e-01;1.980741e-02;1.763044e-02;9.781183e-02;9.164192e-03
2.280091e-01;1.798776e-01;2.264543e-02;2.631534e-02;1.196760e-02;2.007023e-02;1.306483e-01;2.338670e-01;1.426565e-02;2.153900e-02;1.009381e-01;9.856674e-03
2.452430e-01;1.767799e-01;2.362855e-02;2.742716e-02;1.618113e-02;2.902715e-02;9.660243e-02;2.244268e-01;1.686060e-02;1.847807e-02;1.107688e-01;1.457652e-02
1.813712e-01;1.638971e-01;1.968865e-02;2.360513e-02;2.109640e-02;2.798469e-02;1.134705e-01;2.039474e-01;2.830596e-02;3.545379e-02;1.572776e-01;2.390165e-02
1.250621e-01;1.537845e-01;2.688126e-02;2.474591e-02;3.276171e-02;3.766111e-02;1.475331e-01;1.969137e-01;3.178966e-02;5.710464e-02;1.335884e-01;3.217395e-02
1.354797e-01;1.491578e-01;4.849776e-02;3.021429e-02;3.865644e-02;6.159771e-02;1.983976e-01;1.411939e-01;2.927711e-02;7.157195e-02;7.125885e-02;2.469693e-02
