6.441200e-02;8.993257e-02;1.498039e-01;6.507001e-02;7.349221e-02;9.009776e-02;1.313939e-01;7.578757e-02;5.963905e-02;5.354472e-02;6.566296e-02;8.116333e-02
8.547380e-02;1.187011e-01;1.978364e-01;5.817741e-02;6.486452e-02;8.942346e-02;9.982243e-02;6.656012e-02;8.037476e-02;4.335178e-02;3.719916e-02;5.821512e-02
1.263523e-01;1.019825e-01;1.813848e-01;4.645622e-02;6.833448e-02;6.435365e-02;6.349866e-02;4.255890e-02;1.178018e-01;3.898134e-02;5.919410e-02;8.910123e-02
9.814889e-02;6.276784e-02;2.145890e-01;3.768610e-02;6.784572e-02;2.989726e-02;1.281067e-01;3.152696e-02;8.707060e-02;9.595134e-02;8.024320e-02;6.616648e-02
1.016473e-01;7.681315e-02;1.264865e-01;4.276205e-02;7.118551e-02;3.875380e-02;1.846271e-01;3.567438e-02;9.023830e-02;1.262345e-01;6.257313e-02;4.300428e-02
9.666225e-02;8.359749e-02;1.703390e-01;4.116678e-02;5.150371e-02;3.556699e-02;1.382666e-01;3.818606e-02;1.106008e-01;1.353365e-01;4.693680e-02;5.183709e-02
1.075324e-01;8.267909e-02;1.841153e-01;3.739832e-02;4.311943e-02;2.769044e-02;1.461513e-01;5.513222e-02;9.722378e-02;1.372782e-01;4.375425e-02;3.792528e-02
1.062352e-01;6.930004e-02;1.299823e-01;2.111774e-02;3.822094e-02;1.845361e-02;2.133620e-01;7.783107e-02;9.128522e-02;1.087065e-01;9.767184e-02;2.783351e-02
6.661116e-02;5.121848e-02;1.128355e-01;1.955417e-02;3.278374e-02;1.238919e-02;2.214119e-01;8.140884e-02;1.889187e-01;6.454389e-02;1.132625e-01;3.506188e-02
7.092065e-02;3.531544e-02;9.614781e-02;1.992283e-02;2.981665e-02;2.439004e-02;2.070639e-01;1.071083e-01;2.136185e-01;4.866614e-02;9.959032e-02;4.743942e-02
9.861265e-02;2.636855e-02;8.083405e-02;1.849437e-02;2.565562e-02;2.241875e-02;2.129571e-01;1.102291e-01;1.745859e-01;6.399341e-02;7.934682e-02;8.650365e-02
1.206973e-01;2.857487e-02;5.792991e-02;2.578194e-02;2.344465e-02;2.248711e-02;2.941608e-01;8.673368e-02;8.926078e-02;6.974420e-02;6.606836e-02;1.151165e-01
1.040845e-01;6.061352e-02;1.027627e-01;4.220640e-02;2.394208e-02;2.194605e-02;3.434148e-01;6.110737e-02;2.859305e-02;6.997668e-02;6.558922e-02;7.576354e-02
8.323251e-02;7.775195e-02;1.397410e-01;4.957015e-02;4.451502e-02;3.037263e-02;2.663114e-01;8.741135e-02;3.567357e-02;6.000263e-02;7.169430e-02;5.372345e-02
1.141648e-01;7.048599e-02;2.339335e-01;5.898315e-02;6.914522e-02;3.717739e-02;1.245306e-01;8.770652e-02;4.423124e-02;3.919650e-02;5.347583e-02;6.696928e-02
1.322596e-01;6.083190e-02;1.711514e-01;5.030588e-02;6.245345e-02;4.739672e-02;9.851046e-02;9.282363e-02;8.349952e-02;7.412279e-02;6.242617e-02;6.421850e-02
1.479534e-01;1.169973e-01;1.267490e-01;5.641955e-02;4.762636e-02;4.317309e-02;8.836810e-02;9.185322e-02;6.453351e-02;8.670632e-02;7.423636e-02;5.538378e-02
1.664813e-01;1.714576e-01;1.747359e-01;4.338936e-02;3.488038e-02;2.385588e-02;5.554652e-02;6.352335e-02;4.033438e-02;8.835381e-02;8.955367e-02;4.788783e-02
1.520859e-01;1.744479e-01;2.134768e-01;3.816096e-02;4.245145e-02;1.731880e-02;6.364060e-02;4.911193e-02;5.982202e-02;7.173955e-02;7.571743e-02;4.202662e-02
9.950238e-02;1.425435e-01;2.914200e-01;5.031603e-02;3.440858e-02;3.229705e-02;9.134751e-02;2.782674e-02;7.519890e-02;5.610117e-02;6.436148e-02;3.467659e-02
3.251266e-02;9.325781e-02;3.454349e-01;4.721424e-02;2.243366e-02;4.997275e-02;1.363675e-01;3.386283e-02;6.936149e-02;4.454739e-02;8.041950e-02;4.461521e-02
1.768667e-02;6.007493e-02;3.010307e-01;3.089212e-02;2.579940e-02;5.755938e-02;1.957629e-01;3.065857e-02;5.133471e-02;9.887111e-02;9.126620e-02;3.906334e-02
3.212824e-02;3.775166e-02;2.390310e-01;2.778444e-02;3.720883e-02;4.617826e-02;2.295637e-01;3.341445e-02;4.184891e-02;1.891218e-01;6.347588e-02;2.249281e-02
5.325563e-02;3.195096e-02;1.995376e-01;3.410187e-02;3.211967e-02;2.790420e-02;2.317438e-01;6.044594e-02;4.692113e-02;1.972379e-01;6.086615e-02;2.391514e-02
5.022367e-02;3.914063e-02;1.472305e-01;4.893750e-02;2.736823e-02;1.676092e-02;1.918483e-01;1.486858e-01;5.107034e-02;1.257267e-01;1.244071e-01;2.860030e-02
3.350887e-02;6.791012e-02;1.072134e-01;6.889398e-02;3.307050e-02;2.530760e-02;1.241370e-01;2.363838e-01;4.695841e-02;4.589177e-02;1.808281e-01;2.989659e-02
3.634824e-02;8.543065e-02;8.602079e-02;7.155617e-02;4.952835e-02;2.627338e-02;6.582955e-02;2.538908e-01;6.091924e-02;4.417097e-02;1.616161e-01;5.841573e-02
3.370243e-02;8.025615e-02;6.058310e-02;5.676781e-02;6.877383e-02;2.530010e-02;2.433551e-02;2.180998e-01;1.457892e-01;6.089680e-02;1.062219e-01;1.192734e-01
1.029633e-02;6.765435e-02;6.834180e-02;6.645260e-02;8.099488e-02;2.136814e-02;2.665057e-02;2.025175e-01;1.688022e-01;3.922942e-02;7.505496e-02;1.726373e-01
3.130371e-02;5.087073e-02;1.103627e-01;7.559679e-02;6.942014e-02;2.930174e-02;4.552317e-02;1.865370e-01;1.372450e-01;3.142349e-02;8.519527e-02;1.472202e-01
4.759766e-02;4.274449e-02;1.570480e-01;7.115036e-02;5.634402e-02;4.730887e-02;4.622433e-02;1.793657e-01;1.123819e-01;3.945347e-02;1.100546e-01;9.032650e-02
5.390123e-02;5.245224e-02;1.707808e-01;6.521421e-02;4.995307e-02;6.377234e-02;6.185091e-02;1.922607e-01;7.875942e-02;4.137809e-02;1.067795e-01;6.289756e-02
2.107256e-02;8.991100e-02;9.776242e-02;5.197679e-02;7.440308e-02;5.926570e-02;7.217827e-02;1.757180e-01;7.782688e-02;4.752673e-02;1.388675e-01;9.349095e-02
2.616470e-02;8.873308e-02;8.935498e-02;5.835934e-02;8.041888e-02;4.318398e-02;8.752068e-02;1.179879e-01;1.416592e-01;5.942144e-02;1.720277e-01;3.516821e-02
4.927859e-02;7.659318e-02;8.181833e-02;7.316648e-02;7.360157e-02;2.916591e-02;1.112095e-01;1.210798e-01;1.315908e-01;5.031332e-02;1.718970e-01;3.028555e-02
4.245821e-02;8.057030e-02;6.089345e-02;5.054636e-02;5.956549e-02;3.276613e-02;8.327678e-02;1.805449e-01;1.668694e-01;3.354232e-02;1.460769e-01;6.288974e-02
5.466505e-02;7.555575e-02;1.259152e-01;4.170047e-02;6.410464e-02;4.181143e-02;5.893208e-02;1.939488e-01;1.681171e-01;3.888880e-02;9.721577e-02;3.914503e-02
1.166687e-01;8.999095e-02;1.616296e-01;4.929677e-02;5.930374e-02;4.189814e-02;8.396241e-02;1.531999e-01;4.986345e-02;6.560732e-02;6.520184e-02;6.337717e-02
1.127958e-01;1.073329e-01;1.439646e-01;8.009220e-02;4.237860e-02;3.560432e-02;7.659282e-02;5.092378e-02;1.049132e-01;7.886272e-02;8.605783e-02;8.048122e-02
9.420659e-02;1.060509e-01;1.444192e-01;8.211738e-02;3.623182e-02;3.461583e-02;8.747161e-02;6.426768e-02;1.011376e-01;8.633657e-02;8.130443e-02;8.184033e-02
1.102973e-01;7.898369e-02;2.050253e-01;8.012438e-02;3.806568e-02;5.307924e-02;6.596897e-02;7.124981e-02;7.469733e-02;8.439770e-02;5.997149e-02;7.813902e-02
1.144487e-01;3.055758e-02;2.347538e-01;4.579104e-02;7.360687e-02;6.846315e-02;1.416445e-01;5.096545e-02;3.515658e-02;6.048475e-02;6.843006e-02;7.569759e-02
1.479662e-01;4.752856e-02;1.802491e-01;3.220171e-02;9.741355e-02;6.481399e-02;1.564625e-01;3.052763e-02;5.612747e-02;4.229869e-02;5.443861e-02;8.997191e-02
1.859919e-01;5.221227e-02;1.179439e-01;4.075327e-02;1.089809e-01;6.911391e-02;1.403554e-01;2.528301e-02;5.666962e-02;3.667291e-02;4.619479e-02;1.198282e-01
1.685463e-01;3.046192e-02;1.819927e-01;4.801926e-02;1.071463e-01;6.338765e-02;7.776289e-02;2.543746e-02;5.114258e-02;3.338938e-02;6.449916e-02;1.482144e-01
1.382211e-01;4.752878e-02;2.193819e-01;5.092895e-02;9.964137e-02;5.079236e-02;6.742492e-02;1.942266e-02;4.110174e-02;4.565809e-02;7.864727e-02;1.412508e-01
8.882556e-02;6.633405e-02;2.334223e-01;5.524018e-02;9.075905e-02;3.946255e-02;5.143502e-02;6.151290e-02;4.984824e-02;6.468611e-02;8.733346e-02;1.111406e-01
1.373062e-01;7.492596e-02;1.131701e-01;5.585017e-02;7.489071e-02;4.637127e-02;5.697221e-02;8.031733e-02;9.498653e-02;7.896049e-02;8.758955e-02;9.865952e-02
1.388007e-01;8.782267e-02;1.114794e-01;7.868775e-02;8.088101e-02;4.689470e-02;8.825165e-02;7.327428e-02;5.122658e-02;9.751694e-02;7.006671e-02;7.509750e-02
9.124609e-02;5.182223e-02;1.348848e-01;7.986785e-02;7.385113e-02;4.668802e-02;9.952336e-02;1.007454e-01;5.411977e-02;1.070074e-01;7.165498e-02;8.858889e-02
8.212229e-02;7.061696e-02;9.276001e-02;5.659862e-02;5.704817e-02;4.194078e-02;1.015213e-01;1.003375e-01;1.100726e-01;1.013194e-01;9.074120e-02;9.492116e-02
1.045808e-01;6.681646e-02;5.632729e-02;4.462232e-02;6.991899e-02;4.665442e-02;1.019066e-01;9.967756e-02;1.172631e-01;8.175429e-02;1.150594e-01;9.541880e-02
8.111843e-02;6.334827e-02;8.596719e-02;2.795832e-02;7.815495e-02;4.990052e-02;7.821400e-02;1.074587e-01;1.014602e-01;1.241211e-01;1.086230e-01;9.367540e-02
1.225788e-01;7.143144e-02;1.119348e-01;2.236496e-02;6.430855e-02;4.563956e-02;7.257002e-02;9.740710e-02;1.329021e-01;1.530674e-01;3.941212e-02;6.638317e-02
1.085002e-01;7.127762e-02;1.189366e-01;5.099965e-02;5.616964e-02;4.817074e-02;9.095166e-02;9.327066e-02;9.492335e-02;1.190657e-01;5.926930e-02;8.846477e-02
9.104367e-02;8.263482e-02;9.672047e-02;7.447697e-02;4.900175e-02;5.183893e-02;9.059384e-02;9.645510e-02;1.060562e-01;8.277753e-02;6.934743e-02;1.090532e-01
9.706000e-02;6.528220e-02;7.289707e-02;7.769427e-02;6.429972e-02;7.029008e-02;9.162730e-02;8.132388e-02;1.163261e-01;7.706507e-02;6.501699e-02;1.211173e-01
7.364129e-02;4.203822e-02;1.291538e-01;7.969981e-02;6.481164e-02;6.814745e-02;1.290452e-01;7.677594e-02;7.420338e-02;7.631410e-02;7.557894e-02;1.105903e-01
8.773994e-02;7.015119e-02;1.224747e-01;9.527456e-02;6.866762e-02;8.101320e-02;1.390435e-01;7.058756e-02;6.717808e-02;6.767807e-02;8.382846e-02;4.636317e-02
1.024002e-01;9.920581e-02;8.961512e-02;8.681504e-02;9.167990e-02;8.234848e-02;9.084781e-02;5.496184e-02;9.280682e-02;6.368999e-02;9.495762e-02;5.067129e-02
1.092648e-01;1.332612e-01;1.183568e-01;6.290443e-02;9.263183e-02;7.020957e-02;8.001443e-02;4.881817e-02;8.724323e-02;5.551250e-02;9.524155e-02;4.654147e-02
1.272453e-01;1.151264e-01;1.188155e-01;3.075139e-02;1.041955e-01;8.433126e-02;9.979805e-02;6.815842e-02;6.341098e-02;6.782600e-02;8.805732e-02;3.228400e-02
1.663219e-01;6.603848e-02;7.441154e-02;3.755818e-02;8.862311e-02;4.370014e-02;1.151685e-01;8.244799e-02;1.154049e-01;1.059102e-01;5.907178e-02;4.534319e-02
1.169958e-01;6.878405e-02;1.269691e-01;3.362551e-02;5.451019e-02;4.259025e-02;1.405003e-01;6.819960e-02;1.718713e-01;7.200523e-02;5.884933e-02;4.509934e-02
1.084122e-01;8.894615e-02;1.510841e-01;5.062671e-02;3.602003e-02;2.638172e-02;1.284574e-01;8.642673e-02;1.540821e-01;8.221299e-02;4.597218e-02;4.137764e-02
5.230897e-02;1.309989e-01;1.595358e-01;8.221674e-02;4.974135e-02;5.154718e-02;1.459931e-01;4.664264e-02;8.203733e-02;8.193972e-02;5.877831e-02;5.825996e-02
8.955959e-02;8.378499e-02;1.512419e-01;9.226007e-02;7.667372e-02;5.672568e-02;1.096482e-01;1.033370e-01;5.471625e-02;4.406933e-02;7.507685e-02;6.290638e-02
8.312239e-02;6.323912e-02;1.626233e-01;9.426937e-02;7.560699e-02;6.239789e-02;9.811063e-02;1.165177e-01;6.745280e-02;4.844123e-02;6.510313e-02;6.311546e-02
6.297773e-02;4.914920e-02;2.351693e-01;7.362766e-02;5.752090e-02;7.066917e-02;1.732046e-01;7.846642e-02;3.916205e-02;7.591835e-02;4.126739e-02;4.286721e-02
4.312459e-02;3.780072e-02;3.271362e-01;4.005687e-02;4.067484e-02;5.835682e-02;2.780240e-01;1.463571e-02;9.965854e-03;1.077986e-01;2.453995e-02;1.788585e-02
6.226023e-02;2.723026e-02;3.052778e-01;2.574139e-02;3.267006e-02;2.408674e-02;3.004150e-01;5.622781e-02;1.679551e-02;1.203723e-01;2.134108e-02;7.581752e-03
8.582234e-02;2.184345e-02;2.687616e-01;2.520012e-02;2.403026e-02;2.088371e-02;3.132103e-01;4.513476e-02;2.252522e-02;1.243908e-01;4.002154e-02;8.175915e-03
8.573649e-02;2.373467e-02;2.074153e-01;4.933668e-02;2.066652e-02;1.712160e-02;2.746276e-01;1.093356e-01;3.335130e-02;9.538761e-02;7.264151e-02;1.064510e-02
6.511022e-02;3.738039e-02;1.489226e-01;8.111351e-02;2.499673e-02;1.797861e-02;1.981450e-01;1.847448e-01;3.007213e-02;6.203947e-02;1.292144e-01;2.028210e-02
3.434957e-02;7.049876e-02;1.103404e-01;1.136626e-01;3.118470e-02;1.996898e-02;1.069652e-01;2.422970e-01;3.288849e-02;3.693304e-02;1.735793e-01;2.733188e-02
1.695572e-02;8.501969e-02;1.070717e-01;1.221793e-01;3.667091e-02;1.871312e-02;7.094059e-02;2.477760e-01;4.976531e-02;2.970141e-02;1.806599e-01;3.454622e-02
4.110693e-02;6.054157e-02;1.426637e-01;9.766747e-02;4.293674e-02;2.754471e-02;1.056601e-01;1.711608e-01;8.030384e-02;3.371243e-02;1.351411e-01;6.156065e-02
6.870481e-02;3.483573e-02;2.184298e-01;8.577638e-02;6.170330e-02;4.215360e-02;9.077629e-02;8.228073e-02;9.814641e-02;2.498699e-02;8.124489e-02;1.109611e-01
6.889873e-02;4.773778e-02;2.172449e-01;4.584251e-02;5.736869e-02;4.788174e-02;1.026808e-01;9.447471e-02;2.820273e-02;2.796956e-02;1.438285e-01;1.178694e-01
5.136432e-02;7.929686e-02;1.732236e-01;3.038773e-02;4.847172e-02;3.078310e-02;1.380472e-01;1.328294e-01;2.018005e-02;5.236628e-02;1.535297e-01;8.951994e-02
7.359420e-02;7.269097e-02;1.908082e-01;5.389044e-02;5.218964e-02;3.236383e-02;1.303104e-01;1.056659e-01;1.974086e-02;6.800152e-02;1.018354e-01;9.890867e-02
1.045402e-01;5.859087e-02;2.313039e-01;6.419743e-02;6.321742e-02;3.655194e-02;9.719211e-02;8.002175e-02;6.199308e-02;5.071019e-02;3.787627e-02;1.138048e-01
1.269285e-01;6.545579e-02;2.123453e-01;6.973463e-02;6.387076e-02;2.216214e-02;5.615483e-02;7.404511e-02;1.074476e-01;5.280445e-02;7.042518e-02;7.862566e-02
1.337167e-01;7.878312e-02;1.688893e-01;4.790206e-02;6.853593e-02;1.406904e-02;3.178312e-02;5.932797e-02;1.534558e-01;1.105977e-01;9.907425e-02;3.386496e-02
8.618985e-02;7.295063e-02;1.402871e-01;5.801135e-02;5.938492e-02;2.148607e-02;2.853510e-02;7.174227e-02;1.464750e-01;1.482606e-01;1.279255e-01;3.875155e-02
6.896053e-02;4.588171e-02;1.127268e-01;6.697413e-02;9.683454e-02;3.407084e-02;8.269392e-02;1.222084e-01;3.178936e-02;1.390969e-01;1.374436e-01;6.131930e-02
1.008754e-01;2.963592e-02;7.436127e-02;6.677023e-02;1.295818e-01;3.969979e-02;1.125585e-01;1.062674e-01;5.379481e-02;7.117746e-02;1.363550e-01;7.892244e-02
8.794721e-02;1.833091e-02;8.356535e-02;6.295918e-02;1.291603e-01;3.598914e-02;6.207089e-02;1.067446e-01;1.435833e-01;3.191270e-02;9.427134e-02;1.434651e-01
7.646618e-02;2.846242e-02;7.306412e-02;5.852437e-02;9.245303e-02;2.991313e-02;3.119949e-02;1.182263e-01;2.004394e-01;2.895657e-02;7.739386e-02;1.849012e-01
5.572425e-02;5.559951e-02;7.950681e-02;7.242849e-02;6.458614e-02;1.837796e-02;2.826469e-02;1.253137e-01;1.522049e-01;1.862418e-02;1.473847e-01;1.819846e-01
1.945225e-02;1.034975e-01;9.616142e-02;9.280227e-02;4.973343e-02;1.191805e-02;1.868912e-02;1.357332e-01;6.825677e-02;2.234785e-02;2.247339e-01;1.566743e-01
3.023544e-02;1.495157e-01;1.099336e-01;1.152288e-01;4.180920e-02;8.876197e-03;2.878895e-02;1.205156e-01;1.176959e-02;2.073130e-02;2.590962e-01;1.034994e-01
5.727682e-02;1.558890e-01;1.765935e-01;1.263080e-01;3.253798e-02;6.194805e-03;3.923263e-02;8.076859e-02;1.217142e-02;3.659049e-02;2.205188e-01;5.591806e-02
1.025354e-01;1.115513e-01;2.773042e-01;1.267848e-01;2.509717e-02;4.793718e-03;6.340126e-02;4.905862e-02;9.163762e-03;6.464960e-02;1.277273e-01;3.793283e-02
1.395088e-01;5.061800e-02;3.372314e-01;9.743568e-02;1.732329e-02;5.862226e-03;8.328433e-02;4.056058e-02;1.385348e-02;9.800069e-02;9.005192e-02;2.626955e-02
1.381161e-01;3.370989e-02;3.721015e-01;6.524947e-02;1.818541e-02;8.092605e-03;1.008057e-01;3.182329e-02;1.239255e-02;1.244239e-01;8.048403e-02;1.461558e-02
1.096722e-01;3.787030e-02;4.311461e-01;4.537574e-02;2.023630e-02;1.511979e-02;7.985476e-02;2.129859e-02;2.265012e-02;1.357464e-01;4.238988e-02;3.863976e-02
5.561800e-02;5.973081e-02;4.476826e-01;3.428489e-02;1.728604e-02;2.475750e-02;6.712108e-02;2.375075e-02;4.519147e-02;1.135430e-01;4.124065e-02;6.979316e-02
2.896564e-02;9.586895e-02;4.600601e-01;2.950279e-02;1.734157e-02;3.704047e-02;4.185200e-02;2.386829e-02;5.541761e-02;8.129607e-02;3.255335e-02;9.623321e-02
2.845576e-02;1.116499e-01;4.293208e-01;2.841789e-02;8.936795e-03;3.689251e-02;3.778854e-02;2.529721e-02;6.739652e-02;7.520563e-02;3.793784e-02;1.127006e-01
3.453102e-02;1.213609e-01;4.287154e-01;2.182335e-02;1.210838e-02;4.094892e-02;3.150208e-02;2.940771e-02;7.208075e-02;6.447074e-02;2.775008e-02;1.153007e-01
3.704733e-02;1.485486e-01;3.894349e-01;2.417145e-02;1.113330e-02;4.475330e-02;4.214407e-02;2.574448e-02;8.291954e-02;5.113536e-02;2.618042e-02;1.167873e-01
3.054553e-02;1.740446e-01;3.837973e-01;2.495484e-02;1.302572e-02;4.817590e-02;3.830471e-02;1.991216e-02;9.067015e-02;5.304627e-02;1.195983e-02;1.115629e-01
2.394453e-02;1.846799e-01;4.036790e-01;2.280599e-02;1.253114e-02;4.806690e-02;2.027381e-02;2.243923e-02;8.883733e-02;5.723537e-02;1.155070e-02;1.039561e-01
2.487721e-02;1.875675e-01;3.978283e-01;2.689215e-02;1.038668e-02;4.650919e-02;2.509151e-02;2.094942e-02;9.112287e-02;5.700897e-02;1.364539e-02;9.812081e-02
2.055178e-02;2.005179e-01;3.957821e-01;2.583844e-02;1.111011e-02;4.544666e-02;2.179261e-02;1.643315e-02;9.471766e-02;5.844595e-02;1.001534e-02;9.934836e-02
1.878694e-02;2.011980e-01;3.915993e-01;2.607264e-02;1.173339e-02;4.580503e-02;3.051504e-02;1.600725e-02;9.020480e-02;5.290641e-02;1.454130e-02;1.006299e-01
3.037378e-02;1.720698e-01;3.948312e-01;2.954287e-02;1.211310e-02;4.433082e-02;3.651989e-02;1.730842e-02;7.852285e-02;6.320295e-02;1.697274e-02;1.042116e-01
5.499191e-02;1.136253e-01;3.840227e-01;3.864766e-02;3.020951e-02;4.316554e-02;6.175290e-02;1.991870e-02;6.682069e-02;6.150007e-02;3.242179e-02;9.292322e-02
6.304549e-02;9.564929e-02;4.045005e-01;4.453785e-02;4.427318e-02;3.606612e-02;6.811226e-02;1.853954e-02;5.519474e-02;7.469012e-02;3.376544e-02;6.162553e-02
3.605824e-02;7.223663e-02;5.073421e-01;4.890044e-02;4.817757e-02;2.361457e-02;6.728518e-02;1.225186e-02;3.187865e-02;9.578407e-02;2.465424e-02;3.181651e-02
3.982048e-02;4.473598e-02;5.867399e-01;5.250528e-02;4.103847e-02;1.285771e-02;7.310484e-02;7.750752e-03;7.859697e-03;1.067886e-01;1.527328e-02;1.152508e-02
5.144162e-02;3.249983e-02;5.799231e-01;6.493739e-02;2.925159e-02;4.550214e-03;7.658132e-02;1.753696e-02;1.431828e-02;9.792984e-02;2.684511e-02;4.184776e-03
5.964271e-02;2.258015e-02;5.602841e-01;8.488417e-02;2.649613e-02;6.226913e-03;7.739422e-02;2.537573e-02;1.274920e-02;8.050546e-02;3.682365e-02;7.037587e-03
5.747820e-02;2.435300e-02;4.893696e-01;1.225284e-01;3.375007e-02;1.166958e-02;6.678824e-02;4.580750e-02;1.490247e-02;5.738075e-02;6.474116e-02;1.123104e-02
4.119837e-02;3.106628e-02;3.885873e-01;1.822360e-01;4.631254e-02;1.759541e-02;4.431740e-02;7.834936e-02;9.909036e-03;4.111076e-02;1.040299e-01;1.528763e-02
2.621216e-02;5.907284e-02;2.888312e-01;2.157862e-01;7.723914e-02;2.139676e-02;2.710243e-02;9.487444e-02;1.218470e-02;2.840354e-02;1.236412e-01;2.525536e-02
1.760735e-02;8.913599e-02;2.206010e-01;1.833695e-01;1.202287e-01;2.347225e-02;2.773426e-02;8.588255e-02;4.480932e-02;1.887932e-02;1.004530e-01;6.782681e-02
2.789306e-02;9.085354e-02;1.973746e-01;1.134905e-01;1.566319e-01;4.341845e-02;3.869177e-02;5.693610e-02;9.275559e-02;1.185716e-02;4.747446e-02;1.226228e-01
3.043096e-02;9.019127e-02;1.936973e-01;8.275653e-02;1.439102e-01;5.323711e-02;5.049274e-02;4.609071e-02;1.184651e-01;1.505621e-02;3.981424e-02;1.358577e-01
6.429321e-02;7.590091e-02;1.787565e-01;5.866222e-02;1.292410e-01;6.130154e-02;9.267768e-02;3.969492e-02;1.122003e-01;1.615568e-02;6.013723e-02;1.109788e-01
1.527994e-01;4.540577e-02;1.288553e-01;4.271141e-02;1.376680e-01;8.259816e-02;1.717949e-01;3.015133e-02;6.894956e-02;3.038102e-02;5.172401e-02;5.696114e-02
1.989058e-01;3.042257e-02;9.052051e-02;2.969928e-02;1.695759e-01;1.138788e-01;1.921881e-01;1.741815e-02;4.722908e-02;3.650101e-02;2.718454e-02;4.647624e-02
1.656711e-01;2.345687e-02;1.308776e-01;3.604212e-02;1.823536e-01;1.207542e-01;1.931382e-01;1.261110e-02;3.357999e-02;2.526940e-02;2.108058e-02;5.516519e-02
1.092763e-01;1.905350e-02;1.460234e-01;4.392911e-02;2.182283e-01;1.222842e-01;1.861467e-01;5.620698e-03;4.294317e-02;1.379393e-02;1.965646e-02;7.304416e-02
7.926633e-02;1.559373e-02;1.679961e-01;4.861683e-02;2.408149e-01;1.169928e-01;1.335029e-01;1.624350e-02;5.636647e-02;1.233666e-02;1.712782e-02;9.514210e-02
6.437480e-02;1.493082e-02;2.282382e-01;5.702684e-02;2.280776e-01;9.963490e-02;1.009487e-01;2.549124e-02;4.835167e-02;1.325617e-02;2.235383e-02;9.731521e-02
3.399800e-02;3.490764e-02;3.154321e-01;6.389605e-02;1.844223e-01;6.685597e-02;9.459093e-02;3.365724e-02;1.793232e-02;2.422531e-02;4.868180e-02;8.140033e-02
8.546687e-02;6.821849e-02;1.959266e-01;5.016362e-02;1.491588e-01;4.997560e-02;1.448803e-01;3.455899e-02;3.982906e-02;6.174593e-02;6.045903e-02;5.961667e-02
1.202436e-01;6.378733e-02;1.237301e-01;5.188943e-02;1.357892e-01;6.033437e-02;1.497632e-01;2.778886e-02;6.396382e-02;6.363963e-02;6.265488e-02;7.641549e-02
1.024079e-01;4.833692e-02;1.823261e-01;7.917298e-02;1.386504e-01;4.505790e-02;8.032193e-02;4.181099e-02;6.966370e-02;4.623515e-02;7.375875e-02;9.225730e-02
8.621540e-02;7.189617e-02;2.095399e-01;7.311766e-02;1.476033e-01;3.578516e-02;4.348605e-02;5.306253e-02;8.091039e-02;2.986554e-02;6.533121e-02;1.031866e-01
6.783788e-02;8.109771e-02;2.415635e-01;8.390587e-02;1.407738e-01;3.116488e-02;5.958915e-02;5.642348e-02;6.347539e-02;2.451399e-02;6.935053e-02;8.030386e-02
4.659104e-02;8.695453e-02;2.990391e-01;9.776445e-02;1.427777e-01;2.731836e-02;5.384777e-02;5.920073e-02;2.367423e-02;2.212624e-02;8.209662e-02;5.860918e-02
7.657220e-02;5.609141e-02;2.261752e-01;5.918207e-02;1.698637e-01;6.465517e-02;9.224403e-02;4.501991e-02;4.604365e-02;1.453775e-02;5.462478e-02;9.499012e-02
1.338958e-01;3.985490e-02;1.547675e-01;3.229505e-02;1.943527e-01;9.241921e-02;1.422490e-01;2.767988e-02;6.057059e-02;9.774795e-03;2.029479e-02;9.184577e-02
1.196362e-01;5.138633e-02;1.015307e-01;3.601335e-02;1.658534e-01;9.113779e-02;1.721582e-01;4.471773e-02;7.326449e-02;1.078995e-02;3.542510e-02;9.808674e-02
6.348428e-02;6.449465e-02;8.997782e-02;5.450068e-02;1.608721e-01;7.698065e-02;1.333205e-01;7.391924e-02;9.524473e-02;2.350205e-02;5.213532e-02;1.115679e-01
2.868552e-02;7.247549e-02;7.943914e-02;5.966286e-02;1.704895e-01;6.272168e-02;6.021769e-02;9.474719e-02;1.654377e-01;2.714938e-02;5.848792e-02;1.204859e-01
2.690196e-02;5.532494e-02;8.801744e-02;4.847685e-02;1.529207e-01;4.190686e-02;5.311932e-02;8.406084e-02;2.718911e-01;2.365028e-02;2.738576e-02;1.263439e-01
2.651075e-02;4.111037e-02;9.122460e-02;4.704584e-02;1.205463e-01;2.750175e-02;6.700369e-02;8.870483e-02;2.798521e-01;3.993591e-02;3.720071e-02;1.333632e-01
2.814086e-02;4.974068e-02;7.627277e-02;5.111038e-02;1.086523e-01;2.751809e-02;5.091040e-02;1.164895e-01;2.475512e-01;4.520439e-02;4.757912e-02;1.508304e-01
3.202221e-02;5.580516e-02;7.584279e-02;6.116687e-02;1.075909e-01;2.268934e-02;5.577818e-02;1.518314e-01;1.964140e-01;4.662325e-02;5.248546e-02;1.417504e-01
4.440063e-02;5.139085e-02;1.366443e-01;6.519212e-02;9.148192e-02;2.362037e-02;4.157411e-02;1.840514e-01;1.336743e-01;5.542094e-02;7.166959e-02;1.008795e-01
4.046499e-02;4.965083e-02;2.264668e-01;7.555474e-02;6.024693e-02;2.833940e-02;6.754931e-02;1.752474e-01;6.468730e-02;6.044390e-02;9.188479e-02;5.946360e-02
4.198537e-02;4.859842e-02;2.819426e-01;7.643384e-02;6.922358e-02;2.874444e-02;1.100955e-01;1.329855e-01;5.508163e-02;5.218162e-02;6.053150e-02;4.219599e-02
2.807540e-02;3.560914e-02;2.003152e-01;6.056587e-02;1.178433e-01;4.109841e-02;9.345476e-02;1.646975e-01;1.258194e-01;3.695630e-02;6.334441e-02;3.222033e-02
5.188946e-02;4.379521e-02;1.684206e-01;5.957623e-02;1.170373e-01;4.951459e-02;7.552259e-02;1.722504e-01;7.809284e-02;6.883012e-02;9.362301e-02;2.144769e-02
6.532279e-02;6.969804e-02;2.054557e-01;6.239407e-02;7.778998e-02;5.996285e-02;8.118812e-02;9.328200e-02;1.069863e-01;3.850602e-02;1.000495e-01;3.936469e-02
9.608255e-02;9.057197e-02;1.403093e-01;5.913618e-02;6.614006e-02;5.992547e-02;7.047016e-02;8.400276e-02;1.549829e-01;4.652347e-02;8.896640e-02;4.288878e-02
1.133262e-01;1.009419e-01;1.043126e-01;4.061770e-02;7.844372e-02;6.315161e-02;5.847513e-02;1.204808e-01;1.696293e-01;3.972569e-02;5.960457e-02;5.129078e-02
9.306031e-02;9.840976e-02;1.170849e-01;2.868209e-02;5.508366e-02;5.183665e-02;1.122612e-01;1.512436e-01;1.403348e-01;5.458600e-02;7.304248e-02;2.437459e-02
6.856209e-02;9.198290e-02;1.272471e-01;4.904948e-02;4.192845e-02;5.803743e-02;1.386576e-01;1.376163e-01;7.754886e-02;7.036474e-02;1.003395e-01;3.866567e-02
5.013335e-02;8.507444e-02;1.616608e-01;4.497423e-02;6.704088e-02;7.144103e-02;1.263038e-01;8.870720e-02;6.904887e-02;7.669304e-02;1.131436e-01;4.577877e-02
8.260702e-02;1.012589e-01;1.245412e-01;5.457902e-02;8.313925e-02;8.092783e-02;6.951720e-02;1.140625e-01;8.144662e-02;7.998089e-02;8.172257e-02;4.621696e-02
9.514145e-02;9.790882e-02;1.288724e-01;5.002370e-02;5.117007e-02;1.004835e-01;7.188481e-02;9.250169e-02;1.134871e-01;9.178887e-02;5.629111e-02;5.044652e-02
6.468298e-02;7.933420e-02;1.533903e-01;4.489682e-02;5.988514e-02;9.435125e-02;7.145068e-02;6.822368e-02;1.484615e-01;1.057948e-01;6.589278e-02;4.363583e-02
7.350891e-02;6.404832e-02;9.353165e-02;6.375185e-02;8.505324e-02;7.711345e-02;1.496965e-01;8.224211e-02;1.115649e-01;8.296795e-02;6.568164e-02;5.083940e-02
1.006584e-01;6.492923e-02;1.425238e-01;4.821810e-02;7.938047e-02;5.371582e-02;2.841863e-01;4.690284e-02;3.629754e-02;4.790786e-02;3.772344e-02;5.755631e-02
1.181001e-01;7.212129e-02;1.731495e-01;3.866927e-02;7.778063e-02;6.270077e-02;2.722182e-01;2.789154e-02;3.736408e-02;3.317016e-02;2.956932e-02;5.726526e-02
1.165771e-01;8.683579e-02;1.913371e-01;3.836130e-02;7.287295e-02;5.792568e-02;2.418372e-01;3.175560e-02;3.815558e-02;3.759330e-02;3.522686e-02;5.152151e-02
1.099312e-01;9.155564e-02;1.755252e-01;3.476965e-02;7.057026e-02;4.995329e-02;2.478260e-01;5.349943e-02;3.629657e-02;4.355479e-02;4.652857e-02;3.998943e-02
6.936229e-02;9.173357e-02;1.578045e-01;3.897696e-02;5.537663e-02;5.018519e-02;3.157321e-01;5.659646e-02;3.874525e-02;4.337372e-02;4.385545e-02;3.825793e-02
5.377759e-02;9.152672e-02;1.868147e-01;3.179923e-02;3.368551e-02;4.234092e-02;3.411974e-01;4.824835e-02;3.945935e-02;4.723024e-02;3.914353e-02;4.477647e-02
7.216699e-02;6.667914e-02;1.870388e-01;3.316433e-02;3.884403e-02;4.065083e-02;3.173824e-01;3.657844e-02;3.578783e-02;6.405893e-02;4.967859e-02;5.796971e-02
6.104387e-02;5.835147e-02;1.835366e-01;3.731176e-02;4.508226e-02;4.181738e-02;3.698520e-01;3.989838e-02;2.520915e-02;5.416499e-02;3.076823e-02;5.296382e-02
1.115978e-01;6.104291e-02;1.547702e-01;4.519031e-02;5.679595e-02;5.305037e-02;3.231362e-01;2.865448e-02;3.596484e-02;5.406515e-02;3.999133e-02;3.574052e-02
1.185071e-01;8.273224e-02;1.618743e-01;5.494287e-02;5.999841e-02;5.790393e-02;1.920454e-01;3.948443e-02;4.333435e-02;7.376213e-02;6.741959e-02;4.799534e-02
1.318762e-01;1.133942e-01;1.651063e-01;5.115673e-02;6.424365e-02;6.733619e-02;9.408423e-02;5.252535e-02;3.238671e-02;9.603547e-02;8.816095e-02;4.369410e-02
1.563427e-01;6.613374e-02;1.700120e-01;3.829344e-02;5.398133e-02;6.188200e-02;1.713424e-01;4.799069e-02;3.202001e-02;7.199486e-02;8.398491e-02;4.602188e-02
2.325854e-01;7.511324e-02;1.370923e-01;2.820795e-02;3.690270e-02;3.511980e-02;2.094510e-01;3.253251e-02;2.571401e-02;4.030575e-02;5.873703e-02;8.823830e-02
2.556846e-01;1.177001e-01;1.309331e-01;3.504334e-02;4.167014e-02;2.706612e-02;1.433907e-01;3.321648e-02;2.453545e-02;6.255858e-02;4.011127e-02;8.809008e-02
2.489526e-01;1.267691e-01;1.258495e-01;3.223814e-02;4.454103e-02;3.214518e-02;1.273768e-01;3.279017e-02;4.020779e-02;7.648954e-02;4.722010e-02;6.542010e-02
2.007947e-01;1.250109e-01;1.085914e-01;2.670517e-02;4.003153e-02;3.855031e-02;1.897118e-01;1.836411e-02;4.524509e-02;7.058614e-02;7.336513e-02;6.304379e-02
1.690904e-01;1.161283e-01;1.739445e-01;3.504303e-02;3.148030e-02;3.843195e-02;1.727114e-01;2.716818e-02;3.494295e-02;5.432486e-02;8.058430e-02;6.614996e-02
1.526978e-01;7.878350e-02;2.241040e-01;5.307886e-02;2.324777e-02;3.749065e-02;1.509476e-01;3.857517e-02;4.847971e-02;6.409983e-02;6.289956e-02;6.559556e-02
1.240349e-01;1.047392e-01;1.528020e-01;6.080263e-02;2.995873e-02;4.151024e-02;1.177569e-01;6.171191e-02;7.359552e-02;7.942879e-02;7.466745e-02;7.899164e-02
1.275649e-01;1.129628e-01;1.661491e-01;6.492321e-02;3.038101e-02;3.873415e-02;1.137970e-01;5.399895e-02;6.993961e-02;7.423581e-02;7.481841e-02;7.249498e-02
1.555781e-01;9.412321e-02;1.788582e-01;6.811504e-02;4.262111e-02;3.402448e-02;1.146926e-01;3.303508e-02;6.510705e-02;6.321625e-02;7.691083e-02;7.371803e-02
1.891823e-01;5.736054e-02;1.339006e-01;5.446775e-02;6.424841e-02;2.514290e-02;9.933528e-02;4.321956e-02;7.419732e-02;8.115768e-02;1.189270e-01;5.886067e-02
1.268207e-01;8.534735e-02;1.014886e-01;2.931342e-02;6.835806e-02;3.364779e-02;8.650584e-02;5.609814e-02;1.419320e-01;1.075864e-01;9.647694e-02;6.642472e-02
1.475417e-01;9.982488e-02;1.102592e-01;4.028601e-02;4.971115e-02;4.055425e-02;7.649050e-02;4.680451e-02;1.256673e-01;7.416669e-02;7.274085e-02;1.159529e-01
1.321702e-01;7.902031e-02;1.481801e-01;5.709298e-02;4.368111e-02;3.743587e-02;8.914894e-02;3.976694e-02;4.060641e-02;8.335914e-02;1.103607e-01;1.391773e-01
9.667278e-02;3.922668e-02;1.341869e-01;4.888866e-02;3.768297e-02;3.235441e-02;9.565235e-02;2.254501e-02;5.602926e-02;1.296052e-01;2.303336e-01;7.682221e-02
