1.153647e-01;7.718715e-02;1.220785e-01;4.314404e-02;7.293437e-02;1.031116e-01;2.161472e-01;4.310732e-02;4.413566e-02;8.866848e-02;4.249230e-02;3.162865e-02
9.119295e-02;7.899341e-02;7.622703e-02;3.677023e-02;9.320381e-02;1.035972e-01;2.450290e-01;5.997070e-02;5.877279e-02;7.560674e-02;4.598355e-02;3.465253e-02
6.617080e-02;6.231058e-02;1.417918e-01;2.549772e-02;1.071943e-01;8.638987e-02;1.875257e-01;7.453940e-02;8.980469e-02;6.361929e-02;5.984629e-02;3.530945e-02
4.969231e-02;5.587820e-02;1.636732e-01;5.386161e-02;9.618701e-02;7.918249e-02;1.496355e-01;7.593985e-02;1.062342e-01;7.915424e-02;4.435537e-02;4.620605e-02
9.976114e-02;1.035168e-01;1.486051e-01;5.349321e-02;1.048307e-01;6.666949e-02;5.374071e-02;4.009328e-02;9.288701e-02;9.456013e-02;7.747710e-02;6.436529e-02
1.422001e-01;9.303908e-02;1.632681e-01;4.826555e-02;1.080828e-01;6.896678e-02;6.373674e-02;3.008574e-02;5.698968e-02;7.947982e-02;1.066087e-01;3.927683e-02
1.502378e-01;7.624844e-02;1.271688e-01;4.590629e-02;1.107491e-01;7.137424e-02;1.431886e-01;3.297761e-02;3.962245e-02;5.470337e-02;8.472262e-02;6.310071e-02
9.886345e-02;5.878304e-02;7.418109e-02;5.543462e-02;1.070305e-01;6.188319e-02;1.646316e-01;6.291702e-02;9.824793e-02;8.270085e-02;5.443027e-02;8.089640e-02
4.451783e-02;4.145105e-02;3.948228e-02;3.961778e-02;8.553247e-02;6.756896e-02;1.235898e-01;1.011130e-01;1.695612e-01;1.324087e-01;6.778704e-02;8.736989e-02
5.800362e-02;6.422721e-02;8.486254e-02;2.991948e-02;7.234292e-02;1.100213e-01;1.202276e-01;9.276586e-02;1.351147e-01;1.047861e-01;5.297102e-02;7.475757e-02
6.794696e-02;5.365718e-02;1.705240e-01;7.189333e-02;1.118532e-01;1.137638e-01;8.898117e-02;6.776997e-02;8.498498e-02;5.382773e-02;6.133499e-02;5.346279e-02
5.962822e-02;3.132847e-02;1.179608e-01;1.033018e-01;1.293730e-01;8.939185e-02;1.100401e-01;7.873157e-02;8.768286e-02;5.696646e-02;7.522196e-02;6.037286e-02
7.619105e-02;3.438848e-02;1.125586e-01;1.241547e-01;1.048608e-01;5.911240e-02;1.126929e-01;8.174205e-02;9.559523e-02;5.628062e-02;8.855941e-02;5.386378e-02
7.687550e-02;4.795344e-02;1.087307e-01;1.147012e-01;9.200307e-02;8.223727e-02;1.115277e-01;8.522565e-02;8.537664e-02;5.826546e-02;8.662590e-02;5.047742e-02
6.367484e-02;6.050099e-02;1.078756e-01;1.199985e-01;7.108075e-02;1.116000e-01;1.246427e-01;9.003095e-02;7.569997e-02;5.689137e-02;6.009163e-02;5.791266e-02
4.917683e-02;6.858081e-02;1.215908e-01;1.178354e-01;9.534598e-02;8.546519e-02;8.160569e-02;9.137291e-02;7.529160e-02;3.844783e-02;7.765497e-02;9.763195e-02
6.874492e-02;7.743923e-02;9.042359e-02;1.056380e-01;7.624160e-02;1.307958e-01;7.020455e-02;8.448197e-02;7.392355e-02;4.037193e-02;8.071094e-02;1.010239e-01
9.480429e-02;6.810851e-02;9.550080e-02;9.595352e-02;3.072148e-02;1.638907e-01;8.944222e-02;7.996623e-02;7.420187e-02;7.669295e-02;6.408495e-02;6.663248e-02
1.200957e-01;3.856887e-02;8.495618e-02;1.072838e-01;5.452343e-02;1.087326e-01;9.710456e-02;7.868530e-02;5.557887e-02;8.208984e-02;8.111102e-02;9.126985e-02
1.559576e-01;4.035189e-02;6.696846e-02;1.004152e-01;6.128960e-02;5.564661e-02;1.030861e-01;1.445240e-01;3.801856e-02;6.751268e-02;6.466949e-02;1.015598e-01
1.488941e-01;2.471178e-02;3.271971e-02;5.484292e-02;3.841584e-02;2.821910e-02;1.970212e-01;1.780006e-01;2.612397e-02;9.782579e-02;2.483562e-02;1.483894e-01
1.114450e-01;1.393333e-02;2.319630e-02;3.110186e-02;1.347348e-02;5.214677e-02;2.722880e-01;1.401631e-01;1.959428e-02;1.351453e-01;3.596536e-02;1.515472e-01
9.611439e-02;2.472447e-02;3.581714e-02;4.810435e-02;2.145529e-02;7.367662e-02;2.756442e-01;1.081923e-01;2.523267e-02;1.383445e-01;4.131513e-02;1.113790e-01
8.984681e-02;3.485023e-02;6.106351e-02;4.705191e-02;2.745549e-02;1.009043e-01;2.375365e-01;9.016196e-02;4.193194e-02;1.244343e-01;5.132880e-02;9.343428e-02
6.398923e-02;3.084747e-02;9.949464e-02;3.041245e-02;4.282184e-02;1.087399e-01;1.681996e-01;9.996728e-02;7.614129e-02;1.111321e-01;8.409184e-02;8.416239e-02
5.212991e-02;3.315745e-02;5.476127e-02;3.565378e-02;3.347679e-02;1.135550e-01;1.404156e-01;9.845050e-02;6.290711e-02;1.282511e-01;1.247194e-01;1.225220e-01
3.516311e-02;2.238447e-02;6.089693e-02;2.068667e-02;3.126376e-02;1.110710e-01;1.584544e-01;8.489712e-02;3.800211e-02;1.369104e-01;1.583591e-01;1.419109e-01
8.864978e-02;5.814373e-02;1.069897e-01;5.312896e-02;6.022262e-02;6.856709e-02;1.163954e-01;5.503294e-02;6.715524e-02;1.000943e-01;1.089319e-01;1.166883e-01
1.270508e-01;1.045990e-01;6.461053e-02;1.015075e-01;7.157011e-02;6.260785e-02;1.099577e-01;6.414590e-02;9.686304e-02;6.671477e-02;4.991079e-02;8.046192e-02
1.451145e-01;8.974557e-02;1.360244e-01;1.108966e-01;7.436712e-02;6.066889e-02;7.641713e-02;5.717504e-02;9.509333e-02;4.686226e-02;4.921074e-02;5.842447e-02
2.025892e-01;1.221116e-01;1.527973e-01;6.439627e-02;1.102099e-01;4.003168e-02;9.213996e-02;6.731543e-02;4.842419e-02;1.895224e-02;3.989608e-02;4.113629e-02
2.824450e-01;1.204725e-01;1.117631e-01;1.381024e-02;1.344858e-01;2.656978e-02;7.197918e-02;1.439341e-01;2.516117e-02;1.152099e-02;1.753728e-02;4.032080e-02
2.976438e-01;9.048682e-02;5.862637e-02;1.587293e-02;1.207322e-01;1.822442e-02;7.374036e-02;2.440872e-01;2.498343e-02;6.953828e-03;6.403733e-03;4.224483e-02
2.549625e-01;4.832973e-02;3.034068e-02;1.539645e-02;6.963465e-02;1.591339e-02;1.199601e-01;3.682267e-01;1.791470e-02;6.801599e-03;9.086368e-03;4.343311e-02
1.625627e-01;3.187786e-02;2.197529e-02;2.000089e-02;2.822061e-02;2.537756e-02;1.502489e-01;4.426714e-01;4.147510e-02;1.956928e-02;9.881568e-03;4.613883e-02
8.926025e-02;1.739774e-02;1.656543e-02;3.896831e-02;1.494963e-02;3.600988e-02;2.093564e-01;4.587440e-01;2.551720e-02;3.640267e-02;9.214936e-03;4.761366e-02
7.474734e-02;7.369735e-03;1.383551e-02;4.344569e-02;9.801856e-03;4.004536e-02;2.506330e-01;4.061575e-01;3.066333e-02;5.879714e-02;9.426490e-03;5.507704e-02
7.258282e-02;8.002318e-03;1.327649e-02;4.672685e-02;9.169748e-03;4.365919e-02;2.839835e-01;3.297820e-01;2.022507e-02;8.596965e-02;1.853627e-02;6.808607e-02
8.427817e-02;7.924007e-03;1.260866e-02;4.756748e-02;7.758167e-03;5.251830e-02;3.038652e-01;2.850632e-01;2.342168e-02;9.287108e-02;1.867545e-02;6.344868e-02
1.033469e-01;8.757972e-03;1.202422e-02;4.521646e-02;5.340331e-03;6.608208e-02;3.111478e-01;2.830725e-01;1.460491e-02;7.958125e-02;8.437151e-03;6.238840e-02
1.296428e-01;1.368235e-02;3.052407e-02;3.282404e-02;2.093429e-02;6.737387e-02;2.983053e-01;2.634652e-01;1.570919e-02;5.838962e-02;1.252101e-02;5.662828e-02
1.389731e-01;2.846559e-02;4.604215e-02;2.567578e-02;4.096941e-02;7.027429e-02;2.717306e-01;2.324236e-01;3.972323e-02;3.891516e-02;2.795556e-02;3.885147e-02
1.151675e-01;6.067323e-02;4.833055e-02;3.387087e-02;6.556699e-02;8.415997e-02;2.307112e-01;2.022057e-01;5.566994e-02;3.735071e-02;4.237505e-02;2.391827e-02
1.386950e-01;1.167147e-01;9.597925e-02;4.874074e-02;9.358584e-02;8.867379e-02;8.394016e-02;8.346544e-02;9.835666e-02;4.754354e-02;6.745616e-02;3.684864e-02
1.754416e-01;8.231480e-02;6.191635e-02;2.540615e-02;9.314221e-02;5.513588e-02;7.512088e-02;1.687844e-01;1.214303e-01;3.914979e-02;7.474190e-02;2.741582e-02
2.005580e-01;6.964590e-02;5.449944e-02;1.236053e-02;8.549071e-02;4.396616e-02;6.525291e-02;1.813114e-01;1.297695e-01;2.844903e-02;8.846395e-02;4.023245e-02
1.841196e-01;8.599157e-02;4.778515e-02;2.751264e-02;6.577457e-02;5.830248e-02;4.843341e-02;1.299283e-01;1.435923e-01;4.925272e-02;8.399346e-02;7.531382e-02
1.548121e-01;9.015208e-02;5.905961e-02;2.900670e-02;5.856533e-02;5.722995e-02;6.588011e-02;9.097925e-02;1.692279e-01;6.468541e-02;7.299157e-02;8.741006e-02
1.467801e-01;8.383329e-02;6.486839e-02;2.468569e-02;6.575777e-02;6.309942e-02;7.046791e-02;1.178754e-01;1.699288e-01;5.731413e-02;7.770685e-02;5.768222e-02
1.506523e-01;9.352896e-02;8.585946e-02;2.643602e-02;7.005008e-02;6.457633e-02;7.004882e-02;1.430661e-01;1.513575e-01;3.908378e-02;7.331543e-02;3.202530e-02
1.597333e-01;9.869812e-02;9.505209e-02;2.825914e-02;6.410653e-02;6.393903e-02;6.680132e-02;1.424638e-01;1.577311e-01;3.476052e-02;5.512189e-02;3.333313e-02
1.819961e-01;9.546886e-02;8.957794e-02;3.268248e-02;7.650570e-02;6.743523e-02;7.046343e-02;1.167317e-01;1.586893e-01;2.071604e-02;4.094620e-02;4.878701e-02
1.998251e-01;7.326639e-02;7.224630e-02;4.438660e-02;1.016607e-01;6.232792e-02;1.015402e-01;8.119813e-02;1.033296e-01;3.061501e-02;5.452624e-02;7.507781e-02
9.893082e-02;3.090734e-02;1.461594e-01;7.602590e-02;7.938892e-02;4.860286e-02;1.254508e-01;1.132044e-01;6.243289e-02;6.460473e-02;7.249492e-02;8.179697e-02
6.995758e-02;6.778521e-02;1.384153e-01;7.077128e-02;7.794041e-02;6.275728e-02;1.290410e-01;1.114267e-01;9.308833e-02;8.303363e-02;5.529388e-02;4.048934e-02
7.740665e-02;8.335048e-02;2.174668e-01;3.860670e-02;6.088629e-02;6.319908e-02;1.346546e-01;1.017535e-01;8.295888e-02;8.274684e-02;2.923511e-02;2.773502e-02
9.272082e-02;5.131136e-02;2.133382e-01;4.110642e-02;4.468231e-02;7.163105e-02;1.506828e-01;8.875895e-02;6.327734e-02;8.268703e-02;4.379379e-02;5.600994e-02
9.791532e-02;6.995991e-02;2.638105e-01;7.820232e-02;6.293766e-02;5.367153e-02;1.465296e-01;3.508763e-02;1.574774e-02;5.678408e-02;6.048571e-02;5.886805e-02
1.009602e-01;8.760861e-02;3.236378e-01;5.291863e-02;4.366064e-02;4.369520e-02;1.125821e-01;3.792997e-02;4.231185e-02;6.493943e-02;3.988204e-02;4.987356e-02
9.382521e-02;1.046085e-01;4.150615e-01;3.760887e-02;2.595188e-02;3.145759e-02;7.721420e-02;2.376989e-02;4.577906e-02;8.103478e-02;2.420331e-02;3.948526e-02
5.896507e-02;9.940068e-02;5.402547e-01;3.353279e-02;1.728276e-02;1.829566e-02;5.056653e-02;1.295642e-02;2.704280e-02;9.639006e-02;8.444236e-03;3.686837e-02
3.157011e-02;1.148838e-01;6.078886e-01;2.426216e-02;1.095355e-02;9.444309e-03;2.770899e-02;1.053553e-02;3.366570e-02;9.486556e-02;7.427234e-03;2.679445e-02
3.147397e-02;1.690790e-01;5.742237e-01;1.525413e-02;6.990064e-03;6.713234e-03;1.323649e-02;1.287988e-02;7.102209e-02;7.873289e-02;7.087329e-03;1.330726e-02
4.203210e-02;2.106646e-01;4.886315e-01;1.239083e-02;4.595970e-03;7.989713e-03;7.755224e-03;2.148451e-02;1.238130e-01;6.738822e-02;6.630662e-03;6.623691e-03
8.936664e-02;2.293117e-01;3.789496e-01;1.054407e-02;5.934813e-03;1.122046e-02;9.496022e-03;3.135670e-02;1.701259e-01;5.213173e-02;5.222349e-03;6.339994e-03
1.588568e-01;2.182100e-01;2.814573e-01;1.311593e-02;7.421294e-03;2.044717e-02;1.271592e-02;5.738457e-02;1.714302e-01;2.700437e-02;1.740184e-02;1.455450e-02
2.186979e-01;1.923719e-01;1.913355e-01;1.246750e-02;1.256111e-02;3.103497e-02;3.622498e-02;8.662117e-02;1.492828e-01;1.761699e-02;2.524683e-02;2.653821e-02
2.539242e-01;1.376914e-01;1.386704e-01;1.584658e-02;2.446178e-02;3.681687e-02;5.386340e-02;1.147927e-01;1.269322e-01;2.680852e-02;2.717076e-02;4.302135e-02
1.851339e-01;7.423982e-02;2.815139e-01;3.292381e-02;4.637580e-02;3.075317e-02;7.434329e-02;6.742480e-02;6.420410e-02;4.003234e-02;6.271621e-02;4.033887e-02
1.569447e-01;9.634946e-02;1.994318e-01;4.345736e-02;6.346692e-02;4.204609e-02;1.409635e-01;6.207092e-02;4.752539e-02;4.152802e-02;5.247368e-02;5.374215e-02
1.032255e-01;4.756702e-02;1.895695e-01;5.095242e-02;8.222032e-02;5.657994e-02;1.942225e-01;4.482176e-02;3.825296e-02;5.060112e-02;5.758625e-02;8.440066e-02
1.248154e-01;4.454871e-02;2.171716e-01;5.170246e-02;7.147249e-02;3.218198e-02;1.028077e-01;4.669221e-02;7.789940e-02;8.802275e-02;7.252956e-02;7.015576e-02
1.224985e-01;6.804766e-02;1.195148e-01;5.493993e-02;7.455834e-02;4.051216e-02;1.504652e-01;5.280839e-02;8.781154e-02;7.170447e-02;7.910737e-02;7.803169e-02
4.949187e-02;4.930781e-02;1.439500e-01;5.246975e-02;7.478734e-02;5.131184e-02;2.254776e-01;8.321712e-02;7.584203e-02;5.922005e-02;7.114820e-02;6.377630e-02
7.413026e-02;5.700308e-02;1.564490e-01;5.398287e-02;5.717410e-02;4.556126e-02;1.953209e-01;8.308094e-02;9.632547e-02;5.673049e-02;7.880273e-02;4.543896e-02
7.035214e-02;9.057813e-02;1.335700e-01;6.535260e-02;8.515843e-02;8.437271e-02;1.441091e-01;5.273518e-02;9.482753e-02;5.129539e-02;6.379922e-02;6.384961e-02
6.980770e-02;8.245806e-02;1.426611e-01;5.081152e-02;8.963363e-02;1.061155e-01;1.237899e-01;7.952452e-02;8.380903e-02;7.537387e-02;4.214213e-02;5.387312e-02
5.779637e-02;6.509974e-02;8.861545e-02;4.572270e-02;8.639133e-02;1.055771e-01;1.630831e-01;8.669507e-02;8.645432e-02;8.943040e-02;7.025709e-02;5.487737e-02
7.701820e-02;4.887705e-02;1.945836e-01;6.689607e-02;7.732744e-02;5.792660e-02;1.546304e-01;8.152666e-02;5.901238e-02;4.769627e-02;8.903838e-02;4.546693e-02
1.165537e-01;1.168488e-01;2.572297e-01;5.163429e-02;5.535321e-02;4.708352e-02;9.789918e-02;3.962564e-02;5.705406e-02;2.604273e-02;6.059927e-02;7.407597e-02
1.098229e-01;1.896496e-01;2.874919e-01;3.935068e-02;3.086245e-02;5.018414e-02;5.690442e-02;2.036868e-02;7.795831e-02;2.497844e-02;3.731963e-02;7.510885e-02
9.162401e-02;2.432135e-01;2.873640e-01;5.530578e-02;2.134331e-02;6.457095e-02;2.849470e-02;2.109228e-02;9.205259e-02;2.665860e-02;1.458267e-02;5.369763e-02
1.074187e-01;2.581641e-01;2.054603e-01;6.256270e-02;3.870298e-02;9.282454e-02;2.170348e-02;4.983526e-02;9.935214e-02;2.196364e-02;1.727629e-02;2.473583e-02
1.486583e-01;2.033554e-01;8.984789e-02;4.610793e-02;5.496402e-02;1.089383e-01;7.276224e-02;8.826005e-02;1.099759e-01;3.725202e-02;2.599968e-02;1.387827e-02
1.700995e-01;1.300773e-01;9.067807e-02;3.760605e-02;6.516879e-02;8.047615e-02;1.055920e-01;1.095970e-01;7.172996e-02;6.616543e-02;3.870850e-02;3.410137e-02
1.772609e-01;1.019602e-01;9.667850e-02;3.489445e-02;8.085025e-02;6.255624e-02;9.069870e-02;1.101751e-01;7.393506e-02;8.354297e-02;5.186758e-02;3.558000e-02
1.536573e-01;1.034896e-01;6.900261e-02;3.923763e-02;8.643139e-02;7.300219e-02;8.597753e-02;9.627302e-02;9.947362e-02;7.200748e-02;7.032694e-02;5.112066e-02
1.387065e-01;9.350740e-02;1.078594e-01;5.776558e-02;9.163366e-02;7.599083e-02;8.962006e-02;8.873650e-02;7.214482e-02;5.001578e-02;7.546251e-02;5.855695e-02
1.036118e-01;8.262397e-02;1.487673e-01;6.799176e-02;9.167133e-02;8.710969e-02;1.303472e-01;7.811936e-02;5.030582e-02;3.906727e-02;5.189144e-02;6.849305e-02
8.465357e-02;1.022303e-01;1.900982e-01;6.471200e-02;8.752158e-02;7.448334e-02;1.176788e-01;8.476882e-02;6.479443e-02;3.301910e-02;4.672636e-02;4.931343e-02
1.334435e-01;1.206618e-01;1.304758e-01;4.685834e-02;8.240368e-02;8.466607e-02;8.895016e-02;8.226109e-02;8.774968e-02;3.301648e-02;6.422031e-02;4.529302e-02
1.342978e-01;1.378192e-01;6.980580e-02;4.069586e-02;7.366867e-02;1.063834e-01;9.818485e-02;6.442772e-02;1.228404e-01;4.378126e-02;6.995205e-02;3.814299e-02
1.123518e-01;1.263593e-01;6.636807e-02;3.712381e-02;6.812617e-02;1.128010e-01;1.091318e-01;4.910016e-02;1.529984e-01;5.056581e-02;7.850470e-02;3.656899e-02
1.319521e-01;9.211581e-02;6.435019e-02;3.318519e-02;7.424920e-02;8.926541e-02;9.986766e-02;9.898710e-02;1.350402e-01;3.723907e-02;7.901893e-02;6.472909e-02
1.639837e-01;7.699835e-02;7.221676e-02;3.343366e-02;7.855124e-02;7.085515e-02;8.222720e-02;1.354405e-01;8.649067e-02;2.643120e-02;8.742946e-02;8.594213e-02
1.733465e-01;8.865310e-02;9.038251e-02;3.914271e-02;6.257705e-02;6.919032e-02;6.976682e-02;1.209410e-01;9.024779e-02;3.036250e-02;8.896787e-02;7.642177e-02
1.744419e-01;1.172237e-01;1.255893e-01;2.988615e-02;5.388987e-02;5.364925e-02;7.514076e-02;9.493785e-02;1.177174e-01;3.522112e-02;7.445294e-02;4.784980e-02
1.876713e-01;1.201273e-01;1.525260e-01;2.328771e-02;5.845492e-02;3.002203e-02;7.823120e-02;9.514135e-02;1.089718e-01;2.551038e-02;6.865565e-02;5.140035e-02
1.452786e-01;9.788275e-02;1.473306e-01;2.645716e-02;6.026022e-02;4.742574e-02;1.141700e-01;8.304368e-02;7.684258e-02;5.705592e-02;8.511414e-02;5.913862e-02
1.009073e-01;6.193757e-02;7.764879e-02;3.503303e-02;6.946587e-02;1.006104e-01;1.116246e-01;1.196066e-01;6.962106e-02;5.955909e-02;9.592251e-02;9.806317e-02
9.287280e-02;4.673927e-02;5.928549e-02;3.697961e-02;5.135432e-02;7.619825e-02;1.083348e-01;9.823100e-02;4.695168e-02;4.703118e-02;1.530702e-01;1.829515e-01
9.564625e-02;5.735514e-02;7.198276e-02;4.133016e-02;5.071861e-02;5.228695e-02;1.266330e-01;6.940248e-02;3.989210e-02;3.035195e-02;1.461512e-01;2.182494e-01
9.999888e-02;7.691853e-02;7.462638e-02;5.555055e-02;5.558012e-02;3.933427e-02;1.337762e-01;5.510876e-02;3.863805e-02;2.536798e-02;1.399661e-01;2.051342e-01
1.004735e-01;8.154525e-02;1.494362e-01;6.971797e-02;5.119801e-02;6.159253e-02;1.225387e-01;4.074743e-02;5.654391e-02;4.798751e-02;9.981260e-02;1.184064e-01
7.413263e-02;9.536120e-02;1.947794e-01;4.314589e-02;4.486880e-02;5.681571e-02;8.194108e-02;6.581707e-02;1.579596e-01;6.408823e-02;6.000412e-02;6.108631e-02
8.596224e-02;1.353496e-01;1.700591e-01;2.760000e-02;3.016669e-02;4.504581e-02;5.376892e-02;6.753416e-02;2.202457e-01;5.099303e-02;5.982260e-02;5.345217e-02
1.413434e-01;1.566436e-01;1.161967e-01;1.382032e-02;2.613614e-02;3.023754e-02;4.574475e-02;1.179656e-01;2.358054e-01;2.240297e-02;6.398122e-02;2.972240e-02
2.116693e-01;1.400637e-01;7.072843e-02;8.414825e-03;3.864839e-02;1.772563e-02;4.673174e-02;1.625073e-01;1.656023e-01;1.244382e-02;1.020604e-01;2.340424e-02
2.463591e-01;1.122776e-01;7.042714e-02;8.341034e-03;4.809351e-02;1.459609e-02;6.098633e-02;1.378941e-01;1.234994e-01;1.870447e-02;1.243235e-01;3.449789e-02
2.692490e-01;9.308333e-02;7.199153e-02;1.308413e-02;7.216588e-02;1.438559e-02;5.985610e-02;1.211398e-01;1.165644e-01;2.210085e-02;1.082873e-01;3.809202e-02
2.876382e-01;7.476434e-02;6.676031e-02;1.764959e-02;9.124812e-02;2.171133e-02;4.812603e-02;1.520345e-01;8.734913e-02;2.054507e-02;8.400316e-02;4.817025e-02
2.925600e-01;4.322393e-02;1.165230e-01;2.131216e-02;8.765627e-02;3.481697e-02;4.946987e-02;1.444416e-01;6.651193e-02;2.281839e-02;6.013641e-02;6.052941e-02
2.529635e-01;3.544238e-02;1.634981e-01;3.225297e-02;3.592158e-02;6.224895e-02;9.338870e-02;1.051871e-01;4.511697e-02;3.458811e-02;5.170704e-02;8.768456e-02
2.371335e-01;2.216013e-02;8.660095e-02;4.057442e-02;1.348773e-02;7.856385e-02;1.560333e-01;9.383978e-02;2.115264e-02;5.224188e-02;7.028902e-02;1.279228e-01
1.990626e-01;1.863842e-02;8.661807e-02;4.519391e-02;1.559120e-02;5.584230e-02;2.044676e-01;7.099118e-02;1.821308e-02;6.316022e-02;7.477034e-02;1.474510e-01
1.782692e-01;3.235981e-02;5.835954e-02;4.434223e-02;3.822251e-02;6.700703e-02;2.112855e-01;8.004601e-02;3.096819e-02;5.970687e-02;6.625446e-02;1.331786e-01
1.854689e-01;4.465491e-02;1.267077e-01;4.109085e-02;5.743947e-02;1.141918e-01;1.479893e-01;7.787716e-02;4.335213e-02;4.473196e-02;3.907013e-02;7.742578e-02
2.248288e-01;4.262690e-02;1.022823e-01;3.926041e-02;4.673528e-02;1.564083e-01;1.188988e-01;6.450032e-02;6.337026e-02;3.908984e-02;3.239042e-02;6.960840e-02
2.632582e-01;3.323374e-02;7.451212e-02;2.850123e-02;3.068877e-02;1.862270e-01;1.152246e-01;5.934745e-02;7.219306e-02;2.881832e-02;2.988217e-02;7.811334e-02
2.517581e-01;3.418600e-02;7.689766e-02;2.810434e-02;5.861376e-02;1.792453e-01;1.090627e-01;5.282978e-02;6.184575e-02;2.937337e-02;3.561603e-02;8.246724e-02
2.099149e-01;2.798897e-02;7.560683e-02;6.149454e-02;8.699246e-02;1.489448e-01;1.032585e-01;5.780269e-02;4.393978e-02;4.418955e-02;4.672949e-02;9.313758e-02
1.667492e-01;2.151165e-02;1.050096e-01;1.128049e-01;8.781447e-02;9.277391e-02;9.621309e-02;6.596350e-02;2.594299e-02;5.137530e-02;6.138856e-02;1.124529e-01
1.516500e-01;3.249273e-02;1.236250e-01;1.259639e-01;5.209884e-02;5.373007e-02;1.120546e-01;6.444829e-02;2.707545e-02;4.778125e-02;7.812259e-02;1.309573e-01
1.357503e-01;3.575632e-02;8.706415e-02;1.082764e-01;2.092908e-02;5.245875e-02;1.679462e-01;5.992742e-02;2.615585e-02;5.656071e-02;1.099632e-01;1.392116e-01
7.344475e-02;3.407520e-02;6.718195e-02;1.346309e-01;2.959454e-02;7.108068e-02;1.662031e-01;4.787914e-02;3.438894e-02;7.802735e-02;1.556032e-01;1.078901e-01
1.535850e-02;2.349113e-02;1.164855e-01;1.127026e-01;7.385718e-02;9.150580e-02;1.088751e-01;2.968278e-02;4.806985e-02;1.172330e-01;1.924899e-01;7.024866e-02
3.437354e-02;3.177321e-02;1.274090e-01;6.465056e-02;9.331101e-02;9.240378e-02;8.457078e-02;4.375368e-02;4.614117e-02;1.148095e-01;1.858205e-01;8.098320e-02
4.132466e-02;4.576164e-02;6.679166e-02;6.478424e-02;1.019531e-01;8.118366e-02;1.136075e-01;4.128017e-02;7.491539e-02;1.224182e-01;1.763018e-01;6.967807e-02
6.056024e-02;4.510837e-02;7.168568e-02;1.040478e-01;6.157363e-02;8.701776e-02;1.153907e-01;3.515284e-02;7.693413e-02;1.074677e-01;1.448032e-01;9.025795e-02
1.049997e-01;5.122489e-02;8.916658e-02;1.176369e-01;6.322666e-02;4.677769e-02;1.206194e-01;3.105633e-02;5.009906e-02;9.394705e-02;1.176029e-01;1.136429e-01
1.670972e-01;4.080055e-02;8.653203e-02;9.242710e-02;6.954926e-02;4.126167e-02;1.302464e-01;4.230600e-02;3.041372e-02;8.437909e-02;7.962243e-02;1.353645e-01
2.306348e-01;7.043290e-02;7.200359e-02;5.606532e-02;9.946042e-02;6.974436e-02;1.055235e-01;5.094226e-02;3.113562e-02;5.421170e-02;5.037077e-02;1.094748e-01
2.711356e-01;9.167897e-02;1.162759e-01;2.523537e-02;9.019946e-02;9.055006e-02;7.486328e-02;6.268286e-02;4.088583e-02;4.918884e-02;2.977787e-02;5.752602e-02
2.846581e-01;1.001984e-01;1.216292e-01;2.427791e-02;6.653751e-02;9.371538e-02;7.242055e-02;8.096887e-02;4.356400e-02;5.834396e-02;1.791971e-02;3.576637e-02
3.586869e-01;1.088337e-01;9.131777e-02;1.841595e-02;4.221760e-02;7.182820e-02;6.164773e-02;1.151008e-01;2.956126e-02;4.793134e-02;1.515536e-02;3.930338e-02
4.380126e-01;1.263115e-01;8.325078e-02;9.865763e-03;4.113821e-02;2.303911e-02;4.656942e-02;1.389518e-01;1.315021e-02;2.661908e-02;1.268859e-02;4.040290e-02
4.414328e-01;1.444084e-01;8.572188e-02;1.212152e-02;5.075202e-02;1.121103e-02;2.583723e-02;1.299952e-01;8.374731e-03;3.585022e-02;1.670511e-02;3.758988e-02
3.923438e-01;1.634378e-01;7.921471e-02;1.906373e-02;5.477944e-02;2.742117e-02;4.452032e-02;1.007197e-01;2.046846e-02;3.740427e-02;2.383718e-02;3.678941e-02
3.170534e-01;1.890292e-01;8.725812e-02;2.654794e-02;4.908315e-02;5.064001e-02;8.750289e-02;6.580934e-02;3.438171e-02;2.939483e-02;3.225653e-02;3.104287e-02
2.766140e-01;1.935126e-01;9.046376e-02;2.834221e-02;6.279508e-02;5.173954e-02;1.217663e-01;5.456035e-02;3.333792e-02;2.741724e-02;3.856397e-02;2.088710e-02
2.931490e-01;1.742346e-01;7.906691e-02;3.076253e-02;9.710267e-02;3.620519e-02;1.018549e-01;6.718080e-02;3.852813e-02;2.423717e-02;3.618347e-02;2.149462e-02
2.899778e-01;1.279299e-01;7.978278e-02;3.049988e-02;1.312282e-01;5.622932e-02;6.930756e-02;7.852383e-02;5.636337e-02;1.546245e-02;3.868559e-02;2.600934e-02
2.559071e-01;1.016846e-01;8.395639e-02;3.207415e-02;1.496767e-01;7.997467e-02;7.046022e-02;6.987793e-02;7.105140e-02;1.843143e-02;4.227757e-02;2.462784e-02
2.441151e-01;9.681048e-02;8.499038e-02;4.334816e-02;1.433027e-01;7.721249e-02;9.150023e-02;6.171129e-02;7.287227e-02;1.885690e-02;4.382296e-02;2.145704e-02
2.327722e-01;1.070409e-01;1.259420e-01;6.378996e-02;1.064553e-01;5.814976e-02;1.042346e-01;5.133532e-02;5.955819e-02;2.060911e-02;3.950012e-02;3.061254e-02
2.270414e-01;1.170501e-01;1.627172e-01;6.907045e-02;8.556261e-02;4.713700e-02;1.002925e-01;3.849335e-02;4.695267e-02;2.205207e-02;4.046276e-02;4.316790e-02
2.099857e-01;1.148721e-01;1.911981e-01;6.169513e-02;8.274446e-02;5.071322e-02;8.205014e-02;2.608710e-02;4.195089e-02;3.947302e-02;4.748820e-02;5.174192e-02
1.465829e-01;9.550612e-02;1.357953e-01;4.163134e-02;1.469638e-01;7.050987e-02;7.938318e-02;7.195249e-02;5.341513e-02;5.782112e-02;6.514835e-02;3.529046e-02
1.191975e-01;8.900289e-02;1.175158e-01;5.854483e-02;1.588206e-01;6.142459e-02;1.231244e-01;5.914799e-02;6.108651e-02;3.331074e-02;7.292101e-02;4.590322e-02
1.248917e-01;7.980821e-02;8.598986e-02;6.548987e-02;1.010980e-01;9.364168e-02;1.635878e-01;4.789343e-02;7.099411e-02;2.800442e-02;9.662323e-02;4.197768e-02
1.145169e-01;5.973101e-02;7.814126e-02;5.965776e-02;9.485878e-02;7.152934e-02;1.654692e-01;5.703601e-02;7.162487e-02;4.162569e-02;1.135773e-01;7.223190e-02
7.771553e-02;5.461521e-02;1.233722e-01;8.249249e-02;7.508148e-02;8.640958e-02;1.465784e-01;7.608380e-02;7.857443e-02;6.976589e-02;8.434118e-02;4.496979e-02
8.513624e-02;3.931553e-02;1.350945e-01;1.010870e-01;7.643287e-02;8.707262e-02;1.308970e-01;8.358171e-02;6.082724e-02;8.684444e-02;7.635538e-02;3.735543e-02
8.682844e-02;5.923612e-02;1.476414e-01;1.262292e-01;8.227998e-02;7.441254e-02;9.035365e-02;9.142951e-02;3.081503e-02;1.019792e-01;7.737952e-02;3.141538e-02
6.646290e-02;4.605335e-02;2.306787e-01;1.095895e-01;1.209363e-01;6.315283e-02;1.122836e-01;7.688099e-02;2.403497e-02;6.948800e-02;5.226568e-02;2.817325e-02
3.725609e-02;3.520149e-02;3.753540e-01;7.055122e-02;1.071751e-01;4.462249e-02;1.387683e-01;4.248639e-02;2.877688e-02;5.734942e-02;4.126203e-02;2.119659e-02
2.199775e-02;3.903065e-02;4.910616e-01;6.538425e-02;7.156693e-02;2.578948e-02;9.535107e-02;3.004963e-02;2.538806e-02;6.624014e-02;4.822697e-02;1.991353e-02
2.435693e-02;2.403140e-02;5.534602e-01;6.473512e-02;5.410144e-02;1.689158e-02;8.789924e-02;2.742990e-02;2.040050e-02;7.423734e-02;4.019222e-02;1.226415e-02
1.994791e-02;4.596147e-02;5.518423e-01;6.784925e-02;5.381535e-02;2.234043e-02;6.839553e-02;2.330657e-02;3.297912e-02;6.898715e-02;3.548060e-02;9.094372e-03
4.420841e-02;8.614309e-02;5.019113e-01;6.213565e-02;4.646364e-02;2.366777e-02;6.623219e-02;1.838815e-02;4.825239e-02;5.365707e-02;3.101686e-02;1.792341e-02
9.861579e-02;1.228421e-01;4.443477e-01;4.405201e-02;3.522819e-02;2.325764e-02;6.522248e-02;1.985584e-02;5.920701e-02;3.737976e-02;2.694594e-02;2.304551e-02
1.188732e-01;1.199045e-01;3.844547e-01;5.193067e-02;4.203871e-02;3.087880e-02;5.949280e-02;2.951783e-02;6.524590e-02;3.718460e-02;3.082801e-02;2.965024e-02
8.995938e-02;9.305846e-02;2.557352e-01;8.547929e-02;7.461399e-02;7.273179e-02;7.306664e-02;4.240520e-02;7.077879e-02;7.023584e-02;3.261565e-02;3.931975e-02
6.435195e-02;7.461086e-02;1.034793e-01;9.634104e-02;7.175044e-02;9.095093e-02;1.218146e-01;1.001819e-01;9.372942e-02;8.986033e-02;3.251193e-02;6.041728e-02
6.751632e-02;5.621966e-02;1.020050e-01;8.180325e-02;7.755639e-02;7.248291e-02;1.415792e-01;1.098924e-01;1.098948e-01;6.551667e-02;4.267029e-02;7.286319e-02
9.628671e-02;7.256513e-02;1.086513e-01;4.602981e-02;9.375973e-02;1.240145e-01;9.430759e-02;8.580522e-02;7.891401e-02;7.611310e-02;6.169178e-02;6.186111e-02
6.512365e-02;6.715520e-02;1.037610e-01;4.218608e-02;7.687928e-02;1.345049e-01;1.008544e-01;1.062476e-01;1.007793e-01;9.677368e-02;5.588274e-02;4.985217e-02
6.153655e-02;5.600738e-02;7.865270e-02;4.321755e-02;1.001387e-01;8.036760e-02;1.095562e-01;1.312848e-01;9.822881e-02;1.120098e-01;7.701653e-02;5.198342e-02
7.910196e-02;4.834678e-02;8.327810e-02;2.544540e-02;1.166773e-01;1.236500e-01;1.290711e-01;1.028890e-01;5.940834e-02;9.782024e-02;9.091123e-02;4.340062e-02
6.430438e-02;8.589911e-02;1.022137e-01;3.809433e-02;1.133104e-01;1.493378e-01;1.166747e-01;8.063043e-02;4.947609e-02;8.366877e-02;6.936234e-02;4.702795e-02
7.510345e-02;1.158105e-01;1.045126e-01;6.385988e-02;1.301569e-01;1.222193e-01;7.591747e-02;6.575928e-02;6.321186e-02;6.816807e-02;4.799384e-02;6.728682e-02
9.895146e-02;1.000907e-01;1.456666e-01;7.557255e-02;1.154705e-01;8.427393e-02;9.978537e-02;5.216410e-02;6.956355e-02;5.642908e-02;5.594518e-02;4.608704e-02
7.634846e-02;6.677429e-02;2.236747e-01;5.856748e-02;6.775627e-02;5.970654e-02;1.198553e-01;5.949228e-02;8.956289e-02;8.308688e-02;6.055266e-02;3.462223e-02
6.227284e-02;8.184095e-02;2.276097e-01;4.093017e-02;4.336165e-02;5.960034e-02;9.993418e-02;4.899813e-02;1.419377e-01;9.707899e-02;5.427092e-02;4.216435e-02
5.336652e-02;1.183633e-01;2.167125e-01;2.668263e-02;2.232123e-02;6.471481e-02;6.827419e-02;3.124187e-02;2.242380e-01;9.313142e-02;3.677493e-02;4.417865e-02
5.022995e-02;1.680311e-01;1.779713e-01;3.493894e-02;1.525189e-02;7.264076e-02;2.980012e-02;2.327689e-02;3.094626e-01;5.995744e-02;1.625073e-02;4.218831e-02
7.316853e-02;2.086354e-01;1.466842e-01;4.933950e-02;1.020613e-02;7.316512e-02;1.250971e-02;2.491402e-02;3.362950e-01;2.857412e-02;6.556923e-03;2.995136e-02
1.234680e-01;2.244762e-01;1.360242e-01;4.676980e-02;1.262160e-02;5.669568e-02;1.693554e-02;3.615242e-02;2.896976e-01;2.766377e-02;1.395819e-02;1.553700e-02
1.993070e-01;2.144609e-01;1.271222e-01;2.953793e-02;1.741530e-02;3.116571e-02;3.113829e-02;5.942702e-02;2.092738e-01;3.779386e-02;2.868334e-02;1.467473e-02
2.907310e-01;1.978951e-01;1.148817e-01;1.419819e-02;2.637606e-02;1.349057e-02;4.084815e-02;7.522304e-02;1.255271e-01;4.087708e-02;3.947471e-02;2.047736e-02
3.651600e-01;1.992284e-01;1.112459e-01;1.163698e-02;3.625903e-02;9.725098e-03;3.841273e-02;6.938902e-02;5.949215e-02;2.593479e-02;5.116735e-02;2.234857e-02
3.978410e-01;2.173948e-01;1.161809e-01;9.482298e-03;2.783969e-02;1.456746e-02;2.958646e-02;5.215611e-02;4.804613e-02;1.505235e-02;5.226974e-02;1.958299e-02
4.135370e-01;2.342549e-01;1.153294e-01;7.122244e-03;2.304056e-02;1.223709e-02;2.783777e-02;4.079782e-02;4.260121e-02;8.954159e-03;5.054145e-02;2.374633e-02
4.206201e-01;2.608134e-01;1.173099e-01;8.146306e-03;1.762297e-02;7.254882e-03;2.458990e-02;2.789034e-02;3.670038e-02;7.055636e-03;4.478057e-02;2.721558e-02
4.032298e-01;2.933188e-01;1.379657e-01;8.814657e-03;1.145238e-02;6.990758e-03;1.632997e-02;1.588363e-02;4.376942e-02;9.197790e-03;2.904125e-02;2.400578e-02
3.738104e-01;3.127550e-01;1.614478e-01;1.046251e-02;8.826670e-03;7.894041e-03;1.438170e-02;8.709487e-03;5.066916e-02;8.318953e-03;2.384928e-02;1.887502e-02
3.459915e-01;3.248246e-01;1.807474e-01;1.534337e-02;7.093675e-03;1.183918e-02;8.170979e-03;6.361673e-03;5.785825e-02;8.098586e-03;1.897379e-02;1.469702e-02
3.201725e-01;3.223464e-01;1.944651e-01;1.604023e-02;6.075475e-03;1.238959e-02;6.793839e-03;8.230279e-03;6.075433e-02;1.046021e-02;2.582607e-02;1.644600e-02
3.015891e-01;3.005130e-01;2.114840e-01;1.870077e-02;1.277832e-02;1.346919e-02;9.872051e-03;1.326726e-02;6.087719e-02;1.175008e-02;3.270217e-02;1.299683e-02
3.080753e-01;2.520442e-01;2.100901e-01;1.923045e-02;2.899894e-02;1.348781e-02;1.152807e-02;3.632234e-02;4.910487e-02;1.231151e-02;4.311518e-02;1.569124e-02
2.939928e-01;1.922603e-01;1.856887e-01;2.605751e-02;3.643212e-02;2.387072e-02;3.796269e-02;6.351443e-02;3.903821e-02;1.907502e-02;4.667080e-02;3.543670e-02
1.668407e-01;1.277471e-01;1.976631e-01;3.468246e-02;3.249877e-02;4.568341e-02;1.195178e-01;5.895486e-02;5.622623e-02;4.896745e-02;5.507897e-02;5.613913e-02
2.911775e-02;7.129760e-02;2.262232e-01;4.026048e-02;4.240347e-02;5.255502e-02;2.430892e-01;4.500642e-02;6.470691e-02;6.773558e-02;6.650817e-02;5.109616e-02
4.103909e-02;3.292511e-02;2.601261e-01;3.912431e-02;7.266028e-02;5.819558e-02;2.909478e-01;3.268123e-02;4.883228e-02;4.566406e-02;4.822037e-02;2.958369e-02
3.237354e-02;1.590916e-02;2.238668e-01;3.497219e-02;8.464053e-02;6.483383e-02;3.328172e-01;3.383807e-02;5.279958e-02;5.383022e-02;4.677297e-02;2.334598e-02
2.894684e-02;2.587483e-02;1.569630e-01;3.967023e-02;7.983926e-02;8.190727e-02;3.526204e-01;4.453564e-02;6.215392e-02;5.400185e-02;5.101728e-02;2.246938e-02
7.471260e-02;4.585741e-02;7.159606e-02;4.350734e-02;6.295418e-02;9.573582e-02;1.889922e-01;1.402460e-01;8.328369e-02;8.828369e-02;5.000103e-02;5.483008e-02
7.942928e-02;5.404412e-02;1.610598e-01;6.171007e-02;6.497303e-02;4.819278e-02;1.634447e-01;5.158290e-02;8.085623e-02;8.742899e-02;6.991608e-02;7.736205e-02
7.069398e-02;3.914504e-02;1.423120e-01;5.471288e-02;7.149664e-02;5.116892e-02;1.787951e-01;6.509437e-02;7.571309e-02;9.418158e-02;8.269133e-02;7.399507e-02
6.507874e-02;3.660420e-02;1.306372e-01;4.768440e-02;7.697575e-02;5.783680e-02;1.806883e-01;7.482393e-02;7.233507e-02;1.000994e-01;8.751886e-02;6.971738e-02
6.687232e-02;3.902113e-02;1.564485e-01;3.948691e-02;8.157281e-02;6.494243e-02;1.576495e-01;7.782410e-02;5.829575e-02;1.067850e-01;8.737287e-02;6.372868e-02
8.613814e-02;5.621681e-02;2.180510e-01;3.978708e-02;8.959219e-02;8.332998e-02;9.247895e-02;5.264214e-02;5.531887e-02;9.259530e-02;8.098063e-02;5.286888e-02
1.245305e-01;1.251211e-01;1.984259e-01;3.865279e-02;5.793959e-02;7.827263e-02;8.484015e-02;4.895958e-02;1.192632e-01;5.555229e-02;4.073777e-02;2.770450e-02
1.385252e-01;1.287163e-01;1.866521e-01;4.425883e-02;4.384816e-02;6.192056e-02;9.989130e-02;6.211120e-02;1.126926e-01;4.261080e-02;3.705847e-02;4.171439e-02
1.423210e-01;9.242266e-02;1.935928e-01;6.591337e-02;6.256602e-02;4.485666e-02;1.674906e-01;5.626927e-02;6.346489e-02;4.522130e-02;2.916866e-02;3.671274e-02
1.495679e-01;9.780195e-02;1.658945e-01;6.748154e-02;7.610942e-02;5.965505e-02;1.328577e-01;5.023967e-02;6.230979e-02;5.389920e-02;2.346072e-02;6.072263e-02
1.556818e-01;1.110900e-01;1.623170e-01;5.662171e-02;6.219475e-02;6.199668e-02;1.174926e-01;4.263856e-02;7.867900e-02;5.316241e-02;3.776034e-02;6.036517e-02
1.434937e-01;9.830879e-02;1.371775e-01;5.013902e-02;6.781318e-02;6.721094e-02;1.426581e-01;5.452359e-02;7.202874e-02;5.605481e-02;5.749072e-02;5.310101e-02
1.253252e-01;5.733052e-02;1.648807e-01;5.518558e-02;7.118061e-02;5.553800e-02;1.559668e-01;6.552660e-02;4.586700e-02;6.191986e-02;8.137579e-02;5.990336e-02
1.501952e-01;3.268631e-02;1.614304e-01;5.214505e-02;4.136628e-02;7.323182e-02;1.250493e-01;7.704644e-02;2.623025e-02;1.121722e-01;7.259801e-02;7.584879e-02
1.734716e-01;1.754235e-02;1.258861e-01;4.884347e-02;2.084745e-02;9.998699e-02;1.356126e-01;7.167042e-02;2.035422e-02;1.407515e-01;5.721373e-02;8.781970e-02
1.681629e-01;2.694474e-02;1.039489e-01;5.578338e-02;2.483036e-02;1.063919e-01;1.432669e-01;4.804510e-02;1.874893e-02;1.544593e-01;6.099745e-02;8.842015e-02
1.421034e-01;1.964143e-02;9.889305e-02;7.062130e-02;1.597824e-02;9.444099e-02;1.628109e-01;4.866362e-02;2.083769e-02;1.604728e-01;7.127351e-02;9.426297e-02
1.389259e-01;4.297318e-02;1.004855e-01;8.794042e-02;3.036161e-02;8.915880e-02;1.264334e-01;5.900057e-02;2.726487e-02;1.273195e-01;7.304724e-02;9.708899e-02
1.490098e-01;6.686479e-02;1.671485e-01;5.506122e-02;6.874700e-02;7.507966e-02;1.139575e-01;8.026056e-02;4.865268e-02;5.063364e-02;6.808462e-02;5.649995e-02
1.637968e-01;7.078807e-02;1.657024e-01;3.026369e-02;1.042413e-01;5.997118e-02;1.041824e-01;1.113090e-01;4.518127e-02;3.062998e-02;7.465611e-02;3.927783e-02
1.693388e-01;4.815553e-02;1.397250e-01;3.960435e-02;1.385202e-01;4.275087e-02;1.259277e-01;1.449035e-01;2.259165e-02;3.079922e-02;7.023199e-02;2.745123e-02
1.706494e-01;3.871805e-02;1.170515e-01;3.634344e-02;1.666359e-01;2.571382e-02;1.324389e-01;1.732050e-01;2.538868e-02;2.496774e-02;6.056795e-02;2.831968e-02
1.961324e-01;4.026181e-02;9.699349e-02;1.907109e-02;1.975411e-01;2.872316e-02;8.834382e-02;2.001121e-01;3.810285e-02;1.600715e-02;5.548222e-02;2.322881e-02
2.126930e-01;4.985255e-02;9.371654e-02;1.332270e-02;1.803492e-01;2.400714e-02;6.258474e-02;2.105106e-01;7.304895e-02;1.118297e-02;4.618400e-02;2.254758e-02
1.927641e-01;5.134113e-02;1.192471e-01;2.186308e-02;1.252977e-01;2.214384e-02;9.330548e-02;2.056294e-01;7.361330e-02;2.380821e-02;3.242597e-02;3.856057e-02
1.646532e-01;5.396302e-02;1.450509e-01;2.960047e-02;7.995732e-02;2.778937e-02;1.005132e-01;1.915441e-01;6.439500e-02;2.703654e-02;4.811195e-02;6.738497e-02
1.304818e-01;4.379831e-02;1.343617e-01;3.166536e-02;4.726052e-02;4.999804e-02;1.411569e-01;1.644339e-01;4.397212e-02;5.599654e-02;7.234242e-02;8.453234e-02
1.020912e-01;3.715141e-02;1.495576e-01;3.823552e-02;8.373815e-02;4.098033e-02;1.793081e-01;1.198623e-01;6.794277e-02;4.074986e-02;8.727632e-02;5.310648e-02
8.298579e-02;6.418409e-02;6.029503e-02;4.519825e-02;5.516156e-02;7.155041e-02;9.948233e-02;1.300529e-01;5.692792e-02;8.406727e-02;7.673975e-02;1.733547e-01
9.872857e-02;5.713313e-02;4.881869e-02;4.406690e-02;6.169674e-02;7.449283e-02;1.045126e-01;1.185853e-01;6.561314e-02;6.738517e-02;9.307878e-02;1.658881e-01
1.032443e-01;5.627816e-02;4.933722e-02;3.224452e-02;6.309856e-02;8.661588e-02;1.349588e-01;1.154732e-01;7.877161e-02;4.601492e-02;1.045468e-01;1.294160e-01
7.966305e-02;7.640038e-02;1.032133e-01;4.544306e-02;6.209562e-02;9.629639e-02;1.296272e-01;8.271085e-02;9.096222e-02;5.665545e-02;1.119173e-01;6.501521e-02
8.461539e-02;1.133167e-01;1.617255e-01;4.491511e-02;4.696973e-02;6.029625e-02;8.526473e-02;5.933972e-02;1.365480e-01;6.582168e-02;7.592729e-02;6.525990e-02
1.099947e-01;1.232370e-01;1.426506e-01;3.147921e-02;3.711191e-02;4.491817e-02;7.711367e-02;9.868883e-02;1.710454e-01;5.270535e-02;6.392710e-02;4.712803e-02
1.367679e-01;1.521438e-01;1.189764e-01;2.572536e-02;1.983392e-02;5.048291e-02;4.600567e-02;1.308072e-01;2.025923e-01;3.073569e-02;5.262329e-02;3.330565e-02
1.305382e-01;1.470852e-01;1.139349e-01;2.620649e-02;3.247111e-02;5.600398e-02;7.373031e-02;1.266883e-01;1.775807e-01;2.785678e-02;5.624088e-02;3.166306e-02
1.283408e-01;9.554254e-02;1.107481e-01;3.109434e-02;6.186037e-02;6.742155e-02;1.872767e-01;9.526246e-02;1.158688e-01;3.293542e-02;4.624746e-02;2.740148e-02
1.152683e-01;3.321292e-02;1.889216e-01;2.621656e-02;7.622107e-02;7.430051e-02;3.012961e-01;5.057710e-02;4.369659e-02;3.947619e-02;3.120666e-02;1.960646e-02
1.293381e-01;1.048982e-01;2.121775e-01;2.074121e-02;6.287462e-02;5.107034e-02;2.456160e-01;2.701719e-02;5.388313e-02;3.862709e-02;3.537066e-02;1.838603e-02
1.399664e-01;1.544610e-01;3.942804e-01;2.099819e-02;2.520468e-02;2.475620e-02;9.559982e-02;2.758023e-02;5.011988e-02;2.024422e-02;3.332995e-02;1.345911e-02
1.242381e-01;1.606281e-01;4.046050e-01;2.473723e-02;2.364835e-02;3.404797e-02;6.696063e-02;2.676868e-02;5.064467e-02;2.802408e-02;3.604048e-02;1.965667e-02
1.050965e-01;1.335864e-01;3.877745e-01;2.490130e-02;3.392516e-02;3.751380e-02;1.020826e-01;2.954808e-02;5.094862e-02;3.434749e-02;3.678945e-02;2.348608e-02
9.204488e-02;1.100236e-01;4.183277e-01;2.750203e-02;2.918940e-02;4.124076e-02;9.729639e-02;3.042429e-02;5.678413e-02;3.272748e-02;3.606931e-02;2.836995e-02
4.930622e-02;9.808838e-02;4.881562e-01;3.506590e-02;3.375053e-02;6.542828e-02;5.678940e-02;2.633976e-02;5.900420e-02;3.326173e-02;1.952852e-02;3.528087e-02
1.926797e-02;9.733953e-02;5.292745e-01;3.122659e-02;2.575954e-02;7.602105e-02;5.641247e-02;2.572351e-02;5.761076e-02;2.807338e-02;1.118224e-02;4.210844e-02
2.117850e-02;9.997027e-02;5.362208e-01;3.029444e-02;2.177105e-02;7.865164e-02;4.063977e-02;2.794005e-02;5.824598e-02;2.822082e-02;9.751577e-03;4.711513e-02
2.163252e-02;1.041001e-01;5.280683e-01;3.006184e-02;2.098552e-02;7.631072e-02;3.933659e-02;2.953463e-02;6.215287e-02;3.309974e-02;7.755611e-03;4.696154e-02
2.838140e-02;1.073907e-01;5.176368e-01;3.146985e-02;2.006536e-02;7.514912e-02;3.763381e-02;2.810398e-02;6.471695e-02;3.324914e-02;8.984868e-03;4.721799e-02
2.137998e-02;1.035892e-01;4.877789e-01;3.028780e-02;2.470045e-02;7.968733e-02;5.030414e-02;4.145059e-02;6.105737e-02;4.025645e-02;1.055778e-02;4.894998e-02
2.177123e-02;1.032538e-01;4.523316e-01;3.268028e-02;3.075302e-02;9.491839e-02;4.775045e-02;3.922990e-02;7.291000e-02;4.312523e-02;1.233759e-02;4.893846e-02
1.921252e-02;1.005031e-01;3.971803e-01;4.058403e-02;4.735791e-02;1.213178e-01;5.776131e-02;2.895294e-02;7.804974e-02;5.001721e-02;9.228077e-03;4.983504e-02
2.796063e-02;1.008899e-01;3.295303e-01;5.338535e-02;8.055107e-02;1.337218e-01;5.093436e-02;2.951706e-02;8.584554e-02;4.557746e-02;1.025775e-02;5.182878e-02
3.589663e-02;9.982348e-02;2.612038e-01;6.806318e-02;1.146212e-01;1.265587e-01;4.580312e-02;3.663199e-02;8.715851e-02;6.580781e-02;6.770689e-03;5.166088e-02
4.731400e-02;1.017681e-01;2.086873e-01;8.206288e-02;1.183229e-01;1.064518e-01;5.250605e-02;4.342648e-02;8.247147e-02;8.602561e-02;2.206066e-02;4.890280e-02
6.354576e-02;1.052943e-01;2.015086e-01;9.732451e-02;8.754271e-02;8.660236e-02;6.424493e-02;5.119396e-02;7.111645e-02;8.766751e-02;1.938044e-02;6.457850e-02
8.549941e-02;8.119848e-02;1.879077e-01;1.004954e-01;8.073646e-02;8.422590e-02;8.804765e-02;5.650050e-02;4.953068e-02;9.277470e-02;2.914439e-02;6.393862e-02
1.124355e-01;1.001809e-01;1.992698e-01;8.220513e-02;7.192905e-02;8.285287e-02;4.842608e-02;4.290768e-02;7.524160e-02;8.537744e-02;2.921097e-02;6.996310e-02
1.246798e-01;1.074160e-01;2.122801e-01;6.838521e-02;5.644423e-02;5.836977e-02;7.026769e-02;4.362350e-02;7.254568e-02;7.442205e-02;4.938903e-02;6.217697e-02
1.153720e-01;8.327670e-02;1.688162e-01;6.276475e-02;6.161641e-02;4.693995e-02;1.044821e-01;5.150010e-02;5.626841e-02;6.750342e-02;7.325546e-02;1.082045e-01
8.941598e-02;8.182786e-02;1.437194e-01;7.455769e-02;4.455743e-02;6.585860e-02;9.155228e-02;3.265703e-02;7.325049e-02;7.372008e-02;8.233764e-02;1.465455e-01
