7.930738e-02;6.648388e-02;1.039379e-01;4.546331e-02;1.174505e-01;7.740885e-02;1.007247e-01;6.029931e-02;9.863566e-02;6.172278e-02;1.022709e-01;8.629475e-02
7.733030e-02;8.633113e-02;9.932030e-02;3.251848e-02;9.842058e-02;7.516932e-02;1.110627e-01;7.092744e-02;1.107356e-01;5.511504e-02;1.073577e-01;7.571148e-02
7.071619e-02;1.015882e-01;9.451143e-02;6.979825e-02;9.569365e-02;5.933763e-02;8.575429e-02;8.518767e-02;1.024271e-01;4.940966e-02;1.008490e-01;8.472679e-02
6.334001e-02;1.212534e-01;1.377114e-01;8.206630e-02;9.446837e-02;4.002396e-02;5.995796e-02;7.265866e-02;1.258292e-01;3.622723e-02;8.558774e-02;8.087590e-02
7.033758e-02;1.162682e-01;2.308135e-01;5.444811e-02;6.607264e-02;3.176587e-02;6.803226e-02;5.896812e-02;1.679797e-01;2.381482e-02;5.724509e-02;5.425408e-02
7.979457e-02;6.857517e-02;2.455583e-01;5.335142e-02;5.892066e-02;6.734582e-02;6.722648e-02;4.755535e-02;1.523925e-01;4.729823e-02;7.173955e-02;4.024193e-02
8.136118e-02;5.884218e-02;1.560326e-01;6.229356e-02;6.983967e-02;6.568550e-02;9.323341e-02;3.768513e-02;1.255531e-01;7.733120e-02;1.068392e-01;6.530337e-02
5.506527e-02;7.713254e-02;8.791349e-02;6.652313e-02;8.139016e-02;4.400410e-02;1.254315e-01;7.547249e-02;1.314045e-01;5.262912e-02;1.184980e-01;8.453573e-02
6.397589e-02;9.635880e-02;9.915395e-02;6.955267e-02;7.221366e-02;4.883936e-02;9.872842e-02;8.632062e-02;1.189272e-01;7.581755e-02;1.073669e-01;6.274500e-02
6.906998e-02;7.679207e-02;1.096977e-01;8.975856e-02;7.140865e-02;5.242418e-02;1.026914e-01;7.274387e-02;9.207537e-02;9.841365e-02;9.568696e-02;6.923760e-02
8.030295e-02;6.672741e-02;1.008916e-01;9.089395e-02;7.358804e-02;5.875446e-02;1.037937e-01;5.784347e-02;1.035809e-01;1.012458e-01;8.825643e-02;7.412128e-02
1.023328e-01;6.114651e-02;1.240187e-01;8.114420e-02;8.958772e-02;5.651796e-02;1.097201e-01;6.038436e-02;9.369139e-02;8.888401e-02;7.667639e-02;5.589589e-02
6.645899e-02;5.155341e-02;1.817739e-01;7.152371e-02;1.071534e-01;6.020970e-02;1.405988e-01;5.943365e-02;7.011516e-02;7.149067e-02;7.000858e-02;4.968001e-02
4.988172e-02;4.592261e-02;2.080882e-01;1.019565e-01;8.178469e-02;5.400104e-02;1.087414e-01;5.255269e-02;6.021870e-02;8.112423e-02;1.102730e-01;4.545512e-02
5.640367e-02;2.907691e-02;2.559334e-01;1.297255e-01;5.728199e-02;3.272941e-02;6.779725e-02;3.594865e-02;4.750746e-02;9.412511e-02;1.624329e-01;3.103766e-02
5.560404e-02;1.437313e-02;3.288948e-01;1.243430e-01;2.900555e-02;1.618944e-02;4.085949e-02;1.481983e-02;4.304584e-02;1.396923e-01;1.733862e-01;1.978645e-02
5.018448e-02;1.738305e-02;3.992762e-01;9.891621e-02;2.399266e-02;1.134038e-02;2.515305e-02;1.094510e-02;3.969251e-02;1.882014e-01;1.215134e-01;1.340160e-02
5.898354e-02;1.943826e-02;4.695278e-01;6.799258e-02;1.863571e-02;7.855431e-03;3.200963e-02;1.119905e-02;4.170444e-02;2.100979e-01;5.655555e-02;6.000154e-03
5.628935e-02;4.786896e-02;5.177982e-01;4.918749e-02;1.568592e-02;6.960361e-03;3.407384e-02;1.080803e-02;2.663454e-02;1.948991e-01;3.298479e-02;6.809466e-03
7.955080e-02;1.016876e-01;4.995582e-01;4.342415e-02;2.268565e-02;1.281102e-02;3.066250e-02;6.113019e-03;4.098451e-02;1.337373e-01;1.463758e-02;1.414763e-02
1.275856e-01;1.328883e-01;4.343251e-01;2.894273e-02;3.035841e-02;1.433472e-02;2.105616e-02;1.060904e-02;6.314852e-02;8.371927e-02;2.686948e-02;2.616262e-02
1.698276e-01;1.056570e-01;3.331630e-01;3.602672e-02;3.401167e-02;1.824000e-02;2.067123e-02;3.489897e-02;5.995141e-02;7.724234e-02;6.748737e-02;4.282265e-02
1.223976e-01;5.313318e-02;3.474667e-01;6.336720e-02;3.802177e-02;2.950793e-02;6.636067e-02;4.985949e-02;4.582862e-02;7.568367e-02;7.197634e-02;3.639674e-02
9.808918e-02;2.616034e-02;3.242165e-01;9.824216e-02;3.505441e-02;3.483855e-02;8.827701e-02;4.979265e-02;6.117389e-02;8.196115e-02;7.625102e-02;2.594322e-02
1.853932e-01;1.056052e-01;2.650968e-01;6.519167e-02;2.343632e-02;3.499040e-02;6.986690e-02;4.850000e-02;4.654495e-02;4.172483e-02;7.673489e-02;3.691482e-02
2.224863e-01;1.777745e-01;2.291190e-01;3.435738e-02;2.146666e-02;2.144157e-02;5.693005e-02;4.665321e-02;6.500304e-02;3.319518e-02;6.075778e-02;3.081537e-02
1.671539e-01;2.258202e-01;2.915622e-01;2.967046e-02;1.738821e-02;2.503983e-02;2.772175e-02;2.772670e-02;1.038546e-01;2.191035e-02;3.829223e-02;2.385955e-02
1.171907e-01;2.544450e-01;3.341759e-01;2.724331e-02;1.518419e-02;2.796542e-02;1.402777e-02;1.129756e-02;1.461713e-01;1.591609e-02;1.751407e-02;1.886870e-02
1.192747e-01;2.769913e-01;2.849517e-01;1.894897e-02;8.179980e-03;2.604226e-02;1.047575e-02;1.877996e-02;2.008770e-01;1.181209e-02;8.391487e-03;1.527496e-02
1.777046e-01;2.577049e-01;1.867306e-01;1.095481e-02;7.045041e-03;1.766768e-02;1.073752e-02;4.381816e-02;2.194244e-01;3.464814e-02;1.550319e-02;1.806092e-02
2.358541e-01;2.002463e-01;1.860250e-01;7.192983e-03;1.126864e-02;8.662107e-03;2.285490e-02;6.820972e-02;1.691358e-01;4.095360e-02;2.240920e-02;2.718766e-02
2.535741e-01;1.438760e-01;1.944973e-01;1.716966e-02;1.183067e-02;1.736966e-02;5.115847e-02;8.182143e-02;1.132810e-01;3.737841e-02;3.730100e-02;4.074232e-02
2.132430e-01;1.114789e-01;1.800421e-01;2.923984e-02;2.397183e-02;4.136755e-02;6.164430e-02;6.554588e-02;9.964832e-02;6.644695e-02;6.619706e-02;4.117431e-02
1.386269e-01;7.000018e-02;1.358086e-01;4.808700e-02;7.630349e-02;5.312710e-02;7.893705e-02;5.806100e-02;1.401289e-01;9.675672e-02;6.662782e-02;3.753514e-02
1.022504e-01;7.033375e-02;1.344992e-01;7.017338e-02;1.027445e-01;5.296557e-02;7.904609e-02;5.909904e-02;1.582385e-01;8.926363e-02;5.109843e-02;3.028753e-02
1.144998e-01;8.269697e-02;8.622797e-02;7.200686e-02;6.277291e-02;4.007260e-02;1.156380e-01;8.389101e-02;1.928728e-01;6.625663e-02;3.539405e-02;4.767033e-02
9.248328e-02;6.361166e-02;9.279037e-02;6.422155e-02;3.574760e-02;4.861426e-02;1.313943e-01;1.050151e-01;1.807275e-01;7.292063e-02;5.845087e-02;5.402295e-02
7.572713e-02;4.301172e-02;9.846888e-02;3.918091e-02;6.100086e-02;6.770478e-02;7.204121e-02;1.572649e-01;1.203092e-01;1.563334e-01;7.400889e-02;3.494815e-02
8.145849e-02;3.933608e-02;5.351175e-02;5.608077e-02;7.222724e-02;6.571124e-02;1.099409e-01;1.594179e-01;8.166569e-02;1.669825e-01;4.801357e-02;6.565381e-02
8.472314e-02;4.146139e-02;7.912458e-02;6.594413e-02;6.174194e-02;6.058388e-02;1.418767e-01;1.002821e-01;9.658495e-02;1.321993e-01;4.971347e-02;8.576439e-02
6.828970e-02;4.830470e-02;1.083480e-01;8.207782e-02;7.133234e-02;8.588723e-02;1.152185e-01;8.213336e-02;1.121267e-01;9.817927e-02;5.172436e-02;7.637789e-02
7.318868e-02;6.592655e-02;1.158926e-01;7.546210e-02;6.556727e-02;9.001751e-02;1.002988e-01;6.566916e-02;1.480489e-01;9.063159e-02;6.229628e-02;4.700050e-02
9.756978e-02;7.501817e-02;1.009874e-01;6.628806e-02;5.523140e-02;6.270354e-02;1.316959e-01;1.055077e-01;1.097447e-01;8.358996e-02;6.329537e-02;4.836794e-02
9.231343e-02;7.336872e-02;8.542808e-02;7.036886e-02;7.817680e-02;5.611781e-02;1.282572e-01;1.210542e-01;7.358608e-02;8.644368e-02;6.970175e-02;6.518340e-02
8.348154e-02;6.627440e-02;1.021421e-01;5.472258e-02;6.421782e-02;4.415812e-02;1.263965e-01;9.669418e-02;9.103493e-02;1.198613e-01;8.549662e-02;6.551982e-02
5.902326e-02;5.226386e-02;1.648369e-01;5.631395e-02;6.195233e-02;8.262796e-02;1.437821e-01;1.053741e-01;1.174615e-01;7.035569e-02;3.506387e-02;5.094451e-02
4.966886e-02;5.282574e-02;1.617965e-01;6.014824e-02;7.179281e-02;1.019278e-01;2.276312e-01;8.922705e-02;5.750086e-02;4.558717e-02;3.633002e-02;4.556386e-02
5.344693e-02;4.296287e-02;1.518347e-01;6.260961e-02;6.637618e-02;1.082748e-01;2.460941e-01;8.687456e-02;4.917735e-02;4.032308e-02;4.690013e-02;4.512574e-02
1.192090e-01;5.520132e-02;1.276307e-01;4.584799e-02;6.722833e-02;9.607889e-02;2.021409e-01;1.423276e-01;3.459667e-02;2.357941e-02;5.104415e-02;3.511511e-02
2.231538e-01;5.441133e-02;9.854737e-02;3.064511e-02;8.624826e-02;6.128216e-02;7.344721e-02;2.604640e-01;2.033638e-02;2.189698e-02;4.789742e-02;2.166996e-02
2.669339e-01;3.245729e-02;6.296689e-02;2.228849e-02;7.677275e-02;2.405770e-02;7.251932e-02;3.384383e-01;1.691684e-02;2.711228e-02;3.293571e-02;2.660052e-02
2.845523e-01;4.060508e-02;4.769303e-02;1.215489e-02;7.850930e-02;1.606710e-02;5.043503e-02;3.730246e-01;3.128765e-02;2.127165e-02;1.889667e-02;2.550264e-02
2.930644e-01;4.565890e-02;3.459344e-02;6.982812e-03;9.248562e-02;1.498332e-02;3.960475e-02;3.717616e-01;5.934841e-02;1.141615e-02;1.311439e-02;1.698625e-02
3.169072e-01;4.466603e-02;3.765200e-02;9.940630e-03;1.050183e-01;1.260680e-02;1.494426e-02;3.749901e-01;4.568177e-02;5.636030e-03;1.412196e-02;1.783497e-02
3.215924e-01;4.965850e-02;4.037886e-02;6.801344e-03;9.899628e-02;9.617214e-03;1.356436e-02;3.704507e-01;4.872379e-02;6.646702e-03;1.188076e-02;2.168908e-02
3.227795e-01;4.350341e-02;3.577174e-02;5.520395e-03;8.726487e-02;7.827966e-03;1.936854e-02;4.019211e-01;3.633941e-02;7.256737e-03;1.169605e-02;2.075022e-02
2.938240e-01;4.387927e-02;3.823759e-02;5.311426e-03;8.245442e-02;8.920006e-03;4.707034e-02;4.157180e-01;9.294933e-03;1.376381e-02;2.543575e-02;1.609042e-02
2.487265e-01;3.882385e-02;3.665691e-02;5.504371e-03;8.177485e-02;9.275281e-03;4.440085e-02;4.042029e-01;3.983834e-02;2.308653e-02;4.634611e-02;2.136352e-02
2.255556e-01;3.567122e-02;3.330467e-02;6.495864e-03;8.296173e-02;6.353177e-03;7.150679e-02;4.103100e-01;1.895597e-02;2.301928e-02;6.538418e-02;2.048147e-02
2.080365e-01;5.712144e-02;4.255817e-02;7.898259e-03;6.514187e-02;1.188805e-02;1.199592e-01;3.490906e-01;4.304245e-02;1.738858e-02;6.058868e-02;1.728608e-02
2.087479e-01;1.010867e-01;8.095428e-02;8.944563e-03;4.224180e-02;2.147567e-02;1.251237e-01;2.498262e-01;7.028186e-02;1.992321e-02;4.703389e-02;2.436024e-02
2.363556e-01;1.376074e-01;1.197757e-01;1.613111e-02;2.909651e-02;2.120700e-02;7.695092e-02;1.586532e-01;9.618881e-02;3.009014e-02;4.616990e-02;3.177373e-02
2.805695e-01;1.243273e-01;1.034903e-01;2.541724e-02;4.354573e-02;2.783350e-02;5.695748e-02;1.237657e-01;9.409007e-02;3.047774e-02;4.456317e-02;4.496226e-02
2.023548e-01;4.127879e-02;1.432717e-01;1.661361e-02;6.096497e-02;3.098387e-02;7.420474e-02;2.263377e-01;8.574721e-02;3.042974e-02;3.717203e-02;5.064075e-02
1.294998e-01;5.363518e-02;1.006240e-01;1.688659e-02;3.938683e-02;2.924909e-02;1.172322e-01;2.959234e-01;9.598296e-02;5.175490e-02;3.803424e-02;3.179077e-02
1.176297e-01;5.101787e-02;6.315319e-02;1.741432e-02;5.418679e-02;3.374724e-02;1.517726e-01;3.029349e-01;6.409906e-02;8.736935e-02;3.102754e-02;2.564737e-02
9.214408e-02;6.295062e-02;6.493400e-02;2.906904e-02;9.395467e-02;5.252724e-02;1.208611e-01;2.617193e-01;8.006392e-02;8.651137e-02;2.479585e-02;3.046881e-02
5.723337e-02;4.366407e-02;1.265293e-01;3.997239e-02;1.111264e-01;5.925775e-02;9.908740e-02;2.125793e-01;1.148491e-01;7.141928e-02;4.161732e-02;2.266439e-02
3.765756e-02;3.673864e-02;1.577631e-01;4.744619e-02;9.723071e-02;6.325674e-02;1.040747e-01;2.081000e-01;8.146760e-02;8.498421e-02;5.390318e-02;2.737741e-02
3.988402e-02;5.614623e-02;1.208729e-01;5.497336e-02;6.770662e-02;5.772004e-02;1.528826e-01;1.748022e-01;8.480207e-02;1.063169e-01;5.269096e-02;3.120209e-02
8.801134e-02;6.672091e-02;1.096685e-01;5.343827e-02;5.797217e-02;4.502040e-02;1.501799e-01;1.491574e-01;8.603000e-02;1.135061e-01;5.701285e-02;2.328214e-02
1.309426e-01;8.004687e-02;9.835968e-02;5.006970e-02;5.237836e-02;4.576118e-02;1.132101e-01;1.656275e-01;7.670093e-02;1.064527e-01;5.768580e-02;2.276469e-02
1.037678e-01;6.197602e-02;1.011462e-01;4.590151e-02;5.985006e-02;6.008531e-02;1.316580e-01;1.481234e-01;9.671136e-02;1.091973e-01;4.885251e-02;3.273060e-02
8.629848e-02;4.290212e-02;1.080758e-01;4.000277e-02;7.110860e-02;6.649137e-02;1.230536e-01;1.686587e-01;8.402742e-02;1.150082e-01;4.984550e-02;4.452741e-02
9.551315e-02;5.116456e-02;7.626384e-02;4.083207e-02;8.378084e-02;5.733984e-02;7.489977e-02;1.791924e-01;7.943206e-02;1.449237e-01;5.527682e-02;6.138095e-02
1.035966e-01;6.306197e-02;5.572239e-02;4.994770e-02;8.113263e-02;4.921247e-02;9.792710e-02;1.743117e-01;6.707662e-02;1.660394e-01;4.701149e-02;4.495997e-02
1.028245e-01;5.122385e-02;5.766307e-02;5.768238e-02;9.100640e-02;5.782088e-02;9.266669e-02;1.981928e-01;1.144002e-01;1.094183e-01;3.890475e-02;2.819608e-02
8.787531e-02;3.159554e-02;6.048356e-02;7.598588e-02;1.024885e-01;6.810817e-02;8.561538e-02;1.888328e-01;1.000068e-01;1.148745e-01;3.773130e-02;4.640213e-02
7.987425e-02;5.888687e-02;5.016725e-02;6.145181e-02;1.240775e-01;7.661148e-02;9.297664e-02;1.484243e-01;6.530016e-02;1.716543e-01;2.357715e-02;4.699823e-02
5.696440e-02;5.434089e-02;2.014510e-01;5.061061e-02;9.647536e-02;5.260807e-02;1.856417e-01;7.393219e-02;5.482096e-02;1.076969e-01;3.998364e-02;2.547439e-02
1.130669e-01;4.911507e-02;2.285106e-01;4.270542e-02;6.601062e-02;6.156404e-02;2.181700e-01;4.265168e-02;2.840700e-02;6.227028e-02;5.212749e-02;3.540096e-02
1.679376e-01;6.067335e-02;1.954404e-01;3.595383e-02;5.518170e-02;5.862648e-02;1.918424e-01;4.312052e-02;2.256187e-02;6.033444e-02;5.832515e-02;5.000231e-02
2.573605e-01;7.855617e-02;1.455498e-01;2.547539e-02;4.100660e-02;4.510570e-02;1.500552e-01;4.714638e-02;1.694989e-02;5.906552e-02;6.341519e-02;7.031355e-02
2.881576e-01;1.042330e-01;1.261377e-01;2.444668e-02;4.051528e-02;3.483181e-02;1.275869e-01;6.001081e-02;2.403951e-02;5.259613e-02;4.977643e-02;6.766824e-02
2.179285e-01;9.693482e-02;1.507355e-01;3.068510e-02;4.613983e-02;5.067203e-02;1.437119e-01;6.629249e-02;4.416570e-02;6.297965e-02;5.357220e-02;3.618234e-02
2.120227e-01;7.673690e-02;1.299915e-01;3.086293e-02;3.533138e-02;6.893314e-02;1.716162e-01;5.841316e-02;5.423167e-02;6.815169e-02;5.092345e-02;4.278531e-02
2.170506e-01;5.967771e-02;8.525360e-02;3.497637e-02;5.291832e-02;5.991169e-02;1.985900e-01;7.586918e-02;4.131125e-02;6.313831e-02;3.879695e-02;7.250606e-02
1.344510e-01;5.659538e-02;9.202205e-02;2.370463e-02;6.975722e-02;6.139822e-02;2.083727e-01;9.725861e-02;4.359999e-02;7.724486e-02;4.311005e-02;9.248529e-02
6.734077e-02;5.714978e-02;1.338644e-01;4.226929e-02;6.922594e-02;6.257216e-02;1.390617e-01;8.203224e-02;4.773421e-02;1.255392e-01;8.072196e-02;9.248836e-02
1.162203e-01;4.218149e-02;1.127024e-01;5.057589e-02;7.538021e-02;9.915242e-02;1.076186e-01;1.351490e-01;8.933564e-02;9.154424e-02;3.491817e-02;4.522161e-02
7.622490e-02;4.176233e-02;5.851870e-02;5.993262e-02;1.012517e-01;1.248052e-01;1.110901e-01;1.757732e-01;1.158991e-01;8.426908e-02;2.211814e-02;2.835498e-02
7.350489e-02;5.935953e-02;6.602653e-02;6.093401e-02;1.040654e-01;1.238825e-01;1.039403e-01;1.569500e-01;1.231223e-01;7.790994e-02;2.356549e-02;2.673910e-02
9.090434e-02;7.998315e-02;1.092730e-01;6.098525e-02;9.424147e-02;1.116996e-01;9.694534e-02;1.103725e-01;1.229382e-01;6.289241e-02;3.606282e-02;2.370187e-02
9.212012e-02;8.738832e-02;1.641532e-01;6.638558e-02;7.618014e-02;9.596250e-02;9.507854e-02;7.513377e-02;1.237268e-01;5.837069e-02;4.244347e-02;2.305681e-02
4.408528e-02;9.479945e-02;1.926776e-01;3.714735e-02;8.412728e-02;7.809570e-02;1.306526e-01;9.861293e-02;1.115794e-01;6.266879e-02;3.814763e-02;2.740601e-02
9.690279e-02;9.892875e-02;2.198584e-01;3.915114e-02;5.328633e-02;3.863363e-02;6.157278e-02;1.351607e-01;1.222052e-01;4.330844e-02;3.075536e-02;6.023647e-02
1.241658e-01;7.028252e-02;1.694544e-01;3.944242e-02;4.110334e-02;3.981211e-02;1.014542e-01;1.701628e-01;1.035738e-01;4.034728e-02;2.573797e-02;7.446341e-02
1.254695e-01;5.360377e-02;9.259383e-02;4.248511e-02;2.933048e-02;2.964189e-02;2.051844e-01;2.024517e-01;6.476586e-02;4.775232e-02;1.448188e-02;9.223936e-02
9.393042e-02;5.527197e-02;2.126058e-02;6.366988e-02;1.861139e-02;1.654717e-02;3.379522e-01;1.751329e-01;1.909940e-02;5.736841e-02;1.529914e-02;1.258565e-01
5.343821e-02;7.147071e-02;2.102253e-02;8.289264e-02;9.921740e-03;2.281966e-02;4.120507e-01;9.633131e-02;1.833768e-02;4.474857e-02;1.895474e-02;1.480115e-01
4.301893e-02;9.613588e-02;2.368408e-02;8.354398e-02;7.579881e-03;5.423206e-02;4.194221e-01;5.177313e-02;2.381223e-02;2.746351e-02;2.543937e-02;1.438948e-01
5.682868e-02;1.025093e-01;2.011059e-02;7.079566e-02;1.558643e-02;1.018612e-01;3.958104e-01;2.806829e-02;2.533722e-02;2.249313e-02;3.305528e-02;1.275437e-01
5.803800e-02;7.822140e-02;3.604862e-02;5.855689e-02;4.098587e-02;1.453370e-01;3.219422e-01;5.386543e-02;2.465349e-02;3.643326e-02;4.529123e-02;1.006266e-01
6.170543e-02;5.897367e-02;9.710871e-02;4.667272e-02;5.666154e-02;1.601546e-01;2.184521e-01;5.055646e-02;3.785302e-02;6.755679e-02;6.739414e-02;7.691080e-02
4.240700e-02;8.598247e-02;1.413946e-01;5.056457e-02;5.546059e-02;9.688684e-02;1.785200e-01;5.565863e-02;8.050012e-02;8.629137e-02;7.206559e-02;5.426823e-02
1.425417e-01;1.000418e-01;1.889037e-01;4.836386e-02;5.903165e-02;6.698275e-02;1.451384e-01;4.839817e-02;5.050727e-02;5.835301e-02;4.161339e-02;5.012427e-02
2.012604e-01;1.088030e-01;1.869620e-01;3.294962e-02;4.377418e-02;6.562379e-02;1.031494e-01;4.087498e-02;3.523419e-02;5.193776e-02;5.160028e-02;7.783049e-02
2.293550e-01;1.127343e-01;7.178696e-02;5.020519e-02;3.406896e-02;6.446043e-02;7.315556e-02;3.184559e-02;3.910546e-02;6.495421e-02;6.943205e-02;1.588963e-01
2.619336e-01;1.048874e-01;1.608493e-01;3.364721e-02;2.124878e-02;4.181832e-02;5.317360e-02;3.953566e-02;3.209146e-02;6.008878e-02;5.836821e-02;1.323576e-01
2.484856e-01;9.546877e-02;1.376514e-01;1.900702e-02;2.500109e-02;4.070770e-02;9.542266e-02;4.974469e-02;3.525330e-02;7.534909e-02;6.950532e-02;1.084034e-01
1.963576e-01;1.121711e-01;6.829619e-02;2.222773e-02;5.572264e-02;5.857867e-02;1.195303e-01;6.622042e-02;4.635894e-02;9.510835e-02;8.239284e-02;7.703517e-02
1.302853e-01;1.064341e-01;9.847502e-02;3.252198e-02;9.516993e-02;6.305298e-02;1.083664e-01;9.300677e-02;5.909061e-02;7.430238e-02;7.130877e-02;6.798577e-02
8.385248e-02;6.890238e-02;1.359724e-01;2.838064e-02;1.021042e-01;9.247447e-02;1.441724e-01;6.649505e-02;7.220390e-02;6.561996e-02;6.143285e-02;7.838927e-02
1.000223e-01;5.121214e-02;1.673835e-01;3.563669e-02;9.295582e-02;1.020578e-01;1.432860e-01;8.145373e-02;5.602996e-02;4.837793e-02;4.893821e-02;7.264595e-02
5.199694e-02;4.925894e-02;2.008249e-01;3.699488e-02;9.534305e-02;8.327790e-02;1.670314e-01;9.184298e-02;5.473843e-02;3.745618e-02;6.753335e-02;6.370098e-02
9.260412e-02;7.165271e-02;1.382126e-01;4.499961e-02;8.167826e-02;9.026753e-02;8.986244e-02;7.422320e-02;8.391164e-02;7.096102e-02;7.828778e-02;8.333904e-02
9.381524e-02;8.797078e-02;1.286959e-01;4.627891e-02;6.518433e-02;7.165560e-02;3.970706e-02;6.054865e-02;1.059411e-01;1.069020e-01;1.065607e-01;8.673969e-02
1.038209e-01;8.781279e-02;1.386836e-01;3.259831e-02;6.506617e-02;6.055292e-02;5.271453e-02;5.309742e-02;1.056257e-01;1.178297e-01;1.093458e-01;7.285223e-02
1.178347e-01;9.546667e-02;1.572013e-01;3.247960e-02;6.379127e-02;4.992197e-02;6.402226e-02;5.138563e-02;9.093892e-02;1.263007e-01;9.913413e-02;5.152290e-02
1.298245e-01;1.127917e-01;1.928031e-01;3.941514e-02;4.427074e-02;5.594027e-02;7.508444e-02;5.440912e-02;7.287773e-02;1.004392e-01;7.428771e-02;4.785628e-02
1.254614e-01;8.267805e-02;2.051180e-01;4.329030e-02;7.403366e-02;8.492023e-02;9.820037e-02;7.873340e-02;6.155426e-02;4.973722e-02;4.855681e-02;4.771623e-02
7.003608e-02;5.258031e-02;1.419629e-01;4.986485e-02;5.414009e-02;8.792529e-02;2.340608e-01;1.072764e-01;5.917929e-02;3.498749e-02;4.906532e-02;5.892127e-02
1.187692e-01;5.356951e-02;1.235791e-01;3.823890e-02;5.139346e-02;7.156304e-02;2.290029e-01;1.387509e-01;3.952380e-02;3.165676e-02;4.398770e-02;5.996474e-02
1.727829e-01;5.749291e-02;9.914981e-02;2.830284e-02;3.470023e-02;5.493315e-02;1.924911e-01;2.000713e-01;4.602963e-02;3.240599e-02;2.690037e-02;5.473979e-02
2.487990e-01;6.873049e-02;5.737996e-02;1.333201e-02;2.497585e-02;3.323102e-02;9.603333e-02;2.936942e-01;6.907364e-02;3.072396e-02;2.830986e-02;3.571668e-02
2.876357e-01;7.698509e-02;6.479535e-02;1.399603e-02;3.949645e-02;1.242947e-02;7.106842e-02;3.204654e-01;4.415403e-02;1.449976e-02;3.477332e-02;1.970109e-02
3.095738e-01;9.937320e-02;5.910072e-02;1.773230e-02;4.717742e-02;1.158956e-02;8.498427e-02;2.659979e-01;4.477209e-02;9.904052e-03;2.561027e-02;2.418448e-02
3.478885e-01;1.509643e-01;6.473240e-02;1.668916e-02;5.722377e-02;1.413085e-02;7.084294e-02;1.707101e-01;3.607636e-02;1.418139e-02;1.962991e-02;3.693029e-02
3.202135e-01;1.710912e-01;1.260777e-01;1.286477e-02;4.392884e-02;2.200633e-02;6.575309e-02;6.587192e-02;9.501385e-02;1.887616e-02;1.883477e-02;3.946777e-02
2.075328e-01;1.430711e-01;2.945195e-01;2.285868e-02;2.382875e-02;3.101595e-02;3.449537e-02;5.151096e-02;1.243256e-01;2.473664e-02;2.135422e-02;2.075051e-02
1.117595e-01;9.013054e-02;4.547279e-01;2.902208e-02;2.212193e-02;3.835257e-02;4.484168e-02;3.115290e-02;1.096866e-01;2.342225e-02;2.087088e-02;2.391115e-02
6.894349e-02;5.025950e-02;5.880969e-01;3.462547e-02;2.969436e-02;3.118362e-02;4.408149e-02;3.677870e-02;6.196017e-02;2.650551e-02;8.599200e-03;1.927158e-02
8.233047e-02;5.842065e-02;5.810385e-01;4.029720e-02;4.669562e-02;2.340824e-02;2.848500e-02;3.828378e-02;4.427539e-02;2.238049e-02;1.651362e-02;1.787105e-02
9.521881e-02;6.751258e-02;4.459475e-01;4.992465e-02;5.939326e-02;2.348757e-02;3.922669e-02;4.288754e-02;7.867931e-02;1.767548e-02;4.409292e-02;3.595370e-02
9.486432e-02;5.867359e-02;3.093927e-01;5.692443e-02;6.799076e-02;2.190431e-02;5.011746e-02;7.337570e-02;1.088206e-01;3.400591e-02;7.636808e-02;4.756219e-02
7.018957e-02;5.631932e-02;2.168704e-01;5.805522e-02;6.767375e-02;3.790220e-02;7.410977e-02;1.119615e-01;1.009245e-01;5.638425e-02;9.216959e-02;5.743993e-02
6.056960e-02;6.747979e-02;1.365308e-01;5.010566e-02;6.526757e-02;6.238504e-02;1.712976e-01;1.179478e-01;9.555844e-02;4.274007e-02;6.986748e-02;6.025021e-02
7.716959e-02;8.520605e-02;1.588344e-01;4.455033e-02;6.335860e-02;7.135978e-02;1.989201e-01;7.503019e-02;5.556832e-02;4.101777e-02;7.719834e-02;5.178656e-02
1.314988e-01;1.139474e-01;9.845227e-02;3.498160e-02;6.795452e-02;9.367290e-02;1.489198e-01;8.466928e-02;5.262532e-02;4.601900e-02;8.979663e-02;3.746251e-02
1.177869e-01;9.068006e-02;9.055876e-02;4.083681e-02;5.200079e-02;7.473413e-02;1.565709e-01;1.187867e-01;8.599383e-02;7.560848e-02;5.919828e-02;3.724443e-02
9.323686e-02;5.641931e-02;1.449670e-01;3.297647e-02;4.912063e-02;8.659463e-02;1.496947e-01;9.554191e-02;9.340329e-02;7.993001e-02;6.669526e-02;5.141989e-02
9.885871e-02;7.638432e-02;9.792574e-02;8.692974e-02;7.564311e-02;9.210989e-02;1.398772e-01;4.904947e-02;8.015177e-02;8.038118e-02;8.952802e-02;3.316076e-02
1.177869e-01;8.247366e-02;1.448458e-01;7.336218e-02;9.310231e-02;6.778730e-02;1.247259e-01;6.289319e-02;6.430811e-02;7.129914e-02;7.583015e-02;2.158535e-02
1.099625e-01;9.378798e-02;2.369345e-01;4.913456e-02;9.451564e-02;7.601467e-02;9.392226e-02;5.848193e-02;7.421099e-02;5.501739e-02;3.581328e-02;2.220429e-02
9.045319e-02;8.134409e-02;2.132638e-01;4.573973e-02;9.052108e-02;9.633571e-02;1.379140e-01;5.384781e-02;7.515450e-02;4.216612e-02;4.211433e-02;3.114560e-02
6.409895e-02;5.350079e-02;1.669225e-01;3.645090e-02;8.338723e-02;1.537011e-01;1.990614e-01;3.706697e-02;6.338271e-02;3.526922e-02;6.861389e-02;3.854436e-02
3.152473e-02;3.242265e-02;1.000803e-01;2.848944e-02;6.904949e-02;2.392563e-01;2.317324e-01;4.198192e-02;3.495049e-02;4.870368e-02;1.096325e-01;3.217600e-02
1.353607e-02;6.442858e-02;7.116505e-02;2.143532e-02;8.561362e-02;2.624580e-01;1.780938e-01;5.729781e-02;2.115195e-02;8.423430e-02;1.265242e-01;1.406128e-02
2.919460e-02;1.095235e-01;5.770854e-02;2.017298e-02;9.625542e-02;1.710841e-01;1.501970e-01;8.013108e-02;2.077241e-02;1.479425e-01;1.072646e-01;9.753279e-03
3.752461e-02;1.641153e-01;4.473737e-02;3.171923e-02;1.145452e-01;8.591152e-02;8.462472e-02;8.165518e-02;3.009037e-02;2.156606e-01;8.866991e-02;2.074592e-02
2.572002e-02;2.140814e-01;4.753473e-02;3.602365e-02;1.032381e-01;7.584271e-02;4.403161e-02;5.892187e-02;3.354826e-02;2.627892e-01;7.331578e-02;2.495268e-02
5.168355e-02;1.759001e-01;5.146260e-02;3.318768e-02;1.031346e-01;5.199998e-02;5.157618e-02;4.848762e-02;4.758204e-02;2.816956e-01;7.675819e-02;2.653191e-02
4.379962e-02;1.136365e-01;5.346450e-02;6.032631e-02;1.296850e-01;6.722793e-02;5.083478e-02;3.768699e-02;8.174086e-02;2.581872e-01;7.342283e-02;2.998740e-02
9.057743e-03;7.967003e-02;6.087404e-02;7.320300e-02;1.395893e-01;7.993896e-02;7.882591e-02;3.546361e-02;8.947466e-02;2.397657e-01;8.383883e-02;3.029818e-02
2.000518e-02;6.951935e-02;4.694802e-02;6.007823e-02;1.444826e-01;8.779207e-02;7.023373e-02;3.563610e-02;6.334510e-02;2.694475e-01;9.866320e-02;3.384890e-02
2.741794e-02;7.594001e-02;3.342732e-02;3.847956e-02;1.326327e-01;9.625592e-02;4.858342e-02;4.468599e-02;5.168490e-02;2.929318e-01;1.344483e-01;2.351213e-02
3.871321e-02;7.899866e-02;4.077782e-02;1.629119e-02;1.085897e-01;4.760595e-02;6.896870e-02;5.587228e-02;5.676989e-02;2.873090e-01;1.760861e-01;2.401745e-02
4.875633e-02;6.448749e-02;8.967218e-02;2.480511e-02;8.013219e-02;5.714727e-02;8.121953e-02;5.505127e-02;4.872221e-02;2.463147e-01;1.739650e-01;2.972674e-02
5.139200e-02;4.947330e-02;9.832492e-02;4.073062e-02;6.150293e-02;5.450870e-02;1.056355e-01;5.714146e-02;5.357761e-02;2.164892e-01;1.773728e-01;3.385090e-02
4.231616e-02;3.831338e-02;7.938236e-02;4.623818e-02;7.881747e-02;8.147813e-02;1.083654e-01;6.664080e-02;5.509269e-02;1.816110e-01;1.815563e-01;4.018809e-02
3.517496e-02;4.161748e-02;8.212874e-02;4.238287e-02;7.393123e-02;8.655980e-02;1.282615e-01;5.463124e-02;5.663763e-02;1.808192e-01;1.727525e-01;4.510280e-02
1.350791e-02;4.393429e-02;1.268647e-01;3.571589e-02;5.733947e-02;7.118227e-02;1.209326e-01;4.118077e-02;6.322536e-02;1.838763e-01;1.912549e-01;5.098552e-02
2.514866e-02;3.619599e-02;5.383223e-02;3.964705e-02;5.740149e-02;5.647705e-02;1.554453e-01;3.999148e-02;7.517023e-02;2.080234e-01;1.952281e-01;5.743910e-02
4.666729e-02;4.670618e-02;6.059508e-02;3.770132e-02;6.330023e-02;4.372296e-02;1.721848e-01;3.417796e-02;1.003798e-01;2.065802e-01;1.455816e-01;4.240267e-02
4.419096e-02;5.055494e-02;6.009895e-02;4.932055e-02;7.142824e-02;5.003849e-02;1.564903e-01;3.520696e-02;1.285300e-01;1.941704e-01;1.146710e-01;4.529925e-02
4.420228e-02;5.741086e-02;5.494727e-02;6.820674e-02;8.234914e-02;7.336846e-02;1.736882e-01;4.663725e-02;1.262887e-01;1.564052e-01;9.271228e-02;2.378363e-02
6.128486e-02;4.730827e-02;9.246773e-02;6.794657e-02;8.072072e-02;9.942423e-02;1.586600e-01;6.382496e-02;9.885246e-02;1.241658e-01;8.959687e-02;1.574752e-02
1.009535e-01;4.202028e-02;1.188440e-01;6.282261e-02;9.231451e-02;7.614224e-02;1.075014e-01;3.465436e-02;8.733283e-02;1.377945e-01;1.072468e-01;3.237313e-02
1.041609e-01;6.471330e-02;1.030858e-01;7.768416e-02;8.047080e-02;4.035017e-02;1.433348e-01;6.413992e-02;5.966944e-02;1.179512e-01;9.092902e-02;5.351052e-02
7.571787e-02;7.462952e-02;1.177759e-01;5.285012e-02;7.696549e-02;5.269493e-02;1.502168e-01;6.764275e-02;7.547602e-02;8.347156e-02;1.020276e-01;7.053141e-02
9.399309e-02;6.070051e-02;1.014428e-01;4.952204e-02;8.404791e-02;6.880729e-02;1.529303e-01;6.934649e-02;8.336142e-02;7.540105e-02;9.041000e-02;7.003710e-02
1.087549e-01;8.529562e-02;1.000697e-01;5.908391e-02;9.745036e-02;6.640365e-02;1.402292e-01;7.799793e-02;3.882142e-02;7.174100e-02;9.561797e-02;5.853437e-02
7.693294e-02;8.599692e-02;7.220148e-02;5.207645e-02;7.745044e-02;7.794165e-02;1.637455e-01;7.521135e-02;1.085328e-01;6.375787e-02;1.053974e-01;4.075510e-02
5.650770e-02;7.221308e-02;9.094165e-02;5.488000e-02;4.290770e-02;5.709567e-02;1.793039e-01;7.589810e-02;1.276734e-01;8.811374e-02;1.192433e-01;3.522186e-02
5.352646e-02;5.183132e-02;1.434713e-01;5.948884e-02;5.022380e-02;5.322335e-02;1.815361e-01;8.505584e-02;8.908281e-02;8.002272e-02;1.053486e-01;4.718894e-02
7.943490e-02;5.997993e-02;1.293593e-01;5.133852e-02;5.051920e-02;8.760399e-02;1.788274e-01;8.387719e-02;7.890970e-02;5.044065e-02;9.767648e-02;5.203274e-02
