1.856888e-01;9.106544e-02;1.608315e-01;3.179212e-02;2.113761e-02;5.223105e-02;9.991523e-02;3.078973e-02;3.358226e-02;5.943737e-02;1.295603e-01;1.039686e-01
1.483846e-01;5.990576e-02;9.427342e-02;2.415748e-02;2.688778e-02;7.359929e-02;6.093761e-02;1.994074e-02;2.643400e-02;1.110495e-01;2.465893e-01;1.078405e-01
7.488219e-02;2.239674e-02;4.635192e-02;1.168163e-02;3.253508e-02;9.704369e-02;1.428429e-02;9.318202e-03;2.629110e-02;2.260536e-01;3.769695e-01;6.219201e-02
5.140517e-02;7.619967e-03;4.586143e-02;7.695838e-03;1.801882e-02;7.326652e-02;6.319220e-02;1.460305e-02;3.068082e-02;2.710748e-01;3.417613e-01;7.482014e-02
6.229162e-02;9.312464e-03;4.795709e-02;7.360131e-03;1.157888e-02;4.836923e-02;1.005376e-01;1.705310e-02;3.384629e-02;2.514393e-01;3.024595e-01;1.077946e-01
6.140536e-02;1.196467e-02;3.697656e-02;8.093033e-03;1.484256e-02;5.452297e-02;9.399480e-02;2.297916e-02;5.521533e-02;2.315252e-01;3.125881e-01;9.589238e-02
7.412096e-02;1.840675e-02;3.398040e-02;1.529650e-02;2.812586e-02;4.105928e-02;4.004881e-02;3.269308e-02;6.613805e-02;1.926712e-01;3.400063e-01;1.174528e-01
1.320166e-01;5.701983e-02;5.336006e-02;3.151690e-02;3.210853e-02;2.223249e-02;2.177452e-02;1.902854e-02;4.257870e-02;1.043223e-01;2.971369e-01;1.869045e-01
1.452904e-01;8.405444e-02;1.001258e-01;6.821499e-02;2.507890e-02;1.529486e-02;2.939663e-02;1.689042e-02;6.444032e-02;8.001091e-02;2.199713e-01;1.512311e-01
7.404676e-02;4.767164e-02;1.366871e-01;8.867189e-02;3.295154e-02;2.539867e-02;6.489781e-02;2.716537e-02;7.746251e-02;1.198211e-01;2.322334e-01;7.299225e-02
4.107283e-02;2.638488e-02;1.127561e-01;5.669868e-02;5.314635e-02;4.569853e-02;1.274363e-01;7.925162e-02;1.114610e-01;1.228219e-01;1.583028e-01;6.496906e-02
6.130084e-02;2.652332e-02;1.022617e-01;3.852534e-02;5.294992e-02;4.791499e-02;1.395123e-01;1.109506e-01;1.749156e-01;1.120595e-01;4.607393e-02;8.701199e-02
7.209177e-02;3.898822e-02;7.195122e-02;5.367725e-02;4.205072e-02;4.538937e-02;1.306358e-01;1.287832e-01;1.496771e-01;1.361476e-01;3.969092e-02;9.091679e-02
7.996496e-02;5.081917e-02;3.801815e-02;6.047201e-02;4.412275e-02;5.467459e-02;1.187839e-01;1.351566e-01;8.940127e-02;1.619913e-01;9.187915e-02;7.471611e-02
7.778343e-02;4.197065e-02;5.797687e-02;5.460313e-02;4.404790e-02;8.317292e-02;1.189843e-01;1.005457e-01;7.486479e-02;1.296410e-01;1.604649e-01;5.594457e-02
6.151918e-02;2.110356e-02;9.804907e-02;3.414361e-02;2.763326e-02;1.276888e-01;1.678056e-01;5.240642e-02;8.921969e-02;5.994692e-02;2.189611e-01;4.152284e-02
5.464798e-02;1.150300e-02;1.012250e-01;1.740796e-02;1.686104e-02;1.439373e-01;2.027130e-01;4.825217e-02;8.864994e-02;4.440183e-02;2.319142e-01;3.848664e-02
6.270456e-02;6.373645e-03;8.973386e-02;1.129624e-02;9.795403e-03;1.727998e-01;1.673847e-01;4.759960e-02;7.091419e-02;4.122989e-02;2.881493e-01;3.201884e-02
7.154083e-02;6.531346e-03;1.006914e-01;5.372844e-03;1.857649e-02;1.840138e-01;5.012528e-02;4.028023e-02;1.037904e-01;5.221132e-02;3.366449e-01;3.022124e-02
5.862634e-02;1.000774e-02;9.753002e-02;1.306683e-02;3.449123e-02;1.400930e-01;5.796028e-02;4.289792e-02;1.675392e-01;4.846635e-02;2.598696e-01;6.945144e-02
4.167583e-02;3.554246e-02;7.529421e-02;3.337549e-02;3.603077e-02;9.050881e-02;1.222338e-01;5.945871e-02;1.628453e-01;4.418590e-02;1.557712e-01;1.430776e-01
3.203227e-02;6.032906e-02;4.579164e-02;6.205049e-02;1.866847e-02;4.867239e-02;1.962443e-01;5.957210e-02;8.242112e-02;7.831015e-02;8.920296e-02;2.267050e-01
6.534029e-02;4.997271e-02;2.984117e-02;6.754320e-02;1.147390e-02;3.191215e-02;2.135730e-01;7.912886e-02;3.600661e-02;1.321875e-01;4.065539e-02;2.423652e-01
1.513254e-01;2.949465e-02;3.493188e-02;4.805925e-02;1.957503e-02;3.158664e-02;1.959692e-01;1.400597e-01;5.409964e-02;1.212147e-01;1.790452e-02;1.557795e-01
2.409907e-01;2.451534e-02;6.099169e-02;2.889242e-02;1.883933e-02;3.074998e-02;1.776961e-01;2.096946e-01;4.772078e-02;6.120308e-02;3.344191e-02;6.526405e-02
2.975897e-01;3.897741e-02;9.263533e-02;1.628491e-02;2.765700e-02;1.314482e-02;1.301733e-01;2.044673e-01;2.972655e-02;4.115313e-02;5.325872e-02;5.493173e-02
2.845646e-01;4.519230e-02;1.104870e-01;1.780669e-02;4.644449e-02;1.128776e-02;9.913868e-02;1.574609e-01;3.656970e-02;5.444124e-02;6.185839e-02;7.474830e-02
2.179925e-01;3.140185e-02;1.048580e-01;2.823978e-02;5.062273e-02;2.249411e-02;8.918737e-02;1.297546e-01;4.521088e-02;7.686814e-02;8.255858e-02;1.208113e-01
1.561746e-01;2.722427e-02;1.009417e-01;3.504758e-02;2.946522e-02;2.809158e-02;7.171823e-02;1.436673e-01;4.109672e-02;8.216134e-02;1.077114e-01;1.767000e-01
1.153910e-01;3.772340e-02;1.098740e-01;3.753267e-02;3.759389e-02;2.640443e-02;9.333985e-02;1.923564e-01;2.848269e-02;6.569734e-02;1.530995e-01;1.025048e-01
8.149078e-02;3.166743e-02;1.375218e-01;3.940735e-02;3.709481e-02;2.053878e-02;1.084191e-01;1.623567e-01;4.911107e-02;2.492661e-02;1.484290e-01;1.590366e-01
9.891206e-02;8.565252e-02;1.485634e-01;4.857022e-02;5.208933e-02;3.296676e-02;1.231592e-01;7.957287e-02;8.010402e-02;4.006638e-02;8.354510e-02;1.267982e-01
7.295438e-02;1.287304e-01;1.436665e-01;6.949604e-02;6.773584e-02;4.459930e-02;1.171973e-01;4.789137e-02;9.192131e-02;5.066520e-02;8.169372e-02;8.344858e-02
5.383126e-02;1.087530e-01;1.142930e-01;8.235464e-02;8.537608e-02;5.012137e-02;1.059620e-01;5.104214e-02;8.023918e-02;5.735182e-02;7.753972e-02;1.331357e-01
1.103398e-01;1.085423e-01;1.210186e-01;7.329232e-02;1.121130e-01;4.645546e-02;8.131861e-02;7.770473e-02;7.294461e-02;5.474018e-02;4.938078e-02;9.214959e-02
1.182762e-01;9.794745e-02;1.536813e-01;6.483634e-02;1.135264e-01;9.029202e-02;7.161804e-02;6.830179e-02;7.951651e-02;4.052008e-02;5.432551e-02;4.715831e-02
9.872418e-02;4.615098e-02;1.610599e-01;8.537000e-02;9.602470e-02;1.605917e-01;9.883628e-02;5.763356e-02;7.465941e-02;4.591335e-02;4.948264e-02;2.555331e-02
8.828617e-02;1.052304e-01;1.431928e-01;7.318778e-02;7.621159e-02;1.496852e-01;9.039217e-02;5.001801e-02;1.006287e-01;6.486026e-02;2.729549e-02;3.101150e-02
1.219621e-01;1.819221e-01;9.046198e-02;7.833787e-02;8.857587e-02;7.278495e-02;8.837087e-02;4.743937e-02;1.107941e-01;6.495377e-02;1.960844e-02;3.478865e-02
9.493987e-02;1.862817e-01;8.453666e-02;7.556958e-02;1.088170e-01;6.300949e-02;9.256411e-02;6.208830e-02;8.198106e-02;8.120858e-02;3.048742e-02;3.851626e-02
1.243890e-01;1.384295e-01;1.156826e-01;5.127372e-02;8.619873e-02;7.449446e-02;7.923277e-02;6.397429e-02;6.818017e-02;9.490342e-02;3.548189e-02;6.775951e-02
1.509912e-01;7.390074e-02;1.296228e-01;4.851595e-02;6.823809e-02;9.579086e-02;9.509008e-02;7.558897e-02;6.259841e-02;8.622544e-02;3.527345e-02;7.816400e-02
1.170823e-01;9.090924e-02;1.190234e-01;5.274119e-02;5.863743e-02;7.579380e-02;1.383202e-01;9.318345e-02;5.062865e-02;7.391409e-02;5.543458e-02;7.433168e-02
6.565691e-02;8.035301e-02;1.341396e-01;1.003148e-01;1.033375e-01;8.275553e-02;7.588645e-02;1.084632e-01;8.486568e-02;5.068256e-02;4.215729e-02;7.138749e-02
8.672529e-02;1.172889e-01;1.849965e-01;6.703293e-02;8.788237e-02;7.948238e-02;9.619274e-02;1.144219e-01;6.639020e-02;3.852956e-02;2.517178e-02;3.588543e-02
9.501912e-02;1.139528e-01;1.955804e-01;5.541644e-02;9.572674e-02;6.410590e-02;1.204848e-01;9.541708e-02;5.154751e-02;4.774758e-02;3.583471e-02;2.916688e-02
7.327916e-02;7.286374e-02;1.970512e-01;6.753680e-02;1.122019e-01;6.303595e-02;1.306320e-01;6.492704e-02;2.832013e-02;5.850372e-02;8.690234e-02;4.474605e-02
4.047141e-02;2.751018e-02;2.084155e-01;1.185263e-01;1.074837e-01;6.129932e-02;9.407709e-02;4.160921e-02;2.209758e-02;7.534469e-02;1.586608e-01;4.450432e-02
2.952982e-02;1.547759e-02;2.857547e-01;1.377934e-01;6.385141e-02;3.951368e-02;4.326897e-02;2.343005e-02;2.391539e-02;1.391627e-01;1.742314e-01;2.407091e-02
1.848352e-02;1.141577e-02;3.818123e-01;1.334569e-01;2.079206e-02;1.936216e-02;3.084413e-02;3.417976e-02;3.476785e-02;1.654676e-01;1.366542e-01;1.276374e-02
8.688006e-03;7.417539e-03;4.325062e-01;1.133114e-01;2.133323e-02;1.478594e-02;4.456734e-02;5.150921e-02;4.373340e-02;1.215345e-01;1.312125e-01;9.400714e-03
1.702476e-02;1.218657e-02;4.678293e-01;8.992600e-02;2.400384e-02;1.612852e-02;7.108528e-02;5.794043e-02;4.051664e-02;9.992828e-02;9.410091e-02;9.329468e-03
3.014131e-02;2.164597e-02;5.124886e-01;7.717015e-02;2.891334e-02;1.300509e-02;7.472220e-02;4.114271e-02;3.029191e-02;1.181487e-01;4.094325e-02;1.138682e-02
3.285732e-02;3.769248e-02;5.202559e-01;5.620251e-02;3.762925e-02;9.949806e-03;8.518366e-02;2.256085e-02;3.110901e-02;1.289606e-01;3.387222e-02;3.726366e-03
2.682110e-02;5.258897e-02;5.378981e-01;3.803888e-02;3.190866e-02;1.665322e-02;8.126301e-02;2.013789e-02;2.951607e-02;1.149446e-01;4.130625e-02;8.923279e-03
1.646378e-02;4.121692e-02;6.005133e-01;3.372978e-02;2.278227e-02;1.157020e-02;5.181403e-02;1.906745e-02;3.383676e-02;1.231424e-01;3.582954e-02;1.003358e-02
1.575475e-02;3.016635e-02;6.069672e-01;3.728895e-02;2.614116e-02;1.042180e-02;4.985113e-02;1.711760e-02;2.897846e-02;1.454495e-01;2.362102e-02;8.242100e-03
1.834751e-02;1.961901e-02;5.647720e-01;7.690485e-02;3.392651e-02;1.135808e-02;3.909007e-02;1.700944e-02;1.481667e-02;1.279800e-01;6.312882e-02;1.304703e-02
2.232180e-02;1.331792e-02;4.601682e-01;1.440791e-01;6.598184e-02;1.658550e-02;2.267353e-02;1.971632e-02;1.953732e-02;8.845240e-02;1.146067e-01;1.255938e-02
2.511259e-02;1.692907e-02;3.130203e-01;1.971934e-01;1.299546e-01;2.810253e-02;2.803988e-02;1.921619e-02;1.923859e-02;5.090431e-02;1.323718e-01;3.991670e-02
2.642989e-02;1.473726e-02;1.907359e-01;2.252053e-01;2.113430e-01;4.216614e-02;3.523288e-02;1.532231e-02;1.772625e-02;2.675966e-02;9.044510e-02;1.038963e-01
1.669957e-02;1.449065e-02;1.394726e-01;2.249547e-01;2.678348e-01;4.556116e-02;3.188615e-02;1.276522e-02;1.371295e-02;2.469559e-02;6.253325e-02;1.453933e-01
1.295617e-02;1.054451e-02;1.349282e-01;2.296308e-01;2.605506e-01;4.130538e-02;2.774877e-02;1.515453e-02;9.889762e-03;3.023220e-02;8.980943e-02;1.372497e-01
5.064992e-03;1.132054e-02;1.650465e-01;2.945327e-01;2.041515e-01;2.727934e-02;1.834271e-02;1.890758e-02;8.818869e-03;2.836940e-02;1.250867e-01;9.307909e-02
4.383459e-03;8.461184e-03;2.303946e-01;3.648044e-01;1.356361e-01;1.851834e-02;1.228631e-02;1.873104e-02;5.572210e-03;2.097313e-02;1.353023e-01;4.493685e-02
6.651928e-03;9.565166e-03;3.571930e-01;3.711687e-01;8.296823e-02;1.189656e-02;6.495060e-03;1.210712e-02;1.033932e-02;1.927390e-02;9.798907e-02;1.435194e-02
6.844675e-03;3.011159e-02;5.302359e-01;2.561609e-01;4.360062e-02;8.401582e-03;1.404090e-02;5.553802e-03;1.601874e-02;4.145478e-02;4.291970e-02;4.656801e-03
2.953030e-02;8.858750e-02;5.937381e-01;1.140740e-01;2.067000e-02;1.098676e-02;2.360035e-02;7.086043e-03;2.728232e-02;6.069186e-02;1.790322e-02;5.849448e-03
6.227602e-02;1.743940e-01;4.448620e-01;7.388449e-02;1.700222e-02;2.277763e-02;3.040534e-02;1.794824e-02;7.239873e-02;5.717460e-02;1.277914e-02;1.409767e-02
1.545640e-01;2.241190e-01;2.174323e-01;7.519087e-02;3.105434e-02;2.290846e-02;2.439994e-02;4.372451e-02;1.143720e-01;4.684124e-02;2.119496e-02;2.419838e-02
2.710807e-01;1.446909e-01;1.846136e-01;6.103262e-02;3.953498e-02;1.027399e-02;2.789655e-02;7.584698e-02;7.698146e-02;3.795548e-02;3.886994e-02;3.122271e-02
3.379232e-01;5.317962e-02;1.133879e-01;6.308324e-02;3.691480e-02;9.483833e-03;6.912801e-02;9.971797e-02;3.307702e-02;4.172279e-02;6.222965e-02;8.015196e-02
3.283877e-01;6.237647e-02;6.014999e-02;5.295205e-02;2.245026e-02;2.584496e-02;1.268202e-01;6.319606e-02;2.302199e-02;5.448217e-02;6.085324e-02;1.194649e-01
3.009109e-01;5.954939e-02;6.414743e-02;6.925029e-02;2.594035e-02;3.800452e-02;1.602034e-01;3.580299e-02;1.704673e-02;4.149396e-02;4.898132e-02;1.386687e-01
2.687681e-01;3.582882e-02;3.281771e-02;6.495406e-02;2.081746e-02;4.199739e-02;2.280107e-01;4.557458e-02;3.520589e-02;2.510157e-02;4.583773e-02;1.550861e-01
1.794652e-01;3.349883e-02;4.797589e-02;3.563144e-02;1.384476e-02;6.702577e-02;2.484109e-01;6.241700e-02;8.718421e-02;2.177476e-02;7.709616e-02;1.256752e-01
8.888011e-02;1.570496e-02;8.238579e-02;1.719164e-02;2.000130e-02;1.322690e-01;1.894062e-01;5.324030e-02;1.651763e-01;2.803468e-02;1.272284e-01;8.048128e-02
5.715853e-02;1.124780e-02;9.386958e-02;1.251698e-02;2.612084e-02;1.826799e-01;1.482475e-01;2.962513e-02;1.888155e-01;3.889009e-02;1.653945e-01;4.543361e-02
6.069009e-02;1.475424e-02;1.036283e-01;7.702823e-03;2.754712e-02;2.136389e-01;1.093041e-01;1.404819e-02;1.627035e-01;4.847961e-02;1.916367e-01;4.586650e-02
8.442082e-02;1.521054e-02;9.266893e-02;1.861755e-02;4.258987e-02;2.180688e-01;6.745752e-02;2.110224e-02;1.201222e-01;6.937105e-02;1.985409e-01;5.182952e-02
9.689743e-02;1.710338e-02;1.012685e-01;2.884170e-02;4.775422e-02;2.110282e-01;3.645892e-02;1.354011e-02;1.187937e-01;8.835237e-02;1.873082e-01;5.265333e-02
1.010041e-01;7.598730e-03;1.124497e-01;2.424088e-02;3.289507e-02;1.861120e-01;5.936011e-02;8.789098e-03;1.209918e-01;9.726403e-02;1.971534e-01;5.214113e-02
9.313902e-02;7.781556e-03;1.169857e-01;1.787851e-02;2.256861e-02;1.666954e-01;6.217203e-02;8.877913e-03;7.418365e-02;1.202317e-01;2.535316e-01;5.595437e-02
8.454213e-02;1.278661e-02;1.055790e-01;1.598221e-02;2.256817e-02;1.683596e-01;7.120040e-02;2.633285e-02;4.606460e-02;1.332696e-01;2.515688e-01;6.174615e-02
5.850486e-02;2.392634e-02;9.301735e-02;2.201814e-02;3.097912e-02;1.878763e-01;8.471029e-02;4.441540e-02;4.738193e-02;1.122918e-01;2.224381e-01;7.244040e-02
6.242459e-02;3.044734e-02;1.294645e-01;2.458688e-02;2.876823e-02;1.738708e-01;7.482107e-02;5.660523e-02;7.270094e-02;8.258998e-02;1.846999e-01;7.902054e-02
4.811304e-02;2.083189e-02;1.072144e-01;2.009754e-02;2.722749e-02;1.865952e-01;8.412313e-02;4.445165e-02;9.451295e-02;9.415391e-02;1.993348e-01;7.334406e-02
2.678951e-02;1.244057e-02;1.208758e-01;1.005459e-02;2.092558e-02;1.781296e-01;7.502614e-02;2.271090e-02;1.338839e-01;1.031710e-01;2.272527e-01;6.873968e-02
3.249098e-02;2.290532e-02;1.009681e-01;1.182425e-02;4.311594e-02;1.083002e-01;8.334212e-02;4.052609e-02;1.510143e-01;1.085124e-01;2.176036e-01;7.939671e-02
6.822142e-02;2.023712e-02;1.022352e-01;2.412524e-02;4.396355e-02;7.093501e-02;1.284300e-01;3.844395e-02;1.008504e-01;8.790776e-02;2.126625e-01;1.019879e-01
9.375083e-02;2.955546e-02;6.791609e-02;2.680654e-02;3.162920e-02;4.471829e-02;2.272425e-01;1.717541e-02;6.605793e-02;7.593810e-02;1.744858e-01;1.447238e-01
1.296383e-01;3.874426e-02;5.771254e-02;3.697063e-02;1.678856e-02;2.328395e-02;2.737828e-01;2.296526e-02;4.811422e-02;8.396359e-02;1.158690e-01;1.521670e-01
1.920306e-01;7.120001e-02;9.949997e-02;3.074221e-02;2.776592e-02;2.050836e-02;1.499926e-01;7.483720e-02;7.310037e-02;1.017568e-01;7.345721e-02;8.510879e-02
1.836126e-01;7.548063e-02;1.219043e-01;2.849278e-02;4.459494e-02;2.677153e-02;8.416138e-02;1.667549e-01;1.113440e-01;7.269236e-02;4.242791e-02;4.176265e-02
1.767886e-01;6.026462e-02;8.254383e-02;2.109662e-02;5.862537e-02;1.908659e-02;8.107594e-02;2.559333e-01;1.243647e-01;3.931313e-02;4.644696e-02;3.446034e-02
1.942311e-01;4.526603e-02;4.994562e-02;9.731358e-03;7.572424e-02;8.814179e-03;4.931350e-02;3.243844e-01;1.195625e-01;2.286221e-02;7.851876e-02;2.164610e-02
1.795432e-01;5.657114e-02;5.686753e-02;6.507534e-03;7.855510e-02;8.694774e-03;2.360833e-02;2.986258e-01;1.446002e-01;2.225438e-02;1.110892e-01;1.308279e-02
1.413172e-01;7.314617e-02;8.605672e-02;1.243327e-02;5.914462e-02;1.276607e-02;3.251813e-02;2.220451e-01;2.194879e-01;3.423099e-02;9.564803e-02;1.120576e-02
1.005976e-01;7.237067e-02;8.357339e-02;1.502164e-02;5.409223e-02;2.052986e-02;7.073249e-02;1.639771e-01;2.658662e-01;5.718788e-02;6.828447e-02;2.776645e-02
6.926400e-02;6.400295e-02;5.195329e-02;1.383312e-02;7.870813e-02;3.212688e-02;1.276405e-01;1.764755e-01;2.280517e-01;6.894684e-02;5.060743e-02;3.838966e-02
7.622570e-02;6.907503e-02;3.441526e-02;2.869095e-02;9.306090e-02;2.992762e-02;9.246117e-02;2.915567e-01;1.512360e-01;5.152312e-02;5.794478e-02;2.388277e-02
4.868526e-02;6.103812e-02;9.232789e-02;3.740316e-02;9.709025e-02;2.585783e-02;6.417818e-02;2.743627e-01;1.617507e-01;4.666561e-02;6.324894e-02;2.739134e-02
1.138041e-01;6.433018e-02;1.034951e-01;3.748752e-02;7.746614e-02;3.572613e-02;4.546361e-02;2.050735e-01;1.385205e-01;6.159971e-02;7.499714e-02;4.203646e-02
1.392013e-01;6.244023e-02;7.029469e-02;2.782600e-02;4.537460e-02;5.024702e-02;5.706425e-02;1.972389e-01;1.527564e-01;7.098943e-02;8.507378e-02;4.149343e-02
1.270594e-01;4.044282e-02;9.632016e-02;1.826974e-02;2.376747e-02;3.809661e-02;6.788754e-02;2.292242e-01;1.958590e-01;5.276449e-02;8.445323e-02;2.585534e-02
1.772492e-01;5.260774e-02;1.045790e-01;1.661838e-02;2.026641e-02;2.423522e-02;4.832973e-02;2.053043e-01;2.326533e-01;3.429131e-02;6.668569e-02;1.717982e-02
2.099111e-01;7.813804e-02;9.077401e-02;1.678001e-02;2.832684e-02;1.903405e-02;5.058169e-02;1.375578e-01;2.418831e-01;3.063172e-02;5.804458e-02;3.833700e-02
1.853599e-01;8.627924e-02;1.248179e-01;2.715128e-02;6.331795e-02;1.584568e-02;4.675474e-02;8.655954e-02;1.702963e-01;4.302145e-02;1.010643e-01;4.953177e-02
1.238708e-01;6.691881e-02;1.183380e-01;3.275169e-02;8.839424e-02;1.483229e-02;6.631455e-02;1.980561e-01;6.391516e-02;6.870792e-02;1.299894e-01;2.791099e-02
1.017178e-01;6.968742e-02;1.059693e-01;4.053325e-02;5.612570e-02;2.426340e-02;1.015099e-01;1.542043e-01;1.140377e-01;7.184141e-02;8.169744e-02;7.841232e-02
7.393253e-02;5.956350e-02;1.006485e-01;6.585980e-02;6.018097e-02;3.517012e-02;1.243877e-01;1.001075e-01;9.206595e-02;9.345786e-02;9.745863e-02;9.716684e-02
6.750768e-02;3.879785e-02;1.147170e-01;9.146080e-02;9.000903e-02;4.261664e-02;8.576066e-02;7.189652e-02;8.181366e-02;1.342120e-01;1.005402e-01;8.066792e-02
4.855308e-02;3.556189e-02;1.199025e-01;7.276306e-02;9.967086e-02;6.372822e-02;1.793640e-01;7.095548e-02;8.042761e-02;1.243887e-01;6.474496e-02;3.993955e-02
2.288499e-02;2.306591e-02;1.096844e-01;4.218743e-02;7.537621e-02;1.118037e-01;2.513935e-01;1.026888e-01;9.021302e-02;1.104222e-01;3.490724e-02;2.537261e-02
1.277176e-02;2.713731e-02;1.090414e-01;2.717360e-02;3.624779e-02;1.119554e-01;3.443952e-01;1.222975e-01;8.440123e-02;8.963706e-02;1.466407e-02;2.027763e-02
2.053085e-02;4.391203e-02;8.569273e-02;2.614997e-02;4.653566e-02;9.015072e-02;4.347836e-01;9.808873e-02;5.665936e-02;6.884282e-02;1.589049e-02;1.276298e-02
2.302054e-02;6.402066e-02;4.050627e-02;1.184199e-02;4.247100e-02;1.112538e-01;4.677563e-01;8.425001e-02;6.196341e-02;7.030000e-02;1.794464e-02;4.671407e-03
3.399602e-02;7.966363e-02;2.768446e-02;8.027907e-03;2.897381e-02;9.169043e-02;4.868318e-01;9.074371e-02;6.880875e-02;6.506062e-02;1.457627e-02;3.942628e-03
5.368163e-02;1.090926e-01;4.164954e-02;1.059772e-02;2.926908e-02;6.443196e-02;5.113583e-01;7.634402e-02;4.976921e-02;3.678928e-02;1.077671e-02;6.239920e-03
7.828169e-02;1.323912e-01;3.458333e-02;1.138245e-02;3.128741e-02;5.895505e-02;4.999499e-01;5.910287e-02;3.999037e-02;3.378090e-02;1.134242e-02;8.952413e-03
8.468175e-02;1.539186e-01;4.578672e-02;1.313788e-02;3.208954e-02;6.197576e-02;4.855899e-01;4.658716e-02;3.303931e-02;2.717429e-02;5.433044e-03;1.058599e-02
8.915073e-02;1.705852e-01;6.589822e-02;1.276623e-02;2.672022e-02;6.535071e-02;4.267742e-01;4.121251e-02;5.036601e-02;2.974768e-02;1.161819e-02;9.810149e-03
9.331138e-02;1.887486e-01;9.941815e-02;2.103588e-02;2.714307e-02;5.293305e-02;3.699390e-01;3.980886e-02;4.684437e-02;3.459405e-02;1.757666e-02;8.646895e-03
1.280953e-01;1.868296e-01;1.103391e-01;3.816242e-02;3.630103e-02;4.083978e-02;3.289030e-01;3.110727e-02;3.572685e-02;2.800254e-02;2.165134e-02;1.404187e-02
1.286009e-01;1.652472e-01;1.210038e-01;4.427052e-02;4.506827e-02;4.224229e-02;2.851031e-01;2.671844e-02;5.216129e-02;4.314118e-02;2.632228e-02;2.012067e-02
8.379809e-02;1.404725e-01;1.320819e-01;4.427623e-02;4.345981e-02;4.565261e-02;3.087460e-01;2.706809e-02;6.663066e-02;5.605518e-02;2.499673e-02;2.676217e-02
9.427302e-02;1.073505e-01;1.160107e-01;5.136769e-02;3.392334e-02;4.994027e-02;3.348863e-01;3.958618e-02;7.623476e-02;4.737523e-02;2.157125e-02;2.748073e-02
9.601034e-02;9.804235e-02;1.156471e-01;4.365771e-02;4.650982e-02;5.870057e-02;3.208486e-01;5.999285e-02;4.916738e-02;4.650786e-02;2.092734e-02;4.398809e-02
1.120886e-01;1.329449e-01;1.333898e-01;3.163218e-02;4.418497e-02;5.177808e-02;2.814385e-01;4.879066e-02;2.889194e-02;4.662272e-02;2.906204e-02;5.917569e-02
1.333540e-01;1.235275e-01;1.519918e-01;3.588553e-02;5.157902e-02;5.557340e-02;2.382203e-01;2.582709e-02;4.395683e-02;5.395483e-02;2.537401e-02;6.075583e-02
1.551324e-01;1.009678e-01;1.112273e-01;4.948398e-02;6.665833e-02;7.304105e-02;2.006239e-01;2.787769e-02;5.716500e-02;6.606928e-02;3.024774e-02;6.150563e-02
1.138239e-01;1.192479e-01;7.197131e-02;5.760224e-02;8.551634e-02;7.896461e-02;1.777940e-01;4.001534e-02;5.511909e-02;5.257488e-02;6.127287e-02;8.609755e-02
1.282891e-01;1.177934e-01;9.835457e-02;5.909213e-02;8.257810e-02;8.087995e-02;1.529093e-01;4.223989e-02;4.227234e-02;3.436895e-02;6.086205e-02;1.003602e-01
1.269995e-01;1.054459e-01;8.939758e-02;6.071689e-02;7.544792e-02;8.177209e-02;1.520762e-01;6.110343e-02;5.649759e-02;4.743769e-02;8.960807e-02;5.349712e-02
1.190535e-01;1.054892e-01;8.387164e-02;4.700822e-02;7.801011e-02;6.413213e-02;1.631427e-01;5.577914e-02;7.927588e-02;3.596271e-02;1.238796e-01;4.439508e-02
