4.785791e-02;6.771588e-02;1.007770e-01;7.111681e-02;5.493588e-02;1.489294e-01;9.185766e-02;1.060174e-01;1.193401e-01;8.899774e-02;4.492741e-02;5.752667e-02
5.294210e-02;7.665988e-02;1.010817e-01;5.791715e-02;5.199058e-02;1.229750e-01;8.258533e-02;1.662087e-01;1.462767e-01;5.993812e-02;3.056935e-02;5.085542e-02
5.551609e-02;7.179485e-02;1.069613e-01;4.052108e-02;5.549572e-02;1.306945e-01;7.218235e-02;1.665891e-01;1.317855e-01;7.673527e-02;3.969207e-02;5.203229e-02
4.920085e-02;8.151416e-02;1.000674e-01;4.269003e-02;6.028804e-02;1.356159e-01;1.286776e-01;7.944864e-02;1.066710e-01;1.233503e-01;4.234957e-02;5.012653e-02
4.528543e-02;7.663395e-02;5.410553e-02;4.582490e-02;7.676849e-02;1.156495e-01;1.294012e-01;9.606151e-02;9.398320e-02;1.464937e-01;5.862364e-02;6.116896e-02
5.606735e-02;6.593119e-02;7.919563e-02;6.728305e-02;7.881426e-02;7.628878e-02;1.311540e-01;9.415582e-02;7.472933e-02;9.642442e-02;1.006007e-01;7.935552e-02
2.655488e-02;9.399612e-02;6.423497e-02;5.500134e-02;6.290396e-02;1.303682e-01;1.537898e-01;8.934723e-02;8.947188e-02;7.647984e-02;9.826930e-02;5.958257e-02
2.885968e-02;1.055401e-01;1.304932e-01;4.093474e-02;6.286960e-02;1.114790e-01;1.616884e-01;1.369415e-01;6.309723e-02;3.411210e-02;6.978477e-02;5.419967e-02
2.691250e-02;1.041156e-01;1.454697e-01;3.988925e-02;7.528762e-02;9.035981e-02;1.547888e-01;1.743784e-01;4.832368e-02;2.229792e-02;7.434879e-02;4.382796e-02
1.552242e-02;9.831386e-02;1.258751e-01;3.543929e-02;8.534854e-02;7.135151e-02;1.955036e-01;1.922643e-01;4.353034e-02;1.406087e-02;9.487679e-02;2.791346e-02
7.913713e-03;8.980741e-02;6.045153e-02;2.093017e-02;8.388653e-02;6.271055e-02;3.112122e-01;1.681565e-01;3.603854e-02;1.295826e-02;1.277200e-01;1.821449e-02
6.571287e-03;8.647190e-02;2.323519e-02;1.083388e-02;6.056119e-02;7.169376e-02;4.017000e-01;1.153511e-01;3.063523e-02;3.171283e-02;1.501441e-01;1.108955e-02
5.424894e-03;9.916885e-02;2.675561e-02;2.545462e-02;5.670574e-02;7.438231e-02;4.248595e-01;4.949784e-02;3.380193e-02;3.646123e-02;1.558557e-01;1.163179e-02
5.351963e-03;1.072785e-01;2.886954e-02;3.611089e-02;1.045415e-01;1.128607e-01;3.709766e-01;3.422272e-02;3.696409e-02;2.164866e-02;1.205342e-01;2.064070e-02
8.979153e-03;1.046272e-01;7.783747e-02;3.363403e-02;1.321550e-01;1.421655e-01;2.828450e-01;8.584556e-02;3.007378e-02;1.668911e-02;6.072225e-02;2.442597e-02
1.491602e-02;1.126634e-01;1.252251e-01;3.470245e-02;1.248542e-01;1.397726e-01;2.238152e-01;1.186491e-01;2.990685e-02;1.794602e-02;2.961548e-02;2.793347e-02
3.449725e-02;1.192102e-01;1.501290e-01;4.751200e-02;8.175074e-02;1.209979e-01;1.953218e-01;1.270272e-01;2.963001e-02;1.476493e-02;4.712933e-02;3.202964e-02
2.677222e-02;1.252365e-01;7.183295e-02;3.382066e-02;1.388570e-01;7.432725e-02;2.145378e-01;1.177660e-01;4.426397e-02;2.987465e-02;1.106006e-01;1.211036e-02
1.294863e-02;7.619902e-02;6.362125e-02;5.663157e-02;1.712144e-01;9.498832e-02;1.725018e-01;1.616644e-01;4.535502e-02;2.335442e-02;9.254199e-02;2.897917e-02
4.764372e-03;8.830804e-02;1.374216e-01;7.504548e-02;1.524156e-01;1.041599e-01;1.548067e-01;1.505577e-01;4.560944e-02;2.183521e-02;5.137803e-02;1.369798e-02
9.110810e-03;5.763133e-02;2.192986e-01;9.068056e-02;1.024686e-01;1.314976e-01;1.327661e-01;1.463016e-01;4.846903e-02;1.544063e-02;2.630622e-02;2.002893e-02
5.256723e-03;6.159253e-02;2.758542e-01;9.544753e-02;6.250488e-02;1.618465e-01;9.692837e-02;1.480937e-01;3.893949e-02;1.077416e-02;1.663930e-02;2.612258e-02
2.763535e-03;5.124752e-02;2.961014e-01;1.090868e-01;4.883744e-02;1.946701e-01;5.696409e-02;1.527278e-01;2.823317e-02;1.145544e-02;1.174307e-02;3.616961e-02
2.689593e-03;4.707859e-02;3.048216e-01;8.858138e-02;3.986808e-02;1.891599e-01;6.055601e-02;1.795485e-01;1.738441e-02;1.477051e-02;1.151843e-02;4.402290e-02
3.620172e-03;8.718269e-02;2.916496e-01;3.964766e-02;2.178984e-02;1.404466e-01;8.877443e-02;2.262780e-01;2.104606e-02;1.619438e-02;1.888279e-02;4.448784e-02
9.287030e-03;1.521049e-01;2.526246e-01;5.939825e-03;1.697617e-02;1.058399e-01;7.937016e-02;2.731322e-01;3.042116e-02;1.974061e-02;1.267466e-02;4.188882e-02
1.511788e-02;1.753095e-01;2.003393e-01;1.233531e-02;1.201532e-02;1.175249e-01;5.634253e-02;2.797865e-01;4.490557e-02;2.791305e-02;2.238977e-02;3.602041e-02
1.936962e-02;1.383218e-01;1.482549e-01;1.452486e-02;4.001401e-02;1.758309e-01;5.461150e-02;2.542723e-01;5.253661e-02;3.615662e-02;3.793091e-02;2.817599e-02
1.219784e-02;8.069418e-02;7.217398e-02;2.859495e-02;7.714503e-02;2.382291e-01;1.201046e-01;2.481283e-01;4.829733e-02;3.212459e-02;3.218514e-02;1.012497e-02
7.995283e-03;6.872103e-02;1.233262e-01;5.156117e-02;4.337487e-02;2.057261e-01;1.916197e-01;2.266783e-01;3.405434e-02;1.462452e-02;1.467106e-02;1.764754e-02
4.087699e-03;4.190696e-02;1.132997e-01;4.511080e-02;5.019665e-02;2.105745e-01;2.205132e-01;2.254339e-01;2.510322e-02;2.000590e-02;2.382263e-02;1.994486e-02
9.497934e-03;3.448518e-02;8.399074e-02;4.503364e-02;4.654055e-02;2.257189e-01;2.132061e-01;2.247033e-01;3.496832e-02;3.599652e-02;2.449251e-02;2.136639e-02
2.244404e-02;1.016443e-01;7.401864e-02;5.206600e-02;3.545114e-02;1.609110e-01;1.326808e-01;2.201361e-01;9.499732e-02;7.066382e-02;1.909081e-02;1.589590e-02
2.896336e-02;1.416678e-01;7.246818e-02;5.200684e-02;3.918255e-02;1.212605e-01;7.766240e-02;1.940141e-01;1.493899e-01;8.324898e-02;1.970570e-02;2.042985e-02
2.855237e-02;2.103246e-01;1.314356e-01;2.785201e-02;2.558728e-02;1.233153e-01;9.336435e-02;1.443780e-01;1.351434e-01;4.486854e-02;1.562595e-02;1.955269e-02
2.562537e-02;2.626821e-01;1.382206e-01;1.646249e-02;2.329493e-02;1.337809e-01;1.262532e-01;9.928887e-02;1.171674e-01;1.798370e-02;2.640734e-02;1.283304e-02
2.735245e-02;2.741820e-01;9.664848e-02;2.146707e-02;2.486306e-02;1.314633e-01;1.547177e-01;9.832179e-02;1.132586e-01;1.906170e-02;2.720088e-02;1.146296e-02
3.478266e-02;2.668609e-01;3.555544e-02;1.638460e-02;3.058705e-02;1.421555e-01;1.767129e-01;1.311328e-01;1.019522e-01;1.697143e-02;3.350257e-02;1.340196e-02
3.613609e-02;2.299904e-01;7.603472e-02;2.298751e-02;3.430640e-02;1.664040e-01;1.627973e-01;1.147236e-01;9.220038e-02;1.859573e-02;3.681215e-02;9.011689e-03
3.242983e-02;1.568932e-01;8.456451e-02;3.425717e-02;4.836161e-02;2.007987e-01;1.598334e-01;1.341893e-01;8.896109e-02;2.095632e-02;3.255095e-02;6.203884e-03
1.987316e-02;7.924733e-02;4.643467e-02;1.910748e-02;6.296716e-02;2.164375e-01;1.864242e-01;2.292035e-01;8.698477e-02;1.932564e-02;3.045767e-02;3.537033e-03
7.545885e-03;8.205606e-02;3.503102e-02;1.418169e-02;7.388069e-02;2.198955e-01;1.915596e-01;2.474063e-01;6.924806e-02;1.359722e-02;4.013750e-02;5.460481e-03
7.680641e-03;7.854278e-02;1.765215e-02;2.253061e-02;9.260952e-02;2.049359e-01;1.793821e-01;2.668160e-01;5.737549e-02;1.174507e-02;5.504592e-02;5.683882e-03
1.305539e-02;6.202256e-02;6.674630e-02;3.997647e-02;1.006975e-01;1.439712e-01;1.038492e-01;3.217522e-01;6.145106e-02;1.574798e-02;5.415390e-02;1.657627e-02
1.089598e-02;4.644795e-02;1.194877e-01;5.816980e-02;6.236862e-02;9.767824e-02;1.068879e-01;3.151391e-01;9.447254e-02;3.820598e-02;1.807342e-02;3.217274e-02
1.105632e-02;6.500696e-02;1.724084e-01;6.226570e-02;3.473744e-02;6.915077e-02;1.065721e-01;2.825823e-01;9.905034e-02;3.920488e-02;1.892444e-02;3.904030e-02
1.132257e-02;5.670380e-02;2.057575e-01;8.312663e-02;2.203934e-02;8.496904e-02;7.530440e-02;2.589245e-01;1.079909e-01;2.605463e-02;2.818926e-02;3.961732e-02
2.695331e-02;4.305030e-02;1.815678e-01;1.347962e-01;4.032922e-02;7.267520e-02;5.421067e-02;1.864356e-01;1.630344e-01;2.026302e-02;5.618163e-02;2.050258e-02
4.729551e-02;3.427619e-02;1.226707e-01;1.775124e-01;7.078468e-02;5.117469e-02;6.819778e-02;1.173686e-01;1.886881e-01;2.989553e-02;6.177166e-02;3.036420e-02
3.857878e-02;4.020155e-02;8.588073e-02;1.541331e-01;1.139419e-01;8.230737e-02;6.714176e-02;7.508947e-02;1.567976e-01;5.383775e-02;3.748119e-02;9.460892e-02
1.951795e-02;1.049427e-01;4.762889e-02;9.600827e-02;1.744153e-01;1.010402e-01;4.100143e-02;4.837697e-02;1.300914e-01;7.836154e-02;2.285524e-02;1.357601e-01
7.085553e-03;1.876615e-01;2.321536e-02;7.086522e-02;1.959020e-01;9.050207e-02;3.487048e-02;4.197118e-02;1.244752e-01;9.447590e-02;2.180268e-02;1.071728e-01
7.295549e-03;2.029497e-01;3.146589e-02;1.175186e-01;1.442414e-01;8.476723e-02;7.066342e-02;5.141643e-02;1.250499e-01;8.382025e-02;2.394725e-02;5.686432e-02
2.232358e-02;1.002229e-01;3.437013e-02;1.723274e-01;7.263043e-02;1.276280e-01;1.489586e-01;5.868281e-02;1.251078e-01;6.530662e-02;4.454692e-02;2.789487e-02
3.655249e-02;5.115797e-02;6.465168e-02;1.669624e-01;5.533034e-02;1.326939e-01;1.810653e-01;5.946312e-02;1.171327e-01;4.714856e-02;5.190311e-02;3.593830e-02
3.332136e-02;7.563276e-02;7.631164e-02;1.674279e-01;3.799824e-02;9.413041e-02;1.991665e-01;7.680152e-02;1.058737e-01;3.438925e-02;3.867864e-02;6.026809e-02
2.172124e-02;7.830967e-02;7.894723e-02;1.677903e-01;5.759549e-02;6.732608e-02;2.058539e-01;1.059741e-01;8.301872e-02;2.879526e-02;2.872363e-02;7.594440e-02
3.172909e-02;1.070718e-01;1.066915e-01;1.125694e-01;8.907026e-02;8.801331e-02;1.386632e-01;1.159087e-01;5.182428e-02;3.320820e-02;3.203103e-02;9.321918e-02
4.338549e-02;1.109873e-01;9.962364e-02;8.169568e-02;8.886881e-02;8.120111e-02;8.046091e-02;1.412457e-01;1.135719e-01;3.773842e-02;5.309797e-02;6.812305e-02
3.125444e-02;1.044963e-01;8.540571e-02;1.064151e-01;7.553283e-02;9.439041e-02;6.633975e-02;1.471132e-01;1.746714e-01;3.822977e-02;4.477289e-02;3.137818e-02
2.297085e-02;1.108950e-01;7.000893e-02;1.428043e-01;6.884082e-02;1.239109e-01;8.371203e-02;1.095271e-01;1.549500e-01;3.663550e-02;3.910825e-02;3.663626e-02
2.569917e-02;1.339210e-01;6.252444e-02;1.307150e-01;4.432697e-02;1.548252e-01;7.959693e-02;1.309260e-01;1.196271e-01;3.890264e-02;3.908302e-02;3.985248e-02
2.655254e-02;1.318014e-01;3.748155e-02;1.326477e-01;6.376540e-02;1.587340e-01;6.565463e-02;1.112930e-01;1.525051e-01;6.296032e-02;3.387626e-02;2.272804e-02
2.349080e-02;7.107691e-02;4.265990e-02;1.015021e-01;6.134746e-02;1.581431e-01;1.373446e-01;1.367081e-01;1.467693e-01;8.360591e-02;2.295887e-02;1.439291e-02
1.147169e-02;2.026953e-02;5.020559e-02;5.494254e-02;7.670505e-02;1.240125e-01;1.717021e-01;2.701418e-01;1.191311e-01;7.244263e-02;1.440311e-02;1.457229e-02
1.313315e-02;2.101918e-02;6.860951e-02;4.918256e-02;1.076493e-01;1.077107e-01;1.201346e-01;2.787830e-01;1.547619e-01;5.486318e-02;9.638106e-03;1.451485e-02
2.113182e-02;3.177722e-02;9.435570e-02;3.534535e-02;9.609323e-02;9.525967e-02;1.957793e-01;1.717486e-01;1.563168e-01;7.420479e-02;1.360165e-02;1.438587e-02
3.802915e-02;8.467764e-02;1.112088e-01;3.083137e-02;5.335863e-02;1.039339e-01;1.776333e-01;1.025210e-01;1.617464e-01;9.907018e-02;1.976487e-02;1.722469e-02
3.607296e-02;9.171265e-02;9.456641e-02;4.505192e-02;5.373346e-02;1.078461e-01;6.840994e-02;1.698626e-01;2.124960e-01;6.814911e-02;2.313696e-02;2.896191e-02
4.002780e-02;8.029214e-02;5.942864e-02;3.755936e-02;3.515426e-02;1.083424e-01;3.569845e-02;2.205508e-01;2.771232e-01;5.101345e-02;2.741458e-02;2.739490e-02
2.413469e-02;6.666932e-02;3.553554e-02;3.886216e-02;2.846917e-02;7.886440e-02;4.746122e-02;2.184840e-01;3.487327e-01;5.528732e-02;3.214591e-02;2.535354e-02
2.207282e-02;9.836218e-02;3.799932e-02;4.481258e-02;3.197446e-02;6.787975e-02;4.179208e-02;1.980544e-01;3.471449e-01;5.336365e-02;3.158970e-02;2.495409e-02
2.229262e-02;1.250865e-01;6.932998e-02;4.005657e-02;3.593121e-02;6.707419e-02;3.977778e-02;2.105832e-01;2.885777e-01;4.675608e-02;3.348317e-02;2.105105e-02
2.655097e-02;1.245079e-01;5.506458e-02;3.055628e-02;6.365091e-02;9.114492e-02;6.848247e-02;1.842156e-01;2.439603e-01;3.859422e-02;3.457120e-02;3.870076e-02
3.536671e-02;1.178228e-01;7.002593e-02;3.317991e-02;8.501821e-02;9.338783e-02;6.946854e-02;1.529812e-01;2.394283e-01;3.036720e-02;2.952921e-02;4.342421e-02
3.502924e-02;9.779219e-02;7.067473e-02;5.204354e-02;6.187329e-02;1.026594e-01;5.366097e-02;2.213267e-01;1.873134e-01;5.110742e-02;3.741534e-02;2.910377e-02
1.934056e-02;1.060034e-01;1.155109e-01;2.881693e-02;4.466351e-02;1.064495e-01;6.450644e-02;2.322207e-01;1.476567e-01;7.609767e-02;3.973668e-02;1.899698e-02
2.104987e-02;1.047744e-01;1.303489e-01;2.931025e-02;2.942508e-02;9.654615e-02;8.819350e-02;1.682276e-01;1.587788e-01;1.069277e-01;4.089374e-02;2.552404e-02
2.904925e-02;7.886213e-02;1.195258e-01;4.961964e-02;1.537802e-02;6.562407e-02;9.586665e-02;1.896660e-01;1.889182e-01;1.191502e-01;2.985946e-02;1.848059e-02
2.050372e-02;9.215040e-02;1.095837e-01;4.218811e-02;1.886437e-02;5.871628e-02;1.065543e-01;2.068732e-01;2.147595e-01;1.016763e-01;1.863558e-02;9.494487e-03
1.534516e-02;1.060044e-01;8.092870e-02;4.787686e-02;2.789684e-02;1.104948e-01;9.282117e-02;2.265426e-01;1.552008e-01;1.038092e-01;1.818340e-02;1.489608e-02
2.567287e-02;1.476747e-01;1.305677e-01;3.634990e-02;6.519250e-02;1.569783e-01;3.995986e-02;2.032335e-01;1.077437e-01;5.588111e-02;1.202183e-02;1.872410e-02
4.067538e-02;1.708865e-01;1.583183e-01;4.477531e-02;9.473084e-02;1.646676e-01;4.082171e-02;1.627998e-01;6.467897e-02;2.265919e-02;8.005583e-03;2.698075e-02
5.262114e-02;1.851275e-01;1.278672e-01;6.798084e-02;9.307115e-02;1.385786e-01;4.410385e-02;1.359189e-01;8.216756e-02;1.513042e-02;6.013304e-03;5.141942e-02
5.517973e-02;1.692117e-01;7.122703e-02;9.987263e-02;6.682869e-02;1.198089e-01;4.877068e-02;1.199613e-01;1.146801e-01;2.187110e-02;2.378852e-02;8.879968e-02
3.673039e-02;1.039033e-01;1.189014e-01;8.687344e-02;6.651640e-02;1.123051e-01;7.880708e-02;1.017273e-01;1.004074e-01;3.224203e-02;5.680397e-02;1.047821e-01
2.597284e-02;6.509320e-02;1.181021e-01;1.204921e-01;6.175580e-02;9.487975e-02;1.375865e-01;6.905086e-02;1.048453e-01;4.766812e-02;6.030391e-02;9.424944e-02
2.991619e-02;8.663135e-02;6.308735e-02;1.854096e-01;4.680388e-02;6.829780e-02;1.515747e-01;6.529546e-02;6.211308e-02;8.930426e-02;3.451367e-02;1.170526e-01
4.202928e-02;9.392022e-02;4.307093e-02;2.481146e-01;2.587819e-02;5.073660e-02;1.531323e-01;5.665981e-02;2.425371e-02;1.371851e-01;1.245475e-02;1.125645e-01
5.564772e-02;1.050068e-01;3.463023e-02;2.601737e-01;1.529069e-02;3.241009e-02;1.475192e-01;6.303513e-02;1.525693e-02;1.701034e-01;1.877970e-02;8.214644e-02
5.351249e-02;1.048236e-01;2.728384e-02;2.492841e-01;2.020553e-02;4.368398e-02;1.498889e-01;6.687079e-02;1.339641e-02;1.517061e-01;1.070493e-02;1.086393e-01
3.879426e-02;1.034371e-01;1.973700e-02;2.523100e-01;2.325070e-02;3.670034e-02;1.597733e-01;6.160463e-02;6.120717e-03;1.034728e-01;1.345969e-02;1.813394e-01
2.547512e-02;1.159119e-01;1.752138e-02;2.202103e-01;2.547511e-02;4.090454e-02;1.719233e-01;4.887614e-02;7.240688e-03;5.548593e-02;1.489830e-02;2.560774e-01
2.496979e-02;1.389360e-01;2.709982e-02;1.602234e-01;3.111900e-02;3.968530e-02;1.807852e-01;4.215071e-02;8.501305e-03;3.520951e-02;1.904931e-02;2.922708e-01
3.540764e-02;1.503574e-01;2.802468e-02;1.039734e-01;3.521244e-02;3.922543e-02;1.859191e-01;5.782782e-02;1.571381e-02;3.283984e-02;3.242047e-02;2.830780e-01
4.537525e-02;1.271322e-01;4.569345e-02;8.342657e-02;3.794309e-02;7.979640e-02;1.525022e-01;7.889923e-02;5.130606e-02;4.477132e-02;5.699477e-02;1.961595e-01
5.307553e-02;9.728669e-02;5.961028e-02;1.033261e-01;4.713827e-02;9.098655e-02;9.980480e-02;9.799980e-02;1.007662e-01;5.379631e-02;6.729215e-02;1.289172e-01
5.529689e-02;1.255909e-01;6.003905e-02;8.200215e-02;4.372164e-02;5.719348e-02;8.394821e-02;6.626514e-02;1.297143e-01;8.062990e-02;4.232173e-02;1.732766e-01
5.820737e-02;1.309579e-01;7.023051e-02;1.038669e-01;3.803199e-02;4.993169e-02;8.224890e-02;7.693182e-02;9.550217e-02;1.037731e-01;3.533244e-02;1.549852e-01
3.615711e-02;7.985179e-02;6.057621e-02;1.486611e-01;3.577897e-02;8.770064e-02;8.991567e-02;1.294779e-01;9.952205e-02;8.486164e-02;2.338520e-02;1.241116e-01
2.758572e-02;5.744032e-02;6.271955e-02;1.577569e-01;3.406798e-02;1.073057e-01;9.744540e-02;1.285085e-01;1.284261e-01;8.500964e-02;2.220840e-02;9.152581e-02
3.559946e-02;6.411695e-02;5.685864e-02;1.052046e-01;6.954160e-02;1.108337e-01;1.092746e-01;1.142542e-01;1.405315e-01;1.051484e-01;2.252137e-02;6.611511e-02
4.070728e-02;1.155385e-01;6.616112e-02;6.414886e-02;8.353238e-02;1.320815e-01;1.130579e-01;1.207269e-01;1.044114e-01;6.203343e-02;3.366323e-02;6.393756e-02
4.090648e-02;8.685860e-02;9.112942e-02;5.517682e-02;7.672187e-02;1.933820e-01;1.511120e-01;6.958436e-02;8.843694e-02;3.469209e-02;6.006568e-02;5.193385e-02
4.053351e-02;5.270701e-02;9.497570e-02;4.008151e-02;6.578053e-02;2.774795e-01;1.349500e-01;4.797356e-02;9.437139e-02;2.311397e-02;8.824471e-02;3.978870e-02
3.383739e-02;3.608976e-02;8.372334e-02;2.336546e-02;5.967737e-02;3.744361e-01;9.610984e-02;3.667052e-02;9.441248e-02;2.101386e-02;1.093306e-01;3.133333e-02
2.346619e-02;5.171445e-02;6.402223e-02;2.830874e-02;1.018802e-01;3.875661e-01;4.215052e-02;6.168163e-02;6.825764e-02;4.225450e-02;9.821837e-02;3.047940e-02
1.032044e-02;8.108111e-02;3.310303e-02;6.219189e-02;1.799131e-01;2.820562e-01;2.644012e-02;8.402966e-02;5.329761e-02;8.979619e-02;4.966512e-02;4.810543e-02
1.885396e-02;7.704917e-02;2.538465e-02;1.087031e-01;2.084578e-01;1.662915e-01;3.168787e-02;7.938423e-02;8.075055e-02;1.231060e-01;1.853674e-02;6.179436e-02
3.490017e-02;4.582622e-02;4.734744e-02;1.596613e-01;1.504672e-01;9.189103e-02;5.769226e-02;8.635676e-02;1.371839e-01;9.115866e-02;4.860703e-02;4.890811e-02
4.937308e-02;3.338839e-02;7.198922e-02;1.730973e-01;9.096858e-02;5.991080e-02;5.927413e-02;1.360099e-01;1.836412e-01;3.223147e-02;8.767927e-02;2.243662e-02
4.003076e-02;4.200641e-02;1.209577e-01;1.344308e-01;5.526844e-02;7.911398e-02;4.426008e-02;1.980608e-01;1.624466e-01;1.882996e-02;8.264764e-02;2.194681e-02
1.312372e-02;8.284546e-02;1.637163e-01;7.737130e-02;2.883939e-02;1.407656e-01;3.788403e-02;2.570720e-01;9.682587e-02;3.229323e-02;4.138318e-02;2.787983e-02
6.505720e-03;1.042279e-01;1.070644e-01;7.247160e-02;9.209258e-02;2.123159e-01;3.483629e-02;2.194226e-01;5.623681e-02;3.177987e-02;2.883436e-02;3.421186e-02
1.804030e-02;9.755723e-02;3.319376e-02;1.068396e-01;8.327542e-02;2.800319e-01;6.021142e-02;1.696519e-01;6.307085e-02;2.953175e-02;3.422367e-02;2.437211e-02
1.844146e-02;8.176951e-02;6.952676e-02;8.768708e-02;1.239054e-01;3.028977e-01;8.509197e-02;7.366219e-02;7.408983e-02;3.460880e-02;3.331215e-02;1.500720e-02
1.509725e-02;5.406760e-02;5.591445e-02;6.742886e-02;1.891208e-01;2.838693e-01;8.108949e-02;8.729154e-02;7.728160e-02;4.568565e-02;3.108821e-02;1.206527e-02
1.879789e-02;4.050168e-02;4.413137e-02;1.208087e-01;1.671069e-01;2.373405e-01;6.793419e-02;1.181034e-01;1.033642e-01;4.443772e-02;2.479637e-02;1.267705e-02
3.325997e-02;6.723039e-02;7.497483e-02;1.074220e-01;9.903819e-02;2.009795e-01;9.091665e-02;1.013450e-01;1.122039e-01;6.171605e-02;3.675313e-02;1.416040e-02
5.500959e-02;8.637260e-02;8.920731e-02;5.673076e-02;5.908165e-02;2.821341e-01;4.732902e-02;1.651941e-01;7.580458e-02;4.349288e-02;2.220940e-02;1.743402e-02
6.350940e-02;1.308152e-01;8.298057e-02;7.423052e-02;5.618149e-02;2.585592e-01;4.298844e-02;1.804760e-01;5.436253e-02;2.814883e-02;1.106741e-02;1.668050e-02
8.226638e-02;1.224833e-01;7.774472e-02;7.999751e-02;4.710558e-02;2.836176e-01;6.859072e-02;1.408569e-01;4.502221e-02;2.620026e-02;1.121445e-02;1.490033e-02
8.772458e-02;8.147287e-02;9.636978e-02;6.143598e-02;4.509477e-02;3.006654e-01;8.976704e-02;1.313038e-01;5.428636e-02;1.992435e-02;1.462263e-02;1.733239e-02
6.775358e-02;1.195796e-01;1.265704e-01;4.570790e-02;5.479767e-02;2.928701e-01;7.513455e-02;1.010231e-01;5.933177e-02;1.445923e-02;2.374915e-02;1.902296e-02
4.536837e-02;1.462125e-01;1.846941e-01;6.464719e-02;5.687094e-02;2.708718e-01;3.782964e-02;7.084181e-02;4.976732e-02;1.097106e-02;3.341534e-02;2.850997e-02
4.350241e-02;8.829076e-02;2.248824e-01;1.105316e-01;6.075898e-02;2.523348e-01;3.271402e-02;6.309250e-02;4.121168e-02;8.638512e-03;2.258752e-02;5.145484e-02
4.330699e-02;5.864336e-02;1.852102e-01;1.219593e-01;8.973770e-02;2.535098e-01;5.042016e-02;6.467451e-02;2.927984e-02;5.648747e-03;1.272411e-02;8.488531e-02
6.802383e-02;6.587112e-02;1.114280e-01;1.076906e-01;1.147471e-01;2.640449e-01;4.607306e-02;6.764153e-02;2.839587e-02;9.228748e-03;1.575602e-02;1.010993e-01
9.583255e-02;1.652717e-01;9.281341e-02;8.152261e-02;1.018331e-01;1.918512e-01;2.912280e-02;6.949101e-02;3.277214e-02;1.938765e-02;3.590557e-02;8.419625e-02
6.418215e-02;2.346030e-01;1.398504e-01;1.007228e-01;8.321549e-02;7.956151e-02;3.708692e-02;7.440743e-02;3.868328e-02;2.017068e-02;6.151647e-02;6.599984e-02
3.682993e-02;1.878141e-01;1.678446e-01;1.143168e-01;7.746486e-02;1.261217e-01;6.059737e-02;4.657568e-02;2.945303e-02;1.607066e-02;7.941660e-02;5.749460e-02
2.837635e-02;1.309186e-01;1.880932e-01;1.119507e-01;6.451655e-02;1.414848e-01;8.559660e-02;5.179554e-02;4.119899e-02;1.969934e-02;8.091879e-02;5.545054e-02
4.849174e-02;1.050502e-01;1.968334e-01;1.073957e-01;6.075559e-02;9.896793e-02;7.084683e-02;7.093203e-02;7.784406e-02;2.804539e-02;7.330872e-02;6.152844e-02
8.425253e-02;8.594350e-02;1.618754e-01;9.403162e-02;5.577390e-02;1.375414e-01;4.911162e-02;9.617028e-02;9.504082e-02;3.118221e-02;4.793383e-02;6.114295e-02
6.539112e-02;7.640734e-02;9.045888e-02;8.739746e-02;7.635003e-02;2.249167e-01;5.165846e-02;1.356192e-01;6.312615e-02;3.208715e-02;4.523019e-02;5.135733e-02
4.350496e-02;8.376276e-02;7.545406e-02;9.198477e-02;8.998019e-02;2.093186e-01;6.291571e-02;1.301490e-01;1.039085e-01;2.894092e-02;3.147306e-02;4.860754e-02
4.247081e-02;6.602713e-02;6.492557e-02;8.364195e-02;7.580103e-02;3.175127e-01;4.482176e-02;1.150740e-01;9.317358e-02;3.083025e-02;2.357573e-02;4.214549e-02
7.089801e-02;7.767317e-02;8.309271e-02;6.559052e-02;3.141790e-02;3.732208e-01;2.486362e-02;1.269093e-01;8.174507e-02;2.228969e-02;1.968215e-02;2.261700e-02
6.221012e-02;9.106237e-02;8.881974e-02;5.286502e-02;2.934426e-02;4.072970e-01;3.511430e-02;1.108064e-01;6.010371e-02;1.896377e-02;2.591312e-02;1.750010e-02
3.917990e-02;1.080904e-01;8.892091e-02;4.006908e-02;3.386650e-02;3.744512e-01;3.609488e-02;1.093754e-01;9.206449e-02;2.211189e-02;2.780794e-02;2.796745e-02
