8.414360e-02;3.885711e-02;2.351845e-01;6.626716e-02;8.210739e-02;3.988177e-02;9.805105e-02;4.269929e-02;6.736532e-02;7.200983e-02;9.863213e-02;7.480085e-02
1.146742e-01;7.796460e-02;2.282982e-01;4.151332e-02;7.905914e-02;5.596653e-02;1.171242e-01;3.934557e-02;3.932852e-02;5.831626e-02;7.618635e-02;7.222302e-02
1.473928e-01;1.201369e-01;1.517823e-01;2.306824e-02;6.409504e-02;5.700201e-02;9.216984e-02;7.828528e-02;8.000720e-02;5.442395e-02;6.120145e-02;7.043496e-02
1.734169e-01;1.312211e-01;1.077429e-01;2.015383e-02;6.817036e-02;4.015025e-02;1.164377e-01;8.694442e-02;8.995530e-02;5.164231e-02;7.319292e-02;4.097206e-02
1.484070e-01;1.453827e-01;1.268347e-01;2.225257e-02;6.292269e-02;4.569848e-02;9.880391e-02;6.688786e-02;9.058866e-02;6.252310e-02;9.257631e-02;3.712202e-02
1.158039e-01;1.596944e-01;1.240550e-01;2.494053e-02;5.393621e-02;5.292654e-02;9.735710e-02;8.370363e-02;8.047595e-02;6.306113e-02;8.693182e-02;5.711374e-02
9.600404e-02;1.706839e-01;1.293653e-01;3.135595e-02;5.234548e-02;4.976939e-02;1.060876e-01;1.048382e-01;7.209403e-02;5.885549e-02;7.780864e-02;5.079205e-02
1.194674e-01;1.383934e-01;1.132149e-01;4.645538e-02;6.020245e-02;5.306979e-02;1.525109e-01;1.083848e-01;5.403499e-02;4.619572e-02;6.904067e-02;3.902957e-02
1.411346e-01;9.215740e-02;8.831766e-02;5.785885e-02;9.040844e-02;5.801730e-02;1.980133e-01;9.047487e-02;5.486669e-02;3.565749e-02;6.455713e-02;2.853623e-02
1.536108e-01;7.724596e-02;8.566317e-02;4.555949e-02;1.043238e-01;6.303951e-02;2.003269e-01;9.787881e-02;5.279022e-02;3.642185e-02;6.352627e-02;1.961334e-02
1.557951e-01;7.672611e-02;1.143381e-01;2.985719e-02;1.044876e-01;5.826078e-02;1.695786e-01;1.307276e-01;4.463195e-02;3.449265e-02;6.172206e-02;1.938227e-02
1.691414e-01;8.590697e-02;1.134181e-01;3.567984e-02;1.011325e-01;5.162963e-02;1.596566e-01;1.415091e-01;4.265964e-02;3.257604e-02;3.897660e-02;2.771351e-02
1.584381e-01;8.568948e-02;1.062927e-01;4.232059e-02;1.034306e-01;5.298878e-02;1.778931e-01;1.246324e-01;4.899500e-02;4.362267e-02;3.303226e-02;2.266433e-02
1.406596e-01;5.447814e-02;8.685323e-02;6.672274e-02;1.001826e-01;5.954975e-02;1.973311e-01;1.114104e-01;5.620502e-02;5.515703e-02;4.102060e-02;3.042984e-02
1.288580e-01;4.662122e-02;8.299330e-02;8.908460e-02;1.044203e-01;8.033219e-02;1.972598e-01;6.934962e-02;7.619224e-02;5.531651e-02;2.822325e-02;4.134898e-02
1.308763e-01;5.117441e-02;8.542179e-02;9.852245e-02;1.264520e-01;9.091455e-02;1.711378e-01;5.877265e-02;7.974332e-02;4.944696e-02;1.897614e-02;3.856164e-02
1.417599e-01;7.961916e-02;9.019512e-02;6.691796e-02;1.152709e-01;8.675661e-02;9.622159e-02;7.940278e-02;1.246358e-01;7.020496e-02;2.402055e-02;2.499472e-02
8.277865e-02;8.937494e-02;1.591745e-01;6.810793e-02;1.060106e-01;1.097789e-01;6.200233e-02;7.706078e-02;1.241869e-01;6.391374e-02;3.218542e-02;2.542527e-02
3.249500e-02;5.846475e-02;2.591750e-01;4.201558e-02;8.003999e-02;9.552637e-02;8.500066e-02;7.934929e-02;1.128512e-01;7.527252e-02;4.503481e-02;3.477488e-02
3.325271e-02;5.208972e-02;3.264581e-01;3.670868e-02;6.724997e-02;6.096293e-02;9.401844e-02;6.178011e-02;1.052648e-01;8.658605e-02;4.231979e-02;3.330871e-02
3.383704e-02;4.298693e-02;3.811100e-01;4.558450e-02;7.856072e-02;4.216217e-02;9.075198e-02;3.989135e-02;9.120087e-02;1.066463e-01;3.268164e-02;1.458644e-02
3.557808e-02;2.952902e-02;4.326762e-01;5.796322e-02;8.144976e-02;3.610529e-02;1.001789e-01;3.348920e-02;4.203770e-02;1.184141e-01;2.884792e-02;3.730677e-03
4.050757e-02;2.525488e-02;4.869635e-01;4.909017e-02;5.890784e-02;3.040684e-02;1.075241e-01;3.970658e-02;1.154998e-02;1.218097e-01;2.335386e-02;4.924952e-03
4.936367e-02;2.667105e-02;4.886008e-01;4.878724e-02;3.249662e-02;2.464906e-02;1.084426e-01;6.640057e-02;1.591439e-02;1.086664e-01;2.557300e-02;4.434479e-03
4.757743e-02;3.423364e-02;4.855180e-01;4.799615e-02;3.251408e-02;2.461300e-02;1.064373e-01;5.700071e-02;2.114007e-02;1.008763e-01;2.833655e-02;1.375686e-02
5.449639e-02;7.003116e-02;4.525851e-01;3.776775e-02;3.508798e-02;3.316897e-02;1.015536e-01;3.803724e-02;2.932512e-02;8.609907e-02;2.868029e-02;3.316744e-02
7.682563e-02;9.980323e-02;3.805913e-01;3.985583e-02;3.759853e-02;3.597480e-02;1.041132e-01;4.535124e-02;4.532798e-02;5.381908e-02;2.363101e-02;5.710819e-02
8.473064e-02;8.457454e-02;3.493471e-01;4.857647e-02;3.702827e-02;3.040705e-02;1.142963e-01;3.636713e-02;3.832110e-02;6.553563e-02;4.882115e-02;6.199459e-02
3.855413e-02;6.371795e-02;4.091752e-01;3.776404e-02;3.546146e-02;3.236521e-02;1.067461e-01;2.901470e-02;3.023169e-02;1.234234e-01;4.326751e-02;5.027865e-02
2.132596e-02;4.520271e-02;4.073353e-01;4.850166e-02;3.835904e-02;4.600362e-02;1.252082e-01;3.477653e-02;3.329716e-02;1.379134e-01;2.381496e-02;3.826143e-02
3.883053e-02;6.052259e-02;3.853406e-01;5.740272e-02;6.420986e-02;3.918267e-02;1.072917e-01;2.633983e-02;3.443369e-02;1.210883e-01;3.040075e-02;3.495675e-02
4.059836e-02;7.643742e-02;3.542656e-01;5.338104e-02;7.532700e-02;3.220770e-02;9.546710e-02;3.442805e-02;3.531178e-02;1.258061e-01;3.769854e-02;3.907127e-02
6.872194e-02;5.459264e-02;3.012377e-01;7.019924e-02;6.618780e-02;3.561366e-02;9.158993e-02;3.980031e-02;2.884875e-02;1.457191e-01;5.476528e-02;4.272369e-02
7.662307e-02;1.896408e-02;3.330673e-01;5.957433e-02;6.522560e-02;4.172683e-02;6.950507e-02;1.782462e-02;5.014767e-02;1.607938e-01;5.007049e-02;5.647723e-02
8.772902e-02;6.860427e-02;1.811120e-01;6.529821e-02;8.607478e-02;7.767339e-02;9.302106e-02;5.266704e-02;5.257205e-02;1.018073e-01;7.469954e-02;5.874132e-02
9.611532e-02;6.698859e-02;1.085390e-01;6.789366e-02;1.186249e-01;8.828753e-02;1.028612e-01;6.195149e-02;6.879596e-02;6.368268e-02;9.008192e-02;6.617780e-02
1.305288e-01;5.757606e-02;1.440186e-01;6.470119e-02;1.234615e-01;9.273999e-02;9.928089e-02;5.273654e-02;5.950939e-02;3.648802e-02;7.899490e-02;5.996414e-02
1.399135e-01;6.610359e-02;1.182804e-01;8.546864e-02;1.766521e-01;1.114837e-01;9.542156e-02;4.308090e-02;4.010677e-02;3.143419e-02;3.768545e-02;5.436911e-02
1.220288e-01;8.853740e-02;1.518342e-01;8.602350e-02;1.826620e-01;1.115244e-01;8.285169e-02;4.430127e-02;3.176697e-02;3.284196e-02;2.734355e-02;3.828418e-02
9.782916e-02;9.748403e-02;2.213908e-01;7.062167e-02;1.618384e-01;9.992622e-02;7.826861e-02;4.913155e-02;1.980097e-02;3.945293e-02;2.812905e-02;3.612662e-02
7.613638e-02;1.378311e-01;2.186374e-01;3.488834e-02;1.141562e-01;1.438911e-01;1.015656e-01;4.446258e-02;3.610894e-02;3.654055e-02;1.955922e-02;3.622258e-02
8.655360e-02;1.705065e-01;1.672124e-01;5.268484e-02;9.810381e-02;1.940024e-01;9.329699e-02;2.337069e-02;5.064727e-02;2.413913e-02;9.964251e-03;2.951803e-02
1.078683e-01;2.187837e-01;1.396549e-01;6.684067e-02;8.334453e-02;1.683230e-01;5.642014e-02;3.753954e-02;6.105701e-02;2.059289e-02;1.590198e-02;2.367331e-02
1.533016e-01;2.417508e-01;1.359145e-01;5.619316e-02;5.688744e-02;8.750899e-02;7.400505e-02;6.093368e-02;6.637923e-02;2.645993e-02;2.318216e-02;1.748343e-02
2.165871e-01;1.968812e-01;9.010693e-02;2.846029e-02;4.320610e-02;1.063989e-01;1.465456e-01;4.988819e-02;4.698505e-02;2.584657e-02;3.495517e-02;1.413894e-02
2.486131e-01;1.585983e-01;5.385153e-02;2.218329e-02;5.589901e-02;1.340237e-01;1.470479e-01;4.323739e-02;3.873527e-02;1.956474e-02;4.039404e-02;3.785173e-02
2.344403e-01;1.405942e-01;5.727252e-02;3.587154e-02;7.651406e-02;1.334588e-01;1.312057e-01;3.819720e-02;3.914462e-02;1.915287e-02;4.205065e-02;5.209754e-02
1.713234e-01;1.362747e-01;8.639031e-02;5.322922e-02;7.928520e-02;1.040325e-01;1.587227e-01;3.078624e-02;3.531152e-02;2.576428e-02;5.020298e-02;6.867689e-02
1.018318e-01;1.289917e-01;1.246808e-01;5.478317e-02;8.789879e-02;1.098429e-01;1.423957e-01;5.384757e-02;5.903871e-02;3.007082e-02;6.455727e-02;4.206071e-02
1.126280e-01;1.104228e-01;1.347554e-01;4.378926e-02;9.171194e-02;1.379400e-01;1.169248e-01;6.746686e-02;6.020495e-02;3.297318e-02;6.005334e-02;3.112945e-02
1.168137e-01;9.317376e-02;1.173300e-01;5.203481e-02;1.260355e-01;1.571847e-01;9.947807e-02;7.860369e-02;4.283759e-02;1.727650e-02;6.760270e-02;3.162885e-02
1.200081e-01;6.918249e-02;8.207031e-02;5.000743e-02;1.680741e-01;1.513135e-01;5.392841e-02;1.174624e-01;6.285429e-02;2.263965e-02;7.518065e-02;2.727856e-02
1.127494e-01;4.512128e-02;8.580323e-02;5.627060e-02;1.896757e-01;1.002249e-01;4.282515e-02;1.700902e-01;7.972571e-02;2.691335e-02;7.361378e-02;1.698665e-02
1.065718e-01;3.637525e-02;9.485872e-02;5.603417e-02;1.867001e-01;6.328566e-02;5.602688e-02;2.049522e-01;7.802083e-02;3.792163e-02;6.796844e-02;1.128441e-02
1.068164e-01;3.660822e-02;8.652602e-02;5.263784e-02;1.706513e-01;5.460278e-02;7.401957e-02;2.103323e-01;5.851997e-02;3.485246e-02;1.001900e-01;1.424316e-02
9.522492e-02;3.301524e-02;7.069035e-02;3.973308e-02;1.547853e-01;7.595591e-02;6.577055e-02;1.784926e-01;7.528911e-02;2.820013e-02;1.594565e-01;2.338630e-02
6.708498e-02;3.469726e-02;4.700867e-02;2.966889e-02;1.232329e-01;1.000192e-01;1.128582e-01;1.333669e-01;1.047160e-01;2.565053e-02;1.939585e-01;2.773786e-02
4.513165e-02;5.559174e-02;4.318507e-02;4.379448e-02;8.741853e-02;9.563175e-02;1.219115e-01;9.742643e-02;1.890165e-01;1.897549e-02;1.623646e-01;3.955236e-02
3.672719e-02;8.578347e-02;4.029971e-02;6.065279e-02;6.125937e-02;1.155928e-01;8.643830e-02;5.795293e-02;2.776088e-01;1.481175e-02;7.952821e-02;8.334466e-02
3.339011e-02;9.960800e-02;4.768439e-02;5.631142e-02;4.361493e-02;1.548835e-01;3.113145e-02;2.829451e-02;3.123138e-01;1.614500e-02;4.284465e-02;1.337782e-01
2.536295e-02;9.004810e-02;5.748278e-02;3.182876e-02;3.252325e-02;1.491421e-01;5.181969e-02;4.356275e-02;2.699223e-01;4.750957e-02;3.172459e-02;1.690731e-01
2.297597e-02;7.615898e-02;8.055597e-02;1.811028e-02;2.672426e-02;1.341018e-01;8.617415e-02;4.995285e-02;2.048740e-01;6.757078e-02;3.012632e-02;2.026746e-01
3.104965e-02;5.066616e-02;1.204386e-01;1.653248e-02;4.326680e-02;1.114549e-01;1.191249e-01;3.338475e-02;1.127239e-01;1.391386e-01;3.301634e-02;1.892030e-01
5.482617e-02;2.755679e-02;1.580430e-01;2.288717e-02;6.658488e-02;8.612642e-02;1.547442e-01;1.417457e-02;6.598799e-02;2.110375e-01;2.406334e-02;1.139680e-01
6.117025e-02;2.900141e-02;1.639830e-01;2.392210e-02;6.767218e-02;7.932292e-02;1.972225e-01;2.505661e-02;3.579617e-02;2.517620e-01;1.939698e-02;4.569386e-02
6.363074e-02;2.058240e-02;1.580050e-01;2.294564e-02;5.673879e-02;6.564356e-02;2.233252e-01;4.077035e-02;3.441959e-02;2.799422e-01;2.377356e-02;1.022305e-02
4.950407e-02;1.307998e-02;1.418586e-01;2.033708e-02;4.102968e-02;3.989442e-02;2.237946e-01;6.996432e-02;3.935148e-02;2.820885e-01;6.687921e-02;1.221819e-02
4.361203e-02;1.384524e-02;1.199766e-01;3.947288e-02;3.158793e-02;2.307864e-02;2.263854e-01;7.634931e-02;4.077683e-02;2.381867e-01;1.326207e-01;1.410777e-02
4.571285e-02;9.733558e-03;1.115806e-01;6.404404e-02;2.246841e-02;2.076130e-02;2.398349e-01;8.763399e-02;4.184584e-02;1.639121e-01;1.796486e-01;1.282377e-02
3.593317e-02;1.266618e-02;1.316241e-01;7.841118e-02;2.434130e-02;6.380005e-02;2.430735e-01;8.864668e-02;2.507748e-02;1.043960e-01;1.784709e-01;1.355944e-02
2.648012e-02;2.870408e-02;1.765335e-01;8.812176e-02;2.826139e-02;1.056775e-01;2.192925e-01;7.576546e-02;2.158823e-02;6.886732e-02;1.455367e-01;1.517156e-02
3.579519e-02;5.133841e-02;2.010847e-01;8.905206e-02;4.668862e-02;1.095120e-01;1.976248e-01;6.113713e-02;2.380665e-02;5.987416e-02;1.046736e-01;1.941267e-02
5.709736e-02;5.671248e-02;1.780388e-01;7.178795e-02;6.215554e-02;1.134406e-01;1.956532e-01;6.997122e-02;1.456803e-02;8.566147e-02;7.183122e-02;2.308209e-02
4.061875e-02;3.661038e-02;1.116120e-01;4.277173e-02;1.094239e-01;1.866879e-01;1.482865e-01;9.462900e-02;3.845550e-02;8.848020e-02;6.680802e-02;3.561619e-02
1.111371e-02;2.778510e-02;1.143424e-01;6.178546e-02;1.401557e-01;2.340034e-01;1.030443e-01;9.772156e-02;4.861366e-02;5.594019e-02;7.765971e-02;2.783483e-02
2.029591e-02;3.427275e-02;1.334754e-01;8.039804e-02;1.565863e-01;1.863351e-01;7.117527e-02;1.015927e-01;5.468012e-02;4.315970e-02;8.486566e-02;3.316298e-02
2.728100e-02;5.069397e-02;1.668164e-01;1.113089e-01;1.629176e-01;1.009715e-01;6.102976e-02;8.178795e-02;4.474502e-02;4.695598e-02;1.070128e-01;3.847919e-02
2.665829e-02;4.923290e-02;1.917076e-01;1.231454e-01;1.851826e-01;5.901126e-02;6.279457e-02;6.700964e-02;2.967350e-02;5.022952e-02;1.231738e-01;3.218085e-02
1.699531e-02;3.988755e-02;2.233092e-01;1.390978e-01;1.956995e-01;3.486300e-02;6.734831e-02;7.326501e-02;2.632561e-02;4.150797e-02;1.115929e-01;3.010779e-02
1.423869e-02;3.066601e-02;2.311605e-01;1.400942e-01;1.834151e-01;5.378211e-02;7.151116e-02;6.983820e-02;1.747648e-02;3.938891e-02;1.155145e-01;3.291409e-02
1.404361e-02;1.852384e-02;2.157022e-01;1.203263e-01;2.098632e-01;9.109177e-02;6.322508e-02;5.833916e-02;1.681810e-02;4.041803e-02;1.221860e-01;2.946269e-02
9.775043e-03;2.519024e-02;1.948919e-01;1.056044e-01;1.983122e-01;1.271485e-01;7.752552e-02;6.376795e-02;1.941454e-02;3.267122e-02;1.185348e-01;2.716364e-02
1.583754e-02;2.526576e-02;1.921699e-01;9.331074e-02;1.616756e-01;1.494409e-01;8.701065e-02;6.490918e-02;1.998423e-02;3.392510e-02;1.264475e-01;3.002279e-02
1.256352e-02;2.072181e-02;2.089698e-01;8.583829e-02;1.287472e-01;1.460426e-01;1.041219e-01;7.437830e-02;1.485167e-02;3.931970e-02;1.345324e-01;2.991283e-02
1.665563e-02;2.695015e-02;1.994991e-01;7.752081e-02;1.098743e-01;1.507925e-01;1.312952e-01;7.696715e-02;1.367163e-02;4.077128e-02;1.257661e-01;3.023612e-02
1.123717e-02;3.498704e-02;2.069519e-01;7.253447e-02;9.921324e-02;1.505940e-01;1.496215e-01;7.330667e-02;2.194855e-02;3.677193e-02;1.096660e-01;3.316751e-02
3.422169e-02;3.771193e-02;2.045878e-01;6.184230e-02;9.090434e-02;1.401735e-01;1.348738e-01;7.221830e-02;4.095787e-02;3.820755e-02;9.622281e-02;4.807815e-02
5.308971e-02;4.782849e-02;2.069162e-01;6.312947e-02;8.091830e-02;1.168059e-01;1.117283e-01;7.819065e-02;4.250050e-02;5.600093e-02;8.238608e-02;6.050549e-02
3.873694e-02;5.478383e-02;2.145844e-01;7.859324e-02;7.691505e-02;8.921193e-02;8.148526e-02;8.870692e-02;3.971929e-02;7.160839e-02;1.065326e-01;5.912214e-02
2.698657e-02;5.546485e-02;1.826235e-01;6.934715e-02;7.847977e-02;6.526499e-02;1.009352e-01;1.109617e-01;7.982986e-02;6.324605e-02;1.086654e-01;5.819502e-02
4.778535e-02;6.224279e-02;1.890774e-01;6.804280e-02;8.032336e-02;7.530386e-02;1.011365e-01;7.335091e-02;1.060095e-01;4.826348e-02;9.765609e-02;5.080806e-02
6.165212e-02;1.020968e-01;2.045114e-01;6.604613e-02;8.310843e-02;9.383120e-02;8.759818e-02;4.866740e-02;9.073090e-02;5.053140e-02;7.348324e-02;3.774281e-02
6.045758e-02;1.303423e-01;1.913635e-01;6.651987e-02;1.229823e-01;7.638253e-02;7.709259e-02;5.470602e-02;5.661202e-02;5.220404e-02;6.427656e-02;4.706079e-02
5.423836e-02;1.027379e-01;1.587673e-01;6.464230e-02;1.037386e-01;8.698656e-02;8.947574e-02;7.032420e-02;5.838113e-02;4.559749e-02;7.193609e-02;9.317429e-02
7.646191e-02;8.590135e-02;1.145404e-01;9.417430e-02;8.487035e-02;6.804682e-02;7.495717e-02;8.221273e-02;8.201438e-02;6.298150e-02;7.105020e-02;1.027889e-01
6.646287e-02;9.636248e-02;1.079890e-01;1.013955e-01;9.038761e-02;4.680051e-02;7.207632e-02;9.611010e-02;6.330246e-02;8.855480e-02;8.151168e-02;8.904673e-02
5.243564e-02;8.104379e-02;1.084583e-01;6.706627e-02;1.069350e-01;9.349977e-02;6.139882e-02;9.558731e-02;4.646398e-02;6.003501e-02;1.285731e-01;9.850305e-02
3.250516e-02;3.767437e-02;1.016818e-01;9.694275e-02;1.630050e-01;9.292001e-02;6.387232e-02;9.232145e-02;5.036987e-02;7.154742e-02;1.373544e-01;5.980549e-02
3.354546e-02;4.898330e-02;1.095523e-01;1.287043e-01;1.392431e-01;5.348347e-02;5.758179e-02;1.195093e-01;6.030523e-02;9.941522e-02;9.612228e-02;5.355433e-02
4.042099e-02;6.237514e-02;1.268919e-01;1.050809e-01;9.082628e-02;6.427734e-02;6.961908e-02;1.233439e-01;1.044658e-01;9.756467e-02;8.384231e-02;3.129162e-02
6.979025e-02;5.159279e-02;1.021418e-01;8.133919e-02;1.200515e-01;1.201508e-01;7.888786e-02;8.195700e-02;1.277812e-01;5.899676e-02;7.631343e-02;3.099749e-02
9.271644e-02;4.753190e-02;1.287139e-01;8.139797e-02;7.820888e-02;1.013506e-01;7.546975e-02;7.291175e-02;1.028896e-01;1.028610e-01;6.778862e-02;4.815950e-02
7.997959e-02;8.936080e-02;1.157518e-01;6.860212e-02;8.408289e-02;6.285004e-02;9.794181e-02;7.537980e-02;9.151136e-02;8.937533e-02;8.595134e-02;5.921318e-02
5.214079e-02;1.172036e-01;1.162182e-01;1.129729e-01;1.123748e-01;8.854323e-02;1.050716e-01;3.552931e-02;7.418531e-02;5.842678e-02;6.450617e-02;6.282736e-02
9.022382e-02;1.172100e-01;1.105510e-01;1.130256e-01;9.719583e-02;1.168845e-01;1.069639e-01;3.038019e-02;6.033751e-02;4.667724e-02;5.494845e-02;5.560200e-02
1.179252e-01;1.155282e-01;9.384115e-02;1.028837e-01;8.008587e-02;1.340685e-01;1.140209e-01;2.722880e-02;6.424540e-02;4.024000e-02;4.853401e-02;6.139832e-02
1.344726e-01;1.155193e-01;9.545091e-02;8.893467e-02;7.478579e-02;1.024905e-01;9.652496e-02;5.770266e-02;6.798258e-02;4.623819e-02;3.612748e-02;8.377040e-02
1.173799e-01;1.131149e-01;1.074193e-01;1.386645e-01;7.309101e-02;6.211403e-02;7.997712e-02;7.862661e-02;7.747622e-02;5.354082e-02;4.592250e-02;5.267299e-02
6.829349e-02;9.835719e-02;9.226476e-02;1.482492e-01;5.418419e-02;7.226941e-02;8.606821e-02;5.691006e-02;1.392010e-01;6.331817e-02;7.526947e-02;4.561488e-02
6.436689e-02;1.004374e-01;9.221932e-02;9.424933e-02;9.015715e-02;9.956226e-02;1.013314e-01;4.511636e-02;1.100103e-01;6.088809e-02;8.327504e-02;5.838639e-02
7.095333e-02;5.879559e-02;7.649620e-02;8.825386e-02;1.083833e-01;8.864577e-02;9.952603e-02;8.721416e-02;8.080377e-02;8.580419e-02;9.726933e-02;5.785445e-02
4.455703e-02;3.023294e-02;9.012091e-02;1.037027e-01;8.415478e-02;8.282158e-02;1.077147e-01;1.379041e-01;7.088387e-02;1.076084e-01;9.786002e-02;4.243901e-02
7.471050e-02;4.972056e-02;1.118338e-01;1.110136e-01;6.799265e-02;1.064996e-01;1.201336e-01;1.068321e-01;7.547313e-02;8.022252e-02;5.689156e-02;3.867638e-02
8.490287e-02;7.099907e-02;1.156265e-01;7.651951e-02;8.127827e-02;1.197388e-01;1.266860e-01;8.003241e-02;7.912074e-02;8.624347e-02;4.306505e-02;3.578725e-02
8.769641e-02;7.462034e-02;1.139884e-01;6.789508e-02;8.983206e-02;9.891509e-02;1.407247e-01;8.240150e-02;9.309657e-02;8.181519e-02;2.692932e-02;4.208535e-02
8.389083e-02;7.650281e-02;7.988518e-02;8.518090e-02;8.407861e-02;7.985404e-02;1.378523e-01;1.172563e-01;8.272739e-02;7.662486e-02;3.296732e-02;6.317952e-02
6.578882e-02;8.326203e-02;1.502748e-01;8.185197e-02;8.836816e-02;7.414111e-02;8.810827e-02;1.189008e-01;5.761907e-02;7.114534e-02;4.608699e-02;7.445258e-02
8.613211e-02;8.487473e-02;1.564556e-01;7.660779e-02;7.802074e-02;5.459789e-02;1.317396e-01;6.177198e-02;8.635040e-02;9.165730e-02;4.998209e-02;4.180979e-02
1.008563e-01;7.564778e-02;1.345704e-01;5.837673e-02;7.823373e-02;4.900661e-02;1.870061e-01;6.390074e-02;7.879761e-02;9.407596e-02;4.138964e-02;3.813839e-02
7.608015e-02;6.631488e-02;2.290355e-01;3.929386e-02;6.229739e-02;5.107379e-02;1.763932e-01;8.127348e-02;7.385204e-02;7.919219e-02;3.197609e-02;3.321740e-02
3.632877e-02;5.335055e-02;3.220932e-01;2.902005e-02;3.197825e-02;4.402817e-02;1.808548e-01;8.731037e-02;8.312506e-02;7.295133e-02;2.833819e-02;3.062117e-02
1.127907e-02;3.255867e-02;3.226661e-01;2.224400e-02;1.953277e-02;5.183708e-02;2.330227e-01;9.397597e-02;8.724590e-02;7.453413e-02;2.451689e-02;2.658670e-02
1.019900e-02;4.163428e-02;2.741743e-01;2.574074e-02;2.441078e-02;8.756256e-02;1.818699e-01;1.304344e-01;7.659453e-02;8.437081e-02;3.301185e-02;2.999678e-02
4.194704e-02;6.290644e-02;2.683611e-01;4.424669e-02;4.979365e-02;8.004670e-02;1.624806e-01;1.100499e-01;3.453453e-02;5.994467e-02;4.412824e-02;4.156044e-02
7.533296e-02;5.401287e-02;2.716317e-01;4.968418e-02;6.166421e-02;8.224722e-02;1.522346e-01;7.207085e-02;4.380538e-02;4.386609e-02;4.997349e-02;4.347639e-02
9.496228e-02;6.545020e-02;3.110765e-01;3.349459e-02;5.856208e-02;6.342418e-02;1.125214e-01;4.977317e-02;6.388334e-02;5.635504e-02;6.223593e-02;2.826129e-02
6.651524e-02;1.173639e-01;3.315137e-01;3.588818e-02;4.156191e-02;4.033441e-02;8.680424e-02;6.109114e-02;5.961968e-02;6.287324e-02;6.380067e-02;3.263368e-02
5.371417e-02;1.158048e-01;2.740776e-01;2.807553e-02;2.700727e-02;1.027884e-01;1.107298e-01;6.881713e-02;4.841656e-02;5.814843e-02;4.535820e-02;6.706218e-02
8.859332e-02;1.174192e-01;1.957238e-01;2.509393e-02;6.015888e-02;1.858034e-01;9.221300e-02;4.877487e-02;3.867266e-02;5.262261e-02;2.581893e-02;6.910529e-02
9.271826e-02;1.346289e-01;1.615667e-01;5.146502e-02;1.047270e-01;1.989346e-01;6.749224e-02;2.507331e-02;3.642003e-02;5.307277e-02;3.093279e-02;4.296837e-02
1.048890e-01;1.437128e-01;1.637371e-01;6.750714e-02;1.226143e-01;1.549540e-01;7.068007e-02;2.207143e-02;3.951760e-02;5.663304e-02;3.231594e-02;2.136753e-02
1.412681e-01;1.303133e-01;1.622988e-01;6.980176e-02;1.147794e-01;7.696410e-02;1.006694e-01;4.306356e-02;4.449718e-02;5.608604e-02;3.826667e-02;2.199169e-02
1.752565e-01;6.408067e-02;1.057787e-01;6.816595e-02;1.376103e-01;8.247820e-02;1.462540e-01;5.647335e-02;3.647615e-02;4.642617e-02;3.980032e-02;4.119969e-02
1.541841e-01;5.427868e-02;8.930183e-02;7.090498e-02;1.283840e-01;1.194409e-01;1.571572e-01;4.177396e-02;2.684089e-02;6.068522e-02;3.478521e-02;6.226311e-02
1.172497e-01;4.173612e-02;1.220929e-01;8.119383e-02;1.045980e-01;1.459557e-01;1.631723e-01;3.462641e-02;2.554157e-02;6.531216e-02;3.583638e-02;6.268487e-02
1.065383e-01;2.678809e-02;1.014547e-01;1.017611e-01;1.163917e-01;1.542183e-01;1.607943e-01;3.618602e-02;2.555570e-02;6.496543e-02;4.375725e-02;6.158897e-02
1.160443e-01;2.871984e-02;8.972237e-02;1.130906e-01;8.804496e-02;1.517881e-01;1.683858e-01;4.512201e-02;1.756426e-02;6.327704e-02;4.554797e-02;7.269272e-02
9.578928e-02;6.823127e-02;9.767862e-02;1.207783e-01;7.561943e-02;1.342609e-01;1.773742e-01;4.204392e-02;3.049323e-02;6.452694e-02;3.766518e-02;5.553873e-02
7.438131e-02;8.104435e-02;1.067265e-01;1.441506e-01;8.335052e-02;1.014656e-01;1.666550e-01;5.339793e-02;4.299164e-02;6.274978e-02;3.690295e-02;4.618375e-02
8.851172e-02;8.275167e-02;1.011300e-01;1.363403e-01;1.060356e-01;6.188572e-02;1.381602e-01;7.118241e-02;4.219312e-02;6.196469e-02;4.952094e-02;6.032367e-02
1.248077e-01;9.112663e-02;1.295943e-01;9.578611e-02;1.625137e-01;6.127997e-02;1.030612e-01;5.187626e-02;4.299999e-02;5.320789e-02;4.891597e-02;3.483021e-02
1.415854e-01;1.273097e-01;1.488373e-01;7.686485e-02;1.437315e-01;7.138368e-02;8.213751e-02;2.902171e-02;5.542244e-02;4.702071e-02;6.021834e-02;1.646692e-02
1.199486e-01;1.631017e-01;1.682672e-01;7.557084e-02;8.115679e-02;1.004378e-01;6.297386e-02;4.203769e-02;8.321507e-02;4.277687e-02;4.031199e-02;2.020149e-02
9.005216e-02;1.740213e-01;1.959293e-01;8.990821e-02;4.675387e-02;1.356069e-01;5.234061e-02;3.294604e-02;1.066182e-01;3.901061e-02;1.563238e-02;2.118037e-02
5.866353e-02;1.579520e-01;1.961389e-01;9.128524e-02;4.485137e-02;1.812508e-01;7.268091e-02;2.499190e-02;1.122973e-01;2.890465e-02;5.890065e-03;2.509336e-02
3.875731e-02;1.282262e-01;1.710548e-01;7.860883e-02;6.424887e-02;2.021285e-01;9.888674e-02;2.861877e-02;1.000966e-01;3.420393e-02;2.033018e-02;3.483931e-02
2.626958e-02;8.645865e-02;2.173783e-01;4.466071e-02;9.045834e-02;1.536039e-01;1.306621e-01;4.688314e-02;7.521737e-02;5.984762e-02;3.368577e-02;3.487453e-02
2.183917e-02;4.887972e-02;2.900508e-01;5.229367e-02;1.313224e-01;7.612617e-02;1.818322e-01;3.163769e-02;4.121467e-02;7.632934e-02;2.459121e-02;2.388290e-02
2.975591e-02;4.095062e-02;3.030545e-01;4.262836e-02;1.457936e-01;5.359163e-02;2.206317e-01;3.060486e-02;2.785624e-02;7.714260e-02;1.605751e-02;1.193257e-02
4.775391e-02;3.449441e-02;3.086019e-01;3.811715e-02;1.325004e-01;3.560751e-02;2.301549e-01;4.889662e-02;3.163833e-02;6.607246e-02;2.029255e-02;5.869945e-03
5.472257e-02;3.012759e-02;3.103491e-01;4.475053e-02;1.310849e-01;3.423799e-02;2.059812e-01;6.174267e-02;5.219016e-02;4.568818e-02;1.892565e-02;1.019945e-02
5.377938e-02;3.337390e-02;2.891636e-01;6.718190e-02;1.192430e-01;5.577775e-02;2.118123e-01;5.320416e-02;5.707327e-02;2.699597e-02;1.451835e-02;1.787639e-02
3.587743e-02;2.529281e-02;2.895282e-01;8.711438e-02;1.000183e-01;7.534236e-02;2.195646e-01;4.607092e-02;5.221471e-02;3.515456e-02;1.547969e-02;1.834204e-02
1.803676e-02;2.633909e-02;3.231967e-01;9.135563e-02;9.685249e-02;6.562867e-02;1.747719e-01;7.657873e-02;4.725352e-02;4.342122e-02;2.111620e-02;1.544900e-02
3.027983e-02;4.304574e-02;3.297444e-01;7.999423e-02;1.013748e-01;5.506224e-02;1.128183e-01;7.514634e-02;6.126024e-02;5.335720e-02;3.614872e-02;2.176788e-02
3.346292e-02;5.237376e-02;3.017803e-01;8.285781e-02;1.401346e-01;7.047497e-02;5.329904e-02;6.192595e-02;5.695668e-02;6.878471e-02;5.533076e-02;2.261852e-02
3.287208e-02;5.557369e-02;2.606931e-01;5.711350e-02;1.358980e-01;8.739512e-02;1.208699e-01;7.055873e-02;5.446457e-02;6.063705e-02;4.765359e-02;1.627069e-02
4.366219e-02;5.676052e-02;2.169012e-01;7.843976e-02;1.514288e-01;9.424315e-02;1.292141e-01;6.097496e-02;6.253840e-02;4.855813e-02;3.732604e-02;1.995275e-02
4.530217e-02;3.886415e-02;2.775589e-01;8.919825e-02;1.386250e-01;5.742453e-02;1.365388e-01;4.122905e-02;6.285492e-02;4.547857e-02;4.428035e-02;2.264534e-02
3.414558e-02;5.872395e-02;2.445807e-01;8.601727e-02;1.196796e-01;5.030186e-02;1.303627e-01;3.831986e-02;8.656224e-02;5.125326e-02;5.881665e-02;4.123632e-02
4.676539e-02;6.807673e-02;1.122106e-01;9.472355e-02;6.662633e-02;5.915742e-02;1.317227e-01;7.959573e-02;1.362934e-01;7.145620e-02;8.285938e-02;5.051249e-02
6.114797e-02;6.536668e-02;1.112837e-01;8.134247e-02;6.739002e-02;6.775959e-02;1.121696e-01;9.236270e-02;1.392952e-01;7.469595e-02;8.259854e-02;4.458757e-02
6.910141e-02;6.266533e-02;1.373646e-01;6.802179e-02;8.300010e-02;7.280959e-02;9.013491e-02;8.516923e-02;1.357217e-01;7.903009e-02;8.660460e-02;3.037673e-02
1.063352e-01;5.653408e-02;1.210232e-01;4.670957e-02;1.011714e-01;7.645515e-02;8.083793e-02;6.062164e-02;9.595396e-02;9.779207e-02;1.059439e-01;5.062189e-02
1.361771e-01;7.104083e-02;1.176993e-01;7.227787e-02;1.203008e-01;8.964445e-02;9.832472e-02;4.194547e-02;4.349541e-02;6.939118e-02;7.312362e-02;6.657922e-02
1.271475e-01;8.048569e-02;8.808584e-02;9.664766e-02;1.436031e-01;7.862396e-02;1.071524e-01;5.349404e-02;5.324731e-02;4.730799e-02;6.357475e-02;6.062981e-02
8.677084e-02;7.560075e-02;1.258301e-01;1.587161e-01;1.445580e-01;5.743797e-02;7.292198e-02;7.067993e-02;5.125965e-02;3.676481e-02;7.722449e-02;4.223545e-02
6.218115e-02;5.350747e-02;1.801737e-01;2.229455e-01;1.074155e-01;4.971181e-02;4.581128e-02;9.563647e-02;3.137196e-02;2.617957e-02;1.045875e-01;2.047809e-02
6.871612e-02;2.588841e-02;2.448765e-01;1.965193e-01;8.598790e-02;5.187296e-02;4.827409e-02;9.499639e-02;2.791956e-02;2.846722e-02;1.046221e-01;2.185945e-02
5.451583e-02;3.028291e-02;2.552774e-01;1.601262e-01;1.020401e-01;5.337128e-02;6.764268e-02;9.406176e-02;2.607099e-02;3.146396e-02;1.030197e-01;2.212718e-02
3.268149e-02;3.425282e-02;2.827058e-01;1.458903e-01;8.728468e-02;4.953542e-02;8.567660e-02;8.837244e-02;2.827477e-02;4.132105e-02;1.047394e-01;1.926529e-02
2.858394e-02;2.753439e-02;3.199653e-01;1.241754e-01;6.004086e-02;5.284115e-02;8.965553e-02;8.036057e-02;2.794271e-02;5.608781e-02;1.132795e-01;1.953287e-02
2.703990e-02;2.181625e-02;3.484791e-01;1.000117e-01;6.486137e-02;4.423908e-02;9.167870e-02;6.922421e-02;2.432043e-02;4.330528e-02;1.421928e-01;2.283117e-02
2.017298e-02;1.744878e-02;3.566100e-01;9.689292e-02;7.577310e-02;3.901010e-02;7.999589e-02;5.399600e-02;3.262110e-02;4.303856e-02;1.648489e-01;1.959170e-02
2.516390e-02;2.797541e-02;3.703612e-01;1.033022e-01;7.839266e-02;3.840094e-02;7.168180e-02;3.685659e-02;4.557702e-02;4.677201e-02;1.448480e-01;1.066821e-02
2.486296e-02;3.506881e-02;3.564645e-01;9.717704e-02;7.374546e-02;4.449428e-02;9.290858e-02;2.322848e-02;5.143720e-02;6.476138e-02;1.219695e-01;1.388192e-02
2.987345e-02;3.581132e-02;2.889466e-01;7.031153e-02;7.716576e-02;5.866560e-02;1.433269e-01;3.838438e-02;5.388276e-02;7.002679e-02;1.125988e-01;2.100614e-02
4.558736e-02;7.402878e-02;2.171401e-01;5.876690e-02;7.961950e-02;6.831358e-02;1.700727e-01;3.447517e-02;6.551033e-02;7.249154e-02;9.661139e-02;1.738270e-02
3.483821e-02;6.538673e-02;2.815579e-01;7.054876e-02;1.100693e-01;5.610448e-02;1.209882e-01;2.928676e-02;5.504318e-02;8.396807e-02;6.665486e-02;2.555351e-02
1.863065e-02;6.999237e-02;2.414621e-01;8.977337e-02;1.293356e-01;5.897439e-02;1.140098e-01;4.129404e-02;5.050710e-02;7.669186e-02;5.330745e-02;5.602135e-02
3.584099e-02;1.137057e-01;1.311023e-01;1.176284e-01;1.217570e-01;7.399495e-02;7.615100e-02;4.814258e-02;6.805803e-02;8.353741e-02;5.657092e-02;7.351081e-02
4.523341e-02;1.438675e-01;1.115474e-01;1.175753e-01;1.272690e-01;5.476525e-02;8.211429e-02;4.036521e-02;6.467826e-02;8.739965e-02;5.169681e-02;7.348797e-02
6.006605e-02;1.223364e-01;1.266912e-01;1.182108e-01;1.095692e-01;3.923387e-02;8.709917e-02;4.101186e-02;7.804886e-02;9.154364e-02;5.100686e-02;7.518204e-02
5.915821e-02;9.621649e-02;1.147186e-01;8.261467e-02;1.071479e-01;5.421687e-02;8.809133e-02;3.322031e-02;1.089424e-01;1.228367e-01;6.097388e-02;7.186263e-02
6.402735e-02;9.206435e-02;1.226653e-01;9.717324e-02;7.320339e-02;5.921751e-02;8.302121e-02;5.937720e-02;1.269687e-01;9.204631e-02;6.254409e-02;6.769137e-02
8.354897e-02;1.013714e-01;1.213989e-01;1.076436e-01;5.465474e-02;6.414498e-02;8.110104e-02;4.579541e-02;1.171311e-01;7.726085e-02;9.417852e-02;5.177047e-02
7.660243e-02;1.024806e-01;1.286625e-01;1.050280e-01;7.213527e-02;5.479762e-02;8.983567e-02;3.035860e-02;8.261053e-02;1.346728e-01;9.704532e-02;2.577071e-02
6.325017e-02;1.090831e-01;1.207521e-01;8.370496e-02;7.050060e-02;5.056944e-02;8.867604e-02;5.694476e-02;8.539723e-02;1.558492e-01;8.902846e-02;2.624395e-02
4.925377e-02;8.966381e-02;9.550231e-02;1.093684e-01;8.361164e-02;8.021736e-02;6.004043e-02;8.879004e-02;7.336871e-02;1.390685e-01;8.847049e-02;4.264450e-02
4.843052e-02;9.489896e-02;7.758959e-02;9.542355e-02;8.715264e-02;1.021187e-01;8.371575e-02;8.925167e-02;5.576377e-02;1.616410e-01;4.702247e-02;5.699129e-02
7.085282e-02;8.905355e-02;5.723575e-02;5.569497e-02;5.715482e-02;9.667026e-02;9.936301e-02;8.040206e-02;9.719770e-02;1.759186e-01;7.775562e-02;4.270091e-02
6.849246e-02;7.636126e-02;9.824501e-02;7.658809e-02;3.655421e-02;1.308483e-01;6.954849e-02;6.618422e-02;9.086230e-02;1.608312e-01;8.888884e-02;3.659566e-02
6.902155e-02;7.842980e-02;1.174683e-01;7.251903e-02;3.427193e-02;1.411479e-01;5.583880e-02;6.556430e-02;5.447062e-02;1.230464e-01;1.240284e-01;6.419304e-02
9.848851e-02;6.042524e-02;1.123747e-01;7.775930e-02;5.999132e-02;9.637231e-02;9.424538e-02;6.722225e-02;4.710231e-02;7.934643e-02;1.136046e-01;9.306774e-02
1.266713e-01;8.045986e-02;1.158072e-01;8.154139e-02;5.993158e-02;7.911087e-02;1.254278e-01;7.757366e-02;4.129259e-02;6.615592e-02;7.056712e-02;7.546077e-02
1.715880e-01;1.149843e-01;1.390352e-01;6.293071e-02;5.907685e-02;5.853771e-02;1.204055e-01;4.595440e-02;4.226607e-02;5.302819e-02;6.257546e-02;6.961758e-02
1.791136e-01;9.400238e-02;1.211933e-01;5.937932e-02;7.137284e-02;1.063344e-01;1.176698e-01;5.059401e-02;4.009031e-02;5.081556e-02;5.350371e-02;5.593069e-02
1.495873e-01;7.335487e-02;8.841948e-02;7.316589e-02;6.833987e-02;1.198908e-01;1.825014e-01;5.212128e-02;3.481785e-02;5.530133e-02;5.004115e-02;5.245877e-02
1.268067e-01;1.373712e-01;9.995822e-02;7.325932e-02;4.492416e-02;8.925538e-02;2.273521e-01;3.441113e-02;3.670396e-02;3.694307e-02;3.769028e-02;5.532451e-02
1.101583e-01;1.637937e-01;1.008929e-01;4.963035e-02;4.595754e-02;1.128076e-01;2.351769e-01;3.409562e-02;3.635033e-02;2.994438e-02;3.185462e-02;4.933780e-02
6.337520e-02;1.282935e-01;8.372544e-02;5.915083e-02;8.849715e-02;1.458700e-01;2.436985e-01;3.499579e-02;4.071458e-02;3.177153e-02;3.636219e-02;4.354531e-02
3.713070e-02;5.654537e-02;7.708612e-02;5.005393e-02;1.573631e-01;1.517021e-01;2.530552e-01;4.210261e-02;4.242159e-02;3.862945e-02;4.532956e-02;4.858034e-02
4.577168e-02;7.261460e-02;1.013733e-01;6.754371e-02;1.623321e-01;1.160551e-01;2.179453e-01;4.201303e-02;2.934452e-02;4.217055e-02;4.995661e-02;5.287948e-02
9.512116e-02;1.397542e-01;1.402066e-01;6.304681e-02;9.026087e-02;1.201593e-01;1.578606e-01;1.875916e-02;2.701429e-02;3.272841e-02;5.413371e-02;6.095494e-02
1.257938e-01;1.390197e-01;1.315007e-01;4.689491e-02;3.933124e-02;1.258401e-01;1.361572e-01;2.707203e-02;2.582095e-02;3.979273e-02;8.057713e-02;8.219954e-02
1.132615e-01;9.734211e-02;1.240679e-01;3.324349e-02;3.942202e-02;1.738753e-01;1.066840e-01;2.576278e-02;2.166332e-02;4.734092e-02;1.263718e-01;9.096481e-02
8.094810e-02;6.084192e-02;1.272715e-01;2.292795e-02;7.850993e-02;1.993975e-01;8.859421e-02;1.495311e-02;3.292371e-02;5.868950e-02;1.714803e-01;6.346226e-02
9.414949e-02;5.143134e-02;1.039525e-01;4.649763e-02;1.086204e-01;1.436292e-01;6.110768e-02;4.811582e-02;6.349164e-02;9.342454e-02;1.510562e-01;3.452353e-02
7.713030e-02;6.535060e-02;7.842100e-02;4.826267e-02;1.094980e-01;1.068306e-01;8.068193e-02;7.134473e-02;6.311902e-02;1.336951e-01;1.322694e-01;3.339665e-02
5.063074e-02;6.058127e-02;1.048409e-01;5.778357e-02;1.142722e-01;9.550662e-02;1.244595e-01;7.810372e-02;5.371193e-02;1.381494e-01;7.903662e-02;4.292350e-02
6.000845e-02;6.391369e-02;1.279941e-01;5.903701e-02;1.208040e-01;7.783642e-02;1.182055e-01;8.442298e-02;4.954001e-02;1.328341e-01;6.227512e-02;4.312867e-02
4.015725e-02;6.574766e-02;1.267493e-01;7.228844e-02;9.854697e-02;7.011624e-02;1.497131e-01;7.564552e-02;5.015690e-02;1.293110e-01;7.233837e-02;4.922928e-02
4.046130e-02;4.434670e-02;1.191159e-01;6.520736e-02;9.081396e-02;1.023467e-01;1.383543e-01;4.925275e-02;4.566385e-02;1.227423e-01;1.121589e-01;6.953602e-02
4.513728e-02;3.550830e-02;1.389705e-01;5.979513e-02;5.893124e-02;1.342392e-01;1.364999e-01;4.166729e-02;5.824316e-02;1.141634e-01;1.186494e-01;5.819513e-02
4.848494e-02;3.861150e-02;1.848359e-01;4.964447e-02;7.690689e-02;1.405208e-01;9.745559e-02;4.492209e-02;8.165918e-02;1.017613e-01;1.001166e-01;3.508078e-02
5.258346e-02;3.928225e-02;1.868534e-01;3.735030e-02;8.684513e-02;1.391379e-01;5.573392e-02;4.136501e-02;9.457938e-02;1.160457e-01;1.136839e-01;3.653963e-02
4.125227e-02;2.547677e-02;1.975623e-01;6.242606e-02;5.810447e-02;1.377808e-01;4.229666e-02;5.661020e-02;9.301041e-02;1.212602e-01;1.260911e-01;3.812875e-02
2.869072e-02;4.749632e-02;1.675487e-01;6.054977e-02;3.132264e-02;1.614086e-01;4.346501e-02;6.314774e-02;1.017737e-01;1.284654e-01;1.246193e-01;4.151208e-02
5.880027e-02;5.516077e-02;1.151851e-01;3.735891e-02;6.314700e-02;1.753515e-01;7.666535e-02;6.363374e-02;8.902659e-02;1.084956e-01;1.039161e-01;5.325902e-02
4.608883e-02;6.041653e-02;7.896958e-02;4.987647e-02;1.175513e-01;1.255670e-01;1.514062e-01;4.996354e-02;6.592599e-02;1.144585e-01;9.500532e-02;4.477081e-02
5.069249e-02;7.023188e-02;1.256837e-01;5.478816e-02;1.007577e-01;8.726159e-02;1.327776e-01;7.506973e-02;1.009223e-01;1.265817e-01;4.978313e-02;2.544996e-02
4.658222e-02;6.532031e-02;1.082260e-01;6.243369e-02;8.337411e-02;8.946809e-02;1.103340e-01;8.973584e-02;1.220304e-01;1.407037e-01;4.370089e-02;3.809077e-02
6.031606e-02;6.363343e-02;1.010415e-01;6.107614e-02;7.453365e-02;8.902861e-02;1.133829e-01;8.917180e-02;1.084194e-01;1.429411e-01;4.915722e-02;4.729817e-02
1.074800e-01;9.802373e-02;5.852493e-02;7.284533e-02;7.560629e-02;8.401572e-02;1.176193e-01;7.497156e-02;7.418104e-02;1.174532e-01;5.472733e-02;6.455160e-02
1.103968e-01;1.116440e-01;1.161469e-01;9.624979e-02;7.144289e-02;9.336010e-02;1.165360e-01;4.189818e-02;5.992953e-02;6.779332e-02;4.127131e-02;7.333115e-02
9.305578e-02;6.838307e-02;1.263589e-01;7.861818e-02;4.548884e-02;1.116361e-01;1.221950e-01;5.423921e-02;6.920090e-02;7.699882e-02;6.964407e-02;8.418104e-02
1.222391e-01;9.526710e-02;1.360922e-01;5.156408e-02;5.442158e-02;1.130055e-01;9.131736e-02;6.731999e-02;7.359339e-02;7.215867e-02;6.369051e-02;5.933055e-02
1.082682e-01;8.499826e-02;1.809937e-01;5.075616e-02;6.940731e-02;1.273306e-01;6.989910e-02;7.752907e-02;8.151452e-02;5.831255e-02;4.763778e-02;4.335281e-02
6.084972e-02;7.871190e-02;1.737176e-01;5.591211e-02;8.471123e-02;1.297908e-01;1.012582e-01;6.459249e-02;9.311391e-02;5.773015e-02;4.931930e-02;5.029252e-02
