6.707758e-02;8.610558e-02;1.097612e-01;8.947470e-02;9.823689e-02;8.830713e-02;1.011476e-01;9.714705e-02;8.505443e-02;7.744347e-02;4.428669e-02;5.595771e-02
5.700320e-02;5.902994e-02;1.118281e-01;7.937925e-02;9.167136e-02;1.228227e-01;1.095985e-01;1.003937e-01;9.984478e-02;5.879344e-02;4.739770e-02;6.223733e-02
5.365950e-02;4.233335e-02;8.462214e-02;7.355760e-02;7.734150e-02;1.235383e-01;1.090929e-01;8.452855e-02;8.744729e-02;8.183431e-02;9.291299e-02;8.913168e-02
5.595407e-02;6.289724e-02;1.038302e-01;6.379014e-02;6.610638e-02;7.991412e-02;8.805468e-02;6.897369e-02;9.288370e-02;1.137398e-01;1.199700e-01;8.388601e-02
7.789068e-02;6.836233e-02;1.089983e-01;8.379284e-02;8.059619e-02;6.691866e-02;9.366514e-02;6.730827e-02;9.317291e-02;9.664518e-02;1.087489e-01;5.390060e-02
9.086954e-02;7.679556e-02;7.267039e-02;8.179345e-02;8.556290e-02;8.579141e-02;1.282905e-01;8.079992e-02;9.009276e-02;8.693381e-02;7.180603e-02;4.859367e-02
7.964105e-02;7.637791e-02;5.458608e-02;7.240290e-02;6.506798e-02;7.955606e-02;1.433457e-01;1.216707e-01;6.427150e-02;9.691337e-02;7.854784e-02;6.761890e-02
5.426006e-02;4.925124e-02;5.710848e-02;8.224718e-02;6.969323e-02;8.545047e-02;9.586194e-02;1.196890e-01;9.359501e-02;9.282368e-02;1.273729e-01;7.264674e-02
7.816485e-02;5.867444e-02;9.983491e-02;7.718074e-02;6.366098e-02;9.830488e-02;8.332109e-02;8.671668e-02;1.060081e-01;6.252740e-02;9.167115e-02;9.393483e-02
8.648358e-02;8.839767e-02;1.212146e-01;9.267749e-02;8.618350e-02;7.224863e-02;5.858572e-02;7.296114e-02;1.054812e-01;6.169851e-02;9.128716e-02;6.278078e-02
6.542565e-02;8.608335e-02;1.226459e-01;8.549167e-02;8.799384e-02;8.030994e-02;8.201145e-02;7.346374e-02;9.900351e-02;7.090639e-02;7.904779e-02;6.761681e-02
8.187612e-02;7.239652e-02;1.208434e-01;4.809727e-02;8.078367e-02;6.726696e-02;1.561220e-01;6.590378e-02;1.003784e-01;8.916734e-02;8.490899e-02;3.225559e-02
7.128702e-02;8.409525e-02;1.173348e-01;3.308579e-02;5.053794e-02;7.038904e-02;1.274024e-01;7.484059e-02;1.508349e-01;9.650201e-02;6.610506e-02;5.758513e-02
5.950987e-02;1.320052e-01;1.088020e-01;2.593514e-02;2.631769e-02;7.399104e-02;9.436882e-02;5.643332e-02;2.294125e-01;9.462669e-02;4.077768e-02;5.782005e-02
1.189508e-01;1.691346e-01;7.301382e-02;9.713653e-03;4.248575e-02;5.983805e-02;4.572262e-02;5.582810e-02;2.474906e-01;6.301420e-02;7.841700e-02;3.639085e-02
2.122527e-01;1.353737e-01;3.539548e-02;3.843020e-03;1.002687e-01;2.473121e-02;1.822499e-02;1.644950e-01;1.471055e-01;2.167211e-02;1.216113e-01;1.502643e-02
2.754904e-01;6.447334e-02;3.045720e-02;1.059969e-02;1.299556e-01;7.520950e-03;2.618792e-02;2.577972e-01;5.884888e-02;2.002344e-02;1.041120e-01;1.453326e-02
2.622901e-01;3.166621e-02;2.871798e-02;3.109425e-02;1.142323e-01;1.152209e-02;5.032777e-02;2.851608e-01;4.328599e-02;5.225709e-02;5.172409e-02;3.772129e-02
1.787376e-01;1.841475e-02;2.503263e-02;7.632043e-02;6.932127e-02;2.032555e-02;1.143952e-01;2.338159e-01;5.188573e-02;1.168333e-01;1.865101e-02;7.626675e-02
9.758503e-02;1.029924e-02;1.623462e-02;1.350704e-01;1.836613e-02;2.599381e-02;1.814812e-01;1.524053e-01;5.761189e-02;1.752078e-01;1.900823e-02;1.107363e-01
6.311091e-02;1.167618e-02;1.768096e-02;1.509510e-01;1.075580e-02;3.287538e-02;2.243263e-01;1.038479e-01;5.289751e-02;1.595601e-01;3.024392e-02;1.420740e-01
6.360760e-02;1.564103e-02;1.988245e-02;1.229174e-01;2.839303e-02;4.235064e-02;2.368917e-01;9.838346e-02;6.033382e-02;1.119911e-01;5.249688e-02;1.471109e-01
9.361945e-02;3.323830e-02;2.989120e-02;9.306111e-02;4.353049e-02;4.536115e-02;2.498804e-01;7.838344e-02;5.950211e-02;7.953513e-02;6.581095e-02;1.281862e-01
1.541695e-01;3.405252e-02;2.993750e-02;8.306472e-02;3.973642e-02;4.273616e-02;2.492458e-01;1.514035e-01;3.346980e-02;4.525854e-02;4.429433e-02;9.263120e-02
1.521116e-01;2.266968e-02;4.120144e-02;8.918915e-02;1.994767e-02;3.922726e-02;2.529866e-01;1.754377e-01;3.663872e-02;3.707943e-02;2.969659e-02;1.038141e-01
1.575707e-01;2.518080e-02;4.504140e-02;8.218782e-02;1.782339e-02;2.899233e-02;2.802101e-01;1.918750e-01;2.673713e-02;2.579882e-02;2.224537e-02;9.633721e-02
1.481726e-01;2.240476e-02;3.097500e-02;9.145236e-02;2.457341e-02;3.972028e-02;2.958649e-01;1.695811e-01;2.025975e-02;3.619908e-02;1.437067e-02;1.064260e-01
1.255549e-01;2.196105e-02;3.294723e-02;1.071438e-01;1.720290e-02;3.849535e-02;3.169796e-01;1.417018e-01;1.799225e-02;3.474165e-02;1.985571e-02;1.254238e-01
1.031290e-01;1.384192e-02;3.733531e-02;1.264225e-01;1.558167e-02;2.802758e-02;3.406835e-01;1.112391e-01;2.509215e-02;3.224347e-02;2.762943e-02;1.387744e-01
9.826103e-02;1.860735e-02;3.377016e-02;1.402604e-01;1.813000e-02;2.802953e-02;2.927410e-01;1.310511e-01;3.012593e-02;2.841702e-02;2.944158e-02;1.511649e-01
9.233469e-02;2.302702e-02;2.446039e-02;1.515047e-01;1.537309e-02;3.072483e-02;2.873295e-01;1.162575e-01;3.212951e-02;4.093118e-02;2.123393e-02;1.646938e-01
6.662022e-02;2.450070e-02;2.374136e-02;1.903307e-01;1.299605e-02;2.547341e-02;3.020285e-01;7.919978e-02;3.014377e-02;5.639273e-02;1.569976e-02;1.728731e-01
2.872753e-02;2.345636e-02;1.648699e-02;2.435117e-01;1.634195e-02;2.562211e-02;3.118349e-01;3.991249e-02;3.276626e-02;6.424575e-02;1.059085e-02;1.865031e-01
1.562029e-02;2.631235e-02;2.283448e-02;2.732575e-01;1.336124e-02;1.547580e-02;3.011443e-01;1.774709e-02;2.857401e-02;6.622315e-02;2.362764e-02;1.958222e-01
2.417678e-02;2.518323e-02;1.634085e-02;2.707137e-01;1.564042e-02;1.876836e-02;2.814218e-01;3.066157e-02;2.852728e-02;7.155707e-02;1.865869e-02;1.983502e-01
2.233085e-02;2.065655e-02;1.817637e-02;2.453068e-01;1.790449e-02;2.007441e-02;2.793270e-01;3.580780e-02;2.975585e-02;7.742519e-02;1.430951e-02;2.189251e-01
2.490377e-02;2.584184e-02;1.540639e-02;1.925812e-01;1.244472e-02;1.584558e-02;2.882991e-01;3.409021e-02;2.013094e-02;8.045583e-02;2.508975e-02;2.649107e-01
2.111553e-02;3.142916e-02;1.959895e-02;1.360543e-01;9.141793e-03;2.155573e-02;3.017169e-01;2.055833e-02;1.413974e-02;5.898966e-02;4.235808e-02;3.233418e-01
2.262850e-02;3.309863e-02;1.325550e-02;9.645460e-02;1.194647e-02;2.533548e-02;3.067708e-01;1.376817e-02;1.513305e-02;5.539135e-02;7.158969e-02;3.346277e-01
3.441577e-02;2.564263e-02;1.597001e-02;7.738128e-02;9.395208e-03;4.180499e-02;3.230796e-01;3.178060e-02;1.564682e-02;8.845870e-02;6.477831e-02;2.716460e-01
6.563364e-02;1.726611e-02;1.984988e-02;5.918767e-02;1.763800e-02;8.397122e-02;3.429518e-01;5.635688e-02;1.797682e-02;1.128162e-01;4.456574e-02;1.617861e-01
9.251349e-02;2.413481e-02;3.708912e-02;3.340713e-02;2.624000e-02;1.053545e-01;3.158243e-01;8.247004e-02;2.513245e-02;1.208667e-01;4.462431e-02;9.234318e-02
1.037281e-01;3.052186e-02;4.778782e-02;4.757586e-02;3.106291e-02;8.149367e-02;2.332539e-01;9.618390e-02;4.170142e-02;1.155380e-01;4.718815e-02;1.239643e-01
8.078962e-02;3.251513e-02;6.348145e-02;1.171462e-01;2.959235e-02;4.180615e-02;1.588066e-01;8.063635e-02;4.035423e-02;1.200871e-01;6.169976e-02;1.730850e-01
9.079430e-02;2.692222e-02;7.442135e-02;1.404776e-01;2.402459e-02;4.119350e-02;1.160820e-01;4.643476e-02;4.199933e-02;1.014081e-01;8.087971e-02;2.153625e-01
2.049960e-01;5.516067e-02;1.130129e-01;8.336560e-02;2.160304e-02;4.358472e-02;9.767357e-02;5.402548e-02;3.185563e-02;6.630875e-02;6.310935e-02;1.653043e-01
2.688264e-01;1.299686e-01;1.971585e-01;3.563887e-02;3.144234e-02;2.723269e-02;8.038738e-02;5.693834e-02;1.489469e-02;4.076210e-02;3.830847e-02;7.844160e-02
1.990136e-01;2.216613e-01;3.044569e-01;2.200127e-02;2.775225e-02;2.994741e-02;3.578883e-02;3.268717e-02;4.072577e-02;2.232741e-02;2.218180e-02;4.145632e-02
8.886615e-02;2.697987e-01;3.906152e-01;2.126907e-02;1.659227e-02;4.232348e-02;1.856009e-02;1.889500e-02;6.580281e-02;2.011112e-02;9.261366e-03;3.790476e-02
6.369858e-02;2.640595e-01;4.418117e-01;2.250951e-02;7.661287e-03;4.664640e-02;9.201977e-03;1.288605e-02;6.539819e-02;1.575294e-02;4.309030e-03;4.606473e-02
7.933783e-02;2.697085e-01;4.453341e-01;1.790823e-02;5.526371e-03;4.092153e-02;7.946084e-03;9.033288e-03;5.672901e-02;1.545765e-02;5.558813e-03;4.653849e-02
1.086990e-01;2.722198e-01;4.256235e-01;1.568169e-02;5.336340e-03;3.878219e-02;8.821074e-03;1.072240e-02;4.792722e-02;1.687408e-02;4.327767e-03;4.498486e-02
1.205974e-01;2.538773e-01;4.062530e-01;2.174965e-02;5.471175e-03;4.332825e-02;8.936312e-03;1.405639e-02;5.900818e-02;1.734698e-02;6.520553e-03;4.285493e-02
1.396892e-01;2.152858e-01;3.613682e-01;3.321392e-02;1.571307e-02;4.917405e-02;1.955008e-02;1.361638e-02;7.264002e-02;2.107335e-02;1.591333e-02;4.276264e-02
1.611885e-01;1.577737e-01;2.783341e-01;4.155488e-02;3.821680e-02;4.533575e-02;4.554398e-02;1.844357e-02;8.069657e-02;4.489402e-02;4.097104e-02;4.704718e-02
1.266968e-01;5.964419e-02;2.380739e-01;3.812127e-02;5.551714e-02;4.979077e-02;8.032145e-02;2.447615e-02;7.340712e-02;8.200347e-02;1.132323e-01;5.871552e-02
6.610003e-02;6.824643e-02;1.239007e-01;2.260553e-02;2.710840e-02;8.932383e-02;1.103186e-01;2.659678e-02;4.382430e-02;1.338222e-01;2.234216e-01;6.473158e-02
6.999324e-02;5.448705e-02;1.218560e-01;3.778576e-02;4.868250e-02;6.759050e-02;9.640083e-02;4.420200e-02;6.383437e-02;1.348012e-01;1.780198e-01;8.234674e-02
7.885562e-02;4.803850e-02;1.318059e-01;6.239632e-02;6.688942e-02;6.562854e-02;1.269145e-01;6.380256e-02;8.573489e-02;9.216261e-02;9.964617e-02;7.812503e-02
7.740358e-02;5.158499e-02;1.473134e-01;7.539546e-02;6.027951e-02;6.929125e-02;1.406101e-01;6.062878e-02;9.075727e-02;7.107726e-02;7.990145e-02;7.575691e-02
6.084825e-02;6.930951e-02;3.000643e-01;5.678424e-02;5.669649e-02;5.030635e-02;1.247784e-01;4.658410e-02;6.087302e-02;5.644746e-02;5.665852e-02;6.064939e-02
6.160752e-02;7.467643e-02;4.487289e-01;3.940924e-02;6.666735e-02;3.745544e-02;1.031328e-01;2.541086e-02;2.550451e-02;5.075660e-02;3.957900e-02;2.707127e-02
1.247646e-01;8.792573e-02;4.073632e-01;2.413175e-02;7.227641e-02;3.153552e-02;1.012054e-01;3.169139e-02;2.225821e-02;3.669229e-02;3.562745e-02;2.452802e-02
2.043625e-01;1.062393e-01;3.431278e-01;1.873471e-02;7.026587e-02;3.153406e-02;7.459254e-02;4.545023e-02;2.912942e-02;2.434910e-02;2.576525e-02;2.644920e-02
2.029219e-01;1.054068e-01;3.257161e-01;3.185637e-02;5.216935e-02;4.814186e-02;5.001106e-02;5.138780e-02;4.605442e-02;2.298102e-02;3.218535e-02;3.116793e-02
1.623942e-01;1.008813e-01;3.016629e-01;4.658724e-02;4.937164e-02;6.603570e-02;6.065033e-02;5.539211e-02;5.193553e-02;2.605383e-02;3.868064e-02;4.035461e-02
4.888351e-02;9.886817e-02;3.665187e-01;4.974187e-02;4.218396e-02;5.078725e-02;7.369359e-02;7.358366e-02;4.142831e-02;3.390477e-02;5.690141e-02;6.350483e-02
1.888917e-01;7.794093e-02;3.000417e-01;1.843816e-02;3.404856e-02;3.011224e-02;6.475565e-02;1.033470e-01;2.675783e-02;2.843332e-02;5.978951e-02;6.744337e-02
2.559402e-01;6.026055e-02;2.602156e-01;1.250829e-02;1.795616e-02;2.869823e-02;4.958393e-02;1.270109e-01;2.922671e-02;3.317445e-02;5.751207e-02;6.791297e-02
2.626697e-01;4.074153e-02;2.224541e-01;1.201294e-02;1.728800e-02;3.501280e-02;6.862837e-02;1.195685e-01;4.282210e-02;4.280339e-02;6.420950e-02;7.178904e-02
2.510878e-01;3.056754e-02;1.715503e-01;1.490260e-02;1.910173e-02;5.709073e-02;8.986615e-02;1.013276e-01;5.939667e-02;6.191506e-02;6.650545e-02;7.668853e-02
2.414302e-01;3.204315e-02;1.716860e-01;1.553786e-02;1.198505e-02;6.884635e-02;8.926386e-02;8.620199e-02;6.906728e-02;6.632686e-02;6.805191e-02;7.955947e-02
2.033367e-01;3.502740e-02;1.581514e-01;3.397698e-02;8.822042e-03;6.566012e-02;1.166682e-01;8.567476e-02;6.912492e-02;8.065946e-02;6.174880e-02;8.114918e-02
1.645166e-01;2.905542e-02;9.554997e-02;5.818867e-02;9.546229e-03;5.435052e-02;1.896292e-01;6.765611e-02;5.311210e-02;1.105876e-01;7.081714e-02;9.699046e-02
1.072001e-01;4.139500e-02;8.613849e-02;8.233023e-02;1.590534e-02;3.867251e-02;2.632335e-01;3.234434e-02;3.266209e-02;1.089132e-01;7.488689e-02;1.163184e-01
1.256666e-01;7.779709e-02;8.417079e-02;7.586130e-02;4.116949e-02;5.170719e-02;1.913630e-01;6.361176e-02;4.868046e-02;5.590229e-02;7.764332e-02;1.064266e-01
1.427978e-01;7.448969e-02;1.215210e-01;7.278789e-02;7.225270e-02;4.388831e-02;1.238902e-01;1.142309e-01;4.475371e-02;5.118587e-02;6.207621e-02;7.612581e-02
1.614158e-01;6.058389e-02;9.221039e-02;7.661146e-02;9.415560e-02;4.173116e-02;9.384282e-02;1.647540e-01;4.291908e-02;6.156088e-02;5.609242e-02;5.412252e-02
1.482890e-01;3.228396e-02;6.050505e-02;9.411416e-02;8.162370e-02;9.303271e-02;7.341774e-02;1.690584e-01;7.670646e-02;9.929089e-02;3.225697e-02;3.942103e-02
1.120833e-01;2.211323e-02;4.043102e-02;1.084638e-01;6.420918e-02;1.333044e-01;8.462112e-02;1.284725e-01;1.027428e-01;1.409021e-01;1.397050e-02;4.868602e-02
8.502970e-02;2.589272e-02;3.647687e-02;1.382057e-01;7.008222e-02;1.216690e-01;9.793446e-02;9.085359e-02;9.386630e-02;1.587889e-01;2.591783e-02;5.528278e-02
5.774383e-02;2.077603e-02;3.801860e-02;2.027840e-01;3.941619e-02;8.449622e-02;1.363496e-01;5.895597e-02;6.645529e-02;1.831451e-01;3.302652e-02;7.883258e-02
4.882495e-02;1.552162e-02;2.511919e-02;2.569920e-01;2.902183e-02;4.699078e-02;1.715025e-01;5.000174e-02;4.173913e-02;1.944030e-01;2.573217e-02;9.415112e-02
3.699294e-02;1.629748e-02;9.341258e-03;2.757275e-01;2.001228e-02;5.119026e-02;1.867020e-01;4.209524e-02;2.940367e-02;1.940121e-01;3.124818e-02;1.069770e-01
4.464949e-02;1.464043e-02;1.036029e-02;2.740626e-01;1.767387e-02;6.668770e-02;1.691136e-01;4.779183e-02;3.084763e-02;1.890376e-01;4.019343e-02;9.494154e-02
6.006919e-02;1.581389e-02;3.548658e-02;2.120841e-01;4.107380e-02;9.157281e-02;1.359583e-01;8.378298e-02;5.450829e-02;1.492528e-01;4.440603e-02;7.599116e-02
8.555169e-02;3.201877e-02;9.185183e-02;1.113806e-01;8.557974e-02;9.107983e-02;1.090303e-01;1.023990e-01;7.073686e-02;7.440670e-02;8.015971e-02;6.580503e-02
9.347858e-02;3.717878e-02;1.424674e-01;7.745460e-02;1.061655e-01;5.348295e-02;7.891630e-02;1.014366e-01;6.094522e-02;5.634188e-02;1.211552e-01;7.097698e-02
1.007128e-01;4.875179e-02;1.837441e-01;6.666851e-02;9.670097e-02;5.947236e-02;5.236624e-02;1.140705e-01;5.269101e-02;7.643536e-02;8.288731e-02;6.549896e-02
1.040795e-01;4.848611e-02;2.024342e-01;3.201814e-02;1.149185e-01;6.720691e-02;5.448701e-02;1.097394e-01;3.066041e-02;5.839637e-02;1.157809e-01;6.179244e-02
1.094108e-01;5.446281e-02;1.855513e-01;3.883369e-02;1.056677e-01;5.940734e-02;5.161197e-02;8.920050e-02;4.317962e-02;4.224375e-02;1.608415e-01;5.958914e-02
1.222002e-01;8.965144e-02;1.420621e-01;6.221633e-02;7.220205e-02;6.449860e-02;7.466507e-02;6.952184e-02;5.826809e-02;4.710743e-02;1.460789e-01;5.152798e-02
1.692341e-01;9.938489e-02;1.592666e-01;3.435193e-02;6.604514e-02;5.018468e-02;6.466638e-02;9.892951e-02;5.678235e-02;4.404959e-02;1.097909e-01;4.731385e-02
2.392334e-01;8.460152e-02;1.479582e-01;2.507195e-02;6.765850e-02;2.017377e-02;5.355620e-02;1.290934e-01;5.590869e-02;3.184191e-02;9.487572e-02;5.002671e-02
2.891716e-01;4.324464e-02;1.310516e-01;2.232924e-02;5.798491e-02;2.122264e-02;7.617111e-02;1.394065e-01;2.028559e-02;4.238695e-02;1.026450e-01;5.410027e-02
2.073554e-01;5.709292e-02;1.212930e-01;2.524060e-02;4.994776e-02;3.571920e-02;1.217727e-01;1.073941e-01;4.987454e-02;6.329237e-02;9.906422e-02;6.195328e-02
1.106079e-01;6.202298e-02;1.399805e-01;4.872021e-02;7.675326e-02;6.623382e-02;1.772144e-01;8.143044e-02;4.784635e-02;6.572527e-02;7.580576e-02;4.765915e-02
6.814928e-02;5.188686e-02;1.929788e-01;6.146162e-02;8.608697e-02;7.452862e-02;1.720238e-01;7.161000e-02;5.477206e-02;7.558750e-02;6.135754e-02;2.955696e-02
7.318135e-02;5.176695e-02;1.578083e-01;6.254086e-02;6.305950e-02;6.318663e-02;1.683285e-01;6.194329e-02;6.799050e-02;8.458310e-02;9.571509e-02;4.989598e-02
5.511793e-02;9.489767e-02;1.444419e-01;4.401069e-02;8.579002e-02;5.929583e-02;1.495286e-01;5.758804e-02;8.486947e-02;6.655536e-02;9.784899e-02;6.005544e-02
8.500557e-02;1.128532e-01;1.185047e-01;5.223982e-02;1.036506e-01;7.439362e-02;8.860604e-02;6.909139e-02;5.321521e-02;7.115413e-02;7.990643e-02;9.137928e-02
7.317125e-02;7.270411e-02;8.850827e-02;7.571369e-02;1.122919e-01;8.109894e-02;9.925900e-02;8.095989e-02;5.395497e-02;8.921858e-02;8.661097e-02;8.650848e-02
4.747736e-02;4.543981e-02;1.074836e-01;1.041649e-01;1.131605e-01;7.497999e-02;1.113492e-01;1.042987e-01;4.637387e-02;9.889586e-02;7.278939e-02;7.358681e-02
5.978198e-02;5.845248e-02;9.815198e-02;1.199362e-01;9.245434e-02;6.534387e-02;1.233525e-01;1.044458e-01;6.525801e-02;8.573579e-02;5.279673e-02;7.429034e-02
8.950049e-02;6.087244e-02;9.180579e-02;9.296892e-02;7.632546e-02;6.208608e-02;1.271119e-01;7.665927e-02;1.110571e-01;1.074103e-01;4.995392e-02;5.424837e-02
1.259710e-01;5.294670e-02;8.052967e-02;4.978479e-02;8.486353e-02;8.271827e-02;1.467309e-01;5.128994e-02;1.045970e-01;1.230028e-01;3.632525e-02;6.124015e-02
1.217601e-01;6.000176e-02;1.024708e-01;6.503015e-02;8.951511e-02;8.968163e-02;1.185632e-01;6.136361e-02;7.228905e-02;9.843940e-02;3.001155e-02;9.087364e-02
6.014291e-02;6.401554e-02;2.481926e-01;1.020774e-01;9.019497e-02;4.760375e-02;1.318145e-01;4.592272e-02;5.393859e-02;5.960749e-02;5.800067e-02;3.848887e-02
5.491107e-02;7.449616e-02;2.428622e-01;7.962698e-02;7.263515e-02;5.497678e-02;1.299916e-01;4.526591e-02;7.699460e-02;6.672619e-02;5.193076e-02;4.958263e-02
8.311266e-02;1.037393e-01;2.093629e-01;6.603965e-02;5.486943e-02;7.390223e-02;9.581542e-02;3.905191e-02;1.265811e-01;6.406170e-02;3.036837e-02;5.309522e-02
1.092688e-01;1.318802e-01;1.596406e-01;6.194003e-02;4.757906e-02;9.219936e-02;4.208307e-02;3.352083e-02;1.654810e-01;6.047416e-02;4.666577e-02;4.926703e-02
1.119680e-01;1.126196e-01;1.260892e-01;6.323247e-02;6.106562e-02;7.749043e-02;8.478485e-02;5.171340e-02;1.339927e-01;6.046801e-02;7.170363e-02;4.487213e-02
1.093849e-01;8.986281e-02;1.618156e-01;6.814285e-02;7.091496e-02;6.465119e-02;8.904100e-02;6.491963e-02;9.953998e-02;6.646758e-02;7.453855e-02;4.072106e-02
1.042317e-01;7.001375e-02;1.503212e-01;7.754679e-02;7.872591e-02;6.362900e-02;1.166661e-01;6.613852e-02;8.246443e-02;7.903272e-02;6.871942e-02;4.251040e-02
4.378944e-02;4.276432e-02;1.334116e-01;6.579659e-02;6.436031e-02;6.392677e-02;2.341987e-01;6.376304e-02;8.549277e-02;8.469427e-02;6.020740e-02;5.759481e-02
3.613778e-02;4.384550e-02;2.263740e-01;5.653231e-02;5.865787e-02;7.765471e-02;1.821153e-01;4.525162e-02;6.537926e-02;8.635695e-02;6.443627e-02;5.725836e-02
7.245364e-02;5.448758e-02;1.813547e-01;7.244690e-02;4.840260e-02;7.867831e-02;1.660491e-01;4.496738e-02;4.296670e-02;8.411719e-02;8.913435e-02;6.494156e-02
8.252955e-02;5.423497e-02;7.966986e-02;8.755340e-02;4.339365e-02;7.879463e-02;2.114915e-01;7.797697e-02;7.642673e-02;8.663552e-02;5.456582e-02;6.672744e-02
7.518053e-02;4.443153e-02;1.079206e-01;7.785395e-02;3.895727e-02;5.509285e-02;2.173510e-01;7.920426e-02;1.088542e-01;1.007316e-01;3.535436e-02;5.906781e-02
8.960158e-02;4.591474e-02;6.827375e-02;8.273076e-02;5.711578e-02;5.220836e-02;1.567934e-01;6.679976e-02;1.141703e-01;1.631093e-01;5.418680e-02;4.909557e-02
8.743380e-02;4.067358e-02;1.205255e-01;6.765463e-02;6.784227e-02;4.713897e-02;1.345854e-01;1.388888e-01;8.781985e-02;1.151078e-01;5.745577e-02;3.487356e-02
8.129314e-02;5.668147e-02;1.600790e-01;5.867208e-02;8.077612e-02;7.018616e-02;1.271159e-01;1.009028e-01;1.033753e-01;7.141192e-02;5.447440e-02;3.503169e-02
7.826031e-02;6.169423e-02;1.690524e-01;7.038850e-02;5.577575e-02;3.870444e-02;9.672620e-02;1.019537e-01;8.381283e-02;6.365294e-02;1.020611e-01;7.791761e-02
6.013038e-02;4.202606e-02;9.479257e-02;5.489062e-02;7.986490e-02;8.720130e-02;1.584235e-01;9.121425e-02;5.923792e-02;6.581680e-02;1.121258e-01;9.427597e-02
6.959175e-02;3.303704e-02;7.588895e-02;4.335767e-02;8.414800e-02;8.847573e-02;1.467060e-01;1.219339e-01;6.852500e-02;6.074389e-02;1.399777e-01;6.761446e-02
8.371910e-02;3.946649e-02;6.870533e-02;3.875418e-02;9.694953e-02;6.191086e-02;1.169490e-01;1.410962e-01;6.944061e-02;6.403808e-02;1.806078e-01;3.836283e-02
9.180494e-02;5.540448e-02;7.450660e-02;3.617872e-02;8.925671e-02;3.606883e-02;8.821107e-02;1.256200e-01;8.525128e-02;7.624163e-02;1.803136e-01;6.114212e-02
1.049167e-01;5.738268e-02;8.661132e-02;3.502822e-02;4.382242e-02;7.137292e-02;9.014782e-02;1.054030e-01;1.115598e-01;1.299121e-01;9.895131e-02;6.489182e-02
1.076619e-01;4.509094e-02;8.316392e-02;4.145306e-02;6.351442e-02;7.807951e-02;9.222043e-02;1.042024e-01;1.188056e-01;1.184711e-01;7.847761e-02;6.885904e-02
5.074162e-02;8.034854e-02;6.670199e-02;4.627687e-02;6.035832e-02;8.478605e-02;1.065496e-01;8.219501e-02;1.182342e-01;1.378961e-01;8.222176e-02;8.368991e-02
1.059009e-01;4.549554e-02;9.004617e-02;3.709519e-02;6.455643e-02;8.759610e-02;8.686668e-02;1.116636e-01;1.097474e-01;1.211903e-01;8.943588e-02;5.040578e-02
9.828164e-02;6.476881e-02;8.577075e-02;3.428277e-02;4.955870e-02;1.011278e-01;9.310004e-02;9.394655e-02;9.436870e-02;1.559150e-01;5.318427e-02;7.569498e-02
1.018879e-01;5.438245e-02;8.205142e-02;3.615971e-02;3.763528e-02;9.260277e-02;1.086630e-01;1.102626e-01;8.081362e-02;1.703628e-01;4.876715e-02;7.641134e-02
1.039438e-01;2.238215e-02;7.642578e-02;4.585375e-02;5.909999e-02;6.864974e-02;1.439869e-01;1.228269e-01;7.825232e-02;1.480147e-01;6.615248e-02;6.441148e-02
7.755491e-02;2.091003e-02;8.205009e-02;6.055506e-02;5.417598e-02;7.357122e-02;1.849644e-01;9.722029e-02;8.626664e-02;1.445674e-01;4.799342e-02;7.017056e-02
6.759951e-02;2.265329e-02;1.021643e-01;5.517856e-02;4.923704e-02;9.039204e-02;1.930215e-01;8.778810e-02;7.690068e-02;1.282490e-01;7.135938e-02;5.545664e-02
9.380652e-02;2.804221e-02;1.050213e-01;3.506399e-02;5.497411e-02;1.088765e-01;1.501947e-01;1.109755e-01;6.482261e-02;9.984038e-02;9.996355e-02;4.841874e-02
5.169465e-02;3.007755e-02;8.583540e-02;4.500967e-02;6.300497e-02;1.368160e-01;1.604923e-01;1.133489e-01;9.742830e-02;7.483909e-02;5.824955e-02;8.320353e-02
8.708648e-02;5.120724e-02;1.165831e-01;7.640581e-02;6.345861e-02;8.651305e-02;1.699851e-01;1.056374e-01;6.077347e-02;4.129224e-02;6.203634e-02;7.902111e-02
9.352567e-02;7.662133e-02;1.102638e-01;9.996912e-02;7.174257e-02;8.243588e-02;1.243390e-01;7.355932e-02;6.360064e-02;7.111801e-02;5.884880e-02;7.397584e-02
9.636008e-02;7.536930e-02;1.113462e-01;1.179626e-01;5.777551e-02;1.077805e-01;1.115915e-01;6.313359e-02;4.894657e-02;9.345116e-02;5.514486e-02;6.113810e-02
9.052169e-02;5.439981e-02;1.776833e-01;1.020266e-01;4.974609e-02;1.095865e-01;1.235078e-01;5.046689e-02;4.771359e-02;8.850586e-02;5.298143e-02;5.286050e-02
9.700958e-02;6.975505e-02;3.119103e-01;5.851376e-02;6.735930e-02;8.596316e-02;1.077436e-01;3.236772e-02;5.464454e-02;6.348736e-02;2.259540e-02;2.865025e-02
1.375942e-01;1.075728e-01;2.774454e-01;5.312119e-02;5.504752e-02;4.933442e-02;1.283207e-01;2.063133e-02;4.831979e-02;4.156816e-02;3.944541e-02;4.159908e-02
1.906714e-01;1.340073e-01;2.159389e-01;5.491703e-02;3.993667e-02;4.583435e-02;1.164333e-01;2.491572e-02;4.715245e-02;3.868088e-02;3.705955e-02;5.445245e-02
2.311768e-01;1.557248e-01;2.019627e-01;5.451533e-02;3.649152e-02;4.226677e-02;9.020236e-02;2.005548e-02;4.796033e-02;3.922154e-02;2.607093e-02;5.435137e-02
2.198783e-01;1.467596e-01;2.469961e-01;4.880275e-02;3.936457e-02;3.852310e-02;7.518814e-02;2.859388e-02;4.158423e-02;3.804802e-02;3.137467e-02;4.488671e-02
1.535610e-01;9.923775e-02;2.330125e-01;5.173288e-02;5.309476e-02;6.767040e-02;9.340820e-02;3.742114e-02;2.903155e-02;5.663315e-02;7.593261e-02;4.926417e-02
6.061765e-02;3.843336e-02;1.688372e-01;4.182643e-02;5.152334e-02;1.234692e-01;1.206475e-01;2.970070e-02;3.080012e-02;1.174298e-01;1.644471e-01;5.226764e-02
4.620243e-02;5.082973e-02;6.372337e-02;3.077355e-02;4.585127e-02;1.407577e-01;1.320225e-01;2.594903e-02;4.469192e-02;1.526279e-01;2.054061e-01;6.116448e-02
6.270908e-02;7.967012e-02;6.472724e-02;4.739352e-02;7.810948e-02;9.874979e-02;1.253646e-01;5.128575e-02;6.621299e-02;1.249227e-01;1.513850e-01;4.946974e-02
1.113872e-01;8.622294e-02;9.893525e-02;5.695642e-02;9.809674e-02;7.282419e-02;1.627505e-01;3.783659e-02;6.189612e-02;7.512543e-02;1.064053e-01;3.156326e-02
1.333606e-01;6.263436e-02;1.016451e-01;6.573013e-02;9.853933e-02;8.792373e-02;1.608478e-01;2.797046e-02;4.960469e-02;5.363953e-02;9.955741e-02;5.854692e-02
1.149496e-01;2.893028e-02;1.678918e-01;6.050861e-02;7.260247e-02;9.348224e-02;1.327627e-01;4.144499e-02;5.698748e-02;8.511325e-02;7.958955e-02;6.573705e-02
8.500382e-02;3.293693e-02;2.596465e-01;4.339490e-02;8.236066e-02;5.761103e-02;1.188984e-01;3.806524e-02;5.650374e-02;1.205183e-01;5.789346e-02;4.716715e-02
6.606103e-02;3.274669e-02;2.228270e-01;5.928809e-02;6.805736e-02;6.728292e-02;1.104171e-01;8.790994e-02;9.618609e-02;9.862535e-02;5.061932e-02;3.997913e-02
6.299798e-02;4.266601e-02;1.252570e-01;6.603994e-02;7.288978e-02;8.477168e-02;1.162755e-01;1.112722e-01;1.306496e-01;1.076172e-01;4.423546e-02;3.532769e-02
6.881000e-02;5.510893e-02;9.006376e-02;5.632553e-02;7.125717e-02;8.535290e-02;1.217508e-01;1.185670e-01;1.435357e-01;1.074288e-01;4.406841e-02;3.773094e-02
6.478615e-02;6.970415e-02;6.329676e-02;4.232829e-02;9.299708e-02;8.062407e-02;1.045536e-01;1.144622e-01;1.387119e-01;1.156638e-01;5.144243e-02;6.142953e-02
8.232456e-02;7.654813e-02;7.328710e-02;4.474027e-02;9.918234e-02;7.868161e-02;8.760827e-02;1.164319e-01;8.786333e-02;8.979498e-02;7.408905e-02;8.944850e-02
9.209830e-02;8.105601e-02;9.738220e-02;7.028586e-02;7.797977e-02;6.897550e-02;9.446964e-02;1.079525e-01;8.112301e-02;8.424207e-02;6.059384e-02;8.384132e-02
9.114846e-02;8.031438e-02;1.093400e-01;7.663510e-02;7.511970e-02;6.875866e-02;8.566536e-02;9.906159e-02;8.489693e-02;9.182500e-02;5.719002e-02;8.004481e-02
6.181421e-02;1.090466e-01;1.077913e-01;6.930003e-02;6.619600e-02;6.759486e-02;1.293151e-01;9.453554e-02;7.408427e-02;8.219664e-02;7.373532e-02;6.439013e-02
9.135772e-02;1.138637e-01;1.139427e-01;6.513117e-02;6.291889e-02;5.631228e-02;1.137882e-01;1.044536e-01;8.526918e-02;6.958808e-02;5.943545e-02;6.393904e-02
9.949373e-02;8.348793e-02;1.228960e-01;6.739365e-02;6.776538e-02;3.639694e-02;1.212606e-01;8.371215e-02;1.204235e-01;5.946807e-02;5.316011e-02;8.454197e-02
7.867873e-02;6.072435e-02;1.421011e-01;8.617821e-02;7.464392e-02;4.091316e-02;1.338826e-01;6.453711e-02;1.187412e-01;6.880319e-02;5.787034e-02;7.292607e-02
9.407116e-02;9.308073e-02;2.110225e-01;6.523433e-02;9.085896e-02;4.115123e-02;1.029738e-01;5.040321e-02;1.174856e-01;5.358106e-02;4.115222e-02;3.898522e-02
1.095494e-01;9.788967e-02;2.365293e-01;4.703101e-02;7.262601e-02;3.841054e-02;6.563419e-02;5.885068e-02;1.318550e-01;6.066591e-02;5.149766e-02;2.946060e-02
1.434083e-01;1.086065e-01;1.741484e-01;3.591836e-02;6.776951e-02;3.288364e-02;6.120491e-02;8.523316e-02;1.551133e-01;4.185932e-02;6.288927e-02;3.096547e-02
2.048938e-01;1.102291e-01;1.000720e-01;2.162614e-02;7.965849e-02;2.772173e-02;3.945762e-02;1.389376e-01;1.552549e-01;2.199162e-02;7.761044e-02;2.254658e-02
2.765846e-01;8.157381e-02;6.724001e-02;1.311363e-02;9.632108e-02;1.629842e-02;2.176898e-02;2.209439e-01;1.040560e-01;1.218921e-02;7.085636e-02;1.905400e-02
3.072586e-01;4.769522e-02;6.211162e-02;1.127907e-02;8.388850e-02;1.474796e-02;6.136390e-02;2.834878e-01;5.401929e-02;6.029245e-03;4.177515e-02;2.634360e-02
3.067223e-01;3.222735e-02;6.640504e-02;1.163168e-02;6.638651e-02;1.378488e-02;9.787761e-02;3.243373e-01;2.090428e-02;1.380243e-02;1.945206e-02;2.646858e-02
2.506165e-01;2.018804e-02;5.308475e-02;2.208515e-02;3.638289e-02;2.819183e-02;1.727570e-01;3.047526e-01;2.942789e-02;2.622514e-02;1.311896e-02;4.316921e-02
2.033201e-01;2.170479e-02;3.827655e-02;2.618787e-02;2.304492e-02;3.921575e-02;2.322051e-01;2.738704e-01;3.661706e-02;3.361255e-02;1.402147e-02;5.792338e-02
2.127615e-01;3.013773e-02;4.428350e-02;2.103684e-02;2.717128e-02;3.831830e-02;2.330717e-01;2.383395e-01;4.429998e-02;3.586836e-02;1.769640e-02;5.701499e-02
2.046088e-01;2.486286e-02;4.543715e-02;3.067732e-02;2.201316e-02;4.285140e-02;2.334977e-01;2.029207e-01;4.544955e-02;5.280014e-02;1.987167e-02;7.500954e-02
2.094840e-01;2.197444e-02;5.118700e-02;4.537644e-02;1.635376e-02;4.513503e-02;2.228195e-01;1.662258e-01;3.576465e-02;6.621498e-02;2.871230e-02;9.075201e-02
1.903582e-01;3.775964e-02;7.089248e-02;8.305033e-02;1.732157e-02;4.948736e-02;1.817468e-01;1.095933e-01;3.957508e-02;8.153187e-02;3.730078e-02;1.013826e-01
1.571453e-01;4.809495e-02;1.127860e-01;1.057929e-01;2.552642e-02;5.895625e-02;1.293665e-01;5.013286e-02;3.408359e-02;1.009034e-01;6.929945e-02;1.079124e-01
1.419348e-01;4.142640e-02;1.595265e-01;8.689664e-02;3.448286e-02;6.921697e-02;6.784540e-02;3.534671e-02;4.455671e-02;1.170228e-01;1.084757e-01;9.326849e-02
1.158534e-01;6.276287e-02;1.005281e-01;5.268297e-02;7.105110e-02;6.206321e-02;1.189164e-01;6.015867e-02;6.808664e-02;1.214226e-01;1.119969e-01;5.447723e-02
1.365676e-01;8.042879e-02;1.067512e-01;6.255104e-02;7.193384e-02;5.922046e-02;1.033709e-01;8.204947e-02;7.530503e-02;8.746875e-02;8.030048e-02;5.405241e-02
1.456422e-01;8.075549e-02;1.078627e-01;6.519100e-02;7.185529e-02;6.767020e-02;1.021280e-01;8.092923e-02;6.086064e-02;8.413240e-02;8.169357e-02;5.127939e-02
1.160253e-01;6.550067e-02;2.118013e-01;4.731533e-02;6.578380e-02;5.489557e-02;1.365236e-01;6.261111e-02;4.000893e-02;7.433898e-02;8.268413e-02;4.251134e-02
1.041842e-01;5.928481e-02;2.968682e-01;3.210648e-02;4.560541e-02;4.175059e-02;1.609359e-01;4.633000e-02;3.538150e-02;5.237594e-02;6.780833e-02;5.736866e-02
1.267526e-01;4.149382e-02;2.237150e-01;2.930556e-02;3.106018e-02;3.531067e-02;1.879387e-01;4.109835e-02;2.603265e-02;6.069874e-02;9.047140e-02;1.061224e-01
1.524934e-01;1.990606e-02;4.424564e-02;3.578602e-02;1.492092e-02;2.284800e-02;2.511539e-01;3.654391e-02;1.902191e-02;7.975265e-02;1.245198e-01;1.988077e-01
1.213777e-01;3.428142e-02;9.430174e-02;5.216382e-02;2.822865e-02;2.670733e-02;2.227263e-01;2.321917e-02;3.094373e-02;6.884691e-02;1.047235e-01;1.924797e-01
1.559601e-01;4.583149e-02;8.625261e-02;7.296161e-02;5.705062e-02;4.955799e-02;1.884576e-01;3.687801e-02;5.252018e-02;6.173669e-02;6.497138e-02;1.278218e-01
1.913105e-01;3.997321e-02;9.874464e-02;6.860474e-02;5.348522e-02;8.136206e-02;1.597336e-01;3.224040e-02;5.020447e-02;7.002522e-02;4.518330e-02;1.091326e-01
2.224834e-01;3.333203e-02;5.583061e-02;6.307525e-02;3.093062e-02;1.018001e-01;1.539408e-01;4.786123e-02;3.542910e-02;1.006539e-01;3.001950e-02;1.246435e-01
2.412204e-01;1.984630e-02;6.147074e-02;5.117000e-02;1.599004e-02;7.920077e-02;1.465555e-01;7.370553e-02;4.856392e-02;1.151074e-01;2.798050e-02;1.191889e-01
2.555125e-01;2.589851e-02;6.006820e-02;3.420410e-02;1.569784e-02;6.138127e-02;1.492029e-01;1.057750e-01;7.587155e-02;9.205360e-02;2.572128e-02;9.861318e-02
2.681155e-01;2.673606e-02;4.783415e-02;2.993647e-02;1.549839e-02;5.984123e-02;1.467664e-01;1.095714e-01;1.005413e-01;8.217426e-02;2.282297e-02;9.016185e-02
2.721794e-01;2.801378e-02;5.862009e-02;2.392889e-02;1.694415e-02;4.982256e-02;1.350340e-01;1.248048e-01;1.210715e-01;6.332407e-02;2.285250e-02;8.340429e-02
2.771578e-01;3.137387e-02;6.341407e-02;2.045891e-02;1.757939e-02;4.092037e-02;1.363871e-01;1.363062e-01;1.268905e-01;5.053774e-02;2.011735e-02;7.885669e-02
3.206124e-01;2.814926e-02;5.508774e-02;2.095663e-02;2.105379e-02;3.723852e-02;1.285871e-01;1.200226e-01;1.364416e-01;3.643521e-02;1.830507e-02;7.711014e-02
3.630607e-01;4.266123e-02;6.349318e-02;1.896602e-02;2.418637e-02;2.637574e-02;8.798368e-02;1.288347e-01;9.736990e-02;6.055646e-02;1.739241e-02;6.911959e-02
3.738251e-01;8.730509e-02;9.296814e-02;1.468778e-02;3.486007e-02;2.351320e-02;6.962890e-02;1.056088e-01;5.749600e-02;6.627537e-02;2.031020e-02;5.352131e-02
3.511418e-01;1.455688e-01;9.630683e-02;2.186082e-02;4.380792e-02;3.667108e-02;8.711536e-02;5.465211e-02;5.701350e-02;4.628270e-02;2.240543e-02;3.717361e-02
3.026434e-01;1.689874e-01;9.288309e-02;3.573275e-02;6.468930e-02;3.419566e-02;1.258919e-01;3.907968e-02;4.683806e-02;3.804567e-02;2.728651e-02;2.372656e-02
2.795221e-01;1.478957e-01;7.872896e-02;4.698151e-02;8.094648e-02;3.819738e-02;1.379495e-01;6.820423e-02;3.044219e-02;4.987999e-02;2.314277e-02;1.810926e-02
2.781381e-01;1.039627e-01;7.055189e-02;6.270141e-02;9.737823e-02;5.305203e-02;1.325048e-01;8.353953e-02;2.789373e-02;4.278726e-02;1.797213e-02;2.951823e-02
2.265412e-01;6.292056e-02;8.134611e-02;9.892140e-02;1.035044e-01;4.514550e-02;1.706051e-01;6.887580e-02;3.517241e-02;3.921894e-02;2.140800e-02;4.634054e-02
1.264399e-01;6.374297e-02;1.177612e-01;1.197401e-01;1.059560e-01;4.497602e-02;1.865883e-01;5.397975e-02;4.712335e-02;4.711858e-02;2.317208e-02;6.340159e-02
1.437651e-01;1.143818e-01;1.788095e-01;8.956067e-02;9.479365e-02;3.722871e-02;1.109854e-01;6.392222e-02;3.978174e-02;3.709495e-02;2.715609e-02;6.252023e-02
1.982414e-01;1.101002e-01;1.324564e-01;7.721912e-02;9.009370e-02;3.117058e-02;1.109867e-01;8.288398e-02;4.790875e-02;4.813249e-02;3.388340e-02;3.692326e-02
1.846979e-01;6.891584e-02;8.405276e-02;9.988540e-02;1.113809e-01;4.405098e-02;1.402800e-01;1.001857e-01;5.648240e-02;4.983317e-02;2.404265e-02;3.619241e-02
1.486707e-01;2.176213e-02;6.130207e-02;1.282255e-01;1.343923e-01;6.021585e-02;1.499919e-01;1.061839e-01;6.567276e-02;5.541401e-02;2.460543e-02;4.356335e-02
1.274169e-01;2.805631e-02;6.286437e-02;1.493671e-01;1.181187e-01;5.299164e-02;1.746354e-01;1.029293e-01;6.652144e-02;5.676353e-02;2.381208e-02;3.652322e-02
1.104148e-01;1.909043e-02;1.045625e-01;1.518720e-01;8.533454e-02;6.090614e-02;1.879641e-01;9.043093e-02;6.349012e-02;5.785581e-02;1.973291e-02;4.834571e-02
9.409305e-02;1.666958e-02;1.391510e-01;1.441598e-01;6.780972e-02;7.059944e-02;1.981382e-01;7.785784e-02;5.456825e-02;6.526987e-02;2.784592e-02;4.383728e-02
8.024758e-02;4.206821e-02;1.278270e-01;1.301975e-01;5.255933e-02;7.855272e-02;2.240760e-01;6.540157e-02;5.104233e-02;6.992504e-02;3.295455e-02;4.514816e-02
3.424140e-02;4.978169e-02;7.596688e-02;1.200045e-01;5.359471e-02;8.627435e-02;3.035455e-01;5.256807e-02;3.614587e-02;8.307981e-02;4.789338e-02;5.690386e-02
5.895004e-02;3.681224e-02;1.510633e-01;8.482445e-02;4.560110e-02;7.178987e-02;3.207594e-01;2.831899e-02;2.621434e-02;7.332838e-02;5.140851e-02;5.092943e-02
8.935001e-02;2.586631e-02;1.331318e-01;6.912293e-02;4.261693e-02;6.878607e-02;3.194871e-01;5.147729e-02;2.805242e-02;6.369310e-02;5.478994e-02;5.362608e-02
1.005433e-01;2.636447e-02;1.110573e-01;6.328464e-02;3.738749e-02;5.988199e-02;3.302948e-01;6.211318e-02;3.499075e-02;6.075867e-02;5.823496e-02;5.508852e-02
1.003071e-01;2.284089e-02;9.171045e-02;6.417834e-02;3.855466e-02;5.973867e-02;3.388127e-01;5.883300e-02;3.819652e-02;5.993213e-02;6.332742e-02;6.356805e-02
1.423839e-01;6.118365e-02;1.573143e-01;4.668843e-02;4.428614e-02;5.947258e-02;2.312498e-01;5.703573e-02;4.957000e-02;5.060898e-02;6.096634e-02;3.924014e-02
1.670863e-01;9.407032e-02;2.098737e-01;5.108450e-02;5.374559e-02;5.596532e-02;1.293155e-01;5.349275e-02;4.975441e-02;5.959135e-02;4.521779e-02;3.080240e-02
1.909197e-01;9.854504e-02;1.517226e-01;5.939165e-02;5.685540e-02;5.290447e-02;1.370583e-01;6.367936e-02;4.896715e-02;6.805632e-02;4.158032e-02;3.031980e-02
1.917336e-01;8.514098e-02;1.508697e-01;5.525135e-02;6.658075e-02;4.604987e-02;1.295293e-01;7.109602e-02;5.083569e-02;6.509544e-02;4.916510e-02;3.865217e-02
1.611124e-01;9.310976e-02;9.301442e-02;7.217806e-02;6.781273e-02;6.120477e-02;1.517445e-01;6.021378e-02;4.785814e-02;8.737049e-02;5.662893e-02;4.775199e-02
1.346735e-01;7.404367e-02;1.023353e-01;8.266440e-02;6.164974e-02;6.314587e-02;1.620911e-01;5.456915e-02;5.559910e-02;1.047061e-01;4.328551e-02;6.123661e-02
1.575664e-01;6.551249e-02;9.408788e-02;6.751332e-02;5.495842e-02;5.997474e-02;1.694265e-01;6.382941e-02;5.650481e-02;1.104347e-01;4.748588e-02;5.270544e-02
1.690776e-01;4.771493e-02;7.247974e-02;8.077131e-02;4.296109e-02;5.750839e-02;1.847875e-01;5.997734e-02;5.721186e-02;1.196463e-01;4.268715e-02;6.517687e-02
1.619415e-01;4.050438e-02;8.178537e-02;7.064015e-02;4.720107e-02;5.765808e-02;1.969344e-01;6.757680e-02;4.381641e-02;1.135394e-01;6.555175e-02;5.285065e-02
1.120844e-01;3.020210e-02;7.962911e-02;6.607065e-02;3.957601e-02;5.585974e-02;2.396863e-01;6.038522e-02;5.572199e-02;1.103035e-01;8.528707e-02;6.519388e-02
4.657606e-02;3.653635e-02;5.731237e-02;7.290533e-02;3.321141e-02;5.305769e-02;3.259089e-01;5.227242e-02;6.020797e-02;1.096365e-01;8.246339e-02;6.991158e-02
7.283271e-02;3.841224e-02;1.179479e-01;7.150929e-02;2.959760e-02;2.504520e-02;3.329193e-01;4.562699e-02;3.762606e-02;7.400300e-02;8.657326e-02;6.790636e-02
1.121433e-01;2.840093e-02;9.616894e-02;6.630004e-02;2.472102e-02;2.383148e-02;3.324282e-01;5.404275e-02;4.004334e-02;7.705273e-02;7.687058e-02;6.799675e-02
1.106537e-01;2.783070e-02;1.198425e-01;5.958557e-02;2.608625e-02;2.689906e-02;3.266646e-01;6.234746e-02;5.453723e-02;6.442253e-02;6.122423e-02;5.990610e-02
7.299459e-02;2.025686e-02;1.814710e-01;5.342619e-02;3.967872e-02;3.123223e-02;3.246959e-01;6.027203e-02;6.007210e-02;4.874847e-02;5.620331e-02;5.094868e-02
3.905134e-02;3.669265e-02;1.845625e-01;5.952132e-02;6.245191e-02;5.065997e-02;2.274098e-01;5.043278e-02;7.771490e-02;6.223924e-02;8.717919e-02;6.208441e-02
1.140552e-01;7.658982e-02;1.368160e-01;6.635638e-02;6.560463e-02;4.664585e-02;9.709197e-02;5.815515e-02;9.353261e-02;8.686415e-02;9.449238e-02;6.379585e-02
1.783993e-01;9.688129e-02;1.646702e-01;6.257277e-02;6.064689e-02;4.339387e-02;6.953306e-02;5.317467e-02;7.098527e-02;7.298830e-02;8.195262e-02;4.480182e-02
2.323706e-01;7.431363e-02;1.730877e-01;4.553668e-02;5.275197e-02;5.560499e-02;1.265545e-01;4.575802e-02;5.648647e-02;5.323238e-02;4.951635e-02;3.478664e-02
1.937403e-01;1.053125e-01;1.701889e-01;5.592691e-02;5.563098e-02;4.138724e-02;9.401917e-02;4.075647e-02;5.423132e-02;6.584177e-02;5.995317e-02;6.301133e-02
1.972023e-01;9.738155e-02;1.698869e-01;7.403124e-02;6.427801e-02;4.536657e-02;5.513430e-02;3.673762e-02;5.458428e-02;6.815833e-02;6.632344e-02;7.091550e-02
2.166167e-01;8.118751e-02;1.481969e-01;7.248867e-02;7.692970e-02;6.685286e-02;1.357105e-01;3.422809e-02;3.308669e-02;4.536664e-02;4.470729e-02;4.462842e-02
1.920654e-01;1.020691e-01;1.254847e-01;5.096019e-02;8.680045e-02;6.478273e-02;2.211643e-01;4.058930e-02;1.935135e-02;3.660766e-02;3.735024e-02;2.277445e-02
1.451192e-01;1.175062e-01;2.095122e-01;4.446307e-02;6.756035e-02;3.534904e-02;1.815185e-01;6.031113e-02;3.106536e-02;4.507608e-02;4.309513e-02;1.942379e-02
1.612289e-01;1.178581e-01;2.354706e-01;3.430856e-02;5.055375e-02;5.143110e-02;1.227940e-01;8.731198e-02;3.041097e-02;4.237977e-02;4.205133e-02;2.420098e-02
2.117406e-01;1.276342e-01;1.456448e-01;2.206357e-02;5.331502e-02;5.623834e-02;1.130093e-01;8.424545e-02;5.281211e-02;3.515769e-02;6.109795e-02;3.704094e-02
2.176552e-01;1.338619e-01;1.321810e-01;3.512914e-02;5.475064e-02;4.068664e-02;1.186602e-01;6.373776e-02;5.705631e-02;3.699797e-02;7.014669e-02;3.913655e-02
2.125828e-01;1.339592e-01;1.437446e-01;5.174512e-02;6.895955e-02;3.728844e-02;1.251010e-01;5.730660e-02;4.623084e-02;4.145467e-02;5.233357e-02;2.929362e-02
2.008925e-01;1.104656e-01;8.818859e-02;6.787555e-02;8.456530e-02;6.206826e-02;1.635669e-01;5.380171e-02;5.447745e-02;5.008838e-02;3.747372e-02;2.653607e-02
2.013963e-01;7.744246e-02;9.590423e-02;5.477855e-02;9.019324e-02;7.686420e-02;1.657769e-01;5.831166e-02;7.361377e-02;4.703208e-02;3.331710e-02;2.536943e-02
1.727327e-01;5.359451e-02;1.287252e-01;3.758977e-02;6.429140e-02;6.371325e-02;1.948370e-01;8.812074e-02;8.486919e-02;5.940647e-02;2.732086e-02;2.479904e-02
1.197721e-01;5.570361e-02;2.005870e-01;4.010514e-02;4.345053e-02;4.742618e-02;1.966124e-01;7.907490e-02;9.073604e-02;7.965570e-02;2.193831e-02;2.493814e-02
9.716675e-02;7.132443e-02;2.078630e-01;4.276971e-02;3.714849e-02;4.317072e-02;1.964898e-01;7.305904e-02;9.471039e-02;9.024101e-02;2.091117e-02;2.514551e-02
1.271864e-01;7.226876e-02;1.622626e-01;3.291855e-02;4.268751e-02;3.932671e-02;2.075092e-01;8.290287e-02;7.001954e-02;1.007709e-01;3.497488e-02;2.717206e-02
1.194055e-01;7.112480e-02;1.879561e-01;3.314691e-02;4.138876e-02;4.677945e-02;1.986339e-01;6.568288e-02;8.120999e-02;9.427494e-02;3.548464e-02;2.491216e-02
9.716883e-02;6.714060e-02;2.642359e-01;4.522153e-02;5.040371e-02;5.117436e-02;1.947286e-01;3.728923e-02;7.006817e-02;7.086420e-02;2.779344e-02;2.391142e-02
1.180748e-01;6.061242e-02;2.972953e-01;3.922150e-02;4.810738e-02;4.995186e-02;2.062775e-01;3.404178e-02;4.349232e-02;5.444439e-02;2.630231e-02;2.217841e-02
