1.818235e-01;1.143376e-01;2.611171e-02;4.382440e-02;3.963441e-02;4.510901e-02;2.601000e-01;1.181781e-01;1.961680e-02;4.466295e-02;7.817483e-02;2.842661e-02
2.023736e-01;1.633665e-01;2.892520e-02;1.742395e-02;1.861202e-02;4.413692e-02;2.673606e-01;9.005500e-02;1.787907e-02;2.952195e-02;1.097638e-01;1.058143e-02
2.009382e-01;1.513110e-01;2.343316e-02;1.240682e-02;1.688152e-02;5.663395e-02;3.113913e-01;9.541782e-02;9.496823e-03;2.192082e-02;9.116546e-02;9.003133e-03
1.515025e-01;1.071040e-01;2.038618e-02;1.591043e-02;1.958801e-02;7.851025e-02;3.927222e-01;1.103248e-01;2.047554e-02;2.197801e-02;4.771717e-02;1.378085e-02
1.462625e-01;7.721244e-02;1.572552e-02;1.942335e-02;2.347216e-02;7.060438e-02;4.176423e-01;1.522467e-01;2.112537e-02;2.697308e-02;2.199074e-02;7.321504e-03
1.262451e-01;1.188386e-01;1.568918e-02;1.597518e-02;2.858134e-02;4.529562e-02;3.525106e-01;2.199859e-01;1.368931e-02;2.081619e-02;3.620616e-02;6.166772e-03
7.088448e-02;1.524213e-01;2.171068e-02;1.447031e-02;2.459384e-02;3.621564e-02;3.353989e-01;2.759619e-01;1.520307e-02;1.422323e-02;2.725610e-02;1.166052e-02
1.364957e-02;1.745950e-01;2.434849e-02;6.452171e-03;1.471385e-02;3.518226e-02;3.544248e-01;3.142980e-01;1.569438e-02;1.280545e-02;1.935233e-02;1.448365e-02
6.539616e-02;1.791625e-01;2.121386e-02;8.813179e-03;1.115294e-02;3.504001e-02;3.349902e-01;2.662465e-01;1.572798e-02;1.747422e-02;2.996045e-02;1.482201e-02
1.151235e-01;1.831998e-01;2.387654e-02;1.023429e-02;1.244387e-02;3.096490e-02;2.921914e-01;2.260253e-01;1.632306e-02;2.567227e-02;3.817412e-02;2.577093e-02
1.173787e-01;1.630599e-01;2.475043e-02;2.228672e-02;1.978735e-02;1.817233e-02;2.402517e-01;2.180522e-01;1.880607e-02;3.388314e-02;7.762084e-02;4.595064e-02
1.095746e-01;1.056065e-01;2.758867e-02;4.013177e-02;4.509386e-02;3.176049e-02;2.301206e-01;2.055043e-01;2.149065e-02;3.291737e-02;9.548340e-02;5.472778e-02
1.006937e-01;8.565129e-02;3.474876e-02;3.593742e-02;5.590555e-02;6.151884e-02;2.408558e-01;1.718460e-01;2.421541e-02;4.550638e-02;8.572376e-02;5.739722e-02
9.139252e-02;9.430142e-02;4.764947e-02;3.943313e-02;4.669427e-02;6.646359e-02;2.031293e-01;1.365795e-01;3.999034e-02;7.647984e-02;8.425913e-02;7.362748e-02
9.575587e-02;1.202853e-01;6.204484e-02;6.911031e-02;3.051225e-02;5.783602e-02;1.689098e-01;1.066242e-01;8.792035e-02;7.414147e-02;6.508587e-02;6.177376e-02
1.435542e-01;1.402176e-01;5.503311e-02;5.483105e-02;3.100868e-02;7.070819e-02;1.075277e-01;1.235244e-01;1.133532e-01;6.402525e-02;5.573994e-02;4.047676e-02
1.238314e-01;1.430722e-01;4.812881e-02;7.009718e-02;2.203593e-02;8.999309e-02;5.389813e-02;1.703906e-01;7.316285e-02;7.731906e-02;8.641037e-02;4.166028e-02
7.327696e-02;1.396303e-01;4.095742e-02;8.514117e-02;1.086747e-02;5.683399e-02;8.259693e-02;2.135366e-01;5.079295e-02;7.909302e-02;1.240936e-01;4.317952e-02
1.979128e-01;1.239115e-01;2.610584e-02;2.561262e-02;1.888869e-02;2.228298e-02;1.098707e-01;1.468869e-01;3.054689e-02;4.171436e-02;2.384192e-01;1.784752e-02
1.929913e-01;1.063590e-01;1.794842e-02;1.004941e-02;1.432825e-02;1.999822e-02;9.220765e-02;1.016403e-01;1.420547e-02;3.953334e-02;3.762695e-01;1.446919e-02
1.428222e-01;7.066359e-02;1.199790e-02;1.078153e-02;1.814603e-02;1.679125e-02;6.038614e-02;8.475477e-02;1.123703e-02;5.307376e-02;5.024270e-01;1.691886e-02
7.700914e-02;5.776484e-02;1.294690e-02;1.287734e-02;1.890006e-02;1.305542e-02;1.049084e-01;1.621587e-01;1.750065e-02;5.288064e-02;4.545954e-01;1.540245e-02
8.043066e-02;4.652745e-02;1.824414e-02;2.044126e-02;1.586332e-02;2.149840e-02;1.903262e-01;2.731079e-01;1.860739e-02;3.832602e-02;2.660211e-01;1.060623e-02
8.945297e-02;5.486611e-02;1.886670e-02;1.861996e-02;1.790535e-02;3.297098e-02;2.316228e-01;3.146695e-01;2.361627e-02;2.107732e-02;1.681100e-01;8.222084e-03
5.034173e-02;5.890895e-02;2.506527e-02;2.800148e-02;2.428896e-02;4.372192e-02;2.501737e-01;2.575659e-01;3.163548e-02;3.156696e-02;1.904363e-01;8.293350e-03
5.125726e-02;4.636157e-02;2.292090e-02;6.743005e-02;4.800622e-02;5.471288e-02;2.023012e-01;1.355281e-01;4.529866e-02;8.157238e-02;2.331479e-01;1.146284e-02
6.657703e-02;3.685654e-02;1.347487e-02;3.918646e-02;6.832431e-02;7.445092e-02;1.162581e-01;3.968112e-02;2.420588e-02;1.103290e-01;3.961903e-01;1.446545e-02
6.141611e-02;4.406700e-02;1.176167e-02;2.210066e-02;6.570297e-02;1.004935e-01;1.011773e-01;6.117178e-02;1.235011e-02;1.033279e-01;3.999700e-01;1.646096e-02
5.278523e-02;3.829274e-02;1.284949e-02;2.942563e-02;6.367233e-02;1.515707e-01;7.606577e-02;5.602846e-02;1.388230e-02;8.501193e-02;3.905429e-01;2.987254e-02
3.825160e-02;5.272545e-02;1.309637e-02;3.339250e-02;8.405472e-02;1.628670e-01;5.808012e-02;4.548027e-02;1.477231e-02;9.884601e-02;3.569497e-01;4.148396e-02
2.879376e-02;7.489020e-02;1.042143e-02;2.899582e-02;1.269396e-01;1.096821e-01;3.307436e-02;5.607443e-02;2.614236e-02;1.553471e-01;3.090159e-01;4.062293e-02
2.764105e-02;9.118298e-02;1.294572e-02;2.903068e-02;1.508195e-01;4.857150e-02;4.628381e-02;6.131001e-02;2.379674e-02;1.719518e-01;2.817931e-01;5.467315e-02
5.425403e-02;9.970422e-02;2.542237e-02;3.138350e-02;1.043056e-01;3.391369e-02;8.269861e-02;1.145476e-01;2.300113e-02;1.208631e-01;2.592201e-01;5.068604e-02
6.390481e-02;9.237161e-02;2.867207e-02;3.251515e-02;4.884139e-02;4.927945e-02;1.538806e-01;1.654368e-01;2.336567e-02;7.864411e-02;2.345539e-01;2.853443e-02
5.639358e-02;7.739120e-02;2.684903e-02;2.741596e-02;3.116047e-02;7.031851e-02;2.065831e-01;1.921553e-01;2.449196e-02;6.502643e-02;1.983599e-01;2.385452e-02
4.111416e-02;9.007873e-02;2.302872e-02;3.294798e-02;6.360085e-02;5.658761e-02;1.749906e-01;1.652997e-01;2.596510e-02;8.824317e-02;2.236917e-01;1.445172e-02
5.283658e-02;7.649410e-02;2.043024e-02;3.793195e-02;7.322789e-02;6.002898e-02;1.111004e-01;1.579288e-01;2.888226e-02;9.100797e-02;2.672063e-01;2.292451e-02
1.025853e-01;9.025817e-02;2.420440e-02;8.087519e-02;7.721972e-02;9.483636e-02;1.030959e-01;1.143073e-01;6.302138e-02;7.059705e-02;1.196380e-01;5.936125e-02
1.389616e-01;8.494695e-02;2.304710e-02;8.748445e-02;5.712727e-02;8.460917e-02;9.642069e-02;1.251595e-01;8.201154e-02;5.753297e-02;7.828314e-02;8.441558e-02
1.782467e-01;7.279941e-02;2.603527e-02;6.324495e-02;5.370742e-02;6.407323e-02;6.198059e-02;1.327899e-01;6.871762e-02;7.293607e-02;1.252924e-01;8.017652e-02
1.416643e-01;7.558055e-02;3.227806e-02;4.618459e-02;3.840413e-02;5.621383e-02;1.310656e-01;1.455972e-01;3.124288e-02;5.836357e-02;1.803712e-01;6.303403e-02
1.143755e-01;7.240411e-02;3.350560e-02;3.591406e-02;4.415984e-02;5.114011e-02;1.574116e-01;1.644580e-01;3.384258e-02;4.901418e-02;1.866172e-01;5.715720e-02
9.404913e-02;1.021454e-01;3.169250e-02;3.094110e-02;4.675151e-02;5.473526e-02;1.845464e-01;1.849100e-01;3.711459e-02;3.869151e-02;1.423326e-01;5.209008e-02
4.264668e-02;1.370402e-01;3.358478e-02;5.490085e-02;6.793547e-02;5.991122e-02;1.860567e-01;2.175369e-01;4.430053e-02;3.701027e-02;6.913650e-02;4.993986e-02
7.545672e-02;1.665592e-01;3.297657e-02;4.251813e-02;4.664432e-02;4.776420e-02;1.814697e-01;2.219534e-01;2.921753e-02;3.178741e-02;8.424357e-02;3.940920e-02
4.734707e-02;1.804643e-01;5.146985e-02;2.723314e-02;2.396993e-02;4.123240e-02;2.137818e-01;2.697538e-01;2.253060e-02;3.467137e-02;3.949119e-02;4.805466e-02
4.326899e-02;1.942546e-01;5.362222e-02;2.605110e-02;2.166241e-02;2.674141e-02;2.297103e-01;2.643430e-01;1.955984e-02;3.082282e-02;3.872988e-02;5.123356e-02
6.980854e-02;2.154849e-01;3.233506e-02;1.641933e-02;2.038180e-02;3.862361e-02;2.813265e-01;1.943164e-01;1.924312e-02;1.525750e-02;6.552839e-02;3.127486e-02
1.259739e-01;2.169059e-01;1.672840e-02;1.063776e-02;1.323228e-02;4.898086e-02;3.104513e-01;1.503770e-01;1.757779e-02;8.692634e-03;5.899890e-02;2.144328e-02
2.177212e-01;1.794518e-01;9.521948e-03;1.910290e-02;1.204457e-02;5.462079e-02;2.824277e-01;1.166862e-01;1.201045e-02;1.516657e-02;5.320742e-02;2.803848e-02
2.799360e-01;1.261848e-01;1.353894e-02;2.386886e-02;1.833458e-02;5.588135e-02;2.314854e-01;1.025993e-01;1.419151e-02;2.358226e-02;8.559658e-02;2.480037e-02
2.351340e-01;6.586274e-02;2.460595e-02;1.902051e-02;3.240873e-02;6.321754e-02;2.122325e-01;8.866071e-02;2.038826e-02;2.239278e-02;1.953940e-01;2.068228e-02
1.026702e-01;9.078691e-02;2.536437e-02;1.870750e-02;3.575474e-02;4.669132e-02;2.163925e-01;9.804895e-02;1.688315e-02;2.194903e-02;2.911153e-01;3.563596e-02
2.190152e-01;6.506380e-02;2.449973e-02;1.680022e-02;2.443744e-02;2.513730e-02;1.891750e-01;8.455946e-02;1.596490e-02;2.274078e-02;2.804151e-01;3.219103e-02
1.609978e-01;1.083146e-01;2.865824e-02;1.532165e-02;2.352316e-02;2.125406e-02;1.710737e-01;1.280864e-01;1.829160e-02;2.089934e-02;2.828824e-01;2.069703e-02
5.604667e-02;1.308567e-01;3.008661e-02;1.911419e-02;3.110732e-02;4.930028e-02;2.302139e-01;1.013186e-01;2.222092e-02;2.456386e-02;2.904302e-01;1.474075e-02
1.337238e-01;7.987275e-02;3.692614e-02;3.152338e-02;4.510465e-02;7.624450e-02;2.299867e-01;1.022049e-01;3.385422e-02;2.144990e-02;1.816872e-01;2.742180e-02
2.149649e-01;6.851143e-02;5.121740e-02;2.789942e-02;4.260766e-02;8.840647e-02;1.992924e-01;9.517977e-02;3.504115e-02;2.396428e-02;1.215502e-01;3.136490e-02
2.842498e-01;1.011080e-01;2.982808e-02;1.645163e-02;2.605674e-02;8.687062e-02;2.283090e-01;9.225716e-02;1.933750e-02;1.645483e-02;7.738473e-02;2.169187e-02
2.928554e-01;1.367932e-01;1.130845e-02;1.523080e-02;2.467721e-02;8.566097e-02;2.641947e-01;1.064277e-01;9.382156e-03;1.381771e-02;2.961964e-02;1.003201e-02
3.119979e-01;1.581760e-01;4.844237e-03;1.513751e-02;2.251471e-02;8.108884e-02;2.615319e-01;1.084178e-01;9.047049e-03;1.315926e-02;7.140126e-03;6.944748e-03
3.602610e-01;1.949190e-01;7.824690e-03;1.318456e-02;1.796710e-02;7.042719e-02;2.066220e-01;8.327089e-02;1.001911e-02;1.154384e-02;1.774444e-02;6.216255e-03
4.236231e-01;2.114561e-01;8.724613e-03;6.725729e-03;1.450227e-02;6.737478e-02;1.626204e-01;5.540688e-02;9.344029e-03;1.176490e-02;2.157667e-02;6.880596e-03
4.359958e-01;1.847343e-01;1.483678e-02;1.057199e-02;1.802967e-02;6.599720e-02;1.427174e-01;4.648208e-02;1.526200e-02;1.454817e-02;3.723140e-02;1.359314e-02
3.711801e-01;1.339265e-01;2.374787e-02;1.520583e-02;2.510356e-02;6.111783e-02;1.301135e-01;4.154200e-02;2.342557e-02;1.667295e-02;1.291859e-01;2.877826e-02
2.772387e-01;1.053961e-01;2.714486e-02;1.384797e-02;2.422761e-02;5.734586e-02;1.309812e-01;6.238252e-02;2.616357e-02;2.010342e-02;2.166885e-01;3.847970e-02
2.295572e-01;1.488478e-01;2.797966e-02;1.723341e-02;2.311706e-02;5.190015e-02;1.437926e-01;8.288356e-02;3.705430e-02;2.371636e-02;1.831758e-01;3.074205e-02
1.517759e-01;1.348108e-01;3.559444e-02;3.473300e-02;2.847415e-02;5.775490e-02;1.711564e-01;1.180731e-01;3.713320e-02;4.102296e-02;1.579289e-01;3.154217e-02
1.454246e-01;9.279373e-02;3.627617e-02;3.825848e-02;4.780417e-02;6.663429e-02;1.219613e-01;8.868970e-02;2.542896e-02;5.359956e-02;2.468989e-01;3.623008e-02
1.482443e-01;4.932876e-02;3.403926e-02;4.264899e-02;7.921604e-02;8.206619e-02;9.040841e-02;5.320575e-02;3.515553e-02;7.442120e-02;2.380045e-01;7.326104e-02
1.114214e-01;4.530922e-02;4.388038e-02;5.137497e-02;8.098042e-02;6.502365e-02;9.101030e-02;5.300798e-02;6.381843e-02;7.961333e-02;2.081548e-01;1.064051e-01
6.139229e-02;7.052401e-02;5.431971e-02;6.350768e-02;6.187006e-02;7.677200e-02;8.866871e-02;8.909709e-02;6.152843e-02;5.880367e-02;2.175965e-01;9.591986e-02
5.255959e-02;1.095745e-01;5.934815e-02;6.836111e-02;3.034249e-02;6.874423e-02;6.408960e-02;1.165680e-01;4.131051e-02;4.033906e-02;2.517081e-01;9.705471e-02
5.494690e-02;1.367652e-01;5.855666e-02;8.266832e-02;3.356817e-02;8.155642e-02;7.933177e-02;1.027937e-01;2.330652e-02;3.866255e-02;2.535032e-01;5.434054e-02
6.038401e-02;1.749495e-01;5.761989e-02;5.846542e-02;2.995275e-02;8.749367e-02;1.299358e-01;9.687913e-02;2.083959e-02;3.044190e-02;2.069991e-01;4.603924e-02
1.197062e-01;2.010539e-01;5.836873e-02;2.492242e-02;1.696697e-02;6.062715e-02;1.289226e-01;9.772600e-02;1.607027e-02;3.257483e-02;1.906334e-01;5.242750e-02
1.391350e-01;1.850527e-01;6.373079e-02;4.068709e-02;2.603965e-02;4.156433e-02;1.122060e-01;8.032623e-02;1.962515e-02;3.985333e-02;2.126266e-01;3.915323e-02
1.114427e-01;1.918975e-01;7.227093e-02;5.013101e-02;3.445102e-02;4.869960e-02;1.161850e-01;1.000806e-01;2.672941e-02;3.549090e-02;1.730123e-01;3.960894e-02
9.187157e-02;2.086117e-01;7.884399e-02;6.262776e-02;4.171589e-02;6.817552e-02;8.372701e-02;1.049633e-01;1.394894e-02;4.512105e-02;1.496495e-01;5.074381e-02
1.452210e-01;1.145687e-01;8.816741e-02;5.922527e-02;5.592560e-02;7.975394e-02;1.005794e-01;3.992177e-02;2.772824e-02;3.164781e-02;1.815052e-01;7.575564e-02
9.362979e-02;7.531005e-02;5.697380e-02;1.124169e-01;1.104987e-01;4.446919e-02;8.143571e-02;1.016836e-01;6.423701e-02;6.536456e-02;1.366374e-01;5.734333e-02
6.537002e-02;6.505879e-02;5.105313e-02;1.476752e-01;1.294904e-01;3.841588e-02;1.018794e-01;1.058848e-01;6.072066e-02;5.425083e-02;1.163970e-01;6.380378e-02
7.107443e-02;7.321193e-02;5.695430e-02;1.567183e-01;1.309520e-01;4.545832e-02;1.104355e-01;9.288254e-02;4.551471e-02;4.521075e-02;1.138615e-01;5.772579e-02
8.161946e-02;7.669409e-02;6.033602e-02;1.561205e-01;1.201015e-01;5.665872e-02;1.325143e-01;1.170838e-01;3.017325e-02;2.970998e-02;9.623688e-02;4.275135e-02
1.891195e-01;1.360385e-01;3.846296e-02;5.454218e-02;4.474201e-02;1.018445e-01;2.100541e-01;1.216965e-01;3.243297e-02;3.066515e-02;2.900344e-02;1.139822e-02
1.618623e-01;1.063406e-01;3.369474e-02;4.391703e-02;6.004159e-02;1.295607e-01;1.964442e-01;1.027569e-01;6.362322e-02;2.860986e-02;4.907587e-02;2.407308e-02
9.528121e-02;8.767698e-02;2.996616e-02;5.369701e-02;7.750247e-02;1.374812e-01;1.460336e-01;1.218679e-01;9.655911e-02;2.783275e-02;9.298097e-02;3.312057e-02
4.410972e-02;7.586429e-02;2.630087e-02;5.343141e-02;4.984941e-02;9.421305e-02;1.272593e-01;2.327910e-01;1.000157e-01;2.813261e-02;1.483994e-01;1.963324e-02
7.084255e-02;8.089057e-02;2.593628e-02;4.690477e-02;3.235873e-02;5.991943e-02;1.519321e-01;2.445202e-01;6.706208e-02;2.607968e-02;1.773060e-01;1.624769e-02
6.147108e-02;9.219594e-02;3.198875e-02;4.066266e-02;2.007949e-02;7.076223e-02;1.796137e-01;1.460355e-01;4.762032e-02;3.198947e-02;2.586800e-01;1.890082e-02
4.503783e-02;9.219654e-02;4.893068e-02;2.637585e-02;3.220594e-02;5.846548e-02;1.474675e-01;7.526174e-02;3.401253e-02;3.090839e-02;3.954371e-01;1.370047e-02
6.192235e-02;1.323129e-01;6.413490e-02;2.296789e-02;6.097908e-02;2.989193e-02;1.231869e-01;5.756068e-02;1.853175e-02;3.921188e-02;3.806487e-01;8.651036e-03
7.308718e-02;2.336094e-01;8.047717e-02;1.645402e-02;7.161190e-02;3.848397e-02;9.283900e-02;5.226874e-02;1.597226e-02;4.176605e-02;2.719724e-01;1.145799e-02
1.017361e-01;3.518188e-01;7.103343e-02;5.704389e-02;3.643510e-02;4.989985e-02;4.036099e-02;6.315497e-02;2.211182e-02;3.077350e-02;1.369253e-01;3.870624e-02
8.665048e-02;2.828262e-01;5.824990e-02;7.322587e-02;2.822061e-02;5.242009e-02;1.153179e-01;7.991809e-02;4.502650e-02;3.024869e-02;7.594810e-02;7.194743e-02
6.934970e-02;1.849345e-01;4.690845e-02;5.290784e-02;2.454741e-02;1.276134e-01;1.350918e-01;6.879929e-02;6.725565e-02;4.163554e-02;8.049281e-02;1.004637e-01
6.584560e-02;1.586675e-01;3.641485e-02;6.688407e-02;3.328791e-02;1.913678e-01;9.834392e-02;6.121903e-02;8.099166e-02;4.530233e-02;4.592086e-02;1.157544e-01
6.397469e-02;1.457469e-01;3.444225e-02;1.017177e-01;7.482228e-02;1.915253e-01;6.630763e-02;6.110143e-02;8.156545e-02;4.403307e-02;3.993354e-02;9.482983e-02
9.561418e-02;1.351599e-01;3.530995e-02;1.068874e-01;8.942240e-02;1.518080e-01;8.881113e-02;7.378318e-02;7.134300e-02;3.729331e-02;5.122716e-02;6.334045e-02
1.386493e-01;1.080591e-01;4.516467e-02;7.342903e-02;8.617982e-02;1.073365e-01;1.306266e-01;8.650555e-02;5.452974e-02;2.500104e-02;1.069362e-01;3.758242e-02
1.285268e-01;6.457238e-02;4.828401e-02;6.675489e-02;3.653322e-02;1.231170e-01;1.543105e-01;1.217937e-01;5.285278e-02;3.533391e-02;1.066370e-01;6.128392e-02
1.151369e-01;1.074259e-01;3.215395e-02;1.173965e-01;5.163354e-02;1.577179e-01;8.437743e-02;8.839021e-02;6.712276e-02;3.797904e-02;6.107166e-02;7.959419e-02
1.217118e-01;9.488513e-02;2.934559e-02;6.227835e-02;5.559456e-02;2.534511e-01;7.746986e-02;5.701401e-02;6.194300e-02;3.798623e-02;7.466911e-02;7.365126e-02
1.211943e-01;1.150892e-01;3.160936e-02;8.250950e-02;9.769289e-02;1.966769e-01;1.072998e-01;5.397348e-02;4.345178e-02;4.073916e-02;5.538946e-02;5.437421e-02
1.124484e-01;1.470961e-01;4.448828e-02;1.056321e-01;6.627983e-02;1.438230e-01;1.271825e-01;4.489463e-02;2.430766e-02;3.575055e-02;8.286835e-02;6.522849e-02
1.128607e-01;1.201917e-01;5.493174e-02;1.286472e-01;2.130922e-02;1.267760e-01;1.295648e-01;8.266876e-02;3.511903e-02;2.431767e-02;6.092487e-02;1.026883e-01
7.839003e-02;6.227782e-02;5.319445e-02;1.136616e-01;4.854134e-02;1.181390e-01;1.296522e-01;1.241896e-01;5.906090e-02;3.476500e-02;6.880444e-02;1.093236e-01
9.838261e-02;6.806152e-02;4.876138e-02;5.254684e-02;5.421814e-02;1.118934e-01;1.509136e-01;1.283772e-01;5.097312e-02;5.446578e-02;7.545783e-02;1.059487e-01
5.294673e-02;9.125972e-02;5.311221e-02;2.836047e-02;4.551688e-02;4.842123e-02;1.550209e-01;2.532212e-01;7.992832e-02;4.217213e-02;9.906725e-02;5.097297e-02
5.388996e-02;8.766049e-02;4.853784e-02;2.507842e-02;3.830041e-02;4.336653e-02;1.349026e-01;2.534144e-01;1.069040e-01;6.317660e-02;1.104206e-01;3.434826e-02
4.195391e-02;7.522510e-02;3.826717e-02;2.268159e-02;3.353840e-02;4.509499e-02;1.470702e-01;2.423504e-01;1.330334e-01;8.150238e-02;1.153956e-01;2.388678e-02
5.955257e-02;8.152904e-02;2.411754e-02;1.277968e-02;2.657334e-02;4.907468e-02;1.804843e-01;1.572427e-01;1.459757e-01;1.022580e-01;1.235245e-01;3.688788e-02
1.275002e-01;1.295084e-01;2.085881e-02;1.705674e-02;2.044238e-02;3.568199e-02;1.783706e-01;1.175109e-01;9.692043e-02;1.028155e-01;8.016539e-02;7.316856e-02
2.037110e-01;1.526364e-01;1.787987e-02;9.872829e-03;1.302093e-02;3.530399e-02;1.435515e-01;1.458867e-01;9.787557e-03;3.076833e-02;1.966394e-01;4.094137e-02
2.647509e-01;1.440280e-01;1.249721e-02;1.299396e-02;8.239128e-03;3.594825e-02;1.932706e-01;1.222784e-01;7.320199e-03;1.685693e-02;1.636699e-01;1.814654e-02
2.725166e-01;1.821580e-01;1.572341e-02;1.542226e-02;1.270499e-02;4.448001e-02;2.214710e-01;1.174815e-01;3.575151e-03;1.013527e-02;9.707171e-02;7.260127e-03
2.803637e-01;2.362532e-01;1.580996e-02;3.032746e-02;2.507924e-02;5.340022e-02;2.176358e-01;8.426252e-02;2.868744e-03;9.005488e-03;4.216774e-02;2.825836e-03
3.342561e-01;2.727666e-01;9.700679e-03;3.757573e-02;2.851946e-02;5.629239e-02;1.767578e-01;4.981752e-02;4.251712e-03;1.340875e-02;1.284513e-02;3.808015e-03
4.019433e-01;2.727709e-01;3.978304e-03;2.438088e-02;1.502356e-02;5.517698e-02;1.495464e-01;3.475266e-02;7.740404e-03;1.860708e-02;1.213640e-02;3.943119e-03
4.994373e-01;2.145936e-01;3.215213e-03;7.264293e-03;6.931047e-03;5.831269e-02;1.305562e-01;2.631427e-02;8.506788e-03;2.638329e-02;1.390301e-02;4.582295e-03
5.900221e-01;1.082565e-01;3.800586e-03;7.010559e-03;9.253482e-03;6.192295e-02;1.320920e-01;2.420982e-02;7.166983e-03;2.524688e-02;2.139523e-02;9.622903e-03
6.081528e-01;4.788196e-02;3.049951e-03;9.561813e-03;1.123867e-02;6.472673e-02;1.382244e-01;2.350531e-02;7.156306e-03;1.721561e-02;5.528076e-02;1.400567e-02
5.175416e-01;7.241374e-02;7.202977e-03;1.004390e-02;1.476862e-02;6.585154e-02;1.479811e-01;2.453543e-02;7.930888e-03;1.259286e-02;1.070222e-01;1.211523e-02
3.659838e-01;1.017159e-01;2.402866e-02;1.737004e-02;2.094835e-02;7.392649e-02;1.847035e-01;4.745091e-02;9.032864e-03;1.007502e-02;1.331837e-01;1.158076e-02
1.864173e-01;1.374383e-01;4.214403e-02;2.811211e-02;2.670636e-02;6.515829e-02;1.779239e-01;5.941787e-02;1.790256e-02;8.485834e-03;2.386601e-01;1.163333e-02
2.017466e-01;1.382651e-01;4.090279e-02;2.378333e-02;1.703271e-02;3.674134e-02;1.045511e-01;5.008517e-02;1.397479e-02;1.482757e-02;3.462088e-01;1.188077e-02
1.775412e-01;1.827321e-01;5.610213e-02;1.992624e-02;1.310521e-02;2.844340e-02;8.074553e-02;2.801708e-02;1.111082e-02;2.413415e-02;3.639128e-01;1.422925e-02
1.700741e-01;3.007766e-01;8.326108e-02;3.240376e-02;2.514961e-02;3.437753e-02;6.824889e-02;4.617705e-02;1.460223e-02;3.025556e-02;1.825005e-01;1.217307e-02
1.534866e-01;2.853905e-01;8.183963e-02;3.202814e-02;2.260098e-02;2.667829e-02;6.500676e-02;5.370021e-02;2.807210e-02;2.783073e-02;1.990356e-01;2.433041e-02
1.744488e-01;2.694917e-01;6.528425e-02;2.364915e-02;2.528220e-02;2.926357e-02;7.596456e-02;8.781610e-02;3.386198e-02;3.434206e-02;1.430433e-01;3.755232e-02
1.777536e-01;1.973234e-01;5.546185e-02;4.167830e-02;3.399290e-02;3.196421e-02;8.980130e-02;8.799186e-02;1.453972e-02;3.462995e-02;2.022285e-01;3.263443e-02
1.418214e-01;1.272000e-01;5.476886e-02;4.927387e-02;2.923665e-02;3.575842e-02;1.172527e-01;8.759227e-02;1.561205e-02;1.985137e-02;2.713270e-01;5.030543e-02
1.524891e-01;1.124421e-01;5.202600e-02;3.355446e-02;2.594432e-02;2.102225e-02;9.679874e-02;5.642539e-02;2.018736e-02;3.173837e-02;3.130684e-01;8.430351e-02
1.260289e-01;1.163787e-01;5.292679e-02;2.462595e-02;2.576989e-02;1.918643e-02;1.028530e-01;5.762580e-02;1.904710e-02;4.111671e-02;3.248931e-01;8.954769e-02
1.270871e-01;1.276055e-01;5.927891e-02;2.229924e-02;2.796873e-02;2.627144e-02;1.022162e-01;6.076826e-02;9.098828e-03;3.615384e-02;2.829206e-01;1.183314e-01
1.283325e-01;1.755104e-01;6.372739e-02;2.253611e-02;3.253448e-02;3.237874e-02;6.716267e-02;6.777691e-02;1.269357e-02;5.144760e-02;2.248922e-01;1.210074e-01
1.410117e-01;2.268276e-01;5.830823e-02;2.105594e-02;2.744858e-02;3.318737e-02;7.710434e-02;8.990604e-02;2.662524e-02;6.310944e-02;1.486025e-01;8.681303e-02
1.818406e-01;2.106805e-01;4.657233e-02;2.134949e-02;2.373928e-02;3.347927e-02;1.110281e-01;1.292216e-01;3.202356e-02;3.906268e-02;9.705618e-02;7.394638e-02
1.603590e-01;1.500383e-01;3.940223e-02;2.593689e-02;2.398093e-02;3.487160e-02;1.464488e-01;1.073517e-01;2.928335e-02;4.265301e-02;1.600026e-01;7.967165e-02
1.470930e-01;1.473168e-01;4.358057e-02;3.286851e-02;2.233105e-02;4.533171e-02;1.132864e-01;5.460312e-02;3.294416e-02;5.443192e-02;2.322174e-01;7.399535e-02
1.517336e-01;1.092968e-01;6.303354e-02;3.489750e-02;3.073136e-02;3.569928e-02;1.006753e-01;8.529361e-02;5.424654e-02;6.369250e-02;1.707901e-01;9.990985e-02
1.587071e-01;6.648090e-02;9.513207e-02;5.184619e-02;3.829402e-02;3.455460e-02;8.163688e-02;1.070573e-01;6.751753e-02;6.090355e-02;1.533343e-01;8.453562e-02
1.708558e-01;7.347227e-02;1.139593e-01;3.999237e-02;3.454905e-02;3.460139e-02;7.834325e-02;1.064246e-01;4.936654e-02;5.198517e-02;1.564176e-01;9.003264e-02
1.832593e-01;1.328426e-01;1.019435e-01;2.629798e-02;2.492547e-02;3.501295e-02;7.235537e-02;8.482722e-02;4.010048e-02;5.344239e-02;1.249259e-01;1.200669e-01
1.510722e-01;1.873796e-01;6.916147e-02;4.624714e-02;2.903267e-02;4.719745e-02;9.229553e-02;7.297744e-02;5.455266e-02;6.075790e-02;6.155239e-02;1.277736e-01
1.338024e-01;1.950809e-01;3.329441e-02;2.292075e-02;2.425522e-02;3.323646e-02;1.163575e-01;1.329052e-01;5.333439e-02;4.060465e-02;1.422430e-01;7.196513e-02
1.720260e-01;1.666254e-01;4.190197e-02;2.404400e-02;1.872322e-02;2.815184e-02;1.360792e-01;1.104562e-01;4.365826e-02;3.397505e-02;1.815243e-01;4.283450e-02
1.695857e-01;2.235537e-01;4.967437e-02;1.535015e-02;2.214564e-02;3.157272e-02;1.420155e-01;8.229987e-02;3.732024e-02;4.013947e-02;1.551099e-01;3.123274e-02
1.453194e-01;3.036712e-01;6.967480e-02;1.907288e-02;2.994855e-02;3.291952e-02;1.511428e-01;5.879331e-02;2.049589e-02;5.808425e-02;1.008184e-01;1.005914e-02
1.427207e-01;3.063996e-01;7.450591e-02;2.093435e-02;2.948347e-02;3.298800e-02;1.289328e-01;5.621421e-02;2.654774e-02;6.299394e-02;9.250519e-02;2.577416e-02
1.492833e-01;3.231795e-01;5.710661e-02;2.140401e-02;1.736774e-02;3.565133e-02;9.505342e-02;9.233928e-02;5.451220e-02;4.713700e-02;5.793529e-02;4.903026e-02
1.726428e-01;3.328147e-01;3.971944e-02;1.797730e-02;1.917311e-02;3.622364e-02;7.282285e-02;1.030323e-01;8.850729e-02;3.012246e-02;3.396297e-02;5.300106e-02
1.951085e-01;2.794156e-01;3.495603e-02;1.494640e-02;3.358838e-02;2.318830e-02;5.898465e-02;1.017255e-01;9.932580e-02;3.727564e-02;8.163019e-02;3.985492e-02
1.127272e-01;1.931326e-01;5.379073e-02;3.967356e-02;4.003520e-02;2.696609e-02;1.126194e-01;1.151885e-01;7.068048e-02;6.839480e-02;1.476418e-01;1.914960e-02
1.071831e-01;1.235532e-01;7.200480e-02;4.795855e-02;4.917609e-02;3.326762e-02;1.576075e-01;1.055752e-01;3.977713e-02;5.794006e-02;1.737427e-01;3.221402e-02
1.808493e-01;1.050594e-01;8.797897e-02;3.587686e-02;5.403025e-02;7.143801e-02;1.863700e-01;7.848411e-02;3.464353e-02;4.248506e-02;9.012692e-02;3.265766e-02
