1.671046e-01;7.150277e-02;9.349967e-02;2.850930e-02;5.412889e-02;3.587802e-02;1.736062e-01;3.106986e-02;6.130743e-02;1.261857e-01;1.062771e-01;5.093044e-02
2.195479e-01;7.825239e-02;1.013375e-01;3.400118e-02;5.326700e-02;3.429073e-02;1.436956e-01;6.426171e-02;6.038163e-02;6.972485e-02;7.856114e-02;6.267838e-02
1.303241e-01;9.590888e-02;1.097470e-01;3.834407e-02;3.910747e-02;3.822511e-02;1.553604e-01;1.075477e-01;7.746127e-02;8.047996e-02;6.640734e-02;6.108669e-02
6.230202e-02;8.561669e-02;1.539490e-01;4.282563e-02;5.191197e-02;4.389187e-02;1.485851e-01;9.752981e-02;4.997743e-02;1.356023e-01;7.486095e-02;5.294726e-02
8.404498e-02;5.104990e-02;1.244661e-01;4.300006e-02;7.644480e-02;6.623107e-02;1.217076e-01;5.482964e-02;8.010055e-02;1.524130e-01;8.771512e-02;5.799719e-02
8.261971e-02;2.707482e-02;1.694152e-01;5.810615e-02;6.645610e-02;9.550474e-02;9.418277e-02;6.110119e-02;1.060428e-01;1.085864e-01;8.566651e-02;4.524364e-02
8.914123e-02;5.035348e-02;1.748639e-01;5.456189e-02;4.151497e-02;7.862800e-02;1.700216e-01;9.477388e-02;7.161861e-02;8.668736e-02;5.175862e-02;3.607639e-02
8.145721e-02;6.286591e-02;1.512347e-01;5.411208e-02;7.474736e-02;6.017928e-02;1.907647e-01;9.593528e-02;6.374372e-02;7.871517e-02;4.175867e-02;4.448592e-02
5.008960e-02;7.013654e-02;1.494598e-01;6.389332e-02;1.055527e-01;7.842048e-02;1.492870e-01;9.473790e-02;6.221910e-02;8.032595e-02;5.693585e-02;3.894176e-02
1.030199e-01;5.298657e-02;1.137749e-01;7.062989e-02;6.410479e-02;6.660176e-02;1.090260e-01;9.203584e-02;8.999410e-02;1.112491e-01;7.924602e-02;4.733122e-02
1.599199e-01;6.415880e-02;1.330731e-01;7.414273e-02;8.424409e-02;4.501411e-02;1.102677e-01;9.979222e-02;6.257004e-02;6.708473e-02;4.888755e-02;5.084490e-02
1.172398e-01;9.447666e-02;1.626301e-01;6.147144e-02;6.047597e-02;6.267826e-02;1.542398e-01;6.615612e-02;7.713515e-02;5.429512e-02;4.888125e-02;4.032035e-02
1.540219e-01;9.857258e-02;1.792419e-01;5.731151e-02;4.859959e-02;6.535942e-02;1.437718e-01;4.886392e-02;6.123270e-02;4.227419e-02;5.002990e-02;5.072061e-02
1.625570e-01;6.384421e-02;2.123539e-01;5.947810e-02;3.851109e-02;7.721204e-02;1.387507e-01;5.005988e-02;5.335323e-02;4.560125e-02;4.629132e-02;5.198725e-02
2.061918e-01;6.371742e-02;2.024079e-01;6.280885e-02;3.921408e-02;7.777926e-02;8.209682e-02;5.944481e-02;4.152754e-02;5.098421e-02;3.982694e-02;7.400044e-02
3.255629e-01;7.117591e-02;1.047908e-01;4.817555e-02;4.068443e-02;4.896058e-02;7.433881e-02;8.598348e-02;2.036549e-02;4.193408e-02;4.483093e-02;9.319704e-02
4.577056e-01;9.226276e-02;5.577633e-02;2.268486e-02;2.247454e-02;1.866766e-02;4.632765e-02;1.209425e-01;2.048754e-02;2.456546e-02;3.078612e-02;8.731891e-02
5.318395e-01;8.667655e-02;1.456651e-02;5.611264e-03;8.585427e-03;7.165696e-03;4.686565e-02;1.610983e-01;7.523253e-03;1.556820e-02;2.814472e-02;8.635484e-02
4.879049e-01;5.723196e-02;3.858477e-02;5.677812e-03;8.105389e-03;7.294831e-03;8.821690e-02;1.806409e-01;1.601233e-02;1.466526e-02;2.637232e-02;6.929266e-02
4.497464e-01;6.070596e-02;4.379880e-02;7.844387e-03;4.807759e-03;6.339215e-03;1.108833e-01;1.814581e-01;1.022888e-02;2.134569e-02;1.546077e-02;8.738065e-02
3.846633e-01;6.359786e-02;3.486741e-02;9.098442e-03;3.718006e-03;8.022914e-03;1.638936e-01;1.712569e-01;9.210169e-03;3.836423e-02;1.715466e-02;9.615248e-02
2.732459e-01;4.356087e-02;2.887682e-02;1.768559e-02;6.252645e-03;6.545905e-03;2.500075e-01;1.522718e-01;1.106853e-02;6.583769e-02;2.197038e-02;1.226763e-01
1.470028e-01;1.830953e-02;2.569991e-02;2.976291e-02;3.808428e-03;7.646361e-03;3.601864e-01;1.346543e-01;7.109249e-03;8.886902e-02;3.137631e-02;1.455747e-01
5.357734e-02;8.783351e-03;2.831617e-02;3.612967e-02;5.794390e-03;1.394990e-02;4.384451e-01;1.581838e-01;7.152809e-03;8.212885e-02;2.809887e-02;1.394398e-01
6.388001e-02;3.451578e-02;3.360463e-02;3.396992e-02;1.030769e-02;1.552251e-02;4.161935e-01;1.494873e-01;7.214956e-03;6.359199e-02;3.550847e-02;1.362032e-01
1.807657e-01;6.398025e-02;5.079480e-02;2.312171e-02;9.925826e-03;3.253236e-02;3.178097e-01;7.177143e-02;2.112206e-02;3.813422e-02;4.859274e-02;1.414492e-01
2.461157e-01;6.984574e-02;3.756218e-02;1.578806e-02;5.574232e-03;2.367461e-02;2.878527e-01;6.208169e-02;3.954255e-02;1.811148e-02;3.599473e-02;1.578563e-01
2.160136e-01;3.997513e-02;1.879771e-02;1.322432e-02;2.773150e-03;2.812449e-02;3.327590e-01;7.267979e-02;3.161884e-02;9.741561e-03;3.927456e-02;1.950179e-01
1.323851e-01;9.740312e-03;1.976836e-02;1.515828e-02;3.942024e-03;6.538156e-02;3.871509e-01;3.125467e-02;1.469410e-02;6.952600e-03;5.529281e-02;2.582792e-01
4.979385e-02;1.063970e-02;3.155573e-02;1.623099e-02;2.824854e-03;1.042335e-01;3.744690e-01;1.132135e-02;1.765228e-02;6.302769e-03;9.038139e-02;2.845947e-01
3.734280e-02;1.086309e-02;3.574253e-02;1.525106e-02;6.384982e-03;1.387434e-01;3.414226e-01;9.296656e-03;2.117867e-02;1.072943e-02;1.385984e-01;2.344464e-01
4.526971e-02;6.839456e-03;4.388146e-02;2.122801e-02;9.846585e-03;1.589717e-01;3.289899e-01;2.200923e-02;2.164929e-02;1.113515e-02;1.664624e-01;1.637170e-01
5.540222e-02;1.117605e-02;5.213166e-02;2.594678e-02;1.691512e-02;1.593857e-01;2.905347e-01;2.679713e-02;2.686970e-02;2.684998e-02;1.895873e-01;1.184037e-01
6.730936e-02;8.803084e-03;7.459134e-02;2.856218e-02;2.507026e-02;1.278141e-01;2.311445e-01;1.902758e-02;4.300899e-02;4.495671e-02;2.081802e-01;1.215318e-01
9.642226e-02;1.052715e-02;8.619760e-02;3.374066e-02;4.095216e-02;5.810440e-02;1.520452e-01;2.126508e-02;5.868965e-02;7.775705e-02;2.288403e-01;1.354585e-01
5.850350e-02;2.655021e-02;3.536857e-02;4.040633e-02;2.704444e-02;8.258169e-02;1.901087e-01;1.273109e-02;4.666069e-02;5.735748e-02;2.294820e-01;1.932053e-01
7.222743e-02;2.360412e-02;3.809568e-02;1.555118e-02;1.072918e-02;5.188685e-02;2.820474e-01;2.163743e-02;2.320234e-02;1.002479e-01;1.313509e-01;2.294196e-01
1.324275e-01;3.514557e-02;2.706806e-02;1.623545e-02;5.303320e-03;2.859165e-02;2.765354e-01;3.723064e-02;1.280395e-02;1.783694e-01;6.109092e-02;1.891982e-01
1.787327e-01;2.908607e-02;4.999275e-02;2.868009e-02;1.359034e-02;2.684030e-02;2.126211e-01;6.235322e-02;1.609451e-02;2.080371e-01;4.807574e-02;1.258960e-01
2.141638e-01;1.041420e-01;1.226395e-01;4.043256e-02;2.610508e-02;3.854842e-02;1.006762e-01;7.745124e-02;2.136278e-02;1.351846e-01;6.206886e-02;5.722509e-02
1.604924e-01;1.043095e-01;1.207980e-01;5.637160e-02;2.538224e-02;2.521261e-02;1.907075e-01;8.956913e-02;1.941262e-02;6.789544e-02;4.990007e-02;8.994874e-02
9.650715e-02;6.655477e-02;7.113106e-02;6.438945e-02;1.822080e-02;3.935358e-02;3.378702e-01;1.030924e-01;1.538341e-02;4.037690e-02;2.634059e-02;1.207797e-01
4.529731e-02;3.944819e-02;2.669794e-02;6.247098e-02;1.079594e-02;7.413397e-02;4.761432e-01;7.099365e-02;1.772327e-02;2.474399e-02;1.896322e-02;1.325883e-01
4.392375e-02;2.931920e-02;1.452515e-02;5.016091e-02;7.354846e-03;1.101242e-01;4.855628e-01;5.749366e-02;2.970488e-02;3.894953e-02;1.494331e-02;1.179377e-01
8.977094e-02;2.069387e-02;2.292172e-02;3.436662e-02;1.474884e-02;1.177439e-01;3.671016e-01;1.372401e-01;5.286244e-02;4.502133e-02;1.083447e-02;8.669424e-02
1.686228e-01;3.787481e-02;2.668195e-02;1.826898e-02;3.578717e-02;8.423404e-02;2.334081e-01;2.164960e-01;7.872111e-02;3.849204e-02;5.611571e-03;5.580146e-02
2.084349e-01;1.026657e-01;5.866300e-02;2.395720e-02;3.850471e-02;2.742981e-02;1.255708e-01;1.698499e-01;1.433327e-01;6.706724e-02;3.428420e-03;3.109558e-02
1.531500e-01;1.446727e-01;1.407472e-01;2.487816e-02;1.928986e-02;2.675987e-02;9.857572e-02;8.429406e-02;2.013284e-01;7.916404e-02;6.140378e-03;2.099967e-02
5.817254e-02;1.228413e-01;3.093901e-01;3.370431e-02;2.571003e-02;3.650158e-02;6.697690e-02;4.837746e-02;1.582432e-01;1.009571e-01;2.502004e-02;1.410550e-02
2.358942e-02;7.678073e-02;3.854374e-01;6.957447e-02;4.774401e-02;3.736879e-02;6.628935e-02;4.006759e-02;8.247656e-02;9.772343e-02;5.914753e-02;1.380072e-02
4.313838e-02;5.863307e-02;3.532229e-01;1.096308e-01;7.337972e-02;3.565755e-02;6.822766e-02;3.863357e-02;7.507371e-02;4.455866e-02;8.278002e-02;1.706393e-02
5.282530e-02;4.828973e-02;3.766357e-01;1.178574e-01;9.555659e-02;4.107232e-02;7.307590e-02;3.525761e-02;5.598083e-02;1.404982e-02;6.809850e-02;2.130023e-02
5.030824e-02;3.573790e-02;4.313040e-01;9.330845e-02;9.760815e-02;5.470074e-02;6.337195e-02;4.671468e-02;4.822167e-02;3.294322e-02;2.349755e-02;2.228349e-02
4.272416e-02;1.583681e-02;4.523420e-01;5.920813e-02;7.543207e-02;3.934001e-02;5.991473e-02;8.188988e-02;5.974929e-02;6.815712e-02;2.192079e-02;2.348505e-02
3.295628e-02;2.978100e-02;3.961615e-01;5.644225e-02;7.880761e-02;2.499636e-02;5.850148e-02;9.396540e-02;6.492938e-02;9.540164e-02;3.069667e-02;3.736044e-02
3.839099e-02;2.680393e-02;2.469464e-01;9.495566e-02;1.185142e-01;4.323186e-02;6.081814e-02;6.263752e-02;1.023115e-01;1.116203e-01;5.937514e-02;3.439436e-02
3.771939e-02;1.928649e-02;1.699908e-01;1.092424e-01;1.260688e-01;5.509271e-02;1.066718e-01;4.927487e-02;1.295049e-01;1.083081e-01;7.379762e-02;1.504222e-02
3.871536e-02;2.872297e-02;1.492302e-01;1.299093e-01;1.096913e-01;5.264978e-02;1.278169e-01;8.232761e-02;1.179879e-01;7.511923e-02;5.742144e-02;3.040793e-02
3.274988e-02;6.175837e-02;1.744283e-01;1.895031e-01;9.945309e-02;3.504156e-02;1.174610e-01;9.866545e-02;5.611416e-02;7.897204e-02;1.948688e-02;3.636623e-02
2.642137e-02;5.864939e-02;2.388228e-01;1.137578e-01;8.760816e-02;5.967931e-02;1.799405e-01;6.121539e-02;6.666022e-02;6.774119e-02;2.566289e-02;1.384098e-02
5.640654e-02;5.804002e-02;3.233005e-01;7.218970e-02;8.826593e-02;5.203018e-02;1.628146e-01;3.070616e-02;4.993419e-02;6.325655e-02;3.222445e-02;1.083117e-02
8.794069e-02;7.978019e-02;3.722892e-01;7.039028e-02;7.542718e-02;3.607069e-02;1.006218e-01;1.929909e-02;5.083409e-02;6.555676e-02;3.242809e-02;9.361982e-03
1.250483e-01;1.055935e-01;3.824620e-01;6.291122e-02;5.650406e-02;3.037330e-02;4.124754e-02;2.487422e-02;6.360910e-02;6.153859e-02;3.097641e-02;1.486173e-02
1.560952e-01;9.076110e-02;2.487973e-01;4.398834e-02;4.510248e-02;3.198180e-02;1.142093e-01;7.815186e-02;7.383723e-02;5.370050e-02;2.967720e-02;3.369775e-02
1.526397e-01;4.228000e-02;1.571048e-01;1.589613e-02;4.152970e-02;3.233387e-02;2.398268e-01;1.238493e-01;5.719742e-02;3.533017e-02;3.217449e-02;6.983761e-02
1.594239e-01;5.391238e-02;1.626617e-01;3.043854e-02;3.866610e-02;3.414344e-02;2.356724e-01;7.523824e-02;3.627905e-02;2.859557e-02;5.892490e-02;8.604370e-02
1.100324e-01;4.881715e-02;1.275929e-01;4.866718e-02;4.572137e-02;7.488208e-02;2.234168e-01;3.542362e-02;2.260996e-02;4.822808e-02;1.266175e-01;8.799101e-02
1.525871e-01;1.080471e-01;1.895005e-01;4.266439e-02;6.094630e-02;5.198354e-02;1.200690e-01;1.877451e-02;4.586864e-02;6.781868e-02;7.077124e-02;7.096904e-02
2.031741e-01;1.630696e-01;2.301471e-01;4.697311e-02;4.735292e-02;1.974743e-02;6.706321e-02;4.886230e-02;7.351230e-02;3.243008e-02;3.309362e-02;3.457424e-02
2.340715e-01;1.827915e-01;2.274125e-01;3.929773e-02;4.244258e-02;1.041844e-02;3.966906e-02;8.800873e-02;7.840806e-02;1.354440e-02;2.106302e-02;2.287252e-02
2.853483e-01;1.666676e-01;1.596359e-01;2.862353e-02;6.803653e-02;6.564020e-03;1.974011e-02;1.390793e-01;7.616567e-02;1.256693e-02;1.668641e-02;2.088572e-02
3.418117e-01;1.063983e-01;7.105717e-02;1.815897e-02;9.503404e-02;8.951919e-03;2.205500e-02;2.079496e-01;5.600217e-02;2.971472e-02;1.821782e-02;2.464850e-02
3.554374e-01;5.716862e-02;5.988647e-02;1.815887e-02;7.121069e-02;1.344243e-02;5.773358e-02;2.490039e-01;1.914662e-02;4.097116e-02;1.718839e-02;4.065191e-02
3.241381e-01;7.223932e-02;6.518195e-02;1.991150e-02;3.170631e-02;1.488481e-02;1.073558e-01;2.066057e-01;4.512584e-02;3.028710e-02;2.151243e-02;6.105116e-02
3.177980e-01;7.603858e-02;4.721262e-02;1.284688e-02;2.278447e-02;2.607885e-02;1.576240e-01;1.402827e-01;5.179409e-02;2.942448e-02;4.036436e-02;7.775104e-02
3.233425e-01;7.235663e-02;4.788987e-02;9.333896e-03;2.663509e-02;4.177486e-02;1.711044e-01;7.082846e-02;4.872246e-02;4.705169e-02;6.894396e-02;7.201618e-02
2.841342e-01;1.132973e-01;6.666578e-02;1.599691e-02;4.309205e-02;3.707078e-02;1.598775e-01;4.422430e-02;4.979996e-02;5.194948e-02;7.797591e-02;5.591581e-02
9.710894e-02;1.795986e-01;7.070880e-02;2.302200e-02;5.986317e-02;2.623996e-02;1.907398e-01;8.184783e-02;5.691916e-02;6.469486e-02;5.130252e-02;9.795439e-02
2.585339e-01;9.051748e-02;8.984054e-02;2.659582e-02;4.501133e-02;3.090518e-02;1.413418e-01;1.030904e-01;4.757119e-02;5.651592e-02;3.352941e-02;7.654698e-02
3.442338e-01;9.509528e-02;6.355951e-02;2.509572e-02;4.843174e-02;2.461175e-02;1.027327e-01;1.217812e-01;3.848430e-02;5.581927e-02;2.210532e-02;5.804940e-02
3.651958e-01;1.536003e-01;4.393867e-02;2.206180e-02;6.451644e-02;1.758914e-02;7.330112e-02;1.141060e-01;2.529823e-02;4.099438e-02;2.667307e-02;5.272506e-02
3.735453e-01;1.651185e-01;5.836220e-02;2.481069e-02;6.651032e-02;1.901588e-02;6.991412e-02;8.665361e-02;1.800001e-02;3.761360e-02;4.034128e-02;4.011454e-02
3.635018e-01;1.166241e-01;6.506762e-02;2.693410e-02;7.456955e-02;2.322896e-02;8.736024e-02;8.656551e-02;2.638672e-02;4.559328e-02;4.313857e-02;4.102953e-02
3.361788e-01;7.283124e-02;4.704693e-02;2.487249e-02;6.933336e-02;3.555484e-02;1.258470e-01;9.511305e-02;5.027958e-02;4.848895e-02;5.007059e-02;4.438307e-02
2.846130e-01;7.498427e-02;5.396701e-02;2.303832e-02;5.719237e-02;3.659817e-02;1.253074e-01;9.307259e-02;8.165873e-02;6.625651e-02;3.384820e-02;6.946346e-02
9.238445e-02;6.238147e-02;1.184361e-01;4.020013e-02;4.020571e-02;5.431420e-02;1.605494e-01;1.050580e-01;1.117950e-01;8.075579e-02;6.433733e-02;6.958254e-02
5.658449e-02;7.057757e-02;1.170771e-01;4.020931e-02;3.953883e-02;5.813465e-02;2.064945e-01;8.866688e-02;1.008671e-01;8.863422e-02;7.163183e-02;6.158355e-02
9.682574e-02;9.055495e-02;1.080762e-01;4.909360e-02;4.498663e-02;5.834918e-02;2.084209e-01;5.300225e-02;7.258219e-02;8.121201e-02;6.199560e-02;7.490075e-02
1.418452e-01;8.634071e-02;2.165205e-01;7.015552e-02;5.828271e-02;6.700753e-02;1.043687e-01;3.450276e-02;4.830206e-02;4.616923e-02;6.199223e-02;6.451289e-02
1.538607e-01;9.970228e-02;2.264583e-01;7.049979e-02;6.131234e-02;5.905341e-02;7.696016e-02;2.513520e-02;2.725762e-02;5.120633e-02;9.473830e-02;5.381554e-02
1.474581e-01;8.148198e-02;2.096562e-01;6.132818e-02;5.371888e-02;5.923910e-02;8.681165e-02;2.471995e-02;5.005185e-02;5.439848e-02;1.182630e-01;5.287259e-02
1.144566e-01;5.199065e-02;1.781421e-01;5.295898e-02;3.605020e-02;6.245819e-02;1.334897e-01;2.275502e-02;8.335584e-02;3.027892e-02;1.334240e-01;1.006398e-01
1.505672e-01;5.564515e-02;1.188900e-01;7.446122e-02;3.568785e-02;4.051231e-02;1.470685e-01;4.740344e-02;7.141014e-02;6.276146e-02;9.766585e-02;9.792691e-02
2.254573e-01;3.313102e-02;1.094930e-01;1.060487e-01;6.788753e-02;2.078196e-02;1.333657e-01;7.286058e-02;2.854344e-02;9.575810e-02;6.254831e-02;4.412436e-02
2.577593e-01;3.716104e-02;9.511873e-02;1.128007e-01;8.700537e-02;6.914756e-03;1.340528e-01;7.898824e-02;1.292576e-02;8.980213e-02;3.092721e-02;5.654398e-02
2.837838e-01;3.302059e-02;1.025994e-01;9.377562e-02;9.797685e-02;9.229629e-03;1.325437e-01;7.976054e-02;1.554845e-02;6.821727e-02;3.771951e-02;4.582463e-02
2.800094e-01;2.883378e-02;1.235739e-01;8.211208e-02;1.142469e-01;1.162987e-02;1.239412e-01;8.169973e-02;1.271543e-02;6.538334e-02;2.765654e-02;4.819784e-02
2.285759e-01;3.448131e-02;9.474659e-02;1.034913e-01;1.141196e-01;2.495977e-02;1.454205e-01;6.901966e-02;1.682257e-02;8.465962e-02;3.204557e-02;5.165758e-02
1.657354e-01;3.489232e-02;8.203779e-02;1.471727e-01;9.214093e-02;3.776321e-02;1.825979e-01;4.058810e-02;2.846918e-02;1.044074e-01;1.908968e-02;6.510541e-02
1.042436e-01;3.939094e-02;9.417511e-02;1.791769e-01;6.742280e-02;3.754347e-02;2.209508e-01;2.969383e-02;3.261324e-02;1.070302e-01;1.636239e-02;7.139678e-02
5.310773e-02;3.879334e-02;1.459364e-01;1.567424e-01;5.100441e-02;3.752229e-02;2.311743e-01;3.429581e-02;6.484697e-02;9.462909e-02;3.178082e-02;6.016647e-02
3.444142e-02;3.314699e-02;1.891453e-01;1.198769e-01;3.419418e-02;4.972423e-02;2.513928e-01;2.212238e-02;7.680844e-02;7.885109e-02;4.323050e-02;6.706578e-02
5.551677e-02;2.175006e-02;1.884425e-01;9.126622e-02;3.583100e-02;6.084607e-02;2.786382e-01;2.338190e-02;6.385914e-02;5.601100e-02;4.267149e-02;8.178569e-02
6.993681e-02;2.548226e-02;1.487094e-01;7.494578e-02;6.294525e-02;6.062598e-02;3.040496e-01;2.741903e-02;5.346798e-02;4.395100e-02;3.305021e-02;9.541665e-02
9.648941e-02;2.439027e-02;8.660522e-02;6.421724e-02;7.013242e-02;6.219970e-02;3.128971e-01;5.318004e-02;5.469288e-02;4.798708e-02;2.315546e-02;1.040531e-01
1.393423e-01;1.417284e-02;5.557209e-02;4.711333e-02;5.261487e-02;5.326691e-02;2.948351e-01;8.293040e-02;4.934530e-02;8.323388e-02;1.829285e-02;1.092802e-01
2.144304e-01;2.554031e-02;3.607159e-02;3.695462e-02;3.014122e-02;5.148346e-02;2.122207e-01;1.020051e-01;6.462488e-02;9.809522e-02;1.679614e-02;1.116363e-01
3.293509e-01;1.763672e-02;2.481451e-02;2.611648e-02;1.592990e-02;4.783336e-02;1.177503e-01;1.071319e-01;1.026372e-01;8.290512e-02;1.601489e-02;1.118788e-01
4.252372e-01;6.602955e-02;4.717954e-02;1.773376e-02;1.577246e-02;2.140788e-02;4.258428e-02;1.243876e-01;6.966652e-02;6.386130e-02;1.345685e-02;9.268304e-02
4.802857e-01;1.070006e-01;5.015651e-02;1.195649e-02;1.853843e-02;1.002144e-02;3.335188e-02;1.077468e-01;5.552996e-02;4.157510e-02;7.528312e-03;7.630881e-02
4.557334e-01;1.361658e-01;6.697975e-02;1.055910e-02;1.514419e-02;1.527123e-02;5.140509e-02;6.460758e-02;6.533178e-02;4.594337e-02;9.712528e-03;6.314617e-02
3.042414e-01;1.353344e-01;1.513797e-01;1.118004e-02;1.498791e-02;2.131597e-02;6.577022e-02;5.236114e-02;1.092115e-01;7.342695e-02;1.561197e-02;4.517881e-02
1.489275e-01;8.262730e-02;3.088658e-01;1.639570e-02;2.267766e-02;2.297817e-02;8.447200e-02;4.834669e-02;1.177597e-01;8.814816e-02;2.354362e-02;3.525758e-02
9.902592e-02;7.762768e-02;4.379119e-01;2.532043e-02;2.999755e-02;2.664699e-02;6.597121e-02;2.871188e-02;6.021147e-02;1.001219e-01;2.103521e-02;2.741796e-02
2.900570e-02;9.424285e-02;4.784538e-01;2.314912e-02;2.489479e-02;2.513573e-02;4.185174e-02;4.317649e-02;6.384283e-02;1.355419e-01;1.478777e-02;2.591726e-02
1.085030e-01;4.775007e-02;4.156265e-01;2.197264e-02;2.461890e-02;2.159750e-02;6.591266e-02;6.216434e-02;7.960501e-02;1.006293e-01;1.617757e-02;3.544240e-02
1.063966e-01;4.219672e-02;3.384366e-01;2.481133e-02;4.568763e-02;2.450588e-02;5.821920e-02;1.192029e-01;5.623875e-02;1.118142e-01;2.787352e-02;4.461653e-02
2.795972e-02;4.609250e-02;2.702926e-01;3.115748e-02;6.231090e-02;3.797737e-02;4.729916e-02;1.779868e-01;7.188451e-02;1.558409e-01;1.572738e-02;5.547062e-02
1.606306e-01;5.313765e-02;1.345715e-01;2.069592e-02;3.161420e-02;2.899260e-02;9.245440e-02;2.013028e-01;6.854155e-02;1.385157e-01;1.235467e-02;5.718842e-02
2.129722e-01;3.801427e-02;6.810979e-02;1.415891e-02;1.557669e-02;2.065737e-02;1.093121e-01;2.469802e-01;8.900815e-02;1.108832e-01;1.545841e-02;5.886870e-02
2.399854e-01;3.460332e-02;7.153042e-02;1.244491e-02;2.670773e-02;1.724643e-02;1.216522e-01;2.403223e-01;8.832952e-02;6.875112e-02;2.082343e-02;5.760320e-02
2.251776e-01;7.072721e-02;8.738222e-02;2.367040e-02;2.780795e-02;2.292073e-02;1.283907e-01;2.087177e-01;7.149794e-02;6.147842e-02;1.476755e-02;5.746144e-02
1.561566e-01;5.719306e-02;1.213539e-01;3.907334e-02;3.372232e-02;3.393850e-02;1.270854e-01;1.922117e-01;8.944457e-02;6.969935e-02;2.033029e-02;5.979090e-02
7.371489e-02;4.109173e-02;1.194217e-01;4.236313e-02;4.566773e-02;8.441315e-02;1.749440e-01;1.837004e-01;7.167638e-02;8.431253e-02;2.197933e-02;5.671505e-02
9.222499e-02;5.609029e-02;5.452824e-02;4.270259e-02;5.492783e-02;1.012778e-01;1.892089e-01;1.639942e-01;6.100987e-02;1.071459e-01;2.969005e-02;4.719933e-02
1.340956e-01;6.393617e-02;9.824185e-02;3.447677e-02;6.325787e-02;7.458874e-02;1.145780e-01;1.304707e-01;9.636127e-02;1.185487e-01;3.284372e-02;3.860060e-02
1.265067e-01;8.874768e-02;1.279682e-01;3.189128e-02;7.346787e-02;8.634279e-02;1.024532e-01;1.164369e-01;7.325746e-02;8.201289e-02;4.469733e-02;4.621769e-02
1.210918e-01;8.698375e-02;1.305741e-01;3.399114e-02;1.244252e-01;1.008420e-01;8.645021e-02;8.265441e-02;5.751387e-02;6.549054e-02;6.900120e-02;4.098187e-02
9.449551e-02;5.036065e-02;1.275156e-01;4.266506e-02;1.663727e-01;9.557094e-02;8.211882e-02;8.125012e-02;5.071307e-02;9.429426e-02;6.009663e-02;5.454663e-02
3.961375e-02;3.038253e-02;6.487326e-02;6.400223e-02;4.018604e-01;6.988461e-02;7.426281e-02;7.184006e-02;4.787887e-02;6.969302e-02;2.985767e-02;3.585082e-02
2.003819e-02;2.755709e-02;2.674223e-02;4.160516e-02;6.116465e-01;5.536832e-02;5.778447e-02;4.135168e-02;1.714140e-02;4.406939e-02;2.851442e-02;2.818114e-02
2.787653e-02;2.399512e-02;2.521117e-02;4.685820e-02;6.429565e-01;4.287650e-02;4.274135e-02;3.117346e-02;2.763714e-02;3.672725e-02;2.674728e-02;2.519949e-02
2.764745e-02;2.746341e-02;4.299780e-02;1.057662e-01;4.956265e-01;3.821377e-02;6.680902e-02;5.589193e-02;5.512173e-02;4.390480e-02;2.111716e-02;1.944027e-02
3.875988e-02;3.648379e-02;6.811185e-02;1.609666e-01;2.990950e-01;5.844525e-02;9.076297e-02;7.646041e-02;7.848002e-02;5.860769e-02;1.800600e-02;1.582053e-02
6.375797e-02;3.798074e-02;9.329694e-02;1.026464e-01;3.064378e-01;6.099756e-02;7.429360e-02;6.201512e-02;9.320877e-02;7.132206e-02;1.596898e-02;1.807401e-02
8.242204e-02;4.193920e-02;1.137654e-01;8.065182e-02;2.633786e-01;5.169222e-02;7.654312e-02;6.583869e-02;7.852209e-02;8.045167e-02;2.762511e-02;3.717003e-02
7.903021e-02;3.718148e-02;1.078497e-01;6.770238e-02;2.469385e-01;5.477813e-02;7.667766e-02;7.099071e-02;9.090440e-02;8.078194e-02;5.052301e-02;3.664182e-02
6.639516e-02;5.729586e-02;1.275389e-01;6.103421e-02;2.154219e-01;6.014966e-02;6.853289e-02;3.722599e-02;1.146911e-01;9.016977e-02;7.420924e-02;2.733533e-02
6.519585e-02;7.912937e-02;1.154846e-01;7.612365e-02;1.550277e-01;8.789594e-02;9.069109e-02;4.851453e-02;8.100082e-02;8.609243e-02;4.870514e-02;6.613884e-02
1.112161e-01;8.359084e-02;8.474396e-02;9.225585e-02;1.341386e-01;7.041723e-02;8.558530e-02;7.221337e-02;5.994693e-02;7.229269e-02;5.468503e-02;7.891411e-02
1.066064e-01;6.565029e-02;6.500296e-02;8.426367e-02;1.214757e-01;5.200875e-02;1.033752e-01;8.911851e-02;8.334583e-02;7.936452e-02;1.014719e-01;4.831623e-02
8.022257e-02;5.362923e-02;1.477485e-01;7.405800e-02;1.028375e-01;5.803820e-02;1.032672e-01;9.300913e-02;8.929275e-02;7.988813e-02;7.452844e-02;4.348037e-02
7.029676e-02;6.089364e-02;1.346669e-01;1.146998e-01;7.996061e-02;6.030340e-02;1.048211e-01;7.593949e-02;9.790282e-02;1.093794e-01;3.694560e-02;5.419038e-02
8.029740e-02;6.264882e-02;1.084627e-01;1.235241e-01;6.246588e-02;7.609098e-02;7.219819e-02;5.987256e-02;1.346145e-01;1.059683e-01;4.192773e-02;7.192887e-02
7.405235e-02;9.039851e-02;1.010748e-01;7.942618e-02;5.174832e-02;7.584552e-02;9.051683e-02;9.783299e-02;1.257471e-01;9.107427e-02;5.266469e-02;6.961842e-02
1.488044e-01;1.360335e-01;9.984881e-02;5.488711e-02;4.963796e-02;6.477905e-02;8.173855e-02;1.096880e-01;7.818759e-02;8.206417e-02;4.352209e-02;5.080868e-02
1.389354e-01;9.448028e-02;9.156368e-02;4.661718e-02;3.910593e-02;3.360331e-02;7.433233e-02;2.259422e-01;6.110397e-02;8.970682e-02;4.213171e-02;6.247720e-02
2.281181e-01;1.499134e-01;1.951557e-01;4.929581e-02;2.947366e-02;1.998593e-02;6.023709e-02;1.166916e-01;3.830010e-02;5.122679e-02;2.237748e-02;3.922437e-02
1.895567e-01;1.459844e-01;2.609208e-01;6.020070e-02;3.155432e-02;2.088116e-02;7.628985e-02;5.147532e-02;3.620334e-02;5.782371e-02;2.023867e-02;4.887096e-02
5.893279e-02;1.175934e-01;2.743400e-01;6.136796e-02;3.947354e-02;3.367960e-02;1.160065e-01;9.765592e-02;3.337444e-02;7.080158e-02;3.393074e-02;6.284349e-02
7.469406e-02;8.394668e-02;1.515421e-01;3.149110e-02;3.371762e-02;6.108374e-02;1.360221e-01;1.702364e-01;5.726699e-02;7.326263e-02;6.059038e-02;6.614619e-02
4.344420e-02;5.645595e-02;5.715880e-02;1.183694e-02;3.176478e-02;9.170776e-02;1.919218e-01;1.832264e-01;7.963284e-02;6.294091e-02;1.067092e-01;8.320045e-02
9.089851e-02;2.747719e-02;2.767659e-02;4.085745e-03;2.818351e-02;9.082661e-02;2.471947e-01;9.877257e-02;6.750560e-02;5.238124e-02;1.496653e-01;1.153324e-01
9.421920e-02;2.016892e-02;4.379046e-02;9.024218e-03;2.540527e-02;6.978814e-02;2.488997e-01;6.634843e-02;5.103227e-02;8.074655e-02;1.630830e-01;1.274939e-01
1.286501e-01;3.688999e-02;6.075834e-02;1.434327e-02;2.753573e-02;7.555100e-02;2.028275e-01;7.467090e-02;3.945624e-02;9.136250e-02;1.565857e-01;9.136874e-02
1.187065e-01;2.212826e-02;5.241934e-02;1.657963e-02;6.686994e-02;1.038546e-01;1.827361e-01;5.319995e-02;4.397399e-02;1.158355e-01;1.679528e-01;5.574340e-02
8.387849e-02;2.444695e-02;5.252228e-02;1.101897e-02;1.070705e-01;1.043391e-01;1.491624e-01;9.500688e-02;6.791862e-02;1.379144e-01;1.261049e-01;4.061653e-02
3.779341e-02;2.408022e-02;8.000033e-02;1.164114e-02;9.570739e-02;1.442546e-01;1.739935e-01;1.061962e-01;6.298491e-02;8.042188e-02;1.361018e-01;4.682459e-02
9.974230e-02;2.382544e-02;6.322999e-02;1.064387e-02;8.609482e-02;1.301944e-01;1.777238e-01;1.013364e-01;4.283239e-02;6.474529e-02;1.183427e-01;8.128858e-02
2.235197e-01;1.552289e-02;2.623955e-02;6.222918e-03;6.553859e-02;6.034112e-02;1.901627e-01;9.410603e-02;4.350560e-02;4.912604e-02;8.530714e-02;1.404077e-01
2.838396e-01;1.801332e-02;2.194562e-02;5.145618e-03;3.184386e-02;3.032812e-02;2.152669e-01;8.490555e-02;3.148117e-02;6.026199e-02;5.591936e-02;1.610489e-01
3.164176e-01;2.688416e-02;1.701315e-02;5.659405e-03;1.087066e-02;1.973257e-02;2.114215e-01;7.871184e-02;2.123729e-02;1.016896e-01;3.737364e-02;1.529886e-01
3.181451e-01;3.195643e-02;2.609309e-02;4.970028e-03;6.543477e-03;1.679234e-02;1.730241e-01;7.942898e-02;3.072821e-02;1.305665e-01;4.249882e-02;1.392530e-01
3.013335e-01;4.743401e-02;4.189185e-02;7.842063e-03;1.265751e-02;2.400513e-02;1.241071e-01;6.870379e-02;6.041915e-02;1.316559e-01;5.682312e-02;1.231269e-01
2.578765e-01;6.801208e-02;3.977152e-02;1.287820e-02;2.052827e-02;3.293991e-02;6.923725e-02;6.096324e-02;1.028753e-01;1.676434e-01;7.413013e-02;9.314417e-02
1.880883e-01;5.470341e-02;3.900374e-02;1.578414e-02;1.951966e-02;2.736921e-02;7.998246e-02;1.119519e-01;1.342742e-01;1.702860e-01;8.482890e-02;7.420795e-02
1.984825e-01;3.182700e-02;3.779025e-02;1.871416e-02;1.723609e-02;1.682332e-02;1.073309e-01;1.286255e-01;1.388825e-01;1.243217e-01;7.910621e-02;1.008599e-01
2.258570e-01;2.591539e-02;6.410089e-02;2.372345e-02;3.010446e-02;3.424199e-02;8.498590e-02;1.088852e-01;1.172966e-01;1.059696e-01;5.880645e-02;1.201132e-01
1.281000e-01;5.556108e-02;1.002168e-01;8.089888e-02;6.222119e-02;4.270830e-02;1.209886e-01;7.441619e-02;1.256903e-01;1.050032e-01;4.724535e-02;5.695006e-02
8.464158e-02;4.631965e-02;1.156315e-01;1.198245e-01;8.283327e-02;4.799661e-02;1.090459e-01;1.015240e-01;1.277227e-01;9.043804e-02;5.524426e-02;1.877803e-02
6.655227e-02;4.517078e-02;1.002433e-01;1.314820e-01;9.060200e-02;5.552704e-02;8.787887e-02;9.312622e-02;1.450577e-01;9.013356e-02;6.545847e-02;2.876780e-02
5.566499e-02;5.524050e-02;7.478027e-02;1.268241e-01;7.632466e-02;5.158619e-02;8.160737e-02;9.708525e-02;1.929827e-01;8.605260e-02;6.790740e-02;3.394391e-02
4.101250e-02;7.990378e-02;1.123172e-01;1.050620e-01;5.138723e-02;2.626326e-02;1.033142e-01;9.438960e-02;2.001434e-01;8.666050e-02;5.134998e-02;4.819634e-02
1.078628e-01;1.209074e-01;1.292352e-01;4.879085e-02;2.937267e-02;2.417912e-02;5.161844e-02;8.250452e-02;2.079946e-01;8.954688e-02;5.129489e-02;5.669269e-02
2.082373e-01;8.257830e-02;8.290169e-02;1.997713e-02;2.055150e-02;1.374211e-02;2.776395e-02;1.963701e-01;2.071104e-01;4.956549e-02;3.598761e-02;5.521434e-02
2.404435e-01;3.875859e-02;4.474765e-02;1.538765e-02;1.637031e-02;6.655523e-03;9.733189e-02;2.643093e-01;1.318757e-01;1.372495e-02;3.422768e-02;9.616718e-02
1.703038e-01;2.659025e-02;2.033974e-02;2.219416e-02;9.284831e-03;1.182975e-02;1.880927e-01;2.190282e-01;5.820303e-02;2.455183e-02;4.207186e-02;2.075097e-01
7.277741e-02;3.552934e-02;8.258664e-03;3.619470e-02;7.548206e-03;2.785792e-02;2.631168e-01;1.099743e-01;3.324288e-02;3.520942e-02;4.661627e-02;3.236740e-01
2.603802e-02;4.503623e-02;1.880948e-02;3.711165e-02;1.669153e-02;6.427111e-02;2.771016e-01;2.765801e-02;2.410576e-02;3.509315e-02;9.511475e-02;3.329687e-01
2.017596e-02;2.638618e-02;3.162462e-02;2.562953e-02;2.456349e-02;1.195612e-01;2.634930e-01;2.452996e-02;3.146736e-02;2.079529e-02;1.688710e-01;2.429024e-01
3.289655e-02;2.534073e-02;4.281890e-02;3.045215e-02;4.214344e-02;1.539239e-01;2.595173e-01;2.861910e-02;4.784859e-02;2.283768e-02;1.770459e-01;1.365558e-01
3.224674e-02;4.610410e-02;6.276542e-02;4.038243e-02;5.978212e-02;1.342970e-01;2.522335e-01;5.243998e-02;7.315039e-02;3.286736e-02;1.640077e-01;4.972315e-02
5.228018e-02;5.785915e-02;1.013279e-01;3.320906e-02;6.087169e-02;5.465721e-02;2.238590e-01;6.247117e-02;8.407481e-02;3.807165e-02;1.088692e-01;1.224490e-01
9.766190e-02;5.691812e-02;1.395626e-01;2.957971e-02;4.343291e-02;3.159924e-02;2.303779e-01;5.652177e-02;6.752442e-02;3.561146e-02;7.464060e-02;1.365694e-01
1.748679e-01;3.259635e-02;1.177719e-01;3.078371e-02;3.296589e-02;3.252062e-02;1.997701e-01;6.584658e-02;6.246750e-02;3.832372e-02;8.128360e-02;1.308021e-01
2.639327e-01;6.432763e-02;5.977008e-02;4.269499e-02;3.996338e-02;2.744206e-02;1.654748e-01;8.361855e-02;5.753723e-02;4.058779e-02;5.655555e-02;9.809526e-02
2.924563e-01;7.957309e-02;6.636615e-02;3.880578e-02;4.261237e-02;1.420766e-02;1.867439e-01;9.600407e-02;3.905395e-02;3.869344e-02;5.572886e-02;4.975445e-02
3.174220e-01;6.471784e-02;5.174874e-02;3.615190e-02;5.138853e-02;1.192357e-02;1.957597e-01;9.794622e-02;2.935951e-02;4.306458e-02;5.000684e-02;5.051056e-02
3.050302e-01;6.361151e-02;6.692781e-02;5.357693e-02;7.131195e-02;1.365791e-02;1.768011e-01;7.564633e-02;1.962917e-02;5.436026e-02;4.366084e-02;5.578590e-02
3.025259e-01;7.045552e-02;5.594584e-02;6.921697e-02;7.289683e-02;1.363412e-02;1.583530e-01;5.238736e-02;1.582258e-02;8.029043e-02;4.131998e-02;6.715142e-02
2.953201e-01;4.774502e-02;2.253008e-02;7.173929e-02;4.939291e-02;2.125476e-02;2.074698e-01;3.643363e-02;2.142093e-02;1.038665e-01;2.974926e-02;9.307769e-02
2.535833e-01;4.342988e-02;5.174258e-02;7.234725e-02;2.602441e-02;1.969812e-02;2.308940e-01;2.475088e-02;3.266343e-02;1.082714e-01;2.661030e-02;1.099845e-01
1.909908e-01;4.660521e-02;6.957270e-02;7.323626e-02;2.644752e-02;2.285242e-02;2.429286e-01;2.022851e-02;4.453581e-02;9.619863e-02;4.314668e-02;1.232568e-01
1.026028e-01;3.925948e-02;1.007944e-01;5.631375e-02;2.391854e-02;3.568248e-02;2.451716e-01;1.995919e-02;8.075230e-02;8.357224e-02;8.469027e-02;1.272830e-01
5.085034e-02;2.353054e-02;1.143256e-01;3.499482e-02;1.592351e-02;6.308438e-02;2.242740e-01;2.050635e-02;1.208398e-01;6.702417e-02;1.477766e-01;1.168698e-01
5.016341e-02;2.084976e-02;1.148182e-01;2.074214e-02;1.730039e-02;8.424973e-02;1.607814e-01;1.972541e-02;1.282780e-01;6.199255e-02;2.139367e-01;1.071623e-01
7.434084e-02;2.069722e-02;1.075838e-01;9.909274e-03;1.427791e-02;9.552204e-02;9.600399e-02;1.756513e-02;1.086276e-01;6.776242e-02;2.703170e-01;1.173928e-01
6.510430e-02;1.708459e-02;7.792613e-02;1.469672e-02;2.096259e-02;1.027463e-01;6.198576e-02;1.587740e-02;7.429314e-02;8.981206e-02;3.439426e-01;1.155684e-01
3.615307e-02;1.080183e-02;5.720510e-02;1.839469e-02;2.028325e-02;1.120928e-01;4.117958e-02;1.515029e-02;3.814451e-02;1.326476e-01;4.232313e-01;9.471598e-02
2.953112e-02;3.678270e-02;5.414007e-02;9.487068e-03;2.753195e-02;1.149869e-01;2.332087e-02;2.868146e-02;2.800908e-02;1.676169e-01;4.156052e-01;6.430677e-02
6.328710e-02;6.023476e-02;6.245225e-02;2.134899e-02;3.774364e-02;9.978399e-02;4.396326e-02;5.556682e-02;2.699837e-02;1.589111e-01;3.206921e-01;4.901769e-02
1.133242e-01;4.965338e-02;6.821915e-02;1.840763e-02;6.911150e-02;9.038649e-02;4.756077e-02;6.351353e-02;1.423077e-02;1.531556e-01;2.466431e-01;6.579388e-02
4.547605e-02;3.843753e-02;6.090201e-02;1.382529e-02;1.192512e-01;1.135204e-01;3.176268e-02;5.414424e-02;1.678482e-02;2.171765e-01;2.388314e-01;4.988786e-02
2.320630e-02;5.176856e-02;2.970167e-02;1.943929e-02;1.786397e-01;1.348323e-01;2.159671e-02;3.665774e-02;2.127646e-02;2.770307e-01;1.805662e-01;2.528437e-02
2.713946e-02;5.223031e-02;1.998043e-02;1.971229e-02;2.209579e-01;1.322083e-01;2.258845e-02;2.731551e-02;2.281147e-02;3.157429e-01;1.254305e-01;1.388238e-02
3.138985e-02;3.931550e-02;2.331502e-02;5.702615e-02;2.482423e-01;9.861876e-02;1.311990e-02;2.152138e-02;3.144677e-02;3.371077e-01;8.562415e-02;1.327243e-02
1.129454e-02;4.050776e-02;2.133074e-02;6.824683e-02;2.795723e-01;7.227594e-02;2.211158e-02;2.225688e-02;2.954721e-02;3.673640e-01;5.321018e-02;1.228202e-02
1.983841e-02;4.624778e-02;1.808433e-02;5.447969e-02;2.794885e-01;5.882208e-02;3.203720e-02;1.764753e-02;4.219869e-02;3.702671e-01;5.150185e-02;9.386841e-03
1.309454e-02;5.271341e-02;1.202144e-02;6.561971e-02;2.869822e-01;5.838589e-02;1.652739e-02;2.001357e-02;4.034229e-02;3.634453e-01;5.949479e-02;1.135949e-02
1.784536e-02;5.160294e-02;1.790457e-02;9.103161e-02;2.907952e-01;4.708168e-02;2.086067e-02;1.697035e-02;4.994733e-02;3.396744e-01;4.784125e-02;8.444551e-03
1.874637e-02;5.580050e-02;1.037955e-02;1.061268e-01;3.029338e-01;3.970047e-02;2.741575e-02;1.409260e-02;3.103040e-02;3.352341e-01;4.874214e-02;9.797604e-03
1.478742e-02;6.557794e-02;1.830310e-02;9.770844e-02;2.897937e-01;3.423108e-02;2.294770e-02;1.018221e-02;5.443492e-02;3.321566e-01;5.081424e-02;9.062617e-03
1.361221e-02;8.433945e-02;1.458334e-02;6.786905e-02;2.890539e-01;5.060118e-02;1.811108e-02;9.094821e-03;3.528591e-02;3.277645e-01;8.048214e-02;9.202384e-03
9.050118e-03;8.445901e-02;2.746427e-02;3.544866e-02;2.525391e-01;1.224524e-01;1.222425e-02;1.331449e-02;2.058491e-02;2.576708e-01;1.544382e-01;1.035370e-02
1.513753e-02;6.057407e-02;6.518203e-02;1.553002e-02;1.799011e-01;2.020954e-01;1.379822e-02;1.058448e-02;1.515296e-02;1.593778e-01;2.438738e-01;1.879246e-02
1.947225e-02;3.969253e-02;1.246688e-01;1.289346e-02;1.016267e-01;2.254696e-01;3.901761e-02;7.681622e-03;1.313859e-02;8.109418e-02;3.055528e-01;2.969183e-02
2.915911e-02;3.111764e-02;1.880863e-01;1.130597e-02;4.925879e-02;1.880578e-01;5.579085e-02;5.974746e-03;1.893272e-02;4.303147e-02;3.256579e-01;5.362674e-02
3.110266e-02;1.176363e-02;2.114831e-01;1.867605e-02;2.552109e-02;1.328896e-01;8.921698e-02;1.053062e-02;1.550171e-02;5.615701e-02;2.897103e-01;1.074473e-01
5.064044e-02;8.450286e-03;1.761057e-01;3.712023e-02;2.931218e-02;8.996886e-02;1.616186e-01;5.916008e-03;9.608146e-03;4.111079e-02;2.002336e-01;1.899151e-01
8.304458e-02;8.257390e-03;9.259774e-02;5.761615e-02;2.966236e-02;6.176436e-02;2.224883e-01;1.654001e-02;1.317939e-02;2.029309e-02;1.262569e-01;2.682998e-01
1.131896e-01;1.968672e-02;3.061339e-02;7.650106e-02;2.863793e-02;3.861405e-02;2.499927e-01;2.289950e-02;1.210493e-02;2.784930e-02;9.460779e-02;2.853030e-01
1.306322e-01;1.434769e-02;3.443866e-02;8.109760e-02;3.010474e-02;3.956661e-02;2.661889e-01;2.982041e-02;1.440245e-02;2.480085e-02;8.005764e-02;2.545422e-01
1.337655e-01;2.330463e-02;4.190684e-02;6.528344e-02;2.582062e-02;4.577018e-02;2.567948e-01;2.561308e-02;1.348116e-02;3.643127e-02;9.219038e-02;2.396381e-01
1.654541e-01;3.840412e-02;4.286669e-02;5.235738e-02;1.955611e-02;3.327326e-02;2.236845e-01;2.661845e-02;8.757520e-03;3.855252e-02;9.250557e-02;2.579697e-01
2.388465e-01;5.002135e-02;8.346181e-02;5.059083e-02;1.983106e-02;2.515528e-02;1.452374e-01;3.826736e-02;2.211771e-02;3.593878e-02;8.921304e-02;2.013190e-01
2.949623e-01;6.912351e-02;1.410440e-01;6.024868e-02;3.256084e-02;2.026596e-02;7.902437e-02;4.188563e-02;7.713301e-03;3.305194e-02;7.874221e-02;1.413773e-01
3.026076e-01;9.994064e-02;2.364825e-01;5.389735e-02;2.765282e-02;7.980025e-03;4.185784e-02;3.319488e-02;2.229844e-02;2.145268e-02;4.568277e-02;1.069525e-01
2.277259e-01;1.383635e-01;3.378253e-01;4.376179e-02;2.234729e-02;1.556065e-02;3.479144e-02;1.653280e-02;1.759241e-02;2.186972e-02;3.011042e-02;9.351885e-02
1.293585e-01;1.208710e-01;4.391356e-01;3.390428e-02;3.130551e-02;2.934843e-02;4.752770e-02;1.210431e-02;4.039633e-02;2.437121e-02;3.196503e-02;5.971207e-02
1.216130e-01;9.117155e-02;4.226866e-01;3.453232e-02;2.422082e-02;2.918971e-02;5.749057e-02;2.792607e-02;6.117501e-02;4.133210e-02;5.180224e-02;3.686004e-02
1.230498e-01;1.083085e-01;2.905402e-01;4.268115e-02;3.378315e-02;4.727950e-02;7.942884e-02;3.748215e-02;4.724450e-02;6.062391e-02;8.980770e-02;3.977064e-02
7.332446e-02;1.040606e-01;2.350055e-01;2.522255e-02;5.795949e-02;6.313974e-02;1.178490e-01;4.148974e-02;3.656922e-02;7.577988e-02;1.058608e-01;6.373903e-02
1.491376e-01;4.523897e-02;2.065571e-01;3.654923e-02;6.895059e-02;5.255602e-02;1.060903e-01;4.059130e-02;4.501124e-02;7.515594e-02;7.833848e-02;9.582333e-02
1.581330e-01;6.552530e-02;1.645473e-01;4.358716e-02;7.272834e-02;4.223580e-02;9.702083e-02;6.037955e-02;4.912636e-02;6.343706e-02;6.819442e-02;1.150849e-01
1.293298e-01;5.226004e-02;1.914463e-01;5.153951e-02;6.215469e-02;4.597596e-02;6.919930e-02;6.702504e-02;7.083962e-02;8.767933e-02;7.168129e-02;1.008691e-01
9.359214e-02;5.926787e-02;1.814541e-01;3.850995e-02;6.620739e-02;4.380403e-02;1.342149e-01;7.788261e-02;7.767826e-02;7.641770e-02;5.593919e-02;9.503182e-02
1.363865e-01;9.641623e-02;9.296679e-02;3.857709e-02;7.011225e-02;5.887819e-02;1.224006e-01;7.623736e-02;6.875611e-02;6.154837e-02;8.185489e-02;9.586560e-02
9.778840e-02;9.196714e-02;1.210794e-01;4.660032e-02;6.306029e-02;6.078336e-02;1.133009e-01;5.142712e-02;9.365090e-02;8.282587e-02;8.563433e-02;9.188196e-02
1.438119e-01;4.278705e-02;1.029043e-01;4.428176e-02;5.820509e-02;4.036990e-02;1.848558e-01;6.752392e-02;9.597446e-02;1.037819e-01;7.324545e-02;4.225844e-02
1.093862e-01;6.534621e-02;1.735581e-01;2.020544e-02;5.486757e-02;4.660852e-02;1.834853e-01;9.131495e-02;4.259745e-02;1.238612e-01;4.888427e-02;3.988482e-02
1.450466e-01;5.079276e-02;1.644724e-01;1.372955e-02;4.181019e-02;3.147544e-02;2.058193e-01;9.890255e-02;3.825247e-02;1.322660e-01;3.735486e-02;4.007792e-02
1.849754e-01;4.709746e-02;1.400264e-01;1.029629e-02;3.112594e-02;2.676385e-02;2.075332e-01;1.064022e-01;3.173258e-02;1.362841e-01;2.701119e-02;5.075156e-02
2.455560e-01;4.605439e-02;1.043796e-01;6.451475e-03;2.029900e-02;2.050388e-02;1.897398e-01;1.088853e-01;2.879866e-02;1.382245e-01;2.080219e-02;7.030527e-02
2.712901e-01;4.369584e-02;8.290213e-02;7.725900e-03;1.743400e-02;2.111728e-02;1.357548e-01;1.157788e-01;3.411229e-02;1.291433e-01;6.093077e-02;8.011482e-02
2.762145e-01;4.278012e-02;7.102928e-02;7.290206e-03;2.779350e-02;3.079947e-02;1.332642e-01;9.778623e-02;4.552130e-02;1.223196e-01;8.806346e-02;5.713817e-02
2.627845e-01;5.486916e-02;8.996005e-02;9.904490e-03;2.859991e-02;3.404319e-02;1.935823e-01;8.443156e-02;4.371113e-02;9.001456e-02;7.457581e-02;3.352333e-02
2.091350e-01;8.666776e-02;7.047769e-02;9.257969e-03;3.463268e-02;2.653041e-02;2.181785e-01;8.325371e-02;3.649086e-02;8.527323e-02;5.690221e-02;8.319993e-02
8.613452e-02;8.856740e-02;8.829574e-02;1.872889e-02;5.860475e-02;3.403295e-02;1.308917e-01;1.173012e-01;6.694727e-02;1.498698e-01;7.730236e-02;8.332340e-02
1.084086e-01;2.981582e-02;9.089576e-02;4.403891e-02;1.415891e-01;7.850301e-02;1.529660e-01;9.594102e-02;1.030924e-01;6.355493e-02;5.659172e-02;3.460291e-02
4.840586e-02;4.754546e-02;1.098156e-01;5.755072e-02;1.463247e-01;8.870302e-02;1.909146e-01;8.302158e-02;1.022642e-01;4.442475e-02;5.159714e-02;2.943242e-02
5.193498e-02;8.364599e-02;1.767603e-01;8.722526e-02;1.086496e-01;4.620895e-02;2.125700e-01;6.370898e-02;6.675881e-02;4.515151e-02;3.545916e-02;2.192651e-02
1.515341e-01;1.057852e-01;2.017319e-01;6.071550e-02;7.822689e-02;3.318257e-02;1.945717e-01;4.673123e-02;2.195039e-02;3.164652e-02;2.879705e-02;4.512693e-02
2.069310e-01;1.162683e-01;1.525574e-01;5.568531e-02;4.298198e-02;3.079713e-02;2.051511e-01;4.557431e-02;8.769954e-03;2.402085e-02;3.389879e-02;7.736395e-02
2.064127e-01;9.216098e-02;8.234774e-02;3.925836e-02;2.824614e-02;5.820832e-02;2.381435e-01;5.136392e-02;1.162487e-02;2.038169e-02;6.057248e-02;1.112792e-01
1.364301e-01;4.244598e-02;6.035145e-02;2.190058e-02;4.365276e-02;1.061675e-01;2.604416e-01;3.898616e-02;2.754181e-02;4.962161e-02;1.087390e-01;1.037215e-01
1.112357e-01;3.337497e-02;7.729588e-02;2.066161e-02;4.892500e-02;1.080420e-01;2.545488e-01;5.179758e-02;4.481541e-02;7.763889e-02;1.102815e-01;6.138268e-02
