5.059176e-02;5.057857e-02;9.857527e-02;4.710152e-02;5.701691e-02;1.045362e-01;1.201247e-01;1.346059e-01;9.553854e-02;1.058190e-01;7.118531e-02;6.432624e-02
5.255924e-02;4.942710e-02;1.229591e-01;6.433044e-02;5.170814e-02;9.602476e-02;1.090506e-01;1.522081e-01;5.255198e-02;1.121617e-01;6.840657e-02;6.861234e-02
3.599904e-02;8.546066e-02;1.150941e-01;4.554515e-02;7.739551e-02;9.756399e-02;1.397731e-01;1.344567e-01;6.326957e-02;6.422607e-02;7.790253e-02;6.331360e-02
4.720112e-02;1.130290e-01;8.135941e-02;6.677710e-02;6.708235e-02;8.296928e-02;1.987463e-01;1.006691e-01;7.809059e-02;3.719735e-02;7.834696e-02;4.853140e-02
7.805564e-02;1.095920e-01;4.437225e-02;1.231319e-01;3.409524e-02;1.296803e-01;1.878266e-01;5.041740e-02;5.969676e-02;9.360685e-02;4.777451e-02;4.175053e-02
9.652298e-02;6.099461e-02;2.854933e-02;1.496498e-01;2.656692e-02;2.291529e-01;1.026682e-01;4.829821e-02;3.009974e-02;1.427914e-01;3.909087e-02;4.561501e-02
7.497105e-02;5.233081e-02;4.878593e-02;1.314834e-01;3.752133e-02;2.663617e-01;7.598148e-02;6.119985e-02;3.563490e-02;1.600056e-01;1.251787e-02;4.320610e-02
5.444256e-02;5.926081e-02;5.540581e-02;1.052901e-01;5.372640e-02;2.771367e-01;7.824404e-02;7.875352e-02;2.550383e-02;1.423343e-01;2.966298e-02;4.023888e-02
4.957735e-02;6.213580e-02;6.192684e-02;8.102462e-02;6.699684e-02;2.766885e-01;7.975055e-02;1.066371e-01;2.340009e-02;1.240107e-01;3.306615e-02;3.478554e-02
4.699347e-02;7.288913e-02;7.005320e-02;7.535640e-02;5.897024e-02;2.536507e-01;1.261008e-01;1.046948e-01;3.986273e-02;1.010050e-01;2.715293e-02;2.327062e-02
3.261379e-02;5.679377e-02;6.131082e-02;9.917960e-02;4.943999e-02;1.986298e-01;2.266700e-01;9.847064e-02;7.385996e-02;5.594712e-02;2.747518e-02;1.960931e-02
3.268889e-02;6.711283e-02;7.180019e-02;1.023491e-01;4.784211e-02;1.909377e-01;2.063392e-01;1.529075e-01;6.186917e-02;2.969937e-02;2.205699e-02;1.439699e-02
2.551349e-02;6.988613e-02;8.632409e-02;1.277005e-01;4.772432e-02;1.951772e-01;1.544907e-01;1.434795e-01;5.719887e-02;6.217658e-02;9.335621e-03;2.099302e-02
3.166236e-02;9.005118e-02;7.824997e-02;8.790271e-02;4.158989e-02;2.049371e-01;1.150163e-01;1.469534e-01;6.833689e-02;8.921771e-02;1.905840e-02;2.702399e-02
6.240072e-02;1.140125e-01;8.162050e-02;5.573194e-02;3.221400e-02;2.483607e-01;9.277926e-02;1.085996e-01;4.308088e-02;8.691859e-02;2.013710e-02;5.414427e-02
7.956412e-02;1.059697e-01;1.069973e-01;3.945145e-02;5.172152e-02;2.438831e-01;8.339060e-02;5.499247e-02;2.858487e-02;8.743626e-02;2.377713e-02;9.423157e-02
4.109984e-02;9.331454e-02;1.188101e-01;2.967496e-02;6.646266e-02;1.860737e-01;8.214019e-02;8.631765e-02;4.710462e-02;8.420831e-02;8.131621e-02;8.347715e-02
1.391960e-01;1.114188e-01;7.843157e-02;3.382793e-02;5.237462e-02;2.225086e-01;4.246759e-02;1.071010e-01;4.038365e-02;6.193401e-02;8.425431e-02;2.610197e-02
2.370944e-01;1.113584e-01;5.549028e-02;4.491402e-02;2.399732e-02;2.246921e-01;1.755196e-02;1.037967e-01;3.084046e-02;7.024302e-02;4.028315e-02;3.973813e-02
3.124754e-01;1.332517e-01;3.675193e-02;4.170123e-02;2.019305e-02;2.083165e-01;3.095005e-02;7.483350e-02;1.876570e-02;7.960586e-02;1.193429e-02;3.122072e-02
3.395132e-01;1.670744e-01;2.377372e-02;4.848947e-02;1.496695e-02;1.927531e-01;2.546675e-02;4.511148e-02;7.253150e-03;8.954103e-02;1.652207e-02;2.953478e-02
2.978779e-01;2.011763e-01;3.877484e-02;4.864945e-02;1.641399e-02;1.845984e-01;3.168545e-02;3.763090e-02;8.269379e-03;9.005742e-02;1.845274e-02;2.641327e-02
3.367365e-01;1.733654e-01;3.858301e-02;3.838999e-02;2.153192e-02;1.941329e-01;4.012667e-02;2.636067e-02;6.091613e-03;9.399218e-02;2.148174e-02;9.207328e-03
4.116558e-01;1.194337e-01;2.148100e-02;1.909797e-02;2.899985e-02;2.009974e-01;4.641332e-02;1.966314e-02;1.251619e-02;8.912725e-02;1.341750e-02;1.719697e-02
4.273310e-01;8.348650e-02;2.121061e-02;1.960750e-02;3.522763e-02;2.169432e-01;3.478013e-02;3.464315e-02;1.306880e-02;9.363309e-02;4.394551e-03;1.567392e-02
4.108313e-01;7.745002e-02;1.744462e-02;4.289484e-02;3.138938e-02;2.160083e-01;3.546464e-02;3.510030e-02;9.936235e-03;9.309565e-02;1.234828e-02;1.803641e-02
3.637081e-01;1.123012e-01;1.764094e-02;6.192392e-02;3.088191e-02;2.168064e-01;4.886951e-02;2.600160e-02;9.990509e-03;8.921155e-02;1.121165e-02;1.145273e-02
2.406964e-01;2.153098e-01;3.758783e-02;6.588393e-02;2.076030e-02;1.752231e-01;1.033896e-01;2.881469e-02;1.256346e-02;6.375754e-02;2.330933e-02;1.270399e-02
1.363707e-01;3.312711e-01;4.407552e-02;4.650215e-02;1.521530e-02;1.314940e-01;1.691782e-01;2.971611e-02;1.142692e-02;4.058707e-02;3.182727e-02;1.233564e-02
3.728719e-02;3.646772e-01;4.925308e-02;3.336435e-02;4.339542e-02;8.874745e-02;2.223985e-01;4.851656e-02;1.726360e-02;3.536480e-02;5.416539e-02;5.566482e-03
2.359431e-02;2.966377e-01;6.243452e-02;2.406154e-02;1.000310e-01;6.483793e-02;2.487218e-01;6.532993e-02;1.743935e-02;2.361131e-02;6.933064e-02;3.969908e-03
1.849031e-02;2.013255e-01;8.102647e-02;1.733766e-02;1.508282e-01;7.070348e-02;2.369903e-01;1.193198e-01;1.638961e-02;1.524295e-02;7.012810e-02;2.217537e-03
2.120540e-02;1.263113e-01;1.133554e-01;2.722871e-02;1.269688e-01;9.003316e-02;1.845445e-01;2.114074e-01;1.553386e-02;1.280624e-02;5.654572e-02;1.405944e-02
1.882841e-02;8.408184e-02;1.657155e-01;4.209227e-02;6.364419e-02;7.074631e-02;1.289704e-01;3.183522e-01;1.587252e-02;1.933591e-02;3.554460e-02;3.681585e-02
1.111406e-02;6.309575e-02;1.967538e-01;5.150655e-02;3.333883e-02;6.581428e-02;7.412595e-02;3.419232e-01;3.578773e-02;2.860863e-02;3.187564e-02;6.605555e-02
2.638497e-02;4.524213e-02;1.778414e-01;8.796097e-02;4.646256e-02;8.544136e-02;5.413770e-02;2.454753e-01;7.639651e-02;2.869216e-02;6.025670e-02;6.570826e-02
6.125457e-02;4.348634e-02;1.894936e-01;1.482460e-01;6.360800e-02;5.217199e-02;4.392194e-02;1.243424e-01;1.161565e-01;2.816094e-02;9.372775e-02;3.542992e-02
6.751959e-02;6.744009e-02;1.943470e-01;1.556853e-01;7.021698e-02;4.136508e-02;3.654230e-02;9.887044e-02;1.029067e-01;3.450678e-02;9.400209e-02;3.659766e-02
4.016521e-02;8.239356e-02;1.633359e-01;1.165545e-01;8.244910e-02;7.864956e-02;5.140441e-02;1.096401e-01;8.196269e-02;5.417002e-02;7.982478e-02;5.945009e-02
2.817313e-02;9.526171e-02;6.552342e-02;7.132131e-02;1.151481e-01;2.093161e-01;3.530486e-02;7.119913e-02;8.072741e-02;9.292089e-02;5.428961e-02;8.081438e-02
2.291219e-02;1.041410e-01;1.909552e-02;7.732067e-02;1.459824e-01;2.698916e-01;4.569305e-02;7.156446e-02;5.706343e-02;8.951981e-02;4.584048e-02;5.097539e-02
3.036145e-02;8.340488e-02;1.730215e-02;7.892798e-02;1.316453e-01;3.542329e-01;6.917745e-02;5.045910e-02;3.829419e-02;6.961070e-02;5.367462e-02;2.290924e-02
6.570913e-02;6.833811e-02;4.147447e-02;4.417607e-02;1.008692e-01;4.254210e-01;4.462904e-02;4.036954e-02;3.731537e-02;4.723217e-02;7.023564e-02;1.423021e-02
1.003514e-01;4.024267e-02;6.070252e-02;3.229741e-02;7.434096e-02;3.935354e-01;4.364976e-02;4.012450e-02;4.571152e-02;3.113172e-02;1.176054e-01;2.030674e-02
1.000140e-01;4.504626e-02;7.104883e-02;2.360866e-02;6.817953e-02;3.312313e-01;6.372269e-02;3.057501e-02;4.021409e-02;3.259772e-02;1.412176e-01;5.254429e-02
6.328822e-02;7.072991e-02;5.478579e-02;1.616837e-02;7.615364e-02;2.624716e-01;1.381725e-01;4.737952e-02;3.913146e-02;2.447428e-02;1.164784e-01;9.076623e-02
3.425467e-02;1.024830e-01;6.686912e-02;2.802999e-02;9.587251e-02;2.107993e-01;1.504390e-01;7.024471e-02;3.847301e-02;2.543758e-02;7.345698e-02;1.036401e-01
5.635168e-02;9.799792e-02;1.140223e-01;4.423851e-02;8.667132e-02;1.867770e-01;6.956766e-02;8.235244e-02;4.133246e-02;2.859198e-02;7.019412e-02;1.219027e-01
6.379450e-02;7.546420e-02;9.296920e-02;4.512589e-02;6.450258e-02;2.212665e-01;4.811052e-02;1.125608e-01;4.381662e-02;4.185494e-02;6.540125e-02;1.251331e-01
6.078389e-02;9.682265e-02;9.704262e-02;3.466388e-02;8.298311e-02;2.796423e-01;2.015223e-02;1.074728e-01;4.194254e-02;3.995909e-02;5.764529e-02;8.088966e-02
5.157891e-02;1.275530e-01;8.650044e-02;3.765699e-02;1.017076e-01;2.938715e-01;2.979101e-02;1.121507e-01;4.383082e-02;4.000411e-02;3.749362e-02;3.786119e-02
5.738267e-02;1.102756e-01;5.804543e-02;4.082118e-02;9.032591e-02;2.746753e-01;4.059297e-02;1.467210e-01;6.985644e-02;4.569755e-02;2.615742e-02;3.944851e-02
5.527290e-02;1.199947e-01;6.572708e-02;3.116668e-02;5.905560e-02;2.671373e-01;7.221701e-02;1.535418e-01;6.305307e-02;4.793886e-02;3.133173e-02;3.356329e-02
5.342379e-02;1.210601e-01;8.573849e-02;3.281053e-02;3.278388e-02;2.376916e-01;8.484197e-02;1.950243e-01;8.921062e-02;3.361803e-02;2.020299e-02;1.359370e-02
4.518479e-02;1.438450e-01;8.202769e-02;2.005517e-02;2.523880e-02;1.629605e-01;7.345979e-02;2.264399e-01;9.828229e-02;3.168207e-02;7.359070e-02;1.723328e-02
2.106961e-02;2.194040e-01;7.322583e-02;2.240380e-02;2.214265e-02;9.247796e-02;6.564536e-02;2.390873e-01;6.778124e-02;2.222465e-02;1.358491e-01;1.868855e-02
2.154246e-02;2.000901e-01;1.657808e-01;2.367329e-02;2.009210e-02;3.694512e-02;3.770230e-02;2.166136e-01;7.092954e-02;8.205525e-03;1.045436e-01;9.388174e-02
1.141874e-02;1.443330e-01;2.097370e-01;2.828977e-02;1.071873e-02;3.621290e-02;2.195957e-02;2.199305e-01;7.964465e-02;8.259724e-03;6.468412e-02;1.648112e-01
3.968801e-02;7.840797e-02;2.105026e-01;2.879647e-02;5.409027e-03;3.628587e-02;1.491807e-02;2.441695e-01;8.624183e-02;7.063167e-03;3.166094e-02;2.168566e-01
5.042925e-02;2.676284e-02;1.858644e-01;3.530548e-02;9.647969e-03;4.478611e-02;1.210419e-02;2.763850e-01;9.288130e-02;6.573392e-03;4.648020e-03;2.546120e-01
2.825457e-02;2.663100e-02;1.804871e-01;3.478104e-02;6.034383e-03;4.791480e-02;1.366573e-02;2.855701e-01;8.535861e-02;8.561184e-03;2.691538e-02;2.558261e-01
9.521713e-03;2.380623e-02;1.670249e-01;3.209848e-02;7.875788e-03;4.712537e-02;2.353475e-02;3.221378e-01;8.451097e-02;6.654804e-03;6.765170e-02;2.080575e-01
7.300711e-03;3.760134e-02;1.530959e-01;3.141544e-02;9.202203e-03;5.991408e-02;5.778263e-02;3.627362e-01;8.937528e-02;6.212156e-03;8.035615e-02;1.050079e-01
8.835422e-03;5.048769e-02;1.453901e-01;2.744591e-02;8.898785e-03;1.010007e-01;1.013450e-01;3.772851e-01;8.501708e-02;1.222992e-02;6.549841e-02;1.656594e-02
1.982664e-02;5.108627e-02;1.262909e-01;2.601795e-02;8.708156e-03;1.414278e-01;1.200906e-01;3.382422e-01;6.096573e-02;2.178519e-02;3.152040e-02;5.403819e-02
1.442713e-02;5.071842e-02;1.182257e-01;2.466436e-02;1.939983e-02;1.565007e-01;1.045731e-01;3.057435e-01;4.915235e-02;3.789774e-02;4.456911e-02;7.412814e-02
9.270471e-03;5.847316e-02;8.607321e-02;2.773078e-02;2.728185e-02;1.265475e-01;7.169001e-02;2.957326e-01;9.622905e-02;3.475978e-02;1.167269e-01;4.948478e-02
1.753055e-02;5.583116e-02;8.609040e-02;3.264656e-02;1.155868e-02;9.670296e-02;4.489364e-02;2.832742e-01;8.357538e-02;2.309752e-02;8.865201e-02;1.761469e-01
1.434335e-02;7.413909e-02;1.130489e-01;2.168664e-02;1.206014e-02;1.120154e-01;1.954977e-02;2.509900e-01;4.287906e-02;3.923336e-02;6.773575e-02;2.323185e-01
1.602976e-02;4.509801e-02;1.386769e-01;3.965314e-02;1.942284e-02;1.284917e-01;1.412135e-02;2.390565e-01;3.908991e-02;5.323774e-02;2.253346e-02;2.445887e-01
3.213859e-02;7.991948e-02;1.578905e-01;4.896506e-02;3.549440e-02;1.391012e-01;1.001074e-02;1.757439e-01;3.714939e-02;4.116949e-02;1.609687e-02;2.263203e-01
6.511149e-02;1.067351e-01;1.818821e-01;4.656706e-02;1.714152e-02;1.378312e-01;3.366002e-02;1.092821e-01;7.819939e-02;2.393473e-02;5.253825e-02;1.471170e-01
6.300909e-02;1.015927e-01;1.399347e-01;5.455235e-02;5.966809e-02;1.445555e-01;3.134964e-02;7.511874e-02;5.924733e-02;5.857221e-02;1.281499e-01;8.424971e-02
4.441203e-02;7.585563e-02;1.227931e-01;4.551769e-02;6.860379e-02;1.680963e-01;2.399343e-02;4.982510e-02;6.616332e-02;6.732175e-02;2.111406e-01;5.627725e-02
1.641217e-02;3.006234e-02;1.302407e-01;2.578488e-02;5.129748e-02;2.124378e-01;5.724424e-03;3.507626e-02;6.744639e-02;5.642379e-02;2.906560e-01;7.843777e-02
1.803639e-02;2.038735e-02;1.443895e-01;5.930079e-02;2.973013e-02;2.413206e-01;5.216675e-02;2.487225e-02;4.168786e-02;2.513477e-02;2.822424e-01;6.073119e-02
1.012877e-02;2.060409e-02;1.218197e-01;1.333811e-01;4.878899e-02;2.238513e-01;1.245931e-01;1.519101e-02;2.709939e-02;1.367497e-02;1.966617e-01;6.420591e-02
1.780048e-02;1.998191e-02;8.002034e-02;1.206333e-01;9.018636e-02;1.825364e-01;2.522177e-01;2.562402e-02;2.309066e-02;1.278151e-02;1.137079e-01;6.141939e-02
1.416920e-02;1.630629e-02;4.732027e-02;4.953751e-02;1.061131e-01;1.510879e-01;3.828420e-01;5.679290e-02;1.719479e-02;2.345355e-02;5.255851e-02;8.262397e-02
3.150366e-02;3.551555e-02;6.070463e-02;3.792788e-02;8.945044e-02;1.103230e-01;3.274129e-01;8.676847e-02;3.948257e-02;4.674420e-02;6.370004e-02;7.046667e-02
4.252989e-02;6.000705e-02;8.464456e-02;3.888026e-02;6.831859e-02;8.956210e-02;2.432463e-01;8.883408e-02;6.876564e-02;7.456616e-02;8.518998e-02;5.545532e-02
4.588706e-02;1.007943e-01;1.216534e-01;9.181368e-02;3.477960e-02;9.531953e-02;1.812776e-01;6.558602e-02;7.814805e-02;8.045591e-02;6.326646e-02;4.101838e-02
5.934406e-02;1.145388e-01;1.214068e-01;1.069038e-01;2.984513e-02;7.988983e-02;1.418975e-01;1.156006e-01;4.429183e-02;7.225390e-02;5.410315e-02;5.992474e-02
6.284063e-02;8.932624e-02;8.647307e-02;9.800690e-02;2.641226e-02;6.495709e-02;1.690533e-01;1.649533e-01;4.081086e-02;8.797519e-02;4.591392e-02;6.327729e-02
5.909597e-02;4.378835e-02;5.036139e-02;9.303585e-02;1.924028e-02;4.625210e-02;2.139284e-01;2.147233e-01;3.488072e-02;1.082633e-01;3.221572e-02;8.421460e-02
5.102793e-02;2.660419e-02;2.328263e-02;1.347961e-01;2.757001e-02;2.672940e-02;2.571858e-01;2.032207e-01;1.811535e-02;1.147471e-01;2.052242e-02;9.619832e-02
4.511059e-02;5.655731e-02;1.470578e-02;1.488756e-01;2.609804e-02;2.958468e-02;2.815068e-01;1.641526e-01;1.412016e-02;9.616234e-02;2.051167e-02;1.026145e-01
2.834475e-02;9.632143e-02;1.998767e-02;1.287456e-01;1.510669e-02;4.118036e-02;2.785290e-01;1.347086e-01;1.593452e-02;7.174609e-02;2.233026e-02;1.470650e-01
2.599656e-02;1.124252e-01;3.591865e-02;9.738390e-02;1.648591e-02;4.566817e-02;2.315586e-01;1.301250e-01;2.682328e-02;4.627711e-02;4.023787e-02;1.910998e-01
3.006608e-02;1.017257e-01;4.879548e-02;8.655482e-02;2.141448e-02;4.419752e-02;1.377541e-01;1.942932e-01;7.345479e-02;5.206378e-02;3.389038e-02;1.757897e-01
3.123202e-02;4.851113e-02;4.752541e-02;1.289186e-01;2.677506e-02;1.090251e-01;1.683464e-01;1.306925e-01;7.843225e-02;1.037140e-01;4.283747e-02;8.399007e-02
4.282954e-02;8.560596e-02;2.700974e-02;8.338542e-02;4.730596e-02;1.324177e-01;1.617287e-01;1.072060e-01;5.039738e-02;1.356491e-01;5.303536e-02;7.342908e-02
7.728980e-02;9.163262e-02;6.577940e-02;6.680217e-02;4.375771e-02;1.079855e-01;7.696069e-02;1.478609e-01;4.495203e-02;1.304711e-01;4.323781e-02;1.032703e-01
1.043260e-01;8.863003e-02;5.249421e-02;7.688513e-02;7.544854e-02;1.277475e-01;1.035635e-01;1.010189e-01;3.456364e-02;8.557650e-02;4.120149e-02;1.085446e-01
1.137685e-01;9.491830e-02;6.100370e-02;9.278041e-02;6.797815e-02;1.077954e-01;1.260900e-01;7.879782e-02;4.919218e-02;5.345325e-02;6.196389e-02;9.225838e-02
7.585622e-02;1.441775e-01;9.260462e-02;6.873371e-02;4.134457e-02;1.194503e-01;1.574292e-01;8.308841e-02;3.090664e-02;2.223755e-02;5.205946e-02;1.121118e-01
4.604303e-02;1.412553e-01;7.969983e-02;6.561976e-02;2.510137e-02;1.220617e-01;2.253634e-01;8.308752e-02;2.677450e-02;1.825117e-02;3.390086e-02;1.328416e-01
3.320564e-02;9.075007e-02;6.275743e-02;6.515123e-02;1.458851e-02;1.548815e-01;2.787586e-01;6.654517e-02;3.852428e-02;2.125721e-02;5.106061e-02;1.225197e-01
2.920514e-02;4.384415e-02;8.331403e-02;3.817722e-02;2.325584e-02;2.430176e-01;2.530368e-01;3.293868e-02;6.077650e-02;1.245842e-02;1.013477e-01;7.862791e-02
4.181072e-02;2.009539e-02;9.738707e-02;2.390990e-02;5.606814e-02;2.933292e-01;1.704902e-01;4.362930e-02;7.398242e-02;1.700382e-02;1.302909e-01;3.200278e-02
5.189311e-02;3.252676e-02;1.016886e-01;3.711963e-02;7.598809e-02;2.757798e-01;1.143270e-01;8.801867e-02;8.067145e-02;2.020292e-02;1.052733e-01;1.651056e-02
4.233342e-02;6.871683e-02;1.002723e-01;5.153761e-02;8.038185e-02;2.388557e-01;5.744872e-02;1.358506e-01;1.025402e-01;3.368811e-02;6.298839e-02;2.538631e-02
2.180508e-02;8.979506e-02;8.913377e-02;5.709722e-02;8.742179e-02;9.981506e-02;7.828926e-02;1.250923e-01;1.385897e-01;8.544205e-02;5.986873e-02;6.764992e-02
2.058065e-02;1.051092e-01;4.863077e-02;9.180155e-02;9.009315e-02;5.141509e-02;5.555914e-02;1.221976e-01;1.787015e-01;1.049770e-01;6.158971e-02;6.934458e-02
3.166657e-02;1.200904e-01;4.369646e-02;1.049349e-01;6.838350e-02;1.007262e-01;3.628936e-02;1.130260e-01;1.694611e-01;1.063313e-01;5.088244e-02;5.451180e-02
3.452742e-02;1.232622e-01;5.090124e-02;7.736122e-02;9.169795e-02;9.814781e-02;2.525000e-02;1.098755e-01;1.796169e-01;1.198974e-01;5.220279e-02;3.725959e-02
3.808063e-02;1.164945e-01;7.876859e-02;4.754777e-02;1.523723e-01;9.074627e-02;3.167644e-02;9.543017e-02;1.387657e-01;1.130356e-01;5.299352e-02;4.408843e-02
3.492654e-02;9.570595e-02;1.031507e-01;5.899991e-02;1.594599e-01;1.181173e-01;4.173630e-02;9.023418e-02;1.496543e-01;8.215615e-02;3.660369e-02;2.925508e-02
1.949679e-02;5.590908e-02;1.060031e-01;8.445216e-02;1.356238e-01;1.401123e-01;6.643715e-02;9.164470e-02;2.019868e-01;6.680929e-02;2.235895e-02;9.165785e-03
2.411114e-02;2.574803e-02;1.146457e-01;1.066273e-01;8.585805e-02;8.065897e-02;9.945342e-02;1.325840e-01;2.570663e-01;4.634975e-02;2.238584e-02;4.511481e-03
3.329791e-02;2.230255e-02;7.974935e-02;1.399166e-01;4.948627e-02;3.582588e-02;8.942548e-02;2.129816e-01;2.741764e-01;3.492137e-02;2.087010e-02;7.046532e-03
2.908149e-02;3.655252e-02;5.636724e-02;1.407970e-01;4.262897e-02;4.248793e-02;5.067750e-02;2.884464e-01;2.549550e-01;3.135899e-02;1.420642e-02;1.244047e-02
1.915170e-02;4.514618e-02;6.596960e-02;1.167457e-01;3.879694e-02;6.127020e-02;4.304140e-02;3.377247e-01;2.177068e-01;2.164322e-02;1.220638e-02;2.059723e-02
2.334200e-02;5.469228e-02;5.925379e-02;8.818034e-02;3.515024e-02;7.888013e-02;6.606966e-02;3.638539e-01;1.816137e-01;1.750596e-02;1.351153e-02;1.794646e-02
1.718911e-02;6.421456e-02;6.585514e-02;5.195613e-02;5.108793e-02;9.431259e-02;8.357543e-02;3.525495e-01;1.634038e-01;2.610018e-02;1.736031e-02;1.239525e-02
1.536634e-02;6.506147e-02;9.175416e-02;4.705238e-02;4.684899e-02;9.937204e-02;8.166683e-02;3.289701e-01;1.431146e-01;3.874934e-02;2.574782e-02;1.629589e-02
1.635658e-02;6.345603e-02;1.083516e-01;3.341008e-02;3.740630e-02;1.503950e-01;1.375609e-01;2.144271e-01;1.414997e-01;4.254697e-02;2.921233e-02;2.537746e-02
1.962507e-02;6.886037e-02;1.118601e-01;4.840612e-02;2.882039e-02;1.873101e-01;1.870105e-01;1.638192e-01;9.618851e-02;4.164850e-02;2.254320e-02;2.390787e-02
2.783713e-02;8.523259e-02;1.161615e-01;6.790677e-02;1.426599e-02;1.622105e-01;1.438523e-01;1.607773e-01;1.264939e-01;4.264644e-02;2.857704e-02;2.403857e-02
3.068734e-02;1.335239e-01;1.094658e-01;7.003199e-02;3.138245e-02;1.495423e-01;1.218852e-01;1.668454e-01;9.041888e-02;3.813435e-02;4.250026e-02;1.558211e-02
2.713023e-02;1.462558e-01;1.208910e-01;8.824486e-02;2.378310e-02;1.603833e-01;1.074244e-01;1.260241e-01;1.208826e-01;2.936830e-02;3.324299e-02;1.636935e-02
2.690075e-02;1.707057e-01;1.200428e-01;8.885651e-02;4.544621e-02;1.499993e-01;1.011745e-01;1.650244e-01;7.054648e-02;2.418931e-02;2.316642e-02;1.394757e-02
1.359925e-02;1.054480e-01;1.702858e-01;5.929098e-02;6.174692e-02;9.293959e-02;8.086982e-02;2.886456e-01;8.778820e-02;1.954426e-02;1.034189e-02;9.499732e-03
9.008958e-03;3.108794e-02;2.079037e-01;4.069278e-02;4.462690e-02;8.968437e-02;6.563585e-02;3.511284e-01;1.244357e-01;1.438182e-02;4.743373e-03;1.667010e-02
6.168853e-03;2.470355e-02;1.967889e-01;3.266477e-02;2.931620e-02;9.003490e-02;9.743901e-02;3.422074e-01;1.363613e-01;1.632676e-02;3.871094e-03;2.411722e-02
6.515719e-03;4.396207e-02;1.589148e-01;5.544556e-02;2.527296e-02;1.005318e-01;9.946553e-02;3.280241e-01;1.237259e-01;1.857496e-02;8.171946e-03;3.139481e-02
9.979872e-03;5.865505e-02;1.378175e-01;6.205954e-02;7.052736e-02;9.008554e-02;7.432643e-02;3.281137e-01;1.170320e-01;1.383177e-02;7.945739e-03;2.962544e-02
1.740350e-02;5.666007e-02;8.939533e-02;1.384698e-01;1.047744e-01;7.186201e-02;4.218073e-02;2.517056e-01;1.777546e-01;2.216969e-02;1.074335e-02;1.688104e-02
3.602142e-02;2.562006e-02;5.113853e-02;2.323994e-01;7.904518e-02;4.291911e-02;3.324917e-02;1.943218e-01;2.331893e-01;3.571786e-02;2.256259e-02;1.381560e-02
4.847377e-02;1.066862e-02;6.703392e-02;2.355222e-01;6.654800e-02;4.980336e-02;5.525228e-02;1.503093e-01;2.336123e-01;4.979373e-02;2.329317e-02;9.689346e-03
3.197506e-02;2.787042e-02;9.117900e-02;1.622094e-01;1.357055e-01;6.947742e-02;5.916813e-02;1.029286e-01;2.100563e-01;7.677864e-02;1.834955e-02;1.430198e-02
1.045577e-02;6.382187e-02;5.843900e-02;8.540895e-02;1.992043e-01;7.574525e-02;3.848073e-02;1.033236e-01;2.132368e-01;1.021739e-01;1.728696e-02;3.242286e-02
6.309722e-03;7.956567e-02;2.369259e-02;1.597755e-01;1.503857e-01;8.110381e-02;4.843939e-02;1.173225e-01;1.860615e-01;8.327726e-02;2.803556e-02;3.603082e-02
2.039628e-02;6.221507e-02;3.808737e-02;2.802494e-01;6.400590e-02;1.090712e-01;9.136097e-02;1.015079e-01;1.119285e-01;5.337027e-02;4.160805e-02;2.619907e-02
4.603964e-02;4.622225e-02;7.024064e-02;2.903568e-01;3.852831e-02;1.418622e-01;1.038702e-01;6.595126e-02;8.373861e-02;4.026544e-02;5.316136e-02;1.976330e-02
6.782821e-02;8.495027e-02;1.126214e-01;1.617488e-01;2.487729e-02;1.590232e-01;8.891404e-02;6.206714e-02;1.184748e-01;3.966783e-02;5.632196e-02;2.350509e-02
6.959369e-02;1.217474e-01;1.231337e-01;6.455334e-02;2.709018e-02;1.421368e-01;6.979131e-02;9.323028e-02;1.655794e-01;4.278018e-02;5.265827e-02;2.770551e-02
3.841003e-02;1.141252e-01;1.152843e-01;7.817864e-02;6.937615e-02;7.581198e-02;5.357485e-02;1.469797e-01;1.851577e-01;5.706670e-02;4.525902e-02;2.077572e-02
3.340120e-02;5.272013e-02;8.462295e-02;1.634687e-01;8.231020e-02;7.056203e-02;7.457599e-02;1.557665e-01;1.844373e-01;5.210576e-02;2.616409e-02;1.986512e-02
3.237078e-02;3.312656e-02;7.151037e-02;1.677097e-01;6.431215e-02;9.686864e-02;7.411046e-02;1.769492e-01;2.032768e-01;3.774355e-02;2.761764e-02;1.440411e-02
2.177941e-02;3.295893e-02;4.263196e-02;2.807620e-01;6.063524e-02;9.832265e-02;5.894843e-02;2.012284e-01;1.365054e-01;3.408688e-02;2.192513e-02;1.021556e-02
1.817944e-02;3.634411e-02;7.829092e-02;2.895605e-01;6.390896e-02;8.086646e-02;3.617522e-02;2.249457e-01;8.974120e-02;4.625704e-02;2.117557e-02;1.455481e-02
2.227906e-02;8.478190e-02;1.420771e-01;1.689133e-01;4.705132e-02;7.474865e-02;5.409094e-02;2.042772e-01;1.139841e-01;3.849049e-02;2.433959e-02;2.496639e-02
5.063190e-02;1.594411e-01;2.187599e-01;7.412891e-02;4.175816e-02;9.898902e-02;6.808732e-02;1.436564e-01;6.307311e-02;1.532465e-02;1.643378e-02;4.971580e-02
6.177950e-02;2.108067e-01;1.482046e-01;1.383245e-01;3.388787e-02;9.208211e-02;9.295469e-02;8.674946e-02;3.006171e-02;1.273864e-02;1.600942e-02;7.640088e-02
5.345075e-02;2.374637e-01;5.700650e-02;1.665432e-01;3.191845e-02;7.059361e-02;1.580966e-01;6.113612e-02;3.488497e-02;1.337457e-02;1.785506e-02;9.767655e-02
4.609086e-02;2.164330e-01;6.024037e-02;1.268357e-01;2.841914e-02;4.960718e-02;2.194228e-01;6.445224e-02;5.163902e-02;9.467881e-03;2.279755e-02;1.045943e-01
5.470501e-02;1.627128e-01;6.903746e-02;7.999168e-02;3.227121e-02;7.620908e-02;2.182526e-01;8.431101e-02;5.374069e-02;2.080366e-02;3.756579e-02;1.103990e-01
5.156670e-02;7.785529e-02;6.612471e-02;1.010203e-01;3.756427e-02;1.137341e-01;1.173631e-01;1.430938e-01;1.126187e-01;3.804753e-02;5.067206e-02;9.033950e-02
2.594684e-02;6.683510e-02;4.965979e-02;1.156956e-01;3.362542e-02;1.206760e-01;3.456753e-02;2.160747e-01;1.906392e-01;4.831038e-02;4.282776e-02;5.514169e-02
4.454195e-02;4.842839e-02;5.479004e-02;1.611167e-01;5.308050e-02;9.304041e-02;4.733182e-02;2.446412e-01;1.475532e-01;4.983761e-02;2.589922e-02;2.973898e-02
7.736815e-02;5.996712e-02;6.870205e-02;1.814412e-01;6.345424e-02;6.914175e-02;8.094881e-02;2.248732e-01;9.812282e-02;3.676843e-02;1.788304e-02;2.132919e-02
7.271488e-02;8.470634e-02;4.129454e-02;1.893731e-01;8.815749e-02;6.747449e-02;6.039819e-02;2.212860e-01;9.922389e-02;3.816809e-02;1.144458e-02;2.575835e-02
5.575684e-02;8.848024e-02;4.106240e-02;1.854209e-01;9.216546e-02;6.259705e-02;3.765130e-02;2.333905e-01;1.214990e-01;4.565882e-02;1.309393e-02;2.322364e-02
3.287382e-02;7.453918e-02;4.513259e-02;1.470882e-01;1.024477e-01;3.808752e-02;5.124299e-02;2.315949e-01;2.000139e-01;3.779753e-02;2.258860e-02;1.659308e-02
3.482858e-02;4.947022e-02;3.123734e-02;1.264305e-01;9.838720e-02;5.939664e-02;9.964727e-02;2.476012e-01;1.692192e-01;4.054650e-02;2.233756e-02;2.089772e-02
5.220020e-02;5.204977e-02;4.265650e-02;8.251555e-02;9.131251e-02;6.885383e-02;1.512558e-01;2.562924e-01;9.172177e-02;4.879113e-02;3.085926e-02;3.149133e-02
5.538617e-02;7.361220e-02;8.082441e-02;5.951157e-02;7.033026e-02;8.663374e-02;1.189904e-01;1.725634e-01;1.409103e-01;4.097176e-02;5.682331e-02;4.344250e-02
7.218990e-02;1.103659e-01;1.077514e-01;8.158226e-02;5.881924e-02;1.222866e-01;7.273195e-02;9.484224e-02;8.057927e-02;6.130065e-02;7.912200e-02;5.842857e-02
6.315454e-02;9.419148e-02;1.026488e-01;3.066203e-02;8.094367e-02;2.103492e-01;9.876332e-02;5.003955e-02;4.229693e-02;4.933569e-02;1.053842e-01;7.223051e-02
5.280105e-02;7.875802e-02;6.616225e-02;2.608507e-02;1.059066e-01;2.742135e-01;8.637813e-02;4.805387e-02;4.428117e-02;6.313125e-02;9.276518e-02;6.146390e-02
3.719825e-02;7.098540e-02;3.370529e-02;4.045404e-02;1.645491e-01;2.829219e-01;5.970782e-02;3.645423e-02;4.418280e-02;1.021185e-01;5.260714e-02;7.511556e-02
3.157270e-02;5.406290e-02;3.755298e-02;7.403868e-02;2.132109e-01;2.283626e-01;4.019843e-02;2.825999e-02;5.115090e-02;1.235775e-01;2.213589e-02;9.587657e-02
8.591120e-02;3.200304e-02;4.385889e-02;1.531869e-01;1.983577e-01;1.319735e-01;4.014839e-02;3.539234e-02;8.477081e-02;1.007496e-01;2.589145e-02;6.775629e-02
1.700577e-01;1.561344e-02;7.214671e-02;2.429207e-01;1.132530e-01;5.907810e-02;4.163254e-02;5.378777e-02;1.187817e-01;4.967218e-02;4.726040e-02;1.579585e-02
1.753799e-01;1.297964e-02;1.494325e-01;2.790358e-01;3.744588e-02;3.022485e-02;2.873251e-02;7.737889e-02;1.261820e-01;1.819989e-02;4.538726e-02;1.962089e-02
1.085346e-01;4.138855e-02;2.226752e-01;2.569318e-01;4.002201e-02;2.330786e-02;4.009431e-02;9.334143e-02;1.117557e-01;1.452257e-02;3.155524e-02;1.587063e-02
7.268339e-02;4.739984e-02;2.081350e-01;2.410402e-01;6.036978e-02;3.432591e-02;4.804218e-02;1.221091e-01;1.140535e-01;1.874804e-02;2.271580e-02;1.037726e-02
6.628789e-02;3.039619e-02;1.186443e-01;2.490242e-01;4.370467e-02;5.560383e-02;5.113149e-02;1.748848e-01;1.541255e-01;2.371252e-02;2.086718e-02;1.161749e-02
5.784544e-02;1.741786e-02;4.811225e-02;2.038781e-01;5.058007e-02;6.706825e-02;8.501499e-02;2.249598e-01;1.931871e-01;1.768161e-02;2.285053e-02;1.140398e-02
4.268961e-02;1.826811e-02;2.181382e-02;1.250347e-01;9.559460e-02;1.062670e-01;1.063772e-01;2.181057e-01;2.194685e-01;2.273287e-02;1.521363e-02;8.434269e-03
2.935186e-02;1.892581e-02;3.006916e-02;8.960819e-02;1.443620e-01;1.558156e-01;6.168473e-02;1.640546e-01;2.428086e-01;4.267466e-02;1.255124e-02;8.093542e-03
1.678157e-02;2.936881e-02;2.833843e-02;9.333931e-02;1.770768e-01;1.445881e-01;2.446416e-02;1.282579e-01;2.544634e-01;6.553435e-02;2.139721e-02;1.639004e-02
1.671368e-02;2.213655e-02;5.582232e-02;1.147370e-01;1.012548e-01;1.946120e-01;2.338824e-02;9.342604e-02;2.184957e-01;8.100297e-02;4.990119e-02;2.850944e-02
2.950291e-02;1.407231e-02;1.142712e-01;7.692245e-02;6.910899e-02;2.626523e-01;2.237812e-02;5.444546e-02;1.400363e-01;1.006770e-01;7.119059e-02;4.474229e-02
2.134158e-02;2.266973e-02;1.488168e-01;6.101556e-02;1.214130e-01;1.885802e-01;4.309363e-02;5.253429e-02;1.386379e-01;8.043088e-02;6.004158e-02;6.142484e-02
2.690280e-02;3.679687e-02;1.307591e-01;6.741919e-02;1.815761e-01;8.576852e-02;5.763420e-02;9.703590e-02;1.473547e-01;4.654608e-02;4.704843e-02;7.515812e-02
3.895535e-02;6.777799e-02;1.285623e-01;6.330989e-02;1.718854e-01;5.708475e-02;6.366256e-02;1.485160e-01;9.071436e-02;3.753019e-02;3.832925e-02;9.367199e-02
4.846525e-02;1.229947e-01;1.740086e-01;7.608155e-02;9.487917e-02;6.107211e-02;9.103836e-02;1.155120e-01;5.301412e-02;3.567977e-02;3.399482e-02;9.325963e-02
5.857718e-02;1.781902e-01;1.705750e-01;1.211706e-01;7.305526e-02;7.086422e-02;8.737207e-02;6.854405e-02;4.796494e-02;2.570257e-02;2.886018e-02;6.912374e-02
5.091228e-02;1.746088e-01;1.398140e-01;1.443806e-01;9.568817e-02;8.362669e-02;8.002445e-02;6.410694e-02;8.544299e-02;1.331599e-02;2.516546e-02;4.291358e-02
2.708511e-02;1.170421e-01;1.546932e-01;1.683245e-01;1.009347e-01;7.180535e-02;6.946786e-02;1.061462e-01;1.033442e-01;3.303936e-02;1.500431e-02;3.311315e-02
2.054466e-02;7.701784e-02;1.745946e-01;1.193572e-01;7.379439e-02;1.414625e-01;7.446848e-02;1.250566e-01;1.113270e-01;3.797973e-02;2.054614e-02;2.385093e-02
2.484105e-02;7.251795e-02;1.327502e-01;1.191962e-01;7.069153e-02;1.586260e-01;4.994670e-02;1.365592e-01;1.463586e-01;4.429892e-02;2.362900e-02;2.058457e-02
4.926874e-02;6.923088e-02;6.595997e-02;1.356109e-01;1.207145e-01;1.587593e-01;5.053912e-02;1.325477e-01;1.365846e-01;4.404015e-02;1.999442e-02;1.674981e-02
3.447467e-02;4.176207e-02;7.038673e-02;1.605104e-01;1.724770e-01;1.763572e-01;9.165516e-02;8.951991e-02;7.384163e-02;3.895069e-02;2.460954e-02;2.545502e-02
2.528651e-02;4.700003e-02;8.962222e-02;9.293237e-02;1.307049e-01;1.447054e-01;1.344919e-01;1.562690e-01;6.941094e-02;3.975888e-02;3.223189e-02;3.758594e-02
4.598147e-02;1.025294e-01;1.048473e-01;6.565785e-02;5.095011e-02;1.495381e-01;1.963955e-01;1.466309e-01;3.700292e-02;3.008161e-02;2.025190e-02;5.013284e-02
3.852211e-02;7.766319e-02;9.088140e-02;6.849449e-02;4.730275e-02;1.646560e-01;2.695459e-01;1.133312e-01;4.356377e-02;1.794016e-02;1.796606e-02;5.013305e-02
2.430022e-02;4.062317e-02;8.016966e-02;5.203404e-02;3.997381e-02;2.119712e-01;3.265882e-01;8.502276e-02;5.459006e-02;1.467057e-02;2.475878e-02;4.529744e-02
7.730568e-03;8.645726e-03;8.336765e-02;2.776342e-02;4.621606e-02;3.026780e-01;3.235334e-01;4.002831e-02;8.543022e-02;8.875269e-03;3.651188e-02;2.921947e-02
1.880204e-02;3.491113e-02;9.884942e-02;4.297453e-02;7.491128e-02;3.023701e-01;2.152483e-01;3.104042e-02;1.009634e-01;1.056488e-02;4.265285e-02;2.671165e-02
3.144870e-02;6.685383e-02;9.678213e-02;6.107008e-02;7.652499e-02;2.607335e-01;1.612131e-01;5.203897e-02;9.938810e-02;2.009571e-02;4.003058e-02;3.382032e-02
2.959443e-02;8.871681e-02;6.375481e-02;5.799967e-02;5.727683e-02;2.296218e-01;1.528077e-01;7.691832e-02;1.198825e-01;3.661991e-02;5.379808e-02;3.300919e-02
2.982848e-02;6.468923e-02;8.859250e-02;4.473109e-02;4.424166e-02;2.398800e-01;1.776749e-01;4.430871e-02;1.358609e-01;2.716160e-02;6.875429e-02;3.427660e-02
1.870526e-02;3.057882e-02;1.235030e-01;2.832865e-02;2.884471e-02;2.981058e-01;1.871825e-01;3.195729e-02;1.256251e-01;1.746860e-02;7.211202e-02;3.758821e-02
1.219803e-02;1.393486e-02;1.380067e-01;1.246279e-02;4.771891e-02;3.649628e-01;1.590797e-01;2.800622e-02;9.179124e-02;1.471893e-02;8.435052e-02;3.276930e-02
1.544012e-02;2.576490e-02;1.227722e-01;1.859508e-02;8.243792e-02;3.761208e-01;1.179583e-01;2.669422e-02;7.944129e-02;2.064177e-02;9.246980e-02;2.166364e-02
1.517008e-02;4.036114e-02;9.079323e-02;2.293888e-02;9.551223e-02;3.252538e-01;8.475152e-02;5.074616e-02;8.959277e-02;2.505193e-02;1.264843e-01;3.334391e-02
3.954911e-02;3.490483e-02;2.160134e-01;2.519805e-02;5.194772e-02;1.519018e-01;3.740453e-02;4.679932e-02;8.726763e-02;3.427422e-02;2.189580e-01;5.578148e-02
5.590819e-02;3.967734e-02;2.970324e-01;1.667341e-02;1.550878e-02;6.074499e-02;4.051126e-02;3.567912e-02;7.847275e-02;2.882697e-02;2.814572e-01;4.950752e-02
5.035403e-02;2.524812e-02;3.054311e-01;1.924987e-02;9.679300e-03;7.569522e-02;4.729386e-02;2.849247e-02;5.263468e-02;2.915388e-02;3.127375e-01;4.403003e-02
5.090071e-02;5.050715e-02;2.737224e-01;2.644390e-02;3.444765e-02;9.653343e-02;3.493423e-02;3.589474e-02;4.179635e-02;3.218908e-02;2.902890e-01;3.234140e-02
5.424710e-02;7.992237e-02;2.007705e-01;5.666749e-02;8.331890e-02;1.527861e-01;4.722937e-02;3.998161e-02;3.653481e-02;4.779343e-02;1.536217e-01;4.712667e-02
4.151276e-02;8.837560e-02;2.283404e-01;6.547450e-02;6.932666e-02;2.442976e-01;6.536027e-02;4.432664e-02;2.454828e-02;2.761250e-02;6.045059e-02;4.037414e-02
2.853395e-02;5.781633e-02;2.244797e-01;4.664918e-02;3.161075e-02;3.829958e-01;7.030571e-02;2.966896e-02;1.797229e-02;1.507693e-02;6.360584e-02;3.128455e-02
1.927305e-02;4.123998e-02;1.478665e-01;2.076627e-02;3.028166e-02;4.722371e-01;8.695094e-02;2.981917e-02;1.757829e-02;2.125679e-02;8.933002e-02;2.340023e-02
1.179257e-02;5.752286e-02;5.374229e-02;3.112167e-02;6.380805e-02;4.799580e-01;8.135621e-02;4.640716e-02;2.105179e-02;4.884406e-02;9.212721e-02;1.226810e-02
8.402838e-03;6.522969e-02;7.465772e-02;5.826823e-02;1.240522e-01;3.836032e-01;3.996743e-02;5.318853e-02;4.149151e-02;6.897076e-02;7.637423e-02;5.793668e-03
6.944483e-03;6.339581e-02;9.261319e-02;8.319405e-02;1.443763e-01;2.923438e-01;3.095134e-02;8.314843e-02;6.396084e-02;7.044750e-02;6.285475e-02;5.769560e-03
8.861933e-03;5.498722e-02;9.133732e-02;1.093765e-01;1.292636e-01;2.907753e-01;3.982688e-02;1.005046e-01;8.000817e-02;4.592667e-02;3.609845e-02;1.303339e-02
1.079516e-02;4.112245e-02;1.011493e-01;9.491336e-02;7.212831e-02;3.370659e-01;8.045313e-02;7.137328e-02;9.268030e-02;3.157467e-02;3.650227e-02;3.024180e-02
1.317114e-02;2.947267e-02;7.909764e-02;6.369521e-02;6.106296e-02;3.896817e-01;1.599145e-01;5.455168e-02;4.547200e-02;2.765248e-02;5.379535e-02;2.243272e-02
1.141020e-02;3.001341e-02;4.175856e-02;3.889578e-02;7.959960e-02;4.337134e-01;1.664478e-01;7.117835e-02;3.260040e-02;1.349603e-02;6.988736e-02;1.099910e-02
1.535482e-02;2.933790e-02;5.309427e-02;1.657967e-02;7.076600e-02;4.695524e-01;1.495540e-01;4.886248e-02;4.450645e-02;1.680191e-02;7.074880e-02;1.484131e-02
3.512549e-02;6.274557e-02;6.613701e-02;3.652524e-02;5.096902e-02;3.988051e-01;9.450536e-02;7.145201e-02;5.309539e-02;5.083108e-02;4.744919e-02;3.235952e-02
4.238828e-02;5.916046e-02;1.259690e-01;5.539773e-02;5.224465e-02;1.914643e-01;1.677867e-01;5.472092e-02;8.012673e-02;5.336156e-02;7.430549e-02;4.307414e-02
3.168385e-02;3.418679e-02;1.163994e-01;3.911110e-02;3.924508e-02;2.740756e-01;1.678720e-01;4.840649e-02;8.410012e-02;3.212698e-02;1.049202e-01;2.787231e-02
2.885068e-02;1.663636e-02;1.059940e-01;1.902702e-02;2.761010e-02;4.050570e-01;1.234760e-01;5.022112e-02;7.304715e-02;1.741285e-02;1.166146e-01;1.605313e-02
2.571460e-02;1.003606e-02;1.041105e-01;1.999549e-02;7.460786e-02;4.511544e-01;7.587390e-02;7.718198e-02;4.088289e-02;1.281094e-02;9.577397e-02;1.185741e-02
1.819901e-02;2.693963e-02;9.151912e-02;5.596789e-02;1.231772e-01;3.842293e-01;9.087779e-02;8.482251e-02;3.572988e-02;1.071283e-02;6.192586e-02;1.589894e-02
1.371591e-02;4.969094e-02;9.188859e-02;8.874422e-02;1.404966e-01;3.221264e-01;8.220270e-02;7.202874e-02;5.481388e-02;1.614014e-02;4.188345e-02;2.626841e-02
3.350751e-02;5.324297e-02;1.550484e-01;8.800880e-02;6.266564e-02;2.640627e-01;4.609943e-02;5.871432e-02;9.839647e-02;2.817771e-02;6.721500e-02;4.486109e-02
5.625796e-02;3.841384e-02;2.210391e-01;4.165637e-02;4.063953e-02;2.309654e-01;6.986890e-02;4.439985e-02;7.327077e-02;2.871573e-02;1.060032e-01;4.876949e-02
4.714755e-02;3.261419e-02;2.195873e-01;3.776029e-02;4.187013e-02;2.167235e-01;7.690895e-02;4.470435e-02;8.890978e-02;2.734746e-02;1.141576e-01;5.226894e-02
2.907193e-02;3.898320e-02;1.982626e-01;4.618424e-02;5.266989e-02;2.333698e-01;5.987256e-02;5.489767e-02;1.007731e-01;2.681053e-02;1.058758e-01;5.322868e-02
3.083159e-02;1.013802e-01;1.925161e-01;4.286291e-02;5.007487e-02;2.719470e-01;4.090858e-02;4.279699e-02;8.517845e-02;1.805437e-02;7.315080e-02;5.029812e-02
3.904691e-02;1.010270e-01;1.698105e-01;2.579776e-02;6.436318e-02;2.888649e-01;4.149504e-02;3.819769e-02;8.141671e-02;2.950975e-02;7.096542e-02;4.950505e-02
2.926919e-02;5.102986e-02;1.386619e-01;1.972644e-02;6.033183e-02;3.235419e-01;5.601820e-02;2.931820e-02;9.032634e-02;4.810278e-02;1.040376e-01;4.963565e-02
2.693214e-02;2.144148e-02;1.114775e-01;2.422937e-02;4.420409e-02;3.301870e-01;4.861042e-02;2.587241e-02;1.057873e-01;7.468861e-02;1.417346e-01;4.483491e-02
3.359240e-02;3.224855e-02;8.804165e-02;3.444952e-02;2.435841e-02;2.965378e-01;5.126362e-02;3.532168e-02;1.149589e-01;9.078704e-02;1.541580e-01;4.428242e-02
2.733014e-02;5.409585e-02;5.425523e-02;5.426279e-02;3.665449e-02;2.467953e-01;7.070107e-02;6.370842e-02;1.299002e-01;9.528816e-02;1.218673e-01;4.514105e-02
1.514373e-02;9.865545e-02;4.432270e-02;6.876743e-02;6.860974e-02;2.000587e-01;6.741675e-02;7.520207e-02;1.488841e-01;1.009216e-01;8.858216e-02;2.343560e-02
1.390244e-02;1.152580e-01;4.671866e-02;5.463929e-02;1.077794e-01;1.274038e-01;4.695218e-02;7.240056e-02;1.668242e-01;1.480450e-01;7.891189e-02;2.116452e-02
3.854300e-02;8.904293e-02;4.414487e-02;6.054538e-02;1.225564e-01;4.960467e-02;3.874079e-02;9.893984e-02;2.311372e-01;1.477974e-01;5.563262e-02;2.331489e-02
6.764782e-02;4.888247e-02;7.658472e-02;7.922623e-02;7.979827e-02;3.260227e-02;4.796858e-02;1.504588e-01;2.486161e-01;7.761864e-02;5.394684e-02;3.664934e-02
4.983540e-02;5.430013e-02;1.429391e-01;6.083405e-02;4.307059e-02;5.554835e-02;8.392645e-02;2.037741e-01;1.588479e-01;4.154074e-02;5.341319e-02;5.196995e-02
2.274228e-02;1.197071e-01;1.695784e-01;5.179607e-02;5.936982e-02;7.373821e-02;1.159251e-01;1.849379e-01;6.383319e-02;4.287905e-02;5.988675e-02;3.560607e-02
4.207677e-02;1.490734e-01;1.349027e-01;5.489487e-02;4.722900e-02;1.819396e-01;1.140382e-01;1.128887e-01;3.663956e-02;5.189444e-02;4.996801e-02;2.445471e-02
7.391354e-02;1.122220e-01;8.747906e-02;5.862598e-02;5.622966e-02;2.843472e-01;6.863862e-02;6.438293e-02;5.113483e-02;6.184477e-02;3.966179e-02;4.151950e-02
7.394971e-02;7.075273e-02;9.330162e-02;9.235731e-02;1.010328e-01;2.397563e-01;4.034212e-02;6.802163e-02;5.759862e-02;4.641391e-02;6.280795e-02;5.366528e-02
8.311908e-02;5.495909e-02;1.088223e-01;1.165661e-01;8.491173e-02;1.249660e-01;7.267393e-02;1.196715e-01;5.054489e-02;3.062720e-02;7.914403e-02;7.399406e-02
9.675716e-02;7.973826e-02;1.324358e-01;1.025370e-01;5.503938e-02;4.421421e-02;1.495943e-01;1.203373e-01;3.591813e-02;4.964166e-02;5.934962e-02;7.443715e-02
7.898648e-02;8.453421e-02;1.684804e-01;7.304092e-02;5.485047e-02;4.220008e-02;2.099455e-01;7.600160e-02;2.394089e-02;9.917974e-02;3.841278e-02;5.042693e-02
4.931606e-02;7.196710e-02;1.897111e-01;6.225801e-02;6.881510e-02;4.094670e-02;2.402644e-01;4.380985e-02;2.491004e-02;1.360873e-01;3.799896e-02;3.391534e-02
6.673532e-02;6.486251e-02;1.690961e-01;6.060193e-02;7.594269e-02;5.822534e-02;2.445801e-01;3.626579e-02;3.099808e-02;1.358874e-01;3.138300e-02;2.542177e-02
1.093293e-01;6.275253e-02;1.164319e-01;5.064939e-02;7.077119e-02;5.375456e-02;2.475601e-01;4.427885e-02;4.517032e-02;1.197436e-01;4.277576e-02;3.678254e-02
1.148697e-01;4.360208e-02;8.481789e-02;8.112738e-02;5.655907e-02;5.131696e-02;2.038898e-01;1.048327e-01;6.784032e-02;7.777770e-02;6.007452e-02;5.329196e-02
6.595648e-02;5.538592e-02;7.702290e-02;1.271458e-01;4.538726e-02;8.626281e-02;1.146208e-01;1.714737e-01;5.715386e-02;3.498242e-02;1.180661e-01;4.654197e-02
2.730445e-02;6.209297e-02;5.240874e-02;1.348193e-01;4.185254e-02;9.374081e-02;8.079039e-02;2.322483e-01;4.371046e-02;4.951259e-02;1.462464e-01;3.527301e-02
1.064579e-02;6.298222e-02;6.801221e-02;1.250664e-01;5.925219e-02;8.484557e-02;7.461208e-02;2.543527e-01;4.072607e-02;4.336406e-02;1.437774e-01;3.236329e-02
1.463409e-02;6.145523e-02;9.641547e-02;9.416795e-02;5.630640e-02;9.505880e-02;1.654619e-01;2.032510e-01;4.688338e-02;2.651569e-02;1.080602e-01;3.178989e-02
3.392843e-02;7.087272e-02;1.214778e-01;5.365675e-02;4.148687e-02;9.911213e-02;2.412825e-01;1.262599e-01;7.439407e-02;5.246411e-02;6.138889e-02;2.367583e-02
3.922529e-02;9.244182e-02;1.142335e-01;4.465945e-02;3.924463e-02;9.684859e-02;2.289073e-01;1.082739e-01;7.952294e-02;8.217391e-02;5.378127e-02;2.068742e-02
3.916811e-02;1.077926e-01;8.184621e-02;3.914981e-02;3.945312e-02;1.208977e-01;1.988043e-01;1.166189e-01;6.178042e-02;1.217462e-01;5.837721e-02;1.436530e-02
3.637337e-02;8.082851e-02;8.269837e-02;5.791456e-02;5.765039e-02;1.723571e-01;1.863578e-01;9.329989e-02;5.970201e-02;1.101169e-01;3.588324e-02;2.681798e-02
