1.393457e-01;8.268824e-02;1.729340e-01;1.926523e-02;4.032907e-02;1.919820e-02;2.563544e-01;9.228852e-02;5.989727e-02;4.653777e-02;5.003774e-02;2.112391e-02
9.888916e-02;6.453550e-02;1.777647e-01;3.158510e-02;4.898895e-02;2.200941e-02;2.831873e-01;1.080993e-01;5.909414e-02;3.890023e-02;4.643958e-02;2.050648e-02
7.894772e-02;1.838658e-02;1.608522e-01;4.509980e-02;6.343131e-02;3.360395e-02;2.762140e-01;1.278467e-01;8.693326e-02;4.428157e-02;4.597285e-02;1.842998e-02
1.148012e-01;6.705924e-02;2.761401e-01;3.525109e-02;5.177067e-02;3.949659e-02;8.443588e-02;1.109482e-01;9.596802e-02;6.294850e-02;3.113465e-02;3.004584e-02
1.302197e-01;8.001568e-02;2.874177e-01;2.927921e-02;3.904817e-02;4.033824e-02;1.730593e-01;4.759775e-02;5.998907e-02;5.859063e-02;2.787329e-02;2.657129e-02
1.651972e-01;6.301213e-02;2.382321e-01;3.552430e-02;3.620664e-02;2.518430e-02;2.586441e-01;3.581583e-02;2.344844e-02;3.691966e-02;3.618332e-02;4.563196e-02
1.656338e-01;6.506597e-02;1.564988e-01;4.906834e-02;5.121843e-02;3.393977e-02;3.156454e-01;2.159509e-02;1.389995e-02;2.972428e-02;4.718845e-02;5.052168e-02
8.765233e-02;6.110892e-02;1.364921e-01;3.730608e-02;8.026960e-02;7.519139e-02;3.308779e-01;1.616251e-02;2.255732e-02;4.497813e-02;6.831804e-02;3.908562e-02
6.747213e-02;6.891801e-02;1.418407e-01;3.982663e-02;8.461595e-02;1.043798e-01;2.786895e-01;3.437937e-02;3.082160e-02;5.859249e-02;6.089040e-02;2.957338e-02
9.224432e-02;1.054565e-01;1.243866e-01;5.252188e-02;8.215491e-02;8.012415e-02;1.966422e-01;4.259727e-02;5.611011e-02;5.959526e-02;4.129855e-02;6.686831e-02
8.109088e-02;1.092855e-01;2.098171e-01;5.857533e-02;5.942638e-02;6.604079e-02;1.138223e-01;3.215090e-02;5.447644e-02;5.613267e-02;5.712947e-02;1.020524e-01
9.609316e-02;1.015078e-01;2.538125e-01;5.515891e-02;4.814695e-02;6.571387e-02;8.352317e-02;3.422274e-02;3.450325e-02;4.980659e-02;6.672410e-02;1.107870e-01
1.372125e-01;1.050564e-01;2.050648e-01;4.975029e-02;4.727118e-02;6.699074e-02;9.245445e-02;6.080469e-02;3.586954e-02;4.805271e-02;5.500442e-02;9.646831e-02
1.356098e-01;7.835785e-02;1.157753e-01;5.524894e-02;6.624644e-02;7.068557e-02;1.044277e-01;1.091587e-01;8.982770e-02;7.688811e-02;2.677230e-02;7.100164e-02
1.035144e-01;3.021779e-02;4.247218e-02;4.590674e-02;5.649892e-02;6.677298e-02;9.987076e-02;1.446112e-01;1.452660e-01;1.372542e-01;8.581172e-02;4.180314e-02
6.974191e-02;1.606312e-02;2.117042e-02;4.424904e-02;4.143658e-02;5.260898e-02;8.199037e-02;1.332250e-01;1.704472e-01;1.862549e-01;1.388261e-01;4.398640e-02
7.419371e-02;1.424971e-02;4.508049e-02;4.049380e-02;3.919974e-02;5.536782e-02;8.224845e-02;1.050003e-01;1.876448e-01;2.111495e-01;1.026850e-01;4.268666e-02
1.166377e-01;1.634052e-02;6.121140e-02;3.499362e-02;2.550482e-02;6.103076e-02;8.954778e-02;8.516456e-02;2.114415e-01;2.119567e-01;4.686299e-02;3.930771e-02
1.402382e-01;1.304959e-02;6.141853e-02;3.241941e-02;3.476077e-02;5.462492e-02;8.932196e-02;9.711733e-02;2.160733e-01;1.739620e-01;4.391939e-02;4.309462e-02
1.502944e-01;2.224404e-02;7.008953e-02;2.371065e-02;5.293651e-02;3.720511e-02;7.510492e-02;1.277343e-01;1.800116e-01;1.387656e-01;7.163582e-02;5.026744e-02
1.537957e-01;2.642596e-02;9.418938e-02;2.557616e-02;7.089273e-02;1.687410e-02;5.501659e-02;1.781757e-01;1.119661e-01;1.168986e-01;9.971076e-02;5.047811e-02
1.447393e-01;2.696401e-02;1.039442e-01;2.643321e-02;8.105420e-02;1.257623e-02;4.603483e-02;2.285646e-01;7.093664e-02;1.010973e-01;1.082337e-01;4.942183e-02
1.189881e-01;3.208997e-02;8.912967e-02;2.701510e-02;7.322971e-02;2.060161e-02;7.352364e-02;2.361638e-01;6.888675e-02;1.167964e-01;9.911704e-02;4.445823e-02
1.112459e-01;3.766545e-02;8.495600e-02;3.189719e-02;6.212742e-02;2.268714e-02;1.060488e-01;2.273313e-01;7.692756e-02;1.279692e-01;7.051512e-02;4.062898e-02
1.266101e-01;3.701333e-02;9.513621e-02;4.165781e-02;5.764067e-02;3.934456e-02;1.071520e-01;2.247573e-01;8.082617e-02;1.088039e-01;3.456837e-02;4.648964e-02
1.504807e-01;4.520091e-02;8.631657e-02;3.280991e-02;6.332278e-02;4.782303e-02;6.708427e-02;2.255403e-01;6.995136e-02;8.921615e-02;8.118942e-02;4.106466e-02
1.542916e-01;4.136357e-02;4.784594e-02;1.301221e-02;6.415099e-02;3.636060e-02;8.151331e-02;1.898187e-01;5.961676e-02;1.413226e-01;1.321211e-01;3.858261e-02
1.575090e-01;3.166379e-02;3.527459e-02;2.707127e-02;8.011830e-02;3.835738e-02;7.934513e-02;1.233509e-01;7.124437e-02;1.676385e-01;1.390688e-01;4.935797e-02
1.567258e-01;4.637431e-02;4.926395e-02;2.809457e-02;7.308765e-02;3.276684e-02;8.305321e-02;1.090541e-01;9.647922e-02;1.648079e-01;9.235807e-02;6.793439e-02
1.811785e-01;3.824790e-02;5.265982e-02;3.898009e-02;7.065879e-02;2.488597e-02;1.464588e-01;9.162663e-02;8.555560e-02;1.663279e-01;4.231422e-02;6.110575e-02
1.708920e-01;2.265549e-02;3.890472e-02;3.494231e-02;6.417878e-02;3.398524e-02;2.057672e-01;1.295130e-01;5.282488e-02;1.339830e-01;7.807890e-02;3.427443e-02
1.284707e-01;5.059713e-02;5.777095e-02;3.814889e-02;3.688446e-02;3.314423e-02;1.964349e-01;1.377069e-01;7.085435e-02;9.566133e-02;1.035695e-01;5.075668e-02
9.210279e-02;5.739283e-02;1.166517e-01;4.187476e-02;3.191656e-02;3.239173e-02;1.815891e-01;1.045671e-01;5.943134e-02;1.001825e-01;1.081377e-01;7.376188e-02
5.593271e-02;4.506530e-02;2.458923e-01;3.957136e-02;4.154052e-02;2.298461e-02;1.392698e-01;6.584416e-02;4.571861e-02;7.757366e-02;1.176912e-01;1.029158e-01
8.559885e-02;5.918348e-02;2.960601e-01;3.791627e-02;4.785277e-02;2.459801e-02;1.026899e-01;3.772772e-02;5.318971e-02;5.531827e-02;1.007991e-01;9.906583e-02
1.562207e-01;8.867110e-02;2.465787e-01;2.790775e-02;4.080589e-02;1.986031e-02;1.172146e-01;4.472798e-02;4.931838e-02;6.651390e-02;6.744140e-02;7.473929e-02
1.872303e-01;9.496896e-02;1.799401e-01;2.989159e-02;3.673433e-02;2.259029e-02;1.372362e-01;6.022272e-02;3.618461e-02;7.028587e-02;6.713359e-02;7.758138e-02
1.676138e-01;8.633932e-02;1.956414e-01;3.396027e-02;3.074341e-02;3.059634e-02;1.193147e-01;6.000488e-02;3.649864e-02;7.276471e-02;9.614349e-02;7.037897e-02
1.184949e-01;7.637645e-02;1.869830e-01;4.173657e-02;3.081329e-02;4.158944e-02;1.202957e-01;6.315865e-02;6.280512e-02;6.344742e-02;1.303729e-01;6.392655e-02
9.054655e-02;9.389084e-02;1.260870e-01;4.174273e-02;3.460713e-02;4.779455e-02;1.530237e-01;7.801782e-02;8.444362e-02;6.675001e-02;8.411890e-02;9.897714e-02
9.725264e-02;1.299988e-01;1.046767e-01;4.286101e-02;3.559598e-02;4.416766e-02;1.509827e-01;7.429489e-02;6.962500e-02;8.286425e-02;6.391197e-02;1.037683e-01
1.148314e-01;1.300742e-01;7.931551e-02;3.960214e-02;5.594759e-02;3.672431e-02;2.009872e-01;7.495145e-02;5.330977e-02;9.032160e-02;5.005726e-02;7.387758e-02
1.228180e-01;1.076277e-01;1.397880e-01;3.525915e-02;7.136036e-02;3.211893e-02;2.052966e-01;5.494976e-02;6.245392e-02;6.242200e-02;5.874696e-02;4.715874e-02
8.501898e-02;1.118915e-01;1.296892e-01;2.834464e-02;8.296840e-02;4.113184e-02;1.739666e-01;5.554677e-02;6.373290e-02;7.466339e-02;7.310658e-02;7.993919e-02
8.657607e-02;7.416087e-02;1.027014e-01;3.583430e-02;7.226013e-02;4.833978e-02;1.327600e-01;7.157831e-02;8.322123e-02;1.034063e-01;1.066733e-01;8.248827e-02
1.129905e-01;5.471468e-02;6.991355e-02;5.126127e-02;7.521217e-02;7.346414e-02;8.499265e-02;7.891009e-02;1.063433e-01;9.222213e-02;9.345464e-02;1.065209e-01
9.407119e-02;7.624842e-02;1.658614e-01;5.423897e-02;5.378591e-02;6.393078e-02;5.763388e-02;5.979006e-02;8.947266e-02;1.015122e-01;1.038797e-01;7.957484e-02
7.886466e-02;5.694678e-02;1.593731e-01;6.499902e-02;7.346699e-02;6.101426e-02;5.052650e-02;8.240885e-02;9.229969e-02;9.448173e-02;1.326635e-01;5.295493e-02
7.034032e-02;2.614692e-02;1.320873e-01;5.340874e-02;8.558635e-02;6.650539e-02;8.037320e-02;8.920187e-02;1.229136e-01;8.269882e-02;1.408366e-01;4.990088e-02
8.278479e-02;3.771169e-02;8.465715e-02;2.080539e-02;7.802501e-02;6.320444e-02;1.004261e-01;1.034842e-01;1.570860e-01;1.035795e-01;1.072408e-01;6.099489e-02
9.937622e-02;3.873665e-02;6.265901e-02;4.135115e-02;5.407929e-02;5.820560e-02;1.373217e-01;1.209180e-01;1.661853e-01;9.822515e-02;6.473744e-02;5.820444e-02
1.014087e-01;4.323084e-02;9.016785e-02;5.519434e-02;6.371399e-02;6.482355e-02;1.568842e-01;1.055757e-01;1.187002e-01;9.168100e-02;5.179669e-02;5.682300e-02
9.835085e-02;3.012146e-02;1.275612e-01;4.585787e-02;7.463359e-02;1.089428e-01;1.411123e-01;9.163867e-02;7.872378e-02;7.859481e-02;6.919941e-02;5.526329e-02
8.580396e-02;5.566148e-02;1.373094e-01;2.880510e-02;4.673150e-02;1.462825e-01;1.412305e-01;7.050145e-02;8.050098e-02;8.215898e-02;8.515613e-02;3.985799e-02
9.431407e-02;7.243653e-02;1.408197e-01;3.428098e-02;6.568865e-02;1.309613e-01;1.136654e-01;9.067794e-02;6.146115e-02;9.849703e-02;8.099595e-02;1.620129e-02
9.485094e-02;7.726831e-02;1.875266e-01;4.298953e-02;4.523308e-02;7.863494e-02;1.501559e-01;8.682702e-02;5.078342e-02;8.932244e-02;5.922496e-02;3.718283e-02
6.272954e-02;5.526977e-02;2.012562e-01;5.516281e-02;4.793974e-02;6.023278e-02;2.060518e-01;7.491595e-02;5.393847e-02;5.663934e-02;5.159174e-02;7.427180e-02
1.167766e-01;8.259261e-02;1.690213e-01;8.711574e-02;2.587599e-02;3.400379e-02;1.885017e-01;4.579207e-02;4.022882e-02;7.290270e-02;4.626466e-02;9.092399e-02
2.317651e-01;5.886910e-02;1.434146e-01;7.606115e-02;2.693896e-02;3.608739e-02;1.753449e-01;2.792426e-02;3.683701e-02;8.174165e-02;4.012866e-02;6.488725e-02
3.037656e-01;8.850581e-02;1.075048e-01;5.041052e-02;3.765159e-02;2.610495e-02;1.584878e-01;2.914397e-02;3.802885e-02;5.603752e-02;4.250625e-02;6.185234e-02
3.324558e-01;8.332963e-02;6.835089e-02;5.470100e-02;3.284913e-02;2.172820e-02;1.468694e-01;3.946571e-02;2.599639e-02;5.927528e-02;4.873397e-02;8.624469e-02
3.050731e-01;1.180729e-01;4.683994e-02;6.291927e-02;2.645315e-02;2.245606e-02;1.385598e-01;4.068737e-02;2.197459e-02;4.655214e-02;3.834930e-02;1.320624e-01
2.420086e-01;1.201495e-01;1.295673e-01;5.259022e-02;3.120189e-02;2.865073e-02;1.094203e-01;2.994767e-02;4.097318e-02;3.695568e-02;5.928873e-02;1.192462e-01
1.699304e-01;6.102377e-02;2.393742e-01;4.308714e-02;4.191986e-02;4.043806e-02;1.102677e-01;2.277513e-02;7.116425e-02;3.248371e-02;8.764519e-02;7.989058e-02
1.137797e-01;7.610933e-02;2.821735e-01;4.201580e-02;4.919644e-02;4.221537e-02;1.266266e-01;2.190313e-02;8.417671e-02;2.754940e-02;8.936972e-02;4.488423e-02
9.810782e-02;7.567608e-02;2.840125e-01;4.524691e-02;5.194711e-02;4.874448e-02;1.348915e-01;2.466490e-02;8.166706e-02;3.697277e-02;8.432711e-02;3.374177e-02
1.037738e-01;7.579968e-02;2.640343e-01;3.106658e-02;5.503529e-02;6.323040e-02;1.283236e-01;2.452666e-02;6.784792e-02;6.596167e-02;8.711001e-02;3.329015e-02
1.462473e-01;3.812370e-02;2.479902e-01;2.096511e-02;5.776600e-02;6.954018e-02;1.112570e-01;2.751848e-02;6.161737e-02;8.808216e-02;9.535860e-02;3.553391e-02
1.144868e-01;5.411723e-02;2.588372e-01;1.913280e-02;6.579190e-02;6.962767e-02;1.004616e-01;3.283679e-02;4.831497e-02;8.736400e-02;1.175714e-01;3.145749e-02
7.549075e-02;8.742890e-02;2.444617e-01;2.947218e-02;6.789025e-02;7.740998e-02;1.613271e-01;2.295677e-02;2.269550e-02;6.793039e-02;1.213091e-01;2.162741e-02
9.093530e-02;7.367762e-02;2.133993e-01;3.913382e-02;6.901578e-02;7.955859e-02;1.981701e-01;1.595266e-02;3.206934e-02;5.717351e-02;1.097456e-01;2.116830e-02
7.963625e-02;4.872300e-02;2.131482e-01;4.617050e-02;6.724154e-02;8.044782e-02;2.089802e-01;1.596136e-02;4.092950e-02;5.647579e-02;1.142419e-01;2.804383e-02
6.299121e-02;3.941505e-02;2.105787e-01;4.824721e-02;7.895314e-02;9.488071e-02;1.966588e-01;1.657468e-02;3.339280e-02;5.210584e-02;1.156043e-01;5.059765e-02
1.152294e-01;4.528170e-02;2.285232e-01;4.984004e-02;8.387589e-02;1.026688e-01;1.466356e-01;2.835578e-02;3.326554e-02;3.876882e-02;7.210343e-02;5.545183e-02
1.315418e-01;6.577595e-02;2.661055e-01;5.413430e-02;6.841461e-02;1.016145e-01;1.031445e-01;3.621670e-02;4.964719e-02;2.752305e-02;4.830432e-02;4.757755e-02
9.375902e-02;1.384476e-02;3.213643e-01;5.891008e-02;4.803469e-02;1.036577e-01;1.083281e-01;5.926218e-02;6.859794e-02;3.547186e-02;5.224349e-02;3.652581e-02
5.007399e-02;6.254119e-02;3.462868e-01;3.939527e-02;2.694682e-02;1.065808e-01;9.482871e-02;7.297777e-02;7.357362e-02;4.202859e-02;5.503726e-02;2.972919e-02
3.614878e-02;7.944055e-02;3.462568e-01;1.639411e-02;3.431886e-02;1.183982e-01;8.782850e-02;5.605291e-02;7.996861e-02;4.943234e-02;6.142083e-02;3.433952e-02
6.339435e-02;7.872322e-02;3.161530e-01;2.112795e-02;3.052498e-02;1.159587e-01;9.866768e-02;4.736818e-02;8.138455e-02;4.749940e-02;6.418654e-02;3.501138e-02
6.203992e-02;4.155826e-02;2.883386e-01;3.254455e-02;4.246266e-02;1.374675e-01;1.256444e-01;4.849447e-02;8.300755e-02;4.357703e-02;6.632544e-02;2.853956e-02
4.815188e-02;4.158957e-02;2.410801e-01;2.598620e-02;6.746269e-02;1.667210e-01;1.673796e-01;3.419697e-02;8.591668e-02;3.784965e-02;6.186038e-02;2.180528e-02
2.786997e-02;4.267794e-02;1.961254e-01;3.191985e-02;1.064025e-01;1.733688e-01;2.013440e-01;2.503864e-02;8.681020e-02;3.348182e-02;5.534781e-02;1.961307e-02
3.357958e-02;4.653987e-02;1.901764e-01;5.262754e-02;1.274267e-01;1.370405e-01;2.098434e-01;3.293794e-02;6.953141e-02;3.486472e-02;4.723296e-02;1.819916e-02
5.107436e-02;5.000062e-02;2.125590e-01;6.034449e-02;1.157867e-01;1.168244e-01;1.848813e-01;4.321760e-02;5.011448e-02;4.171453e-02;4.942656e-02;2.405594e-02
5.516471e-02;4.715927e-02;2.155600e-01;6.467991e-02;9.659349e-02;8.333387e-02;1.916362e-01;4.757223e-02;4.839900e-02;4.875733e-02;6.841157e-02;3.273243e-02
3.414692e-02;2.417591e-02;2.184370e-01;5.396669e-02;8.836460e-02;7.639565e-02;2.113303e-01;4.225949e-02;8.101719e-02;5.371973e-02;8.895598e-02;2.723053e-02
2.518242e-02;3.318572e-02;2.472824e-01;4.134411e-02;8.505210e-02;8.392423e-02;1.900334e-01;3.220042e-02;7.719864e-02;6.227532e-02;9.290783e-02;2.941335e-02
4.203707e-02;4.967792e-02;2.398596e-01;2.594528e-02;8.254930e-02;1.072813e-01;1.869916e-01;2.767129e-02;5.033169e-02;6.242269e-02;9.313747e-02;3.209474e-02
6.322201e-02;3.182179e-02;2.259836e-01;2.583411e-02;8.863086e-02;1.109387e-01;2.111172e-01;3.661744e-02;3.481507e-02;5.595555e-02;7.807405e-02;3.698961e-02
6.673030e-02;1.594376e-02;2.237940e-01;5.054569e-02;1.001847e-01;8.787651e-02;2.175306e-01;3.438532e-02;6.236799e-02;4.524186e-02;6.161087e-02;3.378849e-02
5.048423e-02;2.841375e-02;2.423683e-01;5.571509e-02;9.899973e-02;8.929650e-02;2.170791e-01;2.451794e-02;7.627069e-02;3.500282e-02;5.654899e-02;2.530295e-02
2.770972e-02;2.416488e-02;2.835301e-01;5.375900e-02;1.017730e-01;9.413484e-02;2.227686e-01;2.092880e-02;8.040661e-02;2.646589e-02;4.708038e-02;1.727814e-02
1.667856e-02;1.637296e-02;2.815221e-01;5.166634e-02;1.229643e-01;6.673971e-02;2.467713e-01;2.666204e-02;7.865090e-02;2.843917e-02;4.139719e-02;2.213551e-02
4.343497e-02;4.354762e-02;2.528658e-01;5.717894e-02;1.132910e-01;8.571502e-02;2.107329e-01;2.909834e-02;6.047212e-02;3.952848e-02;3.681739e-02;2.731748e-02
8.061982e-02;5.382578e-02;2.396443e-01;5.269821e-02;9.318876e-02;1.061201e-01;1.761559e-01;2.318996e-02;4.993864e-02;4.622069e-02;4.553399e-02;3.286386e-02
6.012098e-02;2.440460e-02;2.202490e-01;4.217743e-02;8.073712e-02;9.759905e-02;2.291056e-01;2.035546e-02;6.898132e-02;4.744975e-02;6.906492e-02;3.975481e-02
2.133439e-02;2.128906e-02;1.513927e-01;4.027362e-02;8.528233e-02;7.916708e-02;2.964625e-01;5.724878e-02;7.940730e-02;5.050328e-02;7.899044e-02;3.864858e-02
4.856712e-02;2.816710e-02;1.036748e-01;5.377243e-02;6.984608e-02;4.645986e-02;3.081803e-01;1.128121e-01;6.260922e-02;6.225580e-02;5.243608e-02;5.121911e-02
4.147634e-02;2.519011e-02;6.382275e-02;5.650906e-02;5.929492e-02;3.209227e-02;2.997252e-01;1.513568e-01;1.074344e-01;7.229715e-02;3.700876e-02;5.379229e-02
3.017483e-02;2.069064e-02;6.990694e-02;3.838854e-02;5.263014e-02;4.768001e-02;2.262919e-01;1.207505e-01;2.307986e-01;6.483497e-02;6.104609e-02;3.680680e-02
3.884212e-02;1.854556e-02;1.001987e-01;2.067595e-02;3.848957e-02;6.730858e-02;1.545817e-01;6.516338e-02;3.258824e-01;8.279404e-02;6.555048e-02;2.196757e-02
5.441177e-02;1.778285e-02;1.042369e-01;2.032315e-02;3.323168e-02;7.693616e-02;1.315515e-01;4.996487e-02;3.156084e-01;9.657212e-02;6.735095e-02;3.202965e-02
7.215259e-02;2.645093e-02;9.243266e-02;2.677860e-02;4.193573e-02;8.347064e-02;1.470091e-01;7.410351e-02;2.367536e-01;7.987754e-02;7.606572e-02;4.296939e-02
7.984244e-02;3.826817e-02;9.441239e-02;3.473181e-02;6.183580e-02;8.453220e-02;1.675654e-01;1.080694e-01;1.366722e-01;6.743321e-02;7.828183e-02;4.835518e-02
7.408136e-02;3.903645e-02;9.861717e-02;3.784785e-02;6.950311e-02;7.773142e-02;2.082639e-01;1.119561e-01;1.047825e-01;6.314915e-02;6.974777e-02;4.528324e-02
7.706206e-02;2.943994e-02;9.076131e-02;2.535605e-02;6.040926e-02;5.513278e-02;2.226714e-01;1.061748e-01;1.782965e-01;5.449458e-02;6.682049e-02;3.338078e-02
1.125056e-01;3.827735e-02;8.983599e-02;3.715516e-02;5.223628e-02;5.972429e-02;1.515382e-01;1.347637e-01;1.302875e-01;6.817832e-02;1.023418e-01;2.315571e-02
1.357791e-01;4.977071e-02;1.076014e-01;2.801334e-02;4.801131e-02;6.357482e-02;1.424713e-01;1.388315e-01;4.986300e-02;8.745994e-02;1.137128e-01;3.491076e-02
1.139233e-01;6.550354e-02;8.315931e-02;3.034059e-02;4.547739e-02;7.429400e-02;1.608703e-01;1.162442e-01;9.385578e-02;1.065554e-01;7.629203e-02;3.348418e-02
5.165320e-02;5.652091e-02;4.867002e-02;2.557307e-02;4.009814e-02;7.550194e-02;2.106063e-01;1.030074e-01;1.261360e-01;1.570080e-01;7.191911e-02;3.330597e-02
4.819859e-02;4.176037e-02;7.619324e-02;2.443797e-02;4.263061e-02;8.759636e-02;2.407804e-01;6.926633e-02;1.119411e-01;1.526252e-01;7.072144e-02;3.384839e-02
5.682432e-02;2.610767e-02;8.323701e-02;2.574005e-02;3.981219e-02;9.254660e-02;2.446691e-01;8.354890e-02;1.350030e-01;1.085131e-01;8.088480e-02;2.311329e-02
6.275076e-02;4.611717e-02;1.112798e-01;3.402371e-02;3.157613e-02;5.927639e-02;2.344932e-01;9.559228e-02;1.427351e-01;8.325828e-02;7.766218e-02;2.123506e-02
6.634377e-02;5.460347e-02;1.167512e-01;2.262562e-02;3.008118e-02;5.407077e-02;2.404996e-01;7.307430e-02;1.643462e-01;7.942513e-02;7.534157e-02;2.283724e-02
4.755757e-02;4.370782e-02;1.034794e-01;3.031447e-02;3.890866e-02;7.911334e-02;1.804887e-01;6.150523e-02;2.133772e-01;7.965965e-02;7.943216e-02;4.245579e-02
5.809268e-02;3.911570e-02;9.999517e-02;2.420956e-02;3.616531e-02;8.592110e-02;1.633641e-01;7.221087e-02;2.207267e-01;5.500960e-02;9.865484e-02;4.653447e-02
9.283170e-02;8.444346e-02;1.489103e-01;3.475403e-02;5.556427e-02;8.775222e-02;1.277628e-01;3.922809e-02;1.513406e-01;5.985949e-02;7.421517e-02;4.333780e-02
6.317363e-02;9.893447e-02;1.900064e-01;4.759236e-02;6.977651e-02;6.994696e-02;1.964082e-01;3.587842e-02;5.798438e-02;6.685586e-02;5.862171e-02;4.482104e-02
8.878777e-02;1.088129e-01;1.988901e-01;5.256055e-02;7.106408e-02;5.207903e-02;1.745054e-01;3.806891e-02;6.169114e-02;7.056621e-02;4.496729e-02;3.800669e-02
1.285274e-01;1.048888e-01;2.010844e-01;7.198682e-02;6.517926e-02;4.504718e-02;1.263985e-01;3.748311e-02;6.728451e-02;7.065116e-02;3.629737e-02;4.517146e-02
1.314681e-01;8.091301e-02;1.402271e-01;8.078689e-02;5.622866e-02;4.825678e-02;1.925378e-01;3.348185e-02;6.546038e-02;7.053832e-02;4.853177e-02;5.156932e-02
9.142385e-02;6.119284e-02;1.236194e-01;7.174185e-02;8.118098e-02;6.490046e-02;2.215012e-01;2.756519e-02;6.465682e-02;6.652944e-02;7.642968e-02;4.925833e-02
4.116283e-02;3.693625e-02;1.169376e-01;7.031581e-02;1.637063e-01;8.763228e-02;1.954069e-01;2.473009e-02;5.304148e-02;8.496904e-02;9.504998e-02;3.011140e-02
2.879152e-02;3.574016e-02;1.136956e-01;7.937736e-02;1.952441e-01;8.086605e-02;1.625370e-01;2.425051e-02;4.905508e-02;1.084117e-01;1.020120e-01;2.001890e-02
3.858235e-02;3.379949e-02;1.085369e-01;1.133992e-01;1.594628e-01;9.000716e-02;1.225876e-01;3.290490e-02;3.868231e-02;1.289063e-01;1.100809e-01;2.305007e-02
3.240685e-02;6.530332e-02;8.931723e-02;1.280831e-01;1.164441e-01;1.346076e-01;5.994271e-02;5.432097e-02;3.509677e-02;1.431753e-01;1.173841e-01;2.391783e-02
2.690906e-02;6.881079e-02;8.395813e-02;1.012827e-01;1.085125e-01;1.198293e-01;1.198807e-01;7.457089e-02;5.442127e-02;1.132218e-01;1.023269e-01;2.627592e-02
2.198655e-02;8.427470e-02;1.219326e-01;1.103762e-01;1.066229e-01;7.918176e-02;1.236726e-01;7.157066e-02;6.288972e-02;8.281247e-02;9.790742e-02;3.677240e-02
1.028340e-01;1.470638e-01;1.580693e-01;8.229368e-02;7.088456e-02;4.863982e-02;8.216668e-02;4.701896e-02;4.134021e-02;8.222863e-02;8.484189e-02;5.261844e-02
1.347430e-01;2.198481e-01;1.821788e-01;4.282473e-02;6.973375e-02;3.812094e-02;4.504675e-02;3.790825e-02;2.646867e-02;8.127376e-02;6.782912e-02;5.402414e-02
1.764354e-01;2.410066e-01;1.933657e-01;4.791150e-02;5.464220e-02;3.331218e-02;5.415373e-02;3.305499e-02;2.417774e-02;5.562489e-02;3.935977e-02;4.695540e-02
2.819640e-01;2.371521e-01;1.329823e-01;4.728720e-02;4.806690e-02;3.309574e-02;5.369269e-02;2.570878e-02;1.796144e-02;3.962743e-02;2.772013e-02;5.474132e-02
3.126711e-01;2.060349e-01;1.013128e-01;4.522979e-02;4.341058e-02;3.034826e-02;7.412907e-02;2.266046e-02;2.320626e-02;4.274927e-02;3.806915e-02;6.017836e-02
2.443861e-01;1.828431e-01;1.447970e-01;4.600240e-02;4.324804e-02;3.168774e-02;9.110476e-02;2.112450e-02;4.586858e-02;5.528417e-02;4.148332e-02;5.217028e-02
1.471468e-01;1.831033e-01;2.167016e-01;5.518266e-02;5.783617e-02;2.760468e-02;9.705050e-02;2.544249e-02;4.412533e-02;4.615119e-02;5.471363e-02;4.494176e-02
2.208777e-01;1.401770e-01;1.910613e-01;5.864175e-02;3.906858e-02;2.544019e-02;6.428608e-02;2.547360e-02;3.594267e-02;4.350495e-02;6.317110e-02;9.235509e-02
2.119584e-01;1.094180e-01;1.432985e-01;7.192503e-02;4.680028e-02;3.355894e-02;8.219420e-02;3.752492e-02;4.465645e-02;4.933901e-02;4.571351e-02;1.236128e-01
1.840198e-01;6.285932e-02;1.852924e-01;7.210829e-02;4.497785e-02;3.654283e-02;7.713737e-02;4.970284e-02;6.048878e-02;6.400695e-02;6.512975e-02;9.773383e-02
1.491528e-01;2.806629e-02;1.945799e-01;5.526366e-02;5.055260e-02;3.451028e-02;6.410790e-02;5.998691e-02;5.362075e-02;8.199847e-02;8.097677e-02;1.471837e-01
1.112995e-01;3.060117e-02;1.629476e-01;3.087785e-02;7.085372e-02;4.002716e-02;7.095843e-02;6.515683e-02;6.720065e-02;8.558753e-02;7.119966e-02;1.932900e-01
6.593914e-02;6.056442e-02;1.253349e-01;5.559189e-02;8.715439e-02;3.689107e-02;9.325548e-02;5.107088e-02;6.247062e-02;8.165380e-02;9.345198e-02;1.866214e-01
8.147415e-02;6.393562e-02;9.385902e-02;6.591197e-02;8.663813e-02;3.675006e-02;1.307805e-01;7.017440e-02;6.258670e-02;7.127999e-02;1.002448e-01;1.363647e-01
9.117065e-02;5.507770e-02;1.236489e-01;5.826024e-02;5.610448e-02;2.697654e-02;1.253719e-01;6.608201e-02;9.112471e-02;8.108172e-02;1.253404e-01;9.976073e-02
9.023914e-02;8.056509e-02;1.589430e-01;3.930856e-02;4.031314e-02;2.054015e-02;1.012982e-01;3.450860e-02;7.091054e-02;5.969058e-02;1.597746e-01;1.439084e-01
8.870461e-02;7.720434e-02;1.439890e-01;5.768671e-02;5.121417e-02;3.047258e-02;1.327126e-01;4.380561e-02;6.452798e-02;5.504814e-02;1.209671e-01;1.336671e-01
1.473558e-01;1.186315e-01;7.466129e-02;6.531522e-02;7.074588e-02;5.033080e-02;1.518603e-01;3.978765e-02;5.657440e-02;6.341544e-02;7.980610e-02;8.151557e-02
