4.663304e-02;1.275247e-01;1.485303e-01;6.246236e-02;4.654448e-02;9.319223e-02;5.293200e-02;1.205917e-01;1.271199e-01;7.132574e-02;6.386720e-02;3.927638e-02
4.383662e-02;1.670433e-01;1.969472e-01;5.519052e-02;4.941099e-02;8.864852e-02;5.967474e-02;9.319675e-02;8.021659e-02;7.052411e-02;5.826270e-02;3.704794e-02
3.844924e-02;2.574466e-01;2.613820e-01;3.879056e-02;3.158703e-02;6.967061e-02;4.636180e-02;6.362507e-02;6.704311e-02;5.424081e-02;4.224226e-02;2.916085e-02
2.724536e-02;3.634507e-01;3.675663e-01;2.103897e-02;1.343836e-02;2.947117e-02;2.529773e-02;3.839543e-02;4.345737e-02;3.394191e-02;2.209258e-02;1.460419e-02
1.649418e-02;3.275800e-01;4.800448e-01;3.672299e-02;6.582227e-03;1.931441e-02;1.418340e-02;2.947789e-02;1.819576e-02;3.483072e-02;1.062639e-02;5.947229e-03
1.306743e-02;2.338403e-01;5.153994e-01;8.872877e-02;1.703560e-02;3.200062e-02;1.112276e-02;1.902720e-02;1.515438e-02;2.743424e-02;2.310591e-02;4.083385e-03
1.470705e-02;1.686454e-01;4.883717e-01;1.565611e-01;2.474188e-02;3.510435e-02;1.078799e-02;1.540203e-02;1.859787e-02;2.084746e-02;4.329035e-02;2.942935e-03
1.517467e-02;1.541831e-01;4.161398e-01;2.007557e-01;2.489106e-02;4.476081e-02;1.168668e-02;2.809070e-02;1.512993e-02;1.727090e-02;6.552006e-02;6.396606e-03
1.522776e-02;1.488239e-01;2.717695e-01;2.895524e-01;5.766903e-02;4.751586e-02;2.048882e-02;3.099502e-02;1.021612e-02;4.233622e-03;9.612079e-02;7.387259e-03
1.340125e-02;8.963806e-02;2.543737e-01;3.047618e-01;5.927300e-02;9.907338e-02;2.126910e-02;3.806171e-02;8.028223e-03;1.001135e-02;9.398316e-02;8.125249e-03
7.658358e-03;1.071508e-01;2.904360e-01;2.578386e-01;6.860195e-02;1.218325e-01;1.119842e-02;4.372222e-02;8.007358e-03;8.493129e-03;6.790821e-02;7.152412e-03
5.717964e-03;1.044442e-01;2.893933e-01;2.498078e-01;7.514008e-02;1.356104e-01;1.073169e-02;5.140458e-02;1.502385e-02;1.290129e-02;4.506459e-02;4.760248e-03
1.000175e-02;1.188248e-01;3.420044e-01;2.225588e-01;6.015696e-02;1.325313e-01;1.035602e-02;4.649855e-02;1.677392e-02;1.072421e-02;2.478108e-02;4.788134e-03
1.203515e-02;1.441581e-01;3.583574e-01;2.055142e-01;6.027353e-02;1.287429e-01;1.075107e-02;4.047888e-02;1.201462e-02;1.000535e-02;1.442936e-02;3.239360e-03
1.828594e-02;1.513857e-01;3.026903e-01;2.080670e-01;5.767570e-02;1.713872e-01;1.436794e-02;3.732485e-02;1.379223e-02;1.242734e-02;6.876285e-03;5.719596e-03
1.513220e-02;1.599825e-01;2.890808e-01;1.727369e-01;5.096591e-02;1.890861e-01;1.861340e-02;2.067463e-02;2.594638e-02;2.424203e-02;1.573082e-02;1.780839e-02
1.927275e-02;2.057813e-01;3.512968e-01;1.233222e-01;5.028893e-02;1.335645e-01;1.865263e-02;2.785805e-02;2.415315e-02;2.118151e-02;1.092405e-02;1.370414e-02
2.295079e-02;2.128481e-01;3.311521e-01;8.504400e-02;4.580342e-02;1.071410e-01;4.889214e-02;2.866081e-02;2.890790e-02;4.410672e-02;3.673884e-02;7.754216e-03
3.132892e-02;1.987659e-01;2.474596e-01;6.514631e-02;3.248387e-02;8.976907e-02;8.097822e-02;4.004797e-02;4.480423e-02;8.529481e-02;6.882119e-02;1.509986e-02
4.203351e-02;2.059228e-01;1.833841e-01;7.794696e-02;4.841403e-02;4.301875e-02;9.678325e-02;6.433909e-02;4.108173e-02;8.826622e-02;8.586498e-02;2.294458e-02
6.087601e-02;2.470000e-01;1.953623e-01;8.575539e-02;7.227093e-02;6.465361e-02;7.090431e-02;5.415333e-02;1.579696e-02;4.608512e-02;6.656295e-02;2.057910e-02
5.537321e-02;1.686876e-01;1.961342e-01;9.282757e-02;4.382433e-02;1.284707e-01;5.942106e-02;6.921095e-02;3.577997e-02;3.317930e-02;7.294296e-02;4.414820e-02
3.482074e-02;7.281297e-02;1.486973e-01;1.066762e-01;5.934520e-02;1.155126e-01;6.146239e-02;9.150469e-02;4.655315e-02;5.826995e-02;1.567319e-01;4.761279e-02
3.488601e-02;5.658326e-02;1.467176e-01;1.278569e-01;5.792040e-02;6.640453e-02;5.650405e-02;7.500066e-02;4.580608e-02;8.738707e-02;2.130784e-01;3.185512e-02
4.584614e-02;7.652365e-02;2.213700e-01;8.848956e-02;3.483897e-02;2.922933e-02;7.085449e-02;3.301067e-02;2.617777e-02;1.914009e-01;1.613843e-01;2.087410e-02
4.803407e-02;1.140916e-01;2.566998e-01;3.781959e-02;2.274208e-02;2.735153e-02;6.298736e-02;1.561471e-02;5.281972e-02;2.803691e-01;5.530098e-02;2.616951e-02
3.607069e-02;1.679739e-01;2.228387e-01;2.370591e-02;1.743509e-02;3.591559e-02;3.367408e-02;3.408409e-02;1.305528e-01;2.390131e-01;7.510706e-03;5.122524e-02
2.788242e-02;2.347486e-01;1.609995e-01;4.041431e-02;1.084025e-02;5.249377e-02;2.405741e-02;6.733084e-02;1.882282e-01;1.178703e-01;1.044061e-02;6.469376e-02
4.589886e-02;2.739700e-01;1.099496e-01;4.239623e-02;2.126015e-02;4.630217e-02;4.343472e-02;1.091813e-01;1.839927e-01;5.856051e-02;1.589165e-02;4.916203e-02
9.664772e-02;2.235897e-01;9.433833e-02;3.303071e-02;5.961448e-02;3.603997e-02;7.956938e-02;1.394921e-01;1.246223e-01;3.489545e-02;4.633883e-02;3.182105e-02
1.445805e-01;1.333520e-01;1.028716e-01;3.040115e-02;9.803318e-02;2.335107e-02;6.642596e-02;1.925068e-01;7.862956e-02;5.116041e-02;5.609006e-02;2.259770e-02
1.317325e-01;1.309785e-01;1.487829e-01;2.194550e-02;6.982422e-02;2.417537e-02;4.188927e-02;2.394854e-01;5.274927e-02;7.711892e-02;4.568104e-02;1.563728e-02
1.080732e-01;1.394527e-01;1.971503e-01;2.067114e-02;4.944803e-02;2.430775e-02;4.031755e-02;2.545102e-01;3.599829e-02;6.703866e-02;4.339027e-02;1.964197e-02
1.054903e-01;1.375734e-01;2.058443e-01;2.836848e-02;6.514844e-02;2.759254e-02;5.011461e-02;2.345477e-01;5.704131e-02;3.297279e-02;2.684347e-02;2.846253e-02
1.208151e-01;1.593380e-01;1.426647e-01;2.670948e-02;8.088456e-02;4.723664e-02;5.322377e-02;2.005725e-01;8.817165e-02;2.283338e-02;2.520731e-02;3.234291e-02
1.318037e-01;1.192417e-01;5.754385e-02;2.750685e-02;7.543680e-02;6.181270e-02;6.960230e-02;2.273868e-01;1.214145e-01;3.623749e-02;2.391949e-02;4.809390e-02
1.272784e-01;1.111936e-01;1.147685e-01;2.716784e-02;4.929733e-02;8.409649e-02;7.464002e-02;1.981993e-01;9.794369e-02;2.782352e-02;2.330821e-02;6.428306e-02
1.099243e-01;1.621712e-01;8.592165e-02;2.632111e-02;2.859393e-02;8.230162e-02;7.691767e-02;1.372402e-01;8.183734e-02;7.339482e-02;6.125654e-02;7.411954e-02
7.538954e-02;2.398767e-01;2.266762e-01;2.374393e-02;2.049087e-02;6.027076e-02;5.477033e-02;5.576231e-02;5.242420e-02;7.626911e-02;5.850773e-02;5.581831e-02
7.578901e-02;2.377102e-01;2.910069e-01;2.563434e-02;2.168784e-02;4.032278e-02;3.645666e-02;5.351118e-02;8.899488e-02;7.233709e-02;2.528849e-02;3.126060e-02
7.180545e-02;1.060202e-01;2.597644e-01;4.306920e-02;1.782793e-02;6.316005e-02;3.401238e-02;1.171747e-01;1.175026e-01;6.767868e-02;6.449609e-02;3.748825e-02
5.951455e-02;1.761072e-01;2.007707e-01;3.901313e-02;2.302768e-02;3.170681e-02;5.412269e-02;1.274187e-01;8.044083e-02;1.037282e-01;6.851787e-02;3.563169e-02
5.862816e-02;1.517649e-01;1.470566e-01;4.026951e-02;2.329291e-02;5.444034e-02;5.811048e-02;1.330789e-01;1.174522e-01;1.370068e-01;3.958614e-02;3.931297e-02
5.461451e-02;1.503509e-01;1.479603e-01;5.473206e-02;2.985726e-02;7.341461e-02;4.506934e-02;1.331442e-01;1.323260e-01;1.009486e-01;3.785213e-02;3.973009e-02
6.519695e-02;1.980122e-01;2.656963e-01;6.290951e-02;3.432257e-02;8.941348e-02;2.622079e-02;9.996279e-02;7.413939e-02;2.614056e-02;3.535851e-02;2.262691e-02
7.385877e-02;2.894720e-01;2.685873e-01;4.487381e-02;3.451439e-02;6.317379e-02;1.895547e-02;8.857696e-02;2.850920e-02;3.786702e-02;3.668456e-02;1.492677e-02
1.001345e-01;3.529413e-01;1.845077e-01;3.436403e-02;3.446961e-02;3.678056e-02;2.274809e-02;1.021731e-01;4.203608e-02;3.240654e-02;4.386804e-02;1.357041e-02
1.351001e-01;3.441014e-01;1.427169e-01;2.515903e-02;4.388924e-02;3.361525e-02;2.400683e-02;1.285388e-01;4.346715e-02;1.877611e-02;3.840460e-02;2.222455e-02
1.346177e-01;2.769688e-01;2.135443e-01;2.028098e-02;4.771475e-02;3.189215e-02;2.561735e-02;1.273499e-01;2.085182e-02;3.087049e-02;3.582412e-02;3.446764e-02
1.269681e-01;1.863342e-01;2.322102e-01;3.045045e-02;5.099054e-02;3.409940e-02;4.630429e-02;1.039495e-01;2.733421e-02;4.841674e-02;6.271094e-02;5.023136e-02
1.018531e-01;1.891227e-01;1.521232e-01;4.227755e-02;4.739251e-02;5.087488e-02;6.017890e-02;7.733922e-02;9.042557e-02;5.462356e-02;7.845922e-02;5.532958e-02
9.470682e-02;2.176485e-01;1.103001e-01;4.241310e-02;4.256635e-02;3.779582e-02;6.437289e-02;8.677353e-02;1.453300e-01;5.566347e-02;6.290177e-02;3.952762e-02
8.737388e-02;2.516655e-01;1.465650e-01;4.020098e-02;3.968060e-02;5.547363e-02;4.678156e-02;7.667531e-02;8.615234e-02;9.637249e-02;4.210418e-02;3.095449e-02
9.216826e-02;3.098819e-01;1.382822e-01;4.957728e-02;2.719525e-02;6.383307e-02;4.022027e-02;8.191434e-02;6.321996e-02;8.312365e-02;2.732016e-02;2.326375e-02
8.732892e-02;2.933641e-01;2.518730e-01;4.650243e-02;1.833225e-02;3.809293e-02;3.516399e-02;6.771399e-02;8.671363e-02;2.562810e-02;2.768909e-02;2.159761e-02
7.360003e-02;2.476491e-01;2.376298e-01;3.122964e-02;2.767324e-02;3.759570e-02;3.090749e-02;8.429598e-02;9.225706e-02;8.004700e-02;3.843709e-02;1.867789e-02
6.646848e-02;2.361244e-01;1.903222e-01;4.733455e-02;3.326299e-02;4.953618e-02;4.133789e-02;1.141415e-01;8.926804e-02;9.391257e-02;1.657182e-02;2.171946e-02
4.821051e-02;2.518503e-01;1.699481e-01;5.467405e-02;1.859652e-02;7.981519e-02;6.268475e-02;1.157320e-01;8.273316e-02;5.388104e-02;3.870780e-02;2.316655e-02
6.770153e-02;1.750994e-01;2.560838e-01;3.669725e-02;3.244306e-02;1.141789e-01;4.946980e-02;9.178217e-02;5.633845e-02;4.886961e-02;4.302328e-02;2.831273e-02
6.565378e-02;2.740521e-01;2.695220e-01;3.964837e-02;3.460047e-02;8.589428e-02;3.068294e-02;8.234821e-02;3.454191e-02;2.867513e-02;2.786153e-02;2.651930e-02
7.432729e-02;2.812904e-01;2.671963e-01;3.176958e-02;3.371848e-02;6.034204e-02;4.195334e-02;7.481911e-02;4.091867e-02;2.975366e-02;2.964758e-02;3.426355e-02
8.719904e-02;1.977896e-01;2.333586e-01;3.135303e-02;3.419091e-02;5.402341e-02;6.023327e-02;9.007451e-02;7.641340e-02;5.566762e-02;3.437936e-02;4.531722e-02
1.036741e-01;1.575269e-01;1.771503e-01;6.178921e-02;3.477551e-02;7.928843e-02;5.977383e-02;1.064779e-01;8.382873e-02;6.746718e-02;2.509430e-02;4.315355e-02
1.118262e-01;2.274122e-01;2.146366e-01;4.531213e-02;2.971753e-02;6.385186e-02;4.865969e-02;1.148221e-01;5.040768e-02;3.781106e-02;1.750340e-02;3.803962e-02
1.266002e-01;1.861789e-01;2.111709e-01;2.971849e-02;4.797914e-02;4.889661e-02;6.000092e-02;1.742084e-01;4.396770e-02;2.553732e-02;1.294850e-02;3.279278e-02
1.459473e-01;1.113904e-01;1.838538e-01;1.790448e-02;8.310281e-02;2.700170e-02;6.712287e-02;2.573439e-01;4.107403e-02;1.826007e-02;1.354044e-02;3.345812e-02
1.378062e-01;9.712897e-02;1.649745e-01;1.806042e-02;1.273931e-01;3.297498e-02;5.004262e-02;2.942927e-01;3.148161e-02;1.137610e-02;6.942907e-03;2.752595e-02
1.199096e-01;1.301525e-01;1.651345e-01;1.279702e-02;1.830985e-01;2.588192e-02;3.684189e-02;2.651992e-01;2.192653e-02;9.301115e-03;9.290448e-03;2.046676e-02
1.242876e-01;1.007116e-01;1.272672e-01;1.289239e-02;2.208647e-01;2.773664e-02;3.443112e-02;2.759288e-01;3.160667e-02;1.326828e-02;7.893280e-03;2.311165e-02
1.391476e-01;9.780321e-02;1.175471e-01;1.519701e-02;1.873438e-01;2.650144e-02;2.997132e-02;2.980716e-01;3.501440e-02;1.785677e-02;6.425194e-03;2.912045e-02
1.552274e-01;1.542067e-01;1.230335e-01;1.755517e-02;1.057399e-01;4.379098e-02;3.296219e-02;2.762687e-01;2.166148e-02;1.512517e-02;1.307302e-02;4.135579e-02
1.626168e-01;1.668170e-01;9.694742e-02;1.515261e-02;1.536997e-01;4.370819e-02;4.656562e-02;2.000287e-01;3.062627e-02;1.678756e-02;1.854299e-02;4.850721e-02
1.209663e-01;2.770800e-01;1.311688e-01;2.800976e-02;1.191798e-01;4.875075e-02;6.426238e-02;8.894876e-02;4.021590e-02;3.046162e-02;1.358517e-02;3.737078e-02
7.342231e-02;3.543497e-01;1.710164e-01;4.643402e-02;4.681433e-02;7.188898e-02;4.062734e-02;5.679682e-02;8.052070e-02;2.823574e-02;7.293790e-03;2.259997e-02
3.607091e-02;3.727717e-01;1.738927e-01;6.678172e-02;2.240745e-02;9.008431e-02;1.780918e-02;6.262524e-02;1.117063e-01;2.689646e-02;6.201577e-03;1.275250e-02
3.847984e-02;3.540075e-01;2.020818e-01;6.844582e-02;2.759218e-02;9.557965e-02;1.754906e-02;5.836575e-02;1.021459e-01;1.855326e-02;5.819554e-03;1.137958e-02
4.582410e-02;3.565204e-01;2.514195e-01;6.576648e-02;2.258224e-02;7.663728e-02;1.521279e-02;5.597959e-02;8.554859e-02;9.781266e-03;3.697809e-03;1.102996e-02
5.208141e-02;3.474167e-01;2.871262e-01;6.605519e-02;1.610511e-02;5.620172e-02;1.956405e-02;5.640447e-02;6.835723e-02;1.173030e-02;8.841288e-03;1.011629e-02
6.799564e-02;2.897087e-01;2.863954e-01;5.428656e-02;3.174933e-02;4.611595e-02;3.883277e-02;7.471313e-02;6.165680e-02;1.393996e-02;2.123488e-02;1.337079e-02
8.435753e-02;1.980399e-01;2.021327e-01;4.775948e-02;7.862941e-02;6.866851e-02;5.169982e-02;9.357566e-02;7.625652e-02;4.828663e-02;2.898167e-02;2.161215e-02
7.490621e-02;2.467747e-01;2.076722e-01;5.141640e-02;7.532623e-02;6.222722e-02;4.911895e-02;6.305648e-02;6.493498e-02;5.102145e-02;1.551465e-02;3.803055e-02
9.318050e-02;2.758583e-01;2.321201e-01;4.351903e-02;6.937259e-02;5.272494e-02;5.035554e-02;4.296206e-02;4.457871e-02;3.572297e-02;1.807034e-02;4.153486e-02
1.347782e-01;2.009629e-01;2.034228e-01;4.288094e-02;7.045511e-02;6.682258e-02;4.421872e-02;9.391860e-02;5.785459e-02;3.108678e-02;1.590288e-02;3.769591e-02
1.612098e-01;1.788137e-01;1.053877e-01;3.705179e-02;5.885446e-02;1.087709e-01;4.092241e-02;1.466278e-01;6.779915e-02;3.604055e-02;1.569156e-02;4.283015e-02
1.569987e-01;2.005944e-01;1.407454e-01;3.178948e-02;4.590962e-02;6.878382e-02;3.070142e-02;1.473351e-01;6.528949e-02;4.356617e-02;1.948664e-02;4.879969e-02
1.349483e-01;2.769133e-01;1.696533e-01;2.711807e-02;3.792697e-02;4.016965e-02;2.896849e-02;1.223247e-01;5.366506e-02;4.132508e-02;2.869328e-02;3.829387e-02
1.412414e-01;2.978093e-01;1.360927e-01;3.017161e-02;3.686837e-02;4.002729e-02;3.746929e-02;1.384217e-01;4.667865e-02;2.508318e-02;2.203283e-02;4.810375e-02
1.291170e-01;2.566156e-01;2.041048e-01;2.747890e-02;2.480360e-02;4.693069e-02;4.457672e-02;1.115912e-01;4.599859e-02;3.676978e-02;2.420986e-02;4.780323e-02
1.183579e-01;3.395334e-01;2.043338e-01;2.893486e-02;3.217889e-02;4.039676e-02;5.279040e-02;7.276394e-02;2.702402e-02;2.011743e-02;3.011131e-02;3.345725e-02
8.706312e-02;4.096445e-01;2.366762e-01;4.051660e-02;2.108717e-02;4.163947e-02;5.731338e-02;3.322597e-02;2.831359e-02;1.030913e-02;2.085129e-02;1.335964e-02
4.500236e-02;4.339014e-01;2.448895e-01;5.336199e-02;1.261978e-02;7.943158e-02;3.674423e-02;2.490663e-02;4.360509e-02;6.915382e-03;9.932030e-03;8.690108e-03
3.738001e-02;4.242947e-01;2.402515e-01;4.816605e-02;1.353030e-02;9.408934e-02;2.008025e-02;3.644325e-02;6.435608e-02;1.007967e-02;4.337580e-03;6.991291e-03
4.787743e-02;4.357748e-01;2.214275e-01;3.422116e-02;1.443902e-02;7.369886e-02;2.891997e-02;3.580211e-02;8.792810e-02;9.413709e-03;2.917617e-03;7.579732e-03
5.527231e-02;4.661553e-01;2.172174e-01;2.045820e-02;1.296518e-02;4.583757e-02;3.250606e-02;2.906975e-02;9.226054e-02;1.729524e-02;2.429015e-03;8.533535e-03
6.141078e-02;5.040334e-01;2.103159e-01;1.331999e-02;1.279034e-02;2.955775e-02;2.687624e-02;2.970605e-02;8.006747e-02;1.744811e-02;4.122873e-03;1.035110e-02
4.784263e-02;4.741956e-01;2.529125e-01;1.503273e-02;1.012731e-02;3.909787e-02;1.702525e-02;4.538896e-02;6.525785e-02;1.691111e-02;4.028275e-03;1.218000e-02
3.401373e-02;4.342218e-01;3.301932e-01;1.739980e-02;1.033285e-02;4.142964e-02;1.241127e-02;3.991467e-02;4.595560e-02;1.415751e-02;6.541593e-03;1.342839e-02
4.057615e-02;3.913643e-01;3.811729e-01;1.654592e-02;1.009497e-02;3.136869e-02;1.274122e-02;3.852988e-02;3.990300e-02;1.883101e-02;6.313620e-03;1.255841e-02
3.892770e-02;3.599115e-01;4.037959e-01;1.965174e-02;1.164883e-02;5.061134e-02;9.229863e-03;3.319576e-02;3.515547e-02;1.777225e-02;7.712757e-03;1.238689e-02
4.925154e-02;3.387172e-01;3.939754e-01;2.725449e-02;8.107129e-03;5.400322e-02;7.949938e-03;3.183369e-02;3.672729e-02;2.437389e-02;1.042250e-02;1.738367e-02
5.514279e-02;2.904050e-01;4.179992e-01;2.909397e-02;9.194782e-03;5.236628e-02;1.399760e-02;3.518141e-02;4.594370e-02;2.500696e-02;7.357769e-03;1.831051e-02
6.456468e-02;3.451610e-01;3.993410e-01;1.689526e-02;1.164626e-02;4.006579e-02;1.896968e-02;2.603934e-02;3.662148e-02;1.905178e-02;9.696120e-03;1.194767e-02
6.167996e-02;3.844497e-01;3.590274e-01;1.404310e-02;1.619112e-02;2.807235e-02;1.177260e-02;4.843684e-02;3.820444e-02;1.797187e-02;1.126366e-02;8.886960e-03
4.761659e-02;3.329403e-01;3.202563e-01;2.874911e-02;3.309152e-02;4.403191e-02;2.093378e-02;7.410442e-02;5.039237e-02;2.473426e-02;1.542524e-02;7.724238e-03
3.809378e-02;2.984110e-01;2.635343e-01;4.525884e-02;4.450374e-02;6.960319e-02;2.887455e-02;7.253477e-02;8.599036e-02;3.081760e-02;8.860316e-03;1.351751e-02
7.291584e-02;3.514926e-01;1.830208e-01;4.730832e-02;4.406051e-02;5.883797e-02;2.802328e-02;4.225728e-02;9.792884e-02;4.679056e-02;7.606595e-03;1.975748e-02
1.022227e-01;4.000415e-01;1.730894e-01;3.431158e-02;6.227421e-02;3.689409e-02;1.365394e-02;3.471361e-02;8.408254e-02;3.295455e-02;7.870558e-03;1.789130e-02
9.057432e-02;4.047678e-01;2.081120e-01;3.185486e-02;5.599379e-02;3.707512e-02;1.807173e-02;4.282553e-02;6.799985e-02;2.167630e-02;8.292655e-03;1.275595e-02
6.245546e-02;4.254950e-01;2.629907e-01;2.072839e-02;3.021083e-02;4.762329e-02;2.488056e-02;4.030791e-02;4.360527e-02;1.906898e-02;1.008017e-02;1.255347e-02
5.850122e-02;4.104829e-01;2.958782e-01;1.759421e-02;2.474499e-02;6.527323e-02;2.457573e-02;4.030977e-02;2.549667e-02;1.412267e-02;7.434004e-03;1.558639e-02
8.211629e-02;4.091025e-01;2.626196e-01;2.076197e-02;2.946929e-02;6.088322e-02;2.737176e-02;3.420387e-02;2.629979e-02;1.365256e-02;1.041065e-02;2.310847e-02
1.129465e-01;4.327000e-01;2.013155e-01;1.395667e-02;2.726299e-02;3.890187e-02;3.229569e-02;4.646783e-02;3.072090e-02;1.808290e-02;1.400479e-02;3.134436e-02
9.818865e-02;3.456754e-01;2.331152e-01;3.448870e-02;3.819758e-02;5.869554e-02;2.698152e-02;6.436644e-02;4.269892e-02;1.906573e-02;1.475977e-02;2.376652e-02
8.933404e-02;2.709449e-01;2.140320e-01;5.684996e-02;6.759382e-02;6.431185e-02;2.871527e-02;7.733326e-02;6.373435e-02;3.325279e-02;1.676586e-02;1.713190e-02
1.071317e-01;2.832925e-01;1.889465e-01;4.695116e-02;5.990692e-02;4.883762e-02;3.364886e-02;8.387461e-02;4.754281e-02;3.692520e-02;2.966465e-02;3.327747e-02
1.048908e-01;3.075832e-01;1.822995e-01;2.919455e-02;3.572043e-02;6.229772e-02;2.758872e-02;8.527791e-02;6.149527e-02;2.856999e-02;2.936148e-02;4.572042e-02
1.030529e-01;3.251220e-01;2.411163e-01;2.766266e-02;2.788145e-02;4.863507e-02;2.598177e-02;5.176444e-02;5.232285e-02;2.977134e-02;2.751316e-02;3.917592e-02
9.810576e-02;3.403193e-01;2.501269e-01;3.932245e-02;2.041335e-02;5.097228e-02;2.700301e-02;5.099497e-02;4.934712e-02;2.754313e-02;1.686598e-02;2.898574e-02
8.778314e-02;2.683624e-01;2.342059e-01;4.883938e-02;1.934039e-02;6.248738e-02;4.824705e-02;8.549723e-02;6.029088e-02;3.281048e-02;1.862515e-02;3.351065e-02
8.467599e-02;2.886031e-01;2.306094e-01;3.043670e-02;2.858832e-02;5.590446e-02;3.291554e-02;8.785003e-02;5.780578e-02;3.146621e-02;2.929649e-02;4.184794e-02
7.556538e-02;3.732032e-01;2.225382e-01;1.965458e-02;2.629581e-02;5.238397e-02;1.832460e-02;6.491771e-02;5.450814e-02;2.929080e-02;3.054984e-02;3.276774e-02
5.635975e-02;3.884721e-01;1.883684e-01;3.321408e-02;3.718292e-02;5.918112e-02;1.720483e-02;5.681151e-02;6.097874e-02;2.789104e-02;4.082177e-02;3.351377e-02
6.203450e-02;3.928620e-01;1.402022e-01;4.761351e-02;4.041190e-02;6.582464e-02;1.581625e-02;7.110934e-02;5.526173e-02;3.725293e-02;4.408703e-02;2.752402e-02
5.846466e-02;2.807081e-01;1.660770e-01;4.879939e-02;3.660956e-02;1.254424e-01;4.482748e-02;9.393170e-02;6.358983e-02;2.396371e-02;3.804863e-02;1.953762e-02
5.190855e-02;2.040363e-01;1.461614e-01;5.162032e-02;4.499863e-02;1.517140e-01;5.851634e-02;1.299397e-01;6.927227e-02;4.019201e-02;3.182562e-02;1.981483e-02
8.487468e-02;1.663232e-01;1.188372e-01;3.776986e-02;6.180272e-02;1.133584e-01;5.925507e-02;1.723265e-01;8.015163e-02;3.681015e-02;4.287653e-02;2.561419e-02
1.136830e-01;1.482893e-01;1.110725e-01;2.709337e-02;7.140511e-02;6.009204e-02;3.849930e-02;2.545978e-01;7.964751e-02;2.285992e-02;4.245869e-02;3.030146e-02
8.907336e-02;1.039504e-01;8.446318e-02;3.234675e-02;4.742135e-02;4.594767e-02;1.239546e-01;2.857048e-01;7.108478e-02;2.356741e-02;2.882499e-02;6.366073e-02
4.834612e-02;8.346373e-02;4.852591e-02;5.436752e-02;2.469994e-02;2.699833e-02;2.705505e-01;2.166630e-01;4.985114e-02;2.889834e-02;1.703262e-02;1.306029e-01
2.372885e-02;1.117054e-01;2.631501e-02;6.339996e-02;1.205770e-02;4.776717e-02;3.979110e-01;7.770295e-02;2.512276e-02;1.642103e-02;1.373588e-02;1.841323e-01
1.807915e-02;1.134487e-01;3.713363e-02;5.780770e-02;1.225183e-02;6.829799e-02;4.323180e-01;3.764558e-02;1.615540e-02;1.337633e-02;2.844987e-02;1.650358e-01
2.035519e-02;8.381082e-02;3.366166e-02;5.284386e-02;1.942464e-02;8.851660e-02;4.544314e-01;4.229525e-02;2.477860e-02;1.609753e-02;2.256476e-02;1.412197e-01
1.358084e-02;7.112087e-02;4.712349e-02;3.204916e-02;3.187058e-02;1.263679e-01;4.155692e-01;7.258485e-02;2.904955e-02;1.396013e-02;2.948082e-02;1.172427e-01
1.660155e-02;5.657732e-02;3.427688e-02;3.096145e-02;2.641855e-02;2.045599e-01;3.887886e-01;7.876728e-02;3.010770e-02;1.200044e-02;3.745023e-02;8.349005e-02
1.755272e-02;3.910814e-02;2.075598e-02;4.174138e-02;3.338002e-02;2.620360e-01;3.885520e-01;5.965732e-02;2.484499e-02;9.960981e-03;3.517666e-02;6.723388e-02
1.830173e-02;4.677528e-02;2.582374e-02;7.351267e-02;3.907765e-02;2.370970e-01;3.897369e-01;5.076816e-02;1.672421e-02;1.535132e-02;2.310273e-02;6.372863e-02
1.852538e-02;5.133020e-02;3.052034e-02;1.095225e-01;3.098330e-02;1.560749e-01;4.016991e-01;6.664183e-02;2.358048e-02;2.330686e-02;1.869804e-02;6.911714e-02
3.352166e-02;6.223018e-02;4.192441e-02;1.308003e-01;3.352123e-02;9.819932e-02;3.580936e-01;5.746331e-02;3.396299e-02;3.328107e-02;1.556673e-02;1.014352e-01
5.192738e-02;9.559391e-02;7.359093e-02;1.085035e-01;1.598133e-02;1.058935e-01;2.658797e-01;4.374407e-02;5.018967e-02;4.056478e-02;3.125869e-02;1.168726e-01
5.746545e-02;1.398614e-01;9.809166e-02;5.296185e-02;1.935305e-02;1.317640e-01;1.991901e-01;8.126937e-02;6.491531e-02;3.636013e-02;3.291036e-02;8.585735e-02
6.298757e-02;1.308850e-01;1.048516e-01;3.730996e-02;2.314395e-02;2.384958e-01;1.279564e-01;9.443098e-02;6.299465e-02;3.586568e-02;1.934198e-02;6.173632e-02
3.570466e-02;9.851541e-02;7.860717e-02;2.109617e-02;3.158203e-02;2.775892e-01;2.129770e-01;9.069929e-02;3.784022e-02;3.263164e-02;2.545067e-02;5.730654e-02
2.504385e-02;9.645316e-02;6.651700e-02;1.952448e-02;2.188226e-02;2.654857e-01;2.974581e-01;4.818910e-02;3.086360e-02;3.154638e-02;3.869004e-02;5.834634e-02
3.473167e-02;1.273033e-01;1.013628e-01;2.259507e-02;2.307143e-02;2.063490e-01;2.632506e-01;3.616592e-02;3.912461e-02;3.713306e-02;3.574866e-02;7.316388e-02
4.886867e-02;1.317619e-01;1.181367e-01;3.398033e-02;2.118882e-02;1.769810e-01;2.260131e-01;6.937453e-02;4.589864e-02;3.221126e-02;2.864648e-02;6.693851e-02
5.198044e-02;6.389038e-02;1.113114e-01;3.383192e-02;4.396068e-02;1.983998e-01;2.312256e-01;9.430442e-02;6.440166e-02;2.260752e-02;2.521135e-02;5.887488e-02
4.767731e-02;1.113494e-01;1.234033e-01;2.894257e-02;4.914713e-02;2.066062e-01;1.995376e-01;6.816510e-02;5.823206e-02;2.243414e-02;3.601647e-02;4.848877e-02
3.815886e-02;1.253914e-01;1.339077e-01;3.583233e-02;3.209108e-02;1.637136e-01;1.619341e-01;1.076039e-01;5.773448e-02;4.114003e-02;5.626979e-02;4.622262e-02
4.631998e-02;9.059655e-02;1.105552e-01;4.185365e-02;2.948692e-02;1.467106e-01;1.372375e-01;1.760521e-01;5.327389e-02;4.485787e-02;4.548456e-02;7.757116e-02
4.884743e-02;1.436018e-01;1.274673e-01;2.759025e-02;1.885146e-02;1.668636e-01;1.785783e-01;1.285574e-01;2.564001e-02;3.208928e-02;3.145616e-02;7.045700e-02
6.009519e-02;1.951981e-01;1.774889e-01;2.750594e-02;1.111530e-02;1.776991e-01;1.735332e-01;6.427291e-02;2.745148e-02;1.647033e-02;1.848113e-02;5.068836e-02
7.093321e-02;2.763547e-01;2.442193e-01;2.601396e-02;1.631946e-02;1.369075e-01;7.650153e-02;7.352258e-02;2.659979e-02;1.242187e-02;9.871910e-03;3.033424e-02
8.984832e-02;2.963140e-01;2.363080e-01;1.879906e-02;2.290078e-02;7.299688e-02;1.101623e-01;9.440366e-02;1.824745e-02;9.237839e-03;1.090928e-02;1.987248e-02
1.029911e-01;2.495795e-01;1.735369e-01;3.653671e-02;3.240958e-02;5.785933e-02;1.284978e-01;1.175577e-01;2.108638e-02;3.285872e-02;2.422148e-02;2.286490e-02
8.531771e-02;1.763408e-01;1.224967e-01;6.218050e-02;3.641984e-02;5.991518e-02;1.162500e-01;1.372716e-01;2.611480e-02;7.724601e-02;4.443036e-02;5.601652e-02
5.449320e-02;9.429185e-02;7.550078e-02;6.032912e-02;1.714640e-02;4.067970e-02;2.337902e-01;1.664428e-01;2.121544e-02;1.144733e-01;3.974307e-02;8.189417e-02
2.980193e-02;6.103035e-02;5.078127e-02;4.746481e-02;9.374247e-03;3.370775e-02;3.289277e-01;1.782337e-01;1.368871e-02;1.335380e-01;2.686662e-02;8.658499e-02
3.566220e-02;3.293548e-02;3.411457e-02;4.455167e-02;1.270150e-02;2.287477e-02;3.834048e-01;1.686036e-01;1.263904e-02;1.357329e-01;2.372862e-02;9.305087e-02
3.613233e-02;4.088829e-02;4.139402e-02;4.450592e-02;9.000674e-03;5.253605e-02;3.820569e-01;1.616709e-01;1.129822e-02;1.265680e-01;1.583559e-02;7.811309e-02
4.260537e-02;8.457816e-02;5.880408e-02;3.996126e-02;5.936028e-03;4.147554e-02;3.543839e-01;1.790438e-01;1.342604e-02;1.073723e-01;9.531766e-03;6.288176e-02
5.807047e-02;9.872292e-02;5.157364e-02;3.240466e-02;7.490986e-03;5.089555e-02;3.295663e-01;1.904223e-01;1.881170e-02;8.586471e-02;1.062474e-02;6.555205e-02
6.544577e-02;1.357744e-01;6.305955e-02;3.922359e-02;1.302426e-02;4.687040e-02;3.242147e-01;1.574908e-01;2.449871e-02;5.188982e-02;1.564292e-02;6.286515e-02
5.918096e-02;1.428028e-01;5.692076e-02;4.737781e-02;1.363527e-02;7.331688e-02;3.033933e-01;1.538481e-01;4.484434e-02;2.468298e-02;2.295681e-02;5.704007e-02
5.690489e-02;1.400022e-01;2.844241e-02;4.933476e-02;1.725613e-02;8.785900e-02;2.432108e-01;1.805988e-01;4.614610e-02;3.930436e-02;3.954463e-02;7.139590e-02
8.144507e-02;1.588799e-01;5.771532e-02;4.351706e-02;1.806836e-02;3.904186e-02;2.726767e-01;1.445788e-01;3.416976e-02;6.091283e-02;3.555513e-02;5.343915e-02
1.247211e-01;1.898945e-01;7.646053e-02;2.506030e-02;1.432277e-02;7.043815e-02;1.662713e-01;1.591399e-01;3.250390e-02;4.159286e-02;3.425283e-02;6.534187e-02
1.639610e-01;1.951723e-01;1.202431e-01;1.395245e-02;1.752818e-02;5.325767e-02;1.028993e-01;1.985351e-01;2.470043e-02;2.482896e-02;3.684105e-02;4.808045e-02
1.914342e-01;1.695569e-01;1.792194e-01;8.366552e-03;1.695792e-02;3.166314e-02;7.149024e-02;2.387119e-01;1.998534e-02;1.813387e-02;2.474333e-02;2.973728e-02
1.784463e-01;1.404334e-01;2.037908e-01;1.589212e-02;3.029651e-02;4.014844e-02;4.859975e-02;2.655131e-01;2.542284e-02;1.399777e-02;9.382053e-03;2.807696e-02
1.364181e-01;1.362012e-01;1.603093e-01;2.907055e-02;5.756107e-02;5.568156e-02;1.068045e-01;2.424916e-01;2.399841e-02;9.857060e-03;1.002259e-02;3.158404e-02
1.349691e-01;1.275790e-01;1.193147e-01;3.266729e-02;1.143485e-01;5.311112e-02;8.644263e-02;2.496574e-01;2.569298e-02;1.177306e-02;1.346130e-02;3.098288e-02
1.165176e-01;1.876583e-01;1.102159e-01;2.233977e-02;1.417181e-01;4.282973e-02;1.062595e-01;1.732989e-01;1.913477e-02;2.204255e-02;1.304602e-02;4.493885e-02
1.007718e-01;2.422803e-01;1.320379e-01;2.072351e-02;1.170732e-01;5.759583e-02;1.178395e-01;9.034990e-02;2.781232e-02;3.352637e-02;1.303480e-02;4.695469e-02
9.792420e-02;2.357314e-01;1.415526e-01;3.166326e-02;7.317139e-02;8.592337e-02;9.825987e-02;8.176704e-02;4.201045e-02;4.349364e-02;1.721199e-02;5.129081e-02
1.047404e-01;2.341601e-01;1.897668e-01;4.501802e-02;2.769420e-02;7.280248e-02;5.028522e-02;1.096081e-01;5.095543e-02;5.194625e-02;1.398739e-02;4.903566e-02
9.269427e-02;2.367901e-01;2.092951e-01;3.694629e-02;1.364908e-02;6.075385e-02;7.372352e-02;1.068369e-01;4.437032e-02;5.145657e-02;2.494115e-02;4.854292e-02
9.126941e-02;1.798846e-01;1.605959e-01;3.705318e-02;2.286258e-02;6.847654e-02;1.593085e-01;1.031605e-01;4.826359e-02;4.745376e-02;3.749340e-02;4.417811e-02
1.053286e-01;1.558287e-01;1.251229e-01;3.905004e-02;3.916508e-02;4.910476e-02;1.898940e-01;8.050486e-02;5.261217e-02;5.216163e-02;3.849098e-02;7.273629e-02
9.354887e-02;2.422858e-01;1.422586e-01;3.577300e-02;3.909341e-02;7.929564e-02;1.034128e-01;8.922236e-02;5.314627e-02;3.876783e-02;2.083397e-02;6.236154e-02
4.379843e-02;3.195356e-01;2.454168e-01;4.107241e-02;3.149004e-02;7.504962e-02;4.312307e-02;8.222042e-02;4.533691e-02;3.234417e-02;1.423621e-02;2.637621e-02
5.520491e-02;3.883365e-01;2.415219e-01;3.264046e-02;2.149146e-02;5.841976e-02;4.187365e-02;5.862119e-02;3.832275e-02;2.243905e-02;1.660059e-02;2.452776e-02
7.526087e-02;4.372212e-01;2.050250e-01;2.666832e-02;1.425589e-02;4.627239e-02;4.161876e-02;5.698777e-02;3.979009e-02;1.396747e-02;1.898605e-02;2.394615e-02
7.866572e-02;4.269455e-01;1.956902e-01;2.736359e-02;1.486040e-02;3.268340e-02;7.296624e-02;6.190049e-02;3.941899e-02;1.539501e-02;9.697810e-03;2.441254e-02
6.652993e-02;3.344806e-01;2.022514e-01;2.817179e-02;2.244991e-02;3.701600e-02;1.102752e-01;8.693676e-02;3.917942e-02;2.291248e-02;1.757512e-02;3.222133e-02
5.502605e-02;2.465117e-01;2.073414e-01;1.860796e-02;2.800797e-02;4.464932e-02;1.399411e-01;1.268186e-01;4.388746e-02;2.895488e-02;1.707498e-02;4.317847e-02
7.857731e-02;1.715936e-01;1.975103e-01;1.935719e-02;2.787495e-02;6.825413e-02;1.773352e-01;1.467527e-01;3.250561e-02;3.798524e-02;1.038006e-02;3.187366e-02
8.592083e-02;2.397930e-01;1.943817e-01;1.408687e-02;1.595571e-02;4.376749e-02;1.644498e-01;1.402512e-01;3.249824e-02;2.560724e-02;1.124542e-02;3.204257e-02
9.004687e-02;3.130124e-01;1.886626e-01;1.260277e-02;1.747540e-02;4.366006e-02;1.331584e-01;1.152984e-01;2.471855e-02;2.071853e-02;1.473730e-02;2.590867e-02
9.561296e-02;3.195882e-01;1.860643e-01;1.712602e-02;2.144729e-02;4.098034e-02;9.957779e-02;1.032160e-01;2.603278e-02;2.966653e-02;1.659692e-02;4.409083e-02
1.176025e-01;3.275738e-01;1.439060e-01;2.570221e-02;2.175457e-02;2.488585e-02;7.470036e-02;9.933132e-02;3.035380e-02;3.882055e-02;3.078921e-02;6.457984e-02
9.070667e-02;3.204302e-01;2.039665e-01;2.736481e-02;2.361882e-02;3.923990e-02;5.958925e-02;9.006489e-02;2.886351e-02;3.152950e-02;2.743409e-02;5.719190e-02
8.271325e-02;3.185098e-01;1.906704e-01;2.662601e-02;4.191319e-02;4.234761e-02;6.127363e-02;9.112661e-02;3.566646e-02;2.867020e-02;2.398424e-02;5.649861e-02
8.593591e-02;3.582087e-01;1.414326e-01;3.262493e-02;4.445629e-02;7.618221e-02;3.129025e-02;8.523791e-02;2.810916e-02;2.624913e-02;3.483430e-02;5.543860e-02
2.705085e-02;3.145320e-01;2.525376e-01;2.448914e-02;3.095348e-02;1.016060e-01;3.536575e-02;7.254454e-02;6.009353e-02;2.428653e-02;2.489297e-02;3.164763e-02
5.326390e-02;2.688717e-01;2.694515e-01;2.310292e-02;2.753110e-02;1.257564e-01;4.705873e-02;8.834162e-02;5.553588e-02;1.936127e-02;9.038255e-03;1.268673e-02
9.263586e-02;2.777313e-01;2.326448e-01;1.851598e-02;2.480396e-02;1.056338e-01;6.384835e-02;1.039684e-01;4.438166e-02;1.403454e-02;9.199519e-03;1.260194e-02
1.548872e-01;2.726375e-01;1.709931e-01;1.634018e-02;2.999828e-02;6.972069e-02;5.938866e-02;1.437337e-01;3.703168e-02;1.229020e-02;8.647186e-03;2.433171e-02
1.951432e-01;2.782607e-01;9.818162e-02;1.544358e-02;3.499059e-02;8.280779e-02;3.750355e-02;1.401864e-01;4.028390e-02;1.788477e-02;8.797809e-03;5.051610e-02
1.334471e-01;3.094685e-01;1.976505e-01;1.587073e-02;2.254541e-02;7.030796e-02;3.289781e-02;9.228591e-02;3.452639e-02;1.826588e-02;1.372709e-02;5.900673e-02
1.106352e-01;3.357893e-01;2.450433e-01;1.631402e-02;1.603514e-02;4.835945e-02;3.801917e-02;7.781456e-02;3.949726e-02;1.209685e-02;7.319466e-03;5.307634e-02
1.007659e-01;3.171613e-01;1.912667e-01;1.409159e-02;9.551740e-03;6.368107e-02;7.268240e-02;7.785029e-02;4.459936e-02;2.153318e-02;1.601854e-02;7.079798e-02
1.050605e-01;2.154454e-01;1.339723e-01;2.578605e-02;1.676663e-02;8.040768e-02;9.228608e-02;9.619518e-02;8.494072e-02;3.343217e-02;3.107430e-02;8.463302e-02
8.807588e-02;2.595447e-01;2.151624e-01;3.500882e-02;1.845093e-02;5.871994e-02;5.718189e-02;7.053376e-02;9.477664e-02;2.908753e-02;3.689200e-02;3.656558e-02
8.871551e-02;2.390174e-01;1.900468e-01;2.661433e-02;2.213447e-02;8.684142e-02;9.615768e-02;7.838790e-02;7.826430e-02;2.398414e-02;2.981753e-02;4.001852e-02
7.770311e-02;2.452713e-01;1.828461e-01;2.888880e-02;3.749322e-02;6.688957e-02;8.786336e-02;9.284177e-02;5.757447e-02;6.029133e-02;1.750322e-02;4.483376e-02
6.962799e-02;1.897138e-01;1.768318e-01;4.610151e-02;4.992431e-02;8.593236e-02;5.176213e-02;1.218254e-01;6.026119e-02;8.416969e-02;2.212105e-02;4.172884e-02
8.295134e-02;1.328885e-01;1.413868e-01;9.366393e-02;4.612242e-02;8.820616e-02;8.088893e-02;1.119227e-01;5.097942e-02;7.496925e-02;3.792885e-02;5.809158e-02
1.059340e-01;1.362520e-01;1.225666e-01;1.534861e-01;3.973202e-02;7.520431e-02;6.627001e-02;9.195823e-02;4.028847e-02;5.482948e-02;3.856819e-02;7.491063e-02
8.375726e-02;1.901283e-01;1.655248e-01;1.500494e-01;5.052098e-02;8.265989e-02;4.017721e-02;8.799469e-02;3.433896e-02;3.521731e-02;2.009213e-02;5.953906e-02
7.364752e-02;2.498580e-01;2.257737e-01;5.934120e-02;3.666285e-02;7.377303e-02;4.432461e-02;1.003213e-01;4.463915e-02;3.711401e-02;1.454011e-02;4.000446e-02
1.272355e-01;2.422062e-01;1.883323e-01;3.483934e-02;3.307770e-02;5.452722e-02;6.257345e-02;1.170167e-01;3.898639e-02;2.622229e-02;1.037011e-02;6.461278e-02
1.722257e-01;1.868732e-01;1.165047e-01;3.228611e-02;2.760528e-02;3.376757e-02;1.129479e-01;1.368713e-01;2.959850e-02;2.058829e-02;1.552066e-02;1.152107e-01
1.457309e-01;1.223389e-01;5.034958e-02;5.493515e-02;1.591171e-02;4.842916e-02;1.758105e-01;1.174349e-01;3.306591e-02;2.293747e-02;2.973243e-02;1.833235e-01
9.221570e-02;2.009594e-01;4.949417e-02;7.098180e-02;2.184776e-02;4.972881e-02;1.538806e-01;9.115931e-02;4.158080e-02;3.626524e-02;3.216548e-02;1.597209e-01
1.009763e-01;2.607867e-01;1.326839e-01;6.247924e-02;2.185754e-02;6.332748e-02;1.106867e-01;6.901362e-02;3.307204e-02;3.051134e-02;1.985140e-02;9.475359e-02
1.024628e-01;2.744670e-01;1.505409e-01;6.492419e-02;1.617541e-02;5.126300e-02;1.047488e-01;6.286000e-02;4.330494e-02;2.637508e-02;1.090808e-02;9.196980e-02
9.690784e-02;2.675996e-01;1.021909e-01;6.834429e-02;1.509381e-02;3.461321e-02;1.424709e-01;8.956552e-02;5.181571e-02;2.960246e-02;1.251337e-02;8.928239e-02
1.013192e-01;1.871167e-01;5.617170e-02;4.591382e-02;2.537877e-02;5.131698e-02;1.541277e-01;1.259401e-01;6.885546e-02;4.252067e-02;3.845903e-02;1.028798e-01
1.042312e-01;7.426041e-02;4.311965e-02;2.189686e-02;3.092718e-02;1.096356e-01;1.759939e-01;1.341148e-01;9.453523e-02;3.895014e-02;6.336298e-02;1.089719e-01
9.553350e-02;7.883872e-02;6.609692e-02;3.603460e-02;2.273944e-02;1.473567e-01;1.217742e-01;1.377507e-01;1.175032e-01;3.815709e-02;8.391654e-02;5.429833e-02
5.801821e-02;1.236129e-01;9.039766e-02;3.285304e-02;2.278364e-02;1.374002e-01;5.130245e-02;1.441484e-01;1.367247e-01;4.433640e-02;8.485677e-02;7.356563e-02
4.928315e-02;1.044170e-01;5.860011e-02;4.882567e-02;7.420655e-02;1.270733e-01;7.215684e-02;1.472833e-01;1.292559e-01;5.189590e-02;6.875914e-02;6.824307e-02
3.420806e-02;6.221943e-02;4.469056e-02;6.676143e-02;1.473022e-01;1.075710e-01;5.764541e-02;1.286773e-01;1.854661e-01;7.653906e-02;4.215716e-02;4.676238e-02
3.896734e-02;4.135556e-02;5.726501e-02;6.436266e-02;1.914573e-01;1.321910e-01;4.649615e-02;9.172002e-02;2.056334e-01;8.044617e-02;2.080236e-02;2.930290e-02
4.644867e-02;6.855337e-02;7.371210e-02;9.039081e-02;1.392065e-01;1.116140e-01;7.399181e-02;1.152021e-01;1.860846e-01;5.315243e-02;1.418566e-02;2.745791e-02
4.419124e-02;8.314268e-02;6.524663e-02;1.281171e-01;9.054751e-02;8.220566e-02;9.481654e-02;1.284911e-01;1.965043e-01;4.190964e-02;1.824608e-02;2.658150e-02
5.073643e-02;6.159255e-02;6.372257e-02;1.443554e-01;7.812988e-02;5.015807e-02;1.045527e-01;1.341838e-01;2.114839e-01;3.318376e-02;3.865691e-02;2.924399e-02
4.861988e-02;4.723506e-02;3.591379e-02;1.673674e-01;8.437432e-02;3.226037e-02;8.550526e-02;1.326295e-01;2.218641e-01;3.501457e-02;7.648784e-02;3.272793e-02
3.877746e-02;4.270766e-02;6.576687e-02;1.837401e-01;7.538748e-02;2.774570e-02;4.429357e-02;1.505154e-01;2.186041e-01;4.217217e-02;8.617276e-02;2.411680e-02
4.730088e-02;6.313025e-02;5.717245e-02;1.948510e-01;5.850991e-02;5.241312e-02;2.241747e-02;1.705535e-01;2.186179e-01;3.761013e-02;6.613199e-02;1.129143e-02
5.170192e-02;8.144196e-02;9.231383e-02;1.908336e-01;5.049150e-02;6.104764e-02;2.597857e-02;1.693999e-01;2.034575e-01;2.033639e-02;4.014010e-02;1.285705e-02
5.895676e-02;5.666763e-02;6.309689e-02;2.145847e-01;4.460498e-02;5.313203e-02;3.108554e-02;1.895274e-01;2.181690e-01;1.789158e-02;2.905671e-02;2.322682e-02
6.146366e-02;5.907349e-02;9.094177e-02;2.159747e-01;7.302266e-02;2.535006e-02;3.423954e-02;1.521960e-01;2.060030e-01;3.641749e-02;1.374761e-02;3.157013e-02
6.350802e-02;7.276784e-02;5.841216e-02;2.022571e-01;1.204961e-01;3.641147e-02;5.098928e-02;1.004756e-01;1.962304e-01;5.050269e-02;1.441600e-02;3.353336e-02
6.391270e-02;7.898980e-02;5.919058e-02;1.730131e-01;1.425979e-01;5.081560e-02;3.364624e-02;1.070789e-01;1.953448e-01;5.416684e-02;2.307393e-02;1.816969e-02
7.040706e-02;1.163376e-01;5.250112e-02;1.264232e-01;1.477350e-01;6.732754e-02;2.614840e-02;1.116249e-01;1.901422e-01;4.678590e-02;1.970652e-02;2.486057e-02
5.016922e-02;1.508542e-01;6.735237e-02;4.530768e-02;1.395197e-01;9.032810e-02;3.187648e-02;1.122089e-01;1.938205e-01;7.236370e-02;1.802979e-02;2.816936e-02
3.451759e-02;1.233918e-01;5.045537e-02;8.220794e-02;1.363185e-01;7.101540e-02;3.099513e-02;1.083523e-01;2.129754e-01;9.131964e-02;3.900115e-02;1.944965e-02
3.341482e-02;1.182360e-01;1.050258e-01;1.203280e-01;1.050566e-01;4.885637e-02;2.821775e-02;1.139165e-01;1.964021e-01;7.276809e-02;4.011440e-02;1.766371e-02
2.762249e-02;1.157223e-01;9.011756e-02;1.446711e-01;8.849845e-02;5.143892e-02;4.804866e-02;1.205762e-01;2.007456e-01;4.969271e-02;4.173942e-02;2.112658e-02
4.646992e-02;1.037949e-01;7.423710e-02;1.468816e-01;8.799091e-02;5.910904e-02;5.943936e-02;1.168966e-01;1.923925e-01;4.289257e-02;4.485558e-02;2.503992e-02
