9.123974e-02;3.743001e-02;1.451966e-01;2.589045e-02;6.094267e-02;1.592034e-01;1.377313e-01;2.755006e-02;3.446732e-02;7.269853e-02;1.579520e-01;4.969798e-02
4.611473e-02;4.994833e-02;1.594609e-01;2.554982e-02;6.270098e-02;1.638767e-01;1.008769e-01;4.249777e-02;4.784492e-02;8.866161e-02;1.622839e-01;5.018345e-02
4.459220e-02;3.353632e-02;1.897519e-01;3.879341e-02;5.188068e-02;1.839518e-01;6.191190e-02;3.278416e-02;4.847101e-02;9.123174e-02;1.741858e-01;4.890905e-02
8.526134e-02;3.226246e-02;1.464599e-01;4.127302e-02;4.648590e-02;1.589521e-01;1.172852e-01;2.928408e-02;5.264667e-02;9.069869e-02;1.351262e-01;6.426433e-02
2.253162e-01;7.602488e-02;9.919752e-02;3.427604e-02;2.756065e-02;7.688113e-02;1.339743e-01;5.294206e-02;3.390647e-02;8.478696e-02;7.635693e-02;7.877693e-02
3.510566e-01;1.340354e-01;9.122905e-02;2.050987e-02;3.356720e-02;2.570036e-02;7.469386e-02;7.222784e-02;2.818901e-02;7.384532e-02;3.923249e-02;5.571302e-02
4.184076e-01;1.627349e-01;1.014972e-01;9.430560e-03;4.895969e-02;5.693693e-03;2.152229e-02;9.317061e-02;2.849251e-02;3.979803e-02;2.946719e-02;4.082572e-02
4.648847e-01;1.465590e-01;7.397687e-02;7.596802e-03;6.388571e-02;9.812635e-03;1.963268e-02;1.234614e-01;1.957099e-02;1.390339e-02;1.963986e-02;3.707603e-02
4.852096e-01;9.639221e-02;4.501883e-02;9.900063e-03;7.915676e-02;1.222420e-02;3.211607e-02;1.538915e-01;1.315719e-02;1.256143e-02;1.604360e-02;4.432848e-02
4.551133e-01;6.820612e-02;4.938345e-02;1.080831e-02;9.767813e-02;1.354933e-02;4.650369e-02;1.590551e-01;1.835680e-02;1.977064e-02;1.134643e-02;5.022875e-02
4.079214e-01;9.248211e-02;7.834619e-02;1.001263e-02;1.151400e-01;1.165641e-02;4.083855e-02;1.436673e-01;2.048717e-02;2.053695e-02;1.227479e-02;4.663650e-02
3.623900e-01;9.769893e-02;1.168596e-01;1.513969e-02;1.033621e-01;1.226056e-02;3.447883e-02;1.204954e-01;4.462307e-02;1.945539e-02;2.390038e-02;4.933608e-02
3.665390e-01;7.997890e-02;1.110570e-01;1.949464e-02;5.195563e-02;1.349595e-02;4.661316e-02;1.559230e-01;5.130696e-02;3.139628e-02;3.226105e-02;3.997840e-02
3.436752e-01;1.040804e-01;6.478480e-02;1.690508e-02;5.050077e-02;1.594669e-02;5.892074e-02;2.368542e-01;2.331496e-02;3.560348e-02;1.989880e-02;2.951493e-02
3.070893e-01;1.163893e-01;3.611817e-02;1.222650e-02;5.800147e-02;1.427396e-02;6.192910e-02;2.960128e-01;2.170899e-02;2.984140e-02;2.608363e-02;2.032533e-02
3.176423e-01;1.293787e-01;6.821657e-02;1.053911e-02;3.452791e-02;1.879267e-02;4.134752e-02;2.787953e-01;2.536753e-02;3.617357e-02;2.115891e-02;1.805993e-02
3.697514e-01;1.232510e-01;5.874566e-02;9.268008e-03;4.515361e-02;2.330827e-02;2.359070e-02;2.229384e-01;3.072923e-02;4.140997e-02;2.758042e-02;2.427328e-02
4.123377e-01;1.019225e-01;4.458934e-02;1.441388e-02;6.609181e-02;2.138836e-02;3.789231e-02;1.821212e-01;2.377993e-02;3.115548e-02;2.412231e-02;4.018519e-02
3.692448e-01;9.483600e-02;5.673060e-02;2.685568e-02;9.242836e-02;2.336488e-02;2.421514e-02;1.648443e-01;3.218524e-02;3.779411e-02;2.907815e-02;4.842275e-02
2.643983e-01;7.649530e-02;6.816277e-02;6.233958e-02;9.932335e-02;3.649331e-02;5.342503e-02;1.441861e-01;3.821911e-02;7.242566e-02;2.764609e-02;5.688537e-02
2.359700e-01;4.378024e-02;6.613120e-02;7.923604e-02;8.949643e-02;3.700386e-02;6.346013e-02;1.383592e-01;6.380805e-02;8.663036e-02;2.550488e-02;7.061968e-02
2.674623e-01;7.025199e-02;6.410452e-02;6.870213e-02;8.415248e-02;2.251548e-02;6.843394e-02;1.126117e-01;7.614994e-02;6.834632e-02;3.873017e-02;5.853897e-02
1.338007e-01;6.012363e-02;1.871611e-01;6.002535e-02;8.751608e-02;6.622726e-02;1.606271e-01;7.071519e-02;4.754427e-02;6.209848e-02;3.979459e-02;2.436629e-02
4.823011e-02;7.370533e-02;2.773976e-01;7.444885e-02;7.947560e-02;7.190134e-02;1.483033e-01;4.764954e-02;2.598747e-02;1.018983e-01;3.477976e-02;1.622284e-02
2.226155e-02;6.458950e-02;3.609342e-01;6.417476e-02;6.074221e-02;5.593458e-02;1.185995e-01;3.277319e-02;4.277959e-02;1.402268e-01;2.660455e-02;1.037951e-02
2.480432e-02;8.309914e-02;4.098729e-01;3.764898e-02;3.693616e-02;3.122649e-02;7.093160e-02;3.960546e-02;7.660034e-02;1.694568e-01;1.155902e-02;8.258779e-03
2.900991e-02;1.080781e-01;4.083351e-01;2.521250e-02;1.832531e-02;2.057206e-02;2.801563e-02;6.288759e-02;1.152093e-01;1.650986e-01;6.804353e-03;1.245157e-02
1.283237e-02;1.018069e-01;4.390219e-01;1.778025e-02;1.550190e-02;1.309752e-02;2.863436e-02;6.411765e-02;1.186274e-01;1.672301e-01;4.955781e-03;1.639388e-02
2.091712e-02;1.059547e-01;4.345808e-01;2.042237e-02;2.503155e-02;1.311872e-02;3.595931e-02;4.937061e-02;1.039062e-01;1.717442e-01;4.749259e-03;1.424526e-02
3.527077e-02;1.224444e-01;4.393102e-01;3.106156e-02;2.843599e-02;1.152785e-02;3.974211e-02;3.217991e-02;8.763859e-02;1.466648e-01;9.527586e-03;1.619623e-02
6.704876e-02;1.297253e-01;4.503461e-01;2.973755e-02;3.105515e-02;2.085909e-02;4.335494e-02;2.798618e-02;4.988085e-02;1.224342e-01;7.979174e-03;1.959262e-02
5.573192e-02;9.592649e-02;4.655375e-01;3.750016e-02;4.748745e-02;3.511895e-02;4.004027e-02;3.302563e-02;4.581482e-02;1.024936e-01;1.577078e-02;2.555239e-02
5.379407e-02;4.592827e-02;3.362925e-01;6.331138e-02;8.883330e-02;5.628833e-02;5.694163e-02;3.720747e-02;1.025043e-01;8.234859e-02;4.359956e-02;3.295055e-02
5.702283e-02;9.460758e-02;2.604354e-01;7.166450e-02;6.173243e-02;5.751925e-02;5.396365e-02;2.540972e-02;1.525581e-01;1.038836e-01;3.671671e-02;2.448615e-02
5.168747e-02;1.804373e-01;1.957766e-01;7.455909e-02;3.366251e-02;5.031450e-02;2.842452e-02;1.943797e-02;2.447941e-01;9.392288e-02;1.503967e-02;1.194332e-02
5.962719e-02;2.404231e-01;1.373673e-01;7.277224e-02;1.707130e-02;3.662724e-02;1.600007e-02;1.102929e-02;3.023169e-01;8.819032e-02;9.133734e-03;9.441361e-03
1.007824e-01;2.290705e-01;1.073119e-01;5.549760e-02;2.894636e-02;2.674758e-02;2.129730e-02;3.458723e-02;2.713763e-01;9.357113e-02;2.005348e-02;1.075834e-02
1.972558e-01;1.662012e-01;8.552393e-02;3.535823e-02;7.557587e-02;2.280478e-02;2.738596e-02;6.669736e-02;1.901194e-01;8.384959e-02;3.648807e-02;1.273986e-02
3.154369e-01;9.975912e-02;8.493352e-02;2.024148e-02;1.320820e-01;1.668818e-02;2.103432e-02;1.050702e-01;9.753818e-02;4.439711e-02;4.490065e-02;1.791838e-02
3.617783e-01;5.437014e-02;9.905401e-02;1.630385e-02;1.551419e-01;1.739340e-02;1.873410e-02;1.250642e-01;7.327960e-02;1.561341e-02;4.223516e-02;2.103190e-02
3.665818e-01;3.637983e-02;1.141530e-01;1.778585e-02;1.643209e-01;1.397175e-02;1.422037e-02;1.359281e-01;6.112376e-02;1.119576e-02;4.723438e-02;1.710442e-02
3.531908e-01;4.061907e-02;1.022196e-01;1.745137e-02;1.716329e-01;5.591279e-03;1.737735e-02;1.370561e-01;4.660522e-02;1.151981e-02;8.294781e-02;1.378865e-02
3.117928e-01;5.936260e-02;5.749181e-02;2.412274e-02;1.588689e-01;6.504751e-03;2.057178e-02;1.196100e-01;6.693572e-02;2.804419e-02;1.301743e-01;1.652041e-02
2.544130e-01;1.035630e-01;5.474238e-02;3.193757e-02;1.236539e-01;1.163197e-02;2.480078e-02;9.537323e-02;8.247093e-02;5.409572e-02;1.402456e-01;2.307195e-02
2.367174e-01;1.722883e-01;4.785279e-02;3.479379e-02;8.824060e-02;2.120042e-02;2.189423e-02;6.294090e-02;1.230147e-01;6.716663e-02;1.105415e-01;1.334874e-02
1.657423e-01;2.808915e-01;5.082050e-02;4.040755e-02;5.004773e-02;4.641960e-02;1.502113e-02;2.582515e-02;1.869023e-01;6.736819e-02;5.822078e-02;1.233321e-02
8.066549e-02;3.444098e-01;7.904937e-02;4.285796e-02;2.096344e-02;7.042676e-02;1.327676e-02;1.843111e-02;2.445498e-01;4.508241e-02;1.948753e-02;2.079955e-02
6.317534e-02;2.907929e-01;1.159971e-01;4.193716e-02;3.649500e-02;6.073580e-02;1.270285e-02;2.565362e-02;2.691638e-01;3.690952e-02;2.148191e-02;2.495507e-02
6.270681e-02;1.663559e-01;2.280302e-01;2.869873e-02;5.059745e-02;2.437032e-02;1.739943e-02;3.006728e-02;2.509142e-01;1.053317e-01;1.695282e-02;1.857506e-02
5.663621e-02;5.813976e-02;3.022473e-01;2.207417e-02;4.976282e-02;2.425236e-02;2.431321e-02;3.061845e-02;2.039473e-01;1.936179e-01;2.451799e-02;9.872513e-03
5.463970e-02;3.266768e-02;2.937238e-01;3.440741e-02;4.508388e-02;1.964003e-02;2.701062e-02;3.866428e-02;1.786679e-01;2.223520e-01;4.326718e-02;9.875603e-03
7.695564e-02;4.481711e-02;2.487338e-01;5.206665e-02;4.785172e-02;2.166830e-02;3.971646e-02;3.664911e-02;1.588995e-01;1.824825e-01;7.204722e-02;1.811198e-02
8.993329e-02;9.150477e-02;2.118907e-01;3.932610e-02;5.889258e-02;2.984016e-02;5.421075e-02;2.452562e-02;1.850002e-01;1.138981e-01;7.581573e-02;2.516202e-02
6.320915e-02;1.283919e-01;2.427847e-01;4.877721e-02;6.336376e-02;2.913811e-02;4.396473e-02;2.832100e-02;1.775960e-01;8.959239e-02;4.213745e-02;4.272352e-02
5.133469e-02;8.727705e-02;3.529696e-01;7.690405e-02;6.858179e-02;2.793099e-02;3.469679e-02;2.490906e-02;1.420448e-01;5.901118e-02;3.571764e-02;3.862239e-02
4.069200e-02;5.122083e-02;3.472313e-01;1.064105e-01;1.027866e-01;4.014993e-02;3.955916e-02;2.868797e-02;1.078818e-01;7.476360e-02;3.930952e-02;2.130690e-02
3.745987e-02;7.836751e-02;2.386834e-01;1.190684e-01;1.451947e-01;5.058009e-02;3.903575e-02;3.505872e-02;7.862428e-02;1.107914e-01;3.660125e-02;3.053458e-02
6.659579e-02;6.746297e-02;2.226518e-01;1.265310e-01;1.787782e-01;4.606695e-02;2.140158e-02;3.589848e-02;6.982589e-02;8.807220e-02;4.101812e-02;3.569708e-02
6.675036e-02;7.837956e-02;2.791365e-01;1.121260e-01;1.748182e-01;4.721821e-02;2.629238e-02;3.099047e-02;4.163086e-02;8.079396e-02;2.428190e-02;3.758162e-02
5.451610e-02;7.895605e-02;2.511651e-01;1.021638e-01;2.195146e-01;5.538420e-02;2.082076e-02;2.956470e-02;2.314959e-02;7.585550e-02;3.989398e-02;4.901557e-02
4.379231e-02;9.897674e-02;2.065612e-01;1.186088e-01;2.179406e-01;6.598401e-02;3.874128e-02;2.580753e-02;3.054208e-02;6.135825e-02;3.661288e-02;5.507435e-02
3.953737e-02;9.508417e-02;2.680057e-01;1.391180e-01;1.780782e-01;5.560784e-02;3.586872e-02;2.055127e-02;2.014731e-02;6.496222e-02;3.423257e-02;4.880666e-02
4.141289e-02;6.158999e-02;3.496576e-01;1.506962e-01;1.503996e-01;4.624204e-02;2.206180e-02;2.356869e-02;1.868493e-02;6.341448e-02;4.184991e-02;3.042178e-02
4.534420e-02;4.928879e-02;4.283124e-01;1.237485e-01;1.294471e-01;3.793048e-02;1.810939e-02;2.518670e-02;1.693391e-02;5.721536e-02;5.169689e-02;1.678625e-02
4.672814e-02;4.099810e-02;4.543013e-01;7.420294e-02;1.332321e-01;4.347511e-02;3.401021e-02;2.628735e-02;3.263546e-02;5.787244e-02;3.843040e-02;1.782643e-02
4.181268e-02;6.769805e-02;3.993357e-01;2.796794e-02;1.372551e-01;5.855659e-02;6.698199e-02;2.579141e-02;5.049427e-02;5.148548e-02;5.151653e-02;2.110435e-02
3.752211e-02;1.184329e-01;4.332742e-01;5.675876e-02;9.558225e-02;4.169948e-02;5.521579e-02;2.720916e-02;2.985313e-02;4.552446e-02;3.654623e-02;2.238153e-02
6.803178e-02;1.427391e-01;3.810387e-01;7.912184e-02;7.528344e-02;4.324518e-02;4.621716e-02;2.486243e-02;5.169388e-02;3.351546e-02;2.181214e-02;3.243895e-02
1.058140e-01;1.538127e-01;2.628760e-01;7.609982e-02;7.813291e-02;5.922284e-02;6.207588e-02;3.048754e-02;7.904685e-02;4.031967e-02;1.534650e-02;3.676539e-02
8.003433e-02;9.014754e-02;3.924900e-01;6.921834e-02;7.560164e-02;4.578221e-02;5.202650e-02;2.936168e-02;6.284875e-02;5.298783e-02;2.725673e-02;2.224439e-02
4.723483e-02;8.698951e-02;3.743584e-01;7.002193e-02;9.277084e-02;3.661174e-02;7.858409e-02;3.154215e-02;7.225250e-02;6.564856e-02;2.145623e-02;2.252919e-02
2.832637e-02;7.006093e-02;3.854369e-01;6.575862e-02;9.831221e-02;3.375669e-02;8.915642e-02;3.187924e-02;9.358849e-02;7.252951e-02;1.757765e-02;1.361696e-02
2.266767e-02;5.933331e-02;4.063113e-01;7.318722e-02;1.196787e-01;4.757743e-02;7.167426e-02;2.754678e-02;6.680420e-02;5.302442e-02;3.221983e-02;1.997483e-02
2.498700e-02;2.911699e-02;2.996285e-01;1.177928e-01;2.032980e-01;7.549700e-02;4.902029e-02;1.659536e-02;4.123953e-02;3.980211e-02;5.581551e-02;4.720685e-02
2.248264e-02;1.984273e-02;1.566534e-01;1.283411e-01;2.894447e-01;1.002273e-01;8.071999e-02;1.213041e-02;2.941664e-02;4.312436e-02;4.877587e-02;6.884088e-02
1.643905e-02;3.445452e-02;1.401662e-01;1.614675e-01;3.073901e-01;8.291114e-02;5.782852e-02;1.150417e-02;2.522957e-02;5.815629e-02;4.489717e-02;5.955572e-02
1.758799e-02;4.271981e-02;1.858558e-01;2.173701e-01;2.607168e-01;5.295251e-02;1.683233e-02;1.603478e-02;1.433029e-02;6.237373e-02;6.764565e-02;4.558020e-02
1.526889e-02;4.264734e-02;2.250448e-01;2.613526e-01;1.908359e-01;3.719124e-02;1.167281e-02;3.002754e-02;9.987161e-03;4.540865e-02;9.832816e-02;3.223496e-02
1.007034e-02;3.921442e-02;2.795961e-01;2.695611e-01;1.521089e-01;3.482722e-02;1.068971e-02;3.328667e-02;9.115945e-03;3.208968e-02;1.103731e-01;1.906692e-02
1.199852e-02;3.210704e-02;3.524401e-01;2.072541e-01;1.379256e-01;3.898804e-02;4.007630e-02;2.447602e-02;1.763367e-02;3.398563e-02;8.783180e-02;1.528312e-02
2.293071e-02;2.850792e-02;3.993329e-01;1.294586e-01;1.372089e-01;3.363883e-02;4.675549e-02;1.899430e-02;3.075681e-02;4.987653e-02;7.672683e-02;2.581224e-02
2.586812e-02;7.613453e-02;3.985445e-01;5.510035e-02;1.456061e-01;3.789388e-02;3.118564e-02;1.773650e-02;3.386060e-02;5.243467e-02;9.382392e-02;3.181118e-02
1.514064e-02;8.290353e-02;4.600999e-01;1.206810e-01;1.033907e-01;3.076552e-02;1.909154e-02;2.107687e-02;3.128988e-02;2.744845e-02;6.713655e-02;2.097541e-02
8.671963e-03;8.597974e-02;4.464579e-01;1.363709e-01;1.073244e-01;3.161237e-02;2.319898e-02;3.273852e-02;3.930638e-02;1.938605e-02;4.668670e-02;2.226605e-02
3.125998e-02;7.612500e-02;4.733489e-01;8.964890e-02;9.266632e-02;3.358528e-02;3.620459e-02;2.495168e-02;3.779189e-02;6.625227e-02;2.122814e-02;1.693707e-02
3.398313e-02;3.878204e-02;4.434767e-01;7.724390e-02;8.938867e-02;2.984531e-02;3.153921e-02;1.587187e-02;3.416760e-02;9.439564e-02;9.411418e-02;1.719179e-02
2.151852e-02;1.324612e-02;2.999974e-01;1.774312e-01;9.559923e-02;4.107676e-02;3.778406e-02;1.430023e-02;3.383953e-02;6.622432e-02;1.850904e-01;1.389229e-02
9.095429e-03;1.453429e-02;2.578381e-01;2.403591e-01;7.325967e-02;4.459218e-02;1.843795e-02;1.327036e-02;1.858889e-02;2.532911e-02;2.682478e-01;1.644712e-02
7.227999e-03;1.131784e-02;2.119701e-01;2.662898e-01;5.134575e-02;4.304538e-02;1.847704e-02;1.993570e-02;1.141745e-02;2.523931e-02;3.231569e-01;1.057682e-02
6.739743e-03;1.219615e-02;2.148562e-01;2.569550e-01;5.662528e-02;3.563369e-02;9.070001e-03;2.572646e-02;8.571553e-03;3.417042e-02;3.302678e-01;9.187750e-03
6.588483e-03;8.852131e-03;2.683267e-01;2.324194e-01;4.951673e-02;3.131641e-02;1.056138e-02;2.142030e-02;2.904061e-03;3.963204e-02;3.212349e-01;7.227486e-03
6.026617e-03;1.234685e-02;3.022437e-01;2.166729e-01;3.433780e-02;3.056310e-02;8.254709e-03;1.422853e-02;3.737499e-03;3.913420e-02;3.272341e-01;5.220060e-03
7.342236e-03;1.148113e-02;3.177764e-01;2.082002e-01;3.033706e-02;2.882851e-02;1.341218e-02;1.036715e-02;3.912450e-03;4.872300e-02;3.076839e-01;1.193582e-02
8.926250e-03;2.344009e-02;3.592520e-01;2.014942e-01;3.619740e-02;2.654244e-02;1.998404e-02;1.084279e-02;7.186488e-03;3.803132e-02;2.551690e-01;1.293407e-02
1.905364e-02;1.926584e-02;4.391800e-01;1.581308e-01;4.684532e-02;3.577669e-02;3.166424e-02;2.728586e-02;1.024558e-02;1.821222e-02;1.871847e-01;7.155158e-03
1.858362e-02;1.850848e-02;5.121987e-01;9.330786e-02;4.692966e-02;3.459391e-02;5.311322e-02;3.091946e-02;2.461501e-02;4.854428e-02;1.106682e-01;8.017574e-03
2.743234e-02;6.512386e-02;5.303537e-01;6.148498e-02;4.122072e-02;2.884295e-02;5.525421e-02;2.462665e-02;2.693591e-02;5.360317e-02;7.855122e-02;6.570329e-03
4.357095e-02;1.196311e-01;4.670639e-01;6.633259e-02;3.947340e-02;3.003255e-02;3.834639e-02;2.609708e-02;2.814146e-02;3.007364e-02;1.043210e-01;6.915969e-03
6.337062e-02;1.377429e-01;3.184121e-01;7.071339e-02;4.662742e-02;3.443054e-02;6.330813e-02;4.625390e-02;3.885495e-02;3.361931e-02;1.315927e-01;1.507409e-02
5.329582e-02;7.998772e-02;3.765000e-01;7.178336e-02;4.740917e-02;4.176784e-02;8.345050e-02;6.439381e-02;3.742451e-02;3.579926e-02;9.894293e-02;9.245116e-03
4.409110e-02;2.350236e-02;4.382685e-01;6.663631e-02;4.839006e-02;4.732067e-02;9.148114e-02;8.200232e-02;3.978777e-02;3.179524e-02;6.927979e-02;1.744477e-02
5.081436e-02;6.621350e-02;3.479168e-01;7.984661e-02;5.267112e-02;4.278827e-02;1.003054e-01;8.820615e-02;5.104257e-02;2.860894e-02;7.449576e-02;1.709053e-02
5.599665e-02;8.329044e-02;2.701767e-01;1.105419e-01;5.170650e-02;4.140342e-02;8.604144e-02;7.260189e-02;5.511239e-02;3.970813e-02;1.132125e-01;2.020799e-02
5.822758e-02;6.584018e-02;2.696843e-01;1.129988e-01;4.242513e-02;3.944642e-02;8.341379e-02;6.108245e-02;4.850196e-02;5.232817e-02;1.374972e-01;2.855402e-02
5.861665e-02;6.082392e-02;2.975316e-01;8.455995e-02;5.703234e-02;3.978494e-02;9.919722e-02;6.817953e-02;3.751055e-02;5.566629e-02;1.162197e-01;2.487733e-02
5.504538e-02;3.350707e-02;2.254826e-01;8.073648e-02;8.349949e-02;8.515535e-02;1.797966e-01;6.256653e-02;2.595868e-02;4.561438e-02;1.073324e-01;1.530496e-02
4.913380e-02;4.342614e-02;1.144652e-01;5.055552e-02;9.798705e-02;1.313776e-01;3.141910e-01;5.027772e-02;3.491521e-02;2.017020e-02;6.637837e-02;2.712218e-02
4.457158e-02;5.513360e-02;1.260437e-01;5.926649e-02;1.386157e-01;1.081838e-01;2.639281e-01;4.628454e-02;4.065350e-02;2.294260e-02;4.665354e-02;4.772288e-02
2.864531e-02;4.833226e-02;1.251191e-01;7.915683e-02;2.267426e-01;9.012612e-02;1.649535e-01;4.362638e-02;5.410089e-02;2.476424e-02;4.556343e-02;6.886933e-02
1.782689e-02;3.319424e-02;1.082857e-01;1.040432e-01;3.680572e-01;6.567785e-02;8.997371e-02;2.667915e-02;5.958336e-02;1.146635e-02;3.291770e-02;8.229468e-02
1.491395e-02;1.708374e-02;1.211378e-01;8.598725e-02;4.307174e-01;7.591099e-02;9.010603e-02;9.728923e-03;5.391742e-02;7.756295e-03;1.964039e-02;7.309990e-02
2.091588e-02;1.485115e-02;1.092863e-01;3.407775e-02;3.999394e-01;1.226764e-01;1.307360e-01;2.271359e-02;4.779049e-02;1.218245e-02;2.023756e-02;6.459295e-02
2.643901e-02;1.522229e-02;8.367300e-02;2.065096e-02;3.543164e-01;1.561633e-01;1.570794e-01;3.223963e-02;5.760034e-02;1.477848e-02;2.602062e-02;5.581651e-02
1.793068e-02;1.770063e-02;7.746984e-02;4.217672e-02;3.760383e-01;1.706693e-01;1.176904e-01;3.164928e-02;6.795333e-02;1.726334e-02;3.108505e-02;3.237312e-02
1.544655e-02;1.917998e-02;7.440160e-02;5.309088e-02;3.359393e-01;1.646332e-01;1.920870e-01;1.826061e-02;5.112384e-02;2.112273e-02;3.522446e-02;1.948992e-02
1.669110e-02;2.353603e-02;1.141849e-01;7.408701e-02;2.673682e-01;1.521889e-01;2.076221e-01;2.613965e-02;2.973350e-02;1.591054e-02;2.730994e-02;4.522808e-02
2.053819e-02;2.879292e-02;1.698327e-01;7.103921e-02;1.867970e-01;1.293554e-01;2.220413e-01;3.236716e-02;4.079486e-02;2.788289e-02;1.697346e-02;5.358489e-02
2.123745e-02;2.046004e-02;1.634435e-01;6.910469e-02;1.610572e-01;1.148312e-01;2.777218e-01;2.882216e-02;5.182924e-02;3.021978e-02;3.061580e-02;3.065719e-02
4.534483e-02;1.625588e-02;1.402346e-01;6.871837e-02;2.253536e-01;8.631860e-02;2.329566e-01;3.522820e-02;5.032287e-02;3.740655e-02;2.873569e-02;3.312425e-02
6.166469e-02;2.022456e-02;1.234263e-01;6.341243e-02;2.735282e-01;8.472687e-02;1.643766e-01;4.896858e-02;4.835832e-02;3.347035e-02;2.092961e-02;5.691350e-02
5.130249e-02;2.932139e-02;6.093935e-02;8.717274e-02;3.056940e-01;1.009592e-01;1.154519e-01;5.981866e-02;4.449463e-02;3.635322e-02;2.858963e-02;7.990282e-02
4.412232e-02;5.462798e-02;8.763680e-02;9.957749e-02;2.803130e-01;9.813171e-02;1.333358e-01;4.260874e-02;3.760521e-02;3.626822e-02;2.162103e-02;6.415183e-02
2.566407e-02;6.106417e-02;7.282799e-02;9.335399e-02;2.485107e-01;8.305579e-02;2.024086e-01;4.835182e-02;5.483960e-02;4.535102e-02;1.436611e-02;5.020612e-02
3.089476e-02;6.236876e-02;6.922410e-02;7.436327e-02;2.089240e-01;9.705152e-02;1.853292e-01;7.973225e-02;5.797378e-02;8.215567e-02;1.312702e-02;3.885562e-02
5.363287e-02;7.695685e-02;9.196416e-02;5.195699e-02;1.337793e-01;9.141444e-02;1.812405e-01;1.115721e-01;5.212216e-02;9.727401e-02;2.446491e-02;3.362173e-02
5.127833e-02;8.371711e-02;8.126682e-02;5.050123e-02;1.281278e-01;1.144879e-01;1.460037e-01;1.109503e-01;8.297819e-02;8.828319e-02;3.388506e-02;2.852033e-02
6.534498e-02;7.474323e-02;9.745347e-02;5.963930e-02;1.405237e-01;1.064030e-01;9.353399e-02;9.457982e-02;8.192548e-02;1.041296e-01;4.083233e-02;4.089103e-02
6.362137e-02;6.297105e-02;1.002709e-01;5.576790e-02;1.195504e-01;9.404709e-02;1.398477e-01;9.075064e-02;8.142045e-02;1.154561e-01;2.892866e-02;4.736768e-02
5.987520e-02;9.982732e-02;9.890921e-02;6.344731e-02;1.327175e-01;9.566188e-02;1.320235e-01;8.538548e-02;7.998992e-02;9.104578e-02;2.060514e-02;4.051169e-02
7.573283e-02;9.825785e-02;1.218959e-01;8.102583e-02;1.357427e-01;7.456478e-02;1.326458e-01;8.616242e-02;8.371544e-02;7.005706e-02;1.499071e-02;2.520866e-02
6.368952e-02;8.727836e-02;1.359513e-01;3.815427e-02;1.387637e-01;6.905807e-02;1.202352e-01;6.744061e-02;1.125687e-01;8.586495e-02;2.539408e-02;5.560121e-02
5.352084e-02;5.368787e-02;1.978918e-01;6.007056e-02;1.027820e-01;6.946232e-02;1.635979e-01;6.485496e-02;7.771463e-02;7.085598e-02;2.813992e-02;5.742130e-02
9.154496e-02;7.586270e-02;2.721763e-01;8.316828e-02;7.664394e-02;4.908466e-02;1.254905e-01;5.835413e-02;5.279287e-02;4.980452e-02;2.694258e-02;3.813459e-02
9.798383e-02;8.223339e-02;2.414586e-01;7.869563e-02;8.121091e-02;5.273856e-02;1.558335e-01;4.629819e-02;5.425932e-02;4.302423e-02;4.138939e-02;2.487450e-02
8.951038e-02;6.208424e-02;1.928561e-01;8.077723e-02;7.361379e-02;8.173764e-02;1.887493e-01;3.639067e-02;5.361053e-02;4.030913e-02;6.419133e-02;3.616969e-02
5.051006e-02;2.800710e-02;1.304519e-01;7.321335e-02;8.207253e-02;1.703946e-01;1.965561e-01;2.597586e-02;3.915590e-02;5.286715e-02;1.167981e-01;3.399733e-02
1.801485e-02;3.323100e-02;1.035686e-01;5.003306e-02;1.045171e-01;2.443215e-01;1.088045e-01;3.786231e-02;3.284677e-02;8.691301e-02;1.627616e-01;1.712567e-02
9.956411e-03;5.778537e-02;5.771799e-02;4.886635e-02;1.513281e-01;2.105448e-01;4.394338e-02;5.617406e-02;6.397579e-02;1.331631e-01;1.529727e-01;1.357208e-02
3.376691e-02;6.979965e-02;5.401798e-02;2.168081e-02;1.993285e-01;1.544025e-01;4.645171e-02;5.768762e-02;7.501435e-02;1.481881e-01;1.199195e-01;1.974234e-02
2.168683e-02;7.119973e-02;5.562126e-02;5.187678e-02;2.267026e-01;1.140530e-01;5.549979e-02;5.865888e-02;7.517623e-02;1.642936e-01;8.882230e-02;1.640898e-02
2.348928e-02;7.158555e-02;8.171432e-02;6.285535e-02;2.364366e-01;7.482406e-02;3.291393e-02;3.658966e-02;1.081604e-01;1.833590e-01;7.513324e-02;1.293858e-02
3.546520e-02;6.615818e-02;9.691505e-02;7.932312e-02;2.007129e-01;4.441905e-02;5.074390e-02;3.316681e-02;1.318921e-01;1.828080e-01;6.525587e-02;1.313985e-02
5.215248e-02;6.436245e-02;7.856105e-02;6.089127e-02;1.294008e-01;5.411006e-02;1.833235e-01;4.069940e-02;1.273449e-01;1.475852e-01;4.576473e-02;1.580420e-02
7.640336e-02;5.007235e-02;1.538649e-01;2.648102e-02;7.913266e-02;4.700534e-02;2.552072e-01;3.932218e-02;8.949472e-02;1.153159e-01;4.490703e-02;2.279340e-02
6.756718e-02;3.274234e-02;1.490548e-01;2.967065e-02;7.060675e-02;4.481365e-02;2.887633e-01;3.585043e-02;6.143793e-02;1.234810e-01;5.596416e-02;4.004775e-02
3.533785e-02;3.460748e-02;1.365011e-01;4.391519e-02;7.888995e-02;6.534222e-02;2.250991e-01;5.972231e-02;4.987056e-02;1.417566e-01;6.968866e-02;5.926904e-02
4.069007e-02;4.459436e-02;1.396879e-01;4.736848e-02;8.655388e-02;4.806679e-02;1.764344e-01;6.553400e-02;6.232390e-02;1.576815e-01;7.817137e-02;5.289334e-02
5.440175e-02;5.048217e-02;1.073481e-01;3.038657e-02;7.708757e-02;5.124562e-02;2.097623e-01;5.759539e-02;9.692068e-02;1.441496e-01;7.171873e-02;4.890152e-02
5.948418e-02;5.299015e-02;1.069362e-01;2.919758e-02;7.081844e-02;5.906189e-02;2.041383e-01;6.211304e-02;9.257681e-02;1.489366e-01;7.600299e-02;3.774373e-02
6.029437e-02;4.641778e-02;1.306388e-01;3.487849e-02;7.608597e-02;6.349339e-02;1.837035e-01;6.210558e-02;6.730656e-02;1.372381e-01;1.083204e-01;2.951707e-02
5.332272e-02;4.021956e-02;1.808365e-01;3.061450e-02;7.094620e-02;6.017959e-02;1.715729e-01;6.327830e-02;7.197154e-02;9.234241e-02;1.303329e-01;3.438288e-02
8.257880e-02;3.239297e-02;1.726019e-01;4.200195e-02;8.301882e-02;7.066733e-02;1.416409e-01;5.146306e-02;6.350461e-02;6.821751e-02;1.397761e-01;5.213599e-02
6.717479e-02;3.722549e-02;1.201939e-01;6.486166e-02;1.212164e-01;7.244489e-02;1.385928e-01;5.432208e-02;6.888165e-02;9.439796e-02;1.113217e-01;4.936673e-02
5.037496e-02;4.574987e-02;1.262762e-01;7.887315e-02;1.425767e-01;7.168718e-02;1.391143e-01;4.272060e-02;7.657900e-02;1.174225e-01;7.979450e-02;2.883104e-02
6.915339e-02;6.261625e-02;1.433845e-01;9.197247e-02;1.407403e-01;6.113099e-02;1.315024e-01;2.823284e-02;7.090134e-02;1.215639e-01;5.522574e-02;2.357585e-02
7.886326e-02;5.554877e-02;1.267869e-01;8.366585e-02;1.266226e-01;4.245203e-02;1.594280e-01;4.109887e-02;9.244833e-02;1.161149e-01;5.449924e-02;2.247123e-02
9.971958e-02;6.782322e-02;1.231333e-01;6.703848e-02;8.827993e-02;6.405749e-02;1.654063e-01;4.219799e-02;7.839036e-02;1.158852e-01;5.945519e-02;2.861281e-02
9.859607e-02;8.702171e-02;1.594981e-01;7.199703e-02;6.900957e-02;7.793848e-02;1.525322e-01;3.685766e-02;4.829589e-02;9.141978e-02;5.940451e-02;4.742891e-02
7.192019e-02;6.239513e-02;1.570303e-01;6.996729e-02;6.458170e-02;6.384815e-02;1.823194e-01;6.742793e-02;7.055242e-02;8.028352e-02;7.798672e-02;3.168714e-02
6.515109e-02;7.743856e-02;1.341821e-01;4.449080e-02;5.919290e-02;5.528246e-02;1.818916e-01;9.234671e-02;7.561595e-02;7.207061e-02;1.047009e-01;3.763627e-02
5.478960e-02;1.082751e-01;1.857080e-01;5.131743e-02;6.804174e-02;3.817378e-02;1.247171e-01;8.460727e-02;5.726924e-02;7.165101e-02;1.156201e-01;3.982957e-02
6.162658e-02;1.061638e-01;2.113467e-01;5.013736e-02;5.164903e-02;6.139925e-02;9.914985e-02;6.550302e-02;5.848801e-02;7.585584e-02;9.039900e-02;6.828151e-02
