4.943173e-02;8.019473e-02;7.236274e-02;5.832063e-02;5.421989e-02;9.179241e-02;1.300202e-01;5.590369e-02;6.427027e-02;9.124823e-02;1.179002e-01;1.343352e-01
4.556971e-02;7.901693e-02;5.503129e-02;7.280946e-02;4.548335e-02;7.658271e-02;1.826448e-01;5.783434e-02;4.222762e-02;1.049968e-01;8.637690e-02;1.514261e-01
3.932210e-02;8.403847e-02;5.134432e-02;7.694253e-02;2.514119e-02;1.143467e-01;2.201461e-01;7.703762e-02;2.920507e-02;9.523647e-02;5.186792e-02;1.353716e-01
4.633836e-02;8.603789e-02;5.561453e-02;6.561033e-02;1.934820e-02;1.347496e-01;1.887075e-01;1.064060e-01;6.567673e-02;6.523660e-02;4.090215e-02;1.253721e-01
7.634725e-02;9.575482e-02;4.312645e-02;5.895776e-02;3.505880e-02;1.409948e-01;1.147978e-01;1.392844e-01;1.065999e-01;5.189069e-02;4.451418e-02;9.267306e-02
7.673188e-02;1.362313e-01;7.176170e-02;4.449853e-02;4.658390e-02;9.667573e-02;2.395484e-02;1.252351e-01;7.309087e-02;8.706325e-02;8.810017e-02;1.300728e-01
7.075095e-02;1.193794e-01;7.420353e-02;4.997510e-02;4.748308e-02;9.582841e-02;4.717509e-02;8.923037e-02;8.958522e-02;1.039991e-01;1.011297e-01;1.112600e-01
7.130224e-02;1.363222e-01;1.088084e-01;5.508455e-02;3.973005e-02;6.793693e-02;5.642714e-02;4.052826e-02;8.670811e-02;1.137660e-01;8.720922e-02;1.361768e-01
6.787072e-02;1.238513e-01;1.042228e-01;4.760019e-02;3.703924e-02;4.873506e-02;7.653030e-02;6.883200e-02;8.637948e-02;1.079674e-01;7.868303e-02;1.522884e-01
9.767412e-02;1.148492e-01;1.261143e-01;3.909151e-02;7.741988e-02;5.434180e-02;7.794468e-02;1.200909e-01;6.643479e-02;6.172816e-02;7.397971e-02;9.033096e-02
1.437619e-01;1.065478e-01;1.387609e-01;3.358106e-02;9.270882e-02;5.702243e-02;6.005170e-02;1.436002e-01;5.562425e-02;4.780014e-02;7.487214e-02;4.566872e-02
1.840089e-01;9.161765e-02;1.236351e-01;2.114907e-02;9.296710e-02;4.547524e-02;6.218478e-02;1.970158e-01;4.858745e-02;3.386107e-02;5.618658e-02;4.331130e-02
1.830408e-01;5.962906e-02;7.526299e-02;1.752492e-02;5.949504e-02;6.083723e-02;1.143805e-01;2.370702e-01;3.373015e-02;4.799522e-02;2.454029e-02;8.649363e-02
1.025733e-01;3.756826e-02;2.469672e-02;5.501686e-02;2.672123e-02;9.618820e-02;2.280104e-01;1.924396e-01;2.797864e-02;6.685915e-02;1.756064e-02;1.243871e-01
3.903591e-02;5.167440e-02;2.477089e-02;9.482747e-02;1.626081e-02;1.148288e-01;3.213272e-01;1.090133e-01;1.850065e-02;6.502473e-02;2.005037e-02;1.246855e-01
3.911531e-02;5.786962e-02;2.923199e-02;9.696698e-02;1.638375e-02;1.212818e-01;3.471416e-01;1.012245e-01;1.782280e-02;5.428221e-02;1.478008e-02;1.038993e-01
4.870974e-02;7.819735e-02;3.895050e-02;7.074878e-02;2.302945e-02;1.080383e-01;3.382950e-01;1.230830e-01;2.746886e-02;5.016694e-02;1.201059e-02;8.130143e-02
7.529400e-02;1.476741e-01;7.460594e-02;2.904889e-02;2.776554e-02;6.490993e-02;2.313306e-01;1.676048e-01;5.215973e-02;4.035384e-02;1.730567e-02;7.194695e-02
9.023227e-02;1.691574e-01;1.316162e-01;3.610997e-02;2.796453e-02;5.695187e-02;1.008506e-01;1.740092e-01;6.808929e-02;3.427894e-02;2.642253e-02;8.431724e-02
1.506217e-01;1.231303e-01;9.797827e-02;4.711247e-02;3.791653e-02;7.750711e-02;5.121021e-02;1.912689e-01;8.703458e-02;3.818149e-02;2.526902e-02;7.276934e-02
1.286143e-01;1.012909e-01;6.515753e-02;2.882525e-02;2.456081e-02;6.314078e-02;1.156621e-01;2.300013e-01;7.956336e-02;3.466058e-02;3.711468e-02;9.140837e-02
9.418613e-02;9.843480e-02;7.404932e-02;2.921577e-02;2.775612e-02;6.073859e-02;1.478708e-01;2.195330e-01;7.617368e-02;4.649875e-02;2.977655e-02;9.576648e-02
9.431494e-02;7.747744e-02;2.696149e-02;4.352086e-02;3.941927e-02;9.037787e-02;2.213660e-01;1.514132e-01;9.839109e-02;4.642368e-02;3.294469e-02;7.738946e-02
9.273542e-02;1.079606e-01;5.724455e-02;5.622474e-02;4.349766e-02;9.743054e-02;2.198604e-01;7.299876e-02;9.123774e-02;6.075620e-02;3.434457e-02;6.570875e-02
8.922745e-02;1.272352e-01;8.045202e-02;5.913806e-02;3.518583e-02;8.195578e-02;2.204857e-01;9.231703e-02;5.922303e-02;5.980416e-02;2.796310e-02;6.701265e-02
9.972642e-02;1.282992e-01;7.825794e-02;7.260936e-02;3.834633e-02;7.937272e-02;2.396014e-01;6.539939e-02;6.997395e-02;4.615605e-02;1.441882e-02;6.783844e-02
9.426707e-02;1.087166e-01;8.341772e-02;8.066650e-02;3.286355e-02;7.214850e-02;2.437902e-01;7.509101e-02;8.671137e-02;5.776163e-02;1.336297e-02;5.120286e-02
7.217716e-02;8.854958e-02;1.091891e-01;1.004380e-01;2.842416e-02;5.452955e-02;2.063134e-01;1.206302e-01;9.485585e-02;6.717687e-02;1.506533e-02;4.265076e-02
8.349452e-02;9.604553e-02;1.042717e-01;9.717405e-02;3.509131e-02;4.199774e-02;1.926666e-01;1.257046e-01;1.011295e-01;6.292324e-02;1.333646e-02;4.616476e-02
1.144029e-01;1.658591e-01;1.016730e-01;4.475308e-02;3.342402e-02;6.907690e-02;1.518760e-01;1.099172e-01;8.388577e-02;6.876008e-02;1.279440e-02;4.357759e-02
1.472270e-01;1.986008e-01;6.454202e-02;4.050518e-02;3.688078e-02;1.413140e-01;3.983213e-02;1.440351e-01;7.761645e-02;4.719882e-02;1.821799e-02;4.402982e-02
8.263758e-02;2.957866e-01;2.050152e-01;4.768015e-02;2.923072e-02;1.017337e-01;3.166885e-02;8.014657e-02;4.412899e-02;1.167093e-02;3.317468e-02;3.712605e-02
6.500462e-02;3.562175e-01;2.496998e-01;4.025513e-02;2.134810e-02;5.533173e-02;2.498294e-02;5.332479e-02;3.840316e-02;9.360557e-03;5.376085e-02;3.231080e-02
1.094246e-01;3.512691e-01;2.191146e-01;2.139801e-02;2.970020e-02;2.475680e-02;3.791011e-02;7.236825e-02;2.928227e-02;1.053474e-02;6.953230e-02;2.470901e-02
1.780351e-01;2.829792e-01;1.602391e-01;1.804526e-02;3.756785e-02;4.167992e-02;3.709880e-02;1.134656e-01;2.251492e-02;1.550065e-02;6.470903e-02;2.816453e-02
2.238853e-01;1.720654e-01;9.460708e-02;3.706237e-02;3.264738e-02;9.338627e-02;3.887161e-02;1.490095e-01;3.052333e-02;3.088759e-02;4.185283e-02;5.520138e-02
1.583329e-01;9.167438e-02;6.798241e-02;7.145914e-02;1.978283e-02;1.204971e-01;1.393889e-01;1.332034e-01;2.571047e-02;6.285749e-02;2.585793e-02;8.325302e-02
9.385653e-02;1.103927e-01;5.377876e-02;9.899287e-02;1.011327e-02;9.018310e-02;2.458837e-01;1.055419e-01;1.905653e-02;6.708211e-02;1.618572e-02;8.893288e-02
6.251570e-02;1.006081e-01;3.541828e-02;1.174525e-01;8.184941e-03;5.800357e-02;3.374275e-01;1.063297e-01;1.395157e-02;5.526308e-02;1.093965e-02;9.390552e-02
3.612839e-02;1.401355e-01;3.462100e-02;1.124175e-01;9.504388e-03;3.832345e-02;3.751697e-01;9.938373e-02;1.479637e-02;4.469243e-02;6.439841e-03;8.838762e-02
2.783209e-02;1.746967e-01;4.294178e-02;8.378056e-02;1.106975e-02;3.971074e-02;3.462716e-01;1.113787e-01;1.766569e-02;4.306980e-02;1.197140e-02;8.961114e-02
4.251544e-02;1.898183e-01;5.733501e-02;5.162456e-02;1.595565e-02;7.255943e-02;2.837182e-01;1.219784e-01;2.916270e-02;3.421007e-02;1.705660e-02;8.406558e-02
6.975004e-02;1.558500e-01;7.132059e-02;3.763863e-02;3.588224e-02;1.078283e-01;2.128722e-01;1.337183e-01;5.736804e-02;2.678419e-02;2.560186e-02;6.538561e-02
9.541926e-02;1.098403e-01;1.101128e-01;3.689575e-02;7.128968e-02;1.178773e-01;1.039623e-01;1.355554e-01;7.251938e-02;5.891095e-02;4.893589e-02;3.868100e-02
7.433172e-02;1.415136e-01;9.422455e-02;4.852552e-02;6.343427e-02;1.125211e-01;1.226281e-01;8.922573e-02;4.703505e-02;6.324130e-02;6.416336e-02;7.915577e-02
7.453255e-02;1.358768e-01;8.589992e-02;6.260300e-02;4.100638e-02;7.393448e-02;1.495267e-01;1.464323e-01;3.022818e-02;6.624694e-02;3.609721e-02;9.761554e-02
8.909025e-02;9.038012e-02;6.978627e-02;5.024152e-02;2.881302e-02;8.176413e-02;1.381368e-01;2.245620e-01;2.960683e-02;8.044346e-02;2.684673e-02;9.032881e-02
1.108045e-01;8.020346e-02;5.496141e-02;2.780103e-02;2.581852e-02;5.541483e-02;1.210957e-01;2.844720e-01;2.954083e-02;9.574270e-02;3.015911e-02;8.398584e-02
1.014165e-01;9.602391e-02;6.741598e-02;1.380874e-02;2.934917e-02;3.123077e-02;1.585399e-01;2.639630e-01;3.362490e-02;9.127813e-02;4.165095e-02;7.169817e-02
6.700816e-02;1.138351e-01;6.599067e-02;2.416278e-02;3.683276e-02;3.515025e-02;2.141813e-01;1.909396e-01;4.861102e-02;7.906480e-02;5.320881e-02;7.101467e-02
5.872822e-02;1.227688e-01;7.733748e-02;3.839085e-02;2.894019e-02;6.151678e-02;2.473299e-01;7.756896e-02;7.250690e-02;7.715143e-02;5.052456e-02;8.723600e-02
6.759718e-02;1.922833e-01;9.083795e-02;5.204244e-02;2.066735e-02;4.224598e-02;1.807471e-01;8.606507e-02;5.176620e-02;7.939117e-02;3.809436e-02;9.826184e-02
8.773579e-02;2.265536e-01;7.834369e-02;7.356041e-02;2.421774e-02;5.512015e-02;1.249549e-01;8.625360e-02;4.318097e-02;6.679872e-02;3.429091e-02;9.898961e-02
8.773130e-02;1.983009e-01;1.504759e-01;7.068649e-02;2.351597e-02;7.337417e-02;9.409648e-02;1.091607e-01;5.580298e-02;4.508263e-02;2.285461e-02;6.891787e-02
6.015522e-02;2.193610e-01;1.549416e-01;5.539003e-02;2.056348e-02;7.633908e-02;1.317060e-01;1.230922e-01;5.298240e-02;2.694862e-02;2.509491e-02;5.342548e-02
7.841606e-02;2.632489e-01;9.469512e-02;4.166847e-02;3.323793e-02;7.719148e-02;1.218451e-01;1.139902e-01;6.399123e-02;2.884035e-02;3.567046e-02;4.720463e-02
8.717383e-02;2.497035e-01;1.366446e-01;3.128969e-02;5.689850e-02;5.829408e-02;3.184356e-02;1.436065e-01;7.584377e-02;2.941809e-02;6.947967e-02;2.980421e-02
7.953318e-02;2.200331e-01;1.315783e-01;1.462935e-02;7.208953e-02;3.136039e-02;3.122573e-02;2.084625e-01;7.047787e-02;1.762406e-02;1.097909e-01;1.319509e-02
1.068743e-01;1.800257e-01;9.507994e-02;1.081272e-02;7.776717e-02;1.951845e-02;2.244966e-02;2.623347e-01;5.716511e-02;1.558572e-02;1.337317e-01;1.865478e-02
1.570651e-01;1.250095e-01;8.373319e-02;1.016819e-02;6.845360e-02;2.147538e-02;4.254722e-02;2.976327e-01;4.726511e-02;1.666389e-02;1.106508e-01;1.933529e-02
1.839106e-01;7.400069e-02;7.043809e-02;1.741222e-02;4.700998e-02;3.326401e-02;1.182216e-01;3.162903e-01;2.961113e-02;2.510159e-02;6.237859e-02;2.236117e-02
1.470917e-01;4.775852e-02;4.809330e-02;3.944984e-02;1.927235e-02;6.984029e-02;2.309934e-01;2.611245e-01;2.141786e-02;4.661229e-02;2.076740e-02;4.757858e-02
8.909115e-02;7.943092e-02;3.553426e-02;5.529519e-02;1.096445e-02;7.074959e-02;3.136880e-01;1.602115e-01;2.113805e-02;6.694699e-02;1.205062e-02;8.489925e-02
5.936702e-02;7.849868e-02;3.547996e-02;6.318354e-02;1.256053e-02;7.091466e-02;3.186784e-01;1.330978e-01;1.857535e-02;6.727389e-02;1.333480e-02;1.290354e-01
5.222020e-02;1.158957e-01;3.412705e-02;7.365125e-02;1.879051e-02;4.176796e-02;2.814989e-01;1.091998e-01;2.496328e-02;5.886101e-02;2.280010e-02;1.662242e-01
7.673582e-02;1.918091e-01;8.202994e-02;6.211052e-02;1.670125e-02;5.020132e-02;1.663579e-01;6.006322e-02;2.829519e-02;6.112656e-02;4.434631e-02;1.602229e-01
1.125193e-01;2.464981e-01;1.103310e-01;3.276089e-02;1.554593e-02;7.349845e-02;9.804773e-02;8.437253e-02;3.080065e-02;4.371550e-02;5.150238e-02;1.004075e-01
1.025532e-01;2.060138e-01;1.012054e-01;2.157851e-02;1.251614e-02;6.031652e-02;1.416453e-01;1.692011e-01;3.510330e-02;5.082098e-02;3.516096e-02;6.388487e-02
7.626637e-02;1.299643e-01;7.439263e-02;1.374372e-02;1.379533e-02;2.901562e-02;1.895526e-01;2.821096e-01;5.386926e-02;5.504449e-02;2.633516e-02;5.591077e-02
4.649087e-02;7.436915e-02;3.072297e-02;1.282963e-02;1.392317e-02;4.537828e-02;2.508968e-01;3.327447e-01;6.936793e-02;3.956505e-02;3.370091e-02;5.001053e-02
5.695118e-02;9.250863e-02;5.484370e-02;1.399776e-02;1.011424e-02;4.981818e-02;2.373523e-01;2.650406e-01;7.183015e-02;3.451445e-02;5.207848e-02;6.095040e-02
7.135779e-02;1.320421e-01;6.995595e-02;1.427629e-02;1.231337e-02;4.617272e-02;1.972967e-01;1.833114e-01;7.995992e-02;4.475979e-02;6.890227e-02;7.965171e-02
1.027363e-01;1.862145e-01;9.930753e-02;2.588039e-02;2.246402e-02;5.992089e-02;1.381856e-01;9.510650e-02;7.315892e-02;5.466239e-02;5.827457e-02;8.408845e-02
1.119217e-01;2.091819e-01;7.734200e-02;2.223492e-02;2.409469e-02;7.056691e-02;8.744736e-02;1.198598e-01;7.260785e-02;5.986965e-02;5.586409e-02;8.900917e-02
1.339576e-01;2.112890e-01;1.459801e-01;3.115282e-02;1.448779e-02;4.781869e-02;8.148319e-02;8.850038e-02;6.297876e-02;5.222918e-02;5.239331e-02;7.772920e-02
1.146159e-01;2.938388e-01;1.709797e-01;3.427338e-02;2.029546e-02;3.980254e-02;7.420427e-02;7.854788e-02;3.834961e-02;3.527191e-02;3.586718e-02;6.395330e-02
1.233428e-01;3.007908e-01;1.512195e-01;2.797776e-02;4.089792e-02;2.953542e-02;6.149425e-02;1.164576e-01;4.267474e-02;2.452469e-02;2.345974e-02;5.762482e-02
1.647099e-01;2.623644e-01;1.173477e-01;2.243041e-02;5.311359e-02;3.537380e-02;4.368450e-02;1.523665e-01;4.070297e-02;2.133190e-02;1.562349e-02;7.095081e-02
1.775006e-01;2.474031e-01;8.142088e-02;2.267518e-02;4.311379e-02;5.618026e-02;3.755514e-02;1.429635e-01;4.911100e-02;2.634228e-02;2.514048e-02;9.059366e-02
1.220856e-01;2.218900e-01;1.315479e-01;3.687106e-02;4.052884e-02;9.119456e-02;8.682274e-02;9.547585e-02;4.360008e-02;1.892064e-02;2.511186e-02;8.595088e-02
8.967516e-02;1.656880e-01;1.128678e-01;7.311988e-02;3.097011e-02;1.022812e-01;1.792483e-01;5.268794e-02;3.923616e-02;1.712938e-02;2.356804e-02;1.135280e-01
6.531029e-02;9.756543e-02;4.651174e-02;1.103629e-01;2.930923e-02;6.917357e-02;3.133909e-01;6.238886e-02;2.241543e-02;2.456650e-02;1.563677e-02;1.433684e-01
4.912521e-02;1.116455e-01;5.681682e-02;8.251915e-02;2.821073e-02;4.284332e-02;3.487964e-01;9.356340e-02;1.879784e-02;2.454050e-02;1.762792e-02;1.255132e-01
5.903260e-02;1.116899e-01;4.407942e-02;5.465274e-02;2.065383e-02;3.746561e-02;3.596315e-01;9.877323e-02;1.488721e-02;4.883619e-02;2.353098e-02;1.267667e-01
6.991867e-02;1.451014e-01;3.595627e-02;5.367179e-02;1.525607e-02;4.052694e-02;3.156649e-01;8.601375e-02;2.563802e-02;6.098238e-02;3.265117e-02;1.186187e-01
8.858269e-02;1.870166e-01;1.048852e-01;5.352366e-02;1.658129e-02;1.087984e-01;2.084908e-01;5.399244e-02;2.600452e-02;3.841925e-02;2.432970e-02;8.937547e-02
1.000731e-01;1.955493e-01;1.468788e-01;4.495750e-02;1.708640e-02;1.642211e-01;1.249561e-01;5.019229e-02;3.162951e-02;2.015350e-02;1.565232e-02;8.865002e-02
1.124761e-01;2.024931e-01;1.130562e-01;6.153497e-02;2.464276e-02;1.738332e-01;6.579164e-02;8.154161e-02;3.299059e-02;1.637340e-02;1.745315e-02;9.781320e-02
1.183590e-01;2.421089e-01;1.592792e-01;5.716512e-02;2.219451e-02;9.623510e-02;4.441318e-02;1.024330e-01;2.570613e-02;1.496035e-02;1.807023e-02;9.907530e-02
1.047359e-01;2.875592e-01;2.035876e-01;3.135189e-02;2.990951e-02;3.426477e-02;3.562035e-02;1.077834e-01;3.559122e-02;1.700196e-02;2.043675e-02;9.215756e-02
9.614678e-02;2.737823e-01;1.579063e-01;3.238170e-02;3.631541e-02;4.970872e-02;3.770133e-02;1.217728e-01;6.942454e-02;2.620413e-02;2.515547e-02;7.350061e-02
1.068398e-01;2.636926e-01;6.073752e-02;4.420439e-02;2.052093e-02;8.491832e-02;1.112615e-01;1.168462e-01;7.211137e-02;3.198092e-02;2.897562e-02;5.791087e-02
1.105525e-01;2.907996e-01;1.236175e-01;3.891314e-02;9.045922e-03;5.626659e-02;1.611922e-01;7.001247e-02;3.277605e-02;2.582299e-02;2.174021e-02;5.926086e-02
1.039226e-01;2.659734e-01;1.172116e-01;2.759443e-02;8.027495e-03;5.361117e-02;1.846517e-01;8.819824e-02;4.294299e-02;2.112835e-02;2.460309e-02;6.213500e-02
9.674482e-02;2.507075e-01;8.376110e-02;3.315361e-02;1.636981e-02;5.949083e-02;1.769445e-01;1.143804e-01;4.808025e-02;3.499178e-02;3.130733e-02;5.406807e-02
9.571656e-02;2.697519e-01;1.140969e-01;2.625435e-02;2.655584e-02;8.272474e-02;1.437541e-01;7.586543e-02;5.828567e-02;3.823082e-02;2.392303e-02;4.484053e-02
9.327402e-02;2.545638e-01;1.478463e-01;3.381690e-02;4.500974e-02;8.710780e-02;1.083792e-01;7.627290e-02;5.413580e-02;4.097115e-02;2.725890e-02;3.136357e-02
8.525015e-02;2.385828e-01;1.941862e-01;4.075799e-02;3.950454e-02;1.066553e-01;7.258185e-02;5.559479e-02;5.935373e-02;3.602041e-02;4.985310e-02;2.165917e-02
6.114934e-02;1.814117e-01;2.257523e-01;5.260609e-02;4.449431e-02;9.722406e-02;4.015233e-02;9.659834e-02;6.006493e-02;3.705212e-02;7.937348e-02;2.412103e-02
5.928045e-02;2.539076e-01;2.341354e-01;4.166570e-02;3.791866e-02;6.436075e-02;3.168589e-02;9.108107e-02;3.761555e-02;3.460190e-02;8.222422e-02;3.152281e-02
7.398535e-02;2.972230e-01;2.130084e-01;1.982978e-02;2.637788e-02;5.078565e-02;4.466886e-02;1.039085e-01;3.999991e-02;2.720175e-02;6.224612e-02;4.076483e-02
7.162596e-02;1.910549e-01;1.642607e-01;3.371958e-02;1.809711e-02;7.820559e-02;1.067383e-01;1.402886e-01;8.043781e-02;3.239879e-02;4.215591e-02;4.101675e-02
6.950901e-02;1.489161e-01;2.155373e-01;4.987368e-02;1.562566e-02;9.827697e-02;1.454914e-01;7.419094e-02;8.389559e-02;2.741330e-02;2.499554e-02;4.627454e-02
5.863750e-02;2.398224e-01;1.998090e-01;3.711396e-02;2.080419e-02;8.160758e-02;9.678781e-02;8.823024e-02;6.729449e-02;3.094133e-02;2.843207e-02;5.051941e-02
4.112410e-02;2.382667e-01;1.552147e-01;3.389541e-02;2.601745e-02;7.902689e-02;1.214966e-01;9.546120e-02;6.340063e-02;4.242602e-02;3.763263e-02;6.603772e-02
5.852288e-02;1.749270e-01;1.125440e-01;5.558835e-02;3.764586e-02;7.336987e-02;1.566057e-01;1.723302e-01;5.167933e-02;2.592265e-02;2.550165e-02;5.536246e-02
8.075767e-02;1.272671e-01;7.089172e-02;4.400766e-02;5.204076e-02;5.792420e-02;1.268142e-01;3.116035e-01;5.634265e-02;2.116568e-02;1.634950e-02;3.483535e-02
1.120728e-01;8.225814e-02;4.489544e-02;1.945141e-02;7.120392e-02;2.973075e-02;7.454128e-02;4.706104e-01;5.922977e-02;1.179706e-02;8.501815e-03;1.570725e-02
1.427269e-01;4.355667e-02;3.047600e-02;1.283269e-02;7.567547e-02;1.957326e-02;5.698406e-02;5.359793e-01;4.077028e-02;1.427331e-02;4.190618e-03;2.296143e-02
1.634659e-01;5.588875e-02;3.645879e-02;1.471100e-02;5.792169e-02;3.161627e-02;5.237941e-02;4.935290e-01;2.447436e-02;2.677947e-02;8.821977e-03;3.395348e-02
1.556556e-01;5.231846e-02;3.726151e-02;2.302392e-02;3.568298e-02;5.027246e-02;1.135649e-01;3.816562e-01;2.782648e-02;5.536652e-02;1.155358e-02;5.581725e-02
1.043388e-01;5.409193e-02;2.742527e-02;2.507391e-02;1.320180e-02;5.677858e-02;2.139819e-01;2.738564e-01;2.774651e-02;7.771862e-02;1.212433e-02;1.136619e-01
5.559686e-02;4.211485e-02;2.018294e-02;3.678911e-02;9.082247e-03;5.372379e-02;3.214346e-01;2.106090e-01;1.547144e-02;9.289782e-02;1.049087e-02;1.316064e-01
2.432273e-02;4.176923e-02;1.755706e-02;5.345888e-02;7.307422e-03;5.247209e-02;4.153362e-01;1.508392e-01;8.612866e-03;9.123509e-02;1.011921e-02;1.269700e-01
2.378516e-02;5.210845e-02;1.228290e-02;5.628947e-02;7.180186e-03;6.770494e-02;4.649667e-01;8.380900e-02;1.345125e-02;6.502714e-02;1.550450e-02;1.378903e-01
2.274253e-02;6.968925e-02;2.373310e-02;4.448214e-02;1.134154e-02;1.106818e-01;4.312768e-01;7.570506e-02;1.823329e-02;3.357645e-02;1.454967e-02;1.439883e-01
4.328225e-02;7.765561e-02;4.532371e-02;3.731386e-02;2.996724e-02;1.359576e-01;3.067148e-01;1.104370e-01;3.786441e-02;2.418294e-02;2.487530e-02;1.264252e-01
7.428093e-02;7.779428e-02;6.151029e-02;3.751082e-02;4.115079e-02;1.198396e-01;1.920841e-01;1.583722e-01;6.720693e-02;2.990734e-02;4.339473e-02;9.694806e-02
1.073141e-01;6.562427e-02;4.585285e-02;3.498919e-02;4.740626e-02;7.003405e-02;1.532233e-01;2.371356e-01;8.586968e-02;3.331653e-02;6.142087e-02;5.781321e-02
8.690786e-02;1.013063e-01;5.529158e-02;2.678593e-02;3.598355e-02;9.063795e-02;1.392553e-01;2.093889e-01;8.651961e-02;7.246947e-02;3.318945e-02;6.226416e-02
5.032925e-02;9.227530e-02;4.868650e-02;6.063006e-02;6.997877e-02;1.224376e-01;1.225430e-01;1.352757e-01;8.533689e-02;1.081857e-01;4.284085e-02;6.148044e-02
4.128370e-02;6.291281e-02;4.634391e-02;7.198733e-02;6.996369e-02;1.241694e-01;1.158479e-01;1.182117e-01;1.070302e-01;1.199356e-01;5.997110e-02;6.234256e-02
4.426461e-02;6.745845e-02;5.188191e-02;5.126563e-02;8.018905e-02;6.818321e-02;1.035481e-01;1.456051e-01;1.449532e-01;1.164815e-01;6.544021e-02;6.072902e-02
4.799809e-02;6.344264e-02;2.829265e-02;3.854780e-02;1.114402e-01;4.583124e-02;1.072531e-01;1.550404e-01;2.011262e-01;1.171819e-01;4.086698e-02;4.297873e-02
3.565555e-02;5.087085e-02;2.794192e-02;4.598136e-02;9.292521e-02;6.458623e-02;1.551791e-01;1.553379e-01;2.336660e-01;8.268297e-02;2.571844e-02;2.945451e-02
2.170403e-02;4.639996e-02;2.605999e-02;7.573236e-02;6.448422e-02;3.392486e-02;1.906356e-01;1.727460e-01;2.754595e-01;4.949411e-02;1.621835e-02;2.714098e-02
2.816075e-02;4.701474e-02;3.013317e-02;9.710065e-02;4.807819e-02;4.728120e-02;1.523706e-01;1.955543e-01;2.840735e-01;3.507816e-02;1.054612e-02;2.460859e-02
3.255952e-02;5.307581e-02;3.361399e-02;1.073258e-01;4.364167e-02;3.984771e-02;8.214629e-02;2.519532e-01;2.879440e-01;3.497774e-02;1.091764e-02;2.199655e-02
3.696764e-02;4.731681e-02;3.796712e-02;1.152539e-01;3.586110e-02;3.613764e-02;5.705013e-02;2.682460e-01;2.963535e-01;3.587183e-02;1.107473e-02;2.189957e-02
4.090936e-02;2.536261e-02;4.432854e-02;1.163630e-01;2.366979e-02;4.981393e-02;7.178894e-02;2.772157e-01;2.832877e-01;2.563576e-02;1.337614e-02;2.824852e-02
3.780607e-02;2.851355e-02;3.851907e-02;1.074746e-01;2.686305e-02;4.732043e-02;9.926175e-02;2.612008e-01;2.816180e-01;2.836866e-02;1.401903e-02;2.903497e-02
3.053998e-02;2.157925e-02;2.849926e-02;9.959433e-02;3.192652e-02;4.744853e-02;1.145035e-01;2.786553e-01;2.834297e-01;2.571229e-02;1.575379e-02;2.235755e-02
2.810754e-02;4.387235e-02;5.525413e-02;8.806438e-02;3.251745e-02;6.791274e-02;1.179169e-01;3.000392e-01;2.255100e-01;1.428670e-02;1.066615e-02;1.585251e-02
3.572103e-02;5.080274e-02;5.986743e-02;7.004075e-02;3.047976e-02;8.152055e-02;1.497197e-01;3.027660e-01;1.594621e-01;1.956441e-02;9.836253e-03;3.021923e-02
5.112065e-02;7.894589e-02;5.782581e-02;5.544534e-02;1.985619e-02;9.203802e-02;1.888997e-01;2.270033e-01;1.246621e-01;2.957918e-02;1.771796e-02;5.690585e-02
5.384588e-02;6.755634e-02;6.667735e-02;4.738635e-02;4.038578e-02;6.073320e-02;1.486394e-01;2.005438e-01;1.470900e-01;6.062436e-02;1.832433e-02;8.819307e-02
4.957127e-02;3.791739e-02;5.972441e-02;4.503114e-02;3.025561e-02;6.709030e-02;6.216632e-02;2.659480e-01;1.659625e-01;8.077602e-02;2.053853e-02;1.150185e-01
4.201313e-02;3.747098e-02;5.278933e-02;5.529970e-02;4.228462e-02;5.828630e-02;1.467495e-01;2.361654e-01;1.399933e-01;6.714750e-02;2.528439e-02;9.651588e-02
3.852260e-02;8.101286e-02;6.940375e-02;6.110790e-02;5.285400e-02;4.924520e-02;2.076582e-01;1.933962e-01;1.026266e-01;4.810302e-02;2.719488e-02;6.887482e-02
5.297594e-02;7.645163e-02;6.333059e-02;4.975278e-02;4.729403e-02;3.219635e-02;2.215823e-01;2.334625e-01;1.111466e-01;3.637701e-02;2.309342e-02;5.233687e-02
5.924115e-02;7.063516e-02;3.523040e-02;3.785617e-02;4.099601e-02;5.378509e-02;2.360659e-01;2.310089e-01;1.419090e-01;4.771411e-02;1.576974e-02;2.978837e-02
3.128164e-02;1.046552e-01;9.498824e-02;3.522193e-02;5.035704e-02;7.532791e-02;1.716236e-01;1.679346e-01;1.531710e-01;4.290325e-02;4.527718e-02;2.725830e-02
1.933828e-02;8.091703e-02;9.049123e-02;5.797175e-02;3.827041e-02;6.714185e-02;7.178387e-02;2.376181e-01;2.084470e-01;3.944993e-02;6.446227e-02;2.410831e-02
2.761615e-02;4.001229e-02;4.651221e-02;9.818143e-02;4.175501e-02;4.905079e-02;3.217725e-02;2.777528e-01;2.603604e-01;2.858385e-02;7.762747e-02;2.037031e-02
4.135099e-02;3.498336e-02;2.711191e-02;1.394313e-01;4.502428e-02;3.354596e-02;3.547931e-02;2.325034e-01;2.775650e-01;2.885631e-02;8.416563e-02;1.998256e-02
4.775807e-02;4.184320e-02;4.443714e-02;1.522682e-01;4.827408e-02;2.386464e-02;4.364287e-02;2.000868e-01;2.622073e-01;3.091111e-02;7.184172e-02;3.286488e-02
4.283747e-02;2.492850e-02;4.138723e-02;1.669410e-01;5.976657e-02;3.194566e-02;4.698631e-02;2.049277e-01;2.665075e-01;2.210546e-02;4.974944e-02;4.191722e-02
3.115106e-02;2.877041e-02;6.567685e-02;1.497416e-01;6.024829e-02;5.363532e-02;2.925836e-02;2.333704e-01;2.600373e-01;1.859928e-02;3.080681e-02;3.870431e-02
3.282751e-02;4.082707e-02;6.491677e-02;1.168310e-01;4.624865e-02;3.965237e-02;2.781573e-02;2.778556e-01;2.673859e-01;2.341132e-02;2.303138e-02;3.919670e-02
4.081712e-02;7.010456e-02;9.106686e-02;6.842307e-02;3.557961e-02;7.381228e-02;7.617254e-02;2.408640e-01;2.284320e-01;2.294460e-02;1.527240e-02;3.651105e-02
4.570373e-02;8.426793e-02;8.879489e-02;3.786910e-02;3.145416e-02;1.023957e-01;1.267077e-01;1.941407e-01;1.868937e-01;4.371860e-02;1.903396e-02;3.901985e-02
5.795749e-02;1.087814e-01;3.169830e-02;3.994482e-02;4.535839e-02;5.139853e-02;1.215659e-01;2.048349e-01;1.938021e-01;6.397083e-02;2.500714e-02;5.568010e-02
