9.148397e-02;1.377721e-01;3.016487e-02;1.384065e-02;1.277737e-02;2.794284e-02;2.086658e-01;3.225796e-01;2.715473e-02;2.593826e-02;9.325726e-02;8.422467e-03
7.078000e-02;7.549733e-02;2.248894e-02;1.499838e-02;1.589961e-02;2.889336e-02;1.828731e-01;4.243269e-01;3.771293e-02;3.550395e-02;7.748774e-02;1.353769e-02
5.914748e-02;3.755873e-02;1.296141e-02;1.553378e-02;1.272216e-02;3.017023e-02;2.684707e-01;3.890562e-01;4.044174e-02;3.501169e-02;9.014585e-02;8.780072e-03
6.058858e-02;3.771747e-02;1.200819e-02;2.416554e-02;2.135944e-02;2.269319e-02;2.976500e-01;2.899260e-01;5.730047e-02;5.620867e-02;1.138687e-01;6.513813e-03
7.379743e-02;4.168215e-02;1.662908e-02;3.697335e-02;3.405420e-02;2.198650e-02;3.089132e-01;3.015624e-02;7.179060e-02;1.098444e-01;2.454803e-01;8.692469e-03
5.552657e-02;1.975644e-02;1.167745e-02;2.329845e-02;3.827158e-02;1.741741e-02;2.220268e-01;1.585910e-01;4.469692e-02;1.273699e-01;2.720786e-01;9.288998e-03
7.131213e-02;3.109967e-02;7.367738e-03;1.903967e-02;5.107690e-02;1.603001e-02;1.706720e-01;1.127788e-01;3.051136e-02;1.459207e-01;3.298835e-01;1.430747e-02
7.804383e-02;4.157091e-02;7.521059e-03;1.190804e-02;5.433543e-02;1.976715e-02;1.393458e-01;4.489377e-02;2.301967e-02;1.442741e-01;4.200189e-01;1.530135e-02
9.722372e-02;4.168083e-02;4.470652e-03;1.107641e-02;3.883459e-02;2.036898e-02;1.065287e-01;7.723849e-02;1.621955e-02;1.203186e-01;4.553843e-01;1.065518e-02
1.344437e-01;4.582337e-02;8.839346e-03;2.255950e-02;3.206025e-02;3.748984e-02;9.109015e-02;5.968789e-02;2.019030e-02;1.057744e-01;4.336615e-01;8.379754e-03
2.002698e-01;7.530390e-02;9.028886e-03;2.256004e-02;2.060756e-02;3.132068e-02;6.422394e-02;4.139618e-02;1.767179e-02;7.391556e-02;4.335850e-01;1.011670e-02
1.622240e-01;4.810858e-02;8.446492e-03;1.381163e-02;1.226827e-02;2.101878e-02;7.657959e-02;7.023217e-02;1.108254e-02;4.912320e-02;5.158709e-01;1.123381e-02
1.038091e-01;2.698207e-02;7.008420e-03;7.979769e-03;8.599249e-03;4.393690e-02;8.979239e-02;6.984215e-02;1.131614e-02;3.781896e-02;5.870338e-01;5.881127e-03
4.698451e-02;1.984333e-02;4.387851e-03;5.998174e-03;8.082486e-03;6.013031e-02;5.434968e-02;4.212340e-02;1.733986e-02;4.375406e-02;6.875305e-01;9.475864e-03
6.659254e-02;1.292567e-02;5.034537e-03;7.378515e-03;1.162641e-02;5.836714e-02;2.316556e-02;2.320014e-02;1.351614e-02;5.060938e-02;7.169499e-01;1.063399e-02
6.584769e-02;1.769120e-02;7.402874e-03;9.957288e-03;2.005167e-02;4.901601e-02;1.788429e-02;3.877077e-02;5.728029e-03;7.361382e-02;6.898879e-01;4.148447e-03
5.923139e-02;3.573245e-02;1.221233e-02;1.199408e-02;2.720067e-02;3.635737e-02;7.116310e-02;1.063673e-01;1.505026e-02;7.242050e-02;5.447924e-01;7.478083e-03
4.891952e-02;7.764451e-02;1.965900e-02;1.184557e-02;3.198045e-02;3.343430e-02;1.570168e-01;1.744965e-01;2.410354e-02;6.510583e-02;3.422815e-01;1.351245e-02
1.198427e-01;1.158346e-01;1.941513e-02;1.371742e-02;3.511700e-02;3.214096e-02;1.551211e-01;1.301469e-01;3.137204e-02;8.112890e-02;2.513914e-01;1.477178e-02
1.040953e-01;4.659373e-02;1.689204e-02;9.930510e-03;3.185985e-02;3.885973e-02;1.013654e-01;8.682830e-02;3.297485e-02;1.263517e-01;3.862728e-01;1.797591e-02
8.946677e-02;4.309246e-02;2.449058e-02;1.112840e-02;2.002366e-02;4.456215e-02;1.745027e-01;8.912867e-02;3.493186e-02;1.283930e-01;3.241598e-01;1.611994e-02
8.874677e-02;4.766083e-02;2.257071e-02;1.828477e-02;3.441826e-02;3.840771e-02;2.681553e-01;1.431688e-01;5.406999e-02;1.330462e-01;1.350203e-01;1.645034e-02
8.981322e-02;4.939615e-02;1.451247e-02;1.660092e-02;2.097461e-02;2.524853e-02;2.089399e-01;1.985762e-01;4.055088e-02;9.051414e-02;2.369256e-01;7.947355e-03
1.598124e-01;1.078557e-01;1.844130e-02;1.911128e-02;1.589842e-02;2.541704e-02;1.641054e-01;1.025833e-01;2.765759e-02;5.539955e-02;2.808128e-01;2.290515e-02
1.567290e-01;1.211930e-01;2.644653e-02;2.670906e-02;1.675897e-02;2.039171e-02;1.371990e-01;1.483735e-01;2.962789e-02;4.388319e-02;2.432060e-01;2.948226e-02
1.315934e-01;9.808192e-02;3.592972e-02;5.105602e-02;1.729728e-02;1.450428e-02;1.340934e-01;2.753023e-01;5.035112e-02;4.135150e-02;1.176227e-01;3.281623e-02
1.247849e-01;4.449546e-02;3.704498e-02;8.605319e-02;1.855220e-02;7.521084e-03;1.234688e-01;3.542687e-01;8.350381e-02;4.717211e-02;5.185477e-02;2.127999e-02
9.839439e-02;2.834148e-02;2.998878e-02;9.384788e-02;1.487485e-02;7.738153e-03;1.464966e-01;3.701299e-01;1.133929e-01;3.981869e-02;4.984447e-02;7.131885e-03
6.289660e-02;7.218538e-03;2.502572e-02;7.343798e-02;2.510604e-02;6.688316e-03;1.770399e-01;4.275013e-01;1.253862e-01;3.782209e-02;2.573668e-02;6.140524e-03
3.054121e-02;1.964650e-02;2.149462e-02;3.676103e-02;3.529301e-02;1.261991e-02;2.234878e-01;4.668510e-01;7.747423e-02;3.952635e-02;3.280838e-02;3.496006e-03
2.395848e-02;2.434063e-02;1.591270e-02;1.901690e-02;3.369709e-02;2.384883e-02;2.855205e-01;4.353535e-01;3.798636e-02;3.376250e-02;6.250004e-02;4.102485e-03
2.966856e-02;3.788494e-02;1.199981e-02;1.306311e-02;2.769456e-02;3.981954e-02;3.430476e-01;3.573475e-01;2.874495e-02;2.731668e-02;7.914721e-02;4.265542e-03
4.939859e-02;5.808282e-02;1.098013e-02;1.732662e-02;2.072692e-02;3.880741e-02;3.712204e-01;3.013400e-01;2.465509e-02;2.947289e-02;7.252476e-02;5.464414e-03
8.629135e-02;3.622191e-02;2.157042e-02;1.720576e-02;2.913799e-02;3.124660e-02;3.371340e-01;3.141011e-01;2.223892e-02;3.305111e-02;5.988381e-02;1.191700e-02
1.185310e-01;1.019499e-01;3.222522e-02;3.113180e-02;3.088851e-02;2.527107e-02;2.328405e-01;2.854625e-01;3.008602e-02;2.690965e-02;6.346790e-02;2.123589e-02
9.981919e-02;9.668406e-02;4.297768e-02;3.934151e-02;3.474899e-02;4.367496e-02;2.857628e-01;1.801189e-01;3.497542e-02;3.062771e-02;7.764054e-02;3.362826e-02
1.224751e-01;7.872493e-02;5.402012e-02;6.012134e-02;6.663534e-02;5.728275e-02;1.786370e-01;1.638958e-01;4.532208e-02;4.922003e-02;6.209076e-02;6.157478e-02
1.576290e-01;9.046199e-02;4.591122e-02;5.645563e-02;7.594629e-02;6.132714e-02;1.028742e-01;9.774419e-02;7.345159e-02;5.755774e-02;1.066379e-01;7.400309e-02
1.612476e-01;8.211201e-02;2.675668e-02;4.432360e-02;5.714676e-02;5.633306e-02;6.124851e-02;1.299340e-01;8.676106e-02;5.176751e-02;1.553231e-01;8.704605e-02
1.038285e-01;6.442962e-02;1.804034e-02;1.942362e-02;2.688263e-02;4.742368e-02;2.186965e-01;2.353012e-01;3.613082e-02;3.076017e-02;1.598753e-01;3.920772e-02
7.201685e-02;4.371776e-02;1.173870e-02;1.094342e-02;1.396576e-02;5.541734e-02;3.374377e-01;2.731710e-01;1.621834e-02;2.121462e-02;1.325458e-01;1.161266e-02
5.851396e-02;3.077439e-02;1.095805e-02;7.604812e-03;1.605515e-02;7.534379e-02;4.121358e-01;2.647781e-01;1.356667e-02;1.574138e-02;8.132510e-02;1.320277e-02
7.504281e-02;7.812122e-02;1.655428e-02;9.709263e-03;2.195610e-02;9.985474e-02;4.088444e-01;2.065617e-01;1.040861e-02;2.002395e-02;3.761995e-02;1.530301e-02
1.607376e-01;8.282065e-02;1.922642e-02;1.073442e-02;2.899405e-02;1.222346e-01;3.600831e-01;1.163988e-01;1.118794e-02;2.285528e-02;4.748562e-02;1.724148e-02
1.743775e-01;3.619762e-02;1.763678e-02;1.363293e-02;3.071743e-02;1.050966e-01;4.360334e-01;1.045551e-01;1.875561e-02;1.936375e-02;3.484955e-02;8.783818e-03
1.682130e-01;5.134185e-02;2.563093e-02;1.312697e-02;3.993719e-02;9.777211e-02;3.991086e-01;8.151755e-02;3.723007e-02;2.165704e-02;4.563472e-02;1.883006e-02
9.697355e-02;8.648916e-02;2.917152e-02;1.749770e-02;4.094265e-02;8.163125e-02;3.013637e-01;7.995568e-02;3.908946e-02;2.151030e-02;1.708585e-01;3.451652e-02
1.241912e-01;7.129068e-02;1.872607e-02;1.358971e-02;2.322043e-02;6.240027e-02;2.362612e-01;1.391948e-01;1.355037e-02;1.882314e-02;2.567409e-01;2.201114e-02
1.806511e-01;6.412657e-02;1.842252e-02;1.277607e-02;1.510117e-02;4.438488e-02;1.701138e-01;1.335314e-01;8.140057e-03;1.596738e-02;3.221042e-01;1.468082e-02
2.057045e-01;6.766252e-02;2.425681e-02;1.411763e-02;1.259799e-02;2.958119e-02;9.418125e-02;9.337480e-02;7.974483e-03;1.359500e-02;4.241873e-01;1.276658e-02
1.539198e-01;7.899121e-02;2.791171e-02;1.374281e-02;1.037653e-02;1.536079e-02;6.471886e-02;7.637434e-02;9.430300e-03;2.339357e-02;5.102755e-01;1.550461e-02
8.820398e-02;1.348266e-01;3.313496e-02;1.355128e-02;9.466481e-03;1.351532e-02;8.888589e-02;1.050467e-01;1.151589e-02;3.199545e-02;4.477723e-01;2.208515e-02
2.411758e-01;2.063710e-01;3.579023e-02;1.903846e-02;1.061155e-02;1.836280e-02;1.034000e-01;1.149979e-01;1.201306e-02;3.205904e-02;1.794382e-01;2.674183e-02
2.793033e-01;1.566671e-01;3.550349e-02;1.971040e-02;1.286444e-02;2.183041e-02;9.003449e-02;6.744619e-02;9.022639e-03;3.089479e-02;2.510408e-01;2.568189e-02
2.051762e-01;9.168673e-02;3.641021e-02;1.649248e-02;1.606232e-02;2.041398e-02;6.963568e-02;3.257046e-02;6.750133e-03;2.825333e-02;4.569959e-01;1.955260e-02
1.680485e-01;9.298705e-02;3.629396e-02;1.809827e-02;1.500683e-02;2.560735e-02;1.067630e-01;6.011054e-02;7.819713e-03;2.651200e-02;4.263177e-01;1.643510e-02
1.288572e-01;7.850504e-02;4.016742e-02;2.387081e-02;1.014046e-02;2.738055e-02;1.242181e-01;7.515977e-02;1.130826e-02;3.097456e-02;4.267755e-01;2.264225e-02
1.619008e-01;8.536789e-02;3.612550e-02;1.621355e-02;1.793866e-02;4.185467e-02;1.433900e-01;9.729534e-02;1.403666e-02;3.640364e-02;3.299706e-01;1.950267e-02
1.953977e-01;8.273992e-02;2.400671e-02;1.974427e-02;1.661550e-02;2.677946e-02;1.116418e-01;1.086880e-01;1.171801e-02;3.204128e-02;3.554259e-01;1.520154e-02
1.674094e-01;1.057910e-01;3.103688e-02;2.372421e-02;1.444221e-02;1.530045e-02;9.313472e-02;5.190788e-02;1.821171e-02;3.564717e-02;4.151711e-01;2.822316e-02
1.400686e-01;9.468067e-02;4.035152e-02;4.569376e-02;2.805628e-02;4.935233e-02;1.002672e-01;1.226262e-01;4.242618e-02;2.746251e-02;2.729950e-01;3.601990e-02
1.666579e-01;1.330762e-01;4.795657e-02;8.460873e-02;4.164698e-02;7.076917e-02;1.174285e-01;1.063464e-01;3.535899e-02;3.950755e-02;1.248721e-01;3.177092e-02
1.469432e-01;1.309612e-01;5.802684e-02;1.060757e-01;4.345086e-02;6.505176e-02;1.371860e-01;9.331809e-02;2.763413e-02;4.122306e-02;1.195634e-01;3.056580e-02
1.284501e-01;1.408203e-01;5.642499e-02;9.512793e-02;3.218858e-02;5.354199e-02;1.372860e-01;1.215288e-01;3.279476e-02;4.834105e-02;1.256690e-01;2.782650e-02
1.898386e-01;1.340713e-01;2.233090e-02;2.397139e-02;2.428465e-02;4.457059e-02;2.280177e-01;1.380070e-01;2.685671e-02;4.438585e-02;9.687791e-02;2.678735e-02
2.865774e-01;1.076873e-01;1.208878e-02;1.592928e-02;1.901808e-02;6.094890e-02;2.614047e-01;1.000368e-01;1.093131e-02;3.607324e-02;7.483890e-02;1.446536e-02
4.054426e-01;8.096206e-02;1.256671e-02;6.561864e-03;1.452385e-02;7.054614e-02;2.389432e-01;5.816247e-02;9.269771e-03;2.629931e-02;6.313077e-02;1.359124e-02
5.005717e-01;6.575275e-02;1.262467e-02;2.628601e-02;1.453370e-02;6.539774e-02;1.844825e-01;2.761059e-02;1.376956e-02;1.709920e-02;5.932659e-02;1.254498e-02
5.396650e-01;8.003522e-02;8.411874e-03;5.831209e-02;1.934944e-02;6.045149e-02;1.563099e-01;2.268624e-02;1.118314e-02;1.516635e-02;2.044418e-02;7.984985e-03
5.550477e-01;8.368797e-02;5.355400e-03;6.038550e-02;2.504973e-02;6.776633e-02;1.337125e-01;2.543948e-02;7.718000e-03;1.561591e-02;1.219434e-02;8.027088e-03
5.887631e-01;8.913126e-02;7.652249e-03;2.620119e-02;2.202990e-02;7.662535e-02;1.181475e-01;2.176615e-02;1.002653e-02;1.491995e-02;1.558490e-02;9.151999e-03
5.786209e-01;8.028159e-02;1.269208e-02;1.320882e-02;1.808629e-02;7.125401e-02;9.894256e-02;1.993782e-02;1.748396e-02;1.726455e-02;5.838246e-02;1.384504e-02
5.110455e-01;5.810902e-02;1.994698e-02;2.137817e-02;2.694456e-02;6.641507e-02;1.027356e-01;2.135259e-02;2.997630e-02;2.374366e-02;9.713440e-02;2.121826e-02
3.234482e-01;3.036727e-02;2.700935e-02;2.565123e-02;4.568243e-02;8.174402e-02;1.058070e-01;2.683499e-02;3.960175e-02;2.281463e-02;2.321574e-01;3.888183e-02
1.802101e-01;2.268196e-02;2.601186e-02;3.215503e-02;5.805935e-02;8.764590e-02;9.653733e-02;1.928900e-02;3.747922e-02;1.304360e-02;3.669070e-01;5.997960e-02
1.814242e-01;3.442337e-02;1.972771e-02;2.434768e-02;4.661388e-02;7.096706e-02;8.133294e-02;2.422102e-02;2.377495e-02;9.011912e-03;4.393148e-01;4.484057e-02
1.428398e-01;2.878149e-02;2.323856e-02;1.617299e-02;2.778669e-02;4.368711e-02;6.864509e-02;2.079771e-02;1.175577e-02;1.515093e-02;5.758905e-01;2.525325e-02
1.239499e-01;2.995386e-02;2.241050e-02;1.672355e-02;1.848015e-02;2.012582e-02;3.972761e-02;2.487352e-02;9.932887e-03;2.190917e-02;6.575004e-01;1.441262e-02
9.413879e-02;4.540398e-02;2.928494e-02;4.291549e-02;3.183148e-02;2.038216e-02;3.413627e-02;3.334244e-02;1.072134e-02;2.447801e-02;6.242971e-01;9.067915e-03
6.256319e-02;9.069408e-02;3.931165e-02;7.021950e-02;5.972964e-02;3.360621e-02;5.216111e-02;3.487236e-02;9.343635e-03;3.108583e-02;5.053124e-01;1.110032e-02
9.587837e-02;1.715222e-01;5.575915e-02;5.540795e-02;8.130695e-02;2.901802e-02;5.157578e-02;4.238658e-02;1.059853e-02;3.646614e-02;3.602813e-01;9.798940e-03
1.223263e-01;2.079984e-01;5.976205e-02;2.769531e-02;6.521190e-02;2.251855e-02;5.445325e-02;5.235673e-02;1.492480e-02;3.823589e-02;3.280394e-01;6.477334e-03
1.200162e-01;2.771178e-01;6.368989e-02;2.485630e-02;4.759752e-02;2.698687e-02;5.093805e-02;7.680071e-02;2.975856e-02;4.071936e-02;2.365419e-01;4.976753e-03
1.520657e-01;2.486325e-01;5.465310e-02;5.544297e-02;3.077719e-02;3.799541e-02;8.002175e-02;1.305460e-01;6.368066e-02;4.073547e-02;9.905846e-02;6.390817e-03
1.140791e-01;1.197214e-01;6.216725e-02;8.821476e-02;7.007054e-02;5.864247e-02;9.918617e-02;1.171819e-01;6.666743e-02;4.514608e-02;1.510369e-01;7.885926e-03
9.098706e-02;9.335136e-02;1.095292e-01;1.224991e-01;6.019146e-02;4.111259e-02;5.857286e-02;7.435197e-02;6.105373e-02;5.395365e-02;2.246511e-01;9.745933e-03
6.071309e-02;5.323854e-02;1.651728e-01;9.664910e-02;2.711445e-02;3.030308e-02;6.254233e-02;9.853399e-02;6.326409e-02;5.799653e-02;2.752219e-01;9.250049e-03
7.187465e-02;8.266429e-02;1.841423e-01;8.760484e-02;1.833146e-02;2.295890e-02;7.125974e-02;8.037386e-02;4.554528e-02;5.732806e-02;2.632802e-01;1.463640e-02
8.849224e-02;1.535719e-01;1.298671e-01;8.131456e-02;1.882603e-02;4.189764e-02;9.041283e-02;1.040782e-01;7.146922e-02;5.783692e-02;1.368636e-01;2.536986e-02
8.202730e-02;2.413333e-01;7.377701e-02;6.691612e-02;2.777826e-02;6.083724e-02;9.098727e-02;9.195552e-02;1.083233e-01;5.230880e-02;6.773166e-02;3.602426e-02
6.154012e-02;2.430767e-01;3.210596e-02;4.288217e-02;6.475420e-02;8.790141e-02;6.280532e-02;8.693476e-02;1.163771e-01;8.610792e-02;8.538309e-02;3.013122e-02
1.439973e-01;1.774525e-01;2.351593e-02;4.582768e-02;6.110327e-02;9.224817e-02;8.715627e-02;7.734112e-02;7.850443e-02;9.571809e-02;9.548123e-02;2.165408e-02
2.010812e-01;1.486869e-01;4.291518e-02;4.415278e-02;3.718055e-02;6.846585e-02;7.616221e-02;9.936694e-02;9.739410e-02;7.021782e-02;8.790442e-02;2.647204e-02
1.595594e-01;9.661431e-02;6.937871e-02;3.709455e-02;4.513574e-02;5.201915e-02;9.846156e-02;9.698529e-02;1.239079e-01;7.197072e-02;1.095799e-01;3.929283e-02
9.488676e-02;6.922296e-02;6.863449e-02;6.776340e-02;6.110913e-02;4.096400e-02;1.045756e-01;1.113377e-01;8.888897e-02;1.080135e-01;1.401582e-01;4.444529e-02
1.611743e-01;7.436150e-02;5.135096e-02;5.786286e-02;4.033200e-02;6.231870e-02;8.310380e-02;1.255016e-01;8.522923e-02;9.790610e-02;9.845854e-02;6.240036e-02
1.815630e-01;8.989015e-02;4.703447e-02;4.693727e-02;2.316724e-02;7.719654e-02;1.009628e-01;1.390855e-01;9.251890e-02;4.497524e-02;9.628585e-02;6.038292e-02
1.389395e-01;8.876161e-02;7.424788e-02;5.544819e-02;4.574471e-02;1.050768e-01;1.376591e-01;1.139416e-01;9.355029e-02;1.985092e-02;8.025857e-02;4.652071e-02
1.372027e-01;1.564425e-01;7.628227e-02;4.328365e-02;6.797341e-02;9.998810e-02;1.195320e-01;8.318790e-02;7.833350e-02;3.399529e-02;7.302170e-02;3.075702e-02
2.127276e-01;1.886721e-01;4.010599e-02;4.320704e-02;5.394423e-02;6.932570e-02;1.090072e-01;5.976027e-02;5.480718e-02;6.032898e-02;7.874568e-02;2.936796e-02
1.913276e-01;1.687749e-01;4.200252e-02;5.394806e-02;5.426263e-02;4.237588e-02;1.223096e-01;7.120688e-02;3.816863e-02;6.251951e-02;9.826143e-02;5.484229e-02
1.619486e-01;1.784557e-01;7.095149e-02;2.801496e-02;4.514780e-02;5.731302e-02;1.404659e-01;7.397705e-02;2.560373e-02;6.056097e-02;1.071041e-01;5.045659e-02
1.350179e-01;1.652168e-01;7.765481e-02;4.280420e-02;5.385204e-02;6.612349e-02;1.207564e-01;1.201714e-01;3.191473e-02;5.556243e-02;7.568893e-02;5.523690e-02
1.496431e-01;1.375289e-01;4.937169e-02;7.203444e-02;7.735553e-02;6.623895e-02;7.018233e-02;1.294534e-01;4.638096e-02;6.268018e-02;8.994702e-02;4.918350e-02
1.489371e-01;7.704645e-02;2.774272e-02;4.790679e-02;4.217557e-02;4.433265e-02;1.442512e-01;1.746361e-01;3.921749e-02;4.151452e-02;1.942422e-01;1.799722e-02
1.508536e-01;9.274475e-02;1.927315e-02;2.839509e-02;3.014157e-02;2.552688e-02;1.122315e-01;1.398686e-01;3.351383e-02;4.763239e-02;3.075776e-01;1.224097e-02
1.021745e-01;7.987387e-02;1.700711e-02;1.981779e-02;2.763053e-02;2.211867e-02;1.145306e-01;1.187061e-01;2.465837e-02;4.690366e-02;4.200650e-01;6.513794e-03
5.633966e-02;8.190427e-02;1.783378e-02;1.449377e-02;2.750105e-02;3.230822e-02;9.241007e-02;7.204553e-02;1.224253e-02;3.873212e-02;5.485553e-01;5.633656e-03
2.082007e-01;6.601929e-02;1.056599e-02;9.434111e-03;2.461203e-02;4.548485e-02;7.717273e-02;4.238842e-02;1.012355e-02;2.454538e-02;4.722395e-01;9.213452e-03
3.956556e-01;5.204125e-02;4.834992e-03;8.354149e-03;2.583228e-02;6.456169e-02;1.540827e-01;4.418017e-02;9.124113e-03;2.033264e-02;2.093679e-01;1.163252e-02
4.800474e-01;2.838260e-02;1.310319e-02;1.382237e-02;3.307115e-02;8.937854e-02;1.853882e-01;2.396906e-02;9.543173e-03;1.544387e-02;9.438922e-02;1.346123e-02
3.655017e-01;3.004651e-02;2.271536e-02;1.924256e-02;3.688035e-02;9.774663e-02;1.868169e-01;2.950379e-02;1.314421e-02;1.213771e-02;1.738233e-01;1.244087e-02
1.887226e-01;7.871798e-02;3.659919e-02;2.400639e-02;4.470948e-02;1.000036e-01;2.232087e-01;7.020132e-02;1.442857e-02;1.333176e-02;1.966404e-01;9.429965e-03
8.884692e-02;1.024733e-01;3.636917e-02;2.058271e-02;2.664392e-02;7.094464e-02;2.605327e-01;1.413538e-01;1.254020e-02;1.880611e-02;2.115254e-01;9.381027e-03
1.829869e-01;5.779305e-02;3.856282e-02;2.068702e-02;1.788032e-02;6.598205e-02;2.931737e-01;1.310136e-01;2.378015e-02;2.901399e-02;1.212920e-01;1.783433e-02
1.633505e-01;7.973561e-02;3.040697e-02;2.588205e-02;2.232493e-02;7.891594e-02;3.397593e-01;1.186483e-01;2.368261e-02;2.452208e-02;7.459547e-02;1.817621e-02
1.494099e-01;6.556195e-02;2.252316e-02;2.973892e-02;2.067679e-02;8.363667e-02;3.627659e-01;1.607484e-01;1.500348e-02;1.601038e-02;6.732090e-02;6.603577e-03
1.990785e-01;4.268229e-02;2.146207e-02;3.098975e-02;3.060108e-02;1.001035e-01;3.449715e-01;1.399313e-01;1.888829e-02;2.332127e-02;4.160305e-02;6.367394e-03
2.770248e-01;3.321624e-02;2.013567e-02;2.909225e-02;4.409270e-02;1.077567e-01;2.656342e-01;6.272867e-02;2.233446e-02;2.948770e-02;9.952042e-02;8.976256e-03
2.801295e-01;4.464941e-02;1.956544e-02;3.376321e-02;4.440399e-02;1.093968e-01;2.475877e-01;7.051588e-02;2.693953e-02;2.297475e-02;8.724285e-02;1.283100e-02
1.747183e-01;7.148425e-02;2.277245e-02;2.542796e-02;4.350810e-02;9.737068e-02;2.161397e-01;8.592133e-02;2.020815e-02;1.606752e-02;2.162711e-01;1.011041e-02
8.865482e-02;1.230441e-01;2.883644e-02;1.933318e-02;3.551842e-02;8.995394e-02;1.587676e-01;6.754307e-02;1.221633e-02;1.959511e-02;3.469989e-01;9.538067e-03
2.162769e-01;1.453389e-01;2.904458e-02;1.396665e-02;2.606867e-02;7.384612e-02;1.172142e-01;6.827961e-02;1.065541e-02;1.997663e-02;2.682115e-01;1.112083e-02
2.832774e-01;1.314991e-01;4.039069e-02;2.306230e-02;2.596669e-02;8.031788e-02;2.038452e-01;6.394684e-02;1.451928e-02;1.829395e-02;9.244051e-02;2.244024e-02
1.754129e-01;1.053581e-01;4.090356e-02;2.249214e-02;1.415015e-02;7.776081e-02;1.791995e-01;4.889168e-02;7.462766e-03;1.652751e-02;2.891657e-01;2.267524e-02
8.214703e-02;1.142298e-01;3.858367e-02;1.805719e-02;1.996755e-02;7.008599e-02;2.087567e-01;8.334016e-02;1.480648e-02;2.439227e-02;3.048619e-01;2.077129e-02
6.980299e-02;7.548647e-02;4.384184e-02;4.298990e-02;4.279020e-02;4.537249e-02;1.965517e-01;9.795611e-02;4.557084e-02;7.365758e-02;2.362309e-01;2.974898e-02
1.360149e-01;7.811854e-02;4.753735e-02;6.420435e-02;6.105177e-02;4.139642e-02;1.255645e-01;1.031267e-01;6.944763e-02;6.903879e-02;1.591352e-01;4.536382e-02
1.096711e-01;8.759268e-02;3.821085e-02;6.362993e-02;5.618351e-02;4.647713e-02;1.178024e-01;9.108217e-02;7.049233e-02;5.388788e-02;2.062128e-01;5.875720e-02
1.025194e-01;1.514907e-01;2.980255e-02;3.917894e-02;4.230378e-02;5.420706e-02;1.306565e-01;8.765554e-02;4.887249e-02;7.021119e-02;2.034340e-01;3.966775e-02
1.574724e-01;1.863902e-01;3.010728e-02;2.623771e-02;3.083916e-02;5.756068e-02;1.055241e-01;1.391548e-01;2.348712e-02;6.543920e-02;1.613020e-01;1.648539e-02
2.093072e-01;1.485372e-01;2.852956e-02;2.309778e-02;1.984371e-02;7.067578e-02;1.731260e-01;1.298907e-01;2.557805e-02;4.741720e-02;1.083642e-01;1.563255e-02
2.691017e-01;1.277753e-01;2.931769e-02;1.882187e-02;2.798029e-02;1.058441e-01;1.868827e-01;8.099341e-02;3.539993e-02;3.940989e-02;6.880657e-02;9.666621e-03
2.671658e-01;6.278527e-02;3.879112e-02;3.021727e-02;5.905394e-02;1.281252e-01;1.591706e-01;5.542647e-02;8.736032e-02;2.879562e-02;6.029656e-02;2.281180e-02
1.640660e-01;3.288845e-02;4.933747e-02;4.694539e-02;9.873696e-02;1.028864e-01;1.424996e-01;4.595903e-02;1.263563e-01;2.877405e-02;1.158068e-01;4.574358e-02
8.823460e-02;5.450670e-02;5.347501e-02;4.832114e-02;1.025493e-01;8.796451e-02;1.325129e-01;4.858211e-02;9.772683e-02;2.710553e-02;2.188873e-01;4.013409e-02
6.849263e-02;9.192612e-02;4.730488e-02;4.119805e-02;6.232268e-02;7.734431e-02;1.754794e-01;1.028964e-01;4.327971e-02;2.109819e-02;2.475369e-01;2.112073e-02
9.654207e-02;9.400863e-02;4.731041e-02;4.490885e-02;5.112521e-02;9.838900e-02;2.052124e-01;9.324702e-02;1.774763e-02;2.217759e-02;2.089618e-01;2.036932e-02
8.913375e-02;5.703539e-02;3.808405e-02;3.507048e-02;9.480178e-02;1.571273e-01;2.548963e-01;2.307194e-02;3.353528e-02;1.956199e-02;1.536287e-01;4.405309e-02
1.066588e-01;1.634425e-02;3.007813e-02;4.267836e-02;9.959057e-02;1.527867e-01;2.538235e-01;6.495602e-02;3.349915e-02;1.798119e-02;1.257878e-01;5.581560e-02
1.326064e-01;5.674301e-02;3.713570e-02;4.810847e-02;8.546271e-02;1.111198e-01;1.791581e-01;3.580933e-02;3.202574e-02;4.246753e-02;1.961776e-01;4.318554e-02
1.320951e-01;5.841497e-02;4.551712e-02;3.659229e-02;6.803144e-02;8.324283e-02;1.196855e-01;4.576745e-02;3.174017e-02;6.532208e-02;2.870065e-01;2.658462e-02
1.130584e-01;6.127671e-02;5.184312e-02;3.556987e-02;5.411043e-02;6.246843e-02;7.947523e-02;4.293498e-02;1.680012e-02;7.524034e-02;3.809523e-01;2.627002e-02
1.107825e-01;6.367081e-02;4.597682e-02;3.008324e-02;3.908206e-02;5.022696e-02;9.166928e-02;5.611762e-02;1.244102e-02;6.781866e-02;4.075037e-01;2.462735e-02
9.367847e-02;6.686351e-02;4.562277e-02;2.670077e-02;4.111879e-02;4.879665e-02;1.015497e-01;4.836002e-02;8.334733e-03;5.662912e-02;4.407845e-01;2.156107e-02
7.234909e-02;7.395315e-02;4.796411e-02;3.353225e-02;4.267002e-02;2.889772e-02;1.003200e-01;6.532291e-02;1.091384e-02;4.933912e-02;4.553962e-01;1.934161e-02
6.060866e-02;9.729718e-02;5.985103e-02;4.593801e-02;3.590063e-02;1.725280e-02;7.193536e-02;6.685210e-02;1.101694e-02;3.395868e-02;4.875646e-01;1.182403e-02
3.635971e-02;1.145620e-01;6.529384e-02;5.410085e-02;5.935278e-02;2.763177e-02;6.343599e-02;5.649677e-02;9.790634e-03;2.679976e-02;4.803688e-01;5.807230e-03
3.201886e-02;1.257502e-01;6.854029e-02;5.829344e-02;7.614356e-02;2.907546e-02;6.295406e-02;4.519320e-02;6.507065e-03;2.774561e-02;4.594307e-01;8.347573e-03
2.871557e-02;1.178299e-01;6.707338e-02;5.540044e-02;7.334491e-02;3.370466e-02;5.767546e-02;5.205654e-02;8.903044e-03;2.436232e-02;4.734322e-01;7.501569e-03
2.703856e-02;1.059566e-01;5.935273e-02;4.217775e-02;5.855255e-02;3.211206e-02;5.064196e-02;5.688351e-02;1.118376e-02;2.189221e-02;5.255151e-01;8.693201e-03
2.621241e-02;1.021749e-01;5.603593e-02;3.621453e-02;3.931672e-02;3.693602e-02;6.371733e-02;4.328680e-02;7.875543e-03;1.999933e-02;5.599444e-01;8.286132e-03
4.512643e-02;9.152874e-02;5.014579e-02;3.315438e-02;3.478062e-02;3.120043e-02;3.530051e-02;3.916318e-02;4.551408e-03;1.758122e-02;6.076084e-01;9.858878e-03
7.058127e-02;7.284404e-02;4.023346e-02;3.462499e-02;3.252265e-02;1.912869e-02;4.163720e-02;4.267205e-02;3.136141e-03;1.932678e-02;6.054783e-01;1.781446e-02
5.040948e-02;7.481460e-02;3.998499e-02;2.785233e-02;2.559313e-02;9.848709e-03;3.486797e-02;4.489795e-02;7.060311e-03;2.814163e-02;6.317640e-01;2.476487e-02
2.959128e-02;7.221557e-02;3.896306e-02;2.664272e-02;2.108322e-02;9.354047e-03;3.025422e-02;5.111550e-02;1.378086e-02;3.550349e-02;6.537675e-01;1.772846e-02
1.483289e-02;7.171601e-02;4.027752e-02;3.103052e-02;2.073752e-02;1.585765e-02;3.883423e-02;5.811758e-02;1.487064e-02;2.972726e-02;6.542637e-01;9.734463e-03
1.638369e-02;7.369485e-02;4.158099e-02;3.848677e-02;2.244536e-02;1.763510e-02;3.009536e-02;6.611152e-02;7.063831e-03;2.349254e-02;6.587257e-01;4.284235e-03
3.930492e-02;5.948339e-02;3.855832e-02;4.199981e-02;1.965245e-02;1.797422e-02;2.377041e-02;6.152618e-02;4.307324e-03;2.497756e-02;6.643690e-01;4.076476e-03
5.473970e-02;6.589388e-02;3.268640e-02;4.582939e-02;1.427527e-02;1.795281e-02;2.706328e-02;5.765001e-02;4.815301e-03;2.493791e-02;6.497002e-01;4.455803e-03
6.112872e-02;5.984880e-02;2.504496e-02;4.415721e-02;1.540014e-02;1.250334e-02;1.626929e-02;5.357866e-02;4.333846e-03;2.280382e-02;6.774465e-01;7.484663e-03
4.145765e-02;6.682990e-02;2.215695e-02;2.920425e-02;2.016311e-02;1.581859e-02;2.428594e-02;4.995976e-02;1.074958e-02;1.845928e-02;6.880903e-01;1.282471e-02
2.059257e-01;5.864466e-02;2.218140e-02;1.023058e-02;2.417999e-02;2.145987e-02;4.459707e-02;3.453060e-02;2.972457e-02;1.798632e-02;4.892570e-01;4.128222e-02
4.121822e-01;5.323713e-02;1.961770e-02;1.430014e-02;1.923166e-02;3.616050e-02;9.501615e-02;2.779412e-02;3.330339e-02;2.613128e-02;2.088615e-01;5.416418e-02
4.277954e-01;1.190024e-01;1.111954e-02;1.334891e-02;1.040393e-02;4.219022e-02;1.469288e-01;4.484214e-02;1.622481e-02;2.870384e-02;1.089042e-01;3.053581e-02
3.082882e-01;1.973494e-01;7.433711e-03;8.437663e-03;6.768951e-03;3.817410e-02;2.020231e-01;7.677522e-02;5.534724e-03;1.813238e-02;1.168455e-01;1.423696e-02
2.133622e-01;2.544895e-01;8.336938e-03;2.955651e-03;5.800401e-03;2.872583e-02;2.253526e-01;1.038735e-01;3.973508e-03;6.535938e-03;1.396389e-01;6.954941e-03
1.228591e-01;2.749372e-01;1.054267e-02;2.441616e-03;6.100994e-03;2.460682e-02;2.467906e-01;1.318609e-01;5.758272e-03;7.515918e-03;1.537981e-01;1.278779e-02
2.359502e-02;2.787591e-01;1.485889e-02;2.659351e-03;6.348725e-03;2.309859e-02;2.884527e-01;1.919045e-01;5.692731e-03;7.378538e-03;1.507398e-01;6.511942e-03
7.595418e-02;2.067024e-01;2.144213e-02;4.184410e-03;4.843853e-03;1.936013e-02;2.564604e-01;2.498772e-01;6.683905e-03;1.809080e-02;1.147898e-01;2.161090e-02
9.137636e-02;1.402162e-01;2.586372e-02;9.464209e-03;6.331652e-03;8.805876e-03;2.485032e-01;3.266033e-01;1.120672e-02;3.327946e-02;5.812538e-02;4.022398e-02
7.717732e-02;9.735429e-02;2.237580e-02;9.296210e-03;7.711151e-03;1.635810e-02;3.200801e-01;3.160195e-01;1.845814e-02;3.885368e-02;3.368618e-02;4.262948e-02
3.340906e-02;1.196859e-01;1.500447e-02;5.358562e-03;8.129069e-03;2.689036e-02;3.715051e-01;2.872961e-01;1.982623e-02;3.581332e-02;6.452645e-02;1.255531e-02
8.104294e-02;1.075364e-01;2.227650e-02;1.193525e-02;1.473110e-02;4.037414e-02;3.406246e-01;2.314835e-01;3.214206e-02;3.509725e-02;6.967799e-02;1.307829e-02
8.739266e-02;1.025065e-01;2.945234e-02;1.950826e-02;2.712331e-02;5.205962e-02;3.200827e-01;1.898826e-01;2.492176e-02;4.221974e-02;8.922692e-02;1.562358e-02
6.762353e-02;1.469784e-01;3.116304e-02;2.647914e-02;2.389882e-02;4.256202e-02;2.792634e-01;1.834415e-01;2.574627e-02;3.957440e-02;1.157183e-01;1.755119e-02
