7.666702e-02;6.183870e-02;1.231711e-01;5.764539e-02;1.153680e-01;9.051739e-02;1.127486e-01;8.038203e-02;8.086170e-02;8.319956e-02;5.409501e-02;6.350541e-02
7.550222e-02;5.769514e-02;1.145975e-01;5.063353e-02;1.021456e-01;7.553865e-02;1.328653e-01;1.008065e-01;1.171605e-01;6.567676e-02;5.178168e-02;5.559670e-02
5.530900e-02;3.758999e-02;8.711993e-02;6.434552e-02;9.990099e-02;1.095658e-01;2.439989e-01;1.112102e-01;7.372468e-02;6.295049e-02;2.623327e-02;2.805129e-02
5.701467e-02;4.681490e-02;1.053158e-01;6.759799e-02;1.135500e-01;9.982386e-02;2.479529e-01;9.910602e-02;6.090410e-02;5.716319e-02;2.225482e-02;2.250177e-02
6.457272e-02;6.340641e-02;1.167603e-01;9.033920e-02;1.355836e-01;7.506713e-02;1.866447e-01;9.458835e-02;5.288031e-02;7.174485e-02;2.645772e-02;2.195465e-02
5.861510e-02;6.063810e-02;2.410454e-01;1.233544e-01;1.314954e-01;3.917985e-02;1.201897e-01;7.131322e-02;3.012362e-02;6.866641e-02;3.251920e-02;2.285966e-02
4.663601e-02;2.776011e-02;3.866911e-01;1.326555e-01;1.289110e-01;4.066890e-02;6.840966e-02;4.816961e-02;2.570976e-02;5.076180e-02;2.336732e-02;2.025921e-02
4.274723e-02;4.012799e-02;4.998094e-01;9.680708e-02;1.111425e-01;2.843735e-02;4.786610e-02;3.375928e-02;2.390473e-02;3.510058e-02;2.649114e-02;1.380672e-02
3.327259e-02;4.502020e-02;4.483231e-01;8.072951e-02;9.747631e-02;3.496683e-02;1.010136e-01;4.303119e-02;3.007538e-02;3.561027e-02;3.700302e-02;1.347802e-02
4.755700e-02;3.092327e-02;2.383050e-01;1.100686e-01;1.552213e-01;5.585496e-02;1.453285e-01;5.779085e-02;4.885824e-02;4.672246e-02;3.507830e-02;2.829137e-02
2.295484e-02;3.055477e-02;1.857332e-01;1.114945e-01;1.435348e-01;9.455245e-02;1.635099e-01;4.273888e-02;4.266492e-02;7.922284e-02;4.219394e-02;4.084496e-02
5.383920e-02;4.965466e-02;1.340659e-01;7.228892e-02;9.623331e-02;8.870534e-02;1.982194e-01;6.535075e-02;5.985373e-02;7.590253e-02;4.951604e-02;5.637030e-02
7.325379e-02;4.935614e-02;3.900420e-02;3.803377e-02;6.511936e-02;1.103723e-01;2.852548e-01;1.089603e-01;7.415693e-02;7.439532e-02;3.803853e-02;4.405459e-02
7.949261e-02;4.860763e-02;4.241198e-02;1.780205e-02;4.913575e-02;1.240221e-01;3.705302e-01;7.610714e-02;6.409888e-02;8.376963e-02;1.678602e-02;2.723603e-02
8.379723e-02;3.881156e-02;3.354416e-02;1.849783e-02;4.982023e-02;1.615233e-01;3.993385e-01;4.928285e-02;4.382529e-02;8.453705e-02;1.438939e-02;2.263267e-02
8.763285e-02;2.103957e-02;2.295867e-02;1.588144e-02;5.518500e-02;2.185502e-01;4.040628e-01;3.485664e-02;2.857472e-02;8.836882e-02;8.209747e-03;1.467945e-02
8.645431e-02;1.551588e-02;2.362919e-02;1.930401e-02;9.442595e-02;2.448385e-01;3.387659e-01;4.463124e-02;3.749621e-02;8.118174e-02;4.610894e-03;9.146199e-03
6.325035e-02;1.666834e-02;7.505269e-02;6.049576e-02;1.760130e-01;1.911131e-01;2.163643e-01;4.652435e-02;6.992925e-02;5.183770e-02;6.878771e-03;2.587230e-02
2.124729e-02;1.155371e-02;1.861244e-01;1.285360e-01;1.893995e-01;1.100185e-01;1.031836e-01;9.235293e-02;7.015186e-02;3.244955e-02;2.346915e-02;3.151356e-02
1.551807e-02;1.422240e-02;2.267552e-01;1.558136e-01;1.205984e-01;1.051749e-01;1.469286e-01;1.024124e-01;2.099405e-02;2.970733e-02;4.752102e-02;1.435415e-02
1.608027e-02;2.662849e-02;2.627803e-01;1.442945e-01;9.396479e-02;9.286533e-02;1.429033e-01;1.043293e-01;1.356786e-02;2.851856e-02;6.163211e-02;1.243516e-02
2.900055e-02;3.271856e-02;2.217482e-01;1.123061e-01;1.790043e-01;9.301600e-02;8.420167e-02;6.656715e-02;4.093385e-02;3.563030e-02;5.763748e-02;4.723579e-02
7.109046e-02;2.967213e-02;1.261249e-01;5.796230e-02;1.758384e-01;1.375626e-01;1.416474e-01;5.676310e-02;5.044650e-02;3.741803e-02;4.382116e-02;7.165293e-02
1.241803e-01;2.753288e-02;5.552154e-02;3.047717e-02;1.182256e-01;2.064313e-01;2.105946e-01;6.394469e-02;3.974584e-02;5.646111e-02;2.194488e-02;4.494009e-02
1.386696e-01;2.369065e-02;3.062920e-02;2.716453e-02;7.704166e-02;2.390558e-01;2.605260e-01;5.978528e-02;2.866458e-02;8.027098e-02;1.327169e-02;2.122997e-02
1.259910e-01;1.759474e-02;3.024107e-02;2.797636e-02;8.373596e-02;2.732068e-01;2.345906e-01;5.103482e-02;3.147672e-02;9.919651e-02;9.469243e-03;1.548629e-02
1.031124e-01;1.508948e-02;3.584704e-02;2.919102e-02;1.344185e-01;2.852328e-01;2.257117e-01;3.467356e-02;2.400529e-02;8.708542e-02;9.877244e-03;1.575549e-02
6.913716e-02;1.524243e-02;9.767363e-02;5.182584e-02;1.812419e-01;2.439415e-01;2.035764e-01;3.480674e-02;2.759945e-02;5.113897e-02;8.447874e-03;1.536799e-02
3.486336e-02;2.528675e-02;2.136059e-01;7.429750e-02;1.763300e-01;1.963023e-01;1.686683e-01;1.994574e-02;3.424397e-02;2.747729e-02;1.073891e-02;1.824000e-02
4.636387e-02;3.816096e-02;2.875248e-01;6.809841e-02;1.300167e-01;1.962496e-01;1.015277e-01;3.795787e-02;3.530523e-02;3.519405e-02;1.306724e-02;1.053351e-02
5.016467e-02;2.520470e-02;1.902085e-01;3.912582e-02;1.311103e-01;2.539345e-01;2.121224e-01;1.961307e-02;2.622724e-02;3.475598e-02;8.918691e-03;8.614074e-03
3.898772e-02;2.170730e-02;6.341574e-02;4.947309e-02;1.165843e-01;3.051975e-01;2.943995e-01;2.668597e-02;2.723245e-02;3.113781e-02;1.124794e-02;1.393071e-02
2.659248e-02;3.241265e-02;4.769596e-02;4.613555e-02;1.066493e-01;2.844377e-01;2.938389e-01;4.631989e-02;4.740956e-02;3.375699e-02;1.510519e-02;1.964589e-02
3.477713e-02;4.747378e-02;5.858605e-02;3.924815e-02;1.071774e-01;1.831892e-01;1.676515e-01;1.034555e-01;9.163780e-02;7.793020e-02;3.017505e-02;5.869811e-02
6.323902e-02;5.524676e-02;1.056950e-01;5.614605e-02;1.153059e-01;1.149928e-01;6.112306e-02;1.214937e-01;7.734906e-02;1.040220e-01;4.656193e-02;7.882467e-02
7.610378e-02;6.776849e-02;1.778856e-01;5.725025e-02;1.312061e-01;9.854550e-02;9.236065e-02;8.144984e-02;5.251951e-02;7.638016e-02;3.421883e-02;5.431141e-02
9.408745e-02;5.872941e-02;2.790753e-01;7.091668e-02;1.103968e-01;7.774103e-02;1.361776e-01;4.134664e-02;4.184571e-02;3.270780e-02;2.831712e-02;2.865851e-02
1.155552e-01;7.802495e-02;2.918460e-01;7.235064e-02;9.040570e-02;6.422371e-02;1.210882e-01;3.130747e-02;4.830323e-02;2.776457e-02;2.703097e-02;3.209935e-02
1.208640e-01;9.303156e-02;2.906637e-01;6.927554e-02;8.217119e-02;5.571953e-02;1.129397e-01;3.066091e-02;5.418551e-02;2.799025e-02;2.506396e-02;3.743418e-02
1.152579e-01;6.746656e-02;2.055141e-01;4.885478e-02;7.476408e-02;3.412301e-02;1.733805e-01;5.058130e-02;8.017673e-02;5.140211e-02;3.808407e-02;6.039486e-02
2.317144e-01;1.179357e-01;1.292516e-01;3.213127e-02;3.449805e-02;2.471789e-02;1.006944e-01;8.970835e-02;1.039547e-01;4.108579e-02;3.967274e-02;5.463500e-02
2.818181e-01;1.709494e-01;1.503859e-01;2.073292e-02;2.128975e-02;1.095498e-02;6.373915e-02;9.161408e-02;9.094100e-02;2.546171e-02;3.462377e-02;3.748915e-02
3.474571e-01;2.192979e-01;1.341969e-01;1.355709e-02;1.739942e-02;5.398604e-03;4.001645e-02;7.276089e-02;7.329364e-02;1.987260e-02;3.689479e-02;1.985458e-02
4.216166e-01;2.071525e-01;9.648708e-02;9.895898e-03;2.251686e-02;5.080154e-03;2.813464e-02;9.124374e-02;4.300390e-02;1.384567e-02;3.708666e-02;2.393621e-02
5.000428e-01;1.711387e-01;6.394731e-02;6.025590e-03;2.591614e-02;5.890575e-03;1.941747e-02;1.138035e-01;2.144792e-02;7.756982e-03;3.233837e-02;3.227460e-02
5.037924e-01;1.492535e-01;7.513327e-02;7.336787e-03;2.428661e-02;6.785741e-03;2.189031e-02;1.075356e-01;3.165983e-02;8.788258e-03;2.340486e-02;4.013290e-02
4.803734e-01;1.472254e-01;9.144356e-02;8.539606e-03;2.144869e-02;7.469136e-03;3.739635e-02;9.005257e-02;3.581705e-02;8.695480e-03;2.145936e-02;5.007940e-02
4.516416e-01;1.443820e-01;1.158712e-01;7.038051e-03;1.974150e-02;1.096548e-02;3.985616e-02;6.964350e-02;3.464014e-02;1.111220e-02;3.014605e-02;6.496222e-02
4.072276e-01;1.133760e-01;7.159950e-02;1.843072e-02;2.597662e-02;2.942201e-02;8.734467e-02;6.677778e-02;2.832895e-02;3.053318e-02;4.830037e-02;7.268265e-02
3.641280e-01;9.999129e-02;6.703457e-02;3.104780e-02;3.938248e-02;4.922182e-02;1.159000e-01;4.185754e-02;2.464920e-02;5.413577e-02;7.631753e-02;3.633398e-02
2.704706e-01;1.200258e-01;8.555704e-02;3.172237e-02;5.111203e-02;4.469549e-02;6.134472e-02;6.348497e-02;6.362736e-02;5.954298e-02;8.641370e-02;6.200287e-02
1.925561e-01;1.039236e-01;8.567356e-02;4.177037e-02;6.270850e-02;3.461055e-02;6.915426e-02;1.152160e-01;7.623152e-02;7.005559e-02;9.946213e-02;4.863786e-02
2.038328e-01;8.274703e-02;8.848645e-02;5.605944e-02;4.721778e-02;6.951822e-02;7.368550e-02;1.163307e-01;6.981111e-02;7.662275e-02;6.959843e-02;4.608978e-02
2.603621e-01;1.633157e-01;2.617327e-01;3.384415e-02;1.955465e-02;3.195892e-02;5.335655e-02;4.445147e-02;3.294944e-02;3.697709e-02;2.806857e-02;3.342858e-02
2.709531e-01;2.386100e-01;2.941069e-01;2.977282e-02;1.852303e-02;1.567955e-02;3.339163e-02;1.801360e-02;2.797955e-02;1.904169e-02;1.329454e-02;2.063365e-02
2.874104e-01;2.916023e-01;2.682006e-01;2.040893e-02;1.147811e-02;1.114827e-02;1.625784e-02;1.597328e-02;3.679081e-02;1.783606e-02;8.417092e-03;1.447642e-02
3.106852e-01;3.058573e-01;2.316901e-01;1.662997e-02;9.732493e-03;9.289677e-03;1.175719e-02;2.664895e-02;4.566516e-02;1.560592e-02;6.790062e-03;9.647987e-03
3.810410e-01;2.789013e-01;1.482865e-01;1.166555e-02;1.845616e-02;5.466456e-03;1.363704e-02;5.089277e-02;4.814862e-02;1.358940e-02;1.283534e-02;1.707981e-02
4.374554e-01;2.298319e-01;8.332207e-02;8.448743e-03;3.434059e-02;4.735496e-03;1.451296e-02;7.949421e-02;5.488707e-02;1.408897e-02;2.017693e-02;1.870559e-02
4.160077e-01;2.088387e-01;8.433717e-02;8.877612e-03;4.410553e-02;7.849015e-03;2.009060e-02;8.619472e-02;5.767208e-02;2.357244e-02;2.376490e-02;1.868949e-02
3.851454e-01;2.056039e-01;9.105442e-02;1.057218e-02;4.606778e-02;1.351927e-02;3.360350e-02;7.930489e-02;5.828114e-02;3.336205e-02;2.462114e-02;1.886437e-02
3.533626e-01;2.013906e-01;1.103308e-01;1.627616e-02;4.156063e-02;2.010522e-02;4.339131e-02;6.423666e-02;5.435642e-02;5.047568e-02;2.295819e-02;2.155580e-02
3.326312e-01;1.840067e-01;1.314475e-01;1.857866e-02;3.593326e-02;1.486375e-02;5.454940e-02;6.171082e-02;5.555218e-02;5.942518e-02;2.218801e-02;2.911342e-02
3.101197e-01;1.431422e-01;1.441343e-01;2.429503e-02;4.723803e-02;1.569617e-02;6.909008e-02;7.168731e-02;4.855172e-02;5.551410e-02;3.010611e-02;4.042526e-02
2.706211e-01;8.323707e-02;1.449792e-01;3.810269e-02;6.169292e-02;3.418391e-02;7.688963e-02;6.884792e-02;7.431984e-02;5.913277e-02;3.865716e-02;4.933577e-02
2.286302e-01;8.950044e-02;1.059501e-01;3.952088e-02;8.633514e-02;6.305622e-02;6.169634e-02;7.429682e-02;1.166093e-01;5.916264e-02;3.487367e-02;4.036830e-02
2.087904e-01;1.156648e-01;8.672509e-02;3.358861e-02;7.673139e-02;6.150155e-02;8.044503e-02;8.860902e-02;1.237439e-01;5.779915e-02;2.727487e-02;3.912625e-02
1.605868e-01;1.150246e-01;8.693825e-02;6.302381e-02;8.864946e-02;4.473960e-02;1.230927e-01;1.099730e-01;8.695360e-02;6.157060e-02;3.244931e-02;2.699821e-02
1.023012e-01;6.673879e-02;8.936229e-02;9.540551e-02;1.328755e-01;3.917711e-02;1.099453e-01;1.234301e-01;1.037765e-01;8.309978e-02;1.864901e-02;3.523891e-02
8.989113e-02;5.386855e-02;9.285174e-02;1.103864e-01;1.536508e-01;5.783467e-02;9.505706e-02;9.728450e-02;8.107850e-02;1.007907e-01;2.412282e-02;4.318317e-02
9.038295e-02;6.614590e-02;1.004379e-01;9.768312e-02;1.335213e-01;7.013999e-02;1.022946e-01;7.855328e-02;6.673078e-02;1.068842e-01;3.241107e-02;5.481498e-02
9.276906e-02;6.178966e-02;1.267008e-01;6.165729e-02;9.999177e-02;7.748744e-02;1.101804e-01;8.775683e-02;7.301991e-02;1.045838e-01;3.161617e-02;7.244678e-02
4.165276e-02;8.033865e-02;1.719804e-01;7.613482e-02;9.609716e-02;5.210603e-02;7.772560e-02;7.849200e-02;8.294960e-02;1.227429e-01;5.861022e-02;6.116989e-02
5.967364e-02;6.376544e-02;2.026048e-01;8.719107e-02;5.679953e-02;4.867519e-02;1.232756e-01;6.024458e-02;9.345110e-02;8.297736e-02;5.577760e-02;6.556408e-02
7.523036e-02;5.232935e-02;1.513548e-01;8.821908e-02;4.456175e-02;4.657428e-02;1.797990e-01;8.376684e-02;8.343705e-02;6.675617e-02;3.917587e-02;8.879546e-02
7.174589e-02;3.868170e-02;9.705859e-02;9.109869e-02;3.232669e-02;5.235170e-02;2.582429e-01;9.726214e-02;6.045646e-02;5.625439e-02;2.212580e-02;1.223951e-01
2.896485e-02;2.792994e-02;5.499699e-02;8.757791e-02;2.027848e-02;8.837923e-02;3.402801e-01;7.940208e-02;2.573252e-02;4.034702e-02;5.061248e-02;1.554984e-01
7.547289e-02;2.952715e-02;4.094676e-02;6.882596e-02;1.185112e-02;8.497968e-02;3.975368e-01;6.148987e-02;1.199507e-02;2.349146e-02;4.489876e-02;1.489845e-01
9.634654e-02;2.303313e-02;3.255637e-02;7.687423e-02;1.204166e-02;3.695730e-02;4.776061e-01;2.467389e-02;1.304979e-02;1.671252e-02;3.025642e-02;1.598920e-01
7.320248e-02;1.773865e-02;1.741011e-02;7.547337e-02;1.151037e-02;3.172910e-02;4.552468e-01;8.159547e-02;2.775628e-02;2.331579e-02;2.734085e-02;1.576807e-01
6.774753e-02;1.893921e-02;1.891579e-02;6.949407e-02;8.686314e-03;2.248742e-02;3.945519e-01;1.511982e-01;4.270948e-02;4.361646e-02;2.796746e-02;1.336862e-01
7.784081e-02;1.551839e-02;2.440761e-02;6.411771e-02;1.127085e-02;3.169560e-02;4.006289e-01;1.557198e-01;3.132924e-02;5.575952e-02;2.597360e-02;1.057380e-01
1.176779e-01;3.640146e-02;5.851986e-02;5.018449e-02;2.751159e-02;3.694488e-02;3.609172e-01;1.516049e-01;2.085160e-02;4.982458e-02;2.033715e-02;6.922445e-02
1.613787e-01;7.360978e-02;1.415733e-01;3.134557e-02;5.056866e-02;3.787613e-02;2.592194e-01;1.434262e-01;1.355513e-02;3.352480e-02;1.989951e-02;3.402286e-02
1.921356e-01;1.013683e-01;2.376425e-01;2.778501e-02;6.057664e-02;2.502880e-02;1.545158e-01;9.619714e-02;2.784765e-02;2.675183e-02;2.589860e-02;2.425215e-02
1.948886e-01;7.938318e-02;2.453946e-01;4.303759e-02;6.788765e-02;4.640845e-02;1.306345e-01;3.874667e-02;3.306388e-02;3.837249e-02;3.654253e-02;4.563984e-02
1.502465e-01;4.157558e-02;1.475374e-01;5.037919e-02;8.371153e-02;7.424784e-02;1.937600e-01;6.694430e-02;3.416197e-02;3.786818e-02;5.949856e-02;6.006895e-02
8.461683e-02;3.493419e-02;8.988766e-02;3.246012e-02;7.133922e-02;4.997374e-02;2.845966e-01;1.132507e-01;4.949053e-02;5.737070e-02;6.969187e-02;6.238781e-02
6.399871e-02;3.874005e-02;8.271127e-02;1.927000e-02;7.212476e-02;6.095671e-02;3.279783e-01;8.982328e-02;5.540468e-02;6.719170e-02;6.289154e-02;5.890909e-02
7.687061e-02;3.127860e-02;5.002151e-02;1.303565e-02;5.842088e-02;9.493569e-02;3.875452e-01;8.892621e-02;6.480408e-02;4.951751e-02;4.417493e-02;4.046911e-02
8.415646e-02;3.057469e-02;4.535905e-02;2.890253e-02;3.384876e-02;8.662421e-02;4.246260e-01;9.739330e-02;4.469925e-02;4.184324e-02;4.181597e-02;4.015654e-02
9.388048e-02;3.522366e-02;5.914391e-02;2.540313e-02;3.986295e-02;7.021901e-02;2.687522e-01;1.293179e-01;1.262833e-01;6.547564e-02;3.551226e-02;5.092552e-02
8.282279e-02;5.164549e-02;5.345820e-02;3.156855e-02;5.394564e-02;8.787809e-02;1.916057e-01;1.256261e-01;1.563056e-01;7.180180e-02;3.650593e-02;5.683621e-02
6.767526e-02;5.545130e-02;5.518338e-02;3.548609e-02;6.557234e-02;8.825756e-02;1.711587e-01;1.237612e-01;1.604370e-01;6.281277e-02;5.524969e-02;5.895472e-02
4.090492e-02;5.403761e-02;7.571891e-02;5.790571e-02;8.778165e-02;8.355685e-02;1.601153e-01;1.029608e-01;1.618326e-01;4.736612e-02;7.407593e-02;5.374368e-02
4.966215e-02;4.927076e-02;2.522120e-01;9.624455e-02;1.065445e-01;7.942870e-02;1.512018e-01;3.894595e-02;7.760196e-02;3.824778e-02;4.629363e-02;1.434620e-02
8.902320e-02;8.135189e-02;2.968391e-01;9.620602e-02;7.606079e-02;5.981783e-02;1.343882e-01;4.962244e-02;4.295130e-02;2.943564e-02;2.254558e-02;2.175809e-02
1.553522e-01;1.042853e-01;2.665192e-01;9.146099e-02;6.333529e-02;3.500133e-02;1.060357e-01;6.477306e-02;4.532109e-02;2.525031e-02;1.903791e-02;2.362762e-02
2.725531e-01;1.126212e-01;1.800258e-01;7.186653e-02;6.278653e-02;2.622891e-02;7.162989e-02;9.380984e-02;4.191697e-02;2.024755e-02;1.733024e-02;2.898357e-02
3.910137e-01;1.137459e-01;1.149733e-01;2.817155e-02;5.360383e-02;1.959376e-02;5.400885e-02;1.272569e-01;2.605639e-02;1.125071e-02;2.399821e-02;3.632688e-02
4.768589e-01;1.082991e-01;9.016819e-02;1.231893e-02;4.825940e-02;8.949509e-03;2.350429e-02;1.441492e-01;9.307606e-03;8.325167e-03;2.708589e-02;4.277386e-02
5.014522e-01;1.107060e-01;8.037128e-02;8.592496e-03;4.044692e-02;6.836275e-03;2.625713e-02;1.206239e-01;2.032437e-02;1.397250e-02;2.238276e-02;4.803417e-02
4.712484e-01;1.466041e-01;1.198723e-01;7.711060e-03;2.658423e-02;7.772661e-03;2.867683e-02;7.323494e-02;2.430451e-02;2.448929e-02;2.001099e-02;4.949058e-02
4.466075e-01;1.656447e-01;1.579345e-01;1.374767e-02;2.437408e-02;9.948632e-03;2.388603e-02;4.374230e-02;1.869114e-02;3.116801e-02;1.863022e-02;4.562510e-02
4.495287e-01;1.364378e-01;1.192665e-01;2.421279e-02;3.183965e-02;1.633563e-02;4.054446e-02;3.302097e-02;2.405520e-02;3.619542e-02;2.974761e-02;5.881520e-02
3.815214e-01;1.149415e-01;8.180596e-02;2.996631e-02;4.452887e-02;3.829721e-02;1.026830e-01;3.224834e-02;2.195633e-02;4.025156e-02;4.974532e-02;6.205413e-02
2.811335e-01;1.016253e-01;7.605001e-02;2.653648e-02;5.691306e-02;6.319966e-02;1.363177e-01;6.262667e-02;2.751255e-02;6.527230e-02;7.705940e-02;2.575331e-02
2.360617e-01;6.372094e-02;1.035459e-01;3.074981e-02;5.533432e-02;6.684160e-02;1.238983e-01;5.712805e-02;3.260186e-02;8.936542e-02;9.811824e-02;4.263394e-02
2.765070e-01;6.603391e-02;1.115796e-01;2.212089e-02;3.296436e-02;4.078666e-02;1.200862e-01;4.409847e-02;6.013146e-02;6.655158e-02;7.459920e-02;8.454062e-02
3.325302e-01;6.749626e-02;5.397658e-02;3.401332e-02;1.861512e-02;2.820914e-02;1.538409e-01;3.462830e-02;4.694453e-02;4.231194e-02;5.699972e-02;1.304339e-01
3.234871e-01;6.547862e-02;4.419475e-02;4.224624e-02;8.068553e-03;2.367231e-02;1.768907e-01;6.008356e-02;1.981452e-02;5.977717e-02;3.699555e-02;1.392910e-01
2.776982e-01;5.669250e-02;4.622287e-02;5.442858e-02;1.068405e-02;1.704028e-02;2.028230e-01;6.906306e-02;1.269355e-02;6.496327e-02;3.031877e-02;1.573720e-01
2.224611e-01;2.782619e-02;3.449134e-02;6.364653e-02;1.394650e-02;1.536253e-02;2.525121e-01;6.798704e-02;1.558441e-02;6.422859e-02;3.897760e-02;1.829761e-01
1.622818e-01;2.482929e-02;7.054804e-02;5.747660e-02;2.129634e-02;3.556576e-02;2.513598e-01;6.240067e-02;2.860048e-02;7.022761e-02;5.845210e-02;1.569615e-01
1.272145e-01;4.381593e-02;1.303663e-01;4.202446e-02;4.211200e-02;5.250889e-02;2.228573e-01;3.982388e-02;4.321888e-02;7.931992e-02;7.089317e-02;1.058449e-01
6.778023e-02;5.922957e-02;1.682378e-01;4.455217e-02;6.834459e-02;5.242924e-02;2.143565e-01;5.628289e-02;5.179209e-02;8.699609e-02;6.855581e-02;6.144298e-02
1.030015e-01;5.885772e-02;9.940415e-02;5.583986e-02;7.591419e-02;5.066993e-02;2.079005e-01;1.128659e-01;5.223403e-02;6.133650e-02;3.894992e-02;8.302582e-02
1.005006e-01;6.602484e-02;9.454284e-02;5.454364e-02;7.383233e-02;3.663141e-02;2.016582e-01;9.350774e-02;5.709681e-02;4.421286e-02;5.842139e-02;1.190273e-01
1.493316e-01;8.054539e-02;7.674659e-02;4.844725e-02;7.081588e-02;4.745409e-02;1.423648e-01;8.471231e-02;7.170066e-02;5.590702e-02;1.012164e-01;7.075801e-02
1.329856e-01;6.663944e-02;1.349258e-01;9.459639e-02;6.383507e-02;6.107406e-02;1.012141e-01;2.808020e-02;9.388933e-02;6.463795e-02;7.234642e-02;8.577573e-02
1.160095e-01;6.400210e-02;1.486168e-01;1.053895e-01;6.296071e-02;6.455042e-02;1.103996e-01;3.790963e-02;1.059934e-01;5.363239e-02;4.977633e-02;8.075967e-02
8.692136e-02;6.023700e-02;1.593153e-01;1.039364e-01;6.879909e-02;6.289134e-02;1.257819e-01;6.096694e-02;1.191202e-01;4.161889e-02;3.493694e-02;7.547474e-02
5.828524e-02;4.089377e-02;1.278083e-01;8.021644e-02;7.226092e-02;8.082687e-02;1.548601e-01;7.745253e-02;1.306356e-01;4.640927e-02;4.384878e-02;8.650219e-02
1.142332e-01;6.942585e-02;2.458056e-01;5.794117e-02;7.500447e-02;8.271509e-02;1.556685e-01;2.615522e-02;2.913865e-02;5.121509e-02;4.928738e-02;4.340981e-02
1.091345e-01;7.342381e-02;2.325317e-01;5.001825e-02;7.778642e-02;7.149784e-02;1.484634e-01;4.643180e-02;3.196935e-02;5.626499e-02;5.528289e-02;4.719498e-02
7.726424e-02;4.917475e-02;2.224877e-01;5.604728e-02;7.960001e-02;6.634754e-02;1.913753e-01;5.349778e-02;4.739520e-02;5.563860e-02;5.365410e-02;4.751751e-02
4.704573e-02;3.858641e-02;2.429659e-01;6.199720e-02;6.744567e-02;6.843793e-02;2.040004e-01;4.968223e-02;5.612304e-02;5.557767e-02;7.261422e-02;3.552364e-02
6.413191e-02;4.967048e-02;1.979888e-01;4.575733e-02;4.176097e-02;8.525209e-02;1.643179e-01;4.759429e-02;6.269844e-02;5.609174e-02;1.298130e-01;5.492307e-02
4.374525e-02;3.008623e-02;1.564822e-01;4.212802e-02;3.379422e-02;1.140926e-01;1.429398e-01;4.510422e-02;6.523931e-02;6.040743e-02;1.947821e-01;7.119858e-02
2.402285e-02;2.188167e-02;1.252190e-01;2.788340e-02;2.800688e-02;1.675676e-01;1.266868e-01;2.391500e-02;5.780971e-02;8.940890e-02;2.482852e-01;5.931294e-02
3.570326e-02;2.518192e-02;1.083542e-01;2.920661e-02;3.937784e-02;1.744349e-01;1.095189e-01;2.818205e-02;4.350731e-02;9.960894e-02;2.426055e-01;6.431854e-02
3.413568e-02;3.155996e-02;1.075237e-01;2.819149e-02;4.821669e-02;1.492959e-01;1.452325e-01;5.165406e-02;3.471868e-02;1.062842e-01;2.076848e-01;5.550233e-02
5.463721e-02;4.376424e-02;5.771971e-02;1.664614e-02;1.052974e-01;1.231026e-01;1.133812e-01;6.975447e-02;5.315070e-02;1.291102e-01;1.866621e-01;4.677393e-02
4.305391e-02;4.905079e-02;8.593427e-02;4.411704e-02;1.392905e-01;8.848114e-02;1.111340e-01;8.650384e-02;6.861736e-02;1.226761e-01;1.257218e-01;3.541921e-02
3.901230e-02;5.551865e-02;8.597891e-02;5.470453e-02;1.195745e-01;9.955595e-02;1.423848e-01;9.821706e-02;7.178193e-02;1.132642e-01;8.637309e-02;3.363411e-02
5.096557e-02;4.758211e-02;8.998865e-02;4.446939e-02;8.695294e-02;1.394554e-01;1.283812e-01;7.891578e-02;5.872496e-02;1.278249e-01;1.015011e-01;4.523809e-02
5.620888e-02;2.735215e-02;1.304772e-01;3.625598e-02;5.461169e-02;2.203295e-01;1.232956e-01;4.985106e-02;3.997660e-02;8.055578e-02;1.273796e-01;5.370591e-02
3.350643e-02;1.533975e-02;1.094176e-01;2.122608e-02;4.967439e-02;2.985995e-01;1.142795e-01;4.179608e-02;4.987211e-02;6.965638e-02;1.504325e-01;4.619966e-02
2.448368e-02;1.596043e-02;8.358390e-02;1.001905e-02;5.412500e-02;3.236133e-01;8.775506e-02;3.129666e-02;8.165528e-02;8.058361e-02;1.646092e-01;4.231489e-02
2.539507e-02;2.238140e-02;7.064563e-02;1.848347e-02;4.961938e-02;2.795295e-01;9.315015e-02;3.292569e-02;1.121384e-01;7.739981e-02;1.698691e-01;4.846245e-02
3.962244e-02;2.684771e-02;6.383280e-02;2.564309e-02;3.677547e-02;2.122531e-01;1.277985e-01;2.768576e-02;1.172600e-01;9.159300e-02;1.678096e-01;6.287844e-02
5.748381e-02;3.424520e-02;1.104712e-01;3.012279e-02;5.876388e-02;1.331496e-01;1.307775e-01;2.440701e-02;9.371949e-02;1.171628e-01;1.413311e-01;6.836564e-02
6.238365e-02;3.069472e-02;1.460007e-01;3.339332e-02;7.209122e-02;9.893235e-02;1.422185e-01;3.131468e-02;6.079925e-02;1.425877e-01;1.208741e-01;5.870981e-02
4.925355e-02;3.477683e-02;1.288057e-01;4.690473e-02;8.940940e-02;1.143115e-01;1.346843e-01;4.320221e-02;8.579767e-02;1.440889e-01;7.575765e-02;5.300750e-02
4.464297e-02;4.388415e-02;1.011828e-01;5.547861e-02;8.720856e-02;1.167453e-01;1.328577e-01;6.653283e-02;1.305238e-01;1.152443e-01;6.793196e-02;3.776710e-02
7.641815e-02;5.694609e-02;1.198433e-01;7.804629e-02;7.536548e-02;9.095261e-02;1.112936e-01;6.482378e-02;8.049770e-02;9.738582e-02;8.212029e-02;6.630693e-02
7.144086e-02;7.732218e-02;1.247988e-01;7.872097e-02;7.511079e-02;7.121927e-02;8.558816e-02;6.908139e-02;4.305745e-02;9.031213e-02;1.142349e-01;9.911308e-02
4.673259e-02;6.864479e-02;1.300381e-01;4.388307e-02;7.344456e-02;7.173066e-02;1.026029e-01;9.415705e-02;7.824834e-02;9.224517e-02;1.258212e-01;7.245153e-02
8.050527e-02;4.918156e-02;8.177552e-02;4.562017e-02;5.276543e-02;8.257389e-02;1.206258e-01;8.726542e-02;1.258582e-01;1.099342e-01;1.235411e-01;4.035348e-02
6.360691e-02;5.179485e-02;6.465102e-02;3.927135e-02;6.500562e-02;7.907822e-02;1.111187e-01;8.913693e-02;1.762687e-01;1.041950e-01;1.209337e-01;3.493908e-02
6.814918e-02;8.598925e-02;8.900647e-02;5.258746e-02;4.894334e-02;1.159105e-01;1.055774e-01;8.807822e-02;1.111663e-01;1.017399e-01;8.105527e-02;5.179673e-02
7.424398e-02;9.047014e-02;7.974769e-02;6.408702e-02;6.659552e-02;1.000217e-01;1.291344e-01;8.049253e-02;6.079457e-02;1.334348e-01;7.351152e-02;4.746623e-02
9.213123e-02;7.284161e-02;9.001547e-02;7.099386e-02;8.172082e-02;5.546976e-02;1.408233e-01;1.010577e-01;6.191289e-02;1.089315e-01;6.927451e-02;5.482725e-02
7.539313e-02;6.332419e-02;9.768354e-02;5.556542e-02;7.730211e-02;7.887070e-02;1.452452e-01;1.176934e-01;7.434364e-02;8.416677e-02;5.517406e-02;7.523781e-02
7.058427e-02;6.426005e-02;6.329740e-02;7.583590e-02;8.822393e-02;5.933431e-02;1.483005e-01;6.795265e-02;9.973168e-02;1.395613e-01;5.053855e-02;7.237948e-02
7.899096e-02;5.626883e-02;8.316630e-02;6.954905e-02;9.102283e-02;4.462825e-02;1.643457e-01;4.097463e-02;1.150065e-01;1.416313e-01;6.150069e-02;5.291494e-02
6.304157e-02;7.875396e-02;2.526422e-01;7.525320e-02;9.618558e-02;7.010040e-02;1.717297e-01;4.106187e-02;5.621080e-02;4.678621e-02;2.133701e-02;2.689742e-02
1.027415e-01;1.031496e-01;2.865156e-01;8.204154e-02;8.857702e-02;5.978746e-02;1.355053e-01;3.124049e-02;4.863203e-02;2.396563e-02;1.303607e-02;2.480773e-02
1.553234e-01;1.452147e-01;2.696910e-01;7.437754e-02;7.819133e-02;5.080415e-02;1.035970e-01;2.618655e-02;4.923951e-02;1.370079e-02;1.357365e-02;2.010033e-02
2.565278e-01;2.001986e-01;1.883380e-01;5.187834e-02;6.153043e-02;3.647984e-02;7.325193e-02;3.314896e-02;5.018457e-02;1.779629e-02;1.413826e-02;1.652697e-02
4.125366e-01;2.257833e-01;7.853243e-02;2.071205e-02;5.266359e-02;1.646792e-02;4.411627e-02;5.658006e-02;3.384751e-02;1.848868e-02;1.797826e-02;2.229331e-02
4.681969e-01;1.752112e-01;6.404829e-02;1.100852e-02;6.237790e-02;1.153833e-02;3.740821e-02;8.761273e-02;2.238309e-02;1.011412e-02;1.463003e-02;3.547070e-02
4.221942e-01;1.222314e-01;5.370349e-02;1.935489e-02;5.312721e-02;2.850491e-02;7.342859e-02;1.013039e-01;2.187495e-02;2.707379e-02;1.750459e-02;5.969802e-02
3.305632e-01;7.064694e-02;3.860642e-02;3.319151e-02;3.090242e-02;5.267679e-02;1.575695e-01;9.469751e-02;2.666904e-02;4.499450e-02;2.898839e-02;9.049381e-02
2.251779e-01;4.020301e-02;3.812907e-02;3.756635e-02;3.497993e-02;6.618344e-02;2.524078e-01;7.261842e-02;1.795308e-02;5.829921e-02;6.057982e-02;9.590192e-02
1.357512e-01;6.281184e-02;8.140367e-02;2.258303e-02;3.783287e-02;1.003795e-01;2.402028e-01;3.288496e-02;2.400193e-02;8.256871e-02;1.146106e-01;6.496894e-02
1.210032e-01;3.786220e-02;8.881734e-02;3.045264e-02;3.519826e-02;1.302226e-01;1.795783e-01;2.203651e-02;3.737842e-02;1.111838e-01;1.375480e-01;6.871877e-02
8.604378e-02;3.977459e-02;8.852745e-02;4.639603e-02;4.668472e-02;1.215750e-01;1.433513e-01;3.406837e-02;3.566109e-02;1.241843e-01;1.632155e-01;7.051786e-02
8.328481e-02;5.439845e-02;9.125268e-02;3.989412e-02;5.201960e-02;6.205180e-02;1.553807e-01;6.044868e-02;4.815254e-02;1.296643e-01;1.703205e-01;5.313186e-02
1.257704e-01;6.451479e-02;6.376584e-02;3.262386e-02;4.308887e-02;3.680106e-02;1.553902e-01;5.619108e-02;6.352980e-02;1.562857e-01;1.524378e-01;4.960053e-02
8.382186e-02;7.344162e-02;1.055580e-01;5.750740e-02;4.254896e-02;3.947976e-02;1.232062e-01;5.015933e-02;8.218253e-02;1.603538e-01;1.321228e-01;4.961773e-02
5.276455e-02;7.439829e-02;1.406805e-01;6.028272e-02;4.572517e-02;4.202972e-02;9.538936e-02;6.095239e-02;8.809598e-02;1.627934e-01;1.269554e-01;4.993246e-02
9.605260e-02;6.450945e-02;1.190569e-01;4.748324e-02;3.065695e-02;7.218572e-02;1.660086e-01;4.776907e-02;9.141380e-02;1.407988e-01;9.845327e-02;2.561170e-02
1.177281e-01;7.246789e-02;1.180707e-01;3.559218e-02;4.733360e-02;9.193599e-02;1.735903e-01;3.997495e-02;9.568620e-02;1.057653e-01;7.685672e-02;2.499826e-02
1.703958e-01;7.612062e-02;1.148953e-01;4.251092e-02;7.018851e-02;8.053897e-02;9.222740e-02;5.232372e-02;1.093244e-01;8.531690e-02;6.021724e-02;4.594016e-02
1.930477e-01;6.083979e-02;6.935878e-02;6.195877e-02;9.227519e-02;6.910955e-02;5.350053e-02;5.429639e-02;1.306411e-01;5.898276e-02;9.552772e-02;6.046162e-02
1.708762e-01;8.404899e-02;7.047831e-02;8.415924e-02;8.328182e-02;7.122584e-02;8.312995e-02;4.976830e-02;9.962283e-02;6.432178e-02;8.764088e-02;5.144579e-02
1.699700e-01;9.268085e-02;8.534752e-02;7.662636e-02;7.129662e-02;6.720614e-02;1.059638e-01;5.111689e-02;8.009405e-02;6.722094e-02;6.387337e-02;6.860352e-02
1.320518e-01;5.754753e-02;1.171832e-01;5.440706e-02;8.693460e-02;7.010381e-02;1.675912e-01;7.045796e-02;6.454024e-02;8.278806e-02;3.927647e-02;5.711810e-02
1.000837e-01;5.047466e-02;1.059895e-01;6.542497e-02;9.600160e-02;6.808767e-02;1.641963e-01;9.876896e-02;7.416601e-02;8.926081e-02;4.647497e-02;4.107083e-02
1.039809e-01;5.402994e-02;8.182538e-02;6.687444e-02;1.001853e-01;8.021131e-02;1.271191e-01;6.737485e-02;1.166024e-01;6.923320e-02;7.089148e-02;6.167166e-02
1.091592e-01;6.816422e-02;8.485448e-02;5.892419e-02;7.325181e-02;8.224938e-02;1.263292e-01;7.392336e-02;1.009540e-01;6.980935e-02;9.041661e-02;6.196424e-02
9.161641e-02;8.663893e-02;1.046201e-01;6.577055e-02;6.309402e-02;7.833485e-02;9.830303e-02;5.791151e-02;8.908027e-02;9.945995e-02;1.167402e-01;4.843023e-02
