7.623164e-02;5.398710e-02;9.883066e-02;3.107967e-02;8.015748e-02;7.186150e-02;1.293963e-01;9.097640e-02;1.301414e-01;1.181172e-01;8.076370e-02;3.845700e-02
9.254000e-02;6.782866e-02;1.123691e-01;4.217432e-02;7.799644e-02;5.437651e-02;1.281154e-01;6.804553e-02;1.538526e-01;9.074735e-02;7.463196e-02;3.732212e-02
5.236873e-02;5.558769e-02;2.166427e-01;6.327765e-02;9.585083e-02;7.755919e-02;2.344527e-01;6.291658e-02;4.389936e-02;4.303251e-02;3.141949e-02;2.299254e-02
4.313492e-02;6.649730e-02;3.090428e-01;6.660403e-02;8.449778e-02;7.416401e-02;1.903123e-01;5.346636e-02;3.685953e-02;3.852543e-02;2.159615e-02;1.529940e-02
5.984697e-02;7.449853e-02;3.930630e-01;6.338692e-02;6.479958e-02;5.522626e-02;1.383554e-01;4.358980e-02;3.530480e-02;3.812943e-02;1.885228e-02;1.494705e-02
4.802373e-02;7.159985e-02;5.139609e-01;5.909076e-02;4.507021e-02;3.383121e-02;9.569674e-02;4.619345e-02;1.988914e-02;3.747089e-02;1.472876e-02;1.444434e-02
5.684901e-02;8.849549e-02;5.533963e-01;5.158176e-02;3.568852e-02;2.194310e-02;5.739476e-02;3.706416e-02;3.177630e-02;3.803870e-02;1.105414e-02;1.671782e-02
1.199705e-01;1.153847e-01;4.316962e-01;4.299891e-02;3.035775e-02;2.744251e-02;3.062800e-02;4.812988e-02;6.795756e-02;3.844801e-02;2.233311e-02;2.465291e-02
1.567446e-01;8.458947e-02;2.662294e-01;4.028055e-02;4.033629e-02;5.706371e-02;5.490645e-02;7.563920e-02;8.014874e-02;6.131759e-02;4.086176e-02;4.188218e-02
9.345018e-02;4.515376e-02;2.470129e-01;4.539378e-02;4.717201e-02;6.823307e-02;1.074081e-01;7.944652e-02;7.499254e-02;7.654215e-02;5.655541e-02;5.863957e-02
7.141280e-02;1.119015e-01;2.896212e-01;7.729499e-02;5.455134e-02;5.709584e-02;1.015667e-01;5.149163e-02;6.538559e-02;5.259505e-02;3.312247e-02;3.396094e-02
2.718326e-02;6.755523e-02;4.818636e-01;9.971553e-02;6.958384e-02;2.987525e-02;7.956961e-02;3.746508e-02;2.780632e-02;3.836793e-02;2.586129e-02;1.515307e-02
2.992276e-02;3.161198e-02;4.942591e-01;1.404706e-01;7.010625e-02;2.473244e-02;7.373542e-02;3.706073e-02;2.733144e-02;3.414158e-02;2.728764e-02;9.340043e-03
2.503576e-02;3.628021e-02;5.093693e-01;1.442488e-01;6.177529e-02;1.754568e-02;7.087296e-02;2.614453e-02;2.839712e-02;5.436513e-02;2.094304e-02;5.022228e-03
2.412881e-02;9.220379e-02;5.180752e-01;1.009361e-01;3.975611e-02;3.223986e-02;5.447123e-02;1.476218e-02;4.738667e-02;5.826384e-02;1.061880e-02;7.157438e-03
8.939097e-02;1.729839e-01;4.314980e-01;4.237292e-02;2.541276e-02;5.696411e-02;2.456960e-02;1.656656e-02;7.724882e-02;4.058990e-02;7.365656e-03;1.503689e-02
1.811107e-01;2.109292e-01;2.824612e-01;1.395931e-02;2.737939e-02;6.271418e-02;2.352946e-02;4.053464e-02;8.931139e-02;2.702954e-02;1.142056e-02;2.962055e-02
2.432876e-01;1.860188e-01;1.816481e-01;1.760129e-02;4.190673e-02;4.511849e-02;4.486494e-02;6.806552e-02;7.954214e-02;2.710360e-02;2.004378e-02;4.479906e-02
2.000224e-01;1.028760e-01;2.069998e-01;4.265290e-02;6.218776e-02;4.991775e-02;8.898457e-02;7.798599e-02;7.285221e-02;2.819365e-02;3.473598e-02;3.259104e-02
1.252666e-01;5.923536e-02;3.395975e-01;5.258868e-02;4.527409e-02;1.065050e-01;7.172085e-02;4.036238e-02;7.172315e-02;3.122629e-02;3.557617e-02;2.092395e-02
1.137398e-01;7.808378e-02;2.234055e-01;1.233098e-01;4.726665e-02;1.372806e-01;5.055747e-02;4.116073e-02;8.716583e-02;3.686064e-02;2.823839e-02;3.293086e-02
1.260465e-01;1.382780e-01;2.240215e-01;1.457293e-01;2.740928e-02;9.826947e-02;6.069124e-02;5.065250e-02;4.943340e-02;2.873463e-02;2.158993e-02;2.914424e-02
8.332144e-02;1.029709e-01;3.991318e-01;1.241338e-01;3.521893e-02;3.915598e-02;4.699844e-02;3.000313e-02;7.785603e-02;2.012849e-02;2.266630e-02;1.841473e-02
1.077277e-01;2.519489e-02;3.625941e-01;9.447341e-02;5.214435e-02;6.030192e-02;6.998964e-02;4.053899e-02;9.005082e-02;3.712492e-02;2.799407e-02;3.186509e-02
1.316100e-01;6.483459e-02;2.750489e-01;5.296807e-02;4.336115e-02;7.017916e-02;9.948520e-02;6.888090e-02;7.274121e-02;3.484882e-02;4.238136e-02;4.366061e-02
8.318094e-02;5.924967e-02;2.893619e-01;4.526659e-02;6.651495e-02;7.689609e-02;1.191919e-01;4.397686e-02;4.261195e-02;5.668070e-02;7.503970e-02;4.202880e-02
8.051059e-02;9.287044e-02;2.333636e-01;7.834657e-02;8.515988e-02;6.396472e-02;1.246913e-01;5.370885e-02;7.306801e-02;4.729351e-02;2.522082e-02;4.180168e-02
1.176013e-01;1.239820e-01;2.764050e-01;6.950177e-02;6.226986e-02;5.414113e-02;1.037465e-01;3.118961e-02;8.880935e-02;3.306275e-02;1.319218e-02;2.609855e-02
1.603621e-01;1.628642e-01;2.669703e-01;5.780978e-02;4.637897e-02;3.714029e-02;7.252345e-02;2.736175e-02;1.122581e-01;2.625853e-02;8.385866e-03;2.168670e-02
2.220412e-01;1.776076e-01;1.682752e-01;3.551439e-02;3.039411e-02;2.236313e-02;6.165029e-02;8.609489e-02;1.307191e-01;2.674581e-02;1.549091e-02;2.310339e-02
2.970610e-01;1.766892e-01;1.016158e-01;1.809717e-02;3.334934e-02;1.744980e-02;5.163955e-02;1.316652e-01;1.167863e-01;3.020284e-02;1.126645e-02;1.417736e-02
3.557567e-01;1.410585e-01;8.139576e-02;9.576241e-03;4.403655e-02;1.413267e-02;4.183182e-02;2.012221e-01;5.497457e-02;2.060647e-02;9.405966e-03;2.600257e-02
3.694751e-01;9.019139e-02;6.545417e-02;8.778173e-03;4.061105e-02;1.335190e-02;5.546995e-02;2.798017e-01;1.757087e-02;1.356255e-02;9.566541e-03;3.616660e-02
3.249291e-01;5.389096e-02;7.243964e-02;5.227263e-03;2.611087e-02;8.016928e-03;1.175351e-01;2.901361e-01;2.872826e-02;1.641062e-02;1.137733e-02;4.519781e-02
2.780232e-01;7.565634e-02;8.199035e-02;9.549038e-03;2.227098e-02;8.771978e-03;1.738773e-01;2.449282e-01;1.665970e-02;2.016982e-02;1.970283e-02;4.840034e-02
2.310989e-01;9.673063e-02;8.821824e-02;1.730929e-02;2.742281e-02;2.208510e-02;2.160598e-01;1.833991e-01;1.125477e-02;3.233562e-02;3.015378e-02;4.393192e-02
2.329041e-01;7.979824e-02;1.186278e-01;3.390514e-02;2.390189e-02;3.347609e-02;2.051445e-01;1.063341e-01;2.385460e-02;5.111384e-02;4.228003e-02;4.865967e-02
1.783530e-01;5.942176e-02;8.704303e-02;3.523044e-02;2.017615e-02;6.966636e-02;1.943548e-01;9.450562e-02;1.093737e-01;4.192964e-02;4.057901e-02;6.936643e-02
2.066235e-01;7.296684e-02;9.022491e-02;2.342547e-02;2.004572e-02;4.126717e-02;7.067748e-02;2.079409e-01;1.790674e-01;2.357147e-02;2.482130e-02;3.936777e-02
2.018025e-01;5.458465e-02;5.855386e-02;1.302812e-02;1.776843e-02;1.971613e-02;5.728430e-02;2.756972e-01;2.340240e-01;2.495819e-02;1.317390e-02;2.940871e-02
1.880005e-01;2.681449e-02;3.099476e-02;1.467514e-02;1.841354e-02;9.368037e-03;9.335034e-02;3.217637e-01;2.145765e-01;3.885663e-02;9.540758e-03;3.364566e-02
1.992711e-01;1.708806e-02;2.620189e-02;2.768847e-02;1.692844e-02;9.611427e-03;1.424859e-01;3.272993e-01;1.238701e-01;4.057491e-02;1.250681e-02;5.647364e-02
1.905420e-01;2.213770e-02;2.188159e-02;4.774952e-02;1.181850e-02;1.906642e-02;2.088643e-01;2.491268e-01;6.647367e-02;3.533084e-02;1.977167e-02;1.072370e-01
1.972073e-01;1.670800e-02;2.000570e-02;4.565634e-02;1.294131e-02;2.171118e-02;2.159913e-01;2.352642e-01;5.378326e-02;3.704864e-02;1.352983e-02;1.301530e-01
2.004484e-01;1.210377e-02;2.212327e-02;2.930652e-02;2.117920e-02;2.183585e-02;1.908851e-01;2.525825e-01;5.311073e-02;4.344559e-02;1.279414e-02;1.401849e-01
2.021541e-01;2.345647e-02;1.984797e-02;2.931536e-02;1.791912e-02;2.611126e-02;1.915111e-01;2.271226e-01;5.525328e-02;4.685291e-02;2.393947e-02;1.365164e-01
1.892318e-01;3.134178e-02;2.759538e-02;2.036925e-02;2.338883e-02;3.712251e-02;2.815695e-01;1.897536e-01;5.817394e-02;4.117444e-02;2.463752e-02;7.564148e-02
1.442689e-01;2.818757e-02;3.225905e-02;2.841670e-02;2.900824e-02;7.399057e-02;3.574570e-01;1.456055e-01;4.028249e-02;3.541615e-02;1.382727e-02;7.128055e-02
8.980643e-02;3.585211e-02;3.943013e-02;3.114013e-02;4.094893e-02;1.101284e-01;3.737688e-01;1.020736e-01;3.125211e-02;3.540956e-02;3.026907e-02;7.992072e-02
1.005279e-01;5.044947e-02;5.601654e-02;2.589206e-02;4.680147e-02;9.583059e-02;3.422276e-01;7.962037e-02;3.916761e-02;3.997433e-02;4.998293e-02;7.350903e-02
2.079433e-01;3.976728e-02;6.216060e-02;3.755278e-02;4.154119e-02;2.636426e-02;1.923198e-01;2.019037e-01;3.291608e-02;4.917757e-02;2.843985e-02;7.991368e-02
2.144848e-01;3.149888e-02;3.253302e-02;3.132941e-02;2.392282e-02;2.690759e-02;2.319997e-01;2.153109e-01;2.386830e-02;4.922653e-02;3.034695e-02;8.857116e-02
2.529368e-01;2.261644e-02;3.805472e-02;2.591069e-02;9.370190e-03;2.448849e-02;2.259221e-01;2.053519e-01;2.770635e-02;4.807129e-02;3.235859e-02;8.721253e-02
3.502416e-01;4.213959e-02;6.004435e-02;1.671515e-02;1.647346e-02;2.721320e-02;1.182557e-01;2.221307e-01;2.555713e-02;2.772434e-02;2.434722e-02;6.915767e-02
4.017955e-01;7.538798e-02;7.130551e-02;1.013949e-02;1.771348e-02;3.264084e-02;6.542365e-02;2.082619e-01;2.091286e-02;1.540632e-02;2.252847e-02;5.848401e-02
4.104639e-01;8.927663e-02;7.480297e-02;5.984550e-03;2.353672e-02;2.749084e-02;8.917953e-02;1.787078e-01;1.769313e-02;9.779138e-03;2.376055e-02;4.932422e-02
4.204545e-01;1.010782e-01;9.015504e-02;1.019508e-02;2.306569e-02;2.027013e-02;3.991483e-02;1.656538e-01;3.058424e-02;1.550018e-02;2.943034e-02;5.369799e-02
4.065751e-01;1.006754e-01;7.959965e-02;1.258189e-02;1.668216e-02;1.609304e-02;5.631207e-02;1.646594e-01;1.865140e-02;3.102856e-02;2.933183e-02;6.780946e-02
2.962112e-01;8.755769e-02;8.601695e-02;2.147820e-02;3.209176e-02;1.967831e-02;1.125751e-01;1.226837e-01;5.297690e-02;5.061837e-02;4.048652e-02;7.762524e-02
1.729043e-01;8.128740e-02;7.035048e-02;3.123147e-02;4.872958e-02;4.888562e-02;1.749279e-01;7.499988e-02;6.463397e-02;7.952702e-02;7.575907e-02;7.676332e-02
1.099739e-01;7.593798e-02;5.420836e-02;5.420813e-02;4.233603e-02;9.437041e-02;1.204203e-01;1.108535e-01;4.195096e-02;1.059427e-01;1.020098e-01;8.778804e-02
9.943342e-02;6.656054e-02;7.555217e-02;5.928941e-02;5.040060e-02;8.171821e-02;1.276937e-01;1.262884e-01;5.687398e-02;9.319370e-02;8.058282e-02;8.241291e-02
1.468193e-01;8.186873e-02;7.045420e-02;4.110932e-02;5.299720e-02;5.822962e-02;1.574974e-01;1.028248e-01;6.598382e-02;8.234402e-02;7.204908e-02;6.782249e-02
2.320791e-01;7.906665e-02;1.611107e-01;2.840751e-02;4.580053e-02;5.939227e-02;8.454344e-02;8.326789e-02;5.287683e-02;5.536414e-02;5.345372e-02;6.463722e-02
3.104410e-01;1.432499e-01;1.649969e-01;2.075686e-02;3.778515e-02;4.421542e-02;6.949344e-02;7.835189e-02;1.969605e-02;2.850001e-02;3.299047e-02;4.952285e-02
2.775973e-01;2.211346e-01;2.782402e-01;1.641508e-02;2.251013e-02;2.026334e-02;2.704079e-02;4.397145e-02;3.455324e-02;1.770855e-02;1.193867e-02;2.862654e-02
1.947285e-01;2.812508e-01;3.673543e-01;1.953959e-02;1.173322e-02;1.191927e-02;1.085660e-02;1.789819e-02;5.031947e-02;1.459984e-02;6.826200e-03;1.297395e-02
1.635726e-01;3.222540e-01;3.664306e-01;1.355947e-02;7.064575e-03;1.205217e-02;1.330772e-02;1.032113e-02;6.378441e-02;1.213212e-02;5.321676e-03;1.019955e-02
1.112223e-01;3.367260e-01;3.321424e-01;2.873993e-02;1.767030e-02;1.512743e-02;1.134320e-02;1.082754e-02;8.741121e-02;2.169929e-02;1.080875e-02;1.628168e-02
1.080168e-01;2.730000e-01;3.340138e-01;4.517444e-02;2.857313e-02;1.474584e-02;2.916180e-02;2.066677e-02;8.376917e-02;3.168634e-02;9.355443e-03;2.183641e-02
2.684453e-01;2.258603e-01;2.264982e-01;3.603658e-02;2.461876e-02;1.247926e-02;2.764565e-02;5.245557e-02;6.447764e-02;2.433461e-02;8.179756e-03;2.896829e-02
3.771407e-01;1.933470e-01;1.246039e-01;2.035505e-02;2.235936e-02;8.875255e-03;4.648711e-02;8.924722e-02;4.027477e-02;1.446118e-02;1.512276e-02;4.772571e-02
3.371713e-01;1.425802e-01;1.239418e-01;2.235870e-02;2.000740e-02;1.464591e-02;9.640127e-02;1.040246e-01;2.259431e-02;1.809940e-02;2.922471e-02;6.895043e-02
2.245095e-01;9.511888e-02;1.040914e-01;2.045521e-02;1.669668e-02;3.745734e-02;1.750957e-01;1.070768e-01;5.046443e-02;4.419752e-02;4.938940e-02;7.544720e-02
1.493592e-01;4.548230e-02;9.159921e-02;1.980642e-02;2.667402e-02;7.094909e-02;1.784654e-01;9.025505e-02;8.452843e-02;8.764999e-02;8.502520e-02;7.020567e-02
1.442600e-01;8.315006e-02;1.080219e-01;3.206175e-02;2.635379e-02;6.027512e-02;1.102396e-01;8.953784e-02;7.094660e-02;1.060594e-01;9.178581e-02;7.730807e-02
7.834530e-02;9.321239e-02;9.780667e-02;6.363794e-02;5.100995e-02;4.596431e-02;9.403297e-02;1.206612e-01;1.166537e-01;8.381537e-02;9.490831e-02;5.995197e-02
8.751990e-02;9.777050e-02;2.260341e-01;7.555286e-02;5.435057e-02;4.687605e-02;8.259010e-02;6.428351e-02;1.168556e-01;6.099189e-02;5.088682e-02;3.628815e-02
1.921783e-01;1.282972e-01;2.509925e-01;4.474290e-02;3.741737e-02;2.473663e-02;5.732940e-02;8.646664e-02;7.839889e-02;3.288225e-02;2.316304e-02;4.339484e-02
2.874673e-01;1.403088e-01;1.567367e-01;1.432383e-02;3.631974e-02;1.079365e-02;4.542189e-02;1.817922e-01;5.800118e-02;1.892270e-02;1.487613e-02;3.503601e-02
3.438470e-01;1.304153e-01;6.604578e-02;7.246768e-03;4.728289e-02;7.112536e-03;1.773556e-02;2.547961e-01;7.455177e-02;1.239315e-02;1.273012e-02;2.584299e-02
3.194660e-01;9.484600e-02;5.183515e-02;1.077243e-02;4.891973e-02;7.774250e-03;2.901228e-02;3.009883e-01;8.968627e-02;1.020497e-02;6.281634e-03;3.021291e-02
2.710112e-01;4.724760e-02;3.007549e-02;9.928273e-03;4.148902e-02;9.220036e-03;9.573021e-02;3.616379e-01;7.474878e-02;1.204348e-02;7.937411e-03;3.893059e-02
2.518333e-01;2.128258e-02;1.687332e-02;1.266143e-02;3.026405e-02;1.046548e-02;1.570742e-01;3.990559e-01;2.850216e-02;1.591316e-02;1.444527e-02;4.162926e-02
2.493555e-01;3.501971e-02;2.776765e-02;1.497746e-02;3.582516e-02;7.104510e-03;1.709428e-01;3.735132e-01;1.711431e-02;1.471762e-02;1.023420e-02;4.342782e-02
2.107597e-01;6.080263e-02;5.525453e-02;1.529749e-02;4.392392e-02;1.539727e-02;1.822554e-01;2.945351e-01;5.353574e-02;1.554334e-02;1.693847e-02;3.575650e-02
1.387147e-01;7.057294e-02;7.528292e-02;2.016359e-02;4.977806e-02;2.915572e-02;2.048361e-01;2.300468e-01;7.480595e-02;2.449638e-02;3.058710e-02;5.155971e-02
1.049636e-01;7.113878e-02;1.821272e-01;2.316003e-02;4.066832e-02;3.566174e-02;1.360468e-01;1.789218e-01;6.813954e-02;4.618755e-02;5.484745e-02;5.813713e-02
1.317295e-01;5.498441e-02;1.867736e-01;2.822994e-02;3.671070e-02;2.675815e-02;9.671389e-02;1.801166e-01;4.608257e-02;6.782105e-02;8.788346e-02;5.619617e-02
1.055297e-01;3.413769e-02;1.303465e-01;3.431199e-02;3.751254e-02;2.345689e-02;1.078260e-01;1.964912e-01;6.526300e-02;8.210991e-02;1.198767e-01;6.313792e-02
9.521651e-02;2.942898e-02;8.709208e-02;4.382848e-02;3.098180e-02;2.876461e-02;1.104262e-01;2.013924e-01;7.363258e-02;1.064557e-01;1.266496e-01;6.613109e-02
9.561145e-02;4.013290e-02;9.854444e-02;5.208462e-02;3.634588e-02;3.761606e-02;1.017295e-01;1.752099e-01;1.178659e-01;9.504324e-02;1.015185e-01;4.829756e-02
8.791266e-02;4.500009e-02;9.932210e-02;5.089977e-02;7.280857e-02;5.550191e-02;9.756409e-02;1.465894e-01;1.033225e-01;9.421560e-02;8.954123e-02;5.732210e-02
6.974680e-02;5.329157e-02;9.475897e-02;6.801105e-02;8.220786e-02;8.063573e-02;7.358579e-02;1.277216e-01;1.202459e-01;1.093479e-01;6.948116e-02;5.096564e-02
6.785229e-02;6.350006e-02;8.825484e-02;7.726476e-02;7.620166e-02;7.205395e-02;4.144684e-02;1.412321e-01;1.632192e-01;9.501480e-02;6.856608e-02;4.539343e-02
5.457994e-02;8.028586e-02;1.495786e-01;7.973351e-02;7.724733e-02;5.057776e-02;8.631247e-02;1.297219e-01;1.354547e-01;6.027393e-02;6.242954e-02;3.380441e-02
8.255165e-02;9.679157e-02;3.582774e-01;7.039158e-02;6.244139e-02;4.320034e-02;1.021767e-01;7.081082e-02;5.256258e-02;2.610256e-02;1.956389e-02;1.512950e-02
1.371693e-01;1.054149e-01;3.236997e-01;5.948914e-02;5.148172e-02;3.575797e-02;1.029721e-01;8.908120e-02;5.179912e-02;1.570278e-02;9.329295e-03;1.810278e-02
2.304785e-01;9.212619e-02;2.263556e-01;4.683305e-02;4.283338e-02;2.014061e-02;8.555179e-02;1.529952e-01;5.177294e-02;1.545076e-02;9.524455e-03;2.593753e-02
3.499772e-01;5.524067e-02;1.036408e-01;2.749344e-02;4.269905e-02;1.035036e-02;6.307942e-02;2.370825e-01;3.351376e-02;1.985483e-02;1.155434e-02;4.551367e-02
3.889915e-01;6.286954e-02;4.626926e-02;2.157077e-02;6.310645e-02;8.370026e-03;6.540752e-02;2.360986e-01;3.074303e-02;2.021783e-02;8.843550e-03;4.751193e-02
4.081772e-01;8.969941e-02;6.551395e-02;1.563037e-02;7.879340e-02;1.118628e-02;3.970961e-02;1.959681e-01;3.248554e-02;1.723008e-02;1.037308e-02;3.523305e-02
4.152114e-01;1.324491e-01;9.478335e-02;5.348710e-03;6.564939e-02;8.353747e-03;1.764363e-02;1.486992e-01;5.130416e-02;1.628355e-02;1.661044e-02;2.766338e-02
3.870688e-01;1.812092e-01;1.050434e-01;1.049918e-02;3.948798e-02;8.322150e-03;2.638576e-02;1.038390e-01;8.538478e-02;1.271382e-02;1.994091e-02;2.010508e-02
3.258390e-01;2.162030e-01;1.655165e-01;1.485979e-02;1.929211e-02;9.640481e-03;3.133271e-02;7.156692e-02;9.971824e-02;1.377164e-02;1.838445e-02;1.387523e-02
2.861593e-01;2.171267e-01;2.055133e-01;1.607175e-02;1.918702e-02;1.558153e-02;4.342130e-02;5.841389e-02;8.759822e-02;1.566638e-02;1.710166e-02;1.815888e-02
2.444959e-01;1.718471e-01;2.592363e-01;2.354006e-02;2.682902e-02;2.217371e-02;5.413594e-02;6.774195e-02;5.577877e-02;1.718717e-02;2.642233e-02;3.061179e-02
1.598579e-01;1.048153e-01;3.094013e-01;4.591574e-02;4.707411e-02;2.107009e-02;3.953252e-02;8.305267e-02;6.662875e-02;3.391211e-02;4.778012e-02;4.095935e-02
9.654001e-02;7.234026e-02;1.591427e-01;5.943432e-02;6.184792e-02;4.271002e-02;3.846857e-02;1.135299e-01;9.975850e-02;7.484058e-02;1.018731e-01;7.951409e-02
8.396066e-02;8.089737e-02;1.188112e-01;5.040125e-02;6.001544e-02;5.812889e-02;4.697531e-02;1.196294e-01;1.082687e-01;1.051688e-01;9.124507e-02;7.649780e-02
8.755203e-02;8.251003e-02;7.204382e-02;5.197345e-02;7.895138e-02;6.523675e-02;8.098714e-02;1.264251e-01;1.225564e-01;1.335578e-01;5.089221e-02;4.731389e-02
9.154099e-02;7.327098e-02;8.290326e-02;4.388182e-02;8.727213e-02;6.072404e-02;1.411594e-01;1.537896e-01;7.410636e-02;1.022027e-01;4.611956e-02;4.302908e-02
7.880770e-02;5.619317e-02;1.006272e-01;4.831018e-02;8.900785e-02;6.216260e-02;1.616324e-01;1.427278e-01;5.386834e-02;1.075811e-01;4.798966e-02;5.109205e-02
9.091556e-02;4.307554e-02;1.059146e-01;4.504982e-02;8.103546e-02;4.484849e-02;1.568636e-01;1.232090e-01;5.830396e-02;1.305184e-01;5.774781e-02;6.251769e-02
1.120203e-01;5.942355e-02;8.817217e-02;4.991220e-02;5.535950e-02;4.863894e-02;1.537928e-01;1.081844e-01;6.325091e-02;1.016591e-01;1.030425e-01;5.654361e-02
9.704659e-02;1.029399e-01;1.072255e-01;6.425768e-02;3.149667e-02;7.432183e-02;1.054922e-01;9.906811e-02;7.592170e-02;1.087960e-01;8.780432e-02;4.562943e-02
7.224748e-02;9.297048e-02;7.917592e-02;6.727253e-02;4.336206e-02;8.246714e-02;6.118320e-02;8.699753e-02;8.728826e-02;1.859069e-01;6.964353e-02;7.148492e-02
4.092587e-02;7.014153e-02;5.725819e-02;5.514840e-02;6.741283e-02;8.482805e-02;7.607313e-02;7.359760e-02;8.650906e-02;2.573898e-01;6.991353e-02;6.080201e-02
6.855161e-02;7.902762e-02;2.177418e-01;4.848144e-02;7.058398e-02;6.092232e-02;1.483760e-01;4.855541e-02;5.794806e-02;1.278787e-01;3.773835e-02;3.419464e-02
1.547342e-01;1.115350e-01;2.688506e-01;5.585444e-02;6.160201e-02;4.253934e-02;1.314473e-01;4.368076e-02;3.059068e-02;3.757749e-02;2.704028e-02;3.454793e-02
1.909212e-01;1.171392e-01;2.601592e-01;4.985729e-02;5.656691e-02;3.076277e-02;1.164397e-01;4.129782e-02;2.639084e-02;2.675598e-02;3.516796e-02;4.854118e-02
1.934646e-01;9.334629e-02;2.282084e-01;5.649795e-02;5.206907e-02;5.309019e-02;1.205987e-01;3.538487e-02;2.156797e-02;3.060258e-02;5.725563e-02;5.791377e-02
1.267115e-01;4.566345e-02;1.680287e-01;7.928389e-02;7.085785e-02;1.099433e-01;1.229356e-01;2.744524e-02;1.593926e-02;7.718326e-02;1.080793e-01;4.792856e-02
7.221305e-02;6.177090e-02;9.590243e-02;9.495444e-02;1.252457e-01;1.357949e-01;3.769327e-02;1.973461e-02;2.516219e-02;1.495542e-01;1.437704e-01;3.820399e-02
7.650075e-02;5.408358e-02;7.533068e-02;1.210511e-01;1.777924e-01;8.994271e-02;4.785965e-02;2.531378e-02;4.265362e-02;1.710033e-01;9.618004e-02;2.228844e-02
1.236166e-01;8.454543e-02;1.040165e-01;1.145681e-01;1.484790e-01;6.514425e-02;9.082757e-02;4.174115e-02;3.041489e-02;1.173877e-01;4.674549e-02;3.251328e-02
7.888645e-02;9.947644e-02;1.962167e-01;7.088178e-02;9.003336e-02;7.757295e-02;1.828864e-01;3.951848e-02;2.950257e-02;5.324393e-02;5.079402e-02;3.098685e-02
9.236692e-02;8.622211e-02;2.878881e-01;4.426172e-02;4.792268e-02;5.892667e-02;2.071759e-01;3.594779e-02;2.373251e-02;3.487282e-02;4.566459e-02;3.501819e-02
1.059041e-01;3.693532e-02;2.935672e-01;4.721533e-02;4.257836e-02;4.430391e-02;2.433437e-01;3.512100e-02;2.393477e-02;3.510339e-02;5.060356e-02;4.138948e-02
7.729291e-02;2.405003e-02;2.549375e-01;3.993703e-02;5.271251e-02;5.788202e-02;2.613002e-01;4.305965e-02;3.591054e-02;5.673522e-02;6.809349e-02;2.808893e-02
6.140465e-02;2.046703e-02;3.080933e-01;3.471414e-02;6.156224e-02;8.117670e-02;1.614370e-01;5.430499e-02;5.498784e-02;5.201293e-02;7.588952e-02;3.394962e-02
3.870432e-02;3.690446e-02;3.297873e-01;4.465683e-02;6.943072e-02;6.581046e-02;1.563976e-01;4.714025e-02;5.965175e-02;6.754057e-02;6.528051e-02;1.869531e-02
3.754812e-02;5.981141e-02;3.340325e-01;4.114464e-02;8.007924e-02;5.143116e-02;1.234124e-01;3.434614e-02;6.055478e-02;7.876070e-02;7.254081e-02;2.633814e-02
7.805607e-02;6.171474e-02;2.698725e-01;4.892343e-02;5.841618e-02;5.143146e-02;1.734255e-01;2.432971e-02;7.313101e-02;7.035831e-02;5.261928e-02;3.772183e-02
1.292723e-01;7.991284e-02;1.930399e-01;5.879554e-02;5.589681e-02;6.913157e-02;1.082990e-01;5.575903e-02;9.548123e-02;6.380779e-02;4.182083e-02;4.878313e-02
7.790136e-02;6.411348e-02;2.742354e-01;4.482090e-02;8.303381e-02;6.764606e-02;1.892834e-01;3.249938e-02;3.583729e-02;4.431132e-02;5.684957e-02;2.946797e-02
7.915320e-02;7.237157e-02;2.028345e-01;4.973641e-02;9.294169e-02;7.174762e-02;2.173396e-01;4.718734e-02;2.880675e-02;5.514551e-02;5.226826e-02;3.046741e-02
1.250222e-01;1.127144e-01;1.478687e-01;4.803657e-02;9.675664e-02;5.470467e-02;1.658082e-01;7.064296e-02;2.196370e-02;7.104975e-02;5.312682e-02;3.230535e-02
1.291882e-01;1.229049e-01;1.295314e-01;3.441462e-02;8.186083e-02;4.936262e-02;1.212940e-01;8.115689e-02;3.352315e-02;1.045589e-01;8.012235e-02;3.208210e-02
7.327075e-02;8.255815e-02;1.575719e-01;3.465388e-02;5.849202e-02;4.763054e-02;1.675373e-01;7.174449e-02;4.182351e-02;1.379366e-01;9.112720e-02;3.565362e-02
3.641494e-02;5.053410e-02;1.361606e-01;3.476644e-02;5.141225e-02;4.674572e-02;1.381446e-01;7.561718e-02;6.560481e-02;1.986979e-01;1.218994e-01;4.400210e-02
5.766718e-02;2.268759e-02;1.247512e-01;1.984515e-02;5.527267e-02;3.180726e-02;7.164321e-02;6.777753e-02;8.868284e-02;2.389206e-01;1.746190e-01;4.632584e-02
4.643309e-02;2.837817e-02;1.195414e-01;2.963412e-02;7.067923e-02;5.724070e-02;9.727661e-02;6.509568e-02;8.715503e-02;1.979362e-01;1.567680e-01;4.386176e-02
5.529042e-02;4.584779e-02;1.092504e-01;3.285846e-02;7.824302e-02;5.246789e-02;1.460770e-01;6.868619e-02;9.165638e-02;1.703352e-01;1.156762e-01;3.361112e-02
8.418810e-02;6.548366e-02;1.570152e-01;2.806836e-02;6.615406e-02;6.301919e-02;1.751404e-01;7.379087e-02;9.328517e-02;9.585159e-02;6.184834e-02;3.615509e-02
6.383481e-02;7.088924e-02;1.531050e-01;2.968034e-02;9.099578e-02;9.972941e-02;1.869131e-01;5.051443e-02;9.828279e-02;7.567632e-02;5.057780e-02;2.980095e-02
1.137486e-01;7.022411e-02;1.363771e-01;4.606077e-02;9.780949e-02;1.014212e-01;1.494282e-01;2.509368e-02;1.196702e-01;6.293633e-02;3.650047e-02;4.072985e-02
