1.246915e-01;8.610418e-02;1.321708e-01;5.838463e-02;6.092182e-02;4.941822e-02;7.163525e-02;7.148824e-02;8.263902e-02;1.119888e-01;6.640028e-02;8.415735e-02
1.360162e-01;4.057968e-02;1.717043e-01;7.290078e-02;7.173342e-02;4.254105e-02;7.566051e-02;6.368892e-02;6.848192e-02;1.070802e-01;5.332667e-02;9.628631e-02
9.478951e-02;8.045137e-02;1.194427e-01;2.801199e-02;5.793263e-02;4.528000e-02;1.471300e-01;1.111730e-01;7.841757e-02;8.186255e-02;7.518104e-02;8.032771e-02
6.529283e-02;5.345462e-02;1.768574e-01;4.154558e-02;6.412702e-02;5.962801e-02;1.934427e-01;1.040407e-01;9.329541e-02;5.137410e-02;4.308371e-02;5.385786e-02
5.199771e-02;4.470825e-02;1.572252e-01;7.218487e-02;7.353422e-02;7.810361e-02;8.173528e-02;1.525849e-01;9.792997e-02;9.369473e-02;4.033906e-02;5.596222e-02
3.811596e-02;5.207213e-02;1.044134e-01;6.258972e-02;4.465422e-02;6.501340e-02;1.850006e-01;1.120231e-01;1.476404e-01;8.427006e-02;4.860276e-02;5.560430e-02
5.965731e-02;6.228364e-02;1.206796e-01;4.479236e-02;4.253789e-02;6.531408e-02;1.745691e-01;7.333621e-02;1.786873e-01;7.290295e-02;4.690046e-02;5.833917e-02
7.613014e-02;5.249668e-02;1.194572e-01;3.913480e-02;6.037010e-02;5.566536e-02;1.397452e-01;7.954942e-02;1.719713e-01;8.387250e-02;6.695743e-02;5.464993e-02
6.474052e-02;5.370751e-02;1.071999e-01;4.049565e-02;4.972534e-02;2.602431e-02;1.564566e-01;8.084927e-02;1.521621e-01;8.060803e-02;1.108725e-01;7.715814e-02
6.877541e-02;8.124752e-02;1.473359e-01;3.862403e-02;5.123495e-02;5.295315e-02;1.231537e-01;3.690612e-02;1.357241e-01;6.513280e-02;1.053139e-01;9.359840e-02
9.107289e-02;8.371176e-02;1.613684e-01;5.572253e-02;6.114890e-02;6.260560e-02;1.201397e-01;6.028544e-02;9.636532e-02;4.825187e-02;8.579572e-02;7.353194e-02
1.002582e-01;6.640708e-02;1.634831e-01;5.494364e-02;6.363218e-02;7.368536e-02;1.289957e-01;9.767780e-02;5.049617e-02;4.814048e-02;9.601812e-02;5.626221e-02
8.012846e-02;6.103221e-02;1.861285e-01;2.401812e-02;6.844731e-02;9.096437e-02;1.357202e-01;7.749132e-02;5.362488e-02;4.683638e-02;5.781679e-02;1.177914e-01
1.036270e-01;8.684629e-02;1.400962e-01;5.566393e-02;6.688151e-02;6.757711e-02;1.318826e-01;6.412962e-02;8.360854e-02;4.879585e-02;8.758407e-02;6.330718e-02
1.041413e-01;9.180197e-02;1.353055e-01;6.384057e-02;6.253497e-02;8.388082e-02;1.245452e-01;5.497306e-02;1.071413e-01;5.150995e-02;9.672292e-02;2.360239e-02
1.001364e-01;8.620855e-02;1.419956e-01;6.613509e-02;5.704082e-02;7.329042e-02;8.922589e-02;7.823016e-02;7.603201e-02;6.874406e-02;8.134454e-02;8.161642e-02
1.150114e-01;1.103357e-01;1.524567e-01;5.571211e-02;5.387017e-02;5.778745e-02;7.692865e-02;8.790958e-02;4.659139e-02;7.350602e-02;5.216679e-02;1.177240e-01
8.462080e-02;1.242542e-01;1.615698e-01;5.295773e-02;7.671538e-02;5.205704e-02;7.673831e-02;7.861782e-02;6.780436e-02;6.715941e-02;8.476923e-02;7.273598e-02
7.852671e-02;8.248359e-02;1.605821e-01;5.482766e-02;7.450252e-02;5.710068e-02;8.165270e-02;7.186602e-02;5.477862e-02;9.187539e-02;1.474498e-01;4.435418e-02
1.030419e-01;6.903049e-02;1.193340e-01;3.020990e-02;6.599587e-02;7.342586e-02;9.677175e-02;7.681651e-02;6.680661e-02;8.630992e-02;1.680999e-01;4.415744e-02
9.100988e-02;8.883584e-02;1.738047e-01;3.355204e-02;6.876747e-02;6.790961e-02;1.502680e-01;4.732184e-02;4.792757e-02;7.369387e-02;8.882283e-02;6.808633e-02
1.348675e-01;8.876427e-02;1.815750e-01;4.770324e-02;3.969438e-02;4.662726e-02;1.056830e-01;3.205362e-02;4.025551e-02;1.024940e-01;8.593573e-02;9.434658e-02
1.355139e-01;9.565672e-02;2.453591e-01;3.963666e-02;2.617994e-02;4.264930e-02;8.857390e-02;3.601564e-02;3.990043e-02;9.480949e-02;7.912596e-02;7.657894e-02
1.350607e-01;1.583719e-01;2.601896e-01;4.004642e-02;1.876816e-02;4.675392e-02;6.108313e-02;3.910169e-02;5.929269e-02;7.098892e-02;4.555590e-02;6.478702e-02
1.043642e-01;1.737594e-01;3.220021e-01;3.884223e-02;2.558743e-02;4.761619e-02;6.151336e-02;2.897127e-02;6.187585e-02;5.696379e-02;2.791643e-02;5.058771e-02
4.796427e-02;1.136622e-01;4.275781e-01;4.591060e-02;3.894348e-02;4.024652e-02;8.060393e-02;2.130773e-02;3.774612e-02;8.048095e-02;3.457302e-02;3.098309e-02
4.066269e-02;7.082882e-02;4.224774e-01;7.400101e-02;5.057028e-02;2.977115e-02;8.029007e-02;4.532129e-02;1.739012e-02;8.584829e-02;6.150597e-02;2.133295e-02
5.626765e-02;5.069787e-02;3.137858e-01;9.603991e-02;5.784168e-02;2.855711e-02;6.264930e-02;7.637130e-02;4.777842e-02;7.258873e-02;9.148980e-02;4.593243e-02
7.664951e-02;6.140243e-02;2.409294e-01;8.207185e-02;5.955170e-02;3.242595e-02;4.819904e-02;7.630724e-02;9.119464e-02;6.039590e-02;9.512738e-02;7.574497e-02
1.040814e-01;7.777090e-02;1.949841e-01;5.481252e-02;4.667631e-02;3.665226e-02;5.873298e-02;5.790143e-02;1.088314e-01;6.870321e-02;1.009268e-01;8.992650e-02
1.109330e-01;9.008618e-02;1.974635e-01;3.730429e-02;5.524639e-02;4.156492e-02;6.940642e-02;4.557467e-02;7.366778e-02;6.609949e-02;1.098438e-01;1.028096e-01
9.644058e-02;8.405332e-02;1.801815e-01;4.547180e-02;5.897270e-02;5.576911e-02;9.909289e-02;9.150586e-02;3.397545e-02;6.338930e-02;1.085495e-01;8.259802e-02
1.001794e-01;1.087479e-01;1.755573e-01;7.279208e-02;6.038608e-02;3.790311e-02;9.581684e-02;9.821122e-02;4.248589e-02;5.890657e-02;8.785088e-02;6.116268e-02
8.582116e-02;9.911571e-02;2.202432e-01;7.112211e-02;7.647756e-02;2.368193e-02;9.452108e-02;9.056804e-02;3.491215e-02;5.653558e-02;6.617799e-02;8.082341e-02
4.651055e-02;7.790676e-02;1.722202e-01;4.252617e-02;7.520471e-02;4.290041e-02;1.623571e-01;1.371886e-01;5.782461e-02;6.499241e-02;4.479584e-02;7.557265e-02
4.164948e-02;7.925556e-02;8.502161e-02;6.464029e-02;7.272612e-02;4.897173e-02;1.785534e-01;1.241850e-01;8.429795e-02;1.252759e-01;4.182488e-02;5.359799e-02
5.186243e-02;8.350985e-02;7.974859e-02;6.547725e-02;7.874797e-02;3.936355e-02;1.394505e-01;1.242792e-01;8.132276e-02;1.296045e-01;5.889077e-02;6.774265e-02
8.409780e-02;8.526615e-02;1.286270e-01;5.930060e-02;5.503361e-02;5.417209e-02;1.442680e-01;1.008571e-01;5.259860e-02;8.187715e-02;7.296117e-02;8.094071e-02
1.111880e-01;6.068806e-02;1.900181e-01;4.698870e-02;4.089274e-02;3.808481e-02;9.416114e-02;9.768778e-02;6.796034e-02;9.292013e-02;7.413872e-02;8.527149e-02
1.231329e-01;8.081976e-02;2.197856e-01;4.520835e-02;4.575818e-02;4.184267e-02;8.451413e-02;6.988391e-02;6.066221e-02;7.518670e-02;8.497477e-02;6.823087e-02
1.167323e-01;9.990197e-02;2.044847e-01;4.642730e-02;5.820329e-02;5.299275e-02;1.281375e-01;4.246920e-02;4.567878e-02;5.674945e-02;9.189744e-02;5.632523e-02
9.330295e-02;9.272566e-02;2.257195e-01;4.476628e-02;6.271831e-02;5.571847e-02;1.576582e-01;3.596042e-02;3.251347e-02;6.558482e-02;8.431610e-02;4.901580e-02
5.049349e-02;8.393539e-02;3.373131e-01;5.168639e-02;5.425449e-02;4.878476e-02;9.790457e-02;3.813653e-02;2.626118e-02;9.439944e-02;7.305508e-02;4.377557e-02
7.665683e-02;6.448666e-02;2.899978e-01;7.055297e-02;4.915506e-02;3.506332e-02;6.984443e-02;5.507782e-02;6.101142e-02;1.013168e-01;5.886634e-02;6.797046e-02
4.082399e-02;8.230294e-02;1.353870e-01;5.789625e-02;4.266424e-02;2.440636e-02;9.833851e-02;1.502796e-01;1.512086e-01;9.793806e-02;2.821916e-02;9.053530e-02
6.961429e-02;8.630779e-02;1.197128e-01;3.469445e-02;4.335758e-02;2.030043e-02;6.687617e-02;1.999175e-01;1.521714e-01;7.996724e-02;3.959278e-02;8.748746e-02
7.183678e-02;8.589030e-02;1.230347e-01;3.038313e-02;6.358801e-02;2.198340e-02;8.186096e-02;1.547837e-01;1.167020e-01;9.692045e-02;6.175021e-02;9.126636e-02
4.703381e-02;6.464449e-02;1.380239e-01;5.799265e-02;9.514417e-02;3.495460e-02;7.114905e-02;9.059213e-02;8.930758e-02;1.181834e-01;8.584513e-02;1.071291e-01
4.179788e-02;8.836630e-02;1.776832e-01;7.064540e-02;8.694261e-02;4.940577e-02;5.584257e-02;6.088860e-02;9.214199e-02;1.113683e-01;6.410380e-02;1.008136e-01
6.996464e-02;1.262436e-01;1.865801e-01;5.048531e-02;6.627438e-02;4.468682e-02;9.908101e-02;8.752152e-02;7.862920e-02;8.552415e-02;3.955340e-02;6.545585e-02
6.249549e-02;1.192025e-01;1.588907e-01;5.684537e-02;5.607712e-02;3.415256e-02;9.459319e-02;9.096930e-02;8.376736e-02;7.045706e-02;1.151488e-01;5.740052e-02
9.219010e-02;1.003299e-01;1.608373e-01;7.386738e-02;6.362168e-02;2.067203e-02;1.056854e-01;7.084363e-02;8.232424e-02;8.398245e-02;7.886343e-02;6.678248e-02
9.789468e-02;8.220053e-02;1.623561e-01;6.242945e-02;5.819195e-02;2.266916e-02;1.116071e-01;6.001152e-02;8.662482e-02;8.949670e-02;6.170653e-02;1.048115e-01
9.112944e-02;7.894317e-02;1.382726e-01;7.319597e-02;7.349803e-02;4.216059e-02;1.074309e-01;7.773633e-02;1.048760e-01;8.596710e-02;8.192629e-02;4.486357e-02
1.186670e-01;7.599431e-02;1.210073e-01;6.327322e-02;8.125585e-02;5.328491e-02;8.325433e-02;7.397593e-02;1.117295e-01;6.770424e-02;7.076156e-02;7.909193e-02
1.153342e-01;7.139025e-02;1.205687e-01;6.468564e-02;7.512277e-02;4.989024e-02;1.107369e-01;9.292466e-02;9.375219e-02;5.889260e-02;6.666905e-02;8.003272e-02
8.807109e-02;4.858666e-02;1.711203e-01;1.004701e-01;4.621415e-02;2.966510e-02;1.224005e-01;1.248051e-01;6.302702e-02;5.705225e-02;8.408621e-02;6.450159e-02
5.819750e-02;5.295432e-02;1.891017e-01;1.353533e-01;4.578299e-02;3.413437e-02;7.757079e-02;1.643174e-01;6.620166e-02;3.895160e-02;9.118713e-02;4.624726e-02
4.179338e-02;5.956477e-02;1.212920e-01;1.546921e-01;4.785683e-02;2.697282e-02;8.902924e-02;2.161255e-01;6.606375e-02;2.762069e-02;1.162676e-01;3.272125e-02
5.010108e-02;5.453270e-02;1.730160e-01;1.383685e-01;3.725011e-02;2.574818e-02;1.064420e-01;1.801912e-01;4.582178e-02;2.232400e-02;1.303533e-01;3.585112e-02
6.463917e-02;6.650205e-02;2.081636e-01;1.275907e-01;4.561283e-02;3.253115e-02;9.105575e-02;1.259114e-01;4.230844e-02;4.265834e-02;1.214622e-01;3.156433e-02
9.772821e-02;6.577151e-02;2.708159e-01;1.046836e-01;3.873078e-02;4.029620e-02;1.121158e-01;7.319961e-02;2.031050e-02;6.052594e-02;9.564114e-02;2.018085e-02
1.034129e-01;6.843014e-02;3.040756e-01;8.507065e-02;3.395155e-02;5.905852e-02;1.074822e-01;4.724818e-02;3.343149e-02;5.688197e-02;5.738095e-02;4.357589e-02
4.806317e-02;4.617650e-02;2.846004e-01;8.775315e-02;2.985725e-02;7.247087e-02;1.159709e-01;1.316119e-01;4.838287e-02;3.121877e-02;5.352853e-02;5.036566e-02
3.250503e-02;5.315593e-02;2.014357e-01;9.864295e-02;4.630790e-02;6.880069e-02;9.825573e-02;1.653045e-01;4.266055e-02;4.987611e-02;1.215634e-01;2.149152e-02
6.970362e-02;5.008326e-02;1.928046e-01;1.305399e-01;6.019228e-02;4.711047e-02;4.535868e-02;1.062600e-01;6.852078e-02;8.902458e-02;1.008214e-01;3.958040e-02
8.588545e-02;5.241864e-02;2.552179e-01;1.496481e-01;7.029401e-02;3.302991e-02;8.137628e-02;7.791094e-02;6.673925e-02;6.492478e-02;2.988917e-02;3.266561e-02
7.295357e-02;6.559935e-02;2.708604e-01;1.224521e-01;6.233433e-02;2.424379e-02;9.851187e-02;5.783020e-02;5.988936e-02;4.042185e-02;7.760343e-02;4.729978e-02
1.126576e-01;1.207791e-01;1.859883e-01;8.805364e-02;5.648844e-02;3.544427e-02;1.143861e-01;4.987480e-02;7.350104e-02;4.568791e-02;6.993083e-02;4.720798e-02
9.581621e-02;8.206422e-02;1.544513e-01;7.451167e-02;5.851145e-02;4.819532e-02;1.526609e-01;4.997082e-02;2.865840e-02;1.032253e-01;8.148697e-02;7.044739e-02
8.066032e-02;7.621403e-02;1.701183e-01;9.464606e-02;7.338900e-02;4.265101e-02;1.133638e-01;6.916198e-02;5.068031e-02;7.254675e-02;9.131946e-02;6.524898e-02
7.883509e-02;7.106220e-02;1.788884e-01;1.132542e-01;7.407714e-02;3.979877e-02;1.086570e-01;7.176886e-02;5.543339e-02;5.309748e-02;9.727298e-02;5.785451e-02
6.411285e-02;5.297283e-02;2.098627e-01;1.223142e-01;6.528445e-02;4.605868e-02;1.318714e-01;6.971323e-02;4.664874e-02;5.272415e-02;9.074405e-02;4.769267e-02
4.350884e-02;4.339530e-02;2.986017e-01;8.868539e-02;4.523266e-02;5.542223e-02;1.662907e-01;5.034418e-02;4.501933e-02;7.643462e-02;5.726914e-02;2.979593e-02
3.696660e-02;4.045521e-02;3.712407e-01;4.919773e-02;4.166462e-02;3.953830e-02;1.893461e-01;4.677753e-02;4.465751e-02;9.106037e-02;2.707668e-02;2.201860e-02
4.179111e-02;3.172190e-02;4.179224e-01;4.776584e-02;3.306061e-02;2.673557e-02;1.985191e-01;4.123498e-02;2.897929e-02;9.996554e-02;2.068680e-02;1.161680e-02
5.619409e-02;6.298834e-02;3.934907e-01;3.907972e-02;3.389911e-02;4.520390e-02;1.700697e-01;2.649605e-02;3.469986e-02;9.480933e-02;2.782239e-02;1.524680e-02
7.636733e-02;8.966762e-02;3.285468e-01;3.710985e-02;4.139368e-02;5.120800e-02;1.408228e-01;4.551585e-02;5.291584e-02;7.933903e-02;2.779230e-02;2.932088e-02
8.221349e-02;8.673798e-02;2.695349e-01;4.806785e-02;5.886933e-02;5.819302e-02;1.326849e-01;6.199599e-02;5.923173e-02;6.361558e-02;4.455996e-02;3.429517e-02
6.751250e-02;6.643978e-02;1.744188e-01;9.099500e-02;8.446957e-02;7.503977e-02;1.451555e-01;7.334217e-02;3.513183e-02;9.418222e-02;6.031309e-02;3.299981e-02
7.331932e-02;6.357586e-02;1.929673e-01;1.001875e-01;7.738873e-02;5.254259e-02;1.050658e-01;8.068003e-02;2.174850e-02;8.448117e-02;9.122945e-02;5.681383e-02
1.046286e-01;6.847218e-02;2.288368e-01;8.384918e-02;7.658665e-02;4.835587e-02;9.164315e-02;5.304728e-02;4.213924e-02;6.355207e-02;7.520903e-02;6.368002e-02
1.087876e-01;1.223345e-01;2.392736e-01;5.821174e-02;5.730141e-02;6.929146e-02;7.617801e-02;4.190826e-02;8.485736e-02;4.380102e-02;4.110703e-02;5.694807e-02
7.392153e-02;1.561675e-01;2.311421e-01;3.870739e-02;4.009933e-02;1.009211e-01;7.536817e-02;4.998708e-02;1.071144e-01;3.947757e-02;2.715280e-02;5.994092e-02
3.349068e-02;1.371416e-01;2.398848e-01;2.941335e-02;2.586530e-02;1.084367e-01;1.108255e-01;5.858468e-02;9.724669e-02;5.259181e-02;3.723068e-02;6.928819e-02
5.583874e-02;1.292155e-01;2.061402e-01;3.216890e-02;2.297318e-02;9.881694e-02;1.245921e-01;6.272604e-02;9.292886e-02;5.431379e-02;4.045941e-02;7.982638e-02
5.893346e-02;1.106849e-01;1.695720e-01;3.807870e-02;2.784772e-02;7.881754e-02;7.441624e-02;8.470389e-02;1.004201e-01;1.024971e-01;7.410554e-02;7.992300e-02
6.715319e-02;1.049897e-01;1.972992e-01;4.204281e-02;3.202222e-02;6.445774e-02;5.830092e-02;7.785297e-02;1.401065e-01;8.744477e-02;6.353050e-02;6.479948e-02
9.413604e-02;1.372440e-01;2.052607e-01;2.546639e-02;3.082745e-02;7.887688e-02;6.913406e-02;6.896320e-02;1.578098e-01;4.566969e-02;4.526429e-02;4.134750e-02
1.400577e-01;1.343413e-01;1.551604e-01;5.147351e-02;3.089070e-02;8.631278e-02;6.568089e-02;6.166724e-02;1.192735e-01;3.724245e-02;6.690338e-02;5.099621e-02
1.280710e-01;1.165460e-01;1.317124e-01;7.681559e-02;3.816795e-02;5.426643e-02;7.283396e-02;6.113802e-02;8.902233e-02;6.965023e-02;6.458716e-02;9.718889e-02
7.963980e-02;7.252537e-02;1.290102e-01;7.009986e-02;5.964440e-02;4.170360e-02;1.143133e-01;8.797067e-02;7.471305e-02;7.308255e-02;9.024160e-02;1.070556e-01
1.083651e-01;5.250593e-02;1.085436e-01;8.797550e-02;5.754241e-02;5.493299e-02;9.685989e-02;7.254916e-02;6.017343e-02;8.423701e-02;9.258497e-02;1.237300e-01
1.113601e-01;8.073625e-02;1.161525e-01;9.921293e-02;4.558403e-02;4.800706e-02;5.030283e-02;8.029351e-02;9.114958e-02;7.617252e-02;1.035548e-01;9.747390e-02
9.658998e-02;1.093123e-01;1.326337e-01;7.771613e-02;4.559391e-02;4.262398e-02;8.691682e-02;8.671266e-02;9.855716e-02;6.650766e-02;7.848224e-02;7.835343e-02
6.503753e-02;8.562261e-02;1.826269e-01;6.583486e-02;4.895723e-02;4.642914e-02;1.014404e-01;6.507346e-02;8.704140e-02;6.794348e-02;6.840295e-02;1.155901e-01
8.405944e-02;1.050260e-01;1.670172e-01;8.884218e-02;4.698336e-02;3.714406e-02;8.241991e-02;4.615274e-02;8.046055e-02;7.185792e-02;7.180671e-02;1.182300e-01
8.957972e-02;1.189774e-01;1.557743e-01;7.441808e-02;3.892752e-02;3.931218e-02;5.365254e-02;8.118639e-02;1.204500e-01;5.136427e-02;5.946594e-02;1.168916e-01
7.411470e-02;1.052337e-01;1.573039e-01;7.772293e-02;5.155418e-02;4.666322e-02;5.212348e-02;1.097141e-01;1.326950e-01;4.361650e-02;7.258923e-02;7.666907e-02
7.308588e-02;7.807588e-02;1.468141e-01;6.404734e-02;4.765613e-02;4.882867e-02;4.762635e-02;9.678435e-02;1.105033e-01;8.188406e-02;1.199054e-01;8.478855e-02
1.242640e-01;3.975458e-02;1.404012e-01;4.469599e-02;7.135245e-02;4.502383e-02;3.504696e-02;7.096322e-02;1.063436e-01;1.003044e-01;1.309723e-01;9.087747e-02
1.187151e-01;7.678016e-02;1.314615e-01;6.863491e-02;7.631264e-02;5.801874e-02;4.663449e-02;5.720379e-02;9.027036e-02;1.007182e-01;1.056326e-01;6.961750e-02
1.164524e-01;7.855960e-02;9.498776e-02;6.409202e-02;6.655765e-02;5.335884e-02;7.071297e-02;7.272666e-02;8.438531e-02;1.436986e-01;7.208187e-02;8.238631e-02
1.416258e-01;5.998618e-02;7.352295e-02;5.704353e-02;4.608740e-02;4.712106e-02;7.733660e-02;9.298393e-02;1.157297e-01;1.622400e-01;3.543559e-02;9.088730e-02
1.477540e-01;5.813273e-02;7.722986e-02;7.550836e-02;6.872966e-02;2.983076e-02;5.886199e-02;1.106828e-01;5.643872e-02;1.246038e-01;6.231171e-02;1.299156e-01
1.334859e-01;5.079705e-02;7.451950e-02;8.148588e-02;6.659289e-02;3.369188e-02;3.965512e-02;1.221613e-01;8.683791e-02;9.357079e-02;6.489785e-02;1.523039e-01
1.079612e-01;5.786112e-02;9.612702e-02;6.689850e-02;4.378342e-02;4.486145e-02;4.295422e-02;1.361663e-01;1.110275e-01;1.095470e-01;6.873687e-02;1.140754e-01
1.001808e-01;9.366656e-02;9.654884e-02;4.196366e-02;4.236642e-02;5.413236e-02;6.061649e-02;1.345100e-01;1.343487e-01;9.578677e-02;8.025000e-02;6.562948e-02
9.508120e-02;1.096247e-01;6.826965e-02;3.700252e-02;5.503814e-02;4.742600e-02;9.047802e-02;1.443935e-01;1.297656e-01;8.979999e-02;9.541415e-02;3.770655e-02
8.777830e-02;1.233822e-01;6.572753e-02;4.039263e-02;6.445415e-02;4.507918e-02;1.013260e-01;1.700729e-01;1.049430e-01;6.894212e-02;8.819185e-02;3.971009e-02
7.611685e-02;1.126350e-01;1.365765e-01;5.447059e-02;5.778816e-02;2.823317e-02;8.678460e-02;1.210125e-01;1.163037e-01;1.088763e-01;4.447540e-02;5.672720e-02
8.334888e-02;8.435013e-02;1.379624e-01;6.235803e-02;3.266858e-02;2.665541e-02;6.082894e-02;1.283002e-01;1.209618e-01;1.407963e-01;6.157484e-02;6.019448e-02
7.936636e-02;6.945378e-02;9.373828e-02;5.001764e-02;2.986808e-02;3.609028e-02;3.733130e-02;1.550368e-01;1.811249e-01;1.476287e-01;6.833936e-02;5.200447e-02
8.181490e-02;5.590357e-02;9.239036e-02;2.973777e-02;2.863442e-02;4.287121e-02;7.707753e-02;1.837535e-01;1.838508e-01;1.397866e-01;3.642732e-02;4.775200e-02
8.205913e-02;5.204210e-02;7.972109e-02;3.744786e-02;3.650901e-02;5.216216e-02;1.230109e-01;1.874903e-01;1.235100e-01;1.404285e-01;3.595421e-02;4.966479e-02
8.069357e-02;5.066256e-02;1.163749e-01;3.873838e-02;6.583303e-02;5.412105e-02;2.004054e-01;7.496646e-02;1.071252e-01;1.158575e-01;4.832610e-02;4.689583e-02
9.484109e-02;5.753804e-02;1.820144e-01;2.725765e-02;8.035015e-02;6.128849e-02;2.633866e-01;3.778664e-02;5.856957e-02;6.464259e-02;4.378184e-02;2.854293e-02
7.061612e-02;7.025114e-02;2.744709e-01;3.769379e-02;6.394839e-02;5.395653e-02;2.341136e-01;3.117260e-02;4.834974e-02;4.809610e-02;3.999392e-02;2.733715e-02
4.259494e-02;6.848987e-02;4.289438e-01;4.782400e-02;3.479056e-02;3.918037e-02;1.539778e-01;2.473654e-02;4.498554e-02;5.392621e-02;3.388850e-02;2.666189e-02
3.181589e-02;4.343535e-02;5.557135e-01;5.724036e-02;4.332084e-02;3.033442e-02;8.482637e-02;1.125843e-02;2.297552e-02;7.606423e-02;2.596273e-02;1.705230e-02
3.955174e-02;2.194498e-02;5.815019e-01;6.913041e-02;5.290325e-02;1.956862e-02;6.544618e-02;1.860726e-02;1.572761e-02;7.349075e-02;3.425359e-02;7.873680e-03
4.333505e-02;2.218592e-02;5.063767e-01;1.005869e-01;7.332451e-02;2.238871e-02;4.490693e-02;3.684703e-02;1.849124e-02;5.521015e-02;6.097488e-02;1.537202e-02
3.309266e-02;4.361654e-02;3.719634e-01;1.349220e-01;1.178648e-01;4.310839e-02;5.314016e-02;5.583740e-02;1.184791e-02;3.542129e-02;8.020131e-02;1.898420e-02
4.356623e-02;5.753444e-02;2.819807e-01;1.137986e-01;1.530416e-01;5.414230e-02;5.273540e-02;5.553104e-02;3.728398e-02;4.207597e-02;5.985791e-02;4.845184e-02
3.740217e-02;6.001737e-02;2.812014e-01;7.964415e-02;1.639842e-01;5.298607e-02;7.569549e-02;5.021007e-02;4.970307e-02;3.315728e-02;4.874295e-02;6.725581e-02
5.211542e-02;4.966176e-02;2.486893e-01;7.945810e-02;1.721525e-01;5.248623e-02;6.356762e-02;4.101744e-02;6.197691e-02;3.153579e-02;4.849654e-02;9.884235e-02
7.782049e-02;2.429207e-02;1.673845e-01;5.597524e-02;2.033547e-01;7.701737e-02;9.822324e-02;2.482610e-02;9.160408e-02;1.788474e-02;2.779978e-02;1.338177e-01
9.491991e-02;1.402987e-02;1.365393e-01;4.782212e-02;2.223074e-01;9.546985e-02;8.827405e-02;1.765397e-02;1.102299e-01;1.079242e-02;2.510899e-02;1.368524e-01
1.279746e-01;1.352691e-02;1.341484e-01;3.982747e-02;2.077428e-01;1.044099e-01;1.163832e-01;9.102726e-03;1.007062e-01;1.080517e-02;1.726001e-02;1.181124e-01
1.546485e-01;2.051486e-02;1.293552e-01;2.561460e-02;1.956461e-01;1.119661e-01;1.382721e-01;9.731850e-03;9.375905e-02;1.293510e-02;1.683470e-02;9.072185e-02
1.929526e-01;2.397015e-02;1.321091e-01;1.790136e-02;1.804865e-01;1.150954e-01;1.542860e-01;4.616830e-03;7.559913e-02;1.651897e-02;2.245309e-02;6.401084e-02
2.272359e-01;3.078112e-02;1.082412e-01;2.215263e-02;1.651461e-01;1.203178e-01;1.826140e-01;5.898651e-03;4.891715e-02;2.495057e-02;2.110762e-02;4.263716e-02
2.493653e-01;3.448372e-02;8.787721e-02;2.567885e-02;1.480900e-01;1.236439e-01;2.104998e-01;1.005933e-02;2.906023e-02;2.640328e-02;2.132048e-02;3.351785e-02
1.916411e-01;7.336887e-02;9.434801e-02;4.139664e-02;1.041871e-01;1.132926e-01;2.283579e-01;1.901934e-02;3.681888e-02;3.366734e-02;2.816156e-02;3.574064e-02
1.407567e-01;7.681145e-02;1.175648e-01;6.075676e-02;8.447720e-02;9.753418e-02;1.845031e-01;1.600596e-02;1.031601e-01;4.566993e-02;2.755382e-02;4.520609e-02
1.244916e-01;5.225373e-02;1.197835e-01;6.469686e-02;1.010366e-01;1.172673e-01;1.183523e-01;3.199453e-02;1.549687e-01;4.234211e-02;2.370196e-02;4.911094e-02
1.168505e-01;2.911726e-02;1.143316e-01;3.924711e-02;1.199302e-01;1.544678e-01;4.370500e-02;5.758947e-02;1.887309e-01;6.921050e-02;3.540723e-02;3.141242e-02
1.218239e-01;2.554993e-02;1.045798e-01;1.731075e-02;1.165280e-01;1.431739e-01;7.181798e-02;5.355429e-02;1.895072e-01;8.173978e-02;4.062380e-02;3.379075e-02
1.202074e-01;3.243795e-02;1.093949e-01;1.795010e-02;1.304562e-01;1.261484e-01;5.518164e-02;2.929369e-02;2.051446e-01;7.490178e-02;5.543284e-02;4.345048e-02
1.211018e-01;4.062508e-02;1.166652e-01;2.993106e-02;1.469923e-01;1.002854e-01;4.957540e-02;1.483013e-02;1.956014e-01;4.996119e-02;7.364681e-02;6.078427e-02
1.120834e-01;4.908291e-02;1.417821e-01;4.256554e-02;1.484109e-01;8.048110e-02;4.712231e-02;9.564764e-03;1.895179e-01;2.326336e-02;7.367317e-02;8.245254e-02
8.994077e-02;5.993981e-02;1.778107e-01;4.842480e-02;1.455977e-01;6.548473e-02;4.072079e-02;1.072945e-02;1.925619e-01;1.560406e-02;5.110486e-02;1.020804e-01
8.180984e-02;4.488939e-02;1.973059e-01;3.622146e-02;1.433950e-01;5.837853e-02;6.019445e-02;1.899542e-02;1.840236e-01;2.362680e-02;3.765823e-02;1.135014e-01
8.108664e-02;3.505619e-02;2.104052e-01;3.994055e-02;1.377973e-01;5.258003e-02;6.644894e-02;3.960903e-02;1.431629e-01;2.572708e-02;5.205240e-02;1.161337e-01
5.959644e-02;5.274451e-02;2.955763e-01;6.568737e-02;1.195356e-01;4.268920e-02;3.510474e-02;5.124279e-02;7.372027e-02;3.389911e-02;8.232431e-02;8.787941e-02
3.283302e-02;4.701245e-02;4.271959e-01;7.989630e-02;8.448452e-02;2.729633e-02;3.759145e-02;5.145183e-02;2.015118e-02;6.199987e-02;8.911286e-02;4.097429e-02
3.499995e-02;5.001467e-02;5.026082e-01;7.002721e-02;5.271051e-02;1.863743e-02;4.774185e-02;2.344693e-02;2.684757e-02;9.365082e-02;5.510579e-02;2.420912e-02
1.622424e-02;5.495591e-02;5.449002e-01;6.099160e-02;4.927792e-02;2.180144e-02;5.713185e-02;1.220419e-02;2.244600e-02;1.101753e-01;3.346659e-02;1.642479e-02
3.126281e-02;4.878841e-02;5.122125e-01;4.812364e-02;4.699450e-02;1.895186e-02;6.716217e-02;2.432730e-02;3.101697e-02;9.240708e-02;5.359592e-02;2.515690e-02
6.746950e-02;7.780554e-02;4.427869e-01;4.450052e-02;4.375878e-02;1.815099e-02;6.919585e-02;3.171327e-02;2.231369e-02;7.264806e-02;7.305768e-02;3.659928e-02
9.406161e-02;9.091488e-02;3.484025e-01;6.262365e-02;3.930868e-02;1.741258e-02;8.228586e-02;2.297507e-02;3.174504e-02;7.865551e-02;8.422146e-02;4.739320e-02
1.587315e-01;5.018894e-02;2.742695e-01;9.453887e-02;3.080673e-02;6.992806e-03;7.897574e-02;3.475010e-02;3.835765e-02;6.772598e-02;8.991583e-02;7.474643e-02
1.281546e-01;4.865972e-02;2.074890e-01;1.324098e-01;4.617964e-02;9.616523e-03;7.424133e-02;5.720867e-02;3.776886e-02;5.470722e-02;1.088289e-01;9.473569e-02
6.045372e-02;4.744225e-02;1.759092e-01;1.538388e-01;5.995256e-02;2.054101e-02;5.835594e-02;1.022084e-01;4.542251e-02;4.569868e-02;1.189700e-01;1.112070e-01
5.014106e-02;4.924234e-02;1.524230e-01;1.245269e-01;5.404837e-02;3.486012e-02;8.209024e-02;1.521773e-01;4.978690e-02;5.586410e-02;1.091006e-01;8.573896e-02
7.608145e-02;3.752709e-02;1.307325e-01;6.763767e-02;3.293551e-02;3.312258e-02;2.123767e-01;1.441767e-01;4.755588e-02;1.182941e-01;6.115605e-02;3.840374e-02
6.851116e-02;2.644151e-02;2.052026e-01;3.848889e-02;2.811577e-02;2.768701e-02;2.756848e-01;8.111538e-02;1.683822e-02;1.977313e-01;2.246043e-02;1.172296e-02
4.060769e-02;1.986619e-02;2.260799e-01;2.856189e-02;3.438417e-02;4.728558e-02;2.522790e-01;4.602807e-02;3.907553e-02;2.330169e-01;1.618759e-02;1.662746e-02
3.659675e-02;2.283921e-02;2.410221e-01;2.838585e-02;3.739604e-02;4.837841e-02;2.484843e-01;3.389790e-02;2.356814e-02;2.478294e-01;2.078704e-02;1.081489e-02
5.263164e-02;3.020188e-02;2.366271e-01;2.204755e-02;3.337336e-02;4.264576e-02;2.582848e-01;3.598032e-02;3.152581e-02;2.213045e-01;2.270117e-02;1.267616e-02
6.074546e-02;2.539583e-02;2.414097e-01;3.019240e-02;2.713377e-02;3.660385e-02;2.556016e-01;2.707728e-02;6.712366e-02;1.652468e-01;4.239242e-02;2.107720e-02
6.136018e-02;2.850046e-02;2.873336e-01;3.381219e-02;2.310924e-02;4.281168e-02;2.346342e-01;5.499197e-02;5.858597e-02;9.895638e-02;4.825590e-02;2.764827e-02
6.102380e-02;5.236872e-02;3.416621e-01;5.357747e-02;2.432817e-02;3.674235e-02;1.598319e-01;4.650281e-02;4.236696e-02;5.835423e-02;8.750860e-02;3.573297e-02
7.711069e-02;8.426316e-02;3.709589e-01;6.482013e-02;1.894134e-02;1.845748e-02;9.497777e-02;4.422383e-02;3.733594e-02;6.528703e-02;8.309949e-02;4.052423e-02
6.552768e-02;7.811195e-02;4.201146e-01;6.347223e-02;3.060460e-02;2.356364e-02;9.359675e-02;3.165320e-02;2.999154e-02;7.294742e-02;5.502789e-02;3.538846e-02
3.456618e-02;3.811230e-02;4.223229e-01;6.781437e-02;5.010156e-02;3.375949e-02;1.242459e-01;3.340622e-02;3.284245e-02;6.248945e-02;6.485523e-02;3.548389e-02
3.645497e-02;1.259866e-02;4.731803e-01;6.762922e-02;4.130720e-02;2.587808e-02;1.371808e-01;2.830420e-02;2.832111e-02;5.396550e-02;5.063849e-02;4.454153e-02
5.624916e-02;3.313757e-02;4.555651e-01;6.499312e-02;3.264055e-02;2.742467e-02;1.385751e-01;1.012932e-02;2.896602e-02;4.998554e-02;5.109556e-02;5.123827e-02
1.212381e-01;5.142613e-02;2.015908e-01;5.938515e-02;6.957541e-02;3.686526e-02;1.826145e-01;3.664264e-02;5.374720e-02;4.601943e-02;5.749262e-02;8.340278e-02
1.387706e-01;6.752267e-02;1.185002e-01;4.747577e-02;9.388997e-02;4.618328e-02;1.672922e-01;5.072256e-02;6.252062e-02;5.065298e-02;5.744068e-02;9.902854e-02
1.101286e-01;6.232145e-02;1.783355e-01;6.015075e-02;9.727634e-02;3.836832e-02;6.568847e-02;7.975059e-02;5.613880e-02;5.757270e-02;9.383869e-02;1.004299e-01
8.680124e-02;5.485003e-02;2.262948e-01;7.500187e-02;8.641434e-02;3.436141e-02;4.881177e-02;8.522440e-02;5.073737e-02;5.551009e-02;1.120809e-01;8.391168e-02
6.367663e-02;4.262390e-02;3.328187e-01;8.907636e-02;6.480497e-02;2.885447e-02;6.143743e-02;5.587631e-02;2.874343e-02;5.316250e-02;1.165253e-01;6.240000e-02
5.379223e-02;4.036174e-02;4.389468e-01;8.962125e-02;5.547960e-02;2.092419e-02;5.972299e-02;2.468065e-02;1.904422e-02;6.327917e-02;8.848178e-02;4.566539e-02
4.153320e-02;2.810593e-02;4.808339e-01;6.931647e-02;5.140747e-02;1.987184e-02;8.768955e-02;4.823944e-02;2.658290e-02;7.163234e-02;3.881260e-02;3.597439e-02
5.833514e-02;5.000118e-02;3.246119e-01;6.860571e-02;6.082848e-02;3.693566e-02;1.252570e-01;5.798993e-02;6.808336e-02;4.719146e-02;3.079635e-02;7.136382e-02
9.563042e-02;4.347224e-02;1.648461e-01;6.578785e-02;5.783741e-02;4.956369e-02;1.749287e-01;7.788102e-02;6.456669e-02;7.660266e-02;6.474926e-02;6.413396e-02
8.572806e-02;4.587236e-02;2.292719e-01;6.357411e-02;6.483927e-02;4.383258e-02;1.692560e-01;5.328776e-02;6.045923e-02;8.890188e-02;5.876008e-02;3.621675e-02
1.179112e-01;4.989249e-02;2.285655e-01;6.942493e-02;8.955485e-02;3.338301e-02;1.247462e-01;2.453393e-02;8.062986e-02;4.755725e-02;7.469734e-02;5.910341e-02
1.047186e-01;6.510415e-02;1.500847e-01;6.920698e-02;1.073799e-01;4.440779e-02;8.851474e-02;6.386973e-02;6.847095e-02;5.693296e-02;9.909379e-02;8.221570e-02
8.401921e-02;8.131728e-02;1.773009e-01;6.934842e-02;9.930729e-02;3.546277e-02;2.374215e-02;9.023377e-02;5.345846e-02;8.163775e-02;1.142297e-01;8.994232e-02
7.726071e-02;9.448557e-02;1.830239e-01;6.515940e-02;8.145615e-02;2.702696e-02;3.071606e-02;9.927768e-02;3.968947e-02;9.104829e-02;1.261978e-01;8.465795e-02
6.941693e-02;1.057581e-01;1.677364e-01;6.378220e-02;7.977314e-02;2.374569e-02;1.725050e-02;1.089574e-01;3.199547e-02;1.078542e-01;1.319569e-01;9.177304e-02
7.314360e-02;1.140164e-01;1.556869e-01;5.740007e-02;8.319534e-02;2.302201e-02;8.943899e-03;1.085301e-01;2.994490e-02;1.123904e-01;1.329907e-01;1.007357e-01
1.009768e-01;1.184533e-01;1.470436e-01;4.829136e-02;7.930000e-02;2.235335e-02;2.169425e-02;1.016241e-01;3.959471e-02;8.344843e-02;1.156898e-01;1.215304e-01
5.884242e-02;1.364054e-01;1.751136e-01;5.960926e-02;7.125501e-02;2.050461e-02;1.721552e-02;1.072555e-01;2.544763e-02;6.845816e-02;1.394460e-01;1.204468e-01
7.417441e-02;1.309819e-01;2.021879e-01;7.009297e-02;6.445811e-02;1.789528e-02;8.893375e-03;1.092282e-01;2.333307e-02;4.585037e-02;1.536093e-01;9.929527e-02
5.952083e-02;1.054607e-01;2.221187e-01;9.001602e-02;7.275607e-02;1.876011e-02;1.903786e-02;1.163627e-01;1.732856e-02;2.612808e-02;1.747694e-01;7.774097e-02
4.342373e-02;9.061419e-02;2.305232e-01;1.126757e-01;7.501324e-02;1.754134e-02;2.059788e-02;1.146641e-01;1.781060e-02;2.384504e-02;1.952154e-01;5.807555e-02
2.539027e-02;6.604782e-02;2.795902e-01;1.336195e-01;6.949557e-02;1.785203e-02;3.331461e-02;1.045521e-01;1.713304e-02;1.942376e-02;2.025283e-01;3.105278e-02
3.142035e-02;4.901490e-02;3.133339e-01;1.334278e-01;6.332667e-02;2.212641e-02;6.215860e-02;7.619876e-02;2.608150e-02;3.231826e-02;1.581865e-01;3.240633e-02
5.702224e-02;3.185056e-02;3.858496e-01;1.099677e-01;4.834273e-02;1.536497e-02;7.583412e-02;4.929509e-02;2.811326e-02;4.986835e-02;1.046446e-01;4.384676e-02
7.271525e-02;1.993134e-02;4.486005e-01;7.945976e-02;3.698431e-02;7.912900e-03;8.882733e-02;3.558206e-02;2.636140e-02;6.403422e-02;7.989193e-02;3.969899e-02
7.751766e-02;2.439346e-02;4.907817e-01;5.754522e-02;3.503424e-02;1.462377e-02;9.742136e-02;2.097869e-02;2.015099e-02;8.014609e-02;5.456064e-02;2.684618e-02
7.584012e-02;2.514929e-02;4.881326e-01;7.690968e-02;4.925575e-02;1.381101e-02;8.590173e-02;9.067091e-03;1.505780e-02;6.821056e-02;6.187845e-02;3.078586e-02
6.636977e-02;2.543958e-02;4.739488e-01;8.900504e-02;5.361316e-02;1.231194e-02;5.710311e-02;2.276376e-02;2.385304e-02;6.954323e-02;6.701695e-02;3.903158e-02
6.839483e-02;2.356067e-02;5.313846e-01;7.604390e-02;5.424895e-02;1.380400e-02;2.836607e-02;1.002706e-02;2.172207e-02;8.917846e-02;5.804871e-02;2.522067e-02
5.330070e-02;4.336120e-02;5.533828e-01;5.539493e-02;4.198669e-02;1.402123e-02;5.809725e-02;1.736503e-02;2.014733e-02;7.475139e-02;4.334183e-02;2.484960e-02
5.300068e-02;6.479526e-02;5.447752e-01;5.408198e-02;3.575700e-02;2.749041e-02;6.326602e-02;2.695350e-02;1.707591e-02;5.770256e-02;2.691848e-02;2.818295e-02
6.355581e-02;7.347683e-02;4.888217e-01;4.325725e-02;3.580723e-02;3.657095e-02;8.683968e-02;4.026407e-02;3.308683e-02;4.436219e-02;2.252682e-02;3.143061e-02
8.445654e-02;4.873795e-02;3.671560e-01;5.293693e-02;6.343635e-02;4.495741e-02;1.352779e-01;5.126458e-02;4.589976e-02;4.776469e-02;2.500817e-02;3.310374e-02
1.070714e-01;8.958801e-02;2.956323e-01;5.665220e-02;7.187526e-02;6.384110e-02;6.366394e-02;4.945450e-02;6.190760e-02;7.339613e-02;3.529270e-02;3.162491e-02
8.799369e-02;9.318174e-02;1.735782e-01;3.860617e-02;7.322743e-02;6.286123e-02;2.336154e-01;3.973255e-02;4.813196e-02;7.723231e-02;4.802509e-02;2.381429e-02
4.135068e-02;8.258127e-02;2.362070e-01;2.553159e-02;5.317962e-02;5.039487e-02;2.890590e-01;3.324787e-02;2.330735e-02;7.657789e-02;5.857171e-02;2.999121e-02
6.267337e-02;7.629978e-02;2.378757e-01;3.747109e-02;5.247385e-02;5.042843e-02;2.587066e-01;2.577433e-02;4.763494e-02;7.154541e-02;4.769376e-02;3.142271e-02
6.653662e-02;6.438203e-02;1.831879e-01;2.484243e-02;5.098850e-02;4.381879e-02;3.376005e-01;1.936100e-02;5.679227e-02;6.321451e-02;6.475984e-02;2.451556e-02
9.076812e-02;8.433641e-02;1.824192e-01;1.663687e-02;4.145279e-02;4.216651e-02;3.339235e-01;2.606482e-02;5.183236e-02;5.107474e-02;5.943532e-02;1.988925e-02
1.577827e-01;7.585064e-02;1.738499e-01;1.860836e-02;6.735494e-02;5.284438e-02;1.969832e-01;4.866362e-02;4.762138e-02;5.828652e-02;6.413207e-02;3.802222e-02
1.470901e-01;4.770220e-02;1.396489e-01;2.203913e-02;6.859723e-02;5.387696e-02;1.997676e-01;8.388466e-02;6.715068e-02;8.414090e-02;5.859793e-02;2.750370e-02
8.365025e-02;6.153128e-02;1.680571e-01;2.955239e-02;6.102303e-02;4.785864e-02;2.974324e-01;6.985633e-02;5.065578e-02;6.561381e-02;4.296898e-02;2.180006e-02
6.356451e-02;5.145250e-02;2.422645e-01;3.363540e-02;6.492548e-02;4.033767e-02;3.009001e-01;4.623535e-02;2.723767e-02;5.279943e-02;4.528347e-02;3.136399e-02
8.776873e-02;5.177387e-02;2.376640e-01;3.001219e-02;6.863953e-02;6.179439e-02;2.960218e-01;1.233368e-02;1.823741e-02;4.373457e-02;4.614808e-02;4.587183e-02
9.159397e-02;6.037124e-02;2.428828e-01;2.903878e-02;7.687511e-02;5.727544e-02;2.388394e-01;1.992012e-02;2.714559e-02;5.524267e-02;5.335569e-02;4.745920e-02
7.247957e-02;4.937233e-02;2.113606e-01;3.141598e-02;6.939340e-02;3.834148e-02;2.736774e-01;4.294654e-02;3.024581e-02;7.154687e-02;6.110186e-02;4.811809e-02
7.600716e-02;6.337947e-02;1.438348e-01;5.294053e-02;6.317779e-02;4.056136e-02;2.574463e-01;4.782853e-02;6.563753e-02;9.610006e-02;5.257083e-02;4.051568e-02
1.077591e-01;9.043320e-02;1.468013e-01;5.923404e-02;4.825743e-02;4.470503e-02;1.589219e-01;5.813057e-02;7.879000e-02;9.304981e-02;7.049065e-02;4.342694e-02
1.156876e-01;9.066775e-02;1.700299e-01;5.576343e-02;4.329104e-02;5.455451e-02;1.279387e-01;5.697613e-02;8.756530e-02;8.696862e-02;6.918731e-02;4.136971e-02
