4.323361e-02;1.260239e-01;1.009894e-01;1.051662e-01;5.518727e-02;2.245101e-01;3.057343e-02;1.551363e-01;7.688975e-02;3.334771e-02;2.316690e-02;2.577536e-02
5.938721e-02;1.069082e-01;6.113975e-02;1.821983e-01;4.065419e-02;3.192570e-01;2.910911e-02;1.039352e-01;2.999141e-02;3.871436e-02;1.529282e-02;1.341239e-02
6.843224e-02;7.682797e-02;2.512019e-02;1.936369e-01;3.766194e-02;4.112443e-01;2.690508e-02;9.271286e-02;2.121681e-02;3.607188e-02;5.675348e-03;4.494482e-03
6.941308e-02;7.188509e-02;3.737621e-02;1.326354e-01;3.077920e-02;4.591316e-01;2.561351e-02;1.039433e-01;2.483121e-02;2.827910e-02;5.385633e-03;1.072672e-02
7.003161e-02;7.409199e-02;4.451243e-02;7.495317e-02;3.587900e-02;4.835462e-01;2.939209e-02;1.047708e-01;2.586187e-02;2.153243e-02;1.214451e-02;2.328392e-02
5.895939e-02;8.519495e-02;6.493184e-02;4.403251e-02;5.426917e-02;3.926614e-01;6.264319e-02;1.284681e-01;3.700393e-02;1.183095e-02;1.851434e-02;4.149028e-02
3.943580e-02;9.120236e-02;1.018932e-01;5.431981e-02;7.609999e-02;2.977232e-01;8.946615e-02;9.044533e-02;7.039879e-02;1.227128e-02;2.368284e-02;5.306128e-02
2.624872e-02;8.229486e-02;1.131953e-01;7.159276e-02;7.769532e-02;2.524710e-01;8.315204e-02;8.557934e-02;9.732928e-02;1.636460e-02;4.396116e-02;5.011557e-02
2.422017e-02;1.108034e-01;1.593804e-01;5.998901e-02;5.957425e-02;2.086429e-01;3.959724e-02;1.230744e-01;1.125535e-01;2.333354e-02;4.149557e-02;3.733560e-02
5.451553e-02;1.231869e-01;1.324970e-01;9.131882e-02;3.193736e-02;1.478677e-01;3.868526e-02;1.560483e-01;1.030160e-01;3.569387e-02;5.633285e-02;2.890038e-02
5.423129e-02;9.291684e-02;1.330334e-01;1.336199e-01;3.624900e-02;1.577215e-01;3.794648e-02;1.435580e-01;7.486938e-02;4.891095e-02;5.351317e-02;3.343004e-02
3.270153e-02;9.083779e-02;8.802784e-02;1.423263e-01;5.062145e-02;1.785670e-01;5.613151e-02;1.703842e-01;7.713006e-02;6.242933e-02;2.944118e-02;2.140173e-02
5.087090e-02;7.283139e-02;8.126576e-02;1.070336e-01;6.423327e-02;2.275847e-01;7.215767e-02;1.179370e-01;7.800474e-02;5.923537e-02;2.318773e-02;4.565778e-02
5.090475e-02;7.694992e-02;1.100824e-01;7.992813e-02;6.881670e-02;2.216706e-01;8.971322e-02;6.288722e-02;5.093580e-02;5.214843e-02;2.949529e-02;1.064675e-01
4.132408e-02;7.536309e-02;1.326271e-01;6.893584e-02;4.045508e-02;2.476502e-01;6.148059e-02;7.912581e-02;5.931638e-02;4.862646e-02;3.561174e-02;1.094837e-01
4.148208e-02;1.247633e-01;1.289588e-01;4.679053e-02;2.906577e-02;1.714248e-01;4.878573e-02;1.706581e-01;8.317611e-02;3.145964e-02;4.082936e-02;8.260582e-02
4.930132e-02;1.563469e-01;1.257110e-01;3.775175e-02;2.412744e-02;1.568770e-01;4.459309e-02;1.745138e-01;6.727525e-02;1.797673e-02;4.619062e-02;9.933512e-02
5.574290e-02;2.006131e-01;1.136937e-01;3.032422e-02;2.074025e-02;1.734956e-01;3.757840e-02;1.415801e-01;3.805584e-02;2.022341e-02;3.714657e-02;1.308060e-01
6.985398e-02;2.157175e-01;8.035139e-02;4.471784e-02;3.087364e-02;2.224499e-01;2.251873e-02;1.038993e-01;1.518920e-02;4.086009e-02;1.956718e-02;1.340012e-01
8.482185e-02;2.003732e-01;6.392324e-02;5.319507e-02;3.958174e-02;2.522478e-01;1.217890e-02;9.006540e-02;1.295847e-02;5.830518e-02;3.830518e-02;9.404395e-02
8.167247e-02;1.684573e-01;8.816202e-02;5.527709e-02;5.309735e-02;2.346395e-01;1.474390e-02;7.947396e-02;2.860127e-02;5.922764e-02;7.220107e-02;6.444643e-02
5.576012e-02;1.301889e-01;1.186641e-01;5.824717e-02;8.214291e-02;2.082055e-01;3.792896e-02;6.827632e-02;4.433705e-02;4.481362e-02;8.767343e-02;6.376186e-02
2.070794e-02;1.180853e-01;1.441412e-01;8.479779e-02;9.644298e-02;1.919606e-01;4.208940e-02;1.122988e-01;5.135712e-02;2.941880e-02;4.830547e-02;6.039459e-02
3.352501e-02;8.916777e-02;8.361659e-02;8.062401e-02;4.238339e-02;2.551105e-01;4.474545e-02;1.391887e-01;4.526507e-02;4.932322e-02;7.297964e-02;6.407065e-02
3.596977e-02;1.255521e-01;1.067853e-01;7.248983e-02;5.724255e-02;2.013441e-01;7.400002e-02;1.149969e-01;8.471655e-02;3.429734e-02;4.804545e-02;4.456007e-02
2.017491e-02;1.500142e-01;1.352095e-01;5.826908e-02;5.698337e-02;1.207611e-01;1.160339e-01;9.568867e-02;1.017236e-01;1.785585e-02;9.408318e-02;3.320260e-02
2.302623e-02;1.641398e-01;1.350916e-01;4.188620e-02;4.068715e-02;8.998308e-02;1.638070e-01;7.442636e-02;9.334794e-02;1.421110e-02;1.398353e-01;1.955828e-02
1.733550e-02;1.666907e-01;9.683005e-02;2.933306e-02;3.384759e-02;7.688843e-02;2.253905e-01;6.970301e-02;7.175256e-02;1.388960e-02;1.877294e-01;1.060960e-02
1.815294e-02;1.560340e-01;5.001949e-02;1.763701e-02;4.603198e-02;7.574298e-02;2.873253e-01;6.955501e-02;4.938224e-02;1.113301e-02;2.050268e-01;1.395928e-02
2.973836e-02;1.461309e-01;2.895175e-02;1.037882e-02;4.058767e-02;1.171256e-01;3.294857e-01;6.337803e-02;3.267829e-02;1.118810e-02;1.765188e-01;1.383787e-02
5.855141e-02;1.311182e-01;2.982585e-02;1.399937e-02;4.444859e-02;1.305886e-01;3.203705e-01;7.155976e-02;2.725230e-02;1.927432e-02;1.343201e-01;1.869106e-02
6.558082e-02;1.492121e-01;4.338374e-02;1.383262e-02;5.930117e-02;1.187363e-01;2.848135e-01;6.379510e-02;2.792545e-02;1.923786e-02;1.305705e-01;2.361078e-02
7.934354e-02;1.905152e-01;5.710640e-02;1.323822e-02;7.137613e-02;1.247766e-01;2.198443e-01;7.224121e-02;2.143322e-02;9.253234e-03;1.276528e-01;1.321916e-02
1.105414e-01;1.879365e-01;7.595947e-02;2.171566e-02;6.312030e-02;1.360580e-01;1.319381e-01;1.165411e-01;2.649900e-02;7.087959e-03;1.047889e-01;1.781366e-02
1.171513e-01;1.697230e-01;1.047733e-01;3.098141e-02;4.573257e-02;1.332673e-01;9.366301e-02;1.506842e-01;4.162298e-02;1.267294e-02;8.034689e-02;1.938113e-02
9.820767e-02;1.378959e-01;1.225530e-01;2.865096e-02;3.119593e-02;1.045565e-01;1.580967e-01;1.495510e-01;4.728933e-02;2.470231e-02;6.621113e-02;3.108953e-02
8.286141e-02;9.354366e-02;6.250075e-02;2.450215e-02;2.862691e-02;1.237503e-01;2.197930e-01;1.271089e-01;4.749679e-02;1.984992e-02;1.334112e-01;3.655497e-02
5.392542e-02;1.325379e-01;6.581639e-02;2.150901e-02;2.381883e-02;1.306119e-01;2.166594e-01;1.030018e-01;5.915528e-02;1.542368e-02;1.483106e-01;2.922982e-02
2.715085e-02;1.123312e-01;7.169269e-02;2.292658e-02;2.719995e-02;1.523987e-01;2.395208e-01;9.070332e-02;5.019053e-02;3.315082e-02;1.446834e-01;2.805118e-02
5.931836e-02;9.393868e-02;5.183727e-02;3.053199e-02;4.586929e-02;1.467476e-01;2.083706e-01;9.352484e-02;6.591177e-02;6.498083e-02;1.125220e-01;2.644672e-02
8.606854e-02;7.385010e-02;8.402692e-02;4.521921e-02;4.620831e-02;1.288338e-01;1.192854e-01;1.253928e-01;9.999309e-02;7.218372e-02;9.421771e-02;2.472040e-02
5.793415e-02;6.933697e-02;1.270106e-01;8.149754e-02;3.928258e-02;1.154762e-01;7.592336e-02;1.446825e-01;1.186091e-01;5.979058e-02;8.360896e-02;2.684741e-02
3.235418e-02;1.177271e-01;1.751842e-01;9.113310e-02;4.844863e-02;1.067601e-01;4.540923e-02;1.581589e-01;1.012650e-01;4.133721e-02;4.779004e-02;3.443234e-02
2.252367e-02;1.485611e-01;1.903650e-01;8.780584e-02;5.560637e-02;1.166200e-01;4.367327e-02;1.502735e-01;8.799814e-02;3.396478e-02;3.178893e-02;3.081937e-02
2.174023e-02;2.011662e-01;1.718960e-01;6.875402e-02;6.095766e-02;1.237349e-01;6.281045e-02;6.714927e-02;8.209115e-02;4.058802e-02;7.603838e-02;2.307373e-02
2.466742e-02;1.843956e-01;2.041067e-01;5.139317e-02;6.028973e-02;7.851133e-02;5.038358e-02;1.103791e-01;5.405366e-02;1.961282e-02;1.422414e-01;1.996537e-02
2.757846e-02;1.991135e-01;2.090995e-01;4.341008e-02;5.332622e-02;6.368290e-02;6.985333e-02;9.262621e-02;4.424864e-02;1.212897e-02;1.655422e-01;1.939000e-02
2.543306e-02;2.387390e-01;1.753223e-01;2.859065e-02;3.355871e-02;7.567795e-02;1.017120e-01;7.730912e-02;4.329505e-02;1.364168e-02;1.637297e-01;2.299083e-02
3.266387e-02;2.571203e-01;1.224769e-01;2.721944e-02;1.674433e-02;1.207995e-01;1.257325e-01;6.372221e-02;4.029078e-02;2.050970e-02;1.224089e-01;5.031169e-02
5.974906e-02;2.058006e-01;7.104278e-02;4.549826e-02;2.544209e-02;1.786551e-01;1.129129e-01;4.761384e-02;2.608190e-02;5.553284e-02;5.209913e-02;1.195716e-01
7.780663e-02;1.284131e-01;5.025893e-02;5.710817e-02;3.770689e-02;2.313387e-01;6.884861e-02;5.967940e-02;2.467771e-02;9.203606e-02;2.337603e-02;1.487498e-01
9.015427e-02;1.062348e-01;4.651827e-02;5.154498e-02;5.356723e-02;2.586802e-01;4.710096e-02;6.788713e-02;2.974855e-02;1.054206e-01;3.342252e-02;1.097204e-01
7.955869e-02;8.220579e-02;4.201818e-02;3.676999e-02;6.008171e-02;2.898983e-01;4.895532e-02;5.922067e-02;3.472770e-02;9.192988e-02;9.258066e-02;8.205310e-02
4.540332e-02;1.101590e-01;8.290815e-02;2.595543e-02;4.607210e-02;2.727207e-01;5.436694e-02;6.628542e-02;4.222092e-02;4.864221e-02;1.522227e-01;5.304307e-02
2.915177e-02;1.186408e-01;1.276573e-01;3.486441e-02;3.833509e-02;1.968937e-01;7.720099e-02;5.972970e-02;4.285703e-02;2.530344e-02;2.012564e-01;4.810941e-02
2.080556e-02;1.348126e-01;9.743732e-02;2.999675e-02;4.663754e-02;1.885540e-01;7.999754e-02;1.053541e-01;4.021469e-02;1.884183e-02;2.043642e-01;3.298389e-02
2.324717e-02;1.454153e-01;4.003111e-02;3.605281e-02;4.685123e-02;2.519518e-01;1.043313e-01;1.201092e-01;4.241923e-02;1.617059e-02;1.478477e-01;2.557271e-02
2.476101e-02;1.403643e-01;5.691905e-02;3.516525e-02;4.841605e-02;1.950364e-01;1.717367e-01;1.453293e-01;5.481882e-02;2.080235e-02;6.534708e-02;4.130377e-02
3.773380e-02;1.320314e-01;5.313936e-02;4.059984e-02;3.788953e-02;1.441232e-01;2.274560e-01;1.424897e-01;6.349196e-02;3.529052e-02;3.915346e-02;4.660122e-02
5.898080e-02;1.379284e-01;7.940540e-02;4.046433e-02;2.751170e-02;1.872249e-01;1.792151e-01;1.477525e-01;4.112444e-02;2.587980e-02;4.341576e-02;3.109693e-02
9.674018e-02;1.553693e-01;8.163258e-02;4.215498e-02;5.141881e-02;1.728419e-01;8.472518e-02;1.849845e-01;4.435308e-02;1.738609e-02;4.777314e-02;2.062021e-02
1.255042e-01;1.650754e-01;9.272847e-02;5.586736e-02;6.477725e-02;1.215071e-01;6.344708e-02;2.081707e-01;5.131469e-02;1.392345e-02;2.770218e-02;9.982157e-03
1.072780e-01;1.127663e-01;1.575684e-01;5.831159e-02;5.078514e-02;8.927891e-02;8.758771e-02;2.345549e-01;5.782412e-02;1.535909e-02;1.307802e-02;1.560782e-02
4.886716e-02;7.116821e-02;2.612942e-01;4.113641e-02;2.818453e-02;6.087258e-02;8.402222e-02;2.704274e-01;6.236411e-02;2.038366e-02;1.540383e-02;3.587578e-02
2.125905e-02;5.044755e-02;3.151401e-01;4.015344e-02;1.237644e-02;4.228850e-02;7.928529e-02;2.694834e-01;6.306713e-02;2.646110e-02;1.918184e-02;6.085616e-02
1.529095e-02;4.409127e-02;2.976288e-01;3.750725e-02;1.238429e-02;6.125747e-02;1.103447e-01;2.326065e-01;5.774350e-02;2.518588e-02;2.025172e-02;8.570759e-02
1.531820e-02;8.267583e-02;2.564711e-01;5.057176e-02;2.542714e-02;6.803230e-02;1.117940e-01;1.929694e-01;5.581305e-02;2.643872e-02;1.347126e-02;1.010173e-01
4.174457e-02;1.233455e-01;2.165946e-01;6.502794e-02;2.778343e-02;7.829650e-02;8.687735e-02;1.643594e-01;6.187372e-02;2.511231e-02;9.940855e-03;9.904383e-02
4.745561e-02;1.401800e-01;1.643976e-01;7.595335e-02;3.767246e-02;7.962646e-02;9.086530e-02;1.288675e-01;7.651815e-02;2.461235e-02;4.691971e-02;8.693152e-02
4.388457e-02;1.157713e-01;1.943717e-01;7.478777e-02;5.327219e-02;6.113782e-02;6.702361e-02;1.250627e-01;7.525072e-02;2.818585e-02;6.963752e-02;9.161425e-02
3.466502e-02;8.444789e-02;2.765020e-01;7.623567e-02;3.423671e-02;5.160603e-02;3.334041e-02;1.366525e-01;4.563518e-02;4.158688e-02;3.053290e-02;1.545588e-01
2.181110e-02;7.827328e-02;3.225968e-01;7.764437e-02;2.144401e-02;3.663754e-02;2.644189e-02;1.394559e-01;3.471563e-02;4.880957e-02;1.641169e-02;1.757582e-01
1.564111e-02;1.046585e-01;3.465834e-01;6.967663e-02;2.221305e-02;3.462647e-02;3.346746e-02;1.410771e-01;3.340424e-02;4.732640e-02;1.540791e-02;1.359178e-01
2.880472e-02;1.723925e-01;3.088613e-01;7.981473e-02;2.388153e-02;5.288910e-02;3.183388e-02;1.414408e-01;3.402104e-02;3.363281e-02;1.491305e-02;7.751452e-02
8.072781e-02;1.884360e-01;2.147771e-01;1.053655e-01;4.681509e-02;7.792974e-02;4.618543e-02;1.331606e-01;3.040608e-02;1.760700e-02;1.660608e-02;4.198368e-02
1.103143e-01;1.650417e-01;1.621165e-01;1.097705e-01;7.656494e-02;1.069878e-01;6.748239e-02;1.222488e-01;3.317811e-02;1.194889e-02;1.420734e-02;2.013873e-02
7.107745e-02;1.293226e-01;1.524342e-01;7.690792e-02;7.924937e-02;1.411040e-01;1.299858e-01;1.096635e-01;2.448316e-02;1.704701e-02;3.599246e-02;3.273249e-02
3.200354e-02;9.547181e-02;7.090150e-02;7.480661e-02;5.850168e-02;1.798377e-01;1.583004e-01;1.385737e-01;3.397645e-02;3.359590e-02;6.312671e-02;6.090400e-02
3.020920e-02;1.077519e-01;1.184955e-01;7.468934e-02;6.654622e-02;1.426070e-01;1.527164e-01;1.051838e-01;3.444875e-02;4.766714e-02;4.523293e-02;7.445183e-02
8.794520e-02;1.187229e-01;2.221065e-01;3.583436e-02;5.901373e-02;1.171843e-01;1.082707e-01;7.279183e-02;2.792500e-02;4.617895e-02;4.581027e-02;5.821621e-02
1.384374e-01;6.478505e-02;2.356452e-01;5.302003e-02;6.863672e-02;1.229173e-01;8.331135e-02;7.309372e-02;2.750059e-02;2.973717e-02;7.204282e-02;3.087262e-02
1.191194e-01;1.144973e-01;2.224005e-01;5.593553e-02;7.005024e-02;9.104981e-02;8.434465e-02;6.446130e-02;3.348809e-02;1.994255e-02;7.762156e-02;4.708900e-02
6.935252e-02;1.588743e-01;1.969798e-01;6.831029e-02;8.440662e-02;1.017807e-01;6.736717e-02;8.434379e-02;5.904292e-02;1.780073e-02;5.510923e-02;3.663192e-02
6.125857e-02;1.333066e-01;1.518602e-01;7.029873e-02;8.069781e-02;8.737613e-02;6.301976e-02;1.329906e-01;8.570480e-02;2.942191e-02;7.518387e-02;2.888109e-02
5.017664e-02;1.474445e-01;1.644033e-01;8.169132e-02;5.864054e-02;6.285828e-02;9.405852e-02;1.253446e-01;7.169231e-02;2.102317e-02;9.988066e-02;2.278607e-02
3.757205e-02;1.485674e-01;1.304515e-01;8.951424e-02;4.080713e-02;1.094415e-01;1.346256e-01;1.033759e-01;4.852904e-02;5.370000e-02;8.148874e-02;2.192689e-02
4.960530e-02;1.054696e-01;6.749097e-02;9.264596e-02;3.563801e-02;2.151223e-01;1.578903e-01;9.696121e-02;2.973539e-02;8.688968e-02;3.576747e-02;2.678378e-02
6.909298e-02;4.948873e-02;3.121924e-02;7.998388e-02;6.706335e-02;3.196939e-01;1.348616e-01;9.502358e-02;2.314370e-02;8.453850e-02;2.204690e-02;2.384372e-02
6.794300e-02;3.649478e-02;5.418243e-02;6.556057e-02;1.093883e-01;3.499280e-01;9.860617e-02;8.137967e-02;2.453899e-02;6.332672e-02;2.521185e-02;2.343952e-02
3.866666e-02;3.197683e-02;1.180459e-01;4.732773e-02;1.728337e-01;3.058363e-01;7.089622e-02;5.843052e-02;4.153203e-02;3.458154e-02;2.668899e-02;5.318352e-02
3.675595e-02;2.609464e-02;1.543938e-01;4.149761e-02;2.325335e-01;2.230802e-01;5.233316e-02;6.129128e-02;5.592445e-02;9.857441e-03;1.597248e-02;9.026551e-02
3.304581e-02;6.056351e-02;1.301952e-01;2.098214e-02;2.668172e-01;1.680035e-01;6.379808e-02;4.994571e-02;6.128153e-02;1.941006e-02;2.083451e-02;1.051228e-01
1.787428e-02;6.422074e-02;8.816218e-02;2.008734e-02;2.587292e-01;2.228761e-01;1.179806e-01;5.215541e-02;4.822392e-02;1.674967e-02;8.414092e-03;8.452652e-02
2.522931e-02;4.766802e-02;5.863085e-02;5.307291e-02;2.200870e-01;2.122417e-01;1.550155e-01;6.969722e-02;5.436567e-02;2.391683e-02;2.193234e-02;5.814262e-02
2.144675e-02;5.328118e-02;3.418970e-02;7.916728e-02;1.915821e-01;1.673502e-01;1.864354e-01;1.020483e-01;7.174636e-02;2.935692e-02;1.594533e-02;4.745036e-02
1.889834e-02;5.913477e-02;3.467261e-02;9.801153e-02;1.898484e-01;1.315770e-01;1.668127e-01;1.270606e-01;8.811537e-02;2.612889e-02;1.299420e-02;4.674550e-02
1.134984e-02;4.531323e-02;5.518274e-02;1.257528e-01;1.960674e-01;1.364363e-01;1.407924e-01;1.157909e-01;8.851507e-02;2.221938e-02;2.080778e-02;4.177214e-02
7.367185e-03;4.668216e-02;6.104843e-02;1.426968e-01;1.797562e-01;1.355243e-01;1.644745e-01;8.894245e-02;7.725655e-02;1.816814e-02;3.772798e-02;4.035536e-02
9.781247e-03;7.230525e-02;1.174948e-01;1.341370e-01;1.252538e-01;1.479664e-01;1.729408e-01;7.628285e-02;4.967694e-02;2.409021e-02;3.942542e-02;3.064523e-02
1.050442e-02;7.880810e-02;1.511800e-01;1.047609e-01;6.506714e-02;1.943059e-01;1.676969e-01;8.534800e-02;5.651768e-02;3.528159e-02;3.296282e-02;1.756663e-02
1.278133e-02;2.864439e-02;9.772510e-02;6.771546e-02;8.131862e-02;2.901178e-01;1.318420e-01;1.524675e-01;5.884385e-02;3.025807e-02;1.915431e-02;2.913153e-02
1.355574e-02;1.562715e-02;7.013063e-02;8.772165e-02;1.009947e-01;3.249869e-01;1.034328e-01;1.800059e-01;3.910566e-02;2.022944e-02;1.800375e-02;2.620573e-02
1.024252e-02;2.378902e-02;4.892336e-02;7.494389e-02;1.519260e-01;2.528598e-01;1.329812e-01;1.887939e-01;5.604775e-02;2.244091e-02;1.493657e-02;2.211501e-02
1.187024e-02;5.189878e-02;6.424952e-02;3.724724e-02;1.574576e-01;2.437342e-01;1.484288e-01;1.691748e-01;5.173971e-02;2.363820e-02;1.766275e-02;2.289824e-02
2.055006e-02;7.719289e-02;7.796220e-02;9.537317e-02;1.618883e-01;1.799299e-01;1.277810e-01;1.657849e-01;3.164741e-02;1.715661e-02;2.250689e-02;2.222663e-02
5.083047e-02;1.194695e-01;7.924306e-02;1.035209e-01;1.213089e-01;1.392203e-01;6.455749e-02;2.033770e-01;4.893222e-02;2.069167e-02;2.249915e-02;2.634932e-02
7.792282e-02;1.758658e-01;1.341955e-01;7.654636e-02;1.053465e-01;5.925013e-02;7.024174e-02;1.638669e-01;6.747343e-02;1.896521e-02;1.696544e-02;3.336011e-02
6.940643e-02;2.086601e-01;1.673516e-01;6.978884e-02;9.360524e-02;9.095243e-02;6.587122e-02;9.040396e-02;8.643515e-02;1.367668e-02;8.601819e-03;3.524649e-02
3.874479e-02;1.892088e-01;2.036604e-01;5.965943e-02;4.882008e-02;1.180358e-01;4.126322e-02;1.489111e-01;8.695130e-02;1.136185e-02;2.044857e-02;3.293471e-02
1.442901e-02;1.989310e-01;2.284287e-01;3.629917e-02;5.670337e-02;1.244723e-01;3.422282e-02;1.984793e-01;6.118182e-02;4.846745e-03;2.360089e-02;1.840499e-02
1.641848e-02;2.451026e-01;2.335475e-01;1.622635e-02;7.021928e-02;1.094408e-01;3.549020e-02;2.002350e-01;3.345107e-02;5.631128e-03;2.413856e-02;1.009905e-02
2.744549e-02;2.874639e-01;2.340698e-01;2.202686e-02;5.626425e-02;9.331464e-02;4.333984e-02;1.744954e-01;2.316243e-02;1.147909e-02;2.362483e-02;3.313501e-03
5.102137e-02;3.104147e-01;2.397786e-01;1.891610e-02;5.157600e-02;7.175593e-02;5.399321e-02;1.469279e-01;1.428867e-02;1.190277e-02;2.431017e-02;5.114535e-03
8.276650e-02;2.992821e-01;2.348105e-01;2.038973e-02;6.117783e-02;7.193737e-02;3.214635e-02;1.406535e-01;1.565445e-02;5.243347e-03;2.383970e-02;1.209857e-02
1.163742e-01;2.564644e-01;2.076320e-01;2.248229e-02;6.381552e-02;7.886117e-02;3.451392e-02;1.659045e-01;1.748379e-02;3.752162e-03;2.243989e-02;1.027616e-02
1.346876e-01;1.994321e-01;1.765137e-01;3.207553e-02;6.563099e-02;7.732186e-02;4.617959e-02;2.028607e-01;2.837084e-02;6.264947e-03;2.331572e-02;7.346559e-03
1.142097e-01;1.465984e-01;1.352970e-01;3.681363e-02;7.698955e-02;1.290671e-01;5.461694e-02;2.213857e-01;3.517373e-02;6.287768e-03;3.307953e-02;1.048096e-02
8.015290e-02;1.214231e-01;8.737210e-02;3.345380e-02;8.570514e-02;2.138626e-01;4.138272e-02;2.104777e-01;4.277591e-02;7.332063e-03;5.793419e-02;1.812773e-02
4.099655e-02;8.944585e-02;5.948448e-02;3.242889e-02;8.442841e-02;2.707544e-01;5.623657e-02;1.971938e-01;4.524404e-02;1.398274e-02;9.139855e-02;1.840568e-02
3.741970e-02;8.032940e-02;5.110789e-02;3.309445e-02;6.472407e-02;2.653526e-01;8.189958e-02;2.172343e-01;4.652777e-02;1.610572e-02;9.448297e-02;1.172150e-02
5.703614e-02;1.234094e-01;8.775698e-02;4.396573e-02;5.882835e-02;2.489536e-01;6.137197e-02;1.982241e-01;3.501386e-02;2.584606e-02;5.134805e-02;8.245824e-03
5.824267e-02;1.357082e-01;1.053063e-01;3.316591e-02;6.641808e-02;2.413278e-01;5.512948e-02;1.781334e-01;4.075778e-02;5.087434e-02;2.124694e-02;1.368921e-02
5.789506e-02;5.690341e-02;8.968233e-02;2.840370e-02;5.509389e-02;2.089134e-01;5.988982e-02;1.685788e-01;5.564391e-02;1.327398e-01;7.082353e-02;1.543230e-02
4.926718e-02;1.637225e-01;8.432791e-02;3.192750e-02;2.697776e-02;1.535878e-01;3.656979e-02;1.545692e-01;7.286294e-02;1.292990e-01;8.010309e-02;1.678528e-02
3.427123e-02;2.077785e-01;1.009827e-01;2.621054e-02;1.461528e-02;1.207466e-01;3.969183e-02;1.388327e-01;7.909745e-02;7.560328e-02;1.328387e-01;2.933121e-02
3.561159e-02;2.177628e-01;1.100623e-01;2.519601e-02;1.570040e-02;1.404076e-01;3.576839e-02;1.186600e-01;6.812598e-02;3.286967e-02;1.605987e-01;3.923663e-02
4.431449e-02;1.989491e-01;1.054791e-01;3.662490e-02;1.765586e-02;1.567515e-01;2.889900e-02;1.122276e-01;5.761309e-02;6.585252e-02;1.276818e-01;4.795103e-02
5.077901e-02;1.616647e-01;9.444133e-02;4.493462e-02;2.429518e-02;1.581409e-01;2.271209e-02;1.173581e-01;8.391752e-02;1.023050e-01;8.915558e-02;5.029585e-02
5.747904e-02;1.322517e-01;8.630911e-02;3.948537e-02;3.429204e-02;1.670218e-01;2.898892e-02;1.189167e-01;1.236995e-01;9.949748e-02;6.944149e-02;4.261691e-02
5.519601e-02;5.812696e-02;1.443344e-01;3.590072e-02;5.886459e-02;2.261297e-01;3.432214e-02;1.566149e-01;9.468362e-02;5.340620e-02;4.795811e-02;3.446273e-02
2.602486e-02;6.360435e-02;1.325762e-01;2.942916e-02;5.300494e-02;2.928758e-01;2.671283e-02;2.091479e-01;4.700290e-02;3.440542e-02;6.594574e-02;1.926992e-02
2.990223e-02;1.026049e-01;1.341045e-01;3.032634e-02;3.835342e-02;2.613289e-01;2.955689e-02;2.189211e-01;5.255581e-02;3.100729e-02;4.707066e-02;2.426792e-02
3.534963e-02;1.860530e-01;1.668693e-01;3.317320e-02;3.483860e-02;1.967875e-01;2.394974e-02;1.631415e-01;5.419895e-02;2.974337e-02;3.711093e-02;3.878427e-02
4.447860e-02;2.191686e-01;1.772570e-01;3.267652e-02;3.690721e-02;1.472926e-01;1.722537e-02;1.286992e-01;6.091789e-02;4.141406e-02;4.069442e-02;5.326854e-02
5.279862e-02;1.582177e-01;1.553295e-01;3.501601e-02;2.783527e-02;1.686985e-01;2.797848e-02;1.290845e-01;7.895887e-02;6.642026e-02;3.293303e-02;6.672931e-02
4.072306e-02;1.655948e-01;1.467054e-01;3.239720e-02;3.408541e-02;2.198558e-01;2.887643e-02;1.309689e-01;8.246949e-02;5.554309e-02;1.937309e-02;4.340729e-02
3.798576e-02;1.481422e-01;1.197643e-01;1.598188e-02;4.338608e-02;2.909852e-01;1.674295e-02;1.483584e-01;7.252900e-02;6.901197e-02;2.126133e-02;1.585100e-02
3.960997e-02;1.080351e-01;1.107996e-01;1.955807e-02;5.482808e-02;3.237363e-01;1.793660e-02;8.551767e-02;6.934834e-02;7.762008e-02;3.906653e-02;5.394362e-02
3.850811e-02;8.219366e-02;1.241884e-01;2.212484e-02;6.311461e-02;2.802392e-01;3.698488e-02;7.423556e-02;7.370277e-02;6.166862e-02;3.446908e-02;1.085702e-01
1.942802e-02;9.478253e-02;1.373353e-01;3.368132e-02;6.151933e-02;1.664610e-01;3.202335e-02;1.451067e-01;6.070580e-02;4.472584e-02;7.865691e-02;1.255739e-01
9.674429e-03;1.103665e-01;1.419488e-01;5.490171e-02;4.959633e-02;1.328051e-01;3.061399e-02;1.607572e-01;4.353021e-02;3.018830e-02;1.550169e-01;8.060058e-02
1.510842e-02;1.136834e-01;1.440500e-01;6.365047e-02;3.679051e-02;1.402214e-01;3.935757e-02;1.734888e-01;3.507155e-02;1.194643e-02;2.025478e-01;2.408370e-02
9.703527e-03;1.153474e-01;1.587848e-01;6.781022e-02;2.522870e-02;6.529681e-02;1.402325e-02;2.152979e-01;3.162600e-02;2.509318e-02;2.426170e-01;2.917127e-02
1.513462e-02;1.055406e-01;1.518653e-01;5.494624e-02;1.764513e-02;1.068105e-01;3.247224e-02;2.028130e-01;3.349325e-02;3.500737e-02;2.213127e-01;2.295913e-02
3.423885e-02;1.170296e-01;2.122047e-01;4.585290e-02;1.626674e-02;8.437300e-02;3.864915e-02;1.395039e-01;3.814253e-02;4.649954e-02;2.021956e-01;2.504345e-02
4.608911e-02;1.576785e-01;2.083822e-01;8.832274e-02;1.572536e-02;1.027273e-01;5.102477e-02;5.223544e-02;4.375557e-02;3.799602e-02;1.702465e-01;2.581655e-02
3.614271e-02;1.649339e-01;1.680857e-01;1.505090e-01;3.204235e-02;1.242380e-01;4.280895e-02;7.567058e-02;3.978325e-02;2.507800e-02;1.153162e-01;2.539126e-02
1.879964e-02;1.496099e-01;1.418520e-01;1.782768e-01;5.280576e-02;1.539955e-01;2.117531e-02;1.040035e-01;2.019793e-02;1.728381e-02;1.049930e-01;3.700693e-02
1.796909e-02;1.336062e-01;1.023126e-01;1.727320e-01;9.373832e-02;1.624870e-01;1.073276e-02;9.667554e-02;1.165402e-02;2.066380e-02;1.112986e-01;6.613000e-02
1.806996e-02;1.309898e-01;1.098346e-01;1.851589e-01;1.107200e-01;1.157027e-01;2.082816e-02;9.222283e-02;2.465088e-02;2.356866e-02;1.107083e-01;5.754522e-02
1.453771e-02;1.111675e-01;1.466547e-01;1.773676e-01;8.956981e-02;1.412101e-01;2.554880e-02;1.001610e-01;3.210730e-02;2.385725e-02;9.371489e-02;4.410341e-02
1.681481e-02;1.005128e-01;1.393806e-01;1.606127e-01;6.702311e-02;1.704241e-01;3.813337e-02;1.311577e-01;2.667603e-02;2.033093e-02;7.681209e-02;5.212178e-02
1.784817e-02;1.128458e-01;2.160792e-01;1.347807e-01;4.688000e-02;8.903488e-02;5.189463e-02;1.479137e-01;4.679813e-02;2.654606e-02;6.570029e-02;4.367829e-02
3.134454e-02;1.079890e-01;2.445249e-01;7.931493e-02;4.263690e-02;1.274857e-01;6.923404e-02;1.347545e-01;5.195412e-02;2.892633e-02;5.285931e-02;2.897575e-02
3.416832e-02;1.007308e-01;2.061897e-01;3.745001e-02;6.375661e-02;1.393477e-01;8.932351e-02;1.344654e-01;1.041674e-01;3.339243e-02;3.394024e-02;2.306788e-02
2.572310e-02;9.364031e-02;1.822925e-01;6.953520e-02;6.103833e-02;1.002114e-01;1.445821e-01;1.328337e-01;1.002683e-01;4.669730e-02;1.944673e-02;2.373098e-02
4.259906e-02;1.050969e-01;1.183896e-01;7.976373e-02;3.159794e-02;1.354544e-01;1.451838e-01;1.578378e-01;8.563730e-02;4.936587e-02;2.487081e-02;2.420283e-02
3.831817e-02;1.131146e-01;1.075182e-01;7.763052e-02;3.351068e-02;1.532500e-01;1.222658e-01;1.583922e-01;8.311269e-02;4.700651e-02;3.242556e-02;3.345513e-02
4.231120e-02;1.224073e-01;9.307808e-02;1.096761e-01;5.855681e-02;1.257339e-01;1.092329e-01;1.316093e-01;7.789541e-02;5.944873e-02;2.773310e-02;4.231711e-02
4.760685e-02;1.215341e-01;1.093877e-01;1.704595e-01;6.020218e-02;3.980795e-02;9.897354e-02;1.575096e-01;6.214663e-02;5.993799e-02;2.758982e-02;4.484414e-02
5.562036e-02;1.294762e-01;1.031936e-01;1.348294e-01;4.834587e-02;1.010312e-01;5.865918e-02;1.337254e-01;9.325705e-02;5.387674e-02;2.492230e-02;6.306276e-02
5.131809e-02;1.300386e-01;7.753214e-02;9.238055e-02;5.602295e-02;1.318387e-01;5.653731e-02;1.204677e-01;1.390255e-01;5.040820e-02;2.680416e-02;6.762611e-02
7.652633e-02;1.208750e-01;8.641467e-02;7.048128e-02;8.477424e-02;1.372696e-01;6.716800e-02;1.235394e-01;1.130317e-01;5.452403e-02;2.809663e-02;3.729905e-02
1.211293e-01;1.124108e-01;1.148203e-01;5.279041e-02;6.960597e-02;1.232688e-01;6.234906e-02;1.462299e-01;7.799537e-02;4.886045e-02;3.852785e-02;3.201183e-02
9.168422e-02;1.396769e-01;1.289772e-01;6.750521e-02;5.312125e-02;7.706615e-02;6.207110e-02;1.726014e-01;8.576887e-02;4.079850e-02;3.243591e-02;4.829330e-02
4.480398e-02;1.266194e-01;1.669327e-01;7.414750e-02;3.917948e-02;7.336105e-02;4.491150e-02;1.938608e-01;1.204653e-01;2.738045e-02;2.663018e-02;6.170765e-02
2.746177e-02;1.157634e-01;1.945737e-01;5.704017e-02;2.337280e-02;6.348000e-02;6.422931e-02;2.112699e-01;1.094487e-01;2.160157e-02;1.616901e-02;9.558970e-02
1.471505e-02;1.158201e-01;2.324039e-01;3.929656e-02;6.261102e-03;5.740949e-02;8.537887e-02;2.230455e-01;8.296099e-02;1.780739e-02;5.168503e-03;1.197326e-01
7.635721e-03;1.248398e-01;2.484923e-01;3.917210e-02;1.004686e-02;5.350146e-02;9.009474e-02;2.084541e-01;6.526271e-02;1.616253e-02;3.807737e-03;1.325299e-01
9.606266e-03;1.468306e-01;2.374611e-01;6.239027e-02;2.024404e-02;5.742690e-02;8.110597e-02;1.746591e-01;6.409038e-02;1.366061e-02;7.447598e-03;1.250772e-01
1.139635e-02;1.816801e-01;2.202580e-01;9.016916e-02;3.190418e-02;6.008134e-02;5.393864e-02;1.573603e-01;6.728807e-02;9.306464e-03;9.983453e-03;1.066340e-01
1.569575e-02;2.119665e-01;1.954236e-01;1.196438e-01;4.597064e-02;5.200189e-02;2.695086e-02;1.558231e-01;7.698332e-02;9.889484e-03;1.603907e-02;7.361195e-02
4.176438e-02;1.799765e-01;1.834380e-01;1.620212e-01;5.770748e-02;3.202874e-02;1.559912e-02;1.615573e-01;9.453280e-02;9.814478e-03;2.889151e-02;3.266867e-02
3.701486e-02;1.111350e-01;1.878211e-01;2.066081e-01;5.646265e-02;4.243765e-02;1.527655e-02;1.700751e-01;1.118026e-01;1.111208e-02;2.823033e-02;2.202398e-02
3.506305e-02;4.666816e-02;1.785391e-01;2.085343e-01;7.197986e-02;4.506182e-02;3.075462e-02;1.849004e-01;1.203773e-01;1.577748e-02;3.655750e-02;2.578631e-02
4.531479e-02;5.052394e-02;1.825732e-01;1.534910e-01;8.765151e-02;5.364107e-02;3.249872e-02;1.982229e-01;1.132454e-01;1.230480e-02;4.152621e-02;2.900648e-02
5.236717e-02;6.529436e-02;2.135502e-01;7.762385e-02;7.813547e-02;7.985377e-02;3.871882e-02;2.251720e-01;9.777981e-02;1.320945e-02;3.029559e-02;2.799942e-02
3.649074e-02;9.474304e-02;2.205742e-01;7.520216e-02;5.052706e-02;7.937031e-02;5.800064e-02;2.285773e-01;7.382865e-02;1.619705e-02;2.404935e-02;4.243939e-02
1.758465e-02;6.593598e-02;1.870105e-01;1.394164e-01;6.245110e-02;6.730108e-02;6.881581e-02;2.017453e-01;8.818686e-02;1.693790e-02;2.661975e-02;5.799469e-02
1.580197e-02;5.511132e-02;1.743126e-01;1.553508e-01;7.969549e-02;1.008536e-01;5.791903e-02;1.848623e-01;7.182353e-02;2.390250e-02;2.322745e-02;5.713949e-02
3.087429e-02;9.160215e-02;1.589110e-01;1.215976e-01;6.401350e-02;1.288200e-01;2.862118e-02;1.886282e-01;3.408883e-02;2.730708e-02;2.795729e-02;9.757878e-02
3.564273e-02;1.597075e-01;1.754456e-01;1.059643e-01;4.586243e-02;1.312176e-01;3.194734e-02;1.493149e-01;3.441247e-02;3.130228e-02;2.628621e-02;7.289678e-02
3.025108e-02;1.441856e-01;2.249412e-01;1.214602e-01;7.032640e-02;1.286859e-01;4.972406e-02;9.740758e-02;5.243509e-02;2.913866e-02;1.745494e-02;3.398924e-02
2.329451e-02;1.676910e-01;1.886309e-01;1.357651e-01;8.359356e-02;1.168034e-01;5.975318e-02;1.104642e-01;3.522427e-02;2.794258e-02;2.464816e-02;2.618912e-02
2.308202e-02;1.451293e-01;9.380238e-02;1.006590e-01;5.892762e-02;9.959884e-02;6.917656e-02;2.082871e-01;9.419979e-02;2.622784e-02;3.822914e-02;4.268039e-02
2.863147e-02;1.029149e-01;1.114413e-01;5.999113e-02;5.514175e-02;9.143313e-02;7.345004e-02;2.474724e-01;1.206502e-01;2.377400e-02;3.856200e-02;4.653766e-02
