5.430510e-02;6.259295e-02;1.337602e-01;1.625852e-01;1.116055e-01;5.248610e-02;1.843729e-02;1.513457e-01;1.809841e-01;3.827375e-02;1.297577e-02;2.064834e-02
5.116303e-02;1.784418e-02;7.665919e-02;2.145195e-01;1.373549e-01;1.890167e-02;1.641215e-02;1.519808e-01;2.618577e-01;3.508360e-02;9.432857e-03;8.790386e-03
3.837057e-02;1.122244e-02;2.576512e-02;2.078675e-01;1.525911e-01;1.974417e-02;1.602467e-02;1.433525e-01;2.998065e-01;6.727807e-02;1.327759e-02;4.699731e-03
2.352521e-02;1.928309e-02;2.453188e-02;1.683867e-01;1.566892e-01;3.091890e-02;1.146451e-02;1.541284e-01;2.959307e-01;9.030962e-02;1.975214e-02;5.079604e-03
1.106836e-02;2.387861e-02;2.187258e-02;1.408164e-01;1.573227e-01;2.710146e-02;1.490690e-02;1.715789e-01;2.716267e-01;1.235680e-01;3.161322e-02;4.646113e-03
1.036176e-02;4.035599e-02;2.412136e-02;1.226149e-01;1.569278e-01;4.675253e-02;2.062940e-02;1.564243e-01;2.298243e-01;1.248197e-01;5.637665e-02;1.079128e-02
2.211192e-02;4.421872e-02;3.282220e-02;1.053629e-01;1.404991e-01;3.329546e-02;2.161406e-02;1.504517e-01;2.690579e-01;9.099846e-02;5.873519e-02;3.083240e-02
1.264137e-02;2.977598e-02;4.389229e-02;8.155425e-02;1.074907e-01;3.992671e-02;1.835284e-02;1.942046e-01;3.337015e-01;7.688293e-02;3.430995e-02;2.726690e-02
2.346298e-02;3.208036e-02;3.140488e-02;8.731765e-02;6.860710e-02;5.206075e-02;2.953991e-02;2.630993e-01;3.562649e-01;3.879130e-02;1.057498e-02;6.795890e-03
2.351739e-02;3.372127e-02;4.184839e-02;8.362862e-02;5.171439e-02;4.274850e-02;2.750752e-02;3.289928e-01;2.927447e-01;4.817189e-02;1.096526e-02;1.443928e-02
1.173338e-02;3.635347e-02;7.263884e-02;6.496659e-02;4.766713e-02;5.601779e-02;3.100653e-02;4.018163e-01;2.204351e-01;2.339108e-02;1.642045e-02;1.755338e-02
1.691511e-02;9.307364e-02;8.446744e-02;5.664120e-02;6.197375e-02;6.582438e-02;5.650904e-02;3.264997e-01;1.479929e-01;2.141377e-02;2.762986e-02;4.105920e-02
2.133809e-02;1.673173e-01;8.052764e-02;7.483128e-02;6.188424e-02;7.911113e-02;7.785928e-02;1.429099e-01;1.182239e-01;5.130433e-02;4.651808e-02;7.817480e-02
5.111148e-02;1.785039e-01;9.439148e-02;6.630800e-02;7.286990e-02;8.518010e-02;6.129308e-02;1.031499e-01;1.284806e-01;5.472371e-02;3.429882e-02;6.968904e-02
4.715543e-02;8.624731e-02;9.299035e-02;6.707020e-02;1.306889e-01;1.816344e-01;5.645183e-02;1.053709e-01;1.369053e-01;4.669411e-02;1.877843e-02;3.001276e-02
2.075168e-02;8.678425e-02;4.922250e-02;4.080720e-02;1.590988e-01;2.543280e-01;8.229689e-02;6.329378e-02;1.179023e-01;8.263754e-02;1.606712e-02;2.680997e-02
1.451373e-02;8.105974e-02;2.878099e-02;2.545233e-02;1.667649e-01;2.480008e-01;1.091859e-01;4.946895e-02;9.778304e-02;1.376447e-01;1.535718e-02;2.598772e-02
3.155035e-02;6.349888e-02;3.142360e-02;3.490176e-02;1.724042e-01;1.378611e-01;9.180053e-02;5.419226e-02;9.679968e-02;2.246419e-01;3.145285e-02;2.947281e-02
4.758921e-02;8.970466e-02;5.268715e-02;4.588617e-02;1.397389e-01;4.883537e-02;6.075119e-02;5.736841e-02;1.163852e-01;2.611465e-01;4.954335e-02;3.036387e-02
1.154734e-01;9.026532e-02;7.085007e-02;6.470349e-02;8.785053e-02;7.146175e-02;6.871657e-02;5.233939e-02;1.342323e-01;1.803997e-01;4.215696e-02;2.155056e-02
1.929352e-01;5.762718e-02;7.092281e-02;1.039444e-01;4.643774e-02;6.802615e-02;1.067186e-01;4.780680e-02;1.510052e-01;9.957059e-02;3.419317e-02;2.081227e-02
2.214805e-01;3.222352e-02;5.008229e-02;1.663848e-01;3.821762e-02;4.422752e-02;1.169733e-01;5.701544e-02;1.433265e-01;5.024509e-02;5.945819e-02;2.036514e-02
2.159315e-01;1.876102e-02;2.315388e-02;2.399940e-01;3.223854e-02;3.044536e-02;8.179190e-02;7.150330e-02;1.516816e-01;2.778693e-02;8.864275e-02;1.806921e-02
1.942768e-01;1.511575e-02;3.133382e-02;2.590601e-01;2.659125e-02;2.903765e-02;7.091671e-02;7.176498e-02;1.472644e-01;3.318926e-02;9.275112e-02;2.869814e-02
2.267593e-01;1.388411e-02;3.764627e-02;2.459013e-01;1.801685e-02;2.168149e-02;8.013982e-02;6.517806e-02;1.619250e-01;2.572801e-02;8.250177e-02;2.063807e-02
2.673791e-01;1.057604e-02;3.084113e-02;2.010759e-01;1.210247e-02;3.289152e-02;8.007368e-02;6.778575e-02;1.803484e-01;1.828166e-02;7.550839e-02;2.313596e-02
2.962629e-01;1.159835e-02;2.461452e-02;1.541800e-01;1.452320e-02;2.723652e-02;1.130796e-01;6.931306e-02;1.859980e-01;2.022412e-02;6.603099e-02;1.693867e-02
2.841134e-01;2.295687e-02;2.324901e-02;1.108708e-01;4.035225e-02;2.229736e-02;1.338530e-01;6.668818e-02;1.673212e-01;5.023179e-02;5.597405e-02;2.209208e-02
2.337755e-01;6.172421e-02;2.879957e-02;7.657919e-02;7.411201e-02;3.753542e-02;1.025554e-01;5.849110e-02;1.351924e-01;1.069601e-01;3.928973e-02;4.498526e-02
1.521107e-01;1.117220e-01;3.189411e-02;5.290495e-02;1.114111e-01;2.899573e-02;4.058456e-02;6.007179e-02;1.047359e-01;1.943666e-01;3.055225e-02;8.065033e-02
6.996448e-02;1.348383e-01;2.950005e-02;5.124238e-02;1.205070e-01;3.413033e-02;3.010864e-02;8.074118e-02;8.596684e-02;2.210827e-01;7.604435e-02;6.587371e-02
4.344017e-02;1.145798e-01;3.389009e-02;8.664557e-02;8.921136e-02;6.996333e-02;5.160856e-02;1.024684e-01;8.379191e-02;1.697358e-01;1.147619e-01;3.990316e-02
1.048672e-01;6.387522e-02;5.371217e-02;1.147014e-01;5.144620e-02;6.293240e-02;1.108990e-01;7.951248e-02;9.043076e-02;1.103005e-01;1.158853e-01;4.143747e-02
1.587452e-01;2.295729e-02;4.647905e-02;7.031172e-02;3.886696e-02;1.156569e-01;1.753929e-01;9.890512e-02;1.218506e-01;6.912492e-02;5.178335e-02;2.992595e-02
1.548276e-01;4.261463e-02;3.580980e-02;5.083702e-02;4.206298e-02;1.033889e-01;1.053202e-01;1.392193e-01;1.513870e-01;8.680931e-02;5.177712e-02;3.594637e-02
1.183815e-01;3.355201e-02;5.768122e-02;8.718417e-02;5.011486e-02;7.483860e-02;1.071962e-01;1.084234e-01;1.450452e-01;1.053866e-01;5.850270e-02;5.369360e-02
7.780312e-02;4.865174e-02;4.194889e-02;9.016718e-02;8.571912e-02;1.383265e-01;1.261859e-01;7.842979e-02;9.946419e-02;1.137585e-01;5.649761e-02;4.304757e-02
9.722517e-02;7.279259e-02;6.436196e-02;8.894732e-02;7.072121e-02;1.472635e-01;6.909078e-02;6.530996e-02;1.003191e-01;1.474286e-01;3.901516e-02;3.752455e-02
9.983905e-02;8.281849e-02;7.751387e-02;1.036075e-01;8.022783e-02;8.109005e-02;6.079256e-02;8.515798e-02;1.156478e-01;1.508918e-01;2.984637e-02;3.256667e-02
1.087645e-01;1.028517e-01;9.211458e-02;1.220897e-01;6.756936e-02;6.785133e-02;6.019235e-02;8.024250e-02;1.046781e-01;1.147365e-01;4.730264e-02;3.160665e-02
1.288945e-01;7.880541e-02;8.889618e-02;1.122553e-01;3.068990e-02;9.032226e-02;8.166625e-02;7.129422e-02;1.220860e-01;9.650892e-02;5.947558e-02;3.910540e-02
1.513469e-01;4.091980e-02;8.129553e-02;1.049820e-01;3.030262e-02;8.635516e-02;6.576313e-02;9.091838e-02;1.375266e-01;1.043043e-01;6.479745e-02;4.148820e-02
1.481781e-01;4.335705e-02;7.489739e-02;8.528303e-02;4.659689e-02;7.484292e-02;5.367124e-02;8.412644e-02;1.656246e-01;1.230920e-01;6.505049e-02;3.527975e-02
1.322031e-01;5.262592e-02;5.302880e-02;6.038326e-02;5.029894e-02;8.822064e-02;8.893089e-02;8.446806e-02;1.875609e-01;1.200342e-01;6.167797e-02;2.056736e-02
1.362588e-01;4.193139e-02;5.033523e-02;5.831856e-02;4.241563e-02;9.238525e-02;8.364033e-02;1.169936e-01;1.856038e-01;9.465449e-02;7.207569e-02;2.538722e-02
1.497334e-01;3.931589e-02;3.708825e-02;1.203898e-01;7.843643e-02;6.645872e-02;5.096076e-02;1.100357e-01;1.491483e-01;7.296286e-02;8.052741e-02;4.494250e-02
1.487781e-01;4.660034e-02;3.893029e-02;1.728636e-01;8.917157e-02;9.685298e-02;7.452696e-02;7.129391e-02;9.955918e-02;5.887505e-02;6.997458e-02;3.257342e-02
1.513398e-01;4.179962e-02;3.656459e-02;1.862682e-01;8.711765e-02;8.396634e-02;1.119988e-01;7.982578e-02;1.057310e-01;5.455576e-02;4.228121e-02;1.855130e-02
1.467416e-01;4.395580e-02;4.087451e-02;1.813494e-01;7.931166e-02;6.300310e-02;1.036994e-01;8.169813e-02;1.170247e-01;9.023605e-02;3.599761e-02;1.610793e-02
1.313106e-01;4.712566e-02;4.444875e-02;1.844798e-01;7.870703e-02;7.869784e-02;6.357978e-02;5.418117e-02;1.175002e-01;1.087998e-01;7.052523e-02;2.064413e-02
1.200655e-01;3.086565e-02;4.513067e-02;1.635248e-01;5.956644e-02;1.047750e-01;5.238518e-02;6.062245e-02;1.293128e-01;1.198195e-01;9.171738e-02;2.221455e-02
1.235248e-01;3.337539e-02;5.345383e-02;1.496148e-01;5.378402e-02;9.672626e-02;1.062193e-01;6.435061e-02;1.107548e-01;1.081364e-01;8.244107e-02;1.761863e-02
1.437811e-01;4.781459e-02;5.126165e-02;1.660890e-01;7.118154e-02;5.661405e-02;1.096087e-01;5.036969e-02;9.608240e-02;1.174364e-01;6.328493e-02;2.647597e-02
1.620278e-01;7.178077e-02;5.815729e-02;1.346466e-01;8.224840e-02;5.065107e-02;7.384045e-02;6.567071e-02;9.574797e-02;1.130350e-01;5.026315e-02;4.193073e-02
1.360578e-01;1.315214e-01;1.086928e-01;6.332196e-02;5.538820e-02;1.064298e-01;7.014636e-02;9.259713e-02;8.083814e-02;7.930917e-02;4.323647e-02;3.246078e-02
7.722227e-02;1.141487e-01;1.279788e-01;4.681012e-02;2.407920e-02;1.306974e-01;1.074741e-01;1.086072e-01;7.543527e-02;4.346478e-02;7.682475e-02;6.725737e-02
5.246736e-02;7.780243e-02;1.013233e-01;3.183999e-02;1.061830e-02;1.317270e-01;1.183766e-01;1.136922e-01;7.515414e-02;5.543918e-02;1.531229e-01;7.843654e-02
3.540244e-02;9.949306e-02;6.427010e-02;1.801296e-02;3.840872e-02;1.309400e-01;8.323307e-02;1.189030e-01;7.487800e-02;8.427717e-02;1.886307e-01;6.355082e-02
3.539646e-02;1.545681e-01;2.904806e-02;2.617960e-02;7.514463e-02;9.665219e-02;4.962379e-02;1.110841e-01;8.111870e-02;1.614802e-01;1.277211e-01;5.198310e-02
6.763205e-02;1.761910e-01;2.684601e-02;3.346628e-02;8.792990e-02;5.263168e-02;6.481307e-02;8.547066e-02;9.985440e-02;1.969681e-01;4.819748e-02;5.999933e-02
1.083066e-01;1.264418e-01;4.179251e-02;4.306548e-02;7.299523e-02;5.104668e-02;9.502750e-02;6.082176e-02;1.344903e-01;1.582727e-01;4.101016e-02;6.672939e-02
1.133585e-01;6.469597e-02;4.203372e-02;7.325287e-02;5.466218e-02;5.563331e-02;9.563047e-02;9.796302e-02;1.684304e-01;1.433408e-01;3.967894e-02;5.131979e-02
1.172448e-01;5.206314e-02;5.393525e-02;9.226728e-02;4.240499e-02;9.575034e-02;6.494131e-02;1.486657e-01;1.857755e-01;8.719707e-02;3.258619e-02;2.716844e-02
6.038194e-02;6.943899e-02;1.096058e-01;7.100618e-02;5.978617e-02;9.298222e-02;9.643515e-02;1.813156e-01;1.540246e-01;4.268490e-02;2.801486e-02;3.432351e-02
7.741317e-02;8.335853e-02;8.139538e-02;9.338782e-02;6.749209e-02;7.644870e-02;7.514228e-02;1.803405e-01;1.181035e-01;5.280357e-02;3.598876e-02;5.812567e-02
9.223328e-02;8.572346e-02;6.160763e-02;1.438978e-01;5.370567e-02;5.518505e-02;4.605551e-02;1.710952e-01;1.436787e-01;4.035478e-02;4.708891e-02;5.937394e-02
7.472330e-02;7.433640e-02;9.008458e-02;1.452080e-01;4.320798e-02;4.638366e-02;6.347954e-02;1.886686e-01;1.618854e-01;4.031234e-02;4.193865e-02;2.977148e-02
6.766076e-02;6.996930e-02;8.882994e-02;8.284541e-02;6.020317e-02;5.865169e-02;6.575841e-02;2.234426e-01;1.846655e-01;3.707942e-02;2.854600e-02;3.234781e-02
6.019408e-02;7.462124e-02;4.576398e-02;4.230252e-02;7.016043e-02;3.622128e-02;7.220220e-02;1.988485e-01;2.019991e-01;7.222334e-02;8.132794e-02;4.413540e-02
4.403645e-02;9.600254e-02;4.406129e-02;3.776574e-02;1.236135e-01;1.155286e-01;7.274311e-02;1.147509e-01;1.607696e-01;7.324591e-02;8.670834e-02;3.077408e-02
3.717210e-02;1.014070e-01;7.001435e-02;6.210040e-02;1.755700e-01;1.575304e-01;4.376310e-02;6.122434e-02;1.207279e-01;1.023284e-01;5.576524e-02;1.239672e-02
4.397722e-02;1.001891e-01;4.454092e-02;7.695268e-02;2.229660e-01;9.401416e-02;2.648597e-02;7.200866e-02;1.056641e-01;1.489495e-01;4.959398e-02;1.465767e-02
3.610160e-02;1.286370e-01;3.564760e-02;5.100375e-02;2.278831e-01;1.340855e-01;4.213237e-02;7.329789e-02;8.705150e-02;1.337034e-01;4.095032e-02;9.505970e-03
1.745768e-02;1.375632e-01;5.803872e-02;3.195911e-02;2.070506e-01;2.139749e-01;3.331101e-02;6.772923e-02;9.222063e-02;8.465286e-02;4.636248e-02;9.679603e-03
1.777259e-02;1.253369e-01;5.368759e-02;2.285316e-02;1.775448e-01;3.018956e-01;2.170986e-02;7.071606e-02;7.901088e-02;5.763150e-02;5.691233e-02;1.492883e-02
2.143475e-02;1.104869e-01;3.325243e-02;2.545357e-02;1.866711e-01;3.558230e-01;2.463973e-02;7.133409e-02;5.202892e-02;5.362574e-02;5.011908e-02;1.513065e-02
1.953882e-02;9.683314e-02;2.402872e-02;3.896561e-02;2.153585e-01;3.125323e-01;5.181643e-02;7.400713e-02;8.559464e-02;4.868354e-02;2.156049e-02;1.108064e-02
1.812451e-02;1.254013e-01;2.505400e-02;4.099292e-02;2.353750e-01;1.693116e-01;4.609604e-02;8.852635e-02;1.243564e-01;7.452502e-02;3.947614e-02;1.276075e-02
1.471390e-02;1.729216e-01;2.264139e-02;3.188482e-02;2.337567e-01;5.712182e-02;3.559614e-02;8.649308e-02;1.540162e-01;1.080269e-01;6.039057e-02;2.243690e-02
1.990801e-02;1.580126e-01;2.223440e-02;4.150968e-02;2.362907e-01;3.031642e-02;5.638808e-02;7.246522e-02;1.596082e-01;1.118512e-01;6.697222e-02;2.444324e-02
1.264519e-02;9.880183e-02;2.656443e-02;6.296065e-02;2.764831e-01;7.428302e-02;2.565287e-02;9.142030e-02;1.695699e-01;9.486929e-02;5.016124e-02;1.658818e-02
1.823148e-02;5.315995e-02;2.608198e-02;6.250425e-02;2.980099e-01;7.218468e-02;4.133545e-02;1.019302e-01;1.797903e-01;8.821797e-02;4.325370e-02;1.530009e-02
2.760881e-02;3.385835e-02;4.678721e-02;8.557998e-02;2.632880e-01;9.956533e-02;6.704906e-02;1.123410e-01;1.556500e-01;6.571693e-02;3.347851e-02;9.076829e-03
3.592449e-02;2.530628e-02;4.607349e-02;1.681919e-01;2.187031e-01;8.507483e-02;9.420004e-02;1.224544e-01;1.410340e-01;3.134159e-02;2.161533e-02;1.008049e-02
4.583010e-02;3.246563e-02;5.222167e-02;2.428373e-01;1.761521e-01;3.321634e-02;8.493319e-02;9.494822e-02;1.790088e-01;2.564058e-02;2.833662e-02;4.409508e-03
4.119904e-02;3.102693e-02;7.855988e-02;2.855182e-01;1.389365e-01;1.475533e-02;4.932945e-02;7.474255e-02;2.084904e-01;3.414753e-02;3.731560e-02;5.978534e-03
3.293783e-02;3.786925e-02;8.593771e-02;2.903629e-01;1.217489e-01;2.093162e-02;2.863671e-02;9.469904e-02;2.181091e-01;3.013583e-02;3.307798e-02;5.553143e-03
2.728411e-02;2.869211e-02;2.641815e-02;2.788153e-01;1.360437e-01;3.933300e-02;3.742038e-02;1.232587e-01;2.467560e-01;2.403454e-02;2.606750e-02;5.876453e-03
3.477546e-02;2.764504e-02;6.548598e-02;2.251053e-01;1.135716e-01;4.662314e-02;3.244784e-02;1.375806e-01;2.422436e-01;2.173059e-02;3.737287e-02;1.541789e-02
5.640178e-02;1.554251e-02;8.266257e-02;1.818087e-01;6.341333e-02;3.095198e-02;2.889940e-02;1.716212e-01;2.826706e-01;2.477745e-02;5.153359e-02;9.716849e-03
6.938376e-02;1.865243e-02;6.563749e-02;1.628584e-01;6.369475e-02;4.894438e-02;3.678461e-02;1.848349e-01;2.687305e-01;2.873784e-02;3.214420e-02;1.959674e-02
6.716073e-02;1.955804e-02;5.419724e-02;1.830826e-01;6.782236e-02;9.290030e-02;6.227285e-02;1.636383e-01;2.394437e-01;2.064000e-02;1.658967e-02;1.269419e-02
6.093791e-02;2.270061e-02;6.320550e-02;1.870248e-01;8.058949e-02;7.823446e-02;8.065049e-02;1.433565e-01;2.326662e-01;2.608227e-02;2.046628e-02;4.085531e-03
5.078373e-02;2.494278e-02;6.350104e-02;1.508928e-01;1.110638e-01;4.577735e-02;7.608844e-02;1.520170e-01;2.286599e-01;6.090499e-02;2.735760e-02;8.010600e-03
3.170713e-02;2.856404e-02;5.155854e-02;1.376518e-01;1.614596e-01;4.397881e-02;4.433450e-02;1.437801e-01;2.368865e-01;7.301868e-02;3.274954e-02;1.431074e-02
1.973628e-02;3.368674e-02;4.104266e-02;2.066510e-01;1.987905e-01;4.595520e-02;2.598228e-02;9.554372e-02;2.501536e-01;4.727805e-02;1.826685e-02;1.691303e-02
2.647936e-02;3.664488e-02;3.720741e-02;2.224752e-01;2.111071e-01;6.978222e-02;1.719247e-02;1.006878e-01;2.200654e-01;2.821389e-02;1.932387e-02;1.082043e-02
9.502408e-03;4.682612e-02;3.589463e-02;2.249932e-01;1.920785e-01;7.802628e-02;2.077412e-02;1.310124e-01;2.033256e-01;2.655130e-02;2.180071e-02;9.214623e-03
3.928814e-02;4.906710e-02;6.401666e-02;2.255333e-01;1.322578e-01;6.503379e-02;2.230026e-02;1.632193e-01;1.800908e-01;2.771229e-02;2.172738e-02;9.753154e-03
5.183548e-02;4.693261e-02;6.841484e-02;1.902395e-01;1.913216e-01;6.629507e-02;4.612396e-02;1.473114e-01;1.247262e-01;3.713469e-02;1.690212e-02;1.276251e-02
4.499995e-02;3.730978e-02;5.960561e-02;2.039116e-01;2.569966e-01;4.762097e-02;4.314935e-02;1.021706e-01;1.171574e-01;5.648425e-02;2.149181e-02;9.102095e-03
3.744405e-02;3.551363e-02;2.096296e-02;2.086020e-01;2.799158e-01;5.140315e-02;5.190460e-02;7.843908e-02;1.330657e-01;7.788438e-02;1.404975e-02;1.081488e-02
2.261898e-02;4.526413e-02;1.745504e-02;1.858189e-01;2.840561e-01;4.723411e-02;5.537144e-02;8.508144e-02;1.418689e-01;8.663353e-02;1.481524e-02;1.378221e-02
1.077130e-02;4.368991e-02;2.432258e-02;1.756281e-01;2.697235e-01;8.801293e-02;6.375615e-02;8.903959e-02;1.361166e-01;7.005992e-02;1.378583e-02;1.509357e-02
2.440145e-02;4.228231e-02;4.645251e-02;1.642120e-01;2.003462e-01;1.024399e-01;8.900646e-02;1.422978e-01;1.231442e-01;4.416997e-02;1.165821e-02;9.589000e-03
4.067961e-02;4.689074e-02;5.550965e-02;1.584880e-01;1.265029e-01;1.004154e-01;8.240062e-02;2.081947e-01;1.169865e-01;3.770714e-02;1.688325e-02;9.341599e-03
5.649072e-02;5.018231e-02;4.905279e-02;1.559429e-01;6.519133e-02;8.893505e-02;5.907140e-02;2.077769e-01;1.774714e-01;5.102880e-02;2.689420e-02;1.196224e-02
4.845451e-02;4.317362e-02;3.620182e-02;1.259293e-01;1.145310e-01;5.957171e-02;8.055568e-02;1.312598e-01;2.470575e-01;7.439996e-02;2.925763e-02;9.607459e-03
3.535915e-02;5.444275e-02;2.834684e-02;7.398846e-02;1.159772e-01;8.360692e-02;8.607686e-02;1.813024e-01;1.694479e-01;1.190078e-01;3.424571e-02;1.819802e-02
2.943967e-02;8.185394e-02;2.602953e-02;5.402156e-02;1.342943e-01;1.103979e-01;9.223311e-02;1.466150e-01;7.209279e-02;1.882373e-01;3.459451e-02;3.019040e-02
2.176515e-02;1.027314e-01;2.280192e-02;4.218181e-02;1.634119e-01;8.522771e-02;8.266686e-02;9.151015e-02;6.087465e-02;2.529628e-01;2.532009e-02;4.854554e-02
9.512926e-03;1.222201e-01;2.065421e-02;3.892355e-02;1.895062e-01;2.495346e-02;4.165336e-02;6.445348e-02;7.723992e-02;3.192127e-01;1.843867e-02;7.323132e-02
1.879550e-02;1.186075e-01;2.131454e-02;3.185832e-02;1.755712e-01;3.097966e-02;2.610589e-02;6.512928e-02;8.359469e-02;3.242609e-01;2.516661e-02;7.861592e-02
2.135765e-02;1.132885e-01;2.084591e-02;3.525709e-02;1.593598e-01;4.130200e-02;4.545132e-02;8.220059e-02;9.842873e-02;2.955362e-01;2.301911e-02;6.395312e-02
1.769498e-02;1.093206e-01;2.531879e-02;5.325717e-02;1.683926e-01;7.808159e-02;4.865806e-02;9.321085e-02;1.137353e-01;2.253115e-01;2.755702e-02;3.946156e-02
2.979917e-02;7.959808e-02;3.308289e-02;8.359916e-02;2.076457e-01;7.878249e-02;5.081029e-02;1.220464e-01;1.160287e-01;1.407813e-01;3.375597e-02;2.406989e-02
2.879510e-02;5.466259e-02;3.649214e-02;1.172559e-01;2.477194e-01;4.980603e-02;5.891548e-02;1.411182e-01;1.024501e-01;8.981066e-02;3.707049e-02;3.590393e-02
2.633568e-02;3.293706e-02;4.302521e-02;9.425040e-02;1.649597e-01;1.199175e-01;3.153529e-02;1.216248e-01;1.633601e-01;1.290488e-01;3.089906e-02;4.210642e-02
2.892697e-02;2.922310e-02;3.777543e-02;5.921871e-02;1.814337e-01;6.660805e-02;3.833082e-02;1.396361e-01;1.828300e-01;1.737855e-01;2.777874e-02;3.445284e-02
2.859863e-02;3.322027e-02;3.443885e-02;3.214451e-02;1.867589e-01;1.156736e-01;6.527460e-02;1.154131e-01;1.531514e-01;1.918320e-01;2.398768e-02;1.950654e-02
2.789704e-02;3.082603e-02;2.064596e-02;7.745916e-02;1.995410e-01;8.557151e-02;6.646573e-02;1.014779e-01;1.550615e-01;1.967740e-01;1.777823e-02;2.050201e-02
2.704806e-02;5.809431e-02;2.624677e-02;1.033634e-01;1.818241e-01;2.799833e-02;5.189742e-02;9.597100e-02;1.594193e-01;2.064810e-01;3.150117e-02;3.015506e-02
2.596332e-02;7.905044e-02;5.461729e-02;7.918260e-02;1.478262e-01;5.234820e-02;2.904361e-02;7.147581e-02;1.610353e-01;2.254877e-01;3.815235e-02;3.581722e-02
2.093020e-02;7.414442e-02;5.475612e-02;3.613975e-02;1.144053e-01;6.005039e-02;4.412432e-02;9.735586e-02;1.774230e-01;2.525682e-01;3.863379e-02;2.946855e-02
2.535767e-02;6.316885e-02;5.608461e-02;5.061631e-02;1.118320e-01;1.073778e-01;4.917176e-02;9.324697e-02;1.599985e-01;2.279363e-01;2.286807e-02;3.234114e-02
3.583118e-02;8.592067e-02;1.103608e-01;4.487018e-02;1.041266e-01;1.342113e-01;4.587873e-02;8.615747e-02;1.318870e-01;1.544818e-01;2.065718e-02;4.561719e-02
2.791193e-02;1.106110e-01;1.834062e-01;6.437338e-02;9.006570e-02;1.183016e-01;4.144132e-02;1.188843e-01;1.101695e-01;9.142204e-02;1.640344e-02;2.700967e-02
1.449280e-02;6.437632e-02;1.787419e-01;8.308057e-02;7.375374e-02;7.515823e-02;4.523342e-02;2.311981e-01;1.431233e-01;6.287253e-02;1.615399e-02;1.181514e-02
1.184545e-02;8.177765e-02;1.349132e-01;6.608187e-02;3.909470e-02;1.139800e-01;6.073216e-02;2.745929e-01;1.485748e-01;5.276642e-02;9.747809e-03;5.893044e-03
2.111898e-02;1.114447e-01;7.469125e-02;4.318422e-02;3.867722e-02;2.052309e-01;8.090284e-02;2.422957e-01;1.177558e-01;5.240029e-02;7.999593e-03;4.298416e-03
3.262818e-02;1.371227e-01;2.115564e-02;3.606046e-02;3.244340e-02;3.269508e-01;7.946428e-02;1.899434e-01;7.019409e-02;6.015071e-02;7.785346e-03;6.101083e-03
3.380151e-02;1.153814e-01;2.332724e-02;2.924825e-02;3.891762e-02;3.876475e-01;5.911526e-02;1.494848e-01;7.206479e-02;7.247597e-02;9.767360e-03;8.768330e-03
3.814483e-02;1.035331e-01;3.778323e-02;2.480695e-02;4.456645e-02;4.171805e-01;5.063259e-02;8.517562e-02;8.098244e-02;1.017671e-01;8.585997e-03;6.841208e-03
3.479499e-02;6.952769e-02;2.786987e-02;1.319719e-02;2.677056e-02;3.937399e-01;6.012337e-02;1.603869e-01;8.653236e-02;1.125460e-01;9.011585e-03;5.499542e-03
3.690562e-02;8.927315e-02;2.813556e-02;1.755849e-02;2.385244e-02;3.956203e-01;8.678365e-02;1.269881e-01;6.971151e-02;1.090876e-01;7.792140e-03;8.291372e-03
4.231999e-02;1.216035e-01;2.346176e-02;2.814945e-02;5.219938e-02;3.721084e-01;7.345184e-02;1.198480e-01;5.676389e-02;9.332960e-02;7.147550e-03;9.616622e-03
4.215302e-02;1.361765e-01;2.086447e-02;2.451682e-02;6.565131e-02;3.116029e-01;5.829337e-02;1.680920e-01;8.246803e-02;7.468719e-02;6.999387e-03;8.495146e-03
4.820466e-02;1.537059e-01;3.657262e-02;2.184724e-02;6.883858e-02;3.194406e-01;5.841892e-02;1.233948e-01;8.794270e-02;6.437752e-02;8.495434e-03;8.760946e-03
5.116216e-02;1.298191e-01;4.534801e-02;3.530687e-02;4.693381e-02;3.316638e-01;4.415267e-02;1.487540e-01;1.018349e-01;4.091423e-02;1.378699e-02;1.032356e-02
4.157335e-02;7.415715e-02;5.604602e-02;7.247743e-02;1.062355e-01;3.083990e-01;3.275269e-02;1.103063e-01;1.140740e-01;4.386793e-02;1.580032e-02;2.431029e-02
3.692189e-02;5.698886e-02;7.218838e-02;1.085945e-01;1.639596e-01;2.571153e-01;2.745901e-02;5.103600e-02;1.126411e-01;5.709385e-02;1.433550e-02;4.166598e-02
3.464270e-02;1.391297e-01;8.551122e-02;9.185904e-02;1.515235e-01;1.855715e-01;2.022258e-02;7.495609e-02;1.027557e-01;5.237523e-02;1.767139e-02;4.378133e-02
2.686943e-02;1.440003e-01;1.315842e-01;7.125951e-02;8.879842e-02;2.549922e-01;2.735283e-02;5.018829e-02;1.121899e-01;3.823965e-02;1.587647e-02;3.864892e-02
1.829428e-02;7.065690e-02;1.109469e-01;6.734885e-02;1.540524e-01;2.609952e-01;3.577183e-02;7.999598e-02;1.102392e-01;3.208985e-02;1.497641e-02;4.463208e-02
2.327072e-02;2.787102e-02;6.613597e-02;6.374703e-02;2.088440e-01;2.984529e-01;3.288634e-02;9.694143e-02;9.150500e-02;2.720628e-02;1.253739e-02;5.060190e-02
3.130110e-02;3.533119e-02;6.064118e-02;7.858018e-02;2.351836e-01;2.535073e-01;2.774720e-02;7.317401e-02;1.078820e-01;2.490515e-02;1.635209e-02;5.539485e-02
3.430271e-02;5.891945e-02;7.546987e-02;8.072522e-02;2.158441e-01;1.753742e-01;3.819214e-02;7.493130e-02;1.369793e-01;4.000717e-02;1.991188e-02;4.934280e-02
4.297331e-02;9.636750e-02;6.881128e-02;4.895368e-02;1.569738e-01;2.351332e-01;4.980129e-02;6.657963e-02;1.198778e-01;4.119680e-02;2.628591e-02;4.704574e-02
6.087983e-02;1.051437e-01;6.830273e-02;3.874248e-02;1.296047e-01;2.772859e-01;3.188532e-02;5.846789e-02;1.063383e-01;3.861428e-02;2.677273e-02;5.796209e-02
5.401956e-02;8.645906e-02;5.723424e-02;4.933681e-02;1.131221e-01;3.206702e-01;2.657478e-02;7.835713e-02;9.736997e-02;3.729176e-02;3.178387e-02;4.778061e-02
3.914519e-02;7.690713e-02;6.726339e-02;4.805798e-02;7.809505e-02;3.899896e-01;3.229979e-02;9.999984e-02;6.908131e-02;4.256602e-02;2.413373e-02;3.246090e-02
2.435093e-02;6.372583e-02;6.706996e-02;3.952716e-02;6.123673e-02;3.888431e-01;3.847592e-02;1.660530e-01;8.436270e-02;3.734222e-02;1.180395e-02;1.720851e-02
2.320522e-02;7.994785e-02;6.836641e-02;4.753011e-02;5.675730e-02;3.781766e-01;5.607345e-02;1.323757e-01;8.524390e-02;3.850943e-02;8.624711e-03;2.518932e-02
