2.020963e-02;7.875217e-02;6.750074e-02;7.537189e-02;9.189902e-02;1.875347e-01;1.588041e-01;1.103111e-01;6.104887e-02;6.475323e-02;4.348784e-02;4.032680e-02
4.864299e-02;1.499199e-01;1.287474e-01;6.405545e-02;5.749558e-02;1.384562e-01;9.002165e-02;1.071153e-01;6.965084e-02;6.621970e-02;5.070144e-02;2.897349e-02
6.138819e-02;1.661830e-01;1.526347e-01;6.780669e-02;6.394016e-02;8.082683e-02;6.978922e-02;1.353097e-01;8.664616e-02;3.346241e-02;4.893115e-02;3.308183e-02
5.613060e-02;1.348309e-01;1.313011e-01;6.967864e-02;6.898191e-02;8.083348e-02;6.444680e-02;1.606493e-01;1.264436e-01;3.280071e-02;3.892437e-02;3.497856e-02
4.489316e-02;8.005100e-02;7.789524e-02;8.085185e-02;7.388818e-02;1.143646e-01;6.141968e-02;2.333132e-01;1.352959e-01;3.232239e-02;2.560329e-02;4.010144e-02
4.296900e-02;4.601633e-02;2.887100e-02;1.289404e-01;5.889559e-02;1.042615e-01;5.839325e-02;2.630949e-01;1.694324e-01;3.238043e-02;2.760180e-02;3.914339e-02
6.057730e-02;2.267553e-02;3.987641e-02;1.724645e-01;4.279825e-02;4.665692e-02;4.736369e-02;2.155582e-01;2.622769e-01;3.922324e-02;3.253638e-02;1.799260e-02
6.999066e-02;1.258533e-02;2.497540e-02;1.834794e-01;4.233901e-02;2.457161e-02;6.826089e-02;2.055769e-01;3.059845e-01;2.821719e-02;3.087337e-02;3.145726e-03
7.394695e-02;1.460364e-02;2.064041e-02;1.559542e-01;3.962332e-02;2.207896e-02;1.141724e-01;2.047769e-01;2.923157e-01;3.340257e-02;2.444492e-02;4.039931e-03
6.291988e-02;1.751429e-02;4.647245e-02;1.075324e-01;3.692560e-02;3.678116e-02;1.763101e-01;1.769585e-01;2.584959e-01;5.636339e-02;1.614126e-02;7.585059e-03
3.602564e-02;2.841919e-02;7.633249e-02;7.589275e-02;3.646204e-02;6.201448e-02;1.782681e-01;1.410867e-01;2.246344e-01;9.838126e-02;2.654037e-02;1.594252e-02
6.284183e-02;5.481235e-02;1.136116e-01;1.013108e-01;4.141289e-02;7.798834e-02;1.260059e-01;1.055498e-01;1.668751e-01;8.439389e-02;4.199993e-02;2.319757e-02
7.216800e-02;4.960127e-02;1.059561e-01;1.269964e-01;8.930594e-02;5.161698e-02;9.300114e-02;8.023419e-02;1.494447e-01;1.217496e-01;4.050527e-02;1.942038e-02
5.337711e-02;4.608504e-02;5.717399e-02;1.283183e-01;1.605839e-01;5.649631e-02;7.588147e-02;5.474590e-02;1.475598e-01;1.792864e-01;2.727403e-02;1.321772e-02
3.413982e-02;7.108546e-02;3.095162e-02;1.201730e-01;2.398481e-01;7.377402e-02;5.025493e-02;3.469272e-02;1.250581e-01;1.950901e-01;1.206997e-02;1.286218e-02
4.370308e-02;1.112137e-01;2.424411e-02;1.223284e-01;2.609750e-01;6.525621e-02;4.160270e-02;2.832253e-02;9.999976e-02;1.765901e-01;1.194331e-02;1.382118e-02
4.414456e-02;1.254725e-01;3.594065e-02;1.236619e-01;2.265313e-01;7.162755e-02;3.595916e-02;3.867825e-02;1.047048e-01;1.661225e-01;1.117178e-02;1.598512e-02
3.552417e-02;1.110025e-01;6.957345e-02;1.190010e-01;1.705930e-01;7.411072e-02;4.497492e-02;7.084575e-02;1.161388e-01;1.590390e-01;1.035700e-02;1.883974e-02
3.307921e-02;1.093017e-01;7.328086e-02;1.039390e-01;1.159614e-01;8.332549e-02;5.715495e-02;1.177715e-01;1.126725e-01;1.449815e-01;2.585898e-02;2.267280e-02
3.328180e-02;1.003098e-01;1.043225e-01;1.107915e-01;8.248220e-02;8.571032e-02;7.780532e-02;1.257169e-01;9.660821e-02;1.084383e-01;4.766155e-02;2.687169e-02
4.496882e-02;6.322337e-02;1.799250e-01;1.004177e-01;6.605949e-02;1.741133e-01;6.710007e-02;6.168564e-02;1.003795e-01;4.640809e-02;7.272805e-02;2.299090e-02
4.382631e-02;3.267214e-02;1.870079e-01;6.012093e-02;1.261640e-01;1.900399e-01;7.567073e-02;4.494486e-02;1.012972e-01;2.935736e-02;7.524008e-02;3.365852e-02
3.975414e-02;8.505733e-02;1.485235e-01;4.265515e-02;1.458888e-01;7.832432e-02;1.372879e-01;7.053418e-02;8.268328e-02;3.852338e-02;6.518609e-02;6.558188e-02
5.319728e-02;1.301931e-01;1.266964e-01;7.500076e-02;7.882495e-02;7.518055e-02;1.901504e-01;6.363494e-02;3.415512e-02;2.683722e-02;4.936207e-02;9.676716e-02
4.818308e-02;1.119236e-01;9.097078e-02;1.252792e-01;5.225014e-02;8.822291e-02;2.438753e-01;5.661352e-02;1.880478e-02;1.671306e-02;3.015022e-02;1.170134e-01
3.693048e-02;7.008945e-02;5.743564e-02;1.783745e-01;3.124031e-02;8.352899e-02;2.931889e-01;6.024238e-02;2.109038e-02;1.823352e-02;1.423626e-02;1.354092e-01
5.689147e-02;5.261533e-02;3.614940e-02;1.546562e-01;2.739490e-02;1.477236e-01;2.425598e-01;8.034948e-02;2.529506e-02;4.189303e-02;9.523550e-03;1.249481e-01
8.793055e-02;4.649192e-02;3.085526e-02;8.089891e-02;3.985233e-02;2.077007e-01;1.730636e-01;1.376699e-01;3.075681e-02;4.771149e-02;1.554680e-02;1.015217e-01
1.237619e-01;7.624167e-02;4.448140e-02;6.441721e-02;6.813671e-02;1.389242e-01;1.188866e-01;2.019900e-01;3.165036e-02;3.400226e-02;1.670832e-02;8.079921e-02
1.474529e-01;1.547672e-01;5.069500e-02;7.877668e-02;9.963245e-02;5.813859e-02;4.961259e-02;2.333489e-01;2.295538e-02;3.558654e-02;1.712727e-02;5.190656e-02
1.243590e-01;1.894729e-01;7.470522e-02;8.422335e-02;9.241875e-02;6.303527e-02;4.150958e-02;2.200105e-01;2.700249e-02;3.865375e-02;1.460350e-02;3.000577e-02
7.778630e-02;1.789036e-01;8.798257e-02;8.252246e-02;7.881290e-02;7.107596e-02;9.299302e-02;1.894137e-01;3.597746e-02;5.123116e-02;9.333720e-03;4.396718e-02
3.435914e-02;1.327154e-01;9.800522e-02;7.558775e-02;6.879877e-02;9.511572e-02;1.483209e-01;1.549177e-01;5.558230e-02;6.439487e-02;1.637457e-02;5.582768e-02
4.039242e-02;1.017808e-01;7.314320e-02;7.686190e-02;9.007869e-02;1.614701e-01;1.370809e-01;1.151585e-01;7.779777e-02;5.668546e-02;2.001971e-02;4.953045e-02
6.111849e-02;7.480564e-02;5.433552e-02;9.975597e-02;1.002705e-01;1.689560e-01;1.231557e-01;8.146836e-02;8.653388e-02;5.949217e-02;3.191686e-02;5.819095e-02
9.993100e-02;8.028188e-02;4.602441e-02;4.793810e-02;1.013974e-01;1.196163e-01;1.289681e-01;1.119674e-01;1.027635e-01;6.533959e-02;4.587764e-02;4.989460e-02
1.213743e-01;9.904011e-02;1.093969e-01;3.447990e-02;8.407388e-02;9.698805e-02;1.001180e-01;1.121728e-01;8.462952e-02;6.930470e-02;4.739240e-02;4.102954e-02
1.632102e-01;1.319848e-01;1.511734e-01;2.641139e-02;1.178567e-01;7.146476e-02;4.118763e-02;1.098808e-01;4.524473e-02;4.440462e-02;6.130378e-02;3.587729e-02
1.739223e-01;1.356768e-01;1.285926e-01;3.551953e-02;1.276744e-01;4.877561e-02;3.817037e-02;1.149968e-01;2.594250e-02;4.108420e-02;9.647286e-02;3.317201e-02
1.417361e-01;1.328690e-01;1.292855e-01;5.102336e-02;1.176467e-01;4.612489e-02;6.439180e-02;9.902394e-02;2.342707e-02;7.561060e-02;8.720247e-02;3.165855e-02
1.081169e-01;1.210108e-01;1.192854e-01;6.610634e-02;1.020374e-01;7.058948e-02;9.231394e-02;8.164479e-02;3.137987e-02;1.137949e-01;5.729075e-02;3.642944e-02
8.498609e-02;8.970180e-02;1.003989e-01;7.047176e-02;9.640291e-02;7.143915e-02;1.005431e-01;9.403445e-02;8.197987e-02;1.182083e-01;6.329233e-02;2.854131e-02
5.094489e-02;6.823599e-02;6.691033e-02;7.311749e-02;1.205012e-01;1.435202e-01;9.283966e-02;1.116674e-01;1.265763e-01;8.430889e-02;3.088199e-02;3.049560e-02
5.706307e-02;7.867423e-02;6.073534e-02;5.831086e-02;8.992472e-02;1.280695e-01;1.102890e-01;1.416034e-01;1.510945e-01;6.673869e-02;2.270733e-02;3.478947e-02
8.906554e-02;7.887908e-02;7.170828e-02;5.708880e-02;6.742996e-02;1.090651e-01;1.118261e-01;1.139041e-01;1.334931e-01;4.763122e-02;3.918713e-02;8.072162e-02
1.032888e-01;1.414447e-01;6.042414e-02;8.075932e-02;6.284332e-02;1.078781e-01;1.039984e-01;7.301320e-02;9.918766e-02;3.671632e-02;4.734448e-02;8.310173e-02
7.709863e-02;1.360130e-01;6.594049e-02;1.093016e-01;6.458491e-02;1.123920e-01;1.090988e-01;7.118184e-02;8.352555e-02;4.863643e-02;5.732791e-02;6.489886e-02
4.281752e-02;1.630027e-01;5.624812e-02;1.084372e-01;1.202820e-01;1.196924e-01;1.133329e-01;5.413775e-02;6.263170e-02;6.415036e-02;4.881598e-02;4.645142e-02
3.295619e-02;1.941883e-01;3.567977e-02;8.127803e-02;1.845344e-01;1.228611e-01;7.227240e-02;4.182627e-02;6.859061e-02;8.378980e-02;3.490445e-02;4.711881e-02
6.881634e-02;1.475953e-01;5.084504e-02;6.814528e-02;1.886265e-01;1.241240e-01;4.060414e-02;4.566112e-02;1.040888e-01;8.628562e-02;4.142284e-02;3.378489e-02
7.733483e-02;8.925246e-02;7.311770e-02;8.923712e-02;1.138486e-01;1.223210e-01;4.216265e-02;9.852290e-02;1.393062e-01;7.532200e-02;4.314576e-02;3.642873e-02
5.682490e-02;8.176401e-02;7.806764e-02;8.967569e-02;1.071205e-01;1.212439e-01;4.272915e-02;1.314327e-01;1.363355e-01;7.417948e-02;3.325229e-02;4.737419e-02
5.111630e-02;1.002770e-01;6.591371e-02;8.327383e-02;1.369739e-01;1.002846e-01;7.443863e-02;1.036055e-01;1.155986e-01;6.557687e-02;3.986426e-02;6.307688e-02
9.051889e-02;1.314114e-01;4.596046e-02;8.289026e-02;1.173092e-01;8.794846e-02;1.175610e-01;9.612841e-02;8.646823e-02;4.193830e-02;4.054513e-02;6.132023e-02
9.116894e-02;1.226304e-01;6.384648e-02;8.943651e-02;1.458478e-01;9.326856e-02;1.303003e-01;7.463605e-02;5.388433e-02;4.608910e-02;3.756616e-02;5.132531e-02
5.168620e-02;1.307341e-01;7.358745e-02;7.098331e-02;1.604254e-01;1.278058e-01;1.027259e-01;8.908376e-02;6.820273e-02;4.868851e-02;3.074653e-02;4.533035e-02
5.035459e-02;9.129947e-02;6.315690e-02;4.846345e-02;1.526080e-01;1.724732e-01;6.571560e-02;1.182557e-01;1.004619e-01;5.543103e-02;3.541151e-02;4.636871e-02
2.549031e-02;1.191956e-01;4.917840e-02;7.750303e-02;1.283236e-01;1.865034e-01;5.098151e-02;1.093381e-01;9.955239e-02;6.478371e-02;5.116701e-02;3.798295e-02
3.202850e-02;1.215087e-01;4.544027e-02;8.667459e-02;1.289228e-01;1.682648e-01;4.694129e-02;8.329379e-02;1.165173e-01;8.134369e-02;6.008348e-02;2.898086e-02
1.001214e-01;9.432231e-02;7.008083e-02;6.545383e-02;9.037448e-02;8.614092e-02;1.181689e-01;6.129543e-02;9.405197e-02;7.255771e-02;8.425823e-02;6.317400e-02
8.261482e-02;7.832243e-02;8.616367e-02;6.023581e-02;4.889794e-02;1.291495e-01;1.262600e-01;5.213218e-02;5.474141e-02;5.481884e-02;1.068274e-01;1.198359e-01
5.018064e-02;6.267200e-02;9.003418e-02;9.962585e-02;4.642705e-02;1.439379e-01;1.251364e-01;3.974370e-02;4.247365e-02;3.188654e-02;1.306264e-01;1.372557e-01
1.895184e-02;4.571447e-02;8.347756e-02;2.151943e-01;8.654953e-02;1.363113e-01;1.362426e-01;2.153063e-02;3.162163e-02;1.169974e-02;1.067509e-01;1.059555e-01
5.751139e-03;2.343180e-02;4.927077e-02;2.675427e-01;1.437598e-01;1.375559e-01;2.019072e-01;1.992053e-02;1.863731e-02;1.280283e-02;5.495029e-02;6.446967e-02
7.736383e-03;1.170835e-02;4.414293e-02;1.683870e-01;1.631932e-01;1.281308e-01;3.008362e-01;4.295503e-02;2.191879e-02;2.211567e-02;3.703910e-02;5.183653e-02
1.027874e-02;1.055529e-02;3.151241e-02;3.844664e-02;1.568928e-01;1.123153e-01;3.486702e-01;7.157230e-02;3.985884e-02;5.959103e-02;4.377513e-02;7.653114e-02
1.483710e-02;2.859862e-02;2.784079e-02;4.267057e-02;1.809205e-01;1.023326e-01;2.514370e-01;5.203190e-02;3.794921e-02;8.474836e-02;4.823093e-02;1.284024e-01
1.535113e-02;8.802012e-02;5.715463e-02;4.220059e-02;2.243137e-01;1.052496e-01;1.603569e-01;3.628603e-02;4.303955e-02;5.083655e-02;4.295953e-02;1.342317e-01
1.685728e-02;1.557861e-01;9.120222e-02;3.975875e-02;2.260234e-01;1.085406e-01;1.155472e-01;3.547810e-02;5.698287e-02;2.007203e-02;5.423628e-02;7.951520e-02
2.458145e-02;1.576029e-01;1.477530e-01;3.435678e-02;1.704132e-01;1.210351e-01;1.057116e-01;3.199796e-02;7.620838e-02;1.873524e-02;6.355069e-02;4.805374e-02
4.917801e-02;1.255868e-01;1.741559e-01;3.669994e-02;1.224861e-01;1.118465e-01;9.950030e-02;3.104237e-02;7.663696e-02;2.924710e-02;5.922273e-02;8.439731e-02
5.935354e-02;1.522284e-01;1.287693e-01;7.180291e-02;1.421585e-01;7.809235e-02;7.378770e-02;5.268529e-02;6.535190e-02;3.001109e-02;3.831383e-02;1.074452e-01
5.742795e-02;1.542187e-01;6.588835e-02;7.550176e-02;1.434584e-01;7.720239e-02;1.216881e-01;8.455027e-02;6.884314e-02;2.557539e-02;3.521601e-02;9.042951e-02
6.653418e-02;7.476973e-02;4.906857e-02;5.806730e-02;1.463135e-01;9.859309e-02;1.712445e-01;1.117353e-01;9.673318e-02;3.243004e-02;3.940741e-02;5.510313e-02
5.176478e-02;4.290817e-02;4.065810e-02;7.108311e-02;1.257731e-01;1.018727e-01;1.824957e-01;1.356917e-01;1.195348e-01;2.621304e-02;3.980810e-02;6.219663e-02
3.414249e-02;5.563064e-02;5.041640e-02;9.464099e-02;1.392893e-01;7.078347e-02;1.846295e-01;1.464434e-01;9.590430e-02;3.424702e-02;2.590368e-02;6.796882e-02
2.871201e-02;5.364138e-02;3.649523e-02;1.037234e-01;1.281791e-01;8.698457e-02;2.324115e-01;1.199754e-01;6.004490e-02;4.164450e-02;2.549904e-02;8.268900e-02
3.577122e-02;4.067855e-02;4.477555e-02;8.354639e-02;1.324367e-01;1.328654e-01;1.673344e-01;1.015592e-01;8.804765e-02;4.511487e-02;3.206680e-02;9.580325e-02
9.272336e-02;6.669282e-02;3.180229e-02;7.912531e-02;1.249078e-01;1.284997e-01;1.415150e-01;8.308443e-02;1.275206e-01;4.094074e-02;2.153743e-02;6.165048e-02
9.891263e-02;1.277446e-01;3.189991e-02;5.220333e-02;1.249054e-01;1.003660e-01;1.074841e-01;6.823246e-02;1.442359e-01;6.015516e-02;2.257156e-02;6.128887e-02
4.868513e-02;1.902865e-01;2.661442e-02;3.133108e-02;1.233645e-01;8.293334e-02;5.794700e-02;8.023741e-02;1.465777e-01;9.270804e-02;3.141801e-02;8.789686e-02
2.816647e-02;1.954217e-01;1.926961e-02;4.545466e-02;1.231291e-01;5.837455e-02;4.814954e-02;9.319202e-02;1.555297e-01;1.075441e-01;3.083983e-02;9.492884e-02
4.096230e-02;1.598525e-01;3.717333e-02;3.975654e-02;1.011811e-01;5.238960e-02;6.982607e-02;1.335786e-01;1.533096e-01;9.552663e-02;3.118000e-02;8.526379e-02
3.632928e-02;1.182760e-01;5.968901e-02;2.555545e-02;6.540728e-02;9.473414e-02;1.197930e-01;1.657506e-01;1.443878e-01;8.028138e-02;3.546787e-02;5.432810e-02
6.775799e-02;7.654880e-02;5.780911e-02;4.165262e-02;6.137127e-02;1.237737e-01;1.589671e-01;1.196414e-01;1.524230e-01;4.982444e-02;5.212284e-02;3.810785e-02
7.938864e-02;5.656778e-02;4.468838e-02;5.926695e-02;8.462264e-02;9.893251e-02;1.578137e-01;1.353017e-01;1.669017e-01;2.046454e-02;6.125177e-02;3.479978e-02
7.934450e-02;6.665766e-02;1.031071e-01;9.807476e-02;6.246957e-02;9.220158e-02;8.664612e-02;1.112481e-01;1.690920e-01;3.842922e-02;5.547472e-02;3.725471e-02
1.000244e-01;5.244692e-02;1.637335e-01;1.315254e-01;4.350553e-02;5.518411e-02;1.009999e-01;1.051004e-01;1.392069e-01;4.311071e-02;4.109184e-02;2.407051e-02
1.059773e-01;3.407547e-02;1.831591e-01;1.299344e-01;5.078064e-02;3.598895e-02;1.319901e-01;1.120933e-01;1.347862e-01;3.727970e-02;3.000885e-02;1.392595e-02
9.993743e-02;1.720085e-02;1.658890e-01;1.332338e-01;6.471865e-02;4.737103e-02;1.167638e-01;1.311440e-01;1.420706e-01;3.396908e-02;3.035730e-02;1.734453e-02
7.951581e-02;1.652410e-02;1.157155e-01;1.374168e-01;9.384992e-02;8.334769e-02;7.026862e-02;1.645971e-01;1.474625e-01;2.984541e-02;3.275489e-02;2.870169e-02
4.891187e-02;2.438541e-02;7.310993e-02;1.001390e-01;1.232009e-01;1.727712e-01;3.712787e-02;1.733404e-01;1.257997e-01;3.672917e-02;3.962922e-02;4.485534e-02
3.099734e-02;3.505175e-02;6.806007e-02;7.283989e-02;1.133775e-01;2.120547e-01;7.097147e-02;1.565804e-01;9.664787e-02;4.744427e-02;4.104772e-02;5.492702e-02
3.148887e-02;8.901543e-02;9.249976e-02;1.068119e-01;6.836651e-02;1.218645e-01;1.295391e-01;1.423037e-01;8.103541e-02;4.064236e-02;3.393184e-02;6.250067e-02
5.829857e-02;1.044906e-01;8.243272e-02;9.883657e-02;6.553439e-02;1.115847e-01;1.025008e-01;1.258400e-01;1.013991e-01;5.068349e-02;3.053173e-02;6.786728e-02
1.277132e-01;1.510052e-01;1.017602e-01;5.239887e-02;5.525308e-02;1.048838e-01;6.922758e-02;7.856242e-02;7.292886e-02;5.293533e-02;3.262276e-02;1.007088e-01
1.427000e-01;1.678770e-01;1.086923e-01;5.750963e-02;5.584416e-02;8.774274e-02;4.582385e-02;6.301182e-02;7.035343e-02;5.212688e-02;4.672251e-02;1.015957e-01
1.128267e-01;1.897836e-01;1.101553e-01;7.170166e-02;6.628170e-02;7.704365e-02;5.771593e-02;7.425169e-02;5.755709e-02;5.063058e-02;4.508924e-02;8.696289e-02
9.308147e-02;1.378429e-01;1.206380e-01;6.478006e-02;4.578917e-02;1.289494e-01;1.291607e-01;8.219843e-02;5.031549e-02;4.659405e-02;5.937534e-02;4.127499e-02
8.124779e-02;5.999173e-02;1.363050e-01;4.791936e-02;3.032561e-02;1.631056e-01;1.800258e-01;5.765452e-02;5.980706e-02;2.609464e-02;1.149283e-01;4.259458e-02
4.758455e-02;1.767463e-02;1.519680e-01;2.437529e-02;1.752922e-02;1.938355e-01;2.022582e-01;3.957193e-02;7.335855e-02;1.054451e-02;1.694849e-01;5.181472e-02
4.847050e-02;1.049226e-02;1.586991e-01;1.511964e-02;1.521510e-02;2.420762e-01;1.209373e-01;3.092550e-02;7.905995e-02;1.399194e-02;2.258915e-01;3.912092e-02
4.628582e-02;1.135346e-02;1.477500e-01;8.968689e-03;8.927122e-03;3.066064e-01;3.325751e-02;1.893315e-02;1.108112e-01;9.277863e-03;2.822036e-01;1.562513e-02
2.828566e-02;1.045623e-02;1.167818e-01;1.451438e-02;2.044331e-02;3.236670e-01;4.212122e-02;1.258053e-02;1.308680e-01;1.872440e-02;2.710527e-01;1.050471e-02
2.068832e-02;1.385663e-02;1.071008e-01;2.165742e-02;5.717883e-02;3.229932e-01;2.961071e-02;2.936114e-02;1.282674e-01;2.773789e-02;2.268249e-01;1.472263e-02
2.041332e-02;2.515066e-02;9.963593e-02;4.506228e-02;8.202333e-02;2.911364e-01;5.456857e-02;6.108776e-02;1.004480e-01;4.070887e-02;1.605799e-01;1.918498e-02
3.193203e-02;3.629398e-02;8.231731e-02;5.899609e-02;7.372794e-02;2.779096e-01;7.647303e-02;8.018824e-02;8.033823e-02;4.578842e-02;1.275726e-01;2.846254e-02
3.937198e-02;2.940415e-02;9.112951e-02;4.990108e-02;2.803513e-02;3.100083e-01;7.934275e-02;6.041604e-02;7.642660e-02;4.915510e-02;1.617130e-01;2.509632e-02
3.669474e-02;2.524281e-02;7.742613e-02;2.650377e-02;3.680638e-02;3.328028e-01;6.467555e-02;5.537093e-02;1.106102e-01;4.709635e-02;1.569810e-01;2.978935e-02
5.759151e-02;2.825246e-02;4.948774e-02;3.644043e-02;3.222520e-02;3.527803e-01;1.014235e-01;4.060218e-02;1.366824e-01;4.220724e-02;8.663610e-02;3.567107e-02
4.729000e-02;4.236440e-02;7.016801e-02;3.432228e-02;1.595758e-02;2.742808e-01;1.266964e-01;5.994079e-02;1.042955e-01;3.756943e-02;1.434936e-01;4.362116e-02
2.621690e-02;6.801716e-02;5.708980e-02;5.950478e-02;2.542910e-02;1.680503e-01;1.088991e-01;1.163089e-01;1.251742e-01;4.284745e-02;1.615253e-01;4.093688e-02
2.547996e-02;7.701510e-02;5.617485e-02;8.009716e-02;5.627587e-02;1.315133e-01;8.507897e-02;1.413330e-01;1.436004e-01;6.722461e-02;1.023376e-01;3.386914e-02
1.724232e-02;5.986384e-02;3.983908e-02;8.073495e-02;8.558387e-02;1.200736e-01;6.402652e-02;1.347802e-01;1.871979e-01;1.216155e-01;6.225942e-02;2.678277e-02
7.548091e-03;3.920092e-02;2.598666e-02;5.457018e-02;1.190595e-01;9.460820e-02;4.607742e-02;1.021524e-01;2.591549e-01;1.886205e-01;4.585733e-02;1.716390e-02
9.217284e-03;3.559122e-02;3.736593e-02;2.837739e-02;1.231911e-01;1.086916e-01;4.251625e-02;9.833305e-02;2.660953e-01;1.897222e-01;4.113406e-02;1.976471e-02
8.757436e-03;4.147566e-02;4.057804e-02;2.466170e-02;1.267760e-01;9.101053e-02;4.587139e-02;1.085602e-01;2.454623e-01;1.807974e-01;5.767470e-02;2.837464e-02
5.998532e-03;4.612048e-02;4.252933e-02;3.015057e-02;1.197813e-01;7.688473e-02;5.218567e-02;1.502564e-01;2.001993e-01;1.558222e-01;9.075749e-02;2.931404e-02
6.406412e-03;4.344282e-02;2.669629e-02;4.132606e-02;1.049146e-01;8.740561e-02;6.526361e-02;2.194049e-01;1.626248e-01;1.162377e-01;1.040715e-01;2.220572e-02
7.192214e-03;3.563590e-02;2.462071e-02;6.747213e-02;1.153592e-01;5.897428e-02;8.996551e-02;2.431933e-01;1.422577e-01;8.327658e-02;1.152903e-01;1.676218e-02
7.343495e-03;2.416972e-02;2.664207e-02;1.010709e-01;7.346193e-02;9.567256e-02;1.231072e-01;1.875197e-01;1.106979e-01;7.113662e-02;1.630460e-01;1.613191e-02
8.906042e-03;3.467086e-02;2.181399e-02;1.316005e-01;4.743783e-02;1.231359e-01;1.390437e-01;1.306604e-01;8.439217e-02;6.734689e-02;1.861687e-01;2.482298e-02
9.626260e-03;5.615966e-02;5.799552e-02;1.221480e-01;8.494597e-02;1.025643e-01;1.677922e-01;1.226246e-01;6.415473e-02;7.647773e-02;1.040286e-01;3.148231e-02
1.609463e-02;3.747150e-02;4.451020e-02;1.061332e-01;1.098542e-01;1.683283e-01;1.396277e-01;1.141031e-01;6.671871e-02;8.034785e-02;9.292249e-02;2.388820e-02
1.729142e-02;3.319814e-02;5.946153e-02;9.529099e-02;1.409030e-01;2.497223e-01;1.102618e-01;6.298956e-02;4.913696e-02;4.827343e-02;1.176254e-01;1.584547e-02
2.123626e-02;2.915840e-02;1.123325e-01;9.008610e-02;1.357710e-01;2.945421e-01;8.888832e-02;2.583214e-02;3.842549e-02;2.337453e-02;1.290484e-01;1.130468e-02
2.116411e-02;6.656703e-02;1.867530e-01;6.207298e-02;6.805437e-02;3.279316e-01;5.566732e-02;1.445813e-02;2.420847e-02;1.276380e-02;1.481656e-01;1.219361e-02
2.052354e-02;1.340546e-01;2.377881e-01;1.777950e-02;1.990554e-02;3.126989e-01;4.701643e-02;1.075373e-02;1.899141e-02;1.038694e-02;1.588028e-01;1.129841e-02
1.701762e-02;1.427440e-01;2.419614e-01;1.034820e-02;2.088672e-02;2.987393e-01;3.975475e-02;1.076492e-02;1.993627e-02;7.679552e-03;1.765752e-01;1.359202e-02
2.285464e-02;8.246050e-02;2.305509e-01;1.186555e-02;2.667707e-02;3.227178e-01;3.135803e-02;1.087786e-02;2.167956e-02;1.418632e-02;2.134583e-01;1.131347e-02
2.515383e-02;3.765060e-02;1.860184e-01;2.379232e-02;4.072996e-02;3.176623e-01;3.965105e-02;1.470183e-02;2.982643e-02;3.946993e-02;2.290363e-01;1.630699e-02
1.947430e-02;1.147622e-01;1.047536e-01;4.556565e-02;6.445260e-02;2.331273e-01;5.566310e-02;2.958837e-02;5.019320e-02;7.731025e-02;1.898561e-01;1.525322e-02
1.476639e-02;2.353969e-01;6.885038e-02;5.285474e-02;1.021684e-01;1.404701e-01;4.483557e-02;3.675779e-02;6.470972e-02;1.109824e-01;1.107116e-01;1.749603e-02
1.591284e-02;2.527760e-01;1.289108e-01;5.805764e-02;1.346097e-01;9.959744e-02;2.314341e-02;2.928208e-02;7.781785e-02;1.003603e-01;6.040884e-02;1.912303e-02
1.269657e-02;1.617766e-01;1.231901e-01;7.618207e-02;1.629658e-01;1.155453e-01;1.776721e-02;6.036204e-02;1.122725e-01;9.049209e-02;4.906381e-02;1.768593e-02
2.477460e-02;5.143129e-02;8.118428e-02;5.667027e-02;1.480482e-01;1.429676e-01;4.668921e-02;1.246693e-01;1.576342e-01;1.061719e-01;4.679042e-02;1.296870e-02
4.670981e-02;2.490292e-02;8.262056e-02;5.257262e-02;7.969326e-02;1.118992e-01;7.266022e-02;1.533664e-01;2.109609e-01;1.106422e-01;3.667637e-02;1.729558e-02
6.212440e-02;4.349339e-02;1.146257e-01;8.093209e-02;6.212385e-02;1.002132e-01;6.210650e-02;1.500930e-01;2.136065e-01;6.656338e-02;1.710748e-02;2.701049e-02
5.251044e-02;9.176885e-02;1.131314e-01;7.790937e-02;6.778096e-02;1.214498e-01;4.136194e-02;1.680362e-01;1.848511e-01;3.875146e-02;1.861069e-02;2.383791e-02
4.205061e-02;1.144192e-01;1.121046e-01;5.106941e-02;6.610233e-02;1.566533e-01;3.642883e-02;1.554589e-01;1.691931e-01;4.948878e-02;2.061516e-02;2.641580e-02
3.721124e-02;1.133825e-01;1.288563e-01;3.546489e-02;4.801735e-02;1.987264e-01;4.323853e-02;1.063826e-01;1.370680e-01;8.029242e-02;4.523073e-02;2.612909e-02
8.211416e-03;8.462005e-02;1.582185e-01;3.834960e-02;4.994833e-02;2.101706e-01;8.819307e-02;9.218805e-02;9.763785e-02;7.880174e-02;7.336760e-02;2.029317e-02
1.490661e-02;5.647991e-02;1.137303e-01;4.413445e-02;5.121879e-02;1.649185e-01;1.067086e-01;1.423114e-01;1.287363e-01;7.984664e-02;7.800733e-02;1.900117e-02
2.609363e-02;4.783734e-02;6.984181e-02;4.895788e-02;5.026349e-02;1.474661e-01;9.643034e-02;1.407860e-01;1.398732e-01;1.061396e-01;9.429060e-02;3.202001e-02
2.785539e-02;6.201408e-02;6.213195e-02;4.361651e-02;4.333208e-02;1.405885e-01;5.859499e-02;1.294345e-01;1.453793e-01;1.036626e-01;1.538964e-01;2.949383e-02
1.584188e-02;5.886287e-02;6.193674e-02;2.657032e-02;3.751866e-02;1.552623e-01;5.174953e-02;1.132423e-01;1.747566e-01;9.753847e-02;1.677182e-01;3.900210e-02
4.702039e-02;6.423438e-02;5.973644e-02;5.504128e-02;4.355564e-02;1.783250e-01;6.015361e-02;8.022361e-02;1.553480e-01;8.192886e-02;1.317416e-01;4.269109e-02
5.216360e-02;6.464248e-02;6.590007e-02;4.974519e-02;4.006827e-02;2.028486e-01;6.273458e-02;8.293423e-02;1.267457e-01;7.993826e-02;1.080408e-01;6.423827e-02
3.363242e-02;4.758288e-02;7.455631e-02;5.045054e-02;7.861366e-02;1.925980e-01;7.599563e-02;1.262210e-01;9.346111e-02;7.781653e-02;7.848435e-02;7.058746e-02
2.753316e-02;4.535561e-02;8.409124e-02;7.718291e-02;1.031293e-01;1.421572e-01;8.725673e-02;1.414314e-01;9.081265e-02;7.055307e-02;6.798450e-02;6.251220e-02
2.643438e-02;3.688949e-02;1.208192e-01;1.134864e-01;7.582306e-02;1.209499e-01;5.377351e-02;2.197147e-01;8.941089e-02;4.740054e-02;4.190529e-02;5.339253e-02
2.784241e-02;3.552133e-02;1.359973e-01;1.302748e-01;5.937796e-02;1.195260e-01;3.594195e-02;2.348781e-01;1.235446e-01;3.128846e-02;2.147902e-02;4.432814e-02
2.403960e-02;3.880909e-02;1.236455e-01;1.349421e-01;7.962631e-02;1.504065e-01;3.933808e-02;1.999469e-01;1.279910e-01;2.273697e-02;1.960635e-02;3.891168e-02
1.394538e-02;6.239469e-02;1.510108e-01;1.169602e-01;8.470955e-02;1.815696e-01;3.424494e-02;1.708880e-01;9.787186e-02;1.572871e-02;1.799797e-02;5.267837e-02
2.332169e-02;9.676406e-02;2.023087e-01;7.969618e-02;6.796100e-02;1.632669e-01;3.941213e-02;1.674584e-01;6.897596e-02;1.527034e-02;1.633073e-02;5.923409e-02
2.881320e-02;1.264111e-01;1.941094e-01;6.051876e-02;6.029624e-02;1.468039e-01;5.429542e-02;1.681684e-01;5.472665e-02;2.308176e-02;3.011098e-02;5.266416e-02
4.525802e-02;1.199419e-01;1.110301e-01;6.166805e-02;8.864353e-02;2.095269e-01;4.130676e-02;1.637133e-01;3.105615e-02;3.282727e-02;5.219806e-02;4.282992e-02
5.011230e-02;5.416515e-02;9.383065e-02;7.617372e-02;6.972056e-02;2.541150e-01;4.267490e-02;1.303043e-01;9.711615e-02;4.306597e-02;6.665160e-02;2.206961e-02
3.229600e-02;5.740478e-02;8.731139e-02;8.993157e-02;5.400283e-02;2.732726e-01;5.350172e-02;1.255777e-01;8.799908e-02;4.236593e-02;5.901986e-02;3.731653e-02
1.685986e-02;5.087886e-02;9.521332e-02;7.693621e-02;5.876935e-02;3.101658e-01;4.308114e-02;1.458333e-01;6.723502e-02;4.139683e-02;6.251146e-02;3.111884e-02
1.161764e-02;2.683981e-02;1.350852e-01;8.250930e-02;6.646265e-02;2.542002e-01;3.793906e-02;1.450849e-01;8.774407e-02;4.634942e-02;8.611061e-02;2.005716e-02
1.380599e-02;6.234882e-02;1.799207e-01;6.214922e-02;5.843612e-02;1.595434e-01;6.032062e-02;1.628839e-01;8.134770e-02;5.735310e-02;8.182423e-02;2.006624e-02
4.049932e-02;5.916994e-02;1.565765e-01;6.521464e-02;5.184247e-02;1.518718e-01;7.293452e-02;1.041782e-01;1.272528e-01;5.795110e-02;7.016542e-02;4.234330e-02
6.561273e-02;9.745179e-02;1.076452e-01;8.508555e-02;6.307543e-02;1.122431e-01;8.527774e-02;1.324325e-01;8.371818e-02;4.088302e-02;6.816028e-02;5.841453e-02
7.157454e-02;1.346302e-01;9.853029e-02;6.944655e-02;5.679926e-02;1.195917e-01;8.396695e-02;1.584304e-01;6.422440e-02;3.352004e-02;6.036843e-02;4.891743e-02
6.946895e-02;1.785108e-01;7.684536e-02;4.342223e-02;4.611793e-02;1.699475e-01;9.419821e-02;1.578691e-01;4.888683e-02;2.268117e-02;5.860357e-02;3.344835e-02
6.668429e-02;1.942096e-01;7.687772e-02;2.883576e-02;2.396168e-02;2.366060e-01;9.197312e-02;1.475214e-01;3.978331e-02;1.673735e-02;4.563762e-02;3.117226e-02
7.641818e-02;1.652169e-01;7.037692e-02;3.964169e-02;2.851082e-02;3.019835e-01;6.007142e-02;1.286016e-01;3.865451e-02;2.836914e-02;2.488988e-02;3.726535e-02
1.019710e-01;1.333045e-01;5.813050e-02;3.824481e-02;4.243699e-02;3.626854e-01;5.020349e-02;8.392368e-02;3.029951e-02;3.032161e-02;2.696959e-02;4.150882e-02
9.118860e-02;1.226108e-01;6.917348e-02;4.501516e-02;3.993557e-02;3.831421e-01;5.452085e-02;6.159325e-02;2.645765e-02;2.001123e-02;3.462190e-02;5.172946e-02
5.844559e-02;1.135610e-01;8.766596e-02;4.599212e-02;4.083572e-02;3.514298e-01;7.604197e-02;6.892900e-02;4.013901e-02;2.822879e-02;3.039452e-02;5.833641e-02
5.240039e-02;1.051930e-01;8.716691e-02;4.748503e-02;5.117249e-02;2.153484e-01;1.192349e-01;1.225864e-01;6.766860e-02;4.606871e-02;3.357876e-02;5.209637e-02
6.991460e-02;1.077705e-01;6.984924e-02;5.682397e-02;5.061678e-02;1.516041e-01;1.322019e-01;1.128419e-01;6.944191e-02;7.019588e-02;4.884394e-02;5.989527e-02
5.603221e-02;1.154046e-01;8.979733e-02;7.573859e-02;6.269971e-02;1.302130e-01;9.262414e-02;1.153105e-01;7.947785e-02;9.199326e-02;4.643138e-02;4.427745e-02
4.736979e-02;1.294641e-01;8.837589e-02;7.471636e-02;9.124503e-02;1.221369e-01;6.357986e-02;8.638882e-02;1.079329e-01;9.018297e-02;7.015759e-02;2.844986e-02
4.892173e-02;1.096672e-01;7.282353e-02;6.228900e-02;7.738090e-02;1.584066e-01;9.331060e-02;1.283849e-01;1.142504e-01;5.541102e-02;6.587435e-02;1.327975e-02
4.855795e-02;7.867390e-02;4.020607e-02;4.921001e-02;9.434579e-02;2.323703e-01;1.116339e-01;1.038217e-01;1.056879e-01;4.966613e-02;4.175647e-02;4.406977e-02
4.698826e-02;6.551964e-02;4.126376e-02;4.220050e-02;1.203266e-01;2.349361e-01;1.140558e-01;8.510835e-02;1.175922e-01;5.748454e-02;2.624170e-02;4.828257e-02
4.715463e-02;5.325161e-02;3.609736e-02;5.307238e-02;1.261650e-01;2.261282e-01;1.094989e-01;1.006392e-01;1.047993e-01;7.678629e-02;2.992294e-02;3.648435e-02
4.307722e-02;4.932288e-02;6.679976e-02;6.490657e-02;7.796089e-02;2.179643e-01;1.018541e-01;1.396394e-01;1.024617e-01;9.149120e-02;2.581783e-02;1.870409e-02
3.067730e-02;4.594771e-02;7.353780e-02;7.522955e-02;6.342134e-02;2.348491e-01;4.883368e-02;1.460522e-01;1.062432e-01;1.226191e-01;2.617573e-02;2.641320e-02
1.626207e-02;3.937715e-02;4.956055e-02;8.125504e-02;8.325528e-02;2.257958e-01;8.164623e-02;1.283177e-01;9.106183e-02;1.293328e-01;4.391478e-02;3.022070e-02
1.405620e-02;3.322907e-02;7.662769e-02;9.876318e-02;9.465494e-02;2.196702e-01;8.623917e-02;9.582857e-02;8.376035e-02;1.294401e-01;4.100360e-02;2.672685e-02
1.522087e-02;2.959957e-02;6.023189e-02;6.786209e-02;7.285020e-02;2.241365e-01;1.188443e-01;8.486831e-02;1.383436e-01;1.370961e-01;2.852118e-02;2.242543e-02
1.817739e-02;3.037485e-02;4.749547e-02;5.435574e-02;7.868402e-02;1.795643e-01;1.272617e-01;1.321680e-01;1.591699e-01;1.206904e-01;3.288261e-02;1.917563e-02
2.469707e-02;8.425733e-02;1.174135e-01;4.950904e-02;5.429505e-02;1.276549e-01;9.745982e-02;1.736586e-01;1.198325e-01;1.030506e-01;3.681021e-02;1.136146e-02
3.834865e-02;1.370142e-01;1.121368e-01;5.229518e-02;4.541750e-02;1.799428e-01;7.356431e-02;1.678251e-01;8.092729e-02;5.577539e-02;3.332599e-02;2.342699e-02
5.565676e-02;1.441292e-01;7.508717e-02;6.943610e-02;3.795590e-02;2.764683e-01;6.274583e-02;1.427480e-01;4.630018e-02;4.640922e-02;2.049211e-02;2.257117e-02
8.285651e-02;1.306919e-01;4.628413e-02;7.761136e-02;4.259092e-02;3.651675e-01;3.320007e-02;1.219418e-01;1.463974e-02;5.273617e-02;1.157972e-02;2.070018e-02
1.063480e-01;1.003776e-01;4.966986e-02;7.467911e-02;4.692488e-02;4.013056e-01;1.934275e-02;9.199215e-02;1.986301e-02;5.672709e-02;7.618226e-03;2.515181e-02
1.145559e-01;8.093564e-02;1.087516e-01;4.622918e-02;5.572217e-02;3.857601e-01;1.819790e-02;4.778022e-02;3.067143e-02;5.275197e-02;1.447859e-02;4.416528e-02
8.822750e-02;6.439827e-02;1.989596e-01;2.029033e-02;5.485345e-02;3.241954e-01;1.774393e-02;4.555756e-02;5.931453e-02;3.602176e-02;1.642118e-02;7.401639e-02
6.199881e-02;4.808293e-02;2.493480e-01;2.846419e-02;4.983999e-02;2.717642e-01;2.197334e-02;3.393057e-02;7.430113e-02;2.676285e-02;2.108843e-02;1.124456e-01
4.750804e-02;2.445630e-02;2.468602e-01;3.104782e-02;5.512609e-02;2.590291e-01;2.065211e-02;2.777840e-02;8.953072e-02;2.471237e-02;2.380624e-02;1.494927e-01
2.072028e-02;1.904821e-02;2.030734e-01;3.215019e-02;6.819377e-02;2.487116e-01;1.774159e-02;2.830326e-02;1.036223e-01;3.141385e-02;3.024289e-02;1.967787e-01
2.135065e-02;5.422411e-02;1.500947e-01;1.987934e-02;6.815153e-02;2.250337e-01;1.794697e-02;4.632224e-02;1.042289e-01;3.338637e-02;4.219499e-02;2.171865e-01
2.943206e-02;9.810371e-02;1.277643e-01;2.597637e-02;6.184338e-02;2.087568e-01;2.001114e-02;6.232606e-02;9.501714e-02;2.915743e-02;4.843448e-02;1.931771e-01
4.862923e-02;1.583616e-01;1.150626e-01;3.591128e-02;4.128137e-02;1.964478e-01;7.277691e-03;9.157597e-02;9.263016e-02;4.331502e-02;9.993706e-02;6.957023e-02
6.038977e-02;1.548663e-01;1.209985e-01;2.457661e-02;2.381383e-02;2.124034e-01;2.766066e-02;5.635906e-02;7.473688e-02;5.298617e-02;1.183387e-01;7.287012e-02
4.322227e-02;1.164201e-01;9.176479e-02;3.869930e-02;2.376053e-02;2.290369e-01;5.414461e-02;7.850388e-02;9.887350e-02;7.968834e-02;8.952601e-02;5.635970e-02
7.765528e-02;1.326560e-01;7.939584e-02;4.565344e-02;3.049604e-02;2.239112e-01;1.001325e-01;6.449989e-02;1.007945e-01;4.854183e-02;4.344194e-02;5.282155e-02
