1.286812e-01;9.483568e-02;1.324876e-01;6.522641e-02;6.109428e-02;8.349378e-02;1.041379e-01;7.036120e-02;1.014005e-01;6.495851e-02;6.117655e-02;3.214638e-02
7.785920e-02;6.427827e-02;1.866709e-01;7.256608e-02;6.333788e-02;7.744817e-02;7.490107e-02;1.138846e-01;9.757906e-02;4.372751e-02;6.098877e-02;6.675854e-02
3.157071e-02;5.157310e-02;1.662458e-01;6.269601e-02;7.408509e-02;6.450320e-02;1.523968e-01;1.417676e-01;8.932071e-02;3.768949e-02;7.915127e-02;4.900020e-02
1.678154e-02;6.363826e-02;1.163173e-01;3.831878e-02;8.159404e-02;4.751687e-02;2.321841e-01;1.506133e-01;7.926424e-02;4.128326e-02;1.195458e-01;1.294248e-02
1.424566e-02;6.758734e-02;6.440435e-02;1.869834e-02;8.273780e-02;3.643565e-02;2.715185e-01;1.503897e-01;6.659173e-02;3.616256e-02;1.581877e-01;3.304074e-02
1.692316e-02;7.768189e-02;4.062797e-02;1.645417e-02;7.825057e-02;2.659059e-02;3.173307e-01;1.215676e-01;4.110846e-02;2.990458e-02;1.967983e-01;3.676204e-02
1.652577e-02;1.117772e-01;2.914305e-02;1.312287e-02;7.439224e-02;2.476713e-02;3.810726e-01;8.135178e-02;2.366837e-02;1.613329e-02;2.093911e-01;1.865451e-02
2.626482e-02;1.424935e-01;2.282085e-02;1.716395e-02;7.142808e-02;4.103359e-02;3.844432e-01;6.908616e-02;2.520000e-02;2.434335e-02;1.643299e-01;1.139266e-02
4.507419e-02;1.768102e-01;4.069650e-02;3.329288e-02;8.002133e-02;5.531224e-02;3.577409e-01;4.077598e-02;1.548880e-02;2.747601e-02;1.144227e-01;1.288818e-02
3.961079e-02;2.025154e-01;1.108805e-01;2.691382e-02;1.077411e-01;3.215235e-02;3.125841e-01;4.004009e-02;1.418549e-02;1.546912e-02;8.876897e-02;9.138322e-03
3.125899e-02;1.951938e-01;1.458042e-01;1.178716e-02;1.203015e-01;1.674735e-02;2.816377e-01;7.974732e-02;8.660543e-03;9.711536e-03;8.616061e-02;1.298930e-02
1.772748e-02;1.407838e-01;2.186748e-01;1.261936e-02;8.855295e-02;1.334444e-02;2.404982e-01;1.497203e-01;1.038972e-02;1.200426e-02;6.118795e-02;3.449676e-02
9.548872e-03;7.959546e-02;2.827248e-01;1.452211e-02;4.633662e-02;4.559229e-02;1.759248e-01;1.962209e-01;5.015309e-02;1.980979e-02;2.902932e-02;5.054197e-02
1.099679e-02;3.592843e-02;2.696608e-01;2.787215e-02;2.503288e-02;9.913368e-02;1.103619e-01;1.946469e-01;1.034753e-01;2.986480e-02;2.588437e-02;6.714202e-02
9.793551e-03;1.231853e-02;2.428501e-01;2.090985e-02;1.466948e-02;1.091646e-01;9.978628e-02;2.400694e-01;9.951482e-02;3.005761e-02;1.815946e-02;1.027063e-01
4.733675e-03;1.175839e-02;2.357510e-01;1.040383e-02;1.202302e-02;6.723795e-02;1.160428e-01;3.070952e-01;4.892944e-02;2.906275e-02;2.981458e-02;1.271474e-01
6.981648e-03;2.132382e-02;2.301906e-01;8.453230e-03;1.851003e-02;2.899456e-02;1.608451e-01;3.071262e-01;1.702634e-02;3.333018e-02;4.620464e-02;1.210136e-01
1.947647e-02;4.703921e-02;1.976178e-01;6.047443e-03;4.450376e-02;3.974909e-02;2.360616e-01;2.307437e-01;1.622433e-02;3.170821e-02;4.364858e-02;8.717977e-02
4.570118e-02;6.696397e-02;1.638711e-01;9.864360e-03;8.282018e-02;4.793237e-02;2.978152e-01;1.686086e-01;1.683672e-02;2.603595e-02;1.411568e-02;5.943469e-02
7.875747e-02;7.808215e-02;1.104935e-01;2.266350e-02;1.051718e-01;5.521137e-02;2.813123e-01;1.321468e-01;2.632236e-02;2.843529e-02;3.983384e-02;4.156953e-02
1.188346e-01;9.277949e-02;8.036276e-02;4.457783e-02;9.638637e-02;5.797857e-02;1.950084e-01;1.338539e-01;3.185673e-02;4.815556e-02;5.216347e-02;4.804243e-02
9.959991e-02;6.572537e-02;1.257096e-01;4.446798e-02;1.147401e-01;1.014929e-01;1.221033e-01;1.222761e-01;4.968029e-02;4.263705e-02;3.022181e-02;8.134558e-02
1.096182e-01;4.875905e-02;1.321513e-01;2.536563e-02;1.416482e-01;9.553989e-02;1.296394e-01;1.270946e-01;5.147011e-02;3.963228e-02;1.820210e-02;8.087937e-02
1.490057e-01;6.708731e-02;9.834103e-02;2.939128e-02;8.188459e-02;1.268177e-01;1.692142e-01;9.293993e-02;4.254269e-02;7.805479e-02;1.798943e-02;4.673138e-02
1.547480e-01;7.840506e-02;5.962650e-02;4.040410e-02;4.290114e-02;1.650471e-01;1.812497e-01;7.443970e-02;4.878118e-02;1.022229e-01;2.833928e-02;2.383541e-02
1.353163e-01;6.556345e-02;3.190126e-02;5.160441e-02;7.534134e-02;1.771633e-01;1.574626e-01;5.704595e-02;8.877398e-02;9.664539e-02;2.250290e-02;4.067909e-02
9.005563e-02;4.078013e-02;9.185842e-02;7.580436e-02;1.223348e-01;1.503444e-01;1.107536e-01;4.428834e-02;1.237137e-01;6.245947e-02;2.749639e-02;6.011076e-02
1.073898e-01;4.475069e-02;1.394162e-01;9.244600e-02;1.281325e-01;1.042128e-01;6.237561e-02;2.598445e-02;1.405270e-01;5.900903e-02;4.016651e-02;5.558936e-02
1.381770e-01;4.900742e-02;1.496342e-01;8.924399e-02;8.489284e-02;9.681148e-02;4.484329e-02;4.708286e-02;1.287926e-01;6.833958e-02;4.785732e-02;5.531746e-02
5.480976e-02;6.890537e-02;1.851443e-01;7.414394e-02;6.315263e-02;1.386369e-01;6.347082e-02;6.911663e-02;1.022421e-01;7.960720e-02;5.782270e-02;4.294767e-02
7.525538e-02;7.077473e-02;1.894006e-01;6.200652e-02;8.185180e-02;1.324539e-01;6.764771e-02;4.610910e-02;1.436044e-01;7.241410e-02;3.167353e-02;2.680819e-02
6.565274e-02;5.786818e-02;1.378955e-01;5.783209e-02;1.250533e-01;1.176691e-01;1.057250e-01;6.271515e-02;1.528805e-01;7.114439e-02;2.900177e-02;1.656221e-02
5.549842e-02;3.687447e-02;9.713499e-02;7.393388e-02;8.224821e-02;1.202934e-01;1.048794e-01;1.132054e-01;1.652620e-01;9.206969e-02;3.317507e-02;2.542503e-02
7.192203e-02;4.371626e-02;1.030241e-01;6.515729e-02;6.603806e-02;8.755673e-02;1.310837e-01;1.248838e-01;1.202847e-01;1.138035e-01;3.112084e-02;4.140891e-02
9.612235e-02;5.275754e-02;1.356395e-01;6.304546e-02;7.404218e-02;4.918585e-02;1.600097e-01;8.799670e-02;6.720658e-02;1.295504e-01;4.194709e-02;4.249669e-02
1.061340e-01;5.504138e-02;1.358809e-01;5.742437e-02;8.103388e-02;5.941610e-02;1.379854e-01;6.755897e-02;7.865550e-02;1.181474e-01;4.111183e-02;6.161030e-02
9.566911e-02;5.964573e-02;1.451115e-01;6.298064e-02;1.182950e-01;6.114813e-02;8.400166e-02;6.133358e-02;9.158747e-02;8.146806e-02;5.565250e-02;8.310667e-02
1.198406e-01;7.226128e-02;2.133024e-01;7.201741e-02;9.731945e-02;5.058137e-02;5.273963e-02;5.460299e-02;7.141350e-02;5.189974e-02;7.048105e-02;7.354059e-02
1.101690e-01;7.159745e-02;3.074343e-01;7.421222e-02;5.899589e-02;4.742912e-02;6.681055e-02;4.766131e-02;5.816740e-02;4.348274e-02;6.607424e-02;4.796576e-02
4.977152e-02;6.104846e-02;4.118162e-01;1.086054e-01;7.570113e-02;5.156995e-02;5.253308e-02;2.735604e-02;3.758112e-02;3.358636e-02;5.214847e-02;3.828231e-02
3.867552e-02;6.550243e-02;3.387533e-01;1.218493e-01;1.584821e-01;7.479869e-02;6.324781e-02;2.280319e-02;3.066017e-02;2.143101e-02;2.254529e-02;4.125126e-02
6.375340e-02;5.484590e-02;2.784892e-01;7.331920e-02;1.880993e-01;9.571046e-02;1.297203e-01;1.284282e-02;2.808674e-02;1.546568e-02;1.615529e-02;4.351166e-02
1.164720e-01;4.827436e-02;2.243635e-01;4.388716e-02;1.681008e-01;1.113341e-01;1.874974e-01;1.130221e-02;1.934107e-02;1.604674e-02;1.734892e-02;3.603180e-02
1.569095e-01;5.397216e-02;1.369948e-01;4.357171e-02;1.144311e-01;1.123665e-01;2.721959e-01;2.177217e-02;1.578217e-02;2.391795e-02;1.900642e-02;2.907952e-02
1.270828e-01;1.039663e-01;7.619635e-02;4.057236e-02;6.705432e-02;8.055670e-02;3.679341e-01;3.047126e-02;2.002996e-02;2.883008e-02;4.000914e-02;1.729657e-02
7.031480e-02;1.276402e-01;9.642951e-02;3.125164e-02;5.016165e-02;4.427543e-02;3.763542e-01;3.609946e-02;3.217252e-02;2.724177e-02;5.612498e-02;5.193379e-02
8.951605e-02;6.724059e-02;1.204622e-01;5.023409e-02;7.403086e-02;6.875668e-02;2.080367e-01;6.901373e-02;7.115076e-02;3.411308e-02;4.377152e-02;1.036738e-01
1.145443e-01;5.033614e-02;7.984573e-02;4.414397e-02;8.596891e-02;8.290134e-02;1.255486e-01;7.768383e-02;1.289998e-01;6.894337e-02;5.251291e-02;8.857113e-02
1.242474e-01;5.055325e-02;6.362893e-02;4.072108e-02;6.684232e-02;7.341377e-02;1.052115e-01;7.272876e-02;1.826742e-01;1.204030e-01;4.477223e-02;5.480347e-02
1.147459e-01;1.111175e-01;4.527407e-02;4.319044e-02;5.331927e-02;4.873280e-02;7.977725e-02;5.000051e-02;1.914227e-01;2.106049e-01;3.234842e-02;1.946618e-02
6.568219e-02;2.125640e-01;2.907063e-02;2.323981e-02;9.516669e-02;2.856248e-02;3.535684e-02;7.335851e-02;9.942274e-02;2.929390e-01;3.233655e-02;1.230060e-02
3.455749e-02;2.168940e-01;4.963226e-02;7.808337e-03;7.145482e-02;4.587672e-02;2.486535e-02;1.039284e-01;5.064688e-02;2.392233e-01;1.404515e-01;1.466087e-02
2.902036e-02;1.009957e-01;1.453505e-01;1.615599e-02;3.086626e-02;1.133827e-01;3.413564e-02;6.108909e-02;5.880681e-02;1.032275e-01;2.912196e-01;1.574997e-02
3.322853e-02;3.287681e-02;1.965528e-01;2.970723e-02;3.237266e-02;1.539894e-01;3.680066e-02;2.594832e-02;5.334708e-02;5.488298e-02;3.172390e-01;3.305455e-02
5.086979e-02;2.164164e-02;2.055969e-01;3.079133e-02;3.569030e-02;1.860463e-01;3.846088e-02;2.951604e-02;2.605796e-02;3.149525e-02;3.161517e-01;2.768192e-02
5.612754e-02;6.314927e-02;1.635270e-01;3.001032e-02;3.380849e-02;1.720799e-01;6.006022e-02;4.040991e-02;4.675339e-02;5.755065e-02;2.535360e-01;2.298727e-02
7.405779e-02;7.185928e-02;1.508258e-01;3.669949e-02;3.518653e-02;1.584429e-01;8.005238e-02;5.728184e-02;4.505082e-02;6.149692e-02;2.097540e-01;1.929231e-02
7.880682e-02;4.558032e-02;2.101080e-01;2.734945e-02;2.449659e-02;1.700655e-01;6.225070e-02;3.528398e-02;3.799139e-02;5.672909e-02;2.369204e-01;1.441779e-02
5.850302e-02;3.338126e-02;2.442035e-01;1.816458e-02;2.713932e-02;1.852281e-01;5.097677e-02;2.515907e-02;2.447711e-02;4.107200e-02;2.674749e-01;2.422031e-02
4.102002e-02;7.616523e-02;1.930876e-01;2.010624e-02;2.985040e-02;1.730132e-01;6.343047e-02;2.802546e-02;2.599638e-02;4.494890e-02;2.804533e-01;2.390279e-02
5.430244e-02;4.188831e-02;1.613674e-01;1.669903e-02;4.226561e-02;1.607833e-01;6.215124e-02;4.272448e-02;5.466155e-02;5.352073e-02;2.704099e-01;3.922598e-02
6.819485e-02;8.873458e-02;1.054556e-01;2.113209e-02;7.754643e-02;9.318105e-02;7.316635e-02;5.992416e-02;6.082575e-02;1.039764e-01;1.939231e-01;5.393973e-02
8.251963e-02;1.166193e-01;5.803044e-02;6.489569e-02;7.380506e-02;7.374763e-02;9.857280e-02;7.688496e-02;7.056171e-02;1.326535e-01;7.775925e-02;7.395010e-02
9.279613e-02;6.642549e-02;1.028389e-01;8.625210e-02;4.304460e-02;8.350351e-02;8.146527e-02;8.055260e-02;1.032970e-01;1.192966e-01;6.133290e-02;7.919503e-02
1.154448e-01;6.394077e-02;1.471781e-01;6.227600e-02;4.008106e-02;4.689877e-02;7.847483e-02;7.362703e-02;1.633748e-01;8.884703e-02;4.475066e-02;7.510615e-02
1.168161e-01;8.053118e-02;1.760283e-01;5.271661e-02;4.298829e-02;5.820721e-02;7.997697e-02;6.946576e-02;1.756967e-01;6.364331e-02;2.435304e-02;5.957662e-02
9.834697e-02;8.032607e-02;1.965418e-01;6.229321e-02;5.938138e-02;7.411969e-02;8.847353e-02;7.681958e-02;1.326513e-01;5.851118e-02;1.985935e-02;5.267589e-02
8.187279e-02;1.031537e-01;1.764345e-01;7.149044e-02;6.027040e-02;6.840774e-02;1.032294e-01;9.025171e-02;9.058144e-02;5.607365e-02;5.208678e-02;4.614747e-02
6.976390e-02;7.182504e-02;1.196907e-01;6.757423e-02;7.928155e-02;8.837771e-02;8.289068e-02;6.623378e-02;1.482122e-01;9.290424e-02;6.875753e-02;4.448845e-02
6.877535e-02;4.740969e-02;1.386933e-01;5.161862e-02;5.999826e-02;1.200565e-01;9.402986e-02;5.928998e-02;1.316918e-01;1.118044e-01;4.977459e-02;6.685755e-02
7.127371e-02;6.831659e-02;1.390361e-01;6.433389e-02;5.491369e-02;1.030343e-01;1.328239e-01;7.024177e-02;8.723141e-02;9.766506e-02;4.776171e-02;6.336790e-02
7.322116e-02;9.617186e-02;1.276742e-01;6.726570e-02;5.562826e-02;7.787053e-02;1.260531e-01;1.081200e-01;6.614214e-02;8.600132e-02;7.015740e-02;4.569427e-02
8.108539e-02;1.291852e-01;1.101749e-01;6.726693e-02;7.055359e-02;7.760814e-02;1.004950e-01;8.810238e-02;6.352637e-02;7.283767e-02;6.718758e-02;7.197698e-02
8.212616e-02;1.032172e-01;1.032516e-01;8.942983e-02;7.585502e-02;9.161410e-02;8.048788e-02;8.674215e-02;1.023056e-01;4.182446e-02;3.978644e-02;1.033595e-01
5.850118e-02;5.640956e-02;1.245586e-01;8.746024e-02;5.050835e-02;7.029028e-02;1.201642e-01;1.072089e-01;1.220174e-01;4.225901e-02;7.447682e-02;8.614548e-02
3.412758e-02;4.889945e-02;9.745532e-02;6.302475e-02;4.149306e-02;7.137761e-02;1.806484e-01;1.032144e-01;1.101740e-01;6.024390e-02;1.376424e-01;5.169910e-02
4.283370e-02;4.743935e-02;5.443164e-02;5.060487e-02;4.691771e-02;9.811661e-02;2.145694e-01;6.799691e-02;9.469366e-02;9.425462e-02;1.631952e-01;2.494634e-02
6.267194e-02;4.690926e-02;5.733966e-02;7.095353e-02;4.175251e-02;1.159403e-01;1.853138e-01;4.792082e-02;9.857801e-02;1.179396e-01;1.381242e-01;1.655634e-02
5.237456e-02;5.391417e-02;9.441072e-02;6.737732e-02;5.581809e-02;1.219885e-01;1.286156e-01;6.537639e-02;1.234376e-01;8.688201e-02;1.133442e-01;3.646076e-02
6.621797e-02;5.428735e-02;1.170208e-01;4.420576e-02;7.150818e-02;9.253336e-02;1.215165e-01;6.137418e-02;1.276792e-01;6.480899e-02;1.386381e-01;4.020954e-02
4.391849e-02;5.640477e-02;1.222332e-01;8.743337e-02;6.212894e-02;6.544507e-02;7.644403e-02;9.420670e-02;1.611084e-01;8.256056e-02;1.418432e-01;6.273227e-03
2.276357e-02;5.057687e-02;8.098238e-02;5.339677e-02;6.678972e-02;8.518334e-02;1.614437e-01;1.017534e-01;1.636753e-01;6.437425e-02;1.226534e-01;2.640737e-02
3.387476e-02;5.142964e-02;9.011045e-02;8.351383e-02;5.930861e-02;7.424884e-02;2.413044e-01;1.014575e-01;1.391065e-01;3.676618e-02;5.917000e-02;2.970935e-02
6.403348e-02;7.115810e-02;1.153097e-01;7.182592e-02;5.134062e-02;6.407585e-02;1.822741e-01;7.539266e-02;9.981852e-02;6.097970e-02;8.233207e-02;6.145930e-02
7.319415e-02;6.896155e-02;9.286363e-02;6.687887e-02;8.073411e-02;6.227638e-02;1.274000e-01;1.096985e-01;1.555255e-01;5.795896e-02;4.382589e-02;6.068244e-02
6.119383e-02;6.341659e-02;7.022444e-02;6.214749e-02;9.211878e-02;5.618400e-02;1.032770e-01;9.870699e-02;1.837186e-01;9.520140e-02;6.241760e-02;5.139321e-02
4.123043e-02;4.668215e-02;6.628522e-02;5.539639e-02;1.175323e-01;5.026457e-02;8.392784e-02;7.796399e-02;1.800496e-01;1.649885e-01;7.487819e-02;4.080079e-02
6.578635e-02;2.886352e-02;4.801603e-02;5.731665e-02;1.298332e-01;4.071175e-02;7.657587e-02;5.865692e-02;1.638703e-01;2.405671e-01;5.750082e-02;3.230153e-02
1.187051e-01;2.635178e-02;3.623324e-02;6.708266e-02;5.800214e-02;3.474224e-02;6.857163e-02;7.654565e-02;3.006004e-01;1.661860e-01;1.465132e-02;3.232786e-02
1.102464e-01;1.538906e-02;5.917458e-02;6.455539e-02;1.312668e-02;5.358059e-02;4.899247e-02;7.760406e-02;3.769315e-01;6.699110e-02;1.915422e-02;9.425392e-02
4.853742e-02;1.209614e-02;9.434934e-02;4.164774e-02;2.024367e-02;9.590842e-02;3.538500e-02;1.406175e-01;2.781878e-01;2.584944e-02;2.562865e-02;1.815490e-01
2.645184e-02;1.485327e-02;1.092215e-01;3.046853e-02;1.596431e-02;1.152208e-01;4.745841e-02;2.348818e-01;5.880982e-02;4.042302e-02;3.014549e-02;2.761013e-01
2.193109e-02;1.087852e-02;9.983523e-02;3.964965e-02;1.180841e-02;9.600522e-02;5.090504e-02;2.226658e-01;1.215283e-01;3.041864e-02;4.375209e-02;2.506220e-01
2.705561e-02;1.878421e-02;1.078838e-01;4.356016e-02;2.783316e-02;8.293250e-02;8.374604e-02;2.168466e-01;1.259458e-01;1.329903e-02;5.543536e-02;1.966777e-01
2.785376e-02;3.034308e-02;1.082911e-01;3.060794e-02;5.094107e-02;7.046261e-02;1.477155e-01;1.804622e-01;8.483887e-02;3.681212e-02;9.100198e-02;1.406698e-01
4.209529e-02;3.882650e-02;1.106045e-01;2.771549e-02;7.607957e-02;7.091618e-02;2.044873e-01;9.504035e-02;4.482690e-02;5.890233e-02;1.282214e-01;1.022842e-01
4.735697e-02;4.252667e-02;1.118945e-01;2.572950e-02;7.999448e-02;8.687473e-02;2.113061e-01;1.070428e-01;5.558284e-02;6.124435e-02;1.055818e-01;6.486528e-02
1.274223e-02;3.439792e-02;1.192224e-01;2.318646e-02;4.217211e-02;8.572862e-02;1.499720e-01;2.093606e-01;1.216778e-01;3.834247e-02;6.350934e-02;9.968806e-02
4.973942e-02;3.501314e-02;1.066338e-01;4.006056e-02;4.656895e-02;5.265632e-02;1.268340e-01;1.441379e-01;9.888639e-02;3.923708e-02;1.117223e-01;1.485102e-01
6.680111e-02;2.143528e-02;8.824491e-02;4.771569e-02;8.643098e-02;5.988389e-02;1.284019e-01;1.251912e-01;1.041625e-01;3.738724e-02;9.663228e-02;1.377130e-01
1.040027e-01;6.136772e-02;9.129172e-02;7.241401e-02;8.969557e-02;8.942899e-02;1.334329e-01;7.002126e-02;1.137216e-01;8.770367e-02;4.220368e-02;4.471610e-02
8.400748e-02;7.299142e-02;1.016422e-01;5.949501e-02;8.524942e-02;9.469984e-02;1.243064e-01;7.494608e-02;1.183001e-01;9.860320e-02;6.285838e-02;2.290041e-02
5.727016e-02;7.054019e-02;1.333298e-01;6.423596e-02;7.399292e-02;8.864949e-02;9.147389e-02;1.042892e-01;1.535980e-01;8.027461e-02;3.953543e-02;4.281038e-02
6.008719e-02;8.090007e-02;1.563495e-01;6.399860e-02;5.341718e-02;7.726306e-02;1.083160e-01;1.170173e-01;1.499304e-01;5.476901e-02;3.299927e-02;4.495240e-02
1.110218e-01;1.132779e-01;1.241547e-01;4.402683e-02;3.668533e-02;6.458000e-02;1.888743e-01;7.798642e-02;9.233871e-02;4.981542e-02;6.139579e-02;3.584289e-02
1.699382e-01;1.352452e-01;7.700977e-02;3.321625e-02;3.879148e-02;5.573308e-02;2.202468e-01;3.327422e-02;5.395942e-02;7.058121e-02;7.761226e-02;3.439201e-02
1.402703e-01;1.169146e-01;1.310460e-01;4.077209e-02;4.474401e-02;5.745831e-02;1.668264e-01;6.404592e-02;6.763752e-02;6.578678e-02;5.907294e-02;4.542525e-02
7.993483e-02;1.028789e-01;1.429315e-01;3.199442e-02;8.837886e-02;8.435065e-02;1.641234e-01;4.891508e-02;9.983479e-02;3.653079e-02;6.504031e-02;5.508643e-02
1.099755e-01;1.062053e-01;1.731066e-01;4.849540e-02;1.208055e-01;8.072551e-02;9.246945e-02;4.982789e-02;6.140893e-02;6.094475e-02;5.414382e-02;4.189134e-02
5.747607e-02;9.677076e-02;2.767161e-01;5.318097e-02;9.648979e-02;5.726947e-02;8.760083e-02;4.809265e-02;8.387780e-02;7.388376e-02;3.841374e-02;3.022804e-02
5.293122e-02;7.115947e-02;2.495556e-01;4.256069e-02;7.639701e-02;5.539166e-02;7.492542e-02;7.352328e-02;9.713002e-02;1.449278e-01;3.523368e-02;2.626411e-02
6.572980e-02;4.565812e-02;7.062092e-02;4.179218e-02;9.075534e-02;7.273357e-02;1.063037e-01;1.279996e-01;1.083370e-01;1.984093e-01;3.832326e-02;3.333711e-02
7.778879e-02;4.727638e-02;6.723983e-02;4.592024e-02;8.952903e-02;7.083879e-02;1.391123e-01;1.220443e-01;1.318847e-01;1.600569e-01;1.818874e-02;3.011997e-02
5.831654e-02;4.274406e-02;1.416578e-01;5.869808e-02;8.954218e-02;6.021350e-02;1.226160e-01;7.955169e-02;1.271175e-01;1.690028e-01;2.771024e-02;2.282973e-02
4.785286e-02;4.406496e-02;2.555401e-01;6.889192e-02;8.590646e-02;4.850961e-02;8.520679e-02;6.035848e-02;8.359171e-02;1.615231e-01;4.011957e-02;1.843440e-02
7.157784e-02;5.077386e-02;3.113305e-01;6.479497e-02;7.420584e-02;4.565029e-02;8.557368e-02;6.735168e-02;5.080057e-02;1.105803e-01;4.581220e-02;2.154835e-02
6.732738e-02;6.565850e-02;2.949151e-01;5.268836e-02;6.628890e-02;3.937316e-02;1.079620e-01;6.656326e-02;5.451921e-02;9.433417e-02;5.517861e-02;3.519145e-02
6.205871e-02;8.162997e-02;2.341536e-01;5.177067e-02;6.778757e-02;3.972759e-02;1.328380e-01;5.997580e-02;8.906110e-02;9.330751e-02;4.806591e-02;3.962351e-02
6.800971e-02;8.683133e-02;1.375072e-01;4.562090e-02;7.058134e-02;1.109047e-01;1.221505e-01;5.198074e-02;8.094659e-02;8.872755e-02;8.019947e-02;5.654002e-02
8.531479e-02;1.004059e-01;8.766711e-02;7.886910e-02;4.476453e-02;9.878558e-02;7.588094e-02;7.001341e-02;9.968214e-02;9.654129e-02;6.937145e-02;9.270380e-02
8.698527e-02;9.932632e-02;8.996161e-02;7.973740e-02;6.728963e-02;9.096105e-02;9.272406e-02;6.429766e-02;1.182353e-01;8.760323e-02;4.556838e-02;7.731007e-02
6.342678e-02;7.926417e-02;9.008501e-02;7.143494e-02;7.585233e-02;1.109884e-01;1.532897e-01;7.416372e-02;8.292291e-02;1.126864e-01;5.371022e-02;3.217536e-02
7.214192e-02;4.479228e-02;9.236184e-02;5.517150e-02;5.593137e-02;1.153816e-01;1.719723e-01;1.044161e-01;4.202874e-02;1.418475e-01;6.676567e-02;3.718913e-02
7.923165e-02;3.261955e-02;6.904620e-02;3.016946e-02;4.165765e-02;1.066853e-01;1.264793e-01;1.021048e-01;1.392268e-01;1.719995e-01;6.411725e-02;3.666249e-02
7.938123e-02;3.162105e-02;6.538582e-02;3.716015e-02;4.264519e-02;8.889833e-02;8.680867e-02;7.893104e-02;1.548589e-01;2.304182e-01;8.288998e-02;2.100140e-02
3.499792e-02;4.307672e-02;8.798867e-02;6.184613e-02;3.327812e-02;4.523140e-02;1.068214e-01;7.830922e-02;1.735248e-01;1.521906e-01;1.542434e-01;2.849164e-02
5.658460e-02;4.204527e-02;8.851127e-02;4.485403e-02;4.564419e-02;5.051680e-02;6.740268e-02;6.863934e-02;2.346031e-01;1.059100e-01;1.537028e-01;4.158606e-02
8.283108e-02;4.540659e-02;8.985431e-02;2.376136e-02;5.549746e-02;4.587188e-02;6.401069e-02;3.705483e-02;2.839482e-01;1.085365e-01;1.135365e-01;4.969060e-02
6.473543e-02;5.126302e-02;8.526882e-02;3.382714e-02;6.590431e-02;4.441617e-02;1.226935e-01;6.075214e-02;2.577022e-01;5.775317e-02;9.327886e-02;6.240520e-02
4.107864e-02;5.093428e-02;7.954327e-02;4.395092e-02;7.655554e-02;9.003491e-02;1.289450e-01;9.302144e-02;2.261305e-01;7.450795e-02;5.357376e-02;4.172381e-02
2.842905e-02;5.528745e-02;9.395838e-02;6.216867e-02;9.746831e-02;8.473617e-02;9.308038e-02;1.020396e-01;2.464921e-01;6.444847e-02;3.101351e-02;4.087792e-02
4.003444e-02;5.393903e-02;1.482057e-01;7.850011e-02;7.963581e-02;6.372713e-02;1.092660e-01;1.102159e-01;1.770795e-01;4.710777e-02;4.254522e-02;4.974336e-02
7.172012e-02;3.594600e-02;2.007796e-01;8.653275e-02;1.126172e-01;7.673489e-02;1.702315e-01;7.316926e-02;4.142844e-02;4.285723e-02;2.988658e-02;5.809648e-02
8.582267e-02;3.176859e-02;1.300458e-01;5.484790e-02;1.267790e-01;9.546144e-02;1.866726e-01;4.959787e-02;1.252906e-01;4.968343e-02;2.377881e-02;4.025125e-02
8.080192e-02;5.215541e-02;9.444220e-02;4.576418e-02;8.854393e-02;9.141723e-02;3.001865e-01;4.669955e-02;1.009827e-01;5.305757e-02;1.966000e-02;2.628879e-02
4.209631e-02;2.559731e-02;1.357134e-01;7.097746e-02;7.644060e-02;7.539332e-02;2.777979e-01;7.204002e-02;9.872826e-02;8.126093e-02;2.192731e-02;2.202718e-02
3.271104e-02;2.069875e-02;1.470123e-01;1.113173e-01;9.257426e-02;5.372879e-02;1.498944e-01;7.958189e-02;1.388762e-01;1.369722e-01;2.126636e-02;1.536660e-02
2.652442e-02;3.215579e-02;1.010219e-01;1.141621e-01;1.433490e-01;4.754945e-02;7.134371e-02;8.933238e-02;1.389542e-01;1.860795e-01;3.968870e-02;9.838936e-03
1.698585e-02;3.919918e-02;5.367951e-02;9.227807e-02;1.551536e-01;6.302078e-02;4.890593e-02;9.344345e-02;1.258546e-01;2.181512e-01;7.894453e-02;1.438334e-02
2.027849e-02;3.135604e-02;5.544109e-02;8.352762e-02;1.020411e-01;1.321952e-01;6.549200e-02;7.153143e-02;9.100426e-02;1.784359e-01;1.415206e-01;2.717624e-02
2.840977e-02;1.662230e-02;8.240855e-02;4.856246e-02;5.134427e-02;1.557738e-01;5.499782e-02;2.734687e-02;1.291141e-01;2.020557e-01;1.640016e-01;3.936273e-02
3.965637e-02;2.027380e-02;8.484781e-02;1.560457e-02;7.255949e-02;1.148878e-01;4.093619e-02;4.027325e-02;1.984376e-01;1.794110e-01;1.396719e-01;5.344028e-02
1.402286e-01;3.885449e-02;6.341177e-02;3.080416e-02;8.313213e-02;5.840062e-02;6.648231e-02;7.013375e-02;1.541330e-01;1.001011e-01;8.802801e-02;1.062900e-01
2.461547e-01;5.737188e-02;3.777877e-02;5.202013e-02;5.377456e-02;1.966456e-02;1.345773e-01;6.902444e-02;6.408526e-02;4.235227e-02;5.340441e-02;1.697917e-01
2.692594e-01;7.138962e-02;2.680294e-02;5.430457e-02;1.871433e-02;1.207689e-02;2.042160e-01;5.202068e-02;2.157521e-02;1.800305e-02;4.397267e-02;2.076646e-01
1.928769e-01;5.923701e-02;2.432886e-02;4.858933e-02;1.121790e-02;1.998854e-02;2.821154e-01;6.309603e-02;2.164469e-02;1.507720e-02;4.546864e-02;2.163595e-01
1.271278e-01;6.879152e-02;2.039585e-02;5.827843e-02;1.514748e-02;3.063249e-02;3.458914e-01;6.851137e-02;1.622828e-02;1.371160e-02;3.740723e-02;1.978766e-01
8.501260e-02;7.015671e-02;2.117403e-02;5.877814e-02;1.641535e-02;4.042784e-02;3.812333e-01;7.840844e-02;8.761744e-03;1.425118e-02;3.551320e-02;1.898675e-01
7.705896e-02;6.793533e-02;1.989266e-02;5.341338e-02;9.484450e-03;5.921470e-02;3.881780e-01;6.771569e-02;1.139500e-02;1.320690e-02;4.696212e-02;1.855429e-01
6.792469e-02;4.187025e-02;3.382363e-02;3.847957e-02;2.820945e-02;9.224904e-02;3.117724e-01;7.092989e-02;3.928092e-02;2.893837e-02;8.791658e-02;1.586051e-01
7.240558e-02;3.461703e-02;5.518386e-02;3.165583e-02;5.625581e-02;1.078382e-01;2.076260e-01;6.230832e-02;6.632609e-02;6.550178e-02;1.215693e-01;1.187122e-01
7.455400e-02;4.574443e-02;6.923579e-02;3.253723e-02;7.924062e-02;1.088680e-01;1.422793e-01;6.475783e-02;8.358550e-02;1.042231e-01;1.021731e-01;9.280121e-02
3.982938e-02;6.413188e-02;5.703875e-02;2.936044e-02;1.216078e-01;1.142877e-01;7.211864e-02;7.175202e-02;1.195232e-01;2.006892e-01;6.531660e-02;4.434441e-02
2.203976e-02;7.518209e-02;3.273772e-02;1.689687e-02;1.654694e-01;1.259898e-01;3.234186e-02;5.713191e-02;1.134991e-01;2.615621e-01;7.511721e-02;2.203214e-02
3.268090e-02;6.427170e-02;2.086689e-02;4.682418e-02;1.837783e-01;1.210579e-01;3.027104e-02;4.434649e-02;1.523247e-01;2.455257e-01;4.055095e-02;1.750128e-02
7.250044e-02;3.875223e-02;2.996389e-02;8.757835e-02;1.412674e-01;8.611613e-02;4.556582e-02;2.891895e-02;2.574434e-01;1.729853e-01;2.335189e-02;1.555619e-02
8.733722e-02;2.458690e-02;8.053537e-02;1.111239e-01;5.696786e-02;4.476284e-02;4.737106e-02;5.789652e-02;3.471014e-01;1.079123e-01;1.760913e-02;1.679542e-02
7.136633e-02;3.186660e-02;1.426634e-01;9.307293e-02;2.372266e-02;3.480292e-02;8.513777e-02;9.933816e-02;3.054318e-01;5.983527e-02;1.998696e-02;3.277523e-02
5.367290e-02;4.676404e-02;1.840102e-01;6.909435e-02;3.206194e-02;4.295965e-02;1.547168e-01;1.102971e-01;2.028304e-01;3.692923e-02;2.553933e-02;4.112412e-02
3.912549e-02;3.292266e-02;1.901609e-01;6.421134e-02;4.830685e-02;4.272285e-02;2.648701e-01;1.040080e-01;9.940110e-02;4.437324e-02;2.933080e-02;4.056666e-02
8.059024e-03;2.277658e-02;2.228638e-01;3.196857e-02;3.550575e-02;4.241099e-02;3.332150e-01;7.961516e-02;1.222837e-01;5.014972e-02;1.651629e-02;3.463539e-02
2.229480e-02;4.452690e-02;2.589342e-01;3.325079e-02;1.997408e-02;2.785937e-02;3.522620e-01;6.703044e-02;1.006077e-01;3.783833e-02;9.122578e-03;2.629878e-02
3.234313e-02;2.448769e-02;2.899400e-01;4.344597e-02;3.764802e-02;2.601624e-02;3.024260e-01;9.743828e-02;6.255355e-02;3.393067e-02;1.621442e-02;3.355608e-02
4.289451e-02;4.913925e-02;2.732727e-01;5.098905e-02;3.732605e-02;3.207429e-02;2.371840e-01;1.064375e-01;4.301534e-02;3.872703e-02;4.394875e-02;4.499154e-02
4.555130e-02;8.430381e-02;2.430251e-01;4.290796e-02;3.539814e-02;2.286849e-02;2.827579e-01;9.665169e-02;2.865215e-02;2.672823e-02;5.295081e-02;3.820438e-02
4.522688e-02;1.049854e-01;2.034651e-01;2.613876e-02;3.955583e-02;1.873691e-02;3.556925e-01;8.765059e-02;2.058035e-02;1.184068e-02;6.069559e-02;2.543142e-02
6.252284e-02;1.210773e-01;1.376774e-01;1.304774e-02;4.344226e-02;2.958344e-02;3.790498e-01;8.103423e-02;2.287197e-02;1.701129e-02;7.149494e-02;2.118677e-02
7.822388e-02;1.178810e-01;1.001794e-01;1.686163e-02;4.457279e-02;4.838293e-02;3.588754e-01;7.982796e-02;3.419982e-02;3.519383e-02;6.421993e-02;2.158151e-02
9.398670e-02;9.754252e-02;9.065059e-02;2.858801e-02;6.183608e-02;7.044975e-02;3.072636e-01;8.298527e-02;4.901934e-02;5.215301e-02;4.505720e-02;2.046787e-02
9.084174e-02;8.088313e-02;8.201923e-02;4.392570e-02;1.132083e-01;1.065209e-01;2.488363e-01;5.741826e-02;5.392595e-02;5.989171e-02;2.992685e-02;3.260192e-02
7.659165e-02;9.255753e-02;1.451384e-01;4.229306e-02;1.689278e-01;1.185349e-01;1.742338e-01;4.193366e-02;4.817674e-02;3.461899e-02;3.929950e-02;1.769404e-02
5.742200e-02;8.893368e-02;2.327258e-01;6.013748e-02;1.889496e-01;8.810285e-02;1.225595e-01;5.688299e-02;3.347638e-02;2.624092e-02;3.022831e-02;1.434045e-02
2.626365e-02;6.587166e-02;2.981576e-01;8.979248e-02;1.458588e-01;5.786897e-02;8.672450e-02;6.982808e-02;4.412558e-02;6.189338e-02;4.431766e-02;9.297585e-03
8.726268e-02;4.037387e-02;1.466460e-01;4.509717e-02;1.030933e-01;8.202186e-02;2.615046e-01;2.637129e-02;7.581349e-02;7.881837e-02;3.171322e-02;2.128405e-02
1.388470e-01;5.200633e-02;6.302977e-02;3.955905e-02;8.626050e-02;9.579470e-02;3.179052e-01;3.847186e-02;6.245413e-02;6.347995e-02;1.638965e-02;2.580186e-02
1.819426e-01;6.130837e-02;7.248891e-02;3.952742e-02;7.874837e-02;1.096779e-01;2.842948e-01;3.371055e-02;4.088633e-02;5.997910e-02;1.340853e-02;2.402716e-02
2.432326e-01;5.734902e-02;8.390711e-02;2.410934e-02;8.837512e-02;1.386212e-01;2.126451e-01;2.292882e-02;2.884083e-02;6.642945e-02;5.061053e-03;2.850039e-02
2.475305e-01;4.905748e-02;8.466607e-02;1.680368e-02;9.894119e-02;1.550912e-01;1.962867e-01;2.056523e-02;2.858594e-02;7.533419e-02;5.914751e-03;2.122303e-02
2.076884e-01;4.256252e-02;5.801729e-02;3.643966e-02;1.030089e-01;1.561950e-01;2.356135e-01;1.608759e-02;3.235466e-02;8.345675e-02;1.126762e-02;1.730812e-02
1.382171e-01;6.906202e-02;4.103994e-02;5.391605e-02;9.145457e-02;1.280024e-01;3.245618e-01;1.524029e-02;2.583486e-02;7.637990e-02;2.514781e-02;1.114329e-02
8.026554e-02;1.088398e-01;4.133514e-02;3.391172e-02;7.350799e-02;8.206479e-02;4.452127e-01;2.427265e-02;1.612064e-02;4.288686e-02;4.443301e-02;7.149260e-03
5.154860e-02;1.011133e-01;8.311466e-02;1.710701e-02;5.579489e-02;5.809202e-02;4.845554e-01;5.163699e-02;1.440192e-02;2.266802e-02;4.587755e-02;1.408973e-02
2.759239e-02;6.693888e-02;1.523650e-01;3.285268e-02;3.537925e-02;5.059349e-02;4.430353e-01;7.660094e-02;3.221519e-02;2.804605e-02;2.943300e-02;2.494786e-02
2.013578e-02;3.382810e-02;1.791631e-01;7.865241e-02;4.241870e-02;5.966635e-02;3.429723e-01;7.701249e-02;7.493138e-02;5.076387e-02;1.657713e-02;2.387844e-02
2.426997e-02;2.174413e-02;1.363345e-01;1.009511e-01;9.442440e-02;9.034000e-02;1.915904e-01;7.787453e-02;1.093843e-01;1.129036e-01;2.935153e-02;1.083156e-02
2.432614e-02;3.589442e-02;6.533284e-02;7.032596e-02;1.509325e-01;9.214206e-02;8.010816e-02;1.157871e-01;1.047158e-01;1.918024e-01;5.997355e-02;8.659088e-03
1.196793e-02;4.404636e-02;3.272305e-02;5.109255e-02;1.296839e-01;9.679401e-02;5.012943e-02;1.216710e-01;7.683805e-02;2.372841e-01;1.303177e-01;1.745190e-02
2.129567e-02;2.421386e-02;5.707510e-02;4.218367e-02;8.141209e-02;1.338082e-01;6.078102e-02;4.980213e-02;8.791762e-02;2.493169e-01;1.545358e-01;3.765794e-02
4.419982e-02;1.151871e-02;6.400488e-02;2.350567e-02;1.100594e-01;1.067027e-01;8.767980e-02;5.857959e-02;9.997299e-02;1.954977e-01;1.283957e-01;6.988318e-02
8.641142e-02;1.105902e-02;5.924747e-02;4.009489e-02;1.182947e-01;5.895628e-02;1.657674e-01;8.675734e-02;5.536518e-02;9.783021e-02;9.203396e-02;1.281821e-01
1.344511e-01;2.156555e-02;3.956421e-02;9.112578e-02;6.186837e-02;3.115155e-02;2.386866e-01;6.958088e-02;1.605991e-02;4.796317e-02;7.285608e-02;1.751268e-01
1.674266e-01;2.983990e-02;2.633963e-02;1.358642e-01;1.948050e-02;1.913395e-02;2.529216e-01;3.598097e-02;1.176850e-02;6.445564e-02;5.804512e-02;1.787434e-01
1.724253e-01;3.243462e-02;2.955886e-02;1.430400e-01;1.317647e-02;3.107540e-02;2.520542e-01;3.220935e-02;1.082041e-02;6.450655e-02;4.862502e-02;1.700739e-01
1.574959e-01;3.134450e-02;2.396356e-02;1.295316e-01;1.578585e-02;3.569824e-02;2.775736e-01;2.850535e-02;1.120912e-02;4.979181e-02;5.918118e-02;1.799193e-01
1.346143e-01;3.033511e-02;2.363172e-02;1.062048e-01;1.669843e-02;3.121793e-02;2.891259e-01;3.738265e-02;1.318407e-02;4.130015e-02;7.976447e-02;1.965405e-01
1.240203e-01;3.345590e-02;2.928180e-02;8.264869e-02;3.493714e-02;3.842287e-02;2.629988e-01;5.617113e-02;1.742434e-02;3.388987e-02;8.953973e-02;1.972094e-01
1.015979e-01;2.206319e-02;3.843988e-02;6.209487e-02;6.623486e-02;4.886362e-02;2.242731e-01;7.678349e-02;1.887204e-02;4.111754e-02;1.105751e-01;1.890844e-01
7.464974e-02;1.575387e-02;6.467348e-02;3.500554e-02;9.088598e-02;6.494854e-02;1.740380e-01;8.341713e-02;3.433987e-02;4.357128e-02;1.403669e-01;1.783497e-01
5.509440e-02;9.409651e-03;9.696781e-02;2.084719e-02;1.079063e-01;7.950889e-02;1.321701e-01;5.724327e-02;6.427582e-02;5.080988e-02;1.739746e-01;1.517920e-01
2.877777e-02;5.854410e-03;1.239599e-01;1.177301e-02;1.029511e-01;9.444377e-02;9.759709e-02;4.959302e-02;9.386738e-02;6.521757e-02;1.993149e-01;1.266501e-01
2.979950e-02;8.141173e-03;1.401982e-01;8.154150e-03;8.359560e-02;9.890527e-02;9.281629e-02;5.414928e-02;9.983542e-02;6.194701e-02;2.045176e-01;1.179405e-01
3.876752e-02;1.055527e-02;1.559530e-01;9.324511e-03;5.969536e-02;1.203061e-01;9.175165e-02;3.700227e-02;8.596563e-02;6.613830e-02;2.222535e-01;1.022869e-01
3.790238e-02;1.907411e-02;1.436834e-01;1.635605e-02;5.151326e-02;1.474148e-01;8.208915e-02;2.341553e-02;6.435053e-02;1.026512e-01;2.350947e-01;7.645497e-02
3.225515e-02;2.878914e-02;1.108405e-01;4.008187e-02;7.116131e-02;1.281878e-01;9.412303e-02;2.895644e-02;4.564819e-02;1.636045e-01;2.039712e-01;5.238087e-02
3.299913e-02;3.509788e-02;8.223068e-02;7.109943e-02;7.396727e-02;7.939921e-02;1.646740e-01;3.455824e-02;6.165785e-02;1.940881e-01;1.414419e-01;2.878625e-02
2.718059e-02;1.961888e-02;9.514409e-02;7.897813e-02;4.461565e-02;4.287345e-02;3.060015e-01;5.024703e-02;7.900678e-02;1.433662e-01;9.507503e-02;1.789260e-02
2.215805e-02;2.055213e-02;1.131989e-01;6.275796e-02;4.964670e-02;3.827784e-02;4.117882e-01;5.014999e-02;6.940450e-02;7.344998e-02;7.407513e-02;1.454064e-02
1.578165e-02;1.767394e-02;1.120855e-01;5.032994e-02;5.584789e-02;4.706143e-02;4.352797e-01;4.989792e-02;6.175975e-02;5.869482e-02;7.773732e-02;1.785020e-02
5.358939e-02;4.017902e-02;1.192452e-01;9.969141e-02;1.145626e-01;7.817208e-02;2.006388e-01;8.098220e-02;5.013198e-02;5.565167e-02;6.579925e-02;4.135643e-02
