6.016639e-02;4.234788e-02;8.268870e-02;1.277576e-01;8.234938e-02;1.637193e-01;9.914500e-02;1.317760e-01;6.945921e-02;3.989025e-02;7.764241e-02;2.305793e-02
7.956584e-02;4.820754e-02;5.817560e-02;1.073291e-01;3.683892e-02;1.595161e-01;9.528609e-02;1.224193e-01;9.752215e-02;8.731798e-02;7.044164e-02;3.737977e-02
8.153909e-02;7.683498e-02;6.041165e-02;8.149885e-02;5.658066e-02;1.391765e-01;1.117074e-01;8.770484e-02;1.019803e-01;9.001086e-02;6.852337e-02;4.403150e-02
8.081431e-02;7.351396e-02;6.782246e-02;7.056019e-02;5.114517e-02;1.321634e-01;1.195424e-01;9.663362e-02;1.121277e-01;7.936436e-02;6.451375e-02;5.179863e-02
9.634877e-02;6.528918e-02;6.719270e-02;6.020780e-02;5.592694e-02;1.263274e-01;1.013854e-01;8.150934e-02;1.475507e-01;6.359761e-02;7.489709e-02;5.976710e-02
8.334874e-02;8.296300e-02;7.746826e-02;4.643038e-02;8.245404e-02;9.744406e-02;7.079510e-02;1.281760e-01;1.473938e-01;6.614668e-02;7.296394e-02;4.441597e-02
6.657840e-02;9.454208e-02;8.234155e-02;6.861065e-02;8.008107e-02;9.791201e-02;5.989233e-02;1.725494e-01;1.306055e-01;4.962089e-02;7.282393e-02;2.444212e-02
3.903964e-02;8.107840e-02;7.628555e-02;1.100828e-01;5.943037e-02;8.438779e-02;1.063251e-01;2.029048e-01;8.092670e-02;6.258629e-02;6.266082e-02;3.429163e-02
2.367699e-02;7.281520e-02;8.094737e-02;1.157456e-01;5.394560e-02;8.934586e-02;1.427307e-01;1.756971e-01;1.061123e-01;3.602774e-02;5.950612e-02;4.344942e-02
3.550944e-02;4.852750e-02;6.815466e-02;8.458422e-02;4.409119e-02;1.388890e-01;1.498196e-01;1.621756e-01;1.333072e-01;4.847579e-02;4.882728e-02;3.763857e-02
7.207697e-02;6.754531e-02;6.648467e-02;8.756205e-02;6.455503e-02;1.547197e-01;8.342615e-02;1.442743e-01;1.370329e-01;4.296518e-02;2.194709e-02;5.741075e-02
6.006304e-02;5.509228e-02;7.417386e-02;1.198667e-01;5.297380e-02;1.214075e-01;6.272049e-02;9.461189e-02;1.958327e-01;1.043030e-01;2.917216e-02;2.978268e-02
2.937553e-02;4.554363e-02;6.978858e-02;9.405825e-02;8.828654e-02;1.261363e-01;6.276990e-02;1.138253e-01;1.683768e-01;1.190511e-01;4.492816e-02;3.785998e-02
5.571660e-02;4.635836e-02;5.951705e-02;7.285377e-02;9.472048e-02;1.260679e-01;9.472434e-02;9.834688e-02;8.661143e-02;1.068504e-01;8.194747e-02;7.628531e-02
8.001677e-02;6.417087e-02;5.679348e-02;7.593627e-02;7.019716e-02;9.623457e-02;7.157281e-02;1.097444e-01;1.006342e-01;8.693334e-02;1.011852e-01;8.658095e-02
8.621893e-02;7.358116e-02;5.718406e-02;7.810649e-02;7.618083e-02;7.806987e-02;8.441281e-02;1.296027e-01;1.099804e-01;5.907217e-02;9.416056e-02;7.342999e-02
8.225141e-02;7.934851e-02;7.026780e-02;6.299147e-02;1.018419e-01;9.469542e-02;1.032615e-01;1.558485e-01;9.251729e-02;4.043501e-02;8.252952e-02;3.401173e-02
7.392897e-02;6.309810e-02;6.193769e-02;7.682140e-02;1.290585e-01;1.124873e-01;1.348477e-01;1.524148e-01;6.133399e-02;4.978973e-02;5.205011e-02;3.223172e-02
7.370643e-02;5.259964e-02;5.109724e-02;9.897529e-02;1.144317e-01;1.191070e-01;1.325388e-01;1.467149e-01;6.676842e-02;5.617325e-02;5.375348e-02;3.413386e-02
6.529687e-02;5.910898e-02;7.334023e-02;8.108017e-02;9.519316e-02;8.226995e-02;8.786173e-02;1.961556e-01;6.154489e-02;4.068193e-02;1.166442e-01;4.082226e-02
6.876888e-02;4.148593e-02;7.473945e-02;7.867693e-02;8.253855e-02;4.093305e-02;5.016397e-02;2.626936e-01;5.480910e-02;4.942168e-02;1.353598e-01;6.040903e-02
6.456351e-02;2.371361e-02;5.846957e-02;9.410571e-02;6.575666e-02;3.584212e-02;9.091502e-02;2.712562e-01;4.264572e-02;7.256332e-02;1.115536e-01;6.861493e-02
5.515102e-02;1.857113e-02;3.755361e-02;9.607408e-02;8.148030e-02;3.230131e-02;1.379479e-01;2.417819e-01;3.696045e-02;7.228377e-02;1.224337e-01;6.746072e-02
4.224328e-02;2.787730e-02;2.722258e-02;6.380542e-02;1.116269e-01;2.828639e-02;2.099813e-01;1.933066e-01;5.989699e-02;3.354214e-02;1.769939e-01;2.521709e-02
2.200127e-02;4.637048e-02;3.325371e-02;2.580515e-02;1.105437e-01;4.736203e-02;2.820405e-01;1.330760e-01;7.794361e-02;1.542704e-02;1.982741e-01;7.902499e-03
1.236974e-02;7.148325e-02;3.143141e-02;1.420919e-02;9.199966e-02;8.445620e-02;3.080283e-01;1.009774e-01;8.558170e-02;1.952314e-02;1.754802e-01;4.459918e-03
1.287235e-02;9.536224e-02;2.944028e-02;1.889841e-02;7.704602e-02;1.463943e-01;2.731481e-01;1.030381e-01;9.135379e-02;1.433084e-02;1.274730e-01;1.064252e-02
1.619445e-02;1.002486e-01;3.601229e-02;2.119047e-02;6.562891e-02;2.024657e-01;2.078973e-01;1.251513e-01;9.768000e-02;1.214437e-02;1.009467e-01;1.443999e-02
3.443819e-02;8.611615e-02;3.922325e-02;3.022069e-02;5.288932e-02;2.466399e-01;1.302819e-01;1.531586e-01;8.406777e-02;2.668861e-02;9.867230e-02;1.760336e-02
5.333318e-02;5.936682e-02;5.029548e-02;4.494530e-02;5.222654e-02;2.792881e-01;1.251733e-01;1.422146e-01;4.517158e-02;4.180000e-02;8.363878e-02;2.254638e-02
5.811742e-02;4.776315e-02;4.163709e-02;4.645760e-02;3.265265e-02;2.867710e-01;1.350383e-01;1.820944e-01;3.937081e-02;4.307939e-02;6.271050e-02;2.430763e-02
5.339196e-02;4.249301e-02;4.167137e-02;4.688275e-02;4.175802e-02;2.878208e-01;6.942775e-02;1.918894e-01;5.617469e-02;5.380874e-02;9.039907e-02;2.428245e-02
2.627055e-02;5.960906e-02;5.679355e-02;5.067484e-02;7.313485e-02;1.958325e-01;1.219569e-01;1.315141e-01;7.177540e-02;5.795784e-02;1.060947e-01;4.838574e-02
1.994119e-02;8.030292e-02;5.917393e-02;4.417624e-02;9.615684e-02;1.403891e-01;1.312840e-01;1.447987e-01;8.258872e-02;5.414008e-02;9.809750e-02;4.895078e-02
2.734908e-02;9.625367e-02;4.500212e-02;6.256540e-02;1.038153e-01;1.043140e-01;1.282360e-01;1.718226e-01;9.924474e-02;6.038078e-02;6.985649e-02;3.115980e-02
5.407158e-02;1.024927e-01;7.125334e-02;6.239042e-02;7.142334e-02;2.242302e-01;1.149444e-01;1.289146e-01;7.995946e-02;4.540890e-02;2.484552e-02;2.006545e-02
5.801294e-02;1.099240e-01;8.329733e-02;5.043699e-02;4.993371e-02;2.601302e-01;1.061995e-01;1.359116e-01;4.578722e-02;6.366185e-02;2.446187e-02;1.224290e-02
6.384750e-02;1.041478e-01;7.340373e-02;4.793974e-02;3.640712e-02;2.988149e-01;1.219988e-01;1.375682e-01;1.959399e-02;7.132409e-02;1.957773e-02;5.376471e-03
7.636774e-02;6.625222e-02;4.009010e-02;3.617621e-02;3.107363e-02;3.628095e-01;1.293020e-01;1.152725e-01;3.253832e-02;7.976163e-02;9.071464e-03;2.128475e-02
6.924395e-02;3.186489e-02;3.370653e-02;1.598535e-02;6.350341e-02;3.534376e-01;1.343652e-01;7.052812e-02;6.575068e-02;9.794483e-02;2.298289e-02;4.068660e-02
4.292775e-02;2.670300e-02;4.686701e-02;1.904516e-02;1.070800e-01;2.687762e-01;1.267738e-01;6.058179e-02;1.131937e-01;9.767383e-02;2.276285e-02;6.761503e-02
3.705743e-02;3.128548e-02;5.222787e-02;4.504500e-02;1.449020e-01;1.615757e-01;1.066956e-01;9.653851e-02;1.402630e-01;7.063689e-02;2.763198e-02;8.614048e-02
4.213409e-02;5.329928e-02;6.440236e-02;8.772647e-02;1.171059e-01;1.145390e-01;8.535947e-02;1.568956e-01;9.213470e-02;3.385452e-02;8.406913e-02;6.847942e-02
2.100787e-02;5.737229e-02;5.956855e-02;1.060741e-01;7.100543e-02;1.577100e-01;8.439608e-02;1.957221e-01;5.645905e-02;3.495999e-02;1.244147e-01;3.130990e-02
2.912915e-02;6.831670e-02;5.201376e-02;8.812915e-02;7.123645e-02;1.785067e-01;8.266387e-02;1.310344e-01;6.807407e-02;7.400283e-02;1.260265e-01;3.086647e-02
3.816778e-02;7.311609e-02;5.641092e-02;4.583785e-02;7.040180e-02;1.733756e-01;1.573555e-01;1.275017e-01;5.743475e-02;8.485878e-02;7.783489e-02;3.770442e-02
2.934083e-02;8.426046e-02;4.084585e-02;5.090964e-02;8.384115e-02;1.503530e-01;1.991919e-01;1.739511e-01;7.625818e-02;5.700003e-02;3.471379e-02;1.933406e-02
3.288399e-02;6.910133e-02;6.174183e-02;5.291216e-02;5.939935e-02;1.592434e-01;1.372046e-01;1.629891e-01;1.004989e-01;5.925278e-02;7.800652e-02;2.676606e-02
3.569093e-02;3.510086e-02;5.416413e-02;3.896881e-02;5.331333e-02;2.135876e-01;1.087495e-01;1.358087e-01;9.020691e-02;8.854398e-02;9.561712e-02;5.024814e-02
4.218672e-02;2.023489e-02;4.122088e-02;3.540657e-02;8.439527e-02;2.343897e-01;1.592518e-01;9.201453e-02;8.406290e-02;8.150261e-02;7.001851e-02;5.531571e-02
5.018975e-02;2.199189e-02;2.940973e-02;6.258993e-02;1.096911e-01;2.249601e-01;1.571283e-01;9.083565e-02;9.695111e-02;8.997386e-02;1.572359e-02;5.055491e-02
4.987947e-02;3.189795e-02;2.424587e-02;8.860768e-02;7.005112e-02;1.928032e-01;1.825319e-01;8.772643e-02;7.683448e-02;8.630984e-02;6.138159e-02;4.773047e-02
4.425395e-02;4.308977e-02;3.242036e-02;9.015204e-02;5.497785e-02;1.720147e-01;1.411612e-01;1.417276e-01;6.027512e-02;8.066026e-02;9.481672e-02;4.445046e-02
2.991432e-02;2.982162e-02;5.807855e-02;4.079463e-02;6.801441e-02;1.652030e-01;1.543816e-01;1.546198e-01;8.238697e-02;7.406169e-02;1.011901e-01;4.153329e-02
5.616425e-02;3.376907e-02;6.620484e-02;2.956392e-02;5.833352e-02;1.319484e-01;1.617249e-01;1.128243e-01;1.235132e-01;7.815251e-02;1.168919e-01;3.090923e-02
5.778912e-02;5.436640e-02;6.555595e-02;4.605312e-02;5.201265e-02;9.061532e-02;1.558525e-01;1.384237e-01;1.191113e-01;1.112207e-01;9.583039e-02;1.316884e-02
5.107483e-02;6.792247e-02;8.333050e-02;5.109564e-02;6.367480e-02;1.499102e-01;1.389078e-01;1.579526e-01;9.055001e-02;8.994955e-02;2.954206e-02;2.608957e-02
6.572198e-02;1.037365e-01;1.138397e-01;4.522276e-02;4.495730e-02;1.268771e-01;1.014344e-01;1.442271e-01;7.174276e-02;6.690610e-02;9.264668e-02;2.268742e-02
4.999023e-02;1.664033e-01;1.174979e-01;3.142949e-02;4.244558e-02;9.398157e-02;1.302055e-01;1.176571e-01;5.793191e-02;3.934712e-02;1.239508e-01;2.915954e-02
2.828585e-02;1.929226e-01;1.463223e-01;1.712851e-02;4.982013e-02;7.333396e-02;1.582484e-01;1.243455e-01;3.640588e-02;1.450543e-02;1.277729e-01;3.090846e-02
2.010646e-02;1.641723e-01;1.983858e-01;4.022181e-02;6.808057e-02;5.741766e-02;1.496917e-01;1.563118e-01;2.347201e-02;5.271323e-03;1.025170e-01;1.435160e-02
2.519775e-02;1.146010e-01;2.131009e-01;4.969062e-02;8.130967e-02;6.066743e-02;1.398847e-01;2.106099e-01;2.073976e-02;6.611891e-03;7.015654e-02;7.429776e-03
2.888181e-02;7.689022e-02;1.755348e-01;3.790603e-02;8.137994e-02;1.058890e-01;1.576409e-01;2.464757e-01;2.256491e-02;9.375595e-03;4.363019e-02;1.383087e-02
2.646243e-02;8.041883e-02;1.215217e-01;2.263034e-02;1.092765e-01;1.143688e-01;1.863665e-01;2.637939e-01;2.108504e-02;1.392363e-02;2.868823e-02;1.146402e-02
2.452184e-02;9.686971e-02;6.511606e-02;1.860934e-02;1.101697e-01;6.620232e-02;2.672220e-01;2.589553e-01;2.733672e-02;2.187710e-02;2.941190e-02;1.370793e-02
2.191144e-02;1.233692e-01;4.377584e-02;1.909744e-02;7.607163e-02;6.189767e-02;3.247631e-01;1.934941e-01;4.323622e-02;3.259452e-02;4.298539e-02;1.680349e-02
1.702857e-02;1.411107e-01;5.283352e-02;1.559165e-02;4.713932e-02;1.086609e-01;3.008901e-01;1.463491e-01;6.564140e-02;3.564320e-02;5.507008e-02;1.404148e-02
2.576012e-02;1.508381e-01;6.287400e-02;1.251305e-02;5.602493e-02;1.581496e-01;2.309508e-01;1.287483e-01;7.620904e-02;2.684031e-02;5.675962e-02;1.433222e-02
4.176064e-02;1.349589e-01;9.451154e-02;2.325099e-02;6.523010e-02;1.742730e-01;1.528422e-01;1.351878e-01;7.650628e-02;2.950766e-02;5.228858e-02;1.968230e-02
5.830449e-02;9.141981e-02;1.027196e-01;3.233955e-02;6.582853e-02;1.226250e-01;1.502687e-01;1.915965e-01;7.251611e-02;3.375812e-02;5.362780e-02;2.499570e-02
4.766544e-02;1.121328e-01;6.985121e-02;2.936086e-02;7.609989e-02;1.454705e-01;1.864360e-01;1.807818e-01;5.567275e-02;2.552372e-02;5.236274e-02;1.864225e-02
4.287709e-02;1.488359e-01;1.236392e-01;3.336563e-02;8.449995e-02;1.059734e-01;1.435401e-01;1.871690e-01;4.665331e-02;2.305685e-02;3.712803e-02;2.326162e-02
3.488357e-02;1.307150e-01;1.094058e-01;2.282370e-02;8.819475e-02;1.599389e-01;1.103460e-01;1.810547e-01;5.339165e-02;4.114094e-02;4.364358e-02;2.446146e-02
2.874364e-02;1.001823e-01;9.580608e-02;2.643970e-02;7.051057e-02;1.540961e-01;1.333260e-01;1.805768e-01;9.170761e-02;4.908159e-02;4.733492e-02;2.219477e-02
4.699208e-02;8.773857e-02;9.249048e-02;5.582458e-02;9.900528e-02;1.030343e-01;1.391601e-01;1.738117e-01;7.499244e-02;5.973896e-02;4.252014e-02;2.469146e-02
3.409670e-02;8.516225e-02;7.529126e-02;5.523595e-02;9.413880e-02;1.172086e-01;1.229953e-01;2.007183e-01;9.759520e-02;7.028301e-02;2.929692e-02;1.797776e-02
2.191497e-02;7.609063e-02;5.257741e-02;4.385306e-02;5.253068e-02;1.165124e-01;1.716851e-01;1.969702e-01;1.383862e-01;9.454806e-02;2.578360e-02;9.147684e-03
2.399630e-02;6.195840e-02;5.174064e-02;2.779118e-02;2.810037e-02;8.068144e-02;1.653256e-01;2.983647e-01;1.302107e-01;9.782303e-02;2.810629e-02;5.901343e-03
1.971105e-02;4.436038e-02;4.729364e-02;3.159091e-02;2.945169e-02;8.301055e-02;1.031270e-01;3.840429e-01;1.541654e-01;6.309246e-02;3.405173e-02;6.102326e-03
9.308604e-03;3.717057e-02;5.235551e-02;3.274981e-02;3.874718e-02;1.427557e-01;1.186555e-01;3.004696e-01;1.781968e-01;4.825833e-02;3.558234e-02;5.750120e-03
7.089257e-03;4.253533e-02;8.034194e-02;3.637538e-02;5.228431e-02;2.209226e-01;1.058621e-01;1.841664e-01;1.602997e-01;7.059191e-02;3.310067e-02;6.430421e-03
1.557927e-02;4.923438e-02;9.223824e-02;5.544326e-02;8.043422e-02;1.888151e-01;1.029338e-01;1.985671e-01;1.244673e-01;5.362711e-02;3.071403e-02;7.946189e-03
2.528040e-02;6.950172e-02;1.164714e-01;6.634347e-02;6.815585e-02;1.292235e-01;1.169832e-01;2.205558e-01;7.804678e-02;4.601613e-02;5.556443e-02;7.857255e-03
2.564803e-02;1.001879e-01;1.602255e-01;4.742620e-02;5.584221e-02;9.930012e-02;7.855344e-02;2.095946e-01;6.456301e-02;4.101738e-02;9.309278e-02;2.454885e-02
1.201434e-02;8.136466e-02;1.249377e-01;2.910464e-02;6.479274e-02;1.093542e-01;1.106118e-01;1.983956e-01;1.052590e-01;4.311861e-02;1.019117e-01;1.913504e-02
1.478513e-02;7.132467e-02;9.841141e-02;2.955442e-02;1.097480e-01;1.108288e-01;1.327135e-01;1.928287e-01;1.046909e-01;4.796695e-02;7.999102e-02;7.156632e-03
1.361668e-02;8.365397e-02;8.296848e-02;2.498414e-02;1.293380e-01;1.427337e-01;2.023496e-01;1.480124e-01;7.224441e-02;6.025972e-02;3.058353e-02;9.255338e-03
1.740843e-02;1.021879e-01;1.120463e-01;3.937893e-02;9.991944e-02;1.217199e-01;2.297048e-01;1.410093e-01;5.432061e-02;4.072149e-02;2.733053e-02;1.425222e-02
2.616179e-02;6.597845e-02;9.758423e-02;5.875268e-02;5.940603e-02;1.179717e-01;2.252191e-01;1.537438e-01;6.796651e-02;7.588544e-02;2.790574e-02;2.342461e-02
4.026525e-02;5.355616e-02;7.003520e-02;7.420932e-02;8.321189e-02;1.101209e-01;1.778663e-01;1.558210e-01;1.005690e-01;9.203269e-02;1.795586e-02;2.435636e-02
4.943434e-02;5.662182e-02;5.359408e-02;7.313022e-02;9.795771e-02;1.254288e-01;1.474598e-01;1.507575e-01;1.203809e-01;7.224002e-02;2.586472e-02;2.713008e-02
4.414598e-02;7.320325e-02;8.047530e-02;8.371474e-02;8.224557e-02;1.161948e-01;1.480424e-01;1.278595e-01;1.275133e-01;5.388841e-02;3.503128e-02;2.768545e-02
3.948881e-02;1.201922e-01;1.037946e-01;8.031008e-02;8.040376e-02;1.114429e-01;9.968232e-02;1.617734e-01;1.054750e-01;3.404719e-02;4.366048e-02;1.972922e-02
2.680741e-02;1.755890e-01;1.525025e-01;3.251343e-02;8.856972e-02;1.314388e-01;7.011361e-02;1.848883e-01;6.233771e-02;1.587485e-02;4.896170e-02;1.040298e-02
1.873323e-02;2.195801e-01;1.939390e-01;2.973517e-02;8.417547e-02;1.260470e-01;6.578797e-02;1.493689e-01;3.637082e-02;9.055438e-03;5.872351e-02;8.483415e-03
1.667103e-02;2.565216e-01;1.909028e-01;2.177964e-02;6.283573e-02;1.132908e-01;9.535392e-02;1.254880e-01;3.443518e-02;1.196226e-02;6.208987e-02;8.669041e-03
1.568511e-02;2.812772e-01;1.514346e-01;2.579075e-02;4.220160e-02;1.182798e-01;1.363096e-01;1.109582e-01;3.342129e-02;9.548333e-03;5.742161e-02;1.767191e-02
2.734926e-02;2.479566e-01;1.006235e-01;3.283715e-02;2.251091e-02;1.458278e-01;1.565577e-01;1.109180e-01;4.221917e-02;2.006088e-02;5.306856e-02;4.007043e-02
4.547810e-02;1.713994e-01;1.019284e-01;4.574199e-02;3.071253e-02;1.471638e-01;1.219572e-01;1.244132e-01;6.238666e-02;3.028874e-02;5.788917e-02;6.064083e-02
4.812352e-02;1.035671e-01;1.430668e-01;7.324887e-02;3.905940e-02;1.256748e-01;8.470839e-02;1.526807e-01;7.272351e-02;4.548147e-02;5.355808e-02;5.810731e-02
6.330284e-02;1.230019e-01;1.339494e-01;7.165631e-02;3.616978e-02;1.700044e-01;3.186760e-02;1.761068e-01;7.080497e-02;4.953277e-02;3.856679e-02;3.503646e-02
7.390582e-02;1.256030e-01;1.297262e-01;6.248366e-02;3.269164e-02;1.888814e-01;1.999993e-02;1.703382e-01;7.286833e-02;3.694946e-02;3.675407e-02;4.979815e-02
6.048722e-02;1.270369e-01;1.468861e-01;6.814497e-02;4.089794e-02;1.617035e-01;3.545518e-02;1.481710e-01;6.751869e-02;3.782287e-02;4.892308e-02;5.695254e-02
3.232963e-02;1.287490e-01;1.535549e-01;5.239209e-02;6.164103e-02;9.925190e-02;8.040441e-02;1.892767e-01;6.247405e-02;5.167408e-02;5.201276e-02;3.623953e-02
2.543287e-02;1.546861e-01;1.480562e-01;3.914471e-02;6.262267e-02;1.727383e-01;6.734209e-02;1.801203e-01;4.765546e-02;3.834936e-02;4.480595e-02;1.904600e-02
2.388327e-02;2.333032e-01;1.776642e-01;2.864823e-02;3.490697e-02;1.480776e-01;8.797716e-02;1.406492e-01;4.508912e-02;2.171340e-02;4.653440e-02;1.155328e-02
3.945887e-02;2.353714e-01;1.754454e-01;2.100709e-02;3.878142e-02;1.230264e-01;1.120099e-01;9.070973e-02;4.658008e-02;1.189747e-02;7.196198e-02;3.375028e-02
5.350761e-02;1.589169e-01;8.587066e-02;2.569518e-02;4.453755e-02;1.224944e-01;9.882475e-02;6.109868e-02;6.374577e-02;7.047254e-02;1.274274e-01;8.740859e-02
2.201348e-02;1.407795e-01;6.576683e-02;5.406075e-02;4.439038e-02;9.303986e-02;5.700571e-02;6.130618e-02;7.718769e-02;1.151142e-01;1.473309e-01;1.220046e-01
4.572267e-02;1.433477e-01;5.072936e-02;6.069318e-02;3.635783e-02;8.814376e-02;5.863045e-02;1.028432e-01;8.341844e-02;1.022121e-01;1.102303e-01;1.176711e-01
4.517826e-02;1.328205e-01;8.190440e-02;4.403194e-02;5.157694e-02;9.680448e-02;9.532983e-02;1.593707e-01;8.799232e-02;6.608991e-02;5.996862e-02;7.893217e-02
3.159912e-02;1.487346e-01;1.115626e-01;5.250526e-02;5.227188e-02;1.066743e-01;7.690867e-02;1.860597e-01;1.017344e-01;4.003957e-02;5.171315e-02;4.019675e-02
3.336903e-02;1.543728e-01;1.007675e-01;4.928507e-02;4.314576e-02;1.839352e-01;6.498174e-02;1.795024e-01;8.264393e-02;4.438462e-02;3.816289e-02;2.544910e-02
6.155004e-02;1.493720e-01;6.267513e-02;3.997897e-02;3.434335e-02;2.960283e-01;4.256253e-02;1.394276e-01;5.399862e-02;7.671212e-02;2.015194e-02;2.319944e-02
8.229528e-02;9.890653e-02;5.863276e-02;2.407615e-02;4.034083e-02;3.960719e-01;4.228275e-02;9.227879e-02;2.653973e-02;9.017318e-02;2.299028e-02;2.541178e-02
7.379729e-02;1.003289e-01;7.665712e-02;2.522809e-02;4.587667e-02;3.826829e-01;3.097516e-02;9.378682e-02;4.965234e-02;7.051608e-02;2.995028e-02;2.054839e-02
5.376849e-02;1.104140e-01;1.095476e-01;3.701364e-02;3.379390e-02;3.347826e-01;4.546968e-02;7.026720e-02;6.732636e-02;5.749240e-02;3.025531e-02;4.986886e-02
3.336323e-02;7.089908e-02;1.371052e-01;5.086042e-02;5.137099e-02;2.650872e-01;7.074544e-02;7.628356e-02;9.905697e-02;4.314505e-02;2.852312e-02;7.355973e-02
2.398031e-02;5.440513e-02;1.378513e-01;6.045362e-02;9.373745e-02;1.675827e-01;1.129797e-01;6.636484e-02;1.336274e-01;2.512500e-02;3.029225e-02;9.360025e-02
1.833334e-02;6.018411e-02;1.237798e-01;5.874947e-02;1.110193e-01;1.165491e-01;1.287930e-01;8.410144e-02;1.369830e-01;3.231553e-02;3.164237e-02;9.754954e-02
2.156203e-02;6.026584e-02;9.773134e-02;4.555964e-02;1.039909e-01;1.678693e-01;1.319393e-01;1.006292e-01;1.171611e-01;3.130956e-02;3.308953e-02;8.889219e-02
1.353152e-02;6.351873e-02;7.846200e-02;6.164919e-02;9.384882e-02;2.294209e-01;1.297888e-01;1.068650e-01;1.029633e-01;1.150080e-02;3.646676e-02;7.198419e-02
1.535260e-02;9.587794e-02;9.909061e-02;5.983876e-02;6.362884e-02;2.587035e-01;7.535347e-02;1.674162e-01;6.499454e-02;2.218252e-02;4.272213e-02;3.483891e-02
1.479051e-02;1.184734e-01;1.380267e-01;4.903774e-02;4.743388e-02;2.234685e-01;5.338078e-02;1.679967e-01;4.775055e-02;4.826906e-02;6.342652e-02;2.794557e-02
1.793824e-02;1.023742e-01;1.404986e-01;3.198328e-02;6.665387e-02;1.824591e-01;1.170490e-01;1.532844e-01;3.152968e-02;9.668435e-02;4.319483e-02;1.635062e-02
1.579690e-02;9.272201e-02;1.144933e-01;3.713585e-02;5.875793e-02;2.006087e-01;1.091243e-01;1.353641e-01;4.952378e-02;1.107413e-01;5.423730e-02;2.149452e-02
2.609854e-02;1.114756e-01;8.966718e-02;4.244171e-02;4.572564e-02;2.044217e-01;7.980816e-02;1.311307e-01;6.493533e-02;9.700269e-02;7.778674e-02;2.950597e-02
2.455088e-02;1.267080e-01;7.168399e-02;3.458425e-02;3.952553e-02;2.252483e-01;7.643887e-02;1.210101e-01;8.990936e-02;7.697574e-02;7.310230e-02;4.026268e-02
1.907275e-02;1.311716e-01;3.829956e-02;2.004331e-02;4.132485e-02;2.830758e-01;1.280016e-01;1.247029e-01;8.479890e-02;4.465156e-02;4.781263e-02;3.704443e-02
1.671213e-02;1.208904e-01;9.227794e-02;2.075052e-02;5.615239e-02;2.054490e-01;2.058048e-01;1.547159e-01;4.980587e-02;4.768315e-02;6.548286e-03;2.320967e-02
2.013280e-02;9.919190e-02;1.365062e-01;2.249580e-02;6.593504e-02;1.290623e-01;2.173634e-01;1.533140e-01;4.416963e-02;3.738778e-02;6.044027e-02;1.400084e-02
2.596142e-02;1.433894e-01;1.353485e-01;3.426603e-02;6.089744e-02;1.783031e-01;9.676502e-02;1.162376e-01;6.256942e-02;4.124821e-02;8.458473e-02;2.042911e-02
3.799424e-02;1.671414e-01;1.196814e-01;5.923776e-02;5.245111e-02;1.055269e-01;8.740319e-02;1.405645e-01;9.102634e-02;4.615006e-02;5.819349e-02;3.462965e-02
5.756038e-02;1.603090e-01;9.704010e-02;1.242507e-01;6.995812e-02;1.216474e-01;7.162509e-02;1.164879e-01;6.578398e-02;4.495525e-02;4.108747e-02;2.929449e-02
5.443875e-02;1.377417e-01;1.048586e-01;1.381047e-01;7.826077e-02;1.762971e-01;7.069379e-02;9.979799e-02;4.767469e-02;4.398571e-02;2.944049e-02;1.870568e-02
4.668969e-02;9.907506e-02;1.159224e-01;1.427087e-01;1.316490e-01;2.101503e-01;6.032737e-02;6.695357e-02;4.448844e-02;3.587835e-02;1.824803e-02;2.790903e-02
3.179779e-02;4.864442e-02;1.315332e-01;1.350804e-01;2.090141e-01;2.327320e-01;4.543131e-02;3.321395e-02;5.159019e-02;2.358973e-02;1.180521e-02;4.556777e-02
1.110509e-02;2.381106e-02;1.405249e-01;1.058199e-01;2.806479e-01;2.147496e-01;4.115745e-02;2.343618e-02;6.447352e-02;1.445250e-02;1.422719e-02;6.559470e-02
1.389009e-02;4.180890e-02;1.139762e-01;1.116637e-01;2.859764e-01;1.803728e-01;5.572849e-02;3.584789e-02;6.433544e-02;6.749551e-03;1.072112e-02;7.892945e-02
2.638095e-02;8.496176e-02;8.438269e-02;1.243597e-01;2.644113e-01;1.340899e-01;6.434491e-02;4.369303e-02;5.826753e-02;7.379823e-03;1.439196e-02;9.333638e-02
3.482154e-02;1.674632e-01;6.691772e-02;1.175894e-01;2.481001e-01;1.044899e-01;6.310506e-02;2.353141e-02;5.409716e-02;9.780202e-03;2.390536e-02;8.619895e-02
5.149741e-02;1.642467e-01;5.563068e-02;1.083285e-01;2.143712e-01;6.843242e-02;7.093748e-02;6.006086e-02;5.236443e-02;1.442304e-02;5.441346e-02;8.529370e-02
3.966551e-02;8.557370e-02;4.629171e-02;9.792695e-02;1.922307e-01;8.552731e-02;9.564567e-02;7.707175e-02;6.561331e-02;1.723493e-02;8.438804e-02;1.128304e-01
2.306627e-02;2.737864e-02;4.957221e-02;9.454300e-02;1.909784e-01;1.072879e-01;9.483220e-02;1.251621e-01;7.702360e-02;2.877222e-02;6.724212e-02;1.141414e-01
3.269209e-02;2.740397e-02;4.895480e-02;9.292565e-02;1.665617e-01;9.503402e-02;1.330945e-01;1.534255e-01;7.653107e-02;4.017392e-02;2.682958e-02;1.063733e-01
3.563009e-02;6.166123e-02;6.467462e-02;9.755414e-02;1.368420e-01;1.048877e-01;1.578622e-01;9.784591e-02;7.290649e-02;4.506299e-02;2.931863e-02;9.575403e-02
3.873838e-02;1.002190e-01;6.967730e-02;1.020514e-01;1.139397e-01;1.043994e-01;1.266725e-01;8.583698e-02;6.511176e-02;5.772909e-02;3.499133e-02;1.006332e-01
3.889722e-02;1.137835e-01;7.371945e-02;1.007311e-01;6.836183e-02;1.016190e-01;5.965191e-02;1.627464e-01;6.474645e-02;5.668102e-02;7.322178e-02;8.584037e-02
4.319401e-02;1.121501e-01;8.853492e-02;1.020881e-01;9.231551e-02;1.105377e-01;3.174215e-02;1.682955e-01;4.829863e-02;5.734694e-02;9.725081e-02;4.824561e-02
3.253061e-02;1.020245e-01;1.479433e-01;8.791626e-02;7.798723e-02;1.143410e-01;5.559161e-02;1.379036e-01;6.515265e-02;5.125507e-02;9.255850e-02;3.479557e-02
2.688797e-02;8.995171e-02;1.670915e-01;9.825501e-02;3.859140e-02;1.145287e-01;7.342253e-02;1.344648e-01;9.605539e-02;5.536507e-02;6.438739e-02;4.099853e-02
6.349439e-02;8.267504e-02;1.302185e-01;1.270145e-01;6.341129e-02;9.906068e-02;9.962876e-02;8.793225e-02;1.068555e-01;2.850745e-02;5.411819e-02;5.708356e-02
1.016509e-01;1.052334e-01;1.157527e-01;1.183426e-01;9.949309e-02;6.444565e-02;9.286160e-02;1.048052e-01;8.679715e-02;3.258551e-02;3.360108e-02;4.443108e-02
1.154171e-01;9.308562e-02;1.038411e-01;1.019004e-01;8.662651e-02;9.138436e-02;1.022800e-01;1.471653e-01;8.372441e-02;3.929554e-02;1.968774e-02;1.559192e-02
9.410744e-02;8.386768e-02;6.671602e-02;7.496323e-02;8.611619e-02;1.598370e-01;1.357401e-01;1.248420e-01;7.939815e-02;2.803876e-02;4.178208e-02;2.459127e-02
6.320848e-02;8.236900e-02;9.882974e-02;8.144940e-02;8.911216e-02;1.690400e-01;1.130789e-01;1.324429e-01;7.445038e-02;1.734704e-02;3.667137e-02;4.200056e-02
