1.078163e-01;8.679453e-02;1.665324e-01;8.245543e-02;5.799994e-02;7.520816e-02;9.121589e-02;6.869280e-02;6.634069e-02;9.915813e-02;3.580481e-02;6.198083e-02
1.418046e-01;5.520205e-02;1.006123e-01;3.890746e-02;4.924928e-02;5.959687e-02;2.094550e-01;8.522787e-02;9.304065e-02;9.045259e-02;2.887923e-02;4.757212e-02
1.446800e-01;8.271141e-02;1.024085e-01;2.810671e-02;5.775059e-02;5.357887e-02;2.280573e-01;9.035501e-02;6.801365e-02;5.194727e-02;5.878052e-02;3.361014e-02
1.624283e-01;4.958989e-02;1.479848e-01;4.189992e-02;7.273482e-02;5.067413e-02;1.560816e-01;5.400130e-02;5.953772e-02;6.125971e-02;9.256571e-02;5.124211e-02
1.423134e-01;9.152754e-02;1.597767e-01;3.961610e-02;7.302251e-02;4.893774e-02;1.479905e-01;4.644186e-02;5.103494e-02;6.278246e-02;8.450936e-02;5.204693e-02
1.108819e-01;1.259592e-01;1.260099e-01;3.083941e-02;5.956174e-02;5.273078e-02;2.613478e-01;4.200473e-02;4.279432e-02;4.673916e-02;7.192449e-02;2.920658e-02
1.018798e-01;1.537921e-01;7.641899e-02;2.885344e-02;4.265588e-02;5.817004e-02;3.593096e-01;2.965336e-02;4.334883e-02;3.460144e-02;5.874111e-02;1.257532e-02
9.358919e-02;1.639058e-01;3.623209e-02;2.544497e-02;3.902255e-02;5.063782e-02;4.152750e-01;3.056642e-02;5.406084e-02;3.369131e-02;4.797420e-02;9.599794e-03
8.002095e-02;1.593681e-01;5.167265e-02;1.605153e-02;3.906817e-02;4.822338e-02;4.218147e-01;3.508987e-02;5.405201e-02;2.852803e-02;5.755164e-02;8.558852e-03
6.937329e-02;1.516128e-01;3.299762e-02;2.315876e-02;4.305462e-02;6.366026e-02;4.381958e-01;3.472297e-02;4.972294e-02;1.889613e-02;6.794297e-02;6.661805e-03
8.483610e-02;1.300128e-01;3.165631e-02;5.702420e-02;4.358742e-02;7.862097e-02;4.151862e-01;2.228455e-02;3.147102e-02;2.954916e-02;6.375407e-02;1.201718e-02
1.255433e-01;1.013835e-01;5.330423e-02;9.715021e-02;6.796659e-02;8.461127e-02;3.252691e-01;2.026738e-02;2.119039e-02;4.210981e-02;4.071481e-02;2.048955e-02
1.315183e-01;9.058574e-02;9.102736e-02;1.036650e-01;9.899040e-02;9.512822e-02;2.155598e-01;3.001215e-02;4.314299e-02;4.542771e-02;2.374344e-02;3.119891e-02
1.005534e-01;9.132641e-02;1.373741e-01;8.309572e-02;1.161554e-01;1.010062e-01;1.511259e-01;4.303729e-02;7.036354e-02;3.258997e-02;2.634825e-02;4.702386e-02
7.637695e-02;9.230693e-02;1.649646e-01;8.417741e-02;9.837390e-02;1.246852e-01;1.759561e-01;2.730548e-02;6.214216e-02;1.627377e-02;3.541129e-02;4.202624e-02
9.505489e-02;9.877747e-02;1.361098e-01;1.247198e-01;3.101633e-02;1.137222e-01;1.816846e-01;6.873766e-02;5.873830e-02;3.614360e-02;4.069164e-02;1.460375e-02
5.012874e-02;4.911960e-02;9.462180e-02;8.957118e-02;7.678483e-02;1.104399e-01;1.424478e-01;7.660139e-02;8.817150e-02;4.936032e-02;8.800638e-02;8.474654e-02
7.011185e-02;2.168088e-02;1.144612e-01;4.552561e-02;5.413900e-02;1.225002e-01;1.620206e-01;7.931000e-02;6.226201e-02;7.827086e-02;8.311521e-02;1.066027e-01
6.339204e-02;3.702109e-02;1.165765e-01;4.758098e-02;5.940641e-02;1.018561e-01;1.742102e-01;8.335685e-02;6.892232e-02;9.402760e-02;6.047038e-02;9.317936e-02
7.517035e-02;5.322023e-02;1.288616e-01;3.639084e-02;7.319852e-02;6.524045e-02;1.786827e-01;9.467784e-02;1.002043e-01;8.804631e-02;2.929484e-02;7.701198e-02
8.595861e-02;5.896509e-02;1.419622e-01;3.552351e-02;5.436751e-02;5.802695e-02;2.223170e-01;7.266764e-02;8.354127e-02;7.043604e-02;4.790151e-02;6.833275e-02
5.042073e-02;3.479791e-02;1.285679e-01;3.106141e-02;4.035788e-02;4.342490e-02;3.607457e-01;8.841576e-02;6.014971e-02;7.192028e-02;4.134210e-02;4.879579e-02
3.532526e-02;5.479801e-02;1.108402e-01;2.507161e-02;4.488178e-02;3.113108e-02;4.491239e-01;8.472214e-02;4.571781e-02;5.089216e-02;3.935197e-02;2.814395e-02
4.779685e-02;9.300973e-02;8.032209e-02;1.514119e-02;4.442174e-02;4.531557e-02;4.777936e-01;6.041784e-02;3.826041e-02;3.735539e-02;4.529403e-02;1.487154e-02
7.955736e-02;1.156604e-01;7.388669e-02;1.625947e-02;4.091813e-02;6.229971e-02;4.630945e-01;3.646066e-02;2.614975e-02;3.982148e-02;3.382185e-02;1.206994e-02
1.392820e-01;1.095285e-01;6.029727e-02;2.733002e-02;5.281071e-02;8.848212e-02;3.898485e-01;2.303038e-02;1.484801e-02;5.914628e-02;1.849316e-02;1.690310e-02
1.818276e-01;8.514348e-02;4.338261e-02;3.237803e-02;7.905211e-02;1.209176e-01;2.960277e-01;2.033050e-02;2.284734e-02;8.953848e-02;9.954794e-03;1.859977e-02
1.554454e-01;5.967118e-02;4.528790e-02;2.633699e-02;1.057145e-01;1.415383e-01;2.690986e-01;3.826170e-02;5.370147e-02;8.358746e-02;4.024306e-03;1.733229e-02
8.879874e-02;4.604035e-02;1.026423e-01;2.675479e-02;1.226358e-01;1.350922e-01;2.700391e-01;4.206397e-02;8.177605e-02;5.096814e-02;1.315594e-02;2.003267e-02
4.332552e-02;4.000075e-02;1.812343e-01;4.269509e-02;1.285097e-01;1.150811e-01;2.240010e-01;4.584232e-02;9.654380e-02;2.729523e-02;2.763803e-02;2.783309e-02
3.134765e-02;4.959472e-02;1.531498e-01;3.717213e-02;1.057829e-01;1.116153e-01;2.714553e-01;6.295536e-02;6.837749e-02;4.559906e-02;2.702809e-02;3.592231e-02
5.757139e-02;6.054750e-02;7.932407e-02;2.166347e-02;6.733651e-02;7.451206e-02;4.677246e-01;5.732014e-02;3.387682e-02;3.720782e-02;2.324418e-02;1.967148e-02
4.586842e-02;5.648760e-02;8.650641e-02;1.979828e-02;4.033007e-02;4.709992e-02;4.966772e-01;6.754799e-02;4.824840e-02;4.521525e-02;2.726549e-02;1.895490e-02
1.923867e-02;4.120940e-02;1.340432e-01;3.269204e-02;2.213269e-02;3.734950e-02;4.390628e-01;8.659202e-02;7.307766e-02;6.337388e-02;2.334832e-02;2.787978e-02
2.999070e-02;2.850670e-02;1.563844e-01;7.385155e-02;2.895012e-02;2.773799e-02;2.974727e-01;8.405309e-02;1.197674e-01;1.074935e-01;2.765099e-02;1.814086e-02
6.776276e-02;2.432372e-02;1.017228e-01;1.204635e-01;3.679732e-02;1.894445e-02;1.125826e-01;8.546341e-02;1.605584e-01;1.921602e-01;6.945032e-02;9.770521e-03
8.535452e-02;4.427779e-02;5.668461e-02;9.552567e-02;4.565279e-02;2.376731e-02;8.800448e-02;6.324840e-02;1.136978e-01;2.418138e-01;1.162869e-01;2.568601e-02
5.225327e-02;7.505155e-02;3.510196e-02;5.563100e-02;9.585875e-02;3.468441e-02;9.920830e-02;3.369183e-02;7.680136e-02;2.714798e-01;1.286892e-01;4.154859e-02
2.759188e-02;9.977455e-02;1.822428e-02;3.952237e-02;1.690321e-01;3.753704e-02;9.097356e-02;2.221391e-02;6.539154e-02;3.000023e-01;9.761851e-02;3.211795e-02
1.321268e-02;1.076570e-01;1.336193e-02;4.050956e-02;2.286148e-01;3.794926e-02;8.469328e-02;2.506911e-02;4.990553e-02;3.061297e-01;7.234626e-02;2.055086e-02
4.223552e-02;9.177401e-02;2.195273e-02;8.195281e-02;2.247876e-01;3.367297e-02;7.117688e-02;2.504337e-02;7.744802e-02;2.621362e-01;5.667658e-02;1.114344e-02
8.869436e-02;6.468058e-02;5.153555e-02;1.283366e-01;1.549878e-01;3.688390e-02;9.147452e-02;2.572450e-02;1.077113e-01;1.818501e-01;4.666764e-02;2.145312e-02
1.236015e-01;3.955877e-02;5.477795e-02;1.569675e-01;9.029999e-02;4.701408e-02;1.093663e-01;3.459305e-02;1.287758e-01;1.306355e-01;5.030870e-02;3.410077e-02
1.183526e-01;2.625445e-02;5.310787e-02;1.432640e-01;9.258110e-02;4.075317e-02;6.706827e-02;3.508414e-02;1.283954e-01;1.901001e-01;7.846342e-02;2.657556e-02
9.528494e-02;7.510477e-02;2.992994e-02;7.746802e-02;1.188873e-01;2.449722e-02;3.422961e-02;2.915953e-02;1.084297e-01;2.972637e-01;9.138886e-02;1.835637e-02
5.131033e-02;1.506056e-01;1.887590e-02;3.686543e-02;1.278108e-01;2.466972e-02;1.768276e-02;3.056530e-02;7.320950e-02;3.277508e-01;1.143983e-01;2.625551e-02
4.242473e-02;1.591304e-01;1.115505e-01;4.136271e-02;7.766321e-02;4.770267e-02;4.184844e-02;3.665753e-02;7.827829e-02;2.031983e-01;1.264395e-01;3.374380e-02
4.822002e-02;1.259904e-01;1.719024e-01;7.715106e-02;7.096523e-02;7.931101e-02;5.326606e-02;3.798651e-02;5.335423e-02;9.820873e-02;1.409801e-01;4.266431e-02
2.580183e-02;8.890262e-02;2.074487e-01;6.112129e-02;5.807542e-02;1.223211e-01;6.205722e-02;2.054734e-02;3.028403e-02;8.558313e-02;1.765620e-01;6.129530e-02
2.868588e-02;3.893734e-02;2.939828e-01;2.120413e-02;2.625449e-02;1.289802e-01;1.005374e-01;8.005401e-03;2.131857e-02;5.828986e-02;1.809511e-01;9.285270e-02
5.155707e-02;1.236888e-02;3.184956e-01;6.217685e-02;1.085695e-02;8.643331e-02;1.471780e-01;6.311343e-03;1.646351e-02;2.584480e-02;1.204957e-01;1.418179e-01
9.688945e-02;1.530334e-02;2.512218e-01;1.104617e-01;8.013744e-03;3.789245e-02;1.811924e-01;2.306146e-02;8.408565e-03;1.290572e-02;6.940582e-02;1.852435e-01
1.424448e-01;4.222153e-02;1.524733e-01;1.309043e-01;1.239869e-02;2.411528e-02;1.740494e-01;3.848221e-02;9.505966e-03;1.512989e-02;6.787707e-02;1.903975e-01
1.393273e-01;6.048338e-02;1.181973e-01;1.400766e-01;2.633031e-02;1.794327e-02;1.546562e-01;4.050467e-02;2.049155e-02;2.475668e-02;8.209422e-02;1.751385e-01
7.193752e-02;6.543363e-02;1.259403e-01;1.238089e-01;3.755035e-02;2.775419e-02;1.489850e-01;2.412664e-02;3.525347e-02;3.741079e-02;1.191834e-01;1.826159e-01
9.310405e-02;3.032994e-02;9.982438e-02;8.663865e-02;6.032353e-02;3.701007e-02;1.497308e-01;4.635200e-02;4.813778e-02;4.977649e-02;1.077256e-01;1.910467e-01
1.569973e-01;1.217442e-02;8.088578e-02;1.272127e-01;8.286186e-02;5.480201e-02;1.717251e-01;2.467659e-02;3.180699e-02;4.140690e-02;7.805641e-02;1.373940e-01
1.843932e-01;1.614310e-02;5.190317e-02;1.122499e-01;7.172631e-02;6.242863e-02;2.200201e-01;2.710878e-02;1.872697e-02;2.457342e-02;7.111709e-02;1.396093e-01
2.182982e-01;2.606460e-02;2.599198e-02;8.466168e-02;3.383646e-02;3.590692e-02;2.705074e-01;5.166139e-02;1.089347e-02;2.387106e-02;4.845354e-02;1.698533e-01
2.350413e-01;2.144961e-02;1.637947e-02;8.509710e-02;9.332082e-03;1.411624e-02;2.998836e-01;5.804504e-02;5.668003e-03;2.693330e-02;2.859749e-02;1.994568e-01
2.227628e-01;1.881956e-02;1.190326e-02;8.496425e-02;4.256791e-03;1.942314e-02;3.061247e-01;4.451150e-02;6.239316e-03;3.334038e-02;3.833860e-02;2.093156e-01
2.013932e-01;1.964213e-02;4.020483e-02;6.798167e-02;1.174041e-02;3.588018e-02;2.478911e-01;4.504227e-02;3.455854e-02;4.568905e-02;7.520309e-02;1.747735e-01
1.941975e-01;4.591017e-02;7.747802e-02;5.154051e-02;1.796205e-02;4.656522e-02;1.696746e-01;6.086743e-02;7.015143e-02;6.346278e-02;8.972612e-02;1.124642e-01
1.634449e-01;5.250828e-02;1.167377e-01;4.275740e-02;3.779235e-02;5.243577e-02;1.587557e-01;6.158677e-02;8.636683e-02;9.015483e-02;6.979340e-02;6.766597e-02
1.100385e-01;5.091211e-02;1.049536e-01;5.855293e-02;7.830532e-02;3.213264e-02;1.392247e-01;6.900489e-02;7.194894e-02;1.690871e-01;8.050259e-02;3.533665e-02
7.574792e-02;5.556110e-02;5.590241e-02;3.353648e-02;9.875770e-02;5.845144e-02;1.024831e-01;9.059850e-02;6.153283e-02;1.985743e-01;1.241573e-01;4.469685e-02
5.837441e-02;5.462623e-02;2.919500e-02;1.490512e-02;8.676361e-02;8.798964e-02;1.413705e-01;1.135141e-01;5.413045e-02;1.731557e-01;1.308898e-01;5.508546e-02
6.873639e-02;4.942814e-02;4.986789e-02;2.220157e-02;7.553314e-02;9.579488e-02;1.814908e-01;1.057336e-01;6.105414e-02;1.306731e-01;1.017226e-01;5.776377e-02
5.007649e-02;5.526081e-02;1.410360e-01;4.093548e-02;7.374321e-02;8.405811e-02;1.601869e-01;8.476086e-02;7.749578e-02;1.026398e-01;5.301160e-02;7.679496e-02
4.596479e-02;5.489483e-02;1.681601e-01;4.860731e-02;5.934742e-02;3.068704e-02;2.933838e-01;9.067226e-02;4.039790e-02;5.751090e-02;5.887157e-02;5.150207e-02
2.589174e-02;7.385725e-02;1.115532e-01;2.798065e-02;7.044175e-02;4.739176e-02;3.909600e-01;8.786224e-02;2.970994e-02;4.345766e-02;6.837463e-02;2.251913e-02
1.262503e-02;8.883864e-02;7.413248e-02;1.347290e-02;6.595863e-02;5.026723e-02;4.464882e-01;8.072469e-02;2.576305e-02;4.273818e-02;7.961207e-02;1.937889e-02
4.566914e-02;7.415546e-02;7.996803e-02;2.348092e-02;5.300952e-02;3.684956e-02;4.139525e-01;8.683197e-02;3.432176e-02;5.663588e-02;6.044215e-02;3.468310e-02
3.049134e-02;4.217858e-02;1.514050e-01;5.892973e-02;4.468046e-02;4.747993e-02;1.989238e-01;1.145679e-01;9.618588e-02;7.821801e-02;6.215894e-02;7.478047e-02
4.975268e-02;3.257046e-02;1.140962e-01;8.313121e-02;3.987736e-02;5.021281e-02;1.464485e-01;8.280893e-02;1.404788e-01;1.196431e-01;7.867748e-02;6.230242e-02
6.222935e-02;2.624535e-02;3.754367e-02;8.531141e-02;5.919045e-02;3.853728e-02;1.904388e-01;6.636522e-02;1.403444e-01;1.705209e-01;8.429862e-02;3.897448e-02
4.533857e-02;3.392752e-02;2.581016e-02;7.102571e-02;8.561443e-02;4.131451e-02;1.565535e-01;5.891067e-02;1.153640e-01;2.217625e-01;1.085517e-01;3.582660e-02
3.888331e-02;3.777379e-02;2.993060e-02;5.775265e-02;9.268184e-02;6.436880e-02;1.091558e-01;5.825365e-02;1.017207e-01;2.279477e-01;1.262467e-01;5.528455e-02
5.671204e-02;3.955730e-02;1.011384e-01;5.523214e-02;6.856937e-02;8.181502e-02;1.162991e-01;6.069474e-02;8.477959e-02;1.639851e-01;1.088265e-01;6.239062e-02
2.974469e-02;4.010875e-02;1.555062e-01;5.073700e-02;3.897646e-02;7.048806e-02;2.510665e-01;6.443287e-02;6.750253e-02;9.426097e-02;8.589438e-02;5.128153e-02
6.099084e-02;5.451482e-02;1.140353e-01;2.785024e-02;6.382705e-02;5.603420e-02;3.969078e-01;4.147556e-02;4.853307e-02;4.957071e-02;5.249707e-02;3.376334e-02
6.727062e-02;4.166340e-02;8.063241e-02;2.721572e-02;1.103084e-01;8.106430e-02;3.676910e-01;2.787923e-02;6.805682e-02;5.781812e-02;3.745663e-02;3.294327e-02
5.777822e-02;2.458926e-02;1.667788e-01;4.041311e-02;1.350822e-01;7.852080e-02;2.462223e-01;2.352877e-02;6.090537e-02;8.306226e-02;4.112513e-02;4.199374e-02
4.470618e-02;4.256397e-02;2.403425e-01;5.368802e-02;1.105283e-01;4.583658e-02;1.327887e-01;3.411549e-02;6.853351e-02;1.184013e-01;6.356797e-02;4.492747e-02
3.998283e-02;5.343792e-02;1.347879e-01;4.080327e-02;7.808242e-02;7.597145e-02;1.198282e-01;5.463883e-02;1.335363e-01;1.389517e-01;9.536880e-02;3.461031e-02
4.384556e-02;7.372738e-02;6.206089e-02;5.467872e-02;8.571070e-02;8.587976e-02;1.281676e-01;7.284275e-02;1.303408e-01;1.336392e-01;9.249450e-02;3.661218e-02
1.161855e-01;9.104718e-02;7.764953e-02;4.345980e-02;4.375238e-02;6.823749e-02;9.778345e-02;1.030691e-01;1.096317e-01;1.117168e-01;8.337615e-02;5.409098e-02
1.173805e-01;9.988759e-02;1.362747e-01;4.211774e-02;4.289830e-02;5.151661e-02;1.184941e-01;8.684966e-02;8.988998e-02;7.891818e-02;7.797232e-02;5.780035e-02
2.261499e-01;1.083865e-01;1.271528e-01;3.036900e-02;3.702400e-02;3.273915e-02;1.007165e-01;4.904277e-02;6.233234e-02;6.927296e-02;5.856333e-02;9.825072e-02
2.940824e-01;8.026744e-02;9.576263e-02;2.583991e-02;2.671381e-02;3.222378e-02;6.449105e-02;4.501006e-02;4.341299e-02;5.481374e-02;9.798924e-02;1.393930e-01
3.258820e-01;6.307640e-02;6.870335e-02;2.485139e-02;1.935186e-02;3.542321e-02;7.043901e-02;5.198697e-02;3.772600e-02;3.636095e-02;1.011920e-01;1.650068e-01
2.832448e-01;7.561393e-02;5.148458e-02;2.372964e-02;1.560631e-02;4.157628e-02;1.491846e-01;4.714185e-02;3.120182e-02;2.255177e-02;7.045250e-02;1.882118e-01
1.564845e-01;5.827427e-02;7.251529e-02;2.273870e-02;1.937226e-02;7.520643e-02;2.535703e-01;3.360942e-02;2.660991e-02;1.455555e-02;7.796235e-02;1.891010e-01
5.449813e-02;2.330497e-02;7.817978e-02;1.998271e-02;2.702246e-02;1.372415e-01;3.019265e-01;3.653975e-02;3.512399e-02;1.174036e-02;1.203705e-01;1.540694e-01
2.761349e-02;2.274122e-02;6.697667e-02;1.466977e-02;2.569942e-02;1.564545e-01;2.648019e-01;3.937503e-02;4.805223e-02;2.681922e-02;1.808366e-01;1.259598e-01
4.783953e-02;3.171975e-02;8.766081e-02;1.646813e-02;2.704160e-02;1.331235e-01;1.743425e-01;3.102561e-02;7.885244e-02;5.522668e-02;2.188471e-01;9.785236e-02
4.199553e-02;3.707893e-02;1.099043e-01;3.172138e-02;2.647945e-02;9.042037e-02;9.676027e-02;2.129955e-02;1.129248e-01;7.187941e-02;2.343372e-01;1.251988e-01
8.019164e-02;2.804843e-02;8.273194e-02;3.019641e-02;2.227779e-02;5.468914e-02;1.673363e-01;3.408168e-02;1.069815e-01;4.771314e-02;1.802463e-01;1.655058e-01
8.845352e-02;1.412405e-02;6.093957e-02;2.447372e-02;1.938418e-02;4.605392e-02;2.181811e-01;2.518773e-02;8.074023e-02;3.625945e-02;1.681110e-01;2.180914e-01
5.397420e-02;9.142573e-02;5.436673e-02;2.405682e-02;2.398641e-02;5.591278e-02;2.079751e-01;3.220323e-02;6.188072e-02;4.150632e-02;1.191830e-01;2.335290e-01
2.670870e-01;9.293034e-02;7.302652e-02;3.838273e-02;1.524236e-02;5.946288e-02;1.454390e-01;2.641769e-02;2.626497e-02;2.895225e-02;4.552645e-02;1.812678e-01
2.899992e-01;6.904080e-02;3.995232e-02;5.000527e-02;8.390421e-03;3.956519e-02;1.847981e-01;3.299431e-02;1.516268e-02;2.206649e-02;4.676266e-02;2.012626e-01
2.525846e-01;3.960733e-02;1.725907e-02;6.295431e-02;7.387666e-03;2.251064e-02;2.480820e-01;3.741995e-02;9.651932e-03;1.850544e-02;3.330965e-02;2.507274e-01
2.115176e-01;3.853925e-02;1.822570e-02;6.057931e-02;9.478701e-03;2.020414e-02;2.625792e-01;2.850749e-02;9.706849e-03;1.833514e-02;5.226433e-02;2.700622e-01
1.784981e-01;3.960151e-02;4.315602e-02;4.292436e-02;1.701269e-02;6.068952e-02;1.965158e-01;2.930371e-02;2.757260e-02;2.151152e-02;1.225081e-01;2.207061e-01
1.360274e-01;3.935790e-02;6.778912e-02;2.752649e-02;4.051121e-02;1.032814e-01;1.191620e-01;3.758062e-02;4.270426e-02;5.157436e-02;1.845174e-01;1.499678e-01
1.151691e-01;4.838172e-02;9.089358e-02;3.224674e-02;6.355745e-02;1.167093e-01;9.058069e-02;3.193228e-02;5.199393e-02;7.974993e-02;1.794589e-01;9.932636e-02
9.470849e-02;6.665947e-02;1.098669e-01;6.140358e-02;7.805766e-02;1.154021e-01;1.341210e-01;4.618318e-02;5.463714e-02;7.637034e-02;1.084624e-01;5.412779e-02
8.509441e-02;5.846180e-02;1.352583e-01;8.170741e-02;8.458786e-02;1.189581e-01;1.312911e-01;4.792853e-02;5.491681e-02;4.958605e-02;7.745721e-02;7.475238e-02
8.365318e-02;8.651472e-02;7.724126e-02;7.321221e-02;7.725834e-02;1.130815e-01;1.310796e-01;1.012274e-01;3.705336e-02;6.609906e-02;1.010664e-01;5.251293e-02
5.738379e-02;9.402653e-02;1.067324e-01;6.182960e-02;8.129589e-02;1.186084e-01;1.314719e-01;1.285647e-01;4.885982e-02;8.456107e-02;5.306643e-02;3.359948e-02
7.970960e-02;6.776626e-02;1.152838e-01;3.970514e-02;6.539849e-02;7.843103e-02;1.326444e-01;1.014785e-01;7.534455e-02;7.739258e-02;1.099666e-01;5.687904e-02
1.248458e-01;2.950052e-02;8.962537e-02;1.801816e-02;8.441355e-02;7.135667e-02;1.574166e-01;4.604166e-02;1.186992e-01;4.820712e-02;1.491818e-01;6.269350e-02
9.570573e-02;3.493660e-02;1.016036e-01;2.738659e-02;8.163963e-02;4.504405e-02;1.397503e-01;7.126229e-02;1.601629e-01;4.299981e-02;1.332252e-01;6.628337e-02
6.015675e-02;7.548424e-02;1.233134e-01;3.938990e-02;6.092543e-02;4.415692e-02;1.193249e-01;1.047701e-01;1.683742e-01;4.702372e-02;1.147609e-01;4.231956e-02
6.263889e-02;1.040567e-01;9.268412e-02;4.256262e-02;6.302985e-02;6.186926e-02;9.004629e-02;7.630083e-02;1.281339e-01;8.267394e-02;7.991404e-02;1.160895e-01
1.284368e-01;8.902982e-02;8.746714e-02;4.071703e-02;7.396058e-02;7.197888e-02;5.928556e-02;3.882215e-02;8.818907e-02;1.052183e-01;8.523430e-02;1.316604e-01
1.098305e-01;6.378608e-02;7.097279e-02;4.366259e-02;6.652735e-02;8.293471e-02;9.698346e-02;6.567394e-02;1.405152e-01;7.994729e-02;8.635082e-02;9.281527e-02
7.083575e-02;6.733633e-02;9.666782e-02;3.812549e-02;7.421507e-02;8.527232e-02;1.344073e-01;7.812753e-02;1.326039e-01;8.229730e-02;5.268253e-02;8.742865e-02
1.183451e-01;7.044765e-02;1.251337e-01;4.392258e-02;4.174729e-02;4.890610e-02;1.646462e-01;6.102355e-02;1.087369e-01;8.487197e-02;4.730259e-02;8.491635e-02
8.990718e-02;4.980618e-02;1.121676e-01;3.183815e-02;4.591816e-02;6.681490e-02;1.492999e-01;5.888329e-02;9.184744e-02;1.117422e-01;1.086712e-01;8.310387e-02
5.621322e-02;2.502970e-02;8.944316e-02;2.167276e-02;4.987043e-02;1.153413e-01;9.271500e-02;3.562708e-02;6.024116e-02;1.338949e-01;2.415750e-01;7.837626e-02
3.116765e-02;1.476331e-02;5.741756e-02;8.693599e-03;3.749475e-02;1.791750e-01;4.910750e-02;1.163022e-02;2.662357e-02;1.148221e-01;3.961137e-01;7.299110e-02
2.473564e-02;5.260043e-03;4.636285e-02;6.895909e-03;1.931728e-02;1.730783e-01;1.551771e-01;1.150679e-02;1.129815e-02;5.878900e-02;3.676463e-01;1.199326e-01
7.329510e-02;8.449934e-03;3.370519e-02;1.048838e-02;6.977853e-03;1.092895e-01;2.451947e-01;2.733006e-02;1.199322e-02;2.490520e-02;2.070499e-01;2.413210e-01
2.012000e-01;2.712845e-02;1.685980e-02;2.225886e-02;4.661548e-03;4.719371e-02;2.649834e-01;7.131564e-02;7.880137e-03;8.663956e-03;6.683759e-02;2.610170e-01
3.481467e-01;8.782992e-02;2.327890e-02;2.129328e-02;1.503062e-02;1.750401e-02;1.759210e-01;1.252717e-01;9.007270e-03;6.005607e-03;2.241388e-02;1.482971e-01
3.871567e-01;1.430969e-01;5.081831e-02;1.866192e-02;3.149549e-02;1.524414e-02;9.536706e-02;1.503780e-01;3.477119e-02;6.434944e-03;1.546769e-02;5.110765e-02
3.166997e-01;1.413278e-01;7.142070e-02;2.138865e-02;4.120783e-02;5.487184e-02;6.330965e-02;1.191180e-01;1.303314e-01;5.502447e-03;1.284931e-02;2.197278e-02
1.844165e-01;1.645713e-01;8.054236e-02;1.984303e-02;1.874340e-02;1.078585e-01;6.288709e-02;8.487663e-02;2.462181e-01;1.241553e-02;5.918519e-03;1.170903e-02
1.447452e-01;1.763776e-01;1.025885e-01;1.675841e-02;6.971479e-03;1.000509e-01;5.480629e-02;7.759858e-02;2.588813e-01;2.984116e-02;1.052754e-02;2.085293e-02
1.493589e-01;1.549397e-01;1.528383e-01;2.415989e-02;1.382776e-02;7.383604e-02;4.425680e-02;7.022172e-02;2.128394e-01;4.545143e-02;2.641520e-02;3.185486e-02
1.125805e-01;1.640374e-01;2.822567e-01;2.981662e-02;1.749846e-02;5.167238e-02;3.766998e-02;6.316116e-02;1.338955e-01;3.848055e-02;2.621355e-02;4.271731e-02
7.692283e-02;1.960266e-01;4.124581e-01;2.513263e-02;8.144106e-03;4.138397e-02;3.062987e-02;2.257096e-02;1.177662e-01;1.689347e-02;9.934478e-03;4.213673e-02
6.108443e-02;1.818200e-01;4.992343e-01;2.133859e-02;8.908354e-03;4.007491e-02;1.985977e-02;1.812219e-02;8.403993e-02;1.732647e-02;5.601593e-03;4.258948e-02
2.886485e-02;1.621580e-01;5.236065e-01;2.520599e-02;2.035487e-02;4.390385e-02;4.180913e-02;1.980105e-02;3.564582e-02;3.070903e-02;2.188818e-02;4.605270e-02
7.794084e-02;1.302301e-01;4.068021e-01;2.837304e-02;4.080440e-02;3.730799e-02;6.878669e-02;2.692309e-02;5.780325e-02;3.986597e-02;4.384815e-02;4.131432e-02
1.493286e-01;1.014090e-01;2.980821e-01;3.386535e-02;7.296231e-02;3.285210e-02;8.455759e-02;5.406076e-02;4.835904e-02;3.607529e-02;5.818849e-02;3.025935e-02
1.654285e-01;1.004618e-01;2.212120e-01;3.891858e-02;8.221292e-02;4.339307e-02;1.043484e-01;5.307002e-02;4.992035e-02;3.779124e-02;6.641052e-02;3.683256e-02
1.117001e-01;7.669150e-02;1.495423e-01;4.139511e-02;5.734392e-02;8.689520e-02;1.210771e-01;4.200408e-02;7.637341e-02;5.840073e-02;1.050681e-01;7.350846e-02
8.461328e-02;4.090391e-02;1.695721e-01;2.021348e-02;3.534165e-02;1.915540e-01;6.909499e-02;4.907482e-02;7.371888e-02;7.885349e-02;1.371623e-01;4.989720e-02
1.269631e-01;7.066925e-02;1.976072e-01;3.708351e-02;6.279880e-02;1.402271e-01;6.697970e-02;5.875299e-02;8.364150e-02;4.680886e-02;7.012001e-02;3.834793e-02
1.219307e-01;1.211297e-01;2.916878e-01;4.595271e-02;5.629295e-02;5.932475e-02;6.084681e-02;4.054794e-02;9.030984e-02;5.315482e-02;3.683693e-02;2.198507e-02
7.108010e-02;1.159833e-01;4.220703e-01;3.836019e-02;4.530362e-02;3.267481e-02;5.082858e-02;2.175835e-02;8.174717e-02;8.503351e-02;2.556406e-02;9.596009e-03
2.104062e-02;9.951510e-02;5.543624e-01;4.807421e-02;2.522039e-02;1.540853e-02;3.853933e-02;7.889617e-03;5.156465e-02;1.148541e-01;1.957203e-02;3.959029e-03
3.351603e-02;1.499182e-01;5.353732e-01;4.030680e-02;1.238951e-02;1.510884e-02;1.894606e-02;1.417912e-02;6.982589e-02;9.463824e-02;9.196620e-03;6.601522e-03
1.196206e-01;2.001570e-01;3.653546e-01;2.529484e-02;2.693876e-02;2.293437e-02;1.913050e-02;2.923043e-02;1.037801e-01;5.208927e-02;1.309231e-02;2.237719e-02
2.079921e-01;1.727456e-01;2.239318e-01;3.443860e-02;5.051767e-02;2.474299e-02;2.987798e-02;3.552387e-02;1.031935e-01;3.382854e-02;3.065457e-02;5.255274e-02
1.984961e-01;9.459743e-02;1.856125e-01;5.983417e-02;5.693746e-02;3.497413e-02;4.950492e-02;2.854814e-02;9.254366e-02;5.000042e-02;6.038301e-02;8.856808e-02
5.285708e-02;1.220094e-01;1.987316e-01;7.062277e-02;3.666018e-02;5.709305e-02;7.396811e-02;6.112614e-02;8.930413e-02;7.629348e-02;7.107478e-02;9.025937e-02
1.402315e-01;1.372320e-01;1.133198e-01;3.693988e-02;3.061805e-02;5.496854e-02;8.666153e-02;8.183040e-02;1.357437e-01;8.068318e-02;5.272479e-02;4.904667e-02
8.348277e-02;1.303805e-01;2.019445e-01;3.837957e-02;4.036106e-02;3.548808e-02;8.376977e-02;5.179657e-02;1.357850e-01;9.116090e-02;4.959629e-02;5.785491e-02
6.277930e-02;8.836561e-02;1.726805e-01;4.355374e-02;4.505914e-02;5.451478e-02;6.452624e-02;4.964111e-02;1.476381e-01;9.002104e-02;7.866777e-02;1.025527e-01
1.172997e-01;9.209374e-02;1.209081e-01;5.315267e-02;4.752361e-02;6.843100e-02;7.339490e-02;3.819228e-02;1.452460e-01;9.788056e-02;8.638979e-02;5.948772e-02
1.075082e-01;8.233904e-02;1.067687e-01;6.177006e-02;4.053581e-02;5.154073e-02;1.063320e-01;5.419219e-02;1.287933e-01;1.016586e-01;9.824099e-02;6.032044e-02
8.117435e-02;8.214904e-02;2.194836e-01;5.876534e-02;5.289812e-02;6.331446e-02;1.467990e-01;4.286382e-02;6.401531e-02;5.615098e-02;6.894787e-02;6.343819e-02
1.740365e-01;1.250755e-01;2.283564e-01;5.592098e-02;4.008102e-02;5.148153e-02;8.839514e-02;4.367552e-02;4.386139e-02;4.250553e-02;3.907041e-02;6.754009e-02
2.566261e-01;1.311000e-01;1.793195e-01;5.181059e-02;2.136277e-02;3.747248e-02;9.120643e-02;3.210795e-02;3.534319e-02;3.729898e-02;2.611032e-02;1.002416e-01
3.024483e-01;9.898017e-02;9.100255e-02;5.420068e-02;9.204958e-03;2.388617e-02;1.382984e-01;2.877838e-02;2.074630e-02;3.129302e-02;3.891247e-02;1.622486e-01
2.725912e-01;5.110982e-02;2.369843e-02;7.044466e-02;5.144234e-03;1.409893e-02;2.216122e-01;3.861659e-02;2.030478e-02;2.301916e-02;3.590819e-02;2.234518e-01
1.945231e-01;2.460477e-02;1.229224e-02;9.259541e-02;5.634625e-03;1.491912e-02;3.050735e-01;3.151183e-02;3.262664e-02;1.857937e-02;2.939340e-02;2.382460e-01
2.534883e-01;2.386130e-02;1.426227e-02;7.672719e-02;1.590387e-02;1.493105e-02;2.913978e-01;7.055810e-02;2.395820e-02;2.258377e-02;2.224945e-02;1.700787e-01
3.820007e-01;5.615664e-02;1.422074e-02;3.927833e-02;4.801541e-02;7.530815e-03;1.932960e-01;1.075703e-01;1.683212e-02;1.481177e-02;1.564419e-02;1.046430e-01
4.415413e-01;1.260613e-01;3.134325e-02;1.079934e-02;7.684996e-02;2.581407e-02;8.919135e-02;9.433918e-02;2.561035e-02;6.530213e-03;9.301861e-03;6.261790e-02
3.638748e-01;2.139470e-01;1.038978e-01;8.507096e-03;6.538115e-02;6.329259e-02;3.682414e-02;4.243627e-02;4.439816e-02;1.268403e-02;8.232949e-03;3.652405e-02
2.134789e-01;2.515316e-01;2.429834e-01;1.355042e-02;3.323966e-02;8.882505e-02;4.100823e-02;1.631751e-02;3.987283e-02;2.599725e-02;7.466535e-03;2.572872e-02
5.392390e-02;2.253839e-01;4.048725e-01;1.971474e-02;1.374344e-02;6.520828e-02;6.809086e-02;2.040665e-02;6.041843e-02;4.236185e-02;3.656714e-03;2.221873e-02
9.091788e-02;2.040128e-01;3.727673e-01;2.104685e-02;1.689373e-02;3.466956e-02;6.253649e-02;2.107920e-02;1.076832e-01;3.581202e-02;1.077078e-02;2.181017e-02
1.774351e-01;1.711080e-01;2.305940e-01;2.768217e-02;3.043604e-02;3.572400e-02;4.556425e-02;5.536322e-02;1.360777e-01;3.268190e-02;2.248312e-02;3.485063e-02
2.462333e-01;1.287022e-01;1.261147e-01;3.620604e-02;3.210102e-02;1.922457e-02;4.036431e-02;8.596567e-02;1.103119e-01;7.516848e-02;3.890458e-02;6.070323e-02
1.865452e-01;1.365079e-01;6.889426e-02;3.653665e-02;5.084415e-02;2.793599e-02;7.641706e-02;8.457401e-02;9.871894e-02;1.084929e-01;4.213637e-02;8.239652e-02
1.258297e-01;1.148240e-01;2.562615e-01;4.116094e-02;6.360434e-02;5.408928e-02;6.426096e-02;3.806964e-02;9.549996e-02;6.721050e-02;4.794731e-02;3.124198e-02
4.806633e-02;8.347978e-02;3.832547e-01;8.077813e-02;5.816393e-02;5.816232e-02;4.118258e-02;1.958644e-02;5.641111e-02;6.692091e-02;8.477069e-02;1.922301e-02
1.614088e-02;3.973255e-02;3.412761e-01;1.592032e-01;7.451630e-02;4.186645e-02;2.807750e-02;9.372634e-03;2.429937e-02;5.551009e-02;1.637088e-01;4.629607e-02
2.146588e-02;1.841364e-02;2.274099e-01;1.875756e-01;1.079400e-01;3.114840e-02;2.501300e-02;7.608832e-03;1.270429e-02;2.715472e-02;2.357640e-01;9.780166e-02
1.994237e-02;1.109362e-02;1.547147e-01;1.469821e-01;1.311308e-01;2.652862e-02;1.856524e-02;9.417865e-03;1.156129e-02;1.411054e-02;3.084068e-01;1.475461e-01
1.333947e-02;1.262247e-02;1.474279e-01;1.059564e-01;9.579185e-02;1.869702e-02;2.090655e-02;5.489859e-03;7.260123e-03;2.804998e-02;4.065266e-01;1.379317e-01
1.115386e-02;2.740237e-02;2.262209e-01;8.915471e-02;4.428484e-02;1.225261e-02;1.178160e-02;9.192872e-03;2.315321e-02;9.175996e-02;3.744536e-01;7.918949e-02
5.341659e-02;9.140787e-02;2.909819e-01;4.481646e-02;1.775091e-02;8.046617e-03;1.278051e-02;2.067636e-02;6.058798e-02;1.410873e-01;2.290911e-01;2.935642e-02
1.634928e-01;1.937064e-01;2.641643e-01;1.894687e-02;8.857901e-03;5.676855e-03;1.120603e-02;5.155564e-02;6.944319e-02;1.092453e-01;9.273672e-02;1.096797e-02
2.804038e-01;2.619120e-01;1.709424e-01;2.032796e-02;1.459158e-02;8.395337e-03;3.817216e-02;8.157707e-02;2.200816e-02;4.307184e-02;2.962570e-02;2.897200e-02
2.678512e-01;2.157698e-01;9.091889e-02;4.675231e-02;1.824296e-02;3.255289e-02;1.047682e-01;7.226805e-02;2.252149e-02;1.055024e-02;4.720664e-02;7.059732e-02
1.232152e-01;1.107875e-01;1.221473e-01;8.155911e-02;2.611480e-02;1.023259e-01;1.441700e-01;2.562619e-02;2.535170e-02;2.541151e-02;1.165842e-01;9.670651e-02
5.404324e-02;9.220973e-02;1.600365e-01;7.610203e-02;6.711689e-02;1.505300e-01;7.948741e-02;3.174148e-02;2.686673e-02;7.788497e-02;1.321198e-01;5.186125e-02
3.128835e-02;1.747486e-01;1.099291e-01;7.904841e-02;1.485952e-01;1.292893e-01;1.567648e-02;2.702024e-02;3.897717e-02;1.546166e-01;6.560152e-02;2.520903e-02
6.929657e-03;2.362188e-01;3.287124e-02;7.680000e-02;2.126312e-01;5.942202e-02;3.388918e-02;2.081347e-02;4.304259e-02;2.260638e-01;3.871562e-02;1.260245e-02
6.178065e-02;2.602257e-01;1.373021e-02;5.007894e-02;1.917896e-01;2.526042e-02;8.010163e-03;2.230579e-02;2.738034e-02;2.677018e-01;5.419568e-02;1.754080e-02
1.282670e-01;2.299895e-01;1.857689e-02;3.274960e-02;1.259332e-01;2.771300e-02;2.462957e-02;2.609899e-02;3.193279e-02;2.966756e-01;4.488985e-02;1.254411e-02
1.006261e-01;1.372286e-01;1.476212e-02;1.960167e-02;7.654846e-02;5.176594e-02;2.631723e-02;3.452900e-02;9.970304e-02;3.158491e-01;1.013732e-01;2.169559e-02
5.543643e-02;5.753609e-02;3.513549e-02;1.259950e-02;6.155614e-02;6.346309e-02;4.582625e-02;5.317578e-02;1.706039e-01;2.833685e-01;1.406979e-01;2.060100e-02
4.668629e-02;3.054780e-02;6.071579e-02;2.882400e-02;6.242445e-02;7.999466e-02;4.432932e-02;4.946319e-02;1.665429e-01;1.888829e-01;2.207322e-01;2.085649e-02
4.597988e-02;5.247050e-02;9.276866e-02;3.758805e-02;4.669317e-02;1.027943e-01;3.822521e-02;3.037826e-02;7.483121e-02;1.343101e-01;3.104392e-01;3.352148e-02
2.038773e-02;6.763229e-02;5.470494e-02;3.150309e-02;8.988683e-02;1.015591e-01;4.568888e-02;4.156507e-02;5.669394e-02;1.802692e-01;2.768241e-01;3.328484e-02
1.754379e-02;6.296153e-02;6.855435e-02;7.087771e-02;9.951112e-02;7.962236e-02;6.971211e-02;3.671559e-02;8.127895e-02;2.117632e-01;1.777554e-01;2.370391e-02
3.920371e-02;5.195664e-02;1.348209e-01;9.370567e-02;5.643994e-02;5.958547e-02;1.961580e-01;4.335430e-02;5.786175e-02;1.773196e-01;7.085675e-02;1.873733e-02
