2.107076e-02;9.763150e-02;5.500532e-02;6.747513e-02;5.182344e-02;1.635341e-01;1.030920e-01;1.739349e-01;1.977790e-01;3.174509e-02;1.823672e-02;1.867208e-02
3.197064e-02;1.300759e-01;6.623197e-02;7.060407e-02;8.552675e-02;1.012146e-01;6.126738e-02;2.032122e-01;1.765565e-01;3.012514e-02;1.807838e-02;2.513655e-02
6.378135e-02;2.099451e-01;9.569947e-02;6.282929e-02;9.933534e-02;5.734141e-02;2.500116e-02;2.038656e-01;1.143502e-01;1.863563e-02;1.388070e-02;3.533474e-02
7.792791e-02;2.433695e-01;8.440480e-02;4.929727e-02;8.429680e-02;5.075550e-02;7.927638e-02;1.560030e-01;8.431730e-02;2.947210e-02;1.188651e-02;4.899288e-02
6.434732e-02;1.959128e-01;8.326428e-02;2.452082e-02;5.459458e-02;6.668702e-02;1.750137e-01;1.397571e-01;8.940351e-02;3.689618e-02;1.680271e-02;5.280008e-02
5.483690e-02;1.486314e-01;6.548467e-02;1.307733e-02;2.054491e-02;1.377719e-01;2.118448e-01;1.440973e-01;1.013441e-01;4.419680e-02;2.554825e-02;3.262160e-02
6.330430e-02;1.225209e-01;4.503265e-02;8.901925e-03;7.890868e-03;1.361720e-01;1.414803e-01;1.938026e-01;1.581284e-01;4.884450e-02;3.733807e-02;3.658348e-02
7.047775e-02;1.279700e-01;3.812170e-02;1.369240e-02;1.469978e-02;1.226849e-01;5.435628e-02;1.925763e-01;1.965180e-01;5.398560e-02;5.733993e-02;5.757735e-02
6.663559e-02;1.601831e-01;7.900532e-02;2.053592e-02;2.432319e-02;9.049903e-02;3.574863e-02;1.843690e-01;1.910091e-01;5.589398e-02;4.150701e-02;5.029001e-02
4.447038e-02;1.661401e-01;8.225395e-02;3.095006e-02;5.249249e-02;1.193044e-01;7.285365e-02;1.768784e-01;1.522551e-01;5.467546e-02;1.522301e-02;3.250293e-02
7.868309e-02;1.231882e-01;4.072635e-02;4.462950e-02;5.048529e-02;1.370654e-01;8.614894e-02;1.466722e-01;1.089606e-01;5.320609e-02;4.530401e-02;8.493038e-02
1.120678e-01;1.441538e-01;7.314169e-02;4.511632e-02;4.310843e-02;9.457736e-02;3.816286e-02;1.031890e-01;7.556045e-02;6.707522e-02;6.969209e-02;1.341550e-01
9.808780e-02;1.704295e-01;1.252001e-01;4.541693e-02;4.552157e-02;7.962222e-02;4.703646e-02;9.357884e-02;5.040079e-02;6.273840e-02;6.697776e-02;1.149896e-01
8.048113e-02;2.177266e-01;1.804969e-01;4.357968e-02;4.061225e-02;6.953976e-02;4.634981e-02;8.744060e-02;5.957738e-02;4.316568e-02;5.869202e-02;7.233809e-02
8.559498e-02;2.343839e-01;1.924613e-01;3.812815e-02;6.694677e-02;2.749297e-02;4.017234e-02;1.036794e-01;9.828498e-02;3.511874e-02;4.946017e-02;2.827630e-02
1.538783e-01;1.787673e-01;1.292886e-01;2.854685e-02;8.293249e-02;2.483991e-02;2.301768e-02;1.373737e-01;1.254704e-01;4.489981e-02;4.998410e-02;2.100085e-02
2.518823e-01;1.240022e-01;7.858358e-02;1.936690e-02;6.983545e-02;1.954811e-02;1.149382e-02;1.956491e-01;1.184437e-01;5.010758e-02;3.422401e-02;2.686327e-02
3.254526e-01;8.885301e-02;5.484648e-02;1.473603e-02;6.799927e-02;2.328146e-02;1.684117e-02;2.396731e-01;6.290573e-02;3.482143e-02;4.662856e-02;2.396120e-02
3.152243e-01;6.332716e-02;6.697685e-02;1.974565e-02;1.495315e-01;2.735446e-02;2.082720e-02;2.161462e-01;2.354764e-02;2.560522e-02;5.395647e-02;1.775728e-02
2.411780e-01;4.087225e-02;6.980073e-02;6.495027e-02;1.720525e-01;4.406913e-02;3.914368e-02;1.651455e-01;1.797116e-02;6.739337e-02;3.665717e-02;4.076622e-02
1.410775e-01;4.206060e-02;4.225302e-02;1.688019e-01;1.010484e-01;5.052111e-02;9.613480e-02;8.369895e-02;1.727255e-02;1.519474e-01;1.915512e-02;8.602858e-02
7.021850e-02;4.647555e-02;2.024418e-02;2.559577e-01;2.585663e-02;3.137935e-02;1.412147e-01;5.208763e-02;2.361649e-02;1.784668e-01;7.314601e-03;1.471679e-01
4.014228e-02;4.498560e-02;1.661700e-02;2.965043e-01;4.760183e-03;2.151421e-02;1.481952e-01;3.882265e-02;2.391335e-02;1.557225e-01;7.881408e-03;2.009414e-01
3.387350e-02;4.087627e-02;2.028086e-02;2.838141e-01;5.521775e-03;1.676147e-02;1.699360e-01;2.346472e-02;2.177336e-02;1.224407e-01;6.598044e-03;2.546592e-01
2.758906e-02;4.444601e-02;3.444379e-02;2.244966e-01;8.730730e-03;1.722282e-02;2.153697e-01;1.840123e-02;2.096731e-02;7.940084e-02;2.398406e-02;2.849478e-01
3.899369e-02;4.452728e-02;4.425031e-02;1.497752e-01;9.754450e-03;2.928717e-02;2.364166e-01;2.274622e-02;3.255852e-02;4.602482e-02;7.435280e-02;2.713130e-01
4.476752e-02;3.909853e-02;4.365332e-02;7.157083e-02;1.320455e-02;7.084844e-02;2.142165e-01;3.314660e-02;6.169403e-02;4.146589e-02;1.468388e-01;2.194950e-01
4.333378e-02;2.661396e-02;4.118265e-02;5.600995e-02;2.604455e-02;1.396499e-01;1.810103e-01;4.301406e-02;8.484984e-02;3.302914e-02;1.826167e-01;1.426452e-01
4.480070e-02;3.965876e-02;5.334914e-02;6.729355e-02;5.746735e-02;1.779800e-01;1.197450e-01;6.746948e-02;9.833501e-02;2.466455e-02;1.621044e-01;8.713199e-02
3.591941e-02;8.330643e-02;7.556958e-02;8.881357e-02;7.924056e-02;1.370355e-01;7.560878e-02;1.029250e-01;1.009924e-01;3.701480e-02;1.079554e-01;7.561859e-02
8.854234e-02;9.316403e-02;8.803914e-02;1.102230e-01;5.484376e-02;5.781919e-02;1.215718e-01;9.680100e-02;8.691705e-02;3.263649e-02;6.531753e-02;1.041246e-01
1.099683e-01;7.794522e-02;6.445896e-02;9.307092e-02;2.487345e-02;1.274405e-01;8.061920e-02;7.239893e-02;7.058940e-02;4.642129e-02;4.248140e-02;1.897324e-01
1.187919e-01;9.273184e-02;6.409048e-02;4.381077e-02;4.402730e-02;1.530609e-01;8.782123e-02;5.958074e-02;5.210167e-02;5.973057e-02;5.946917e-02;1.647835e-01
1.269183e-01;7.806093e-02;5.811468e-02;3.844002e-02;5.849491e-02;1.682465e-01;1.517096e-01;8.217408e-02;4.307338e-02;4.449960e-02;2.810520e-02;1.221628e-01
1.424130e-01;6.480649e-02;3.599248e-02;5.980602e-02;3.978802e-02;1.653903e-01;1.272680e-01;8.798602e-02;4.955555e-02;3.963032e-02;4.462662e-02;1.427372e-01
1.214851e-01;8.902822e-02;6.680455e-02;1.207081e-01;3.961223e-02;1.182622e-01;8.333129e-02;1.031761e-01;6.410495e-02;3.131653e-02;8.171501e-02;8.045574e-02
1.087804e-01;1.348432e-01;9.560831e-02;1.208799e-01;5.270262e-02;4.848675e-02;1.100295e-01;1.013585e-01;4.248715e-02;1.639294e-02;8.987371e-02;7.855704e-02
1.091554e-01;1.325685e-01;9.143939e-02;1.112380e-01;9.497891e-02;8.140643e-02;1.070973e-01;7.680271e-02;3.436197e-02;2.434464e-02;6.405881e-02;7.254797e-02
1.169253e-01;1.129341e-01;6.797565e-02;1.150385e-01;1.165177e-01;1.689892e-01;9.099241e-02;6.152258e-02;4.361007e-02;4.713098e-02;3.201320e-02;2.635035e-02
1.320122e-01;1.210781e-01;6.548274e-02;9.261306e-02;9.159915e-02;1.708763e-01;9.942403e-02;8.101548e-02;4.802531e-02;6.219979e-02;1.128818e-02;2.438570e-02
1.330837e-01;1.005635e-01;3.397553e-02;8.962187e-02;6.571603e-02;1.336002e-01;8.075956e-02;1.141346e-01;5.889237e-02;9.395730e-02;3.064717e-02;6.504823e-02
1.025845e-01;9.351417e-02;3.799147e-02;4.726147e-02;7.462209e-02;6.114257e-02;1.378935e-01;1.098680e-01;4.665547e-02;9.226325e-02;5.603689e-02;1.401667e-01
6.901752e-02;9.421206e-02;4.007033e-02;6.367762e-02;8.573504e-02;1.198249e-01;1.301500e-01;6.923246e-02;4.114082e-02;3.675444e-02;5.805459e-02;1.921302e-01
7.426147e-02;1.055812e-01;5.008200e-02;8.718544e-02;6.470989e-02;1.078792e-01;1.287037e-01;7.557844e-02;4.125700e-02;4.945475e-02;2.782073e-02;1.874861e-01
8.692893e-02;1.172565e-01;7.632352e-02;9.842656e-02;4.285082e-02;7.524290e-02;1.291899e-01;7.865513e-02;4.725001e-02;5.912958e-02;2.576949e-02;1.629766e-01
9.869271e-02;1.105850e-01;9.327672e-02;8.825213e-02;5.400660e-02;1.358099e-01;8.738630e-02;6.757931e-02;5.117553e-02;6.309440e-02;3.189170e-02;1.182496e-01
7.250769e-02;1.105506e-01;1.251495e-01;8.073404e-02;5.012207e-02;1.193695e-01;3.942883e-02;7.531942e-02;1.464167e-01;1.088938e-01;3.910208e-02;3.240583e-02
5.014569e-02;1.206494e-01;1.239049e-01;6.226045e-02;4.835542e-02;8.234431e-02;2.513037e-02;8.384819e-02;2.068389e-01;1.273179e-01;4.347734e-02;2.572708e-02
7.738467e-02;1.013333e-01;9.279891e-02;3.830247e-02;4.831859e-02;4.987643e-02;3.596931e-02;1.687355e-01;2.171607e-01;1.145563e-01;4.046587e-02;1.509797e-02
1.315797e-01;6.443516e-02;5.158428e-02;2.733737e-02;4.675769e-02;4.098954e-02;8.793253e-02;2.723919e-01;1.422499e-01;5.870800e-02;5.146476e-02;2.456904e-02
1.428969e-01;4.596401e-02;3.325796e-02;5.754672e-02;2.524366e-02;4.886859e-02;1.811873e-01;2.339511e-01;7.549249e-02;3.215552e-02;2.979179e-02;9.364397e-02
9.270961e-02;5.202708e-02;5.271202e-02;9.598795e-02;1.907953e-02;7.046241e-02;2.482658e-01;9.643079e-02;4.624826e-02;2.698872e-02;3.797851e-02;1.611092e-01
6.083744e-02;1.089515e-01;1.132954e-01;8.433922e-02;2.266592e-02;5.265992e-02;2.342823e-01;5.488556e-02;4.067566e-02;2.410087e-02;5.168582e-02;1.516204e-01
1.115370e-01;2.038722e-01;1.540173e-01;3.496212e-02;2.307013e-02;4.420742e-02;1.317468e-01;9.751086e-02;6.195617e-02;3.811782e-02;3.162153e-02;6.738073e-02
1.175102e-01;2.357804e-01;1.441179e-01;2.528253e-02;3.615119e-02;5.706790e-02;8.201893e-02;9.123807e-02;7.621225e-02;4.683168e-02;3.981256e-02;4.797639e-02
9.382643e-02;2.446645e-01;1.459931e-01;3.318846e-02;4.238506e-02;3.319864e-02;9.066541e-02;1.020623e-01;5.304446e-02;4.931803e-02;4.460444e-02;6.704917e-02
7.018374e-02;2.622347e-01;1.306475e-01;2.215540e-02;2.899395e-02;4.622144e-02;1.137408e-01;9.701730e-02;7.782043e-02;5.022886e-02;3.557258e-02;6.518331e-02
6.524400e-02;3.259064e-01;1.562984e-01;1.957550e-02;3.205677e-02;4.279592e-02;9.414211e-02;5.809889e-02;1.040351e-01;2.582181e-02;2.870115e-02;4.732395e-02
5.241350e-02;3.191690e-01;1.982631e-01;1.814441e-02;1.855301e-02;3.580953e-02;5.971405e-02;9.023222e-02;1.046409e-01;4.182959e-02;1.569892e-02;4.553165e-02
3.222268e-02;2.908462e-01;2.717395e-01;2.328261e-02;1.283666e-02;2.916181e-02;3.771293e-02;6.636260e-02;9.514632e-02;8.878030e-02;1.017604e-02;4.173227e-02
1.428189e-02;2.103028e-01;3.682935e-01;4.640991e-02;1.163586e-02;2.044898e-02;2.201023e-02;4.432507e-02;7.448454e-02;1.439866e-01;2.256576e-02;2.125489e-02
2.075968e-02;1.425862e-01;3.810135e-01;1.018954e-01;2.378990e-02;3.094922e-02;1.816064e-02;3.068964e-02;4.493091e-02;1.328534e-01;6.167625e-02;1.069527e-02
2.600660e-02;9.275361e-02;2.839216e-01;1.896062e-01;6.167458e-02;5.319110e-02;2.026332e-02;3.125587e-02;1.721361e-02;6.059130e-02;1.433480e-01;2.017421e-02
1.795012e-02;5.811065e-02;1.686350e-01;2.690218e-01;1.003754e-01;4.754409e-02;1.792639e-02;2.589395e-02;1.868720e-02;1.242750e-02;2.335430e-01;2.988492e-02
8.200228e-03;3.367037e-02;8.398103e-02;2.978483e-01;1.142764e-01;3.671762e-02;9.897382e-03;2.774750e-02;1.973945e-02;2.091920e-02;3.081574e-01;3.884505e-02
7.564226e-03;4.113754e-02;1.901986e-01;2.455794e-01;8.680885e-02;3.535482e-02;9.697990e-03;1.702313e-02;1.844996e-02;4.640631e-02;2.760318e-01;2.574749e-02
7.942656e-03;8.918015e-02;3.098661e-01;1.524152e-01;4.797398e-02;1.620370e-02;1.471261e-02;1.457661e-02;1.561665e-02;1.533452e-01;1.599291e-01;1.823805e-02
8.150985e-03;1.628612e-01;3.940272e-01;5.409732e-02;2.982804e-02;1.188523e-02;1.319504e-02;2.156407e-02;2.536139e-02;2.063249e-01;6.172304e-02;1.098158e-02
1.233688e-02;2.558489e-01;3.763554e-01;2.892060e-02;1.693793e-02;2.392064e-02;1.391200e-02;2.012664e-02;4.365370e-02;1.705358e-01;2.933098e-02;8.120423e-03
2.604086e-02;3.773073e-01;2.905731e-01;3.568280e-02;5.584095e-03;4.081194e-02;1.287346e-02;2.129292e-02;6.334162e-02;9.598538e-02;2.319808e-02;7.308410e-03
3.261589e-02;4.625154e-01;2.019422e-01;4.268887e-02;1.480605e-02;5.924991e-02;8.882735e-03;1.610514e-02;8.344931e-02;4.072718e-02;2.978930e-02;7.228009e-03
5.482703e-02;4.473057e-01;1.212267e-01;6.287706e-02;2.668176e-02;6.272300e-02;2.184454e-02;2.271252e-02;8.595101e-02;2.930529e-02;4.331470e-02;2.123065e-02
6.205287e-02;3.001749e-01;2.581708e-01;5.396158e-02;4.854186e-02;3.754508e-02;1.815768e-02;5.780284e-02;4.354090e-02;4.959395e-02;4.204684e-02;2.841064e-02
9.446926e-02;1.005673e-01;3.289637e-01;4.430031e-02;9.193856e-02;3.178630e-02;3.795565e-02;1.055843e-01;3.373670e-02;4.250553e-02;5.310072e-02;3.509171e-02
9.171730e-02;1.871873e-01;2.694137e-01;7.394048e-02;8.643351e-02;3.302852e-02;2.450066e-02;7.731616e-02;2.434722e-02;3.555598e-02;5.323171e-02;4.332747e-02
6.069384e-02;2.145037e-01;1.942924e-01;1.349156e-01;7.023181e-02;3.236847e-02;5.735240e-02;2.647846e-02;3.789427e-02;8.847833e-02;2.860928e-02;5.418133e-02
5.578345e-02;1.384714e-01;1.249869e-01;1.883703e-01;6.077291e-02;4.480119e-02;1.240124e-01;3.556202e-02;5.187492e-02;9.041965e-02;3.751999e-02;4.742502e-02
6.269388e-02;1.206182e-01;7.202385e-02;1.342629e-01;4.712778e-02;5.697542e-02;1.954735e-01;1.362327e-01;4.985465e-02;4.489601e-02;4.082736e-02;3.901379e-02
5.083054e-02;1.018918e-01;6.011971e-02;7.285600e-02;3.107159e-02;5.431782e-02;2.257065e-01;2.311875e-01;4.508398e-02;5.315112e-02;3.460853e-02;3.917487e-02
4.360852e-02;4.860597e-02;4.695289e-02;5.265753e-02;2.513328e-02;4.168500e-02;2.664649e-01;3.061602e-01;4.090270e-02;6.241351e-02;3.073153e-02;3.468409e-02
4.603593e-02;5.358433e-02;6.312252e-02;4.746446e-02;2.307406e-02;4.819663e-02;2.613893e-01;3.022090e-01;3.513360e-02;6.469686e-02;2.145503e-02;3.363831e-02
4.734131e-02;5.453798e-02;5.973098e-02;2.898404e-02;1.543887e-02;6.171132e-02;2.546299e-01;3.062432e-01;3.224903e-02;7.805085e-02;2.252935e-02;3.855317e-02
5.465046e-02;6.392574e-02;4.385814e-02;2.323840e-02;1.134757e-02;7.116535e-02;2.550390e-01;2.899144e-01;2.456327e-02;9.341564e-02;2.474775e-02;4.413436e-02
4.924551e-02;8.041470e-02;5.704331e-02;4.581508e-02;1.144635e-02;6.452987e-02;2.769594e-01;2.310320e-01;1.842969e-02;9.997553e-02;1.815506e-02;4.695343e-02
3.953727e-02;6.809184e-02;3.206433e-02;6.591884e-02;1.815194e-02;5.122854e-02;3.384179e-01;1.803193e-01;1.603327e-02;1.092985e-01;1.385833e-02;6.707990e-02
3.793333e-02;9.392888e-02;6.286668e-02;6.898376e-02;1.180171e-02;3.859586e-02;3.505305e-01;1.247442e-01;2.020477e-02;9.901970e-02;1.256900e-02;7.882157e-02
2.958134e-02;9.923816e-02;6.538574e-02;7.750357e-02;9.233526e-03;3.161476e-02;3.687750e-01;9.445798e-02;2.326641e-02;8.853880e-02;1.800701e-02;9.439772e-02
3.005232e-02;9.460687e-02;5.587291e-02;7.699854e-02;1.697438e-02;5.183313e-02;3.475845e-01;8.254454e-02;3.103170e-02;7.689839e-02;3.777038e-02;9.783230e-02
2.802490e-02;9.405150e-02;6.242264e-02;6.869050e-02;2.097096e-02;1.112177e-01;2.765397e-01;9.717257e-02;5.773176e-02;5.377251e-02;4.619311e-02;8.321220e-02
2.790737e-02;7.706793e-02;6.678735e-02;4.021483e-02;2.991101e-02;1.456478e-01;2.149273e-01;1.312951e-01;9.981152e-02;4.972105e-02;6.041629e-02;5.629237e-02
3.132026e-02;5.988154e-02;1.420165e-01;5.018167e-02;3.044082e-02;9.720774e-02;1.850554e-01;1.392113e-01;9.272458e-02;7.669052e-02;5.729108e-02;3.797866e-02
3.144000e-02;1.115119e-01;1.957726e-01;5.651138e-02;2.392709e-02;7.743107e-02;1.745516e-01;1.022505e-01;5.920271e-02;7.032120e-02;5.606245e-02;4.101738e-02
3.929237e-02;1.763550e-01;1.760728e-01;5.180077e-02;2.597615e-02;9.365226e-02;1.632614e-01;5.279384e-02;6.260552e-02;5.311709e-02;5.650497e-02;4.856777e-02
4.898773e-02;1.633543e-01;1.698194e-01;5.040959e-02;2.116014e-02;1.329626e-01;1.075892e-01;7.959938e-02;6.746388e-02;5.301546e-02;5.726563e-02;4.837268e-02
5.228803e-02;1.287355e-01;9.996302e-02;4.479393e-02;1.431008e-02;1.861431e-01;1.439510e-01;1.117627e-01;6.351466e-02;7.471332e-02;4.311667e-02;3.670795e-02
5.180562e-02;1.126270e-01;8.594349e-02;4.568358e-02;3.344284e-02;2.401018e-01;1.552023e-01;9.284546e-02;5.310821e-02;7.932110e-02;2.233556e-02;2.758299e-02
3.886828e-02;1.017320e-01;8.364722e-02;4.702200e-02;6.123587e-02;2.712205e-01;1.233580e-01;1.005294e-01;6.396306e-02;5.568792e-02;3.714872e-02;1.558698e-02
2.691880e-02;9.428169e-02;1.027032e-01;4.723873e-02;6.424551e-02;2.633415e-01;1.404442e-01;1.078219e-01;6.770426e-02;2.721741e-02;3.497678e-02;2.310601e-02
2.624614e-02;1.119182e-01;1.288774e-01;3.772273e-02;9.546919e-02;2.539445e-01;1.135806e-01;9.536063e-02;4.861612e-02;3.957126e-02;2.521886e-02;2.347437e-02
1.778435e-02;1.286244e-01;1.226631e-01;4.519689e-02;1.085320e-01;2.275933e-01;9.694663e-02;1.056853e-01;4.822881e-02;4.769364e-02;2.953755e-02;2.151404e-02
2.277587e-02;1.167793e-01;9.221318e-02;5.560936e-02;1.211854e-01;2.140163e-01;7.430772e-02;1.269795e-01;7.283615e-02;5.566444e-02;2.615514e-02;2.147763e-02
3.368588e-02;1.372524e-01;1.211816e-01;3.519627e-02;1.040554e-01;1.553170e-01;7.346550e-02;1.369212e-01;8.524983e-02;5.291802e-02;4.278811e-02;2.196866e-02
2.976794e-02;1.042103e-01;9.163535e-02;5.309429e-02;1.225859e-01;1.776417e-01;5.609740e-02;1.289112e-01;8.912104e-02;6.403356e-02;5.207209e-02;3.082915e-02
3.691638e-02;8.943456e-02;9.555314e-02;6.449890e-02;1.032128e-01;1.682287e-01;8.273755e-02;9.199298e-02;9.679669e-02;9.843018e-02;4.422303e-02;2.797499e-02
5.933590e-02;9.625164e-02;1.036836e-01;6.660584e-02;5.799409e-02;1.088824e-01;5.826177e-02;1.138702e-01;1.493602e-01;1.218569e-01;4.068834e-02;2.320927e-02
8.346352e-02;5.037558e-02;6.601692e-02;8.543131e-02;6.417200e-02;6.641100e-02;8.248201e-02;7.934430e-02;2.155418e-01;1.379550e-01;4.473957e-02;2.406700e-02
1.008319e-01;4.044213e-02;4.086554e-02;9.718664e-02;5.216044e-02;7.669599e-02;8.531484e-02;5.365642e-02;2.508399e-01;1.377655e-01;4.072605e-02;2.351470e-02
1.100945e-01;5.370447e-02;4.557986e-02;1.083224e-01;9.927539e-03;8.205433e-02;5.463769e-02;5.977881e-02;3.025281e-01;7.452119e-02;7.636888e-02;2.248234e-02
1.156875e-01;5.573847e-02;3.930845e-02;1.214604e-01;3.908515e-02;7.870758e-02;4.628851e-02;4.554996e-02;3.132998e-01;4.297028e-02;9.195375e-02;9.950217e-03
1.146090e-01;6.594910e-02;5.396874e-02;1.226955e-01;1.985740e-02;7.372167e-02;3.612547e-02;8.036307e-02;2.733341e-01;5.333754e-02;7.006922e-02;3.596915e-02
8.232383e-02;8.535250e-02;4.840458e-02;1.073194e-01;7.512245e-02;6.781977e-02;5.920517e-02;7.797211e-02;2.261418e-01;9.026070e-02;3.311782e-02;4.695998e-02
6.223955e-02;1.069992e-01;9.254318e-02;1.048144e-01;8.554666e-02;7.878333e-02;4.905863e-02;7.960588e-02;1.582873e-01;1.170840e-01;2.146053e-02;4.357748e-02
6.388566e-02;1.482894e-01;1.344282e-01;1.220453e-01;3.755440e-02;8.466323e-02;6.436425e-02;1.094805e-01;8.260743e-02;8.219292e-02;3.225185e-02;3.823680e-02
6.134772e-02;1.789163e-01;1.027353e-01;1.047015e-01;6.307048e-02;8.927602e-02;8.096328e-02;7.944515e-02;1.095427e-01;5.582544e-02;4.274001e-02;3.143611e-02
5.794729e-02;1.636650e-01;1.297359e-01;7.437083e-02;3.228867e-02;9.006255e-02;1.021603e-01;4.727543e-02;1.232196e-01;6.395025e-02;6.627317e-02;4.905096e-02
8.093494e-02;1.114904e-01;1.214221e-01;7.199781e-02;2.121283e-02;8.880348e-02;1.274421e-01;8.692426e-02;1.297536e-01;4.031481e-02;6.506423e-02;5.463939e-02
9.249097e-02;1.116077e-01;7.640421e-02;8.273188e-02;2.899626e-02;8.646908e-02;1.463303e-01;1.117288e-01;1.313612e-01;5.226643e-02;4.302783e-02;3.658543e-02
7.848147e-02;1.143008e-01;1.086072e-01;9.900219e-02;3.791395e-02;5.356433e-02;1.218820e-01;9.793643e-02;1.655197e-01;4.607876e-02;3.897205e-02;3.774116e-02
5.109189e-02;6.963987e-02;8.375910e-02;1.127586e-01;5.933288e-02;1.154667e-01;4.854910e-02;1.089202e-01;1.823763e-01;7.973720e-02;3.726773e-02;5.110045e-02
2.504057e-02;6.133934e-02;8.763474e-02;1.094136e-01;1.151657e-01;1.150679e-01;6.198519e-02;1.055325e-01;1.434267e-01;8.412591e-02;5.750757e-02;3.376026e-02
3.820388e-02;4.617431e-02;1.162004e-01;1.154683e-01;9.191459e-02;8.033950e-02;1.098388e-01;1.335259e-01;1.207594e-01;5.570296e-02;6.468565e-02;2.718633e-02
4.218249e-02;7.798608e-02;1.277848e-01;9.745915e-02;4.094774e-02;7.644295e-02;1.383678e-01;1.337169e-01;1.206456e-01;8.146000e-02;3.176694e-02;3.123970e-02
5.589091e-02;4.833179e-02;7.543534e-02;8.498554e-02;5.021354e-02;1.008656e-01;1.086525e-01;1.206129e-01;1.755800e-01;1.205191e-01;2.410222e-02;3.481055e-02
8.614643e-02;9.426895e-02;1.298855e-01;8.045723e-02;4.541590e-02;6.277397e-02;3.835957e-02;1.130571e-01;1.508716e-01;1.162625e-01;4.255420e-02;3.994700e-02
7.371400e-02;1.213202e-01;1.512260e-01;4.540472e-02;6.592575e-02;1.469744e-01;4.557173e-02;8.947178e-02;9.040409e-02;8.025627e-02;4.787045e-02;4.186066e-02
5.377412e-02;8.517216e-02;8.339173e-02;6.188410e-02;9.313807e-02;1.932457e-01;8.993672e-02;9.903955e-02;9.038067e-02;5.694148e-02;5.112846e-02;4.196721e-02
3.922718e-02;5.313948e-02;5.447528e-02;1.068453e-01;1.444936e-01;1.294533e-01;7.453596e-02;1.178037e-01;1.457208e-01;7.412612e-02;3.246683e-02;2.771237e-02
3.470431e-02;1.954448e-02;5.764233e-02;1.306253e-01;1.418874e-01;8.588986e-02;6.913393e-02;1.355319e-01;2.124085e-01;8.114328e-02;1.776435e-02;1.372431e-02
2.910857e-02;3.941789e-02;5.717253e-02;1.597542e-01;8.760695e-02;6.385784e-02;6.960859e-02;1.658036e-01;2.298267e-01;6.403614e-02;2.121409e-02;1.259288e-02
2.569515e-02;4.074649e-02;1.125290e-01;1.398830e-01;1.083118e-01;7.377496e-02;4.896611e-02;1.766091e-01;2.013560e-01;4.528965e-02;1.694264e-02;9.896192e-03
1.955477e-02;4.527406e-02;1.475745e-01;8.007426e-02;1.115898e-01;9.358870e-02;6.397924e-02;2.187034e-01;1.555448e-01;2.960277e-02;1.955101e-02;1.496264e-02
1.279427e-02;7.132835e-02;1.782707e-01;4.754002e-02;7.832067e-02;8.511024e-02;7.213053e-02;2.390218e-01;1.230467e-01;3.803775e-02;2.323994e-02;3.115904e-02
1.810126e-02;4.136945e-02;2.104365e-01;4.157950e-02;8.312793e-02;5.757504e-02;5.988007e-02;2.514761e-01;1.316299e-01;5.164182e-02;1.885397e-02;3.432842e-02
2.709388e-02;8.393051e-02;2.490748e-01;6.149936e-02;6.555941e-02;4.999371e-02;3.707721e-02;2.347161e-01;1.018444e-01;5.165276e-02;1.618603e-02;2.137183e-02
2.715383e-02;1.136347e-01;2.836060e-01;6.846888e-02;3.043641e-02;4.685340e-02;3.046533e-02;2.367330e-01;9.391729e-02;4.128661e-02;9.284587e-03;1.815988e-02
3.052219e-02;1.429020e-01;2.674790e-01;7.770412e-02;3.140822e-02;5.716280e-02;2.953824e-02;2.291515e-01;8.131248e-02;2.909928e-02;4.182803e-03;1.953746e-02
3.300101e-02;1.678236e-01;2.427882e-01;7.984442e-02;1.647301e-02;8.729684e-02;3.705278e-02;2.101820e-01;8.490729e-02;1.808230e-02;4.333763e-03;1.821485e-02
3.216229e-02;1.580304e-01;2.220983e-01;5.524044e-02;2.017082e-02;1.070197e-01;5.479449e-02;2.063408e-01;9.801809e-02;2.276648e-02;8.564502e-03;1.479368e-02
4.044207e-02;5.839085e-02;1.861340e-01;5.339606e-02;3.555378e-02;1.001455e-01;7.988410e-02;2.093784e-01;1.399419e-01;4.113169e-02;2.613313e-02;2.946848e-02
4.638094e-02;1.038145e-01;5.473370e-02;1.083347e-01;7.376601e-02;7.380954e-02;8.600667e-02;1.843947e-01;1.393559e-01;4.708516e-02;3.979316e-02;4.252502e-02
5.902781e-02;9.664579e-02;1.303585e-01;9.932455e-02;4.906663e-02;5.679617e-02;7.148507e-02;2.133119e-01;1.291513e-01;2.447504e-02;2.714504e-02;4.321213e-02
5.641255e-02;7.695486e-02;1.488711e-01;9.816275e-02;2.542787e-02;5.717423e-02;5.622195e-02;2.483939e-01;1.185548e-01;3.027146e-02;2.886794e-02;5.468658e-02
5.396205e-02;5.261177e-02;1.205030e-01;1.309957e-01;5.309673e-02;5.643737e-02;4.019021e-02;2.137325e-01;1.480348e-01;4.301347e-02;3.854708e-02;4.887536e-02
6.784064e-02;5.068657e-02;1.242517e-01;1.554796e-01;8.493611e-02;3.586986e-02;3.514904e-02;1.533504e-01;1.727777e-01;5.308977e-02;4.525310e-02;2.131555e-02
6.992678e-02;5.156644e-02;1.086414e-01;1.391267e-01;1.029286e-01;4.461637e-02;3.704077e-02;1.119016e-01;1.657013e-01;1.016864e-01;4.942448e-02;1.743916e-02
5.377141e-02;5.747494e-02;5.736725e-02;1.015249e-01;1.090354e-01;5.192718e-02;4.830842e-02;1.550511e-01;1.790326e-01;1.114247e-01;4.875463e-02;2.632740e-02
4.815840e-02;5.240792e-02;7.473967e-02;1.021528e-01;7.038327e-02;4.088645e-02;5.656428e-02;2.131673e-01;2.043039e-01;7.362490e-02;3.055215e-02;3.305907e-02
4.714036e-02;5.274315e-02;8.006923e-02;1.091245e-01;5.364794e-02;2.305597e-02;5.242500e-02;2.465226e-01;1.810059e-01;7.282436e-02;4.079034e-02;4.065066e-02
