5.077301e-02;9.872753e-02;1.124494e-01;8.048610e-02;4.949699e-02;1.124818e-01;1.041354e-01;1.426673e-01;9.672401e-02;7.240596e-02;5.462298e-02;2.502955e-02
6.266391e-02;1.039335e-01;9.546611e-02;7.768905e-02;2.771965e-02;1.109954e-01;9.329536e-02;1.203305e-01;1.200279e-01;9.380181e-02;6.497286e-02;2.910399e-02
4.896020e-02;1.540669e-01;7.814193e-02;5.654658e-02;1.627062e-02;1.094145e-01;5.377307e-02;8.151419e-02;1.771495e-01;1.138632e-01;8.090723e-02;2.939214e-02
5.514986e-02;1.971474e-01;2.634506e-02;3.872084e-02;3.412021e-02;9.506145e-02;4.250067e-02;1.163056e-01;1.983019e-01;8.207360e-02;9.197246e-02;2.230090e-02
1.164398e-01;2.018601e-01;4.897519e-02;2.395892e-02;4.830786e-02;4.821223e-02;3.857559e-02;1.609316e-01;1.685002e-01;3.186490e-02;1.019959e-01;1.037778e-02
2.204873e-01;1.485885e-01;3.232409e-02;1.479618e-02;6.175179e-02;1.454603e-02;4.338603e-02;2.086403e-01;1.129601e-01;1.819952e-02;1.014104e-01;2.290964e-02
2.729263e-01;7.338413e-02;2.110144e-02;2.119567e-02;7.281272e-02;1.807247e-02;6.029298e-02;2.876923e-01;6.357863e-02;1.278577e-02;6.256865e-02;3.358890e-02
2.495593e-01;3.944110e-02;2.155545e-02;2.800251e-02;7.155278e-02;3.392684e-02;7.740911e-02;3.465162e-01;4.647731e-02;2.097948e-02;2.835379e-02;3.622613e-02
2.245075e-01;3.989604e-02;3.608378e-02;1.544905e-02;9.716415e-02;2.775771e-02;3.882406e-02;3.848847e-01;5.623809e-02;2.725795e-02;2.106675e-02;3.087026e-02
2.874230e-01;3.556274e-02;3.677239e-02;1.711381e-02;1.014798e-01;1.628085e-02;2.640961e-02;3.699288e-01;3.837149e-02;2.093289e-02;1.542902e-02;3.429554e-02
3.387601e-01;3.101467e-02;3.266902e-02;1.010657e-02;7.455523e-02;1.385914e-02;3.161617e-02;3.698246e-01;2.159641e-02;1.261964e-02;3.271352e-02;3.066496e-02
3.409901e-01;3.022966e-02;3.733234e-02;6.727448e-03;6.338158e-02;7.767599e-03;1.776021e-02;3.719963e-01;2.180342e-02;8.174567e-03;7.615147e-02;1.768527e-02
3.007638e-01;2.863269e-02;3.452453e-02;6.946492e-03;6.138802e-02;8.513743e-03;3.897393e-02;3.490030e-01;1.568908e-02;1.262255e-02;1.025580e-01;4.038414e-02
2.403630e-01;2.408092e-02;2.820189e-02;1.532809e-02;5.559111e-02;1.170405e-02;1.052937e-01;3.225474e-01;1.773364e-02;9.546105e-03;9.282969e-02;7.678033e-02
1.720749e-01;2.416319e-02;3.297697e-02;2.393364e-02;4.294709e-02;4.420662e-02;2.111628e-01;2.846394e-01;2.219784e-02;2.250295e-02;4.626007e-02;7.293447e-02
1.234563e-01;4.446019e-02;4.609212e-02;2.364631e-02;4.790610e-02;8.277883e-02;2.509170e-01;2.349656e-01;2.184658e-02;3.963618e-02;3.592937e-02;4.836535e-02
1.409264e-01;5.885329e-02;6.283782e-02;2.085356e-02;6.320964e-02;7.602650e-02;2.036604e-01;2.160244e-01;3.610963e-02;3.502719e-02;5.437693e-02;3.209423e-02
2.030555e-01;1.056432e-01;8.036897e-02;1.952739e-02;6.582511e-02;2.195014e-02;1.001522e-01;2.367788e-01;5.228586e-02;2.641360e-02;5.629585e-02;3.170335e-02
1.817372e-01;1.558497e-01;6.218670e-02;1.674604e-02;4.470564e-02;5.567883e-02;7.805968e-02;2.454042e-01;4.619877e-02;4.437994e-02;4.410447e-02;2.494880e-02
1.648106e-01;1.835932e-01;7.031373e-02;1.487801e-02;2.626677e-02;6.627695e-02;9.449020e-02;2.416243e-01;4.726588e-02;4.270700e-02;2.756506e-02;2.020828e-02
1.646025e-01;1.774823e-01;9.212694e-02;2.057330e-02;1.868005e-02;8.009999e-02;9.334780e-02;2.387483e-01;2.917843e-02;2.999049e-02;1.778229e-02;3.738758e-02
1.526803e-01;1.416382e-01;8.166582e-02;1.549403e-02;2.789375e-02;8.759824e-02;7.888614e-02;2.902530e-01;3.004739e-02;2.752804e-02;1.057403e-02;5.574107e-02
1.047129e-01;9.235017e-02;6.318472e-02;1.229583e-02;2.290074e-02;8.067770e-02;1.354985e-01;3.303705e-01;3.805500e-02;2.611751e-02;3.040752e-02;6.342883e-02
1.542036e-01;8.500979e-02;5.696702e-02;1.836999e-02;3.597371e-02;5.229762e-02;1.137447e-01;3.127614e-01;3.401066e-02;2.914663e-02;4.649898e-02;6.101599e-02
2.095318e-01;1.011992e-01;6.086648e-02;2.982543e-02;4.875220e-02;3.640481e-02;7.169640e-02;2.686156e-01;3.802380e-02;4.225664e-02;4.450013e-02;4.832754e-02
2.004346e-01;9.406742e-02;7.030886e-02;3.149955e-02;5.541073e-02;6.478941e-02;1.126962e-01;2.214857e-01;4.223912e-02;4.151468e-02;2.644564e-02;3.910815e-02
2.042897e-01;6.129749e-02;4.326976e-02;2.370898e-02;6.612398e-02;9.011866e-02;1.604300e-01;2.029121e-01;4.443653e-02;4.462124e-02;2.278250e-02;3.600916e-02
2.227271e-01;1.162713e-01;5.074069e-02;1.610583e-02;7.215777e-02;6.950085e-02;9.685326e-02;1.980376e-01;3.397539e-02;4.655739e-02;2.248108e-02;5.459168e-02
2.508633e-01;1.354011e-01;3.652790e-02;3.057370e-02;6.788192e-02;5.348852e-02;8.334268e-02;1.758536e-01;3.811033e-02;3.671517e-02;2.336528e-02;6.787653e-02
2.719184e-01;1.529486e-01;5.586377e-02;4.132281e-02;6.808000e-02;7.740206e-02;4.886014e-02;1.320273e-01;4.466303e-02;3.741867e-02;1.831621e-02;5.117905e-02
2.460794e-01;2.075105e-01;1.111942e-01;2.788813e-02;6.596897e-02;7.138882e-02;3.155614e-02;1.143823e-01;4.057377e-02;3.200242e-02;2.296793e-02;2.848750e-02
1.538091e-01;2.662317e-01;1.822976e-01;3.160869e-02;4.317969e-02;3.636219e-02;5.122483e-02;1.110022e-01;4.328473e-02;2.603116e-02;2.609757e-02;2.887051e-02
1.338790e-01;3.051977e-01;2.348750e-01;5.068279e-02;2.302019e-02;3.919874e-02;2.371670e-02;9.054963e-02;3.910401e-02;1.854001e-02;1.542342e-02;2.581283e-02
1.581238e-01;2.716060e-01;2.178504e-01;5.185657e-02;3.888001e-02;7.041902e-02;2.312657e-02;8.189290e-02;3.180227e-02;1.761207e-02;8.433596e-03;2.839682e-02
1.936484e-01;1.853877e-01;1.138070e-01;3.655076e-02;5.675493e-02;9.787075e-02;6.703249e-02;1.271077e-01;3.426084e-02;1.727794e-02;2.153658e-02;4.876479e-02
1.748945e-01;2.472424e-01;1.607963e-01;2.074085e-02;3.772495e-02;4.408686e-02;6.303920e-02;1.525520e-01;3.141716e-02;7.834793e-03;1.857492e-02;4.109612e-02
1.520920e-01;3.258577e-01;1.926970e-01;1.153114e-02;2.909464e-02;3.830151e-02;4.736684e-02;1.252251e-01;2.121119e-02;9.746320e-03;1.524401e-02;3.163259e-02
1.466961e-01;3.633953e-01;2.009754e-01;9.798401e-03;3.126016e-02;4.497433e-02;5.991173e-02;7.661618e-02;1.761687e-02;7.394419e-03;2.080995e-02;2.055111e-02
1.640482e-01;3.506958e-01;2.135653e-01;1.416508e-02;2.689330e-02;4.247582e-02;5.135245e-02;5.132168e-02;3.063240e-02;8.978980e-03;3.121087e-02;1.466024e-02
1.915722e-01;3.199902e-01;1.930937e-01;1.451548e-02;2.580964e-02;3.692280e-02;4.191105e-02;7.589881e-02;3.360111e-02;1.524162e-02;2.669694e-02;2.474648e-02
2.079975e-01;2.885531e-01;1.599182e-01;1.337314e-02;2.074666e-02;3.675522e-02;5.031490e-02;1.178563e-01;3.823509e-02;1.859348e-02;2.326561e-02;2.439083e-02
1.895285e-01;2.768236e-01;1.770947e-01;9.738327e-03;1.737501e-02;3.835480e-02;7.521304e-02;1.230281e-01;3.421191e-02;1.490609e-02;2.547764e-02;1.824825e-02
1.384418e-01;3.003011e-01;2.219720e-01;1.469043e-02;1.904872e-02;3.967224e-02;6.127542e-02;1.032487e-01;5.441137e-02;7.791388e-03;1.443583e-02;2.471096e-02
9.710199e-02;3.319792e-01;2.327688e-01;1.989459e-02;1.951466e-02;6.274501e-02;4.474264e-02;7.449805e-02;7.541738e-02;8.702714e-03;1.487597e-02;1.775898e-02
6.337075e-02;2.392252e-01;2.194232e-01;3.685328e-02;4.094663e-02;1.128535e-01;3.295011e-02;4.161071e-02;1.123492e-01;4.483800e-02;3.698843e-02;1.859093e-02
3.228990e-02;1.277094e-01;1.358339e-01;3.322192e-02;8.817129e-02;1.167730e-01;4.379605e-02;9.219318e-02;1.571790e-01;7.552661e-02;7.792203e-02;1.938368e-02
5.004568e-02;8.223861e-02;7.097544e-02;2.692019e-02;1.415575e-01;8.093081e-02;3.273660e-02;1.715151e-01;1.605562e-01;6.772772e-02;9.762891e-02;1.716723e-02
1.155306e-01;4.231915e-02;4.668429e-02;2.091203e-02;1.935456e-01;3.083764e-02;2.679046e-02;3.043096e-01;8.906248e-02;3.770014e-02;8.738241e-02;4.925629e-03
1.681137e-01;1.999186e-02;5.152089e-02;9.325912e-03;1.987745e-01;2.373146e-02;2.143349e-02;4.044050e-01;1.976096e-02;1.233260e-02;6.159256e-02;9.017074e-03
1.824369e-01;3.984305e-02;6.482162e-02;1.076906e-02;1.593518e-01;2.567324e-02;1.873829e-02;4.201681e-01;1.633763e-02;1.252749e-02;4.086037e-02;8.472420e-03
1.877758e-01;5.923817e-02;7.650003e-02;1.425408e-02;1.364105e-01;3.024612e-02;1.980397e-02;4.017511e-01;1.931310e-02;1.843999e-02;2.222297e-02;1.404421e-02
1.964198e-01;6.184753e-02;7.173048e-02;3.184494e-02;1.060150e-01;4.451495e-02;4.966484e-02;3.271021e-01;3.014692e-02;4.860766e-02;1.558053e-02;1.652523e-02
2.064833e-01;5.250885e-02;5.061910e-02;4.983832e-02;7.576094e-02;5.591225e-02;6.028751e-02;2.650477e-01;3.805042e-02;9.040793e-02;8.982522e-03;4.610113e-02
2.100593e-01;2.973616e-02;4.096253e-02;4.627888e-02;5.691874e-02;5.557334e-02;5.925855e-02;3.078783e-01;3.899742e-02;8.921982e-02;1.152684e-02;5.359013e-02
2.252739e-01;2.443850e-02;4.827666e-02;2.488962e-02;1.113975e-01;3.544766e-02;5.356677e-02;3.498720e-01;3.715863e-02;4.560615e-02;1.881094e-02;2.526167e-02
2.417506e-01;3.279689e-02;5.623613e-02;1.610786e-02;1.358459e-01;2.123886e-02;3.629031e-02;3.457640e-01;1.927976e-02;2.218364e-02;5.629145e-02;1.621458e-02
2.433176e-01;4.764846e-02;6.140998e-02;1.529745e-02;1.377663e-01;1.747167e-02;2.317485e-02;3.013410e-01;1.990850e-02;3.118330e-02;9.472724e-02;6.753680e-03
2.482472e-01;7.327586e-02;6.810832e-02;1.576773e-02;1.248342e-01;2.323952e-02;2.340154e-02;2.551881e-01;1.430839e-02;3.153170e-02;1.021521e-01;1.994537e-02
2.438968e-01;1.095040e-01;8.213570e-02;2.141798e-02;1.122032e-01;2.528529e-02;3.591591e-02;2.210294e-01;1.295760e-02;3.634843e-02;7.979380e-02;1.951187e-02
1.856863e-01;1.731802e-01;1.189182e-01;1.786003e-02;9.255814e-02;2.549569e-02;5.971220e-02;1.653741e-01;3.610407e-02;3.691742e-02;6.595077e-02;2.224297e-02
1.267462e-01;2.124697e-01;1.631218e-01;2.138975e-02;6.772713e-02;4.913138e-02;5.978599e-02;1.296939e-01;6.086784e-02;3.007343e-02;4.913922e-02;2.985368e-02
1.432077e-01;2.273400e-01;1.913152e-01;1.974231e-02;6.513985e-02;5.116729e-02;2.651621e-02;1.073727e-01;6.291133e-02;4.601500e-02;2.790674e-02;3.136580e-02
1.998856e-01;1.765999e-01;1.402204e-01;2.222086e-02;7.279294e-02;4.119493e-02;3.796571e-02;1.493543e-01;3.857819e-02;5.432097e-02;4.039609e-02;2.647007e-02
2.445894e-01;1.165357e-01;5.310478e-02;3.411674e-02;6.670099e-02;7.165284e-02;5.226676e-02;2.117594e-01;3.851499e-02;3.970653e-02;4.013693e-02;3.091499e-02
2.119272e-01;1.186071e-01;1.175310e-01;2.606542e-02;6.326345e-02;5.010176e-02;5.160401e-02;2.253083e-01;3.845704e-02;4.860114e-02;2.675537e-02;2.177821e-02
1.754638e-01;1.407454e-01;1.370873e-01;2.274031e-02;8.771852e-02;2.672729e-02;8.626626e-03;2.582832e-01;3.954984e-02;4.224416e-02;3.076857e-02;3.004506e-02
1.327896e-01;1.427824e-01;1.305681e-01;2.394295e-02;1.012778e-01;1.798405e-02;3.132936e-02;2.864740e-01;3.677130e-02;3.380673e-02;4.092210e-02;2.135164e-02
8.335763e-02;1.395837e-01;1.460500e-01;2.105697e-02;9.795731e-02;2.707393e-02;5.739626e-02;3.036258e-01;4.718395e-02;1.758546e-02;4.232726e-02;1.680184e-02
4.724395e-02;1.566597e-01;1.358074e-01;2.281131e-02;9.541350e-02;4.328777e-02;6.259967e-02;2.956711e-01;5.037064e-02;1.685637e-02;5.277634e-02;2.050225e-02
6.781024e-02;1.936307e-01;1.149224e-01;2.845194e-02;9.053224e-02;6.713130e-02;4.945059e-02;2.418725e-01;4.548600e-02;4.600891e-02;4.038421e-02;1.431902e-02
8.115034e-02;2.234187e-01;1.823448e-01;2.440694e-02;6.270901e-02;7.814805e-02;3.191580e-02;1.278406e-01;7.197303e-02;7.002453e-02;2.603279e-02;2.003543e-02
7.506356e-02;2.669245e-01;2.141618e-01;2.143364e-02;4.836199e-02;6.566664e-02;2.229201e-02;6.396978e-02;1.135597e-01;6.615579e-02;1.605936e-02;2.635125e-02
7.382479e-02;2.472025e-01;2.049914e-01;2.219959e-02;4.118280e-02;6.118023e-02;2.855678e-02;9.480279e-02;1.358060e-01;5.334730e-02;1.106026e-02;2.584554e-02
9.511694e-02;1.837573e-01;1.621107e-01;3.727412e-02;5.918470e-02;7.215375e-02;3.513208e-02;1.310918e-01;1.353727e-01;5.484025e-02;1.375001e-02;2.021578e-02
1.390656e-01;7.420269e-02;1.275983e-01;4.441762e-02;1.326594e-01;9.435088e-02;3.785526e-02;1.614057e-01;1.044446e-01;3.775082e-02;1.370772e-02;3.254123e-02
1.007377e-01;1.639859e-01;1.566710e-01;2.548096e-02;1.738491e-01;7.895765e-02;5.407988e-02;1.068795e-01;4.468559e-02;3.837004e-02;1.971022e-02;3.659234e-02
8.724906e-02;2.237717e-01;2.267888e-01;2.596423e-02;1.351303e-01;4.403568e-02;4.543312e-02;1.075823e-01;4.301780e-02;2.250112e-02;1.715687e-02;2.136898e-02
1.074457e-01;2.655088e-01;2.580309e-01;2.191630e-02;8.183065e-02;2.895269e-02;1.584958e-02;1.089181e-01;4.843504e-02;2.425859e-02;1.893520e-02;1.991846e-02
1.263199e-01;2.602119e-01;2.342696e-01;1.567957e-02;5.886109e-02;4.525557e-02;7.100839e-03;1.178574e-01;5.999187e-02;2.647819e-02;2.504990e-02;2.292416e-02
1.427509e-01;2.045504e-01;1.725588e-01;1.645151e-02;6.675342e-02;6.182862e-02;4.636852e-02;1.400204e-01;7.759251e-02;1.194473e-02;2.570941e-02;3.347071e-02
9.772621e-02;1.530455e-01;7.522413e-02;1.926679e-02;1.272478e-01;5.301427e-02;6.279194e-02;2.142990e-01;7.942341e-02;2.796509e-02;4.763493e-02;4.236092e-02
4.669493e-02;1.479174e-01;1.557701e-01;4.682358e-02;1.004796e-01;8.602478e-02;4.775566e-02;1.407918e-01;5.220046e-02;5.881160e-02;6.368583e-02;5.304430e-02
3.141371e-02;8.735209e-02;1.419218e-01;7.776677e-02;5.163524e-02;9.059137e-02;6.613404e-02;6.987407e-02;2.331343e-02;8.071431e-02;1.778623e-01;1.014208e-01
2.219244e-02;3.027680e-02;1.480632e-01;9.059513e-02;4.085747e-02;6.076770e-02;8.969731e-02;3.857089e-02;1.570383e-02;1.236655e-01;2.386312e-01;1.009786e-01
1.249251e-02;2.717966e-02;1.975198e-01;1.050357e-01;3.073890e-02;2.032887e-02;1.330084e-01;4.308286e-02;1.129886e-02;1.641567e-01;1.897675e-01;6.539024e-02
1.828861e-02;3.302344e-02;2.738740e-01;7.531114e-02;1.625942e-02;1.562473e-02;1.969022e-01;3.770947e-02;1.283415e-02;2.252666e-01;6.859388e-02;2.631234e-02
1.985896e-02;4.148597e-02;3.249628e-01;2.004481e-02;1.449449e-02;1.367774e-02;2.100023e-01;1.682905e-02;1.648177e-02;2.807200e-01;2.756537e-02;1.387668e-02
2.789311e-02;3.524904e-02;3.459353e-01;1.620831e-02;1.662693e-02;1.155108e-02;1.896647e-01;1.168363e-02;1.541004e-02;3.024322e-01;1.256747e-02;1.477820e-02
3.446595e-02;3.477018e-02;3.353589e-01;2.372747e-02;1.230476e-02;1.321826e-02;1.647529e-01;1.466621e-02;8.161777e-03;3.027941e-01;4.156554e-02;1.421391e-02
3.772131e-02;3.694028e-02;3.101735e-01;2.286398e-02;8.120460e-03;1.107210e-02;1.584301e-01;2.436442e-02;1.401110e-02;3.375980e-01;2.947615e-02;9.228532e-03
3.931725e-02;4.208905e-02;2.619584e-01;2.216107e-02;1.195243e-02;1.555224e-02;1.314360e-01;2.155954e-02;4.590009e-02;3.556999e-01;4.224800e-02;1.012605e-02
3.913273e-02;7.987428e-02;1.953050e-01;3.934451e-02;2.205444e-02;3.844269e-02;1.053117e-01;2.460883e-02;7.017405e-02;2.881356e-01;7.778827e-02;1.982792e-02
4.840784e-02;1.167700e-01;1.821771e-01;4.443824e-02;2.879077e-02;5.371552e-02;1.188417e-01;2.777031e-02;6.244577e-02;1.994688e-01;9.411487e-02;2.305904e-02
6.183901e-02;1.361957e-01;2.370315e-01;2.752443e-02;3.176456e-02;4.980251e-02;1.412704e-01;4.075491e-02;2.759672e-02;1.691996e-01;6.552635e-02;1.149431e-02
5.792467e-02;1.449230e-01;2.523167e-01;2.723071e-02;2.801435e-02;4.790631e-02;1.524558e-01;4.367978e-02;2.358391e-02;1.928760e-01;1.588849e-02;1.320024e-02
4.443475e-02;1.291961e-01;2.390092e-01;4.235301e-02;4.696380e-02;5.134240e-02;1.441958e-01;2.980950e-02;3.090429e-02;1.886020e-01;3.560324e-02;1.758590e-02
2.952085e-02;1.093481e-01;1.979670e-01;7.480507e-02;4.344007e-02;8.900260e-02;1.387198e-01;6.129702e-02;3.897510e-02;1.652327e-01;2.638867e-02;2.530303e-02
1.347800e-02;9.325328e-02;1.738281e-01;1.145488e-01;6.098055e-02;1.373466e-01;9.057514e-02;7.395045e-02;2.982163e-02;1.185753e-01;6.232312e-02;3.131896e-02
1.775735e-02;8.631486e-02;2.209903e-01;1.493181e-01;7.947260e-02;1.056120e-01;5.797739e-02;6.985950e-02;2.345318e-02;9.791999e-02;6.717388e-02;2.415084e-02
2.046358e-02;9.846088e-02;2.543166e-01;1.570985e-01;6.875718e-02;8.970352e-02;5.354398e-02;8.016413e-02;3.051616e-02;8.282030e-02;4.638194e-02;1.777322e-02
2.472496e-02;1.035966e-01;2.944927e-01;1.437017e-01;4.814305e-02;6.853639e-02;6.898963e-02;7.200953e-02;4.204292e-02;7.282428e-02;4.660336e-02;1.433495e-02
3.181277e-02;1.298895e-01;3.748710e-01;1.039631e-01;3.204388e-02;5.829229e-02;8.888065e-02;4.127362e-02;3.626989e-02;5.243637e-02;3.647841e-02;1.378861e-02
3.715887e-02;1.920227e-01;3.787214e-01;4.650418e-02;2.240322e-02;5.658933e-02;8.693717e-02;5.113434e-02;4.126244e-02;5.995861e-02;1.157496e-02;1.573279e-02
3.937503e-02;2.465405e-01;3.285249e-01;3.451829e-02;1.342581e-02;5.634710e-02;6.524056e-02;4.729305e-02;5.052132e-02;8.192568e-02;2.147239e-02;1.481537e-02
5.231662e-02;2.358079e-01;2.943955e-01;4.435604e-02;2.300069e-02;5.626235e-02;6.171969e-02;4.859511e-02;4.782005e-02;7.892005e-02;3.609537e-02;2.071062e-02
6.752338e-02;1.569355e-01;2.263991e-01;5.992801e-02;3.822458e-02;7.492195e-02;6.140052e-02;5.369947e-02;3.774213e-02;1.064056e-01;9.455439e-02;2.226534e-02
5.464958e-02;1.593954e-01;2.120054e-01;6.507355e-02;4.231949e-02;5.121173e-02;7.147301e-02;3.864925e-02;3.784600e-02;1.510001e-01;9.681135e-02;1.956506e-02
4.216853e-02;2.362447e-01;2.395159e-01;7.222583e-02;2.783758e-02;3.398761e-02;7.228284e-02;3.609870e-02;3.576976e-02;1.318377e-01;4.993032e-02;2.210050e-02
2.920181e-02;2.733761e-01;3.091156e-01;6.646343e-02;1.562090e-02;3.870164e-02;6.847958e-02;4.092741e-02;2.713939e-02;9.092022e-02;1.702385e-02;2.302997e-02
2.864898e-02;2.480542e-01;3.907959e-01;4.013485e-02;2.368810e-02;3.096730e-02;7.445008e-02;3.855449e-02;1.766850e-02;7.885224e-02;1.045233e-02;1.773304e-02
2.898458e-02;2.092116e-01;3.837103e-01;5.217850e-02;2.777085e-02;4.799250e-02;7.881977e-02;3.617859e-02;2.195758e-02;8.057847e-02;1.539066e-02;1.722652e-02
2.699000e-02;1.741019e-01;3.333721e-01;7.476486e-02;3.769328e-02;6.950656e-02;8.605172e-02;4.861354e-02;2.507150e-02;9.813618e-02;6.613261e-03;1.908513e-02
1.994276e-02;1.351167e-01;2.659509e-01;8.446007e-02;5.688704e-02;5.133780e-02;1.043055e-01;6.274194e-02;2.959158e-02;1.573980e-01;1.683632e-02;1.543141e-02
4.507289e-02;1.503669e-01;2.019284e-01;7.308442e-02;6.585528e-02;5.966721e-02;1.040274e-01;4.660878e-02;2.743697e-02;1.885147e-01;3.338557e-02;4.051514e-03
5.478645e-02;1.601622e-01;1.896722e-01;6.330371e-02;6.192180e-02;7.754900e-02;8.389997e-02;4.405992e-02;1.256447e-02;1.993818e-01;4.382451e-02;8.874040e-03
4.594890e-02;1.390302e-01;1.890726e-01;5.319660e-02;4.493355e-02;9.583562e-02;7.388891e-02;5.957153e-02;2.423354e-02;2.055632e-01;5.161319e-02;1.711217e-02
3.648916e-02;1.158858e-01;1.654334e-01;4.298734e-02;2.786243e-02;9.995277e-02;8.371734e-02;8.116131e-02;2.282652e-02;1.987352e-01;9.100503e-02;3.394371e-02
4.174439e-02;1.161021e-01;1.434320e-01;5.959179e-02;4.091825e-02;7.860985e-02;7.763378e-02;8.496469e-02;3.706993e-02;1.539767e-01;8.792175e-02;7.803478e-02
6.644584e-02;1.143077e-01;1.416009e-01;7.545073e-02;6.356292e-02;5.062085e-02;8.656611e-02;7.754995e-02;7.241679e-02;9.271789e-02;5.293582e-02;1.058246e-01
8.824445e-02;9.262079e-02;1.553106e-01;5.959345e-02;6.224821e-02;5.979987e-02;1.087080e-01;7.820535e-02;8.887846e-02;7.047849e-02;4.159031e-02;9.432200e-02
6.596330e-02;9.146194e-02;2.167485e-01;6.436196e-02;4.981516e-02;9.304569e-02;1.045117e-01;5.277282e-02;7.385863e-02;6.252711e-02;5.959432e-02;6.533881e-02
2.485962e-02;1.532415e-01;3.458695e-01;7.457247e-02;3.901963e-02;6.473066e-02;4.992338e-02;2.357707e-02;4.791077e-02;9.447645e-02;4.595474e-02;3.586421e-02
2.033531e-02;2.030778e-01;3.554559e-01;6.585149e-02;2.830258e-02;3.336896e-02;1.690564e-02;1.172336e-02;6.680769e-02;1.306495e-01;1.744798e-02;5.007368e-02
1.972434e-02;2.704847e-01;2.596479e-01;6.575175e-02;1.796103e-02;4.291270e-02;1.710113e-02;1.846084e-02;1.121064e-01;1.012696e-01;1.898092e-02;5.559867e-02
3.501465e-02;2.964526e-01;1.815310e-01;9.520391e-02;3.004821e-02;5.108051e-02;1.704753e-02;2.918719e-02;1.459392e-01;5.476905e-02;2.727185e-02;3.645437e-02
6.604883e-02;2.132744e-01;1.719421e-01;7.642490e-02;8.600394e-02;3.100478e-02;3.607894e-02;1.243746e-01;1.227574e-01;2.026796e-02;3.942166e-02;1.240051e-02
1.018014e-01;1.076899e-01;2.092704e-01;2.820279e-02;1.262106e-01;2.091322e-02;5.354879e-02;2.205243e-01;6.286813e-02;3.048282e-02;2.971741e-02;8.770214e-03
1.115039e-01;4.344692e-02;2.515188e-01;2.257468e-02;9.966323e-02;4.061089e-02;7.641662e-02;2.694531e-01;2.408704e-02;3.390645e-02;1.344314e-02;1.337519e-02
8.656213e-02;8.975973e-02;2.347829e-01;3.008745e-02;3.873785e-02;6.794263e-02;1.319559e-01;2.374747e-01;1.726213e-02;3.680964e-02;1.174902e-02;1.687600e-02
6.328509e-02;8.605725e-02;1.548727e-01;4.483540e-02;2.350055e-02;1.328242e-01;1.996836e-01;1.972118e-01;3.335149e-02;2.977311e-02;7.968704e-03;2.663603e-02
5.006288e-02;5.508931e-02;1.063577e-01;8.018252e-02;3.000382e-02;1.888416e-01;2.142680e-01;1.264758e-01;3.888658e-02;4.015241e-02;2.327959e-02;4.639985e-02
4.078951e-02;1.723515e-01;1.658800e-01;5.652019e-02;3.470319e-02;1.319172e-01;1.225825e-01;1.082266e-01;6.096302e-02;3.433628e-02;2.349565e-02;4.823430e-02
8.534747e-02;2.353384e-01;1.698399e-01;2.465814e-02;3.056077e-02;7.505952e-02;4.247873e-02;1.707093e-01;7.467562e-02;4.386667e-02;1.313361e-02;3.433175e-02
1.226014e-01;1.897785e-01;1.419680e-01;3.239648e-02;2.276417e-02;7.628003e-02;7.073825e-02;1.654664e-01;6.551162e-02;5.383323e-02;2.462338e-02;3.403861e-02
9.432291e-02;1.799329e-01;1.626362e-01;5.944901e-02;2.479953e-02;1.192880e-01;6.920481e-02;1.392414e-01;7.028160e-02;3.118958e-02;2.050782e-02;2.914619e-02
5.386127e-02;1.350727e-01;9.315843e-02;9.257150e-02;3.495697e-02;1.649487e-01;1.335024e-01;1.087334e-01;8.572146e-02;4.511593e-02;1.507961e-02;3.727759e-02
3.346156e-02;7.077724e-02;3.404592e-02;1.123683e-01;2.429985e-02;2.181795e-01;2.084963e-01;1.132874e-01;8.298504e-02;5.509979e-02;7.419279e-03;3.957978e-02
3.347112e-02;9.224840e-02;6.492548e-02;1.105996e-01;1.405673e-02;1.811423e-01;2.322000e-01;1.209791e-01;4.936707e-02;5.095441e-02;8.426640e-03;4.162913e-02
3.149177e-02;9.484254e-02;6.594435e-02;1.156716e-01;1.571302e-02;1.571414e-01;2.475582e-01;1.097823e-01;3.187082e-02;6.969161e-02;1.196857e-02;4.832381e-02
3.359454e-02;1.084514e-01;8.477248e-02;1.437144e-01;2.171707e-02;1.186726e-01;2.489511e-01;7.549749e-02;2.612682e-02;8.043469e-02;1.132863e-02;4.673869e-02
3.487267e-02;1.302015e-01;9.977113e-02;1.793760e-01;2.394786e-02;7.484023e-02;2.397282e-01;7.248539e-02;3.329109e-02;5.466247e-02;1.471464e-02;4.210878e-02
3.373042e-02;1.158531e-01;6.667350e-02;2.152108e-01;2.058245e-02;7.338079e-02;2.770772e-01;7.370849e-02;2.436904e-02;3.402621e-02;1.440963e-02;5.097837e-02
3.358413e-02;1.221402e-01;4.800444e-02;2.030395e-01;2.557346e-02;6.440574e-02;3.022648e-01;8.230828e-02;2.194303e-02;2.657306e-02;1.657121e-02;5.359227e-02
4.448963e-02;1.374530e-01;4.232584e-02;1.530296e-01;3.655618e-02;8.254547e-02;2.769419e-01;9.368353e-02;3.264524e-02;2.187424e-02;2.361974e-02;5.483567e-02
6.620532e-02;1.493539e-01;5.668699e-02;9.410491e-02;4.349647e-02;9.736811e-02;2.452547e-01;9.671537e-02;4.955882e-02;2.232268e-02;2.989700e-02;4.903569e-02
9.658924e-02;2.173002e-01;1.830056e-01;3.373354e-02;3.940360e-02;6.551944e-02;1.751040e-01;7.175045e-02;3.843262e-02;2.362228e-02;2.152405e-02;3.401497e-02
9.639890e-02;1.936055e-01;1.980826e-01;3.872373e-02;3.874642e-02;5.890758e-02;1.129705e-01;1.479423e-01;3.330470e-02;3.061869e-02;1.882466e-02;3.187444e-02
1.111640e-01;1.350746e-01;1.531779e-01;5.489184e-02;4.307698e-02;5.093145e-02;5.620483e-02;2.610931e-01;4.282199e-02;3.900992e-02;1.635390e-02;3.619944e-02
7.597046e-02;8.218332e-02;8.544444e-02;7.104274e-02;3.566163e-02;4.956505e-02;1.306127e-01;2.673328e-01;2.919695e-02;7.201029e-02;1.761754e-02;8.336215e-02
3.734972e-02;7.782834e-02;5.865430e-02;7.649546e-02;2.020176e-02;5.513924e-02;2.577892e-01;1.715768e-01;1.387348e-02;7.341589e-02;1.760938e-02;1.400665e-01
2.769446e-02;6.360947e-02;3.604370e-02;8.308318e-02;1.990397e-02;1.105158e-01;3.349971e-01;8.640002e-02;2.240293e-02;4.651910e-02;1.846969e-02;1.503606e-01
3.324478e-02;6.874363e-02;4.971190e-02;7.765508e-02;3.212931e-02;1.616249e-01;3.164909e-01;5.829315e-02;4.100540e-02;2.782953e-02;1.933280e-02;1.139386e-01
5.440552e-02;1.546303e-01;1.220537e-01;5.898078e-02;4.286533e-02;1.295657e-01;2.270324e-01;6.573364e-02;4.711502e-02;2.438232e-02;2.020762e-02;5.302763e-02
9.190328e-02;2.243376e-01;1.578005e-01;3.551402e-02;2.840793e-02;8.148780e-02;2.036243e-01;6.808755e-02;3.021444e-02;2.331886e-02;2.204820e-02;3.325544e-02
1.093862e-01;2.375739e-01;1.394015e-01;2.743620e-02;3.728250e-02;6.877441e-02;1.925625e-01;8.973097e-02;2.166709e-02;3.152069e-02;1.325484e-02;3.140925e-02
8.728451e-02;2.095926e-01;1.303857e-01;3.137886e-02;2.976748e-02;8.854707e-02;1.905126e-01;1.530111e-01;2.406233e-02;2.818133e-02;8.534563e-03;1.874180e-02
7.787570e-02;1.983146e-01;1.172480e-01;3.410314e-02;3.056327e-02;1.086424e-01;1.439329e-01;1.995806e-01;2.390910e-02;2.180978e-02;1.881080e-02;2.520970e-02
8.284745e-02;1.638358e-01;5.542588e-02;3.782924e-02;2.070903e-02;1.311952e-01;1.463711e-01;2.240073e-01;3.255901e-02;2.181448e-02;2.919507e-02;5.421050e-02
7.609845e-02;1.662389e-01;1.029509e-01;4.327724e-02;2.570001e-02;8.585469e-02;1.425756e-01;1.730474e-01;5.009982e-02;2.266362e-02;2.585383e-02;8.563945e-02
6.912826e-02;1.343662e-01;1.025523e-01;7.881945e-02;3.947965e-02;8.159373e-02;1.534402e-01;1.311563e-01;5.563530e-02;3.223506e-02;2.592704e-02;9.566656e-02
6.111245e-02;1.151000e-01;1.069524e-01;7.898680e-02;2.774219e-02;9.198129e-02;2.028951e-01;1.437902e-01;3.413790e-02;2.829695e-02;2.727965e-02;8.172505e-02
5.879827e-02;1.782704e-01;1.311399e-01;4.840253e-02;3.674633e-02;5.410239e-02;1.641405e-01;1.707260e-01;3.931971e-02;2.115797e-02;2.682972e-02;7.036627e-02
6.439482e-02;1.694664e-01;1.151883e-01;3.923021e-02;3.327354e-02;6.455365e-02;1.487290e-01;1.599697e-01;6.705494e-02;2.637608e-02;2.991533e-02;8.184808e-02
6.360123e-02;1.672045e-01;8.856529e-02;3.282121e-02;1.844568e-02;1.019023e-01;1.686420e-01;1.070843e-01;9.401737e-02;3.565552e-02;4.609337e-02;7.596714e-02
5.874148e-02;2.030350e-01;1.470404e-01;2.432236e-02;2.116248e-02;9.060468e-02;1.167007e-01;6.156056e-02;1.439718e-01;4.011675e-02;4.090159e-02;5.184217e-02
6.857876e-02;1.987943e-01;1.237876e-01;2.219254e-02;2.504071e-02;8.329667e-02;4.680300e-02;1.271194e-01;1.678654e-01;3.326322e-02;4.815711e-02;5.510126e-02
5.590849e-02;1.768803e-01;1.147681e-01;1.827065e-02;2.140244e-02;9.403518e-02;1.501794e-01;1.367256e-01;9.109768e-02;3.410461e-02;4.139914e-02;6.522848e-02
5.313211e-02;1.865574e-01;1.196659e-01;2.534130e-02;1.549111e-02;9.481818e-02;1.694085e-01;1.219987e-01;6.346298e-02;3.840680e-02;2.942463e-02;8.229233e-02
4.672181e-02;1.504147e-01;1.055221e-01;2.586854e-02;2.974297e-02;1.151614e-01;1.669692e-01;1.229855e-01;7.685798e-02;4.676769e-02;2.850548e-02;8.448256e-02
4.814598e-02;1.540002e-01;7.977682e-02;1.762729e-02;4.185933e-02;1.143900e-01;1.068405e-01;1.372163e-01;1.297081e-01;5.753179e-02;2.247358e-02;9.043016e-02
6.622557e-02;1.746820e-01;9.046481e-02;1.715328e-02;2.892470e-02;7.658923e-02;7.741200e-02;1.457024e-01;1.559163e-01;4.940037e-02;2.782132e-02;8.970806e-02
7.557225e-02;1.638060e-01;7.000137e-02;4.547938e-02;1.719185e-02;9.346675e-02;5.987474e-02;1.434285e-01;1.426280e-01;4.459015e-02;6.225634e-02;8.170465e-02
5.859546e-02;1.335966e-01;6.155241e-02;4.692343e-02;4.848707e-02;8.018449e-02;5.164301e-02;1.571498e-01;1.279509e-01;9.795170e-02;7.209714e-02;6.386799e-02
4.674778e-02;1.313114e-01;7.305231e-02;3.378195e-02;5.289457e-02;7.995848e-02;6.383409e-02;1.725138e-01;1.246277e-01;1.277902e-01;5.529756e-02;3.819013e-02
3.421407e-02;1.265293e-01;3.577346e-02;2.403298e-02;7.427640e-02;8.960855e-02;7.564793e-02;1.913808e-01;1.440484e-01;1.264665e-01;4.671508e-02;3.130656e-02
3.595692e-02;1.157695e-01;6.739822e-02;3.124342e-02;9.401692e-02;7.430553e-02;7.285340e-02;1.613670e-01;1.805799e-01;1.131435e-01;2.241815e-02;3.094747e-02
3.272038e-02;1.079804e-01;8.656097e-02;4.447789e-02;9.056436e-02;3.958011e-02;7.493611e-02;1.391410e-01;2.317608e-01;1.048614e-01;1.626192e-02;3.115468e-02
3.497444e-02;9.297149e-02;3.732489e-02;6.484267e-02;8.265398e-02;2.870884e-02;8.197083e-02;1.613464e-01;2.720319e-01;8.554444e-02;2.157491e-02;3.605530e-02
4.677111e-02;1.103769e-01;6.498001e-02;5.903186e-02;8.489404e-02;4.168966e-02;8.191958e-02;1.463514e-01;2.380364e-01;6.899287e-02;1.226278e-02;4.469341e-02
4.094758e-02;1.200264e-01;8.167571e-02;5.928967e-02;9.573531e-02;4.025941e-02;1.018888e-01;1.145077e-01;2.117001e-01;8.111999e-02;1.428914e-02;3.856025e-02
3.755628e-02;7.777598e-02;5.166826e-02;6.785015e-02;9.916946e-02;6.076515e-02;1.196726e-01;1.157097e-01;2.060614e-01;1.153493e-01;2.153463e-02;2.688711e-02
3.541671e-02;8.314644e-02;7.130022e-02;7.231974e-02;1.004035e-01;6.570171e-02;1.024636e-01;1.157552e-01;1.821532e-01;1.004867e-01;2.657558e-02;4.427758e-02
3.362628e-02;1.111266e-01;9.269544e-02;7.865536e-02;1.121399e-01;1.008217e-01;7.538433e-02;1.132514e-01;1.635405e-01;6.563431e-02;1.383535e-02;3.928884e-02
2.872388e-02;8.438364e-02;5.424682e-02;8.063915e-02;1.301915e-01;1.144372e-01;6.600827e-02;1.220273e-01;1.888994e-01;7.349760e-02;1.853611e-02;3.840914e-02
3.191674e-02;8.106190e-02;7.294872e-02;7.124155e-02;1.135570e-01;1.105017e-01;8.096486e-02;1.197409e-01;1.887324e-01;7.901168e-02;1.526610e-02;3.505641e-02
3.750343e-02;1.090200e-01;9.241143e-02;7.508258e-02;9.015228e-02;9.906860e-02;1.103106e-01;1.145896e-01;1.700872e-01;6.461066e-02;1.284542e-02;2.431815e-02
3.976908e-02;9.995437e-02;5.783105e-02;8.794782e-02;8.184241e-02;6.771163e-02;1.529653e-01;1.531476e-01;1.716404e-01;5.042920e-02;1.701168e-02;1.974941e-02
4.558267e-02;9.144221e-02;3.491781e-02;1.033255e-01;9.028924e-02;6.378628e-02;1.294464e-01;1.927037e-01;1.559840e-01;5.032139e-02;1.291384e-02;2.928697e-02
4.643118e-02;1.330238e-01;8.905574e-02;9.253114e-02;8.788268e-02;6.151856e-02;7.832553e-02;1.663107e-01;1.519527e-01;4.473058e-02;1.627303e-02;3.196435e-02
4.307834e-02;1.263990e-01;9.382632e-02;9.307311e-02;5.822095e-02;5.441647e-02;6.025296e-02;1.830965e-01;1.884652e-01;4.443127e-02;2.453157e-02;3.020831e-02
4.369940e-02;8.341549e-02;6.320451e-02;1.049409e-01;2.901378e-02;5.754394e-02;7.414201e-02;2.125860e-01;2.312261e-01;4.589704e-02;2.284457e-02;3.148618e-02
4.570878e-02;7.759204e-02;6.568791e-02;1.163715e-01;2.865748e-02;5.985367e-02;7.645638e-02;1.718939e-01;2.420248e-01;6.808619e-02;2.384533e-02;2.382203e-02
4.580578e-02;5.186501e-02;3.172224e-02;1.333150e-01;7.419848e-02;6.757630e-02;9.234747e-02;1.487895e-01;2.395169e-01;7.545955e-02;2.208029e-02;1.732348e-02
4.506694e-02;8.788202e-02;6.773360e-02;1.296527e-01;9.373218e-02;3.970095e-02;9.820577e-02;1.446646e-01;2.089825e-01;5.404489e-02;1.177728e-02;1.855655e-02
4.136965e-02;1.157582e-01;8.552944e-02;1.174200e-01;1.287190e-01;4.571715e-02;8.032040e-02;1.197934e-01;1.800251e-01;5.127221e-02;1.329728e-02;2.077809e-02
