6.865427e-02;9.584348e-02;7.718951e-02;6.006117e-02;8.245055e-02;7.840633e-02;1.058640e-01;9.301797e-02;8.162025e-02;1.066609e-01;8.785512e-02;6.237644e-02
7.990783e-02;7.696786e-02;8.033015e-02;6.520555e-02;9.771395e-02;9.732139e-02;9.375054e-02;6.346683e-02;1.256842e-01;6.335711e-02;8.557066e-02;7.072392e-02
7.267513e-02;7.694121e-02;9.985241e-02;5.228335e-02;6.223057e-02;6.727001e-02;1.102319e-01;7.331024e-02;1.641224e-01;9.887259e-02;5.808976e-02;6.412045e-02
6.397377e-02;6.789127e-02;1.216305e-01;7.035357e-02;4.864091e-02;7.351656e-02;1.225156e-01;6.864408e-02;1.575584e-01;1.222309e-01;3.381513e-02;4.922926e-02
8.191110e-02;5.715156e-02;9.780701e-02;8.081065e-02;4.849848e-02;8.608076e-02;1.192149e-01;6.086858e-02;1.635852e-01;1.129802e-01;4.434262e-02;4.674900e-02
1.204110e-01;6.431557e-02;1.303127e-01;7.630116e-02;5.800908e-02;8.727162e-02;8.923428e-02;7.908761e-02;1.303556e-01;8.900091e-02;4.083736e-02;3.486324e-02
1.286887e-01;9.664214e-02;1.907347e-01;7.996071e-02;6.432229e-02;6.790607e-02;1.048908e-01;5.892938e-02;6.548871e-02;6.949400e-02;4.328534e-02;2.965719e-02
1.084943e-01;9.059087e-02;2.018438e-01;8.697690e-02;7.646354e-02;7.042982e-02;1.154939e-01;5.843874e-02;5.662224e-02;7.163998e-02;3.096258e-02;3.204338e-02
9.563846e-02;6.747870e-02;1.800450e-01;9.107652e-02;9.616587e-02;8.191624e-02;1.140833e-01;7.615241e-02;6.780381e-02;7.959822e-02;2.141969e-02;2.862173e-02
7.405104e-02;6.591838e-02;9.261711e-02;5.207104e-02;9.316830e-02;8.312123e-02;1.535143e-01;1.157114e-01;9.529341e-02;1.155177e-01;3.055985e-02;2.845641e-02
4.822496e-02;8.824705e-02;1.157027e-01;6.980891e-02;7.784994e-02;8.850269e-02;9.606034e-02;1.287359e-01;8.476464e-02;1.420680e-01;3.151495e-02;2.851999e-02
6.121610e-02;7.306226e-02;2.194955e-01;6.584892e-02;4.741073e-02;7.826629e-02;6.622934e-02;1.096065e-01;8.664794e-02;1.356404e-01;3.678143e-02;1.979459e-02
8.374298e-02;4.424769e-02;3.172171e-01;7.184174e-02;2.853811e-02;5.612111e-02;1.072941e-01;6.158236e-02;5.867739e-02;1.195106e-01;4.247910e-02;8.747738e-03
9.576993e-02;2.381377e-02;3.945780e-01;1.009529e-01;2.115319e-02;2.971790e-02;7.714105e-02;3.548477e-02;4.322345e-02;9.023473e-02;7.304224e-02;1.488806e-02
5.627608e-02;1.246473e-02;4.431419e-01;1.528266e-01;2.332461e-02;1.611641e-02;3.878807e-02;2.127987e-02;2.948603e-02;7.957287e-02;1.089173e-01;1.780544e-02
2.187121e-02;1.709813e-02;4.848801e-01;1.746213e-01;2.747839e-02;1.142806e-02;1.914662e-02;2.415207e-02;1.727766e-02;8.657422e-02;1.084821e-01;6.990149e-03
2.390781e-02;3.880388e-02;5.092747e-01;1.647643e-01;3.671843e-02;1.357773e-02;2.411863e-02;3.608774e-02;1.394370e-02;5.632983e-02;7.524826e-02;7.225026e-03
2.627804e-02;6.197344e-02;5.045364e-01;1.567359e-01;6.750111e-02;2.200295e-02;2.740304e-02;4.068466e-02;9.121351e-03;3.149924e-02;3.755228e-02;1.471164e-02
4.154174e-02;7.497172e-02;4.333855e-01;1.338031e-01;8.076917e-02;3.210716e-02;5.292365e-02;3.283133e-02;1.511932e-02;3.950359e-02;3.976799e-02;2.327573e-02
9.743457e-02;8.179279e-02;3.674254e-01;7.668629e-02;7.483454e-02;3.890233e-02;9.003501e-02;3.862832e-02;2.971050e-02;3.514456e-02;4.572602e-02;2.367964e-02
1.227048e-01;7.505747e-02;2.975387e-01;9.693024e-02;6.633484e-02;5.604174e-02;1.095649e-01;3.788392e-02;4.354769e-02;3.298214e-02;4.521416e-02;1.619947e-02
1.200097e-01;5.578792e-02;2.706102e-01;1.253813e-01;7.065769e-02;6.495204e-02;9.752724e-02;4.413516e-02;3.864225e-02;4.767081e-02;4.808487e-02;1.654087e-02
1.001624e-01;4.477197e-02;2.789958e-01;1.324501e-01;6.590272e-02;5.829594e-02;6.457292e-02;8.090897e-02;2.857901e-02;7.055394e-02;5.370081e-02;2.110536e-02
6.299721e-02;4.829460e-02;3.280184e-01;1.308329e-01;7.680604e-02;6.648605e-02;5.551073e-02;8.549796e-02;2.516479e-02;5.567755e-02;4.597722e-02;1.873664e-02
5.683787e-02;3.826795e-02;2.484084e-01;1.363403e-01;9.650434e-02;7.512811e-02;7.768404e-02;7.737283e-02;6.528304e-02;8.284935e-02;2.833709e-02;1.698666e-02
6.352182e-02;4.596470e-02;8.623534e-02;7.647209e-02;8.878688e-02;5.971074e-02;1.030871e-01;1.598784e-01;1.301484e-01;1.238048e-01;3.671745e-02;2.567232e-02
7.290094e-02;5.038542e-02;1.012974e-01;4.250195e-02;7.739516e-02;5.803760e-02;1.048801e-01;2.004926e-01;1.146389e-01;1.025198e-01;5.229671e-02;2.265352e-02
7.978470e-02;2.664173e-02;1.142364e-01;2.503239e-02;6.748260e-02;7.225638e-02;1.497361e-01;1.736459e-01;9.785170e-02;1.032016e-01;6.532232e-02;2.480808e-02
7.804815e-02;3.694922e-02;1.217383e-01;3.560476e-02;8.269364e-02;8.819125e-02;2.821783e-01;9.107800e-02;4.676581e-02;7.091789e-02;4.945914e-02;1.637556e-02
5.403404e-02;2.913267e-02;9.668572e-02;2.765338e-02;1.031073e-01;1.070921e-01;3.407649e-01;1.129665e-01;3.192442e-02;5.701640e-02;2.251947e-02;1.710314e-02
3.685209e-02;1.158895e-02;4.079211e-02;1.783711e-02;9.519300e-02;1.374826e-01;3.831059e-01;1.534646e-01;2.011489e-02;8.814842e-02;6.565915e-03;8.854491e-03
2.309798e-02;8.083950e-03;1.516100e-02;1.367208e-02;7.918341e-02;1.484972e-01;4.030884e-01;1.696890e-01;1.070545e-02;1.215499e-01;3.546544e-03;3.725156e-03
2.411909e-02;6.017087e-03;9.109130e-03;9.796170e-03;7.700043e-02;1.572791e-01;3.327511e-01;2.231136e-01;1.192315e-02;1.403485e-01;4.452329e-03;4.090370e-03
2.208164e-02;4.412186e-03;4.478430e-02;1.441622e-02;9.097441e-02;1.419195e-01;2.711602e-01;2.506521e-01;2.158135e-02;1.224981e-01;6.705320e-03;8.814634e-03
1.476644e-02;1.146764e-02;1.522668e-01;3.093752e-02;1.018805e-01;1.096479e-01;2.123522e-01;2.012413e-01;3.450074e-02;1.009683e-01;1.506017e-02;1.491039e-02
1.349424e-02;3.129500e-02;3.426566e-01;4.055327e-02;8.257718e-02;8.114401e-02;8.009839e-02;1.143596e-01;5.587862e-02;1.214740e-01;2.305621e-02;1.341288e-02
1.989216e-02;5.314107e-02;4.307785e-01;2.751947e-02;4.892225e-02;5.227314e-02;1.095415e-01;5.447227e-02;6.016180e-02;1.237667e-01;1.428502e-02;5.246194e-03
1.910870e-02;3.999634e-02;3.193160e-01;4.728352e-02;6.515907e-02;3.888700e-02;1.338382e-01;4.912955e-02;1.071834e-01;1.615116e-01;1.249878e-02;6.087750e-03
1.092307e-02;1.455081e-02;1.303637e-01;3.605767e-02;9.189624e-02;8.777508e-02;2.345299e-01;1.312333e-01;1.090591e-01;1.365783e-01;9.317085e-03;7.715728e-03
1.167351e-02;6.846520e-03;4.170745e-02;2.388812e-02;7.120187e-02;1.046609e-01;3.197746e-01;1.706484e-01;4.944975e-02;1.927178e-01;3.501572e-03;3.929550e-03
1.024533e-02;1.235373e-02;1.429188e-02;2.993155e-02;4.651831e-02;9.645455e-02;4.146892e-01;1.313923e-01;6.273094e-02;1.770622e-01;2.210580e-03;2.119457e-03
4.689313e-03;3.743685e-02;1.625185e-02;3.973335e-02;3.586362e-02;6.156060e-02;4.977103e-01;6.613059e-02;1.590114e-01;7.538536e-02;3.938979e-03;2.287761e-03
1.037673e-02;6.243404e-02;2.397731e-02;3.056206e-02;3.127167e-02;2.983901e-02;5.196880e-01;7.270326e-02;1.878085e-01;1.613959e-02;1.197385e-02;3.226048e-03
1.129061e-02;6.354318e-02;2.671042e-02;1.443915e-02;3.293600e-02;2.914424e-02;5.523001e-01;1.093641e-01;1.134586e-01;1.641951e-02;2.579343e-02;4.600737e-03
7.596401e-03;4.589041e-02;3.367820e-02;7.250602e-03;1.846319e-02;2.850435e-02;5.942394e-01;1.658340e-01;4.605537e-02;1.235529e-02;3.566404e-02;4.468869e-03
5.918350e-03;3.886197e-02;4.369963e-02;5.745409e-03;1.428264e-02;2.562639e-02;5.887501e-01;1.858847e-01;3.188697e-02;2.168148e-02;2.971842e-02;7.943887e-03
2.123119e-02;4.081382e-02;5.893617e-02;1.064963e-02;4.675825e-02;5.106522e-02;5.099554e-01;1.464145e-01;4.135911e-02;3.666830e-02;2.374102e-02;1.240738e-02
4.289014e-02;5.296791e-02;7.546350e-02;2.137034e-02;1.008218e-01;1.232653e-01;3.301832e-01;9.859039e-02;5.412479e-02;5.018441e-02;3.048214e-02;1.965614e-02
3.941578e-02;3.665080e-02;4.824752e-02;1.484340e-02;9.430430e-02;1.371368e-01;3.757204e-01;5.890408e-02;5.201791e-02;9.429906e-02;2.899818e-02;1.946177e-02
2.070805e-02;4.080965e-02;1.981883e-02;8.877330e-03;4.601165e-02;8.132850e-02;5.003722e-01;4.478763e-02;1.039795e-01;8.844990e-02;3.474542e-02;1.011132e-02
1.087129e-02;5.184138e-02;1.366056e-02;4.460885e-03;2.626860e-02;4.298047e-02;5.631867e-01;3.375498e-02;1.488200e-01;4.136442e-02;5.891540e-02;3.875376e-03
6.519687e-03;5.184437e-02;1.365797e-02;5.675064e-03;1.820352e-02;3.126578e-02;5.810986e-01;4.584774e-02;1.444446e-01;1.546872e-02;8.100630e-02;4.967745e-03
2.734566e-02;4.358096e-02;3.300421e-02;1.036122e-02;3.765129e-02;3.970495e-02;5.115753e-01;7.354750e-02;9.356035e-02;1.813065e-02;9.216402e-02;1.937387e-02
5.053983e-02;4.703834e-02;9.080844e-02;1.437664e-02;3.314450e-02;3.367633e-02;3.522925e-01;1.509559e-01;5.231751e-02;6.238865e-02;7.014118e-02;4.232020e-02
3.893539e-02;3.927750e-02;1.335288e-01;1.301903e-02;1.521385e-02;1.841894e-02;2.235710e-01;2.534013e-01;5.140963e-02;9.929451e-02;4.508786e-02;6.884216e-02
1.786933e-02;1.774535e-02;1.547497e-01;7.542309e-03;5.959062e-03;1.222261e-02;1.881078e-01;3.263557e-01;4.650475e-02;1.001137e-01;2.306454e-02;9.976506e-02
1.245927e-02;1.771011e-02;1.547039e-01;6.917831e-03;8.935938e-03;2.691062e-02;1.919563e-01;3.421362e-01;4.878010e-02;5.991077e-02;7.401641e-03;1.221773e-01
9.486769e-03;1.259294e-02;1.511851e-01;5.078523e-03;1.040251e-02;4.661448e-02;1.984603e-01;3.343818e-01;5.881718e-02;3.578522e-02;1.305141e-02;1.241438e-01
5.153822e-03;1.026949e-02;1.378417e-01;1.363884e-02;9.460044e-03;6.882218e-02;2.442130e-01;2.794544e-01;9.795017e-02;2.777939e-02;1.329598e-02;9.212095e-02
6.931365e-03;9.461170e-03;9.912622e-02;1.795543e-02;6.995121e-03;7.678229e-02;2.944869e-01;2.442279e-01;1.085461e-01;3.142465e-02;1.222582e-02;9.183702e-02
7.050672e-03;9.553250e-03;7.064402e-02;1.645532e-02;5.155694e-03;6.137375e-02;3.479756e-01;2.587968e-01;7.174372e-02;3.666756e-02;9.803018e-03;1.047806e-01
8.350186e-03;5.573875e-03;5.013802e-02;9.399143e-03;9.281854e-03;4.172417e-02;4.499419e-01;2.496766e-01;3.884770e-02;5.055058e-02;1.127483e-02;7.524121e-02
7.154523e-03;9.256375e-03;3.577304e-02;6.875798e-03;9.986609e-03;3.173353e-02;5.927205e-01;1.915620e-01;3.004644e-02;3.737492e-02;1.584554e-02;3.167065e-02
5.165884e-02;1.989591e-02;5.603699e-02;1.846663e-02;2.267603e-02;3.643708e-02;4.563055e-01;1.544919e-01;5.768390e-02;4.352404e-02;3.533228e-02;4.749089e-02
1.249217e-01;3.328655e-02;6.567091e-02;4.349337e-02;2.352900e-02;3.185508e-02;2.241704e-01;1.474190e-01;1.468975e-01;4.213638e-02;4.270672e-02;7.391337e-02
2.036895e-01;4.512402e-02;4.143997e-02;8.380192e-02;1.531669e-02;1.893887e-02;7.082708e-02;9.848896e-02;3.033159e-01;3.351842e-02;2.791364e-02;5.762493e-02
1.599385e-01;4.500380e-02;3.198357e-02;1.075051e-01;8.118692e-03;3.230250e-02;3.613633e-02;1.129830e-01;4.041472e-01;2.183808e-02;1.376186e-02;2.628140e-02
4.595842e-02;2.709575e-02;8.823914e-02;6.857674e-02;7.200642e-03;7.309204e-02;5.609935e-02;2.259488e-01;3.175235e-01;2.450775e-02;8.515928e-03;5.724190e-02
1.606425e-02;1.181914e-02;1.538496e-01;3.750880e-02;5.431096e-03;9.530907e-02;5.502435e-02;3.201045e-01;2.089113e-01;2.002091e-02;4.202286e-03;7.175487e-02
8.593302e-03;5.432012e-03;2.009843e-01;2.246748e-02;2.210832e-03;9.609409e-02;9.135556e-02;3.474880e-01;1.089573e-01;3.201066e-02;4.029436e-03;8.037698e-02
1.296626e-02;4.530417e-03;1.953080e-01;6.424046e-02;3.074610e-03;9.485091e-02;1.125099e-01;3.133232e-01;7.081454e-02;3.784131e-02;4.787769e-03;8.575261e-02
4.028558e-02;7.204733e-03;1.036539e-01;1.701463e-01;5.801789e-03;6.300885e-02;9.952726e-02;1.606017e-01;2.503964e-01;3.648223e-02;5.314513e-03;5.757665e-02
6.769417e-02;5.907876e-03;4.575588e-02;2.174776e-01;1.083010e-02;3.263107e-02;9.314276e-02;6.321701e-02;3.698155e-01;5.452194e-02;7.476232e-03;3.152982e-02
8.493446e-02;5.603747e-03;4.440979e-02;1.318677e-01;3.050081e-02;3.620386e-02;1.233406e-01;8.123811e-02;3.399503e-01;8.121378e-02;1.409476e-02;2.664214e-02
7.402933e-02;4.929626e-03;3.395591e-02;1.610970e-01;3.998180e-02;4.280605e-02;1.860263e-01;1.111989e-01;2.393535e-01;6.772520e-02;1.527189e-02;2.362454e-02
3.367921e-02;3.298410e-03;4.418033e-02;1.691602e-01;2.676026e-02;4.458794e-02;2.802426e-01;1.385900e-01;1.721079e-01;6.064329e-02;1.342664e-02;1.332321e-02
1.023608e-02;1.047039e-02;3.978671e-02;8.752707e-02;2.965349e-02;5.797049e-02;4.030151e-01;1.246283e-01;1.252823e-01;8.736875e-02;1.324670e-02;1.081461e-02
1.527360e-02;1.871746e-02;3.586267e-02;5.367904e-02;3.640771e-02;1.015597e-01;3.948248e-01;8.898056e-02;1.156710e-01;1.149061e-01;1.080977e-02;1.330754e-02
1.688701e-02;2.203199e-02;6.414265e-02;7.268953e-02;6.002009e-02;1.195323e-01;2.567230e-01;7.553509e-02;1.392407e-01;1.362702e-01;1.134893e-02;2.557860e-02
2.652215e-02;2.033579e-02;7.478872e-02;6.080202e-02;1.031508e-01;8.964913e-02;1.612129e-01;1.005485e-01;1.590906e-01;1.627830e-01;1.407645e-02;2.703981e-02
3.971305e-02;1.846110e-02;9.409357e-02;7.238391e-02;1.136860e-01;5.410874e-02;1.270295e-01;1.542258e-01;1.409614e-01;1.430433e-01;1.311434e-02;2.917925e-02
3.988239e-02;2.566690e-02;1.224324e-01;6.561349e-02;9.820401e-02;8.042317e-02;7.586554e-02;1.584472e-01;8.520414e-02;1.826154e-01;2.094653e-02;4.469885e-02
4.458186e-02;1.930109e-02;8.436500e-02;3.711191e-02;8.291464e-02;9.521507e-02;1.024527e-01;1.549129e-01;6.249758e-02;2.152481e-01;3.497675e-02;6.642239e-02
4.922207e-02;3.463686e-02;8.825924e-02;4.776742e-02;6.763415e-02;7.128642e-02;1.257012e-01;1.597088e-01;5.745071e-02;1.950888e-01;4.141936e-02;6.182495e-02
5.173316e-02;5.987632e-02;7.422594e-02;5.472013e-02;7.494944e-02;6.945089e-02;1.993358e-01;1.059690e-01;6.461237e-02;1.639235e-01;4.059754e-02;4.060598e-02
4.605612e-02;5.456133e-02;8.661164e-02;6.990205e-02;7.090786e-02;6.750197e-02;2.447605e-01;7.481271e-02;7.470763e-02;1.464870e-01;3.426757e-02;2.942357e-02
4.640375e-02;3.914928e-02;7.079387e-02;7.632433e-02;7.481403e-02;1.005199e-01;2.258545e-01;8.295818e-02;8.375960e-02;1.196767e-01;3.746676e-02;4.227910e-02
5.617778e-02;4.355175e-02;8.983342e-02;6.835248e-02;4.097877e-02;1.057809e-01;2.014314e-01;9.064821e-02;1.302705e-01;7.877076e-02;3.559121e-02;5.861279e-02
5.365140e-02;5.784360e-02;6.285588e-02;4.976468e-02;5.226108e-02;1.154365e-01;1.799459e-01;1.264904e-01;1.150878e-01;8.703508e-02;3.299776e-02;6.662993e-02
6.598666e-02;5.160967e-02;4.579997e-02;3.448317e-02;9.622339e-02;7.564875e-02;1.775569e-01;1.362532e-01;1.324535e-01;9.645572e-02;3.786447e-02;4.966462e-02
5.165436e-02;3.133309e-02;4.532407e-02;5.919617e-02;8.752451e-02;3.964858e-02;1.754518e-01;1.471473e-01;2.124086e-01;8.491900e-02;3.163527e-02;3.375725e-02
2.810862e-02;1.751271e-02;3.858878e-02;6.153609e-02;4.942769e-02;3.989484e-02;1.503650e-01;1.437669e-01;3.530684e-01;7.456639e-02;2.392324e-02;1.924128e-02
3.487787e-02;1.225637e-02;2.843161e-02;4.444150e-02;2.545827e-02;2.955163e-02;9.833670e-02;1.050262e-01;4.803357e-01;1.147977e-01;1.511223e-02;1.137412e-02
6.387871e-02;6.076495e-03;1.483772e-02;3.844664e-02;2.975595e-02;1.251371e-02;6.663727e-02;3.860055e-02;5.150370e-01;1.908576e-01;1.509424e-02;8.264137e-03
1.017441e-01;1.062541e-02;1.627042e-02;2.561834e-02;2.480107e-02;6.820451e-03;6.486975e-02;2.659785e-02;4.936534e-01;1.939726e-01;1.783668e-02;1.718992e-02
1.465433e-01;1.580181e-02;1.941528e-02;3.544368e-02;1.450360e-02;7.362291e-03;6.539586e-02;4.217406e-02;4.925053e-01;1.314827e-01;1.289848e-02;1.647368e-02
1.694221e-01;1.644874e-02;1.741511e-02;6.435799e-02;1.630696e-02;7.975627e-03;6.576286e-02;2.896864e-02;5.116413e-01;8.453463e-02;4.996026e-03;1.216997e-02
1.933290e-01;9.315197e-03;1.215453e-02;7.691538e-02;1.446634e-02;6.853494e-03;3.980747e-02;3.719112e-02;5.151923e-01;6.818660e-02;1.428863e-02;1.229988e-02
1.610053e-01;4.284955e-03;1.037833e-02;6.899999e-02;1.196891e-02;7.104756e-03;3.402074e-02;7.452936e-02;5.475550e-01;5.012672e-02;1.395339e-02;1.607256e-02
5.226427e-02;9.951500e-03;2.056259e-02;5.141202e-02;1.164526e-02;1.823392e-02;7.812640e-02;1.654787e-01;4.941810e-01;3.941330e-02;1.326716e-02;4.546378e-02
2.581189e-02;1.669198e-02;2.866120e-02;3.815259e-02;8.508202e-03;3.385071e-02;9.755920e-02;1.877635e-01;4.352587e-01;4.805880e-02;1.306490e-02;6.661825e-02
2.003508e-02;1.433913e-02;1.992780e-02;4.381726e-02;9.330087e-03;3.318129e-02;9.367700e-02;1.453577e-01;5.276829e-01;3.759526e-02;1.164730e-02;4.340923e-02
2.416540e-02;3.753677e-03;1.281165e-02;7.309936e-02;4.747576e-03;1.563792e-02;6.482342e-02;1.594611e-01;5.931964e-01;2.134714e-02;6.254251e-03;2.070220e-02
3.738932e-02;4.471645e-03;7.917757e-03;1.019601e-01;4.241013e-03;5.376326e-03;4.014694e-02;1.013942e-01;6.555058e-01;3.018765e-02;4.512236e-03;6.897083e-03
5.564217e-02;6.626667e-03;9.481193e-03;9.577726e-02;9.312304e-03;4.850433e-03;3.500649e-02;5.730442e-02;6.174771e-01;9.080131e-02;9.680546e-03;8.040096e-03
6.209735e-02;1.240541e-02;1.174905e-02;7.235084e-02;2.144697e-02;9.380453e-03;1.023229e-01;4.349764e-02;4.813855e-01;1.291238e-01;3.424265e-02;1.999740e-02
5.236287e-02;2.410631e-02;1.666684e-02;7.288577e-02;3.890827e-02;2.239852e-02;2.272787e-01;6.777716e-02;2.859042e-01;1.035925e-01;6.589060e-02;2.222821e-02
6.895008e-02;3.014912e-02;2.678009e-02;1.133548e-01;4.936983e-02;4.921515e-02;2.811251e-01;7.135079e-02;1.754872e-01;5.721305e-02;5.763033e-02;1.937442e-02
7.835600e-02;4.012817e-02;4.124246e-02;1.000894e-01;5.569686e-02;5.521877e-02;1.839404e-01;1.083551e-01;1.771499e-01;9.467703e-02;2.873692e-02;3.640901e-02
6.959864e-02;5.214706e-02;5.545307e-02;7.515194e-02;6.815443e-02;4.641096e-02;9.500838e-02;1.177331e-01;1.890104e-01;1.433316e-01;4.667811e-02;4.132232e-02
5.272719e-02;4.891559e-02;6.406154e-02;7.553907e-02;7.338002e-02;4.959705e-02;6.631944e-02;7.948609e-02;2.521057e-01;1.626500e-01;4.737283e-02;2.784542e-02
5.471600e-02;5.388713e-02;4.901502e-02;7.079496e-02;7.611616e-02;8.158790e-02;9.481964e-02;3.053882e-02;2.577138e-01;1.446642e-01;3.599038e-02;5.015602e-02
5.953669e-02;3.952705e-02;6.030816e-02;7.781390e-02;4.846888e-02;8.903591e-02;1.303840e-01;6.279302e-02;1.907177e-01;1.099110e-01;7.407181e-02;5.743174e-02
4.328371e-02;3.752419e-02;6.761473e-02;7.198687e-02;5.632047e-02;6.315676e-02;1.375665e-01;6.788103e-02;1.959174e-01;1.191512e-01;9.450990e-02;4.508723e-02
9.274241e-02;4.952073e-02;7.614842e-02;7.097597e-02;7.580137e-02;3.146030e-02;1.585219e-01;8.615005e-02;1.498795e-01;7.698463e-02;9.313823e-02;3.867647e-02
7.778195e-02;4.328336e-02;5.996792e-02;7.984494e-02;8.658231e-02;5.243297e-02;1.715863e-01;1.079851e-01;1.248180e-01;8.546609e-02;5.460325e-02;5.564782e-02
5.946621e-02;5.035064e-02;4.259327e-02;7.490464e-02;8.459996e-02;8.375336e-02;1.518754e-01;1.175066e-01;1.281907e-01;1.032698e-01;2.634379e-02;7.714559e-02
4.096230e-02;3.736511e-02;5.693833e-02;3.865257e-02;4.390437e-02;5.116829e-02;1.915907e-01;2.051588e-01;1.567989e-01;9.715158e-02;2.604884e-02;5.426019e-02
1.947176e-02;1.444518e-02;7.307364e-02;2.083457e-02;1.770660e-02;2.092262e-02;1.573639e-01;3.274914e-01;2.344197e-01;5.562030e-02;1.620674e-02;4.244357e-02
9.665448e-03;1.641311e-02;9.939112e-02;2.205323e-02;7.906725e-03;1.581358e-02;9.551692e-02;3.958049e-01;2.528670e-01;4.457713e-02;1.145335e-02;2.853754e-02
3.910256e-03;4.349402e-02;9.684913e-02;1.059097e-02;9.627592e-03;1.301625e-02;1.765444e-01;3.956051e-01;1.716777e-01;4.126190e-02;1.760357e-02;1.981906e-02
8.943324e-03;1.069216e-01;6.401055e-02;3.622463e-03;1.218077e-02;2.220626e-02;3.595726e-01;2.756398e-01;8.566076e-02;2.160479e-02;2.797700e-02;1.166004e-02
1.235102e-02;1.686296e-01;3.178318e-02;3.333869e-03;1.100491e-02;2.553863e-02;5.430785e-01;1.101913e-01;4.807518e-02;1.201872e-02;2.949127e-02;4.503874e-03
8.370649e-03;1.909252e-01;2.507129e-02;3.627592e-03;4.982343e-03;2.582747e-02;6.161135e-01;4.043616e-02;3.770449e-02;8.265635e-03;3.576045e-02;2.915158e-03
7.916889e-03;1.912710e-01;2.651133e-02;5.908598e-03;7.237445e-03;2.551512e-02;5.411986e-01;2.957422e-02;4.698617e-02;8.001397e-03;1.049870e-01;4.892246e-03
7.264506e-03;1.894288e-01;2.048070e-02;4.387175e-03;1.081229e-02;2.202607e-02;4.423481e-01;2.489447e-02;6.292996e-02;9.483390e-03;1.974299e-01;8.514682e-03
6.793323e-03;1.708426e-01;1.809124e-02;2.931479e-03;2.267272e-02;1.408338e-02;4.001932e-01;2.858581e-02;5.715000e-02;6.886271e-03;2.431790e-01;2.859103e-02
9.507618e-03;1.428709e-01;1.502152e-02;4.093977e-03;4.338682e-02;1.223185e-02;4.129651e-01;5.569186e-02;4.065547e-02;6.838399e-03;2.122782e-01;4.445832e-02
5.855067e-03;1.025704e-01;5.643694e-02;6.514010e-03;6.068939e-02;9.394539e-03;4.413607e-01;1.088603e-01;2.825926e-02;1.369384e-02;1.332998e-01;3.306580e-02
4.975233e-03;7.701498e-02;6.795009e-02;5.885907e-03;6.238203e-02;2.957105e-02;4.871803e-01;1.406774e-01;2.277690e-02;2.154016e-02;5.930842e-02;2.073747e-02
7.836294e-03;5.909500e-02;4.415185e-02;8.586952e-03;6.989347e-02;5.989626e-02;5.173863e-01;1.299510e-01;2.115277e-02;1.846085e-02;4.614071e-02;1.744857e-02
1.279356e-02;5.599506e-02;5.958709e-02;1.594331e-02;6.214928e-02;5.520135e-02;4.967852e-01;1.199243e-01;2.928054e-02;3.477255e-02;3.300509e-02;2.456259e-02
1.637626e-02;6.907339e-02;8.192381e-02;1.660013e-02;3.277919e-02;2.664237e-02;4.728217e-01;1.259330e-01;2.727463e-02;5.719542e-02;5.146650e-02;2.191360e-02
7.832699e-03;5.079568e-02;6.666231e-02;1.009882e-02;2.175361e-02;3.288558e-02;5.251200e-01;1.415204e-01;2.485607e-02;4.477622e-02;6.270716e-02;1.099147e-02
6.568890e-03;2.749021e-02;5.539582e-02;5.877848e-03;1.961542e-02;2.432086e-02;5.825578e-01;1.491659e-01;2.744156e-02;3.843758e-02;5.643849e-02;6.689582e-03
7.365484e-03;5.766099e-02;4.254159e-02;6.087420e-03;3.982006e-02;3.036607e-02;5.953864e-01;1.102987e-01;3.779612e-02;3.171485e-02;3.249401e-02;8.468314e-03
1.463505e-02;8.715634e-02;5.531981e-02;1.245776e-02;7.746287e-02;5.449004e-02;4.973303e-01;8.247442e-02;4.800298e-02;3.053003e-02;2.190523e-02;1.823512e-02
2.480038e-02;8.863828e-02;1.046640e-01;2.071155e-02;9.517149e-02;5.878844e-02;2.802388e-01;9.593520e-02;1.113353e-01;5.537731e-02;3.324912e-02;3.109014e-02
4.070355e-02;6.109319e-02;9.977476e-02;2.129751e-02;7.709316e-02;6.371149e-02;2.099524e-01;9.922798e-02;1.712705e-01;7.709138e-02;4.117303e-02;3.761111e-02
3.713784e-02;4.934526e-02;8.072235e-02;2.176011e-02;5.213064e-02;6.243396e-02;2.578476e-01;1.098220e-01;1.824923e-01;7.458932e-02;3.817825e-02;3.354040e-02
3.585163e-02;5.570875e-02;9.273532e-02;2.331138e-02;4.370138e-02;4.728823e-02;2.448885e-01;1.103983e-01;1.636856e-01;9.327233e-02;5.058195e-02;3.857661e-02
5.167062e-02;5.543488e-02;6.252021e-02;3.558642e-02;3.225383e-02;5.239068e-02;2.099893e-01;9.648766e-02;1.240985e-01;1.303570e-01;8.176066e-02;6.745018e-02
6.173425e-02;6.500543e-02;7.158124e-02;4.038901e-02;2.758920e-02;5.269998e-02;2.416485e-01;9.578809e-02;8.822057e-02;1.276269e-01;5.626239e-02;7.145442e-02
3.174910e-02;5.948534e-02;7.876205e-02;3.588786e-02;3.536225e-02;8.386146e-02;2.971532e-01;9.273153e-02;7.406063e-02;1.211338e-01;2.658464e-02;6.322812e-02
4.698266e-02;4.902900e-02;4.368103e-02;6.011508e-02;4.297075e-02;1.228869e-01;2.394913e-01;7.936326e-02;8.823405e-02;1.072484e-01;6.116487e-02;5.883274e-02
5.217893e-02;4.487401e-02;5.894269e-02;7.102729e-02;7.018045e-02;1.184491e-01;2.343800e-01;8.553858e-02;6.418972e-02;9.135797e-02;5.928596e-02;4.959525e-02
3.687209e-02;3.724282e-02;6.907149e-02;4.745515e-02;6.749440e-02;1.068177e-01;2.366792e-01;9.442405e-02;1.298156e-01;9.789877e-02;3.454888e-02;4.167990e-02
3.174824e-02;2.795867e-02;5.486595e-02;7.099671e-02;3.723809e-02;7.101420e-02;2.025746e-01;9.653495e-02;2.473604e-01;1.032363e-01;2.547577e-02;3.099613e-02
3.582556e-02;1.623905e-02;2.789563e-02;1.607051e-01;1.917266e-02;3.763508e-02;1.024080e-01;6.142151e-02;3.788571e-01;1.052034e-01;2.299694e-02;3.163995e-02
2.520526e-02;7.079539e-03;4.907545e-02;1.485445e-01;1.300798e-02;4.490500e-02;2.597478e-02;1.828254e-01;3.631959e-01;7.525590e-02;1.670441e-02;4.822598e-02
8.064165e-03;6.989763e-03;7.241562e-02;5.958324e-02;1.387279e-02;4.789434e-02;1.267909e-01;3.074099e-01;2.101614e-01;6.815358e-02;1.888357e-02;5.978082e-02
5.151728e-03;9.760541e-03;5.926979e-02;1.886703e-02;1.857705e-02;3.474392e-02;2.717439e-01;3.202647e-01;1.031890e-01;6.146813e-02;4.879041e-02;4.817383e-02
7.358140e-03;1.206620e-02;3.924558e-02;1.772123e-02;2.421418e-02;3.002681e-02;4.059342e-01;2.517835e-01;6.224170e-02;4.106186e-02;8.436155e-02;2.398508e-02
5.792236e-03;9.459586e-03;3.245009e-02;1.852356e-02;2.120699e-02;1.891724e-02;4.395756e-01;2.939493e-01;4.280652e-02;3.590229e-02;6.907474e-02;1.234188e-02
4.176512e-03;1.103937e-02;5.157525e-02;1.660364e-02;1.706154e-02;1.031143e-02;3.482179e-01;3.851213e-01;4.255816e-02;4.755572e-02;2.059490e-02;4.518426e-02
5.029693e-03;5.978142e-03;8.169036e-02;1.554919e-02;9.125709e-03;2.005259e-02;2.655201e-01;3.946828e-01;3.410818e-02;5.573017e-02;1.305063e-02;9.948247e-02
3.879699e-03;3.544809e-03;8.644714e-02;1.666152e-02;4.957775e-03;3.951891e-02;2.239994e-01;3.596534e-01;4.754844e-02;6.281289e-02;7.851864e-03;1.431242e-01
1.114148e-02;6.702077e-03;7.196999e-02;2.727509e-02;5.310944e-03;7.158605e-02;2.275673e-01;2.727505e-01;9.209415e-02;5.858639e-02;9.232558e-03;1.457835e-01
1.419828e-02;1.132820e-02;4.143342e-02;4.581979e-02;7.932981e-03;8.234893e-02;2.930566e-01;2.139374e-01;1.475374e-01;5.068533e-02;1.116522e-02;8.055642e-02
1.189953e-02;1.041445e-02;6.692971e-02;3.180378e-02;1.405225e-02;5.770066e-02;3.935483e-01;2.024875e-01;1.221680e-01;4.476011e-02;1.138774e-02;3.284801e-02
1.122220e-02;1.224444e-02;7.443801e-02;3.520807e-02;3.478481e-02;5.715963e-02;5.017933e-01;1.198473e-01;6.559406e-02;3.948845e-02;1.195711e-02;3.626266e-02
1.038651e-02;1.143403e-02;7.747258e-02;3.165598e-02;6.684406e-02;9.066179e-02;4.983489e-01;9.151105e-02;4.495890e-02;4.035347e-02;1.204149e-02;2.433131e-02
9.062292e-03;1.808674e-02;7.331066e-02;2.407034e-02;1.165982e-01;1.240191e-01;3.845662e-01;9.349316e-02;7.682028e-02;4.981551e-02;1.284051e-02;1.731707e-02
7.268209e-03;3.722527e-02;5.915780e-02;4.360492e-02;1.855860e-01;1.420747e-01;2.205658e-01;9.581499e-02;1.119141e-01;5.510038e-02;2.707884e-02;1.460891e-02
1.446692e-02;3.347761e-02;9.795438e-02;5.818016e-02;1.636884e-01;1.125632e-01;1.950066e-01;9.921303e-02;1.428957e-01;4.040603e-02;2.452592e-02;1.762204e-02
2.407328e-02;5.217641e-02;8.781244e-02;6.695805e-02;1.295442e-01;1.288943e-01;1.455519e-01;8.525211e-02;1.682916e-01;7.488263e-02;1.708810e-02;1.947500e-02
2.709309e-02;8.452076e-02;6.927739e-02;4.841441e-02;1.079506e-01;1.094101e-01;2.807324e-01;6.481297e-02;8.576736e-02;6.780219e-02;2.072966e-02;3.348914e-02
1.745580e-02;5.698008e-02;4.835185e-02;1.966800e-02;7.124274e-02;8.504940e-02;4.491282e-01;4.234616e-02;3.227158e-02;7.191036e-02;4.577944e-02;5.981636e-02
1.211840e-02;2.722203e-02;3.681592e-02;1.090181e-02;3.447611e-02;5.602133e-02;5.339339e-01;6.115632e-02;4.819814e-02;8.087492e-02;4.528085e-02;5.300029e-02
1.082353e-02;1.602075e-02;2.295334e-02;8.067065e-03;1.938595e-02;3.876047e-02;5.981938e-01;1.069313e-01;5.383037e-02;6.449958e-02;3.190108e-02;2.863279e-02
1.305632e-02;2.742856e-02;2.332268e-02;9.684369e-03;2.023542e-02;3.843907e-02;6.288859e-01;1.363827e-01;3.169493e-02;3.107873e-02;2.816520e-02;1.162599e-02
9.365238e-03;7.069004e-02;3.151473e-02;1.257711e-02;2.368816e-02;3.511005e-02;6.030099e-01;1.469040e-01;2.803547e-02;1.562938e-02;1.460516e-02;8.870739e-03
1.155454e-02;1.023083e-01;2.376158e-02;7.587903e-03;2.300764e-02;3.170066e-02;5.902321e-01;1.492077e-01;2.238542e-02;1.569794e-02;1.476622e-02;7.790096e-03
1.877117e-02;7.908356e-02;2.856543e-02;8.558308e-03;1.187590e-02;2.501014e-02;6.277245e-01;1.481536e-01;2.345672e-02;1.009792e-02;1.334543e-02;5.357417e-03
2.369990e-02;5.099688e-02;1.493547e-02;7.516230e-03;1.263174e-02;2.885683e-02;6.808324e-01;1.274998e-01;2.122872e-02;1.167582e-02;1.438075e-02;5.745468e-03
4.259444e-02;1.018331e-01;2.103408e-02;7.424904e-03;2.547432e-02;8.923217e-02;5.673537e-01;8.447069e-02;2.171155e-02;1.510430e-02;1.689735e-02;6.869403e-03
8.054496e-02;1.157856e-01;3.107114e-02;1.493912e-02;7.376702e-02;1.959875e-01;3.353305e-01;5.679423e-02;3.046879e-02;2.691193e-02;1.153023e-02;2.686901e-02
7.914814e-02;6.158571e-02;3.994980e-02;2.669929e-02;2.014183e-01;2.772788e-01;1.233006e-01;2.478254e-02;5.622162e-02;1.982497e-02;9.451374e-03;8.033886e-02
2.037273e-02;1.630086e-02;2.629250e-02;2.973499e-02;2.725511e-01;2.924483e-01;1.171481e-01;2.661652e-02;5.474031e-02;2.035487e-02;2.259441e-02;1.008452e-01
5.080323e-03;9.643527e-03;2.009122e-02;6.589443e-02;2.431915e-01;2.307729e-01;9.625431e-02;1.040092e-01;3.130684e-02;2.651311e-02;8.886204e-02;7.838059e-02
3.630306e-03;1.169429e-02;3.691669e-02;1.167415e-01;1.201446e-01;1.152218e-01;6.373066e-02;2.453632e-01;1.450408e-02;2.997357e-02;2.098553e-01;3.222395e-02
4.615508e-03;9.440703e-03;4.694793e-02;1.245215e-01;5.900418e-02;4.774811e-02;2.907785e-02;3.359070e-01;9.148624e-03;2.269495e-02;2.934975e-01;1.739614e-02
4.273057e-03;6.581678e-03;4.705575e-02;1.148861e-01;4.377469e-02;4.348352e-02;2.176057e-02;3.408834e-01;6.394503e-03;1.600029e-02;3.416649e-01;1.324147e-02
5.199876e-03;5.589740e-03;5.491999e-02;1.106811e-01;2.736878e-02;4.477767e-02;2.129215e-02;3.019178e-01;6.978160e-03;1.260585e-02;3.959706e-01;1.269827e-02
5.159966e-03;5.254865e-03;6.528991e-02;1.099480e-01;1.916203e-02;4.191586e-02;2.049091e-02;2.637432e-01;5.951496e-03;1.930559e-02;4.320290e-01;1.174906e-02
3.616538e-03;7.434697e-03;6.889036e-02;1.122782e-01;2.996054e-02;3.287804e-02;1.556971e-02;2.636082e-01;6.404705e-03;1.810017e-02;4.377733e-01;3.485522e-03
3.015138e-03;4.332036e-03;6.431772e-02;1.163049e-01;3.471941e-02;3.104125e-02;2.454475e-02;2.892947e-01;6.999181e-03;1.470694e-02;3.946181e-01;1.610588e-02
2.494344e-03;5.027861e-03;7.438402e-02;1.306204e-01;3.057309e-02;3.004713e-02;1.564985e-02;2.919053e-01;9.970535e-03;1.919719e-02;3.778386e-01;1.229167e-02
3.616531e-03;4.708823e-03;9.547140e-02;1.477584e-01;2.911496e-02;2.169589e-02;2.548114e-02;2.560678e-01;1.030678e-02;2.960931e-02;3.695999e-01;6.568996e-03
3.627242e-03;7.741978e-03;1.054929e-01;1.953879e-01;2.852258e-02;2.119074e-02;2.528864e-02;2.107947e-01;1.015410e-02;2.162162e-02;3.650697e-01;5.107986e-03
2.793484e-03;1.087576e-02;1.148589e-01;2.492827e-01;3.591803e-02;2.123607e-02;1.998106e-02;1.713948e-01;1.085091e-02;9.114450e-03;3.391711e-01;1.452278e-02
2.747705e-03;9.152186e-03;1.423569e-01;2.963094e-01;4.252123e-02;1.981518e-02;6.952678e-03;1.429332e-01;8.654099e-03;9.951890e-03;3.130682e-01;5.537256e-03
4.192778e-03;9.493120e-03;1.762139e-01;3.032753e-01;4.649617e-02;2.116459e-02;6.462162e-03;1.187776e-01;4.548650e-03;9.189133e-03;2.898753e-01;1.031121e-02
6.433236e-03;1.639031e-02;1.982570e-01;2.654067e-01;5.933259e-02;2.515608e-02;1.419293e-02;8.311269e-02;1.434396e-02;2.091787e-02;2.792824e-01;1.717417e-02
7.937070e-03;2.036814e-02;1.738434e-01;2.277212e-01;9.901090e-02;2.916002e-02;1.750874e-02;7.422540e-02;2.471603e-02;3.837228e-02;2.752046e-01;1.193223e-02
7.942664e-03;1.964148e-02;1.146694e-01;2.368286e-01;1.191915e-01;2.612842e-02;2.308903e-02;7.000278e-02;2.070226e-02;6.899534e-02;2.408187e-01;5.198983e-02
1.038759e-02;1.491438e-02;8.992956e-02;2.301552e-01;1.617434e-01;3.486154e-02;4.475727e-02;3.964010e-02;5.705618e-02;7.356082e-02;1.615026e-01;8.149140e-02
5.839216e-03;1.318164e-02;8.274110e-02;2.013547e-01;2.324239e-01;3.690823e-02;5.520618e-02;3.896454e-02;9.816294e-02;5.465329e-02;8.776309e-02;9.280127e-02
1.212654e-02;1.212590e-02;6.790895e-02;1.187063e-01;2.901740e-01;5.024946e-02;5.853995e-02;2.161581e-02;1.590768e-01;3.793325e-02;7.199743e-02;9.954569e-02
1.480510e-02;1.188312e-02;6.638677e-02;6.875242e-02;2.701857e-01;8.271477e-02;7.274307e-02;4.509594e-02;1.696348e-01;3.831698e-02;6.712097e-02;9.236040e-02
2.274197e-02;1.037091e-02;7.383315e-02;1.342895e-01;2.303094e-01;9.825435e-02;7.992906e-02;4.622830e-02;1.315579e-01;3.812686e-02;6.971888e-02;6.463964e-02
2.341686e-02;1.009786e-02;9.459080e-02;1.817386e-01;1.844731e-01;9.874367e-02;9.791099e-02;2.809505e-02;9.320328e-02;3.443003e-02;7.650168e-02;7.679801e-02
1.665557e-02;1.378394e-02;1.258534e-01;1.954870e-01;1.727060e-01;8.987841e-02;9.804058e-02;3.358907e-02;7.075667e-02;3.249019e-02;7.260526e-02;7.815378e-02
1.854086e-02;1.549501e-02;1.726589e-01;2.291072e-01;1.525958e-01;6.789459e-02;8.004976e-02;4.220898e-02;5.040727e-02;4.092040e-02;7.421305e-02;5.590816e-02
2.155528e-02;1.567198e-02;2.011778e-01;2.451823e-01;1.135559e-01;4.531485e-02;7.052854e-02;6.306560e-02;3.613123e-02;4.638759e-02;1.088768e-01;3.255213e-02
1.710649e-02;1.918078e-02;2.032546e-01;2.322970e-01;8.212797e-02;3.367346e-02;6.664310e-02;8.550353e-02;3.818473e-02;4.310126e-02;1.412295e-01;3.769754e-02
2.853641e-02;2.303156e-02;1.670536e-01;2.135910e-01;1.060956e-01;4.510149e-02;7.277589e-02;8.777846e-02;2.248474e-02;3.732500e-02;1.469448e-01;4.928155e-02
2.505095e-02;2.390267e-02;1.722900e-01;2.096950e-01;1.341369e-01;5.789703e-02;6.240489e-02;7.032961e-02;2.740675e-02;2.579364e-02;1.232321e-01;6.786051e-02
1.761336e-02;2.741390e-02;1.932950e-01;2.070413e-01;1.330799e-01;6.115903e-02;5.519304e-02;6.932911e-02;3.530478e-02;3.527205e-02;9.993998e-02;6.535859e-02
2.869884e-02;3.273993e-02;1.893550e-01;1.940562e-01;1.436975e-01;7.029825e-02;7.529496e-02;4.676016e-02;2.991957e-02;4.106640e-02;8.816741e-02;5.994577e-02
3.871967e-02;3.079556e-02;1.386514e-01;1.595797e-01;1.858687e-01;6.382399e-02;4.951214e-02;1.026252e-01;4.503669e-02;5.245423e-02;6.233806e-02;7.059473e-02
4.275360e-02;3.326352e-02;1.095726e-01;1.119945e-01;1.977150e-01;7.678794e-02;6.035736e-02;9.037127e-02;6.797287e-02;5.644354e-02;3.857258e-02;1.141951e-01
4.772415e-02;2.724381e-02;9.552244e-02;1.372155e-01;1.980866e-01;6.358746e-02;7.816748e-02;7.697309e-02;6.041480e-02;6.812866e-02;3.580722e-02;1.111288e-01
4.960854e-02;4.951231e-02;1.087332e-01;2.329132e-01;1.419005e-01;4.998476e-02;5.259639e-02;8.875484e-02;6.131455e-02;6.381691e-02;4.101657e-02;5.984826e-02
7.883072e-02;5.620706e-02;1.215562e-01;2.169727e-01;1.086658e-01;6.196351e-02;7.805000e-02;7.231423e-02;5.972256e-02;7.063512e-02;3.105431e-02;4.402780e-02
9.451255e-02;5.316541e-02;1.546696e-01;1.471186e-01;1.018621e-01;5.389584e-02;9.299605e-02;7.234206e-02;6.393623e-02;6.974585e-02;4.132078e-02;5.443499e-02
1.147110e-01;5.299009e-02;1.153173e-01;1.092328e-01;8.682571e-02;4.095112e-02;9.731387e-02;7.810687e-02;8.381241e-02;6.952280e-02;5.633931e-02;9.487668e-02
1.220340e-01;1.086761e-01;5.591669e-02;9.976941e-02;7.921141e-02;6.240699e-02;1.016888e-01;9.062652e-02;8.514512e-02;5.028347e-02;5.356514e-02;9.067629e-02
