1.166016e-01;8.881430e-02;9.888669e-02;8.580104e-02;7.309852e-02;4.703006e-02;9.380188e-02;7.017288e-02;1.292032e-01;8.443970e-02;5.020191e-02;6.194815e-02
1.025667e-01;9.878606e-02;2.176022e-01;6.893788e-02;6.201991e-02;4.769422e-02;1.634398e-01;5.899590e-02;6.664138e-02;4.437646e-02;3.772410e-02;3.121540e-02
7.631266e-02;8.619694e-02;2.652691e-01;6.472613e-02;3.908091e-02;3.797331e-02;1.849895e-01;8.396587e-02;6.644554e-02;3.680661e-02;2.708423e-02;3.114914e-02
4.770878e-02;6.842395e-02;3.020880e-01;8.198255e-02;2.690806e-02;2.563701e-02;1.823029e-01;1.028762e-01;8.545788e-02;3.289330e-02;1.698908e-02;2.673237e-02
3.006524e-02;3.568286e-02;2.696995e-01;1.479324e-01;6.120650e-02;2.582137e-02;1.402400e-01;8.730247e-02;1.199847e-01;4.716573e-02;1.700504e-02;1.789420e-02
3.910232e-02;3.135124e-02;1.477569e-01;2.121724e-01;1.283384e-01;3.649794e-02;7.853141e-02;5.489596e-02;1.154005e-01;1.105690e-01;3.133623e-02;1.404772e-02
3.630833e-02;3.707802e-02;7.416498e-02;1.742716e-01;1.513625e-01;8.287731e-02;8.217238e-02;4.654334e-02;5.216846e-02;1.428438e-01;9.295332e-02;2.725603e-02
6.374135e-02;2.368810e-02;7.316991e-02;1.008825e-01;1.022707e-01;1.166287e-01;1.221902e-01;4.290710e-02;4.374443e-02;1.025973e-01;1.353986e-01;7.278104e-02
1.809222e-01;3.514530e-02;6.605344e-02;6.202501e-02;5.271217e-02;7.261080e-02;1.748184e-01;6.433588e-02;3.983123e-02;5.681407e-02;9.217266e-02;1.025589e-01
2.961846e-01;8.172396e-02;1.004423e-01;3.638048e-02;4.570337e-02;4.995511e-02;1.324887e-01;8.674178e-02;3.253690e-02;2.792978e-02;3.627493e-02;7.363806e-02
3.389345e-01;1.529872e-01;1.393602e-01;2.371183e-02;4.272336e-02;2.628630e-02;9.977079e-02;6.783297e-02;3.546981e-02;2.082113e-02;1.621233e-02;3.588961e-02
2.804486e-01;2.153001e-01;2.061777e-01;2.516004e-02;2.572565e-02;3.443493e-02;8.254732e-02;3.459731e-02;5.227828e-02;1.782056e-02;8.149775e-03;1.735985e-02
1.761864e-01;1.939920e-01;3.329986e-01;2.546165e-02;1.674902e-02;5.711934e-02;4.340284e-02;6.164800e-02;5.494029e-02;1.609365e-02;7.317385e-03;1.409090e-02
8.378353e-02;1.076571e-01;4.952401e-01;3.031477e-02;2.171436e-02;4.882097e-02;2.361310e-02;1.099782e-01;3.281600e-02;2.347862e-02;8.413564e-03;1.416963e-02
4.099645e-02;4.483133e-02;6.049939e-01;2.699294e-02;3.844097e-02;1.652157e-02;5.518521e-02;8.170854e-02;2.313104e-02;4.935937e-02;7.376351e-03;1.046227e-02
4.037315e-02;1.208728e-02;5.922003e-01;4.898981e-02;4.413971e-02;1.260126e-02;9.751061e-02;2.423463e-02;4.932619e-02;6.074919e-02;1.020680e-02;7.581119e-03
3.065900e-02;3.057315e-02;5.342594e-01;9.062018e-02;3.753198e-02;1.352484e-02;7.786027e-02;1.363218e-02;1.085617e-01;4.052778e-02;1.726196e-02;4.987556e-03
1.980676e-02;1.709957e-02;5.096679e-01;1.397922e-01;3.760315e-02;2.127909e-02;3.089399e-02;8.526957e-03;1.647270e-01;1.641211e-02;2.991546e-02;4.275749e-03
9.728432e-03;5.623897e-03;4.984039e-01;1.403134e-01;3.443917e-02;1.606937e-02;3.911494e-02;8.414293e-03;1.868250e-01;2.381307e-02;3.193344e-02;5.321182e-03
1.280662e-02;1.701245e-02;4.934544e-01;1.014621e-01;2.709839e-02;6.108339e-03;7.313382e-02;5.491409e-03;1.844934e-01;5.048081e-02;2.261623e-02;5.842043e-03
1.713388e-02;1.244578e-02;5.029458e-01;6.472731e-02;3.448508e-02;7.420621e-03;1.183933e-01;5.493538e-03;1.250046e-01;8.663213e-02;1.980085e-02;5.517099e-03
3.941042e-02;2.309405e-02;4.942599e-01;5.104338e-02;5.559672e-02;1.237813e-02;1.351562e-01;9.297679e-03;5.202854e-02;1.062793e-01;1.564716e-02;5.808515e-03
5.392203e-02;3.887242e-02;4.337910e-01;7.988522e-02;7.989083e-02;2.117979e-02;1.045767e-01;2.140038e-02;5.315955e-02;7.879429e-02;2.237152e-02;1.215628e-02
3.282227e-02;4.271058e-02;4.334411e-01;1.633473e-01;7.929609e-02;2.130755e-02;6.603502e-02;1.211147e-02;6.113791e-02;4.319048e-02;3.722388e-02;7.376415e-03
1.285016e-02;2.237649e-02;4.811354e-01;2.069452e-01;5.588559e-02;1.344524e-02;3.557243e-02;7.528468e-03;5.393578e-02;5.992337e-02;4.631902e-02;4.082972e-03
9.251479e-03;2.014262e-02;5.251890e-01;1.634745e-01;2.981130e-02;3.785648e-03;2.675651e-02;4.088403e-03;3.007734e-02;1.245258e-01;6.004340e-02;2.854017e-03
7.675001e-03;3.594054e-02;5.386375e-01;9.520200e-02;2.160745e-02;3.521031e-03;2.011221e-02;4.615415e-03;2.425948e-02;1.753658e-01;6.818278e-02;4.880765e-03
6.759327e-03;6.655777e-02;5.529879e-01;5.053789e-02;1.662949e-02;3.468127e-03;1.593297e-02;7.714695e-03;3.128940e-02;1.944917e-01;4.466844e-02;8.962344e-03
1.290822e-02;1.288042e-01;5.090703e-01;2.529312e-02;1.182220e-02;8.761848e-03;1.225715e-02;1.376993e-02;7.773411e-02;1.710228e-01;1.900270e-02;9.553410e-03
3.727780e-02;2.484845e-01;3.569253e-01;1.790212e-02;6.784102e-03;2.039261e-02;1.183157e-02;1.196993e-02;1.619512e-01;1.112767e-01;6.529162e-03;8.674962e-03
8.306604e-02;3.226258e-01;2.769757e-01;1.487039e-02;1.068041e-02;2.373460e-02;9.656074e-03;1.382393e-02;1.729869e-01;5.499963e-02;6.684383e-03;9.896190e-03
1.653844e-01;2.925858e-01;2.273506e-01;1.879849e-02;2.989238e-02;2.642665e-02;2.142294e-02;3.641070e-02;1.188487e-01;3.220696e-02;1.249962e-02;1.817274e-02
2.227528e-01;2.184286e-01;1.560117e-01;2.860948e-02;6.272873e-02;4.235039e-02;4.270423e-02;6.459337e-02;7.325838e-02;3.081282e-02;2.246899e-02;3.528047e-02
1.452073e-01;1.737891e-01;1.246697e-01;5.029270e-02;7.117860e-02;7.495222e-02;1.303669e-01;6.131791e-02;5.432371e-02;3.495701e-02;2.020093e-02;5.874404e-02
5.393018e-02;1.696069e-01;1.274197e-01;6.777634e-02;5.681865e-02;6.018997e-02;2.514421e-01;3.933813e-02;4.654234e-02;3.603324e-02;2.619420e-02;6.470824e-02
7.763366e-02;1.445567e-01;1.084126e-01;5.222902e-02;1.098899e-01;4.601467e-02;2.184518e-01;4.662842e-02;5.181957e-02;4.437926e-02;3.679892e-02;6.318539e-02
9.581376e-02;6.993592e-02;1.270492e-01;2.718203e-02;1.411438e-01;1.064463e-01;1.271727e-01;4.825180e-02;7.810663e-02;5.679597e-02;6.899528e-02;5.310655e-02
6.521774e-02;2.712853e-02;1.269343e-01;2.101735e-02;1.072575e-01;2.296348e-01;9.296400e-02;2.887483e-02;7.927758e-02;6.833465e-02;1.096243e-01;4.373440e-02
4.951384e-02;4.223353e-02;1.176941e-01;2.477957e-02;4.497355e-02;2.494496e-01;7.878400e-02;2.634316e-02;7.653413e-02;7.200163e-02;1.514144e-01;6.627849e-02
6.049778e-02;6.811403e-02;1.353738e-01;2.275668e-02;4.328906e-02;1.917877e-01;8.463351e-02;3.415908e-02;5.301437e-02;6.870045e-02;1.559227e-01;8.175082e-02
5.771670e-02;7.881337e-02;1.586624e-01;1.826873e-02;4.044794e-02;2.515400e-01;6.860097e-02;2.153839e-02;3.185026e-02;7.046727e-02;1.508354e-01;5.125859e-02
3.750676e-02;4.980324e-02;1.806695e-01;1.922299e-02;2.758976e-02;2.833690e-01;8.387379e-02;2.467808e-02;4.027200e-02;7.509243e-02;1.587483e-01;1.917414e-02
1.997670e-02;4.959799e-02;1.348532e-01;4.739015e-02;3.112473e-02;2.402020e-01;1.746864e-01;2.228145e-02;3.431997e-02;8.273070e-02;1.472755e-01;1.556129e-02
2.647978e-02;5.359142e-02;6.251771e-02;8.443714e-02;5.123534e-02;1.757739e-01;2.571778e-01;4.604256e-02;3.005944e-02;7.143007e-02;1.275105e-01;1.374434e-02
3.625225e-02;6.748637e-02;2.762909e-02;1.049510e-01;7.249291e-02;1.284490e-01;2.189310e-01;9.983680e-02;3.129989e-02;8.664383e-02;9.843005e-02;2.759774e-02
3.674934e-02;7.459016e-02;2.007170e-02;8.982925e-02;1.046156e-01;8.731698e-02;1.214246e-01;1.524059e-01;3.617078e-02;1.225884e-01;6.659451e-02;8.764279e-02
2.662622e-02;7.656464e-02;1.849857e-02;7.254039e-02;1.471250e-01;6.390045e-02;5.734459e-02;1.368587e-01;5.372246e-02;1.657108e-01;4.569751e-02;1.354107e-01
3.344929e-02;6.125815e-02;4.604996e-02;8.766188e-02;1.632200e-01;6.355625e-02;5.522909e-02;7.929785e-02;8.688354e-02;1.726782e-01;3.442621e-02;1.162896e-01
5.804355e-02;4.379874e-02;9.060396e-02;1.044102e-01;1.105919e-01;6.668962e-02;9.860326e-02;6.714705e-02;1.081080e-01;1.361983e-01;3.105380e-02;8.475171e-02
7.786737e-02;3.850755e-02;1.137852e-01;1.041031e-01;6.032351e-02;7.504436e-02;1.432561e-01;9.511399e-02;9.179801e-02;1.028977e-01;3.395266e-02;6.335055e-02
7.242196e-02;3.897850e-02;1.453181e-01;6.762598e-02;8.219714e-02;7.978819e-02;1.912613e-01;9.874003e-02;7.272125e-02;7.413117e-02;3.392496e-02;4.289140e-02
7.734256e-02;4.106327e-02;1.183480e-01;6.346970e-02;1.159898e-01;1.079545e-01;1.661192e-01;8.185590e-02;6.270181e-02;6.034666e-02;3.477547e-02;7.003315e-02
9.725588e-02;2.204941e-02;8.745573e-02;7.471298e-02;1.461117e-01;9.365872e-02;1.095464e-01;7.601096e-02;6.437872e-02;1.169601e-01;4.907577e-02;6.278357e-02
8.972806e-02;4.170016e-02;9.248614e-02;7.754678e-02;1.028599e-01;4.882478e-02;1.442293e-01;7.554202e-02;1.159156e-01;8.371159e-02;5.266539e-02;7.479030e-02
7.706411e-02;6.417084e-02;9.620978e-02;7.417332e-02;8.187580e-02;6.244849e-02;1.258534e-01;6.734771e-02;1.239107e-01;8.551170e-02;6.009463e-02;8.133955e-02
6.764669e-02;8.030178e-02;1.213154e-01;7.991423e-02;7.138728e-02;6.826019e-02;1.333418e-01;7.174294e-02;1.064374e-01;7.335169e-02;5.905433e-02;6.724625e-02
5.514006e-02;5.461394e-02;1.966438e-01;9.899203e-02;4.482444e-02;6.337852e-02;1.597048e-01;9.399877e-02;8.899735e-02;5.304649e-02;3.714720e-02;5.351261e-02
2.830225e-02;2.399298e-02;2.293555e-01;7.889014e-02;3.155693e-02;7.685561e-02;1.747921e-01;1.583695e-01;8.618917e-02;4.476178e-02;2.383421e-02;4.309986e-02
2.816101e-02;3.494442e-02;2.158642e-01;3.688401e-02;2.799151e-02;6.786015e-02;2.092433e-01;2.075313e-01;7.943113e-02;4.777635e-02;1.525173e-02;2.906083e-02
4.122961e-02;6.732894e-02;1.936619e-01;1.448246e-02;4.072691e-02;4.993388e-02;2.420722e-01;1.986110e-01;6.529550e-02;4.462041e-02;2.277819e-02;1.925903e-02
4.787321e-02;9.278236e-02;1.599729e-01;2.560857e-02;6.093100e-02;5.582470e-02;2.609453e-01;1.335022e-01;6.122728e-02;3.960663e-02;3.505176e-02;2.667412e-02
4.527283e-02;1.024420e-01;1.082640e-01;4.328275e-02;6.193728e-02;6.989817e-02;3.201035e-01;8.861317e-02;4.735149e-02;3.932101e-02;3.726924e-02;3.624449e-02
9.010897e-02;6.004419e-02;6.418440e-02;5.522723e-02;6.200286e-02;9.439570e-02;3.383069e-01;9.144101e-02;5.383650e-02;4.130255e-02;2.399179e-02;2.515788e-02
1.264176e-01;4.609825e-02;4.697827e-02;5.318118e-02;7.851993e-02;1.191411e-01;2.765055e-01;7.587131e-02;6.890038e-02;5.014240e-02;2.701594e-02;3.122805e-02
1.359071e-01;3.781970e-02;3.432322e-02;4.061092e-02;9.989864e-02;1.367931e-01;2.471324e-01;7.128576e-02;7.133546e-02;6.438877e-02;2.894852e-02;3.155646e-02
1.107689e-01;3.265970e-02;1.170580e-01;2.666167e-02;7.749759e-02;1.245071e-01;2.219687e-01;7.723973e-02;6.412306e-02;7.342605e-02;3.665714e-02;3.743232e-02
9.005845e-02;5.999809e-02;1.029997e-01;2.887230e-02;4.222002e-02;1.016836e-01;3.339016e-01;7.930295e-02;5.153274e-02;3.631345e-02;4.418235e-02;2.893482e-02
8.837979e-02;7.693392e-02;6.275873e-02;4.568238e-02;5.692548e-02;1.321464e-01;3.454701e-01;5.941572e-02;4.814923e-02;3.768928e-02;3.067907e-02;1.576988e-02
1.103067e-01;9.566215e-02;4.124712e-02;6.307269e-02;5.860052e-02;1.434631e-01;3.212409e-01;3.608814e-02;4.482603e-02;5.360144e-02;1.448041e-02;1.741076e-02
1.783519e-01;1.217012e-01;2.692599e-02;7.948769e-02;6.718460e-02;1.265554e-01;2.590666e-01;2.010602e-02;2.603580e-02;6.678601e-02;6.351874e-03;2.144689e-02
2.198503e-01;1.299403e-01;2.819996e-02;7.342357e-02;8.010428e-02;1.407422e-01;2.003166e-01;2.138159e-02;1.431828e-02;7.033279e-02;3.601745e-03;1.778832e-02
2.359648e-01;1.347756e-01;1.844954e-02;5.986821e-02;9.049731e-02;1.874225e-01;1.377191e-01;1.930900e-02;1.857974e-02;6.876612e-02;1.504500e-02;1.360301e-02
2.503482e-01;1.259114e-01;1.410074e-02;5.030752e-02;8.681254e-02;2.058159e-01;1.098966e-01;2.235856e-02;2.214783e-02;5.709402e-02;3.384835e-02;2.135826e-02
2.510670e-01;1.115697e-01;2.557069e-02;4.747622e-02;8.288082e-02;1.740388e-01;1.207729e-01;2.497003e-02;3.389936e-02;5.323666e-02;4.022964e-02;3.428827e-02
2.606147e-01;8.509873e-02;7.415944e-02;4.593732e-02;7.856038e-02;1.139941e-01;1.313740e-01;3.250191e-02;4.321996e-02;5.034946e-02;3.273250e-02;5.145746e-02
3.023673e-01;3.167663e-02;1.300413e-01;4.850642e-02;5.702540e-02;6.987519e-02;1.329888e-01;2.978180e-02;3.935510e-02;4.742672e-02;5.232283e-02;5.863252e-02
2.977502e-01;8.789451e-02;9.615898e-02;4.155498e-02;4.502022e-02;8.227316e-02;1.179785e-01;4.158581e-02;3.232874e-02;6.289596e-02;6.602977e-02;2.852918e-02
3.407141e-01;9.798150e-02;5.030227e-02;2.923770e-02;4.766683e-02;8.242197e-02;1.528007e-01;4.094348e-02;2.125170e-02;4.330361e-02;5.679945e-02;3.657667e-02
3.492519e-01;8.968016e-02;2.525743e-02;1.865082e-02;7.117368e-02;9.563383e-02;1.698473e-01;2.167127e-02;3.583943e-02;2.786891e-02;6.139230e-02;3.373297e-02
2.893714e-01;9.802896e-02;5.018979e-02;2.268234e-02;8.895095e-02;9.642225e-02;1.544716e-01;2.455108e-02;5.911307e-02;2.945442e-02;5.619624e-02;3.056792e-02
1.892153e-01;1.298888e-01;9.660614e-02;3.727059e-02;1.070627e-01;8.563999e-02;1.354506e-01;2.662987e-02;7.294741e-02;3.299546e-02;4.403372e-02;4.225936e-02
2.555014e-01;1.574955e-01;7.398091e-02;3.635534e-02;9.616542e-02;6.161871e-02;9.987596e-02;3.599293e-02;4.110669e-02;5.008497e-02;3.687163e-02;5.495050e-02
2.940159e-01;1.476297e-01;5.950109e-02;2.749843e-02;8.024839e-02;7.516396e-02;9.087583e-02;4.235188e-02;3.986964e-02;4.945798e-02;5.621266e-02;3.717449e-02
3.253466e-01;1.384032e-01;3.243884e-02;2.498945e-02;7.122224e-02;1.068328e-01;1.031687e-01;3.213393e-02;3.538606e-02;5.027785e-02;4.964072e-02;3.015958e-02
3.131005e-01;1.160648e-01;3.801606e-02;2.767861e-02;6.839029e-02;1.304159e-01;1.146826e-01;1.965951e-02;2.732387e-02;4.477783e-02;5.833552e-02;4.155455e-02
2.457875e-01;1.174981e-01;6.517462e-02;4.117002e-02;7.763124e-02;1.169997e-01;1.383589e-01;2.693599e-02;5.308100e-02;3.519509e-02;4.707206e-02;3.509580e-02
1.496169e-01;7.741573e-02;1.325377e-01;6.060539e-02;7.094143e-02;6.555504e-02;1.413087e-01;5.293292e-02;8.340389e-02;5.270369e-02;3.992389e-02;7.305472e-02
1.189023e-01;7.824139e-02;1.642132e-01;5.333968e-02;7.178921e-02;6.497262e-02;1.164095e-01;6.452818e-02;8.248503e-02;5.136853e-02;5.027413e-02;8.347627e-02
1.059354e-01;5.210688e-02;1.692191e-01;3.154877e-02;7.854370e-02;5.039175e-02;9.601220e-02;9.192169e-02;1.095882e-01;7.362705e-02;8.024003e-02;6.086522e-02
6.535543e-02;2.199290e-02;1.222328e-01;4.651769e-02;7.305277e-02;4.800890e-02;1.193887e-01;1.307088e-01;1.155557e-01;8.026903e-02;1.252463e-01;5.167101e-02
4.474054e-02;1.652708e-02;1.435586e-01;5.480039e-02;6.198979e-02;4.748652e-02;9.247417e-02;1.426310e-01;9.191310e-02;8.553795e-02;1.561384e-01;6.220240e-02
3.602683e-02;1.215224e-02;2.061602e-01;5.182733e-02;4.256991e-02;3.189457e-02;9.176677e-02;1.247277e-01;6.842797e-02;1.073086e-01;1.868227e-01;4.031517e-02
4.702306e-02;1.084961e-02;2.681118e-01;4.434485e-02;2.749879e-02;1.654456e-02;1.313218e-01;9.314930e-02;4.813234e-02;1.124292e-01;1.744796e-01;2.611507e-02
6.776913e-02;5.789098e-03;2.776186e-01;4.946443e-02;2.011313e-02;1.428051e-02;1.648030e-01;8.020196e-02;3.138852e-02;1.063604e-01;1.662095e-01;1.600183e-02
8.452156e-02;1.296403e-02;2.707131e-01;5.348475e-02;1.188336e-02;8.164001e-03;1.578230e-01;6.642110e-02;2.853682e-02;1.013449e-01;1.903847e-01;1.375865e-02
1.198100e-01;1.646304e-02;2.655894e-01;6.015518e-02;1.430906e-02;7.382484e-03;1.493733e-01;4.910478e-02;3.184125e-02;8.282217e-02;1.816905e-01;2.145883e-02
1.611644e-01;6.768117e-02;2.789614e-01;5.769560e-02;1.196096e-02;1.511271e-02;1.409656e-01;3.757128e-02;2.240584e-02;6.496605e-02;1.252404e-01;1.627455e-02
1.703189e-01;1.218631e-01;2.705837e-01;8.268570e-02;1.074736e-02;2.964394e-02;1.291540e-01;4.140622e-02;1.645097e-02;4.589802e-02;7.031504e-02;1.093310e-02
1.322516e-01;9.002915e-02;3.009220e-01;1.434685e-01;3.080725e-02;5.725223e-02;1.082007e-01;3.731976e-02;1.664064e-02;3.539750e-02;4.081801e-02;6.892559e-03
8.131266e-02;3.965795e-02;2.845661e-01;1.869702e-01;7.311610e-02;8.496981e-02;9.102104e-02;5.053977e-02;1.777261e-02;3.675178e-02;4.192302e-02;1.139896e-02
4.119932e-02;3.692568e-02;2.178070e-01;1.872101e-01;1.017419e-01;9.697677e-02;9.518725e-02;8.009372e-02;2.282068e-02;4.026682e-02;6.342325e-02;1.634757e-02
3.130677e-02;4.663023e-02;1.699350e-01;1.652805e-01;1.301922e-01;7.592909e-02;7.096284e-02;8.512976e-02;6.102934e-02;4.137528e-02;8.178014e-02;4.044880e-02
1.082963e-01;4.860941e-02;1.295220e-01;1.081870e-01;1.527262e-01;5.991670e-02;7.533065e-02;4.836752e-02;7.567127e-02;3.896868e-02;7.923479e-02;7.516935e-02
2.191763e-01;7.295261e-02;8.816027e-02;6.427146e-02;8.966778e-02;8.088216e-02;1.364370e-01;2.113824e-02;4.418789e-02;3.339654e-02;5.430659e-02;9.542321e-02
2.472000e-01;1.381154e-01;5.931828e-02;4.943135e-02;4.452730e-02;8.447120e-02;2.114798e-01;1.200979e-02;2.422407e-02;2.430053e-02;2.873357e-02;7.618871e-02
1.384798e-01;1.755864e-01;6.768123e-02;3.022253e-02;6.042211e-02;1.131910e-01;2.991341e-01;2.492960e-02;2.288592e-02;1.883438e-02;1.835960e-02;3.027342e-02
5.225991e-02;1.498736e-01;7.126052e-02;5.184480e-02;7.594588e-02;1.318635e-01;3.542797e-01;4.290228e-02;2.589784e-02;1.923698e-02;1.659958e-02;8.035438e-03
2.312713e-02;7.823958e-02;1.530835e-01;5.890417e-02;5.059135e-02;8.273635e-02;3.909306e-01;6.993993e-02;4.321111e-02;2.490378e-02;1.243783e-02;1.189456e-02
4.071029e-02;5.351675e-02;1.895438e-01;5.742155e-02;3.318140e-02;4.546522e-02;3.627613e-01;8.155066e-02;6.776848e-02;4.440926e-02;8.199785e-03;1.547152e-02
5.317929e-02;6.355961e-02;1.320066e-01;9.374684e-02;5.329478e-02;4.342342e-02;2.873621e-01;6.556213e-02;6.850023e-02;9.051641e-02;3.048843e-02;1.836015e-02
5.231043e-02;8.520941e-02;1.364705e-01;1.111792e-01;5.341095e-02;5.635805e-02;1.937656e-01;4.727510e-02;5.268604e-02;1.208301e-01;5.751521e-02;3.298939e-02
5.325212e-02;6.746794e-02;1.666921e-01;9.179521e-02;3.363884e-02;5.148279e-02;2.204271e-01;7.645296e-02;5.991270e-02;9.670564e-02;5.542469e-02;2.674796e-02
5.492911e-02;4.744660e-02;1.731851e-01;8.823904e-02;4.453298e-02;4.063436e-02;2.409299e-01;1.209964e-01;5.006270e-02;7.960169e-02;3.949919e-02;1.994296e-02
7.332047e-02;6.247960e-02;1.505934e-01;8.499106e-02;6.494865e-02;4.851292e-02;2.124238e-01;1.143607e-01;5.417091e-02;7.316031e-02;2.404601e-02;3.699223e-02
7.995545e-02;1.099288e-01;9.922560e-02;8.194917e-02;7.058893e-02;5.507447e-02;1.828986e-01;1.089085e-01;6.231290e-02;7.418104e-02;4.498198e-02;2.999451e-02
4.991747e-02;8.554983e-02;1.584089e-01;7.382895e-02;6.846609e-02;6.988881e-02;1.662628e-01;6.861582e-02;8.883332e-02;8.458178e-02;5.223419e-02;3.341208e-02
8.666556e-02;5.941199e-02;1.522289e-01;5.834714e-02;6.553368e-02;6.520330e-02;1.681506e-01;2.935072e-02;1.383518e-01;9.005428e-02;3.186718e-02;5.483485e-02
8.393347e-02;6.751808e-02;9.366984e-02;6.827477e-02;5.382894e-02;9.659983e-02;1.625226e-01;7.475232e-02;8.790056e-02;1.080766e-01;3.225133e-02;7.067163e-02
5.635794e-02;6.865115e-02;1.153274e-01;8.883421e-02;4.555462e-02;1.104521e-01;1.308808e-01;1.023646e-01;5.978067e-02;1.055916e-01;3.782779e-02;7.837715e-02
4.453849e-02;7.707745e-02;1.260761e-01;1.017455e-01;7.057462e-02;1.078934e-01;9.388529e-02;8.668608e-02;8.686835e-02;9.351636e-02;5.441860e-02;5.671975e-02
7.536390e-02;6.941684e-02;1.163949e-01;9.487139e-02;7.353097e-02;1.355674e-01;1.203759e-01;6.131398e-02;8.110505e-02;8.645164e-02;5.629193e-02;2.931611e-02
9.677529e-02;7.099710e-02;1.100563e-01;7.703179e-02;4.105475e-02;1.034950e-01;1.779571e-01;7.543627e-02;6.416886e-02;9.118503e-02;5.918602e-02;3.265648e-02
9.814599e-02;8.678701e-02;1.019724e-01;6.714869e-02;4.029073e-02;7.762992e-02;1.719240e-01;7.713831e-02;8.977258e-02;8.811386e-02;5.641279e-02;4.466376e-02
9.141606e-02;6.251246e-02;1.281361e-01;7.704845e-02;6.096742e-02;5.785017e-02;1.547354e-01;6.383701e-02;9.413137e-02;8.846182e-02;5.998925e-02;6.091452e-02
1.096375e-01;7.119910e-02;1.519876e-01;6.601543e-02;6.947769e-02;6.569176e-02;1.630175e-01;4.118885e-02;6.717417e-02;8.178851e-02;7.438944e-02;3.843244e-02
1.023467e-01;6.411882e-02;1.086729e-01;6.618599e-02;5.493451e-02;8.369894e-02;1.836214e-01;5.842086e-02;5.126325e-02;1.014602e-01;6.883228e-02;5.644419e-02
6.703189e-02;9.297610e-02;1.269848e-01;6.962936e-02;3.130287e-02;6.817994e-02;1.240291e-01;8.392876e-02;8.101154e-02;1.278625e-01;7.176505e-02;5.529807e-02
6.197932e-02;7.615906e-02;1.239990e-01;7.032561e-02;4.045507e-02;8.263341e-02;1.448702e-01;8.546325e-02;5.944412e-02;1.198508e-01;7.840151e-02;5.641864e-02
5.829503e-02;5.263931e-02;1.128881e-01;5.853884e-02;6.713095e-02;7.643564e-02;1.740835e-01;8.089024e-02;8.781774e-02;7.879972e-02;7.538363e-02;7.709730e-02
5.463821e-02;8.788906e-02;1.151343e-01;3.260364e-02;7.796068e-02;1.327835e-01;1.262393e-01;5.856609e-02;1.210695e-01;4.476468e-02;5.648455e-02;9.186658e-02
4.308583e-02;1.060148e-01;1.362232e-01;5.072686e-02;8.473417e-02;1.659478e-01;1.052029e-01;7.478431e-02;1.031167e-01;2.969945e-02;3.539270e-02;6.507137e-02
3.394200e-02;6.620474e-02;1.396713e-01;1.075507e-01;8.625535e-02;1.036907e-01;1.851569e-01;8.517524e-02;6.790778e-02;3.171984e-02;5.540598e-02;3.731947e-02
2.363909e-02;5.316280e-02;1.148290e-01;1.232467e-01;8.532365e-02;6.461406e-02;2.055842e-01;8.954136e-02;8.218934e-02;5.165873e-02;6.229648e-02;4.391463e-02
3.307959e-02;8.253198e-02;9.396852e-02;1.242017e-01;6.490717e-02;7.103334e-02;1.490805e-01;7.051171e-02;1.252380e-01;8.426592e-02;3.866918e-02;6.251235e-02
4.348290e-02;9.325948e-02;1.296395e-01;1.406762e-01;6.892052e-02;6.582043e-02;1.001189e-01;6.334098e-02;1.054853e-01;7.692858e-02;3.303130e-02;7.929582e-02
6.629850e-02;6.742360e-02;1.553112e-01;8.599859e-02;6.942383e-02;8.875719e-02;1.239715e-01;7.055392e-02;8.837830e-02;6.657249e-02;2.861909e-02;8.869176e-02
6.843371e-02;5.728067e-02;1.051881e-01;8.347791e-02;6.609281e-02;9.502603e-02;1.638390e-01;7.483742e-02;9.776633e-02;6.082640e-02;4.356798e-02;8.366370e-02
7.309841e-02;8.346762e-02;8.608654e-02;1.029328e-01;6.205428e-02;7.093868e-02;1.567584e-01;7.165029e-02;1.029154e-01;7.352994e-02;6.570652e-02;5.086128e-02
9.065554e-02;7.074039e-02;1.491616e-01;1.466952e-01;7.435428e-02;6.472716e-02;1.125407e-01;5.089120e-02;8.355630e-02;6.255867e-02;7.027679e-02;2.384224e-02
7.976828e-02;5.654588e-02;1.499878e-01;1.197239e-01;8.840343e-02;8.561556e-02;1.166735e-01;5.798722e-02;1.057444e-01;4.529832e-02;5.362250e-02;4.062930e-02
8.088310e-02;4.290175e-02;1.378951e-01;5.053132e-02;9.321105e-02;7.720870e-02;1.435450e-01;5.540305e-02;1.172676e-01;6.933562e-02;9.861724e-02;3.320047e-02
1.133342e-01;5.574914e-02;7.040654e-02;1.030780e-01;9.263747e-02;9.188455e-02;1.162079e-01;4.051610e-02;8.754113e-02;9.598979e-02;9.513274e-02;3.752241e-02
4.592317e-02;4.316712e-02;1.375802e-01;7.302032e-02;7.012171e-02;1.001524e-01;1.442236e-01;6.991831e-02;1.198324e-01;1.028776e-01;4.811575e-02;4.506745e-02
5.360679e-02;5.679226e-02;1.593044e-01;6.740467e-02;7.100154e-02;7.051712e-02;1.448685e-01;6.892407e-02;1.255787e-01;1.034690e-01;4.689262e-02;3.164028e-02
5.682592e-02;7.203982e-02;1.862563e-01;6.372710e-02;6.099192e-02;5.618918e-02;1.078880e-01;5.929856e-02;1.457206e-01;1.016452e-01;5.614252e-02;3.327480e-02
3.197568e-02;7.145556e-02;2.203051e-01;1.071543e-01;5.848939e-02;5.081576e-02;6.222130e-02;6.965925e-02;1.654875e-01;7.573456e-02;5.921163e-02;2.749001e-02
1.723616e-02;6.908663e-02;2.082805e-01;1.436385e-01;6.666607e-02;5.523185e-02;4.579069e-02;7.473402e-02;1.703838e-01;6.722475e-02;5.323252e-02;2.849449e-02
2.998231e-02;6.514230e-02;1.370295e-01;1.423354e-01;1.099535e-01;7.547413e-02;5.611634e-02;6.625608e-02;1.343775e-01;8.950057e-02;4.311883e-02;5.071348e-02
4.783230e-02;2.513516e-02;1.000428e-01;1.892610e-01;1.172119e-01;1.147567e-01;9.003022e-02;6.461728e-02;1.344898e-01;4.503879e-02;1.923843e-02;5.234559e-02
6.353580e-02;2.529082e-02;1.354699e-01;2.111634e-01;8.412534e-02;9.324510e-02;7.137700e-02;4.969995e-02;1.575984e-01;5.622204e-02;1.140163e-02;4.087054e-02
9.531969e-02;5.005145e-02;1.540485e-01;1.623853e-01;7.746728e-02;8.529117e-02;1.058307e-01;4.771160e-02;1.251865e-01;5.759515e-02;9.243559e-03;2.986898e-02
1.037815e-01;5.535212e-02;7.546678e-02;6.581328e-02;1.012045e-01;1.179238e-01;2.041411e-01;8.222110e-02;1.086418e-01;6.130469e-02;6.225690e-03;1.792358e-02
8.569881e-02;3.871118e-02;3.288031e-02;6.902224e-02;1.083147e-01;1.142728e-01;2.482888e-01;9.360056e-02;1.102109e-01;8.084769e-02;7.790453e-03;1.036157e-02
7.442681e-02;6.715173e-02;3.267317e-02;8.244625e-02;1.155634e-01;1.087446e-01;2.314463e-01;7.504463e-02;8.107767e-02;1.036426e-01;1.087300e-02;1.690972e-02
4.477742e-02;7.548687e-02;4.427130e-02;7.392708e-02;9.411439e-02;1.215352e-01;2.230263e-01;6.859408e-02;9.508383e-02;1.052089e-01;2.580289e-02;2.817174e-02
3.060732e-02;4.043131e-02;4.316771e-02;4.899487e-02;7.019451e-02;1.592588e-01;3.437473e-01;6.889442e-02;6.680232e-02;7.135987e-02;3.391678e-02;2.262475e-02
5.470026e-02;4.780239e-02;4.476481e-02;4.245985e-02;7.573391e-02;2.106101e-01;3.212904e-01;5.950400e-02;4.636545e-02;4.510491e-02;3.779500e-02;1.386883e-02
6.869909e-02;6.045458e-02;6.177706e-02;6.587679e-02;6.765596e-02;1.559034e-01;3.063113e-01;4.962982e-02;6.557684e-02;5.195741e-02;3.603936e-02;1.011834e-02
3.673547e-02;5.593494e-02;7.034937e-02;1.402008e-01;6.055630e-02;9.863189e-02;3.587871e-01;5.547364e-02;4.983102e-02;3.460787e-02;2.633614e-02;1.255550e-02
1.214545e-02;4.295886e-02;8.098998e-02;2.039167e-01;4.979368e-02;5.888036e-02;3.706873e-01;8.278512e-02;4.361780e-02;2.435247e-02;2.042824e-02;9.444026e-03
1.238092e-02;3.217562e-02;9.398278e-02;2.098588e-01;7.773194e-02;3.751887e-02;3.652045e-01;7.098499e-02;4.010324e-02;2.780925e-02;2.139900e-02;1.085014e-02
3.083172e-02;4.104599e-02;1.036552e-01;1.685218e-01;8.975401e-02;4.966417e-02;3.082748e-01;7.470058e-02;5.873445e-02;3.096208e-02;2.650593e-02;1.734930e-02
4.235919e-02;5.527118e-02;8.380947e-02;1.210354e-01;1.316272e-01;7.872459e-02;2.572184e-01;9.364852e-02;6.302475e-02;2.493092e-02;3.063310e-02;1.771728e-02
4.500151e-02;6.121013e-02;5.214081e-02;1.406018e-01;1.300078e-01;1.280102e-01;2.139820e-01;9.410322e-02;4.347271e-02;3.273296e-02;3.748871e-02;2.124808e-02
4.941734e-02;5.390033e-02;3.919164e-02;1.458597e-01;1.636866e-01;1.884757e-01;1.500848e-01;7.505012e-02;3.423810e-02;3.291542e-02;3.840616e-02;2.877407e-02
4.780383e-02;3.793010e-02;4.801171e-02;1.776662e-01;1.550785e-01;1.789463e-01;1.560541e-01;5.710252e-02;4.637004e-02;3.322931e-02;3.046125e-02;3.134621e-02
7.495006e-02;3.637437e-02;5.650780e-02;2.491056e-01;8.419750e-02;8.419499e-02;1.997628e-01;5.928129e-02;4.799722e-02;5.454157e-02;2.676793e-02;2.631888e-02
9.808880e-02;4.426296e-02;5.193363e-02;1.953002e-01;1.233330e-01;7.387561e-02;1.804065e-01;6.602641e-02;4.319228e-02;4.246816e-02;4.349618e-02;3.761626e-02
1.043883e-01;4.911723e-02;8.179439e-02;1.088006e-01;9.952768e-02;7.097698e-02;2.394030e-01;5.834588e-02;6.040297e-02;3.968444e-02;5.549951e-02;3.205903e-02
7.723748e-02;4.329431e-02;1.017795e-01;1.019634e-01;9.637892e-02;6.367847e-02;2.813198e-01;5.336763e-02;5.411306e-02;4.510136e-02;5.733737e-02;2.442866e-02
4.815162e-02;4.461907e-02;8.220875e-02;1.284779e-01;9.673582e-02;9.109587e-02;2.963517e-01;5.668747e-02;4.391669e-02;3.429596e-02;6.056422e-02;1.689490e-02
3.678278e-02;6.219579e-02;7.903713e-02;1.561774e-01;7.332744e-02;1.005261e-01;2.944004e-01;5.460885e-02;4.425906e-02;3.491392e-02;4.069747e-02;2.307370e-02
4.672701e-02;4.860899e-02;1.045865e-01;1.629913e-01;7.279439e-02;8.776427e-02;2.713050e-01;4.148539e-02;4.462957e-02;5.105384e-02;4.398242e-02;2.407138e-02
7.097340e-02;8.067472e-02;1.170837e-01;1.615985e-01;9.753359e-02;9.221210e-02;1.469484e-01;5.257828e-02;6.000099e-02;5.366549e-02;4.915300e-02;1.757770e-02
7.225793e-02;9.170279e-02;9.340291e-02;1.845673e-01;7.543205e-02;1.022268e-01;1.218945e-01;5.678967e-02;5.277023e-02;3.628897e-02;6.773728e-02;4.492954e-02
4.301210e-02;4.593017e-02;5.356075e-02;1.642087e-01;6.932463e-02;1.004445e-01;2.058939e-01;6.369551e-02;6.306434e-02;5.126058e-02;7.536826e-02;6.423645e-02
4.850486e-02;1.634169e-01;1.287618e-01;8.184305e-02;7.247308e-02;8.009146e-02;1.150266e-01;4.162639e-02;4.621058e-02;1.223172e-01;4.787877e-02;5.184945e-02
4.040895e-02;2.026663e-01;1.272566e-01;8.318456e-02;7.709900e-02;8.477898e-02;5.932764e-02;4.963778e-02;6.493255e-02;1.064408e-01;6.513993e-02;3.912700e-02
5.567575e-02;1.853243e-01;1.009715e-01;8.545887e-02;6.497669e-02;8.864279e-02;9.738260e-02;6.228226e-02;8.320259e-02;9.083928e-02;5.466687e-02;3.057654e-02
8.807045e-02;1.262296e-01;1.198593e-01;6.305104e-02;5.803063e-02;6.380479e-02;1.172392e-01;9.051310e-02;8.607389e-02;6.769239e-02;5.753000e-02;6.190557e-02
8.433903e-02;9.435475e-02;1.292193e-01;5.078650e-02;5.603980e-02;5.688224e-02;1.113551e-01;1.116724e-01;7.987608e-02;6.002953e-02;7.039548e-02;9.504978e-02
7.266482e-02;1.218388e-01;9.526802e-02;6.953564e-02;8.280119e-02;6.742468e-02;1.182183e-01;8.717770e-02;5.870375e-02;9.221771e-02;5.165212e-02;8.249724e-02
5.505433e-02;1.009758e-01;8.003069e-02;6.460506e-02;1.334777e-01;1.309765e-01;8.227330e-02;2.782683e-02;5.819237e-02;1.394084e-01;8.119617e-02;4.598296e-02
2.746603e-02;7.022581e-02;6.016961e-02;3.528465e-02;1.105001e-01;1.847140e-01;9.921134e-02;3.198333e-02;4.334696e-02;1.238581e-01;1.661555e-01;4.708456e-02
1.611029e-02;4.153506e-02;6.358223e-02;2.083320e-02;5.666504e-02;2.232324e-01;1.199169e-01;2.481773e-02;3.413154e-02;6.626260e-02;2.804351e-01;5.247801e-02
1.644236e-02;1.197076e-02;8.564283e-02;1.265727e-02;2.784083e-02;2.228789e-01;9.127666e-02;1.725141e-02;4.925127e-02;4.303189e-02;3.761881e-01;4.556779e-02
2.153736e-02;2.204086e-02;9.954658e-02;2.100352e-02;2.675255e-02;1.612804e-01;5.845620e-02;4.969033e-02;7.182161e-02;5.363992e-02;3.546042e-01;5.962655e-02
2.626972e-02;2.775916e-02;5.888122e-02;6.553920e-02;2.146235e-02;7.337365e-02;1.588943e-01;6.071193e-02;4.775796e-02;4.653001e-02;1.978789e-01;2.149416e-01
4.510583e-02;3.431815e-02;1.659663e-02;1.019618e-01;1.828043e-02;3.335329e-02;2.100984e-01;6.653150e-02;2.819984e-02;9.855686e-02;6.161875e-02;2.853785e-01
1.114265e-01;2.884218e-02;1.163886e-02;9.211159e-02;3.374579e-02;3.114649e-02;1.472163e-01;1.149038e-01;4.097055e-02;1.269407e-01;5.147751e-02;2.095797e-01
1.989869e-01;2.650595e-02;2.328750e-02;4.675184e-02;7.860053e-02;2.744081e-02;7.675026e-02;1.873943e-01;4.991126e-02;7.155129e-02;1.124396e-01;1.003798e-01
2.069103e-01;6.463858e-02;2.879372e-02;1.987525e-02;8.703539e-02;2.667964e-02;4.732843e-02;1.687825e-01;1.039575e-01;4.064167e-02;1.652570e-01;4.010006e-02
1.493942e-01;1.245225e-01;3.931023e-02;2.516662e-02;5.455096e-02;5.144797e-02;3.636484e-02;9.899821e-02;2.088014e-01;4.449315e-02;1.321007e-01;3.484921e-02
8.132303e-02;1.536845e-01;8.814225e-02;3.121386e-02;2.687477e-02;7.087433e-02;3.683735e-02;3.999046e-02;2.829345e-01;4.401996e-02;6.097881e-02;8.312622e-02
5.254547e-02;1.359055e-01;1.453002e-01;2.812319e-02;1.655138e-02;6.388501e-02;3.259423e-02;5.100038e-02;2.408047e-01;8.068213e-02;5.817819e-02;9.442955e-02
9.750702e-02;1.271670e-01;1.601199e-01;2.868543e-02;1.608237e-02;5.465818e-02;3.923413e-02;7.629355e-02;1.335161e-01;9.145395e-02;1.016475e-01;7.363485e-02
1.077256e-01;1.035573e-01;2.620303e-01;3.993319e-02;3.227520e-02;3.209362e-02;5.894391e-02;5.587927e-02;8.730300e-02;5.460770e-02;1.027637e-01;6.288727e-02
6.200713e-02;6.019169e-02;3.839626e-01;4.007365e-02;4.122986e-02;3.836982e-02;7.934027e-02;4.841594e-02;8.136935e-02;5.734999e-02;5.901036e-02;4.867931e-02
3.715437e-02;3.839391e-02;4.178030e-01;5.289441e-02;2.983587e-02;4.575476e-02;7.891452e-02;5.968914e-02;1.093978e-01;5.939008e-02;4.377731e-02;2.699475e-02
3.855256e-02;1.570629e-02;4.313262e-01;7.125317e-02;2.723236e-02;3.420476e-02;7.117436e-02;6.478339e-02;1.294371e-01;5.076172e-02;3.347716e-02;3.209087e-02
2.930989e-02;1.782863e-02;4.675498e-01;8.073127e-02;3.168532e-02;3.839614e-02;6.626191e-02;4.470285e-02;8.825270e-02;4.631490e-02;4.650947e-02;4.245719e-02
2.667237e-02;3.056526e-02;4.463971e-01;8.895399e-02;4.013836e-02;3.982092e-02;8.082324e-02;3.784037e-02;4.857986e-02;4.002455e-02;5.801673e-02;6.216728e-02
2.239377e-02;5.411856e-02;4.204185e-01;1.097883e-01;5.370364e-02;3.684260e-02;1.271820e-01;2.424585e-02;3.270087e-02;4.225797e-02;3.166512e-02;4.468281e-02
1.622697e-02;5.305913e-02;3.710594e-01;8.658035e-02;6.833896e-02;3.229240e-02;1.475111e-01;3.474571e-02;6.161947e-02;8.062188e-02;2.840895e-02;1.953562e-02
1.673840e-02;5.609164e-02;3.315068e-01;4.517501e-02;9.336789e-02;3.332746e-02;1.271364e-01;6.266420e-02;8.397587e-02;1.190102e-01;2.207773e-02;8.928452e-03
3.049634e-02;1.014171e-01;3.104360e-01;2.251366e-02;7.023569e-02;8.907200e-02;6.852281e-02;9.536301e-02;7.543282e-02;1.098740e-01;1.179845e-02;1.483811e-02
7.018501e-02;1.426783e-01;2.576779e-01;2.791888e-02;1.955525e-02;1.746266e-01;4.377364e-02;6.209002e-02;9.294091e-02;8.075915e-02;5.603754e-03;2.219056e-02
1.268691e-01;1.238074e-01;2.049756e-01;3.160177e-02;3.080121e-02;1.419721e-01;8.970777e-02;3.141712e-02;7.785866e-02;1.103312e-01;1.041779e-02;2.024034e-02
1.856948e-01;8.033426e-02;1.571204e-01;2.143992e-02;6.935401e-02;9.000208e-02;1.204501e-01;6.976851e-02;6.577455e-02;9.349332e-02;1.954410e-02;2.702394e-02
1.818909e-01;4.252907e-02;9.161408e-02;2.821030e-02;5.556952e-02;1.861947e-01;1.170652e-01;7.858371e-02;8.083444e-02;6.384877e-02;2.363080e-02;5.002854e-02
1.236941e-01;2.280173e-02;2.651607e-02;4.478208e-02;8.442422e-02;2.032876e-01;1.544155e-01;1.054004e-01;5.349595e-02;7.062341e-02;4.015180e-02;7.040714e-02
5.782925e-02;1.895093e-02;5.226314e-02;5.043350e-02;1.392617e-01;1.662703e-01;1.650880e-01;1.337102e-01;3.089870e-02;5.659062e-02;7.028975e-02;5.841397e-02
8.671750e-03;1.904971e-02;5.932730e-02;8.296295e-02;1.123497e-01;2.283200e-01;1.687360e-01;8.942134e-02;3.047221e-02;7.836750e-02;9.176634e-02;3.055522e-02
2.392693e-02;2.984549e-02;5.857969e-02;1.027050e-01;1.594486e-01;1.334078e-01;1.491857e-01;5.367387e-02;5.050264e-02;1.362982e-01;8.620363e-02;1.622245e-02
3.119193e-02;2.814373e-02;5.532967e-02;1.071084e-01;2.014838e-01;9.002887e-02;1.044050e-01;4.325006e-02;9.214872e-02;1.687254e-01;5.318580e-02;2.499867e-02
4.683370e-02;1.527089e-02;6.690986e-02;1.630976e-01;1.259847e-01;1.036377e-01;9.500145e-02;4.360180e-02;1.614854e-01;1.211452e-01;3.444227e-02;2.258952e-02
4.815771e-02;1.198337e-02;1.140535e-01;2.109103e-01;5.799364e-02;9.249861e-02;8.429650e-02;5.484052e-02;1.895785e-01;7.605258e-02;3.400607e-02;2.562878e-02
3.222980e-02;1.656644e-02;2.380869e-01;1.671825e-01;4.339476e-02;8.380464e-02;7.533294e-02;8.064333e-02;1.370936e-01;4.670315e-02;2.626165e-02;5.270037e-02
9.627670e-03;3.088245e-02;3.758825e-01;7.728390e-02;2.171869e-02;7.264310e-02;9.724678e-02;1.066581e-01;7.564148e-02;2.755235e-02;1.285584e-02;9.200708e-02
6.670076e-03;5.101388e-02;4.273740e-01;3.389205e-02;6.286399e-03;4.264589e-02;1.192723e-01;1.165655e-01;4.417480e-02;2.354838e-02;1.132670e-02;1.172301e-01
1.203822e-02;6.045586e-02;4.229797e-01;2.530977e-02;7.921266e-03;2.379928e-02;1.226652e-01;1.162290e-01;2.616644e-02;2.602912e-02;1.317373e-02;1.432325e-01
1.175020e-02;5.355015e-02;4.003237e-01;2.416567e-02;7.511024e-03;2.369714e-02;1.242194e-01;1.117085e-01;2.804572e-02;2.290865e-02;1.367346e-02;1.784465e-01
7.331408e-03;3.599441e-02;3.709726e-01;2.167649e-02;7.184611e-03;2.879592e-02;1.343011e-01;1.080351e-01;3.649260e-02;1.958210e-02;1.237608e-02;2.172576e-01
8.463752e-03;2.167367e-02;3.334582e-01;3.891347e-02;6.711868e-03;3.318475e-02;1.294381e-01;1.016457e-01;5.483048e-02;1.517346e-02;5.690457e-03;2.508161e-01
2.955936e-02;1.263788e-02;2.720268e-01;6.774319e-02;8.525219e-03;3.154616e-02;9.844960e-02;8.725633e-02;1.060185e-01;2.023419e-02;4.254046e-03;2.617488e-01
6.891771e-02;9.155511e-03;1.821495e-01;9.685185e-02;1.641512e-02;1.850301e-02;5.863566e-02;7.729714e-02;2.087077e-01;4.183058e-02;1.777226e-02;2.037639e-01
9.822914e-02;9.970846e-03;1.053293e-01;1.138403e-01;3.683188e-02;9.272790e-03;4.467209e-02;7.306182e-02;2.867507e-01;8.919792e-02;1.867759e-02;1.141656e-01
1.060649e-01;2.229991e-02;5.557658e-02;1.054729e-01;6.995888e-02;1.141564e-02;3.520743e-02;5.900859e-02;2.619754e-01;2.038165e-01;2.616504e-02;4.303815e-02
7.760322e-02;3.438876e-02;2.975064e-02;6.679056e-02;8.743478e-02;2.070355e-02;1.473105e-02;2.942085e-02;1.536582e-01;4.203683e-01;5.436208e-02;1.078793e-02
3.413117e-02;1.917823e-02;2.484287e-02;2.790029e-02;5.846451e-02;2.273440e-02;1.503317e-02;2.641592e-02;9.415738e-02;4.887187e-01;1.631529e-01;2.527047e-02
4.978557e-02;7.972889e-03;3.535223e-02;1.272991e-02;3.064589e-02;2.920200e-02;2.632921e-02;2.610514e-02;6.547833e-02;3.764449e-01;2.873307e-01;5.262325e-02
1.823048e-01;2.887878e-02;4.554410e-02;1.644013e-02;1.908482e-02;3.529584e-02;4.325063e-02;4.502583e-02;2.957093e-02;1.577742e-01;2.788575e-01;1.179725e-01
3.495148e-01;6.531052e-02;3.657052e-02;1.385882e-02;9.808692e-03;2.652937e-02;7.961135e-02;1.019474e-01;3.165618e-02;4.185475e-02;1.375058e-01;1.058319e-01
4.321076e-01;1.202113e-01;4.829320e-02;9.374047e-03;1.315129e-02;1.004948e-02;6.012302e-02;1.439546e-01;3.094041e-02;2.315060e-02;4.452708e-02;6.411735e-02
4.100746e-01;1.748312e-01;7.019664e-02;7.697454e-03;1.376270e-02;4.786715e-03;2.420498e-02;1.344052e-01;7.954807e-02;2.345436e-02;2.247683e-02;3.456130e-02
3.891430e-01;2.211888e-01;9.010921e-02;9.140799e-03;1.052022e-02;5.538909e-03;6.276048e-03;1.149635e-01;9.607448e-02;2.570689e-02;2.055128e-02;1.078694e-02
3.657188e-01;1.929638e-01;1.201144e-01;9.432858e-03;1.653319e-02;7.116246e-03;2.732316e-02;1.006641e-01;5.671180e-02;2.708632e-02;3.351441e-02;4.282095e-02
3.391618e-01;1.430773e-01;1.069967e-01;1.168735e-02;2.459919e-02;1.624182e-02;5.763074e-02;8.930206e-02;2.832547e-02;5.153210e-02;4.019257e-02;9.125285e-02
2.737872e-01;6.878565e-02;1.337227e-01;1.802024e-02;2.722340e-02;2.250369e-02;7.268481e-02;4.342329e-02;5.396550e-02;8.315334e-02;6.541635e-02;1.373139e-01
2.750273e-01;9.985414e-02;1.558964e-01;2.074691e-02;2.496954e-02;2.230974e-02;5.217426e-02;2.128997e-02;4.424265e-02;8.244894e-02;8.224853e-02;1.187916e-01
2.550847e-01;1.457253e-01;1.215323e-01;4.104681e-02;3.513421e-02;2.315409e-02;3.745620e-02;6.136307e-02;8.795467e-02;5.117476e-02;6.969685e-02;7.067711e-02
2.097760e-01;1.295587e-01;1.088466e-01;4.511204e-02;3.383603e-02;2.254969e-02;5.982047e-02;1.165698e-01;7.721437e-02;6.410807e-02;8.050836e-02;5.209984e-02
2.165769e-01;1.075842e-01;1.017345e-01;2.158652e-02;3.344617e-02;1.305552e-02;7.671725e-02;9.223583e-02;9.439611e-02;8.601253e-02;1.077762e-01;4.887819e-02
2.000049e-01;1.225859e-01;9.942564e-02;2.519080e-02;3.962887e-02;2.951575e-02;8.578043e-02;5.649522e-02;1.038479e-01;9.015409e-02;1.129162e-01;3.445427e-02
1.608809e-01;1.136461e-01;1.418970e-01;2.217297e-02;3.720697e-02;2.419599e-02;8.603973e-02;8.744133e-02;9.150434e-02;9.254160e-02;8.721478e-02;5.525825e-02
2.108718e-01;1.048402e-01;1.598492e-01;5.245083e-02;5.081277e-02;3.214914e-02;4.678972e-02;7.056284e-02;7.688205e-02;7.303517e-02;5.631159e-02;6.544457e-02
2.095933e-01;1.008496e-01;1.247935e-01;8.521672e-02;6.917831e-02;5.562512e-02;4.789156e-02;5.740351e-02;6.288470e-02;5.909508e-02;4.817750e-02;7.929108e-02
1.642553e-01;9.448607e-02;8.302846e-02;9.450835e-02;8.420052e-02;8.059929e-02;7.115953e-02;5.193865e-02;3.422183e-02;6.622837e-02;7.737513e-02;9.799847e-02
1.358763e-01;9.394892e-02;6.971806e-02;1.014045e-01;9.353855e-02;7.475305e-02;7.677768e-02;5.712393e-02;5.850678e-02;7.460369e-02;7.616993e-02;8.757861e-02
1.527204e-01;8.630673e-02;9.226295e-02;8.020195e-02;8.450691e-02;4.827451e-02;7.240135e-02;9.091575e-02;7.101510e-02;1.069424e-01;5.402808e-02;6.042382e-02
1.415158e-01;7.219455e-02;1.316847e-01;5.010654e-02;5.952842e-02;3.256650e-02;9.788042e-02;1.129105e-01;6.901725e-02;9.350669e-02;6.360503e-02;7.548351e-02
1.257779e-01;5.381544e-02;1.081358e-01;7.517944e-02;4.529362e-02;2.735510e-02;1.069773e-01;1.142939e-01;9.071040e-02;9.548416e-02;7.129406e-02;8.568293e-02
1.488159e-01;3.722672e-02;9.601373e-02;1.006772e-01;5.306282e-02;3.154828e-02;9.194545e-02;1.172508e-01;7.389145e-02;9.374385e-02;7.858657e-02;7.723720e-02
1.423680e-01;5.599778e-02;9.376530e-02;1.253209e-01;6.124053e-02;3.472818e-02;9.585520e-02;1.364092e-01;5.059797e-02;7.524539e-02;6.967261e-02;5.879894e-02
1.263482e-01;7.120380e-02;7.024954e-02;1.328742e-01;7.478201e-02;5.182667e-02;9.661880e-02;1.272267e-01;6.547419e-02;7.132099e-02;6.623056e-02;4.584436e-02
1.465844e-01;6.667964e-02;9.892989e-02;1.144247e-01;5.844367e-02;6.825165e-02;1.308230e-01;6.488089e-02;6.416270e-02;7.378183e-02;5.640898e-02;5.662866e-02
