7.359518e-02;4.057550e-02;1.609784e-01;9.793136e-02;7.762508e-02;4.704733e-02;1.340795e-01;7.725247e-02;7.472585e-02;5.154707e-02;8.498128e-02;7.966100e-02
4.371605e-02;5.516408e-02;1.766647e-01;7.336462e-02;1.053747e-01;5.731716e-02;9.800823e-02;9.822588e-02;9.249707e-02;6.013744e-02;7.921328e-02;6.031679e-02
2.434850e-02;6.703217e-02;1.777554e-01;6.875444e-02;9.656353e-02;6.204478e-02;8.067449e-02;1.423308e-01;8.238021e-02;9.505761e-02;6.883401e-02;3.422410e-02
4.593832e-02;7.819104e-02;1.629847e-01;1.069924e-01;7.772959e-02;3.828731e-02;6.847541e-02;1.134673e-01;1.036368e-01;1.197712e-01;5.089761e-02;3.362831e-02
8.389962e-02;8.987407e-02;1.222852e-01;1.240178e-01;7.762717e-02;4.212367e-02;3.682249e-02;5.185839e-02;1.279899e-01;9.225263e-02;8.745756e-02;6.379139e-02
1.091441e-01;8.758447e-02;6.637096e-02;1.518243e-01;4.829559e-02;6.862848e-02;7.530486e-02;6.979527e-02;8.369614e-02;8.493298e-02;9.817224e-02;5.625050e-02
7.301439e-02;9.128022e-02;1.025781e-01;1.393116e-01;5.072157e-02;7.203719e-02;8.829197e-02;1.013477e-01;9.222547e-02;8.853621e-02;6.626765e-02;3.438791e-02
4.963991e-02;6.157552e-02;1.628629e-01;1.161976e-01;1.380847e-01;5.320323e-02;6.750410e-02;9.046794e-02;8.801572e-02;7.764945e-02;5.499962e-02;3.979928e-02
5.840851e-02;7.516515e-02;1.576883e-01;6.238756e-02;1.501049e-01;7.012734e-02;8.285242e-02;9.102333e-02;8.037658e-02;9.314048e-02;4.197401e-02;3.675140e-02
8.630604e-02;1.094558e-01;1.110500e-01;9.670325e-02;8.742085e-02;7.019103e-02;7.323124e-02;7.869711e-02;1.119007e-01;9.459385e-02;4.925406e-02;3.119612e-02
9.658300e-02;1.058170e-01;1.331580e-01;9.786293e-02;1.160547e-01;5.482125e-02;4.659529e-02;7.269620e-02;1.043559e-01;7.330815e-02;5.323888e-02;4.550867e-02
8.667242e-02;1.005568e-01;1.256476e-01;9.621257e-02;1.556177e-01;7.434501e-02;3.269605e-02;5.435427e-02;8.889323e-02;8.342651e-02;5.381900e-02;4.775882e-02
7.023156e-02;8.381353e-02;1.291443e-01;7.870216e-02;8.868411e-02;7.288698e-02;7.700647e-02;5.812370e-02;1.289815e-01;7.657313e-02;7.404603e-02;6.180649e-02
6.430932e-02;7.426589e-02;1.170576e-01;1.069863e-01;6.927432e-02;6.033613e-02;8.104806e-02;6.554853e-02;9.918370e-02;9.364458e-02;9.455590e-02;7.378972e-02
6.573544e-02;6.732086e-02;1.138798e-01;1.035107e-01;9.844369e-02;8.069155e-02;6.569612e-02;5.714601e-02;8.859817e-02;1.111289e-01;8.396909e-02;6.387965e-02
6.735808e-02;6.329519e-02;1.036803e-01;1.020958e-01;1.190109e-01;8.088047e-02;3.484794e-02;1.051236e-01;5.177852e-02;7.780038e-02;1.291726e-01;6.495616e-02
5.738657e-02;4.856099e-02;7.834079e-02;9.431928e-02;1.351514e-01;9.175084e-02;4.782430e-02;1.030971e-01;7.112072e-02;5.652552e-02;1.180817e-01;9.784082e-02
1.179883e-01;3.543825e-02;4.531470e-02;6.042192e-02;1.214882e-01;1.474640e-01;5.614347e-02;9.301998e-02;7.699641e-02;8.667785e-02;7.289634e-02;8.615052e-02
1.648564e-01;5.548651e-02;2.523275e-02;3.420854e-02;6.494991e-02;2.198251e-01;1.128498e-01;8.018336e-02;4.148271e-02;1.273381e-01;2.902863e-02;4.455821e-02
1.099169e-01;1.267692e-01;2.370273e-02;3.983283e-02;3.882868e-02;1.693630e-01;2.351979e-01;6.511503e-02;3.673162e-02;1.007258e-01;2.583047e-02;2.798582e-02
4.160141e-02;1.920514e-01;2.075639e-02;2.709776e-02;4.968027e-02;5.120156e-02;3.877605e-01;6.180077e-02;4.183922e-02;5.855869e-02;4.888555e-02;1.876645e-02
3.013889e-02;1.927599e-01;1.635301e-02;2.263544e-02;7.551023e-02;4.016363e-02;4.152040e-01;5.811886e-02;3.699507e-02;4.414023e-02;4.796721e-02;2.001360e-02
6.473371e-02;1.544039e-01;3.815561e-02;3.949729e-02;6.940841e-02;9.431138e-02;3.409066e-01;6.161203e-02;2.774812e-02;5.336494e-02;2.601544e-02;2.984258e-02
8.965635e-02;1.003776e-01;5.568093e-02;5.830816e-02;4.795536e-02;1.913277e-01;2.573059e-01;5.889960e-02;2.174365e-02;4.307670e-02;4.230492e-02;3.336301e-02
9.054509e-02;8.704512e-02;4.828472e-02;3.836856e-02;2.716463e-02;2.104426e-01;3.143812e-01;3.687884e-02;1.964909e-02;3.667324e-02;6.227091e-02;2.829597e-02
5.339427e-02;6.735848e-02;2.456091e-02;2.679271e-02;1.585447e-02;2.155388e-01;3.952089e-01;5.201995e-02;2.131017e-02;3.988516e-02;7.019847e-02;1.787765e-02
5.296633e-02;8.355478e-02;1.876499e-02;1.716376e-02;2.579700e-02;2.196165e-01;3.845646e-01;6.439695e-02;2.059751e-02;3.338039e-02;5.826723e-02;2.092999e-02
7.776494e-02;1.200271e-01;2.933179e-02;3.983919e-02;6.030848e-02;1.837256e-01;2.832910e-01;7.072563e-02;3.984620e-02;3.627910e-02;3.546665e-02;2.339436e-02
5.668242e-02;1.338796e-01;4.927474e-02;6.794363e-02;8.199257e-02;1.158417e-01;2.276865e-01;7.694651e-02;7.081444e-02;7.413536e-02;2.764934e-02;1.715325e-02
4.089917e-02;9.389632e-02;6.133892e-02;5.100774e-02;6.231659e-02;6.014479e-02;1.785610e-01;1.144995e-01;2.036516e-01;7.282575e-02;2.996541e-02;3.089321e-02
3.562251e-02;4.396514e-02;7.318774e-02;5.189055e-02;2.461988e-02;4.749516e-02;1.141862e-01;1.296705e-01;3.398053e-01;5.953010e-02;3.299405e-02;4.703293e-02
4.225496e-02;2.695036e-02;6.468327e-02;1.023852e-01;1.602917e-02;4.376134e-02;6.215191e-02;1.215762e-01;3.922620e-01;5.622959e-02;2.746643e-02;4.424950e-02
3.871301e-02;1.945430e-02;6.677703e-02;1.759046e-01;1.184632e-02;3.600818e-02;3.645391e-02;1.089821e-01;4.209940e-01;4.118607e-02;1.806634e-02;2.561411e-02
7.467715e-02;1.012163e-02;5.549569e-02;2.684005e-01;1.062551e-02;4.231003e-02;3.910131e-02;7.642812e-02;3.740339e-01;1.904015e-02;8.872564e-03;2.089342e-02
1.402277e-01;1.614470e-02;4.133078e-02;2.601874e-01;1.409058e-02;4.044826e-02;6.095453e-02;4.020653e-02;3.189976e-01;3.000838e-02;1.248008e-02;2.492341e-02
1.335909e-01;1.702339e-02;3.393619e-02;2.090799e-01;2.499864e-02;2.700872e-02;6.604048e-02;1.058142e-01;2.951627e-01;3.517795e-02;2.933489e-02;2.283219e-02
8.130842e-02;2.069127e-02;5.150558e-02;1.182017e-01;3.515675e-02;4.162937e-02;1.020097e-01;1.853593e-01;1.964297e-01;6.366180e-02;6.539591e-02;3.865046e-02
5.811020e-02;2.352874e-02;4.538355e-02;4.160029e-02;3.011615e-02;4.859404e-02;1.114227e-01;1.981464e-01;2.401347e-01;7.933725e-02;8.496616e-02;3.865986e-02
7.062008e-02;2.218492e-02;2.718483e-02;4.904762e-02;2.071431e-02;3.764570e-02;7.094546e-02;1.790139e-01;3.920504e-01;4.025637e-02;5.688277e-02;3.345362e-02
7.625250e-02;2.178860e-02;1.935742e-02;7.443228e-02;2.214657e-02;3.132400e-02;7.505196e-02;1.805137e-01;4.052168e-01;3.142549e-02;2.571894e-02;3.677175e-02
1.239393e-01;2.393222e-02;4.771666e-02;8.976061e-02;1.382084e-02;2.945209e-02;1.026771e-01;2.390351e-01;1.915621e-01;8.117972e-02;1.922082e-02;3.770356e-02
1.036886e-01;2.215186e-02;3.355997e-02;7.602964e-02;1.839940e-02;2.815593e-02;7.032496e-02;1.635412e-01;3.392582e-01;9.003711e-02;2.029620e-02;3.455695e-02
6.137706e-02;2.030011e-02;3.872298e-02;8.594522e-02;2.288014e-02;4.719974e-02;6.013221e-02;9.764280e-02;4.044157e-01;6.985153e-02;4.305792e-02;4.847458e-02
5.362251e-02;3.922076e-02;6.601947e-02;1.141789e-01;2.016979e-02;6.207887e-02;6.320878e-02;7.339629e-02;3.421379e-01;7.175258e-02;3.530277e-02;5.891133e-02
5.138820e-02;3.218650e-02;3.129176e-02;1.188738e-01;2.773336e-02;6.169811e-02;3.268459e-02;1.463765e-01;3.701439e-01;5.960807e-02;1.948512e-02;4.853000e-02
4.091474e-02;2.077604e-02;6.212558e-02;9.069137e-02;4.643515e-02;5.813811e-02;3.492894e-02;1.853737e-01;3.256837e-01;6.495581e-02;3.070403e-02;3.927281e-02
3.408361e-02;2.851317e-02;6.779169e-02;8.183750e-02;5.642440e-02;8.068278e-02;7.742712e-02;1.746245e-01;2.201011e-01;9.089974e-02;5.327186e-02;3.434265e-02
4.282510e-02;4.455888e-02;6.172657e-02;8.945949e-02;4.849363e-02;1.012326e-01;7.281945e-02;1.316836e-01;1.827580e-01;1.400094e-01;4.887558e-02;3.555767e-02
5.558762e-02;5.367070e-02;3.782311e-02;7.305447e-02;3.843310e-02;8.012573e-02;6.479621e-02;1.620567e-01;2.238263e-01;1.410779e-01;3.260595e-02;3.694210e-02
4.533582e-02;3.871292e-02;3.040483e-02;6.702629e-02;5.255462e-02;3.991104e-02;1.563599e-01;1.600723e-01;1.957980e-01;1.238019e-01;4.598701e-02;4.403540e-02
4.283346e-02;2.046262e-02;2.438580e-02;5.026282e-02;4.152628e-02;3.341505e-02;2.940606e-01;1.108443e-01;1.452208e-01;1.473100e-01;5.562855e-02;3.404963e-02
3.060047e-02;1.233298e-02;1.842982e-02;5.412885e-02;2.566128e-02;2.764520e-02;3.108565e-01;9.040006e-02;1.748501e-01;1.866995e-01;5.127537e-02;1.711978e-02
1.891652e-02;8.776500e-03;2.141039e-02;1.000674e-01;3.331932e-02;1.641263e-02;2.049767e-01;7.602140e-02;2.177131e-01;2.330902e-01;5.493707e-02;1.435890e-02
2.556954e-02;1.243128e-02;4.784383e-02;1.459908e-01;2.622822e-02;1.688480e-02;6.894444e-02;1.015801e-01;2.750111e-01;2.023068e-01;5.908346e-02;1.812564e-02
2.387749e-02;1.175549e-02;5.571169e-02;8.996433e-02;1.146622e-02;1.900745e-02;2.437707e-01;1.731220e-01;2.222585e-01;9.126475e-02;3.700568e-02;2.079564e-02
2.156190e-02;1.043144e-02;2.858989e-02;2.473277e-02;1.208787e-02;2.483128e-02;3.940332e-01;2.969981e-01;1.220394e-01;3.340487e-02;1.622253e-02;1.506672e-02
1.522569e-02;9.223091e-03;2.765465e-02;7.382431e-03;9.503147e-03;1.683504e-02;4.718445e-01;3.379353e-01;5.624280e-02;2.985642e-02;9.530324e-03;8.766598e-03
1.211274e-02;1.015126e-02;2.975852e-02;1.499140e-02;8.029471e-03;1.513149e-02;5.488625e-01;2.783916e-01;5.873432e-02;1.400889e-02;6.450825e-03;3.377028e-03
1.154526e-02;1.390066e-02;6.816348e-02;1.018874e-02;1.303253e-02;2.202328e-02;5.772468e-01;2.108468e-01;4.028768e-02;2.017715e-02;9.090895e-03;3.496698e-03
9.240475e-03;1.011762e-02;1.363290e-01;5.588483e-02;2.141166e-02;2.329082e-02;4.422067e-01;2.359584e-01;3.429355e-02;1.881626e-02;6.700585e-03;5.750179e-03
5.637241e-03;1.155781e-02;1.418001e-01;8.057813e-02;3.402327e-02;3.215792e-02;2.999705e-01;3.135266e-01;4.866503e-02;1.698334e-02;6.514929e-03;8.585151e-03
8.803614e-03;5.677473e-03;1.055136e-01;4.815368e-02;2.953981e-02;2.943203e-02;1.910492e-01;4.642182e-01;5.488466e-02;1.824151e-02;1.033803e-02;3.414810e-02
1.929999e-02;7.368952e-03;7.086217e-02;1.365665e-02;1.010153e-02;1.061752e-02;1.166022e-01;5.030589e-01;1.490631e-01;1.895411e-02;9.480011e-03;7.093485e-02
2.082307e-02;9.067077e-03;4.788582e-02;1.433588e-02;4.568549e-03;7.561351e-03;7.956816e-02;4.229433e-01;2.978802e-01;1.603308e-02;5.239020e-03;7.409449e-02
2.147519e-02;5.401718e-03;2.267515e-02;3.066805e-02;5.594983e-03;8.673419e-03;4.166429e-02;2.864367e-01;4.955353e-01;2.928215e-02;6.933406e-03;4.565964e-02
2.845499e-02;1.560830e-03;1.073878e-02;4.298465e-02;9.091731e-03;6.438372e-03;1.971716e-02;1.505511e-01;6.086785e-01;9.306844e-02;9.368979e-03;1.934644e-02
2.779093e-02;6.204618e-03;1.019734e-02;3.597331e-02;3.714322e-02;7.850381e-03;3.023200e-02;8.168036e-02;5.072123e-01;2.231739e-01;2.505873e-02;7.482891e-03
1.792902e-02;2.049438e-02;6.645912e-03;1.685606e-02;1.029747e-01;9.665219e-03;2.347747e-02;4.574764e-02;3.762729e-01;3.286161e-01;4.287715e-02;8.443406e-03
9.337881e-03;4.292372e-02;7.147717e-03;1.417466e-02;1.613076e-01;5.208312e-03;1.875369e-02;4.629764e-02;2.008564e-01;4.297762e-01;5.784204e-02;6.374141e-03
1.015896e-02;5.240851e-02;8.620741e-03;1.467477e-02;1.545575e-01;1.465307e-02;1.501693e-02;5.910327e-02;8.150927e-02;4.876705e-01;8.636842e-02;1.525805e-02
9.499703e-03;4.495208e-02;8.806061e-03;1.386971e-02;7.941214e-02;2.941276e-02;1.483175e-02;6.588575e-02;5.967104e-02;4.396741e-01;2.177981e-01;1.618681e-02
1.331865e-02;1.789856e-02;1.328923e-02;9.803443e-03;3.190187e-02;5.660123e-02;1.679413e-02;6.523492e-02;9.633306e-02;1.912002e-01;4.745007e-01;1.312394e-02
1.262367e-02;1.051382e-02;1.689964e-02;8.389040e-03;1.682274e-02;9.726172e-02;1.465193e-02;4.045545e-02;4.754561e-02;1.886679e-01;5.286009e-01;1.756761e-02
9.078556e-03;6.456457e-03;3.143104e-02;6.256848e-03;8.013429e-03;1.448524e-01;8.562617e-03;2.743888e-02;2.614439e-02;1.700035e-01;5.500806e-01;1.168128e-02
6.109124e-03;5.504450e-03;5.593362e-02;4.751641e-03;1.302647e-02;1.671681e-01;1.028899e-02;2.468716e-02;6.685784e-02;6.200953e-02;5.591542e-01;2.450886e-02
7.048211e-03;1.218247e-02;6.665005e-02;4.609315e-03;1.316863e-02;1.681478e-01;6.940219e-03;2.112930e-02;5.468684e-02;5.703242e-02;5.619259e-01;2.647874e-02
7.177919e-03;5.303398e-02;5.257563e-02;9.765629e-03;2.253907e-02;1.258316e-01;1.051254e-02;1.769402e-02;3.550905e-02;1.951227e-01;4.533711e-01;1.686681e-02
8.804318e-03;9.511186e-02;2.107117e-02;1.621381e-02;5.849590e-02;5.337963e-02;2.630635e-02;6.509827e-02;1.192924e-01;3.059260e-01;2.196030e-01;1.069730e-02
2.154173e-02;9.203614e-02;1.453202e-02;2.480560e-02;6.771253e-02;5.083923e-02;6.367838e-02;1.113402e-01;2.090598e-01;2.419707e-01;8.943675e-02;1.304693e-02
4.118421e-02;9.432422e-02;2.489329e-02;2.585229e-02;6.003086e-02;8.926008e-02;9.959126e-02;1.369026e-01;2.082771e-01;9.511695e-02;1.002330e-01;2.433414e-02
5.850644e-02;8.743518e-02;3.574827e-02;3.272330e-02;3.626054e-02;8.872288e-02;7.359812e-02;6.159041e-02;1.747468e-01;2.143255e-01;1.154420e-01;2.090053e-02
8.157626e-02;4.983012e-02;2.272350e-02;4.401116e-02;2.097658e-02;4.389251e-02;5.614946e-02;4.003339e-02;2.968895e-01;2.610028e-01;7.077320e-02;1.214146e-02
1.402876e-01;2.812596e-02;1.027605e-02;8.093338e-02;1.844670e-02;1.610893e-02;5.157516e-02;3.665671e-02;3.826597e-01;1.645140e-01;5.391665e-02;1.649923e-02
1.391737e-01;2.646379e-02;9.469429e-03;1.377527e-01;2.041790e-02;8.065314e-03;3.844486e-02;3.287299e-02;4.284514e-01;8.099854e-02;6.038763e-02;1.750173e-02
8.404417e-02;2.250643e-02;2.436937e-02;1.879399e-01;1.588438e-02;1.347669e-02;2.856014e-02;3.922845e-02;4.260804e-01;7.492717e-02;6.421536e-02;1.876763e-02
7.703732e-02;2.204560e-02;6.630682e-02;2.085320e-01;1.258414e-02;4.043107e-02;2.664194e-02;5.973472e-02;2.990564e-01;1.037435e-01;4.708473e-02;3.680175e-02
7.523044e-02;1.816325e-02;9.733493e-02;1.538241e-01;1.534533e-02;5.016799e-02;6.043899e-02;1.677280e-01;1.315282e-01;1.165548e-01;3.893515e-02;7.474888e-02
3.418152e-02;1.871753e-02;1.177389e-01;7.170516e-02;1.715415e-02;3.210359e-02;1.202506e-01;2.907323e-01;7.298891e-02;1.035225e-01;4.734863e-02;7.355610e-02
3.972218e-02;2.577215e-02;9.117863e-02;3.845056e-02;1.704302e-02;2.467913e-02;1.377705e-01;2.859390e-01;1.789364e-01;5.818703e-02;5.230141e-02;5.002002e-02
6.434650e-02;2.367832e-02;9.529934e-02;6.440987e-02;2.501053e-02;2.579428e-02;1.082937e-01;2.172455e-01;1.997547e-01;9.342249e-02;4.973561e-02;3.300906e-02
5.063147e-02;3.631594e-02;1.252438e-01;4.796058e-02;2.324449e-02;1.745111e-02;8.136827e-02;1.387461e-01;2.988945e-01;1.287836e-01;3.179891e-02;1.956125e-02
6.962451e-02;5.668345e-02;7.178650e-02;2.819902e-02;1.223668e-02;3.354853e-02;6.088819e-02;1.638113e-01;2.673578e-01;1.312343e-01;6.644274e-02;3.818702e-02
1.018205e-01;3.554316e-02;7.070205e-02;7.253423e-02;2.376794e-02;4.401136e-02;8.131091e-02;1.372214e-01;1.510791e-01;1.523539e-01;9.127115e-02;3.838431e-02
7.490801e-02;2.332497e-02;9.658869e-02;1.107269e-01;3.148589e-02;3.931480e-02;8.226427e-02;9.899001e-02;2.527702e-01;8.245844e-02;6.996150e-02;3.720628e-02
6.525763e-02;2.331493e-02;7.848627e-02;1.388354e-01;2.333406e-02;2.740347e-02;8.892705e-02;1.279241e-01;2.335677e-01;9.635970e-02;5.156138e-02;4.502828e-02
5.663877e-02;1.958119e-02;7.806013e-02;1.091155e-01;1.889266e-02;2.292783e-02;7.048358e-02;1.678390e-01;2.318545e-01;1.292772e-01;3.945670e-02;5.587287e-02
4.644179e-02;2.106580e-02;9.456375e-02;8.037124e-02;1.901126e-02;3.111527e-02;3.248049e-02;2.121720e-01;2.772798e-01;1.024176e-01;3.151644e-02;5.156463e-02
6.809139e-02;2.738093e-02;8.926716e-02;7.495932e-02;2.814837e-02;2.936763e-02;8.804764e-02;2.529294e-01;1.445964e-01;1.046639e-01;4.930177e-02;4.324606e-02
6.094577e-02;2.235542e-02;5.089116e-02;9.632256e-02;2.326374e-02;2.314906e-02;9.588979e-02;1.511324e-01;2.426727e-01;1.375773e-01;6.017880e-02;3.562121e-02
3.543184e-02;1.404502e-02;5.038843e-02;1.420257e-01;1.895755e-02;2.504270e-02;5.403540e-02;1.563378e-01;3.306325e-01;9.023962e-02;4.253234e-02;4.033107e-02
2.049040e-02;2.324698e-02;1.437620e-01;1.355601e-01;1.616475e-02;2.666908e-02;5.816939e-02;2.288738e-01;2.345251e-01;3.228701e-02;3.260069e-02;4.765075e-02
1.563197e-02;4.629732e-02;2.287572e-01;8.930457e-02;4.117566e-02;2.083222e-02;8.700886e-02;2.389444e-01;1.082278e-01;1.427953e-02;6.015092e-02;4.938955e-02
1.762589e-02;9.267873e-02;2.207939e-01;4.333268e-02;7.615582e-02;1.424141e-02;1.397134e-01;1.627259e-01;6.301933e-02;1.863589e-02;1.114812e-01;3.959588e-02
1.857375e-02;1.444945e-01;1.526574e-01;1.876175e-02;9.325688e-02;1.561769e-02;1.784956e-01;1.066197e-01;7.978466e-02;3.112328e-02;1.308722e-01;2.974259e-02
1.291939e-02;1.111729e-01;2.991748e-01;2.580009e-02;4.199361e-02;1.542154e-02;1.222867e-01;1.585181e-01;5.131297e-02;2.911175e-02;6.333303e-02;6.895514e-02
1.488460e-02;7.368813e-02;4.652829e-01;2.244884e-02;2.447657e-02;2.106997e-02;6.836446e-02;1.519129e-01;2.529156e-02;2.354123e-02;1.558685e-02;9.345189e-02
1.298652e-02;5.960727e-02;4.503698e-01;1.966127e-02;1.806598e-02;3.441797e-02;5.365630e-02;1.887275e-01;4.267873e-02;2.282217e-02;2.189471e-02;7.511179e-02
1.158815e-02;4.604610e-02;3.651233e-01;1.714701e-02;1.274840e-02;4.631142e-02;4.642111e-02;2.691193e-01;6.631706e-02;2.256765e-02;2.907276e-02;6.753775e-02
5.061895e-03;3.361146e-02;2.304719e-01;2.676799e-02;1.136792e-02;4.957486e-02;6.712169e-02;3.774306e-01;8.689820e-02;2.282305e-02;2.617219e-02;6.269825e-02
1.432831e-02;2.407192e-02;1.485918e-01;2.926551e-02;1.710778e-02;4.506281e-02;1.165189e-01;4.301944e-01;7.655638e-02;1.991103e-02;3.217516e-02;4.621596e-02
3.413510e-02;3.612277e-02;1.186414e-01;2.161205e-02;3.091585e-02;3.472856e-02;1.569242e-01;3.044624e-01;1.370960e-01;4.701981e-02;4.813826e-02;3.020365e-02
5.635286e-02;4.736905e-02;1.285900e-01;2.434381e-02;4.240612e-02;5.256241e-02;1.649735e-01;1.804228e-01;1.197380e-01;5.875006e-02;8.528053e-02;3.921082e-02
4.784235e-02;4.362534e-02;1.464545e-01;3.284973e-02;3.780380e-02;6.577945e-02;1.494041e-01;1.029642e-01;8.477022e-02;9.458982e-02;1.354139e-01;5.850252e-02
2.938242e-02;4.319966e-02;1.210153e-01;1.589588e-02;3.420700e-02;3.797968e-02;1.422865e-01;1.449269e-01;1.870890e-01;1.056134e-01;9.143045e-02;4.697385e-02
3.012229e-02;4.684355e-02;1.881820e-01;1.081139e-02;3.190018e-02;4.209717e-02;2.306163e-01;1.261791e-01;1.289628e-01;8.879055e-02;4.520766e-02;3.028707e-02
3.466069e-02;2.396123e-02;2.281465e-01;1.698018e-02;3.331788e-02;6.954289e-02;2.823153e-01;1.498834e-01;4.975726e-02;5.125891e-02;2.489763e-02;3.527814e-02
3.294618e-02;1.092617e-02;2.409536e-01;3.570421e-02;4.288328e-02;8.125249e-02;2.281155e-01;1.914565e-01;2.646314e-02;5.379492e-02;1.944762e-02;3.605634e-02
3.418470e-02;2.375443e-02;2.190394e-01;2.943189e-02;4.191098e-02;6.140164e-02;1.227730e-01;2.565269e-01;8.406162e-02;6.758571e-02;2.086816e-02;3.846145e-02
3.238205e-02;2.198050e-02;1.817449e-01;2.501095e-02;3.099759e-02;6.077280e-02;9.505495e-02;3.384452e-01;8.935989e-02;5.546079e-02;1.905891e-02;4.973140e-02
2.719983e-02;2.962610e-02;1.765787e-01;2.893701e-02;3.518203e-02;5.097358e-02;1.259583e-01;3.040847e-01;1.049469e-01;4.295265e-02;2.418852e-02;4.937173e-02
2.420691e-02;3.310761e-02;2.197816e-01;4.003279e-02;3.421996e-02;4.193565e-02;1.205605e-01;2.333278e-01;1.161119e-01;4.450577e-02;4.085470e-02;5.135481e-02
3.176520e-02;3.469855e-02;2.391121e-01;4.677310e-02;3.331679e-02;4.536542e-02;1.188059e-01;2.004806e-01;6.046162e-02;6.189094e-02;6.214332e-02;6.518647e-02
3.914025e-02;2.298949e-02;2.487564e-01;2.358900e-02;3.020697e-02;5.970098e-02;1.604223e-01;1.836197e-01;4.912311e-02;6.428225e-02;5.739732e-02;6.077227e-02
5.096866e-02;3.703982e-02;2.392040e-01;2.071011e-02;2.321004e-02;6.291328e-02;1.410514e-01;2.311615e-01;5.769251e-02;5.089974e-02;5.128935e-02;3.385954e-02
3.118377e-02;5.890716e-02;1.986922e-01;4.466522e-02;2.391904e-02;4.988335e-02;1.285485e-01;2.399938e-01;8.713377e-02;5.535461e-02;4.758419e-02;3.413440e-02
2.064630e-02;3.255971e-02;1.262628e-01;3.565944e-02;3.725947e-02;5.272154e-02;3.231372e-01;1.997560e-01;5.932773e-02;4.824311e-02;3.852212e-02;2.590452e-02
1.871055e-02;1.858730e-02;8.309132e-02;2.018180e-02;4.140024e-02;4.568264e-02;5.136895e-01;1.336150e-01;4.890334e-02;3.812015e-02;2.329942e-02;1.471881e-02
1.298645e-02;1.839746e-02;4.276505e-02;2.210150e-02;2.526505e-02;3.322570e-02;5.383948e-01;1.153186e-01;9.162837e-02;5.873579e-02;2.367499e-02;1.750616e-02
3.802422e-02;2.066379e-02;3.356106e-02;3.098598e-02;1.030061e-02;1.507440e-02;4.170322e-01;1.443259e-01;1.561885e-01;9.558758e-02;2.152754e-02;1.672822e-02
4.061630e-02;1.888231e-02;3.402461e-02;2.918183e-02;1.161325e-02;1.670918e-02;3.101245e-01;1.510189e-01;2.512415e-01;1.116570e-01;1.332707e-02;1.160347e-02
2.300342e-02;1.415596e-02;3.439760e-02;2.712754e-02;1.304037e-02;1.533358e-02;1.808393e-01;1.431663e-01;3.768734e-01;1.413052e-01;1.680658e-02;1.395077e-02
3.329550e-02;9.878458e-03;3.079328e-02;2.547209e-02;1.671768e-02;1.540146e-02;1.628683e-01;1.040849e-01;4.056704e-01;1.616450e-01;2.214485e-02;1.202806e-02
4.689696e-02;9.063277e-03;3.578708e-02;4.271983e-02;1.373378e-02;9.157154e-03;1.515578e-01;9.400680e-02;4.004704e-01;1.688894e-01;2.042148e-02;7.296029e-03
4.706424e-02;1.164567e-02;3.154544e-02;4.918011e-02;7.692511e-03;1.283299e-02;1.525999e-01;8.501617e-02;3.595393e-01;2.053753e-01;3.125155e-02;6.256813e-03
3.063437e-02;1.447078e-02;3.660908e-02;3.603124e-02;1.076935e-02;1.553875e-02;1.392005e-01;7.608172e-02;2.859477e-01;3.043017e-01;4.271499e-02;7.699817e-03
2.883036e-02;1.987508e-02;3.530953e-02;1.499473e-02;9.708640e-03;1.270357e-02;6.398784e-02;8.038615e-02;2.894366e-01;3.669611e-01;6.049411e-02;1.731227e-02
6.252299e-02;2.643125e-02;2.599284e-02;1.232481e-02;1.810158e-02;1.196227e-02;2.856325e-02;4.556180e-02;2.921907e-01;3.510487e-01;9.582733e-02;2.947248e-02
6.897365e-02;3.478137e-02;2.339108e-02;1.051861e-02;1.335846e-02;1.520950e-02;5.021941e-02;3.713261e-02;2.059946e-01;3.323089e-01;1.700589e-01;3.805290e-02
5.405398e-02;2.478565e-02;1.704683e-02;6.234261e-03;8.342245e-03;1.709017e-02;4.950283e-02;3.007686e-02;1.402513e-01;2.954848e-01;3.111514e-01;4.597974e-02
1.846405e-02;1.469651e-02;2.156186e-02;5.397511e-03;6.450657e-03;2.642366e-02;3.704105e-02;1.904221e-02;8.663014e-02;1.458758e-01;5.634371e-01;5.497938e-02
2.332258e-02;1.308712e-02;2.096501e-02;7.837590e-03;5.218259e-03;2.924188e-02;1.420876e-02;1.027238e-02;4.353833e-02;8.672898e-02;6.397123e-01;1.058668e-01
3.503687e-02;8.689570e-03;1.083118e-02;5.369159e-03;3.807032e-03;2.810609e-02;1.516840e-02;7.073469e-03;1.763185e-02;5.620315e-02;5.938893e-01;2.181940e-01
8.088020e-02;1.384438e-02;1.040236e-02;3.440181e-03;5.458237e-03;2.267404e-02;1.776339e-02;7.330932e-03;1.123420e-02;2.351072e-02;5.074959e-01;2.959655e-01
1.080943e-01;2.597917e-02;1.775940e-02;6.827062e-03;8.974895e-03;2.333796e-02;6.302556e-02;1.237559e-02;1.040453e-02;5.269176e-02;3.899298e-01;2.806000e-01
8.795498e-02;1.720719e-02;1.154911e-02;5.710583e-03;9.872362e-03;1.504655e-02;2.730816e-01;8.367564e-02;1.963637e-02;4.198727e-02;2.072334e-01;2.270450e-01
6.141134e-02;7.711854e-03;6.974922e-03;8.849263e-03;8.429972e-03;1.488321e-02;3.763075e-01;1.966517e-01;4.758301e-02;2.027571e-02;8.174223e-02;1.691793e-01
8.167449e-02;5.677020e-03;6.885408e-03;1.431585e-02;7.017701e-03;1.200477e-02;3.363035e-01;2.208813e-01;6.905685e-02;3.036771e-02;5.391400e-02;1.619014e-01
1.619626e-01;1.313504e-02;8.480686e-03;2.520346e-02;5.940670e-03;1.398521e-02;2.930399e-01;1.404657e-01;6.121736e-02;3.765151e-02;4.212207e-02;1.967958e-01
2.586337e-01;2.924643e-02;1.472949e-02;2.893516e-02;1.142560e-02;1.403652e-02;2.501356e-01;4.998747e-02;3.466283e-02;3.246832e-02;4.867702e-02;2.270619e-01
3.119904e-01;3.040542e-02;1.995598e-02;2.797261e-02;2.390936e-02;1.066253e-02;2.293212e-01;2.868648e-02;2.329974e-02;3.167865e-02;5.263376e-02;2.094838e-01
3.316424e-01;2.526722e-02;2.096374e-02;4.024342e-02;4.075294e-02;1.448243e-02;1.623752e-01;2.318686e-02;1.355555e-02;2.744919e-02;5.247752e-02;2.476035e-01
3.627836e-01;2.290983e-02;2.197068e-02;3.146683e-02;2.783857e-02;1.197778e-02;8.820293e-02;3.547670e-02;1.506923e-02;2.829350e-02;6.095101e-02;2.930593e-01
4.715870e-01;7.295387e-02;3.965875e-02;1.939670e-02;1.495511e-02;1.231199e-02;3.328335e-02;2.594091e-02;1.111613e-02;2.141519e-02;3.973683e-02;2.376442e-01
4.222220e-01;1.731927e-01;1.529294e-01;3.324606e-02;1.199952e-02;6.749924e-03;2.118289e-02;1.096096e-02;9.659722e-03;1.515864e-02;2.249401e-02;1.202042e-01
2.123847e-01;1.719159e-01;3.299636e-01;5.402661e-02;1.776371e-02;5.715176e-03;1.868767e-02;1.699356e-02;9.032902e-03;1.703370e-02;2.898698e-02;1.174955e-01
1.103523e-01;1.701200e-01;4.232718e-01;6.238918e-02;1.850683e-02;7.752134e-03;2.765304e-02;2.722430e-02;8.695366e-03;1.822560e-02;3.242563e-02;9.338376e-02
1.968876e-01;2.348603e-01;2.714913e-01;3.822530e-02;1.280117e-02;9.568537e-03;4.538751e-02;3.434956e-02;9.957843e-03;2.913151e-02;6.030270e-02;5.703665e-02
2.606468e-01;1.752366e-01;9.008165e-02;2.471806e-02;1.455319e-02;1.237186e-02;1.202134e-01;5.191717e-02;2.791682e-02;5.396186e-02;8.887968e-02;7.950296e-02
1.360964e-01;8.159036e-02;1.439082e-01;2.679482e-02;2.626954e-02;2.582366e-02;2.207467e-01;6.525800e-02;3.351099e-02;4.919742e-02;7.902601e-02;1.117778e-01
1.289306e-01;7.393400e-02;1.742439e-01;4.413740e-02;3.836385e-02;3.591076e-02;2.367056e-01;6.383412e-02;1.868198e-02;2.624650e-02;6.708217e-02;9.192902e-02
2.347778e-01;1.348237e-01;1.753404e-01;3.851727e-02;2.180345e-02;2.276509e-02;1.110645e-01;3.365750e-02;1.625353e-02;3.458089e-02;5.031843e-02;1.260975e-01
2.805209e-01;1.758305e-01;9.670328e-02;2.087703e-02;1.091796e-02;1.097598e-02;6.876496e-02;2.397226e-02;1.579869e-02;3.627662e-02;8.158731e-02;1.777745e-01
1.915763e-01;1.612436e-01;1.845652e-01;2.591481e-02;1.473857e-02;1.874693e-02;8.222348e-02;2.490420e-02;2.247676e-02;3.081702e-02;7.782827e-02;1.649649e-01
1.833488e-01;1.468907e-01;2.751821e-01;4.672549e-02;2.159650e-02;1.924570e-02;7.686877e-02;2.493764e-02;2.231721e-02;3.166391e-02;6.015295e-02;9.107025e-02
1.607446e-01;1.507917e-01;2.672833e-01;4.747017e-02;2.483063e-02;1.675680e-02;1.052414e-01;2.544630e-02;2.024355e-02;4.339287e-02;4.252478e-02;9.527407e-02
2.129348e-01;1.467438e-01;1.514191e-01;2.449377e-02;2.495907e-02;2.375737e-02;1.207657e-01;3.467004e-02;3.312616e-02;6.081508e-02;5.698580e-02;1.093292e-01
8.274633e-02;1.282480e-01;1.187541e-01;8.683363e-02;3.632605e-02;2.959815e-02;9.043213e-02;6.465805e-02;6.618802e-02;1.235152e-01;9.738963e-02;7.531065e-02
2.487965e-01;1.340573e-01;5.563572e-02;6.069827e-02;3.662565e-02;3.198993e-02;7.342907e-02;3.680045e-02;3.902626e-02;9.290893e-02;9.868216e-02;9.134980e-02
3.860981e-01;1.135707e-01;4.190945e-02;2.636120e-02;2.086510e-02;1.966859e-02;9.241004e-02;2.264456e-02;1.355189e-02;5.314732e-02;7.088862e-02;1.388845e-01
4.282396e-01;9.479550e-02;1.534562e-02;1.000768e-02;9.173086e-03;2.085200e-02;1.410778e-01;2.096048e-02;6.069715e-03;3.246105e-02;4.368747e-02;1.773300e-01
3.808382e-01;6.018079e-02;2.538942e-02;7.403287e-03;5.456282e-03;1.745882e-02;1.989493e-01;1.965763e-02;7.578935e-03;2.072455e-02;2.837007e-02;2.279927e-01
3.029041e-01;1.322093e-02;1.693721e-02;9.769385e-03;7.640108e-03;1.031426e-02;2.183042e-01;1.614205e-02;1.223682e-02;1.372400e-02;5.242491e-02;3.263821e-01
2.560529e-01;2.082952e-02;1.633179e-02;6.573568e-03;9.242309e-03;1.065933e-02;1.416294e-01;1.092805e-02;1.600414e-02;1.703616e-02;1.153442e-01;3.793686e-01
2.136358e-01;7.000386e-03;2.043384e-02;4.889971e-03;8.197426e-03;1.194923e-02;5.006441e-02;6.924958e-03;8.474345e-03;3.062121e-02;2.782243e-01;3.595842e-01
1.360084e-01;1.047205e-02;1.120355e-02;6.627396e-03;1.289610e-02;1.402327e-02;7.233751e-02;1.030540e-02;1.686369e-02;1.006223e-01;3.617497e-01;2.468906e-01
8.000782e-02;1.798173e-02;1.857995e-02;1.589719e-02;2.610220e-02;2.710316e-02;1.289948e-01;1.868787e-02;6.287435e-02;1.626383e-01;2.753417e-01;1.657910e-01
6.436413e-02;3.149516e-02;2.392128e-02;2.246496e-02;4.169754e-02;2.587366e-02;1.685477e-01;4.757948e-02;1.374981e-01;1.193736e-01;1.732675e-01;1.439169e-01
1.145271e-01;2.596553e-02;2.105739e-02;1.794657e-02;3.708596e-02;1.529831e-02;1.646658e-01;8.977932e-02;2.171839e-01;4.700183e-02;8.752766e-02;1.619606e-01
8.954228e-02;2.092130e-02;1.728408e-02;1.549225e-02;1.213217e-02;1.628634e-02;1.884373e-01;1.575688e-01;2.214398e-01;7.459129e-02;6.567391e-02;1.206303e-01
8.214246e-02;1.612334e-02;3.530774e-02;1.536328e-02;1.136346e-02;1.678741e-02;2.719860e-01;2.293708e-01;1.111836e-01;3.814473e-02;7.038703e-02;1.018402e-01
8.983980e-02;1.645672e-02;6.206445e-02;8.328827e-03;7.591655e-03;1.173825e-02;3.271246e-01;1.935921e-01;9.875756e-02;2.448091e-02;3.248941e-02;1.275357e-01
9.108618e-02;5.396591e-02;4.682492e-02;1.171476e-02;1.961405e-02;4.530241e-02;2.802611e-01;9.100061e-02;7.026337e-02;6.431087e-02;9.840251e-02;1.272532e-01
9.467824e-02;4.375986e-02;1.936601e-02;1.353813e-02;1.681173e-02;7.102653e-02;1.546333e-01;4.941933e-02;4.697205e-02;5.032999e-02;2.664989e-01;1.729660e-01
4.989400e-02;1.829495e-02;2.195306e-02;7.885152e-03;7.649451e-03;6.517179e-02;1.277856e-01;4.767957e-02;2.294545e-02;3.289800e-02;3.976132e-01;2.002298e-01
1.917937e-02;1.094185e-02;2.289593e-02;8.853619e-03;7.236005e-03;5.797901e-02;8.822199e-02;3.196529e-02;1.909610e-02;2.770870e-02;4.933033e-01;2.126189e-01
2.416528e-02;9.265005e-03;3.359893e-02;8.203590e-03;7.094427e-03;7.849064e-02;3.394840e-02;1.520120e-02;1.302495e-02;2.018210e-02;5.656891e-01;1.911364e-01
2.061568e-02;9.567163e-03;4.430769e-02;8.705649e-03;8.034489e-03;1.200679e-01;2.014684e-02;8.472930e-03;1.154883e-02;2.299743e-02;6.138709e-01;1.116645e-01
2.071240e-02;7.764635e-03;5.451317e-02;7.837326e-03;8.039941e-03;1.707741e-01;1.723079e-02;6.284605e-03;1.312419e-02;2.720229e-02;6.171672e-01;4.934933e-02
1.790411e-02;1.135058e-02;5.530763e-02;5.505009e-03;8.556044e-03;2.543901e-01;1.299577e-02;7.250408e-03;1.693567e-02;2.141677e-02;5.308052e-01;5.758265e-02
1.254750e-02;1.061350e-02;3.835735e-02;9.943937e-03;1.219914e-02;3.736801e-01;1.700125e-02;8.831853e-03;2.275776e-02;4.520956e-02;3.846925e-01;6.416547e-02
1.804062e-02;1.521794e-02;2.456591e-02;1.165769e-02;2.217135e-02;4.317648e-01;2.071739e-02;1.034594e-02;1.777723e-02;3.507743e-02;3.526494e-01;4.001426e-02
1.736175e-02;2.892342e-02;2.202936e-02;1.271717e-02;4.654387e-02;4.382430e-01;1.746235e-02;1.280492e-02;1.217419e-02;8.377457e-02;2.916408e-01;1.632454e-02
1.899812e-02;6.510523e-02;3.052120e-02;1.523610e-02;1.064272e-01;3.454196e-01;1.979461e-02;1.660114e-02;2.013931e-02;1.608731e-01;1.896774e-01;1.120703e-02
2.322805e-02;8.839458e-02;3.547027e-02;1.665737e-02;1.706235e-01;1.390328e-01;2.540270e-02;2.425829e-02;2.939381e-02;2.274744e-01;1.891139e-01;3.095032e-02
1.881440e-02;5.917002e-02;2.286303e-02;1.712204e-02;1.036429e-01;2.180932e-01;2.145054e-02;1.946897e-02;2.066503e-02;1.894139e-01;2.672640e-01;4.203208e-02
1.799043e-02;7.925270e-02;3.493995e-02;1.486965e-02;4.685482e-02;2.310472e-01;1.834017e-02;1.615009e-02;1.972346e-02;2.167431e-01;2.624916e-01;4.159684e-02
1.491277e-02;1.592239e-01;3.055989e-02;9.034347e-03;3.736354e-02;9.808895e-02;2.069244e-02;3.290049e-02;8.774766e-02;3.100768e-01;1.800970e-01;1.930231e-02
2.025463e-02;2.042014e-01;1.300408e-02;1.255746e-02;3.425885e-02;2.503380e-02;4.313577e-02;7.097472e-02;1.858979e-01;2.898149e-01;8.397605e-02;1.689050e-02
3.080483e-02;1.800493e-01;1.927706e-02;1.415137e-02;2.414475e-02;7.477011e-02;7.604927e-02;1.159091e-01;2.136654e-01;1.946652e-01;2.571259e-02;3.080104e-02
4.126789e-02;1.125681e-01;3.617093e-02;9.492683e-03;2.061213e-02;1.078590e-01;8.948453e-02;1.380487e-01;1.788203e-01;1.363764e-01;9.342305e-02;3.587631e-02
7.164484e-02;5.100950e-02;5.696826e-02;1.752065e-02;5.111194e-02;7.499196e-02;7.032146e-02;8.313704e-02;2.211881e-01;1.260149e-01;1.163210e-01;5.977037e-02
7.186206e-02;5.119843e-02;8.367519e-02;2.135106e-02;5.531608e-02;7.997230e-02;6.130215e-02;2.383641e-02;1.517465e-01;1.481745e-01;1.619452e-01;8.962020e-02
3.904160e-02;7.715885e-02;7.832821e-02;1.947027e-02;3.691224e-02;1.040249e-01;3.501186e-02;5.045113e-02;4.052670e-02;1.874388e-01;2.723638e-01;5.927161e-02
3.840407e-02;7.422341e-02;5.239921e-02;1.527734e-02;2.898340e-02;7.971063e-02;3.661450e-02;5.299571e-02;5.594635e-02;1.496106e-01;3.441265e-01;7.170822e-02
5.313189e-02;4.564289e-02;3.097113e-02;1.880362e-02;4.171377e-02;6.089008e-02;5.650291e-02;4.185641e-02;1.052050e-01;9.054505e-02;3.425799e-01;1.121573e-01
6.990589e-02;3.391399e-02;2.890220e-02;1.969030e-02;3.431095e-02;9.008843e-02;5.392938e-02;3.363220e-02;1.007399e-01;4.392124e-02;2.697912e-01;2.211742e-01
8.648396e-02;2.818269e-02;2.458050e-02;1.976624e-02;1.341126e-02;1.745604e-01;8.698408e-02;4.001455e-02;2.265875e-02;4.734337e-02;1.597476e-01;2.962666e-01
1.290588e-01;2.276613e-02;1.592407e-02;1.718755e-02;2.012740e-02;1.261226e-01;1.255020e-01;5.174867e-02;5.551844e-02;2.593088e-02;9.975637e-02;3.103571e-01
1.996606e-01;2.326925e-02;2.531987e-02;1.617940e-02;2.000711e-02;6.924551e-02;1.497029e-01;4.297971e-02;4.485796e-02;4.353911e-02;4.520909e-02;3.200294e-01
2.916781e-01;2.909450e-02;2.832917e-02;1.633734e-02;8.894927e-03;5.244466e-02;1.167081e-01;3.119436e-02;3.053719e-02;3.009886e-02;6.270494e-02;3.019779e-01
4.051170e-01;3.085253e-02;1.987375e-02;9.666853e-03;1.118133e-02;5.778312e-02;7.172709e-02;2.109056e-02;3.009161e-02;4.090894e-02;6.761853e-02;2.340887e-01
4.904779e-01;3.597417e-02;1.917640e-02;1.046705e-02;7.707658e-03;5.143524e-02;5.920792e-02;1.291117e-02;3.060969e-02;3.476753e-02;3.697780e-02;2.102875e-01
4.956974e-01;4.656032e-02;1.851455e-02;8.975670e-03;9.601988e-03;5.640992e-02;4.963896e-02;1.657877e-02;2.261160e-02;2.201394e-02;2.353902e-02;2.298579e-01
5.856746e-01;6.572124e-02;8.666446e-03;8.512460e-03;7.798225e-03;3.001445e-02;3.011204e-02;1.517506e-02;8.172670e-03;2.312811e-02;1.983920e-02;1.971855e-01
6.735284e-01;6.577086e-02;1.061329e-02;9.353627e-03;5.411763e-03;1.945321e-02;1.865308e-02;1.419833e-02;5.426560e-03;1.696772e-02;1.959460e-02;1.410285e-01
7.019510e-01;8.127448e-02;8.538192e-03;8.639324e-03;5.707412e-03;1.852725e-02;1.106804e-02;1.817440e-02;6.578296e-03;1.087827e-02;1.659749e-02;1.120658e-01
6.776866e-01;9.018315e-02;9.018932e-03;7.597297e-03;6.765984e-03;2.006869e-02;1.146886e-02;3.575839e-02;8.289857e-03;1.082039e-02;1.856615e-02;1.037757e-01
6.922295e-01;1.012684e-01;1.393181e-02;6.354195e-03;4.027983e-03;1.215823e-02;1.406891e-02;5.500471e-02;1.244235e-02;1.438920e-02;1.108439e-02;6.304030e-02
6.710250e-01;1.111266e-01;1.570556e-02;3.875679e-03;3.583114e-03;1.116285e-02;1.192449e-02;6.246358e-02;1.022098e-02;1.740036e-02;1.686344e-02;6.464832e-02
6.755604e-01;1.321214e-01;2.242698e-02;2.366571e-03;8.061433e-03;1.271072e-02;5.494345e-03;6.458161e-02;7.618275e-03;1.815483e-02;1.742120e-02;3.348227e-02
6.667873e-01;1.299350e-01;2.419756e-02;4.658272e-03;1.101831e-02;9.574302e-03;8.629251e-03;6.736130e-02;7.950453e-03;2.041469e-02;1.346222e-02;3.601132e-02
6.346890e-01;1.429356e-01;2.439999e-02;6.556732e-03;1.118525e-02;6.370688e-03;9.987148e-03;7.961046e-02;1.297275e-02;1.726802e-02;1.350190e-02;4.052249e-02
6.223388e-01;1.704832e-01;1.446705e-02;6.825348e-03;1.068724e-02;3.320981e-03;1.170976e-02;8.216650e-02;1.227917e-02;1.270037e-02;5.533669e-03;4.748788e-02
6.241066e-01;1.858110e-01;1.618815e-02;3.647396e-03;1.154167e-02;3.444708e-03;1.285167e-02;6.006173e-02;1.185719e-02;9.147932e-03;9.946714e-03;5.139520e-02
6.223826e-01;1.986534e-01;1.796884e-02;7.596520e-03;1.315001e-02;4.581103e-03;1.062577e-02;5.918809e-02;1.565068e-02;5.466990e-03;8.068973e-03;3.666699e-02
6.169028e-01;1.987753e-01;1.045134e-02;1.249942e-02;9.711379e-03;6.428259e-03;9.975518e-03;5.190006e-02;4.379851e-02;1.153281e-02;6.559385e-03;2.146516e-02
5.115418e-01;1.573727e-01;1.983333e-02;1.002431e-02;1.256622e-02;5.033191e-03;9.649008e-03;7.514246e-02;1.552575e-01;1.998467e-02;8.086156e-03;1.550875e-02
4.296604e-01;1.415024e-01;1.928290e-02;1.045094e-02;1.553001e-02;5.981851e-03;9.302324e-03;6.725848e-02;2.253346e-01;3.777828e-02;9.646873e-03;2.827096e-02
4.759176e-01;1.393333e-01;2.600770e-02;1.742057e-02;1.912988e-02;9.491359e-03;1.026672e-02;6.609324e-02;1.566590e-01;4.191452e-02;1.084304e-02;2.692300e-02
5.446123e-01;1.719456e-01;1.996119e-02;1.698579e-02;2.046858e-02;1.413038e-02;1.239433e-02;6.083912e-02;7.055627e-02;2.211471e-02;1.681782e-02;2.917384e-02
5.216087e-01;1.310844e-01;4.772502e-02;1.726970e-02;2.214970e-02;1.019247e-02;2.064458e-02;5.891784e-02;4.879947e-02;1.994196e-02;2.591376e-02;7.575254e-02
4.426254e-01;5.210294e-02;5.223786e-02;3.383822e-02;2.436539e-02;1.294945e-02;3.146202e-02;5.533839e-02;4.781459e-02;3.870126e-02;5.926485e-02;1.492996e-01
3.283679e-01;4.701128e-02;3.481157e-02;5.887574e-02;2.463900e-02;2.400181e-02;4.262382e-02;3.811020e-02;6.554785e-02;4.444295e-02;8.473398e-02;2.068339e-01
3.408692e-01;5.262591e-02;3.171382e-02;7.323837e-02;1.423314e-02;2.273502e-02;5.110132e-02;2.612984e-02;5.256855e-02;3.316562e-02;7.521664e-02;2.264026e-01
3.235515e-01;4.035139e-02;4.573265e-02;1.017827e-01;1.313948e-02;1.896301e-02;5.473050e-02;2.530987e-02;4.825976e-02;2.337937e-02;6.757717e-02;2.372226e-01
2.279217e-01;3.863402e-02;4.643084e-02;1.471687e-01;2.181062e-02;2.277518e-02;5.515239e-02;3.343312e-02;6.626320e-02;2.438828e-02;5.939500e-02;2.566269e-01
3.576225e-01;3.688871e-02;3.198585e-02;1.228596e-01;2.296683e-02;1.596898e-02;3.155497e-02;3.481783e-02;6.230035e-02;1.980581e-02;3.814142e-02;2.250871e-01
4.930233e-01;6.158519e-02;3.155368e-02;7.059833e-02;1.812438e-02;1.425225e-02;2.970821e-02;2.001430e-02;2.729742e-02;2.194623e-02;2.744246e-02;1.844542e-01
5.071992e-01;5.225271e-02;3.525996e-02;5.273364e-02;2.302942e-02;1.277797e-02;3.597120e-02;1.563576e-02;1.519271e-02;3.257875e-02;2.136903e-02;1.959997e-01
4.822522e-01;2.606477e-02;2.120358e-02;4.233082e-02;2.446959e-02;1.610863e-02;3.647596e-02;1.789303e-02;2.653214e-02;2.918397e-02;2.534141e-02;2.521439e-01
5.039194e-01;5.599700e-02;2.844067e-02;4.033317e-02;1.538341e-02;1.436435e-02;1.849976e-02;1.983530e-02;3.173683e-02;2.716287e-02;2.456389e-02;2.197634e-01
5.234510e-01;7.158233e-02;2.648414e-02;4.369955e-02;1.290751e-02;1.427141e-02;1.777915e-02;1.324965e-02;2.549699e-02;2.459471e-02;2.321596e-02;2.032676e-01
5.214896e-01;6.181268e-02;2.478308e-02;4.319109e-02;2.239057e-02;1.718465e-02;2.608329e-02;2.667258e-02;1.722416e-02;2.671675e-02;2.276140e-02;1.896901e-01
4.624266e-01;4.147368e-02;2.485609e-02;8.761019e-02;3.219674e-02;1.363177e-02;3.396127e-02;2.850383e-02;2.383879e-02;4.543466e-02;2.184485e-02;1.842215e-01
4.564555e-01;4.907335e-02;1.915902e-02;7.138283e-02;2.001391e-02;1.262669e-02;2.909562e-02;1.933670e-02;4.011160e-02;6.664801e-02;1.392513e-02;2.021717e-01
5.121095e-01;4.998813e-02;2.892411e-02;5.434404e-02;7.430266e-03;1.353120e-02;2.994951e-02;1.671531e-02;3.226880e-02;6.788738e-02;7.559200e-03;1.792925e-01
5.098012e-01;6.039457e-02;2.583176e-02;6.440782e-02;9.508089e-03;2.147114e-02;4.412551e-02;1.384480e-02;1.866384e-02;4.225992e-02;1.619741e-02;1.734940e-01
4.398509e-01;5.419170e-02;2.207394e-02;6.773581e-02;1.781382e-02;2.204625e-02;6.861036e-02;1.511350e-02;1.308158e-02;1.761183e-02;3.244997e-02;2.294204e-01
2.976055e-01;4.084992e-02;3.808008e-02;6.135178e-02;1.582831e-02;1.877272e-02;8.995469e-02;1.876430e-02;1.883440e-02;1.651920e-02;8.271942e-02;3.007197e-01
2.530243e-01;1.090290e-02;2.810253e-02;3.010299e-02;1.264920e-02;1.431847e-02;7.491981e-02;1.337839e-02;4.062967e-02;2.650175e-02;1.487100e-01;3.467600e-01
3.592109e-01;3.209552e-02;2.302115e-02;5.985596e-02;1.284708e-02;1.459447e-02;3.156233e-02;9.119451e-03;3.183535e-02;2.354604e-02;1.075603e-01;2.947514e-01
4.230761e-01;7.482085e-02;3.110040e-02;1.068318e-01;1.255398e-02;1.219999e-02;2.698820e-02;2.367297e-02;2.154272e-02;1.536688e-02;4.525842e-02;2.065877e-01
4.637270e-01;9.501257e-02;2.089586e-02;1.068426e-01;1.526379e-02;1.140289e-02;2.904359e-02;5.216866e-02;1.488050e-02;1.193152e-02;1.997331e-02;1.588576e-01
4.304363e-01;7.559649e-02;2.206417e-02;5.638516e-02;1.709939e-02;1.047729e-02;3.061043e-02;8.217601e-02;1.614541e-02;1.453362e-02;2.227296e-02;2.222028e-01
3.756558e-01;4.362055e-02;2.691203e-02;2.938429e-02;1.431619e-02;9.484272e-03;3.100885e-02;7.856178e-02;1.597065e-02;2.067475e-02;3.146892e-02;3.229419e-01
3.890393e-01;4.579896e-02;3.595276e-02;2.839062e-02;1.047343e-02;2.184479e-02;4.417334e-02;5.227145e-02;1.916474e-02;3.747793e-02;3.981132e-02;2.756014e-01
