1.515886e-01;6.758133e-02;4.134693e-02;5.802976e-02;2.651362e-02;4.795968e-02;1.023583e-01;5.416179e-02;1.291158e-01;4.945042e-02;9.815884e-02;1.737349e-01
1.492163e-01;1.084672e-01;8.295733e-02;5.424711e-02;3.159343e-02;4.281761e-02;9.945891e-02;4.140326e-02;1.013350e-01;8.513848e-02;9.285414e-02;1.105113e-01
8.100757e-02;1.085787e-01;1.484221e-01;6.401858e-02;3.630435e-02;3.418667e-02;1.149285e-01;5.126885e-02;9.308381e-02;9.163611e-02;7.802523e-02;9.853952e-02
8.550843e-02;9.838050e-02;1.498634e-01;3.928912e-02;3.719300e-02;5.936586e-02;1.206526e-01;8.730131e-02;9.218735e-02;6.921959e-02;8.087513e-02;8.016372e-02
9.839136e-02;5.999239e-02;1.067543e-01;6.772380e-02;5.861617e-02;8.124039e-02;1.219396e-01;9.699696e-02;7.671561e-02;8.017568e-02;9.498556e-02;5.646820e-02
7.024406e-02;3.515003e-02;7.837475e-02;1.114617e-01;7.875722e-02;1.020669e-01;1.149463e-01;8.444671e-02;9.990831e-02;9.585605e-02;9.149220e-02;3.729579e-02
7.666991e-02;8.814580e-02;7.636566e-02;8.728570e-02;9.603679e-02;8.042973e-02;1.037793e-01;8.664403e-02;9.997499e-02;8.786803e-02;5.577429e-02;6.102585e-02
7.687028e-02;8.938928e-02;1.030941e-01;7.018338e-02;1.052915e-01;6.314012e-02;1.086057e-01;7.374813e-02;1.035680e-01;6.486515e-02;6.041916e-02;8.082519e-02
7.657570e-02;8.770529e-02;1.212072e-01;5.779369e-02;1.119333e-01;4.065369e-02;1.447272e-01;5.178997e-02;9.325516e-02;5.257089e-02;7.385850e-02;8.792932e-02
8.351047e-02;6.821711e-02;1.334612e-01;6.153978e-02;8.650993e-02;5.606764e-02;1.511590e-01;5.752918e-02;6.311338e-02;5.998548e-02;7.481074e-02;1.040961e-01
7.821268e-02;6.439830e-02;1.144984e-01;8.078250e-02;4.262546e-02;7.937887e-02;1.266300e-01;7.252019e-02;5.372167e-02;7.618409e-02;8.401106e-02;1.270368e-01
8.093043e-02;1.124360e-01;8.515850e-02;7.373275e-02;6.422266e-02;7.453204e-02;8.852626e-02;6.815095e-02;6.745011e-02;1.013915e-01;7.142878e-02;1.120401e-01
9.579718e-02;1.038648e-01;5.809760e-02;7.223422e-02;4.483025e-02;6.097665e-02;8.119574e-02;1.227846e-01;8.680702e-02;1.509001e-01;3.957811e-02;8.293371e-02
8.048818e-02;9.436994e-02;6.143027e-02;7.697271e-02;3.695162e-02;6.768958e-02;7.777050e-02;1.384266e-01;8.802801e-02;1.717269e-01;4.124890e-02;6.489682e-02
7.574844e-02;1.140285e-01;6.768721e-02;8.579367e-02;4.705538e-02;7.331486e-02;8.280115e-02;1.182911e-01;8.451759e-02;1.363639e-01;5.022604e-02;6.417216e-02
4.964179e-02;8.938041e-02;1.127541e-01;6.116850e-02;6.902751e-02;8.435462e-02;7.246382e-02;9.082587e-02;1.153993e-01;9.693979e-02;6.090099e-02;9.714335e-02
6.386735e-02;7.307292e-02;1.423703e-01;8.075676e-02;9.958380e-02;6.938796e-02;7.501552e-02;6.973439e-02;7.605291e-02;7.084097e-02;7.441566e-02;1.049014e-01
8.589080e-02;7.942787e-02;1.918057e-01;7.987956e-02;1.184422e-01;6.546680e-02;8.062233e-02;4.467078e-02;5.352614e-02;5.445271e-02;8.015461e-02;6.566046e-02
9.050514e-02;8.506047e-02;1.727693e-01;5.700885e-02;1.190128e-01;5.949275e-02;1.265675e-01;3.985884e-02;7.090954e-02;8.520012e-02;5.238793e-02;4.122681e-02
1.129463e-01;7.900313e-02;1.245219e-01;5.012375e-02;9.096468e-02;5.950914e-02;1.650461e-01;4.559051e-02;8.856830e-02;9.446361e-02;4.609716e-02;4.316543e-02
1.460230e-01;6.784411e-02;1.557864e-01;5.428806e-02;6.324998e-02;5.256424e-02;1.454793e-01;5.065437e-02;1.091596e-01;8.226669e-02;3.511398e-02;3.757021e-02
1.152373e-01;1.009567e-01;1.442748e-01;4.657774e-02;7.169688e-02;5.567802e-02;1.160219e-01;7.455847e-02;7.194632e-02;1.336359e-01;3.398915e-02;3.542681e-02
4.055787e-02;9.122518e-02;1.557366e-01;5.334701e-02;8.055566e-02;8.260702e-02;9.268621e-02;8.834994e-02;5.745815e-02;1.578558e-01;4.377073e-02;5.584987e-02
5.609927e-02;6.516413e-02;1.702672e-01;5.689941e-02;9.476191e-02;9.257903e-02;1.155379e-01;7.053379e-02;6.508099e-02;9.858087e-02;4.218380e-02;7.231178e-02
1.169794e-01;7.567157e-02;1.711733e-01;3.589198e-02;9.507348e-02;7.531311e-02;9.240314e-02;5.605987e-02;6.121344e-02;7.985393e-02;7.692155e-02;6.344519e-02
1.432699e-01;7.815401e-02;1.573419e-01;3.545189e-02;6.636266e-02;4.970963e-02;1.053709e-01;4.158514e-02;3.156466e-02;7.060821e-02;1.493923e-01;7.118876e-02
1.100036e-01;6.118211e-02;1.177374e-01;2.303332e-02;4.072549e-02;4.776285e-02;9.109978e-02;2.435863e-02;3.028578e-02;7.646643e-02;2.787914e-01;9.855332e-02
6.422578e-02;2.961046e-02;7.318753e-02;9.219697e-03;2.210854e-02;4.044490e-02;5.372092e-02;1.386643e-02;2.793200e-02;7.671202e-02;3.781016e-01;2.108701e-01
8.705470e-02;1.704024e-02;6.054643e-02;2.778907e-02;2.681880e-02;4.747580e-02;5.078408e-02;6.330671e-03;2.626574e-02;4.434001e-02;2.646976e-01;3.408569e-01
1.131215e-01;1.643485e-02;5.173070e-02;7.663747e-02;4.988278e-02;4.659865e-02;4.579753e-02;1.334075e-02;2.388912e-02;3.228923e-02;1.772375e-01;3.530398e-01
1.146660e-01;2.155361e-02;6.309759e-02;1.938041e-01;6.566383e-02;2.782083e-02;4.723597e-02;1.092550e-02;1.587353e-02;2.139322e-02;1.457288e-01;2.722370e-01
7.609712e-02;1.965908e-02;6.443630e-02;2.917241e-01;7.978094e-02;2.345155e-02;6.267438e-02;1.600128e-02;1.745141e-02;2.658819e-02;1.292893e-01;1.928465e-01
6.667708e-02;2.894367e-02;6.397920e-02;2.681102e-01;7.960088e-02;2.954198e-02;7.746575e-02;1.359377e-02;2.979349e-02;3.915928e-02;1.655707e-01;1.375640e-01
4.516119e-02;3.109375e-02;1.070382e-01;1.475482e-01;3.615382e-02;4.222142e-02;6.298763e-02;3.660743e-02;5.044973e-02;8.845297e-02;2.485094e-01;1.037764e-01
6.256599e-02;5.429474e-02;1.145434e-01;8.577212e-02;4.400336e-02;2.497399e-02;5.001317e-02;5.564298e-02;5.831152e-02;1.428394e-01;2.509579e-01;5.608145e-02
8.565745e-02;4.277294e-02;9.238049e-02;6.771789e-02;6.505601e-02;3.521901e-02;5.341062e-02;6.274003e-02;5.715646e-02;1.469470e-01;2.119731e-01;7.896905e-02
8.207072e-02;1.031496e-01;7.592499e-02;5.164863e-02;5.251096e-02;2.415318e-02;6.378277e-02;1.005748e-01;7.935194e-02;1.115468e-01;1.296673e-01;1.256183e-01
6.707975e-02;1.348898e-01;8.108326e-02;4.599224e-02;3.224616e-02;1.821005e-02;6.522575e-02;1.662541e-01;1.176330e-01;8.098114e-02;7.715748e-02;1.132472e-01
9.708221e-02;7.507931e-02;8.726000e-02;6.812325e-02;5.491544e-02;3.270646e-02;6.271844e-02;1.256396e-01;1.358319e-01;9.339488e-02;9.222105e-02;7.502741e-02
1.020996e-01;6.850035e-02;1.768068e-01;8.457491e-02;4.749081e-02;2.867958e-02;4.979828e-02;5.619276e-02;1.660455e-01;1.002092e-01;5.869498e-02;6.090709e-02
8.107395e-02;8.032387e-02;1.856865e-01;6.629851e-02;5.633388e-02;3.230543e-02;5.570440e-02;3.984897e-02;2.097974e-01;1.017639e-01;4.222597e-02;4.863735e-02
1.004700e-01;5.978309e-02;1.084034e-01;1.096171e-01;7.418507e-02;4.854654e-02;6.325152e-02;4.024543e-02;2.072067e-01;1.107819e-01;3.342970e-02;4.407954e-02
6.544066e-02;1.112197e-01;4.752701e-02;1.496085e-01;8.382571e-02;4.122292e-02;5.346180e-02;4.672884e-02;1.642127e-01;1.696980e-01;3.864422e-02;2.840993e-02
3.307660e-02;2.489678e-01;1.188203e-01;1.049953e-01;8.747600e-02;2.913299e-02;3.136884e-02;4.563436e-02;8.178820e-02;1.534792e-01;4.018098e-02;2.507952e-02
6.554296e-02;2.266390e-01;1.717696e-01;7.490857e-02;7.748798e-02;3.715544e-02;3.189154e-02;3.949828e-02;6.881008e-02;1.272664e-01;4.326748e-02;3.576265e-02
1.205886e-01;1.022557e-01;1.680283e-01;7.520558e-02;6.048244e-02;5.347840e-02;6.870593e-02;6.410005e-02;5.985532e-02;1.119487e-01;4.659710e-02;6.875381e-02
1.404386e-01;8.114408e-02;1.359519e-01;7.054462e-02;5.298673e-02;4.935872e-02;1.253545e-01;8.039697e-02;6.286388e-02;8.250843e-02;6.714406e-02;5.130746e-02
1.439265e-01;3.711803e-02;1.236402e-01;6.446814e-02;6.199515e-02;4.578783e-02;1.589117e-01;8.049353e-02;7.944091e-02;8.910974e-02;6.592800e-02;4.918033e-02
1.103059e-01;6.871675e-02;1.007392e-01;5.450648e-02;7.191381e-02;4.727209e-02;1.698481e-01;7.194194e-02;9.426998e-02;6.703222e-02;4.240683e-02;1.010467e-01
7.815113e-02;8.479673e-02;8.798972e-02;5.842989e-02;7.762657e-02;4.762337e-02;1.276370e-01;8.925352e-02;1.051446e-01;6.446657e-02;7.144667e-02;1.074342e-01
7.687594e-02;7.228679e-02;9.203244e-02;9.764231e-02;9.611423e-02;4.087735e-02;8.366214e-02;9.582990e-02;9.196316e-02;8.297578e-02;7.941734e-02;9.032265e-02
7.479200e-02;8.004346e-02;1.177567e-01;6.280988e-02;6.493486e-02;6.541923e-02;1.039400e-01;6.666081e-02;7.203587e-02;1.055370e-01;8.882965e-02;9.724043e-02
1.174496e-01;8.730493e-02;1.014500e-01;6.578344e-02;7.238036e-02;7.011975e-02;7.179580e-02;4.669850e-02;7.632249e-02;8.041300e-02;9.922405e-02;1.110581e-01
1.317585e-01;7.367547e-02;9.203784e-02;7.174515e-02;6.164019e-02;6.494628e-02;6.624256e-02;4.936403e-02;8.337010e-02;8.201045e-02;1.021851e-01;1.210243e-01
1.236503e-01;5.786986e-02;9.066539e-02;6.296342e-02;4.274645e-02;5.875783e-02;1.099857e-01;5.901673e-02;8.988629e-02;8.184633e-02;9.863815e-02;1.239735e-01
7.905421e-02;3.800058e-02;8.061276e-02;3.949506e-02;2.490793e-02;1.053870e-01;1.582394e-01;8.243937e-02;8.099799e-02;6.196972e-02;1.560252e-01;9.287070e-02
4.301339e-02;5.045928e-02;5.901190e-02;2.584996e-02;5.185401e-02;1.222522e-01;1.318163e-01;1.098154e-01;5.840199e-02;9.807897e-02;2.040388e-01;4.540795e-02
2.583706e-02;9.585709e-02;2.639536e-02;2.263485e-02;1.265610e-01;7.101180e-02;7.370075e-02;1.425171e-01;3.118346e-02;1.962736e-01;1.547339e-01;3.329408e-02
3.268389e-02;1.160866e-01;1.851174e-02;3.919061e-02;1.930769e-01;2.966299e-02;6.965981e-02;1.126949e-01;4.814938e-02;2.279544e-01;7.807542e-02;3.425341e-02
5.418859e-02;1.147870e-01;6.186137e-02;6.509667e-02;1.875450e-01;3.612431e-02;9.768632e-02;4.902241e-02;9.351680e-02;1.636362e-01;3.729781e-02;3.923753e-02
7.216290e-02;1.246490e-01;9.841077e-02;8.531246e-02;1.200052e-01;5.104295e-02;1.127236e-01;5.230930e-02;1.066758e-01;9.348664e-02;4.821420e-02;3.500724e-02
7.116575e-02;1.780726e-01;6.915735e-02;7.970556e-02;7.508469e-02;7.181168e-02;9.563219e-02;1.085198e-01;5.082490e-02;8.193034e-02;9.511463e-02;2.298053e-02
5.671498e-02;1.846479e-01;6.322673e-02;5.281066e-02;5.280719e-02;3.770549e-02;7.360588e-02;1.418334e-01;5.869347e-02;1.124281e-01;1.243658e-01;4.116035e-02
4.507325e-02;1.282598e-01;8.909921e-02;4.656357e-02;7.106309e-02;3.718920e-02;6.082277e-02;1.221979e-01;1.092114e-01;9.547078e-02;1.226589e-01;7.239015e-02
4.733803e-02;9.115892e-02;9.287791e-02;4.334655e-02;1.223270e-01;7.997216e-02;9.666308e-02;9.306931e-02;9.709620e-02;9.580970e-02;7.947036e-02;6.087070e-02
3.770616e-02;1.090074e-01;6.779369e-02;5.770284e-02;1.406508e-01;7.990263e-02;1.018875e-01;1.031782e-01;5.657225e-02;1.391732e-01;7.099800e-02;3.542732e-02
3.177043e-02;1.223431e-01;6.174364e-02;9.066968e-02;1.045272e-01;5.400695e-02;5.805649e-02;1.360680e-01;5.728785e-02;1.593560e-01;9.646729e-02;2.770351e-02
7.294147e-02;8.666787e-02;9.012691e-02;9.688171e-02;1.057160e-01;5.226357e-02;1.132380e-01;1.273465e-01;6.632201e-02;6.054918e-02;6.076152e-02;6.718528e-02
7.792236e-02;5.311936e-02;1.259903e-01;8.558275e-02;9.073985e-02;5.278588e-02;1.441541e-01;1.152155e-01;9.324123e-02;3.443542e-02;5.121543e-02;7.559787e-02
6.395156e-02;4.562315e-02;1.117697e-01;6.890312e-02;8.040411e-02;7.846346e-02;1.374876e-01;1.075885e-01;9.539738e-02;5.894959e-02;8.282299e-02;6.863881e-02
3.935752e-02;6.864702e-02;7.009895e-02;5.385963e-02;8.857251e-02;8.966810e-02;1.058936e-01;1.075477e-01;8.218589e-02;1.363471e-01;1.024415e-01;5.538052e-02
1.378391e-02;1.048374e-01;2.637123e-02;3.343689e-02;1.446562e-01;4.945853e-02;5.960646e-02;1.086117e-01;5.685111e-02;2.647947e-01;7.446581e-02;6.312612e-02
3.136984e-02;9.201523e-02;1.769723e-02;2.817214e-02;1.660994e-01;2.729807e-02;4.642507e-02;6.189696e-02;8.356643e-02;3.029710e-01;5.059662e-02;9.189195e-02
5.577638e-02;6.051924e-02;4.637887e-02;6.949875e-02;1.156358e-01;3.630014e-02;8.992597e-02;3.481386e-02;1.548444e-01;2.063510e-01;4.634608e-02;8.360952e-02
7.147759e-02;6.243530e-02;1.049852e-01;7.643844e-02;7.177627e-02;4.502873e-02;1.184996e-01;6.465349e-02;1.674964e-01;1.043001e-01;5.503659e-02;5.787227e-02
5.789718e-02;6.656313e-02;1.508129e-01;4.612375e-02;6.390562e-02;5.331789e-02;1.055255e-01;1.157133e-01;1.160787e-01;6.160558e-02;6.321125e-02;9.924527e-02
4.812668e-02;4.883114e-02;1.094006e-01;6.363343e-02;5.160467e-02;5.380011e-02;9.438366e-02;1.411869e-01;1.353310e-01;7.503865e-02;4.803211e-02;1.306310e-01
6.736926e-02;6.281719e-02;1.072988e-01;5.939226e-02;3.761928e-02;5.547484e-02;1.129911e-01;1.127997e-01;1.323261e-01;6.579450e-02;7.577652e-02;1.103404e-01
6.470644e-02;8.636098e-02;1.254786e-01;4.534346e-02;4.519879e-02;5.645588e-02;1.365857e-01;9.620644e-02;1.052339e-01;4.896049e-02;9.461363e-02;9.485560e-02
8.946183e-02;8.770563e-02;1.344305e-01;7.092087e-02;3.686883e-02;5.104576e-02;9.686894e-02;1.046703e-01;1.169085e-01;5.067790e-02;7.457095e-02;8.586998e-02
1.204218e-01;7.437613e-02;1.241841e-01;7.365285e-02;3.036927e-02;5.272456e-02;5.883902e-02;1.466995e-01;1.332188e-01;5.005249e-02;6.242158e-02;7.303984e-02
1.029138e-01;9.903126e-02;8.844307e-02;5.534156e-02;4.481403e-02;5.887860e-02;8.558267e-02;1.652641e-01;1.281031e-01;6.838133e-02;4.741116e-02;5.583524e-02
5.931868e-02;7.803866e-02;1.039781e-01;6.583131e-02;7.074001e-02;6.554749e-02;1.284715e-01;1.378532e-01;1.159100e-01;8.346900e-02;5.425094e-02;3.659112e-02
4.425165e-02;7.581282e-02;1.155052e-01;7.317037e-02;9.831828e-02;5.394769e-02;1.205152e-01;9.610268e-02;1.151313e-01;8.901452e-02;7.354500e-02;4.468532e-02
6.277946e-02;1.131437e-01;8.803448e-02;6.734332e-02;1.065632e-01;4.738008e-02;8.682900e-02;8.870199e-02;1.174420e-01;9.579858e-02;6.364657e-02;6.233764e-02
6.926414e-02;1.420487e-01;8.183164e-02;7.479268e-02;1.101126e-01;5.501132e-02;8.977195e-02;9.204094e-02;1.060639e-01;9.009421e-02;3.305515e-02;5.591286e-02
8.375162e-02;1.093535e-01;9.876944e-02;1.286299e-01;9.656146e-02;3.499478e-02;7.275529e-02;1.107503e-01;9.575290e-02;6.971591e-02;5.966390e-02;3.930105e-02
6.628250e-02;9.203657e-02;7.315302e-02;1.434656e-01;1.091008e-01;4.631063e-02;8.259589e-02;1.028692e-01;7.296710e-02;1.039644e-01;6.432072e-02;4.293357e-02
3.996693e-02;1.250475e-01;7.881818e-02;9.590355e-02;1.211723e-01;3.870936e-02;7.426462e-02;6.773177e-02;8.751506e-02;1.546542e-01;8.667058e-02;2.954595e-02
4.821568e-02;1.579221e-01;1.022971e-01;3.529948e-02;9.097163e-02;3.539253e-02;7.409634e-02;7.886390e-02;7.740033e-02;1.268047e-01;1.189936e-01;5.374260e-02
5.206436e-02;2.098280e-01;1.279216e-01;4.196230e-02;5.907211e-02;6.838226e-02;5.901715e-02;8.011161e-02;4.468452e-02;8.079341e-02;9.309313e-02;8.306956e-02
4.927322e-02;1.994432e-01;1.412867e-01;8.274611e-02;7.571733e-02;8.289599e-02;5.731974e-02;8.062658e-02;4.514927e-02;6.134225e-02;5.642229e-02;6.777742e-02
5.532620e-02;1.175085e-01;1.114228e-01;9.148122e-02;1.113222e-01;8.717158e-02;8.559263e-02;9.727139e-02;7.018860e-02;8.253071e-02;4.293194e-02;4.725225e-02
4.022706e-02;5.807172e-02;8.673953e-02;1.206604e-01;1.270815e-01;9.901159e-02;8.377255e-02;8.268246e-02;1.022565e-01;1.300568e-01;4.254420e-02;2.689578e-02
4.523097e-02;4.400573e-02;8.951694e-02;1.166857e-01;7.416094e-02;8.335893e-02;7.827100e-02;9.258652e-02;1.681414e-01;1.521352e-01;3.475182e-02;2.115488e-02
4.366775e-02;2.434665e-02;7.223650e-02;5.771793e-02;8.434567e-02;7.564642e-02;6.857390e-02;6.686074e-02;2.015639e-01;2.427672e-01;3.479454e-02;2.747884e-02
3.570466e-02;2.990506e-02;1.079117e-01;3.177986e-02;1.304072e-01;7.382617e-02;6.240216e-02;6.007806e-02;1.954852e-01;1.840518e-01;5.187068e-02;3.657754e-02
5.409027e-02;2.715350e-02;2.046752e-01;4.992942e-02;1.290039e-01;5.076527e-02;1.118160e-01;6.252053e-02;1.078734e-01;8.909041e-02;6.202028e-02;5.106180e-02
4.793574e-02;3.808928e-02;2.302171e-01;5.365030e-02;1.038113e-01;6.218644e-02;1.404918e-01;5.722744e-02;5.175513e-02;8.353119e-02;6.949697e-02;6.160730e-02
3.041919e-02;2.596237e-02;1.562592e-01;3.609155e-02;1.155740e-01;9.917371e-02;1.250169e-01;6.635786e-02;5.753848e-02;1.130774e-01;1.100729e-01;6.445649e-02
4.111025e-02;3.886561e-02;9.124362e-02;3.409548e-02;1.093944e-01;9.253851e-02;1.367319e-01;7.835656e-02;6.077367e-02;9.524328e-02;1.403349e-01;8.131179e-02
6.649661e-02;6.286993e-02;9.891340e-02;6.749429e-02;5.018011e-02;4.543782e-02;2.090264e-01;5.050310e-02;3.271667e-02;8.098770e-02;1.195364e-01;1.158375e-01
1.367471e-01;5.904943e-02;8.332822e-02;1.099715e-01;3.107134e-02;2.507579e-02;2.025238e-01;3.244700e-02;1.264569e-02;8.745667e-02;8.541135e-02;1.342722e-01
1.943652e-01;6.897894e-02;7.385076e-02;1.004311e-01;6.880450e-02;2.766631e-02;1.615964e-01;5.684922e-02;1.740381e-02;5.859914e-02;5.701017e-02;1.144444e-01
1.916997e-01;8.014082e-02;1.272405e-01;7.342246e-02;8.484662e-02;2.601879e-02;1.166237e-01;6.341253e-02;3.281428e-02;4.142418e-02;6.823590e-02;9.412050e-02
1.182178e-01;7.552949e-02;1.775583e-01;5.028252e-02;6.789161e-02;4.475421e-02;1.029337e-01;7.495800e-02;4.256820e-02;5.455771e-02;1.019730e-01;8.877545e-02
6.186329e-02;6.142553e-02;1.803183e-01;2.630190e-02;4.319776e-02;4.343832e-02;1.301914e-01;1.272999e-01;4.697879e-02;6.435163e-02;1.262969e-01;8.833628e-02
6.812902e-02;3.089750e-02;1.032835e-01;1.500901e-02;3.878393e-02;1.128053e-01;8.042140e-02;1.459309e-01;7.639360e-02;7.451105e-02;1.829660e-01;7.086866e-02
5.502570e-02;2.329503e-02;7.050868e-02;1.808464e-02;3.121944e-02;1.802426e-01;7.126345e-02;9.400850e-02;7.054475e-02;1.032729e-01;2.371079e-01;4.542640e-02
3.618481e-02;5.311146e-02;4.824724e-02;3.272350e-02;7.291980e-02;1.344446e-01;7.904270e-02;7.398229e-02;6.573864e-02;1.481450e-01;1.992208e-01;5.623906e-02
5.871633e-02;5.558399e-02;6.636970e-02;5.928163e-02;1.110249e-01;6.787698e-02;1.044728e-01;6.210376e-02;1.107670e-01;1.356535e-01;1.072519e-01;6.089739e-02
8.488932e-02;3.795908e-02;9.485223e-02;1.106913e-01;9.567516e-02;1.023636e-01;1.080981e-01;6.157102e-02;1.054314e-01;8.473612e-02;5.375084e-02;5.998174e-02
5.446032e-02;3.836835e-02;1.324279e-01;1.114952e-01;9.351017e-02;1.079381e-01;1.281964e-01;9.589276e-02;8.321656e-02;5.010806e-02;4.149362e-02;6.289261e-02
2.563881e-02;5.387343e-02;1.393559e-01;7.055020e-02;8.411236e-02;8.460294e-02;2.049727e-01;1.201775e-01;6.430761e-02;3.174777e-02;6.245048e-02;5.821037e-02
3.988428e-02;8.337909e-02;8.400381e-02;3.639433e-02;7.361453e-02;5.305956e-02;2.532808e-01;9.678236e-02;7.461877e-02;6.336964e-02;9.008350e-02;5.152933e-02
7.811772e-02;7.888352e-02;4.152149e-02;5.917517e-02;5.341683e-02;6.500601e-02;2.197017e-01;4.708036e-02;8.539746e-02;9.957211e-02;8.275640e-02;8.937123e-02
1.298511e-01;5.714416e-02;2.388429e-02;8.113406e-02;5.492176e-02;9.053218e-02;1.526348e-01;4.521713e-02;4.974395e-02;1.274592e-01;5.500290e-02;1.324745e-01
1.470068e-01;4.993361e-02;3.524620e-02;9.784189e-02;8.848429e-02;1.000015e-01;1.242433e-01;4.450532e-02;5.883020e-02;1.227075e-01;2.298630e-02;1.082131e-01
1.520029e-01;2.347187e-02;2.490356e-02;1.133470e-01;1.347536e-01;9.866530e-02;1.773161e-01;4.229460e-02;6.253035e-02;1.021028e-01;1.525734e-02;5.335451e-02
1.641153e-01;5.632479e-02;3.183991e-02;9.362236e-02;1.192663e-01;9.131122e-02;2.510798e-01;4.223849e-02;3.152504e-02;6.885472e-02;2.036846e-02;2.945350e-02
1.548658e-01;8.517686e-02;3.281516e-02;5.691835e-02;9.347503e-02;8.375176e-02;3.419432e-01;3.980096e-02;2.035921e-02;3.645191e-02;2.010361e-02;3.433811e-02
9.215357e-02;8.052939e-02;3.313123e-02;3.199327e-02;8.388261e-02;8.703970e-02;4.517698e-01;3.949605e-02;2.075669e-02;3.799119e-02;1.429564e-02;2.696080e-02
5.214087e-02;5.267709e-02;4.433285e-02;2.792502e-02;7.396691e-02;7.926202e-02;5.277098e-01;3.319209e-02;2.350297e-02;4.321302e-02;2.478565e-02;1.729167e-02
2.726669e-02;4.659047e-02;6.080541e-02;2.599783e-02;5.317132e-02;6.757054e-02;5.790073e-01;3.252781e-02;2.727847e-02;4.820430e-02;2.016295e-02;1.141691e-02
2.840145e-02;5.982728e-02;4.963002e-02;2.041042e-02;5.782994e-02;8.349489e-02;5.664882e-01;3.086787e-02;3.109200e-02;4.536299e-02;2.004282e-02;6.552161e-03
2.560729e-02;4.500589e-02;6.194199e-02;2.908316e-02;6.699709e-02;6.729382e-02;5.332289e-01;4.122189e-02;4.371272e-02;5.445314e-02;2.428758e-02;7.166482e-03
2.575113e-02;2.086452e-02;1.018243e-01;4.040747e-02;6.462283e-02;5.482658e-02;4.602181e-01;6.681044e-02;5.042723e-02;6.782803e-02;1.823244e-02;2.818684e-02
3.401368e-02;2.761196e-02;1.365516e-01;3.955905e-02;6.434587e-02;6.949858e-02;3.097320e-01;8.453667e-02;6.888213e-02;9.158706e-02;2.222995e-02;5.145147e-02
4.976969e-02;4.584372e-02;1.124875e-01;5.804862e-02;5.224226e-02;7.891269e-02;1.696925e-01;8.175395e-02;9.951527e-02;1.523201e-01;4.761710e-02;5.179659e-02
6.312077e-02;3.110217e-02;1.033057e-01;8.422010e-02;4.360367e-02;8.289954e-02;6.867592e-02;7.860871e-02;1.369624e-01;2.094745e-01;5.850793e-02;3.951855e-02
4.904668e-02;2.983890e-02;1.341477e-01;7.208661e-02;3.071011e-02;4.913862e-02;7.745878e-02;7.244126e-02;1.724369e-01;1.872638e-01;4.541155e-02;8.001909e-02
3.661272e-02;1.922662e-02;1.132977e-01;6.446952e-02;2.195591e-02;1.876269e-02;1.207977e-01;6.771580e-02;2.184918e-01;1.374270e-01;4.232903e-02;1.389136e-01
9.734722e-02;1.381571e-02;6.125504e-02;9.850275e-02;2.229617e-02;1.170908e-02;9.228019e-02;5.846426e-02;2.600166e-01;1.127371e-01;4.837370e-02;1.232023e-01
1.568019e-01;2.951943e-02;3.456276e-02;1.227715e-01;5.571222e-02;1.361295e-02;5.959222e-02;3.294161e-02;2.801763e-01;1.204347e-01;4.332552e-02;5.054872e-02
1.525431e-01;8.867786e-02;3.497035e-02;1.151127e-01;1.162893e-01;2.930407e-02;3.879275e-02;2.076875e-02;2.339692e-01;1.177655e-01;3.150724e-02;2.029920e-02
1.081268e-01;1.406483e-01;3.864774e-02;9.162700e-02;2.024136e-01;5.383741e-02;6.567865e-02;1.249554e-02;1.584422e-01;8.202522e-02;2.806258e-02;1.799492e-02
8.793924e-02;1.063079e-01;4.118657e-02;8.963415e-02;2.656639e-01;6.074708e-02;9.269015e-02;1.169552e-02;1.205613e-01;8.858064e-02;2.480138e-02;1.019217e-02
9.717529e-02;4.694935e-02;4.084874e-02;1.015749e-01;2.483344e-01;5.204192e-02;1.395420e-01;1.514442e-02;1.284210e-01;1.036841e-01;2.057133e-02;5.712591e-03
1.052252e-01;4.106634e-02;5.583338e-02;9.938926e-02;1.426737e-01;3.816075e-02;1.916665e-01;3.519241e-02;1.449354e-01;1.113960e-01;2.085605e-02;1.360505e-02
1.057957e-01;5.166390e-02;6.240417e-02;8.114117e-02;1.033797e-01;2.821129e-02;2.085783e-01;4.004016e-02;1.422769e-01;1.321429e-01;3.247894e-02;1.188690e-02
8.750801e-02;6.180470e-02;6.187523e-02;5.510985e-02;1.428956e-01;3.762121e-02;1.395893e-01;1.567128e-02;1.180624e-01;2.010286e-01;4.034784e-02;3.848596e-02
6.763092e-02;8.315595e-02;4.461447e-02;2.779563e-02;1.900945e-01;3.414652e-02;6.730198e-02;3.326975e-02;8.906876e-02;2.606221e-01;3.366286e-02;6.863648e-02
3.667463e-02;1.213546e-01;2.292680e-02;2.220190e-02;1.977607e-01;3.970651e-02;4.609044e-02;7.588671e-02;5.628140e-02;2.609973e-01;3.684322e-02;8.327579e-02
3.873748e-02;1.402332e-01;2.574183e-02;3.834252e-02;1.742388e-01;4.141495e-02;4.188910e-02;1.097639e-01;4.066809e-02;2.184253e-01;5.345037e-02;7.709447e-02
6.496529e-02;1.273918e-01;7.245465e-02;8.325536e-02;1.333762e-01;5.872381e-02;4.504416e-02;1.109551e-01;3.359336e-02;1.447415e-01;7.895730e-02;4.654153e-02
8.911832e-02;1.102847e-01;1.308170e-01;1.052314e-01;9.162890e-02;5.656859e-02;5.811033e-02;8.095135e-02;4.976609e-02;1.053289e-01;8.498301e-02;3.721142e-02
1.173821e-01;9.276419e-02;1.079459e-01;8.539729e-02;5.428700e-02;3.034457e-02;5.670565e-02;5.910136e-02;6.240533e-02;1.799208e-01;1.164107e-01;3.733516e-02
1.111294e-01;8.488515e-02;6.864896e-02;6.932219e-02;4.781199e-02;4.344539e-02;7.321423e-02;4.331272e-02;5.431729e-02;1.996378e-01;1.693414e-01;3.493353e-02
8.511765e-02;6.445418e-02;8.291631e-02;5.148777e-02;4.605423e-02;4.679795e-02;9.492455e-02;4.730861e-02;1.060759e-01;1.878724e-01;1.472953e-01;3.969513e-02
9.784238e-02;8.258286e-02;8.203937e-02;4.143852e-02;6.159140e-02;2.799748e-02;7.768255e-02;4.912413e-02;1.247016e-01;1.788969e-01;1.053522e-01;7.075068e-02
5.748031e-02;1.462130e-01;4.854566e-02;3.167704e-02;8.290708e-02;1.418301e-02;4.674551e-02;5.491924e-02;9.568751e-02;2.172996e-01;1.048599e-01;9.948217e-02
4.426227e-02;1.753310e-01;2.508530e-02;2.747735e-02;8.644342e-02;2.412489e-02;3.922265e-02;5.901346e-02;5.714996e-02;2.108754e-01;1.045952e-01;1.464192e-01
7.059956e-02;1.052130e-01;3.706639e-02;5.527502e-02;7.054732e-02;4.945637e-02;7.710824e-02;4.659422e-02;7.697456e-02;1.502576e-01;1.127448e-01;1.481629e-01
6.673519e-02;5.487017e-02;1.044603e-01;9.435234e-02;5.171154e-02;5.166407e-02;1.365653e-01;4.268166e-02;8.564777e-02;1.160909e-01;9.486469e-02;1.003561e-01
4.405069e-02;8.475159e-02;1.396056e-01;8.521771e-02;6.743088e-02;3.369337e-02;1.635461e-01;5.427926e-02;5.978308e-02;1.136033e-01;6.881345e-02;8.522493e-02
2.679557e-02;9.859148e-02;1.097232e-01;6.763557e-02;7.784791e-02;1.546024e-02;2.010871e-01;6.111489e-02;6.030316e-02;1.074106e-01;8.288572e-02;9.114455e-02
2.835082e-02;7.784802e-02;8.634256e-02;5.606810e-02;8.395696e-02;1.740111e-02;2.424833e-01;6.303009e-02;7.075191e-02;9.604378e-02;8.153684e-02;9.618646e-02
4.545915e-02;7.031860e-02;9.859784e-02;5.290942e-02;8.015789e-02;2.038593e-02;2.746342e-01;5.413598e-02;5.664852e-02;9.178026e-02;6.520218e-02;8.976995e-02
8.176457e-02;6.124818e-02;1.208615e-01;4.618854e-02;7.058530e-02;3.000814e-02;2.343407e-01;6.878530e-02;6.475178e-02;7.441426e-02;7.473830e-02;7.231351e-02
1.059233e-01;5.270826e-02;1.282617e-01;6.853259e-02;4.447713e-02;2.817763e-02;1.647199e-01;5.285265e-02;8.869194e-02;8.897745e-02;1.210357e-01;5.564186e-02
1.315772e-01;3.524816e-02;1.073970e-01;8.899772e-02;4.429922e-02;3.603392e-02;8.954559e-02;3.476482e-02;9.352751e-02;1.272995e-01;1.541845e-01;5.712491e-02
1.081250e-01;2.995959e-02;1.140932e-01;7.211771e-02;5.530963e-02;6.105680e-02;6.433780e-02;2.517390e-02;8.001202e-02;1.761532e-01;1.306317e-01;8.302943e-02
9.024758e-02;2.289423e-02;1.098233e-01;9.171171e-02;5.906896e-02;6.891813e-02;8.427957e-02;3.091477e-02;1.108496e-01;1.585903e-01;1.114665e-01;6.123537e-02
9.475486e-02;3.881944e-02;1.183307e-01;1.250441e-01;6.603406e-02;4.617731e-02;1.016141e-01;4.169422e-02;1.205152e-01;9.753081e-02;1.187047e-01;3.078062e-02
5.226738e-02;6.847893e-02;1.691508e-01;9.173673e-02;6.189219e-02;4.611773e-02;1.439187e-01;5.967224e-02;7.603293e-02;7.732791e-02;7.632947e-02;7.707493e-02
3.725052e-02;6.300087e-02;2.035869e-01;6.584638e-02;3.742719e-02;4.019732e-02;2.209339e-01;6.782065e-02;4.272382e-02;7.216542e-02;3.232396e-02;1.167230e-01
6.960382e-02;5.985022e-02;1.513152e-01;5.335274e-02;3.133951e-02;2.278715e-02;3.111064e-01;5.424738e-02;3.215455e-02;5.045006e-02;8.660460e-02;7.718833e-02
8.794199e-02;9.467983e-02;8.661143e-02;3.644876e-02;4.428290e-02;2.471854e-02;3.653333e-01;2.985747e-02;4.504296e-02;2.063922e-02;1.470432e-01;1.740032e-02
6.752991e-02;1.227306e-01;6.101581e-02;2.132491e-02;4.942184e-02;3.922183e-02;3.638678e-01;3.035781e-02;6.885002e-02;2.669324e-02;1.416061e-01;7.380260e-03
8.280885e-02;1.253604e-01;5.057962e-02;3.648344e-02;6.343896e-02;6.119179e-02;3.362433e-01;3.826358e-02;6.383032e-02;3.302935e-02;9.585267e-02;1.291767e-02
1.180881e-01;1.363170e-01;4.208890e-02;5.949319e-02;8.777785e-02;7.971594e-02;2.750715e-01;3.426832e-02;3.757610e-02;4.451372e-02;6.807771e-02;1.701170e-02
9.921825e-02;1.319300e-01;4.816733e-02;4.554987e-02;7.514926e-02;6.679291e-02;3.687597e-01;2.929653e-02;3.269598e-02;3.887481e-02;4.802363e-02;1.554169e-02
7.477311e-02;1.106777e-01;4.204831e-02;2.761989e-02;5.936525e-02;5.201328e-02;5.007042e-01;2.812951e-02;3.319583e-02;2.546209e-02;2.529246e-02;2.071835e-02
6.541625e-02;8.946017e-02;5.449837e-02;2.254169e-02;6.987523e-02;5.435608e-02;5.181562e-01;2.362374e-02;3.392977e-02;3.198754e-02;1.744661e-02;1.870831e-02
6.314576e-02;8.072884e-02;4.299573e-02;2.110038e-02;8.201864e-02;6.338254e-02;5.188054e-01;1.664220e-02;2.838059e-02;3.393928e-02;2.584552e-02;2.301511e-02
6.548636e-02;7.485460e-02;4.683408e-02;1.930424e-02;7.673988e-02;6.941681e-02;5.327311e-01;1.545095e-02;2.050686e-02;2.667744e-02;2.506106e-02;2.693671e-02
6.700426e-02;7.120492e-02;3.428626e-02;1.835579e-02;7.378699e-02;6.717237e-02;5.594779e-01;1.208945e-02;1.433013e-02;2.430135e-02;2.514473e-02;3.284587e-02
6.361945e-02;6.452176e-02;2.886717e-02;2.100352e-02;7.695016e-02;6.721009e-02;5.615967e-01;1.561743e-02;1.877076e-02;2.264564e-02;2.329065e-02;3.590671e-02
5.511001e-02;8.097479e-02;4.520317e-02;2.754384e-02;7.037558e-02;6.869802e-02;5.166554e-01;2.697723e-02;2.092620e-02;2.947711e-02;3.040478e-02;2.765384e-02
5.991757e-02;8.612612e-02;8.521994e-02;3.436215e-02;4.633366e-02;6.402517e-02;4.477133e-01;3.913647e-02;3.609024e-02;4.048042e-02;3.618975e-02;2.440522e-02
7.611746e-02;8.414226e-02;7.649160e-02;2.571882e-02;5.593531e-02;6.223736e-02;4.467518e-01;3.970501e-02;4.636296e-02;3.958589e-02;2.509520e-02;2.185634e-02
7.277563e-02;9.628019e-02;4.132999e-02;1.359292e-02;4.353397e-02;6.748132e-02;5.025783e-01;3.954577e-02;5.126696e-02;4.126537e-02;1.944833e-02;1.090117e-02
5.834610e-02;1.036805e-01;2.617806e-02;6.266479e-03;3.522279e-02;8.851589e-02;5.132101e-01;4.411514e-02;5.148361e-02;4.782651e-02;2.059515e-02;4.559732e-03
4.320072e-02;9.182435e-02;2.634892e-02;4.948384e-03;3.595585e-02;1.141508e-01;5.018931e-01;4.274255e-02;5.399858e-02;5.794108e-02;2.484170e-02;2.153984e-03
2.780486e-02;7.368755e-02;3.042877e-02;6.600425e-03;5.862053e-02;1.308013e-01;5.074754e-01;3.723800e-02;4.580767e-02;5.240225e-02;2.677089e-02;2.362418e-03
2.577699e-02;5.512862e-02;3.847605e-02;1.042796e-02;7.741129e-02;1.086443e-01;5.538201e-01;3.460618e-02;2.992081e-02;3.499942e-02;2.611567e-02;4.672696e-03
2.364546e-02;3.262500e-02;5.767247e-02;1.728607e-02;7.964365e-02;5.718333e-02;6.139882e-01;4.245250e-02;2.408741e-02;2.017892e-02;2.334197e-02;7.895049e-03
2.404605e-02;3.155792e-02;6.258564e-02;2.142331e-02;8.660663e-02;2.607512e-02;6.202571e-01;4.981222e-02;3.074734e-02;1.876382e-02;2.103409e-02;7.090717e-03
2.703226e-02;4.015988e-02;7.176404e-02;2.499039e-02;1.118040e-01;2.808989e-02;5.781437e-01;4.755219e-02;2.983809e-02;1.257163e-02;2.286839e-02;5.185502e-03
2.945926e-02;5.676684e-02;6.701170e-02;2.114377e-02;1.271497e-01;4.405512e-02;5.404747e-01;4.037109e-02;2.849050e-02;1.599194e-02;2.562152e-02;3.463900e-03
3.138912e-02;7.341702e-02;4.825357e-02;1.312614e-02;1.084751e-01;6.204141e-02;5.255399e-01;3.922997e-02;3.694929e-02;2.623312e-02;2.904408e-02;6.301239e-03
3.476105e-02;7.525946e-02;5.782534e-02;1.182325e-02;8.214802e-02;7.126945e-02;4.949007e-01;4.830321e-02;5.232353e-02;3.924808e-02;2.466197e-02;7.475970e-03
4.083490e-02;7.441495e-02;1.095736e-01;3.351985e-02;8.541477e-02;8.118888e-02;4.006426e-01;4.461623e-02;5.202254e-02;4.173380e-02;1.905773e-02;1.698017e-02
2.951133e-02;8.103555e-02;2.027404e-01;3.558358e-02;7.754114e-02;8.000464e-02;3.320263e-01;3.303325e-02;4.311084e-02;4.157030e-02;2.133252e-02;2.251019e-02
3.951406e-02;7.468817e-02;1.619885e-01;2.132201e-02;5.530690e-02;6.101254e-02;4.664924e-01;2.912935e-02;3.762650e-02;2.781671e-02;7.865833e-03;1.723704e-02
6.482920e-02;7.224835e-02;9.722576e-02;2.355206e-02;1.056311e-01;7.503694e-02;4.653696e-01;2.058565e-02;2.966214e-02;1.857862e-02;1.252720e-02;1.475342e-02
6.380931e-02;8.379336e-02;1.364263e-01;3.663740e-02;1.611402e-01;8.291437e-02;3.310636e-01;2.351721e-02;2.659868e-02;2.082119e-02;1.663903e-02;1.663944e-02
5.468256e-02;7.583029e-02;2.287462e-01;6.645692e-02;1.991412e-01;8.391516e-02;9.150854e-02;4.603449e-02;4.493530e-02;6.319683e-02;2.342397e-02;2.212851e-02
6.352399e-02;7.667444e-02;1.685081e-01;7.038525e-02;1.684147e-01;7.961844e-02;8.573613e-02;6.605102e-02;7.429657e-02;7.370465e-02;4.243442e-02;3.065234e-02
7.258964e-02;6.272210e-02;1.562551e-01;4.983671e-02;1.256299e-01;7.078268e-02;2.118722e-01;6.434891e-02;6.201911e-02;4.584832e-02;4.019976e-02;3.789563e-02
4.787078e-02;7.123617e-02;1.239654e-01;3.694707e-02;8.923987e-02;5.753633e-02;3.043500e-01;5.918698e-02;5.203012e-02;5.692403e-02;4.662096e-02;5.409230e-02
6.018633e-02;9.522781e-02;9.276084e-02;3.410378e-02;7.937389e-02;3.107328e-02;3.203911e-01;6.139630e-02;3.696212e-02;5.743515e-02;5.904876e-02;7.204061e-02
9.036328e-02;1.062592e-01;5.862422e-02;3.318889e-02;9.061926e-02;5.121894e-02;2.841804e-01;7.303120e-02;6.247433e-02;3.929576e-02;6.430262e-02;4.644183e-02
