7.001092e-02;8.732535e-02;1.011884e-01;4.402102e-02;6.854096e-02;1.896549e-01;1.178883e-01;1.117492e-01;7.626227e-02;3.653108e-02;4.708751e-02;4.974012e-02
9.012283e-02;5.821745e-02;6.895249e-02;3.122059e-02;5.648931e-02;3.051336e-01;1.115456e-01;1.212266e-01;4.144113e-02;3.561702e-02;3.434836e-02;4.568503e-02
1.215095e-01;3.175739e-02;4.002680e-02;1.799425e-02;4.701312e-02;4.608358e-01;8.695918e-02;9.107601e-02;2.495848e-02;3.237438e-02;1.813855e-02;2.735647e-02
1.491223e-01;1.378463e-02;1.738962e-02;7.851476e-03;2.009351e-02;6.197907e-01;5.933487e-02;5.951942e-02;9.892578e-03;3.257556e-02;3.983404e-03;6.661955e-03
1.455119e-01;1.074994e-02;6.222432e-03;1.190009e-02;2.620981e-02;6.418378e-01;5.764944e-02;5.481584e-02;5.836966e-03;2.965889e-02;4.187574e-03;5.419402e-03
1.394684e-01;1.540775e-02;1.516802e-02;1.103697e-02;3.004620e-02;6.313652e-01;5.161790e-02;6.080837e-02;5.604857e-03;3.325544e-02;3.337732e-03;2.883097e-03
1.246656e-01;2.911847e-02;7.908635e-03;1.400565e-02;1.412916e-02;5.973900e-01;8.568722e-02;7.523429e-02;7.197295e-03;3.476218e-02;3.190783e-03;6.710735e-03
6.916393e-02;4.629764e-02;7.272826e-03;2.077814e-02;2.582589e-02;5.333738e-01;1.460129e-01;9.621207e-02;1.280175e-02;3.476397e-02;2.889313e-03;4.607717e-03
2.587785e-02;4.486986e-02;1.173300e-02;1.743327e-02;2.841966e-02;5.720347e-01;1.689752e-01;9.084134e-02;1.210318e-02;1.969115e-02;3.819146e-03;4.201670e-03
4.992256e-02;3.427809e-02;1.304928e-02;9.817682e-03;2.755844e-02;5.958328e-01;1.599980e-01;7.695654e-02;1.257771e-02;1.299326e-02;2.684706e-03;4.330978e-03
3.721939e-02;3.393962e-02;9.676595e-03;1.361291e-02;5.220140e-02;6.144861e-01;1.393763e-01;7.086456e-02;1.040945e-02;1.226881e-02;1.798729e-03;4.146112e-03
1.271874e-02;4.236470e-02;1.816008e-02;1.611255e-02;5.799434e-02;5.495147e-01;1.322194e-01;1.236157e-01;1.897746e-02;1.849508e-02;3.641303e-03;6.186087e-03
3.105219e-02;4.721270e-02;1.168060e-02;8.839045e-03;3.316469e-02;5.545616e-01;1.185268e-01;1.481691e-01;1.227738e-02;2.300057e-02;2.220621e-03;9.294615e-03
4.983572e-02;4.660655e-02;1.540684e-02;5.475676e-03;2.116485e-02;5.407839e-01;1.060406e-01;1.763182e-01;1.409838e-02;1.631349e-02;3.796021e-03;4.159837e-03
5.389545e-02;5.946434e-02;6.256247e-02;1.213332e-02;1.747197e-02;4.739030e-01;6.720311e-02;2.047006e-01;2.456384e-02;1.103449e-02;4.032352e-03;9.035019e-03
5.004462e-02;7.254608e-02;1.412983e-01;2.155267e-02;2.055956e-02;3.766649e-01;4.804057e-02;1.886626e-01;3.158381e-02;2.172367e-02;8.719536e-03;1.860359e-02
3.472798e-02;8.792723e-02;1.738602e-01;1.754359e-02;4.132774e-02;3.582473e-01;9.346806e-02;1.156604e-01;2.062086e-02;2.872058e-02;9.007125e-03;1.888883e-02
6.425329e-02;6.746936e-02;9.657685e-02;1.345096e-02;5.015849e-02;4.960287e-01;9.377754e-02;4.945850e-02;2.314438e-02;2.463788e-02;8.808251e-03;1.223575e-02
1.275102e-01;5.437471e-02;6.776164e-02;1.723166e-02;4.474147e-02;4.214562e-01;9.601151e-02;8.631186e-02;3.255475e-02;2.609686e-02;1.596856e-02;9.980678e-03
1.121285e-01;5.651186e-02;8.912526e-02;2.128142e-02;5.766499e-02;3.748218e-01;7.067990e-02;1.275604e-01;3.333056e-02;2.421611e-02;1.282354e-02;1.985574e-02
9.609067e-02;5.981252e-02;3.590519e-02;1.882312e-02;6.495502e-02;4.431298e-01;7.740220e-02;1.459150e-01;1.954524e-02;2.230795e-02;5.283286e-03;1.082999e-02
5.917835e-02;6.180497e-02;9.742583e-02;4.529834e-02;5.468940e-02;4.384901e-01;4.647451e-02;1.053881e-01;2.445993e-02;3.329265e-02;2.704810e-02;6.449792e-03
3.615988e-02;6.452527e-02;1.135534e-01;6.705534e-02;9.887157e-02;3.633893e-01;6.208033e-02;3.477530e-02;3.757250e-02;6.136015e-02;4.647703e-02;1.417993e-02
2.569684e-02;5.346037e-02;1.015524e-01;6.247009e-02;8.957155e-02;2.717635e-01;8.684146e-02;9.791616e-02;5.106355e-02;8.506288e-02;4.909137e-02;2.550975e-02
1.197981e-02;5.183997e-02;1.119739e-01;7.121692e-02;1.135083e-01;2.349680e-01;9.175149e-02;1.393304e-01;2.971601e-02;7.260205e-02;4.606394e-02;2.504918e-02
2.336329e-02;3.587793e-02;9.024765e-02;7.539154e-02;1.953870e-01;2.955454e-01;5.674273e-02;6.622919e-02;2.076716e-02;2.439091e-02;2.232576e-02;9.373146e-02
2.872305e-02;2.080083e-02;4.680309e-02;7.011108e-02;2.450808e-01;2.834727e-01;5.994189e-02;3.875605e-02;1.889277e-02;9.312222e-03;2.107110e-02;1.570344e-01
1.789252e-02;1.962650e-02;4.149297e-02;1.160432e-01;2.151270e-01;1.785306e-01;3.577770e-02;7.307188e-02;1.562614e-02;1.625310e-02;1.274969e-01;1.430615e-01
1.156206e-02;2.664283e-02;7.852617e-02;1.410928e-01;1.113150e-01;9.748547e-02;2.776883e-02;9.762475e-02;1.849014e-02;8.359199e-02;2.443813e-01;6.151858e-02
2.090385e-02;3.035190e-02;1.104615e-01;8.903221e-02;4.852228e-02;4.595247e-02;4.846883e-02;7.401140e-02;3.664428e-02;2.417474e-01;2.274924e-01;2.641142e-02
1.628367e-02;4.861937e-02;1.108071e-01;3.707966e-02;2.954099e-02;3.622010e-02;5.859384e-02;4.777357e-02;8.453453e-02;3.899897e-01;1.206950e-01;1.986245e-02
1.126328e-02;7.824003e-02;9.416506e-02;1.443211e-02;2.046917e-02;8.494962e-02;3.557814e-02;5.832913e-02;1.815078e-01;3.631287e-01;3.421168e-02;2.372530e-02
3.406715e-02;1.121506e-01;1.451392e-01;1.105816e-02;1.363891e-02;1.060658e-01;1.760707e-02;8.922901e-02;2.668886e-01;1.625977e-01;5.997207e-03;3.556054e-02
3.765384e-02;1.264870e-01;1.781614e-01;2.166054e-02;1.696279e-02;7.202941e-02;2.189264e-02;8.539998e-02;2.310784e-01;1.657590e-01;1.878807e-02;2.412689e-02
4.154672e-02;1.501130e-01;1.888212e-01;3.211160e-02;3.384974e-02;6.480204e-02;2.142781e-02;8.461554e-02;1.629363e-01;1.828609e-01;1.318413e-02;2.373104e-02
3.587023e-02;1.623589e-01;1.714346e-01;4.510295e-02;4.868105e-02;1.235114e-01;2.532449e-02;7.808504e-02;1.057756e-01;1.507010e-01;1.880161e-02;3.435315e-02
1.333124e-02;1.756003e-01;2.435659e-01;6.176728e-02;3.968352e-02;1.470954e-01;3.305534e-02;4.654544e-02;7.585942e-02;1.131378e-01;2.746945e-02;2.288881e-02
1.106193e-02;1.389292e-01;3.082065e-01;7.991653e-02;9.035916e-02;1.039124e-01;3.456057e-02;2.829614e-02;5.603011e-02;1.092627e-01;3.100649e-02;8.458324e-03
1.119780e-02;1.270924e-01;3.380292e-01;8.217259e-02;9.808814e-02;6.888860e-02;4.631573e-02;1.502922e-02;4.129970e-02;1.332961e-01;2.995492e-02;8.635618e-03
9.550847e-03;1.610082e-01;3.597461e-01;5.482104e-02;6.922349e-02;3.259407e-02;8.865798e-02;1.400644e-02;3.611282e-02;1.516584e-01;1.128431e-02;1.133630e-02
1.382117e-02;1.547579e-01;3.502815e-01;4.209245e-02;5.995052e-02;3.212412e-02;1.157201e-01;2.116680e-02;4.151557e-02;1.392439e-01;1.680862e-02;1.251736e-02
2.240882e-02;1.523147e-01;3.687623e-01;2.241625e-02;5.893534e-02;5.712349e-02;1.034746e-01;2.887384e-02;6.338960e-02;9.986698e-02;1.432952e-02;8.104471e-03
1.835699e-02;1.222461e-01;3.359085e-01;8.541769e-02;5.313500e-02;8.400842e-02;6.046601e-02;3.179717e-02;8.258371e-02;9.098095e-02;2.004589e-02;1.505354e-02
1.280942e-02;5.623749e-02;2.434313e-01;1.219702e-01;5.153342e-02;1.483420e-01;3.293502e-02;5.608663e-02;9.738162e-02;1.003131e-01;5.484679e-02;2.411300e-02
1.390857e-02;5.201973e-02;1.957356e-01;1.246422e-01;5.484298e-02;1.460398e-01;3.120186e-02;7.781869e-02;1.205882e-01;1.005131e-01;4.844798e-02;3.424126e-02
1.935755e-02;1.093365e-01;2.840383e-01;8.763627e-02;5.161224e-02;1.525442e-01;2.872749e-02;4.735230e-02;8.482604e-02;8.937020e-02;1.554329e-02;2.965564e-02
2.157914e-02;1.456676e-01;3.317030e-01;5.316254e-02;2.784885e-02;1.464241e-01;1.582125e-02;3.193701e-02;3.838317e-02;1.376866e-01;3.098129e-02;1.880552e-02
2.468816e-02;1.677311e-01;3.082701e-01;2.833957e-02;3.300808e-02;1.174746e-01;1.462176e-02;5.100102e-02;7.097375e-02;1.453907e-01;1.993374e-02;1.856752e-02
1.787311e-02;1.540620e-01;2.699058e-01;2.243970e-02;4.348502e-02;5.993120e-02;3.621845e-02;6.130943e-02;1.182008e-01;1.680535e-01;2.203459e-02;2.648636e-02
1.681349e-02;1.119194e-01;2.060107e-01;2.356262e-02;4.412533e-02;1.302781e-01;4.234540e-02;5.064068e-02;1.088249e-01;1.764229e-01;6.455188e-02;2.450454e-02
3.151302e-02;1.003806e-01;1.401066e-01;2.749811e-02;4.285698e-02;1.906007e-01;3.415746e-02;3.525793e-02;8.797758e-02;1.802490e-01;1.114671e-01;1.793491e-02
2.706374e-02;9.635999e-02;1.750887e-01;4.217787e-02;6.453165e-02;1.684346e-01;4.969377e-02;5.712310e-02;7.875723e-02;1.024734e-01;1.191859e-01;1.911004e-02
2.138812e-02;1.018741e-01;1.939151e-01;1.324405e-01;9.556488e-02;1.589886e-01;4.037502e-02;6.240234e-02;6.093538e-02;4.482738e-02;6.407493e-02;2.321367e-02
2.223421e-02;1.148614e-01;2.627760e-01;2.027033e-01;1.029182e-01;1.099567e-01;2.778465e-02;4.105185e-02;3.816115e-02;2.098787e-02;3.617785e-02;2.038685e-02
2.216835e-02;1.683047e-01;3.770598e-01;1.752044e-01;7.356293e-02;4.738900e-02;2.164395e-02;1.788326e-02;3.213261e-02;3.842863e-02;1.344004e-02;1.278233e-02
2.405033e-02;2.521240e-01;3.184105e-01;1.188790e-01;4.813187e-02;5.393237e-02;1.647987e-02;3.387322e-02;5.842255e-02;4.824218e-02;1.334503e-02;1.410913e-02
3.925041e-02;3.250527e-01;2.038364e-01;8.556771e-02;3.192750e-02;4.604866e-02;2.567219e-02;6.313786e-02;9.577921e-02;5.066156e-02;2.136162e-02;1.170419e-02
6.918234e-02;3.020286e-01;1.632975e-01;5.121227e-02;3.112743e-02;4.664625e-02;3.208878e-02;7.739015e-02;1.099012e-01;6.992396e-02;3.211635e-02;1.508524e-02
7.243854e-02;2.710985e-01;1.788946e-01;2.534975e-02;3.424268e-02;9.150383e-02;3.393479e-02;6.038269e-02;8.807795e-02;7.976438e-02;3.920238e-02;2.510995e-02
5.439756e-02;1.948012e-01;2.825029e-01;3.248309e-02;3.439202e-02;1.227387e-01;2.794660e-02;4.897300e-02;5.087522e-02;7.329777e-02;5.024201e-02;2.735001e-02
3.757108e-02;1.105306e-01;3.477962e-01;5.996151e-02;3.384095e-02;1.139998e-01;2.109244e-02;4.171530e-02;5.675581e-02;1.011764e-01;5.609622e-02;1.946364e-02
2.497005e-02;1.678116e-01;3.435719e-01;6.755264e-02;4.745151e-02;8.284995e-02;1.367313e-02;2.207320e-02;5.553907e-02;1.036569e-01;4.920543e-02;2.164459e-02
3.083289e-02;7.648382e-02;3.823345e-01;6.571933e-02;9.536851e-02;7.000546e-02;1.697220e-02;3.056018e-02;5.184321e-02;8.285882e-02;6.622091e-02;3.080021e-02
3.002129e-02;2.296161e-01;3.196248e-01;5.666193e-02;9.738660e-02;4.378323e-02;2.292970e-02;3.526241e-02;3.660331e-02;5.255722e-02;4.173412e-02;3.381941e-02
2.763361e-02;2.446811e-01;2.713917e-01;7.238199e-02;4.510446e-02;8.644011e-02;2.637292e-02;3.210108e-02;6.111727e-02;8.174852e-02;2.345482e-02;2.757243e-02
2.450968e-02;1.574775e-01;2.688174e-01;9.786430e-02;4.972925e-02;1.160045e-01;3.030215e-02;2.600350e-02;7.401826e-02;7.234126e-02;5.131601e-02;3.161609e-02
2.773275e-02;7.850815e-02;2.209998e-01;1.259190e-01;8.295117e-02;1.404784e-01;4.105577e-02;5.692515e-02;7.819334e-02;4.306355e-02;7.290403e-02;3.126883e-02
3.255512e-02;7.536966e-02;1.789126e-01;8.837195e-02;7.248413e-02;1.389630e-01;4.166764e-02;7.038105e-02;9.093172e-02;1.096599e-01;7.968076e-02;2.102253e-02
3.463884e-02;1.046417e-01;2.130846e-01;7.189454e-02;5.968446e-02;7.707549e-02;3.561136e-02;5.663274e-02;1.046361e-01;1.339364e-01;8.971695e-02;1.844690e-02
1.775453e-02;1.880776e-01;3.280295e-01;8.648716e-02;2.605770e-02;1.073732e-01;3.385861e-02;5.369189e-02;4.798102e-02;5.444244e-02;3.864625e-02;1.760001e-02
1.459006e-02;2.065946e-01;4.263136e-01;1.012514e-01;4.030456e-02;7.076394e-02;2.530395e-02;3.417521e-02;1.935765e-02;2.892879e-02;1.802486e-02;1.439129e-02
1.864529e-02;2.468035e-01;4.172786e-01;1.156231e-01;3.754893e-02;3.628086e-02;2.001797e-02;1.929476e-02;3.677558e-02;1.884692e-02;1.416398e-02;1.872056e-02
3.528723e-02;2.926488e-01;3.163205e-01;1.136883e-01;3.254929e-02;3.971463e-02;1.640449e-02;2.789374e-02;5.828980e-02;2.745218e-02;1.542796e-02;2.432311e-02
5.140799e-02;3.243481e-01;2.148667e-01;1.056673e-01;2.378180e-02;5.671318e-02;2.562117e-02;3.413224e-02;8.689708e-02;3.440493e-02;1.163282e-02;3.052676e-02
2.629196e-02;2.922936e-01;2.293579e-01;9.210232e-02;4.275364e-02;6.824015e-02;2.637363e-02;3.963003e-02;1.240413e-01;2.894781e-02;7.692373e-03;2.227525e-02
2.319836e-02;2.546568e-01;2.090538e-01;1.128760e-01;4.419857e-02;8.112694e-02;2.555025e-02;3.674313e-02;1.697086e-01;2.690601e-02;2.954349e-03;1.302722e-02
2.589038e-02;2.701521e-01;1.261173e-01;1.285736e-01;4.007334e-02;1.026448e-01;1.957914e-02;2.741743e-02;2.271563e-01;2.216727e-02;3.450104e-03;6.778273e-03
3.067286e-02;2.900470e-01;5.425446e-02;1.168674e-01;3.346799e-02;1.482975e-01;1.634924e-02;3.572231e-02;2.378986e-01;2.233275e-02;7.071321e-03;7.018502e-03
3.463678e-02;3.117903e-01;9.697459e-02;8.093773e-02;1.544022e-02;1.660529e-01;1.939351e-02;3.409777e-02;2.014772e-01;2.501332e-02;8.095378e-03;6.090273e-03
4.544627e-02;3.114175e-01;1.131463e-01;5.809655e-02;1.157769e-02;1.157205e-01;7.505925e-02;5.413436e-02;1.425838e-01;5.983659e-02;6.218861e-03;6.762374e-03
6.682051e-02;2.881785e-01;8.799078e-02;4.236991e-02;2.554674e-02;6.908225e-02;1.602680e-01;5.678295e-02;7.868943e-02;1.023065e-01;1.101555e-02;1.094888e-02
6.865196e-02;3.139975e-01;1.129946e-01;2.827405e-02;2.675734e-02;5.469036e-02;1.453714e-01;6.778779e-02;5.681674e-02;9.222765e-02;1.681773e-02;1.561283e-02
4.966566e-02;3.513300e-01;1.649090e-01;2.841972e-02;1.084284e-02;5.421582e-02;6.908750e-02;1.203357e-01;5.942240e-02;5.588144e-02;1.851222e-02;1.737769e-02
2.410250e-02;3.090046e-01;2.548437e-01;2.443453e-02;2.238953e-02;3.852318e-02;3.411706e-02;1.456682e-01;5.020058e-02;6.324995e-02;1.789689e-02;1.556928e-02
2.908997e-02;1.983789e-01;3.614814e-01;3.025793e-02;4.071253e-02;4.115224e-02;3.569455e-02;1.110242e-01;4.914946e-02;7.468706e-02;1.639591e-02;1.197582e-02
3.609262e-02;2.781308e-01;3.729953e-01;2.118478e-02;3.691972e-02;3.575211e-02;4.261846e-02;6.147104e-02;4.330126e-02;4.764236e-02;1.303688e-02;1.085465e-02
3.535461e-02;3.357810e-01;3.720678e-01;2.851536e-02;2.191795e-02;3.436375e-02;3.063192e-02;7.088147e-02;2.901167e-02;2.251205e-02;1.038775e-02;8.574665e-03
3.382431e-02;3.152139e-01;3.909090e-01;2.266316e-02;1.497445e-02;4.373660e-02;1.722075e-02;7.268620e-02;3.163541e-02;3.243513e-02;9.385505e-03;1.531561e-02
2.483214e-02;2.688791e-01;4.086197e-01;2.903255e-02;1.814940e-02;6.063880e-02;2.119118e-02;6.482627e-02;2.902498e-02;4.396505e-02;1.316976e-02;1.767113e-02
2.316606e-02;2.934683e-01;4.073518e-01;3.835258e-02;3.014672e-02;3.959737e-02;2.525528e-02;4.162838e-02;3.204885e-02;4.171864e-02;1.454453e-02;1.272144e-02
3.407415e-02;3.278022e-01;3.714801e-01;2.882960e-02;3.278933e-02;4.408255e-02;1.530312e-02;4.594689e-02;4.354494e-02;3.140509e-02;1.509416e-02;9.647862e-03
4.071856e-02;3.552985e-01;3.435461e-01;3.722525e-02;2.477049e-02;5.317829e-02;7.502713e-03;4.409438e-02;4.186023e-02;1.844622e-02;2.016502e-02;1.319429e-02
4.836869e-02;3.231585e-01;3.440090e-01;4.284155e-02;1.780727e-02;6.583650e-02;1.182948e-02;2.665268e-02;4.115115e-02;4.036956e-02;2.512426e-02;1.285143e-02
4.105225e-02;1.909824e-01;3.815630e-01;3.836356e-02;2.843099e-02;8.551117e-02;2.496747e-02;4.712877e-02;6.061597e-02;6.482971e-02;1.782826e-02;1.872645e-02
4.755288e-02;2.191366e-01;3.544003e-01;2.634831e-02;2.292571e-02;5.226937e-02;2.825904e-02;6.681435e-02;7.883646e-02;7.105404e-02;1.305195e-02;1.935107e-02
4.711776e-02;2.914764e-01;3.379202e-01;4.222628e-02;1.745880e-02;5.671602e-02;1.415645e-02;4.207023e-02;5.348809e-02;6.632697e-02;1.496293e-02;1.607989e-02
3.575515e-02;2.571250e-01;2.984687e-01;5.129822e-02;3.562757e-02;9.245999e-02;3.374609e-02;4.954166e-02;4.877791e-02;6.266441e-02;9.866290e-03;2.466905e-02
2.814943e-02;2.566983e-01;3.091420e-01;5.498103e-02;3.674088e-02;8.818795e-02;3.741897e-02;6.565186e-02;3.640849e-02;4.770844e-02;1.415039e-02;2.476229e-02
4.197215e-02;3.488912e-01;2.948921e-01;5.588592e-02;8.438555e-03;5.959415e-02;2.067411e-02;6.441113e-02;4.735668e-02;2.805156e-02;9.731716e-03;2.010066e-02
6.290478e-02;4.089578e-01;3.167165e-01;3.295638e-02;1.838996e-02;2.952737e-02;1.232728e-02;3.858379e-02;3.924761e-02;1.654935e-02;1.176708e-02;1.207205e-02
7.458870e-02;3.360815e-01;3.365709e-01;2.330319e-02;2.309914e-02;4.516859e-02;2.372877e-02;4.230443e-02;4.361650e-02;2.780115e-02;1.353283e-02;1.020421e-02
8.121691e-02;1.668978e-01;3.405586e-01;4.750343e-02;3.046032e-02;4.738097e-02;4.606085e-02;7.068630e-02;7.648960e-02;4.816488e-02;1.909982e-02;2.548054e-02
5.265457e-02;2.821375e-01;2.808137e-01;6.726556e-02;1.648820e-02;6.235696e-02;3.031779e-02;4.155224e-02;6.214978e-02;5.772574e-02;2.188315e-02;2.465475e-02
4.568024e-02;3.528893e-01;1.864296e-01;6.500769e-02;1.781474e-02;1.061441e-01;2.731616e-02;5.409686e-02;4.017389e-02;6.385246e-02;1.529928e-02;2.529567e-02
4.414506e-02;2.732655e-01;3.175518e-01;4.726519e-02;1.457171e-02;8.445852e-02;2.814544e-02;4.148727e-02;3.929530e-02;7.096367e-02;2.167491e-02;1.717564e-02
3.777224e-02;2.360104e-01;3.702468e-01;7.050128e-02;1.650376e-02;4.358283e-02;3.085687e-02;2.119514e-02;3.918499e-02;7.267844e-02;5.031351e-02;1.115374e-02
3.060085e-02;2.236147e-01;3.491697e-01;9.924784e-02;2.191283e-02;6.943030e-02;1.811319e-02;4.441675e-02;2.534443e-02;4.070901e-02;7.024714e-02;7.193278e-03
1.852677e-02;1.852582e-01;2.848141e-01;1.409746e-01;4.118267e-02;1.045935e-01;1.164382e-02;7.950649e-02;1.948891e-02;1.958645e-02;8.797711e-02;6.447427e-03
1.326841e-02;1.399978e-01;2.390288e-01;1.859678e-01;5.872663e-02;1.055369e-01;7.883183e-03;1.102811e-01;1.815468e-02;1.344783e-02;1.016878e-01;6.019095e-03
2.221783e-02;1.138046e-01;1.847472e-01;2.076978e-01;7.045805e-02;1.143342e-01;1.194570e-02;1.179253e-01;2.166332e-02;2.590045e-02;9.891379e-02;1.039179e-02
2.471183e-02;1.571453e-01;1.868252e-01;1.806021e-01;7.725182e-02;1.311339e-01;1.332693e-02;8.509316e-02;1.924528e-02;3.590186e-02;7.132476e-02;1.743780e-02
2.093643e-02;1.326704e-01;2.069813e-01;1.542397e-01;9.166460e-02;2.011240e-01;1.268836e-02;5.449636e-02;1.823203e-02;3.231691e-02;4.585094e-02;2.879897e-02
1.708866e-02;1.540640e-01;1.802093e-01;1.111789e-01;8.248805e-02;2.761278e-01;1.102939e-02;4.796714e-02;2.356060e-02;2.472988e-02;3.450162e-02;3.705464e-02
2.575361e-02;1.680508e-01;1.488569e-01;8.703682e-02;7.066928e-02;3.238855e-01;6.505497e-03;4.516707e-02;2.554594e-02;1.404448e-02;3.698030e-02;4.750387e-02
2.474169e-02;1.972264e-01;2.783193e-01;5.890565e-02;4.080369e-02;2.709539e-01;5.931933e-03;2.788147e-02;2.358910e-02;9.711264e-03;2.760489e-02;3.433071e-02
2.582195e-02;1.575913e-01;2.893740e-01;4.302893e-02;2.975260e-02;2.930470e-01;1.535254e-02;3.865662e-02;3.729311e-02;2.595358e-02;1.872617e-02;2.540219e-02
4.135849e-02;1.801179e-01;1.751792e-01;5.626116e-02;3.653607e-02;2.908041e-01;3.016854e-02;5.016230e-02;4.697776e-02;5.011386e-02;1.556960e-02;2.675110e-02
4.445418e-02;1.793851e-01;2.075774e-01;7.838333e-02;3.599150e-02;2.115773e-01;2.901294e-02;7.281328e-02;4.154097e-02;4.952798e-02;3.091672e-02;1.881941e-02
4.535080e-02;1.412281e-01;1.893553e-01;1.057964e-01;4.560322e-02;1.603644e-01;3.823163e-02;8.515107e-02;7.063299e-02;4.095856e-02;5.550353e-02;2.182406e-02
4.049809e-02;7.834034e-02;1.453595e-01;1.182503e-01;6.384820e-02;1.422238e-01;6.929690e-02;1.079156e-01;8.976182e-02;4.868659e-02;5.323853e-02;4.258037e-02
4.224705e-02;2.042640e-01;2.059217e-01;9.894276e-02;6.680167e-02;8.575470e-02;6.104002e-02;6.318329e-02;5.003634e-02;4.518861e-02;4.323994e-02;3.337997e-02
3.178864e-02;2.399898e-01;2.641585e-01;9.583984e-02;8.056767e-02;6.696095e-02;3.951935e-02;3.156042e-02;3.795338e-02;5.664028e-02;3.025528e-02;2.476594e-02
2.178450e-02;1.829395e-01;3.198412e-01;1.141689e-01;7.817279e-02;7.850518e-02;3.448118e-02;3.010791e-02;4.841719e-02;4.582970e-02;1.964831e-02;2.610361e-02
3.104956e-02;2.281826e-01;3.533390e-01;1.163080e-01;5.680630e-02;4.929826e-02;3.124285e-02;3.922917e-02;4.010522e-02;2.261515e-02;1.153811e-02;2.028579e-02
3.032340e-02;2.501844e-01;3.680458e-01;1.058361e-01;5.055298e-02;5.442418e-02;2.256583e-02;3.427800e-02;2.800904e-02;2.964477e-02;1.240087e-02;1.373455e-02
2.081007e-02;2.690300e-01;3.997770e-01;7.637189e-02;4.618062e-02;5.748312e-02;1.370172e-02;2.260492e-02;3.304911e-02;3.061122e-02;1.515227e-02;1.522798e-02
2.781889e-02;3.107123e-01;3.735513e-01;4.645142e-02;3.900843e-02;5.469308e-02;1.818789e-02;1.428116e-02;4.992748e-02;3.670004e-02;1.279554e-02;1.587243e-02
4.444488e-02;2.866413e-01;3.186601e-01;4.668838e-02;3.772649e-02;9.069178e-02;2.648287e-02;1.435680e-02;6.015938e-02;3.701314e-02;2.130121e-02;1.583375e-02
5.514040e-02;2.217206e-01;2.684164e-01;5.521377e-02;4.156991e-02;1.265617e-01;3.032923e-02;3.830317e-02;6.485012e-02;3.073612e-02;3.412696e-02;3.303168e-02
3.621602e-02;1.060420e-01;3.056884e-01;4.063655e-02;5.483785e-02;1.846333e-01;2.993658e-02;5.905757e-02;7.853647e-02;3.260193e-02;3.017215e-02;4.164124e-02
3.620009e-02;1.910019e-01;2.932443e-01;2.907623e-02;7.279904e-02;1.653894e-01;3.477808e-02;4.423020e-02;5.592718e-02;3.370848e-02;2.620699e-02;1.743810e-02
3.789224e-02;2.283115e-01;2.700384e-01;4.386679e-02;6.065153e-02;1.482274e-01;4.768852e-02;3.548377e-02;3.336904e-02;4.752519e-02;2.598134e-02;2.096433e-02
3.207977e-02;1.960124e-01;2.788270e-01;5.167364e-02;5.986986e-02;1.607742e-01;4.304326e-02;3.556152e-02;3.332178e-02;6.375052e-02;1.914091e-02;2.594521e-02
2.822415e-02;1.893180e-01;2.596197e-01;3.718448e-02;8.170604e-02;1.546443e-01;3.637022e-02;3.270632e-02;6.739903e-02;7.274859e-02;1.756515e-02;2.251405e-02
2.885009e-02;1.963027e-01;2.620959e-01;3.282600e-02;6.880428e-02;1.625187e-01;4.146375e-02;4.032297e-02;6.763799e-02;5.630706e-02;2.037971e-02;2.249085e-02
2.885601e-02;1.088961e-01;2.857397e-01;4.883493e-02;6.859287e-02;1.844003e-01;4.318181e-02;6.089977e-02;5.776308e-02;6.541744e-02;2.322673e-02;2.419117e-02
2.868975e-02;1.237840e-01;3.120877e-01;7.935068e-02;7.382454e-02;1.374899e-01;3.839769e-02;6.061338e-02;5.934825e-02;4.641255e-02;1.439096e-02;2.561075e-02
2.709037e-02;1.424604e-01;3.335508e-01;1.048388e-01;4.989763e-02;1.281468e-01;4.934924e-02;3.797068e-02;4.684646e-02;3.864496e-02;1.824385e-02;2.295999e-02
3.064030e-02;2.036233e-01;3.088583e-01;9.456073e-02;3.194009e-02;1.025098e-01;5.035368e-02;3.966311e-02;3.682054e-02;5.566502e-02;2.306346e-02;2.230176e-02
3.489402e-02;1.693785e-01;2.981758e-01;9.328840e-02;5.636765e-02;1.030206e-01;3.782288e-02;4.183289e-02;5.100233e-02;5.960122e-02;1.994936e-02;3.466644e-02
3.661688e-02;2.072148e-01;2.713779e-01;6.754076e-02;4.567705e-02;8.970000e-02;5.465344e-02;6.497130e-02;5.541852e-02;4.718770e-02;2.897183e-02;3.066988e-02
3.866320e-02;2.020134e-01;1.761931e-01;9.068504e-02;7.981174e-02;1.460563e-01;3.776768e-02;5.660618e-02;6.166568e-02;6.837254e-02;1.943610e-02;2.272908e-02
3.637456e-02;1.935554e-01;1.946259e-01;9.433631e-02;7.593907e-02;1.114952e-01;3.363185e-02;5.845387e-02;9.152211e-02;7.154187e-02;2.129149e-02;1.723239e-02
5.719578e-02;1.912755e-01;1.828904e-01;7.455222e-02;6.697438e-02;6.427258e-02;2.416172e-02;1.054641e-01;1.274101e-01;6.798811e-02;1.795230e-02;1.986281e-02
1.029364e-01;1.210028e-01;1.355164e-01;3.863392e-02;7.272905e-02;4.643793e-02;4.016599e-02;2.274600e-01;1.274553e-01;4.360434e-02;1.836214e-02;2.569564e-02
1.318396e-01;5.322260e-02;1.251169e-01;2.196851e-02;7.224586e-02;3.820843e-02;6.023487e-02;3.396318e-01;8.153034e-02;2.796530e-02;2.177747e-02;2.625827e-02
1.392515e-01;4.175732e-02;1.241119e-01;3.081500e-02;7.351205e-02;3.046659e-02;5.697599e-02;3.890962e-01;4.589759e-02;2.142106e-02;2.107416e-02;2.562069e-02
1.338380e-01;4.857479e-02;1.226237e-01;4.208619e-02;8.600271e-02;3.054733e-02;3.991402e-02;4.011310e-01;4.169085e-02;2.077915e-02;1.949886e-02;1.331342e-02
1.189601e-01;2.208014e-02;9.763930e-02;3.812627e-02;1.113850e-01;2.865856e-02;8.005454e-02;4.056838e-01;3.618765e-02;2.693038e-02;2.209500e-02;1.219921e-02
1.013851e-01;4.463597e-02;9.363502e-02;3.060693e-02;1.426778e-01;1.956489e-02;7.168140e-02;4.205358e-01;2.862119e-02;1.707867e-02;1.933885e-02;1.023835e-02
7.864848e-02;6.069202e-02;7.712135e-02;2.873688e-02;1.553578e-01;1.421233e-02;7.943726e-02;4.287767e-01;3.483710e-02;1.453457e-02;1.626275e-02;1.138283e-02
5.977782e-02;8.381386e-02;6.883832e-02;2.117946e-02;1.559656e-01;2.329575e-02;7.588827e-02;4.201708e-01;4.160761e-02;1.100793e-02;2.098156e-02;1.747299e-02
6.734501e-02;9.265196e-02;4.643529e-02;2.029737e-02;1.970126e-01;2.920474e-02;5.901878e-02;3.896274e-01;3.088879e-02;1.711304e-02;3.136781e-02;1.903719e-02
7.738846e-02;1.008008e-01;6.125243e-02;3.606410e-02;2.209423e-01;5.424732e-02;6.051950e-02;2.724879e-01;4.930392e-02;2.373200e-02;2.404905e-02;1.921221e-02
9.533943e-02;1.403306e-01;1.014523e-01;4.002644e-02;1.759305e-01;7.264178e-02;7.636596e-02;1.661921e-01;4.594201e-02;3.883654e-02;1.648782e-02;3.045447e-02
1.030915e-01;1.664050e-01;1.513999e-01;2.557071e-02;8.381945e-02;5.852291e-02;7.344718e-02;1.891500e-01;5.392264e-02;3.102360e-02;1.749591e-02;4.615124e-02
8.313806e-02;1.398285e-01;1.416833e-01;2.479221e-02;4.278137e-02;4.828408e-02;9.323598e-02;2.730185e-01;7.589598e-02;2.241235e-02;1.416126e-02;4.076842e-02
5.964746e-02;8.606231e-02;1.489591e-01;3.182504e-02;6.472911e-02;4.787643e-02;9.226967e-02;3.431937e-01;6.935257e-02;2.477056e-02;9.052468e-03;2.226152e-02
6.030622e-02;1.222139e-01;1.329113e-01;2.953842e-02;6.583640e-02;2.630606e-02;6.818297e-02;3.808934e-01;6.303698e-02;2.612777e-02;9.282665e-03;1.536387e-02
6.770891e-02;1.196258e-01;1.415522e-01;2.545799e-02;5.527098e-02;4.621152e-02;6.925914e-02;3.644640e-01;5.397047e-02;3.616106e-02;8.293548e-03;1.202425e-02
7.707982e-02;1.289768e-01;1.499680e-01;2.464343e-02;6.704796e-02;7.141302e-02;5.297427e-02;3.191810e-01;5.461030e-02;3.325495e-02;9.933204e-03;1.091726e-02
9.346713e-02;1.300810e-01;1.115881e-01;2.475525e-02;7.006865e-02;8.500250e-02;6.299863e-02;3.131244e-01;4.803189e-02;3.211499e-02;9.703005e-03;1.906454e-02
9.894387e-02;1.299985e-01;1.071227e-01;2.607919e-02;7.116222e-02;8.477225e-02;7.920543e-02;2.692032e-01;4.656782e-02;4.984225e-02;1.024611e-02;2.685648e-02
1.008577e-01;8.643886e-02;1.016693e-01;3.998891e-02;8.543455e-02;7.626816e-02;9.144508e-02;2.285554e-01;7.103909e-02;6.502119e-02;1.498806e-02;3.829371e-02
9.594996e-02;7.565697e-02;8.234289e-02;7.985751e-02;8.994384e-02;1.214966e-01;8.286006e-02;1.813517e-01;6.007094e-02;4.876634e-02;3.017756e-02;5.152565e-02
8.633113e-02;1.240771e-01;1.488774e-01;7.441158e-02;8.669624e-02;1.316334e-01;4.828955e-02;1.457030e-01;3.587288e-02;4.942790e-02;2.529613e-02;4.338372e-02
8.545547e-02;1.041168e-01;1.418104e-01;4.010626e-02;9.754651e-02;1.273389e-01;7.165864e-02;1.570918e-01;4.562079e-02;6.784922e-02;2.462240e-02;3.678280e-02
7.975312e-02;9.664363e-02;1.035819e-01;3.285850e-02;8.481905e-02;1.088740e-01;6.802747e-02;2.133154e-01;7.396779e-02;5.932890e-02;4.477758e-02;3.405265e-02
6.799300e-02;1.180754e-01;1.540339e-01;4.897472e-02;7.295065e-02;8.446559e-02;4.036341e-02;2.597300e-01;6.074340e-02;2.943819e-02;3.694675e-02;2.628508e-02
5.402386e-02;2.206621e-01;2.780771e-01;4.097056e-02;5.513486e-02;3.411958e-02;1.938086e-02;2.092037e-01;3.554901e-02;1.834649e-02;1.932020e-02;1.521169e-02
5.803514e-02;3.086601e-01;2.979675e-01;2.626885e-02;3.756770e-02;3.124562e-02;2.664792e-02;1.489190e-01;3.437400e-02;1.214535e-02;6.725223e-03;1.144355e-02
5.767874e-02;3.514871e-01;3.126621e-01;2.180834e-02;3.122767e-02;3.248857e-02;2.437828e-02;1.207914e-01;2.430164e-02;5.274371e-03;5.170636e-03;1.273103e-02
5.137165e-02;3.529221e-01;3.093289e-01;1.688576e-02;2.880138e-02;3.949444e-02;4.532864e-02;9.605592e-02;2.891059e-02;9.192076e-03;1.032497e-02;1.138346e-02
7.641098e-02;3.363209e-01;2.760248e-01;2.525490e-02;3.157960e-02;3.547185e-02;7.259084e-02;5.757950e-02;2.702719e-02;1.866550e-02;3.131706e-02;1.175683e-02
1.090594e-01;2.568040e-01;2.028654e-01;2.756572e-02;4.636762e-02;3.098158e-02;6.735571e-02;1.580312e-01;2.862412e-02;1.367311e-02;4.411430e-02;1.455776e-02
1.305374e-01;1.350438e-01;1.236309e-01;2.562187e-02;5.685456e-02;3.498394e-02;7.476735e-02;3.073766e-01;2.877134e-02;2.643516e-02;3.892693e-02;1.705019e-02
1.248481e-01;1.134944e-01;1.207189e-01;1.432681e-02;6.279296e-02;2.911474e-02;7.866192e-02;3.679115e-01;2.120843e-02;2.899961e-02;1.985055e-02;1.807202e-02
1.167591e-01;1.460192e-01;1.379725e-01;7.135814e-03;6.121706e-02;2.805359e-02;6.497543e-02;3.700038e-01;2.226146e-02;1.387414e-02;1.484048e-02;1.688729e-02
1.117032e-01;1.561152e-01;1.366033e-01;1.260922e-02;7.634134e-02;1.446789e-02;7.479049e-02;3.431622e-01;2.964837e-02;1.362161e-02;1.214821e-02;1.878903e-02
1.399567e-01;1.545719e-01;1.048234e-01;2.130411e-02;8.971646e-02;1.525430e-02;6.782459e-02;3.155226e-01;3.966413e-02;1.406548e-02;1.306363e-02;2.423261e-02
1.564388e-01;2.373466e-01;1.432205e-01;2.481601e-02;8.574013e-02;3.156028e-02;3.521009e-02;2.036067e-01;2.807919e-02;1.052009e-02;1.479124e-02;2.867038e-02
1.506381e-01;2.184234e-01;1.773376e-01;3.229370e-02;9.104469e-02;4.603751e-02;1.422780e-02;1.664249e-01;3.030329e-02;1.934844e-02;2.212387e-02;3.179671e-02
1.494248e-01;4.146030e-02;2.067072e-01;4.199693e-02;8.856286e-02;7.016022e-02;5.556768e-02;1.936835e-01;5.477336e-02;2.903578e-02;2.140711e-02;4.722033e-02
1.102011e-01;2.312094e-01;1.924971e-01;3.605333e-02;5.085043e-02;3.991092e-02;6.259321e-02;1.560084e-01;4.797743e-02;2.934270e-02;1.301526e-02;3.034082e-02
1.162482e-01;2.647181e-01;1.314218e-01;6.318493e-02;3.509346e-02;2.766009e-02;4.772665e-02;1.678091e-01;5.155683e-02;4.053411e-02;1.508129e-02;3.896540e-02
5.254521e-02;2.892517e-01;2.779336e-01;5.085112e-02;2.940100e-02;3.265026e-02;3.071045e-02;9.609497e-02;4.901740e-02;4.076564e-02;8.540054e-03;4.223864e-02
2.034830e-02;2.709720e-01;3.639111e-01;4.699820e-02;2.512093e-02;3.716744e-02;1.937952e-02;5.589633e-02;5.785704e-02;4.923267e-02;9.565900e-03;4.355063e-02
2.026982e-02;2.729364e-01;3.991096e-01;3.276661e-02;3.647505e-02;2.749771e-02;1.662820e-02;3.882656e-02;4.945276e-02;7.187255e-02;5.438136e-03;2.872658e-02
2.195857e-02;2.541250e-01;4.061984e-01;1.989884e-02;5.794303e-02;1.691540e-02;3.990564e-02;2.914771e-02;4.295569e-02;9.432948e-02;2.898177e-03;1.372403e-02
1.937212e-02;2.057631e-01;4.137608e-01;3.090740e-02;5.729232e-02;2.698951e-02;6.135057e-02;2.257806e-02;5.265877e-02;9.260199e-02;7.722856e-03;9.002450e-03
1.912413e-02;1.465501e-01;4.031658e-01;6.995890e-02;3.765789e-02;4.893225e-02;5.549573e-02;2.858792e-02;7.555990e-02;6.243465e-02;4.113721e-02;1.139553e-02
1.451339e-02;1.019451e-01;3.507122e-01;1.305119e-01;3.379424e-02;8.912471e-02;3.808334e-02;6.011671e-02;5.547510e-02;3.457686e-02;8.003665e-02;1.110996e-02
1.693962e-02;1.287902e-01;2.459029e-01;1.674508e-01;4.234716e-02;1.085817e-01;1.948588e-02;1.086707e-01;2.211913e-02;3.883637e-02;9.086875e-02;1.000677e-02
1.535855e-02;1.297913e-01;7.037259e-02;2.008052e-01;7.829811e-02;1.580982e-01;1.736090e-02;1.523946e-01;2.956052e-02;4.677799e-02;8.959237e-02;1.158967e-02
1.428307e-02;1.244615e-01;2.658954e-01;1.354575e-01;7.761410e-02;1.382994e-01;1.796650e-02;8.397965e-02;1.963440e-02;4.118033e-02;6.362155e-02;1.760669e-02
1.924307e-02;1.319473e-01;3.343228e-01;9.964193e-02;7.025906e-02;1.584461e-01;1.313772e-02;4.862975e-02;1.912555e-02;3.060327e-02;5.466862e-02;1.997486e-02
1.904905e-02;1.620049e-01;3.520116e-01;8.138399e-02;6.157266e-02;1.508280e-01;1.117921e-02;5.114685e-02;2.481301e-02;3.586120e-02;3.240310e-02;1.774649e-02
1.679141e-02;1.774610e-01;3.477425e-01;6.773554e-02;4.929236e-02;1.455740e-01;1.437943e-02;7.036447e-02;3.180168e-02;4.889113e-02;9.427060e-03;2.053938e-02
3.753920e-02;2.288400e-01;2.984696e-01;4.748916e-02;4.020186e-02;1.123746e-01;3.451633e-02;7.979082e-02;4.799324e-02;5.043020e-02;7.766308e-03;1.458860e-02
3.974090e-02;2.071111e-01;3.180875e-01;5.082551e-02;4.856301e-02;9.333048e-02;3.304573e-02;8.111172e-02;5.794979e-02;4.381330e-02;1.636093e-02;1.006005e-02
3.014123e-02;1.743091e-01;3.103453e-01;6.676033e-02;4.808690e-02;8.385398e-02;3.167352e-02;8.745450e-02;6.042802e-02;6.546308e-02;1.733908e-02;2.414507e-02
2.983211e-02;1.918589e-01;2.763060e-01;4.504379e-02;6.559636e-02;1.112444e-01;3.105084e-02;8.446337e-02;4.810343e-02;5.332167e-02;3.216881e-02;3.101042e-02
2.671467e-02;1.473541e-01;2.091945e-01;1.096567e-01;7.766711e-02;1.475802e-01;2.935472e-02;7.660644e-02;4.955548e-02;2.568417e-02;7.400388e-02;2.662798e-02
1.908920e-02;1.434076e-01;1.286957e-01;2.172628e-01;7.999706e-02;1.297741e-01;2.328211e-02;7.188274e-02;3.932586e-02;3.845834e-02;9.649011e-02;1.233436e-02
1.028814e-02;1.543014e-01;2.391434e-01;2.284043e-01;7.003137e-02;9.799731e-02;1.665870e-02;5.630613e-02;1.945718e-02;2.275726e-02;7.895492e-02;5.699897e-03
7.356118e-03;1.516132e-01;2.522530e-01;2.303457e-01;7.078084e-02;9.795841e-02;2.242978e-02;5.068214e-02;1.582562e-02;2.394935e-02;7.086240e-02;5.943497e-03
2.229235e-02;2.020067e-01;3.350005e-01;1.692126e-01;4.884854e-02;6.891322e-02;2.182101e-02;5.556192e-02;1.991943e-02;1.103366e-02;3.929248e-02;6.097612e-03
2.451162e-02;2.390459e-01;4.116787e-01;9.754654e-02;4.771495e-02;4.320853e-02;1.258872e-02;4.850670e-02;2.820937e-02;2.139038e-02;1.634281e-02;9.255825e-03
2.788748e-02;2.835346e-01;4.014864e-01;5.750816e-02;5.454202e-02;2.655143e-02;1.187032e-02;4.840873e-02;2.361831e-02;2.481113e-02;2.859084e-02;1.119066e-02
3.984414e-02;3.127666e-01;2.737933e-01;9.101386e-02;5.190652e-02;5.176240e-02;2.083960e-02;6.475925e-02;2.977267e-02;1.499481e-02;3.359277e-02;1.495405e-02
3.627902e-02;2.583387e-01;2.936040e-01;7.695428e-02;3.331750e-02;7.660279e-02;3.301000e-02;8.421578e-02;4.770465e-02;9.775239e-03;3.536846e-02;1.482964e-02
3.790230e-02;2.404641e-01;3.053655e-01;5.959509e-02;2.617719e-02;5.997768e-02;3.554323e-02;1.042398e-01;5.538651e-02;2.283355e-02;3.682806e-02;1.568693e-02
3.356966e-02;2.158170e-01;3.493397e-01;6.364381e-02;4.087271e-02;2.726874e-02;3.513613e-02;1.024398e-01;4.071350e-02;3.520116e-02;3.988668e-02;1.611116e-02
3.277089e-02;1.953984e-01;4.272556e-01;7.052088e-02;3.721492e-02;2.053327e-02;3.229626e-02;7.875974e-02;3.428323e-02;2.864108e-02;3.169543e-02;1.063030e-02
3.400220e-02;1.923820e-01;4.416884e-01;5.944092e-02;3.251997e-02;5.029519e-02;2.829938e-02;6.652049e-02;3.741627e-02;2.352091e-02;2.416156e-02;9.752709e-03
2.545528e-02;1.648524e-01;4.157919e-01;6.507100e-02;3.962498e-02;8.604003e-02;3.019307e-02;6.342220e-02;3.852369e-02;3.762339e-02;2.110915e-02;1.229293e-02
3.036271e-02;2.281206e-01;3.578626e-01;7.818533e-02;4.887621e-02;8.187930e-02;2.753610e-02;5.764103e-02;2.870818e-02;4.319876e-02;9.656326e-03;7.972945e-03
2.845991e-02;2.295657e-01;3.345358e-01;9.112705e-02;6.169339e-02;7.067141e-02;2.857840e-02;6.218142e-02;2.584783e-02;4.619933e-02;1.106671e-02;1.007308e-02
3.009246e-02;2.331539e-01;3.862413e-01;6.886081e-02;5.486837e-02;6.855050e-02;1.558935e-02;6.779876e-02;1.823229e-02;2.019112e-02;2.250076e-02;1.392044e-02
2.492440e-02;2.479673e-01;3.774725e-01;3.616675e-02;3.204270e-02;1.093270e-01;1.723791e-02;7.582276e-02;2.308935e-02;1.920832e-02;2.934528e-02;7.395701e-03
2.145579e-02;2.471195e-01;3.624366e-01;3.519922e-02;2.334243e-02;1.256410e-01;2.191435e-02;7.553197e-02;2.398108e-02;3.705141e-02;2.176099e-02;4.565635e-03
2.045072e-02;2.764916e-01;4.115247e-01;2.772691e-02;2.000834e-02;6.454109e-02;2.100974e-02;7.009603e-02;2.301436e-02;4.985083e-02;1.029549e-02;4.990192e-03
2.804049e-02;3.182996e-01;3.907574e-01;1.548754e-02;1.464792e-02;4.477384e-02;2.982993e-02;6.871152e-02;3.695774e-02;4.303782e-02;5.233708e-03;4.222474e-03
4.389393e-02;3.435018e-01;3.456154e-01;1.504973e-02;1.209438e-02;4.685087e-02;5.554845e-02;5.375886e-02;4.854335e-02;2.422398e-02;5.904081e-03;5.015167e-03
7.056304e-02;3.415971e-01;3.162242e-01;1.391524e-02;2.363093e-02;3.708709e-02;7.462583e-02;5.522548e-02;4.388523e-02;8.396877e-03;9.003447e-03;5.845476e-03
9.734481e-02;3.166087e-01;2.506468e-01;2.011385e-02;4.036146e-02;3.966665e-02;6.725090e-02;8.666101e-02;2.957016e-02;2.471287e-02;1.854905e-02;8.513806e-03
1.160329e-01;2.376878e-01;2.637784e-01;3.832303e-02;4.134513e-02;4.830189e-02;4.267061e-02;1.062483e-01;3.542313e-02;2.990011e-02;2.635867e-02;1.393007e-02
9.424725e-02;2.679023e-01;3.456564e-01;4.183285e-02;2.461586e-02;4.410873e-02;2.466772e-02;6.366447e-02;2.673935e-02;2.742818e-02;2.791551e-02;1.122145e-02
8.198848e-02;3.375044e-01;3.101468e-01;3.313286e-02;1.626056e-02;5.448409e-02;2.103417e-02;4.762607e-02;2.450689e-02;2.186726e-02;3.332330e-02;1.812509e-02
6.722171e-02;3.199485e-01;2.732922e-01;2.877161e-02;2.156787e-02;6.020723e-02;2.058890e-02;7.064753e-02;4.537174e-02;2.625489e-02;3.893877e-02;2.718899e-02
5.124106e-02;2.323481e-01;3.199285e-01;5.358753e-02;2.847562e-02;5.130669e-02;1.990030e-02;8.323963e-02;5.727725e-02;3.193137e-02;3.953402e-02;3.122999e-02
4.081453e-02;2.444715e-01;3.921956e-01;8.004881e-02;3.206207e-02;2.737668e-02;2.510840e-02;6.123842e-02;3.670152e-02;1.460483e-02;2.877362e-02;1.660394e-02
3.936302e-02;2.601244e-01;3.833092e-01;7.870513e-02;2.113647e-02;4.175790e-02;2.638238e-02;4.890292e-02;3.048026e-02;3.092253e-02;1.947842e-02;1.943734e-02
4.222068e-02;1.848853e-01;1.889590e-01;4.303768e-02;3.327590e-02;9.500337e-02;6.522967e-02;6.580555e-02;5.022026e-02;9.117606e-02;9.335169e-02;4.683481e-02
4.357272e-02;9.061439e-02;9.169678e-02;2.498341e-02;4.861667e-02;1.255205e-01;1.003477e-01;6.753147e-02;7.221982e-02;1.311945e-01;1.419678e-01;6.173427e-02
4.266245e-02;7.259172e-02;1.100831e-01;3.496735e-02;5.548030e-02;1.290675e-01;9.605019e-02;1.074027e-01;9.169572e-02;9.479882e-02;1.233182e-01;4.188189e-02
4.569729e-02;1.404208e-01;1.978251e-01;5.030157e-02;5.607620e-02;1.140115e-01;6.990737e-02;1.254609e-01;9.068261e-02;1.678938e-02;6.145898e-02;3.136837e-02
6.639103e-02;2.222142e-01;2.796020e-01;2.469236e-02;3.978278e-02;8.240264e-02;3.183036e-02;1.060471e-01;5.774837e-02;4.829192e-02;1.513715e-02;2.586003e-02
1.228249e-01;2.686550e-01;2.574293e-01;2.052739e-02;2.416150e-02;6.273191e-02;2.879774e-02;9.393845e-02;4.641101e-02;2.947710e-02;1.390637e-02;3.113935e-02
1.817836e-01;2.589274e-01;2.106384e-01;1.564403e-02;1.732175e-02;5.702444e-02;4.184727e-02;1.047584e-01;2.726948e-02;2.748559e-02;1.318500e-02;4.411471e-02
1.940945e-01;1.904836e-01;1.884702e-01;2.439445e-02;1.865048e-02;7.690224e-02;6.491014e-02;1.105834e-01;2.796130e-02;3.315393e-02;1.286509e-02;5.753059e-02
1.065945e-01;2.296034e-01;2.180029e-01;3.629564e-02;1.637740e-02;8.225644e-02;6.041454e-02;6.916934e-02;3.843581e-02;2.584937e-02;2.285527e-02;9.414544e-02
6.877929e-02;2.718701e-01;2.439609e-01;5.582912e-02;1.688738e-02;5.189541e-02;7.747716e-02;3.030710e-02;4.118207e-02;2.325603e-02;1.823323e-02;1.003222e-01
9.576567e-02;1.283577e-01;2.163761e-01;9.061649e-02;1.750966e-02;5.463412e-02;1.067380e-01;5.610606e-02;5.886541e-02;3.207386e-02;2.392237e-02;1.190346e-01
8.195108e-02;2.374391e-01;2.428486e-01;6.721440e-02;1.721915e-02;4.981012e-02;8.109822e-02;6.290536e-02;4.309114e-02;2.788067e-02;2.219167e-02;6.635053e-02
7.431955e-02;2.628084e-01;2.089751e-01;5.303083e-02;3.175345e-02;4.354837e-02;6.163631e-02;8.844315e-02;7.133652e-02;2.553630e-02;3.169117e-02;4.692088e-02
8.343039e-02;2.229732e-01;9.491722e-02;4.529084e-02;3.167531e-02;4.811630e-02;5.847979e-02;1.125879e-01;1.431516e-01;3.667826e-02;6.185700e-02;6.084212e-02
7.270736e-02;1.907268e-01;1.444857e-01;2.034026e-02;2.114953e-02;1.058142e-01;4.469615e-02;1.039936e-01;1.619086e-01;3.379808e-02;6.088922e-02;3.949056e-02
4.588469e-02;1.227536e-01;1.924670e-01;2.252924e-02;2.006188e-02;1.446688e-01;7.477929e-02;8.157357e-02;1.398719e-01;4.927332e-02;7.014829e-02;3.598843e-02
4.150983e-02;1.293758e-01;1.721978e-01;2.023855e-02;4.383986e-02;1.329132e-01;7.073875e-02;1.055211e-01;1.371253e-01;5.510940e-02;4.618389e-02;4.524660e-02
1.632122e-02;1.066250e-01;1.374185e-01;3.393605e-02;9.203610e-02;8.043773e-02;5.591865e-02;1.306051e-01;1.969548e-01;8.689474e-02;2.569261e-02;3.715950e-02
2.093841e-02;9.492943e-02;1.119431e-01;4.786398e-02;1.298701e-01;8.091995e-02;3.285054e-02;1.032690e-01;2.193640e-01;1.096081e-01;2.774021e-02;2.070301e-02
2.431604e-02;3.753094e-02;8.524303e-02;5.948845e-02;1.223574e-01;1.721873e-01;3.674952e-02;1.150944e-01;2.047988e-01;1.010542e-01;2.399298e-02;1.718691e-02
3.596971e-02;7.417165e-02;1.148348e-01;6.591470e-02;8.902517e-02;1.877140e-01;4.811496e-02;9.305034e-02;1.919369e-01;6.928950e-02;1.276835e-02;1.720999e-02
4.232680e-02;9.446020e-02;1.396074e-01;9.607658e-02;9.932160e-02;1.563901e-01;5.083847e-02;6.716034e-02;1.653721e-01;5.848818e-02;1.257412e-02;1.738408e-02
4.910351e-02;6.256112e-02;1.341240e-01;1.064569e-01;1.094664e-01;1.216805e-01;3.854825e-02;8.612895e-02;1.665036e-01;7.167351e-02;2.836710e-02;2.538613e-02
