2.454006e-02;8.874707e-02;1.072944e-01;8.644542e-02;1.035704e-01;2.032844e-01;7.587499e-02;1.008359e-01;9.036973e-02;4.706179e-02;3.648321e-02;3.549256e-02
1.656980e-02;7.392242e-02;6.405848e-02;6.928855e-02;1.519136e-01;2.680105e-01;5.845696e-02;8.934744e-02;8.461900e-02;5.808911e-02;3.945146e-02;2.627271e-02
1.389390e-02;6.097556e-02;3.425077e-02;5.070888e-02;1.881096e-01;3.208350e-01;3.585429e-02;8.539331e-02;9.142739e-02;6.171273e-02;3.908312e-02;1.775541e-02
1.851166e-02;6.081573e-02;2.788366e-02;3.676008e-02;1.807667e-01;2.930817e-01;4.126711e-02;1.039141e-01;1.162860e-01;6.351580e-02;3.677015e-02;2.042730e-02
1.820296e-02;5.567708e-02;2.752851e-02;6.063793e-02;1.645532e-01;1.939060e-01;3.368476e-02;1.540688e-01;1.431573e-01;8.975733e-02;3.549654e-02;2.332947e-02
2.148066e-02;4.475060e-02;3.551284e-02;8.664624e-02;1.510734e-01;1.395195e-01;3.343851e-02;1.962251e-01;1.465519e-01;9.283011e-02;3.715054e-02;1.482056e-02
3.983699e-02;5.801665e-02;6.905335e-02;9.737172e-02;1.615649e-01;1.389323e-01;3.214523e-02;1.723338e-01;1.169773e-01;5.601902e-02;3.573866e-02;2.201010e-02
3.579203e-02;9.960998e-02;9.567083e-02;8.152814e-02;2.055490e-01;1.062124e-01;4.835982e-02;8.066682e-02;1.363083e-01;4.065642e-02;4.296386e-02;2.668241e-02
1.894407e-02;8.544579e-02;7.433718e-02;6.057301e-02;1.814960e-01;1.268571e-01;6.250342e-02;1.272998e-01;1.473991e-01;6.071218e-02;3.463122e-02;1.980119e-02
3.061963e-02;6.876022e-02;5.581521e-02;5.790369e-02;1.598972e-01;1.557900e-01;5.956827e-02;1.222205e-01;1.222347e-01;8.061237e-02;5.293802e-02;3.364014e-02
4.530771e-02;1.284283e-01;7.038070e-02;5.744473e-02;1.139766e-01;1.744684e-01;6.301407e-02;1.100427e-01;8.865704e-02;5.961424e-02;4.782401e-02;4.084149e-02
6.060768e-02;1.937778e-01;1.572687e-01;5.326126e-02;4.905463e-02;1.706879e-01;2.519912e-02;1.012128e-01;8.261766e-02;4.361501e-02;1.646340e-02;4.623393e-02
6.191727e-02;1.852856e-01;1.616277e-01;6.439512e-02;3.734346e-02;1.159251e-01;9.134585e-02;7.793351e-02;5.527433e-02;3.824193e-02;3.209575e-02;7.861434e-02
5.102940e-02;1.287926e-01;1.368258e-01;7.523243e-02;2.666066e-02;7.202747e-02;1.924798e-01;4.829958e-02;5.039719e-02;3.957325e-02;4.778768e-02;1.308942e-01
3.382691e-02;5.570044e-02;1.352773e-01;5.446872e-02;2.322005e-02;1.456962e-01;2.215372e-01;4.380397e-02;8.179440e-02;3.506730e-02;6.470954e-02;1.048979e-01
4.522843e-02;4.207220e-02;1.559200e-01;2.450048e-02;3.225746e-02;2.096928e-01;1.835705e-01;3.797069e-02;9.671967e-02;3.079831e-02;7.678131e-02;6.448815e-02
5.119815e-02;5.475684e-02;1.294414e-01;2.444206e-02;5.503738e-02;2.105822e-01;1.465761e-01;5.899112e-02;1.013386e-01;3.912594e-02;7.248294e-02;5.602740e-02
3.493601e-02;5.198361e-02;8.799941e-02;4.156177e-02;8.614831e-02;1.684340e-01;1.143574e-01;1.253041e-01;1.386071e-01;4.449548e-02;5.226305e-02;5.390969e-02
2.989745e-02;6.823542e-02;7.465367e-02;8.354959e-02;1.061429e-01;9.259068e-02;5.784869e-02;1.903567e-01;1.781181e-01;3.844149e-02;3.025602e-02;4.990934e-02
2.958509e-02;6.400446e-02;8.226219e-02;7.977800e-02;9.334088e-02;1.248238e-01;6.377435e-02;1.694116e-01;1.928598e-01;3.558494e-02;3.490736e-02;2.966750e-02
2.994158e-02;5.026987e-02;5.772625e-02;5.751364e-02;1.094992e-01;1.285237e-01;9.697434e-02;1.469183e-01;2.078953e-01;4.965620e-02;3.481767e-02;3.026392e-02
4.042851e-02;7.099260e-02;8.930825e-02;3.740557e-02;8.736485e-02;1.382670e-01;1.036681e-01;1.150362e-01;1.265275e-01;6.813712e-02;6.394380e-02;5.892053e-02
2.922736e-02;4.201346e-02;9.450671e-02;3.071100e-02;5.005614e-02;1.847277e-01;1.703957e-01;7.670951e-02;1.094488e-01;5.494457e-02;9.592150e-02;6.133759e-02
2.096671e-02;1.977115e-02;9.692908e-02;2.373535e-02;3.398819e-02;1.972897e-01;1.946460e-01;6.418974e-02;1.068597e-01;3.492868e-02;1.155798e-01;9.111597e-02
2.488985e-02;1.863777e-02;1.240850e-01;1.602041e-02;2.603097e-02;2.232326e-01;1.548524e-01;4.245620e-02;9.579028e-02;2.524974e-02;1.575703e-01;9.118455e-02
2.904183e-02;2.271938e-02;1.761995e-01;5.979314e-03;1.931323e-02;2.701247e-01;8.442080e-02;1.852154e-02;9.117635e-02;3.767680e-02;1.993608e-01;4.546576e-02
3.099047e-02;1.745097e-02;2.146819e-01;1.056501e-02;1.765389e-02;3.152567e-01;3.572154e-02;8.841645e-03;8.734661e-02;5.767956e-02;1.801732e-01;2.363855e-02
2.663433e-02;1.233396e-02;2.085190e-01;1.908808e-02;4.607182e-02;3.402913e-01;2.641977e-02;1.758121e-02;8.996975e-02;6.573491e-02;1.290656e-01;1.829033e-02
2.235325e-02;1.351963e-02;1.741436e-01;2.990431e-02;8.940503e-02;3.178989e-01;6.244181e-02;2.261256e-02;9.459483e-02;5.971955e-02;9.282416e-02;2.058239e-02
2.302955e-02;3.459389e-02;1.504556e-01;3.627054e-02;1.120550e-01;2.809967e-01;6.022722e-02;4.702216e-02;8.896443e-02;3.842949e-02;9.804227e-02;2.991312e-02
3.179539e-02;5.021945e-02;1.326181e-01;3.732340e-02;9.814044e-02;2.222655e-01;3.127517e-02;9.969055e-02;8.806222e-02;2.641172e-02;1.370434e-01;4.515473e-02
4.353008e-02;4.533999e-02;1.203394e-01;3.063568e-02;5.663469e-02;1.364319e-01;6.325433e-02;1.015096e-01;1.454988e-01;3.136507e-02;1.703143e-01;5.514629e-02
3.645449e-02;7.757699e-02;1.260972e-01;2.912377e-02;4.805974e-02;1.704149e-01;7.735047e-02;3.472543e-02;1.831886e-01;5.301186e-02;1.226127e-01;4.138378e-02
2.288075e-02;5.705326e-02;1.048534e-01;3.948538e-02;6.364357e-02;1.633104e-01;6.105307e-02;7.215873e-02;1.822274e-01;5.842450e-02;1.345633e-01;4.034628e-02
2.689380e-02;3.698798e-02;9.272328e-02;3.794136e-02;8.001272e-02;2.113160e-01;7.754136e-02;6.567676e-02;1.305807e-01;3.071504e-02;1.783137e-01;3.129728e-02
2.952575e-02;8.495215e-02;1.023082e-01;3.817919e-02;7.427268e-02;2.598637e-01;5.868133e-02;6.410696e-02;8.209819e-02;3.009119e-02;1.409242e-01;3.499645e-02
3.865295e-02;1.289097e-01;1.062722e-01;4.994534e-02;4.344462e-02;1.505791e-01;1.519361e-01;8.456150e-02;5.975891e-02;3.526258e-02;7.447595e-02;7.620110e-02
4.294623e-02;1.131106e-01;9.260537e-02;5.618448e-02;3.252619e-02;1.027438e-01;2.430918e-01;8.671282e-02;5.975196e-02;3.296619e-02;4.879793e-02;8.856258e-02
3.780853e-02;5.372823e-02;8.018748e-02;3.837954e-02;3.711149e-02;2.308347e-01;1.975664e-01;6.574088e-02;8.557522e-02;3.304434e-02;8.416767e-02;5.585550e-02
3.659497e-02;4.541304e-02;6.390958e-02;3.075105e-02;2.474962e-02;3.224300e-01;1.085943e-01;8.789990e-02;8.766295e-02;4.718520e-02;1.231477e-01;2.166170e-02
4.527749e-02;4.377565e-02;5.005403e-02;3.403617e-02;3.525379e-02;2.846482e-01;1.461328e-01;7.234339e-02;4.826261e-02;3.911826e-02;1.836942e-01;1.740339e-02
3.731838e-02;5.966229e-02;3.950329e-02;5.243094e-02;5.184750e-02;2.564980e-01;1.221177e-01;7.505286e-02;4.293366e-02;4.038405e-02;2.112812e-01;1.097017e-02
2.586930e-02;7.637715e-02;3.995359e-02;6.746731e-02;5.562595e-02;2.381095e-01;8.746466e-02;8.240038e-02;4.648697e-02;6.220781e-02;2.022519e-01;1.578551e-02
3.918605e-02;9.352978e-02;6.639724e-02;6.032808e-02;4.893809e-02;2.207178e-01;7.689804e-02;8.455972e-02;4.619656e-02;1.023948e-01;1.410653e-01;1.978857e-02
2.890822e-02;9.962095e-02;6.925485e-02;5.628594e-02;7.151252e-02;2.021699e-01;5.719854e-02;8.622422e-02;4.727844e-02;1.521195e-01;1.123887e-01;1.703819e-02
2.203556e-02;8.778158e-02;6.614731e-02;4.990458e-02;8.803116e-02;2.311863e-01;4.971972e-02;7.027788e-02;4.799932e-02;1.486126e-01;1.094949e-01;2.880919e-02
2.619887e-02;7.138676e-02;6.533663e-02;3.809358e-02;1.067794e-01;2.760039e-01;3.906262e-02;4.600378e-02;6.261158e-02;1.118348e-01;1.261106e-01;3.057740e-02
4.385925e-02;6.182197e-02;7.612476e-02;3.266395e-02;1.270703e-01;2.490907e-01;4.362300e-02;4.224081e-02;7.292248e-02;8.611125e-02;1.396768e-01;2.479472e-02
2.926917e-02;6.547488e-02;7.045019e-02;3.497341e-02;1.182940e-01;2.281286e-01;4.868644e-02;4.297781e-02;7.989357e-02;7.858004e-02;1.719576e-01;3.131429e-02
1.981042e-02;5.934434e-02;6.898040e-02;3.669031e-02;6.706762e-02;2.400481e-01;6.752788e-02;6.206433e-02;7.279815e-02;6.553872e-02;2.039491e-01;3.618065e-02
3.128950e-02;5.780789e-02;6.681887e-02;3.735857e-02;2.250927e-02;2.257221e-01;6.401066e-02;6.167448e-02;5.660824e-02;1.168446e-01;2.227700e-01;3.658583e-02
1.950424e-02;5.835497e-02;8.327772e-02;4.063182e-02;6.655411e-02;1.396253e-01;4.155611e-02;8.325838e-02;5.776594e-02;1.596120e-01;2.048683e-01;4.499103e-02
1.779393e-02;7.524190e-02;1.030835e-01;3.323552e-02;7.682086e-02;5.624062e-02;4.274428e-02;1.341798e-01;9.608299e-02;1.534613e-01;1.605190e-01;5.059622e-02
2.922471e-02;1.061832e-01;1.150673e-01;3.506569e-02;5.797098e-02;1.068620e-01;2.683909e-02;1.369969e-01;1.049199e-01;1.032543e-01;1.278354e-01;4.978056e-02
2.384575e-02;1.066357e-01;1.220284e-01;4.464314e-02;4.197909e-02;1.311377e-01;3.966545e-02;1.275277e-01;1.261052e-01;7.605100e-02;9.439790e-02;6.598297e-02
1.843566e-02;5.926575e-02;1.004320e-01;3.345311e-02;3.600191e-02;1.186616e-01;5.408097e-02;1.018959e-01;1.255234e-01;6.785594e-02;2.072267e-01;7.716712e-02
3.379711e-02;5.683712e-02;1.003741e-01;3.865065e-02;4.228209e-02;1.632552e-01;7.121915e-02;7.984646e-02;1.150913e-01;5.796992e-02;1.677694e-01;7.290751e-02
5.090464e-02;1.113042e-01;1.141697e-01;1.122936e-01;4.526601e-02;1.529070e-01;5.941660e-02;5.280818e-02;9.317068e-02;6.536669e-02;8.177180e-02;6.062083e-02
7.970886e-02;1.735099e-01;9.373336e-02;1.476064e-01;6.547745e-02;1.011115e-01;2.384945e-02;6.293944e-02;7.869953e-02;8.104442e-02;4.287496e-02;4.944462e-02
1.095351e-01;2.079764e-01;1.223537e-01;7.600698e-02;1.478993e-01;5.908015e-02;2.587913e-02;7.799917e-02;5.444628e-02;5.259323e-02;3.593987e-02;3.029073e-02
1.135934e-01;2.617877e-01;1.291260e-01;1.789254e-02;1.898994e-01;4.616133e-02;3.002831e-02;7.582998e-02;4.276859e-02;3.516163e-02;4.077017e-02;1.698099e-02
9.867579e-02;3.065945e-01;1.186214e-01;8.323516e-03;1.494463e-01;4.124867e-02;5.400738e-02;6.466932e-02;3.863550e-02;5.519917e-02;5.427145e-02;1.030687e-02
8.432569e-02;3.227923e-01;8.393539e-02;1.366268e-02;1.021516e-01;3.809216e-02;7.930500e-02;7.307029e-02;4.826177e-02;8.941645e-02;5.563836e-02;9.348251e-03
6.862915e-02;2.928382e-01;7.913695e-02;2.280661e-02;7.778913e-02;3.068922e-02;8.335171e-02;9.543660e-02;6.089166e-02;1.342255e-01;4.229131e-02;1.191398e-02
6.610633e-02;2.351356e-01;1.363649e-01;3.855020e-02;5.134063e-02;2.554980e-02;7.108893e-02;1.155352e-01;7.046098e-02;1.442834e-01;3.527232e-02;1.031164e-02
6.605232e-02;1.632725e-01;1.719153e-01;3.993381e-02;3.637927e-02;5.826451e-02;7.915314e-02;1.387131e-01;8.076023e-02;1.233401e-01;2.528907e-02;1.692673e-02
6.475167e-02;1.031784e-01;1.493560e-01;6.245637e-02;4.984776e-02;7.627611e-02;5.668216e-02;1.581140e-01;1.069044e-01;1.146410e-01;4.023550e-02;1.755670e-02
9.390303e-02;1.070056e-01;1.494820e-01;3.952558e-02;7.454329e-02;5.330389e-02;3.316798e-02;2.099990e-01;1.015719e-01;7.621090e-02;4.362697e-02;1.765975e-02
1.146538e-01;6.872816e-02;1.838478e-01;2.434126e-02;7.228952e-02;3.418480e-02;5.292056e-02;2.763089e-01;8.223755e-02;3.790018e-02;3.370599e-02;1.888144e-02
9.166352e-02;5.632649e-02;1.399587e-01;5.940746e-02;5.032144e-02;3.844399e-02;1.360037e-01;2.574067e-01;5.908231e-02;3.389619e-02;2.631984e-02;5.116957e-02
4.286876e-02;8.207438e-02;6.797287e-02;1.091901e-01;3.490718e-02;5.634823e-02;2.447063e-01;1.638380e-01;4.153809e-02;4.238240e-02;1.744653e-02;9.672707e-02
2.312051e-02;9.869602e-02;5.671176e-02;1.182996e-01;5.002524e-02;1.194718e-01;2.731674e-01;6.246613e-02;3.376565e-02;3.209080e-02;3.108215e-02;1.011030e-01
3.400885e-02;1.094965e-01;9.281582e-02;7.578482e-02;7.048148e-02;1.794003e-01;1.821725e-01;7.314850e-02;4.861219e-02;2.156551e-02;5.574312e-02;5.677042e-02
5.643583e-02;1.400103e-01;1.038486e-01;5.761997e-02;8.215907e-02;1.654937e-01;1.079953e-01;1.032713e-01;7.712678e-02;2.584972e-02;4.420209e-02;3.598733e-02
9.153080e-02;1.875479e-01;7.966992e-02;3.744375e-02;7.735810e-02;8.385316e-02;7.387613e-02;1.693097e-01;7.665486e-02;2.882099e-02;4.319811e-02;5.073661e-02
9.827763e-02;2.187328e-01;9.699978e-02;3.635770e-02;3.405848e-02;7.526609e-02;4.279961e-02;1.740262e-01;7.657471e-02;3.426509e-02;5.172589e-02;6.091598e-02
9.815367e-02;2.246545e-01;7.252469e-02;6.201894e-02;4.536362e-02;5.768269e-02;7.971414e-02;1.451297e-01;7.771201e-02;3.306923e-02;5.023366e-02;5.374315e-02
9.203549e-02;2.090880e-01;9.184227e-02;7.388200e-02;7.978746e-02;7.176239e-02;7.723273e-02;1.141528e-01;7.250590e-02;3.898320e-02;3.543563e-02;4.329220e-02
6.955341e-02;1.554539e-01;7.781239e-02;5.557490e-02;9.817427e-02;1.148147e-01;7.676256e-02;1.471719e-01;8.132838e-02;5.211134e-02;2.765054e-02;4.359166e-02
4.709317e-02;1.194488e-01;1.156262e-01;6.076030e-02;6.487568e-02;9.002019e-02;9.584831e-02;2.230984e-01;9.468086e-02;3.245185e-02;1.898896e-02;3.710729e-02
3.888475e-02;7.328438e-02;1.457278e-01;5.215752e-02;3.968613e-02;1.289248e-01;1.057216e-01;2.104174e-01;7.291541e-02;3.053827e-02;6.041169e-02;4.133023e-02
5.403912e-02;5.687982e-02;1.480693e-01;2.406498e-02;3.731179e-02;1.803749e-01;1.413985e-01;1.261097e-01;5.259427e-02;1.976647e-02;1.176678e-01;4.172340e-02
4.947181e-02;8.250298e-02;9.307382e-02;2.864213e-02;6.949685e-02;1.844090e-01;1.059817e-01;9.975169e-02;3.601686e-02;8.735538e-02;1.175702e-01;4.572759e-02
3.233109e-02;1.109936e-01;3.749708e-02;2.522663e-02;1.199348e-01;1.261315e-01;6.518459e-02;1.126398e-01;4.703762e-02;1.884425e-01;6.324604e-02;7.133462e-02
2.149506e-02;1.170426e-01;2.642520e-02;2.465437e-02;1.557677e-01;5.180639e-02;8.747275e-02;1.225625e-01;7.374112e-02;2.339772e-01;1.923220e-02;6.582292e-02
2.565567e-02;1.052308e-01;5.188405e-02;7.008456e-02;1.376960e-01;2.721388e-02;1.090593e-01;1.169797e-01;9.025843e-02;1.734430e-01;4.607446e-02;4.642008e-02
5.100711e-02;7.084132e-02;6.283830e-02;1.672492e-01;9.467368e-02;3.116004e-02;1.155502e-01;1.316560e-01;1.040991e-01;8.832875e-02;5.182094e-02;3.077541e-02
4.794075e-02;3.512278e-02;4.199816e-02;2.519579e-01;8.208720e-02;4.966611e-02;1.231388e-01;9.315509e-02;1.353957e-01;4.092174e-02;4.608874e-02;5.252711e-02
7.829640e-02;3.179005e-02;3.500355e-02;1.816652e-01;7.436039e-02;7.435165e-02;1.727988e-01;8.505778e-02;1.272523e-01;4.616931e-02;2.837190e-02;6.488266e-02
9.239568e-02;3.482919e-02;5.291716e-02;1.164276e-01;5.723741e-02;7.714974e-02;1.405810e-01;1.113669e-01;1.589591e-01;2.655511e-02;4.102220e-02;9.055901e-02
1.000894e-01;4.270617e-02;4.568842e-02;8.747791e-02;3.887931e-02;8.278409e-02;7.602020e-02;1.310702e-01;2.165591e-01;1.923845e-02;4.657525e-02;1.129114e-01
1.033105e-01;5.419426e-02;5.158313e-02;1.028305e-01;3.875041e-02;8.891308e-02;3.691797e-02;1.217227e-01;2.354752e-01;2.114128e-02;3.558613e-02;1.095749e-01
7.494375e-02;7.633795e-02;8.130969e-02;8.302084e-02;3.958744e-02;1.013564e-01;4.904409e-02;1.381388e-01;1.968944e-01;3.504291e-02;3.085467e-02;9.346902e-02
1.565664e-02;9.965608e-02;1.007612e-01;6.803948e-02;4.778435e-02;1.291139e-01;3.808029e-02;1.766075e-01;1.459056e-01;7.506911e-02;3.122870e-02;7.209705e-02
5.211204e-02;1.029602e-01;6.996954e-02;9.706376e-02;5.357414e-02;1.402428e-01;4.115072e-02;1.711649e-01;1.031623e-01;1.032087e-01;3.764554e-02;2.774538e-02
9.011375e-02;9.536950e-02;5.716385e-02;9.710050e-02;4.903837e-02;1.277613e-01;8.224593e-02;1.316761e-01;8.541438e-02;9.114172e-02;3.726520e-02;5.570935e-02
9.501023e-02;7.648762e-02;7.492513e-02;8.827349e-02;5.782626e-02;9.052136e-02;8.941486e-02;1.330850e-01;1.127446e-01;7.532564e-02;3.777836e-02;6.860740e-02
9.291337e-02;6.812662e-02;6.849562e-02;8.382685e-02;8.984235e-02;7.166685e-02;9.775889e-02;1.791844e-01;1.469335e-01;3.165833e-02;1.260632e-02;5.698692e-02
7.665141e-02;6.568509e-02;7.352707e-02;5.803582e-02;8.535000e-02;8.341752e-02;1.148422e-01;1.856443e-01;1.385243e-01;4.602052e-02;2.530195e-02;4.699979e-02
7.884393e-02;9.735848e-02;8.430409e-02;4.133896e-02;7.573626e-02;9.039905e-02;1.192020e-01;1.561633e-01;1.117602e-01;5.944648e-02;4.294050e-02;4.250670e-02
8.172543e-02;9.564546e-02;9.608953e-02;6.248540e-02;7.203659e-02;8.624225e-02;7.851020e-02;1.353962e-01;8.113713e-02;7.466874e-02;9.785999e-02;3.820308e-02
7.379667e-02;6.574076e-02;8.758362e-02;3.058032e-02;7.041488e-02;9.383866e-02;4.863625e-02;1.102873e-01;7.177190e-02;1.113181e-01;1.895810e-01;4.645059e-02
5.756103e-02;5.587023e-02;6.850139e-02;5.744297e-02;5.662927e-02;8.664829e-02;6.483597e-02;9.848792e-02;1.042313e-01;1.199712e-01;1.774932e-01;5.232719e-02
7.179049e-02;7.702029e-02;6.182943e-02;6.542219e-02;5.807718e-02;7.926261e-02;7.006800e-02;1.139102e-01;1.292603e-01;8.908159e-02;1.123317e-01;7.194595e-02
1.034246e-01;9.259322e-02;5.189618e-02;4.262184e-02;9.699094e-02;6.923985e-02;4.271834e-02;1.313339e-01;1.519137e-01;6.219024e-02;8.105894e-02;7.401819e-02
5.708955e-02;1.000669e-01;7.046989e-02;9.207396e-02;9.844588e-02;1.140803e-01;1.080886e-01;1.147320e-01;9.492292e-02;3.727073e-02;6.147961e-02;5.127973e-02
4.615743e-02;1.211909e-01;1.044239e-01;9.570542e-02;6.501924e-02;8.578661e-02;1.748732e-01;1.138110e-01;7.562950e-02;2.803064e-02;4.960890e-02;3.976326e-02
4.827413e-02;9.569432e-02;5.418896e-02;6.635278e-02;3.741468e-02;8.611762e-02;2.583352e-01;1.071892e-01;6.176001e-02;1.968474e-02;3.430502e-02;1.306833e-01
4.808201e-02;6.459168e-02;2.319847e-02;5.938129e-02;2.291854e-02;3.529558e-02;3.166518e-01;1.096018e-01;4.252547e-02;1.800178e-02;1.782582e-02;2.419258e-01
1.167101e-01;5.371240e-02;1.589954e-02;6.002259e-02;1.701294e-02;2.232452e-02;2.902288e-01;5.165828e-02;2.650425e-02;2.058422e-02;1.652464e-02;3.088178e-01
1.856773e-01;5.973100e-02;1.930764e-02;6.957242e-02;1.797008e-02;3.356816e-02;2.435994e-01;3.345781e-02;2.486152e-02;1.473983e-02;1.698440e-02;2.805303e-01
1.490889e-01;7.249705e-02;2.410712e-02;1.197523e-01;3.854645e-02;5.319781e-02;2.468352e-01;3.124924e-02;2.282467e-02;7.628355e-03;1.413860e-02;2.201343e-01
6.145489e-02;5.481983e-02;2.848274e-02;1.782223e-01;9.463196e-02;7.267428e-02;2.696428e-01;3.306370e-02;3.163078e-02;1.577056e-02;1.287624e-02;1.467299e-01
2.376470e-02;3.408621e-02;2.195228e-02;1.763880e-01;1.144482e-01;7.983150e-02;2.853528e-01;6.045150e-02;4.850249e-02;3.870992e-02;1.522769e-02;1.012848e-01
4.045434e-02;4.943304e-02;1.147771e-02;1.155365e-01;5.906869e-02;6.672294e-02;2.838591e-01;8.000839e-02;6.158388e-02;8.010092e-02;3.668276e-02;1.150718e-01
6.425449e-02;8.951218e-02;3.245584e-02;5.586316e-02;2.498232e-02;3.970547e-02;2.863114e-01;5.301335e-02;5.670476e-02;9.835691e-02;6.397641e-02;1.348637e-01
6.712875e-02;1.245057e-01;4.562115e-02;5.784629e-02;3.803302e-02;5.882068e-02;2.462247e-01;7.130758e-02;4.892268e-02;7.736137e-02;5.711452e-02;1.071135e-01
6.076453e-02;1.002482e-01;7.441442e-02;5.244143e-02;6.018392e-02;8.510584e-02;1.848678e-01;8.152717e-02;8.742464e-02;7.412890e-02;4.366559e-02;9.522758e-02
6.856556e-02;5.474965e-02;9.915662e-02;6.592251e-02;6.558013e-02;9.103426e-02;1.334560e-01;7.935972e-02;1.292130e-01;6.867133e-02;5.180269e-02;9.248853e-02
7.614122e-02;7.171991e-02;1.000692e-01;7.366068e-02;3.477682e-02;9.869067e-02;1.281475e-01;7.132081e-02;1.454326e-01;5.803497e-02;5.761516e-02;8.439053e-02
7.903735e-02;9.481742e-02;6.679659e-02;5.759760e-02;3.443130e-02;7.881439e-02;1.769127e-01;1.175930e-01;1.367938e-01;4.245668e-02;2.944915e-02;8.530010e-02
8.955697e-02;1.004477e-01;5.165385e-02;8.295739e-02;4.801129e-02;4.176123e-02;1.593446e-01;1.349123e-01;9.133978e-02;5.048913e-02;2.847029e-02;1.210554e-01
8.250650e-02;9.310292e-02;5.965629e-02;1.093312e-01;5.095602e-02;3.989127e-02;8.955551e-02;1.150662e-01;1.048366e-01;5.918330e-02;3.945176e-02;1.564624e-01
8.916529e-02;9.010866e-02;7.301978e-02;9.551102e-02;6.087586e-02;9.219521e-02;7.631565e-02;8.423091e-02;9.080455e-02;5.116030e-02;4.853450e-02;1.480783e-01
8.203289e-02;6.582113e-02;6.349048e-02;6.037267e-02;6.986687e-02;2.294583e-01;1.031378e-01;6.430610e-02;5.534766e-02;4.255931e-02;6.800216e-02;9.560471e-02
6.230236e-02;5.625846e-02;3.493715e-02;4.289721e-02;6.591155e-02;3.437445e-01;1.362056e-01;5.667837e-02;4.986771e-02;5.314131e-02;5.702293e-02;4.103291e-02
3.876701e-02;5.401290e-02;3.539020e-02;6.531788e-02;1.230632e-01;3.281328e-01;1.159817e-01;5.263082e-02;5.523099e-02;6.480899e-02;3.143629e-02;3.522719e-02
3.000236e-02;6.989138e-02;5.230562e-02;8.487925e-02;1.453134e-01;2.635670e-01;8.659725e-02;7.776192e-02;8.124092e-02;5.750743e-02;1.742360e-02;3.350982e-02
3.086728e-02;7.966007e-02;6.534349e-02;9.646750e-02;1.186644e-01;2.036077e-01;1.070956e-01;1.175659e-01;9.440774e-02;3.422530e-02;2.313150e-02;2.896352e-02
4.749830e-02;6.502824e-02;5.881643e-02;9.838711e-02;6.534038e-02;1.477799e-01;1.959796e-01;1.278797e-01;7.652254e-02;3.550252e-02;3.037920e-02;5.088608e-02
5.207802e-02;6.814692e-02;3.783004e-02;9.645588e-02;7.086992e-02;1.338348e-01;2.036711e-01;1.053025e-01;6.696549e-02;4.308290e-02;3.434262e-02;8.741987e-02
5.533994e-02;7.098921e-02;3.740582e-02;8.863788e-02;1.087065e-01;5.575470e-02;2.162403e-01;7.523823e-02;5.756714e-02;4.567670e-02;7.515941e-02;1.132842e-01
6.348629e-02;5.354469e-02;5.267698e-02;5.465845e-02;1.174646e-01;7.299769e-02;1.994096e-01;7.884292e-02;6.354277e-02;4.157091e-02;9.792367e-02;1.038814e-01
6.607570e-02;5.770309e-02;7.001571e-02;4.592605e-02;1.029247e-01;1.280414e-01;1.684457e-01;8.379398e-02;7.198364e-02;4.290193e-02;8.572183e-02;7.646624e-02
5.368608e-02;6.775421e-02;8.553390e-02;4.348467e-02;1.145247e-01;1.488928e-01;1.314829e-01;1.204636e-01;7.869898e-02;3.781258e-02;5.223246e-02;6.543320e-02
4.187581e-02;5.965334e-02;5.614289e-02;1.018707e-01;1.374545e-01;1.004641e-01;9.498822e-02;1.364258e-01;1.491631e-01;5.452796e-02;9.682479e-03;5.775102e-02
5.096104e-02;5.253359e-02;4.567866e-02;1.279609e-01;1.345436e-01;8.803099e-02;8.474038e-02;1.265144e-01;1.751250e-01;4.350291e-02;1.973387e-02;5.067461e-02
5.882149e-02;3.965477e-02;3.205429e-02;1.306040e-01;1.082526e-01;6.428181e-02;1.143068e-01;1.485491e-01;1.889288e-01;4.131711e-02;2.097830e-02;5.225094e-02
7.311499e-02;3.192958e-02;2.905583e-02;1.174458e-01;6.549387e-02;3.709668e-02;1.237948e-01;1.777977e-01;2.224306e-01;3.818290e-02;2.663994e-02;5.701724e-02
7.201155e-02;2.880993e-02;3.956737e-02;9.651223e-02;3.737665e-02;2.098957e-02;9.551075e-02;2.212313e-01;2.778182e-01;3.117843e-02;2.876997e-02;5.022404e-02
4.842941e-02;4.609186e-02;5.433291e-02;6.359033e-02;4.835417e-02;5.051136e-02;5.700699e-02;2.764711e-01;2.660927e-01;1.937451e-02;2.082630e-02;4.891833e-02
3.600698e-02;3.190415e-02;5.430872e-02;5.486577e-02;7.543230e-02;3.871349e-02;3.728380e-02;2.968961e-01;2.530157e-01;2.654399e-02;3.163615e-02;6.339291e-02
2.661972e-02;5.006659e-02;7.922061e-02;6.723643e-02;1.110906e-01;1.169797e-01;5.107196e-02;1.960544e-01;1.798456e-01;2.862790e-02;2.861809e-02;6.456850e-02
2.822805e-02;5.226178e-02;5.258444e-02;5.894870e-02;1.099157e-01;1.908083e-01;4.218405e-02;1.866019e-01;1.661254e-01;3.750523e-02;2.614786e-02;4.868859e-02
3.288585e-02;8.140551e-02;6.035838e-02;7.167020e-02;9.418272e-02;1.500150e-01;3.415843e-02;2.181669e-01;1.274492e-01;3.029987e-02;5.052577e-02;4.888216e-02
4.147087e-02;1.053413e-01;1.319454e-01;7.925770e-02;6.587754e-02;9.123553e-02;4.930096e-02;1.893068e-01;8.644647e-02;2.336238e-02;6.005341e-02;7.640162e-02
2.043584e-02;6.540590e-02;1.911941e-01;7.732511e-02;2.736644e-02;7.844797e-02;5.462503e-02;2.039790e-01;1.196460e-01;1.749776e-02;3.290490e-02;1.111719e-01
6.829642e-02;3.164662e-02;1.669070e-01;1.270075e-01;3.615332e-02;7.719196e-02;4.309924e-02;1.660946e-01;1.393424e-01;1.897134e-02;2.076184e-02;1.045277e-01
1.154068e-01;2.249916e-02;1.191341e-01;2.067519e-01;3.428572e-02;4.277428e-02;3.218997e-02;1.531908e-01;1.558152e-01;2.185912e-02;1.705801e-02;7.903491e-02
1.300324e-01;2.923113e-02;9.468377e-02;2.612785e-01;2.652408e-02;3.897063e-02;1.902297e-02;1.502925e-01;1.634592e-01;2.042655e-02;1.632864e-02;4.974968e-02
1.105874e-01;2.765403e-02;7.527398e-02;2.765507e-01;9.243982e-02;3.231769e-02;2.433685e-02;1.204819e-01;1.780764e-01;2.783608e-02;1.167996e-02;2.276514e-02
7.309535e-02;3.584499e-02;4.988849e-02;2.337623e-01;1.782837e-01;4.088492e-02;3.075755e-02;1.121472e-01;1.798758e-01;3.598670e-02;9.242949e-03;2.023010e-02
5.494148e-02;3.241125e-02;2.179789e-02;1.764517e-01;2.309738e-01;6.783820e-02;3.925028e-02;1.284000e-01;1.802658e-01;4.154225e-02;7.137781e-03;1.898953e-02
3.785907e-02;3.006693e-02;5.496905e-02;1.559873e-01;1.773712e-01;5.794842e-02;6.945076e-02;1.700948e-01;1.737430e-01;4.083679e-02;1.105807e-02;2.061456e-02
2.784564e-02;2.548680e-02;5.537384e-02;1.570298e-01;8.184176e-02;7.099627e-02;8.970755e-02;2.315908e-01;1.673514e-01;3.143445e-02;2.054300e-02;4.079876e-02
5.943330e-02;3.709152e-02;5.200408e-02;1.505748e-01;5.148663e-02;1.377791e-01;6.941279e-02;2.005551e-01;1.374644e-01;2.970376e-02;1.981680e-02;5.467780e-02
7.120491e-02;4.319255e-02;4.526284e-02;1.342779e-01;1.077046e-01;1.306432e-01;6.988849e-02;1.637726e-01;1.239528e-01;3.404490e-02;1.724492e-02;5.881031e-02
6.537465e-02;5.200662e-02;8.295818e-02;9.089770e-02;1.256672e-01;1.217749e-01;6.974266e-02;1.401064e-01;1.474785e-01;2.971267e-02;1.849284e-02;5.578777e-02
6.150322e-02;6.905204e-02;8.000495e-02;7.019933e-02;1.103713e-01;1.388553e-01;5.906262e-02;1.248639e-01;1.745843e-01;3.791654e-02;2.558038e-02;4.800615e-02
4.283598e-02;7.499958e-02;7.258250e-02;1.147143e-01;8.539125e-02;1.141931e-01;6.445529e-02;1.526038e-01;1.694884e-01;4.175886e-02;3.693093e-02;3.004603e-02
3.823890e-02;8.541074e-02;1.088076e-01;1.415212e-01;6.387597e-02;8.522444e-02;6.146870e-02;1.258102e-01;1.687966e-01;4.497391e-02;3.916262e-02;3.670900e-02
4.781068e-02;4.041701e-02;8.230872e-02;1.454511e-01;5.022207e-02;8.736704e-02;7.698031e-02;1.469353e-01;1.977167e-01;4.516787e-02;2.458584e-02;5.503737e-02
5.118093e-02;5.254519e-02;5.584849e-02;1.096515e-01;8.862773e-02;5.450686e-02;6.437942e-02;2.034941e-01;2.053311e-01;3.844873e-02;1.215205e-02;6.383390e-02
3.977592e-02;6.944282e-02;9.562902e-02;1.119380e-01;1.110080e-01;9.216694e-02;3.287487e-02;1.684939e-01;1.650973e-01;2.982572e-02;2.218941e-02;6.155819e-02
3.021622e-02;6.030004e-02;1.177025e-01;1.144577e-01;1.159199e-01;1.148142e-01;3.068645e-02;1.250380e-01;1.718612e-01;3.963570e-02;2.396490e-02;5.540320e-02
2.117521e-02;5.313743e-02;9.482529e-02;1.081583e-01;1.056189e-01;1.008418e-01;3.001598e-02;1.805154e-01;1.753411e-01;5.726888e-02;1.883818e-02;5.426339e-02
2.473279e-02;7.120891e-02;1.228816e-01;8.859837e-02;9.296506e-02;1.056019e-01;3.688719e-02;1.214769e-01;1.829910e-01;7.389902e-02;2.001944e-02;5.873779e-02
2.332755e-02;9.352947e-02;1.911675e-01;8.013738e-02;7.289314e-02;1.318138e-01;3.148162e-02;1.298218e-01;1.403047e-01;5.419876e-02;1.696814e-02;3.435608e-02
2.248819e-02;1.507944e-01;2.730277e-01;7.742845e-02;6.120367e-02;1.149202e-01;2.208265e-02;1.122803e-01;8.165215e-02;5.317513e-02;1.055588e-02;2.039129e-02
1.625077e-02;2.025455e-01;3.737192e-01;5.990471e-02;6.324744e-02;5.943910e-02;1.869609e-02;7.107886e-02;5.819714e-02;5.218762e-02;5.872849e-03;1.886071e-02
1.260297e-02;2.479235e-01;4.227423e-01;3.168382e-02;5.937062e-02;2.605935e-02;1.744089e-02;6.298546e-02;4.991223e-02;4.884586e-02;3.100216e-03;1.733282e-02
1.413903e-02;2.686884e-01;4.269750e-01;2.106436e-02;2.918323e-02;3.036905e-02;1.543072e-02;7.166333e-02;4.676972e-02;5.498410e-02;5.430543e-03;1.530259e-02
1.003526e-02;2.480751e-01;4.215122e-01;1.241268e-02;3.964944e-02;3.599842e-02;2.189161e-02;7.528129e-02;4.361625e-02;7.486591e-02;5.678209e-03;1.098359e-02
1.070378e-02;1.947262e-01;4.011068e-01;1.767147e-02;7.217148e-02;2.683846e-02;5.763589e-02;4.510678e-02;3.566719e-02;1.250782e-01;4.247956e-03;9.045837e-03
1.833894e-02;1.503101e-01;3.733329e-01;2.442771e-02;8.281174e-02;2.862641e-02;9.555089e-02;2.103494e-02;3.976951e-02;1.494112e-01;8.307833e-03;8.077944e-03
2.429632e-02;1.321938e-01;3.372265e-01;5.078838e-02;6.683521e-02;2.644402e-02;1.094047e-01;2.583516e-02;7.195414e-02;1.236888e-01;2.168607e-02;9.646878e-03
2.638379e-02;1.427601e-01;2.132132e-01;1.181544e-01;3.825831e-02;6.483485e-02;8.647601e-02;3.916437e-02;1.081370e-01;8.397772e-02;6.937542e-02;9.264875e-03
1.281701e-02;1.335078e-01;1.533466e-01;1.779427e-01;5.259595e-02;1.202717e-01;2.627911e-02;7.490973e-02;7.454379e-02;4.294493e-02;1.121482e-01;1.869250e-02
8.849312e-03;1.229878e-01;2.271364e-01;1.393591e-01;8.800943e-02;1.134078e-01;1.746004e-02;8.135025e-02;4.409163e-02;4.346418e-02;8.312058e-02;3.076345e-02
9.678326e-03;1.238562e-01;2.648145e-01;7.892136e-02;1.247221e-01;1.207869e-01;3.091640e-02;5.955638e-02;4.122722e-02;4.706794e-02;4.178610e-02;5.666663e-02
1.531589e-02;1.165170e-01;2.617897e-01;6.057711e-02;1.455367e-01;1.536432e-01;3.380055e-02;3.413374e-02;4.264057e-02;4.092310e-02;2.705020e-02;6.807221e-02
1.628058e-02;1.209731e-01;2.925055e-01;3.626676e-02;1.257588e-01;1.869033e-01;2.785772e-02;3.721161e-02;4.975548e-02;3.324872e-02;2.127830e-02;5.196023e-02
1.309520e-02;1.480903e-01;3.656489e-01;5.609125e-02;7.955711e-02;1.538137e-01;2.299980e-02;4.417982e-02;4.799577e-02;2.385280e-02;2.240802e-02;2.226723e-02
1.261632e-02;1.767505e-01;3.576774e-01;6.866973e-02;7.915320e-02;1.028184e-01;2.060213e-02;5.565779e-02;5.250803e-02;3.514125e-02;2.527495e-02;1.313024e-02
1.512787e-02;2.027352e-01;3.656415e-01;6.318119e-02;7.805406e-02;7.135184e-02;1.363344e-02;5.497934e-02;6.746110e-02;4.663729e-02;1.332173e-02;7.875479e-03
1.513962e-02;2.103902e-01;3.842226e-01;4.448240e-02;6.925397e-02;4.862759e-02;1.111346e-02;6.386986e-02;7.477760e-02;4.782017e-02;1.629358e-02;1.400890e-02
