2.761149e-02;8.305368e-02;1.019840e-01;3.168704e-02;4.989747e-02;2.077101e-01;4.502199e-02;2.730795e-01;1.012568e-01;2.294844e-02;2.400989e-02;3.173954e-02
1.473906e-02;9.597822e-02;1.277441e-01;1.247675e-02;2.181539e-02;1.982377e-01;5.577385e-02;2.733998e-01;1.477575e-01;2.038613e-02;1.591641e-02;1.577505e-02
1.312189e-02;1.077213e-01;1.415680e-01;1.017645e-02;2.055694e-02;1.456082e-01;6.780151e-02;2.784443e-01;1.587503e-01;2.041964e-02;1.745691e-02;1.837466e-02
1.382071e-02;9.752621e-02;1.091482e-01;1.949753e-02;2.280816e-02;1.778446e-01;6.455292e-02;2.861351e-01;1.634561e-01;1.457949e-02;9.431741e-03;2.119922e-02
1.883310e-02;7.779448e-02;7.266623e-02;3.061048e-02;4.132254e-02;3.801202e-01;2.406419e-02;1.961009e-01;1.098180e-01;1.225372e-02;6.851080e-03;2.956513e-02
1.545816e-02;5.960097e-02;1.222614e-01;2.847583e-02;5.370551e-02;4.652336e-01;2.995710e-02;1.025496e-01;5.312135e-02;1.127791e-02;1.298817e-02;4.537035e-02
1.803572e-02;3.265794e-02;9.331080e-02;1.838437e-02;4.195759e-02;5.168691e-01;3.165156e-02;9.443554e-02;7.625783e-02;7.445578e-03;1.190972e-02;5.708428e-02
2.421213e-02;4.537229e-02;8.420628e-02;2.625333e-02;3.377248e-02;5.349199e-01;1.567986e-02;7.195147e-02;7.407398e-02;2.316930e-02;1.591258e-02;5.047644e-02
2.376404e-02;2.990451e-02;7.467832e-02;2.411036e-02;6.649727e-02;5.138823e-01;6.327850e-02;5.341412e-02;6.377555e-02;2.703577e-02;1.148514e-02;4.817418e-02
2.288024e-02;2.908338e-02;4.563275e-02;1.720934e-02;7.274192e-02;4.727023e-01;1.256007e-01;8.597236e-02;4.585616e-02;2.804758e-02;1.393250e-02;4.034070e-02
2.311553e-02;2.885920e-02;4.547214e-02;1.281891e-02;6.279678e-02;3.984376e-01;1.161352e-01;1.229642e-01;5.536191e-02;3.850460e-02;4.230355e-02;5.323046e-02
3.708074e-02;7.373463e-02;8.345651e-02;1.277248e-02;5.763324e-02;2.651361e-01;2.920608e-02;1.088918e-01;7.469390e-02;6.665098e-02;1.000121e-01;9.073141e-02
8.019110e-02;9.407072e-02;5.879982e-02;1.966736e-02;3.546662e-02;2.747287e-01;3.128386e-02;1.023374e-01;8.745350e-02;5.741566e-02;8.124992e-02;7.733529e-02
6.676447e-02;1.053667e-01;1.674735e-01;3.463662e-02;4.467691e-02;2.593380e-01;3.334779e-02;9.864365e-02;6.482549e-02;4.069234e-02;1.793656e-02;6.629805e-02
2.240815e-02;9.189386e-02;1.718418e-01;4.423193e-02;9.563973e-02;2.690423e-01;2.518589e-02;1.131622e-01;5.105586e-02;3.740409e-02;2.738163e-02;5.075246e-02
1.242948e-02;8.936270e-02;1.377775e-01;7.917936e-02;8.160473e-02;2.010086e-01;7.752042e-02;1.396101e-01;5.289195e-02;4.097421e-02;4.756767e-02;4.007333e-02
2.873585e-02;5.008561e-02;8.555207e-02;7.648616e-02;3.731955e-02;1.211181e-01;1.298895e-01;1.555848e-01;9.999416e-02;9.586745e-02;4.742689e-02;7.193983e-02
2.914568e-02;4.858060e-02;5.944978e-02;7.895653e-02;3.668098e-02;1.365948e-01;1.149903e-01;1.534940e-01;1.015057e-01;1.108510e-01;3.742877e-02;9.232184e-02
3.589382e-02;5.931383e-02;5.991856e-02;7.722093e-02;5.114608e-02;1.610441e-01;6.049337e-02;1.237319e-01;9.425312e-02;1.447467e-01;4.064173e-02;9.159596e-02
5.171396e-02;1.123284e-01;8.747345e-02;5.455669e-02;6.608530e-02;1.637749e-01;3.239968e-02;1.117362e-01;6.719610e-02;1.497545e-01;4.525759e-02;5.772312e-02
6.897894e-02;1.452706e-01;8.859602e-02;4.602510e-02;7.211670e-02;2.091584e-01;7.105698e-02;1.193819e-01;4.162785e-02;9.316393e-02;2.660546e-02;1.801812e-02
6.649787e-02;1.186763e-01;7.088827e-02;6.714179e-02;9.001759e-02;2.237370e-01;1.248219e-01;8.275965e-02;2.834871e-02;8.749949e-02;2.606242e-02;1.354899e-02
5.237195e-02;7.384554e-02;4.200055e-02;6.108227e-02;9.050652e-02;2.208656e-01;1.654015e-01;9.067998e-02;2.218395e-02;1.226336e-01;4.168681e-02;1.674169e-02
4.858402e-02;3.889713e-02;2.360442e-02;6.490307e-02;8.765832e-02;2.223205e-01;1.519978e-01;1.054513e-01;1.543750e-02;1.752560e-01;5.195169e-02;1.393817e-02
5.910659e-02;3.276441e-02;1.748098e-02;9.437730e-02;7.513823e-02;2.183976e-01;8.328574e-02;1.194027e-01;2.190085e-02;2.269925e-01;3.700420e-02;1.414890e-02
6.992859e-02;3.443405e-02;1.850172e-02;1.347252e-01;5.852533e-02;2.053525e-01;2.672886e-02;1.383841e-01;2.790097e-02;2.437766e-01;1.392938e-02;2.781264e-02
6.910714e-02;2.837119e-02;2.137678e-02;1.660421e-01;3.237382e-02;1.963022e-01;5.110848e-02;1.552358e-01;1.875761e-02;2.143300e-01;1.589347e-02;3.110139e-02
7.094025e-02;2.125970e-02;1.299958e-02;1.765186e-01;3.277251e-02;2.104056e-01;5.098028e-02;1.560844e-01;1.680017e-02;1.975295e-01;2.817424e-02;2.553520e-02
7.968107e-02;2.481766e-02;1.024081e-02;1.643699e-01;4.040254e-02;2.344055e-01;3.960358e-02;1.699920e-01;1.273569e-02;1.935310e-01;1.124734e-02;1.897287e-02
1.136925e-01;2.539231e-02;9.153057e-03;1.323207e-01;4.587887e-02;2.457219e-01;2.999377e-02;1.710804e-01;1.798294e-02;1.791670e-01;1.327078e-02;1.634585e-02
1.393658e-01;2.883845e-02;2.239741e-02;8.895115e-02;5.299826e-02;2.372996e-01;3.511332e-02;1.678041e-01;3.029590e-02;1.605283e-01;1.278633e-02;2.362141e-02
1.478783e-01;3.034460e-02;3.990805e-02;3.846880e-02;5.035227e-02;2.435615e-01;2.806527e-02;1.701565e-01;5.396138e-02;1.379470e-01;1.196912e-02;4.738716e-02
1.020634e-01;3.499850e-02;5.268049e-02;7.753618e-02;6.426299e-02;2.126814e-01;4.740882e-02;1.189526e-01;8.326034e-02;9.250777e-02;3.460252e-02;7.904496e-02
4.279247e-02;4.109540e-02;4.126029e-02;8.667378e-02;6.353389e-02;1.561253e-01;5.353357e-02;1.165034e-01;7.396749e-02;1.830482e-01;5.622294e-02;8.524331e-02
3.400348e-02;3.601157e-02;2.741048e-02;7.258641e-02;4.240949e-02;1.493186e-01;6.733717e-02;1.475214e-01;4.550478e-02;3.018457e-01;2.874614e-02;4.730476e-02
2.450971e-02;1.528587e-02;1.600066e-02;4.792058e-02;3.431069e-02;1.696480e-01;7.390277e-02;1.235583e-01;5.909123e-02;3.885425e-01;2.718498e-02;2.004465e-02
3.112417e-02;1.456061e-02;1.262297e-02;5.378869e-02;1.826030e-02;1.942131e-01;6.470667e-02;1.101246e-01;4.776121e-02;4.097709e-01;1.504788e-02;2.801890e-02
2.641450e-02;2.965491e-02;1.401218e-02;6.994877e-02;2.264362e-02;1.851697e-01;7.440428e-02;1.081373e-01;3.324550e-02;3.796161e-01;3.610365e-02;2.064952e-02
2.576400e-02;4.827777e-02;4.671668e-02;9.437464e-02;3.869181e-02;1.436537e-01;6.136238e-02;9.005705e-02;6.421434e-02;3.111654e-01;3.325639e-02;4.246584e-02
3.714608e-02;4.350093e-02;6.083632e-02;8.252721e-02;5.692356e-02;1.272434e-01;8.062861e-02;8.002177e-02;7.941604e-02;2.461503e-01;6.098851e-02;4.461718e-02
3.485572e-02;3.158368e-02;6.837810e-02;8.732100e-02;7.113466e-02;1.443801e-01;1.065109e-01;9.495991e-02;7.519317e-02;2.199284e-01;2.690265e-02;3.885170e-02
2.563195e-02;4.319717e-02;6.574631e-02;1.112143e-01;8.083776e-02;1.710051e-01;1.486864e-01;8.006697e-02;5.349430e-02;1.676503e-01;1.239263e-02;4.007684e-02
4.456996e-02;4.174902e-02;5.021737e-02;1.329932e-01;1.034159e-01;1.574903e-01;1.588792e-01;9.765889e-02;3.916550e-02;1.039800e-01;4.033013e-02;2.955055e-02
4.696801e-02;1.996355e-02;2.948737e-02;1.257809e-01;1.309602e-01;1.383937e-01;9.287713e-02;1.274198e-01;4.576894e-02;1.904337e-01;3.952528e-02;1.242156e-02
3.576317e-02;1.281925e-02;2.333232e-02;1.153007e-01;1.263974e-01;1.167256e-01;7.835331e-02;1.213823e-01;4.038750e-02;2.978427e-01;2.591257e-02;5.783221e-03
2.497530e-02;1.641297e-02;9.779868e-03;9.193024e-02;1.162340e-01;1.242956e-01;1.008396e-01;1.076428e-01;3.450678e-02;3.395922e-01;2.108943e-02;1.270123e-02
1.515858e-02;1.420208e-02;1.168802e-02;6.970975e-02;8.563398e-02;2.241070e-01;6.767508e-02;9.604345e-02;4.019699e-02;3.446310e-01;1.168202e-02;1.927197e-02
3.248452e-02;2.607667e-02;3.037596e-02;3.715498e-02;4.921181e-02;2.653675e-01;7.671088e-02;1.160564e-01;4.955820e-02;2.697049e-01;2.781285e-02;1.948530e-02
3.417775e-02;8.183485e-02;9.119423e-02;3.947584e-02;6.681901e-02;1.515341e-01;1.430232e-01;1.213441e-01;8.468410e-02;1.393424e-01;1.800144e-02;2.856897e-02
3.956360e-02;1.128018e-01;1.165593e-01;6.285485e-02;6.591411e-02;1.651423e-01;1.576909e-01;7.886237e-02;7.556371e-02;7.239067e-02;2.761784e-02;2.503857e-02
5.618788e-02;8.555149e-02;8.704734e-02;7.538098e-02;4.213591e-02;2.619267e-01;1.724961e-01;8.146846e-02;4.336315e-02;6.796613e-02;1.438422e-02;1.209168e-02
6.327370e-02;5.300800e-02;4.529471e-02;7.411528e-02;2.166410e-02;3.543158e-01;1.782754e-01;7.203680e-02;2.437409e-02;8.834548e-02;1.705546e-02;8.241117e-03
6.741304e-02;1.967976e-02;2.206050e-02;6.223784e-02;2.225471e-02;4.279000e-01;1.311449e-01;6.739750e-02;2.475258e-02;1.193424e-01;2.703596e-02;8.780841e-03
6.812377e-02;1.839292e-02;2.351028e-02;4.285572e-02;2.329261e-02;4.679056e-01;6.515347e-02;7.125274e-02;2.951998e-02;1.508743e-01;2.731136e-02;1.180719e-02
6.357090e-02;2.581287e-02;5.439054e-02;3.661076e-02;3.608846e-02;4.239977e-01;2.814255e-02;8.536486e-02;4.374674e-02;1.591980e-01;3.262065e-02;1.045601e-02
8.716895e-02;2.188953e-02;7.245933e-02;3.798068e-02;5.983278e-02;3.658355e-01;2.685639e-02;8.483116e-02;5.719863e-02;1.302849e-01;2.842151e-02;2.724061e-02
1.110816e-01;1.876597e-02;8.430360e-02;2.268129e-02;7.676850e-02;3.657862e-01;3.918039e-02;7.675315e-02;5.242234e-02;1.075115e-01;1.619950e-02;2.854600e-02
8.635684e-02;1.700212e-02;8.540297e-02;4.200895e-02;6.237982e-02;3.318545e-01;4.251039e-02;8.311304e-02;3.913435e-02;1.257447e-01;3.227599e-02;5.221636e-02
4.195485e-02;2.195281e-02;8.135390e-02;7.021298e-02;5.995026e-02;3.357008e-01;2.994122e-02;6.780161e-02;2.168038e-02;1.537351e-01;4.691879e-02;6.879736e-02
3.811795e-02;4.174970e-02;7.057181e-02;8.227295e-02;3.238096e-02;3.115461e-01;6.811426e-02;5.362670e-02;4.558215e-02;1.597693e-01;5.064898e-02;4.561913e-02
6.391632e-02;5.878499e-02;7.378803e-02;1.020629e-01;3.548606e-02;2.413943e-01;9.318663e-02;6.247606e-02;4.604869e-02;1.165198e-01;3.906323e-02;6.727297e-02
9.411354e-02;3.979599e-02;8.925101e-02;9.971525e-02;5.029365e-02;1.858382e-01;9.716880e-02;7.916957e-02;6.188144e-02;5.926168e-02;5.864916e-02;8.486173e-02
4.452749e-02;2.007003e-02;1.172251e-01;7.809855e-02;9.535699e-02;1.880839e-01;9.296282e-02;1.023937e-01;1.009962e-01;8.302986e-02;5.538836e-02;2.186693e-02
3.727753e-02;3.350060e-02;1.160128e-01;3.503024e-02;7.941294e-02;1.911354e-01;8.518779e-02;1.093902e-01;1.028860e-01;1.162879e-01;3.082335e-02;6.305523e-02
2.674131e-02;4.700779e-02;8.600708e-02;3.095928e-02;4.391167e-02;2.379272e-01;7.880808e-02;8.800827e-02;9.362557e-02;1.301139e-01;5.647787e-02;8.041196e-02
2.311903e-02;4.641982e-02;7.378290e-02;2.110085e-02;4.744220e-02;2.730937e-01;5.281845e-02;8.617422e-02;9.455854e-02;1.271887e-01;1.061750e-01;4.812668e-02
8.613867e-02;4.116343e-02;6.516618e-02;4.420257e-02;4.033235e-02;2.728421e-01;4.589931e-02;9.729486e-02;9.877414e-02;6.381473e-02;9.611072e-02;4.826096e-02
1.471041e-01;3.489981e-02;4.051058e-02;3.308917e-02;3.985649e-02;2.127804e-01;7.180414e-02;7.850944e-02;6.849103e-02;1.726667e-01;4.618415e-02;5.410409e-02
1.912975e-01;3.542225e-02;3.740240e-02;1.486040e-02;3.112433e-02;2.589778e-01;4.405646e-02;5.577851e-02;4.546736e-02;2.489056e-01;1.507611e-02;2.163133e-02
2.253566e-01;5.832665e-02;1.854326e-02;1.482996e-02;2.622602e-02;2.809726e-01;3.323336e-02;4.991896e-02;3.354509e-02;2.381018e-01;9.554566e-03;1.139117e-02
2.537927e-01;8.551291e-02;1.216414e-02;9.838150e-03;2.533424e-02;3.035892e-01;3.192871e-02;5.025209e-02;1.377910e-02;1.907480e-01;1.245424e-02;1.060657e-02
2.723690e-01;9.413642e-02;2.403529e-02;2.329108e-02;2.105289e-02;3.022123e-01;3.080869e-02;4.737637e-02;1.993151e-02;1.352089e-01;1.082883e-02;1.874868e-02
2.955445e-01;8.210757e-02;1.713683e-02;4.092672e-02;1.991734e-02;3.236743e-01;3.260684e-02;3.753762e-02;2.224299e-02;1.003641e-01;4.551804e-03;2.338947e-02
2.748469e-01;7.454114e-02;3.561113e-02;6.695793e-02;2.146577e-02;3.379734e-01;3.140105e-02;3.928873e-02;2.259632e-02;7.411897e-02;4.259685e-03;1.693899e-02
1.993521e-01;4.990934e-02;6.206870e-02;9.163105e-02;3.078584e-02;3.456875e-01;2.859178e-02;5.601925e-02;2.927855e-02;6.592303e-02;1.030912e-02;3.044371e-02
1.161251e-01;6.235861e-02;1.155308e-01;9.041554e-02;2.494290e-02;3.452342e-01;3.019878e-02;5.806517e-02;4.070003e-02;5.698040e-02;1.232020e-02;4.712829e-02
6.333400e-02;5.582071e-02;1.802946e-01;4.874349e-02;4.268908e-02;3.373856e-01;2.109323e-02;4.874054e-02;5.618019e-02;3.605013e-02;1.502721e-02;9.464126e-02
2.836299e-02;3.654600e-02;2.058068e-01;2.292081e-02;6.621694e-02;3.274078e-01;3.784037e-02;5.534510e-02;6.136903e-02;2.289990e-02;5.973967e-03;1.293102e-01
1.280035e-02;4.108886e-02;1.805687e-01;2.339137e-02;8.584897e-02;2.661611e-01;6.050599e-02;7.625043e-02;6.425267e-02;3.951824e-02;8.975202e-03;1.406380e-01
2.486479e-02;2.633241e-02;1.648190e-01;3.869670e-02;1.089172e-01;2.283006e-01;6.695556e-02;7.285275e-02;5.886157e-02;4.805531e-02;1.141556e-02;1.499286e-01
2.520606e-02;2.652056e-02;1.430213e-01;3.703034e-02;1.149231e-01;2.539640e-01;7.994456e-02;6.171262e-02;5.721660e-02;5.732283e-02;8.398321e-03;1.347397e-01
1.675498e-02;3.568246e-02;1.310056e-01;2.290863e-02;1.145250e-01;3.013861e-01;9.177104e-02;5.099758e-02;4.214600e-02;5.949704e-02;9.066434e-03;1.242591e-01
1.397752e-02;3.973921e-02;1.101961e-01;3.445375e-02;1.297148e-01;3.314552e-01;9.878306e-02;3.875062e-02;3.769153e-02;4.531081e-02;1.372506e-02;1.062023e-01
1.322327e-02;2.548592e-02;1.408739e-01;3.591190e-02;1.460329e-01;3.483357e-01;8.646777e-02;2.817564e-02;4.732734e-02;2.814612e-02;8.876699e-03;9.114283e-02
2.844618e-02;5.736716e-02;1.258553e-01;5.113412e-02;9.902018e-02;3.623364e-01;5.998290e-02;6.997636e-02;4.593626e-02;3.171222e-02;1.603195e-02;5.220101e-02
5.502230e-02;9.246277e-02;8.201803e-02;4.172298e-02;4.376843e-02;3.835940e-01;6.275615e-02;1.121343e-01;3.952418e-02;5.123331e-02;1.820908e-02;1.755449e-02
7.390393e-02;1.089915e-01;5.603386e-02;3.495739e-02;3.509547e-02;3.970671e-01;6.126829e-02;1.231620e-01;2.362085e-02;6.429571e-02;1.066926e-02;1.093463e-02
8.554086e-02;7.511824e-02;3.914075e-02;3.040502e-02;4.114828e-02;4.300718e-01;5.539244e-02;1.280409e-01;1.748726e-02;6.829099e-02;1.249398e-02;1.686946e-02
8.143166e-02;4.938586e-02;2.017683e-02;4.607465e-02;4.968616e-02;4.333779e-01;4.593289e-02;1.359762e-01;2.166948e-02;8.542689e-02;1.227920e-02;1.858228e-02
7.262094e-02;6.724625e-02;1.483803e-02;7.849670e-02;5.595515e-02;4.006772e-01;4.034045e-02;1.262846e-01;1.802705e-02;9.799742e-02;1.187724e-02;1.563892e-02
7.065771e-02;8.836251e-02;1.737463e-02;1.081786e-01;5.861710e-02;3.515800e-01;5.395415e-02;1.127490e-01;1.861299e-02;9.346395e-02;1.603134e-02;1.041809e-02
7.614928e-02;8.843935e-02;1.675765e-02;1.090550e-01;5.581923e-02;3.640287e-01;5.225491e-02;1.129422e-01;1.861188e-02;8.249787e-02;8.389520e-03;1.505442e-02
7.333333e-02;7.257381e-02;1.958637e-02;8.896942e-02;5.412186e-02;3.920496e-01;4.383539e-02;1.273860e-01;2.404758e-02;7.823284e-02;1.023528e-02;1.562849e-02
6.171823e-02;6.159221e-02;2.820263e-02;5.889236e-02;4.983277e-02;4.031337e-01;6.396289e-02;1.476660e-01;3.234036e-02;6.416134e-02;1.059338e-02;1.790420e-02
4.681864e-02;4.945177e-02;3.662826e-02;3.134138e-02;4.544161e-02;4.005624e-01;7.608323e-02;1.697355e-01;5.414214e-02;6.030041e-02;7.916398e-03;2.157816e-02
3.101927e-02;3.448731e-02;3.896239e-02;2.350992e-02;5.006533e-02;3.968244e-01;7.152977e-02;1.998460e-01;7.228341e-02;6.100383e-02;7.027721e-03;1.344071e-02
2.967510e-02;2.547621e-02;2.258881e-02;1.520774e-02;4.751118e-02;4.409429e-01;7.685179e-02;1.997812e-01;6.866895e-02;5.931875e-02;4.847112e-03;9.130275e-03
2.843051e-02;3.149774e-02;1.939543e-02;1.217187e-02;4.001311e-02;4.805490e-01;8.327576e-02;1.603596e-01;5.856853e-02;5.971409e-02;9.045612e-03;1.697869e-02
2.521096e-02;4.135225e-02;3.973720e-02;1.604203e-02;3.176214e-02;5.031662e-01;6.699656e-02;1.200278e-01;5.765888e-02;5.038562e-02;2.237866e-02;2.528165e-02
3.502479e-02;6.043363e-02;7.129711e-02;1.877190e-02;4.795323e-02;3.926294e-01;5.395492e-02;1.474781e-01;8.907371e-02;2.491784e-02;2.282379e-02;3.564162e-02
3.257146e-02;5.859712e-02;8.713686e-02;2.719048e-02;8.572519e-02;3.269000e-01;6.661820e-02;1.279492e-01;1.004947e-01;2.320947e-02;1.412714e-02;4.948015e-02
2.042660e-02;4.794794e-02;7.937212e-02;3.964622e-02;1.291505e-01;2.927162e-01;1.237146e-01;9.070396e-02;9.244051e-02;1.049376e-02;9.164005e-03;6.422362e-02
2.281666e-02;5.105035e-02;6.897481e-02;4.982740e-02;1.310215e-01;2.548000e-01;1.655572e-01;8.880480e-02;7.493477e-02;2.429002e-02;1.033043e-02;5.759215e-02
3.190993e-02;9.020594e-02;9.867698e-02;4.559198e-02;9.698740e-02;2.247742e-01;1.542172e-01;9.491901e-02;6.167093e-02;3.693431e-02;2.140777e-02;4.270435e-02
4.125619e-02;1.179524e-01;1.563938e-01;3.654380e-02;7.638383e-02;1.718645e-01;9.519029e-02;1.328761e-01;6.189468e-02;4.771737e-02;2.878476e-02;3.314233e-02
2.468252e-02;9.783800e-02;1.445551e-01;5.324432e-02;6.969921e-02;2.170959e-01;8.393809e-02;1.497470e-01;5.053669e-02;4.616375e-02;2.501969e-02;3.747969e-02
1.682736e-02;1.131065e-01;9.498346e-02;1.049947e-01;5.188790e-02;2.057988e-01;1.003426e-01;1.487635e-01;3.484312e-02;4.014700e-02;5.853540e-02;2.976969e-02
2.034934e-02;8.050165e-02;4.944991e-02;1.277308e-01;9.153143e-02;2.142607e-01;8.307816e-02;1.857595e-01;2.353347e-02;1.913154e-02;7.860021e-02;2.607337e-02
2.341992e-02;5.362665e-02;4.245129e-02;1.411054e-01;9.855146e-02;2.094197e-01;5.095821e-02;2.307322e-01;2.090871e-02;1.397358e-02;1.001832e-01;1.466979e-02
2.255988e-02;3.953965e-02;3.656293e-02;1.467548e-01;7.213920e-02;1.708997e-01;5.103777e-02;2.716426e-01;2.463150e-02;2.084855e-02;1.291928e-01;1.419064e-02
1.873126e-02;3.730184e-02;5.235611e-02;1.434798e-01;3.720738e-02;1.562240e-01;6.711116e-02;2.914523e-01;1.942076e-02;1.287906e-02;1.563459e-01;7.490456e-03
1.855516e-02;3.622348e-02;5.895059e-02;1.268431e-01;1.269296e-02;1.323254e-01;1.036405e-01;2.780811e-01;3.230060e-02;1.957256e-02;1.670707e-01;1.374379e-02
3.523159e-02;2.991126e-02;8.083230e-02;1.157817e-01;1.515305e-02;1.042374e-01;1.539701e-01;2.341530e-01;3.457275e-02;3.113947e-02;1.484592e-01;1.655803e-02
4.367994e-02;5.265959e-02;1.097407e-01;9.968470e-02;2.053446e-02;1.101756e-01;1.779950e-01;1.599793e-01;3.163477e-02;5.775009e-02;1.202594e-01;1.590646e-02
4.282600e-02;7.679792e-02;1.236882e-01;7.327921e-02;3.478068e-02;1.143103e-01;1.775973e-01;1.511583e-01;3.031356e-02;5.324895e-02;1.017388e-01;2.026073e-02
3.465432e-02;8.264223e-02;1.058921e-01;5.014774e-02;4.460076e-02;1.599327e-01;1.475841e-01;1.671322e-01;4.445416e-02;5.699096e-02;7.725907e-02;2.870958e-02
2.597904e-02;5.930326e-02;6.633049e-02;7.689328e-02;1.694585e-02;2.729860e-01;9.779759e-02;1.704732e-01;7.515465e-02;6.690346e-02;4.767738e-02;2.355581e-02
1.476745e-02;4.866445e-02;4.935791e-02;6.038499e-02;3.921008e-02;3.183077e-01;1.159319e-01;1.778718e-01;5.480178e-02;3.542195e-02;7.189009e-02;1.338989e-02
2.071995e-02;3.078396e-02;6.810793e-02;9.707153e-02;4.538456e-02;3.225106e-01;1.073221e-01;1.601686e-01;2.909314e-02;3.718025e-02;7.217488e-02;9.482500e-03
3.208747e-02;3.473996e-02;5.173478e-02;1.210993e-01;7.027650e-02;3.031692e-01;9.308147e-02;1.648025e-01;3.659058e-02;2.939784e-02;4.749143e-02;1.552891e-02
2.519279e-02;2.934094e-02;6.337072e-02;8.967708e-02;7.003038e-02;3.283999e-01;4.817450e-02;2.212748e-01;4.191686e-02;2.467403e-02;3.668549e-02;2.126255e-02
8.213667e-03;2.552305e-02;5.608959e-02;6.152155e-02;6.240897e-02;3.703312e-01;5.654500e-02;2.253857e-01;3.483180e-02;4.531639e-02;3.848241e-02;1.535064e-02
2.123529e-02;4.965451e-02;3.467721e-02;8.763897e-02;7.964176e-02;3.439272e-01;4.971063e-02;1.841438e-01;3.136105e-02;6.565605e-02;3.907888e-02;1.327461e-02
2.012061e-02;4.186691e-02;4.240298e-02;1.008979e-01;6.822159e-02;3.206202e-01;6.913690e-02;1.572596e-01;2.899942e-02;9.318040e-02;4.239422e-02;1.489925e-02
1.932286e-02;6.077454e-02;8.057451e-02;8.158800e-02;6.011797e-02;2.711952e-01;8.643138e-02;1.355015e-01;4.453981e-02;8.421719e-02;5.867743e-02;1.705960e-02
2.692198e-02;7.053607e-02;5.511877e-02;5.617921e-02;6.633439e-02;2.376103e-01;1.143832e-01;1.740229e-01;7.204770e-02;5.531567e-02;5.237090e-02;1.915903e-02
2.730900e-02;6.577079e-02;5.068340e-02;4.891289e-02;5.087502e-02;2.609176e-01;1.189222e-01;2.100299e-01;7.048886e-02;3.265473e-02;4.760012e-02;1.583542e-02
1.937323e-02;5.736757e-02;7.021969e-02;6.587948e-02;5.343354e-02;2.582950e-01;1.081514e-01;2.003040e-01;7.523728e-02;3.355655e-02;4.108995e-02;1.709233e-02
1.388505e-02;7.130919e-02;1.287461e-01;1.309213e-01;5.288379e-02;1.995535e-01;8.093920e-02;1.566590e-01;6.514125e-02;3.029195e-02;4.931878e-02;2.035094e-02
9.042249e-03;7.040358e-02;2.073074e-01;2.182707e-01;5.510681e-02;1.338234e-01;5.451318e-02;1.142682e-01;3.581258e-02;3.088922e-02;5.495887e-02;1.560375e-02
9.634579e-03;7.444560e-02;2.245635e-01;2.119458e-01;7.621135e-02;1.296431e-01;3.909336e-02;7.595760e-02;4.656599e-02;4.259429e-02;5.407037e-02;1.527451e-02
9.028428e-03;8.009384e-02;2.372991e-01;1.485178e-01;9.448548e-02;1.086859e-01;5.821987e-02;7.715074e-02;5.746247e-02;5.830846e-02;5.426004e-02;1.648790e-02
4.696222e-03;7.954616e-02;2.413126e-01;1.212376e-01;1.053177e-01;1.277595e-01;6.274202e-02;8.594207e-02;4.081483e-02;5.816409e-02;5.578144e-02;1.668564e-02
5.492849e-03;6.668877e-02;1.948537e-01;1.430886e-01;1.120998e-01;1.344615e-01;7.972883e-02;1.223737e-01;3.536333e-02;3.935413e-02;5.250024e-02;1.399453e-02
5.169660e-03;6.076705e-02;1.771772e-01;1.583890e-01;9.970024e-02;1.107786e-01;9.982668e-02;1.538194e-01;4.041379e-02;2.493895e-02;5.103748e-02;1.798199e-02
9.664607e-03;5.718134e-02;1.599611e-01;1.402786e-01;7.293481e-02;1.191275e-01;1.249935e-01;1.848595e-01;2.705129e-02;2.310853e-02;5.480036e-02;2.603878e-02
2.304818e-02;7.047649e-02;1.512808e-01;1.283802e-01;5.583088e-02;7.962071e-02;1.353405e-01;2.254784e-01;1.779355e-02;2.410827e-02;5.723514e-02;3.140692e-02
2.282447e-02;5.990122e-02;1.763739e-01;1.188203e-01;6.880722e-02;1.105259e-01;1.251131e-01;1.812347e-01;2.032815e-02;1.994704e-02;6.680188e-02;2.932213e-02
4.128197e-02;5.614255e-02;1.730202e-01;1.162289e-01;6.834800e-02;1.280405e-01;1.082636e-01;1.395314e-01;3.377686e-02;2.567292e-02;7.136690e-02;3.832610e-02
7.187160e-02;8.492454e-02;1.606402e-01;8.815747e-02;4.982095e-02;1.199033e-01;1.010876e-01;1.277432e-01;6.085328e-02;4.007135e-02;5.811179e-02;3.681465e-02
8.228417e-02;1.067205e-01;1.327922e-01;5.585857e-02;4.049598e-02;1.532453e-01;8.331322e-02;1.442761e-01;8.558118e-02;4.255616e-02;3.493647e-02;3.794011e-02
7.240182e-02;9.626709e-02;1.115363e-01;3.913146e-02;5.322571e-02;2.108784e-01;7.306867e-02;1.594133e-01;8.713324e-02;4.106453e-02;1.146886e-02;4.441066e-02
6.027768e-02;6.508085e-02;1.308574e-01;7.271508e-02;7.542619e-02;1.998102e-01;7.146215e-02;1.263935e-01;4.522536e-02;5.248081e-02;4.405365e-02;5.621708e-02
6.176791e-02;8.780716e-02;1.580426e-01;1.013043e-01;6.689905e-02;2.446374e-01;6.199351e-02;8.795784e-02;2.294231e-02;3.197878e-02;4.208902e-02;3.258023e-02
6.307160e-02;9.236227e-02;1.924331e-01;1.056012e-01;5.099040e-02;2.055452e-01;7.430245e-02;8.713196e-02;2.846302e-02;2.119358e-02;3.847749e-02;4.042770e-02
7.284886e-02;8.490226e-02;2.009697e-01;1.131923e-01;7.476503e-02;1.329348e-01;7.397735e-02;7.657527e-02;3.260549e-02;2.844393e-02;3.819619e-02;7.058882e-02
7.436626e-02;7.219139e-02;1.845214e-01;1.176484e-01;8.124856e-02;1.053349e-01;8.913494e-02;6.704644e-02;4.308664e-02;4.169248e-02;3.421142e-02;8.951718e-02
1.190469e-01;6.916960e-02;1.587919e-01;8.261544e-02;8.123235e-02;9.244011e-02;9.269350e-02;5.385514e-02;5.767656e-02;8.555441e-02;3.861609e-02;6.830796e-02
1.111050e-01;9.410360e-02;1.406417e-01;5.893859e-02;6.482193e-02;8.533112e-02;9.997129e-02;6.504590e-02;6.796416e-02;1.064835e-01;6.457741e-02;4.101586e-02
1.140627e-01;7.101285e-02;1.047411e-01;5.843823e-02;7.084264e-02;9.283222e-02;8.679820e-02;7.453275e-02;5.495832e-02;8.061419e-02;1.029126e-01;8.825411e-02
1.066145e-01;5.706559e-02;8.071340e-02;5.589316e-02;7.213119e-02;8.831266e-02;1.143824e-01;6.045261e-02;4.730969e-02;7.772259e-02;1.043732e-01;1.350290e-01
1.148002e-01;6.783654e-02;5.809804e-02;5.184991e-02;7.658698e-02;1.321725e-01;1.100371e-01;6.007090e-02;4.611873e-02;5.123153e-02;8.607730e-02;1.451202e-01
1.356366e-01;7.885954e-02;5.626261e-02;6.038474e-02;7.057154e-02;1.316915e-01;6.577955e-02;7.604839e-02;5.741148e-02;4.637334e-02;4.284500e-02;1.781357e-01
1.486536e-01;6.629689e-02;5.909192e-02;6.862435e-02;4.535635e-02;7.615438e-02;7.694586e-02;8.321939e-02;6.965131e-02;8.497252e-02;4.353403e-02;1.774994e-01
1.405067e-01;4.380052e-02;5.895783e-02;7.732232e-02;5.029896e-02;7.762900e-02;1.069288e-01;1.275710e-01;6.184216e-02;6.496127e-02;6.109694e-02;1.290845e-01
1.234876e-01;4.680288e-02;7.502721e-02;8.738267e-02;9.092384e-02;9.359977e-02;1.436159e-01;1.120910e-01;4.562506e-02;4.663179e-02;4.990723e-02;8.490507e-02
1.212584e-01;7.847118e-02;7.257216e-02;9.471698e-02;8.391368e-02;9.476800e-02;1.565551e-01;7.864561e-02;4.093641e-02;4.719564e-02;4.071433e-02;9.025251e-02
1.273295e-01;7.119340e-02;5.374463e-02;1.011686e-01;3.277551e-02;1.319526e-01;1.195038e-01;8.948669e-02;4.553015e-02;5.586121e-02;5.131048e-02;1.201434e-01
1.025233e-01;6.069295e-02;8.677987e-02;9.033886e-02;4.034764e-02;1.465341e-01;8.124261e-02;1.245296e-01;5.833602e-02;6.089625e-02;3.689042e-02;1.108883e-01
