9.829179e-02;5.375519e-02;1.364786e-01;9.202546e-02;7.649273e-02;6.607063e-02;1.172846e-01;6.393353e-02;5.543612e-02;6.328522e-02;7.725509e-02;9.969109e-02
6.863435e-02;7.278823e-02;1.594247e-01;8.419862e-02;8.764050e-02;7.864249e-02;1.027905e-01;6.775139e-02;4.916128e-02;7.359635e-02;8.310819e-02;7.226343e-02
6.038929e-02;8.800168e-02;1.511731e-01;8.318296e-02;9.386024e-02;7.024334e-02;1.061574e-01;8.759235e-02;6.772438e-02;9.011327e-02;4.785031e-02;5.371167e-02
7.160819e-02;8.270061e-02;1.557356e-01;1.030413e-01;8.691500e-02;5.556995e-02;1.161525e-01;6.922561e-02;7.826134e-02;7.836541e-02;4.195960e-02;6.046492e-02
6.645172e-02;8.314177e-02;1.496690e-01;1.370143e-01;9.595165e-02;4.504421e-02;9.127640e-02;9.508833e-02;5.227945e-02;8.445401e-02;3.787974e-02;6.174948e-02
5.737245e-02;7.591740e-02;1.121007e-01;1.156614e-01;8.484703e-02;4.310372e-02;1.089468e-01;1.223292e-01;7.580560e-02;1.203140e-01;4.603666e-02;3.756506e-02
5.980397e-02;1.225603e-01;9.779052e-02;1.025406e-01;9.847666e-02;3.428786e-02;1.000157e-01;6.747977e-02;9.699386e-02;5.849360e-02;6.914589e-02;9.241132e-02
8.810104e-02;1.426283e-01;8.728368e-02;1.214318e-01;9.982892e-02;3.385918e-02;7.040659e-02;3.823583e-02;9.026926e-02;4.683545e-02;8.769663e-02;9.342328e-02
1.086206e-01;1.327904e-01;1.162800e-01;1.049679e-01;1.038647e-01;3.353309e-02;5.354935e-02;4.071478e-02;6.867746e-02;6.821508e-02;9.317021e-02;7.561642e-02
1.634575e-01;1.304063e-01;1.600825e-01;3.337224e-02;9.290962e-02;3.540615e-02;4.469829e-02;6.734685e-02;5.130864e-02;7.589831e-02;7.666673e-02;6.844682e-02
2.340722e-01;1.193930e-01;1.201290e-01;4.931806e-02;7.188801e-02;1.976524e-02;5.224242e-02;8.735105e-02;7.419426e-02;5.508209e-02;5.738212e-02;5.918248e-02
3.252967e-01;8.628639e-02;9.901505e-02;2.989209e-02;5.629481e-02;1.951358e-02;8.884746e-02;1.194398e-01;4.005777e-02;3.299215e-02;3.760738e-02;6.475686e-02
2.443151e-01;7.900771e-02;1.039852e-01;3.849253e-02;4.379820e-02;2.817645e-02;1.069305e-01;1.125970e-01;5.434630e-02;5.225691e-02;4.375438e-02;9.233982e-02
1.191867e-01;6.998271e-02;9.902035e-02;3.722568e-02;1.329022e-01;4.237885e-02;9.761412e-02;1.029984e-01;8.226923e-02;8.459802e-02;6.248681e-02;6.933697e-02
1.421046e-01;9.059221e-02;9.141689e-02;2.701016e-02;1.138329e-01;5.763461e-02;7.678737e-02;1.419770e-01;7.426441e-02;8.820203e-02;4.099716e-02;5.518061e-02
1.228259e-01;9.053513e-02;8.728776e-02;4.614951e-02;4.787497e-02;6.349160e-02;8.095291e-02;1.674014e-01;6.940285e-02;9.126448e-02;6.319147e-02;6.962200e-02
1.014244e-01;6.179074e-02;7.694247e-02;5.382869e-02;8.460273e-02;5.874281e-02;6.716443e-02;1.249211e-01;9.047254e-02;1.060515e-01;8.472941e-02;8.932916e-02
1.148812e-01;5.856723e-02;8.631639e-02;2.308208e-02;1.283808e-01;6.234722e-02;6.686036e-02;1.190241e-01;1.082192e-01;1.014455e-01;7.657834e-02;5.429754e-02
1.460068e-01;5.410323e-02;6.343136e-02;2.610411e-02;1.106661e-01;5.204129e-02;6.569309e-02;9.806795e-02;1.301093e-01;1.546614e-01;5.445091e-02;4.466441e-02
1.193230e-01;5.457893e-02;7.028200e-02;2.303678e-02;8.640748e-02;2.609981e-02;1.085184e-01;7.519523e-02;1.420774e-01;2.011124e-01;3.933233e-02;5.403620e-02
7.059879e-02;4.986288e-02;1.160442e-01;3.847253e-02;6.301712e-02;3.521102e-02;1.654875e-01;9.993092e-02;1.335646e-01;1.307806e-01;5.546722e-02;4.156260e-02
4.907479e-02;5.270980e-02;1.590059e-01;5.328612e-02;8.822621e-02;5.206063e-02;1.654307e-01;7.060375e-02;6.816991e-02;7.601393e-02;8.960823e-02;7.580998e-02
5.928308e-02;3.979233e-02;1.428942e-01;7.664479e-02;1.471061e-01;7.240634e-02;8.537847e-02;3.431906e-02;2.807881e-02;5.539718e-02;9.476066e-02;1.639391e-01
1.426573e-01;2.354870e-02;7.977249e-02;4.574057e-02;1.608074e-01;1.271282e-01;1.269411e-01;2.251037e-02;2.531612e-02;2.935799e-02;4.271361e-02;1.735062e-01
2.446199e-01;3.092036e-02;3.567187e-02;1.342526e-02;1.072444e-01;2.174069e-01;1.697101e-01;1.647830e-02;1.761942e-02;3.986996e-02;8.763733e-03;9.826979e-02
2.309570e-01;4.211740e-02;1.626238e-02;1.052377e-02;5.818050e-02;2.521473e-01;2.564252e-01;1.408793e-02;1.282703e-02;6.359957e-02;8.400266e-03;3.447160e-02
1.442537e-01;4.320426e-02;1.320224e-02;1.250571e-02;4.238945e-02;2.267729e-01;4.121338e-01;1.242456e-02;1.363737e-02;5.525492e-02;8.058523e-03;1.616261e-02
7.203079e-02;6.051169e-02;7.997361e-03;8.389290e-03;1.879176e-02;1.582699e-01;5.962939e-01;2.961713e-02;1.067716e-02;2.267527e-02;5.458129e-03;9.287717e-03
3.820890e-02;7.027670e-02;9.596880e-03;4.970992e-03;9.263756e-03;1.216995e-01;6.691469e-01;3.760881e-02;1.391201e-02;1.128408e-02;1.101949e-02;3.011946e-03
2.064176e-02;9.027311e-02;6.083716e-03;4.219544e-03;1.100791e-02;1.100787e-01;6.607058e-01;1.576441e-02;2.825389e-02;1.120124e-02;3.491862e-02;6.851361e-03
1.608600e-02;1.039220e-01;9.744901e-03;1.976900e-03;1.144814e-02;6.923612e-02;5.955066e-01;5.106960e-02;4.786637e-02;9.008429e-03;6.976753e-02;1.436739e-02
8.339493e-03;7.930012e-02;3.224760e-02;5.094895e-03;1.179753e-02;3.848858e-02;5.264035e-01;1.305046e-01;4.993214e-02;1.178531e-02;6.195706e-02;4.414910e-02
1.529995e-02;4.151604e-02;6.166346e-02;1.575437e-02;1.119944e-02;2.539313e-02;4.292204e-01;1.991204e-01;6.274104e-02;2.480568e-02;3.188990e-02;8.139626e-02
2.737046e-02;2.292482e-02;6.943347e-02;2.857408e-02;1.495037e-02;3.617485e-02;3.615662e-01;1.853766e-01;9.466335e-02;3.758460e-02;2.833644e-02;9.304465e-02
2.989643e-02;2.755694e-02;4.783437e-02;2.667665e-02;3.946755e-02;5.491209e-02;3.612210e-01;1.099201e-01;1.234198e-01;4.865604e-02;6.425112e-02;6.618786e-02
2.672840e-02;3.722523e-02;5.282889e-02;3.928457e-02;5.645900e-02;6.392037e-02;3.898397e-01;1.114772e-01;1.047714e-01;3.771252e-02;5.999934e-02;1.975326e-02
2.787981e-02;5.165383e-02;5.358201e-02;4.483516e-02;6.888591e-02;7.518801e-02;3.666968e-01;1.085377e-01;7.271789e-02;3.009829e-02;6.718626e-02;3.273835e-02
2.999221e-02;4.535582e-02;4.240737e-02;2.482897e-02;6.593527e-02;5.887871e-02;3.674585e-01;1.551730e-01;5.140503e-02;3.039660e-02;6.023849e-02;6.793004e-02
2.724919e-02;3.341545e-02;4.793039e-02;2.412802e-02;6.991228e-02;4.866383e-02;3.683827e-01;1.791693e-01;5.011189e-02;4.180318e-02;4.026968e-02;6.896406e-02
3.609145e-02;3.016426e-02;4.546707e-02;4.104706e-02;6.521262e-02;7.178899e-02;3.601036e-01;1.171743e-01;7.237334e-02;3.714563e-02;4.278136e-02;8.065037e-02
4.814369e-02;7.115095e-02;6.217571e-02;3.379831e-02;5.778895e-02;7.496002e-02;2.720230e-01;9.785378e-02;7.787445e-02;4.038684e-02;7.268375e-02;9.116055e-02
3.461405e-02;8.225738e-02;5.177495e-02;5.415627e-02;5.650954e-02;8.243567e-02;2.137176e-01;1.259462e-01;1.015391e-01;4.242697e-02;8.616343e-02;6.845879e-02
2.728389e-02;4.212162e-02;5.702910e-02;8.091517e-02;6.105352e-02;7.380468e-02;1.598999e-01;1.507567e-01;9.829281e-02;5.624501e-02;9.478665e-02;9.781086e-02
3.810527e-02;3.268212e-02;5.380470e-02;8.046895e-02;6.742015e-02;6.229626e-02;1.889621e-01;1.070198e-01;1.028103e-01;9.494764e-02;9.660126e-02;7.488143e-02
4.325588e-02;3.618639e-02;4.300002e-02;5.153257e-02;7.596738e-02;6.533999e-02;2.518314e-01;7.617485e-02;8.563860e-02;1.088994e-01;1.121682e-01;5.000526e-02
3.577851e-02;3.053209e-02;4.531528e-02;3.693226e-02;6.818837e-02;7.573121e-02;2.495336e-01;1.193348e-01;7.709682e-02;1.006338e-01;1.139416e-01;4.698158e-02
4.848573e-02;6.668894e-02;1.131253e-01;5.448054e-02;5.367928e-02;5.958898e-02;2.208979e-01;1.438140e-01;6.500344e-02;6.528728e-02;7.903710e-02;2.991158e-02
4.687302e-02;6.529671e-02;1.164706e-01;7.416189e-02;7.738159e-02;7.878299e-02;1.880419e-01;1.206557e-01;6.960688e-02;7.853704e-02;5.251923e-02;3.167246e-02
4.015901e-02;5.085262e-02;1.087271e-01;6.444624e-02;7.096914e-02;7.971837e-02;1.844427e-01;9.550883e-02;7.241503e-02;9.800106e-02;7.797508e-02;5.678492e-02
4.196972e-02;5.375595e-02;8.982519e-02;4.619482e-02;5.661938e-02;5.626262e-02;2.013451e-01;1.364490e-01;6.964234e-02;8.212488e-02;1.150334e-01;5.077757e-02
6.163506e-02;5.660405e-02;7.836413e-02;6.121280e-02;5.367041e-02;6.266132e-02;2.176796e-01;1.247853e-01;7.720955e-02;7.449390e-02;9.510805e-02;3.657580e-02
5.770603e-02;7.329177e-02;1.336659e-01;7.372759e-02;5.836509e-02;5.303622e-02;1.774488e-01;1.000228e-01;5.651188e-02;9.465159e-02;6.026995e-02;6.130234e-02
5.296699e-02;7.641365e-02;1.071255e-01;4.786215e-02;3.410750e-02;4.994031e-02;1.506188e-01;1.442968e-01;1.859506e-01;1.035612e-01;3.162304e-02;1.553350e-02
5.024247e-02;1.088898e-01;1.247744e-01;3.049315e-02;2.370544e-02;2.109871e-02;1.894907e-01;1.722320e-01;1.757895e-01;7.351258e-02;1.572830e-02;1.404293e-02
9.979514e-02;1.449592e-01;1.149775e-01;2.646900e-02;2.775848e-02;3.289423e-02;1.992506e-01;1.485656e-01;1.241649e-01;4.549848e-02;1.076478e-02;2.490206e-02
1.954083e-01;1.488305e-01;7.963885e-02;1.864434e-02;4.463188e-02;6.180365e-02;1.727052e-01;9.084035e-02;7.065442e-02;2.699395e-02;1.487610e-02;7.497257e-02
2.254664e-01;7.980265e-02;5.105662e-02;1.661129e-02;9.167737e-02;7.123215e-02;1.057159e-01;3.330987e-02;5.017738e-02;2.672031e-02;3.536399e-02;2.128660e-01
9.664702e-02;3.509469e-02;7.036319e-02;3.206509e-02;1.205514e-01;5.830160e-02;8.001266e-02;1.654806e-02;7.149605e-02;3.733612e-02;7.619091e-02;3.053932e-01
1.010927e-01;5.088152e-02;1.009389e-01;3.891069e-02;9.260225e-02;6.108262e-02;7.136790e-02;2.186472e-02;7.862165e-02;4.476463e-02;9.160072e-02;2.462716e-01
1.010286e-01;7.384427e-02;1.738261e-01;4.410220e-02;8.019594e-02;7.397441e-02;6.186339e-02;2.753613e-02;7.190435e-02;5.080125e-02;7.565593e-02;1.652675e-01
1.088348e-01;5.518542e-02;1.524380e-01;3.541398e-02;1.187774e-01;6.520016e-02;7.505136e-02;4.202350e-02;5.119297e-02;4.630557e-02;6.497331e-02;1.846035e-01
7.843032e-02;4.326388e-02;1.265628e-01;3.127526e-02;1.285878e-01;8.439694e-02;5.826709e-02;4.369190e-02;8.148248e-02;4.623628e-02;4.796343e-02;2.298417e-01
1.192440e-01;6.408482e-02;1.108078e-01;2.625028e-02;8.230136e-02;8.324322e-02;7.648464e-02;4.162626e-02;1.619819e-01;4.058791e-02;5.970339e-02;1.336845e-01
9.532540e-02;7.504129e-02;1.104051e-01;3.074591e-02;7.185792e-02;5.216363e-02;1.107166e-01;5.912919e-02;1.468580e-01;2.867718e-02;5.470133e-02;1.643784e-01
1.191473e-01;7.310706e-02;9.760411e-02;2.448214e-02;1.195057e-01;3.370938e-02;1.297289e-01;7.092974e-02;1.366909e-01;3.259575e-02;2.193660e-02;1.405623e-01
1.445641e-01;8.639194e-02;1.059476e-01;1.896005e-02;1.537833e-01;3.806610e-02;8.811903e-02;5.537353e-02;9.749326e-02;3.300416e-02;6.166141e-02;1.166354e-01
1.278022e-01;7.610896e-02;1.132843e-01;2.963359e-02;1.179538e-01;5.110803e-02;5.659248e-02;3.787212e-02;8.702256e-02;2.008801e-02;8.268692e-02;1.998469e-01
6.079926e-02;4.799363e-02;9.934966e-02;5.689156e-02;7.589379e-02;5.873989e-02;1.058731e-01;6.266876e-02;1.262271e-01;7.296064e-02;1.127488e-01;1.198538e-01
4.811577e-02;5.031848e-02;5.446517e-02;8.840685e-02;4.646192e-02;3.982826e-02;8.347752e-02;7.620071e-02;7.278669e-02;7.397543e-02;1.862479e-01;1.797154e-01
4.372473e-02;5.815067e-02;3.641385e-02;1.391732e-01;3.081079e-02;3.506628e-02;5.162693e-02;8.355664e-02;4.395511e-02;4.331084e-02;2.412036e-01;1.930074e-01
3.127160e-02;7.247222e-02;4.128313e-02;1.942483e-01;1.455719e-02;3.707192e-02;2.662446e-02;7.705355e-02;2.643476e-02;3.468374e-02;2.895421e-01;1.547570e-01
2.878025e-02;7.524600e-02;8.234524e-02;2.383154e-01;7.103922e-03;3.180497e-02;1.625154e-02;5.710729e-02;4.655527e-02;5.749338e-02;2.812454e-01;7.775144e-02
6.175779e-02;5.315279e-02;1.750076e-01;2.168584e-01;1.076020e-02;1.919088e-02;3.813168e-02;3.055649e-02;1.019112e-01;1.228133e-01;1.578099e-01;1.204971e-02
8.438821e-02;3.157605e-02;2.237703e-01;1.080850e-01;1.350540e-02;1.099747e-02;6.673069e-02;2.554722e-02;1.321270e-01;1.899650e-01;8.868949e-02;2.461816e-02
8.465248e-02;3.845531e-02;2.015117e-01;6.967172e-02;1.895621e-02;1.840071e-02;8.580990e-02;4.291531e-02;1.596902e-01;1.981167e-01;5.083894e-02;3.098084e-02
7.701433e-02;4.934587e-02;1.615182e-01;8.983403e-02;2.856459e-02;3.092207e-02;1.005914e-01;6.732906e-02;1.635093e-01;1.422231e-01;5.014577e-02;3.900225e-02
8.998176e-02;2.339081e-02;1.885554e-01;6.754251e-02;2.874343e-02;2.694792e-02;8.992004e-02;3.724442e-02;7.237511e-02;2.139452e-01;1.351299e-01;2.622349e-02
8.706619e-02;1.296188e-02;1.998914e-01;4.328771e-02;1.537254e-02;1.420014e-02;9.300105e-02;1.982875e-02;7.250506e-02;2.505437e-01;1.750757e-01;1.626587e-02
6.448735e-02;1.163490e-02;2.716765e-01;1.949195e-02;2.406298e-02;6.895210e-03;1.088180e-01;5.184441e-03;3.433845e-02;3.147680e-01;1.260379e-01;1.260446e-02
3.915901e-02;1.265072e-02;3.300287e-01;1.752024e-02;3.176853e-02;7.975152e-03;1.171355e-01;5.322809e-03;1.084018e-02;3.550821e-01;6.356044e-02;8.956590e-03
4.144439e-02;9.931017e-03;3.482879e-01;2.532258e-02;2.947162e-02;6.918567e-03;1.206950e-01;6.433720e-03;1.808949e-02;3.635853e-01;2.681923e-02;3.001222e-03
5.122090e-02;8.592858e-03;3.369389e-01;3.150872e-02;2.231090e-02;6.527291e-03;1.111387e-01;8.362418e-03;1.728169e-02;3.779131e-01;2.028399e-02;7.920602e-03
3.692993e-02;2.015892e-02;2.940204e-01;4.699666e-02;2.280637e-02;1.718578e-02;7.905027e-02;1.751048e-02;3.853215e-02;3.235469e-01;8.320980e-02;2.005233e-02
2.561556e-02;4.112982e-02;3.376974e-01;6.334670e-02;3.097965e-02;2.473440e-02;5.478787e-02;2.597722e-02;5.417582e-02;2.102811e-01;1.125955e-01;1.867904e-02
5.670613e-02;7.172578e-02;3.873094e-01;5.787355e-02;4.505318e-02;2.667234e-02;8.391264e-02;3.435102e-02;5.040610e-02;7.643204e-02;8.685828e-02;2.269952e-02
5.928115e-02;7.541875e-02;2.978438e-01;5.435611e-02;5.497177e-02;2.613297e-02;1.222342e-01;3.139473e-02;3.245066e-02;1.172327e-01;1.012445e-01;2.743874e-02
5.093909e-02;5.746915e-02;2.151251e-01;6.410717e-02;6.381413e-02;3.152274e-02;1.274937e-01;1.994481e-02;4.320129e-02;2.109809e-01;9.225775e-02;2.314413e-02
7.284673e-02;4.304289e-02;2.244822e-01;5.661827e-02;6.051791e-02;3.091978e-02;1.106133e-01;3.495725e-02;6.408238e-02;2.258174e-01;6.230656e-02;1.379539e-02
5.391610e-02;4.073784e-02;2.224660e-01;5.996906e-02;5.986150e-02;4.496287e-02;9.778163e-02;4.177005e-02;6.478845e-02;2.254586e-01;7.558846e-02;1.269942e-02
6.739014e-02;4.674646e-02;2.377102e-01;6.311322e-02;5.987806e-02;3.820175e-02;8.749744e-02;3.018453e-02;5.326339e-02;2.237517e-01;8.043917e-02;1.182388e-02
7.634655e-02;4.864426e-02;2.665438e-01;4.720291e-02;4.198810e-02;3.472840e-02;5.854908e-02;3.810347e-02;4.366453e-02;2.332741e-01;9.322458e-02;1.773028e-02
5.201709e-02;3.853510e-02;2.528004e-01;4.866667e-02;3.629468e-02;3.807785e-02;6.183866e-02;4.977770e-02;7.781403e-02;2.518637e-01;6.105036e-02;3.126373e-02
7.689501e-02;3.833741e-02;2.094099e-01;4.316838e-02;4.625073e-02;4.616673e-02;9.170354e-02;5.968320e-02;7.156374e-02;2.387135e-01;4.316414e-02;3.494366e-02
8.267443e-02;4.234691e-02;2.030409e-01;4.042388e-02;3.492902e-02;6.142988e-02;1.009108e-01;6.738564e-02;6.368065e-02;1.703393e-01;9.045603e-02;4.238260e-02
7.658230e-02;3.789594e-02;1.851751e-01;5.844711e-02;2.829900e-02;8.452266e-02;1.080483e-01;6.501619e-02;5.460321e-02;1.563569e-01;1.016696e-01;4.338378e-02
8.662369e-02;5.551043e-02;1.608029e-01;6.850665e-02;2.182270e-02;8.829325e-02;1.174910e-01;6.378406e-02;5.763154e-02;1.970538e-01;5.212656e-02;3.035336e-02
9.230129e-02;6.571241e-02;1.580264e-01;5.682926e-02;4.008276e-02;5.838650e-02;8.179495e-02;5.168591e-02;5.939185e-02;2.598426e-01;3.735049e-02;3.859563e-02
7.989315e-02;4.681578e-02;1.580418e-01;6.345328e-02;4.377786e-02;7.257356e-02;8.439351e-02;4.172096e-02;7.500137e-02;2.384734e-01;6.361967e-02;3.223575e-02
6.006917e-02;3.604062e-02;1.526599e-01;6.823306e-02;5.845157e-02;7.105009e-02;8.908036e-02;6.363981e-02;8.743899e-02;1.920414e-01;7.836375e-02;4.293137e-02
8.047348e-02;4.135842e-02;1.314768e-01;4.793471e-02;6.055280e-02;8.243040e-02;1.424492e-01;8.856554e-02;1.200242e-01;1.100903e-01;6.000691e-02;3.463722e-02
8.053186e-02;3.676108e-02;8.909508e-02;2.306539e-02;4.105544e-02;4.154766e-02;2.787638e-01;1.129404e-01;1.403928e-01;1.051095e-01;3.407888e-02;1.665816e-02
6.622461e-02;4.050010e-02;4.985816e-02;2.487404e-02;3.120990e-02;2.950253e-02;3.154808e-01;1.050157e-01;1.781629e-01;1.180587e-01;3.147706e-02;9.635516e-03
4.525739e-02;3.379060e-02;3.668412e-02;2.947774e-02;1.673457e-02;1.794197e-02;2.768370e-01;8.961780e-02;2.902701e-01;1.288597e-01;2.415762e-02;1.037134e-02
2.612866e-02;1.369433e-02;2.031742e-02;3.296756e-02;7.797110e-03;7.381441e-03;1.655905e-01;7.042803e-02;5.164860e-01;1.154322e-01;1.875484e-02;5.022047e-03
1.805949e-02;3.551398e-03;6.787972e-03;3.257282e-02;5.028547e-03;3.564424e-03;1.043686e-01;4.691294e-02;6.749994e-01;9.089580e-02;1.046999e-02;2.788645e-03
2.031783e-02;3.462267e-03;4.915435e-03;3.074314e-02;4.998954e-03;3.360399e-03;9.983338e-02;2.834919e-02;7.053847e-01;8.825430e-02;7.845901e-03;2.534488e-03
2.218279e-02;3.656907e-03;8.848969e-03;2.531295e-02;6.239815e-03;4.004601e-03;1.310554e-01;2.277156e-02;5.957329e-01;1.544983e-01;2.203402e-02;3.661844e-03
2.515671e-02;6.726807e-03;1.322320e-02;9.707953e-03;2.570850e-02;5.411048e-03;1.245799e-01;2.052617e-02;2.595977e-01;4.601737e-01;4.617274e-02;3.015530e-03
1.833741e-02;1.788871e-02;7.202360e-03;5.399977e-03;3.501301e-02;4.723521e-03;4.001603e-02;5.858673e-02;6.893151e-02;6.816972e-01;5.910860e-02;3.094890e-03
8.572750e-03;2.519871e-02;5.791619e-03;4.121411e-03;2.743383e-02;8.073153e-03;3.043234e-02;1.135162e-01;5.891657e-02;6.255680e-01;8.818186e-02;4.193511e-03
1.518408e-02;2.590843e-02;1.506431e-02;4.305388e-03;1.798341e-02;3.518736e-02;3.176289e-02;1.475792e-01;6.740967e-02;4.446009e-01;1.736064e-01;2.140803e-02
1.596193e-02;1.428766e-02;2.628145e-02;6.190438e-03;1.675355e-02;8.304982e-02;2.325030e-02;8.036209e-02;1.762568e-01;2.750280e-01;2.350979e-01;4.747997e-02
3.306634e-02;1.122393e-02;2.656019e-02;4.948927e-03;1.273473e-02;6.728200e-02;1.769077e-02;2.938775e-02;4.780988e-01;7.951149e-02;1.677740e-01;7.172100e-02
5.877208e-02;8.390521e-03;1.472948e-02;1.120934e-02;5.370384e-03;2.313395e-02;5.957738e-02;1.593280e-02;5.565292e-01;3.610504e-02;9.335921e-02;1.168906e-01
1.151379e-01;1.252284e-02;1.595775e-02;3.016350e-02;6.009242e-03;1.471106e-02;1.345073e-01;2.098148e-02;3.440556e-01;6.547782e-02;5.809860e-02;1.823770e-01
1.723002e-01;3.072266e-02;4.006264e-02;5.285808e-02;1.239559e-02;2.501973e-02;1.849705e-01;2.130077e-02;1.136902e-01;1.147693e-01;3.462772e-02;1.972826e-01
1.660406e-01;4.672961e-02;5.746704e-02;5.499277e-02;2.292372e-02;3.490956e-02;1.821705e-01;2.969808e-02;6.517392e-02;1.209342e-01;6.875697e-02;1.502031e-01
1.088652e-01;5.469025e-02;4.891628e-02;5.316762e-02;3.461421e-02;4.534274e-02;1.863347e-01;6.072412e-02;1.202160e-01;1.231705e-01;6.344751e-02;1.005107e-01
9.726241e-02;7.563540e-02;8.408483e-02;4.856343e-02;3.486146e-02;5.769325e-02;1.298888e-01;5.431166e-02;9.418772e-02;1.389413e-01;1.012610e-01;8.330884e-02
9.100910e-02;4.542094e-02;9.581806e-02;3.589005e-02;3.128963e-02;7.585602e-02;1.072261e-01;3.840434e-02;8.204938e-02;8.829348e-02;2.109201e-01;9.782285e-02
4.673891e-02;3.148969e-02;8.982627e-02;2.564895e-02;1.893780e-02;1.029914e-01;9.595111e-02;2.609441e-02;1.018245e-01;6.193341e-02;2.849860e-01;1.135775e-01
2.499687e-01;8.548065e-02;8.240219e-02;2.324383e-02;1.035935e-02;6.444943e-02;6.017972e-02;1.731491e-02;6.149051e-02;5.443775e-02;1.522011e-01;1.384719e-01
3.907970e-01;1.175247e-01;7.386018e-02;2.427676e-02;1.135796e-02;3.068964e-02;5.326701e-02;1.549671e-02;2.269731e-02;6.826688e-02;5.533617e-02;1.364296e-01
4.457299e-01;1.105324e-01;4.813769e-02;3.347452e-02;1.054954e-02;1.768265e-02;4.053103e-02;1.815408e-02;1.281611e-02;9.753381e-02;2.396098e-02;1.408973e-01
3.850980e-01;7.400794e-02;2.390047e-02;4.429921e-02;1.347915e-02;1.639939e-02;4.001020e-02;2.181485e-02;1.489248e-02;1.585842e-01;1.232469e-02;1.951895e-01
2.466416e-01;6.135861e-02;8.943259e-03;6.338409e-02;2.460658e-02;1.552789e-02;6.083384e-02;2.093133e-02;1.042178e-02;2.472100e-01;9.983989e-03;2.301570e-01
1.541770e-01;2.221735e-02;1.056871e-02;1.252781e-01;1.801148e-02;1.953897e-02;9.967508e-02;1.611151e-02;9.170708e-03;2.504151e-01;7.505695e-03;2.673303e-01
1.106877e-01;1.452775e-02;1.115636e-02;1.413972e-01;6.083606e-03;1.286401e-02;1.975271e-01;1.244597e-02;1.050120e-02;1.562926e-01;1.052714e-02;3.159894e-01
8.709511e-02;1.147331e-02;7.010002e-03;1.064463e-01;5.408578e-03;1.314711e-02;2.777533e-01;1.949738e-02;1.439132e-02;1.105509e-01;1.984583e-02;3.273809e-01
6.993926e-02;8.044545e-03;3.884793e-03;7.327789e-02;6.217948e-03;1.121437e-02;3.208635e-01;2.477827e-02;1.622155e-02;1.077586e-01;2.211953e-02;3.356798e-01
7.231270e-02;1.304922e-02;5.840265e-03;5.664215e-02;4.176462e-03;1.092771e-02;3.314565e-01;3.504076e-02;2.254009e-02;6.780167e-02;3.073872e-02;3.494737e-01
1.000548e-01;1.678667e-02;9.828896e-03;2.376424e-02;6.749279e-03;1.556072e-02;2.401912e-01;4.729516e-02;7.130937e-02;6.212941e-02;4.590848e-02;3.604218e-01
1.059046e-01;1.633025e-02;1.000189e-02;1.028769e-02;8.092626e-03;1.222429e-02;1.613138e-01;3.610892e-02;1.305532e-01;7.024671e-02;8.575958e-02;3.531765e-01
6.428521e-02;8.281354e-03;1.034994e-02;1.106999e-02;6.975540e-03;1.578061e-02;1.028225e-01;4.178261e-02;1.779358e-01;4.648657e-02;1.140774e-01;4.001525e-01
4.755944e-02;8.583286e-03;2.159184e-02;1.001269e-02;8.065906e-03;5.064248e-02;4.511068e-02;4.540123e-02;1.922500e-01;4.670242e-02;1.267074e-01;3.973726e-01
2.846131e-02;8.931688e-03;4.905375e-02;4.573488e-03;7.191516e-03;1.245174e-01;2.624760e-02;3.183859e-02;1.899821e-01;3.069474e-02;2.157157e-01;2.827921e-01
1.599214e-02;4.776956e-03;7.497182e-02;6.597012e-03;4.099364e-03;2.253428e-01;1.862652e-02;1.762700e-02;1.490515e-01;2.636442e-02;2.925886e-01;1.639619e-01
9.762746e-03;4.554071e-03;9.867282e-02;8.182395e-03;7.917408e-03;3.435957e-01;2.060294e-02;1.180626e-02;7.653728e-02;2.448941e-02;3.341885e-01;5.969048e-02
5.684833e-03;7.651510e-03;1.043904e-01;9.744622e-03;1.860752e-02;4.156518e-01;2.684380e-02;8.630904e-03;3.968110e-02;1.863887e-02;3.122768e-01;3.219786e-02
4.562776e-03;9.930897e-03;9.809563e-02;8.541167e-03;2.849775e-02;4.695066e-01;1.734522e-02;1.402839e-02;3.325402e-02;2.049023e-02;2.671242e-01;2.862312e-02
3.173384e-03;8.637902e-03;7.644463e-02;9.607592e-03;3.021114e-02;5.063046e-01;1.206498e-02;1.872905e-02;3.499889e-02;2.849774e-02;2.589220e-01;1.240810e-02
5.009257e-03;9.228022e-03;1.148474e-01;7.648068e-03;1.787576e-02;4.376025e-01;9.243691e-03;1.390100e-02;6.409813e-02;2.687693e-02;2.810743e-01;1.259487e-02
4.949004e-03;8.465555e-03;1.490834e-01;7.185203e-03;9.179920e-03;3.144787e-01;1.261603e-02;8.459403e-03;1.431191e-01;2.517295e-02;2.891705e-01;2.812023e-02
7.491297e-03;7.330523e-03;1.353833e-01;9.025565e-03;5.258362e-03;2.344545e-01;1.479367e-02;8.511652e-03;1.873379e-01;4.440850e-02;3.115100e-01;3.449463e-02
7.358770e-03;7.838011e-03;9.333168e-02;9.228679e-03;8.643297e-03;2.402102e-01;1.321927e-02;1.155897e-02;1.756541e-01;1.000849e-01;3.109834e-01;2.188868e-02
1.070187e-02;9.733182e-03;5.303533e-02;1.572051e-02;1.037626e-02;2.261397e-01;2.808594e-02;1.913586e-02;1.739792e-01;1.278694e-01;2.810895e-01;4.413311e-02
3.619900e-02;1.345381e-02;1.261852e-01;2.263334e-02;1.139143e-02;2.307059e-01;3.085659e-02;3.121096e-02;1.267224e-01;9.970023e-02;2.273758e-01;4.356544e-02
4.786429e-02;3.626074e-02;1.724496e-01;1.861626e-02;3.584041e-02;1.926385e-01;3.135848e-02;5.281609e-02;8.538259e-02;1.293110e-01;1.608610e-01;3.660096e-02
2.903717e-02;8.520959e-02;1.340132e-01;1.578029e-02;5.293204e-02;1.323013e-01;3.691547e-02;6.395977e-02;9.287181e-02;1.944509e-01;1.160719e-01;4.645666e-02
7.186535e-02;6.946316e-02;1.039812e-01;2.107186e-02;3.580077e-02;1.018302e-01;7.026853e-02;4.905714e-02;1.536458e-01;1.342142e-01;9.918889e-02;8.961295e-02
1.087471e-01;3.600544e-02;9.625784e-02;4.539441e-02;1.651723e-02;9.509230e-02;1.168077e-01;2.581691e-02;1.378305e-01;6.454550e-02;9.869172e-02;1.582933e-01
1.156227e-01;1.727994e-02;5.874776e-02;5.705317e-02;1.114659e-02;1.046125e-01;1.474349e-01;1.456217e-02;7.716554e-02;5.115891e-02;1.334326e-01;2.117831e-01
8.185414e-02;2.765479e-02;7.419999e-02;3.317726e-02;2.419641e-02;1.225766e-01;1.038966e-01;3.029762e-02;6.896440e-02;8.211353e-02;1.898713e-01;1.611972e-01
5.008756e-02;3.319410e-02;9.158983e-02;2.133590e-02;5.377652e-02;1.236816e-01;7.024563e-02;7.323254e-02;5.878247e-02;1.587370e-01;1.522037e-01;1.131331e-01
4.736302e-02;3.027806e-02;7.981408e-02;4.330717e-02;6.231783e-02;1.119649e-01;8.260998e-02;8.069954e-02;9.757216e-02;1.700284e-01;7.057761e-02;1.234673e-01
5.047472e-02;2.994869e-02;6.294194e-02;6.199589e-02;4.564830e-02;1.301345e-01;1.196281e-01;6.444152e-02;1.462068e-01;1.135532e-01;6.853353e-02;1.064927e-01
4.374465e-02;2.983671e-02;4.413063e-02;4.952698e-02;3.755456e-02;1.482361e-01;1.458377e-01;9.026901e-02;1.491593e-01;1.066028e-01;6.733489e-02;8.776675e-02
4.534763e-02;3.125827e-02;3.741049e-02;2.734596e-02;4.363251e-02;1.384474e-01;1.875374e-01;1.008902e-01;1.296708e-01;1.080390e-01;7.269101e-02;7.772938e-02
6.607823e-02;3.676752e-02;4.302702e-02;6.565440e-02;3.887602e-02;6.909651e-02;2.273421e-01;9.386505e-02;1.484277e-01;1.232913e-01;3.890205e-02;4.867203e-02
8.592305e-02;5.895827e-02;3.892098e-02;5.798380e-02;2.992758e-02;5.212780e-02;1.740428e-01;1.006695e-01;1.420050e-01;1.772807e-01;5.984553e-02;2.231507e-02
6.739677e-02;6.775203e-02;8.038010e-02;1.619215e-02;3.313183e-02;7.448155e-02;7.144298e-02;7.884144e-02;1.262787e-01;1.602326e-01;1.717699e-01;5.209999e-02
5.240770e-02;4.134497e-02;1.211583e-01;6.471538e-03;1.591766e-02;7.261315e-02;2.331680e-02;4.480860e-02;2.028946e-01;8.218643e-02;2.492674e-01;8.761279e-02
3.451412e-02;1.435363e-02;1.575232e-01;6.158372e-03;7.814446e-03;6.159479e-02;1.467372e-02;1.722557e-02;2.957805e-01;2.584269e-02;2.828845e-01;8.163445e-02
1.073163e-02;9.751012e-03;2.144141e-01;4.904100e-03;8.776499e-03;6.721686e-02;8.076563e-03;1.013650e-02;2.916461e-01;1.830180e-02;3.120072e-01;4.403765e-02
6.085677e-03;9.767777e-03;2.345235e-01;7.255968e-03;9.642579e-03;8.822908e-02;6.749051e-03;6.549245e-03;2.090403e-01;2.067185e-02;3.591088e-01;4.237621e-02
1.001236e-02;6.140475e-03;2.183328e-01;7.514749e-03;5.082690e-03;1.130381e-01;5.060844e-03;8.901318e-03;1.529310e-01;1.972323e-02;4.157963e-01;3.746612e-02
1.536020e-02;7.757076e-03;1.800488e-01;7.461006e-03;6.656995e-03;1.234573e-01;9.935441e-03;1.755281e-02;1.278830e-01;2.432917e-02;4.347391e-01;4.481908e-02
2.164838e-02;2.069864e-02;1.301070e-01;7.408822e-03;1.248407e-02;1.552387e-01;3.368764e-02;3.707083e-02;8.856522e-02;7.328422e-02;3.616515e-01;5.815496e-02
3.648536e-02;3.548206e-02;7.401434e-02;1.462869e-02;3.006661e-02;1.422701e-01;1.017742e-01;7.286764e-02;9.895175e-02;1.192847e-01;2.108453e-01;6.332926e-02
4.841744e-02;3.250401e-02;1.216273e-01;2.428016e-02;4.880074e-02;7.681582e-02;1.402544e-01;1.093707e-01;9.917437e-02;1.768413e-01;8.520295e-02;3.671081e-02
4.628558e-02;6.905618e-02;1.068045e-01;2.446938e-02;4.302309e-02;3.969105e-02;6.713746e-02;1.694737e-01;6.586280e-02;2.112597e-01;1.250196e-01;3.191699e-02
3.971640e-02;1.066794e-01;7.924308e-02;2.102806e-02;7.688803e-02;4.700162e-02;3.771628e-02;1.836103e-01;5.265679e-02;2.409454e-01;9.536896e-02;1.914561e-02
7.177816e-02;1.000852e-01;4.830757e-02;2.945071e-02;1.021794e-01;2.525526e-02;9.123138e-02;1.141950e-01;1.124673e-01;2.505198e-01;4.613707e-02;8.393173e-03
7.877819e-02;4.777181e-02;4.989960e-02;4.125355e-02;6.201764e-02;3.433248e-02;2.243260e-01;8.056396e-02;1.618254e-01;1.329996e-01;6.474425e-02;2.148744e-02
3.658196e-02;1.864361e-02;9.875496e-02;2.571776e-02;3.555406e-02;3.380319e-02;3.620802e-01;1.257194e-01;1.083820e-01;5.518656e-02;6.666582e-02;3.291046e-02
1.526285e-02;2.199297e-02;1.022859e-01;1.050342e-02;2.898004e-02;3.175192e-02;5.061159e-01;1.328553e-01;5.153310e-02;3.490228e-02;4.244763e-02;2.136862e-02
1.085064e-02;4.501876e-02;7.084690e-02;6.909789e-03;2.357447e-02;3.426698e-02;5.987085e-01;8.792016e-02;3.972394e-02;3.126740e-02;4.156703e-02;9.345384e-03
1.859260e-02;5.887723e-02;4.060419e-02;7.176891e-03;3.457215e-02;5.537490e-02;6.331041e-01;4.796530e-02;3.264271e-02;2.838882e-02;3.842264e-02;4.278416e-03
6.089793e-02;4.248953e-02;3.939134e-02;1.513045e-02;6.025141e-02;1.021434e-01;5.371316e-01;3.111770e-02;2.179673e-02;4.876065e-02;2.803016e-02;1.285904e-02
1.020268e-01;3.238225e-02;6.362303e-02;3.202037e-02;9.106612e-02;1.117394e-01;3.308340e-01;3.900460e-02;3.401909e-02;6.671398e-02;4.101636e-02;5.555391e-02
8.814291e-02;3.622833e-02;8.584051e-02;8.257607e-02;1.442917e-01;8.578968e-02;1.541099e-01;3.595251e-02;4.459745e-02;6.602227e-02;8.044942e-02;9.599918e-02
4.326826e-02;2.982543e-02;1.553904e-01;1.630553e-01;1.635264e-01;7.005487e-02;3.868230e-02;3.812849e-02;3.583429e-02;5.185535e-02;1.286990e-01;8.167993e-02
2.164331e-02;1.934523e-02;2.772468e-01;1.804598e-01;9.705606e-02;4.802458e-02;8.241864e-02;2.532330e-02;4.625650e-02;6.262887e-02;1.145940e-01;2.500295e-02
2.039061e-02;1.786499e-02;3.733895e-01;1.248206e-01;4.030410e-02;2.083419e-02;1.312043e-01;1.512596e-02;7.274583e-02;1.215562e-01;5.491835e-02;6.845393e-03
1.821346e-02;2.394354e-02;4.010414e-01;5.215673e-02;3.127769e-02;1.531552e-02;1.608844e-01;1.763258e-02;5.600853e-02;1.917711e-01;2.088168e-02;1.087342e-02
1.049928e-02;2.835220e-02;4.109869e-01;3.103618e-02;3.068700e-02;1.030644e-02;1.424733e-01;5.267850e-02;3.432904e-02;2.308742e-01;9.070849e-03;8.706155e-03
7.859265e-03;4.741554e-02;3.871902e-01;3.009480e-02;2.278820e-02;7.480875e-03;8.203427e-02;1.821235e-01;4.087879e-02;1.771165e-01;8.115954e-03;6.902090e-03
7.554552e-03;7.108480e-02;2.860860e-01;1.971552e-02;1.499353e-02;1.550357e-02;3.571289e-02;3.667669e-01;7.635372e-02;9.301452e-02;5.697268e-03;7.516776e-03
1.789541e-02;1.003694e-01;1.763186e-01;1.449823e-02;9.543967e-03;3.953806e-02;2.324144e-02;3.902757e-01;1.597966e-01;5.481104e-02;2.392988e-03;1.131860e-02
3.088609e-02;1.327215e-01;1.228088e-01;1.601401e-02;5.590381e-03;6.139883e-02;1.699232e-02;2.156684e-01;3.372832e-01;4.451112e-02;4.550685e-03;1.157468e-02
5.166058e-02;1.576443e-01;8.437008e-02;1.938286e-02;5.035665e-03;5.665964e-02;1.913990e-02;5.715054e-02;4.952518e-01;4.232060e-02;3.365956e-03;8.018075e-03
7.738546e-02;1.563734e-01;7.494981e-02;1.927539e-02;6.865670e-03;3.376465e-02;3.954363e-02;3.765772e-02;4.286883e-01;1.158154e-01;3.537379e-03;6.143186e-03
1.202016e-01;1.396687e-01;6.298238e-02;1.721522e-02;1.130830e-02;1.682792e-02;8.341966e-02;5.021549e-02;2.553995e-01;2.267778e-01;7.928797e-03;8.054595e-03
1.893406e-01;9.392300e-02;4.442590e-02;1.078506e-02;2.734129e-02;1.871698e-02;1.083069e-01;9.806850e-02;1.639016e-01;2.144868e-01;1.635501e-02;1.434838e-02
2.646440e-01;4.611921e-02;4.243949e-02;5.529985e-03;3.902830e-02;2.081963e-02;8.135146e-02;1.929721e-01;1.761368e-01;8.133271e-02;1.970545e-02;2.992092e-02
2.772766e-01;6.020254e-02;5.679732e-02;8.087297e-03;3.206915e-02;2.324791e-02;3.807085e-02;2.569143e-01;1.394732e-01;4.497197e-02;1.780147e-02;4.508736e-02
2.649827e-01;5.756499e-02;5.439175e-02;1.347345e-02;2.618452e-02;3.873656e-02;7.330222e-02;2.391619e-01;1.128655e-01;4.646125e-02;2.421294e-02;4.866227e-02
2.449566e-01;4.981910e-02;1.158217e-01;2.394998e-02;4.477200e-02;4.772535e-02;1.130668e-01;1.823555e-01;5.614891e-02;5.199682e-02;2.214279e-02;4.724454e-02
2.670542e-01;4.145978e-02;1.327111e-01;3.714651e-02;7.975569e-02;3.135438e-02;8.889537e-02;1.389775e-01;4.898300e-02;6.625666e-02;1.909087e-02;4.831498e-02
2.958435e-01;7.631896e-02;9.261626e-02;3.860645e-02;5.519409e-02;3.459875e-02;6.576255e-02;1.414192e-01;7.958176e-02;4.489839e-02;1.961313e-02;5.554685e-02
3.260262e-01;6.725029e-02;9.780998e-02;1.841737e-02;2.536985e-02;4.843467e-02;9.501726e-02;1.149324e-01;8.315722e-02;3.801669e-02;2.272322e-02;6.284484e-02
3.551652e-01;3.337516e-02;6.444854e-02;2.329803e-02;3.697995e-02;7.289151e-02;1.073339e-01;1.043750e-01;6.706652e-02;3.821963e-02;2.342930e-02;7.341724e-02
3.483576e-01;6.614841e-02;6.461184e-02;2.789644e-02;4.151930e-02;6.841850e-02;1.109689e-01;1.033569e-01;4.171252e-02;4.159930e-02;2.130000e-02;6.411036e-02
3.121345e-01;7.084332e-02;7.169680e-02;2.268969e-02;2.699884e-02;4.241850e-02;1.181886e-01;8.742684e-02;9.693220e-02;6.259193e-02;3.592154e-02;5.215726e-02
2.624509e-01;1.158584e-01;7.808273e-02;1.618923e-02;3.541544e-02;2.543772e-02;1.398416e-01;5.912606e-02;1.272106e-01;6.311841e-02;4.576447e-02;3.150438e-02
2.772363e-01;1.411231e-01;8.804031e-02;1.761726e-02;4.033325e-02;2.257869e-02;1.355993e-01;5.533437e-02;9.835965e-02;4.712399e-02;3.926993e-02;3.738388e-02
3.152381e-01;1.679720e-01;1.093064e-01;1.964781e-02;3.961525e-02;1.447047e-02;1.142360e-01;6.227696e-02;4.884466e-02;2.968611e-02;4.408497e-02;3.462143e-02
3.204447e-01;1.728008e-01;1.305566e-01;1.660574e-02;3.874108e-02;2.381183e-02;1.119419e-01;5.280147e-02;3.141861e-02;2.415717e-02;5.067043e-02;2.604971e-02
2.699704e-01;1.271843e-01;1.157628e-01;1.572167e-02;5.150959e-02;4.193426e-02;1.584079e-01;5.710700e-02;5.758491e-02;3.171789e-02;4.389641e-02;2.920297e-02
1.749505e-01;8.993618e-02;1.662612e-01;2.648981e-02;6.217145e-02;5.589264e-02;1.591778e-01;5.561314e-02;9.448179e-02;3.141511e-02;4.188757e-02;4.172271e-02
1.021368e-01;6.386217e-02;2.017276e-01;4.250130e-02;7.999688e-02;5.096604e-02;1.921599e-01;5.763327e-02;8.194253e-02;3.370370e-02;3.417153e-02;5.919825e-02
1.144243e-01;4.959736e-02;2.498947e-01;4.578524e-02;6.588356e-02;3.226011e-02;1.602789e-01;6.361555e-02;5.829322e-02;6.056801e-02;3.298911e-02;6.640998e-02
1.302006e-01;9.804215e-02;2.993436e-01;4.147130e-02;3.152613e-02;3.323433e-02;6.420517e-02;5.400022e-02;7.836212e-02;8.956191e-02;3.650108e-02;4.355130e-02
1.214572e-01;1.086707e-01;2.502967e-01;3.744151e-02;5.394437e-02;4.401123e-02;1.112040e-01;4.249010e-02;8.039732e-02;8.271009e-02;4.041449e-02;2.696229e-02
1.551540e-01;1.284219e-01;1.435234e-01;4.227647e-02;6.581274e-02;5.919838e-02;9.559005e-02;6.833272e-02;7.075451e-02;7.087536e-02;6.358671e-02;3.647383e-02
1.174053e-01;8.619732e-02;1.055974e-01;5.407523e-02;5.754339e-02;4.991301e-02;1.412274e-01;9.379996e-02;8.922973e-02;6.826237e-02;8.204178e-02;5.470716e-02
1.493412e-01;1.124277e-01;1.141930e-01;5.438359e-02;5.929460e-02;4.982462e-02;1.244423e-01;7.548820e-02;7.785397e-02;6.404972e-02;7.065415e-02;4.804688e-02
1.808042e-01;1.058136e-01;1.040013e-01;5.391353e-02;6.082582e-02;6.199437e-02;1.079694e-01;5.842317e-02;7.455970e-02;8.150794e-02;7.668721e-02;3.349967e-02
