2.489552e-02;2.623101e-02;2.411681e-02;1.805010e-01;4.500670e-02;1.132177e-01;1.939850e-01;5.804854e-02;4.063537e-02;2.150851e-01;2.655711e-02;5.172024e-02
3.903772e-02;1.378435e-02;9.667479e-03;2.118285e-01;5.492334e-02;4.979679e-02;1.778418e-01;7.220487e-02;2.200873e-02;2.936031e-01;1.024566e-02;4.505769e-02
1.067821e-01;1.195693e-02;1.174364e-02;1.562399e-01;1.379817e-01;2.401836e-02;1.009547e-01;1.855568e-01;1.323646e-02;2.173189e-01;1.178812e-02;2.242234e-02
1.596532e-01;1.914293e-02;2.157502e-02;8.536666e-02;2.551143e-01;2.220991e-02;4.669058e-02;2.415276e-01;1.303877e-02;8.025400e-02;4.478571e-02;1.064134e-02
1.579076e-01;2.920678e-02;2.510234e-02;5.314185e-02;3.322659e-01;4.422629e-02;2.362496e-02;1.968714e-01;2.580153e-02;3.023815e-02;6.560337e-02;1.600981e-02
1.395002e-01;3.337596e-02;4.911121e-02;7.184158e-02;3.183022e-01;4.296590e-02;2.795464e-02;1.464126e-01;5.460453e-02;3.161774e-02;5.693687e-02;2.737653e-02
1.238460e-01;5.792129e-02;9.060746e-02;9.854551e-02;2.217950e-01;2.438780e-02;6.278758e-02;1.312495e-01;6.644762e-02;3.890290e-02;3.579283e-02;4.771655e-02
1.115342e-01;7.500862e-02;7.498607e-02;7.302155e-02;1.338738e-01;3.847457e-02;9.824523e-02;1.358982e-01;4.697222e-02;7.792231e-02;6.020941e-02;7.385370e-02
1.030156e-01;6.244559e-02;5.771428e-02;3.125242e-02;1.404209e-01;4.506820e-02;8.117089e-02;1.443823e-01;7.433888e-02;1.045214e-01;7.316495e-02;8.250453e-02
1.135617e-01;5.792257e-02;7.970896e-02;4.165408e-02;1.250799e-01;5.014661e-02;5.351742e-02;1.827556e-01;5.677737e-02;1.100383e-01;7.377280e-02;5.506472e-02
9.938262e-02;5.679610e-02;5.251956e-02;6.080242e-02;9.839982e-02;7.149054e-02;6.921665e-02;2.093931e-01;7.694775e-02;1.115526e-01;6.679837e-02;2.670052e-02
5.678141e-02;3.167693e-02;4.401792e-02;7.084607e-02;1.772420e-01;8.284552e-02;1.056098e-01;1.524551e-01;8.970750e-02;1.192169e-01;3.927268e-02;3.032822e-02
5.497063e-02;3.253501e-02;7.443079e-02;6.239483e-02;1.812415e-01;6.740034e-02;1.325898e-01;1.101758e-01;7.948174e-02;1.093758e-01;5.142855e-02;4.397528e-02
7.769325e-02;4.580526e-02;8.701845e-02;1.042628e-01;1.429568e-01;8.104773e-02;1.219813e-01;9.961414e-02;8.124316e-02;5.848339e-02;5.854382e-02;4.134992e-02
8.975717e-02;3.438099e-02;8.655693e-02;1.309725e-01;1.179793e-01;5.779881e-02;1.097814e-01;6.827548e-02;1.364987e-01;6.667891e-02;6.151905e-02;3.980074e-02
6.302284e-02;4.647201e-02;1.042525e-01;1.130667e-01;1.276476e-01;6.467938e-02;1.055976e-01;9.311935e-02;1.199679e-01;9.559081e-02;3.062157e-02;3.596178e-02
5.657905e-02;4.836665e-02;1.173106e-01;1.055334e-01;1.077558e-01;1.038217e-01;9.801313e-02;9.637810e-02;8.634750e-02;1.047587e-01;3.810190e-02;3.703335e-02
6.331994e-02;4.824964e-02;1.095082e-01;8.723415e-02;8.855788e-02;1.140758e-01;9.284770e-02;9.173757e-02;1.125110e-01;9.212551e-02;5.653572e-02;4.329682e-02
7.195342e-02;5.318423e-02;9.693186e-02;5.883494e-02;1.144061e-01;1.041293e-01;1.018153e-01;7.615945e-02;1.165437e-01;8.589862e-02;6.987939e-02;5.026368e-02
5.594911e-02;7.120720e-02;8.971284e-02;6.548434e-02;1.387943e-01;1.004908e-01;1.089728e-01;1.076427e-01;8.054030e-02;7.358849e-02;5.214653e-02;5.547066e-02
5.331681e-02;6.509667e-02;9.563891e-02;8.734899e-02;1.044944e-01;9.856552e-02;1.108197e-01;1.082520e-01;1.057598e-01;7.948837e-02;5.068722e-02;4.053155e-02
6.520244e-02;6.080908e-02;1.803309e-01;7.722424e-02;8.069579e-02;8.632492e-02;7.990992e-02;7.668998e-02;1.271722e-01;8.546599e-02;4.373172e-02;3.644286e-02
5.560799e-02;4.969904e-02;3.257430e-01;3.054964e-02;7.103933e-02;9.007426e-02;8.453096e-02;3.890637e-02;8.127331e-02;9.054887e-02;3.922796e-02;4.279924e-02
5.195267e-02;3.438489e-02;2.697464e-01;7.722078e-02;5.746270e-02;8.908092e-02;1.050653e-01;4.691476e-02;5.693442e-02;9.768802e-02;7.277321e-02;4.077591e-02
8.738074e-02;2.068416e-02;1.471860e-01;1.010703e-01;1.254790e-01;1.192808e-01;1.125366e-01;3.393608e-02;3.591286e-02;6.702894e-02;8.185580e-02;6.764869e-02
1.621814e-01;1.982791e-02;8.080041e-02;7.194953e-02;1.692246e-01;1.716117e-01;1.093268e-01;2.432291e-02;2.652889e-02;4.241361e-02;5.417377e-02;6.763836e-02
3.249876e-01;1.916254e-02;4.037531e-02;3.372727e-02;1.481563e-01;2.250285e-01;8.618557e-02;1.170250e-02;1.068462e-02;2.156088e-02;2.499489e-02;5.343395e-02
4.619926e-01;3.177618e-02;1.696364e-02;5.374319e-03;1.072305e-01;2.517101e-01;5.456517e-02;1.022223e-02;7.561476e-03;1.183936e-02;6.875897e-03;3.388853e-02
4.040691e-01;6.113854e-02;1.682240e-02;6.084362e-03;1.064877e-01;2.868347e-01;5.864077e-02;1.022517e-02;6.597250e-03;1.122251e-02;6.646913e-03;2.523068e-02
2.315501e-01;6.485622e-02;1.429725e-02;1.675775e-02;1.369845e-01;3.775147e-01;9.074826e-02;1.445148e-02;7.448264e-03;9.404294e-03;7.485664e-03;2.850155e-02
7.540865e-02;3.594668e-02;1.695434e-02;1.963314e-02;1.484332e-01;5.367759e-01;8.407860e-02;1.151055e-02;1.409019e-02;2.251092e-02;1.057308e-02;2.408479e-02
7.749338e-02;1.021575e-02;1.606048e-02;1.423542e-02;1.039460e-01;6.129712e-01;7.115691e-02;1.588078e-02;1.337228e-02;4.004922e-02;8.528222e-03;1.609031e-02
8.202145e-02;1.094091e-02;9.509592e-03;2.130724e-02;5.713797e-02;5.501633e-01;1.755239e-01;1.492400e-02;1.271655e-02;5.543118e-02;5.787143e-03;4.536747e-03
5.571263e-02;1.674148e-02;6.963703e-03;3.934596e-02;2.735524e-02;4.261287e-01;3.436303e-01;1.653012e-02;8.754949e-03;4.816204e-02;6.755468e-03;3.919410e-03
2.666797e-02;2.345648e-02;2.416039e-02;4.331139e-02;1.955647e-02;2.550456e-01;4.658472e-01;6.604049e-02;2.179654e-02;3.009238e-02;1.192917e-02;1.209591e-02
1.457693e-02;3.018925e-02;5.049952e-02;3.099468e-02;3.416130e-02;1.394028e-01;4.243520e-01;1.786932e-01;3.696253e-02;1.830473e-02;1.845632e-02;2.340679e-02
9.265494e-03;3.239093e-02;8.639883e-02;2.375117e-02;4.225280e-02;6.457257e-02;2.975794e-01;2.819681e-01;6.210262e-02;2.305046e-02;2.590794e-02;5.075972e-02
2.432819e-02;3.636496e-02;9.479158e-02;2.397490e-02;3.966698e-02;6.518675e-02;2.522689e-01;2.394542e-01;8.003870e-02;2.849397e-02;4.383016e-02;7.160065e-02
5.115728e-02;4.810973e-02;9.889822e-02;2.514395e-02;5.565657e-02;7.999401e-02;2.735232e-01;1.104075e-01;6.905706e-02;5.927568e-02;5.593293e-02;7.284391e-02
4.940284e-02;4.452911e-02;1.062092e-01;4.915105e-02;7.104500e-02;6.404838e-02;2.647719e-01;1.092633e-01;6.397093e-02;7.986128e-02;3.800223e-02;5.974473e-02
1.301076e-02;3.644650e-02;1.527231e-01;6.385048e-02;8.808514e-02;8.586115e-02;2.703009e-01;1.068914e-01;4.279739e-02;8.249986e-02;2.568712e-02;3.184617e-02
2.380180e-02;4.147786e-02;2.692933e-01;7.526278e-02;7.561459e-02;5.534705e-02;1.698354e-01;7.184412e-02;6.602257e-02;8.605162e-02;3.811059e-02;2.733826e-02
2.385601e-02;3.223012e-02;2.692465e-01;9.466154e-02;8.841459e-02;5.881804e-02;8.578268e-02;1.166621e-01;5.936462e-02;9.828920e-02;4.777926e-02;2.489534e-02
2.046310e-02;2.751393e-02;1.166344e-01;8.991456e-02;1.347272e-01;1.023635e-01;2.159028e-01;8.967322e-02;5.372921e-02;8.022285e-02;2.951691e-02;3.933834e-02
3.343244e-02;2.207949e-02;5.773168e-02;5.636439e-02;1.449035e-01;1.553643e-01;3.034689e-01;5.420419e-02;4.305281e-02;6.233683e-02;1.985260e-02;4.720888e-02
6.109086e-02;2.095758e-02;7.955819e-02;3.317999e-02;1.143124e-01;1.812771e-01;3.495054e-01;3.756730e-02;2.760657e-02;4.691760e-02;1.661182e-02;3.141521e-02
7.167886e-02;2.210667e-02;7.001722e-02;4.050662e-02;8.668362e-02;1.884256e-01;3.992013e-01;3.399455e-02;1.823001e-02;4.335076e-02;1.275465e-02;1.305024e-02
8.542395e-02;2.592486e-02;4.609556e-02;5.579716e-02;9.112255e-02;1.938360e-01;3.861080e-01;3.328003e-02;1.704289e-02;4.262643e-02;1.031059e-02;1.243193e-02
9.563952e-02;1.848228e-02;6.506582e-02;3.885408e-02;1.344453e-01;2.088959e-01;3.139406e-01;3.544461e-02;1.527936e-02;3.786863e-02;9.153807e-03;2.692997e-02
6.707023e-02;1.659752e-02;1.772395e-01;6.231052e-02;1.509178e-01;1.639978e-01;2.212657e-01;3.128557e-02;2.424614e-02;3.621765e-02;9.724052e-03;3.912753e-02
5.469368e-02;2.877022e-02;2.762415e-01;9.896962e-02;1.366196e-01;8.665839e-02;1.512847e-01;2.866089e-02;3.120914e-02;5.109287e-02;1.494580e-02;4.085359e-02
6.202811e-02;4.284600e-02;3.432612e-01;9.514866e-02;9.327659e-02;7.065422e-02;1.025308e-01;3.680829e-02;3.700009e-02;5.331233e-02;2.283517e-02;4.029858e-02
6.640420e-02;4.648734e-02;2.614078e-01;5.264600e-02;9.554553e-02;1.232367e-01;1.097793e-01;6.350636e-02;5.822764e-02;6.410355e-02;2.378667e-02;3.486890e-02
5.363419e-02;5.211207e-02;1.374091e-01;3.679389e-02;1.132283e-01;1.873095e-01;1.533286e-01;7.368175e-02;5.428445e-02;8.823495e-02;3.122941e-02;1.875379e-02
4.425067e-02;3.128801e-02;8.113316e-02;4.717069e-02;9.655029e-02;1.646958e-01;2.095346e-01;6.567654e-02;8.146986e-02;7.190088e-02;4.716253e-02;5.916697e-02
8.095578e-02;6.141851e-02;1.420522e-01;6.275909e-02;5.685320e-02;7.028875e-02;8.952582e-02;1.095450e-01;5.853949e-02;1.051292e-01;5.697985e-02;1.059531e-01
9.059554e-02;8.182046e-02;5.547223e-02;4.540016e-02;3.465769e-02;7.231576e-02;1.676373e-01;1.198555e-01;9.745365e-02;9.891132e-02;8.102333e-02;5.485700e-02
1.074908e-01;6.038975e-02;4.681120e-02;1.899691e-02;5.304065e-02;8.194254e-02;1.574695e-01;9.052684e-02;1.145360e-01;8.549709e-02;6.352651e-02;1.197722e-01
1.051067e-01;4.220310e-02;3.523791e-02;3.051555e-02;6.241062e-02;8.252191e-02;1.214838e-01;9.165796e-02;1.005098e-01;6.747323e-02;4.511183e-02;2.157676e-01
6.366802e-02;3.580261e-02;2.617993e-02;8.360282e-02;4.511382e-02;5.298324e-02;5.015869e-02;1.235437e-01;4.842734e-02;4.095920e-02;1.699112e-01;2.596495e-01
1.972918e-02;2.754964e-02;4.419650e-02;1.491137e-01;3.726894e-02;2.498379e-02;2.385712e-02;1.518183e-01;1.436130e-02;3.613782e-02;2.979735e-01;1.730102e-01
1.264991e-02;1.549951e-02;8.947150e-02;1.767091e-01;1.658589e-02;1.836467e-02;6.827494e-02;1.236888e-01;2.055254e-02;8.666731e-02;3.056255e-01;6.591030e-02
2.232382e-02;1.080441e-02;1.518895e-01;1.335392e-01;7.456577e-03;1.220460e-02;1.469404e-01;6.039455e-02;6.175731e-02;2.070478e-01;1.719052e-01;1.373661e-02
3.000654e-02;1.420833e-02;1.412273e-01;8.112846e-02;1.503603e-02;1.263039e-02;1.716325e-01;4.003610e-02;1.078337e-01;2.456371e-01;1.202000e-01;2.042347e-02
3.360207e-02;1.908985e-02;1.064319e-01;6.005258e-02;1.820846e-02;2.207589e-02;1.621415e-01;6.975096e-02;1.196552e-01;2.163259e-01;1.273507e-01;4.531493e-02
3.262022e-02;2.458723e-02;1.087068e-01;5.082115e-02;2.405615e-02;2.690230e-02;1.237751e-01;1.238172e-01;1.065001e-01;1.797264e-01;1.226955e-01;7.579177e-02
3.559034e-02;1.343238e-02;1.467462e-01;1.623576e-01;2.068695e-02;3.280140e-02;1.978971e-01;9.816842e-02;5.543869e-02;9.768250e-02;7.432533e-02;6.487319e-02
3.747467e-02;1.384265e-02;7.050488e-02;1.281964e-01;1.311317e-02;2.979505e-02;1.816220e-01;1.128004e-01;4.678151e-02;1.085463e-01;1.406478e-01;1.166752e-01
2.361737e-02;1.207754e-02;6.820738e-02;7.196213e-02;1.151695e-02;2.835889e-02;1.538805e-01;1.100924e-01;5.894316e-02;1.212875e-01;1.963137e-01;1.437426e-01
2.158802e-02;1.522434e-02;1.120326e-01;5.401586e-02;1.577782e-02;2.830208e-02;1.291918e-01;9.680461e-02;8.531304e-02;1.496522e-01;1.474398e-01;1.446578e-01
8.088113e-02;5.874102e-02;1.573002e-01;6.160647e-02;9.800802e-02;9.106446e-02;1.513061e-01;5.008260e-02;3.959063e-02;6.907068e-02;7.916117e-02;6.318748e-02
6.108348e-02;4.564340e-02;1.435707e-01;8.515313e-02;9.763353e-02;8.527748e-02;1.543834e-01;6.099674e-02;4.201206e-02;5.945064e-02;1.199641e-01;4.483130e-02
4.314573e-02;3.361076e-02;1.286486e-01;9.470640e-02;8.259623e-02;7.146578e-02;1.500738e-01;7.103985e-02;3.752491e-02;8.841939e-02;1.642029e-01;3.456564e-02
3.252595e-02;2.183766e-02;1.501876e-01;7.833768e-02;5.205370e-02;4.400920e-02;1.460701e-01;5.637113e-02;3.047344e-02;1.769042e-01;1.960966e-01;1.513268e-02
1.924082e-02;2.906214e-02;1.798186e-01;4.143671e-02;2.751777e-02;2.057086e-02;1.347959e-01;3.204203e-02;3.355924e-02;2.770101e-01;1.696745e-01;3.527137e-02
1.751445e-02;1.017118e-01;1.552830e-01;2.378085e-02;2.037421e-02;4.943359e-02;9.013427e-02;2.540199e-02;8.568780e-02;2.577804e-01;9.512200e-02;7.777563e-02
2.641864e-02;2.207421e-01;8.932451e-02;2.558273e-02;1.246626e-02;1.026080e-01;3.081741e-02;2.336846e-02;1.822370e-01;1.266552e-01;2.777979e-02;1.319999e-01
8.148974e-02;2.730742e-01;3.473365e-02;2.971341e-02;2.291472e-02;1.008924e-01;3.046708e-02;3.856958e-02;2.080063e-01;3.560075e-02;3.458683e-02;1.099514e-01
1.824902e-01;2.036206e-01;2.698245e-02;2.308048e-02;6.066585e-02;5.053351e-02;6.682561e-02;8.869489e-02;1.406623e-01;2.050424e-02;7.967328e-02;5.626662e-02
2.214914e-01;1.010058e-01;4.547462e-02;2.552779e-02;7.882098e-02;3.356785e-02;8.984260e-02;1.362856e-01;8.265448e-02;3.726292e-02;9.857085e-02;4.949515e-02
1.565272e-01;7.052994e-02;5.425081e-02;4.823680e-02;5.457577e-02;6.033991e-02;1.165746e-01;1.296216e-01;9.475232e-02;6.427135e-02;8.259626e-02;6.772351e-02
9.612651e-02;6.774332e-02;5.627245e-02;7.080596e-02;1.892813e-02;7.912236e-02;1.436406e-01;1.375530e-01;1.131938e-01;9.267230e-02;3.409883e-02;8.984270e-02
7.919226e-02;5.964431e-02;3.429726e-02;8.299360e-02;1.147851e-02;5.857443e-02;1.720825e-01;1.487347e-01;8.992464e-02;8.474658e-02;2.415496e-02;1.541763e-01
4.099226e-02;9.524047e-02;1.092397e-02;9.793669e-02;4.999624e-03;4.020198e-02;2.386145e-01;9.424753e-02;5.224238e-02;5.773894e-02;1.744160e-02;2.494201e-01
2.263188e-02;1.329633e-01;7.475423e-03;1.022017e-01;3.474803e-03;2.181813e-02;2.946573e-01;2.542633e-02;1.788874e-02;3.293406e-02;1.952673e-02;3.190017e-01
3.489096e-02;1.253035e-01;1.229008e-02;1.025885e-01;5.308684e-03;1.790996e-02;3.166119e-01;2.368705e-02;8.482860e-03;3.405236e-02;1.816205e-02;3.007120e-01
5.074745e-02;7.897965e-02;2.204608e-02;9.310330e-02;8.722614e-03;2.632655e-02;3.421158e-01;8.223835e-02;1.282991e-02;5.021790e-02;1.295930e-02;2.197130e-01
6.618471e-02;3.296127e-02;2.854748e-02;7.349033e-02;1.019340e-02;5.252744e-02;3.822114e-01;1.349595e-01;1.998436e-02;5.708504e-02;1.308573e-02;1.287693e-01
9.355912e-02;1.960403e-02;4.321167e-02;7.020863e-02;9.966843e-03;7.508463e-02;3.737666e-01;1.308533e-01;4.454136e-02;4.842775e-02;1.541291e-02;7.536315e-02
9.941273e-02;3.788486e-02;7.131104e-02;6.844297e-02;1.366760e-02;8.774939e-02;3.180117e-01;1.084601e-01;5.601821e-02;4.395641e-02;3.027526e-02;6.480968e-02
7.386864e-02;5.192828e-02;9.087104e-02;5.337338e-02;2.506888e-02;9.214981e-02;2.389488e-01;9.011949e-02;6.520853e-02;5.814449e-02;4.851206e-02;1.118066e-01
3.897804e-02;7.115629e-02;7.381843e-02;5.577745e-02;2.845754e-02;6.121309e-02;1.994814e-01;7.678402e-02;7.885641e-02;6.814998e-02;3.734014e-02;2.099871e-01
2.984626e-02;7.787818e-02;5.013077e-02;6.239766e-02;2.686476e-02;5.312191e-02;2.379960e-01;9.709399e-02;6.328087e-02;5.638916e-02;3.106566e-02;2.139348e-01
3.414689e-02;5.999823e-02;5.688882e-02;7.416902e-02;2.319887e-02;8.162229e-02;2.097626e-01;8.717928e-02;5.613966e-02;7.662006e-02;2.480841e-02;2.154659e-01
2.716194e-02;4.108495e-02;7.722811e-02;7.867464e-02;3.073763e-02;1.131315e-01;1.226610e-01;1.141250e-01;7.807274e-02;9.815802e-02;3.289312e-02;1.860714e-01
3.652665e-02;5.313293e-02;5.052723e-02;6.008844e-02;3.903513e-02;9.682034e-02;2.269990e-01;9.339407e-02;8.043499e-02;1.036364e-01;3.401555e-02;1.253893e-01
4.369866e-02;4.731597e-02;4.814481e-02;5.775281e-02;7.718140e-02;6.771466e-02;2.732933e-01;7.252228e-02;6.924804e-02;9.822365e-02;2.545011e-02;1.194544e-01
4.486715e-02;4.025816e-02;7.043374e-02;8.677635e-02;6.732050e-02;7.274805e-02;1.881886e-01;1.239265e-01;8.033060e-02;8.178883e-02;4.228811e-02;1.010735e-01
5.034978e-02;5.839551e-02;5.020121e-02;1.043633e-01;6.588770e-02;6.986107e-02;1.307284e-01;1.321004e-01;1.140233e-01;8.481763e-02;6.986858e-02;6.940307e-02
4.876813e-02;6.654165e-02;5.250957e-02;9.945017e-02;8.490915e-02;8.328053e-02;1.068837e-01;1.194807e-01;9.872764e-02;8.942830e-02;7.235064e-02;7.766990e-02
4.373378e-02;5.725451e-02;5.991827e-02;7.308827e-02;1.241823e-01;1.005798e-01;1.104662e-01;9.814116e-02;9.689195e-02;1.194870e-01;4.641971e-02;6.983713e-02
3.813635e-02;3.908941e-02;5.929931e-02;4.668982e-02;1.307477e-01;1.402178e-01;1.136431e-01;5.944054e-02;1.123154e-01;1.532243e-01;5.016734e-02;5.702890e-02
4.168322e-02;4.446721e-02;6.748709e-02;3.639345e-02;1.011059e-01;1.279816e-01;1.371343e-01;6.608496e-02;1.100128e-01;1.816129e-01;4.156415e-02;4.447234e-02
3.442482e-02;4.489564e-02;7.701577e-02;4.118265e-02;8.427928e-02;6.792273e-02;2.734774e-01;6.099999e-02;8.861586e-02;1.584521e-01;4.060847e-02;2.812528e-02
3.852271e-02;1.978668e-02;6.990704e-02;2.244540e-02;8.895116e-02;9.176999e-02;4.304520e-01;6.743386e-02;3.692847e-02;8.163103e-02;3.452110e-02;1.765062e-02
2.310365e-02;1.265681e-02;5.538550e-02;1.829784e-02;9.347092e-02;1.393886e-01;4.340451e-01;9.881930e-02;2.576737e-02;6.859913e-02;2.145438e-02;9.011376e-03
2.266808e-02;5.370690e-03;3.827326e-02;1.413881e-02;9.710040e-02;1.802544e-01;4.151503e-01;1.324567e-01;1.591313e-02;6.126395e-02;1.192105e-02;5.489179e-03
2.487556e-02;3.112879e-03;1.724204e-02;1.451698e-02;8.748973e-02;1.964764e-01;4.097730e-01;1.513157e-01;8.547215e-03;7.778028e-02;4.936245e-03;3.933950e-03
1.962211e-02;8.396239e-03;6.115491e-03;2.125909e-02;6.582375e-02;1.539942e-01;4.919647e-01;1.087442e-01;2.502050e-02;9.101272e-02;4.614219e-03;3.432715e-03
9.694404e-03;2.720583e-02;6.022543e-03;1.664667e-02;5.327054e-02;7.935825e-02;6.157107e-01;4.812351e-02;7.982904e-02;5.208064e-02;9.940474e-03;2.117340e-03
5.500714e-03;3.496719e-02;8.358302e-03;7.020012e-03;8.043735e-02;3.534937e-02;6.492896e-01;3.970517e-02;1.014766e-01;1.721726e-02;1.917697e-02;1.501497e-03
1.085757e-02;3.831363e-02;2.583526e-02;7.978966e-03;1.274623e-01;3.117944e-02;5.507894e-01;6.931114e-02;8.069643e-02;2.425918e-02;2.813290e-02;5.183818e-03
2.294510e-02;5.298353e-02;5.422945e-02;1.635350e-02;1.648229e-01;7.245085e-02;3.488555e-01;9.204252e-02;7.853087e-02;4.901443e-02;3.623413e-02;1.153731e-02
3.141424e-02;4.235545e-02;5.386634e-02;1.864974e-02;1.349960e-01;1.249576e-01;3.621223e-01;7.750638e-02;6.220594e-02;5.102560e-02;2.774960e-02;1.315076e-02
1.367592e-02;3.123415e-02;1.750634e-02;8.933828e-03;5.938374e-02;1.030124e-01;6.782687e-01;3.139338e-02;2.296471e-02;1.616863e-02;1.204841e-02;5.409829e-03
6.474858e-03;5.262236e-02;8.317027e-03;4.213835e-03;3.615288e-02;6.894688e-02;7.567411e-01;2.371007e-02;1.399517e-02;1.076381e-02;1.657531e-02;1.486724e-03
3.738821e-03;6.500288e-02;6.919007e-03;3.425977e-03;2.722649e-02;5.366146e-02;7.657464e-01;2.554526e-02;9.774781e-03;9.699553e-03;2.729725e-02;1.962175e-03
5.785319e-03;6.603716e-02;1.106497e-02;4.618981e-03;2.786084e-02;4.436180e-02;7.262685e-01;3.659721e-02;1.903136e-02;1.139922e-02;4.225218e-02;4.722520e-03
1.982812e-02;3.117177e-02;1.014054e-01;4.729861e-02;2.639964e-02;4.299094e-02;3.429574e-01;1.604787e-01;1.043075e-01;5.721974e-02;3.001531e-02;3.592678e-02
2.219934e-02;3.986240e-02;2.018152e-01;5.033130e-02;2.206623e-02;2.455784e-02;1.121119e-01;2.354243e-01;1.175860e-01;7.300586e-02;3.557990e-02;6.545968e-02
1.403166e-02;3.250890e-02;2.792209e-01;3.326243e-02;1.138322e-02;1.819310e-02;5.706189e-02;2.761759e-01;7.882892e-02;7.213942e-02;2.852235e-02;9.867132e-02
7.021747e-03;1.428262e-02;3.360404e-01;2.178252e-02;4.620327e-03;3.690819e-02;3.974439e-02;2.915289e-01;3.573944e-02;6.049659e-02;1.257075e-02;1.392641e-01
1.925915e-03;3.380020e-03;3.240020e-01;6.901105e-02;6.664458e-03;5.854261e-02;3.288556e-02;2.529064e-01;5.715207e-02;3.841479e-02;7.427253e-03;1.476879e-01
8.164942e-03;3.136037e-03;2.653401e-01;1.564130e-01;1.057976e-02;6.594260e-02;3.864960e-02;1.903702e-01;1.182298e-01;2.454612e-02;1.533376e-02;1.032941e-01
1.246198e-02;8.087842e-03;1.778893e-01;3.011866e-01;1.703072e-02;4.781459e-02;3.620139e-02;1.320368e-01;1.817552e-01;2.796915e-02;1.669694e-02;4.086941e-02
1.335717e-02;4.734755e-03;1.700494e-01;3.602526e-01;8.032282e-03;3.484993e-02;3.566740e-02;1.298953e-01;1.746258e-01;2.400310e-02;1.147696e-02;3.305528e-02
1.467844e-02;7.466126e-03;2.040132e-01;3.135849e-01;1.178651e-02;3.056418e-02;5.485690e-02;1.244572e-01;1.611630e-01;1.701329e-02;1.566823e-02;4.474791e-02
1.367644e-02;1.535772e-02;2.123219e-01;2.055742e-01;1.919644e-02;2.708793e-02;1.132275e-01;1.557343e-01;1.203699e-01;1.740724e-02;1.583199e-02;8.421440e-02
1.428494e-02;3.107759e-02;1.825586e-01;1.492909e-01;2.676870e-02;3.211115e-02;1.954849e-01;1.540802e-01;8.133711e-02;1.798525e-02;2.647446e-02;8.854616e-02
2.617799e-02;3.725734e-02;1.473996e-01;1.159162e-01;5.335779e-02;5.192977e-02;2.555539e-01;1.091700e-01;7.261600e-02;2.588120e-02;4.369801e-02;6.104218e-02
2.204783e-02;2.684325e-02;1.373874e-01;2.344459e-01;6.472990e-02;5.941660e-02;1.667904e-01;8.870021e-02;7.594228e-02;4.375578e-02;4.143245e-02;3.850812e-02
2.583798e-02;3.057542e-02;6.746386e-02;3.536631e-01;4.495767e-02;4.883136e-02;7.557343e-02;1.245970e-01;7.418434e-02;4.246725e-02;1.952380e-02;9.232480e-02
3.980818e-02;4.828304e-02;1.946246e-01;2.198331e-01;5.494966e-02;3.492952e-02;6.261871e-02;9.882625e-02;1.117233e-01;3.492449e-02;3.182894e-02;6.765019e-02
3.072305e-02;6.941007e-02;2.417212e-01;1.515110e-01;7.499970e-02;3.486456e-02;5.719547e-02;9.020306e-02;9.242596e-02;5.198058e-02;4.266512e-02;6.230022e-02
4.774399e-02;8.467126e-02;1.995948e-01;1.232815e-01;7.581041e-02;4.928112e-02;6.284537e-02;1.055889e-01;8.810310e-02;6.483433e-02;5.381728e-02;4.442794e-02
7.776789e-02;6.223851e-02;1.119735e-01;5.827175e-02;6.972605e-02;5.783072e-02;1.122384e-01;1.414478e-01;1.408970e-01;9.262375e-02;4.650341e-02;2.848127e-02
7.479738e-02;5.347256e-02;9.605720e-02;7.085936e-02;9.009229e-02;9.040451e-02;1.419791e-01;1.203425e-01;1.161167e-01;8.274758e-02;3.370137e-02;2.942941e-02
4.572311e-02;5.937601e-02;9.229446e-02;7.266658e-02;1.271631e-01;1.559302e-01;1.564447e-01;8.064464e-02;7.041180e-02;6.391095e-02;3.729609e-02;3.813831e-02
4.148845e-02;4.996136e-02;7.711454e-02;8.492469e-02;1.388150e-01;1.605332e-01;1.460260e-01;7.432948e-02;4.572514e-02;9.642699e-02;3.656762e-02;4.808757e-02
4.794224e-02;6.132125e-02;8.426562e-02;7.501571e-02;1.091150e-01;1.100788e-01;1.348364e-01;8.645374e-02;7.375296e-02;1.179961e-01;5.290549e-02;4.631680e-02
6.599239e-02;7.984341e-02;9.774171e-02;4.350110e-02;1.271321e-01;8.753927e-02;1.299678e-01;1.003001e-01;7.883444e-02;7.803120e-02;6.062560e-02;5.049084e-02
6.161444e-02;5.118186e-02;8.355490e-02;3.414214e-02;1.861301e-01;9.503200e-02;1.251084e-01;9.534517e-02;8.017681e-02;7.172513e-02;5.702168e-02;5.896739e-02
4.190532e-02;4.947957e-02;7.267453e-02;4.371980e-02;1.703243e-01;1.139775e-01;1.190542e-01;1.092332e-01;8.265418e-02;9.740213e-02;4.558049e-02;5.399495e-02
3.958990e-02;6.453297e-02;7.148844e-02;6.714360e-02;1.277353e-01;1.196091e-01;9.986339e-02;1.300600e-01;8.639775e-02;1.150280e-01;4.034875e-02;3.820276e-02
4.540963e-02;5.759788e-02;7.970421e-02;5.855307e-02;7.805496e-02;1.277094e-01;1.049855e-01;9.912051e-02;1.184471e-01;1.431152e-01;5.749954e-02;2.980299e-02
3.829698e-02;5.080726e-02;6.311382e-02;4.206883e-02;5.422414e-02;1.237957e-01;1.043750e-01;7.005766e-02;1.701062e-01;1.757165e-01;4.937778e-02;5.806007e-02
7.595865e-02;5.012138e-02;5.301995e-02;2.527777e-02;4.505811e-02;9.855357e-02;1.157314e-01;7.530683e-02;2.106474e-01;1.485765e-01;3.691427e-02;6.483424e-02
8.492218e-02;4.947664e-02;9.509635e-02;4.990303e-02;4.454771e-02;9.460886e-02;1.511963e-01;1.058783e-01;1.455448e-01;9.502865e-02;2.844583e-02;5.535151e-02
4.864547e-02;4.960378e-02;1.269733e-01;5.242819e-02;8.526451e-02;9.693394e-02;1.752387e-01;1.048761e-01;9.409727e-02;9.361447e-02;3.167176e-02;4.065252e-02
3.403679e-02;4.500982e-02;1.567718e-01;5.416102e-02;8.772758e-02;9.033485e-02;1.167405e-01;8.788234e-02;1.156107e-01;1.333679e-01;3.333286e-02;4.502384e-02
5.797877e-02;4.752503e-02;1.226639e-01;2.621691e-02;6.617948e-02;6.950916e-02;3.625300e-01;5.578751e-02;5.089262e-02;7.506700e-02;4.039279e-02;2.525682e-02
4.717437e-02;2.157564e-02;7.817489e-02;2.637645e-02;7.493155e-02;1.038715e-01;4.866305e-01;3.768997e-02;3.158598e-02;5.265459e-02;2.380511e-02;1.552945e-02
2.836589e-02;1.487116e-02;5.130947e-02;2.387898e-02;9.622464e-02;1.610642e-01;4.946109e-01;4.331369e-02;2.312109e-02;4.349989e-02;1.196914e-02;7.770927e-03
1.769495e-02;1.026567e-02;4.740637e-02;2.290021e-02;1.426373e-01;2.211432e-01;4.324440e-01;4.840818e-02;1.304375e-02;3.185752e-02;6.233029e-03;5.965836e-03
1.226942e-02;6.600041e-03;6.506085e-02;2.047915e-02;2.297182e-01;2.435972e-01;3.350658e-01;4.094944e-02;2.053104e-02;1.538012e-02;5.012786e-03;5.335911e-03
8.890994e-03;5.253834e-03;1.059689e-01;2.494829e-02;2.939600e-01;1.886697e-01;2.718713e-01;1.863916e-02;6.240342e-02;5.651946e-03;2.228002e-03;1.151452e-02
4.091635e-03;5.786871e-03;1.355015e-01;3.108921e-02;3.146813e-01;1.394494e-01;2.377241e-01;8.735366e-03;9.127191e-02;5.799274e-03;4.340446e-03;2.152893e-02
4.816529e-03;5.242395e-03;1.374913e-01;3.405052e-02;3.246785e-01;1.179642e-01;2.512277e-01;8.222805e-03;8.115912e-02;6.042691e-03;3.636444e-03;2.546773e-02
5.544906e-03;5.872745e-03;1.280815e-01;3.698350e-02;3.422128e-01;1.135629e-01;2.492067e-01;1.251439e-02;5.827418e-02;8.131147e-03;5.984258e-03;3.363093e-02
6.893155e-03;1.006754e-02;9.282041e-02;3.609597e-02;2.996216e-01;1.199768e-01;3.156054e-01;1.604139e-02;5.944880e-02;9.148036e-03;7.254143e-03;2.702675e-02
1.338071e-02;6.282526e-03;6.891312e-02;2.994854e-02;2.057333e-01;1.469145e-01;3.823758e-01;3.950848e-02;6.017604e-02;2.137746e-02;5.940506e-03;1.944906e-02
3.028397e-02;1.043892e-02;4.038530e-02;2.870047e-02;1.010157e-01;1.477605e-01;4.744764e-01;5.841534e-02;3.670742e-02;4.929094e-02;1.186714e-02;1.065797e-02
6.030419e-02;2.062808e-02;2.992963e-02;3.040029e-02;4.432758e-02;2.044778e-01;4.202631e-01;6.794818e-02;2.751365e-02;6.529929e-02;1.779614e-02;1.111202e-02
7.144302e-02;2.991936e-02;4.630236e-02;3.011855e-02;5.547471e-02;2.601163e-01;2.919257e-01;9.526479e-02;3.375820e-02;5.602811e-02;1.357861e-02;1.607028e-02
3.740413e-02;3.673674e-02;5.731926e-02;3.634617e-02;7.312506e-02;2.040057e-01;2.555431e-01;1.332755e-01;7.816526e-02;4.815510e-02;1.650160e-02;2.342236e-02
4.473115e-02;2.817724e-02;5.359390e-02;3.971159e-02;7.214317e-02;1.171477e-01;1.953610e-01;1.323502e-01;1.291232e-01;8.396237e-02;2.370796e-02;7.999052e-02
1.046817e-01;5.308900e-02;5.165441e-02;7.811891e-02;7.032356e-02;6.770139e-02;8.258802e-02;9.166901e-02;1.020916e-01;8.789300e-02;4.198738e-02;1.682020e-01
1.439139e-01;8.453070e-02;5.055273e-02;1.721679e-01;4.979581e-02;3.700149e-02;2.970104e-02;6.588528e-02;5.063389e-02;4.276333e-02;1.146812e-01;1.583729e-01
1.469804e-01;6.123744e-02;8.251056e-02;2.706727e-01;2.694590e-02;2.547967e-02;4.935193e-02;5.155269e-02;4.951099e-02;5.195266e-02;1.118424e-01;7.196273e-02
1.480408e-01;1.773061e-02;1.570472e-01;2.710212e-01;1.466135e-02;1.191372e-02;1.130828e-01;2.884719e-02;5.038429e-02;1.153002e-01;5.747028e-02;1.450025e-02
1.129067e-01;1.499039e-02;2.238165e-01;1.511629e-01;2.148168e-02;2.802832e-02;1.543743e-01;2.172862e-02;3.188325e-02;1.907694e-01;2.338085e-02;2.547706e-02
7.219467e-02;3.115834e-02;2.429247e-01;7.070345e-02;2.411496e-02;6.917860e-02;1.490853e-01;2.161012e-02;3.522287e-02;2.156911e-01;1.171126e-02;5.640460e-02
5.147401e-02;4.008752e-02;2.390980e-01;3.907439e-02;2.157970e-02;9.479171e-02;1.792917e-01;2.144526e-02;3.598348e-02;1.926047e-01;2.208795e-02;6.248162e-02
7.105319e-02;2.418755e-02;1.987520e-01;1.028909e-01;2.262049e-02;4.430899e-02;2.073508e-01;3.998717e-02;2.774837e-02;1.552057e-01;8.096938e-02;2.492559e-02
5.107146e-02;3.900030e-02;1.062919e-01;2.176229e-01;4.550549e-02;3.000046e-02;1.247348e-01;7.978141e-02;3.251547e-02;8.351070e-02;1.527513e-01;3.721384e-02
2.013846e-02;4.913308e-02;3.949314e-02;2.566875e-01;1.399081e-01;2.070101e-02;4.925967e-02;7.552354e-02;4.642772e-02;3.888780e-02;1.471980e-01;1.166420e-01
7.214496e-03;2.729409e-02;2.219296e-02;1.551529e-01;2.785065e-01;1.258439e-02;5.795947e-02;3.247482e-02;8.655603e-02;1.619177e-02;6.264693e-02;2.412255e-01
8.640691e-03;5.865505e-03;3.090432e-02;4.634528e-02;3.368951e-01;1.009521e-02;7.677655e-02;7.529622e-03;1.191465e-01;7.949815e-03;1.639548e-02;3.334560e-01
1.804031e-02;4.082955e-03;4.883662e-02;1.224937e-02;2.692885e-01;2.119901e-02;6.786928e-02;6.879229e-03;1.266509e-01;1.506439e-02;6.034062e-02;3.494987e-01
4.928414e-02;1.349416e-02;7.163347e-02;1.841963e-02;1.634459e-01;4.940731e-02;4.938806e-02;1.988329e-02;1.149326e-01;3.670073e-02;9.662882e-02;3.167818e-01
7.525279e-02;4.448294e-02;1.219943e-01;6.277820e-02;1.062307e-01;6.638576e-02;6.305362e-02;3.096683e-02;7.009287e-02;4.970166e-02;6.822059e-02;2.408398e-01
8.694901e-02;7.831559e-02;1.338742e-01;9.432480e-02;1.279126e-01;5.864560e-02;1.310331e-01;3.526077e-02;4.422835e-02;5.811887e-02;1.560824e-02;1.357289e-01
1.257309e-01;6.589393e-02;1.117717e-01;8.913416e-02;1.104602e-01;9.155426e-02;1.500710e-01;3.421637e-02;4.222843e-02;8.231705e-02;2.676647e-02;6.985548e-02
9.575480e-02;4.560052e-02;1.643656e-01;5.961622e-02;1.539136e-01;9.381679e-02;1.021940e-01;3.593028e-02;8.178619e-02;8.658065e-02;1.950877e-02;6.093254e-02
4.530120e-02;6.094368e-02;2.315765e-01;9.469096e-02;1.632490e-01;6.257196e-02;8.481186e-02;2.266846e-02;7.344467e-02;6.159156e-02;4.237362e-02;5.677649e-02
3.844035e-02;7.784352e-02;2.071629e-01;1.445297e-01;1.594675e-01;6.671125e-02;8.274110e-02;3.255890e-02;3.947471e-02;4.592047e-02;6.504386e-02;4.010578e-02
3.917683e-02;6.552423e-02;1.350438e-01;1.351929e-01;1.994691e-01;7.458771e-02;1.087155e-01;3.601144e-02;4.848892e-02;4.311882e-02;4.839885e-02;6.627194e-02
2.590859e-02;3.587426e-02;1.163393e-01;1.000615e-01;2.812316e-01;6.940919e-02;1.380158e-01;3.206923e-02;6.402189e-02;2.324931e-02;1.552662e-02;9.829271e-02
1.562754e-02;2.141264e-02;1.611132e-01;1.206088e-01;2.566446e-01;5.531640e-02;1.010807e-01;6.969624e-02;4.488899e-02;1.339536e-02;4.444556e-02;9.577001e-02
8.575681e-03;2.287924e-02;2.549132e-01;1.802668e-01;1.445249e-01;5.164377e-02;4.878763e-02;1.151274e-01;2.286029e-02;1.523619e-02;8.083394e-02;5.435104e-02
1.150183e-02;2.412997e-02;3.759989e-01;1.702997e-01;5.986892e-02;4.608362e-02;7.012117e-02;9.223852e-02;1.787008e-02;3.305972e-02;7.859147e-02;2.023611e-02
1.984668e-02;4.462053e-02;4.806756e-01;9.390052e-02;3.500358e-02;3.478203e-02;1.044990e-01;4.087343e-02;2.734393e-02;6.122927e-02;4.108699e-02;1.613843e-02
3.288403e-02;1.147942e-01;4.693869e-01;3.329158e-02;3.418381e-02;6.061985e-02;8.428614e-02;3.316009e-02;4.118381e-02;5.837398e-02;1.868865e-02;1.914696e-02
4.410670e-02;2.033163e-01;3.823425e-01;3.130403e-02;3.373889e-02;1.083481e-01;4.337044e-02;3.460933e-02;5.245716e-02;3.322458e-02;1.373692e-02;1.944507e-02
7.186131e-02;2.567871e-01;3.267753e-01;3.909839e-02;3.788232e-02;1.194627e-01;3.171414e-02;2.586561e-02;4.664072e-02;1.388782e-02;1.057607e-02;1.944854e-02
7.161413e-02;2.714913e-01;3.300971e-01;4.095190e-02;2.274558e-02;1.052362e-01;3.686010e-02;1.820730e-02;5.123785e-02;2.284491e-02;7.931491e-03;2.078208e-02
4.885869e-02;2.375288e-01;3.686853e-01;3.718464e-02;1.456624e-02;1.300953e-01;4.428191e-02;2.398626e-02;4.200261e-02;2.161925e-02;1.441999e-02;1.677102e-02
4.005497e-02;1.455465e-01;3.969144e-01;3.963214e-02;4.552936e-02;8.802477e-02;8.844141e-02;2.601935e-02;4.244743e-02;5.435307e-02;1.654301e-02;1.649356e-02
2.989238e-02;6.799318e-02;2.400160e-01;1.111580e-01;1.033572e-01;7.577970e-02;1.264058e-01;6.907993e-02;3.720288e-02;6.735057e-02;5.334114e-02;1.842309e-02
1.767497e-02;3.500652e-02;1.273641e-01;1.444151e-01;1.679104e-01;9.055407e-02;1.100186e-01;7.325162e-02;6.322707e-02;3.808741e-02;5.834837e-02;7.414175e-02
9.976779e-03;1.770290e-02;1.020791e-01;1.277622e-01;2.539411e-01;7.517578e-02;1.063705e-01;4.234904e-02;7.642732e-02;1.812279e-02;3.751087e-02;1.325817e-01
6.643156e-03;2.095933e-02;7.040186e-02;1.157025e-01;3.031605e-01;6.545957e-02;1.176210e-01;3.589968e-02;7.048385e-02;1.650187e-02;1.939274e-02;1.577739e-01
6.926978e-03;5.326562e-02;5.908755e-02;1.705394e-01;2.841125e-01;5.525959e-02;8.140815e-02;5.965659e-02;4.171469e-02;2.506324e-02;4.752041e-02;1.154453e-01
6.091530e-03;1.041235e-01;4.855537e-02;2.529467e-01;2.452442e-01;3.799051e-02;2.939305e-02;7.692378e-02;1.380687e-02;2.905479e-02;8.922388e-02;6.664585e-02
6.398706e-03;1.189868e-01;6.580316e-02;2.807333e-01;1.619973e-01;6.978903e-02;1.359956e-02;8.248661e-02;7.513619e-03;1.435013e-02;1.352704e-01;4.307130e-02
4.961602e-03;1.046905e-01;5.458377e-02;2.995534e-01;8.477182e-02;1.311939e-01;8.130085e-03;8.877832e-02;3.332998e-03;5.291507e-03;1.913117e-01;2.340043e-02
6.161514e-03;6.784118e-02;8.393085e-02;3.062317e-01;3.953545e-02;1.718152e-01;7.640883e-03;8.158276e-02;3.753217e-03;4.530337e-03;2.196698e-01;7.307061e-03
1.165463e-02;3.913655e-02;1.711817e-01;2.913418e-01;3.461520e-02;1.569143e-01;7.256105e-03;6.172572e-02;2.359171e-03;9.142837e-03;2.107171e-01;3.954842e-03
2.456660e-02;3.513104e-02;3.111306e-01;2.429396e-01;2.686734e-02;1.044657e-01;1.136167e-02;4.521742e-02;4.789573e-03;1.648127e-02;1.705400e-01;6.509058e-03
3.639337e-02;7.323544e-02;3.726643e-01;2.252039e-01;3.003173e-02;5.126934e-02;1.535903e-02;3.608736e-02;8.527042e-03;2.367266e-02;1.095428e-01;1.801312e-02
4.922029e-02;1.068072e-01;3.286541e-01;2.346950e-01;5.282314e-02;3.380277e-02;1.969014e-02;3.596948e-02;9.355830e-03;2.280764e-02;7.473803e-02;3.143638e-02
1.078074e-01;1.046220e-01;2.916740e-01;1.939167e-01;5.651063e-02;2.377105e-02;2.886508e-02;3.505070e-02;1.193576e-02;3.105429e-02;8.009931e-02;3.469309e-02
1.213379e-01;1.056939e-01;2.319943e-01;1.113865e-01;6.912571e-02;4.968371e-02;4.560959e-02;3.624954e-02;3.857249e-02;6.210710e-02;7.680809e-02;5.143112e-02
1.031756e-01;9.289300e-02;2.749722e-01;9.181287e-02;7.572969e-02;7.210818e-02;6.612623e-02;3.035286e-02;4.257926e-02;6.301805e-02;3.197564e-02;5.525650e-02
1.014940e-01;9.122853e-02;3.070288e-01;8.877384e-02;7.922045e-02;5.728764e-02;6.754960e-02;2.375757e-02;3.169450e-02;7.541821e-02;2.524103e-02;5.130583e-02
9.212064e-02;1.219172e-01;2.692724e-01;1.009480e-01;7.391603e-02;4.984264e-02;6.407106e-02;3.278620e-02;3.192674e-02;8.728512e-02;3.584547e-02;4.006850e-02
1.969260e-01;1.301003e-01;1.045016e-01;9.356724e-02;4.962907e-02;8.264937e-02;5.932712e-02;7.351440e-02;5.326436e-02;6.562520e-02;6.230649e-02;2.858884e-02
2.884748e-01;6.730368e-02;1.140785e-01;6.882256e-02;3.391532e-02;1.019687e-01;4.258383e-02;8.525721e-02;3.902789e-02;3.174842e-02;7.419284e-02;5.262630e-02
3.085584e-01;3.474906e-02;1.468703e-01;7.401851e-02;3.596530e-02;8.257366e-02;5.873974e-02;8.646994e-02;2.436979e-02;1.785927e-02;7.041181e-02;5.941418e-02
2.125348e-01;1.131843e-01;2.802485e-01;4.156831e-02;4.253149e-02;4.426292e-02;5.897903e-02;5.312897e-02;4.717039e-02;3.069576e-02;3.728272e-02;3.841281e-02
1.072640e-01;1.602169e-01;4.046432e-01;2.989145e-02;2.958805e-02;7.419319e-02;4.151016e-02;2.643246e-02;6.575231e-02;2.390792e-02;1.598722e-02;2.061312e-02
6.971622e-02;1.885470e-01;4.511831e-01;2.671501e-02;1.382092e-02;9.070384e-02;2.187667e-02;1.536301e-02;7.725265e-02;1.728619e-02;1.160067e-02;1.593476e-02
8.242879e-02;1.955595e-01;3.587009e-01;2.836692e-02;2.905590e-02;8.820093e-02;4.372841e-02;2.649541e-02;9.686128e-02;1.882880e-02;1.718889e-02;1.458424e-02
4.833649e-02;1.760515e-01;2.444462e-01;3.074426e-02;6.763425e-02;6.587175e-02;1.244383e-01;6.618220e-02;8.945607e-02;3.852507e-02;2.824147e-02;2.007241e-02
1.307154e-01;1.539507e-01;1.741213e-01;2.756822e-02;7.409811e-02;4.497413e-02;1.511389e-01;8.370353e-02;6.891954e-02;4.245057e-02;2.799933e-02;2.036028e-02
2.204996e-01;1.528978e-01;1.051201e-01;1.757511e-02;8.282305e-02;3.108840e-02;1.410397e-01;1.123219e-01;5.653261e-02;4.008858e-02;2.465536e-02;1.535782e-02
2.897867e-01;1.243286e-01;5.367105e-02;9.938532e-03;1.091705e-01;3.090641e-02;9.361468e-02;1.660167e-01;4.470672e-02;3.205130e-02;2.009510e-02;2.571366e-02
3.181875e-01;8.101957e-02;2.537945e-02;2.046310e-02;7.534115e-02;9.824567e-02;6.329118e-02;1.497633e-01;5.753473e-02;5.386679e-02;1.276809e-02;4.413947e-02
2.737302e-01;4.478563e-02;1.799520e-02;5.003128e-02;2.362190e-02;1.548418e-01;1.081385e-01;7.118890e-02;4.737188e-02;1.259246e-01;9.529084e-03;7.284095e-02
1.916943e-01;4.114503e-02;2.508909e-02;6.763378e-02;1.015156e-02;1.139610e-01;2.442836e-01;3.428020e-02;2.559156e-02;1.339805e-01;1.354622e-02;9.864323e-02
1.593263e-01;5.067703e-02;2.716559e-02;6.289716e-02;1.179827e-02;5.074616e-02;3.934178e-01;1.584821e-02;1.751391e-02;7.544988e-02;1.983116e-02;1.153285e-01
1.336589e-01;6.235436e-02;2.464505e-02;4.524928e-02;1.768345e-02;2.481254e-02;4.520037e-01;4.723442e-02;1.989980e-02;2.886561e-02;2.386468e-02;1.197282e-01
8.709734e-02;4.945116e-02;2.418151e-02;3.458061e-02;3.912387e-02;3.144459e-02;4.479371e-01;8.847530e-02;1.712526e-02;2.216017e-02;3.104119e-02;1.273818e-01
6.797358e-02;3.108621e-02;3.117551e-02;2.505974e-02;9.281300e-02;4.705282e-02;3.216107e-01;1.664099e-01;3.046195e-02;2.259623e-02;4.640256e-02;1.173579e-01
4.213642e-02;1.439488e-02;4.022438e-02;1.794569e-02;1.490377e-01;6.740454e-02;2.014064e-01;1.973670e-01;8.802142e-02;2.501416e-02;6.883077e-02;8.821670e-02
3.413451e-02;1.129116e-02;5.680710e-02;1.592051e-02;1.593851e-01;1.061998e-01;1.242418e-01;1.306396e-01;1.551019e-01;4.704731e-02;9.794750e-02;6.128372e-02
1.845537e-02;1.123836e-02;6.854652e-02;1.208562e-02;1.086539e-01;2.139546e-01;8.135632e-02;5.638457e-02;1.610355e-01;1.068946e-01;1.212471e-01;4.014751e-02
3.457848e-02;2.465867e-02;6.990223e-02;2.124289e-02;5.128982e-02;2.667209e-01;1.035565e-01;4.049855e-02;9.904522e-02;1.491231e-01;1.028472e-01;3.653648e-02
7.427310e-02;4.179328e-02;7.479055e-02;3.355136e-02;4.272426e-02;2.112592e-01;1.434388e-01;4.927280e-02;6.990850e-02;1.468763e-01;7.028729e-02;4.182452e-02
8.027186e-02;5.276405e-02;1.239027e-01;3.998250e-02;5.635819e-02;1.330464e-01;1.340415e-01;5.462584e-02;9.962904e-02;1.441710e-01;4.324799e-02;3.795892e-02
3.209412e-02;5.221702e-02;1.145654e-01;4.102222e-02;5.814282e-02;8.244909e-02;7.653252e-02;5.427878e-02;2.098222e-01;1.824760e-01;6.176479e-02;3.463508e-02
2.049704e-02;4.456845e-02;8.371159e-02;5.250094e-02;9.143356e-02;6.547333e-02;6.170544e-02;3.925368e-02;2.206628e-01;2.037915e-01;7.656558e-02;3.983604e-02
2.343645e-02;4.385904e-02;9.676249e-02;4.560073e-02;1.054855e-01;4.675787e-02;1.223596e-01;6.136568e-02;1.308695e-01;1.988041e-01;7.870839e-02;4.599065e-02
7.525473e-02;6.624331e-02;1.133570e-01;4.309281e-02;9.323052e-02;6.408099e-02;1.203584e-01;8.555231e-02;6.613845e-02;1.617786e-01;6.898244e-02;4.193044e-02
6.042945e-02;8.396946e-02;7.069382e-02;3.772812e-02;9.058090e-02;8.452654e-02;1.858255e-01;1.085989e-01;5.607786e-02;1.184465e-01;6.721234e-02;3.591063e-02
5.067587e-02;9.461377e-02;9.489110e-02;3.238923e-02;7.523561e-02;7.160623e-02;2.321330e-01;1.211616e-01;4.842210e-02;7.656794e-02;6.897241e-02;3.333103e-02
1.114600e-01;1.068328e-01;1.366788e-01;2.850458e-02;6.146071e-02;5.046235e-02;1.634456e-01;1.073618e-01;5.206630e-02;7.267859e-02;7.130281e-02;3.774569e-02
1.856616e-01;1.029441e-01;1.582775e-01;5.157716e-02;3.835453e-02;3.174601e-02;1.413876e-01;7.832818e-02;3.999314e-02;6.596603e-02;7.163644e-02;3.412775e-02
1.892325e-01;1.029767e-01;1.538672e-01;7.748847e-02;3.066307e-02;4.194807e-02;1.612050e-01;5.882608e-02;2.097998e-02;5.979453e-02;6.319416e-02;3.982427e-02
1.324225e-01;1.435871e-01;1.577257e-01;1.012243e-01;5.062405e-02;4.906214e-02;9.038331e-02;5.669883e-02;3.805925e-02;6.550285e-02;6.844210e-02;4.626774e-02
9.034243e-02;1.439786e-01;1.801832e-01;7.726385e-02;6.367164e-02;5.744039e-02;9.533221e-02;4.941388e-02;6.373704e-02;6.453063e-02;7.024230e-02;4.386383e-02
8.639792e-02;9.860688e-02;2.298652e-01;5.889024e-02;6.834934e-02;5.656501e-02;1.384729e-01;4.027369e-02;6.897524e-02;5.570628e-02;6.543322e-02;3.246415e-02
1.022220e-01;1.136069e-01;2.432902e-01;5.978843e-02;7.684548e-02;4.692287e-02;1.173324e-01;3.616600e-02;5.224838e-02;5.753327e-02;6.604033e-02;2.800372e-02
9.229228e-02;1.142758e-01;2.340408e-01;8.829468e-02;8.071365e-02;5.475329e-02;5.361662e-02;5.780570e-02;2.705618e-02;6.821255e-02;7.237884e-02;5.655955e-02
1.088427e-01;7.794872e-02;1.591791e-01;1.145382e-01;8.299313e-02;9.163521e-02;4.740371e-02;6.401400e-02;4.213464e-02;7.961122e-02;7.017200e-02;6.152734e-02
1.179838e-01;9.727015e-02;2.020771e-01;8.450577e-02;6.020217e-02;8.659038e-02;6.106090e-02;5.635704e-02;4.964400e-02;9.085555e-02;5.288209e-02;4.057105e-02
