4.677951e-02;1.046423e-01;1.104723e-01;9.537632e-02;3.153035e-02;6.968746e-02;1.026426e-01;4.602233e-02;6.157489e-02;7.680809e-02;1.053401e-01;1.491238e-01
4.638337e-02;9.460903e-02;1.022367e-01;9.337613e-02;5.111739e-02;8.353321e-02;1.033586e-01;4.572974e-02;5.226591e-02;6.970952e-02;1.157116e-01;1.419688e-01
5.556327e-02;7.763319e-02;1.292558e-01;7.951655e-02;6.790239e-02;9.474927e-02;7.098501e-02;6.017232e-02;7.057228e-02;7.067946e-02;1.236500e-01;9.932043e-02
8.231475e-02;1.025967e-01;1.359966e-01;5.198383e-02;6.789518e-02;1.008148e-01;4.272009e-02;8.257458e-02;9.525154e-02;7.290118e-02;8.389763e-02;8.105311e-02
7.999067e-02;1.183242e-01;8.564118e-02;6.633866e-02;3.617261e-02;1.449228e-01;6.837459e-02;7.992392e-02;8.633041e-02;6.802375e-02;5.674901e-02;1.092082e-01
6.145056e-02;9.729373e-02;7.452617e-02;6.353302e-02;3.584702e-02;1.708474e-01;1.333304e-01;9.719680e-02;7.073111e-02;6.244622e-02;7.010775e-02;6.268983e-02
6.056223e-02;1.032550e-01;7.559421e-02;7.196612e-02;4.240744e-02;1.647982e-01;1.137777e-01;8.092749e-02;6.656341e-02;8.427396e-02;7.852508e-02;5.734925e-02
7.521824e-02;8.379673e-02;9.610703e-02;1.088976e-01;5.653857e-02;1.087376e-01;8.578459e-02;1.039468e-01;4.686897e-02;9.109498e-02;5.438599e-02;8.862291e-02
7.896904e-02;8.067408e-02;1.170539e-01;1.452068e-01;7.985874e-02;7.043047e-02;6.865776e-02;1.129554e-01;5.070031e-02;9.007686e-02;3.709577e-02;6.832094e-02
9.114305e-02;1.213262e-01;1.588659e-01;1.225138e-01;9.128272e-02;5.014002e-02;4.253865e-02;1.190670e-01;6.067926e-02;6.515492e-02;4.980947e-02;2.747905e-02
1.683361e-01;1.623380e-01;1.588984e-01;5.918612e-02;8.254065e-02;3.831158e-02;2.266407e-02;1.187937e-01;5.908180e-02;3.274556e-02;5.908735e-02;3.801667e-02
2.534471e-01;1.485072e-01;1.193339e-01;2.549107e-02;8.581048e-02;2.764704e-02;3.759176e-02;1.218181e-01;5.685543e-02;1.445689e-02;5.943019e-02;4.961082e-02
3.175801e-01;8.561969e-02;5.502943e-02;2.115511e-02;1.125848e-01;2.907979e-02;5.842230e-02;1.564755e-01;4.542246e-02;1.232531e-02;4.579402e-02;6.051147e-02
2.964761e-01;7.658125e-02;5.418877e-02;2.501422e-02;1.003688e-01;3.839332e-02;9.441023e-02;1.629785e-01;3.606138e-02;1.236872e-02;2.547985e-02;7.767892e-02
2.166288e-01;6.607973e-02;5.632706e-02;3.216292e-02;6.132914e-02;7.575570e-02;1.737815e-01;1.186742e-01;2.876314e-02;2.087633e-02;1.999720e-02;1.296243e-01
1.349786e-01;8.460440e-02;5.771450e-02;3.655121e-02;3.669148e-02;1.236140e-01;2.124541e-01;5.674024e-02;2.960547e-02;3.061949e-02;2.977672e-02;1.666499e-01
1.136636e-01;1.050422e-01;5.007329e-02;3.876868e-02;3.293030e-02;1.579093e-01;1.574378e-01;4.554981e-02;5.494055e-02;4.156739e-02;6.116738e-02;1.409498e-01
1.240407e-01;1.042110e-01;3.141243e-02;3.408156e-02;3.853909e-02;1.511012e-01;1.210307e-01;7.546608e-02;9.732992e-02;6.631764e-02;7.829276e-02;7.817690e-02
1.029301e-01;1.508275e-01;6.214232e-02;2.702705e-02;8.012412e-02;9.289417e-02;6.435095e-02;1.001858e-01;1.053634e-01;7.583912e-02;5.934465e-02;7.897074e-02
1.137609e-01;1.415373e-01;7.274821e-02;2.925063e-02;7.454971e-02;1.143892e-01;1.221350e-01;9.593365e-02;7.216445e-02;6.205184e-02;4.218160e-02;5.929762e-02
1.525749e-01;1.152517e-01;8.373225e-02;3.857440e-02;4.168684e-02;1.846782e-01;9.962925e-02;1.179481e-01;5.832546e-02;6.164834e-02;1.869086e-02;2.725978e-02
1.550910e-01;1.205818e-01;7.685534e-02;3.779026e-02;2.946399e-02;2.091659e-01;6.019565e-02;1.379818e-01;5.161488e-02;5.427464e-02;1.210510e-02;5.487961e-02
1.163302e-01;1.056507e-01;7.841794e-02;4.142941e-02;3.767370e-02;1.599470e-01;1.204786e-01;1.369947e-01;5.501242e-02;3.654716e-02;3.092817e-02;8.058996e-02
8.323566e-02;7.156977e-02;6.478781e-02;6.687292e-02;7.592186e-02;1.130665e-01;1.396528e-01;1.289923e-01;6.706268e-02;2.774848e-02;6.337893e-02;9.771021e-02
9.541550e-02;9.963125e-02;1.128809e-01;6.269664e-02;6.880565e-02;8.465206e-02;8.431002e-02;1.188418e-01;1.108154e-01;5.541423e-02;4.552698e-02;6.100957e-02
9.884708e-02;1.309505e-01;1.173552e-01;5.130903e-02;4.986311e-02;7.782854e-02;9.422474e-02;1.276603e-01;1.353333e-01;6.192459e-02;1.974554e-02;3.495811e-02
1.096651e-01;1.123825e-01;9.521302e-02;4.850378e-02;6.440089e-02;1.091253e-01;1.263980e-01;1.012728e-01;1.388581e-01;4.633433e-02;1.310172e-02;3.474449e-02
1.278554e-01;9.548354e-02;1.008592e-01;3.595449e-02;5.441400e-02;1.326768e-01;7.716330e-02;1.631265e-01;1.002615e-01;3.685280e-02;1.687295e-02;5.847948e-02
1.226975e-01;8.540576e-02;1.610936e-01;1.991720e-02;3.493148e-02;1.373823e-01;6.068974e-02;1.808859e-01;6.404355e-02;2.715301e-02;3.809565e-02;6.770425e-02
7.781974e-02;1.530217e-01;1.787202e-01;1.626292e-02;2.146917e-02;1.833647e-01;5.100207e-02;1.343470e-01;7.365774e-02;2.589892e-02;3.753977e-02;4.689601e-02
6.201211e-02;2.159751e-01;1.880317e-01;2.272205e-02;1.904903e-02;1.656860e-01;4.736106e-02;1.251964e-01;7.110513e-02;2.202464e-02;2.578048e-02;3.505630e-02
5.788559e-02;3.286801e-01;2.061503e-01;2.144306e-02;1.745192e-02;1.117897e-01;3.553174e-02;8.876707e-02;7.016232e-02;1.286316e-02;1.945886e-02;2.981621e-02
6.809976e-02;4.082731e-01;2.240786e-01;1.780925e-02;1.629545e-02;4.869225e-02;2.909531e-02;4.868805e-02;4.956364e-02;1.399797e-02;4.031176e-02;3.509494e-02
1.220652e-01;3.483265e-01;2.004042e-01;1.423406e-02;2.715111e-02;4.425361e-02;3.989007e-02;7.807737e-02;2.524182e-02;1.759716e-02;4.794277e-02;3.481604e-02
1.770557e-01;2.254581e-01;1.408437e-01;2.911565e-02;1.988386e-02;6.669208e-02;8.683319e-02;1.279405e-01;1.421397e-02;3.524332e-02;2.865692e-02;4.806297e-02
1.432772e-01;1.054695e-01;9.309245e-02;5.803078e-02;6.120285e-03;9.121823e-02;1.846504e-01;1.546504e-01;2.243624e-02;5.761216e-02;1.660469e-02;6.683774e-02
6.010846e-02;7.799765e-02;7.810596e-02;1.136878e-01;6.217202e-03;6.748856e-02;2.703119e-01;1.448220e-01;2.946387e-02;6.197505e-02;1.667469e-02;7.314683e-02
3.688448e-02;6.605098e-02;4.939434e-02;1.617020e-01;7.668600e-03;4.887927e-02;3.280848e-01;1.319363e-01;2.296678e-02;5.290788e-02;1.243470e-02;8.108997e-02
4.107662e-02;7.610667e-02;3.682699e-02;1.660482e-01;7.339584e-03;5.583316e-02;3.308273e-01;1.204421e-01;2.481788e-02;4.621100e-02;1.813192e-02;7.633857e-02
6.101573e-02;8.863484e-02;4.690513e-02;1.253040e-01;6.899986e-03;8.171719e-02;2.741739e-01;1.268266e-01;4.664655e-02;4.464503e-02;3.275741e-02;6.447366e-02
9.737450e-02;1.342506e-01;1.012728e-01;6.749973e-02;1.954584e-02;6.287195e-02;1.631515e-01;1.269237e-01;7.587046e-02;3.756896e-02;4.400217e-02;6.966773e-02
7.175467e-02;1.631853e-01;9.144181e-02;8.536743e-02;1.722712e-02;2.922119e-02;1.931575e-01;1.286045e-01;4.192373e-02;5.030528e-02;2.436147e-02;1.034501e-01
5.500601e-02;1.162330e-01;5.177867e-02;9.755906e-02;1.711811e-02;3.805341e-02;2.611352e-01;1.175319e-01;2.573559e-02;5.125273e-02;2.399515e-02;1.446012e-01
5.782590e-02;9.237265e-02;4.847593e-02;8.062787e-02;1.771223e-02;7.633038e-02;2.718083e-01;6.280673e-02;2.207900e-02;4.107488e-02;3.996900e-02;1.889171e-01
5.024473e-02;1.013714e-01;8.465926e-02;5.533516e-02;1.924501e-02;1.132135e-01;1.965724e-01;6.002537e-02;3.349383e-02;3.522612e-02;5.936580e-02;1.912474e-01
7.989789e-02;1.537999e-01;1.116757e-01;3.251641e-02;2.177097e-02;1.248146e-01;1.131310e-01;8.227548e-02;5.548756e-02;3.547552e-02;6.473789e-02;1.244170e-01
1.032656e-01;1.831077e-01;1.258095e-01;3.135164e-02;2.476657e-02;6.885660e-02;1.848121e-01;8.612892e-02;5.359591e-02;3.115888e-02;3.917215e-02;6.797440e-02
1.074373e-01;2.022378e-01;1.700477e-01;4.378076e-02;1.866161e-02;2.715302e-02;1.956796e-01;7.734796e-02;3.459285e-02;2.214234e-02;2.381484e-02;7.710424e-02
9.668937e-02;2.013996e-01;1.760270e-01;4.252525e-02;2.123383e-02;6.396790e-02;2.256983e-01;2.964311e-02;2.109982e-02;1.721835e-02;2.919152e-02;7.530601e-02
9.018952e-02;2.170218e-01;1.540712e-01;2.437933e-02;1.169815e-02;1.177250e-01;1.653061e-01;6.070210e-02;1.783200e-02;1.443617e-02;2.760592e-02;9.903273e-02
9.497681e-02;2.625021e-01;1.410086e-01;3.229911e-02;1.597198e-02;1.339745e-01;5.926849e-02;7.945859e-02;3.143193e-02;1.957282e-02;1.507937e-02;1.144558e-01
9.144972e-02;2.498984e-01;1.009013e-01;4.087567e-02;2.020925e-02;1.079490e-01;1.066567e-01;7.991761e-02;3.883706e-02;2.979110e-02;2.823797e-02;1.052762e-01
1.076088e-01;2.339814e-01;1.909797e-01;3.295951e-02;2.868474e-02;4.793589e-02;8.839151e-02;9.809726e-02;3.897734e-02;3.041306e-02;3.982838e-02;6.214236e-02
1.105224e-01;1.123282e-01;1.163493e-01;4.551381e-02;6.613633e-02;8.472620e-02;8.602841e-02;1.485889e-01;6.635366e-02;4.859599e-02;6.299990e-02;5.185695e-02
1.208930e-01;1.189912e-01;6.302770e-02;5.011372e-02;5.670296e-02;6.749964e-02;1.185083e-01;1.646173e-01;6.440690e-02;5.085926e-02;4.116870e-02;8.321126e-02
1.046369e-01;1.000475e-01;3.751523e-02;6.163694e-02;4.045484e-02;4.145610e-02;2.190246e-01;1.731072e-01;3.563586e-02;5.289474e-02;1.624623e-02;1.173438e-01
5.347902e-02;7.181546e-02;2.817879e-02;7.727045e-02;2.540922e-02;5.736770e-02;3.518088e-01;1.283840e-01;1.687068e-02;5.421797e-02;1.037855e-02;1.248193e-01
3.058258e-02;5.872111e-02;3.245235e-02;1.037299e-01;1.533400e-02;8.243603e-02;4.150415e-01;9.447163e-02;1.344316e-02;5.302176e-02;1.220459e-02;8.856144e-02
2.670599e-02;7.173679e-02;4.652626e-02;1.390197e-01;1.352002e-02;8.735006e-02;4.217054e-01;6.634517e-02;1.231446e-02;4.343083e-02;7.304353e-03;6.404101e-02
2.310532e-02;7.021150e-02;4.623548e-02;1.844219e-01;1.286886e-02;7.698084e-02;4.206693e-01;3.663990e-02;1.629186e-02;3.358717e-02;7.814363e-03;7.117349e-02
3.699981e-02;1.006638e-01;4.455443e-02;1.756248e-01;2.151000e-02;6.028302e-02;3.732253e-01;3.689523e-02;2.471280e-02;2.678869e-02;1.820775e-02;8.053438e-02
5.047762e-02;1.421178e-01;7.570507e-02;1.005801e-01;4.070348e-02;5.806176e-02;2.783605e-01;5.540705e-02;4.875369e-02;2.767268e-02;5.195438e-02;7.020584e-02
5.424736e-02;1.254381e-01;1.052003e-01;4.045550e-02;4.546126e-02;5.537546e-02;2.003211e-01;9.361281e-02;8.349286e-02;3.825516e-02;8.646407e-02;7.167599e-02
5.695722e-02;9.261750e-02;8.905870e-02;2.738850e-02;3.616474e-02;7.284839e-02;1.748413e-01;1.040982e-01;9.575301e-02;4.686904e-02;8.926018e-02;1.141433e-01
5.567494e-02;8.514795e-02;7.233090e-02;4.361575e-02;3.570149e-02;7.901937e-02;1.623910e-01;1.338551e-01;8.861468e-02;4.421986e-02;5.836482e-02;1.410641e-01
4.062504e-02;1.152102e-01;1.026366e-01;6.512734e-02;3.037475e-02;6.816858e-02;1.767924e-01;1.280663e-01;7.538373e-02;4.449931e-02;3.552906e-02;1.175867e-01
6.974119e-02;1.516573e-01;8.641027e-02;5.437103e-02;3.800289e-02;1.000985e-01;1.632762e-01;6.498630e-02;7.996224e-02;3.810155e-02;4.735776e-02;1.060347e-01
6.674764e-02;1.322986e-01;7.813317e-02;3.188204e-02;2.805045e-02;1.419060e-01;1.715356e-01;1.147911e-01;9.958203e-02;2.545901e-02;3.613918e-02;7.347509e-02
6.014485e-02;1.343455e-01;9.679218e-02;3.087464e-02;1.607396e-02;1.456574e-01;2.200921e-01;1.398939e-01;9.396943e-02;1.959334e-02;1.142787e-02;3.113481e-02
2.950351e-02;1.112105e-01;9.044203e-02;3.572498e-02;2.542164e-02;1.024369e-01;2.217931e-01;2.036014e-01;9.255674e-02;2.149431e-02;2.077213e-02;4.504282e-02
3.629306e-02;1.321980e-01;9.861682e-02;3.256112e-02;2.652936e-02;1.157469e-01;1.712451e-01;1.820166e-01;7.854445e-02;2.666118e-02;3.197827e-02;6.760913e-02
3.747450e-02;2.015734e-01;1.199081e-01;3.256595e-02;2.465233e-02;9.933618e-02;1.493237e-01;1.288059e-01;5.222251e-02;3.438593e-02;3.514609e-02;8.460543e-02
5.563788e-02;2.225080e-01;1.334556e-01;6.081391e-02;3.192275e-02;5.691497e-02;1.312769e-01;1.111355e-01;7.689077e-02;3.072548e-02;2.914279e-02;5.957538e-02
8.373884e-02;2.253759e-01;1.254990e-01;7.237738e-02;4.065463e-02;4.213528e-02;1.063861e-01;1.020518e-01;9.009937e-02;3.372104e-02;2.676166e-02;5.119906e-02
6.650715e-02;1.719824e-01;1.282359e-01;6.289446e-02;3.949567e-02;7.829680e-02;9.738452e-02;9.277336e-02;1.061064e-01;4.093084e-02;3.089628e-02;8.449630e-02
4.928343e-02;1.974788e-01;1.764108e-01;3.476382e-02;2.589858e-02;9.946578e-02;9.773416e-02;8.255172e-02;9.111280e-02;3.548098e-02;3.081067e-02;7.900848e-02
6.502802e-02;2.955294e-01;2.365546e-01;2.297695e-02;2.217201e-02;6.610143e-02;6.806307e-02;4.625309e-02;6.237953e-02;2.674526e-02;2.216804e-02;6.602858e-02
6.714053e-02;3.450272e-01;3.063215e-01;1.975493e-02;1.605909e-02;5.780042e-02;3.412621e-02;2.963984e-02;3.874161e-02;2.227189e-02;1.250610e-02;5.061060e-02
4.502820e-02;3.545569e-01;3.909948e-01;1.407544e-02;7.097959e-03;4.383082e-02;1.463965e-02;2.340135e-02;3.733305e-02;2.608028e-02;7.518840e-03;3.544271e-02
2.855161e-02;3.257018e-01;4.065390e-01;1.642687e-02;6.365985e-03;4.795823e-02;1.250480e-02;3.619321e-02;5.465563e-02;3.646527e-02;6.968164e-03;2.166948e-02
2.569642e-02;3.075620e-01;3.808294e-01;1.861870e-02;6.241057e-03;6.531335e-02;2.264654e-02;3.659964e-02;7.682181e-02;3.624896e-02;9.698275e-03;1.372386e-02
2.641760e-02;3.217613e-01;3.756783e-01;1.989223e-02;5.550200e-03;5.948138e-02;2.012191e-02;2.544076e-02;9.273998e-02;2.931327e-02;9.395453e-03;1.420763e-02
2.594300e-02;3.484378e-01;3.575729e-01;1.747593e-02;6.958255e-03;6.411983e-02;1.487691e-02;2.779959e-02;9.219501e-02;2.382366e-02;1.063515e-02;1.016201e-02
4.720575e-02;3.887633e-01;3.152152e-01;1.487815e-02;1.150880e-02;3.856241e-02;3.397242e-02;2.880118e-02;8.192628e-02;2.343669e-02;8.076198e-03;7.653565e-03
6.819805e-02;3.781027e-01;2.512946e-01;1.388709e-02;1.922747e-02;3.112691e-02;6.207079e-02;2.928347e-02;8.186301e-02;3.759430e-02;1.708800e-02;1.026363e-02
9.816356e-02;3.132055e-01;1.775634e-01;1.399921e-02;3.734530e-02;1.935929e-02;7.598329e-02;7.802080e-02;7.903447e-02;5.197788e-02;3.910193e-02;1.624532e-02
1.577005e-01;2.634412e-01;1.118303e-01;2.274654e-02;7.612713e-02;2.506015e-02;6.095649e-02;1.058180e-01;5.146424e-02;3.981602e-02;5.895960e-02;2.607984e-02
1.504926e-01;2.926440e-01;1.458455e-01;3.354040e-02;9.438913e-02;3.661137e-02;4.718192e-02;9.715445e-02;3.022939e-02;1.078629e-02;3.660743e-02;2.451754e-02
1.392629e-01;2.650025e-01;1.746061e-01;2.906054e-02;9.412953e-02;5.978012e-02;5.129516e-02;1.049446e-01;3.406791e-02;9.525076e-03;2.537848e-02;1.294699e-02
1.546709e-01;2.262407e-01;1.652082e-01;2.326133e-02;8.334488e-02;4.518559e-02;5.426604e-02;1.302574e-01;5.056958e-02;1.382537e-02;3.352485e-02;1.964511e-02
1.678643e-01;2.003708e-01;1.296899e-01;2.998989e-02;1.146155e-01;4.944880e-02;5.929402e-02;1.381306e-01;4.460813e-02;1.510815e-02;2.392092e-02;2.695904e-02
1.352590e-01;2.270253e-01;1.315102e-01;3.052148e-02;1.399988e-01;8.904558e-02;5.375940e-02;1.076162e-01;2.785435e-02;1.371825e-02;8.972873e-03;3.471854e-02
1.177960e-01;2.042884e-01;1.519984e-01;2.886636e-02;1.013035e-01;1.466481e-01;3.798446e-02;9.422814e-02;2.434803e-02;2.415274e-02;1.154937e-02;5.683659e-02
1.233666e-01;9.633531e-02;1.111981e-01;4.896034e-02;5.999290e-02;1.602065e-01;8.114159e-02;8.861601e-02;5.411512e-02;5.538975e-02;1.935535e-02;1.013224e-01
1.272142e-01;1.988133e-01;6.440723e-02;3.947022e-02;3.169692e-02;7.674382e-02;1.253091e-01;5.705436e-02;7.191366e-02;6.984016e-02;4.463204e-02;9.290487e-02
7.520978e-02;2.657772e-01;1.729686e-01;2.820129e-02;2.855281e-02;6.703799e-02;7.641755e-02;7.336357e-02;8.037432e-02;4.996878e-02;4.489461e-02;3.723350e-02
6.778057e-02;2.213750e-01;1.967902e-01;3.852772e-02;4.190249e-02;5.574045e-02;4.579045e-02;8.101282e-02;9.525681e-02;6.204287e-02;4.250538e-02;5.127528e-02
6.339259e-02;2.243406e-01;1.974314e-01;4.116275e-02;5.457757e-02;5.449418e-02;3.741281e-02;7.636612e-02;1.013944e-01;6.097792e-02;3.478715e-02;5.366260e-02
8.787969e-02;2.391277e-01;1.540200e-01;3.583300e-02;5.342930e-02;7.026275e-02;5.202038e-02;9.885199e-02;7.841859e-02;3.632069e-02;4.200897e-02;5.182693e-02
9.188695e-02;3.132482e-01;1.946084e-01;2.202982e-02;2.955900e-02;6.091103e-02;6.358473e-02;9.779871e-02;3.896884e-02;3.541865e-02;3.127852e-02;2.070713e-02
7.207192e-02;2.444874e-01;2.355498e-01;2.204832e-02;3.633257e-02;4.123628e-02;7.118063e-02;1.120503e-01;6.460462e-02;4.280259e-02;2.897647e-02;2.865903e-02
6.555961e-02;2.361784e-01;2.631163e-01;2.855204e-02;3.044438e-02;4.524424e-02;6.261037e-02;9.000756e-02;4.984631e-02;5.833906e-02;2.522643e-02;4.487535e-02
6.512894e-02;2.590748e-01;2.521504e-01;3.048547e-02;1.904001e-02;4.053759e-02;6.960458e-02;9.603746e-02;4.606212e-02;4.716248e-02;2.336202e-02;5.135414e-02
6.287838e-02;2.011985e-01;2.598006e-01;3.146183e-02;2.101781e-02;5.816244e-02;6.852134e-02;1.016871e-01;5.879265e-02;4.605072e-02;4.570445e-02;4.472423e-02
5.182627e-02;1.894738e-01;2.221992e-01;4.372642e-02;2.749077e-02;9.604055e-02;6.994168e-02;1.091074e-01;7.124592e-02;4.229374e-02;4.687572e-02;2.977843e-02
4.703342e-02;2.257651e-01;1.661275e-01;3.576940e-02;3.818793e-02;8.460388e-02;7.299297e-02;1.214579e-01;1.072820e-01;4.016310e-02;3.204850e-02;2.856835e-02
7.846375e-02;2.706566e-01;1.380515e-01;1.839485e-02;4.616364e-02;7.134349e-02;4.984163e-02;1.051121e-01;1.303636e-01;3.631482e-02;2.463754e-02;3.065655e-02
1.039506e-01;2.723814e-01;1.247457e-01;2.544415e-02;5.398132e-02;6.180352e-02;2.224204e-02;1.202758e-01;1.362574e-01;2.854693e-02;2.042865e-02;2.994249e-02
9.281990e-02;2.988456e-01;2.196130e-01;3.414277e-02;3.472474e-02;3.374267e-02;3.817520e-02;9.628176e-02;8.742358e-02;2.365000e-02;1.572134e-02;2.485936e-02
7.765878e-02;3.093161e-01;2.113506e-01;3.648460e-02;3.395622e-02;4.259619e-02;4.195555e-02;1.033551e-01;7.910848e-02;2.640891e-02;1.573377e-02;2.207562e-02
9.436534e-02;2.820951e-01;1.452293e-01;6.703015e-02;4.957262e-02;7.577034e-02;3.001018e-02;1.143795e-01;7.675175e-02;2.316138e-02;1.712906e-02;2.450533e-02
4.424938e-02;1.857310e-01;1.616608e-01;9.713282e-02;1.013995e-01;1.145869e-01;2.225045e-02;1.036124e-01;5.555569e-02;2.766421e-02;3.909816e-02;4.705876e-02
1.614862e-02;9.532030e-02;1.664289e-01;9.715246e-02;1.213908e-01;1.421172e-01;3.013218e-02;1.093155e-01;8.556071e-02;4.469781e-02;4.297829e-02;4.875723e-02
2.020697e-02;2.733730e-02;1.298822e-01;1.174306e-01;1.121210e-01;1.288719e-01;6.419846e-02;1.067551e-01;1.535557e-01;5.768858e-02;3.710306e-02;4.484908e-02
4.134902e-02;6.372628e-02;1.066878e-01;1.187774e-01;6.012269e-02;7.318180e-02;7.828268e-02;9.246062e-02;2.407337e-01;6.280927e-02;2.752554e-02;3.434316e-02
5.610111e-02;7.937769e-02;9.387266e-02;8.149930e-02;4.194819e-02;8.028346e-02;4.197382e-02;1.262492e-01;2.619056e-01;3.551888e-02;2.782890e-02;7.344122e-02
8.366144e-02;7.073697e-02;8.459109e-02;5.637209e-02;3.996333e-02;7.625663e-02;2.004116e-02;1.436805e-01;2.388154e-01;2.950062e-02;2.965586e-02;1.267249e-01
7.572556e-02;7.843608e-02;8.822127e-02;4.813794e-02;3.896354e-02;7.034374e-02;9.560682e-03;2.073245e-01;1.803904e-01;3.917480e-02;3.764355e-02;1.260780e-01
4.014925e-02;8.501247e-02;1.213075e-01;5.392744e-02;3.677130e-02;6.585059e-02;1.405559e-02;2.487650e-01;1.360717e-01;3.491863e-02;6.975923e-02;9.341130e-02
3.402768e-02;8.459997e-02;1.394965e-01;4.138415e-02;2.717256e-02;8.240272e-02;3.199146e-02;2.730098e-01;1.033045e-01;2.731853e-02;6.961103e-02;8.568106e-02
3.866601e-02;1.168206e-01;1.961220e-01;4.207637e-02;1.932503e-02;7.991392e-02;2.731435e-02;2.641394e-01;5.139789e-02;2.430831e-02;3.916043e-02;1.007557e-01
4.902743e-02;1.244382e-01;2.088655e-01;3.304356e-02;1.558542e-02;6.010570e-02;4.455017e-02;2.303951e-01;6.718881e-02;3.168306e-02;1.770613e-02;1.174109e-01
4.116723e-02;1.434513e-01;1.922294e-01;2.813631e-02;1.739099e-02;5.877144e-02;6.230570e-02;2.032273e-01;7.998478e-02;4.578875e-02;2.235631e-02;1.051904e-01
4.766761e-02;1.510963e-01;1.758214e-01;4.310216e-02;2.300340e-02;8.879031e-02;6.126983e-02;1.655450e-01;9.056757e-02;4.383229e-02;3.259115e-02;7.671299e-02
6.622452e-02;1.166332e-01;1.918127e-01;7.612760e-02;2.346738e-02;8.477276e-02;4.293661e-02;1.726204e-01;1.194908e-01;3.240509e-02;2.653558e-02;4.697340e-02
5.238480e-02;9.534259e-02;2.251138e-01;7.619591e-02;4.855499e-02;6.562901e-02;3.113899e-02;2.081502e-01;1.257789e-01;3.342997e-02;1.632069e-02;2.196021e-02
3.419585e-02;1.301238e-01;2.418940e-01;4.337415e-02;4.725758e-02;4.491258e-02;2.919861e-02;2.565547e-01;9.924491e-02;2.533634e-02;9.312344e-03;3.859521e-02
3.181847e-02;1.368689e-01;2.305291e-01;8.767179e-03;4.422045e-02;6.140341e-02;4.151427e-02;2.996720e-01;7.524763e-02;1.917215e-02;8.320283e-03;4.246612e-02
3.885492e-02;1.959390e-01;1.766267e-01;2.882941e-02;4.451199e-02;5.783943e-02;2.767469e-02;2.984809e-01;6.716003e-02;2.106027e-02;1.611672e-02;2.690591e-02
3.372629e-02;1.744105e-01;1.689225e-01;3.905000e-02;3.397240e-02;8.920023e-02;5.299816e-02;2.696928e-01;6.679223e-02;1.984351e-02;2.068453e-02;3.070688e-02
3.668918e-02;1.697368e-01;1.455220e-01;4.086049e-02;2.272431e-02;9.574855e-02;6.272105e-02;2.843734e-01;6.344032e-02;1.970178e-02;2.399106e-02;3.449100e-02
2.962263e-02;1.996626e-01;1.123375e-01;3.514619e-02;1.838430e-02;9.830003e-02;7.572374e-02;2.889549e-01;7.614763e-02;2.299623e-02;2.186052e-02;2.086363e-02
1.538497e-02;2.061027e-01;1.426255e-01;2.552699e-02;2.249661e-02;1.508058e-01;1.178544e-01;1.989259e-01;6.513459e-02;1.308936e-02;2.087220e-02;2.118092e-02
2.263390e-02;2.033512e-01;1.334042e-01;2.889988e-02;2.974946e-02;1.908739e-01;1.155919e-01;1.760438e-01;4.687789e-02;9.345832e-03;1.575443e-02;2.747356e-02
2.672176e-02;1.768249e-01;1.320272e-01;2.771202e-02;3.092158e-02;2.087436e-01;8.910666e-02;2.191232e-01;5.082448e-02;8.192085e-03;1.109100e-02;1.871160e-02
1.845609e-02;1.662782e-01;1.322246e-01;3.691855e-02;2.999808e-02;1.989010e-01;6.729480e-02;2.390425e-01;5.705631e-02;2.186175e-02;1.106994e-02;2.089820e-02
2.178054e-02;1.696805e-01;1.727992e-01;3.986397e-02;3.588692e-02;1.328484e-01;5.892478e-02;2.169620e-01;7.061161e-02;3.307525e-02;1.657921e-02;3.098765e-02
2.719240e-02;1.273592e-01;1.987220e-01;2.705224e-02;3.658967e-02;1.979872e-01;5.989946e-02;1.561411e-01;8.004200e-02;2.793579e-02;1.814171e-02;4.293719e-02
3.091053e-02;1.195040e-01;1.694445e-01;1.932469e-02;2.848282e-02;1.779318e-01;4.583956e-02;2.240743e-01;9.772861e-02;2.899521e-02;1.108655e-02;4.667756e-02
3.393026e-02;1.412833e-01;1.449016e-01;2.928257e-02;2.825589e-02;1.502956e-01;2.941413e-02;2.745495e-01;8.007342e-02;1.940506e-02;1.755737e-02;5.105118e-02
4.283248e-02;7.765320e-02;1.244313e-01;3.712976e-02;2.710370e-02;1.996143e-01;3.068475e-02;2.707638e-01;8.707149e-02;2.504002e-02;1.608948e-02;6.158584e-02
4.674752e-02;1.363971e-01;1.691731e-01;4.659728e-02;2.095017e-02;1.798566e-01;3.206000e-02;1.976878e-01;6.697316e-02;2.346868e-02;2.445976e-02;5.562881e-02
4.490072e-02;1.504316e-01;1.470792e-01;4.224841e-02;1.452374e-02;1.552788e-01;3.064922e-02;2.204587e-01;9.938738e-02;2.817127e-02;2.813584e-02;3.873508e-02
4.351311e-02;1.007784e-01;1.672561e-01;3.883533e-02;1.452907e-02;1.216174e-01;3.805658e-02;2.968904e-01;9.616371e-02;2.699494e-02;2.740059e-02;2.796443e-02
4.423197e-02;1.595933e-01;2.027906e-01;3.122750e-02;1.562819e-02;5.049450e-02;3.624132e-02;2.679486e-01;1.111775e-01;3.034140e-02;2.922922e-02;2.109586e-02
3.523491e-02;1.705199e-01;2.396693e-01;2.566220e-02;1.363221e-02;3.997852e-02;2.235325e-02;2.806494e-01;1.043704e-01;2.249124e-02;2.837772e-02;1.706091e-02
2.362921e-02;1.310136e-01;2.176816e-01;2.890581e-02;2.174385e-02;8.950504e-02;1.521053e-02;3.391248e-01;9.018704e-02;1.807653e-02;1.267383e-02;1.224813e-02
1.720885e-02;7.350989e-02;1.756916e-01;2.273820e-02;2.776505e-02;1.243818e-01;1.784995e-02;3.972064e-01;9.298725e-02;1.399263e-02;1.056514e-02;2.610334e-02
2.078400e-02;7.651988e-02;1.782314e-01;1.355534e-02;2.117191e-02;9.510367e-02;2.173502e-02;4.012895e-01;1.123296e-01;1.974618e-02;1.500302e-02;2.453035e-02
3.195478e-02;9.895085e-02;2.254979e-01;1.227809e-02;1.751840e-02;5.373254e-02;1.238231e-02;3.760934e-01;1.207080e-01;1.497783e-02;1.460994e-02;2.129581e-02
3.377078e-02;1.952772e-01;2.511928e-01;2.713014e-02;1.706127e-02;7.315376e-02;1.579644e-02;2.357665e-01;1.104912e-01;6.520389e-03;1.293907e-02;2.090048e-02
3.398659e-02;2.023689e-01;2.702003e-01;3.053168e-02;1.534046e-02;8.237170e-02;1.671362e-02;1.847353e-01;1.183491e-01;1.439887e-02;1.219211e-02;1.881140e-02
3.521174e-02;1.059714e-01;2.523305e-01;2.718886e-02;3.112000e-02;1.004776e-01;2.807325e-02;2.508153e-01;1.173680e-01;2.231178e-02;1.023582e-02;1.889574e-02
3.736756e-02;1.436507e-01;2.029094e-01;4.359182e-02;3.770968e-02;3.325195e-02;4.501464e-02;2.990640e-01;1.038655e-01;1.631177e-02;7.662912e-03;2.960022e-02
2.388882e-02;1.396964e-01;1.839974e-01;3.059637e-02;2.345497e-02;6.830604e-02;4.042681e-02;3.016028e-01;1.272068e-01;1.581217e-02;9.293678e-03;3.571772e-02
1.999746e-02;1.638444e-01;2.293911e-01;2.144695e-02;1.698543e-02;4.132038e-02;3.326708e-02;2.843401e-01;1.335762e-01;1.271756e-02;1.282123e-02;3.029200e-02
2.781905e-02;1.967482e-01;2.676382e-01;3.550883e-02;2.007742e-02;3.623595e-02;1.791989e-02;2.421200e-01;1.145133e-01;1.818240e-02;7.986229e-03;1.525049e-02
2.471356e-02;1.825725e-01;2.922722e-01;3.637162e-02;2.489132e-02;6.364643e-02;1.840909e-02;2.274996e-01;8.189229e-02;2.061993e-02;1.365974e-02;1.345166e-02
2.991334e-02;1.893097e-01;2.657446e-01;4.099111e-02;3.149866e-02;5.027920e-02;2.274188e-02;2.431248e-01;8.069206e-02;1.576349e-02;1.591299e-02;1.402819e-02
3.642498e-02;1.981861e-01;2.411682e-01;5.790760e-02;4.132699e-02;5.904416e-02;2.109476e-02;2.255498e-01;8.210494e-02;1.020043e-02;1.541559e-02;1.157641e-02
