4.466927e-02;5.140054e-02;7.777315e-02;1.036823e-01;9.329317e-02;5.632758e-02;5.523793e-02;6.112384e-02;1.485014e-01;2.115373e-01;5.709723e-02;3.935623e-02
5.493832e-02;4.345841e-02;8.224118e-02;7.364975e-02;1.005969e-01;7.388081e-02;6.335972e-02;6.666297e-02;1.080718e-01;2.170897e-01;6.580801e-02;5.024243e-02
5.668496e-02;4.150930e-02;7.957880e-02;4.994011e-02;8.535358e-02;8.191150e-02;6.629936e-02;6.188892e-02;8.690647e-02;2.730031e-01;6.569965e-02;5.122431e-02
5.031700e-02;6.562062e-02;1.153993e-01;5.068730e-02;5.690544e-02;7.596137e-02;9.380226e-02;4.839905e-02;9.322120e-02;2.425961e-01;6.087144e-02;4.621893e-02
6.116387e-02;6.329297e-02;1.252566e-01;6.191845e-02;1.251635e-01;6.833945e-02;1.573877e-01;6.954281e-02;5.334266e-02;1.010340e-01;4.689214e-02;6.666582e-02
4.559970e-02;4.888709e-02;1.661385e-01;7.738435e-02;1.812430e-01;8.211950e-02;1.807769e-01;5.697986e-02;3.233688e-02;3.849208e-02;3.684968e-02;5.319247e-02
4.981126e-02;6.520322e-02;2.024937e-01;8.884294e-02;1.914912e-01;7.876441e-02;1.638879e-01;3.797778e-02;2.063335e-02;3.397239e-02;2.940069e-02;3.752111e-02
6.961242e-02;8.369969e-02;2.199772e-01;9.834429e-02;1.412023e-01;6.429078e-02;1.489930e-01;3.356518e-02;3.698191e-02;4.016023e-02;3.549596e-02;2.767701e-02
8.125291e-02;6.667908e-02;1.577537e-01;7.283076e-02;8.778873e-02;8.388382e-02;1.500136e-01;5.940442e-02;7.425320e-02;7.071915e-02;5.747924e-02;3.794134e-02
5.102713e-02;6.147994e-02;2.013481e-01;4.523461e-02;1.193014e-01;5.966317e-02;1.380326e-01;9.008212e-02;6.791669e-02;8.175874e-02;4.021517e-02;4.394035e-02
4.660955e-02;8.930824e-02;1.898160e-01;7.699157e-02;1.209340e-01;4.832100e-02;1.530306e-01;8.858479e-02;5.560511e-02;6.777669e-02;2.804901e-02;3.497351e-02
5.357695e-02;8.246829e-02;1.329367e-01;1.179806e-01;1.187571e-01;6.134934e-02;1.418206e-01;9.178317e-02;6.375293e-02;7.366176e-02;3.907431e-02;2.283831e-02
3.904486e-02;9.956795e-02;1.810822e-01;1.302285e-01;1.048478e-01;6.129930e-02;8.323546e-02;1.059409e-01;6.020986e-02;5.119830e-02;3.472031e-02;4.862462e-02
4.314237e-02;1.490283e-01;1.495973e-01;1.054003e-01;9.489656e-02;6.796245e-02;6.190780e-02;8.809504e-02;6.127228e-02;6.576429e-02;3.247479e-02;8.045846e-02
4.346816e-02;1.163744e-01;1.350359e-01;1.046033e-01;1.025274e-01;8.110795e-02;8.132039e-02;6.422077e-02;4.962360e-02;9.695274e-02;2.781679e-02;9.694862e-02
4.948237e-02;8.681978e-02;1.872128e-01;1.211474e-01;1.062725e-01;7.289743e-02;1.063249e-01;4.701155e-02;2.762168e-02;7.730141e-02;4.067230e-02;7.723591e-02
2.707842e-02;6.535944e-02;2.890670e-01;1.433841e-01;9.641924e-02;5.514654e-02;8.813764e-02;5.544173e-02;3.007299e-02;7.324050e-02;4.167893e-02;3.497344e-02
1.295543e-02;5.186450e-02;3.759995e-01;1.040820e-01;7.087960e-02;3.417658e-02;7.235678e-02;5.347301e-02;7.004673e-02;9.654236e-02;3.285694e-02;2.476659e-02
2.248117e-02;8.557995e-02;3.392180e-01;6.571659e-02;6.907110e-02;4.113936e-02;7.649576e-02;3.619007e-02;1.002198e-01;1.072721e-01;2.543358e-02;3.118256e-02
4.982069e-02;8.431759e-02;2.703440e-01;8.870130e-02;5.488955e-02;3.747967e-02;7.396714e-02;2.994016e-02;8.798911e-02;1.632233e-01;2.396584e-02;3.536164e-02
4.300180e-02;7.068127e-02;2.736507e-01;9.769925e-02;5.536564e-02;4.330298e-02;8.546855e-02;4.791044e-02;6.617215e-02;1.657803e-01;3.185420e-02;1.911271e-02
2.571332e-02;5.926669e-02;2.764856e-01;8.331129e-02;6.479731e-02;5.101540e-02;7.702839e-02;7.759230e-02;7.814397e-02;1.505451e-01;3.458718e-02;2.151345e-02
2.342806e-02;6.956142e-02;2.613150e-01;5.502706e-02;9.521848e-02;4.037136e-02;6.033654e-02;9.529920e-02;5.936421e-02;1.680119e-01;3.158356e-02;4.048333e-02
4.777957e-02;8.314268e-02;2.471495e-01;9.741174e-02;9.601726e-02;2.180875e-02;7.064324e-02;6.910890e-02;6.003133e-02;1.362111e-01;3.661098e-02;3.408493e-02
5.064781e-02;8.119348e-02;2.092960e-01;8.963418e-02;8.196934e-02;3.533168e-02;7.074951e-02;3.893749e-02;1.071587e-01;1.751609e-01;3.594163e-02;2.397926e-02
3.645921e-02;6.505195e-02;1.758315e-01;3.871679e-02;7.333757e-02;4.702535e-02;4.804979e-02;5.763716e-02;1.223497e-01;2.617337e-01;3.976590e-02;3.404146e-02
2.893241e-02;6.570601e-02;1.053518e-01;1.969661e-02;6.432392e-02;4.199091e-02;3.938107e-02;7.386980e-02;1.230917e-01;3.747510e-01;3.633576e-02;2.656900e-02
2.573925e-02;5.013410e-02;8.548011e-02;2.020019e-02;5.330000e-02;5.296131e-02;3.219298e-02;6.155276e-02;1.580542e-01;4.166819e-01;2.123182e-02;2.247142e-02
2.374992e-02;5.583196e-02;9.736119e-02;2.936917e-02;4.892604e-02;5.012897e-02;4.429998e-02;7.527652e-02;1.446986e-01;3.890128e-01;1.513514e-02;2.620963e-02
2.015783e-02;5.814307e-02;8.783524e-02;5.253848e-02;4.552536e-02;2.552286e-02;4.265006e-02;1.513793e-01;2.676769e-01;2.115954e-01;2.207126e-02;1.490422e-02
3.175500e-02;4.678351e-02;1.064738e-01;5.635805e-02;3.027668e-02;3.539300e-02;6.670780e-02;1.970890e-01;2.935184e-01;1.088744e-01;1.736878e-02;9.401525e-03
3.252101e-02;4.561110e-02;1.223259e-01;4.697217e-02;3.603664e-02;5.292162e-02;1.315525e-01;1.795135e-01;2.183611e-01;1.036941e-01;1.180715e-02;1.868323e-02
6.796668e-02;6.759752e-02;2.028833e-01;5.959487e-02;5.191922e-02;7.540141e-02;1.657555e-01;9.739919e-02;9.133103e-02;7.219649e-02;2.211494e-02;2.583987e-02
6.532011e-02;9.859178e-02;3.372217e-01;5.422191e-02;5.893411e-02;5.288025e-02;1.157819e-01;5.650087e-02;5.447480e-02;7.019325e-02;1.963614e-02;1.624306e-02
3.144898e-02;1.169281e-01;4.594122e-01;3.772804e-02;4.134902e-02;3.945537e-02;7.377658e-02;4.959186e-02;5.908591e-02;6.667561e-02;1.178656e-02;1.276174e-02
2.465346e-02;1.617968e-01;4.892448e-01;2.581652e-02;1.748048e-02;4.641688e-02;2.619596e-02;6.364475e-02;8.585634e-02;3.513667e-02;5.953260e-03;1.780413e-02
4.582129e-02;2.156790e-01;4.379690e-01;3.404642e-02;6.289616e-03;5.210588e-02;7.757958e-03;3.732471e-02;1.193368e-01;2.321613e-02;5.821274e-03;1.463195e-02
4.610197e-02;2.406141e-01;4.050432e-01;2.803511e-02;8.313679e-03;4.790702e-02;8.803437e-03;2.612251e-02;1.311152e-01;3.742303e-02;5.910616e-03;1.461026e-02
3.457761e-02;2.138433e-01;4.149126e-01;1.721444e-02;7.844606e-03;3.544308e-02;1.509938e-02;4.700902e-02;1.148997e-01;7.662750e-02;5.858053e-03;1.667065e-02
2.482437e-02;1.284626e-01;4.886629e-01;1.530712e-02;1.941783e-02;2.300440e-02;2.013457e-02;4.565043e-02;7.434178e-02;1.437938e-01;6.608558e-03;9.791610e-03
2.119376e-02;7.559701e-02;5.386341e-01;2.572963e-02;3.396614e-02;1.499940e-02;2.510733e-02;2.286796e-02;3.436628e-02;1.911492e-01;1.035824e-02;6.030899e-03
3.573559e-02;8.544735e-02;5.253349e-01;2.562742e-02;4.269501e-02;1.636992e-02;2.453838e-02;1.340951e-02;1.917312e-02;1.911050e-01;1.097187e-02;9.591910e-03
4.953414e-02;7.594866e-02;4.806665e-01;5.990613e-02;3.920208e-02;2.026153e-02;2.705069e-02;1.270456e-02;3.861603e-02;1.667123e-01;1.509798e-02;1.429938e-02
7.088409e-02;3.156162e-02;3.986436e-01;1.263868e-01;4.093418e-02;2.489796e-02;2.825388e-02;1.367353e-02;1.054798e-01;1.155983e-01;3.215978e-02;1.152650e-02
6.567434e-02;1.846979e-02;3.241815e-01;1.603692e-01;5.919430e-02;3.271200e-02;2.269533e-02;1.691722e-02;1.813894e-01;4.836958e-02;5.860212e-02;1.142523e-02
5.170186e-02;3.668464e-02;3.312279e-01;1.133267e-01;5.320132e-02;2.922991e-02;2.533687e-02;1.636600e-02;1.786492e-01;8.338023e-02;6.410770e-02;1.678771e-02
8.035602e-02;4.442834e-02;3.400331e-01;8.108423e-02;5.096423e-02;3.049120e-02;4.322852e-02;2.248828e-02;1.272893e-01;1.094018e-01;4.891374e-02;2.132124e-02
1.159163e-01;6.629233e-02;3.446635e-01;8.431269e-02;5.055370e-02;2.851388e-02;3.838507e-02;3.454279e-02;8.268229e-02;8.369461e-02;4.749184e-02;2.295098e-02
7.133930e-02;8.808653e-02;4.230231e-01;8.157047e-02;4.325410e-02;2.895554e-02;4.034067e-02;2.624340e-02;7.302433e-02;6.773988e-02;3.918662e-02;1.723608e-02
5.101795e-02;6.906129e-02;4.423928e-01;7.277604e-02;3.398831e-02;2.522856e-02;4.177321e-02;1.775485e-02;1.098330e-01;8.851468e-02;3.312249e-02;1.453681e-02
1.075854e-01;3.652772e-02;3.587293e-01;5.977515e-02;3.217378e-02;3.836273e-02;3.823515e-02;3.026032e-02;1.138776e-01;1.394033e-01;2.784871e-02;1.722077e-02
1.390264e-01;7.103246e-02;2.499341e-01;4.752779e-02;4.597922e-02;4.722631e-02;5.131854e-02;6.954501e-02;5.948679e-02;1.606617e-01;3.337074e-02;2.489095e-02
1.631047e-01;8.342201e-02;2.244044e-01;3.979424e-02;5.489576e-02;4.751765e-02;4.066054e-02;9.306014e-02;5.126357e-02;1.283125e-01;5.190750e-02;2.165699e-02
1.619089e-01;5.922798e-02;2.685893e-01;4.133830e-02;5.626880e-02;4.820390e-02;3.236535e-02;7.779028e-02;5.976513e-02;1.252117e-01;5.169465e-02;1.763565e-02
1.144794e-01;7.282076e-02;2.224482e-01;6.019877e-02;4.798023e-02;6.508964e-02;7.029993e-02;5.894796e-02;8.193032e-02;1.305909e-01;5.179416e-02;2.341982e-02
6.728987e-02;6.314907e-02;1.547517e-01;6.309332e-02;5.035160e-02;6.025717e-02;1.776031e-01;1.110611e-01;1.088918e-01;7.589684e-02;3.477248e-02;3.288189e-02
3.492086e-02;5.213354e-02;1.881674e-01;6.494959e-02;3.852315e-02;5.735093e-02;2.038647e-01;1.367370e-01;1.258512e-01;4.699508e-02;2.006916e-02;3.043741e-02
2.327789e-02;3.473078e-02;1.845695e-01;1.167956e-01;2.219523e-02;4.810668e-02;1.816702e-01;1.445793e-01;1.678438e-01;3.874397e-02;1.348247e-02;2.400457e-02
3.365489e-02;1.935643e-02;9.009553e-02;2.267253e-01;8.995009e-03;2.742993e-02;1.238772e-01;1.245596e-01;2.706714e-01;5.233936e-02;1.227581e-02;1.001958e-02
4.930677e-02;1.144154e-02;3.548791e-02;2.577342e-01;1.829361e-02;3.258742e-02;8.791054e-02;9.338740e-02;3.055374e-01;8.629700e-02;1.082875e-02;1.118746e-02
4.367885e-02;2.129622e-02;7.450223e-02;1.484163e-01;3.883304e-02;4.997991e-02;2.076071e-01;1.131705e-01;1.888160e-01;9.401791e-02;7.749068e-03;1.193288e-02
4.184870e-02;4.662161e-02;1.049927e-01;6.023885e-02;6.415057e-02;4.204594e-02;3.593563e-01;1.096637e-01;9.390257e-02;5.691252e-02;1.017602e-02;1.009053e-02
3.279910e-02;6.187212e-02;5.837479e-02;5.814131e-02;6.333411e-02;5.022335e-02;4.661647e-01;7.524536e-02;8.659874e-02;2.853635e-02;9.289811e-03;9.420281e-03
2.142648e-02;5.341397e-02;2.986418e-02;6.525680e-02;5.264411e-02;7.704761e-02;5.072498e-01;2.760936e-02;1.247713e-01;2.431279e-02;6.227056e-03;1.017652e-02
2.837640e-02;4.108752e-02;7.550154e-02;7.110739e-02;8.364230e-02;1.024634e-01;3.945470e-01;4.269179e-02;1.157155e-01;2.564110e-02;6.357415e-03;1.286864e-02
4.105709e-02;2.950838e-02;1.425079e-01;8.799787e-02;1.480168e-01;1.340725e-01;2.266192e-01;3.839881e-02;1.046114e-01;2.453874e-02;7.742354e-03;1.492904e-02
3.605466e-02;2.381694e-02;2.227402e-01;8.752736e-02;1.193202e-01;1.004376e-01;2.468181e-01;3.876097e-02;7.129375e-02;2.829695e-02;1.449787e-02;1.043545e-02
3.861105e-02;3.571543e-02;2.446808e-01;9.089092e-02;6.247255e-02;6.094735e-02;2.999454e-01;6.623285e-02;4.409691e-02;3.227307e-02;1.417255e-02;9.961129e-03
4.659220e-02;3.679184e-02;1.909322e-01;1.225258e-01;4.474674e-02;5.497498e-02;2.911628e-01;7.237711e-02;6.622229e-02;4.757768e-02;1.219736e-02;1.389895e-02
4.315889e-02;2.915972e-02;1.723966e-01;1.294112e-01;5.388508e-02;7.770281e-02;2.360749e-01;8.572181e-02;9.308993e-02;4.234809e-02;1.551273e-02;2.153817e-02
4.665583e-02;5.389007e-02;1.912798e-01;1.297176e-01;7.031522e-02;1.001384e-01;1.367118e-01;7.620910e-02;1.176444e-01;4.085746e-02;1.948988e-02;1.709039e-02
4.899700e-02;6.673327e-02;1.866572e-01;8.599689e-02;9.493455e-02;9.122969e-02;1.887949e-01;4.800465e-02;1.064472e-01;5.181841e-02;2.446419e-02;5.922080e-03
4.930835e-02;4.785288e-02;1.700513e-01;4.966358e-02;7.772167e-02;6.375793e-02;2.725320e-01;9.597780e-02;7.282027e-02;6.199315e-02;2.160615e-02;1.671496e-02
9.985792e-02;7.337554e-02;2.467972e-01;6.470560e-02;4.486172e-02;7.033303e-02;1.914751e-01;6.473903e-02;6.472611e-02;3.986951e-02;1.872291e-02;2.053638e-02
1.278012e-01;1.313491e-01;3.467534e-01;5.735378e-02;3.657840e-02;4.617829e-02;1.073402e-01;3.776175e-02;5.122133e-02;2.348106e-02;1.422219e-02;1.995911e-02
1.095283e-01;1.643534e-01;4.042292e-01;4.624020e-02;3.443621e-02;3.575059e-02;1.006708e-01;1.872867e-02;3.970765e-02;2.553938e-02;6.526438e-03;1.428927e-02
5.469790e-02;1.630610e-01;4.539532e-01;3.545841e-02;3.803795e-02;3.720245e-02;1.141699e-01;2.371339e-02;3.404539e-02;2.623470e-02;5.942190e-03;1.348357e-02
5.653126e-02;1.491110e-01;4.761632e-01;3.942024e-02;3.896036e-02;4.159795e-02;7.064021e-02;3.390776e-02;5.267099e-02;1.939892e-02;8.489178e-03;1.310883e-02
8.829177e-02;1.480293e-01;4.373412e-01;3.101562e-02;3.011004e-02;5.136071e-02;8.667312e-02;2.756519e-02;6.371760e-02;1.550656e-02;8.362720e-03;1.202620e-02
1.361505e-01;1.361573e-01;3.824427e-01;2.457064e-02;3.654574e-02;5.285505e-02;9.879803e-02;4.290891e-02;5.205434e-02;1.565832e-02;7.446922e-03;1.441150e-02
2.081116e-01;1.132762e-01;2.657234e-01;2.559439e-02;6.359655e-02;4.739426e-02;1.042133e-01;7.763615e-02;3.636206e-02;1.884596e-02;1.926155e-02;1.998466e-02
2.579334e-01;9.148140e-02;6.915253e-02;4.385057e-02;1.042057e-01;5.618878e-02;1.289937e-01;1.044206e-01;5.789896e-02;2.070149e-02;2.936622e-02;3.580657e-02
1.518552e-01;4.396125e-02;1.997172e-01;4.569108e-02;7.377174e-02;8.475652e-02;1.332251e-01;8.024312e-02;1.041624e-01;1.897504e-02;2.786948e-02;3.577194e-02
1.502711e-01;5.283443e-02;1.911585e-01;6.987324e-02;5.828851e-02;8.035004e-02;1.187086e-01;6.885000e-02;1.332794e-01;2.552472e-02;2.399448e-02;2.686703e-02
2.214393e-01;5.264871e-02;1.303676e-01;6.757858e-02;4.011021e-02;7.180528e-02;9.995683e-02;7.972442e-02;1.540794e-01;2.338069e-02;2.475602e-02;3.415288e-02
2.346086e-01;4.225689e-02;1.098202e-01;8.923426e-02;4.110221e-02;5.343471e-02;7.773825e-02;1.028870e-01;1.541254e-01;2.280255e-02;2.666220e-02;4.532773e-02
2.312636e-01;2.843887e-02;1.837736e-01;6.810078e-02;4.070649e-02;4.921864e-02;7.185237e-02;1.075368e-01;1.263367e-01;2.041547e-02;3.039626e-02;4.196045e-02
2.807688e-01;5.375970e-02;1.986605e-01;2.726278e-02;5.348626e-02;4.687065e-02;4.755706e-02;6.569257e-02;1.119383e-01;2.345512e-02;3.005039e-02;6.049779e-02
3.654691e-01;1.012101e-01;1.254469e-01;3.668587e-02;2.699820e-02;4.682522e-02;4.280816e-02;5.125523e-02;9.790115e-02;2.088053e-02;2.107873e-02;6.344082e-02
4.455257e-01;1.499210e-01;7.375317e-02;2.095644e-02;3.300910e-02;2.693344e-02;3.869609e-02;6.415805e-02;6.570579e-02;1.610982e-02;1.353272e-02;5.169870e-02
4.736336e-01;1.590236e-01;7.589243e-02;2.563309e-02;6.090312e-02;2.638488e-02;2.035927e-02;6.011890e-02;2.970834e-02;1.284517e-02;1.016551e-02;4.533206e-02
4.688654e-01;1.257339e-01;7.846203e-02;2.097906e-02;9.016752e-02;4.143127e-02;2.711821e-02;6.727660e-02;1.697397e-02;7.813552e-03;9.860776e-03;4.531771e-02
4.867409e-01;9.680816e-02;6.643937e-02;1.934732e-02;7.397006e-02;4.184312e-02;3.126295e-02;7.412151e-02;3.070968e-02;1.162298e-02;1.351421e-02;5.361973e-02
5.354269e-01;8.600551e-02;5.886719e-02;9.668769e-03;2.861160e-02;3.469371e-02;3.400150e-02;6.401296e-02;3.561139e-02;2.067084e-02;2.166015e-02;7.076941e-02
4.863670e-01;1.237665e-01;8.462165e-02;2.415510e-02;4.183798e-02;4.373329e-02;3.669555e-02;3.027304e-02;2.326686e-02;2.082905e-02;1.906750e-02;6.538647e-02
3.322843e-01;1.836501e-01;1.646569e-01;2.902944e-02;4.706488e-02;6.674334e-02;4.110581e-02;2.112790e-02;3.879215e-02;1.438128e-02;2.516846e-02;3.599558e-02
1.909883e-01;1.951777e-01;2.272536e-01;1.900726e-02;4.910117e-02;1.111784e-01;4.396060e-02;3.859022e-02;6.313140e-02;1.661592e-02;2.493253e-02;2.006297e-02
7.698198e-02;1.933061e-01;2.786848e-01;2.338104e-02;4.046254e-02;1.561842e-01;3.410403e-02;6.421493e-02;9.133441e-02;1.460098e-02;1.409199e-02;1.265290e-02
8.297699e-02;1.995772e-01;2.938495e-01;4.346851e-02;3.374667e-02;1.424021e-01;1.246746e-02;6.058816e-02;9.049462e-02;1.309800e-02;1.645769e-02;1.087312e-02
1.173706e-01;2.110651e-01;3.086946e-01;4.180693e-02;3.178449e-02;1.256802e-01;2.084444e-02;4.764862e-02;6.115716e-02;8.183215e-03;1.342304e-02;1.234157e-02
1.572606e-01;1.992352e-01;3.298754e-01;3.079738e-02;2.259450e-02;1.326597e-01;1.863524e-02;2.800520e-02;4.657371e-02;6.864761e-03;9.525011e-03;1.797324e-02
1.606911e-01;1.543573e-01;3.658589e-01;2.847019e-02;1.293109e-02;1.509641e-01;1.197875e-02;1.952640e-02;5.806156e-02;9.631484e-03;7.543486e-03;1.998564e-02
1.471490e-01;1.111144e-01;3.894584e-01;2.875542e-02;9.747158e-03;1.776938e-01;1.169158e-02;1.786562e-02;7.067697e-02;7.240547e-03;6.099354e-03;2.250785e-02
1.765513e-01;1.438463e-01;3.311770e-01;3.383498e-02;1.511541e-02;1.570669e-01;1.438127e-02;1.843686e-02;6.312860e-02;9.455049e-03;8.745551e-03;2.826076e-02
1.802177e-01;1.438583e-01;3.158336e-01;4.054211e-02;1.384696e-02;1.512695e-01;2.862301e-02;2.458212e-02;5.279275e-02;9.484562e-03;1.128541e-02;2.766400e-02
1.379306e-01;1.049703e-01;3.292232e-01;4.117851e-02;2.683596e-02;1.728749e-01;4.549098e-02;3.347147e-02;4.794030e-02;1.896399e-02;1.856172e-02;2.255807e-02
1.182540e-01;8.388192e-02;2.729633e-01;4.169176e-02;2.989089e-02;1.969550e-01;6.029158e-02;3.358017e-02;3.666581e-02;3.676932e-02;5.736029e-02;3.169600e-02
1.582105e-01;1.095290e-01;2.326470e-01;3.420243e-02;2.776178e-02;1.870114e-01;5.374956e-02;2.725893e-02;4.001504e-02;3.611885e-02;7.054378e-02;2.295182e-02
1.433298e-01;1.309596e-01;3.105955e-01;2.670791e-02;3.495989e-02;1.119294e-01;4.762116e-02;3.941654e-02;5.190264e-02;3.894035e-02;4.973933e-02;1.389795e-02
1.738102e-01;1.149514e-01;3.576328e-01;2.284526e-02;3.758938e-02;9.264214e-02;3.862511e-02;2.944339e-02;4.684293e-02;3.001626e-02;3.447852e-02;2.112263e-02
1.863437e-01;7.354518e-02;3.695973e-01;2.944085e-02;3.782079e-02;1.037721e-01;3.457043e-02;2.363170e-02;5.078496e-02;3.319527e-02;3.195797e-02;2.533980e-02
1.414330e-01;6.540287e-02;3.378406e-01;3.960224e-02;5.647124e-02;1.060396e-01;6.559347e-02;3.831270e-02;5.231687e-02;5.427213e-02;2.078696e-02;2.192833e-02
1.533130e-01;1.103974e-01;3.463352e-01;3.626846e-02;5.567291e-02;6.328942e-02;6.717404e-02;3.865781e-02;3.042098e-02;4.477655e-02;2.716587e-02;2.652838e-02
2.050585e-01;1.594211e-01;3.407938e-01;4.014700e-02;5.385737e-02;2.580898e-02;5.112492e-02;3.116144e-02;2.535923e-02;2.792250e-02;1.846780e-02;2.087736e-02
2.706743e-01;1.770557e-01;2.962382e-01;3.566255e-02;5.870089e-02;1.950782e-02;4.147711e-02;2.780556e-02;1.468216e-02;1.706546e-02;1.462500e-02;2.650526e-02
2.866290e-01;1.397214e-01;2.388666e-01;5.731226e-02;5.785782e-02;2.340225e-02;5.339010e-02;4.502066e-02;1.163740e-02;1.252316e-02;2.398318e-02;4.965623e-02
2.179766e-01;7.843306e-02;2.135452e-01;8.651713e-02;4.536119e-02;3.587238e-02;9.313861e-02;6.118998e-02;2.045638e-02;3.016164e-02;5.005979e-02;6.728803e-02
1.808647e-01;6.392165e-02;2.101580e-01;6.500244e-02;3.378519e-02;5.788524e-02;1.260254e-01;5.185089e-02;2.959884e-02;5.928341e-02;7.135864e-02;5.026560e-02
2.420699e-01;1.216016e-01;1.478015e-01;3.880449e-02;5.918587e-02;5.703413e-02;8.533321e-02;5.788924e-02;4.236399e-02;6.470349e-02;5.384683e-02;2.936576e-02
2.698784e-01;1.614298e-01;1.379927e-01;5.640561e-02;5.273594e-02;4.527659e-02;4.066311e-02;6.638173e-02;5.067543e-02;6.204741e-02;4.213893e-02;1.437433e-02
2.516385e-01;1.519809e-01;1.561838e-01;6.493279e-02;3.681364e-02;3.185909e-02;4.397776e-02;6.731416e-02;4.521260e-02;6.838904e-02;4.333602e-02;3.836172e-02
1.861766e-01;1.151106e-01;2.086153e-01;5.781790e-02;5.628899e-02;5.806752e-02;5.797583e-02;6.977057e-02;5.725538e-02;6.956141e-02;3.129120e-02;3.206879e-02
7.276212e-02;5.348371e-02;1.410706e-01;5.401453e-02;9.251074e-02;1.241409e-01;1.693933e-01;5.968164e-02;7.438007e-02;4.816753e-02;5.840565e-02;5.198924e-02
6.301973e-02;2.036405e-02;8.457591e-02;4.976188e-02;6.944618e-02;1.160346e-01;2.905267e-01;1.023898e-01;5.485105e-02;4.171932e-02;4.698059e-02;6.033021e-02
5.505148e-02;1.751290e-02;5.331459e-02;4.148082e-02;3.609682e-02;5.252507e-02;4.342597e-01;1.470656e-01;2.702258e-02;4.269582e-02;2.559553e-02;6.737911e-02
3.647516e-02;1.335013e-02;3.879841e-02;3.385661e-02;1.245758e-02;4.228419e-02;5.091133e-01;1.652260e-01;2.590563e-02;4.904265e-02;1.505298e-02;5.843738e-02
2.553456e-02;1.617853e-02;2.283251e-02;3.844306e-02;7.065370e-03;4.564180e-02;5.201003e-01;1.549009e-01;1.694882e-02;8.103400e-02;1.429716e-02;5.702297e-02
1.918513e-02;2.261377e-02;2.086073e-02;3.877588e-02;9.271679e-03;4.167367e-02;5.167729e-01;1.228046e-01;2.299719e-02;1.011631e-01;1.992876e-02;6.395252e-02
2.168119e-02;2.636262e-02;3.536229e-02;4.838756e-02;1.859720e-02;6.542912e-02;4.457138e-01;1.227796e-01;4.576668e-02;7.949379e-02;3.097244e-02;5.945355e-02
1.683292e-02;3.402540e-02;3.656616e-02;7.051336e-02;3.021408e-02;1.168407e-01;3.138498e-01;1.366576e-01;5.715208e-02;7.155371e-02;4.087076e-02;7.492337e-02
2.121247e-02;4.037143e-02;6.716326e-02;6.601477e-02;3.732316e-02;1.657488e-01;2.107638e-01;1.223606e-01;4.352774e-02;8.040815e-02;4.949651e-02;9.560932e-02
2.589994e-02;4.577636e-02;8.751244e-02;6.133336e-02;7.240995e-02;1.996553e-01;1.287958e-01;9.682187e-02;4.719342e-02;8.523811e-02;6.043165e-02;8.893182e-02
5.691058e-02;3.551374e-02;9.232254e-02;5.697155e-02;8.609212e-02;1.780438e-01;1.933395e-01;6.353010e-02;5.090012e-02;7.920768e-02;4.885124e-02;5.831703e-02
6.946041e-02;3.948638e-02;5.686233e-02;5.834523e-02;6.614822e-02;1.521635e-01;2.489439e-01;6.085339e-02;3.458818e-02;7.021799e-02;5.100693e-02;9.192358e-02
5.210204e-02;4.950863e-02;4.469690e-02;6.219941e-02;6.345065e-02;9.758888e-02;1.944200e-01;9.947199e-02;3.804497e-02;1.136225e-01;6.995829e-02;1.149357e-01
3.637257e-02;5.606545e-02;4.779039e-02;6.309675e-02;8.967794e-02;8.934481e-02;1.217680e-01;9.862497e-02;5.522716e-02;1.301821e-01;9.307328e-02;1.187766e-01
3.168837e-02;4.797125e-02;3.645017e-02;5.998473e-02;1.115679e-01;7.072587e-02;1.783917e-01;7.091994e-02;5.724949e-02;1.695559e-01;7.145120e-02;9.404355e-02
3.894150e-02;3.428745e-02;4.607497e-02;6.895431e-02;1.054217e-01;9.872439e-02;2.357212e-01;6.527358e-02;4.350373e-02;1.583326e-01;4.336004e-02;6.140452e-02
4.317684e-02;3.149782e-02;4.026224e-02;8.404401e-02;6.799168e-02;8.457557e-02;2.992513e-01;8.377375e-02;3.698040e-02;1.437147e-01;3.823102e-02;4.650066e-02
1.577787e-02;3.368930e-02;4.625669e-02;6.792658e-02;1.176382e-01;9.602543e-02;2.615457e-01;8.758237e-02;4.137054e-02;1.419212e-01;5.709103e-02;3.317501e-02
2.526669e-02;3.978932e-02;3.907134e-02;2.898107e-02;1.512015e-01;1.059358e-01;2.497120e-01;7.836789e-02;3.134275e-02;1.229570e-01;8.230779e-02;4.506689e-02
3.366401e-02;3.007760e-02;6.853513e-02;2.267472e-02;1.025605e-01;1.838564e-01;1.820386e-01;5.173024e-02;2.893804e-02;8.816661e-02;1.455943e-01;6.216381e-02
5.869585e-02;2.709646e-02;1.019732e-01;2.883149e-02;5.017008e-02;2.265131e-01;1.420037e-01;3.013384e-02;4.444059e-02;5.421190e-02;1.659960e-01;6.993380e-02
7.166614e-02;1.899923e-02;7.468596e-02;3.045760e-02;5.031906e-02;1.552663e-01;1.991190e-01;4.336311e-02;5.276857e-02;2.662960e-02;1.614981e-01;1.152275e-01
5.614976e-02;1.311250e-02;6.599438e-02;1.831100e-02;8.111895e-02;1.578745e-01;1.208847e-01;6.377192e-02;6.508318e-02;7.903694e-02;1.435754e-01;1.350867e-01
3.647188e-02;1.843316e-02;5.856453e-02;2.039788e-02;7.927389e-02;1.348668e-01;1.647414e-01;5.680683e-02;7.619043e-02;1.154397e-01;1.252860e-01;1.135275e-01
3.894504e-02;4.459419e-02;7.815217e-02;2.523008e-02;7.761313e-02;1.115766e-01;1.856954e-01;4.638130e-02;6.275926e-02;1.094271e-01;1.214190e-01;9.820672e-02
9.700957e-02;6.698299e-02;1.125000e-01;2.814106e-02;7.261512e-02;7.161409e-02;1.741526e-01;6.206267e-02;3.929986e-02;8.962766e-02;1.118549e-01;7.413953e-02
8.526164e-02;3.981453e-02;1.593092e-01;3.893123e-02;5.841258e-02;4.557084e-02;1.752895e-01;1.068133e-01;2.953915e-02;1.021064e-01;1.092697e-01;4.968187e-02
6.338787e-02;6.799935e-02;1.345980e-01;3.972317e-02;4.445310e-02;2.940394e-02;2.171253e-01;9.735387e-02;3.558722e-02;8.804563e-02;1.005898e-01;8.173271e-02
5.847902e-02;7.525335e-02;7.336563e-02;2.939036e-02;3.727025e-02;7.025450e-02;2.291162e-01;9.689090e-02;5.772381e-02;6.547793e-02;1.024232e-01;1.043549e-01
4.615250e-02;4.783189e-02;7.335568e-02;2.417366e-02;4.495837e-02;1.045020e-01;1.786481e-01;9.025493e-02;7.392455e-02;1.053567e-01;1.371240e-01;7.371757e-02
6.415857e-02;3.556460e-02;8.796511e-02;3.485315e-02;5.489441e-02;9.903249e-02;1.434698e-01;6.560291e-02;6.471679e-02;1.217303e-01;1.433062e-01;8.470576e-02
7.707390e-02;7.786508e-02;4.898802e-02;4.944028e-02;6.475042e-02;6.690009e-02;1.543889e-01;1.185521e-01;8.048972e-02;7.758215e-02;1.221222e-01;6.184712e-02
1.218402e-01;1.100331e-01;6.885526e-02;5.179639e-02;5.925835e-02;5.663705e-02;1.426230e-01;9.117627e-02;6.537715e-02;5.209915e-02;1.158020e-01;6.450212e-02
2.078992e-01;1.200367e-01;8.020027e-02;4.807005e-02;4.584895e-02;6.643698e-02;1.210501e-01;3.573620e-02;3.811378e-02;4.326064e-02;9.293055e-02;1.004166e-01
2.901288e-01;1.039922e-01;7.060549e-02;4.215371e-02;3.863999e-02;6.622574e-02;9.418152e-02;2.067522e-02;2.903731e-02;4.130040e-02;7.464894e-02;1.284107e-01
2.638672e-01;6.074022e-02;4.877554e-02;3.242582e-02;3.615382e-02;9.887417e-02;1.046144e-01;2.262831e-02;3.192292e-02;7.131287e-02;1.041061e-01;1.245786e-01
1.671856e-01;4.394621e-02;6.468267e-02;2.753771e-02;6.469377e-02;1.167218e-01;1.205606e-01;3.007808e-02;3.756802e-02;1.167979e-01;1.402874e-01;6.994026e-02
8.075837e-02;6.923132e-02;9.181397e-02;5.568991e-02;1.054498e-01;9.468821e-02;8.442926e-02;5.351178e-02;5.589671e-02;1.459949e-01;1.157560e-01;4.677968e-02
1.124447e-01;7.307085e-02;8.942807e-02;5.964211e-02;7.912021e-02;6.527288e-02;1.121137e-01;6.505203e-02;5.209304e-02;1.209802e-01;8.718353e-02;8.359855e-02
1.537562e-01;1.114385e-01;5.497205e-02;5.298441e-02;6.671659e-02;5.074022e-02;8.196277e-02;6.200451e-02;4.565780e-02;1.113570e-01;9.760994e-02;1.108001e-01
1.172292e-01;1.040404e-01;5.017751e-02;4.988156e-02;6.600013e-02;4.773844e-02;1.290251e-01;5.682073e-02;6.371106e-02;1.029791e-01;1.215998e-01;9.079698e-02
6.834643e-02;7.947399e-02;9.980308e-02;4.795473e-02;8.087806e-02;7.702342e-02;1.775427e-01;4.102052e-02;7.602222e-02;8.502821e-02;7.663988e-02;9.026671e-02
1.375666e-01;8.074024e-02;1.142886e-01;3.925445e-02;7.627740e-02;6.693418e-02;1.801220e-01;3.281847e-02;4.789544e-02;5.904282e-02;5.863704e-02;1.064228e-01
2.146737e-01;1.170774e-01;6.437331e-02;5.266839e-02;6.760047e-02;4.983610e-02;1.263991e-01;5.373560e-02;4.391633e-02;3.906218e-02;6.980911e-02;1.008484e-01
2.271491e-01;9.171129e-02;8.109074e-02;7.439009e-02;6.442065e-02;5.363055e-02;8.292798e-02;4.705147e-02;6.082784e-02;6.057159e-02;5.930310e-02;9.692555e-02
1.710522e-01;8.288192e-02;9.232448e-02;7.693976e-02;5.779025e-02;6.596361e-02;1.550940e-01;4.921000e-02;6.082792e-02;6.856126e-02;4.308951e-02;7.626516e-02
1.250040e-01;1.198803e-01;8.422550e-02;7.154597e-02;7.446465e-02;8.456100e-02;1.682881e-01;4.441113e-02;4.576088e-02;5.835703e-02;6.851622e-02;5.498517e-02
1.199499e-01;1.408049e-01;1.288696e-01;7.744455e-02;8.923695e-02;7.364016e-02;1.303890e-01;2.024411e-02;3.517809e-02;5.908819e-02;7.457923e-02;5.057534e-02
1.039133e-01;1.501432e-01;1.753123e-01;8.626451e-02;8.877251e-02;5.450023e-02;9.058356e-02;3.686660e-02;3.519480e-02;5.729275e-02;6.175447e-02;5.940176e-02
9.307860e-02;9.843616e-02;1.609464e-01;8.763766e-02;1.056401e-01;5.335483e-02;1.076024e-01;6.896523e-02;5.736856e-02;6.255514e-02;6.550047e-02;3.891454e-02
1.079976e-01;7.333138e-02;1.368295e-01;6.076468e-02;8.297694e-02;6.092532e-02;1.182260e-01;8.202635e-02;8.769748e-02;9.251164e-02;5.505943e-02;4.165366e-02
