1.121453e-01;6.070990e-02;9.796258e-02;7.906949e-02;6.889258e-02;8.131904e-02;7.002852e-02;5.124850e-02;1.439194e-01;6.126333e-02;1.120974e-01;6.134401e-02
8.711452e-02;3.439803e-02;7.752106e-02;7.908759e-02;4.726238e-02;8.034556e-02;6.291629e-02;8.957605e-02;1.550144e-01;8.858912e-02;1.326174e-01;6.555761e-02
6.249591e-02;5.322357e-02;7.035617e-02;7.235651e-02;3.644717e-02;9.214138e-02;6.316675e-02;1.060731e-01;1.840749e-01;1.026739e-01;7.532719e-02;8.166343e-02
4.834344e-02;9.495796e-02;8.927926e-02;5.431258e-02;5.941041e-02;7.504262e-02;4.684041e-02;6.769025e-02;1.890759e-01;9.606308e-02;7.405329e-02;1.049308e-01
7.319370e-02;7.114856e-02;1.046764e-01;4.968944e-02;8.618688e-02;5.399556e-02;9.264295e-02;4.241929e-02;1.394042e-01;6.550311e-02;1.026363e-01;1.185035e-01
5.592212e-02;4.539366e-02;8.216850e-02;3.047292e-02;4.640139e-02;4.612852e-02;2.318387e-01;1.751589e-01;7.245149e-02;6.830902e-02;6.517611e-02;8.057861e-02
2.622735e-02;2.930973e-02;6.635772e-02;7.473673e-03;1.966521e-02;5.129069e-02;2.621864e-01;2.735664e-01;8.782776e-02;5.828801e-02;5.039675e-02;6.741030e-02
1.388826e-02;1.846530e-02;6.016348e-02;1.452458e-02;1.459634e-02;4.841401e-02;2.165751e-01;3.476139e-01;1.159997e-01;5.324560e-02;3.174179e-02;6.477187e-02
1.050408e-02;2.423883e-02;4.132970e-02;1.766161e-02;1.780329e-02;3.121908e-02;1.996735e-01;3.655479e-01;1.348848e-01;4.446500e-02;7.190000e-02;4.077232e-02
1.603640e-02;5.827229e-02;4.090459e-02;1.649183e-02;1.597505e-02;2.509306e-02;3.076535e-01;2.356149e-01;1.230405e-01;2.929628e-02;1.195668e-01;1.205475e-02
3.756738e-02;6.978606e-02;2.465816e-02;3.234804e-02;1.345169e-02;7.169910e-02;3.450752e-01;1.012173e-01;1.026328e-01;6.160314e-02;1.298756e-01;1.008563e-02
9.332350e-02;4.629985e-02;2.223207e-02;7.936547e-02;1.517141e-02;1.496722e-01;2.091578e-01;1.153091e-01;6.815787e-02;1.300007e-01;6.131552e-02;9.994442e-03
1.605946e-01;4.253225e-02;2.006421e-02;1.086563e-01;1.831841e-02;2.671457e-01;7.828014e-02;6.349208e-02;5.408744e-02;1.639133e-01;1.308958e-02;9.826041e-03
1.767050e-01;2.388665e-02;9.355524e-03;8.691686e-02;1.729931e-02;3.517909e-01;8.340850e-02;3.775515e-02;2.887494e-02;1.693993e-01;7.800806e-03;6.807085e-03
1.700227e-01;9.935984e-03;5.532479e-03;6.032921e-02;2.732195e-02;4.030359e-01;7.192200e-02;5.190101e-02;1.835752e-02;1.700050e-01;4.593268e-03;7.043028e-03
1.490089e-01;1.202293e-02;1.619584e-02;4.462824e-02;5.555440e-02;3.851976e-01;7.583898e-02;6.384596e-02;2.392831e-02;1.542560e-01;4.773619e-03;1.474931e-02
1.310023e-01;1.228278e-02;5.610003e-02;5.902215e-02;9.872317e-02;3.033909e-01;8.826564e-02;5.238264e-02;4.081646e-02;1.205788e-01;1.065528e-02;2.677990e-02
7.584991e-02;1.433312e-02;1.068236e-01;5.174325e-02;2.168774e-01;1.369411e-01;1.209635e-01;3.925145e-02;1.274448e-01;5.355949e-02;8.350590e-03;4.786168e-02
4.212650e-02;1.712845e-02;8.787941e-02;4.560174e-02;2.942441e-01;1.121757e-01;9.671732e-02;4.235259e-02;1.667743e-01;3.012223e-02;5.331938e-03;5.954572e-02
4.752729e-02;1.269815e-02;6.543520e-02;3.526409e-02;3.190844e-01;8.879880e-02;9.941486e-02;4.580386e-02;1.846052e-01;2.207405e-02;5.152012e-03;7.414215e-02
3.995568e-02;9.634054e-03;3.745372e-02;1.771916e-02;2.755083e-01;1.145308e-01;1.215547e-01;3.719699e-02;2.076954e-01;2.426629e-02;1.033961e-02;1.041452e-01
1.929777e-02;1.093298e-02;2.375327e-02;2.077019e-02;2.513519e-01;9.414334e-02;1.072493e-01;3.359310e-02;2.448777e-01;2.303681e-02;2.172583e-02;1.492679e-01
1.640757e-02;1.985325e-02;2.093893e-02;3.740839e-02;2.026522e-01;4.396697e-02;7.560954e-02;5.106265e-02;2.318519e-01;5.164456e-02;3.849645e-02;2.101076e-01
2.218017e-02;5.323306e-02;2.698295e-02;7.539236e-02;1.243135e-01;2.149796e-02;3.190139e-02;9.477761e-02;1.052079e-01;1.157666e-01;8.807094e-02;2.406754e-01
1.132295e-02;7.690204e-02;2.969259e-02;9.884862e-02;9.191158e-02;2.566635e-02;1.940178e-02;1.528212e-01;4.211245e-02;1.457857e-01;1.399092e-01;1.656256e-01
1.251530e-02;7.362297e-02;2.934713e-02;8.810784e-02;1.350109e-01;2.134043e-02;1.486986e-02;1.406741e-01;5.749297e-02;1.337007e-01;1.534382e-01;1.398796e-01
1.011356e-02;6.993637e-02;2.666276e-02;6.986619e-02;1.440875e-01;2.037619e-02;1.677832e-02;6.246278e-02;9.807033e-02;1.178654e-01;1.729281e-01;1.908524e-01
3.035529e-03;9.718399e-02;3.274219e-02;8.634484e-02;8.233102e-02;1.985893e-02;1.034264e-02;9.290195e-02;6.197778e-02;1.052820e-01;2.797953e-01;1.282038e-01
8.203881e-03;1.017383e-01;5.644776e-02;1.251077e-01;4.973061e-02;2.852727e-02;5.836899e-03;1.192662e-01;2.874348e-02;8.438928e-02;3.425645e-01;4.944409e-02
1.868882e-02;8.248422e-02;1.044667e-01;1.424479e-01;4.109986e-02;2.942782e-02;2.003399e-02;1.304238e-01;2.038722e-02;5.522713e-02;3.049318e-01;5.038075e-02
4.203666e-02;6.788394e-02;1.488931e-01;1.298041e-01;3.102750e-02;2.945770e-02;4.895627e-02;1.362443e-01;2.272247e-02;5.644905e-02;2.339879e-01;5.253706e-02
6.521817e-02;6.331346e-02;1.681999e-01;9.567109e-02;3.058895e-02;2.933983e-02;7.056460e-02;1.323082e-01;3.091452e-02;8.165800e-02;1.754861e-01;5.673718e-02
4.721491e-02;9.031273e-02;1.599574e-01;6.949937e-02;2.048156e-02;2.599062e-02;5.021419e-02;1.524256e-01;4.226530e-02;8.685233e-02;1.858812e-01;6.890479e-02
4.180111e-02;8.353819e-02;1.313885e-01;8.342855e-02;3.516020e-02;2.125785e-02;4.252112e-02;1.242706e-01;3.443674e-02;6.025288e-02;2.211021e-01;1.208421e-01
3.619850e-02;7.203971e-02;1.214184e-01;8.055447e-02;5.238558e-02;2.557117e-02;3.801196e-02;9.534323e-02;2.985990e-02;4.416034e-02;2.444293e-01;1.600274e-01
6.716011e-02;1.012622e-01;1.913649e-01;6.648215e-02;3.982694e-02;4.298280e-02;3.676941e-02;4.124915e-02;6.800572e-02;5.972829e-02;1.412123e-01;1.439560e-01
5.334589e-02;8.322830e-02;3.006109e-01;5.230726e-02;3.258583e-02;3.446791e-02;3.851749e-02;3.412022e-02;6.569258e-02;1.154500e-01;7.561616e-02;1.140575e-01
5.283766e-02;7.801770e-02;3.786212e-01;4.341804e-02;2.539665e-02;1.650449e-02;3.285399e-02;2.446248e-02;4.476191e-02;1.709993e-01;4.950384e-02;8.262271e-02
8.559389e-02;9.747883e-02;4.113005e-01;3.427310e-02;1.759591e-02;9.450455e-03;2.675965e-02;1.731679e-02;3.058348e-02;1.758819e-01;3.221847e-02;6.154700e-02
1.201057e-01;1.289313e-01;4.002342e-01;2.210536e-02;7.391153e-03;1.554966e-02;1.983310e-02;1.529897e-02;2.698109e-02;1.293934e-01;2.628330e-02;8.789274e-02
1.062893e-01;1.531011e-01;3.371671e-01;2.552608e-02;1.161280e-02;2.909870e-02;2.066326e-02;1.724759e-02;5.246854e-02;8.311591e-02;3.613362e-02;1.275760e-01
1.251788e-01;1.739539e-01;2.944039e-01;3.088974e-02;1.547907e-02;2.915663e-02;2.174913e-02;2.578611e-02;4.963765e-02;8.245151e-02;4.962492e-02;1.016887e-01
1.013073e-01;1.986027e-01;3.142927e-01;3.156937e-02;1.927560e-02;2.269337e-02;2.355813e-02;2.574329e-02;3.995545e-02;9.495855e-02;5.997675e-02;6.806673e-02
9.808221e-02;1.955485e-01;3.003880e-01;2.880037e-02;2.236602e-02;2.618381e-02;4.548768e-02;1.702586e-02;2.990187e-02;1.281599e-01;7.077076e-02;3.728504e-02
9.802793e-02;1.641023e-01;2.555354e-01;4.710288e-02;3.203127e-02;2.008031e-02;4.499611e-02;3.744802e-02;5.205793e-02;1.357189e-01;8.705770e-02;2.584127e-02
1.074908e-01;8.896710e-02;2.303321e-01;6.923030e-02;4.928323e-02;3.932645e-02;5.397253e-02;4.481599e-02;8.998004e-02;1.155676e-01;7.904077e-02;3.199301e-02
9.347967e-02;3.634659e-02;2.065235e-01;6.079290e-02;5.743203e-02;4.823953e-02;7.780020e-02;5.728057e-02;1.083892e-01;1.458691e-01;6.689443e-02;4.095227e-02
1.317449e-01;6.537706e-02;2.266733e-01;4.258256e-02;3.371132e-02;3.273933e-02;8.094473e-02;5.884940e-02;1.104753e-01;1.274823e-01;4.952124e-02;3.989846e-02
1.305832e-01;1.439921e-01;2.752920e-01;5.651949e-02;1.835843e-02;4.559920e-02;4.903549e-02;3.939267e-02;1.102712e-01;7.248705e-02;2.193181e-02;3.653736e-02
1.218629e-01;2.079812e-01;2.504020e-01;6.689353e-02;1.140037e-02;6.120745e-02;2.845985e-02;1.892334e-02;1.036396e-01;5.173494e-02;4.417547e-02;3.331941e-02
1.246305e-01;2.035999e-01;2.020320e-01;6.244545e-02;1.702753e-02;6.834738e-02;3.196826e-02;2.448661e-02;9.714326e-02;5.521171e-02;7.999445e-02;3.311308e-02
1.405447e-01;1.728725e-01;1.781426e-01;4.779695e-02;4.718312e-02;5.865065e-02;5.614608e-02;3.331689e-02;9.002698e-02;7.021020e-02;8.172243e-02;2.338701e-02
1.633037e-01;1.398054e-01;2.618892e-01;3.505054e-02;1.039954e-01;2.429870e-02;5.259653e-02;2.848157e-02;5.091992e-02;5.693540e-02;6.118710e-02;2.153653e-02
1.882844e-01;1.046396e-01;2.250948e-01;3.370576e-02;1.695061e-01;2.013646e-02;3.353925e-02;4.923621e-02;2.299157e-02;2.894421e-02;1.029466e-01;2.097502e-02
2.311506e-01;9.484898e-02;1.561901e-01;2.688371e-02;2.106342e-01;2.411178e-02;2.320844e-02;8.320761e-02;1.646802e-02;1.542515e-02;9.183189e-02;2.603956e-02
2.901449e-01;1.004874e-01;1.297011e-01;1.814288e-02;1.966720e-01;1.566710e-02;1.721989e-02;1.101240e-01;1.858935e-02;1.621942e-02;6.217439e-02;2.485761e-02
3.241043e-01;8.316549e-02;1.387498e-01;1.319612e-02;1.824999e-01;6.914263e-03;1.353502e-02;1.372180e-01;1.462216e-02;1.298271e-02;4.798880e-02;2.502338e-02
2.735800e-01;7.994755e-02;1.652453e-01;2.098603e-02;1.319659e-01;2.029057e-02;3.815104e-02;1.368577e-01;4.575637e-02;1.531155e-02;3.643508e-02;3.547281e-02
1.240751e-01;6.494328e-02;1.250232e-01;4.219484e-02;1.079969e-01;5.186230e-02;9.044854e-02;1.517852e-01;1.139457e-01;4.153875e-02;4.661734e-02;3.956892e-02
1.297220e-01;3.966586e-02;7.740122e-02;3.273651e-02;1.211518e-01;5.103436e-02;8.249412e-02;2.153813e-01;1.481041e-01;3.688449e-02;4.585695e-02;1.956718e-02
1.936502e-01;2.368668e-02;5.905999e-02;1.430911e-02;1.093882e-01;3.231201e-02;4.399899e-02;2.673480e-01;1.482044e-01;3.759481e-02;5.558457e-02;1.486311e-02
2.418679e-01;1.584898e-02;4.835463e-02;2.430722e-02;8.692165e-02;2.531610e-02;3.432662e-02;2.500652e-01;1.144243e-01;8.938257e-02;4.677886e-02;2.240599e-02
2.406915e-01;1.786108e-02;3.761696e-02;3.864205e-02;5.414500e-02;4.480781e-02;4.946835e-02;1.556541e-01;9.589577e-02;2.063654e-01;1.732956e-02;4.152244e-02
1.900754e-01;1.551450e-02;2.333913e-02;4.999558e-02;5.204744e-02;6.042597e-02;4.184358e-02;1.676118e-01;7.839403e-02;2.440847e-01;2.573052e-02;5.093738e-02
1.722301e-01;8.503354e-03;3.683812e-02;4.614593e-02;5.067454e-02;5.711372e-02;4.993374e-02;2.127196e-01;7.133813e-02;2.266862e-01;2.599875e-02;4.181781e-02
2.116608e-01;1.275947e-02;6.161748e-02;2.401963e-02;8.057021e-02;3.106825e-02;3.171017e-02;2.894736e-01;4.844765e-02;1.267448e-01;5.631489e-02;2.561298e-02
2.352431e-01;1.391850e-02;8.507706e-02;1.571253e-02;9.829176e-02;1.235164e-02;1.990248e-02;3.442699e-01;3.669890e-02;2.982495e-02;9.092155e-02;1.778761e-02
2.245409e-01;1.369835e-02;9.596092e-02;8.430558e-03;8.924185e-02;1.600251e-02;1.163137e-02;3.380320e-01;4.882721e-02;6.483468e-02;7.523234e-02;1.356736e-02
2.173857e-01;1.390695e-02;8.780087e-02;1.531794e-02;7.661558e-02;2.331402e-02;2.115424e-02;3.011464e-01;5.781556e-02;1.162921e-01;4.866866e-02;2.058198e-02
2.075691e-01;1.156425e-02;6.951242e-02;2.323593e-02;6.103631e-02;4.258689e-02;4.138051e-02;2.317669e-01;5.636411e-02;1.933099e-01;2.437777e-02;3.729597e-02
1.509623e-01;1.121604e-02;3.420689e-02;2.807234e-02;4.037127e-02;6.643136e-02;9.669983e-02;1.310216e-01;4.695978e-02;2.921415e-01;1.521414e-02;8.670297e-02
1.041383e-01;1.219374e-02;1.496726e-02;4.701469e-02;2.225732e-02;7.219708e-02;1.591530e-01;6.884335e-02;4.253767e-02;3.153494e-01;1.365053e-02;1.276977e-01
7.969671e-02;2.008738e-02;2.034930e-02;6.107314e-02;8.894010e-03;7.631068e-02;2.052548e-01;6.339992e-02;4.163092e-02;2.584831e-01;2.932718e-02;1.354929e-01
5.981744e-02;3.253118e-02;4.357253e-02;5.778698e-02;2.831151e-02;8.937816e-02;2.055399e-01;7.097082e-02;5.114191e-02;2.025402e-01;4.487529e-02;1.135342e-01
5.250682e-02;4.467731e-02;7.260115e-02;5.044301e-02;4.669033e-02;1.017111e-01;1.265738e-01;1.102481e-01;6.286276e-02;1.912002e-01;6.483988e-02;7.564560e-02
7.389891e-02;4.134051e-02;5.836591e-02;5.333854e-02;3.462980e-02;5.150345e-02;1.651011e-01;1.814610e-01;4.772314e-02;1.675888e-01;4.383426e-02;8.121457e-02
1.051668e-01;2.721944e-02;4.523651e-02;4.996289e-02;2.274447e-02;4.475002e-02;1.710586e-01;1.748979e-01;5.705936e-02;1.259690e-01;3.280941e-02;1.431256e-01
1.351076e-01;4.247566e-02;5.247746e-02;5.142830e-02;3.697230e-02;5.755070e-02;1.117797e-01;1.097679e-01;5.032735e-02;1.200110e-01;5.870455e-02;1.733975e-01
1.192286e-01;4.544453e-02;4.903399e-02;5.204416e-02;5.235451e-02;3.574097e-02;1.370661e-01;1.160319e-01;4.838205e-02;8.612118e-02;6.146568e-02;1.970863e-01
7.573169e-02;2.982752e-02;6.071334e-02;4.455888e-02;5.184481e-02;4.222603e-02;1.038420e-01;1.904170e-01;5.053670e-02;1.108776e-01;5.701771e-02;1.824067e-01
1.010411e-01;3.191764e-02;9.484157e-02;2.642582e-02;5.075143e-02;6.867944e-02;5.778677e-02;2.303848e-01;5.695375e-02;1.192398e-01;6.779054e-02;9.418736e-02
1.542654e-01;4.906750e-02;1.014840e-01;2.768379e-02;7.028656e-02;5.908275e-02;8.993628e-02;1.697206e-01;6.843676e-02;7.098287e-02;8.893579e-02;5.011766e-02
1.610845e-01;4.353400e-02;1.394053e-01;4.734459e-02;6.304058e-02;7.432832e-02;1.146786e-01;8.702163e-02;6.347690e-02;5.435814e-02;6.310683e-02;8.862069e-02
1.217082e-01;8.439002e-02;1.994230e-01;2.544062e-02;6.586870e-02;6.706622e-02;8.681408e-02;8.407664e-02;1.055558e-01;7.020829e-02;4.320332e-02;4.624506e-02
1.850809e-01;1.183336e-01;1.670429e-01;1.895211e-02;6.670013e-02;4.235942e-02;4.837024e-02;1.237727e-01;1.090477e-01;4.619242e-02;4.698716e-02;2.716076e-02
2.175016e-01;1.081245e-01;1.195474e-01;2.743353e-02;6.120584e-02;1.540972e-02;6.066384e-02;1.501279e-01;7.963286e-02;6.758279e-02;4.628113e-02;4.648899e-02
1.813133e-01;7.665988e-02;8.645237e-02;2.956030e-02;5.039857e-02;4.281915e-02;9.549431e-02;1.418512e-01;6.766774e-02;1.122241e-01;5.022179e-02;6.533726e-02
1.066031e-01;4.398338e-02;7.655261e-02;1.951682e-02;5.222525e-02;8.279315e-02;1.104695e-01;1.209519e-01;1.268364e-01;1.291033e-01;7.037447e-02;6.059033e-02
8.663413e-02;4.656086e-02;1.026114e-01;3.767757e-02;6.275177e-02;7.978434e-02;1.003865e-01;1.163659e-01;1.301231e-01;1.169703e-01;8.197562e-02;3.815849e-02
6.381696e-02;1.033745e-01;9.916346e-02;3.582685e-02;6.978220e-02;4.982645e-02;1.148855e-01;1.321546e-01;1.148644e-01;1.119760e-01;7.397692e-02;3.035210e-02
1.191398e-01;1.373703e-01;6.524091e-02;2.511345e-02;8.080715e-02;7.174710e-02;1.552205e-01;1.033173e-01;6.347027e-02;9.008245e-02;3.504294e-02;5.344772e-02
2.179833e-01;1.160775e-01;1.055014e-01;2.160443e-02;6.705079e-02;7.133246e-02;8.473738e-02;6.939470e-02;5.459519e-02;9.690952e-02;4.339098e-02;5.142242e-02
1.925879e-01;8.054694e-02;8.556807e-02;2.160861e-02;6.422794e-02;4.883124e-02;1.289240e-01;5.783863e-02;9.132037e-02;8.967096e-02;7.795254e-02;6.092276e-02
7.189389e-02;6.558331e-02;1.076574e-01;2.814209e-02;8.311179e-02;5.596079e-02;1.527085e-01;9.071968e-02;1.038849e-01;8.980248e-02;6.742118e-02;8.311404e-02
6.848665e-02;5.309931e-02;1.624334e-01;3.346441e-02;8.955248e-02;7.757451e-02;1.034970e-01;1.256258e-01;8.911286e-02;9.065273e-02;4.991531e-02;5.658552e-02
8.346698e-02;3.375458e-02;1.405699e-01;3.844051e-02;8.178627e-02;6.262835e-02;1.070041e-01;1.332137e-01;9.254779e-02;9.615360e-02;8.433742e-02;4.609689e-02
1.477328e-01;5.558654e-02;1.071259e-01;2.451152e-02;6.741013e-02;4.530270e-02;1.395813e-01;1.180983e-01;8.383660e-02;6.841316e-02;8.691109e-02;5.548998e-02
1.452717e-01;7.614312e-02;6.195805e-02;2.597252e-02;4.664102e-02;5.108993e-02;1.495242e-01;9.740263e-02;9.090047e-02;7.540760e-02;1.024973e-01;7.719141e-02
1.208007e-01;8.980875e-02;6.662127e-02;4.002229e-02;4.583643e-02;4.418677e-02;1.389302e-01;8.750290e-02;1.238609e-01;7.323383e-02;9.838613e-02;7.080980e-02
1.477316e-01;7.354411e-02;1.358319e-01;3.252799e-02;6.957559e-02;5.240697e-02;1.082819e-01;6.948512e-02;1.287979e-01;5.561941e-02;5.993441e-02;6.626291e-02
1.088295e-01;6.171978e-02;1.369278e-01;2.309392e-02;8.344885e-02;7.762353e-02;1.024454e-01;6.572564e-02;1.179729e-01;6.697879e-02;5.394803e-02;1.012859e-01
1.137358e-01;8.886011e-02;1.417742e-01;5.561585e-02;7.544435e-02;6.373301e-02;1.393212e-01;4.658544e-02;7.449032e-02;8.233245e-02;5.475642e-02;6.335096e-02
7.635043e-02;6.772009e-02;1.054852e-01;5.270666e-02;3.355042e-02;5.335007e-02;2.350909e-01;1.093204e-01;1.045118e-01;6.319254e-02;5.453872e-02;4.418279e-02
4.444731e-02;5.571636e-02;6.623905e-02;3.782061e-02;3.140955e-02;1.336469e-01;3.268370e-01;1.153042e-01;7.444179e-02;4.773301e-02;4.635904e-02;2.004519e-02
6.829321e-02;3.258853e-02;3.428108e-02;2.331339e-02;4.050833e-02;2.262899e-01;3.213507e-01;9.718230e-02;5.698000e-02;6.464734e-02;2.753480e-02;7.030454e-03
1.190971e-01;1.733846e-02;2.333057e-02;1.544047e-02;3.842145e-02;3.071507e-01;2.501047e-01;6.593562e-02;5.253924e-02;9.179560e-02;1.406184e-02;4.784219e-03
1.482015e-01;1.330195e-02;2.973497e-02;1.249388e-02;6.574325e-02;2.637453e-01;1.309332e-01;5.339866e-02;1.177988e-01;1.000960e-01;1.068369e-02;5.386885e-02
9.233867e-02;1.993022e-02;3.653976e-02;1.715157e-02;1.258435e-01;1.005646e-01;9.676506e-02;4.065679e-02;2.418821e-01;6.366586e-02;2.310931e-02;1.415525e-01
3.644755e-02;4.332103e-02;2.569277e-02;5.574412e-02;1.110036e-01;4.972005e-02;8.598219e-02;7.180107e-02;2.251480e-01;4.830565e-02;1.034077e-01;1.434264e-01
1.467266e-02;5.838481e-02;3.303641e-02;1.092886e-01;5.193154e-02;7.418030e-02;4.607759e-02;1.262083e-01;1.087839e-01;6.420253e-02;2.484193e-01;6.481411e-02
4.152419e-02;3.511925e-02;8.367076e-02;9.643207e-02;2.229701e-02;6.275752e-02;6.453247e-02;9.451601e-02;5.369005e-02;1.502076e-01;2.798610e-01;1.539201e-02
5.626224e-02;1.076197e-02;1.522437e-01;3.635837e-02;3.827374e-02;3.040802e-02;1.207208e-01;3.556164e-02;4.926421e-02;3.034703e-01;1.508129e-01;1.586211e-02
4.257449e-02;1.907609e-02;1.766420e-01;1.385203e-02;5.339115e-02;3.486827e-02;1.159124e-01;2.311112e-02;6.501142e-02;3.935912e-01;4.512723e-02;1.684257e-02
3.130171e-02;3.322720e-02;1.654736e-01;2.365018e-02;4.905372e-02;6.011454e-02;8.758611e-02;3.068136e-02;1.124855e-01;3.714479e-01;2.001814e-02;1.496001e-02
4.940768e-02;4.351400e-02;1.429650e-01;4.655941e-02;4.626047e-02;7.027788e-02;9.164506e-02;5.344443e-02;1.311125e-01;2.484736e-01;3.966320e-02;3.667665e-02
4.894145e-02;4.515649e-02;1.336163e-01;6.705713e-02;6.835168e-02;7.310063e-02;1.241708e-01;5.661157e-02;9.592885e-02;1.410944e-01;7.884495e-02;6.712572e-02
4.440773e-02;6.342983e-02;1.299260e-01;6.519523e-02;6.275854e-02;6.546889e-02;1.220783e-01;6.895375e-02;1.004095e-01;1.495627e-01;9.655690e-02;3.125257e-02
4.598341e-02;5.962883e-02;1.245111e-01;4.851711e-02;4.621696e-02;7.086292e-02;1.134590e-01;5.218173e-02;9.656151e-02;1.884812e-01;1.273106e-01;2.628559e-02
2.835887e-02;4.183430e-02;1.601777e-01;2.718718e-02;2.909159e-02;7.183883e-02;1.111328e-01;5.379643e-02;8.968915e-02;2.165713e-01;1.183745e-01;5.194728e-02
3.242851e-02;3.899992e-02;1.895622e-01;2.582337e-02;2.925012e-02;6.350140e-02;1.135235e-01;6.117607e-02;8.653329e-02;2.044825e-01;9.599626e-02;5.872281e-02
5.508561e-02;3.070591e-02;1.385392e-01;5.868161e-02;6.547329e-02;6.131151e-02;1.170117e-01;7.325713e-02;7.366182e-02;1.710248e-01;1.010235e-01;5.422395e-02
4.761589e-02;3.836839e-02;1.343952e-01;1.095557e-01;7.919120e-02;3.959627e-02;7.834480e-02;9.147082e-02;5.925817e-02;9.016067e-02;1.803945e-01;5.164839e-02
5.778553e-02;3.112266e-02;1.715377e-01;1.218880e-01;5.690754e-02;2.665525e-02;7.632828e-02;8.359866e-02;5.813356e-02;5.929922e-02;2.246359e-01;3.210766e-02
7.114260e-02;2.767996e-02;2.443338e-01;1.076834e-01;3.428355e-02;1.742633e-02;7.135765e-02;5.682608e-02;5.952238e-02;6.439482e-02;2.239352e-01;2.141412e-02
7.853179e-02;7.054896e-02;2.766894e-01;6.706193e-02;2.092339e-02;2.080379e-02;5.217887e-02;2.587986e-02;6.660385e-02;1.054060e-01;1.548632e-01;6.050891e-02
1.117272e-01;1.233177e-01;2.114157e-01;2.853017e-02;2.163457e-02;3.377864e-02;2.999032e-02;2.882916e-02;9.637480e-02;9.633218e-02;9.359085e-02;1.244787e-01
2.164174e-01;1.130454e-01;1.169308e-01;2.004208e-02;3.328822e-02;2.822398e-02;2.672430e-02;4.265851e-02;9.674867e-02;6.450483e-02;1.049787e-01;1.364371e-01
2.852929e-01;9.574071e-02;1.249769e-01;1.909828e-02;3.688909e-02;1.250816e-02;2.969757e-02;4.378036e-02;5.850768e-02;6.085928e-02;1.379736e-01;9.467546e-02
2.710742e-01;9.075852e-02;1.497739e-01;2.098063e-02;3.636910e-02;2.099455e-02;2.789853e-02;5.409775e-02;4.401200e-02;8.288796e-02;1.390119e-01;6.214095e-02
2.174921e-01;1.328247e-01;1.344372e-01;3.598361e-02;3.209094e-02;3.067556e-02;4.797714e-02;4.480342e-02;5.269166e-02;1.173581e-01;9.471764e-02;5.894788e-02
1.199694e-01;1.628327e-01;1.514398e-01;4.738169e-02;4.243616e-02;2.593151e-02;7.344167e-02;3.020380e-02;7.473938e-02;1.417155e-01;7.629824e-02;5.361006e-02
1.199655e-01;1.208966e-01;1.491133e-01;5.574019e-02;5.421321e-02;3.580790e-02;4.400790e-02;2.750707e-02;9.805311e-02;1.700419e-01;6.560084e-02;5.905245e-02
1.277728e-01;7.257410e-02;1.503602e-01;7.294541e-02;4.454315e-02;3.265237e-02;2.689792e-02;3.995849e-02;1.176555e-01;2.046111e-01;5.366697e-02;5.636195e-02
8.355279e-02;5.246464e-02;1.358778e-01;7.374811e-02;5.880809e-02;3.873615e-02;2.909613e-02;6.414544e-02;1.261750e-01;2.148072e-01;7.475191e-02;4.783677e-02
6.514630e-02;5.878320e-02;1.556465e-01;4.535279e-02;9.846679e-02;3.494722e-02;3.958147e-02;6.937107e-02;1.248425e-01;1.647739e-01;8.575433e-02;5.733400e-02
6.478803e-02;6.628682e-02;1.287473e-01;4.971605e-02;1.013975e-01;4.160490e-02;7.352278e-02;6.765776e-02;1.245122e-01;1.353975e-01;7.474227e-02;7.162698e-02
7.161497e-02;9.093536e-02;9.309055e-02;5.824096e-02;6.967249e-02;4.104165e-02;8.368094e-02;6.501967e-02;1.329295e-01;1.697405e-01;5.722952e-02;6.680392e-02
1.373959e-01;8.947883e-02;8.950195e-02;5.076706e-02;4.833809e-02;4.405806e-02;5.392779e-02;5.901762e-02;1.430651e-01;1.878665e-01;4.751303e-02;4.907014e-02
1.292870e-01;9.940744e-02;1.383142e-01;5.485873e-02;5.285945e-02;3.665752e-02;5.631125e-02;5.302991e-02;8.534974e-02;1.732259e-01;8.302820e-02;3.767069e-02
1.095182e-01;1.098534e-01;1.689367e-01;5.414336e-02;5.980749e-02;3.586467e-02;4.546536e-02;4.725320e-02;5.719558e-02;1.580039e-01;1.197821e-01;3.417602e-02
1.243999e-01;8.326915e-02;6.216012e-02;3.493479e-02;4.823695e-02;4.733481e-02;7.138252e-02;6.208484e-02;1.066934e-01;1.255946e-01;1.039019e-01;1.300070e-01
1.545420e-01;6.701572e-02;6.908549e-02;4.043981e-02;4.462318e-02;4.960233e-02;5.811350e-02;5.343084e-02;1.114659e-01;1.236305e-01;7.431229e-02;1.537385e-01
1.480551e-01;8.101904e-02;1.383219e-01;4.006790e-02;3.618624e-02;4.080593e-02;5.735015e-02;5.814485e-02;9.780269e-02;9.850740e-02;4.760883e-02;1.561300e-01
1.346202e-01;1.043835e-01;1.579170e-01;3.067688e-02;3.892089e-02;2.274332e-02;4.556021e-02;1.067829e-01;9.925660e-02;5.103695e-02;9.230933e-02;1.157922e-01
1.708576e-01;9.888575e-02;1.175265e-01;1.480907e-02;6.385578e-02;1.595881e-02;2.612145e-02;1.943670e-01;1.053891e-01;2.883828e-02;9.806328e-02;6.532738e-02
1.456513e-01;6.541151e-02;6.591690e-02;3.232936e-02;6.906396e-02;2.257661e-02;5.323837e-02;2.221757e-01;9.245864e-02;9.330885e-02;7.745594e-02;6.041283e-02
8.971809e-02;4.628090e-02;4.239586e-02;6.206675e-02;4.847173e-02;2.948265e-02;1.252756e-01;1.417907e-01;5.604931e-02;1.675247e-01;7.191576e-02;1.190279e-01
5.224430e-02;5.097187e-02;4.779564e-02;6.792858e-02;3.721204e-02;3.449397e-02;1.751973e-01;5.689987e-02;7.431380e-02;1.612911e-01;7.795803e-02;1.636935e-01
2.710995e-02;3.871014e-02;9.170357e-02;3.753094e-02;4.845148e-02;5.830182e-02;1.464440e-01;4.704647e-02;1.582047e-01;9.000120e-02;1.347493e-01;1.217464e-01
2.886855e-02;1.982217e-02;1.347201e-01;1.284925e-02;6.999722e-02;9.555937e-02;7.026745e-02;3.702649e-02;2.268312e-01;4.486980e-02;1.989512e-01;6.023731e-02
2.703188e-02;1.454038e-02;1.249095e-01;1.292611e-02;9.910994e-02;1.114598e-01;1.019014e-01;3.167532e-02;2.058030e-01;2.518709e-02;1.677939e-01;7.766169e-02
3.265231e-02;2.831819e-02;9.422126e-02;1.507310e-02;1.079711e-01;1.227953e-01;1.230584e-01;5.467324e-02;1.432419e-01;1.884529e-02;1.317129e-01;1.274371e-01
5.312991e-02;3.716412e-02;7.114958e-02;2.855189e-02;9.038558e-02;1.126421e-01;1.366363e-01;6.345931e-02;1.119724e-01;4.576319e-02;1.099275e-01;1.392182e-01
7.453992e-02;4.190962e-02;7.218888e-02;3.882084e-02;6.129655e-02;9.167251e-02;1.330925e-01;5.876670e-02;1.087139e-01;8.904132e-02;1.239831e-01;1.059741e-01
1.213726e-01;3.266829e-02;6.000092e-02;3.339706e-02;5.750729e-02;5.744248e-02;1.117097e-01;5.491244e-02;8.581966e-02;1.373187e-01;1.265742e-01;1.212766e-01
2.253657e-01;3.044706e-02;5.610681e-02;2.433423e-02;5.536784e-02;3.968946e-02;7.619968e-02;6.957167e-02;5.702799e-02;1.335749e-01;1.025927e-01;1.297219e-01
2.681044e-01;2.505458e-02;7.072461e-02;2.216160e-02;3.678664e-02;4.585281e-02;6.367009e-02;5.445662e-02;5.921174e-02;1.194022e-01;1.240812e-01;1.104935e-01
2.353093e-01;2.912025e-02;8.765517e-02;3.018825e-02;2.667940e-02;3.995470e-02;7.660904e-02;5.003886e-02;6.587729e-02;1.148486e-01;1.329027e-01;1.108164e-01
1.637611e-01;3.598890e-02;9.153824e-02;3.520389e-02;4.722971e-02;4.282132e-02;9.265204e-02;6.058999e-02;6.027802e-02;1.179899e-01;1.448166e-01;1.071302e-01
9.277723e-02;4.628536e-02;6.962320e-02;4.037792e-02;6.102717e-02;4.370474e-02;8.836757e-02;9.504624e-02;5.750748e-02;1.608135e-01;1.667709e-01;7.769866e-02
1.189506e-01;3.566190e-02;9.557626e-02;2.485002e-02;3.927993e-02;5.639993e-02;6.415055e-02;6.513891e-02;1.175611e-01;1.203879e-01;1.737258e-01;8.831725e-02
9.375678e-02;1.994217e-02;1.046293e-01;1.063779e-02;5.362720e-02;7.906572e-02;5.978910e-02;3.160680e-02;2.015086e-01;9.315774e-02;1.663905e-01;8.588827e-02
4.976147e-02;1.013486e-02;1.024612e-01;1.020547e-02;8.449669e-02;7.494834e-02;5.395950e-02;2.732742e-02;2.710291e-01;7.783926e-02;1.638219e-01;7.401485e-02
3.899552e-02;1.469139e-02;7.852683e-02;1.193117e-02;1.101926e-01;5.627653e-02;5.173111e-02;3.932539e-02;2.397997e-01;7.689356e-02;2.063401e-01;7.529613e-02
1.086789e-01;9.051422e-02;4.724679e-02;2.096454e-02;1.003908e-01;3.738555e-02;7.296538e-02;6.772511e-02;1.138358e-01;5.371649e-02;1.450493e-01;1.415270e-01
1.527199e-01;1.792025e-01;7.018410e-02;7.656708e-02;5.490028e-02;2.451306e-02;1.010834e-01;4.284418e-02;4.116572e-02;3.787107e-02;5.849656e-02;1.604522e-01
1.255142e-01;1.915039e-01;6.759016e-02;1.836526e-01;1.916949e-02;2.004036e-02;1.199099e-01;1.926037e-02;2.319743e-02;5.801846e-02;3.529871e-02;1.368445e-01
9.482178e-02;1.308014e-01;6.069468e-02;2.805051e-01;1.172534e-02;2.240090e-02;1.245424e-01;2.049560e-02;1.506579e-02;1.038504e-01;2.045959e-02;1.146371e-01
9.895989e-02;6.938975e-02;3.117345e-02;2.828380e-01;1.050837e-02;4.566215e-02;1.161317e-01;2.419666e-02;3.491586e-02;1.707475e-01;1.648162e-02;9.899501e-02
1.448224e-01;4.327403e-02;2.335917e-02;1.759374e-01;9.938229e-03;1.002699e-01;9.235676e-02;2.994302e-02;1.023799e-01;1.864322e-01;1.024973e-02;8.103719e-02
1.955664e-01;4.108975e-02;2.023030e-02;1.023724e-01;1.361600e-02;1.515979e-01;6.855721e-02;3.883711e-02;1.733947e-01;1.250038e-01;1.020692e-02;5.952746e-02
2.320730e-01;3.187500e-02;2.489623e-02;7.673134e-02;1.628090e-02;1.793781e-01;5.523262e-02;3.968070e-02;1.954297e-01;8.109103e-02;8.650738e-03;5.868065e-02
2.370255e-01;3.058275e-02;2.342379e-02;9.176755e-02;1.590910e-02;1.749568e-01;4.267161e-02;3.742085e-02;1.667373e-01;1.071804e-01;7.122579e-03;6.520184e-02
2.191804e-01;2.335444e-02;1.587463e-02;1.717368e-01;1.799447e-02;1.472154e-01;3.996664e-02;3.548483e-02;1.099322e-01;1.391494e-01;7.916456e-03;7.219445e-02
2.310991e-01;2.860335e-02;2.009994e-02;2.050531e-01;1.147941e-02;1.185769e-01;4.922392e-02;4.133889e-02;7.556789e-02;1.425574e-01;6.156408e-03;7.024365e-02
2.681956e-01;5.618760e-02;2.712163e-02;1.446803e-01;1.034756e-02;1.026082e-01;5.244518e-02;5.634169e-02;8.496014e-02;1.268655e-01;5.614682e-03;6.463189e-02
3.002602e-01;8.926190e-02;2.217132e-02;6.616738e-02;6.304802e-03;1.009259e-01;5.460247e-02;7.428688e-02;1.095235e-01;1.011256e-01;7.093120e-03;6.827699e-02
2.873448e-01;1.102246e-01;2.128019e-02;4.961975e-02;6.057619e-03;8.786067e-02;6.385312e-02;9.058329e-02;1.129507e-01;8.774808e-02;5.664696e-03;7.681256e-02
2.580371e-01;7.183420e-02;1.529395e-02;4.247302e-02;7.945948e-03;7.601928e-02;8.368544e-02;9.879932e-02;1.039861e-01;9.830630e-02;9.853277e-03;1.337660e-01
2.172570e-01;2.222369e-02;1.825477e-02;3.218574e-02;1.570836e-02;6.688847e-02;9.095008e-02;9.219427e-02;8.325693e-02;1.558148e-01;1.920619e-02;1.860597e-01
1.792975e-01;3.780345e-02;4.382610e-02;3.947159e-02;2.736307e-02;5.779000e-02;8.936363e-02;7.599836e-02;7.078786e-02;2.229386e-01;3.648194e-02;1.188778e-01
1.489621e-01;5.860597e-02;6.526882e-02;4.845149e-02;3.419849e-02;5.226092e-02;9.236424e-02;6.375669e-02;7.633281e-02;2.456523e-01;5.565543e-02;5.849082e-02
1.041707e-01;8.737176e-02;8.404682e-02;5.670869e-02;4.146100e-02;3.824656e-02;9.382954e-02;7.258239e-02;1.036030e-01;1.913113e-01;7.445437e-02;5.221382e-02
1.983857e-01;8.068539e-02;9.848418e-02;3.798817e-02;6.677634e-02;3.087939e-02;5.459315e-02;1.115975e-01;1.340962e-01;8.595873e-02;4.920610e-02;5.134914e-02
2.809058e-01;5.958735e-02;8.137725e-02;2.058629e-02;7.614169e-02;1.941946e-02;5.152553e-02;1.627227e-01;1.012770e-01;5.869415e-02;3.664689e-02;5.111596e-02
3.684992e-01;4.781187e-02;6.485819e-02;4.244863e-02;5.779664e-02;1.307859e-02;8.131947e-02;1.496744e-01;5.216383e-02;3.940355e-02;2.222380e-02;6.072183e-02
4.356778e-01;6.898010e-02;6.851760e-02;5.611794e-02;6.255895e-02;1.535974e-02;6.097365e-02;8.415435e-02;2.152897e-02;4.587184e-02;1.635971e-02;6.389938e-02
3.938391e-01;9.477653e-02;8.657636e-02;4.254801e-02;1.428968e-01;9.292176e-03;2.728598e-02;1.062336e-01;2.128615e-02;2.642296e-02;1.007454e-02;3.876769e-02
3.498916e-01;8.303141e-02;7.704934e-02;4.202285e-02;1.758533e-01;1.007831e-02;3.043692e-02;1.345329e-01;3.624517e-02;2.112053e-02;8.270542e-03;3.146713e-02
2.339197e-01;4.113407e-02;4.822907e-02;1.022762e-01;1.157770e-01;2.578234e-02;9.782875e-02;1.687590e-01;3.959140e-02;5.909085e-02;7.447751e-03;6.016389e-02
9.320448e-02;1.881879e-02;2.869915e-02;1.875839e-01;3.674276e-02;3.698369e-02;2.302171e-01;1.429753e-01;4.187756e-02;7.011530e-02;1.743161e-02;9.535031e-02
3.752850e-02;1.917989e-02;4.404303e-02;1.661411e-01;4.533146e-02;3.475266e-02;2.955523e-01;9.194259e-02;7.191032e-02;4.805494e-02;4.009962e-02;1.054636e-01
1.826075e-02;1.470983e-02;8.179424e-02;9.192456e-02;5.908818e-02;5.860760e-02;2.653760e-01;4.629109e-02;1.455795e-01;3.162116e-02;9.104118e-02;9.570595e-02
1.738727e-02;1.988805e-02;9.768253e-02;2.945213e-02;7.004443e-02;8.669899e-02;1.495660e-01;4.859665e-02;1.979461e-01;3.373887e-02;1.459312e-01;1.030678e-01
2.741331e-02;3.272613e-02;5.908023e-02;7.607547e-02;4.541907e-02;6.517988e-02;2.465396e-01;4.174509e-02;1.137585e-01;6.232508e-02;1.087074e-01;1.210302e-01
4.290685e-02;4.428632e-02;4.168662e-02;1.029983e-01;2.560933e-02;6.129791e-02;3.162298e-01;5.797169e-02;3.641123e-02;1.136912e-01;5.801025e-02;9.890053e-02
5.224409e-02;4.187744e-02;4.604386e-02;1.069741e-01;2.624943e-02;7.264546e-02;3.123814e-01;7.318357e-02;2.300231e-02;1.366092e-01;3.697492e-02;7.181428e-02
5.106190e-02;3.376210e-02;6.342031e-02;9.785190e-02;3.890832e-02;7.262597e-02;2.860895e-01;7.643317e-02;2.885210e-02;1.072806e-01;4.865165e-02;9.506246e-02
4.128089e-02;3.148967e-02;4.875777e-02;7.462312e-02;5.543034e-02;5.038213e-02;3.107707e-01;8.620032e-02;1.891482e-02;7.265577e-02;8.211668e-02;1.273778e-01
4.009431e-02;4.367953e-02;5.161915e-02;4.366292e-02;5.377644e-02;4.524536e-02;2.868597e-01;1.079841e-01;3.458836e-02;5.565976e-02;1.001022e-01;1.367281e-01
4.032788e-02;6.793477e-02;8.432738e-02;7.361115e-02;3.320953e-02;3.142310e-02;2.235193e-01;8.651075e-02;3.431942e-02;7.989090e-02;1.112197e-01;1.337062e-01
6.588124e-02;6.785890e-02;7.205871e-02;1.395935e-01;1.443326e-02;2.462566e-02;1.740403e-01;5.132575e-02;2.339664e-02;9.738699e-02;1.115706e-01;1.578283e-01
1.081887e-01;5.737728e-02;5.997741e-02;1.322771e-01;2.832611e-02;5.540903e-02;1.390634e-01;4.678901e-02;2.552366e-02;1.034917e-01;9.805110e-02;1.455255e-01
1.146045e-01;1.137205e-01;1.563259e-01;6.514265e-02;7.414200e-02;5.556996e-02;8.094484e-02;6.670754e-02;4.464056e-02;7.128838e-02;6.832403e-02;8.858915e-02
8.425167e-02;1.628523e-01;2.594353e-01;4.526281e-02;5.511148e-02;4.150905e-02;6.309189e-02;5.494186e-02;6.452550e-02;5.032183e-02;3.964456e-02;7.905179e-02
8.934297e-02;1.354887e-01;3.735906e-01;3.742817e-02;2.947892e-02;3.748539e-02;5.721627e-02;4.240656e-02;5.668398e-02;5.901293e-02;1.944908e-02;6.241645e-02
9.454529e-02;6.151950e-02;4.476123e-01;8.309380e-02;3.291851e-02;2.882710e-02;4.880749e-02;3.486061e-02;5.265071e-02;6.413127e-02;1.916637e-02;3.186703e-02
7.504491e-02;6.218293e-02;3.245449e-01;2.139781e-01;3.623517e-02;5.043103e-02;2.624716e-02;7.537582e-02;4.646291e-02;4.188456e-02;3.611406e-02;1.149840e-02
3.488740e-02;1.726326e-01;1.472298e-01;2.637842e-01;5.255289e-02;6.091494e-02;1.722453e-02;1.205763e-01;2.361725e-02;5.519843e-02;4.324373e-02;8.137924e-03
1.494542e-02;3.131644e-01;8.158533e-02;1.730549e-01;9.504751e-02;4.209309e-02;2.066839e-02;1.030822e-01;1.282749e-02;9.680795e-02;2.985906e-02;1.686427e-02
1.029485e-02;4.370689e-01;8.065011e-02;9.117515e-02;1.290873e-01;2.275277e-02;2.979082e-02;4.093071e-02;2.040966e-02;8.765198e-02;1.657031e-02;3.361748e-02
1.907940e-02;3.772097e-01;6.482808e-02;1.043011e-01;1.262802e-01;1.837112e-02;2.494966e-02;4.322654e-02;2.350669e-02;6.716646e-02;9.774146e-02;3.333966e-02
1.577668e-02;1.868794e-01;8.822936e-02;1.349193e-01;8.856577e-02;1.490366e-02;1.296140e-02;1.028942e-01;1.156433e-02;9.573841e-02;2.286318e-01;1.893565e-02
9.706391e-03;8.374321e-02;1.458093e-01;1.439042e-01;5.401270e-02;2.263245e-02;3.532069e-02;1.292912e-01;1.884221e-02;9.682104e-02;2.482331e-01;1.168353e-02
1.113455e-02;3.831371e-02;2.462805e-01;1.300294e-01;3.795324e-02;3.301170e-02;8.510802e-02;1.212365e-01;3.947358e-02;7.481108e-02;1.759356e-01;6.712053e-03
2.050818e-02;6.641053e-02;3.659740e-01;7.088809e-02;4.966333e-02;3.331293e-02;1.120436e-01;9.423301e-02;5.402093e-02;4.964305e-02;7.212445e-02;1.117781e-02
2.843507e-02;7.387058e-02;4.690700e-01;6.221310e-02;5.531947e-02;1.346186e-02;9.305434e-02;8.370640e-02;3.863377e-02;4.890255e-02;2.358022e-02;9.752623e-03
1.960506e-02;7.278405e-02;5.176451e-01;6.712691e-02;6.629195e-02;9.377461e-03;7.083556e-02;6.172509e-02;2.827816e-02;5.364007e-02;2.416066e-02;8.529900e-03
3.721225e-02;8.246819e-02;4.765229e-01;4.676426e-02;7.049889e-02;2.459436e-02;5.013556e-02;5.987785e-02;3.296169e-02;5.001058e-02;4.705409e-02;2.189935e-02
7.045908e-02;8.134206e-02;4.145011e-01;6.965371e-02;6.450882e-02;3.664817e-02;4.627157e-02;5.408981e-02;3.044013e-02;3.842810e-02;5.870728e-02;3.495020e-02
6.853101e-02;8.614686e-02;3.743059e-01;8.546145e-02;4.078065e-02;3.667440e-02;5.772522e-02;5.276389e-02;4.096901e-02;4.755111e-02;6.595170e-02;4.313873e-02
5.436698e-02;5.719611e-02;1.813633e-01;7.859447e-02;7.999425e-02;5.971858e-02;1.075366e-01;1.087909e-01;1.040024e-01;7.673329e-02;6.014783e-02;3.155546e-02
2.807318e-02;4.067124e-02;1.308625e-01;6.773193e-02;1.461424e-01;7.066742e-02;1.463962e-01;1.177093e-01;1.209137e-01;5.501579e-02;3.907650e-02;3.673994e-02
1.308338e-02;2.348555e-02;1.279645e-01;6.767241e-02;2.216109e-01;7.344465e-02;1.336823e-01;8.664362e-02;1.375759e-01;2.929664e-02;2.351633e-02;6.202377e-02
9.985920e-03;1.391773e-02;1.153129e-01;1.296768e-01;2.889045e-01;6.640204e-02;8.753414e-02;4.594730e-02;1.237318e-01;1.857931e-02;1.604516e-02;8.396255e-02
4.818300e-03;9.447525e-03;9.585240e-02;2.679487e-01;2.765484e-01;4.940815e-02;5.763292e-02;3.552836e-02;5.929267e-02;2.985386e-02;3.629588e-02;7.737286e-02
7.607971e-03;1.565701e-02;1.687968e-01;2.884910e-01;2.140242e-01;4.565723e-02;4.274334e-02;3.560135e-02;2.533536e-02;5.386776e-02;5.897768e-02;4.324018e-02
6.476045e-03;2.530966e-02;2.487908e-01;2.368373e-01;1.544478e-01;4.875796e-02;2.541607e-02;8.375158e-02;1.655656e-02;4.952754e-02;8.553333e-02;1.859534e-02
8.008923e-03;2.238359e-02;2.672372e-01;3.201517e-01;8.618671e-02;4.307031e-02;3.188022e-02;8.288262e-02;8.940978e-03;2.423677e-02;9.228449e-02;1.273655e-02
1.442428e-02;1.352555e-02;3.301184e-01;3.207650e-01;7.867333e-02;2.806418e-02;6.775849e-02;3.755222e-02;7.828078e-03;3.197114e-02;6.211455e-02;7.204822e-03
1.342961e-02;2.053924e-02;3.767392e-01;2.123965e-01;9.975199e-02;2.889300e-02;1.189522e-01;2.942661e-02;1.325824e-02;5.533004e-02;2.726243e-02;4.020880e-03
1.312392e-02;3.843094e-02;3.754652e-01;9.336131e-02;6.986786e-02;3.705043e-02;1.456853e-01;7.268224e-02;3.554245e-02;9.132864e-02;1.961087e-02;7.850841e-03
5.754644e-02;5.627615e-02;3.360296e-01;3.723321e-02;2.507496e-02;2.931115e-02;1.112653e-01;8.546443e-02;6.061953e-02;1.370593e-01;4.068119e-02;2.343863e-02
1.269954e-01;7.448304e-02;3.618453e-01;2.055323e-02;2.839398e-02;1.760685e-02;5.521207e-02;4.737124e-02;4.671114e-02;1.349576e-01;4.999317e-02;3.587701e-02
1.142490e-01;5.986067e-02;4.963786e-01;2.574257e-02;6.502067e-02;1.123977e-02;5.746765e-02;2.853748e-02;1.975454e-02;8.165288e-02;2.392187e-02;1.617426e-02
4.588598e-02;3.291406e-02;6.044919e-01;3.653131e-02;9.215046e-02;9.353303e-03;6.517120e-02;1.903326e-02;1.091568e-02;7.074199e-02;6.913113e-03;5.897678e-03
1.952025e-02;2.495847e-02;6.161913e-01;4.261652e-02;9.205473e-02;9.438081e-03;7.461553e-02;9.750905e-03;1.674101e-02;8.484709e-02;4.224281e-03;5.041774e-03
3.022270e-02;2.533358e-02;6.008835e-01;4.229076e-02;7.222396e-02;7.695913e-03;1.091958e-01;9.597818e-03;2.255331e-02;7.356651e-02;3.406782e-03;3.029312e-03
3.007171e-02;2.310963e-02;6.010684e-01;3.975120e-02;7.009971e-02;6.784899e-03;1.153951e-01;8.224064e-03;2.831387e-02;6.831907e-02;5.693599e-03;3.168775e-03
1.948635e-02;1.648396e-02;5.970497e-01;4.027620e-02;6.389362e-02;5.118185e-03;9.842817e-02;7.150131e-03;2.388372e-02;1.197258e-01;6.178035e-03;2.326065e-03
8.473765e-03;2.645723e-02;5.492623e-01;3.855273e-02;7.860064e-02;9.967144e-03;7.675359e-02;1.384710e-02;1.615044e-02;1.738256e-01;4.749660e-03;3.359780e-03
1.115556e-02;5.231549e-02;5.326905e-01;3.956759e-02;6.337848e-02;2.237842e-02;5.577092e-02;3.604820e-02;1.731732e-02;1.569745e-01;2.725120e-03;9.677974e-03
2.871507e-02;9.488159e-02;5.145709e-01;4.430262e-02;3.665345e-02;6.524146e-02;2.647799e-02;4.775160e-02;3.767081e-02;7.915938e-02;7.799855e-03;1.677532e-02
7.418500e-02;1.223692e-01;4.170074e-01;4.981217e-02;3.137048e-02;7.924912e-02;5.115337e-02;2.888594e-02;4.761897e-02;5.862863e-02;2.526283e-02;1.445686e-02
1.388274e-01;1.083211e-01;3.463212e-01;4.149207e-02;4.687593e-02;4.281330e-02;8.001767e-02;3.309340e-02;4.330227e-02;6.417898e-02;3.655464e-02;1.820201e-02
1.615023e-01;8.348356e-02;2.947226e-01;5.030243e-02;5.562434e-02;4.653343e-02;8.857723e-02;5.213609e-02;4.436966e-02;4.285743e-02;3.724945e-02;4.264151e-02
1.226558e-01;4.957336e-02;2.866357e-01;5.863738e-02;6.545532e-02;6.899253e-02;7.784314e-02;5.694794e-02;3.297795e-02;5.244791e-02;6.388291e-02;6.395005e-02
8.188561e-02;6.216588e-02;2.632702e-01;5.374927e-02;6.529183e-02;8.181418e-02;5.287785e-02;5.053139e-02;2.955708e-02;8.796714e-02;1.155649e-01;5.532468e-02
4.943421e-02;6.995993e-02;2.273162e-01;6.796964e-02;6.989051e-02;5.392550e-02;6.461733e-02;5.724825e-02;3.929341e-02;1.285667e-01;1.292209e-01;4.255740e-02
5.013372e-02;6.279663e-02;2.139313e-01;5.808931e-02;7.099269e-02;4.569134e-02;1.025343e-01;5.157357e-02;5.503595e-02;1.347824e-01;1.102837e-01;4.415505e-02
6.098179e-02;5.500021e-02;2.116875e-01;4.173668e-02;6.434853e-02;8.147188e-02;2.124247e-01;4.674744e-02;4.832818e-02;8.238932e-02;6.024339e-02;3.464039e-02
7.656161e-02;6.465982e-02;1.656898e-01;3.473898e-02;9.774378e-02;1.001971e-01;2.845382e-01;3.614154e-02;2.822325e-02;5.124917e-02;3.447350e-02;2.578330e-02
7.155611e-02;4.212262e-02;2.365835e-01;6.329671e-02;1.195358e-01;8.479575e-02;1.977669e-01;2.585943e-02;2.076232e-02;6.425719e-02;5.477841e-02;1.868533e-02
4.312519e-02;2.962100e-02;3.476800e-01;6.773647e-02;1.071913e-01;5.852538e-02;1.534260e-01;2.864041e-02;2.714886e-02;6.695744e-02;5.342206e-02;1.652579e-02
3.348773e-02;3.057498e-02;4.195038e-01;6.185403e-02;8.983120e-02;4.963518e-02;1.337532e-01;3.699034e-02;2.926601e-02;5.330805e-02;4.299122e-02;1.880436e-02
3.873394e-02;5.015614e-02;3.828351e-01;4.704887e-02;8.555078e-02;5.688583e-02;1.543472e-01;2.868284e-02;3.260386e-02;6.081865e-02;4.144750e-02;2.088923e-02
