4.874545e-02;7.643069e-02;7.724130e-02;4.677729e-02;9.608618e-02;1.728582e-01;4.261953e-02;1.827857e-01;1.531302e-01;3.265377e-02;3.203820e-02;3.863345e-02
6.419955e-02;7.135282e-02;8.036619e-02;5.288274e-02;9.605911e-02;1.099999e-01;6.703048e-02;1.995872e-01;1.354279e-01;4.554480e-02;2.542515e-02;5.212403e-02
4.279358e-02;8.883584e-02;1.335806e-01;5.597982e-02;4.234976e-02;1.634591e-01;7.652331e-02;1.492119e-01;8.874536e-02;4.552067e-02;5.685194e-02;5.614816e-02
4.103334e-02;1.257077e-01;1.471072e-01;4.941791e-02;5.254368e-02;1.629397e-01;6.259295e-02;1.306575e-01;8.470334e-02;4.316215e-02;4.566806e-02;5.446643e-02
6.257323e-02;2.086792e-01;1.609143e-01;4.517526e-02;5.356228e-02;1.305756e-01;4.921256e-02;9.667327e-02;7.055448e-02;3.947078e-02;3.551501e-02;4.709399e-02
7.382170e-02;3.263775e-01;1.909220e-01;4.560701e-02;3.275904e-02;1.208198e-01;3.422825e-02;4.719055e-02;5.490164e-02;2.402878e-02;2.098234e-02;2.836135e-02
6.600908e-02;3.971208e-01;1.924764e-01;3.343768e-02;2.145566e-02;1.260106e-01;3.485901e-02;3.109023e-02;5.718537e-02;1.133101e-02;1.441241e-02;1.461175e-02
4.981150e-02;3.979432e-01;2.422107e-01;1.872579e-02;2.418173e-02;1.006850e-01;2.173904e-02;3.400704e-02;6.578784e-02;2.306220e-02;1.014241e-02;1.170355e-02
5.586687e-02;3.561783e-01;2.548556e-01;1.749500e-02;2.471560e-02;9.035470e-02;1.946843e-02;5.472469e-02;7.538046e-02;2.568536e-02;1.051773e-02;1.475726e-02
8.094015e-02;2.275511e-01;2.474892e-01;2.702139e-02;3.365648e-02;6.003286e-02;3.001484e-02;1.109840e-01;9.837822e-02;3.229678e-02;1.939478e-02;3.224016e-02
6.845459e-02;2.256322e-01;2.436638e-01;2.666083e-02;2.260306e-02;6.786374e-02;5.985387e-02;9.209994e-02;8.384681e-02;4.251604e-02;2.599232e-02;4.081277e-02
6.254328e-02;3.214523e-01;2.562736e-01;2.267392e-02;1.939152e-02;4.835910e-02;5.772662e-02;4.382814e-02;7.514597e-02;3.990223e-02;2.230951e-02;3.039380e-02
5.626106e-02;2.698069e-01;2.550939e-01;2.331357e-02;1.406746e-02;7.574203e-02;6.345803e-02;5.239888e-02;7.970299e-02;4.880885e-02;2.694691e-02;3.439935e-02
8.549021e-02;2.480865e-01;2.878904e-01;3.294286e-02;2.323954e-02;6.325012e-02;4.971143e-02;5.514850e-02;6.495804e-02;4.550616e-02;1.763690e-02;2.613939e-02
5.173371e-02;3.279639e-01;3.154540e-01;3.541949e-02;1.635325e-02;5.791477e-02;1.564014e-02;3.937673e-02;9.701221e-02;2.292438e-02;7.453890e-03;1.275351e-02
2.951681e-02;3.282157e-01;3.116076e-01;3.970291e-02;2.074427e-02;7.724766e-02;2.103837e-02;3.208775e-02;1.153275e-01;1.179958e-02;3.726545e-03;8.985242e-03
3.289122e-02;3.329310e-01;2.618442e-01;4.384238e-02;3.166042e-02;6.798707e-02;2.914150e-02;4.449072e-02;1.214554e-01;2.135870e-02;5.118702e-03;7.278700e-03
4.786878e-02;3.454321e-01;1.741229e-01;3.598945e-02;5.552790e-02;4.365705e-02;4.052548e-02;8.418934e-02;1.246755e-01;2.767102e-02;1.314139e-02;7.199102e-03
7.303988e-02;3.092137e-01;9.355042e-02;2.242056e-02;1.036073e-01;2.313254e-02;5.164578e-02;1.491906e-01;1.326559e-01;1.040218e-02;2.591711e-02;5.223935e-03
1.007535e-01;2.232274e-01;4.885814e-02;7.636967e-03;1.418188e-01;2.774086e-02;4.680064e-02;2.311036e-01;1.123082e-01;1.394325e-02;3.482759e-02;1.098097e-02
1.208312e-01;1.366173e-01;7.497985e-02;1.037357e-02;1.446442e-01;2.285990e-02;7.501891e-02;2.390826e-01;8.217058e-02;2.400618e-02;3.646222e-02;3.295350e-02
9.567361e-02;1.758437e-01;1.216059e-01;2.278310e-02;1.010465e-01;3.177040e-02;8.628666e-02;1.653304e-01;6.958440e-02;3.837143e-02;4.341237e-02;4.829152e-02
5.091206e-02;2.493069e-01;1.563938e-01;4.205665e-02;6.270190e-02;3.271227e-02;8.782744e-02;1.165949e-01;7.346507e-02;3.937742e-02;4.571335e-02;4.293830e-02
7.917678e-02;3.536473e-01;1.206819e-01;5.045358e-02;4.215646e-02;3.734513e-02;4.444458e-02;8.305703e-02;1.079609e-01;3.110298e-02;2.763036e-02;2.234293e-02
9.078538e-02;3.879808e-01;2.169170e-01;2.330742e-02;4.579149e-02;4.123504e-02;1.430084e-02;3.105520e-02;9.346178e-02;2.223110e-02;7.687121e-03;2.524685e-02
7.805638e-02;3.296386e-01;2.453114e-01;3.191377e-02;5.644550e-02;4.714923e-02;4.804621e-02;5.678845e-02;6.374021e-02;1.441434e-02;1.031300e-02;1.818289e-02
7.063633e-02;3.031783e-01;2.379653e-01;3.139958e-02;4.436452e-02;4.268354e-02;7.947071e-02;7.786785e-02;4.400107e-02;1.113996e-02;2.898805e-02;2.830479e-02
5.991749e-02;3.387123e-01;2.361126e-01;3.561428e-02;2.276912e-02;4.418904e-02;6.696023e-02;8.624677e-02;3.105327e-02;1.439491e-02;3.654106e-02;2.748893e-02
6.637745e-02;2.915665e-01;2.606459e-01;3.724355e-02;2.496448e-02;4.156686e-02;6.335257e-02;6.722912e-02;6.071567e-02;2.092250e-02;3.104803e-02;3.436742e-02
6.425128e-02;2.147602e-01;2.371802e-01;2.602364e-02;2.104194e-02;5.638226e-02;6.293818e-02;1.529398e-01;8.310568e-02;1.635389e-02;2.724453e-02;3.777843e-02
5.341412e-02;2.324578e-01;2.282839e-01;3.008686e-02;3.556202e-02;5.972749e-02;2.530229e-02;1.594386e-01;8.581451e-02;2.623416e-02;3.773012e-02;2.594817e-02
5.077148e-02;1.892225e-01;2.448562e-01;5.800460e-02;5.389577e-02;8.210372e-02;3.451179e-02;1.086774e-01;6.776660e-02;4.195232e-02;4.689351e-02;2.134416e-02
7.023897e-02;2.485195e-01;2.737573e-01;5.306523e-02;5.376446e-02;6.951655e-02;3.115821e-02;6.914584e-02;4.323430e-02;3.373038e-02;3.318103e-02;2.068827e-02
9.609003e-02;2.726333e-01;2.359775e-01;5.915824e-02;5.995009e-02;3.947771e-02;4.624353e-02;8.916480e-02;3.439942e-02;1.737812e-02;2.539447e-02;2.413273e-02
9.645572e-02;2.161769e-01;1.566046e-01;1.026132e-01;5.790804e-02;2.687687e-02;1.048063e-01;1.245076e-01;4.335066e-02;1.889020e-02;1.760488e-02;3.420503e-02
5.200873e-02;1.060808e-01;1.096889e-01;1.349567e-01;4.243801e-02;6.236263e-02;2.321355e-01;1.100783e-01;3.660030e-02;2.553010e-02;1.765644e-02;7.046368e-02
3.216632e-02;1.046366e-01;7.157023e-02;9.597016e-02;4.027229e-02;8.552162e-02;3.515602e-01;7.632555e-02;3.347480e-02;1.688709e-02;1.361263e-02;7.800257e-02
2.573899e-02;8.590185e-02;8.099787e-02;3.581816e-02;5.669690e-02;1.112670e-01;3.894909e-01;9.218638e-02;3.883397e-02;1.357050e-02;1.858858e-02;5.090893e-02
1.883544e-02;6.848358e-02;1.024282e-01;2.349832e-02;6.720291e-02;1.653081e-01;3.571656e-01;5.965197e-02;6.299296e-02;1.718963e-02;3.082162e-02;2.642165e-02
2.015206e-02;6.087198e-02;1.165953e-01;1.446064e-02;5.660087e-02;2.395418e-01;2.736160e-01;5.116718e-02;7.332471e-02;2.884314e-02;4.762057e-02;1.720563e-02
2.371905e-02;4.393496e-02;1.173246e-01;9.494508e-03;4.573430e-02;3.359748e-01;2.004959e-01;2.458438e-02;8.042911e-02;3.517371e-02;6.892299e-02;1.421174e-02
1.773505e-02;2.510085e-02;1.102814e-01;2.274277e-02;3.417323e-02;3.918974e-01;1.747129e-01;2.402485e-02;7.314720e-02;2.521940e-02;7.308985e-02;2.787514e-02
1.011463e-02;4.002772e-02;1.009271e-01;3.555189e-02;6.580479e-02;3.548180e-01;1.873782e-01;3.560190e-02;6.413724e-02;1.747005e-02;5.046737e-02;3.770114e-02
3.385135e-02;4.967820e-02;8.535263e-02;5.489515e-02;9.132659e-02;2.548501e-01;1.804084e-01;7.461457e-02;6.864448e-02;2.386545e-02;3.862350e-02;4.388957e-02
6.370108e-02;1.028958e-01;1.108182e-01;6.941468e-02;8.023865e-02;1.340190e-01;1.488977e-01;8.743694e-02;7.746305e-02;3.615206e-02;3.019933e-02;5.876349e-02
2.556928e-02;1.170888e-01;6.194402e-02;6.712019e-02;2.717499e-02;1.416934e-01;2.184106e-01;1.572972e-01;5.421234e-02;2.959158e-02;1.672158e-02;8.317607e-02
3.383937e-02;9.504370e-02;3.985521e-02;6.824460e-02;2.604112e-02;1.179544e-01;1.772739e-01;1.828632e-01;6.344679e-02;2.812426e-02;2.576105e-02;1.415523e-01
3.023440e-02;5.911698e-02;3.982827e-02;3.548449e-02;3.706946e-02;1.288661e-01;2.100757e-01;1.295193e-01;5.859397e-02;2.193965e-02;4.382033e-02;2.054514e-01
3.934755e-02;5.385496e-02;4.271322e-02;6.241879e-02;2.907373e-02;1.198410e-01;2.237310e-01;6.268264e-02;3.350135e-02;1.651554e-02;3.161192e-02;2.847083e-01
2.484592e-02;5.352974e-02;5.249097e-02;1.251775e-01;2.105876e-02;7.048900e-02;2.023469e-01;5.877844e-02;3.156422e-02;1.644522e-02;3.110573e-02;3.121676e-01
1.094764e-02;6.047118e-02;5.653331e-02;1.591602e-01;2.643103e-02;4.335446e-02;1.895387e-01;5.861632e-02;4.187860e-02;1.208180e-02;5.420732e-02;2.867795e-01
1.677557e-02;6.782380e-02;4.749726e-02;1.895916e-01;2.655962e-02;4.616370e-02;1.646103e-01;4.941102e-02;3.220785e-02;1.150270e-02;2.852201e-02;3.193346e-01
2.028803e-02;5.304140e-02;5.807485e-02;2.028881e-01;2.078232e-02;6.525844e-02;1.402338e-01;4.072704e-02;2.860706e-02;1.438084e-02;3.499749e-02;3.207205e-01
1.712937e-02;6.313606e-02;6.796493e-02;1.762760e-01;2.335756e-02;9.533111e-02;1.525582e-01;4.206102e-02;3.171039e-02;1.003113e-02;3.886118e-02;2.815830e-01
1.765059e-02;7.667053e-02;6.370633e-02;1.363415e-01;1.775088e-02;9.287167e-02;2.064844e-01;5.453144e-02;2.904528e-02;1.249844e-02;2.797514e-02;2.644737e-01
1.734071e-02;8.256196e-02;6.925532e-02;9.619010e-02;1.616391e-02;7.844341e-02;2.425203e-01;5.132706e-02;2.917915e-02;2.652058e-02;5.445064e-02;2.360469e-01
1.948443e-02;7.706764e-02;6.444259e-02;6.640741e-02;3.534957e-02;8.546799e-02;2.155928e-01;3.808008e-02;4.965566e-02;2.017852e-02;1.380961e-01;1.901772e-01
2.273784e-02;8.025745e-02;4.990290e-02;5.610420e-02;3.766622e-02;9.612504e-02;1.583035e-01;5.423568e-02;5.842957e-02;3.635907e-02;2.168773e-01;1.330012e-01
2.931811e-02;6.298371e-02;4.923454e-02;5.790899e-02;4.659444e-02;1.751103e-01;9.303705e-02;5.603246e-02;6.877108e-02;5.388603e-02;2.035820e-01;1.035412e-01
6.414729e-02;6.051283e-02;5.963792e-02;6.395102e-02;6.722390e-02;2.254052e-01;9.973544e-02;4.438249e-02;6.952740e-02;4.054374e-02;1.067033e-01;9.822956e-02
9.823591e-02;8.494373e-02;4.616348e-02;7.684298e-02;7.359786e-02;2.129743e-01;9.452035e-02;5.743883e-02;6.010602e-02;3.015292e-02;5.283009e-02;1.121936e-01
7.995322e-02;8.094849e-02;6.012371e-02;9.121948e-02;7.296308e-02;9.795877e-02;9.804628e-02;1.115697e-01;5.044299e-02;1.832658e-02;8.425129e-02;1.541964e-01
3.770275e-02;7.294066e-02;4.198325e-02;8.655062e-02;6.100970e-02;1.176317e-01;9.948255e-02;9.147196e-02;4.760214e-02;1.646965e-02;8.647819e-02;2.406769e-01
4.078151e-02;9.625986e-02;4.194157e-02;8.681340e-02;5.395753e-02;1.413274e-01;1.497612e-01;3.415524e-02;3.332267e-02;1.487769e-02;5.958825e-02;2.472137e-01
4.123218e-02;8.809652e-02;5.083643e-02;8.140492e-02;5.927303e-02;1.593039e-01;1.652513e-01;4.416881e-02;3.245858e-02;1.859476e-02;5.253551e-02;2.068440e-01
4.716608e-02;7.558893e-02;6.266077e-02;6.691596e-02;6.685558e-02;1.433473e-01;1.295821e-01;5.230266e-02;6.188513e-02;1.818915e-02;1.222838e-01;1.532225e-01
8.348671e-02;8.813199e-02;1.094749e-01;4.434965e-02;4.047833e-02;1.116359e-01;6.059613e-02;5.234752e-02;8.940516e-02;2.133227e-02;1.864846e-01;1.122768e-01
1.110996e-01;8.699716e-02;1.232518e-01;3.214910e-02;2.957965e-02;1.199352e-01;3.969714e-02;4.439555e-02;8.767704e-02;2.822554e-02;2.005271e-01;9.646508e-02
1.069362e-01;5.607516e-02;9.923577e-02;4.250174e-02;2.549498e-02;1.104641e-01;9.029862e-02;4.142417e-02;9.275680e-02;3.175863e-02;1.908619e-01;1.121920e-01
7.838573e-02;3.564482e-02;5.460788e-02;5.675931e-02;3.864736e-02;1.121482e-01;1.816069e-01;6.580874e-02;8.663182e-02;3.063215e-02;1.313612e-01;1.277660e-01
4.551502e-02;8.083498e-02;7.563244e-02;5.268406e-02;4.639227e-02;1.994328e-01;1.540235e-01;6.807514e-02;5.163638e-02;2.605062e-02;7.515642e-02;1.245663e-01
3.975469e-02;1.267487e-01;9.424899e-02;4.661447e-02;3.190478e-02;1.735135e-01;9.931676e-02;6.668855e-02;5.975761e-02;2.251100e-02;9.520376e-02;1.437372e-01
1.637761e-02;1.084608e-01;8.265520e-02;4.734825e-02;5.911621e-02;1.178260e-01;1.515801e-01;7.883842e-02;5.843379e-02;2.802755e-02;1.049708e-01;1.463654e-01
2.627384e-02;9.456495e-02;4.993238e-02;5.070195e-02;5.915503e-02;2.146614e-01;1.378594e-01;6.429256e-02;5.264964e-02;3.459398e-02;7.999115e-02;1.353237e-01
3.509337e-02;8.962309e-02;7.737053e-02;6.705931e-02;2.990653e-02;2.059657e-01;1.472522e-01;3.734669e-02;6.822625e-02;4.738900e-02;5.512415e-02;1.396432e-01
4.179972e-02;1.095494e-01;9.753848e-02;6.340745e-02;2.415468e-02;1.351352e-01;1.600356e-01;4.324023e-02;5.886519e-02;5.342766e-02;7.372132e-02;1.391251e-01
6.367811e-02;1.952654e-01;1.103681e-01;5.595373e-02;2.713671e-02;1.080137e-01;7.663534e-02;6.818292e-02;3.870095e-02;5.475951e-02;6.886999e-02;1.324355e-01
9.770340e-02;2.346646e-01;1.255078e-01;3.840217e-02;2.058234e-02;1.280569e-01;2.961301e-02;9.068754e-02;2.675387e-02;5.364380e-02;6.190550e-02;9.247910e-02
1.080634e-01;1.744913e-01;7.168091e-02;4.623628e-02;2.179452e-02;1.131188e-01;1.109083e-01;9.071244e-02;2.017228e-02;8.466519e-02;2.561596e-02;1.325407e-01
9.964036e-02;1.114647e-01;3.317054e-02;5.369958e-02;1.687065e-02;8.121953e-02;1.867057e-01;7.843333e-02;1.775329e-02;1.137336e-01;4.785158e-02;1.594571e-01
8.812980e-02;1.170031e-01;5.691421e-02;3.856382e-02;1.079528e-02;6.044455e-02;1.598877e-01;8.714972e-02;3.639649e-02;1.228644e-01;6.331558e-02;1.585354e-01
6.850529e-02;1.125968e-01;7.376594e-02;6.066925e-02;1.688279e-02;5.248858e-02;1.255941e-01;1.081776e-01;6.836725e-02;1.043071e-01;6.324483e-02;1.454004e-01
6.027466e-02;9.204998e-02;7.444044e-02;7.822458e-02;2.764130e-02;5.609098e-02;1.378611e-01;1.159588e-01;9.076650e-02;8.282986e-02;4.853808e-02;1.353237e-01
8.281006e-02;1.204454e-01;5.061255e-02;4.658918e-02;2.701115e-02;8.917651e-02;1.296376e-01;7.801024e-02;8.726242e-02;7.122156e-02;6.203235e-02;1.551909e-01
6.969094e-02;1.424567e-01;5.618815e-02;4.256316e-02;2.967587e-02;1.231861e-01;1.132150e-01;6.756704e-02;7.390156e-02;5.701483e-02;9.063742e-02;1.339032e-01
7.248731e-02;1.255520e-01;5.624577e-02;4.114570e-02;5.032620e-02;1.575247e-01;5.971907e-02;8.020329e-02;8.215401e-02;5.468179e-02;9.774347e-02;1.222167e-01
6.434059e-02;7.608746e-02;6.251304e-02;7.719011e-02;3.276873e-02;1.400774e-01;1.515418e-01;1.077380e-01;5.234161e-02;4.135014e-02;5.776353e-02;1.362876e-01
7.954725e-02;9.598334e-02;6.545411e-02;6.518622e-02;2.752705e-02;9.105776e-02;1.156795e-01;2.285233e-01;4.106396e-02;2.400219e-02;3.979769e-02;1.261776e-01
1.084128e-01;1.154169e-01;6.816055e-02;2.951016e-02;4.436935e-02;4.516111e-02;9.945370e-02;3.416125e-01;4.636259e-02;1.857257e-02;2.048359e-02;6.248420e-02
1.098588e-01;8.461343e-02;4.399049e-02;2.405380e-02;3.981667e-02;3.090735e-02;1.275190e-01;4.428248e-01;3.807497e-02;2.132408e-02;1.365496e-02;2.336164e-02
1.082906e-01;5.982799e-02;3.727468e-02;1.380435e-02;3.665173e-02;2.356165e-02;1.109469e-01;5.307056e-01;2.163536e-02;1.515912e-02;1.138776e-02;3.075420e-02
1.079573e-01;6.614862e-02;4.896306e-02;1.421704e-02;3.185175e-02;1.990848e-02;9.389491e-02;5.190001e-01;1.823930e-02;1.510858e-02;2.415377e-02;4.055713e-02
1.133826e-01;9.095886e-02;4.853589e-02;1.449224e-02;2.646867e-02;3.001427e-02;1.275187e-01;4.391281e-01;1.851434e-02;1.204292e-02;3.465094e-02;4.429230e-02
1.054949e-01;1.278429e-01;6.933995e-02;1.382893e-02;2.858840e-02;5.907310e-02;1.567487e-01;2.900649e-01;3.527517e-02;1.805874e-02;3.513993e-02;6.054448e-02
9.143840e-02;1.989214e-01;1.837949e-01;1.582495e-02;3.462792e-02;4.677146e-02;1.130102e-01;1.267612e-01;4.877321e-02;3.049674e-02;4.244720e-02;6.713241e-02
7.529905e-02;2.602572e-01;2.360215e-01;2.504558e-02;2.933744e-02;5.662236e-02;4.574744e-02;9.092624e-02;4.494222e-02;2.508914e-02;4.357361e-02;6.713806e-02
7.388061e-02;1.685746e-01;1.742614e-01;2.970582e-02;2.017715e-02;7.406229e-02;1.142582e-01;1.195846e-01;6.569541e-02;2.515874e-02;5.081426e-02;8.382687e-02
8.016583e-02;1.131152e-01;1.341270e-01;5.188482e-02;1.581122e-02;5.449621e-02;1.118993e-01;2.111670e-01;6.545769e-02;4.245560e-02;5.207159e-02;6.734838e-02
8.737525e-02;1.465126e-01;1.447095e-01;4.930621e-02;1.546890e-02;3.246101e-02;8.615805e-02;2.568209e-01;4.467371e-02;3.945262e-02;4.648542e-02;5.057574e-02
7.409443e-02;8.942453e-02;1.245554e-01;2.701563e-02;2.020279e-02;4.298786e-02;1.378030e-01;3.189246e-01;4.002997e-02;4.076240e-02;4.213129e-02;4.206808e-02
5.780343e-02;1.147729e-01;1.566033e-01;6.027632e-02;3.755541e-02;6.949378e-02;9.608349e-02;2.349946e-01;5.221155e-02;6.278301e-02;1.586769e-02;4.155450e-02
4.248221e-02;2.112844e-01;2.295108e-01;6.247293e-02;3.798668e-02;8.028216e-02;3.522613e-02;1.252775e-01;6.170854e-02;7.157461e-02;1.353986e-02;2.865414e-02
2.906365e-02;2.844917e-01;2.491402e-01;4.439107e-02;3.074343e-02;8.188779e-02;2.897968e-02;6.978993e-02;8.806793e-02;6.195451e-02;1.207015e-02;1.942001e-02
2.599853e-02;3.552580e-01;2.233466e-01;2.695794e-02;2.848347e-02;1.047687e-01;2.175319e-02;4.945637e-02;1.078251e-01;2.882634e-02;8.097235e-03;1.922853e-02
3.034424e-02;3.757228e-01;2.351471e-01;2.000259e-02;3.168318e-02;8.913591e-02;5.299392e-03;4.555988e-02;9.152960e-02;4.761381e-02;9.932105e-03;1.802946e-02
3.462432e-02;3.504057e-01;3.094631e-01;1.589529e-02;1.939492e-02;4.546754e-02;9.673964e-03;3.299032e-02;6.135151e-02;9.747640e-02;9.028339e-03;1.422857e-02
2.330879e-02;2.829398e-01;4.002030e-01;1.683679e-02;1.159583e-02;1.863617e-02;1.410683e-02;2.931521e-02;4.247755e-02;1.412397e-01;6.500969e-03;1.283941e-02
2.587692e-02;2.417671e-01;4.222283e-01;1.378115e-02;1.649790e-02;2.368364e-02;2.229270e-02;4.163961e-02;2.226658e-02;1.402879e-01;9.521451e-03;2.015682e-02
2.595617e-02;2.195092e-01;4.474913e-01;1.810402e-02;1.707286e-02;2.226087e-02;2.948796e-02;5.344622e-02;1.638169e-02;1.162995e-01;1.058527e-02;2.340498e-02
2.482809e-02;1.953777e-01;4.714875e-01;3.719403e-02;1.568759e-02;2.391542e-02;3.170905e-02;5.734893e-02;2.618174e-02;7.588542e-02;1.823874e-02;2.214578e-02
2.032003e-02;2.022575e-01;4.697664e-01;4.638386e-02;8.852130e-03;3.653635e-02;2.451656e-02;5.509783e-02;3.828812e-02;6.004950e-02;2.270100e-02;1.523072e-02
2.443058e-02;1.827861e-01;4.634533e-01;5.054159e-02;1.007097e-02;3.023916e-02;3.117158e-02;5.391289e-02;4.052990e-02;6.879992e-02;2.251687e-02;2.154712e-02
3.290290e-02;1.651849e-01;4.326421e-01;5.731244e-02;1.720501e-02;4.371285e-02;2.381503e-02;6.382997e-02;3.493252e-02;6.383836e-02;3.044232e-02;3.418156e-02
2.825574e-02;1.748350e-01;3.693503e-01;4.749190e-02;1.878748e-02;6.589515e-02;3.905274e-02;7.349415e-02;3.872721e-02;6.811785e-02;3.402852e-02;4.196386e-02
3.354757e-02;2.466913e-01;3.298531e-01;3.297530e-02;2.395714e-02;6.766651e-02;5.187755e-02;5.573700e-02;4.332736e-02;4.927430e-02;2.358124e-02;4.151161e-02
3.750086e-02;2.629666e-01;3.800010e-01;2.154071e-02;3.501996e-02;4.943718e-02;3.358874e-02;4.959083e-02;4.655187e-02;2.917025e-02;1.144347e-02;4.318848e-02
3.425967e-02;2.408833e-01;3.819849e-01;3.341265e-02;2.985190e-02;5.501710e-02;1.642129e-02;7.198894e-02;4.081351e-02;3.378854e-02;2.096308e-02;4.061511e-02
3.058669e-02;2.413067e-01;3.336128e-01;4.879401e-02;3.212912e-02;8.491536e-02;2.244406e-02;9.375168e-02;2.706079e-02;3.349742e-02;2.235481e-02;2.954658e-02
4.100914e-02;2.631914e-01;3.542041e-01;2.933791e-02;2.446701e-02;7.126810e-02;4.161549e-02;7.550342e-02;2.695927e-02;4.094426e-02;1.186102e-02;1.963893e-02
4.469391e-02;2.551886e-01;3.867305e-01;1.800991e-02;1.735696e-02;4.489778e-02;4.007345e-02;5.751329e-02;3.807538e-02;5.879801e-02;1.267274e-02;2.598944e-02
3.196979e-02;2.891061e-01;3.844421e-01;2.624951e-02;1.463439e-02;5.235482e-02;3.183924e-02;4.366979e-02;3.452505e-02;5.124719e-02;1.391263e-02;2.604929e-02
3.894882e-02;3.059000e-01;3.701309e-01;2.584503e-02;1.340904e-02;5.083524e-02;2.356590e-02;5.222226e-02;3.845732e-02;4.120547e-02;1.565396e-02;2.382608e-02
4.379022e-02;2.114242e-01;3.166201e-01;4.079498e-02;2.290821e-02;6.352556e-02;3.165261e-02;7.895456e-02;5.434733e-02;7.057925e-02;2.757085e-02;3.783204e-02
4.929195e-02;2.558703e-01;2.666325e-01;4.094711e-02;3.150443e-02;5.619821e-02;3.268879e-02;7.497326e-02;5.248640e-02;6.615957e-02;3.360595e-02;3.964154e-02
4.282625e-02;2.639056e-01;3.508795e-01;3.057703e-02;2.652807e-02;5.560734e-02;2.407339e-02;7.135508e-02;3.740892e-02;3.618540e-02;2.417670e-02;3.647666e-02
3.231374e-02;2.063940e-01;3.892495e-01;4.724575e-02;2.256235e-02;6.854603e-02;3.545229e-02;9.078660e-02;3.475421e-02;2.082078e-02;1.296095e-02;3.891372e-02
3.915954e-02;2.769433e-01;3.593243e-01;3.340958e-02;2.889566e-02;6.003190e-02;2.796267e-02;8.350421e-02;3.073423e-02;1.821230e-02;1.602862e-02;2.579368e-02
3.885179e-02;3.361329e-01;3.116664e-01;2.253287e-02;3.604824e-02;4.511365e-02;4.502069e-02;6.879935e-02;2.958076e-02;2.304837e-02;2.254607e-02;2.065890e-02
2.727364e-02;2.611232e-01;3.211221e-01;3.184080e-02;4.921007e-02;5.993442e-02;3.846801e-02;7.475409e-02;4.500327e-02;3.383421e-02;2.994322e-02;2.749298e-02
2.686436e-02;2.145166e-01;3.669797e-01;3.110110e-02;4.296694e-02;7.266970e-02;4.009197e-02;7.261527e-02;4.073916e-02;3.076023e-02;2.155302e-02;3.914192e-02
3.572258e-02;2.185864e-01;3.505247e-01;4.244760e-02;2.573391e-02;6.995095e-02;5.253435e-02;7.524034e-02;3.892010e-02;3.837652e-02;1.613151e-02;3.583103e-02
3.470066e-02;2.302231e-01;3.172886e-01;3.918392e-02;2.148949e-02;8.726802e-02;3.141806e-02;8.867034e-02;3.941308e-02;4.816864e-02;2.987551e-02;3.230058e-02
4.271635e-02;2.914821e-01;2.662899e-01;4.186980e-02;2.204051e-02;9.173816e-02;2.824797e-02;9.391302e-02;3.978089e-02;2.411668e-02;3.245912e-02;2.534554e-02
3.122692e-02;3.021989e-01;3.384371e-01;3.972102e-02;2.142652e-02;5.202837e-02;2.425751e-02;7.495359e-02;2.913741e-02;4.295612e-02;1.975938e-02;2.389717e-02
2.318829e-02;2.588178e-01;3.297217e-01;5.659017e-02;2.650966e-02;7.428869e-02;4.058439e-02;6.347906e-02;3.144613e-02;5.316378e-02;2.397254e-02;1.823785e-02
3.652374e-02;2.143084e-01;2.310601e-01;7.069922e-02;3.903828e-02;1.530392e-01;1.891846e-02;1.000564e-01;5.202373e-02;3.722319e-02;2.714724e-02;1.996205e-02
6.673393e-02;2.574248e-01;2.238110e-01;5.721434e-02;6.278133e-02;9.639095e-02;3.227479e-02;9.120008e-02;4.396232e-02;1.643416e-02;2.159339e-02;3.017891e-02
7.483844e-02;2.498724e-01;1.732919e-01;6.204650e-02;8.267052e-02;7.798358e-02;6.583216e-02;6.828312e-02;4.408051e-02;3.270563e-02;1.345551e-02;5.493975e-02
5.103122e-02;1.646644e-01;1.747407e-01;6.526294e-02;9.280468e-02;8.312035e-02;8.284308e-02;6.096830e-02;5.636077e-02;6.021881e-02;3.208756e-02;7.589716e-02
3.029521e-02;6.451482e-02;1.704414e-01;3.273381e-02;7.593907e-02;1.934367e-01;5.346940e-02;4.630250e-02;8.182681e-02;1.223655e-01;6.549281e-02;6.318194e-02
3.179221e-02;5.198506e-02;1.491101e-01;1.345126e-02;3.338764e-02;3.350542e-01;2.804195e-02;2.443803e-02;7.145975e-02;1.452579e-01;7.915121e-02;3.687065e-02
3.709840e-02;7.119278e-02;1.153486e-01;1.286900e-02;1.755558e-02;4.255052e-01;2.097893e-02;2.978991e-02;4.650886e-02;1.022788e-01;8.333742e-02;3.753646e-02
3.665710e-02;1.133939e-01;1.070658e-01;1.645533e-02;2.044686e-02;4.242302e-01;2.769082e-02;2.777869e-02;4.700560e-02;5.867440e-02;8.155602e-02;3.904517e-02
2.811034e-02;9.687021e-02;1.155174e-01;3.599745e-02;3.323497e-02;4.051874e-01;2.392992e-02;3.304867e-02;4.405459e-02;6.960849e-02;8.071722e-02;3.372337e-02
1.637687e-02;5.690178e-02;1.120679e-01;7.869182e-02;4.769588e-02;3.645074e-01;6.403797e-02;4.417504e-02;5.725885e-02;7.121702e-02;6.539925e-02;2.167021e-02
1.231892e-02;7.634477e-02;9.803157e-02;1.379785e-01;7.009917e-02;3.080333e-01;6.656281e-02;3.572745e-02;6.413034e-02;7.054316e-02;4.699441e-02;1.323564e-02
1.384032e-02;8.923623e-02;8.623396e-02;1.540281e-01;9.816439e-02;2.742919e-01;5.081548e-02;5.109872e-02;6.441003e-02;5.630556e-02;3.728402e-02;2.429123e-02
1.557884e-02;1.056204e-01;8.697570e-02;1.224870e-01;1.253711e-01;2.555621e-01;3.199610e-02;6.189240e-02;8.215216e-02;4.671798e-02;3.814448e-02;2.750176e-02
2.083702e-02;1.312601e-01;9.284223e-02;9.059300e-02;1.291707e-01;1.950064e-01;2.042134e-02;8.227622e-02;1.308765e-01;6.193147e-02;1.516073e-02;2.962439e-02
3.931384e-02;1.175676e-01;1.118579e-01;6.859632e-02;1.055458e-01;1.442306e-01;1.306613e-02;1.160126e-01;1.553072e-01;6.820046e-02;1.946909e-02;4.083256e-02
5.042574e-02;1.103040e-01;1.503912e-01;5.836411e-02;7.491281e-02;1.596847e-01;1.517790e-02;1.251064e-01;1.258724e-01;5.945137e-02;3.038974e-02;3.991976e-02
4.695981e-02;1.209432e-01;1.796289e-01;3.719907e-02;3.954675e-02;2.482572e-01;2.580620e-02;1.071596e-01;9.074175e-02;4.947520e-02;3.355960e-02;2.072276e-02
3.768155e-02;1.051103e-01;1.904348e-01;3.243174e-02;5.332639e-02;2.815246e-01;2.390386e-02;9.875042e-02;6.261206e-02;4.436547e-02;3.558417e-02;3.427454e-02
4.364634e-02;1.566834e-01;2.075744e-01;2.876643e-02;3.365052e-02;2.721702e-01;3.319037e-02;7.265589e-02;3.404548e-02;4.537163e-02;2.475639e-02;4.748897e-02
3.720958e-02;1.839830e-01;1.928436e-01;2.944400e-02;2.609279e-02;2.531121e-01;3.397246e-02;7.306618e-02;7.086020e-02;4.603431e-02;1.757639e-02;3.580540e-02
2.738827e-02;1.309035e-01;1.333539e-01;2.726452e-02;5.890673e-02;3.162922e-01;2.084753e-02;1.032935e-01;8.763780e-02;3.690936e-02;2.653219e-02;3.067055e-02
2.446383e-02;1.074694e-01;1.176960e-01;2.782136e-02;7.694021e-02;3.537049e-01;2.087379e-02;1.148439e-01;7.357466e-02;2.773090e-02;2.364081e-02;3.124029e-02
3.218684e-02;1.332409e-01;1.773391e-01;1.763556e-02;8.219698e-02;2.993266e-01;2.420718e-02;1.049202e-01;4.941586e-02;3.713582e-02;1.794093e-02;2.445407e-02
3.081570e-02;1.656520e-01;1.979527e-01;3.797075e-02;8.230417e-02;2.134902e-01;4.091818e-02;7.832174e-02;6.631777e-02;4.212877e-02;3.162626e-02;1.250176e-02
3.532187e-02;1.568729e-01;2.052605e-01;5.693493e-02;5.575312e-02;1.577775e-01;5.460488e-02;1.016586e-01;5.334964e-02;4.403175e-02;4.500653e-02;3.342786e-02
2.814393e-02;1.246179e-01;1.522691e-01;6.954379e-02;7.452131e-02;1.000702e-01;4.650805e-02;1.414802e-01;1.244381e-01;7.162869e-02;3.026393e-02;3.651482e-02
2.169804e-02;9.828571e-02;1.732818e-01;7.312234e-02;4.658355e-02;8.191715e-02;3.015707e-02;1.874111e-01;1.705066e-01;6.932034e-02;2.589078e-02;2.182548e-02
1.892665e-02;9.283170e-02;1.806454e-01;8.742166e-02;4.716732e-02;8.340733e-02;1.849384e-02;2.270569e-01;1.641927e-01;3.999721e-02;1.666561e-02;2.319368e-02
1.764083e-02;1.025991e-01;2.031698e-01;9.767310e-02;3.086208e-02;1.147310e-01;1.511756e-02;2.239102e-01;1.192957e-01;2.348641e-02;2.070570e-02;3.080857e-02
1.484758e-02;9.307741e-02;2.333817e-01;1.002885e-01;3.240687e-02;1.355885e-01;1.209415e-02;1.916988e-01;1.073316e-01;2.074187e-02;2.475865e-02;3.378439e-02
1.182582e-02;8.230757e-02;2.045658e-01;1.137155e-01;3.173283e-02;1.395959e-01;2.219544e-02;1.651680e-01;1.376906e-01;2.262638e-02;3.014456e-02;3.843165e-02
3.086877e-02;1.344476e-01;1.237709e-01;1.269770e-01;6.855318e-02;1.464213e-01;3.635562e-02;8.743228e-02;1.419930e-01;3.276936e-02;3.433237e-02;3.607863e-02
