7.490434e-02;9.631853e-02;1.098298e-01;4.626581e-02;3.236376e-02;9.143306e-02;6.239674e-02;1.792694e-01;8.764750e-02;1.371046e-01;3.077923e-02;5.168724e-02
7.198439e-02;9.112609e-02;1.077108e-01;4.259048e-02;3.753269e-02;8.955609e-02;6.225890e-02;1.550258e-01;1.108313e-01;1.488799e-01;3.524456e-02;4.725891e-02
1.418920e-01;9.754598e-02;6.312086e-02;4.439990e-02;4.328374e-02;8.908857e-02;1.013314e-01;7.019911e-02;1.141497e-01;1.482718e-01;3.950318e-02;4.721376e-02
1.142540e-01;5.867399e-02;1.027439e-01;6.393705e-02;5.222851e-02;7.869917e-02;1.531142e-01;5.155578e-02;1.152786e-01;1.189367e-01;6.431954e-02;2.625851e-02
7.327485e-02;5.051709e-02;1.098266e-01;4.336219e-02;7.428137e-02;8.366328e-02;1.913369e-01;8.356032e-02;9.134164e-02;9.758858e-02;6.427710e-02;3.697013e-02
7.656045e-02;5.594312e-02;1.484286e-01;4.454621e-02;6.755494e-02;7.277803e-02;2.139535e-01;8.536334e-02;8.775695e-02;7.264957e-02;3.680536e-02;3.765997e-02
1.239467e-01;6.915199e-02;1.930024e-01;4.465879e-02;7.370942e-02;5.320828e-02;1.716553e-01;1.015442e-01;3.916777e-02;4.843516e-02;4.388590e-02;3.763416e-02
2.465569e-01;1.310731e-01;1.615446e-01;3.064188e-02;7.106107e-02;2.918479e-02;9.855364e-02;1.136639e-01;1.944507e-02;2.816317e-02;2.801469e-02;4.209733e-02
3.420150e-01;1.936516e-01;8.096592e-02;1.640561e-02;8.077678e-02;1.682188e-02;6.737948e-02;1.059647e-01;2.330982e-02;1.790686e-02;1.810598e-02;3.669642e-02
3.312948e-01;2.427592e-01;7.193451e-02;2.223186e-02;7.119160e-02;2.386848e-02;6.711235e-02;6.940289e-02;4.805799e-02;1.939599e-02;1.169802e-02;2.105225e-02
2.702391e-01;2.838884e-01;1.385076e-01;3.564199e-02;3.690606e-02;4.202019e-02;5.181553e-02;3.386887e-02;6.250425e-02;2.138996e-02;8.127854e-03;1.509020e-02
2.077096e-01;2.701868e-01;2.538278e-01;4.118770e-02;1.866877e-02;4.385044e-02;3.068911e-02;2.753640e-02;5.131533e-02;3.002536e-02;6.560213e-03;1.844242e-02
1.280723e-01;2.042620e-01;3.882438e-01;4.163323e-02;2.576712e-02;2.949788e-02;4.179207e-02;2.539798e-02;4.424563e-02;4.807555e-02;5.119882e-03;1.789246e-02
2.838324e-02;1.517023e-01;4.523358e-01;4.043098e-02;4.635405e-02;3.602764e-02;4.366998e-02;3.116345e-02;7.400236e-02;5.989824e-02;1.397065e-02;2.206131e-02
9.430275e-02;1.352546e-01;3.012632e-01;4.517287e-02;6.319197e-02;5.156298e-02;5.171752e-02;3.974973e-02;8.940344e-02;5.416155e-02;3.541981e-02;3.879954e-02
1.225093e-01;1.164801e-01;1.765595e-01;4.335966e-02;7.041395e-02;5.229706e-02;8.637029e-02;4.990811e-02;9.507057e-02;6.257915e-02;6.439941e-02;6.005281e-02
7.921821e-02;5.332326e-02;1.900741e-01;6.557114e-02;4.105734e-02;2.412147e-02;1.696295e-01;5.397191e-02;8.784323e-02;9.160695e-02;8.049925e-02;6.308356e-02
1.127847e-01;1.183898e-01;2.069255e-01;6.455088e-02;5.529962e-02;3.830262e-02;1.135705e-01;3.077818e-02;1.034512e-01;9.704221e-02;2.854415e-02;3.036060e-02
1.458947e-01;1.670524e-01;2.116145e-01;5.168583e-02;3.739099e-02;5.332512e-02;6.684843e-02;4.377544e-02;9.280744e-02;6.411041e-02;3.022991e-02;3.526476e-02
7.217205e-02;7.905704e-02;1.113641e-01;7.547438e-02;7.525796e-02;5.690483e-02;6.943985e-02;1.021958e-01;7.888554e-02;1.807075e-01;5.738491e-02;4.115605e-02
5.959506e-02;6.528265e-02;6.599830e-02;8.755615e-02;1.109334e-01;7.827482e-02;6.484173e-02;1.246439e-01;6.019380e-02;2.014540e-01;4.963864e-02;3.158759e-02
5.502903e-02;7.673329e-02;7.255927e-02;8.415939e-02;9.631176e-02;9.091371e-02;8.096896e-02;1.059410e-01;6.991037e-02;1.820214e-01;6.058533e-02;2.486645e-02
3.643601e-02;7.531999e-02;8.865887e-02;1.208776e-01;6.874435e-02;1.016574e-01;1.357419e-01;7.456739e-02;7.275495e-02;1.360489e-01;6.145891e-02;2.773373e-02
4.429040e-02;6.182555e-02;1.144108e-01;8.740237e-02;6.853964e-02;8.720667e-02;1.780327e-01;7.186232e-02;1.056300e-01;8.559283e-02;4.951915e-02;4.568756e-02
5.564455e-02;3.752897e-02;2.630952e-01;4.394423e-02;6.662232e-02;6.255266e-02;1.522027e-01;8.735040e-02;8.774937e-02;7.779027e-02;2.746249e-02;3.805679e-02
5.437333e-02;5.252025e-02;4.251590e-01;4.134521e-02;5.298154e-02;5.847562e-02;1.021929e-01;7.088435e-02;3.639986e-02;7.645158e-02;1.283551e-02;1.638086e-02
3.071195e-02;5.592791e-02;4.595088e-01;3.506291e-02;6.097331e-02;3.466603e-02;1.424450e-01;3.711664e-02;1.965582e-02;1.116590e-01;7.215620e-03;5.056967e-03
1.265993e-02;4.964797e-02;4.920363e-01;3.124315e-02;6.658758e-02;1.538288e-02;1.427958e-01;2.745878e-02;1.496549e-02;1.365844e-01;5.386198e-03;5.251531e-03
1.619827e-02;7.785775e-02;5.003712e-01;2.641833e-02;4.828909e-02;2.625834e-02;9.285456e-02;5.694523e-02;2.615508e-02;1.167949e-01;3.824606e-03;8.032586e-03
3.647180e-02;1.096523e-01;4.282025e-01;2.968667e-02;2.514347e-02;9.061760e-02;4.861881e-02;9.446357e-02;6.043829e-02;5.832642e-02;7.901658e-03;1.047695e-02
6.989083e-02;1.072418e-01;2.980763e-01;4.246770e-02;4.561406e-02;1.426130e-01;3.925529e-02;9.470407e-02;9.649879e-02;3.048199e-02;1.754838e-02;1.560772e-02
8.384771e-02;8.775379e-02;1.977607e-01;4.249011e-02;7.764208e-02;1.327030e-01;7.125473e-02;7.601831e-02;1.056290e-01;5.434735e-02;4.182499e-02;2.872832e-02
1.235368e-01;4.105769e-02;7.393049e-02;3.522303e-02;8.115385e-02;9.013576e-02;1.066105e-01;6.286716e-02;1.713229e-01;1.167738e-01;6.080794e-02;3.658004e-02
1.735166e-01;6.749257e-02;1.142000e-01;2.876842e-02;4.384319e-02;1.108796e-01;9.027957e-02;4.144359e-02;1.651769e-01;9.937011e-02;3.035495e-02;3.467454e-02
1.981806e-01;8.894224e-02;1.853407e-01;1.522515e-02;6.623998e-02;7.322563e-02;1.289022e-01;3.611629e-02;8.969478e-02;7.942989e-02;1.828537e-02;2.041718e-02
1.836199e-01;1.074015e-01;2.380463e-01;8.803185e-03;4.685421e-02;2.387872e-02;1.988564e-01;2.093480e-02;2.831214e-02;1.136872e-01;1.892113e-02;1.068450e-02
1.626178e-01;1.245697e-01;2.699437e-01;1.051013e-02;2.340702e-02;2.017805e-02;2.124920e-01;1.359893e-02;2.227587e-02;1.132681e-01;1.689879e-02;1.023983e-02
1.463309e-01;1.440032e-01;2.887040e-01;1.392925e-02;4.905648e-02;2.382324e-02;1.824299e-01;1.174788e-02;3.020388e-02;8.643635e-02;1.343567e-02;9.899278e-03
1.133338e-01;1.792966e-01;3.412928e-01;3.156096e-02;4.573726e-02;2.938641e-02;1.119502e-01;1.160003e-02;5.620747e-02;5.794099e-02;1.319663e-02;8.496846e-03
5.759959e-02;1.946360e-01;4.136872e-01;4.112232e-02;1.734003e-02;7.204847e-02;4.057153e-02;1.327677e-02;8.411101e-02;3.173043e-02;1.883591e-02;1.504066e-02
3.891704e-02;1.477338e-01;4.829076e-01;3.345789e-02;1.596685e-02;1.035652e-01;1.794583e-02;1.882667e-02;7.442963e-02;3.025005e-02;1.445136e-02;2.154812e-02
2.239516e-02;8.498488e-02;5.648834e-01;3.019375e-02;3.652367e-02;1.093964e-01;2.406070e-02;1.423975e-02;3.964298e-02;5.370732e-02;5.513838e-03;1.445809e-02
4.122734e-03;6.506728e-02;6.420158e-01;3.415721e-02;4.482361e-02;7.192405e-02;3.337955e-02;4.505499e-03;1.593238e-02;7.358709e-02;4.727178e-03;5.757661e-03
3.800304e-03;8.467008e-02;6.971166e-01;3.134469e-02;3.064246e-02;2.121140e-02;2.432268e-02;4.926933e-03;9.660135e-03;8.546682e-02;3.619427e-03;3.218536e-03
1.042759e-02;9.132406e-02;6.996636e-01;2.893906e-02;2.128187e-02;6.013780e-03;1.819181e-02;4.906292e-03;9.406012e-03;1.025680e-01;4.245906e-03;3.032011e-03
7.519700e-03;6.475618e-02;7.056179e-01;3.003905e-02;2.086025e-02;5.587295e-03;1.698517e-02;3.122940e-03;7.213005e-03;1.325300e-01;3.081600e-03;2.686846e-03
5.754170e-03;4.274553e-02;7.120133e-01;2.929642e-02;2.049090e-02;4.203850e-03;1.517445e-02;4.336271e-03;1.046532e-02;1.496066e-01;2.794932e-03;3.118191e-03
5.956055e-03;6.017791e-02;7.038228e-01;2.710090e-02;1.763090e-02;5.296479e-03;1.275073e-02;8.903855e-03;2.028432e-02;1.333714e-01;2.189470e-03;2.515205e-03
1.851387e-02;1.125724e-01;6.620587e-01;2.302328e-02;1.144382e-02;6.249009e-03;1.045130e-02;1.576355e-02;3.900949e-02;9.146544e-02;2.335814e-03;7.113274e-03
3.830897e-02;1.830163e-01;5.532442e-01;2.127612e-02;1.324121e-02;1.462255e-02;1.645897e-02;2.139607e-02;7.291398e-02;5.030257e-02;4.246064e-03;1.097292e-02
7.348280e-02;2.439201e-01;3.851636e-01;2.392530e-02;2.282982e-02;2.253939e-02;4.138316e-02;2.373827e-02;1.024726e-01;3.511523e-02;1.096387e-02;1.446579e-02
1.707449e-01;2.659208e-01;2.626420e-01;2.400518e-02;2.633659e-02;1.698628e-02;5.011365e-02;2.250713e-02;8.320280e-02;3.851964e-02;2.005259e-02;1.896841e-02
2.698315e-01;1.848940e-01;2.847215e-01;1.714583e-02;2.141404e-02;8.208007e-03;3.640807e-02;5.348461e-02;4.018325e-02;3.391092e-02;2.651257e-02;2.328567e-02
3.356087e-01;1.339786e-01;2.785494e-01;9.015840e-03;2.887691e-02;7.407899e-03;2.060067e-02;9.136929e-02;1.500601e-02;2.137401e-02;3.004123e-02;2.817139e-02
3.570879e-01;1.071752e-01;2.495733e-01;5.772935e-03;3.019568e-02;8.797282e-03;1.337238e-02;1.267439e-01;1.911074e-02;1.486503e-02;3.040237e-02;3.690327e-02
3.776073e-01;8.859638e-02;2.230490e-01;4.816472e-03;2.823491e-02;6.312585e-03;1.973121e-02;1.515225e-01;1.186637e-02;1.195083e-02;3.070523e-02;4.560721e-02
3.802571e-01;7.980040e-02;2.112608e-01;5.563037e-03;1.627803e-02;1.028407e-02;2.557416e-02;1.485134e-01;1.979634e-02;1.350452e-02;3.274611e-02;5.642207e-02
3.903266e-01;7.678425e-02;2.044372e-01;5.484903e-03;1.089577e-02;7.201668e-03;2.705727e-02;1.476788e-01;2.532710e-02;1.222832e-02;3.334021e-02;5.923792e-02
3.846383e-01;7.447214e-02;1.974448e-01;5.257484e-03;1.262788e-02;7.313518e-03;3.279558e-02;1.531324e-01;2.468856e-02;1.438362e-02;3.464184e-02;5.860393e-02
3.840364e-01;7.056122e-02;2.051567e-01;5.662876e-03;1.074785e-02;5.400283e-03;3.261928e-02;1.622665e-01;1.380002e-02;1.473163e-02;3.492108e-02;6.009607e-02
3.800928e-01;7.280573e-02;2.060891e-01;5.935200e-03;7.976689e-03;8.523148e-03;2.787533e-02;1.581633e-01;2.207408e-02;1.524576e-02;3.412707e-02;6.109172e-02
3.672920e-01;7.081263e-02;2.022120e-01;9.646584e-03;1.240148e-02;1.022393e-02;2.923815e-02;1.675396e-01;1.768656e-02;1.722846e-02;3.662202e-02;5.909652e-02
3.673604e-01;8.139890e-02;1.870404e-01;4.469086e-03;1.653643e-02;5.192577e-03;2.109183e-02;2.089562e-01;1.039490e-02;1.620875e-02;3.129141e-02;5.005910e-02
3.215691e-01;9.834962e-02;2.321526e-01;6.118170e-03;2.045059e-02;6.349214e-03;2.322552e-02;1.967282e-01;1.199448e-02;1.495211e-02;3.161797e-02;3.649244e-02
2.779665e-01;1.320085e-01;2.925330e-01;1.080408e-02;2.192341e-02;5.385431e-03;3.481144e-02;1.306708e-01;2.402115e-02;1.640380e-02;2.831740e-02;2.515452e-02
2.115691e-01;1.793826e-01;3.372040e-01;1.629140e-02;1.329728e-02;1.056887e-02;3.930579e-02;6.898044e-02;5.921563e-02;2.203067e-02;2.149622e-02;2.065801e-02
1.257755e-01;2.213383e-01;4.033144e-01;2.473250e-02;1.321873e-02;2.335296e-02;2.764971e-02;2.961405e-02;8.278657e-02;2.407817e-02;1.141350e-02;1.272560e-02
4.640125e-02;1.759288e-01;4.688003e-01;5.503950e-02;3.447090e-02;2.754901e-02;3.965887e-02;3.711512e-02;4.666116e-02;3.143254e-02;2.511927e-02;1.182334e-02
1.538640e-02;1.225315e-01;4.437719e-01;9.911390e-02;6.360386e-02;3.074642e-02;4.572599e-02;4.257791e-02;2.208794e-02;3.814623e-02;5.611885e-02;2.018911e-02
1.967363e-02;8.272708e-02;3.514699e-01;1.333230e-01;1.086497e-01;3.955214e-02;1.994422e-02;3.614594e-02;2.227172e-02;3.331964e-02;8.224162e-02;7.068130e-02
3.655358e-02;3.683424e-02;1.906053e-01;1.023497e-01;1.671395e-01;7.048374e-02;6.238448e-02;2.800990e-02;2.197146e-02;1.668734e-02;7.081769e-02;1.961631e-01
1.038462e-01;8.217479e-03;7.140701e-02;3.464843e-02;1.648490e-01;1.322078e-01;1.227935e-01;2.120910e-02;2.152320e-02;1.750544e-02;2.067297e-02;2.811199e-01
1.505579e-01;1.138000e-02;1.988328e-02;1.216469e-02;9.795045e-02;1.701945e-01;2.476834e-01;2.368960e-02;1.336554e-02;3.259253e-02;1.473437e-02;2.058038e-01
1.108617e-01;2.800581e-02;1.164741e-02;9.721621e-03;5.320498e-02;1.552357e-01;4.320480e-01;3.596679e-02;2.472671e-02;3.069310e-02;1.740703e-02;9.048117e-02
3.548883e-02;4.970494e-02;3.014531e-02;8.547557e-03;3.943535e-02;1.108236e-01;5.488235e-01;6.193969e-02;5.627536e-02;1.790142e-02;1.490996e-02;2.600451e-02
8.017544e-03;6.390920e-02;5.976583e-02;7.778230e-03;4.331432e-02;7.560077e-02;5.359969e-01;9.057606e-02;7.354661e-02;1.461791e-02;1.342669e-02;1.344997e-02
1.388438e-02;4.457957e-02;8.963758e-02;1.319466e-02;4.284587e-02;6.248958e-02;4.907564e-01;1.224094e-01;6.597549e-02;2.201345e-02;1.513091e-02;1.708262e-02
2.007622e-02;2.328646e-02;1.029342e-01;2.716059e-02;2.990807e-02;5.660323e-02;4.157668e-01;1.901570e-01;6.472462e-02;4.513944e-02;7.276546e-03;1.696678e-02
2.667076e-02;1.716542e-02;7.647896e-02;9.622198e-02;1.937817e-02;3.928252e-02;2.379442e-01;2.082876e-01;1.699793e-01;7.162113e-02;1.611453e-02;2.085545e-02
6.672322e-02;3.097856e-02;4.490711e-02;7.038341e-02;8.449004e-02;6.867837e-02;1.698450e-01;7.410944e-02;1.330325e-01;1.555125e-01;5.833987e-02;4.300011e-02
7.225382e-02;2.921421e-02;4.432346e-02;2.709407e-02;1.141910e-01;8.751798e-02;1.333021e-01;5.460729e-02;1.232115e-01;2.089387e-01;6.198654e-02;4.335937e-02
5.332736e-02;1.867044e-02;2.874068e-02;2.053824e-02;1.200358e-01;7.677726e-02;1.027801e-01;5.586307e-02;1.338455e-01;2.994207e-01;5.660744e-02;3.339346e-02
5.041381e-02;1.493805e-02;1.391140e-02;2.399463e-02;8.774201e-02;3.707543e-02;8.749462e-02;4.176032e-02;2.066370e-01;3.517637e-01;6.684967e-02;1.741935e-02
1.165394e-01;1.178688e-02;1.280801e-02;6.371608e-02;3.899937e-02;1.049004e-02;1.157127e-01;1.809218e-02;3.572019e-01;2.043312e-01;3.974995e-02;1.057229e-02
1.871975e-01;9.974210e-03;8.038918e-03;1.171673e-01;1.977187e-02;7.613802e-03;9.558371e-02;1.764356e-02;4.393639e-01;7.592516e-02;1.504996e-02;6.670197e-03
1.849266e-01;9.908904e-03;1.709185e-02;1.300384e-01;1.861219e-02;1.647689e-02;8.513841e-02;4.771840e-02;3.876502e-01;6.138214e-02;1.668289e-02;2.437320e-02
1.501093e-01;1.802313e-02;3.716052e-02;1.093603e-01;3.386499e-02;3.199322e-02;1.026154e-01;6.423917e-02;2.814776e-01;8.615328e-02;3.263847e-02;5.236452e-02
9.942965e-02;2.823348e-02;8.190534e-02;5.895391e-02;4.566749e-02;6.758021e-02;1.234920e-01;9.722931e-02;1.399309e-01;1.255694e-01;4.779926e-02;8.420899e-02
4.632428e-02;2.505575e-02;8.780677e-02;5.946682e-02;2.205536e-02;7.390673e-02;1.049919e-01;1.816724e-01;1.567087e-01;1.194444e-01;3.466764e-02;8.789913e-02
3.658704e-02;1.864644e-02;6.980298e-02;8.320811e-02;9.732461e-03;6.527481e-02;1.045749e-01;1.954802e-01;2.507716e-01;8.947089e-02;1.721829e-02;5.923232e-02
2.108392e-02;9.320571e-03;4.845405e-02;7.949466e-02;8.494725e-03;8.459152e-02;1.020853e-01;1.787354e-01;3.139048e-01;4.748549e-02;6.418038e-03;9.993155e-02
2.086536e-02;9.917893e-03;7.532407e-02;4.488776e-02;6.170629e-03;1.110977e-01;1.102707e-01;2.129668e-01;2.154123e-01;3.484754e-02;7.764088e-03;1.504752e-01
1.946182e-02;6.531532e-03;1.195010e-01;1.755681e-02;4.300484e-03;1.045305e-01;1.184471e-01;2.575864e-01;1.224689e-01;5.249181e-02;3.365485e-03;1.737582e-01
9.549113e-03;7.375699e-03;1.502738e-01;1.071238e-02;4.278076e-03;6.744520e-02;1.495401e-01;2.642426e-01;7.509341e-02;1.014160e-01;5.167274e-03;1.549064e-01
5.055190e-03;1.746383e-02;1.458860e-01;7.165702e-03;1.665261e-02;4.195678e-02;2.169206e-01;2.292569e-01;5.143622e-02;1.427894e-01;1.573419e-02;1.096825e-01
2.204198e-02;4.745953e-02;1.128264e-01;1.065010e-02;4.394912e-02;4.144537e-02;2.842959e-01;1.617648e-01;4.322474e-02;1.346001e-01;3.347756e-02;6.426426e-02
7.754806e-02;7.117812e-02;6.862494e-02;2.113080e-02;9.729052e-02;8.270527e-02;2.462611e-01;9.044524e-02;5.511298e-02;1.029767e-01;4.002142e-02;4.670484e-02
1.365285e-01;3.723612e-02;5.461715e-02;2.789812e-02;1.561983e-01;1.328835e-01;1.415996e-01;6.091045e-02;7.319428e-02;5.916913e-02;2.077574e-02;9.898911e-02
1.978282e-01;6.833794e-03;2.815653e-02;1.846043e-02;1.062277e-01;1.638063e-01;2.492688e-01;5.274649e-02;3.797314e-02;8.766175e-02;5.621892e-03;4.541501e-02
2.335375e-01;1.091818e-02;2.911851e-02;1.638958e-02;6.965366e-02;1.826926e-01;2.418252e-01;5.218318e-02;1.365495e-02;1.334523e-01;4.911524e-03;1.166278e-02
2.172751e-01;1.286421e-02;5.779227e-02;2.042793e-02;7.906653e-02;1.773085e-01;2.039992e-01;4.566547e-02;1.732188e-02;1.379447e-01;5.923549e-03;2.441071e-02
1.523941e-01;1.035397e-02;1.416173e-01;3.785588e-02;1.102815e-01;1.360812e-01;1.637250e-01;3.427263e-02;4.117856e-02;9.868843e-02;1.467673e-02;5.887464e-02
7.872041e-02;1.835397e-02;2.815457e-01;5.956553e-02;1.026752e-01;7.622755e-02;1.341828e-01;2.998359e-02;4.978877e-02;6.243026e-02;3.428221e-02;7.224399e-02
4.667983e-02;3.735482e-02;4.532130e-01;5.785989e-02;6.429008e-02;3.931195e-02;8.989900e-02;2.772956e-02;3.747230e-02;6.472640e-02;3.646277e-02;4.500038e-02
7.479441e-02;3.634031e-02;5.658877e-01;4.621745e-02;5.322318e-02;3.908044e-02;4.251552e-02;2.031173e-02;2.489545e-02;5.116813e-02;2.180806e-02;2.375761e-02
9.801036e-02;2.724807e-02;3.996874e-01;5.358960e-02;7.273158e-02;7.582504e-02;9.090146e-02;5.642648e-02;4.286938e-02;3.077039e-02;2.362154e-02;2.831864e-02
6.275743e-02;4.830560e-02;1.157749e-01;3.423959e-02;1.297668e-01;1.317076e-01;1.225302e-01;9.092610e-02;7.856529e-02;6.445370e-02;5.787047e-02;6.310223e-02
8.367478e-02;7.323334e-02;4.561965e-02;2.727137e-02;1.105771e-01;1.045711e-01;1.911393e-01;1.081104e-01;7.981900e-02;6.696896e-02;4.789384e-02;6.112122e-02
9.625367e-02;6.254070e-02;6.265271e-02;3.346721e-02;8.910176e-02;1.130109e-01;3.160771e-01;7.609587e-02;4.682513e-02;4.614065e-02;2.851425e-02;2.931998e-02
7.693887e-02;4.401136e-02;3.920719e-02;5.307102e-02;9.881121e-02;1.910806e-01;3.267617e-01;4.927439e-02;3.129672e-02;4.783636e-02;1.999073e-02;2.171987e-02
4.369528e-02;2.174620e-02;5.041276e-02;8.374654e-02;1.860424e-01;2.125437e-01;2.127101e-01;2.565964e-02;4.215900e-02;3.869659e-02;2.288852e-02;5.969934e-02
1.973450e-02;3.536798e-02;5.163612e-02;1.333852e-01;2.574481e-01;1.618239e-01;7.825024e-02;2.310337e-02;4.082650e-02;4.811075e-02;6.102141e-02;8.929195e-02
1.160307e-02;5.606041e-02;4.956995e-02;2.174105e-01;1.993539e-01;9.532258e-02;3.021002e-02;5.692613e-02;2.121270e-02;6.428613e-02;1.268630e-01;7.118162e-02
2.270317e-02;4.759197e-02;1.104154e-01;2.700734e-01;9.583695e-02;6.629417e-02;1.929471e-02;6.745954e-02;2.360426e-02;6.714532e-02;1.778824e-01;3.169867e-02
6.250646e-02;3.529007e-02;2.253599e-01;2.103353e-01;3.691389e-02;4.828648e-02;2.630368e-02;4.801236e-02;6.342697e-02;7.641053e-02;1.563203e-01;1.083409e-02
1.066068e-01;4.469313e-02;3.379355e-01;1.126602e-01;3.666896e-02;2.966671e-02;5.683771e-02;2.654538e-02;8.023441e-02;8.153430e-02;6.904805e-02;1.756883e-02
1.119950e-01;2.073119e-02;4.728139e-01;8.820418e-02;2.559398e-02;1.101389e-02;6.915675e-02;1.601501e-02;5.216859e-02;1.071516e-01;1.416209e-02;1.099386e-02
6.452315e-02;4.409473e-02;5.379300e-01;5.652441e-02;8.277314e-03;6.061612e-03;5.722009e-02;9.201371e-03;2.564944e-02;1.814485e-01;5.352661e-03;3.716694e-03
3.980138e-02;9.175573e-02;5.439824e-01;3.488960e-02;5.664842e-03;5.361116e-03;3.934352e-02;1.086691e-02;1.399763e-02;2.018259e-01;6.539952e-03;5.970937e-03
5.952007e-02;1.259914e-01;5.273000e-01;3.007928e-02;2.156773e-02;1.471105e-02;2.400086e-02;1.363807e-02;1.947648e-02;1.485086e-01;5.934800e-03;9.271622e-03
6.019143e-02;7.762834e-02;4.665838e-01;6.756416e-02;4.824634e-02;2.795552e-02;3.252889e-02;2.329420e-02;6.277708e-02;1.069757e-01;9.381736e-03;1.687285e-02
3.645922e-02;7.513104e-02;3.831933e-01;7.017747e-02;5.161978e-02;3.741264e-02;3.173744e-02;3.875400e-02;1.133891e-01;1.300857e-01;8.606107e-03;2.343421e-02
2.602031e-02;1.475642e-01;2.864600e-01;3.806235e-02;3.516304e-02;5.469694e-02;2.095005e-02;3.939041e-02;1.854212e-01;1.312706e-01;5.769238e-03;2.923171e-02
5.299526e-02;2.200284e-01;1.846112e-01;5.326354e-02;1.711702e-02;7.651624e-02;1.496168e-02;2.325672e-02;2.370819e-01;8.346098e-02;6.531799e-03;3.017529e-02
7.265978e-02;2.455295e-01;2.012695e-01;7.085502e-02;1.255776e-02;7.198086e-02;1.774518e-02;1.744003e-02;2.145886e-01;4.049692e-02;8.108790e-03;2.676820e-02
1.075244e-01;2.444771e-01;2.546231e-01;5.834685e-02;1.255271e-02;5.042246e-02;1.386002e-02;2.330722e-02;1.682134e-01;3.051173e-02;5.855922e-03;3.030520e-02
1.545049e-01;2.180074e-01;2.775807e-01;3.318270e-02;2.102784e-02;3.475794e-02;1.348466e-02;2.704477e-02;1.227625e-01;4.552171e-02;1.497184e-02;3.715306e-02
1.715930e-01;1.563713e-01;2.606747e-01;2.554574e-02;4.281347e-02;3.761468e-02;4.090433e-02;5.032203e-02;8.507887e-02;5.384448e-02;3.236866e-02;4.286870e-02
1.149886e-01;7.558050e-02;1.683730e-01;5.681268e-02;6.592782e-02;5.330419e-02;6.859872e-02;7.553969e-02;1.419085e-01;6.620044e-02;5.188154e-02;6.088428e-02
6.155569e-02;9.065405e-02;1.086634e-01;4.305208e-02;4.099182e-02;7.289594e-02;7.655714e-02;7.529767e-02;2.177395e-01;9.766871e-02;5.210724e-02;6.281682e-02
1.029205e-01;1.226929e-01;9.165990e-02;3.677211e-02;3.277700e-02;6.874339e-02;6.112556e-02;7.175951e-02;2.521566e-01;8.687775e-02;3.333266e-02;3.918223e-02
1.803859e-01;1.050181e-01;1.247576e-01;3.150017e-02;2.670524e-02;6.149583e-02;4.630779e-02;7.255275e-02;2.137148e-01;4.960690e-02;2.264484e-02;6.531004e-02
2.203426e-01;1.361165e-01;1.359389e-01;3.419186e-02;2.658102e-02;4.527200e-02;3.728923e-02;6.411307e-02;1.794023e-01;4.340693e-02;2.087514e-02;5.647048e-02
1.372067e-01;2.514899e-01;1.299616e-01;2.721289e-02;3.343436e-02;7.700695e-02;3.389649e-02;5.428280e-02;1.569200e-01;5.920382e-02;1.820263e-02;2.118174e-02
4.871238e-02;2.146443e-01;1.028781e-01;4.302235e-02;4.352622e-02;1.042379e-01;8.045849e-02;9.215064e-02;1.115918e-01;8.997103e-02;2.818548e-02;4.062126e-02
8.109669e-02;1.216292e-01;7.242551e-02;6.984809e-02;5.203548e-02;1.128646e-01;1.377513e-01;9.277440e-02;6.598214e-02;9.189481e-02;3.571247e-02;6.598541e-02
8.728239e-02;5.254754e-02;9.858061e-02;8.812463e-02;6.670359e-02;8.645505e-02;2.041674e-01;4.738531e-02;5.515007e-02;6.186583e-02;6.019231e-02;9.154527e-02
1.349354e-01;4.123699e-02;7.498703e-02;6.858543e-02;1.042225e-01;1.307193e-01;1.605676e-01;4.326307e-02;4.710638e-02;4.504470e-02;5.123188e-02;9.809967e-02
1.996879e-01;2.919945e-02;3.767895e-02;4.675462e-02;1.304649e-01;2.148300e-01;1.420113e-01;2.801728e-02;2.664160e-02;2.414221e-02;3.023144e-02;9.034036e-02
2.251350e-01;5.617964e-02;2.978789e-02;2.879247e-02;1.257389e-01;2.998908e-01;1.268312e-01;1.903336e-02;1.277800e-02;2.168417e-02;1.246005e-02;4.168858e-02
1.956620e-01;5.954814e-02;2.951656e-02;7.011520e-03;1.243082e-01;4.170302e-01;9.803772e-02;1.446971e-02;1.030751e-02;1.758229e-02;6.757201e-03;1.976894e-02
9.351435e-02;2.623609e-02;2.179976e-02;8.802311e-03;1.309219e-01;5.727782e-01;8.122128e-02;1.250596e-02;1.235829e-02;1.815097e-02;5.604315e-03;1.610652e-02
2.970706e-02;8.321960e-03;1.692249e-02;1.614309e-02;1.186881e-01;6.417909e-01;9.641606e-02;1.295826e-02;1.029719e-02;3.010856e-02;7.258827e-03;1.138742e-02
2.153359e-02;1.248443e-02;1.479468e-02;1.309388e-02;1.043700e-01;6.344845e-01;9.972161e-02;2.720129e-02;7.614682e-03;4.814821e-02;7.706926e-03;8.846160e-03
4.150117e-02;8.401701e-03;1.126072e-02;1.493733e-02;1.345832e-01;5.246047e-01;8.342983e-02;3.336236e-02;1.084906e-02;1.146911e-01;1.030606e-02;1.207269e-02
6.156817e-02;8.550315e-03;1.734987e-02;3.303975e-02;1.692774e-01;3.763118e-01;6.244070e-02;4.288096e-02;1.591698e-02;1.738104e-01;2.306276e-02;1.579087e-02
5.701114e-02;2.057026e-02;3.515356e-02;5.963524e-02;1.350715e-01;2.854429e-01;1.280150e-01;6.342279e-02;2.672886e-02;1.444534e-01;2.718455e-02;1.731072e-02
6.190611e-02;3.337312e-02;7.592406e-02;6.810221e-02;9.611931e-02;2.421819e-01;1.771066e-01;6.298510e-02;2.993275e-02;1.082656e-01;2.335989e-02;2.074328e-02
7.413435e-02;3.097410e-02;1.210158e-01;6.228725e-02;8.373086e-02;2.037583e-01;2.118864e-01;4.053914e-02;6.239781e-02;8.005694e-02;1.495785e-02;1.426126e-02
4.136713e-02;1.784572e-02;1.125049e-01;4.829302e-02;1.725801e-01;1.616044e-01;1.747620e-01;3.472615e-02;1.305946e-01;7.493877e-02;7.132267e-03;2.365095e-02
2.661093e-02;1.393090e-02;1.637839e-01;5.701664e-02;2.508378e-01;1.551273e-01;8.530082e-02;1.864802e-02;1.262995e-01;6.007185e-02;8.246675e-03;3.412560e-02
3.217338e-02;1.977544e-02;1.765957e-01;5.283631e-02;2.202965e-01;1.454792e-01;1.412731e-01;2.097155e-02;9.230509e-02;4.402666e-02;1.315494e-02;4.111214e-02
4.425375e-02;1.510863e-02;1.132060e-01;3.724679e-02;1.864183e-01;2.318629e-01;1.741948e-01;2.817056e-02;6.482493e-02;5.446547e-02;1.164748e-02;3.860030e-02
5.953503e-02;5.862489e-03;5.668947e-02;2.370396e-02;1.520616e-01;3.924048e-01;1.759108e-01;3.320486e-02;2.531962e-02;4.692004e-02;5.517006e-03;2.287043e-02
6.848105e-02;4.155456e-03;2.423538e-02;1.305405e-02;1.317472e-01;5.021152e-01;1.861390e-01;2.332346e-02;1.277000e-02;2.640842e-02;1.977048e-03;5.593808e-03
5.761360e-02;4.257629e-03;5.411642e-02;1.398394e-02;1.601942e-01;4.214739e-01;1.930996e-01;2.822082e-02;3.206333e-02;2.337045e-02;4.136633e-03;7.469438e-03
3.940643e-02;1.200083e-02;1.579507e-01;3.233775e-02;1.597396e-01;2.236353e-01;2.004242e-01;3.048219e-02;6.378142e-02;4.070076e-02;1.208595e-02;2.745492e-02
3.307247e-02;1.680233e-02;3.012891e-01;5.729968e-02;1.078974e-01;1.028910e-01;1.537977e-01;3.207935e-02;6.220094e-02;6.907693e-02;2.616019e-02;3.743305e-02
2.804597e-02;3.908930e-02;5.038692e-01;6.303018e-02;6.013675e-02;4.379935e-02;7.818367e-02;2.300471e-02;3.848861e-02;6.675322e-02;2.604606e-02;2.955295e-02
3.971714e-02;8.715203e-02;6.346678e-01;4.848524e-02;4.142145e-02;2.897740e-02;2.885589e-02;9.859338e-03;1.705090e-02;4.258635e-02;1.000370e-02;1.122280e-02
7.318861e-02;1.341797e-01;6.143615e-01;4.583226e-02;2.860123e-02;3.066641e-02;2.230194e-02;6.889910e-03;7.293473e-03;2.119484e-02;6.613871e-03;8.876243e-03
1.073851e-01;1.436576e-01;5.583029e-01;4.328552e-02;1.795799e-02;2.215116e-02;2.288191e-02;1.980104e-02;2.295324e-02;1.417510e-02;1.362205e-02;1.382637e-02
9.610870e-02;1.029608e-01;4.866375e-01;4.212144e-02;2.737027e-02;2.517945e-02;3.654225e-02;3.875788e-02;4.688391e-02;2.988046e-02;3.172967e-02;3.582767e-02
5.998015e-02;5.635962e-02;3.754991e-01;5.958581e-02;5.122339e-02;5.303305e-02;5.704316e-02;5.174382e-02;6.297506e-02;6.648996e-02;4.757559e-02;5.849129e-02
5.841464e-02;4.475709e-02;2.867755e-01;7.934400e-02;6.803051e-02;7.334919e-02;6.141580e-02;6.817737e-02;5.964389e-02;9.122027e-02;4.531759e-02;6.355406e-02
7.342249e-02;4.527687e-02;1.945030e-01;9.079108e-02;4.777253e-02;6.957537e-02;1.214070e-01;8.741553e-02;7.480505e-02;9.195488e-02;3.582563e-02;6.725061e-02
6.870817e-02;4.105993e-02;7.700608e-02;5.014316e-02;6.283896e-02;8.043381e-02;2.207501e-01;6.915765e-02;1.334568e-01;7.467664e-02;4.901719e-02;7.275146e-02
6.286670e-02;2.979266e-02;1.078044e-01;4.503281e-02;5.521496e-02;9.987424e-02;2.022573e-01;8.525301e-02;1.229992e-01;8.230156e-02;4.990258e-02;5.670055e-02
5.966312e-02;3.033028e-02;1.165261e-01;4.026309e-02;7.956920e-02;1.097580e-01;1.956740e-01;8.018951e-02;7.292852e-02;1.266609e-01;3.629309e-02;5.214434e-02
6.656437e-02;4.426748e-02;9.267790e-02;8.685850e-02;8.507307e-02;8.713635e-02;2.006094e-01;8.336630e-02;6.011006e-02;1.339815e-01;3.609150e-02;2.326364e-02
7.193130e-02;4.254958e-02;7.956191e-02;1.308709e-01;1.332651e-01;6.236757e-02;1.528395e-01;7.168445e-02;4.925755e-02;1.126980e-01;6.045292e-02;3.252124e-02
6.388940e-02;3.865937e-02;8.384395e-02;8.487605e-02;1.500673e-01;5.889770e-02;1.595739e-01;6.071351e-02;6.830084e-02;1.118566e-01;6.878620e-02;5.053517e-02
6.219165e-02;4.168433e-02;1.013763e-01;1.076798e-01;1.255032e-01;1.241975e-01;1.492859e-01;4.917944e-02;7.793666e-02;7.653985e-02;3.514636e-02;4.927896e-02
8.129195e-02;3.217648e-02;1.178567e-01;8.658548e-02;7.883316e-02;1.323139e-01;2.137864e-01;6.934526e-02;5.707783e-02;6.966456e-02;2.460945e-02;3.645876e-02
7.712294e-02;5.706253e-02;9.304081e-02;4.275981e-02;6.131052e-02;1.669610e-01;2.918359e-01;4.820047e-02;4.091094e-02;7.200467e-02;2.000822e-02;2.878214e-02
4.428291e-02;3.720583e-02;4.529713e-02;3.780196e-02;1.139793e-01;2.131096e-01;2.629206e-01;3.941401e-02;6.336029e-02;6.739910e-02;1.348370e-02;6.174561e-02
1.580189e-02;1.195555e-02;3.847374e-02;4.355054e-02;1.888125e-01;2.131771e-01;1.714487e-01;2.996719e-02;1.110654e-01;4.867763e-02;1.791806e-02;1.091518e-01
1.685720e-02;1.337357e-02;3.089198e-02;7.104748e-02;1.999914e-01;1.461260e-01;1.000417e-01;8.167532e-02;1.125771e-01;6.353725e-02;4.255810e-02;1.213228e-01
1.108268e-02;1.881138e-02;4.021805e-02;1.418997e-01;1.352599e-01;6.461524e-02;6.098357e-02;2.075351e-01;6.290155e-02;9.015100e-02;7.798979e-02;8.855203e-02
7.619151e-03;1.728122e-02;8.128083e-02;2.432743e-01;5.838373e-02;2.111913e-02;4.616767e-02;2.884432e-01;1.985451e-02;6.575850e-02;1.158803e-01;3.493741e-02
1.999359e-03;8.356813e-03;1.495303e-01;3.283890e-01;3.771442e-02;2.332252e-02;2.784897e-02;2.368776e-01;8.128419e-03;3.262784e-02;1.334746e-01;1.173017e-02
2.360517e-03;7.476614e-03;2.495117e-01;3.660565e-01;3.061760e-02;2.311332e-02;1.574221e-02;1.443623e-01;1.460918e-02;2.247099e-02;1.148279e-01;8.851126e-03
4.785676e-03;9.325546e-03;3.040597e-01;3.443507e-01;3.385260e-02;2.066766e-02;2.098219e-02;1.164899e-01;1.339519e-02;2.270409e-02;9.278308e-02;1.660371e-02
1.053971e-02;2.065320e-02;2.815226e-01;2.782338e-01;8.351439e-02;2.895600e-02;3.720883e-02;1.242247e-01;1.976736e-02;2.087008e-02;5.679786e-02;3.771155e-02
2.364124e-02;3.179917e-02;2.182027e-01;1.994251e-01;1.824961e-01;4.978204e-02;5.667590e-02;8.963200e-02;4.180189e-02;1.462319e-02;1.814063e-02;7.377993e-02
1.475153e-02;3.301542e-02;1.585513e-01;1.447290e-01;2.898980e-01;6.624761e-02;6.961138e-02;3.219958e-02;5.397150e-02;1.566961e-02;2.043325e-02;1.009218e-01
2.086675e-02;2.492038e-02;1.481549e-01;1.511780e-01;2.793555e-01;8.245824e-02;1.066305e-01;3.952137e-02;5.612818e-02;1.519960e-02;9.272624e-03;6.631403e-02
2.282489e-02;4.790074e-02;2.269050e-01;1.704420e-01;1.957908e-01;8.888437e-02;7.520421e-02;5.537814e-02;4.235959e-02;2.376156e-02;2.928519e-02;2.126354e-02
3.728555e-02;6.032657e-02;2.957185e-01;1.660803e-01;1.333350e-01;9.046970e-02;3.722481e-02;5.923066e-02;3.214177e-02;3.643802e-02;3.279961e-02;1.894957e-02
6.577300e-02;5.457609e-02;3.869224e-01;1.191697e-01;9.895000e-02;7.951440e-02;3.997587e-02;4.835986e-02;3.523764e-02;4.183294e-02;1.257807e-02;1.711009e-02
7.839383e-02;8.363319e-02;4.117110e-01;6.067441e-02;5.719230e-02;6.865330e-02;5.546696e-02;3.701488e-02;6.808282e-02;4.443254e-02;1.329352e-02;2.145119e-02
6.990767e-02;1.298267e-01;2.987793e-01;3.994846e-02;5.781708e-02;7.265640e-02;6.092776e-02;7.782472e-02;1.166500e-01;3.538886e-02;1.168346e-02;2.858968e-02
8.827509e-02;1.138315e-01;1.944786e-01;4.285526e-02;1.061913e-01;7.277644e-02;5.329610e-02;1.357375e-01;9.347117e-02;5.847978e-02;1.364744e-02;2.695979e-02
1.130746e-01;7.705250e-02;1.315061e-01;6.488990e-02;1.119005e-01;4.531794e-02;1.095591e-01;1.299990e-01;8.292896e-02;7.397316e-02;2.187342e-02;3.792478e-02
1.033304e-01;9.028499e-02;1.167935e-01;5.508747e-02;8.380182e-02;5.303061e-02;1.431947e-01;1.345982e-01;8.683068e-02;8.041778e-02;1.859022e-02;3.403971e-02
8.362671e-02;1.000350e-01;2.079418e-01;5.841931e-02;7.964946e-02;7.518379e-02;1.114536e-01;1.003771e-01;7.934972e-02;5.111406e-02;2.083956e-02;3.200981e-02
5.070258e-02;9.977031e-02;3.511731e-01;7.180940e-02;7.176499e-02;1.033150e-01;6.789518e-02;4.208963e-02;5.661030e-02;3.516195e-02;1.967251e-02;3.003510e-02
3.655336e-02;5.853751e-02;4.510711e-01;7.566721e-02;7.546309e-02;7.974554e-02;5.316383e-02;2.333838e-02;4.062441e-02;5.129127e-02;2.783824e-02;2.670612e-02
3.472525e-02;1.775276e-02;3.975111e-01;1.675539e-01;8.268707e-02;8.506348e-02;4.724381e-02;2.888257e-02;2.615766e-02;3.571743e-02;5.929137e-02;1.741361e-02
1.881574e-02;1.238262e-02;3.035635e-01;2.737538e-01;8.604011e-02;1.044930e-01;3.289774e-02;3.952410e-02;1.235116e-02;1.538050e-02;8.760346e-02;1.319422e-02
5.820861e-03;1.516980e-02;3.315480e-01;2.989492e-01;7.454967e-02;8.454654e-02;1.493753e-02;4.052174e-02;6.261264e-03;2.536544e-02;9.256787e-02;9.762009e-03
1.031485e-02;2.654409e-02;4.712049e-01;1.998877e-01;4.698810e-02;4.507427e-02;1.301354e-02;2.553902e-02;1.626750e-02;7.080133e-02;6.599458e-02;8.370129e-03
1.206119e-02;4.582648e-02;5.682847e-01;8.076240e-02;2.601112e-02;1.654345e-02;2.025204e-02;9.935631e-03;4.971164e-02;1.306501e-01;3.094115e-02;9.020023e-03
2.482296e-02;9.387626e-02;5.188770e-01;3.276961e-02;1.716262e-02;1.176644e-02;1.589448e-02;6.777880e-03;1.388636e-01;1.257624e-01;6.483676e-03;6.943204e-03
8.940930e-02;1.987284e-01;3.058825e-01;2.028137e-02;1.076009e-02;2.250085e-02;1.454827e-02;2.302751e-02;2.338956e-01;6.720570e-02;6.076143e-03;7.684397e-03
2.426374e-01;2.543570e-01;1.211900e-01;1.011167e-02;1.724745e-02;1.844827e-02;2.250074e-02;6.594656e-02;1.890706e-01;3.330111e-02;8.550768e-03;1.663839e-02
3.902499e-01;2.249129e-01;6.587975e-02;4.438900e-03;1.901652e-02;1.072964e-02;4.470729e-02;1.019738e-01;8.386172e-02;1.430311e-02;7.116630e-03;3.280978e-02
4.265539e-01;1.817198e-01;4.856408e-02;1.191073e-02;1.102376e-02;1.043165e-02;8.202973e-02;1.100081e-01;4.178188e-02;1.301687e-02;4.856874e-03;5.810265e-02
3.410975e-01;1.320071e-01;4.516082e-02;4.724167e-02;1.012282e-02;1.647495e-02;1.637949e-01;1.014195e-01;2.385041e-02;1.456749e-02;6.527437e-03;9.773538e-02
1.773878e-01;7.099133e-02;4.746882e-02;1.095770e-01;1.811004e-02;3.589945e-02;2.908797e-01;8.939373e-02;1.639984e-02;1.146197e-02;1.809985e-02;1.143305e-01
4.771614e-02;3.202312e-02;6.804345e-02;1.438227e-01;3.157753e-02;9.920335e-02;3.458056e-01;6.454621e-02;2.955562e-02;1.381546e-02;5.355341e-02;7.033749e-02
2.053652e-02;1.258564e-02;1.295262e-01;8.184697e-02;3.950972e-02;2.416042e-01;2.592452e-01;2.979275e-02;4.063901e-02;2.819965e-02;1.021159e-01;1.439818e-02
1.700995e-02;1.960519e-02;1.233803e-01;2.469504e-02;3.700668e-02;3.767511e-01;1.731268e-01;2.424075e-02;2.386674e-02;4.396887e-02;1.282264e-01;8.122231e-03
1.178238e-02;4.269007e-02;7.657482e-02;1.456141e-02;4.926720e-02;4.290760e-01;1.336076e-01;2.872722e-02;8.545314e-03;6.548804e-02;1.357708e-01;3.909061e-03
6.552083e-03;7.205635e-02;3.905483e-02;2.579615e-02;8.617396e-02;3.318519e-01;1.457487e-01;4.713893e-02;1.242196e-02;1.034617e-01;1.262045e-01;3.538993e-03
1.082316e-02;1.065067e-01;2.261444e-02;2.492117e-02;1.274188e-01;1.818826e-01;1.653825e-01;7.527138e-02;2.075141e-02;1.457180e-01;1.143243e-01;4.385510e-03
8.453695e-03;1.294651e-01;2.399883e-02;2.775193e-02;2.270806e-01;1.068005e-01;1.070017e-01;7.705282e-02;2.242928e-02;1.794500e-01;8.299679e-02;7.518598e-03
7.327932e-03;1.451825e-01;8.759351e-03;2.793553e-02;3.672888e-01;5.573302e-02;4.172644e-02;6.514843e-02;2.006751e-02;2.017472e-01;5.109771e-02;7.985607e-03
1.174204e-02;1.397915e-01;9.880636e-03;4.363254e-02;4.342942e-01;3.897957e-02;1.717833e-02;4.200215e-02;2.578403e-02;2.011699e-01;2.699486e-02;8.550174e-03
3.877007e-02;1.164871e-01;1.802348e-02;9.565495e-02;4.036327e-01;4.095703e-02;1.379780e-02;2.417037e-02;4.014168e-02;1.865758e-01;1.281202e-02;8.976989e-03
8.387772e-02;7.406265e-02;6.040474e-02;1.467324e-01;2.922118e-01;4.993888e-02;2.942782e-02;1.692439e-02;6.161267e-02;1.616415e-01;1.535600e-02;7.809391e-03
1.638710e-01;7.181173e-02;8.131753e-02;1.397581e-01;1.744227e-01;6.396197e-02;4.768858e-02;2.182163e-02;4.308072e-02;1.597032e-01;2.228723e-02;1.027558e-02
2.594557e-01;6.601007e-02;5.211976e-02;9.087444e-02;1.006729e-01;5.013531e-02;3.560885e-02;2.262953e-02;8.770561e-02;1.795408e-01;2.103770e-02;3.420929e-02
2.253256e-01;4.054337e-02;2.094581e-02;6.886159e-02;8.887558e-02;2.984210e-02;2.572324e-02;1.300475e-02;2.023977e-01;1.871832e-01;3.699364e-02;6.030337e-02
9.352962e-02;3.736487e-02;1.856842e-02;8.420091e-02;7.996514e-02;1.975034e-02;2.818248e-02;3.226466e-02;3.471929e-01;1.816483e-01;3.132363e-02;4.600875e-02
3.786502e-02;3.152278e-02;1.568406e-02;1.145228e-01;9.001804e-02;1.665893e-02;5.478882e-02;6.935360e-02;3.524327e-01;1.582194e-01;3.455263e-02;2.438117e-02
1.028254e-01;5.324392e-02;9.501477e-02;1.287538e-01;9.047811e-02;2.980657e-02;8.837926e-02;4.522744e-02;1.480713e-01;1.537462e-01;3.749039e-02;2.696288e-02
1.534438e-01;9.808289e-02;1.571139e-01;9.213741e-02;6.901602e-02;3.531964e-02;7.310782e-02;4.739842e-02;6.287078e-02;1.339468e-01;4.138166e-02;3.618081e-02
1.695870e-01;1.384478e-01;1.301855e-01;5.267840e-02;7.545208e-02;3.531395e-02;7.388616e-02;5.160948e-02;6.239648e-02;1.264455e-01;4.932601e-02;3.467160e-02
1.317595e-01;1.331502e-01;1.402333e-01;3.980584e-02;7.284880e-02;4.178068e-02;1.186405e-01;5.507207e-02;5.643258e-02;1.370773e-01;4.592792e-02;2.727125e-02
6.394478e-02;1.113495e-01;1.967745e-01;5.333082e-02;6.976274e-02;3.253689e-02;1.616028e-01;4.874892e-02;5.994292e-02;1.302702e-01;5.459798e-02;1.713806e-02
6.793264e-02;8.990029e-02;2.108357e-01;6.118855e-02;6.673364e-02;2.754932e-02;1.471255e-01;3.818404e-02;7.626532e-02;9.785543e-02;8.270633e-02;3.372334e-02
9.501128e-02;9.045774e-02;1.422673e-01;4.903639e-02;1.021692e-01;5.384766e-02;6.832023e-02;3.518374e-02;8.325425e-02;9.749757e-02;1.151281e-01;6.782648e-02
6.337039e-02;8.278423e-02;2.248078e-01;2.950921e-02;1.054141e-01;4.769454e-02;1.104473e-01;2.264350e-02;5.337825e-02;9.369013e-02;9.641966e-02;6.984090e-02
1.417632e-01;6.898764e-02;1.894246e-01;4.332485e-02;8.482835e-02;4.079598e-02;1.198228e-01;2.425682e-02;5.187498e-02;8.792370e-02;8.844043e-02;5.855666e-02
