7.422844e-02;7.980946e-02;1.900338e-01;6.683387e-02;9.570269e-02;3.786023e-02;1.310181e-01;7.111138e-02;9.446080e-02;6.581814e-02;4.607495e-02;4.704813e-02
8.993555e-02;8.940825e-02;1.336689e-01;1.064969e-01;1.047738e-01;3.882836e-02;1.083200e-01;6.697814e-02;1.311680e-01;6.800013e-02;3.823642e-02;2.418555e-02
9.193764e-02;8.801337e-02;1.254235e-01;9.470233e-02;9.369809e-02;3.588749e-02;1.135906e-01;7.817629e-02;1.222561e-01;7.809450e-02;4.720019e-02;3.101995e-02
8.856951e-02;7.575157e-02;1.507780e-01;7.448548e-02;5.998112e-02;6.939770e-02;1.185782e-01;8.856784e-02;1.146129e-01;8.347245e-02;3.820113e-02;3.760419e-02
7.789323e-02;8.006450e-02;1.171731e-01;7.615099e-02;6.459978e-02;1.027790e-01;1.093566e-01;1.198468e-01;1.177622e-01;7.125665e-02;3.191020e-02;3.120709e-02
8.417282e-02;7.562799e-02;1.028814e-01;6.720340e-02;7.594059e-02;8.981667e-02;9.728260e-02;9.197792e-02;1.342094e-01;5.436616e-02;8.800966e-02;3.851142e-02
8.930888e-02;8.591314e-02;1.190615e-01;5.719319e-02;8.096399e-02;4.641068e-02;5.092609e-02;6.744014e-02;1.613590e-01;8.695342e-02;8.588596e-02;6.858394e-02
6.927972e-02;8.410060e-02;1.230993e-01;8.891218e-02;7.583541e-02;3.607531e-02;6.497125e-02;1.238589e-01;1.337047e-01;7.858592e-02;4.048881e-02;8.108786e-02
6.302122e-02;2.975400e-02;1.226825e-01;7.297739e-02;6.735194e-02;4.427958e-02;1.190561e-01;8.194366e-02;8.858769e-02;1.397449e-01;1.110967e-01;5.950435e-02
5.253553e-02;3.189307e-02;6.683850e-02;3.563986e-02;6.505446e-02;3.891245e-02;8.113260e-02;4.885856e-02;8.518817e-02;2.865173e-01;1.677545e-01;3.967504e-02
3.242710e-02;2.542387e-02;3.269653e-02;7.906657e-02;5.711546e-02;2.902704e-02;3.863427e-02;5.222433e-02;1.732416e-01;3.002743e-01;1.447836e-01;3.508527e-02
3.059919e-02;4.008491e-02;8.857823e-02;1.132376e-01;3.512806e-02;1.693741e-02;3.979464e-02;8.833566e-02;2.430462e-01;1.869355e-01;8.784658e-02;2.947597e-02
2.860932e-02;1.188649e-01;1.644987e-01;9.806469e-02;1.426554e-02;1.795682e-02;9.431293e-02;1.180503e-01;1.792032e-01;6.877614e-02;6.734990e-02;3.004751e-02
6.244015e-02;2.051156e-01;1.674932e-01;5.586890e-02;2.009831e-02;3.578864e-02;1.415806e-01;1.058559e-01;8.166827e-02;3.397658e-02;6.705298e-02;2.306090e-02
1.583052e-01;1.770812e-01;8.319125e-02;3.861394e-02;2.532818e-02;9.338701e-02;1.099568e-01;6.565952e-02;9.214751e-02;8.737130e-02;4.757050e-02;2.138755e-02
2.664691e-01;5.769167e-02;2.197892e-02;3.910407e-02;2.713486e-02;1.722688e-01;5.064874e-02;5.009191e-02;8.625644e-02;1.577502e-01;4.823909e-02;2.236619e-02
2.310098e-01;3.394665e-02;3.574617e-02;1.838692e-02;3.389682e-02;1.852915e-01;4.513895e-02;5.675771e-02;4.473436e-02;1.659177e-01;9.524337e-02;5.393016e-02
1.068800e-01;8.013045e-02;2.655027e-02;3.435804e-02;5.631417e-02;1.218649e-01;6.510283e-02;5.698960e-02;5.396969e-02;1.152981e-01;1.333002e-01;1.492417e-01
1.109288e-01;9.117266e-02;4.738012e-02;3.334631e-02;6.362602e-02;9.988934e-02;6.074751e-02;3.795337e-02;6.886970e-02;1.127482e-01;1.181928e-01;1.551451e-01
1.392879e-01;9.580445e-02;4.179657e-02;3.289828e-02;7.577036e-02;1.852299e-01;7.039183e-02;3.315967e-02;4.365517e-02;1.193994e-01;9.683684e-02;6.576965e-02
2.331984e-01;1.004751e-01;3.881904e-02;3.018149e-02;7.420167e-02;1.551823e-01;7.413805e-02;3.074533e-02;4.769710e-02;8.502377e-02;6.026584e-02;7.007183e-02
3.241398e-01;8.768629e-02;4.515204e-02;2.159478e-02;5.690393e-02;1.148933e-01;4.369737e-02;3.862435e-02;7.338329e-02;7.172031e-02;4.749116e-02;7.471340e-02
3.017018e-01;5.289435e-02;5.476435e-02;2.500198e-02;6.412648e-02;1.691424e-01;3.833380e-02;3.824741e-02;8.481535e-02;7.267817e-02;3.808761e-02;6.020638e-02
1.072887e-01;2.886599e-02;5.649615e-02;1.990048e-02;1.383310e-01;1.602615e-01;4.831737e-02;3.253863e-02;1.283278e-01;7.572304e-02;2.737497e-02;1.765743e-01
1.097149e-01;2.843183e-02;3.459240e-02;1.011648e-02;1.314187e-01;1.295539e-01;3.809460e-02;3.125736e-02;1.504409e-01;7.220026e-02;2.758189e-02;2.365968e-01
1.023335e-01;2.175353e-02;2.798253e-02;2.091699e-02;1.227723e-01;1.642565e-01;3.866047e-02;3.600699e-02;9.595516e-02;7.872785e-02;3.029078e-02;2.603435e-01
1.454760e-01;2.966317e-02;7.629053e-02;4.915399e-02;1.513818e-01;1.301398e-01;4.547443e-02;2.455457e-02;5.260701e-02;8.176426e-02;1.343850e-02;2.000560e-01
1.202752e-01;5.817774e-02;1.298794e-01;7.283742e-02;1.598148e-01;8.975031e-02;4.927496e-02;1.484317e-02;4.844471e-02;7.169908e-02;2.296310e-02;1.620401e-01
9.037215e-02;6.458542e-02;1.242898e-01;5.489284e-02;1.254131e-01;1.053161e-01;4.912328e-02;2.735631e-02;6.353047e-02;7.050895e-02;3.291235e-02;1.916992e-01
5.901504e-02;4.509209e-02;1.418170e-01;2.740122e-02;9.642627e-02;1.207280e-01;5.292824e-02;3.815122e-02;1.170443e-01;1.201882e-01;1.993933e-02;1.612691e-01
4.952221e-02;6.174399e-02;2.195392e-01;3.440922e-02;7.337907e-02;1.073194e-01;4.441325e-02;2.848785e-02;1.681513e-01;6.467866e-02;2.240134e-02;1.259545e-01
6.868321e-02;5.860702e-02;2.540462e-01;4.551399e-02;9.112091e-02;8.377379e-02;3.757441e-02;3.129772e-02;1.241802e-01;4.449983e-02;2.564731e-02;1.350555e-01
5.606660e-02;5.218617e-02;2.439249e-01;1.159771e-01;1.409473e-01;6.890537e-02;3.988404e-02;3.545838e-02;6.174887e-02;4.994792e-02;2.004072e-02;1.149128e-01
5.013661e-02;4.449821e-02;1.480839e-01;1.788205e-01;2.287642e-01;7.179650e-02;4.220139e-02;3.389730e-02;4.068501e-02;5.662734e-02;2.806451e-02;7.642448e-02
1.897464e-02;3.253769e-02;8.395218e-02;2.276803e-01;3.262680e-01;7.485792e-02;3.454556e-02;2.232647e-02;2.669007e-02;5.904916e-02;2.636268e-02;6.675535e-02
2.117161e-02;5.185936e-02;1.642869e-01;2.767802e-01;2.770158e-01;4.125132e-02;1.399667e-02;1.435389e-02;1.339228e-02;5.149422e-02;2.790064e-02;4.649715e-02
2.328231e-02;7.775635e-02;2.889792e-01;2.381100e-01;1.857864e-01;3.023057e-02;1.453577e-02;1.924489e-02;1.118311e-02;4.869319e-02;2.975844e-02;3.243981e-02
2.613442e-02;9.148481e-02;3.769539e-01;1.313774e-01;1.434007e-01;5.787842e-02;2.632267e-02;2.409172e-02;3.463662e-02;3.732216e-02;2.807924e-02;2.231791e-02
4.891650e-02;6.427119e-02;4.041479e-01;9.683868e-02;1.321781e-01;6.030785e-02;1.907068e-02;3.522486e-02;4.969765e-02;3.475072e-02;3.361466e-02;2.098124e-02
4.421590e-02;5.455837e-02;3.390519e-01;1.049125e-01;1.648598e-01;5.565592e-02;4.555106e-02;4.405265e-02;5.390419e-02;3.866518e-02;3.332295e-02;2.124959e-02
3.559532e-02;4.116512e-02;2.622828e-01;1.999051e-01;2.012442e-01;5.787573e-02;5.286555e-02;2.699042e-02;3.901957e-02;2.363002e-02;3.450355e-02;2.492268e-02
4.410751e-02;2.177885e-02;2.391859e-01;2.032143e-01;2.218484e-01;5.320262e-02;5.302465e-02;2.782870e-02;1.999403e-02;3.793054e-02;3.194511e-02;4.593938e-02
6.026097e-02;4.959365e-02;2.052713e-01;1.013202e-01;2.117679e-01;7.789105e-02;5.389319e-02;2.600659e-02;4.044217e-02;1.030635e-01;2.921269e-02;4.127672e-02
3.643404e-02;5.474142e-02;1.188520e-01;8.635052e-02;1.745377e-01;6.851211e-02;6.447105e-02;2.742642e-02;9.847701e-02;2.128247e-01;2.726790e-02;3.010509e-02
4.359673e-02;3.976356e-02;1.621722e-01;1.148911e-01;1.237705e-01;4.528423e-02;4.731318e-02;2.182105e-02;1.187616e-01;2.426952e-01;1.433193e-02;2.559877e-02
3.929649e-02;4.152520e-02;2.134662e-01;1.056235e-01;1.299821e-01;4.930998e-02;7.519814e-02;2.978588e-02;1.055535e-01;1.851794e-01;9.028368e-03;1.605130e-02
2.488908e-02;3.988286e-02;1.679505e-01;7.520996e-02;1.953087e-01;9.473134e-02;1.208600e-01;2.729850e-02;7.610270e-02;1.285242e-01;1.935779e-02;2.988438e-02
3.964968e-02;4.244695e-02;1.234900e-01;8.970433e-02;1.975865e-01;1.184185e-01;2.174839e-01;1.890844e-02;4.605501e-02;6.914562e-02;1.287318e-02;2.423790e-02
4.156851e-02;4.579018e-02;2.045416e-01;7.085498e-02;1.373478e-01;8.283675e-02;2.648966e-01;2.787293e-02;3.362483e-02;4.498623e-02;3.126281e-02;1.441677e-02
3.639903e-02;3.407465e-02;2.937397e-01;5.508168e-02;1.056228e-01;5.155544e-02;2.181627e-01;3.984521e-02;3.818000e-02;5.338015e-02;4.036575e-02;3.359290e-02
3.337553e-02;2.890010e-02;3.647877e-01;1.206611e-01;8.000639e-02;5.107401e-02;7.518621e-02;5.152394e-02;4.260930e-02;5.179715e-02;6.718860e-02;3.288993e-02
1.811866e-02;3.415037e-02;2.878850e-01;1.283746e-01;9.884707e-02;6.266879e-02;1.082799e-01;7.465353e-02;4.869111e-02;2.824015e-02;8.719990e-02;2.289099e-02
2.503779e-02;2.619621e-02;1.999106e-01;1.379182e-01;1.188455e-01;7.139231e-02;1.272085e-01;9.698284e-02;4.762114e-02;2.230829e-02;9.772350e-02;2.885514e-02
3.111120e-02;1.698767e-02;2.250788e-01;1.840482e-01;1.197870e-01;5.740972e-02;9.318820e-02;8.824968e-02;3.026072e-02;3.301642e-02;1.059706e-01;1.489169e-02
1.954444e-02;1.528570e-02;2.569920e-01;1.577469e-01;1.710389e-01;5.312655e-02;8.645833e-02;4.732649e-02;2.699989e-02;4.588146e-02;7.288371e-02;4.671570e-02
1.231615e-02;1.127813e-02;2.656996e-01;9.027661e-02;2.407189e-01;8.973725e-02;1.029814e-01;1.766553e-02;4.151573e-02;3.763898e-02;2.666614e-02;6.350561e-02
1.065671e-02;7.736614e-03;2.718416e-01;6.007414e-02;2.865085e-01;1.266775e-01;8.346643e-02;1.310980e-02;5.441872e-02;2.000358e-02;1.782491e-02;4.768152e-02
2.345736e-02;1.681228e-02;2.012553e-01;4.320204e-02;1.981120e-01;1.379848e-01;1.885056e-01;3.793929e-02;6.093069e-02;4.069804e-02;2.809417e-02;2.300840e-02
3.700854e-02;5.838791e-02;1.064753e-01;2.261125e-02;6.331731e-02;5.771364e-02;2.933100e-01;1.156999e-01;8.885405e-02;6.738041e-02;6.125074e-02;2.799094e-02
2.616989e-02;8.837179e-02;8.072297e-02;2.273503e-02;2.412423e-02;2.777421e-02;3.063124e-01;1.408345e-01;9.019120e-02;5.841333e-02;1.054764e-01;2.887404e-02
1.296493e-02;1.013246e-01;8.533946e-02;1.795088e-02;2.755831e-02;3.343365e-02;3.086897e-01;1.421745e-01;5.994961e-02;3.188872e-02;1.365363e-01;4.218925e-02
1.255837e-02;7.449858e-02;1.602047e-01;1.311474e-02;2.407588e-02;2.248257e-02;2.321108e-01;1.905499e-01;2.675031e-02;3.820881e-02;1.027065e-01;1.027389e-01
1.035722e-02;2.754739e-02;2.266091e-01;7.379923e-03;1.372089e-02;1.320308e-02;1.414534e-01;2.390137e-01;3.105671e-02;6.153447e-02;2.933946e-02;1.987848e-01
8.958960e-03;8.238604e-03;2.230104e-01;1.437747e-02;7.882301e-03;9.161219e-03;9.670978e-02;2.136674e-01;2.848098e-02;6.723971e-02;2.426534e-02;2.980079e-01
8.839350e-03;5.986789e-03;2.033814e-01;1.947543e-02;7.972109e-03;9.955050e-03;5.677538e-02;1.667313e-01;2.192226e-02;5.334522e-02;2.743515e-02;4.181805e-01
8.785350e-03;6.663465e-03;1.790354e-01;5.880874e-03;8.044287e-03;1.472397e-02;4.286688e-02;1.610622e-01;3.437263e-02;3.922840e-02;2.165175e-02;4.776847e-01
9.719083e-03;1.215740e-02;1.402023e-01;2.597442e-02;6.209253e-03;2.192986e-02;4.953154e-02;1.793061e-01;6.444360e-02;3.368615e-02;1.486376e-02;4.419765e-01
4.067862e-02;2.037284e-02;6.681410e-02;8.231876e-02;5.094202e-03;2.774481e-02;5.207029e-02;1.773220e-01;1.640481e-01;3.789789e-02;1.501682e-02;3.106216e-01
1.471457e-01;1.663131e-02;3.453350e-02;1.700906e-01;1.390575e-02;2.099053e-02;2.916649e-02;1.373208e-01;2.812976e-01;2.769040e-02;1.564998e-02;1.055772e-01
2.284151e-01;1.154273e-02;2.958198e-02;1.743865e-01;2.620366e-02;1.072411e-02;3.049908e-02;8.844472e-02;2.902494e-01;3.058878e-02;2.174335e-02;5.762058e-02
2.344344e-01;2.705488e-02;2.485442e-02;1.183396e-01;5.092404e-02;9.193816e-03;2.644893e-02;5.987918e-02;2.447542e-01;1.159995e-01;2.668513e-02;6.143191e-02
1.327399e-01;6.310443e-02;1.542182e-02;4.733435e-02;1.254630e-01;1.353143e-02;2.010737e-02;4.414817e-02;1.717450e-01;2.785271e-01;3.123457e-02;5.664281e-02
5.529730e-02;1.141306e-01;1.589162e-02;2.006780e-02;1.670154e-01;2.447459e-02;1.361217e-02;3.028988e-02;9.800556e-02;3.590998e-01;5.848542e-02;4.362981e-02
7.255791e-02;1.014353e-01;2.362112e-02;1.214010e-02;1.334333e-01;3.728926e-02;1.461859e-02;2.925195e-02;6.585701e-02;3.093599e-01;1.594301e-01;4.100545e-02
9.100381e-02;5.077283e-02;2.992701e-02;2.644157e-02;8.834957e-02;4.077206e-02;2.317523e-02;4.515092e-02;5.356494e-02;2.320730e-01;2.815878e-01;3.718120e-02
9.352731e-02;8.548910e-02;2.174592e-02;3.310629e-02;4.376650e-02;5.682787e-02;2.517712e-02;4.845165e-02;9.039085e-02;1.835014e-01;2.795552e-01;3.846070e-02
1.354026e-01;1.225899e-01;3.785067e-02;3.593382e-02;2.140467e-02;5.250831e-02;2.268692e-02;6.339759e-02;7.805757e-02;1.669797e-01;2.151091e-01;4.807910e-02
1.696927e-01;1.046223e-01;4.483221e-02;4.276760e-02;6.516844e-02;7.142440e-02;2.311684e-02;6.086522e-02;3.743617e-02;1.296293e-01;1.779354e-01;7.250943e-02
9.833337e-02;8.586521e-02;4.985883e-02;3.966591e-02;1.213747e-01;9.545682e-02;2.386958e-02;3.286793e-02;6.216327e-02;8.422132e-02;1.919721e-01;1.143510e-01
7.164383e-02;7.584392e-02;6.008764e-02;5.163062e-02;1.037863e-01;6.425875e-02;4.972909e-02;5.741017e-02;6.580283e-02;1.124010e-01;1.747737e-01;1.126322e-01
1.098298e-01;5.101389e-02;5.767320e-02;5.367574e-02;8.102418e-02;8.168915e-02;6.537233e-02;6.467066e-02;6.111737e-02;1.532114e-01;1.366753e-01;8.404692e-02
9.717300e-02;5.123075e-02;4.999911e-02;3.213824e-02;1.279840e-01;1.043081e-01;5.520131e-02;6.627201e-02;7.847095e-02;1.308241e-01;1.277529e-01;7.864559e-02
7.916549e-02;6.308213e-02;5.946201e-02;3.005443e-02;1.354148e-01;1.408890e-01;3.632207e-02;7.042337e-02;6.682890e-02;8.647915e-02;1.411409e-01;9.073773e-02
8.059533e-02;7.245586e-02;5.480172e-02;4.877041e-02;1.040183e-01;9.263233e-02;2.923914e-02;8.013653e-02;7.168015e-02;1.374934e-01;1.576369e-01;7.053987e-02
9.807564e-02;6.334271e-02;7.387999e-02;6.251219e-02;6.160853e-02;7.844905e-02;4.329635e-02;9.325651e-02;6.052276e-02;1.404797e-01;1.436302e-01;8.094632e-02
7.375176e-02;6.172572e-02;8.345472e-02;5.063610e-02;1.150486e-01;7.218759e-02;5.376582e-02;8.146317e-02;7.277949e-02;1.031468e-01;1.041068e-01;1.279334e-01
5.175741e-02;7.970203e-02;8.408096e-02;4.937597e-02;1.239711e-01;5.013003e-02;4.788040e-02;5.934153e-02;5.471013e-02;1.466123e-01;1.309682e-01;1.214698e-01
7.479309e-02;4.131413e-02;7.069620e-02;3.003576e-02;1.693048e-01;5.839763e-02;4.384925e-02;3.971728e-02;7.913101e-02;1.272280e-01;1.651975e-01;1.003353e-01
1.245058e-01;2.989615e-02;7.245529e-02;2.792897e-02;1.914473e-01;7.076235e-02;5.331115e-02;4.910981e-02;7.847540e-02;7.984533e-02;1.433884e-01;7.887410e-02
1.199654e-01;4.003086e-02;6.825953e-02;3.161753e-02;1.408887e-01;4.900243e-02;5.624300e-02;6.774779e-02;3.449744e-02;1.271704e-01;1.957723e-01;6.880463e-02
1.022277e-01;5.569182e-02;4.302965e-02;2.697155e-02;1.206660e-01;2.860540e-02;5.229554e-02;1.067129e-01;6.583442e-02;1.388320e-01;1.878530e-01;7.127999e-02
1.257903e-01;6.977104e-02;3.745875e-02;2.787601e-02;1.647344e-01;4.413174e-02;6.468375e-02;1.257099e-01;7.962681e-02;1.081776e-01;1.084300e-01;4.360986e-02
1.094584e-01;5.853908e-02;3.865012e-02;3.408812e-02;1.365640e-01;5.137076e-02;6.083846e-02;1.295606e-01;9.888384e-02;1.222068e-01;9.130289e-02;6.853697e-02
8.019494e-02;2.471014e-02;5.485757e-02;3.595939e-02;1.098735e-01;7.110076e-02;8.486930e-02;1.183772e-01;7.563603e-02;1.162700e-01;1.229195e-01;1.052317e-01
1.885436e-01;1.027050e-01;7.215766e-02;4.672045e-02;5.255247e-02;4.826359e-02;1.047152e-01;6.276611e-02;4.616675e-02;7.609072e-02;1.130737e-01;8.624479e-02
3.355039e-01;1.370890e-01;6.837719e-02;2.466224e-02;1.916612e-02;1.633640e-02;4.817606e-02;3.352360e-02;1.892096e-02;5.172291e-02;7.614169e-02;1.703799e-01
3.344659e-01;1.251146e-01;8.287930e-02;1.752694e-02;1.098021e-02;6.526483e-03;5.182752e-02;2.602938e-02;1.386116e-02;3.113214e-02;6.617295e-02;2.334834e-01
2.154988e-01;6.823348e-02;6.496985e-02;1.306587e-02;8.341784e-03;8.862807e-03;6.159462e-02;2.119154e-02;1.558980e-02;3.510550e-02;1.658841e-01;3.216618e-01
6.459668e-02;2.056121e-02;4.028734e-02;7.991733e-03;4.394334e-03;1.774344e-02;4.849504e-02;1.529579e-02;1.665439e-02;3.431717e-02;4.230389e-01;3.066240e-01
2.975499e-02;1.673398e-02;2.457290e-02;4.149258e-03;2.978535e-03;1.760702e-02;1.787406e-02;1.392496e-02;1.920656e-02;1.040731e-01;5.572050e-01;1.919197e-01
2.587662e-02;2.914957e-02;1.179941e-02;3.602837e-03;8.134848e-03;1.950080e-02;1.152688e-02;1.699295e-02;8.253355e-03;2.344658e-01;5.152919e-01;1.154051e-01
1.797734e-02;3.757029e-02;9.870224e-03;6.447021e-03;2.593779e-02;3.024348e-02;1.514382e-02;2.521128e-02;1.021183e-02;3.956419e-01;3.310400e-01;9.470506e-02
1.578682e-02;4.459946e-02;1.222383e-02;4.282339e-03;3.851997e-02;3.001623e-02;1.259451e-02;3.094236e-02;2.058350e-02;5.097767e-01;1.989710e-01;8.170329e-02
1.030649e-02;6.665886e-02;1.698288e-02;6.678648e-03;4.296201e-02;2.174377e-02;1.249466e-02;3.779912e-02;1.568188e-02;5.461857e-01;1.569858e-01;6.552022e-02
9.268233e-03;7.727488e-02;2.063921e-02;8.066086e-03;4.566234e-02;4.389260e-02;9.987907e-03;4.068031e-02;1.951700e-02;5.234454e-01;1.799647e-01;2.160129e-02
1.798095e-02;6.149868e-02;2.355646e-02;1.192814e-02;3.542508e-02;6.187705e-02;1.189155e-02;3.323073e-02;6.600524e-03;3.999850e-01;3.074077e-01;2.861817e-02
1.649679e-02;3.412324e-02;2.020860e-02;1.559081e-02;2.967356e-02;5.726019e-02;1.517708e-02;2.201626e-02;2.104755e-02;3.066366e-01;4.146469e-01;4.712245e-02
1.336539e-02;1.825119e-02;1.509293e-02;1.153601e-02;4.095979e-02;6.325032e-02;1.077965e-02;1.523531e-02;3.178538e-02;3.265577e-01;4.048471e-01;4.833920e-02
1.273844e-02;1.278583e-02;1.453578e-02;1.212652e-02;4.426080e-02;9.220265e-02;1.158244e-02;1.652828e-02;3.567134e-02;2.883254e-01;4.178551e-01;4.138744e-02
2.360069e-02;3.192559e-02;1.181611e-02;2.057491e-02;3.988270e-02;1.027769e-01;1.325605e-02;2.028365e-02;5.071028e-02;2.569171e-01;3.716789e-01;5.657722e-02
4.377613e-02;3.225940e-02;1.563289e-02;2.394092e-02;7.799320e-02;1.218028e-01;2.200189e-02;2.017955e-02;2.224614e-02;2.042509e-01;3.472720e-01;6.864422e-02
3.280148e-02;3.022767e-02;2.571652e-02;1.559939e-02;1.157129e-01;1.019639e-01;2.094874e-02;2.166713e-02;4.151525e-02;2.190372e-01;3.081264e-01;6.668346e-02
4.526389e-02;5.517933e-02;4.140691e-02;1.437384e-02;1.112631e-01;6.994513e-02;1.991232e-02;3.358043e-02;2.720269e-02;2.731396e-01;2.482082e-01;6.052450e-02
4.214411e-02;4.966594e-02;5.390157e-02;2.017010e-02;4.192127e-02;4.885700e-02;4.465329e-02;4.453174e-02;3.969500e-02;2.347666e-01;2.956363e-01;8.405709e-02
3.440465e-02;3.743792e-02;5.225891e-02;1.104054e-02;2.957928e-02;4.130071e-02;4.085161e-02;3.275000e-02;3.500410e-02;2.119961e-01;3.588518e-01;1.145244e-01
3.006379e-02;4.733816e-02;3.965061e-02;1.592092e-02;4.849367e-02;5.136660e-02;3.393777e-02;1.749866e-02;3.025690e-02;2.123400e-01;3.667923e-01;1.063405e-01
2.958203e-02;4.248429e-02;3.600366e-02;2.698913e-02;9.289382e-02;5.199201e-02;3.335303e-02;2.038707e-02;5.011466e-02;2.352153e-01;2.932488e-01;8.773617e-02
3.569289e-02;5.282515e-02;2.877796e-02;1.522762e-02;1.040087e-01;1.083335e-01;3.231535e-02;2.389443e-02;4.368804e-02;3.465089e-01;1.653046e-01;4.342282e-02
3.504497e-02;6.571719e-02;1.728020e-02;1.756711e-02;6.042704e-02;8.999774e-02;2.851298e-02;1.404163e-02;2.897832e-02;3.209248e-01;2.730651e-01;4.844290e-02
4.431287e-02;5.149953e-02;1.544163e-02;1.337546e-02;4.991613e-02;6.706458e-02;2.592730e-02;1.975681e-02;4.156905e-02;3.242071e-01;2.829630e-01;6.396651e-02
4.769586e-02;3.913882e-02;2.581314e-02;1.615693e-02;5.583970e-02;6.289273e-02;3.898310e-02;3.866182e-02;4.505615e-02;2.975347e-01;2.514727e-01;8.075435e-02
5.872262e-02;5.830484e-02;3.525949e-02;2.774825e-02;6.310147e-02;8.688644e-02;4.444093e-02;4.489887e-02;6.576464e-02;2.257764e-01;2.125497e-01;7.654633e-02
3.648259e-02;4.329449e-02;3.853248e-02;2.833141e-02;3.389999e-02;1.026816e-01;3.357580e-02;3.716700e-02;5.449236e-02;2.256686e-01;3.003596e-01;6.551411e-02
2.173240e-02;4.275998e-02;5.678439e-02;2.699302e-02;3.380816e-02;1.039715e-01;3.750383e-02;4.324165e-02;3.849643e-02;2.453852e-01;2.683747e-01;8.094886e-02
5.820963e-02;6.877904e-02;7.665232e-02;4.084486e-02;7.151363e-02;5.967474e-02;8.082516e-02;6.825377e-02;6.297007e-02;1.793019e-01;1.333238e-01;9.965112e-02
5.489159e-02;6.476739e-02;7.642557e-02;4.528245e-02;8.626269e-02;4.950076e-02;8.445735e-02;7.353380e-02;9.258975e-02;1.181677e-01;1.604512e-01;9.366971e-02
5.147615e-02;6.181945e-02;6.385051e-02;4.649795e-02;1.086607e-01;7.285891e-02;9.712984e-02;5.653773e-02;9.292087e-02;1.199903e-01;1.374490e-01;9.080868e-02
6.071960e-02;5.689197e-02;7.459200e-02;4.895669e-02;8.957268e-02;7.657225e-02;1.506060e-01;4.069936e-02;1.170324e-01;9.705931e-02;1.109296e-01;7.636821e-02
5.355457e-02;3.571097e-02;1.043240e-01;5.333894e-02;5.533196e-02;8.536527e-02;1.478776e-01;7.781142e-02;1.186336e-01;1.090083e-01;9.352085e-02;6.552253e-02
6.212912e-02;7.362926e-02;1.360531e-01;3.661935e-02;5.140644e-02;7.654766e-02;1.130807e-01;8.422791e-02;1.030095e-01;1.073741e-01;7.766970e-02;7.825306e-02
7.436520e-02;1.016030e-01;1.015990e-01;4.191836e-02;6.478819e-02;4.500089e-02;1.282055e-01;5.152099e-02;1.490802e-01;7.497709e-02;9.416217e-02;7.277939e-02
6.776915e-02;5.738632e-02;1.085482e-01;5.153628e-02;8.523311e-02;5.818459e-02;1.258188e-01;4.897019e-02;1.599215e-01;7.572255e-02;6.503431e-02;9.587505e-02
6.200352e-02;3.179517e-02;1.628567e-01;4.605440e-02;8.493287e-02;8.076494e-02;6.968655e-02;5.978113e-02;1.341374e-01;7.651873e-02;7.386406e-02;1.176046e-01
6.050205e-02;3.030550e-02;1.467953e-01;3.302959e-02;5.761158e-02;8.217916e-02;1.199872e-01;7.362516e-02;5.606719e-02;9.282733e-02;1.005845e-01;1.464854e-01
6.906898e-02;5.132834e-02;9.622982e-02;6.228242e-02;6.410843e-02;7.408471e-02;1.688852e-01;1.150586e-01;1.410056e-01;7.861554e-02;3.472875e-02;4.460351e-02
4.915167e-02;4.176680e-02;8.947001e-02;5.300489e-02;4.844727e-02;5.686884e-02;1.646061e-01;1.232392e-01;8.517186e-02;1.129795e-01;1.280509e-01;4.724295e-02
3.365935e-02;2.953266e-02;5.887108e-02;3.096882e-02;3.880315e-02;4.264921e-02;1.200441e-01;1.097929e-01;9.986240e-02;1.901167e-01;1.925021e-01;5.319741e-02
1.373580e-02;1.878295e-02;3.240308e-02;8.836034e-03;9.074923e-02;3.309285e-02;5.497943e-02;6.890054e-02;1.083742e-01;3.117247e-01;2.058251e-01;5.259601e-02
1.200681e-02;1.827524e-02;1.976233e-02;3.632665e-02;1.797385e-01;2.034860e-02;2.001236e-02;3.291127e-02;1.210734e-01;3.732115e-01;1.248615e-01;4.147192e-02
1.509179e-02;1.599204e-02;5.311182e-02;1.731819e-01;1.693006e-01;2.513620e-02;3.618774e-02;1.109963e-02;1.959410e-01;2.149268e-01;6.424060e-02;2.578984e-02
1.333552e-02;1.995525e-02;1.553175e-01;3.040243e-01;4.304217e-02;2.393891e-02;2.586347e-02;4.107156e-02;1.760652e-01;1.179558e-01;3.658730e-02;4.284310e-02
1.239522e-02;2.232020e-02;3.130016e-01;2.500165e-01;4.689723e-02;1.106703e-02;2.605389e-02;7.604773e-02;9.142254e-02;7.129161e-02;2.229238e-02;5.719412e-02
1.154233e-02;3.490870e-02;3.444913e-01;1.242427e-01;5.368131e-02;1.188821e-02;5.362554e-02;9.492885e-02;8.313804e-02;9.932587e-02;4.429637e-02;4.393078e-02
1.060699e-02;8.173592e-02;2.694240e-01;7.011721e-02;3.384306e-02;2.199827e-02;1.002734e-01;1.091113e-01;1.063858e-01;1.257914e-01;3.982826e-02;3.088440e-02
8.515047e-03;8.640934e-02;1.540635e-01;4.639245e-02;2.038687e-02;2.178387e-02;1.020896e-01;1.843386e-01;1.216975e-01;1.638361e-01;6.259292e-02;2.789421e-02
1.503323e-02;3.108307e-02;2.948253e-01;4.622125e-02;1.821841e-02;1.513166e-02;7.795390e-02;1.850838e-01;5.853274e-02;1.478783e-01;7.346572e-02;3.657252e-02
1.260306e-02;1.713148e-02;3.189157e-01;8.528024e-02;1.819235e-02;1.115741e-02;6.996736e-02;1.577803e-01;5.390223e-02;1.103796e-01;4.511863e-02;9.957161e-02
3.439162e-02;3.270062e-02;2.384672e-01;1.840954e-01;1.684569e-02;8.521687e-03;5.769922e-02;9.652582e-02;1.085105e-01;8.358560e-02;2.019196e-02;1.184647e-01
7.338201e-02;2.173626e-02;6.173497e-02;3.165293e-01;6.223299e-02;1.308519e-02;3.332009e-02;7.564915e-02;1.880494e-01;5.398432e-02;2.521679e-02;7.507952e-02
5.561534e-02;3.076807e-02;2.908720e-02;2.531104e-01;1.984272e-01;1.195467e-02;1.776817e-02;5.497608e-02;1.712043e-01;9.846186e-02;3.709104e-02;4.153570e-02
2.892355e-02;4.206510e-02;1.766258e-02;6.970109e-02;3.654329e-01;2.183969e-02;2.021388e-02;4.412652e-02;1.299409e-01;1.617108e-01;7.001772e-02;2.836524e-02
3.186971e-02;3.959941e-02;1.860430e-02;6.672072e-02;3.135650e-01;4.734064e-02;1.877663e-02;4.826517e-02;7.222464e-02;1.258577e-01;1.717876e-01;4.538846e-02
6.917101e-02;5.502566e-02;4.914251e-02;4.066395e-02;1.518395e-01;5.529969e-02;1.827879e-02;4.310199e-02;5.418554e-02;9.865636e-02;2.855318e-01;7.910321e-02
1.111259e-01;8.464017e-02;9.425844e-02;1.680466e-02;1.516631e-01;3.808147e-02;2.785028e-02;3.924474e-02;5.495879e-02;6.085091e-02;2.301984e-01;9.032320e-02
1.034632e-01;1.013001e-01;1.401264e-01;3.576089e-02;1.816759e-01;2.576751e-02;3.983193e-02;4.612198e-02;4.630454e-02;9.462863e-02;1.240125e-01;6.100653e-02
4.925584e-02;6.025969e-02;1.358484e-01;4.683420e-02;1.471525e-01;7.214012e-02;3.496138e-02;6.891143e-02;6.140238e-02;1.438515e-01;1.196108e-01;5.977181e-02
3.447447e-02;3.160675e-02;6.975660e-02;4.985151e-02;1.261191e-01;5.294868e-02;3.090364e-02;8.968817e-02;5.656252e-02;1.934733e-01;1.950402e-01;6.957507e-02
3.689216e-02;5.029589e-02;6.836959e-02;4.883148e-02;1.384414e-01;6.830553e-02;2.812154e-02;7.223061e-02;4.961678e-02;1.646280e-01;2.051824e-01;6.908461e-02
4.443292e-02;5.180428e-02;1.081814e-01;4.659937e-02;1.335500e-01;9.254843e-02;3.312822e-02;5.262372e-02;6.242512e-02;1.384069e-01;1.717081e-01;6.459158e-02
5.179787e-02;6.940949e-02;1.289308e-01;4.788845e-02;2.261068e-01;8.388616e-02;5.349357e-02;8.302339e-02;3.843671e-02;9.459632e-02;6.857443e-02;5.385603e-02
3.394764e-02;8.125040e-02;9.007663e-02;4.766801e-02;2.428050e-01;3.294485e-02;6.828140e-02;7.708501e-02;5.151261e-02;6.101401e-02;1.531602e-01;6.025429e-02
1.166576e-01;8.398604e-02;1.037960e-01;3.804542e-02;1.525573e-01;2.768197e-02;6.962723e-02;4.678283e-02;4.674018e-02;4.419484e-02;1.557062e-01;1.142243e-01
1.436257e-01;6.972501e-02;8.759299e-02;2.762127e-02;4.347630e-02;2.646316e-02;5.385456e-02;4.045624e-02;7.946585e-02;1.015142e-01;1.700969e-01;1.561078e-01
9.618993e-02;4.081414e-02;3.504065e-02;1.853066e-02;9.598775e-03;1.690084e-02;2.646455e-02;4.679067e-02;2.003542e-01;2.096107e-01;1.994259e-01;1.002790e-01
7.379146e-02;2.212323e-02;1.430579e-02;2.410600e-02;7.835123e-03;8.797621e-03;1.815431e-02;8.890405e-02;3.780665e-01;2.035962e-01;1.250223e-01;3.529743e-02
5.899456e-02;1.201055e-02;2.087196e-02;2.569755e-02;1.183510e-02;8.637578e-03;3.216507e-02;2.054801e-01;4.261757e-01;1.013063e-01;5.315602e-02;4.366957e-02
3.332796e-02;8.926161e-03;4.729943e-02;1.933021e-02;1.403827e-02;1.369579e-02;1.036333e-01;4.245440e-01;1.787293e-01;4.149277e-02;2.458419e-02;9.039853e-02
4.091342e-02;1.800099e-02;4.015996e-02;1.247338e-02;9.172642e-03;1.543398e-02;1.417052e-01;3.892860e-01;1.876643e-01;4.358645e-02;1.918845e-02;8.241519e-02
5.138236e-02;2.599929e-02;3.036551e-02;1.014334e-02;1.341995e-02;1.950763e-02;1.391545e-01;2.639200e-01;2.581610e-01;9.485301e-02;2.624344e-02;6.684990e-02
1.107532e-01;3.872647e-02;3.958289e-02;2.347052e-02;2.901482e-02;3.306552e-02;2.184643e-01;8.828603e-02;1.392222e-01;1.540598e-01;4.940632e-02;7.594788e-02
1.089039e-01;1.512686e-02;4.794989e-02;1.939108e-02;3.173243e-02;2.776969e-02;1.589490e-01;1.868915e-01;2.559669e-01;8.010768e-02;3.386877e-02;3.334230e-02
8.738892e-02;1.421636e-02;5.161446e-02;1.537145e-02;3.003796e-02;2.230944e-02;9.705734e-02;2.049255e-01;3.431403e-01;5.874908e-02;3.295033e-02;4.223884e-02
3.816481e-02;2.250667e-02;4.711878e-02;2.615254e-02;3.243014e-02;2.199850e-02;1.022537e-01;2.314290e-01;3.367552e-01;4.354296e-02;4.223205e-02;5.541558e-02
3.057157e-02;2.346870e-02;4.415146e-02;3.409733e-02;4.196817e-02;3.104943e-02;1.491714e-01;2.442023e-01;2.459670e-01;4.581163e-02;3.940140e-02;7.013965e-02
3.203669e-02;1.504486e-02;3.805767e-02;2.327546e-02;3.034068e-02;3.410767e-02;8.066185e-02;2.826890e-01;3.264108e-01;7.496405e-02;2.303246e-02;3.937888e-02
3.461924e-02;1.395220e-02;3.845460e-02;2.235387e-02;2.601541e-02;2.548136e-02;4.941386e-02;3.687598e-01;3.011890e-01;6.385679e-02;2.932868e-02;2.657513e-02
3.655126e-02;1.275823e-02;3.535123e-02;1.546415e-02;2.432689e-02;1.493648e-02;1.140209e-01;4.967046e-01;1.620332e-01;4.230272e-02;2.488068e-02;2.066955e-02
2.124221e-02;1.583345e-02;2.420767e-02;1.457237e-02;2.220309e-02;2.611512e-02;2.086700e-01;3.451724e-01;2.098054e-01;7.171296e-02;2.908198e-02;1.138330e-02
2.103408e-02;2.477212e-02;2.931895e-02;2.169512e-02;4.078071e-02;3.913700e-02;3.731163e-01;2.045126e-01;1.093835e-01;7.793314e-02;3.346604e-02;2.485041e-02
1.916050e-02;2.456204e-02;3.107359e-02;1.726019e-02;5.689475e-02;7.012661e-02;5.193570e-01;1.109946e-01;5.637295e-02;5.066020e-02;1.416359e-02;2.937396e-02
2.655618e-02;2.354361e-02;5.600097e-02;1.898519e-02;7.216273e-02;8.651583e-02;4.984361e-01;7.841677e-02;5.503936e-02;3.998261e-02;1.838220e-02;2.597843e-02
3.107765e-02;2.663121e-02;1.045773e-01;2.865031e-02;7.071587e-02;7.385926e-02;3.454222e-01;1.391868e-01;7.385270e-02;5.715437e-02;2.566253e-02;2.320986e-02
2.877049e-02;3.340684e-02;1.171248e-01;2.999312e-02;5.278054e-02;5.250107e-02;2.236807e-01;2.183080e-01;1.331194e-01;6.911325e-02;2.398527e-02;1.721659e-02
2.386744e-02;3.585030e-02;1.119637e-01;3.013111e-02;3.501974e-02;5.437934e-02;3.511063e-01;2.362735e-01;4.889722e-02;4.814645e-02;1.563106e-02;8.733973e-03
3.342043e-02;2.867422e-02;1.218579e-01;2.775684e-02;6.491707e-02;6.518557e-02;3.332968e-01;1.589146e-01;9.645177e-02;4.893847e-02;1.336281e-02;7.223543e-03
3.718187e-02;3.239063e-02;1.247134e-01;2.781648e-02;9.322356e-02;7.121591e-02;3.112741e-01;1.211230e-01;7.491484e-02;7.387797e-02;2.009684e-02;1.217134e-02
3.463349e-02;3.448050e-02;1.195123e-01;2.625930e-02;6.786103e-02;6.127033e-02;2.499863e-01;1.124352e-01;1.186441e-01;1.181771e-01;2.769649e-02;2.904387e-02
3.318841e-02;3.196497e-02;1.073985e-01;2.538764e-02;5.898503e-02;6.922018e-02;2.598115e-01;8.818771e-02;1.129866e-01;1.405175e-01;3.220572e-02;4.014625e-02
3.271805e-02;4.910577e-02;1.021177e-01;4.789908e-02;7.807127e-02;6.174682e-02;2.878588e-01;1.091800e-01;7.486023e-02;1.084350e-01;2.783391e-02;2.017330e-02
5.134254e-02;1.056029e-01;1.062017e-01;7.129762e-02;1.215407e-01;4.041279e-02;1.369350e-01;9.286257e-02;1.440674e-01;7.405828e-02;3.870647e-02;1.697192e-02
5.184260e-02;9.965585e-02;1.267047e-01;6.757194e-02;1.274163e-01;5.769176e-02;1.034514e-01;5.701477e-02;1.354168e-01;8.385988e-02;4.673288e-02;4.264122e-02
3.130199e-02;6.010134e-02;1.042511e-01;3.852535e-02;9.479015e-02;8.348215e-02;2.196227e-01;9.368552e-02;1.028832e-01;7.829105e-02;4.645477e-02;4.661068e-02
2.678826e-02;5.742152e-02;4.923882e-02;1.099405e-02;5.429541e-02;7.047386e-02;3.903956e-01;1.656348e-01;8.963563e-02;4.901080e-02;1.580037e-02;2.031079e-02
3.955784e-02;7.261746e-02;2.717114e-02;1.334108e-02;3.379721e-02;4.229129e-02;4.134485e-01;2.048778e-01;8.678594e-02;3.666220e-02;1.938758e-02;1.006197e-02
8.617086e-02;6.175332e-02;2.852703e-02;2.181741e-02;4.741571e-02;8.128475e-02;3.265533e-01;1.769646e-01;6.432859e-02;4.510463e-02;1.917219e-02;4.090762e-02
1.101271e-01;3.469918e-02;5.412885e-02;5.156932e-02;9.380046e-02;8.574598e-02;1.486352e-01;1.008325e-01;7.630002e-02;4.391688e-02;5.942610e-02;1.408184e-01
5.044082e-02;3.933049e-02;7.459024e-02;1.196671e-01;9.413346e-02;4.898870e-02;3.544692e-02;5.354404e-02;7.827611e-02;4.673539e-02;1.899982e-01;1.688486e-01
4.424808e-02;4.634639e-02;1.181788e-01;1.435801e-01;4.996418e-02;3.190098e-02;6.294354e-02;4.643467e-02;4.763792e-02;9.863144e-02;2.441344e-01;6.599944e-02
5.325604e-02;3.136518e-02;2.340682e-01;9.102509e-02;3.247063e-02;2.393463e-02;7.923973e-02;2.707826e-02;4.046357e-02;1.920435e-01;1.524413e-01;4.261384e-02
3.602945e-02;2.971795e-02;3.349656e-01;2.612876e-02;4.650907e-02;2.362951e-02;7.106976e-02;1.920709e-02;4.381315e-02;2.502305e-01;7.339702e-02;4.530213e-02
3.119493e-02;4.366466e-02;3.620266e-01;1.435499e-02;6.284538e-02;2.773174e-02;4.931858e-02;1.280098e-02;5.008956e-02;2.507683e-01;5.893183e-02;3.627245e-02
4.144653e-02;5.354085e-02;3.533773e-01;2.247671e-02;4.763106e-02;2.497626e-02;3.518470e-02;1.872743e-02;6.349002e-02;2.665412e-01;4.751969e-02;2.508830e-02
5.078179e-02;1.061972e-01;2.682568e-01;3.001730e-02;2.576308e-02;1.784592e-02;2.323456e-02;3.354372e-02;1.758493e-01;1.965952e-01;3.483928e-02;3.707573e-02
4.470892e-02;1.277124e-01;1.693260e-01;3.306655e-02;1.713404e-02;1.527394e-02;4.683544e-02;8.581191e-02;3.010991e-01;7.187375e-02;3.664073e-02;5.051714e-02
5.332042e-02;9.803362e-02;1.398097e-01;3.134414e-02;1.116120e-02;1.928127e-02;7.640908e-02;1.437729e-01;2.722797e-01;7.724544e-02;3.540082e-02;4.194173e-02
5.262072e-02;7.473387e-02;1.803877e-01;5.040308e-02;1.765934e-02;2.120425e-02;8.160913e-02;1.599953e-01;2.172280e-01;9.534995e-02;1.779120e-02;3.101753e-02
3.934360e-02;6.042498e-02;2.711013e-01;8.319405e-02;3.248860e-02;2.142674e-02;5.687980e-02;1.075225e-01;2.139042e-01;6.511715e-02;1.771679e-02;3.088036e-02
4.102817e-02;7.813302e-02;3.559640e-01;8.440097e-02;3.633626e-02;2.765474e-02;4.529740e-02;6.439862e-02;1.929787e-01;3.693245e-02;1.348691e-02;2.338870e-02
7.980171e-02;1.060032e-01;4.009478e-01;6.769585e-02;2.779152e-02;2.622938e-02;4.809493e-02;3.829743e-02;1.090639e-01;6.191906e-02;1.554671e-02;1.860844e-02
9.024981e-02;1.069233e-01;3.716424e-01;5.777238e-02;2.384593e-02;3.943337e-02;8.294649e-02;1.493256e-02;8.197080e-02;6.669641e-02;3.105691e-02;3.252975e-02
7.655210e-02;6.730378e-02;3.485329e-01;4.287885e-02;2.979802e-02;4.218796e-02;6.908169e-02;1.894485e-02;1.399415e-01;9.472032e-02;3.258363e-02;3.747438e-02
6.195059e-02;3.937208e-02;3.924038e-01;6.556617e-02;4.146511e-02;3.014095e-02;5.877084e-02;3.459443e-02;1.368973e-01;9.486315e-02;1.019688e-02;3.377863e-02
3.600814e-02;4.988721e-02;3.575435e-01;1.206996e-01;7.415784e-02;2.914905e-02;5.474617e-02;5.324621e-02;5.895744e-02;1.104992e-01;1.590036e-02;3.920521e-02
2.239286e-02;4.172067e-02;2.063920e-01;1.478425e-01;1.117914e-01;3.039291e-02;4.532468e-02;8.705275e-02;1.528365e-01;9.951859e-02;1.407570e-02;4.065936e-02
2.483480e-02;4.773695e-02;2.175424e-01;1.351108e-01;1.617445e-01;4.865040e-02;6.273321e-02;8.247020e-02;1.069697e-01;5.632007e-02;1.398757e-02;4.189941e-02
1.522188e-02;4.226038e-02;2.388385e-01;9.362811e-02;2.328005e-01;7.331413e-02;9.521989e-02;4.856392e-02;4.862108e-02;4.398553e-02;2.499891e-02;4.254712e-02
1.012264e-02;3.267075e-02;1.977762e-01;6.197309e-02;2.779973e-01;1.165984e-01;1.242430e-01;3.747728e-02;3.104944e-02;2.979848e-02;2.672197e-02;5.357143e-02
1.893259e-02;2.815722e-02;1.473085e-01;3.845254e-02;2.742994e-01;1.897664e-01;1.872776e-01;2.503355e-02;2.566024e-02;1.609516e-02;1.058168e-02;3.843509e-02
2.908301e-02;1.914579e-02;1.031525e-01;4.236917e-02;1.459763e-01;2.261351e-01;3.112518e-01;2.602527e-02;3.081595e-02;2.792050e-02;1.922519e-02;1.889947e-02
3.588886e-02;9.579207e-03;7.184830e-02;4.968796e-02;5.190128e-02;2.464567e-01;4.184270e-01;2.885098e-02;2.817230e-02;3.026933e-02;1.825005e-02;1.066806e-02
3.321394e-02;9.686496e-03;4.409218e-02;4.387118e-02;5.367672e-02;2.663154e-01;4.714416e-01;2.058695e-02;1.353124e-02;2.256453e-02;1.361077e-02;7.408951e-03
2.318324e-02;2.001028e-02;2.276205e-02;4.225756e-02;4.169316e-02;2.237085e-01;5.607491e-01;2.563659e-02;1.083104e-02;2.021201e-02;5.476461e-03;3.480014e-03
1.111548e-02;3.125622e-02;1.293859e-02;2.106732e-02;2.827453e-02;1.313772e-01;6.811619e-01;3.979462e-02;1.741468e-02;1.021681e-02;1.261376e-02;2.768831e-03
5.679934e-03;3.480196e-02;6.544847e-03;6.556910e-03;4.054561e-02;6.150392e-02;7.176141e-01;7.571273e-02;2.320818e-02;5.404842e-03;1.885757e-02;3.569438e-03
3.344686e-03;2.912011e-02;4.633651e-03;4.911451e-03;5.784060e-02;3.320563e-02;6.679257e-01;1.445023e-01;2.440090e-02;6.601353e-03;2.123211e-02;2.281541e-03
3.516187e-03;1.935351e-02;7.042181e-03;4.500399e-03;6.641478e-02;1.167612e-02;6.313878e-01;2.071743e-01;1.755815e-02;6.877840e-03;2.142933e-02;3.069465e-03
4.022052e-03;1.163938e-02;5.841525e-03;3.722021e-03;5.399763e-02;2.617551e-02;5.893164e-01;2.660127e-01;1.396994e-02;4.180001e-03;1.708424e-02;4.038671e-03
2.986263e-03;8.603914e-03;6.010626e-03;3.010201e-03;4.033030e-02;1.719519e-02;5.431771e-01;3.469999e-01;9.699878e-03;5.651778e-03;1.251112e-02;3.823715e-03
2.573865e-03;1.034039e-02;1.139839e-02;3.030817e-03;2.622076e-02;8.633509e-03;4.849719e-01;4.208941e-01;1.226547e-02;4.929974e-03;1.157457e-02;3.166263e-03
2.026446e-03;9.134963e-03;1.191932e-02;3.241659e-03;1.937905e-02;1.120512e-02;4.499452e-01;4.642318e-01;1.481027e-02;4.122776e-03;6.770686e-03;3.212686e-03
3.219112e-03;4.366163e-03;9.707614e-03;3.107194e-03;1.884574e-02;5.474382e-03;4.239597e-01;5.066971e-01;1.111521e-02;3.937277e-03;5.802352e-03;3.768138e-03
3.623921e-03;2.081428e-03;1.074262e-02;3.714619e-03;1.461498e-02;9.030941e-03;4.090373e-01;5.189760e-01;1.597037e-02;4.229366e-03;4.511626e-03;3.466748e-03
2.878055e-03;4.001550e-03;1.275516e-02;3.915962e-03;1.352510e-02;6.838640e-03;4.151901e-01;5.120834e-01;1.716297e-02;4.239308e-03;3.890560e-03;3.519194e-03
1.638362e-03;5.038546e-03;1.189942e-02;2.690159e-03;1.478338e-02;9.464851e-03;4.260710e-01;4.974796e-01;1.369498e-02;8.376746e-03;5.807444e-03;3.055531e-03
2.978358e-03;3.270510e-03;1.256276e-02;2.163928e-03;1.077681e-02;8.305354e-03;4.171764e-01;4.988446e-01;2.398720e-02;1.238727e-02;4.994255e-03;2.552577e-03
3.655748e-03;2.882205e-03;1.237371e-02;2.940299e-03;1.375180e-02;8.344559e-03;3.967976e-01;5.241280e-01;1.381874e-02;1.253570e-02;5.626463e-03;3.145250e-03
3.982812e-03;4.736654e-03;1.044863e-02;2.520910e-03;1.356399e-02;6.207792e-03;3.749296e-01;5.462067e-01;1.736586e-02;1.475469e-02;2.807937e-03;2.474483e-03
2.298451e-03;6.728628e-03;1.287114e-02;3.758606e-03;1.346420e-02;1.270970e-02;3.435329e-01;5.735073e-01;8.569868e-03;1.190875e-02;4.819206e-03;5.831287e-03
4.457758e-03;5.888709e-03;2.220466e-02;5.039217e-03;1.020084e-02;1.091119e-02;2.716497e-01;6.259094e-01;1.667042e-02;1.577920e-02;3.758237e-03;7.530766e-03
3.245755e-03;4.478061e-03;2.516971e-02;5.329818e-03;7.281379e-03;1.073798e-02;2.049529e-01;6.720394e-01;2.545932e-02;3.065788e-02;3.514241e-03;7.133614e-03
6.301438e-03;6.962877e-03;3.758356e-02;3.949786e-03;1.403013e-02;9.014377e-03;1.790234e-01;6.714835e-01;1.524271e-02;3.989616e-02;5.721644e-03;1.079040e-02
4.142121e-03;6.507391e-03;5.518056e-02;3.967253e-03;1.401102e-02;6.095328e-03;1.804932e-01;6.498668e-01;2.567309e-02;4.307878e-02;3.306630e-03;7.677902e-03
2.839811e-03;4.826927e-03;6.680907e-02;4.772053e-03;6.610464e-03;6.609957e-03;2.416453e-01;6.009811e-01;2.171902e-02;3.311709e-02;3.499527e-03;6.569727e-03
3.821965e-03;8.696146e-03;4.879892e-02;5.084113e-03;4.110056e-03;1.028574e-02;3.369235e-01;5.338262e-01;1.614298e-02;1.847545e-02;3.172004e-03;1.066287e-02
7.951416e-03;1.422981e-02;3.941991e-02;8.788301e-03;6.990667e-03;2.734748e-02;3.776627e-01;4.330223e-01;3.284491e-02;2.152025e-02;8.854341e-03;2.136795e-02
1.204680e-02;1.697814e-02;4.365835e-02;1.230038e-02;1.561795e-02;2.538972e-02;3.738662e-01;3.778234e-01;5.460745e-02;2.785992e-02;9.816642e-03;3.003511e-02
2.094456e-02;1.776245e-02;7.150665e-02;1.477805e-02;3.294519e-02;3.466921e-02;3.958125e-01;2.805361e-01;5.905120e-02;2.618505e-02;1.055490e-02;3.525413e-02
3.625521e-02;1.839573e-02;9.509370e-02;2.341186e-02;3.899330e-02;3.864879e-02;4.480954e-01;1.052317e-01;1.038450e-01;3.659742e-02;1.591171e-02;3.952016e-02
2.277783e-02;1.949245e-02;7.574289e-02;2.110400e-02;1.749594e-02;4.215522e-02;2.812018e-01;2.130672e-01;1.624232e-01;3.482039e-02;2.030435e-02;8.941474e-02
1.267176e-02;1.182328e-02;2.974648e-02;1.345099e-02;1.727801e-02;3.627993e-02;2.382681e-01;2.861663e-01;1.898575e-01;3.051081e-02;1.493455e-02;1.190124e-01
1.242860e-02;1.081381e-02;4.082323e-02;1.784191e-02;1.960068e-02;3.694300e-02;2.441963e-01;2.764413e-01;2.106549e-01;3.504987e-02;1.614323e-02;7.906322e-02
1.734872e-02;1.598965e-02;7.122481e-02;3.679644e-02;1.806990e-02;3.859726e-02;2.074160e-01;1.408204e-01;3.565789e-01;4.817663e-02;1.903991e-02;2.994140e-02
1.219593e-02;1.126323e-02;8.897215e-02;2.274762e-02;7.696872e-03;1.990938e-02;1.671251e-01;3.715129e-01;2.293464e-01;4.116062e-02;8.653382e-03;1.941650e-02
8.259212e-03;1.940932e-02;8.027602e-02;1.277151e-02;7.589203e-03;1.518985e-02;2.292071e-01;4.666314e-01;1.134832e-01;2.735965e-02;8.262325e-03;1.156129e-02
1.080168e-02;4.009029e-02;5.373099e-02;7.394143e-03;9.446220e-03;1.308939e-02;2.884265e-01;4.505502e-01;9.025995e-02;1.941593e-02;7.083695e-03;9.711011e-03
1.369322e-02;1.048461e-01;3.494441e-02;8.197686e-03;1.289565e-02;1.054626e-02;3.781279e-01;3.047500e-01;9.402683e-02;1.893129e-02;7.003675e-03;1.203695e-02
