1.086597e-01;9.269323e-02;1.316639e-01;5.966180e-02;7.132958e-02;6.919923e-02;9.423537e-02;6.211831e-02;5.394022e-02;7.687462e-02;1.108602e-01;6.876386e-02
9.080233e-02;7.010558e-02;1.098704e-01;5.012080e-02;5.425951e-02;5.553686e-02;1.078007e-01;7.267204e-02;1.128787e-01;8.494582e-02;9.324303e-02;9.776421e-02
9.435481e-02;5.352601e-02;9.069171e-02;5.489706e-02;4.207795e-02;4.482715e-02;1.090266e-01;7.106654e-02;1.297656e-01;9.576622e-02;1.251982e-01;8.880229e-02
1.054912e-01;4.966675e-02;7.474461e-02;4.358453e-02;4.779460e-02;3.334318e-02;1.056126e-01;7.507205e-02;1.299119e-01;1.104382e-01;1.365186e-01;8.782168e-02
1.010961e-01;3.329675e-02;9.225433e-02;5.146121e-02;5.631280e-02;4.168785e-02;1.163181e-01;5.704081e-02;8.655798e-02;1.216964e-01;1.072630e-01;1.350147e-01
8.283827e-02;3.413317e-02;5.703274e-02;5.930740e-02;4.488729e-02;6.228653e-02;1.162446e-01;5.634932e-02;9.355586e-02;1.643681e-01;9.179498e-02;1.372018e-01
1.056923e-01;3.813577e-02;5.587079e-02;4.779851e-02;3.564283e-02;7.018080e-02;9.518338e-02;9.921827e-02;8.500837e-02;1.588038e-01;1.001035e-01;1.083617e-01
1.121905e-01;4.340388e-02;6.997314e-02;6.339249e-02;3.383394e-02;7.326758e-02;7.960127e-02;1.082348e-01;5.708508e-02;1.194029e-01;1.347802e-01;1.048342e-01
9.566619e-02;4.373339e-02;6.836153e-02;7.421227e-02;4.739924e-02;5.843856e-02;6.766221e-02;7.756367e-02;3.997317e-02;1.386741e-01;1.433340e-01;1.449816e-01
1.150989e-01;3.197677e-02;6.189166e-02;6.078975e-02;5.206224e-02;4.318742e-02;5.344610e-02;6.546710e-02;4.795790e-02;1.657547e-01;1.442133e-01;1.581541e-01
1.058018e-01;3.012036e-02;7.463761e-02;7.334405e-02;3.821869e-02;4.244239e-02;7.618732e-02;8.913270e-02;6.431750e-02;1.629168e-01;1.050711e-01;1.378097e-01
6.364607e-02;5.564934e-02;1.011927e-01;9.554777e-02;2.714719e-02;5.141678e-02;8.086964e-02;1.080317e-01;7.567057e-02;1.165095e-01;7.955211e-02;1.447666e-01
1.194761e-01;6.302039e-02;8.975504e-02;7.705769e-02;3.400543e-02;5.229641e-02;6.852790e-02;1.139451e-01;4.527409e-02;1.129555e-01;6.667195e-02;1.570145e-01
1.402392e-01;4.681430e-02;7.364128e-02;6.744595e-02;4.715505e-02;6.213127e-02;1.045251e-01;8.726995e-02;4.306166e-02;1.073492e-01;7.785804e-02;1.425091e-01
1.580600e-01;3.583864e-02;5.830832e-02;6.596919e-02;5.766144e-02;6.353778e-02;1.102737e-01;8.743218e-02;4.828833e-02;9.249822e-02;9.276895e-02;1.293631e-01
2.003742e-01;8.716491e-02;1.223074e-01;8.270057e-02;4.547056e-02;3.488575e-02;3.051659e-02;8.522179e-02;5.868051e-02;5.658382e-02;6.166730e-02;1.344267e-01
1.918861e-01;8.133729e-02;1.260350e-01;9.419877e-02;5.649500e-02;3.866707e-02;6.469990e-02;6.014191e-02;7.820266e-02;4.123056e-02;4.674578e-02;1.203599e-01
1.762167e-01;5.935229e-02;1.150747e-01;8.845324e-02;5.038855e-02;5.715106e-02;5.796583e-02;4.258040e-02;9.415041e-02;6.143676e-02;5.582144e-02;1.414087e-01
1.270023e-01;9.727633e-02;1.028643e-01;8.313559e-02;5.905680e-02;6.817619e-02;3.373937e-02;3.006354e-02;1.091609e-01;7.609597e-02;7.369876e-02;1.397299e-01
9.896427e-02;9.416607e-02;1.034273e-01;8.080816e-02;8.809910e-02;5.981233e-02;2.753598e-02;4.686760e-02;9.847772e-02;9.771638e-02;1.059923e-01;9.813281e-02
8.798520e-02;7.276489e-02;7.638530e-02;8.740345e-02;1.045358e-01;4.764344e-02;5.594431e-02;5.454029e-02;6.123436e-02;9.832340e-02;1.072129e-01;1.460267e-01
4.331848e-02;6.311100e-02;7.677761e-02;6.562853e-02;1.036333e-01;5.520476e-02;5.842925e-02;4.272139e-02;9.611641e-02;6.853968e-02;1.111235e-01;2.153961e-01
6.005073e-02;5.386314e-02;1.193156e-01;3.551578e-02;9.257956e-02;7.010929e-02;3.095052e-02;2.880270e-02;1.341749e-01;4.152015e-02;2.053327e-01;1.277850e-01
9.788149e-02;5.704829e-02;1.238732e-01;3.122917e-02;7.883979e-02;7.523690e-02;4.464513e-02;2.462878e-02;1.324516e-01;5.737628e-02;2.346162e-01;4.217322e-02
1.113173e-01;7.687726e-02;1.004345e-01;3.886630e-02;7.221527e-02;5.729968e-02;8.691806e-02;3.371395e-02;1.000075e-01;8.647129e-02;1.791681e-01;5.671085e-02
9.115286e-02;5.673983e-02;9.120049e-02;5.263341e-02;6.919760e-02;5.653280e-02;1.144752e-01;7.182571e-02;1.178299e-01;7.974467e-02;1.228673e-01;7.580019e-02
7.877517e-02;2.690656e-02;8.658237e-02;4.312758e-02;9.145284e-02;7.039268e-02;1.008202e-01;1.107003e-01;1.221226e-01;9.490472e-02;1.217661e-01;5.244878e-02
8.771441e-02;4.048832e-02;7.309556e-02;3.761327e-02;7.882230e-02;6.779617e-02;5.423338e-02;1.217684e-01;1.097428e-01;1.194357e-01;1.265408e-01;8.274893e-02
7.421492e-02;5.022228e-02;6.257242e-02;4.824494e-02;6.223547e-02;5.164224e-02;5.282380e-02;1.233935e-01;1.627919e-01;1.124867e-01;1.079634e-01;9.140853e-02
3.963277e-02;5.670552e-02;7.510190e-02;5.665482e-02;5.598166e-02;4.430309e-02;6.220027e-02;8.824126e-02;2.182837e-01;1.575835e-01;9.810080e-02;4.721063e-02
4.621486e-02;2.972164e-02;7.655290e-02;3.040107e-02;4.812173e-02;5.131730e-02;7.896294e-02;1.171511e-01;1.809621e-01;1.585496e-01;9.925260e-02;8.279210e-02
3.754788e-02;5.810324e-02;9.200685e-02;2.481453e-02;3.754672e-02;6.385551e-02;7.820216e-02;1.770808e-01;1.310277e-01;1.098208e-01;9.630592e-02;9.368781e-02
1.056731e-01;1.271228e-01;1.137139e-01;3.800927e-02;5.369581e-02;5.372905e-02;7.066682e-02;1.789874e-01;8.551062e-02;5.215716e-02;6.766164e-02;5.307230e-02
2.095915e-01;9.295965e-02;1.087404e-01;2.908994e-02;6.562689e-02;4.026212e-02;5.440960e-02;1.219065e-01;1.033908e-01;2.960942e-02;3.627678e-02;1.081365e-01
2.689908e-01;3.972406e-02;1.040401e-01;2.791245e-02;5.057762e-02;3.714926e-02;3.963922e-02;8.813537e-02;9.998735e-02;3.881688e-02;6.170844e-02;1.433185e-01
2.416010e-01;3.508820e-02;1.422693e-01;2.098978e-02;5.506584e-02;3.153551e-02;4.706095e-02;8.175043e-02;6.838325e-02;7.061946e-02;1.163285e-01;8.930783e-02
1.495959e-01;4.079758e-02;1.661477e-01;2.478623e-02;5.025828e-02;3.707201e-02;6.599367e-02;6.066046e-02;7.230893e-02;6.561290e-02;1.250654e-01;1.417010e-01
1.060801e-01;8.477590e-02;2.269650e-01;2.634156e-02;4.274452e-02;5.988450e-02;4.901550e-02;4.793070e-02;1.035201e-01;4.369592e-02;6.769314e-02;1.413531e-01
8.076546e-02;9.463625e-02;3.628716e-01;2.843993e-02;3.865869e-02;7.301597e-02;3.010522e-02;2.868022e-02;1.097389e-01;6.325347e-02;2.070332e-02;6.913098e-02
3.766348e-02;5.515215e-02;4.975408e-01;3.584097e-02;4.170996e-02;5.341878e-02;4.276342e-02;1.872608e-02;7.231916e-02;1.023596e-01;1.172723e-02;3.077838e-02
2.734891e-02;1.570828e-02;5.692694e-01;7.356342e-02;3.719025e-02;2.596620e-02;4.547061e-02;1.507561e-02;2.955753e-02;1.041761e-01;4.025539e-02;1.641835e-02
1.572950e-02;1.976375e-02;4.700379e-01;1.443926e-01;3.857980e-02;2.483880e-02;2.842669e-02;1.704045e-02;2.208926e-02;6.439934e-02;1.442159e-01;1.048596e-02
1.522413e-02;2.126901e-02;2.584345e-01;2.103672e-01;5.361032e-02;3.864019e-02;1.807225e-02;4.186845e-02;1.450875e-02;3.757717e-02;2.764759e-01;1.395205e-02
1.269140e-02;3.589961e-02;1.173514e-01;2.623905e-01;7.388008e-02;4.281000e-02;1.303974e-02;8.425529e-02;8.006947e-03;1.879368e-02;3.069346e-01;2.394671e-02
1.124503e-02;6.246853e-02;1.240713e-01;2.943678e-01;8.200175e-02;4.027725e-02;1.431048e-02;1.097707e-01;9.401171e-03;6.356644e-03;2.252723e-01;2.045707e-02
1.270095e-02;8.669481e-02;1.175117e-01;3.514678e-01;7.638812e-02;3.144415e-02;1.170785e-02;1.210765e-01;1.192953e-02;6.411355e-03;1.617929e-01;1.087428e-02
1.303169e-02;8.467185e-02;1.579452e-01;3.889924e-01;7.443768e-02;2.507192e-02;8.027493e-03;9.848637e-02;1.175818e-02;7.059449e-03;1.228771e-01;7.640653e-03
2.230388e-02;5.251925e-02;2.148366e-01;3.716656e-01;6.602927e-02;2.028557e-02;7.333306e-03;6.302753e-02;1.961437e-02;1.384174e-02;1.403972e-01;8.145737e-03
3.902869e-02;2.756624e-02;2.732607e-01;3.255892e-01;4.779554e-02;1.454506e-02;1.041597e-02;4.063354e-02;3.391375e-02;2.334871e-02;1.574892e-01;6.413398e-03
8.945983e-02;2.302948e-02;3.324750e-01;2.168752e-01;2.299578e-02;1.132581e-02;2.758541e-02;2.524572e-02;4.899396e-02;4.798690e-02;1.425728e-01;1.145413e-02
1.091149e-01;4.069350e-02;3.504921e-01;1.233844e-01;1.743410e-02;1.325392e-02;5.232752e-02;1.612811e-02;5.755368e-02;8.889211e-02;1.150606e-01;1.566496e-02
1.261269e-01;4.887604e-02;2.987204e-01;8.345816e-02;3.022117e-02;1.989547e-02;7.687310e-02;3.226147e-02;5.672692e-02;1.150589e-01;8.763656e-02;2.414482e-02
1.177463e-01;3.089547e-02;3.087301e-01;8.071825e-02;4.406282e-02;3.254935e-02;9.914861e-02;5.077040e-02;3.598464e-02;1.037143e-01;6.646426e-02;2.921552e-02
6.465173e-02;5.914581e-02;3.057768e-01;5.758181e-02;4.506503e-02;3.805256e-02;1.166065e-01;4.138259e-02;6.032635e-02;1.377283e-01;5.309745e-02;2.058510e-02
5.341887e-02;4.872858e-02;3.269720e-01;4.412392e-02;4.373413e-02;1.891151e-02;1.292742e-01;3.754545e-02;4.831516e-02;2.028863e-01;2.883111e-02;1.725875e-02
4.143440e-02;2.515828e-02;3.785535e-01;3.527204e-02;5.106007e-02;1.057663e-02;1.529036e-01;1.966971e-02;2.765908e-02;2.303005e-01;1.520405e-02;1.220815e-02
6.616209e-02;2.503794e-02;3.415532e-01;6.429221e-02;6.634884e-02;1.588302e-02;1.419580e-01;1.836878e-02;2.268091e-02;2.137888e-01;1.573879e-02;8.187436e-03
7.642706e-02;4.610020e-02;2.857068e-01;7.247777e-02;7.260218e-02;3.137285e-02;1.105589e-01;3.006312e-02;3.789419e-02;1.908114e-01;2.817167e-02;1.781377e-02
6.631241e-02;4.989083e-02;2.748045e-01;6.295682e-02;7.241381e-02;4.582357e-02;9.029236e-02;3.654235e-02;5.742031e-02;1.737222e-01;4.305487e-02;2.676599e-02
4.878731e-02;4.957169e-02;2.841295e-01;4.883591e-02;6.279799e-02;5.146369e-02;1.099603e-01;2.713279e-02;7.209814e-02;1.658996e-01;4.644698e-02;3.287606e-02
9.768656e-02;8.434425e-02;2.710201e-01;5.873383e-02;4.793685e-02;3.467758e-02;1.320574e-01;1.687774e-02;3.411175e-02;1.333942e-01;6.055435e-02;2.860538e-02
8.030713e-02;1.044514e-01;2.537948e-01;7.075752e-02;7.441492e-02;2.789144e-02;1.510477e-01;2.029019e-02;3.396407e-02;8.273175e-02;6.560559e-02;3.474351e-02
5.094902e-02;8.225972e-02;3.012663e-01;5.447283e-02;7.998512e-02;2.689810e-02;1.203648e-01;2.997085e-02;3.882766e-02;1.158586e-01;6.542133e-02;3.372562e-02
5.017364e-02;6.701805e-02;3.024627e-01;5.257961e-02;9.580935e-02;3.409044e-02;7.271901e-02;2.219975e-02;3.210160e-02;1.658792e-01;6.657066e-02;3.839595e-02
3.654007e-02;6.997429e-02;2.138628e-01;8.453987e-02;1.090195e-01;4.732109e-02;5.445948e-02;2.576191e-02;4.352030e-02;1.834323e-01;6.739343e-02;6.417498e-02
6.622632e-02;7.454327e-02;1.326249e-01;6.166451e-02;7.750002e-02;5.895616e-02;9.024047e-02;5.861102e-02;7.816228e-02;1.376736e-01;9.893729e-02;6.486010e-02
4.617925e-02;5.334852e-02;1.436779e-01;1.061237e-01;1.020288e-01;5.153603e-02;8.777689e-02;1.000951e-01;4.210608e-02;7.363339e-02;1.221533e-01;7.134095e-02
4.012651e-02;3.477417e-02;1.751652e-01;1.239454e-01;1.047183e-01;4.101461e-02;8.526725e-02;1.130314e-01;2.883616e-02;6.902704e-02;1.270930e-01;5.700095e-02
4.311760e-02;2.009006e-02;2.093910e-01;9.788202e-02;9.140672e-02;3.418022e-02;1.009116e-01;1.012660e-01;4.323682e-02;1.255905e-01;1.018941e-01;3.103339e-02
4.207497e-02;2.605168e-02;2.336883e-01;4.612624e-02;7.795017e-02;2.614530e-02;1.103404e-01;5.936521e-02;5.165515e-02;2.467466e-01;5.706568e-02;2.279028e-02
2.926096e-02;4.597165e-02;2.062339e-01;1.897541e-02;6.059993e-02;3.211417e-02;7.517238e-02;3.035559e-02;8.537510e-02;3.242636e-01;3.032279e-02;6.135450e-02
3.342903e-02;1.088427e-01;1.274153e-01;3.252116e-02;2.899089e-02;5.430723e-02;2.316530e-02;2.838641e-02;1.623817e-01;2.167409e-01;2.511338e-02;1.587059e-01
6.473267e-02;1.822667e-01;6.649452e-02;4.752140e-02;1.441675e-02;6.487450e-02;1.825215e-02;2.654644e-02;1.843900e-01;8.992010e-02;2.797586e-02;2.126089e-01
1.582746e-01;2.028824e-01;8.266840e-02;3.742862e-02;2.788212e-02;4.490421e-02;2.515135e-02;4.212939e-02;1.176677e-01;4.893108e-02;4.885109e-02;1.632291e-01
2.610774e-01;1.615629e-01;1.458001e-01;1.666888e-02;5.084947e-02;1.705069e-02;3.072944e-02;7.625679e-02;4.385300e-02;2.739675e-02;7.137290e-02;9.738170e-02
2.997684e-01;8.912258e-02;2.150343e-01;1.468278e-02;5.928583e-02;1.009420e-02;3.454847e-02;9.782622e-02;1.703803e-02;2.974201e-02;6.687623e-02;6.598096e-02
2.914286e-01;8.295570e-02;2.427047e-01;1.066433e-02;5.314707e-02;1.812189e-02;3.205353e-02;9.214016e-02;2.273320e-02;4.488573e-02;4.839702e-02;6.076814e-02
1.864477e-01;1.748448e-01;1.901505e-01;1.621327e-02;4.468262e-02;2.390730e-02;3.827598e-02;7.097622e-02;3.605542e-02;7.607017e-02;5.798153e-02;8.439454e-02
1.133974e-01;2.057579e-01;1.204625e-01;2.283471e-02;4.951942e-02;3.339345e-02;4.455528e-02;5.522385e-02;5.323502e-02;1.183323e-01;1.090083e-01;7.427979e-02
1.953424e-01;1.145776e-01;6.607512e-02;4.017328e-02;5.248830e-02;3.316148e-02;6.089474e-02;7.966148e-02;6.073339e-02;1.280849e-01;1.143066e-01;5.450073e-02
2.002725e-01;7.981414e-02;8.771867e-02;5.570289e-02;3.494946e-02;2.353129e-02;1.106251e-01;9.953805e-02;5.417206e-02;9.535675e-02;6.363513e-02;9.468402e-02
1.590739e-01;8.400477e-02;1.373313e-01;6.134241e-02;3.556402e-02;3.153549e-02;1.397898e-01;9.403390e-02;4.895579e-02;6.688331e-02;5.732862e-02;8.415674e-02
8.966801e-02;1.049328e-01;1.155459e-01;4.108764e-02;6.056533e-02;5.412178e-02;1.560329e-01;7.054713e-02;5.274909e-02;9.127051e-02;7.935452e-02;8.412436e-02
1.253174e-01;1.016101e-01;9.301065e-02;3.773252e-02;6.613606e-02;6.401869e-02;1.278802e-01;6.093214e-02;5.800097e-02;1.055393e-01;6.658173e-02;9.324028e-02
1.271939e-01;8.916348e-02;1.072434e-01;4.208847e-02;7.036790e-02;8.387950e-02;1.529752e-01;5.586335e-02;4.960829e-02;9.441155e-02;5.239060e-02;7.481433e-02
9.190962e-02;8.239824e-02;1.344309e-01;4.304062e-02;7.922071e-02;1.028066e-01;1.916189e-01;4.649007e-02;4.904929e-02;7.269729e-02;5.996756e-02;4.637013e-02
5.960558e-02;7.160924e-02;1.456381e-01;4.735361e-02;9.820959e-02;1.077389e-01;1.763432e-01;5.656217e-02;6.427392e-02;7.681712e-02;6.430883e-02;3.153976e-02
4.183229e-02;4.863610e-02;1.401507e-01;1.024510e-01;1.132394e-01;7.247081e-02;1.150218e-01;6.225533e-02;7.490238e-02;1.204906e-01;8.025418e-02;2.829536e-02
4.020919e-02;4.114288e-02;1.172705e-01;1.228113e-01;1.154788e-01;5.313221e-02;6.313321e-02;7.263233e-02;7.325574e-02;1.632835e-01;9.888873e-02;3.876160e-02
4.948211e-02;4.829802e-02;8.500268e-02;1.036006e-01;1.033976e-01;6.814112e-02;7.055940e-02;6.096713e-02;6.877625e-02;1.634583e-01;1.256775e-01;5.263931e-02
1.200558e-01;7.319953e-02;1.141062e-01;7.546871e-02;7.073183e-02;5.337751e-02;8.224883e-02;4.507718e-02;4.607030e-02;1.230187e-01;1.151699e-01;8.147545e-02
1.561831e-01;9.785328e-02;2.194309e-01;5.056893e-02;7.033499e-02;4.953726e-02;6.835565e-02;3.937455e-02;3.910076e-02;6.573344e-02;7.304729e-02;7.047985e-02
8.954436e-02;8.654118e-02;3.588435e-01;5.054214e-02;6.439787e-02;7.229404e-02;8.551380e-02;3.149156e-02;3.795109e-02;4.004994e-02;4.070050e-02;4.213003e-02
3.972679e-02;4.729525e-02;2.900079e-01;5.979836e-02;8.507752e-02;9.138537e-02;2.298751e-01;3.627629e-02;2.455867e-02;4.114420e-02;2.475073e-02;3.010381e-02
5.133617e-02;7.762687e-02;1.162703e-01;3.964534e-02;7.205812e-02;1.217512e-01;3.804683e-01;3.700693e-02;1.974239e-02;3.853622e-02;2.192651e-02;2.363173e-02
5.351552e-02;1.435462e-01;7.779350e-02;2.251394e-02;3.950573e-02;9.737890e-02;4.512060e-01;3.928819e-02;1.692340e-02;2.362203e-02;2.203950e-02;1.266705e-02
3.193718e-02;1.401225e-01;1.711567e-01;2.916285e-02;3.012170e-02;4.689784e-02;4.168451e-01;7.797719e-02;1.667592e-02;1.088695e-02;2.122287e-02;6.993293e-03
1.146738e-02;7.267074e-02;3.055017e-01;7.888091e-02;3.746662e-02;2.277382e-02;2.919233e-01;1.307880e-01;1.434684e-02;1.143572e-02;1.091555e-02;1.182941e-02
6.745278e-03;3.508705e-02;3.193427e-01;9.850994e-02;5.175791e-02;3.062327e-02;2.145306e-01;1.734597e-01;2.064093e-02;2.275760e-02;4.080584e-03;2.246453e-02
3.145098e-03;2.852092e-02;2.193907e-01;5.542019e-02;4.277273e-02;4.330237e-02;2.576741e-01;2.093106e-01;5.971244e-02;4.001508e-02;7.849768e-03;3.288598e-02
6.983310e-03;3.457441e-02;8.752240e-02;2.708063e-02;4.225476e-02;3.478087e-02;3.604286e-01;1.910501e-01;9.681670e-02;4.642062e-02;2.854499e-02;4.354263e-02
8.144400e-03;4.442737e-02;4.972437e-02;4.460726e-02;6.377021e-02;4.491712e-02;4.103448e-01;1.104524e-01;7.776850e-02;3.873065e-02;5.588727e-02;5.122564e-02
1.805393e-02;4.927464e-02;1.292467e-01;7.618904e-02;6.972948e-02;5.799798e-02;3.254361e-01;9.485026e-02;4.196960e-02;3.856795e-02;5.753593e-02;4.114836e-02
4.126990e-02;6.262597e-02;2.753353e-01;7.818548e-02;5.259878e-02;5.910541e-02;1.892793e-01;8.308019e-02;3.400363e-02;4.781739e-02;4.432529e-02;3.237335e-02
4.959572e-02;6.626054e-02;3.761050e-01;5.565934e-02;3.632581e-02;4.012963e-02;1.252007e-01;1.074312e-01;3.810134e-02;4.795848e-02;3.123392e-02;2.599836e-02
2.216671e-02;7.602660e-02;3.352124e-01;6.227969e-02;5.424735e-02;3.229015e-02;1.979508e-01;1.119270e-01;2.696237e-02;3.723636e-02;2.133354e-02;2.236699e-02
2.016135e-02;7.537679e-02;2.829007e-01;5.768822e-02;6.230279e-02;2.425369e-02;2.646723e-01;1.133540e-01;2.369498e-02;2.750016e-02;2.233648e-02;2.575847e-02
1.466085e-02;6.071533e-02;1.991592e-01;6.893813e-02;6.644730e-02;1.753739e-02;3.428095e-01;1.118239e-01;4.174626e-02;2.936989e-02;1.973329e-02;2.705895e-02
1.738484e-02;2.439320e-02;1.087395e-01;6.132184e-02;7.808647e-02;4.396016e-02;4.469769e-01;1.224423e-01;4.414488e-02;2.028251e-02;2.138103e-02;1.088641e-02
2.826765e-02;1.465335e-02;1.097048e-01;6.278872e-02;5.578211e-02;4.968452e-02;4.396519e-01;1.150302e-01;4.595502e-02;3.812283e-02;2.597317e-02;1.438571e-02
4.811397e-02;5.132132e-02;2.017830e-01;4.907431e-02;3.961840e-02;3.631077e-02;3.023672e-01;7.428894e-02;7.043540e-02;5.897241e-02;4.370984e-02;2.400441e-02
5.654602e-02;9.411793e-02;2.650536e-01;5.902317e-02;6.018176e-02;7.855192e-02;1.730445e-01;3.902075e-02;6.591852e-02;4.839747e-02;3.660885e-02;2.353552e-02
7.222413e-02;1.258948e-01;2.713021e-01;5.655796e-02;8.093823e-02;1.312969e-01;1.034654e-01;3.274681e-02;4.766224e-02;3.529371e-02;1.963351e-02;2.298423e-02
1.074252e-01;1.492298e-01;2.469890e-01;5.546777e-02;7.045734e-02;1.532072e-01;5.318834e-02;3.270661e-02;5.483848e-02;3.076459e-02;1.511762e-02;3.060812e-02
1.403948e-01;1.244109e-01;2.297971e-01;5.350615e-02;5.140609e-02;1.298457e-01;5.884634e-02;3.805624e-02;6.491622e-02;3.406867e-02;2.756392e-02;4.718795e-02
9.018864e-02;1.156694e-01;2.529930e-01;4.879378e-02;4.662818e-02;6.232024e-02;1.139635e-01;3.846469e-02;4.973781e-02;6.480429e-02;6.595160e-02;5.048485e-02
6.140143e-02;1.783427e-01;2.314368e-01;3.598751e-02;4.324351e-02;5.253292e-02;1.267186e-01;3.453090e-02;3.431242e-02;9.401023e-02;8.151371e-02;2.596930e-02
9.807203e-02;1.841584e-01;1.348929e-01;3.884718e-02;5.546404e-02;5.220872e-02;1.442298e-01;3.114995e-02;4.880738e-02;1.127579e-01;7.760313e-02;2.180852e-02
1.668619e-01;9.902439e-02;1.236903e-01;5.408574e-02;5.709929e-02;6.644899e-02;1.301425e-01;6.177226e-02;5.571897e-02;1.010958e-01;4.545898e-02;3.860092e-02
1.074264e-01;1.045370e-01;1.843642e-01;4.173350e-02;5.151560e-02;1.354718e-01;1.122149e-01;5.175129e-02;4.568029e-02;7.236025e-02;5.507683e-02;3.786802e-02
6.476158e-02;7.801466e-02;1.666808e-01;2.714040e-02;5.165667e-02;2.305403e-01;1.185472e-01;6.110321e-02;4.128490e-02;6.341593e-02;6.821680e-02;2.863747e-02
2.025572e-02;6.785463e-02;1.109867e-01;2.565324e-02;7.399293e-02;2.766592e-01;1.282447e-01;7.144739e-02;4.245085e-02;8.898119e-02;7.118309e-02;2.229038e-02
3.841738e-02;6.362632e-02;6.127958e-02;4.255051e-02;1.007872e-01;2.121024e-01;1.310237e-01;7.788310e-02;9.053231e-02;1.122254e-01;5.516900e-02;1.440302e-02
7.952794e-02;3.196436e-02;5.000261e-02;6.795379e-02;7.097121e-02;9.285244e-02;1.414542e-01;7.947813e-02;2.437584e-01;8.054309e-02;4.409748e-02;1.739635e-02
7.515595e-02;3.177872e-02;5.737854e-02;6.553015e-02;3.712490e-02;5.911827e-02;1.218593e-01;9.963517e-02;3.565866e-01;4.091737e-02;3.141892e-02;2.349610e-02
3.133060e-02;3.791286e-02;9.685241e-02;3.221412e-02;3.293250e-02;9.349404e-02;8.955216e-02;1.648644e-01;2.644070e-01;7.866862e-02;2.189374e-02;5.587754e-02
2.408984e-02;3.539977e-02;1.221129e-01;1.887336e-02;3.220528e-02;8.387575e-02;1.335892e-01;2.119111e-01;1.215779e-01;1.195579e-01;2.918899e-02;6.761792e-02
4.958000e-02;5.934561e-02;9.687591e-02;2.015726e-02;6.146297e-02;4.452502e-02;2.200729e-01;1.545302e-01;6.906229e-02;1.258836e-01;5.343487e-02;4.506951e-02
1.005291e-01;8.387641e-02;3.301076e-02;2.209883e-02;8.556955e-02;4.719738e-02;2.717786e-01;7.960809e-02;1.222049e-01;7.000549e-02;6.951193e-02;1.460894e-02
1.124359e-01;8.653018e-02;5.939572e-02;2.091940e-02;7.986465e-02;4.220793e-02;2.313581e-01;9.106095e-02;1.362416e-01;5.686679e-02;6.210192e-02;2.101682e-02
9.297563e-02;1.004672e-01;9.943256e-02;2.547362e-02;7.799027e-02;4.968265e-02;1.785191e-01;8.118021e-02;1.548933e-01;5.199915e-02;5.251289e-02;3.487346e-02
7.294714e-02;1.108797e-01;9.321985e-02;2.594457e-02;9.398658e-02;5.215070e-02;1.650384e-01;1.222431e-01;1.346774e-01;4.047512e-02;4.314077e-02;4.529670e-02
8.728429e-02;6.734679e-02;1.359025e-01;3.713164e-02;9.466015e-02;5.625627e-02;1.958381e-01;1.130554e-01;5.283704e-02;5.113661e-02;4.773381e-02;6.081744e-02
3.665847e-02;4.693906e-02;1.782815e-01;6.814314e-02;9.378412e-02;9.459580e-02;1.851346e-01;7.249260e-02;4.230176e-02;5.416083e-02;7.175597e-02;5.575212e-02
5.398653e-02;3.892925e-02;2.352767e-01;9.562747e-02;9.750102e-02;1.069566e-01;1.225585e-01;5.295255e-02;2.630260e-02;4.534774e-02;9.117322e-02;3.338784e-02
5.578358e-02;2.358620e-02;2.991811e-01;1.004122e-01;1.023565e-01;8.226803e-02;8.811202e-02;5.279599e-02;2.829789e-02;4.084093e-02;9.194839e-02;3.441716e-02
4.710574e-02;3.880466e-02;3.554412e-01;7.594139e-02;1.033864e-01;6.061599e-02;8.514419e-02;3.371312e-02;3.563413e-02;6.307298e-02;6.524456e-02;3.589565e-02
5.674914e-02;6.787033e-02;2.905315e-01;6.763071e-02;9.835523e-02;8.508138e-02;1.078279e-01;2.994419e-02;3.963339e-02;7.134407e-02;5.267979e-02;3.235249e-02
1.088249e-01;6.880153e-02;1.561725e-01;5.687066e-02;7.085622e-02;9.253600e-02;1.868752e-01;5.184073e-02;4.115048e-02;8.074497e-02;5.687100e-02;2.845588e-02
1.193202e-01;4.643045e-02;1.319437e-01;4.177864e-02;7.016823e-02;5.552992e-02;2.669725e-01;6.893110e-02;4.656537e-02;6.563374e-02;4.008361e-02;4.664250e-02
5.645468e-02;4.102322e-02;1.598902e-01;4.191190e-02;6.632668e-02;4.211102e-02;2.548790e-01;7.829013e-02;7.755095e-02;7.628024e-02;5.802255e-02;4.725938e-02
5.217877e-02;4.086933e-02;1.408438e-01;3.552850e-02;8.138787e-02;5.202331e-02;1.773263e-01;5.954651e-02;1.082278e-01;1.329072e-01;7.434157e-02;4.481916e-02
6.773020e-02;4.642087e-02;1.578697e-01;2.964261e-02;6.287557e-02;4.871804e-02;1.136534e-01;4.238787e-02;1.089999e-01;1.871391e-01;9.013994e-02;4.442292e-02
8.414917e-02;4.949070e-02;2.247304e-01;3.773000e-02;3.360004e-02;6.486754e-02;1.602497e-01;3.631810e-02;5.639979e-02;1.267078e-01;6.434394e-02;6.141282e-02
9.253816e-02;5.284258e-02;1.781718e-01;4.128142e-02;4.742720e-02;6.897371e-02;2.555643e-01;4.213595e-02;3.790376e-02;5.861747e-02;4.318533e-02;8.135840e-02
6.385003e-02;4.042251e-02;1.450910e-01;4.191680e-02;7.318824e-02;6.732966e-02;3.081735e-01;4.420109e-02;4.784023e-02;5.172148e-02;5.146484e-02;6.480058e-02
4.670381e-02;3.342987e-02;2.185829e-01;3.464360e-02;7.459903e-02;4.067940e-02;3.266288e-01;4.244447e-02;5.350408e-02;4.821005e-02;4.154932e-02;3.902469e-02
3.817403e-02;4.188190e-02;2.216655e-01;4.129604e-02;7.258455e-02;4.165636e-02;3.536792e-01;4.526865e-02;5.069761e-02;3.828907e-02;3.041518e-02;2.439191e-02
