2.198893e-02;9.773280e-02;1.417060e-01;1.872268e-02;4.247818e-02;7.501823e-02;3.053270e-02;3.696693e-01;1.515716e-01;2.844687e-02;9.923087e-03;1.220970e-02
1.548623e-02;6.475811e-02;7.654885e-02;1.873288e-02;6.292284e-02;2.572823e-01;6.586300e-02;2.882189e-01;9.464174e-02;1.957429e-02;1.429444e-02;2.167636e-02
1.671530e-02;4.978357e-02;1.010344e-01;2.006167e-02;7.066353e-02;3.440504e-01;9.089725e-02;1.627773e-01;5.909301e-02;2.863679e-02;1.089195e-02;4.539474e-02
1.529444e-02;5.726592e-02;1.114027e-01;3.257677e-02;5.022962e-02;3.091407e-01;1.186906e-01;1.357950e-01;6.196062e-02;4.724176e-02;1.874583e-02;4.165617e-02
1.375745e-02;7.437550e-02;1.214091e-01;5.505431e-02;5.748528e-02;2.146272e-01;1.165490e-01;1.316338e-01;9.759774e-02;5.735194e-02;3.417403e-02;2.598472e-02
1.508146e-02;8.428247e-02;1.377780e-01;8.245011e-02;5.366392e-02;1.679406e-01;6.821389e-02;1.464413e-01;1.075492e-01;6.688738e-02;5.440110e-02;1.531061e-02
1.891415e-02;7.983498e-02;1.572454e-01;9.116358e-02;3.588470e-02;1.488801e-01;7.189862e-02;1.648945e-01;8.909182e-02;7.330143e-02;4.822510e-02;2.066568e-02
2.963501e-02;1.104347e-01;1.514296e-01;8.882758e-02;3.967683e-02;1.344216e-01;7.292814e-02;1.454668e-01;6.781651e-02;7.859823e-02;4.628788e-02;3.447703e-02
3.140684e-02;8.930528e-02;9.957824e-02;7.964718e-02;9.390172e-02;1.560154e-01;8.015303e-02;1.374017e-01;6.432317e-02;7.886153e-02;4.207186e-02;4.733406e-02
4.668664e-02;7.269637e-02;6.478292e-02;6.090939e-02;9.827936e-02;2.296090e-01;7.495374e-02;1.743225e-01;4.901830e-02;8.507761e-02;1.816469e-02;2.549952e-02
5.597786e-02;8.222778e-02;3.840914e-02;5.768273e-02;8.074304e-02;2.369276e-01;7.255079e-02;1.908956e-01;6.109059e-02;6.418003e-02;2.618223e-02;3.313255e-02
4.617668e-02;1.016561e-01;6.991308e-02;4.157056e-02;7.565720e-02;2.160337e-01;1.210467e-01;1.907810e-01;5.393198e-02;4.279045e-02;1.153235e-02;2.891016e-02
2.759388e-02;1.360979e-01;1.088234e-01;2.585230e-02;9.538906e-02;1.676274e-01;1.138535e-01;2.183107e-01;5.297207e-02;2.221202e-02;2.110350e-02;1.016426e-02
2.162391e-02;1.411087e-01;1.615847e-01;3.102147e-02;1.249132e-01;9.670197e-02;6.479307e-02;2.554121e-01;5.450684e-02;1.198687e-02;2.760223e-02;8.744934e-03
1.993562e-02;1.513073e-01;1.710557e-01;3.121427e-02;1.430391e-01;7.614282e-02;5.631108e-02;2.519145e-01;4.420685e-02;1.201161e-02;3.112948e-02;1.173166e-02
2.861196e-02;1.691558e-01;1.340906e-01;2.412600e-02;1.295576e-01;1.489290e-01;6.048752e-02;2.124015e-01;3.949733e-02;1.340955e-02;2.851345e-02;1.121977e-02
4.380725e-02;1.531125e-01;1.179518e-01;4.963158e-02;9.881539e-02;2.102696e-01;4.386768e-02;1.854614e-01;4.357522e-02;1.217279e-02;2.340334e-02;1.793143e-02
5.878649e-02;1.077867e-01;1.246640e-01;7.251416e-02;8.643226e-02;2.269633e-01;4.045670e-02;1.718663e-01;5.197441e-02;1.024850e-02;2.411898e-02;2.418813e-02
5.474051e-02;1.002532e-01;1.380245e-01;5.085538e-02;1.280710e-01;2.194360e-01;2.534657e-02;1.743547e-01;5.695738e-02;1.120331e-02;2.433224e-02;1.642534e-02
2.556854e-02;1.035864e-01;1.263736e-01;2.010765e-02;9.888984e-02;2.236123e-01;4.138719e-02;2.481907e-01;5.556731e-02;1.265729e-02;2.153062e-02;2.252860e-02
2.629288e-02;6.474170e-02;9.196758e-02;3.928531e-02;6.043948e-02;2.003808e-01;5.804107e-02;3.201292e-01;7.494181e-02;1.346702e-02;3.164280e-02;1.867032e-02
1.835579e-02;1.103239e-01;1.314032e-01;4.582113e-02;6.369442e-02;1.749803e-01;5.958352e-02;2.649707e-01;8.199993e-02;1.128929e-02;2.473436e-02;1.284346e-02
5.833680e-02;9.626215e-02;8.259821e-02;3.969893e-02;5.514212e-02;1.886763e-01;7.331233e-02;1.472554e-01;9.019586e-02;5.430664e-02;6.140881e-02;5.280649e-02
6.627449e-02;7.562725e-02;7.317162e-02;5.507206e-02;6.450627e-02;1.392288e-01;7.651909e-02;1.111852e-01;1.314782e-01;7.552628e-02;8.644551e-02;4.496516e-02
7.545337e-02;9.359898e-02;7.582765e-02;5.812268e-02;4.728117e-02;1.271321e-01;7.462805e-02;1.213545e-01;1.347934e-01;6.515480e-02;8.872680e-02;3.792638e-02
8.065405e-02;9.898957e-02;7.832091e-02;6.211068e-02;4.051972e-02;1.186236e-01;6.213434e-02;1.336327e-01;1.422351e-01;5.945105e-02;7.987200e-02;4.345619e-02
6.863818e-02;1.041019e-01;1.312429e-01;4.614691e-02;4.613158e-02;1.158329e-01;4.636718e-02;1.593863e-01;1.315036e-01;5.449018e-02;5.053250e-02;4.562594e-02
4.864722e-02;1.025457e-01;1.995377e-01;5.929258e-02;3.734927e-02;9.194688e-02;4.140250e-02;2.237791e-01;9.784495e-02;3.640742e-02;2.427853e-02;3.696814e-02
4.549207e-02;9.150750e-02;2.423534e-01;9.305203e-02;4.295436e-02;7.062121e-02;3.545876e-02;2.685996e-01;5.700977e-02;2.190726e-02;1.207964e-02;1.896444e-02
4.714276e-02;1.065906e-01;2.167644e-01;1.087985e-01;7.277746e-02;6.901363e-02;3.475756e-02;2.632684e-01;4.567708e-02;1.303688e-02;1.426809e-02;7.904507e-03
5.410761e-02;1.469487e-01;1.945601e-01;8.260806e-02;8.952425e-02;8.209124e-02;4.577948e-02;2.329874e-01;4.331670e-02;1.021113e-02;1.432730e-02;3.538082e-03
6.025318e-02;1.600571e-01;2.414704e-01;7.564376e-02;7.812835e-02;6.248009e-02;5.075157e-02;1.933663e-01;3.654757e-02;9.923355e-03;2.186059e-02;9.517698e-03
6.884924e-02;1.684815e-01;2.934482e-01;7.502413e-02;6.898855e-02;4.655110e-02;5.108139e-02;1.537515e-01;2.625169e-02;9.169700e-03;2.698831e-02;1.141464e-02
7.503275e-02;1.941423e-01;2.989067e-01;6.560694e-02;6.717021e-02;4.465279e-02;6.417091e-02;1.274722e-01;2.078578e-02;6.325670e-03;2.918056e-02;6.553181e-03
5.857748e-02;2.346912e-01;2.361866e-01;4.815336e-02;6.388004e-02;5.323608e-02;1.067472e-01;1.253091e-01;1.547296e-02;6.735700e-03;4.643771e-02;4.572554e-03
4.661797e-02;2.623979e-01;1.340429e-01;2.407227e-02;5.611749e-02;8.782029e-02;1.494662e-01;1.362186e-01;2.349497e-02;1.195032e-02;5.940157e-02;8.399536e-03
5.574203e-02;2.251468e-01;1.014078e-01;2.600808e-02;5.265999e-02;1.305186e-01;1.553016e-01;1.217527e-01;3.449655e-02;1.671151e-02;5.165596e-02;2.859839e-02
7.082769e-02;1.585605e-01;1.066123e-01;5.476490e-02;7.870812e-02;1.232078e-01;1.300059e-01;1.077217e-01;5.408892e-02;2.399607e-02;3.548538e-02;5.602076e-02
6.799883e-02;7.265744e-02;1.526335e-01;1.141819e-01;9.664147e-02;6.974236e-02;5.901032e-02;1.950508e-01;6.065382e-02;4.156879e-02;2.373133e-02;4.612939e-02
4.247849e-02;6.213088e-02;1.651759e-01;9.545296e-02;7.072879e-02;6.057749e-02;6.418459e-02;2.441732e-01;5.249525e-02;6.142224e-02;2.612669e-02;5.505358e-02
2.816051e-02;4.071245e-02;1.279668e-01;4.403808e-02;3.123539e-02;8.257878e-02;5.715241e-02;2.714266e-01;8.719519e-02;7.886726e-02;2.866246e-02;1.220040e-01
2.391504e-02;3.412409e-02;7.853282e-02;2.852249e-02;2.187984e-02;1.096981e-01;5.353845e-02;2.388262e-01;1.344883e-01;9.166272e-02;1.728362e-02;1.675284e-01
4.168126e-02;5.452744e-02;6.012708e-02;3.545328e-02;2.609341e-02;1.337606e-01;3.508772e-02;1.868773e-01;1.398136e-01;1.049912e-01;1.593881e-02;1.656483e-01
5.163173e-02;6.429651e-02;6.504940e-02;3.248866e-02;4.915819e-02;1.493186e-01;2.458467e-02;1.815592e-01;1.166448e-01;9.196182e-02;2.588462e-02;1.474217e-01
5.861158e-02;7.687540e-02;6.103159e-02;6.560996e-02;7.838657e-02;1.264335e-01;1.164554e-02;1.391981e-01;1.443030e-01;4.655902e-02;5.621242e-02;1.351333e-01
7.884896e-02;5.570907e-02;2.963744e-02;9.698161e-02;8.278597e-02;6.842351e-02;1.559835e-02;1.070852e-01;1.944982e-01;2.505260e-02;1.191508e-01;1.262282e-01
7.104016e-02;3.894890e-02;2.272056e-02;1.142526e-01;6.822412e-02;4.638623e-02;1.138937e-02;1.063887e-01;2.282484e-01;2.713114e-02;1.654142e-01;9.985565e-02
7.031543e-02;2.538644e-02;4.132631e-02;1.161976e-01;4.823710e-02;3.984925e-02;1.526760e-02;1.214774e-01;2.226314e-01;2.141961e-02;1.960501e-01;8.184171e-02
7.556874e-02;2.384548e-02;5.325409e-02;1.169681e-01;5.273197e-02;3.484619e-02;2.345306e-02;1.819873e-01;1.783544e-01;1.878572e-02;1.684492e-01;7.175583e-02
6.751236e-02;6.037221e-02;7.493605e-02;1.008923e-01;6.912502e-02;4.045537e-02;3.824165e-02;2.292766e-01;1.309581e-01;2.590018e-02;1.043191e-01;5.801097e-02
5.547793e-02;9.835188e-02;1.073543e-01;7.029138e-02;7.277985e-02;8.399399e-02;4.850899e-02;2.302236e-01;9.048995e-02;3.298879e-02;4.147463e-02;6.806482e-02
3.963839e-02;9.342434e-02;9.684014e-02;7.349391e-02;7.571603e-02;1.158801e-01;7.430734e-02;1.858679e-01;7.747293e-02;4.644621e-02;4.191106e-02;7.900170e-02
4.191055e-02;5.220796e-02;7.345726e-02;7.888900e-02;8.626636e-02;9.063982e-02;7.518589e-02;2.011161e-01;1.096308e-01;6.545842e-02;5.477656e-02;7.046127e-02
4.005656e-02;4.809244e-02;1.215424e-01;9.931801e-02;7.428443e-02;5.788606e-02;5.297565e-02;2.270462e-01;8.535963e-02;1.090249e-01;2.868530e-02;5.572844e-02
1.978951e-02;3.273924e-02;1.406462e-01;6.677015e-02;3.503123e-02;7.233430e-02;4.759379e-02;2.608342e-01;8.745244e-02;1.392118e-01;2.616157e-02;7.143549e-02
1.494266e-02;1.758189e-02;1.436958e-01;3.609456e-02;1.494137e-02;1.040365e-01;2.545671e-02;3.058901e-01;9.191199e-02;1.393090e-01;1.985849e-02;8.628095e-02
1.894226e-02;3.920835e-02;1.540124e-01;2.319573e-02;1.460057e-02;9.149759e-02;2.851841e-02;3.302161e-01;7.351506e-02;1.333767e-01;1.027948e-02;8.263738e-02
2.361237e-02;6.561179e-02;1.689412e-01;2.887537e-02;1.573987e-02;6.980199e-02;2.042739e-02;3.242916e-01;6.257458e-02;1.399583e-01;1.565973e-02;6.450574e-02
3.350120e-02;1.018922e-01;1.444243e-01;3.693714e-02;3.645525e-02;6.663989e-02;3.858509e-02;2.735418e-01;7.479409e-02;1.108007e-01;4.221267e-02;4.021558e-02
4.206771e-02;1.290907e-01;8.754244e-02;3.496987e-02;4.585861e-02;1.271715e-01;7.186489e-02;1.922370e-01;1.162784e-01;6.458267e-02;6.839285e-02;1.994341e-02
4.456895e-02;1.225601e-01;4.756342e-02;2.309585e-02;3.512814e-02;1.748670e-01;8.651599e-02;1.482458e-01;1.393655e-01;4.940515e-02;8.724995e-02;4.143425e-02
5.013733e-02;8.303807e-02;2.996075e-02;1.997625e-02;5.052548e-02;1.879490e-01;5.251814e-02;1.274287e-01;1.176604e-01;1.050720e-01;1.027473e-01;7.298651e-02
5.933552e-02;2.190568e-02;6.365793e-02;2.573623e-02;5.073965e-02;1.421044e-01;2.683739e-02;1.527840e-01;1.511105e-01;9.375729e-02;1.138133e-01;9.821808e-02
2.937726e-02;5.024755e-02;7.071982e-02;2.954404e-02;4.637204e-02;8.666553e-02;4.016199e-02;2.208409e-01;1.748530e-01;4.475402e-02;1.059938e-01;1.004700e-01
2.566354e-02;4.196117e-02;6.483082e-02;3.006541e-02;3.059480e-02;4.351107e-02;4.259073e-02;2.852711e-01;2.343674e-01;6.324872e-02;6.217371e-02;7.572150e-02
1.514819e-02;2.649516e-02;4.745640e-02;2.509010e-02;3.301404e-02;1.029931e-01;4.544590e-02;3.225201e-01;2.289285e-01;4.102927e-02;5.522734e-02;5.665189e-02
2.612308e-02;2.858952e-02;4.424127e-02;3.656574e-02;2.887292e-02;1.567521e-01;7.102460e-02;3.176457e-01;1.833732e-01;4.051726e-02;4.130093e-02;2.499365e-02
4.609454e-02;6.894803e-02;2.289371e-02;4.107142e-02;3.003654e-02;1.536720e-01;8.166231e-02;2.562360e-01;1.604940e-01;6.333691e-02;4.856281e-02;2.699175e-02
4.873115e-02;8.367471e-02;8.399632e-02;4.703775e-02;3.765230e-02;1.279226e-01;6.716055e-02;2.364429e-01;1.233794e-01;6.883238e-02;4.462578e-02;3.054420e-02
4.337170e-02;8.779540e-02;1.595747e-01;6.224139e-02;3.877537e-02;7.689029e-02;6.566776e-02;2.304093e-01;8.009066e-02;6.853352e-02;5.511841e-02;3.153150e-02
4.376712e-02;1.254558e-01;2.188098e-01;7.354918e-02;5.807608e-02;4.274072e-02;6.044204e-02;1.976347e-01;5.130952e-02;4.372603e-02;5.686675e-02;2.762237e-02
3.804154e-02;1.582968e-01;1.816339e-01;4.811028e-02;9.144916e-02;8.240676e-02;5.920829e-02;1.348985e-01;3.862301e-02;2.709678e-02;1.138610e-01;2.637402e-02
3.722582e-02;1.807815e-01;1.220399e-01;2.093548e-02;8.678586e-02;9.677856e-02;6.647156e-02;1.372610e-01;5.439996e-02;1.879384e-02;1.514739e-01;2.705266e-02
3.603728e-02;1.904162e-01;1.030052e-01;1.800330e-02;5.783847e-02;1.286187e-01;6.688015e-02;1.516371e-01;7.692946e-02;2.518389e-02;1.272675e-01;1.818273e-02
3.844369e-02;1.682601e-01;9.088603e-02;2.527190e-02;3.115263e-02;1.972018e-01;5.367159e-02;1.668665e-01;7.998366e-02;3.890680e-02;8.327807e-02;2.607725e-02
5.131322e-02;8.769640e-02;9.283186e-02;2.586139e-02;2.809511e-02;2.625650e-01;3.973003e-02;1.886476e-01;6.735515e-02;4.853636e-02;5.901049e-02;4.835742e-02
5.517517e-02;8.497839e-02;1.361045e-01;2.926890e-02;5.278751e-02;2.281741e-01;2.230474e-02;1.747230e-01;5.798691e-02;4.723858e-02;4.786293e-02;6.339525e-02
4.828482e-02;1.293873e-01;1.508365e-01;3.633250e-02;7.497152e-02;1.653393e-01;3.744427e-02;1.675986e-01;4.549414e-02;4.545243e-02;3.860989e-02;6.024878e-02
5.197825e-02;5.732607e-02;1.645877e-01;3.475421e-02;7.306140e-02;1.143412e-01;6.531195e-02;2.153118e-01;6.603120e-02;4.409431e-02;4.506893e-02;6.813294e-02
3.908521e-02;8.274195e-02;1.496543e-01;5.958602e-02;5.082782e-02;1.558803e-01;7.812123e-02;1.720206e-01;6.666224e-02;4.050542e-02;4.743630e-02;5.747852e-02
3.337479e-02;1.205962e-01;1.038138e-01;9.201398e-02;6.380800e-02;1.776249e-01;9.067626e-02;1.490719e-01;4.341717e-02;3.623484e-02;6.428345e-02;2.508469e-02
3.151911e-02;1.359202e-01;1.192502e-01;6.388942e-02;1.172809e-01;1.339950e-01;1.102127e-01;1.348739e-01;3.917734e-02;2.367386e-02;6.481543e-02;2.539187e-02
3.317371e-02;9.130392e-02;1.774296e-01;6.294585e-02;1.212743e-01;1.164876e-01;7.928204e-02;1.721326e-01;3.735518e-02;2.252144e-02;5.194725e-02;3.414660e-02
2.292116e-02;5.712727e-02;2.376419e-01;6.453692e-02;7.372472e-02;1.383539e-01;4.048615e-02;2.201388e-01;3.566075e-02;3.416999e-02;2.060803e-02;5.463026e-02
1.382356e-02;5.965768e-02;2.716712e-01;4.716274e-02;2.664469e-02;1.292741e-01;3.125264e-02;2.546509e-01;3.397992e-02;4.224243e-02;1.915131e-02;7.048883e-02
1.256322e-02;6.590783e-02;2.750454e-01;4.744708e-02;2.031473e-02;8.968898e-02;4.199022e-02;2.855760e-01;2.764715e-02;4.602090e-02;2.423287e-02;6.356563e-02
1.472274e-02;7.932977e-02;2.238250e-01;5.430179e-02;6.831741e-02;5.849607e-02;7.622448e-02;2.753398e-01;2.822650e-02;4.478202e-02;2.850930e-02;4.792513e-02
2.484381e-02;1.048015e-01;1.556802e-01;6.915714e-02;1.431396e-01;5.719960e-02;8.713827e-02;2.191899e-01;3.331114e-02;3.124932e-02;3.736500e-02;3.692450e-02
3.333487e-02;1.080004e-01;9.624387e-02;5.635700e-02;1.741315e-01;1.228799e-01;1.312400e-01;1.423557e-01;4.823313e-02;1.986849e-02;4.173666e-02;2.561848e-02
2.582017e-02;7.611393e-02;7.007828e-02;3.317780e-02;1.115875e-01;1.908229e-01;1.932478e-01;1.475323e-01;7.203293e-02;3.474054e-02;2.572041e-02;1.912542e-02
1.346275e-02;5.051018e-02;9.322286e-02;4.133473e-02;7.572611e-02;1.849545e-01;1.858373e-01;2.232321e-01;6.979606e-02;3.292165e-02;2.166590e-02;7.335844e-03
2.772388e-02;4.813356e-02;1.351739e-01;4.240162e-02;8.190867e-02;1.850448e-01;1.459334e-01;2.180032e-01;5.884485e-02;1.914332e-02;1.636130e-02;2.132755e-02
3.143299e-02;1.144410e-01;1.411007e-01;4.180793e-02;7.380924e-02;1.694637e-01;1.248914e-01;1.756438e-01;6.793195e-02;1.743298e-02;1.359812e-02;2.844623e-02
2.077784e-02;1.081075e-01;7.122648e-02;4.111219e-02;9.110357e-02;1.942849e-01;1.207711e-01;1.915285e-01;7.634129e-02;2.846699e-02;4.125592e-02;1.502378e-02
3.550224e-02;4.272417e-02;6.209999e-02;4.624007e-02;6.314547e-02;2.393926e-01;9.208593e-02;2.207999e-01;7.455715e-02;5.026585e-02;4.686007e-02;2.632648e-02
1.944875e-02;6.229139e-02;9.691240e-02;5.388406e-02;7.167837e-02;1.892457e-01;6.385383e-02;2.049791e-01;8.407421e-02;7.899378e-02;2.976379e-02;4.487469e-02
2.441154e-02;8.461600e-02;1.161672e-01;8.226302e-02;7.110108e-02;1.147974e-01;7.144193e-02;1.601789e-01;1.019834e-01;8.979144e-02;3.918394e-02;4.406416e-02
4.281440e-02;1.078021e-01;8.132654e-02;9.017503e-02;7.627396e-02;1.184491e-01;6.243905e-02;1.680097e-01;1.208231e-01;4.668411e-02;2.366560e-02;6.153723e-02
3.481131e-02;1.212209e-01;8.875608e-02;4.937900e-02;6.633206e-02;1.113725e-01;1.625588e-01;1.545305e-01;9.565539e-02;2.660104e-02;5.225101e-02;3.653138e-02
2.934467e-02;1.560788e-01;8.199132e-02;3.976201e-02;4.118993e-02;1.142210e-01;2.081552e-01;1.324108e-01;8.077555e-02;2.441849e-02;7.442006e-02;1.723216e-02
2.772834e-02;1.989083e-01;6.538668e-02;5.766171e-02;2.498216e-02;1.604071e-01;2.066350e-01;8.987746e-02;6.974042e-02;1.300569e-02;6.743568e-02;1.823158e-02
5.785213e-02;1.652211e-01;7.526907e-02;9.617992e-02;3.065051e-02;1.996187e-01;1.456817e-01;8.899435e-02;4.278746e-02;4.431989e-02;3.904035e-02;1.438482e-02
1.063480e-01;1.115996e-01;4.919308e-02;1.361037e-01;3.676324e-02;2.397481e-01;7.851879e-02;8.871621e-02;2.506472e-02;9.091608e-02;2.053942e-02;1.648904e-02
1.394485e-01;8.495829e-02;2.885342e-02;1.351717e-01;6.421190e-02;2.666204e-01;3.902682e-02;7.180769e-02;2.329807e-02;1.197553e-01;1.325443e-02;1.359352e-02
1.437263e-01;8.244447e-02;3.551646e-02;9.989350e-02;7.600541e-02;2.721320e-01;4.542360e-02;7.363746e-02;2.822966e-02;1.185592e-01;1.063652e-02;1.379545e-02
1.486301e-01;5.759577e-02;5.024548e-02;7.250442e-02;5.986341e-02;2.789050e-01;5.236628e-02;1.006159e-01;3.629414e-02;1.049256e-01;1.916104e-02;1.889278e-02
1.355675e-01;6.050109e-02;9.723558e-02;6.017952e-02;5.364462e-02;2.747465e-01;4.370967e-02;1.174650e-01;4.335383e-02;6.759375e-02;2.330836e-02;2.269465e-02
9.436153e-02;7.303733e-02;1.642455e-01;6.847925e-02;5.503367e-02;2.047207e-01;4.017595e-02;1.172120e-01;7.422806e-02;4.569007e-02;1.500609e-02;4.780988e-02
5.852269e-02;1.049891e-01;1.843165e-01;7.503389e-02;6.137089e-02;1.218475e-01;3.278773e-02;1.199891e-01;9.927067e-02;6.113498e-02;2.673595e-02;5.400106e-02
5.151371e-02;1.823187e-01;1.401887e-01;4.343297e-02;4.726090e-02;9.680380e-02;4.076727e-02;1.593951e-01;1.008995e-01;7.319970e-02;4.166040e-02;2.255917e-02
3.391527e-02;1.735963e-01;8.930675e-02;5.131973e-02;5.521723e-02;8.131821e-02;5.883618e-02;1.667873e-01;1.019699e-01;1.247947e-01;4.159715e-02;2.134129e-02
1.772720e-02;1.445786e-01;7.488148e-02;6.944083e-02;5.929828e-02;1.125709e-01;8.066913e-02;9.906998e-02;1.191703e-01;1.463110e-01;4.290783e-02;3.337460e-02
3.062027e-02;1.265123e-01;7.979061e-02;5.697573e-02;6.676088e-02;1.412932e-01;5.628245e-02;1.243040e-01;1.099805e-01;1.156375e-01;5.032299e-02;4.151962e-02
4.542537e-02;9.156527e-02;1.006698e-01;4.960872e-02;6.009611e-02;1.408273e-01;5.711564e-02;1.750318e-01;1.126228e-01;9.305419e-02;4.858267e-02;2.540039e-02
1.934459e-02;6.584331e-02;9.201480e-02;4.229097e-02;6.552203e-02;1.637103e-01;1.085282e-01;1.650306e-01;1.078688e-01;7.969408e-02;7.111691e-02;1.903537e-02
5.783477e-02;4.919611e-02;7.766602e-02;4.469602e-02;6.896596e-02;1.312557e-01;1.190399e-01;1.522674e-01;8.040497e-02;7.992156e-02;8.890102e-02;4.985062e-02
6.624427e-02;5.052757e-02;7.598019e-02;4.227553e-02;6.741111e-02;1.220387e-01;1.240183e-01;1.563381e-01;7.743361e-02;8.292613e-02;7.987077e-02;5.493569e-02
7.706475e-02;3.673716e-02;9.163762e-02;3.821330e-02;6.985170e-02;1.037641e-01;1.323229e-01;1.692815e-01;8.643106e-02;8.523139e-02;6.377022e-02;4.569431e-02
8.378520e-02;8.359141e-02;8.977810e-02;6.841268e-02;3.740678e-02;1.115906e-01;1.102482e-01;1.432491e-01;7.632105e-02;9.943717e-02;5.434885e-02;4.183089e-02
5.440900e-02;1.513811e-01;7.148481e-02;6.089938e-02;3.558397e-02;9.771320e-02;1.419030e-01;1.138448e-01;7.030289e-02;6.382674e-02;4.295758e-02;9.569354e-02
6.839605e-02;1.605670e-01;1.349890e-01;6.205622e-02;4.130539e-02;9.008447e-02;1.084022e-01;1.075177e-01;5.805345e-02;3.974767e-02;3.355363e-02;9.532729e-02
1.314144e-01;1.121996e-01;1.667614e-01;6.926467e-02;4.832942e-02;1.050906e-01;1.046756e-01;9.063394e-02;4.953604e-02;2.646906e-02;2.373739e-02;7.188800e-02
1.225274e-01;1.159301e-01;1.707830e-01;6.797121e-02;5.303543e-02;8.279583e-02;1.129855e-01;8.902474e-02;8.089950e-02;3.604070e-02;2.999825e-02;3.800841e-02
5.948773e-02;1.205910e-01;1.294151e-01;5.702595e-02;4.715470e-02;1.812224e-01;6.391694e-02;1.702591e-01;8.078278e-02;3.384199e-02;2.289492e-02;3.340741e-02
5.861032e-02;8.430686e-02;9.092621e-02;6.015236e-02;4.476375e-02;3.046388e-01;6.048217e-02;1.691716e-01;6.340775e-02;3.050685e-02;1.164821e-02;2.138512e-02
6.830436e-02;6.223468e-02;4.248574e-02;6.552868e-02;3.900184e-02;4.270149e-01;7.278344e-02;1.423902e-01;3.773319e-02;2.648513e-02;7.271932e-03;8.765889e-03
6.967115e-02;6.671279e-02;2.930539e-02;4.718123e-02;4.611393e-02;4.779619e-01;6.712858e-02;1.291636e-01;2.963302e-02;2.226351e-02;5.915830e-03;8.949059e-03
6.424294e-02;6.981203e-02;1.821550e-02;4.112664e-02;5.951345e-02;4.779253e-01;6.621028e-02;1.411441e-01;2.997050e-02;1.851634e-02;5.826529e-03;7.496366e-03
5.423062e-02;8.605012e-02;4.293420e-02;3.295982e-02;5.450254e-02;4.909292e-01;4.668033e-02;1.158517e-01;2.960519e-02;1.403533e-02;1.630742e-02;1.591361e-02
5.762055e-02;1.073998e-01;8.591329e-02;3.241492e-02;4.764160e-02;4.631950e-01;2.505941e-02;7.238778e-02;4.262646e-02;2.314575e-02;1.966701e-02;2.292842e-02
6.106752e-02;1.601855e-01;1.395876e-01;2.346972e-02;4.002596e-02;3.908107e-01;2.383378e-02;5.496146e-02;3.760855e-02;2.089812e-02;2.545429e-02;2.209684e-02
6.980312e-02;1.996909e-01;1.530057e-01;1.752615e-02;3.388048e-02;3.527060e-01;1.524381e-02;5.502551e-02;2.655861e-02;1.355410e-02;3.904173e-02;2.396387e-02
6.926506e-02;2.194599e-01;9.250365e-02;2.218071e-02;3.968700e-02;3.478298e-01;1.212838e-02;4.113529e-02;2.689327e-02;2.457229e-02;6.055620e-02;4.378853e-02
7.334673e-02;1.820326e-01;7.229604e-02;1.882550e-02;3.188797e-02;3.144542e-01;1.459922e-02;5.300950e-02;3.837101e-02;3.127527e-02;7.728218e-02;9.261967e-02
4.835469e-02;1.223853e-01;7.768100e-02;1.934088e-02;4.019328e-02;2.785386e-01;3.347490e-02;5.203522e-02;5.878117e-02;4.504284e-02;7.847000e-02;1.457021e-01
2.566342e-02;8.233600e-02;1.021781e-01;2.749799e-02;6.034601e-02;2.276819e-01;4.171750e-02;6.585365e-02;7.438753e-02;7.789481e-02;6.626270e-02;1.481804e-01
3.315271e-02;8.811343e-02;1.577886e-01;3.590776e-02;5.643200e-02;1.283407e-01;4.063385e-02;1.329078e-01;7.654154e-02;9.541788e-02;5.489535e-02;9.986836e-02
6.644661e-02;1.035157e-01;2.034098e-01;4.091964e-02;3.683284e-02;9.266040e-02;3.809278e-02;1.844693e-01;6.058389e-02;8.400638e-02;4.801805e-02;4.104458e-02
5.853735e-02;1.166262e-01;1.682780e-01;2.548286e-02;4.897540e-02;2.091674e-01;4.729397e-02;1.402964e-01;7.035583e-02;4.019544e-02;4.598817e-02;2.880286e-02
4.087445e-02;1.123918e-01;1.432594e-01;3.259596e-02;3.377279e-02;3.258642e-01;3.005657e-02;1.111903e-01;5.325910e-02;3.039458e-02;5.296518e-02;3.337562e-02
2.266291e-02;8.974159e-02;1.280006e-01;3.788710e-02;3.498244e-02;3.357765e-01;5.421473e-02;1.007506e-01;7.670442e-02;4.812536e-02;3.850627e-02;3.264750e-02
3.553233e-02;7.340408e-02;1.370020e-01;4.561367e-02;4.414049e-02;2.479853e-01;5.947864e-02;1.192630e-01;9.449922e-02;8.562684e-02;2.290944e-02;3.454500e-02
2.907916e-02;1.011620e-01;1.291447e-01;3.038844e-02;3.942432e-02;2.235129e-01;6.051443e-02;1.305752e-01;7.055802e-02;9.348713e-02;4.183422e-02;5.031950e-02
2.968678e-02;6.154318e-02;1.011354e-01;2.903553e-02;5.684971e-02;2.561589e-01;8.869096e-02;1.212513e-01;1.074315e-01;5.822715e-02;2.587224e-02;6.411735e-02
3.057390e-02;5.492890e-02;9.576435e-02;3.149755e-02;6.741948e-02;2.311072e-01;1.114349e-01;8.863952e-02;1.609036e-01;3.301708e-02;1.844579e-02;7.626770e-02
3.048538e-02;5.042475e-02;1.034688e-01;2.830878e-02;7.529322e-02;2.269374e-01;1.207343e-01;8.245770e-02;1.739331e-01;1.913471e-02;1.102012e-02;7.780174e-02
3.013352e-02;4.353357e-02;9.456054e-02;2.494706e-02;7.596472e-02;2.482028e-01;1.160888e-01;9.840391e-02;1.665005e-01;1.883694e-02;1.020784e-02;7.261994e-02
2.864090e-02;3.741292e-02;8.553426e-02;2.168998e-02;7.333226e-02;2.449926e-01;8.983094e-02;1.398486e-01;1.447016e-01;4.969347e-02;2.447753e-02;5.984486e-02
3.110656e-02;8.561485e-02;1.082037e-01;1.845307e-02;6.236336e-02;1.910767e-01;4.673097e-02;1.853407e-01;1.039077e-01;8.188809e-02;4.551498e-02;3.979920e-02
3.235009e-02;1.022322e-01;1.432513e-01;2.852185e-02;5.137282e-02;1.083443e-01;5.233136e-02;2.012196e-01;7.624104e-02;1.071938e-01;6.076112e-02;3.618049e-02
2.087912e-02;6.140180e-02;1.460058e-01;4.222671e-02;3.246452e-02;1.378190e-01;1.020688e-01;1.705813e-01;8.537515e-02;8.468613e-02;6.034115e-02;5.615057e-02
4.299216e-02;7.479867e-02;1.319656e-01;5.430020e-02;3.014698e-02;1.122793e-01;8.623458e-02;1.987677e-01;8.657663e-02;5.580473e-02;7.308491e-02;5.304861e-02
5.413994e-02;1.146786e-01;1.158349e-01;5.946327e-02;4.191863e-02;1.356061e-01;4.123892e-02;2.144066e-01;6.863424e-02;4.897081e-02;6.168633e-02;4.342160e-02
3.704039e-02;9.169748e-02;1.046103e-01;4.791582e-02;4.068551e-02;2.285560e-01;6.877110e-02;2.185782e-01;6.415789e-02;2.246912e-02;3.542135e-02;4.009692e-02
2.524249e-02;1.024524e-01;1.488618e-01;3.142519e-02;3.135635e-02;2.838203e-01;4.254631e-02;1.856476e-01;6.938519e-02;2.277019e-02;2.557471e-02;3.091743e-02
3.372061e-02;1.305826e-01;1.394601e-01;2.988711e-02;3.502987e-02;2.970335e-01;2.291738e-02;1.542087e-01;7.871008e-02;2.893000e-02;2.373659e-02;2.578352e-02
3.705016e-02;1.104533e-01;1.119159e-01;3.704549e-02;4.629106e-02;3.780919e-01;3.423574e-02;1.295814e-01;4.993844e-02;2.983364e-02;1.851019e-02;1.705281e-02
2.312502e-02;1.052388e-01;1.812880e-01;2.593056e-02;3.651944e-02;3.377058e-01;2.991721e-02;1.550500e-01;5.829622e-02;2.036990e-02;1.419960e-02;1.235941e-02
1.402945e-02;8.236962e-02;1.691447e-01;2.641933e-02;3.298701e-02;3.575027e-01;1.565824e-02;2.120011e-01;6.425813e-02;9.365102e-03;5.829610e-03;1.043504e-02
2.603751e-02;7.271594e-02;1.271755e-01;2.956742e-02;2.275874e-02;3.728676e-01;1.269098e-02;2.263662e-01;8.189521e-02;8.867304e-03;6.138695e-03;1.291886e-02
3.471773e-02;8.482693e-02;7.445560e-02;2.673128e-02;2.678314e-02;3.583553e-01;2.608342e-02;2.368394e-01;8.822842e-02;1.395351e-02;7.067001e-03;2.195828e-02
3.137210e-02;1.103249e-01;1.475064e-01;3.619967e-02;3.480248e-02;2.627399e-01;3.753929e-02;1.967659e-01;5.332694e-02;2.963841e-02;2.621453e-02;3.356951e-02
2.682703e-02;8.621348e-02;8.896525e-02;2.620068e-02;3.103714e-02;3.354267e-01;4.416844e-02;2.183203e-01;7.939342e-02;2.473764e-02;2.040237e-02;1.830754e-02
2.032643e-02;7.539002e-02;7.201948e-02;1.796195e-02;3.147779e-02;3.869721e-01;1.901754e-02;2.397186e-01;1.018602e-01;9.709790e-03;1.311805e-02;1.242812e-02
1.773452e-02;5.398561e-02;6.439956e-02;2.338727e-02;3.230216e-02;3.448592e-01;1.573189e-02;3.157552e-01;8.296594e-02;1.420840e-02;1.196736e-02;2.270283e-02
1.647322e-02;6.635195e-02;9.326698e-02;2.320170e-02;1.983642e-02;2.369386e-01;1.960502e-02;3.531744e-01;1.109055e-01;2.348728e-02;1.850505e-02;1.825374e-02
3.625563e-02;9.814866e-02;1.249050e-01;3.647364e-02;2.613935e-02;1.305820e-01;3.541636e-02;3.317659e-01;1.021862e-01;3.653229e-02;2.172018e-02;1.987465e-02
3.703845e-02;7.022574e-02;1.548007e-01;3.413679e-02;2.373753e-02;1.854926e-01;2.756192e-02;2.975067e-01;1.013137e-01;2.792959e-02;2.020852e-02;2.004784e-02
2.359837e-02;7.469478e-02;1.459534e-01;3.122409e-02;1.943971e-02;2.643134e-01;3.025461e-02;2.582254e-01;8.403081e-02;2.989196e-02;1.878968e-02;1.958392e-02
2.929343e-02;9.702738e-02;1.354167e-01;3.225561e-02;2.426438e-02;2.921615e-01;3.434662e-02;2.145817e-01;6.529579e-02;2.534947e-02;2.510183e-02;2.490567e-02
3.960198e-02;8.640089e-02;1.732145e-01;4.530993e-02;3.339400e-02;2.250119e-01;2.333549e-02;2.273580e-01;8.354833e-02;1.728724e-02;1.970014e-02;2.583763e-02
4.852933e-02;1.280324e-01;1.432911e-01;4.528799e-02;4.020227e-02;2.183034e-01;2.077940e-02;2.185048e-01;7.151689e-02;1.686581e-02;1.997252e-02;2.871409e-02
4.663977e-02;9.602144e-02;1.256894e-01;3.432453e-02;3.691969e-02;2.851507e-01;1.989479e-02;2.202105e-01;5.854781e-02;1.805178e-02;2.564581e-02;3.290386e-02
3.995853e-02;1.142192e-01;1.364121e-01;3.216910e-02;2.603783e-02;2.650232e-01;1.668749e-02;2.145338e-01;7.990548e-02;2.101547e-02;2.318564e-02;3.085232e-02
3.359266e-02;1.068932e-01;1.542765e-01;2.477830e-02;2.135888e-02;2.190863e-01;1.700327e-02;2.664956e-01;8.242748e-02;3.410909e-02;1.206848e-02;2.791023e-02
2.955531e-02;7.135629e-02;1.401828e-01;1.660959e-02;3.232552e-02;1.757363e-01;1.684213e-02;3.297345e-01;1.061149e-01;3.803593e-02;2.023329e-02;2.327347e-02
2.017932e-02;4.572954e-02;8.935606e-02;3.417613e-02;3.210388e-02;2.304607e-01;3.658130e-02;3.331604e-01;1.145884e-01;3.305671e-02;1.780887e-02;1.279877e-02
