4.191316e-02;1.312970e-01;1.024785e-01;4.967464e-02;9.297454e-02;9.380930e-02;4.875614e-02;1.500653e-01;1.376142e-01;6.799248e-02;5.453892e-02;2.888582e-02
6.605501e-02;1.180355e-01;1.238170e-01;2.979678e-02;8.562533e-02;6.557267e-02;4.534271e-02;1.490169e-01;1.496608e-01;6.598585e-02;4.956988e-02;5.152160e-02
5.358811e-02;1.302652e-01;1.032633e-01;4.755904e-02;7.830321e-02;7.139014e-02;3.901984e-02;1.673787e-01;1.231824e-01;5.554485e-02;5.805022e-02;7.245489e-02
3.680488e-02;1.301993e-01;9.562796e-02;9.284922e-02;7.732904e-02;9.574860e-02;8.411784e-02;1.273969e-01;9.558666e-02;5.110270e-02;6.580232e-02;4.743458e-02
3.847207e-02;9.277064e-02;8.919762e-02;1.174757e-01;8.629769e-02;9.319086e-02;1.314979e-01;8.788123e-02;1.234244e-01;3.908593e-02;6.499658e-02;3.570946e-02
3.438502e-02;8.850552e-02;9.704731e-02;9.571808e-02;6.601135e-02;1.034280e-01;1.316271e-01;9.240145e-02;1.683324e-01;3.715394e-02;5.198574e-02;3.340407e-02
3.121525e-02;1.098570e-01;1.045387e-01;6.219711e-02;5.704105e-02;8.869328e-02;1.111086e-01;1.286920e-01;1.715139e-01;2.985536e-02;6.658839e-02;3.869936e-02
4.107458e-02;9.623070e-02;1.029494e-01;6.809946e-02;8.770141e-02;8.076441e-02;1.049396e-01;1.472799e-01;1.549639e-01;4.495576e-02;4.966433e-02;2.137669e-02
5.242182e-02;8.801255e-02;8.768124e-02;6.919843e-02;9.672330e-02;1.014908e-01;9.865355e-02;1.754558e-01;1.100905e-01;5.160986e-02;3.128511e-02;3.737715e-02
5.671952e-02;9.093340e-02;7.269383e-02;7.555553e-02;7.597139e-02;1.138676e-01;7.762341e-02;1.996026e-01;1.050659e-01;6.429215e-02;2.835050e-02;3.932407e-02
3.104026e-02;9.973402e-02;9.417088e-02;9.695345e-02;7.116774e-02;1.195936e-01;6.717169e-02;1.935526e-01;9.398119e-02;7.365921e-02;2.215551e-02;3.681985e-02
5.603046e-02;1.222318e-01;1.479631e-01;1.028748e-01;7.063992e-02;1.080891e-01;6.461652e-02;1.112737e-01;7.530694e-02;6.202839e-02;3.129755e-02;4.764770e-02
4.978625e-02;8.041460e-02;1.314248e-01;8.471380e-02;5.110751e-02;2.208469e-01;7.315054e-02;1.131071e-01;4.972566e-02;3.661258e-02;3.246467e-02;7.664561e-02
4.031919e-02;5.335984e-02;9.410308e-02;7.755100e-02;6.402624e-02;2.251839e-01;7.444154e-02;9.995703e-02;4.313085e-02;4.091849e-02;9.326361e-02;9.374520e-02
4.148958e-02;5.084152e-02;1.397966e-01;9.035929e-02;5.573645e-02;1.603256e-01;7.618745e-02;6.316786e-02;2.210050e-02;7.596642e-02;1.437726e-01;8.025600e-02
4.541822e-02;5.308948e-02;2.486381e-01;7.943576e-02;3.798226e-02;8.031654e-02;7.226980e-02;2.898379e-02;1.735163e-02;1.520159e-01;1.345417e-01;4.995679e-02
4.347032e-02;7.397719e-02;3.497853e-01;3.602391e-02;2.431235e-02;3.640302e-02;5.497812e-02;2.441717e-02;3.940037e-02;1.928383e-01;5.510557e-02;6.928842e-02
1.651226e-02;1.523870e-01;2.829315e-01;3.094460e-02;1.418440e-02;8.284687e-02;1.986073e-02;3.361644e-02;9.552648e-02;1.161305e-01;2.086588e-02;1.341933e-01
8.235809e-03;2.378587e-01;1.466575e-01;4.256229e-02;8.756708e-03;1.609175e-01;9.137470e-03;2.625150e-02;1.616596e-01;3.115693e-02;2.377076e-02;1.430353e-01
8.265329e-03;2.948472e-01;7.036004e-02;3.727864e-02;1.335358e-02;1.990087e-01;6.622017e-03;1.653319e-02;2.132126e-01;1.618810e-02;2.849447e-02;9.583610e-02
7.208681e-03;3.225701e-01;6.347709e-02;2.223293e-02;1.415220e-02;1.873435e-01;1.282712e-02;2.343434e-02;2.328633e-01;1.641022e-02;2.766917e-02;6.981134e-02
2.860970e-02;3.148800e-01;8.845589e-02;1.099113e-02;2.643744e-02;1.615584e-01;2.117627e-02;3.459225e-02;2.174199e-01;3.038695e-02;1.977263e-02;4.571939e-02
5.240791e-02;2.523166e-01;8.810019e-02;1.792732e-02;5.137664e-02;1.592510e-01;3.823859e-02;6.703535e-02;1.638607e-01;5.961290e-02;1.917278e-02;3.070001e-02
4.597968e-02;1.417634e-01;1.409492e-01;2.494632e-02;5.991063e-02;1.651576e-01;6.316520e-02;7.644600e-02;9.573924e-02;7.277469e-02;4.917530e-02;6.399280e-02
1.094722e-02;1.247905e-01;2.178613e-01;3.332795e-02;2.155279e-02;1.164253e-01;5.948284e-02;6.613030e-02;1.452441e-01;6.837212e-02;5.417929e-02;8.168642e-02
2.217047e-02;1.609070e-01;2.259323e-01;5.224044e-02;2.007473e-02;1.428193e-01;3.796227e-02;4.182748e-02;1.425103e-01;5.003071e-02;3.011370e-02;7.341134e-02
2.773581e-02;1.957645e-01;1.988016e-01;4.771473e-02;3.681183e-02;2.148391e-01;1.847631e-02;3.582960e-02;1.050467e-01;5.914136e-02;2.130830e-02;3.853015e-02
4.069729e-02;2.126696e-01;1.595300e-01;6.376405e-02;5.997108e-02;1.897297e-01;2.402798e-02;4.092947e-02;7.418393e-02;6.683768e-02;2.706791e-02;4.059125e-02
6.832816e-02;1.924285e-01;1.384219e-01;9.202800e-02;1.000898e-01;1.269974e-01;2.524289e-02;5.449075e-02;9.625079e-02;6.233557e-02;1.298474e-02;3.040154e-02
8.070320e-02;1.755386e-01;1.113510e-01;7.953831e-02;1.227253e-01;9.302198e-02;3.267147e-02;7.182384e-02;1.385195e-01;5.631931e-02;1.387439e-02;2.391301e-02
6.284296e-02;1.386902e-01;8.988174e-02;4.268142e-02;8.267688e-02;1.430232e-01;2.936956e-02;7.599837e-02;2.197983e-01;7.232375e-02;9.976062e-03;3.273757e-02
5.557365e-02;1.562870e-01;7.603636e-02;1.771708e-02;3.709869e-02;1.411639e-01;3.457041e-02;1.349478e-01;2.512670e-01;5.915030e-02;1.847199e-02;1.771590e-02
5.281825e-02;1.732344e-01;7.508078e-02;1.322315e-02;2.859642e-02;7.482590e-02;6.280857e-02;2.086218e-01;2.166695e-01;5.518800e-02;1.900832e-02;1.992486e-02
3.917787e-02;1.939779e-01;1.049235e-01;1.921473e-02;2.394996e-02;5.954527e-02;7.428762e-02;2.446915e-01;1.446979e-01;4.329076e-02;2.448449e-02;2.775853e-02
3.338344e-02;1.559179e-01;1.473146e-01;1.689895e-02;4.157846e-02;1.212053e-01;3.340479e-02;2.289864e-01;1.090589e-01;3.540293e-02;3.977481e-02;3.707350e-02
2.462959e-02;1.257275e-01;1.686828e-01;3.031830e-02;3.447082e-02;1.273247e-01;3.901441e-02;1.983589e-01;1.437171e-01;4.194464e-02;3.211731e-02;3.369391e-02
3.620654e-02;1.687938e-01;1.971770e-01;3.309342e-02;2.216085e-02;9.462149e-02;4.313274e-02;1.691148e-01;1.421774e-01;3.976497e-02;2.395857e-02;2.979842e-02
2.210799e-02;1.935390e-01;2.087039e-01;3.206884e-02;2.280615e-02;8.777442e-02;2.025216e-02;1.516269e-01;1.129468e-01;3.279765e-02;3.727454e-02;7.810158e-02
3.047438e-02;1.805948e-01;2.073184e-01;3.725532e-02;3.641210e-02;8.475994e-02;1.577854e-02;1.375242e-01;1.170533e-01;4.805978e-02;2.530505e-02;7.946418e-02
5.032208e-02;1.636683e-01;2.035579e-01;4.370859e-02;5.312322e-02;8.877785e-02;2.779207e-02;1.485383e-01;1.080481e-01;5.284410e-02;1.767469e-02;4.194485e-02
8.218231e-02;1.568922e-01;1.558665e-01;3.609608e-02;5.577177e-02;7.712021e-02;1.852058e-02;2.053388e-01;9.640307e-02;5.040297e-02;3.427790e-02;3.112762e-02
1.033400e-01;1.213156e-01;9.304656e-02;2.217035e-02;6.082021e-02;6.305011e-02;4.211093e-02;2.782862e-01;1.047105e-01;4.842701e-02;3.838579e-02;2.433666e-02
1.246303e-01;6.897374e-02;6.784751e-02;1.887264e-02;4.644497e-02;4.960961e-02;4.639887e-02;3.412488e-01;9.506543e-02;6.994826e-02;3.694881e-02;3.401105e-02
1.112615e-01;3.187551e-02;5.194214e-02;4.036334e-02;3.182113e-02;3.770513e-02;1.188593e-01;2.752734e-01;6.327914e-02;1.196365e-01;1.939087e-02;9.859208e-02
6.988829e-02;5.195739e-02;5.237018e-02;8.638947e-02;2.103554e-02;3.672387e-02;1.887638e-01;1.291121e-01;4.227954e-02;1.552139e-01;3.911225e-03;1.623547e-01
2.588278e-02;7.720404e-02;6.650234e-02;1.084796e-01;1.741914e-02;5.199769e-02;2.676299e-01;2.396315e-02;2.476239e-02;1.347102e-01;5.613446e-03;1.958354e-01
8.987683e-03;6.377553e-02;6.305263e-02;9.750392e-02;1.354467e-02;7.768869e-02;3.213028e-01;6.125845e-02;1.920855e-02;8.836795e-02;1.854787e-02;1.667613e-01
3.459597e-02;6.903633e-02;6.194426e-02;8.561251e-02;2.140979e-02;1.287020e-01;3.259603e-01;3.893258e-02;4.295466e-02;6.466944e-02;1.739180e-02;1.087904e-01
4.818722e-02;8.514430e-02;6.699465e-02;6.735233e-02;2.513960e-02;1.502971e-01;2.538645e-01;9.819350e-02;6.684411e-02;5.373336e-02;1.966896e-02;6.458041e-02
5.465718e-02;9.205183e-02;9.904906e-02;6.013118e-02;2.979789e-02;1.630120e-01;1.667406e-01;1.057662e-01;7.582410e-02;6.339403e-02;2.543521e-02;6.414080e-02
6.508514e-02;1.088345e-01;1.441930e-01;4.505972e-02;1.841865e-02;1.158572e-01;1.038841e-01;9.633452e-02;7.866989e-02;9.724423e-02;2.574816e-02;1.006709e-01
6.091025e-02;9.727608e-02;1.429879e-01;4.483113e-02;3.117302e-02;8.222947e-02;8.150449e-02;1.199990e-01;1.095142e-01;9.124277e-02;3.876106e-02;9.957052e-02
4.967792e-02;7.224172e-02;1.200225e-01;4.944705e-02;2.999667e-02;9.788813e-02;1.230097e-01;1.793767e-01;1.079405e-01;6.635108e-02;3.797330e-02;6.607472e-02
4.377941e-02;1.033833e-01;1.298819e-01;4.625243e-02;2.425964e-02;1.139760e-01;1.128145e-01;2.067480e-01;7.286605e-02;5.539665e-02;3.384801e-02;5.679407e-02
3.772498e-02;6.640071e-02;1.192815e-01;4.879487e-02;2.560240e-02;1.677876e-01;1.330517e-01;1.994274e-01;5.493371e-02;4.807155e-02;3.932149e-02;5.960217e-02
3.213483e-02;9.137395e-02;1.315998e-01;5.543722e-02;2.404658e-02;1.532137e-01;7.123057e-02;1.759195e-01;7.775979e-02;7.706079e-02;4.847040e-02;6.175284e-02
1.839987e-02;1.141868e-01;1.424643e-01;5.381522e-02;5.996684e-02;1.704312e-01;4.823212e-02;1.478575e-01;7.785852e-02;6.829549e-02;3.817065e-02;6.032149e-02
3.247211e-02;8.910321e-02;1.296514e-01;4.065786e-02;7.900316e-02;2.631297e-01;5.881646e-02;9.512894e-02;5.988097e-02;4.405529e-02;4.201206e-02;6.608892e-02
2.569724e-02;7.919107e-02;1.399316e-01;2.541413e-02;6.127153e-02;3.666233e-01;2.693738e-02;7.230737e-02;5.150839e-02;2.813347e-02;6.089049e-02;6.209408e-02
9.445251e-03;7.912095e-02;1.507843e-01;1.446855e-02;1.898258e-02;3.995489e-01;1.029082e-01;4.625109e-02;4.412688e-02;2.120089e-02;6.844012e-02;4.472230e-02
1.624156e-02;5.851461e-02;1.433640e-01;2.565976e-02;1.906921e-02;4.155525e-01;8.718844e-02;5.670306e-02;4.045833e-02;2.268784e-02;7.419298e-02;4.036773e-02
1.650928e-02;5.489336e-02;1.186011e-01;3.480921e-02;2.840044e-02;4.252236e-01;7.311882e-02;7.023948e-02;4.247908e-02;3.008481e-02;7.765262e-02;2.798811e-02
2.149981e-02;5.807116e-02;9.216343e-02;2.744677e-02;2.318026e-02;4.029930e-01;8.233234e-02;7.824630e-02;7.094441e-02;4.111381e-02;7.639331e-02;2.561544e-02
1.858844e-02;4.361034e-02;7.723678e-02;1.967867e-02;4.783259e-02;3.711262e-01;5.471118e-02;7.205813e-02;1.108188e-01;5.966612e-02;1.006788e-01;2.399405e-02
3.104813e-02;7.500598e-02;8.557368e-02;1.653238e-02;4.746731e-02;2.759148e-01;6.909284e-02;6.827638e-02;1.070676e-01;5.733875e-02;1.346834e-01;3.199882e-02
4.744120e-02;9.515503e-02;8.315110e-02;3.442240e-02;5.139273e-02;2.189723e-01;1.010340e-01;9.005579e-02;8.349138e-02;4.059437e-02;1.123058e-01;4.198395e-02
4.524210e-02;9.661614e-02;6.924093e-02;5.710956e-02;6.546135e-02;1.868261e-01;1.093709e-01;1.197764e-01;1.134811e-01;4.311823e-02;5.888938e-02;3.486776e-02
2.057257e-02;9.297862e-02;8.454534e-02;7.099749e-02;6.310826e-02;1.204588e-01;1.047071e-01;1.672630e-01;1.543519e-01;5.541547e-02;4.126774e-02;2.433364e-02
2.107960e-02;9.065019e-02;9.880175e-02;6.833325e-02;4.604325e-02;8.818998e-02;1.037115e-01;1.690612e-01;1.732701e-01;5.572482e-02;5.172567e-02;3.340873e-02
2.917715e-02;7.005065e-02;1.007747e-01;4.841100e-02;3.570388e-02;1.058348e-01;7.763462e-02;1.871870e-01;1.649302e-01;6.326909e-02;6.383600e-02;5.319098e-02
2.990964e-02;6.463605e-02;9.711585e-02;2.478055e-02;3.085581e-02;1.714990e-01;3.415338e-02;1.833415e-01;1.523525e-01;7.815466e-02;6.395461e-02;6.924640e-02
3.472389e-02;7.498016e-02;8.484611e-02;3.135582e-02;4.435188e-02;1.899242e-01;4.609786e-02;1.499032e-01;1.385013e-01;7.197054e-02;5.669132e-02;7.665366e-02
3.632040e-02;6.897265e-02;8.538024e-02;2.599766e-02;7.193775e-02;1.825604e-01;6.955912e-02;1.399415e-01;1.328962e-01;6.365462e-02;5.138732e-02;7.139218e-02
2.846304e-02;1.011316e-01;1.045109e-01;4.308039e-02;5.435165e-02;1.433570e-01;1.019114e-01;1.310262e-01;1.321650e-01;6.096060e-02;4.564744e-02;5.339481e-02
2.517339e-02;1.141323e-01;1.189312e-01;5.659179e-02;3.082975e-02;1.107612e-01;1.022429e-01;1.354496e-01;1.118370e-01;7.523133e-02;6.050109e-02;5.831838e-02
3.361639e-02;1.138377e-01;1.443208e-01;5.167031e-02;2.130830e-02;8.140603e-02;1.199272e-01;1.158822e-01;7.232602e-02;8.940842e-02;7.991876e-02;7.637783e-02
3.717919e-02;1.438209e-01;1.708321e-01;2.880912e-02;2.585141e-02;8.210659e-02;9.379958e-02;1.052217e-01;1.022992e-01;8.139586e-02;7.385281e-02;5.483155e-02
4.305835e-02;1.091846e-01;1.594575e-01;3.588850e-02;2.928060e-02;1.275475e-01;5.271668e-02;1.390424e-01;1.170244e-01;9.226257e-02;5.629390e-02;3.824295e-02
4.044053e-02;7.650067e-02;1.430254e-01;5.961082e-02;3.195904e-02;1.351593e-01;5.347890e-02;1.397888e-01;1.489296e-01;8.740371e-02;3.847853e-02;4.522473e-02
3.963226e-02;9.541717e-02;1.450592e-01;8.773407e-02;2.477372e-02;1.312232e-01;7.398988e-02;1.488596e-01;1.231083e-01;5.454615e-02;3.272749e-02;4.292887e-02
6.519192e-02;6.224410e-02;1.424514e-01;7.292873e-02;2.575938e-02;1.278666e-01;9.993102e-02;1.934381e-01;8.322600e-02;4.581198e-02;3.877521e-02;4.237547e-02
7.729211e-02;1.449382e-01;1.674524e-01;5.072434e-02;1.884772e-02;7.900609e-02;7.220177e-02;1.676000e-01;8.836606e-02;4.994661e-02;5.089321e-02;3.273156e-02
6.110245e-02;1.461154e-01;1.595121e-01;5.732946e-02;1.664979e-02;8.440570e-02;5.410547e-02;1.752984e-01;1.048479e-01;5.241232e-02;5.979677e-02;2.842440e-02
3.415968e-02;9.667289e-02;1.382144e-01;4.708443e-02;2.899153e-02;1.099791e-01;5.869642e-02;2.054892e-01;1.420018e-01;4.552421e-02;5.560189e-02;3.758444e-02
1.773199e-02;1.149153e-01;1.343457e-01;3.022745e-02;4.393236e-02;1.432021e-01;7.570601e-02;1.643508e-01;1.445430e-01;3.880555e-02;4.241417e-02;4.982563e-02
4.466859e-02;1.301715e-01;1.392544e-01;4.019776e-02;5.029408e-02;1.290123e-01;7.904261e-02;8.889635e-02;1.395824e-01;7.834133e-02;5.151404e-02;2.902458e-02
4.970243e-02;7.577981e-02;1.276504e-01;7.850683e-02;7.714307e-02;8.841570e-02;6.423513e-02;1.159409e-01;1.380161e-01;1.143848e-01;4.783886e-02;2.238603e-02
4.062268e-02;9.464587e-02;1.358524e-01;7.936113e-02;9.146583e-02;1.042246e-01;6.253690e-02;1.200240e-01;1.211132e-01;8.768693e-02;3.176161e-02;3.070487e-02
3.115505e-02;1.406131e-01;2.086893e-01;5.046647e-02;6.318790e-02;1.446265e-01;5.364804e-02;8.018548e-02;1.326663e-01;5.124505e-02;1.838426e-02;2.513254e-02
2.298732e-02;1.666606e-01;2.988562e-01;3.653349e-02;4.018568e-02;1.046823e-01;5.594404e-02;7.467188e-02;1.132105e-01;4.961444e-02;1.985900e-02;1.679456e-02
1.847928e-02;1.421854e-01;2.878333e-01;6.785243e-02;4.109364e-02;1.276544e-01;5.828371e-02;6.704439e-02;9.287872e-02;5.306285e-02;2.817151e-02;1.546037e-02
1.450535e-02;9.925300e-02;2.230183e-01;1.044281e-01;5.757355e-02;2.032578e-01;4.176138e-02;7.412517e-02;9.319580e-02;3.580535e-02;3.881268e-02;1.426351e-02
1.608303e-02;9.912144e-02;2.194634e-01;1.066753e-01;7.247326e-02;2.143469e-01;3.986630e-02;7.276252e-02;8.322787e-02;1.940941e-02;3.988881e-02;1.668169e-02
2.608584e-02;1.586373e-01;1.960284e-01;7.514036e-02;6.100005e-02;1.804132e-01;3.678951e-02;8.762537e-02;8.558755e-02;2.745566e-02;3.359027e-02;3.164651e-02
4.243019e-02;2.238807e-01;2.325823e-01;3.259340e-02;4.623209e-02;1.293843e-01;4.433412e-02;8.119415e-02;7.902414e-02;2.973649e-02;1.694978e-02;4.165831e-02
4.660533e-02;2.325147e-01;2.875452e-01;2.366484e-02;4.761678e-02;9.778465e-02;4.659008e-02;6.553490e-02;6.445360e-02;2.951462e-02;2.421669e-02;3.395854e-02
5.418724e-02;2.101222e-01;2.858767e-01;3.721310e-02;6.479713e-02;8.899149e-02;3.292739e-02;7.424533e-02;6.428380e-02;2.778656e-02;2.764195e-02;3.192715e-02
5.527450e-02;1.673211e-01;2.461425e-01;6.746238e-02;9.365246e-02;8.860269e-02;4.105135e-02;5.993808e-02;8.164924e-02;3.506076e-02;2.656082e-02;3.728414e-02
3.954750e-02;9.191236e-02;1.427481e-01;6.479061e-02;6.398760e-02;1.190366e-01;7.455404e-02;5.668131e-02;1.062787e-01;1.262596e-01;7.824162e-02;3.596204e-02
2.830125e-02;4.230160e-02;1.595372e-01;5.655575e-02;4.298398e-02;8.603896e-02;9.565976e-02;3.836545e-02;5.512546e-02;2.387147e-01;1.250366e-01;3.137918e-02
2.472839e-02;5.796071e-02;1.436178e-01;5.019062e-02;3.668927e-02;6.274975e-02;8.352555e-02;3.375597e-02;4.586593e-02;2.926736e-01;1.322979e-01;3.594443e-02
3.185442e-02;1.176942e-01;1.042151e-01;4.194498e-02;2.499416e-02;6.485155e-02;5.400549e-02;3.905392e-02;9.319565e-02;2.582615e-01;1.020363e-01;6.789262e-02
7.463561e-02;1.741183e-01;5.782056e-02;3.854636e-02;3.265763e-02;6.816482e-02;4.420201e-02;6.026746e-02;1.271871e-01;1.616795e-01;8.161762e-02;7.910302e-02
1.838876e-01;1.340483e-01;5.233504e-02;3.206140e-02;8.490647e-02;4.479482e-02;5.042678e-02;1.194514e-01;9.307975e-02;6.043807e-02;9.074988e-02;5.382054e-02
2.405407e-01;5.167810e-02;1.246963e-01;3.315762e-02;9.620457e-02;2.928323e-02;5.869124e-02;1.769511e-01;5.170325e-02;3.285837e-02;6.408852e-02;4.014694e-02
1.665998e-01;5.633169e-02;1.570146e-01;5.676403e-02;5.405236e-02;3.533106e-02;1.157283e-01;1.734037e-01;6.490401e-02;2.824488e-02;3.535653e-02;5.626908e-02
6.309912e-02;7.098181e-02;1.243884e-01;1.041058e-01;2.089204e-02;5.876355e-02;2.144252e-01;1.152759e-01;6.770775e-02;4.043163e-02;3.495083e-02;8.497794e-02
4.877879e-02;7.452485e-02;7.735991e-02;1.197101e-01;2.559765e-02;9.743745e-02;2.647195e-01;3.551304e-02;4.737188e-02;4.356454e-02;5.270465e-02;1.127176e-01
6.547014e-02;8.300351e-02;7.379643e-02;8.015432e-02;4.027695e-02;1.559027e-01;2.299751e-01;5.259305e-02;3.963400e-02;4.684128e-02;3.600599e-02;9.634649e-02
7.824712e-02;8.201333e-02;1.276472e-01;4.481127e-02;4.817588e-02;1.690805e-01;1.452668e-01;6.048554e-02;5.362063e-02;5.191895e-02;8.217876e-02;5.655411e-02
1.188148e-01;1.210766e-01;2.055980e-01;6.224303e-02;4.122122e-02;7.672672e-02;7.507874e-02;6.057578e-02;5.458287e-02;3.505986e-02;1.042933e-01;4.472902e-02
1.545647e-01;1.669518e-01;2.132729e-01;7.159972e-02;2.565740e-02;3.853216e-02;4.017400e-02;4.838128e-02;5.537216e-02;6.799348e-02;5.855132e-02;5.894901e-02
1.194296e-01;1.892720e-01;1.705028e-01;5.360515e-02;2.135992e-02;6.316948e-02;6.478690e-02;7.441570e-02;6.009727e-02;1.035431e-01;2.404751e-02;5.577051e-02
8.508830e-02;1.789650e-01;1.635503e-01;3.936135e-02;2.914253e-02;7.860420e-02;7.305286e-02;9.073912e-02;7.009719e-02;9.858604e-02;4.650500e-02;4.630806e-02
1.233649e-01;1.241672e-01;1.490933e-01;3.331761e-02;3.890309e-02;7.301024e-02;7.571786e-02;1.516633e-01;9.252118e-02;4.231629e-02;5.477243e-02;4.115271e-02
1.175107e-01;1.396516e-01;1.379461e-01;3.318128e-02;2.361070e-02;6.381080e-02;1.031239e-01;1.588097e-01;7.929324e-02;4.592351e-02;4.624223e-02;5.089622e-02
8.544450e-02;1.415551e-01;1.596705e-01;5.777574e-02;2.401936e-02;7.232075e-02;8.577956e-02;1.378679e-01;7.409748e-02;7.389341e-02;4.820542e-02;3.937028e-02
4.222067e-02;1.087611e-01;1.604231e-01;8.125933e-02;3.630292e-02;6.432915e-02;8.674850e-02;1.057313e-01;5.670194e-02;9.631237e-02;1.000881e-01;6.112153e-02
5.260637e-02;1.102071e-01;1.305532e-01;5.516731e-02;2.841071e-02;1.147702e-01;1.162159e-01;5.310112e-02;6.237840e-02;7.047871e-02;1.358001e-01;7.031096e-02
4.788286e-02;9.639527e-02;1.077644e-01;2.083227e-02;4.617849e-02;1.593139e-01;9.216240e-02;6.535114e-02;7.130765e-02;4.199445e-02;1.979104e-01;5.290684e-02
2.736886e-02;1.555338e-01;6.654718e-02;1.127528e-02;9.232938e-02;1.336677e-01;5.587744e-02;1.121622e-01;6.078414e-02;9.049616e-02;1.492039e-01;4.475402e-02
1.763301e-02;2.119620e-01;4.158960e-02;1.878071e-02;1.313236e-01;6.268458e-02;3.587562e-02;1.148995e-01;5.303015e-02;1.808337e-01;6.880085e-02;6.258667e-02
1.158244e-02;2.135777e-01;3.651781e-02;1.900589e-02;1.497935e-01;2.594191e-02;1.641193e-02;7.798427e-02;6.543433e-02;2.500304e-01;3.658410e-02;9.713577e-02
3.017925e-02;1.491080e-01;3.951446e-02;1.747868e-02;1.558151e-01;2.914269e-02;1.195429e-02;4.988950e-02;8.358780e-02;2.798956e-01;3.593249e-02;1.175022e-01
2.460148e-02;1.139693e-01;4.005082e-02;3.213855e-02;1.592377e-01;4.679102e-02;1.945642e-02;4.681044e-02;9.558337e-02;2.795736e-01;3.339478e-02;1.083924e-01
1.773434e-02;1.274072e-01;3.854159e-02;4.745633e-02;1.631970e-01;5.824402e-02;3.993240e-02;5.871383e-02;9.103297e-02;2.396462e-01;3.585602e-02;8.223815e-02
1.771632e-02;1.422496e-01;5.699217e-02;7.979839e-02;1.739780e-01;2.661650e-02;6.243047e-02;8.254661e-02;8.734594e-02;1.743921e-01;3.651560e-02;5.941832e-02
3.077552e-02;1.264075e-01;5.399697e-02;9.947883e-02;1.738090e-01;7.583760e-02;7.251605e-02;8.754611e-02;9.616016e-02;8.694126e-02;3.540333e-02;6.112777e-02
5.342007e-02;9.902018e-02;7.872801e-02;8.853046e-02;1.355714e-01;7.032769e-02;7.157673e-02;1.111043e-01;1.336629e-01;4.482110e-02;5.870739e-02;5.452982e-02
4.962946e-02;8.452803e-02;1.164509e-01;6.489576e-02;9.369979e-02;3.412297e-02;6.129507e-02;1.530114e-01;1.666398e-01;8.393509e-02;5.828192e-02;3.350992e-02
3.631648e-02;1.058911e-01;1.124600e-01;5.805288e-02;1.014979e-01;6.046963e-02;4.782341e-02;1.411404e-01;1.490652e-01;1.100875e-01;3.244456e-02;4.475097e-02
4.282022e-02;1.262957e-01;1.077186e-01;6.871545e-02;1.267581e-01;4.692125e-02;5.004427e-02;1.325614e-01;1.097577e-01;1.285250e-01;1.618599e-02;4.369625e-02
3.946240e-02;1.359064e-01;8.441930e-02;7.378820e-02;1.187505e-01;5.646564e-02;4.706406e-02;1.509505e-01;9.854200e-02;1.402178e-01;1.468483e-02;3.974849e-02
5.723377e-02;1.094577e-01;8.412451e-02;6.562497e-02;9.688807e-02;6.567198e-02;6.303040e-02;1.507743e-01;8.935144e-02;1.385540e-01;2.637006e-02;5.291888e-02
6.859682e-02;1.141663e-01;8.522756e-02;4.254374e-02;8.374166e-02;6.265611e-02;7.698806e-02;1.558441e-01;8.119023e-02;1.447233e-01;3.368107e-02;5.064108e-02
6.382417e-02;1.331682e-01;1.003510e-01;3.788726e-02;7.677206e-02;8.419398e-02;5.208782e-02;1.757559e-01;6.388016e-02;1.206935e-01;3.783966e-02;5.354631e-02
5.727752e-02;1.487931e-01;1.386187e-01;3.027083e-02;1.017460e-01;7.754351e-02;5.322916e-02;1.061687e-01;7.007600e-02;8.035198e-02;6.268228e-02;7.324218e-02
5.674242e-02;1.302186e-01;1.431872e-01;6.468734e-02;1.430464e-01;5.173708e-02;6.283667e-02;1.052061e-01;6.389108e-02;5.508038e-02;6.168403e-02;6.168272e-02
5.755435e-02;1.048070e-01;1.624930e-01;5.851381e-02;1.440425e-01;5.949902e-02;4.651731e-02;1.487729e-01;6.280494e-02;8.369833e-02;3.153160e-02;3.976528e-02
4.688644e-02;9.551799e-02;1.651862e-01;5.758771e-02;1.179966e-01;6.880841e-02;3.185667e-02;1.882568e-01;9.384269e-02;1.044842e-01;6.196161e-03;2.338008e-02
2.521671e-02;8.806249e-02;1.487840e-01;4.287226e-02;9.860890e-02;4.983399e-02;2.102879e-02;2.343769e-01;1.079291e-01;1.316770e-01;1.995022e-02;3.165962e-02
1.453706e-02;7.949895e-02;1.451524e-01;4.127014e-02;9.447695e-02;3.753688e-02;1.715977e-02;2.763294e-01;9.523239e-02;1.416398e-01;1.987780e-02;3.728852e-02
1.954516e-02;1.020733e-01;1.408119e-01;3.099934e-02;9.238414e-02;5.586348e-02;1.823525e-02;2.825503e-01;7.177073e-02;1.143402e-01;3.191634e-02;3.950987e-02
1.967332e-02;1.132262e-01;1.413795e-01;3.484536e-02;7.946579e-02;6.077417e-02;1.962057e-02;3.128083e-01;5.331228e-02;8.559025e-02;3.104165e-02;4.826255e-02
1.951397e-02;1.154301e-01;1.368766e-01;3.404593e-02;6.324444e-02;7.859801e-02;1.595141e-02;3.187931e-01;9.382439e-02;4.926101e-02;3.182082e-02;4.264026e-02
1.353857e-02;1.752771e-01;1.608461e-01;2.179559e-02;6.046782e-02;1.125804e-01;2.602928e-02;2.640508e-01;6.323881e-02;3.247490e-02;3.097202e-02;3.872864e-02
1.888332e-02;2.124822e-01;1.667153e-01;2.183431e-02;4.300943e-02;1.131888e-01;4.082236e-02;1.857250e-01;5.368477e-02;8.194001e-02;2.355608e-02;3.815846e-02
2.346982e-02;2.090514e-01;1.410874e-01;1.365162e-02;3.172203e-02;1.203823e-01;7.636520e-02;1.450164e-01;7.136174e-02;1.148157e-01;1.965338e-02;3.342295e-02
2.718509e-02;2.076607e-01;1.183696e-01;1.703296e-02;4.043923e-02;1.215433e-01;9.742393e-02;1.232991e-01;9.159710e-02;1.166897e-01;1.945937e-02;1.929993e-02
3.253978e-02;1.867260e-01;8.493613e-02;2.088530e-02;4.910009e-02;1.271819e-01;7.470629e-02;1.844162e-01;1.055482e-01;1.004177e-01;2.587602e-02;7.666438e-03
3.528626e-02;1.735329e-01;8.377610e-02;4.284152e-02;5.393421e-02;1.177065e-01;3.826712e-02;1.978139e-01;1.075352e-01;1.008179e-01;2.787003e-02;2.061833e-02
3.285159e-02;1.672462e-01;1.095266e-01;4.709316e-02;6.217277e-02;1.438957e-01;4.995385e-02;1.531820e-01;7.833315e-02;1.010871e-01;2.381267e-02;3.084514e-02
2.526996e-02;1.138080e-01;1.072747e-01;4.517175e-02;6.244125e-02;1.660481e-01;6.502523e-02;1.559142e-01;6.789799e-02;1.171368e-01;2.296371e-02;5.104829e-02
3.373602e-02;6.261604e-02;1.229055e-01;2.932728e-02;4.983351e-02;1.558227e-01;5.406403e-02;1.853008e-01;7.110315e-02;1.439789e-01;3.568460e-02;5.562749e-02
4.196664e-02;1.219939e-01;1.363885e-01;2.352120e-02;4.362790e-02;7.778428e-02;4.359512e-02;1.804586e-01;1.076851e-01;1.462517e-01;2.957535e-02;4.715163e-02
3.267384e-02;1.584650e-01;1.828474e-01;3.064264e-02;4.629496e-02;6.381462e-02;4.099404e-02;1.475992e-01;1.197628e-01;1.235728e-01;1.458326e-02;3.874942e-02
4.143510e-02;1.995427e-01;1.908021e-01;3.833209e-02;5.629309e-02;5.909106e-02;4.376987e-02;1.255809e-01;1.054816e-01;8.626446e-02;2.666542e-02;2.674174e-02
4.002925e-02;1.995692e-01;2.004111e-01;4.760856e-02;7.630773e-02;4.619978e-02;5.283393e-02;1.229436e-01;7.417361e-02;6.544017e-02;4.204998e-02;3.243311e-02
3.077173e-02;1.608064e-01;1.716928e-01;7.453538e-02;9.587634e-02;9.962859e-02;3.295210e-02;1.361557e-01;5.868213e-02;5.080935e-02;4.861771e-02;3.947174e-02
