6.567538e-02;9.197403e-02;1.144233e-01;6.774183e-02;4.512708e-02;7.605058e-02;1.263679e-01;5.346897e-02;9.622821e-02;6.275899e-02;1.334342e-01;6.674954e-02
9.996861e-02;1.038568e-01;1.091463e-01;5.551560e-02;6.254818e-02;7.732936e-02;8.990622e-02;8.906391e-02;7.732476e-02;6.753799e-02;8.092053e-02;8.688177e-02
1.042054e-01;1.061653e-01;1.089294e-01;6.135514e-02;6.621842e-02;7.847293e-02;9.810659e-02;8.590945e-02;7.949750e-02;6.037090e-02;6.956260e-02;8.120638e-02
9.404387e-02;1.104455e-01;1.004486e-01;5.217839e-02;6.350793e-02;9.712336e-02;1.035626e-01;7.934456e-02;9.818883e-02;6.061404e-02;6.638102e-02;7.416135e-02
4.330288e-02;1.378547e-01;8.634118e-02;6.084036e-02;5.753080e-02;1.173201e-01;1.334575e-01;6.264961e-02;1.189532e-01;7.819687e-02;4.564949e-02;5.790331e-02
3.962341e-02;1.900042e-01;5.793586e-02;6.851288e-02;5.837958e-02;7.045271e-02;1.439792e-01;5.712049e-02;8.318349e-02;6.441683e-02;5.732324e-02;1.090682e-01
1.389608e-01;1.330647e-01;1.162131e-01;2.878450e-02;9.244380e-02;4.401878e-02;9.840172e-02;7.934672e-02;5.704184e-02;3.598477e-02;1.099149e-01;6.582435e-02
1.971379e-01;5.783614e-02;1.243690e-01;2.179553e-02;1.066601e-01;5.732622e-02;9.530273e-02;8.897840e-02;5.036191e-02;2.944599e-02;1.454401e-01;2.534606e-02
1.626779e-01;7.898917e-02;7.816339e-02;5.044957e-02;7.818848e-02;6.399418e-02;1.216886e-01;6.110458e-02;7.827282e-02;3.582358e-02;1.571215e-01;3.352640e-02
9.668215e-02;1.280890e-01;4.804032e-02;8.780659e-02;5.636369e-02;8.985414e-02;8.068927e-02;4.726171e-02;1.209240e-01;2.610429e-02;1.448299e-01;7.335497e-02
3.760242e-02;1.456707e-01;3.883884e-02;1.020393e-01;5.387909e-02;1.349547e-01;3.431123e-02;3.292644e-02;1.631981e-01;1.418499e-02;1.304299e-01;1.119644e-01
3.750135e-02;1.215195e-01;3.761296e-02;8.350785e-02;5.508713e-02;1.437994e-01;4.153829e-02;5.185422e-02;1.737110e-01;1.538381e-02;1.336112e-01;1.048732e-01
6.752468e-02;1.143672e-01;5.016636e-02;7.194716e-02;7.107337e-02;1.371555e-01;4.650867e-02;8.124978e-02;1.639273e-01;1.695316e-02;1.125212e-01;6.660569e-02
9.000012e-02;1.213309e-01;5.565491e-02;8.333444e-02;8.782186e-02;1.187004e-01;8.167321e-02;9.403617e-02;1.477439e-01;1.981925e-02;6.553242e-02;3.435244e-02
1.029937e-01;1.151845e-01;6.715872e-02;8.023871e-02;8.947339e-02;9.476960e-02;1.308450e-01;7.962830e-02;1.396302e-01;2.122008e-02;4.912880e-02;2.972902e-02
1.243136e-01;8.184423e-02;6.686254e-02;9.545811e-02;6.792893e-02;8.355932e-02;1.500783e-01;6.354161e-02;1.096246e-01;1.598346e-02;6.769021e-02;7.311507e-02
1.229629e-01;8.678904e-02;3.753538e-02;1.091963e-01;5.876672e-02;9.229866e-02;1.523904e-01;6.102942e-02;1.060838e-01;2.089450e-02;5.573865e-02;9.631424e-02
9.906504e-02;7.118788e-02;5.075282e-02;1.099601e-01;6.387447e-02;8.180032e-02;1.412889e-01;5.658849e-02;1.237238e-01;2.467087e-02;6.060140e-02;1.164859e-01
9.343844e-02;5.190732e-02;6.192382e-02;1.080688e-01;7.748079e-02;4.850481e-02;1.568253e-01;6.467695e-02;1.204603e-01;1.882824e-02;8.995719e-02;1.079279e-01
7.322485e-02;4.886230e-02;6.975663e-02;1.060399e-01;7.051592e-02;4.892413e-02;1.585130e-01;8.543004e-02;1.442987e-01;2.237025e-02;7.995187e-02;9.211235e-02
9.363070e-02;4.948886e-02;6.230170e-02;1.015343e-01;5.771171e-02;7.733336e-02;1.349480e-01;8.815335e-02;1.573288e-01;4.215182e-02;6.335306e-02;7.206429e-02
8.957807e-02;4.957207e-02;4.963133e-02;9.439432e-02;8.776096e-02;1.059598e-01;1.039078e-01;9.022032e-02;1.468312e-01;3.969377e-02;5.844300e-02;8.400736e-02
7.902913e-02;8.673859e-02;8.488344e-02;8.114927e-02;9.929009e-02;1.232965e-01;1.110562e-01;7.351046e-02;1.070618e-01;2.876185e-02;4.033700e-02;8.488568e-02
9.407289e-02;1.086852e-01;1.594777e-01;6.264621e-02;6.098473e-02;1.128825e-01;9.378655e-02;3.537201e-02;1.374213e-01;5.897288e-02;4.247373e-02;3.322429e-02
3.562773e-02;8.750172e-02;1.630041e-01;4.777094e-02;3.746656e-02;6.563520e-02;1.321648e-01;9.430180e-02;9.459403e-02;5.906678e-02;1.100226e-01;7.284364e-02
1.197826e-01;8.228921e-02;1.228342e-01;4.816231e-02;6.341773e-02;5.224248e-02;1.290817e-01;1.095005e-01;1.377115e-02;2.247053e-02;7.354622e-02;1.629014e-01
1.774570e-01;7.511815e-02;7.889833e-02;4.169149e-02;8.425130e-02;4.614665e-02;9.126907e-02;7.253303e-02;7.330913e-02;1.640470e-02;4.068788e-02;2.022333e-01
1.979415e-01;3.521974e-02;5.348099e-02;3.634631e-02;9.236775e-02;5.840117e-02;2.503460e-02;4.128628e-02;1.273892e-01;4.104547e-02;6.571445e-02;2.257726e-01
2.572156e-01;6.626564e-02;2.545513e-02;2.250381e-02;6.432812e-02;7.626510e-02;5.706419e-02;3.128781e-02;1.058052e-01;8.887018e-02;4.589481e-02;1.590443e-01
2.787979e-01;1.254217e-01;3.089472e-02;1.228075e-02;3.252331e-02;7.962945e-02;1.174898e-01;4.384686e-02;5.669326e-02;1.179931e-01;3.163204e-02;7.279708e-02
1.769745e-01;1.706840e-01;9.708431e-02;6.775231e-03;1.776975e-02;4.971677e-02;1.618614e-01;5.609307e-02;2.825304e-02;7.884726e-02;1.125434e-01;4.339740e-02
7.358472e-02;1.555987e-01;2.112106e-01;1.055751e-02;1.506962e-02;2.063112e-02;1.555755e-01;8.167825e-02;2.370964e-02;2.640224e-02;1.537006e-01;7.228156e-02
1.561720e-02;9.680354e-02;3.254332e-01;3.318951e-02;1.147306e-02;1.013407e-02;9.717976e-02;1.054160e-01;3.471807e-02;1.983967e-02;1.087628e-01;1.414331e-01
7.150216e-02;4.846410e-02;3.303514e-01;8.997901e-02;1.987458e-02;1.510849e-02;4.379476e-02;8.744253e-02;7.977775e-02;1.956392e-02;3.951737e-02;1.546240e-01
1.542717e-01;1.449945e-02;2.251237e-01;1.795040e-01;3.589880e-02;9.833043e-03;2.063931e-02;5.161345e-02;1.794746e-01;2.568521e-02;7.816432e-03;9.564038e-02
2.075393e-01;1.862911e-02;1.111401e-01;2.068507e-01;5.478806e-02;5.845253e-03;3.106392e-02;5.730548e-02;2.293618e-01;3.811862e-02;9.818533e-03;2.953906e-02
2.332934e-01;3.167618e-02;7.206570e-02;1.900474e-01;8.692727e-02;9.851426e-03;3.329517e-02;5.393849e-02;2.055741e-01;6.317987e-02;1.118761e-02;8.963359e-03
2.217753e-01;4.466452e-02;4.132996e-02;1.597892e-01;1.353560e-01;2.032841e-02;4.478762e-02;3.295672e-02;1.650251e-01;1.130914e-01;5.624920e-03;1.527087e-02
1.586739e-01;4.198840e-02;3.209673e-02;1.493261e-01;1.473209e-01;2.566202e-02;6.055895e-02;2.171334e-02;1.967512e-01;1.341008e-01;1.171935e-02;2.008840e-02
1.165888e-01;2.440423e-02;2.787446e-02;1.411789e-01;1.349948e-01;2.056530e-02;7.396269e-02;4.779775e-02;2.741709e-01;1.066819e-01;1.600183e-02;1.577846e-02
7.099466e-02;2.021810e-02;3.660916e-02;1.757817e-01;9.678394e-02;2.034557e-02;6.422023e-02;6.378352e-02;3.559456e-01;7.253774e-02;1.557152e-02;7.208338e-03
2.619049e-02;1.446187e-02;7.088861e-02;1.901650e-01;5.040912e-02;4.329146e-02;5.510962e-02;1.017395e-01;3.587885e-01;3.818861e-02;1.336317e-02;3.740414e-02
2.333715e-02;1.122977e-02;1.160855e-01;1.256083e-01;2.657544e-02;9.209397e-02;8.544348e-02;1.838785e-01;2.404054e-01;2.099982e-02;3.873721e-03;7.046894e-02
1.293475e-02;1.651195e-02;1.292583e-01;4.841885e-02;1.989688e-02;9.754562e-02;1.211812e-01;2.810924e-01;1.357416e-01;2.320095e-02;2.156230e-02;9.265524e-02
1.253649e-02;2.729787e-02;1.082800e-01;2.011097e-02;2.988409e-02;6.298332e-02;1.790906e-01;2.927561e-01;8.914744e-02;2.445507e-02;6.284507e-02;9.061296e-02
2.058015e-02;6.027407e-02;6.328321e-02;2.183530e-02;4.802246e-02;6.793206e-02;2.860871e-01;1.765371e-01;5.821836e-02;3.016327e-02;1.131492e-01;5.391768e-02
4.573100e-02;7.095501e-02;4.235215e-02;1.045855e-02;6.691021e-02;1.308513e-01;2.931451e-01;8.146600e-02;6.706069e-02;4.872293e-02;1.178636e-01;2.448343e-02
6.600231e-02;4.403291e-02;7.140628e-02;3.792941e-02;8.653890e-02;1.737452e-01;1.946285e-01;8.161335e-02;6.927188e-02;7.324621e-02;7.759457e-02;2.399051e-02
7.158945e-02;2.975975e-02;1.045860e-01;5.440225e-02;8.294387e-02;1.902027e-01;1.750559e-01;1.092295e-01;5.023661e-02;5.975517e-02;3.765343e-02;3.458548e-02
8.124807e-02;3.073665e-02;1.172078e-01;6.552318e-02;6.320947e-02;1.304512e-01;1.492222e-01;1.397052e-01;7.707877e-02;5.327933e-02;5.407307e-02;3.826518e-02
6.762280e-02;4.529686e-02;1.620570e-01;1.006191e-01;7.788084e-02;9.278281e-02;1.056911e-01;9.682035e-02;9.958632e-02;7.012156e-02;5.434240e-02;2.717891e-02
3.815140e-02;6.790853e-02;1.783437e-01;9.876280e-02;8.911022e-02;1.061257e-01;1.326949e-01;5.623040e-02;8.785333e-02;9.157686e-02;3.496223e-02;1.827997e-02
5.421763e-02;6.941549e-02;1.302776e-01;5.418154e-02;1.095309e-01;1.300030e-01;1.276644e-01;9.018314e-02;7.733391e-02;7.773071e-02;5.688926e-02;2.257249e-02
5.406368e-02;4.497874e-02;4.010492e-02;5.361309e-02;1.062658e-01;1.407861e-01;1.490579e-01;1.628179e-01;6.406422e-02;6.266875e-02;8.323880e-02;3.834006e-02
3.352593e-02;3.493294e-02;5.802194e-02;6.187230e-02;6.182000e-02;8.102953e-02;2.824447e-01;1.510927e-01;6.844029e-02;4.743137e-02;6.751662e-02;5.187156e-02
3.158222e-02;3.787478e-02;7.147700e-02;3.881912e-02;3.415579e-02;1.180345e-01;2.820680e-01;1.059294e-01;1.120665e-01;5.126582e-02;6.822822e-02;4.849866e-02
2.282309e-02;3.528978e-02;7.614747e-02;2.420174e-02;4.916499e-02;1.454584e-01;2.011850e-01;8.284575e-02;1.599799e-01;7.911263e-02;8.047189e-02;4.331933e-02
3.093178e-02;4.028173e-02;7.170986e-02;3.611208e-02;6.853864e-02;1.318279e-01;1.422998e-01;9.504131e-02;1.934226e-01;5.986782e-02;9.451699e-02;3.544938e-02
4.125094e-02;3.256088e-02;5.934308e-02;4.153290e-02;6.124979e-02;1.019189e-01;1.523760e-01;9.004805e-02;2.148884e-01;6.204541e-02;1.002500e-01;4.253564e-02
4.090818e-02;2.796291e-02;3.358183e-02;4.934777e-02;5.378452e-02;7.610487e-02;2.256342e-01;1.289302e-01;1.573178e-01;6.895062e-02;9.248091e-02;4.499625e-02
3.240742e-02;3.260604e-02;3.871210e-02;4.341007e-02;4.656256e-02;8.433881e-02;2.595395e-01;1.315188e-01;9.480250e-02;7.829393e-02;1.240101e-01;3.379811e-02
3.954825e-02;3.021290e-02;4.626516e-02;5.117644e-02;4.537219e-02;1.191364e-01;2.572942e-01;1.028214e-01;7.653730e-02;8.555339e-02;1.039722e-01;4.211013e-02
5.134482e-02;2.441568e-02;3.380906e-02;6.439475e-02;6.947060e-02;1.048536e-01;2.221162e-01;7.131391e-02;1.117433e-01;8.771126e-02;1.180295e-01;4.079724e-02
7.072075e-02;2.956740e-02;3.273791e-02;8.265059e-02;9.357747e-02;5.149430e-02;1.941409e-01;8.336133e-02;1.340434e-01;8.098929e-02;9.442987e-02;5.228678e-02
9.482760e-02;4.975048e-02;4.384591e-02;1.069891e-01;8.373505e-02;6.229715e-02;1.294895e-01;7.868180e-02;1.315858e-01;7.212027e-02;7.597177e-02;7.070558e-02
8.541838e-02;5.019220e-02;5.182712e-02;1.111439e-01;6.758309e-02;8.557196e-02;1.407480e-01;5.653431e-02;1.267491e-01;9.416112e-02;6.792469e-02;6.214603e-02
6.642955e-02;4.009301e-02;7.456114e-02;7.788063e-02;6.419701e-02;8.928665e-02;1.825985e-01;9.595486e-02;1.188400e-01;9.229515e-02;3.509449e-02;6.276906e-02
6.142569e-02;7.959998e-02;7.270753e-02;3.614909e-02;7.362192e-02;7.282369e-02;1.235300e-01;1.175469e-01;1.299245e-01;1.054208e-01;5.692469e-02;7.032521e-02
8.377899e-02;1.250287e-01;7.724880e-02;2.228357e-02;6.735080e-02;5.138364e-02;1.073329e-01;1.405525e-01;1.144363e-01;1.027654e-01;4.696690e-02;6.087161e-02
1.325578e-01;1.271414e-01;9.080085e-02;4.221689e-02;2.890784e-02;3.353566e-02;1.353591e-01;1.137182e-01;8.144561e-02;1.116066e-01;3.506256e-02;6.764752e-02
1.225878e-01;8.508896e-02;7.171431e-02;4.843554e-02;3.876413e-02;5.343359e-02;1.447502e-01;1.353987e-01;5.158461e-02;9.588768e-02;6.701802e-02;8.533649e-02
7.704184e-02;6.183394e-02;7.590828e-02;4.755814e-02;5.748625e-02;5.765254e-02;1.588503e-01;9.020729e-02;1.209423e-01;1.275826e-01;6.417850e-02;6.075808e-02
7.681584e-02;4.273206e-02;8.563203e-02;5.079567e-02;8.025964e-02;5.539896e-02;1.775721e-01;7.694344e-02;1.464208e-01;1.113960e-01;4.319797e-02;5.283543e-02
9.248489e-02;4.884933e-02;6.534865e-02;9.438606e-02;8.718305e-02;4.651604e-02;1.794945e-01;8.698948e-02;1.295375e-01;8.455681e-02;3.775204e-02;4.690157e-02
8.644399e-02;6.608870e-02;7.377725e-02;1.130631e-01;7.418398e-02;6.050577e-02;1.953483e-01;6.164835e-02;9.143148e-02;8.843441e-02;3.822358e-02;5.085102e-02
8.238775e-02;6.723215e-02;8.530256e-02;1.368329e-01;6.589721e-02;5.253694e-02;1.796969e-01;3.272314e-02;8.208843e-02;9.803187e-02;4.554109e-02;7.172904e-02
5.935751e-02;6.556449e-02;7.398537e-02;1.257180e-01;1.164371e-01;7.290760e-02;1.483956e-01;3.536499e-02;9.929960e-02;7.925870e-02;4.073272e-02;8.297842e-02
8.890027e-02;7.241321e-02;8.268838e-02;7.609674e-02;1.309274e-01;7.730075e-02;1.426201e-01;3.529189e-02;1.047061e-01;6.999674e-02;6.121020e-02;5.784819e-02
1.243155e-01;5.883287e-02;1.086611e-01;4.773610e-02;1.556989e-01;1.138479e-01;1.072852e-01;3.542331e-02;9.037428e-02;5.719827e-02;6.672248e-02;3.390408e-02
1.145223e-01;6.235680e-02;1.269737e-01;6.967836e-02;1.634447e-01;9.943525e-02;6.930483e-02;3.242220e-02;6.940281e-02;4.856585e-02;7.698008e-02;6.691308e-02
1.160268e-01;7.944586e-02;1.095343e-01;9.068183e-02;1.560920e-01;7.504454e-02;7.403735e-02;2.914693e-02;6.369138e-02;4.472483e-02;1.005844e-01;6.098967e-02
1.332451e-01;9.124675e-02;9.197029e-02;1.041754e-01;1.274190e-01;7.126755e-02;9.825979e-02;3.773603e-02;5.332769e-02;4.942572e-02;9.437860e-02;4.754814e-02
1.217349e-01;7.769231e-02;1.232925e-01;8.425647e-02;1.176434e-01;4.640087e-02;1.288742e-01;6.482444e-02;6.736130e-02;7.874469e-02;4.468014e-02;4.449478e-02
9.252203e-02;6.689663e-02;1.174113e-01;8.665220e-02;1.018008e-01;7.315068e-02;1.114529e-01;4.860143e-02;6.834701e-02;7.483391e-02;7.643918e-02;8.189187e-02
8.202836e-02;8.196668e-02;1.538173e-01;7.027534e-02;8.541339e-02;6.127992e-02;1.064981e-01;4.740587e-02;6.817656e-02;6.113361e-02;7.180305e-02;1.102018e-01
1.005583e-01;7.178240e-02;1.881236e-01;7.734592e-02;8.334979e-02;5.103585e-02;1.250582e-01;4.080186e-02;4.436251e-02;2.987976e-02;9.099673e-02;9.670500e-02
1.024768e-01;6.408622e-02;2.502054e-01;8.538171e-02;7.859021e-02;3.783614e-02;1.285054e-01;3.903296e-02;2.699534e-02;4.668621e-02;8.420783e-02;5.599584e-02
9.907481e-02;4.048342e-02;3.184230e-01;7.130539e-02;7.133353e-02;3.802122e-02;1.321877e-01;3.592223e-02;2.601889e-02;8.002695e-02;6.148715e-02;2.571571e-02
7.815950e-02;2.930403e-02;3.714299e-01;3.685711e-02;7.193042e-02;4.765977e-02;1.382337e-01;3.343360e-02;3.662252e-02;1.129688e-01;2.683373e-02;1.656693e-02
3.329928e-02;3.412393e-02;4.042624e-01;3.383983e-02;6.518825e-02;5.081835e-02;1.235145e-01;4.945411e-02;2.350929e-02;1.286645e-01;1.524646e-02;3.807910e-02
5.877817e-02;4.324354e-02;2.912897e-01;4.319132e-02;6.491914e-02;5.128016e-02;1.181733e-01;9.181553e-02;4.612613e-02;9.318706e-02;7.635238e-02;2.164361e-02
8.608352e-02;5.856081e-02;8.555112e-02;4.164828e-02;7.210243e-02;6.740861e-02;1.039849e-01;8.996688e-02;1.411867e-01;6.868640e-02;1.102702e-01;7.455009e-02
1.373380e-01;6.282950e-02;2.018861e-02;2.623949e-02;5.855697e-02;8.167548e-02;1.640491e-01;5.620053e-02;1.662359e-01;8.754063e-02;6.440045e-02;7.474533e-02
1.605047e-01;8.105046e-02;4.042315e-02;1.224632e-02;3.556555e-02;8.211295e-02;2.442270e-01;4.012130e-02;1.101102e-01;1.215756e-01;3.148986e-02;4.057296e-02
1.166416e-01;1.192280e-01;7.103801e-02;8.772301e-03;1.904343e-02;6.247666e-02;3.184637e-01;4.929807e-02;5.172674e-02;1.017365e-01;6.678555e-02;1.478943e-02
6.255934e-02;1.195051e-01;1.388769e-01;9.835980e-03;1.287065e-02;3.548517e-02;3.343589e-01;1.119151e-01;2.946859e-02;5.962946e-02;7.257633e-02;1.291847e-02
2.591176e-02;8.639690e-02;2.376731e-01;1.252881e-02;8.823955e-03;1.402183e-02;2.772051e-01;1.915724e-01;3.880146e-02;3.891231e-02;3.809496e-02;3.005729e-02
7.081768e-03;4.290581e-02;2.973577e-01;1.945031e-02;5.409388e-03;8.454590e-03;1.880334e-01;2.858964e-01;5.576696e-02;3.658215e-02;1.158801e-02;4.147347e-02
1.067403e-02;2.049205e-02;2.938479e-01;2.387392e-02;3.418415e-03;9.269738e-03;1.317002e-01;3.302177e-01;8.163255e-02;3.387874e-02;1.909997e-02;4.189475e-02
6.708263e-03;1.812693e-02;2.784928e-01;2.576249e-02;5.598099e-03;1.286506e-02;1.457962e-01;3.604642e-01;7.858425e-02;2.175195e-02;7.806045e-03;3.804372e-02
4.422493e-03;1.411332e-02;2.559756e-01;2.511004e-02;3.587852e-03;1.185253e-02;1.608213e-01;3.841933e-01;7.921278e-02;1.937891e-02;8.584769e-03;3.274707e-02
5.941306e-03;3.175019e-02;1.970440e-01;2.151662e-02;6.101057e-03;1.329153e-02;2.487253e-01;3.505445e-01;6.662820e-02;2.420547e-02;1.328966e-02;2.096212e-02
3.228771e-02;5.306121e-02;1.359104e-01;2.284773e-02;1.571157e-02;2.761140e-02;3.178780e-01;2.548103e-01;5.953494e-02;3.311051e-02;2.389231e-02;2.334390e-02
5.247148e-02;7.227758e-02;1.321559e-01;3.057526e-02;3.010257e-02;4.605803e-02;3.058070e-01;1.276229e-01;8.771801e-02;3.252640e-02;4.473529e-02;3.794963e-02
8.004895e-02;8.128142e-02;1.463629e-01;3.644998e-02;4.969368e-02;4.703639e-02;2.467076e-01;9.521879e-02;7.505897e-02;2.761378e-02;7.420661e-02;4.032094e-02
8.257908e-02;6.648759e-02;7.161656e-02;3.146980e-02;4.987790e-02;4.158857e-02;1.094714e-01;3.547339e-01;4.508102e-02;4.424547e-02;8.630306e-02;1.654564e-02
8.170089e-02;2.675727e-02;1.008431e-01;2.407725e-02;2.834531e-02;3.448118e-02;2.070772e-01;3.797694e-01;2.556518e-02;3.801318e-02;2.865906e-02;2.471094e-02
8.353650e-02;3.771644e-02;1.439491e-01;2.585684e-02;1.866682e-02;2.261905e-02;2.314084e-01;2.951725e-01;7.146990e-02;2.769312e-02;1.986578e-02;2.204566e-02
9.076387e-02;4.723962e-02;2.112133e-01;2.987424e-02;2.770614e-02;3.882166e-02;1.881937e-01;2.206640e-01;6.273154e-02;2.037977e-02;2.979601e-02;3.261618e-02
8.738327e-02;3.552549e-02;2.799194e-01;4.270504e-02;3.433127e-02;4.549306e-02;1.455845e-01;1.873827e-01;3.801909e-02;2.675032e-02;4.126377e-02;3.564202e-02
6.785727e-02;6.098941e-02;2.939784e-01;4.839729e-02;3.098914e-02;4.677275e-02;1.210177e-01;1.819693e-01;3.917363e-02;2.733372e-02;4.123929e-02;4.028212e-02
5.834885e-02;3.415599e-02;2.524510e-01;3.894125e-02;3.841912e-02;4.888004e-02;2.278967e-01;1.667906e-01;6.809808e-02;2.007793e-02;1.050083e-02;3.543956e-02
6.689835e-02;5.475813e-02;2.381563e-01;3.846902e-02;3.233534e-02;4.590330e-02;2.060011e-01;1.262762e-01;1.068762e-01;3.070580e-02;2.626080e-02;2.735943e-02
8.323910e-02;4.402108e-02;1.947023e-01;7.412016e-02;6.179505e-02;7.532924e-02;1.391652e-01;1.106372e-01;8.236223e-02;6.466825e-02;3.580154e-02;3.415852e-02
8.140357e-02;5.341715e-02;1.771219e-01;8.764971e-02;7.612813e-02;7.951876e-02;1.172746e-01;1.090408e-01;8.246843e-02;6.259082e-02;5.051656e-02;2.286951e-02
6.445256e-02;4.308932e-02;1.901567e-01;6.080528e-02;7.404511e-02;6.433850e-02;1.184865e-01;1.115718e-01;1.113526e-01;5.420196e-02;6.828959e-02;3.921010e-02
6.119921e-02;4.928331e-02;1.898667e-01;5.873359e-02;3.667977e-02;2.263129e-02;6.776164e-02;8.321033e-02;2.286950e-01;6.359316e-02;6.062182e-02;7.772413e-02
4.886768e-02;3.726800e-02;1.500864e-01;7.146977e-02;2.080037e-02;1.779451e-02;4.696592e-02;7.501472e-02;3.321590e-01;7.189477e-02;6.007981e-02;6.759909e-02
6.734870e-02;2.604399e-02;8.071206e-02;7.704382e-02;3.525515e-02;1.165523e-02;4.247604e-02;6.111420e-02;3.984599e-01;1.088739e-01;5.075523e-02;4.026179e-02
7.439264e-02;2.019283e-02;1.938571e-02;8.217289e-02;5.718718e-02;9.809208e-03;4.429213e-02;3.964710e-02;4.058076e-01;1.846144e-01;4.655988e-02;1.593841e-02
5.496631e-02;3.642051e-02;2.303004e-02;7.785473e-02;8.999851e-02;1.587580e-02;2.920976e-02;2.745706e-02;2.766136e-01;3.184638e-01;4.349244e-02;6.617534e-03
2.168874e-02;8.038667e-02;1.211453e-02;6.351213e-02;1.258888e-01;1.997498e-02;2.426876e-02;1.700547e-02;1.531607e-01;4.308057e-01;3.887333e-02;1.232022e-02
1.163349e-02;1.428220e-01;1.410733e-02;3.952274e-02;1.431274e-01;2.759015e-02;1.506225e-02;1.432770e-02;1.135747e-01;4.243847e-01;3.885984e-02;1.498764e-02
1.197136e-02;1.847566e-01;4.998438e-02;2.476778e-02;1.527437e-01;5.258967e-02;8.890861e-03;3.488014e-02;7.827029e-02;3.265583e-01;6.206569e-02;1.252130e-02
9.410115e-03;1.680634e-01;1.072410e-01;3.961002e-02;1.479334e-01;1.153796e-01;2.714435e-02;7.027996e-02;3.641808e-02;2.116319e-01;5.872877e-02;8.159394e-03
8.995352e-03;9.589706e-02;9.001876e-02;4.860960e-02;1.101785e-01;2.667601e-01;8.010466e-02;7.221076e-02;2.728197e-02;1.173710e-01;7.262305e-02;9.949258e-03
1.066479e-02;2.696286e-02;2.959044e-02;2.812209e-02;8.063067e-02;4.174409e-01;1.623060e-01;4.072527e-02;2.846267e-02;6.089301e-02;1.054179e-01;8.783384e-03
1.217197e-02;1.170216e-02;3.847897e-02;1.177496e-02;5.771620e-02;4.567382e-01;1.968258e-01;1.724218e-02;3.929421e-02;3.146135e-02;1.162585e-01;1.033546e-02
1.199186e-02;1.258247e-02;5.141547e-02;1.347821e-02;6.787344e-02;4.334482e-01;1.508418e-01;3.096014e-02;6.153205e-02;3.218190e-02;1.197168e-01;1.397759e-02
2.072901e-02;2.694759e-02;4.770685e-02;3.074763e-02;1.224089e-01;3.009080e-01;1.193241e-01;8.752586e-02;6.039887e-02;6.479470e-02;9.224906e-02;2.625941e-02
2.164431e-02;6.036189e-02;3.018051e-02;2.396559e-02;1.661201e-01;1.372199e-01;1.401723e-01;1.245769e-01;4.636325e-02;1.546343e-01;6.510081e-02;2.966006e-02
1.192313e-02;7.185341e-02;1.699704e-02;2.054408e-02;1.438318e-01;1.226275e-01;1.271966e-01;1.126736e-01;5.551151e-02;2.361826e-01;5.098394e-02;2.967474e-02
1.922826e-02;6.639493e-02;1.716140e-02;2.242533e-02;1.237156e-01;1.110999e-01;8.716008e-02;6.636801e-02;6.835466e-02;3.415127e-01;4.874042e-02;2.783867e-02
4.274131e-02;4.071441e-02;2.929487e-02;2.871114e-02;1.085373e-01;9.746492e-02;6.362538e-02;2.636955e-02;1.199985e-01;3.816610e-01;3.900469e-02;2.187689e-02
8.259793e-02;3.262477e-02;3.959462e-02;5.796519e-02;7.085934e-02;9.014677e-02;7.464939e-02;2.177566e-02;2.163992e-01;2.719717e-01;3.002206e-02;1.139332e-02
1.199145e-01;1.889256e-02;4.505618e-02;1.068161e-01;3.855224e-02;5.922261e-02;6.996058e-02;3.683507e-02;3.159480e-01;1.395392e-01;3.708690e-02;1.217610e-02
1.324002e-01;1.056155e-02;5.542185e-02;1.450222e-01;3.928947e-02;3.895906e-02;3.947877e-02;6.316835e-02;3.119040e-01;8.082268e-02;6.073908e-02;2.223285e-02
1.387626e-01;2.717506e-02;1.160178e-01;1.526372e-01;3.913786e-02;3.935981e-02;5.473065e-02;7.314411e-02;2.149249e-01;4.858081e-02;7.654969e-02;1.897943e-02
1.371539e-01;5.859193e-02;1.565784e-01;9.387704e-02;4.629707e-02;6.627352e-02;1.119300e-01;7.822738e-02;1.254403e-01;2.542592e-02;6.711256e-02;3.309206e-02
1.588196e-01;6.309094e-02;1.089402e-01;5.163389e-02;6.112648e-02;8.339459e-02;1.430999e-01;4.493121e-02;1.189904e-01;4.032745e-02;7.365333e-02;5.199201e-02
1.840379e-01;4.509935e-02;3.528400e-02;8.796814e-02;4.448049e-02;6.821781e-02;1.055591e-01;3.059767e-02;1.743461e-01;7.805453e-02;9.728511e-02;4.906984e-02
1.292022e-01;2.598060e-02;4.601073e-02;1.174444e-01;5.625438e-02;5.368588e-02;4.808635e-02;2.412929e-02;2.428852e-01;1.438716e-01;8.285214e-02;2.959729e-02
8.674903e-02;1.866559e-02;3.933730e-02;1.205554e-01;6.084608e-02;5.867141e-02;4.762683e-02;3.148334e-02;2.659546e-01;1.450235e-01;1.090593e-01;1.602760e-02
5.947520e-02;1.441432e-02;4.931528e-02;9.949604e-02;6.954779e-02;1.126922e-01;7.900701e-02;7.827642e-02;1.412284e-01;1.072332e-01;1.365429e-01;5.277132e-02
4.069422e-02;5.581332e-02;1.189464e-01;5.863611e-02;6.793526e-02;1.348704e-01;8.270494e-02;1.127530e-01;1.067667e-01;6.323618e-02;9.616514e-02;6.147838e-02
5.812036e-02;8.818201e-02;1.050317e-01;6.310336e-02;6.570722e-02;9.317186e-02;6.877317e-02;1.108774e-01;1.516582e-01;6.477237e-02;8.077307e-02;4.982928e-02
8.062277e-02;7.247343e-02;1.059908e-01;7.822543e-02;8.589052e-02;8.263098e-02;8.308887e-02;4.087788e-02;1.395894e-01;9.579848e-02;7.676209e-02;5.804928e-02
1.021773e-01;4.989699e-02;8.574462e-02;9.582316e-02;9.096520e-02;7.427079e-02;8.889719e-02;2.324456e-02;1.744749e-01;1.178251e-01;5.313872e-02;4.354143e-02
1.344292e-01;2.699822e-02;4.209220e-02;1.392603e-01;7.684493e-02;3.861935e-02;7.625120e-02;1.934551e-02;2.673888e-01;9.810851e-02;6.149072e-02;1.917106e-02
1.302678e-01;1.301793e-02;4.408389e-02;1.621584e-01;5.036648e-02;2.138143e-02;5.835541e-02;2.912821e-02;3.247578e-01;6.384072e-02;8.175103e-02;2.089088e-02
1.031941e-01;2.367960e-02;5.303014e-02;1.469784e-01;4.797584e-02;2.641105e-02;3.687977e-02;5.508021e-02;3.085404e-01;5.549091e-02;9.923611e-02;4.350351e-02
6.954876e-02;4.627839e-02;8.495443e-02;1.028356e-01;6.952159e-02;6.058762e-02;2.953624e-02;1.077028e-01;2.328205e-01;4.482381e-02;9.131455e-02;6.007569e-02
4.152257e-02;6.620606e-02;1.196839e-01;3.670251e-02;6.938729e-02;1.043330e-01;5.660851e-02;1.777039e-01;1.636577e-01;2.244772e-02;5.421346e-02;8.753340e-02
4.481410e-02;6.116752e-02;1.330844e-01;3.101371e-02;3.701898e-02;1.033094e-01;8.778055e-02;1.912950e-01;1.148314e-01;2.351934e-02;5.636664e-02;1.157990e-01
5.670430e-02;5.507974e-02;1.281352e-01;5.190391e-02;4.532442e-02;7.082647e-02;1.225678e-01;1.483518e-01;8.196850e-02;4.396996e-02;8.004124e-02;1.151266e-01
5.143488e-02;3.691157e-02;9.410030e-02;6.757216e-02;4.765169e-02;8.484266e-02;1.760442e-01;7.542514e-02;1.325336e-01;4.918022e-02;1.072564e-01;7.704718e-02
5.005057e-02;2.726603e-02;1.283769e-01;7.241560e-02;3.869697e-02;1.152987e-01;1.695496e-01;5.523947e-02;1.559530e-01;3.981598e-02;1.088780e-01;3.845919e-02
5.041303e-02;3.537831e-02;1.556676e-01;8.172046e-02;6.072464e-02;8.403059e-02;2.026446e-01;8.052107e-02;1.164308e-01;2.225435e-02;7.296781e-02;3.724676e-02
4.113660e-02;5.085409e-02;1.209277e-01;8.754557e-02;1.551087e-01;4.153666e-02;2.333450e-01;6.207483e-02;1.016668e-01;2.795981e-02;5.404560e-02;2.379859e-02
3.622802e-02;5.727301e-02;6.531465e-02;6.387674e-02;1.971669e-01;6.368181e-02;2.514450e-01;7.014308e-02;1.008564e-01;1.986213e-02;5.914866e-02;1.500373e-02
5.770326e-02;6.734731e-02;4.863238e-02;4.708322e-02;1.584135e-01;9.509251e-02;3.048444e-01;6.415178e-02;7.993831e-02;1.862730e-02;4.024275e-02;1.792318e-02
7.578173e-02;6.028464e-02;9.651364e-02;6.793150e-02;6.723102e-02;8.794940e-02;3.529331e-01;6.546456e-02;3.656741e-02;2.893740e-02;3.911723e-02;2.128837e-02
6.790756e-02;4.462653e-02;1.511884e-01;7.488757e-02;5.923584e-02;7.665571e-02;3.008105e-01;8.451734e-02;4.561318e-02;3.290157e-02;3.456124e-02;2.709461e-02
5.079668e-02;2.825415e-02;1.781508e-01;7.251384e-02;9.399778e-02;8.287350e-02;2.390755e-01;1.213550e-01;4.104294e-02;2.925304e-02;2.657145e-02;3.611546e-02
3.938550e-02;4.831534e-02;2.009847e-01;7.901409e-02;1.044117e-01;9.528834e-02;1.819114e-01;1.208671e-01;3.059034e-02;3.145590e-02;2.748584e-02;4.028981e-02
3.348809e-02;8.806983e-02;2.936642e-01;6.186054e-02;7.709589e-02;6.782455e-02;1.410332e-01;9.299605e-02;3.489708e-02;3.240514e-02;3.705291e-02;3.961250e-02
4.472040e-02;1.385453e-01;3.426284e-01;5.102148e-02;4.922134e-02;3.429156e-02;1.112386e-01;5.908531e-02;3.951146e-02;4.458654e-02;5.162704e-02;3.352255e-02
5.496465e-02;1.576336e-01;2.901176e-01;5.235663e-02;5.932716e-02;2.823207e-02;1.245670e-01;7.758848e-02;3.798325e-02;5.421926e-02;4.764786e-02;1.536242e-02
4.582006e-02;1.189538e-01;2.511727e-01;5.295536e-02;6.527359e-02;4.695972e-02;1.399690e-01;8.880252e-02;4.100984e-02;5.685923e-02;5.459377e-02;3.763048e-02
4.666225e-02;8.284429e-02;2.276367e-01;5.048175e-02;5.289897e-02;4.500671e-02;1.625385e-01;8.475206e-02;5.442296e-02;4.800004e-02;8.078593e-02;6.396984e-02
6.964034e-02;9.721420e-02;1.808351e-01;5.667821e-02;5.641126e-02;7.270271e-02;1.337048e-01;9.164511e-02;6.849370e-02;3.676610e-02;6.686913e-02;6.903927e-02
1.081904e-01;7.896521e-02;2.205220e-01;4.870041e-02;8.711396e-02;6.989764e-02;1.039566e-01;7.562949e-02;7.697837e-02;4.200365e-02;3.496275e-02;5.307956e-02
1.086738e-01;7.882869e-02;2.121358e-01;7.115290e-02;1.124229e-01;5.204763e-02;6.851994e-02;5.238581e-02;9.696672e-02;5.269880e-02;4.947721e-02;4.468981e-02
8.636141e-02;8.008930e-02;7.836296e-02;1.059815e-01;1.055355e-01;7.027401e-02;1.159653e-01;4.805789e-02;9.884933e-02;8.172431e-02;8.535874e-02;4.343966e-02
6.017776e-02;6.658406e-02;1.432987e-01;8.894823e-02;5.930840e-02;7.948573e-02;1.539969e-01;4.078428e-02;8.829879e-02;5.934880e-02;9.846407e-02;6.130426e-02
5.411264e-02;6.907958e-02;1.910509e-01;8.237544e-02;6.348130e-02;7.443443e-02;1.255727e-01;6.356847e-02;5.930920e-02;5.029372e-02;8.472019e-02;8.200142e-02
8.897766e-02;6.845384e-02;9.269000e-02;9.802017e-02;1.113554e-01;8.378281e-02;9.335906e-02;6.709847e-02;9.883030e-02;6.430791e-02;5.240494e-02;8.071944e-02
1.471800e-01;7.657827e-02;9.982283e-02;8.039335e-02;6.391405e-02;8.308398e-02;1.928574e-01;6.863688e-02;7.869969e-02;3.983561e-02;2.541425e-02;4.358373e-02
1.274142e-01;1.384275e-01;7.573503e-02;5.813827e-02;4.202777e-02;7.521262e-02;2.906825e-01;6.544331e-02;4.756414e-02;3.245405e-02;1.970489e-02;2.719572e-02
7.236418e-02;1.670604e-01;5.793612e-02;4.165435e-02;5.569112e-02;6.713219e-02;3.405866e-01;8.455587e-02;4.324082e-02;2.210370e-02;2.681931e-02;2.085538e-02
4.255549e-02;1.250016e-01;1.364292e-01;4.415730e-02;6.047980e-02;5.066996e-02;3.234389e-01;1.170568e-01;4.181379e-02;1.841512e-02;2.310484e-02;1.687717e-02
2.027261e-02;5.926276e-02;2.637028e-01;3.960058e-02;4.338876e-02;4.528347e-02;2.547523e-01;1.612230e-01;4.905586e-02;2.763259e-02;1.530160e-02;2.052376e-02
1.882935e-02;6.645821e-02;2.574292e-01;7.611029e-02;5.055025e-02;5.046330e-02;1.813292e-01;1.405855e-01;7.920597e-02;4.394755e-02;1.549466e-02;1.959647e-02
3.425840e-02;6.576996e-02;1.287166e-01;1.558038e-01;6.249461e-02;3.407003e-02;1.268996e-01;1.459480e-01;1.324389e-01;7.857372e-02;2.491676e-02;1.010983e-02
4.603554e-02;2.556860e-02;1.660659e-01;1.358779e-01;5.721546e-02;5.927770e-02;1.256270e-01;1.529359e-01;1.074225e-01;9.425859e-02;2.514314e-02;4.571788e-03
4.533407e-02;1.940843e-02;2.616419e-01;8.566121e-02;7.554032e-02;1.055587e-01;9.086835e-02;8.837982e-02;6.870209e-02;1.217485e-01;2.619710e-02;1.095951e-02
3.764769e-02;4.442169e-02;2.422741e-01;6.333122e-02;1.163721e-01;1.339585e-01;5.236718e-02;2.835315e-02;5.404991e-02;1.673777e-01;3.441393e-02;2.543278e-02
7.695235e-02;5.529825e-02;1.070710e-01;7.559172e-02;1.398863e-01;1.382990e-01;3.853264e-02;2.905011e-02;7.055137e-02;1.867574e-01;4.386168e-02;3.814808e-02
1.088603e-01;3.285377e-02;7.131481e-02;9.650357e-02;1.069241e-01;9.982452e-02;1.114598e-01;4.302590e-02;1.047287e-01;1.482894e-01;5.085586e-02;2.535934e-02
9.508611e-02;3.472377e-02;1.248995e-01;1.040946e-01;6.840261e-02;5.427844e-02;1.618359e-01;5.734102e-02;1.123319e-01;1.130723e-01;5.572128e-02;1.821253e-02
8.086587e-02;3.579186e-02;1.624558e-01;1.025777e-01;7.248795e-02;5.596698e-02;1.790483e-01;6.117409e-02;7.154973e-02;1.021801e-01;4.797779e-02;2.792390e-02
8.415536e-02;4.448981e-02;1.809772e-01;9.906262e-02;1.017842e-01;9.612481e-02;9.445196e-02;4.267571e-02;7.094471e-02;1.074684e-01;4.229754e-02;3.556773e-02
1.867988e-01;4.731933e-02;1.674215e-01;8.812585e-02;9.386316e-02;5.183636e-02;7.568766e-02;5.542995e-02;4.994098e-02;9.131647e-02;6.722555e-02;2.503442e-02
2.361516e-01;3.503141e-02;1.691274e-01;9.747294e-02;1.012784e-01;3.695779e-02;5.513716e-02;5.975901e-02;4.077259e-02;8.874626e-02;4.908629e-02;3.047913e-02
1.581782e-01;3.495715e-02;1.520907e-01;1.196964e-01;8.162708e-02;3.677242e-02;1.440227e-01;4.247318e-02;6.309489e-02;9.495175e-02;4.595070e-02;2.618490e-02
8.512958e-02;7.868901e-02;9.492026e-02;9.987435e-02;7.366851e-02;6.758470e-02;1.845652e-01;7.902289e-02;6.521423e-02;8.277655e-02;5.607774e-02;3.247697e-02
1.239103e-01;3.643092e-02;1.454820e-01;6.635641e-02;7.957932e-02;7.544864e-02;1.723462e-01;8.717469e-02;8.899144e-02;6.353367e-02;4.053010e-02;2.021630e-02
1.140378e-01;5.532106e-02;1.880129e-01;5.602267e-02;6.241794e-02;3.917240e-02;1.664077e-01;7.944979e-02;1.002971e-01;6.682292e-02;4.333477e-02;2.870300e-02
7.600518e-02;9.170319e-02;1.862536e-01;6.857468e-02;4.871321e-02;5.940854e-02;1.722556e-01;8.003771e-02;8.629883e-02;5.403193e-02;3.730378e-02;3.941379e-02
2.864970e-02;1.248844e-01;2.259379e-01;5.882929e-02;2.738774e-02;7.409018e-02;1.953807e-01;1.103058e-01;6.275605e-02;3.401762e-02;1.612620e-02;4.163437e-02
1.046782e-02;1.124199e-01;2.768911e-01;6.301244e-02;2.122806e-02;4.648998e-02;2.260963e-01;1.247278e-01;4.961236e-02;2.288800e-02;1.146147e-02;3.470483e-02
3.169961e-02;8.490904e-02;2.504170e-01;1.003158e-01;5.640690e-02;3.500961e-02;2.585214e-01;9.463783e-02;3.423255e-02;1.294403e-02;2.073049e-02;2.017561e-02
3.636735e-02;9.175228e-02;1.351404e-01;1.294084e-01;9.932930e-02;8.124768e-02;3.114535e-01;4.942675e-02;1.702069e-02;1.112219e-02;2.860310e-02;9.128261e-03
2.610276e-02;9.712518e-02;6.511202e-02;9.409501e-02;1.001124e-01;1.311783e-01;3.574111e-01;6.042904e-02;2.059341e-02;1.725489e-02;2.713216e-02;3.453702e-03
2.296748e-02;9.150425e-02;4.529110e-02;4.115489e-02;1.088236e-01;1.514039e-01;3.772773e-01;8.652887e-02;2.717559e-02;1.870975e-02;2.369056e-02;5.472695e-03
1.980267e-02;8.500949e-02;5.688902e-02;4.735189e-02;1.291095e-01;1.357480e-01;3.679332e-01;7.360758e-02;3.091030e-02;1.826250e-02;2.664842e-02;8.727429e-03
2.818007e-02;7.438508e-02;9.533664e-02;7.717847e-02;1.130023e-01;9.301842e-02;3.592573e-01;6.042001e-02;2.807462e-02;2.422534e-02;3.161381e-02;1.530801e-02
4.003229e-02;9.188840e-02;1.271106e-01;8.553328e-02;6.126931e-02;5.303229e-02;3.295904e-01;8.512202e-02;3.533657e-02;2.979156e-02;4.026030e-02;2.103291e-02
8.569825e-02;1.053420e-01;1.699868e-01;6.312114e-02;8.866099e-02;8.125452e-02;2.144967e-01;7.937963e-02;4.427859e-02;2.668392e-02;2.570556e-02;1.539195e-02
6.910594e-02;1.277269e-01;1.722670e-01;6.270871e-02;1.000794e-01;7.581598e-02;1.344156e-01;7.572064e-02;4.719656e-02;4.587503e-02;5.825162e-02;3.083648e-02
4.517046e-02;1.692969e-01;1.080695e-01;8.175584e-02;6.056423e-02;6.325755e-02;1.480816e-01;6.812377e-02;7.535416e-02;4.550835e-02;7.928962e-02;5.552800e-02
8.153944e-02;9.686364e-02;8.713064e-02;7.742216e-02;8.751645e-02;7.889900e-02;1.417667e-01;6.490511e-02;9.245138e-02;5.414824e-02;6.685665e-02;7.050069e-02
7.043637e-02;6.008886e-02;1.177965e-01;4.328160e-02;1.107225e-01;7.685718e-02;1.586358e-01;7.262488e-02;1.116720e-01;5.737778e-02;5.518270e-02;6.532389e-02
7.137702e-02;4.113392e-02;1.009621e-01;3.520687e-02;9.255491e-02;9.124191e-02;2.091708e-01;7.279707e-02;1.276430e-01;5.696410e-02;4.832516e-02;5.262316e-02
8.426119e-02;5.649289e-02;1.020305e-01;6.029725e-02;8.272447e-02;8.317170e-02;2.005160e-01;6.918985e-02;1.014919e-01;6.212397e-02;5.168019e-02;4.602017e-02
7.808863e-02;8.445127e-02;9.991581e-02;9.810445e-02;6.382168e-02;1.049977e-01;1.751864e-01;4.815720e-02;7.407821e-02;7.189319e-02;6.456073e-02;3.674473e-02
5.535017e-02;8.460452e-02;9.252409e-02;1.145079e-01;7.721704e-02;1.214364e-01;1.419840e-01;4.879865e-02;8.895712e-02;6.501865e-02;6.590903e-02;4.369249e-02
6.811858e-02;6.877949e-02;6.456185e-02;7.659827e-02;1.154813e-01;8.402015e-02;1.213263e-01;9.056987e-02;9.837429e-02;6.673961e-02;7.236220e-02;7.306809e-02
6.040880e-02;7.559922e-02;4.356449e-02;3.390469e-02;1.491300e-01;7.676871e-02;1.061595e-01;9.785736e-02;1.035837e-01;7.757380e-02;7.755389e-02;9.789573e-02
4.991249e-02;8.050825e-02;7.272620e-02;3.918736e-02;1.290992e-01;7.556199e-02;8.989729e-02;9.556623e-02;1.036684e-01;7.271843e-02;8.607390e-02;1.050802e-01
6.837525e-02;7.210734e-02;1.191685e-01;8.335713e-02;6.578293e-02;1.027385e-01;1.450614e-01;8.024269e-02;5.769893e-02;4.498684e-02;8.765912e-02;7.282138e-02
7.107577e-02;5.931363e-02;8.277318e-02;8.467445e-02;9.623682e-02;1.145758e-01;1.429302e-01;8.595058e-02;8.471466e-02;1.019122e-01;4.486675e-02;3.097612e-02
6.037747e-02;4.918354e-02;6.361165e-02;8.233006e-02;9.717772e-02;1.012713e-01;1.170136e-01;6.668300e-02;1.744708e-01;1.048413e-01;4.179492e-02;4.124465e-02
3.023377e-02;3.913988e-02;8.519263e-02;7.999835e-02;7.099418e-02;9.442959e-02;7.769150e-02;1.093308e-01;2.296559e-01;8.265709e-02;2.470661e-02;7.596968e-02
2.336168e-02;3.650557e-02;9.976942e-02;5.948641e-02;4.529946e-02;7.567880e-02;6.966508e-02;1.518386e-01;2.079334e-01;5.127526e-02;4.730474e-02;1.318815e-01
2.439510e-02;6.788142e-02;6.553387e-02;2.228745e-02;3.894463e-02;5.088343e-02;1.322770e-01;1.239853e-01;1.287621e-01;4.968968e-02;1.497839e-01;1.455761e-01
5.079516e-02;9.560049e-02;3.128095e-02;4.554817e-02;3.935314e-02;3.805003e-02;1.526384e-01;5.897150e-02;9.072182e-02;7.289433e-02;2.226683e-01;1.014777e-01
1.059344e-01;9.460708e-02;2.494082e-02;9.524286e-02;3.253614e-02;5.502055e-02;1.010400e-01;2.902629e-02;5.481652e-02;1.816713e-01;1.775110e-01;4.765319e-02
1.563028e-01;5.271420e-02;2.236808e-02;1.160605e-01;4.473922e-02;9.172288e-02;4.066968e-02;4.267620e-02;5.088963e-02;2.832107e-01;6.148298e-02;3.716314e-02
1.516144e-01;2.081660e-02;1.312836e-02;8.257086e-02;5.672138e-02;1.159967e-01;4.180377e-02;4.662087e-02;1.247421e-01;2.747478e-01;1.728716e-02;5.395010e-02
1.105433e-01;2.705401e-02;1.645858e-02;6.115825e-02;5.766327e-02;1.303525e-01;6.217885e-02;5.213575e-02;1.814800e-01;2.284235e-01;1.607850e-02;5.647340e-02
7.170904e-02;6.528879e-02;4.475231e-02;5.431304e-02;5.854500e-02;1.540106e-01;1.303260e-01;4.159461e-02;1.398482e-01;1.661540e-01;3.589606e-02;3.756240e-02
7.996689e-02;1.136281e-01;7.836474e-02;4.463211e-02;7.229064e-02;1.586965e-01;2.092917e-01;4.842978e-02;6.191949e-02;7.120599e-02;4.218211e-02;1.939199e-02
7.528901e-02;1.255579e-01;1.350254e-01;6.201695e-02;7.481065e-02;9.478584e-02;1.981129e-01;7.179140e-02;6.713473e-02;4.271349e-02;4.093443e-02;1.182733e-02
7.271439e-02;1.297706e-01;2.411847e-01;5.767304e-02;4.896020e-02;5.031531e-02;1.536604e-01;1.007845e-01;4.500942e-02;4.964652e-02;2.747517e-02;2.280586e-02
5.824852e-02;1.296005e-01;2.998009e-01;4.975770e-02;4.797455e-02;5.532491e-02;1.168275e-01;8.780349e-02;6.016325e-02;4.628272e-02;2.001522e-02;2.820076e-02
3.267752e-02;8.648890e-02;2.339021e-01;7.693647e-02;9.079836e-02;5.704936e-02;1.211793e-01;6.856222e-02;1.137979e-01;7.701302e-02;2.104139e-02;2.055339e-02
2.033228e-02;3.390251e-02;1.089109e-01;1.483071e-01;7.526685e-02;4.207740e-02;1.397110e-01;9.138388e-02;1.950659e-01;1.177842e-01;1.860388e-02;8.654020e-03
3.565245e-02;1.488866e-02;7.574354e-02;1.615249e-01;3.768711e-02;2.777664e-02;1.612481e-01;1.299556e-01;2.144911e-01;1.137540e-01;1.993165e-02;7.346326e-03
4.549373e-02;1.903650e-02;9.002513e-02;1.090069e-01;9.752992e-02;3.117189e-02;1.661884e-01;1.167868e-01;1.527435e-01;1.252105e-01;3.410797e-02;1.269882e-02
6.996838e-02;6.080604e-02;8.798436e-02;8.722297e-02;1.445853e-01;4.137682e-02;9.693696e-02;7.873350e-02;7.613772e-02;1.514326e-01;7.552606e-02;2.928929e-02
9.283112e-02;9.316356e-02;1.149677e-01;6.909475e-02;1.182546e-01;3.734019e-02;8.746688e-02;6.247757e-02;5.097860e-02;1.195615e-01;1.001518e-01;5.371166e-02
6.550802e-02;9.237068e-02;1.408637e-01;5.965991e-02;7.296786e-02;5.610209e-02;1.626600e-01;5.217834e-02;7.222721e-02;7.119939e-02;9.312311e-02;6.113977e-02
8.334699e-02;6.244931e-02;1.157343e-01;6.563979e-02;5.917373e-02;7.857227e-02;1.540428e-01;4.708853e-02;1.393904e-01;7.876872e-02;5.472834e-02;6.106487e-02
8.649477e-02;8.426424e-02;7.255357e-02;7.965691e-02;7.393373e-02;6.096656e-02;1.405039e-01;5.243746e-02;1.241854e-01;1.068730e-01;4.946701e-02;6.866353e-02
8.982004e-02;4.118151e-02;1.164678e-01;9.591250e-02;9.399485e-02;8.316767e-02;9.930261e-02;7.775593e-02;8.169942e-02;1.017731e-01;5.816027e-02;6.076423e-02
7.747855e-02;9.029730e-02;1.599718e-01;8.664324e-02;1.032472e-01;9.132890e-02;7.895865e-02;7.100475e-02;8.283870e-02;7.581264e-02;4.263739e-02;3.978083e-02
7.997331e-02;9.138102e-02;1.401533e-01;6.787518e-02;7.827390e-02;8.170065e-02;1.140338e-01;8.037966e-02;7.626092e-02;7.042894e-02;5.763032e-02;6.190898e-02
4.623339e-02;6.374606e-02;1.149778e-01;5.926406e-02;1.069312e-01;1.284680e-01;1.553995e-01;7.843162e-02;2.991229e-02;5.905078e-02;7.795471e-02;7.963064e-02
3.775300e-02;6.179557e-02;7.707299e-02;3.994473e-02;1.034572e-01;1.418310e-01;1.423941e-01;8.033621e-02;6.044728e-02;1.024204e-01;1.158527e-01;3.669479e-02
2.605724e-02;6.079535e-02;4.660947e-02;2.485296e-02;1.258349e-01;1.284446e-01;1.195045e-01;9.931098e-02;5.543799e-02;1.768262e-01;1.132043e-01;2.312145e-02
2.740708e-02;5.049684e-02;2.448154e-02;2.786574e-02;1.541069e-01;1.015657e-01;7.176653e-02;9.345412e-02;4.577912e-02;2.859376e-01;9.781004e-02;1.932886e-02
3.562173e-02;2.507967e-02;2.077941e-02;4.567571e-02;1.235486e-01;7.129952e-02;7.140223e-02;5.485173e-02;1.861635e-01;3.086789e-01;4.376598e-02;1.313302e-02
4.118920e-02;1.191669e-02;2.381703e-02;7.462943e-02;5.613411e-02;4.800832e-02;1.169125e-01;3.271852e-02;3.567962e-01;2.131239e-01;1.516199e-02;9.592082e-03
3.135740e-02;1.226186e-02;3.024655e-02;9.945085e-02;2.778425e-02;2.891644e-02;1.228446e-01;5.665777e-02;4.479935e-01;1.104982e-01;2.383342e-02;8.155144e-03
2.744829e-02;1.500038e-02;6.993855e-02;1.207510e-01;2.186880e-02;2.692265e-02;7.875511e-02;1.034821e-01;4.435957e-01;5.752616e-02;2.817711e-02;6.534210e-03
