6.362292e-02;6.332303e-02;1.367365e-01;9.948938e-02;1.557201e-01;9.412920e-02;9.611810e-02;9.088562e-02;6.381992e-02;6.053206e-02;4.690417e-02;2.871903e-02
1.073484e-01;5.996899e-02;1.758763e-01;5.367540e-02;1.790012e-01;4.917796e-02;1.207671e-01;6.069522e-02;5.932111e-02;3.105506e-02;6.629320e-02;3.682012e-02
1.130399e-01;5.042563e-02;1.776914e-01;3.835206e-02;2.238347e-01;5.227698e-02;1.040158e-01;6.287565e-02;5.133487e-02;3.965810e-02;6.567928e-02;2.081555e-02
8.032396e-02;8.138449e-02;1.654503e-01;1.037986e-01;1.808818e-01;5.510028e-02;8.664025e-02;5.981961e-02;5.834958e-02;4.822214e-02;5.345288e-02;2.657606e-02
5.673455e-02;8.452611e-02;1.785935e-01;1.349560e-01;1.377762e-01;7.440799e-02;6.541237e-02;4.791464e-02;8.402032e-02;5.438162e-02;5.134645e-02;2.993031e-02
9.502789e-02;6.159181e-02;1.849350e-01;9.718956e-02;1.236876e-01;1.003146e-01;4.754080e-02;4.378611e-02;9.755601e-02;6.547523e-02;4.263923e-02;4.025629e-02
7.226141e-02;1.077485e-01;1.712300e-01;8.446312e-02;7.956947e-02;9.088767e-02;5.391290e-02;6.267595e-02;7.919316e-02;7.139917e-02;4.378021e-02;8.287843e-02
7.258426e-02;1.193620e-01;1.320507e-01;9.102269e-02;6.122167e-02;6.600778e-02;5.710935e-02;6.267260e-02;7.977377e-02;8.920707e-02;6.877407e-02;1.002141e-01
9.413586e-02;9.473673e-02;1.181038e-01;7.433672e-02;9.505101e-02;6.046553e-02;7.087011e-02;4.582428e-02;8.816854e-02;8.891735e-02;9.236784e-02;7.702226e-02
1.378003e-01;5.788560e-02;1.305075e-01;4.522947e-02;9.231310e-02;8.215932e-02;5.359890e-02;5.091538e-02;6.836075e-02;5.982176e-02;6.624014e-02;1.551678e-01
1.828966e-01;6.902554e-02;9.767919e-02;3.134292e-02;6.475712e-02;6.525809e-02;5.562509e-02;5.427868e-02;6.223790e-02;7.146990e-02;6.776638e-02;1.776626e-01
2.051198e-01;7.781786e-02;1.179735e-01;3.150208e-02;6.478105e-02;6.210359e-02;7.728522e-02;5.604928e-02;5.368463e-02;6.711302e-02;4.901228e-02;1.375577e-01
2.269175e-01;6.113446e-02;1.255793e-01;2.629591e-02;6.665967e-02;8.246344e-02;9.293781e-02;7.403418e-02;4.257883e-02;6.200016e-02;4.577627e-02;9.362248e-02
1.905062e-01;5.954503e-02;1.290324e-01;6.803411e-02;4.605803e-02;6.561725e-02;1.267998e-01;5.909359e-02;3.959374e-02;5.815054e-02;6.376700e-02;9.380235e-02
1.430293e-01;5.240750e-02;1.154819e-01;9.765982e-02;3.255792e-02;3.802253e-02;1.470816e-01;5.328402e-02;4.196675e-02;6.700894e-02;8.728305e-02;1.242168e-01
8.415840e-02;2.095176e-02;1.622638e-01;7.310800e-02;6.040152e-02;5.196670e-02;1.612827e-01;5.002378e-02;5.282646e-02;6.392668e-02;8.943743e-02;1.296527e-01
7.768730e-02;3.892343e-02;2.395945e-01;9.169829e-02;4.701344e-02;6.217135e-02;1.478446e-01;5.498535e-02;5.231206e-02;5.068658e-02;4.920599e-02;8.787705e-02
9.530194e-02;6.182645e-02;2.670649e-01;9.663398e-02;8.431620e-02;4.728644e-02;1.365035e-01;1.627821e-02;5.390305e-02;4.186317e-02;4.023516e-02;5.878693e-02
8.532433e-02;9.645302e-02;2.575089e-01;1.158416e-01;7.295296e-02;4.151406e-02;1.152503e-01;4.145084e-02;4.892569e-02;4.004657e-02;4.392741e-02;4.080444e-02
1.314589e-01;1.295745e-01;1.663984e-01;8.660854e-02;8.160229e-02;8.730774e-02;9.291981e-02;6.051435e-02;8.497966e-02;2.646219e-02;2.313600e-02;2.903766e-02
1.302210e-01;1.718733e-01;9.739064e-02;4.510677e-02;8.796848e-02;1.616297e-01;5.413886e-02;3.909083e-02;1.661452e-01;1.608864e-02;1.257005e-02;1.777647e-02
7.163710e-02;1.849099e-01;6.172187e-02;2.079301e-02;3.284561e-02;2.782348e-01;2.030521e-02;9.133389e-03;2.834941e-01;2.473691e-02;5.040463e-03;7.147573e-03
2.558301e-02;1.620598e-01;4.627542e-02;1.409465e-02;7.483794e-03;3.180450e-01;1.562744e-02;1.987580e-02;3.388508e-01;4.407285e-02;3.950238e-03;4.081085e-03
1.675886e-02;1.672662e-01;5.301058e-02;1.152494e-02;1.117094e-02;2.928595e-01;1.616495e-02;1.302388e-02;3.135900e-01;8.830462e-02;9.568862e-03;6.756745e-03
1.499061e-02;1.826492e-01;9.402611e-02;1.198324e-02;1.289652e-02;2.550301e-01;1.502680e-02;3.307638e-02;2.255635e-01;1.230136e-01;1.847426e-02;1.326973e-02
1.614961e-02;1.528068e-01;2.169365e-01;1.258389e-02;2.289515e-02;1.918060e-01;5.312920e-02;5.456832e-02;9.637689e-02;1.555523e-01;1.424035e-02;1.295508e-02
1.970775e-02;7.204945e-02;3.091084e-01;2.177495e-02;2.502947e-02;1.105862e-01;1.322728e-01;3.820197e-02;3.644611e-02;2.099491e-01;1.532740e-02;9.546342e-03
2.374040e-02;2.927297e-02;2.680581e-01;8.612237e-02;2.493818e-02;6.429128e-02;1.552923e-01;3.476965e-02;5.140892e-02;1.778657e-01;7.336434e-02;1.087574e-02
1.951993e-02;2.504995e-02;1.462353e-01;2.103582e-01;2.043371e-02;4.067682e-02;1.013577e-01;1.046705e-01;5.128831e-02;8.026402e-02;1.732972e-01;2.684834e-02
1.607021e-02;4.422288e-02;6.270953e-02;2.265773e-01;6.317237e-02;3.129085e-02;3.088083e-02;1.395696e-01;4.168945e-02;5.383689e-02;2.002195e-01;8.976069e-02
2.170210e-02;4.281210e-02;4.916951e-02;1.088922e-01;1.381880e-01;3.716009e-02;3.327652e-02;7.689595e-02;8.441683e-02;6.601502e-02;1.312160e-01;2.102557e-01
9.984126e-02;3.567092e-02;5.605892e-02;3.004826e-02;1.463576e-01;5.370623e-02;4.935626e-02;2.734845e-02;1.322735e-01;5.131234e-02;8.068541e-02;2.373409e-01
2.532266e-01;6.713206e-02;4.736178e-02;2.744482e-02;7.870422e-02;8.312537e-02;6.125160e-02;3.001070e-02;9.936121e-02;6.585020e-02;4.402854e-02;1.425029e-01
2.936912e-01;1.844774e-01;2.605302e-02;3.625928e-02;4.226608e-02;7.228557e-02;1.065737e-01;2.425173e-02;3.847164e-02;6.356297e-02;1.819816e-02;9.390920e-02
1.601125e-01;2.833100e-01;4.102759e-02;2.527255e-02;7.047066e-02;2.836964e-02;1.744048e-01;3.859554e-02;3.096194e-02;3.809983e-02;2.755670e-02;8.181818e-02
8.535580e-02;2.336167e-01;8.064502e-02;1.253902e-02;8.768551e-02;2.513102e-02;2.318993e-01;7.885697e-02;2.632012e-02;4.325179e-02;3.413055e-02;6.056812e-02
7.249008e-02;1.098384e-01;1.113385e-01;2.123012e-02;6.930164e-02;5.642966e-02;2.576615e-01;9.374149e-02;2.505146e-02;6.204674e-02;5.101825e-02;6.985215e-02
9.023501e-02;9.156938e-02;9.152285e-02;2.957421e-02;6.259654e-02;5.941477e-02;2.301972e-01;9.147374e-02;3.565143e-02;5.258720e-02;6.802589e-02;9.715179e-02
6.798476e-02;1.220121e-01;1.162133e-01;1.452543e-02;5.930004e-02;6.211032e-02;1.916457e-01;1.140490e-01;7.600325e-02;5.397450e-02;5.031663e-02;7.186507e-02
2.905682e-02;8.312490e-02;2.247375e-01;1.558402e-02;4.235971e-02;5.173604e-02;1.240426e-01;1.799224e-01;1.032551e-01;6.108704e-02;2.544785e-02;5.964607e-02
1.295853e-02;4.593469e-02;2.467952e-01;1.583890e-02;2.061492e-02;4.263571e-02;1.763041e-01;2.212202e-01;9.403005e-02;5.208964e-02;1.754056e-02;5.403755e-02
2.618690e-02;3.772012e-02;2.073589e-01;1.635610e-02;3.187674e-02;4.856027e-02;2.487865e-01;2.033351e-01;7.628470e-02;5.587785e-02;1.214618e-02;3.551068e-02
4.260363e-02;3.633557e-02;1.723924e-01;2.791461e-02;5.923769e-02;6.599388e-02;2.261102e-01;1.608423e-01;8.213034e-02;5.751207e-02;3.171838e-02;3.720888e-02
6.656443e-02;4.521892e-02;1.958898e-01;3.873628e-02;6.510456e-02;6.186073e-02;1.453944e-01;1.218973e-01;7.132163e-02;3.877641e-02;4.524244e-02;1.039930e-01
7.484595e-02;3.841706e-02;3.166228e-01;6.404281e-02;6.511611e-02;4.855366e-02;5.612654e-02;1.009303e-01;4.146616e-02;4.407351e-02;4.742269e-02;1.023824e-01
5.407904e-02;3.147249e-02;3.653022e-01;5.639084e-02;6.869452e-02;5.392712e-02;1.126733e-01;7.466220e-02;4.028830e-02;3.855488e-02;3.917420e-02;6.478090e-02
5.108298e-02;2.951020e-02;3.417833e-01;7.879755e-02;8.411425e-02;3.461062e-02;1.074039e-01;7.226361e-02;4.545236e-02;4.951794e-02;5.376569e-02;5.169763e-02
4.945797e-02;1.606127e-02;2.182544e-01;2.031811e-01;9.430140e-02;3.533901e-02;9.843870e-02;5.537934e-02;2.854341e-02;5.168175e-02;1.058003e-01;4.356140e-02
2.267830e-02;1.461172e-02;2.614331e-01;2.703151e-01;8.830529e-02;3.450704e-02;7.083346e-02;3.476464e-02;1.202839e-02;4.662935e-02;1.070189e-01;3.687466e-02
1.047686e-02;2.862011e-02;4.399776e-01;2.416794e-01;5.116275e-02;1.885740e-02;3.798860e-02;2.039908e-02;1.182498e-02;5.839518e-02;6.650250e-02;1.411554e-02
1.289349e-02;7.558212e-02;5.847008e-01;1.377008e-01;2.242552e-02;6.994578e-03;3.100893e-02;1.104154e-02;1.481445e-02;7.613561e-02;2.203665e-02;4.665530e-03
4.888665e-02;1.541793e-01;5.645394e-01;4.335641e-02;1.530241e-02;7.894064e-03;2.537341e-02;7.343033e-03;4.036049e-02;6.938870e-02;1.536808e-02;8.007945e-03
1.320701e-01;2.250771e-01;4.151568e-01;2.814003e-02;1.293633e-02;1.041374e-02;1.947434e-02;1.234126e-02;7.547583e-02;3.401634e-02;1.400739e-02;2.089082e-02
1.914086e-01;2.511146e-01;2.505326e-01;4.077704e-02;1.851219e-02;6.402390e-03;2.404235e-02;1.855235e-02;1.017303e-01;3.645196e-02;2.273508e-02;3.774058e-02
1.618876e-01;2.005746e-01;1.946972e-01;8.002919e-02;2.808405e-02;1.830597e-02;2.722959e-02;1.857157e-02;1.006310e-01;8.763172e-02;3.889157e-02;4.346605e-02
1.238464e-01;1.403653e-01;2.794250e-01;7.999559e-02;2.636332e-02;1.891458e-02;3.348180e-02;3.577632e-02;9.234044e-02;8.633171e-02;4.743400e-02;3.572549e-02
1.148696e-01;1.342419e-01;3.241406e-01;9.044354e-02;2.694768e-02;2.292497e-02;4.657963e-02;3.201933e-02;7.802597e-02;6.017603e-02;4.415574e-02;2.547505e-02
7.712610e-02;9.316068e-02;3.484203e-01;8.860758e-02;4.293007e-02;3.703405e-02;5.098566e-02;4.127655e-02;5.396130e-02;7.657728e-02;4.795096e-02;4.196949e-02
1.331713e-01;4.296492e-02;2.941568e-01;6.454527e-02;4.209753e-02;3.221823e-02;8.734865e-02;6.068806e-02;3.652766e-02;1.096612e-01;4.139449e-02;5.522591e-02
1.230884e-01;9.476247e-02;3.459871e-01;6.376710e-02;2.343392e-02;2.719684e-02;7.371195e-02;4.498855e-02;3.916849e-02;7.804178e-02;5.259621e-02;3.325717e-02
6.860948e-02;9.786278e-02;4.039750e-01;5.207768e-02;2.455832e-02;3.522445e-02;6.543595e-02;4.442636e-02;3.906069e-02;8.023205e-02;4.381370e-02;4.472352e-02
7.679055e-02;1.020283e-01;2.990534e-01;8.376145e-02;4.974516e-02;5.764154e-02;7.392152e-02;5.336863e-02;3.412544e-02;7.958132e-02;4.082847e-02;4.915422e-02
7.198603e-02;8.121804e-02;2.096672e-01;8.377368e-02;6.549262e-02;7.653566e-02;1.144810e-01;5.475635e-02;6.081374e-02;8.931603e-02;5.185899e-02;4.010069e-02
7.138342e-02;6.019076e-02;2.160204e-01;9.162772e-02;5.991839e-02;6.117202e-02;1.488016e-01;5.118892e-02;8.979992e-02;7.800328e-02;3.375036e-02;3.814324e-02
4.843955e-02;4.914774e-02;2.723797e-01;1.939528e-01;7.750365e-02;4.003808e-02;1.033828e-01;1.975870e-02;4.871388e-02;6.132137e-02;6.458345e-02;2.077829e-02
2.170630e-02;3.038268e-02;2.823608e-01;3.036129e-01;9.514412e-02;3.336209e-02;5.627006e-02;1.814510e-02;2.498046e-02;5.407741e-02;6.448521e-02;1.547290e-02
6.302512e-03;2.139078e-02;2.961652e-01;3.332464e-01;9.989114e-02;2.070225e-02;3.963916e-02;6.796827e-02;2.557189e-02;4.054234e-02;3.827984e-02;1.030028e-02
9.130450e-03;1.604904e-02;3.184589e-01;2.408036e-01;7.034262e-02;1.932020e-02;2.810904e-02;1.356592e-01;5.356515e-02;4.976549e-02;5.054815e-02;8.248190e-03
1.337388e-02;1.069296e-02;3.315999e-01;1.280724e-01;3.952054e-02;2.065662e-02;5.353574e-02;1.297292e-01;7.902478e-02;8.593936e-02;9.581367e-02;1.204091e-02
3.274309e-02;2.000754e-02;3.809399e-01;5.825299e-02;2.768490e-02;1.289679e-02;8.521196e-02;5.820215e-02;6.387559e-02;1.185226e-01;1.220726e-01;1.958978e-02
7.560103e-02;5.849521e-02;3.608169e-01;4.379782e-02;4.122801e-02;1.130918e-02;8.946739e-02;3.218536e-02;5.243548e-02;1.228147e-01;8.615775e-02;2.569130e-02
1.237291e-01;9.021154e-02;2.935843e-01;4.306664e-02;5.249579e-02;1.963192e-02;9.052876e-02;5.757558e-02;6.110507e-02;8.956586e-02;4.808180e-02;3.042365e-02
1.091789e-01;7.914735e-02;2.684824e-01;4.273589e-02;5.282513e-02;3.770427e-02;8.507961e-02;7.109729e-02;6.031979e-02;1.074281e-01;5.920389e-02;2.679736e-02
4.087802e-02;4.691644e-02;2.956217e-01;4.403504e-02;6.101950e-02;2.832617e-02;9.510148e-02;3.220719e-02;7.375904e-02;2.091044e-01;5.610032e-02;1.693066e-02
3.355839e-02;3.104707e-02;3.042267e-01;2.175448e-02;7.065779e-02;1.613238e-02;9.629783e-02;2.265445e-02;5.991818e-02;2.918562e-01;4.381971e-02;8.076817e-03
3.209563e-02;1.043830e-02;3.032981e-01;2.432302e-02;6.276882e-02;1.170924e-02;9.835270e-02;1.475400e-02;6.123412e-02;3.087826e-01;6.209363e-02;1.014978e-02
3.661425e-02;8.745395e-03;2.894772e-01;4.310729e-02;4.309480e-02;2.349202e-02;8.283338e-02;1.480257e-02;1.140183e-01;2.465824e-01;8.227319e-02;1.495924e-02
4.215729e-02;4.296514e-02;3.157132e-01;5.520348e-02;3.846029e-02;3.783342e-02;7.216766e-02;2.553956e-02;1.101895e-01;1.478406e-01;9.344269e-02;1.848715e-02
7.682250e-02;8.026391e-02;3.160788e-01;5.557219e-02;4.140494e-02;5.196035e-02;7.868421e-02;4.104099e-02;1.094188e-01;3.373994e-02;8.417316e-02;3.084018e-02
8.807929e-02;5.926318e-02;2.252516e-01;3.534485e-02;4.869369e-02;4.992227e-02;6.636310e-02;4.813103e-02;9.626219e-02;1.774775e-01;7.442468e-02;3.078651e-02
8.787326e-02;4.495190e-02;1.982456e-01;4.144573e-02;7.011286e-02;2.402851e-02;8.632207e-02;3.465299e-02;5.847400e-02;2.959741e-01;3.471362e-02;2.320537e-02
7.187364e-02;4.232345e-02;2.188962e-01;4.781689e-02;6.751265e-02;1.798144e-02;8.281012e-02;2.615661e-02;4.128702e-02;3.123237e-01;4.622237e-02;2.479591e-02
4.809411e-02;2.140169e-02;2.516327e-01;3.886720e-02;6.322858e-02;1.795553e-02;6.627500e-02;2.682826e-02;5.781364e-02;3.018461e-01;7.893235e-02;2.712487e-02
4.335604e-02;3.717391e-02;1.998186e-01;3.635128e-02;6.380183e-02;2.991688e-02;8.125944e-02;4.784333e-02;7.911138e-02;2.477290e-01;1.083661e-01;2.527211e-02
7.544943e-02;6.455445e-02;1.198851e-01;4.184480e-02;7.574363e-02;7.495068e-02;8.359013e-02;1.077160e-01;1.014887e-01;1.537621e-01;6.902277e-02;3.199228e-02
8.804600e-02;6.474671e-02;1.063089e-01;2.970010e-02;7.474518e-02;1.068072e-01;1.770211e-01;1.138898e-01;9.361443e-02;7.042660e-02;3.248020e-02;4.221370e-02
7.634971e-02;4.532469e-02;1.084321e-01;3.783256e-02;9.926672e-02;1.026094e-01;2.452383e-01;7.351886e-02;4.874549e-02;2.448703e-02;2.525876e-02;1.129363e-01
4.993953e-02;2.774370e-02;8.488027e-02;5.498526e-02;1.361814e-01;7.832868e-02;1.856228e-01;5.531078e-02;3.461500e-02;2.419561e-02;9.050369e-02;1.776934e-01
2.139794e-02;3.820731e-02;7.800981e-02;7.706776e-02;1.263716e-01;4.276263e-02;8.007704e-02;6.166965e-02;3.184715e-02;2.308167e-02;2.324520e-01;1.870553e-01
2.162785e-02;4.342229e-02;6.629492e-02;7.977546e-02;9.941577e-02;2.931876e-02;4.229826e-02;5.389698e-02;1.931131e-02;3.453420e-02;3.623258e-01;1.477784e-01
3.523753e-02;4.998159e-02;1.062986e-01;8.766481e-02;8.972676e-02;3.001137e-02;3.193215e-02;4.999768e-02;1.976562e-02;4.791526e-02;3.069047e-01;1.445639e-01
5.132037e-02;7.403621e-02;1.831770e-01;9.215696e-02;6.886898e-02;4.043251e-02;5.687600e-02;6.150119e-02;3.094774e-02;5.830199e-02;1.467565e-01;1.356245e-01
4.159889e-02;6.571885e-02;2.958677e-01;7.446600e-02;6.121400e-02;3.855237e-02;7.590000e-02;5.072076e-02;4.226997e-02;6.310368e-02;7.676671e-02;1.138211e-01
2.817830e-02;4.465516e-02;4.115103e-01;6.471488e-02;5.078572e-02;2.592749e-02;6.394015e-02;3.465319e-02;4.389155e-02;5.098984e-02;9.006574e-02;9.068763e-02
3.687062e-02;4.515136e-02;3.116086e-01;1.025505e-01;1.075890e-01;3.780300e-02;8.734830e-02;4.054990e-02;4.119068e-02;3.623982e-02;9.242759e-02;6.067062e-02
2.197373e-02;3.065472e-02;2.712729e-01;1.287265e-01;1.769849e-01;5.682680e-02;7.380309e-02;4.380478e-02;3.898743e-02;3.249856e-02;7.907607e-02;4.539062e-02
2.269649e-02;2.917098e-02;2.999689e-01;1.563986e-01;1.837659e-01;5.527686e-02;5.070045e-02;4.312497e-02;2.654902e-02;4.001269e-02;4.567735e-02;4.665781e-02
2.646045e-02;4.874240e-02;3.237845e-01;2.162848e-01;1.383987e-01;3.255952e-02;3.804525e-02;5.899470e-02;1.094472e-02;3.721674e-02;3.132772e-02;3.724049e-02
2.106380e-02;4.154897e-02;2.914165e-01;2.185641e-01;1.504926e-01;3.746073e-02;5.091197e-02;5.290736e-02;1.512622e-02;2.734021e-02;5.517206e-02;3.799549e-02
2.629234e-02;3.580367e-02;2.334956e-01;1.909405e-01;1.690354e-01;6.367043e-02;8.105089e-02;4.617978e-02;1.777015e-02;2.291323e-02;5.816127e-02;5.468673e-02
2.964655e-02;2.970739e-02;2.397002e-01;1.881578e-01;1.980367e-01;5.585250e-02;4.601640e-02;3.122998e-02;1.680527e-02;2.491462e-02;5.763701e-02;8.229567e-02
2.323341e-02;1.055675e-02;2.098344e-01;1.791559e-01;2.215890e-01;4.823497e-02;5.280634e-02;2.568711e-02;1.793415e-02;3.320036e-02;7.907989e-02;9.868771e-02
1.665344e-02;6.667461e-03;2.104517e-01;1.820681e-01;2.056668e-01;4.633337e-02;3.633292e-02;4.069595e-02;1.664129e-02;2.650840e-02;1.240464e-01;8.793423e-02
9.667796e-03;1.145009e-02;2.529338e-01;1.925456e-01;1.432671e-01;4.969776e-02;1.289785e-02;5.854886e-02;1.382072e-02;3.369501e-02;1.565966e-01;6.487887e-02
6.608022e-03;1.440525e-02;3.553799e-01;1.810060e-01;8.930141e-02;4.962815e-02;2.603163e-02;5.441805e-02;1.982727e-02;4.338128e-02;1.271221e-01;3.289102e-02
1.234809e-02;1.696252e-02;4.801581e-01;1.423034e-01;6.106970e-02;2.919407e-02;4.634621e-02;3.883078e-02;2.780067e-02;4.497194e-02;7.891337e-02;2.110118e-02
1.650944e-02;3.713398e-02;5.433796e-01;8.455303e-02;5.744220e-02;2.259971e-02;5.809505e-02;3.310819e-02;3.628895e-02;5.648759e-02;3.717995e-02;1.722228e-02
3.519700e-02;8.499200e-02;5.335826e-01;3.974678e-02;5.137971e-02;4.727966e-02;4.062596e-02;3.811751e-02;4.793357e-02;5.215092e-02;9.023372e-03;1.997083e-02
8.563684e-02;1.553659e-01;3.389102e-01;3.783654e-02;4.058829e-02;8.297772e-02;2.587319e-02;2.861177e-02;1.029094e-01;4.120584e-02;3.266992e-02;2.741451e-02
1.126733e-01;1.849344e-01;2.710416e-01;5.363122e-02;4.267209e-02;6.282188e-02;2.209093e-02;2.339383e-02;1.332026e-01;3.895434e-02;3.476240e-02;1.982137e-02
1.018016e-01;1.533290e-01;3.558969e-01;5.111964e-02;3.663467e-02;2.984074e-02;2.371731e-02;3.394372e-02;1.074150e-01;5.171002e-02;2.985604e-02;2.473539e-02
1.451269e-01;1.381263e-01;3.036831e-01;5.456242e-02;4.582277e-02;1.575092e-02;3.531507e-02;3.977610e-02;9.342507e-02;5.522148e-02;4.055575e-02;3.263418e-02
2.225996e-01;9.816752e-02;1.885603e-01;4.252736e-02;8.808950e-02;2.799496e-02;4.320350e-02;8.446308e-02;6.687208e-02;4.970462e-02;5.249141e-02;3.532603e-02
2.439662e-01;7.242549e-02;2.046949e-01;3.951307e-02;9.129319e-02;3.652676e-02;6.723442e-02;1.227020e-01;2.131454e-02;3.413534e-02;3.854959e-02;2.764445e-02
2.857592e-01;8.997340e-02;1.143121e-01;4.390695e-02;5.723501e-02;2.872042e-02;9.821821e-02;1.444267e-01;2.118129e-02;3.465495e-02;4.148600e-02;4.012579e-02
2.832282e-01;7.233988e-02;1.473274e-01;4.811092e-02;4.764796e-02;2.715153e-02;9.466430e-02;1.208851e-01;4.384729e-02;2.829559e-02;4.088964e-02;4.561217e-02
3.390780e-01;5.305951e-02;5.068742e-02;3.384520e-02;5.723622e-02;4.719812e-02;9.877335e-02;1.249485e-01;6.142689e-02;3.010468e-02;4.777282e-02;5.586928e-02
2.969834e-01;8.702475e-02;1.240120e-01;1.807900e-02;6.985918e-02;5.336154e-02;7.337300e-02;1.026279e-01;5.797139e-02;4.172967e-02;3.485242e-02;4.012575e-02
1.563718e-01;1.438332e-01;2.507292e-01;3.886327e-02;4.820647e-02;9.566483e-02;5.174255e-02;4.946278e-02;7.291801e-02;5.597940e-02;1.728445e-02;1.894400e-02
7.286477e-02;1.063019e-01;4.355456e-01;5.286079e-02;3.429304e-02;9.189899e-02;6.370470e-02;1.381177e-02;4.923999e-02;5.722075e-02;1.208481e-02;1.017292e-02
1.799663e-02;5.828249e-02;6.005511e-01;5.640987e-02;3.264819e-02;5.081289e-02;7.269996e-02;1.513023e-02;2.146313e-02;5.528753e-02;1.069602e-02;8.021972e-03
1.395718e-02;7.852238e-02;6.678999e-01;5.922860e-02;1.709125e-02;1.790789e-02;3.960428e-02;3.112760e-02;1.624211e-02;4.989133e-02;3.620304e-03;4.907117e-03
2.536432e-02;7.767802e-02;6.524750e-01;5.434886e-02;1.908699e-02;1.042261e-02;2.597379e-02;4.036106e-02;1.660764e-02;6.785887e-02;4.950929e-03;4.871913e-03
1.184595e-02;4.717045e-02;6.136346e-01;4.122582e-02;2.698103e-02;6.778098e-03;5.401272e-02;3.279940e-02;3.178295e-02;1.250893e-01;4.055742e-03;4.623914e-03
1.293054e-02;3.446491e-02;5.341668e-01;5.134694e-02;2.855436e-02;6.025284e-03;7.109077e-02;1.405429e-02;1.079999e-01;1.305679e-01;6.021204e-03;2.777241e-03
8.103655e-03;1.273012e-02;4.605552e-01;9.758652e-02;2.444869e-02;2.015363e-02;5.730028e-02;1.928188e-02;2.048340e-01;7.356278e-02;1.972052e-02;1.722782e-03
8.248010e-03;1.019469e-02;3.512454e-01;1.671761e-01;4.132426e-02;5.364874e-02;2.581854e-02;8.879223e-02;1.694780e-01;4.137747e-02;3.757114e-02;5.125392e-03
8.354258e-03;1.335050e-02;2.186279e-01;1.676750e-01;9.114990e-02;6.831799e-02;2.510653e-02;1.695342e-01;7.069186e-02;1.147195e-01;3.671548e-02;1.575685e-02
7.208588e-03;1.226599e-02;1.210897e-01;9.614425e-02;1.593367e-01;5.742894e-02;7.905088e-02;1.499406e-01;1.098850e-01;1.600344e-01;1.443384e-02;3.318100e-02
2.074918e-02;1.108372e-02;9.229002e-02;5.727971e-02;1.673796e-01;1.084411e-01;1.201241e-01;9.815566e-02;1.763433e-01;1.001556e-01;1.717518e-02;3.082280e-02
4.113585e-02;1.654189e-02;5.437191e-02;4.594689e-02;9.033752e-02;2.271708e-01;1.548220e-01;1.481693e-01;1.111528e-01;8.914246e-02;1.107849e-02;1.013020e-02
3.259834e-02;3.344252e-02;3.841292e-02;3.788592e-02;5.565723e-02;1.996085e-01;2.665821e-01;1.482538e-01;6.445274e-02;9.267967e-02;1.582814e-02;1.459816e-02
1.962961e-02;4.022377e-02;5.679578e-02;3.827427e-02;4.932552e-02;1.251459e-01;3.292684e-01;1.394927e-01;1.104909e-01;6.095314e-02;2.052124e-02;9.878721e-03
2.086060e-02;3.166415e-02;6.175176e-02;5.644705e-02;4.450785e-02;7.735950e-02;2.707518e-01;1.399998e-01;1.757809e-01;9.566552e-02;2.039517e-02;4.815931e-03
2.680535e-02;1.966868e-02;5.791823e-02;6.128858e-02;7.390606e-02;5.363175e-02;2.011485e-01;1.083818e-01;2.091639e-01;1.431104e-01;2.978485e-02;1.519185e-02
2.905022e-02;2.084243e-02;6.134215e-02;4.033396e-02;7.374116e-02;6.307324e-02;2.190190e-01;1.037374e-01;1.929068e-01;1.308201e-01;3.792544e-02;2.720818e-02
2.726964e-02;2.409463e-02;6.819978e-02;3.898992e-02;4.997589e-02;5.905324e-02;2.616201e-01;1.125895e-01;1.722811e-01;1.345309e-01;2.413792e-02;2.725737e-02
3.123808e-02;2.745174e-02;6.541555e-02;3.974739e-02;5.144693e-02;5.893606e-02;2.441524e-01;8.959010e-02;1.443271e-01;1.722372e-01;3.481867e-02;4.063869e-02
3.335866e-02;2.436212e-02;8.352575e-02;6.360894e-02;3.911831e-02;5.822456e-02;2.491847e-01;1.366761e-01;7.501145e-02;1.608339e-01;3.892701e-02;3.716861e-02
3.380261e-02;3.002704e-02;8.321576e-02;8.473543e-02;3.567205e-02;6.130122e-02;2.377325e-01;1.847673e-01;7.168101e-02;1.306542e-01;2.899997e-02;1.741092e-02
2.244052e-02;4.359049e-02;9.677655e-02;9.356835e-02;5.445188e-02;8.098973e-02;2.041400e-01;1.181723e-01;1.152188e-01;1.242330e-01;3.021321e-02;1.620528e-02
1.904951e-02;5.684410e-02;9.005906e-02;7.134143e-02;8.114439e-02;8.983648e-02;2.063613e-01;9.435114e-02;1.426559e-01;1.033012e-01;2.513592e-02;1.991955e-02
4.645361e-02;4.318219e-02;9.213777e-02;5.320863e-02;9.411822e-02;9.844659e-02;1.839009e-01;1.187143e-01;1.485300e-01;7.804275e-02;1.785876e-02;2.540628e-02
4.638866e-02;3.359262e-02;1.022310e-01;5.968286e-02;7.142365e-02;8.152921e-02;1.536947e-01;1.253776e-01;1.662444e-01;1.047168e-01;2.470817e-02;3.041027e-02
4.122511e-02;3.297571e-02;9.516162e-02;7.659356e-02;6.296440e-02;7.400332e-02;1.653394e-01;9.211112e-02;1.944988e-01;1.093426e-01;3.185246e-02;2.393191e-02
3.918878e-02;2.882016e-02;7.932357e-02;6.742496e-02;6.393011e-02;1.103622e-01;1.899073e-01;7.933474e-02;1.670061e-01;1.059136e-01;3.177070e-02;3.701778e-02
6.315073e-02;5.083994e-02;9.944586e-02;7.240685e-02;6.107207e-02;1.037871e-01;1.616513e-01;9.679752e-02;1.047902e-01;1.013060e-01;2.733398e-02;5.741845e-02
7.717258e-02;5.000195e-02;1.103759e-01;5.480869e-02;9.819362e-02;6.956305e-02;9.891324e-02;1.016256e-01;1.141849e-01;1.009803e-01;6.753293e-02;5.664715e-02
5.637003e-02;3.454163e-02;9.168537e-02;6.928613e-02;1.162112e-01;9.928822e-02;1.320744e-01;8.760507e-02;9.937587e-02;1.069068e-01;6.772172e-02;3.893359e-02
5.118008e-02;4.855685e-02;5.870087e-02;7.610435e-02;1.453698e-01;1.081241e-01;1.530441e-01;8.583874e-02;8.478484e-02;1.064056e-01;4.340629e-02;3.848439e-02
3.928348e-02;4.112695e-02;6.847919e-02;6.928626e-02;1.147274e-01;1.101955e-01;1.950764e-01;8.302414e-02;9.921195e-02;1.017116e-01;3.554346e-02;4.233369e-02
3.638762e-02;4.566213e-02;9.605911e-02;7.716129e-02;6.639358e-02;1.287215e-01;2.042052e-01;5.118293e-02;1.105686e-01;9.578149e-02;4.509630e-02;4.278022e-02
4.636146e-02;4.714230e-02;1.208790e-01;8.684817e-02;6.518804e-02;1.223793e-01;1.531965e-01;5.911341e-02;1.110979e-01;6.970108e-02;5.963220e-02;5.846058e-02
3.516919e-02;3.564831e-02;1.398109e-01;8.617368e-02;7.759900e-02;8.442978e-02;1.339022e-01;7.136317e-02;1.115939e-01;6.841592e-02;7.760228e-02;7.829159e-02
4.569173e-02;3.984148e-02;1.117872e-01;1.113855e-01;9.057474e-02;8.288699e-02;1.570293e-01;3.282078e-02;9.074653e-02;8.594124e-02;7.601729e-02;7.527716e-02
5.974633e-02;3.587317e-02;7.972565e-02;1.191050e-01;7.701273e-02;5.202059e-02;1.474370e-01;6.509049e-02;1.029417e-01;1.124917e-01;7.928416e-02;6.927156e-02
6.182540e-02;2.267295e-02;6.902408e-02;8.744676e-02;6.789316e-02;5.829459e-02;1.236948e-01;9.799039e-02;1.244727e-01;1.907405e-01;4.296444e-02;5.298033e-02
4.446055e-02;5.374478e-02;9.994871e-02;1.139415e-01;7.718297e-02;7.771834e-02;1.114797e-01;8.842664e-02;1.124239e-01;1.583471e-01;3.732026e-02;2.500538e-02
6.272633e-02;7.442345e-02;1.021650e-01;1.566734e-01;7.633056e-02;7.847947e-02;1.004530e-01;8.352577e-02;7.458550e-02;8.334877e-02;8.573105e-02;2.155764e-02
6.635304e-02;6.708870e-02;8.526924e-02;2.290123e-01;5.199324e-02;6.357069e-02;8.375192e-02;7.232513e-02;5.495033e-02;5.421434e-02;1.536717e-01;1.779945e-02
4.208995e-02;4.509540e-02;4.735951e-02;3.094741e-01;5.108901e-02;4.878607e-02;6.191353e-02;6.471135e-02;4.455216e-02;3.962974e-02;2.265536e-01;1.874555e-02
2.647305e-02;3.019607e-02;3.318519e-02;3.060739e-01;1.171429e-01;4.873785e-02;3.544685e-02;5.554022e-02;3.477155e-02;5.428568e-02;1.984315e-01;5.971526e-02
1.844400e-02;3.151622e-02;4.217520e-02;1.924797e-01;2.370334e-01;5.540565e-02;2.398474e-02;3.609000e-02;6.232055e-02;5.912767e-02;1.049195e-01;1.365034e-01
9.913215e-03;2.457733e-02;2.804075e-02;1.015738e-01;3.226639e-01;5.821539e-02;3.554656e-02;3.343645e-02;1.299948e-01;3.467324e-02;4.271513e-02;1.786495e-01
1.467520e-02;1.464467e-02;1.858804e-02;6.459860e-02;3.318544e-01;9.269055e-02;3.445519e-02;3.083380e-02;2.045689e-01;2.277972e-02;2.132764e-02;1.489833e-01
1.656596e-02;1.776645e-02;2.332310e-02;3.953357e-02;3.669246e-01;1.668748e-01;3.325070e-02;2.652683e-02;1.944393e-01;1.746367e-02;2.534631e-02;7.198481e-02
1.659526e-02;1.517364e-02;2.497564e-02;8.096816e-02;4.202622e-01;2.236748e-01;2.028041e-02;2.846543e-02;1.031981e-01;1.867940e-02;2.024451e-02;2.748250e-02
1.212139e-02;1.321457e-02;7.911360e-02;1.746199e-01;3.331766e-01;1.666198e-01;2.217521e-02;1.975309e-02;1.238951e-01;1.528013e-02;1.856603e-02;2.146456e-02
2.861438e-02;3.350195e-02;1.872475e-01;2.108390e-01;2.441014e-01;7.859674e-02;2.814262e-02;2.148455e-02;1.170348e-01;1.552495e-02;2.115783e-02;1.375420e-02
5.401336e-02;6.228291e-02;2.728906e-01;1.843643e-01;1.762607e-01;3.527757e-02;3.640197e-02;3.384353e-02;7.455396e-02;1.932338e-02;2.729178e-02;2.349593e-02
6.268251e-02;6.800508e-02;2.986124e-01;1.499264e-01;1.370186e-01;4.646701e-02;5.275660e-02;4.325040e-02;5.575281e-02;2.342894e-02;3.250393e-02;2.959532e-02
4.074262e-02;6.315459e-02;2.042747e-01;1.419638e-01;2.626483e-01;5.830361e-02;4.528985e-02;4.907851e-02;5.229019e-02;2.088944e-02;3.020237e-02;3.116206e-02
5.343360e-02;6.199367e-02;1.839729e-01;1.417034e-01;2.913221e-01;7.296672e-02;4.175546e-02;2.903082e-02;3.134371e-02;2.235953e-02;1.880868e-02;5.130941e-02
3.839840e-02;7.291957e-02;1.808124e-01;7.538429e-02;2.790738e-01;9.619658e-02;7.654811e-02;2.535712e-02;3.991638e-02;3.835043e-02;3.124411e-02;4.579884e-02
3.243711e-02;5.623772e-02;1.074360e-01;1.314898e-01;2.725856e-01;7.635171e-02;1.061703e-01;3.693147e-02;4.692319e-02;4.532781e-02;4.893379e-02;3.917534e-02
5.089791e-02;2.933259e-02;1.097864e-01;1.859537e-01;1.710038e-01;4.852080e-02;1.142257e-01;7.094241e-02;5.524997e-02;6.012571e-02;5.535598e-02;4.860504e-02
9.364632e-02;4.005598e-02;6.682700e-02;1.414169e-01;1.141596e-01;4.527125e-02;1.430509e-01;9.128941e-02;8.196525e-02;7.908340e-02;4.476831e-02;5.846562e-02
1.028515e-01;6.795550e-02;9.858536e-02;9.208605e-02;7.997940e-02;3.793539e-02;1.356871e-01;7.677294e-02;1.042971e-01;1.197834e-01;3.028770e-02;5.377853e-02
9.076474e-02;7.950550e-02;5.299104e-02;1.519213e-01;9.824033e-02;4.130985e-02;9.084067e-02;6.056656e-02;7.642277e-02;1.641489e-01;5.589171e-02;3.739659e-02
4.562701e-02;5.066905e-02;2.077074e-01;2.226094e-01;1.219397e-01;5.488156e-02;4.539821e-02;3.594588e-02;3.145397e-02;9.831119e-02;6.566108e-02;1.979547e-02
2.573314e-02;5.288466e-02;3.221123e-01;2.472007e-01;1.063525e-01;4.628209e-02;3.071211e-02;2.854227e-02;3.302609e-02;3.628199e-02;6.281610e-02;8.055988e-03
1.581495e-02;5.392387e-02;3.802041e-01;2.682325e-01;6.612193e-02;3.912693e-02;2.729664e-02;2.809815e-02;2.846328e-02;1.544453e-02;6.950747e-02;7.765673e-03
2.427762e-02;5.071718e-02;2.918786e-01;3.102908e-01;6.107949e-02;3.893971e-02;4.307689e-02;4.156057e-02;4.011941e-02;2.561785e-02;5.973583e-02;1.270613e-02
2.281022e-02;2.965243e-02;1.542284e-01;4.252312e-01;1.114138e-01;2.335608e-02;3.437899e-02;6.239021e-02;3.637015e-02;2.199165e-02;6.808319e-02;1.009370e-02
2.016974e-02;1.873258e-02;1.392168e-01;4.969396e-01;9.489969e-02;1.292721e-02;1.178776e-02;7.455856e-02;1.244758e-02;1.389365e-02;9.867214e-02;5.754687e-03
1.768907e-02;1.344168e-02;8.457944e-02;5.196791e-01;1.107603e-01;1.632684e-02;1.386499e-02;7.627014e-02;6.765619e-03;1.169092e-02;1.181222e-01;1.080979e-02
1.504187e-02;1.661692e-02;3.191287e-02;4.950991e-01;1.618897e-01;2.104163e-02;2.713190e-02;7.101753e-02;2.212228e-02;2.340634e-02;1.052744e-01;9.445509e-03
2.146434e-02;2.733949e-02;1.120760e-01;2.735924e-01;1.673337e-01;1.106415e-01;1.084441e-01;6.188579e-02;2.758305e-02;1.598069e-02;3.804175e-02;3.561719e-02
2.130028e-02;2.205855e-02;7.396832e-02;9.654540e-02;2.431701e-01;1.661270e-01;1.497920e-01;6.298873e-02;2.965934e-02;1.480669e-02;3.140011e-02;8.818348e-02
1.464818e-02;1.286505e-02;3.201294e-02;9.194475e-02;2.681949e-01;1.544441e-01;1.331114e-01;5.479922e-02;2.627263e-02;1.393816e-02;4.952560e-02;1.482432e-01
9.123699e-03;7.266338e-03;2.329979e-02;1.558033e-01;2.428293e-01;1.009942e-01;8.765453e-02;3.897357e-02;1.767317e-02;1.409948e-02;6.799520e-02;2.342874e-01
2.040925e-02;1.772031e-02;2.176841e-02;2.549476e-01;2.109376e-01;4.941348e-02;5.448127e-02;2.325377e-02;9.183615e-03;1.604682e-02;6.170340e-02;2.601345e-01
3.764264e-02;4.786080e-02;1.283015e-01;2.540215e-01;1.949203e-01;2.897626e-02;5.205221e-02;2.217457e-02;1.673397e-02;2.008317e-02;6.222994e-02;1.350032e-01
6.327341e-02;7.518154e-02;2.176734e-01;2.172607e-01;1.382221e-01;3.228354e-02;5.745890e-02;2.419740e-02;2.578701e-02;2.708687e-02;7.213641e-02;4.943875e-02
6.714235e-02;6.626110e-02;2.211573e-01;1.429532e-01;1.109733e-01;4.297702e-02;6.671427e-02;3.250177e-02;6.382680e-02;3.466758e-02;7.384229e-02;7.698298e-02
4.202184e-02;3.853755e-02;1.205714e-01;1.005604e-01;1.000381e-01;6.455913e-02;7.881726e-02;8.828417e-02;1.030068e-01;5.177592e-02;6.935465e-02;1.424727e-01
4.684638e-02;3.678510e-02;1.076602e-01;6.958631e-02;1.070648e-01;7.008549e-02;9.928827e-02;8.761954e-02;1.102602e-01;6.359432e-02;6.220360e-02;1.390058e-01
3.751583e-02;4.313159e-02;1.113218e-01;1.242223e-01;1.971041e-01;8.087549e-02;7.733449e-02;5.714119e-02;1.071282e-01;6.200072e-02;5.122851e-02;5.099584e-02
3.048883e-02;2.969204e-02;4.755056e-02;1.464092e-01;1.598548e-01;1.416828e-01;8.986296e-02;5.334860e-02;9.597688e-02;7.460570e-02;8.177879e-02;4.874875e-02
3.703563e-02;3.022023e-02;4.474860e-02;1.467693e-01;1.039638e-01;1.583278e-01;1.153111e-01;6.472140e-02;9.121312e-02;7.532596e-02;8.934411e-02;4.301907e-02
4.182615e-02;3.367436e-02;5.710184e-02;1.255259e-01;1.540959e-01;1.367289e-01;1.242571e-01;8.085290e-02;9.608962e-02;5.529771e-02;6.333041e-02;3.121923e-02
2.845998e-02;2.605494e-02;4.568277e-02;9.167702e-02;3.067314e-01;1.122594e-01;1.098768e-01;7.146694e-02;8.283825e-02;3.263670e-02;3.109736e-02;6.121834e-02
1.237000e-02;1.619404e-02;3.355014e-02;6.295382e-02;4.626147e-01;7.490955e-02;6.907208e-02;4.972759e-02;7.781736e-02;2.156800e-02;2.069639e-02;9.852635e-02
1.035183e-02;9.335002e-03;2.411700e-02;4.209312e-02;5.525924e-01;4.416787e-02;2.575020e-02;2.534257e-02;1.056189e-01;1.884747e-02;1.505516e-02;1.267285e-01
8.427080e-03;9.710742e-03;1.487298e-02;2.223957e-02;5.352544e-01;5.423650e-02;2.452043e-02;1.193629e-02;1.621968e-01;2.023727e-02;1.069458e-02;1.256734e-01
2.533625e-02;1.760444e-02;4.184747e-02;3.742889e-02;4.140633e-01;1.118254e-01;3.754916e-02;1.243859e-02;1.835640e-01;2.435585e-02;7.610350e-03;8.637630e-02
4.824126e-02;2.881786e-02;8.631320e-02;7.146094e-02;2.762311e-01;1.846345e-01;6.337100e-02;2.173250e-02;1.150449e-01;2.831103e-02;7.918517e-03;6.792314e-02
5.475498e-02;3.554093e-02;1.042414e-01;7.897918e-02;1.733010e-01;1.877451e-01;6.404747e-02;2.946435e-02;5.688078e-02;2.504543e-02;1.651287e-02;1.734865e-01
5.000172e-02;2.384405e-02;8.242675e-02;4.640610e-02;2.094222e-01;1.404358e-01;3.178752e-02;2.571627e-02;7.352798e-02;1.943486e-02;1.970309e-02;2.772937e-01
4.643058e-02;2.686125e-02;5.323033e-02;2.189780e-02;2.963040e-01;1.261718e-01;2.279126e-02;1.712226e-02;7.430561e-02;1.030230e-02;1.868802e-02;2.858947e-01
3.492448e-02;2.505850e-02;5.211825e-02;3.804736e-02;3.583800e-01;1.227163e-01;3.086743e-02;1.869600e-02;7.047974e-02;1.119531e-02;1.825275e-02;2.192639e-01
2.577493e-02;1.970314e-02;4.212163e-02;3.208322e-02;4.083306e-01;1.538545e-01;2.921154e-02;1.685558e-02;8.367209e-02;1.610705e-02;1.192148e-02;1.603642e-01
3.091750e-02;1.233726e-02;4.404509e-02;3.533701e-02;4.265547e-01;1.597105e-01;3.115673e-02;1.823955e-02;6.525008e-02;2.171878e-02;1.077517e-02;1.439577e-01
3.553754e-02;1.990687e-02;5.624076e-02;4.626062e-02;3.413174e-01;1.828807e-01;3.982705e-02;3.707303e-02;3.951098e-02;7.312760e-02;1.424919e-02;1.140682e-01
4.076290e-02;3.155244e-02;7.966740e-02;5.341233e-02;2.563750e-01;1.948433e-01;7.353126e-02;3.991076e-02;5.185247e-02;1.026477e-01;1.204753e-02;6.339687e-02
3.663481e-02;2.729971e-02;5.407459e-02;5.825304e-02;3.381692e-01;1.796404e-01;5.083371e-02;2.899825e-02;7.126668e-02;8.011112e-02;8.473813e-03;6.624466e-02
2.656785e-02;1.328029e-02;3.200917e-02;4.148668e-02;4.724985e-01;1.613935e-01;3.807307e-02;1.427710e-02;9.283523e-02;5.126619e-02;5.612148e-03;5.070029e-02
1.217657e-02;9.873014e-03;2.422149e-02;4.825823e-02;5.597727e-01;1.163514e-01;2.900504e-02;1.701141e-02;9.835538e-02;4.024509e-02;7.159563e-03;3.757012e-02
1.406174e-02;1.152428e-02;2.344610e-02;8.719392e-02;5.898877e-01;9.103426e-02;1.675000e-02;1.931548e-02;7.987071e-02;2.462469e-02;6.148546e-03;3.614254e-02
1.905326e-02;6.291992e-03;1.966419e-02;1.482428e-01;5.751588e-01;7.023230e-02;1.325586e-02;1.543112e-02;4.975567e-02;1.869503e-02;9.108982e-03;5.510987e-02
2.221075e-02;1.416658e-02;4.008161e-02;2.817380e-01;4.535965e-01;3.680906e-02;1.600583e-02;1.464199e-02;2.005877e-02;1.829704e-02;2.260412e-02;5.978980e-02
2.456053e-02;1.819009e-02;1.384780e-01;4.303505e-01;2.100340e-01;2.112268e-02;2.430363e-02;1.923395e-02;1.402101e-02;1.747679e-02;6.093761e-02;2.129121e-02
2.464975e-02;4.050246e-02;3.808308e-01;3.429307e-01;7.888228e-02;1.293553e-02;1.417851e-02;9.656232e-03;1.415747e-02;2.394055e-02;5.246187e-02;4.873857e-03
4.065846e-02;1.143522e-01;5.267318e-01;1.676482e-01;3.257635e-02;9.525857e-03;1.452195e-02;5.777535e-03;2.273634e-02;3.709124e-02;2.216782e-02;6.212193e-03
1.087119e-01;2.276506e-01;4.539547e-01;6.856332e-02;1.081052e-02;1.409994e-02;1.213031e-02;1.714597e-02;3.078762e-02;3.861988e-02;7.913026e-03;9.612310e-03
2.360856e-01;2.741946e-01;2.163402e-01;3.230436e-02;1.515295e-02;2.148020e-02;2.044177e-02;4.477654e-02;4.523070e-02;5.646836e-02;1.508946e-02;2.243526e-02
2.448700e-01;1.719228e-01;1.132943e-01;1.631807e-02;2.181508e-02;4.376559e-02;4.155190e-02;7.107227e-02;8.847962e-02;1.110731e-01;3.580420e-02;4.003302e-02
1.467022e-01;5.609616e-02;8.660828e-02;2.661541e-02;3.685134e-02;6.421899e-02;7.712983e-02;1.067768e-01;1.535605e-01;1.589317e-01;4.990074e-02;3.660807e-02
7.604580e-02;3.830073e-02;5.953634e-02;6.201001e-02;4.773850e-02;5.320315e-02;1.234380e-01;1.406962e-01;2.052158e-01;1.361665e-01;2.981456e-02;2.783448e-02
5.361219e-02;3.836345e-02;6.855326e-02;7.057836e-02;8.052386e-02;4.862236e-02;1.534791e-01;1.610727e-01;1.945114e-01;6.906383e-02;2.547808e-02;3.614142e-02
4.115112e-02;4.475758e-02;5.215174e-02;7.109738e-02;1.017353e-01;9.188506e-02;1.421478e-01;1.345525e-01;1.517398e-01;6.663258e-02;6.735129e-02;3.479785e-02
4.393994e-02;6.849622e-02;8.705746e-02;8.977045e-02;8.103739e-02;1.156724e-01;7.206891e-02;8.142913e-02;1.257289e-01;1.227702e-01;7.606710e-02;3.596188e-02
3.318619e-02;6.712058e-02;1.466654e-01;9.283440e-02;5.870428e-02;9.966306e-02;3.881386e-02;8.488234e-02;5.109384e-02;1.414735e-01;1.440441e-01;4.151849e-02
6.400121e-02;5.135834e-02;1.111999e-01;8.670571e-02;5.488038e-02;4.438702e-02;4.291757e-02;6.326518e-02;1.031949e-01;1.024446e-01;1.789019e-01;9.674340e-02
5.295581e-02;3.821215e-02;5.925009e-02;4.269014e-02;9.450091e-02;2.946896e-02;3.993626e-02;5.607506e-02;2.169384e-01;5.351077e-02;1.693823e-01;1.470792e-01
2.754901e-02;3.102598e-02;7.172216e-02;3.980124e-02;6.775814e-02;3.229114e-02;3.724687e-02;5.240343e-02;2.511524e-01;7.961282e-02;1.593533e-01;1.500835e-01
4.899025e-02;4.367564e-02;7.880848e-02;2.839385e-02;3.912180e-02;4.433573e-02;3.923212e-02;4.123832e-02;2.306982e-01;1.621229e-01;1.199062e-01;1.234766e-01
6.033904e-02;3.582797e-02;4.812535e-02;2.363462e-02;3.536578e-02;4.085590e-02;5.512442e-02;8.108410e-02;1.882803e-01;1.744715e-01;1.342248e-01;1.226662e-01
3.808928e-02;2.143278e-02;2.402813e-02;3.778614e-02;2.957738e-02;3.736880e-02;8.680865e-02;6.997257e-02;2.131208e-01;1.670055e-01;1.493800e-01;1.254299e-01
2.429222e-02;1.777708e-02;4.088812e-02;2.360151e-02;2.764333e-02;6.343350e-02;7.170686e-02;4.064401e-02;3.612944e-01;1.061550e-01;1.352129e-01;8.735120e-02
3.399294e-02;1.510296e-02;3.966177e-02;2.449029e-02;2.811029e-02;6.752257e-02;1.081489e-01;2.866868e-02;3.959478e-01;3.349410e-02;1.242632e-01;1.005965e-01
2.380024e-02;1.865152e-02;1.849304e-02;6.703927e-02;2.132213e-02;2.930770e-02;2.423916e-01;2.183952e-02;1.884586e-01;8.755754e-02;7.754038e-02;2.035984e-01
1.851447e-02;2.237777e-02;1.582420e-02;1.312772e-01;9.621906e-03;1.731844e-02;2.975204e-01;2.216139e-02;3.073646e-02;2.030174e-01;2.462471e-02;2.070057e-01
2.599388e-02;2.027319e-02;1.284013e-02;1.787847e-01;7.991377e-03;3.219315e-02;2.368413e-01;2.727304e-02;3.654245e-02;2.669560e-01;3.013027e-02;1.241806e-01
5.063472e-02;1.609835e-02;2.882185e-02;2.232088e-01;2.251885e-02;4.629961e-02;1.469665e-01;5.460257e-02;4.509384e-02;2.545741e-01;2.870775e-02;8.247316e-02
8.371068e-02;1.730607e-02;4.001758e-02;2.043182e-01;3.858135e-02;5.276580e-02;1.113711e-01;9.542549e-02;4.551665e-02;1.527596e-01;2.585654e-02;1.323709e-01
1.154940e-01;2.256735e-02;4.260321e-02;9.778794e-02;4.468452e-02;5.686725e-02;1.732388e-01;1.120989e-01;5.627592e-02;7.996441e-02;2.345450e-02;1.749631e-01
1.378782e-01;2.953585e-02;4.216862e-02;3.173504e-02;5.080041e-02;5.296348e-02;1.923069e-01;9.473131e-02;4.815554e-02;8.448737e-02;2.544482e-02;2.097925e-01
1.057328e-01;3.368462e-02;3.263581e-02;7.298917e-02;3.397838e-02;2.951472e-02;1.338423e-01;4.672412e-02;4.152697e-02;1.773333e-01;3.864227e-02;2.533955e-01
8.413437e-02;2.152346e-02;3.463480e-02;1.210564e-01;2.515049e-02;2.588185e-02;8.694090e-02;3.782655e-02;6.091071e-02;2.730799e-01;3.756812e-02;1.912924e-01
8.063482e-02;4.007295e-02;4.959054e-02;1.434195e-01;2.832731e-02;3.500162e-02;1.028832e-01;3.792699e-02;7.709085e-02;1.988551e-01;3.148733e-02;1.747098e-01
9.826571e-02;3.708870e-02;3.365821e-02;1.572714e-01;2.589994e-02;3.162004e-02;9.589151e-02;4.105368e-02;1.040629e-01;1.766909e-01;3.817160e-02;1.603255e-01
9.854508e-02;1.629701e-02;5.642997e-02;1.135629e-01;3.798482e-02;2.910445e-02;1.244788e-01;4.239296e-02;9.795582e-02;1.985298e-01;3.548036e-02;1.492380e-01
1.228246e-01;3.624430e-02;6.514513e-02;6.284025e-02;5.523868e-02;2.309234e-02;1.300650e-01;5.243995e-02;7.494318e-02;1.600602e-01;5.923281e-02;1.578736e-01
1.408334e-01;5.175194e-02;5.206587e-02;5.346464e-02;5.576475e-02;3.188631e-02;1.487890e-01;4.902501e-02;4.117133e-02;7.488623e-02;8.754487e-02;2.128166e-01
1.242898e-01;5.384161e-02;1.067545e-01;6.747410e-02;6.505640e-02;4.619879e-02;1.665025e-01;5.694281e-02;3.171859e-02;7.414532e-02;7.048486e-02;1.365907e-01
