8.713066e-02;5.677780e-02;9.417851e-02;7.549360e-02;7.222925e-02;9.600841e-02;7.599925e-02;8.465558e-02;8.426452e-02;1.138275e-01;6.328703e-02;9.614790e-02
1.725094e-01;1.208805e-01;9.733619e-02;5.577549e-02;4.991411e-02;5.399955e-02;1.126689e-01;8.306852e-02;5.170118e-02;7.506810e-02;5.877477e-02;6.830330e-02
2.236129e-01;1.566806e-01;1.632890e-01;6.019395e-02;3.344438e-02;4.193829e-02;8.260016e-02;4.214627e-02;4.305951e-02;4.609697e-02;4.513925e-02;6.179871e-02
2.232636e-01;1.455962e-01;2.115263e-01;6.979531e-02;2.795046e-02;3.704061e-02;9.645045e-02;2.426958e-02;3.399512e-02;3.429107e-02;4.520783e-02;5.061357e-02
1.916196e-01;9.075647e-02;2.021619e-01;7.319771e-02;4.600889e-02;3.616265e-02;1.027403e-01;4.953992e-02;2.884906e-02;5.504568e-02;5.382266e-02;7.009514e-02
1.883534e-01;1.572855e-01;1.469397e-01;6.365671e-02;5.349482e-02;2.909073e-02;9.800036e-02;5.051349e-02;2.042072e-02;5.647754e-02;5.526908e-02;8.049794e-02
2.071230e-01;1.662555e-01;1.712646e-01;4.012253e-02;3.508894e-02;2.983921e-02;1.020424e-01;4.113473e-02;2.957994e-02;5.652176e-02;5.760501e-02;6.342236e-02
2.056471e-01;1.675172e-01;2.389630e-01;3.131589e-02;1.771552e-02;2.479740e-02;7.549579e-02;2.223384e-02;5.753393e-02;5.500730e-02;4.660837e-02;5.716469e-02
1.438409e-01;2.249042e-01;3.147054e-01;2.477757e-02;1.742556e-02;2.618974e-02;3.170271e-02;1.187904e-02;9.247470e-02;4.928891e-02;2.477717e-02;3.803401e-02
1.110017e-01;2.774087e-01;3.018519e-01;1.469532e-02;1.185894e-02;3.076178e-02;3.573474e-02;2.300815e-02;1.126436e-01;3.034483e-02;2.490387e-02;2.578652e-02
1.610222e-01;2.513803e-01;2.780477e-01;2.427155e-02;1.893214e-02;2.184469e-02;2.830699e-02;6.233245e-02;7.758437e-02;2.026762e-02;2.452972e-02;3.148035e-02
1.656983e-01;1.322971e-01;3.061807e-01;5.409198e-02;4.044686e-02;1.689489e-02;3.865148e-02;1.048178e-01;5.407315e-02;2.918228e-02;2.566848e-02;3.199695e-02
2.297568e-01;1.061200e-01;2.404182e-01;3.834516e-02;3.934316e-02;2.654811e-02;3.701081e-02;1.585169e-01;2.684789e-02;2.272383e-02;3.604510e-02;3.832404e-02
3.011318e-01;1.226975e-01;2.052331e-01;1.847124e-02;1.850339e-02;1.743983e-02;4.145227e-02;1.650853e-01;2.507753e-02;1.628559e-02;3.111951e-02;3.750285e-02
3.455859e-01;1.169586e-01;1.714877e-01;1.892893e-02;1.808982e-02;9.479906e-03;5.269882e-02;1.601386e-01;2.059599e-02;1.437908e-02;2.838785e-02;4.326880e-02
3.345314e-01;1.053045e-01;1.350104e-01;3.504843e-02;3.610187e-02;1.525856e-02;6.845916e-02;1.416013e-01;2.859892e-02;2.677651e-02;2.844251e-02;4.486643e-02
2.133465e-01;9.815685e-02;1.687383e-01;6.968375e-02;5.418333e-02;4.089142e-02;9.484201e-02;8.850634e-02;6.444285e-02;5.548034e-02;2.373803e-02;2.799026e-02
1.076690e-01;6.549419e-02;2.710710e-01;8.274214e-02;7.682637e-02;5.200816e-02;1.400084e-01;5.017177e-02;4.020441e-02;5.224485e-02;2.389167e-02;3.766804e-02
5.538905e-02;2.925597e-02;2.303699e-01;8.088297e-02;1.520811e-01;1.052308e-01;1.585904e-01;2.490889e-02;3.416337e-02;4.311198e-02;2.657560e-02;5.943996e-02
4.089544e-02;2.455470e-02;1.216626e-01;6.187281e-02;1.808554e-01;1.666641e-01;1.786400e-01;4.117380e-02;4.372986e-02;3.111514e-02;1.920136e-02;8.963480e-02
4.096288e-02;1.516123e-02;6.412198e-02;2.268275e-02;1.749467e-01;1.623703e-01;2.022078e-01;7.982949e-02;8.035129e-02;2.839828e-02;1.088912e-02;1.180781e-01
1.303773e-01;1.377912e-02;6.467264e-02;1.050179e-02;1.471708e-01;9.793334e-02;1.672089e-01;8.306569e-02;1.136115e-01;3.308057e-02;1.402481e-02;1.245735e-01
3.747062e-01;3.417511e-02;6.265693e-02;8.814966e-03;9.437098e-02;7.838946e-02;8.913670e-02;3.921162e-02;8.113262e-02;3.116856e-02;1.596241e-02;9.027442e-02
5.157733e-01;5.100671e-02;4.134313e-02;1.073436e-02;4.517894e-02;1.538719e-01;4.553413e-02;2.097306e-02;2.735501e-02;4.830386e-02;5.743194e-03;3.418244e-02
4.550893e-01;4.655810e-02;2.386967e-02;1.485443e-02;1.827621e-02;2.421187e-01;3.752948e-02;3.002859e-02;1.153306e-02;1.057903e-01;3.650659e-03;1.070139e-02
3.365951e-01;2.976149e-02;1.305070e-02;5.459403e-02;1.517793e-02;2.670679e-01;3.309539e-02;3.218987e-02;8.377072e-03;1.968996e-01;1.594304e-03;1.159660e-02
2.792051e-01;5.359469e-02;9.816483e-03;1.017721e-01;1.328056e-02;2.034619e-01;5.872174e-02;2.627018e-02;1.512649e-02;2.251327e-01;4.713869e-03;8.904172e-03
2.280290e-01;1.854510e-01;2.307575e-02;9.521087e-02;1.839458e-02;9.108804e-02;1.424549e-01;1.602365e-02;4.580725e-02;1.319312e-01;1.349216e-02;9.041667e-03
1.379095e-01;3.313764e-01;4.635333e-02;4.289391e-02;2.574282e-02;3.898310e-02;2.055422e-01;2.806612e-02;7.286348e-02;4.470395e-02;2.247363e-02;3.091597e-03
6.159451e-02;3.387883e-01;8.415502e-02;1.840781e-02;3.044927e-02;2.882205e-02;2.332263e-01;7.855248e-02;5.788014e-02;4.197541e-02;2.160777e-02;4.540838e-03
2.332156e-02;1.871868e-01;1.639832e-01;1.073082e-02;2.034191e-02;3.610003e-02;2.845151e-01;1.588574e-01;3.649264e-02;4.806157e-02;1.454218e-02;1.586680e-02
3.544359e-02;1.164989e-01;1.589909e-01;1.469003e-02;2.877061e-02;4.679007e-02;3.240270e-01;1.597385e-01;3.050534e-02;4.590308e-02;1.756038e-02;2.108155e-02
8.730689e-02;1.235776e-01;1.069709e-01;2.439730e-02;4.496279e-02;6.194330e-02;2.880614e-01;1.124129e-01;3.748651e-02;5.920024e-02;3.041748e-02;2.326259e-02
1.852871e-01;9.767196e-02;9.294999e-02;3.302331e-02;5.866035e-02;6.172982e-02;2.177699e-01;8.083814e-02;3.478679e-02;8.081385e-02;2.981131e-02;2.665746e-02
1.648266e-01;1.425791e-01;8.708155e-02;6.123151e-02;5.085680e-02;9.413338e-02;1.875418e-01;5.612203e-02;2.030742e-02;8.405253e-02;2.464708e-02;2.662025e-02
1.080311e-01;1.087610e-01;8.449791e-02;7.821102e-02;5.259573e-02;1.135737e-01;2.309128e-01;3.860101e-02;3.734731e-02;6.727236e-02;4.697400e-02;3.322200e-02
1.285314e-01;1.201438e-01;7.608767e-02;4.629589e-02;4.587313e-02;9.951536e-02;2.009559e-01;8.066001e-02;3.583254e-02;5.698761e-02;6.309048e-02;4.602630e-02
1.516322e-01;1.310985e-01;9.543983e-02;3.601516e-02;4.452288e-02;9.613483e-02;1.218175e-01;9.392069e-02;6.089269e-02;6.071158e-02;8.217525e-02;2.563886e-02
1.002061e-01;1.590525e-01;1.062099e-01;2.755592e-02;2.873417e-02;9.538751e-02;1.475965e-01;8.522971e-02;9.597225e-02;6.365019e-02;6.689470e-02;2.351063e-02
9.980214e-02;1.443268e-01;9.949052e-02;3.046370e-02;2.689818e-02;1.047471e-01;1.775128e-01;8.515558e-02;9.014375e-02;9.067535e-02;3.586029e-02;1.492375e-02
1.207107e-01;1.123798e-01;1.030806e-01;2.209362e-02;4.628602e-02;1.060774e-01;1.914448e-01;7.029746e-02;6.367116e-02;1.158482e-01;3.714304e-02;1.096705e-02
7.113397e-02;9.013116e-02;1.166093e-01;3.291717e-02;6.635295e-02;1.138524e-01;1.952007e-01;6.602152e-02;7.085717e-02;1.145836e-01;4.703745e-02;1.530252e-02
4.498755e-02;1.155472e-01;9.148942e-02;2.898171e-02;7.283783e-02;1.380173e-01;1.557288e-01;6.493846e-02;8.416197e-02;1.015776e-01;7.347618e-02;2.825597e-02
1.093907e-01;1.102352e-01;7.004930e-02;3.007108e-02;5.502545e-02;1.275101e-01;1.201368e-01;9.050077e-02;7.488695e-02;1.251882e-01;5.448133e-02;3.252423e-02
1.340846e-01;1.471459e-01;1.030441e-01;3.344984e-02;4.956839e-02;1.036963e-01;1.081858e-01;8.618054e-02;5.631983e-02;1.201734e-01;3.793249e-02;2.021880e-02
1.521534e-01;1.263626e-01;1.033976e-01;5.387639e-02;5.364564e-02;8.284260e-02;1.156166e-01;6.572005e-02;4.633301e-02;1.232895e-01;5.048893e-02;2.627368e-02
9.849553e-02;6.744570e-02;1.178121e-01;6.500256e-02;6.539766e-02;7.211882e-02;1.371484e-01;9.631260e-02;9.006190e-02;9.439495e-02;4.540748e-02;5.040224e-02
6.506462e-02;6.124658e-02;7.240260e-02;9.526095e-02;5.998554e-02;4.894100e-02;8.010108e-02;5.387204e-02;1.945227e-01;1.598471e-01;7.696521e-02;3.179055e-02
6.601613e-02;2.873429e-02;8.127591e-02;1.337804e-01;3.568048e-02;2.144243e-02;5.488519e-02;5.674621e-02;2.482127e-01;1.739591e-01;6.322427e-02;3.604285e-02
4.812557e-02;1.602101e-02;1.665916e-01;1.166915e-01;2.056273e-02;2.403853e-02;4.742821e-02;1.005517e-01;2.205827e-01;1.459977e-01;5.075162e-02;4.265711e-02
2.722606e-02;2.777043e-02;2.998463e-01;7.004178e-02;1.635083e-02;2.470539e-02;6.634456e-02;1.379257e-01;1.400141e-01;1.020896e-01;3.843733e-02;4.924809e-02
1.761161e-02;8.437947e-02;3.981147e-01;3.021094e-02;2.554711e-02;1.791044e-02;1.307327e-01;1.232471e-01;4.677853e-02;4.740606e-02;4.281160e-02;3.524977e-02
2.049421e-02;2.103505e-01;2.636027e-01;1.397098e-02;3.420143e-02;7.604258e-03;2.489971e-01;6.443617e-02;2.737760e-02;1.559576e-02;7.496887e-02;1.840046e-02
2.332125e-02;2.993506e-01;8.463142e-02;6.672884e-03;2.847902e-02;1.271816e-02;3.710510e-01;2.719746e-02;2.962869e-02;1.269282e-02;8.747041e-02;1.678634e-02
3.209958e-02;2.852006e-01;3.004055e-02;1.004770e-02;2.294994e-02;1.920267e-02;4.294167e-01;1.554719e-02;3.355917e-02;1.657325e-02;8.591855e-02;1.944411e-02
3.672557e-02;2.190637e-01;4.552031e-02;1.273156e-02;2.234352e-02;3.769107e-02;4.307734e-01;2.859731e-02;3.918387e-02;2.543315e-02;7.562128e-02;2.631518e-02
2.296245e-02;1.923762e-01;5.150982e-02;1.929407e-02;3.684831e-02;5.348110e-02;4.253646e-01;6.691259e-02;2.922665e-02;3.134175e-02;4.222006e-02;2.846244e-02
9.913736e-03;1.394287e-01;5.461627e-02;2.841648e-02;3.188144e-02;3.928393e-02;4.182528e-01;1.348337e-01;3.617190e-02;3.565805e-02;4.682297e-02;2.472003e-02
1.662683e-02;8.971931e-02;1.004936e-01;2.410518e-02;1.543241e-02;4.443066e-02;3.337201e-01;2.218557e-01;5.514639e-02;3.657001e-02;4.298150e-02;1.891830e-02
1.781624e-02;8.205897e-02;1.567527e-01;1.053702e-02;1.550417e-02;3.472069e-02;2.621080e-01;2.869001e-01;5.717971e-02;3.063423e-02;3.968922e-02;6.098985e-03
1.913417e-02;5.664483e-02;2.127395e-01;2.340160e-02;1.346741e-02;1.500659e-02;1.857129e-01;2.959030e-01;1.097299e-01;2.981070e-02;3.344305e-02;5.006353e-03
1.992698e-02;3.285463e-02;2.641305e-01;5.867679e-02;8.136217e-03;5.758473e-03;1.005255e-01;2.674951e-01;1.815801e-01;2.594557e-02;2.624444e-02;8.725639e-03
8.819470e-03;1.253147e-02;2.236124e-01;1.538316e-01;7.404963e-03;7.901470e-03;5.160237e-02;2.060902e-01;2.767838e-01;2.463092e-02;1.973610e-02;7.055167e-03
6.238311e-03;1.772490e-02;8.271229e-02;2.710244e-01;1.054561e-02;5.152661e-03;4.513841e-02;1.462404e-01;3.799200e-01;1.844229e-02;1.116586e-02;5.694822e-03
6.941792e-03;1.332972e-02;2.977042e-02;3.603972e-01;7.851727e-03;5.249668e-03;3.821312e-02;9.586134e-02;4.127741e-01;1.639181e-02;9.443108e-03;3.775980e-03
4.067639e-03;6.364852e-03;3.370038e-02;4.133549e-01;1.222876e-02;4.181060e-03;2.059588e-02;8.313419e-02;3.959023e-01;1.152670e-02;9.577936e-03;5.365395e-03
4.431773e-03;6.164633e-03;1.657647e-02;4.154672e-01;1.469469e-02;4.363909e-03;2.225179e-02;9.215228e-02;3.912159e-01;1.741248e-02;1.091974e-02;4.349179e-03
4.196389e-03;4.168587e-03;4.104901e-02;3.734951e-01;1.014094e-02;5.958346e-03;3.080020e-02;1.067469e-01;3.873831e-01;1.737817e-02;1.205863e-02;6.624678e-03
4.605225e-03;6.746760e-03;8.173749e-02;3.235001e-01;7.419801e-03;7.856282e-03;3.922027e-02;1.475409e-01;3.546031e-01;1.574584e-02;9.125856e-03;1.898395e-03
4.772438e-03;5.458245e-03;1.158253e-01;2.518923e-01;8.003809e-03;1.141679e-02;3.293678e-02;2.243931e-01;3.232584e-01;1.313999e-02;3.834031e-03;5.068774e-03
4.025515e-03;3.911406e-03;1.588282e-01;1.435089e-01;9.242973e-03;1.764660e-02;3.767716e-02;3.379588e-01;2.660925e-01;1.338448e-02;3.986704e-03;3.736785e-03
3.662139e-03;5.856641e-03;1.738943e-01;3.843416e-02;6.449329e-03;2.111361e-02;1.183904e-01;4.267288e-01;1.738050e-01;1.662659e-02;8.598321e-03;6.440651e-03
4.925283e-03;7.882937e-03;1.392320e-01;7.859489e-02;5.367504e-03;3.009433e-02;1.886018e-01;4.057200e-01;1.066503e-01;1.540295e-02;8.224376e-03;9.303723e-03
1.625361e-02;1.075313e-02;5.301435e-02;2.179913e-01;1.499029e-02;2.677697e-02;2.147175e-01;3.043587e-01;9.649522e-02;3.201878e-02;7.207525e-03;5.422550e-03
1.489471e-02;1.353578e-02;8.646651e-02;2.959059e-01;1.477719e-02;2.235357e-02;1.480208e-01;1.071227e-01;2.404730e-01;3.225850e-02;1.442089e-02;9.770333e-03
9.185379e-03;8.564704e-03;7.230692e-02;2.902796e-01;6.900169e-03;1.862534e-02;9.921402e-02;1.166485e-01;3.332946e-01;2.852612e-02;9.519977e-03;6.934666e-03
7.896010e-03;9.544331e-03;4.306831e-02;2.516046e-01;3.848268e-03;1.648627e-02;1.079516e-01;1.235375e-01;3.937155e-01;2.993387e-02;6.660345e-03;5.753495e-03
5.361802e-03;1.336259e-02;4.647990e-02;1.676043e-01;9.368368e-03;2.176113e-02;1.235652e-01;1.079461e-01;4.294525e-01;5.324654e-02;1.312837e-02;8.723219e-03
5.437336e-03;1.400899e-02;8.734950e-02;6.271399e-02;1.075142e-02;1.961224e-02;8.971749e-02;1.238641e-01;4.849388e-01;7.237551e-02;1.129219e-02;1.793840e-02
4.172054e-03;9.060823e-03;1.191782e-01;1.611438e-02;7.219623e-03;2.152974e-02;5.769232e-02;1.891759e-01;4.515739e-01;8.952297e-02;1.452420e-02;2.023594e-02
4.968645e-03;7.771232e-03;1.758417e-01;2.621669e-02;4.224548e-03;2.813077e-02;4.600918e-02;2.348298e-01;3.415818e-01;7.880291e-02;1.994065e-02;3.168202e-02
4.196860e-03;3.090327e-03;2.802120e-01;2.910251e-02;2.686562e-03;4.258047e-02;5.407670e-02;3.054688e-01;1.561068e-01;4.527884e-02;1.795839e-02;5.924170e-02
1.028544e-02;5.297345e-03;3.302874e-01;2.576265e-02;3.270767e-03;5.003185e-02;6.317704e-02;3.226454e-01;7.210211e-02;2.641926e-02;1.037249e-02;8.034829e-02
1.016204e-02;4.405057e-03;3.026598e-01;6.024875e-02;3.612874e-03;5.483474e-02;5.644833e-02;2.814310e-01;1.088576e-01;1.682613e-02;1.334140e-02;8.717219e-02
1.442744e-02;1.368305e-02;2.488955e-01;9.332347e-02;1.297605e-02;5.640586e-02;6.026435e-02;2.598053e-01;1.353225e-01;2.192500e-02;9.599069e-03;7.337247e-02
1.703092e-02;2.172764e-02;1.469420e-01;1.780532e-01;2.037518e-02;5.294603e-02;6.233857e-02;2.783450e-01;1.232557e-01;2.452065e-02;1.239923e-02;6.206573e-02
1.839564e-02;2.061254e-02;6.822414e-02;1.873359e-01;1.488307e-02;3.962827e-02;6.117675e-02;3.040240e-01;1.766720e-01;2.187246e-02;1.336867e-02;7.380668e-02
2.704952e-02;1.030670e-02;1.161394e-01;1.179384e-01;6.872662e-03;2.212742e-02;6.309495e-02;3.390960e-01;2.311465e-01;1.646193e-02;5.279692e-03;4.448673e-02
3.346735e-02;8.177936e-03;1.011391e-01;9.243410e-02;7.601549e-03;2.003802e-02;1.196784e-01;3.112871e-01;2.435945e-01;2.245187e-02;1.267917e-02;2.745092e-02
4.422735e-02;1.612937e-02;8.136202e-02;6.552946e-02;1.251131e-02;2.393503e-02;2.239091e-01;2.088797e-01;2.081095e-01;4.445787e-02;2.258887e-02;4.836034e-02
4.028189e-02;1.594885e-02;5.950132e-02;5.624266e-02;1.912753e-02;2.894431e-02;3.789566e-01;1.159732e-01;1.353469e-01;6.867675e-02;2.898471e-02;5.201530e-02
1.932443e-02;1.032956e-02;4.121561e-02;7.390546e-02;8.045373e-03;4.556127e-02;4.084811e-01;1.666103e-01;1.144982e-01;6.407308e-02;1.586065e-02;3.209499e-02
1.870904e-02;5.476340e-03;5.617583e-02;9.674312e-02;1.024438e-02;4.297014e-02;3.384606e-01;1.753218e-01;1.745257e-01;5.739703e-02;1.055099e-02;1.342517e-02
2.626849e-02;4.934241e-03;4.887621e-02;1.053495e-01;7.984349e-03;2.079729e-02;2.798942e-01;1.739639e-01;2.170915e-01;7.265422e-02;1.543089e-02;2.675523e-02
2.086376e-02;4.827351e-03;3.194770e-02;9.399243e-02;1.009242e-02;2.350672e-02;2.978476e-01;1.574555e-01;2.168022e-01;8.221127e-02;1.977088e-02;4.068223e-02
1.839756e-02;4.592921e-03;2.662281e-02;9.511960e-02;5.470493e-03;1.902896e-02;2.935454e-01;1.533498e-01;2.424546e-01;9.275918e-02;1.289754e-02;3.576115e-02
1.399239e-02;8.014050e-03;3.277638e-02;7.443971e-02;6.895733e-03;1.376018e-02;3.242702e-01;1.733139e-01;2.309508e-01;9.641837e-02;7.213199e-03;1.795502e-02
2.005597e-02;1.943739e-02;3.651771e-02;4.739259e-02;8.981090e-03;2.039453e-02;3.662245e-01;1.558116e-01;1.925741e-01;9.744979e-02;1.656312e-02;1.859756e-02
8.752538e-02;3.723631e-02;4.752025e-02;5.355106e-02;2.179402e-02;2.423786e-02;2.957126e-01;9.492110e-02;1.759376e-01;1.118814e-01;2.242182e-02;2.726057e-02
1.579518e-01;4.475370e-02;5.029702e-02;5.374803e-02;4.265297e-02;2.156406e-02;1.954470e-01;5.330960e-02;1.779037e-01;1.390921e-01;2.948237e-02;3.379769e-02
1.959902e-01;3.753516e-02;3.263989e-02;5.270841e-02;6.230961e-02;1.674675e-02;1.199273e-01;3.326392e-02;1.992388e-01;1.886626e-01;2.749274e-02;3.348467e-02
2.370055e-01;1.206813e-02;1.377840e-02;9.830536e-02;7.994561e-02;1.012665e-02;8.175332e-02;1.290257e-02;2.144013e-01;2.128990e-01;1.512932e-02;1.168486e-02
2.959332e-01;1.928198e-02;1.451501e-02;1.356432e-01;5.629193e-02;7.485481e-03;7.617072e-02;8.397293e-03;2.201404e-01;1.476965e-01;1.231451e-02;6.129697e-03
3.062721e-01;1.816069e-02;1.801844e-02;1.303425e-01;8.444903e-02;7.294290e-03;7.182857e-02;1.259952e-02;2.109517e-01;1.210390e-01;9.895339e-03;9.148769e-03
2.103418e-01;4.827230e-02;1.703999e-02;9.998738e-02;2.038825e-01;6.971328e-03;4.137242e-02;9.720810e-03;1.368889e-01;2.057935e-01;9.274746e-03;1.045426e-02
1.107306e-01;1.005976e-01;1.450570e-02;3.787520e-02;2.819860e-01;5.315421e-03;1.816813e-02;1.465160e-02;6.366248e-02;3.340872e-01;1.183162e-02;6.588495e-03
5.418416e-02;1.384901e-01;1.411473e-02;1.479621e-02;2.552276e-01;1.018818e-02;2.407633e-02;2.207919e-02;4.118647e-02;3.959127e-01;2.040037e-02;9.343981e-03
4.413186e-02;1.398542e-01;2.000393e-02;3.119393e-02;1.609929e-01;3.392844e-02;4.779492e-02;4.324720e-02;7.329738e-02;3.256668e-01;5.509455e-02;2.479388e-02
6.551743e-02;1.218288e-01;3.468302e-02;5.761665e-02;1.133585e-01;5.955671e-02;7.655664e-02;5.535863e-02;8.990832e-02;2.085627e-01;7.011025e-02;4.694239e-02
5.657413e-02;9.899463e-02;3.725439e-02;6.013792e-02;1.732774e-01;5.725230e-02;8.851641e-02;4.065499e-02;7.530996e-02;2.262183e-01;4.128096e-02;4.452858e-02
6.684326e-02;7.434280e-02;3.348365e-02;7.369895e-02;1.297379e-01;2.425231e-02;7.885421e-02;4.494270e-02;9.065266e-02;3.075215e-01;5.106059e-02;2.460957e-02
5.624959e-02;6.297451e-02;2.778215e-02;7.018960e-02;1.167696e-01;3.848876e-02;7.364835e-02;3.087268e-02;1.297364e-01;3.215118e-01;4.129012e-02;3.048633e-02
3.069681e-02;6.242555e-02;1.360894e-02;5.997268e-02;3.260493e-01;3.746578e-02;5.411018e-02;2.253273e-02;7.683869e-02;2.486213e-01;4.388616e-02;2.379186e-02
4.310366e-02;5.293010e-02;1.319147e-02;7.750897e-02;4.378529e-01;3.267854e-02;4.748932e-02;2.402869e-02;5.386931e-02;1.673700e-01;3.698537e-02;1.299170e-02
4.338039e-02;5.872106e-02;1.546911e-02;6.985515e-02;4.988524e-01;3.283829e-02;4.552372e-02;1.839323e-02;4.169556e-02;1.224863e-01;3.531596e-02;1.746878e-02
5.571622e-02;5.089911e-02;2.013839e-02;7.540985e-02;4.585480e-01;3.438137e-02;4.155871e-02;3.006527e-02;3.386700e-02;1.310940e-01;5.106646e-02;1.725560e-02
9.438515e-02;6.274281e-02;2.393818e-02;8.175828e-02;3.334592e-01;2.046532e-02;5.618314e-02;3.933773e-02;4.693798e-02;1.708151e-01;5.320664e-02;1.677041e-02
1.389930e-01;1.216711e-01;6.020635e-02;8.630846e-02;1.437293e-01;3.851755e-02;8.303751e-02;3.432204e-02;6.361970e-02;1.432357e-01;5.125123e-02;3.510801e-02
1.614700e-01;1.352516e-01;9.646547e-02;5.885009e-02;5.867431e-02;5.783750e-02;1.201733e-01;2.646701e-02;5.852196e-02;1.240294e-01;3.804484e-02;6.421458e-02
1.428709e-01;1.177245e-01;9.319973e-02;2.370463e-02;5.215940e-02;4.440600e-02;9.250905e-02;4.490848e-02;6.044112e-02;1.772821e-01;9.007216e-02;6.072196e-02
9.414200e-02;7.966917e-02;7.476427e-02;1.313716e-02;6.874588e-02;3.950623e-02;5.099657e-02;6.985367e-02;7.027461e-02;2.325408e-01;1.579498e-01;4.841986e-02
4.366815e-02;4.711971e-02;4.278115e-02;2.560644e-02;9.805030e-02;4.059305e-02;6.738575e-02;8.571853e-02;1.406503e-01;2.508730e-01;1.321338e-01;2.541976e-02
2.939600e-02;3.236992e-02;3.742352e-02;4.133053e-02;7.568804e-02;8.117677e-02;9.868520e-02;1.367663e-01;2.439904e-01;1.574982e-01;4.764621e-02;1.802904e-02
1.542883e-02;1.745254e-02;6.409044e-02;3.159239e-02;2.975397e-02;1.083459e-01;1.205297e-01;2.783331e-01;2.090491e-01;9.244765e-02;1.194727e-02;2.102900e-02
5.170390e-03;1.735816e-02;6.812084e-02;1.457514e-02;2.457565e-02;7.412852e-02;1.836526e-01;3.930073e-01;1.086031e-01;8.797008e-02;8.488527e-03;1.434967e-02
4.416850e-03;3.914235e-02;4.469869e-02;9.748030e-03;5.779321e-02;3.431381e-02;3.403739e-01;3.394625e-01;5.360231e-02;4.840270e-02;1.984525e-02;8.200395e-03
3.771618e-03;6.892256e-02;1.916422e-02;5.979711e-03;6.959479e-02;2.555742e-02;4.946572e-01;2.017864e-01;4.161355e-02;3.070133e-02;3.161882e-02;6.632292e-03
5.176245e-03;8.330379e-02;1.249902e-02;3.238745e-03;6.003270e-02;1.948461e-02;5.728580e-01;1.337584e-01;5.514159e-02;1.357021e-02;3.439775e-02;6.538961e-03
3.358123e-03;8.741752e-02;5.764165e-03;4.581465e-03;5.816137e-02;2.015220e-02;5.870149e-01;1.034896e-01;8.308951e-02;7.290856e-03;3.480302e-02;4.877303e-03
2.406914e-03;9.249240e-02;4.511137e-03;3.042612e-03;5.345243e-02;2.125473e-02;6.076310e-01;7.959516e-02;9.384140e-02;7.783879e-03;3.117789e-02;2.810491e-03
3.222865e-03;9.476095e-02;9.415194e-03;2.586181e-03;4.472684e-02;2.037610e-02;6.028945e-01;8.145157e-02;9.650473e-02;7.676193e-03;3.338268e-02;3.002188e-03
2.209019e-03;9.639496e-02;8.836335e-03;3.861655e-03;6.189848e-02;1.702920e-02;5.828482e-01;1.029461e-01;7.783376e-02;8.864120e-03;3.421085e-02;3.067408e-03
3.331386e-03;9.043394e-02;2.123391e-02;4.128448e-03;9.931986e-02;1.891358e-02;5.298043e-01;1.428543e-01;4.552191e-02;1.072117e-02;3.032815e-02;3.408926e-03
4.296334e-03;7.589433e-02;3.943708e-02;4.800030e-03;1.130881e-01;1.461903e-02;4.523287e-01;2.261011e-01;2.681357e-02;1.267634e-02;2.590208e-02;4.043317e-03
2.566701e-03;5.833974e-02;8.421262e-02;5.465905e-03;6.609325e-02;9.186666e-03;3.703125e-01;3.229819e-01;3.056336e-02;1.680819e-02;2.742037e-02;6.048795e-03
2.463354e-03;4.460906e-02;1.407091e-01;7.648268e-03;4.555609e-02;1.354679e-02;2.889726e-01;3.621035e-01;2.168099e-02;4.605795e-02;1.846294e-02;8.189376e-03
4.936874e-03;3.137220e-02;1.921336e-01;6.074043e-03;3.663539e-02;1.519830e-02;2.284310e-01;3.484139e-01;2.251461e-02;9.504215e-02;6.164761e-03;1.308315e-02
4.627678e-03;1.706917e-02;2.274612e-01;5.515536e-03;1.191423e-02;1.986930e-02;1.578112e-01;3.549293e-01;1.472370e-02;1.559303e-01;6.660351e-03;2.348790e-02
3.016767e-03;9.070502e-03;2.322041e-01;6.330105e-03;1.060086e-02;5.984647e-02;9.566372e-02;3.323208e-01;2.816630e-02;1.683901e-01;7.118130e-03;4.727221e-02
2.309330e-03;7.543364e-03;2.302950e-01;5.281405e-03;1.358938e-02;1.326372e-01;5.760764e-02;2.938070e-01;5.003276e-02;1.257492e-01;9.660370e-03;7.148733e-02
6.490791e-03;1.100620e-02;1.998307e-01;2.117331e-02;1.205886e-02;2.312531e-01;5.824717e-02;2.234819e-01;6.152584e-02;9.311147e-02;7.683701e-03;7.413690e-02
1.045421e-02;1.569626e-02;1.135080e-01;6.274074e-02;8.694619e-03;2.690688e-01;5.728865e-02;1.968322e-01;1.455846e-01;6.938030e-02;4.227679e-03;4.652384e-02
1.180522e-02;1.172625e-02;6.388289e-02;8.985154e-02;9.423134e-03;1.846832e-01;9.524448e-02;2.420538e-01;1.943690e-01;6.814019e-02;3.362353e-03;2.545788e-02
9.075499e-03;1.814003e-02;1.123386e-01;6.563816e-02;1.361926e-02;1.402241e-01;1.758671e-01;2.364732e-01;1.132618e-01;6.812124e-02;8.573577e-03;3.866752e-02
1.232002e-02;3.692361e-02;8.925665e-02;4.974270e-02;2.414528e-02;1.281227e-01;2.480601e-01;1.795919e-01;9.902029e-02;7.013972e-02;2.010431e-02;4.257266e-02
3.030017e-02;7.309775e-02;7.244791e-02;4.226520e-02;3.398900e-02;8.553346e-02;2.942878e-01;1.370213e-01;1.180852e-01;5.762824e-02;2.997081e-02;2.537321e-02
2.182722e-02;1.142638e-01;6.937114e-02;2.913025e-02;4.684916e-02;3.729184e-02;2.912795e-01;1.850586e-01;1.137784e-01;4.856638e-02;2.785415e-02;1.472971e-02
2.646421e-02;1.536798e-01;4.600779e-02;4.029340e-02;4.935158e-02;4.621864e-02;3.229204e-01;1.480653e-01;9.582579e-02;3.371506e-02;3.033751e-02;7.120423e-03
1.015555e-01;1.326743e-01;3.082431e-02;8.145222e-02;3.795785e-02;9.045376e-02;2.807654e-01;7.781342e-02;6.284577e-02;6.262151e-02;1.987424e-02;2.116176e-02
1.575476e-01;6.630584e-02;6.334373e-02;9.288953e-02;5.481731e-02;1.019534e-01;1.583929e-01;5.363591e-02;3.409576e-02;7.960620e-02;3.457182e-02;1.028399e-01
1.071374e-01;5.777200e-02;8.506739e-02;6.382770e-02;7.251559e-02;5.723470e-02;8.795740e-02;3.431405e-02;4.469295e-02;5.886179e-02;1.300008e-01;2.006183e-01
5.211562e-02;6.549145e-02;9.929779e-02;6.240549e-02;4.316444e-02;3.429384e-02;6.764312e-02;1.915893e-02;4.716968e-02;1.093022e-01;2.401851e-01;1.597723e-01
5.706887e-02;6.139446e-02;1.676161e-01;4.669766e-02;1.423944e-02;3.068183e-02;5.445532e-02;1.541853e-02;8.395531e-02;2.131973e-01;1.872779e-01;6.799735e-02
6.189501e-02;1.288632e-01;1.586237e-01;1.942797e-02;1.623714e-02;4.168475e-02;3.227830e-02;3.051499e-02;1.912393e-01;2.124358e-01;5.121965e-02;5.558013e-02
1.148655e-01;1.737144e-01;8.694272e-02;2.239161e-02;2.864756e-02;3.903560e-02;3.343431e-02;7.219189e-02;2.267783e-01;8.967637e-02;4.342602e-02;6.889576e-02
2.132636e-01;1.234592e-01;4.485624e-02;3.108026e-02;3.500815e-02;3.029522e-02;6.874333e-02;1.472628e-01;1.619090e-01;2.813282e-02;3.715821e-02;7.883121e-02
1.907062e-01;4.202629e-02;3.789041e-02;4.948835e-02;2.655785e-02;2.989134e-02;1.395972e-01;1.328325e-01;1.321362e-01;5.901678e-02;2.582714e-02;1.340299e-01
9.090344e-02;6.859752e-02;2.410357e-02;6.396808e-02;2.314642e-02;3.702608e-02;2.202121e-01;5.464632e-02;1.276511e-01;5.842527e-02;2.900585e-02;2.023142e-01
9.899710e-02;8.096044e-02;4.733473e-02;4.601973e-02;3.914063e-02;3.135800e-02;2.283431e-01;8.482340e-02;8.869564e-02;6.095339e-02;2.791286e-02;1.654610e-01
1.265861e-01;8.867948e-02;6.250266e-02;4.864677e-02;4.633643e-02;2.504509e-02;1.921742e-01;1.061469e-01;1.122830e-01;6.207252e-02;3.686379e-02;9.266306e-02
1.140397e-01;6.908312e-02;1.300880e-01;5.191528e-02;4.069174e-02;4.158242e-02;1.191996e-01;9.501341e-02;1.417809e-01;6.533725e-02;4.220676e-02;8.906193e-02
9.927800e-02;7.633419e-02;1.653015e-01;4.119370e-02;2.767148e-02;4.208689e-02;6.761295e-02;9.645314e-02;1.650910e-01;7.294127e-02;3.813261e-02;1.079032e-01
1.315591e-01;6.889093e-02;1.415787e-01;3.712313e-02;5.907213e-02;3.179934e-02;1.093327e-01;5.994768e-02;1.393830e-01;7.391693e-02;4.423707e-02;1.031593e-01
1.206291e-01;6.439324e-02;1.154110e-01;5.198950e-02;7.322887e-02;4.720473e-02;1.394319e-01;7.592436e-02;8.221681e-02;8.277038e-02;3.134934e-02;1.154508e-01
1.132370e-01;7.700631e-02;1.190892e-01;6.274292e-02;6.564022e-02;4.771423e-02;1.379523e-01;9.810451e-02;7.411894e-02;7.765801e-02;3.931769e-02;8.741873e-02
6.255201e-02;8.661891e-02;8.634188e-02;8.492997e-02;6.439690e-02;5.680054e-02;1.481836e-01;8.064007e-02;6.831603e-02;9.041243e-02;8.440346e-02;8.640417e-02
9.032144e-02;5.683528e-02;8.689135e-02;4.018444e-02;4.689376e-02;5.053804e-02;1.589882e-01;8.944268e-02;1.224911e-01;6.311239e-02;8.681437e-02;1.074869e-01
1.213442e-01;9.353727e-02;9.415646e-02;6.163088e-02;5.109023e-02;3.866820e-02;1.344762e-01;7.957397e-02;9.210104e-02;4.953675e-02;8.803733e-02;9.584737e-02
1.239663e-01;8.136088e-02;7.500020e-02;5.990860e-02;7.170559e-02;5.343661e-02;1.134536e-01;9.427485e-02;5.042308e-02;8.831850e-02;1.007310e-01;8.742072e-02
1.172506e-01;6.244581e-02;8.240457e-02;6.725122e-02;8.122320e-02;6.516975e-02;8.253935e-02;7.506283e-02;7.396863e-02;1.173496e-01;8.480916e-02;9.052525e-02
1.130708e-01;5.570164e-02;9.585025e-02;6.460320e-02;6.675429e-02;7.101393e-02;7.308386e-02;8.787118e-02;9.913720e-02;1.210513e-01;6.140347e-02;9.045891e-02
9.437129e-02;5.047999e-02;1.154444e-01;6.084104e-02;4.542582e-02;4.859538e-02;8.982985e-02;1.344354e-01;1.314125e-01;7.454566e-02;3.955885e-02;1.150598e-01
5.351561e-02;3.952946e-02;1.136698e-01;6.647895e-02;5.910849e-02;6.728925e-02;7.533280e-02;1.399471e-01;1.304586e-01;7.258322e-02;5.774384e-02;1.243429e-01
6.473494e-02;5.791041e-02;9.684472e-02;6.158873e-02;7.466870e-02;6.555814e-02;5.599050e-02;1.112145e-01;9.529801e-02;1.098844e-01;7.566594e-02;1.306411e-01
7.366631e-02;5.756564e-02;9.953978e-02;6.677379e-02;6.201906e-02;5.040926e-02;8.111295e-02;4.838881e-02;8.893274e-02;1.096845e-01;9.249689e-02;1.694103e-01
5.427654e-02;6.658606e-02;9.032575e-02;6.035588e-02;4.779425e-02;7.815790e-02;1.477363e-01;4.686281e-02;7.326791e-02;9.042351e-02;7.271621e-02;1.714968e-01
