4.207152e-02;1.386403e-01;4.798662e-02;4.996217e-02;1.181267e-01;1.955858e-01;5.395196e-02;4.600141e-02;1.893062e-01;2.342406e-02;5.246768e-02;4.247560e-02
2.727810e-02;1.972259e-01;4.147155e-02;3.314615e-02;6.647908e-02;2.297508e-01;2.587829e-02;2.635370e-02;2.174451e-01;1.388656e-02;2.457123e-02;9.651360e-02
2.817125e-02;2.339084e-01;7.690848e-02;2.322759e-02;3.110323e-02;1.755199e-01;1.707633e-02;2.764593e-02;1.973099e-01;3.383598e-02;1.083946e-02;1.444536e-01
3.988140e-02;2.096018e-01;1.685138e-01;2.246800e-02;3.149954e-02;7.905719e-02;3.906478e-02;2.713613e-02;1.663193e-01;9.869721e-02;8.865413e-03;1.088954e-01
4.058721e-02;1.456164e-01;2.237399e-01;2.424847e-02;4.350764e-02;6.120570e-02;5.673562e-02;2.369171e-02;1.543561e-01;1.540688e-01;2.560768e-02;4.663479e-02
4.906667e-02;1.011939e-01;2.199365e-01;3.888860e-02;5.436002e-02;5.075638e-02;5.966597e-02;3.118744e-02;1.578247e-01;1.646136e-01;4.661265e-02;2.589360e-02
6.849243e-02;8.118134e-02;1.865547e-01;4.964241e-02;6.654374e-02;6.040209e-02;6.049569e-02;4.187251e-02;1.430548e-01;1.369736e-01;6.512818e-02;3.965855e-02
5.758186e-02;6.342266e-02;1.277445e-01;3.599420e-02;1.039130e-01;7.405321e-02;7.386094e-02;5.050448e-02;1.339963e-01;9.318331e-02;5.742119e-02;1.283243e-01
3.867070e-02;9.366628e-02;1.026415e-01;2.014649e-02;6.836370e-02;1.200831e-01;6.121644e-02;4.419054e-02;1.467873e-01;1.127854e-01;3.984983e-02;1.515987e-01
4.332769e-02;8.048635e-02;6.312125e-02;5.327071e-02;6.580811e-02;1.408132e-01;5.636079e-02;5.710302e-02;1.508512e-01;7.015158e-02;7.203195e-02;1.466742e-01
5.123933e-02;1.021544e-01;1.970792e-01;9.740919e-02;4.570229e-02;1.105112e-01;5.853409e-02;6.593741e-02;1.030535e-01;5.851907e-02;6.034933e-02;4.951103e-02
2.956043e-02;7.852727e-02;3.182253e-01;1.549893e-01;4.209605e-02;6.879405e-02;6.031142e-02;3.401064e-02;6.500997e-02;6.772067e-02;6.228449e-02;1.847034e-02
1.866738e-02;4.926829e-02;3.540131e-01;2.498429e-01;4.028437e-02;3.727468e-02;5.253773e-02;1.293606e-02;3.272516e-02;5.649426e-02;8.705418e-02;8.901884e-03
1.480161e-02;2.239264e-02;3.329315e-01;3.281540e-01;3.608897e-02;1.252112e-02;4.441502e-02;1.603706e-02;1.403909e-02;3.574488e-02;1.339186e-01;8.955471e-03
1.514744e-02;1.149962e-02;2.603209e-01;2.453581e-01;3.647159e-02;2.320058e-02;1.008015e-01;1.840827e-02;6.557029e-03;1.309411e-01;1.440493e-01;7.244529e-03
1.486231e-02;1.187652e-02;2.752030e-01;8.176879e-02;2.082291e-02;2.171625e-02;1.943196e-01;8.286730e-03;1.003080e-02;2.439899e-01;1.102713e-01;6.851865e-03
1.583812e-02;8.387762e-03;2.502968e-01;2.372916e-02;3.098193e-02;5.261369e-03;2.600878e-01;1.697189e-02;1.180143e-02;2.964231e-01;7.213975e-02;8.080969e-03
1.459518e-02;7.530550e-03;2.285944e-01;2.618478e-02;3.950795e-02;3.198109e-03;2.586197e-01;1.957618e-02;9.439035e-03;3.377115e-01;5.069744e-02;4.345239e-03
1.546908e-02;1.539393e-02;2.308900e-01;1.963945e-02;4.439686e-02;7.564288e-03;2.017057e-01;1.237067e-02;3.058085e-02;3.837019e-01;3.102037e-02;7.266868e-03
1.369313e-02;5.161002e-02;1.903395e-01;1.925200e-02;3.799766e-02;3.995620e-02;1.119915e-01;1.653574e-02;1.096587e-01;3.472234e-01;2.284577e-02;3.889643e-02
2.043563e-02;1.111563e-01;1.041586e-01;3.007404e-02;2.318540e-02;8.766850e-02;4.904929e-02;3.972217e-02;2.439514e-01;1.873235e-01;2.136243e-02;8.191274e-02
4.413635e-02;1.361362e-01;4.897869e-02;3.930151e-02;1.810319e-02;1.005760e-01;4.846068e-02;7.778973e-02;2.964118e-01;7.366835e-02;2.082202e-02;9.561545e-02
6.763034e-02;1.157501e-01;4.481312e-02;4.110055e-02;1.853948e-02;8.310833e-02;9.724373e-02;1.030389e-01;2.287516e-01;7.088330e-02;3.546148e-02;9.367912e-02
1.238985e-01;8.081210e-02;8.960036e-02;3.229769e-02;5.680584e-02;4.455462e-02;1.042518e-01;8.107203e-02;1.228048e-01;7.895843e-02;1.169514e-01;6.799233e-02
1.239031e-01;7.757093e-02;1.226341e-01;3.587487e-02;1.068249e-01;1.650694e-02;5.261099e-02;1.730311e-01;1.291934e-01;3.939269e-02;1.054970e-01;1.695982e-02
1.649194e-01;5.820495e-02;9.703787e-02;1.850425e-02;1.033091e-01;1.600719e-02;2.419118e-02;2.367551e-01;1.569929e-01;3.680893e-02;7.544144e-02;1.182765e-02
2.261915e-01;3.738939e-02;7.444570e-02;7.891087e-03;1.057928e-01;1.077536e-02;3.180555e-02;2.647830e-01;1.174881e-01;3.945071e-02;6.458736e-02;1.939942e-02
2.720786e-01;2.128657e-02;5.567831e-02;1.759779e-02;1.008195e-01;1.120782e-02;6.692925e-02;2.749915e-01;4.451654e-02;4.038965e-02;5.610105e-02;3.840349e-02
2.440682e-01;1.526376e-02;4.247378e-02;4.444332e-02;6.146511e-02;2.241532e-02;1.417543e-01;2.515187e-01;2.313092e-02;6.099580e-02;3.867452e-02;5.379619e-02
1.670239e-01;1.554254e-02;3.326097e-02;6.767910e-02;3.105029e-02;4.426664e-02;2.419796e-01;2.103357e-01;2.633562e-02;6.382743e-02;2.658297e-02;7.211518e-02
1.021814e-01;1.391388e-02;4.438307e-02;8.836352e-02;2.855638e-02;7.777660e-02;2.863447e-01;1.718443e-01;1.470870e-02;5.088802e-02;3.498452e-02;8.605494e-02
6.898878e-02;2.237346e-02;8.782050e-02;7.861826e-02;4.025819e-02;1.118004e-01;2.449117e-01;1.543920e-01;2.403393e-02;4.324656e-02;4.520802e-02;7.834817e-02
9.079669e-02;4.798742e-02;1.214942e-01;4.488520e-02;8.159656e-02;7.273938e-02;1.507882e-01;1.233243e-01;3.298710e-02;9.561013e-02;7.864194e-02;5.914901e-02
1.153232e-01;5.227751e-02;1.206898e-01;6.943861e-02;6.264280e-02;5.594469e-02;8.327787e-02;9.873033e-02;7.399765e-02;8.507092e-02;1.026801e-01;7.992650e-02
1.919318e-01;5.520532e-02;1.057834e-01;8.403789e-02;2.231789e-02;4.809912e-02;1.320250e-01;6.995356e-02;2.681887e-02;4.163988e-02;7.874210e-02;1.434452e-01
2.686924e-01;6.801155e-02;7.129303e-02;8.436077e-02;1.020486e-02;2.843756e-02;1.760839e-01;8.051986e-02;1.291196e-02;1.628693e-02;3.876682e-02;1.444303e-01
3.009857e-01;5.938042e-02;3.785407e-02;6.072780e-02;6.830853e-03;1.554786e-02;1.957095e-01;1.088113e-01;2.041159e-02;1.920184e-02;1.723563e-02;1.573034e-01
2.807175e-01;2.770314e-02;2.194978e-02;2.163649e-02;6.204291e-03;1.168364e-02;2.051427e-01;1.191183e-01;1.477636e-02;2.210793e-02;1.555589e-02;2.534040e-01
2.221309e-01;2.012240e-02;1.523040e-02;2.099591e-02;4.881569e-03;7.867320e-03;1.909490e-01;9.054507e-02;1.147603e-02;1.844374e-02;2.974486e-02;3.676128e-01
1.541622e-01;1.197913e-02;1.503114e-02;2.641711e-02;5.176901e-03;1.005570e-02;1.757737e-01;5.491311e-02;6.729049e-03;1.960571e-02;9.026416e-02;4.298920e-01
1.569368e-01;1.956057e-02;2.691380e-02;2.007686e-02;9.734102e-03;1.688870e-02;1.484469e-01;3.079534e-02;1.147199e-02;2.611609e-02;1.631990e-01;3.698599e-01
1.856134e-01;4.169342e-02;3.431387e-02;2.509545e-02;2.810094e-02;3.598094e-02;1.341446e-01;3.305219e-02;2.610188e-02;4.692618e-02;1.670953e-01;2.418818e-01
1.608586e-01;4.121096e-02;6.338493e-02;4.079486e-02;4.516327e-02;4.043193e-02;1.417060e-01;6.452692e-02;4.345078e-02;6.398121e-02;1.291727e-01;1.653178e-01
1.073721e-01;3.452685e-02;7.924744e-02;5.079665e-02;5.481534e-02;3.841037e-02;1.379233e-01;8.107198e-02;8.073357e-02;1.025500e-01;1.126507e-01;1.199016e-01
7.293034e-02;2.934162e-02;9.628822e-02;4.447260e-02;4.327013e-02;4.376287e-02;1.143477e-01;8.590432e-02;1.462643e-01;1.549343e-01;1.084470e-01;6.003670e-02
5.802086e-02;1.659439e-02;9.349283e-02;4.082934e-02;3.010337e-02;3.897141e-02;1.066251e-01;8.463804e-02;9.141967e-02;1.056065e-01;1.166709e-01;2.170276e-01
6.129663e-02;8.404950e-03;1.515523e-01;4.665324e-02;2.651090e-02;3.741302e-02;5.699641e-02;8.360240e-02;4.313406e-02;8.956218e-02;9.894367e-02;2.959302e-01
3.682719e-02;3.195619e-02;1.215844e-01;6.896792e-02;4.957828e-02;5.543974e-02;1.082387e-01;7.497765e-02;4.167058e-02;8.830547e-02;8.529314e-02;2.371607e-01
5.832993e-02;4.762746e-02;1.224071e-01;8.967870e-02;7.928272e-02;9.117985e-02;1.611865e-01;6.813649e-02;7.673792e-02;9.104594e-02;3.919775e-02;7.518964e-02
8.340947e-02;5.716836e-02;1.448413e-01;8.457457e-02;7.353722e-02;8.492347e-02;1.592782e-01;5.784460e-02;7.137162e-02;8.758401e-02;4.662082e-02;4.884646e-02
8.862108e-02;5.806578e-02;1.866219e-01;6.339370e-02;4.820979e-02;7.150877e-02;1.315425e-01;5.010786e-02;7.257733e-02;9.287627e-02;8.029405e-02;5.618094e-02
4.969592e-02;3.776466e-02;2.153762e-01;8.807133e-02;7.661648e-02;3.609344e-02;6.612298e-02;5.497536e-02;6.889295e-02;9.623580e-02;1.170322e-01;9.312274e-02
7.038133e-02;1.412815e-02;1.132643e-01;1.250917e-01;1.387729e-01;9.643406e-02;9.649327e-02;1.919233e-02;4.014584e-02;6.671534e-02;1.003915e-01;1.189892e-01
8.497914e-02;2.828057e-02;3.648196e-02;8.505274e-02;1.181230e-01;1.553641e-01;2.595325e-01;5.748638e-02;3.315315e-02;3.044953e-02;3.903670e-02;7.206021e-02
5.672643e-02;4.119378e-02;1.930604e-02;3.493748e-02;5.880319e-02;1.354712e-01;4.385119e-01;1.270673e-01;2.775799e-02;1.753171e-02;1.941804e-02;2.327493e-02
2.546027e-02;3.128090e-02;2.843793e-02;1.158891e-02;2.546182e-02;7.380192e-02;4.707043e-01;2.363549e-01;4.060987e-02;1.505953e-02;2.066912e-02;2.057054e-02
6.867471e-03;1.631466e-02;6.027703e-02;7.301562e-03;1.894476e-02;2.529996e-02;3.139031e-01;3.778992e-01;4.675051e-02;2.626960e-02;1.749642e-02;8.267577e-02
9.301753e-03;1.071392e-02;9.037548e-02;1.236515e-02;1.330247e-02;1.646363e-02;1.106724e-01;4.517972e-01;6.945788e-02;3.697028e-02;1.004015e-02;1.685397e-01
2.391733e-02;9.830026e-03;8.873872e-02;2.656120e-02;1.300603e-02;3.129772e-02;5.080754e-02;3.865924e-01;1.276099e-01;3.124215e-02;1.549827e-02;1.948988e-01
5.173200e-02;2.307704e-02;7.245303e-02;3.657495e-02;2.267271e-02;3.929338e-02;1.201823e-01;2.548246e-01;1.554607e-01;5.082789e-02;3.002832e-02;1.428729e-01
7.184830e-02;6.306992e-02;4.740354e-02;3.593211e-02;6.847443e-02;2.674626e-02;1.002533e-01;1.160443e-01;1.075396e-01;2.057566e-01;8.354678e-02;7.338489e-02
2.768242e-02;9.014169e-02;2.164504e-02;2.828890e-02;1.242445e-01;1.154365e-02;2.829586e-02;3.798269e-02;1.597340e-01;3.483121e-01;8.957981e-02;3.254933e-02
9.866903e-03;9.302611e-02;1.139829e-02;1.632736e-02;1.652609e-01;6.243393e-03;2.459965e-02;2.593696e-02;1.543837e-01;4.261458e-01;4.640859e-02;2.040233e-02
2.227523e-02;6.936616e-02;6.260752e-03;2.609301e-02;1.958551e-01;4.906910e-03;4.632849e-02;2.294736e-02;1.909967e-01;3.781608e-01;1.867859e-02;1.813089e-02
3.390794e-02;6.887846e-02;7.562728e-03;3.391896e-02;2.409357e-01;6.597062e-03;4.845283e-02;4.602720e-02;1.900438e-01;2.942480e-01;1.943387e-02;9.993435e-03
1.871732e-02;1.328821e-01;7.284930e-03;2.490132e-02;2.438308e-01;1.200959e-02;3.365125e-02;7.721481e-02;1.074291e-01;2.922630e-01;3.959721e-02;1.021867e-02
1.462149e-02;1.582877e-01;1.472877e-02;2.043140e-02;2.088918e-01;2.219331e-02;3.562794e-02;1.112368e-01;4.562020e-02;2.993191e-01;5.420620e-02;1.483536e-02
1.352498e-02;1.105480e-01;2.113466e-02;3.496184e-02;1.438929e-01;2.650523e-02;8.326076e-02;1.130420e-01;1.537762e-01;2.300977e-01;4.683125e-02;2.242443e-02
2.714930e-02;5.505936e-02;4.285495e-02;5.273160e-02;6.846852e-02;4.769323e-02;1.563562e-01;1.020820e-01;2.169052e-01;1.352265e-01;5.160506e-02;4.386812e-02
4.059778e-02;7.401727e-02;7.090528e-02;4.827771e-02;1.339473e-01;4.555734e-02;1.319955e-01;7.750787e-02;9.571183e-02;1.728500e-01;4.459905e-02;6.403305e-02
1.026951e-01;9.144519e-02;8.909650e-02;6.452113e-02;1.027027e-01;5.982084e-02;6.106427e-02;8.024098e-02;5.476225e-02;1.885565e-01;4.678496e-02;5.830958e-02
1.105936e-01;1.049934e-01;8.212528e-02;4.703928e-02;5.267607e-02;6.523144e-02;4.565042e-02;5.624318e-02;3.712742e-02;1.629646e-01;1.456508e-01;8.970450e-02
7.913762e-02;1.244962e-01;5.898712e-02;2.790225e-02;1.241930e-01;4.428417e-02;3.638887e-02;4.433279e-02;3.824148e-02;2.082842e-01;1.413572e-01;7.239509e-02
3.742817e-02;1.624530e-01;3.513130e-02;1.079150e-02;1.962604e-01;2.423204e-02;2.457972e-02;5.248477e-02;4.034555e-02;3.070846e-01;7.255968e-02;3.664922e-02
1.522599e-02;1.753599e-01;1.602423e-02;6.992736e-03;1.989987e-01;2.157191e-02;1.352082e-02;8.179619e-02;2.549426e-02;3.654636e-01;6.643983e-02;1.311185e-02
8.744332e-03;1.387527e-01;1.347917e-02;6.014335e-03;1.360881e-01;4.311073e-02;1.102838e-02;9.295508e-02;3.917241e-02;3.734307e-01;1.231120e-01;1.411198e-02
7.057052e-03;7.699265e-02;2.090617e-02;8.534231e-03;7.813188e-02;7.302310e-02;1.620591e-02;6.799179e-02;5.775975e-02;3.867561e-01;1.862880e-01;2.035330e-02
1.604008e-02;2.583315e-02;2.205143e-02;1.866413e-02;7.143253e-02;7.812268e-02;4.277234e-02;4.172813e-02;6.610686e-02;3.965737e-01;2.030991e-01;1.757588e-02
2.956916e-02;2.522194e-02;1.763880e-02;4.522371e-02;9.823035e-02;5.528206e-02;8.299086e-02;4.909179e-02;1.421228e-01;2.823807e-01;1.480274e-01;2.422044e-02
3.777105e-02;3.645523e-02;1.728771e-02;9.264496e-02;6.822625e-02;2.458113e-02;8.298869e-02;5.402909e-02;2.634060e-01;1.964301e-01;9.858821e-02;2.759153e-02
2.516692e-02;6.284484e-02;1.726222e-02;1.057512e-01;4.661972e-02;2.662228e-02;9.424128e-02;8.534419e-02;3.007043e-01;1.755684e-01;4.843432e-02;1.144037e-02
2.382968e-02;3.638690e-02;2.761892e-02;6.367917e-02;3.764336e-02;4.425571e-02;1.878882e-01;1.078068e-01;2.778153e-01;1.433458e-01;2.972133e-02;2.000888e-02
4.010035e-02;1.301599e-02;3.472721e-02;8.952672e-02;3.012924e-02;6.619077e-02;1.703514e-01;7.399608e-02;3.325750e-01;1.016172e-01;2.745239e-02;2.031760e-02
3.523130e-02;1.074028e-02;2.712608e-02;1.262812e-01;2.579203e-02;5.924858e-02;1.400263e-01;7.398020e-02;3.931719e-01;7.296394e-02;2.216662e-02;1.327148e-02
2.641994e-02;6.136524e-03;1.478596e-02;1.425589e-01;1.539944e-02;7.657363e-02;1.442662e-01;7.518332e-02;4.068364e-01;7.236642e-02;1.124504e-02;8.228151e-03
1.315202e-02;4.968854e-03;4.089374e-02;8.773666e-02;1.958727e-02;1.590200e-01;2.087001e-01;1.100516e-01;2.534445e-01;8.329421e-02;6.864804e-03;1.228631e-02
7.958474e-03;1.309452e-02;6.320929e-02;2.793709e-02;6.638619e-02;1.474856e-01;3.256404e-01;1.244051e-01;1.164931e-01;8.601239e-02;8.454749e-03;1.292300e-02
1.699812e-02;2.823319e-02;5.385134e-02;2.630665e-02;1.128864e-01;1.026005e-01;4.008923e-01;9.229625e-02;8.389045e-02;6.051811e-02;1.014090e-02;1.138589e-02
3.584523e-02;3.371129e-02;6.097966e-02;5.778185e-02;1.416499e-01;1.231838e-01;3.511584e-01;4.481632e-02;7.564305e-02;4.415923e-02;1.344409e-02;1.762723e-02
3.449088e-02;2.487353e-02;1.540425e-01;7.816920e-02;1.911307e-01;1.277528e-01;1.807066e-01;3.152898e-02;7.718555e-02;3.938564e-02;1.825649e-02;4.247715e-02
2.078529e-02;1.790668e-02;2.947463e-01;1.169799e-01;1.870962e-01;7.009495e-02;8.764631e-02;4.439134e-02;5.716233e-02;2.389041e-02;3.777418e-02;4.152623e-02
1.322074e-02;1.867514e-02;4.166481e-01;1.294755e-01;1.006293e-01;6.215866e-02;8.772403e-02;4.214058e-02;3.659996e-02;3.170554e-02;4.355161e-02;1.747073e-02
8.716421e-03;2.023386e-02;4.181397e-01;1.000955e-01;7.230341e-02;9.784383e-02;1.220022e-01;4.144984e-02;3.268671e-02;4.654854e-02;2.674081e-02;1.323923e-02
2.864885e-02;1.558631e-02;2.234047e-01;7.173325e-02;1.600876e-01;1.172406e-01;1.878568e-01;5.188523e-02;5.724340e-02;4.079637e-02;1.992800e-02;2.558890e-02
3.253565e-02;3.722155e-02;8.182053e-02;3.197700e-02;1.163487e-01;1.104164e-01;3.519345e-01;5.181610e-02;8.897696e-02;5.466848e-02;2.054190e-02;2.174216e-02
2.429085e-02;5.625969e-02;3.228834e-02;2.626287e-02;8.260410e-02;1.056536e-01;4.357616e-01;4.689937e-02;1.003844e-01;5.635428e-02;2.203026e-02;1.121057e-02
2.315474e-02;5.629694e-02;1.345463e-02;3.179930e-02;7.239808e-02;1.321121e-01;4.609961e-01;4.767263e-02;8.960198e-02;5.189057e-02;1.763912e-02;2.983798e-03
5.728480e-02;3.409948e-02;6.851130e-03;4.632625e-02;5.032571e-02;2.894565e-01;3.053110e-01;7.343161e-02;4.150378e-02;8.369292e-02;8.690821e-03;3.025954e-03
8.766954e-02;1.388084e-02;1.093304e-02;3.267085e-02;5.886058e-02;4.364790e-01;1.296719e-01;1.073572e-01;1.656344e-02;9.287000e-02;5.303034e-03;7.740535e-03
7.655248e-02;7.634497e-03;1.651721e-02;3.049680e-02;7.488176e-02;4.200503e-01;1.833605e-01;8.216718e-02;2.068615e-02;7.865918e-02;2.294224e-03;6.699760e-03
4.227365e-02;1.070204e-02;8.833090e-03;6.513400e-02;5.436619e-02;3.653934e-01;2.730793e-01;5.758620e-02;2.632326e-02;8.661224e-02;4.666042e-03;5.030543e-03
2.098093e-02;2.201944e-02;4.238284e-03;1.047203e-01;2.816531e-02;2.538719e-01;4.251595e-01;4.613481e-02;2.580069e-02;5.853993e-02;7.602250e-03;2.766669e-03
9.571784e-03;5.354088e-02;6.133181e-03;1.415414e-01;1.381250e-02;1.321919e-01;5.262612e-01;4.246791e-02;3.577934e-02;1.976707e-02;1.718697e-02;1.745983e-03
7.017831e-03;9.409162e-02;2.013162e-02;1.310688e-01;2.108382e-02;8.162929e-02;5.058185e-01;5.838055e-02;4.145460e-02;6.348209e-03;2.927835e-02;3.696829e-03
1.700669e-02;1.128664e-01;3.693168e-02;8.724408e-02;3.226314e-02;9.345435e-02;4.213211e-01;9.361482e-02;4.321134e-02;1.839480e-02;3.621171e-02;7.479814e-03
3.654645e-02;1.019639e-01;6.822571e-02;5.503917e-02;4.112605e-02;1.125317e-01;3.069319e-01;1.231371e-01;5.293126e-02;4.073124e-02;4.538440e-02;1.545115e-02
5.154963e-02;7.292086e-02;1.231250e-01;5.546674e-02;6.266814e-02;1.062885e-01;2.164227e-01;1.142000e-01;5.648057e-02;5.601645e-02;5.626759e-02;2.859381e-02
3.583750e-02;5.628822e-02;1.028505e-01;1.155552e-01;4.728324e-02;7.646547e-02;3.116237e-01;8.492222e-02;5.141573e-02;3.677257e-02;6.027779e-02;2.070784e-02
1.958293e-02;7.352580e-02;3.578795e-02;1.804809e-01;2.061997e-02;1.052462e-01;3.627017e-01;8.415946e-02;5.194375e-02;2.950726e-02;2.476991e-02;1.167417e-02
2.221655e-02;1.230963e-01;5.260031e-02;2.034762e-01;2.778114e-02;1.162141e-01;2.514798e-01;5.344541e-02;5.300696e-02;4.435928e-02;4.005333e-02;1.227056e-02
4.698631e-02;1.321625e-01;1.168829e-01;1.645140e-01;7.141672e-02;1.113665e-01;7.689641e-02;3.698234e-02;6.743468e-02;7.906383e-02;7.412422e-02;2.216958e-02
4.776251e-02;4.361109e-02;2.065019e-01;7.817765e-02;7.075652e-02;7.659871e-02;1.645964e-01;6.230795e-02;9.077302e-02;7.562931e-02;4.646318e-02;3.682171e-02
4.646879e-02;2.532601e-02;2.162135e-01;7.487188e-02;8.250523e-02;7.948860e-02;1.534636e-01;7.282984e-02;8.166786e-02;8.330797e-02;4.752488e-02;3.633181e-02
5.324038e-02;3.405507e-02;1.872343e-01;6.769632e-02;8.166199e-02;8.168960e-02;1.538821e-01;9.011134e-02;6.813464e-02;9.755892e-02;4.802158e-02;3.671385e-02
6.013406e-02;3.830704e-02;1.429487e-01;4.842426e-02;6.532662e-02;7.959405e-02;2.007460e-01;1.311497e-01;4.088181e-02;1.184451e-01;3.615813e-02;3.788457e-02
4.141585e-02;3.238738e-02;1.053516e-01;2.693624e-02;7.320596e-02;6.483717e-02;2.793638e-01;1.707011e-01;3.262880e-02;1.271467e-01;1.523913e-02;3.078623e-02
1.076885e-02;3.306959e-02;7.215902e-02;1.636793e-02;1.392751e-01;5.088752e-02;4.280731e-01;1.210356e-01;2.838783e-02;7.005408e-02;1.762676e-02;1.229459e-02
1.710480e-02;4.203878e-02;4.843549e-02;3.900097e-02;1.751530e-01;5.976326e-02;4.714172e-01;5.995360e-02;3.718388e-02;2.506600e-02;2.031331e-02;4.569749e-03
4.388279e-02;4.932068e-02;6.214465e-02;7.787714e-02;1.605301e-01;1.028618e-01;3.751349e-01;3.426417e-02;3.758124e-02;2.157151e-02;2.016084e-02;1.467018e-02
5.334330e-02;4.292789e-02;2.060109e-01;7.853532e-02;1.517539e-01;1.024347e-01;2.136221e-01;2.311994e-02;3.033072e-02;4.737614e-02;1.955042e-02;3.099469e-02
4.397251e-02;4.401221e-02;3.120180e-01;5.844603e-02;1.333417e-01;6.594842e-02;1.671344e-01;2.440063e-02;2.734070e-02;6.382692e-02;2.702032e-02;3.253814e-02
7.150288e-02;4.392676e-02;2.549641e-01;5.403911e-02;1.160497e-01;5.363862e-02;1.730999e-01;4.806148e-02;3.832588e-02;6.394933e-02;5.021324e-02;3.222900e-02
8.177424e-02;6.405364e-02;1.210202e-01;2.958142e-02;1.181563e-01;8.372112e-02;1.920327e-01;7.026653e-02;7.098259e-02;4.488382e-02;7.347272e-02;5.005465e-02
6.506447e-02;9.801058e-02;1.254789e-01;6.212451e-02;9.764856e-02;7.314159e-02;1.610648e-01;1.013974e-01;8.680004e-02;4.314137e-02;5.050909e-02;3.561874e-02
8.755228e-02;9.865984e-02;1.259566e-01;7.373191e-02;7.115791e-02;4.699807e-02;9.423204e-02;1.408360e-01;1.092882e-01;6.049005e-02;5.651672e-02;3.458045e-02
8.758841e-02;6.431510e-02;1.048421e-01;6.595597e-02;5.732817e-02;3.807656e-02;1.161735e-01;1.543264e-01;1.144097e-01;7.516585e-02;7.584193e-02;4.597642e-02
5.172173e-02;3.340235e-02;1.108759e-01;4.963036e-02;5.266884e-02;7.165453e-02;1.753787e-01;1.504918e-01;6.645764e-02;8.410162e-02;5.986439e-02;9.375209e-02
8.845894e-02;5.442130e-02;1.866714e-01;4.848261e-02;6.008467e-02;4.384564e-02;1.476721e-01;8.802582e-02;9.225913e-02;7.907490e-02;5.755943e-02;5.344411e-02
9.388583e-02;5.928916e-02;1.732897e-01;4.440111e-02;5.694211e-02;3.896924e-02;1.491552e-01;8.826539e-02;1.112509e-01;6.128058e-02;5.724835e-02;6.602230e-02
9.290565e-02;7.786488e-02;1.859587e-01;4.007506e-02;5.040452e-02;3.030813e-02;1.221400e-01;1.103881e-01;1.190892e-01;4.515274e-02;5.357283e-02;7.214028e-02
7.096588e-02;1.460794e-01;1.835376e-01;2.981203e-02;3.484676e-02;1.883667e-02;1.452102e-01;1.322438e-01;9.557498e-02;3.159725e-02;5.008157e-02;6.121384e-02
2.748030e-02;3.144605e-01;1.252196e-01;1.835288e-02;2.014040e-02;2.075666e-02;2.407175e-01;1.020697e-01;3.687064e-02;1.577968e-02;5.031609e-02;2.783593e-02
9.298904e-02;4.014693e-01;4.188478e-02;2.343139e-02;9.594625e-03;4.071128e-02;2.733241e-01;3.290700e-02;1.064940e-02;1.926159e-02;4.823364e-02;5.543836e-03
2.673243e-01;2.655319e-01;1.371886e-02;5.564564e-02;1.333479e-02;7.847765e-02;1.882858e-01;1.760704e-02;5.211547e-03;4.622533e-02;3.161339e-02;1.702375e-02
3.751645e-01;1.110971e-01;1.181958e-02;7.934222e-02;3.052124e-02;1.108101e-01;1.141704e-01;3.677231e-02;7.650269e-03;5.579856e-02;1.241537e-02;5.443824e-02
3.310655e-01;4.078932e-02;4.084396e-02;7.045676e-02;9.032695e-02;1.338339e-01;6.319199e-02;4.351576e-02;2.309925e-02;4.125628e-02;8.675960e-03;1.129444e-01
1.629069e-01;1.877849e-02;9.838801e-02;5.651737e-02;2.328517e-01;9.095667e-02;7.180928e-02;2.829865e-02;7.275724e-02;1.753805e-02;6.222542e-03;1.429752e-01
4.537139e-02;2.202667e-02;1.214155e-01;9.542313e-02;3.271929e-01;4.680152e-02;7.718433e-02;1.558225e-02;9.000215e-02;1.781883e-02;1.454471e-02;1.266366e-01
1.538519e-02;3.894696e-02;1.656932e-01;1.660546e-01;2.920558e-01;4.050949e-02;5.316110e-02;2.846450e-02;5.594002e-02;3.053102e-02;3.000802e-02;8.325011e-02
3.001348e-02;5.483013e-02;2.208668e-01;1.932702e-01;1.974623e-01;7.997981e-02;6.896089e-02;3.445551e-02;2.189407e-02;3.427265e-02;2.833114e-02;3.566299e-02
6.364024e-02;5.309494e-02;1.959958e-01;1.246758e-01;1.749148e-01;1.703201e-01;1.047276e-01;3.524506e-02;2.081689e-02;2.411569e-02;1.578808e-02;1.666494e-02
8.934005e-02;4.168495e-02;8.580337e-02;9.097607e-02;1.104562e-01;3.144610e-01;1.561816e-01;4.618586e-02;1.165107e-02;2.966973e-02;5.877719e-03;1.771243e-02
5.943271e-02;6.213934e-02;1.508976e-02;1.583854e-01;8.041989e-02;2.638893e-01;2.615622e-01;3.882565e-02;1.400791e-02;2.690191e-02;1.159767e-02;7.748237e-03
2.028926e-02;9.282145e-02;3.604219e-02;1.078574e-01;1.563592e-01;1.160994e-01;3.590652e-01;5.338005e-02;1.823659e-02;1.178152e-02;1.929921e-02;8.768482e-03
5.330295e-03;7.138919e-02;1.261474e-01;3.057097e-02;2.025176e-01;4.639747e-02;3.226797e-01;1.138254e-01;2.158828e-02;1.349594e-02;1.680098e-02;2.925673e-02
5.002476e-03;2.758907e-02;2.288396e-01;7.923673e-03;1.244390e-01;5.707521e-02;2.260197e-01;1.741583e-01;3.096439e-02;2.252865e-02;8.154681e-03;8.730524e-02
1.254338e-02;1.033653e-02;2.020975e-01;1.508924e-02;3.655512e-02;7.438213e-02;1.941483e-01;1.897596e-01;6.826066e-02;3.259829e-02;2.598663e-02;1.382426e-01
2.716049e-02;1.665882e-02;1.143972e-01;3.553654e-02;3.236797e-02;7.133382e-02;2.237772e-01;1.768290e-01;1.033949e-01;4.659174e-02;4.147762e-02;1.104746e-01
4.383646e-02;3.335022e-02;1.133285e-01;4.915925e-02;4.941294e-02;6.645422e-02;2.188763e-01;1.495537e-01;1.174524e-01;5.468334e-02;3.951320e-02;6.437945e-02
5.713287e-02;5.803429e-02;1.590469e-01;6.081306e-02;7.837775e-02;7.426875e-02;1.494229e-01;9.566799e-02;1.175276e-01;6.191820e-02;4.712434e-02;4.066537e-02
4.378112e-02;5.912083e-02;2.699515e-01;5.224207e-02;8.887676e-02;5.310216e-02;7.106474e-02;1.665382e-01;5.938447e-02;2.615323e-02;4.459069e-02;6.519412e-02
3.330465e-02;3.632684e-02;1.870337e-01;4.966978e-02;8.728304e-02;5.794135e-02;1.511368e-01;1.888805e-01;6.635769e-02;3.350005e-02;3.330947e-02;7.525610e-02
9.062997e-02;8.482626e-02;1.277269e-01;7.637464e-02;8.009478e-02;4.671010e-02;1.531342e-01;6.362920e-02;3.829189e-02;9.026327e-02;4.971329e-02;9.860546e-02
7.742517e-02;6.920494e-02;1.159376e-01;1.200444e-01;6.390694e-02;4.315621e-02;4.375946e-02;1.003127e-01;1.528780e-01;1.171401e-01;3.120827e-02;6.502619e-02
4.148078e-02;3.460460e-02;1.008584e-01;1.049827e-01;4.449006e-02;3.584075e-02;1.050681e-01;1.879048e-01;1.958419e-01;8.328622e-02;1.954995e-02;4.609182e-02
1.564379e-02;3.329022e-02;8.368980e-02;6.019152e-02;2.399338e-02;3.009139e-02;1.891326e-01;2.925607e-01;1.595429e-01;3.738619e-02;3.197061e-02;4.250685e-02
1.518135e-02;6.252401e-02;4.837352e-02;1.910629e-02;2.070864e-02;4.011415e-02;3.326800e-01;2.683446e-01;8.080737e-02;1.740825e-02;6.428400e-02;3.046792e-02
4.706037e-02;7.095989e-02;1.772430e-02;2.243147e-02;2.000259e-02;1.014703e-01;4.002402e-01;1.486816e-01;4.423822e-02;4.993127e-02;6.677122e-02;1.048853e-02
9.323763e-02;4.721970e-02;2.303397e-02;4.321830e-02;3.557183e-02;1.970903e-01;3.075613e-01;6.227346e-02;3.524048e-02;1.120061e-01;3.044521e-02;1.310160e-02
1.189404e-01;3.280462e-02;5.910570e-02;5.178735e-02;6.279661e-02;2.264011e-01;1.763281e-01;3.802885e-02;4.207450e-02;1.390417e-01;1.557058e-02;3.712050e-02
1.127112e-01;3.577794e-02;8.517730e-02;4.180169e-02;8.041192e-02;1.736339e-01;1.337481e-01;4.354928e-02;7.789772e-02;1.196018e-01;2.366760e-02;7.202163e-02
1.077496e-01;2.583224e-02;5.070303e-02;4.874207e-02;9.805110e-02;1.568349e-01;1.415392e-01;3.060789e-02;1.509618e-01;7.438637e-02;2.564116e-02;8.895058e-02
1.118645e-01;9.642358e-03;3.080044e-02;5.002965e-02;1.141422e-01;2.429582e-01;1.261210e-01;2.224666e-02;1.649281e-01;5.518866e-02;1.748206e-02;5.459613e-02
1.215471e-01;8.431301e-03;3.002509e-02;4.606242e-02;1.294359e-01;3.104890e-01;9.996708e-02;2.335787e-02;1.648661e-01;2.857956e-02;1.202898e-02;2.520954e-02
1.229855e-01;1.175450e-02;4.939579e-02;4.116622e-02;1.146551e-01;3.492882e-01;1.054613e-01;2.742109e-02;1.184020e-01;4.143086e-02;9.936856e-03;8.102520e-03
1.059453e-01;1.381942e-02;6.625272e-02;2.332950e-02;1.397071e-01;2.752643e-01;1.895482e-01;2.354218e-02;6.877521e-02;5.642922e-02;1.293724e-02;2.444966e-02
5.501357e-02;9.824652e-03;7.097849e-02;3.016033e-02;1.902408e-01;1.687572e-01;2.815899e-01;1.971159e-02;6.000087e-02;3.235583e-02;1.540906e-02;6.595776e-02
1.352075e-01;4.272911e-02;3.764123e-02;3.416580e-02;9.357515e-02;2.324192e-01;2.411745e-01;5.519212e-02;4.813378e-02;3.025180e-02;1.805670e-02;3.145307e-02
2.059853e-01;6.369971e-02;1.498137e-02;2.047282e-02;4.475792e-02;3.073671e-01;1.510506e-01;7.398500e-02;2.529605e-02;5.187280e-02;1.281190e-02;2.771951e-02
2.363411e-01;7.422949e-02;1.554500e-02;8.363866e-03;2.450555e-02;3.716500e-01;9.017966e-02;7.248200e-02;1.135079e-02;7.448783e-02;9.712797e-03;1.115185e-02
2.210253e-01;4.671078e-02;1.178036e-02;6.756367e-03;2.415295e-02;4.063683e-01;5.510372e-02;7.954443e-02;4.703565e-03;1.314950e-01;5.416137e-03;6.943039e-03
1.967177e-01;1.955530e-02;6.632753e-03;7.825209e-03;1.870296e-02;3.810448e-01;4.098162e-02;8.380659e-02;7.586288e-03;2.228316e-01;4.399870e-03;9.915259e-03
1.895398e-01;8.515337e-03;1.346424e-02;1.370295e-02;3.438563e-02;2.816660e-01;4.078758e-02;7.288675e-02;1.469448e-02;2.875477e-01;6.793638e-03;3.601588e-02
1.939743e-01;1.057038e-02;3.061105e-02;1.994476e-02;5.777352e-02;1.844203e-01;6.405410e-02;5.056127e-02;2.136396e-02;2.907385e-01;1.260705e-02;6.338079e-02
1.784835e-01;7.382680e-03;6.804807e-02;3.237014e-02;9.177440e-02;1.277588e-01;8.993291e-02;2.743752e-02;2.654753e-02;2.216957e-01;3.579710e-02;9.277163e-02
1.495402e-01;2.586022e-02;1.119013e-01;3.164426e-02;7.699391e-02;9.363943e-02;9.474083e-02;3.641316e-02;3.519972e-02;2.117539e-01;5.029548e-02;8.201756e-02
1.370893e-01;5.132192e-02;1.103429e-01;2.764202e-02;3.157235e-02;1.113042e-01;8.678529e-02;6.961079e-02;3.396549e-02;2.569894e-01;2.683587e-02;5.654042e-02
9.150303e-02;6.873386e-02;1.130828e-01;5.729921e-02;7.500974e-02;7.379460e-02;7.049931e-02;8.093116e-02;7.001696e-02;1.732784e-01;4.120784e-02;8.464317e-02
1.048493e-01;9.526904e-02;1.632653e-01;4.339429e-02;7.091784e-02;4.565489e-02;1.398229e-01;8.164794e-02;8.973920e-02;7.689072e-02;4.577562e-02;4.277296e-02
1.593374e-01;7.545418e-02;1.093922e-01;2.082959e-02;6.692832e-02;1.189299e-01;1.709076e-01;6.588991e-02;6.272532e-02;6.267310e-02;3.673880e-02;5.019381e-02
2.187176e-01;5.565388e-02;8.612177e-02;2.353551e-02;6.906700e-02;1.798944e-01;1.441918e-01;5.576808e-02;4.485599e-02;5.289343e-02;2.577426e-02;4.352627e-02
3.127530e-01;2.888822e-02;5.305446e-02;1.847605e-02;7.781347e-02;2.521907e-01;8.785865e-02;5.457501e-02;2.997336e-02;4.940576e-02;1.085941e-02;2.415193e-02
3.661678e-01;1.103990e-02;1.837415e-02;1.156794e-02;5.688752e-02;2.540912e-01;6.590652e-02;5.874195e-02;1.365562e-02;7.544108e-02;7.077939e-03;6.104828e-02
3.335865e-01;1.082327e-02;2.660624e-02;1.761207e-02;6.845058e-02;2.029006e-01;5.469732e-02;5.025992e-02;1.213243e-02;6.970088e-02;1.166405e-02;1.415661e-01
2.343263e-01;1.233301e-02;5.944481e-02;2.941815e-02;1.081538e-01;1.364039e-01;4.966435e-02;4.409160e-02;3.467668e-02;4.653646e-02;3.425175e-02;2.106991e-01
1.426040e-01;1.861326e-02;9.639782e-02;3.920196e-02;1.290135e-01;8.457579e-02;7.120280e-02;4.401590e-02;5.943499e-02;3.151441e-02;6.359337e-02;2.198322e-01
9.903125e-02;2.215319e-02;1.403629e-01;5.099586e-02;1.403155e-01;8.141827e-02;9.356559e-02;4.634244e-02;5.741419e-02;2.757367e-02;7.503268e-02;1.657944e-01
1.199448e-01;2.241929e-02;1.801510e-01;7.227407e-02;2.064772e-01;9.915924e-02;8.213145e-02;4.211208e-02;4.452701e-02;3.548000e-02;3.454260e-02;6.078119e-02
1.195596e-01;5.878788e-03;1.572386e-01;7.328582e-02;2.696584e-01;1.146659e-01;9.538847e-02;2.491826e-02;2.584107e-02;2.845201e-02;2.508907e-02;6.002397e-02
7.885621e-02;7.775730e-03;1.494792e-01;7.095993e-02;3.130449e-01;1.223292e-01;1.002235e-01;1.434597e-02;3.502320e-02;1.525319e-02;1.051762e-02;8.219142e-02
4.121925e-02;1.578964e-02;1.388326e-01;6.205553e-02;3.069079e-01;1.007673e-01;1.084922e-01;2.231118e-02;8.550016e-02;1.410776e-02;1.299707e-02;9.101938e-02
2.629787e-02;1.451382e-02;1.190611e-01;5.598913e-02;2.705681e-01;8.679996e-02;1.632933e-01;2.514603e-02;1.272631e-01;2.123204e-02;1.684386e-02;7.299175e-02
2.050540e-02;6.994058e-03;1.675268e-01;7.436171e-02;2.599216e-01;8.215273e-02;1.457647e-01;1.796856e-02;9.711556e-02;3.220267e-02;1.718405e-02;7.830228e-02
1.339584e-02;6.164036e-03;2.231493e-01;1.002076e-01;2.415618e-01;7.862179e-02;9.957994e-02;4.530216e-02;4.534855e-02;4.719140e-02;2.913777e-02;7.033975e-02
1.246925e-02;1.177293e-02;2.636751e-01;1.110582e-01;1.784123e-01;6.613813e-02;3.566615e-02;1.410191e-01;2.633485e-02;6.350359e-02;5.529657e-02;3.465383e-02
1.561411e-02;1.174341e-02;2.705031e-01;1.089497e-01;1.091849e-01;6.331449e-02;4.020641e-02;1.829804e-01;6.209515e-02;5.644618e-02;6.881092e-02;1.015126e-02
1.998846e-02;1.181801e-02;3.123066e-01;9.468653e-02;6.883188e-02;4.460933e-02;5.704876e-02;1.132651e-01;1.630892e-01;5.176688e-02;5.369245e-02;8.896829e-03
1.661257e-02;2.527486e-02;3.258252e-01;5.247703e-02;4.267564e-02;3.318472e-02;8.850910e-02;1.209754e-01;1.740549e-01;8.727591e-02;2.377320e-02;9.361469e-03
1.764045e-02;6.022359e-02;2.598312e-01;3.615452e-02;2.934134e-02;9.246676e-02;8.205479e-02;1.742487e-01;1.402184e-01;8.766240e-02;8.780815e-03;1.137713e-02
3.797068e-02;8.732697e-02;1.653629e-01;3.448041e-02;7.554819e-02;1.033366e-01;1.003772e-01;1.094050e-01;1.787279e-01;8.453861e-02;1.255342e-02;1.037216e-02
8.752337e-02;8.346847e-02;1.124544e-01;3.726134e-02;1.521198e-01;6.882568e-02;1.179992e-01;8.466385e-02;1.444998e-01;7.700182e-02;2.002702e-02;1.415527e-02
1.107768e-01;7.486562e-02;8.435836e-02;1.039692e-01;1.482194e-01;5.674436e-02;1.093988e-01;1.104270e-01;7.387783e-02;6.018360e-02;1.850099e-02;4.867815e-02
7.863723e-02;1.062565e-01;4.914660e-02;2.139203e-01;6.990574e-02;4.849942e-02;1.341155e-01;7.794649e-02;3.412773e-02;5.156966e-02;1.086971e-02;1.250052e-01
3.276775e-02;1.197391e-01;3.863505e-02;2.425804e-01;3.443767e-02;3.630574e-02;1.702238e-01;5.568457e-02;3.154419e-02;3.778183e-02;2.255988e-02;1.777402e-01
1.852303e-02;7.037906e-02;8.627013e-02;1.525409e-01;5.276977e-02;5.280272e-02;1.523644e-01;6.927016e-02;9.392995e-02;2.137746e-02;7.477701e-02;1.549954e-01
3.761388e-02;2.077101e-02;1.658701e-01;5.310587e-02;4.242511e-02;1.452516e-01;7.814299e-02;4.885229e-02;1.567502e-01;1.338383e-02;1.640545e-01;7.377848e-02
6.089200e-02;1.409166e-02;1.781664e-01;2.241942e-02;2.369252e-02;2.481837e-01;3.294839e-02;2.617476e-02;1.325469e-01;1.602690e-02;2.255828e-01;1.927446e-02
6.248222e-02;3.960101e-02;1.351243e-01;1.759358e-02;3.352178e-02;2.843564e-01;3.468448e-02;5.600971e-02;7.437129e-02;2.651463e-02;2.264022e-01;9.338492e-03
4.242512e-02;1.022268e-01;6.861563e-02;4.120472e-02;7.182585e-02;2.168695e-01;6.560159e-02;1.398799e-01;2.892000e-02;5.359172e-02;1.491518e-01;1.968738e-02
1.077324e-02;1.741157e-01;3.767553e-02;6.411678e-02;1.108535e-01;1.101209e-01;7.312199e-02;2.188392e-01;2.307089e-02;7.604063e-02;7.796413e-02;2.330752e-02
1.432383e-02;2.452505e-01;1.661831e-02;6.230794e-02;1.088270e-01;4.731450e-02;5.718185e-02;2.333405e-01;2.097457e-02;1.182078e-01;5.892231e-02;1.673086e-02
4.036427e-02;2.739359e-01;1.404491e-02;4.433505e-02;6.917669e-02;2.907407e-02;4.592587e-02;1.944810e-01;4.130105e-02;1.686153e-01;6.182621e-02;1.691970e-02
6.040943e-02;2.247605e-01;2.306618e-02;4.353466e-02;5.827179e-02;3.341298e-02;3.988665e-02;1.434764e-01;1.059385e-01;1.999894e-01;3.738016e-02;2.987335e-02
5.730276e-02;1.449389e-01;4.035123e-02;4.442473e-02;6.902705e-02;2.884893e-02;4.362866e-02;1.154742e-01;1.609302e-01;1.982144e-01;4.518189e-02;5.167701e-02
3.728515e-02;1.005197e-01;7.064754e-02;3.952779e-02;6.201410e-02;4.148091e-02;7.166694e-02;1.129807e-01;1.596208e-01;1.708449e-01;7.100043e-02;6.241108e-02
8.404946e-02;1.093673e-01;1.079354e-01;8.011862e-02;3.647892e-02;6.672265e-02;7.599786e-02;1.403340e-01;5.430079e-02;1.069821e-01;8.921996e-02;4.849301e-02
9.105746e-02;5.440470e-02;1.288757e-01;8.476898e-02;7.796871e-02;4.142705e-02;9.458653e-02;7.210818e-02;9.981362e-02;1.582907e-01;5.347411e-02;4.322428e-02
8.250737e-02;5.908719e-02;1.830366e-01;6.263547e-02;7.725363e-02;6.785227e-02;9.662377e-02;8.424862e-02;7.265034e-02;1.273149e-01;5.021528e-02;3.657448e-02
8.973313e-02;2.809962e-02;2.233307e-01;4.782262e-02;8.614446e-02;9.144267e-02;1.072767e-01;6.374316e-02;8.536774e-02;9.971684e-02;5.135584e-02;2.596658e-02
4.489792e-02;3.684150e-02;1.924166e-01;4.815535e-02;8.047224e-02;7.875918e-02;1.511156e-01;8.653435e-02;1.105625e-01;6.845922e-02;4.255190e-02;5.923375e-02
6.400861e-02;6.099577e-02;1.296642e-01;4.557246e-02;4.629861e-02;7.582957e-02;2.087290e-01;1.389763e-01;9.915768e-02;3.938485e-02;3.695232e-02;5.443062e-02
6.939406e-02;6.927571e-02;8.542356e-02;4.088436e-02;3.678708e-02;8.066282e-02;2.196248e-01;1.812904e-01;9.203588e-02;3.906880e-02;4.408447e-02;4.146801e-02
9.055085e-02;6.152767e-02;7.208872e-02;3.368667e-02;5.508026e-02;6.734376e-02;1.903086e-01;1.713204e-01;1.084773e-01;5.090477e-02;5.953029e-02;3.918068e-02
1.026907e-01;5.803467e-02;6.345686e-02;3.702009e-02;5.616823e-02;4.950784e-02;1.506229e-01;1.558996e-01;1.419637e-01;6.673085e-02;5.887400e-02;5.903047e-02
9.978797e-02;5.090738e-02;5.881616e-02;3.520924e-02;5.312475e-02;5.681255e-02;1.430247e-01;1.601923e-01;1.644406e-01;7.361690e-02;4.563139e-02;5.843610e-02
1.107049e-01;7.366788e-02;1.300263e-01;3.494439e-02;7.028786e-02;6.689902e-02;1.476295e-01;8.926997e-02;8.497270e-02;4.313504e-02;6.475192e-02;8.371048e-02
1.061952e-01;7.552598e-02;1.236817e-01;2.881544e-02;5.526071e-02;6.230773e-02;1.364365e-01;8.189975e-02;1.188036e-01;5.411930e-02;8.529577e-02;7.165824e-02
1.060014e-01;6.625214e-02;1.051285e-01;2.008332e-02;5.614116e-02;7.120235e-02;1.598108e-01;7.150699e-02;1.586416e-01;4.943555e-02;7.698833e-02;5.880788e-02
9.203389e-02;5.997466e-02;1.362412e-01;3.178932e-02;4.422580e-02;7.155287e-02;1.597876e-01;6.105269e-02;1.066843e-01;5.911099e-02;8.779252e-02;8.975422e-02
1.024457e-01;6.335450e-02;1.511664e-01;4.167595e-02;4.643420e-02;5.190020e-02;1.169119e-01;6.555019e-02;6.564401e-02;4.654774e-02;1.052827e-01;1.430865e-01
6.353652e-02;7.756070e-02;1.081328e-01;4.626331e-02;5.460531e-02;4.511831e-02;8.304406e-02;1.015116e-01;1.341919e-01;8.936141e-02;9.100485e-02;1.056692e-01
4.904028e-02;6.570260e-02;7.495183e-02;7.899626e-02;8.751729e-02;4.105312e-02;1.319896e-01;1.376658e-01;1.475327e-01;8.929317e-02;7.565743e-02;2.060003e-02
6.129858e-02;4.784770e-02;6.722897e-02;9.268571e-02;9.215880e-02;5.558237e-02;1.468446e-01;1.185388e-01;1.364152e-01;8.319731e-02;5.246454e-02;4.573738e-02
7.282554e-02;3.912994e-02;6.098981e-02;5.516088e-02;6.632499e-02;1.437886e-01;1.787816e-01;5.276510e-02;1.445782e-01;8.467644e-02;4.299061e-02;5.798826e-02
3.182250e-02;4.353479e-02;8.231185e-02;7.827913e-02;6.624255e-02;2.353501e-01;1.779196e-01;5.296887e-02;8.366539e-02;6.501687e-02;3.521050e-02;4.767793e-02
