6.998536e-02;1.213860e-01;1.391073e-01;5.516438e-02;5.167194e-02;9.185719e-02;1.095573e-01;4.360171e-02;1.203993e-01;9.242957e-02;6.593903e-02;3.890093e-02
7.840299e-02;8.706255e-02;1.427862e-01;3.702798e-02;4.967380e-02;9.158000e-02;8.638467e-02;8.448443e-02;1.284499e-01;1.032888e-01;6.681997e-02;4.403868e-02
7.067123e-02;4.856502e-02;8.052880e-02;2.400461e-02;4.683925e-02;7.635164e-02;1.050820e-01;8.486230e-02;1.259854e-01;1.443046e-01;1.438836e-01;4.892156e-02
7.806658e-02;5.612113e-02;5.961375e-02;2.959540e-02;4.196125e-02;6.924009e-02;6.046250e-02;1.181628e-01;1.533326e-01;1.118877e-01;1.731405e-01;4.841558e-02
9.306744e-02;5.751560e-02;5.606927e-02;4.060958e-02;2.550447e-02;6.148744e-02;6.835327e-02;1.270634e-01;1.835121e-01;1.017301e-01;1.416805e-01;4.340684e-02
9.658355e-02;4.514718e-02;8.118543e-02;4.557065e-02;2.115763e-02;6.433384e-02;1.187307e-01;1.084119e-01;1.782947e-01;9.926683e-02;9.508538e-02;4.623212e-02
8.754688e-02;2.884025e-02;1.277335e-01;6.304215e-02;2.241700e-02;5.103677e-02;1.473592e-01;8.778540e-02;1.443792e-01;1.191874e-01;8.799695e-02;3.267525e-02
5.561803e-02;2.633668e-02;1.065971e-01;1.209659e-01;1.880994e-02;5.516056e-02;1.101855e-01;1.182152e-01;6.711771e-02;1.297194e-01;1.796417e-01;1.163235e-02
2.613753e-02;6.492374e-02;5.180576e-02;1.491190e-01;1.439923e-02;8.185107e-02;4.970104e-02;1.744914e-01;2.133580e-02;8.509521e-02;2.669588e-01;1.418140e-02
1.280992e-02;1.090820e-01;2.497623e-02;1.429379e-01;2.464329e-02;8.446926e-02;1.866275e-02;2.151895e-01;1.392577e-02;5.534872e-02;2.804492e-01;1.750545e-02
1.167996e-02;1.098362e-01;7.743734e-02;1.625095e-01;3.647445e-02;4.945970e-02;3.598318e-02;2.230689e-01;1.764352e-02;3.987490e-02;2.222851e-01;1.374733e-02
2.316079e-02;7.526287e-02;1.205780e-01;1.569880e-01;3.447860e-02;6.803486e-02;6.670433e-02;1.824642e-01;4.136193e-02;5.626480e-02;1.581069e-01;1.659482e-02
2.511406e-02;5.710681e-02;1.590983e-01;1.266143e-01;5.112520e-02;9.100993e-02;9.389520e-02;1.243346e-01;6.847340e-02;6.430529e-02;1.203503e-01;1.857267e-02
1.701801e-02;6.719635e-02;1.709460e-01;1.136402e-01;9.893329e-02;6.796999e-02;9.205985e-02;1.024876e-01;9.555729e-02;5.181029e-02;9.768856e-02;2.469259e-02
1.470391e-02;9.309574e-02;1.660681e-01;1.099273e-01;1.068923e-01;8.995001e-02;6.941053e-02;1.070749e-01;9.690739e-02;5.509544e-02;6.053193e-02;3.034245e-02
3.244045e-02;9.817421e-02;2.819031e-01;1.003870e-01;9.919856e-02;9.366911e-02;4.244766e-02;7.478295e-02;6.152066e-02;5.308257e-02;2.563789e-02;3.675579e-02
2.799580e-02;4.272180e-02;3.553123e-01;2.074745e-01;7.820795e-02;5.457785e-02;4.673750e-02;4.876634e-02;2.988674e-02;3.911212e-02;5.083851e-02;1.836860e-02
2.072086e-02;2.140699e-02;2.979157e-01;3.740939e-01;7.179121e-02;3.088614e-02;2.650241e-02;2.405325e-02;1.492349e-02;1.832454e-02;8.650901e-02;1.287256e-02
1.403016e-02;1.089440e-02;2.197398e-01;4.490229e-01;9.461306e-02;1.800514e-02;1.572806e-02;1.789154e-02;1.674985e-02;1.804258e-02;1.144607e-01;1.082184e-02
2.302195e-02;7.495261e-03;2.176701e-01;3.526029e-01;8.386102e-02;1.970709e-02;4.828773e-02;3.620603e-02;2.555595e-02;4.728916e-02;1.312610e-01;7.041815e-03
5.687499e-02;8.739064e-03;2.912098e-01;1.396294e-01;3.629607e-02;1.887383e-02;1.067473e-01;1.048016e-01;3.776413e-02;9.557431e-02;9.751019e-02;5.979445e-03
8.382940e-02;1.129245e-02;3.250688e-01;5.680984e-02;2.006530e-02;1.198727e-02;1.468103e-01;1.093194e-01;5.055386e-02;1.279775e-01;5.076803e-02;5.517811e-03
9.126528e-02;1.316844e-02;3.666025e-01;5.434762e-02;2.593317e-02;8.513381e-03;1.701498e-01;4.855669e-02;5.174067e-02;1.491133e-01;1.579418e-02;4.815131e-03
7.206471e-02;3.656520e-02;3.695349e-01;3.902889e-02;2.946366e-02;1.097389e-02;1.512155e-01;1.661498e-02;4.372207e-02;1.965461e-01;2.413327e-02;1.013686e-02
6.718925e-02;5.334036e-02;3.160999e-01;4.520754e-02;3.777488e-02;2.035606e-02;1.141352e-01;1.456433e-02;5.758616e-02;2.159369e-01;2.899127e-02;2.881820e-02
6.217362e-02;4.533950e-02;2.809141e-01;5.742420e-02;3.801084e-02;3.467926e-02;8.614374e-02;3.438600e-02;8.248732e-02;1.811969e-01;6.005967e-02;3.718495e-02
4.013463e-02;6.443298e-02;3.215278e-01;5.962850e-02;3.630147e-02;4.663767e-02;5.418704e-02;3.174647e-02;9.116924e-02;1.195735e-01;6.762066e-02;6.704013e-02
4.087477e-02;6.758533e-02;3.622876e-01;5.769425e-02;3.827351e-02;2.865717e-02;5.655920e-02;2.681804e-02;7.891183e-02;1.498142e-01;3.714713e-02;5.537689e-02
2.982111e-02;9.517231e-02;3.779499e-01;4.053750e-02;3.172249e-02;3.472010e-02;4.243732e-02;2.161819e-02;1.468377e-01;1.335095e-01;2.171882e-02;2.395505e-02
6.568104e-02;1.194840e-01;2.551287e-01;2.536673e-02;3.062270e-02;6.311193e-02;3.244061e-02;4.456178e-02;2.380291e-01;5.270437e-02;2.199534e-02;5.087367e-02
9.134400e-02;9.652349e-02;1.916301e-01;4.219746e-02;3.758039e-02;5.556651e-02;5.261925e-02;6.051854e-02;2.333013e-01;4.548432e-02;2.795346e-02;6.528116e-02
7.431095e-02;8.642960e-02;2.497678e-01;5.510201e-02;3.297988e-02;4.017458e-02;5.612510e-02;6.213775e-02;1.666356e-01;7.415488e-02;3.811015e-02;6.407164e-02
5.669276e-02;1.500904e-01;2.888114e-01;5.187017e-02;3.278236e-02;4.043414e-02;3.873475e-02;5.353891e-02;8.688617e-02;9.668363e-02;5.603702e-02;4.743830e-02
6.390824e-02;1.929094e-01;1.702176e-01;4.751467e-02;4.860160e-02;4.374400e-02;6.710113e-02;4.386426e-02;9.189954e-02;1.192242e-01;5.745934e-02;5.355606e-02
9.008188e-02;1.664310e-01;1.492958e-01;3.717463e-02;5.338684e-02;4.639192e-02;5.386422e-02;4.758139e-02;1.122606e-01;1.333976e-01;5.983856e-02;5.029544e-02
1.598060e-01;1.054177e-01;2.390901e-01;3.820911e-02;3.771366e-02;4.001554e-02;5.026436e-02;5.293823e-02;8.274165e-02;1.001837e-01;5.333016e-02;4.028970e-02
1.325817e-01;9.882618e-02;2.589363e-01;5.599622e-02;5.087921e-02;3.493669e-02;4.720015e-02;6.449356e-02;1.023504e-01;7.846385e-02;2.965898e-02;4.567676e-02
5.975040e-02;9.170768e-02;3.869492e-01;4.259750e-02;4.788461e-02;4.388117e-02;2.587653e-02;4.620159e-02;1.171097e-01;1.049678e-01;1.772705e-02;1.534673e-02
1.973431e-02;4.776066e-02;5.606558e-01;4.754254e-02;3.423382e-02;3.048500e-02;1.955411e-02;2.100258e-02;6.269524e-02;1.347751e-01;1.188598e-02;9.674819e-03
1.183192e-02;6.276535e-02;6.580529e-01;4.542569e-02;1.671052e-02;8.536557e-03;2.055720e-02;8.736363e-03;1.704589e-02;1.362598e-01;1.053303e-02;3.544751e-03
1.311368e-02;1.181872e-01;6.423507e-01;2.749345e-02;9.270685e-03;3.245788e-03;1.334718e-02;1.027186e-02;4.477937e-02;1.043616e-01;7.338136e-03;6.240285e-03
4.486876e-02;2.690296e-01;4.556469e-01;1.453061e-02;7.239452e-03;6.084564e-03;9.031666e-03;2.076363e-02;1.055350e-01;5.056057e-02;3.450289e-03;1.325892e-02
1.498944e-01;3.179068e-01;2.392726e-01;1.605305e-02;7.021314e-03;6.695133e-03;1.397553e-02;3.931336e-02;1.498433e-01;2.753408e-02;8.658629e-03;2.383178e-02
2.655260e-01;2.156121e-01;1.601405e-01;1.449798e-02;1.078832e-02;1.514483e-02;3.715270e-02;5.587466e-02;1.279803e-01;3.201517e-02;2.080766e-02;4.445976e-02
2.628526e-01;1.428542e-01;2.067177e-01;1.923241e-02;1.799956e-02;2.570034e-02;5.231256e-02;4.941917e-02;8.463430e-02;4.383443e-02;3.341784e-02;6.102491e-02
1.329241e-01;2.770262e-01;2.550316e-01;1.776546e-02;1.371970e-02;1.930618e-02;3.840696e-02;4.507459e-02;6.030726e-02;6.650390e-02;2.707160e-02;4.686246e-02
9.159131e-02;2.891044e-01;3.240820e-01;1.398786e-02;8.687716e-03;8.781025e-03;2.001699e-02;4.873887e-02;7.239093e-02;8.038970e-02;2.039121e-02;2.183796e-02
8.873005e-02;2.694120e-01;3.622306e-01;1.470066e-02;1.072400e-02;8.902242e-03;2.764723e-02;3.100222e-02;7.734114e-02;7.162147e-02;1.095000e-02;2.673827e-02
1.569495e-01;2.426028e-01;3.414845e-01;1.926385e-02;1.032401e-02;7.146412e-03;2.067960e-02;3.708507e-02;5.541457e-02;5.393233e-02;1.445406e-02;4.066333e-02
2.160189e-01;2.049192e-01;3.015428e-01;2.215212e-02;8.512056e-03;7.862096e-03;2.225103e-02;4.803159e-02;4.532154e-02;4.111318e-02;2.634394e-02;5.593155e-02
1.738530e-01;3.356501e-01;2.162914e-01;1.470150e-02;1.275687e-02;1.095396e-02;3.436569e-02;4.773859e-02;4.082362e-02;3.526699e-02;1.932893e-02;5.826933e-02
1.525509e-01;3.588567e-01;2.419059e-01;1.418658e-02;1.857613e-02;1.441443e-02;4.445438e-02;4.284917e-02;2.576584e-02;2.372280e-02;1.295315e-02;4.976412e-02
9.908694e-02;1.824779e-01;2.280235e-01;3.639634e-02;5.702231e-02;3.277782e-02;1.339491e-01;2.827720e-02;4.372986e-02;3.851547e-02;6.667276e-02;5.307097e-02
7.786413e-02;3.254202e-02;1.691250e-01;7.398612e-02;1.201379e-01;8.023150e-02;1.512355e-01;4.530976e-02;3.973333e-02;4.441447e-02;9.884985e-02;6.657043e-02
9.227984e-02;2.927245e-02;1.195778e-01;7.888290e-02;1.247071e-01;1.384409e-01;1.673708e-01;4.509385e-02;2.793668e-02;3.283750e-02;8.376963e-02;5.983052e-02
1.493821e-01;4.828121e-02;7.620838e-02;4.933429e-02;8.877713e-02;2.397678e-01;1.545227e-01;3.040333e-02;3.064633e-02;3.294607e-02;5.665306e-02;4.307762e-02
1.706693e-01;5.269551e-02;3.222752e-02;2.094480e-02;7.288436e-02;3.788598e-01;1.629282e-01;1.935372e-02;1.957647e-02;2.601396e-02;2.324471e-02;2.060173e-02
1.464636e-01;3.600593e-02;1.382793e-02;4.545771e-03;7.455570e-02;4.611617e-01;1.881216e-01;2.417303e-02;9.494330e-03;2.448797e-02;3.399325e-03;1.376305e-02
1.883417e-01;2.335353e-02;1.393531e-02;6.764320e-03;8.528938e-02;4.531332e-01;1.414265e-01;2.641694e-02;7.630965e-03;2.966672e-02;6.539227e-03;1.750224e-02
1.760428e-01;1.698789e-02;2.388835e-02;1.266571e-02;1.831022e-01;3.686688e-01;7.772628e-02;1.518310e-02;3.399490e-02;2.369578e-02;6.841972e-03;6.120218e-02
7.228511e-02;8.751503e-03;3.083672e-02;2.780002e-02;3.993713e-01;1.799587e-01;5.661079e-02;1.228125e-02;7.061686e-02;1.151564e-02;6.996315e-03;1.229758e-01
2.552698e-02;5.795344e-03;3.601361e-02;3.967894e-02;5.473808e-01;8.251762e-02;4.223436e-02;8.825530e-03;5.623703e-02;9.552599e-03;2.073043e-02;1.255067e-01
7.409234e-03;1.284134e-02;5.750331e-02;8.331855e-02;5.355090e-01;5.890981e-02;3.028736e-02;1.961192e-02;3.446525e-02;1.884651e-02;5.289371e-02;8.840400e-02
2.804560e-02;1.926784e-02;9.182115e-02;1.196356e-01;4.092530e-01;5.057428e-02;4.481798e-02;3.833262e-02;3.464966e-02;2.423743e-02;7.876477e-02;6.060005e-02
5.925056e-02;2.861721e-02;1.291635e-01;9.869609e-02;2.186869e-01;7.015438e-02;7.975295e-02;7.893799e-02;3.193448e-02;4.651887e-02;8.642823e-02;7.185884e-02
6.603169e-02;3.278257e-02;1.175851e-01;4.259504e-02;1.816907e-01;8.599894e-02;7.357655e-02;9.164546e-02;7.501985e-02;7.668664e-02;4.447497e-02;1.119125e-01
5.485594e-02;2.753552e-02;1.127927e-01;4.597226e-02;2.768297e-01;7.597162e-02;5.333835e-02;6.201939e-02;6.688535e-02;6.661393e-02;4.339287e-02;1.137924e-01
6.853189e-02;2.668233e-02;1.335949e-01;6.996159e-02;2.757910e-01;7.130628e-02;6.069842e-02;4.949671e-02;5.159457e-02;4.511563e-02;7.898312e-02;6.824353e-02
3.423950e-02;4.043949e-02;1.143742e-01;8.230930e-02;2.235298e-01;7.623568e-02;8.314355e-02;5.194025e-02;3.760489e-02;3.622320e-02;1.041690e-01;1.157911e-01
8.732811e-02;5.467770e-02;8.538948e-02;5.588006e-02;2.205400e-01;7.274705e-02;7.934502e-02;6.107741e-02;5.116770e-02;5.513047e-02;7.506910e-02;1.016480e-01
8.830107e-02;7.092743e-02;9.646002e-02;4.192720e-02;1.148364e-01;7.876123e-02;1.108547e-01;6.959569e-02;5.809457e-02;7.935052e-02;8.899542e-02;1.018957e-01
7.912127e-02;6.039445e-02;8.385235e-02;3.565233e-02;1.058668e-01;8.912665e-02;1.357861e-01;6.570896e-02;4.196453e-02;9.094163e-02;9.418706e-02;1.173978e-01
5.455945e-02;2.793531e-02;7.051283e-02;2.987752e-02;1.374941e-01;1.114922e-01;1.315391e-01;4.910490e-02;1.595386e-01;8.006062e-02;5.636248e-02;9.152292e-02
3.265275e-02;9.761588e-03;5.149515e-02;3.517896e-02;1.944401e-01;9.126865e-02;9.931964e-02;5.111781e-02;2.570243e-01;3.663148e-02;2.652419e-02;1.145854e-01
1.921267e-02;2.007175e-02;5.829555e-02;7.289654e-02;1.790899e-01;5.620399e-02;8.328901e-02;1.345724e-01;2.295386e-01;1.142984e-02;2.936899e-02;1.060307e-01
2.197549e-02;3.963000e-02;1.148642e-01;1.126138e-01;1.008368e-01;5.563529e-02;1.066209e-01;2.036809e-01;1.243326e-01;1.425788e-02;4.495399e-02;6.059811e-02
2.673447e-02;4.641336e-02;1.809304e-01;1.182580e-01;6.903413e-02;7.180495e-02;1.350969e-01;1.961829e-01;5.321700e-02;2.004878e-02;5.054243e-02;3.173653e-02
1.285252e-02;4.292935e-02;2.887829e-01;7.247554e-02;7.535033e-02;8.651338e-02;9.729405e-02;1.635977e-01;4.800272e-02;1.726757e-02;3.728561e-02;5.764834e-02
1.933094e-02;5.731387e-02;3.720132e-01;4.804317e-02;6.060990e-02;9.576268e-02;5.308332e-02;1.340283e-01;4.133197e-02;1.807775e-02;1.087295e-02;8.953193e-02
1.495616e-02;8.720545e-02;3.652560e-01;5.440709e-02;3.643135e-02;1.131379e-01;6.218449e-02;7.779233e-02;6.965417e-02;1.259414e-02;1.415475e-02;9.222621e-02
2.121246e-02;1.236736e-01;3.208705e-01;7.004310e-02;4.682738e-02;1.123213e-01;4.600155e-02;5.543340e-02;1.103299e-01;7.949746e-03;1.513003e-02;7.020705e-02
2.577698e-02;1.562763e-01;3.388273e-01;9.302395e-02;4.441653e-02;9.316643e-02;2.737201e-02;2.461187e-02;1.276795e-01;8.914041e-03;1.612429e-02;4.381085e-02
3.508058e-02;1.593604e-01;3.858456e-01;9.138430e-02;2.563700e-02;7.986251e-02;2.216449e-02;1.691211e-02;1.029009e-01;1.433466e-02;1.575476e-02;5.076274e-02
2.932068e-02;1.450327e-01;4.193577e-01;7.143130e-02;2.420631e-02;8.696380e-02;2.542946e-02;2.714350e-02;7.051373e-02;1.897893e-02;1.708342e-02;6.453852e-02
3.647344e-02;1.542762e-01;4.258471e-01;6.666505e-02;1.874432e-02;9.782763e-02;2.361976e-02;2.216057e-02;6.709920e-02;1.476643e-02;1.133502e-02;6.118517e-02
3.544094e-02;2.057909e-01;3.551041e-01;1.175052e-01;9.057232e-03;1.022918e-01;1.014451e-02;1.535676e-02;8.908457e-02;6.753006e-03;6.683489e-03;4.678752e-02
8.375703e-02;2.232376e-01;2.754646e-01;1.444157e-01;1.225769e-02;7.760837e-02;2.082756e-02;2.042929e-02;8.388540e-02;1.177649e-02;1.317658e-02;3.316369e-02
1.792206e-01;1.776016e-01;2.699837e-01;1.024846e-01;2.373865e-02;4.145725e-02;3.389342e-02;2.440314e-02;5.362178e-02;2.585731e-02;3.637588e-02;3.136211e-02
2.475823e-01;1.278965e-01;2.714966e-01;5.107925e-02;3.149873e-02;1.953932e-02;3.325065e-02;3.142446e-02;4.216620e-02;3.872897e-02;5.578877e-02;4.954820e-02
2.060257e-01;1.330442e-01;2.623260e-01;6.414963e-02;1.783287e-02;2.642429e-02;3.812007e-02;3.748017e-02;3.631309e-02;4.423950e-02;6.311128e-02;7.093323e-02
1.703681e-01;1.825939e-01;2.429917e-01;5.900042e-02;2.682856e-02;3.217733e-02;3.693423e-02;2.799511e-02;4.699058e-02;5.884392e-02;6.336248e-02;5.191372e-02
1.453144e-01;1.961611e-01;2.541823e-01;5.438560e-02;4.107446e-02;3.882168e-02;4.076152e-02;2.656448e-02;4.874014e-02;6.195565e-02;6.543553e-02;2.660317e-02
1.546980e-01;1.503414e-01;2.925311e-01;4.022523e-02;4.614487e-02;3.538251e-02;5.572783e-02;4.083500e-02;4.635266e-02;5.274674e-02;5.052930e-02;3.448533e-02
1.853756e-01;1.377690e-01;2.954049e-01;3.520197e-02;4.846397e-02;4.589364e-02;5.626974e-02;4.035434e-02;3.741575e-02;4.074737e-02;3.076783e-02;4.633585e-02
1.550227e-01;1.062265e-01;2.497942e-01;5.049740e-02;5.320238e-02;6.767752e-02;3.499718e-02;3.575320e-02;6.706936e-02;6.786729e-02;4.205508e-02;6.983713e-02
9.226714e-02;7.982464e-02;2.903355e-01;6.642875e-02;5.111153e-02;5.742418e-02;5.324960e-02;4.727597e-02;1.013504e-01;8.240022e-02;2.228798e-02;5.604408e-02
6.385914e-02;9.314965e-02;3.962882e-01;6.239867e-02;5.299162e-02;2.881420e-02;5.744974e-02;4.818091e-02;6.682084e-02;6.894313e-02;1.817299e-02;4.293093e-02
8.149634e-02;8.218008e-02;4.465264e-01;5.506366e-02;5.524036e-02;1.322102e-02;6.176167e-02;3.363163e-02;7.036509e-02;6.572804e-02;1.518671e-02;1.959893e-02
1.136962e-01;4.244490e-02;4.549692e-01;6.165059e-02;4.473156e-02;1.043344e-02;6.304874e-02;1.570473e-02;1.029732e-01;6.987123e-02;1.455677e-02;5.919431e-03
7.689555e-02;1.975938e-02;5.371203e-01;5.251102e-02;5.804763e-02;6.696142e-03;5.136373e-02;8.276260e-03;8.899927e-02;8.785257e-02;8.153101e-03;4.325042e-03
2.602902e-02;2.747798e-02;6.175690e-01;4.198837e-02;8.799335e-02;4.016663e-03;4.318661e-02;6.620351e-03;3.580649e-02;1.028875e-01;2.811208e-03;3.613487e-03
2.053447e-02;3.473233e-02;6.175282e-01;4.819609e-02;1.083883e-01;6.014067e-03;4.287216e-02;9.605303e-03;1.095446e-02;9.344843e-02;3.614899e-03;4.111266e-03
2.823317e-02;1.798497e-02;6.291769e-01;4.770616e-02;1.055967e-01;4.855140e-03;5.169461e-02;5.302271e-03;6.787624e-03;9.617042e-02;3.670646e-03;2.821443e-03
5.317549e-02;1.915657e-02;6.219065e-01;4.436938e-02;8.098934e-02;2.544363e-03;6.225024e-02;4.740330e-03;7.600460e-03;9.425763e-02;6.332465e-03;2.677207e-03
6.956051e-02;2.108265e-02;5.930963e-01;4.237857e-02;5.549415e-02;2.580466e-03;6.888729e-02;3.636238e-03;1.541794e-02;1.106528e-01;7.653108e-03;9.559964e-03
6.977271e-02;3.030988e-02;5.109231e-01;3.184497e-02;5.410217e-02;3.293453e-03;6.542256e-02;6.502098e-03;2.647742e-02;1.476834e-01;5.360542e-03;4.830774e-02
6.903878e-02;5.650859e-02;3.967257e-01;2.270860e-02;4.891919e-02;8.439793e-03;5.730609e-02;1.829804e-02;4.467288e-02;1.537829e-01;8.951537e-03;1.146479e-01
6.014886e-02;5.412306e-02;3.257653e-01;3.285501e-02;4.379625e-02;1.777811e-02;6.030402e-02;2.991252e-02;6.549488e-02;1.344420e-01;1.923683e-02;1.561431e-01
4.626287e-02;4.510444e-02;3.336408e-01;3.280688e-02;5.342394e-02;2.112926e-02;7.224074e-02;3.409985e-02;6.888431e-02;1.044160e-01;2.987889e-02;1.581120e-01
4.712939e-02;9.497131e-02;3.508476e-01;2.052798e-02;7.864267e-02;1.051855e-02;7.115152e-02;3.103701e-02;4.439903e-02;1.232099e-01;2.214170e-02;1.054234e-01
8.862548e-02;1.349491e-01;3.040090e-01;2.294581e-02;8.698994e-02;1.111040e-02;7.324558e-02;3.514706e-02;2.840588e-02;1.325011e-01;1.887825e-02;6.319230e-02
9.855611e-02;1.197478e-01;3.145844e-01;1.340267e-02;6.037430e-02;1.033873e-02;7.739889e-02;3.811744e-02;4.700967e-02;1.531544e-01;1.612118e-02;5.119447e-02
1.137368e-01;8.708706e-02;3.457123e-01;2.815541e-02;3.394955e-02;1.055537e-02;6.199102e-02;4.313118e-02;3.967751e-02;1.688872e-01;1.911275e-02;4.800389e-02
8.722918e-02;6.624309e-02;3.410636e-01;5.690910e-02;5.501324e-02;2.395929e-02;5.810951e-02;5.050165e-02;3.600498e-02;1.275152e-01;3.599280e-02;6.145832e-02
8.306953e-02;9.216986e-02;2.934984e-01;7.627253e-02;6.679323e-02;3.995215e-02;7.921020e-02;5.703629e-02;5.258590e-02;7.676157e-02;3.091170e-02;5.173864e-02
1.485537e-01;6.960669e-02;3.002054e-01;6.104738e-02;6.113249e-02;3.516969e-02;9.204676e-02;3.871736e-02;5.929236e-02;7.623853e-02;2.627262e-02;3.171699e-02
1.646955e-01;4.301780e-02;3.878834e-01;4.436641e-02;5.882645e-02;1.854223e-02;6.422577e-02;1.651624e-02;4.843071e-02;1.080279e-01;1.542485e-02;3.004271e-02
1.400831e-01;5.322418e-02;4.158289e-01;3.019336e-02;5.720422e-02;1.632538e-02;4.037926e-02;1.528536e-02;5.276912e-02;1.199082e-01;1.048392e-02;4.831503e-02
9.958688e-02;8.834822e-02;3.767367e-01;2.423844e-02;4.967608e-02;2.635805e-02;3.496162e-02;2.662511e-02;8.102268e-02;9.093212e-02;2.370740e-02;7.780676e-02
1.555622e-01;8.450872e-02;3.013435e-01;2.501556e-02;3.237094e-02;2.678663e-02;4.569107e-02;3.937896e-02;1.082828e-01;4.152502e-02;4.691358e-02;9.262100e-02
1.443519e-01;5.864940e-02;3.446448e-01;2.694409e-02;3.072296e-02;1.782002e-02;6.036366e-02;2.839756e-02;8.458368e-02;5.511174e-02;6.155602e-02;8.685412e-02
6.999832e-02;7.792249e-02;3.963205e-01;4.512244e-02;4.090977e-02;1.910240e-02;5.022285e-02;2.863866e-02;7.368685e-02;7.559227e-02;5.838898e-02;6.409448e-02
5.667897e-02;1.311094e-01;3.192023e-01;8.611237e-02;5.147295e-02;2.528238e-02;4.486477e-02;4.122160e-02;6.509193e-02;7.942758e-02;5.828217e-02;4.125355e-02
6.589401e-02;1.235877e-01;2.515798e-01;7.924070e-02;4.303792e-02;4.280005e-02;5.732824e-02;6.465118e-02;9.274800e-02;7.103048e-02;5.694380e-02;5.115808e-02
1.189858e-01;1.031409e-01;2.776487e-01;5.654867e-02;6.679967e-02;2.366342e-02;5.933968e-02;6.533455e-02;9.127036e-02;4.680113e-02;4.004807e-02;5.041901e-02
1.674370e-01;7.820225e-02;1.904241e-01;5.744260e-02;8.973738e-02;5.339764e-02;5.769937e-02;4.807026e-02;7.849214e-02;7.141514e-02;5.356093e-02;5.412118e-02
1.436426e-01;6.335962e-02;1.317579e-01;5.467340e-02;5.990406e-02;7.497306e-02;1.088498e-01;4.169459e-02;1.033864e-01;6.041811e-02;7.815908e-02;7.918139e-02
5.505025e-02;3.559577e-02;1.207630e-01;9.741226e-02;8.163647e-02;5.796927e-02;1.060478e-01;6.872172e-02;8.919875e-02;4.037203e-02;1.424688e-01;1.047638e-01
6.874828e-02;2.403757e-02;1.604106e-01;1.225157e-01;7.467305e-02;3.504526e-02;6.965499e-02;7.705331e-02;7.208453e-02;3.593850e-02;1.821557e-01;7.768249e-02
1.083409e-01;3.628067e-02;2.089796e-01;1.007373e-01;4.755405e-02;2.347476e-02;5.409147e-02;5.714174e-02;8.475101e-02;6.574497e-02;1.577143e-01;5.518928e-02
1.316656e-01;1.107496e-01;2.094619e-01;6.030690e-02;2.733145e-02;3.358255e-02;3.751429e-02;3.789981e-02;1.157945e-01;8.029932e-02;8.850007e-02;6.689405e-02
1.349182e-01;2.349735e-01;1.319143e-01;3.736281e-02;1.810570e-02;4.469177e-02;2.446837e-02;3.606546e-02;1.650340e-01;6.418079e-02;2.970586e-02;7.857923e-02
1.716266e-01;2.654389e-01;9.016334e-02;3.018489e-02;3.820295e-02;2.794359e-02;2.719453e-02;4.008885e-02;1.557529e-01;6.979943e-02;2.779481e-02;5.580928e-02
2.713775e-01;1.601385e-01;1.055698e-01;2.946881e-02;1.096647e-01;1.042600e-02;2.961657e-02;5.684715e-02;7.739465e-02;5.953462e-02;4.297908e-02;4.698252e-02
3.327992e-01;6.406693e-02;9.889651e-02;3.504436e-02;1.749638e-01;1.667728e-02;3.239015e-02;5.244936e-02;3.109222e-02;4.943766e-02;5.219326e-02;5.998928e-02
3.152298e-01;1.007672e-01;8.500864e-02;3.843036e-02;1.456899e-01;2.184044e-02;3.996686e-02;5.078162e-02;3.591778e-02;7.150301e-02;4.368926e-02;5.117510e-02
2.993208e-01;1.546738e-01;9.719903e-02;3.743935e-02;1.145429e-01;1.181747e-02;5.052407e-02;5.029944e-02;4.239719e-02;7.856442e-02;3.640484e-02;2.681673e-02
2.234010e-01;1.689381e-01;1.167267e-01;2.148698e-02;1.010872e-01;1.268537e-02;6.959197e-02;4.484574e-02;3.436974e-02;1.523152e-01;3.237660e-02;2.217541e-02
1.711222e-01;1.653537e-01;1.839572e-01;1.631310e-02;6.642310e-02;1.581273e-02;7.106981e-02;5.198484e-02;3.632155e-02;1.822828e-01;2.399096e-02;1.536801e-02
1.892177e-01;1.560814e-01;2.439063e-01;1.770360e-02;7.870474e-02;1.637737e-02;5.272803e-02;4.905256e-02;3.903431e-02;1.048237e-01;2.848711e-02;2.388320e-02
1.911160e-01;1.288295e-01;2.799643e-01;2.406624e-02;6.372566e-02;1.961568e-02;5.761095e-02;4.907205e-02;3.617720e-02;5.928515e-02;4.822468e-02;4.231268e-02
1.828361e-01;7.340065e-02;2.817556e-01;3.132975e-02;4.875810e-02;2.816481e-02;7.756159e-02;4.924356e-02;3.266266e-02;6.388427e-02;7.019445e-02;6.020842e-02
1.716354e-01;8.975359e-02;2.304463e-01;2.672820e-02;3.416604e-02;3.050729e-02;9.410780e-02;3.723577e-02;4.336422e-02;1.126585e-01;8.034451e-02;4.905226e-02
1.247595e-01;1.414341e-01;2.445725e-01;2.342112e-02;4.538543e-02;2.144376e-02;7.811802e-02;3.256303e-02;4.404001e-02;1.432686e-01;6.400771e-02;3.698619e-02
9.007297e-02;1.718076e-01;2.717379e-01;3.402238e-02;6.527701e-02;2.136162e-02;4.785720e-02;3.555564e-02;4.354507e-02;1.222068e-01;5.635982e-02;4.019591e-02
1.585873e-01;1.579397e-01;2.170642e-01;4.126089e-02;6.792914e-02;2.241311e-02;5.056575e-02;4.654030e-02;6.774900e-02;7.511195e-02;5.119684e-02;4.364182e-02
1.270237e-01;1.454408e-01;2.113414e-01;5.544789e-02;6.310226e-02;4.071926e-02;4.988866e-02;4.790727e-02;8.958799e-02;7.638326e-02;6.171006e-02;3.144753e-02
6.055617e-02;5.559488e-02;1.691784e-01;7.033212e-02;1.125025e-01;5.598029e-02;1.181322e-01;8.630225e-02;7.243261e-02;8.985796e-02;6.801141e-02;4.111927e-02
3.533697e-02;5.197370e-02;1.933055e-01;1.112330e-01;9.975642e-02;4.974715e-02;1.172772e-01;1.541598e-01;3.831772e-02;5.966272e-02;6.364887e-02;2.558100e-02
3.443265e-02;5.500074e-02;1.953608e-01;1.237581e-01;7.353312e-02;3.616298e-02;1.113912e-01;2.052688e-01;3.172145e-02;5.452428e-02;6.140948e-02;1.743648e-02
3.979089e-02;4.843532e-02;1.594263e-01;1.016917e-01;5.669994e-02;3.056192e-02;1.327038e-01;2.328006e-01;6.412908e-02;6.255180e-02;5.447053e-02;1.673814e-02
3.841606e-02;6.106909e-02;1.883148e-01;6.893019e-02;3.696926e-02;2.650113e-02;1.247319e-01;1.756683e-01;1.236651e-01;1.000234e-01;3.334530e-02;2.236546e-02
3.924073e-02;8.262303e-02;2.785361e-01;5.806445e-02;5.081809e-02;2.518288e-02;8.875656e-02;6.147415e-02;1.445160e-01;1.378287e-01;1.841681e-02;1.454254e-02
5.347724e-02;9.520093e-02;3.025437e-01;5.622815e-02;5.724730e-02;2.122679e-02;9.811407e-02;1.616873e-02;1.116666e-01;1.510063e-01;1.543870e-02;2.168148e-02
5.735652e-02;1.112836e-01;2.564974e-01;4.327932e-02;7.833348e-02;4.646956e-02;1.053220e-01;2.224829e-02;8.638161e-02;1.211156e-01;2.787393e-02;4.383869e-02
5.343601e-02;1.245625e-01;2.465391e-01;3.199577e-02;9.957925e-02;9.099092e-02;6.872236e-02;1.809606e-02;1.167373e-01;4.536886e-02;3.567295e-02;6.829886e-02
8.096282e-02;1.463598e-01;2.244814e-01;3.383486e-02;8.297910e-02;1.287338e-01;4.674048e-02;1.855304e-02;1.225313e-01;3.424060e-02;2.205306e-02;5.852971e-02
1.129052e-01;1.561409e-01;1.970824e-01;4.091460e-02;5.859962e-02;1.316329e-01;5.666082e-02;1.477191e-02;1.091441e-01;4.915144e-02;3.867204e-02;3.432409e-02
1.502968e-01;1.147175e-01;2.330424e-01;3.215408e-02;9.806279e-02;5.686797e-02;5.622543e-02;2.222246e-02;6.584851e-02;7.181233e-02;8.042867e-02;1.832099e-02
1.378510e-01;7.414062e-02;2.150058e-01;2.166362e-02;1.744308e-01;2.260159e-02;4.052858e-02;6.950123e-02;5.938648e-02;5.943858e-02;1.092048e-01;1.624697e-02
1.444266e-01;7.328354e-02;1.264338e-01;1.608888e-02;2.040291e-01;5.881171e-02;2.891415e-02;1.055004e-01;8.609851e-02;3.562372e-02;1.105458e-01;1.024388e-02
1.512538e-01;6.477791e-02;5.749994e-02;1.073823e-02;1.909746e-01;1.407168e-01;3.607459e-02;1.097028e-01;1.075427e-01;1.379881e-02;1.101284e-01;6.791382e-03
1.546675e-01;3.838508e-02;4.208969e-02;9.463907e-03;1.651031e-01;1.392975e-01;5.429659e-02;1.333491e-01;1.338400e-01;1.298961e-02;1.105023e-01;6.015745e-03
1.546844e-01;3.547588e-02;4.325825e-02;1.524842e-02;1.134972e-01;6.835689e-02;7.532047e-02;2.060849e-01;1.689057e-01;1.111414e-02;9.189804e-02;1.615574e-02
1.224129e-01;2.818830e-02;7.703874e-02;3.668852e-02;4.046415e-02;4.781528e-02;1.079441e-01;2.206133e-01;1.689540e-01;4.926713e-02;6.200951e-02;3.860408e-02
5.889774e-02;3.756617e-02;8.908906e-02;4.329336e-02;5.022855e-02;7.000961e-02;9.595173e-02;1.332380e-01;1.192199e-01;1.263679e-01;9.119980e-02;8.493820e-02
4.727118e-02;4.975346e-02;6.205308e-02;4.518733e-02;3.347992e-02;5.820048e-02;4.930188e-02;1.125776e-01;9.612457e-02;1.354019e-01;1.619844e-01;1.486642e-01
7.564740e-02;4.614287e-02;5.931339e-02;3.955625e-02;3.410718e-02;2.705860e-02;5.708271e-02;1.024919e-01;7.723863e-02;9.533907e-02;1.718809e-01;2.141412e-01
1.312708e-01;5.948604e-02;6.180788e-02;3.961971e-02;4.245607e-02;4.578708e-02;6.570373e-02;8.912716e-02;4.784580e-02;7.976302e-02;1.277861e-01;2.093466e-01
1.778982e-01;7.226585e-02;5.554853e-02;3.333358e-02;5.824073e-02;6.086415e-02;5.146925e-02;1.428002e-01;6.523827e-02;6.062086e-02;7.108320e-02;1.506373e-01
1.378828e-01;7.960718e-02;8.318180e-02;6.148533e-02;3.852500e-02;2.247210e-02;5.810453e-02;7.233354e-02;5.617322e-02;5.996440e-02;1.169750e-01;2.132952e-01
1.307583e-01;1.004548e-01;8.556821e-02;6.306522e-02;3.328652e-02;3.650641e-02;4.336408e-02;3.870119e-02;5.866610e-02;6.735834e-02;1.222314e-01;2.200394e-01
1.134740e-01;1.268001e-01;1.042586e-01;6.070893e-02;3.398568e-02;5.292107e-02;4.377781e-02;3.578277e-02;7.019208e-02;7.129259e-02;8.724160e-02;1.995648e-01
6.027211e-02;1.270757e-01;2.052867e-01;6.614789e-02;2.620893e-02;4.265628e-02;4.479233e-02;4.715203e-02;1.314907e-01;1.074390e-01;4.327367e-02;9.820466e-02
3.458215e-02;1.213800e-01;1.931918e-01;5.127700e-02;1.506562e-02;4.683577e-02;3.316193e-02;3.672551e-02;2.197116e-01;1.181047e-01;3.840500e-02;9.155897e-02
3.366498e-02;1.224720e-01;1.182187e-01;3.944776e-02;2.312632e-02;7.971012e-02;2.478835e-02;3.115144e-02;3.109705e-01;8.684351e-02;4.803895e-02;8.156731e-02
5.785703e-02;1.102461e-01;6.479485e-02;3.209985e-02;3.687692e-02;7.069710e-02;3.062500e-02;6.190529e-02;3.400211e-01;5.428275e-02;9.654249e-02;4.405153e-02
8.762581e-02;7.714694e-02;6.152778e-02;2.091167e-02;6.900880e-02;3.470980e-02;6.127862e-02;1.410704e-01;2.380122e-01;4.466289e-02;1.457375e-01;1.830754e-02
7.570704e-02;7.065190e-02;8.218903e-02;1.837644e-02;8.977137e-02;3.974889e-02;1.061073e-01;1.759808e-01;1.296669e-01;4.498459e-02;1.498405e-01;1.697516e-02
1.089545e-01;8.663210e-02;8.755100e-02;1.866656e-02;6.756317e-02;5.854664e-02;1.178021e-01;1.645902e-01;1.000449e-01;5.988840e-02;1.030164e-01;2.674397e-02
1.342559e-01;7.445893e-02;6.505101e-02;3.587284e-02;2.933226e-02;8.372483e-02;7.038093e-02;1.885061e-01;9.667139e-02;1.158479e-01;5.374666e-02;5.215137e-02
1.836244e-01;8.717859e-02;1.141104e-01;2.385544e-02;4.194158e-02;7.820819e-02;5.210906e-02;1.141386e-01;1.070141e-01;1.015361e-01;4.089833e-02;5.538519e-02
3.099475e-01;1.000631e-01;1.203408e-01;1.025244e-02;3.015120e-02;6.284058e-02;3.487728e-02;6.335142e-02;1.029813e-01;7.330614e-02;4.351841e-02;4.836977e-02
3.760863e-01;9.082881e-02;1.143466e-01;8.007601e-03;6.421053e-02;3.536411e-02;3.149689e-02;5.396063e-02;8.693603e-02;5.089512e-02;3.769257e-02;5.017480e-02
3.008031e-01;8.075301e-02;1.647658e-01;6.993576e-03;1.053635e-01;2.246911e-02;3.682680e-02;6.854396e-02;9.376196e-02;4.147901e-02;4.520363e-02;3.303656e-02
2.053747e-01;9.508442e-02;1.704711e-01;1.176507e-02;9.734097e-02;4.618548e-02;6.084010e-02;5.381291e-02;1.226636e-01;8.422904e-02;3.622600e-02;1.600654e-02
1.629036e-01;9.225313e-02;1.463508e-01;1.665508e-02;7.587370e-02;5.320096e-02;7.828662e-02;4.263060e-02;1.297825e-01;1.588226e-01;3.418458e-02;9.055858e-03
1.874416e-01;1.035171e-01;1.190605e-01;1.554958e-02;6.801140e-02;3.962035e-02;6.538459e-02;5.369073e-02;8.767360e-02;1.965902e-01;4.929338e-02;1.416696e-02
2.415088e-01;9.200964e-02;1.559390e-01;1.398250e-02;1.099025e-01;2.291853e-02;4.475622e-02;8.435745e-02;3.707751e-02;1.127932e-01;6.424006e-02;2.051459e-02
2.887324e-01;6.504354e-02;1.580708e-01;1.005240e-02;1.254480e-01;2.118801e-02;3.185742e-02;1.575820e-01;2.181053e-02;4.596524e-02;5.221872e-02;2.203088e-02
3.286180e-01;6.747624e-02;1.219456e-01;9.211500e-03;1.019599e-01;2.163110e-02;1.658588e-02;2.070077e-01;2.306241e-02;3.961304e-02;3.131135e-02;3.157733e-02
3.301456e-01;8.324597e-02;1.099220e-01;1.293357e-02;5.940508e-02;4.375645e-02;2.475321e-02;1.606084e-01;6.777836e-02;4.961346e-02;2.238600e-02;3.545192e-02
2.562285e-01;7.137925e-02;9.898421e-02;2.792637e-02;3.121038e-02;1.025664e-01;4.810201e-02;1.244558e-01;1.335012e-01;5.925844e-02;2.038036e-02;2.600704e-02
1.809310e-01;5.417825e-02;6.534041e-02;9.225452e-02;2.194111e-02;1.211997e-01;6.146679e-02;8.746824e-02;1.391636e-01;1.259673e-01;9.785459e-03;4.030348e-02
9.669060e-02;4.252294e-02;1.099919e-01;1.293832e-01;5.981159e-02;6.573687e-02;8.245069e-02;6.161612e-02;8.211166e-02;1.888390e-01;2.238972e-02;5.845571e-02
7.421254e-02;2.484144e-02;1.913167e-01;7.320539e-02;7.966290e-02;6.253555e-02;7.137535e-02;4.740839e-02;1.015563e-01;1.822430e-01;5.321419e-02;3.842828e-02
9.095814e-02;2.588305e-02;2.157314e-01;2.791048e-02;5.787455e-02;9.895089e-02;6.142785e-02;3.822405e-02;9.895270e-02;1.646084e-01;9.623448e-02;2.324407e-02
9.222799e-02;3.547387e-02;1.482325e-01;7.721896e-02;3.210011e-02;9.835187e-02;6.371864e-02;1.029537e-01;4.924428e-02;1.126609e-01;1.395518e-01;4.826539e-02
4.402842e-02;8.821405e-02;4.525850e-02;1.096251e-01;5.111279e-02;3.976674e-02;5.633285e-02;1.761568e-01;2.760231e-02;1.094412e-01;1.193821e-01;1.330791e-01
1.907614e-02;1.232050e-01;1.283726e-02;7.272233e-02;8.250423e-02;1.173956e-02;3.859844e-02;1.580156e-01;4.284947e-02;1.599374e-01;6.940956e-02;2.091051e-01
9.069317e-03;1.476774e-01;9.658479e-03;4.318110e-02;9.741797e-02;1.009234e-02;2.729951e-02;1.302572e-01;4.497244e-02;1.984520e-01;3.095756e-02;2.509646e-01
2.138550e-02;1.321069e-01;1.715278e-02;7.534102e-02;7.504313e-02;3.415490e-02;4.540304e-02;1.360696e-01;2.879492e-02;1.840780e-01;6.915453e-02;1.813157e-01
5.702428e-02;8.887663e-02;4.957165e-02;7.949611e-02;3.865235e-02;8.473992e-02;7.812809e-02;1.135907e-01;1.976253e-02;1.248841e-01;1.756739e-01;8.959974e-02
9.603123e-02;5.771929e-02;8.725606e-02;3.484863e-02;1.532991e-02;1.445193e-01;6.646413e-02;6.422703e-02;1.668859e-02;6.980149e-02;3.082649e-01;3.884938e-02
9.727823e-02;4.519802e-02;1.058108e-01;1.284906e-02;1.220989e-02;1.698686e-01;4.429227e-02;2.960456e-02;3.495423e-02;4.795817e-02;3.871233e-01;1.285290e-02
7.027737e-02;3.424041e-02;8.432732e-02;3.043810e-02;2.498182e-02;1.283299e-01;6.568785e-02;8.314808e-02;3.898331e-02;9.206051e-02;3.333866e-01;1.413872e-02
3.671756e-02;6.831844e-02;4.363180e-02;4.618049e-02;5.561921e-02;5.904426e-02;6.181333e-02;1.698746e-01;3.713080e-02;2.342873e-01;1.738706e-01;1.351152e-02
2.161885e-02;6.713616e-02;3.032255e-02;4.034565e-02;8.391842e-02;2.863362e-02;6.605869e-02;1.868343e-01;6.688938e-02;3.366793e-01;4.802932e-02;2.353374e-02
2.555342e-02;5.656012e-02;5.113156e-02;3.380017e-02;8.234040e-02;2.770169e-02;9.242298e-02;1.500025e-01;8.719932e-02;3.273433e-01;2.111333e-02;4.483126e-02
3.267339e-02;7.115255e-02;6.989054e-02;4.051585e-02;5.618005e-02;4.162855e-02;1.340559e-01;1.021811e-01;7.920452e-02;2.637450e-01;5.627071e-02;5.250179e-02
3.351425e-02;1.036906e-01;6.720591e-02;2.894433e-02;4.023305e-02;5.168076e-02;1.464821e-01;1.210584e-01;4.199347e-02;2.237122e-01;8.689839e-02;5.458651e-02
4.293901e-02;1.392753e-01;7.308147e-02;3.608737e-02;5.192704e-02;5.170099e-02;1.339455e-01;1.237431e-01;2.134908e-02;1.816184e-01;9.145425e-02;5.287846e-02
4.723032e-02;1.182376e-01;9.006361e-02;3.381506e-02;5.450779e-02;5.087814e-02;1.409788e-01;1.234539e-01;3.738748e-02;1.704418e-01;9.743571e-02;3.556979e-02
5.714242e-02;7.171188e-02;6.402819e-02;2.509197e-02;7.232528e-02;6.919415e-02;1.068660e-01;1.338000e-01;7.302781e-02;1.803513e-01;1.199059e-01;2.655523e-02
4.396918e-02;6.542274e-02;7.156605e-02;4.000131e-02;9.372796e-02;6.159928e-02;1.069776e-01;1.060872e-01;5.145861e-02;2.064566e-01;1.339587e-01;1.877477e-02
3.242825e-02;8.857327e-02;1.149593e-01;3.935524e-02;8.461634e-02;3.396748e-02;1.150895e-01;9.868562e-02;3.920118e-02;1.885937e-01;1.378503e-01;2.667970e-02
9.700461e-02;9.219734e-02;1.653314e-01;3.524455e-02;6.292310e-02;4.350816e-02;1.187776e-01;6.299309e-02;6.717619e-02;1.053223e-01;6.806862e-02;8.145304e-02
1.210843e-01;8.231228e-02;1.912382e-01;3.653260e-02;4.769646e-02;5.252637e-02;8.119911e-02;5.581878e-02;6.982159e-02;6.933323e-02;7.754606e-02;1.148911e-01
9.900693e-02;6.247802e-02;1.774695e-01;3.841493e-02;4.740617e-02;5.744151e-02;7.697482e-02;4.980474e-02;8.568297e-02;8.512127e-02;1.122737e-01;1.079255e-01
6.895006e-02;4.470626e-02;1.269100e-01;4.237858e-02;4.467756e-02;5.955531e-02;7.849228e-02;8.609535e-02;1.131655e-01;1.331075e-01;1.438455e-01;5.811610e-02
5.675915e-02;4.715347e-02;9.312788e-02;4.339631e-02;4.545403e-02;5.951428e-02;4.379820e-02;1.072374e-01;1.294299e-01;1.742910e-01;1.531647e-01;4.667376e-02
5.694522e-02;4.600262e-02;8.127306e-02;4.331216e-02;3.468068e-02;6.040984e-02;1.133222e-01;5.302544e-02;1.453846e-01;1.753713e-01;1.489524e-01;4.132058e-02
