3.629460e-02;6.812435e-02;1.277800e-01;1.095255e-01;9.311068e-02;1.092676e-01;1.647772e-02;2.814940e-02;2.641714e-02;7.459551e-02;1.995040e-01;1.107535e-01
1.209790e-01;4.829622e-02;4.535120e-02;7.250394e-02;1.141353e-01;2.285894e-01;9.627495e-03;2.321924e-02;2.005038e-02;3.923697e-02;1.052505e-01;1.727605e-01
1.986652e-01;4.755618e-02;1.677370e-02;2.958930e-02;8.684003e-02;4.049442e-01;9.455557e-03;2.331389e-02;1.733335e-02;1.832832e-02;2.460174e-02;1.225984e-01
1.709950e-01;3.636060e-02;3.703558e-02;1.336935e-02;6.532018e-02;6.023328e-01;5.513769e-03;2.379642e-02;1.231875e-02;5.441107e-03;1.361169e-02;1.390471e-02
9.129433e-02;1.545685e-02;2.927653e-02;1.163038e-02;7.681227e-02;6.726068e-01;2.581273e-02;2.376997e-02;1.246814e-02;3.933465e-03;1.225745e-02;2.468113e-02
5.948268e-02;1.252638e-02;3.858520e-02;2.311900e-02;1.110355e-01;6.278127e-01;2.674731e-02;3.083662e-02;2.442254e-02;3.186756e-03;1.922179e-02;2.302346e-02
3.045734e-02;3.152095e-02;1.039347e-01;5.317760e-02;1.514915e-01;4.669695e-01;1.867170e-02;4.010204e-02;3.815384e-02;7.410814e-03;1.137642e-02;4.673361e-02
1.436007e-02;9.531814e-02;2.289224e-01;9.182127e-02;1.426172e-01;2.503260e-01;1.917225e-02;4.728601e-02;3.414889e-02;9.877040e-03;3.280311e-02;3.334760e-02
3.615849e-02;1.606096e-01;2.774083e-01;6.987998e-02;7.851127e-02;1.907864e-01;2.210774e-02;3.925964e-02;2.586839e-02;2.426658e-02;4.847940e-02;2.666431e-02
6.691308e-02;2.082834e-01;2.123044e-01;2.322015e-02;3.308777e-02;2.364915e-01;2.041312e-02;2.628615e-02;3.426506e-02;2.896561e-02;4.070295e-02;6.906673e-02
1.184462e-01;2.140454e-01;2.234600e-01;1.287955e-02;4.193744e-02;2.119601e-01;2.379441e-02;1.840898e-02;3.286150e-02;2.743846e-02;2.812655e-02;4.664134e-02
1.576806e-01;1.706323e-01;1.975033e-01;4.036222e-02;5.487098e-02;1.926716e-01;2.023981e-02;3.952095e-02;2.048867e-02;2.117081e-02;3.500974e-02;4.984890e-02
1.278795e-01;5.485316e-02;1.783050e-01;6.049522e-02;7.783292e-02;3.125191e-01;1.755010e-02;4.464678e-02;2.935390e-02;2.021846e-02;3.305903e-02;4.328669e-02
6.789407e-02;1.722895e-01;2.017010e-01;5.214287e-02;2.267031e-02;3.360812e-01;2.455066e-02;3.080170e-02;2.116859e-02;1.033277e-02;2.930344e-02;3.106379e-02
5.041049e-02;1.428117e-01;1.828359e-01;6.190093e-02;1.197389e-01;3.314877e-01;1.940738e-02;2.098440e-02;1.378047e-02;8.977050e-03;3.325413e-02;1.441079e-02
5.956012e-02;5.228669e-02;1.470121e-01;7.490586e-02;1.530462e-01;3.793906e-01;1.903661e-02;2.477097e-02;1.658567e-02;1.941940e-02;3.838855e-02;1.559732e-02
7.992899e-02;1.537400e-01;1.674495e-01;6.682339e-02;9.847141e-02;2.784560e-01;1.715389e-02;3.122427e-02;2.923327e-02;2.729819e-02;2.437598e-02;2.584514e-02
1.115052e-01;2.149034e-01;1.668458e-01;5.238739e-02;9.386095e-02;1.729529e-01;2.921463e-02;6.747559e-02;3.237322e-02;2.032834e-02;1.436977e-02;2.378275e-02
1.499235e-01;2.430552e-01;1.454772e-01;3.424644e-02;9.285996e-02;1.133317e-01;3.748380e-02;1.130718e-01;2.567847e-02;1.068940e-02;9.053010e-03;2.512953e-02
1.883737e-01;1.867514e-01;9.689579e-02;2.739844e-02;9.353667e-02;8.733065e-02;4.715944e-02;1.830087e-01;2.811914e-02;7.807374e-03;1.066963e-02;4.294914e-02
2.022763e-01;1.097698e-01;2.842524e-02;1.523953e-02;6.262343e-02;9.168217e-02;9.856723e-02;2.464455e-01;2.555243e-02;1.236305e-02;1.366951e-02;9.338579e-02
1.282682e-01;4.836272e-02;2.543751e-02;1.643358e-02;2.593371e-02;1.021461e-01;2.390238e-01;2.271181e-01;1.545518e-02;1.721036e-02;1.394112e-02;1.406695e-01
5.462907e-02;3.360251e-02;3.358042e-02;1.995117e-02;2.341769e-02;1.245592e-01;3.647848e-01;1.510457e-01;1.387010e-02;1.474443e-02;1.453549e-02;1.512793e-01
3.481847e-02;3.335993e-02;3.635016e-02;2.286473e-02;2.193767e-02;1.210973e-01;4.498039e-01;8.797839e-02;1.067660e-02;1.684663e-02;1.949477e-02;1.447715e-01
2.340139e-02;6.171816e-02;6.103101e-02;2.287837e-02;2.303259e-02;1.688935e-01;4.521604e-01;3.210336e-02;1.213390e-02;1.667336e-02;1.452376e-02;1.114502e-01
3.426712e-02;9.289216e-02;5.068117e-02;2.003171e-02;1.965795e-02;1.075817e-01;4.865826e-01;5.072346e-02;1.735895e-02;1.566230e-02;2.165187e-02;8.290900e-02
4.509988e-02;7.462061e-02;2.916981e-02;2.404165e-02;1.001091e-02;1.809555e-01;4.436483e-01;7.052344e-02;1.975316e-02;1.093871e-02;2.987697e-02;6.136103e-02
4.763825e-02;5.319307e-02;3.778764e-02;3.050179e-02;3.239467e-02;1.961549e-01;4.040609e-01;4.950812e-02;2.804294e-02;1.720354e-02;2.773223e-02;7.578196e-02
5.454844e-02;4.260753e-02;5.382035e-02;4.271609e-02;3.746663e-02;1.219700e-01;3.490406e-01;1.147435e-01;4.933413e-02;2.475451e-02;1.294585e-02;9.605236e-02
8.381402e-02;8.976685e-02;4.314643e-02;6.673653e-02;4.069589e-02;1.045630e-01;2.662995e-01;1.344143e-01;4.259402e-02;1.861232e-02;1.313035e-02;9.622679e-02
1.183478e-01;1.413647e-01;7.654585e-02;8.499404e-02;3.215327e-02;7.267104e-02;1.761485e-01;1.338790e-01;4.045619e-02;2.077088e-02;2.130298e-02;8.136578e-02
1.056468e-01;1.574084e-01;1.031968e-01;6.734162e-02;3.140805e-02;1.270627e-01;1.659996e-01;9.961253e-02;3.321869e-02;1.775636e-02;2.798797e-02;6.336046e-02
7.083678e-02;9.827386e-02;8.553871e-02;4.544042e-02;4.213332e-02;1.555741e-01;2.465750e-01;1.279031e-01;4.318789e-02;1.840171e-02;2.260599e-02;4.352907e-02
7.487514e-02;1.032048e-01;7.728796e-02;2.999133e-02;3.785614e-02;1.961305e-01;2.587077e-01;1.185719e-01;4.310196e-02;1.455450e-02;1.443152e-02;3.128645e-02
9.545141e-02;6.429671e-02;4.478927e-02;1.855464e-02;2.403273e-02;2.423071e-01;2.344071e-01;1.279079e-01;5.603871e-02;1.631401e-02;1.672466e-02;5.917583e-02
7.524646e-02;1.191371e-01;8.965151e-02;2.109449e-02;2.834432e-02;2.190670e-01;1.457308e-01;1.172592e-01;5.891099e-02;2.118345e-02;2.449914e-02;7.987556e-02
6.162876e-02;2.143333e-01;1.768105e-01;5.065446e-02;3.823950e-02;1.531441e-01;5.413162e-02;6.447357e-02;4.983955e-02;2.972799e-02;2.645566e-02;8.056101e-02
5.335398e-02;1.930880e-01;1.522531e-01;8.314081e-02;3.636896e-02;1.319713e-01;1.136338e-01;6.914940e-02;3.094724e-02;3.824004e-02;1.821470e-02;7.963860e-02
5.166423e-02;1.244494e-01;8.629145e-02;1.078205e-01;3.935032e-02;1.376503e-01;1.740688e-01;6.712006e-02;4.349162e-02;6.263053e-02;1.446353e-02;9.099930e-02
5.111066e-02;7.220341e-02;3.594500e-02;1.267080e-01;2.829301e-02;1.474587e-01;2.271865e-01;5.162036e-02;4.517853e-02;9.418162e-02;1.428331e-02;1.058309e-01
5.840494e-02;7.827332e-02;2.596693e-02;1.203438e-01;2.167732e-02;1.379426e-01;2.647781e-01;3.610149e-02;2.799673e-02;1.040500e-01;1.691051e-02;1.075542e-01
5.680897e-02;5.161515e-02;2.934110e-02;1.109520e-01;2.487234e-02;1.182866e-01;2.921343e-01;5.898196e-02;2.357886e-02;1.108521e-01;1.863544e-02;1.039413e-01
4.796733e-02;6.841152e-02;3.549043e-02;1.118031e-01;2.463798e-02;9.513561e-02;3.122659e-01;6.301922e-02;2.865019e-02;9.078627e-02;2.131537e-02;1.005171e-01
4.714120e-02;9.587742e-02;4.009828e-02;1.204440e-01;1.974662e-02;6.447487e-02;3.638150e-01;3.737377e-02;2.403258e-02;5.642758e-02;1.854188e-02;1.120268e-01
4.785810e-02;9.725896e-02;1.407716e-02;1.229186e-01;2.246998e-02;4.020584e-02;4.217923e-01;3.371497e-02;2.195849e-02;3.665027e-02;1.545808e-02;1.256372e-01
2.348961e-02;7.942531e-02;3.377365e-02;1.173162e-01;3.243331e-02;5.358764e-02;4.340898e-01;4.754470e-02;2.221185e-02;3.220023e-02;1.255768e-02;1.113700e-01
2.274760e-02;7.866714e-02;2.417333e-02;1.179094e-01;4.700282e-02;4.790734e-02;4.617605e-01;3.972352e-02;2.372177e-02;2.462293e-02;1.342109e-02;9.834263e-02
3.567832e-02;9.052802e-02;3.711364e-02;1.092562e-01;3.636922e-02;5.992899e-02;4.097585e-01;7.823618e-02;2.669193e-02;2.288335e-02;9.829104e-03;8.372654e-02
4.578383e-02;9.103548e-02;7.886673e-02;7.749148e-02;2.764765e-02;9.012514e-02;3.072268e-01;1.173128e-01;5.166725e-02;2.970323e-02;1.749533e-02;6.564431e-02
5.250309e-02;1.021068e-01;1.077332e-01;6.526408e-02;2.543482e-02;9.988324e-02;2.238920e-01;1.409156e-01;8.108623e-02;3.470052e-02;1.934845e-02;4.713197e-02
7.830037e-02;8.176108e-02;9.852803e-02;5.057132e-02;4.185743e-02;9.587016e-02;1.896587e-01;1.171020e-01;1.038203e-01;3.732894e-02;2.610544e-02;7.909621e-02
8.761044e-02;8.300965e-02;8.396057e-02;5.080161e-02;5.038634e-02;1.001018e-01;2.050075e-01;6.507327e-02;9.604632e-02;4.187874e-02;5.581627e-02;8.030751e-02
8.488389e-02;1.023099e-01;8.611940e-02;4.254994e-02;4.870048e-02;1.416400e-01;1.636990e-01;8.982593e-02;8.394964e-02;2.540912e-02;6.285641e-02;6.805630e-02
9.315032e-02;1.630935e-01;5.353642e-02;2.739621e-02;5.020373e-02;1.228646e-01;1.321052e-01;1.154084e-01;6.388187e-02;1.893938e-02;5.562119e-02;1.037991e-01
8.787946e-02;1.504392e-01;5.955906e-02;4.150785e-02;4.639945e-02;1.307895e-01;9.370638e-02;1.161369e-01;7.025331e-02;2.403269e-02;5.764217e-02;1.216541e-01
9.269384e-02;7.414074e-02;5.862093e-02;4.819291e-02;4.431129e-02;1.666782e-01;1.067861e-01;1.177210e-01;8.984753e-02;2.788050e-02;6.897128e-02;1.041557e-01
8.902044e-02;8.540853e-02;7.141180e-02;3.984353e-02;4.164146e-02;1.887809e-01;1.363494e-01;7.560749e-02;1.109345e-01;3.473793e-02;6.219050e-02;6.407356e-02
8.377492e-02;1.324612e-01;6.298012e-02;2.731762e-02;3.168178e-02;1.801526e-01;1.445288e-01;7.045317e-02;1.078394e-01;4.183917e-02;5.431305e-02;6.265806e-02
9.920461e-02;1.190284e-01;4.839441e-02;2.725110e-02;2.611666e-02;1.940842e-01;1.300130e-01;6.035005e-02;1.086656e-01;4.784263e-02;3.498525e-02;1.040641e-01
9.293883e-02;1.290332e-01;5.235275e-02;3.043593e-02;2.147544e-02;2.073288e-01;1.124527e-01;9.279776e-02;8.520645e-02;4.199129e-02;3.333072e-02;1.006561e-01
7.988641e-02;1.450223e-01;9.198238e-02;4.259609e-02;2.671587e-02;2.057748e-01;1.057145e-01;8.732353e-02;5.581208e-02;3.488109e-02;3.175904e-02;9.253193e-02
9.609629e-02;1.486126e-01;3.345967e-02;4.349579e-02;4.074655e-02;2.119122e-01;7.455714e-02;1.105083e-01;6.027909e-02;3.883191e-02;3.128663e-02;1.102139e-01
9.055235e-02;1.408007e-01;1.075118e-01;2.956638e-02;3.249004e-02;1.521762e-01;1.338539e-01;9.693477e-02;5.955002e-02;3.202244e-02;2.685832e-02;9.768310e-02
7.123530e-02;1.774661e-01;1.223109e-01;2.623306e-02;3.117680e-02;1.130727e-01;1.604739e-01;8.455359e-02;6.929693e-02;2.636292e-02;3.383668e-02;8.398116e-02
5.094931e-02;1.712684e-01;1.155039e-01;4.252648e-02;2.931001e-02;7.071967e-02;1.907637e-01;7.773203e-02;8.542529e-02;4.892534e-02;5.019839e-02;6.667759e-02
8.263935e-02;1.190783e-01;6.981693e-02;4.253920e-02;4.252115e-02;1.171896e-01;2.110880e-01;7.004754e-02;6.161562e-02;5.037189e-02;5.884510e-02;7.424727e-02
7.512221e-02;1.581716e-01;1.121102e-01;4.008798e-02;4.030388e-02;1.482880e-01;1.553453e-01;6.734465e-02;4.568647e-02;3.574204e-02;3.583519e-02;8.596262e-02
7.470113e-02;1.500547e-01;1.237129e-01;6.706885e-02;4.049620e-02;2.206644e-01;7.937354e-02;4.244903e-02;4.158345e-02;3.041328e-02;3.867275e-02;9.080976e-02
7.871764e-02;7.269072e-02;8.830910e-02;7.530332e-02;3.328358e-02;2.594242e-01;1.086650e-01;6.688049e-02;3.577005e-02;3.086758e-02;4.358857e-02;1.064998e-01
7.275779e-02;1.242064e-01;1.173360e-01;5.700904e-02;2.971018e-02;2.120072e-01;1.383011e-01;7.992584e-02;3.444036e-02;2.536922e-02;2.054559e-02;8.839128e-02
7.567564e-02;1.707730e-01;1.245017e-01;5.661615e-02;4.233451e-02;1.852989e-01;1.167742e-01;6.016466e-02;3.893264e-02;3.233956e-02;2.786197e-02;6.872706e-02
5.923060e-02;1.178397e-01;1.593667e-01;5.285738e-02;5.508215e-02;1.438697e-01;7.824031e-02;1.029539e-01;7.491613e-02;6.154817e-02;5.987092e-02;3.422433e-02
4.275502e-02;1.455065e-01;1.578321e-01;4.172253e-02;5.769220e-02;1.078235e-01;5.323759e-02;1.326751e-01;9.950746e-02;6.468977e-02;7.025293e-02;2.630528e-02
6.735907e-02;1.502710e-01;1.204321e-01;2.807898e-02;5.820313e-02;6.886954e-02;7.421109e-02;1.967700e-01;9.626337e-02;5.128637e-02;6.647298e-02;2.178231e-02
1.065297e-01;1.205944e-01;6.618099e-02;1.636100e-02;5.061539e-02;5.148518e-02;1.239823e-01;3.035242e-01;6.492918e-02;2.312983e-02;5.400268e-02;1.866503e-02
1.292826e-01;6.589719e-02;5.311590e-02;8.376986e-03;4.908808e-02;5.469320e-02;1.638986e-01;3.495972e-01;3.758809e-02;2.510916e-02;3.767291e-02;2.568015e-02
1.417700e-01;9.746122e-02;4.676929e-02;1.543816e-02;5.038023e-02;6.476861e-02;1.262863e-01;3.395644e-01;3.219280e-02;3.427666e-02;2.751496e-02;2.357730e-02
1.587863e-01;1.191605e-01;9.390530e-02;1.257922e-02;4.520823e-02;6.237307e-02;5.842200e-02;3.255272e-01;2.081014e-02;2.844275e-02;4.100710e-02;3.377818e-02
1.899774e-01;1.218439e-01;8.633164e-02;1.110549e-02;3.260177e-02;6.565455e-02;1.042517e-01;2.524551e-01;1.930434e-02;2.479707e-02;5.174888e-02;3.992812e-02
2.283261e-01;1.235305e-01;7.997651e-02;1.054160e-02;2.659254e-02;6.638947e-02;1.065160e-01;2.387499e-01;2.271261e-02;1.996508e-02;3.632949e-02;4.037021e-02
1.874505e-01;1.026545e-01;1.568976e-01;2.384247e-02;5.468698e-02;5.590983e-02;6.387024e-02;2.562671e-01;2.924825e-02;1.872955e-02;1.572242e-02;3.472053e-02
1.176163e-01;9.399869e-02;1.732897e-01;2.606559e-02;1.029388e-01;5.510499e-02;5.727673e-02;2.498971e-01;4.079295e-02;1.887713e-02;2.096790e-02;4.317417e-02
8.115312e-02;9.101348e-02;1.054851e-01;1.697911e-02;1.113553e-01;9.601209e-02;9.492382e-02;2.270831e-01;4.966138e-02;3.267293e-02;2.764379e-02;6.601668e-02
8.251503e-02;9.171493e-02;6.837697e-02;2.350716e-02;6.581298e-02;1.207848e-01;8.398692e-02;2.239724e-01;6.424186e-02;5.009994e-02;3.663835e-02;8.834867e-02
8.044793e-02;1.290901e-01;7.397537e-02;3.416987e-02;3.018474e-02;1.053016e-01;4.989076e-02;2.596452e-01;7.322847e-02;5.321053e-02;4.018893e-02;7.066640e-02
8.597586e-02;1.276367e-01;6.679847e-02;3.979807e-02;4.831294e-02;9.812724e-02;4.297144e-02;2.782591e-01;6.234529e-02;5.051232e-02;5.393436e-02;4.532824e-02
7.791287e-02;9.302963e-02;9.271628e-02;2.266002e-02;6.428404e-02;1.172870e-01;8.498260e-02;2.895519e-01;4.192220e-02;3.806788e-02;4.404670e-02;3.353886e-02
6.728928e-02;1.458484e-01;8.760761e-02;2.525037e-02;5.613872e-02;1.143060e-01;1.162056e-01;2.672885e-01;4.084370e-02;1.826422e-02;2.966357e-02;3.129409e-02
7.337665e-02;1.743930e-01;9.867545e-02;2.161984e-02;4.540228e-02;1.001265e-01;1.151795e-01;2.039918e-01;6.088480e-02;4.621299e-02;3.225989e-02;2.787726e-02
6.470139e-02;1.531431e-01;1.352944e-01;3.006363e-02;4.728172e-02;9.872828e-02;9.031376e-02;1.611390e-01;7.480557e-02;7.356279e-02;3.419255e-02;3.677382e-02
8.904175e-02;1.614217e-01;1.262524e-01;3.310306e-02;3.975585e-02;1.132711e-01;4.822683e-02;1.712686e-01;6.710072e-02;6.751625e-02;2.787204e-02;5.516978e-02
1.157180e-01;9.042756e-02;8.441566e-02;3.305797e-02;5.061929e-02;1.469412e-01;6.779177e-02;2.064881e-01;6.152534e-02;5.187573e-02;2.276598e-02;6.837337e-02
1.172237e-01;1.353434e-01;7.479513e-02;2.791343e-02;5.517693e-02;1.567837e-01;1.094377e-01;1.638970e-01;5.299749e-02;3.632298e-02;2.153924e-02;4.856927e-02
8.143464e-02;1.867349e-01;2.014847e-01;2.334220e-02;4.669562e-02;1.619197e-01;8.734809e-02;1.046665e-01;5.120356e-02;2.849163e-02;1.145012e-02;1.522828e-02
4.954664e-02;2.239355e-01;2.941069e-01;2.714659e-02;3.066188e-02;1.365079e-01;7.008535e-02;6.855617e-02;5.701357e-02;1.852092e-02;1.010211e-02;1.381648e-02
5.689581e-02;2.884052e-01;3.178370e-01;3.015734e-02;2.956013e-02;6.698761e-02;7.191143e-02;4.710050e-02;4.780358e-02;1.821160e-02;1.069355e-02;1.443641e-02
6.273730e-02;2.642052e-01;2.830071e-01;4.139130e-02;3.323765e-02;6.728859e-02;6.712794e-02;8.029532e-02;4.823669e-02;2.187691e-02;1.101821e-02;1.957769e-02
8.327887e-02;2.131062e-01;2.442409e-01;4.053715e-02;3.825142e-02;5.979720e-02;6.847578e-02;1.284882e-01;6.120247e-02;1.900301e-02;1.447835e-02;2.914044e-02
1.219475e-01;1.530271e-01;2.188476e-01;1.645489e-02;5.324398e-02;3.797284e-02;9.358224e-02;1.559103e-01;6.395634e-02;2.628505e-02;2.564971e-02;3.312264e-02
1.013857e-01;1.858201e-01;2.305098e-01;2.326711e-02;3.277660e-02;7.008526e-02;1.099074e-01;1.250529e-01;3.063095e-02;2.868101e-02;2.832058e-02;3.356252e-02
8.305627e-02;2.680194e-01;2.782189e-01;2.329225e-02;2.032165e-02;5.899908e-02;8.071079e-02;8.001918e-02;3.483368e-02;2.487138e-02;2.158558e-02;2.607171e-02
6.584311e-02;2.461338e-01;2.899227e-01;2.349455e-02;2.132833e-02;8.378264e-02;6.438894e-02;9.215670e-02;4.687564e-02;2.652664e-02;1.766472e-02;2.188217e-02
8.305093e-02;1.011257e-01;2.676588e-01;2.314499e-02;3.339815e-02;1.310994e-01;8.416522e-02;1.363191e-01;7.120456e-02;2.643725e-02;1.528168e-02;2.711414e-02
9.925230e-02;1.083196e-01;2.252441e-01;2.024392e-02;3.741094e-02;1.611632e-01;8.368091e-02;1.149915e-01;6.365687e-02;2.143160e-02;2.290601e-02;4.169895e-02
8.785849e-02;8.236403e-02;2.237906e-01;2.562791e-02;4.121337e-02;2.132569e-01;7.821044e-02;1.062299e-01;4.005219e-02;1.892926e-02;2.991291e-02;5.255401e-02
9.085205e-02;1.474735e-01;1.978633e-01;2.035026e-02;4.170552e-02;1.898094e-01;8.150332e-02;1.056578e-01;3.672893e-02;1.926138e-02;2.368685e-02;4.510777e-02
1.188953e-01;1.722708e-01;1.180051e-01;1.706650e-02;3.455401e-02;1.434139e-01;9.915979e-02;1.549745e-01;5.451314e-02;3.079440e-02;1.892963e-02;3.742286e-02
1.222891e-01;2.348850e-01;9.167174e-02;1.807617e-02;3.317139e-02;1.267663e-01;8.388726e-02;1.604371e-01;4.806603e-02;2.622805e-02;3.040073e-02;2.412117e-02
1.155045e-01;2.298259e-01;1.588778e-01;1.747327e-02;3.995262e-02;1.491956e-01;5.569583e-02;1.284612e-01;3.376077e-02;1.506320e-02;2.893289e-02;2.725648e-02
1.057287e-01;1.654202e-01;1.748288e-01;1.878732e-02;4.288004e-02;1.808115e-01;6.067295e-02;1.417667e-01;4.482507e-02;1.542181e-02;1.226476e-02;3.659229e-02
8.763975e-02;1.778928e-01;1.504866e-01;3.229610e-02;4.468163e-02;1.428438e-01;3.323843e-02;8.983558e-02;5.968419e-02;6.939778e-02;5.974745e-02;5.225580e-02
1.081109e-01;1.533301e-01;1.171031e-01;5.450097e-02;5.867149e-02;7.915221e-02;6.388054e-02;8.099268e-02;7.249033e-02;1.031244e-01;8.201534e-02;2.662783e-02
1.275738e-01;1.199670e-01;8.599681e-02;9.361234e-02;5.058399e-02;6.088052e-02;7.455791e-02;7.827268e-02;6.514164e-02;9.643966e-02;6.637927e-02;8.059442e-02
1.269799e-01;7.717012e-02;4.995549e-02;1.636348e-01;3.030134e-02;3.691219e-02;1.492576e-01;5.945059e-02;4.667758e-02;7.266787e-02;3.570822e-02;1.512843e-01
7.836436e-02;3.887444e-02;2.374574e-02;2.372700e-01;1.831621e-02;1.861964e-02;2.534382e-01;3.593876e-02;2.565693e-02;3.752550e-02;3.008596e-02;2.021643e-01
3.497231e-02;4.331331e-02;6.409542e-02;2.237507e-01;1.474779e-02;3.657016e-02;2.798670e-01;2.132569e-02;3.714824e-02;1.729991e-02;3.451679e-02;1.923928e-01
1.374774e-02;4.352314e-02;1.362709e-01;1.188025e-01;1.674151e-02;8.779613e-02;1.880713e-01;3.434147e-02;1.213278e-01;1.918154e-02;1.053467e-01;1.148492e-01
1.450467e-02;2.169601e-02;1.931401e-01;3.151035e-02;2.110310e-02;1.405427e-01;9.282901e-02;3.203395e-02;2.203096e-01;1.636221e-02;1.648497e-01;5.111865e-02
2.012846e-02;2.729322e-02;2.182638e-01;1.383951e-02;1.487190e-02;1.381949e-01;4.525426e-02;2.897321e-02;2.670932e-01;1.469120e-02;1.860364e-01;2.535992e-02
1.979785e-02;2.327673e-02;2.139147e-01;1.518027e-02;1.515788e-02;1.242002e-01;6.169030e-02;3.043088e-02;2.680045e-01;1.133358e-02;1.934018e-01;2.361122e-02
1.405635e-02;9.375507e-03;2.163649e-01;9.321213e-03;1.477715e-02;1.170462e-01;6.855723e-02;3.153205e-02;2.665361e-01;9.750647e-03;2.076788e-01;3.500381e-02
1.356750e-02;1.346294e-02;2.272197e-01;1.150716e-02;1.276007e-02;1.291342e-01;3.481979e-02;2.470901e-02;2.607548e-01;1.329896e-02;2.353737e-01;2.339217e-02
1.511568e-02;1.705514e-02;2.060706e-01;6.506153e-03;9.148291e-03;1.313675e-01;4.832123e-02;1.510823e-02;2.344717e-01;1.459268e-02;2.519652e-01;5.027755e-02
2.149580e-02;2.266388e-02;1.583666e-01;8.914849e-03;1.286375e-02;1.729692e-01;5.171008e-02;1.889131e-02;1.980840e-01;3.256440e-02;2.653465e-01;3.612974e-02
2.500322e-02;3.373044e-02;1.072330e-01;1.098189e-02;3.164238e-02;2.197959e-01;4.797986e-02;3.425994e-02;1.375683e-01;8.493309e-02;2.484631e-01;1.840884e-02
3.041623e-02;2.965619e-02;6.406901e-02;3.354274e-02;8.112307e-02;2.316951e-01;3.908875e-02;3.905738e-02;1.012968e-01;1.327484e-01;2.030792e-01;1.422721e-02
2.744422e-02;3.143070e-02;5.812206e-02;7.518341e-02;1.213255e-01;1.997413e-01;4.730029e-02;6.318653e-02;1.136626e-01;1.144589e-01;1.310694e-01;1.707510e-02
2.145110e-02;4.592994e-02;7.367809e-02;9.718379e-02;9.742016e-02;2.210483e-01;6.263754e-02;8.474750e-02;1.373315e-01;6.714106e-02;6.459351e-02;2.683759e-02
2.441910e-02;3.672035e-02;9.202709e-02;7.672320e-02;3.833847e-02;2.632288e-01;7.000727e-02;6.335501e-02;1.860569e-01;4.639821e-02;8.219288e-02;2.053271e-02
2.258107e-02;3.960232e-02;9.469485e-02;4.125966e-02;3.342937e-02;2.756873e-01;8.573184e-02;4.541068e-02;1.720263e-01;4.219072e-02;1.235145e-01;2.387133e-02
3.473555e-02;5.498771e-02;8.568546e-02;3.579954e-02;3.444259e-02;2.553461e-01;7.280196e-02;6.101596e-02;1.401645e-01;5.220845e-02;1.429884e-01;2.982372e-02
4.646251e-02;3.987868e-02;7.012867e-02;3.660659e-02;3.456605e-02;1.793644e-01;6.721789e-02;7.850686e-02;1.794195e-01;6.082204e-02;1.588085e-01;4.821832e-02
3.923516e-02;6.765530e-02;1.163638e-01;2.494759e-02;4.331537e-02;1.109930e-01;7.421874e-02;8.534876e-02;1.625965e-01;3.947737e-02;1.731691e-01;6.267928e-02
2.376308e-02;7.103053e-02;1.224339e-01;3.557924e-02;4.557416e-02;1.980868e-01;7.095536e-02;7.021584e-02;8.752800e-02;4.745286e-02;1.722941e-01;5.508617e-02
1.350666e-02;3.744243e-02;8.829298e-02;4.794461e-02;5.954985e-02;3.076694e-01;8.472186e-02;4.492226e-02;6.601201e-02;4.714777e-02;1.257127e-01;7.707755e-02
1.305063e-02;2.140547e-02;9.484775e-02;3.243145e-02;6.813794e-02;3.430825e-01;9.558602e-02;4.521783e-02;6.977986e-02;4.895079e-02;7.720723e-02;9.030258e-02
2.613868e-02;2.926650e-02;1.300124e-01;2.919175e-02;7.044318e-02;2.476492e-01;9.763966e-02;4.653796e-02;8.738769e-02;6.039048e-02;9.308281e-02;8.225970e-02
3.978932e-02;3.696283e-02;1.585344e-01;4.516283e-02;4.723946e-02;1.201409e-01;1.182989e-01;4.944186e-02;1.411779e-01;6.658654e-02;1.116469e-01;6.501817e-02
2.503668e-02;4.557712e-02;1.469281e-01;8.216631e-02;4.700263e-02;1.782721e-01;1.012184e-01;4.287345e-02;1.456039e-01;3.496441e-02;1.148006e-01;3.555638e-02
2.100971e-02;4.674523e-02;1.272117e-01;8.784973e-02;7.956661e-02;1.535421e-01;9.328751e-02;4.440348e-02;1.325036e-01;2.246182e-02;1.351508e-01;5.626759e-02
4.777027e-02;4.690873e-02;9.896602e-02;7.803362e-02;8.917451e-02;8.540237e-02;1.019054e-01;4.990699e-02;1.465712e-01;5.976064e-02;1.161983e-01;7.940190e-02
5.969973e-02;6.091585e-02;9.056903e-02;8.709954e-02;4.835087e-02;1.643008e-01;1.225281e-01;4.449409e-02;1.279487e-01;8.168183e-02;4.050377e-02;7.190774e-02
5.333354e-02;7.692377e-02;1.109454e-01;1.002932e-01;4.666726e-02;2.069357e-01;1.168607e-01;3.954005e-02;8.817066e-02;4.212873e-02;4.034398e-02;7.785700e-02
5.235441e-02;9.348315e-02;1.230278e-01;1.104279e-01;5.019253e-02;1.894674e-01;6.360728e-02;5.204866e-02;7.233511e-02;4.843114e-02;5.020380e-02;9.442091e-02
3.935038e-02;1.260062e-01;1.446880e-01;9.757885e-02;3.285344e-02;9.140933e-02;6.350563e-02;7.351574e-02;7.525788e-02;4.841829e-02;1.458178e-01;6.159848e-02
5.897865e-02;1.183898e-01;1.356952e-01;8.234400e-02;5.561554e-02;1.253384e-01;6.774216e-02;5.015676e-02;7.132062e-02;3.584177e-02;1.481197e-01;5.045737e-02
6.584033e-02;1.028781e-01;1.309698e-01;1.002718e-01;6.747599e-02;1.236367e-01;5.569156e-02;4.995171e-02;6.341093e-02;4.962684e-02;1.152551e-01;7.499107e-02
4.313017e-02;8.080523e-02;1.179812e-01;8.858296e-02;9.108134e-02;1.260039e-01;7.158230e-02;9.219891e-02;7.917146e-02;7.304160e-02;7.312217e-02;6.329867e-02
2.948695e-02;1.133015e-01;8.784858e-02;3.409391e-02;8.431047e-02;9.800461e-02;1.016239e-01;1.155708e-01;1.116304e-01;6.993468e-02;1.272685e-01;2.692568e-02
3.127104e-02;1.088963e-01;1.156134e-01;1.987201e-02;4.819048e-02;1.181644e-01;1.484759e-01;9.107059e-02;1.328288e-01;4.237550e-02;7.851149e-02;6.473019e-02
2.569517e-02;7.756020e-02;1.193258e-01;2.979829e-02;2.524525e-02;1.274752e-01;1.943042e-01;6.047245e-02;1.013203e-01;4.441056e-02;1.040948e-01;9.029786e-02
1.510608e-02;5.015393e-02;1.092530e-01;2.091971e-02;3.866544e-02;2.134785e-01;1.887847e-01;2.922392e-02;8.580349e-02;4.205625e-02;1.405568e-01;6.599813e-02
1.808221e-02;2.902834e-02;8.103453e-02;2.647946e-02;5.817633e-02;3.316872e-01;1.507123e-01;2.541779e-02;8.293507e-02;4.231855e-02;1.166701e-01;3.745805e-02
2.311995e-02;2.433705e-02;4.967589e-02;4.188948e-02;1.152095e-01;3.522065e-01;8.103006e-02;4.734309e-02;9.808081e-02;5.392051e-02;8.987672e-02;2.331034e-02
2.282472e-02;3.916386e-02;3.466017e-02;5.720198e-02;2.158425e-01;2.697738e-01;2.844941e-02;6.142507e-02;1.121191e-01;7.526226e-02;6.025330e-02;2.302380e-02
1.300983e-02;4.415889e-02;4.575468e-02;6.135723e-02;2.818795e-01;2.036775e-01;3.962063e-02;6.039246e-02;1.136258e-01;9.319539e-02;1.482001e-02;2.850792e-02
6.888874e-03;4.222836e-02;4.372535e-02;8.921086e-02;3.016247e-01;1.394880e-01;4.913614e-02;4.829692e-02;1.136641e-01;1.044097e-01;3.820379e-02;2.312316e-02
9.140939e-03;4.052611e-02;4.181610e-02;1.474914e-01;2.985044e-01;9.192725e-02;5.330762e-02;5.193232e-02;1.143783e-01;9.413864e-02;3.833151e-02;1.850544e-02
1.526510e-02;2.487569e-02;2.549466e-02;1.976555e-01;2.518626e-01;1.495924e-01;4.088300e-02;5.136562e-02;1.251158e-01;7.215129e-02;2.869068e-02;1.704770e-02
2.489067e-02;2.210607e-02;6.029283e-02;2.099419e-01;1.934262e-01;1.113731e-01;6.187201e-02;5.774252e-02;1.492930e-01;6.093752e-02;3.524655e-02;1.287769e-02
3.300233e-02;3.430340e-02;6.137527e-02;1.654862e-01;1.738512e-01;7.781226e-02;6.961611e-02;7.591170e-02;1.755937e-01;7.092483e-02;5.203336e-02;1.008955e-02
3.935412e-02;2.828313e-02;3.427280e-02;1.082337e-01;1.460865e-01;5.954452e-02;7.910722e-02;1.260969e-01;2.033095e-01;9.006381e-02;6.594007e-02;1.970778e-02
4.840153e-02;2.487701e-02;2.129844e-02;4.931001e-02;1.046142e-01;1.128199e-01;9.415083e-02;1.481875e-01;2.085535e-01;9.143346e-02;6.693314e-02;2.942046e-02
4.002184e-02;2.424706e-02;2.840106e-02;2.165242e-02;7.723996e-02;2.248222e-01;5.895446e-02;1.190817e-01;1.686153e-01;1.375438e-01;7.225487e-02;2.716535e-02
3.652409e-02;4.580373e-02;4.261683e-02;2.552352e-02;6.454606e-02;2.401401e-01;6.834631e-02;6.572689e-02;1.367895e-01;1.893842e-01;6.455287e-02;2.004587e-02
3.381024e-02;7.636709e-02;4.491220e-02;3.917561e-02;7.754646e-02;1.441440e-01;7.115568e-02;7.646216e-02;1.559771e-01;2.131934e-01;4.104920e-02;2.620684e-02
4.037785e-02;9.216470e-02;2.742791e-02;4.466609e-02;7.299910e-02;9.624094e-02;6.722365e-02;9.549402e-02;1.796427e-01;2.054302e-01;3.928634e-02;3.904648e-02
3.150307e-02;9.911530e-02;3.530733e-02;2.763546e-02;6.807131e-02;1.557599e-01;7.276006e-02;9.644950e-02;1.863241e-01;1.515036e-01;3.390855e-02;4.166178e-02
2.588695e-02;1.215845e-01;5.102239e-02;1.788970e-02;1.370053e-01;1.072089e-01;5.058907e-02;1.186311e-01;2.022395e-01;1.009228e-01;2.636251e-02;4.065734e-02
2.228669e-02;1.255409e-01;6.069148e-02;5.139594e-02;1.851210e-01;4.688606e-02;4.082961e-02;1.212549e-01;1.999196e-01;7.076787e-02;4.146415e-02;3.384184e-02
3.051859e-02;9.944733e-02;4.805963e-02;7.186967e-02;1.799611e-01;3.588665e-02;8.987951e-02;1.355540e-01;1.658900e-01;6.029096e-02;4.524491e-02;3.739763e-02
5.211435e-02;6.433751e-02;5.285262e-02;8.242612e-02;9.101148e-02;9.926434e-02;1.279433e-01;1.391174e-01;1.469291e-01;7.911248e-02;3.585481e-02;2.903639e-02
7.918311e-02;4.766487e-02;4.367813e-02;9.484127e-02;3.891310e-02;8.602520e-02;1.462501e-01;1.214614e-01;1.823745e-01;1.177855e-01;2.371659e-02;1.810628e-02
1.114041e-01;2.828228e-02;1.715357e-02;1.181895e-01;2.839198e-02;4.830351e-02;1.759321e-01;8.199783e-02;2.237317e-01;1.344635e-01;2.262369e-02;9.526124e-03
1.346930e-01;1.437357e-02;2.343632e-02;1.426077e-01;3.307890e-02;2.592708e-02;1.962097e-01;6.468324e-02;2.410836e-01;8.149126e-02;3.369874e-02;8.716901e-03
1.510076e-01;9.020507e-03;2.531704e-02;1.730400e-01;4.765286e-02;1.965952e-02;1.718533e-01;5.649038e-02;2.532169e-01;4.421021e-02;3.966049e-02;8.871255e-03
1.593453e-01;1.617571e-02;1.794788e-02;1.803992e-01;5.736738e-02;3.232064e-02;1.162169e-01;5.660458e-02;2.720224e-01;3.006917e-02;5.420075e-02;7.329987e-03
1.673928e-01;1.959016e-02;2.982275e-02;1.778735e-01;3.837490e-02;3.130561e-02;8.015421e-02;4.981111e-02;2.961100e-01;2.351593e-02;7.330950e-02;1.273964e-02
1.768197e-01;1.473366e-02;2.813397e-02;1.852394e-01;3.026046e-02;3.001061e-02;5.486831e-02;5.153877e-02;3.106853e-01;2.233657e-02;8.390880e-02;1.146448e-02
1.783935e-01;1.453056e-02;2.691606e-02;1.869348e-01;2.844951e-02;2.756342e-02;4.376101e-02;5.315232e-02;3.011263e-01;2.070380e-02;9.766331e-02;2.080539e-02
1.672577e-01;1.273232e-02;2.406096e-02;1.787951e-01;3.585775e-02;2.724052e-02;6.672762e-02;5.501079e-02;2.877263e-01;2.871482e-02;1.050404e-01;1.083567e-02
1.552739e-01;1.705556e-02;3.110534e-02;1.706200e-01;2.872673e-02;2.207029e-02;5.428430e-02;7.448128e-02;2.855166e-01;2.425547e-02;1.196323e-01;1.697832e-02
1.384486e-01;2.025749e-02;4.103442e-02;1.767217e-01;4.137202e-02;2.236291e-02;2.295116e-02;7.306369e-02;2.658017e-01;3.497533e-02;1.355294e-01;2.748158e-02
1.090753e-01;2.514284e-02;4.739453e-02;1.734147e-01;7.057154e-02;3.271094e-02;3.396340e-02;9.478338e-02;2.043564e-01;2.427865e-02;1.437018e-01;4.060659e-02
6.756601e-02;3.577620e-02;5.851002e-02;1.546709e-01;7.252362e-02;4.960480e-02;4.385551e-02;1.315980e-01;1.711165e-01;1.991792e-02;1.323790e-01;6.248156e-02
5.015653e-02;5.178424e-02;6.912658e-02;1.070699e-01;8.229785e-02;4.980848e-02;3.974772e-02;1.319211e-01;2.024256e-01;3.523092e-02;9.464328e-02;8.578778e-02
6.951971e-02;5.645759e-02;6.815875e-02;6.280606e-02;9.280656e-02;7.375813e-02;4.439764e-02;1.566292e-01;1.920159e-01;3.493298e-02;4.820659e-02;1.003108e-01
5.512100e-02;6.243854e-02;6.812643e-02;6.718910e-02;9.622522e-02;8.165017e-02;4.485484e-02;1.736366e-01;1.384132e-01;2.573971e-02;6.136374e-02;1.252415e-01
2.742011e-02;6.898703e-02;9.856533e-02;5.599072e-02;7.078442e-02;1.103851e-01;3.267570e-02;1.921713e-01;9.818134e-02;3.106328e-02;3.972466e-02;1.740511e-01
3.138803e-02;6.249285e-02;1.354794e-01;4.115197e-02;3.174859e-02;1.082796e-01;2.847871e-02;2.054736e-01;7.745750e-02;4.847843e-02;2.126549e-02;2.083057e-01
2.504795e-02;4.539379e-02;1.580185e-01;2.810333e-02;2.309399e-02;8.513274e-02;5.029205e-02;2.307780e-01;7.111137e-02;6.166772e-02;1.690573e-02;2.044548e-01
1.355724e-02;3.109090e-02;1.773237e-01;2.957912e-02;3.348292e-02;6.060646e-02;4.514583e-02;2.762779e-01;7.574275e-02;6.502674e-02;1.149426e-02;1.806721e-01
3.383603e-02;3.228718e-02;1.684131e-01;2.831466e-02;3.414863e-02;5.782393e-02;5.327701e-02;2.840643e-01;7.257989e-02;5.092882e-02;3.595599e-02;1.483705e-01
5.246053e-02;3.900415e-02;1.600831e-01;4.733363e-02;3.155186e-02;5.602179e-02;4.116444e-02;3.061478e-01;7.432857e-02;4.900073e-02;2.941287e-02;1.134905e-01
6.202606e-02;4.999775e-02;1.326044e-01;8.257226e-02;2.587286e-02;3.697636e-02;5.404857e-02;2.889020e-01;8.016381e-02;3.822627e-02;5.589833e-02;9.271131e-02
7.323947e-02;6.506643e-02;1.212964e-01;1.071253e-01;2.471399e-02;2.987403e-02;7.698233e-02;2.650539e-01;6.167880e-02;2.912184e-02;7.317497e-02;7.267262e-02
9.143450e-02;6.695357e-02;1.464861e-01;1.021977e-01;1.915277e-02;3.040674e-02;8.647818e-02;2.887430e-01;4.453130e-02;4.291588e-02;5.962162e-02;2.107871e-02
7.822248e-02;6.293981e-02;1.248744e-01;7.104967e-02;1.847564e-02;3.687957e-02;8.334141e-02;2.755017e-01;7.231984e-02;5.789541e-02;4.396131e-02;7.453883e-02
5.968636e-02;7.386453e-02;1.070700e-01;5.822380e-02;2.746413e-02;4.327526e-02;1.146031e-01;2.584118e-01;9.011971e-02;4.499012e-02;5.042826e-02;7.186293e-02
5.639753e-02;8.348406e-02;7.490405e-02;5.976461e-02;3.662695e-02;8.198772e-02;1.330101e-01;2.255964e-01;9.753795e-02;3.900835e-02;4.877548e-02;6.290674e-02
7.388233e-02;7.403940e-02;6.218221e-02;4.102375e-02;2.845343e-02;1.434918e-01;7.918270e-02;1.899088e-01;1.138838e-01;6.107290e-02;2.187674e-02;1.110021e-01
8.903827e-02;5.523536e-02;6.722887e-02;4.597780e-02;4.575485e-02;1.435362e-01;5.553938e-02;2.030907e-01;1.254294e-01;5.136510e-02;3.015383e-02;8.765021e-02
9.083359e-02;2.982055e-02;6.033215e-02;6.651344e-02;5.905560e-02;1.121188e-01;6.825978e-02;2.778192e-01;1.397631e-01;4.984908e-02;2.480875e-02;2.082582e-02
6.656820e-02;3.760429e-02;6.772929e-02;4.170606e-02;4.857895e-02;1.109282e-01;6.561562e-02;3.145646e-01;1.322059e-01;4.854086e-02;2.336002e-02;4.259806e-02
6.919005e-02;4.148264e-02;6.829214e-02;3.268733e-02;5.272702e-02;1.206299e-01;5.977324e-02;3.212341e-01;1.254188e-01;3.997315e-02;3.741521e-02;3.117645e-02
8.054856e-02;4.198572e-02;8.420028e-02;4.375836e-02;3.431115e-02;1.344406e-01;3.475096e-02;3.026099e-01;1.182299e-01;3.947167e-02;5.524237e-02;3.045061e-02
6.553728e-02;3.337708e-02;1.057267e-01;3.467589e-02;2.506738e-02;1.031775e-01;9.726235e-02;3.022796e-01;1.252808e-01;3.477409e-02;5.483628e-02;1.800497e-02
3.452827e-02;3.059818e-02;9.705693e-02;4.913957e-02;6.343030e-02;1.443699e-01;1.324773e-01;2.518112e-01;9.332190e-02;4.013044e-02;4.350970e-02;1.962637e-02
2.727173e-02;5.342195e-02;1.173225e-01;3.968656e-02;6.537225e-02;1.154488e-01;1.267066e-01;2.876719e-01;5.978882e-02;4.710199e-02;3.600103e-02;2.420604e-02
3.556772e-02;5.766585e-02;1.348533e-01;2.202203e-02;3.297200e-02;8.328087e-02;5.880709e-02;3.846271e-01;9.533512e-02;4.500850e-02;1.663483e-02;3.322556e-02
4.755987e-02;5.069074e-02;1.135232e-01;3.890735e-02;3.445255e-02;7.952841e-02;5.131116e-02;3.486617e-01;1.252129e-01;4.195785e-02;1.869543e-02;4.949886e-02
5.860241e-02;4.487809e-02;8.091054e-02;9.151285e-02;6.083565e-02;8.171448e-02;3.174854e-02;2.450858e-01;1.985206e-01;4.307455e-02;1.910103e-02;4.401552e-02
6.522106e-02;5.778744e-02;8.941966e-02;1.077505e-01;5.086773e-02;5.984214e-02;4.586828e-02;1.630654e-01;2.590248e-01;3.894067e-02;3.113280e-02;3.107949e-02
4.069434e-02;6.310333e-02;6.906679e-02;7.824665e-02;3.403468e-02;6.231831e-02;7.379694e-02;1.882078e-01;2.522157e-01;4.697407e-02;3.399698e-02;5.734440e-02
2.435185e-02;5.298377e-02;3.756684e-02;5.359204e-02;4.572734e-02;6.690077e-02;5.745181e-02;2.512741e-01;2.537178e-01;7.938331e-02;4.473796e-02;3.231239e-02
2.786782e-02;5.221681e-02;8.397681e-02;5.958696e-02;5.178610e-02;7.397342e-02;5.807612e-02;2.553815e-01;2.186826e-01;6.838797e-02;4.139204e-02;8.671753e-03
2.559143e-02;8.309874e-02;8.198800e-02;6.091471e-02;6.040702e-02;1.006456e-01;3.600973e-02;2.418204e-01;1.837627e-01;4.538380e-02;3.992697e-02;4.045077e-02
8.505701e-02;1.154942e-01;6.944516e-02;3.765494e-02;4.191465e-02;6.237175e-02;4.844989e-02;2.189797e-01;1.545616e-01;3.727501e-02;3.515060e-02;9.364548e-02
1.072262e-01;1.176022e-01;7.250660e-02;3.815115e-02;3.775049e-02;9.909246e-02;7.655995e-02;1.677159e-01;1.265912e-01;3.358928e-02;5.805859e-02;6.515615e-02
6.558799e-02;7.121813e-02;8.033236e-02;4.860086e-02;5.582670e-02;1.137207e-01;6.583694e-02;1.897421e-01;1.328287e-01;3.858348e-02;7.267397e-02;6.504808e-02
4.725802e-02;5.375588e-02;1.006111e-01;5.531720e-02;4.290410e-02;8.976250e-02;5.055317e-02;2.516128e-01;1.529014e-01;4.164807e-02;3.971374e-02;7.396189e-02
5.915825e-02;6.451200e-02;8.909982e-02;4.889043e-02;1.798872e-02;8.178697e-02;1.056357e-01;2.479116e-01;1.538086e-01;5.149890e-02;2.119559e-02;5.851346e-02
6.293543e-02;6.168214e-02;8.426474e-02;7.372148e-02;3.453659e-02;1.611479e-01;1.014760e-01;1.625141e-01;1.358090e-01;4.417947e-02;2.924058e-02;4.849254e-02
