1.443205e-01;1.844348e-01;4.793529e-02;8.289588e-02;9.048989e-02;7.660685e-02;6.562169e-02;6.986095e-02;4.638788e-02;1.155188e-01;3.995753e-02;3.597002e-02
1.111608e-01;2.536482e-01;5.214791e-02;5.682360e-02;9.004452e-02;4.606334e-02;5.694157e-02;9.140721e-02;8.171358e-02;7.832094e-02;5.571213e-02;2.601627e-02
9.301929e-02;2.118079e-01;1.036036e-01;9.846556e-02;5.596437e-02;3.723711e-02;5.077994e-02;7.042871e-02;9.714553e-02;5.419904e-02;9.376433e-02;3.358467e-02
9.567847e-02;1.234663e-01;8.170942e-02;1.213246e-01;7.671443e-02;4.460181e-02;6.608601e-02;4.941612e-02;7.962631e-02;8.375704e-02;1.142140e-01;6.340545e-02
1.606588e-01;1.018376e-01;4.236711e-02;5.007431e-02;9.337661e-02;4.571246e-02;6.893186e-02;6.287180e-02;9.203805e-02;1.179374e-01;9.341705e-02;7.077701e-02
1.807694e-01;1.236628e-01;5.754322e-02;6.511167e-02;5.362626e-02;5.569853e-02;7.247721e-02;5.703484e-02;8.694621e-02;1.426596e-01;3.965789e-02;6.481237e-02
1.633155e-01;1.076171e-01;7.564839e-02;9.621152e-02;4.945771e-02;4.526483e-02;6.743255e-02;7.790223e-02;6.589264e-02;1.380901e-01;5.999697e-02;5.317054e-02
1.595094e-01;1.207697e-01;8.213350e-02;1.028902e-01;6.118433e-02;5.293972e-02;4.581237e-02;8.096514e-02;5.211532e-02;1.088754e-01;9.339271e-02;3.941222e-02
1.548958e-01;1.086982e-01;1.009864e-01;9.655869e-02;1.000597e-01;6.151744e-02;5.899463e-02;8.125749e-02;5.013699e-02;8.214039e-02;7.206366e-02;3.269062e-02
1.411296e-01;6.924254e-02;1.280684e-01;6.708472e-02;1.098731e-01;3.879736e-02;7.782533e-02;7.513514e-02;8.167207e-02;9.297279e-02;4.954380e-02;6.865518e-02
1.165898e-01;9.941212e-02;7.391393e-02;8.780497e-02;9.525727e-02;4.751820e-02;1.011780e-01;6.603502e-02;6.889684e-02;1.003827e-01;4.977101e-02;9.324010e-02
7.809031e-02;1.233971e-01;9.022512e-02;2.129088e-01;7.872478e-02;5.559162e-02;1.030249e-01;4.042109e-02;4.872115e-02;5.872495e-02;3.962255e-02;7.054769e-02
1.157378e-01;8.199546e-02;1.140717e-01;2.404148e-01;5.915975e-02;8.445302e-02;8.672836e-02;4.841192e-02;3.532664e-02;3.858777e-02;2.978690e-02;6.532579e-02
1.221122e-01;5.796975e-02;1.101188e-01;1.621096e-01;6.179571e-02;1.129544e-01;6.247838e-02;7.313856e-02;3.153467e-02;5.180879e-02;3.063074e-02;1.233485e-01
8.787128e-02;7.300717e-02;7.158183e-02;1.842739e-01;5.617948e-02;8.731316e-02;6.737515e-02;5.975061e-02;4.134509e-02;5.262619e-02;5.071472e-02;1.679615e-01
7.222316e-02;8.307326e-02;5.576888e-02;2.322657e-01;7.663953e-02;8.188132e-02;8.298653e-02;8.218443e-02;3.021854e-02;4.312677e-02;5.716148e-02;1.024705e-01
1.018593e-01;8.794643e-02;8.571743e-02;1.176857e-01;7.256954e-02;6.322739e-02;1.110319e-01;1.165965e-01;6.089596e-02;5.249744e-02;5.906968e-02;7.090279e-02
1.215936e-01;4.967661e-02;3.546828e-02;1.218400e-01;1.231323e-01;7.633150e-02;9.716807e-02;1.386296e-01;5.352542e-02;3.540126e-02;4.475453e-02;1.024789e-01
1.608199e-01;4.124777e-02;2.055312e-02;1.388967e-01;1.462840e-01;6.942710e-02;8.169472e-02;1.516212e-01;4.610743e-02;2.737865e-02;4.229448e-02;7.367482e-02
2.214802e-01;5.998670e-02;2.862812e-02;1.067212e-01;1.657855e-01;4.239699e-02;5.527360e-02;1.662611e-01;4.806389e-02;1.608338e-02;4.007290e-02;4.924644e-02
2.609119e-01;1.074509e-01;2.633631e-02;5.466978e-02;1.525264e-01;4.173094e-02;5.444917e-02;1.580809e-01;7.022557e-02;1.168348e-02;3.734955e-02;2.458511e-02
2.646290e-01;1.236048e-01;2.880355e-02;3.821212e-02;1.066869e-01;5.067495e-02;8.108667e-02;1.322832e-01;7.828994e-02;1.691413e-02;4.879923e-02;3.001557e-02
2.135943e-01;9.200402e-02;3.418596e-02;8.079973e-02;7.742643e-02;4.619280e-02;1.052794e-01;1.275418e-01;5.810593e-02;3.469712e-02;8.914096e-02;4.103158e-02
1.046583e-01;8.532639e-02;4.937779e-02;4.917189e-02;1.743022e-01;6.280214e-02;9.094598e-02;9.380528e-02;6.914944e-02;4.315895e-02;1.335407e-01;4.376101e-02
1.872144e-01;7.599066e-02;4.096506e-02;7.482444e-02;1.881625e-01;6.912328e-02;6.966128e-02;6.484625e-02;5.898095e-02;5.151292e-02;8.101921e-02;3.769909e-02
2.242330e-01;6.664518e-02;3.256800e-02;7.347414e-02;1.679971e-01;4.156663e-02;8.061446e-02;5.746361e-02;4.745770e-02;5.996970e-02;8.819696e-02;5.981351e-02
1.976908e-01;1.079856e-01;4.542917e-02;3.943161e-02;1.185308e-01;4.965787e-02;8.092504e-02;6.520870e-02;5.659687e-02;5.787399e-02;1.120719e-01;6.859758e-02
8.088984e-02;1.746912e-01;6.466272e-02;5.294817e-02;4.427610e-02;7.319441e-02;1.092585e-01;6.605095e-02;7.034516e-02;6.516527e-02;8.963265e-02;1.088851e-01
1.082085e-01;1.352659e-01;8.180942e-02;8.247606e-02;3.111251e-02;5.879750e-02;1.084869e-01;5.174956e-02;6.946003e-02;6.245197e-02;6.708267e-02;1.430990e-01
1.562592e-01;9.742483e-02;5.135242e-02;3.803590e-02;8.372642e-02;1.148675e-01;1.174908e-01;4.370475e-02;4.191020e-02;4.926565e-02;7.271015e-02;1.332521e-01
1.689448e-01;7.914983e-02;4.090825e-02;9.633139e-02;8.048505e-02;1.709734e-01;1.206970e-01;3.932522e-02;2.454026e-02;4.461488e-02;3.597380e-02;9.805615e-02
2.087640e-01;6.166440e-02;2.911514e-02;1.452868e-01;4.655734e-02;1.792450e-01;1.330689e-01;3.000535e-02;1.409215e-02;7.198678e-02;2.323449e-02;5.697969e-02
1.747852e-01;8.902751e-02;1.676748e-02;1.481244e-01;3.503770e-02;1.300213e-01;2.062582e-01;3.924027e-02;1.009964e-02;7.477727e-02;4.695129e-02;2.890980e-02
7.774321e-02;1.433543e-01;1.644849e-02;5.936890e-02;6.062374e-02;1.003801e-01;3.249948e-01;6.218984e-02;2.066058e-02;4.131184e-02;7.459440e-02;1.832984e-02
7.384011e-02;1.222711e-01;1.966833e-02;4.732738e-02;5.514882e-02;1.312855e-01;3.300255e-01;6.970336e-02;2.079046e-02;2.942411e-02;8.259176e-02;1.792365e-02
1.305035e-01;5.338740e-02;3.068083e-02;6.620985e-02;4.775613e-02;1.476438e-01;2.863909e-01;8.833224e-02;1.299771e-02;5.042499e-02;6.529929e-02;2.037334e-02
1.276818e-01;9.218754e-02;3.572744e-02;5.715368e-02;6.052080e-02;1.045547e-01;2.671110e-01;1.205475e-01;1.199836e-02;6.191682e-02;4.384894e-02;1.675140e-02
1.203870e-01;1.221222e-01;2.970826e-02;3.758954e-02;5.220028e-02;7.680321e-02;2.672730e-01;1.113819e-01;3.609340e-02;7.373907e-02;6.186531e-02;1.083681e-02
9.944157e-02;1.026421e-01;3.015705e-02;2.279236e-02;4.322522e-02;1.229748e-01;2.664118e-01;4.576610e-02;5.756005e-02;1.007804e-01;9.133599e-02;1.691256e-02
5.942878e-02;6.374539e-02;4.583589e-02;3.157025e-02;5.586952e-02;1.269686e-01;2.594783e-01;1.203756e-01;5.738534e-02;1.016088e-01;6.118504e-02;1.654846e-02
3.905070e-02;7.903027e-02;5.911190e-02;3.238860e-02;5.509196e-02;1.158207e-01;1.905758e-01;2.063866e-01;9.539370e-02;6.777146e-02;4.761934e-02;1.175896e-02
3.493512e-02;6.501366e-02;5.147904e-02;2.650815e-02;3.914350e-02;1.426078e-01;1.860403e-01;2.483760e-01;7.937977e-02;6.875263e-02;4.387784e-02;1.388624e-02
3.947749e-02;6.655870e-02;3.829246e-02;2.657019e-02;4.403171e-02;2.063976e-01;1.819208e-01;1.938870e-01;8.363792e-02;6.703645e-02;3.051941e-02;2.167022e-02
7.916732e-02;8.419994e-02;5.748434e-02;4.012213e-02;4.630683e-02;1.923574e-01;1.904590e-01;1.150124e-01;8.423258e-02;4.112158e-02;4.467904e-02;2.485742e-02
1.223067e-01;1.646973e-01;6.666757e-02;4.758250e-02;3.827171e-02;1.813991e-01;1.548122e-01;8.746447e-02;4.700191e-02;2.778421e-02;3.504501e-02;2.696737e-02
1.004237e-01;1.523837e-01;6.952220e-02;3.449178e-02;3.914957e-02;1.369432e-01;2.303269e-01;1.393630e-01;1.790296e-02;1.593227e-02;3.226767e-02;3.129302e-02
5.512888e-02;6.982684e-02;4.520751e-02;3.276851e-02;3.643673e-02;1.194952e-01;3.825215e-01;1.998131e-01;7.414281e-03;1.404842e-02;1.698027e-02;2.035871e-02
4.277532e-02;5.325892e-02;1.673857e-02;2.553860e-02;2.269846e-02;1.140288e-01;4.509286e-01;2.322572e-01;5.835194e-03;1.355561e-02;1.390620e-02;8.478433e-03
3.201219e-02;7.712699e-02;7.595638e-03;1.370020e-02;1.602462e-02;1.150191e-01;4.919210e-01;2.101300e-01;9.710957e-03;1.026545e-02;1.124631e-02;5.247592e-03
2.193940e-02;1.114088e-01;9.590928e-03;1.368043e-02;1.616556e-02;1.074639e-01;5.106722e-01;1.658254e-01;1.449388e-02;7.820431e-03;1.796436e-02;2.974829e-03
1.354955e-02;1.241666e-01;8.149017e-03;1.120011e-02;3.191291e-02;6.556770e-02;5.061283e-01;1.791964e-01;1.473837e-02;6.817146e-03;3.632949e-02;2.244450e-03
6.494591e-03;1.012702e-01;1.308233e-02;8.225434e-03;6.064796e-02;3.167882e-02;4.643939e-01;2.508223e-01;1.022280e-02;6.279985e-03;4.212649e-02;4.755121e-03
3.822172e-03;6.562594e-02;1.611641e-02;5.904425e-03;7.366887e-02;2.264217e-02;4.340650e-01;3.075041e-01;8.216308e-03;6.238350e-03;5.146646e-02;4.729774e-03
4.102810e-03;6.361279e-02;7.568734e-03;4.586297e-03;6.508640e-02;2.375356e-02;4.376117e-01;3.105615e-01;1.240362e-02;5.334835e-03;5.820456e-02;7.173180e-03
1.015196e-02;4.772413e-02;4.410220e-02;5.425957e-03;4.592866e-02;2.998127e-02;3.751988e-01;3.236419e-01;1.668345e-02;1.860632e-02;6.599616e-02;1.655914e-02
2.840842e-02;3.955381e-02;6.311965e-02;1.273539e-02;2.890733e-02;4.278439e-02;2.523047e-01;2.863319e-01;5.041343e-02;5.259149e-02;1.232703e-01;1.957920e-02
3.197674e-02;7.479009e-02;2.396226e-02;9.748556e-03;1.285335e-02;3.954334e-02;2.204410e-01;2.857476e-01;5.670007e-02;6.455981e-02;1.629885e-01;1.668866e-02
1.596734e-02;1.006278e-01;1.760824e-02;4.237160e-03;1.359343e-02;1.985284e-02;2.717930e-01;2.976573e-01;3.083071e-02;3.000937e-02;1.847127e-01;1.311014e-02
7.494389e-03;1.030310e-01;3.450395e-02;5.056376e-03;2.438591e-02;1.600274e-02;2.881725e-01;2.717134e-01;1.603241e-02;1.390028e-02;2.081768e-01;1.153026e-02
7.817473e-03;1.078428e-01;4.017816e-02;4.846251e-03;2.478968e-02;2.658661e-02;3.136970e-01;2.439822e-01;1.076431e-02;1.280075e-02;1.937916e-01;1.290312e-02
1.845733e-02;1.328187e-01;2.974918e-02;9.603050e-03;2.271138e-02;6.226666e-02;3.264948e-01;2.131556e-01;1.736559e-02;2.557711e-02;1.307609e-01;1.103970e-02
4.516282e-02;1.403195e-01;5.114322e-02;2.504628e-02;3.337570e-02;9.226368e-02;2.285206e-01;2.031657e-01;2.237109e-02;4.115909e-02;9.995710e-02;1.751525e-02
5.580138e-02;1.211670e-01;5.919539e-02;3.384439e-02;2.645874e-02;6.467967e-02;2.111617e-01;1.970099e-01;1.423127e-02;3.397456e-02;1.555093e-01;2.696662e-02
4.063478e-02;1.203429e-01;3.504637e-02;3.746055e-02;9.622788e-03;5.395957e-02;2.984933e-01;1.952614e-01;1.176973e-02;2.827689e-02;1.472360e-01;2.189567e-02
4.147107e-02;1.393197e-01;3.784848e-02;4.543259e-02;2.929225e-02;8.994713e-02;2.220805e-01;1.746800e-01;1.605703e-02;3.544245e-02;1.516474e-01;1.678141e-02
4.110238e-02;1.595903e-01;3.618838e-02;4.145310e-02;4.379643e-02;8.360475e-02;1.767950e-01;1.359985e-01;2.683708e-02;4.195573e-02;1.910525e-01;2.162590e-02
5.650028e-02;1.710550e-01;4.031529e-02;5.387170e-02;3.217510e-02;6.373776e-02;2.266470e-01;1.130839e-01;4.500700e-02;3.026290e-02;1.426220e-01;2.472208e-02
7.806220e-02;1.893874e-01;4.142189e-02;8.030039e-02;3.241034e-02;7.392803e-02;1.584296e-01;1.114295e-01;4.730466e-02;3.026457e-02;1.056042e-01;5.145724e-02
8.956566e-02;1.363917e-01;5.210920e-02;7.574586e-02;6.211238e-02;7.192396e-02;1.191444e-01;1.266963e-01;5.100086e-02;3.335733e-02;1.196291e-01;6.232332e-02
5.930161e-02;8.910328e-02;9.978123e-02;4.704043e-02;4.748685e-02;5.693690e-02;1.758625e-01;2.387375e-01;4.065628e-02;2.344410e-02;8.642890e-02;3.522031e-02
1.542125e-02;6.002061e-02;1.640382e-01;3.011386e-02;2.248288e-02;3.172931e-02;2.187442e-01;3.359044e-01;3.495492e-02;1.152143e-02;4.872884e-02;2.634006e-02
9.748539e-03;3.825957e-02;1.889780e-01;2.738472e-02;2.025230e-02;2.382303e-02;2.082150e-01;3.482059e-01;4.164699e-02;1.079127e-02;4.752169e-02;3.517305e-02
2.079635e-02;9.370749e-02;1.377784e-01;1.284299e-02;3.580341e-02;2.654927e-02;2.169658e-01;2.592645e-01;4.041334e-02;2.070007e-02;9.364240e-02;4.153593e-02
2.900694e-02;1.694086e-01;5.201288e-02;1.928514e-02;4.794915e-02;2.616394e-02;2.701263e-01;1.355309e-01;3.238687e-02;2.010130e-02;1.440811e-01;5.394685e-02
1.651291e-02;1.758938e-01;7.612056e-02;1.115620e-02;5.399319e-02;1.739245e-02;2.819991e-01;1.244490e-01;1.837320e-02;1.362927e-02;1.448415e-01;6.563882e-02
1.168053e-02;8.726198e-02;1.852133e-01;1.688092e-02;4.230866e-02;1.139854e-02;1.972609e-01;2.475626e-01;1.581033e-02;2.116894e-02;8.517376e-02;7.827954e-02
9.605044e-03;3.661223e-02;2.427052e-01;1.465453e-02;3.435104e-02;1.595597e-02;1.843962e-01;3.094726e-01;1.091714e-02;3.974777e-02;4.638691e-02;5.519542e-02
1.343445e-02;1.102218e-01;1.780991e-01;1.811094e-02;5.906190e-02;3.268079e-02;2.389410e-01;2.383779e-01;1.343546e-02;4.158796e-02;3.595822e-02;2.009051e-02
2.603503e-02;1.685439e-01;9.929778e-02;3.296347e-02;6.498976e-02;3.725553e-02;2.616430e-01;1.971203e-01;1.899698e-02;2.916896e-02;5.011164e-02;1.387369e-02
3.478840e-02;1.652445e-01;5.994482e-02;3.475042e-02;4.584836e-02;4.141986e-02;2.437188e-01;2.408912e-01;1.842069e-02;2.656766e-02;5.543355e-02;3.297159e-02
4.593961e-02;1.476269e-01;5.811187e-02;2.648096e-02;2.689461e-02;5.924977e-02;2.206918e-01;2.814336e-01;2.188360e-02;2.570392e-02;5.087227e-02;3.511105e-02
8.036161e-02;2.040475e-01;5.841541e-02;2.437858e-02;2.790474e-02;6.680403e-02;2.044277e-01;2.094288e-01;2.544225e-02;3.346618e-02;4.420359e-02;2.111954e-02
1.115852e-01;2.205363e-01;4.893583e-02;2.310527e-02;3.385893e-02;4.679908e-02;2.298575e-01;1.441082e-01;3.286365e-02;3.549369e-02;5.522031e-02;1.763606e-02
1.219229e-01;1.117538e-01;5.124810e-02;3.613446e-02;4.376767e-02;5.122317e-02;2.183162e-01;1.702285e-01;5.024151e-02;3.444485e-02;7.703353e-02;3.368537e-02
1.032166e-01;1.017924e-01;4.654495e-02;4.934529e-02;3.999474e-02;4.934438e-02;2.334911e-01;1.467973e-01;5.249541e-02;4.273466e-02;1.061312e-01;2.811190e-02
6.381915e-02;8.262032e-02;5.740339e-02;4.749761e-02;3.344451e-02;4.335742e-02;2.392293e-01;1.585167e-01;6.295768e-02;6.730907e-02;9.901314e-02;4.483168e-02
6.913652e-02;5.776131e-02;4.636875e-02;4.691865e-02;2.644635e-02;5.422645e-02;2.036549e-01;2.152688e-01;8.760990e-02;8.475681e-02;6.839864e-02;3.945294e-02
7.984734e-02;6.819803e-02;4.365487e-02;6.268889e-02;4.392131e-02;5.931708e-02;1.596353e-01;2.135247e-01;1.187869e-01;8.709943e-02;3.602293e-02;2.730316e-02
1.002912e-01;5.325593e-02;4.818791e-02;5.502988e-02;5.455345e-02;6.096041e-02;2.146804e-01;1.621265e-01;1.214954e-01;6.841910e-02;4.253141e-02;1.846842e-02
1.048877e-01;5.768832e-02;4.404506e-02;8.275425e-02;5.353822e-02;8.910009e-02;1.998980e-01;9.755709e-02;1.119400e-01;6.770368e-02;6.437697e-02;2.651062e-02
1.856772e-01;8.729127e-02;3.001513e-02;6.754184e-02;6.084653e-02;6.578165e-02;1.671106e-01;9.705925e-02;6.315175e-02;6.418574e-02;9.007232e-02;2.126670e-02
2.738042e-01;1.301293e-01;3.187286e-02;2.996171e-02;4.609484e-02;4.444405e-02;1.227243e-01;1.033918e-01;3.579583e-02;6.105024e-02;1.085271e-01;1.220368e-02
3.225434e-01;2.076761e-01;2.377967e-02;9.213996e-03;2.163472e-02;4.958789e-02;6.971573e-02;7.400477e-02;3.928205e-02;5.572575e-02;1.041207e-01;2.271529e-02
3.015224e-01;3.144780e-01;2.851992e-02;8.084827e-03;2.727814e-02;5.402268e-02;5.290578e-02;4.362030e-02;3.984744e-02;4.821645e-02;6.171645e-02;1.978753e-02
1.969100e-01;4.013889e-01;5.685782e-02;1.359562e-02;3.036532e-02;6.953389e-02;6.800485e-02;3.352972e-02;3.621497e-02;4.493782e-02;3.855452e-02;1.010658e-02
1.304317e-01;4.387600e-01;9.855147e-02;2.327120e-02;2.520497e-02;5.509424e-02;7.190607e-02;2.426325e-02;2.657783e-02;5.942625e-02;3.794247e-02;8.570613e-03
9.677159e-02;4.409298e-01;1.229153e-01;2.861151e-02;1.969620e-02;3.738443e-02;9.824590e-02;2.234413e-02;2.112649e-02;5.783435e-02;4.659034e-02;7.549942e-03
1.203352e-01;4.371450e-01;1.222930e-01;3.561966e-02;2.177455e-02;2.595551e-02;8.853826e-02;2.657837e-02;2.475620e-02;3.217698e-02;5.667153e-02;8.155758e-03
1.258536e-01;4.544179e-01;1.299580e-01;4.552378e-02;2.077962e-02;2.147998e-02;3.359913e-02;3.405580e-02;4.465601e-02;1.820992e-02;6.405450e-02;7.411843e-03
7.985558e-02;3.726237e-01;1.246700e-01;6.774838e-02;2.837805e-02;6.331581e-02;6.932265e-02;5.676211e-02;3.923602e-02;1.628971e-02;6.496192e-02;1.683602e-02
6.863759e-02;2.207409e-01;9.031458e-02;7.236052e-02;4.774666e-02;1.168762e-01;1.676819e-01;1.056131e-01;1.737293e-02;1.765845e-02;4.767755e-02;2.731956e-02
4.809180e-02;1.090176e-01;4.661516e-02;5.039323e-02;4.053763e-02;1.355145e-01;3.252632e-01;1.593131e-01;1.530683e-02;1.817322e-02;3.057459e-02;2.119910e-02
2.858014e-02;5.751364e-02;2.090522e-02;2.098671e-02;1.864089e-02;1.212651e-01;4.536078e-01;2.125875e-01;1.649767e-02;1.757345e-02;2.069827e-02;1.114359e-02
1.720621e-02;5.025699e-02;2.362366e-02;1.277267e-02;1.520420e-02;8.930165e-02;5.162269e-01;2.131828e-01;1.987391e-02;1.366786e-02;2.204795e-02;6.635163e-03
1.346907e-02;4.145836e-02;5.185601e-02;2.295184e-02;2.123032e-02;5.315044e-02;4.406331e-01;2.991054e-01;1.886024e-02;8.330497e-03;2.516264e-02;3.792115e-03
6.030441e-03;2.109251e-02;7.570221e-02;5.050383e-02;3.088699e-02;3.421379e-02;3.699920e-01;3.780079e-01;1.218312e-02;4.070668e-03;1.448884e-02;2.827598e-03
6.865372e-03;1.344309e-02;6.130027e-02;5.171044e-02;3.602583e-02;4.200596e-02;3.577797e-01;4.034125e-01;8.591292e-03;4.658627e-03;1.061605e-02;3.590906e-03
1.556841e-02;2.823227e-02;3.495657e-02;2.453452e-02;3.029292e-02;6.393282e-02;3.597682e-01;4.042147e-01;1.358522e-02;1.280895e-02;8.230139e-03;3.875306e-03
4.882066e-02;8.434710e-02;3.803908e-02;4.979872e-02;2.794379e-02;7.065517e-02;1.985882e-01;3.926513e-01;2.369010e-02;2.651686e-02;3.202146e-02;6.927599e-03
6.770270e-02;1.162826e-01;3.382954e-02;4.659572e-02;3.755012e-02;6.072314e-02;2.400119e-01;3.295520e-01;1.814790e-02;2.294959e-02;2.125967e-02;5.395225e-03
3.972844e-02;7.197531e-02;3.140258e-02;2.138579e-02;3.865450e-02;6.281632e-02;3.895617e-01;3.097382e-01;8.969869e-03;9.573309e-03;1.224888e-02;3.945054e-03
4.720994e-02;8.388648e-02;3.988154e-02;2.013942e-02;3.368391e-02;4.583789e-02;3.678956e-01;3.121619e-01;9.567823e-03;1.427392e-02;2.128794e-02;4.173634e-03
5.567429e-02;7.865863e-02;5.340201e-02;4.254552e-02;5.770770e-02;6.409029e-02;3.211005e-01;2.652544e-01;9.051932e-03;2.579081e-02;1.670071e-02;1.002322e-02
6.040843e-02;6.965421e-02;5.767522e-02;7.181416e-02;6.062497e-02;6.654926e-02;2.187392e-01;2.263520e-01;1.689403e-02;4.759117e-02;8.643184e-02;1.726543e-02
3.934014e-02;5.440526e-02;3.434625e-02;3.868910e-02;3.667394e-02;6.457400e-02;2.552884e-01;3.248369e-01;2.139060e-02;3.125416e-02;8.367384e-02;1.552747e-02
3.050781e-02;4.363282e-02;2.737730e-02;1.808444e-02;1.714634e-02;5.980418e-02;3.096800e-01;3.551973e-01;1.796030e-02;2.196702e-02;8.082441e-02;1.781804e-02
3.877218e-02;5.972509e-02;3.341802e-02;1.566283e-02;1.788509e-02;7.323229e-02;3.098997e-01;3.285680e-01;1.595039e-02;1.860881e-02;6.395181e-02;2.432577e-02
6.083018e-02;1.506589e-01;5.603452e-02;2.665850e-02;3.117398e-02;8.296913e-02;2.110891e-01;2.625166e-01;1.740312e-02;1.926220e-02;5.568658e-02;2.571714e-02
1.025519e-01;3.428529e-01;8.711548e-02;2.632339e-02;1.880446e-02;5.076895e-02;9.709895e-02;1.810010e-01;1.069550e-02;2.090559e-02;4.448913e-02;1.739272e-02
1.439593e-01;3.969516e-01;6.643093e-02;1.464698e-02;7.530571e-03;2.408447e-02;1.443069e-01;1.473228e-01;1.191107e-02;1.125525e-02;1.904652e-02;1.255353e-02
1.794612e-01;4.518242e-01;4.426848e-02;1.195098e-02;1.471332e-02;1.833918e-02;1.192973e-01;1.143973e-01;1.426020e-02;7.523738e-03;1.217687e-02;1.178712e-02
1.747506e-01;4.432109e-01;3.565688e-02;1.098456e-02;1.624426e-02;2.556363e-02;1.417923e-01;9.009005e-02;1.581627e-02;8.790769e-03;2.818801e-02;8.911921e-03
1.040142e-01;2.361050e-01;8.285166e-02;6.779750e-02;4.860894e-02;3.919205e-02;1.532792e-01;1.270528e-01;2.474269e-02;2.206704e-02;7.946506e-02;1.482382e-02
6.646115e-02;8.922059e-02;9.055225e-02;9.606031e-02;5.692277e-02;4.455183e-02;1.357563e-01;2.438038e-01;5.835328e-02;2.983953e-02;7.388832e-02;1.458981e-02
3.774820e-02;7.519191e-02;8.802744e-02;8.354089e-02;4.711060e-02;3.400226e-02;1.518558e-01;3.011801e-01;7.169377e-02;3.888466e-02;5.762326e-02;1.314113e-02
1.777704e-02;8.820061e-02;9.465510e-02;5.842593e-02;3.109597e-02;2.535760e-02;1.985773e-01;3.247714e-01;6.290743e-02;4.006159e-02;4.705236e-02;1.111762e-02
1.277086e-02;1.520216e-01;7.687575e-02;1.854110e-02;3.149673e-02;2.452782e-02;2.689820e-01;2.951456e-01;3.273831e-02;2.614637e-02;5.099100e-02;9.762828e-03
8.877688e-03;2.546570e-01;2.516230e-02;1.872833e-02;3.156023e-02;1.776158e-02;3.544306e-01;2.045037e-01;1.051269e-02;7.321097e-03;6.086263e-02;5.622199e-03
6.126514e-03;3.442764e-01;2.859590e-02;2.074086e-02;2.011129e-02;1.351891e-02;3.657891e-01;1.057143e-01;1.889892e-02;3.264931e-03;6.589884e-02;7.064155e-03
9.495421e-03;4.363737e-01;1.649644e-02;6.005823e-03;1.585059e-02;1.745566e-02;3.252908e-01;5.864830e-02;1.979018e-02;2.502232e-03;8.170138e-02;1.038939e-02
9.231613e-03;4.734288e-01;1.538507e-02;1.194447e-02;1.917974e-02;1.572161e-02;2.627026e-01;6.709424e-02;1.325984e-02;4.748133e-03;9.856858e-02;8.735247e-03
1.553348e-02;4.862871e-01;3.724356e-02;1.076196e-02;1.557369e-02;1.353222e-02;2.266289e-01;8.190098e-02;9.970404e-03;5.305377e-03;9.225835e-02;5.003943e-03
6.738471e-03;4.313307e-01;4.509782e-02;7.257378e-03;1.677643e-02;1.611499e-02;2.793154e-01;7.997018e-02;1.297970e-02;8.534731e-03;8.962514e-02;6.259086e-03
1.698723e-02;3.474980e-01;2.150601e-02;1.374170e-02;1.396295e-02;4.164573e-02;3.120294e-01;8.391807e-02;1.652555e-02;1.983332e-02;1.004966e-01;1.185542e-02
8.692317e-02;2.212034e-01;1.578484e-02;2.317816e-02;1.546757e-02;1.400643e-01;2.422701e-01;7.849112e-02;1.471490e-02;7.930475e-02;6.587477e-02;1.672289e-02
1.387004e-01;1.130440e-01;1.899883e-02;2.874652e-02;5.827403e-02;2.071310e-01;1.559885e-01;5.678999e-02;3.399039e-02;1.069371e-01;3.040025e-02;5.099904e-02
1.260787e-01;1.269364e-01;2.421420e-02;3.843238e-02;9.786732e-02;1.487049e-01;1.235324e-01;6.360889e-02;5.906034e-02;6.907017e-02;4.576695e-02;7.672725e-02
8.624513e-02;2.070436e-01;3.176280e-02;4.602480e-02;8.852649e-02;8.304606e-02;1.244777e-01;7.908389e-02;5.507461e-02;4.390280e-02;8.299893e-02;7.181324e-02
7.739633e-02;3.018112e-01;4.290648e-02;5.951462e-02;4.659027e-02;4.593154e-02;9.194370e-02;7.839810e-02;3.032352e-02;2.552953e-02;1.328914e-01;6.676328e-02
8.517155e-02;2.527882e-01;6.031558e-02;8.758038e-02;4.500370e-02;6.257916e-02;9.770165e-02;6.740494e-02;2.483184e-02;2.533538e-02;1.191833e-01;7.210438e-02
1.384776e-01;1.947571e-01;5.127699e-02;1.087642e-01;3.379514e-02;9.086586e-02;1.444860e-01;8.450194e-02;1.602832e-02;2.210047e-02;6.002583e-02;5.492049e-02
2.110760e-01;1.912724e-01;4.292099e-02;6.305546e-02;8.505042e-02;8.060379e-02;1.248265e-01;9.315645e-02;1.296037e-02;1.359617e-02;4.359170e-02;3.788964e-02
1.751056e-01;1.967072e-01;1.070790e-01;1.116237e-01;7.790208e-02;4.499111e-02;5.100041e-02;6.024674e-02;1.452283e-02;2.288894e-02;1.085509e-01;2.938147e-02
7.451563e-02;1.706914e-01;1.506467e-01;1.988721e-01;4.638857e-02;4.031362e-02;6.526611e-02;6.881983e-02;1.348696e-02;2.579558e-02;1.281192e-01;1.708423e-02
3.959168e-02;1.652007e-01;1.421933e-01;3.001251e-01;2.751691e-02;3.247299e-02;3.485867e-02;8.106782e-02;8.844239e-03;1.633047e-02;1.291245e-01;2.267368e-02
5.590142e-02;2.010984e-01;1.058004e-01;2.434003e-01;4.487827e-02;3.499940e-02;3.071956e-02;7.283195e-02;1.233497e-02;1.766721e-02;1.332842e-01;4.708391e-02
4.440835e-02;1.653822e-01;9.369958e-02;1.163063e-01;1.078428e-01;7.026135e-02;8.953382e-02;5.590997e-02;1.278014e-02;1.833014e-02;8.999524e-02;1.355501e-01
2.527630e-02;9.680159e-02;5.318733e-02;1.241205e-01;2.075633e-01;8.829980e-02;1.183749e-01;3.751754e-02;2.165816e-02;1.132464e-02;3.388521e-02;1.819908e-01
2.662695e-02;6.533710e-02;3.228431e-02;5.696582e-02;3.139918e-01;9.720465e-02;1.111144e-01;3.243065e-02;3.599354e-02;6.445489e-03;4.034173e-02;1.812636e-01
1.791425e-02;4.340353e-02;2.627057e-02;4.241266e-02;3.898975e-01;1.219605e-01;1.118458e-01;1.507466e-02;4.146377e-02;5.240014e-03;3.138710e-02;1.531297e-01
1.760198e-02;3.011155e-02;3.248317e-02;3.930615e-02;3.689933e-01;1.536153e-01;1.610773e-01;3.750470e-02;3.591964e-02;5.158089e-03;1.453702e-02;1.036918e-01
1.488464e-02;2.980325e-02;3.155177e-02;3.057795e-02;3.864864e-01;2.132139e-01;1.458775e-01;2.875548e-02;2.460097e-02;5.429181e-03;1.118972e-02;7.762933e-02
1.192445e-02;4.785559e-02;3.579780e-02;5.800433e-02;3.731800e-01;2.281819e-01;1.063441e-01;2.703567e-02;1.847168e-02;8.646260e-03;1.844680e-02;6.611141e-02
4.213457e-02;1.576218e-01;7.341588e-02;1.323065e-01;2.051695e-01;1.356762e-01;6.580997e-02;7.478257e-02;1.777532e-02;1.366035e-02;3.840810e-02;4.323928e-02
1.234838e-01;2.710836e-01;1.097881e-01;1.218791e-01;6.636284e-02;7.426780e-02;2.804761e-02;9.495363e-02;2.571638e-02;1.956037e-02;4.493279e-02;1.992398e-02
1.800711e-01;2.097800e-01;7.803132e-02;3.336801e-02;1.005901e-01;7.857718e-02;7.958420e-02;1.023937e-01;3.246228e-02;2.728317e-02;5.829994e-02;1.955906e-02
2.220603e-01;1.119237e-01;4.928499e-02;3.516424e-02;1.178713e-01;5.618400e-02;9.489735e-02;9.221562e-02;2.919390e-02;4.380485e-02;1.151189e-01;3.228086e-02
2.511291e-01;1.755938e-01;4.627735e-02;3.835544e-02;9.742768e-02;4.292915e-02;3.056239e-02;4.590727e-02;2.978805e-02;4.791941e-02;1.622877e-01;3.182260e-02
2.700625e-01;7.774165e-02;4.211450e-02;2.807358e-02;9.356203e-02;7.150857e-02;3.532352e-02;4.374068e-02;3.873389e-02;6.202507e-02;2.117761e-01;2.533791e-02
2.482396e-01;1.373352e-01;4.763611e-02;2.282787e-02;7.319086e-02;4.827938e-02;5.588447e-02;7.630057e-02;3.294803e-02;8.143760e-02;1.335792e-01;4.234101e-02
2.103825e-01;1.422145e-01;4.179875e-02;3.439665e-02;5.529065e-02;4.482359e-02;9.612418e-02;1.131602e-01;4.915185e-02;8.702991e-02;6.437207e-02;6.125514e-02
9.051734e-02;6.773689e-02;3.553412e-02;5.290877e-02;4.894947e-02;5.717773e-02;1.819979e-01;2.263410e-01;4.974029e-02;7.220592e-02;5.541057e-02;6.147992e-02
4.057601e-02;5.783856e-02;3.778927e-02;3.863258e-02;3.634342e-02;3.433114e-02;2.368698e-01;3.681291e-01;2.575493e-02;5.649298e-02;2.965429e-02;3.758795e-02
3.774417e-02;4.702029e-02;2.715503e-02;2.970945e-02;3.213708e-02;2.840168e-02;3.200957e-01;3.976284e-01;2.071268e-02;3.056977e-02;1.443106e-02;1.439464e-02
5.040332e-02;4.108179e-02;1.104314e-02;2.930781e-02;2.488725e-02;5.694102e-02;3.903726e-01;3.482654e-01;1.679273e-02;1.206175e-02;1.261072e-02;6.232509e-03
9.511350e-02;3.419808e-02;1.396765e-02;3.404369e-02;2.603660e-02;8.798192e-02;3.893816e-01;2.658050e-01;1.061077e-02;6.441241e-03;2.818209e-02;8.237768e-03
1.593175e-01;3.472445e-02;3.202017e-02;3.881243e-02;5.655073e-02;1.097623e-01;2.747627e-01;1.588872e-01;1.302718e-02;1.093759e-02;9.414659e-02;1.705105e-02
1.308510e-01;4.472803e-02;3.055980e-02;4.029224e-02;6.358865e-02;7.924823e-02;1.663944e-01;7.234248e-02;1.176331e-02;1.488012e-02;3.278559e-01;1.749592e-02
6.174595e-02;5.708374e-02;2.560284e-02;3.622329e-02;4.171460e-02;5.514029e-02;1.414975e-01;6.222750e-02;6.037678e-03;2.085696e-02;4.791248e-01;1.274481e-02
9.797320e-02;9.507775e-02;2.882767e-02;1.828768e-02;3.258181e-02;2.603789e-02;8.524374e-02;9.145927e-02;5.385376e-03;2.846107e-02;4.807006e-01;9.963975e-03
1.406092e-01;1.622630e-01;2.917205e-02;5.797008e-02;1.655739e-02;1.929145e-02;8.853164e-02;1.318852e-01;6.597097e-03;2.843997e-02;3.100887e-01;8.594244e-03
1.490815e-01;2.363113e-01;3.016257e-02;1.199952e-01;3.418902e-02;3.774925e-02;9.323718e-02;1.144521e-01;1.188147e-02;2.789160e-02;1.338032e-01;1.124549e-02
2.035935e-01;1.909792e-01;4.123243e-02;8.686100e-02;5.477301e-02;3.562360e-02;8.335487e-02;6.887960e-02;1.463871e-02;1.534452e-02;1.903138e-01;1.440573e-02
1.687397e-01;1.523740e-01;3.315185e-02;3.611264e-02;4.677193e-02;3.508933e-02;1.411204e-01;6.764068e-02;1.786566e-02;3.097788e-02;2.529893e-01;1.716655e-02
