8.078582e-02;8.832598e-02;9.380501e-02;8.916227e-02;5.785954e-02;5.899407e-02;1.153870e-01;7.220194e-02;1.473037e-01;9.764949e-02;4.431529e-02;5.420988e-02
8.344772e-02;1.023607e-01;1.006602e-01;8.162478e-02;5.518512e-02;7.731818e-02;1.038051e-01;5.854916e-02;1.410770e-01;1.105166e-01;1.619059e-02;6.926491e-02
6.584527e-02;9.897715e-02;6.990217e-02;5.336628e-02;8.111703e-02;8.341001e-02;1.109216e-01;6.577730e-02;1.588034e-01;1.149037e-01;3.777728e-02;5.919875e-02
5.107788e-02;7.750013e-02;8.957621e-02;8.054225e-02;8.768759e-02;8.557241e-02;1.033079e-01;5.541903e-02;1.527561e-01;1.306048e-01;4.548742e-02;4.046823e-02
6.573181e-02;8.507399e-02;1.141803e-01;6.893426e-02;5.299230e-02;8.563360e-02;9.153687e-02;7.487833e-02;1.310685e-01;1.452771e-01;3.959976e-02;4.509320e-02
4.795164e-02;6.983422e-02;1.282720e-01;5.675634e-02;5.486342e-02;6.833202e-02;1.504966e-01;8.362426e-02;1.194372e-01;1.609876e-01;1.829960e-02;4.114506e-02
5.790297e-02;4.744819e-02;1.113750e-01;6.672791e-02;8.020037e-02;5.326783e-02;1.818071e-01;7.348914e-02;1.447067e-01;1.218598e-01;3.494676e-02;2.626827e-02
9.875924e-02;6.868692e-02;7.742056e-02;5.310104e-02;8.605854e-02;4.227266e-02;1.918077e-01;9.048582e-02;1.196619e-01;1.060991e-01;4.223059e-02;2.341610e-02
1.059934e-01;7.218935e-02;8.442034e-02;3.824285e-02;5.438595e-02;1.067432e-01;1.764192e-01;9.280925e-02;7.704199e-02;1.102075e-01;4.840656e-02;3.314036e-02
9.265988e-02;4.071965e-02;1.221083e-01;7.303189e-02;6.459089e-02;1.226126e-01;1.120787e-01;9.182992e-02;6.018209e-02;1.201065e-01;7.081521e-02;2.926450e-02
8.703307e-02;7.504508e-02;1.219131e-01;9.161814e-02;6.698418e-02;9.491793e-02;1.301958e-01;7.002420e-02;7.790625e-02;9.892424e-02;6.911509e-02;1.632293e-02
9.307293e-02;1.017879e-01;6.704192e-02;9.051301e-02;7.465376e-02;8.835077e-02;1.420861e-01;7.149502e-02;1.120089e-01;8.096150e-02;6.599678e-02;1.203140e-02
8.160707e-02;9.551710e-02;1.477847e-01;6.669781e-02;6.120687e-02;6.856521e-02;1.277548e-01;5.517925e-02;1.443065e-01;1.006633e-01;2.822489e-02;2.249262e-02
9.062915e-02;6.717514e-02;1.626838e-01;6.971808e-02;3.565868e-02;5.229107e-02;1.352925e-01;8.906631e-02;1.217629e-01;9.330954e-02;4.834404e-02;3.406879e-02
1.049947e-01;7.713647e-02;9.426212e-02;9.764984e-02;3.357786e-02;5.177687e-02;1.276387e-01;1.276822e-01;7.399308e-02;7.996584e-02;7.582869e-02;5.549370e-02
8.771376e-02;1.038008e-01;1.071995e-01;6.805555e-02;6.106139e-02;5.757264e-02;9.992500e-02;1.018363e-01;1.329914e-01;7.114019e-02;5.848119e-02;5.022224e-02
7.682261e-02;7.669748e-02;1.364555e-01;6.271458e-02;7.181751e-02;7.649247e-02;7.063684e-02;8.441894e-02;1.831993e-01;7.761303e-02;4.388281e-02;3.924897e-02
8.258816e-02;9.978633e-02;1.216954e-01;5.585147e-02;7.765819e-02;9.358553e-02;1.041322e-01;8.614796e-02;1.281966e-01;6.318855e-02;4.867124e-02;3.849836e-02
9.398312e-02;9.150278e-02;1.384083e-01;4.233939e-02;8.920427e-02;1.000053e-01;1.189785e-01;9.245218e-02;9.471241e-02;5.076039e-02;5.565181e-02;3.200157e-02
9.078337e-02;3.557151e-02;1.442012e-01;6.260897e-02;1.013430e-01;1.431955e-01;1.249271e-01;9.069978e-02;8.770528e-02;4.134142e-02;4.504899e-02;3.257393e-02
7.878291e-02;6.126463e-02;1.777426e-01;1.194316e-01;1.032234e-01;1.130110e-01;1.166635e-01;5.874986e-02;6.627773e-02;3.974957e-02;2.349195e-02;4.161123e-02
7.728283e-02;9.802339e-02;1.496064e-01;1.407498e-01;1.536393e-01;7.921629e-02;7.612669e-02;4.468839e-02;6.794890e-02;4.567587e-02;1.764631e-02;4.939591e-02
7.516200e-02;1.095848e-01;6.700355e-02;1.110677e-01;1.430460e-01;9.206031e-02;9.901536e-02;6.666782e-02;7.432524e-02;5.933002e-02;5.413674e-02;4.860053e-02
9.560749e-02;7.187822e-02;1.714765e-01;5.414686e-02;7.626225e-02;8.955332e-02;1.226905e-01;7.095130e-02;5.226687e-02;7.479782e-02;6.875183e-02;5.161713e-02
5.531382e-02;7.065212e-02;2.075727e-01;7.699275e-02;9.444321e-02;9.557193e-02;1.402183e-01;7.988753e-02;6.011362e-02;5.119962e-02;3.060114e-02;3.743329e-02
5.799092e-02;8.814059e-02;1.593777e-01;6.452563e-02;8.256017e-02;7.374127e-02;1.173025e-01;8.047497e-02;8.818668e-02;6.899066e-02;7.392388e-02;4.478514e-02
8.855942e-02;1.014611e-01;5.039870e-02;5.593713e-02;5.657640e-02;6.734165e-02;1.408817e-01;7.598734e-02;6.845498e-02;6.668971e-02;1.424822e-01;8.522967e-02
1.737392e-01;7.395151e-02;9.722323e-02;1.923686e-02;2.626300e-02;5.212262e-02;1.224529e-01;1.008977e-01;5.094181e-02;4.029567e-02;1.157388e-01;1.271366e-01
2.076228e-01;1.234689e-01;1.237366e-01;1.002189e-02;1.869319e-02;4.006452e-02;8.459027e-02;9.790628e-02;1.015871e-01;3.341319e-02;6.343073e-02;9.546459e-02
1.627870e-01;1.787922e-01;2.014065e-01;1.173483e-02;1.850519e-02;3.677606e-02;4.295442e-02;6.266399e-02;1.406260e-01;6.114691e-02;3.054504e-02;5.206192e-02
7.154191e-02;1.791819e-01;3.703925e-01;2.154002e-02;1.448693e-02;3.003736e-02;1.715087e-02;2.959915e-02;1.272178e-01;9.062192e-02;2.544577e-02;2.278385e-02
5.157363e-02;1.831458e-01;4.845736e-01;3.488241e-02;1.307234e-02;1.693306e-02;1.137002e-02;2.761893e-02;7.977219e-02;6.767923e-02;1.856963e-02;1.080917e-02
1.473146e-01;2.317437e-01;3.749505e-01;2.568142e-02;2.191258e-02;1.168959e-02;2.829658e-02;4.378913e-02;6.574147e-02;2.312803e-02;1.188616e-02;1.386613e-02
2.199619e-01;1.763952e-01;2.592828e-01;2.728512e-02;4.801741e-02;1.484027e-02;6.638896e-02;6.518251e-02;6.413087e-02;8.689849e-03;2.172097e-02;2.810413e-02
1.740946e-01;9.693541e-02;2.204591e-01;7.397965e-02;6.265706e-02;2.148597e-02;1.045314e-01;6.189507e-02;3.772688e-02;2.729053e-02;5.140655e-02;6.753778e-02
1.069814e-01;1.359880e-01;2.006823e-01;8.367097e-02;5.031198e-02;2.639179e-02;1.107560e-01;3.468563e-02;6.314878e-02;3.911452e-02;6.252262e-02;8.574603e-02
1.543488e-01;1.450670e-01;1.990249e-01;6.310942e-02;5.452392e-02;2.338504e-02;6.766772e-02;7.479659e-02;9.207716e-02;3.793231e-02;3.771623e-02;5.035093e-02
5.475422e-02;1.709893e-01;3.528265e-01;4.392038e-02;7.220013e-02;2.215264e-02;5.160423e-02;6.664374e-02;5.071552e-02;4.958487e-02;3.895019e-02;2.565818e-02
6.254580e-02;1.079741e-01;3.093789e-01;4.060349e-02;7.865556e-02;2.630875e-02;1.190161e-01;5.517550e-02;6.732348e-02;8.227235e-02;2.936204e-02;2.138397e-02
5.388406e-02;8.723111e-02;2.196524e-01;5.062328e-02;7.224987e-02;4.549518e-02;1.887154e-01;4.381257e-02;7.353277e-02;1.069205e-01;3.324727e-02;2.463554e-02
7.587801e-02;8.877789e-02;1.495678e-01;5.420249e-02;6.443197e-02;7.499389e-02;1.447057e-01;2.260224e-02;1.041440e-01;1.168963e-01;7.036128e-02;3.343843e-02
5.857961e-02;4.756714e-02;1.629634e-01;5.959408e-02;1.131979e-01;1.030949e-01;2.257632e-01;3.125024e-02;6.228906e-02;5.632704e-02;4.275982e-02;3.661351e-02
7.519305e-02;4.296696e-02;1.271730e-01;5.144523e-02;1.223561e-01;1.538546e-01;2.539036e-01;2.229881e-02;4.515287e-02;5.127279e-02;2.101330e-02;3.336959e-02
8.719771e-02;2.879320e-02;7.326142e-02;3.742918e-02;9.024425e-02;2.139900e-01;3.009355e-01;2.631545e-02;3.776206e-02;6.703018e-02;1.246426e-02;2.457668e-02
8.863072e-02;1.726073e-02;3.356006e-02;2.582273e-02;5.621147e-02;3.040164e-01;3.182905e-01;2.296321e-02;2.376820e-02;8.773333e-02;1.252425e-02;9.218526e-03
7.943495e-02;1.214730e-02;2.723399e-02;3.075005e-02;1.174018e-01;3.551915e-01;2.119611e-01;2.550885e-02;3.642991e-02;7.617337e-02;8.347195e-03;1.942005e-02
4.141906e-02;4.481419e-03;6.359316e-02;7.006709e-02;2.178882e-01;2.907235e-01;9.859335e-02;3.788986e-02;6.793036e-02;3.782553e-02;2.246312e-02;4.712541e-02
1.573133e-02;1.801026e-02;1.462530e-01;1.282678e-01;2.169839e-01;1.792679e-01;5.245312e-02;5.575536e-02;5.945164e-02;2.163918e-02;4.746182e-02;5.872472e-02
2.468505e-02;6.007902e-02;2.315638e-01;1.360228e-01;1.198635e-01;1.266251e-01;7.487246e-02;4.918997e-02;3.476444e-02;3.055465e-02;5.992236e-02;5.185692e-02
9.349661e-02;1.173038e-01;2.456666e-01;9.732361e-02;6.894474e-02;1.162468e-01;6.555524e-02;3.113827e-02;4.325993e-02;3.734075e-02;4.915341e-02;3.457028e-02
2.172627e-01;1.349586e-01;1.559205e-01;3.496922e-02;1.454445e-01;7.395040e-02;3.986776e-02;5.470162e-02;6.580488e-02;2.314183e-02;2.176480e-02;3.221322e-02
1.100732e-01;1.356090e-01;2.493185e-01;3.335591e-02;7.450275e-02;1.006715e-01;4.966106e-02;3.953113e-02;9.230023e-02;6.422438e-02;3.393865e-02;1.681380e-02
3.928433e-02;9.051574e-02;2.884741e-01;7.051427e-02;3.147620e-02;8.020060e-02;8.642468e-02;2.751176e-02;8.215647e-02;1.263384e-01;6.076622e-02;1.633730e-02
2.203922e-02;3.537893e-02;2.867202e-01;8.916907e-02;3.528051e-02;3.872713e-02;1.129298e-01;3.266505e-02;5.289975e-02;1.944438e-01;8.704039e-02;1.270612e-02
1.322867e-02;2.274762e-02;2.505810e-01;7.165462e-02;2.932034e-02;2.870779e-02;1.229491e-01;4.952048e-02;7.985543e-02;2.396158e-01;7.588510e-02;1.593411e-02
1.697288e-02;5.554672e-02;1.716577e-01;4.397530e-02;2.433962e-02;7.232064e-02;1.030482e-01;4.558396e-02;1.973712e-01;1.979806e-01;3.994260e-02;3.126058e-02
3.244406e-02;8.032218e-02;9.599181e-02;3.255468e-02;2.040168e-02;1.099753e-01;6.738264e-02;5.328450e-02;3.279147e-01;1.058087e-01;3.112118e-02;4.279853e-02
4.606286e-02;8.373088e-02;8.531445e-02;4.099488e-02;4.468600e-02;1.230747e-01;6.470160e-02;3.996681e-02;3.596576e-01;5.077333e-02;8.007223e-03;5.302967e-02
7.188620e-02;6.834014e-02;1.281344e-01;6.702278e-02;7.150987e-02;9.919812e-02;8.144727e-02;3.965961e-02;2.442103e-01;3.241959e-02;4.812561e-02;4.804620e-02
8.699954e-02;6.863423e-02;1.493538e-01;9.019792e-02;8.158279e-02;9.811302e-02;9.557299e-02;2.619641e-02;1.450414e-01;3.904755e-02;6.689607e-02;5.236432e-02
5.753611e-02;7.567570e-02;1.551338e-01;9.183529e-02;5.381998e-02;1.192786e-01;8.559453e-02;5.198637e-02;1.254383e-01;6.888403e-02;3.866062e-02;7.615662e-02
4.588516e-02;7.197205e-02;8.860712e-02;6.203634e-02;5.118349e-02;1.133000e-01;4.880511e-02;4.121363e-02;2.481522e-01;8.843346e-02;6.250085e-02;7.791065e-02
5.827287e-02;6.030547e-02;9.595849e-02;5.370155e-02;5.584344e-02;9.406310e-02;6.733166e-02;3.070075e-02;3.058136e-01;7.648228e-02;3.448591e-02;6.704092e-02
3.735636e-02;6.289387e-02;9.920618e-02;4.415902e-02;8.474215e-02;1.287253e-01;6.369451e-02;4.033512e-02;2.874742e-01;6.174771e-02;3.037420e-02;5.929134e-02
4.054188e-02;5.934164e-02;1.241349e-01;5.792673e-02;7.198975e-02;1.502745e-01;8.532910e-02;5.108786e-02;1.710668e-01;8.734343e-02;5.553230e-02;4.543113e-02
5.733831e-02;3.190371e-02;1.604313e-01;4.758484e-02;6.846189e-02;1.168803e-01;1.601062e-01;3.471997e-02;1.507259e-01;7.825158e-02;5.768490e-02;3.591112e-02
9.238121e-02;7.088830e-02;2.464299e-01;6.676229e-02;7.083718e-02;5.129605e-02;1.447207e-01;3.860386e-02;7.120098e-02;6.311616e-02;6.408007e-02;1.968337e-02
9.880348e-02;1.010522e-01;2.738782e-01;7.808015e-02;6.384329e-02;3.560743e-02;1.252119e-01;3.476842e-02;4.331285e-02;7.705542e-02;4.819224e-02;2.019435e-02
9.352496e-02;1.368456e-01;1.789128e-01;9.732998e-02;6.759980e-02;4.031163e-02;1.063048e-01;5.427127e-02;5.883081e-02;9.037621e-02;5.240887e-02;2.328325e-02
3.723963e-02;6.327724e-02;3.054749e-01;1.410193e-01;7.107098e-02;2.906969e-02;8.131404e-02;5.510860e-02;6.722375e-02;8.059566e-02;5.400291e-02;1.460338e-02
1.555389e-02;1.607405e-02;3.697166e-01;1.682164e-01;6.005957e-02;2.435853e-02;7.771094e-02;3.187009e-02;6.526949e-02;9.299234e-02;6.564985e-02;1.252825e-02
6.640063e-03;2.570174e-02;4.069625e-01;1.336286e-01;4.028524e-02;1.522096e-02;8.096556e-02;1.486715e-02;5.357435e-02;1.542654e-01;5.873023e-02;9.158161e-03
1.135721e-02;6.541954e-02;3.951772e-01;6.910420e-02;2.020603e-02;2.058183e-02;6.165048e-02;2.799673e-02;1.072965e-01;1.816142e-01;3.000300e-02;9.593065e-03
4.444858e-02;1.293499e-01;2.553374e-01;2.612664e-02;1.421976e-02;3.818711e-02;2.911678e-02;4.492455e-02;2.705534e-01;1.250717e-01;9.890264e-03;1.277388e-02
1.041544e-01;1.496408e-01;1.065102e-01;1.718852e-02;2.244403e-02;3.585744e-02;2.392541e-02;8.162351e-02;3.742269e-01;5.772341e-02;1.481470e-02;1.189062e-02
1.644317e-01;1.079490e-01;5.359482e-02;1.773887e-02;4.466955e-02;2.048714e-02;5.480277e-02;1.682526e-01;2.882612e-01;3.238094e-02;3.017387e-02;1.725761e-02
1.806486e-01;7.138796e-02;6.139833e-02;3.266758e-02;5.433062e-02;1.580256e-02;1.220956e-01;2.231630e-01;1.370344e-01;2.440647e-02;3.914265e-02;3.792219e-02
1.188635e-01;6.144534e-02;7.653742e-02;5.391884e-02;3.493234e-02;4.517296e-02;2.133128e-01;1.452820e-01;8.064254e-02;4.489060e-02;4.059212e-02;8.440955e-02
1.092317e-01;5.799185e-02;7.123712e-02;4.638363e-02;2.753430e-02;6.101978e-02;1.687288e-01;9.222481e-02;1.553872e-01;6.918337e-02;6.274720e-02;7.833015e-02
1.001842e-01;6.571785e-02;1.261137e-01;4.156993e-02;3.927816e-02;6.176938e-02;9.747486e-02;1.388128e-01;1.331497e-01;9.178413e-02;6.192728e-02;4.221804e-02
3.263001e-02;5.166275e-02;1.381941e-01;4.812937e-02;5.836941e-02;4.163590e-02;1.214283e-01;1.519616e-01;1.996795e-01;8.071869e-02;4.539931e-02;3.019105e-02
6.519350e-02;6.957855e-02;1.167539e-01;5.318910e-02;6.266575e-02;2.856796e-02;1.353736e-01;1.234028e-01;2.128496e-01;6.278801e-02;2.853242e-02;4.110481e-02
4.775988e-02;7.469737e-02;1.176553e-01;6.523888e-02;6.058380e-02;4.941272e-02;1.251695e-01;1.549308e-01;8.854929e-02;7.822286e-02;7.900631e-02;5.877339e-02
1.389039e-01;1.152021e-01;2.424777e-01;5.908264e-02;4.263102e-02;3.712405e-02;6.286474e-02;9.739202e-02;6.684850e-02;4.678538e-02;4.983693e-02;4.085106e-02
1.187400e-01;1.120131e-01;3.948566e-01;9.216898e-02;5.226658e-02;2.969567e-02;4.055722e-02;3.514665e-02;3.518155e-02;4.325531e-02;2.808438e-02;1.803401e-02
6.481210e-02;7.196415e-02;4.016629e-01;1.733624e-01;7.745025e-02;2.808380e-02;3.028145e-02;3.049499e-02;2.648795e-02;3.466601e-02;5.131918e-02;9.414803e-03
3.539333e-02;1.932771e-02;3.021135e-01;2.604190e-01;1.168716e-01;3.214607e-02;3.672504e-02;3.531030e-02;3.537023e-02;3.680990e-02;8.102126e-02;8.492017e-03
2.997430e-02;1.340841e-02;2.354285e-01;2.698548e-01;1.077836e-01;1.971195e-02;5.066066e-02;2.825005e-02;6.078855e-02;5.654148e-02;1.113756e-01;1.622198e-02
2.592352e-02;1.119353e-02;2.976114e-01;2.107492e-01;5.334395e-02;2.117240e-02;5.960667e-02;2.276120e-02;6.808463e-02;9.406957e-02;1.227878e-01;1.269602e-02
2.357183e-02;1.101194e-02;3.572631e-01;1.299642e-01;2.456152e-02;1.440851e-02;7.499819e-02;1.600335e-02;7.671122e-02;1.681435e-01;9.525568e-02;8.106963e-03
2.797615e-02;5.059735e-02;3.497658e-01;6.939078e-02;2.111886e-02;1.978471e-02;6.974567e-02;1.795009e-02;1.061902e-01;2.011880e-01;5.938706e-02;6.905450e-03
4.015461e-02;8.566642e-02;2.328139e-01;4.626419e-02;1.963251e-02;2.906781e-02;4.811131e-02;5.693146e-02;2.490988e-01;1.559463e-01;1.913407e-02;1.717866e-02
4.318664e-02;7.765793e-02;8.189651e-02;3.543510e-02;2.404669e-02;2.702758e-02;3.430508e-02;8.826773e-02;4.605226e-01;8.779490e-02;2.996334e-02;9.895978e-03
8.121214e-02;4.837292e-02;5.133065e-02;1.670219e-02;4.092025e-02;2.513538e-02;2.887895e-02;1.259238e-01;4.634433e-01;5.419200e-02;5.495920e-02;8.929229e-03
1.078085e-01;4.436071e-02;2.515499e-02;8.902331e-03;4.714643e-02;1.916250e-02;4.689665e-02;2.143936e-01;3.467822e-01;4.220593e-02;8.075260e-02;1.643354e-02
1.066464e-01;3.148621e-02;3.310563e-02;1.854218e-02;3.725127e-02;2.620718e-02;1.439271e-01;2.436011e-01;1.879976e-01;3.857847e-02;8.674587e-02;4.591107e-02
6.549536e-02;2.505455e-02;4.104176e-02;3.855985e-02;2.823554e-02;7.301631e-02;2.780139e-01;1.223134e-01;9.075473e-02;4.191034e-02;9.891392e-02;9.669033e-02
2.403293e-02;2.294618e-02;5.788923e-02;4.692007e-02;3.539748e-02;1.094789e-01;2.618742e-01;1.164570e-01;9.778842e-02;3.056255e-02;1.027130e-01;9.393997e-02
4.567726e-02;3.192715e-02;8.863764e-02;4.454024e-02;5.074941e-02;1.253564e-01;1.509229e-01;1.651766e-01;8.522566e-02;6.112598e-02;8.320034e-02;6.746043e-02
4.601701e-02;3.568218e-02;7.999999e-02;3.489694e-02;6.826650e-02;1.188084e-01;1.503111e-01;1.245276e-01;1.445242e-01;8.169370e-02;5.748003e-02;5.779249e-02
4.047623e-02;3.590505e-02;6.799412e-02;2.144913e-02;6.923467e-02;5.889357e-02;1.392730e-01;1.028543e-01;2.368387e-01;6.701456e-02;9.493420e-02;6.513251e-02
6.009811e-02;3.402602e-02;8.712507e-02;4.608351e-02;4.792864e-02;6.491429e-02;1.404863e-01;1.565458e-01;1.376799e-01;6.989774e-02;1.026437e-01;5.257089e-02
5.783171e-02;2.064945e-02;5.938246e-02;5.646868e-02;6.071318e-02;6.009389e-02;1.886569e-01;1.418576e-01;1.615301e-01;9.515177e-02;5.989757e-02;3.776681e-02
3.092807e-02;2.908268e-02;1.601200e-01;7.958245e-02;1.139201e-01;9.087406e-02;1.390986e-01;7.330584e-02;8.947308e-02;5.559261e-02;1.039453e-01;3.407714e-02
3.315396e-02;2.661938e-02;1.499215e-01;1.396537e-01;1.129885e-01;1.055638e-01;1.003459e-01;7.030914e-02;3.570026e-02;2.579706e-02;1.526140e-01;4.733274e-02
2.167608e-02;1.669806e-02;1.191017e-01;1.714200e-01;9.598821e-02;1.032215e-01;8.829146e-02;7.443979e-02;3.135949e-02;2.041569e-02;1.982135e-01;5.917463e-02
1.542989e-02;1.052656e-02;1.018338e-01;1.875459e-01;6.163900e-02;8.391614e-02;6.664079e-02;6.832806e-02;3.278146e-02;4.735957e-02;2.615338e-01;6.246506e-02
1.477126e-02;1.370089e-02;1.662963e-01;1.604961e-01;2.888093e-02;4.872318e-02;6.393272e-02;3.773617e-02;4.230470e-02;1.231605e-01;2.553952e-01;4.460197e-02
1.315679e-02;2.232156e-02;2.763731e-01;8.918456e-02;1.866162e-02;3.037413e-02;1.128788e-01;1.394166e-02;6.404615e-02;1.989217e-01;1.408368e-01;1.930322e-02
1.525864e-02;6.549013e-02;3.366541e-01;4.436481e-02;1.575893e-02;3.169686e-02;1.047427e-01;1.295538e-02;8.529963e-02;2.123540e-01;6.347749e-02;1.194731e-02
4.219306e-02;1.213009e-01;2.114573e-01;2.059184e-02;2.966396e-02;8.237424e-02;4.977788e-02;3.938717e-02;2.500526e-01;1.253250e-01;2.134498e-02;6.531057e-03
9.813187e-02;1.167604e-01;8.143027e-02;1.359290e-02;8.234184e-02;7.923704e-02;2.125659e-02;9.015905e-02;3.467401e-01;5.010173e-02;1.151348e-02;8.734825e-03
1.554644e-01;6.427311e-02;3.499782e-02;3.359726e-02;1.297788e-01;3.458395e-02;4.150984e-02;1.600334e-01;2.851182e-01;1.979990e-02;9.648612e-03;3.119467e-02
1.267499e-01;2.937051e-02;4.156663e-02;9.871756e-02;1.083638e-01;1.631189e-02;1.228913e-01;1.612968e-01;1.371590e-01;1.773363e-02;2.497099e-02;1.148680e-01
3.532499e-02;2.760096e-02;7.585933e-02;1.249765e-01;7.408636e-02;5.623575e-02;1.936247e-01;7.635241e-02;4.296088e-02;3.370717e-02;5.001915e-02;2.092519e-01
3.139519e-02;3.192279e-02;8.812588e-02;4.145363e-02;9.201407e-02;1.177762e-01;1.265677e-01;8.337528e-02;1.069510e-01;4.938487e-02;8.116291e-02;1.498705e-01
3.515479e-02;5.142143e-02;1.059510e-01;9.134553e-02;6.563304e-02;1.291938e-01;1.338872e-01;8.351929e-02;1.096148e-01;5.222604e-02;7.126082e-02;7.079221e-02
5.902477e-02;1.101598e-01;1.250449e-01;7.421591e-02;9.236108e-02;8.218855e-02;1.727381e-01;1.041096e-01;1.007073e-01;3.882185e-02;2.358977e-02;1.703839e-02
9.970052e-02;1.248707e-01;9.081512e-02;3.479546e-02;1.281002e-01;6.728901e-02;1.346395e-01;1.184318e-01;1.028506e-01;3.190139e-02;4.096908e-02;2.563663e-02
9.967892e-02;7.710435e-02;7.242507e-02;6.330433e-02;1.351251e-01;9.002273e-02;9.162480e-02;1.042872e-01;1.405749e-01;5.390194e-02;3.856470e-02;3.338596e-02
6.967688e-02;6.495147e-02;9.487590e-02;8.112895e-02;9.413516e-02;8.382428e-02;6.300883e-02;7.885519e-02;1.685165e-01;8.681690e-02;5.961786e-02;5.459204e-02
5.737679e-02;8.697071e-02;9.084459e-02;5.577036e-02;9.557828e-02;6.718718e-02;6.310879e-02;1.128537e-01;1.174056e-01;1.131065e-01;7.893418e-02;6.086336e-02
3.497237e-02;6.223372e-02;7.119901e-02;4.462633e-02;9.327700e-02;5.623855e-02;8.365892e-02;1.617577e-01;1.620234e-01;8.187504e-02;1.032284e-01;4.490953e-02
2.248413e-02;7.161596e-02;1.027584e-01;3.592306e-02;9.161504e-02;3.704536e-02;9.857114e-02;1.666422e-01;1.794972e-01;6.360715e-02;9.675103e-02;3.348932e-02
4.243353e-02;9.193386e-02;1.265525e-01;4.937857e-02;9.530877e-02;3.505946e-02;1.225333e-01;1.260849e-01;1.187264e-01;6.954717e-02;9.746496e-02;2.497642e-02
7.730191e-02;1.308001e-01;8.617089e-02;5.717416e-02;8.546325e-02;8.592848e-02;1.152573e-01;1.223310e-01;6.404776e-02;7.039583e-02;6.074040e-02;4.438891e-02
1.293357e-01;9.702555e-02;6.426052e-02;5.369192e-02;1.197068e-01;8.932003e-02;1.052917e-01;9.143994e-02;9.150866e-02;3.943186e-02;6.938102e-02;4.960633e-02
1.204543e-01;5.175653e-02;6.958317e-02;5.921702e-02;1.410743e-01;9.818635e-02;1.330998e-01;6.296710e-02;1.039472e-01;5.498902e-02;7.080263e-02;3.392264e-02
8.252363e-02;9.021448e-02;9.056617e-02;5.895955e-02;1.131153e-01;9.482365e-02;1.298216e-01;7.991127e-02;9.674461e-02;4.856914e-02;5.316155e-02;6.158908e-02
6.479695e-02;8.448227e-02;7.689621e-02;5.219841e-02;9.210429e-02;6.506190e-02;1.344894e-01;1.108259e-01;1.233292e-01;4.178545e-02;9.264951e-02;6.138057e-02
6.605645e-02;6.948894e-02;6.953086e-02;6.350004e-02;4.994985e-02;6.705917e-02;1.227932e-01;1.315964e-01;1.714796e-01;5.667045e-02;8.860515e-02;4.326988e-02
7.380374e-02;5.367957e-02;9.200435e-02;3.764948e-02;3.067655e-02;4.855302e-02;1.642973e-01;1.079041e-01;1.339325e-01;1.049627e-01;1.005305e-01;5.200613e-02
9.656987e-02;7.615965e-02;1.259167e-01;4.922771e-02;3.897962e-02;2.121633e-02;1.141178e-01;1.176125e-01;1.085749e-01;8.398386e-02;1.044281e-01;6.321308e-02
8.969919e-02;5.202251e-02;1.468021e-01;5.325839e-02;6.753865e-02;3.175750e-02;1.376343e-01;7.791284e-02;1.120137e-01;8.816245e-02;1.037721e-01;3.942631e-02
4.892320e-02;3.274728e-02;2.322087e-01;6.783536e-02;7.494240e-02;5.011620e-02;1.091371e-01;3.215573e-02;9.438675e-02;1.249280e-01;1.126079e-01;2.001146e-02
1.671249e-02;3.696177e-02;2.737122e-01;1.028573e-01;6.458366e-02;4.159399e-02;8.914892e-02;3.114688e-02;4.634192e-02;1.235989e-01;1.334777e-01;3.986434e-02
2.746407e-02;3.220476e-02;2.382345e-01;1.229925e-01;1.116929e-01;3.814469e-02;6.699315e-02;2.807423e-02;1.650318e-02;8.654983e-02;1.568337e-01;7.431245e-02
5.748148e-02;1.499598e-02;1.476977e-01;1.009203e-01;1.658378e-01;9.675786e-02;7.471290e-02;3.024115e-02;2.591748e-02;3.926906e-02;1.262840e-01;1.198844e-01
1.330712e-01;2.816913e-02;4.854021e-02;4.287486e-02;1.381885e-01;2.121197e-01;1.903210e-01;2.841894e-02;2.133787e-02;2.266157e-02;4.178304e-02;9.251391e-02
1.663412e-01;8.953348e-02;3.189894e-02;1.780625e-02;6.683374e-02;2.633844e-01;2.609697e-01;1.779922e-02;1.080825e-02;3.333253e-02;1.541490e-02;2.587745e-02
1.256562e-01;1.976373e-01;5.548298e-02;1.852292e-02;3.259017e-02;2.312710e-01;2.660746e-01;1.419959e-02;1.429099e-02;2.166507e-02;1.581133e-02;6.797863e-03
1.076033e-01;2.107638e-01;8.465833e-02;2.741213e-02;2.783474e-02;2.393948e-01;2.465518e-01;1.036305e-02;1.433558e-02;1.649135e-02;8.924155e-03;5.666907e-03
1.248205e-01;9.036066e-02;6.315180e-02;2.823010e-02;4.048042e-02;3.050180e-01;2.843783e-01;1.615091e-02;8.792703e-03;2.636885e-02;7.410787e-03;4.836869e-03
1.273235e-01;1.843868e-02;2.987717e-02;2.100644e-02;5.094448e-02;3.330367e-01;3.265386e-01;3.072505e-02;8.562648e-03;3.884975e-02;1.090579e-02;3.791088e-03
1.204024e-01;1.442429e-02;1.731091e-02;1.720762e-02;5.929651e-02;3.460516e-01;2.984032e-01;4.002472e-02;1.597455e-02;5.317261e-02;1.446143e-02;3.270158e-03
1.132422e-01;1.771160e-02;3.448074e-02;2.648158e-02;8.624612e-02;3.569624e-01;2.331916e-01;2.242461e-02;1.462132e-02;6.344484e-02;2.644145e-02;4.751450e-03
7.504691e-02;1.273814e-02;1.135899e-01;4.616834e-02;1.343944e-01;2.732158e-01;1.885319e-01;1.579870e-02;1.452074e-02;5.216131e-02;3.627173e-02;3.756219e-02
2.123750e-02;2.963923e-02;2.643415e-01;8.384430e-02;1.469544e-01;1.455029e-01;1.032070e-01;1.085635e-02;2.185189e-02;6.102678e-02;5.908379e-02;5.245436e-02
2.909010e-02;5.134664e-02;3.736194e-01;9.147095e-02;8.432987e-02;5.952187e-02;5.310574e-02;2.235435e-02;3.323767e-02;9.157857e-02;7.261305e-02;3.773179e-02
5.983632e-02;7.255925e-02;3.382155e-01;6.049135e-02;4.958629e-02;6.911168e-02;6.322984e-02;3.359031e-02;5.539723e-02;1.081910e-01;5.858656e-02;3.120459e-02
8.346043e-02;5.411645e-02;2.557754e-01;3.747495e-02;5.119745e-02;1.022803e-01;8.947662e-02;3.730202e-02;6.173686e-02;1.103864e-01;7.259536e-02;4.419776e-02
8.413447e-02;6.591666e-02;1.932252e-01;4.909313e-02;7.988508e-02;9.382125e-02;1.140358e-01;2.820829e-02;6.925601e-02;9.734174e-02;7.768062e-02;4.740180e-02
6.896580e-02;6.761838e-02;1.590797e-01;7.258257e-02;7.815543e-02;1.315436e-01;1.023493e-01;4.311286e-02;9.543861e-02;8.188020e-02;4.778232e-02;5.149122e-02
7.722083e-02;7.369698e-02;1.318426e-01;6.645764e-02;5.421232e-02;1.533629e-01;7.827225e-02;7.705012e-02;9.662299e-02;6.283198e-02;5.820054e-02;7.022893e-02
1.023809e-01;1.369440e-01;2.497277e-01;4.954515e-02;3.945465e-02;7.999346e-02;2.979953e-02;5.654237e-02;1.394769e-01;5.246762e-02;3.591593e-02;2.775180e-02
6.302848e-02;1.332484e-01;3.054506e-01;5.822000e-02;2.783058e-02;6.472719e-02;3.983533e-02;3.021140e-02;1.513701e-01;6.682327e-02;3.323042e-02;2.602420e-02
5.776853e-02;1.078123e-01;2.697095e-01;6.677948e-02;3.946993e-02;4.857053e-02;6.364023e-02;6.082284e-02;1.361838e-01;7.427125e-02;4.071395e-02;3.425767e-02
7.849471e-02;8.236633e-02;2.126022e-01;7.430086e-02;5.813521e-02;2.440572e-02;9.619870e-02;9.719988e-02;1.196814e-01;5.784841e-02;5.733430e-02;4.143228e-02
6.974224e-02;5.422005e-02;1.546659e-01;7.641533e-02;7.508530e-02;3.979788e-02;1.435262e-01;9.712458e-02;1.073571e-01;5.500514e-02;8.341284e-02;4.364746e-02
2.406771e-02;3.910050e-02;1.636698e-01;6.932825e-02;9.114373e-02;5.917195e-02;1.914023e-01;4.739698e-02;1.010317e-01;8.668374e-02;8.971488e-02;3.728840e-02
6.144641e-02;5.764380e-02;1.797432e-01;6.974235e-02;6.358455e-02;4.117236e-02;1.399658e-01;8.018507e-02;1.443474e-01;7.422626e-02;5.351705e-02;3.442568e-02
5.319889e-02;7.711157e-02;1.727374e-01;5.661068e-02;5.199091e-02;4.282913e-02;1.138190e-01;7.562058e-02;1.744995e-01;7.456639e-02;6.499253e-02;4.202346e-02
7.771402e-02;8.762582e-02;1.584209e-01;7.457580e-02;5.032688e-02;5.611802e-02;6.848366e-02;7.376590e-02;1.174616e-01;9.353247e-02;7.745229e-02;6.452268e-02
1.219465e-01;9.473637e-02;9.991235e-02;4.045851e-02;6.569441e-02;8.452518e-02;1.441471e-01;5.280451e-02;5.189510e-02;8.587597e-02;7.897310e-02;7.903093e-02
1.347775e-01;6.996449e-02;1.835223e-01;5.709200e-02;6.492514e-02;5.954925e-02;1.445443e-01;5.931363e-02;4.262005e-02;6.322577e-02;6.021426e-02;6.025119e-02
1.409473e-01;6.931950e-02;2.190896e-01;6.047751e-02;5.340699e-02;3.691353e-02;1.556535e-01;1.936567e-02;5.704400e-02;6.034902e-02;6.333695e-02;6.409641e-02
1.013924e-01;7.466119e-02;1.840315e-01;5.746381e-02;4.332140e-02;3.477782e-02;1.750555e-01;7.728596e-02;5.189975e-02;5.577008e-02;6.903738e-02;7.530321e-02
1.609026e-01;6.488768e-02;1.423372e-01;4.317300e-02;3.712726e-02;5.456984e-02;1.456192e-01;1.515644e-01;3.996516e-02;3.322342e-02;5.664133e-02;6.998897e-02
2.141819e-01;5.681266e-02;1.139011e-01;4.651253e-02;2.683517e-02;4.635178e-02;1.284141e-01;1.196464e-01;6.169114e-02;2.498470e-02;4.720274e-02;1.134657e-01
1.278139e-01;2.736419e-02;6.933810e-02;5.327658e-02;2.295334e-02;5.797906e-02;1.968998e-01;7.707906e-02;5.957413e-02;4.356803e-02;1.125503e-01;1.516035e-01
6.256893e-02;1.635382e-02;7.361160e-02;3.640757e-02;3.631254e-02;1.267719e-01;1.385611e-01;6.237404e-02;5.915296e-02;7.362706e-02;2.000704e-01;1.141880e-01
3.602829e-02;3.629457e-02;7.770497e-02;2.855019e-02;6.191844e-02;1.789179e-01;3.983507e-02;4.589334e-02;6.119728e-02;1.367653e-01;2.380702e-01;5.882447e-02
2.130622e-02;5.060333e-02;4.502980e-02;5.318303e-02;9.167676e-02;1.344558e-01;7.155979e-02;6.350195e-02;9.911239e-02;1.821979e-01;1.517126e-01;3.566048e-02
2.022622e-02;3.829185e-02;8.202250e-02;6.386023e-02;8.112098e-02;6.876997e-02;7.633719e-02;1.138215e-01;1.505262e-01;1.612888e-01;1.083712e-01;3.536334e-02
3.339454e-02;4.052310e-02;1.194938e-01;6.026421e-02;4.207788e-02;4.903613e-02;2.130494e-01;1.426037e-01;1.049076e-01;5.278787e-02;9.001365e-02;5.184812e-02
7.401595e-02;6.858380e-02;1.107569e-01;4.514135e-02;3.856732e-02;5.965295e-02;2.860786e-01;1.150994e-01;5.069500e-02;9.576526e-02;4.496942e-02;1.067410e-02
5.143834e-02;8.626530e-02;1.326945e-01;3.530661e-02;1.721361e-02;3.832015e-02;2.557943e-01;1.187143e-01;3.252051e-02;7.591131e-02;8.733898e-02;6.848212e-02
3.607798e-02;6.150432e-02;1.990117e-01;3.461119e-02;1.421944e-02;2.564231e-02;1.794046e-01;1.368890e-01;7.792957e-02;4.087726e-02;7.941420e-02;1.144184e-01
1.012524e-01;3.341777e-02;2.283559e-01;7.513081e-02;2.032472e-02;1.214113e-02;9.696510e-02;1.056694e-01;1.472918e-01;3.161746e-02;4.371372e-02;1.041199e-01
1.818407e-01;3.684223e-02;1.765700e-01;1.346313e-01;3.708459e-02;6.723552e-03;4.495213e-02;5.415316e-02;2.180393e-01;4.908512e-02;1.937067e-02;4.070729e-02
2.069712e-01;6.762865e-02;9.144483e-02;2.032551e-01;5.424661e-02;4.706630e-03;1.663456e-02;3.458050e-02;2.369483e-01;5.711700e-02;1.597859e-02;1.048801e-02
1.346361e-01;6.591920e-02;1.798518e-01;2.264639e-01;4.846932e-02;1.472788e-02;3.914461e-02;3.160941e-02;1.693152e-01;4.150361e-02;1.490551e-02;3.345341e-02
6.268865e-02;6.665059e-02;3.212793e-01;2.067380e-01;3.456980e-02;2.228334e-02;6.217653e-02;2.785571e-02;1.033318e-01;2.294465e-02;1.862668e-02;5.085504e-02
6.772948e-02;7.187428e-02;3.776497e-01;1.665606e-01;3.261336e-02;2.672195e-02;7.858182e-02;2.324806e-02;5.365782e-02;1.709239e-02;2.684851e-02;5.742200e-02
9.348435e-02;7.613125e-02;3.627996e-01;1.207987e-01;4.675069e-02;3.403914e-02;8.779278e-02;2.792325e-02;4.175026e-02;3.015240e-02;3.710500e-02;4.127251e-02
1.119878e-01;5.354009e-02;1.745540e-01;1.290061e-01;4.459707e-02;4.349114e-02;9.000258e-02;2.995520e-02;1.713256e-01;7.257880e-02;5.092486e-02;2.803677e-02
5.854952e-02;8.116233e-02;1.364324e-01;1.639470e-01;5.980463e-02;3.338647e-02;6.404503e-02;4.609121e-02;1.872103e-01;7.726818e-02;6.699783e-02;2.510513e-02
7.314687e-02;7.546306e-02;2.229316e-01;1.478087e-01;4.547419e-02;3.674826e-02;4.727855e-02;7.126892e-02;1.485379e-01;6.346475e-02;4.900974e-02;1.886744e-02
6.849986e-02;8.011461e-02;2.671688e-01;1.210405e-01;3.450356e-02;5.166999e-02;4.511463e-02;9.722658e-02;9.915602e-02;8.534452e-02;3.251613e-02;1.764476e-02
3.051362e-02;5.459056e-02;1.990570e-01;1.049531e-01;7.480317e-02;5.239995e-02;4.371977e-02;9.488214e-02;1.694652e-01;1.210887e-01;3.350801e-02;2.101873e-02
5.132110e-02;4.653844e-02;1.337431e-01;9.707061e-02;8.039968e-02;4.632293e-02;6.171862e-02;6.708924e-02;2.077440e-01;1.411223e-01;3.583530e-02;3.109457e-02
5.487665e-02;8.249051e-02;1.480756e-01;5.765809e-02;5.813028e-02;6.037909e-02;1.212628e-01;6.284022e-02;1.771414e-01;1.077346e-01;3.924687e-02;3.016389e-02
9.746377e-02;1.158234e-01;2.885744e-01;4.720286e-02;4.594978e-02;5.390068e-02;1.137075e-01;4.405996e-02;5.775243e-02;6.011027e-02;4.069955e-02;3.475538e-02
1.422968e-01;1.603986e-01;3.143126e-01;2.775022e-02;3.489499e-02;3.597778e-02;7.480952e-02;2.847270e-02;7.211211e-02;4.180840e-02;3.592038e-02;3.124590e-02
1.266507e-01;1.740255e-01;3.922469e-01;2.270639e-02;2.343715e-02;2.027803e-02;4.394570e-02;1.807478e-02;7.494122e-02;5.736652e-02;2.442042e-02;2.190668e-02
5.047944e-02;1.211215e-01;5.272937e-01;3.533178e-02;2.580522e-02;8.582326e-03;3.791085e-02;1.456046e-02;5.769532e-02;9.907224e-02;1.178758e-02;1.035955e-02
1.087971e-02;5.427683e-02;6.084273e-01;5.918310e-02;2.640872e-02;6.062949e-03;3.943736e-02;9.050148e-03;5.345501e-02;1.110154e-01;1.749373e-02;4.309691e-03
1.477275e-02;1.977978e-02;5.739957e-01;1.259041e-01;2.761738e-02;1.534377e-02;2.812785e-02;1.001813e-02;6.276014e-02;7.643911e-02;4.242779e-02;2.813536e-03
1.580838e-02;2.746434e-02;4.354506e-01;2.321432e-01;4.556986e-02;4.112137e-02;1.474287e-02;2.154112e-02;5.166097e-02;3.503156e-02;7.482673e-02;4.638904e-03
7.305869e-03;2.872948e-02;2.631716e-01;3.513434e-01;8.419124e-02;6.315386e-02;1.020824e-02;4.132169e-02;2.402229e-02;1.724237e-02;1.030086e-01;6.301358e-03
6.166012e-03;2.495171e-02;1.476165e-01;4.225037e-01;1.239460e-01;6.722264e-02;9.079324e-03;5.098932e-02;1.754043e-02;1.460283e-02;1.107824e-01;4.599231e-03
1.142815e-02;1.791807e-02;2.622833e-01;3.564924e-01;1.056594e-01;4.807000e-02;1.842946e-02;3.204360e-02;3.131081e-02;2.258956e-02;8.936974e-02;4.405591e-03
1.028930e-02;1.067338e-02;3.793548e-01;2.585205e-01;7.550587e-02;3.252862e-02;2.902004e-02;2.088218e-02;4.465799e-02;6.010156e-02;7.382280e-02;4.642949e-03
1.484585e-02;4.523116e-02;4.260769e-01;1.515061e-01;5.392782e-02;2.692704e-02;3.644733e-02;2.191591e-02;6.301889e-02;1.002051e-01;5.509345e-02;4.804415e-03
4.840642e-02;7.965945e-02;3.810019e-01;8.632993e-02;4.748376e-02;2.750587e-02;3.258029e-02;4.741110e-02;1.075731e-01;9.936842e-02;3.416506e-02;8.514645e-03
