3.112603e-02;9.177426e-02;1.043920e-01;7.980385e-02;5.483381e-02;1.190796e-01;9.851747e-02;1.981363e-01;1.382071e-01;4.484313e-02;1.882112e-02;2.046526e-02
2.948395e-02;8.021729e-02;8.659307e-02;6.867951e-02;3.727998e-02;8.376648e-02;7.343797e-02;2.079666e-01;2.095654e-01;8.001857e-02;2.628082e-02;1.671042e-02
2.531294e-02;7.211304e-02;6.170519e-02;5.392265e-02;4.927892e-02;4.643617e-02;4.064902e-02;1.840965e-01;2.794115e-01;1.313431e-01;3.921135e-02;1.651963e-02
2.242984e-02;5.452535e-02;4.697913e-02;7.921667e-02;5.782766e-02;7.542653e-02;5.358738e-02;1.069089e-01;2.768015e-01;1.334838e-01;6.254414e-02;3.026915e-02
2.413260e-02;4.070418e-02;7.009059e-02;7.847292e-02;4.425215e-02;1.660127e-01;8.277886e-02;6.407789e-02;1.916864e-01;7.808249e-02;1.094476e-01;5.026157e-02
3.076742e-02;5.085541e-02;8.059917e-02;7.282235e-02;7.416849e-02;1.567804e-01;1.266078e-01;7.651526e-02;1.012177e-01;5.664874e-02;9.384689e-02;7.917035e-02
4.933339e-02;6.946816e-02;5.569465e-02;1.036861e-01;6.274585e-02;1.202772e-01;1.520305e-01;9.961642e-02;6.416542e-02;7.053018e-02;5.284340e-02;9.960867e-02
7.728904e-02;8.300784e-02;6.885545e-02;9.413386e-02;4.291651e-02;1.149924e-01;1.395375e-01;1.411162e-01;6.833686e-02;7.576882e-02;1.869797e-02;7.534751e-02
9.399410e-02;1.398569e-01;1.007015e-01;4.687372e-02;3.433953e-02;9.217229e-02;1.034713e-01;1.913573e-01;7.746337e-02;5.773763e-02;9.932961e-03;5.209955e-02
1.209035e-01;1.388501e-01;1.086738e-01;2.580956e-02;4.252688e-02;8.401871e-02;8.216229e-02;2.422822e-01;7.301179e-02;3.390825e-02;1.197126e-02;3.588172e-02
1.240448e-01;1.419250e-01;1.161024e-01;1.672517e-02;6.944849e-02;6.521417e-02;6.348712e-02;2.851322e-01;6.088744e-02;2.238078e-02;1.254500e-02;2.210741e-02
1.205277e-01;1.456663e-01;1.235192e-01;1.682431e-02;1.041218e-01;3.296842e-02;4.055575e-02;3.098934e-01;4.346016e-02;2.563965e-02;2.379172e-02;1.303150e-02
1.060228e-01;1.762029e-01;1.312241e-01;8.795074e-03;1.339702e-01;2.909329e-02;2.796522e-02;2.916614e-01;2.873522e-02;2.355545e-02;3.246013e-02;1.031407e-02
9.264192e-02;2.136093e-01;1.096136e-01;6.282553e-03;1.479019e-01;2.367886e-02;5.659354e-02;2.522482e-01;3.002327e-02;1.956455e-02;3.931707e-02;8.525308e-03
7.365196e-02;2.441036e-01;1.269784e-01;6.969182e-03;1.199293e-01;1.946827e-02;1.124086e-01;1.895357e-01;4.563349e-02;1.610254e-02;3.720026e-02;8.018676e-03
6.318998e-02;2.264799e-01;1.272929e-01;7.958286e-03;1.119958e-01;3.467989e-02;1.459186e-01;1.858344e-01;4.090758e-02;1.912695e-02;2.688274e-02;9.733081e-03
6.353219e-02;1.678219e-01;9.924710e-02;1.559811e-02;9.831861e-02;7.721499e-02;1.533049e-01;2.216151e-01;4.780942e-02;1.938892e-02;1.631604e-02;1.983279e-02
5.227485e-02;1.093693e-01;7.525949e-02;3.055070e-02;5.588781e-02;1.258703e-01;1.800924e-01;1.895697e-01;6.829389e-02;4.626307e-02;2.792637e-02;3.864213e-02
2.674394e-02;6.452592e-02;4.688020e-02;3.392950e-02;3.586673e-02;1.412201e-01;2.602025e-01;1.306214e-01;7.320403e-02;7.020324e-02;6.461989e-02;5.198259e-02
2.654027e-02;3.559316e-02;4.286591e-02;2.718722e-02;5.770412e-02;1.010744e-01;2.622519e-01;1.423650e-01;9.026960e-02;8.048836e-02;9.113445e-02;4.252560e-02
2.302019e-02;4.587358e-02;5.701606e-02;1.799600e-02;8.627955e-02;1.157884e-01;2.337974e-01;1.613795e-01;9.025087e-02;5.166710e-02;7.486004e-02;4.207141e-02
2.937907e-02;1.069585e-01;7.308949e-02;2.451519e-02;9.405318e-02;9.557611e-02;1.975590e-01;1.735588e-01;9.249388e-02;3.196727e-02;4.257778e-02;3.827178e-02
3.980818e-02;1.762696e-01;1.152554e-01;2.459016e-02;5.748249e-02;8.014061e-02;1.176371e-01;1.364225e-01;1.262997e-01;5.777525e-02;3.464802e-02;3.367099e-02
2.821552e-02;1.753531e-01;1.373008e-01;1.696088e-02;3.642685e-02;1.309010e-01;7.640838e-02;1.595895e-01;1.154009e-01;6.174849e-02;3.827197e-02;2.342251e-02
3.437429e-02;1.850453e-01;1.363564e-01;1.775783e-02;5.995017e-02;1.352534e-01;7.219536e-02;1.703760e-01;8.781011e-02;5.091456e-02;3.287619e-02;1.709037e-02
5.760636e-02;2.077105e-01;1.430104e-01;2.113659e-02;6.770851e-02;8.430263e-02;5.694398e-02;1.554275e-01;1.017939e-01;4.201044e-02;2.459147e-02;3.775770e-02
5.324585e-02;1.626009e-01;1.136120e-01;2.704592e-02;6.303658e-02;8.997440e-02;6.539810e-02;1.460782e-01;1.087616e-01;8.019614e-02;4.841231e-02;4.163796e-02
2.851504e-02;5.719955e-02;9.103077e-02;2.944800e-02;4.663241e-02;1.165322e-01;1.082664e-01;1.627268e-01;1.187840e-01;1.192919e-01;3.649165e-02;8.508140e-02
2.512696e-02;7.128404e-02;1.174630e-01;5.841438e-02;4.628162e-02;1.015430e-01;1.097637e-01;1.474537e-01;1.001518e-01;7.495631e-02;5.539385e-02;9.216757e-02
2.552334e-02;8.338794e-02;1.583941e-01;9.596202e-02;7.023738e-02;1.095957e-01;8.275183e-02;1.042708e-01;6.928580e-02;5.980654e-02;4.435784e-02;9.642666e-02
1.508889e-02;7.361848e-02;1.432630e-01;8.777339e-02;1.540145e-01;1.845665e-01;6.693321e-02;4.546776e-02;4.871058e-02;9.061515e-02;2.180002e-02;6.814851e-02
1.818441e-02;8.611176e-02;7.372039e-02;7.532325e-02;2.157560e-01;2.408693e-01;4.382356e-02;3.482955e-02;4.476972e-02;1.248544e-01;2.136059e-02;2.039715e-02
4.982959e-02;5.932451e-02;2.920896e-02;7.362199e-02;1.981543e-01;2.027298e-01;8.752428e-02;4.358635e-02;8.953185e-02;1.338574e-01;2.475089e-02;7.880093e-03
9.955249e-02;1.920605e-02;2.285543e-02;1.174014e-01;1.253024e-01;1.033130e-01;1.147799e-01;5.371581e-02;1.851818e-01;1.062043e-01;3.335038e-02;1.913713e-02
1.024560e-01;1.450484e-02;2.503943e-02;1.508185e-01;5.406621e-02;5.504854e-02;9.517383e-02;7.205850e-02;2.894637e-01;5.327287e-02;3.604973e-02;5.204782e-02
6.595455e-02;2.144680e-02;2.961452e-02;1.303426e-01;4.670019e-02;5.138350e-02;4.474691e-02;1.188355e-01;3.313305e-01;2.928794e-02;5.665512e-02;7.370179e-02
5.727670e-02;3.224888e-02;5.708784e-02;1.042542e-01;4.111892e-02;6.204378e-02;2.673049e-02;1.941163e-01;2.494248e-01;2.100850e-02;7.725032e-02;7.743929e-02
8.799899e-02;4.115288e-02;7.917416e-02;1.086574e-01;4.196668e-02;5.476359e-02;4.232631e-02;2.334327e-01;1.593604e-01;2.147564e-02;7.448471e-02;5.520654e-02
1.279394e-01;3.293715e-02;1.033019e-01;1.376541e-01;4.198917e-02;3.456479e-02;5.466498e-02;1.980229e-01;1.547127e-01;2.522880e-02;6.134492e-02;2.763915e-02
1.377764e-01;6.717393e-02;1.384113e-01;1.471137e-01;3.928837e-02;3.502231e-02;4.524503e-02;1.486888e-01;1.436255e-01;2.484848e-02;5.436056e-02;1.844559e-02
1.071970e-01;1.161966e-01;1.469960e-01;1.074492e-01;5.060310e-02;9.389933e-02;3.811120e-02;1.283223e-01;1.057053e-01;3.798403e-02;3.811275e-02;2.942301e-02
5.193803e-02;1.364872e-01;8.835005e-02;6.772494e-02;1.008538e-01;1.474593e-01;4.437198e-02;9.176183e-02;1.050419e-01;8.263971e-02;2.357263e-02;5.979865e-02
2.515294e-02;1.260538e-01;5.640015e-02;9.058722e-02;1.953820e-01;9.113069e-02;4.076872e-02;8.029414e-02;1.176566e-01;1.068545e-01;2.245194e-02;4.726726e-02
2.043309e-02;1.096641e-01;2.813377e-02;1.266313e-01;2.427634e-01;6.539212e-02;3.747775e-02;7.259274e-02;1.271102e-01;1.197235e-01;2.425364e-02;2.582444e-02
1.267304e-02;8.242219e-02;1.595440e-02;1.117816e-01;2.556532e-01;6.430283e-02;3.223956e-02;9.638812e-02;1.404674e-01;1.367562e-01;3.064118e-02;2.072033e-02
1.704086e-02;6.155034e-02;2.814252e-02;4.733041e-02;2.075541e-01;9.723947e-02;4.767990e-02;1.385327e-01;1.641593e-01;1.361281e-01;3.061572e-02;2.402652e-02
1.981744e-02;4.725016e-02;3.011473e-02;4.013279e-02;1.396760e-01;1.034411e-01;9.042508e-02;1.812093e-01;1.739264e-01;1.036608e-01;5.161963e-02;1.872657e-02
1.652553e-02;5.192916e-02;2.612365e-02;4.045050e-02;1.076787e-01;1.307674e-01;1.055657e-01;1.689596e-01;1.727561e-01;1.011386e-01;6.294423e-02;1.516082e-02
2.292173e-02;5.124337e-02;2.007140e-02;5.334546e-02;1.045008e-01;1.567693e-01;8.459422e-02;1.669034e-01;1.668938e-01;9.828791e-02;5.851973e-02;1.594890e-02
2.150183e-02;3.458139e-02;2.303443e-02;5.907102e-02;5.509155e-02;1.604495e-01;2.007438e-01;1.283403e-01;1.433076e-01;7.952530e-02;7.978661e-02;1.456660e-02
1.643573e-02;2.333008e-02;3.639030e-02;6.385979e-02;5.987869e-02;1.623906e-01;2.725348e-01;9.995212e-02;1.139383e-01;5.564139e-02;7.629954e-02;1.934864e-02
1.987308e-02;3.020298e-02;3.604994e-02;5.735192e-02;9.143163e-02;1.894938e-01;2.537293e-01;8.689027e-02;1.134801e-01;4.628529e-02;5.874450e-02;1.646718e-02
2.716249e-02;2.770947e-02;3.412477e-02;5.867675e-02;9.052265e-02;1.823048e-01;1.506504e-01;1.075768e-01;1.868978e-01;6.690963e-02;4.101289e-02;2.645154e-02
3.194513e-02;2.595335e-02;3.276199e-02;5.520028e-02;7.065493e-02;1.100032e-01;9.592064e-02;1.784455e-01;2.407252e-01;9.601430e-02;2.765950e-02;3.471602e-02
2.748431e-02;4.143743e-02;3.905727e-02;4.800083e-02;6.653900e-02;8.700916e-02;1.139477e-01;2.040829e-01;2.192951e-01;8.425779e-02;3.342639e-02;3.546217e-02
2.962453e-02;5.335978e-02;5.785297e-02;4.990278e-02;8.776082e-02;1.449448e-01;1.029752e-01;1.942878e-01;1.437942e-01;5.834789e-02;4.284077e-02;3.430855e-02
6.573351e-02;5.964680e-02;9.731969e-02;6.314068e-02;9.572982e-02;1.139127e-01;1.371422e-01;1.112354e-01;7.383747e-02;5.742216e-02;7.187761e-02;5.300200e-02
6.676226e-02;6.743217e-02;1.365249e-01;9.551531e-02;6.301081e-02;1.107448e-01;1.157390e-01;7.574061e-02;8.985705e-02;5.357239e-02;6.729810e-02;5.780255e-02
6.434668e-02;7.310658e-02;1.285930e-01;1.045318e-01;6.020524e-02;1.236515e-01;1.159695e-01;6.277984e-02;1.243159e-01;4.848868e-02;4.693473e-02;4.707652e-02
3.903377e-02;4.994545e-02;1.141206e-01;7.725182e-02;8.140012e-02;1.303633e-01;1.014067e-01;1.403761e-01;1.592250e-01;5.791150e-02;2.112489e-02;2.784079e-02
1.320787e-02;4.077131e-02;1.341029e-01;6.324657e-02;1.087771e-01;1.370226e-01;6.345250e-02;1.315331e-01;1.790240e-01;8.759655e-02;1.548832e-02;2.577716e-02
5.714366e-02;2.927457e-02;1.313227e-01;9.631893e-02;9.224812e-02;1.078145e-01;6.712641e-02;9.753901e-02;2.151131e-01;7.242204e-02;1.684419e-02;1.683276e-02
8.076411e-02;2.471426e-02;9.563752e-02;1.466088e-01;5.447612e-02;6.519514e-02;9.229884e-02;1.553554e-01;2.189474e-01;3.305419e-02;2.341222e-02;9.536094e-03
6.710126e-02;6.791496e-02;7.002855e-02;1.424212e-01;5.810761e-02;5.452452e-02;7.904316e-02;2.124846e-01;1.938323e-01;1.339151e-02;2.413114e-02;1.701924e-02
4.624354e-02;1.056638e-01;7.971507e-02;9.334053e-02;5.772388e-02;9.022449e-02;5.115042e-02;2.487885e-01;1.555209e-01;1.990664e-02;1.815690e-02;3.356528e-02
5.831616e-02;1.213625e-01;9.103488e-02;6.603985e-02;4.746735e-02;1.217091e-01;4.520989e-02;2.354676e-01;1.243912e-01;3.330050e-02;2.391699e-02;3.178398e-02
6.880689e-02;9.970594e-02;5.507908e-02;5.014930e-02;6.998898e-02;1.804320e-01;5.704703e-02;1.934053e-01;1.109658e-01;4.240450e-02;5.082778e-02;2.118741e-02
5.622183e-02;6.073304e-02;4.451213e-02;5.950674e-02;9.192000e-02;1.569832e-01;6.934643e-02;1.547494e-01;1.561183e-01;5.193716e-02;6.411096e-02;3.386090e-02
5.506454e-02;8.633123e-02;5.932491e-02;5.690266e-02;7.803411e-02;1.230517e-01;8.915721e-02;1.092115e-01;1.927727e-01;6.115215e-02;4.944427e-02;3.955303e-02
7.870570e-02;7.889896e-02;7.863435e-02;4.747738e-02;8.782092e-02;1.031692e-01;9.387533e-02;1.293139e-01;1.785269e-01;5.189350e-02;4.616371e-02;2.552010e-02
4.699961e-02;6.217926e-02;7.166518e-02;4.603715e-02;1.121442e-01;6.122126e-02;6.320045e-02;1.654127e-01;1.714947e-01;1.113942e-01;6.286587e-02;2.538539e-02
7.495874e-02;4.850084e-02;5.956611e-02;6.478717e-02;1.172900e-01;7.426035e-02;5.346017e-02;1.147487e-01;1.517417e-01;1.357872e-01;5.151734e-02;5.338182e-02
1.103455e-01;3.722354e-02;6.543214e-02;7.474362e-02;1.193979e-01;1.093765e-01;6.027900e-02;7.945117e-02;9.262728e-02;1.164449e-01;6.181094e-02;7.286763e-02
8.569255e-02;7.309686e-02;6.915435e-02;8.121507e-02;1.001548e-01;1.198194e-01;6.224656e-02;1.120609e-01;8.056681e-02;9.551057e-02;5.933439e-02;6.114767e-02
7.026386e-02;9.382559e-02;8.416291e-02;8.122034e-02;6.973688e-02;7.698750e-02;1.095244e-01;1.397767e-01;1.240125e-01;6.664526e-02;4.229707e-02;4.154700e-02
1.072997e-01;4.852903e-02;9.599745e-02;1.040054e-01;5.528544e-02;4.430825e-02;1.279043e-01;1.533129e-01;1.606376e-01;5.533347e-02;3.037238e-02;1.701408e-02
1.093843e-01;5.526327e-02;1.033411e-01;1.242513e-01;4.845861e-02;3.386196e-02;1.191826e-01;1.523016e-01;1.678150e-01;4.322812e-02;2.857688e-02;1.433520e-02
9.738047e-02;9.835257e-02;1.048838e-01;1.141969e-01;5.260307e-02;5.128495e-02;7.807790e-02;1.621911e-01;1.567783e-01;3.364063e-02;2.609641e-02;2.451384e-02
9.493763e-02;1.088642e-01;9.679063e-02;7.524803e-02;6.240106e-02;9.445065e-02;6.895688e-02;1.578694e-01;1.241852e-01;4.098063e-02;2.541906e-02;4.989675e-02
8.686244e-02;4.353679e-02;1.596999e-01;9.190524e-02;7.279345e-02;6.158345e-02;1.458639e-01;9.913588e-02;1.258197e-01;4.094260e-02;3.224972e-02;3.960691e-02
7.682805e-02;2.483605e-02;1.903361e-01;8.692535e-02;5.973859e-02;6.674058e-02;2.005482e-01;9.697495e-02;1.308906e-01;3.406698e-02;1.966134e-02;1.245319e-02
6.981812e-02;1.538925e-02;1.586104e-01;1.267898e-01;4.960902e-02;5.288251e-02;2.352786e-01;1.087186e-01;1.429844e-01;2.566879e-02;1.059949e-02;3.650924e-03
7.363219e-02;9.219205e-03;8.568919e-02;1.596310e-01;5.389624e-02;3.240354e-02;2.355894e-01;1.559902e-01;1.598239e-01;2.129606e-02;8.909660e-03;3.919503e-03
7.188224e-02;7.928479e-03;4.112437e-02;1.675935e-01;5.834332e-02;3.225788e-02;1.938921e-01;2.034828e-01;1.769220e-01;3.363427e-02;7.912675e-03;5.026381e-03
6.597450e-02;8.687565e-03;2.374074e-02;1.781486e-01;5.502066e-02;3.330899e-02;1.475825e-01;2.365059e-01;1.989911e-01;3.838700e-02;8.887198e-03;4.765102e-03
5.844610e-02;6.394591e-03;2.509187e-02;1.923167e-01;4.270840e-02;1.558822e-02;8.367140e-02;2.716693e-01;2.382825e-01;5.365884e-02;8.833462e-03;3.338641e-03
4.634701e-02;6.169605e-03;1.674778e-02;1.830560e-01;2.945694e-02;3.776508e-02;7.083981e-02;2.850347e-01;2.539320e-01;5.726278e-02;1.169904e-02;1.689326e-03
3.810235e-02;6.307243e-03;1.369664e-02;1.477178e-01;2.322970e-02;4.077192e-02;1.124522e-01;2.903425e-01;2.587988e-01;5.437287e-02;1.058558e-02;3.622418e-03
3.375361e-02;1.138763e-02;1.494887e-02;9.394189e-02;4.134596e-02;6.374604e-02;1.561696e-01;2.684943e-01;2.500385e-01;5.191416e-02;6.771646e-03;7.487797e-03
2.452290e-02;1.842510e-02;1.512243e-02;5.209155e-02;9.139272e-02;1.293650e-01;1.417712e-01;2.098954e-01;2.312356e-01;6.539923e-02;8.373572e-03;1.240535e-02
9.998188e-03;2.493497e-02;2.237660e-02;3.599054e-02;1.488922e-01;1.236972e-01;7.247218e-02;1.440091e-01;2.747015e-01;1.141567e-01;1.135367e-02;1.741730e-02
7.711204e-03;2.518759e-02;3.757409e-02;2.590034e-02;1.594971e-01;2.099589e-01;2.066339e-02;8.223745e-02;2.785705e-01;1.174012e-01;1.698032e-02;1.831789e-02
9.409034e-03;2.315222e-02;3.313097e-02;2.308972e-02;1.322100e-01;2.271552e-01;3.121797e-02;1.272271e-01;2.742065e-01;8.747544e-02;1.722264e-02;1.450311e-02
1.487197e-02;2.866846e-02;5.952913e-02;4.099942e-02;1.308581e-01;1.828284e-01;3.698575e-02;1.368041e-01;2.684659e-01;6.813823e-02;1.621852e-02;1.563197e-02
1.669965e-02;2.892250e-02;9.922981e-02;6.225149e-02;9.384602e-02;1.353455e-01;3.241744e-02;1.548897e-01;2.881683e-01;5.712787e-02;1.658765e-02;1.451412e-02
1.941327e-02;3.676302e-02;1.007789e-01;5.093226e-02;4.490300e-02;9.029580e-02;3.352087e-02;2.358056e-01;3.096294e-01;5.188613e-02;1.924171e-02;6.829988e-03
1.693371e-02;3.633327e-02;4.346836e-02;6.263624e-02;6.274594e-02;7.649377e-02;5.045206e-02;3.310815e-01;2.606832e-01;3.446576e-02;1.631829e-02;8.387947e-03
1.014878e-02;2.554951e-02;4.894122e-02;8.758717e-02;6.700616e-02;1.003013e-01;9.373799e-02;3.386921e-01;1.889050e-01;2.038163e-02;1.214368e-02;6.605408e-03
1.163615e-02;3.359072e-02;5.920569e-02;9.753686e-02;5.096486e-02;1.277793e-01;1.651278e-01;2.687225e-01;1.387288e-01;2.813702e-02;1.138875e-02;7.181537e-03
1.184720e-02;3.956333e-02;4.763887e-02;1.263716e-01;4.656517e-02;1.563877e-01;2.014128e-01;2.041460e-01;1.134067e-01;3.927447e-02;9.211411e-03;4.174662e-03
1.506566e-02;4.499286e-02;3.408258e-02;1.315616e-01;7.362502e-02;1.652726e-01;1.776476e-01;1.716814e-01;1.192251e-01;4.751654e-02;1.411551e-02;5.213583e-03
2.387443e-02;4.284151e-02;3.154544e-02;6.943861e-02;8.161730e-02;1.978105e-01;9.064963e-02;2.584875e-01;1.156486e-01;5.877553e-02;2.022244e-02;9.088472e-03
1.941978e-02;3.268054e-02;3.827604e-02;3.411708e-02;8.185957e-02;2.135778e-01;1.108679e-01;2.278706e-01;1.463273e-01;7.247971e-02;1.706760e-02;5.456014e-03
1.374039e-02;3.241815e-02;3.781711e-02;5.140153e-02;6.338249e-02;2.086217e-01;1.282690e-01;2.050131e-01;1.762625e-01;5.827977e-02;1.480779e-02;9.986549e-03
1.904141e-02;2.454361e-02;3.285297e-02;9.196506e-02;5.629523e-02;1.797053e-01;1.029554e-01;2.120481e-01;1.894307e-01;6.286039e-02;1.355750e-02;1.474438e-02
2.335018e-02;4.301243e-02;2.457010e-02;1.116973e-01;3.944041e-02;2.080902e-01;1.247860e-01;1.543456e-01;1.377337e-01;8.276264e-02;1.979872e-02;3.041271e-02
4.332247e-02;4.255402e-02;3.105528e-02;6.621306e-02;4.414440e-02;2.797979e-01;1.247563e-01;1.245541e-01;1.158594e-01;6.388726e-02;1.714443e-02;4.671137e-02
3.437288e-02;4.649091e-02;3.112115e-02;4.873287e-02;3.334150e-02;2.721235e-01;1.459381e-01;1.416329e-01;1.178255e-01;6.234575e-02;1.374967e-02;5.232533e-02
2.542855e-02;5.061384e-02;4.456394e-02;4.445344e-02;3.528244e-02;2.440463e-01;2.173388e-01;1.035109e-01;1.051100e-01;6.451590e-02;1.513696e-02;4.999882e-02
2.574094e-02;4.502569e-02;7.734081e-02;6.968074e-02;4.283664e-02;1.856779e-01;2.308357e-01;1.048393e-01;8.545635e-02;7.222474e-02;2.289425e-02;3.744707e-02
3.598950e-02;4.080636e-02;8.054946e-02;1.185744e-01;7.015061e-02;1.361517e-01;1.704344e-01;1.390797e-01;8.876171e-02;6.619067e-02;2.307942e-02;3.023207e-02
7.162882e-02;6.233498e-02;6.184163e-02;1.102900e-01;9.233648e-02;1.632629e-01;9.784919e-02;1.281693e-01;8.885803e-02;7.731568e-02;1.915844e-02;2.695453e-02
5.757762e-02;1.206072e-01;8.504865e-02;5.536446e-02;8.723227e-02;1.365869e-01;8.431890e-02;1.509981e-01;9.910278e-02;6.475797e-02;2.878222e-02;2.962285e-02
3.594904e-02;1.091134e-01;1.005818e-01;1.076305e-01;6.734890e-02;1.004528e-01;6.786395e-02;2.083096e-01;1.229989e-01;3.602798e-02;2.247566e-02;2.124754e-02
2.201076e-02;5.522037e-02;7.995944e-02;1.631860e-01;7.865259e-02;6.992089e-02;8.026204e-02;2.135072e-01;1.575976e-01;5.202533e-02;1.653027e-02;1.112741e-02
1.764025e-02;2.251315e-02;5.305905e-02;1.340328e-01;1.130206e-01;1.048580e-01;8.411601e-02;1.711245e-01;1.649999e-01;9.254696e-02;3.012757e-02;1.196116e-02
2.462813e-02;2.275205e-02;6.782509e-02;5.651778e-02;1.065181e-01;1.632537e-01;7.309090e-02;1.015722e-01;1.725305e-01;1.355108e-01;5.424866e-02;2.155202e-02
1.935657e-02;2.220554e-02;7.168299e-02;3.866716e-02;8.588748e-02;1.810715e-01;7.516339e-02;1.060759e-01;1.744381e-01;1.188040e-01;6.769956e-02;3.894780e-02
2.302533e-02;4.002914e-02;5.485805e-02;3.992318e-02;5.179426e-02;1.443082e-01;2.035932e-01;1.416684e-01;1.151612e-01;6.479258e-02;4.743454e-02;7.341195e-02
3.306612e-02;6.111149e-02;3.659797e-02;6.668450e-02;1.871284e-02;7.054766e-02;3.493972e-01;1.202268e-01;6.777884e-02;3.952279e-02;2.099542e-02;1.153584e-01
4.515419e-02;7.436912e-02;3.173513e-02;1.118091e-01;1.467723e-02;5.976914e-02;3.584543e-01;7.268596e-02;3.103587e-02;4.338713e-02;1.421562e-02;1.427073e-01
4.564037e-02;7.560523e-02;3.092784e-02;1.289426e-01;1.494279e-02;7.586204e-02;3.517238e-01;6.235674e-02;2.175900e-02;5.267749e-02;8.508020e-03;1.310541e-01
2.942578e-02;7.213970e-02;2.385159e-02;1.110510e-01;1.159180e-02;5.098058e-02;4.603146e-01;6.175382e-02;1.908721e-02;4.217797e-02;6.903109e-03;1.107228e-01
1.925758e-02;5.834672e-02;1.946253e-02;7.627194e-02;2.645992e-02;3.180457e-02;4.936820e-01;1.163995e-01;2.437170e-02;2.599955e-02;1.229143e-02;9.565252e-02
1.591129e-02;4.807888e-02;2.248843e-02;4.124844e-02;6.060332e-02;4.898454e-02;3.999004e-01;2.032995e-01;4.591505e-02;1.514570e-02;1.941609e-02;7.900834e-02
1.678541e-02;4.187001e-02;3.061946e-02;2.143133e-02;9.388518e-02;1.001018e-01;2.631776e-01;2.464779e-01;7.455261e-02;1.522273e-02;3.075723e-02;6.511880e-02
1.974191e-02;3.720379e-02;5.893581e-02;2.173855e-02;8.937337e-02;2.025794e-01;1.814614e-01;1.655649e-01;1.081732e-01;2.485484e-02;4.368907e-02;4.668375e-02
2.950409e-02;4.454885e-02;6.759965e-02;2.153101e-02;5.224213e-02;2.874629e-01;1.625196e-01;9.321954e-02;1.287157e-01;3.476788e-02;4.176363e-02;3.612507e-02
2.840006e-02;6.950978e-02;5.705943e-02;2.670185e-02;4.038582e-02;2.247224e-01;1.799487e-01;1.216644e-01;1.394001e-01;4.396408e-02;4.806030e-02;2.018310e-02
1.554468e-02;7.537340e-02;5.948820e-02;5.004168e-02;4.172913e-02;9.062429e-02;2.238318e-01;1.841761e-01;1.456531e-01;4.699128e-02;5.513908e-02;1.140727e-02
2.434123e-02;5.117711e-02;7.938244e-02;5.322397e-02;3.143764e-02;1.090494e-01;1.678080e-01;2.129989e-01;1.447901e-01;4.850945e-02;5.983829e-02;1.744341e-02
2.036535e-02;4.060110e-02;6.321567e-02;2.466993e-02;4.631533e-02;1.665825e-01;1.311478e-01;1.887854e-01;1.513994e-01;8.361932e-02;4.458274e-02;3.871544e-02
2.192228e-02;5.059821e-02;3.072313e-02;6.380188e-02;6.823585e-02;1.453348e-01;1.254831e-01;1.652293e-01;1.522586e-01;1.208929e-01;2.681903e-02;2.870087e-02
2.494533e-02;4.367533e-02;6.162310e-02;5.816576e-02;6.657918e-02;8.230440e-02;1.004620e-01;2.445386e-01;1.408573e-01;1.416443e-01;1.730340e-02;1.790133e-02
1.292297e-02;3.330354e-02;8.560802e-02;4.768129e-02;9.419595e-02;7.178754e-02;1.433958e-01;2.557718e-01;1.010441e-01;1.302877e-01;1.115714e-02;1.284419e-02
9.403748e-03;4.461768e-02;8.458313e-02;6.213178e-02;1.078769e-01;6.805495e-02;1.756047e-01;1.915279e-01;1.207556e-01;1.139109e-01;1.252089e-02;9.011758e-03
1.006054e-02;4.920214e-02;9.112197e-02;7.686288e-02;7.086559e-02;7.356691e-02;1.069599e-01;2.273037e-01;1.601384e-01;1.100964e-01;1.436000e-02;9.461546e-03
1.456066e-02;6.004369e-02;1.025554e-01;8.363691e-02;5.075477e-02;7.889734e-02;8.358170e-02;2.092030e-01;1.891206e-01;7.289126e-02;3.373114e-02;2.102349e-02
2.275076e-02;8.202948e-02;1.224433e-01;5.803136e-02;4.860420e-02;7.776994e-02;1.008773e-01;1.943626e-01;1.460336e-01;5.576063e-02;6.041754e-02;3.091945e-02
4.030294e-02;1.021612e-01;1.243824e-01;5.414748e-02;5.647765e-02;4.946320e-02;1.387825e-01;1.919924e-01;9.641510e-02;3.604747e-02;6.823399e-02;4.159364e-02
5.067636e-02;9.793640e-02;1.189076e-01;5.600597e-02;7.285464e-02;1.061514e-01;1.427353e-01;1.388950e-01;7.831383e-02;2.373092e-02;6.282202e-02;5.097050e-02
5.560662e-02;7.577465e-02;1.051321e-01;4.653415e-02;7.841262e-02;1.567457e-01;1.085960e-01;1.519133e-01;1.275660e-01;2.152954e-02;3.140985e-02;4.077948e-02
4.871496e-02;5.043515e-02;1.215391e-01;6.377735e-02;7.290199e-02;1.103449e-01;6.021602e-02;2.240630e-01;1.479532e-01;3.227549e-02;2.926932e-02;3.850955e-02
3.331087e-02;5.312287e-02;1.273313e-01;5.621461e-02;6.876022e-02;8.762623e-02;5.886504e-02;2.567013e-01;1.386611e-01;3.983260e-02;4.633906e-02;3.323480e-02
2.588156e-02;9.415142e-02;1.574309e-01;3.219398e-02;5.392234e-02;1.252293e-01;5.832738e-02;2.081165e-01;1.162558e-01;5.210593e-02;4.364812e-02;3.273682e-02
4.180101e-02;7.542620e-02;1.523776e-01;5.093455e-02;3.962313e-02;1.436790e-01;8.302382e-02;1.164714e-01;9.983129e-02;5.477644e-02;8.241370e-02;5.964182e-02
5.898705e-02;7.638180e-02;1.230965e-01;6.994708e-02;5.021498e-02;1.330524e-01;8.659765e-02;1.072476e-01;8.297217e-02;5.932969e-02;9.666977e-02;5.550320e-02
7.008528e-02;1.005706e-01;1.190689e-01;6.983431e-02;6.704146e-02;1.462692e-01;6.556103e-02;1.151898e-01;7.574661e-02;5.468342e-02;7.396075e-02;4.198866e-02
6.545306e-02;9.942210e-02;1.023261e-01;7.092591e-02;9.212534e-02;1.655600e-01;6.888488e-02;1.032752e-01;8.316388e-02;5.911367e-02;6.776818e-02;2.198171e-02
3.235349e-02;9.876396e-02;1.242694e-01;5.814350e-02;1.067038e-01;1.449267e-01;6.476764e-02;9.684721e-02;7.504950e-02;6.661086e-02;7.547575e-02;5.608817e-02
3.144512e-02;7.323713e-02;1.203871e-01;4.408393e-02;6.336027e-02;1.150062e-01;7.885061e-02;1.499609e-01;1.092879e-01;7.202903e-02;7.014903e-02;7.220275e-02
4.557980e-02;5.055206e-02;8.181082e-02;5.275019e-02;3.981556e-02;1.055307e-01;1.236835e-01;1.370685e-01;1.562379e-01;8.188947e-02;5.737987e-02;6.770159e-02
8.625587e-02;5.297976e-02;5.748220e-02;6.627709e-02;4.361635e-02;8.734218e-02;8.312133e-02;1.422556e-01;1.582182e-01;1.031629e-01;4.813626e-02;7.115229e-02
8.600109e-02;5.908076e-02;6.409289e-02;7.282473e-02;6.134580e-02;1.366700e-01;6.645051e-02;1.183155e-01;1.080374e-01;9.888925e-02;6.221559e-02;6.607641e-02
6.433336e-02;5.664318e-02;9.155312e-02;8.025748e-02;5.300312e-02;1.757553e-01;8.043975e-02;9.456650e-02;9.273986e-02;8.709000e-02;7.037211e-02;5.324623e-02
4.909788e-02;5.741448e-02;1.024008e-01;7.939371e-02;5.789631e-02;1.608444e-01;7.175497e-02;1.036885e-01;6.558989e-02;1.048018e-01;8.482444e-02;6.229284e-02
4.719325e-02;5.941897e-02;8.716670e-02;6.185307e-02;6.543478e-02;1.181103e-01;1.164946e-01;1.190032e-01;7.996828e-02;1.222021e-01;6.225577e-02;6.089894e-02
4.573467e-02;4.768965e-02;1.102471e-01;5.786671e-02;8.418328e-02;1.107109e-01;1.175723e-01;1.089549e-01;1.279394e-01;1.062859e-01;3.657905e-02;4.623621e-02
6.114697e-02;4.976134e-02;9.899722e-02;7.699838e-02;7.133947e-02;8.458709e-02;1.395924e-01;1.364885e-01;1.399413e-01;7.736439e-02;3.671373e-02;2.706923e-02
4.986461e-02;8.009483e-02;5.813289e-02;6.997545e-02;6.075235e-02;9.036720e-02;1.495873e-01;1.631230e-01;1.043590e-01;7.126597e-02;5.432044e-02;4.815688e-02
6.897902e-02;1.116265e-01;1.059101e-01;6.394509e-02;6.497956e-02;1.229665e-01;1.067987e-01;1.376394e-01;8.346979e-02;4.228578e-02;4.361762e-02;4.778191e-02
8.108357e-02;9.266696e-02;9.770804e-02;9.810963e-02;8.737425e-02;1.018443e-01;8.787850e-02;1.329180e-01;1.109662e-01;4.513804e-02;2.740693e-02;3.690549e-02
8.790953e-02;5.457541e-02;7.796334e-02;1.714932e-01;1.023501e-01;6.625979e-02;7.278045e-02;1.423912e-01;1.292181e-01;4.650834e-02;2.382157e-02;2.472897e-02
8.000934e-02;4.140777e-02;7.119936e-02;2.709692e-01;1.200271e-01;2.805618e-02;5.160571e-02;1.226165e-01;1.300538e-01;4.423071e-02;2.577328e-02;1.405109e-02
5.697496e-02;3.158567e-02;4.560925e-02;3.405925e-01;1.426703e-01;3.286400e-02;5.086479e-02;9.573685e-02;1.282140e-01;4.533324e-02;2.413122e-02;5.423228e-03
4.782139e-02;7.681172e-02;7.794391e-02;2.915271e-01;1.608699e-01;4.664838e-02;4.453180e-02;7.945473e-02;1.055554e-01;3.647852e-02;2.047923e-02;1.187785e-02
3.725960e-02;1.285158e-01;1.171013e-01;1.913258e-01;1.451207e-01;7.446470e-02;4.728885e-02;1.085186e-01;9.605573e-02;1.739273e-02;1.127801e-02;2.567824e-02
2.130683e-02;1.506962e-01;1.406847e-01;1.181337e-01;1.114698e-01;9.802811e-02;4.766530e-02;1.324900e-01;1.103212e-01;1.278690e-02;1.390476e-02;4.251248e-02
2.447644e-02;1.517842e-01;1.627673e-01;9.890176e-02;1.203159e-01;9.425871e-02;2.844783e-02;1.312252e-01;1.157168e-01;1.029972e-02;9.815077e-03;5.199101e-02
2.000040e-02;1.336578e-01;1.645516e-01;1.127164e-01;1.478391e-01;7.574404e-02;3.204614e-02;1.283780e-01;1.054418e-01;1.869705e-02;5.742090e-03;5.518563e-02
1.769721e-02;1.225120e-01;1.816277e-01;1.292563e-01;1.568537e-01;6.288128e-02;3.319043e-02;1.259926e-01;9.214476e-02;2.791531e-02;9.214429e-03;4.071422e-02
1.919236e-02;1.192816e-01;2.143356e-01;1.418851e-01;1.362220e-01;6.462425e-02;3.207649e-02;1.206519e-01;8.845392e-02;2.066542e-02;1.097703e-02;3.163439e-02
2.122912e-02;1.108255e-01;2.334464e-01;1.766893e-01;1.098433e-01;4.877527e-02;2.918518e-02;1.063917e-01;1.007346e-01;2.445942e-02;1.142272e-02;2.699752e-02
3.316673e-02;1.084552e-01;2.242742e-01;2.065576e-01;7.720593e-02;4.408937e-02;2.554842e-02;1.087510e-01;1.105808e-01;2.771298e-02;9.357794e-03;2.429998e-02
3.104203e-02;1.251451e-01;1.924995e-01;1.741032e-01;7.060646e-02;6.974559e-02;3.408198e-02;1.248381e-01;1.133746e-01;3.316043e-02;9.291531e-03;2.211150e-02
2.425901e-02;1.195035e-01;1.607788e-01;9.008752e-02;7.212151e-02;1.224699e-01;5.772458e-02;1.792727e-01;9.467323e-02;3.693509e-02;1.875521e-02;2.341891e-02
2.953064e-02;1.193989e-01;1.179084e-01;1.046893e-01;9.852123e-02;1.649311e-01;5.872841e-02;1.740876e-01;5.429928e-02;3.458732e-02;2.000115e-02;2.331660e-02
2.766072e-02;9.074513e-02;1.040565e-01;2.158819e-01;1.494657e-01;1.360244e-01;3.883493e-02;1.103812e-01;7.982643e-02;1.640561e-02;1.568002e-02;1.503744e-02
2.470720e-02;8.956553e-02;8.709434e-02;2.645717e-01;1.553712e-01;8.781081e-02;5.095140e-02;1.023199e-01;1.064064e-01;1.557160e-02;6.612913e-03;9.016928e-03
2.178061e-02;1.165204e-01;9.048650e-02;2.642974e-01;1.656366e-01;5.518407e-02;5.308438e-02;8.963053e-02;9.588152e-02;2.292970e-02;1.600587e-02;8.562389e-03
2.331366e-02;1.120724e-01;8.403545e-02;1.953864e-01;1.394572e-01;7.256622e-02;5.666471e-02;1.112640e-01;1.054915e-01;7.167828e-02;1.664646e-02;1.142372e-02
2.237061e-02;7.923561e-02;8.994307e-02;1.286653e-01;6.547484e-02;1.013642e-01;1.140677e-01;1.110113e-01;1.430379e-01;1.222892e-01;1.219205e-02;1.034834e-02
2.346151e-02;4.554512e-02;1.021489e-01;7.131869e-02;7.134265e-02;1.128242e-01;1.641255e-01;1.113610e-01;1.487645e-01;1.277724e-01;1.239084e-02;8.944676e-03
2.035447e-02;2.687430e-02;1.115991e-01;5.447318e-02;1.177047e-01;9.637003e-02;1.839629e-01;1.629369e-01;9.925491e-02;1.124453e-01;8.699375e-03;5.324896e-03
1.486224e-02;5.194620e-02;1.087849e-01;6.767365e-02;8.874054e-02;6.960468e-02;3.120134e-01;1.498135e-01;5.496308e-02;6.593274e-02;1.038583e-02;5.279275e-03
1.619154e-02;6.967706e-02;7.658349e-02;8.849750e-02;9.999278e-02;7.483851e-02;3.312969e-01;1.493073e-01;5.122913e-02;2.193108e-02;1.159240e-02;8.862287e-03
3.222948e-02;5.316387e-02;5.232176e-02;8.913004e-02;7.913423e-02;8.317063e-02;2.135524e-01;2.275892e-01;1.014013e-01;4.445666e-02;1.155811e-02;1.229233e-02
6.857192e-02;5.962252e-02;5.381725e-02;5.870219e-02;4.454211e-02;1.171415e-01;9.190132e-02;2.503943e-01;1.285603e-01;6.945724e-02;1.668632e-02;4.060291e-02
7.316517e-02;4.756533e-02;5.740369e-02;7.106663e-02;4.933153e-02;1.249198e-01;7.566695e-02;2.780894e-01;1.136504e-01;5.180023e-02;2.113915e-02;3.620173e-02
6.370057e-02;3.867972e-02;6.815912e-02;7.221192e-02;7.119907e-02;1.607111e-01;4.819742e-02;2.991703e-01;7.540871e-02;4.118737e-02;3.778042e-02;2.359435e-02
2.740516e-02;3.794690e-02;8.019652e-02;5.086062e-02;6.954299e-02;1.717359e-01;7.132848e-02;3.226308e-01;8.412278e-02;3.753156e-02;3.754517e-02;9.153153e-03
8.537656e-03;3.672669e-02;8.162026e-02;4.589056e-02;5.445737e-02;9.867086e-02;7.737280e-02;3.894153e-01;1.307576e-01;4.128725e-02;2.258747e-02;1.267615e-02
9.533018e-03;3.384216e-02;5.313493e-02;6.076881e-02;6.210915e-02;7.392242e-02;6.263406e-02;4.530182e-01;1.340970e-01;3.344281e-02;8.424358e-03;1.507310e-02
1.059738e-02;3.341561e-02;5.255814e-02;7.440591e-02;7.628895e-02;7.554288e-02;6.105684e-02;4.361031e-01;1.104227e-01;2.368309e-02;3.008456e-02;1.584088e-02
1.039076e-02;4.154122e-02;6.771843e-02;5.883475e-02;7.646255e-02;8.109047e-02;9.691273e-02;4.001433e-01;9.436551e-02;2.380657e-02;3.540931e-02;1.332449e-02
1.250712e-02;6.748040e-02;5.801624e-02;4.857507e-02;9.805982e-02;1.238103e-01;1.174411e-01;3.223765e-01;8.354238e-02;2.487384e-02;2.968325e-02;1.363400e-02
1.029559e-02;1.033753e-01;1.004142e-01;5.617066e-02;9.202499e-02;1.165513e-01;1.582298e-01;2.098025e-01;7.131533e-02;2.291538e-02;3.664786e-02;2.225719e-02
1.454849e-02;1.485031e-01;1.338303e-01;6.649188e-02;5.753710e-02;1.363502e-01;1.871577e-01;1.365034e-01;4.932888e-02;2.062981e-02;3.365875e-02;1.546038e-02
2.118570e-02;1.931062e-01;1.241609e-01;9.212639e-02;3.580337e-02;1.558804e-01;1.952240e-01;9.449793e-02;2.870162e-02;2.078383e-02;2.858364e-02;9.946003e-03
4.527146e-02;1.753574e-01;5.978881e-02;1.609647e-01;2.706206e-02;1.941895e-01;1.610190e-01;7.968687e-02;1.945652e-02;3.241095e-02;2.966463e-02;1.512814e-02
7.092283e-02;1.204672e-01;2.805950e-02;2.228172e-01;2.531046e-02;2.520355e-01;1.052511e-01;7.827509e-02;1.864725e-02;4.362295e-02;2.077146e-02;1.381953e-02
1.123545e-01;1.003203e-01;3.143881e-02;2.082706e-01;3.298393e-02;2.935393e-01;4.147466e-02;8.249460e-02;2.212578e-02;5.255717e-02;1.193565e-02;1.050458e-02
1.410391e-01;8.571970e-02;2.816905e-02;1.504902e-01;4.922585e-02;3.154539e-01;3.407081e-02;7.974640e-02;2.882620e-02;5.908376e-02;1.659842e-02;1.157673e-02
1.474148e-01;6.823299e-02;4.474626e-02;1.042017e-01;4.592244e-02;3.471772e-01;3.113722e-02;7.342055e-02;3.645942e-02;5.679997e-02;1.474193e-02;2.974567e-02
1.057824e-01;6.415857e-02;1.094109e-01;8.563063e-02;5.377505e-02;3.469259e-01;3.389948e-02;6.862534e-02;3.321439e-02;4.506853e-02;8.801530e-03;4.470735e-02
3.373622e-02;8.281727e-02;2.104364e-01;7.975163e-02;8.042798e-02;2.907721e-01;4.497185e-02;5.117293e-02;3.692102e-02;2.648686e-02;1.905891e-02;4.344677e-02
3.396111e-02;9.528013e-02;1.639811e-01;8.574568e-02;1.284943e-01;1.844664e-01;6.425203e-02;6.031809e-02;6.254221e-02;3.056857e-02;3.360692e-02;5.678345e-02
1.934740e-02;1.147206e-01;1.327464e-01;8.465817e-02;1.470979e-01;1.504986e-01;7.327931e-02;6.193936e-02;7.437781e-02;3.128432e-02;3.755498e-02;7.249515e-02
3.716697e-02;1.084940e-01;1.016454e-01;7.805827e-02;1.341612e-01;1.533307e-01;7.392401e-02;7.659120e-02;7.147502e-02;7.380404e-02;3.582133e-02;5.552792e-02
3.316443e-02;8.347414e-02;9.959949e-02;8.940648e-02;7.405724e-02;1.090757e-01;9.982908e-02;1.653849e-01;7.096937e-02;1.090123e-01;2.937900e-02;3.664785e-02
3.522443e-02;8.134854e-02;9.300059e-02;7.780498e-02;8.268660e-02;1.706641e-01;1.000231e-01;1.379545e-01;6.391522e-02;7.728501e-02;3.527946e-02;4.481349e-02
3.495069e-02;9.184819e-02;1.013211e-01;6.507519e-02;6.714703e-02;1.493740e-01;9.611094e-02;1.579868e-01;7.934443e-02;4.813065e-02;5.583011e-02;5.288087e-02
2.520243e-02;1.009858e-01;1.353605e-01;5.955017e-02;5.381734e-02;1.449757e-01;7.911468e-02;1.997905e-01;7.654681e-02;3.248063e-02;3.869844e-02;5.347708e-02
3.364928e-02;8.968002e-02;1.497718e-01;6.125363e-02;3.757915e-02;1.682196e-01;5.974447e-02;2.217080e-01;7.472444e-02;3.084199e-02;1.503895e-02;5.778868e-02
3.955935e-02;9.724070e-02;1.588535e-01;7.279973e-02;5.730969e-02;1.785317e-01;2.191642e-02;2.137969e-01;8.273704e-02;1.780565e-02;6.613746e-03;5.283562e-02
2.004546e-02;8.772372e-02;1.643980e-01;1.081888e-01;8.775330e-02;1.628949e-01;1.289005e-02;1.991592e-01;9.704519e-02;1.040887e-02;6.112017e-03;4.338053e-02
1.569977e-02;5.182713e-02;1.450826e-01;1.401722e-01;1.503636e-01;1.201519e-01;1.501884e-02;1.925786e-01;1.072475e-01;1.383286e-02;7.953903e-03;4.007109e-02
1.995031e-02;3.469064e-02;1.179937e-01;1.147580e-01;1.851791e-01;8.008084e-02;2.766852e-02;2.268109e-01;1.262088e-01;1.514206e-02;7.292103e-03;4.422498e-02
1.763309e-02;2.776878e-02;1.062199e-01;6.944394e-02;1.522938e-01;9.093267e-02;2.360144e-02;2.810532e-01;1.480212e-01;1.490885e-02;1.012378e-02;5.799945e-02
2.089070e-02;2.979295e-02;9.659638e-02;4.958584e-02;6.232552e-02;1.547447e-01;5.820028e-02;3.164155e-01;1.335336e-01;1.529517e-02;7.403957e-03;5.521543e-02
7.652154e-03;1.604796e-02;7.655877e-02;4.574383e-02;3.289282e-02;1.892234e-01;1.169456e-01;3.365919e-01;1.165214e-01;1.310798e-02;5.559970e-03;4.315427e-02
7.074932e-03;1.266989e-02;5.545102e-02;3.280911e-02;3.130934e-02;1.871114e-01;1.672397e-01;3.442954e-01;1.082974e-01;1.300852e-02;5.667208e-03;3.506608e-02
7.987261e-03;2.099863e-02;3.285184e-02;3.438465e-02;2.745505e-02;1.427224e-01;1.936863e-01;3.851743e-01;1.015678e-01;1.614466e-02;7.970363e-03;2.905678e-02
1.165895e-02;3.374145e-02;4.982101e-02;4.283890e-02;5.496670e-02;1.567146e-01;1.816293e-01;3.312512e-01;8.578695e-02;1.803938e-02;1.239228e-02;2.115929e-02
1.398370e-02;4.311013e-02;8.566300e-02;4.862671e-02;7.050157e-02;2.607025e-01;1.560488e-01;1.828938e-01;8.398266e-02;1.698658e-02;1.506901e-02;2.243160e-02
1.780737e-02;2.709602e-02;9.457203e-02;5.040865e-02;1.155756e-01;2.504023e-01;1.541182e-01;1.164687e-01;9.617229e-02;3.180839e-02;2.182417e-02;2.374627e-02
1.314682e-02;4.839606e-02;7.353961e-02;4.643393e-02;1.577619e-01;1.544080e-01;1.198498e-01;2.099763e-01;9.829963e-02;4.140739e-02;2.163123e-02;1.514933e-02
2.064035e-02;4.532431e-02;8.458371e-02;6.829786e-02;1.334962e-01;1.444723e-01;9.427159e-02;2.267204e-01;9.011772e-02;4.391158e-02;2.754015e-02;2.062385e-02
3.299657e-02;5.502161e-02;9.796314e-02;1.102496e-01;8.872346e-02;1.284745e-01;1.233011e-01;1.563210e-01;9.708292e-02;4.345526e-02;2.552966e-02;4.088128e-02
3.106476e-02;5.885246e-02;1.093201e-01;1.191916e-01;6.170398e-02;1.360142e-01;1.258513e-01;1.773344e-01;9.009258e-02;3.481858e-02;1.492409e-02;4.083179e-02
3.022915e-02;5.801462e-02;9.566024e-02;1.021632e-01;5.443289e-02;1.269041e-01;7.742309e-02;2.906676e-01;1.042231e-01;2.374478e-02;2.192554e-02;1.461174e-02
2.326584e-02;5.759590e-02;9.153133e-02;8.734555e-02;5.830442e-02;1.431419e-01;6.659330e-02;3.172108e-01;9.823623e-02;1.759171e-02;2.360661e-02;1.557641e-02
1.876397e-02;7.326738e-02;1.022966e-01;6.187756e-02;4.647030e-02;1.744635e-01;8.184891e-02;3.037012e-01;8.095460e-02;2.020736e-02;2.216440e-02;1.398424e-02
2.215649e-02;7.852834e-02;1.213096e-01;5.402901e-02;2.761336e-02;2.560553e-01;7.678543e-02;2.536131e-01;5.151938e-02;2.857951e-02;1.554753e-02;1.426293e-02
4.460335e-02;6.979868e-02;1.096575e-01;5.351023e-02;3.559474e-02;3.457204e-01;6.273414e-02;1.839679e-01;3.513216e-02;3.364779e-02;1.096642e-02;1.466661e-02
5.194445e-02;6.878490e-02;9.311245e-02;3.192498e-02;4.535249e-02;4.045468e-01;6.360286e-02;1.327765e-01;4.600782e-02;2.797670e-02;1.353351e-02;2.043649e-02
3.300774e-02;7.497592e-02;1.020835e-01;2.639666e-02;4.753171e-02;4.177779e-01;5.891573e-02;1.136790e-01;5.530096e-02;1.902925e-02;1.259660e-02;3.870501e-02
1.848189e-02;7.174838e-02;1.117471e-01;2.717688e-02;4.642386e-02;3.408767e-01;6.417531e-02;1.560619e-01;6.053966e-02;3.799323e-02;2.159504e-02;4.318010e-02
3.315802e-02;7.663514e-02;1.038310e-01;5.528118e-02;4.156502e-02;1.679884e-01;1.190696e-01;2.282546e-01;5.544356e-02;5.390663e-02;3.138847e-02;3.347834e-02
4.965960e-02;6.505020e-02;7.605450e-02;8.547207e-02;5.927939e-02;1.072061e-01;1.256338e-01;1.852248e-01;1.350691e-01;4.951008e-02;2.498083e-02;3.685952e-02
5.100511e-02;5.336675e-02;1.082243e-01;1.059236e-01;5.519310e-02;1.336056e-01;7.766505e-02;1.189508e-01;1.874905e-01;4.931397e-02;2.303202e-02;3.622923e-02
4.026722e-02;7.731696e-02;1.073449e-01;9.712080e-02;5.138032e-02;1.475407e-01;8.482161e-02;9.734222e-02;1.574362e-01;6.761749e-02;3.607605e-02;3.573543e-02
3.436895e-02;1.189673e-01;6.963660e-02;5.782269e-02;5.768616e-02;1.524038e-01;1.204299e-01;9.926253e-02;7.659480e-02;9.872216e-02;5.314843e-02;6.095669e-02
3.951339e-02;1.769289e-01;4.050773e-02;4.465707e-02;6.508720e-02;1.275312e-01;1.371554e-01;8.725837e-02;7.225667e-02;8.185147e-02;5.800835e-02;6.924417e-02
3.842533e-02;2.196286e-01;4.973759e-02;5.517844e-02;4.666159e-02;1.050378e-01;1.376850e-01;7.851542e-02;9.699877e-02;5.066959e-02;6.018721e-02;6.127477e-02
5.878854e-02;2.324650e-01;9.628335e-02;8.023901e-02;5.862315e-02;9.060434e-02;6.848144e-02;9.596431e-02;7.856186e-02;4.707835e-02;5.183753e-02;4.107312e-02
5.812120e-02;1.995855e-01;1.423922e-01;7.383891e-02;6.240461e-02;6.969254e-02;1.307146e-01;8.900158e-02;5.418903e-02;7.176477e-02;2.607615e-02;2.221894e-02
4.523415e-02;1.404739e-01;1.679248e-01;7.845915e-02;4.277524e-02;7.911152e-02;1.500546e-01;7.625135e-02;6.558944e-02;9.042273e-02;3.307019e-02;3.063281e-02
3.150345e-02;1.231349e-01;1.658905e-01;1.033996e-01;2.023873e-02;8.205112e-02;1.031278e-01;8.958329e-02;8.504669e-02;9.643452e-02;5.886392e-02;4.072542e-02
2.756669e-02;1.155954e-01;1.639328e-01;1.020648e-01;2.266133e-02;6.227351e-02;1.448213e-01;1.081583e-01;8.337444e-02;8.297738e-02;5.402692e-02;3.254717e-02
3.132164e-02;8.477847e-02;1.195959e-01;1.066903e-01;4.258598e-02;7.801438e-02;1.744210e-01;1.327997e-01;9.303056e-02;6.729773e-02;4.191728e-02;2.754703e-02
4.432809e-02;7.443526e-02;7.580698e-02;8.939973e-02;5.679372e-02;7.353835e-02;1.533460e-01;2.104067e-01;8.547491e-02;8.025478e-02;3.303182e-02;2.318365e-02
4.244843e-02;7.375685e-02;4.125880e-02;7.847237e-02;5.094234e-02;1.011224e-01;1.119541e-01;2.393255e-01;1.280615e-01;7.188351e-02;4.326119e-02;1.751297e-02
1.728590e-02;6.711113e-02;7.186674e-02;5.318812e-02;3.112328e-02;1.047208e-01;7.746097e-02;2.969607e-01;1.571604e-01;6.577282e-02;4.177628e-02;1.557284e-02
8.025645e-03;5.038562e-02;7.814924e-02;4.114535e-02;4.396409e-02;1.055683e-01;6.008110e-02;3.761740e-01;1.413131e-01;3.706516e-02;4.417513e-02;1.395332e-02
9.625211e-03;4.134402e-02;8.077865e-02;3.174704e-02;3.937506e-02;1.069624e-01;5.244240e-02;4.475813e-01;1.213224e-01;1.926819e-02;3.680027e-02;1.275315e-02
