9.845963e-02;1.182235e-01;7.847330e-02;6.945697e-02;3.622591e-02;2.776067e-02;8.926927e-02;4.811942e-02;9.355210e-02;8.256131e-02;1.425421e-01;1.153559e-01
8.372425e-02;1.036095e-01;1.634394e-01;6.407403e-02;6.067489e-02;4.360198e-02;8.680266e-02;7.340964e-02;9.695899e-02;6.497411e-02;9.929582e-02;5.943472e-02
1.586559e-01;9.530323e-02;1.608892e-01;4.758001e-02;4.862651e-02;4.095561e-02;1.135150e-01;4.530458e-02;7.980940e-02;6.302778e-02;6.493236e-02;8.140042e-02
1.676686e-01;8.532191e-02;1.658094e-01;4.175904e-02;5.765575e-02;4.073464e-02;1.132906e-01;3.303797e-02;8.827155e-02;5.542055e-02;5.064816e-02;1.003818e-01
1.427072e-01;6.285924e-02;2.015423e-01;4.426389e-02;7.083266e-02;3.992152e-02;8.573688e-02;3.170674e-02;9.047636e-02;5.446922e-02;5.484502e-02;1.206390e-01
7.482433e-02;7.865490e-02;2.539246e-01;6.744177e-02;7.457259e-02;3.209799e-02;3.375889e-02;5.310033e-02;6.247351e-02;5.939065e-02;1.093539e-01;1.004066e-01
8.236840e-02;6.929454e-02;3.023716e-01;9.172644e-02;6.095074e-02;2.637414e-02;5.851802e-02;4.939834e-02;2.736144e-02;7.121636e-02;1.142428e-01;4.617716e-02
8.225258e-02;4.571352e-02;3.758639e-01;9.213711e-02;6.712813e-02;2.848863e-02;5.940257e-02;2.826347e-02;2.573719e-02;7.721040e-02;7.470262e-02;4.309985e-02
5.347489e-02;8.114469e-02;3.686169e-01;7.605529e-02;7.559172e-02;4.475572e-02;6.815637e-02;3.987243e-02;5.673002e-02;6.914853e-02;2.998512e-02;3.646833e-02
6.906182e-02;1.179570e-01;2.489114e-01;5.698083e-02;7.788401e-02;6.546698e-02;8.985920e-02;4.458631e-02;9.898334e-02;6.314801e-02;3.859010e-02;2.857102e-02
8.862977e-02;8.169809e-02;2.275486e-01;5.791721e-02;8.413382e-02;5.426625e-02;1.265201e-01;4.347714e-02;9.032858e-02;6.196717e-02;6.352669e-02;1.998651e-02
6.403794e-02;3.595523e-02;2.784208e-01;7.568769e-02;6.348512e-02;5.538109e-02;1.764717e-01;4.120637e-02;4.930253e-02;7.931560e-02;5.908921e-02;2.164668e-02
5.938954e-02;4.044001e-02;2.580005e-01;8.283956e-02;8.075804e-02;5.875652e-02;1.038919e-01;6.347397e-02;8.373517e-02;6.468204e-02;6.097021e-02;4.306260e-02
8.018658e-02;5.543184e-02;1.722448e-01;1.013025e-01;1.102965e-01;4.921410e-02;7.883334e-02;8.452494e-02;7.382801e-02;6.206788e-02;7.213977e-02;5.992968e-02
9.780965e-02;8.075684e-02;9.557912e-02;1.108569e-01;1.273542e-01;4.794261e-02;7.681832e-02;7.839952e-02;7.849723e-02;4.452907e-02;6.964964e-02;9.180689e-02
1.017289e-01;1.170119e-01;1.119692e-01;1.112111e-01;1.156521e-01;3.438537e-02;6.552385e-02;6.533582e-02;7.913311e-02;4.163182e-02;6.077040e-02;9.564635e-02
1.099016e-01;1.342552e-01;1.249973e-01;1.642716e-01;8.183844e-02;2.245589e-02;4.884872e-02;7.960232e-02;5.388334e-02;4.064919e-02;7.603104e-02;6.326531e-02
1.104523e-01;1.078204e-01;1.930484e-01;2.050252e-01;5.630337e-02;1.734055e-02;4.385181e-02;7.282373e-02;3.252833e-02;4.347382e-02;7.816941e-02;3.916273e-02
1.116077e-01;8.242644e-02;3.200943e-01;1.735107e-01;4.069276e-02;1.451428e-02;5.008777e-02;3.393354e-02;2.722415e-02;5.904323e-02;5.162009e-02;3.524510e-02
1.212909e-01;1.048871e-01;3.718520e-01;1.051019e-01;3.116850e-02;2.295009e-02;5.476254e-02;1.905919e-02;4.052731e-02;6.086125e-02;3.389693e-02;3.364236e-02
1.130590e-01;1.158357e-01;3.699121e-01;6.410754e-02;2.888960e-02;3.091696e-02;6.703823e-02;2.787157e-02;5.721027e-02;5.188992e-02;3.875684e-02;3.451215e-02
9.629291e-02;1.212826e-01;3.279958e-01;8.369096e-02;3.729032e-02;4.376204e-02;9.460237e-02;2.381125e-02;6.716289e-02;3.294754e-02;4.439845e-02;2.676286e-02
1.010109e-01;9.522118e-02;2.668262e-01;1.648652e-01;4.567608e-02;4.092934e-02;9.231292e-02;2.936302e-02;3.736904e-02;5.219578e-02;5.323277e-02;2.099764e-02
5.926339e-02;1.451037e-01;2.727453e-01;1.930404e-01;5.080006e-02;3.106258e-02;3.747597e-02;3.737456e-02;6.107552e-02;4.600029e-02;4.691336e-02;1.914497e-02
8.763999e-02;1.582904e-01;2.488541e-01;1.430168e-01;3.895033e-02;3.152550e-02;7.034392e-02;5.706054e-02;5.284233e-02;3.026116e-02;5.557576e-02;2.563924e-02
5.329338e-02;1.790528e-01;3.107391e-01;9.872046e-02;4.733380e-02;2.544191e-02;8.893666e-02;2.283140e-02;2.660789e-02;4.914059e-02;6.642397e-02;3.147816e-02
9.345169e-02;6.770580e-02;1.440637e-01;5.386613e-02;5.724252e-02;6.467732e-02;1.200126e-01;9.683857e-02;9.510325e-02;8.911379e-02;6.492644e-02;5.299820e-02
9.868448e-02;8.389395e-02;1.484741e-01;2.494511e-02;5.687596e-02;6.002470e-02;1.598277e-01;5.238644e-02;9.130808e-02;7.427046e-02;8.555245e-02;6.375656e-02
1.637219e-01;1.316933e-01;1.441810e-01;3.691494e-02;5.349265e-02;4.553612e-02;1.620453e-01;3.198044e-02;4.263735e-02;6.225877e-02;7.169681e-02;5.384139e-02
2.229383e-01;1.421780e-01;1.262394e-01;3.765680e-02;6.588449e-02;4.589304e-02;1.388959e-01;2.697974e-02;3.737585e-02;5.102438e-02;4.849619e-02;5.643789e-02
2.359712e-01;1.280864e-01;1.189281e-01;4.156201e-02;9.208918e-02;4.349816e-02;9.152316e-02;2.828156e-02;6.348002e-02;3.827330e-02;3.891908e-02;7.938775e-02
1.450399e-01;1.254492e-01;1.029652e-01;8.492178e-02;1.262967e-01;3.697080e-02;5.715810e-02;5.286287e-02;7.181273e-02;4.023316e-02;5.228364e-02;1.040059e-01
8.936787e-02;1.270194e-01;1.022136e-01;1.048457e-01;1.435125e-01;2.932187e-02;4.600159e-02;9.451034e-02;8.019563e-02;4.954080e-02;3.777596e-02;9.569470e-02
7.390662e-02;1.028502e-01;8.142463e-02;1.278226e-01;1.444083e-01;3.374957e-02;2.618381e-02;1.294710e-01;8.920501e-02;5.267072e-02;6.436253e-02;7.394496e-02
3.943165e-02;6.893002e-02;1.192218e-01;1.691703e-01;1.314571e-01;4.401753e-02;4.618631e-02;1.460000e-01;6.134962e-02;3.117524e-02;9.748494e-02;4.557543e-02
4.228761e-02;3.941950e-02;1.529753e-01;1.933036e-01;1.159610e-01;4.319804e-02;8.379129e-02;1.271927e-01;4.665036e-02;3.127704e-02;9.178528e-02;3.215819e-02
6.696163e-02;1.782300e-02;2.232478e-01;1.555507e-01;7.344312e-02;2.107243e-02;1.675867e-01;1.037452e-01;4.553684e-02;4.423409e-02;5.613281e-02;2.466567e-02
8.469408e-02;1.820654e-02;2.915862e-01;8.176230e-02;3.428615e-02;2.659531e-02;2.443379e-01;9.338251e-02;3.040943e-02;5.661321e-02;2.286362e-02;1.526279e-02
8.968981e-02;4.586200e-02;3.023797e-01;4.096723e-02;2.641039e-02;5.117225e-02;2.526056e-01;7.642835e-02;2.190801e-02;5.808659e-02;2.016144e-02;1.432863e-02
1.068567e-01;6.790657e-02;2.678108e-01;3.949688e-02;3.279012e-02;6.691679e-02;2.127027e-01;6.948380e-02;3.998561e-02;5.242900e-02;2.131320e-02;2.230781e-02
1.041541e-01;6.260473e-02;2.679207e-01;5.267899e-02;4.083274e-02;7.836561e-02;1.769588e-01;6.360260e-02;5.593525e-02;3.890096e-02;3.856583e-02;1.947973e-02
5.499957e-02;2.889473e-02;2.562618e-01;8.641216e-02;6.087752e-02;7.249014e-02;1.300846e-01;1.224588e-01;6.665937e-02;4.759073e-02;4.542230e-02;2.784830e-02
3.416532e-02;3.204740e-02;2.054033e-01;1.070964e-01;6.525958e-02;6.075954e-02;7.368369e-02;1.800657e-01;9.752598e-02;2.686749e-02;8.552890e-02;3.159676e-02
1.036117e-02;3.540256e-02;1.324809e-01;8.588095e-02;3.901514e-02;3.844846e-02;5.337721e-02;2.415533e-01;9.758089e-02;4.436871e-02;1.960743e-01;2.545639e-02
3.096988e-02;1.914473e-02;9.681911e-02;6.466473e-02;1.588530e-02;3.665064e-02;9.016941e-02;2.379043e-01;2.745482e-02;4.708749e-02;3.027891e-01;3.046048e-02
3.876402e-02;1.062458e-02;9.519420e-02;6.413888e-02;1.734187e-02;4.509678e-02;7.883795e-02;1.818012e-01;5.503795e-02;5.314724e-02;3.360347e-01;2.398064e-02
3.320654e-02;2.546920e-02;8.552585e-02;7.085150e-02;1.855719e-02;5.496573e-02;6.800725e-02;1.674162e-01;5.535680e-02;4.411314e-02;3.571920e-01;1.933855e-02
1.629496e-02;3.965583e-02;7.608617e-02;7.069398e-02;2.352436e-02;6.007992e-02;7.642530e-02;1.906656e-01;4.509378e-02;1.886075e-02;3.653574e-01;1.726196e-02
5.379923e-03;5.051860e-02;6.311523e-02;6.281998e-02;2.522637e-02;4.859747e-02;8.690885e-02;2.297390e-01;2.726608e-02;4.923863e-02;3.393899e-01;1.179990e-02
1.598998e-02;5.700045e-02;5.511929e-02;6.617257e-02;2.735743e-02;3.721426e-02;1.194137e-01;2.630031e-01;7.879579e-03;5.174316e-02;2.848561e-01;1.425041e-02
3.514747e-02;4.450586e-02;6.997787e-02;7.639403e-02;2.380629e-02;3.629676e-02;1.896311e-01;2.417147e-01;3.333788e-02;3.570440e-02;1.941555e-01;1.932802e-02
4.380686e-02;3.387358e-02;1.316071e-01;8.751948e-02;2.058443e-02;4.881429e-02;2.510331e-01;1.797875e-01;2.652460e-02;3.837640e-02;1.234396e-01;1.463305e-02
4.663749e-02;5.052524e-02;2.243374e-01;9.358201e-02;2.809665e-02;4.953955e-02;2.181751e-01;1.205609e-01;2.421839e-02;3.947796e-02;8.577929e-02;1.907003e-02
5.596030e-02;7.311992e-02;2.905143e-01;9.757440e-02;3.255725e-02;4.445802e-02;1.480521e-01;8.434539e-02;4.486846e-02;4.139235e-02;6.841537e-02;1.874210e-02
5.726854e-02;7.390912e-02;3.273911e-01;9.700689e-02;4.056749e-02;4.890740e-02;1.401518e-01;4.495860e-02;4.789719e-02;3.281968e-02;7.583931e-02;1.328292e-02
5.053801e-02;2.440071e-02;3.166932e-01;9.083478e-02;6.229409e-02;5.559768e-02;1.506400e-01;2.629871e-02;3.205109e-02;3.947339e-02;1.217682e-01;2.941027e-02
4.983548e-02;5.726564e-02;2.086985e-01;9.074164e-02;8.161512e-02;7.968804e-02;1.009797e-01;5.580275e-02;4.108997e-02;4.531447e-02;1.270322e-01;6.193650e-02
2.956136e-02;6.812647e-02;1.997873e-01;7.752084e-02;9.890835e-02;6.411939e-02;9.737816e-02;8.074810e-02;3.903817e-02;5.628794e-02;1.269653e-01;6.155866e-02
6.975928e-02;6.410675e-02;1.847097e-01;5.522019e-02;1.193785e-01;5.098373e-02;9.715608e-02;6.349955e-02;5.381237e-02;6.500082e-02;1.002962e-01;7.607692e-02
1.101293e-01;4.847132e-02;1.611976e-01;4.849583e-02;1.373636e-01;4.884712e-02;9.051535e-02;4.703277e-02;7.575128e-02;7.239121e-02;5.818151e-02;1.016231e-01
9.789588e-02;4.349791e-02;1.632109e-01;6.745721e-02;1.218526e-01;4.784505e-02;5.218755e-02;6.799476e-02;7.551338e-02;8.548438e-02;8.239292e-02;9.466752e-02
7.788561e-02;4.867108e-02;2.280312e-01;7.360645e-02;8.425780e-02;4.682810e-02;5.836970e-02;6.742632e-02;6.324569e-02;7.865354e-02;1.083600e-01;6.466455e-02
5.427065e-02;3.064235e-02;3.483323e-01;7.560760e-02;5.514511e-02;4.021662e-02;6.443081e-02;4.520435e-02;5.981432e-02;7.389435e-02;1.075273e-01;4.491427e-02
4.068067e-02;4.534214e-02;4.496072e-01;6.108646e-02;5.321372e-02;3.277883e-02;7.300667e-02;2.471003e-02;5.289875e-02;7.994096e-02;6.059818e-02;2.613644e-02
2.795163e-02;7.240748e-02;4.038585e-01;4.412944e-02;5.431288e-02;5.199099e-02;7.556076e-02;5.286312e-02;5.106679e-02;8.310821e-02;4.070948e-02;4.204069e-02
7.168901e-02;8.327334e-02;2.715411e-01;3.131659e-02;5.849271e-02;7.979560e-02;9.973631e-02;7.262141e-02;7.537477e-02;7.693940e-02;3.343369e-02;4.578605e-02
5.056917e-02;6.796104e-02;3.002921e-01;4.235275e-02;4.972260e-02;7.935925e-02;8.728851e-02;6.062360e-02;9.049156e-02;1.125132e-01;2.424219e-02;3.458408e-02
4.661167e-02;4.324069e-02;3.532984e-01;5.125033e-02;4.934078e-02;4.613180e-02;1.127658e-01;4.073436e-02;8.575249e-02;1.283284e-01;2.322404e-02;1.932128e-02
7.021685e-02;2.081234e-02;3.753622e-01;5.372608e-02;6.251794e-02;3.411293e-02;1.571179e-01;1.986923e-02;5.819202e-02;8.809847e-02;4.086071e-02;1.911328e-02
6.822845e-02;3.809903e-02;2.999305e-01;9.420133e-02;7.131755e-02;5.061825e-02;1.110305e-01;6.238000e-02;5.069922e-02;4.465307e-02;7.950503e-02;2.933703e-02
8.315476e-02;3.918185e-02;2.409823e-01;1.100361e-01;6.869653e-02;6.554145e-02;9.568140e-02;8.900820e-02;3.888987e-02;3.629586e-02;9.445349e-02;3.807828e-02
9.667186e-02;4.258827e-02;2.531444e-01;1.040873e-01;5.907071e-02;5.507899e-02;9.046539e-02;8.432916e-02;3.575059e-02;4.862795e-02;8.854743e-02;4.163793e-02
8.192816e-02;4.129460e-02;3.333034e-01;9.303939e-02;5.356506e-02;3.688307e-02;8.471064e-02;6.623500e-02;3.352792e-02;7.127108e-02;6.841936e-02;3.582233e-02
6.385790e-02;5.253474e-02;3.753197e-01;8.367605e-02;5.030883e-02;4.093599e-02;9.700485e-02;4.461740e-02;3.792945e-02;7.812852e-02;4.049772e-02;3.518882e-02
3.334475e-02;1.019988e-01;3.552502e-01;9.087963e-02;3.253544e-02;8.136728e-02;9.112506e-02;3.002803e-02;5.745718e-02;6.355292e-02;1.750931e-02;4.495142e-02
3.784909e-02;1.518671e-01;2.678802e-01;8.786251e-02;3.917326e-02;9.614453e-02;7.489206e-02;3.920889e-02;9.343519e-02;3.165543e-02;2.482754e-02;5.520428e-02
9.532101e-02;1.237222e-01;2.401744e-01;5.942695e-02;6.447841e-02;7.510640e-02;6.456512e-02;1.873225e-02;9.200805e-02;1.721445e-02;8.859753e-02;6.065316e-02
1.484379e-01;1.116601e-01;2.103783e-01;3.305676e-02;7.174663e-02;5.683259e-02;7.279574e-02;3.475874e-02;7.890558e-02;2.688157e-02;1.259294e-01;2.861656e-02
1.027505e-01;1.128923e-01;1.725308e-01;3.915409e-02;4.225492e-02;5.588350e-02;8.566613e-02;6.406225e-02;1.046904e-01;4.723648e-02;8.894520e-02;8.393344e-02
6.173006e-02;5.130108e-02;2.801917e-01;5.764391e-02;4.485052e-02;4.050398e-02;1.346083e-01;6.185834e-02;7.392713e-02;8.969840e-02;3.618839e-02;6.749815e-02
8.563258e-02;5.274067e-02;2.703394e-01;1.116920e-01;5.017611e-02;4.444020e-02;1.394654e-01;5.243421e-02;3.192311e-02;6.360897e-02;7.846344e-02;1.908399e-02
9.000877e-02;6.287013e-02;3.107207e-01;1.247646e-01;4.811175e-02;3.672162e-02;9.874069e-02;4.557235e-02;2.927926e-02;5.231916e-02;6.504928e-02;3.584171e-02
1.111722e-01;5.381546e-02;3.990465e-01;1.061608e-01;4.719615e-02;2.484865e-02;8.029687e-02;2.495525e-02;2.117877e-02;8.318108e-02;2.816390e-02;1.998437e-02
9.409419e-02;2.037362e-02;4.565596e-01;8.045901e-02;7.164498e-02;1.929545e-02;8.755352e-02;1.396243e-02;1.264694e-02;1.032626e-01;2.683331e-02;1.331439e-02
5.665138e-02;3.418831e-02;4.743167e-01;6.090222e-02;8.633788e-02;2.305338e-02;9.611130e-02;1.405678e-02;1.499671e-02;1.029376e-01;2.188190e-02;1.456587e-02
3.665410e-02;7.001989e-02;4.503290e-01;6.537315e-02;7.795020e-02;2.836248e-02;9.603507e-02;2.192528e-02;1.636058e-02;9.055205e-02;2.003207e-02;2.640608e-02
6.851860e-02;8.848124e-02;3.713226e-01;5.492422e-02;5.016350e-02;3.528177e-02;1.183025e-01;3.193900e-02;4.379632e-02;6.722455e-02;2.913607e-02;4.090955e-02
1.037133e-01;6.669587e-02;3.406219e-01;5.499749e-02;3.211155e-02;3.680742e-02;1.598042e-01;3.181063e-02;7.260954e-02;3.767808e-02;2.757160e-02;3.557846e-02
5.916598e-02;8.170923e-02;3.081578e-01;5.566983e-02;4.718139e-02;3.146990e-02;1.950616e-01;4.288327e-02;6.249735e-02;5.143070e-02;2.843572e-02;3.633731e-02
4.595201e-02;7.104292e-02;2.907097e-01;5.331055e-02;6.958449e-02;3.587073e-02;2.005577e-01;3.231808e-02;5.411474e-02;7.014836e-02;3.721339e-02;3.917737e-02
6.279743e-02;7.015705e-02;2.413204e-01;6.742518e-02;7.784833e-02;5.007600e-02;1.758078e-01;2.981246e-02;5.524265e-02;9.007850e-02;4.337824e-02;3.605599e-02
6.241674e-02;4.021423e-02;1.730967e-01;7.486369e-02;7.185512e-02;1.036190e-01;1.612603e-01;9.211677e-02;5.052767e-02;8.019683e-02;3.426889e-02;5.556405e-02
6.537078e-02;4.556553e-02;9.309028e-02;7.804897e-02;8.239125e-02;1.168743e-01;1.604539e-01;1.141648e-01;6.942932e-02;5.704798e-02;5.406743e-02;6.349555e-02
8.287037e-02;4.580894e-02;8.516786e-02;9.602314e-02;8.265588e-02;1.117468e-01;1.530807e-01;9.156448e-02;7.806872e-02;6.319615e-02;5.751445e-02;5.230251e-02
1.027890e-01;6.984920e-02;1.485744e-01;1.202337e-01;7.574633e-02;7.100035e-02;1.463459e-01;6.320285e-02;6.284919e-02;5.845821e-02;5.832937e-02;2.262153e-02
1.022441e-01;6.635082e-02;2.921075e-01;1.183081e-01;5.723309e-02;5.011136e-02;9.175877e-02;3.550476e-02;2.679803e-02;7.210987e-02;6.845289e-02;1.902079e-02
7.704754e-02;4.765096e-02;4.190522e-01;7.955316e-02;3.637614e-02;3.054718e-02;7.243392e-02;1.393030e-02;3.033050e-02;1.017029e-01;4.913903e-02;4.223609e-02
4.885503e-02;4.719552e-02;4.692520e-01;3.749691e-02;2.259805e-02;1.838647e-02;7.651942e-02;1.814411e-02;3.560093e-02;1.207409e-01;2.900040e-02;7.621031e-02
2.940473e-02;5.330370e-02;4.798169e-01;3.150203e-02;2.239136e-02;2.045170e-02;5.827985e-02;1.105701e-02;4.488711e-02;1.203323e-01;2.688634e-02;1.016869e-01
3.149528e-02;5.613019e-02;4.764437e-01;3.644427e-02;3.298396e-02;2.016777e-02;5.967185e-02;1.340804e-02;3.805969e-02;1.167300e-01;3.327027e-02;8.519500e-02
3.931184e-02;6.069101e-02;4.358414e-01;3.871455e-02;3.579859e-02;3.094637e-02;7.087795e-02;1.732934e-02;5.339625e-02;1.164374e-01;2.858651e-02;7.206882e-02
5.027704e-02;6.533185e-02;3.261633e-01;3.667352e-02;3.142192e-02;4.311227e-02;8.257729e-02;3.140736e-02;9.339435e-02;1.044269e-01;3.158926e-02;1.036250e-01
5.204428e-02;5.020231e-02;2.281245e-01;4.429950e-02;3.190764e-02;4.895124e-02;1.239169e-01;4.858605e-02;1.016633e-01;9.403378e-02;6.838446e-02;1.078860e-01
6.231984e-02;4.233909e-02;1.993401e-01;4.636328e-02;4.935598e-02;4.614446e-02;1.974969e-01;5.764444e-02;4.930010e-02;1.096308e-01;7.297300e-02;6.709199e-02
5.902310e-02;6.248374e-02;2.329928e-01;4.259234e-02;6.733447e-02;3.300877e-02;1.992152e-01;5.201969e-02;5.036385e-02;5.567441e-02;5.821651e-02;8.707517e-02
6.494458e-02;7.410565e-02;1.976872e-01;4.815596e-02;6.965209e-02;6.524981e-02;9.107363e-02;8.912456e-02;6.287083e-02;5.420307e-02;5.952938e-02;1.234033e-01
9.036797e-02;6.963702e-02;1.452493e-01;3.278521e-02;5.731456e-02;7.854348e-02;8.623261e-02;7.855649e-02;1.240368e-01;5.657553e-02;4.690753e-02;1.337936e-01
8.271144e-02;5.550511e-02;1.215147e-01;4.191469e-02;5.402683e-02;8.151087e-02;9.937619e-02;6.509963e-02;1.264177e-01;8.091141e-02;5.636122e-02;1.346502e-01
7.515772e-02;7.557804e-02;1.225921e-01;6.294496e-02;5.462092e-02;7.267741e-02;9.188277e-02;6.688719e-02;1.029434e-01;9.862812e-02;4.770946e-02;1.283779e-01
6.033321e-02;7.122689e-02;1.317895e-01;6.189546e-02;5.143889e-02;6.812215e-02;8.158949e-02;1.125853e-01;1.352876e-01;9.363700e-02;6.422420e-02;6.787030e-02
6.654681e-02;7.081994e-02;9.681717e-02;5.689853e-02;4.550564e-02;5.830396e-02;1.045157e-01;1.363215e-01;1.760064e-01;1.029793e-01;6.840552e-02;1.687956e-02
8.940156e-02;5.868378e-02;7.488000e-02;6.744801e-02;3.294258e-02;7.118682e-02;9.781961e-02;1.300885e-01;1.900371e-01;8.949013e-02;4.917511e-02;4.884684e-02
7.874773e-02;8.050623e-02;9.225155e-02;2.509395e-02;6.860873e-02;5.859230e-02;1.076932e-01;7.208963e-02;1.929134e-01;1.196709e-01;4.685468e-02;5.697767e-02
6.987648e-02;1.124609e-01;9.982547e-02;5.161005e-02;6.697695e-02;6.684960e-02;9.881876e-02;8.866675e-02;1.537669e-01;9.172047e-02;4.211032e-02;5.731738e-02
1.024178e-01;9.931449e-02;8.371928e-02;6.979533e-02;6.601609e-02;7.116666e-02;6.360613e-02;9.873099e-02;1.481057e-01;5.638354e-02;8.181669e-02;5.892727e-02
9.781943e-02;8.349077e-02;5.804267e-02;6.442883e-02;4.472684e-02;8.542116e-02;8.256886e-02;8.383271e-02;1.095946e-01;9.741321e-02;1.043462e-01;8.831478e-02
1.097755e-01;7.055810e-02;9.523210e-02;4.709368e-02;3.714043e-02;8.339737e-02;1.060863e-01;1.337202e-01;5.232895e-02;1.175847e-01;7.836335e-02;6.871937e-02
1.111432e-01;7.646809e-02;1.822972e-01;4.424054e-02;3.780620e-02;4.605053e-02;1.592512e-01;9.779122e-02;7.646402e-02;8.585703e-02;4.494736e-02;3.768342e-02
1.240210e-01;7.886351e-02;2.046676e-01;5.938717e-02;5.671313e-02;3.290903e-02;1.711767e-01;6.424496e-02;5.685411e-02;5.924059e-02;5.298638e-02;3.893580e-02
1.232825e-01;7.094768e-02;1.965926e-01;6.762735e-02;7.872912e-02;3.657280e-02;1.349541e-01;7.040267e-02;4.214772e-02;4.761954e-02;7.514425e-02;5.597970e-02
8.451571e-02;4.804054e-02;2.511834e-01;1.008634e-01;9.329121e-02;4.723552e-02;5.822653e-02;8.260058e-02;3.102133e-02;3.547607e-02;1.110727e-01;5.647301e-02
3.789404e-02;3.211290e-02;3.283386e-01;1.126491e-01;8.087377e-02;4.948074e-02;7.415091e-02;7.515489e-02;2.425745e-02;3.656550e-02;1.115022e-01;3.701995e-02
3.888306e-02;3.637597e-02;4.030671e-01;8.011215e-02;6.059992e-02;4.514552e-02;1.023192e-01;3.550139e-02;3.510486e-02;6.631609e-02;7.336728e-02;2.320739e-02
4.197383e-02;3.874988e-02;4.425738e-01;5.420586e-02;5.096354e-02;4.506174e-02;1.278492e-01;2.657443e-02;2.440125e-02;9.297602e-02;4.256795e-02;1.210253e-02
4.693252e-02;4.473359e-02;4.471299e-01;4.734873e-02;4.992039e-02;4.031575e-02;1.279912e-01;2.995966e-02;2.208662e-02;9.412850e-02;3.371101e-02;1.574202e-02
3.887751e-02;7.826088e-02;4.393824e-01;4.424750e-02;4.254994e-02;4.095083e-02;1.039494e-01;2.324356e-02;3.930652e-02;8.725314e-02;3.338299e-02;2.859538e-02
4.816926e-02;1.010015e-01;3.611266e-01;4.165623e-02;4.087883e-02;5.194431e-02;1.195325e-01;3.561378e-02;6.062241e-02;6.880333e-02;3.243978e-02;3.821151e-02
5.718190e-02;1.101563e-01;2.707642e-01;4.596967e-02;3.994578e-02;7.247829e-02;1.469196e-01;3.286142e-02;7.809339e-02;5.931349e-02;4.583770e-02;4.047833e-02
8.732032e-02;8.351970e-02;3.328411e-01;3.673572e-02;3.624378e-02;5.756612e-02;1.602684e-01;3.348186e-02;5.488042e-02;4.068212e-02;4.872316e-02;2.773735e-02
1.025730e-01;1.021086e-01;3.716961e-01;2.531776e-02;5.646009e-02;2.966702e-02;1.457952e-01;3.146017e-02;2.160545e-02;3.989956e-02;4.821760e-02;2.519952e-02
7.449583e-02;7.974344e-02;4.473876e-01;3.586250e-02;5.532350e-02;4.182820e-02;1.065324e-01;1.624180e-02;4.090875e-02;3.291666e-02;3.629302e-02;3.246638e-02
2.446363e-02;5.218553e-02;5.363349e-01;4.220346e-02;4.437733e-02;4.639088e-02;9.060190e-02;2.062561e-02;4.602954e-02;3.667745e-02;3.547573e-02;2.463411e-02
1.586809e-02;3.453965e-02;5.719500e-01;5.233388e-02;4.774349e-02;3.548506e-02;9.316769e-02;3.128500e-02;2.489447e-02;3.662182e-02;3.380745e-02;2.230339e-02
2.843527e-02;3.015714e-02;5.107138e-01;5.876839e-02;9.579233e-02;4.161725e-02;1.042826e-01;2.806008e-02;2.427967e-02;3.053933e-02;2.774534e-02;1.960878e-02
5.561936e-02;3.903681e-02;2.349495e-01;4.750117e-02;1.036500e-01;4.294856e-02;1.984366e-01;4.506748e-02;7.219721e-02;8.180963e-02;5.881111e-02;1.997260e-02
8.227728e-02;6.691778e-02;1.545836e-01;2.956730e-02;7.024092e-02;3.622981e-02;2.205335e-01;5.705196e-02;7.494751e-02;1.040998e-01;7.341387e-02;3.013653e-02
8.832075e-02;7.942560e-02;1.731726e-01;2.373463e-02;5.219123e-02;4.035039e-02;2.584201e-01;5.146037e-02;5.805909e-02;8.788753e-02;5.933443e-02;2.764335e-02
1.024001e-01;9.530760e-02;1.762750e-01;2.188197e-02;5.029271e-02;4.531769e-02;3.082803e-01;3.249555e-02;4.453952e-02;7.580648e-02;2.112810e-02;2.627498e-02
1.120721e-01;8.558346e-02;1.593633e-01;5.432207e-02;5.097598e-02;3.915770e-02;2.700385e-01;2.284392e-02;4.612118e-02;8.419916e-02;5.770276e-02;1.761979e-02
9.468183e-02;6.423229e-02;1.359850e-01;1.103209e-01;3.371238e-02;3.750486e-02;1.902237e-01;3.307042e-02;6.166653e-02;8.044899e-02;1.112665e-01;4.688658e-02
7.323309e-02;8.884975e-02;1.494079e-01;1.254283e-01;5.488790e-02;4.974148e-02;1.425378e-01;3.125884e-02;7.107376e-02;6.845424e-02;8.905286e-02;5.607414e-02
1.142247e-01;1.523385e-01;2.078404e-01;1.077335e-01;5.167643e-02;5.198583e-02;7.860992e-02;4.750203e-02;5.042670e-02;5.763817e-02;3.837372e-02;4.165009e-02
1.391238e-01;1.789009e-01;2.328123e-01;8.895811e-02;5.408537e-02;5.641248e-02;5.220297e-02;3.966971e-02;4.003329e-02;3.677545e-02;3.523615e-02;4.578937e-02
1.029928e-01;1.551298e-01;1.543994e-01;1.555298e-01;6.080923e-02;5.303347e-02;5.244369e-02;2.797759e-02;6.608807e-02;3.191325e-02;4.657370e-02;9.310914e-02
1.241757e-01;1.082908e-01;1.874170e-01;1.942448e-01;5.062463e-02;3.084282e-02;6.336764e-02;2.618589e-02;4.784378e-02;3.900696e-02;3.452511e-02;9.347494e-02
