5.597219e-02;8.014089e-02;1.181732e-01;3.573893e-02;5.698042e-02;7.318987e-02;2.696601e-01;1.644800e-01;6.229684e-02;4.410334e-02;1.283667e-02;2.642745e-02
6.252943e-02;8.291931e-02;8.518273e-02;5.527526e-02;6.510720e-02;6.601885e-02;2.298051e-01;1.580329e-01;7.980176e-02;5.992578e-02;4.083674e-02;1.456501e-02
7.584938e-02;6.624901e-02;9.837469e-02;7.802950e-02;7.934266e-02;7.341937e-02;1.732728e-01;9.076415e-02;7.985596e-02;8.566169e-02;7.035705e-02;2.882371e-02
8.519652e-02;5.417969e-02;1.527667e-01;1.005606e-01;7.614612e-02;8.189553e-02;1.348348e-01;4.626676e-02;6.425329e-02;9.895108e-02;7.392193e-02;3.102703e-02
9.071312e-02;5.079385e-02;1.530791e-01;1.131344e-01;7.411715e-02;7.222922e-02;1.233216e-01;3.894607e-02;8.766866e-02;8.078126e-02;9.599122e-02;1.922435e-02
1.013252e-01;8.193056e-02;1.014112e-01;1.127760e-01;6.428293e-02;5.148835e-02;1.138298e-01;5.405327e-02;1.050146e-01;8.117867e-02;1.097041e-01;2.300532e-02
7.866049e-02;1.337748e-01;1.090345e-01;9.773293e-02;5.366074e-02;7.482354e-02;7.168520e-02;5.773706e-02;1.115035e-01;1.136129e-01;8.241124e-02;1.536312e-02
5.858468e-02;1.383575e-01;1.222214e-01;7.394487e-02;8.069748e-02;9.672740e-02;8.346810e-02;6.041241e-02;1.157162e-01;1.018244e-01;4.276387e-02;2.528174e-02
5.475869e-02;1.236470e-01;1.251080e-01;1.172525e-01;7.744904e-02;8.745588e-02;9.487710e-02;7.716488e-02;1.332958e-01;6.420114e-02;1.281074e-02;3.197904e-02
7.861918e-02;7.162829e-02;1.454559e-01;9.340467e-02;9.372481e-02;9.177181e-02;1.806990e-01;4.356405e-02;7.586636e-02;7.349084e-02;1.486048e-02;3.691450e-02
1.027500e-01;5.702537e-02;2.240544e-01;8.598009e-02;8.344311e-02;5.828018e-02;1.526363e-01;3.326906e-02;5.940111e-02;9.428919e-02;2.439042e-02;2.448068e-02
1.106277e-01;5.044879e-02;3.095235e-01;9.472931e-02;7.491759e-02;3.859334e-02;1.191602e-01;2.084790e-02;5.247271e-02;9.428803e-02;2.100679e-02;1.338418e-02
1.336246e-01;6.174369e-02;3.470408e-01;1.024904e-01;6.065249e-02;2.147178e-02;7.235237e-02;1.616127e-02;5.920932e-02;9.113380e-02;2.089907e-02;1.322033e-02
1.792312e-01;9.758138e-02;2.683352e-01;9.037552e-02;4.920135e-02;2.350797e-02;4.785511e-02;2.553485e-02;7.226266e-02;1.012946e-01;2.632088e-02;1.849923e-02
2.090938e-01;1.223371e-01;2.171838e-01;6.547844e-02;4.575009e-02;3.600277e-02;5.746653e-02;4.005517e-02;8.528271e-02;7.202896e-02;2.856637e-02;2.075432e-02
1.704096e-01;8.362100e-02;2.146739e-01;4.594884e-02;5.618224e-02;3.490594e-02;1.252147e-01;4.440574e-02;7.071413e-02;7.339472e-02;4.027708e-02;4.025215e-02
6.910215e-02;3.613665e-02;2.150599e-01;6.946402e-02;7.259633e-02;3.973813e-02;1.967626e-01;3.016117e-02;6.509513e-02;9.827300e-02;4.618197e-02;6.142892e-02
1.057613e-01;3.252192e-02;2.138613e-01;9.685009e-02;7.956073e-02;5.779673e-02;1.432217e-01;5.968178e-02;6.156532e-02;6.388754e-02;3.396490e-02;5.132675e-02
7.392892e-02;4.260081e-02;2.079906e-01;7.926315e-02;7.177693e-02;6.481851e-02;9.002325e-02;4.243090e-02;9.317430e-02;9.084316e-02;9.718558e-02;4.596392e-02
3.181262e-02;3.145349e-02;1.640813e-01;1.009927e-01;6.026047e-02;5.634822e-02;6.442507e-02;4.911090e-02;6.155329e-02;9.227917e-02;2.325607e-01;5.512211e-02
1.522210e-02;2.223345e-02;9.814786e-02;1.408008e-01;4.020430e-02;5.670612e-02;3.630946e-02;8.659936e-02;2.774756e-02;3.631267e-02;3.750685e-01;6.464770e-02
1.450446e-02;1.852466e-02;9.532619e-02;1.640470e-01;1.911918e-02;5.037640e-02;2.096106e-02;7.768514e-02;2.765377e-02;4.400904e-02;4.180630e-01;4.973013e-02
2.030150e-02;7.019535e-02;9.710420e-02;1.530522e-01;1.141153e-02;3.074613e-02;1.476488e-02;5.435594e-02;4.926229e-02;9.589133e-02;3.884924e-01;1.442229e-02
2.622935e-02;1.330048e-01;7.549459e-02;1.345341e-01;2.607007e-02;5.086407e-02;1.876293e-02;7.481825e-02;4.673439e-02;8.924353e-02;3.030144e-01;2.122947e-02
2.411336e-02;1.361608e-01;1.275947e-01;1.454713e-01;3.977587e-02;6.000394e-02;2.098038e-02;7.696229e-02;3.574315e-02;4.567652e-02;2.568467e-01;3.067096e-02
5.375474e-02;1.042560e-01;1.961863e-01;1.283168e-01;3.683798e-02;4.841152e-02;2.363789e-02;5.176380e-02;3.479767e-02;8.482738e-02;2.154915e-01;2.171840e-02
9.093757e-02;1.161943e-01;1.836081e-01;7.417422e-02;3.453038e-02;3.304354e-02;4.060725e-02;5.141564e-02;6.551807e-02;6.617779e-02;2.160772e-01;2.771588e-02
8.223302e-02;1.216764e-01;1.646250e-01;5.469434e-02;2.408168e-02;3.018836e-02;4.783391e-02;6.715813e-02;6.368236e-02;8.248405e-02;2.372843e-01;2.405839e-02
4.082908e-02;9.323080e-02;1.614067e-01;9.468941e-02;2.174479e-02;5.357115e-02;5.227230e-02;9.720770e-02;3.348223e-02;8.666436e-02;2.365441e-01;2.835744e-02
4.445021e-02;6.512994e-02;1.064758e-01;1.371804e-01;3.312083e-02;4.548201e-02;4.173511e-02;1.100050e-01;3.819767e-02;4.514663e-02;3.066043e-01;2.647205e-02
4.072990e-02;6.235720e-02;1.391493e-01;1.225085e-01;2.520626e-02;2.319420e-02;2.390155e-02;1.155569e-01;4.626114e-02;7.883719e-02;3.009908e-01;2.130714e-02
4.866839e-02;6.756478e-02;1.535150e-01;7.511013e-02;2.411643e-02;2.884361e-02;2.354243e-02;8.525672e-02;4.065173e-02;1.191602e-01;3.126093e-01;2.096137e-02
4.349427e-02;6.227377e-02;1.312311e-01;4.908004e-02;2.040895e-02;3.136982e-02;3.260146e-02;7.673290e-02;4.359418e-02;1.204025e-01;3.463507e-01;4.246023e-02
3.534097e-02;5.284745e-02;1.364960e-01;6.767280e-02;2.981682e-02;4.343235e-02;6.542684e-02;1.089463e-01;3.387197e-02;9.204921e-02;2.875961e-01;4.650314e-02
4.176391e-02;3.797076e-02;1.018428e-01;5.628341e-02;6.506225e-02;7.669457e-02;1.555239e-01;9.992937e-02;6.761734e-02;6.227700e-02;1.741522e-01;6.088251e-02
5.040830e-02;6.637564e-02;1.102920e-01;8.691108e-02;8.785738e-02;9.424049e-02;1.559255e-01;8.078893e-02;8.988949e-02;2.619642e-02;7.260006e-02;7.851478e-02
7.004250e-02;8.095880e-02;1.458945e-01;1.088298e-01;9.362215e-02;8.813057e-02;1.098034e-01;6.383699e-02;8.016118e-02;4.435048e-02;3.404008e-02;8.032956e-02
8.775353e-02;7.219065e-02;2.038877e-01;8.817298e-02;6.816926e-02;5.508428e-02;8.890855e-02;6.697673e-02;5.365836e-02;8.327124e-02;6.453956e-02;6.738712e-02
1.580535e-01;3.857036e-02;2.297015e-01;4.880472e-02;4.250276e-02;2.506221e-02;1.265709e-01;4.753693e-02;5.210388e-02;1.058768e-01;9.308030e-02;3.213613e-02
2.003021e-01;2.776535e-02;2.349543e-01;4.120639e-02;3.674690e-02;1.397875e-02;1.539952e-01;2.013076e-02;4.369368e-02;1.297197e-01;8.077075e-02;1.673620e-02
1.711753e-01;4.292154e-02;2.428667e-01;2.046744e-02;5.247136e-02;1.850947e-02;1.518676e-01;2.956770e-02;4.042146e-02;1.571755e-01;5.266874e-02;1.988733e-02
1.170521e-01;1.339474e-01;1.948580e-01;2.286383e-02;4.636718e-02;5.827884e-02;9.717166e-02;4.850770e-02;9.050492e-02;1.280973e-01;2.784836e-02;3.450262e-02
9.135450e-02;2.596834e-01;1.089966e-01;3.459781e-02;2.389644e-02;8.822963e-02;3.758932e-02;4.259115e-02;1.747453e-01;8.538283e-02;2.478326e-02;2.814972e-02
1.092153e-01;3.054726e-01;6.972373e-02;3.280951e-02;1.703078e-02;6.756680e-02;5.585682e-02;4.032851e-02;1.921090e-01;5.809091e-02;3.281865e-02;1.897731e-02
2.092896e-01;2.018374e-01;1.004751e-01;2.064608e-02;3.911263e-02;1.785935e-02;9.176431e-02;7.919477e-02;1.315351e-01;6.254119e-02;3.216389e-02;1.358059e-02
3.270831e-01;8.631043e-02;8.606630e-02;1.396452e-02;5.858372e-02;1.056111e-02;7.713237e-02;1.425507e-01;9.491409e-02;5.415805e-02;3.813867e-02;1.053690e-02
3.260339e-01;4.315426e-02;6.154792e-02;3.010769e-02;4.881405e-02;2.592801e-02;7.882757e-02;1.518877e-01;1.005225e-01;4.109398e-02;5.251571e-02;3.956672e-02
2.096124e-01;6.466693e-02;4.120042e-02;5.782201e-02;2.593770e-02;4.584073e-02;1.384294e-01;8.286319e-02;1.358754e-01;4.652631e-02;4.990125e-02;1.013243e-01
1.344516e-01;7.212720e-02;4.019445e-02;5.818572e-02;2.359204e-02;5.995272e-02;1.853202e-01;5.421207e-02;1.294436e-01;6.619555e-02;4.985861e-02;1.264663e-01
1.264785e-01;6.093467e-02;6.665862e-02;3.440266e-02;3.369356e-02;5.990590e-02;1.327213e-01;1.141535e-01;1.250314e-01;1.066410e-01;6.268071e-02;7.669813e-02
1.017809e-01;5.326876e-02;9.018404e-02;3.461852e-02;5.411795e-02;5.604575e-02;7.729059e-02;1.466257e-01;1.130451e-01;1.499807e-01;7.447384e-02;4.856814e-02
9.221596e-02;6.327021e-02;9.539859e-02;3.835131e-02;6.196250e-02;7.785882e-02;1.080909e-01;1.119629e-01;8.867558e-02;1.507389e-01;7.394183e-02;3.753240e-02
1.296470e-01;8.729630e-02;1.113856e-01;4.733334e-02;5.424188e-02;5.838859e-02;1.234928e-01;9.359451e-02;4.002878e-02;9.354696e-02;9.637605e-02;6.466814e-02
1.466861e-01;7.030945e-02;9.163209e-02;4.220997e-02;5.303369e-02;2.586180e-02;1.034427e-01;8.855247e-02;8.784337e-02;8.146881e-02;1.349504e-01;7.400913e-02
1.657644e-01;6.941806e-02;9.901889e-02;3.810431e-02;5.276636e-02;3.557052e-02;1.133012e-01;1.031445e-01;7.551860e-02;7.944534e-02;1.071085e-01;6.083933e-02
1.720980e-01;8.879521e-02;9.405603e-02;4.369158e-02;3.825414e-02;6.839949e-02;1.136455e-01;1.170745e-01;8.325535e-02;5.026830e-02;6.845218e-02;6.200984e-02
1.358548e-01;5.150108e-02;7.840373e-02;4.228310e-02;5.064175e-02;8.852509e-02;1.075499e-01;1.082496e-01;1.146189e-01;6.264877e-02;7.173005e-02;8.799335e-02
1.323679e-01;9.715851e-02;4.329711e-02;4.153613e-02;6.069903e-02;7.253313e-02;8.663806e-02;1.188786e-01;1.117162e-01;8.499601e-02;8.016639e-02;7.001285e-02
1.743165e-01;1.251060e-01;6.331413e-02;3.742960e-02;4.311666e-02;7.126917e-02;6.999198e-02;1.121961e-01;9.216090e-02;8.307674e-02;8.598198e-02;4.204015e-02
1.729751e-01;1.240966e-01;7.364958e-02;3.264128e-02;3.086563e-02;7.128079e-02;4.257387e-02;1.167424e-01;1.077110e-01;1.210989e-01;6.787746e-02;3.848745e-02
1.911682e-01;1.083425e-01;6.191384e-02;3.767085e-02;3.407473e-02;6.802130e-02;9.054879e-02;8.984872e-02;1.078940e-01;1.102902e-01;4.981412e-02;5.041269e-02
2.289824e-01;1.006551e-01;6.777966e-02;4.057513e-02;5.965674e-02;6.899586e-02;9.673122e-02;7.108816e-02;7.996139e-02;9.254388e-02;5.149803e-02;4.153245e-02
2.080643e-01;1.081021e-01;6.127007e-02;4.887064e-02;7.587065e-02;5.765065e-02;6.663596e-02;8.545934e-02;8.350091e-02;1.003370e-01;7.302332e-02;3.121496e-02
1.264058e-01;1.301292e-01;5.091150e-02;8.283171e-02;7.157502e-02;4.689056e-02;7.136603e-02;8.671285e-02;1.081506e-01;9.364916e-02;8.781398e-02;4.356357e-02
9.905242e-02;8.526731e-02;7.071185e-02;5.971744e-02;8.404450e-02;7.276894e-02;1.010654e-01;7.856821e-02;1.094191e-01;6.749831e-02;9.545047e-02;7.643602e-02
1.466251e-01;5.984900e-02;7.511314e-02;3.715651e-02;1.176328e-01;6.944271e-02;1.281412e-01;7.495596e-02;9.760147e-02;4.269678e-02;6.927909e-02;8.150630e-02
1.250164e-01;5.686355e-02;6.973839e-02;2.962807e-02;1.560049e-01;7.158583e-02;1.512896e-01;8.132531e-02;1.022662e-01;3.833511e-02;5.047864e-02;6.746802e-02
5.531871e-02;3.267764e-02;7.070172e-02;2.007351e-02;1.862686e-01;1.097757e-01;1.731611e-01;6.232764e-02;1.738448e-01;4.249560e-02;3.799394e-02;3.536109e-02
4.175460e-02;2.441032e-02;3.811834e-02;2.457297e-02;1.380136e-01;1.393856e-01;2.751179e-01;7.692251e-02;1.469648e-01;3.905533e-02;2.350105e-02;3.218296e-02
8.592597e-02;3.057642e-02;2.944984e-02;3.812752e-02;5.250508e-02;1.777363e-01;3.186261e-01;8.456497e-02;6.041616e-02;6.795989e-02;1.420795e-02;3.990386e-02
1.083038e-01;5.966315e-02;7.569907e-02;2.794435e-02;3.815026e-02;1.697503e-01;2.452460e-01;7.446778e-02;8.073740e-02;8.536766e-02;6.877492e-03;2.779277e-02
7.292116e-02;6.929653e-02;1.620422e-01;3.981694e-02;4.862723e-02;1.183014e-01;2.191209e-01;4.724401e-02;1.026896e-01;9.212486e-02;1.317495e-02;1.464022e-02
3.759418e-02;4.805686e-02;1.897525e-01;9.952549e-02;5.600687e-02;1.252902e-01;1.814386e-01;3.702731e-02;1.159621e-01;7.414873e-02;2.550842e-02;9.688710e-03
2.875201e-02;2.723513e-02;9.922961e-02;1.268586e-01;9.324585e-02;2.158966e-01;1.683403e-01;6.853831e-02;8.691466e-02;4.101108e-02;2.354015e-02;2.043778e-02
3.244463e-02;2.688724e-02;4.923747e-02;7.876805e-02;9.716807e-02;1.937217e-01;2.536089e-01;1.055071e-01;9.657408e-02;3.042196e-02;1.292212e-02;2.273876e-02
2.854833e-02;2.664180e-02;5.155857e-02;9.922112e-02;6.279422e-02;1.090023e-01;2.706462e-01;1.107997e-01;1.694220e-01;4.311008e-02;1.057066e-02;1.768493e-02
4.808663e-02;1.459090e-02;4.922159e-02;1.814307e-01;3.651743e-02;5.310310e-02;2.100695e-01;3.948010e-02;2.639796e-01;8.399338e-02;1.226172e-02;7.265345e-03
4.917853e-02;1.105133e-02;4.781212e-02;1.695518e-01;4.927733e-02;3.136534e-02;1.514312e-01;5.032513e-02;2.696450e-01;1.513371e-01;1.437674e-02;4.648308e-03
6.431675e-02;2.160566e-02;5.701111e-02;9.708419e-02;8.550919e-02;2.381170e-02;9.927528e-02;9.175684e-02;2.289456e-01;2.024516e-01;2.238480e-02;5.847334e-03
9.693688e-02;2.140012e-02;5.759780e-02;1.180715e-01;6.608494e-02;2.957392e-02;1.652612e-01;1.046980e-01;1.598643e-01;1.543923e-01;1.576156e-02;1.035738e-02
8.882543e-02;2.604396e-02;6.754369e-02;1.267100e-01;5.019593e-02;4.483093e-02;2.242979e-01;1.252067e-01;9.623079e-02;1.177465e-01;1.391287e-02;1.845550e-02
5.114805e-02;3.267615e-02;7.782924e-02;7.322695e-02;4.674345e-02;6.605044e-02;2.879435e-01;8.017546e-02;1.705459e-01;8.120459e-02;1.444040e-02;1.801590e-02
5.535532e-02;2.939970e-02;8.552317e-02;5.455449e-02;4.307210e-02;8.381718e-02;2.435723e-01;6.359549e-02;2.056863e-01;9.670304e-02;2.028804e-02;1.843291e-02
4.522853e-02;2.888797e-02;1.044787e-01;7.663301e-02;4.757243e-02;8.290005e-02;1.555771e-01;7.453052e-02;2.276534e-01;1.102219e-01;2.763972e-02;1.867677e-02
5.130014e-02;1.751211e-02;7.844157e-02;1.150681e-01;4.069786e-02;5.164206e-02;1.520128e-01;8.778771e-02;2.640325e-01;9.608364e-02;3.518532e-02;1.023617e-02
4.951486e-02;2.760764e-02;6.747103e-02;1.210676e-01;4.624112e-02;3.204466e-02;1.964214e-01;1.025709e-01;2.126129e-01;1.077393e-01;2.720680e-02;9.501686e-03
3.765942e-02;3.783453e-02;7.747860e-02;1.262033e-01;8.093198e-02;5.353777e-02;2.127156e-01;1.022575e-01;1.373612e-01;1.069352e-01;1.571407e-02;1.137099e-02
2.566182e-02;5.477260e-02;8.492833e-02;1.264449e-01;1.006813e-01;7.998726e-02;1.775260e-01;1.063280e-01;9.466202e-02;1.025929e-01;2.105455e-02;2.536030e-02
6.763689e-02;1.008470e-01;1.153113e-01;8.941072e-02;8.420245e-02;7.949863e-02;1.906352e-01;6.999290e-02;3.620911e-02;5.494341e-02;5.382170e-02;5.749073e-02
8.411431e-02;1.190739e-01;1.223259e-01;8.103223e-02;8.284695e-02;6.265058e-02;1.702054e-01;6.006613e-02;2.110940e-02;6.735710e-02;7.031084e-02;5.890723e-02
8.580428e-02;1.010576e-01;1.715298e-01;6.387563e-02;5.591176e-02;3.765643e-02;1.178579e-01;4.825012e-02;5.490256e-02;1.551918e-01;6.005291e-02;4.790921e-02
6.809553e-02;8.276681e-02;1.708641e-01;2.800081e-02;2.520303e-02;4.018746e-02;6.381275e-02;4.931161e-02;1.880744e-01;1.914922e-01;3.870063e-02;5.349068e-02
5.600669e-02;1.020491e-01;1.044786e-01;1.358876e-02;1.570503e-02;5.856022e-02;4.368899e-02;7.548445e-02;3.300429e-01;1.347434e-01;2.294731e-02;4.270461e-02
9.881540e-02;1.223354e-01;9.183137e-02;1.300171e-02;2.575324e-02;6.169151e-02;5.570074e-02;8.347486e-02;3.071337e-01;8.670508e-02;2.344408e-02;3.011292e-02
1.780924e-01;1.126845e-01;9.892332e-02;2.223894e-02;7.226685e-02;3.743515e-02;7.611428e-02;6.314164e-02;2.042909e-01;8.592737e-02;2.689039e-02;2.199424e-02
1.956130e-01;6.202082e-02;7.898159e-02;3.883766e-02;8.166348e-02;3.059130e-02;7.279719e-02;9.046984e-02;2.018417e-01;9.808356e-02;2.154829e-02;2.755158e-02
1.783108e-01;4.276204e-02;5.064055e-02;7.030442e-02;4.746110e-02;2.502008e-02;8.545312e-02;1.229347e-01;2.303249e-01;8.091826e-02;2.107683e-02;4.479316e-02
1.411931e-01;4.066999e-02;6.160041e-02;1.196967e-01;2.555262e-02;3.297580e-02;7.324103e-02;1.360418e-01;1.709672e-01;7.713459e-02;2.621104e-02;9.471574e-02
8.738558e-02;2.992262e-02;8.341904e-02;1.530085e-01;3.362054e-02;3.675325e-02;1.110516e-01;1.137121e-01;1.118340e-01;7.179272e-02;3.486427e-02;1.326358e-01
5.025632e-02;2.282891e-02;9.345608e-02;1.202170e-01;4.051105e-02;5.289831e-02;1.737101e-01;7.073749e-02;1.220792e-01;5.918754e-02;6.240899e-02;1.317090e-01
3.397619e-02;1.914979e-02;1.306278e-01;5.784650e-02;2.950292e-02;7.118925e-02;1.563718e-01;3.457641e-02;2.243123e-01;5.274381e-02;9.917285e-02;9.053048e-02
3.101055e-02;2.183516e-02;1.341005e-01;3.429230e-02;3.341892e-02;8.513246e-02;5.047870e-02;5.777708e-02;3.629597e-01;4.263530e-02;1.148164e-01;3.154283e-02
2.518531e-02;2.676149e-02;9.113568e-02;3.508396e-02;3.269009e-02;9.111263e-02;7.354979e-02;7.916593e-02;3.592303e-01;6.062854e-02;8.595891e-02;3.949733e-02
4.481826e-02;2.222253e-02;8.659138e-02;4.555155e-02;5.139947e-02;9.806997e-02;7.002178e-02;6.648372e-02;3.308401e-01;8.259740e-02;7.148522e-02;2.991861e-02
7.151559e-02;2.418234e-02;9.112524e-02;3.901992e-02;6.069348e-02;9.548855e-02;3.491473e-02;5.583341e-02;3.503292e-01;8.478592e-02;6.132376e-02;3.078783e-02
8.326606e-02;4.929109e-02;7.401117e-02;5.744522e-02;5.336194e-02;5.696012e-02;7.577948e-02;4.849449e-02;2.373103e-01;7.061221e-02;1.346792e-01;5.878873e-02
8.870374e-02;5.634525e-02;5.867138e-02;4.612747e-02;4.975483e-02;5.592515e-02;7.980713e-02;6.101500e-02;1.567512e-01;9.030320e-02;1.522630e-01;1.043326e-01
9.056633e-02;4.204779e-02;5.479940e-02;6.152806e-02;5.385498e-02;5.990604e-02;6.328225e-02;6.130485e-02;1.675120e-01;9.252288e-02;1.593906e-01;9.328490e-02
1.255394e-01;5.450522e-02;2.026399e-02;1.022007e-01;5.896727e-02;6.776592e-02;1.004337e-01;5.633903e-02;1.313873e-01;7.617265e-02;1.492359e-01;5.718891e-02
1.086190e-01;4.328290e-02;4.336281e-02;1.040522e-01;3.319404e-02;4.887370e-02;1.476341e-01;8.970051e-02;9.901331e-02;7.881166e-02;1.202567e-01;8.319912e-02
7.073870e-02;3.242386e-02;4.868157e-02;8.150502e-02;3.453294e-02;7.011527e-02;1.033632e-01;1.149439e-01;1.871834e-01;8.433016e-02;9.614455e-02;7.603750e-02
5.800664e-02;3.494815e-02;6.805040e-02;6.500284e-02;4.391690e-02;7.514311e-02;9.162677e-02;9.257213e-02;2.060724e-01;9.156311e-02;7.948738e-02;9.361019e-02
5.185520e-02;3.434756e-02;6.711946e-02;6.875845e-02;3.751997e-02;6.093672e-02;1.117237e-01;9.349673e-02;2.180004e-01;9.813064e-02;9.774976e-02;6.036142e-02
7.325565e-02;5.203097e-02;6.372821e-02;9.291844e-02;3.165007e-02;6.084318e-02;9.089626e-02;7.647913e-02;2.096398e-01;9.187879e-02;9.921394e-02;5.746555e-02
8.230694e-02;6.179208e-02;7.223415e-02;1.137275e-01;3.100520e-02;6.770271e-02;8.687104e-02;3.245368e-02;1.456833e-01;8.799139e-02;6.533223e-02;1.528998e-01
5.363147e-02;4.640897e-02;8.885086e-02;8.766899e-02;3.383020e-02;7.514658e-02;1.125181e-01;5.632374e-02;1.229575e-01;7.022373e-02;5.925699e-02;1.931829e-01
4.364594e-02;5.139095e-02;1.158083e-01;6.023943e-02;3.707648e-02;6.027211e-02;1.046907e-01;6.805761e-02;1.707037e-01;4.161783e-02;9.097180e-02;1.555251e-01
5.343506e-02;6.108908e-02;1.789642e-01;8.932059e-02;5.674608e-02;6.172507e-02;1.208544e-01;6.185103e-02;1.478411e-01;5.740976e-02;4.812609e-02;6.263752e-02
9.252261e-02;8.643033e-02;2.012614e-01;6.433477e-02;5.350677e-02;6.074618e-02;1.417572e-01;6.006153e-02;1.068752e-01;4.297198e-02;5.072004e-02;3.881193e-02
1.357692e-01;1.590651e-01;1.788569e-01;3.816915e-02;3.627130e-02;4.582337e-02;1.120098e-01;5.478972e-02;1.373363e-01;2.695253e-02;3.087205e-02;4.408453e-02
1.795276e-01;2.591206e-01;1.261266e-01;1.878784e-02;1.431919e-02;2.359421e-02;6.064756e-02;4.103180e-02;2.089590e-01;1.633636e-02;1.633467e-02;3.521461e-02
1.765258e-01;3.258703e-01;9.522656e-02;1.263899e-02;7.796385e-03;9.585429e-03;2.224430e-02;4.128103e-02;2.690847e-01;1.080123e-02;9.915445e-03;1.902981e-02
1.201688e-01;3.349415e-01;1.700930e-01;1.784702e-02;4.079894e-03;1.077114e-02;9.195810e-03;2.053818e-02;2.735869e-01;2.352040e-02;6.854943e-03;8.402362e-03
7.584101e-02;2.525254e-01;3.312064e-01;4.187879e-02;9.506092e-03;8.721697e-03;1.209274e-02;1.464972e-02;1.994703e-01;4.534406e-02;3.444928e-03;5.318839e-03
4.909841e-02;1.410998e-01;4.352843e-01;7.665470e-02;2.440208e-02;7.492126e-03;2.480299e-02;2.767649e-02;1.178198e-01;7.899085e-02;9.967688e-03;6.710771e-03
3.507474e-02;5.912678e-02;4.205528e-01;9.982732e-02;3.859322e-02;1.347458e-02;3.363348e-02;6.144851e-02;8.871944e-02;1.018560e-01;3.948156e-02;8.211658e-03
2.260172e-02;4.466905e-02;2.497965e-01;1.743571e-01;4.604343e-02;2.356905e-02;2.522813e-02;9.769020e-02;1.450222e-01;8.529548e-02;6.657567e-02;1.915154e-02
4.196096e-02;5.565880e-02;1.575850e-01;1.905197e-01;8.073100e-02;3.930843e-02;6.917221e-02;8.682384e-02;1.344101e-01;4.175576e-02;4.996988e-02;5.210439e-02
7.835558e-02;5.129201e-02;1.215600e-01;1.451288e-01;8.522629e-02;6.753937e-02;1.785731e-01;8.172571e-02;7.806380e-02;2.477589e-02;3.363432e-02;5.412509e-02
7.895965e-02;4.014115e-02;1.278319e-01;1.152974e-01;5.297710e-02;6.749170e-02;2.509713e-01;1.066720e-01;7.094399e-02;3.234935e-02;2.436774e-02;3.199672e-02
5.245150e-02;3.032181e-02;1.531665e-01;1.050435e-01;6.898143e-02;5.094576e-02;2.223090e-01;9.611616e-02;8.754499e-02;7.569586e-02;4.109724e-02;1.632628e-02
3.006579e-02;4.014698e-02;1.524964e-01;6.488372e-02;1.017611e-01;7.008014e-02;1.339760e-01;8.643232e-02;6.493784e-02;1.323434e-01;1.079729e-01;1.490355e-02
2.407570e-02;2.510444e-02;1.547299e-01;6.527645e-02;7.603613e-02;1.085235e-01;6.503429e-02;1.247433e-01;4.280094e-02;1.042038e-01;1.744350e-01;3.503647e-02
3.859897e-02;4.427176e-02;7.519397e-02;7.508058e-02;7.999077e-02;6.951009e-02;8.483204e-02;1.343684e-01;7.090662e-02;1.128686e-01;1.704779e-01;4.390030e-02
4.002121e-02;5.584406e-02;8.976396e-02;6.766304e-02;8.686717e-02;3.840265e-02;1.456758e-01;1.358540e-01;6.906003e-02;1.167680e-01;1.192521e-01;3.482798e-02
3.599973e-02;5.002299e-02;1.364433e-01;9.520404e-02;6.219219e-02;5.514982e-02;1.988587e-01;1.364529e-01;4.715693e-02;7.917213e-02;7.158788e-02;3.175934e-02
4.348013e-02;4.627999e-02;1.140156e-01;9.607657e-02;5.196962e-02;7.026155e-02;2.546309e-01;1.325179e-01;4.344027e-02;6.417051e-02;5.573370e-02;2.742330e-02
2.806899e-02;5.445743e-02;8.357397e-02;9.202912e-02;6.781798e-02;7.542741e-02;2.548086e-01;9.912991e-02;6.232478e-02;8.935152e-02;6.961967e-02;2.339064e-02
4.171587e-02;7.966209e-02;9.388700e-02;1.040626e-01;5.416730e-02;5.766732e-02;1.849493e-01;8.501526e-02;8.013854e-02;1.240665e-01;7.325419e-02;2.141402e-02
6.047846e-02;7.181779e-02;1.228009e-01;1.174883e-01;6.531797e-02;3.490197e-02;1.552628e-01;1.060472e-01;5.576729e-02;1.018168e-01;7.517326e-02;3.312728e-02
8.078417e-02;7.722307e-02;1.202057e-01;1.330645e-01;8.670503e-02;3.907799e-02;1.131408e-01;1.453928e-01;5.544922e-02;5.739676e-02;6.187176e-02;2.968818e-02
8.782235e-02;5.069911e-02;1.237018e-01;9.902899e-02;1.037237e-01;8.712201e-02;1.349729e-01;1.153344e-01;4.247613e-02;5.013175e-02;3.852920e-02;6.645763e-02
5.067680e-02;3.013962e-02;1.046067e-01;9.674580e-02;1.465074e-01;1.045108e-01;1.931917e-01;5.523695e-02;4.481363e-02;3.697807e-02;4.123458e-02;9.535793e-02
2.298283e-02;3.446352e-02;1.362638e-01;1.505908e-01;1.681947e-01;1.000812e-01;1.316483e-01;3.150170e-02;3.677941e-02;2.404337e-02;8.175525e-02;8.169514e-02
2.648457e-02;3.927873e-02;2.936795e-01;1.636396e-01;9.788120e-02;4.742194e-02;7.716377e-02;2.148459e-02;3.860513e-02;5.895344e-02;1.031561e-01;3.225145e-02
4.679085e-02;5.403817e-02;3.801878e-01;1.130747e-01;5.499490e-02;2.943536e-02;4.669734e-02;2.295500e-02;6.292527e-02;1.006082e-01;7.568714e-02;1.260518e-02
7.999302e-02;9.949586e-02;3.239024e-01;6.402614e-02;5.932372e-02;2.640694e-02;5.483756e-02;4.121616e-02;9.255997e-02;9.230600e-02;4.537912e-02;2.055314e-02
9.373110e-02;1.228591e-01;2.564633e-01;3.904770e-02;7.616526e-02;4.021321e-02;9.607100e-02;4.444035e-02;8.665463e-02;7.288780e-02;4.326178e-02;2.820476e-02
5.430153e-02;9.661660e-02;2.444889e-01;7.095332e-02;9.698669e-02;3.815923e-02;1.265887e-01;3.622091e-02;6.690506e-02;7.101467e-02;5.941651e-02;3.834795e-02
2.685466e-02;5.939285e-02;2.538057e-01;1.179622e-01;8.727737e-02;3.806868e-02;1.085843e-01;4.364612e-02;5.675061e-02;8.950762e-02;6.410000e-02;5.404996e-02
5.870788e-02;4.707909e-02;2.625978e-01;1.018490e-01;7.662953e-02;4.305453e-02;9.781902e-02;5.838203e-02;5.562174e-02;8.769038e-02;5.495453e-02;5.561450e-02
7.522357e-02;5.381041e-02;2.981163e-01;6.175105e-02;7.884241e-02;5.453003e-02;8.012120e-02;6.913362e-02;7.485607e-02;6.233433e-02;5.073934e-02;4.054170e-02
7.555968e-02;4.181709e-02;3.058017e-01;8.779750e-02;9.196979e-02;6.603789e-02;5.847877e-02;6.321941e-02;6.589747e-02;4.398387e-02;7.031728e-02;2.911945e-02
7.154252e-02;6.248166e-02;2.454061e-01;8.627018e-02;1.032419e-01;6.610592e-02;9.923331e-02;4.575817e-02;4.230716e-02;6.223290e-02;8.255211e-02;3.286813e-02
6.897143e-02;3.322979e-02;2.304629e-01;1.004369e-01;1.168013e-01;7.425916e-02;5.562218e-02;4.814793e-02;5.292512e-02;8.881572e-02;6.248352e-02;6.784398e-02
7.026087e-02;3.663667e-02;2.504795e-01;1.044250e-01;9.743607e-02;5.842589e-02;9.511404e-02;5.916663e-02;4.188498e-02;6.786916e-02;3.906965e-02;7.923151e-02
7.120202e-02;3.041274e-02;2.363279e-01;8.268811e-02;1.033653e-01;4.500646e-02;1.268996e-01;6.028003e-02;3.459577e-02;6.820785e-02;6.609851e-02;7.491568e-02
4.766864e-02;3.487541e-02;2.264164e-01;7.206704e-02;1.026194e-01;6.553455e-02;1.237164e-01;4.320279e-02;3.459340e-02;7.145660e-02;1.155431e-01;6.230633e-02
2.788967e-02;5.569477e-02;2.191930e-01;7.063569e-02;8.811022e-02;7.905297e-02;9.313934e-02;3.648395e-02;3.789901e-02;8.679044e-02;1.688121e-01;3.629880e-02
3.564401e-02;9.765105e-02;1.273913e-01;6.806967e-02;1.118380e-01;7.632367e-02;4.841810e-02;4.986455e-02;4.555800e-02;1.354595e-01;1.704551e-01;3.332699e-02
4.689294e-02;1.087893e-01;5.734160e-02;6.545945e-02;1.420638e-01;7.460126e-02;5.013736e-02;4.798164e-02;6.599604e-02;1.725154e-01;1.200574e-01;4.816370e-02
5.110290e-02;9.021449e-02;1.263491e-01;8.403237e-02;1.060849e-01;5.809011e-02;8.538357e-02;5.097296e-02;5.994173e-02;1.475147e-01;9.331634e-02;4.699688e-02
6.255492e-02;7.258607e-02;1.476463e-01;7.907200e-02;8.492415e-02;4.967922e-02;1.629937e-01;5.577113e-02;6.945024e-02;8.892542e-02;8.338424e-02;4.301266e-02
5.417768e-02;7.161604e-02;1.266491e-01;5.843432e-02;1.035624e-01;5.595058e-02;1.752844e-01;5.970834e-02;8.926620e-02;8.292747e-02;8.354614e-02;3.887727e-02
5.072809e-02;7.917726e-02;9.326644e-02;7.907475e-02;1.465071e-01;6.138573e-02;7.724186e-02;5.299417e-02;8.640657e-02;1.556355e-01;9.359258e-02;2.398995e-02
4.122369e-02;6.954648e-02;6.770148e-02;4.638582e-02;1.757923e-01;1.093171e-01;6.058726e-02;7.054122e-02;6.737376e-02;1.493064e-01;1.119089e-01;3.031559e-02
3.345543e-02;5.805822e-02;7.429373e-02;2.976115e-02;1.639142e-01;1.719053e-01;5.848974e-02;7.266318e-02;6.653416e-02;1.124545e-01;1.321311e-01;2.633925e-02
2.702284e-02;4.991211e-02;6.967675e-02;3.812579e-02;1.514007e-01;2.018920e-01;6.735189e-02;5.287464e-02;6.942351e-02;1.019431e-01;1.540290e-01;1.634763e-02
3.604867e-02;5.781661e-02;4.614116e-02;6.726978e-02;1.601309e-01;1.813641e-01;7.238498e-02;3.246966e-02;4.779730e-02;1.243078e-01;1.550773e-01;1.919191e-02
3.456217e-02;5.065639e-02;8.573515e-02;8.183830e-02;1.395831e-01;1.282570e-01;1.009293e-01;3.756638e-02;6.914529e-02;1.259356e-01;1.261139e-01;1.967728e-02
4.802580e-02;3.558557e-02;9.294898e-02;9.241398e-02;9.994797e-02;8.939313e-02;1.665984e-01;5.015915e-02;9.534553e-02;1.100070e-01;9.988052e-02;1.969392e-02
6.222530e-02;4.191051e-02;5.421917e-02;8.128458e-02;1.113037e-01;6.046490e-02;1.884141e-01;3.969290e-02;8.583473e-02;1.382861e-01;1.011922e-01;3.517188e-02
5.674787e-02;4.363181e-02;9.322246e-02;6.832237e-02;1.119446e-01;7.607215e-02;1.284079e-01;7.355856e-02;4.772983e-02;1.427175e-01;1.011724e-01;5.647255e-02
5.944484e-02;5.179307e-02;1.267446e-01;9.882192e-02;1.215755e-01;7.342570e-02;6.337105e-02;8.501817e-02;5.343781e-02;1.098078e-01;1.004286e-01;5.613084e-02
7.179458e-02;7.520967e-02;1.509642e-01;7.785348e-02;1.173507e-01;4.573401e-02;1.151552e-01;7.521910e-02;8.282980e-02;7.142285e-02;8.724352e-02;2.922294e-02
5.550580e-02;7.284641e-02;1.722673e-01;5.674217e-02;8.896866e-02;8.283862e-02;1.173659e-01;7.635254e-02;9.513506e-02;5.344576e-02;7.819986e-02;5.033177e-02
6.822394e-02;5.259563e-02;1.501977e-01;8.147055e-02;7.765770e-02;9.817717e-02;1.394058e-01;5.815018e-02;6.286529e-02;8.111084e-02;8.441852e-02;4.572672e-02
6.309225e-02;4.440145e-02;1.203449e-01;9.489158e-02;8.849344e-02;8.035456e-02;1.577629e-01;8.959500e-02;7.801596e-02;8.035945e-02;6.583121e-02;3.685729e-02
7.620583e-02;4.964928e-02;1.323124e-01;1.032800e-01;6.565963e-02;6.835797e-02;1.204043e-01;9.808131e-02;9.115009e-02;7.938806e-02;7.698616e-02;3.852499e-02
8.172398e-02;7.416123e-02;1.550664e-01;7.956378e-02;6.805151e-02;7.199092e-02;9.436476e-02;6.463740e-02;8.206213e-02;1.176906e-01;8.157060e-02;2.911667e-02
8.001914e-02;1.226031e-01;1.506955e-01;9.331519e-02;8.162505e-02;7.619779e-02;9.514187e-02;6.729802e-02;6.059049e-02;6.261269e-02;5.476367e-02;5.513748e-02
1.079988e-01;1.520334e-01;2.157137e-01;6.293416e-02;5.978533e-02;5.176975e-02;9.239946e-02;4.627933e-02;9.483746e-02;4.067120e-02;3.908326e-02;3.649418e-02
1.235782e-01;2.030838e-01;1.813605e-01;6.394969e-02;4.267404e-02;4.273285e-02;8.081867e-02;4.070057e-02;1.288232e-01;3.541961e-02;3.028629e-02;2.657259e-02
1.288294e-01;2.874722e-01;1.208307e-01;7.094996e-02;2.201022e-02;3.858891e-02;5.573987e-02;2.864515e-02;1.866630e-01;2.470323e-02;1.674171e-02;1.882565e-02
9.841509e-02;3.181050e-01;1.277058e-01;7.848081e-02;8.907721e-03;4.124346e-02;2.666689e-02;2.332156e-02;2.226212e-01;2.449033e-02;8.830276e-03;2.121175e-02
7.398660e-02;2.344837e-01;2.318786e-01;7.016514e-02;2.231590e-02;3.226855e-02;1.690434e-02;3.224937e-02;1.761717e-01;5.672387e-02;1.779938e-02;3.505279e-02
8.094547e-02;1.228238e-01;2.777023e-01;8.808880e-02;6.330431e-02;3.486142e-02;4.502125e-02;3.088490e-02;1.026181e-01;7.844475e-02;4.053490e-02;3.476997e-02
1.031018e-01;8.655728e-02;1.710899e-01;1.044062e-01;9.530099e-02;8.988426e-02;1.297541e-01;2.647895e-02;5.920785e-02;6.591610e-02;4.591669e-02;2.238588e-02
9.297405e-02;8.302393e-02;9.454165e-02;7.269851e-02;6.484876e-02;1.169994e-01;2.761934e-01;6.043341e-02;4.893127e-02;3.805843e-02;2.553019e-02;2.576700e-02
5.806417e-02;8.836023e-02;8.766846e-02;5.226847e-02;4.197318e-02;7.865191e-02;3.581445e-01;1.102989e-01;6.339217e-02;2.790854e-02;1.481255e-02;1.845691e-02
3.949920e-02;5.581520e-02;1.241502e-01;7.632948e-02;4.072041e-02;3.277015e-02;2.945364e-01;1.094533e-01;1.450025e-01;5.189876e-02;1.345329e-02;1.637101e-02
5.635258e-02;4.190939e-02;9.846240e-02;1.036456e-01;4.983974e-02;2.136104e-02;2.123161e-01;4.673987e-02;2.213910e-01;1.099028e-01;2.380874e-02;1.427083e-02
7.017682e-02;3.760614e-02;8.530401e-02;8.533110e-02;7.296821e-02;2.948016e-02;1.085620e-01;7.929409e-02;2.341967e-01;1.492353e-01;3.601015e-02;1.183529e-02
4.989052e-02;4.650540e-02;1.019256e-01;8.230865e-02;7.345847e-02;2.914520e-02;1.697678e-01;1.276550e-01;1.604827e-01;1.009778e-01;4.284730e-02;1.503556e-02
4.241719e-02;5.395724e-02;1.185545e-01;7.145533e-02;5.111859e-02;3.712017e-02;2.713836e-01;1.282806e-01;1.202464e-01;4.232832e-02;2.833551e-02;3.480260e-02
4.577076e-02;8.108815e-02;1.209041e-01;4.612191e-02;3.625398e-02;3.840040e-02;2.724618e-01;9.531331e-02;1.440718e-01;6.166022e-02;2.874808e-02;2.920546e-02
7.175250e-02;9.547800e-02;1.019121e-01;4.590840e-02;4.943009e-02;3.733468e-02;2.052119e-01;6.312463e-02;1.912328e-01;8.090448e-02;2.405061e-02;3.365973e-02
1.183560e-01;8.669845e-02;1.027545e-01;5.204823e-02;5.365852e-02;4.462162e-02;1.413524e-01;7.862013e-02;1.465166e-01;7.668472e-02;3.899958e-02;5.968932e-02
9.979476e-02;8.542513e-02;1.012120e-01;6.350829e-02;4.674282e-02;5.950726e-02;1.953425e-01;9.868091e-02;5.395044e-02;8.620224e-02;4.928541e-02;6.034821e-02
5.401080e-02;1.104910e-01;9.987726e-02;1.083967e-01;5.653575e-02;4.688231e-02;2.444063e-01;4.441378e-02;7.764008e-02;6.564285e-02;3.526489e-02;5.643828e-02
5.689103e-02;1.123228e-01;9.786637e-02;1.138417e-01;8.651569e-02;3.372095e-02;2.074380e-01;6.548751e-02;1.091567e-01;6.040290e-02;2.273161e-02;3.362479e-02
9.266899e-02;1.123948e-01;1.215446e-01;7.778194e-02;9.401859e-02;4.274702e-02;1.107755e-01;1.084332e-01;1.259612e-01;6.786907e-02;2.538030e-02;2.042473e-02
1.378398e-01;9.641684e-02;1.217560e-01;5.783560e-02;7.589574e-02;5.205710e-02;1.786330e-01;9.399538e-02;7.231984e-02;5.131836e-02;1.715897e-02;4.477333e-02
1.280786e-01;7.635068e-02;1.025141e-01;5.795151e-02;3.858992e-02;6.373034e-02;2.391794e-01;8.459546e-02;6.618898e-02;6.040184e-02;1.486598e-02;6.755308e-02
9.313356e-02;6.813508e-02;7.990512e-02;5.558335e-02;2.384189e-02;8.155123e-02;2.712895e-01;6.181599e-02;1.104218e-01;6.461672e-02;2.593222e-02;6.377355e-02
7.920849e-02;8.739318e-02;7.786343e-02;3.745200e-02;4.214199e-02;8.095675e-02;1.984676e-01;6.095890e-02;1.525192e-01;7.460448e-02;4.317265e-02;6.526147e-02
