6.966858e-02;1.119097e-01;1.692197e-01;6.274873e-02;6.736524e-02;3.791413e-02;1.217916e-01;6.094762e-02;6.425667e-02;7.552194e-02;1.073452e-01;5.131082e-02
6.843967e-02;1.075131e-01;2.000742e-01;7.955968e-02;4.545157e-02;6.585675e-02;8.217665e-02;5.775837e-02;7.353634e-02;7.029978e-02;7.479344e-02;7.454046e-02
3.663785e-02;6.296618e-02;2.455101e-01;6.566779e-02;5.682812e-02;7.815076e-02;1.732077e-01;6.604647e-02;4.017695e-02;6.444543e-02;7.769165e-02;3.267099e-02
2.387737e-02;3.406723e-02;2.753861e-01;8.526749e-02;1.012997e-01;5.872858e-02;1.490037e-01;4.551218e-02;3.291260e-02;4.871314e-02;8.273534e-02;6.249655e-02
2.661535e-02;3.711301e-02;2.472760e-01;1.234361e-01;1.224272e-01;4.553424e-02;9.636597e-02;3.524837e-02;3.147855e-02;4.349199e-02;1.085111e-01;8.250216e-02
2.028088e-02;2.917685e-02;2.103609e-01;1.651339e-01;1.633239e-01;3.725953e-02;4.950842e-02;2.287382e-02;2.844924e-02;4.225831e-02;1.325610e-01;9.881322e-02
1.545592e-02;2.525870e-02;1.808816e-01;2.083112e-01;1.946759e-01;3.428340e-02;3.709792e-02;1.295425e-02;1.871240e-02;3.667275e-02;1.438218e-01;9.187414e-02
5.125557e-03;2.365976e-02;2.732604e-01;2.267752e-01;1.242450e-01;2.193689e-02;1.410804e-02;1.119256e-02;1.009167e-02;5.626590e-02;1.815840e-01;5.175498e-02
1.505420e-02;3.225314e-02;3.690625e-01;1.882323e-01;4.810157e-02;7.185215e-03;1.591643e-02;9.075670e-03;2.713489e-02;9.831310e-02;1.653519e-01;2.431896e-02
1.633821e-02;3.537420e-02;3.664172e-01;1.696413e-01;5.173666e-02;1.352204e-02;1.895078e-02;1.438218e-02;2.693257e-02;1.124189e-01;1.422947e-01;3.199132e-02
1.164246e-02;2.661624e-02;2.671915e-01;1.639702e-01;1.524597e-01;3.545138e-02;2.891359e-02;1.720876e-02;1.978751e-02;8.560588e-02;1.170304e-01;7.412248e-02
3.446829e-02;1.858458e-02;1.543245e-01;1.316058e-01;2.397145e-01;1.119455e-01;8.532160e-02;1.369718e-02;2.050311e-02;4.011174e-02;5.047054e-02;9.925269e-02
7.350145e-02;1.891374e-02;1.011088e-01;8.305371e-02;1.542330e-01;2.048661e-01;2.206966e-01;2.302108e-02;1.591188e-02;3.679511e-02;1.540866e-02;5.248984e-02
5.319241e-02;4.595610e-02;5.669390e-02;4.928325e-02;7.182208e-02;1.769986e-01;4.111498e-01;4.626337e-02;1.994922e-02;3.818693e-02;1.433651e-02;1.616785e-02
1.921680e-02;6.169274e-02;5.067151e-02;3.032860e-02;5.431984e-02;7.872774e-02;5.256383e-01;9.607184e-02;3.419752e-02;2.136638e-02;1.895442e-02;8.814290e-03
5.090049e-03;4.645469e-02;7.315007e-02;1.898231e-02;2.852397e-02;2.345938e-02;4.636257e-01;2.366899e-01;4.222490e-02;3.002944e-02;1.456658e-02;1.720300e-02
9.554065e-03;1.677851e-02;7.981317e-02;3.197807e-02;1.420823e-02;3.320943e-02;2.771868e-01;3.460347e-01;1.107968e-01;4.399029e-02;9.389811e-03;2.706015e-02
2.036104e-02;3.902068e-03;5.293483e-02;6.715550e-02;1.416789e-02;2.812613e-02;1.470732e-01;3.093905e-01;2.722778e-01;5.202087e-02;9.729641e-03;2.286050e-02
4.078330e-02;1.145480e-02;2.040993e-02;7.985373e-02;3.607187e-02;1.614647e-02;1.277846e-01;1.862299e-01;3.377390e-01;1.163924e-01;1.875310e-02;8.380928e-03
4.124478e-02;3.708550e-02;1.439787e-02;4.367188e-02;1.003775e-01;1.617001e-02;1.088149e-01;1.051214e-01;1.922989e-01;2.807663e-01;5.420440e-02;5.846548e-03
3.654734e-02;6.539246e-02;2.732084e-02;1.863630e-02;1.307934e-01;1.725073e-02;6.096489e-02;1.132710e-01;5.230863e-02;3.678465e-01;9.865130e-02;1.101664e-02
2.088654e-02;6.006724e-02;3.008155e-02;1.332274e-02;8.436961e-02;4.188098e-02;4.988483e-02;1.190926e-01;4.955421e-02;3.074269e-01;2.033025e-01;2.013027e-02
1.518062e-02;3.528855e-02;2.794078e-02;1.149267e-02;4.407755e-02;1.092854e-01;4.674497e-02;8.586770e-02;4.309652e-02;1.997907e-01;3.419632e-01;3.927133e-02
4.511531e-02;2.526744e-02;5.883212e-02;1.826526e-02;3.797355e-02;1.480355e-01;3.572487e-02;3.236806e-02;5.180924e-02;9.020887e-02;4.082816e-01;4.811821e-02
6.215970e-02;3.723893e-02;6.877313e-02;1.673686e-02;2.936428e-02;1.155470e-01;2.854697e-02;1.776849e-02;9.419976e-02;5.699583e-02;3.835166e-01;8.915243e-02
6.039987e-02;2.490201e-02;4.627717e-02;1.206650e-02;2.583003e-02;5.346752e-02;2.593484e-02;1.081993e-02;1.375230e-01;7.408486e-02;3.813268e-01;1.473675e-01
5.518487e-02;1.468216e-02;4.171308e-02;1.409236e-02;2.213774e-02;6.316525e-02;2.741645e-02;1.723722e-02;1.348790e-01;6.547749e-02;3.783846e-01;1.656298e-01
6.341740e-02;1.250744e-02;6.005649e-02;1.042704e-02;1.233047e-02;6.709051e-02;1.658271e-02;2.078021e-02;1.180776e-01;4.991793e-02;4.019802e-01;1.668320e-01
9.097489e-02;4.087967e-03;5.824371e-02;1.291505e-02;1.405599e-02;5.267451e-02;1.643376e-02;1.692117e-02;8.479591e-02;6.385607e-02;4.281654e-01;1.568756e-01
3.263271e-02;2.392532e-02;5.026773e-02;8.308153e-03;1.083236e-02;1.101281e-01;1.857391e-02;1.248668e-02;5.563839e-02;9.383357e-02;4.657300e-01;1.176431e-01
2.821921e-02;2.926252e-02;4.314535e-02;9.034834e-03;1.680960e-02;1.268468e-01;3.011666e-02;1.718791e-02;4.489389e-02;1.553242e-01;4.308483e-01;6.831067e-02
3.441116e-02;1.922306e-02;2.459335e-02;1.322900e-02;2.994166e-02;7.578842e-02;2.278748e-02;3.662685e-02;4.541645e-02;2.596939e-01;3.981661e-01;4.012250e-02
2.956512e-02;3.007627e-02;3.097895e-02;1.420985e-02;3.556220e-02;9.768780e-02;4.649075e-02;3.572692e-02;3.171432e-02;2.941697e-01;3.297357e-01;2.408240e-02
1.943674e-02;3.316280e-02;3.224514e-02;1.330117e-02;2.935442e-02;1.251111e-01;3.263556e-02;4.875247e-02;2.760430e-02;2.861533e-01;3.223488e-01;2.989417e-02
3.329532e-02;3.650397e-02;4.282898e-02;1.912466e-02;4.528040e-02;5.290735e-02;4.381899e-02;5.342464e-02;3.624312e-02;2.867950e-01;3.239537e-01;2.582379e-02
2.831924e-02;3.638663e-02;5.237605e-02;1.728142e-02;7.078409e-02;6.333150e-02;4.815792e-02;6.599800e-02;3.372393e-02;2.723485e-01;2.774657e-01;3.382708e-02
4.384219e-02;3.850114e-02;3.859936e-02;1.228474e-02;7.061070e-02;9.465982e-02;4.186782e-02;6.071957e-02;2.651132e-02;2.662667e-01;2.665001e-01;3.963648e-02
3.202497e-02;4.279978e-02;2.475010e-02;1.746981e-02;6.624696e-02;8.299715e-02;5.834261e-02;6.240479e-02;2.697878e-02;2.974342e-01;2.508690e-01;3.768186e-02
5.603266e-02;4.277603e-02;4.582889e-02;2.434980e-02;7.838335e-02;3.936478e-02;4.536378e-02;7.095454e-02;2.892741e-02;3.000677e-01;2.383455e-01;2.960552e-02
9.299909e-02;2.706649e-02;7.779204e-02;2.726211e-02;5.407185e-02;8.863859e-02;4.841986e-02;5.676433e-02;4.274726e-02;1.989453e-01;2.183489e-01;6.694419e-02
2.498451e-01;5.444480e-02;7.932450e-02;3.287858e-02;4.522983e-02;8.764572e-02;3.444595e-02;3.368267e-02;4.138109e-02;7.386909e-02;1.460592e-01;1.211935e-01
3.837972e-01;8.174986e-02;6.828127e-02;3.250463e-02;3.532626e-02;4.836100e-02;2.223958e-02;2.895137e-02;2.572812e-02;5.862046e-02;8.977980e-02;1.246605e-01
4.280661e-01;7.709005e-02;6.169397e-02;3.601142e-02;1.434631e-02;3.616117e-02;2.621360e-02;3.449309e-02;3.236307e-02;8.126009e-02;7.451175e-02;9.778936e-02
4.127629e-01;6.952069e-02;5.598256e-02;3.506153e-02;3.601066e-02;2.874460e-02;3.274971e-02;3.204359e-02;3.767834e-02;8.915695e-02;7.583694e-02;9.445158e-02
4.104329e-01;7.465395e-02;6.676779e-02;3.207197e-02;4.211093e-02;4.271466e-02;3.670919e-02;3.863490e-02;2.962236e-02;7.650559e-02;6.486805e-02;8.490766e-02
4.061557e-01;7.153615e-02;7.437437e-02;5.283823e-02;2.478350e-02;6.595054e-02;3.929939e-02;3.461562e-02;3.742732e-02;6.947970e-02;5.427985e-02;6.925964e-02
3.186082e-01;6.972791e-02;8.209128e-02;6.763674e-02;3.486846e-02;6.346318e-02;3.593257e-02;4.438782e-02;4.871046e-02;8.586171e-02;7.653776e-02;7.217389e-02
2.538596e-01;3.215552e-02;7.010040e-02;6.296558e-02;4.837058e-02;6.388961e-02;5.741216e-02;5.903649e-02;4.836515e-02;1.072023e-01;8.966795e-02;1.069747e-01
1.792096e-01;5.397776e-02;8.523228e-02;4.781704e-02;6.592592e-02;6.325369e-02;9.423707e-02;6.448925e-02;5.738967e-02;9.128790e-02;9.029587e-02;1.068840e-01
1.438297e-01;4.861362e-02;1.323542e-01;3.673274e-02;7.548762e-02;7.273625e-02;1.187416e-01;6.814130e-02;7.061475e-02;9.496006e-02;7.092557e-02;6.686267e-02
1.108465e-01;6.056268e-02;1.000978e-01;5.125551e-02;7.425923e-02;4.538317e-02;1.093315e-01;6.308738e-02;1.049862e-01;1.558029e-01;5.885436e-02;6.553274e-02
9.248517e-02;8.365820e-02;9.401777e-02;6.834153e-02;7.061616e-02;4.243689e-02;8.180128e-02;8.857131e-02;1.190236e-01;1.310842e-01;5.283556e-02;7.512824e-02
6.037510e-02;1.085102e-01;1.588987e-01;7.210111e-02;6.184771e-02;4.892620e-02;8.795115e-02;1.388272e-01;8.818711e-02;5.572980e-02;4.153693e-02;7.710870e-02
1.137750e-01;9.368432e-02;1.289805e-01;6.724521e-02;4.472666e-02;6.068162e-02;8.664105e-02;1.178737e-01;7.113310e-02;8.441054e-02;5.393451e-02;7.691377e-02
1.043095e-01;8.102873e-02;1.069313e-01;6.565449e-02;3.770712e-02;7.057694e-02;1.003327e-01;8.638245e-02;1.134990e-01;9.649667e-02;6.855882e-02;6.852225e-02
6.931332e-02;8.459030e-02;1.397054e-01;6.413834e-02;3.606919e-02;8.480148e-02;1.127370e-01;6.265616e-02;1.202859e-01;9.092975e-02;8.255548e-02;5.221759e-02
9.988482e-02;1.171135e-01;1.703964e-01;4.336308e-02;3.231898e-02;6.541049e-02;1.186400e-01;6.417262e-02;1.123846e-01;6.914048e-02;4.566915e-02;6.150577e-02
1.148832e-01;5.214537e-02;1.775109e-01;9.217270e-02;1.086137e-01;5.076444e-02;8.040944e-02;7.944518e-02;7.287871e-02;6.077641e-02;4.900922e-02;6.139082e-02
1.009484e-01;6.729865e-02;1.489424e-01;1.191309e-01;1.441366e-01;8.700213e-02;1.005031e-01;8.023581e-02;3.646303e-02;4.473432e-02;3.889171e-02;3.171298e-02
7.196576e-02;6.215363e-02;1.624933e-01;1.022816e-01;1.264289e-01;9.346123e-02;1.161653e-01;7.297859e-02;1.360355e-02;4.273012e-02;7.296737e-02;6.277059e-02
5.321692e-02;6.568020e-02;2.453604e-01;7.215004e-02;7.252087e-02;5.047133e-02;1.202761e-01;4.852398e-02;2.541716e-02;6.334362e-02;9.610485e-02;8.693448e-02
2.527281e-02;1.447632e-01;2.588776e-01;5.010610e-02;4.081866e-02;6.974266e-02;8.931371e-02;3.247254e-02;9.371176e-02;7.573268e-02;6.812457e-02;5.106366e-02
3.304974e-02;2.851455e-01;1.760155e-01;2.012076e-02;1.763101e-02;1.196753e-01;4.166279e-02;2.498991e-02;1.920387e-01;5.316868e-02;2.486230e-02;1.163976e-02
4.764915e-02;3.877580e-01;6.480427e-02;2.443168e-02;3.468630e-02;1.066999e-01;1.589915e-02;2.216493e-02;2.500179e-01;2.729416e-02;1.025983e-02;8.334701e-03
6.246064e-02;3.649974e-01;3.566760e-02;3.249766e-02;5.395420e-02;1.025620e-01;8.588040e-03;2.500286e-02;2.559011e-01;2.500786e-02;1.766270e-02;1.569788e-02
5.724972e-02;2.887445e-01;3.529628e-02;2.981600e-02;4.779324e-02;1.786383e-01;6.307370e-03;2.488007e-02;2.555981e-01;1.871832e-02;1.570274e-02;4.125536e-02
3.258913e-02;2.719470e-01;5.548818e-02;2.986591e-02;2.851218e-02;2.371756e-01;5.465535e-03;2.689779e-02;2.041961e-01;1.803681e-02;1.200559e-02;7.782025e-02
1.660605e-02;2.343341e-01;1.425383e-01;2.606843e-02;1.881444e-02;2.230670e-01;2.270134e-02;3.913141e-02;1.249760e-01;4.398791e-02;7.069617e-03;1.007053e-01
1.679392e-02;1.391811e-01;3.544990e-01;1.849013e-02;2.936267e-02;1.092833e-01;6.282022e-02;3.536776e-02;3.900542e-02;1.028279e-01;1.192466e-02;8.044381e-02
2.292765e-02;7.966949e-02;4.903083e-01;3.648537e-02;2.805930e-02;3.158699e-02;7.737640e-02;1.635760e-02;3.052120e-02;1.213973e-01;2.296731e-02;4.234315e-02
2.321378e-02;6.949355e-02;4.308212e-01;8.996382e-02;2.312659e-02;3.629299e-02;6.105401e-02;2.218885e-02;3.475828e-02;1.068675e-01;6.564648e-02;3.657289e-02
2.985828e-02;3.553654e-02;2.249961e-01;1.708633e-01;2.112596e-02;6.059367e-02;4.314861e-02;5.328477e-02;6.085879e-02;1.424341e-01;1.291485e-01;2.815131e-02
2.857432e-02;3.315995e-02;1.143246e-01;1.744836e-01;2.156538e-02;5.813622e-02;3.975447e-02;7.760205e-02;9.947948e-02;1.663871e-01;1.380370e-01;4.849589e-02
3.659874e-02;5.397126e-02;1.750119e-01;1.231759e-01;2.974151e-02;3.380347e-02;4.871745e-02;8.711890e-02;9.656400e-02;1.395236e-01;1.021487e-01;7.362460e-02
4.165369e-02;5.235690e-02;1.838954e-01;1.459942e-01;1.089292e-01;3.777259e-02;6.134261e-02;6.593052e-02;7.196620e-02;9.599026e-02;7.968879e-02;5.447971e-02
2.638400e-02;3.243378e-02;8.917382e-02;1.115942e-01;2.507096e-01;9.887777e-02;8.040017e-02;5.281138e-02;8.364204e-02;7.859081e-02;4.342816e-02;5.195430e-02
2.011856e-02;2.461134e-02;4.896308e-02;7.116517e-02;3.191309e-01;1.330184e-01;1.226255e-01;2.840230e-02;1.001981e-01;3.835956e-02;1.131619e-02;8.209092e-02
3.029741e-02;2.080153e-02;4.781243e-02;6.139988e-02;3.151040e-01;1.402367e-01;1.187821e-01;2.212814e-02;1.092183e-01;1.976963e-02;1.751465e-02;9.693529e-02
6.232684e-02;2.019823e-02;4.962819e-02;6.125450e-02;2.380281e-01;2.185332e-01;1.029478e-01;5.914159e-02;6.341645e-02;3.544987e-02;1.870382e-02;7.037134e-02
8.019663e-02;1.405404e-02;6.628110e-02;2.159062e-02;1.663886e-01;2.938639e-01;9.007663e-02;9.246198e-02;2.358333e-02;9.686810e-02;2.172831e-02;3.290677e-02
8.126387e-02;1.762799e-02;4.959426e-02;2.670778e-02;1.182508e-01;3.033678e-01;1.162326e-01;8.772938e-02;2.984781e-02;1.430633e-01;1.695599e-02;9.358461e-03
6.414442e-02;3.061579e-02;5.009447e-02;2.336239e-02;8.387978e-02;2.482141e-01;1.995760e-01;1.167040e-01;3.029736e-02;1.310803e-01;1.223457e-02;9.796729e-03
4.690587e-02;6.204873e-02;5.033173e-02;1.526612e-02;5.470704e-02;1.188918e-01;3.695310e-01;1.344124e-01;5.539610e-02;6.852555e-02;1.379944e-02;1.018423e-02
2.394297e-02;1.001275e-01;3.892422e-02;1.471003e-02;3.009079e-02;4.697819e-02;4.920481e-01;1.131211e-01;6.122570e-02;4.624964e-02;1.921336e-02;1.336834e-02
8.798745e-03;1.024307e-01;3.560452e-02;1.300813e-02;3.573523e-02;6.103647e-02;5.402266e-01;9.830527e-02;5.024366e-02;2.326579e-02;2.015054e-02;1.119431e-02
1.104813e-02;9.037358e-02;4.307872e-02;1.886365e-02;3.275613e-02;4.849292e-02;5.345896e-01;1.040060e-01;6.466520e-02;2.818262e-02;1.298034e-02;1.096323e-02
1.861728e-02;1.015256e-01;3.408384e-02;1.928691e-02;2.634965e-02;4.745243e-02;5.638530e-01;7.970172e-02;4.802282e-02;3.600372e-02;1.457686e-02;1.052620e-02
3.223904e-02;1.111972e-01;3.432232e-02;1.636676e-02;3.301422e-02;5.748554e-02;5.549828e-01;6.336650e-02;4.095257e-02;2.632406e-02;1.977381e-02;9.975300e-03
7.589562e-02;8.833238e-02;4.404429e-02;1.237111e-02;5.676131e-02;8.320989e-02;4.735806e-01;6.531522e-02;4.726365e-02;1.333751e-02;1.659282e-02;2.329560e-02
1.061078e-01;4.482966e-02;9.055036e-02;1.975519e-02;9.649473e-02;1.017345e-01;3.118185e-01;7.258270e-02;4.816686e-02;2.071969e-02;3.166335e-02;5.557660e-02
7.873856e-02;3.486852e-02;1.724898e-01;3.467359e-02;1.178339e-01;9.980563e-02;1.139473e-01;7.325908e-02;8.985249e-02;3.378546e-02;8.082904e-02;6.991667e-02
6.488479e-02;6.177275e-02;1.702863e-01;3.277396e-02;7.994353e-02;7.995451e-02;1.545913e-01;4.715205e-02;1.236203e-01;6.154647e-02;7.898851e-02;4.448554e-02
8.550995e-02;5.547757e-02;8.911204e-02;4.504419e-02;5.268399e-02;8.260816e-02;1.439952e-01;9.257650e-02;1.507800e-01;9.633602e-02;5.680564e-02;4.907076e-02
8.036575e-02;5.817796e-02;7.462706e-02;4.221768e-02;7.519232e-02;1.126004e-01;2.400753e-01;8.678728e-02;7.373137e-02;6.210473e-02;4.593463e-02;4.818558e-02
7.070140e-02;4.388425e-02;7.256949e-02;2.880715e-02;1.111984e-01;1.357457e-01;2.747871e-01;8.311345e-02;4.473074e-02;3.655640e-02;4.730023e-02;5.060573e-02
4.242301e-02;1.936991e-02;9.915733e-02;1.172706e-01;1.503325e-01;1.232745e-01;1.772183e-01;8.434384e-02;2.675345e-02;3.018368e-02;7.840613e-02;5.126679e-02
2.300376e-02;1.085762e-02;1.935304e-01;1.789896e-01;1.226424e-01;7.470641e-02;6.585709e-02;8.136705e-02;6.262118e-02;5.642545e-02;1.035954e-01;2.640363e-02
2.014973e-02;3.584842e-02;3.202688e-01;1.182608e-01;4.389790e-02;3.873128e-02;4.075724e-02;4.786546e-02;1.320498e-01;1.269742e-01;6.778255e-02;7.413813e-03
3.828461e-02;9.740601e-02;3.797606e-01;3.836112e-02;2.148032e-02;1.435551e-02;4.042387e-02;2.264026e-02;1.301296e-01;1.897349e-01;2.235449e-02;5.068733e-03
9.136634e-02;1.690325e-01;3.747601e-01;1.332444e-02;2.375347e-02;8.853490e-03;2.525462e-02;1.507008e-02;8.035403e-02;1.754800e-01;1.340469e-02;9.346305e-03
1.174300e-01;1.776591e-01;3.944180e-01;2.166602e-02;2.043781e-02;1.168715e-02;3.232089e-02;2.530584e-02;3.531309e-02;1.343846e-01;1.591316e-02;1.346430e-02
6.387109e-02;1.141919e-01;4.642318e-01;4.520584e-02;2.096313e-02;1.187680e-02;5.372933e-02;3.068722e-02;2.432984e-02;1.340756e-01;2.267724e-02;1.416020e-02
7.817098e-02;7.203188e-02;4.642880e-01;5.866194e-02;2.295364e-02;1.411017e-02;6.242153e-02;2.403598e-02;4.278895e-02;1.276927e-01;2.023924e-02;1.260496e-02
1.343663e-01;1.017647e-01;3.181492e-01;5.798921e-02;3.027247e-02;1.923758e-02;7.584228e-02;2.517410e-02;7.562408e-02;1.222747e-01;2.635876e-02;1.294659e-02
1.444840e-01;1.387450e-01;1.686518e-01;4.452346e-02;3.132079e-02;2.055790e-02;8.912311e-02;4.493423e-02;1.268639e-01;1.222611e-01;4.290177e-02;2.563302e-02
7.297563e-02;1.082028e-01;1.696603e-01;4.628675e-02;2.821746e-02;3.195618e-02;9.732205e-02;6.769045e-02;1.290683e-01;1.658728e-01;5.779952e-02;2.494771e-02
5.737339e-02;4.981408e-02;2.761430e-01;6.232462e-02;4.570801e-02;3.679929e-02;7.739162e-02;5.902800e-02;1.353919e-01;1.345010e-01;5.022274e-02;1.530239e-02
4.585290e-02;1.048245e-01;3.050137e-01;6.205567e-02;5.579653e-02;2.738785e-02;9.377264e-02;5.345376e-02;1.316574e-01;7.693291e-02;2.932596e-02;1.392616e-02
7.245870e-02;1.527521e-01;2.917464e-01;4.600391e-02;3.606654e-02;1.526049e-02;7.410626e-02;5.330826e-02;1.304950e-01;1.008853e-01;1.098332e-02;1.593379e-02
1.046380e-01;1.843366e-01;2.846529e-01;3.335601e-02;2.560944e-02;2.384513e-02;6.110523e-02;3.728423e-02;1.279674e-01;8.605081e-02;1.484423e-02;1.631007e-02
7.783542e-02;1.367297e-01;1.198703e-01;4.749507e-02;6.837116e-02;5.817515e-02;1.018249e-01;8.264727e-02;1.315884e-01;1.164089e-01;3.302817e-02;2.602550e-02
5.258972e-02;7.517956e-02;1.026447e-01;4.648222e-02;9.838320e-02;7.825799e-02;2.253386e-01;5.423988e-02;9.811378e-02;1.111750e-01;3.288811e-02;2.470730e-02
5.060225e-02;5.052502e-02;1.099850e-01;3.505144e-02;1.332387e-01;1.498818e-01;2.680946e-01;2.844449e-02;4.305736e-02;7.741643e-02;2.587427e-02;2.782866e-02
4.529298e-02;1.964803e-02;6.542668e-02;1.567547e-02;1.841088e-01;2.436021e-01;2.863665e-01;2.398459e-02;2.513897e-02;4.578384e-02;1.236073e-02;3.261138e-02
4.218675e-02;1.768941e-02;8.237691e-02;5.403871e-02;2.122747e-01;2.524608e-01;2.057173e-01;2.638040e-02;2.315835e-02;3.358372e-02;6.460633e-03;4.367234e-02
5.544196e-02;3.705521e-02;1.799851e-01;8.935290e-02;1.944387e-01;1.794171e-01;1.200935e-01;3.185661e-02;3.237988e-02;2.716690e-02;9.754992e-03;4.305703e-02
6.233016e-02;3.746452e-02;2.387124e-01;9.305992e-02;1.493977e-01;1.257341e-01;1.136166e-01;4.338585e-02;4.192838e-02;3.730520e-02;2.202192e-02;3.504321e-02
5.801632e-02;1.222755e-02;1.372271e-01;7.750355e-02;1.740118e-01;1.801453e-01;1.695768e-01;3.127871e-02;4.347846e-02;5.100795e-02;2.722620e-02;3.830021e-02
7.583038e-02;1.273898e-02;6.471670e-02;5.185343e-02;1.593405e-01;3.353631e-01;1.458437e-01;3.019223e-02;3.128640e-02;4.669876e-02;1.311361e-02;3.302225e-02
8.290412e-02;7.445669e-03;3.516608e-02;3.223740e-02;7.666102e-02;4.346305e-01;1.936788e-01;3.435593e-02;2.131370e-02;6.439477e-02;4.966910e-03;1.224510e-02
7.027961e-02;6.956107e-03;2.212511e-02;2.851650e-02;4.558239e-02;3.568057e-01;2.522499e-01;4.484956e-02;1.763208e-02;1.486239e-01;2.788582e-03;3.590508e-03
6.975113e-02;1.626077e-02;1.476222e-02;4.346187e-02;3.535368e-02;2.853544e-01;2.710631e-01;3.360201e-02;1.206401e-02;2.114171e-01;3.943815e-03;2.965969e-03
8.288714e-02;2.533122e-02;8.858209e-03;6.537906e-02;2.623099e-02;2.371366e-01;2.858834e-01;5.221405e-02;9.361217e-03;1.991528e-01;2.852401e-03;4.712909e-03
7.676347e-02;4.897609e-02;8.058961e-03;5.436274e-02;1.657944e-02;2.039641e-01;3.363999e-01;4.479494e-02;4.031692e-02;1.600507e-01;6.580841e-03;3.151956e-03
2.585701e-02;7.014659e-02;3.813802e-03;2.329482e-02;1.142339e-02;1.138345e-01;5.244618e-01;4.440768e-02;1.038514e-01;6.248998e-02;1.362738e-02;2.791611e-03
6.856005e-03;6.636070e-02;3.255981e-03;8.362356e-03;1.505485e-02;6.389405e-02;5.956368e-01;6.659211e-02;1.330775e-01;2.049898e-02;1.896786e-02;1.442873e-03
3.455209e-03;6.384634e-02;3.002478e-03;4.404909e-03;2.219305e-02;4.788322e-02;6.117513e-01;8.021594e-02;1.248209e-01;1.375798e-02;2.381004e-02;8.585771e-04
5.219552e-03;6.856928e-02;5.802216e-03;3.725888e-03;3.693760e-02;3.883172e-02;6.153237e-01;8.882160e-02;9.436339e-02;1.268102e-02;2.806123e-02;1.662894e-03
5.737340e-03;7.208624e-02;1.339983e-02;4.058753e-03;6.196131e-02;3.229528e-02;5.947364e-01;1.276777e-01;5.115979e-02;8.747763e-03;2.586320e-02;2.276381e-03
4.857745e-03;5.955484e-02;2.703576e-02;5.437255e-03;6.767003e-02;1.816202e-02;5.013241e-01;2.407180e-01;4.805639e-02;1.038077e-02;1.388326e-02;2.919797e-03
3.272450e-03;3.948830e-02;4.691684e-02;5.249786e-03;4.014094e-02;1.207709e-02;4.098165e-01;3.652538e-01;5.883291e-02;9.706106e-03;5.913144e-03;3.332098e-03
2.690026e-03;2.239789e-02;6.189495e-02;5.311165e-03;1.452156e-02;1.347633e-02;3.626551e-01;4.550689e-01;4.346604e-02;1.147563e-02;4.234212e-03;2.808116e-03
2.315766e-03;1.373034e-02;7.056563e-02;4.343338e-03;1.432171e-02;8.916622e-03;3.365511e-01;4.916529e-01;2.988619e-02;1.666634e-02;6.570506e-03;4.479568e-03
2.482938e-03;9.742043e-03;7.475550e-02;3.051067e-03;1.209379e-02;9.681595e-03;3.624179e-01;4.752191e-01;2.854770e-02;1.266092e-02;4.308136e-03;5.039361e-03
1.566971e-03;6.989118e-03;6.698164e-02;3.652473e-03;1.291256e-02;9.728846e-03;4.316291e-01;4.251955e-01;2.386728e-02;7.869963e-03;5.355605e-03;4.250986e-03
1.438575e-03;1.244521e-02;4.451703e-02;2.773917e-03;1.454201e-02;1.813701e-02;5.316326e-01;3.345086e-01;2.327341e-02;9.271746e-03;4.432762e-03;3.027115e-03
3.270324e-03;1.696192e-02;3.236954e-02;5.619938e-03;1.735318e-02;3.129818e-02;6.054122e-01;2.395207e-01;2.125541e-02;1.466097e-02;9.537399e-03;2.740189e-03
1.840857e-03;1.641550e-02;4.617112e-02;4.215294e-03;2.321002e-02;4.887331e-02;5.598169e-01;2.362232e-01;2.967060e-02;2.291704e-02;6.891823e-03;3.754398e-03
3.363574e-03;1.302918e-02;7.798763e-02;5.655531e-03;2.085124e-02;3.901190e-02;3.856726e-01;3.224408e-01;2.782618e-02;8.997281e-02;8.537019e-03;5.651510e-03
4.365046e-03;9.711368e-03;7.806799e-02;5.209008e-03;1.640507e-02;2.722502e-02;2.985829e-01;3.206011e-01;2.153660e-02;2.015708e-01;7.453230e-03;9.271795e-03
2.407011e-03;5.049794e-03;6.974091e-02;2.905704e-03;7.526850e-03;1.791355e-02;3.178571e-01;2.873307e-01;1.899172e-02;2.556855e-01;5.289329e-03;9.301735e-03
4.421455e-03;4.347602e-03;7.290383e-02;3.384634e-03;1.140886e-02;1.693349e-02;2.854374e-01;2.877848e-01;2.485150e-02;2.719888e-01;4.815937e-03;1.172173e-02
7.302484e-03;6.238592e-03;8.101767e-02;3.997147e-03;1.205516e-02;1.959640e-02;3.019449e-01;3.039117e-01;3.381739e-02;2.071903e-01;5.781361e-03;1.714695e-02
6.381995e-03;4.392314e-03;8.159041e-02;4.382333e-03;9.381264e-03;1.561382e-02;3.370723e-01;2.577441e-01;4.070405e-02;2.191827e-01;3.920806e-03;1.963392e-02
7.081957e-03;6.518053e-03;6.920450e-02;4.402133e-03;1.074689e-02;1.746188e-02;4.028400e-01;2.176509e-01;4.171401e-02;1.975598e-01;4.760993e-03;2.005889e-02
3.337663e-03;6.584672e-03;6.099050e-02;3.763210e-03;6.081472e-03;1.219764e-02;4.443138e-01;2.305501e-01;3.670961e-02;1.731952e-01;4.662067e-03;1.761406e-02
7.290827e-03;5.609501e-03;5.296358e-02;4.625455e-03;5.610171e-03;1.151685e-02;4.488870e-01;2.428680e-01;3.318731e-02;1.679743e-01;5.323698e-03;1.414333e-02
8.864650e-03;9.890273e-03;4.165505e-02;4.421763e-03;1.238380e-02;1.696753e-02;4.631008e-01;2.049854e-01;3.094840e-02;1.873538e-01;8.281654e-03;1.114692e-02
1.074623e-02;1.895168e-02;3.602836e-02;5.241660e-03;3.336641e-02;4.216359e-02;5.149754e-01;1.395898e-01;2.575408e-02;1.544971e-01;1.110410e-02;7.581561e-03
1.390177e-02;2.324148e-02;5.605409e-02;1.617685e-02;7.384119e-02;8.931485e-02;4.672990e-01;8.605934e-02;2.744536e-02;1.219304e-01;1.601294e-02;8.722713e-03
1.062012e-02;1.834838e-02;1.590103e-01;4.173862e-02;1.252365e-01;1.133774e-01;2.579779e-01;6.192620e-02;2.731596e-02;1.515442e-01;1.973698e-02;1.316733e-02
4.875043e-03;1.417004e-02;2.782293e-01;5.184822e-02;1.025843e-01;7.179131e-02;1.142434e-01;5.066444e-02;2.549166e-02;2.530883e-01;2.075821e-02;1.225586e-02
1.561679e-02;2.643228e-02;3.383538e-01;3.682131e-02;5.702253e-02;5.174689e-02;1.269787e-01;4.553399e-02;2.696532e-02;2.490916e-01;1.531333e-02;1.012351e-02
2.729208e-02;3.986166e-02;3.181827e-01;3.113530e-02;5.773133e-02;4.952930e-02;1.604232e-01;6.870781e-02;4.706753e-02;1.755677e-01;1.342990e-02;1.107140e-02
2.381666e-02;3.212252e-02;2.928008e-01;4.259324e-02;5.707294e-02;5.682104e-02;1.353030e-01;9.164699e-02;5.183711e-02;1.789623e-01;1.946196e-02;1.756132e-02
1.881118e-02;2.429567e-02;2.685315e-01;5.983673e-02;2.573772e-02;5.646130e-02;1.314714e-01;7.716040e-02;3.833028e-02;2.546679e-01;2.480792e-02;1.988798e-02
1.840006e-02;2.978084e-02;3.151683e-01;8.476494e-02;4.301384e-02;5.523901e-02;1.556695e-01;4.065956e-02;2.908839e-02;1.888264e-01;2.856207e-02;1.082711e-02
2.134992e-02;2.604348e-02;3.854165e-01;1.047486e-01;6.923854e-02;5.593139e-02;1.266384e-01;3.467204e-02;1.860856e-02;1.012930e-01;3.394266e-02;2.211695e-02
2.446403e-02;2.578155e-02;4.055946e-01;1.269448e-01;9.475614e-02;4.642305e-02;9.547092e-02;2.819460e-02;2.540985e-02;6.055906e-02;4.413917e-02;2.226228e-02
1.334277e-02;2.530386e-02;3.758858e-01;1.278835e-01;1.395474e-01;4.743064e-02;1.008230e-01;2.290390e-02;2.698668e-02;4.097490e-02;5.133680e-02;2.758076e-02
2.017177e-02;1.360507e-02;2.051523e-01;6.975465e-02;1.718822e-01;1.015654e-01;2.351883e-01;4.663775e-02;5.359178e-02;2.600909e-02;2.354142e-02;3.290025e-02
2.041784e-02;1.868926e-02;6.576520e-02;2.246300e-02;8.883847e-02;1.119023e-01;4.678017e-01;6.994361e-02;8.983053e-02;2.277196e-02;7.754910e-03;1.382127e-02
1.414897e-02;2.238662e-02;2.955149e-02;7.833276e-03;3.653803e-02;7.561007e-02;5.902873e-01;6.773988e-02;1.143567e-01;2.660635e-02;1.125788e-02;3.683507e-03
9.535729e-03;2.032522e-02;1.891404e-02;6.965365e-03;2.584325e-02;4.488667e-02;6.294730e-01;4.566196e-02;1.414873e-01;4.010068e-02;1.273630e-02;4.070461e-03
2.172535e-02;2.384053e-02;3.130192e-02;1.094831e-02;2.899597e-02;6.291805e-02;5.863698e-01;2.189658e-02;1.404418e-01;4.585808e-02;1.568336e-02;1.002017e-02
4.366771e-02;7.478360e-02;4.067009e-02;1.448689e-02;3.345617e-02;6.671844e-02;5.488466e-01;2.595729e-02;7.626183e-02;3.920220e-02;2.010362e-02;1.584554e-02
3.161275e-02;1.251259e-01;3.461938e-02;8.413516e-03;1.304579e-02;3.595737e-02;5.875496e-01;4.595190e-02;5.340714e-02;3.248477e-02;2.267704e-02;9.154890e-03
1.282598e-02;1.531987e-01;2.458666e-02;6.647033e-03;1.709572e-02;3.800570e-02;6.007100e-01;4.828073e-02;5.875139e-02;1.587451e-02;2.148906e-02;2.534512e-03
1.368407e-02;1.664632e-01;1.141701e-02;4.511639e-03;2.340673e-02;4.853699e-02;6.102417e-01;3.329843e-02;5.893683e-02;9.801072e-03;1.763899e-02;2.063388e-03
3.053396e-02;1.571419e-01;1.016039e-02;4.341522e-03;3.370277e-02;6.893262e-02;6.000299e-01;1.817530e-02;5.032947e-02;1.218424e-02;1.254518e-02;1.922672e-03
7.788517e-02;1.184768e-01;9.961818e-03;7.760938e-03;5.430147e-02;1.088365e-01;5.355604e-01;1.860776e-02;3.426159e-02;1.933883e-02;8.199587e-03;6.809210e-03
1.123192e-01;6.907821e-02;5.623566e-02;2.173851e-02;1.004186e-01;1.330703e-01;3.894509e-01;2.311836e-02;2.479259e-02;3.014283e-02;1.174790e-02;2.788694e-02
9.700818e-02;4.957787e-02;1.598404e-01;3.838084e-02;1.298570e-01;1.066160e-01;1.974414e-01;4.618636e-02;4.104954e-02;5.371622e-02;3.921644e-02;4.110975e-02
7.280699e-02;5.619265e-02;2.110845e-01;4.248857e-02;9.318590e-02;6.887349e-02;1.731452e-01;5.131313e-02;9.600247e-02;5.569751e-02;5.787420e-02;2.133544e-02
6.442164e-02;7.070290e-02;1.977027e-01;4.721052e-02;5.892564e-02;5.945314e-02;1.736971e-01;3.991110e-02;1.436565e-01;5.980357e-02;6.395255e-02;2.056265e-02
6.004763e-02;5.234580e-02;1.379744e-01;6.870496e-02;7.730880e-02;7.381351e-02;1.829742e-01;6.699253e-02;1.194075e-01;1.118280e-01;3.403394e-02;1.456875e-02
4.881257e-02;3.036454e-02;1.279857e-01;6.596000e-02;8.914466e-02;7.049613e-02;2.657758e-01;6.069626e-02;8.972255e-02;9.485168e-02;3.208762e-02;2.410245e-02
5.751099e-02;4.201850e-02;1.300774e-01;6.710408e-02;7.070908e-02;6.903360e-02;2.728881e-01;7.850423e-02;7.015609e-02;6.804700e-02;3.603881e-02;3.791219e-02
7.087160e-02;6.916479e-02;1.087322e-01;6.833421e-02;8.159926e-02;1.011921e-01;2.045107e-01;9.018126e-02;7.175273e-02;5.349249e-02;3.239479e-02;4.777379e-02
8.195856e-02;6.637669e-02;9.357751e-02;5.165381e-02;9.008245e-02;1.069558e-01;1.841704e-01;9.810828e-02;9.972582e-02;4.959140e-02;2.983253e-02;4.796674e-02
7.394060e-02;4.639251e-02;6.581526e-02;4.744653e-02;9.487835e-02;8.837023e-02;1.832345e-01;1.076139e-01;1.369437e-01;8.227980e-02;3.428715e-02;3.879757e-02
5.601985e-02;3.316668e-02;5.481334e-02;8.282914e-02;9.217199e-02;5.562249e-02;1.743567e-01;1.116878e-01;1.280089e-01;1.295824e-01;4.561184e-02;3.612889e-02
4.519804e-02;6.140503e-02;7.847203e-02;8.575552e-02;1.062157e-01;6.879281e-02;1.516217e-01;1.167822e-01;1.216428e-01;8.359765e-02;2.919325e-02;5.132323e-02
3.509287e-02;7.258131e-02;5.335727e-02;7.148919e-02;1.265215e-01;7.655674e-02;1.639092e-01;1.000597e-01;1.486390e-01;6.862702e-02;2.495771e-02;5.820845e-02
5.500216e-02;5.198264e-02;4.983841e-02;4.607584e-02;1.075122e-01;8.340546e-02;1.482795e-01;1.046179e-01;1.616592e-01;1.030591e-01;2.889741e-02;5.967018e-02
4.741187e-02;3.973718e-02;7.014586e-02;9.046365e-02;9.398549e-02;4.897087e-02;1.239231e-01;1.661975e-01;1.148988e-01;1.050541e-01;3.874667e-02;6.046484e-02
3.554751e-02;6.037740e-02;8.057155e-02;1.145884e-01;1.011127e-01;5.952173e-02;1.064199e-01;1.433982e-01;1.067557e-01;9.807228e-02;3.868127e-02;5.495321e-02
8.389916e-02;5.557578e-02;9.453371e-02;1.058811e-01;1.033653e-01;9.380160e-02;7.318430e-02;1.177930e-01;1.133537e-01;1.021883e-01;2.724386e-02;2.918014e-02
8.157850e-02;5.522155e-02;6.943856e-02;1.331576e-01;7.582102e-02;7.709011e-02;8.053880e-02;1.032735e-01;1.147800e-01;1.340196e-01;2.702560e-02;4.805525e-02
5.535246e-02;4.451781e-02;1.092929e-01;1.306680e-01;8.328909e-02;1.027466e-01;8.130486e-02;6.873432e-02;1.010895e-01;1.314353e-01;3.440980e-02;5.715936e-02
6.936388e-02;5.450601e-02;1.264305e-01;9.714347e-02;1.109486e-01;1.004654e-01;5.730685e-02;6.208009e-02;1.453266e-01;1.100323e-01;3.220591e-02;3.419044e-02
5.624345e-02;8.470483e-02;8.468403e-02;6.392193e-02;8.062077e-02;6.355733e-02;9.084842e-02;7.431662e-02;1.927917e-01;1.566938e-01;3.350175e-02;1.811536e-02
6.771636e-02;7.094464e-02;6.820418e-02;6.143665e-02;3.241620e-02;6.275571e-02;1.590684e-01;8.109196e-02;1.855927e-01;1.289498e-01;3.743773e-02;4.438563e-02
7.322251e-02;4.632267e-02;5.897890e-02;6.467845e-02;6.061713e-02;8.335671e-02;1.695018e-01;1.027632e-01;1.381121e-01;1.088585e-01;4.175720e-02;5.183091e-02
6.512769e-02;4.278235e-02;7.194015e-02;8.164355e-02;1.067831e-01;8.732296e-02;1.493453e-01;1.072288e-01;8.427442e-02;1.193130e-01;2.907464e-02;5.516393e-02
2.771785e-02;6.932881e-02;8.762705e-02;1.074134e-01;1.312602e-01;4.644601e-02;1.060299e-01;9.328934e-02;1.324774e-01;1.028959e-01;5.173940e-02;4.377466e-02
3.072620e-02;6.321310e-02;1.136236e-01;9.310189e-02;1.246843e-01;4.926545e-02;1.209745e-01;7.421940e-02;1.606845e-01;8.973434e-02;5.161516e-02;2.815746e-02
5.413336e-02;3.941789e-02;9.874243e-02;5.429891e-02;1.237231e-01;1.027384e-01;2.499492e-01;8.328591e-02;9.616960e-02;5.633052e-02;2.346841e-02;1.774229e-02
9.665453e-02;1.791815e-02;5.324245e-02;2.860236e-02;1.069953e-01;1.783026e-01;3.355371e-01;6.664184e-02;3.581449e-02;4.567489e-02;1.866722e-02;1.594917e-02
1.360246e-01;2.696948e-02;2.011745e-02;2.863039e-02;9.338261e-02;1.993180e-01;3.024955e-01;5.257273e-02;3.145632e-02;4.302566e-02;1.858171e-02;4.742553e-02
1.280589e-01;3.110734e-02;2.042399e-02;3.829090e-02;1.317935e-01;1.589874e-01;2.092663e-01;3.978645e-02;4.034017e-02;3.938443e-02;2.672101e-02;1.358396e-01
4.379007e-02;2.411988e-02;2.550814e-02;1.104493e-01;1.287671e-01;1.073793e-01;1.078471e-01;5.474965e-02;3.230596e-02;5.025483e-02;8.729609e-02;2.275324e-01
4.308039e-02;1.516687e-02;3.310258e-02;2.227246e-01;5.767918e-02;1.136628e-01;4.728041e-02;8.581892e-02;1.482949e-02;4.465736e-02;1.454723e-01;1.765251e-01
4.728210e-02;1.005176e-02;3.056328e-02;3.122477e-01;2.419300e-02;1.217983e-01;2.812230e-02;1.165117e-01;9.499064e-03;4.459746e-02;1.708723e-01;8.426104e-02
2.851553e-02;1.199777e-02;2.610039e-02;2.843527e-01;6.050026e-02;7.935679e-02;3.361632e-02;1.310771e-01;9.770880e-03;1.237040e-01;1.469909e-01;6.401745e-02
8.551154e-03;1.317165e-02;2.360224e-02;1.415475e-01;1.882997e-01;3.182204e-02;1.042066e-01;8.355684e-02;3.852319e-02;1.632737e-01;8.421627e-02;1.192291e-01
2.127003e-02;8.141065e-03;2.402490e-02;4.275829e-02;2.834570e-01;2.456264e-02;1.857498e-01;3.011338e-02;8.587398e-02;7.444345e-02;4.058956e-02;1.790159e-01
4.763779e-02;7.587350e-03;2.892726e-02;1.905597e-02;2.813198e-01;4.165030e-02;1.981896e-01;1.853614e-02;1.094704e-01;2.428509e-02;2.330691e-02;2.000334e-01
1.933600e-01;1.216239e-02;2.647381e-02;2.111918e-02;1.658928e-01;1.218536e-01;1.204142e-01;4.807753e-02;7.628243e-02;3.084463e-02;1.049808e-02;1.730214e-01
3.429545e-01;1.565455e-02;1.578072e-02;2.662466e-02;5.411226e-02;2.109039e-01;5.441803e-02;9.574562e-02;2.196789e-02;7.956666e-02;5.922488e-03;7.634877e-02
3.859158e-01;1.298014e-02;7.868621e-03;3.211452e-02;3.155424e-02;2.184911e-01;4.278589e-02;9.887361e-02;1.288384e-02;1.343589e-01;4.956764e-03;1.721664e-02
3.835758e-01;3.755197e-02;6.469955e-03;5.836124e-02;2.172927e-02;1.770743e-01;4.184156e-02;7.765181e-02;1.320484e-02;1.564601e-01;6.723640e-03;1.935550e-02
3.366534e-01;1.534631e-01;8.802516e-03;8.026541e-02;2.073680e-02;9.850636e-02;1.011480e-01;4.450988e-02;2.272597e-02;1.161270e-01;6.894129e-03;1.016749e-02
1.895222e-01;3.432449e-01;1.686611e-02;4.515221e-02;4.580857e-02;4.579743e-02;1.934920e-01;1.817834e-02;3.228066e-02;4.322920e-02;1.465813e-02;1.177020e-02
6.100871e-02;4.400645e-01;5.979281e-02;1.020961e-02;8.378079e-02;2.864503e-02;2.209993e-01;2.306602e-02;2.489880e-02;2.153319e-02;1.868806e-02;7.313112e-03
1.550333e-02;3.565084e-01;1.721196e-01;1.036343e-02;1.000145e-01;2.749666e-02;1.631706e-01;7.860991e-02;1.260093e-02;3.953692e-02;1.727397e-02;6.801753e-03
9.809579e-03;1.485344e-01;3.586759e-01;1.501950e-02;5.407591e-02;4.902121e-02;7.138219e-02;1.653054e-01;1.672947e-02;8.487976e-02;1.188492e-02;1.468176e-02
1.141529e-02;4.821349e-02;4.058817e-01;3.983618e-02;1.760951e-02;9.981770e-02;4.765525e-02;1.824211e-01;3.494898e-02;8.197998e-02;6.640116e-03;2.358067e-02
1.270925e-02;3.508907e-02;2.834331e-01;1.527949e-01;1.073688e-02;1.315979e-01;4.383748e-02;1.393022e-01;1.051044e-01;4.705542e-02;5.663753e-03;3.267565e-02
2.189007e-02;2.851770e-02;1.166101e-01;3.039318e-01;1.403148e-02;6.807144e-02;5.898092e-02;6.362918e-02;2.556162e-01;3.456492e-02;1.181095e-02;2.234524e-02
1.395275e-02;1.811392e-02;2.904177e-02;3.384336e-01;1.098698e-02;4.107323e-02;1.067929e-01;3.323764e-02;3.583880e-01;3.232028e-02;9.341380e-03;8.317555e-03
1.858376e-02;1.377581e-02;2.289794e-02;2.672502e-01;1.626629e-02;2.489637e-02;1.453556e-01;4.601883e-02;3.927588e-01;3.651082e-02;7.025782e-03;8.659844e-03
1.958621e-02;1.221312e-02;2.238144e-02;1.961749e-01;2.153694e-02;1.289287e-02;1.521724e-01;8.756531e-02;4.193155e-01;3.978411e-02;8.311181e-03;8.066000e-03
2.013520e-02;1.664317e-02;2.929943e-02;1.127575e-01;3.054979e-02;9.744762e-03;2.112214e-01;9.818920e-02;3.871249e-01;6.790494e-02;8.341002e-03;8.088717e-03
2.961183e-02;3.022433e-02;1.953108e-02;9.242561e-02;3.414914e-02;2.141135e-02;2.831157e-01;6.453849e-02;3.177471e-01;7.974462e-02;1.467588e-02;1.282499e-02
3.972856e-02;3.947116e-02;3.398854e-02;1.160490e-01;4.056145e-02;4.402944e-02;2.511145e-01;4.450776e-02;2.781299e-01;7.882638e-02;1.804266e-02;1.555061e-02
5.269350e-02;2.314700e-02;7.297992e-02;1.257273e-01;4.185240e-02;6.493691e-02;1.698772e-01;4.880323e-02;2.887542e-01;7.512942e-02;1.970230e-02;1.639669e-02
5.664362e-02;2.967196e-02;1.091165e-01;1.075571e-01;3.928998e-02;8.568751e-02;1.114783e-01;5.622798e-02;3.062325e-01;6.862683e-02;1.744047e-02;1.202738e-02
5.504242e-02;2.987125e-02;1.073840e-01;1.016492e-01;3.900425e-02;1.200005e-01;1.107295e-01;4.910847e-02;3.036218e-01;5.885884e-02;1.283561e-02;1.189424e-02
5.239571e-02;2.194521e-02;8.581666e-02;1.162910e-01;5.070966e-02;1.072225e-01;1.346776e-01;5.958342e-02;2.840820e-01;5.699587e-02;1.610833e-02;1.417203e-02
6.793361e-02;3.502271e-02;6.663559e-02;1.136059e-01;5.513314e-02;8.362310e-02;1.230715e-01;4.814078e-02;2.972638e-01;6.263976e-02;2.394198e-02;2.298813e-02
7.342950e-02;2.468572e-02;9.599405e-02;1.164888e-01;4.277981e-02;1.226033e-01;9.433214e-02;8.078377e-02;2.329825e-01;6.300703e-02;1.817307e-02;3.474033e-02
6.074541e-02;4.462736e-02;1.129918e-01;1.324701e-01;4.061275e-02;1.138674e-01;8.733504e-02;1.145563e-01;1.531707e-01;1.048139e-01;1.728918e-02;1.751996e-02
6.315912e-02;5.399822e-02;4.741230e-02;1.774388e-01;3.722489e-02;6.920858e-02;1.161427e-01;1.227504e-01;1.536115e-01;1.279211e-01;1.718700e-02;1.394530e-02
5.452313e-02;5.485412e-02;5.689768e-02;1.764995e-01;5.612763e-02;8.401328e-02;1.444271e-01;1.135373e-01;1.341189e-01;8.876035e-02;1.266393e-02;2.357704e-02
3.213626e-02;2.278058e-02;4.345709e-02;1.393169e-01;5.656869e-02;1.357740e-01;1.238571e-01;1.355861e-01;1.489549e-01;1.244559e-01;1.658960e-02;2.052292e-02
2.794910e-02;3.793500e-02;3.796493e-02;8.797833e-02;4.165321e-02;9.871158e-02;1.834328e-01;2.325561e-01;9.700964e-02;1.219723e-01;1.448596e-02;1.835093e-02
4.052079e-02;4.298190e-02;3.918921e-02;4.991268e-02;3.834169e-02;4.498510e-02;2.526360e-01;2.250578e-01;8.282132e-02;1.568926e-01;1.489054e-02;1.177027e-02
6.318886e-02;3.686801e-02;5.717784e-02;2.735260e-02;2.200023e-02;3.816837e-02;2.786033e-01;1.654076e-01;1.049785e-01;1.591229e-01;2.445255e-02;2.267933e-02
6.908136e-02;2.844464e-02;8.144081e-02;2.925547e-02;2.272925e-02;3.139672e-02;2.630537e-01;1.288986e-01;1.474554e-01;1.424464e-01;2.704100e-02;2.875665e-02
5.261521e-02;1.408723e-02;5.219200e-02;5.355021e-02;1.378378e-02;4.369615e-02;2.616999e-01;1.428561e-01;1.967449e-01;1.235093e-01;1.914764e-02;2.611754e-02
3.568931e-02;8.232767e-03;4.510529e-02;7.774706e-02;7.310963e-03;1.052974e-01;2.545952e-01;1.392794e-01;2.161515e-01;8.358096e-02;1.371763e-02;1.329254e-02
1.789419e-02;8.767407e-03;9.429825e-02;5.073546e-02;8.381533e-03;1.072229e-01;3.468737e-01;1.758058e-01;1.281041e-01;4.014920e-02;5.322109e-03;1.644538e-02
1.421453e-02;9.481342e-03;1.176136e-01;2.512368e-02;1.178238e-02;5.402783e-02;4.790490e-01;1.718853e-01;6.104424e-02;3.547362e-02;6.918233e-03;1.338628e-02
1.062993e-02;1.778504e-02;7.872581e-02;1.083064e-02;1.912964e-02;3.083769e-02;6.095988e-01;1.320165e-01;3.744336e-02;3.761417e-02;8.228311e-03;7.160132e-03
6.778245e-03;4.500338e-02;4.062362e-02;5.448605e-03;2.895182e-02;3.796389e-02;6.908478e-01;8.948570e-02;2.561725e-02;1.698129e-02;9.926223e-03;2.372223e-03
1.234958e-02;7.754520e-02;2.322830e-02;3.908719e-03;3.739984e-02;4.510160e-02;6.867730e-01;4.698166e-02;3.208284e-02;1.238727e-02;1.932429e-02;2.917722e-03
2.528659e-02;1.006198e-01;1.896968e-02;7.763765e-03;2.879600e-02;3.810151e-02;6.317562e-01;4.716553e-02;4.814190e-02;2.101391e-02;2.589937e-02;6.485682e-03
3.032978e-02;9.675900e-02;1.344387e-02;1.345343e-02;2.243555e-02;6.960722e-02;5.838748e-01;4.987383e-02;4.302394e-02;4.710065e-02;2.377704e-02;6.320936e-03
4.917437e-02;6.116498e-02;8.805390e-03;1.844491e-02;2.047374e-02;1.530374e-01;4.722310e-01;3.871212e-02;1.870719e-02;1.431963e-01;1.327774e-02;2.774947e-03
8.150388e-02;2.976497e-02;4.767012e-03;1.820197e-02;1.969863e-02;2.349671e-01;3.118834e-01;4.354904e-02;1.375052e-02;2.280658e-01;8.574161e-03;5.273576e-03
1.214652e-01;1.266873e-02;3.918891e-03;1.371442e-02;2.660245e-02;2.958321e-01;2.004773e-01;4.455118e-02;2.550879e-02;2.405879e-01;4.915759e-03;9.757258e-03
1.570112e-01;7.965140e-03;9.882368e-03;1.111606e-02;4.639355e-02;3.396459e-01;1.475152e-01;3.031105e-02;5.143231e-02;1.669338e-01;5.143992e-03;2.664938e-02
1.781618e-01;1.053823e-02;1.197721e-02;1.292022e-02;6.756662e-02;3.855549e-01;1.490567e-01;2.591189e-02;4.756279e-02;4.992428e-02;5.983220e-03;5.484217e-02
1.733450e-01;1.307758e-02;2.967755e-02;2.695982e-02;1.017004e-01;3.616039e-01;1.053691e-01;2.932171e-02;2.175421e-02;6.882051e-02;7.696121e-03;6.067419e-02
1.286366e-01;2.416937e-02;8.147988e-02;4.694594e-02;1.347176e-01;2.897379e-01;1.023984e-01;2.972400e-02;3.347686e-02;6.626436e-02;8.257752e-03;5.419141e-02
