7.611113e-02;1.278940e-01;5.852707e-02;8.378536e-02;4.440275e-02;1.160901e-01;9.000198e-02;9.999624e-02;5.507949e-02;1.203176e-01;7.948542e-02;4.830891e-02
9.349845e-02;1.231590e-01;5.731379e-02;9.850869e-02;7.257214e-02;8.562744e-02;7.472236e-02;6.906512e-02;8.230373e-02;1.284651e-01;6.217495e-02;5.258933e-02
7.989524e-02;1.455083e-01;7.333817e-02;1.135037e-01;6.069898e-02;5.329476e-02;8.839324e-02;8.336138e-02;8.112144e-02;1.185861e-01;5.606467e-02;4.623396e-02
8.541941e-02;1.296682e-01;1.220007e-01;8.730336e-02;9.599078e-02;4.266854e-02;8.555465e-02;7.840799e-02;5.896459e-02;1.250628e-01;5.497676e-02;3.398223e-02
1.135466e-01;6.741796e-02;1.274021e-01;8.083686e-02;1.151288e-01;6.432708e-02;8.605452e-02;7.152431e-02;6.979223e-02;1.049532e-01;6.460754e-02;3.440887e-02
1.220618e-01;4.024736e-02;1.130633e-01;8.110985e-02;1.025951e-01;1.117210e-01;6.700215e-02;6.100315e-02;7.945356e-02;9.651171e-02;8.192142e-02;4.330966e-02
1.028402e-01;9.019489e-02;9.029407e-02;7.552218e-02;1.077655e-01;1.113877e-01;8.286113e-02;8.063173e-02;4.289170e-02;1.030394e-01;8.025713e-02;3.231437e-02
9.674731e-02;1.498978e-01;9.111251e-02;7.397909e-02;9.146857e-02;7.874240e-02;1.146453e-01;6.287322e-02;3.062436e-02;9.414222e-02;9.415097e-02;2.161626e-02
7.351445e-02;1.568016e-01;1.177025e-01;9.684608e-02;5.326550e-02;5.887911e-02;1.197206e-01;3.425542e-02;3.372508e-02;8.557253e-02;1.326089e-01;3.710819e-02
4.642572e-02;1.512283e-01;1.177185e-01;9.057230e-02;2.331162e-02;6.750934e-02;1.003261e-01;4.090009e-02;5.245341e-02;1.144854e-01;1.423658e-01;5.270344e-02
4.851051e-02;1.839245e-01;8.393838e-02;6.656920e-02;1.971253e-02;9.044859e-02;8.273334e-02;4.481332e-02;7.926349e-02;1.159340e-01;1.187068e-01;6.544539e-02
6.642709e-02;2.485985e-01;4.373641e-02;4.874483e-02;2.689723e-02;1.333873e-01;5.915966e-02;6.254495e-02;8.903357e-02;6.878585e-02;7.911642e-02;7.356813e-02
9.214177e-02;3.441891e-01;3.129446e-02;3.059979e-02;3.141109e-02;1.714408e-01;2.523433e-02;4.673459e-02;1.116883e-01;2.738209e-02;3.918690e-02;4.869670e-02
1.164905e-01;3.997827e-01;3.872929e-02;3.565806e-02;2.660831e-02;1.272819e-01;1.935754e-02;4.803920e-02;1.213885e-01;2.097689e-02;2.518054e-02;2.050655e-02
1.697153e-01;3.371473e-01;2.674133e-02;3.111865e-02;6.691171e-02;8.509190e-02;4.429188e-02;7.584351e-02;9.402091e-02;1.826501e-02;3.161581e-02;1.923674e-02
3.014171e-01;1.629630e-01;6.651935e-03;1.361308e-02;1.188408e-01;6.875288e-02;6.062988e-02;1.126247e-01;7.579231e-02;2.126831e-02;4.693467e-02;1.051139e-02
4.085101e-01;9.215564e-02;1.053037e-02;9.502164e-03;1.448720e-01;1.576549e-02;5.117451e-02;1.660302e-01;3.877200e-02;1.241430e-02;4.642196e-02;3.851287e-03
3.825896e-01;5.775976e-02;9.517962e-03;1.670517e-02;1.507481e-01;2.170350e-02;5.637636e-02;2.236408e-01;2.025112e-02;1.058239e-02;2.886259e-02;2.126262e-02
2.779864e-01;6.430411e-02;1.067022e-02;3.227966e-02;1.373181e-01;3.042218e-02;8.623173e-02;2.711114e-01;3.043195e-02;9.021801e-03;1.769944e-02;3.252304e-02
2.089135e-01;1.004783e-01;1.133854e-02;2.908088e-02;1.346224e-01;2.966290e-02;9.581902e-02;2.979094e-01;5.428053e-02;5.924694e-03;1.314539e-02;1.882448e-02
2.338132e-01;1.421519e-01;1.037477e-02;9.043721e-03;1.000164e-01;2.824462e-02;8.514963e-02;2.642782e-01;8.742774e-02;1.381734e-02;1.562845e-02;1.005406e-02
2.550407e-01;1.295972e-01;8.097676e-03;1.061698e-02;1.187758e-01;2.262204e-02;7.986514e-02;2.524602e-01;8.544473e-02;9.358480e-03;1.870108e-02;9.419964e-03
1.848239e-01;1.249008e-01;7.460433e-03;7.643424e-03;1.432441e-01;5.821560e-02;7.002410e-02;1.838483e-01;1.478120e-01;2.537700e-02;3.335561e-02;1.329478e-02
1.331720e-01;1.663026e-01;1.645434e-02;1.539630e-02;1.099698e-01;1.265325e-01;6.732967e-02;7.474304e-02;1.939778e-01;4.270319e-02;4.124878e-02;1.217008e-02
1.238307e-01;2.720312e-01;1.065262e-02;1.670485e-02;8.813776e-02;1.283558e-01;5.389849e-02;5.027123e-02;1.936321e-01;2.745073e-02;2.913914e-02;5.895373e-03
7.454338e-02;4.035308e-01;2.519762e-02;2.310002e-02;3.994351e-02;1.421153e-01;2.853910e-02;4.290348e-02;1.692753e-01;2.233668e-02;1.398715e-02;1.452752e-02
3.906655e-02;4.402716e-01;9.434356e-02;2.140979e-02;1.068138e-02;1.607268e-01;2.074074e-02;3.411925e-02;1.147672e-01;4.076878e-02;5.123149e-03;1.798118e-02
2.824271e-02;3.400757e-01;2.276637e-01;1.532725e-02;2.045722e-02;7.597940e-02;4.233705e-02;3.615594e-02;7.270038e-02;1.181090e-01;8.519396e-03;1.443219e-02
2.522751e-02;1.714437e-01;3.374752e-01;8.135798e-03;3.393567e-02;2.323940e-02;8.050595e-02;2.312444e-02;4.673586e-02;2.312633e-01;7.941741e-03;1.097160e-02
2.722635e-02;6.889275e-02;3.010126e-01;1.181960e-02;4.292969e-02;3.855076e-02;1.053166e-01;3.542330e-02;6.651240e-02;2.747774e-01;1.452395e-02;1.301464e-02
3.958218e-02;9.216524e-02;1.802719e-01;1.618093e-02;4.354812e-02;4.248146e-02;1.184086e-01;7.500813e-02;1.169369e-01;2.372980e-01;1.551998e-02;2.259868e-02
9.008611e-02;1.594602e-01;1.103335e-01;2.052709e-02;3.280075e-02;4.550849e-02;1.096030e-01;8.053765e-02;1.009770e-01;1.711092e-01;4.989213e-02;2.916476e-02
1.617494e-01;2.028143e-01;1.072988e-01;1.713827e-02;3.404938e-02;5.062814e-02;9.199048e-02;6.114775e-02;6.004446e-02;1.135342e-01;7.546688e-02;2.413796e-02
1.924716e-01;2.033852e-01;1.018966e-01;3.452484e-02;3.981875e-02;4.516346e-02;8.572560e-02;5.665666e-02;3.466479e-02;1.444022e-01;4.285880e-02;1.843144e-02
1.361008e-01;1.649234e-01;9.834527e-02;4.397507e-02;3.056388e-02;5.389969e-02;7.312968e-02;5.217617e-02;3.521860e-02;1.948148e-01;8.959522e-02;2.725747e-02
1.011420e-01;1.292024e-01;9.225879e-02;5.490537e-02;2.641441e-02;4.989757e-02;9.126317e-02;5.936144e-02;7.261314e-02;1.875195e-01;1.105279e-01;2.489434e-02
2.222298e-01;1.622406e-01;5.461759e-02;4.269437e-02;2.945362e-02;4.015823e-02;7.416631e-02;4.221412e-02;5.993117e-02;1.103381e-01;1.302270e-01;3.172916e-02
3.147157e-01;2.275852e-01;3.883110e-02;1.960921e-02;3.728263e-02;2.300861e-02;5.124585e-02;4.834222e-02;2.687079e-02;6.541689e-02;1.147814e-01;3.231050e-02
3.833101e-01;2.812730e-01;3.564819e-02;6.862084e-03;3.674314e-02;1.801491e-02;3.356176e-02;3.677984e-02;1.545494e-02;4.208206e-02;8.037645e-02;2.989344e-02
4.649430e-01;2.519762e-01;3.232548e-02;7.413398e-03;3.866420e-02;1.380782e-02;2.061750e-02;3.975284e-02;1.644541e-02;2.399422e-02;6.381687e-02;2.624303e-02
5.014897e-01;1.763143e-01;2.879612e-02;6.938801e-03;3.563495e-02;1.276324e-02;2.015384e-02;5.198981e-02;1.588494e-02;2.102788e-02;1.028432e-01;2.616319e-02
4.316235e-01;1.031329e-01;3.114112e-02;1.707914e-02;2.612183e-02;3.009527e-02;3.316490e-02;5.382403e-02;2.544774e-02;3.664296e-02;1.702624e-01;4.146412e-02
2.908628e-01;7.568496e-02;2.066452e-02;2.065569e-02;5.155866e-02;3.550730e-02;5.416813e-02;5.998020e-02;3.287919e-02;5.462694e-02;2.685193e-01;3.489232e-02
2.632976e-01;6.206002e-02;2.206259e-02;1.482322e-02;7.409161e-02;2.201284e-02;1.224754e-01;1.141870e-01;3.052746e-02;5.716636e-02;1.946426e-01;2.265341e-02
2.668560e-01;1.285512e-01;2.744377e-02;1.127161e-02;5.923498e-02;1.863456e-02;2.080573e-01;1.328937e-01;1.827029e-02;3.704845e-02;6.313509e-02;2.860295e-02
2.097771e-01;1.222072e-01;2.829399e-02;9.181017e-03;3.908024e-02;2.801940e-02;2.475033e-01;1.017441e-01;1.577506e-02;3.326361e-02;1.393914e-01;2.576366e-02
2.617542e-01;9.719612e-02;2.901636e-02;1.565191e-02;3.035979e-02;3.944077e-02;2.064952e-01;9.053128e-02;2.224321e-02;5.886967e-02;1.363589e-01;1.208260e-02
1.882927e-01;1.044399e-01;3.219349e-02;4.387511e-02;4.247255e-02;6.490559e-02;1.370754e-01;7.423893e-02;9.247877e-02;9.599431e-02;9.527102e-02;2.876224e-02
8.397545e-02;6.061552e-02;5.024047e-02;4.667409e-02;3.374104e-02;6.331691e-02;1.986086e-01;9.913362e-02;1.113225e-01;1.699450e-01;5.119384e-02;3.123299e-02
8.314911e-02;7.694468e-02;4.522803e-02;6.121759e-02;3.959722e-02;5.632419e-02;2.089536e-01;1.378088e-01;8.525928e-02;1.301098e-01;5.287361e-02;2.253409e-02
1.112176e-01;7.627825e-02;4.545769e-02;6.425155e-02;3.134509e-02;5.704967e-02;1.955964e-01;1.562586e-01;8.440352e-02;8.276851e-02;7.646198e-02;1.891125e-02
1.649248e-01;4.169722e-02;6.274077e-02;5.960996e-02;5.027537e-02;3.862261e-02;1.492549e-01;1.217485e-01;3.981997e-02;5.387195e-02;1.986901e-01;1.874389e-02
2.018305e-01;4.524940e-02;1.037711e-01;5.134227e-02;8.647820e-02;3.503451e-02;6.519884e-02;5.032711e-02;1.449333e-02;3.583045e-02;2.987685e-01;1.167581e-02
2.373441e-01;3.750822e-02;1.047615e-01;2.917888e-02;1.048671e-01;3.831201e-02;2.292395e-02;2.756928e-02;1.394203e-02;2.433377e-02;3.483481e-01;1.091107e-02
2.209755e-01;4.912953e-02;7.056229e-02;1.893487e-02;8.719100e-02;4.025402e-02;3.114500e-02;3.326256e-02;1.216020e-02;2.886836e-02;3.955131e-01;1.200348e-02
1.585441e-01;5.703667e-02;4.440365e-02;6.107725e-02;6.129279e-02;4.042388e-02;6.886961e-02;5.035124e-02;1.221812e-02;4.141550e-02;3.866866e-01;1.768066e-02
1.221811e-01;6.533214e-02;6.228666e-02;7.456383e-02;5.809896e-02;6.719562e-02;6.855734e-02;5.007324e-02;1.480622e-02;4.642588e-02;3.559412e-01;1.453781e-02
1.474180e-01;4.964919e-02;9.791242e-02;3.145402e-02;3.644447e-02;1.162551e-01;2.852373e-02;2.468352e-02;1.230343e-02;3.678446e-02;4.119685e-01;6.603120e-03
1.447142e-01;2.264176e-02;1.330916e-01;2.306425e-02;3.009457e-02;1.416218e-01;2.033685e-02;1.302550e-02;1.161877e-02;3.439447e-02;4.209014e-01;4.494824e-03
1.315115e-01;2.773071e-02;1.582943e-01;2.183507e-02;3.650891e-02;1.440176e-01;1.956537e-02;1.399816e-02;1.437243e-02;3.240002e-02;3.948012e-01;4.964765e-03
1.453869e-01;3.426654e-02;1.818297e-01;1.564253e-02;2.286750e-02;1.253692e-01;1.577015e-02;1.199600e-02;1.849145e-02;3.427058e-02;3.862071e-01;7.902350e-03
1.474772e-01;2.901565e-02;1.896534e-01;1.299594e-02;4.145819e-02;1.011729e-01;2.529357e-02;1.787537e-02;2.086443e-02;3.187730e-02;3.671650e-01;1.515096e-02
1.908618e-01;5.988330e-02;1.308964e-01;4.349250e-02;9.493894e-02;8.661594e-02;4.649887e-02;4.001616e-02;1.967256e-02;2.922420e-02;2.447968e-01;1.310255e-02
1.847984e-01;9.353076e-02;3.013085e-02;1.297504e-01;9.183151e-02;8.729633e-02;1.068463e-01;8.986130e-02;1.788517e-02;2.357269e-02;1.002954e-01;4.420082e-02
1.509194e-01;6.262062e-02;2.976947e-02;1.654646e-01;5.460908e-02;1.001947e-01;1.331338e-01;1.544054e-01;1.183012e-02;1.616124e-02;5.304350e-02;6.784807e-02
1.825861e-01;3.093598e-02;2.077378e-02;1.374089e-01;4.669145e-02;9.254409e-02;1.023949e-01;2.650114e-01;1.220617e-02;1.260783e-02;3.359075e-02;6.324866e-02
2.462928e-01;4.629207e-02;2.221071e-02;4.623889e-02;8.998899e-02;5.550725e-02;6.000923e-02;3.662449e-01;1.718258e-02;7.986254e-03;1.579221e-02;2.625408e-02
2.262876e-01;9.948055e-02;2.074109e-02;3.008221e-02;1.306125e-01;4.409977e-02;6.359444e-02;3.099084e-01;5.205315e-02;5.830027e-03;6.298495e-03;1.101178e-02
1.413409e-01;2.233700e-01;4.991002e-02;3.657581e-02;9.464216e-02;8.905585e-02;6.301884e-02;1.401533e-01;1.243290e-01;1.917633e-02;6.025293e-03;1.240251e-02
6.667095e-02;2.680566e-01;1.697146e-01;2.661536e-02;3.227553e-02;9.921370e-02;5.765162e-02;7.443526e-02;1.360312e-01;5.157319e-02;7.242132e-03;1.051987e-02
4.009453e-02;1.693945e-01;3.160497e-01;5.341817e-02;3.346283e-02;4.345292e-02;1.213742e-01;5.023938e-02;6.581458e-02;7.518362e-02;2.101062e-02;1.050494e-02
4.507424e-02;6.919969e-02;3.298643e-01;1.454364e-01;3.739826e-02;1.260864e-02;1.748907e-01;3.501204e-02;2.663965e-02;5.449934e-02;6.152945e-02;7.847312e-03
4.278580e-02;3.552376e-02;1.569341e-01;3.145492e-01;3.017724e-02;3.434049e-02;1.018654e-01;9.231995e-02;2.980436e-02;2.471573e-02;1.262662e-01;1.071773e-02
3.789537e-02;3.042052e-02;5.815516e-02;3.968353e-01;2.609194e-02;3.025188e-02;4.090807e-02;1.153964e-01;3.501093e-02;2.831887e-02;1.832566e-01;1.745896e-02
4.231389e-02;3.932042e-02;6.468766e-02;3.665708e-01;1.784778e-02;3.054954e-02;4.036837e-02;1.165502e-01;3.617828e-02;2.930965e-02;2.031526e-01;1.315076e-02
3.588936e-02;5.981128e-02;6.773231e-02;3.180770e-01;2.557566e-02;3.507811e-02;3.271506e-02;1.460291e-01;2.177717e-02;3.811320e-02;2.054690e-01;1.373273e-02
6.137875e-02;1.155513e-01;7.477196e-02;2.482738e-01;4.325964e-02;3.039362e-02;2.912831e-02;1.326058e-01;2.386303e-02;4.818567e-02;1.802099e-01;1.237817e-02
1.011342e-01;1.547979e-01;5.944151e-02;2.149017e-01;3.076362e-02;2.900739e-02;4.624511e-02;8.562292e-02;3.297549e-02;5.534405e-02;1.672981e-01;2.246805e-02
9.648088e-02;1.091390e-01;6.808404e-02;2.262355e-01;2.741896e-02;3.124873e-02;7.757918e-02;7.225510e-02;3.854243e-02;4.887386e-02;1.866919e-01;1.745030e-02
9.139077e-02;8.959446e-02;8.693464e-02;1.675046e-01;5.308188e-02;3.791245e-02;8.359849e-02;9.791594e-02;4.159699e-02;3.887480e-02;1.918799e-01;1.971507e-02
1.060699e-01;9.831978e-02;8.751031e-02;9.406059e-02;7.968594e-02;4.617156e-02;6.756853e-02;9.405091e-02;5.641062e-02;6.312755e-02;1.740097e-01;3.301466e-02
7.646442e-02;5.124541e-02;6.545850e-02;8.163260e-02;1.067742e-01;5.303346e-02;9.069511e-02;1.155334e-01;6.449689e-02;8.776053e-02;1.637141e-01;4.319126e-02
8.253098e-02;1.063604e-01;1.002219e-01;1.001878e-01;9.548435e-02;3.807471e-02;8.518873e-02;1.121577e-01;4.538808e-02;9.469857e-02;1.112779e-01;2.842882e-02
7.342539e-02;9.470343e-02;1.039424e-01;1.653060e-01;5.252377e-02;4.376744e-02;5.757212e-02;1.305054e-01;7.036972e-02;6.636420e-02;1.137868e-01;2.773326e-02
6.872028e-02;8.364137e-02;5.398754e-02;1.480375e-01;3.423345e-02;5.688154e-02;6.228095e-02;1.220240e-01;8.140412e-02;8.535520e-02;1.483285e-01;5.510559e-02
8.556666e-02;9.965798e-02;5.985317e-02;6.867857e-02;5.917915e-02;8.103480e-02;9.955321e-02;1.340102e-01;6.483984e-02;6.106843e-02;1.243905e-01;6.216747e-02
1.547846e-01;2.193238e-01;5.103776e-02;3.862555e-02;4.755429e-02;6.457861e-02;1.039074e-01;1.240787e-01;6.306114e-02;4.069438e-02;5.165526e-02;4.069846e-02
2.245964e-01;3.063011e-01;5.266083e-02;1.663886e-02;2.755074e-02;3.455194e-02;8.025517e-02;1.175902e-01;6.604159e-02;2.881572e-02;2.705656e-02;1.794091e-02
2.751016e-01;2.604676e-01;3.977640e-02;3.078971e-02;1.365478e-02;1.807944e-02;8.128710e-02;1.529205e-01;5.436784e-02;1.616946e-02;3.234581e-02;2.503974e-02
2.390594e-01;1.426769e-01;2.927813e-02;5.972654e-02;1.313018e-02;3.246963e-02;1.410211e-01;1.675527e-01;2.938315e-02;1.656112e-02;8.379944e-02;4.534169e-02
1.405722e-01;9.154747e-02;2.850281e-02;7.988624e-02;1.990741e-02;5.641704e-02;1.899525e-01;1.456492e-01;1.231948e-02;2.228145e-02;1.561430e-01;5.682120e-02
9.298918e-02;1.083921e-01;3.321627e-02;7.426390e-02;3.627189e-02;6.708300e-02;1.541076e-01;1.632001e-01;1.330721e-02;2.088035e-02;1.832205e-01;5.306786e-02
1.414345e-01;9.657693e-02;3.023561e-02;7.413214e-02;3.495593e-02;4.497147e-02;1.875026e-01;2.157867e-01;2.749383e-02;2.308910e-02;9.836486e-02;2.545630e-02
2.181343e-01;5.376476e-02;2.186117e-02;6.900708e-02;1.379044e-02;2.866476e-02;2.672764e-01;1.913740e-01;2.595777e-02;1.866037e-02;6.867645e-02;2.283257e-02
1.782979e-01;1.081301e-01;1.846133e-02;4.876551e-02;2.468857e-02;4.896567e-02;1.949473e-01;1.731051e-01;2.193231e-02;3.076133e-02;1.309141e-01;2.103069e-02
1.902595e-01;1.338166e-01;2.752981e-02;5.853714e-02;4.054917e-02;5.671901e-02;1.163618e-01;1.197991e-01;2.386016e-02;2.244955e-02;1.722001e-01;3.791812e-02
1.918722e-01;1.184419e-01;3.597091e-02;4.694460e-02;4.410424e-02;5.754731e-02;1.340374e-01;5.032111e-02;2.974495e-02;3.024319e-02;2.057774e-01;5.499474e-02
1.531238e-01;9.311093e-02;1.344012e-02;3.911067e-02;4.651067e-02;6.431396e-02;1.532119e-01;1.169133e-01;4.781172e-02;5.972449e-02;1.684631e-01;4.426529e-02
1.787423e-01;1.120634e-01;3.137607e-02;3.731987e-02;2.754318e-02;4.856905e-02;1.465195e-01;1.284466e-01;5.060773e-02;5.779069e-02;1.500155e-01;3.100616e-02
1.950719e-01;1.075206e-01;4.227634e-02;5.001626e-02;1.359131e-02;4.268729e-02;1.564121e-01;6.231050e-02;6.345399e-02;3.788930e-02;2.084495e-01;2.032100e-02
2.239885e-01;1.436273e-01;4.387344e-02;4.149874e-02;1.949146e-02;4.263622e-02;1.483818e-01;1.034093e-01;5.594948e-02;3.497184e-02;1.260782e-01;1.609375e-02
2.218890e-01;1.726151e-01;3.948493e-02;5.108379e-02;1.945710e-02;3.588117e-02;1.417247e-01;1.098212e-01;3.909556e-02;4.375316e-02;1.144377e-01;1.075664e-02
1.686240e-01;1.155514e-01;3.476761e-02;6.914258e-02;4.991752e-02;5.326192e-02;1.422377e-01;1.236124e-01;2.240447e-02;3.374811e-02;1.567638e-01;2.996852e-02
1.324294e-01;1.237473e-01;4.105781e-02;3.421922e-02;6.069168e-02;4.904300e-02;1.766817e-01;1.663384e-01;1.782701e-02;2.289207e-02;1.447556e-01;3.031680e-02
8.314318e-02;1.225542e-01;7.762203e-02;1.057984e-01;8.462913e-02;5.868612e-02;1.456194e-01;1.245765e-01;2.119796e-02;3.053040e-02;1.117354e-01;3.390734e-02
4.699237e-02;9.932564e-02;1.206682e-01;2.111617e-01;9.070572e-02;6.244425e-02;1.041055e-01;5.481667e-02;1.842934e-02;4.558477e-02;1.244494e-01;2.131646e-02
2.784168e-02;6.218564e-02;1.284419e-01;2.260414e-01;8.640570e-02;5.220469e-02;1.041111e-01;2.666542e-02;1.404846e-02;4.686511e-02;1.974584e-01;2.773052e-02
3.001042e-02;3.373461e-02;1.332508e-01;1.110540e-01;5.647070e-02;3.678891e-02;2.035115e-01;5.060983e-02;1.068535e-02;4.394639e-02;2.400981e-01;4.983930e-02
3.677296e-02;3.160378e-02;1.535005e-01;7.571129e-02;3.011368e-02;2.153571e-02;3.096811e-01;5.307673e-02;1.078741e-02;4.976330e-02;1.814015e-01;4.605205e-02
3.582318e-02;2.455491e-02;1.266158e-01;2.193770e-01;1.880033e-02;1.536526e-02;3.028524e-01;9.779367e-02;9.140108e-03;3.216736e-02;9.274191e-02;2.476807e-02
1.848194e-02;1.704101e-02;4.527758e-02;3.633843e-01;1.351321e-02;3.419301e-02;1.247598e-01;2.645870e-01;5.256590e-03;1.132914e-02;9.404130e-02;8.135095e-03
5.309504e-03;1.839682e-02;1.295147e-02;4.043835e-01;5.991186e-03;4.298994e-02;3.973008e-02;3.399092e-01;2.431334e-03;4.106768e-03;1.184427e-01;5.357549e-03
7.625457e-03;1.961101e-02;7.121508e-03;3.950858e-01;4.555921e-03;4.003609e-02;2.567316e-02;3.295704e-01;4.533779e-03;4.958783e-03;1.525374e-01;8.690578e-03
1.631001e-02;2.314737e-02;1.698766e-02;3.544593e-01;6.541123e-03;3.779488e-02;3.718998e-02;2.570352e-01;1.327741e-02;2.870663e-02;1.991715e-01;9.378981e-03
2.989677e-02;3.943751e-02;4.444189e-02;2.804197e-01;2.103606e-02;3.897657e-02;4.869353e-02;1.455573e-01;2.868493e-02;6.924151e-02;2.427394e-01;1.087476e-02
6.151940e-02;8.820259e-02;5.157118e-02;2.120393e-01;3.598735e-02;4.399556e-02;4.301815e-02;1.003086e-01;3.409557e-02;6.994388e-02;2.429467e-01;1.637158e-02
8.167277e-02;1.020938e-01;3.824590e-02;2.244106e-01;2.318104e-02;3.892424e-02;5.556400e-02;1.114658e-01;3.255920e-02;4.878348e-02;2.271833e-01;1.591588e-02
6.046383e-02;6.022911e-02;1.379369e-02;2.930520e-01;1.897014e-02;2.379473e-02;6.362318e-02;1.343192e-01;2.474714e-02;3.672047e-02;2.418768e-01;2.840965e-02
6.285904e-02;5.540143e-02;3.049358e-02;2.635399e-01;3.528002e-02;2.865015e-02;7.241889e-02;1.526032e-01;1.970784e-02;6.146960e-02;1.889883e-01;2.858798e-02
6.329315e-02;3.565712e-02;2.767156e-02;1.296142e-01;3.095970e-02;3.466669e-02;1.051927e-01;2.308305e-01;2.365280e-02;9.698757e-02;1.975096e-01;2.396436e-02
5.307583e-02;3.757377e-02;3.927326e-02;1.473522e-01;2.177766e-02;3.334313e-02;7.755023e-02;2.624071e-01;2.372642e-02;7.312082e-02;2.119380e-01;1.886160e-02
1.124773e-01;7.371844e-02;7.806933e-02;1.377828e-01;1.809194e-02;4.595496e-02;1.043301e-01;1.916953e-01;3.985766e-02;5.215153e-02;1.249011e-01;2.096958e-02
1.187352e-01;1.946753e-01;1.049498e-01;6.694698e-02;2.425083e-02;5.618224e-02;1.214169e-01;1.162259e-01;2.973270e-02;5.690566e-02;8.621864e-02;2.375983e-02
1.275811e-01;3.326455e-01;1.155295e-01;2.887502e-02;2.410792e-02;4.980218e-02;9.117504e-02;6.825195e-02;1.987562e-02;4.171284e-02;6.784973e-02;3.259366e-02
1.794855e-01;4.234152e-01;7.762030e-02;3.787464e-02;1.409793e-02;4.206189e-02;4.185041e-02;5.270084e-02;2.680352e-02;2.445986e-02;3.539000e-02;4.423982e-02
2.417155e-01;4.433829e-01;3.992651e-02;3.963894e-02;7.791799e-03;3.714205e-02;1.876998e-02;3.522613e-02;4.845566e-02;1.763229e-02;2.828639e-02;4.203194e-02
2.994048e-01;4.312227e-01;2.083770e-02;3.976224e-02;6.677296e-03;2.711537e-02;1.706440e-02;2.676217e-02;6.093151e-02;2.912317e-02;1.839472e-02;2.270390e-02
3.579522e-01;3.552875e-01;4.296919e-02;2.144404e-02;1.779025e-02;1.620221e-02;2.528537e-02;3.299495e-02;3.970604e-02;6.677390e-02;1.252060e-02;1.107385e-02
3.886567e-01;2.210243e-01;8.585041e-02;1.238171e-02;2.186312e-02;2.418337e-02;3.365796e-02;4.119788e-02;2.377344e-02;8.442342e-02;4.182443e-02;2.116328e-02
3.525658e-01;1.617554e-01;8.769404e-02;2.524216e-02;1.783810e-02;2.506223e-02;3.521784e-02;3.507892e-02;2.646092e-02;8.720804e-02;1.150637e-01;3.081289e-02
2.610602e-01;1.302801e-01;5.516884e-02;2.982967e-02;1.854088e-02;2.299791e-02;4.401961e-02;5.161632e-02;2.501624e-02;1.060952e-01;2.327577e-01;2.261737e-02
2.060387e-01;1.291967e-01;3.319905e-02;2.105961e-02;1.182028e-02;2.515710e-02;9.522890e-02;9.534782e-02;2.977829e-02;9.763362e-02;2.333796e-01;2.216041e-02
2.226434e-01;1.469870e-01;3.759932e-02;2.544967e-02;1.673181e-02;2.197467e-02;1.594091e-01;1.393966e-01;3.483590e-02;9.253284e-02;7.608368e-02;2.635596e-02
1.649141e-01;1.385484e-01;5.954026e-02;3.953138e-02;2.516701e-02;3.279135e-02;1.517282e-01;1.056227e-01;8.229514e-02;1.201145e-01;6.014182e-02;1.960509e-02
1.095768e-01;9.594411e-02;6.056256e-02;7.925924e-02;5.851681e-02;3.883601e-02;6.903621e-02;5.544644e-02;1.315666e-01;2.445909e-01;4.376436e-02;1.289992e-02
9.318696e-02;9.070656e-02;6.389644e-02;8.881839e-02;6.195560e-02;2.731758e-02;5.913563e-02;9.618256e-02;1.080817e-01;2.630651e-01;2.950938e-02;1.814404e-02
1.197508e-01;7.566576e-02;7.722040e-02;9.153772e-02;4.472679e-02;3.638447e-02;7.277164e-02;1.523535e-01;7.943617e-02;1.782335e-01;3.678954e-02;3.512970e-02
1.369220e-01;5.307275e-02;7.461017e-02;9.901243e-02;6.087294e-02;3.569354e-02;7.803506e-02;1.686085e-01;6.961880e-02;1.172810e-01;5.541774e-02;5.085497e-02
1.468007e-01;7.193765e-02;7.188841e-02;8.385257e-02;5.287281e-02;4.156873e-02;6.287019e-02;1.453655e-01;5.762126e-02;1.405612e-01;7.098259e-02;5.367837e-02
1.548933e-01;1.522536e-01;5.656622e-02;8.679351e-02;1.130785e-02;4.064957e-02;6.092429e-02;9.418835e-02;4.652648e-02;1.923964e-01;6.150541e-02;4.199497e-02
8.615851e-02;1.564623e-01;7.675620e-02;7.673238e-02;1.123719e-01;8.508989e-02;7.075447e-02;9.174476e-02;8.523637e-02;6.708553e-02;2.436855e-02;6.723921e-02
8.286563e-02;1.556055e-01;7.953759e-02;4.164755e-02;1.459101e-01;9.304126e-02;7.332231e-02;7.937919e-02;1.046670e-01;2.674348e-02;4.877750e-02;6.850298e-02
1.603702e-01;2.007685e-01;6.528562e-02;4.970688e-02;1.233521e-01;8.619210e-02;5.678517e-02;6.288221e-02;8.039451e-02;1.924642e-02;5.388828e-02;4.112803e-02
2.244356e-01;2.301529e-01;5.139324e-02;6.525258e-02;8.159846e-02;5.674021e-02;3.854405e-02;8.163264e-02;6.206350e-02;1.350260e-02;6.538940e-02;2.929474e-02
2.267131e-01;1.671889e-01;4.993119e-02;6.234756e-02;9.986274e-02;4.544823e-02;1.521645e-02;1.404759e-01;7.535001e-02;2.781892e-02;4.391608e-02;4.573085e-02
2.209684e-01;8.959098e-02;4.189759e-02;6.115969e-02;1.011789e-01;3.448479e-02;4.881533e-02;2.113425e-01;8.259679e-02;4.116450e-02;2.608646e-02;4.071396e-02
2.237556e-01;4.908419e-02;5.360648e-02;5.014019e-02;9.117281e-02;2.246704e-02;7.454854e-02;2.657675e-01;5.537532e-02;4.180854e-02;3.139376e-02;4.087996e-02
2.118965e-01;3.754849e-02;6.188877e-02;7.004198e-02;1.039311e-01;4.269442e-02;1.184068e-01;2.258335e-01;1.867888e-02;3.175192e-02;2.355918e-02;5.376857e-02
1.857276e-01;3.006978e-02;3.230708e-02;8.518580e-02;8.149035e-02;9.156225e-02;2.099976e-01;1.564503e-01;1.080814e-02;3.255006e-02;2.188547e-02;6.196557e-02
1.757152e-01;5.277219e-02;2.144239e-02;6.976728e-02;4.254025e-02;1.328136e-01;2.424206e-01;1.356847e-01;1.401572e-02;2.723546e-02;2.405251e-02;6.154006e-02
1.960912e-01;7.629624e-02;3.741395e-02;3.530892e-02;5.519205e-02;1.149630e-01;1.705215e-01;1.641076e-01;1.584489e-02;1.834930e-02;7.821115e-02;3.770014e-02
1.982026e-01;6.692636e-02;5.732188e-02;4.830790e-02;4.550904e-02;7.261840e-02;9.584388e-02;1.660323e-01;2.332513e-02;2.638913e-02;1.770394e-01;2.248401e-02
1.350040e-01;8.133451e-02;5.410944e-02;5.614357e-02;4.538060e-02;4.114468e-02;1.187441e-01;1.372059e-01;2.335968e-02;3.541290e-02;2.463359e-01;2.582467e-02
2.153859e-01;8.112600e-02;3.183628e-02;3.074834e-02;5.526050e-02;3.302360e-02;1.318230e-01;1.276356e-01;1.528371e-02;3.869716e-02;2.176463e-01;2.153367e-02
3.425474e-01;9.809081e-02;1.341974e-02;3.721394e-02;3.548597e-02;2.897445e-02;1.041450e-01;1.073117e-01;1.743876e-02;3.583939e-02;1.661253e-01;1.340761e-02
4.663674e-01;1.475103e-01;1.115923e-02;3.265772e-02;3.114000e-02;2.579211e-02;5.051143e-02;8.396742e-02;1.940016e-02;3.013753e-02;9.184496e-02;9.511671e-03
5.219758e-01;1.946259e-01;2.404648e-02;2.346529e-02;3.055944e-02;1.647027e-02;2.121442e-02;8.063044e-02;1.752727e-02;2.416064e-02;3.358704e-02;1.173710e-02
4.811783e-01;2.466091e-01;2.906368e-02;1.249397e-02;5.396767e-02;1.304660e-02;2.680359e-02;7.637095e-02;9.018510e-03;1.628871e-02;2.451378e-02;1.064517e-02
3.873893e-01;3.156011e-01;2.681967e-02;3.050141e-02;4.845595e-02;1.235039e-02;3.830582e-02;5.782315e-02;1.779563e-02;1.661932e-02;4.030600e-02;8.032285e-03
2.247362e-01;3.721468e-01;4.220426e-02;6.397691e-02;3.681743e-02;3.218710e-02;6.073542e-02;3.977879e-02;2.957700e-02;4.334392e-02;5.164498e-02;2.851115e-03
1.256173e-01;3.003992e-01;8.236572e-02;7.829918e-02;9.621044e-02;3.855622e-02;6.977236e-02;4.100328e-02;2.802576e-02;9.378421e-02;4.318516e-02;2.781215e-03
7.526421e-02;1.878235e-01;1.221542e-01;9.181829e-02;1.621255e-01;3.518556e-02;7.172767e-02;2.686800e-02;4.826967e-02;1.384824e-01;3.694857e-02;3.332371e-03
6.753505e-02;1.331419e-01;1.016922e-01;2.416767e-01;1.144824e-01;4.628597e-02;4.528910e-02;3.630814e-02;7.431196e-02;9.600735e-02;3.666513e-02;6.604001e-03
5.586361e-02;1.679056e-01;5.416512e-02;3.621237e-01;7.767357e-02;5.109072e-02;2.392940e-02;5.820214e-02;5.243594e-02;2.696187e-02;4.760239e-02;2.204594e-02
2.915627e-02;1.964348e-01;3.575541e-02;2.956693e-01;1.552538e-01;3.850738e-02;6.606647e-02;5.193099e-02;2.754516e-02;2.367842e-02;3.151292e-02;4.848916e-02
3.040144e-02;1.626868e-01;6.089464e-02;1.296804e-01;2.396647e-01;5.074337e-02;1.319114e-01;4.639195e-02;3.798991e-02;2.218282e-02;1.687174e-02;7.058071e-02
5.506294e-02;9.742647e-02;7.915021e-02;6.289669e-02;2.415101e-01;1.115804e-01;1.514531e-01;5.467409e-02;4.915860e-02;1.319675e-02;7.855169e-03;7.603548e-02
8.896299e-02;5.075042e-02;7.217111e-02;3.832623e-02;1.875396e-01;1.919318e-01;1.292087e-01;4.017548e-02;4.582646e-02;9.044062e-03;1.387142e-02;1.321918e-01
5.627527e-02;3.094286e-02;6.273041e-02;2.268554e-02;1.997652e-01;1.687467e-01;1.606375e-01;4.808145e-02;4.707018e-02;1.195060e-02;1.759984e-02;1.735145e-01
3.732510e-02;7.718571e-02;4.864082e-02;3.674196e-02;1.844344e-01;1.220188e-01;1.872064e-01;8.178847e-02;3.291392e-02;1.629753e-02;4.423581e-02;1.312111e-01
6.140684e-02;1.214228e-01;5.373568e-02;3.006810e-02;8.840407e-02;1.506531e-01;2.227591e-01;1.131798e-01;1.783312e-02;2.672055e-02;4.941690e-02;6.439995e-02
6.254595e-02;1.424953e-01;1.188432e-01;3.960796e-02;6.930011e-02;1.361059e-01;2.338980e-01;6.002013e-02;2.394568e-02;4.982102e-02;4.708032e-02;1.633645e-02
6.376197e-02;1.413727e-01;1.650592e-01;2.248735e-02;7.864571e-02;1.236464e-01;2.287658e-01;2.568028e-02;1.832600e-02;8.841426e-02;3.275966e-02;1.108066e-02
5.479439e-02;1.723967e-01;1.622504e-01;2.515376e-02;4.499509e-02;1.770982e-01;1.454871e-01;1.657279e-02;4.094805e-02;1.197727e-01;1.847585e-02;2.205489e-02
3.404326e-02;2.165137e-01;1.001355e-01;3.190020e-02;1.522251e-02;2.985494e-01;5.404734e-02;1.605803e-02;7.884075e-02;1.135891e-01;8.871215e-03;3.222902e-02
3.281377e-02;2.407513e-01;3.108382e-02;4.221896e-02;1.426140e-02;3.706312e-01;2.912289e-02;1.744983e-02;1.090546e-01;7.813870e-02;4.413933e-03;3.005962e-02
3.051852e-02;2.211417e-01;6.874016e-02;3.549572e-02;1.874241e-02;3.434717e-01;5.166966e-02;1.700061e-02;1.165459e-01;6.741060e-02;4.035133e-03;2.522801e-02
2.984057e-02;1.536414e-01;1.643518e-01;1.876145e-02;2.546446e-02;2.119647e-01;1.566493e-01;1.624518e-02;9.406552e-02;1.006903e-01;1.225657e-02;1.606875e-02
5.190499e-02;9.855706e-02;1.896101e-01;3.732227e-02;2.965822e-02;1.184179e-01;2.488109e-01;2.193221e-02;5.916711e-02;9.297781e-02;4.318466e-02;8.456717e-03
7.679353e-02;1.398429e-01;1.142440e-01;5.891360e-02;2.585115e-02;1.401162e-01;2.287565e-01;4.596939e-02;4.151813e-02;5.044518e-02;6.425949e-02;1.328997e-02
6.816928e-02;1.951726e-01;9.534277e-02;5.958156e-02;1.741267e-02;1.939681e-01;1.764337e-01;5.317269e-02;3.564852e-02;2.413823e-02;6.394321e-02;1.701668e-02
5.843128e-02;2.471860e-01;1.072989e-01;5.961314e-02;1.292460e-02;2.248775e-01;1.478812e-01;2.625043e-02;3.864041e-02;3.305586e-02;3.012166e-02;1.371900e-02
7.404194e-02;2.968130e-01;8.533963e-02;6.297123e-02;2.051003e-02;2.111557e-01;1.302332e-01;1.841670e-02;3.802737e-02;3.080628e-02;2.208400e-02;9.600889e-03
8.211600e-02;2.847980e-01;1.093832e-01;4.572260e-02;2.143895e-02;1.478664e-01;1.460455e-01;4.812910e-02;3.085315e-02;2.611497e-02;4.093189e-02;1.660014e-02
7.988715e-02;1.810669e-01;7.936981e-02;1.090292e-01;3.990880e-02;1.293528e-01;1.622286e-01;9.191358e-02;2.298402e-02;1.551620e-02;5.410827e-02;3.463473e-02
7.112142e-02;1.101980e-01;7.196466e-02;1.413998e-01;5.731496e-02;1.646625e-01;1.595025e-01;1.079344e-01;1.801377e-02;1.579584e-02;4.032887e-02;4.176315e-02
6.830871e-02;6.310572e-02;4.995257e-02;1.262174e-01;4.508702e-02;2.587230e-01;1.750191e-01;1.399057e-01;1.064816e-02;2.123546e-02;1.614360e-02;2.565358e-02
5.416328e-02;3.441127e-02;2.115732e-02;6.526393e-02;2.965226e-02;4.094557e-01;1.733412e-01;1.515512e-01;5.472380e-03;4.076127e-02;8.170007e-03;6.600197e-03
3.797882e-02;2.007705e-02;1.119290e-02;3.401476e-02;5.003889e-02;4.557612e-01;1.919746e-01;1.286318e-01;7.711325e-03;4.961601e-02;8.275192e-03;4.727417e-03
3.171260e-02;1.903157e-02;1.912264e-02;2.662377e-02;1.018546e-01;3.941201e-01;2.011096e-01;9.919706e-02;2.043200e-02;4.890596e-02;1.548394e-02;2.240612e-02
3.593878e-02;3.684717e-02;4.100725e-02;3.500265e-02;1.772792e-01;2.454964e-01;1.777616e-01;6.222277e-02;4.112595e-02;4.375163e-02;5.240333e-02;5.116335e-02
7.609559e-02;1.467839e-01;6.651025e-02;7.619850e-02;1.408215e-01;1.303724e-01;1.298269e-01;7.464117e-02;2.604244e-02;3.405839e-02;5.296471e-02;4.568419e-02
1.531003e-01;2.926199e-01;7.145146e-02;6.691556e-02;6.398124e-02;8.951259e-02;1.027959e-01;8.335657e-02;1.050138e-02;2.582356e-02;2.318917e-02;1.675242e-02
2.180871e-01;2.910654e-01;6.102414e-02;3.312858e-02;6.579895e-02;8.339638e-02;1.169519e-01;5.727158e-02;1.179430e-02;1.653248e-02;3.308459e-02;1.186460e-02
2.713901e-01;1.487986e-01;5.578369e-02;2.325368e-02;7.847644e-02;7.321887e-02;1.294599e-01;6.564804e-02;1.383854e-02;1.853864e-02;1.059836e-01;1.560993e-02
2.448916e-01;1.599683e-01;5.498481e-02;3.079316e-02;5.526735e-02;3.400185e-02;9.465852e-02;4.582980e-02;1.466438e-02;2.428682e-02;2.262808e-01;1.437270e-02
2.072908e-01;1.155291e-01;4.289091e-02;2.511740e-02;3.330348e-02;3.308613e-02;1.134511e-01;4.317722e-02;1.964187e-02;3.136386e-02;3.176030e-01;1.754511e-02
2.211312e-01;1.913993e-01;3.992766e-02;2.745273e-02;3.804294e-02;4.996805e-02;1.193246e-01;4.958371e-02;1.899038e-02;2.633398e-02;1.813717e-01;3.647372e-02
1.763130e-01;2.369661e-01;6.436051e-02;6.532665e-02;4.107884e-02;7.272058e-02;1.178459e-01;6.015710e-02;1.623274e-02;2.811755e-02;8.304561e-02;3.783536e-02
6.974174e-02;2.131073e-01;8.084617e-02;1.155974e-01;3.210375e-02;1.027675e-01;1.578044e-01;1.012147e-01;1.676517e-02;2.632895e-02;5.953519e-02;2.418786e-02
6.067205e-02;2.427456e-01;1.147664e-01;1.255758e-01;2.942447e-02;8.236488e-02;1.472349e-01;8.668750e-02;1.420174e-02;2.476919e-02;6.297593e-02;8.581543e-03
6.061389e-02;3.321810e-01;1.697627e-01;9.122130e-02;3.184826e-02;4.025373e-02;1.395101e-01;4.062379e-02;1.345814e-02;3.070927e-02;4.586700e-02;3.950781e-03
1.173017e-01;4.452679e-01;1.630049e-01;4.574705e-02;2.825637e-02;2.252707e-02;8.736344e-02;2.440016e-02;1.709375e-02;2.335566e-02;2.024877e-02;5.433317e-03
1.790914e-01;4.890747e-01;9.353931e-02;3.063648e-02;2.223962e-02;2.945898e-02;5.473503e-02;2.783229e-02;2.763277e-02;1.409635e-02;2.344626e-02;8.216782e-03
3.052188e-01;3.775345e-01;2.925074e-02;2.431727e-02;3.103721e-02;1.574648e-02;9.606618e-02;3.239268e-02;2.325864e-02;1.034987e-02;4.992959e-02;4.897999e-03
4.249732e-01;2.435270e-01;2.179567e-02;7.817560e-03;3.834400e-02;2.391998e-02;9.620315e-02;5.663707e-02;1.260862e-02;7.106795e-03;5.830076e-02;8.766159e-03
4.679622e-01;1.608552e-01;2.294946e-02;3.761844e-02;3.216372e-02;3.540260e-02;7.217819e-02;5.685854e-02;6.552482e-03;1.028221e-02;7.501277e-02;2.216419e-02
3.511309e-01;9.328961e-02;2.273242e-02;7.769026e-02;3.229552e-02;4.195796e-02;8.966222e-02;5.218558e-02;1.155553e-02;1.437642e-02;1.800794e-01;3.304426e-02
1.642063e-01;6.324333e-02;2.965266e-02;7.288186e-02;5.862184e-02;6.415767e-02;1.094779e-01;5.992937e-02;2.777870e-02;2.027481e-02;3.052816e-01;2.449391e-02
1.253379e-01;3.852660e-02;1.927584e-02;4.186758e-02;6.193647e-02;9.917364e-02;7.506442e-02;6.581499e-02;3.670347e-02;3.270609e-02;3.948287e-01;8.764266e-03
1.273488e-01;3.312667e-02;1.705799e-02;4.764143e-02;6.093512e-02;1.055479e-01;4.868740e-02;5.618238e-02;2.825994e-02;4.863147e-02;4.168058e-01;9.775215e-03
1.366602e-01;5.700291e-02;1.774696e-02;5.810712e-02;1.140525e-01;6.342893e-02;6.354216e-02;6.236750e-02;1.868517e-02;6.287700e-02;3.313466e-01;1.418302e-02
1.068661e-01;4.654041e-02;2.126229e-02;6.297401e-02;1.072879e-01;6.363660e-02;1.036289e-01;1.431228e-01;1.918158e-02;4.779091e-02;2.674520e-01;1.025654e-02
7.852142e-02;3.903658e-02;2.316957e-02;6.873136e-02;8.171491e-02;7.370256e-02;1.870075e-01;2.887867e-01;2.324424e-02;2.757670e-02;9.561785e-02;1.289063e-02
3.488348e-02;3.856939e-02;3.048194e-02;4.190184e-02;6.128421e-02;8.070673e-02;2.574589e-01;3.568062e-01;1.337783e-02;2.177214e-02;4.350843e-02;1.924886e-02
3.635979e-02;5.666085e-02;2.396054e-02;3.454565e-02;5.050676e-02;6.673072e-02;3.304492e-01;3.366516e-01;7.385493e-03;1.299974e-02;3.047127e-02;1.327839e-02
4.087994e-02;7.621162e-02;1.935244e-02;2.600783e-02;4.906935e-02;7.919003e-02;3.797651e-01;2.804226e-01;7.486177e-03;1.198899e-02;2.268897e-02;6.936970e-03
7.710264e-02;7.298577e-02;1.742024e-02;2.399091e-02;3.944739e-02;9.457813e-02;3.734305e-01;2.213278e-01;7.672601e-03;1.558218e-02;4.271167e-02;1.375017e-02
1.191711e-01;6.266909e-02;2.184355e-02;3.305494e-02;6.180154e-02;1.238375e-01;3.251338e-01;1.338475e-01;1.261071e-02;1.589843e-02;6.771290e-02;2.241911e-02
7.953420e-02;9.581932e-02;3.884575e-02;3.421326e-02;7.087485e-02;1.266864e-01;2.808437e-01;5.725103e-02;1.948200e-02;2.164746e-02;1.531755e-01;2.162647e-02
5.957873e-02;8.606844e-02;3.995148e-02;2.992560e-02;4.876338e-02;8.286262e-02;2.598671e-01;1.348359e-01;1.450229e-02;2.104764e-02;2.111625e-01;1.143432e-02
1.130266e-01;1.290774e-01;3.608174e-02;3.094777e-02;3.371878e-02;3.347158e-02;2.079148e-01;1.909056e-01;8.229416e-03;3.009009e-02;1.789353e-01;7.600981e-03
7.958294e-02;1.276822e-01;3.876471e-02;3.299724e-02;3.646415e-02;6.471673e-02;2.943884e-01;1.798454e-01;4.926419e-03;3.577036e-02;9.846536e-02;6.396024e-03
5.232412e-02;9.395635e-02;4.216654e-02;2.967708e-02;3.468881e-02;7.983942e-02;3.337809e-01;1.850936e-01;7.962775e-03;2.920945e-02;1.024810e-01;8.820071e-03
7.682632e-02;9.975119e-02;4.522199e-02;4.153310e-02;2.220717e-02;8.159132e-02;3.037134e-01;1.620531e-01;1.135048e-02;3.673439e-02;1.030906e-01;1.592691e-02
1.077225e-01;1.074072e-01;3.288070e-02;4.406670e-02;4.249486e-02;9.956273e-02;2.720527e-01;1.031620e-01;1.780963e-02;4.044127e-02;1.050421e-01;2.735758e-02
