7.824819e-02;6.765973e-02;2.056459e-01;6.816787e-02;1.048651e-01;7.594105e-02;2.202568e-01;4.007718e-02;3.080457e-02;3.164828e-02;3.684792e-02;3.983739e-02
5.719303e-02;5.801518e-02;2.193306e-01;9.245793e-02;1.468144e-01;7.287097e-02;1.602706e-01;3.344734e-02;2.470873e-02;2.284259e-02;4.753523e-02;6.451341e-02
3.058069e-02;3.409944e-02;2.164984e-01;1.511983e-01;2.032603e-01;5.943324e-02;8.015771e-02;2.827502e-02;2.007092e-02;2.527545e-02;6.224125e-02;8.890934e-02
1.033769e-02;1.553019e-02;2.027138e-01;1.946436e-01;2.184918e-01;4.220386e-02;3.714980e-02;4.340059e-02;1.956390e-02;3.713722e-02;9.275514e-02;8.607240e-02
9.328445e-03;2.527015e-02;3.029473e-01;1.677998e-01;1.502586e-01;3.141293e-02;2.694427e-02;5.646478e-02;3.123483e-02;4.540131e-02;1.048941e-01;4.804355e-02
2.408417e-02;5.082866e-02;3.535187e-01;1.147952e-01;9.953466e-02;2.361030e-02;4.504086e-02;5.084442e-02;5.856168e-02;5.850127e-02;9.483764e-02;2.584240e-02
6.159166e-02;8.098789e-02;3.073065e-01;6.151008e-02;9.450455e-02;3.416641e-02;6.058180e-02;5.038914e-02;9.693508e-02;6.837711e-02;6.786700e-02;1.578278e-02
9.387209e-02;6.960894e-02;1.773405e-01;6.216208e-02;1.399822e-01;3.312833e-02;9.948110e-02;8.240391e-02;8.582906e-02;6.957576e-02;5.021718e-02;3.639879e-02
7.141094e-02;3.569139e-02;1.401144e-01;1.186823e-01;6.974375e-02;6.771631e-02;1.621526e-01;6.863455e-02;4.896333e-02;8.719534e-02;7.603408e-02;5.366113e-02
5.203347e-02;3.435359e-02;1.678187e-01;1.001304e-01;8.632772e-02;9.932522e-02;1.621859e-01;5.086775e-02;5.809819e-02;7.237592e-02;6.812735e-02;4.835589e-02
4.073560e-02;3.054942e-02;1.713831e-01;1.062699e-01;1.431776e-01;7.066540e-02;1.803060e-01;5.261029e-02;4.053798e-02;7.033726e-02;5.151579e-02;4.191177e-02
4.959391e-02;2.423137e-02;1.221513e-01;8.890011e-02;1.945126e-01;1.440756e-01;1.679602e-01;4.440350e-02;2.907927e-02;6.419134e-02;3.308350e-02;3.781720e-02
6.410912e-02;1.797730e-02;7.800838e-02;5.358398e-02;2.088030e-01;2.587962e-01;1.607552e-01;3.096990e-02;1.793592e-02;5.216123e-02;1.616820e-02;4.073166e-02
5.503407e-02;9.744554e-03;4.130376e-02;3.086327e-02;3.340051e-01;2.659173e-01;1.277898e-01;1.758530e-02;2.030252e-02;2.846765e-02;1.523274e-02;5.375399e-02
3.371806e-02;1.011452e-02;2.734996e-02;7.178730e-02;4.350483e-01;1.726246e-01;7.001588e-02;2.172882e-02;2.481353e-02;2.145441e-02;3.959313e-02;7.175156e-02
1.591760e-02;1.027800e-02;6.696196e-02;1.978505e-01;3.190164e-01;7.885789e-02;3.402665e-02;6.692997e-02;1.931429e-02;3.447304e-02;8.924209e-02;6.713159e-02
1.020435e-02;2.244925e-02;1.636391e-01;2.892792e-01;1.336058e-01;3.201659e-02;2.720241e-02;1.202990e-01;1.302274e-02;4.077783e-02;1.145941e-01;3.290959e-02
1.251550e-02;3.836125e-02;2.459647e-01;2.521586e-01;6.348779e-02;3.301775e-02;5.840909e-02;1.312029e-01;1.125342e-02;4.411034e-02;9.516998e-02;1.434876e-02
3.627709e-02;5.358825e-02;2.672829e-01;1.217260e-01;8.405180e-02;5.179376e-02;1.178435e-01;1.022646e-01;2.316433e-02;5.256866e-02;5.470765e-02;3.473156e-02
6.461960e-02;6.528165e-02;2.228893e-01;7.323395e-02;1.381348e-01;6.260633e-02;1.413606e-01;5.500984e-02;4.291693e-02;4.538874e-02;4.561215e-02;4.294611e-02
6.219441e-02;4.126962e-02;1.496765e-01;1.072652e-01;1.231106e-01;8.275165e-02;1.405486e-01;6.850012e-02;6.365672e-02;5.618892e-02;5.134814e-02;5.348947e-02
6.543990e-02;4.660803e-02;1.840899e-01;6.608724e-02;8.266368e-02;9.591956e-02;1.653199e-01;5.695495e-02;6.414506e-02;5.358560e-02;5.725732e-02;6.192891e-02
4.832691e-02;6.263927e-02;1.805035e-01;5.802574e-02;7.528601e-02;1.133790e-01;1.944406e-01;5.324017e-02;6.561943e-02;4.074927e-02;4.358558e-02;6.420454e-02
8.098742e-02;7.991182e-02;1.529927e-01;7.522790e-02;1.053842e-01;8.326335e-02;1.594633e-01;5.901140e-02;4.659040e-02;4.738002e-02;5.946289e-02;5.032467e-02
6.695970e-02;8.892567e-02;1.499406e-01;1.428975e-01;1.312161e-01;5.708611e-02;5.772784e-02;8.708278e-02;2.619125e-02;4.572737e-02;9.926076e-02;4.698434e-02
2.413093e-02;7.932974e-02;1.582944e-01;2.417310e-01;1.277189e-01;5.276724e-02;3.621937e-02;8.580908e-02;2.398367e-02;3.107831e-02;1.112619e-01;2.767542e-02
1.064732e-02;6.482213e-02;1.910167e-01;3.086151e-01;1.048796e-01;3.944537e-02;2.210188e-02;5.674288e-02;3.195146e-02;1.819721e-02;1.366125e-01;1.496786e-02
2.243621e-02;3.245926e-02;2.851034e-01;2.665128e-01;6.407603e-02;2.940865e-02;2.648251e-02;3.099473e-02;7.034162e-02;4.356277e-02;1.227575e-01;5.864461e-03
4.300651e-02;1.658785e-02;4.099614e-01;1.327743e-01;3.745139e-02;1.367319e-02;6.215728e-02;1.805058e-02;9.114395e-02;1.074756e-01;6.601698e-02;1.700961e-03
4.654657e-02;2.576416e-02;4.932922e-01;4.571303e-02;3.482700e-02;5.694190e-03;8.481154e-02;1.162227e-02;4.986137e-02;1.703099e-01;2.776009e-02;3.797625e-03
5.473192e-02;6.278556e-02;4.432040e-01;4.329086e-02;3.624306e-02;1.193883e-02;7.698209e-02;6.802822e-03;4.594129e-02;1.749594e-01;3.196955e-02;1.115069e-02
7.580197e-02;1.109173e-01;3.333022e-01;4.412723e-02;4.538829e-02;2.745933e-02;6.845845e-02;1.594727e-02;5.682309e-02;1.491472e-01;4.970159e-02;2.292600e-02
5.109191e-02;9.655492e-02;2.205858e-01;4.696184e-02;6.331551e-02;4.104700e-02;4.893524e-02;4.061747e-02;6.529026e-02;1.839983e-01;1.041841e-01;3.741763e-02
2.216193e-02;4.235066e-02;2.444622e-01;4.838053e-02;5.363277e-02;2.243462e-02;4.088596e-02;4.754206e-02;5.753178e-02;2.525788e-01;1.416681e-01;2.637065e-02
1.870034e-02;6.139109e-02;2.435303e-01;3.681534e-02;3.026019e-02;2.495812e-02;4.077944e-02;6.119182e-02;4.616589e-02;2.339635e-01;1.278091e-01;7.443483e-02
2.103416e-02;8.508392e-02;3.078217e-01;3.002158e-02;1.937168e-02;4.312380e-02;3.920408e-02;6.818018e-02;5.509208e-02;1.522422e-01;6.763818e-02;1.111864e-01
1.993740e-02;7.551716e-02;3.904770e-01;3.928616e-02;1.388148e-02;5.517558e-02;5.069524e-02;6.944096e-02;4.453949e-02;9.319140e-02;2.357097e-02;1.242872e-01
3.838265e-02;4.428705e-02;3.843306e-01;2.924741e-02;2.492287e-02;5.754078e-02;9.100308e-02;6.178524e-02;4.214807e-02;1.134382e-01;6.569782e-03;1.063442e-01
9.652964e-02;2.754828e-02;3.678607e-01;3.260286e-02;3.559952e-02;3.473699e-02;1.200674e-01;3.997922e-02;3.374905e-02;1.364912e-01;2.125525e-02;5.357983e-02
1.170289e-01;4.202986e-02;2.994979e-01;1.397568e-01;3.062538e-02;1.660631e-02;8.978555e-02;4.940194e-02;3.265595e-02;9.146126e-02;6.976637e-02;2.138375e-02
6.689045e-02;9.799923e-02;1.708189e-01;2.697380e-01;2.286931e-02;1.420531e-02;4.024922e-02;1.009991e-01;2.577129e-02;4.730335e-02;1.241345e-01;1.902135e-02
1.596503e-02;1.366686e-01;8.450976e-02;2.679323e-01;6.468142e-02;9.957003e-03;2.649331e-02;1.200464e-01;2.100039e-02;5.297619e-02;1.243559e-01;7.541369e-02
1.746738e-02;8.955155e-02;9.314167e-02;1.142760e-01;1.486950e-01;1.845599e-02;5.053521e-02;6.694871e-02;5.576961e-02;5.338688e-02;7.868865e-02;2.130834e-01
5.044506e-02;3.003101e-02;1.302322e-01;2.086064e-02;1.459330e-01;5.504179e-02;5.935976e-02;2.320814e-02;7.076558e-02;4.105098e-02;8.994614e-02;2.831258e-01
1.037615e-01;1.802411e-02;1.079914e-01;3.594840e-02;1.085006e-01;1.109315e-01;5.380616e-02;3.630635e-02;4.728633e-02;4.788242e-02;9.546702e-02;2.340942e-01
1.095532e-01;3.238501e-02;1.723547e-01;8.047627e-02;9.700231e-02;1.249904e-01;7.193866e-02;4.592633e-02;4.976585e-02;3.947243e-02;5.865550e-02;1.174794e-01
9.211112e-02;4.649681e-02;2.771233e-01;8.112458e-02;7.847380e-02;8.962074e-02;8.223112e-02;4.730710e-02;6.119590e-02;3.629669e-02;2.972593e-02;7.829289e-02
5.709499e-02;6.940641e-02;3.673745e-01;5.962450e-02;5.534241e-02;4.479596e-02;8.189198e-02;5.783973e-02;4.753624e-02;6.704298e-02;3.553002e-02;5.652019e-02
2.708657e-02;5.299613e-02;2.499948e-01;5.431801e-02;1.014469e-01;8.914337e-02;1.495233e-01;4.959042e-02;5.705798e-02;7.300744e-02;2.991588e-02;6.591920e-02
5.869191e-02;3.374413e-02;1.035583e-01;4.900483e-02;1.147231e-01;1.438812e-01;1.907438e-01;4.600196e-02;5.501809e-02;1.069445e-01;2.698523e-02;7.070293e-02
1.016073e-01;1.707852e-02;4.679749e-02;3.180124e-02;8.664662e-02;1.841457e-01;1.900632e-01;4.371407e-02;3.388924e-02;2.054199e-01;1.225946e-02;4.657731e-02
1.196867e-01;8.595094e-03;2.685323e-02;2.383254e-02;5.495741e-02;2.016331e-01;2.023565e-01;4.626222e-02;1.311018e-02;2.822108e-01;4.669914e-03;1.583234e-02
1.173651e-01;1.067263e-02;2.322653e-02;3.026859e-02;6.537303e-02;1.904974e-01;2.227669e-01;3.744460e-02;1.807226e-02;2.565774e-01;8.854540e-03;1.888111e-02
1.082108e-01;1.367636e-02;6.575302e-02;4.154712e-02;1.066673e-01;1.530345e-01;1.830346e-01;3.544087e-02;4.957381e-02;1.654747e-01;2.220415e-02;5.538280e-02
6.921791e-02;2.018525e-02;1.593336e-01;8.614591e-02;1.285361e-01;7.532189e-02;9.258021e-02;5.394661e-02;7.270858e-02;9.078192e-02;6.080667e-02;9.043538e-02
4.921268e-02;1.977688e-02;3.154764e-01;1.192465e-01;8.460369e-02;3.693455e-02;5.171329e-02;5.777883e-02;4.478847e-02;7.839213e-02;7.878389e-02;6.329261e-02
5.331343e-02;3.204985e-02;4.601690e-01;8.416130e-02;5.686802e-02;4.745802e-02;6.894495e-02;3.378243e-02;2.815253e-02;6.371785e-02;4.707239e-02;2.431020e-02
5.116623e-02;3.058629e-02;4.112338e-01;7.836346e-02;7.051490e-02;3.379882e-02;7.787039e-02;5.394983e-02;3.847740e-02;8.161310e-02;4.675768e-02;2.566806e-02
4.156997e-02;2.238252e-02;3.108583e-01;1.083721e-01;7.260580e-02;3.839210e-02;8.979923e-02;8.027666e-02;3.271285e-02;7.298961e-02;9.591057e-02;3.413026e-02
3.541609e-02;1.536452e-02;1.656346e-01;7.962830e-02;1.277110e-01;7.777056e-02;1.340932e-01;8.235994e-02;7.712600e-02;5.152728e-02;8.770289e-02;6.566565e-02
7.152518e-02;1.134707e-02;6.902578e-02;3.275925e-02;1.197469e-01;1.385648e-01;2.103052e-01;6.793644e-02;8.414654e-02;9.785893e-02;3.770116e-02;5.908279e-02
1.132428e-01;9.501740e-03;2.336538e-02;1.418280e-02;7.348302e-02;1.989286e-01;2.524284e-01;7.287582e-02;4.311226e-02;1.653451e-01;9.230714e-03;2.430338e-02
1.549259e-01;8.756333e-03;1.904029e-02;1.630050e-02;5.230080e-02;2.366482e-01;2.215962e-01;7.269336e-02;1.840886e-02;1.764152e-01;1.072304e-02;1.219133e-02
2.081884e-01;1.106835e-02;2.670296e-02;1.791607e-02;7.291782e-02;2.536038e-01;1.703952e-01;6.017357e-02;2.305978e-02;1.082650e-01;1.758360e-02;3.012548e-02
2.601712e-01;8.337327e-03;1.570428e-02;2.884186e-02;7.654008e-02;2.872539e-01;1.511253e-01;5.057907e-02;1.358367e-02;7.633619e-02;1.006215e-02;2.146497e-02
2.473642e-01;1.128037e-02;8.262265e-03;3.834936e-02;6.060973e-02;2.929603e-01;1.857477e-01;4.404564e-02;1.060708e-02;8.448373e-02;7.357143e-03;8.932510e-03
1.848406e-01;1.424141e-02;3.145537e-02;4.314562e-02;7.602219e-02;2.529713e-01;2.178138e-01;5.156249e-02;2.242006e-02;6.734257e-02;1.604534e-02;2.213922e-02
1.132391e-01;1.419783e-02;1.064904e-01;5.696226e-02;9.498113e-02;1.777175e-01;2.053633e-01;6.776407e-02;3.676786e-02;4.272269e-02;3.761128e-02;4.618266e-02
5.673952e-02;2.676448e-02;2.642530e-01;6.175774e-02;7.525690e-02;8.306568e-02;1.705469e-01;7.459470e-02;3.913825e-02;4.076989e-02;5.623428e-02;5.087865e-02
4.385351e-02;8.927137e-02;4.377738e-01;3.138747e-02;2.801098e-02;7.937217e-02;1.073337e-01;5.998178e-02;1.782856e-02;4.998403e-02;3.923152e-02;1.597102e-02
2.322294e-02;1.024992e-01;4.972391e-01;3.869177e-02;3.201040e-02;6.334140e-02;7.175595e-02;5.406994e-02;3.798707e-02;3.889867e-02;2.439451e-02;1.588895e-02
2.814469e-02;4.542470e-02;3.557759e-01;9.821401e-02;5.712051e-02;3.580920e-02;1.359870e-01;5.668060e-02;5.080157e-02;8.160689e-02;3.525396e-02;1.918097e-02
2.557511e-02;1.373700e-02;1.534231e-01;1.348781e-01;1.569340e-01;4.767899e-02;1.031088e-01;7.224403e-02;6.691734e-02;8.734164e-02;6.293144e-02;7.523052e-02
4.463704e-02;7.445805e-03;7.221070e-02;1.070937e-01;2.442372e-01;8.457913e-02;5.996018e-02;5.781070e-02;6.765209e-02;7.311615e-02;5.823329e-02;1.230240e-01
7.933614e-02;7.378011e-03;5.509894e-02;5.306572e-02;2.841169e-01;1.374578e-01;4.280528e-02;2.802277e-02;7.889147e-02;5.327344e-02;3.604564e-02;1.445079e-01
1.287837e-01;9.998436e-03;5.458736e-02;1.462547e-02;2.067194e-01;2.699401e-01;4.852112e-02;2.192274e-02;7.070059e-02;4.106766e-02;1.822782e-02;1.149056e-01
1.884457e-01;1.384670e-02;2.958020e-02;1.469405e-02;6.730614e-02;4.056374e-01;8.287223e-02;4.045028e-02;3.272849e-02;7.311218e-02;8.892797e-03;4.243381e-02
1.912356e-01;4.635028e-02;2.106087e-02;1.547478e-02;3.280226e-02;3.673750e-01;1.596471e-01;4.217141e-02;9.525194e-03;8.449204e-02;1.397379e-02;1.589170e-02
1.630681e-01;8.941612e-02;3.978636e-02;2.173792e-02;4.347977e-02;2.728270e-01;2.066065e-01;3.774637e-02;1.677499e-02;7.062286e-02;2.218530e-02;1.574876e-02
1.252740e-01;9.982832e-02;8.879189e-02;3.453511e-02;1.050339e-01;1.891862e-01;2.051346e-01;3.651255e-02;2.511291e-02;4.662130e-02;2.539930e-02;1.856987e-02
6.288100e-02;4.651980e-02;1.512196e-01;4.835682e-02;1.791058e-01;1.270261e-01;2.303778e-01;3.974426e-02;3.610441e-02;2.928374e-02;3.005595e-02;1.932480e-02
9.440631e-02;2.851520e-02;2.065121e-01;5.441730e-02;1.696039e-01;1.396112e-01;1.443308e-01;3.970899e-02;3.365944e-02;3.804386e-02;3.029601e-02;2.089492e-02
7.857653e-02;3.884781e-02;2.589850e-01;5.991427e-02;1.379740e-01;1.390579e-01;5.934652e-02;5.820830e-02;5.161133e-02;4.986375e-02;4.021676e-02;2.739780e-02
5.005145e-02;7.331391e-02;1.906488e-01;4.755491e-02;1.063325e-01;1.217568e-01;9.591347e-02;4.785444e-02;9.025072e-02;6.082012e-02;5.737182e-02;5.813107e-02
9.914197e-02;7.988419e-02;1.197479e-01;4.722686e-02;4.091984e-02;3.380245e-02;8.987673e-02;5.681726e-02;1.498973e-01;1.181602e-01;1.034796e-01;6.104565e-02
9.161308e-02;5.795024e-02;1.104605e-01;6.003049e-02;3.743001e-02;2.711078e-02;9.472314e-02;5.153334e-02;2.119547e-01;1.083318e-01;9.092624e-02;5.793564e-02
7.065152e-02;3.836819e-02;8.585610e-02;9.913223e-02;2.837013e-02;2.334712e-02;8.015760e-02;5.712480e-02;3.312020e-01;7.308976e-02;6.462757e-02;4.807300e-02
4.204773e-02;1.616778e-02;4.638376e-02;1.668009e-01;4.524897e-02;1.301372e-02;3.542430e-02;4.491429e-02;4.550549e-01;9.177981e-02;1.951680e-02;2.364698e-02
1.958244e-02;8.560202e-03;5.328624e-02;2.311043e-01;4.949710e-02;4.111764e-03;2.300788e-02;3.063599e-02;4.514009e-01;1.080577e-01;1.397014e-02;6.785405e-03
1.156986e-02;1.226277e-02;1.401500e-01;2.201661e-01;2.865478e-02;5.259622e-03;3.356422e-02;5.882280e-02;4.185466e-01;5.938195e-02;5.818960e-03;5.802393e-03
6.071825e-03;1.406612e-02;2.382211e-01;1.266127e-01;1.333113e-02;7.020117e-03;5.656053e-02;1.640478e-01;3.410414e-01;2.495155e-02;2.952689e-03;5.123088e-03
6.028505e-03;1.474831e-02;2.033825e-01;5.772697e-02;6.241051e-03;1.318144e-02;9.252497e-02;3.176596e-01;2.644510e-01;1.168840e-02;5.742293e-03;6.624958e-03
4.434784e-03;8.495987e-03;1.131175e-01;1.241846e-02;6.476271e-03;2.191462e-02;1.397573e-01;4.596809e-01;2.045147e-01;1.725335e-02;5.302187e-03;6.633902e-03
4.730452e-03;6.131394e-03;1.292498e-01;2.810313e-02;5.279628e-03;1.849828e-02;1.811587e-01;4.508860e-01;1.467007e-01;1.670964e-02;5.956030e-03;6.596304e-03
8.309572e-03;1.032762e-02;1.544578e-01;1.356628e-02;8.622102e-03;1.581369e-02;2.726764e-01;3.583417e-01;1.178479e-01;2.320469e-02;8.600174e-03;8.232073e-03
9.007138e-03;2.240086e-02;1.256119e-01;8.230267e-03;1.801117e-02;2.338026e-02;4.812289e-01;2.247604e-01;5.380079e-02;1.868683e-02;8.076560e-03;6.804924e-03
1.595190e-02;4.878931e-02;6.986380e-02;9.792637e-03;3.995882e-02;5.895833e-02;5.841924e-01;1.067604e-01;3.186418e-02;1.425839e-02;1.094603e-02;8.663759e-03
4.680601e-02;5.022664e-02;6.168791e-02;1.776153e-02;7.565185e-02;9.594714e-02;5.118015e-01;5.871426e-02;3.802181e-02;1.321063e-02;1.670207e-02;1.346864e-02
5.736249e-02;3.357737e-02;1.377057e-01;3.560558e-02;1.068013e-01;9.776381e-02;3.347462e-01;5.718378e-02;4.552519e-02;2.177452e-02;3.667333e-02;3.528084e-02
5.659270e-02;5.874912e-02;2.084286e-01;4.055437e-02;9.594622e-02;6.006664e-02;1.723086e-01;8.020151e-02;6.655759e-02;4.901193e-02;6.713234e-02;4.445045e-02
6.438125e-02;7.344899e-02;1.691169e-01;5.560402e-02;7.052824e-02;6.403092e-02;1.421097e-01;8.828536e-02;6.983076e-02;6.748456e-02;8.265564e-02;5.252363e-02
6.492624e-02;5.814906e-02;1.602051e-01;4.701946e-02;8.722788e-02;8.183732e-02;1.469627e-01;6.869074e-02;7.279241e-02;5.786130e-02;6.348375e-02;9.084403e-02
9.349132e-02;6.911135e-02;1.421199e-01;4.715217e-02;1.055948e-01;8.342496e-02;1.516552e-01;6.322668e-02;4.710651e-02;8.101191e-02;3.604505e-02;8.006019e-02
1.081028e-01;1.065285e-01;1.147273e-01;8.167062e-02;9.743407e-02;8.695170e-02;1.390473e-01;7.015042e-02;3.603086e-02;8.791069e-02;3.837242e-02;3.307334e-02
7.872590e-02;8.987135e-02;1.549714e-01;1.149057e-01;1.093469e-01;7.645221e-02;9.872035e-02;8.313773e-02;3.585051e-02;9.915864e-02;3.528264e-02;2.357669e-02
6.968433e-02;6.960757e-02;1.785695e-01;8.984695e-02;1.074042e-01;5.488646e-02;9.972339e-02;7.929213e-02;2.750030e-02;1.187807e-01;4.903415e-02;5.567022e-02
7.801618e-02;5.909539e-02;1.289672e-01;7.588206e-02;1.070368e-01;3.623595e-02;8.779812e-02;6.718794e-02;6.146652e-02;1.274900e-01;8.512769e-02;8.569609e-02
6.367946e-02;6.359398e-02;1.097077e-01;8.879299e-02;9.864849e-02;3.237844e-02;7.288342e-02;6.830063e-02;9.509814e-02;1.532610e-01;1.035995e-01;5.005620e-02
7.834265e-02;6.788267e-02;1.365407e-01;7.258564e-02;9.055534e-02;5.541937e-02;1.122973e-01;9.374671e-02;9.375098e-02;1.363994e-01;3.473762e-02;2.774156e-02
6.764481e-02;3.998487e-02;1.491854e-01;4.028500e-02;9.258588e-02;7.472972e-02;1.956180e-01;6.889889e-02;7.275384e-02;9.322884e-02;6.035113e-02;4.473363e-02
6.423362e-02;3.124463e-02;1.504918e-01;3.746440e-02;8.673996e-02;7.466667e-02;2.734110e-01;4.251419e-02;6.131900e-02;7.331850e-02;5.264446e-02;5.195171e-02
4.845385e-02;1.872748e-02;2.104853e-01;5.198801e-02;6.895823e-02;5.555419e-02;3.162158e-01;3.339661e-02;6.220955e-02;5.541107e-02;3.768726e-02;4.091267e-02
2.809153e-02;2.586876e-02;2.008490e-01;6.433808e-02;1.450077e-01;6.494970e-02;2.658231e-01;2.751814e-02;6.974699e-02;4.091946e-02;2.460842e-02;4.227914e-02
1.808550e-02;2.629959e-02;1.397556e-01;9.450231e-02;2.159022e-01;7.997683e-02;1.696772e-01;4.246991e-02;6.430905e-02;6.983054e-02;3.243142e-02;4.675988e-02
1.248697e-02;3.043556e-02;1.862354e-01;1.571869e-01;1.746788e-01;9.663555e-02;6.069812e-02;6.751385e-02;3.550024e-02;9.783331e-02;4.981512e-02;3.098013e-02
1.580781e-02;2.471690e-02;3.222846e-01;1.652824e-01;6.640280e-02;1.026100e-01;4.572257e-02;5.545026e-02;6.563059e-02;7.242488e-02;5.159875e-02;1.206845e-02
1.902233e-02;2.413187e-02;4.683692e-01;1.046070e-01;3.048167e-02;5.166980e-02;1.031539e-01;2.302057e-02;7.704746e-02;6.230705e-02;3.102064e-02;5.168405e-03
1.065654e-02;2.566111e-02;5.328906e-01;5.187784e-02;3.064951e-02;1.324348e-02;1.469219e-01;1.765277e-02;4.498296e-02;1.103454e-01;1.051561e-02;4.602268e-03
8.491846e-03;3.424372e-02;5.555852e-01;3.917050e-02;3.500774e-02;8.730594e-03;1.205955e-01;3.623555e-02;1.894465e-02;1.335932e-01;4.817368e-03;4.584228e-03
7.622763e-03;6.991932e-02;5.624161e-01;3.003415e-02;2.812832e-02;2.001977e-02;6.320964e-02;9.617583e-02;2.035864e-02;8.877779e-02;3.955549e-03;9.382198e-03
1.315534e-02;1.232571e-01;5.311728e-01;1.987364e-02;1.220119e-02;4.473875e-02;1.793704e-02;1.290841e-01;5.007206e-02;3.683643e-02;6.224808e-03;1.544678e-02
2.749036e-02;1.649874e-01;4.414832e-01;3.143219e-02;6.806946e-03;7.970296e-02;1.342194e-02;7.925362e-02;9.510000e-02;3.684641e-02;8.413101e-03;1.506190e-02
2.651297e-02;2.004922e-01;3.341410e-01;5.692306e-02;1.003315e-02;1.262976e-01;1.383840e-02;2.889170e-02;1.421154e-01;3.883629e-02;6.119000e-03;1.579920e-02
3.334876e-02;2.303256e-01;1.886007e-01;9.428667e-02;1.035269e-02;1.381408e-01;9.070315e-03;1.105375e-02;2.345651e-01;3.173972e-02;1.991265e-03;1.652458e-02
3.777641e-02;2.284691e-01;1.140719e-01;9.419101e-02;7.896226e-03;1.074880e-01;1.084911e-02;1.030544e-02;3.322791e-01;3.195465e-02;3.425219e-03;2.129394e-02
3.485484e-02;2.128069e-01;1.095892e-01;5.351293e-02;5.464652e-03;8.506366e-02;1.675976e-02;2.448728e-02;3.675574e-01;4.567682e-02;6.601947e-03;3.762457e-02
3.801389e-02;2.060391e-01;1.320126e-01;2.137978e-02;4.152391e-03;7.183520e-02;1.559594e-02;1.888592e-02;3.527125e-01;6.401104e-02;1.534638e-02;6.001530e-02
9.073875e-02;1.879034e-01;1.303273e-01;1.341026e-02;7.796953e-03;5.868395e-02;2.338726e-02;3.996753e-02;2.908358e-01;5.795141e-02;3.558297e-02;6.341446e-02
1.316422e-01;1.614326e-01;1.331027e-01;2.097489e-02;1.737394e-02;5.288996e-02;4.000909e-02;6.644463e-02;2.104620e-01;6.734955e-02;4.525324e-02;5.306515e-02
1.346863e-01;1.252615e-01;1.376271e-01;3.511058e-02;3.111762e-02;5.191639e-02;5.901264e-02;9.115595e-02;1.214284e-01;1.021422e-01;5.663189e-02;5.390946e-02
7.902938e-02;4.720121e-02;1.420177e-01;7.611810e-02;3.283054e-02;9.271117e-02;7.217305e-02;7.082249e-02;1.193781e-01;1.370215e-01;8.017600e-02;5.052079e-02
6.135561e-02;6.040325e-02;5.949312e-02;5.931007e-02;3.030147e-02;1.348413e-01;5.390621e-02;5.999432e-02;2.095684e-01;9.780563e-02;1.183510e-01;5.466966e-02
3.217081e-02;7.171618e-02;5.199239e-02;4.269163e-02;3.344028e-02;1.285605e-01;2.476414e-02;4.050391e-02;2.653717e-01;1.115847e-01;1.455113e-01;5.169249e-02
3.055429e-02;7.562712e-02;4.652100e-02;4.840302e-02;4.791484e-02;9.990720e-02;2.880329e-02;3.001151e-02;2.695987e-01;1.227064e-01;1.431703e-01;5.678231e-02
2.617856e-02;9.245242e-02;4.562644e-02;3.082743e-02;5.973070e-02;6.998919e-02;2.392314e-02;4.786135e-02;2.656557e-01;1.534280e-01;1.224520e-01;6.187509e-02
3.074670e-02;6.261570e-02;8.922288e-02;8.307935e-02;6.949773e-02;7.126685e-02;9.825273e-02;8.594915e-02;1.329979e-01;1.151516e-01;9.595165e-02;6.526779e-02
7.811145e-02;8.087201e-02;1.360219e-01;6.117826e-02;6.631099e-02;8.794801e-02;1.016364e-01;9.540960e-02;8.735802e-02;7.509837e-02;6.701429e-02;6.304072e-02
1.502722e-01;8.047206e-02;1.248974e-01;4.210297e-02;5.623614e-02;8.829881e-02;7.830300e-02;7.446673e-02;9.246848e-02;5.535116e-02;7.528328e-02;8.184776e-02
1.814563e-01;7.618575e-02;1.444318e-01;4.987768e-02;4.646860e-02;7.269535e-02;7.088064e-02;5.111743e-02;6.527720e-02;4.094357e-02;9.799478e-02;1.026709e-01
1.651641e-01;8.099061e-02;2.000999e-01;5.312247e-02;3.097847e-02;5.018711e-02;5.950365e-02;3.007679e-02;4.548045e-02;3.484594e-02;1.395678e-01;1.099827e-01
9.524560e-02;1.089643e-01;2.287955e-01;3.283763e-02;2.383630e-02;5.846486e-02;4.042533e-02;1.481229e-02;5.071977e-02;7.415082e-02;1.905761e-01;8.117141e-02
4.807642e-02;1.274050e-01;1.593050e-01;2.119602e-02;4.290176e-02;6.687249e-02;2.995155e-02;1.759416e-02;5.036604e-02;1.852386e-01;2.027062e-01;4.838661e-02
5.230170e-02;1.170506e-01;7.691819e-02;3.000739e-02;7.340638e-02;3.323394e-02;2.834653e-02;2.731445e-02;7.806015e-02;3.076480e-01;1.354420e-01;4.027072e-02
9.168156e-02;9.228155e-02;6.909565e-02;2.742912e-02;6.285086e-02;3.026451e-02;8.054933e-02;3.279586e-02;9.610660e-02;2.606383e-01;1.144416e-01;4.186511e-02
1.353216e-01;8.086734e-02;1.026291e-01;2.412931e-02;4.106591e-02;3.899071e-02;1.044025e-01;4.141414e-02;1.502242e-01;1.497704e-01;9.786215e-02;3.332265e-02
1.234853e-01;8.419651e-02;1.180441e-01;1.915722e-02;3.877340e-02;4.289490e-02;1.341630e-01;5.620201e-02;1.691980e-01;1.089174e-01;6.793017e-02;3.703789e-02
1.328292e-01;7.241716e-02;9.810927e-02;1.996696e-02;3.618275e-02;3.472492e-02;1.157828e-01;4.931041e-02;1.417557e-01;1.500439e-01;9.850380e-02;5.037311e-02
1.388734e-01;9.624656e-02;1.035056e-01;2.621038e-02;3.172625e-02;2.218530e-02;6.643164e-02;3.747226e-02;8.080911e-02;1.673945e-01;1.377110e-01;9.143399e-02
1.200632e-01;1.096406e-01;9.108835e-02;3.909207e-02;2.375768e-02;2.053688e-02;7.836112e-02;6.517437e-02;7.401507e-02;7.444087e-02;1.263301e-01;1.774997e-01
6.809223e-02;1.311872e-01;9.831186e-02;8.645996e-02;3.749028e-02;1.912647e-02;4.557204e-02;6.321564e-02;2.932324e-02;1.078864e-01;1.133149e-01;2.000197e-01
4.650799e-02;1.295219e-01;1.207761e-01;1.486642e-01;5.834189e-02;1.642534e-02;6.801250e-02;3.586828e-02;3.926023e-02;7.678155e-02;1.176110e-01;1.422289e-01
4.112718e-02;1.631793e-01;1.424982e-01;1.349139e-01;4.625710e-02;3.832569e-02;1.179805e-01;3.011874e-02;3.656766e-02;6.725808e-02;7.728531e-02;1.044883e-01
