7.963078e-02;6.337991e-02;1.679520e-01;6.339057e-02;6.731357e-02;4.951742e-02;2.184813e-01;3.656935e-02;4.647436e-02;9.929707e-02;7.269741e-02;3.529625e-02
5.812478e-02;9.793498e-02;1.956522e-01;6.792170e-02;7.346861e-02;3.747043e-02;1.966948e-01;4.061399e-02;5.427311e-02;5.833369e-02;7.542955e-02;4.408224e-02
7.063479e-02;9.860701e-02;1.796351e-01;6.885125e-02;1.073324e-01;4.738995e-02;1.601143e-01;3.714043e-02;6.912182e-02;4.130364e-02;5.092411e-02;6.894521e-02
7.706700e-02;1.027287e-01;1.427291e-01;8.198786e-02;1.420536e-01;5.817113e-02;1.134581e-01;3.480035e-02;9.408146e-02;2.949068e-02;1.916618e-02;1.042658e-01
6.604039e-02;1.418974e-01;1.166710e-01;9.095640e-02;1.406221e-01;4.926059e-02;3.947562e-02;5.276970e-02;9.499801e-02;3.168232e-02;6.504380e-02;1.105827e-01
7.794899e-02;1.531600e-01;1.466759e-01;9.623700e-02;9.172127e-02;3.286727e-02;3.331673e-02;7.813855e-02;5.090683e-02;4.959435e-02;1.257782e-01;6.365488e-02
9.540620e-02;1.109083e-01;2.174047e-01;9.592726e-02;5.934536e-02;2.485905e-02;5.735083e-02;6.942948e-02;2.275698e-02;8.486235e-02;1.269535e-01;3.479598e-02
1.028365e-01;6.945392e-02;3.120304e-01;8.374843e-02;4.009825e-02;3.131743e-02;9.385782e-02;2.434499e-02;3.421558e-02;1.216000e-01;6.863154e-02;1.786515e-02
9.039851e-02;5.285530e-02;2.823926e-01;6.131424e-02;2.944811e-02;3.739233e-02;1.219103e-01;3.889195e-02;7.464725e-02;1.154980e-01;6.778126e-02;2.747015e-02
6.696741e-02;6.584962e-02;2.298375e-01;4.170221e-02;4.713703e-02;4.175278e-02;1.808516e-01;5.030204e-02;5.439370e-02;7.773583e-02;1.014874e-01;4.198278e-02
5.123626e-02;6.079926e-02;2.570355e-01;7.261708e-02;7.876102e-02;4.323086e-02;1.868413e-01;3.173593e-02;4.279164e-02;5.782258e-02;9.301371e-02;2.411489e-02
2.080115e-02;8.464526e-02;2.597251e-01;9.458716e-02;8.436730e-02;4.620397e-02;8.681252e-02;4.526384e-02;8.688912e-02;9.224652e-02;6.200453e-02;3.645352e-02
3.667383e-02;1.348146e-01;1.963019e-01;5.986390e-02;5.959297e-02;5.740505e-02;1.078548e-01;9.278630e-02;9.719472e-02;7.887784e-02;5.458704e-02;2.404698e-02
6.155304e-02;1.415434e-01;2.330864e-01;6.008019e-02;5.028287e-02;3.788784e-02;1.168445e-01;5.863775e-02;3.539892e-02;6.945022e-02;1.029926e-01;3.224229e-02
8.629001e-02;7.914195e-02;1.795046e-01;8.089999e-02;6.949386e-02;2.117548e-02;1.100286e-01;5.912548e-02;8.766464e-02;6.326964e-02;1.073679e-01;5.603784e-02
9.940511e-02;3.820709e-02;1.475937e-01;8.427241e-02;8.402925e-02;3.244223e-02;1.046582e-01;1.086555e-01;8.957666e-02;8.259523e-02;8.169867e-02;4.686594e-02
1.092931e-01;7.585607e-02;1.718872e-01;7.311352e-02;5.775627e-02;4.005269e-02;7.271717e-02;9.246915e-02;6.884039e-02;1.108791e-01;8.328479e-02;4.385053e-02
1.261248e-01;8.171913e-02;1.155601e-01;6.859668e-02;6.358675e-02;5.564472e-02;4.512395e-02;6.785279e-02;1.117536e-01;1.116382e-01;8.994180e-02;6.245753e-02
1.127510e-01;1.071727e-01;1.331193e-01;7.213966e-02;7.871361e-02;7.035654e-02;6.291240e-02;4.091895e-02;8.576623e-02;1.033815e-01;8.001686e-02;5.275122e-02
8.082826e-02;7.093072e-02;1.622947e-01;9.268178e-02;7.449258e-02;6.930637e-02;1.019408e-01;5.057421e-02;8.343619e-02;7.455115e-02;8.303560e-02;5.592755e-02
3.875845e-02;6.592342e-02;2.216864e-01;5.950435e-02;9.267555e-02;5.430666e-02;1.533444e-01;6.820650e-02;5.789881e-02;7.443355e-02;6.662932e-02;4.663261e-02
8.789843e-02;1.114496e-01;1.792832e-01;5.447061e-02;1.035300e-01;4.953227e-02;1.447849e-01;5.709524e-02;4.513016e-02;7.177547e-02;7.045233e-02;2.459786e-02
1.515469e-01;1.317815e-01;9.335989e-02;8.578580e-02;8.999673e-02;7.732126e-02;1.685639e-01;3.068340e-02;3.106719e-02;6.364726e-02;5.330076e-02;2.294539e-02
1.910601e-01;1.241016e-01;4.759366e-02;1.064833e-01;8.605535e-02;9.182907e-02;1.479912e-01;2.274252e-02;4.014428e-02;6.082483e-02;4.207928e-02;3.909475e-02
2.010134e-01;1.045584e-01;9.269950e-02;9.994163e-02;8.948529e-02;8.858009e-02;1.161036e-01;2.176600e-02;5.127167e-02;5.388929e-02;3.317859e-02;4.751252e-02
1.799213e-01;8.589560e-02;1.378021e-01;9.007358e-02;1.121380e-01;7.114901e-02;1.011477e-01;3.073073e-02;6.160609e-02;5.237041e-02;3.202320e-02;4.514228e-02
1.651673e-01;8.195291e-02;1.276028e-01;7.668027e-02;1.810096e-01;4.602231e-02;1.082455e-01;2.112307e-02;6.471233e-02;5.626556e-02;2.422867e-02;4.698969e-02
1.380385e-01;9.106079e-02;1.538339e-01;6.380021e-02;1.593601e-01;6.515387e-02;6.881984e-02;1.752706e-02;1.089054e-01;4.333684e-02;1.583482e-02;7.432878e-02
1.267877e-01;7.143013e-02;1.400394e-01;4.384931e-02;1.858052e-01;6.572416e-02;4.305037e-02;1.427158e-02;1.607632e-01;3.320601e-02;1.928682e-02;9.578612e-02
7.708175e-02;6.840013e-02;1.030786e-01;4.231339e-02;2.152762e-01;5.732324e-02;3.422715e-02;2.508619e-02;2.168347e-01;1.483392e-02;2.124088e-02;1.243039e-01
5.926708e-02;1.366410e-01;6.151713e-02;5.388200e-02;2.025018e-01;4.461120e-02;2.895233e-02;4.400197e-02;1.970223e-01;1.041327e-02;3.636764e-02;1.248223e-01
3.859223e-02;2.035050e-01;3.931059e-02;8.684113e-02;1.867976e-01;2.800466e-02;1.219435e-02;6.022347e-02;1.316854e-01;1.041070e-02;8.167283e-02;1.207620e-01
2.240600e-02;1.984890e-01;4.508515e-02;1.124259e-01;1.700385e-01;1.316493e-02;1.513638e-02;6.486738e-02;7.942350e-02;1.231647e-02;1.234543e-01;1.431924e-01
2.453269e-02;1.389137e-01;4.086616e-02;1.091847e-01;1.725615e-01;1.784302e-02;1.237244e-02;4.972700e-02;9.603928e-02;8.490026e-03;1.247778e-01;2.046918e-01
2.590388e-02;7.874434e-02;4.418913e-02;7.928166e-02;1.797155e-01;2.409892e-02;1.273325e-02;5.329406e-02;1.159970e-01;7.886472e-03;8.615376e-02;2.920019e-01
1.975265e-02;3.445260e-02;6.015997e-02;4.268422e-02;1.746815e-01;2.198917e-02;2.275145e-02;5.084027e-02;1.534043e-01;8.440487e-03;5.650572e-02;3.543377e-01
3.676001e-02;1.448846e-02;8.775714e-02;3.459334e-02;1.694630e-01;3.324560e-02;2.160089e-02;2.892179e-02;1.950836e-01;5.372723e-03;3.087092e-02;3.418425e-01
5.662681e-02;7.792501e-03;1.352657e-01;3.170807e-02;1.668286e-01;4.516393e-02;2.667588e-02;1.545076e-02;2.244416e-01;5.600337e-03;7.095853e-03;2.773500e-01
5.434275e-02;2.012046e-02;1.789892e-01;2.797659e-02;1.571348e-01;4.709096e-02;2.624405e-02;8.649174e-03;2.240916e-01;1.615313e-02;1.286659e-02;2.263406e-01
5.590635e-02;4.100139e-02;1.717099e-01;4.681002e-02;1.397846e-01;4.774285e-02;2.864995e-02;3.294973e-02;1.938356e-01;1.181648e-02;3.843021e-02;1.913630e-01
3.843031e-02;8.295865e-02;1.670063e-01;9.051058e-02;1.048142e-01;4.775624e-02;3.635287e-02;6.394394e-02;1.476214e-01;2.728547e-02;6.869607e-02;1.246240e-01
4.872074e-02;1.130717e-01;2.121262e-01;1.144682e-01;5.034894e-02;5.102131e-02;5.641814e-02;6.855325e-02;8.669518e-02;5.253614e-02;9.445114e-02;5.158906e-02
9.216668e-02;9.766955e-02;2.776264e-01;9.977059e-02;4.072941e-02;5.048335e-02;8.920381e-02;3.332595e-02;4.466452e-02;7.414080e-02;6.378101e-02;3.643795e-02
9.089186e-02;6.257148e-02;2.457085e-01;7.815572e-02;6.678171e-02;4.017613e-02;1.095837e-01;6.529315e-02;6.617916e-02;8.174679e-02;4.842284e-02;4.448888e-02
7.984657e-02;2.666764e-02;1.076543e-01;3.240995e-02;1.015179e-01;4.904722e-02;9.991582e-02;9.053064e-02;1.018213e-01;6.095406e-02;9.811096e-02;1.515236e-01
2.300055e-02;4.644226e-02;1.000576e-01;6.486367e-02;8.564815e-02;7.499109e-02;7.010548e-02;6.117517e-02;1.382574e-01;6.713667e-02;8.662493e-02;1.816970e-01
6.460351e-02;3.898913e-02;1.336810e-01;1.006980e-01;6.763878e-02;7.518827e-02;5.417831e-02;3.868160e-02;1.529006e-01;6.866052e-02;6.510841e-02;1.396718e-01
5.899648e-02;5.162784e-02;1.373315e-01;9.297372e-02;6.814901e-02;5.273494e-02;8.880965e-02;5.912935e-02;1.469731e-01;1.015993e-01;5.396026e-02;8.771475e-02
4.364666e-02;7.749268e-02;1.411017e-01;3.719268e-02;6.260040e-02;3.277054e-02;1.017183e-01;6.909138e-02;1.592675e-01;1.424193e-01;9.029784e-02;4.240109e-02
6.723738e-02;5.218550e-02;9.024204e-02;4.064634e-02;5.843443e-02;7.094235e-02;1.004107e-01;7.959635e-02;1.771147e-01;1.204355e-01;8.949339e-02;5.326135e-02
9.107184e-02;5.546853e-02;1.090703e-01;3.792756e-02;3.005255e-02;8.183534e-02;1.142975e-01;8.843122e-02;1.587819e-01;1.143304e-01;6.533958e-02;5.339327e-02
1.185416e-01;7.106283e-02;1.559436e-01;6.022583e-02;5.368859e-02;6.695917e-02;1.228244e-01;6.840839e-02;9.039441e-02;7.566702e-02;6.024421e-02;5.604005e-02
1.076776e-01;6.477425e-02;1.461885e-01;5.985346e-02;8.508706e-02;7.127948e-02;1.881316e-01;4.137609e-02;8.237327e-02;6.543409e-02;5.337440e-02;3.445028e-02
6.708460e-02;4.153012e-02;1.859740e-01;6.522803e-02;1.566296e-01;8.260292e-02;1.394043e-01;2.345482e-02;9.819948e-02;4.564996e-02;2.719424e-02;6.704795e-02
4.063105e-02;3.694455e-02;2.236617e-01;6.205935e-02;2.128105e-01;8.024441e-02;7.592899e-02;1.900116e-02;8.986948e-02;2.169659e-02;3.844532e-02;9.870692e-02
5.138487e-02;3.576349e-02;2.328427e-01;6.032676e-02;2.007859e-01;6.929562e-02;7.698006e-02;3.319727e-02;5.077918e-02;2.612301e-02;7.044440e-02;9.207671e-02
3.700204e-02;4.117613e-02;2.896903e-01;8.678088e-02;1.587884e-01;5.390111e-02;3.993225e-02;6.211630e-02;2.854807e-02;2.890728e-02;1.062762e-01;6.688112e-02
3.904121e-02;3.508153e-02;3.583513e-01;9.828484e-02;1.117174e-01;4.234508e-02;8.228394e-02;4.547524e-02;1.837039e-02;3.572987e-02;9.803147e-02;3.528767e-02
2.845158e-02;3.914901e-02;4.057188e-01;6.950064e-02;7.728176e-02;4.327508e-02;1.387713e-01;2.641933e-02;2.786247e-02;5.667770e-02;6.215924e-02;2.473314e-02
1.755633e-02;5.513324e-02;4.153839e-01;4.183574e-02;5.320124e-02;4.796055e-02;1.589211e-01;3.574006e-02;3.987778e-02;8.042707e-02;3.241346e-02;2.154960e-02
1.744824e-02;8.315076e-02;4.287277e-01;2.787345e-02;2.894817e-02;3.350198e-02;1.509751e-01;1.938496e-02;6.437812e-02;1.142549e-01;1.698388e-02;1.437280e-02
2.328788e-02;9.887300e-02;4.287056e-01;1.800483e-02;1.580261e-02;3.100142e-02;1.297962e-01;6.888600e-03;6.809439e-02;1.398253e-01;1.653255e-02;2.318760e-02
1.675452e-02;9.393530e-02;4.229776e-01;1.286730e-02;1.147718e-02;4.586495e-02;1.411958e-01;6.121768e-03;5.030266e-02;1.490118e-01;1.919338e-02;3.029780e-02
3.368726e-02;7.070257e-02;4.051519e-01;2.250061e-02;1.184596e-02;3.967972e-02;1.848777e-01;2.906514e-02;1.970826e-02;1.348899e-01;2.815737e-02;1.973362e-02
5.020639e-02;3.193952e-02;3.827886e-01;3.909943e-02;1.074941e-02;1.961579e-02;2.218043e-01;5.983457e-02;1.613304e-02;1.019635e-01;5.637539e-02;9.490165e-03
4.801274e-02;1.500126e-02;3.374301e-01;5.531485e-02;1.803786e-02;8.239773e-03;2.145032e-01;9.283629e-02;1.668751e-02;7.274326e-02;1.094320e-01;1.176118e-02
5.119883e-02;2.344509e-02;2.661741e-01;5.536331e-02;2.461773e-02;1.024798e-02;1.696274e-01;9.040748e-02;1.069061e-02;1.099970e-01;1.655813e-01;2.264906e-02
6.726352e-02;3.000814e-02;2.545402e-01;4.757747e-02;1.847969e-02;1.991334e-02;1.364742e-01;5.112137e-02;2.770205e-02;1.561690e-01;1.745827e-01;1.616840e-02
9.424198e-02;4.131734e-02;2.617240e-01;3.983522e-02;1.909992e-02;3.137231e-02;1.172446e-01;1.945906e-02;3.273904e-02;1.702468e-01;1.130098e-01;5.971003e-02
1.214657e-01;8.122842e-02;2.177123e-01;3.604997e-02;2.683645e-02;4.026008e-02;1.060121e-01;4.487556e-02;6.890689e-02;1.242105e-01;3.977759e-02;9.266444e-02
9.237091e-02;1.131967e-01;1.950014e-01;2.908023e-02;3.015577e-02;4.819443e-02;1.310456e-01;2.983270e-02;8.073327e-02;3.849655e-02;1.188640e-01;9.302850e-02
6.197808e-02;9.508909e-02;1.796726e-01;3.352312e-02;1.486036e-02;3.595572e-02;1.034379e-01;4.327961e-02;9.126106e-02;1.298300e-01;1.775127e-01;3.359985e-02
8.828004e-02;1.061720e-01;1.624792e-01;5.106258e-02;2.152811e-02;2.494467e-02;9.417066e-02;2.677450e-02;7.337976e-02;1.342722e-01;1.381077e-01;7.882854e-02
7.090533e-02;1.017208e-01;2.006520e-01;6.572237e-02;2.198521e-02;4.260086e-02;1.616234e-01;6.951641e-02;4.034016e-02;1.068564e-01;3.387939e-02;8.419772e-02
2.767811e-02;7.316393e-02;2.398222e-01;5.312986e-02;3.229095e-02;3.497158e-02;1.640628e-01;3.551448e-02;2.512141e-02;1.199584e-01;1.426090e-01;5.167731e-02
7.329713e-02;6.104298e-02;1.815194e-01;3.346146e-02;2.379449e-02;3.502407e-02;1.161874e-01;5.291007e-02;6.839857e-02;1.206027e-01;1.645638e-01;6.919786e-02
1.289119e-01;5.688590e-02;1.599839e-01;1.860589e-02;2.761200e-02;2.846907e-02;8.531508e-02;7.690202e-02;8.069987e-02;1.674962e-01;1.503116e-01;1.880655e-02
1.331863e-01;6.072829e-02;1.370708e-01;3.381261e-02;3.531321e-02;2.910981e-02;6.088514e-02;1.077240e-01;7.575700e-02;1.556097e-01;1.119270e-01;5.887615e-02
1.024615e-01;6.484604e-02;1.437480e-01;5.324261e-02;5.842454e-02;6.187299e-02;3.690498e-02;8.594748e-02;6.040127e-02;1.066556e-01;1.601562e-01;6.533878e-02
9.271937e-02;8.293653e-02;1.501867e-01;8.115137e-02;7.137649e-02;6.624032e-02;1.125668e-01;6.927994e-02;7.572331e-02;7.528230e-02;6.440612e-02;5.813085e-02
6.897468e-02;1.057256e-01;1.947842e-01;7.955100e-02;5.225306e-02;4.917181e-02;1.151453e-01;8.479181e-02;4.167685e-02;6.946936e-02;1.019275e-01;3.652887e-02
6.705258e-02;1.297096e-01;1.626017e-01;5.173765e-02;4.294183e-02;4.570328e-02;1.696008e-01;5.719622e-02;6.728357e-02;4.378516e-02;9.467836e-02;6.770937e-02
1.597803e-01;1.285308e-01;1.159535e-01;2.451707e-02;3.641517e-02;5.154398e-02;1.632659e-01;2.909212e-02;7.810381e-02;6.544195e-02;6.316987e-02;8.418553e-02
2.762884e-01;1.064889e-01;6.381790e-02;1.097799e-02;4.425810e-02;6.397629e-02;1.259594e-01;1.586622e-02;9.334554e-02;8.458537e-02;2.771007e-02;8.672582e-02
3.569748e-01;7.407227e-02;1.781037e-02;1.098226e-02;5.016257e-02;8.105814e-02;9.812623e-02;9.151011e-03;1.006602e-01;1.154730e-01;1.454723e-02;7.098188e-02
2.651313e-01;1.019632e-01;2.948237e-02;1.210522e-02;3.481828e-02;7.391147e-02;1.802025e-01;1.306368e-02;4.360956e-02;1.694998e-01;4.032052e-02;3.589204e-02
1.165577e-01;1.262796e-01;7.136575e-02;1.101378e-02;2.239469e-02;4.924719e-02;2.696307e-01;3.752084e-02;1.637761e-02;1.702731e-01;8.923402e-02;2.010514e-02
4.176395e-02;1.000889e-01;1.530255e-01;1.584627e-02;1.431562e-02;2.444722e-02;2.792656e-01;9.877355e-02;3.548611e-02;1.094761e-01;9.572787e-02;3.178338e-02
3.159195e-02;4.954328e-02;2.096594e-01;4.348457e-02;1.380073e-02;1.485473e-02;2.048981e-01;1.202469e-01;1.624894e-01;5.793728e-02;4.978682e-02;4.170694e-02
2.571346e-02;1.241440e-02;1.524319e-01;6.585138e-02;3.473689e-02;1.488206e-02;1.176107e-01;7.453547e-02;2.811117e-01;1.526069e-01;4.727955e-02;2.082564e-02
2.158577e-02;1.964485e-02;6.583673e-02;4.237448e-02;4.252123e-02;3.331957e-02;5.258827e-02;4.092382e-02;2.115319e-01;2.586008e-01;1.818243e-01;2.924827e-02
2.068188e-02;1.595694e-02;2.761005e-02;1.436508e-02;2.548810e-02;5.856670e-02;5.686800e-02;1.192287e-02;8.051980e-02;2.138147e-01;3.481841e-01;1.260217e-01
8.717913e-02;5.640348e-03;1.641768e-02;9.159900e-03;9.165904e-03;4.807425e-02;1.085054e-01;3.205001e-02;3.020116e-02;7.753287e-02;2.922178e-01;2.838556e-01
2.463165e-01;2.728285e-02;1.661974e-02;1.426959e-02;8.050720e-03;1.854898e-02;1.226636e-01;7.765108e-02;2.953362e-02;2.087648e-02;1.051494e-01;3.130374e-01
4.362711e-01;8.676127e-02;2.142587e-02;1.181879e-02;1.467144e-02;3.969477e-03;7.680060e-02;1.172711e-01;4.618121e-02;1.588635e-02;3.868018e-02;1.302626e-01
4.467717e-01;2.049381e-01;3.421960e-02;4.825893e-03;1.868363e-02;4.429835e-03;3.140654e-02;9.849719e-02;7.758792e-02;1.378033e-02;4.131179e-02;2.354749e-02
3.087071e-01;3.472522e-01;4.988356e-02;3.917936e-03;1.187319e-02;9.706651e-03;1.388828e-02;6.907523e-02;1.314837e-01;9.055790e-03;2.546331e-02;1.969302e-02
2.214499e-01;4.083643e-01;7.887969e-02;6.314528e-03;4.941993e-03;1.619433e-02;4.971339e-03;5.853684e-02;1.610169e-01;8.593127e-03;1.458745e-02;1.614967e-02
1.782894e-01;3.995551e-01;1.150631e-01;1.243768e-02;7.971466e-03;2.151217e-02;8.949230e-03;4.597451e-02;1.620464e-01;1.498612e-02;9.324552e-03;2.389035e-02
1.430036e-01;3.911264e-01;1.674660e-01;1.891983e-02;8.766118e-03;2.206740e-02;2.115414e-02;3.771856e-02;1.353418e-01;1.174312e-02;1.311910e-02;2.957397e-02
9.100513e-02;3.818677e-01;2.792594e-01;2.260428e-02;8.325518e-03;1.990929e-02;3.070492e-02;2.062310e-02;9.885579e-02;1.125849e-02;1.773388e-02;1.785260e-02
6.305518e-02;3.411024e-01;3.781181e-01;1.942701e-02;7.489993e-03;1.303616e-02;1.618056e-02;1.653856e-02;1.031763e-01;1.428445e-02;1.351024e-02;1.408110e-02
5.703973e-02;2.752467e-01;4.861616e-01;1.730913e-02;3.738490e-03;1.043295e-02;6.572233e-03;1.815055e-02;8.090701e-02;1.923426e-02;1.042105e-02;1.478623e-02
4.658382e-02;1.759833e-01;6.241735e-01;2.160537e-02;6.670829e-03;8.997635e-03;7.372991e-03;2.117834e-02;3.826323e-02;3.001803e-02;3.859811e-03;1.529306e-02
1.661593e-02;8.155283e-02;7.048120e-01;3.341397e-02;1.348725e-02;9.436048e-03;2.019416e-02;1.531692e-02;3.317319e-02;4.772705e-02;1.283922e-02;1.143136e-02
3.055191e-02;5.255387e-02;6.139667e-01;6.434055e-02;3.302275e-02;1.952968e-02;4.647412e-02;1.124619e-02;2.675077e-02;6.833040e-02;2.567634e-02;7.556685e-03
3.282840e-02;6.879619e-02;5.506819e-01;9.586789e-02;3.409300e-02;1.533061e-02;3.954220e-02;1.007026e-02;2.962278e-02;8.117972e-02;3.598360e-02;6.003394e-03
1.503340e-02;5.245875e-02;5.811357e-01;1.306136e-01;2.598140e-02;6.236067e-03;2.022573e-02;4.463186e-03;1.543857e-02;8.993037e-02;5.319168e-02;5.291533e-03
1.005431e-02;1.685589e-02;5.898115e-01;1.408504e-01;2.901882e-02;6.263198e-03;7.507608e-03;2.736947e-03;7.534689e-03;1.090709e-01;7.824866e-02;2.047044e-03
1.840548e-02;2.701203e-02;5.624777e-01;1.079730e-01;2.608149e-02;7.514533e-03;1.240770e-02;2.362325e-03;2.266347e-02;1.381631e-01;6.315824e-02;1.178089e-02
3.638339e-02;6.415943e-02;5.282850e-01;7.244409e-02;1.751965e-02;8.699188e-03;1.532804e-02;6.634566e-03;5.848193e-02;1.357391e-01;3.158158e-02;2.474411e-02
6.092216e-02;8.710017e-02;4.873383e-01;5.222536e-02;1.455187e-02;7.789503e-03;2.302838e-02;6.677671e-03;8.262464e-02;9.886816e-02;3.886142e-02;4.001231e-02
8.341979e-02;8.812894e-02;4.876541e-01;5.350911e-02;2.134951e-02;1.033142e-02;4.251819e-02;1.399636e-02;9.175259e-02;2.940911e-02;3.411478e-02;4.381605e-02
7.280046e-02;3.855699e-02;5.764081e-01;6.483828e-02;2.193485e-02;1.063886e-02;3.288727e-02;1.697934e-02;5.245465e-02;6.639750e-02;2.589232e-02;2.021146e-02
4.053792e-02;8.111747e-02;5.016503e-01;8.074020e-02;3.857740e-02;3.556277e-02;3.689902e-02;1.765644e-02;6.066642e-02;7.553600e-02;1.800958e-02;1.304644e-02
6.278217e-02;6.293660e-02;2.970925e-01;1.062520e-01;3.960040e-02;8.240016e-02;1.219850e-01;2.603205e-02;5.143645e-02;5.499951e-02;5.244575e-02;4.203739e-02
4.381073e-02;5.805036e-02;1.499681e-01;1.127501e-01;3.764855e-02;1.057153e-01;2.079840e-01;5.931611e-02;4.325781e-02;6.389478e-02;5.726986e-02;6.033435e-02
2.503281e-02;1.448243e-01;1.652164e-01;9.919170e-02;5.489164e-02;8.358558e-02;1.836173e-01;6.415654e-02;5.490425e-02;4.939541e-02;3.176877e-02;4.341531e-02
3.489909e-02;1.644543e-01;1.940958e-01;9.034284e-02;6.752743e-02;5.725389e-02;1.386991e-01;6.446890e-02;8.006713e-02;4.314331e-02;4.058303e-02;2.446530e-02
5.565467e-02;1.389758e-01;1.687277e-01;9.882826e-02;5.849656e-02;3.883499e-02;1.559935e-01;7.874439e-02;9.283575e-02;4.212192e-02;5.192924e-02;1.885730e-02
6.065962e-02;1.267075e-01;1.495814e-01;9.698621e-02;4.745192e-02;4.261589e-02;1.464433e-01;8.532717e-02;1.317233e-01;3.511752e-02;5.350013e-02;2.388602e-02
6.123215e-02;1.085004e-01;1.345503e-01;7.006771e-02;5.041908e-02;4.836964e-02;1.648916e-01;9.002499e-02;1.232450e-01;6.158438e-02;4.792814e-02;3.918659e-02
5.396588e-02;1.082193e-01;1.744255e-01;4.286689e-02;5.838055e-02;7.013404e-02;1.539222e-01;1.117132e-01;7.585488e-02;5.378710e-02;4.176604e-02;5.496442e-02
6.056009e-02;8.896032e-02;1.804448e-01;3.458916e-02;5.597166e-02;5.788175e-02;1.195230e-01;9.462298e-02;9.541934e-02;6.676473e-02;9.127717e-02;5.398501e-02
7.289182e-02;8.769175e-02;1.885585e-01;6.477875e-02;5.679316e-02;4.523082e-02;7.894914e-02;6.578851e-02;9.265164e-02;1.019294e-01;8.952366e-02;5.521277e-02
8.550497e-02;9.196427e-02;1.475828e-01;8.943724e-02;6.670108e-02;7.281060e-02;1.066471e-01;7.241461e-02;6.924549e-02;1.035389e-01;4.328892e-02;5.086402e-02
9.227903e-02;8.233891e-02;1.793357e-01;1.033790e-01;5.991119e-02;6.657381e-02;1.018093e-01;5.664375e-02;8.207945e-02;7.355073e-02;6.478789e-02;3.731121e-02
9.294406e-02;9.601406e-02;1.918612e-01;1.053328e-01;4.039233e-02;4.476999e-02;7.922967e-02;8.643483e-02;7.956123e-02;6.162666e-02;6.388073e-02;5.795241e-02
1.077180e-01;9.439562e-02;2.091983e-01;7.979767e-02;4.020049e-02;4.331961e-02;7.750617e-02;9.899398e-02;4.899709e-02;7.480215e-02;6.078025e-02;6.429072e-02
1.150715e-01;1.251763e-01;1.583245e-01;7.381962e-02;3.974502e-02;6.309743e-02;7.254191e-02;8.364458e-02;8.929241e-02;8.319341e-02;4.596588e-02;5.012745e-02
1.020018e-01;1.296348e-01;1.039630e-01;8.093099e-02;4.979723e-02;7.129598e-02;9.962837e-02;7.148650e-02;1.114717e-01;8.679052e-02;3.736677e-02;5.563229e-02
8.249336e-02;1.330092e-01;1.951965e-01;5.442740e-02;6.005174e-02;6.427198e-02;1.016423e-01;5.004881e-02;6.905381e-02;7.640453e-02;6.015757e-02;5.324289e-02
7.068615e-02;1.395124e-01;2.129713e-01;5.256278e-02;6.156050e-02;5.268799e-02;9.616701e-02;4.049867e-02;7.841599e-02;6.962800e-02;7.858603e-02;4.672313e-02
9.485549e-02;1.372866e-01;1.654426e-01;6.228722e-02;5.919953e-02;4.532412e-02;9.936837e-02;4.524931e-02;1.101389e-01;5.299680e-02;7.327197e-02;5.457908e-02
1.131675e-01;1.120634e-01;1.381323e-01;6.177017e-02;7.568195e-02;6.018717e-02;1.085803e-01;6.943377e-02;1.217934e-01;5.753233e-02;2.447985e-02;5.717797e-02
9.647079e-02;4.675050e-02;2.061135e-01;7.950539e-02;9.437548e-02;4.569479e-02;1.094085e-01;5.349946e-02;1.082071e-01;7.574649e-02;3.056627e-02;5.366166e-02
9.532215e-02;6.745263e-02;2.642407e-01;6.418706e-02;9.813659e-02;2.935345e-02;7.935891e-02;8.007376e-02;1.008635e-01;6.270627e-02;3.116476e-02;2.714027e-02
8.233626e-02;9.922934e-02;2.598685e-01;4.317342e-02;8.788139e-02;3.676191e-02;7.807545e-02;1.038276e-01;8.887845e-02;5.136120e-02;3.009138e-02;3.851517e-02
1.138857e-01;7.471772e-02;1.190453e-01;5.276170e-02;8.191074e-02;7.777987e-02;1.152279e-01;7.640878e-02;6.330381e-02;6.846792e-02;8.332578e-02;7.316478e-02
1.481929e-01;7.330824e-02;1.295964e-01;4.886894e-02;8.915890e-02;9.134081e-02;1.147476e-01;5.611500e-02;6.427844e-02;5.696613e-02;5.722680e-02;7.019983e-02
1.654321e-01;9.837634e-02;1.097068e-01;6.555228e-02;8.494687e-02;7.927076e-02;1.619717e-01;4.781907e-02;5.296193e-02;4.902751e-02;2.788160e-02;5.705305e-02
1.367734e-01;1.507744e-01;1.284999e-01;6.220375e-02;5.879099e-02;5.913362e-02;2.179962e-01;3.113102e-02;3.674249e-02;4.045104e-02;4.581991e-02;3.168333e-02
1.084066e-01;1.895525e-01;7.530925e-02;4.741314e-02;4.720075e-02;5.991249e-02;2.775814e-01;4.530624e-02;3.375560e-02;3.589183e-02;6.225962e-02;1.741059e-02
7.542418e-02;1.815196e-01;1.071194e-01;2.453841e-02;5.539900e-02;4.288343e-02;2.865654e-01;7.811019e-02;2.704553e-02;2.557720e-02;7.414756e-02;2.167008e-02
4.068264e-02;1.330460e-01;2.353013e-01;1.719867e-02;4.804032e-02;2.686418e-02;2.292854e-01;1.354483e-01;1.712471e-02;1.853753e-02;5.624267e-02;4.222816e-02
1.345410e-02;6.692140e-02;3.544277e-01;2.235740e-02;2.157735e-02;3.256743e-02;1.585378e-01;1.927028e-01;2.425023e-02;1.546745e-02;2.797884e-02;6.975752e-02
1.150633e-02;2.957217e-02;3.958329e-01;3.780008e-02;1.702307e-02;5.894776e-02;1.061753e-01;1.772079e-01;4.783947e-02;1.759863e-02;2.158723e-02;7.890916e-02
1.068481e-02;2.507405e-02;4.054555e-01;5.092256e-02;1.990769e-02;9.098978e-02;9.419595e-02;1.520581e-01;5.645140e-02;1.452651e-02;1.425143e-02;6.548229e-02
1.911492e-02;2.062526e-02;3.737950e-01;6.590901e-02;1.766701e-02;1.125038e-01;1.002058e-01;1.339543e-01;7.192916e-02;1.976643e-02;1.677681e-02;4.775255e-02
1.842126e-02;2.092989e-02;3.413916e-01;7.082352e-02;3.559035e-02;1.103989e-01;1.234034e-01;1.071485e-01;9.176511e-02;2.316870e-02;1.568048e-02;4.127831e-02
1.323909e-02;3.108666e-02;3.361726e-01;6.136722e-02;3.784146e-02;7.686627e-02;1.794883e-01;1.034949e-01;7.536195e-02;2.206450e-02;8.266847e-03;5.475027e-02
1.379078e-02;1.540270e-02;3.055977e-01;5.323840e-02;3.154204e-02;3.640589e-02;2.333300e-01;1.090356e-01;8.341290e-02;3.284704e-02;1.977437e-02;6.562254e-02
1.771292e-02;2.331447e-02;3.046381e-01;2.900086e-02;1.916477e-02;1.329143e-02;2.983611e-01;1.039490e-01;7.839097e-02;3.406316e-02;1.676951e-02;6.134382e-02
1.537819e-02;2.965790e-02;3.109065e-01;2.405031e-02;1.482298e-02;1.088434e-02;3.471631e-01;7.887924e-02;6.505775e-02;3.978730e-02;1.291227e-02;5.050004e-02
2.616206e-02;4.599688e-02;2.479880e-01;2.814720e-02;2.727276e-02;1.942072e-02;3.943752e-01;6.130487e-02;4.836985e-02;3.759094e-02;2.636725e-02;3.700425e-02
5.108410e-02;7.933021e-02;1.663408e-01;2.921731e-02;4.839563e-02;3.998503e-02;4.203092e-01;4.044285e-02;3.980277e-02;2.878139e-02;3.329981e-02;2.301103e-02
6.096182e-02;7.340588e-02;1.179703e-01;4.104983e-02;8.423793e-02;6.481434e-02;3.803003e-01;4.411959e-02;4.607999e-02;3.457599e-02;2.602699e-02;2.645694e-02
2.609466e-02;7.032978e-02;1.767624e-01;4.549275e-02;1.181684e-01;8.050388e-02;1.889825e-01;8.271551e-02;6.700037e-02;3.576109e-02;5.321015e-02;5.497858e-02
3.280009e-02;9.352805e-02;2.489634e-01;4.013231e-02;8.201662e-02;5.634597e-02;1.382501e-01;1.020399e-01;5.627239e-02;4.211311e-02;7.256243e-02;3.497558e-02
5.491120e-02;6.594950e-02;2.598307e-01;4.750277e-02;5.492647e-02;4.212785e-02;1.442518e-01;1.451942e-01;6.882337e-02;5.726685e-02;3.436244e-02;2.485287e-02
7.285015e-02;9.477983e-02;2.080329e-01;4.820086e-02;4.166992e-02;4.643089e-02;1.443372e-01;1.247431e-01;1.188289e-01;5.122221e-02;3.183825e-02;1.706574e-02
7.559330e-02;1.070155e-01;1.694873e-01;5.331803e-02;4.954183e-02;7.648119e-02;1.137351e-01;9.268644e-02;1.122771e-01;7.070018e-02;5.911668e-02;2.004731e-02
7.772171e-02;6.088255e-02;1.371198e-01;5.848432e-02;9.367432e-02;1.435026e-01;1.308288e-01;6.059478e-02;7.639588e-02;7.771501e-02;5.498688e-02;2.809325e-02
9.485295e-02;8.089805e-02;1.727533e-01;6.230607e-02;1.058113e-01;1.053840e-01;1.560652e-01;4.492900e-02;5.239534e-02;4.572921e-02;4.168108e-02;3.719459e-02
1.765461e-01;8.330201e-02;1.516792e-01;2.953273e-02;9.208128e-02;6.708835e-02;9.042129e-02;4.114506e-02;8.096096e-02;5.784616e-02;6.865906e-02;6.073780e-02
1.585917e-01;1.032989e-01;1.497456e-01;4.589001e-02;6.633011e-02;3.646062e-02;5.749669e-02;3.772008e-02;7.737777e-02;1.152150e-01;9.095392e-02;6.091958e-02
1.267948e-01;1.329205e-01;1.089786e-01;5.290237e-02;6.130572e-02;2.697282e-02;3.927723e-02;3.177640e-02;6.942715e-02;1.943028e-01;9.604204e-02;5.929957e-02
1.037394e-01;1.554084e-01;5.575764e-02;3.760293e-02;8.259374e-02;2.889409e-02;2.375156e-02;2.381293e-02;6.624431e-02;2.921676e-01;7.725964e-02;5.276769e-02
9.837282e-02;1.386173e-01;3.309371e-02;3.268159e-02;9.358659e-02;2.108802e-02;1.504003e-02;1.601375e-02;1.131439e-01;3.582100e-01;4.756890e-02;3.258337e-02
7.656028e-02;1.176814e-01;2.137686e-02;2.740207e-02;8.743052e-02;2.047053e-02;2.595375e-02;1.759289e-02;1.053611e-01;4.225522e-01;6.097753e-02;1.664094e-02
3.813282e-02;1.031247e-01;2.444015e-02;1.197567e-02;7.048427e-02;4.447914e-02;1.937058e-02;2.033490e-02;4.808235e-02;4.246620e-01;1.784732e-01;1.644010e-02
2.600011e-02;5.697013e-02;4.790629e-02;9.559609e-03;3.970060e-02;7.935229e-02;3.841744e-02;1.281019e-02;1.588691e-02;2.493243e-01;3.535502e-01;7.052185e-02
3.606246e-02;2.388961e-02;5.757998e-02;3.135880e-02;1.623267e-02;8.001926e-02;1.006136e-01;1.481813e-02;1.479085e-02;8.792118e-02;3.430392e-01;1.936743e-01
8.782741e-02;1.220354e-02;4.287511e-02;7.108241e-02;3.260635e-02;4.601707e-02;1.666531e-01;4.716561e-02;1.501085e-02;4.335161e-02;1.558664e-01;2.793405e-01
1.686340e-01;2.302387e-02;3.432566e-02;7.597727e-02;1.137541e-01;3.868355e-02;1.489383e-01;1.105709e-01;1.036462e-02;2.483037e-02;4.370700e-02;2.071903e-01
2.283924e-01;4.855685e-02;3.316184e-02;3.600102e-02;1.863810e-01;6.999375e-02;9.357765e-02;1.400405e-01;4.522529e-02;1.074998e-02;4.177469e-02;6.614513e-02
2.438406e-01;8.295467e-02;4.333721e-02;1.349448e-02;1.679998e-01;7.817467e-02;6.943431e-02;1.100924e-01;1.159531e-01;1.230100e-02;4.320604e-02;1.921170e-02
2.286761e-01;1.049483e-01;7.834831e-02;1.354856e-02;9.406009e-02;3.332806e-02;6.004991e-02;8.328580e-02;1.934012e-01;3.600968e-02;4.831049e-02;2.603350e-02
2.102096e-01;6.489424e-02;1.508466e-01;2.114687e-02;5.768297e-02;3.530937e-02;5.875898e-02;8.619409e-02;1.667941e-01;5.290927e-02;5.189381e-02;4.336014e-02
1.797394e-01;1.294671e-01;2.682901e-01;2.450792e-02;4.172583e-02;2.367164e-02;4.679522e-02;8.436289e-02;7.448622e-02;3.513992e-02;3.867561e-02;5.313810e-02
1.978177e-01;1.679856e-01;2.372506e-01;9.748862e-03;2.285002e-02;1.497001e-02;4.130249e-02;7.903002e-02;9.500047e-02;1.480454e-02;7.669991e-02;4.253986e-02
2.246680e-01;1.858768e-01;2.367476e-01;1.328765e-02;3.865585e-02;1.901046e-02;3.580278e-02;3.429196e-02;6.720524e-02;1.749852e-02;9.023244e-02;3.672259e-02
2.128123e-01;2.075733e-01;2.180911e-01;1.444735e-02;2.253998e-02;1.298910e-02;3.788827e-02;6.723945e-02;6.035128e-02;2.101108e-02;8.846255e-02;3.659421e-02
2.398908e-01;2.303367e-01;1.796718e-01;9.169283e-03;1.794098e-02;8.963584e-03;2.670146e-02;7.246958e-02;9.905732e-02;1.850798e-02;7.391190e-02;2.337859e-02
2.748673e-01;2.025206e-01;1.360795e-01;1.765253e-02;4.286359e-02;6.325024e-03;3.495421e-02;1.167388e-01;8.933271e-02;1.338519e-02;4.906982e-02;1.621077e-02
2.714549e-01;1.422466e-01;1.045717e-01;4.633595e-02;6.566814e-02;8.881533e-03;6.502890e-02;1.532097e-01;5.793869e-02;1.131160e-02;3.399114e-02;3.936123e-02
1.782166e-01;1.051663e-01;8.080243e-02;9.140095e-02;7.521749e-02;1.207264e-02;1.008855e-01;1.424648e-01;5.009117e-02;2.243187e-02;3.932437e-02;1.019257e-01
7.806201e-02;1.011192e-01;8.686034e-02;1.023389e-01;5.850689e-02;1.991040e-02;1.192008e-01;4.627090e-02;7.396926e-02;4.148532e-02;1.017164e-01;1.705595e-01
8.337563e-02;9.767462e-02;1.254463e-01;6.056214e-02;5.060792e-02;2.575284e-02;9.078260e-02;6.508691e-02;4.371830e-02;7.579727e-02;1.516906e-01;1.295048e-01
8.981550e-02;1.077009e-01;1.311590e-01;6.874077e-02;5.405767e-02;2.832456e-02;7.954350e-02;5.526565e-02;7.174561e-02;1.170410e-01;1.203300e-01;7.627572e-02
1.316947e-01;1.037540e-01;1.512764e-01;1.179361e-01;5.409134e-02;3.665374e-02;4.903120e-02;3.769969e-02;9.707515e-02;1.165805e-01;4.109627e-02;6.311092e-02
8.548880e-02;6.388783e-02;3.595286e-02;1.674688e-01;1.240701e-01;5.204023e-02;6.181777e-02;5.106938e-02;1.498416e-01;9.685022e-02;5.459370e-02;5.691870e-02
9.946343e-02;4.661101e-02;3.192017e-02;1.324089e-01;1.783342e-01;7.847933e-02;6.009518e-02;4.283543e-02;1.619713e-01;1.042891e-01;4.527567e-02;1.831641e-02
8.072621e-02;5.107470e-02;3.391606e-02;1.132295e-01;1.689323e-01;6.975371e-02;8.433349e-02;5.566424e-02;1.930600e-01;9.201030e-02;2.936380e-02;2.793561e-02
5.438467e-02;3.859822e-02;8.320479e-02;1.085702e-01;1.017042e-01;7.713204e-02;9.824357e-02;8.700992e-02;2.302817e-01;6.168900e-02;1.138613e-02;4.779545e-02
1.637533e-02;2.283526e-02;1.456833e-01;7.953131e-02;3.550508e-02;9.309325e-02;8.613632e-02;1.514626e-01;2.187254e-01;4.057672e-02;1.644937e-02;9.362609e-02
1.058332e-02;2.089398e-02;2.106140e-01;3.424411e-02;1.071769e-02;7.807537e-02;7.666131e-02;2.258330e-01;1.225521e-01;3.606955e-02;2.952300e-02;1.442326e-01
1.716861e-02;2.406127e-02;2.245027e-01;1.957040e-02;1.152034e-02;3.851758e-02;1.445488e-01;2.487732e-01;5.003792e-02;4.006047e-02;3.362929e-02;1.476094e-01
4.719796e-02;5.025806e-02;1.831463e-01;1.616791e-02;2.773369e-02;1.884946e-02;2.376080e-01;1.847065e-01;4.353010e-02;2.804162e-02;5.548045e-02;1.072799e-01
7.226984e-02;9.188427e-02;1.119414e-01;9.759395e-03;4.023079e-02;1.337324e-02;3.512694e-01;1.288921e-01;2.559926e-02;1.049106e-02;9.874598e-02;4.554326e-02
5.768506e-02;1.175492e-01;6.088979e-02;7.056911e-03;3.782558e-02;2.085054e-02;4.046264e-01;1.245143e-01;2.392713e-02;1.104310e-02;1.161239e-01;1.790818e-02
3.212623e-02;1.363352e-01;2.421354e-02;3.465186e-03;2.898903e-02;2.754877e-02;4.567677e-01;9.924120e-02;3.314710e-02;1.697184e-02;1.290109e-01;1.218322e-02
1.853790e-02;1.353956e-01;2.253495e-02;3.480429e-03;2.524102e-02;2.550962e-02;4.626689e-01;1.012392e-01;3.345179e-02;1.328926e-02;1.477963e-01;1.085500e-02
1.522423e-02;1.227787e-01;2.053726e-02;3.726291e-03;2.594142e-02;2.072424e-02;4.441195e-01;1.070971e-01;3.359929e-02;1.320846e-02;1.858609e-01;7.182640e-03
1.009043e-02;1.197377e-01;1.364917e-02;3.321496e-03;2.607598e-02;1.736742e-02;4.229887e-01;9.516019e-02;4.717318e-02;1.326582e-02;2.166249e-01;1.454501e-02
1.434268e-02;1.176548e-01;1.052804e-02;6.841497e-03;2.386914e-02;2.620189e-02;4.048759e-01;6.680675e-02;6.189179e-02;3.238354e-02;2.236049e-01;1.099913e-02
2.831488e-02;1.121418e-01;1.163355e-02;1.576595e-02;1.806447e-02;4.416711e-02;3.746544e-01;4.939310e-02;5.988254e-02;7.769469e-02;1.980454e-01;1.024214e-02
4.734062e-02;9.636785e-02;1.609777e-02;2.907233e-02;1.662190e-02;8.647904e-02;2.940858e-01;4.182734e-02;4.749928e-02;1.500777e-01;1.592544e-01;1.527602e-02
6.971502e-02;8.225775e-02;3.220754e-02;4.416631e-02;3.105566e-02;1.350269e-01;1.965754e-01;5.773992e-02;2.649661e-02;1.791555e-01;1.231185e-01;2.248480e-02
7.139397e-02;6.480358e-02;7.355004e-02;6.157777e-02;6.177852e-02;1.432106e-01;1.623964e-01;6.139911e-02;4.097101e-02;1.340482e-01;9.676690e-02;2.810393e-02
5.985430e-02;4.305472e-02;1.028255e-01;7.017322e-02;8.120333e-02;1.423239e-01;2.076265e-01;5.310180e-02;5.379489e-02;9.194455e-02;6.252850e-02;3.156886e-02
5.371766e-02;8.645564e-02;4.860860e-02;4.317055e-02;7.871626e-02;1.066730e-01;4.170057e-01;3.753393e-02;3.973187e-02;4.608066e-02;1.637150e-02;2.593462e-02
3.668251e-02;9.962843e-02;5.256842e-02;1.849292e-02;5.211503e-02;5.298883e-02;5.373412e-01;4.879129e-02;1.767930e-02;3.462498e-02;3.675038e-02;1.233676e-02
3.098536e-02;8.033992e-02;1.006268e-01;1.909883e-02;4.250074e-02;4.626563e-02;5.207326e-01;5.129461e-02;2.826743e-02;2.809883e-02;3.237564e-02;1.941362e-02
1.653042e-02;4.616183e-02;1.799784e-01;3.614400e-02;3.200538e-02;3.412205e-02;4.502968e-01;7.190096e-02;3.575187e-02;4.435368e-02;1.635973e-02;3.639485e-02
2.862977e-02;2.789878e-02;1.941263e-01;6.941630e-02;2.511431e-02;2.092449e-02;3.217713e-01;5.920901e-02;9.213106e-02;8.391632e-02;3.747246e-02;3.938987e-02
4.827321e-02;5.169104e-02;1.213038e-01;9.405833e-02;5.091839e-02;1.988493e-02;1.756389e-01;4.409682e-02;1.153868e-01;1.635131e-01;8.816294e-02;2.707165e-02
7.081676e-02;9.172907e-02;1.373731e-01;5.880031e-02;5.524214e-02;4.509602e-02;8.814687e-02;2.347434e-02;5.795458e-02;1.590475e-01;1.451008e-01;6.721858e-02
1.842188e-01;1.035266e-01;1.454978e-01;4.925005e-02;3.172218e-02;4.307284e-02;9.407347e-02;3.930003e-02;2.643258e-02;6.647367e-02;1.171812e-01;9.925080e-02
2.450549e-01;1.502581e-01;2.036636e-01;4.180146e-02;2.151896e-02;2.355824e-02;7.223561e-02;4.105193e-02;3.880561e-02;3.358202e-02;5.415197e-02;7.431767e-02
1.520716e-01;1.707005e-01;4.234813e-01;3.389899e-02;1.608556e-02;1.503611e-02;3.547166e-02;2.297272e-02;4.881664e-02;3.295734e-02;1.786054e-02;3.064707e-02
3.581183e-02;1.082845e-01;6.295735e-01;5.426334e-02;2.711160e-02;1.392219e-02;2.191256e-02;1.143541e-02;3.131350e-02;4.718311e-02;1.075188e-02;8.436561e-03
1.661048e-02;3.424153e-02;6.332892e-01;1.116502e-01;5.884093e-02;1.933836e-02;2.337370e-02;1.234523e-02;1.692592e-02;4.212144e-02;2.547821e-02;5.784817e-03
9.634143e-03;1.427189e-02;4.733210e-01;1.557966e-01;1.383894e-01;4.329863e-02;3.815367e-02;1.835353e-02;1.350139e-02;3.611593e-02;3.864706e-02;2.051672e-02
8.082299e-03;1.527855e-02;2.654417e-01;1.160616e-01;2.376478e-01;9.608879e-02;1.076857e-01;1.466083e-02;2.935359e-02;3.551413e-02;2.853816e-02;4.564692e-02
2.356836e-02;9.343646e-03;1.414050e-01;4.228927e-02;2.520184e-01;1.745236e-01;2.269552e-01;1.156852e-02;4.666091e-02;2.163726e-02;7.245780e-03;4.278401e-02
4.299848e-02;8.337308e-03;8.551012e-02;1.250146e-02;1.932302e-01;2.246565e-01;3.380708e-01;2.247977e-02;3.876545e-02;9.332089e-03;4.559008e-03;1.955876e-02
5.295735e-02;1.149517e-02;6.658437e-02;1.410470e-02;1.837088e-01;2.402876e-01;3.303998e-01;3.647724e-02;2.817890e-02;1.101559e-02;8.067616e-03;1.672289e-02
6.286866e-02;1.518796e-02;1.221872e-01;3.577201e-02;2.907598e-01;2.435094e-01;8.821716e-02;3.676825e-02;3.197693e-02;1.710076e-02;1.269652e-02;4.295532e-02
1.893503e-02;8.995111e-03;9.289244e-02;3.257772e-02;2.924212e-01;1.856425e-01;2.691172e-01;1.970248e-02;2.148707e-02;1.189696e-02;4.067748e-03;4.226463e-02
1.617297e-02;4.884616e-03;7.652223e-02;2.814831e-02;3.229933e-01;2.141583e-01;2.636658e-01;1.283702e-02;1.303098e-02;8.325107e-03;5.707795e-03;3.355359e-02
2.427632e-02;1.151429e-02;1.023108e-01;3.158760e-02;2.522228e-01;2.029461e-01;2.748755e-01;1.664843e-02;2.086774e-02;1.801278e-02;1.747723e-02;2.726046e-02
5.346531e-02;1.282778e-02;7.485810e-02;2.119691e-02;1.649045e-01;2.298185e-01;3.195214e-01;1.914622e-02;2.160743e-02;3.433412e-02;2.246646e-02;2.585325e-02
6.384403e-02;4.392247e-03;3.534159e-02;1.173115e-02;1.661699e-01;2.817531e-01;2.851664e-01;1.560588e-02;2.266662e-02;4.907213e-02;1.404001e-02;5.021691e-02
4.251951e-02;3.318059e-03;3.154442e-02;3.579321e-02;2.436163e-01;2.358133e-01;1.567562e-01;1.222719e-02;4.840796e-02;3.931545e-02;1.628832e-02;1.344002e-01
2.194819e-02;5.077859e-03;5.424258e-02;8.818515e-02;2.810479e-01;1.488408e-01;6.349211e-02;1.592968e-02;5.831078e-02;2.224144e-02;5.271519e-02;1.879684e-01
8.035713e-03;1.176626e-02;1.277442e-01;1.728398e-01;2.058022e-01;6.932283e-02;2.082205e-02;3.064840e-02;3.663534e-02;2.157995e-02;1.360569e-01;1.587464e-01
1.266662e-02;2.451934e-02;2.798844e-01;2.018007e-01;8.713146e-02;2.700667e-02;1.906869e-02;3.493360e-02;1.963328e-02;4.693592e-02;1.706730e-01;7.574634e-02
3.042451e-02;5.411196e-02;4.127088e-01;1.542809e-01;3.919030e-02;1.615208e-02;3.003126e-02;2.148237e-02;2.709469e-02;7.523832e-02;1.081827e-01;3.110209e-02
4.959407e-02;8.584423e-02;4.670053e-01;1.057878e-01;1.925290e-02;2.520281e-02;3.953723e-02;1.519422e-02;4.290654e-02;8.490536e-02;3.858578e-02;2.618371e-02
6.475922e-02;9.101538e-02;3.975981e-01;7.629047e-02;5.339150e-02;4.726341e-02;5.109453e-02;1.663717e-02;4.926749e-02;6.516635e-02;5.163541e-02;3.588097e-02
8.983450e-02;5.924281e-02;2.647223e-01;7.147668e-02;1.029267e-01;6.498680e-02;3.944983e-02;3.846754e-02;5.834496e-02;4.354640e-02;1.015951e-01;6.540645e-02
3.016851e-02;7.981922e-02;2.504680e-01;1.121842e-01;7.660395e-02;4.191910e-02;4.451547e-02;3.311076e-02;5.520343e-02;9.152439e-02;1.229066e-01;6.157633e-02
3.166651e-02;8.109108e-02;2.373638e-01;1.313580e-01;6.454220e-02;2.520502e-02;5.531638e-02;3.292789e-02;6.832926e-02;1.181047e-01;1.030673e-01;5.102793e-02
2.949231e-02;8.496407e-02;2.699568e-01;8.637766e-02;5.591211e-02;4.016550e-02;2.535378e-02;4.243656e-02;7.043874e-02;1.351261e-01;1.219996e-01;3.777680e-02
4.133714e-02;1.020340e-01;1.640348e-01;3.642913e-02;5.918219e-02;5.600915e-02;3.228331e-02;4.285726e-02;6.971987e-02;1.729516e-01;1.700466e-01;5.311485e-02
4.803444e-02;1.047004e-01;8.727589e-02;3.476835e-02;7.052059e-02;5.972363e-02;5.934989e-02;4.069380e-02;6.419072e-02;2.297282e-01;1.498908e-01;5.112340e-02
4.634591e-02;9.073749e-02;7.129170e-02;2.750076e-02;7.555706e-02;6.357244e-02;4.482681e-02;4.112944e-02;4.337592e-02;2.749389e-01;1.794865e-01;4.123711e-02
3.162595e-02;8.557411e-02;5.558992e-02;2.591160e-02;9.922129e-02;5.881476e-02;2.113727e-02;4.830991e-02;5.078305e-02;3.171350e-01;1.708524e-01;3.504474e-02
2.664541e-02;8.034150e-02;2.788804e-02;4.197086e-02;1.392650e-01;4.018778e-02;1.667201e-02;4.268265e-02;8.343843e-02;3.442192e-01;1.349065e-01;2.178264e-02
4.488070e-02;5.276787e-02;4.192457e-02;7.890172e-02;1.348209e-01;2.751082e-02;5.097545e-02;3.494183e-02;1.178862e-01;3.009119e-01;1.018179e-01;1.266011e-02
8.224969e-02;2.363019e-02;6.490052e-02;1.266240e-01;9.272640e-02;3.122505e-02;7.078112e-02;3.288129e-02;1.590475e-01;2.318353e-01;6.703965e-02;1.705935e-02
8.135376e-02;1.967395e-02;8.164650e-02;1.723500e-01;5.250217e-02;2.053272e-02;7.000460e-02;3.275964e-02;1.877322e-01;1.965022e-01;6.726399e-02;1.767826e-02
8.517389e-02;1.105556e-02;7.097144e-02;2.077809e-01;3.853492e-02;1.336738e-02;6.706863e-02;4.504589e-02;1.910288e-01;1.890836e-01;7.149137e-02;9.397599e-03
7.501601e-02;1.601218e-02;8.058190e-02;2.071972e-01;4.194224e-02;1.522537e-02;7.787191e-02;4.460815e-02;1.639460e-01;1.721658e-01;8.584438e-02;1.958889e-02
5.052128e-02;1.226027e-02;1.084741e-01;1.473086e-01;4.246001e-02;2.120135e-02;1.920717e-01;4.308855e-02;1.231727e-01;1.439148e-01;7.785707e-02;3.766956e-02
