6.122772e-02;1.076480e-01;9.336257e-02;6.420447e-02;1.080146e-01;1.364515e-01;3.527599e-02;8.406080e-02;1.522256e-01;6.809686e-02;4.367480e-02;4.575706e-02
5.512378e-02;6.659827e-02;4.408840e-02;7.919194e-02;1.503150e-01;1.006781e-01;2.590074e-02;1.234791e-01;2.201520e-01;8.017084e-02;2.853408e-02;2.576779e-02
4.105649e-02;4.975630e-02;2.619452e-02;8.861544e-02;1.615590e-01;6.453711e-02;1.233928e-02;1.647933e-01;2.804577e-01;7.663696e-02;2.439831e-02;9.655634e-03
3.262819e-02;3.907077e-02;2.547318e-02;8.113063e-02;1.467936e-01;5.171236e-02;1.692286e-02;1.867189e-01;2.948328e-01;8.436283e-02;2.853593e-02;1.181795e-02
1.339596e-02;4.041466e-02;5.409618e-02;5.467367e-02;1.190104e-01;8.615328e-02;2.890626e-02;2.077705e-01;2.650629e-01;9.313291e-02;2.353495e-02;1.384836e-02
1.878083e-02;5.686233e-02;7.098188e-02;3.474924e-02;9.005863e-02;7.837743e-02;3.280104e-02;2.228557e-01;2.758679e-01;7.279866e-02;2.850760e-02;1.735881e-02
2.720624e-02;5.347708e-02;8.033689e-02;3.310812e-02;7.336410e-02;7.022957e-02;1.975986e-02;1.916594e-01;3.746033e-01;3.491299e-02;2.804051e-02;1.330188e-02
1.667003e-02;4.158070e-02;7.134128e-02;3.740635e-02;7.502058e-02;8.228489e-02;2.281206e-02;2.417487e-01;3.466763e-01;4.045333e-02;1.610021e-02;7.905594e-03
1.608074e-02;4.195843e-02;4.765785e-02;6.187381e-02;8.653419e-02;6.545043e-02;2.143266e-02;2.739000e-01;3.349662e-01;3.294345e-02;1.223319e-02;4.968972e-03
1.845605e-02;4.457969e-02;5.322666e-02;7.463408e-02;8.431612e-02;3.260284e-02;1.594663e-02;2.911479e-01;3.449595e-01;2.334521e-02;1.412370e-02;2.661653e-03
1.353347e-02;2.574839e-02;5.495848e-02;4.148014e-02;5.754165e-02;3.727674e-02;1.659028e-02;3.881669e-01;3.264877e-01;1.597827e-02;1.341200e-02;8.825922e-03
1.452179e-02;3.819831e-02;6.215988e-02;7.800750e-03;3.041960e-02;6.072319e-02;2.010255e-02;4.436455e-01;2.735772e-01;2.285985e-02;1.274522e-02;1.324603e-02
1.988951e-02;4.675702e-02;6.329048e-02;2.075250e-02;3.598068e-02;1.374833e-01;3.648746e-02;3.657756e-01;2.227375e-01;2.648959e-02;9.921865e-03;1.443447e-02
2.413513e-02;4.703118e-02;6.228479e-02;4.796258e-02;6.308776e-02;2.177338e-01;3.941392e-02;2.392173e-01;1.950964e-01;3.267843e-02;1.653172e-02;1.482698e-02
4.682561e-02;9.018504e-02;1.158905e-01;5.137592e-02;6.960620e-02;1.335125e-01;4.635215e-02;1.796300e-01;1.423568e-01;5.963169e-02;3.746173e-02;2.717190e-02
6.532999e-02;1.328069e-01;1.597944e-01;5.360462e-02;6.350367e-02;1.158910e-01;6.080017e-02;9.759008e-02;9.522415e-02;7.225948e-02;4.674597e-02;3.644956e-02
5.989658e-02;1.301480e-01;1.788529e-01;6.344639e-02;5.620475e-02;1.250725e-01;8.059502e-02;9.033876e-02;7.610472e-02;6.382590e-02;3.658308e-02;3.893140e-02
4.818049e-02;9.329595e-02;1.645699e-01;6.333163e-02;5.431220e-02;1.223988e-01;1.531719e-01;1.093050e-01;5.819141e-02;4.508081e-02;3.585947e-02;5.230239e-02
3.026205e-02;1.127980e-01;8.407906e-02;6.400319e-02;3.789370e-02;7.166919e-02;2.637650e-01;1.504156e-01;4.514101e-02;2.672288e-02;3.480740e-02;7.844280e-02
2.589815e-02;9.152831e-02;4.547114e-02;5.686498e-02;3.206841e-02;5.319823e-02;2.951980e-01;1.786688e-01;5.551649e-02;2.688121e-02;2.889345e-02;1.098129e-01
4.137427e-02;5.011185e-02;6.367851e-02;4.192960e-02;2.907084e-02;7.721343e-02;2.518883e-01;1.436767e-01;7.239128e-02;2.677333e-02;6.362366e-02;1.382683e-01
7.191095e-02;3.554868e-02;1.211413e-01;2.080219e-02;2.203449e-02;1.094176e-01;1.644395e-01;6.636788e-02;9.156648e-02;1.833292e-02;1.231471e-01;1.552908e-01
1.192513e-01;2.526687e-02;1.965237e-01;2.081871e-02;1.022370e-02;1.386033e-01;7.468022e-02;3.157487e-02;7.966314e-02;1.656532e-02;1.731434e-01;1.136855e-01
1.360904e-01;2.677891e-02;2.579408e-01;2.219477e-02;1.027041e-02;1.638412e-01;2.518737e-02;2.463999e-02;4.425757e-02;1.816057e-02;2.168010e-01;5.383708e-02
1.183520e-01;5.127734e-02;2.817034e-01;2.684474e-02;1.219064e-02;1.743492e-01;3.007659e-02;2.865218e-02;1.976954e-02;1.594874e-02;2.077628e-01;3.307275e-02
8.433500e-02;6.308885e-02;2.506440e-01;2.918928e-02;1.360248e-02;2.011710e-01;4.462390e-02;4.512071e-02;2.568850e-02;2.583599e-02;1.849085e-01;3.179182e-02
7.181805e-02;6.939191e-02;1.912323e-01;3.362940e-02;2.424832e-02;2.485741e-01;5.304386e-02;7.615673e-02;4.071765e-02;2.655657e-02;1.318010e-01;3.283009e-02
6.271870e-02;1.031068e-01;1.226958e-01;5.325970e-02;4.758885e-02;2.571297e-01;6.271581e-02;9.305845e-02;4.871951e-02;2.583102e-02;8.917800e-02;3.399776e-02
4.258678e-02;1.207076e-01;1.100866e-01;6.032661e-02;4.120197e-02;2.207385e-01;6.500041e-02;9.662792e-02;4.803433e-02;3.540062e-02;1.324831e-01;2.680560e-02
6.577841e-02;1.306967e-01;7.887055e-02;4.266053e-02;4.262942e-02;2.349665e-01;6.048048e-02;9.503931e-02;3.141631e-02;3.793104e-02;1.545728e-01;2.495801e-02
8.028333e-02;1.113539e-01;1.717519e-01;1.955477e-02;3.835031e-02;2.458888e-01;2.866512e-02;7.214846e-02;3.486774e-02;2.536662e-02;1.487698e-01;2.299920e-02
7.386970e-02;7.836461e-02;2.016155e-01;1.505138e-02;2.037296e-02;2.171199e-01;2.796850e-02;5.026315e-02;6.154111e-02;3.017508e-02;2.047140e-01;1.894409e-02
5.930511e-02;5.599467e-02;1.730586e-01;2.426459e-02;2.677187e-02;1.925398e-01;3.142720e-02;5.239728e-02;6.574689e-02;4.332453e-02;2.516908e-01;2.347865e-02
5.219126e-02;8.494268e-02;1.553237e-01;3.266452e-02;4.329453e-02;1.542309e-01;1.187193e-02;7.961583e-02;6.495139e-02;5.534180e-02;2.385328e-01;2.703864e-02
3.899817e-02;1.139616e-01;1.213009e-01;4.295001e-02;5.651524e-02;1.297459e-01;4.944696e-02;1.124909e-01;7.259431e-02;6.050868e-02;1.486743e-01;5.281295e-02
4.553029e-02;9.501499e-02;7.375956e-02;5.494232e-02;5.958117e-02;1.245969e-01;5.083156e-02;1.800281e-01;1.025111e-01;5.808077e-02;5.717314e-02;9.795013e-02
5.349400e-02;9.743256e-02;1.178147e-01;3.731082e-02;3.732371e-02;6.576964e-02;5.119346e-02;1.490657e-01;8.384734e-02;3.943237e-02;2.047249e-01;6.259083e-02
5.968738e-02;9.352212e-02;1.429659e-01;3.279842e-02;2.077734e-02;1.167958e-01;8.811087e-02;1.067976e-01;5.348483e-02;3.519498e-02;2.206702e-01;2.919460e-02
7.537874e-02;5.978451e-02;1.330796e-01;4.362978e-02;3.991790e-02;1.008705e-01;1.463260e-01;1.070906e-01;6.378034e-02;3.594055e-02;1.241095e-01;7.009191e-02
5.069728e-02;4.577922e-02;1.520133e-01;4.560490e-02;5.178893e-02;9.713068e-02;1.838673e-01;1.015947e-01;5.166215e-02;2.826397e-02;1.055753e-01;8.602227e-02
2.802337e-02;7.711148e-02;1.571586e-01;3.505025e-02;3.810737e-02;1.444154e-01;1.583384e-01;8.687108e-02;3.915530e-02;4.799723e-02;1.104247e-01;7.734679e-02
3.669371e-02;1.166469e-01;2.016982e-01;3.330293e-02;2.511654e-02;1.233560e-01;9.989119e-02;8.397671e-02;5.395634e-02;4.301839e-02;1.204494e-01;6.189366e-02
3.945405e-02;1.207664e-01;2.184466e-01;3.475304e-02;3.049917e-02;1.444462e-01;6.293165e-02;9.589051e-02;7.374652e-02;3.038951e-02;9.559681e-02;5.307954e-02
4.086909e-02;7.103699e-02;2.087799e-01;3.276394e-02;3.070841e-02;1.416508e-01;5.742543e-02;9.861743e-02;7.956586e-02;4.293212e-02;1.500183e-01;4.563171e-02
5.043595e-02;6.815053e-02;2.124981e-01;3.232170e-02;3.553335e-02;1.078468e-01;5.175892e-02;9.029677e-02;9.975407e-02;4.290230e-02;1.601664e-01;4.833495e-02
3.599601e-02;5.793979e-02;1.611136e-01;3.747452e-02;3.529438e-02;1.034035e-01;5.079851e-02;1.381823e-01;1.460080e-01;4.593368e-02;1.176568e-01;7.019891e-02
2.319003e-02;6.426195e-02;1.763442e-01;4.201775e-02;3.092531e-02;1.200369e-01;7.296970e-02;1.522789e-01;1.241034e-01;4.252212e-02;6.815363e-02;8.319619e-02
3.263892e-02;5.821283e-02;1.833144e-01;3.809065e-02;3.647874e-02;1.149533e-01;9.290320e-02;1.170172e-01;9.923876e-02;4.491891e-02;1.181391e-01;6.409393e-02
4.747272e-02;7.266074e-02;1.941629e-01;4.752382e-02;3.987405e-02;1.381243e-01;8.542823e-02;1.019967e-01;8.442998e-02;4.620139e-02;1.071863e-01;3.493885e-02
4.941975e-02;8.842259e-02;1.778288e-01;6.285781e-02;3.079201e-02;1.569099e-01;5.791720e-02;1.101911e-01;8.018949e-02;5.371416e-02;8.310174e-02;4.865553e-02
7.376825e-02;9.451974e-02;1.580115e-01;5.368483e-02;3.773573e-02;1.875602e-01;5.146897e-02;8.532998e-02;8.025463e-02;4.931991e-02;5.382612e-02;7.452013e-02
7.350023e-02;1.084949e-01;2.027226e-01;3.406804e-02;2.983403e-02;1.688003e-01;2.904869e-02;8.705787e-02;5.908351e-02;4.141284e-02;9.605750e-02;6.991949e-02
3.638051e-02;1.391152e-01;2.835256e-01;2.451107e-02;3.185192e-02;1.110053e-01;4.434051e-02;6.819525e-02;3.299220e-02;3.287448e-02;1.442929e-01;5.091508e-02
3.518836e-02;1.184095e-01;3.018829e-01;2.085039e-02;3.509042e-02;8.331226e-02;5.527729e-02;8.157771e-02;4.767513e-02;2.278076e-02;1.440511e-01;5.390417e-02
4.683191e-02;8.342693e-02;2.553224e-01;3.789856e-02;2.899185e-02;1.089846e-01;5.004383e-02;9.787527e-02;5.052115e-02;2.589850e-02;1.285884e-01;8.561660e-02
4.466196e-02;8.482944e-02;1.507538e-01;3.135896e-02;3.553836e-02;1.699863e-01;4.894204e-02;9.398437e-02;5.845407e-02;3.100638e-02;1.613925e-01;8.909187e-02
4.717422e-02;6.332482e-02;8.854859e-02;3.633282e-02;3.265543e-02;1.783835e-01;4.463596e-02;1.171282e-01;8.978807e-02;2.953455e-02;2.143308e-01;5.816307e-02
3.579940e-02;9.662896e-02;1.364455e-01;4.493818e-02;2.449552e-02;1.441692e-01;3.907106e-02;1.205383e-01;9.020431e-02;2.589510e-02;1.842694e-01;5.754498e-02
2.454105e-02;1.049600e-01;2.569900e-01;4.357183e-02;3.320101e-02;1.556611e-01;4.401824e-02;1.001514e-01;6.386916e-02;3.524283e-02;9.762274e-02;4.017059e-02
2.901197e-02;7.405902e-02;2.623211e-01;5.710641e-02;3.035021e-02;1.415542e-01;8.386857e-02;6.447634e-02;7.628901e-02;5.355182e-02;8.543235e-02;4.197906e-02
3.125596e-02;7.442864e-02;1.674178e-01;7.384100e-02;3.696384e-02;9.583943e-02;1.408744e-01;9.908798e-02;7.692748e-02;6.362901e-02;4.806622e-02;9.166823e-02
2.675769e-02;6.012374e-02;1.159371e-01;6.706653e-02;2.799055e-02;5.515778e-02;1.735232e-01;1.058512e-01;9.066434e-02;5.793879e-02;7.819890e-02;1.407901e-01
2.668972e-02;4.263035e-02;1.029802e-01;3.833471e-02;1.376981e-02;1.268847e-01;1.370845e-01;6.847843e-02;8.697543e-02;4.754119e-02;1.676426e-01;1.409884e-01
2.171286e-02;4.935520e-02;1.284174e-01;2.031580e-02;2.832469e-02;1.644855e-01;7.414660e-02;4.684148e-02;6.547513e-02;6.041232e-02;2.391787e-01;1.013343e-01
2.855937e-02;9.205945e-02;1.346186e-01;2.551068e-02;5.570462e-02;1.361306e-01;5.028984e-02;5.526302e-02;6.224069e-02;9.022996e-02;2.069671e-01;6.242605e-02
7.058883e-02;1.358511e-01;1.077981e-01;7.864527e-02;6.172492e-02;7.065761e-02;4.898710e-02;7.523025e-02;1.224429e-01;9.731009e-02;1.033392e-01;2.742467e-02
8.184508e-02;8.908587e-02;5.209255e-02;1.481687e-01;3.465893e-02;6.186986e-02;4.008301e-02;9.637032e-02;1.462709e-01;9.788141e-02;8.677652e-02;6.489688e-02
5.656593e-02;6.512624e-02;9.222412e-02;1.380063e-01;3.953101e-02;7.047164e-02;5.018777e-02;1.096866e-01;1.219042e-01;9.858046e-02;9.487291e-02;6.284271e-02
3.313067e-02;8.065294e-02;9.182867e-02;8.572961e-02;1.220017e-01;5.779143e-02;5.093553e-02;8.690064e-02;1.216968e-01;8.136978e-02;1.183618e-01;6.960043e-02
3.214095e-02;8.053477e-02;9.220081e-02;7.119996e-02;1.739835e-01;7.546537e-02;4.248817e-02;6.446106e-02;1.045179e-01;7.074644e-02;1.348433e-01;5.741785e-02
4.384954e-02;1.001163e-01;1.258767e-01;1.149178e-01;1.062919e-01;9.710874e-02;6.790867e-02;5.846755e-02;9.060439e-02;7.775766e-02;8.532568e-02;3.177514e-02
4.505751e-02;1.475223e-01;9.519878e-02;9.195993e-02;4.964442e-02;1.076289e-01;5.317661e-02;1.321723e-01;1.148264e-01;6.723881e-02;6.378949e-02;3.178449e-02
1.725958e-02;1.284875e-01;1.056329e-01;8.117920e-02;4.805757e-02;9.886143e-02;6.474494e-02;1.549527e-01;8.207346e-02;4.412607e-02;1.423719e-01;3.225283e-02
3.942958e-02;1.314033e-01;1.128545e-01;7.483143e-02;5.822731e-02;7.978875e-02;7.816201e-02;1.390008e-01;6.440767e-02;2.538888e-02;1.411558e-01;5.534990e-02
7.887421e-02;1.441038e-01;1.070187e-01;5.045528e-02;7.680806e-02;1.008800e-01;5.272000e-02;9.087686e-02;6.681371e-02;3.767885e-02;9.300143e-02;1.007691e-01
9.698649e-02;6.431065e-02;1.243045e-01;1.967104e-02;6.593680e-02;2.349011e-01;2.623608e-02;7.400637e-02;7.509772e-02;5.454611e-02;9.633090e-02;6.767227e-02
5.883480e-02;3.082395e-02;9.641464e-02;1.573842e-02;7.094086e-02;3.259171e-01;4.156177e-02;5.683750e-02;8.143559e-02;4.394270e-02;1.388653e-01;3.868731e-02
3.649040e-02;3.985018e-02;8.304176e-02;2.290122e-02;8.549613e-02;3.877778e-01;2.147250e-02;4.542071e-02;6.355231e-02;2.703902e-02;1.612224e-01;2.573553e-02
2.694683e-02;2.556817e-02;9.146594e-02;1.473466e-02;7.024677e-02;3.977305e-01;3.895175e-02;3.956221e-02;5.230182e-02;3.179588e-02;1.905919e-01;2.010356e-02
1.703502e-02;1.893190e-02;1.030483e-01;1.002469e-02;3.476601e-02;3.888953e-01;5.043872e-02;2.522187e-02;5.977335e-02;3.039096e-02;2.291392e-01;3.233475e-02
9.092877e-03;2.394639e-02;1.020282e-01;1.029361e-02;1.200559e-02;3.524814e-01;1.005863e-01;1.985136e-02;6.571887e-02;2.591369e-02;2.371711e-01;4.091056e-02
2.020164e-02;3.219125e-02;1.044006e-01;1.459401e-02;1.936094e-02;2.939598e-01;1.169266e-01;2.039168e-02;6.578529e-02;3.230502e-02;2.342366e-01;4.564653e-02
1.987567e-02;2.159717e-02;1.442760e-01;1.438903e-02;2.308947e-02;2.961081e-01;8.615758e-02;1.769058e-02;5.486563e-02;4.445922e-02;2.403501e-01;3.714151e-02
1.503674e-02;1.520222e-02;2.046338e-01;6.743710e-03;2.630762e-02;3.215932e-01;4.054390e-02;1.142428e-02;3.197658e-02;6.616254e-02;2.219841e-01;3.839123e-02
9.611927e-03;1.618363e-02;2.520106e-01;1.104593e-02;1.539260e-02;3.136533e-01;4.919262e-02;1.280571e-02;2.303971e-02;8.242805e-02;1.877031e-01;2.693282e-02
1.084767e-02;2.674490e-02;2.769730e-01;1.831584e-02;9.521246e-03;2.827866e-01;7.910357e-02;1.376164e-02;2.354229e-02;7.666428e-02;1.578553e-01;2.388355e-02
1.017926e-02;2.454816e-02;2.859482e-01;1.758493e-02;2.231287e-02;2.690139e-01;8.948937e-02;1.553760e-02;2.219210e-02;6.505877e-02;1.469318e-01;3.120298e-02
1.119516e-02;5.115679e-02;2.958982e-01;1.919548e-02;2.061683e-02;2.623081e-01;5.930682e-02;2.248686e-02;3.701025e-02;5.577506e-02;1.352839e-01;2.976662e-02
1.498766e-02;3.939382e-02;3.391232e-01;1.425617e-02;2.399474e-02;2.553891e-01;3.254383e-02;2.747462e-02;6.206928e-02;4.862140e-02;1.086031e-01;3.354309e-02
1.606585e-02;7.453885e-02;2.950651e-01;2.339349e-02;3.154048e-02;1.949782e-01;5.389922e-02;4.730168e-02;1.075576e-01;6.432684e-02;6.158179e-02;2.975100e-02
1.267817e-02;1.168622e-01;1.587244e-01;2.165226e-02;4.648194e-02;1.420128e-01;5.278853e-02;6.946085e-02;1.590901e-01;7.425025e-02;1.174082e-01;2.859028e-02
8.478954e-03;1.101402e-01;1.254084e-01;3.010668e-02;6.730184e-02;1.820784e-01;4.802986e-02;6.835039e-02;1.578567e-01;5.458409e-02;1.154577e-01;3.220667e-02
1.640678e-02;1.016902e-01;8.852155e-02;1.790103e-02;6.509158e-02;2.703524e-01;2.482940e-02;5.378193e-02;1.592676e-01;7.023348e-02;9.633579e-02;3.558828e-02
1.747402e-02;7.664659e-02;6.771776e-02;1.430345e-02;8.740098e-02;2.341838e-01;3.328145e-02;7.036991e-02;1.765782e-01;8.186108e-02;1.030273e-01;3.715548e-02
1.262602e-02;7.217493e-02;6.757511e-02;2.955229e-02;8.731391e-02;2.039995e-01;2.964749e-02;9.969473e-02;1.898057e-01;7.903098e-02;9.671644e-02;3.186293e-02
1.491713e-02;5.323568e-02;6.515708e-02;3.224071e-02;9.105444e-02;2.662494e-01;7.124840e-02;9.595540e-02;1.337904e-01;6.705586e-02;7.888579e-02;3.020973e-02
1.841509e-02;4.094527e-02;5.963593e-02;2.881521e-02;7.843008e-02;3.374390e-01;6.684427e-02;6.696375e-02;1.119760e-01;6.232291e-02;1.037160e-01;2.449650e-02
2.175449e-02;2.089056e-02;5.159773e-02;1.076532e-02;5.488744e-02;4.374180e-01;6.644949e-02;3.329510e-02;8.770651e-02;6.609925e-02;1.312984e-01;1.783769e-02
1.889781e-02;1.294232e-02;5.205010e-02;7.195572e-03;3.145373e-02;4.502644e-01;7.713901e-02;1.932628e-02;8.186324e-02;8.752785e-02;1.408425e-01;2.049716e-02
1.633807e-02;1.021947e-02;5.835141e-02;8.852553e-03;1.070258e-02;4.273565e-01;9.286945e-02;1.994753e-02;1.114284e-01;9.581001e-02;1.243479e-01;2.377624e-02
1.334427e-02;1.024903e-02;6.325044e-02;9.173629e-03;1.566743e-02;4.048993e-01;1.263625e-01;1.848041e-02;1.321928e-01;8.444799e-02;9.988244e-02;2.204982e-02
1.186142e-02;9.231960e-03;5.636609e-02;5.497007e-03;1.898265e-02;4.116483e-01;1.349152e-01;1.454340e-02;1.393398e-01;6.729641e-02;1.127749e-01;1.754285e-02
1.433176e-02;1.620058e-02;5.403079e-02;5.496702e-03;2.752292e-02;3.964607e-01;1.291610e-01;1.464638e-02;1.438873e-01;5.135998e-02;1.250539e-01;2.184805e-02
1.678022e-02;1.747980e-02;5.276545e-02;7.877042e-03;1.866213e-02;3.454147e-01;1.410303e-01;2.677726e-02;1.576839e-01;4.713730e-02;1.432870e-01;2.510492e-02
2.872576e-02;2.035888e-02;5.657288e-02;1.065174e-02;1.244641e-02;3.127830e-01;1.574042e-01;3.754555e-02;1.416964e-01;5.310780e-02;1.274242e-01;4.128324e-02
2.824318e-02;1.975711e-02;6.899346e-02;1.052198e-02;1.627138e-02;3.530354e-01;1.483801e-01;4.214872e-02;1.148976e-01;4.435140e-02;1.053414e-01;4.805816e-02
2.071873e-02;2.271259e-02;7.566065e-02;9.797115e-03;2.035451e-02;4.074771e-01;9.788607e-02;5.010028e-02;1.140470e-01;3.911880e-02;1.056658e-01;3.646136e-02
2.203715e-02;2.925368e-02;9.322404e-02;1.174448e-02;3.392657e-02;4.345057e-01;4.505975e-02;4.782455e-02;9.945093e-02;3.864345e-02;1.078219e-01;3.650784e-02
2.398785e-02;2.804301e-02;1.224570e-01;1.710535e-02;2.449021e-02;3.842600e-01;7.894491e-02;4.319062e-02;1.024976e-01;4.693335e-02;1.016506e-01;2.643939e-02
3.217195e-02;3.861772e-02;1.507798e-01;1.063200e-02;1.902643e-02;3.612557e-01;8.843613e-02;4.291843e-02;8.501782e-02;4.528831e-02;1.069416e-01;1.891417e-02
4.297020e-02;2.477478e-02;1.544234e-01;2.282582e-02;1.395366e-02;3.688974e-01;1.265064e-02;5.891687e-02;1.122282e-01;5.385793e-02;1.082251e-01;2.627598e-02
4.095260e-02;3.378426e-02;1.428616e-01;2.198041e-02;3.871201e-02;2.863169e-01;6.635685e-02;5.856961e-02;1.348753e-01;5.304381e-02;8.684041e-02;3.570626e-02
3.869379e-02;4.885120e-02;1.616213e-01;2.073928e-02;5.545679e-02;2.184529e-01;6.013386e-02;5.477649e-02;1.622626e-01;4.923818e-02;8.753941e-02;4.223419e-02
3.690795e-02;7.149505e-02;2.156681e-01;2.663147e-02;3.260197e-02;1.888541e-01;5.159774e-02;6.344573e-02;1.547176e-01;6.218519e-02;6.422538e-02;3.166974e-02
3.043996e-02;5.881307e-02;1.731610e-01;2.425120e-02;2.265421e-02;2.655788e-01;2.503114e-02;1.041101e-01;1.384682e-01;6.139230e-02;8.548299e-02;1.061706e-02
2.393452e-02;6.555820e-02;1.031115e-01;2.358988e-02;5.334423e-02;2.852077e-01;6.320510e-02;1.161040e-01;1.335730e-01;6.108624e-02;6.403568e-02;7.249816e-03
2.283592e-02;4.924493e-02;5.556260e-02;3.412620e-02;6.915144e-02;3.592769e-01;7.004237e-02;9.564234e-02;1.312822e-01;5.697997e-02;4.144485e-02;1.441032e-02
2.354971e-02;6.481187e-02;6.385044e-02;3.232786e-02;5.178481e-02;3.504225e-01;4.781178e-02;1.209552e-01;9.618095e-02;4.705249e-02;8.203562e-02;1.921682e-02
1.750530e-02;7.417096e-02;4.655127e-02;2.814181e-02;9.669452e-02;2.947744e-01;3.601023e-02;1.688279e-01;9.776416e-02;5.960033e-02;6.514180e-02;1.481731e-02
1.173825e-02;7.780908e-02;3.160422e-02;3.185827e-02;1.794292e-01;2.251333e-01;1.793621e-02;1.928959e-01;1.022451e-01;8.586750e-02;3.416889e-02;9.314178e-03
9.244137e-03;7.358002e-02;2.567383e-02;4.750526e-02;2.055884e-01;1.878190e-01;2.102949e-02;1.781609e-01;1.127242e-01;1.004417e-01;2.580868e-02;1.242436e-02
7.141487e-03;6.392419e-02;5.087598e-02;6.317033e-02;1.760242e-01;1.855683e-01;3.750672e-02;1.606463e-01;1.141388e-01;9.824095e-02;2.388400e-02;1.887892e-02
1.215726e-02;5.456930e-02;8.543548e-02;6.984013e-02;1.255538e-01;2.058291e-01;6.349124e-02;1.415090e-01;1.178854e-01;7.797428e-02;2.301801e-02;2.273701e-02
1.719889e-02;2.434788e-02;9.696782e-02;5.623540e-02;9.859852e-02;1.482852e-01;8.679781e-02;1.393900e-01;1.958413e-01;6.219333e-02;4.620214e-02;2.794156e-02
1.804451e-02;3.472356e-02;8.447085e-02;3.552069e-02;1.252992e-01;6.113765e-02;6.238167e-02;1.650303e-01;2.235358e-01;1.112690e-01;4.100383e-02;3.758300e-02
3.501026e-02;5.130704e-02;6.574624e-02;3.225731e-02;1.108526e-01;5.784830e-02;6.589730e-02;1.266164e-01;1.794996e-01;1.801619e-01;6.447409e-02;3.032905e-02
4.648842e-02;6.095419e-02;4.117564e-02;3.493565e-02;1.028832e-01;9.811749e-02;9.792513e-02;1.120756e-01;1.117678e-01;2.019734e-01;5.378040e-02;3.792305e-02
5.198819e-02;5.528591e-02;4.630486e-02;5.530646e-02;1.112565e-01;7.901887e-02;1.170136e-01;8.425523e-02;1.260798e-01;2.130936e-01;2.953069e-02;3.086627e-02
7.897752e-02;3.871673e-02;5.176756e-02;1.263817e-01;8.866079e-02;3.883562e-02;1.292139e-01;4.833966e-02;1.836385e-01;1.472843e-01;4.721365e-02;2.097012e-02
9.960899e-02;1.246382e-02;3.432154e-02;2.251427e-01;4.585055e-02;3.264371e-02;1.011750e-01;4.118918e-02;2.433800e-01;5.579821e-02;9.116028e-02;1.726603e-02
9.284130e-02;1.918526e-02;2.749538e-02;2.777773e-01;2.374827e-02;5.849393e-02;6.036099e-02;4.540911e-02;2.287733e-01;2.158041e-02;1.170555e-01;2.727932e-02
7.260840e-02;3.134242e-02;4.567356e-02;2.629963e-01;2.337484e-02;8.912327e-02;3.195518e-02;7.961301e-02;1.910648e-01;1.974076e-02;1.018463e-01;5.066123e-02
4.317254e-02;3.866877e-02;9.029090e-02;1.677536e-01;4.073036e-02;1.147297e-01;1.996041e-02;1.165578e-01;1.907807e-01;2.040629e-02;8.055136e-02;7.639752e-02
4.274462e-02;3.638098e-02;1.107792e-01;1.031274e-01;4.459842e-02;1.380143e-01;3.198551e-02;1.246115e-01;1.751775e-01;3.314966e-02;6.999027e-02;8.944064e-02
4.961666e-02;4.755310e-02;9.750866e-02;1.060632e-01;4.382407e-02;1.478115e-01;6.863863e-02;1.056030e-01;1.362488e-01;6.181577e-02;5.718760e-02;7.812911e-02
4.623272e-02;4.249226e-02;5.507283e-02;1.928497e-01;7.744054e-02;1.693126e-01;5.359506e-02;7.469030e-02;1.173474e-01;9.132309e-02;3.961002e-02;4.003356e-02
6.946185e-02;3.290303e-02;5.540973e-02;1.857598e-01;8.405147e-02;1.682055e-01;5.688777e-02;8.245836e-02;1.191572e-01;7.350889e-02;4.732386e-02;2.487252e-02
5.938981e-02;5.285305e-02;7.866747e-02;1.409583e-01;6.379191e-02;1.579551e-01;7.340427e-02;5.428636e-02;1.799301e-01;6.380359e-02;5.584462e-02;1.911542e-02
4.123052e-02;5.889088e-02;1.033954e-01;1.348072e-01;3.604402e-02;1.241121e-01;5.629880e-02;5.601195e-02;2.248728e-01;8.071677e-02;5.178513e-02;3.183436e-02
5.410779e-02;5.642066e-02;8.656864e-02;1.619066e-01;3.859365e-02;1.025682e-01;3.822383e-02;9.301305e-02;1.835196e-01;7.949328e-02;6.816725e-02;3.741747e-02
7.112852e-02;3.543239e-02;6.397044e-02;1.416371e-01;7.343633e-02;1.304558e-01;4.013610e-02;1.093973e-01;1.596512e-01;6.180412e-02;7.951417e-02;3.343650e-02
7.817787e-02;4.273951e-02;6.489298e-02;1.477169e-01;7.956947e-02;1.033664e-01;8.567667e-02;7.799737e-02;1.459889e-01;7.447361e-02;6.835527e-02;3.104506e-02
5.037241e-02;4.871016e-02;8.248185e-02;2.330010e-01;5.725710e-02;6.086633e-02;1.030072e-01;5.994437e-02;1.416098e-01;6.896981e-02;6.880128e-02;2.497876e-02
3.133685e-02;4.464204e-02;8.948386e-02;1.569392e-01;5.298426e-02;8.195359e-02;7.692362e-02;9.792832e-02;2.056337e-01;6.876595e-02;7.425694e-02;1.915178e-02
6.934667e-02;2.981314e-02;4.854643e-02;5.625341e-02;5.468807e-02;8.117133e-02;5.769917e-02;1.343453e-01;2.855430e-01;8.754583e-02;7.104690e-02;2.400081e-02
7.024926e-02;4.802957e-02;6.963953e-02;1.449957e-01;5.374898e-02;7.527251e-02;5.440656e-02;1.417591e-01;1.838183e-01;7.302067e-02;3.829031e-02;4.676946e-02
4.525629e-02;4.991687e-02;6.218650e-02;1.564669e-01;5.897126e-02;6.355347e-02;5.528652e-02;1.099530e-01;2.168668e-01;7.675034e-02;4.689388e-02;5.789818e-02
2.350168e-02;3.871251e-02;4.007580e-02;1.226306e-01;5.835906e-02;9.336013e-02;7.230446e-02;1.449405e-01;2.202472e-01;7.040088e-02;6.706573e-02;4.840149e-02
3.480551e-02;3.079835e-02;5.473955e-02;1.040847e-01;6.131153e-02;7.202895e-02;8.437975e-02;1.615319e-01;2.343143e-01;7.336041e-02;6.266274e-02;2.598227e-02
3.320730e-02;3.726910e-02;5.477611e-02;1.225049e-01;4.408420e-02;5.984796e-02;7.581260e-02;1.578950e-01;2.645475e-01;6.698730e-02;6.051075e-02;2.255722e-02
1.886458e-02;5.091858e-02;7.129786e-02;1.564907e-01;4.506848e-02;1.227499e-01;4.211630e-02;1.151598e-01;2.183218e-01;6.939001e-02;6.575322e-02;2.386886e-02
1.453221e-02;4.745100e-02;7.819966e-02;1.699187e-01;6.420260e-02;1.473635e-01;1.840421e-02;1.022674e-01;1.757570e-01;7.770050e-02;7.296627e-02;3.123695e-02
4.305311e-02;8.297962e-02;7.553553e-02;1.592146e-01;5.989044e-02;1.350571e-01;3.651911e-02;1.149562e-01;1.400713e-01;8.299655e-02;4.561597e-02;2.411047e-02
5.991858e-02;1.134686e-01;1.090410e-01;1.204028e-01;4.042390e-02;1.382566e-01;5.034120e-02;1.363487e-01;1.046623e-01;8.388969e-02;2.055103e-02;2.269559e-02
4.545329e-02;9.836572e-02;9.171205e-02;7.324582e-02;4.603488e-02;1.376249e-01;6.833939e-02;1.340101e-01;1.702239e-01;8.515233e-02;2.728179e-02;2.255584e-02
2.686314e-02;6.360829e-02;5.195394e-02;8.028160e-02;6.774957e-02;1.086865e-01;7.558689e-02;1.034161e-01;2.538483e-01;9.818584e-02;3.844740e-02;3.137238e-02
2.692654e-02;3.208149e-02;3.456423e-02;9.300973e-02;6.502514e-02;7.293437e-02;7.536950e-02;1.890415e-01;2.816099e-01;8.288333e-02;2.612172e-02;2.043252e-02
3.078279e-02;1.281217e-02;2.815931e-02;1.045931e-01;4.045744e-02;4.830664e-02;6.387917e-02;2.776674e-01;2.971542e-01;6.860965e-02;1.779533e-02;9.782764e-03
2.930378e-02;1.419971e-02;3.135811e-02;1.136937e-01;2.134255e-02;2.774605e-02;4.037925e-02;3.345969e-01;2.929903e-01;7.163374e-02;1.454129e-02;8.214574e-03
2.344524e-02;1.689447e-02;4.363964e-02;8.665043e-02;3.188232e-02;4.173490e-02;2.191268e-02;3.890903e-01;2.662138e-01;5.106648e-02;9.427235e-03;1.804255e-02
1.417547e-02;3.239919e-02;6.919324e-02;3.653083e-02;3.505226e-02;4.575349e-02;2.494883e-02;4.246689e-01;2.569411e-01;2.595323e-02;1.096740e-02;2.341606e-02
1.101348e-02;2.313535e-02;6.747731e-02;2.939592e-02;1.891367e-02;7.947900e-02;3.912969e-02;4.253693e-01;2.416530e-01;3.236715e-02;9.518554e-03;2.254757e-02
1.244001e-02;1.520546e-02;7.353599e-02;2.976656e-02;9.127560e-03;5.131771e-02;4.897512e-02;4.378516e-01;2.158262e-01;6.887951e-02;1.454860e-02;2.252575e-02
1.007717e-02;2.518402e-02;8.507740e-02;2.334509e-02;9.189239e-03;5.736351e-02;4.328221e-02;4.383943e-01;1.718732e-01;1.032019e-01;1.678451e-02;1.622754e-02
7.986825e-03;2.477348e-02;9.393979e-02;2.712543e-02;8.648847e-03;4.853573e-02;2.642400e-02;4.284326e-01;2.004499e-01;1.092290e-01;1.151927e-02;1.293516e-02
7.290393e-03;2.993519e-02;9.742233e-02;2.749263e-02;7.128376e-03;3.606018e-02;2.403858e-02;4.137076e-01;2.360269e-01;9.859364e-02;6.078454e-03;1.622561e-02
6.563141e-03;3.160636e-02;1.063648e-01;2.808430e-02;8.424928e-03;4.028467e-02;3.470316e-02;4.157726e-01;2.084481e-01;1.009203e-01;7.689874e-03;1.113776e-02
6.792260e-03;3.323698e-02;1.285245e-01;2.418377e-02;1.676087e-02;5.200379e-02;2.743273e-02;4.326251e-01;1.611149e-01;9.792494e-02;9.130080e-03;1.027016e-02
9.879796e-03;3.425215e-02;1.497611e-01;2.642579e-02;1.181263e-02;4.000109e-02;2.514875e-02;4.212674e-01;1.737325e-01;7.907152e-02;1.114637e-02;1.750098e-02
9.978931e-03;2.685973e-02;1.863251e-01;3.853387e-02;1.037509e-02;3.630044e-02;3.224863e-02;3.970992e-01;1.696342e-01;6.525569e-02;8.175737e-03;1.921337e-02
8.798189e-03;4.254867e-02;2.317116e-01;5.098387e-02;9.756668e-03;3.129526e-02;3.765964e-02;3.610045e-01;1.438159e-01;5.016578e-02;8.329801e-03;2.393015e-02
8.769624e-03;6.019180e-02;2.795830e-01;5.780747e-02;2.178745e-02;2.889143e-02;2.191578e-02;3.320797e-01;1.100866e-01;4.091312e-02;9.403550e-03;2.857048e-02
9.206741e-03;1.032942e-01;2.774730e-01;6.449150e-02;2.668610e-02;4.676070e-02;1.104743e-02;3.005319e-01;9.166232e-02;3.716665e-02;6.350099e-03;2.532933e-02
1.362324e-02;1.221385e-01;2.057758e-01;7.203837e-02;4.352285e-02;8.370070e-02;1.966710e-02;2.552217e-01;1.284962e-01;3.126965e-02;6.459557e-03;1.808632e-02
1.336053e-02;1.166970e-01;1.422962e-01;7.639129e-02;4.801751e-02;1.112800e-01;3.759738e-02;2.217239e-01;1.731641e-01;2.707306e-02;1.180826e-02;2.059082e-02
1.355943e-02;9.601206e-02;2.168527e-01;1.293012e-01;4.751268e-02;5.317471e-02;3.173224e-02;2.139419e-01;1.301859e-01;2.409882e-02;1.927328e-02;2.435503e-02
1.334912e-02;8.995685e-02;2.715210e-01;1.403250e-01;4.309516e-02;4.304869e-02;2.653262e-02;2.175262e-01;8.006237e-02;2.116857e-02;2.460279e-02;2.881158e-02
1.992766e-02;9.900625e-02;2.508364e-01;1.023261e-01;3.168480e-02;4.840004e-02;4.323512e-02;2.521599e-01;8.548781e-02;1.599341e-02;2.888131e-02;2.206118e-02
2.137981e-02;9.855310e-02;1.807921e-01;6.249217e-02;2.488264e-02;4.933333e-02;7.915550e-02;3.139066e-01;1.085189e-01;1.451859e-02;3.478060e-02;1.168674e-02
2.211377e-02;1.013832e-01;1.293378e-01;3.751865e-02;2.703296e-02;5.722396e-02;1.143657e-01;3.382806e-01;1.048369e-01;1.819099e-02;4.161030e-02;8.105271e-03
2.858656e-02;1.115445e-01;6.895421e-02;4.857719e-02;3.133389e-02;8.167522e-02;1.611732e-01;2.817618e-01;1.040287e-01;1.610538e-02;5.742489e-02;8.834418e-03
2.852050e-02;1.275218e-01;1.050804e-01;6.876824e-02;3.670531e-02;1.176425e-01;1.777157e-01;1.429785e-01;9.022047e-02;1.827806e-02;7.162033e-02;1.494814e-02
2.552730e-02;1.236824e-01;1.807046e-01;5.430358e-02;3.438094e-02;1.277855e-01;1.258967e-01;1.296914e-01;8.920634e-02;2.588067e-02;6.531850e-02;1.762213e-02
2.202729e-02;8.450471e-02;1.852661e-01;3.552226e-02;3.101486e-02;1.066779e-01;7.311566e-02;2.501688e-01;1.227127e-01;2.564271e-02;5.236918e-02;1.097772e-02
2.710244e-02;7.466976e-02;1.746074e-01;2.368254e-02;2.578439e-02;8.160011e-02;2.370374e-02;3.521173e-01;1.368263e-01;2.466041e-02;4.442437e-02;1.082130e-02
2.428456e-02;6.632478e-02;1.591154e-01;5.562107e-02;1.705031e-02;4.396626e-02;3.697795e-02;3.382858e-01;1.774901e-01;3.015584e-02;4.091907e-02;9.808868e-03
2.271107e-02;6.964444e-02;1.852242e-01;8.568379e-02;1.719673e-02;4.856523e-02;3.826329e-02;2.683439e-01;1.777905e-01;3.445235e-02;3.486165e-02;1.726288e-02
