1.099912e-01;1.174980e-01;1.057368e-01;7.587013e-02;5.283477e-02;6.416278e-02;8.097572e-02;5.975109e-02;9.224967e-02;9.347501e-02;7.550851e-02;7.194633e-02
1.247453e-01;7.159782e-02;1.143289e-01;9.716940e-02;6.607719e-02;7.326341e-02;8.604641e-02;7.907666e-02;6.893554e-02;9.714425e-02;5.939603e-02;6.221908e-02
1.246426e-01;7.980462e-02;1.378823e-01;5.213735e-02;6.929410e-02;5.738537e-02;1.124470e-01;5.187523e-02;7.271292e-02;6.801111e-02;8.139019e-02;9.241727e-02
1.027140e-01;7.429038e-02;1.763250e-01;3.683753e-02;8.200164e-02;6.270246e-02;2.056856e-01;3.885261e-02;6.023742e-02;4.446887e-02;4.010307e-02;7.578141e-02
9.127050e-02;5.705294e-02;1.973228e-01;4.338155e-02;1.167539e-01;7.180157e-02;1.976070e-01;2.122581e-02;6.018133e-02;3.041315e-02;2.466145e-02;8.832799e-02
6.085379e-02;4.501816e-02;2.175451e-01;5.622194e-02;1.611782e-01;7.434393e-02;1.487168e-01;1.699295e-02;6.035903e-02;1.737117e-02;3.477366e-02;1.066252e-01
3.944521e-02;4.617638e-02;2.319317e-01;7.094163e-02;1.856884e-01;7.340851e-02;7.231339e-02;2.785593e-02;6.983174e-02;3.934992e-02;3.787778e-02;1.051794e-01
3.545480e-02;5.468845e-02;2.280095e-01;8.209592e-02;1.758589e-01;7.458308e-02;5.785216e-02;3.227818e-02;7.495090e-02;6.490533e-02;3.283125e-02;8.649150e-02
4.849933e-02;6.473108e-02;2.390822e-01;8.082621e-02;1.517532e-01;6.015408e-02;6.168126e-02;4.744247e-02;6.954896e-02;6.619345e-02;4.335711e-02;6.673066e-02
4.160740e-02;5.943070e-02;2.489620e-01;1.098417e-01;1.303278e-01;5.819792e-02;6.638490e-02;7.042012e-02;5.752033e-02;4.526416e-02;6.309887e-02;4.894420e-02
3.541930e-02;4.354012e-02;2.673237e-01;1.177231e-01;8.931802e-02;9.909756e-02;7.736712e-02;6.622920e-02;3.524857e-02;5.488310e-02;7.256967e-02;4.128053e-02
3.709334e-02;3.129393e-02;2.868215e-01;9.521142e-02;9.532324e-02;9.570018e-02;9.057793e-02;5.352370e-02;4.740789e-02;7.630358e-02;5.834652e-02;3.239673e-02
2.715239e-02;2.875899e-02;2.907333e-01;5.158256e-02;1.131312e-01;9.556557e-02;1.220628e-01;3.943781e-02;7.204758e-02;9.361348e-02;3.427031e-02;3.164405e-02
2.510534e-02;4.320856e-02;1.729195e-01;4.355540e-02;1.391974e-01;1.442618e-01;1.169224e-01;5.094387e-02;8.686283e-02;1.220701e-01;2.341779e-02;3.153498e-02
4.485321e-02;6.305820e-02;1.659527e-01;7.366004e-02;1.131886e-01;1.426414e-01;8.346745e-02;7.176486e-02;7.505924e-02;9.617804e-02;3.721040e-02;3.296586e-02
5.041540e-02;6.956336e-02;2.210821e-01;7.294083e-02;7.963479e-02;7.376682e-02;9.985950e-02;7.028075e-02;7.505168e-02;1.012996e-01;4.560931e-02;4.049584e-02
3.871978e-02;5.947645e-02;1.757167e-01;5.808819e-02;6.752597e-02;9.652758e-02;1.530675e-01;4.752600e-02;7.153485e-02;1.422059e-01;5.084816e-02;3.876302e-02
1.405101e-02;4.705534e-02;8.492731e-02;5.699475e-02;7.303496e-02;1.530331e-01;1.072179e-01;8.691083e-02;1.103213e-01;1.521647e-01;4.575143e-02;6.853743e-02
2.520059e-02;4.850210e-02;1.148805e-01;5.393066e-02;8.633251e-02;1.183757e-01;1.020668e-01;1.034433e-01;8.714809e-02;1.484724e-01;5.363519e-02;5.801214e-02
3.419787e-02;6.162836e-02;1.353039e-01;5.170488e-02;9.882672e-02;9.752055e-02;1.401159e-01;7.577959e-02;1.011454e-01;1.017396e-01;5.612036e-02;4.591684e-02
1.004275e-01;7.112616e-02;7.492410e-02;4.795850e-02;1.114535e-01;1.205772e-01;1.958566e-01;4.494560e-02;9.579518e-02;6.496992e-02;2.751680e-02;4.444901e-02
1.231168e-01;1.048448e-01;6.992880e-02;6.826770e-02;8.555496e-02;1.124408e-01;2.488789e-01;5.101054e-02;4.807146e-02;4.735910e-02;1.967661e-02;2.084945e-02
8.814695e-02;1.537584e-01;1.244554e-01;7.868097e-02;5.373894e-02;7.181990e-02;2.771166e-01;6.633466e-02;2.361485e-02;2.441188e-02;2.607257e-02;1.184886e-02
4.906261e-02;1.511611e-01;2.576577e-01;6.990185e-02;3.696864e-02;3.678259e-02;2.398538e-01;8.075648e-02;1.762596e-02;1.546349e-02;2.223949e-02;2.252627e-02
1.912606e-02;8.157861e-02;4.242338e-01;5.324559e-02;1.883234e-02;1.890045e-02;1.597361e-01;1.107487e-01;2.145949e-02;1.868999e-02;2.206233e-02;5.138648e-02
1.539838e-02;3.569429e-02;4.914739e-01;5.132775e-02;5.491944e-03;2.203159e-02;9.758918e-02;1.133767e-01;2.571412e-02;2.279108e-02;2.870315e-02;9.040788e-02
1.673002e-02;3.606239e-02;4.986890e-01;7.512859e-02;9.561644e-03;3.146905e-02;6.024263e-02;8.296103e-02;3.659382e-02;2.057159e-02;1.819512e-02;1.137951e-01
3.021637e-02;1.753366e-02;4.769723e-01;1.058116e-01;1.313391e-02;3.691377e-02;6.487662e-02;6.008140e-02;5.432814e-02;1.755744e-02;9.862334e-03;1.127124e-01
4.935354e-02;5.840276e-02;3.941539e-01;8.613269e-02;1.549406e-02;3.275359e-02;9.629184e-02;6.876470e-02;6.597563e-02;2.379431e-02;1.468929e-02;9.419370e-02
7.852718e-02;9.817414e-02;3.201014e-01;6.313837e-02;1.656859e-02;3.550164e-02;1.088024e-01;7.317275e-02;7.079650e-02;2.986259e-02;2.777349e-02;7.758100e-02
1.075691e-01;1.290524e-01;2.098047e-01;8.618191e-02;3.511279e-02;5.283257e-02;8.437453e-02;6.839008e-02;7.768315e-02;4.751123e-02;4.570441e-02;5.578325e-02
9.708549e-02;9.091114e-02;3.199111e-01;9.136118e-02;3.393307e-02;6.097334e-02;6.873184e-02;3.818381e-02;6.422092e-02;4.177086e-02;3.309382e-02;5.982349e-02
8.012484e-02;6.603375e-02;4.097011e-01;8.579906e-02;2.815879e-02;5.054760e-02;4.678750e-02;6.763045e-02;5.120629e-02;2.003438e-02;2.344515e-02;7.053102e-02
7.578565e-02;4.912607e-02;3.937157e-01;8.427801e-02;3.102731e-02;4.782040e-02;1.012958e-01;1.014129e-01;3.680369e-02;2.576628e-02;1.501231e-02;3.795578e-02
7.410005e-02;3.885333e-02;3.729180e-01;3.717523e-02;2.242739e-02;4.615382e-02;1.413843e-01;9.730791e-02;7.367149e-02;3.210748e-02;1.198657e-02;5.191439e-02
3.752552e-02;5.567292e-02;3.824492e-01;6.004887e-02;2.140880e-02;4.963018e-02;1.143657e-01;7.267111e-02;8.444697e-02;2.184164e-02;1.190997e-02;8.802917e-02
4.733934e-02;6.953035e-02;4.153262e-01;6.443547e-02;3.217217e-02;4.044642e-02;5.199772e-02;8.165711e-02;7.264560e-02;1.449438e-02;1.083951e-02;9.911567e-02
3.017437e-02;6.447914e-02;3.945894e-01;5.505416e-02;3.845682e-02;3.509957e-02;9.088118e-02;6.563523e-02;6.917866e-02;3.510576e-02;2.058010e-02;1.007656e-01
9.249777e-02;8.179665e-02;1.782293e-01;6.945326e-02;5.330187e-02;6.350990e-02;1.139293e-01;5.307291e-02;6.469170e-02;9.641162e-02;6.000691e-02;7.309879e-02
9.886232e-02;6.852191e-02;1.494209e-01;8.502061e-02;7.009970e-02;9.223459e-02;1.165075e-01;5.976676e-02;7.473220e-02;8.540762e-02;5.507271e-02;4.435312e-02
7.415752e-02;6.630950e-02;1.698148e-01;8.760111e-02;7.440405e-02;1.323950e-01;1.188776e-01;6.436181e-02;7.306811e-02;6.227797e-02;4.220189e-02;3.453065e-02
3.901187e-02;9.349377e-02;1.935847e-01;6.991473e-02;6.204050e-02;1.458003e-01;1.622583e-01;7.030963e-02;5.660180e-02;4.391443e-02;2.752475e-02;3.554527e-02
3.970946e-02;1.167183e-01;2.096207e-01;4.861573e-02;5.158793e-02;9.113763e-02;2.410493e-01;7.042853e-02;4.769121e-02;3.444842e-02;2.198503e-02;2.700781e-02
8.438781e-02;1.640946e-01;1.696474e-01;2.628195e-02;5.989303e-02;9.116096e-02;2.310856e-01;5.669995e-02;4.621501e-02;3.530449e-02;2.539490e-02;9.834277e-03
1.646937e-01;2.024388e-01;1.285692e-01;3.334337e-02;6.227470e-02;1.079129e-01;1.352251e-01;4.997991e-02;3.678877e-02;4.408345e-02;1.799982e-02;1.669019e-02
2.018434e-01;1.739172e-01;1.040390e-01;4.063519e-02;6.718676e-02;9.675232e-02;1.021576e-01;6.069251e-02;5.890737e-02;4.536413e-02;1.683188e-02;3.167257e-02
1.422823e-01;1.011525e-01;1.115929e-01;5.847990e-02;1.131412e-01;9.379160e-02;1.097372e-01;9.569483e-02;7.618661e-02;3.834707e-02;1.661409e-02;4.297975e-02
6.906272e-02;1.485879e-01;7.297611e-02;1.072362e-01;1.240075e-01;7.508642e-02;1.067895e-01;1.388617e-01;6.237292e-02;3.284232e-02;2.601435e-02;3.616228e-02
2.913155e-02;1.637063e-01;1.216080e-01;1.443507e-01;9.523317e-02;5.372087e-02;1.147745e-01;1.413638e-01;4.803942e-02;2.188353e-02;4.007830e-02;2.610987e-02
3.462697e-02;1.080158e-01;1.944477e-01;1.420462e-01;8.508197e-02;5.752508e-02;1.325562e-01;1.191960e-01;3.286810e-02;2.365536e-02;4.109663e-02;2.888402e-02
4.558213e-02;6.523415e-02;2.825737e-01;1.218986e-01;6.606796e-02;4.911722e-02;1.372395e-01;8.707268e-02;4.087827e-02;3.424677e-02;3.686308e-02;3.322596e-02
6.964589e-02;8.560330e-02;3.047114e-01;9.060346e-02;4.727662e-02;5.287620e-02;1.335998e-01;4.700051e-02;4.145315e-02;3.928377e-02;5.124480e-02;3.670103e-02
9.419569e-02;6.062178e-02;1.755455e-01;1.194343e-01;9.128083e-02;6.621557e-02;1.141829e-01;5.799200e-02;3.796742e-02;3.482641e-02;6.773369e-02;8.000397e-02
5.449433e-02;5.032898e-02;1.014033e-01;1.201396e-01;1.109666e-01;9.849700e-02;9.482806e-02;9.335795e-02;7.523128e-02;2.924048e-02;9.888270e-02;7.262968e-02
2.019786e-02;5.811983e-02;5.969442e-02;1.005482e-01;9.909242e-02;9.490241e-02;9.220324e-02;1.439056e-01;1.437046e-01;2.771720e-02;1.278816e-01;3.203264e-02
1.274736e-02;7.028385e-02;4.313276e-02;7.012642e-02;6.368273e-02;5.710637e-02;6.850524e-02;1.492262e-01;2.025428e-01;4.824370e-02;1.291029e-01;8.529961e-02
1.456480e-02;6.369151e-02;3.581393e-02;4.645574e-02;4.895106e-02;3.650210e-02;4.656134e-02;9.597440e-02;2.222034e-01;7.717205e-02;1.016404e-01;2.104693e-01
2.620685e-02;3.624852e-02;3.916366e-02;3.285851e-02;8.895723e-02;5.454759e-02;7.823265e-02;5.300172e-02;2.240667e-01;6.283247e-02;3.860637e-02;2.652777e-01
3.678315e-02;2.581048e-02;8.093207e-02;2.865169e-02;1.017590e-01;7.679503e-02;8.650753e-02;4.987263e-02;2.326674e-01;3.552416e-02;1.820337e-02;2.264936e-01
1.307841e-01;3.671717e-02;1.005954e-01;2.781936e-02;7.659110e-02;9.966281e-02;5.765846e-02;5.723736e-02;1.796743e-01;6.197499e-02;2.412212e-02;1.471629e-01
2.255148e-01;3.600285e-02;6.137433e-02;6.784630e-02;4.423465e-02;1.476684e-01;5.255329e-02;9.320847e-02;7.705734e-02;1.238819e-01;1.762768e-02;5.302999e-02
2.453513e-01;5.368702e-02;2.997963e-02;1.094065e-01;2.817101e-02;1.486765e-01;6.604847e-02;8.302414e-02;4.093400e-02;1.533150e-01;2.408737e-02;1.731912e-02
1.913818e-01;1.304837e-01;2.502398e-02;1.048205e-01;3.003501e-02;9.164023e-02;1.101554e-01;3.886359e-02;5.745882e-02;1.097761e-01;7.009875e-02;4.026213e-02
7.649136e-02;2.189464e-01;3.481951e-02;5.064713e-02;6.495246e-02;5.316567e-02;1.586042e-01;3.098954e-02;9.101458e-02;3.985462e-02;1.470226e-01;3.349189e-02
1.439101e-02;2.232761e-01;7.862742e-02;1.948334e-02;8.505791e-02;4.259604e-02;1.282054e-01;5.530926e-02;5.657427e-02;4.644755e-02;1.838907e-01;6.614101e-02
3.046752e-02;1.211110e-01;1.475803e-01;2.148282e-02;6.072516e-02;5.226152e-02;7.706160e-02;1.034701e-01;2.874199e-02;8.793221e-02;1.191701e-01;1.499957e-01
2.878806e-02;4.526558e-02;1.749122e-01;1.455386e-02;3.391558e-02;1.024405e-01;6.936675e-02;1.120539e-01;3.601660e-02;9.076761e-02;4.814254e-02;2.437769e-01
2.820158e-02;3.057306e-02;1.424831e-01;2.987820e-02;2.411807e-02;1.389649e-01;5.505232e-02;8.593735e-02;6.889950e-02;4.424049e-02;3.376040e-02;3.178910e-01
4.885305e-02;2.955921e-02;7.469057e-02;5.009366e-02;2.413799e-02;8.936194e-02;4.501690e-02;7.430957e-02;1.482317e-01;3.164866e-02;9.951092e-02;2.845858e-01
7.185705e-02;1.615797e-02;4.018831e-02;6.098085e-02;2.063590e-02;2.631781e-02;4.649144e-02;9.869914e-02;2.189443e-01;5.364157e-02;1.665395e-01;1.795461e-01
5.717915e-02;6.629697e-03;6.032735e-02;5.936299e-02;1.591768e-02;2.652384e-02;7.373084e-02;1.540673e-01;2.528621e-01;4.921658e-02;1.706656e-01;7.351694e-02
5.317423e-02;1.399482e-02;1.118871e-01;5.742319e-02;1.405310e-02;3.421484e-02;9.113276e-02;1.521500e-01;2.543911e-01;4.157190e-02;1.498243e-01;2.618277e-02
7.283529e-02;4.056777e-02;1.675226e-01;5.182568e-02;3.644407e-02;3.530231e-02;8.831584e-02;8.714208e-02;2.076499e-01;4.945494e-02;1.253155e-01;3.762405e-02
7.596575e-02;6.633055e-02;1.760910e-01;4.652614e-02;5.065669e-02;4.355172e-02;6.418911e-02;5.429143e-02;1.640030e-01;6.711681e-02;1.243197e-01;6.695810e-02
3.471193e-02;5.143645e-02;1.166519e-01;5.752570e-02;5.778189e-02;8.362643e-02;8.184972e-02;6.701613e-02;1.799200e-01;8.556119e-02;1.395806e-01;4.433808e-02
2.394608e-02;4.124762e-02;1.376460e-01;6.701118e-02;5.692870e-02;1.047375e-01;1.333988e-01;8.996845e-02;1.281646e-01;7.579298e-02;9.314235e-02;4.801578e-02
2.475691e-02;4.008512e-02;1.888073e-01;4.563335e-02;3.189410e-02;9.914184e-02;2.002987e-01;1.181881e-01;7.873968e-02;7.442816e-02;4.014916e-02;5.787757e-02
1.762240e-02;4.397655e-02;1.824852e-01;2.609082e-02;1.598793e-02;6.450631e-02;2.815580e-01;1.314073e-01;7.705583e-02;6.542696e-02;3.913990e-02;5.474272e-02
1.568922e-02;4.834511e-02;1.579001e-01;1.859646e-02;2.407857e-02;3.802285e-02;3.463727e-01;1.214312e-01;8.129917e-02;3.656282e-02;3.884465e-02;7.285717e-02
2.026134e-02;7.438041e-02;1.224727e-01;2.184062e-02;3.794039e-02;4.427357e-02;3.477292e-01;6.526936e-02;7.630299e-02;4.726848e-02;8.263543e-02;5.962547e-02
4.263557e-02;1.009033e-01;1.050397e-01;2.315327e-02;4.036560e-02;5.685457e-02;3.027442e-01;9.006369e-02;5.372609e-02;3.582901e-02;1.117072e-01;3.697774e-02
1.211929e-01;1.177526e-01;6.836838e-02;3.373649e-02;4.833917e-02;6.706039e-02;2.440457e-01;8.433712e-02;3.389794e-02;6.395414e-02;7.676347e-02;4.055167e-02
1.800835e-01;1.047451e-01;3.689657e-02;3.130158e-02;7.443151e-02;7.939765e-02;1.847946e-01;5.601965e-02;3.828432e-02;9.631027e-02;7.134280e-02;4.639243e-02
1.382419e-01;5.764650e-02;7.486732e-02;2.685856e-02;8.711753e-02;7.835284e-02;1.214031e-01;5.891246e-02;5.610794e-02;5.864056e-02;1.710964e-01;7.075489e-02
8.244626e-02;4.390373e-02;1.233672e-01;4.881819e-02;5.703111e-02;6.008814e-02;1.096750e-01;4.715166e-02;8.707429e-02;7.653884e-02;2.032455e-01;6.066001e-02
6.910254e-02;3.862838e-02;1.411408e-01;6.347609e-02;5.343677e-02;5.434204e-02;9.507944e-02;7.857095e-02;1.183089e-01;6.749125e-02;1.550225e-01;6.540039e-02
7.892063e-02;2.517944e-02;1.298980e-01;4.580614e-02;9.476183e-02;7.512527e-02;1.098935e-01;8.757991e-02;1.263081e-01;5.858520e-02;1.149173e-01;5.302461e-02
9.591707e-02;2.365301e-02;7.259317e-02;3.104827e-02;1.212782e-01;8.929057e-02;1.014595e-01;8.354536e-02;1.600631e-01;5.665658e-02;1.077417e-01;5.675354e-02
1.435536e-01;3.445075e-02;7.387315e-02;2.940311e-02;1.072278e-01;1.001161e-01;1.028939e-01;6.494096e-02;1.759823e-01;4.114049e-02;6.755050e-02;5.886726e-02
1.627020e-01;4.205796e-02;9.391041e-02;1.900647e-02;9.805650e-02;8.026221e-02;1.398806e-01;4.065914e-02;1.498620e-01;3.897079e-02;4.888486e-02;8.574712e-02
1.471872e-01;2.828632e-02;8.682829e-02;2.100635e-02;1.268305e-01;7.667277e-02;1.307818e-01;4.428775e-02;1.540491e-01;3.285815e-02;3.213080e-02;1.190810e-01
1.189002e-01;7.942229e-03;7.408532e-02;3.207798e-02;1.651976e-01;7.439551e-02;1.208858e-01;5.255116e-02;1.640318e-01;1.581892e-02;1.777490e-02;1.563385e-01
1.076515e-01;1.818453e-02;7.086342e-02;4.337614e-02;1.741202e-01;7.231289e-02;1.095427e-01;4.906661e-02;1.331487e-01;2.261431e-02;3.067482e-02;1.684442e-01
9.801747e-02;2.983776e-02;9.048849e-02;6.289462e-02;1.838987e-01;6.339443e-02;8.695017e-02;3.188244e-02;9.055170e-02;5.201988e-02;4.225064e-02;1.678137e-01
7.378736e-02;4.664007e-02;1.232974e-01;8.241280e-02;1.775052e-01;4.761601e-02;5.428664e-02;2.313867e-02;6.894401e-02;9.564273e-02;5.993974e-02;1.467895e-01
1.404389e-02;7.140010e-02;1.471929e-01;9.527054e-02;1.510769e-01;4.616466e-02;5.861384e-02;5.017392e-02;5.077823e-02;1.046329e-01;6.270407e-02;1.479480e-01
1.276599e-01;8.791336e-02;1.034404e-01;7.933907e-02;1.140045e-01;4.611302e-02;6.049538e-02;6.605200e-02;4.441574e-02;6.533117e-02;4.034473e-02;1.648907e-01
1.902204e-01;1.014019e-01;8.135682e-02;7.050572e-02;9.767038e-02;3.449206e-02;4.261911e-02;6.882176e-02;6.469044e-02;4.443366e-02;4.248419e-02;1.613035e-01
1.422052e-01;1.197247e-01;8.411343e-02;8.731140e-02;8.946063e-02;3.670025e-02;4.910526e-02;1.218871e-01;6.725245e-02;5.026320e-02;5.241492e-02;9.956143e-02
6.599723e-02;1.232444e-01;1.113769e-01;1.021709e-01;7.374139e-02;6.282571e-02;8.364289e-02;1.458174e-01;5.388809e-02;4.362224e-02;7.749069e-02;5.618220e-02
4.618960e-02;9.425539e-02;1.555126e-01;1.088157e-01;6.762715e-02;7.966775e-02;1.007953e-01;1.161331e-01;4.404921e-02;4.078478e-02;9.505250e-02;5.111682e-02
6.353033e-02;5.997077e-02;2.129269e-01;9.487373e-02;6.143978e-02;7.546126e-02;8.271100e-02;6.706575e-02;5.030667e-02;5.885598e-02;1.113071e-01;6.155074e-02
6.121759e-02;6.515288e-02;2.558992e-01;7.023571e-02;5.236797e-02;8.827094e-02;6.266662e-02;4.030888e-02;6.167271e-02;6.540708e-02;1.073252e-01;6.947522e-02
9.111542e-02;9.766959e-02;2.078841e-01;5.048849e-02;5.698932e-02;8.270089e-02;1.107250e-01;4.181924e-02;6.583562e-02;6.008289e-02;5.852927e-02;7.616016e-02
1.270741e-01;1.327241e-01;1.175921e-01;4.978046e-02;1.076221e-01;7.438495e-02;1.262235e-01;4.513977e-02;3.688813e-02;5.896080e-02;6.195397e-02;6.165604e-02
1.170721e-01;1.210802e-01;1.891320e-01;5.954688e-02;1.324654e-01;6.548893e-02;9.299450e-02;4.000416e-02;4.138674e-02;2.680960e-02;6.973175e-02;4.428772e-02
1.327419e-01;1.004895e-01;1.432317e-01;7.340995e-02;1.514162e-01;6.589779e-02;8.253906e-02;5.075136e-02;4.834262e-02;2.651040e-02;7.656856e-02;4.810094e-02
1.424883e-01;4.873383e-02;1.269820e-01;8.197124e-02;1.344150e-01;6.547653e-02;1.005299e-01;4.940591e-02;6.491608e-02;3.528712e-02;8.031175e-02;6.948248e-02
1.333597e-01;4.563826e-02;1.232963e-01;7.502910e-02;1.218870e-01;5.910798e-02;9.724604e-02;3.423247e-02;7.867770e-02;6.208882e-02;8.451284e-02;8.492377e-02
1.544092e-01;5.416165e-02;1.472563e-01;7.967148e-02;9.921174e-02;6.557504e-02;7.608866e-02;3.985826e-02;7.373168e-02;5.784562e-02;8.002806e-02;7.216236e-02
1.096807e-01;8.133128e-02;1.760641e-01;1.020284e-01;5.636887e-02;5.949474e-02;8.114967e-02;4.954255e-02;7.045871e-02;7.774683e-02;6.177912e-02;7.435493e-02
8.577606e-02;7.850199e-02;1.314797e-01;9.845784e-02;1.067331e-01;6.848736e-02;1.053037e-01;6.374593e-02;7.700942e-02;3.380152e-02;6.694432e-02;8.375912e-02
1.386221e-01;8.039659e-02;1.221095e-01;8.517231e-02;1.006209e-01;9.010962e-02;1.060111e-01;5.334167e-02;8.026966e-02;5.273864e-02;3.288479e-02;5.772311e-02
1.539193e-01;1.206666e-01;1.058950e-01;8.091097e-02;5.518215e-02;1.033792e-01;1.624303e-01;5.226832e-02;5.374912e-02;5.544876e-02;2.723064e-02;2.891952e-02
1.080566e-01;1.338782e-01;9.376575e-02;6.200867e-02;7.744895e-02;9.028696e-02;2.163257e-01;8.958341e-02;3.741320e-02;3.803242e-02;4.137912e-02;1.182103e-02
4.968858e-02;1.052450e-01;1.544243e-01;3.928183e-02;9.901284e-02;7.907199e-02;1.979905e-01;1.324112e-01;4.254894e-02;2.643562e-02;4.588091e-02;2.800827e-02
1.981540e-02;6.208932e-02;1.948940e-01;4.731587e-02;8.220503e-02;1.080950e-01;1.332688e-01;1.340871e-01;1.073676e-01;3.384075e-02;3.778356e-02;3.923756e-02
4.140729e-02;3.026980e-02;1.339264e-01;1.382924e-01;7.027680e-02;1.094640e-01;9.187948e-02;6.701329e-02;2.129826e-01;5.429569e-02;2.297523e-02;2.721698e-02
5.888249e-02;2.773525e-02;7.079582e-02;1.859415e-01;1.312853e-01;5.404799e-02;7.732147e-02;2.977112e-02;2.318340e-01;1.060144e-01;1.672244e-02;9.648245e-03
4.018254e-02;5.736951e-02;4.265580e-02;1.218874e-01;2.613542e-01;3.839268e-02;6.403154e-02;3.754370e-02;1.177406e-01;1.789141e-01;3.057951e-02;9.348413e-03
1.625336e-02;7.906518e-02;3.486952e-02;5.331597e-02;3.355717e-01;1.174007e-01;3.309173e-02;3.276103e-02;3.210114e-02;1.839452e-01;6.806806e-02;1.355636e-02
1.010632e-02;6.473067e-02;4.433238e-02;2.683194e-02;3.025781e-01;2.342206e-01;2.643236e-02;3.398678e-02;2.722734e-02;1.114822e-01;1.051244e-01;1.294697e-02
1.824131e-02;4.879862e-02;7.798796e-02;2.894078e-02;2.271681e-01;2.948526e-01;5.812353e-02;3.309732e-02;2.275181e-02;6.524027e-02;1.135716e-01;1.122607e-02
3.574802e-02;3.664078e-02;1.060049e-01;5.873591e-02;1.419777e-01;2.552370e-01;7.297692e-02;5.447700e-02;4.445296e-02;7.871541e-02;9.208947e-02;2.294392e-02
3.659328e-02;2.448349e-02;9.321387e-02;9.488817e-02;6.987847e-02;1.811789e-01;6.651488e-02;7.538243e-02;8.929349e-02;1.372560e-01;1.049967e-01;2.632033e-02
2.535352e-02;2.448563e-02;3.586305e-02;8.451703e-02;1.551887e-01;1.363584e-01;5.669993e-02;7.535921e-02;8.160244e-02;1.662724e-01;1.348692e-01;2.343051e-02
3.234367e-02;2.991294e-02;5.104344e-02;5.751344e-02;1.695827e-01;9.873021e-02;9.584089e-02;8.989696e-02;6.091201e-02;1.647444e-01;1.310600e-01;1.841935e-02
3.896239e-02;4.026755e-02;6.077068e-02;5.764896e-02;1.253945e-01;1.443827e-01;1.104920e-01;8.042812e-02;5.026003e-02;1.495768e-01;1.203737e-01;2.144248e-02
3.082468e-02;4.328313e-02;1.294819e-01;7.379357e-02;1.561043e-01;1.291783e-01;1.100069e-01;4.731790e-02;5.784942e-02;1.204482e-01;8.010680e-02;2.160488e-02
2.720371e-02;5.411610e-02;1.405793e-01;7.567579e-02;2.122375e-01;9.422807e-02;9.852028e-02;5.409080e-02;7.749444e-02;1.027203e-01;4.074756e-02;2.238614e-02
2.575005e-02;4.860735e-02;1.283496e-01;7.761679e-02;1.775798e-01;8.520475e-02;1.318165e-01;7.062487e-02;1.121984e-01;8.848916e-02;3.825185e-02;1.551076e-02
5.967563e-02;4.999919e-02;1.284850e-01;7.900213e-02;8.245543e-02;8.015392e-02;1.662618e-01;6.280919e-02;1.163920e-01;7.087005e-02;6.416717e-02;3.972860e-02
7.609269e-02;9.616186e-02;9.175590e-02;7.256934e-02;7.341181e-02;7.383338e-02;1.271480e-01;6.695908e-02;1.029356e-01;9.802997e-02;7.669339e-02;4.440902e-02
1.117247e-01;1.088790e-01;7.479384e-02;6.503322e-02;6.514389e-02;7.666597e-02;1.116885e-01;9.255272e-02;1.151485e-01;6.302144e-02;7.936943e-02;3.597875e-02
1.309029e-01;8.867987e-02;1.055987e-01;5.276354e-02;5.102827e-02;7.864597e-02;1.340662e-01;1.084837e-01;9.477223e-02;4.615580e-02;6.412549e-02;4.477732e-02
1.166875e-01;6.594312e-02;1.082425e-01;5.797999e-02;3.635115e-02;9.524084e-02;1.991767e-01;9.574988e-02;6.926383e-02;3.322479e-02;5.520528e-02;6.693436e-02
8.277988e-02;3.555167e-02;1.073548e-01;5.388095e-02;2.521532e-02;1.289823e-01;2.738265e-01;7.545500e-02;4.642894e-02;1.878712e-02;6.166504e-02;9.007240e-02
3.170723e-02;2.794933e-02;1.359353e-01;2.687101e-02;2.411075e-02;1.595885e-01;2.546774e-01;3.804371e-02;3.874848e-02;2.144476e-02;1.521148e-01;8.880876e-02
1.097514e-02;3.994027e-02;1.362863e-01;1.167147e-02;2.602082e-02;1.799885e-01;1.513958e-01;2.470871e-02;3.751204e-02;2.907260e-02;2.826686e-01;6.975980e-02
1.978333e-02;2.925834e-02;9.783360e-02;1.667656e-02;2.079187e-02;2.286073e-01;5.646792e-02;2.089300e-02;4.106535e-02;7.945233e-02;3.523895e-01;3.678083e-02
1.952856e-02;1.409502e-02;7.589724e-02;1.725361e-02;4.220665e-02;2.666053e-01;9.817829e-02;1.219947e-02;4.182222e-02;9.387147e-02;3.016630e-01;1.667916e-02
2.130330e-02;1.513418e-02;7.015961e-02;1.261627e-02;6.329908e-02;3.127191e-01;1.219208e-01;1.503068e-02;2.853015e-02;6.660617e-02;2.529553e-01;1.972538e-02
1.560120e-02;2.275049e-02;6.071220e-02;1.913296e-02;1.081359e-01;3.239959e-01;8.807679e-02;3.122808e-02;2.151280e-02;8.160844e-02;2.061779e-01;2.106733e-02
1.067326e-02;5.240848e-02;3.112329e-02;3.850428e-02;1.751142e-01;2.643242e-01;6.571843e-02;5.514697e-02;3.159106e-02;1.337828e-01;1.230213e-01;1.859176e-02
6.962793e-03;6.460331e-02;3.174870e-02;5.135716e-02;2.272871e-01;1.593857e-01;4.548731e-02;5.068688e-02;4.722441e-02;2.128240e-01;8.358902e-02;1.884357e-02
1.947241e-02;5.152822e-02;3.741493e-02;5.953251e-02;2.242720e-01;7.851009e-02;4.649962e-02;2.826551e-02;5.709346e-02;2.904571e-01;9.004939e-02;1.690471e-02
4.198268e-02;2.587130e-02;3.850482e-02;9.625038e-02;1.458644e-01;7.831608e-02;8.115418e-02;1.490732e-02;9.984101e-02;2.717026e-01;9.003717e-02;1.556805e-02
6.565329e-02;2.609331e-02;1.025679e-01;1.287031e-01;5.773829e-02;7.211327e-02;1.211581e-01;3.628316e-02;1.316213e-01;1.715821e-01;6.262807e-02;2.385809e-02
7.391354e-02;3.333535e-02;1.441753e-01;1.095099e-01;8.067612e-02;9.390127e-02;1.661366e-01;6.589370e-02;9.354269e-02;8.787115e-02;2.567828e-02;2.536617e-02
9.649365e-02;3.525098e-02;1.397969e-01;6.150413e-02;1.302313e-01;9.401444e-02;1.472458e-01;7.949322e-02;5.457631e-02;8.541693e-02;3.653266e-02;3.944374e-02
1.209843e-01;4.169453e-02;1.179541e-01;5.316300e-02;1.349425e-01;8.867250e-02;7.841465e-02;9.929994e-02;6.748363e-02;8.523312e-02;5.446043e-02;5.769734e-02
1.046502e-01;5.162906e-02;7.936992e-02;6.388973e-02;1.294542e-01;7.971704e-02;1.009208e-01;1.077386e-01;9.605032e-02;7.801268e-02;6.087491e-02;4.769265e-02
7.606344e-02;4.645324e-02;8.495725e-02;6.802027e-02;1.285035e-01;7.690070e-02;1.305062e-01;8.449487e-02;1.341797e-01;9.008104e-02;5.187226e-02;2.796748e-02
7.497607e-02;4.412806e-02;9.426253e-02;8.637846e-02;1.145818e-01;5.956158e-02;1.227167e-01;9.794072e-02;1.338253e-01;8.138509e-02;3.809724e-02;5.214645e-02
7.775103e-02;7.351137e-02;1.230345e-01;1.115495e-01;8.975512e-02;6.865206e-02;6.402241e-02;1.141735e-01;1.142365e-01;6.633596e-02;4.684131e-02;5.013666e-02
8.188370e-02;1.060008e-01;1.089800e-01;1.269130e-01;8.945925e-02;7.406110e-02;4.526636e-02;8.540072e-02;1.113185e-01;7.183122e-02;6.740111e-02;3.148415e-02
8.687551e-02;1.129435e-01;7.736114e-02;1.001940e-01;9.414512e-02;8.974394e-02;7.966757e-02;4.391812e-02;1.171591e-01;7.941318e-02;8.370522e-02;3.487373e-02
6.563515e-02;6.855199e-02;5.860455e-02;6.080248e-02;1.009731e-01;1.041275e-01;9.597129e-02;8.868853e-02;1.053821e-01;8.540915e-02;1.012760e-01;6.457823e-02
6.723843e-02;5.132057e-02;5.016790e-02;9.230318e-02;1.167623e-01;6.835813e-02;8.777524e-02;9.420759e-02;1.196955e-01;7.153610e-02;1.103849e-01;7.025024e-02
9.337563e-02;5.094614e-02;5.638980e-02;8.600584e-02;1.183998e-01;8.243585e-02;9.543733e-02;8.039416e-02;1.034303e-01;8.636241e-02;9.010590e-02;5.671683e-02
9.460088e-02;6.093854e-02;8.741402e-02;6.082251e-02;8.493336e-02;9.630528e-02;1.365302e-01;6.112356e-02;1.129530e-01;8.221655e-02;7.903913e-02;4.312304e-02
7.163026e-02;1.036296e-01;8.178533e-02;7.126023e-02;5.700842e-02;7.445456e-02;1.455128e-01;5.938512e-02;1.186537e-01;8.891352e-02;7.869789e-02;4.906859e-02
6.551555e-02;1.199270e-01;1.118515e-01;7.533738e-02;3.206467e-02;6.817717e-02;1.003968e-01;5.987917e-02;1.294063e-01;6.590825e-02;7.795550e-02;9.358070e-02
5.401617e-02;1.009583e-01;1.474154e-01;4.909297e-02;5.617893e-02;8.263521e-02;6.234526e-02;7.532220e-02;1.649167e-01;3.488635e-02;8.345532e-02;8.877719e-02
5.462354e-02;7.868995e-02;1.340078e-01;5.202961e-02;7.642097e-02;1.049251e-01;8.058705e-02;1.225316e-01;1.502174e-01;3.647248e-02;5.493854e-02;5.455602e-02
6.086877e-02;8.107854e-02;1.002498e-01;8.227054e-02;1.002034e-01;1.092155e-01;1.260985e-01;9.847915e-02;1.019695e-01;4.683678e-02;4.575459e-02;4.697486e-02
6.416314e-02;1.169797e-01;9.820542e-02;8.198439e-02;1.018457e-01;9.167688e-02;1.763777e-01;3.299053e-02;7.177860e-02;6.052569e-02;5.867823e-02;4.479396e-02
1.055258e-01;1.372402e-01;1.027258e-01;5.195722e-02;5.335580e-02;6.149788e-02;2.461484e-01;6.035403e-02;5.160064e-02;4.656063e-02;5.088628e-02;3.214739e-02
7.989136e-02;1.792046e-01;9.115748e-02;2.725021e-02;4.762434e-02;7.112385e-02;2.989119e-01;6.938923e-02;4.473611e-02;3.134898e-02;3.580942e-02;2.355248e-02
7.451968e-02;1.939293e-01;1.075949e-01;2.634496e-02;5.629410e-02;6.956074e-02;3.015803e-01;7.623477e-02;3.423592e-02;1.879642e-02;2.180726e-02;1.910163e-02
9.964275e-02;1.289758e-01;1.238049e-01;2.728077e-02;7.798178e-02;8.269796e-02;2.731174e-01;8.866548e-02;4.265628e-02;2.365349e-02;1.021263e-02;2.131075e-02
1.046005e-01;7.449671e-02;1.012927e-01;5.507649e-02;1.021633e-01;1.026599e-01;2.275763e-01;1.011905e-01;6.565928e-02;2.425734e-02;1.308451e-02;2.794249e-02
7.545262e-02;5.404215e-02;1.237807e-01;9.079565e-02;1.243247e-01;9.308342e-02;1.781349e-01;9.808596e-02;7.752930e-02;2.536728e-02;1.374518e-02;4.565808e-02
5.156154e-02;3.577350e-02;1.168657e-01;1.031450e-01;1.329294e-01;8.507003e-02;2.055010e-01;1.178915e-01;5.783346e-02;2.342393e-02;1.649818e-02;5.350686e-02
2.964110e-02;6.090190e-02;1.059287e-01;1.096324e-01;1.448881e-01;7.140536e-02;1.852769e-01;1.024541e-01;4.580944e-02;4.017086e-02;3.141190e-02;7.247924e-02
8.315171e-02;8.460023e-02;1.514051e-01;7.993691e-02;1.272185e-01;8.272609e-02;1.213841e-01;5.466189e-02;4.652612e-02;5.871202e-02;2.815747e-02;8.151986e-02
6.519881e-02;1.192508e-01;2.184192e-01;6.016523e-02;1.075585e-01;7.192887e-02;1.047253e-01;5.392013e-02;3.768986e-02;6.162445e-02;2.740976e-02;7.210908e-02
1.135095e-01;1.618051e-01;1.710141e-01;4.386370e-02;9.818026e-02;7.241964e-02;9.856440e-02;4.398284e-02;2.933231e-02;4.939876e-02;3.007775e-02;8.785155e-02
1.673948e-01;1.451081e-01;1.032226e-01;5.530563e-02;1.022407e-01;6.354827e-02;6.176053e-02;4.733398e-02;3.879364e-02;4.515071e-02;6.130298e-02;1.088381e-01
1.596100e-01;6.433409e-02;1.006416e-01;8.605254e-02;8.864128e-02;6.519784e-02;5.069627e-02;7.834721e-02;5.777959e-02;3.983947e-02;1.074250e-01;1.014351e-01
1.145829e-01;4.249980e-02;1.503964e-01;1.035607e-01;7.136063e-02;8.774400e-02;8.265357e-02;9.006242e-02;5.885110e-02;3.165900e-02;1.075725e-01;5.905693e-02
8.827148e-02;3.952985e-02;2.304516e-01;9.232650e-02;5.310909e-02;7.929070e-02;1.283240e-01;7.697557e-02;5.431561e-02;5.256848e-02;7.732736e-02;2.750970e-02
7.175788e-02;5.506252e-02;2.749342e-01;5.798558e-02;4.134920e-02;7.119373e-02;1.995246e-01;5.049072e-02;3.714028e-02;7.039161e-02;5.160604e-02;1.856365e-02
8.558186e-02;8.018608e-02;2.087237e-01;4.700706e-02;3.007073e-02;9.961221e-02;2.370621e-01;4.459381e-02;2.963181e-02;6.086492e-02;4.300152e-02;3.366427e-02
1.173911e-01;8.515754e-02;1.216412e-01;6.161373e-02;4.510033e-02;9.075923e-02;2.284387e-01;5.235579e-02;2.927954e-02;5.378405e-02;6.484111e-02;4.963767e-02
1.072585e-01;5.912923e-02;1.929860e-01;9.045590e-02;8.712850e-02;4.280354e-02;1.492548e-01;5.593993e-02;4.999891e-02;3.209473e-02;9.188373e-02;4.106633e-02
8.154185e-02;9.245481e-02;1.306839e-01;8.784333e-02;8.421994e-02;5.306876e-02;1.500784e-01;6.864218e-02;9.455463e-02;2.808480e-02;9.417836e-02;3.464907e-02
7.917016e-02;6.143065e-02;1.842897e-01;7.623164e-02;7.783893e-02;5.041207e-02;1.655671e-01;5.985086e-02;8.127763e-02;3.579772e-02;8.186904e-02;4.626447e-02
6.699395e-02;2.988708e-02;1.351713e-01;7.279595e-02;7.165551e-02;7.869164e-02;1.990163e-01;4.713070e-02;5.074397e-02;6.627972e-02;1.111079e-01;7.052603e-02
6.441481e-02;4.173835e-02;9.742851e-02;6.508082e-02;7.538932e-02;6.502690e-02;2.249927e-01;5.255659e-02;6.803335e-02;5.569981e-02;1.116629e-01;7.797587e-02
1.131782e-01;8.250551e-02;8.121519e-02;4.796408e-02;7.455830e-02;5.706441e-02;2.419526e-01;5.866846e-02;5.095666e-02;4.549947e-02;7.529400e-02;7.114308e-02
9.487786e-02;1.011035e-01;1.214807e-01;4.350075e-02;6.318530e-02;6.401139e-02;1.981661e-01;7.111326e-02;4.481654e-02;6.166950e-02;7.917868e-02;5.689650e-02
5.342693e-02;9.720092e-02;1.574751e-01;4.694857e-02;1.005031e-01;9.737375e-02;1.141431e-01;6.106050e-02;5.906349e-02;5.753122e-02;9.174158e-02;6.353169e-02
4.865590e-02;6.546348e-02;1.132242e-01;4.406142e-02;9.145461e-02;9.516987e-02;1.536815e-01;9.144534e-02;1.162734e-01;5.227434e-02;5.842347e-02;6.987241e-02
4.637992e-02;6.888960e-02;1.014063e-01;4.793679e-02;8.025383e-02;7.912488e-02;1.722921e-01;1.015621e-01;1.503312e-01;4.620980e-02;4.098274e-02;6.463075e-02
7.333360e-02;6.986872e-02;9.598803e-02;6.541602e-02;6.873330e-02;8.019048e-02;1.792819e-01;8.191853e-02;1.418414e-01;5.497222e-02;3.759572e-02;5.086006e-02
9.696458e-02;5.788191e-02;9.740979e-02;8.523927e-02;7.574710e-02;6.797487e-02;2.396150e-01;3.825049e-02;8.191065e-02;6.435833e-02;3.629652e-02;5.835147e-02
8.267411e-02;4.880486e-02;1.258199e-01;7.789684e-02;7.652970e-02;6.504054e-02;2.328434e-01;2.332203e-02;6.169482e-02;5.995163e-02;8.120324e-02;6.421879e-02
6.354352e-02;4.629390e-02;1.289620e-01;5.196431e-02;7.832013e-02;8.992802e-02;1.813062e-01;4.375402e-02;6.154888e-02;7.736804e-02;1.200247e-01;5.698625e-02
9.665515e-02;9.043398e-02;1.558473e-01;3.141426e-02;6.880847e-02;8.220388e-02;1.221210e-01;5.575138e-02;4.713901e-02;9.093133e-02;9.840887e-02;6.028532e-02
1.490593e-01;1.470054e-01;1.950439e-01;2.818291e-02;6.412210e-02;5.113007e-02;8.375315e-02;4.902237e-02;4.463674e-02;9.309839e-02;5.364531e-02;4.130027e-02
1.720504e-01;1.696505e-01;1.931011e-01;4.228571e-02;6.552144e-02;2.878913e-02;7.307173e-02;4.045111e-02;5.949971e-02;7.402495e-02;5.390804e-02;2.764621e-02
1.827111e-01;1.510528e-01;1.776103e-01;5.265014e-02;5.830273e-02;2.415561e-02;6.127593e-02;3.382834e-02;6.330264e-02;4.176185e-02;8.942199e-02;6.392649e-02
1.372100e-01;1.441401e-01;1.536116e-01;7.068443e-02;5.605787e-02;2.612403e-02;9.665303e-02;5.045568e-02;3.526803e-02;4.487632e-02;1.229328e-01;6.198610e-02
1.047333e-01;1.543554e-01;1.720832e-01;7.186579e-02;6.892642e-02;4.487807e-02;1.109663e-01;5.517015e-02;2.581540e-02;1.816275e-02;1.281028e-01;4.494037e-02
1.374684e-01;1.503603e-01;1.515141e-01;5.932652e-02;6.328360e-02;4.756070e-02;8.829797e-02;4.280911e-02;3.691466e-02;2.371450e-02;1.238827e-01;7.486743e-02
1.810114e-01;7.705250e-02;1.085586e-01;4.771246e-02;6.072279e-02;4.410207e-02;9.501512e-02;3.849579e-02;5.861091e-02;3.226198e-02;1.462576e-01;1.101987e-01
1.918277e-01;2.977367e-02;1.300674e-01;4.086200e-02;6.279523e-02;5.078525e-02;8.551606e-02;2.483915e-02;7.194617e-02;4.678318e-02;1.629217e-01;1.018826e-01
1.601632e-01;3.950568e-02;1.097264e-01;3.257340e-02;5.724403e-02;6.679211e-02;9.994425e-02;6.660091e-02;6.258251e-02;1.118405e-01;1.326739e-01;6.035310e-02
1.256576e-01;4.475243e-02;8.348368e-02;5.324816e-02;5.243290e-02;6.175995e-02;1.439413e-01;1.017762e-01;5.816904e-02;1.517940e-01;7.440319e-02;4.858155e-02
1.168970e-01;4.810971e-02;9.866951e-02;5.556964e-02;6.582715e-02;6.083902e-02;1.179904e-01;9.250998e-02;7.428048e-02;1.051279e-01;1.343883e-01;2.979094e-02
9.200144e-02;5.622460e-02;2.133985e-01;4.199215e-02;7.269944e-02;5.080656e-02;9.624441e-02;6.105977e-02;7.207149e-02;7.868605e-02;1.334627e-01;3.135292e-02
5.473402e-02;5.274860e-02;3.109586e-01;5.340050e-02;7.888394e-02;3.471550e-02;1.187639e-01;2.795707e-02;5.144362e-02;8.321080e-02;9.899939e-02;3.418406e-02
5.924105e-02;4.943411e-02;2.600190e-01;6.105966e-02;1.029590e-01;4.668725e-02;1.812979e-01;1.507912e-02;3.684974e-02;7.425751e-02;8.102404e-02;3.209162e-02
9.407961e-02;4.762860e-02;5.894504e-02;4.624662e-02;1.163456e-01;9.003663e-02;2.101655e-01;3.924716e-02;7.293691e-02;8.891676e-02;8.210924e-02;5.334231e-02
9.658055e-02;5.281256e-02;1.628045e-01;2.660990e-02;6.880080e-02;7.891797e-02;2.327169e-01;3.119981e-02;6.720869e-02;6.644948e-02;5.059506e-02;6.530382e-02
9.805539e-02;5.809609e-02;2.159209e-01;2.246303e-02;6.812679e-02;7.144288e-02;2.075764e-01;2.743643e-02;5.081762e-02;6.432635e-02;5.241763e-02;6.332049e-02
8.429401e-02;6.111642e-02;2.277451e-01;2.543081e-02;6.111942e-02;6.646637e-02;1.634962e-01;3.961791e-02;6.546529e-02;8.801191e-02;6.705275e-02;5.018372e-02
