8.677436e-02;1.307585e-01;9.218524e-02;7.603134e-02;1.410592e-01;8.980992e-02;8.613016e-02;4.259850e-02;4.548078e-02;5.603828e-02;3.472058e-02;1.184131e-01
9.059066e-02;9.489374e-02;9.340043e-02;6.230208e-02;1.250299e-01;7.342315e-02;1.041119e-01;5.640027e-02;4.165638e-02;7.000657e-02;7.147334e-02;1.167116e-01
8.249400e-02;5.920876e-02;7.732380e-02;8.524407e-02;8.933873e-02;7.335613e-02;1.191372e-01;6.938348e-02;4.501994e-02;8.611804e-02;1.073413e-01;1.060345e-01
7.356185e-02;9.343482e-02;5.126540e-02;7.987655e-02;9.347056e-02;1.243150e-01;1.084211e-01;7.070059e-02;4.231708e-02;9.283760e-02;8.896589e-02;8.083362e-02
7.158449e-02;1.112146e-01;1.151354e-01;7.167961e-02;7.633843e-02;8.269417e-02;1.244270e-01;7.949849e-02;8.587231e-02;7.399495e-02;5.823321e-02;4.932732e-02
3.917738e-02;6.189756e-02;1.045451e-01;8.241203e-02;5.805182e-02;1.688013e-01;1.195265e-01;6.013574e-02;1.232038e-01;5.740038e-02;9.343125e-02;3.141716e-02
5.234952e-02;5.411446e-02;8.486217e-02;4.491502e-02;9.297489e-02;1.858928e-01;8.195329e-02;6.538980e-02;1.144539e-01;5.752150e-02;1.286893e-01;3.688327e-02
7.061239e-02;4.538890e-02;5.346927e-02;2.121319e-02;1.781529e-01;1.294329e-01;6.270435e-02;1.233758e-01;7.978122e-02;5.352097e-02;1.541042e-01;2.824396e-02
7.723764e-02;4.289641e-02;3.942496e-02;2.762314e-02;2.167637e-01;1.024548e-01;5.094536e-02;1.444872e-01;7.728388e-02;3.489399e-02;1.685196e-01;1.746934e-02
4.868079e-02;1.013584e-01;2.729600e-02;2.790512e-02;1.488609e-01;2.101304e-01;2.939593e-02;8.802956e-02;1.426383e-01;1.563139e-02;1.222841e-01;3.778910e-02
2.149724e-02;1.641753e-01;3.591812e-02;3.278848e-02;3.992356e-02;3.288464e-01;2.161000e-02;4.098926e-02;1.783499e-01;2.619970e-02;5.121323e-02;5.848881e-02
2.999858e-02;1.570309e-01;5.308515e-02;3.285339e-02;3.793461e-02;3.390239e-01;2.714051e-02;4.129065e-02;1.206756e-01;3.698888e-02;3.937716e-02;8.460063e-02
3.945028e-02;1.352065e-01;1.177250e-01;2.516616e-02;5.122900e-02;3.250846e-01;3.340677e-02;3.208513e-02;7.482658e-02;4.514742e-02;2.594576e-02;9.472674e-02
2.742057e-02;1.077651e-01;2.241049e-01;1.267080e-02;7.577825e-02;2.172813e-01;4.723524e-02;3.767687e-02;7.602275e-02;1.014305e-01;1.283378e-02;5.978002e-02
3.984225e-02;1.060943e-01;2.670738e-01;1.992516e-02;5.395050e-02;1.020816e-01;7.735184e-02;2.542297e-02;1.054186e-01;1.297563e-01;2.194382e-02;5.113878e-02
5.195506e-02;1.180861e-01;2.331904e-01;3.759189e-02;4.621489e-02;6.088259e-02;9.108084e-02;2.765252e-02;1.333884e-01;1.162148e-01;2.050830e-02;6.323434e-02
4.477762e-02;1.136194e-01;1.656726e-01;5.869679e-02;4.496387e-02;1.682594e-01;5.862814e-02;3.881255e-02;1.145851e-01;1.063763e-01;3.535074e-02;5.025759e-02
4.115458e-02;6.888219e-02;1.211182e-01;4.997458e-02;5.756478e-02;2.760304e-01;5.540197e-02;2.444246e-02;8.443373e-02;8.011211e-02;6.807601e-02;7.280893e-02
4.746783e-02;7.767908e-02;1.512543e-01;2.617575e-02;5.391625e-02;2.218267e-01;4.311851e-02;2.548980e-02;8.847934e-02;8.004542e-02;7.373598e-02;1.108110e-01
6.869024e-02;9.577931e-02;1.783868e-01;3.522570e-02;4.130552e-02;1.592663e-01;5.446078e-02;3.645993e-02;8.629995e-02;9.081095e-02;5.889620e-02;9.441829e-02
5.788733e-02;6.002956e-02;1.437022e-01;1.103952e-01;9.269866e-02;1.424119e-01;6.523933e-02;6.480912e-02;7.329027e-02;7.368329e-02;3.922111e-02;7.663198e-02
4.842193e-02;5.084531e-02;1.319535e-01;1.228194e-01;1.179251e-01;1.153026e-01;8.438629e-02;9.098393e-02;7.193811e-02;8.326785e-02;4.373959e-02;3.841645e-02
4.693057e-02;4.258861e-02;1.505794e-01;1.440314e-01;8.721319e-02;9.892054e-02;8.339269e-02;8.133007e-02;4.885424e-02;8.970713e-02;7.837127e-02;4.808085e-02
3.263661e-02;7.179317e-02;2.025574e-01;1.428952e-01;6.918125e-02;8.199686e-02;5.083329e-02;5.662163e-02;2.968713e-02;1.032841e-01;8.276498e-02;7.574838e-02
2.774641e-02;1.118150e-01;1.813833e-01;1.059469e-01;4.135432e-02;1.404684e-01;2.874559e-02;3.665688e-02;8.779503e-02;8.052916e-02;4.606873e-02;1.114902e-01
2.788882e-02;1.474445e-01;9.486344e-02;8.366688e-02;2.545689e-02;2.558055e-01;1.564699e-02;2.561253e-02;1.470268e-01;3.156172e-02;1.354267e-02;1.314832e-01
1.909555e-02;1.783862e-01;6.434588e-02;6.678133e-02;2.890444e-02;2.618547e-01;1.148706e-02;2.866760e-02;1.701075e-01;2.033212e-02;1.408140e-02;1.359563e-01
1.990914e-02;2.048443e-01;1.165322e-01;4.141351e-02;1.908401e-02;1.701021e-01;2.658007e-02;3.918467e-02;1.483586e-01;7.197276e-02;1.673532e-02;1.252834e-01
3.985644e-02;1.847869e-01;1.933118e-01;2.358345e-02;2.080329e-02;8.478253e-02;5.112108e-02;3.334044e-02;1.102912e-01;1.496998e-01;2.139118e-02;8.703185e-02
5.440331e-02;1.195987e-01;2.699890e-01;2.008411e-02;3.327722e-02;4.425728e-02;6.437464e-02;2.490942e-02;8.733807e-02;1.998315e-01;3.692841e-02;4.500825e-02
6.427473e-02;6.594282e-02;2.795597e-01;3.564225e-02;3.605687e-02;3.821849e-02;6.437038e-02;3.698185e-02;1.301542e-01;1.758195e-01;4.460641e-02;2.837291e-02
7.818037e-02;1.087179e-01;1.888653e-01;3.979274e-02;3.932957e-02;4.758292e-02;8.413849e-02;6.611845e-02;1.445453e-01;1.087230e-01;4.759860e-02;4.640733e-02
8.637460e-02;9.541581e-02;1.454401e-01;4.827500e-02;5.282037e-02;7.945731e-02;1.424945e-01;6.347997e-02;9.572612e-02;8.176137e-02;5.209229e-02;5.666252e-02
7.732558e-02;8.060845e-02;1.718983e-01;6.398606e-02;6.490098e-02;7.204554e-02;1.405704e-01;3.861091e-02;1.109411e-01;6.898250e-02;6.476790e-02;4.536228e-02
4.761449e-02;5.944825e-02;1.535653e-01;6.537540e-02;7.155377e-02;7.643960e-02;1.401751e-01;6.291457e-02;1.142908e-01;1.339083e-01;4.526904e-02;2.944523e-02
3.365715e-02;3.887558e-02;9.421742e-02;3.408410e-02;5.279386e-02;1.068452e-01;1.213182e-01;8.222178e-02;1.338000e-01;2.301197e-01;4.154596e-02;3.052101e-02
2.974649e-02;4.856239e-02;1.184474e-01;2.058855e-02;5.236704e-02;7.445630e-02;7.191852e-02;6.163003e-02;1.253344e-01;3.106547e-01;2.848196e-02;5.781218e-02
3.065928e-02;3.397473e-02;7.434101e-02;3.143047e-02;6.912076e-02;9.680679e-02;5.395878e-02;6.813835e-02;1.260440e-01;3.220939e-01;4.217172e-02;5.126021e-02
3.209836e-02;5.136852e-02;5.594100e-02;3.146883e-02;5.697577e-02;1.204463e-01;1.204100e-01;9.555513e-02;1.168861e-01;2.406407e-01;4.923135e-02;2.897798e-02
4.554781e-02;4.278284e-02;7.342467e-02;4.466585e-02;3.660430e-02;1.132957e-01;1.887081e-01;1.476637e-01;9.556789e-02;1.538648e-01;3.599998e-02;2.187422e-02
3.597057e-02;2.399988e-02;7.171014e-02;7.456312e-02;3.535230e-02;1.054225e-01;2.064429e-01;1.250659e-01;1.434104e-01;1.233612e-01;2.665674e-02;2.804426e-02
5.785835e-02;3.174201e-02;5.202561e-02;7.859198e-02;4.528840e-02;6.002555e-02;1.783009e-01;1.229139e-01;1.437008e-01;1.553118e-01;3.942130e-02;3.481941e-02
7.632808e-02;2.982191e-02;6.674494e-02;8.183029e-02;7.489072e-02;5.874775e-02;1.606717e-01;1.329678e-01;1.088313e-01;1.369134e-01;4.311713e-02;2.913496e-02
8.285426e-02;4.160225e-02;8.315257e-02;7.927912e-02;8.284285e-02;8.366445e-02;1.867495e-01;9.978330e-02;9.397118e-02;1.143965e-01;3.143283e-02;2.027117e-02
5.998967e-02;3.994467e-02;1.423360e-01;3.943077e-02;7.297081e-02;1.145015e-01;2.271347e-01;9.537789e-02;5.468455e-02;8.573596e-02;3.591625e-02;3.197721e-02
2.758560e-02;3.894897e-02;1.706977e-01;6.394050e-02;1.312016e-01;1.237098e-01;2.294337e-01;4.560263e-02;3.992216e-02;4.937874e-02;3.848963e-02;4.108889e-02
2.036819e-02;2.774883e-02;1.419279e-01;6.500641e-02;2.232684e-01;1.225461e-01;2.049936e-01;2.677807e-02;4.580390e-02;3.037491e-02;3.057974e-02;6.060392e-02
1.780531e-02;1.501065e-02;1.098351e-01;3.650101e-02;3.276596e-01;1.326621e-01;1.922320e-01;2.003574e-02;4.093747e-02;1.312504e-02;1.538112e-02;7.881489e-02
2.348913e-02;7.603941e-03;9.791392e-02;3.620866e-02;3.777361e-01;1.245679e-01;1.738946e-01;1.134541e-02;3.638410e-02;7.838027e-03;9.560044e-03;9.345818e-02
1.543211e-02;8.967252e-03;1.448220e-01;6.322759e-02;3.538398e-01;8.936418e-02;1.137570e-01;1.125103e-02;3.344342e-02;1.767219e-02;4.845745e-02;9.976593e-02
1.053553e-02;1.352826e-02;2.545363e-01;1.094258e-01;2.303274e-01;5.182455e-02;4.934684e-02;2.188046e-02;1.924575e-02;5.122961e-02;1.150007e-01;7.311886e-02
9.648955e-03;1.085736e-02;3.978683e-01;1.180369e-01;9.763059e-02;2.583294e-02;2.440219e-02;2.011024e-02;2.268846e-02;1.295609e-01;1.147505e-01;2.861273e-02
1.244073e-02;8.955713e-03;4.946502e-01;6.629673e-02;3.427109e-02;1.030276e-02;2.642330e-02;9.401821e-03;4.483613e-02;2.408691e-01;3.940194e-02;1.215051e-02
1.145072e-02;1.336314e-02;4.841547e-01;5.549316e-02;1.819633e-02;5.283765e-03;2.988159e-02;7.240403e-03;4.954960e-02;2.815756e-01;3.271029e-02;1.110076e-02
1.552961e-02;2.471731e-02;4.651559e-01;5.782122e-02;2.369363e-02;1.054397e-02;6.259304e-02;7.670901e-03;2.130957e-02;2.577766e-01;4.295453e-02;1.023372e-02
3.936568e-02;4.631549e-02;4.242123e-01;5.091278e-02;2.711762e-02;1.406223e-02;9.609334e-02;1.266936e-02;2.283325e-02;2.191643e-01;3.081552e-02;1.643813e-02
6.172169e-02;3.877404e-02;3.844760e-01;4.983871e-02;3.628697e-02;2.497659e-02;8.963832e-02;1.782655e-02;6.236443e-02;1.699066e-01;3.905355e-02;2.513666e-02
5.316232e-02;4.074534e-02;4.221219e-01;8.139120e-02;4.252084e-02;2.816868e-02;6.044783e-02;1.823596e-02;6.410088e-02;1.302894e-01;3.247455e-02;2.634117e-02
2.300390e-02;2.446545e-02;4.611687e-01;1.279214e-01;8.097652e-02;2.773299e-02;7.287904e-02;2.899392e-02;2.702637e-02;8.686906e-02;2.351437e-02;1.544831e-02
9.949576e-03;1.830216e-02;4.999768e-01;1.007214e-01;8.946346e-02;3.078428e-02;8.212746e-02;4.556953e-02;2.349815e-02;7.153029e-02;2.064803e-02;7.428823e-03
2.342759e-02;4.755001e-02;5.293828e-01;6.067432e-02;8.617792e-02;1.957703e-02;6.019145e-02;3.935995e-02;3.093025e-02;6.879121e-02;2.710255e-02;6.834918e-03
3.506329e-02;7.802138e-02;5.845392e-01;4.616870e-02;7.013472e-02;1.071502e-02;3.172750e-02;1.964116e-02;3.155417e-02;6.346162e-02;2.178666e-02;7.186615e-03
2.949948e-02;8.723415e-02;6.224885e-01;2.632977e-02;6.800360e-02;5.869973e-03;3.871925e-02;1.189728e-02;3.261848e-02;5.861441e-02;9.064950e-03;9.660088e-03
2.138801e-02;7.230547e-02;5.911945e-01;1.690436e-02;9.835348e-02;6.510595e-03;8.798365e-02;6.482385e-03;2.656544e-02;6.403555e-02;3.602548e-03;4.674054e-03
2.429253e-02;4.500517e-02;5.749047e-01;4.885392e-02;7.853871e-02;1.281552e-02;1.120808e-01;8.328281e-03;2.974666e-02;5.639793e-02;5.494703e-03;3.541052e-03
3.117282e-02;2.065866e-02;5.536908e-01;1.104993e-01;4.442585e-02;3.217372e-02;8.156355e-02;2.042992e-02;4.636396e-02;4.065204e-02;1.536149e-02;3.007852e-03
2.527904e-02;1.694391e-02;4.014172e-01;2.174587e-01;4.385523e-02;9.089179e-02;3.401428e-02;7.332146e-02;3.472748e-02;2.852043e-02;3.025154e-02;3.318886e-03
8.848707e-03;2.082168e-02;2.175761e-01;2.755113e-01;1.042346e-01;1.153171e-01;3.471455e-02;1.263600e-01;2.362028e-02;3.217680e-02;3.512034e-02;5.698603e-03
6.023681e-03;1.644961e-02;8.738787e-02;2.232628e-01;2.439269e-01;8.958398e-02;7.751951e-02;9.874695e-02;7.341496e-02;3.628362e-02;2.347266e-02;2.392744e-02
1.217495e-02;1.152372e-02;4.558179e-02;1.063415e-01;3.197044e-01;1.352419e-01;1.222649e-01;3.433929e-02;1.438714e-01;2.818207e-02;7.373034e-03;3.340099e-02
1.920235e-02;6.383670e-03;3.524012e-02;5.516367e-02;2.042159e-01;2.821102e-01;1.514423e-01;5.125651e-02;1.067514e-01;6.263948e-02;6.139079e-03;1.945530e-02
1.192135e-02;1.735155e-02;1.635633e-02;4.697904e-02;8.480350e-02;2.773430e-01;3.022059e-01;9.308981e-02;5.497104e-02;7.633106e-02;1.457340e-02;4.074108e-03
3.626570e-03;2.409142e-02;3.853134e-02;2.595211e-02;9.336557e-02;1.292982e-01;3.827473e-01;1.754642e-01;5.849983e-02;4.417486e-02;1.768979e-02;6.558906e-03
2.402856e-03;1.556252e-02;1.050370e-01;1.315380e-02;9.495835e-02;6.053478e-02;2.550632e-01;3.005390e-01;7.086387e-02;5.092791e-02;1.185466e-02;1.910209e-02
3.521382e-03;5.699555e-03;1.749792e-01;2.322230e-02;5.437716e-02;8.303481e-02;9.658235e-02;3.444996e-01;1.089450e-01;6.442829e-02;5.835840e-03;3.487456e-02
8.486715e-03;6.356737e-03;2.154415e-01;4.182426e-02;2.041450e-02;1.015305e-01;5.777906e-02;2.839997e-01;1.581711e-01;4.682134e-02;5.196170e-03;5.397841e-02
9.377267e-03;1.671904e-02;2.048399e-01;4.686923e-02;2.286454e-02;7.965478e-02;8.518700e-02;2.261444e-01;1.668606e-01;4.752172e-02;1.840338e-02;7.555822e-02
1.435628e-02;2.481082e-02;1.594400e-01;7.388122e-02;2.324589e-02;5.447524e-02;8.965169e-02;1.818797e-01;1.909830e-01;7.379543e-02;2.741302e-02;8.606771e-02
3.812928e-02;9.062467e-03;8.379690e-02;1.399583e-01;9.994387e-03;6.272048e-02;4.241283e-02;9.968770e-02;3.382081e-01;9.391206e-02;2.534412e-02;5.677328e-02
3.287025e-02;3.968492e-03;5.268944e-02;1.653745e-01;7.200914e-03;8.947942e-02;1.541523e-02;9.667018e-02;3.738554e-01;5.612458e-02;1.611141e-02;9.024018e-02
1.387659e-02;4.218677e-03;7.282420e-02;1.739656e-01;4.822540e-03;1.139426e-01;1.580101e-02;1.302881e-01;2.694537e-01;2.468952e-02;7.386732e-03;1.687308e-01
2.324096e-02;8.852878e-03;7.115702e-02;2.369505e-01;1.386893e-02;7.270345e-02;4.409914e-02;1.202816e-01;2.257748e-01;2.274477e-02;3.013599e-03;1.573123e-01
6.251743e-02;1.240203e-02;4.567483e-02;2.674040e-01;2.583010e-02;3.055062e-02;7.377602e-02;6.470012e-02;2.902661e-01;3.719085e-02;6.425723e-03;8.326223e-02
9.538189e-02;2.068201e-02;2.652388e-02;2.204811e-01;3.918299e-02;2.005306e-02;9.810364e-02;2.567135e-02;2.928397e-01;8.582743e-02;2.648116e-02;4.877170e-02
1.255502e-01;4.790924e-02;4.525910e-02;1.330509e-01;5.188079e-02;2.442553e-02;9.964415e-02;3.772967e-02;1.933082e-01;1.172396e-01;5.415408e-02;6.984859e-02
1.477597e-01;8.396342e-02;8.124932e-02;7.516218e-02;5.600991e-02;4.605301e-02;7.936540e-02;5.126944e-02;1.029219e-01;1.053658e-01;5.462013e-02;1.162597e-01
1.204231e-01;8.345479e-02;1.070569e-01;1.571552e-01;2.736284e-02;5.800859e-02;7.763208e-02;4.071975e-02;1.068475e-01;4.454942e-02;2.970148e-02;1.470884e-01
7.022697e-02;1.941206e-02;8.350620e-02;2.826457e-01;5.407098e-02;4.163338e-02;1.067405e-01;3.170964e-02;1.281243e-01;3.998085e-02;4.241693e-02;9.953249e-02
8.565917e-02;3.771569e-02;1.030952e-01;1.991384e-01;8.470469e-02;4.192358e-02;9.719967e-02;5.722467e-02;8.613788e-02;3.877589e-02;4.683659e-02;1.215886e-01
1.116077e-01;6.315365e-02;9.155934e-02;1.180445e-01;8.812205e-02;5.025359e-02;6.982256e-02;6.861304e-02;1.446456e-01;5.282901e-02;2.293482e-02;1.184140e-01
1.159950e-01;6.147912e-02;8.088453e-02;1.633110e-01;4.281249e-02;5.370702e-02;8.831368e-02;7.780132e-02;1.245588e-01;7.199054e-02;4.173349e-02;7.741302e-02
7.633237e-02;5.266817e-02;7.613995e-02;5.875409e-02;7.821880e-02;3.308795e-02;5.327226e-02;5.177967e-02;1.731159e-01;1.743106e-01;1.163623e-01;5.595797e-02
4.853394e-02;3.340475e-02;6.031822e-02;8.834128e-02;6.316207e-02;2.662061e-02;5.054426e-02;6.161539e-02;2.338739e-01;1.874889e-01;9.803177e-02;4.806493e-02
6.575876e-02;4.592248e-02;6.267460e-02;8.752556e-02;3.736361e-02;3.336367e-02;7.851546e-02;1.109851e-01;2.256003e-01;1.335979e-01;6.765693e-02;5.103571e-02
1.147734e-01;5.575611e-02;6.979375e-02;6.391226e-02;2.940221e-02;6.010002e-02;1.015100e-01;1.201084e-01;1.640643e-01;8.962328e-02;4.602670e-02;8.492953e-02
1.405725e-01;3.303483e-02;4.797451e-02;5.864251e-02;5.317575e-02;6.316859e-02;7.564415e-02;8.874303e-02;9.376942e-02;5.592428e-02;1.112138e-01;1.781366e-01
9.947231e-02;9.958126e-03;7.231302e-02;7.942998e-02;4.591056e-02;3.428316e-02;6.776161e-02;9.566148e-02;5.342025e-02;6.897977e-02;1.893158e-01;1.834939e-01
6.315504e-02;7.559809e-03;1.713597e-01;6.484406e-02;3.021627e-02;9.018823e-03;1.369516e-01;6.322438e-02;3.790591e-02;1.731229e-01;1.533548e-01;8.928667e-02
4.304998e-02;1.113418e-02;2.741935e-01;2.608374e-02;2.687031e-02;7.471866e-03;1.991617e-01;1.992922e-02;2.700124e-02;2.977529e-01;4.260767e-02;2.474374e-02
2.143410e-02;1.932405e-02;2.935867e-01;1.251304e-02;2.385033e-02;1.029844e-02;1.932266e-01;1.371763e-02;2.615935e-02;3.429630e-01;2.353038e-02;1.939637e-02
1.058647e-02;2.080262e-02;2.259015e-01;3.229313e-02;3.019113e-02;8.894081e-03;1.670112e-01;2.906336e-02;3.679706e-02;2.995182e-01;9.515693e-02;4.378440e-02
9.811155e-03;1.439925e-02;1.338046e-01;4.510619e-02;6.213264e-02;2.726874e-02;1.222158e-01;5.524782e-02;5.125274e-02;1.982273e-01;1.764983e-01;1.040354e-01
3.205574e-02;2.631735e-02;7.132211e-02;5.433865e-02;1.066677e-01;5.748861e-02;1.235426e-01;6.574396e-02;5.833214e-02;9.483528e-02;1.608894e-01;1.484664e-01
6.049955e-02;4.906044e-02;6.305835e-02;5.565501e-02;1.125114e-01;8.055124e-02;1.630773e-01;8.938245e-02;1.004372e-01;3.486337e-02;7.155152e-02;1.193521e-01
5.687117e-02;6.509330e-02;8.050977e-02;5.001759e-02;8.977571e-02;7.286424e-02;1.620832e-01;1.143322e-01;1.238220e-01;7.948581e-02;6.077544e-02;4.436954e-02
5.244611e-02;5.654724e-02;1.752650e-01;5.240523e-02;6.116081e-02;5.750025e-02;2.004186e-01;7.687529e-02;9.385116e-02;7.506350e-02;5.347011e-02;4.499666e-02
8.397772e-02;4.972580e-02;2.373319e-01;4.036989e-02;8.027535e-02;5.573332e-02;1.527179e-01;5.211316e-02;4.310928e-02;7.889715e-02;4.188770e-02;8.386085e-02
6.452996e-02;3.215021e-02;1.454791e-01;6.620869e-02;8.565111e-02;6.075992e-02;1.438797e-01;5.781305e-02;5.856777e-02;8.630054e-02;9.772120e-02;1.009389e-01
2.569877e-02;3.495121e-02;1.051835e-01;9.004390e-02;7.117334e-02;4.042599e-02;1.323414e-01;6.744653e-02;8.403159e-02;1.347408e-01;9.780943e-02;1.161535e-01
9.154142e-02;3.130126e-02;1.124732e-01;8.146659e-02;4.639482e-02;3.430990e-02;1.430087e-01;6.126539e-02;4.858308e-02;1.279563e-01;8.418836e-02;1.375109e-01
1.388324e-01;6.176700e-02;8.877287e-02;5.209466e-02;3.493342e-02;5.876463e-02;1.470996e-01;8.319101e-02;5.471183e-02;9.199169e-02;6.903050e-02;1.188104e-01
1.561775e-01;6.196596e-02;1.679703e-01;3.307220e-02;4.033260e-02;6.501655e-02;1.333488e-01;6.905554e-02;6.725322e-02;7.517903e-02;5.514488e-02;7.548335e-02
1.105255e-01;7.347627e-02;4.020250e-01;3.297019e-02;3.614074e-02;4.461002e-02;8.165395e-02;5.468705e-02;5.312032e-02;4.639078e-02;2.922896e-02;3.517124e-02
4.093662e-02;1.049697e-01;5.829642e-01;3.188403e-02;2.640521e-02;2.189945e-02;4.111443e-02;5.358383e-02;2.823508e-02;3.914851e-02;1.497764e-02;1.388125e-02
2.199344e-02;6.950425e-02;6.223232e-01;4.095988e-02;3.009293e-02;1.326848e-02;4.422402e-02;3.924457e-02;4.282318e-02;5.666439e-02;1.127360e-02;7.628109e-03
1.325589e-02;2.772359e-02;5.878667e-01;5.680192e-02;3.140177e-02;1.421624e-02;5.259404e-02;2.215776e-02;9.903734e-02;6.670204e-02;2.394543e-02;4.297282e-03
2.234376e-02;1.348993e-02;4.528733e-01;8.698312e-02;6.092840e-02;3.794462e-02;5.399308e-02;4.838895e-02;1.071283e-01;5.366611e-02;4.839455e-02;1.386591e-02
7.308727e-02;2.385308e-02;2.146936e-01;7.001975e-02;1.171980e-01;9.450060e-02;1.645529e-01;6.100745e-02;6.193503e-02;3.466740e-02;4.769529e-02;3.678960e-02
8.824822e-02;6.817585e-02;6.815588e-02;3.954759e-02;1.077138e-01;1.313143e-01;3.231451e-01;4.524090e-02;3.832889e-02;2.043592e-02;2.851732e-02;4.117629e-02
5.104546e-02;1.371423e-01;6.688827e-02;1.486707e-02;5.638772e-02;1.103292e-01;4.579725e-01;3.399874e-02;2.306472e-02;1.558904e-02;1.477541e-02;1.793973e-02
1.136371e-02;1.469754e-01;1.596148e-01;2.302783e-02;2.314486e-02;5.334476e-02;4.855515e-01;5.266258e-02;2.358752e-02;7.003956e-03;9.880105e-03;3.842963e-03
4.533201e-03;9.383403e-02;2.250283e-01;5.057480e-02;1.707617e-02;2.299233e-02;4.632360e-01;8.700720e-02;2.297067e-02;3.794601e-03;6.942746e-03;2.009983e-03
3.379339e-03;4.372422e-02;1.851444e-01;5.662151e-02;2.968303e-02;1.861854e-02;5.106546e-01;1.212052e-01;1.690762e-02;7.159906e-03;3.641572e-03;3.260037e-03
3.157189e-03;1.411514e-02;7.820798e-02;2.712907e-02;4.869769e-02;2.560781e-02;6.263306e-01;1.352913e-01;2.055679e-02;8.291681e-03;8.563916e-03;4.050890e-03
5.670788e-03;6.505100e-03;1.856276e-02;7.435501e-03;4.445955e-02;2.252563e-02;6.720389e-01;1.713279e-01;2.083583e-02;1.513820e-02;1.075889e-02;4.740941e-03
8.764047e-03;1.406789e-02;2.302903e-02;1.094948e-02;3.659829e-02;3.388657e-02;6.236056e-01;1.950520e-01;2.184234e-02;2.208472e-02;6.764767e-03;3.355235e-03
1.834043e-02;2.154283e-02;1.625613e-02;1.369848e-02;4.148286e-02;5.908445e-02;6.212794e-01;1.541938e-01;2.391355e-02;1.580586e-02;8.896624e-03;5.505581e-03
3.258847e-02;4.071615e-02;3.601903e-02;1.414623e-02;7.202253e-02;8.817417e-02;5.157935e-01;1.001738e-01;3.794131e-02;2.274424e-02;2.075618e-02;1.892442e-02
5.357851e-02;6.745206e-02;8.778013e-02;2.634256e-02;1.009357e-01;8.505072e-02;2.893864e-01;8.099723e-02;8.549616e-02;2.814761e-02;4.573926e-02;4.909369e-02
9.300499e-02;6.550971e-02;1.287111e-01;4.288542e-02;6.983410e-02;4.832175e-02;2.569859e-01;7.682779e-02;9.027091e-02;2.741307e-02;5.393708e-02;4.629811e-02
9.752965e-02;6.034307e-02;9.531487e-02;6.564330e-02;6.220606e-02;4.327182e-02;2.544143e-01;8.579944e-02;9.884595e-02;4.513464e-02;5.289582e-02;3.860109e-02
1.146162e-01;8.578922e-02;1.230113e-01;6.711822e-02;7.116227e-02;4.161660e-02;1.467195e-01;8.293795e-02;8.158712e-02;8.529169e-02;4.783189e-02;5.231807e-02
1.230500e-01;9.052590e-02;1.188599e-01;7.458676e-02;6.677140e-02;3.819876e-02;1.008730e-01;5.816167e-02;1.080987e-01;1.029188e-01;7.281683e-02;4.513826e-02
1.067066e-01;6.795130e-02;9.795167e-02;8.056252e-02;5.832751e-02;3.215871e-02;1.085578e-01;7.256766e-02;1.592978e-01;1.215961e-01;6.120767e-02;3.311463e-02
7.172259e-02;4.976561e-02;9.176344e-02;7.842369e-02;5.599494e-02;3.288068e-02;1.797536e-01;9.731311e-02;1.802133e-01;9.693774e-02;3.886240e-02;2.636890e-02
5.435939e-02;4.597808e-02;1.226696e-01;6.207683e-02;5.507417e-02;4.017948e-02;2.064212e-01;9.754181e-02;1.627178e-01;7.259159e-02;4.625560e-02;3.413446e-02
5.701372e-02;4.671848e-02;2.008110e-01;6.194329e-02;7.441306e-02;5.257947e-02;1.496985e-01;7.091501e-02;1.250602e-01;6.442241e-02;5.166982e-02;4.475495e-02
3.917924e-02;4.425357e-02;4.727758e-01;1.300885e-01;7.040265e-02;1.971471e-02;6.441779e-02;2.737512e-02;2.560114e-02;4.697130e-02;2.782958e-02;3.139061e-02
1.526278e-02;3.144511e-02;6.981537e-01;8.937882e-02;3.858994e-02;9.413564e-03;3.287289e-02;1.651105e-02;2.400492e-02;2.263156e-02;1.358806e-02;8.147606e-03
1.500771e-02;4.232224e-02;7.695661e-01;4.912422e-02;1.776349e-02;9.098591e-03;3.445817e-02;1.182912e-02;1.995444e-02;1.626303e-02;6.851072e-03;7.761801e-03
4.133685e-02;4.930129e-02;5.677734e-01;5.820702e-02;2.794396e-02;3.343001e-02;5.322702e-02;3.234966e-02;3.738980e-02;3.691458e-02;2.992531e-02;3.220111e-02
4.149425e-02;3.478308e-02;1.158117e-01;8.841089e-02;1.285129e-01;8.422684e-02;1.465126e-01;1.072159e-01;1.138325e-01;2.732500e-02;4.446446e-02;6.740987e-02
2.716540e-02;2.201716e-02;5.784808e-02;1.028686e-01;1.340915e-01;7.994425e-02;1.226832e-01;1.411369e-01;1.096721e-01;3.103273e-02;8.217128e-02;8.936882e-02
2.498926e-02;1.041653e-02;9.115063e-02;1.008016e-01;1.085940e-01;5.260380e-02;1.254833e-01;1.406189e-01;8.914484e-02;3.707376e-02;1.181481e-01;1.009752e-01
2.908432e-02;6.182169e-03;1.901012e-01;6.421082e-02;6.389433e-02;2.313562e-02;1.661034e-01;1.058353e-01;5.654497e-02;9.544449e-02;1.129497e-01;8.651375e-02
2.348593e-02;8.325680e-03;3.548175e-01;1.485964e-02;3.025631e-02;9.559662e-03;2.029131e-01;5.599767e-02;2.718375e-02;1.667842e-01;5.876670e-02;4.704990e-02
1.020907e-02;1.819473e-02;5.213552e-01;1.155404e-02;1.933550e-02;1.009154e-02;1.520159e-01;1.835126e-02;1.053382e-02;2.066306e-01;9.498214e-03;1.223020e-02
1.573885e-02;1.138966e-02;5.952536e-01;8.673107e-03;2.380037e-02;6.867337e-03;1.079206e-01;5.196056e-03;9.232747e-03;2.026466e-01;9.298309e-03;3.982825e-03
3.987407e-02;1.364720e-02;5.779336e-01;1.214070e-02;1.865629e-02;3.356546e-03;1.314711e-01;5.257062e-03;1.766264e-02;1.680327e-01;8.207984e-03;3.760081e-03
8.053864e-02;1.039759e-02;5.055582e-01;1.593598e-02;1.197282e-02;4.109518e-03;1.460170e-01;5.647288e-03;1.771680e-02;1.746922e-01;2.257692e-02;4.837046e-03
1.224573e-01;1.172959e-02;3.865093e-01;1.393917e-02;1.553224e-02;5.818970e-03;1.362866e-01;7.199353e-03;3.963528e-02;2.385851e-01;1.650849e-02;5.798735e-03
1.237382e-01;2.810266e-02;2.391601e-01;4.712530e-02;2.200750e-02;1.746863e-02;9.522265e-02;2.498183e-02;9.036492e-02;2.360810e-01;6.381572e-02;1.193147e-02
8.649743e-02;6.203638e-02;1.684431e-01;7.032588e-02;2.674289e-02;2.974851e-02;5.703338e-02;5.015775e-02;1.028795e-01;1.749732e-01;1.442730e-01;2.688908e-02
7.785653e-02;8.115904e-02;2.346113e-01;6.672817e-02;3.634272e-02;2.440255e-02;6.064201e-02;4.764770e-02;7.915349e-02;1.228114e-01;1.386203e-01;3.002474e-02
1.165368e-01;8.639086e-02;3.007083e-01;3.776878e-02;4.842304e-02;1.972528e-02;8.542597e-02;2.319840e-02;5.597942e-02;1.339579e-01;5.584363e-02;3.604174e-02
1.400953e-01;8.957266e-02;2.511597e-01;4.878657e-02;6.435355e-02;4.288733e-02;8.561223e-02;2.998680e-02;5.881280e-02;1.091433e-01;2.602557e-02;5.356424e-02
1.619439e-01;4.268038e-02;2.208147e-01;6.569670e-02;5.487825e-02;4.497923e-02;7.527277e-02;6.413965e-02;5.953054e-02;8.669632e-02;7.074793e-02;5.261965e-02
1.092481e-01;7.821576e-02;3.020977e-01;7.919506e-02;3.838715e-02;2.552179e-02;7.533471e-02;4.901477e-02;5.899734e-02;8.003925e-02;6.845736e-02;3.549108e-02
7.501929e-02;5.192207e-02;3.379809e-01;1.243137e-01;3.602996e-02;3.870666e-02;1.085707e-01;2.503426e-02;5.304712e-02;6.320924e-02;6.625657e-02;1.990964e-02
3.423920e-02;1.918998e-02;3.765068e-01;1.898260e-01;4.613161e-02;6.238221e-02;1.128249e-01;1.609089e-02;2.650283e-02;2.594496e-02;8.265753e-02;7.703098e-03
1.401520e-02;1.620665e-02;4.804206e-01;1.994909e-01;5.122849e-02;4.399821e-02;4.466316e-02;1.593495e-02;8.710378e-03;3.557563e-02;8.689535e-02;2.860530e-03
9.524069e-03;2.607934e-02;5.973665e-01;1.394158e-01;3.496508e-02;1.758317e-02;1.115720e-02;9.248683e-03;9.633517e-03;7.854721e-02;6.515715e-02;1.322220e-03
1.258859e-02;4.089464e-02;6.318752e-01;7.445741e-02;3.461266e-02;7.164372e-03;2.043665e-02;4.540006e-03;1.326970e-02;1.223288e-01;3.647101e-02;1.360933e-03
1.851586e-02;7.559547e-02;6.026543e-01;4.144840e-02;4.662031e-02;7.420024e-03;2.024203e-02;4.765708e-03;3.431093e-02;1.264978e-01;1.788051e-02;4.048682e-03
3.923133e-02;1.760770e-01;4.896942e-01;2.388334e-02;4.278924e-02;2.079062e-02;1.184223e-02;6.505143e-03;9.102768e-02;8.823692e-02;4.865311e-03;5.056935e-03
1.095330e-01;2.936044e-01;3.142254e-01;1.845930e-02;1.961077e-02;3.575268e-02;6.850014e-03;8.868702e-03;1.436426e-01;3.692284e-02;5.313801e-03;7.216436e-03
2.191303e-01;3.462090e-01;1.842091e-01;1.608699e-02;1.304366e-02;3.019034e-02;8.149141e-03;1.800925e-02;1.327664e-01;1.764031e-02;4.341687e-03;1.022380e-02
3.711728e-01;3.218980e-01;9.669533e-02;8.518775e-03;3.876335e-02;1.198548e-02;7.216862e-03;3.035107e-02;7.597508e-02;1.209689e-02;8.624957e-03;1.670147e-02
4.703159e-01;2.728411e-01;5.528641e-02;6.273729e-03;7.936068e-02;6.544868e-03;7.041819e-03;4.181440e-02;2.410974e-02;6.954245e-03;7.555640e-03;2.190147e-02
4.885409e-01;1.914752e-01;5.041938e-02;2.019241e-02;1.216293e-01;7.040699e-03;1.274818e-02;4.507893e-02;1.098782e-02;4.700221e-03;8.789439e-03;3.839744e-02
4.778133e-01;1.106931e-01;2.435778e-02;2.968513e-02;1.733615e-01;3.034828e-02;1.454587e-02;4.526765e-02;1.026238e-02;5.994767e-03;1.274916e-02;6.492106e-02
4.489275e-01;6.174757e-02;1.813249e-02;1.767881e-02;1.882743e-01;6.671122e-02;1.742401e-02;6.551041e-02;1.562230e-02;4.906456e-03;1.287923e-02;8.218566e-02
4.324129e-01;5.387003e-02;2.168363e-02;1.772064e-02;1.153507e-01;6.691860e-02;3.211611e-02;1.002095e-01;2.691124e-02;1.570488e-02;2.373993e-02;9.336182e-02
3.924663e-01;5.815901e-02;3.857617e-02;4.007668e-02;3.714760e-02;3.617247e-02;4.213465e-02;1.060489e-01;3.596415e-02;4.269792e-02;6.418128e-02;1.063749e-01
3.023720e-01;7.302270e-02;7.496462e-02;5.673888e-02;2.302488e-02;2.632436e-02;6.622175e-02;7.340912e-02;3.354879e-02;5.122339e-02;9.573205e-02;1.234174e-01
1.608418e-01;1.276862e-01;1.040904e-01;1.370932e-01;3.137798e-02;2.350905e-02;9.619770e-02;3.746770e-02;2.927740e-02;5.534508e-02;5.991194e-02;1.372016e-01
7.126824e-02;2.022770e-01;5.622770e-02;2.467969e-01;3.496427e-02;1.887264e-02;9.543301e-02;2.705983e-02;1.890942e-02;5.860264e-02;2.987233e-02;1.397160e-01
5.993489e-02;1.974341e-01;9.896072e-02;2.051310e-01;6.863929e-02;2.462345e-02;6.799541e-02;3.114940e-02;4.528573e-02;4.593563e-02;4.577198e-02;1.091384e-01
1.441993e-01;8.684377e-02;2.297018e-01;6.730068e-02;8.976861e-02;5.898646e-02;3.148567e-02;2.698040e-02;7.638887e-02;5.052580e-02;9.040347e-02;4.741518e-02
2.257736e-01;3.236296e-02;2.581748e-01;3.160168e-02;5.467785e-02;8.934429e-02;3.101316e-02;2.058753e-02;5.585108e-02;5.833551e-02;1.161844e-01;2.609319e-02
1.855965e-01;4.954810e-02;1.543181e-01;5.876978e-02;6.157867e-02;8.081704e-02;6.508882e-02;4.026825e-02;3.028177e-02;8.652828e-02;1.097079e-01;7.749680e-02
1.164947e-01;4.553327e-02;6.648415e-02;6.626870e-02;6.434374e-02;8.177308e-02;7.377115e-02;6.369199e-02;2.788430e-02;1.374957e-01;1.364680e-01;1.197912e-01
7.974346e-02;4.301156e-02;3.364298e-02;4.601371e-02;4.509568e-02;1.106641e-01;6.143156e-02;1.025183e-01;2.610849e-02;1.756352e-01;1.790727e-01;9.706226e-02
5.970221e-02;4.944175e-02;3.583545e-02;2.794533e-02;7.169580e-02;9.684554e-02;6.866799e-02;1.476153e-01;3.779809e-02;1.847530e-01;1.596953e-01;6.000429e-02
3.510477e-02;8.943257e-02;6.421896e-02;2.512348e-02;1.255456e-01;6.667706e-02;9.142550e-02;1.355647e-01;3.364556e-02;1.899084e-01;1.066861e-01;3.666728e-02
1.169194e-01;1.280624e-01;1.323965e-01;5.072838e-02;1.084050e-01;5.151559e-02;7.810610e-02;6.001417e-02;3.206712e-02;1.354419e-01;6.332359e-02;4.301983e-02
2.126785e-01;1.344974e-01;1.737143e-01;6.939530e-02;6.763563e-02;4.834186e-02;7.291735e-02;3.126690e-02;1.335404e-02;7.475100e-02;5.076620e-02;5.068149e-02
2.470343e-01;1.214734e-01;1.565482e-01;1.206359e-01;5.805005e-02;4.426086e-02;7.473928e-02;2.016476e-02;2.625212e-02;3.936933e-02;4.489247e-02;4.657934e-02
2.150211e-01;1.537026e-01;1.587475e-01;1.445498e-01;4.784944e-02;3.645930e-02;7.174475e-02;1.814986e-02;4.099614e-02;3.122350e-02;3.467005e-02;4.688600e-02
1.273475e-01;1.928036e-01;1.308685e-01;1.368668e-01;4.640760e-02;3.605276e-02;1.278182e-01;3.507040e-02;4.178089e-02;4.371633e-02;2.584140e-02;5.542587e-02
1.225906e-01;1.606786e-01;1.586526e-01;1.250138e-01;5.384636e-02;3.712915e-02;1.489460e-01;3.062861e-02;2.560651e-02;4.316586e-02;2.405599e-02;6.968585e-02
7.095293e-02;1.543829e-01;1.913859e-01;1.277367e-01;5.175985e-02;3.398327e-02;1.452807e-01;1.073483e-02;4.284362e-02;5.066337e-02;3.718481e-02;8.309110e-02
1.007298e-01;1.465610e-01;1.957493e-01;1.201614e-01;4.400635e-02;3.218592e-02;1.013916e-01;1.658872e-02;3.603338e-02;6.546468e-02;5.038220e-02;9.074560e-02
1.391400e-01;1.289388e-01;1.689336e-01;1.147702e-01;7.891835e-02;3.050366e-02;4.982850e-02;1.048771e-02;2.695475e-02;7.181910e-02;9.683756e-02;8.286779e-02
1.353237e-01;1.136988e-01;2.238536e-01;1.175529e-01;7.525213e-02;2.590646e-02;3.454790e-02;1.903780e-02;3.503317e-02;4.467795e-02;1.273224e-01;4.779307e-02
1.804916e-01;8.715124e-02;1.184793e-01;1.474788e-01;7.527790e-02;3.229610e-02;4.079488e-02;4.618692e-02;4.019960e-02;2.883717e-02;1.045995e-01;9.820694e-02
1.814934e-01;7.741600e-02;1.220675e-01;1.111295e-01;7.534273e-02;4.867852e-02;6.139533e-02;6.418751e-02;6.256882e-02;5.098034e-02;6.359385e-02;8.114657e-02
1.361405e-01;7.167225e-02;1.444820e-01;8.489890e-02;7.548767e-02;6.042021e-02;1.011636e-01;8.542969e-02;7.911515e-02;5.622126e-02;5.321347e-02;5.175537e-02
9.133808e-02;7.280019e-02;9.267280e-02;7.552294e-02;7.091033e-02;5.710563e-02;1.203863e-01;1.504191e-01;6.789983e-02;6.609908e-02;7.746082e-02;5.738483e-02
