1.556332e-01;1.027337e-01;1.615829e-01;7.167812e-02;4.894658e-02;6.105574e-02;9.581987e-02;3.620571e-02;5.846926e-02;8.843803e-02;8.573249e-02;3.370442e-02
1.334037e-01;7.126749e-02;1.542760e-01;4.142358e-02;4.328205e-02;5.261679e-02;1.504232e-01;5.931114e-02;7.716957e-02;7.633066e-02;8.432826e-02;5.616755e-02
1.035370e-01;5.770594e-02;1.616597e-01;5.422537e-02;6.584142e-02;4.715912e-02;1.322070e-01;6.791118e-02;8.801835e-02;4.359680e-02;9.720907e-02;8.092918e-02
6.138526e-02;4.937882e-02;1.760706e-01;8.035357e-02;7.778654e-02;5.021140e-02;8.443527e-02;7.333057e-02;7.189682e-02;5.567316e-02;1.571930e-01;6.228494e-02
5.776597e-02;2.765590e-02;1.273268e-01;1.018458e-01;8.404594e-02;4.683574e-02;4.585268e-02;7.878848e-02;6.497399e-02;6.262368e-02;2.082753e-01;9.400965e-02
1.206041e-01;3.060116e-02;6.684040e-02;7.342938e-02;8.907836e-02;3.508797e-02;4.247436e-02;5.931142e-02;8.628915e-02;5.536475e-02;1.450715e-01;1.958474e-01
1.373391e-01;3.120938e-02;1.035883e-01;4.868232e-02;9.702600e-02;3.702703e-02;4.270191e-02;4.713087e-02;8.405761e-02;4.623066e-02;8.657663e-02;2.384302e-01
1.152291e-01;1.733923e-02;1.534670e-01;4.603450e-02;1.249897e-01;6.698495e-02;3.992921e-02;3.283033e-02;9.961077e-02;2.812147e-02;4.957741e-02;2.258862e-01
1.102118e-01;1.600239e-02;1.717839e-01;6.247705e-02;1.409695e-01;8.209421e-02;6.070551e-02;2.207956e-02;1.197304e-01;2.774780e-02;2.587598e-02;1.603220e-01
1.212384e-01;1.850758e-02;1.692595e-01;6.756781e-02;1.564414e-01;8.297889e-02;5.566733e-02;2.795160e-02;1.190517e-01;2.679129e-02;2.467218e-02;1.298723e-01
1.308521e-01;4.315597e-02;1.487512e-01;6.767642e-02;1.487602e-01;7.583026e-02;5.830624e-02;3.921986e-02;8.869473e-02;3.485382e-02;5.127040e-02;1.126289e-01
1.066450e-01;6.246552e-02;1.618492e-01;9.023382e-02;1.185893e-01;6.697743e-02;6.405324e-02;5.544122e-02;6.039412e-02;4.439171e-02;6.769393e-02;1.012656e-01
7.958837e-02;5.483902e-02;1.965148e-01;9.221572e-02;1.093166e-01;5.464139e-02;6.721133e-02;6.213066e-02;5.771036e-02;5.238790e-02;6.811746e-02;1.053264e-01
9.935589e-02;5.984305e-02;1.541919e-01;5.552462e-02;1.107878e-01;6.491584e-02;8.674908e-02;6.380335e-02;9.523982e-02;6.472359e-02;4.777373e-02;9.709134e-02
9.976469e-02;6.818673e-02;1.215609e-01;5.306195e-02;1.047620e-01;9.759992e-02;9.060368e-02;7.176907e-02;1.051970e-01;9.996487e-02;3.158950e-02;5.593970e-02
1.094797e-01;4.669097e-02;1.441141e-01;6.461322e-02;1.268082e-01;9.376837e-02;1.242472e-01;6.169191e-02;6.926178e-02;8.943039e-02;3.601854e-02;3.387560e-02
4.406966e-02;6.332416e-02;1.608049e-01;6.771120e-02;1.118553e-01;9.928878e-02;1.046445e-01;8.466137e-02;1.006481e-01;7.539191e-02;4.743855e-02;4.016154e-02
8.331493e-02;1.009360e-01;1.287467e-01;4.580201e-02;7.209110e-02;7.115834e-02;1.168003e-01;9.868935e-02;8.196308e-02;9.884634e-02;6.837264e-02;3.327923e-02
8.151498e-02;1.358641e-01;1.213589e-01;3.429962e-02;4.758497e-02;8.204732e-02;1.764089e-01;9.128823e-02;5.077605e-02;7.786147e-02;6.585326e-02;3.514228e-02
5.532397e-02;1.239489e-01;1.294621e-01;2.377423e-02;5.201662e-02;1.172744e-01;2.495258e-01;5.144703e-02;5.567878e-02;4.788161e-02;7.160749e-02;2.205904e-02
6.515799e-02;1.244483e-01;1.222453e-01;1.325824e-02;5.058156e-02;1.192709e-01;2.595060e-01;5.343627e-02;5.710999e-02;4.887674e-02;7.451912e-02;1.158956e-02
7.519916e-02;1.247563e-01;1.336268e-01;2.277610e-02;4.539855e-02;1.201283e-01;2.213597e-01;6.520517e-02;5.135402e-02;6.969146e-02;6.442359e-02;6.080808e-03
1.073517e-01;1.065986e-01;1.416242e-01;3.815876e-02;8.470544e-02;1.386337e-01;1.442233e-01;6.433719e-02;4.489840e-02;6.874698e-02;4.022202e-02;2.049961e-02
1.297809e-01;6.534628e-02;1.492570e-01;4.100172e-02;1.468980e-01;1.410152e-01;8.710607e-02;4.074231e-02;6.659045e-02;4.883805e-02;4.149453e-02;4.192935e-02
1.430844e-01;7.026875e-02;1.501874e-01;3.195996e-02;1.446706e-01;1.258418e-01;7.657705e-02;3.805823e-02;6.257527e-02;5.843600e-02;5.322898e-02;4.511160e-02
1.238667e-01;5.885101e-02;1.092560e-01;6.783534e-02;8.729549e-02;1.588419e-01;1.899152e-01;6.216324e-02;3.150292e-02;4.627053e-02;4.250582e-02;2.169584e-02
4.256016e-02;6.348442e-02;1.253229e-01;7.608613e-02;7.765741e-02;1.084157e-01;2.386672e-01;1.154628e-01;3.228702e-02;3.180430e-02;5.452178e-02;3.373022e-02
2.100155e-02;4.923574e-02;1.620440e-01;6.259499e-02;7.980299e-02;6.418413e-02;2.010105e-01;1.868274e-01;2.551054e-02;4.595316e-02;5.142966e-02;5.040539e-02
8.288112e-03;3.439739e-02;1.898133e-01;4.261136e-02;5.204247e-02;3.014379e-02;1.529902e-01;2.583267e-01;4.214986e-02;7.347598e-02;4.147505e-02;7.428567e-02
7.322419e-03;3.227736e-02;1.907337e-01;2.369652e-02;1.936573e-02;2.040783e-02;1.407324e-01;2.993022e-01;4.839493e-02;9.524778e-02;2.361088e-02;9.890827e-02
7.205418e-03;3.772016e-02;1.797078e-01;2.109227e-02;1.022023e-02;2.059103e-02;1.793087e-01;2.792402e-01;3.328013e-02;8.198963e-02;2.752682e-02;1.221176e-01
1.730422e-02;5.115810e-02;1.811733e-01;2.149849e-02;6.867214e-03;1.812264e-02;1.928206e-01;2.451977e-01;4.769529e-02;6.444945e-02;3.654429e-02;1.171687e-01
5.476861e-02;8.304912e-02;1.921441e-01;2.307362e-02;9.640363e-03;2.278687e-02;1.628150e-01;2.095263e-01;5.782737e-02;5.809181e-02;3.711309e-02;8.916366e-02
8.754953e-02;9.960534e-02;1.829852e-01;3.003956e-02;2.420146e-02;4.660422e-02;1.441877e-01;1.554833e-01;6.441988e-02;5.405322e-02;4.204380e-02;6.882673e-02
1.047136e-01;9.345334e-02;1.679914e-01;3.390241e-02;4.529965e-02;6.801169e-02;1.150408e-01;1.264967e-01;7.975160e-02;4.779734e-02;5.557556e-02;6.196604e-02
8.986879e-02;7.382002e-02;1.422607e-01;1.939252e-02;6.352135e-02;5.489704e-02;1.103646e-01;1.677138e-01;7.670309e-02;5.884406e-02;5.289261e-02;8.972141e-02
8.422323e-02;5.415189e-02;1.579280e-01;2.863446e-02;4.951496e-02;3.567568e-02;1.016812e-01;1.992864e-01;4.864516e-02;9.654190e-02;5.268717e-02;9.102987e-02
8.771288e-02;3.837106e-02;1.540828e-01;3.207473e-02;5.630287e-02;3.423831e-02;7.972089e-02;1.934991e-01;5.859102e-02;1.424902e-01;3.897937e-02;8.393674e-02
6.170470e-02;4.582893e-02;7.854848e-02;7.018650e-02;7.519070e-02;7.064133e-02;9.352114e-02;1.429932e-01;1.153680e-01;1.691497e-01;3.480772e-02;4.205961e-02
4.727880e-02;3.958530e-02;7.332675e-02;9.875841e-02;8.296633e-02;8.253776e-02;7.217418e-02;1.201087e-01;1.148598e-01;1.764673e-01;4.691792e-02;4.501872e-02
4.693335e-02;5.103241e-02;1.124358e-01;1.165631e-01;1.079083e-01;6.859353e-02;8.287103e-02;8.465009e-02;8.986773e-02;1.175350e-01;7.256381e-02;4.904593e-02
5.221513e-02;4.427554e-02;1.612116e-01;1.226540e-01;9.180763e-02;6.809448e-02;9.882791e-02;8.536953e-02;1.019720e-01;5.782897e-02;8.404899e-02;3.169423e-02
4.857682e-02;5.158998e-02;2.108273e-01;1.011767e-01;6.266925e-02;7.649189e-02;1.144508e-01;9.117611e-02;7.851429e-02;6.769200e-02;6.081986e-02;3.601507e-02
4.523951e-02;5.528023e-02;2.539679e-01;6.723762e-02;3.946591e-02;6.032467e-02;1.313097e-01;1.363695e-01;5.643018e-02;8.539224e-02;2.447828e-02;4.450415e-02
2.725822e-02;2.168715e-02;2.205254e-01;6.799497e-02;3.486624e-02;2.921314e-02;1.379513e-01;2.078662e-01;6.766227e-02;9.287867e-02;3.414521e-02;5.795122e-02
3.058973e-02;4.539631e-02;1.716765e-01;4.951169e-02;5.537242e-02;2.423889e-02;1.901172e-01;2.172548e-01;5.929445e-02;6.866585e-02;4.134121e-02;4.654109e-02
3.886838e-02;7.649983e-02;9.586159e-02;2.016942e-02;5.935377e-02;4.446045e-02;2.979672e-01;1.678232e-01;6.403469e-02;3.570517e-02;6.608270e-02;3.317369e-02
6.118217e-02;8.717684e-02;4.967466e-02;2.009042e-02;4.525182e-02;8.955190e-02;3.261487e-01;1.293431e-01;7.263242e-02;3.313335e-02;6.373829e-02;2.207634e-02
1.037441e-01;6.603672e-02;3.516819e-02;3.712973e-02;4.976144e-02;1.535351e-01;2.563256e-01;9.742590e-02;7.322831e-02;6.691455e-02;3.943432e-02;2.129610e-02
1.247460e-01;3.587030e-02;3.025149e-02;4.644374e-02;7.935484e-02;1.801639e-01;1.660599e-01;1.214001e-01;7.788938e-02;8.064870e-02;3.616058e-02;2.101104e-02
1.444475e-01;3.216022e-02;3.671257e-02;3.441678e-02;9.324380e-02;1.579562e-01;1.328236e-01;1.069462e-01;1.025658e-01;5.643510e-02;5.997375e-02;4.231853e-02
1.363205e-01;4.382791e-02;7.391672e-02;3.586611e-02;8.429905e-02;9.192449e-02;1.571279e-01;6.045687e-02;1.198401e-01;5.026976e-02;8.034610e-02;6.580454e-02
8.642317e-02;5.004393e-02;1.047686e-01;6.989664e-02;6.510785e-02;4.097244e-02;1.785458e-01;8.410521e-02;1.037568e-01;8.169705e-02;8.139201e-02;5.329046e-02
3.376307e-02;3.746108e-02;1.488465e-01;9.784956e-02;6.428309e-02;4.685617e-02;1.518711e-01;6.937556e-02;1.177731e-01;7.658824e-02;1.134431e-01;4.188949e-02
4.385441e-02;5.127859e-02;1.381896e-01;9.908785e-02;8.742676e-02;8.522268e-02;1.398992e-01;7.352164e-02;1.007546e-01;5.821015e-02;8.287442e-02;3.968004e-02
4.194996e-02;5.315208e-02;1.139476e-01;7.634609e-02;8.131608e-02;8.761023e-02;1.741718e-01;9.034832e-02;8.732076e-02;5.264628e-02;1.019102e-01;3.928064e-02
5.624931e-02;6.232010e-02;1.522024e-01;8.274497e-02;6.637999e-02;5.327722e-02;1.527440e-01;9.922472e-02;7.513395e-02;3.463815e-02;1.306620e-01;3.442323e-02
9.747237e-02;5.797920e-02;1.447711e-01;7.165632e-02;9.951244e-02;6.836355e-02;9.761786e-02;1.066139e-01;6.284913e-02;4.099271e-02;9.224726e-02;5.992425e-02
1.413997e-01;2.931547e-02;8.851197e-02;4.787677e-02;9.527718e-02;6.493424e-02;1.518163e-01;7.397597e-02;8.090443e-02;3.656278e-02;9.754278e-02;9.188241e-02
1.788250e-01;8.379009e-02;5.370943e-02;5.117296e-02;6.854425e-02;6.788199e-02;1.831648e-01;7.776410e-02;5.684365e-02;4.877437e-02;5.802742e-02;7.150187e-02
1.379074e-01;1.543059e-01;5.702162e-02;3.025147e-02;5.370827e-02;6.677493e-02;2.151858e-01;1.013986e-01;5.719030e-02;5.322154e-02;2.817286e-02;4.486131e-02
8.307151e-02;1.638635e-01;1.039090e-01;2.195716e-02;4.754355e-02;5.255874e-02;2.168266e-01;1.507520e-01;7.293384e-02;4.119132e-02;2.781301e-02;1.757969e-02
5.747645e-02;1.114636e-01;2.081759e-01;3.393019e-02;4.057112e-02;3.132692e-02;1.670641e-01;1.597186e-01;1.014019e-01;4.370610e-02;2.369469e-02;2.147046e-02
2.281304e-02;4.754509e-02;2.951453e-01;4.054867e-02;1.979095e-02;2.301137e-02;1.215691e-01;2.001013e-01;1.201904e-01;5.850368e-02;1.181764e-02;3.896351e-02
6.328409e-03;4.505722e-02;2.828836e-01;5.342556e-02;1.164118e-02;4.528257e-02;1.091579e-01;2.443604e-01;8.637527e-02;5.423823e-02;6.128886e-03;5.512071e-02
8.505925e-03;4.608634e-02;2.583774e-01;7.865208e-02;1.876927e-02;5.572091e-02;1.177477e-01;2.584045e-01;4.980497e-02;3.807103e-02;3.525782e-03;6.633407e-02
1.873705e-02;4.466332e-02;2.397665e-01;7.595097e-02;2.304572e-02;4.270187e-02;1.169430e-01;2.706244e-01;5.707207e-02;4.461486e-02;6.032690e-03;5.984756e-02
4.640343e-02;5.198744e-02;2.274444e-01;6.795411e-02;3.360804e-02;2.908757e-02;1.193801e-01;2.625088e-01;5.335772e-02;4.493510e-02;1.536997e-02;4.796340e-02
8.396383e-02;7.457180e-02;1.587454e-01;5.786565e-02;8.643528e-02;5.971109e-02;1.752542e-01;1.875592e-01;2.487331e-02;2.860392e-02;3.044087e-02;3.197540e-02
9.659022e-02;1.087031e-01;7.385994e-02;3.641650e-02;1.392417e-01;1.266827e-01;2.226211e-01;1.009426e-01;1.666751e-02;1.917592e-02;4.234434e-02;1.675441e-02
9.341554e-02;1.346021e-01;7.296603e-02;2.580473e-02;1.462849e-01;1.590340e-01;2.044938e-01;6.316410e-02;2.538521e-02;1.705932e-02;4.120828e-02;1.658202e-02
9.921706e-02;1.312875e-01;1.123486e-01;3.070275e-02;1.153670e-01;1.582338e-01;1.593300e-01;7.268648e-02;3.079703e-02;2.545979e-02;3.428636e-02;3.028356e-02
1.149499e-01;9.110075e-02;1.630949e-01;5.221715e-02;8.433544e-02;1.229809e-01;1.129903e-01;9.900457e-02;3.764698e-02;3.404782e-02;4.928825e-02;3.834309e-02
1.727384e-01;5.991195e-02;1.034071e-01;6.718536e-02;9.078854e-02;1.055685e-01;1.107340e-01;1.317991e-01;3.222177e-02;3.067106e-02;6.242992e-02;3.254431e-02
1.918605e-01;7.367900e-02;1.328661e-01;4.423538e-02;6.240646e-02;1.054854e-01;1.547493e-01;1.130616e-01;3.143664e-02;2.788373e-02;3.531844e-02;2.701753e-02
1.594534e-01;8.246059e-02;1.289338e-01;3.185996e-02;9.269888e-02;1.313369e-01;1.512819e-01;8.848118e-02;3.204414e-02;3.857811e-02;2.763226e-02;3.523889e-02
1.044306e-01;6.968065e-02;7.987088e-02;3.696246e-02;1.206151e-01;1.947157e-01;1.203528e-01;8.350655e-02;5.064517e-02;6.474119e-02;4.025402e-02;3.422482e-02
8.732329e-02;8.714829e-02;8.915757e-02;4.171881e-02;9.092485e-02;1.806838e-01;1.025017e-01;7.305513e-02;7.253838e-02;8.874966e-02;5.337519e-02;3.282328e-02
6.498389e-02;8.975944e-02;1.377909e-01;6.441212e-02;6.733640e-02;9.700197e-02;1.232516e-01;9.019640e-02;8.578268e-02;9.680934e-02;5.476334e-02;2.791192e-02
5.581437e-02;7.463712e-02;2.014560e-01;7.156052e-02;5.750624e-02;6.966531e-02;1.035392e-01;9.725835e-02;1.007983e-01;7.866885e-02;3.864063e-02;5.045502e-02
6.536011e-02;6.472352e-02;2.176459e-01;7.890228e-02;7.259597e-02;5.450817e-02;9.996095e-02;1.185285e-01;7.702493e-02;5.389684e-02;5.029695e-02;4.655583e-02
5.397258e-02;5.957196e-02;1.692385e-01;6.816737e-02;8.025488e-02;5.590641e-02;1.571874e-01;1.357509e-01;7.184704e-02;3.676382e-02;8.171570e-02;2.962350e-02
3.316342e-02;8.549114e-02;8.379882e-02;3.863343e-02;6.206631e-02;8.488827e-02;2.462024e-01;1.226531e-01;7.385186e-02;3.941555e-02;1.081056e-01;2.173006e-02
3.243636e-02;9.664426e-02;2.695824e-02;3.930932e-02;2.970322e-02;1.120680e-01;2.919320e-01;9.204090e-02;6.047846e-02;8.200911e-02;1.164863e-01;1.993388e-02
5.164486e-02;7.876108e-02;2.139859e-02;7.259155e-02;1.974492e-02;1.582553e-01;2.347800e-01;6.402926e-02;4.811460e-02;1.283422e-01;1.097796e-01;1.255813e-02
8.959167e-02;4.035183e-02;5.506256e-02;1.258401e-01;5.032009e-02;1.905416e-01;1.427916e-01;2.653400e-02;5.728756e-02;1.348470e-01;7.230724e-02;1.452481e-02
1.408365e-01;6.015029e-02;6.744340e-02;1.369000e-01;6.625360e-02;1.674852e-01;1.071811e-01;3.190440e-02;5.752312e-02;1.132421e-01;3.217621e-02;1.890406e-02
1.938154e-01;7.240504e-02;7.108458e-02;9.996483e-02;5.028334e-02;1.585144e-01;1.143589e-01;3.915448e-02;5.607209e-02;1.046413e-01;2.050629e-02;1.919934e-02
2.064824e-01;4.983713e-02;8.892087e-02;6.219294e-02;7.364875e-02;1.607171e-01;7.711664e-02;3.675245e-02;1.005715e-01;9.246683e-02;1.653177e-02;3.476165e-02
1.395976e-01;2.948320e-02;1.100216e-01;3.775414e-02;1.256719e-01;1.499736e-01;6.430481e-02;4.087175e-02;1.689297e-01;6.317573e-02;1.535183e-02;5.486412e-02
7.236297e-02;3.964033e-02;8.153696e-02;2.470213e-02;1.706700e-01;1.235080e-01;6.475696e-02;6.799105e-02;2.259313e-01;4.481150e-02;3.355409e-02;5.053468e-02
3.368881e-02;7.284463e-02;3.941442e-02;6.054325e-02;1.592601e-01;6.734545e-02;6.622665e-02;1.428438e-01;2.317828e-01;4.118108e-02;5.997694e-02;2.489205e-02
2.352996e-02;9.221684e-02;4.183055e-02;8.611357e-02;9.395305e-02;6.547200e-02;7.634325e-02;2.142636e-01;1.546272e-01;1.900521e-02;9.681266e-02;3.583204e-02
2.755651e-02;8.464330e-02;5.959103e-02;9.464804e-02;4.592824e-02;9.488913e-02;1.214979e-01;2.019287e-01;7.211272e-02;2.278277e-02;1.319113e-01;4.251025e-02
4.772343e-02;6.231073e-02;9.829882e-02;7.908783e-02;3.820642e-02;1.021445e-01;1.852784e-01;1.273441e-01;5.857535e-02;4.485433e-02;1.267091e-01;2.946695e-02
6.737141e-02;6.809043e-02;1.270845e-01;5.026333e-02;4.797917e-02;8.049482e-02;2.442944e-01;7.245994e-02;6.563336e-02;7.207000e-02;7.984406e-02;2.441463e-02
8.263075e-02;9.821182e-02;1.008464e-01;4.658954e-02;4.295375e-02;8.112159e-02;2.204724e-01;8.480071e-02;9.811094e-02;7.114828e-02;4.158001e-02;3.153387e-02
8.624349e-02;1.157979e-01;4.587824e-02;8.003051e-02;8.029887e-02;1.144806e-01;1.448455e-01;1.307908e-01;9.974638e-02;4.379161e-02;4.127133e-02;1.682485e-02
4.518995e-02;6.905437e-02;8.274676e-02;1.036865e-01;9.510949e-02;8.388399e-02;1.490831e-01;1.551286e-01;8.867401e-02;4.003542e-02;6.194391e-02;2.546391e-02
2.903871e-02;5.384952e-02;6.329833e-02;1.191560e-01;9.922615e-02;8.007765e-02;1.601927e-01;1.392257e-01;1.119402e-01;3.963593e-02;7.989090e-02;2.446814e-02
4.221085e-02;4.415483e-02;5.450998e-02;1.023156e-01;9.494756e-02;6.045108e-02;1.461763e-01;1.542940e-01;1.441059e-01;3.233020e-02;9.236556e-02;3.213814e-02
5.075037e-02;7.357413e-02;4.752626e-02;9.202742e-02;8.377010e-02;7.298008e-02;9.278350e-02;1.522977e-01;1.304900e-01;3.271692e-02;1.235692e-01;4.751432e-02
6.750586e-02;8.330987e-02;5.913199e-02;7.670987e-02;9.050623e-02;8.474463e-02;1.331136e-01;1.813521e-01;2.861696e-02;3.754880e-02;1.349197e-01;2.254044e-02
5.878307e-02;4.531097e-02;5.636643e-02;7.437409e-02;7.288778e-02;8.051009e-02;1.414065e-01;2.012968e-01;1.002962e-01;5.183426e-02;9.512433e-02;2.180947e-02
6.436160e-02;4.895604e-02;6.832442e-02;5.568745e-02;9.679585e-02;7.181866e-02;1.157076e-01;1.349559e-01;1.485665e-01;7.108317e-02;8.014568e-02;4.359707e-02
9.596501e-02;7.988813e-02;8.363371e-02;2.571452e-02;6.752311e-02;6.894481e-02;3.918079e-02;8.448979e-02;2.357910e-01;9.677002e-02;6.357221e-02;5.852691e-02
7.613632e-02;6.928228e-02;9.001760e-02;4.059075e-02;6.264959e-02;6.516156e-02;9.285198e-02;1.201259e-01;2.386090e-01;8.834487e-02;2.422435e-02;3.200579e-02
9.639734e-02;4.219153e-02;1.187040e-01;5.066530e-02;5.009976e-02;5.175531e-02;1.156259e-01;1.243240e-01;1.971505e-01;7.221729e-02;4.087904e-02;3.999005e-02
1.125983e-01;7.285513e-02;1.842329e-01;4.799659e-02;3.563695e-02;3.414083e-02;9.627441e-02;5.678893e-02;1.591839e-01;5.288047e-02;9.553710e-02;5.187450e-02
6.165574e-02;4.993125e-02;2.149860e-01;5.336200e-02;3.289917e-02;3.132999e-02;1.058600e-01;9.442801e-02;1.432779e-01;4.365432e-02;7.660044e-02;9.201516e-02
4.042215e-02;4.017307e-02;2.214247e-01;7.083926e-02;2.886060e-02;3.130557e-02;1.120181e-01;1.122035e-01;1.674051e-01;5.470309e-02;3.464613e-02;8.599863e-02
6.755360e-02;2.793241e-02;1.554065e-01;1.051007e-01;3.569221e-02;2.412953e-02;7.220823e-02;8.559081e-02;2.490517e-01;8.998193e-02;3.491985e-02;5.243240e-02
8.062810e-02;5.149709e-02;7.350305e-02;1.303080e-01;5.694651e-02;2.269942e-02;3.850859e-02;4.660131e-02;2.991810e-01;1.233094e-01;4.226137e-02;3.455618e-02
6.396303e-02;1.445552e-01;5.062580e-02;1.034533e-01;1.133512e-01;5.844995e-02;3.493920e-02;2.267765e-02;1.995939e-01;1.578639e-01;3.023451e-02;2.029241e-02
2.733430e-02;1.864256e-01;7.961323e-02;9.019594e-02;1.995291e-01;9.089893e-02;1.292829e-02;1.028755e-02;9.139948e-02;1.769211e-01;2.541372e-02;9.052736e-03
1.112127e-02;1.198799e-01;6.270738e-02;8.436219e-02;2.756639e-01;1.076093e-01;2.430672e-02;2.585331e-02;5.135500e-02;1.950604e-01;2.643781e-02;1.564288e-02
2.866670e-03;6.603083e-02;3.221998e-02;6.409396e-02;3.216218e-01;1.073320e-01;3.497414e-02;7.795732e-02;4.678540e-02;2.027566e-01;2.643190e-02;1.692946e-02
2.045991e-02;3.837851e-02;3.096714e-02;7.114360e-02;2.757562e-01;8.921704e-02;4.232600e-02;1.224901e-01;6.874092e-02;1.976340e-01;2.304292e-02;1.984365e-02
5.660123e-02;1.279261e-02;6.173527e-02;1.036229e-01;1.694290e-01;9.739914e-02;7.013900e-02;1.041426e-01;1.193579e-01;1.753322e-01;1.626460e-02;1.318352e-02
9.283858e-02;1.912756e-02;7.372902e-02;1.313306e-01;8.243985e-02;1.070818e-01;9.714775e-02;7.889886e-02;1.556940e-01;1.206766e-01;2.216679e-02;1.886858e-02
9.746444e-02;4.204601e-02;9.219577e-02;1.193899e-01;6.410204e-02;8.870761e-02;1.293445e-01;7.000292e-02;1.494292e-01;7.991425e-02;3.712553e-02;3.027789e-02
6.170725e-02;7.495108e-02;1.376447e-01;7.669607e-02;5.787706e-02;9.081876e-02;2.107407e-01;8.031424e-02;8.824176e-02;5.300611e-02;2.649531e-02;4.150690e-02
5.374815e-02;8.804178e-02;1.391764e-01;4.161176e-02;4.480985e-02;1.022407e-01;2.745262e-01;9.444398e-02;5.873686e-02;3.877471e-02;3.170437e-02;3.218524e-02
8.080605e-02;8.901356e-02;9.063406e-02;3.038683e-02;5.924057e-02;9.951705e-02;2.753917e-01;6.394483e-02;5.705389e-02;5.311479e-02;4.870613e-02;5.219059e-02
1.155064e-01;7.879644e-02;7.707334e-02;3.368933e-02;8.006051e-02;1.052782e-01;2.400690e-01;5.489852e-02;4.088931e-02;6.889229e-02;3.411652e-02;7.073019e-02
1.479556e-01;5.913699e-02;7.872429e-02;4.895033e-02;8.937447e-02;8.364087e-02;1.885755e-01;6.902004e-02;3.274416e-02;8.218371e-02;6.519384e-02;5.450014e-02
1.181348e-01;4.909060e-02;8.348216e-02;6.702069e-02;1.109568e-01;6.635328e-02;1.427494e-01;9.809060e-02;2.366547e-02;1.357470e-01;3.821883e-02;6.649043e-02
8.104985e-02;6.681155e-02;6.134665e-02;7.856192e-02;1.056630e-01;5.570365e-02;1.295792e-01;1.108043e-01;7.094494e-02;1.638003e-01;3.662625e-02;3.910842e-02
1.368545e-01;3.648238e-02;6.876960e-02;4.454957e-02;9.660286e-02;9.307598e-02;1.566057e-01;5.193218e-02;1.099380e-01;1.146188e-01;4.145764e-02;4.911281e-02
2.009646e-01;5.645959e-02;8.093543e-02;1.983554e-02;7.426535e-02;9.120758e-02;1.371154e-01;2.640180e-02;1.150232e-01;6.571405e-02;7.549709e-02;5.658037e-02
2.717003e-01;9.477647e-02;7.093802e-02;1.676075e-02;5.573529e-02;7.582507e-02;8.641102e-02;3.129487e-02;1.067289e-01;4.766047e-02;8.257101e-02;5.959774e-02
2.691810e-01;8.986067e-02;6.660713e-02;3.209251e-02;7.877230e-02;5.981027e-02;7.006587e-02;2.474950e-02;1.276819e-01;4.805495e-02;6.398200e-02;6.914185e-02
2.088729e-01;6.604507e-02;9.851770e-02;5.247052e-02;1.067623e-01;5.430877e-02;8.463058e-02;4.155448e-02;1.305173e-01;4.259909e-02;4.718602e-02;6.653526e-02
1.580356e-01;7.586607e-02;1.445154e-01;6.834958e-02;1.050908e-01;4.749851e-02;1.082254e-01;4.673843e-02;9.068628e-02;5.263236e-02;5.209930e-02;5.026228e-02
1.587534e-01;8.421673e-02;1.618078e-01;9.908317e-02;9.051061e-02;4.641758e-02;1.012473e-01;3.114895e-02;3.780154e-02;6.758671e-02;7.571238e-02;4.571378e-02
2.268036e-01;9.218222e-02;8.921143e-02;1.196664e-01;9.568676e-02;3.476967e-02;6.750323e-02;3.038999e-02;6.419709e-02;5.360321e-02;7.558680e-02;5.039955e-02
2.047028e-01;8.300952e-02;1.176886e-01;8.810436e-02;7.669488e-02;6.653368e-02;6.044964e-02;2.911146e-02;7.294483e-02;3.996849e-02;9.173784e-02;6.905389e-02
1.586843e-01;8.641622e-02;1.366668e-01;1.024478e-01;7.085499e-02;8.573174e-02;6.151593e-02;3.747612e-02;4.451344e-02;5.450387e-02;9.334439e-02;6.784441e-02
1.378459e-01;7.896093e-02;1.376317e-01;1.031387e-01;4.735948e-02;7.059047e-02;7.438231e-02;3.969612e-02;7.308621e-02;8.055605e-02;7.772515e-02;7.902705e-02
1.520920e-01;7.988818e-02;9.484570e-02;6.046840e-02;7.271081e-02;8.225974e-02;9.218536e-02;5.301281e-02;1.230472e-01;7.437436e-02;3.721092e-02;7.790451e-02
1.355054e-01;5.353112e-02;5.653144e-02;3.371815e-02;1.178607e-01;9.438577e-02;7.240271e-02;7.840610e-02;1.904534e-01;5.165794e-02;3.023623e-02;8.531114e-02
8.556575e-02;1.568073e-02;5.028677e-02;5.070530e-02;1.612586e-01;9.267632e-02;6.460833e-02;1.157100e-01;2.340099e-01;1.953133e-02;2.325290e-02;8.671405e-02
4.734757e-02;1.104054e-02;6.644461e-02;8.627128e-02;1.806715e-01;7.677368e-02;6.634028e-02;1.413630e-01;2.106690e-01;1.953023e-02;1.699641e-02;7.655199e-02
1.865052e-02;3.336568e-02;9.883413e-02;1.292661e-01;1.592440e-01;5.706735e-02;6.351842e-02;1.688354e-01;1.490750e-01;3.288909e-02;2.507560e-02;6.417875e-02
1.994397e-02;4.392157e-02;1.530030e-01;1.434423e-01;1.104544e-01;6.337035e-02;5.911372e-02;2.044326e-01;9.657308e-02;3.300342e-02;3.016465e-02;4.257685e-02
3.582017e-02;3.682867e-02;1.958316e-01;1.238188e-01;8.819685e-02;7.499526e-02;9.171251e-02;1.928742e-01;5.708781e-02;3.522326e-02;4.000802e-02;2.760283e-02
4.440757e-02;2.989434e-02;2.611588e-01;8.394928e-02;7.699940e-02;6.177978e-02;1.503796e-01;1.380766e-01;3.941784e-02;4.686353e-02;4.849324e-02;1.858001e-02
4.457041e-02;4.563883e-02;2.764164e-01;5.552389e-02;7.786998e-02;8.027066e-02;1.760918e-01;7.423836e-02;4.935394e-02;6.679225e-02;3.723491e-02;1.599860e-02
5.622091e-02;8.154633e-02;2.329485e-01;4.452581e-02;7.076557e-02;1.087976e-01;1.260598e-01;4.253350e-02;1.052676e-01;7.420859e-02;4.412423e-02;1.300160e-02
8.404469e-02;9.976330e-02;1.381946e-01;4.964207e-02;6.316979e-02;9.333947e-02;8.898240e-02;5.543696e-02;1.551546e-01;5.247419e-02;1.052672e-01;1.453062e-02
9.879389e-02;1.144205e-01;1.351917e-01;3.830649e-02;5.388045e-02;5.820714e-02;6.439218e-02;6.161007e-02;1.636613e-01;3.825929e-02;1.526014e-01;2.067557e-02
9.610628e-02;1.451380e-01;1.401237e-01;2.939717e-02;3.529919e-02;4.071820e-02;3.846624e-02;4.440751e-02;2.064983e-01;5.509005e-02;9.409407e-02;7.466137e-02
1.157582e-01;1.931095e-01;1.422776e-01;3.184569e-02;2.241773e-02;3.137851e-02;2.176956e-02;3.794143e-02;2.189382e-01;4.367702e-02;2.206384e-02;1.188228e-01
1.204454e-01;2.513960e-01;1.408418e-01;3.271716e-02;1.119522e-02;1.876586e-02;2.099386e-02;2.869296e-02;1.868844e-01;2.890557e-02;3.070391e-02;1.284579e-01
1.227758e-01;2.919152e-01;1.440104e-01;3.591349e-02;1.521202e-02;1.939660e-02;2.474365e-02;3.443912e-02;1.543102e-01;2.938022e-02;2.729544e-02;1.006079e-01
1.247015e-01;2.903709e-01;1.686149e-01;4.125383e-02;2.484985e-02;3.711592e-02;2.907301e-02;3.520781e-02;1.253514e-01;3.211517e-02;3.090309e-02;6.044269e-02
1.495355e-01;2.651336e-01;1.598413e-01;7.771835e-02;2.985416e-02;4.613036e-02;3.553838e-02;4.145052e-02;9.342392e-02;2.626324e-02;4.487851e-02;3.023216e-02
1.848432e-01;2.372179e-01;1.114516e-01;1.092675e-01;3.863169e-02;5.959259e-02;5.529698e-02;4.035225e-02;7.334547e-02;1.899018e-02;5.826248e-02;1.274800e-02
1.948454e-01;1.867469e-01;9.518088e-02;1.039841e-01;4.787044e-02;5.423449e-02;8.375502e-02;4.322521e-02;7.259186e-02;2.482024e-02;6.111033e-02;3.163512e-02
1.849002e-01;1.464829e-01;7.333217e-02;5.484359e-02;6.282618e-02;2.503567e-02;1.248384e-01;5.582164e-02;8.254047e-02;4.226809e-02;7.344532e-02;7.366534e-02
1.528389e-01;1.498271e-01;9.379569e-02;9.030370e-02;6.518809e-02;4.508188e-02;1.105706e-01;4.781179e-02;5.797097e-02;4.453242e-02;6.822579e-02;7.385305e-02
1.271148e-01;1.762124e-01;1.182592e-01;1.357816e-01;5.197672e-02;4.627774e-02;4.798943e-02;3.931083e-02;6.944637e-02;5.318998e-02;6.593567e-02;6.850526e-02
1.151859e-01;1.268241e-01;1.330617e-01;1.262562e-01;5.538265e-02;5.664883e-02;3.515826e-02;5.748731e-02;1.024804e-01;7.723524e-02;5.026529e-02;6.401423e-02
1.263828e-01;1.554923e-01;1.538006e-01;7.369854e-02;4.889992e-02;4.761727e-02;3.044446e-02;7.805790e-02;9.507865e-02;8.853566e-02;6.190508e-02;4.008686e-02
1.290246e-01;1.944993e-01;1.457987e-01;5.261951e-02;4.388989e-02;5.333331e-02;4.486319e-02;8.964040e-02;7.476490e-02;8.688429e-02;5.916896e-02;2.551293e-02
1.232423e-01;1.723960e-01;1.007672e-01;6.851172e-02;4.495214e-02;7.348943e-02;6.338032e-02;8.171789e-02;7.382878e-02;9.215502e-02;8.293141e-02;2.262779e-02
1.200601e-01;9.379337e-02;8.080364e-02;6.981196e-02;5.316268e-02;7.784892e-02;5.909147e-02;1.020830e-01;6.721823e-02;1.047415e-01;1.119656e-01;5.941944e-02
1.123793e-01;8.496031e-02;6.864103e-02;4.486544e-02;1.125624e-01;6.454928e-02;7.057231e-02;1.483704e-01;6.362794e-02;6.881388e-02;8.540742e-02;7.525031e-02
1.005173e-01;8.876517e-02;1.082162e-01;5.269924e-02;9.113926e-02;8.510157e-02;1.120843e-01;1.204539e-01;7.631795e-02;7.239259e-02;4.165342e-02;5.065902e-02
1.249160e-01;6.410713e-02;1.195242e-01;5.168890e-02;7.692181e-02;6.519594e-02;9.546592e-02;1.133865e-01;6.340830e-02;1.031171e-01;6.040947e-02;6.185864e-02
1.011791e-01;7.690859e-02;8.357190e-02;4.575569e-02;7.253619e-02;7.886013e-02;1.051770e-01;1.468763e-01;4.804501e-02;9.980040e-02;7.599442e-02;6.529525e-02
8.978287e-02;6.868383e-02;6.818228e-02;4.451713e-02;5.089615e-02;1.258799e-01;1.306666e-01;1.520830e-01;2.974519e-02;9.324472e-02;1.063671e-01;3.995133e-02
9.455326e-02;5.518157e-02;7.954156e-02;2.356594e-02;6.432486e-02;1.574994e-01;1.040954e-01;1.376657e-01;3.242824e-02;8.044936e-02;1.321052e-01;3.858950e-02
1.001162e-01;9.067969e-02;6.793825e-02;1.939162e-02;7.436609e-02;1.090827e-01;1.220385e-01;1.581665e-01;2.674079e-02;4.615440e-02;9.732552e-02;8.799964e-02
1.176513e-01;1.807611e-01;2.576223e-02;4.466753e-02;4.420105e-02;5.181144e-02;1.847071e-01;1.283153e-01;2.170966e-02;3.149654e-02;4.317201e-02;1.257448e-01
1.875942e-01;1.693784e-01;2.741171e-02;5.078736e-02;1.587929e-02;9.645407e-02;1.660144e-01;7.547016e-02;3.900225e-02;4.015099e-02;1.795028e-02;1.139069e-01
2.989464e-01;9.476759e-02;8.526447e-02;2.777835e-02;1.562657e-02;1.188150e-01;9.265148e-02;9.467734e-02;5.739200e-02;2.687379e-02;8.428733e-03;7.877828e-02
3.635581e-01;6.679949e-02;1.596695e-01;8.695980e-03;3.200711e-02;6.003406e-02;3.632654e-02;1.661136e-01;4.437853e-02;8.009450e-03;7.378109e-03;4.702953e-02
3.720762e-01;7.270902e-02;1.818427e-01;5.107279e-03;5.363852e-02;1.527036e-02;1.208226e-02;2.228788e-01;1.973853e-02;8.232566e-03;7.815594e-03;2.860824e-02
3.509986e-01;8.098315e-02;1.666450e-01;5.526419e-03;6.976666e-02;5.959236e-03;1.966937e-02;2.537826e-01;7.209855e-03;6.462133e-03;9.163156e-03;2.383377e-02
3.129152e-01;7.992278e-02;1.608472e-01;9.976760e-03;7.143544e-02;1.576870e-02;1.426221e-02;2.690817e-01;2.825299e-02;8.963344e-03;5.965863e-03;2.260778e-02
2.336684e-01;6.098951e-02;1.230278e-01;2.934520e-02;5.368748e-02;6.961689e-02;5.423092e-02;2.528185e-01;5.100733e-02;2.660144e-02;7.637603e-03;3.736895e-02
1.449332e-01;7.811134e-02;6.866835e-02;6.152229e-02;2.748921e-02;1.088059e-01;1.535603e-01;1.745227e-01;4.933516e-02;5.437839e-02;1.046573e-02;6.820752e-02
9.836285e-02;1.329376e-01;6.420559e-02;7.406697e-02;1.660751e-02;7.898448e-02;2.549550e-01;8.515917e-02;3.289148e-02;5.308280e-02;1.761718e-02;9.112941e-02
8.374539e-02;1.540991e-01;9.486063e-02;6.494337e-02;1.832014e-02;4.759234e-02;2.757504e-01;8.209576e-02;1.952547e-02;2.763656e-02;3.172065e-02;9.971026e-02
8.548792e-02;1.176028e-01;1.330151e-01;4.332208e-02;3.188387e-02;6.805796e-02;2.108087e-01;8.357136e-02;3.154480e-02;2.752138e-02;7.171671e-02;9.546734e-02
7.186978e-02;6.503449e-02;1.725067e-01;3.183595e-02;4.203041e-02;9.134380e-02;1.479006e-01;9.484683e-02;3.785975e-02;4.447705e-02;1.205347e-01;7.976002e-02
8.928766e-02;8.571114e-02;1.692568e-01;5.012568e-02;3.956057e-02;7.919750e-02;1.018995e-01;1.334928e-01;3.975143e-02;5.298469e-02;1.062325e-01;5.249982e-02
1.074174e-01;1.256331e-01;1.586400e-01;4.759209e-02;4.991493e-02;5.497453e-02;9.781904e-02;1.166949e-01;4.880903e-02;5.804726e-02;7.044218e-02;6.401566e-02
1.382075e-01;1.426087e-01;1.531892e-01;4.391941e-02;5.537462e-02;2.976360e-02;1.319051e-01;8.446752e-02;4.098407e-02;6.030842e-02;4.154652e-02;7.772534e-02
1.765624e-01;1.433390e-01;1.073978e-01;3.291245e-02;4.951244e-02;5.800090e-02;1.514271e-01;8.158351e-02;3.529499e-02;5.874623e-02;4.722744e-02;5.799568e-02
1.757877e-01;1.947266e-01;4.984407e-02;2.243843e-02;4.450773e-02;6.300838e-02;1.543427e-01;1.041561e-01;4.480412e-02;5.159804e-02;3.208689e-02;6.269921e-02
1.550783e-01;1.461541e-01;6.473454e-02;2.944425e-02;4.850407e-02;6.795468e-02;1.736624e-01;1.079964e-01;5.402220e-02;4.552632e-02;2.993546e-02;7.698729e-02
1.632847e-01;1.252531e-01;1.065349e-01;5.550354e-02;6.996044e-02;7.819369e-02;1.052313e-01;6.637459e-02;6.190198e-02;4.507938e-02;4.935488e-02;7.332747e-02
1.149368e-01;1.215738e-01;8.849576e-02;5.608344e-02;7.068197e-02;5.600068e-02;1.207737e-01;1.408959e-01;4.051841e-02;6.099114e-02;4.726215e-02;8.178619e-02
1.446065e-01;1.121989e-01;1.164745e-01;3.281592e-02;5.784760e-02;4.241098e-02;1.483768e-01;1.623005e-01;2.545934e-02;4.669757e-02;3.985600e-02;7.095534e-02
1.622203e-01;8.125987e-02;1.815625e-01;4.254499e-02;5.071751e-02;4.569904e-02;1.261905e-01;1.357411e-01;3.463418e-02;3.651773e-02;4.777919e-02;5.513309e-02
1.442015e-01;5.923245e-02;2.139430e-01;5.046890e-02;4.777461e-02;4.482722e-02;1.276426e-01;1.168813e-01;4.169948e-02;4.700720e-02;4.673105e-02;5.959072e-02
1.371625e-01;1.027220e-01;1.690252e-01;4.096491e-02;4.840589e-02;3.859752e-02;1.525203e-01;1.164076e-01;4.360695e-02;5.459736e-02;4.285029e-02;5.313940e-02
1.806248e-01;1.301615e-01;1.703967e-01;2.749904e-02;5.992746e-02;4.154170e-02;1.445357e-01;9.137382e-02;3.186547e-02;4.187214e-02;3.373437e-02;4.646732e-02
1.814763e-01;1.137107e-01;1.866801e-01;2.525059e-02;7.440441e-02;5.408703e-02;1.047938e-01;1.089830e-01;3.518637e-02;4.452305e-02;4.041900e-02;3.048560e-02
1.236580e-01;8.663485e-02;1.867992e-01;4.259589e-02;7.854004e-02;5.834292e-02;1.593031e-01;9.350581e-02;3.022826e-02;6.580587e-02;4.548412e-02;2.910181e-02
1.458408e-01;6.786858e-02;1.590436e-01;4.722925e-02;8.277077e-02;6.287600e-02;1.393937e-01;6.576104e-02;3.568383e-02;6.284771e-02;7.452768e-02;5.615705e-02
1.928479e-01;1.001487e-01;1.208879e-01;3.001960e-02;8.420021e-02;4.910733e-02;9.597722e-02;5.722088e-02;4.232730e-02;6.225530e-02;8.490932e-02;8.009841e-02
