1.309781e-01;2.493300e-01;1.335656e-01;7.442641e-02;5.016256e-02;5.781553e-02;8.369027e-02;5.045636e-02;1.976889e-02;3.633906e-02;9.079252e-02;2.267467e-02
1.221275e-01;1.797261e-01;1.614520e-01;1.415556e-01;5.073170e-02;6.858614e-02;6.515612e-02;7.103834e-02;1.438036e-02;2.456548e-02;7.563541e-02;2.504525e-02
9.036320e-02;1.113760e-01;1.521226e-01;1.730620e-01;6.387167e-02;8.832888e-02;5.535691e-02;1.119770e-01;1.763795e-02;2.276007e-02;8.000256e-02;3.314110e-02
8.432584e-02;2.330926e-01;9.083618e-02;9.644150e-02;1.125784e-01;8.688629e-02;8.901160e-02;9.501111e-02;2.397039e-02;1.193293e-02;3.290928e-02;4.300398e-02
1.129382e-01;2.043140e-01;4.565980e-02;6.868330e-02;1.533111e-01;8.516476e-02;1.482908e-01;9.046977e-02;1.833460e-02;8.987177e-03;2.841763e-02;3.542887e-02
1.055321e-01;1.370910e-01;3.004631e-02;5.238251e-02;1.219989e-01;9.207833e-02;2.165431e-01;1.385772e-01;9.345911e-03;1.158529e-02;5.383347e-02;3.098581e-02
1.348875e-01;1.296675e-01;3.584567e-02;2.600275e-02;6.605372e-02;8.947771e-02;2.128962e-01;1.482414e-01;1.394237e-02;1.504690e-02;7.776838e-02;5.016986e-02
1.957741e-01;1.390814e-01;4.876476e-02;4.906082e-02;1.398202e-01;7.753801e-02;1.323148e-01;9.146145e-02;1.565149e-02;2.466407e-02;2.583376e-02;6.003522e-02
1.691531e-01;1.026826e-01;5.140486e-02;6.613602e-02;1.995988e-01;3.676246e-02;1.408613e-01;1.000201e-01;1.128550e-02;2.232534e-02;7.775648e-02;2.201337e-02
1.413822e-01;1.351547e-01;3.614876e-02;3.801418e-02;1.873216e-01;4.556158e-02;1.729397e-01;1.297272e-01;1.570274e-02;1.997899e-02;5.410151e-02;2.396683e-02
1.493004e-01;7.128792e-02;3.410061e-02;4.090528e-02;1.701083e-01;4.792999e-02;2.083645e-01;1.294302e-01;1.856676e-02;2.661378e-02;8.435973e-02;1.903245e-02
1.763825e-01;6.203735e-02;2.690649e-02;3.875304e-02;1.227676e-01;7.406786e-02;2.274073e-01;1.344349e-01;1.501670e-02;2.866172e-02;8.673280e-02;6.831869e-03
1.232102e-01;1.287605e-01;4.707953e-02;6.077724e-02;7.109807e-02;5.027424e-02;2.085007e-01;1.193584e-01;4.518127e-02;5.889271e-02;5.750173e-02;2.936533e-02
6.710749e-02;8.163520e-02;3.899777e-02;1.008651e-01;1.163725e-01;3.914569e-02;2.097395e-01;1.074812e-01;5.981761e-02;1.206912e-01;2.363413e-02;3.451261e-02
5.498538e-02;7.981919e-02;2.536004e-02;1.026129e-01;1.100761e-01;3.204701e-02;2.372526e-01;9.647255e-02;4.935751e-02;1.441617e-01;3.580919e-02;3.204578e-02
5.779521e-02;7.175021e-02;2.682181e-02;8.511596e-02;7.849345e-02;3.819380e-02;2.842920e-01;1.184228e-01;4.712601e-02;1.298133e-01;3.701446e-02;2.516089e-02
4.693042e-02;6.810327e-02;2.878879e-02;4.795086e-02;4.905090e-02;9.919286e-02;3.677782e-01;1.278503e-01;5.528925e-02;6.882127e-02;2.406381e-02;1.618007e-02
1.825787e-02;3.339488e-02;2.012160e-02;1.739036e-02;4.582400e-02;1.039837e-01;4.130436e-01;2.685764e-01;3.808475e-02;2.016240e-02;1.232262e-02;8.837854e-03
8.492741e-03;1.566848e-02;1.401452e-02;7.051766e-03;6.400928e-02;7.412077e-02;3.885953e-01;3.773727e-01;2.578459e-02;9.639820e-03;1.223837e-02;3.011636e-03
3.294949e-03;7.631765e-03;1.784868e-02;6.315749e-03;5.974386e-02;6.765091e-02;3.250887e-01;4.752776e-01;1.769278e-02;7.057470e-03;1.027304e-02;2.124508e-03
8.821925e-03;1.264476e-02;2.127207e-02;1.033576e-02;3.175880e-02;6.411576e-02;2.918345e-01;5.212974e-01;1.719182e-02;1.311011e-02;2.516906e-03;5.100230e-03
2.504128e-02;3.176028e-02;2.217789e-02;1.713631e-02;2.049982e-02;7.455929e-02;2.847340e-01;4.086622e-01;2.075255e-02;2.410183e-02;6.361452e-02;6.960082e-03
3.475232e-02;5.339459e-02;2.227510e-02;2.686128e-02;5.817603e-02;7.972524e-02;1.076305e-01;4.024452e-01;4.296507e-02;2.947258e-02;1.322045e-01;1.009752e-02
1.278323e-02;3.167273e-02;1.072677e-02;2.258412e-02;6.907870e-02;5.462870e-02;3.328686e-01;3.382311e-01;4.226038e-02;1.394611e-02;6.584780e-02;5.371662e-03
1.005805e-02;3.142978e-02;9.617672e-03;1.085985e-02;4.195032e-02;4.797295e-02;4.361000e-01;3.117034e-01;6.899510e-02;9.066571e-03;2.050834e-02;1.737895e-03
7.437603e-03;2.733419e-02;2.432397e-02;6.296468e-03;4.308405e-02;4.469717e-02;3.885540e-01;3.600116e-01;6.855245e-02;1.387850e-02;1.278747e-02;3.042569e-03
4.808717e-03;1.513778e-02;6.105446e-02;3.785115e-03;3.758082e-02;6.118251e-02;2.649607e-01;4.461465e-01;3.327766e-02;4.083062e-02;2.280907e-02;8.426034e-03
9.356651e-03;1.252682e-02;9.843232e-02;4.872732e-03;2.109766e-02;8.045702e-02;1.733895e-01;4.719042e-01;1.349743e-02;6.226033e-02;4.002870e-02;1.217661e-02
8.725480e-03;2.608040e-02;1.090465e-01;6.445664e-03;2.518743e-02;7.461242e-02;2.072499e-01;4.484513e-01;9.702688e-03;5.505855e-02;1.977417e-02;9.665602e-03
7.930405e-03;8.074513e-02;7.569863e-02;9.665239e-03;1.793025e-02;4.630545e-02;3.258067e-01;3.809561e-01;1.124537e-02;2.890581e-02;1.149110e-02;3.319717e-03
1.955436e-02;1.074939e-01;2.734004e-02;9.728171e-03;1.301190e-02;5.900956e-02;4.296250e-01;2.697453e-01;2.327924e-02;1.951865e-02;1.450749e-02;7.186305e-03
4.919289e-02;7.150865e-02;1.165539e-02;1.333211e-02;2.494170e-02;1.425470e-01;4.141068e-01;1.794277e-01;3.871055e-02;2.727815e-02;1.171486e-02;1.558424e-02
8.263019e-02;2.851115e-02;1.433912e-02;2.425394e-02;1.046964e-01;2.129818e-01;2.573399e-01;1.261265e-01;6.550209e-02;2.091595e-02;8.941405e-03;5.376153e-02
5.493635e-02;3.894132e-02;2.871521e-02;5.893252e-02;2.141956e-01;1.575337e-01;1.441030e-01;9.525951e-02;6.483667e-02;1.652003e-02;2.474995e-02;1.012761e-01
3.965184e-02;1.149291e-01;5.528516e-02;1.170480e-01;1.779747e-01;8.302599e-02;1.255162e-01;9.836515e-02;3.242528e-02;1.944605e-02;4.996682e-02;8.636579e-02
8.338454e-02;2.684158e-01;9.026334e-02;9.646478e-02;7.751121e-02;5.478188e-02;8.461733e-02;8.432109e-02;3.523669e-02;2.502951e-02;6.495033e-02;3.502341e-02
1.281539e-01;3.319692e-01;9.541941e-02;1.126747e-01;7.290583e-02;2.759970e-02;5.182415e-02;5.232433e-02;3.314112e-02;2.398295e-02;5.537646e-02;1.462822e-02
1.108217e-01;2.628384e-01;8.496490e-02;2.014911e-01;9.937467e-02;3.338189e-02;4.268118e-02;4.707628e-02;2.557993e-02;1.581888e-02;5.449198e-02;2.147912e-02
1.047824e-01;2.305185e-01;1.038821e-01;1.493184e-01;9.614702e-02;5.356383e-02;9.132229e-02;7.027648e-02;2.267764e-02;1.761734e-02;5.054892e-02;9.345077e-03
1.140763e-01;2.927507e-01;8.847167e-02;9.883753e-02;6.283654e-02;6.498942e-02;1.086765e-01;8.627690e-02;2.907291e-02;1.529806e-02;2.673477e-02;1.197862e-02
1.303943e-01;3.872465e-01;4.965030e-02;1.054114e-01;3.614532e-02;6.283278e-02;6.778500e-02;6.638366e-02;2.507076e-02;1.642062e-02;3.299040e-02;1.966897e-02
1.448902e-01;4.568926e-01;6.056727e-02;7.752828e-02;2.437938e-02;5.337782e-02;3.268795e-02;5.570715e-02;2.029718e-02;2.358537e-02;2.980164e-02;2.028516e-02
1.583716e-01;4.915018e-01;6.980636e-02;3.726070e-02;2.701310e-02;3.516936e-02;5.052548e-02;5.419489e-02;1.853028e-02;2.082758e-02;1.995488e-02;1.684400e-02
1.613430e-01;5.345422e-01;8.437540e-02;2.289984e-02;1.751113e-02;2.756204e-02;3.257990e-02;4.690446e-02;2.318292e-02;2.581216e-02;7.903920e-03;1.538305e-02
1.569160e-01;5.087104e-01;1.023595e-01;9.400749e-03;1.905340e-02;2.450508e-02;3.331960e-02;5.677342e-02;2.609099e-02;4.130960e-02;1.057725e-02;1.098407e-02
1.071071e-01;3.361072e-01;1.216453e-01;7.059943e-02;5.054540e-02;4.327782e-02;8.307320e-02;5.577733e-02;2.359841e-02;5.740174e-02;3.128670e-02;1.958035e-02
6.630114e-02;2.206395e-01;1.103367e-01;1.407940e-01;1.033655e-01;7.258666e-02;1.055555e-01;2.964185e-02;2.573059e-02;5.054371e-02;3.524901e-02;3.925594e-02
5.913531e-02;1.319498e-01;7.310350e-02;1.346013e-01;1.455753e-01;1.112519e-01;1.693028e-01;4.449590e-02;3.473758e-02;2.831145e-02;1.054817e-02;5.698693e-02
9.987456e-02;5.721156e-02;3.985248e-02;5.563322e-02;1.204564e-01;2.038566e-01;2.679617e-01;2.814538e-02;3.619705e-02;2.499376e-02;1.518227e-02;5.063500e-02
1.207597e-01;2.899826e-02;2.109336e-02;4.759458e-02;4.827520e-02;2.325792e-01;3.209651e-01;8.248672e-02;1.617717e-02;4.512969e-02;1.524536e-02;2.069571e-02
1.250238e-01;2.880121e-02;1.159244e-02;4.176190e-02;3.945354e-02;1.877294e-01;3.672586e-01;1.066489e-01;7.278744e-03;5.707226e-02;1.301565e-02;1.436347e-02
1.388589e-01;2.739692e-02;1.089075e-02;2.713513e-02;2.849896e-02;1.428245e-01;3.861315e-01;1.411585e-01;5.368841e-03;4.996496e-02;1.755535e-02;2.421576e-02
1.306419e-01;4.721452e-02;2.356264e-02;3.904435e-02;2.931437e-02;1.247304e-01;3.137918e-01;1.703180e-01;1.197558e-02;3.539875e-02;4.481674e-02;2.919098e-02
8.601934e-02;1.016494e-01;5.268009e-02;7.553949e-02;4.727601e-02;1.025084e-01;1.615469e-01;1.464744e-01;2.218605e-02;3.681487e-02;8.948928e-02;7.781581e-02
5.706564e-02;1.631131e-01;7.488038e-02;1.536185e-01;4.020899e-02;9.162753e-02;5.516412e-02;1.048287e-01;1.364490e-02;3.299860e-02;1.183070e-01;9.454260e-02
6.353177e-02;1.873586e-01;8.270954e-02;1.671444e-01;2.571649e-02;1.243853e-01;5.279110e-02;9.764848e-02;8.418682e-03;1.873958e-02;1.069322e-01;6.462371e-02
6.330301e-02;2.017872e-01;8.901005e-02;1.517937e-01;4.290280e-02;1.089959e-01;1.068740e-01;9.223334e-02;8.186624e-03;1.590041e-02;6.776021e-02;5.125277e-02
6.979299e-02;1.675060e-01;7.172991e-02;1.608175e-01;9.972465e-02;7.188930e-02;1.477609e-01;1.159135e-01;1.787483e-02;1.404521e-02;3.522845e-02;2.771678e-02
3.930439e-02;9.725770e-02;4.707338e-02;1.416409e-01;1.540967e-01;9.912675e-02;1.954806e-01;1.076653e-01;2.942379e-02;1.040218e-02;4.273993e-02;3.578837e-02
1.946790e-02;8.418237e-02;3.174746e-02;1.011427e-01;1.976533e-01;1.134172e-01;1.772738e-01;8.586597e-02;7.151320e-02;1.376360e-02;3.274275e-02;7.122986e-02
3.043045e-02;1.023546e-01;2.755817e-02;1.230125e-01;1.687322e-01;9.594142e-02;1.057621e-01;8.000011e-02;1.205306e-01;2.625136e-02;4.615198e-02;7.327459e-02
1.472489e-02;9.849834e-02;3.392056e-02;1.164628e-01;1.404150e-01;1.432748e-01;8.547135e-02;1.259712e-01;7.683612e-02;2.873541e-02;9.817286e-02;3.751654e-02
3.402803e-02;1.014874e-01;4.518427e-02;1.087088e-01;1.396248e-01;1.771016e-01;5.909949e-02;1.198944e-01;5.900465e-02;2.878106e-02;1.166809e-01;1.040448e-02
7.528583e-02;1.480185e-01;5.066675e-02;6.644834e-02;1.275466e-01;1.427946e-01;5.723121e-02;1.191518e-01;6.688885e-02;3.956217e-02;9.122430e-02;1.518095e-02
9.175988e-02;2.269314e-01;5.204287e-02;3.552768e-02;8.417477e-02;1.035096e-01;8.810711e-02;1.197108e-01;5.725295e-02;4.113317e-02;7.188975e-02;2.795998e-02
3.939676e-02;1.914086e-01;7.226786e-02;8.779166e-02;5.971744e-02;1.076004e-01;1.189249e-01;1.017150e-01;5.817972e-02;6.078146e-02;8.039507e-02;2.182109e-02
6.738871e-02;1.847357e-01;9.249675e-02;8.495873e-02;5.994593e-02;6.278017e-02;1.143648e-01;7.032006e-02;8.257207e-02;7.337113e-02;9.371789e-02;1.334805e-02
1.159751e-01;2.309732e-01;1.051764e-01;5.366206e-02;1.066267e-01;5.025970e-02;9.552484e-02;5.006816e-02;7.531220e-02;4.718903e-02;4.844358e-02;2.078908e-02
1.643144e-01;2.331741e-01;7.728605e-02;4.396057e-02;1.097285e-01;3.997763e-02;1.105200e-01;6.375473e-02;4.417748e-02;5.254513e-02;3.080565e-02;2.975584e-02
2.019425e-01;1.647575e-01;5.053915e-02;4.444445e-02;8.823636e-02;5.161924e-02;1.430494e-01;9.231564e-02;3.661733e-02;4.623818e-02;4.960141e-02;3.063888e-02
2.144904e-01;1.825006e-01;4.308201e-02;5.018761e-02;4.149369e-02;5.573152e-02;1.474351e-01;7.467965e-02;3.156227e-02;4.134182e-02;9.848824e-02;1.900713e-02
1.867079e-01;1.474941e-01;4.864074e-02;7.137255e-02;6.776384e-02;6.230566e-02;1.223705e-01;7.129630e-02;3.113138e-02;4.940277e-02;1.160672e-01;2.544703e-02
1.387560e-01;1.067132e-01;5.140390e-02;6.570324e-02;1.158099e-01;7.241923e-02;9.711502e-02;9.268318e-02;5.051227e-02;9.089469e-02;8.507402e-02;3.291536e-02
1.779972e-01;1.439318e-01;3.850850e-02;3.669817e-02;9.775041e-02;7.136586e-02;1.266656e-01;9.160911e-02;3.795478e-02;8.898385e-02;6.582540e-02;2.270927e-02
2.052389e-01;1.594640e-01;1.735095e-02;2.199361e-02;7.452786e-02;7.133750e-02;1.861601e-01;1.086167e-01;2.685868e-02;4.058471e-02;5.079493e-02;3.707209e-02
1.959403e-01;1.583767e-01;2.853507e-02;2.959961e-02;8.103889e-02;4.955698e-02;1.611734e-01;1.121744e-01;4.911042e-02;2.886525e-02;7.322490e-02;3.240404e-02
1.046095e-01;1.204136e-01;5.841148e-02;6.586528e-02;6.555168e-02;6.855506e-02;1.479637e-01;1.931294e-01;6.452570e-02;5.326370e-02;4.396065e-02;1.375015e-02
7.341173e-02;6.077768e-02;4.833361e-02;4.080449e-02;4.892066e-02;8.628011e-02;2.131526e-01;2.662759e-01;4.673488e-02;3.719829e-02;7.177889e-02;6.331237e-03
1.011775e-01;4.513393e-02;3.364132e-02;2.042533e-02;3.497574e-02;1.018935e-01;2.601269e-01;2.399703e-01;2.793507e-02;2.951536e-02;9.427118e-02;1.093393e-02
1.374618e-01;3.854365e-02;2.819129e-02;2.379689e-02;2.229793e-02;1.242219e-01;2.916823e-01;1.877078e-01;1.945114e-02;3.831109e-02;7.635273e-02;1.198157e-02
1.397452e-01;7.194133e-02;2.931274e-02;4.168495e-02;1.790531e-02;1.718836e-01;2.575208e-01;1.471343e-01;2.021619e-02;5.504793e-02;3.169201e-02;1.591573e-02
1.296783e-01;8.872779e-02;3.184556e-02;3.712704e-02;3.032296e-02;2.614405e-01;1.869310e-01;1.243770e-01;1.820341e-02;6.059263e-02;1.383247e-02;1.692130e-02
1.098996e-01;5.541075e-02;6.108498e-02;1.488375e-02;6.475384e-02;2.903730e-01;1.997292e-01;1.169684e-01;1.465310e-02;3.716863e-02;1.456086e-02;2.051387e-02
1.178409e-01;5.060977e-02;1.151596e-01;2.559022e-02;9.977333e-02;3.020874e-01;1.142197e-01;8.170702e-02;2.021202e-02;2.674527e-02;2.213430e-02;2.392052e-02
1.915909e-01;6.872977e-02;8.882062e-02;3.122693e-02;7.875527e-02;2.716120e-01;7.289783e-02;5.246431e-02;1.720145e-02;4.987282e-02;4.498254e-02;3.184562e-02
2.015529e-01;7.261973e-02;4.432876e-02;2.430948e-02;4.489695e-02;2.030488e-01;1.506229e-01;9.362674e-02;1.449609e-02;5.526042e-02;7.169367e-02;2.354357e-02
1.892886e-01;4.599185e-02;2.529117e-02;1.763864e-02;3.299146e-02;1.612053e-01;2.464763e-01;1.312643e-01;1.566982e-02;3.034032e-02;7.939728e-02;2.444488e-02
2.153281e-01;6.821914e-02;7.219468e-02;1.719474e-02;5.854379e-02;1.482202e-01;1.945676e-01;7.703289e-02;3.731232e-02;1.674321e-02;4.896716e-02;4.567613e-02
1.319397e-01;7.113888e-02;1.245592e-01;1.334795e-02;1.479463e-01;1.283795e-01;1.463659e-01;2.216504e-02;6.516822e-02;1.092441e-02;2.998464e-02;1.080802e-01
4.001705e-02;1.100743e-01;1.149232e-01;4.216200e-02;1.887146e-01;9.690439e-02;1.124502e-01;4.730349e-02;4.891069e-02;2.619835e-02;2.996754e-02;1.423741e-01
4.360754e-02;1.865861e-01;5.227937e-02;1.111001e-01;1.558142e-01;9.764170e-02;4.331280e-02;7.326832e-02;2.492449e-02;3.968536e-02;6.662269e-02;1.051573e-01
1.066605e-01;1.837616e-01;4.487597e-02;1.486270e-01;9.215941e-02;1.202919e-01;3.480555e-02;7.909035e-02;1.794755e-02;2.847961e-02;8.593207e-02;5.736859e-02
2.016858e-01;1.783984e-01;4.214335e-02;1.214031e-01;5.567614e-02;1.098530e-01;4.949074e-02;7.337556e-02;1.210625e-02;2.030242e-02;7.868780e-02;5.687745e-02
2.439292e-01;1.791572e-01;4.115624e-02;7.954334e-02;7.393830e-02;7.556234e-02;5.017233e-02;6.330711e-02;1.188006e-02;3.646799e-02;7.015920e-02;7.472672e-02
1.619815e-01;9.897662e-02;4.644889e-02;1.271793e-01;1.284303e-01;1.008250e-01;4.826353e-02;5.723877e-02;1.989996e-02;6.609403e-02;6.713274e-02;7.752936e-02
9.089705e-02;9.516727e-02;8.253905e-02;1.345184e-01;1.169115e-01;1.368483e-01;7.824197e-02;5.804603e-02;2.839976e-02;5.908201e-02;5.991072e-02;5.943787e-02
5.660167e-02;1.110835e-01;7.595573e-02;1.086638e-01;6.838482e-02;1.427656e-01;1.129171e-01;8.108194e-02;3.891205e-02;9.116887e-02;6.862948e-02;4.383541e-02
9.345995e-02;1.211330e-01;7.362008e-02;7.424274e-02;5.481136e-02;1.128021e-01;9.572405e-02;1.212706e-01;3.710300e-02;1.120952e-01;5.936183e-02;4.437616e-02
1.180856e-01;1.211865e-01;4.434884e-02;4.777774e-02;8.651519e-02;1.209233e-01;8.972359e-02;9.825389e-02;4.685197e-02;7.270195e-02;1.046153e-01;4.901613e-02
1.211039e-01;5.797273e-02;4.195995e-02;7.487814e-02;8.543769e-02;1.097079e-01;1.320432e-01;7.378418e-02;6.489193e-02;5.994411e-02;1.156623e-01;6.261400e-02
1.004431e-01;7.496618e-02;8.510912e-02;1.002762e-01;4.631624e-02;1.125199e-01;1.332239e-01;9.066611e-02;4.625819e-02;8.493271e-02;6.942683e-02;5.586149e-02
6.961111e-02;9.123927e-02;8.227997e-02;1.092195e-01;7.763930e-02;1.325739e-01;1.230832e-01;1.124823e-01;3.411371e-02;5.156010e-02;7.376205e-02;4.243565e-02
9.547617e-02;1.136141e-01;7.464043e-02;8.109912e-02;8.786520e-02;1.283806e-01;9.554812e-02;1.161515e-01;4.226824e-02;4.941171e-02;7.981969e-02;3.572517e-02
1.317253e-01;1.776128e-01;6.278788e-02;6.975916e-02;5.929574e-02;1.031733e-01;6.354047e-02;9.581579e-02;4.621643e-02;6.719310e-02;8.595995e-02;3.692002e-02
1.243506e-01;1.770454e-01;6.641743e-02;7.436837e-02;7.461371e-02;7.676484e-02;4.934978e-02;7.483370e-02;3.115729e-02;5.167143e-02;1.024577e-01;9.696975e-02
8.938871e-02;7.484689e-02;5.263114e-02;7.971595e-02;1.772229e-01;6.849558e-02;9.780756e-02;5.090648e-02;2.011677e-02;2.029494e-02;8.545701e-02;1.831160e-01
6.640971e-02;4.545284e-02;3.757166e-02;5.630067e-02;2.866554e-01;8.783662e-02;8.238667e-02;4.540509e-02;2.169737e-02;6.565643e-03;4.068028e-02;2.230380e-01
2.432130e-02;3.615806e-02;4.393442e-02;3.077579e-02;3.339826e-01;1.823799e-01;5.638270e-02;2.556856e-02;2.959069e-02;7.400275e-03;2.864037e-02;2.008653e-01
7.812914e-02;1.738564e-02;3.602903e-02;2.395025e-02;1.807260e-01;4.415722e-01;8.092758e-02;1.163373e-02;1.866856e-02;8.259061e-03;1.543931e-02;8.727952e-02
8.602361e-02;1.143024e-02;1.572102e-02;2.163445e-02;7.104059e-02;5.525602e-01;1.579977e-01;2.910860e-02;7.135959e-03;1.544250e-02;5.533354e-03;2.637181e-02
9.535670e-02;1.072536e-02;4.800845e-03;1.539525e-02;4.974395e-02;5.210373e-01;2.006219e-01;4.447706e-02;4.540780e-03;3.622626e-02;4.160110e-03;1.291444e-02
1.153954e-01;6.810180e-03;6.008582e-03;1.851540e-02;4.682818e-02;4.644280e-01;1.810811e-01;6.335938e-02;4.267907e-03;7.918007e-02;8.335795e-03;5.789973e-03
1.486856e-01;1.126333e-02;1.037692e-02;1.498254e-02;5.186552e-02;3.829551e-01;1.447436e-01;7.124180e-02;6.265041e-03;1.193266e-01;2.805773e-02;1.023620e-02
1.518944e-01;3.214798e-02;1.262551e-02;3.613489e-02;5.745465e-02;2.831131e-01;1.713798e-01;6.647122e-02;5.908731e-03;1.167969e-01;3.665699e-02;2.941583e-02
9.481417e-02;7.023814e-02;9.788093e-03;6.944773e-02;4.970201e-02;2.450690e-01;2.218037e-01;9.444862e-02;5.077415e-03;9.344372e-02;2.224659e-02;2.392077e-02
9.271092e-02;9.849676e-02;2.597240e-02;7.409171e-02;3.752697e-02;2.418869e-01;2.109854e-01;9.969169e-02;7.937765e-03;7.388035e-02;2.122995e-02;1.558922e-02
9.230731e-02;1.255686e-01;5.274339e-02;8.000341e-02;5.149193e-02;2.562223e-01;1.115370e-01;8.244737e-02;1.161169e-02;8.507436e-02;3.302469e-02;1.796803e-02
9.809288e-02;2.036524e-01;7.733392e-02;7.025043e-02;3.342655e-02;2.275820e-01;1.105862e-01;4.904458e-02;1.205588e-02;5.855825e-02;4.175268e-02;1.766424e-02
8.207954e-02;2.844639e-01;1.111987e-01;5.556191e-02;3.859406e-02;1.736026e-01;1.151057e-01;3.061531e-02;1.893380e-02;2.860931e-02;4.259175e-02;1.864347e-02
1.100747e-01;3.373687e-01;1.180283e-01;4.746152e-02;3.788558e-02;1.289894e-01;1.087616e-01;2.316909e-02;1.322278e-02;4.336486e-02;2.025760e-02;1.141588e-02
1.747447e-01;3.421978e-01;9.284820e-02;4.189695e-02;3.814749e-02;1.056024e-01;8.402888e-02;4.762367e-02;1.341239e-02;3.720377e-02;1.200913e-02;1.028465e-02
2.426516e-01;2.025785e-01;7.024413e-02;4.479092e-02;4.984449e-02;1.170735e-01;9.208266e-02;6.396002e-02;1.631170e-02;3.097678e-02;5.160032e-02;1.788538e-02
2.647685e-01;1.128303e-01;4.874428e-02;4.467326e-02;5.169656e-02;1.168059e-01;6.692185e-02;5.039031e-02;2.611855e-02;4.099837e-02;1.621108e-01;1.394125e-02
2.164071e-01;1.216450e-01;4.724507e-02;3.433468e-02;3.788958e-02;9.281647e-02;5.445357e-02;2.860577e-02;2.783702e-02;6.229088e-02;2.629922e-01;1.348269e-02
1.786225e-01;9.451436e-02;4.409368e-02;3.833492e-02;3.904677e-02;8.090067e-02;8.403283e-02;3.566869e-02;3.049043e-02;8.861528e-02;2.662015e-01;1.947836e-02
1.560375e-01;7.030819e-02;3.926687e-02;4.597934e-02;4.272620e-02;9.701533e-02;1.685265e-01;9.721939e-02;3.850779e-02;7.963153e-02;1.426319e-01;2.214940e-02
1.939380e-01;7.580176e-02;3.545344e-02;3.835401e-02;3.987090e-02;8.466709e-02;2.004954e-01;9.359593e-02;3.441764e-02;7.198716e-02;1.177915e-01;1.362719e-02
2.105989e-01;1.304389e-01;5.714276e-02;4.889713e-02;4.217148e-02;1.057652e-01;1.750835e-01;6.871936e-02;3.939436e-02;5.228787e-02;5.830010e-02;1.120037e-02
1.808397e-01;1.022072e-01;6.259623e-02;5.107705e-02;6.026975e-02;1.396648e-01;1.501825e-01;9.528305e-02;3.884833e-02;4.921200e-02;5.606698e-02;1.375237e-02
1.339385e-01;9.403804e-02;4.828981e-02;1.065706e-01;8.980884e-02;1.456612e-01;1.285006e-01;7.394417e-02;3.775961e-02;5.992454e-02;6.019884e-02;2.136530e-02
7.287238e-02;1.165166e-01;4.957052e-02;1.114387e-01;7.329526e-02;1.173850e-01;1.208097e-01;1.243274e-01;7.566781e-02;6.140719e-02;4.557499e-02;3.113448e-02
6.253299e-02;1.391582e-01;3.697291e-02;9.180287e-02;6.275243e-02;1.139127e-01;1.037792e-01;2.025245e-01;6.392732e-02;6.398118e-02;3.043478e-02;2.822096e-02
7.166605e-02;1.171352e-01;3.789826e-02;7.660772e-02;9.764478e-02;1.979789e-01;8.273136e-02;1.755819e-01;3.026065e-02;6.475068e-02;2.440498e-02;2.333955e-02
7.935791e-02;1.086579e-01;5.906627e-02;4.697124e-02;1.040650e-01;1.918029e-01;1.212025e-01;1.188104e-01;5.190217e-02;4.618964e-02;2.771117e-02;4.426299e-02
8.909906e-02;1.192061e-01;5.679761e-02;5.805443e-02;7.281510e-02;9.782937e-02;1.094904e-01;1.003771e-01;1.133481e-01;7.033556e-02;5.216978e-02;6.047734e-02
1.066207e-01;1.124631e-01;4.331587e-02;7.818347e-02;4.071476e-02;4.561875e-02;1.253078e-01;1.792329e-01;1.159889e-01;6.776280e-02;4.879279e-02;3.599807e-02
7.842661e-02;7.765118e-02;4.204466e-02;6.167552e-02;4.211661e-02;4.769627e-02;2.932214e-01;2.161344e-01;4.205620e-02;3.853621e-02;4.094939e-02;1.949160e-02
6.858183e-02;8.114809e-02;2.919096e-02;2.466107e-02;2.857144e-02;6.844902e-02;3.681419e-01;2.334440e-01;2.330704e-02;2.311808e-02;3.110248e-02;2.028412e-02
4.122451e-02;6.578248e-02;1.983398e-02;8.212083e-03;2.378330e-02;6.260660e-02;4.290928e-01;2.776474e-01;2.034970e-02;1.718258e-02;2.227347e-02;1.201111e-02
1.493714e-02;4.701797e-02;1.850639e-02;4.309481e-03;2.442971e-02;4.354708e-02;4.795504e-01;3.177938e-01;1.243940e-02;1.001475e-02;2.212805e-02;5.325907e-03
7.114286e-03;2.940108e-02;2.865116e-02;1.139139e-02;2.251492e-02;3.159117e-02;4.562280e-01;3.644197e-01;1.233442e-02;6.254612e-03;2.330001e-02;6.799181e-03
8.085173e-03;1.747231e-02;5.624443e-02;1.189137e-02;1.780084e-02;2.562289e-02;3.650884e-01;4.524957e-01;1.195004e-02;8.113301e-03;1.660998e-02;8.625633e-03
6.764506e-03;1.259790e-02;8.492076e-02;1.759424e-02;7.641681e-03;2.369322e-02;2.432550e-01;5.492292e-01;2.363588e-02;8.967835e-03;1.280638e-02;8.893481e-03
6.523170e-03;9.569554e-03;8.273321e-02;5.262404e-02;8.045058e-03;3.674990e-02;2.660325e-01;4.618339e-01;4.141394e-02;7.973582e-03;1.653791e-02;9.963170e-03
7.309689e-03;5.962486e-03;5.556724e-02;8.722753e-02;1.279255e-02;8.177528e-02;2.313289e-01;4.298430e-01;5.587149e-02;6.706477e-03;1.324485e-02;1.237049e-02
1.059666e-02;1.063523e-02;3.330318e-02;8.390247e-02;1.700551e-02;1.221164e-01;1.439658e-01;4.807287e-01;5.269608e-02;1.356770e-02;1.232726e-02;1.915497e-02
8.251466e-03;1.790412e-02;4.504862e-02;4.841430e-02;3.597441e-02;9.422804e-02;2.592730e-01;4.174827e-01;3.715494e-02;1.134284e-02;1.056612e-02;1.435934e-02
1.766027e-02;3.736055e-02;3.357313e-02;3.893600e-02;4.869299e-02;8.482875e-02;3.337517e-01;3.408871e-01;2.709412e-02;1.213987e-02;1.622116e-02;8.854304e-03
4.966578e-02;9.561497e-02;3.699978e-02;3.443909e-02;4.432577e-02;9.861773e-02;2.958945e-01;2.610825e-01;2.019547e-02;2.299468e-02;1.949064e-02;2.067905e-02
1.212482e-01;1.882492e-01;5.660103e-02;3.899822e-02;3.166860e-02;1.076836e-01;1.593138e-01;1.684764e-01;2.556103e-02;3.088939e-02;4.206195e-02;2.924852e-02
1.238995e-01;1.421285e-01;5.534576e-02;3.439308e-02;3.991275e-02;9.445319e-02;1.936711e-01;1.591199e-01;3.774124e-02;3.327413e-02;6.387423e-02;2.218652e-02
8.483810e-02;7.871400e-02;5.579922e-02;2.977514e-02;3.987429e-02;7.896781e-02;2.675730e-01;2.053434e-01;3.661175e-02;4.453301e-02;6.124847e-02;1.672178e-02
6.277789e-02;6.977329e-02;5.218232e-02;3.062717e-02;5.670543e-02;1.404334e-01;2.769774e-01;2.040597e-01;3.156091e-02;3.515022e-02;2.054409e-02;1.920822e-02
6.014913e-02;6.276686e-02;6.686686e-02;4.129498e-02;7.417794e-02;1.745407e-01;2.135381e-01;1.411674e-01;4.910337e-02;5.694769e-02;3.381411e-02;2.563278e-02
1.496340e-01;1.265392e-01;4.845276e-02;3.044122e-02;6.340961e-02;1.751565e-01;1.596177e-01;8.149146e-02;4.763767e-02;5.481769e-02;5.071950e-02;1.208272e-02
2.352992e-01;2.561214e-01;4.928972e-02;1.776034e-02;5.371337e-02;1.378123e-01;9.133747e-02;3.636127e-02;2.684864e-02;3.702862e-02;3.173320e-02;2.669450e-02
1.949881e-01;3.144108e-01;7.332246e-02;3.965851e-02;6.369763e-02;6.851295e-02;6.382344e-02;3.099504e-02;2.376982e-02;3.196343e-02;4.443090e-02;5.042693e-02
5.425015e-02;2.539724e-01;9.590266e-02;7.715818e-02;7.117666e-02;7.822978e-02;1.423647e-01;5.460779e-02;2.049305e-02;1.584051e-02;5.925572e-02;7.674839e-02
8.235592e-02;1.365740e-01;5.120013e-02;5.101289e-02;6.622545e-02;1.383495e-01;2.887148e-01;7.210466e-02;9.533874e-03;6.258124e-03;3.312759e-02;6.454298e-02
1.060731e-01;7.134519e-02;1.545743e-02;1.739710e-02;4.626921e-02;1.796195e-01;3.869936e-01;1.166929e-01;6.874100e-03;1.029996e-02;1.487967e-02;2.809835e-02
1.280457e-01;3.767526e-02;1.036285e-02;2.172117e-02;2.648911e-02;1.763373e-01;4.358534e-01;1.314937e-01;3.295753e-03;9.404734e-03;9.856411e-03;9.464621e-03
1.461161e-01;2.298644e-02;9.332402e-03;2.299617e-02;1.895429e-02;1.423135e-01;4.450971e-01;1.452670e-01;2.200641e-03;8.416752e-03;1.747051e-02;1.884904e-02
1.468998e-01;2.747601e-02;1.200484e-02;1.823641e-02;1.355440e-02;1.168476e-01;4.504946e-01;1.518433e-01;1.665477e-03;6.767214e-03;2.878373e-02;2.542658e-02
7.841216e-02;1.066971e-01;1.806319e-02;1.212638e-02;9.804865e-03;1.191411e-01;4.694983e-01;1.429087e-01;3.199479e-03;4.908916e-03;2.471945e-02;1.052031e-02
4.895567e-02;2.297950e-01;7.532311e-02;1.529617e-02;8.348620e-03;1.431731e-01;3.419983e-01;1.091058e-01;3.887596e-03;8.042063e-03;1.144840e-02;4.626308e-03
1.007214e-01;1.997819e-01;1.383002e-01;3.298818e-02;1.645819e-02;1.976166e-01;2.240757e-01;6.509571e-02;4.412859e-03;8.587711e-03;5.061077e-03;6.900451e-03
1.121199e-01;8.872884e-02;1.086262e-01;8.127229e-02;6.160032e-02;2.481989e-01;1.986499e-01;5.137256e-02;5.911757e-03;6.449913e-03;6.748026e-03;3.032137e-02
6.777052e-02;2.760343e-02;3.106876e-02;6.435516e-02;1.131336e-01;4.284554e-01;1.548775e-01;4.038152e-02;1.090115e-02;6.678839e-03;5.905498e-03;4.886863e-02
1.013117e-01;1.783637e-02;1.477121e-02;1.817245e-02;9.222656e-02;6.142165e-01;7.745752e-02;2.590242e-02;6.258876e-03;7.252420e-03;3.784996e-03;2.080891e-02
1.047231e-01;5.699131e-03;9.524445e-03;5.281121e-03;8.605081e-02;6.909883e-01;5.475639e-02;1.530689e-02;5.507567e-03;3.399651e-03;3.634671e-03;1.512799e-02
7.476582e-02;9.186425e-03;1.082461e-02;1.260440e-02;2.200955e-01;5.488108e-01;4.394887e-02;1.340200e-02;1.066602e-02;3.128687e-03;3.418425e-03;4.914841e-02
3.351395e-02;1.162418e-02;1.387984e-02;1.027111e-02;4.791175e-01;2.771516e-01;4.611807e-02;1.103131e-02;1.608897e-02;2.137378e-03;3.515251e-03;9.555078e-02
7.325984e-03;9.182786e-03;7.074577e-03;1.771739e-02;6.210552e-01;1.309331e-01;4.800091e-02;7.124464e-03;1.819525e-02;2.444189e-03;2.580320e-03;1.283658e-01
1.558249e-02;6.351484e-03;8.272974e-03;9.876795e-02;5.711948e-01;6.443313e-02;5.073385e-02;7.498902e-03;1.258315e-02;2.976304e-03;9.368944e-03;1.522360e-01
2.354689e-02;1.016708e-02;1.116496e-02;3.948467e-01;2.970338e-01;4.145365e-02;3.684567e-02;1.133123e-02;4.185755e-03;4.858373e-03;4.695936e-02;1.176067e-01
1.308109e-02;1.338952e-02;3.483149e-02;5.067419e-01;1.967433e-01;6.327820e-02;1.745263e-02;1.576812e-02;4.284962e-03;7.265111e-03;7.604931e-02;5.111438e-02
1.494314e-02;4.789843e-02;1.001762e-01;3.942612e-01;2.078158e-01;6.589697e-02;1.324234e-02;1.697206e-02;7.360169e-03;2.077813e-02;8.448652e-02;2.616908e-02
6.396339e-02;1.908605e-01;1.957518e-01;9.081317e-02;2.103038e-01;4.984689e-02;1.845994e-02;2.122151e-02;2.442318e-02;4.157710e-02;7.308216e-02;1.969653e-02
1.656431e-01;2.522231e-01;1.234383e-01;1.385106e-01;1.018277e-01;1.917017e-02;2.459487e-02;3.619095e-02;3.244726e-02;2.564496e-02;5.270753e-02;2.760155e-02
2.443266e-01;2.006415e-01;4.833093e-02;9.325024e-02;7.571409e-02;2.498431e-02;4.052550e-02;5.494615e-02;2.633570e-02;1.304485e-02;1.335782e-01;4.432199e-02
1.710659e-01;9.364288e-02;3.205414e-02;5.259889e-02;5.656607e-02;5.146855e-02;6.405498e-02;6.342894e-02;1.369359e-02;2.537403e-02;3.241207e-01;5.193134e-02
7.402621e-02;6.071885e-02;5.352517e-02;6.544150e-02;2.128637e-02;6.837934e-02;7.798291e-02;1.449855e-01;1.726608e-02;3.867570e-02;3.475466e-01;3.016569e-02
9.952738e-02;6.981000e-02;6.088892e-02;2.134248e-02;5.696072e-02;6.225168e-02;1.603703e-01;2.471579e-01;2.722878e-02;3.663597e-02;1.391126e-01;1.871333e-02
1.078198e-01;1.108449e-01;4.735536e-02;1.687394e-02;5.379682e-02;5.765237e-02;2.273117e-01;2.296893e-01;2.081575e-02;2.053310e-02;8.582855e-02;2.147842e-02
1.374563e-01;1.437592e-01;2.990079e-02;3.422523e-02;4.959680e-02;7.305000e-02;2.396759e-01;1.689294e-01;1.488288e-02;1.369611e-02;8.572314e-02;9.104215e-03
1.737960e-01;1.100072e-01;3.745516e-02;5.265417e-02;8.004586e-02;7.810154e-02;1.462041e-01;1.075700e-01;1.200842e-02;1.797199e-02;1.640679e-01;2.011770e-02
1.034997e-01;6.214615e-02;3.934087e-02;7.001372e-02;1.321110e-01;6.801686e-02;7.902829e-02;6.829903e-02;8.802026e-03;2.299682e-02;3.284460e-01;1.729961e-02
6.076403e-02;6.924235e-02;2.845841e-02;3.535103e-02;1.046872e-01;5.106049e-02;1.266132e-01;7.225592e-02;4.984846e-03;2.623100e-02;4.096792e-01;1.067236e-02
1.192338e-01;1.203191e-01;5.270892e-02;3.058508e-02;5.012387e-02;4.326212e-02;1.121278e-01;9.613729e-02;8.768470e-03;2.746599e-02;3.311512e-01;8.116388e-03
1.215921e-01;1.551127e-01;6.199247e-02;9.039993e-02;1.361771e-01;3.502005e-02;9.078959e-02;4.991668e-02;1.401545e-02;2.411546e-02;2.003830e-01;2.048552e-02
1.155789e-01;1.069981e-01;5.262246e-02;4.337141e-02;1.480454e-01;4.250594e-02;1.225364e-01;8.420534e-02;1.960107e-02;1.934789e-02;2.219114e-01;2.327570e-02
1.515534e-01;9.341712e-02;6.014464e-02;1.220072e-01;1.166567e-01;4.731620e-02;1.510492e-01;9.284662e-02;2.094258e-02;2.011806e-02;1.005020e-01;2.344624e-02
1.031607e-01;5.708216e-02;7.652382e-02;1.788984e-01;1.216856e-01;6.407192e-02;1.306799e-01;3.675926e-02;1.755383e-02;2.537901e-02;1.700666e-01;1.813874e-02
