1.352282e-01;1.729205e-01;2.662240e-01;8.893133e-02;6.190690e-02;4.122946e-02;6.909697e-02;2.497237e-02;3.009701e-02;5.392541e-02;3.342453e-02;2.204341e-02
1.391904e-01;1.436505e-01;3.306001e-01;1.075936e-01;5.640218e-02;4.197168e-02;3.435045e-02;2.895471e-02;2.754737e-02;3.915207e-02;3.427351e-02;1.631349e-02
1.292223e-01;1.111260e-01;3.377073e-01;1.368126e-01;6.546998e-02;3.766853e-02;2.870997e-02;3.669851e-02;2.628730e-02;2.516056e-02;4.440254e-02;2.073429e-02
9.459274e-02;7.905895e-02;2.821521e-01;1.387275e-01;1.122175e-01;4.418795e-02;3.053756e-02;3.641814e-02;6.918992e-02;1.692509e-02;5.375082e-02;4.224168e-02
5.246542e-02;3.712681e-02;1.994157e-01;7.703516e-02;1.478948e-01;8.444599e-02;5.008405e-02;2.577784e-02;1.978076e-01;1.292710e-02;5.038961e-02;6.462988e-02
2.657786e-02;1.279586e-02;1.223889e-01;2.046937e-02;1.167106e-01;1.803401e-01;9.159029e-02;4.443425e-02;2.901570e-01;1.821837e-02;2.596332e-02;5.035410e-02
4.187659e-02;1.474625e-02;4.887629e-02;1.428691e-02;9.464810e-02;3.061831e-01;1.481628e-01;5.337330e-02;2.025930e-01;4.687268e-02;7.288013e-03;2.109293e-02
5.420478e-02;1.580303e-02;3.022447e-02;1.311346e-02;1.344071e-01;3.511306e-01;2.152649e-01;3.757599e-02;7.514250e-02;5.431234e-02;6.097624e-03;1.272326e-02
5.992492e-02;1.193849e-02;8.760214e-02;3.528151e-02;1.409327e-01;2.650461e-01;2.408640e-01;4.086867e-02;2.919130e-02;4.007241e-02;1.995706e-02;2.832071e-02
6.398230e-02;1.679906e-02;1.841849e-01;8.464088e-02;7.320288e-02;1.465326e-01;2.158788e-01;5.254344e-02;3.857933e-02;3.333012e-02;4.123079e-02;4.909485e-02
5.587350e-02;1.771882e-02;2.181570e-01;9.972016e-02;8.355778e-02;1.155045e-01;1.757907e-01;4.998196e-02;5.264687e-02;4.057888e-02;4.364268e-02;4.682720e-02
4.808104e-02;1.556167e-02;1.576411e-01;7.192981e-02;8.735045e-02;1.953009e-01;2.090679e-01;4.763368e-02;4.730217e-02;5.387241e-02;3.239184e-02;3.386693e-02
3.401811e-02;2.179268e-02;2.133057e-01;6.169410e-02;6.942630e-02;2.003184e-01;1.474738e-01;4.685065e-02;7.605737e-02;6.039618e-02;2.445702e-02;4.420973e-02
2.351825e-02;2.404792e-02;2.749395e-01;6.309044e-02;5.411971e-02;1.851186e-01;9.325863e-02;4.278196e-02;1.015618e-01;5.327429e-02;3.704548e-02;4.724341e-02
3.113562e-02;2.147475e-02;1.831743e-01;5.648871e-02;8.088584e-02;1.840459e-01;1.990312e-01;4.584885e-02;8.487795e-02;3.328559e-02;3.669671e-02;4.305454e-02
4.318467e-02;5.226696e-02;9.287981e-02;6.800317e-02;9.034448e-02;1.315347e-01;2.404182e-01;4.879740e-02;8.543615e-02;3.887745e-02;4.133767e-02;6.691938e-02
3.812031e-02;6.295735e-02;1.639283e-01;7.174095e-02;7.537071e-02;7.568121e-02;2.339907e-01;5.780762e-02;6.283537e-02;5.927325e-02;4.118941e-02;5.710482e-02
1.959257e-02;6.144232e-02;1.806155e-01;8.621883e-02;1.368407e-01;6.787183e-02;2.529007e-01;4.725831e-02;4.384264e-02;4.275365e-02;2.551596e-02;3.514693e-02
2.307454e-02;7.127000e-02;2.020150e-01;1.331554e-01;1.417623e-01;7.370096e-02;1.884841e-01;3.860014e-02;3.481549e-02;3.265150e-02;3.136076e-02;2.910978e-02
3.855692e-02;8.233546e-02;2.989476e-01;1.427610e-01;1.000027e-01;6.155772e-02;1.052157e-01;4.252400e-02;2.809965e-02;4.121593e-02;3.593729e-02;2.284599e-02
7.332167e-02;1.261086e-01;3.966492e-01;8.788852e-02;5.529065e-02;3.460744e-02;5.312189e-02;3.804040e-02;3.123780e-02;4.609911e-02;2.376542e-02;3.386935e-02
1.167832e-01;2.364010e-01;3.060422e-01;6.230992e-02;2.970190e-02;3.330110e-02;3.695799e-02;3.378889e-02;5.324849e-02;3.164867e-02;1.636775e-02;4.344898e-02
2.148597e-01;2.840481e-01;1.689738e-01;5.807840e-02;2.633630e-02;2.951046e-02;3.641853e-02;3.077620e-02;5.712070e-02;2.211363e-02;3.065273e-02;4.111141e-02
2.944843e-01;2.062539e-01;1.925556e-01;3.143731e-02;3.943289e-02;1.365554e-02;4.455206e-02;3.839425e-02;3.274894e-02;1.753579e-02;5.337741e-02;3.557203e-02
2.371427e-01;1.242404e-01;2.893883e-01;1.940086e-02;6.135450e-02;1.129211e-02;6.040025e-02;5.447136e-02;2.132004e-02;2.297988e-02;6.137886e-02;3.663071e-02
1.670295e-01;9.699545e-02;3.135612e-01;2.392278e-02;6.729656e-02;1.709620e-02;8.301380e-02;5.387040e-02;2.503422e-02;4.281760e-02;6.602460e-02;4.333768e-02
1.419311e-01;1.373493e-01;2.228155e-01;4.520016e-02;5.327051e-02;1.901396e-02;1.032937e-01;6.081861e-02;4.712811e-02;7.630986e-02;6.135802e-02;3.151113e-02
1.185936e-01;1.265488e-01;2.101762e-01;8.438183e-02;4.093432e-02;3.377093e-02;1.259794e-01;4.239717e-02;5.953162e-02;7.864150e-02;4.943354e-02;2.961118e-02
1.490876e-01;9.976382e-02;2.339114e-01;7.995882e-02;5.164356e-02;3.896252e-02;1.145579e-01;3.752253e-02;5.628322e-02;5.949240e-02;3.985735e-02;3.895877e-02
1.212973e-01;1.095890e-01;2.316017e-01;2.062221e-01;4.147331e-02;4.499742e-02;5.850724e-02;3.369724e-02;6.079918e-02;3.995544e-02;2.189698e-02;2.996319e-02
5.251241e-02;1.222030e-01;2.785514e-01;2.764287e-01;3.456015e-02;5.614062e-02;2.646807e-02;3.992682e-02;5.264610e-02;2.659492e-02;9.474527e-03;2.449325e-02
2.571124e-02;7.722039e-02;4.268527e-01;1.642365e-01;9.282198e-02;3.247881e-02;4.054197e-02;4.724368e-02;2.585612e-02;4.262118e-02;6.547696e-03;1.786768e-02
4.874127e-02;4.841731e-02;5.204834e-01;7.573108e-02;1.133955e-01;1.136649e-02;5.342894e-02;2.347691e-02;1.794724e-02;5.704156e-02;1.150392e-02;1.846639e-02
8.722400e-02;4.329902e-02;4.907057e-01;7.628188e-02;6.948414e-02;1.030345e-02;5.361375e-02;9.951960e-03;2.295605e-02;7.256882e-02;2.314031e-02;4.047095e-02
9.632257e-02;2.874228e-02;4.163237e-01;9.729306e-02;3.726294e-02;1.353813e-02;7.265335e-02;6.984523e-03;3.028060e-02;1.210628e-01;3.774768e-02;4.178833e-02
7.312656e-02;1.981967e-02;4.005673e-01;9.368212e-02;3.936515e-02;3.265393e-02;1.057377e-01;1.135724e-02;3.420770e-02;1.403028e-01;2.928875e-02;1.989107e-02
4.244490e-02;4.952777e-02;4.585333e-01;6.845801e-02;2.942765e-02;8.647069e-02;9.206605e-02;1.024658e-02;2.142022e-02;1.154904e-01;1.678549e-02;9.128971e-03
2.281630e-02;1.159568e-01;4.528624e-01;4.309935e-02;2.230400e-02;1.541693e-01;4.520509e-02;1.274173e-02;3.609102e-02;7.557610e-02;6.667197e-03;1.251080e-02
8.705355e-02;1.834850e-01;3.472252e-01;3.060726e-02;2.000752e-02;1.860071e-01;1.633733e-02;1.114950e-02;7.015522e-02;2.841800e-02;2.905924e-03;1.664833e-02
1.554687e-01;1.892401e-01;2.343645e-01;2.955532e-02;4.878798e-02;1.728707e-01;2.493680e-02;1.290244e-02;8.478695e-02;1.559716e-02;1.296868e-02;1.852071e-02
2.094049e-01;1.410645e-01;1.655246e-01;3.000595e-02;7.393693e-02;1.270598e-01;5.861994e-02;3.645728e-02;6.597920e-02;3.108620e-02;3.365143e-02;2.720934e-02
1.901689e-01;1.100606e-01;1.971852e-01;5.376898e-02;6.231328e-02;8.473364e-02;5.884865e-02;4.736849e-02;4.761051e-02;5.867236e-02;4.303521e-02;4.623411e-02
1.787912e-01;1.305518e-01;1.614036e-01;7.479866e-02;3.141015e-02;6.090795e-02;6.987522e-02;2.409842e-02;4.438579e-02;1.023434e-01;3.850329e-02;8.293043e-02
1.502247e-01;1.523049e-01;1.290655e-01;1.052056e-01;2.233959e-02;3.453100e-02;9.680352e-02;1.773558e-02;2.948548e-02;1.097562e-01;4.335847e-02;1.091895e-01
7.609910e-02;1.495403e-01;1.384768e-01;1.400189e-01;1.686143e-02;2.743759e-02;1.245529e-01;1.397961e-02;2.415757e-02;8.576891e-02;5.766408e-02;1.454428e-01
1.754556e-01;8.097959e-02;7.123440e-02;1.504416e-01;7.745033e-02;1.919560e-02;1.049322e-01;2.368924e-02;2.632959e-02;7.587709e-02;5.914520e-02;1.352696e-01
1.933984e-01;6.154650e-02;1.375399e-01;1.079426e-01;1.897777e-01;2.647278e-02;4.629784e-02;4.307550e-02;2.886566e-02;5.462347e-02;3.652851e-02;7.393105e-02
2.086587e-01;9.873287e-02;1.355133e-01;5.905539e-02;2.660521e-01;2.126921e-02;3.331239e-02;4.392184e-02;2.952730e-02;3.264932e-02;3.645005e-02;3.485746e-02
1.928660e-01;1.616218e-01;1.349883e-01;2.628852e-02;2.777642e-01;3.357210e-02;2.463693e-02;3.134377e-02;4.466898e-02;2.130679e-02;3.856502e-02;1.237757e-02
1.626226e-01;2.155535e-01;1.397395e-01;2.365688e-02;2.473395e-01;5.115249e-02;1.878507e-02;1.993684e-02;6.985003e-02;1.763285e-02;2.703402e-02;6.696612e-03
1.764627e-01;2.361840e-01;1.578254e-01;2.782220e-02;1.671068e-01;7.586495e-02;1.343470e-02;1.904582e-02;9.137511e-02;1.358156e-02;1.062893e-02;1.066787e-02
2.015993e-01;2.265643e-01;1.905333e-01;3.233281e-02;8.795174e-02;6.988869e-02;2.643863e-02;2.293872e-02;9.661301e-02;1.608362e-02;1.359762e-02;1.545828e-02
2.049583e-01;1.687972e-01;1.864930e-01;3.170348e-02;7.487771e-02;6.263763e-02;5.232324e-02;4.829744e-02;7.587397e-02;2.550383e-02;4.301814e-02;2.551599e-02
2.186997e-01;1.038380e-01;1.135748e-01;2.755853e-02;1.292281e-01;7.213264e-02;5.877404e-02;1.076010e-01;4.811653e-02;2.624372e-02;6.430013e-02;2.993271e-02
2.542180e-01;1.207281e-01;1.541711e-01;1.654912e-02;1.352172e-01;4.200916e-02;2.941824e-02;1.397356e-01;2.516769e-02;1.399809e-02;3.982835e-02;2.895936e-02
2.955866e-01;1.326707e-01;1.807921e-01;8.330564e-03;1.270310e-01;2.104507e-02;1.738282e-02;1.392303e-01;2.002724e-02;1.144136e-02;1.833675e-02;2.812553e-02
2.872224e-01;8.405459e-02;1.896554e-01;1.034265e-02;1.781472e-01;1.402852e-02;1.164225e-02;1.526772e-01;1.750592e-02;9.453111e-03;1.967711e-02;2.559363e-02
2.617877e-01;2.618326e-02;1.975971e-01;1.311295e-02;1.961201e-01;1.544529e-02;1.739267e-02;1.871258e-01;2.330626e-02;8.381587e-03;2.436918e-02;2.917802e-02
2.159654e-01;6.421398e-02;1.977351e-01;1.871234e-02;1.333629e-01;1.593346e-02;4.710040e-02;1.665398e-01;5.925654e-02;2.249866e-02;3.610485e-02;2.257656e-02
1.603407e-01;1.022891e-01;1.714010e-01;2.136751e-02;1.076894e-01;1.920642e-02;5.566227e-02;1.276482e-01;9.712096e-02;3.734072e-02;8.867490e-02;1.125881e-02
1.726562e-01;1.342134e-01;1.247751e-01;1.397770e-02;8.142716e-02;2.005525e-02;4.175392e-02;9.447853e-02;1.138857e-01;4.090025e-02;1.503995e-01;1.147730e-02
1.839900e-01;1.267858e-01;1.095825e-01;1.571168e-02;7.009887e-02;1.591829e-02;2.611776e-02;6.507799e-02;9.852488e-02;5.305518e-02;2.142093e-01;2.092795e-02
1.495541e-01;7.892086e-02;1.240548e-01;2.553694e-02;7.677713e-02;1.605148e-02;3.437939e-02;7.505905e-02;7.901641e-02;8.176204e-02;2.282620e-01;3.062580e-02
1.208725e-01;7.581224e-02;1.296696e-01;4.437734e-02;6.274752e-02;2.656755e-02;6.855516e-02;6.840973e-02;8.716809e-02;1.417349e-01;1.492152e-01;2.487026e-02
1.664853e-01;8.687336e-02;8.367827e-02;3.958052e-02;3.244718e-02;2.912600e-02;4.867598e-02;6.587347e-02;9.246012e-02;2.227688e-01;7.408097e-02;5.795003e-02
2.050337e-01;8.148492e-02;5.317916e-02;3.641620e-02;2.790486e-02;2.680700e-02;2.994737e-02;5.642735e-02;6.517247e-02;3.027741e-01;4.316591e-02;7.168692e-02
1.712475e-01;6.883644e-02;4.259222e-02;4.180070e-02;1.895409e-02;2.632258e-02;4.977710e-02;5.653059e-02;5.868790e-02;3.570917e-01;2.853234e-02;7.962686e-02
3.660866e-02;7.782603e-02;6.865993e-02;6.899602e-02;1.965529e-02;3.984185e-02;1.111608e-01;6.120008e-02;8.202377e-02;2.928598e-01;3.157108e-02;1.095967e-01
1.465452e-01;6.140286e-02;6.118974e-02;6.801958e-02;2.449033e-02;2.257973e-02;1.062194e-01;6.745029e-02;6.579214e-02;2.432680e-01;4.056166e-02;9.248112e-02
1.511946e-01;4.080560e-02;6.640498e-02;6.085605e-02;2.681968e-02;1.254538e-02;8.764549e-02;6.447159e-02;6.347500e-02;3.076097e-01;5.230185e-02;6.586999e-02
1.635086e-01;1.788026e-02;1.090143e-01;5.839844e-02;1.862169e-02;1.767791e-02;7.195920e-02;5.555148e-02;7.816228e-02;3.007765e-01;6.814831e-02;4.030108e-02
2.012378e-01;7.328495e-02;1.186315e-01;4.531982e-02;1.929242e-02;1.887440e-02;5.754369e-02;6.275449e-02;7.349774e-02;1.848646e-01;7.403767e-02;7.066092e-02
1.701575e-01;9.496158e-02;9.528343e-02;5.717217e-02;2.860044e-02;1.938725e-02;4.762666e-02;7.174311e-02;7.131422e-02;1.864651e-01;6.639262e-02;9.089597e-02
5.602218e-02;1.032188e-01;1.128390e-01;6.832280e-02;2.703824e-02;1.830176e-02;3.921283e-02;7.300406e-02;6.587984e-02;2.950308e-01;4.858419e-02;9.254548e-02
1.422381e-01;6.979001e-02;8.756381e-02;5.338353e-02;2.182894e-02;1.545667e-02;8.114780e-02;7.344226e-02;5.819970e-02;2.563039e-01;6.830571e-02;7.233965e-02
8.169632e-02;6.074087e-02;1.011871e-01;7.357730e-02;3.364288e-02;2.541316e-02;8.455909e-02;6.972197e-02;9.140901e-02;2.267629e-01;8.697618e-02;6.431323e-02
1.043975e-01;6.360289e-02;1.213734e-01;9.178887e-02;4.232600e-02;4.346985e-02;4.665181e-02;7.859977e-02;1.154500e-01;1.448333e-01;9.975141e-02;4.775527e-02
8.366847e-02;6.724431e-02;1.087724e-01;7.598172e-02;3.729322e-02;3.600305e-02;4.620183e-02;1.158966e-01;1.386736e-01;1.352913e-01;1.097137e-01;4.525971e-02
6.259974e-02;6.473861e-02;7.915605e-02;4.793011e-02;4.429176e-02;3.854126e-02;3.819624e-02;1.470321e-01;1.550038e-01;1.357654e-01;1.413116e-01;4.543323e-02
5.275070e-02;5.373387e-02;7.615866e-02;2.946715e-02;3.579918e-02;3.880559e-02;3.706886e-02;1.678873e-01;1.517904e-01;1.504769e-01;1.603577e-01;4.570371e-02
2.610101e-02;5.074720e-02;6.733380e-02;2.918650e-02;3.082300e-02;2.211678e-02;3.586528e-02;1.769771e-01;1.697965e-01;2.088678e-01;1.404417e-01;4.174321e-02
4.194695e-02;4.147591e-02;6.817426e-02;4.117621e-02;2.949554e-02;2.132402e-02;1.477415e-01;1.583796e-01;1.621626e-01;1.791593e-01;7.802936e-02;3.093475e-02
4.660945e-02;4.453216e-02;5.631177e-02;3.717499e-02;4.644826e-02;4.615821e-02;2.532431e-01;1.238395e-01;9.641282e-02;1.494856e-01;6.547447e-02;3.430959e-02
3.264547e-02;4.511449e-02;7.475722e-02;3.417619e-02;6.286468e-02;6.752115e-02;2.323075e-01;9.416132e-02;8.288223e-02;1.553861e-01;8.883955e-02;2.934410e-02
7.954528e-02;5.021998e-02;1.105538e-01;3.818345e-02;7.001209e-02;6.255370e-02;1.382192e-01;8.406315e-02;6.606671e-02;1.696195e-01;9.497809e-02;3.598509e-02
1.068187e-01;6.989689e-02;1.295550e-01;6.269595e-02;7.382203e-02;5.612519e-02;1.221097e-01;4.805489e-02;9.999322e-02;1.328416e-01;5.124781e-02;4.683904e-02
8.389157e-02;6.867284e-02;1.941710e-01;8.522561e-02;8.465628e-02;6.386559e-02;8.800538e-02;4.139547e-02;1.195255e-01;7.057618e-02;4.300443e-02;5.701016e-02
2.087914e-01;9.334219e-02;1.946177e-01;4.514440e-02;4.963661e-02;4.853279e-02;5.128124e-02;4.528313e-02;8.735138e-02;5.454638e-02;5.085675e-02;7.061599e-02
3.350977e-01;1.227535e-01;1.410918e-01;3.183571e-02;2.742875e-02;3.019826e-02;3.446046e-02;4.362276e-02;8.730086e-02;4.885774e-02;3.743234e-02;5.992003e-02
3.793496e-01;1.549829e-01;7.346357e-02;4.931340e-02;1.768113e-02;1.968767e-02;5.168096e-02;2.431201e-02;7.228952e-02;5.577948e-02;1.752079e-02;8.393903e-02
3.023728e-01;1.939124e-01;3.225933e-02;6.099074e-02;1.341720e-02;1.952939e-02;8.551323e-02;2.663827e-02;4.498657e-02;6.493569e-02;1.529775e-02;1.401467e-01
1.766824e-01;1.969769e-01;5.436455e-02;5.513012e-02;2.775453e-02;2.794913e-02;1.121327e-01;3.575088e-02;5.706104e-02;5.354505e-02;4.823796e-02;1.544147e-01
1.155434e-01;1.214275e-01;1.129252e-01;2.905075e-02;5.569268e-02;4.618291e-02;1.008831e-01;3.180553e-02;1.358561e-01;4.575443e-02;1.174599e-01;8.741853e-02
1.409235e-01;6.444222e-02;1.290970e-01;3.018100e-02;6.375308e-02;4.697353e-02;6.016470e-02;3.637093e-02;1.577022e-01;5.792134e-02;1.603995e-01;5.207111e-02
1.177150e-01;6.987224e-02;1.408554e-01;3.597390e-02;4.030859e-02;6.236038e-02;4.447383e-02;3.310106e-02;1.283344e-01;6.853344e-02;1.941591e-01;6.431267e-02
1.008704e-01;4.848059e-02;1.332694e-01;2.302151e-02;2.257857e-02;9.162777e-02;5.332321e-02;1.972331e-02;8.758089e-02;8.270121e-02;2.656472e-01;7.117599e-02
1.526403e-01;3.318973e-02;1.236769e-01;1.865451e-02;1.761709e-02;1.012479e-01;4.794347e-02;2.012832e-02;5.634752e-02;6.803880e-02;2.761186e-01;8.439682e-02
1.941587e-01;3.213061e-02;1.191083e-01;1.760981e-02;1.806073e-02;1.041165e-01;5.170473e-02;2.400372e-02;9.936287e-02;3.934595e-02;2.376167e-01;6.278152e-02
1.672381e-01;1.425133e-02;1.031320e-01;1.146642e-02;2.501338e-02;1.127361e-01;5.893371e-02;2.254633e-02;1.310320e-01;6.802511e-02;2.383351e-01;4.729045e-02
1.272574e-01;1.511148e-02;8.367389e-02;1.542410e-02;3.781608e-02;1.084032e-01;7.370050e-02;3.189931e-02;1.070693e-01;1.187351e-01;2.310624e-01;4.984711e-02
8.789222e-02;2.586983e-02;8.469342e-02;3.315582e-02;4.676311e-02;7.735512e-02;1.172794e-01;4.548674e-02;7.535035e-02;1.508772e-01;2.087524e-01;4.652441e-02
8.776891e-02;3.615448e-02;1.170678e-01;4.260535e-02;3.810734e-02;5.053023e-02;1.436981e-01;3.768091e-02;6.723239e-02;1.568163e-01;1.737028e-01;4.863547e-02
1.324751e-01;2.791738e-02;1.118043e-01;2.394729e-02;4.671564e-02;1.070488e-01;9.162291e-02;4.353919e-02;8.203458e-02;1.320880e-01;1.292734e-01;7.153341e-02
1.113654e-01;1.921576e-02;1.257204e-01;3.321238e-02;4.474083e-02;1.255279e-01;1.015295e-01;3.801945e-02;6.970877e-02;8.708417e-02;1.644939e-01;7.938162e-02
8.939376e-02;2.803098e-02;1.366900e-01;4.243401e-02;4.524749e-02;1.147346e-01;1.172786e-01;2.380650e-02;5.128012e-02;8.067735e-02;1.877171e-01;8.270956e-02
5.433362e-02;4.913138e-02;1.579136e-01;4.509062e-02;4.626324e-02;1.066902e-01;1.116036e-01;5.780663e-02;6.915988e-02;8.633568e-02;1.313582e-01;8.431333e-02
5.059285e-02;5.227245e-02;1.256963e-01;6.167421e-02;4.951601e-02;1.110920e-01;9.755909e-02;6.157418e-02;9.179588e-02;1.100456e-01;9.190047e-02;9.628095e-02
9.933450e-02;8.732350e-02;1.089698e-01;7.840560e-02;5.593554e-02;8.852469e-02;4.723498e-02;5.458253e-02;1.134850e-01;9.906115e-02;7.847448e-02;8.866815e-02
1.974668e-01;1.083403e-01;1.103313e-01;5.740818e-02;7.360294e-02;3.195145e-02;8.063462e-02;7.902341e-02;7.323427e-02;5.898048e-02;4.569860e-02;8.332765e-02
3.060312e-01;9.640111e-02;8.337813e-02;4.845335e-02;9.477416e-02;2.047551e-02;7.017967e-02;1.058998e-01;4.149870e-02;4.077920e-02;2.167493e-02;7.045425e-02
3.832766e-01;7.308134e-02;5.264610e-02;4.423206e-02;1.431076e-01;1.124370e-02;3.815307e-02;1.268159e-01;3.879474e-02;2.357657e-02;1.080700e-02;5.426528e-02
3.751340e-01;4.737044e-02;2.988835e-02;3.234063e-02;2.295882e-01;1.503956e-02;4.514021e-02;1.337865e-01;3.288003e-02;1.241591e-02;8.978731e-03;3.743736e-02
2.924731e-01;3.054097e-02;1.384434e-02;2.217786e-02;2.314157e-01;3.235334e-02;8.370370e-02;1.671561e-01;3.880185e-02;2.964794e-02;1.138708e-02;4.649806e-02
2.310729e-01;2.678418e-02;1.499301e-02;3.795421e-02;1.076463e-01;4.798103e-02;1.222831e-01;2.256872e-01;4.846989e-02;6.387006e-02;1.216807e-02;6.108998e-02
1.950418e-01;1.529864e-02;1.794301e-02;4.417441e-02;1.652283e-02;3.777691e-02;1.597120e-01;2.629963e-01;5.699067e-02;1.032520e-01;1.600217e-02;7.428920e-02
1.876634e-01;1.655801e-02;2.170339e-02;4.410985e-02;3.238596e-02;2.245166e-02;1.484593e-01;1.667047e-01;5.302985e-02;1.606768e-01;5.929327e-02;8.696397e-02
1.558956e-01;4.479797e-02;4.837730e-02;4.959865e-02;2.918440e-02;2.448361e-02;1.161103e-01;5.878042e-02;4.214797e-02;2.350389e-01;1.058650e-01;8.971988e-02
1.351530e-01;5.573893e-02;8.334443e-02;4.551190e-02;2.002537e-02;2.717731e-02;1.034270e-01;6.499912e-02;4.136577e-02;2.482960e-01;9.972718e-02;7.523401e-02
1.591110e-01;4.039444e-02;9.918968e-02;5.481628e-02;3.711001e-02;3.053012e-02;1.158306e-01;8.596659e-02;3.998093e-02;1.856069e-01;6.741292e-02;8.405039e-02
2.173957e-01;3.018669e-02;6.446923e-02;6.393061e-02;4.546041e-02;4.704669e-02;1.028387e-01;7.974456e-02;6.874530e-02;1.219462e-01;4.612643e-02;1.121094e-01
2.520228e-01;4.518520e-02;4.267470e-02;5.552071e-02;4.894781e-02;5.299687e-02;5.744236e-02;2.973269e-02;8.551805e-02;1.830297e-01;4.684161e-02;1.000876e-01
2.734117e-01;3.787001e-02;7.744606e-02;3.209494e-02;4.751913e-02;4.491033e-02;4.833913e-02;4.138396e-02;7.340522e-02;1.244568e-01;9.562246e-02;1.035402e-01
2.982949e-01;5.655398e-02;6.264275e-02;3.017529e-02;3.026980e-02;3.086317e-02;5.346676e-02;4.967859e-02;6.809341e-02;1.213660e-01;9.264252e-02;1.059529e-01
3.646247e-01;5.433920e-02;3.010629e-02;3.581800e-02;1.291973e-02;2.238798e-02;5.834537e-02;4.788368e-02;1.032689e-01;1.237327e-01;4.982120e-02;9.675228e-02
3.468450e-01;4.474552e-02;2.127095e-02;4.865653e-02;8.969399e-03;1.911731e-02;5.650190e-02;4.549417e-02;1.213157e-01;1.403525e-01;1.649459e-02;1.302364e-01
2.411966e-01;4.269140e-02;2.019784e-02;7.333998e-02;7.604743e-03;1.592920e-02;4.171006e-02;2.619038e-02;8.666303e-02;1.790195e-01;2.593207e-02;2.395252e-01
1.656869e-01;3.401388e-02;3.650416e-02;7.661017e-02;5.541446e-03;1.294370e-02;4.177186e-02;2.630013e-02;5.073648e-02;1.741322e-01;5.835858e-02;3.174004e-01
1.324000e-01;4.121453e-02;4.101367e-02;6.161653e-02;7.519150e-03;1.449684e-02;6.241109e-02;3.195581e-02;5.952085e-02;1.444068e-01;1.075546e-01;2.958900e-01
1.253354e-01;3.125256e-02;7.391948e-02;4.688502e-02;1.554111e-02;1.593206e-02;6.889565e-02;3.730465e-02;1.034784e-01;1.204212e-01;1.615399e-01;1.994945e-01
1.309008e-01;2.713011e-02;9.326133e-02;6.179542e-02;1.964023e-02;2.286464e-02;5.551260e-02;5.076858e-02;1.221433e-01;1.451758e-01;1.294845e-01;1.413227e-01
1.513521e-01;4.415037e-02;5.515491e-02;7.441607e-02;2.218854e-02;2.972759e-02;9.177092e-02;5.135605e-02;1.381491e-01;1.271747e-01;5.781384e-02;1.567457e-01
1.135419e-01;4.032213e-02;1.030437e-01;6.192804e-02;1.918477e-02;3.322922e-02;1.276476e-01;5.605737e-02;1.123260e-01;1.401667e-01;6.109542e-02;1.314572e-01
7.341667e-02;4.931040e-02;9.051823e-02;5.044504e-02;3.446015e-02;6.043169e-02;1.294301e-01;7.739925e-02;1.184128e-01;1.230572e-01;1.057832e-01;8.733520e-02
5.954774e-02;5.329597e-02;9.588587e-02;3.641844e-02;5.281087e-02;1.077008e-01;1.166204e-01;7.181928e-02;1.180037e-01;1.241589e-01;1.153309e-01;4.840711e-02
5.907983e-02;3.193873e-02;1.218977e-01;2.474003e-02;4.545056e-02;1.749891e-01;6.620083e-02;6.150667e-02;1.066150e-01;1.242014e-01;1.265555e-01;5.682465e-02
5.900070e-02;2.141749e-02;1.294908e-01;2.260415e-02;2.298264e-02;2.217333e-01;6.410779e-02;2.947097e-02;1.240532e-01;9.745826e-02;1.436127e-01;6.406797e-02
4.323836e-02;1.947842e-02;1.152834e-01;1.444081e-02;2.941434e-02;2.452385e-01;8.001386e-02;3.984254e-02;1.001519e-01;9.495667e-02;1.635790e-01;5.436223e-02
3.984291e-02;1.956226e-02;9.324247e-02;2.987869e-02;5.927261e-02;2.132246e-01;7.319226e-02;5.077612e-02;7.243040e-02;1.172575e-01;1.784591e-01;5.286102e-02
5.072333e-02;2.967362e-02;8.650090e-02;4.969953e-02;6.583605e-02;1.316709e-01;1.336987e-01;4.666970e-02;8.080882e-02;1.231492e-01;1.524826e-01;4.908664e-02
4.465074e-02;7.118266e-02;1.110701e-01;6.815007e-02;5.898652e-02;7.703719e-02;1.338461e-01;8.137525e-02;8.631921e-02;1.281250e-01;9.939256e-02;3.986464e-02
5.917340e-02;9.080308e-02;1.418147e-01;8.954985e-02;7.193431e-02;8.067546e-02;5.095917e-02;7.385348e-02;1.008909e-01;1.264191e-01;7.632297e-02;3.760352e-02
9.113280e-02;5.805920e-02;1.199945e-01;8.526989e-02;6.147594e-02;5.877733e-02;6.824682e-02;4.474290e-02;1.066454e-01;1.371115e-01;9.089757e-02;7.764606e-02
8.213031e-02;3.483292e-02;1.208892e-01;5.384481e-02;8.323497e-02;7.701408e-02;7.359948e-02;4.680277e-02;1.198268e-01;1.276816e-01;9.625424e-02;8.388878e-02
7.296145e-02;8.526285e-02;1.116757e-01;6.440727e-02;9.289034e-02;6.520899e-02;6.519187e-02;6.503744e-02;1.191980e-01;9.981125e-02;7.575011e-02;8.260479e-02
9.860696e-02;1.527784e-01;7.414836e-02;6.219143e-02;4.938644e-02;3.969795e-02;4.783128e-02;6.460865e-02;1.290756e-01;8.104038e-02;1.001125e-01;1.005220e-01
6.762563e-02;1.479351e-01;1.884969e-01;4.511725e-02;5.956980e-02;4.124046e-02;5.022323e-02;6.715773e-02;9.091686e-02;5.747558e-02;8.401483e-02;1.002266e-01
7.687286e-02;1.326609e-01;2.850183e-01;3.081884e-02;4.402120e-02;3.587081e-02;5.215995e-02;4.550287e-02;8.938097e-02;5.374101e-02;5.389569e-02;1.000566e-01
1.369389e-01;1.451094e-01;2.287168e-01;1.817593e-02;4.450975e-02;2.868867e-02;3.858292e-02;3.487431e-02;8.401070e-02;4.244838e-02;1.303865e-01;6.755770e-02
2.002238e-01;1.298192e-01;1.433336e-01;2.085316e-02;4.865203e-02;1.508175e-02;3.344353e-02;6.947565e-02;5.453485e-02;8.419865e-02;1.571697e-01;4.321405e-02
2.557735e-01;8.723588e-02;8.317226e-02;4.185989e-02;4.627541e-02;1.109297e-02;6.252873e-02;8.443252e-02;2.979563e-02;1.248778e-01;1.205339e-01;5.242157e-02
2.301765e-01;4.226671e-02;5.687043e-02;1.177282e-01;2.401335e-02;2.585348e-02;1.230118e-01;5.347580e-02;2.360666e-02;1.378741e-01;5.835881e-02;1.067641e-01
1.587404e-01;3.970246e-02;6.338661e-02;2.089456e-01;7.201432e-03;3.464977e-02;1.401097e-01;1.733847e-02;1.725432e-02;1.094462e-01;3.686260e-02;1.663624e-01
8.810899e-02;4.848813e-02;6.923828e-02;2.638223e-01;1.827868e-02;2.933669e-02;1.306040e-01;2.081996e-02;1.701143e-02;5.834866e-02;5.898768e-02;1.969552e-01
8.086851e-02;4.803112e-02;8.386510e-02;2.304703e-01;2.993573e-02;3.948368e-02;1.088785e-01;1.768398e-02;4.135187e-02;3.727609e-02;1.077007e-01;1.744545e-01
4.194132e-02;3.694153e-02;1.135703e-01;1.308772e-01;4.627835e-02;6.798314e-02;1.354015e-01;3.306721e-02;6.346441e-02;5.560987e-02;1.459681e-01;1.288972e-01
8.734393e-02;3.545575e-02;1.032259e-01;8.853532e-02;4.142811e-02;5.762944e-02;1.775315e-01;5.874792e-02;5.567525e-02;5.851155e-02;1.309423e-01;1.049731e-01
7.263114e-02;3.656758e-02;8.221457e-02;8.386712e-02;2.512704e-02;4.673842e-02;1.331872e-01;5.836904e-02;1.044548e-01;1.134287e-01;1.326705e-01;1.107439e-01
4.356598e-02;3.325363e-02;6.608529e-02;6.765835e-02;4.019631e-02;5.586882e-02;9.568562e-02;7.083364e-02;1.319202e-01;1.766110e-01;1.349148e-01;8.340628e-02
4.549373e-02;3.222732e-02;8.847835e-02;6.414790e-02;5.996066e-02;7.407883e-02;1.409128e-01;6.395531e-02;8.364607e-02;1.379814e-01;9.726287e-02;1.118547e-01
3.788603e-02;3.143832e-02;8.458625e-02;6.277884e-02;9.933895e-02;7.804684e-02;1.406455e-01;4.186045e-02;7.962104e-02;8.086404e-02;7.125010e-02;1.916836e-01
6.254231e-02;2.092485e-02;5.808508e-02;5.379817e-02;1.039615e-01;7.361905e-02;8.767915e-02;7.861821e-02;9.842215e-02;8.877403e-02;8.329931e-02;1.902762e-01
7.170115e-02;4.678663e-02;6.223664e-02;7.328739e-02;7.599790e-02;8.889101e-02;1.137930e-01;8.179066e-02;8.990786e-02;1.153025e-01;7.617130e-02;1.041340e-01
4.938609e-02;8.312211e-02;6.902702e-02;8.470099e-02;6.418724e-02;1.004560e-01;1.396250e-01;6.754237e-02;9.766104e-02;1.362432e-01;4.860853e-02;5.944037e-02
7.006076e-02;8.974119e-02;5.746296e-02;7.839441e-02;8.312606e-02;1.089293e-01;1.178048e-01;9.933209e-02;1.131115e-01;9.159686e-02;4.541700e-02;4.502309e-02
8.744742e-02;7.494494e-02;8.503516e-02;5.626671e-02;6.883261e-02;8.059772e-02;7.744436e-02;1.432730e-01;9.254522e-02;1.104152e-01;8.816724e-02;3.503037e-02
1.272458e-01;6.851699e-02;1.520547e-01;3.941349e-02;3.634370e-02;5.446364e-02;4.910361e-02;1.357099e-01;1.044979e-01;1.096502e-01;7.638390e-02;4.661622e-02
1.319373e-01;1.109343e-01;2.315063e-01;3.875985e-02;2.073370e-02;6.460199e-02;3.509923e-02;9.467162e-02;1.244181e-01;8.214418e-02;2.887711e-02;3.631639e-02
1.000408e-01;1.675423e-01;2.393561e-01;4.931053e-02;7.194348e-02;8.127341e-02;2.450103e-02;5.673007e-02;1.293927e-01;3.846537e-02;1.724768e-02;2.419663e-02
1.545594e-01;1.752905e-01;1.930981e-01;6.707597e-02;1.528319e-01;6.502241e-02;1.356785e-02;2.711513e-02;1.021091e-01;1.740851e-02;1.426889e-02;1.765222e-02
2.721110e-01;1.337829e-01;1.351758e-01;6.957390e-02;1.774044e-01;3.180587e-02;1.608885e-02;3.534046e-02;5.280918e-02;1.674873e-02;2.017688e-02;3.898199e-02
3.490298e-01;1.016641e-01;1.035974e-01;3.082076e-02;1.281839e-01;1.719115e-02;3.247999e-02;4.542587e-02;2.112206e-02;2.234419e-02;3.901802e-02;1.091226e-01
2.947824e-01;4.020747e-02;8.929767e-02;4.899380e-02;5.783024e-02;2.686178e-02;6.112506e-02;3.402594e-02;1.332445e-02;4.212339e-02;1.190928e-01;1.723351e-01
1.801891e-01;4.915429e-02;7.870482e-02;3.770905e-02;3.025326e-02;2.440261e-02;5.674207e-02;1.918314e-02;2.634967e-02;1.043532e-01;2.588072e-01;1.341515e-01
7.077473e-02;7.544986e-02;5.408926e-02;2.062464e-02;3.265393e-02;3.539869e-02;3.637815e-02;2.027205e-02;5.409932e-02;2.197257e-01;3.243489e-01;5.618483e-02
1.155546e-01;9.015546e-02;2.756833e-02;4.199018e-02;3.851845e-02;2.869499e-02;5.220120e-02;2.801068e-02;1.058583e-01;2.426948e-01;1.990828e-01;2.967018e-02
1.812393e-01;1.216520e-01;8.549637e-02;8.335461e-02;3.401657e-02;3.048846e-02;5.280754e-02;4.120891e-02;1.235162e-01;1.391438e-01;6.913387e-02;3.794240e-02
1.364883e-01;8.937257e-02;1.833396e-01;1.197306e-01;4.603646e-02;5.084148e-02;9.092957e-02;6.052802e-02;8.853091e-02;7.148872e-02;1.790550e-02;4.480821e-02
4.757904e-02;6.859878e-02;2.454053e-01;1.245467e-01;7.455752e-02;5.322763e-02;1.566174e-01;5.882633e-02;4.500399e-02;5.952490e-02;3.410461e-02;3.200779e-02
6.900304e-02;9.258953e-02;2.067794e-01;1.050156e-01;1.033403e-01;7.307705e-02;1.706690e-01;3.692609e-02;3.059718e-02;5.309134e-02;4.530242e-02;1.360907e-02
9.120061e-02;7.168676e-02;1.730920e-01;1.151246e-01;9.151755e-02;1.151050e-01;1.432876e-01;3.786809e-02;4.040097e-02;5.834953e-02;4.139735e-02;2.096986e-02
7.009926e-02;5.749726e-02;1.673075e-01;1.062517e-01;1.520400e-01;1.257666e-01;1.058287e-01;4.426128e-02;5.214570e-02;4.869343e-02;3.651140e-02;3.359713e-02
6.082060e-02;6.532563e-02;1.524463e-01;1.536660e-01;1.674552e-01;9.036106e-02;8.968575e-02;4.986797e-02;3.675618e-02;4.849200e-02;5.264751e-02;3.247586e-02
6.083557e-02;7.188646e-02;2.388629e-01;1.172567e-01;1.230658e-01;7.639307e-02;1.137045e-01;4.218811e-02;2.658087e-02;4.454133e-02;5.791377e-02;2.677089e-02
8.098468e-02;9.620547e-02;2.472286e-01;6.659503e-02;1.275914e-01;7.709788e-02;1.045131e-01;3.344705e-02;2.908765e-02;4.108955e-02;5.854189e-02;3.761763e-02
1.186595e-01;7.940598e-02;1.871082e-01;8.020285e-02;1.129574e-01;5.669399e-02;1.150552e-01;4.633773e-02;4.343501e-02;5.102715e-02;5.800932e-02;5.110780e-02
1.068826e-01;6.451660e-02;2.594610e-01;1.361991e-01;7.075452e-02;4.159234e-02;7.386163e-02;4.610813e-02;6.080274e-02;4.718284e-02;3.915281e-02;5.348580e-02
1.082942e-01;9.578184e-02;2.836543e-01;8.418791e-02;5.332102e-02;4.871963e-02;5.670363e-02;4.392300e-02;6.556900e-02;5.107285e-02;5.421842e-02;5.455417e-02
1.301312e-01;6.898466e-02;2.463568e-01;2.740677e-02;4.502407e-02;4.678893e-02;8.086766e-02;3.075962e-02;7.409179e-02;9.224393e-02;1.128875e-01;4.445710e-02
8.726665e-02;7.576778e-02;2.236625e-01;4.926024e-02;4.878297e-02;4.058671e-02;1.508508e-01;3.987605e-02;8.652239e-02;5.981872e-02;1.085707e-01;2.903457e-02
3.467301e-02;8.629113e-02;2.213293e-01;6.635685e-02;7.629942e-02;5.429291e-02;2.065045e-01;4.979834e-02;8.207092e-02;3.204007e-02;7.462057e-02;1.572291e-02
4.255237e-02;1.164644e-01;1.739484e-01;7.302573e-02;9.628305e-02;6.907290e-02;2.287824e-01;3.115649e-02;4.891123e-02;3.736251e-02;5.804656e-02;2.439394e-02
3.320364e-02;1.032755e-01;1.822775e-01;8.955552e-02;1.151077e-01;6.479184e-02;2.088308e-01;3.182178e-02;2.836807e-02;4.551096e-02;6.445906e-02;3.279774e-02
6.342548e-02;6.533112e-02;2.083739e-01;6.996591e-02;1.113437e-01;6.224772e-02;1.946063e-01;3.229758e-02;4.126869e-02;4.245551e-02;6.190440e-02;4.677963e-02
5.352158e-02;3.100564e-02;1.583519e-01;7.146890e-02;1.129512e-01;8.888489e-02;2.335216e-01;4.255227e-02;6.740829e-02;3.736598e-02;4.575625e-02;5.721161e-02
5.306345e-02;5.797269e-02;5.592611e-02;7.975096e-02;8.889610e-02;1.098057e-01;2.704656e-01;4.371443e-02;7.639277e-02;8.293670e-02;3.200794e-02;4.906756e-02
7.159420e-02;6.178779e-02;1.435076e-01;8.009630e-02;1.178711e-01;7.206327e-02;2.309513e-01;2.866914e-02;3.550085e-02;8.208796e-02;4.103725e-02;3.483327e-02
7.539761e-02;6.050339e-02;1.754477e-01;7.455388e-02;1.002352e-01;5.817600e-02;2.307981e-01;3.635918e-02;2.426967e-02;6.753496e-02;5.673228e-02;3.999197e-02
6.536340e-02;6.862985e-02;1.914648e-01;5.421418e-02;7.895334e-02;6.691625e-02;2.337070e-01;4.167727e-02;2.998416e-02;4.846001e-02;7.872214e-02;4.190766e-02
8.741079e-02;7.536246e-02;1.543354e-01;7.052416e-02;9.751599e-02;7.383991e-02;2.053956e-01;3.686656e-02;4.550229e-02;2.559347e-02;9.397981e-02;3.367359e-02
1.192604e-01;9.827813e-02;1.406471e-01;9.775473e-02;1.011245e-01;6.553263e-02;1.557326e-01;3.251281e-02;5.221240e-02;4.734051e-02;6.385083e-02;2.575335e-02
8.970736e-02;1.148735e-01;2.259572e-01;8.778091e-02;7.540279e-02;6.187585e-02;1.308700e-01;3.537754e-02;5.645205e-02;6.576407e-02;3.608892e-02;1.984974e-02
