3.385895e-02;4.406757e-02;1.291207e-01;1.492136e-01;4.693025e-02;2.279210e-01;8.103134e-02;9.792098e-02;5.643511e-02;2.884791e-02;7.776062e-02;2.689186e-02
3.040135e-02;4.916461e-02;9.992328e-02;1.284837e-01;9.597606e-02;2.580154e-01;6.682549e-02;1.054924e-01;3.198734e-02;3.263383e-02;8.231741e-02;1.877915e-02
3.644381e-02;3.245501e-02;1.545583e-01;6.103726e-02;8.527672e-02;3.360020e-01;3.675841e-02;7.713885e-02;4.005920e-02;2.347665e-02;1.035475e-01;1.324625e-02
5.143699e-02;3.079147e-02;2.151922e-01;1.395415e-02;3.292571e-02;3.857069e-01;2.483578e-02;3.612537e-02;4.314737e-02;1.398838e-02;1.448182e-01;7.077427e-03
5.853982e-02;5.597476e-02;1.827098e-01;2.322876e-02;4.275457e-02;2.980329e-01;3.909679e-02;4.408855e-02;6.623396e-02;1.046827e-02;1.631042e-01;1.576763e-02
7.142637e-02;5.414368e-02;1.578873e-01;4.216880e-02;6.150142e-02;1.981014e-01;5.746111e-02;4.980415e-02;7.698878e-02;1.928366e-02;1.784257e-01;3.280763e-02
8.691076e-02;7.194471e-02;1.283049e-01;6.932428e-02;7.006425e-02;1.009054e-01;6.723588e-02;5.846867e-02;6.201700e-02;3.429176e-02;2.015600e-01;4.897239e-02
1.025009e-01;8.701258e-02;5.475123e-02;6.876192e-02;2.077105e-02;1.085748e-01;7.190644e-02;6.893916e-02;1.153219e-01;4.451474e-02;1.935229e-01;6.342226e-02
7.928622e-02;4.623321e-02;9.625863e-02;4.600186e-02;7.079521e-02;1.530230e-01;7.199068e-02;4.798895e-02;1.206279e-01;3.328215e-02;1.771837e-01;5.732848e-02
7.000791e-02;5.110152e-02;7.354140e-02;3.024691e-02;8.102715e-02;2.958509e-01;6.622501e-02;5.539970e-02;6.667360e-02;2.976390e-02;1.423024e-01;3.785965e-02
7.359162e-02;4.442807e-02;6.787036e-02;2.499383e-02;6.117893e-02;3.733898e-01;5.039882e-02;5.494755e-02;6.857602e-02;2.579280e-02;1.330955e-01;2.173672e-02
6.578176e-02;3.855075e-02;8.132803e-02;3.442468e-02;4.721136e-02;3.517189e-01;6.001347e-02;5.067068e-02;7.247947e-02;2.866833e-02;1.374612e-01;3.169138e-02
5.267047e-02;4.634575e-02;8.748092e-02;2.816106e-02;3.189527e-02;2.866962e-01;6.618723e-02;6.320515e-02;9.431969e-02;2.614639e-02;1.741881e-01;4.270376e-02
9.866472e-02;5.987016e-02;1.049424e-01;3.377521e-02;1.622529e-02;2.127263e-01;7.196315e-02;6.958280e-02;8.715639e-02;1.997692e-02;1.765631e-01;4.855350e-02
1.777503e-01;6.083152e-02;6.886151e-02;6.812252e-02;5.569730e-02;1.507122e-01;1.131146e-01;5.073816e-02;3.920688e-02;3.405035e-02;1.132843e-01;6.763033e-02
1.969328e-01;5.409059e-02;6.613708e-02;9.764741e-02;8.014724e-02;9.061328e-02;1.370585e-01;5.240127e-02;3.378189e-02;4.576618e-02;9.404681e-02;5.137706e-02
1.958055e-01;1.052411e-01;8.255149e-02;9.158303e-02;8.035369e-02;8.033365e-02;1.328129e-01;7.210526e-02;4.562201e-02;4.095104e-02;4.742251e-02;2.521783e-02
1.612086e-01;1.581322e-01;1.129150e-01;7.195582e-02;4.296732e-02;6.863325e-02;8.392482e-02;7.429647e-02;4.769842e-02;5.010469e-02;9.361500e-02;3.454837e-02
1.139989e-01;1.337840e-01;1.233668e-01;9.013389e-02;5.163193e-02;4.235863e-02;5.199767e-02;8.015712e-02;2.610187e-02;5.603080e-02;2.097440e-01;2.069450e-02
4.740284e-02;8.334205e-02;9.346763e-02;1.795328e-01;2.364745e-02;5.661159e-02;4.547095e-02;1.191834e-01;1.625656e-02;1.877297e-02;2.847904e-01;3.152138e-02
1.882741e-02;6.298891e-02;5.020295e-02;2.691474e-01;2.588808e-02;5.048969e-02;4.263460e-02;1.362498e-01;1.961170e-02;1.707535e-02;2.671463e-01;3.973777e-02
2.771649e-02;6.368021e-02;1.837459e-02;3.205006e-01;3.014463e-02;3.288226e-02;3.517474e-02;1.542634e-01;1.551095e-02;2.154926e-02;2.498055e-01;3.039738e-02
2.806712e-02;6.935931e-02;2.463601e-02;3.105333e-01;2.145100e-02;1.417567e-02;2.411499e-02;1.611328e-01;1.470866e-02;1.722793e-02;2.542668e-01;6.032646e-02
1.856810e-02;6.544636e-02;2.014570e-02;2.207901e-01;7.111786e-02;1.040536e-02;2.205454e-02;1.405061e-01;1.454991e-02;1.174236e-02;2.569155e-01;1.477581e-01
1.285796e-02;4.399633e-02;1.069919e-02;1.845163e-01;9.207365e-02;1.297378e-02;2.015680e-02;1.087011e-01;1.906424e-02;1.854188e-02;2.723720e-01;2.040468e-01
1.743921e-02;3.079802e-02;1.540548e-02;1.369589e-01;1.257005e-01;1.618075e-02;3.260871e-02;7.533287e-02;3.277083e-02;2.257783e-02;2.464683e-01;2.477585e-01
4.773080e-02;7.598343e-02;3.234569e-02;1.099552e-01;1.345885e-01;2.218874e-02;5.059336e-02;7.370579e-02;2.661299e-02;3.285102e-02;1.580562e-01;2.353884e-01
1.189803e-01;1.702860e-01;5.332827e-02;6.911393e-02;9.843982e-02;2.660288e-02;6.241785e-02;7.435997e-02;2.462341e-02;4.856082e-02;1.042530e-01;1.490338e-01
1.755358e-01;2.029264e-01;4.762568e-02;4.963582e-02;9.013688e-02;3.040066e-02;4.864052e-02;5.793399e-02;3.779334e-02;4.646080e-02;9.888558e-02;1.140246e-01
1.811367e-01;1.235301e-01;3.087736e-02;7.422458e-02;1.169373e-01;3.517311e-02;4.620399e-02;5.201771e-02;2.922518e-02;4.954690e-02;1.282518e-01;1.328754e-01
1.539225e-01;1.037802e-01;4.016831e-02;8.056398e-02;8.299872e-02;3.093955e-02;5.752979e-02;8.770689e-02;2.662638e-02;5.635090e-02;2.230027e-01;5.641007e-02
1.070435e-01;8.232173e-02;4.696047e-02;6.365833e-02;6.984935e-02;2.313001e-02;8.790271e-02;1.307488e-01;3.624723e-02;6.172965e-02;2.205050e-01;6.990311e-02
6.496134e-02;4.220637e-02;5.266301e-02;7.484061e-02;1.069504e-01;7.218734e-02;1.205544e-01;1.277146e-01;3.367600e-02;5.408640e-02;1.588947e-01;9.126482e-02
7.230583e-02;7.208445e-02;6.632403e-02;9.201082e-02;9.707586e-02;8.419303e-02;1.019848e-01;9.427374e-02;4.388679e-02;5.694329e-02;1.547061e-01;6.421126e-02
2.004734e-01;2.384524e-01;5.101333e-02;4.505898e-02;5.239514e-02;3.650264e-02;5.232077e-02;6.645264e-02;4.947227e-02;5.538989e-02;1.286859e-01;2.378260e-02
1.669029e-01;3.658934e-01;7.768358e-02;3.187764e-02;2.528196e-02;4.471586e-02;3.294991e-02;5.986548e-02;5.494969e-02;5.862994e-02;5.538084e-02;2.586879e-02
7.465148e-02;4.066510e-01;8.485998e-02;3.848547e-02;2.233096e-02;7.109993e-02;2.597548e-02;5.233838e-02;1.046953e-01;5.590588e-02;2.531487e-02;3.769128e-02
1.232911e-01;3.382016e-01;5.195274e-02;2.761329e-02;4.086981e-02;5.963999e-02;3.727151e-02;9.357356e-02;1.355321e-01;3.892520e-02;2.518441e-02;2.794481e-02
1.973574e-01;1.920315e-01;2.213053e-02;2.675160e-02;6.309772e-02;3.229899e-02;8.472844e-02;1.978424e-01;9.798033e-02;2.457934e-02;3.665821e-02;2.454354e-02
1.803980e-01;8.656082e-02;2.288873e-02;6.781649e-02;5.341529e-02;2.890943e-02;1.615915e-01;2.052019e-01;5.660448e-02;3.165481e-02;5.814726e-02;4.681125e-02
1.125863e-01;6.096716e-02;3.678347e-02;7.880167e-02;3.520963e-02;6.212199e-02;2.210794e-01;1.334502e-01;3.880009e-02;3.420180e-02;1.160701e-01;6.992821e-02
8.274025e-02;8.086088e-02;5.540238e-02;5.545729e-02;5.635474e-02;1.066323e-01;1.670192e-01;1.041787e-01;3.276141e-02;3.617247e-02;1.731209e-01;4.929952e-02
1.177929e-01;8.368500e-02;4.322485e-02;8.179090e-02;8.431348e-02;1.084382e-01;1.259141e-01;1.341270e-01;2.932527e-02;4.140617e-02;1.279566e-01;2.202546e-02
1.082106e-01;7.195821e-02;2.288041e-02;1.049345e-01;7.231952e-02;4.750580e-02;2.233835e-01;1.551503e-01;2.440181e-02;4.765584e-02;6.634528e-02;5.525430e-02
1.362146e-01;9.617091e-02;2.326559e-02;8.541941e-02;7.400381e-02;7.072353e-02;1.799175e-01;1.207244e-01;2.731927e-02;6.346776e-02;9.052347e-02;3.224970e-02
1.688416e-01;1.183379e-01;5.595651e-02;5.912497e-02;8.628578e-02;7.282016e-02;1.221094e-01;1.013899e-01;4.410279e-02;6.757704e-02;7.884960e-02;2.460434e-02
1.493762e-01;9.558083e-02;5.780049e-02;8.154655e-02;7.275648e-02;8.702824e-02;1.533086e-01;8.405185e-02;4.335000e-02;4.132199e-02;9.293547e-02;4.094322e-02
1.346976e-01;1.108263e-01;4.458296e-02;9.285241e-02;5.485874e-02;1.025656e-01;1.500466e-01;7.783984e-02;3.138809e-02;4.383483e-02;9.314141e-02;6.336549e-02
1.337413e-01;1.332618e-01;3.433635e-02;8.407243e-02;5.219790e-02;1.200584e-01;1.281194e-01;6.621160e-02;4.893586e-02;6.330914e-02;7.584127e-02;5.991460e-02
1.115087e-01;1.476123e-01;5.174870e-02;7.041948e-02;8.578829e-02;1.323628e-01;9.809529e-02;7.554907e-02;4.876281e-02;5.941160e-02;8.748759e-02;3.125338e-02
1.344420e-01;1.505567e-01;5.167853e-02;8.035652e-02;1.110292e-01;1.445780e-01;7.585581e-02;7.607083e-02;4.345583e-02;4.474563e-02;6.731085e-02;1.992010e-02
1.457988e-01;1.412378e-01;8.284558e-02;1.064669e-01;1.340442e-01;1.117777e-01;7.626931e-02;6.262925e-02;3.561920e-02;3.990252e-02;5.005500e-02;1.335373e-02
1.596506e-01;1.245623e-01;8.615163e-02;7.011510e-02;1.204339e-01;9.206647e-02;8.075943e-02;9.644204e-02;4.276840e-02;3.524883e-02;6.517157e-02;2.662973e-02
1.601887e-01;8.753922e-02;4.099539e-02;7.984033e-02;8.086950e-02;1.638447e-01;7.450549e-02;1.133092e-01;3.816648e-02;5.941160e-02;6.660855e-02;3.472079e-02
1.289573e-01;8.680703e-02;4.418394e-02;8.499026e-02;9.505697e-02;1.355647e-01;1.031776e-01;8.066931e-02;5.424822e-02;6.493911e-02;9.545922e-02;2.594627e-02
1.400116e-01;1.013460e-01;4.631336e-02;9.174931e-02;8.339561e-02;7.625299e-02;8.159695e-02;7.650932e-02;5.579931e-02;8.138731e-02;1.138827e-01;5.175560e-02
1.747045e-01;1.100591e-01;4.992700e-02;7.569119e-02;5.303459e-02;5.481271e-02;9.651234e-02;9.018005e-02;3.516475e-02;9.589910e-02;1.012585e-01;6.275612e-02
1.626947e-01;9.568729e-02;4.998778e-02;7.556408e-02;9.774669e-02;4.430518e-02;1.005312e-01;1.122346e-01;3.904036e-02;8.089541e-02;8.253288e-02;5.877982e-02
1.407285e-01;1.487024e-01;3.977669e-02;8.070383e-02;9.165038e-02;4.583358e-02;1.134350e-01;1.316751e-01;3.142603e-02;6.446347e-02;8.392287e-02;2.768212e-02
1.675148e-01;2.565530e-01;3.714313e-02;4.586146e-02;5.540816e-02;3.818521e-02;9.288212e-02;1.319114e-01;3.968476e-02;3.937716e-02;7.590232e-02;1.957644e-02
1.294048e-01;4.260251e-01;8.915613e-02;2.915109e-02;2.775311e-02;1.637815e-02;5.274300e-02;7.537819e-02;6.144527e-02;4.479931e-02;3.661939e-02;1.114657e-02
1.038598e-01;4.732429e-01;1.725397e-01;2.290892e-02;1.445805e-02;1.000150e-02;2.749685e-02;2.800768e-02;5.043209e-02;7.057410e-02;1.617103e-02;1.030729e-02
7.848103e-02;3.886076e-01;2.244317e-01;6.351250e-02;1.464066e-02;6.001218e-03;3.852858e-02;1.378436e-02;2.821769e-02;8.422640e-02;5.224187e-02;7.326417e-03
5.156780e-02;2.530432e-01;2.141798e-01;1.458010e-01;2.077190e-02;6.793215e-03;4.586667e-02;1.204192e-02;1.250601e-02;6.915452e-02;1.634935e-01;4.780584e-03
2.154200e-02;1.091703e-01;1.374700e-01;2.770355e-01;1.851881e-02;7.026270e-03;3.761032e-02;2.019261e-02;8.470260e-03;3.244557e-02;3.216860e-01;8.832343e-03
1.104804e-02;4.873167e-02;5.614895e-02;4.071425e-01;1.659582e-02;1.416568e-02;1.476177e-02;2.210458e-02;6.047249e-03;1.263718e-02;3.831478e-01;7.468780e-03
7.252604e-03;2.769516e-02;3.106632e-02;5.162809e-01;2.103882e-02;2.495761e-02;5.998563e-03;1.784229e-02;1.591711e-03;6.775738e-03;3.351603e-01;4.339896e-03
3.763742e-03;2.022070e-02;2.058120e-02;5.404477e-01;5.496374e-02;3.630611e-02;5.903725e-03;9.745589e-03;3.036245e-03;4.679314e-03;2.788624e-01;2.148964e-02
2.839913e-03;1.873793e-02;1.923957e-02;4.768046e-01;9.104171e-02;4.361397e-02;6.135103e-03;3.085169e-02;3.759782e-03;9.967386e-03;2.781310e-01;1.887726e-02
5.037167e-03;1.770968e-02;2.248752e-02;3.428864e-01;7.792720e-02;4.337179e-02;7.430210e-03;7.879323e-02;2.886050e-03;1.046342e-02;3.689923e-01;2.201494e-02
5.422283e-03;2.007890e-02;1.473951e-02;2.022360e-01;3.624858e-02;4.324930e-02;1.096747e-02;1.561676e-01;6.542286e-03;1.202352e-02;4.727275e-01;1.959697e-02
6.610707e-03;2.213219e-02;1.928291e-02;2.179845e-01;3.546861e-02;2.869056e-02;1.195538e-02;1.554912e-01;1.377153e-02;3.011570e-02;4.490801e-01;9.416537e-03
2.090706e-02;3.046712e-02;3.879175e-02;2.129534e-01;3.295424e-02;1.990209e-02;3.662959e-02;8.962472e-02;2.766145e-02;7.222573e-02;4.100225e-01;7.860333e-03
5.556976e-02;5.564914e-02;9.157845e-02;1.413996e-01;2.580665e-02;1.392552e-02;9.238909e-02;3.809105e-02;3.210182e-02;1.192182e-01;3.284404e-01;5.830322e-03
9.567516e-02;1.211897e-01;1.188947e-01;7.055566e-02;2.740656e-02;3.571782e-02;1.138596e-01;5.737970e-02;2.250242e-02;1.292133e-01;1.845346e-01;2.307089e-02
1.455177e-01;2.020125e-01;9.372222e-02;4.502068e-02;2.027900e-02;7.652690e-02;7.145516e-02;5.982533e-02;2.094457e-02;9.646162e-02;1.229008e-01;4.533366e-02
1.754106e-01;2.072829e-01;5.703770e-02;4.225374e-02;3.445939e-02;9.840132e-02;4.050820e-02;5.913015e-02;2.253926e-02;5.485781e-02;1.536555e-01;5.446343e-02
1.533943e-01;1.821936e-01;3.991839e-02;4.926726e-02;4.201830e-02;8.450841e-02;4.911032e-02;7.286576e-02;2.088399e-02;5.352161e-02;2.152178e-01;3.710021e-02
1.476792e-01;1.457469e-01;4.301055e-02;7.956578e-02;2.970964e-02;5.128943e-02;7.074153e-02;8.782256e-02;3.115427e-02;8.798852e-02;1.859931e-01;3.929867e-02
1.339843e-01;1.254776e-01;3.101511e-02;8.570091e-02;3.122121e-02;4.146211e-02;1.049103e-01;1.082171e-01;2.322839e-02;1.048956e-01;1.422500e-01;6.763736e-02
1.010677e-01;8.972167e-02;2.929154e-02;8.446487e-02;4.404943e-02;4.141909e-02;1.035410e-01;1.458902e-01;2.298328e-02;7.474097e-02;2.160340e-01;4.679632e-02
1.239325e-01;1.070527e-01;3.497914e-02;6.750771e-02;4.228931e-02;6.349551e-02;9.096599e-02;1.121236e-01;2.887501e-02;6.338449e-02;2.334373e-01;3.195671e-02
1.472102e-01;8.721661e-02;3.920890e-02;6.035083e-02;4.238234e-02;6.807014e-02;7.288198e-02;9.641093e-02;4.009965e-02;1.067843e-01;2.010737e-01;3.831045e-02
8.955019e-02;7.868923e-02;4.702660e-02;9.742285e-02;4.132031e-02;6.393384e-02;8.026881e-02;1.082924e-01;5.448319e-02;1.442723e-01;1.431739e-01;5.156634e-02
8.153361e-02;9.989204e-02;5.382472e-02;9.865057e-02;5.408369e-02;1.035214e-01;5.488692e-02;6.892837e-02;5.998509e-02;1.650880e-01;1.039872e-01;5.561841e-02
7.130502e-02;6.562031e-02;4.281684e-02;8.406457e-02;6.082656e-02;1.216444e-01;2.517139e-02;9.997915e-02;8.698288e-02;2.273636e-01;7.225873e-02;4.196662e-02
5.653750e-02;5.270817e-02;3.438076e-02;5.033134e-02;2.991414e-02;7.569546e-02;3.129116e-02;1.530700e-01;1.291937e-01;2.950777e-01;6.046041e-02;3.133975e-02
5.493123e-02;5.355692e-02;4.837598e-02;4.372042e-02;4.411022e-02;6.034071e-02;7.814395e-02;1.600620e-01;1.669073e-01;2.151938e-01;6.190162e-02;1.275585e-02
9.979694e-02;7.065467e-02;3.360540e-02;3.646703e-02;6.764570e-02;4.899622e-02;1.110681e-01;1.624205e-01;1.945424e-01;9.447339e-02;6.642954e-02;1.390003e-02
1.363949e-01;8.785255e-02;4.042214e-02;2.590600e-02;5.015098e-02;5.453164e-02;1.094288e-01;1.434037e-01;1.550284e-01;7.531053e-02;1.082958e-01;1.327462e-02
1.359664e-01;5.921796e-02;4.257109e-02;2.285277e-02;5.610997e-02;4.710155e-02;1.057411e-01;1.239995e-01;1.104177e-01;7.560443e-02;2.112584e-01;9.159047e-03
1.127273e-01;6.380025e-02;3.708410e-02;2.586172e-02;7.028078e-02;4.569478e-02;8.915058e-02;1.205558e-01;7.178009e-02;9.550284e-02;2.579996e-01;9.562257e-03
1.221674e-01;6.500206e-02;3.541003e-02;3.225385e-02;6.727156e-02;8.722684e-02;1.246640e-01;1.183428e-01;3.187774e-02;8.800848e-02;2.105668e-01;1.720848e-02
1.210765e-01;5.910382e-02;3.489998e-02;4.486234e-02;5.985467e-02;1.167538e-01;1.699746e-01;1.335119e-01;2.177906e-02;6.862994e-02;1.495799e-01;1.997344e-02
1.074608e-01;4.047984e-02;2.473990e-02;3.617455e-02;4.257579e-02;7.893124e-02;2.143472e-01;1.258614e-01;4.016858e-02;9.176642e-02;1.770694e-01;2.042484e-02
1.829466e-01;8.502743e-02;2.718122e-02;1.795426e-02;5.417661e-02;5.534257e-02;1.146970e-01;1.336780e-01;3.938544e-02;8.935083e-02;1.830543e-01;1.720574e-02
2.257929e-01;9.836484e-02;1.971256e-02;2.652318e-02;5.566276e-02;4.609425e-02;7.868757e-02;1.442226e-01;4.302463e-02;6.912285e-02;1.725425e-01;2.024943e-02
1.948054e-01;1.255173e-01;2.083014e-02;3.450495e-02;3.826562e-02;2.919580e-02;1.193955e-01;7.945298e-02;4.913761e-02;5.528624e-02;2.295952e-01;2.401325e-02
1.938341e-01;9.417754e-02;2.701635e-02;3.455811e-02;2.774733e-02;4.230703e-02;1.368245e-01;7.633529e-02;6.161957e-02;7.022728e-02;2.160115e-01;1.934143e-02
2.026831e-01;6.797919e-02;3.698782e-02;3.345928e-02;1.989446e-02;5.089131e-02;1.335842e-01;8.927667e-02;5.472247e-02;8.968448e-02;2.098011e-01;1.103596e-02
6.921861e-02;6.278031e-02;5.065186e-02;6.972120e-02;1.200041e-01;1.271306e-01;1.344697e-01;9.946563e-02;1.056045e-01;9.399211e-02;4.502365e-02;2.193767e-02
5.033202e-02;6.560259e-02;5.457629e-02;7.384314e-02;1.282399e-01;1.199868e-01;1.380025e-01;1.181533e-01;1.200995e-01;7.915755e-02;2.925677e-02;2.274968e-02
7.853641e-02;1.120792e-01;5.602200e-02;5.922661e-02;1.206385e-01;9.602281e-02;1.347681e-01;1.086324e-01;1.124114e-01;5.123538e-02;4.872895e-02;2.169824e-02
1.380185e-01;2.560709e-01;5.435301e-02;5.425245e-02;7.942685e-02;7.693052e-02;9.946657e-02;6.911043e-02;7.367751e-02;2.422925e-02;5.640470e-02;1.805925e-02
1.498798e-01;4.095767e-01;5.485066e-02;8.462407e-02;3.669081e-02;7.392352e-02;4.899919e-02;2.785129e-02;4.519551e-02;1.982184e-02;4.057419e-02;8.012427e-03
1.223255e-01;4.528233e-01;5.909064e-02;9.359660e-02;4.100017e-02;5.526615e-02;3.551263e-02;2.292655e-02;6.186656e-02;2.545981e-02;2.182933e-02;8.302812e-03
9.555111e-02;4.048926e-01;4.934392e-02;1.128989e-01;3.759789e-02;8.794598e-02;2.963728e-02;2.610213e-02;8.279845e-02;4.208231e-02;1.015595e-02;2.099354e-02
5.292796e-02;3.559025e-01;5.037308e-02;9.183107e-02;2.703696e-02;9.386850e-02;2.688966e-02;6.282073e-02;9.771692e-02;9.012891e-02;8.572593e-03;4.193109e-02
1.977952e-02;3.061012e-01;5.745359e-02;3.643561e-02;9.190518e-03;4.262821e-02;2.803107e-02;1.072891e-01;1.246079e-01;1.908938e-01;1.348156e-02;6.410795e-02
3.295424e-02;2.269314e-01;7.585886e-02;1.281182e-02;1.906730e-02;2.762833e-02;2.193436e-02;1.074395e-01;1.540405e-01;2.482210e-01;1.015514e-02;6.295758e-02
4.776847e-02;1.427995e-01;1.349475e-01;1.241529e-02;5.325779e-02;1.770610e-02;6.959088e-02;8.432762e-02;1.602934e-01;2.227273e-01;8.403045e-03;4.576310e-02
9.173454e-02;9.941025e-02;1.642932e-01;2.012998e-02;6.558058e-02;2.258415e-02;1.255078e-01;7.377055e-02;1.196259e-01;1.644640e-01;2.378463e-02;2.911432e-02
1.445866e-01;1.559992e-01;1.496000e-01;2.371610e-02;6.284876e-02;3.232215e-02;1.394182e-01;5.861001e-02;5.868069e-02;1.022281e-01;3.374342e-02;3.824672e-02
1.655947e-01;2.208676e-01;1.021737e-01;3.686856e-02;5.396653e-02;4.882056e-02;8.797389e-02;6.849471e-02;3.428895e-02;4.961685e-02;4.477023e-02;8.656378e-02
1.302670e-01;2.781633e-01;5.096053e-02;5.782398e-02;3.433128e-02;5.029688e-02;8.433842e-02;9.544291e-02;4.696591e-02;4.200101e-02;3.190556e-02;9.750327e-02
1.079760e-01;3.464886e-01;4.210961e-02;6.493283e-02;3.361536e-02;3.835271e-02;7.993662e-02;7.254371e-02;4.397925e-02;4.880874e-02;2.832296e-02;9.293359e-02
1.891232e-01;3.128159e-01;4.366346e-02;5.169296e-02;4.751917e-02;5.658290e-02;4.710783e-02;5.045638e-02;4.652417e-02;4.375818e-02;3.640522e-02;7.435059e-02
2.029633e-01;1.685759e-01;7.231145e-02;5.730854e-02;6.676494e-02;8.041937e-02;7.945847e-02;6.359033e-02;5.386479e-02;4.507260e-02;5.082784e-02;5.884247e-02
1.754946e-01;8.477026e-02;9.034778e-02;7.936239e-02;5.676493e-02;8.824736e-02;1.032261e-01;8.401106e-02;6.121338e-02;4.946964e-02;6.705844e-02;6.003397e-02
1.546709e-01;1.016994e-01;6.044355e-02;7.899919e-02;4.171064e-02;1.354441e-01;9.333669e-02;8.949176e-02;5.727131e-02;4.996481e-02;7.413996e-02;6.282763e-02
1.222190e-01;1.061888e-01;3.837705e-02;6.235665e-02;3.656228e-02;1.748764e-01;8.850607e-02;9.074360e-02;7.984730e-02;7.845896e-02;6.323365e-02;5.863011e-02
1.329875e-01;1.640522e-01;5.003424e-02;4.576144e-02;6.954491e-02;9.161298e-02;5.996418e-02;9.642481e-02;6.656078e-02;1.151017e-01;7.835266e-02;2.960261e-02
1.431423e-01;1.649183e-01;6.358054e-02;3.008443e-02;1.008947e-01;3.751014e-02;5.770642e-02;8.532488e-02;6.060717e-02;9.309427e-02;8.527260e-02;7.786428e-02
1.102279e-01;1.152465e-01;7.739525e-02;4.963524e-02;8.498731e-02;6.263442e-02;8.026965e-02;8.563010e-02;2.339684e-02;5.918925e-02;1.342763e-01;1.171113e-01
1.138688e-01;1.285415e-01;6.918659e-02;2.739157e-02;6.285662e-02;9.497634e-02;7.656420e-02;6.005533e-02;3.522144e-02;5.370257e-02;1.554169e-01;1.222181e-01
1.416019e-01;2.605878e-01;8.549232e-02;4.146221e-02;3.910227e-02;6.821916e-02;8.681015e-02;5.121122e-02;2.889899e-02;3.479590e-02;9.153622e-02;7.028176e-02
1.183456e-01;3.887461e-01;1.578715e-01;3.774242e-02;3.596789e-02;2.752041e-02;5.993738e-02;2.183087e-02;1.042960e-02;5.656152e-02;5.504865e-02;2.999801e-02
6.826654e-02;4.009865e-01;2.009559e-01;3.684025e-02;3.677388e-02;1.163729e-02;6.309224e-02;1.632929e-02;1.620087e-02;8.830930e-02;3.617847e-02;2.442946e-02
5.550889e-02;3.871236e-01;2.192348e-01;3.554996e-02;4.061278e-02;1.175592e-02;7.451408e-02;1.359347e-02;2.457518e-02;1.081686e-01;1.591174e-02;1.345105e-02
5.864889e-02;3.549772e-01;2.201139e-01;5.350542e-02;3.531481e-02;1.216618e-02;8.479086e-02;1.610452e-02;2.596299e-02;1.021490e-01;3.151459e-02;4.751679e-03
7.553610e-02;3.211314e-01;2.276253e-01;9.392364e-02;2.298037e-02;1.029271e-02;5.390268e-02;2.690113e-02;2.913761e-02;6.622074e-02;6.875200e-02;3.596225e-03
6.893661e-02;2.673239e-01;2.250205e-01;1.484678e-01;2.386256e-02;1.860733e-02;3.865866e-02;3.613785e-02;2.457503e-02;3.961611e-02;1.040620e-01;4.731657e-03
5.831025e-02;2.298460e-01;2.197120e-01;1.967321e-01;3.075200e-02;2.883130e-02;3.291851e-02;3.785067e-02;2.365708e-02;3.136803e-02;1.029845e-01;7.037547e-03
4.205455e-02;2.635317e-01;2.011396e-01;1.888850e-01;2.913268e-02;2.768691e-02;2.810966e-02;3.581792e-02;4.818092e-02;3.798984e-02;8.930561e-02;8.165596e-03
7.742738e-02;2.980785e-01;1.804690e-01;1.458718e-01;3.147899e-02;1.695547e-02;5.259493e-02;2.118199e-02;4.635703e-02;5.109926e-02;6.871077e-02;9.774834e-03
1.284636e-01;3.090516e-01;1.501505e-01;8.567326e-02;3.695750e-02;2.965724e-02;8.547010e-02;2.495806e-02;2.940061e-02;5.523559e-02;4.986116e-02;1.512088e-02
2.071878e-01;3.013952e-01;1.008448e-01;5.907950e-02;3.985081e-02;5.374509e-02;6.376211e-02;4.181874e-02;5.347145e-02;3.930100e-02;2.483836e-02;1.470502e-02
2.870742e-01;2.380024e-01;4.206332e-02;6.729037e-02;4.644055e-02;5.095769e-02;5.909805e-02;4.922465e-02;6.001187e-02;2.739051e-02;5.560776e-02;1.683860e-02
3.004727e-01;1.334648e-01;5.233395e-02;6.281865e-02;4.612420e-02;3.113198e-02;8.166880e-02;6.222375e-02;4.480691e-02;4.224334e-02;1.270200e-01;1.569082e-02
2.569863e-01;1.241679e-01;3.815369e-02;3.032659e-02;3.425292e-02;5.477753e-02;1.091283e-01;8.051029e-02;3.069286e-02;4.289369e-02;1.848188e-01;1.329117e-02
1.996671e-01;1.547750e-01;4.863225e-02;4.322227e-02;4.385927e-02;5.085250e-02;1.533777e-01;1.050466e-01;2.580231e-02;4.308693e-02;1.150470e-01;1.663102e-02
1.037369e-01;1.426704e-01;7.197845e-02;5.349199e-02;4.952097e-02;4.284157e-02;2.772812e-01;1.448435e-01;3.560428e-02;4.030937e-02;1.678896e-02;2.093232e-02
2.185228e-01;1.980002e-01;7.527515e-02;3.731388e-02;2.702467e-02;4.068134e-02;2.380736e-01;8.580763e-02;2.014459e-02;2.316594e-02;2.580840e-02;1.018178e-02
2.618447e-01;2.337684e-01;7.767595e-02;4.145386e-02;2.591944e-02;4.091508e-02;1.443960e-01;6.010457e-02;2.956622e-02;3.438004e-02;4.475624e-02;5.219475e-03
3.011259e-01;1.947373e-01;9.838464e-02;4.951442e-02;2.465984e-02;3.012632e-02;1.150178e-01;4.661405e-02;3.666196e-02;3.142334e-02;5.731109e-02;1.442327e-02
2.241734e-01;2.216071e-01;1.273077e-01;5.887843e-02;2.212302e-02;2.318984e-02;1.004778e-01;4.407502e-02;3.384964e-02;4.432867e-02;8.372504e-02;1.626430e-02
1.720269e-01;1.242599e-01;1.464696e-01;6.897791e-02;2.107507e-02;3.535285e-02;1.366475e-01;7.489720e-02;4.192743e-02;7.060457e-02;7.661114e-02;3.114996e-02
2.178080e-01;1.109423e-01;1.462761e-01;7.777239e-02;2.619732e-02;2.940471e-02;9.282089e-02;6.811360e-02;3.941925e-02;6.543076e-02;9.746691e-02;2.834768e-02
2.529149e-01;2.482664e-01;9.885314e-02;5.146545e-02;1.574079e-02;3.237865e-02;5.741154e-02;7.311129e-02;2.607167e-02;5.135536e-02;7.594800e-02;1.648277e-02
2.657834e-01;2.482530e-01;7.090759e-02;4.904931e-02;2.547773e-02;3.468633e-02;8.764307e-02;7.364605e-02;2.177766e-02;3.950350e-02;6.617770e-02;1.709464e-02
1.156135e-01;9.003115e-02;8.571065e-02;8.132186e-02;7.509514e-02;9.340858e-02;6.272093e-02;6.692719e-02;4.224029e-02;5.610150e-02;1.702487e-01;6.058058e-02
9.928086e-02;8.762620e-02;6.014493e-02;3.564812e-02;5.318528e-02;1.177088e-01;1.394389e-01;1.356653e-01;4.149280e-02;5.043830e-02;1.335330e-01;4.583740e-02
1.884973e-01;1.305116e-01;5.666251e-02;3.663669e-02;3.953913e-02;8.317400e-02;1.690132e-01;1.323874e-01;2.774806e-02;3.081782e-02;7.863396e-02;2.637830e-02
3.181317e-01;2.066174e-01;5.221295e-02;3.981174e-02;4.481866e-02;3.736281e-02;1.211176e-01;8.798190e-02;1.114204e-02;1.386874e-02;3.796694e-02;2.896750e-02
4.012840e-01;2.076025e-01;3.867939e-02;4.260894e-02;4.915339e-02;1.863812e-02;7.769826e-02;7.786690e-02;7.147459e-03;6.475503e-03;4.702615e-02;2.581930e-02
3.896005e-01;1.434509e-01;2.526851e-02;8.874075e-02;6.675505e-02;2.213776e-02;9.659097e-02;1.001342e-01;7.828246e-03;7.901838e-03;1.859193e-02;3.299939e-02
2.011643e-01;5.731441e-02;1.051230e-02;2.037497e-01;1.072091e-01;2.279876e-02;1.801868e-01;9.203481e-02;4.663362e-03;1.106844e-02;4.851920e-02;6.077878e-02
6.815391e-02;2.780922e-02;1.580629e-02;1.965552e-01;1.271705e-01;3.489839e-02;2.451468e-01;8.786023e-02;4.991366e-03;9.161957e-03;1.130071e-01;6.943908e-02
8.981995e-02;1.993161e-02;6.983579e-02;5.227842e-02;9.290881e-02;1.015876e-01;1.988400e-01;7.881077e-02;1.514789e-02;1.063921e-02;2.231224e-01;4.707751e-02
9.209766e-02;1.942523e-02;1.089886e-01;6.217665e-02;5.052455e-02;1.638531e-01;9.784777e-02;5.783267e-02;1.516552e-02;1.632514e-02;2.940384e-01;2.172472e-02
5.970763e-02;5.689112e-02;1.008443e-01;6.258251e-02;3.914902e-02;1.739791e-01;9.440301e-02;4.402459e-02;9.519465e-03;2.923902e-02;3.143545e-01;1.530565e-02
6.567860e-02;1.117557e-01;4.449172e-02;2.720108e-02;1.381725e-01;1.138363e-01;8.989479e-02;3.916907e-02;1.212180e-02;5.677321e-02;2.859427e-01;1.496252e-02
7.099562e-02;9.901246e-02;2.445151e-02;3.549873e-02;1.885166e-01;5.766947e-02;7.669480e-02;5.650014e-02;2.751044e-02;7.777489e-02;2.649456e-01;2.042967e-02
1.297062e-01;7.391102e-02;4.707445e-02;5.889583e-02;1.475167e-01;6.955190e-02;7.505482e-02;8.093596e-02;5.079409e-02;7.181331e-02;1.750350e-01;1.971075e-02
1.711802e-01;4.336343e-02;5.212571e-02;1.442674e-01;6.146659e-02;3.661854e-02;9.394666e-02;1.591889e-01;7.197121e-02;3.808225e-02;5.587082e-02;7.191826e-02
1.044740e-01;6.344063e-02;5.702360e-02;1.082825e-01;6.379454e-02;2.899091e-02;9.844588e-02;2.217581e-01;5.667775e-02;2.254493e-02;6.792229e-02;1.066448e-01
4.572969e-02;1.554547e-01;6.781703e-02;4.329602e-02;4.810336e-02;3.130895e-02;1.695439e-01;2.787451e-01;2.637919e-02;1.359781e-02;3.531615e-02;8.470812e-02
6.565540e-02;2.162103e-01;4.826118e-02;3.371620e-02;3.083691e-02;2.833491e-02;2.449134e-01;2.487903e-01;1.174941e-02;1.454421e-02;2.399926e-02;3.298849e-02
8.867726e-02;2.259432e-01;2.557945e-02;2.808016e-02;2.605981e-02;4.039814e-02;2.948677e-01;2.116681e-01;1.880736e-02;1.024110e-02;2.599414e-02;3.683612e-03
1.480485e-01;1.832397e-01;1.550458e-02;3.481078e-02;2.341166e-02;5.762894e-02;3.012858e-01;1.776066e-01;2.220378e-02;1.270522e-02;1.061150e-02;1.294298e-02
2.057035e-01;1.321727e-01;2.827950e-02;3.750061e-02;4.693983e-02;9.930575e-02;2.686513e-01;1.156678e-01;2.426310e-02;1.987798e-02;1.307374e-02;8.564055e-03
1.699292e-01;4.717997e-02;4.556853e-02;3.504483e-02;6.428890e-02;1.193747e-01;3.008101e-01;1.005503e-01;3.585486e-02;1.764879e-02;4.740496e-02;1.634482e-02
9.851886e-02;5.547658e-02;4.564837e-02;6.107020e-02;5.822219e-02;9.165654e-02;3.071948e-01;1.417338e-01;4.694887e-02;1.421643e-02;6.344946e-02;1.586392e-02
8.164266e-02;8.377743e-02;5.208891e-02;6.940131e-02;4.992261e-02;5.639059e-02;2.202262e-01;1.473447e-01;4.574630e-02;2.433402e-02;1.594583e-01;9.666850e-03
1.269896e-01;1.093195e-01;4.440501e-02;4.691828e-02;4.385044e-02;6.292500e-02;1.836608e-01;1.287484e-01;3.123392e-02;1.859488e-02;1.923872e-01;1.096702e-02
1.276154e-01;1.175652e-01;3.765290e-02;3.598259e-02;3.943266e-02;8.144347e-02;2.564041e-01;1.244170e-01;3.111615e-02;1.645227e-02;1.238590e-01;8.059272e-03
9.201718e-02;1.588704e-01;4.781645e-02;4.624202e-02;4.201327e-02;8.413056e-02;2.850368e-01;1.107457e-01;3.542241e-02;2.118897e-02;6.416839e-02;1.234787e-02
1.055251e-01;1.206661e-01;5.186093e-02;4.850708e-02;3.188584e-02;7.300359e-02;2.783934e-01;9.520233e-02;3.371804e-02;2.666963e-02;1.032304e-01;3.133760e-02
6.439621e-02;8.826273e-02;4.496769e-02;3.273380e-02;4.147143e-02;6.743798e-02;2.857185e-01;1.798718e-01;3.829709e-02;2.371286e-02;9.466226e-02;3.846774e-02
1.078970e-01;1.112074e-01;4.912291e-02;3.263645e-02;4.001175e-02;6.297728e-02;2.571680e-01;1.690021e-01;3.964608e-02;2.345646e-02;7.411554e-02;3.275902e-02
1.283167e-01;1.341894e-01;6.206338e-02;4.003676e-02;6.246835e-02;5.905975e-02;2.245238e-01;1.286445e-01;4.369466e-02;5.315160e-02;4.042371e-02;2.342742e-02
8.682428e-02;8.736043e-02;5.610659e-02;4.488515e-02;6.330930e-02;5.886424e-02;1.833598e-01;1.725771e-01;3.583447e-02;9.426269e-02;9.018151e-02;2.643454e-02
8.042128e-02;6.620824e-02;6.021326e-02;6.917571e-02;6.385823e-02;7.026270e-02;1.742214e-01;1.744335e-01;3.110949e-02;1.116775e-01;8.106578e-02;1.735290e-02
