4.451470e-02;3.233806e-02;1.224152e-02;1.352548e-01;2.741561e-02;3.043645e-02;2.492055e-01;3.300198e-01;3.380424e-02;2.617734e-02;7.299900e-02;5.592975e-03
4.354081e-02;3.174588e-02;2.813396e-02;9.496321e-02;3.006651e-02;5.740247e-02;2.715540e-01;3.048393e-01;4.519039e-02;3.324312e-02;5.277487e-02;6.545465e-03
2.368323e-02;4.041609e-02;4.069600e-02;3.008313e-02;1.994108e-02;6.116174e-02;3.907688e-01;2.712443e-01;3.813487e-02;3.481321e-02;4.054658e-02;8.510972e-03
1.919063e-02;7.811786e-02;3.488709e-02;5.906891e-02;3.643865e-02;4.640105e-02;4.100767e-01;2.321026e-01;2.461938e-02;2.403456e-02;2.837149e-02;6.691056e-03
2.737850e-02;1.008672e-01;2.092637e-02;3.174614e-02;5.187015e-02;3.132798e-02;4.378295e-01;2.156001e-01;1.947055e-02;2.704842e-02;2.979339e-02;6.141703e-03
4.609592e-02;1.208351e-01;2.412053e-02;1.355310e-02;4.991389e-02;3.509527e-02;4.426269e-01;1.796711e-01;2.020510e-02;3.554595e-02;2.190743e-02;1.042962e-02
5.889691e-02;1.181873e-01;1.221374e-02;1.867331e-02;3.776108e-02;4.166851e-02;4.560620e-01;1.461532e-01;2.128411e-02;3.924673e-02;3.426081e-02;1.559235e-02
5.504750e-02;1.125144e-01;1.387584e-02;1.881157e-02;2.385843e-02;5.729019e-02;4.867050e-01;1.334184e-01;1.666871e-02;3.231288e-02;3.379424e-02;1.570284e-02
3.539501e-02;9.234373e-02;1.693321e-02;9.288197e-03;2.607507e-02;4.982119e-02;4.795850e-01;2.088490e-01;1.538659e-02;1.782186e-02;3.227291e-02;1.622821e-02
5.278596e-02;7.498956e-02;2.088125e-02;1.234423e-02;1.955080e-02;3.054671e-02;4.077310e-01;3.018348e-01;1.569259e-02;2.075881e-02;1.366862e-02;2.921578e-02
7.364475e-02;5.867484e-02;2.267558e-02;1.485858e-02;1.098315e-02;1.697740e-02;3.796085e-01;3.101752e-01;2.890083e-02;2.541800e-02;1.893799e-02;3.914509e-02
9.567905e-02;4.518805e-02;2.892765e-02;4.675137e-02;2.416688e-02;1.777976e-02;3.256001e-01;2.141108e-01;4.593972e-02;4.742602e-02;7.311656e-02;3.531392e-02
1.437081e-01;4.850300e-02;3.029463e-02;6.846166e-02;3.172081e-02;2.341740e-02;1.519413e-01;4.914848e-02;3.564264e-02;7.972427e-02;3.101854e-01;2.725227e-02
1.351559e-01;3.825684e-02;1.485974e-02;2.739664e-02;1.734696e-02;2.192446e-02;6.491437e-02;3.769236e-02;1.686799e-02;5.621364e-02;5.504079e-01;1.896317e-02
1.784894e-01;3.309540e-02;1.407581e-02;2.973863e-03;4.907868e-03;2.082775e-02;3.523524e-02;2.631347e-02;7.076761e-03;3.231807e-02;6.191427e-01;2.554364e-02
1.882108e-01;2.966111e-02;1.013448e-02;3.615724e-03;3.154644e-03;1.909098e-02;3.110902e-02;1.899470e-02;5.240833e-03;1.943532e-02;6.428260e-01;2.852645e-02
1.249980e-01;3.080476e-02;1.104391e-02;3.916719e-03;3.255922e-03;2.372751e-02;3.094766e-02;7.908348e-03;5.282768e-03;1.902108e-02;7.133717e-01;2.572162e-02
6.722771e-02;1.801132e-02;1.449977e-02;2.272424e-03;3.168754e-03;3.203747e-02;2.748997e-02;6.100513e-03;4.857053e-03;3.323464e-02;7.675281e-01;2.357229e-02
9.371313e-02;1.211728e-02;1.232478e-02;5.142753e-03;6.073780e-03;3.491175e-02;2.338308e-02;5.257097e-03;5.647762e-03;5.769710e-02;7.325720e-01;1.115957e-02
8.560500e-02;2.328906e-02;5.932757e-03;1.215352e-02;1.259569e-02;2.922990e-02;1.852918e-02;2.763116e-02;1.071798e-02;7.805367e-02;6.911108e-01;5.151277e-03
5.031317e-02;2.900469e-02;3.038317e-03;1.433174e-02;2.706714e-02;2.229259e-02;2.240648e-02;5.198930e-02;1.552831e-02;7.648316e-02;6.775678e-01;9.977285e-03
4.596099e-02;4.128995e-02;1.034640e-02;1.525601e-02;4.514092e-02;2.449221e-02;5.875098e-02;1.217321e-01;2.451928e-02;7.761182e-02;5.237546e-01;1.114472e-02
4.177472e-02;6.453304e-02;2.445879e-02;1.586135e-02;5.415336e-02;5.011643e-02;1.372517e-01;1.730991e-01;3.281204e-02;8.109941e-02;3.103065e-01;1.453351e-02
9.300379e-02;8.231088e-02;4.001891e-02;1.372462e-02;3.991947e-02;8.981916e-02;1.870783e-01;1.049637e-01;6.819203e-02;1.048107e-01;1.656221e-01;1.053637e-02
1.200520e-01;4.570279e-02;4.291524e-02;3.989854e-02;2.151668e-02;9.120999e-02;2.126364e-01;1.462770e-01;9.140524e-02;1.378878e-01;3.348586e-02;1.701258e-02
6.422032e-02;2.389834e-02;3.087400e-02;4.627350e-02;1.382656e-02;4.109456e-02;2.100898e-01;2.080004e-01;5.714925e-02;1.010301e-01;1.896767e-01;1.386651e-02
6.714857e-02;1.853825e-02;2.207225e-02;4.779821e-02;2.308137e-02;2.702160e-02;1.879139e-01;2.267352e-01;4.573963e-02;6.752194e-02;2.560833e-01;1.034568e-02
6.193541e-02;3.987882e-02;3.524000e-02;2.796735e-02;3.359908e-02;4.528726e-02;2.236920e-01;2.101486e-01;3.595721e-02;4.153536e-02;2.387424e-01;6.016532e-03
4.334944e-02;4.722153e-02;3.805218e-02;3.759145e-02;2.497532e-02;3.958919e-02;3.325051e-01;2.080092e-01;2.334891e-02;2.763024e-02;1.697730e-01;7.954480e-03
5.522665e-02;6.195793e-02;2.973260e-02;3.093251e-02;1.608604e-02;4.036786e-02;3.948154e-01;2.160868e-01;2.077515e-02;2.534044e-02;9.911322e-02;9.565394e-03
3.618518e-02;6.706728e-02;1.713033e-02;1.963353e-02;2.669272e-02;4.331763e-02;4.354078e-01;2.700693e-01;1.478868e-02;1.862791e-02;4.499619e-02;6.083393e-03
1.624378e-01;9.582609e-02;2.871792e-02;2.459189e-02;3.009591e-02;5.121833e-02;1.612958e-01;1.150659e-01;1.628871e-02;2.814534e-02;2.598925e-01;2.642377e-02
1.903039e-01;7.358582e-02;2.887811e-02;2.930560e-02;3.115122e-02;4.664269e-02;8.005488e-02;7.688751e-02;1.112682e-02;2.903581e-02;3.768403e-01;2.618735e-02
2.394541e-01;6.149926e-02;2.584218e-02;3.867085e-02;2.207826e-02;3.812111e-02;6.175464e-02;4.685003e-02;7.945012e-03;2.337854e-02;4.116980e-01;2.270788e-02
3.730441e-01;6.411360e-02;1.572886e-02;4.736072e-02;1.364012e-02;2.609777e-02;6.006509e-02;2.417295e-02;1.613816e-02;1.817673e-02;3.182467e-01;2.321525e-02
5.174764e-01;9.659579e-02;1.661619e-02;3.180066e-02;1.556552e-02;2.368924e-02;3.333934e-02;3.178556e-02;2.965167e-02;1.144934e-02;1.716312e-01;2.039905e-02
4.928257e-01;2.104299e-01;2.920429e-02;2.576850e-02;2.760993e-02;2.028035e-02;2.025418e-02;3.982281e-02;2.696137e-02;9.859598e-03;8.773465e-02;9.248740e-03
3.629666e-01;3.894351e-01;2.478441e-02;4.089038e-02;1.930645e-02;2.343192e-02;1.719749e-02;2.478871e-02;2.220681e-02;1.234292e-02;5.738517e-02;5.264058e-03
2.405477e-01;5.168685e-01;2.314757e-02;5.288239e-02;3.998355e-03;3.526989e-02;7.879016e-03;2.120215e-02;2.931534e-02;9.221123e-03;5.076747e-02;8.900552e-03
7.705325e-02;6.657587e-01;4.469234e-02;3.876937e-02;6.059992e-03;3.288858e-02;5.930996e-03;4.336721e-02;2.573156e-02;8.890109e-03;3.962329e-02;1.123454e-02
3.868659e-02;7.310846e-01;6.503098e-02;1.672172e-02;5.681744e-03;1.173311e-02;1.068325e-02;6.448208e-02;9.285160e-03;9.047304e-03;2.651418e-02;1.104917e-02
5.345403e-02;7.358458e-01;6.725284e-02;8.266855e-03;6.354774e-03;9.748504e-03;9.231523e-03;7.477892e-02;4.812055e-03;6.338011e-03;1.346932e-02;1.044736e-02
1.532550e-01;6.079033e-01;5.289230e-02;7.526239e-03;8.604482e-03;1.336620e-02;1.660307e-02;7.367865e-02;5.352589e-03;8.688540e-03;3.987534e-02;1.225426e-02
2.048587e-01;4.835896e-01;5.195706e-02;1.168760e-02;1.407891e-02;1.598199e-02;3.350736e-02;7.741809e-02;6.900743e-03;1.071529e-02;7.339296e-02;1.591175e-02
1.771774e-01;4.162017e-01;5.040842e-02;1.430344e-02;1.799099e-02;2.524452e-02;6.624757e-02;8.342233e-02;1.232536e-02;2.140219e-02;1.020233e-01;1.325276e-02
1.712456e-01;3.100377e-01;4.380620e-02;9.188829e-03;2.541280e-02;6.404017e-02;7.756846e-02;7.021111e-02;3.402362e-02;5.010154e-02;1.279757e-01;1.638829e-02
2.604768e-01;1.715442e-01;3.303304e-02;1.043664e-02;1.793272e-02;7.949323e-02;8.274477e-02;3.533883e-02;2.675889e-02;4.553981e-02;2.088560e-01;2.784513e-02
3.469758e-01;1.456858e-01;3.716249e-02;1.434616e-02;1.014007e-02;7.869844e-02;8.914432e-02;3.054185e-02;2.105363e-02;3.895080e-02;1.599007e-01;2.739995e-02
4.582717e-01;1.464119e-01;4.259539e-02;1.359829e-02;8.732487e-03;7.652299e-02;7.194898e-02;4.969136e-02;2.101420e-02;2.762347e-02;6.519081e-02;1.839844e-02
4.412675e-01;1.570199e-01;3.350081e-02;2.307879e-02;1.033131e-02;7.453001e-02;3.743227e-02;5.516341e-02;1.879262e-02;2.078813e-02;1.102627e-01;1.783249e-02
3.134420e-01;1.113283e-01;2.923397e-02;2.861077e-02;1.358928e-02;5.875200e-02;3.549864e-02;6.491563e-02;1.451500e-02;2.794710e-02;2.844798e-01;1.768746e-02
1.455820e-01;1.152833e-01;3.304399e-02;1.833521e-02;1.294682e-02;3.241481e-02;4.462866e-02;9.591684e-02;1.644756e-02;3.948459e-02;4.345839e-01;1.133231e-02
2.138666e-01;8.491226e-02;2.435376e-02;1.197965e-02;1.199087e-02;1.709952e-02;6.915685e-02;1.140314e-01;1.767683e-02;4.222102e-02;3.819993e-01;1.071199e-02
3.083944e-01;1.222022e-01;3.250433e-02;2.983818e-02;2.008696e-02;3.848828e-02;1.306521e-01;1.488426e-01;1.459203e-02;3.550743e-02;1.038876e-01;1.500389e-02
2.229519e-01;1.568736e-01;3.707029e-02;2.573314e-02;2.410295e-02;4.245175e-02;1.181390e-01;1.426457e-01;2.214165e-02;2.685075e-02;1.556821e-01;2.535715e-02
1.775212e-01;1.907111e-01;4.629362e-02;3.007632e-02;2.774116e-02;5.200538e-02;7.074002e-02;1.236121e-01;2.586859e-02;2.412785e-02;1.953057e-01;3.599696e-02
2.143093e-01;1.978727e-01;4.222187e-02;1.880489e-02;3.151914e-02;7.856218e-02;4.392195e-02;8.009607e-02;1.967102e-02;3.273839e-02;2.022238e-01;3.805870e-02
1.652873e-01;1.964441e-01;3.830945e-02;3.084083e-02;3.779918e-02;5.256135e-02;7.223854e-02;8.607584e-02;2.469098e-02;5.393000e-02;2.068350e-01;3.498736e-02
2.271276e-01;1.650622e-01;4.275473e-02;5.237385e-02;3.743147e-02;2.883386e-02;7.326378e-02;9.782849e-02;5.005930e-02;6.357831e-02;1.373890e-01;2.429751e-02
2.490203e-01;1.577021e-01;3.809480e-02;3.584028e-02;4.681003e-02;8.088709e-02;5.680461e-02;6.724375e-02;5.012195e-02;7.749192e-02;1.144714e-01;2.551188e-02
1.203067e-01;1.087607e-01;6.844006e-02;4.605491e-02;9.309851e-02;1.643293e-01;1.045615e-01;1.009574e-01;6.202847e-02;5.859276e-02;4.070497e-02;3.216469e-02
1.545119e-01;9.805088e-02;5.927539e-02;4.537070e-02;8.630288e-02;1.288824e-01;1.044065e-01;9.281427e-02;5.826446e-02;4.412226e-02;1.032603e-01;2.473807e-02
2.531685e-01;1.530427e-01;2.799842e-02;4.147742e-02;4.449627e-02;5.339631e-02;7.890151e-02;7.497043e-02;2.574825e-02;5.119020e-02;1.689027e-01;2.670725e-02
3.285232e-01;1.435365e-01;1.262675e-02;4.000431e-02;1.520199e-02;2.330249e-02;8.139851e-02;7.027493e-02;1.941974e-02;5.773760e-02;1.761799e-01;3.179409e-02
3.571829e-01;1.020583e-01;1.197839e-02;4.163878e-02;1.189724e-02;3.117529e-02;1.045199e-01;8.782291e-02;3.508458e-02;6.827168e-02;1.080076e-01;4.036237e-02
3.092610e-01;8.435726e-02;1.232665e-02;6.635394e-02;9.145638e-03;3.504868e-02;1.439521e-01;8.670166e-02;3.562542e-02;6.208774e-02;6.973863e-02;8.540126e-02
2.443248e-01;1.086904e-01;6.193961e-03;8.953202e-02;6.960733e-03;1.846161e-02;1.781772e-01;6.373273e-02;1.712332e-02;3.646466e-02;1.097022e-01;1.206363e-01
2.246603e-01;1.414699e-01;7.409065e-03;8.225590e-02;7.726680e-03;1.278033e-02;1.875976e-01;5.667018e-02;6.153242e-03;1.980179e-02;1.331044e-01;1.203706e-01
2.052814e-01;1.443072e-01;7.154105e-03;7.925514e-02;1.151570e-02;1.836981e-02;1.721886e-01;6.101722e-02;5.207689e-03;1.388756e-02;1.822422e-01;9.957353e-02
1.495444e-01;9.323290e-02;1.185985e-02;1.071416e-01;4.596845e-02;2.574306e-02;1.070986e-01;7.485002e-02;7.683503e-03;1.613004e-02;3.100533e-01;5.069426e-02
1.025304e-01;4.495076e-02;1.639386e-02;8.238828e-02;8.485676e-02;5.111026e-02;6.097788e-02;8.171293e-02;1.878756e-02;2.143158e-02;4.080990e-01;2.676078e-02
1.134898e-01;3.453458e-02;2.016256e-02;3.594057e-02;9.556638e-02;8.272676e-02;7.958353e-02;8.116471e-02;2.525434e-02;2.864877e-02;3.853562e-01;1.757173e-02
1.433713e-01;3.236326e-02;2.099662e-02;1.516391e-02;9.404978e-02;1.076110e-01;1.364243e-01;9.334262e-02;2.298460e-02;3.536286e-02;2.818275e-01;1.650221e-02
1.657783e-01;3.518050e-02;1.994690e-02;2.329733e-02;8.671927e-02;1.053947e-01;1.852591e-01;9.413579e-02;2.008804e-02;3.895287e-02;1.974549e-01;2.779222e-02
2.054766e-01;3.979057e-02;1.523012e-02;2.513480e-02;4.317711e-02;3.381327e-02;1.453757e-01;5.458223e-02;1.741613e-02;1.796154e-02;3.697530e-01;3.228889e-02
2.147017e-01;6.314247e-02;1.279231e-02;1.658229e-02;5.402520e-02;3.539573e-02;1.274980e-01;7.955813e-02;8.712240e-03;1.983201e-02;3.414555e-01;2.630448e-02
1.606974e-01;5.826133e-02;9.211831e-03;3.499800e-02;6.686471e-02;6.060534e-02;9.298182e-02;9.357358e-02;5.023007e-02;3.224999e-02;3.131278e-01;2.719814e-02
8.119287e-02;4.277524e-02;2.865779e-02;6.857114e-02;7.682042e-02;1.389411e-01;7.799368e-02;1.136507e-01;1.860579e-01;3.435468e-02;1.248734e-01;2.611113e-02
4.969318e-02;3.339733e-02;3.553674e-02;7.162172e-02;8.034445e-02;1.592969e-01;1.073089e-01;1.098327e-01;2.279659e-01;3.841234e-02;5.674249e-02;2.984726e-02
6.454997e-02;4.022311e-02;4.284336e-02;5.889352e-02;7.327089e-02;1.543088e-01;1.354471e-01;8.898830e-02;2.157371e-01;4.273393e-02;5.148618e-02;3.151776e-02
1.438439e-01;9.033336e-02;4.711404e-02;4.121969e-02;5.886728e-02;1.082997e-01;1.659891e-01;1.005271e-01;1.028786e-01;3.225072e-02;8.715244e-02;2.152406e-02
1.903170e-01;1.017213e-01;3.720676e-02;5.288132e-02;5.258800e-02;6.231107e-02;1.362686e-01;1.152340e-01;3.458309e-02;2.987803e-02;1.640390e-01;2.297186e-02
1.742806e-01;8.935664e-02;2.760543e-02;4.449308e-02;5.115886e-02;4.819085e-02;1.493315e-01;1.514439e-01;2.459890e-02;3.311110e-02;1.755439e-01;3.088527e-02
1.099154e-01;4.511937e-02;1.711684e-02;2.418044e-02;5.571225e-02;4.989672e-02;3.514078e-01;1.929241e-01;1.926507e-02;2.828197e-02;7.790274e-02;2.827735e-02
1.125294e-01;6.910487e-02;1.943302e-02;1.833640e-02;5.290371e-02;6.235554e-02;3.643256e-01;1.463776e-01;3.072065e-02;2.074444e-02;9.032387e-02;1.284482e-02
1.539787e-01;9.050817e-02;2.111334e-02;3.703139e-02;5.773238e-02;6.642907e-02;1.822914e-01;8.171680e-02;4.712372e-02;2.845833e-02;2.122418e-01;2.137502e-02
1.834181e-01;8.735252e-02;2.281196e-02;2.505876e-02;5.587078e-02;6.167536e-02;1.671852e-01;6.033091e-02;5.461978e-02;3.613506e-02;2.059778e-01;3.956376e-02
2.185963e-01;1.153476e-01;2.038078e-02;1.479665e-02;3.250552e-02;5.040761e-02;1.600964e-01;5.735635e-02;7.922268e-02;4.463314e-02;1.857450e-01;2.091198e-02
1.929832e-01;1.235507e-01;2.261054e-02;1.619602e-02;1.527597e-02;3.568892e-02;1.239264e-01;8.241019e-02;1.102683e-01;3.705605e-02;2.247947e-01;1.523899e-02
1.599532e-01;9.135512e-02;3.893309e-02;3.100124e-02;3.629608e-02;6.374785e-02;2.071240e-01;9.859009e-02;8.433338e-02;4.704047e-02;1.196181e-01;2.200739e-02
1.369341e-01;1.584699e-01;4.510338e-02;8.048012e-02;5.901944e-02;5.537299e-02;1.587646e-01;1.517945e-01;1.962526e-02;2.571779e-02;8.634064e-02;2.237721e-02
1.269808e-01;1.289416e-01;4.420736e-02;9.088226e-02;7.522363e-02;9.799498e-02;1.622141e-01;1.228316e-01;1.183857e-02;2.098205e-02;8.849584e-02;2.940716e-02
9.295180e-02;7.825688e-02;6.743569e-02;7.850506e-02;8.712193e-02;1.501393e-01;1.548592e-01;9.774578e-02;7.579145e-03;1.331316e-02;1.493066e-01;2.278535e-02
5.142142e-02;3.901754e-02;8.957613e-02;4.897834e-02;7.511056e-02;2.030622e-01;1.330169e-01;8.248278e-02;1.177630e-02;1.654207e-02;2.277586e-01;2.125728e-02
2.678092e-02;3.399068e-02;7.305083e-02;3.497427e-02;3.640857e-02;2.794015e-01;7.653716e-02;4.748232e-02;1.187116e-02;1.922567e-02;3.331095e-01;2.716741e-02
1.788714e-02;4.135174e-02;1.556984e-02;2.850703e-02;1.769689e-02;2.682150e-01;6.293048e-02;4.109627e-02;8.086757e-03;1.497646e-02;4.255689e-01;5.811349e-02
2.550029e-02;5.723206e-02;7.453353e-02;2.072194e-02;3.352509e-02;1.636458e-01;7.414582e-02;7.028522e-02;6.423577e-03;2.063765e-02;3.993427e-01;5.400638e-02
2.314510e-02;5.860269e-02;1.121645e-01;2.547007e-02;3.388677e-02;1.986726e-01;5.429525e-02;8.152291e-02;1.426674e-02;2.452516e-02;3.492745e-01;2.417381e-02
3.236915e-02;3.979224e-02;1.513072e-01;1.077138e-02;1.399552e-02;2.523360e-01;2.998286e-02;4.956577e-02;4.494674e-02;1.434417e-02;3.443131e-01;1.627586e-02
4.167931e-02;2.495697e-02;1.577201e-01;8.291177e-03;1.076841e-02;2.118437e-01;2.698946e-02;3.366452e-02;8.045322e-02;1.274918e-02;3.677363e-01;2.314769e-02
4.719283e-02;2.285852e-02;1.035774e-01;2.552387e-02;1.648256e-02;1.146194e-01;5.231961e-02;6.678806e-02;8.626986e-02;1.907132e-02;3.707961e-01;7.450042e-02
4.849910e-02;2.971085e-02;3.182562e-02;5.962137e-02;1.888154e-02;4.873889e-02;1.085575e-01;9.115626e-02;5.175607e-02;3.002479e-02;3.278731e-01;1.533550e-01
5.836485e-02;3.694315e-02;1.046820e-02;7.336079e-02;1.525903e-02;7.222490e-02;1.634787e-01;6.085461e-02;3.637250e-02;2.791561e-02;2.378274e-01;2.069302e-01
8.784535e-02;4.279671e-02;3.624460e-02;6.967781e-02;2.384197e-02;1.076742e-01;1.822801e-01;6.047926e-02;5.321313e-02;1.782878e-02;1.367767e-01;1.813414e-01
1.309865e-01;4.122194e-02;4.314177e-02;6.619437e-02;2.734734e-02;1.108478e-01;1.601845e-01;7.262187e-02;3.282692e-02;4.096057e-02;1.669917e-01;1.066747e-01
1.311460e-01;5.083153e-02;3.565137e-02;6.239697e-02;1.782873e-02;7.940613e-02;1.362420e-01;8.110114e-02;2.854143e-02;5.462386e-02;2.431232e-01;7.910760e-02
7.361732e-02;5.371433e-02;2.818261e-02;6.036376e-02;1.192136e-02;7.820813e-02;1.323028e-01;1.191023e-01;4.758936e-02;5.053131e-02;2.684529e-01;7.601377e-02
1.378794e-01;4.300743e-02;2.688340e-02;6.293717e-02;1.659820e-02;8.951129e-02;2.097557e-01;1.387203e-01;6.366671e-02;3.151510e-02;1.164065e-01;6.311870e-02
1.418140e-01;2.341800e-02;2.692352e-02;4.343677e-02;1.864153e-02;4.801345e-02;2.274726e-01;1.071189e-01;6.944291e-02;3.829633e-02;1.814758e-01;7.394615e-02
1.056068e-01;3.082903e-02;2.186620e-02;2.781589e-02;2.380667e-02;7.740931e-02;1.657752e-01;8.757617e-02;6.028659e-02;7.476941e-02;2.311795e-01;9.307928e-02
8.501627e-02;2.814644e-02;2.455634e-02;2.950263e-02;2.741321e-02;1.084096e-01;1.192852e-01;8.356650e-02;7.409120e-02;7.316506e-02;2.588294e-01;8.801812e-02
1.179583e-01;4.494364e-02;3.762345e-02;4.741131e-02;2.480185e-02;1.035521e-01;1.049169e-01;5.323122e-02;9.970490e-02;6.048557e-02;2.358189e-01;6.955194e-02
1.108418e-01;2.907713e-02;5.201173e-02;7.199156e-02;2.807537e-02;1.094678e-01;1.081570e-01;5.996284e-02;1.228344e-01;7.752735e-02;1.621868e-01;6.786606e-02
6.532056e-02;4.734221e-02;5.369129e-02;1.049014e-01;6.477810e-02;1.042347e-01;7.358417e-02;8.204456e-02;1.006815e-01;7.300314e-02;1.563083e-01;7.410999e-02
5.082143e-02;5.805381e-02;5.740969e-02;1.136649e-01;9.574541e-02;1.230744e-01;5.186706e-02;8.702871e-02;6.627320e-02;5.831708e-02;1.626366e-01;7.510763e-02
7.250470e-02;8.547743e-02;4.439658e-02;9.268574e-02;9.587983e-02;1.440182e-01;5.182276e-02;7.671689e-02;4.810629e-02;6.469592e-02;1.596857e-01;6.400995e-02
8.785751e-02;7.599306e-02;4.368044e-02;5.793408e-02;5.600097e-02;1.026476e-01;9.400353e-02;8.884457e-02;3.951566e-02;5.604637e-02;2.271031e-01;7.037310e-02
6.989587e-02;8.060210e-02;9.737337e-02;1.084282e-01;5.395721e-02;5.979269e-02;1.097559e-01;6.381672e-02;6.806505e-02;4.950785e-02;1.612690e-01;7.753605e-02
7.398165e-02;8.031598e-02;8.900255e-02;1.113843e-01;8.202933e-02;3.954032e-02;1.406510e-01;8.112875e-02;8.198630e-02;6.013535e-02;8.934565e-02;7.049885e-02
1.476002e-01;7.249188e-02;6.085164e-02;5.824343e-02;5.095287e-02;4.247004e-02;1.437242e-01;1.149265e-01;6.362607e-02;5.988488e-02;9.071418e-02;9.451400e-02
1.580338e-01;5.134865e-02;1.083322e-01;5.258630e-02;5.851935e-02;5.552451e-02;1.271053e-01;7.904442e-02;4.630496e-02;5.662616e-02;1.142499e-01;9.232441e-02
1.712703e-01;7.552970e-02;1.092151e-01;4.308814e-02;5.832040e-02;5.934243e-02;1.264053e-01;6.378359e-02;3.418671e-02;4.305977e-02;1.502486e-01;6.554998e-02
2.140907e-01;6.867920e-02;4.099806e-02;2.444596e-02;2.751447e-02;3.729440e-02;9.590018e-02;6.494360e-02;1.303844e-02;2.521423e-02;3.414692e-01;4.641157e-02
2.477680e-01;4.559667e-02;1.191584e-02;1.463926e-02;1.349911e-02;1.968648e-02;7.723636e-02;2.977299e-02;6.756220e-03;1.930159e-02;4.553005e-01;5.852710e-02
2.449831e-01;3.718155e-02;8.323463e-03;1.894269e-02;1.146189e-02;1.345596e-02;8.002061e-02;1.677964e-02;4.353217e-03;1.213935e-02;4.668294e-01;8.552911e-02
1.759229e-01;3.163574e-02;5.646286e-03;1.431216e-02;1.594173e-02;1.567314e-02;8.249208e-02;2.398112e-02;4.913389e-03;1.091621e-02;5.252910e-01;9.327427e-02
1.267784e-01;1.951263e-02;1.220735e-02;6.300088e-03;1.634538e-02;1.767945e-02;5.633423e-02;2.349522e-02;9.502124e-03;1.707830e-02;6.309893e-01;6.377760e-02
1.319952e-01;1.742683e-02;2.153164e-02;5.088978e-03;1.327805e-02;2.047288e-02;3.500497e-02;2.315818e-02;1.899273e-02;2.453729e-02;6.564608e-01;3.205243e-02
1.172981e-01;2.312252e-02;3.264518e-02;7.176524e-03;1.083610e-02;2.779404e-02;3.022274e-02;2.308937e-02;3.577358e-02;3.578606e-02;6.353686e-01;2.088724e-02
1.412175e-01;2.808405e-02;4.752722e-02;1.440847e-02;2.343554e-02;5.120552e-02;3.506533e-02;2.870806e-02;5.846450e-02;5.573178e-02;5.017287e-01;1.442340e-02
2.003568e-01;3.675274e-02;8.705736e-02;1.689101e-02;2.793036e-02;1.114957e-01;3.661943e-02;2.965262e-02;5.879347e-02;1.036028e-01;2.661312e-01;2.471665e-02
2.030868e-01;3.993872e-02;1.177328e-01;1.533016e-02;1.482999e-02;1.578537e-01;3.162398e-02;1.505527e-02;4.651304e-02;1.349004e-01;2.071837e-01;1.595153e-02
1.815542e-01;5.147566e-02;1.220435e-01;2.170912e-02;1.511465e-02;1.389562e-01;3.315865e-02;2.710643e-02;4.084272e-02;1.215474e-01;2.305613e-01;1.593020e-02
2.292528e-01;8.456173e-02;8.836906e-02;1.384514e-02;2.531221e-02;7.107224e-02;4.826412e-02;5.746404e-02;4.340079e-02;8.119770e-02;2.403454e-01;1.691468e-02
2.361174e-01;8.730514e-02;4.920849e-02;1.296051e-02;2.528250e-02;3.675762e-02;1.092185e-01;6.278963e-02;4.045011e-02;5.366257e-02;2.384683e-01;4.777919e-02
1.672910e-01;7.798760e-02;2.429233e-02;9.047039e-02;3.561249e-02;2.579252e-02;1.669149e-01;3.323312e-02;3.554613e-02;3.260817e-02;2.050834e-01;1.051680e-01
9.485943e-02;4.616695e-02;4.860177e-02;2.082243e-01;6.324323e-02;4.442622e-02;1.540381e-01;2.414528e-02;3.510797e-02;1.497874e-02;1.765733e-01;8.963466e-02
6.687603e-02;2.142007e-02;1.127935e-01;2.121331e-01;8.527295e-02;9.091993e-02;1.234073e-01;1.750913e-02;3.585827e-02;1.337593e-02;1.829966e-01;3.743720e-02
5.896268e-02;9.900220e-03;1.643918e-01;9.240580e-02;6.817882e-02;1.971327e-01;1.079379e-01;1.080577e-02;2.947855e-02;1.670528e-02;2.182637e-01;2.583681e-02
4.313960e-02;2.445132e-02;1.545826e-01;5.991330e-02;2.478737e-02;2.981218e-01;9.764116e-02;2.353392e-02;1.587268e-02;1.734014e-02;2.284909e-01;1.212521e-02
3.437510e-02;6.375290e-02;8.471680e-02;7.930622e-02;3.712565e-02;2.459346e-01;8.254217e-02;9.872463e-02;1.502291e-02;3.115867e-02;2.196615e-01;7.678796e-03
2.125811e-02;1.244510e-01;3.841120e-02;5.565196e-02;1.253420e-01;8.458801e-02;4.893384e-02;2.136170e-01;2.075638e-02;6.606869e-02;1.819404e-01;1.898137e-02
1.079713e-02;1.438301e-01;2.642552e-02;2.428187e-02;2.038528e-01;5.728363e-02;2.548053e-02;2.419018e-01;2.388171e-02;1.108055e-01;1.014016e-01;3.005778e-02
2.000538e-02;1.234577e-01;3.083325e-02;2.232737e-02;2.522504e-01;6.017186e-02;5.024812e-02;1.859702e-01;2.683037e-02;1.412677e-01;4.860933e-02;3.802841e-02
5.278832e-02;8.158320e-02;4.203103e-02;7.209710e-02;2.134450e-01;6.981540e-02;1.479189e-01;8.558396e-02;4.110989e-02;1.272693e-01;3.514349e-02;3.121432e-02
8.653757e-02;2.790859e-02;5.455264e-02;1.400169e-01;1.543607e-01;7.891507e-02;2.436331e-01;3.419528e-02;6.164429e-02;6.642349e-02;3.897585e-02;1.283653e-02
1.237211e-01;2.012937e-02;4.061759e-02;2.065196e-01;1.199887e-01;4.172689e-02;2.499922e-01;4.376035e-02;7.758169e-02;4.478885e-02;2.447212e-02;6.701563e-03
1.629527e-01;9.996357e-03;2.617023e-02;3.056943e-01;5.402587e-02;1.670719e-02;1.969226e-01;5.950761e-02;1.012061e-01;3.019566e-02;3.040676e-02;6.214453e-03
1.765053e-01;1.127130e-02;1.298532e-02;3.681211e-01;2.655997e-02;6.009825e-03;1.322142e-01;7.212249e-02;1.129417e-01;2.894061e-02;4.699902e-02;5.329120e-03
1.751401e-01;1.042325e-02;1.042455e-02;3.790144e-01;1.250269e-02;6.471825e-03;1.088424e-01;8.025618e-02;1.218561e-01;3.047556e-02;6.021092e-02;4.382138e-03
1.817842e-01;7.191662e-03;9.694881e-03;3.706037e-01;1.401107e-02;1.141480e-02;7.829700e-02;8.295770e-02;1.322008e-01;2.820850e-02;7.767759e-02;5.958062e-03
1.834422e-01;8.560268e-03;9.655874e-03;3.418051e-01;1.235965e-02;1.318203e-02;6.014294e-02;8.380722e-02;1.327194e-01;2.090018e-02;1.119274e-01;2.149771e-02
1.410496e-01;2.804311e-02;3.155711e-02;2.637989e-01;3.189539e-02;4.733349e-02;6.936550e-02;8.990470e-02;9.254866e-02;2.103532e-02;1.128396e-01;7.062853e-02
8.433411e-02;4.912658e-02;6.121617e-02;1.659619e-01;2.829483e-02;1.146816e-01;7.750904e-02;1.018756e-01;3.815661e-02;1.955164e-02;6.828477e-02;1.910072e-01
3.179358e-02;4.567025e-02;7.816434e-02;1.019922e-01;2.514759e-02;1.129073e-01;8.891514e-02;1.257921e-01;3.500313e-02;2.947337e-02;5.177090e-02;2.733700e-01
5.067741e-02;3.533471e-02;7.347340e-02;8.497421e-02;2.697182e-02;6.074628e-02;1.124108e-01;1.427629e-01;2.839402e-02;3.365822e-02;1.172781e-01;2.333182e-01
9.076878e-02;6.143662e-02;4.686879e-02;7.746262e-02;3.121366e-02;2.982755e-02;1.532212e-01;1.355100e-01;2.164265e-02;3.640930e-02;1.824333e-01;1.332055e-01
1.044207e-01;1.061532e-01;2.321853e-02;5.722610e-02;2.981532e-02;6.474027e-02;1.825389e-01;1.107933e-01;2.233210e-02;3.235927e-02;1.758795e-01;9.052278e-02
1.270466e-01;1.196157e-01;2.862323e-02;5.180278e-02;2.383193e-02;7.411695e-02;1.605533e-01;1.049011e-01;2.471314e-02;2.366913e-02;1.641507e-01;9.697534e-02
1.060302e-01;1.102259e-01;3.942795e-02;5.577487e-02;4.395894e-02;7.399887e-02;1.186646e-01;1.183168e-01;2.602846e-02;3.055661e-02;1.758032e-01;1.012135e-01
8.674588e-02;9.234624e-02;2.933815e-02;4.624615e-02;6.505412e-02;8.544232e-02;1.813657e-01;1.133052e-01;2.553200e-02;3.412604e-02;1.651894e-01;7.530893e-02
1.128886e-01;1.221105e-01;3.149698e-02;6.204659e-02;3.759890e-02;8.307046e-02;1.616476e-01;1.149537e-01;2.313589e-02;3.879325e-02;1.762046e-01;3.605303e-02
7.592227e-02;1.512745e-01;3.494838e-02;8.073427e-02;4.470478e-02;6.858293e-02;1.258513e-01;1.010305e-01;3.215825e-02;3.884017e-02;2.156118e-01;3.034082e-02
8.938338e-02;1.430282e-01;5.179735e-02;7.100853e-02;4.871318e-02;9.602275e-02;1.014118e-01;5.413168e-02;3.488883e-02;3.136760e-02;2.199268e-01;5.831992e-02
7.701128e-02;1.058666e-01;5.212454e-02;7.101666e-02;5.135428e-02;9.756733e-02;1.359036e-01;7.653195e-02;2.742471e-02;2.001438e-02;2.263579e-01;5.882677e-02
4.656520e-02;1.048466e-01;6.233897e-02;1.005003e-01;3.822861e-02;8.452917e-02;1.273509e-01;1.060147e-01;2.073058e-02;1.539075e-02;2.562386e-01;3.726567e-02
6.003377e-02;1.461890e-01;8.115309e-02;8.860902e-02;2.686508e-02;8.167946e-02;7.929533e-02;1.029938e-01;1.788003e-02;2.250637e-02;2.545107e-01;3.828426e-02
9.611388e-02;2.168741e-01;8.938404e-02;4.252889e-02;1.813467e-02;4.569272e-02;7.883610e-02;8.543348e-02;3.150513e-02;3.118182e-02;2.188468e-01;4.546835e-02
9.100924e-02;2.484444e-01;9.400056e-02;4.182397e-02;2.190126e-02;3.093095e-02;9.528712e-02;5.966033e-02;3.947521e-02;3.083334e-02;2.123449e-01;3.428867e-02
9.572557e-02;2.759435e-01;1.049948e-01;3.676704e-02;2.425173e-02;2.739381e-02;8.044501e-02;5.876076e-02;3.409864e-02;3.287660e-02;2.126275e-01;1.611510e-02
1.013713e-01;2.684980e-01;1.073280e-01;5.672199e-02;4.021558e-02;2.117828e-02;8.182972e-02;7.567185e-02;2.425629e-02;3.039192e-02;1.760557e-01;1.648141e-02
8.803599e-02;2.235492e-01;8.409665e-02;6.507380e-02;6.109498e-02;5.678698e-02;1.174155e-01;9.131329e-02;3.043885e-02;2.437329e-02;1.326247e-01;2.519689e-02
9.644299e-02;2.099954e-01;7.250714e-02;7.295532e-02;8.920614e-02;1.025444e-01;8.560736e-02;1.001503e-01;2.833221e-02;1.865468e-02;9.357208e-02;3.003188e-02
1.446717e-01;1.635287e-01;6.220683e-02;7.280876e-02;9.915708e-02;1.566799e-01;5.141695e-02;1.248318e-01;2.129634e-02;1.811389e-02;4.624016e-02;3.904789e-02
1.631274e-01;1.370047e-01;4.352912e-02;6.655098e-02;6.052569e-02;1.479275e-01;1.169528e-01;1.132708e-01;3.065326e-02;1.637956e-02;4.264967e-02;6.142848e-02
1.262506e-01;2.311819e-01;4.210527e-02;9.597430e-02;2.531162e-02;1.205271e-01;7.782426e-02;7.633697e-02;5.817183e-02;1.378738e-02;4.683127e-02;8.569743e-02
1.057592e-01;2.231901e-01;3.417990e-02;1.149447e-01;6.470372e-02;9.805872e-02;6.846932e-02;8.546507e-02;6.959355e-02;2.276337e-02;3.560241e-02;7.726989e-02
1.314928e-01;1.770041e-01;2.648090e-02;1.058620e-01;9.100104e-02;8.339971e-02;7.799318e-02;9.653032e-02;5.706345e-02;2.707971e-02;7.387922e-02;5.221356e-02
1.169737e-01;1.324257e-01;3.916528e-02;1.008554e-01;7.281699e-02;7.203927e-02;1.285550e-01;1.049354e-01;3.034970e-02;4.484051e-02;9.335510e-02;6.368800e-02
1.024727e-01;1.139402e-01;5.809890e-02;9.502684e-02;5.250961e-02;7.821800e-02;1.220220e-01;9.626088e-02;6.867009e-02;5.054417e-02;1.044519e-01;5.778474e-02
1.298543e-01;1.253335e-01;8.334670e-02;5.642866e-02;5.845796e-02;1.009079e-01;7.428489e-02;6.424001e-02;9.895638e-02;5.797574e-02;1.104741e-01;3.973995e-02
