8.022492e-02;1.020931e-01;1.164673e-01;9.036631e-02;9.748340e-02;4.155421e-02;1.018759e-01;8.139586e-02;1.032998e-01;6.152213e-02;6.153410e-02;6.218297e-02
1.284552e-01;9.137669e-02;1.743134e-01;6.764372e-02;9.934900e-02;4.153532e-02;9.448765e-02;5.364991e-02;9.137245e-02;5.839600e-02;4.272697e-02;5.669367e-02
1.211691e-01;1.305704e-01;1.532106e-01;7.619059e-02;7.690663e-02;2.540590e-02;6.541369e-02;3.059029e-02;9.628240e-02;8.112256e-02;6.574219e-02;7.739569e-02
8.382363e-02;1.173672e-01;8.994199e-02;5.932964e-02;6.185997e-02;4.444414e-02;6.830759e-02;5.769841e-02;1.287200e-01;1.084684e-01;7.519669e-02;1.048424e-01
7.806971e-02;1.063098e-01;1.483162e-01;8.718383e-02;3.703878e-02;8.081178e-02;7.333582e-02;6.177446e-02;1.302368e-01;6.930810e-02;4.924711e-02;7.836765e-02
5.614591e-02;7.291473e-02;2.502141e-01;6.089287e-02;6.091346e-02;1.042342e-01;7.007263e-02;5.041636e-02;1.154477e-01;4.718984e-02;3.652373e-02;7.503446e-02
4.024953e-02;6.290510e-02;2.615376e-01;6.473093e-02;8.587502e-02;8.523742e-02;7.037306e-02;4.055073e-02;1.011203e-01;7.107455e-02;4.534109e-02;7.100460e-02
7.054862e-02;6.605212e-02;1.372857e-01;8.574014e-02;8.300652e-02;8.029103e-02;5.469244e-02;4.157683e-02;1.084957e-01;1.108469e-01;3.154986e-02;1.299141e-01
5.329491e-02;7.394508e-02;1.374188e-01;1.416595e-01;1.070215e-01;6.083757e-02;6.334603e-02;5.096568e-02;7.788550e-02;8.699981e-02;5.618355e-02;9.044214e-02
9.016909e-02;5.396102e-02;1.099960e-01;2.296985e-01;8.003127e-02;6.983339e-02;7.795548e-02;5.822309e-02;7.639290e-02;6.144444e-02;3.505516e-02;5.723968e-02
1.078683e-01;5.100347e-02;8.258487e-02;2.557413e-01;5.458455e-02;1.175847e-01;8.391123e-02;4.647208e-02;5.566624e-02;7.210525e-02;2.911424e-02;4.336388e-02
1.149337e-01;6.941086e-02;8.030892e-02;1.958956e-01;7.810412e-02;1.835431e-01;6.815307e-02;2.760955e-02;2.858865e-02;7.697178e-02;2.977127e-02;4.670950e-02
1.242050e-01;9.761745e-02;6.665664e-02;1.224800e-01;5.197801e-02;2.332423e-01;9.933732e-02;2.329420e-02;2.406861e-02;9.453505e-02;2.331596e-02;3.926951e-02
8.433869e-02;2.154689e-01;6.181729e-02;3.792489e-02;3.267969e-02;1.565399e-01;1.898067e-01;4.378515e-02;1.477308e-02;8.941036e-02;4.015986e-02;3.329540e-02
3.910926e-02;2.257922e-01;1.235429e-01;1.562783e-02;3.457234e-02;6.858885e-02;2.060086e-01;1.006051e-01;3.834257e-02;4.547006e-02;4.780720e-02;5.453318e-02
2.353741e-02;1.467497e-01;1.990703e-01;2.569933e-02;2.252566e-02;3.952195e-02;1.216143e-01;1.807279e-01;7.572316e-02;4.162623e-02;4.584628e-02;7.735772e-02
1.704186e-02;5.824521e-02;2.218103e-01;3.486578e-02;1.429208e-02;4.182853e-02;1.100487e-01;2.483397e-01;9.279407e-02;3.703641e-02;3.764924e-02;8.604821e-02
1.477673e-02;1.475828e-02;1.542939e-01;2.639557e-02;1.473571e-02;6.267438e-02;1.944683e-01;2.674558e-01;4.761907e-02;4.408763e-02;6.231731e-02;9.641734e-02
2.292894e-02;2.788216e-02;7.119358e-02;2.090889e-02;1.858590e-02;7.272793e-02;2.358414e-01;1.986955e-01;7.862549e-02;5.001649e-02;1.357312e-01;6.686256e-02
2.903605e-02;7.649478e-02;8.651250e-02;4.054984e-02;2.142676e-02;7.801680e-02;1.824835e-01;1.174118e-01;9.165768e-02;5.334109e-02;1.727705e-01;5.029868e-02
2.288174e-02;1.458928e-01;9.345985e-02;3.362832e-02;2.685354e-02;8.188757e-02;1.614810e-01;1.381927e-01;8.995628e-02;5.211664e-02;9.722751e-02;5.642204e-02
2.938755e-02;1.828905e-01;6.316699e-02;2.622448e-02;4.462228e-02;7.406957e-02;1.051497e-01;1.712542e-01;1.205985e-01;3.269908e-02;5.254485e-02;9.739242e-02
2.694332e-02;9.335111e-02;3.481907e-02;2.354416e-02;3.803731e-02;6.698191e-02;1.513183e-01;2.267081e-01;1.607383e-01;5.060884e-02;7.180531e-02;5.514421e-02
8.420194e-03;3.374305e-02;4.529590e-02;3.284465e-02;1.604082e-02;3.968488e-02;1.642242e-01;3.022182e-01;2.328993e-01;6.930379e-02;3.383221e-02;2.149269e-02
6.566511e-03;1.880678e-02;4.825677e-02;4.496948e-02;8.865796e-03;2.839789e-02;1.079975e-01;3.557241e-01;2.790841e-01;6.199921e-02;1.791331e-02;2.141860e-02
8.524715e-03;1.588136e-02;9.081619e-02;4.570992e-02;1.039273e-02;3.696376e-02;5.401427e-02;4.173051e-01;2.247823e-01;4.358546e-02;1.707906e-02;3.494508e-02
9.229027e-03;1.122069e-02;2.120626e-01;2.026073e-02;1.126416e-02;3.331670e-02;4.460284e-02;4.462338e-01;1.104978e-01;3.576049e-02;2.090496e-02;4.464618e-02
9.474919e-03;1.312409e-02;2.819200e-01;8.933015e-03;7.187060e-03;1.489968e-02;4.513580e-02;3.847090e-01;1.452177e-01;3.099211e-02;2.200393e-02;3.640274e-02
5.948335e-03;1.461235e-02;3.463083e-01;4.548046e-03;5.208544e-03;1.540417e-02;3.375678e-02;3.876396e-01;9.524211e-02;3.122265e-02;2.327402e-02;3.683513e-02
5.589569e-03;1.992796e-02;3.161341e-01;1.936789e-02;9.740327e-03;2.825878e-02;1.455224e-01;3.486263e-01;2.821106e-02;4.063191e-02;1.614086e-02;2.184879e-02
7.419023e-03;2.088691e-02;2.261035e-01;2.732603e-02;1.813110e-02;4.541426e-02;2.462132e-01;3.021058e-01;2.798170e-02;3.608932e-02;1.787529e-02;2.445386e-02
1.600603e-02;1.573425e-02;1.769290e-01;3.692694e-02;2.824455e-02;5.560315e-02;2.903668e-01;2.280712e-01;4.696492e-02;3.775064e-02;2.460856e-02;4.279392e-02
1.537283e-02;1.737962e-02;8.728546e-02;2.196254e-02;1.662147e-02;3.341468e-02;2.384797e-01;3.329517e-01;1.197315e-01;5.093727e-02;2.819606e-02;3.766723e-02
1.076882e-02;1.170573e-02;7.265482e-02;6.861505e-03;1.054751e-02;1.158699e-02;1.907372e-01;4.498740e-01;1.428676e-01;3.969134e-02;2.713377e-02;2.557072e-02
1.233377e-02;2.792035e-02;8.828643e-02;1.353849e-02;1.263025e-02;1.627819e-02;2.269472e-01;4.354179e-01;1.040801e-01;2.434836e-02;2.237727e-02;1.584165e-02
1.192355e-02;5.382707e-02;6.512157e-02;1.204433e-02;2.048509e-02;4.719578e-02;3.317700e-01;3.365123e-01;5.873482e-02;1.419316e-02;3.241109e-02;1.578121e-02
2.954582e-02;5.534730e-02;3.000277e-02;9.577977e-03;3.393095e-02;8.177863e-02;3.015323e-01;2.870218e-01;7.914877e-02;1.623002e-02;3.618595e-02;3.969777e-02
2.500152e-02;3.033338e-02;4.684583e-02;2.191017e-02;4.614606e-02;7.782063e-02;1.246091e-01;3.753138e-01;1.393530e-01;2.247590e-02;3.740200e-02;5.278860e-02
1.590954e-02;3.717805e-02;6.586609e-02;1.512696e-02;4.851777e-02;5.431301e-02;2.029735e-01;3.117959e-01;1.436930e-01;3.513645e-02;3.331403e-02;3.617566e-02
1.529574e-02;6.054471e-02;1.122009e-01;1.715579e-02;5.287223e-02;7.614710e-02;2.423528e-01;2.144385e-01;1.094604e-01;3.260422e-02;2.894820e-02;3.797946e-02
2.002697e-02;7.820895e-02;1.492384e-01;2.078213e-02;3.798487e-02;8.956829e-02;2.594900e-01;1.155221e-01;8.687285e-02;3.253546e-02;4.444372e-02;6.532621e-02
9.909589e-03;3.841905e-02;1.756585e-01;1.422973e-02;1.598333e-02;3.616786e-02;1.379737e-01;2.743367e-01;2.105287e-01;4.116330e-02;1.739877e-02;2.823079e-02
6.987538e-03;1.508871e-02;2.158747e-01;1.606979e-02;9.465260e-03;1.716282e-02;1.240783e-01;3.600629e-01;1.769425e-01;3.206152e-02;9.900268e-03;1.630574e-02
4.061682e-03;6.374100e-03;2.454213e-01;8.865804e-03;9.322735e-03;1.679000e-02;1.356801e-01;4.542316e-01;7.058699e-02;2.383094e-02;1.100119e-02;1.383357e-02
4.029144e-03;1.410466e-02;2.304907e-01;5.987161e-03;8.884974e-03;1.376032e-02;1.256634e-01;5.056850e-01;5.325162e-02;1.620704e-02;9.713231e-03;1.222269e-02
1.312029e-03;3.672333e-02;1.458070e-01;8.943967e-03;1.404464e-02;2.735864e-02;2.457154e-01;4.489121e-01;4.546496e-02;1.156682e-02;8.437895e-03;5.713199e-03
7.692616e-03;4.507000e-02;7.093151e-02;1.411100e-02;1.899267e-02;4.515648e-02;3.095602e-01;4.184518e-01;3.880375e-02;1.490793e-02;1.155193e-02;4.770109e-03
1.427547e-02;3.161358e-02;8.090468e-02;2.666479e-02;2.355454e-02;4.951358e-02;2.043293e-01;4.690379e-01;4.365620e-02;2.890219e-02;1.592957e-02;1.161823e-02
1.841819e-02;3.710399e-02;1.315385e-01;2.418486e-02;2.289904e-02;4.472600e-02;2.319141e-01;3.186675e-01;1.071389e-01;3.707284e-02;8.229661e-03;1.810642e-02
1.196219e-02;6.192586e-02;1.863084e-01;2.369262e-02;3.209426e-02;2.573239e-02;3.076988e-01;1.629981e-01;1.254926e-01;2.291925e-02;1.964576e-02;1.952969e-02
1.489387e-02;8.081851e-02;1.926494e-01;1.549118e-02;2.831371e-02;3.908646e-02;2.115468e-01;3.018153e-01;6.354739e-02;1.122877e-02;2.649217e-02;1.411652e-02
1.949078e-02;9.000383e-02;1.394554e-01;1.011685e-02;3.003475e-02;4.349203e-02;1.342555e-01;4.047938e-01;7.907745e-02;1.674260e-02;2.154316e-02;1.099377e-02
3.341243e-02;5.109039e-02;7.611464e-02;2.203741e-02;3.513536e-02;3.987996e-02;1.555130e-01;3.578463e-01;1.091332e-01;5.838556e-02;4.015648e-02;2.129516e-02
5.334539e-02;2.243903e-02;4.926454e-02;1.778118e-02;4.799128e-02;4.180166e-02;1.121580e-01;2.025673e-01;1.122400e-01;9.472375e-02;1.470270e-01;9.866095e-02
7.342915e-02;2.096728e-02;3.149156e-02;8.836424e-03;3.997615e-02;2.430888e-02;1.219717e-01;1.111070e-01;4.154589e-02;8.201282e-02;1.957186e-01;2.486345e-01
4.538624e-02;1.763344e-02;1.542058e-02;3.373061e-03;1.232928e-02;3.207852e-02;1.838617e-01;7.006975e-02;1.097354e-02;2.168345e-02;2.554539e-01;3.317365e-01
1.613625e-02;5.772093e-03;7.628216e-03;3.603258e-03;1.012748e-02;5.185082e-02;1.204477e-01;4.071325e-02;1.957293e-02;4.165711e-02;4.643727e-01;2.181183e-01
1.211467e-02;3.970408e-03;1.308696e-02;4.000726e-03;9.314850e-03;3.721027e-02;5.152630e-02;2.366470e-02;2.334011e-02;3.600744e-02;6.615472e-01;1.242165e-01
9.713016e-03;4.440730e-03;2.195840e-02;6.241065e-03;1.013155e-02;4.540483e-02;1.672919e-02;1.052959e-02;1.341310e-02;4.169244e-02;7.611076e-01;5.863857e-02
8.648928e-03;6.506206e-03;2.348031e-02;4.745585e-03;1.378169e-02;3.942074e-02;2.358498e-02;1.095598e-02;4.923147e-02;1.408925e-01;6.378388e-01;4.091274e-02
1.155042e-02;1.048810e-02;2.477388e-02;3.852846e-03;1.894664e-02;2.118513e-02;3.924152e-02;3.392428e-02;7.552315e-02;1.612239e-01;5.475204e-01;5.176978e-02
1.741833e-02;1.242704e-02;2.884064e-02;7.418128e-03;2.711885e-02;4.824508e-02;4.366220e-02;4.365327e-02;6.022668e-02;5.296178e-02;5.838018e-01;7.422621e-02
2.448043e-02;1.762622e-02;3.292366e-02;8.099761e-03;3.359034e-02;7.507727e-02;2.629554e-02;1.881195e-02;8.405349e-02;1.229438e-01;4.220735e-01;1.340241e-01
2.570033e-02;1.161750e-02;3.487824e-02;1.050883e-02;2.510221e-02;1.141317e-01;2.560242e-02;2.416239e-02;6.916898e-02;9.926894e-02;4.112320e-01;1.486265e-01
2.458186e-02;1.428906e-02;2.608943e-02;1.401617e-02;1.821654e-02;1.177333e-01;3.259348e-02;2.275423e-02;5.473932e-02;1.266718e-01;4.351408e-01;1.131740e-01
2.249797e-02;1.766996e-02;3.288750e-02;2.112962e-02;3.869633e-02;6.170222e-02;4.258910e-02;2.712654e-02;8.333220e-02;1.952931e-01;3.533519e-01;1.037235e-01
1.322970e-02;1.133292e-02;4.028116e-02;1.922119e-02;2.913073e-02;9.416729e-02;4.141663e-02;3.970934e-02;1.758991e-01;1.720313e-01;2.705660e-01;9.301461e-02
2.610364e-02;1.373428e-02;2.941480e-02;1.323109e-02;2.824232e-02;9.346309e-02;4.771467e-02;3.566965e-02;1.737507e-01;1.364860e-01;3.304524e-01;7.173744e-02
3.552127e-02;2.333087e-02;3.124448e-02;4.330689e-02;5.935038e-02;2.512360e-02;8.042335e-02;4.811244e-02;1.012594e-01;2.172913e-01;2.984454e-01;3.659071e-02
2.696897e-02;1.379331e-02;2.380378e-02;5.109265e-02;7.312740e-02;3.729432e-02;6.535547e-02;4.200582e-02;1.281999e-01;3.013294e-01;1.988320e-01;3.819692e-02
1.579284e-02;9.401291e-03;1.750081e-02;3.223564e-02;1.251369e-01;2.810142e-02;3.389808e-02;3.149879e-02;1.527247e-01;4.072329e-01;1.158929e-01;3.058387e-02
1.561663e-02;1.023646e-02;1.305427e-02;2.677723e-02;1.559062e-01;1.874480e-02;1.539799e-02;2.485028e-02;2.089082e-01;4.229840e-01;6.760997e-02;1.991401e-02
2.045031e-02;1.282476e-02;7.318808e-03;5.004194e-02;1.277217e-01;1.065773e-02;3.019774e-02;2.942671e-02;2.540285e-01;3.755531e-01;6.724436e-02;1.453437e-02
1.848153e-02;8.210034e-03;2.394287e-02;8.402702e-02;8.652484e-02;7.317968e-03;4.797541e-02;7.091810e-02;3.388700e-01;2.320076e-01;6.274987e-02;1.897475e-02
3.227800e-02;9.449682e-03;5.253549e-02;7.497159e-02;7.267660e-02;1.534943e-02;9.820864e-02;1.605512e-01;3.060419e-01;1.049194e-01;4.566799e-02;2.735004e-02
4.888250e-02;2.191703e-02;7.179012e-02;5.288165e-02;6.533796e-02;3.318172e-02;1.543482e-01;2.277266e-01;1.453573e-01;9.516327e-02;5.009451e-02;3.331915e-02
4.648586e-02;3.659918e-02;6.145317e-02;3.463376e-02;6.041153e-02;4.674977e-02;1.322305e-01;1.973514e-01;1.954914e-01;1.312687e-01;2.799306e-02;2.933172e-02
3.769162e-02;2.713849e-02;3.392516e-02;1.888538e-02;8.157634e-02;4.254271e-02;1.046669e-01;9.689695e-02;3.571166e-01;1.377470e-01;4.613538e-02;1.567746e-02
1.868121e-02;1.104046e-02;3.243190e-02;3.834935e-02;8.511521e-02;3.204344e-02;9.330382e-02;1.132169e-01;3.097642e-01;1.787060e-01;6.465675e-02;2.269073e-02
2.327798e-02;1.398245e-02;3.976542e-02;5.708197e-02;8.032673e-02;3.930670e-02;9.765970e-02;1.389451e-01;2.103595e-01;1.914639e-01;7.667132e-02;3.115920e-02
1.848936e-02;3.112979e-02;3.605094e-02;4.630037e-02;6.933586e-02;4.034077e-02;6.365757e-02;9.852158e-02;3.775693e-01;1.317189e-01;6.471354e-02;2.217206e-02
4.152833e-02;4.660137e-02;5.544340e-02;2.639561e-02;4.846583e-02;4.469482e-02;1.035537e-01;7.580000e-02;3.980617e-01;7.947908e-02;3.704415e-02;4.293204e-02
4.731601e-02;3.297745e-02;7.976488e-02;4.554982e-02;7.408269e-02;4.523941e-02;1.130415e-01;5.282130e-02;2.112936e-01;1.926559e-01;7.898805e-02;2.626945e-02
2.691574e-02;1.572072e-02;2.785216e-02;4.834457e-02;1.465624e-01;3.564864e-02;5.443635e-02;6.101183e-02;1.017116e-01;3.621680e-01;1.065925e-01;1.303556e-02
1.623051e-02;1.369152e-02;7.459236e-03;3.861744e-02;1.707539e-01;1.719338e-02;2.891874e-02;5.011803e-02;7.277111e-02;4.642557e-01;1.096930e-01;1.029747e-02
1.582072e-02;9.829698e-03;8.537633e-03;3.307443e-02;1.334486e-01;1.137229e-02;2.958897e-02;3.417675e-02;2.194537e-01;4.317143e-01;6.528542e-02;7.697537e-03
2.017289e-02;1.313898e-02;1.079917e-02;2.263822e-02;1.129473e-01;1.027624e-02;3.030463e-02;2.502056e-02;2.694026e-01;4.383216e-01;3.998757e-02;6.990196e-03
1.345161e-02;9.595784e-03;1.530538e-02;4.711367e-02;8.540457e-02;1.270646e-02;1.894416e-02;2.555172e-02;4.288366e-01;3.181596e-01;1.701115e-02;7.919294e-03
2.465468e-02;9.423206e-03;1.855267e-02;7.246969e-02;6.050427e-02;1.899008e-02;4.432535e-02;1.001013e-01;4.971582e-01;1.307261e-01;1.608750e-02;7.006923e-03
4.763103e-02;1.459260e-02;2.290328e-02;6.777438e-02;5.878199e-02;3.034042e-02;1.157286e-01;2.027476e-01;3.459123e-01;6.789526e-02;1.760128e-02;8.091310e-03
4.056377e-02;1.813677e-02;2.646627e-02;5.020103e-02;6.085092e-02;3.370141e-02;1.787730e-01;2.737836e-01;2.048564e-01;7.668553e-02;1.933173e-02;1.664965e-02
1.633882e-02;2.269329e-02;2.432577e-02;2.156549e-02;3.924446e-02;1.848461e-02;1.486655e-01;1.894506e-01;3.679610e-01;1.149439e-01;1.507154e-02;2.125504e-02
1.306413e-02;2.017865e-02;1.235372e-02;1.671491e-02;2.555522e-02;7.518629e-03;1.874887e-01;1.725743e-01;3.775380e-01;1.427297e-01;1.233039e-02;1.195367e-02
1.476941e-02;1.727235e-02;2.067915e-02;2.479191e-02;4.935442e-02;1.705200e-02;2.353365e-01;2.074545e-01;2.342165e-01;1.538350e-01;1.760505e-02;7.633394e-03
2.085950e-02;1.265572e-02;2.253091e-02;2.874064e-02;5.473361e-02;2.123821e-02;3.189548e-01;7.289685e-02;2.811198e-01;1.371882e-01;1.060343e-02;1.847837e-02
2.429425e-02;1.840140e-02;1.692715e-02;2.152253e-02;5.304433e-02;2.154092e-02;3.140190e-01;7.884666e-02;3.212814e-01;8.513948e-02;2.195274e-02;2.303018e-02
1.796556e-02;1.905284e-02;3.321089e-02;1.603150e-02;7.156563e-02;4.500615e-02;4.016527e-01;7.046653e-02;2.423379e-01;4.423327e-02;2.028738e-02;1.818975e-02
1.394412e-02;1.510077e-02;3.670413e-02;9.411816e-03;6.543364e-02;5.618254e-02;4.951693e-01;1.058672e-01;8.511624e-02;7.256841e-02;3.234431e-02;1.215761e-02
1.442660e-02;1.517248e-02;2.577663e-02;9.547763e-03;3.563780e-02;3.870820e-02;4.717491e-01;9.392760e-02;1.677452e-01;9.708650e-02;2.191202e-02;8.310050e-03
1.746793e-02;1.006382e-02;1.846975e-02;8.958978e-03;4.870896e-02;3.939739e-02;4.918756e-01;1.329333e-01;1.274441e-01;7.597771e-02;2.005550e-02;8.646887e-03
2.860780e-02;6.925628e-03;2.216261e-02;1.503177e-02;6.436721e-02;6.861909e-02;4.809206e-01;5.591483e-02;1.583736e-01;6.256724e-02;2.854059e-02;7.969122e-03
3.245826e-02;1.463835e-02;2.781186e-02;2.473806e-02;7.041408e-02;1.030882e-01;2.813725e-01;7.929876e-02;2.610797e-01;8.070092e-02;1.695028e-02;7.448971e-03
3.571414e-02;1.696643e-02;4.954509e-02;4.386118e-02;9.730606e-02;1.112879e-01;2.137516e-01;5.150937e-02;2.318926e-01;1.037672e-01;2.582183e-02;1.857657e-02
1.848287e-02;1.948980e-02;5.773501e-02;4.720525e-02;9.014753e-02;6.243664e-02;3.620614e-01;7.014333e-02;1.466892e-01;8.222688e-02;2.878172e-02;1.460029e-02
2.182116e-02;2.105387e-02;8.137555e-02;5.368653e-02;7.907416e-02;6.592141e-02;3.482157e-01;7.549006e-02;1.267635e-01;9.887368e-02;1.762071e-02;1.010367e-02
2.338963e-02;2.627866e-02;8.088719e-02;5.378847e-02;7.803738e-02;7.364540e-02;3.486755e-01;5.123086e-02;1.508552e-01;8.832646e-02;1.173464e-02;1.315053e-02
3.759476e-02;2.419353e-02;6.694733e-02;4.451750e-02;8.381436e-02;7.327171e-02;4.268337e-01;5.385197e-02;8.860532e-02;6.258681e-02;1.985151e-02;1.793147e-02
3.612120e-02;1.492122e-02;1.090373e-01;5.117905e-02;7.720780e-02;6.945071e-02;4.029393e-01;7.099994e-02;9.538794e-02;4.161901e-02;1.545306e-02;1.568342e-02
4.463679e-02;2.128519e-02;8.821596e-02;4.402636e-02;8.064966e-02;6.668902e-02;3.157122e-01;1.064147e-01;1.367715e-01;6.307343e-02;1.858661e-02;1.393851e-02
1.657761e-01;7.118495e-02;7.159674e-02;3.463238e-02;5.081796e-02;2.911408e-02;1.804105e-01;4.193828e-02;6.183205e-02;1.005893e-01;1.072347e-01;8.487301e-02
1.913185e-01;8.220816e-02;9.640764e-02;2.408988e-02;3.089482e-02;3.125853e-02;6.166536e-02;2.336702e-02;4.214465e-02;9.471846e-02;1.840303e-01;1.378967e-01
1.565326e-01;6.505530e-02;1.035710e-01;2.229132e-02;2.417994e-02;4.349336e-02;2.570805e-02;2.386908e-02;2.960711e-02;5.724820e-02;2.734071e-01;1.750370e-01
7.396216e-02;2.417618e-02;6.279750e-02;1.820713e-02;1.190078e-02;6.270953e-02;4.007897e-02;2.415609e-02;3.336357e-02;5.196818e-02;3.869277e-01;2.097522e-01
2.789586e-02;1.131345e-02;2.723572e-02;1.307252e-02;1.205751e-02;7.607055e-02;2.021269e-02;1.652906e-02;1.921216e-02;3.715339e-02;4.956970e-01;2.435501e-01
1.142505e-02;1.023208e-02;2.765647e-02;1.016783e-02;1.137407e-02;6.699035e-02;1.729358e-02;9.306601e-03;1.259039e-02;4.395214e-02;5.660074e-01;2.130040e-01
1.439190e-02;1.034761e-02;4.451601e-02;6.872166e-03;7.372678e-03;5.167196e-02;1.073831e-02;6.089157e-03;1.653615e-02;3.624455e-02;6.242031e-01;1.710163e-01
1.638631e-02;1.011849e-02;6.266831e-02;6.687216e-03;6.507657e-03;4.226509e-02;7.163762e-03;6.580858e-03;2.080766e-02;2.331886e-02;6.726017e-01;1.248941e-01
1.444993e-02;6.238857e-03;6.432813e-02;5.743469e-03;4.466377e-03;7.852389e-02;6.006888e-03;5.178622e-03;1.493940e-02;6.362876e-02;6.909552e-01;4.554056e-02
6.851000e-03;9.461339e-03;5.348008e-02;6.970895e-03;7.045185e-03;8.455943e-02;3.903541e-03;8.188107e-03;2.080037e-02;1.449124e-01;6.367893e-01;1.703835e-02
6.566639e-03;1.349857e-02;3.936260e-02;6.023173e-03;2.626871e-02;3.970042e-02;9.537925e-03;1.837788e-02;2.540154e-02;2.559942e-01;5.444383e-01;1.483006e-02
1.615342e-02;1.917152e-02;3.143685e-02;7.248369e-03;6.836259e-02;2.717352e-02;9.817280e-03;2.647640e-02;7.872973e-02;3.545302e-01;3.323954e-01;2.850472e-02
4.461910e-02;4.405003e-02;5.899846e-02;9.401793e-03;1.030330e-01;4.158999e-02;2.018728e-02;3.003169e-02;1.648476e-01;3.123518e-01;7.485656e-02;9.603284e-02
5.399827e-02;7.247724e-02;1.075023e-01;2.851569e-02;8.178858e-02;3.347864e-02;3.285342e-02;4.664336e-02;1.582722e-01;1.068311e-01;1.484843e-01;1.291549e-01
3.813411e-02;6.826017e-02;1.251318e-01;3.258736e-02;5.846737e-02;3.418875e-02;3.606305e-02;6.378411e-02;9.602147e-02;1.908858e-01;1.607983e-01;9.567771e-02
2.531859e-02;4.745383e-02;9.736626e-02;2.831912e-02;8.066978e-02;3.449394e-02;3.050221e-02;6.279582e-02;9.701858e-02;2.502558e-01;1.681971e-01;7.760897e-02
2.368395e-02;6.425937e-02;3.537846e-02;2.611020e-02;1.228016e-01;2.410370e-02;4.176910e-02;3.479479e-02;1.227303e-01;3.574342e-01;7.408493e-02;7.284948e-02
3.481624e-02;3.957327e-02;4.435015e-02;2.769020e-02;9.664279e-02;2.154585e-02;2.693324e-02;2.923359e-02;1.080446e-01;3.036892e-01;2.434115e-01;2.406939e-02
3.909182e-02;3.700469e-02;5.841548e-02;3.056593e-02;9.497484e-02;3.746168e-02;3.254358e-02;3.561730e-02;9.880273e-02;1.834267e-01;3.273510e-01;2.474433e-02
2.896004e-02;6.508112e-02;5.093809e-02;2.522182e-02;6.771696e-02;3.702198e-02;2.839492e-02;2.755679e-02;1.479324e-01;1.782281e-01;3.063375e-01;3.661025e-02
8.323389e-02;8.415141e-02;6.634048e-02;2.101933e-02;3.904663e-02;3.672185e-02;4.150875e-02;2.484117e-02;1.437681e-01;1.257820e-01;1.763261e-01;1.572603e-01
4.416123e-02;4.664740e-02;3.614454e-02;7.376106e-03;2.292617e-02;1.569510e-02;1.798273e-02;1.117872e-02;8.657451e-02;1.820042e-01;3.705767e-01;1.587327e-01
1.895258e-02;5.196747e-02;2.051774e-02;4.809686e-03;3.503444e-02;8.287425e-03;9.892777e-03;1.025016e-02;1.205072e-01;2.973047e-01;3.220545e-01;1.004212e-01
1.351564e-02;7.148323e-02;1.935085e-02;1.011339e-02;4.922415e-02;4.373390e-03;1.398549e-02;1.073579e-02;2.326746e-01;3.207134e-01;1.974912e-01;5.633887e-02
2.497332e-02;4.679771e-02;1.243635e-02;2.957191e-02;3.645349e-02;6.332833e-03;1.851867e-02;1.838710e-02;4.623361e-01;2.306578e-01;8.318495e-02;3.034969e-02
1.636534e-02;1.637513e-02;1.230817e-02;5.111589e-02;1.232639e-02;9.333634e-03;2.046484e-02;1.075047e-01;5.361282e-01;1.637974e-01;4.033392e-02;1.394643e-02
1.901620e-02;2.180677e-02;2.718810e-02;5.614137e-02;2.259381e-02;1.578362e-02;8.626794e-02;2.784028e-01;3.832053e-01;6.227167e-02;1.450249e-02;1.281985e-02
2.051875e-02;3.094147e-02;4.145718e-02;5.309166e-02;2.721467e-02;3.123434e-02;1.741899e-01;3.824272e-01;1.206437e-01;6.365860e-02;3.541395e-02;1.920864e-02
1.620443e-02;4.410568e-02;3.815480e-02;6.232747e-02;2.481801e-02;2.978225e-02;1.070696e-01;1.845504e-01;3.698529e-01;6.752671e-02;3.832205e-02;1.728566e-02
2.004296e-02;3.219250e-02;2.522864e-02;7.616173e-02;2.421013e-02;2.555392e-02;4.672957e-02;1.103117e-01;5.132751e-01;7.568584e-02;3.107190e-02;1.953600e-02
1.920792e-02;2.857242e-02;3.388948e-02;5.030718e-02;4.133841e-02;1.372607e-02;5.762368e-02;2.257342e-01;3.783585e-01;1.052501e-01;2.795274e-02;1.803921e-02
2.922756e-02;5.287322e-02;4.434188e-02;5.251559e-02;4.330061e-02;1.986772e-02;1.017015e-01;2.330329e-01;2.366081e-01;1.215106e-01;4.658382e-02;1.843665e-02
4.184543e-02;3.603465e-02;2.709892e-02;2.780215e-02;2.358290e-02;2.276973e-02;1.007383e-01;1.080792e-01;3.905688e-01;1.495078e-01;5.351100e-02;1.846122e-02
5.083270e-02;2.769250e-02;2.715003e-02;3.157331e-02;5.166145e-02;3.438376e-02;1.125033e-01;3.689669e-02;3.984494e-01;1.376525e-01;6.807200e-02;2.313225e-02
3.936759e-02;1.588479e-02;4.688567e-02;5.658317e-02;5.859347e-02;4.318403e-02;1.216213e-01;1.484021e-01;3.052092e-01;8.738758e-02;4.585456e-02;3.102654e-02
2.612767e-02;1.624949e-02;3.303953e-02;3.298180e-02;2.478432e-02;2.058257e-02;7.982957e-02;2.466693e-01;3.975544e-01;8.701267e-02;1.965618e-02;1.551252e-02
2.996587e-02;1.800619e-02;2.987357e-02;1.565737e-02;2.536192e-02;1.834557e-02;9.764377e-02;3.064844e-01;2.595037e-01;1.420267e-01;4.101465e-02;1.611632e-02
2.953882e-02;3.890196e-02;3.684710e-02;2.632843e-02;2.826830e-02;3.360475e-02;1.281054e-01;2.574589e-01;2.383109e-01;1.182300e-01;4.281207e-02;2.159331e-02
2.440966e-02;3.267236e-02;3.456731e-02;3.378586e-02;3.129500e-02;3.485515e-02;1.227244e-01;1.509347e-01;4.160103e-01;7.528009e-02;2.435745e-02;1.910767e-02
7.944071e-02;4.193237e-02;2.840771e-02;2.802937e-02;3.077819e-02;4.895004e-02;1.074992e-01;6.851827e-02;2.309680e-01;1.021329e-01;1.037118e-01;1.296316e-01
1.341881e-01;4.053425e-02;4.147993e-02;2.366179e-02;2.069921e-02;4.400090e-02;7.412332e-02;4.153182e-02;1.594615e-02;5.443351e-02;1.382610e-01;3.711400e-01
1.310225e-01;4.208608e-02;3.498022e-02;2.855561e-02;4.838654e-02;4.189572e-02;3.821791e-02;1.745700e-02;4.304902e-02;7.627903e-02;1.107372e-01;3.873332e-01
7.562897e-02;7.098830e-02;2.877484e-02;4.046630e-02;1.134380e-01;3.893955e-02;1.898289e-02;1.143098e-02;5.443573e-02;1.257138e-01;1.692706e-01;2.519300e-01
5.458313e-02;9.018722e-02;2.398091e-02;8.366752e-02;1.642946e-01;2.573618e-02;1.655011e-02;1.515227e-02;8.630312e-02;1.597513e-01;1.500776e-01;1.297160e-01
8.412613e-02;6.906027e-02;2.336136e-02;2.434818e-01;1.120332e-01;1.925056e-02;3.271000e-02;1.818321e-02;1.633403e-01;1.089811e-01;6.785451e-02;5.761767e-02
8.262113e-02;3.428409e-02;1.323130e-02;3.998718e-01;7.608765e-02;1.313852e-02;3.350352e-02;1.581471e-02;2.144136e-01;5.860816e-02;2.575389e-02;3.267154e-02
5.731076e-02;2.246185e-02;2.302871e-02;4.145279e-01;8.917930e-02;8.178168e-03;2.403542e-02;1.394220e-02;2.468391e-01;4.828160e-02;2.702667e-02;2.518834e-02
3.721457e-02;3.431083e-02;3.020306e-02;3.166693e-01;3.676091e-02;1.359669e-02;3.541996e-02;2.068815e-02;3.331512e-01;9.143860e-02;3.158386e-02;1.896283e-02
6.399576e-02;4.053593e-02;2.758415e-02;1.703901e-01;5.357921e-02;1.340374e-02;6.285034e-02;1.831358e-02;4.195932e-01;8.494889e-02;2.651625e-02;1.828887e-02
6.715750e-02;1.941161e-02;2.057923e-02;4.731046e-02;1.034925e-01;1.435909e-02;5.983091e-02;1.489162e-02;4.158729e-01;1.686132e-01;2.337693e-02;4.510413e-02
4.774898e-02;8.280625e-03;1.278173e-02;3.398314e-02;1.144266e-01;1.361111e-02;3.119861e-02;6.215949e-03;4.209414e-01;2.445250e-01;2.778334e-02;3.850351e-02
2.648883e-02;6.732750e-03;8.847486e-03;2.131763e-02;7.359309e-02;8.919624e-03;1.702734e-02;1.054688e-02;5.224758e-01;2.711515e-01;9.291275e-03;2.360786e-02
1.387757e-02;6.541862e-03;1.262714e-02;1.803693e-02;3.520536e-02;1.052121e-02;2.339528e-02;3.027952e-02;5.781267e-01;2.207575e-01;3.574110e-02;1.488986e-02
1.990798e-02;1.760657e-02;1.447852e-02;1.669626e-02;2.828229e-02;2.003596e-02;2.854833e-02;7.271216e-02;4.585827e-01;1.998176e-01;9.161637e-02;3.171526e-02
5.219976e-02;4.938106e-02;3.776788e-02;1.848557e-02;4.166888e-02;2.708682e-02;4.767425e-02;9.709034e-02;2.629165e-01;1.336700e-01;1.518596e-01;8.019932e-02
7.463560e-02;7.134660e-02;1.632469e-01;5.644395e-02;4.921143e-02;1.898161e-02;4.197023e-02;6.677940e-02;2.013568e-01;6.605659e-02;1.072799e-01;8.269100e-02
5.210792e-02;8.070470e-02;3.605264e-01;7.377216e-02;4.436212e-02;1.393756e-02;3.287536e-02;2.743467e-02;1.955151e-01;5.669783e-02;2.521011e-02;3.685599e-02
6.790926e-02;1.682612e-01;3.956889e-01;4.555489e-02;3.727157e-02;1.797719e-02;2.862011e-02;5.253099e-02;1.104681e-01;4.254256e-02;1.542222e-02;1.775292e-02
1.650862e-01;2.061418e-01;2.082802e-01;4.267618e-02;5.176640e-02;2.392043e-02;2.434603e-02;3.397803e-02;1.145893e-01;7.949527e-02;1.368196e-02;3.603822e-02
1.966449e-01;1.511942e-01;8.183530e-02;3.138609e-02;4.234320e-02;2.412108e-02;4.127483e-02;4.024595e-02;2.104311e-01;9.189622e-02;3.156141e-02;5.706583e-02
1.321736e-01;5.794811e-02;2.264520e-01;5.615281e-02;4.025644e-02;2.775458e-02;6.483904e-02;3.460673e-02;2.265982e-01;4.753274e-02;2.575022e-02;5.993553e-02
5.183966e-02;4.287882e-02;2.388389e-01;7.255529e-02;5.671114e-02;3.479724e-02;7.740563e-02;4.634206e-02;1.618248e-01;1.044278e-01;5.101283e-02;6.136581e-02
5.008384e-02;6.005033e-02;1.371563e-01;3.238912e-02;4.665153e-02;2.742928e-02;4.825318e-02;7.704515e-02;3.153508e-01;1.029205e-01;4.101557e-02;6.165430e-02
5.474883e-02;9.550126e-02;8.042743e-02;2.638666e-02;3.866787e-02;2.527225e-02;4.930035e-02;9.437710e-02;3.228642e-01;1.064279e-01;3.589698e-02;7.012916e-02
3.969972e-02;1.379782e-01;7.798085e-02;3.641872e-02;3.606281e-02;2.651963e-02;8.484468e-02;9.017141e-02;2.759789e-01;1.017276e-01;2.571491e-02;6.690250e-02
8.492861e-02;1.127735e-01;1.431706e-01;2.628440e-02;2.484193e-02;2.319893e-02;6.570950e-02;3.782437e-02;2.205129e-01;1.206619e-01;7.890303e-02;6.119031e-02
1.068619e-01;5.557509e-02;1.166364e-01;1.590697e-02;1.807894e-02;2.405535e-02;6.228424e-02;2.139044e-02;1.177920e-01;9.837460e-02;1.665831e-01;1.964610e-01
1.139621e-01;4.378401e-02;4.620398e-02;2.120182e-02;1.439538e-02;1.982723e-02;8.720424e-02;1.753602e-02;5.818306e-02;4.342631e-02;2.108420e-01;3.234338e-01
5.674642e-02;3.184912e-02;5.022356e-02;1.215128e-02;8.667286e-03;3.123635e-02;6.642834e-02;1.062643e-02;4.282455e-02;4.256245e-02;4.133260e-01;2.333582e-01
2.344030e-02;2.119303e-02;4.151909e-02;6.036806e-03;5.904283e-03;3.379108e-02;3.456587e-02;1.187981e-02;2.020738e-02;1.212169e-01;5.633417e-01;1.169037e-01
1.696147e-02;1.561656e-02;2.406216e-02;6.626657e-03;7.898076e-03;2.397163e-02;1.642855e-02;2.681236e-02;2.137620e-02;2.136703e-01;5.798460e-01;4.673002e-02
5.779717e-03;2.158165e-02;1.079381e-02;4.469441e-03;1.520635e-02;1.281091e-02;1.660570e-02;5.415928e-02;5.955986e-02;3.708816e-01;4.200152e-01;8.136545e-03
7.386825e-03;2.561851e-02;1.370886e-02;5.361429e-03;2.273192e-02;1.131278e-02;3.312412e-02;9.623526e-02;1.599655e-01;4.084461e-01;2.114401e-01;4.668678e-03
1.611734e-02;2.054156e-02;1.908635e-02;7.277081e-03;3.168569e-02;2.577998e-02;5.889224e-02;1.295205e-01;2.133188e-01;3.076601e-01;1.592194e-01;1.090093e-02
2.013994e-02;2.043843e-02;2.760695e-02;1.755778e-02;7.145933e-02;4.349238e-02;6.703229e-02;1.290452e-01;1.570624e-01;2.726384e-01;1.270764e-01;4.645049e-02
1.417475e-02;1.947806e-02;1.642729e-02;1.792179e-02;8.768121e-02;3.791169e-02;3.997918e-02;5.172462e-02;1.392874e-01;3.041181e-01;2.201779e-01;5.111808e-02
1.589864e-02;2.582875e-02;1.708298e-02;1.332614e-02;6.956507e-02;7.526342e-02;4.855765e-02;7.876775e-02;1.029782e-01;3.599229e-01;1.569246e-01;3.588387e-02
3.249844e-02;2.540554e-02;2.928713e-02;9.144050e-03;4.691819e-02;7.039788e-02;3.889926e-02;5.717181e-02;4.629206e-02;4.015409e-01;2.195186e-01;2.292616e-02
5.915684e-02;2.725678e-02;3.529640e-02;7.097624e-03;4.350556e-02;2.854203e-02;2.896269e-02;3.071765e-02;7.589381e-02;3.385069e-01;2.958280e-01;2.923561e-02
1.209266e-01;4.353976e-02;4.343209e-02;1.777897e-02;3.144706e-02;1.009802e-01;4.371364e-02;1.903923e-02;1.513076e-01;1.962146e-01;1.539418e-01;7.767838e-02
9.975510e-02;3.478899e-02;2.964549e-02;1.906465e-02;3.148837e-02;1.004538e-01;5.818299e-02;2.237084e-02;7.926452e-02;1.573341e-01;2.877649e-01;7.988621e-02
4.107059e-02;1.743339e-02;1.358124e-02;1.220850e-02;8.553971e-02;6.175252e-02;3.399132e-02;3.482091e-02;6.692119e-02;2.923610e-01;2.881355e-01;5.218411e-02
2.300358e-02;2.176372e-02;1.048832e-02;6.212852e-03;1.524332e-01;4.296925e-02;2.087188e-02;4.353958e-02;7.810743e-02;3.902544e-01;1.838102e-01;2.654549e-02
1.897553e-02;2.231633e-02;8.623226e-03;6.416260e-03;2.135320e-01;3.250503e-02;2.091176e-02;4.219701e-02;4.203107e-02;4.318277e-01;1.435637e-01;1.710049e-02
9.649198e-03;2.095376e-02;7.845668e-03;5.970462e-03;2.554603e-01;2.136666e-02;1.636484e-02;3.579817e-02;4.673560e-02;4.802505e-01;7.070568e-02;2.889916e-02
1.377796e-02;3.727754e-02;1.092216e-02;8.255527e-03;2.503279e-01;2.223510e-02;1.596663e-02;3.177214e-02;6.072788e-02;4.106062e-01;1.185604e-01;1.957052e-02
1.845994e-02;3.412548e-02;1.417749e-02;1.911581e-02;2.142823e-01;2.298476e-02;1.788433e-02;3.826370e-02;1.265745e-01;3.574009e-01;1.182596e-01;1.847119e-02
2.935313e-02;3.852733e-02;2.861438e-02;3.883966e-02;1.378195e-01;1.609170e-02;2.387167e-02;4.912452e-02;2.025947e-01;3.103123e-01;1.028937e-01;2.195737e-02
4.772906e-02;7.160559e-02;5.816206e-02;4.427007e-02;7.679203e-02;2.540771e-02;3.786435e-02;5.259260e-02;1.891715e-01;2.683877e-01;9.892806e-02;2.908929e-02
5.826725e-02;7.853049e-02;8.322315e-02;3.694822e-02;9.693822e-02;3.309433e-02;4.869761e-02;4.900914e-02;1.697005e-01;2.346580e-01;6.293058e-02;4.800239e-02
3.607430e-02;4.172397e-02;5.281191e-02;2.528064e-02;1.425395e-01;1.844660e-02;3.836863e-02;4.827633e-02;2.102808e-01;2.794335e-01;4.212856e-02;6.463519e-02
2.276186e-02;4.572173e-02;1.275256e-02;1.979557e-02;1.498572e-01;2.237550e-02;2.770389e-02;3.417963e-02;1.727189e-01;3.593614e-01;8.313619e-02;4.963556e-02
4.854671e-02;5.957085e-02;3.154369e-02;1.272649e-02;1.469056e-01;1.965494e-02;4.138178e-02;2.987288e-02;1.276269e-01;3.719280e-01;7.861741e-02;3.162479e-02
3.997346e-02;6.518840e-02;3.337828e-02;2.659510e-02;1.177257e-01;1.901231e-02;5.592660e-02;4.127090e-02;1.828231e-01;3.349986e-01;6.056807e-02;2.253955e-02
4.122869e-02;6.763756e-02;4.912500e-02;5.018601e-02;9.306519e-02;4.245231e-02;7.274735e-02;4.545648e-02;2.142320e-01;2.457964e-01;6.274176e-02;1.533130e-02
7.666074e-02;1.003442e-01;8.054446e-02;5.683275e-02;6.768124e-02;4.681630e-02;7.508216e-02;6.023344e-02;1.307743e-01;1.787828e-01;7.608786e-02;5.015968e-02
1.378299e-01;1.984019e-01;1.853987e-01;2.877592e-02;3.183291e-02;4.176927e-02;3.930720e-02;4.205103e-02;4.472811e-02;1.152112e-01;5.934699e-02;7.534694e-02
8.623375e-02;2.461886e-01;3.249454e-01;2.453636e-02;2.166093e-02;2.890391e-02;2.287405e-02;2.460744e-02;5.574084e-02;9.398912e-02;1.612474e-02;5.419490e-02
7.509186e-02;2.254027e-01;3.587065e-01;3.283248e-02;2.276600e-02;2.699605e-02;1.637011e-02;1.412309e-02;2.692777e-02;6.308251e-02;6.684514e-02;7.085583e-02
9.498028e-02;1.557218e-01;2.124624e-01;2.336124e-02;2.962301e-02;5.843380e-02;2.151484e-02;8.806170e-03;2.665360e-02;5.605130e-02;1.926877e-01;1.197039e-01
4.405310e-02;7.322793e-02;1.186780e-01;1.242289e-02;2.511391e-02;9.937907e-02;2.454225e-02;1.263727e-02;3.117616e-02;4.137849e-02;3.910067e-01;1.263843e-01
1.993996e-02;3.641739e-02;5.679988e-02;9.512955e-03;1.720583e-02;1.030517e-01;1.455750e-02;2.216081e-02;4.492868e-02;1.637150e-01;4.521182e-01;5.959198e-02
1.860193e-02;6.153474e-02;3.609287e-02;1.122634e-02;1.735418e-02;4.884642e-02;8.310799e-03;3.848017e-02;1.305382e-01;3.268111e-01;2.662499e-01;3.595340e-02
2.301709e-02;7.123917e-02;1.905942e-02;1.475033e-02;2.785036e-02;3.560629e-02;9.922463e-03;5.779264e-02;2.424133e-01;3.047305e-01;1.667896e-01;2.682886e-02
3.981864e-02;7.953365e-02;3.627090e-02;1.854108e-02;3.550521e-02;5.952869e-02;3.155868e-02;8.833088e-02;3.064667e-01;1.225823e-01;1.579919e-01;2.387133e-02
2.401842e-02;1.122917e-01;4.227639e-02;1.336654e-02;3.341936e-02;4.108417e-02;3.253181e-02;7.471153e-02;2.487596e-01;1.626209e-01;1.872936e-01;2.762607e-02
2.847625e-02;1.102604e-01;5.238404e-02;1.632645e-02;2.190003e-02;4.317109e-02;2.166924e-02;3.943588e-02;2.185250e-01;1.641606e-01;2.374969e-01;4.619416e-02
2.503154e-02;1.273882e-01;6.835985e-02;1.200320e-02;1.942462e-02;4.344999e-02;2.357921e-02;2.545685e-02;1.504013e-01;2.840712e-01;1.601151e-01;6.071890e-02
2.921603e-02;1.187977e-01;5.004731e-02;8.542859e-03;1.791961e-02;2.849685e-02;2.017963e-02;3.184482e-02;1.062063e-01;3.616216e-01;1.715229e-01;5.560432e-02
2.999013e-02;9.263089e-02;3.582053e-02;1.253384e-02;1.480892e-02;2.197761e-02;2.125136e-02;2.421837e-02;1.403038e-01;3.022731e-01;2.494975e-01;5.469390e-02
3.545791e-02;7.090345e-02;5.837599e-02;1.692415e-02;1.271961e-02;3.433500e-02;4.017261e-02;2.359144e-02;1.927749e-01;2.177990e-01;2.318183e-01;6.512764e-02
3.382879e-02;6.175659e-02;7.251794e-02;1.534451e-02;1.877536e-02;3.948967e-02;7.937713e-02;5.315722e-02;2.294456e-01;2.186953e-01;1.380289e-01;3.958299e-02
4.643085e-02;8.178462e-02;6.155089e-02;1.636271e-02;1.753188e-02;2.647185e-02;6.315897e-02;8.511166e-02;2.401593e-01;2.421136e-01;1.057437e-01;1.358003e-02
3.734895e-02;8.489668e-02;4.273778e-02;2.735736e-02;3.304424e-02;3.063369e-02;3.174135e-02;7.864849e-02;3.090215e-01;2.274194e-01;8.424608e-02;1.290452e-02
2.100488e-02;8.994578e-02;3.200981e-02;2.444947e-02;4.220028e-02;4.328474e-02;2.865763e-02;6.310665e-02;2.397292e-01;2.383315e-01;1.601971e-01;1.708291e-02
2.567160e-02;6.650858e-02;3.020812e-02;1.062740e-02;4.171524e-02;3.634211e-02;1.600881e-02;4.092148e-02;1.724930e-01;3.441631e-01;1.878049e-01;2.753564e-02
2.713743e-02;4.405103e-02;3.467152e-02;8.875553e-03;3.920657e-02;2.545448e-02;1.923433e-02;2.145908e-02;1.211687e-01;4.773694e-01;1.494734e-01;3.189850e-02
2.614479e-02;3.478146e-02;4.844075e-02;1.587396e-02;4.372167e-02;2.920939e-02;2.196323e-02;2.679315e-02;5.780818e-02;5.560101e-01;1.041005e-01;3.515291e-02
3.808174e-02;3.040395e-02;3.612027e-02;1.513242e-02;4.390761e-02;3.211829e-02;3.619046e-02;2.711894e-02;9.079583e-02;4.948247e-01;1.306674e-01;2.463844e-02
4.300419e-02;2.062981e-02;2.429097e-02;1.849582e-02;8.674511e-02;2.505827e-02;3.220675e-02;4.480638e-02;8.260892e-02;3.818831e-01;1.970481e-01;4.322263e-02
3.522239e-02;2.266034e-02;1.805625e-02;6.407753e-02;1.061982e-01;1.305672e-02;2.435357e-02;4.666427e-02;1.192256e-01;3.549550e-01;1.689196e-01;2.661064e-02
2.845481e-02;1.536796e-02;2.085398e-02;1.790369e-01;6.159363e-02;6.843512e-03;2.060140e-02;2.670530e-02;2.449481e-01;3.129893e-01;7.448997e-02;8.115166e-03
2.605442e-02;1.032375e-02;3.285278e-02;2.864619e-01;3.004039e-02;9.836590e-03;1.850290e-02;2.724481e-02;3.391417e-01;1.769435e-01;2.383270e-02;1.876458e-02
2.314603e-02;1.748304e-02;1.426009e-01;2.597831e-01;2.090831e-02;1.562881e-02;2.839299e-02;8.715384e-02;2.613407e-01;8.593526e-02;1.764603e-02;3.998094e-02
2.317415e-02;6.243908e-02;2.488006e-01;1.374830e-01;3.040868e-02;2.714952e-02;8.776482e-02;1.477304e-01;1.149319e-01;5.232423e-02;2.220886e-02;4.558475e-02
4.371645e-02;9.866232e-02;1.709045e-01;5.138491e-02;4.974133e-02;6.034510e-02;1.600003e-01;1.276212e-01;1.029337e-01;7.258807e-02;3.316782e-02;2.893434e-02
8.075268e-02;7.289468e-02;6.720059e-02;4.642120e-02;9.301963e-02;1.220474e-01;1.634786e-01;6.093474e-02;1.088619e-01;1.082299e-01;4.223800e-02;3.392064e-02
6.794363e-02;3.839205e-02;5.793840e-02;6.004281e-02;1.983767e-01;1.236319e-01;9.016129e-02;4.521220e-02;7.886072e-02;1.183669e-01;4.636725e-02;7.470615e-02
4.615520e-02;4.531561e-02;5.134406e-02;1.163712e-01;2.333903e-01;6.299257e-02;6.747136e-02;6.163085e-02;9.763484e-02;8.011711e-02;7.260939e-02;6.496752e-02
4.428573e-02;7.015494e-02;1.016224e-01;1.721104e-01;1.379424e-01;3.624106e-02;7.181243e-02;6.667605e-02;1.107561e-01;6.912149e-02;8.620850e-02;3.306852e-02
4.794036e-02;6.572963e-02;2.095283e-01;1.326770e-01;8.646493e-02;2.797385e-02;9.593932e-02;7.585104e-02;8.041202e-02;9.193236e-02;5.669719e-02;2.885398e-02
3.657019e-02;4.213764e-02;2.547736e-01;6.557112e-02;1.103124e-01;5.972425e-02;1.249429e-01;5.091685e-02;5.309574e-02;1.231716e-01;4.478253e-02;3.400113e-02
4.238799e-02;6.384987e-02;2.063230e-01;4.835081e-02;6.253503e-02;9.630307e-02;9.326126e-02;5.007255e-02;1.199905e-01;1.138809e-01;5.840712e-02;4.463788e-02
5.769737e-02;1.212070e-01;1.023117e-01;7.534181e-02;3.469191e-02;1.052455e-01;5.671189e-02;5.081639e-02;1.694635e-01;9.594558e-02;6.054934e-02;7.001791e-02
9.746888e-02;1.105070e-01;7.342389e-02;7.273137e-02;4.411195e-02;7.666192e-02;9.214720e-02;7.150195e-02;1.277366e-01;8.740577e-02;7.465500e-02;7.164848e-02
1.141485e-01;5.907068e-02;8.156533e-02;5.137471e-02;7.002863e-02;5.393697e-02;1.435717e-01;1.453536e-01;5.934869e-02;8.639731e-02;6.898634e-02;6.621753e-02
8.374371e-02;4.462324e-02;4.618245e-02;3.270691e-02;6.950103e-02;7.343769e-02;1.608816e-01;1.663727e-01;1.283830e-01;1.048261e-01;3.054935e-02;5.879221e-02
7.781565e-02;6.537554e-02;1.113215e-01;4.625140e-02;5.026378e-02;4.033451e-02;1.448418e-01;7.277522e-02;1.359439e-01;8.795097e-02;8.167012e-02;8.545557e-02
6.168639e-02;9.447241e-02;1.236873e-01;3.011404e-02;6.035182e-02;4.177260e-02;1.360109e-01;7.306366e-02;8.211249e-02;9.178155e-02;1.016946e-01;1.032523e-01
1.038854e-01;1.310548e-01;9.476037e-02;3.492086e-02;4.841234e-02;7.439823e-02;8.614653e-02;5.418808e-02;1.222909e-01;9.473673e-02;5.950190e-02;9.570390e-02
9.298879e-02;1.388632e-01;1.014888e-01;5.670003e-02;4.244603e-02;5.811367e-02;8.431061e-02;5.059196e-02;1.447734e-01;1.082113e-01;5.132900e-02;7.018313e-02
6.863780e-02;1.372728e-01;8.468346e-02;7.121477e-02;4.608624e-02;5.699130e-02;7.106836e-02;6.588759e-02;1.425721e-01;1.408560e-01;7.068664e-02;4.404292e-02
1.116274e-01;1.328042e-01;1.187625e-01;7.661070e-02;3.881381e-02;7.407499e-02;7.188750e-02;5.842168e-02;7.368328e-02;1.253324e-01;7.555507e-02;4.242648e-02
1.151480e-01;1.029142e-01;1.202867e-01;5.663480e-02;3.761693e-02;4.652434e-02;1.562245e-01;1.179332e-01;7.717987e-02;7.140943e-02;4.939511e-02;4.873283e-02
7.548120e-02;6.757242e-02;9.609634e-02;4.142092e-02;3.170604e-02;1.847162e-02;2.198623e-01;2.092621e-01;8.602798e-02;4.390510e-02;4.740388e-02;6.279012e-02
4.970915e-02;2.758300e-02;7.384112e-02;2.613902e-02;1.946561e-02;4.870294e-02;2.050169e-01;2.208993e-01;1.047766e-01;4.471110e-02;1.103540e-01;6.880129e-02
6.753854e-02;3.807161e-02;8.283406e-02;2.349725e-02;1.742026e-02;7.923131e-02;8.157285e-02;1.462295e-01;9.985074e-02;5.367252e-02;2.315638e-01;7.851753e-02
