5.960153e-02;5.602073e-02;4.659173e-02;9.489006e-02;4.871282e-02;1.261308e-01;1.320341e-01;1.403094e-01;1.334983e-01;6.009024e-02;4.859675e-02;5.352351e-02
7.441894e-02;5.159378e-02;5.497813e-02;1.094428e-01;1.296726e-01;9.556143e-02;1.127416e-01;1.184016e-01;1.051814e-01;5.473679e-02;3.072957e-02;6.254135e-02
7.933158e-02;5.335997e-02;7.037359e-02;8.175502e-02;2.075930e-01;7.144926e-02;1.437353e-01;8.731990e-02;7.902776e-02;5.954099e-02;1.325971e-02;5.325390e-02
8.143608e-02;7.390387e-02;8.205359e-02;9.689092e-02;2.037819e-01;7.989909e-02;1.292738e-01;5.733930e-02;7.975973e-02;6.184186e-02;2.484479e-02;2.897510e-02
7.096598e-02;8.856146e-02;8.476422e-02;1.056950e-01;1.583898e-01;8.833866e-02;1.221708e-01;4.209860e-02;8.517524e-02;6.691335e-02;3.564567e-02;5.128113e-02
8.253396e-02;8.477678e-02;1.043408e-01;9.614714e-02;9.095681e-02;9.365384e-02;1.078007e-01;4.708858e-02;1.016225e-01;5.873018e-02;3.948540e-02;9.286340e-02
4.972403e-02;6.530869e-02;1.166502e-01;8.225204e-02;8.412293e-02;1.404890e-01;1.061824e-01;8.899295e-02;1.105606e-01;6.956848e-02;3.880263e-02;4.734616e-02
2.089688e-02;9.442973e-02;1.202495e-01;1.013524e-01;1.036197e-01;1.363992e-01;1.007878e-01;6.931631e-02;9.827438e-02;6.937943e-02;3.510403e-02;5.019062e-02
2.334662e-02;1.041458e-01;1.187875e-01;1.094521e-01;1.135576e-01;1.363952e-01;9.668912e-02;5.490966e-02;9.254371e-02;6.080290e-02;3.637395e-02;5.299583e-02
3.619995e-02;1.065962e-01;1.275738e-01;9.657732e-02;1.146505e-01;1.367876e-01;1.032900e-01;4.761058e-02;1.097340e-01;4.882076e-02;3.416214e-02;3.799722e-02
3.505898e-02;7.054046e-02;2.259770e-01;7.906485e-02;8.048160e-02;8.566517e-02;1.184397e-01;4.381368e-02;1.171235e-01;7.466105e-02;3.864667e-02;3.052733e-02
2.270071e-02;7.391398e-02;3.676966e-01;7.290705e-02;5.985995e-02;3.954918e-02;9.404444e-02;3.151705e-02;8.830155e-02;1.014847e-01;2.538141e-02;2.264340e-02
1.843431e-02;9.019016e-02;4.502560e-01;4.897889e-02;4.631056e-02;2.891625e-02;7.277124e-02;1.715381e-02;7.474975e-02;1.352672e-01;6.569823e-03;1.040202e-02
1.594951e-02;7.720268e-02;4.635601e-01;3.537067e-02;5.252689e-02;2.488999e-02;6.682409e-02;2.136119e-02;5.377175e-02;1.673550e-01;1.507523e-02;6.112875e-03
2.240338e-02;6.807785e-02;3.903635e-01;3.905980e-02;6.092159e-02;4.351257e-02;6.499185e-02;2.319695e-02;7.834072e-02;1.838220e-01;1.987572e-02;5.433965e-03
3.956028e-02;9.067774e-02;2.858400e-01;5.055240e-02;6.128054e-02;5.125444e-02;6.385037e-02;2.350086e-02;1.368823e-01;1.637475e-01;2.645664e-02;6.396912e-03
6.827940e-02;9.724354e-02;2.232715e-01;5.727725e-02;4.313085e-02;4.894331e-02;8.687916e-02;4.668947e-02;1.763548e-01;1.198828e-01;1.852436e-02;1.352349e-02
6.697499e-02;7.582670e-02;2.183349e-01;6.361356e-02;2.098933e-02;6.349386e-02;1.018557e-01;7.329275e-02;1.866723e-01;9.441020e-02;1.367359e-02;2.086217e-02
3.276445e-02;5.136949e-02;2.045210e-01;7.361069e-02;3.642968e-02;5.857085e-02;1.266384e-01;7.444308e-02;2.127665e-01;9.430296e-02;1.404830e-02;2.053460e-02
4.564843e-02;5.739561e-02;1.708592e-01;8.823268e-02;7.046212e-02;4.900297e-02;8.951360e-02;1.469380e-01;1.458814e-01;9.764275e-02;1.315035e-02;2.527292e-02
4.489973e-02;6.170808e-02;1.030362e-01;6.562815e-02;9.713440e-02;6.858193e-02;4.895392e-02;1.363306e-01;1.564527e-01;1.870681e-01;1.152474e-02;1.868153e-02
3.238133e-02;5.999044e-02;1.004393e-01;3.917076e-02;1.096618e-01;6.539338e-02;4.802665e-02;1.567402e-01;1.771641e-01;1.824153e-01;7.632487e-03;2.098428e-02
1.397693e-02;4.759706e-02;8.735600e-02;6.065584e-02;6.102062e-02;1.149316e-01;5.903715e-02;1.665995e-01;2.185802e-01;1.493417e-01;3.489959e-03;1.741349e-02
9.921416e-03;3.019901e-02;6.275982e-02;8.027659e-02;3.517864e-02;2.119208e-01;8.293306e-02;9.608321e-02;1.880625e-01;1.853403e-01;4.304935e-03;1.301969e-02
1.074984e-02;1.195740e-02;4.715365e-02;7.476873e-02;1.031253e-01;2.282778e-01;9.132654e-02;1.277851e-01;1.110381e-01;1.777407e-01;6.513951e-03;9.562785e-03
2.013513e-02;4.268181e-02;5.480236e-02;6.409974e-02;1.855378e-01;2.000648e-01;8.955833e-02;1.610174e-01;5.868099e-02;1.018788e-01;1.060914e-02;1.093371e-02
6.889787e-02;7.974443e-02;6.051820e-02;1.080480e-01;1.263063e-01;1.231033e-01;1.101326e-01;1.213140e-01;8.033775e-02;6.840716e-02;1.906968e-02;3.412068e-02
1.333513e-01;7.565776e-02;5.894046e-02;1.106257e-01;7.126965e-02;7.999709e-02;1.060043e-01;8.592917e-02;8.778217e-02;7.799424e-02;3.201474e-02;8.043342e-02
1.051886e-01;4.697744e-02;1.237034e-01;8.529142e-02;7.550187e-02;6.303605e-02;1.239185e-01;5.203596e-02;8.724937e-02;9.070288e-02;3.771711e-02;1.086775e-01
5.664159e-02;4.350042e-02;1.468137e-01;5.224413e-02;9.339970e-02;7.790111e-02;2.547891e-01;4.945391e-02;6.496936e-02;6.493284e-02;3.049979e-02;6.485440e-02
4.212593e-02;2.173074e-02;1.188346e-01;5.909455e-02;1.359132e-01;1.021342e-01;3.184379e-01;3.392370e-02;3.519417e-02;3.169151e-02;2.753540e-02;7.338408e-02
2.519337e-02;1.781010e-02;1.323184e-01;1.051928e-01;1.810293e-01;9.757099e-02;2.195760e-01;3.212982e-02;2.607591e-02;2.418764e-02;5.466132e-02;8.425432e-02
1.552567e-02;2.247811e-02;2.016177e-01;2.062537e-01;1.700987e-01;6.290643e-02;7.956348e-02;4.062774e-02;3.091208e-02;2.585625e-02;8.295005e-02;6.121007e-02
1.568617e-02;6.281865e-02;2.208641e-01;2.936420e-01;1.190855e-01;5.981091e-02;2.982086e-02;3.675593e-02;3.098686e-02;2.116914e-02;8.329738e-02;2.606248e-02
1.375459e-02;9.383682e-02;1.833642e-01;3.203074e-01;9.114756e-02;9.042688e-02;2.114687e-02;6.217809e-02;1.894530e-02;1.559254e-02;7.479753e-02;1.450215e-02
1.220350e-02;6.970482e-02;1.170814e-01;3.660927e-01;6.989428e-02;1.367925e-01;1.610627e-02;9.668207e-02;1.147281e-02;1.393898e-02;8.052763e-02;9.503130e-03
1.123001e-02;4.820902e-02;1.083561e-01;3.628473e-01;5.014823e-02;1.662680e-01;9.252480e-03;1.389200e-01;9.896664e-03;1.452068e-02;7.141533e-02;8.936181e-03
2.685913e-02;7.042269e-02;1.743013e-01;2.671133e-01;4.604410e-02;1.655895e-01;1.925533e-02;1.278406e-01;2.145622e-02;2.484003e-02;4.604278e-02;1.023497e-02
3.001761e-02;8.045690e-02;1.972454e-01;2.224039e-01;3.639280e-02;1.590476e-01;3.451050e-02;9.835445e-02;4.409138e-02;3.816370e-02;4.402222e-02;1.529355e-02
4.089211e-02;8.909351e-02;1.650516e-01;2.119666e-01;3.744814e-02;1.016064e-01;3.626833e-02;1.337393e-01;5.382194e-02;3.084252e-02;7.446827e-02;2.480120e-02
4.681529e-02;6.802769e-02;1.235904e-01;1.105573e-01;1.434327e-01;1.015605e-01;1.017489e-01;1.157251e-01;7.158753e-02;2.974953e-02;4.919886e-02;3.800626e-02
2.536961e-02;3.896837e-02;9.284849e-02;7.470697e-02;2.335885e-01;1.201086e-01;1.200322e-01;7.724588e-02;8.398295e-02;2.945621e-02;3.376145e-02;6.993073e-02
2.713151e-02;2.578165e-02;1.031902e-01;5.675892e-02;2.694705e-01;1.210548e-01;1.043239e-01;5.384620e-02;8.243996e-02;1.825772e-02;2.623645e-02;1.115082e-01
4.459131e-02;3.802051e-02;1.281556e-01;8.550392e-02;2.060449e-01;9.809920e-02;1.011601e-01;4.818073e-02;7.448483e-02;2.032479e-02;3.412164e-02;1.213124e-01
5.159957e-02;3.962827e-02;1.983986e-01;1.239419e-01;1.156904e-01;8.651934e-02;1.143804e-01;4.837116e-02;4.891598e-02;2.402480e-02;5.602195e-02;9.250756e-02
4.131120e-02;4.757926e-02;3.163239e-01;1.205185e-01;5.676472e-02;6.917675e-02;1.284723e-01;4.163501e-02;2.724517e-02;3.115480e-02;5.304371e-02;6.677475e-02
2.794412e-02;5.275537e-02;3.129901e-01;7.798564e-02;1.211386e-01;4.515629e-02;9.827514e-02;4.367669e-02;3.123289e-02;3.606924e-02;4.018337e-02;1.125926e-01
2.700575e-02;4.398404e-02;1.932248e-01;9.076747e-02;2.099892e-01;7.797583e-02;6.544837e-02;6.683990e-02;4.852762e-02;5.006296e-02;5.165560e-02;7.451841e-02
2.477149e-02;2.607447e-02;1.470802e-01;9.589674e-02;2.358474e-01;1.167132e-01;7.143778e-02;5.612025e-02;6.395665e-02;6.436781e-02;3.857946e-02;5.915458e-02
2.444267e-02;2.667301e-02;1.706253e-01;6.153302e-02;1.898921e-01;1.061613e-01;6.199979e-02;5.031668e-02;9.272124e-02;7.764024e-02;6.085315e-02;7.714143e-02
3.386881e-02;3.698545e-02;1.477947e-01;9.957839e-02;1.657569e-01;7.956168e-02;6.826027e-02;6.462775e-02;1.148885e-01;8.074432e-02;4.509423e-02;6.283902e-02
3.498187e-02;3.577244e-02;1.365770e-01;1.202438e-01;1.661259e-01;5.366274e-02;7.768724e-02;7.698698e-02;1.055248e-01;9.425873e-02;3.636051e-02;6.181801e-02
5.252000e-02;3.691104e-02;1.433791e-01;8.810662e-02;1.123289e-01;1.000219e-01;1.158746e-01;8.137156e-02;8.583201e-02;7.883631e-02;4.066781e-02;6.415015e-02
3.835515e-02;6.696753e-02;1.265331e-01;5.305445e-02;5.115997e-02;6.552627e-02;1.996011e-01;1.109241e-01;9.729999e-02;9.565036e-02;5.443212e-02;4.049591e-02
5.401753e-02;1.079613e-01;8.560734e-02;3.270822e-02;3.812260e-02;5.144167e-02;2.968559e-01;1.196108e-01;7.960407e-02;6.847826e-02;3.700015e-02;2.859217e-02
1.371626e-01;1.251191e-01;6.090185e-02;2.191950e-02;3.379791e-02;9.292269e-02;2.917284e-01;9.170029e-02;4.280763e-02;4.925870e-02;2.066591e-02;3.201542e-02
1.860585e-01;1.109951e-01;6.793466e-02;3.248791e-02;7.590399e-02;1.012209e-01;1.887637e-01;4.716516e-02;4.305691e-02;3.587687e-02;2.714002e-02;8.339623e-02
1.216884e-01;1.152325e-01;8.045209e-02;1.124677e-01;9.404080e-02;7.804485e-02;8.423451e-02;4.749082e-02;4.814816e-02;2.645638e-02;6.726082e-02;1.244831e-01
2.390020e-02;1.326135e-01;6.723509e-02;2.889680e-01;5.581705e-02;6.274872e-02;2.817561e-02;8.301709e-02;3.317822e-02;1.832142e-02;1.183776e-01;8.764744e-02
2.908652e-02;8.473219e-02;7.795486e-02;4.207910e-01;1.754515e-02;6.273294e-02;2.219944e-02;7.472022e-02;3.973405e-02;2.452842e-02;1.250395e-01;2.093563e-02
3.563334e-02;3.111063e-02;1.312248e-01;3.922267e-01;2.037387e-02;4.981972e-02;3.207527e-02;3.220681e-02;8.762653e-02;4.567290e-02;9.919338e-02;4.283605e-02
3.727547e-02;2.105592e-02;1.273558e-01;2.772263e-01;2.045853e-02;1.089635e-01;3.055410e-02;4.463515e-02;1.100577e-01;5.166008e-02;1.223986e-01;4.835892e-02
2.436018e-02;2.457674e-02;7.767282e-02;3.397520e-01;1.835893e-02;1.622204e-01;1.893928e-02;7.718159e-02;5.813305e-02;2.608912e-02;1.550835e-01;1.763229e-02
1.317155e-02;4.090808e-02;4.301352e-02;3.239576e-01;2.800038e-02;1.449695e-01;2.152307e-02;9.647802e-02;2.043725e-02;2.399876e-02;2.188154e-01;2.472686e-02
8.969871e-03;4.535470e-02;4.982987e-02;2.309023e-01;6.211085e-02;7.078170e-02;7.252987e-02;7.460950e-02;2.439345e-02;6.734136e-02;2.408933e-01;5.228329e-02
9.975616e-03;2.537123e-02;6.295193e-02;2.108195e-01;9.618532e-02;6.411679e-02;1.492096e-01;4.001743e-02;4.137876e-02;7.483136e-02;1.210727e-01;1.040697e-01
1.562301e-02;1.221503e-02;7.524444e-02;2.272799e-01;1.240226e-01;7.016241e-02;1.917087e-01;2.300397e-02;3.693769e-02;3.872134e-02;6.068074e-02;1.244002e-01
1.738030e-02;2.026324e-02;1.276653e-01;2.277640e-01;1.242561e-01;8.152603e-02;1.567946e-01;2.486927e-02;2.939032e-02;2.569198e-02;6.763570e-02;9.676313e-02
3.094854e-02;4.433141e-02;2.002497e-01;2.361804e-01;1.234948e-01;8.174625e-02;8.643925e-02;3.396793e-02;2.867216e-02;2.730073e-02;2.725410e-02;7.941475e-02
4.214678e-02;5.827571e-02;1.994843e-01;2.167049e-01;1.400336e-01;7.762038e-02;4.914804e-02;3.396886e-02;2.626174e-02;1.750119e-02;5.900895e-02;7.984559e-02
4.064164e-02;4.530778e-02;1.788528e-01;1.785894e-01;1.642811e-01;8.455458e-02;8.094689e-02;3.293941e-02;2.375986e-02;2.631124e-02;5.123349e-02;9.258175e-02
4.356771e-02;4.603909e-02;2.157947e-01;1.395632e-01;1.350077e-01;8.710029e-02;1.117147e-01;2.114205e-02;1.910435e-02;3.820564e-02;5.086410e-02;9.189652e-02
6.233227e-02;6.248545e-02;3.248041e-01;1.200645e-01;5.985175e-02;6.822985e-02;9.154336e-02;3.363430e-02;2.280319e-02;3.961929e-02;3.716790e-02;7.746391e-02
4.953543e-02;5.074412e-02;3.869216e-01;1.199450e-01;6.542513e-02;5.425278e-02;7.927618e-02;3.430459e-02;2.334891e-02;4.287293e-02;5.582165e-02;3.755170e-02
3.777848e-02;5.992524e-02;3.237617e-01;1.614891e-01;7.677200e-02;5.292713e-02;9.259075e-02;2.723670e-02;3.033573e-02;4.283051e-02;7.989827e-02;1.445444e-02
5.088982e-02;8.020644e-02;1.748164e-01;1.926688e-01;1.280164e-01;5.241822e-02;8.246642e-02;3.279972e-02;4.323207e-02;3.101783e-02;8.281343e-02;4.865443e-02
4.643555e-02;4.554482e-02;1.697475e-01;1.959013e-01;1.390974e-01;4.543727e-02;8.600768e-02;5.896157e-02;4.184095e-02;2.812357e-02;7.137867e-02;7.152367e-02
3.756427e-02;3.246716e-02;2.234769e-01;1.778255e-01;8.546531e-02;4.910033e-02;1.215324e-01;5.495586e-02;4.048701e-02;3.952498e-02;6.508709e-02;7.251312e-02
3.978172e-02;5.170597e-02;2.625556e-01;1.639063e-01;6.533810e-02;6.388628e-02;1.264026e-01;4.169404e-02;3.794591e-02;4.223144e-02;5.345868e-02;5.109339e-02
3.852900e-02;8.233280e-02;3.610535e-01;1.168011e-01;6.587163e-02;4.112880e-02;1.093703e-01;3.957044e-02;3.678520e-02;4.039499e-02;4.270730e-02;2.545504e-02
2.974824e-02;1.104846e-01;4.376836e-01;1.107846e-01;4.756153e-02;2.219516e-02;7.504725e-02;3.215093e-02;5.095306e-02;3.188470e-02;3.617518e-02;1.533118e-02
3.621535e-02;9.985550e-02;4.656958e-01;8.764554e-02;5.410178e-02;5.081860e-02;5.167035e-02;2.061319e-02;5.441225e-02;3.388017e-02;3.526694e-02;9.824530e-03
1.758841e-02;4.468205e-02;5.342900e-01;7.183859e-02;7.218292e-02;5.193579e-02;8.034787e-02;1.149240e-02;3.574428e-02;2.772508e-02;3.795426e-02;1.421841e-02
1.142707e-02;1.924582e-02;5.606478e-01;1.073820e-01;8.372220e-02;3.504645e-02;8.757909e-02;1.484612e-02;1.778500e-02;2.404644e-02;3.121533e-02;7.056693e-03
1.336332e-02;1.825163e-02;5.314057e-01;1.413803e-01;1.031286e-01;3.524715e-02;6.614097e-02;2.120058e-02;8.876974e-03;2.128686e-02;3.340044e-02;6.317470e-03
1.224896e-02;1.758373e-02;5.060991e-01;1.675649e-01;1.303267e-01;4.630874e-02;4.769591e-02;2.214936e-02;3.719727e-03;1.193795e-02;2.796509e-02;6.399786e-03
7.426704e-03;1.513229e-02;5.203148e-01;1.697941e-01;1.401761e-01;4.326424e-02;3.082564e-02;2.592721e-02;5.227588e-03;1.409789e-02;2.203764e-02;5.775823e-03
4.503344e-03;1.318224e-02;5.542929e-01;1.464020e-01;1.285134e-01;3.339593e-02;1.853832e-02;3.192205e-02;6.400602e-03;2.338419e-02;3.676944e-02;2.695570e-03
2.422367e-03;9.575929e-03;5.901632e-01;1.225781e-01;1.198140e-01;3.125767e-02;1.872878e-02;3.009449e-02;6.855545e-03;1.860270e-02;4.530785e-02;4.599335e-03
2.266749e-03;8.211636e-03;6.246271e-01;1.168272e-01;1.127892e-01;3.258272e-02;2.214444e-02;2.259655e-02;3.871943e-03;6.010255e-03;4.232380e-02;5.748567e-03
3.610432e-03;8.910821e-03;6.567442e-01;1.148752e-01;1.047084e-01;2.705888e-02;1.590633e-02;1.237323e-02;3.268200e-03;1.135581e-02;3.545723e-02;5.731273e-03
3.548493e-03;8.988981e-03;6.734632e-01;1.181550e-01;9.938648e-02;2.427419e-02;1.763210e-02;8.693430e-03;2.866083e-03;1.053332e-02;2.953898e-02;2.919738e-03
2.631300e-03;8.163814e-03;6.646542e-01;1.332055e-01;9.734078e-02;2.427215e-02;1.747794e-02;1.336018e-02;1.950605e-03;7.383525e-03;2.772561e-02;1.834403e-03
1.429727e-03;6.576667e-03;6.489035e-01;1.505354e-01;1.028162e-01;2.423571e-02;1.121975e-02;1.683985e-02;1.668097e-03;5.480853e-03;2.899574e-02;1.298449e-03
3.934334e-03;8.708969e-03;6.056035e-01;1.537450e-01;1.089653e-01;2.541007e-02;2.549440e-02;2.344688e-02;3.650324e-03;7.446157e-03;2.840883e-02;5.186296e-03
1.118410e-02;2.092676e-02;5.050018e-01;1.404096e-01;1.369910e-01;4.311876e-02;4.694767e-02;2.800416e-02;1.356031e-02;1.417819e-02;2.268622e-02;1.699133e-02
1.443183e-02;3.396215e-02;3.185140e-01;9.697221e-02;1.777931e-01;8.647258e-02;1.585452e-01;2.735934e-02;1.442299e-02;1.530370e-02;2.067384e-02;3.554902e-02
3.630115e-02;3.322700e-02;1.645115e-01;4.653033e-02;1.578987e-01;1.335128e-01;2.984590e-01;2.498417e-02;1.331873e-02;2.011481e-02;2.623696e-02;4.490497e-02
6.675629e-02;2.818020e-02;8.457807e-02;2.549608e-02;1.077805e-01;1.797762e-01;4.195401e-01;1.348744e-02;1.288468e-02;1.782787e-02;1.772741e-02;2.596508e-02
6.393427e-02;5.459375e-02;5.972793e-02;1.747760e-02;7.507224e-02;1.653368e-01;5.148596e-01;1.555960e-02;5.250513e-03;8.401301e-03;1.040242e-02;9.384035e-03
3.794915e-02;1.138794e-01;4.528088e-02;8.318188e-03;4.210775e-02;8.741231e-02;6.051611e-01;3.557947e-02;7.067543e-03;5.378188e-03;7.538557e-03;4.327542e-03
1.797543e-02;1.497173e-01;3.969359e-02;4.960511e-03;8.171119e-03;2.512154e-02;6.518864e-01;7.708886e-02;7.730118e-03;2.819348e-03;1.214032e-02;2.695445e-03
9.297738e-03;1.168108e-01;4.219961e-02;6.318414e-03;1.342424e-02;3.415013e-02;6.201070e-01;1.251670e-01;1.066896e-02;6.049094e-03;1.216966e-02;3.637379e-03
8.470405e-03;7.554142e-02;6.967612e-02;4.751503e-03;6.932318e-03;2.373924e-02;5.804121e-01;2.014788e-01;9.824018e-03;4.941672e-03;9.815676e-03;4.416784e-03
5.908567e-03;5.379418e-02;1.316262e-01;7.377367e-03;6.990517e-03;1.510921e-02;4.686106e-01;2.854950e-01;9.986395e-03;5.890935e-03;3.200818e-03;6.010185e-03
6.666530e-03;3.032081e-02;1.760783e-01;4.043469e-03;5.359324e-03;7.331704e-03;3.888341e-01;3.443073e-01;1.833782e-02;7.272440e-03;1.631678e-03;9.816499e-03
4.445058e-03;1.326408e-02;1.964298e-01;4.420739e-03;7.417457e-03;7.614942e-03;3.535429e-01;3.623141e-01;2.540568e-02;1.000968e-02;1.960828e-03;1.317477e-02
4.977516e-03;1.159735e-02;2.062424e-01;5.545347e-03;7.048305e-03;9.925443e-03;3.245171e-01;3.626701e-01;3.539646e-02;1.048435e-02;2.278993e-03;1.931662e-02
8.686082e-03;1.333330e-02;2.196931e-01;4.749117e-03;3.845014e-03;7.804646e-03;2.606554e-01;3.434383e-01;8.915048e-02;1.831910e-02;4.318664e-03;2.600680e-02
7.259113e-03;1.106686e-02;2.162420e-01;5.564207e-03;3.228074e-03;9.375404e-03;2.374617e-01;2.976858e-01;1.585094e-01;2.102802e-02;3.742376e-03;2.883704e-02
4.086183e-03;7.025863e-03;2.149854e-01;1.337457e-02;5.635346e-03;1.039049e-02;2.464649e-01;2.574689e-01;1.790677e-01;2.807153e-02;4.444940e-03;2.898407e-02
3.547118e-03;8.761691e-03;2.025942e-01;4.933595e-02;1.109395e-02;1.742157e-02;2.829081e-01;2.043002e-01;1.417906e-01;3.657158e-02;9.542572e-03;3.213258e-02
8.935953e-03;8.795886e-03;1.282838e-01;1.991836e-01;1.906682e-02;1.491025e-02;2.410624e-01;1.430298e-01;1.647847e-01;3.648471e-02;1.101147e-02;2.445057e-02
1.748666e-02;7.672701e-03;3.181571e-02;3.876464e-01;6.283813e-02;1.528481e-02;1.128884e-01;1.079540e-01;2.020189e-01;3.123927e-02;7.465014e-03;1.569000e-02
3.999931e-02;7.107946e-03;2.846468e-02;3.525317e-01;9.016033e-02;2.987759e-02;7.091592e-02;6.100601e-02;2.502624e-01;5.157066e-02;7.439520e-03;1.066391e-02
6.652301e-02;1.261158e-02;2.780169e-02;2.184497e-01;5.835502e-02;4.243002e-02;8.037186e-02;4.351309e-02;2.660555e-01;1.451492e-01;2.813527e-02;1.060402e-02
7.796706e-02;5.302789e-02;2.701282e-02;7.745564e-02;2.971969e-02;2.891737e-02;8.515291e-02;4.610408e-02;1.878952e-01;2.923011e-01;7.538541e-02;1.906085e-02
6.649224e-02;1.600934e-01;2.591419e-02;6.279117e-02;1.121734e-01;1.844517e-02;6.156549e-02;3.594789e-02;6.981787e-02;2.756826e-01;8.523105e-02;2.584551e-02
4.023657e-02;1.959826e-01;3.065341e-02;5.687841e-02;2.128427e-01;2.706870e-02;3.552682e-02;5.443367e-02;4.335812e-02;2.377668e-01;5.028934e-02;1.496282e-02
2.314667e-02;1.659737e-01;3.225407e-02;4.799313e-02;2.046168e-01;5.433857e-02;2.157944e-02;8.495091e-02;5.929385e-02;2.480824e-01;4.872120e-02;9.049283e-03
1.901799e-02;1.211454e-01;2.822825e-02;5.388101e-02;1.312532e-01;1.116642e-01;2.341525e-02;9.623012e-02;5.998309e-02;2.367929e-01;1.054945e-01;1.289409e-02
2.690573e-02;7.170530e-02;2.229623e-02;2.675718e-02;8.305583e-02;1.402180e-01;2.121570e-02;5.982683e-02;5.800677e-02;2.672825e-01;2.044612e-01;1.826868e-02
2.604015e-02;3.046461e-02;2.808940e-02;3.159311e-02;1.193752e-01;6.614832e-02;2.331074e-02;9.414573e-02;5.316567e-02;3.309826e-01;1.808209e-01;1.586352e-02
1.604610e-02;3.195306e-02;2.111598e-02;3.653700e-02;1.002425e-01;3.227372e-02;3.246580e-02;9.195166e-02;6.349070e-02;4.238461e-01;1.384642e-01;1.161312e-02
1.595076e-02;2.617867e-02;1.873841e-02;4.493560e-02;5.393349e-02;2.679136e-02;1.045548e-01;1.036551e-01;1.142718e-01;3.871468e-01;8.939134e-02;1.445192e-02
2.092491e-02;2.256999e-02;3.336860e-02;6.449711e-02;6.171072e-02;3.916511e-02;2.303050e-01;1.288877e-01;1.350437e-01;2.260979e-01;2.712714e-02;1.030209e-02
1.705842e-02;2.408829e-02;3.720968e-02;6.632061e-02;7.284660e-02;4.279516e-02;3.141916e-01;1.233046e-01;9.070696e-02;1.618720e-01;3.493166e-02;1.467446e-02
3.051805e-02;3.768494e-02;6.075431e-02;4.383657e-02;7.977437e-02;5.204272e-02;3.554332e-01;9.693272e-02;6.603481e-02;1.104139e-01;4.801691e-02;1.855757e-02
5.699020e-02;7.235226e-02;7.923312e-02;4.192564e-02;7.280438e-02;5.044127e-02;2.692901e-01;9.110671e-02;8.126085e-02;1.153010e-01;5.010134e-02;1.919305e-02
1.047443e-01;1.026971e-01;9.156780e-02;7.671910e-02;6.877676e-02;5.634755e-02;1.177415e-01;1.049149e-01;7.165898e-02;1.241373e-01;5.163409e-02;2.906061e-02
1.219379e-01;6.931703e-02;8.501476e-02;1.094308e-01;6.337544e-02;7.180384e-02;1.102708e-01;9.999996e-02;6.701346e-02;1.230772e-01;3.858273e-02;4.017621e-02
6.915160e-02;4.628612e-02;1.095534e-01;1.014796e-01;1.338373e-01;8.050688e-02;1.132770e-01;5.593082e-02;7.096714e-02;1.291070e-01;5.024062e-02;3.966253e-02
1.226206e-01;9.925109e-02;1.348332e-01;8.526169e-02;1.163487e-01;6.892363e-02;4.797963e-02;7.093188e-02;3.513521e-02;9.576524e-02;6.333561e-02;5.961354e-02
1.793678e-01;1.519719e-01;9.156393e-02;5.584653e-02;7.471397e-02;3.304194e-02;5.722900e-02;4.410203e-02;5.003602e-02;1.305178e-01;6.850368e-02;6.310546e-02
1.988517e-01;1.733293e-01;6.373636e-02;4.458683e-02;6.389730e-02;1.747268e-02;2.845035e-02;3.949703e-02;8.145361e-02;1.484864e-01;7.758260e-02;6.265591e-02
1.314965e-01;1.169976e-01;6.281570e-02;4.813986e-02;4.261190e-02;1.816325e-02;1.786185e-01;6.820041e-02;9.250948e-02;1.247787e-01;6.805941e-02;4.760880e-02
5.036175e-02;4.894442e-02;4.422999e-02;3.960327e-02;3.385945e-02;4.869638e-02;4.444101e-01;9.394119e-02;6.519639e-02;6.203993e-02;4.439281e-02;2.432434e-02
2.928803e-02;2.467347e-02;3.444570e-02;2.468799e-02;6.798308e-02;9.381679e-02;5.189247e-01;6.495516e-02;4.410521e-02;5.262841e-02;2.529063e-02;1.920086e-02
3.896178e-02;1.879530e-02;3.158722e-02;2.571729e-02;1.015023e-01;1.491129e-01;4.588391e-01;3.551977e-02;3.222179e-02;6.308602e-02;1.585733e-02;2.879917e-02
3.354198e-02;1.970342e-02;2.622235e-02;2.261371e-02;1.029258e-01;1.593057e-01;4.867795e-01;2.449536e-02;2.918099e-02;6.047119e-02;1.116178e-02;2.359817e-02
3.195498e-02;1.601791e-02;2.219263e-02;2.176842e-02;9.427679e-02;1.255863e-01;5.679112e-01;2.682812e-02;2.529572e-02;4.064642e-02;1.295538e-02;1.456618e-02
4.878107e-02;2.590115e-02;3.236732e-02;1.782899e-02;6.162149e-02;6.599107e-02;4.991209e-01;7.305206e-02;5.379685e-02;6.316238e-02;3.591838e-02;2.245837e-02
7.360090e-02;3.295851e-02;4.697507e-02;8.829908e-02;2.062008e-02;1.954296e-02;1.986018e-01;5.620129e-02;1.619250e-01;1.734928e-01;9.327506e-02;3.450748e-02
7.222951e-02;2.176966e-02;4.009250e-02;1.627741e-01;5.702659e-03;9.879312e-03;7.233075e-02;1.128049e-02;2.529889e-01;2.051364e-01;1.058569e-01;3.995877e-02
7.274098e-02;1.052662e-02;3.216935e-02;2.429314e-01;1.733412e-02;6.530437e-03;3.794184e-02;3.077461e-02;2.991603e-01;1.497707e-01;6.702936e-02;3.309033e-02
9.306343e-02;8.331389e-03;2.089732e-02;3.748919e-01;1.821264e-02;4.738613e-03;2.124288e-02;2.688653e-02;2.999624e-01;7.301763e-02;2.574068e-02;3.301466e-02
1.424364e-01;2.706183e-02;1.626172e-02;4.529788e-01;1.195627e-02;7.788081e-03;2.068871e-02;1.768835e-02;2.376927e-01;2.020957e-02;1.614152e-02;2.909601e-02
1.975583e-01;4.658835e-02;2.842344e-02;3.903153e-01;2.517055e-02;1.538606e-02;1.700997e-02;1.833321e-02;1.970582e-01;2.284630e-02;1.402303e-02;2.728720e-02
2.852946e-01;3.958307e-02;3.196076e-02;2.974399e-01;3.307682e-02;1.790724e-02;2.331512e-02;1.073132e-02;1.851035e-01;3.271140e-02;1.995742e-02;2.291875e-02
3.309910e-01;4.637429e-02;3.351973e-02;2.540024e-01;2.189468e-02;2.120531e-02;3.072664e-02;5.988421e-03;1.774963e-01;4.083772e-02;1.402531e-02;2.293828e-02
2.755702e-01;5.157348e-02;2.041626e-02;2.832335e-01;6.524086e-02;2.403157e-02;3.912698e-02;6.390810e-03;1.454951e-01;5.612939e-02;1.308005e-02;1.971186e-02
1.957471e-01;7.071767e-02;4.992771e-02;2.469610e-01;6.696775e-02;2.091711e-02;4.694611e-02;8.875260e-03;1.884253e-01;7.161844e-02;2.376113e-02;9.135452e-03
1.409786e-01;8.412796e-02;8.820412e-02;1.491598e-01;8.817763e-02;2.032082e-02;3.674100e-02;1.500166e-02;2.319728e-01;1.004928e-01;2.876955e-02;1.605334e-02
1.205433e-01;7.863623e-02;7.053474e-02;2.064920e-01;9.848565e-02;1.668214e-02;3.457449e-02;9.057262e-03;2.348649e-01;9.898876e-02;1.842088e-02;1.271961e-02
2.182269e-01;3.257344e-02;4.159808e-02;2.567771e-01;4.369624e-02;8.742114e-03;3.928915e-02;1.782308e-02;2.761577e-01;4.950851e-02;7.895740e-03;7.711947e-03
1.921627e-01;1.621248e-02;6.342642e-02;2.541850e-01;1.331890e-02;1.265146e-02;5.425058e-02;7.602855e-02;2.467875e-01;3.540416e-02;3.783857e-03;3.178850e-02
8.718384e-02;1.470884e-02;1.441223e-01;1.549737e-01;2.166979e-02;3.459350e-02;1.268259e-01;1.602366e-01;1.420743e-01;2.553900e-02;6.504697e-03;8.156756e-02
1.898824e-02;3.468022e-02;1.910910e-01;6.841283e-02;2.430282e-02;4.503106e-02;2.298552e-01;1.560521e-01;9.120185e-02;1.755679e-02;2.185700e-02;1.009709e-01
3.517443e-02;1.128646e-01;1.187387e-01;5.119800e-02;1.873401e-02;3.391821e-02;3.294361e-01;6.544631e-02;7.182230e-02;3.249468e-02;6.663398e-02;6.353870e-02
3.860410e-02;1.588463e-01;3.987985e-02;6.302643e-02;3.845849e-02;5.326051e-02;3.560703e-01;3.925350e-02;3.274941e-02;6.924555e-02;9.511723e-02;1.548825e-02
4.775875e-02;1.120065e-01;3.385311e-02;7.882996e-02;4.576538e-02;9.772325e-02;3.168671e-01;1.914390e-02;4.137007e-02;1.206828e-01;6.365061e-02;2.234860e-02
9.479647e-02;5.309919e-02;4.462339e-02;5.993151e-02;7.789001e-02;1.427180e-01;2.625225e-01;1.997295e-02;5.850718e-02;1.316942e-01;2.774458e-02;2.649999e-02
1.012268e-01;2.471638e-02;5.243229e-02;8.938875e-02;1.610170e-01;1.533492e-01;1.971660e-01;2.791588e-02;5.992077e-02;7.298144e-02;1.109878e-02;4.878666e-02
5.501586e-02;1.975576e-02;9.039768e-02;1.071066e-01;1.868788e-01;1.450549e-01;1.626056e-01;1.774010e-02;4.142987e-02;2.072013e-02;1.797934e-02;1.353154e-01
3.332181e-02;1.833145e-02;9.517932e-02;5.231962e-02;1.818905e-01;1.188761e-01;1.338108e-01;1.764544e-02;1.874510e-02;1.830096e-02;4.467074e-02;2.669081e-01
2.061746e-02;1.788574e-02;7.411206e-02;6.450942e-02;1.571692e-01;8.647832e-02;9.018815e-02;1.164141e-02;2.184924e-02;1.710364e-02;9.453104e-02;3.439143e-01
1.110725e-02;1.448582e-02;6.975400e-02;6.358022e-02;1.620793e-01;7.269584e-02;7.540105e-02;1.209817e-02;1.642209e-02;1.630180e-02;1.192173e-01;3.668573e-01
1.471535e-02;1.127825e-02;9.427456e-02;6.021596e-02;1.906310e-01;6.669599e-02;8.712886e-02;1.279854e-02;1.766150e-02;1.171027e-02;7.488017e-02;3.580095e-01
1.811575e-02;9.028113e-03;1.230901e-01;9.601904e-02;2.187299e-01;7.181899e-02;4.859113e-02;9.319387e-03;2.004469e-02;2.040312e-02;2.666868e-02;3.381711e-01
1.646681e-02;1.014759e-02;1.314450e-01;1.144418e-01;2.143820e-01;6.302758e-02;5.054362e-02;8.240134e-03;1.042221e-02;2.708180e-02;5.974917e-02;2.940523e-01
1.300992e-02;1.018860e-02;1.417213e-01;1.056475e-01;2.315961e-01;6.793593e-02;5.099317e-02;7.005882e-03;9.729325e-03;1.890944e-02;3.957514e-02;3.036877e-01
1.714836e-02;1.093633e-02;1.389985e-01;8.129377e-02;2.468072e-01;7.604029e-02;4.332425e-02;5.042366e-03;1.881857e-02;8.851822e-03;1.197735e-02;3.407612e-01
9.774922e-03;1.383466e-02;1.231346e-01;7.407681e-02;2.418048e-01;7.424656e-02;4.655866e-02;9.268497e-03;2.440449e-02;1.432625e-02;2.730045e-02;3.412693e-01
1.170869e-02;1.188221e-02;1.019011e-01;6.435037e-02;2.440491e-01;7.322776e-02;4.290522e-02;9.974660e-03;2.671881e-02;1.188009e-02;2.354360e-02;3.778584e-01
1.492047e-02;1.022105e-02;9.020621e-02;4.600416e-02;2.311803e-01;7.919782e-02;5.896501e-02;9.315969e-03;2.554964e-02;8.270266e-03;2.014292e-02;4.060262e-01
8.790325e-02;1.007133e-02;6.999866e-02;3.512614e-02;2.183476e-01;8.453240e-02;5.779376e-02;7.479074e-03;3.012549e-02;9.541919e-03;8.395776e-03;3.806846e-01
2.852996e-01;3.496028e-02;5.398951e-02;2.294560e-02;1.648552e-01;8.786352e-02;6.818742e-02;4.498448e-03;2.121537e-02;8.661972e-03;1.029063e-02;2.372324e-01
3.946592e-01;1.008642e-01;5.052165e-02;1.866176e-02;1.084674e-01;1.005771e-01;1.049959e-01;4.665877e-03;8.253792e-03;1.052759e-02;6.884110e-03;9.092145e-02
3.242664e-01;1.206939e-01;6.973094e-02;1.641946e-02;8.027679e-02;1.245517e-01;1.921503e-01;1.151957e-02;4.270209e-03;2.743799e-02;4.285885e-03;2.439695e-02
1.619144e-01;7.146191e-02;6.491668e-02;2.403430e-02;6.674893e-02;1.190020e-01;3.704379e-01;3.583351e-02;1.324514e-02;4.319280e-02;1.660497e-02;1.260742e-02
6.754196e-02;8.433778e-02;3.335664e-02;1.486220e-02;4.644278e-02;6.776845e-02;4.626394e-01;6.910995e-02;2.922233e-02;3.529460e-02;3.685542e-02;5.256849e-02
5.309555e-02;7.053188e-02;6.231941e-02;7.966587e-03;2.939946e-02;2.767476e-02;4.080606e-01;9.375257e-02;3.032261e-02;4.027774e-02;4.330507e-02;1.332938e-01
5.952413e-02;3.027771e-02;1.135396e-01;3.863277e-02;1.783733e-02;4.501952e-02;3.020990e-01;1.166561e-01;3.054901e-02;5.853886e-02;2.538943e-02;1.619365e-01
5.083617e-02;3.598699e-02;1.014934e-01;1.223949e-01;1.086088e-02;4.598117e-02;2.953081e-01;1.116436e-01;3.812873e-02;6.115563e-02;1.833043e-02;1.078800e-01
3.002462e-02;2.615822e-02;3.955407e-02;1.806305e-01;2.000241e-02;4.494318e-02;3.957173e-01;9.034224e-02;4.906571e-02;6.614818e-02;2.285858e-02;3.455504e-02
2.117545e-02;1.444219e-02;4.240550e-02;8.175338e-02;2.902475e-02;6.959656e-02;4.893755e-01;1.096613e-01;4.013743e-02;4.885494e-02;1.308098e-02;4.049207e-02
2.065221e-02;1.458747e-02;3.516644e-02;2.025068e-02;3.244193e-02;5.753487e-02;6.269621e-01;9.591229e-02;2.810912e-02;2.906786e-02;6.477017e-03;3.283797e-02
1.391409e-02;2.260203e-02;1.974683e-02;1.548068e-02;4.738944e-02;4.634663e-02;7.003521e-01;5.452926e-02;3.002458e-02;2.234447e-02;5.353512e-03;2.191638e-02
1.813919e-02;2.413212e-02;2.482293e-02;3.733377e-02;5.233453e-02;7.639546e-02;6.477841e-01;3.716204e-02;2.725879e-02;2.784468e-02;5.240002e-03;2.155246e-02
2.707103e-02;1.761071e-02;5.288038e-02;6.476809e-02;7.441442e-02;1.292289e-01;5.270181e-01;3.882749e-02;1.481961e-02;2.093412e-02;9.374885e-03;2.305230e-02
2.855790e-02;1.508515e-02;1.231610e-01;5.035273e-02;9.791957e-02;1.529828e-01;4.404455e-01;2.997850e-02;1.392830e-02;1.343671e-02;1.186160e-02;2.229027e-02
2.929772e-02;2.687586e-02;1.540668e-01;2.971110e-02;1.168808e-01;1.358887e-01;3.689133e-01;2.694827e-02;2.395492e-02;1.968093e-02;1.194520e-02;5.583637e-02
3.051577e-02;2.901492e-02;1.564696e-01;2.851514e-02;1.641429e-01;1.229135e-01;2.379659e-01;2.344342e-02;3.259068e-02;1.609050e-02;1.588831e-02;1.424493e-01
1.844746e-02;2.237091e-02;1.652620e-01;6.000140e-02;1.944943e-01;9.749399e-02;1.650459e-01;2.799606e-02;3.705170e-02;1.826491e-02;2.988525e-02;1.636861e-01
2.002585e-02;3.430281e-02;2.540001e-01;1.227693e-01;1.405396e-01;6.636238e-02;1.256200e-01;4.831065e-02;2.428462e-02;2.596753e-02;6.215361e-02;7.566361e-02
3.114127e-02;6.297229e-02;4.221959e-01;1.120789e-01;5.417034e-02;4.030447e-02;8.115789e-02;3.452033e-02;2.099590e-02;5.131156e-02;5.790816e-02;3.124296e-02
3.672357e-02;1.207932e-01;4.636259e-01;5.035739e-02;1.926439e-02;5.105450e-02;9.364787e-02;1.629654e-02;4.146326e-02;5.445857e-02;2.159546e-02;3.071934e-02
1.235223e-01;2.046536e-01;3.557952e-01;1.978589e-02;3.272223e-02;6.162429e-02;6.643201e-02;2.401545e-02;5.669562e-02;2.888482e-02;5.268032e-03;2.060048e-02
2.746504e-01;2.347005e-01;1.796383e-01;3.044129e-02;4.126347e-02;4.643889e-02;5.470041e-02;3.631469e-02;4.168370e-02;1.753122e-02;6.907397e-03;3.572968e-02
3.403630e-01;1.551235e-01;1.015332e-01;6.223545e-02;3.453543e-02;3.623968e-02;9.060068e-02;4.064408e-02;2.525685e-02;1.766355e-02;1.898485e-02;7.681970e-02
2.700974e-01;4.426815e-02;1.564631e-01;7.767243e-02;2.098802e-02;6.421357e-02;1.085654e-01;3.147754e-02;3.621899e-02;2.497043e-02;6.435393e-02;1.007111e-01
1.938057e-01;1.002195e-01;1.733312e-01;4.173716e-02;2.665713e-02;1.061698e-01;7.166986e-02;3.047122e-02;3.441631e-02;4.869978e-02;1.109086e-01;6.191360e-02
1.487278e-01;1.450284e-01;1.377922e-01;3.147931e-02;4.212191e-02;1.336705e-01;5.787871e-02;2.677544e-02;2.070307e-02;6.803983e-02;1.559094e-01;3.187341e-02
7.430714e-02;1.330775e-01;1.564994e-01;3.803263e-02;4.544701e-02;1.186409e-01;8.464809e-02;2.692773e-02;3.310733e-02;8.960363e-02;1.580160e-01;4.169273e-02
9.389431e-02;1.039526e-01;2.003573e-01;2.901639e-02;5.226731e-02;9.124867e-02;1.073118e-01;3.566559e-02;5.182964e-02;8.377130e-02;1.221021e-01;2.858299e-02
1.510061e-01;1.081762e-01;2.208403e-01;4.073859e-02;6.283207e-02;7.380714e-02;8.198310e-02;4.224799e-02;3.451935e-02;6.070817e-02;8.860496e-02;3.453599e-02
1.423514e-01;1.372106e-01;2.143085e-01;5.379687e-02;7.083455e-02;6.791965e-02;8.092630e-02;3.578098e-02;2.192720e-02;4.982205e-02;6.964974e-02;5.547218e-02
8.029550e-02;1.386812e-01;2.457463e-01;5.440002e-02;6.519233e-02;7.828876e-02;7.814550e-02;3.193727e-02;3.955517e-02;5.485107e-02;7.807906e-02;5.482780e-02
9.113885e-02;1.180141e-01;1.905846e-01;5.156460e-02;5.025613e-02;8.262030e-02;1.488506e-01;3.269354e-02;4.895969e-02;7.186171e-02;8.011969e-02;3.333618e-02
1.835990e-01;1.177068e-01;1.504369e-01;2.908361e-02;6.265921e-02;7.757357e-02;1.318165e-01;3.482583e-02;3.648197e-02;6.368845e-02;5.145087e-02;6.067727e-02
2.221668e-01;1.018638e-01;1.609851e-01;4.748542e-02;4.607620e-02;8.481012e-02;7.489789e-02;3.104043e-02;6.260650e-02;4.577396e-02;4.190206e-02;8.039170e-02
1.953999e-01;9.692396e-02;1.370982e-01;6.039341e-02;7.367899e-02;8.202790e-02;6.499533e-02;3.001603e-02;8.300000e-02;4.827344e-02;4.438002e-02;8.381280e-02
1.510860e-01;7.476284e-02;1.366307e-01;5.397139e-02;8.390687e-02;7.991856e-02;1.334398e-01;2.778495e-02;7.205798e-02;5.340084e-02;5.238975e-02;8.065031e-02
1.327742e-01;8.925205e-02;1.079457e-01;5.441264e-02;5.535145e-02;9.343950e-02;1.683154e-01;3.652184e-02;7.803527e-02;6.060719e-02;5.970241e-02;6.364239e-02
7.815015e-02;1.028091e-01;1.054534e-01;8.730084e-02;5.567605e-02;8.580036e-02;1.641712e-01;4.275865e-02;7.669670e-02;7.369272e-02;6.763640e-02;5.985443e-02
1.392679e-01;8.325655e-02;1.431433e-01;1.022811e-01;6.865840e-02;1.000848e-01;1.151483e-01;4.653984e-02;3.565313e-02;5.350072e-02;5.254776e-02;5.991829e-02
1.601987e-01;4.049542e-02;1.530681e-01;9.333442e-02;6.533479e-02;1.169555e-01;7.038423e-02;7.768078e-02;4.377972e-02;6.808461e-02;4.744465e-02;6.323917e-02
1.563834e-01;6.435435e-02;1.295039e-01;6.963380e-02;8.718381e-02;1.211590e-01;7.084990e-02;7.634686e-02;6.431520e-02;9.361622e-02;3.174208e-02;3.491150e-02
1.700638e-01;9.776598e-02;1.443746e-01;5.770020e-02;9.345937e-02;8.982157e-02;8.630499e-02;6.416083e-02;3.750826e-02;7.031107e-02;5.177465e-02;3.675474e-02
