7.861754e-02;1.291641e-01;1.671135e-01;9.602743e-02;1.702108e-01;7.303683e-02;1.075626e-01;2.999836e-02;3.153479e-02;2.826368e-02;2.882073e-02;5.964971e-02
1.054205e-01;7.612077e-02;1.535863e-01;8.012779e-02;1.025589e-01;6.785110e-02;1.077901e-01;4.619030e-02;5.905075e-02;5.436131e-02;6.115484e-02;8.578742e-02
1.029751e-01;3.824038e-02;1.733675e-01;6.395607e-02;7.286190e-02;7.176463e-02;7.728177e-02;5.402072e-02;9.694961e-02;7.104310e-02;9.867342e-02;7.886589e-02
8.547140e-02;4.600973e-02;1.387762e-01;1.018322e-01;8.590888e-02;9.065624e-02;9.489837e-02;3.813932e-02;7.567508e-02;8.353911e-02;1.202314e-01;3.886211e-02
9.239065e-02;7.250854e-02;1.191216e-01;8.052245e-02;4.774220e-02;8.630182e-02;7.344279e-02;1.014858e-01;1.018009e-01;7.461592e-02;9.066724e-02;5.940014e-02
8.211125e-02;8.566602e-02;1.157990e-01;6.300511e-02;3.667558e-02;6.784905e-02;8.002897e-02;8.849350e-02;1.051209e-01;7.415141e-02;1.080563e-01;9.304290e-02
6.076809e-02;8.635973e-02;1.219736e-01;5.573652e-02;2.745001e-02;5.492371e-02;8.970276e-02;7.847625e-02;1.053752e-01;7.535057e-02;1.355670e-01;1.083167e-01
6.264081e-02;9.840978e-02;1.099812e-01;4.437000e-02;2.897389e-02;4.485440e-02;1.018893e-01;6.245004e-02;9.232843e-02;9.366921e-02;1.578267e-01;1.026063e-01
1.191801e-01;1.252631e-01;8.257119e-02;3.189844e-02;3.471380e-02;4.425943e-02;1.061920e-01;5.442873e-02;7.214731e-02;7.812824e-02;1.480298e-01;1.031878e-01
1.414759e-01;1.128172e-01;9.443907e-02;3.861285e-02;3.318948e-02;4.717364e-02;1.002613e-01;6.828401e-02;5.977912e-02;5.053576e-02;1.116339e-01;1.417978e-01
8.747885e-02;1.319271e-01;8.155730e-02;5.583697e-02;2.536032e-02;1.079623e-01;7.163108e-02;9.993581e-02;8.398075e-02;5.652979e-02;5.300033e-02;1.447993e-01
9.991872e-02;1.709840e-01;5.369975e-02;2.987907e-02;3.385375e-02;1.132004e-01;1.228685e-01;8.024157e-02;9.788154e-02;3.748651e-02;9.104650e-02;6.893972e-02
9.008653e-02;1.489108e-01;5.757912e-02;4.628739e-02;3.069145e-02;6.710906e-02;1.351582e-01;8.320672e-02;8.930285e-02;5.263213e-02;1.115653e-01;8.747048e-02
1.108224e-01;1.233488e-01;1.416849e-01;1.027097e-01;4.420497e-02;3.100848e-02;7.432148e-02;8.525264e-02;5.181523e-02;5.697379e-02;7.091350e-02;1.069441e-01
8.826149e-02;1.113650e-01;1.777465e-01;9.469942e-02;9.052894e-02;3.448059e-02;3.918368e-02;5.060053e-02;6.140776e-02;6.327625e-02;8.180227e-02;1.066476e-01
7.733291e-02;9.343629e-02;1.611105e-01;7.005423e-02;1.049769e-01;4.110978e-02;5.294049e-02;5.626110e-02;7.077695e-02;6.894810e-02;9.499725e-02;1.080554e-01
1.048320e-01;9.260570e-02;1.322883e-01;5.080166e-02;1.053544e-01;5.659176e-02;6.120964e-02;7.658212e-02;6.249321e-02;7.442479e-02;8.338263e-02;9.943385e-02
1.713867e-01;9.549320e-02;9.134191e-02;5.810833e-02;8.298178e-02;4.928437e-02;7.589802e-02;1.098160e-01;5.332465e-02;9.560414e-02;4.564002e-02;7.112075e-02
1.310462e-01;5.725244e-02;5.015875e-02;6.903204e-02;5.568819e-02;3.050321e-02;1.117558e-01;1.161873e-01;6.032436e-02;1.301567e-01;4.056210e-02;1.473330e-01
5.937960e-02;4.792394e-02;3.914221e-02;9.224230e-02;3.171138e-02;3.108470e-02;1.606263e-01;7.323809e-02;9.900827e-02;1.006166e-01;3.789103e-02;2.271356e-01
2.052271e-02;3.423558e-02;4.866049e-02;6.492905e-02;3.575144e-02;6.013814e-02;1.733615e-01;2.963687e-02;2.084944e-01;3.629882e-02;7.431573e-02;2.136553e-01
1.116574e-02;1.390882e-02;7.272580e-02;1.754468e-02;4.351226e-02;1.046384e-01;1.155290e-01;2.781886e-02;2.943227e-01;3.101630e-02;1.452773e-01;1.225402e-01
1.654142e-02;1.361213e-02;1.078016e-01;2.720685e-02;5.007483e-02;1.248703e-01;7.545671e-02;2.603315e-02;2.604123e-01;2.356715e-02;1.730277e-01;1.013957e-01
2.284126e-02;3.874902e-02;1.229541e-01;2.828559e-02;5.992343e-02;1.363697e-01;1.012378e-01;3.473042e-02;1.768193e-01;4.601996e-02;1.577869e-01;7.428253e-02
3.880672e-02;5.832753e-02;1.012593e-01;5.263836e-02;7.591793e-02;1.012914e-01;1.239269e-01;5.874041e-02;1.093894e-01;7.574181e-02;1.353840e-01;6.857613e-02
3.749283e-02;5.318247e-02;4.565663e-02;8.188718e-02;7.972210e-02;6.948336e-02;1.468293e-01;7.818837e-02;5.887735e-02;1.027544e-01;1.375754e-01;1.083506e-01
3.323130e-02;4.163814e-02;7.930776e-02;7.305243e-02;4.900346e-02;7.041635e-02;1.650977e-01;8.908763e-02;7.215914e-02;7.892884e-02;9.525301e-02;1.528242e-01
2.622406e-02;3.089905e-02;1.360302e-01;4.330971e-02;4.447718e-02;7.150790e-02;1.201479e-01;6.897744e-02;1.005735e-01;5.026461e-02;1.149945e-01;1.925940e-01
4.282567e-02;2.155040e-02;1.223900e-01;4.969471e-02;3.795984e-02;8.036984e-02;1.185874e-01;4.842427e-02;9.599063e-02;6.592224e-02;1.523081e-01;1.639768e-01
7.266851e-02;4.763060e-02;7.732660e-02;5.044506e-02;8.880279e-02;7.373001e-02;6.028710e-02;5.533863e-02;7.106737e-02;1.381622e-01;1.543282e-01;1.102130e-01
7.681858e-02;8.324377e-02;7.806287e-02;3.282317e-02;9.902888e-02;1.003449e-01;7.659067e-02;6.510669e-02;5.697250e-02;1.487691e-01;1.020304e-01;8.020847e-02
7.395806e-02;7.976307e-02;8.915135e-02;3.489600e-02;6.495561e-02;1.258318e-01;1.087516e-01;5.955238e-02;5.377295e-02;1.398962e-01;1.257693e-01;4.370168e-02
6.210772e-02;7.438853e-02;6.613114e-02;4.102030e-02;9.567828e-02;1.235001e-01;1.101359e-01;4.660442e-02;6.477406e-02;1.385433e-01;1.315550e-01;4.556126e-02
6.827199e-02;6.997192e-02;6.817562e-02;5.848144e-02;1.217970e-01;8.840533e-02;1.142538e-01;4.334702e-02;1.014418e-01;1.160131e-01;9.727043e-02;5.257057e-02
8.372813e-02;8.219406e-02;1.027612e-01;6.786052e-02;1.017588e-01;8.217160e-02;1.204644e-01;4.619741e-02;9.822677e-02;7.704466e-02;7.584110e-02;6.175142e-02
8.155125e-02;7.465041e-02;1.119317e-01;9.015207e-02;8.223878e-02;1.135018e-01;1.096154e-01;5.054845e-02;5.866909e-02;9.873534e-02;5.716762e-02;7.123805e-02
8.577871e-02;7.113527e-02;1.327491e-01;9.860913e-02;7.315873e-02;9.515277e-02;1.098600e-01;5.286595e-02;5.149579e-02;7.307906e-02;8.357445e-02;7.254109e-02
9.514844e-02;8.511872e-02;1.240914e-01;7.306762e-02;6.544175e-02;7.255476e-02;1.021982e-01;7.016808e-02;5.994362e-02;7.477358e-02;9.570418e-02;8.178963e-02
8.743975e-02;6.657688e-02;1.244007e-01;4.674265e-02;1.015526e-01;5.490953e-02;1.327735e-01;9.584213e-02;8.168095e-02;9.697638e-02;5.755661e-02;5.354834e-02
1.042257e-01;6.560189e-02;1.015577e-01;4.821655e-02;1.104219e-01;5.768564e-02;1.518613e-01;8.949316e-02;9.785946e-02;8.710385e-02;5.202655e-02;3.394623e-02
9.686574e-02;6.283240e-02;8.933824e-02;8.373462e-02;8.599860e-02;8.451933e-02;1.338517e-01;7.111233e-02;1.207513e-01;8.601356e-02;3.777826e-02;4.720394e-02
1.125981e-01;9.434849e-02;6.279369e-02;1.260044e-01;7.023565e-02;7.275433e-02;8.331407e-02;7.771707e-02;1.208742e-01;8.515185e-02;5.313739e-02;4.107074e-02
1.107094e-01;9.603342e-02;8.115050e-02;1.433021e-01;6.217746e-02;7.386136e-02;7.461122e-02;8.769163e-02;9.853829e-02;7.286850e-02;6.275529e-02;3.630088e-02
9.673147e-02;6.519334e-02;1.144263e-01;1.255411e-01;7.579204e-02;6.375161e-02;8.755650e-02;8.016439e-02;9.558061e-02;9.236547e-02;7.253812e-02;3.035906e-02
9.407643e-02;4.198641e-02;1.196433e-01;6.552110e-02;1.053366e-01;3.736074e-02;1.137878e-01;7.276094e-02;1.426374e-01;9.594403e-02;9.015364e-02;2.079173e-02
1.407264e-01;5.557739e-02;7.199913e-02;6.076321e-02;1.158332e-01;6.992322e-02;9.384178e-02;7.410189e-02;1.146922e-01;8.556634e-02;5.984728e-02;5.712797e-02
1.352811e-01;7.264974e-02;9.971199e-02;7.845898e-02;7.259778e-02;7.297891e-02;8.294481e-02;4.997783e-02;1.113008e-01;1.048246e-01;4.987242e-02;6.940098e-02
1.132338e-01;9.014774e-02;1.420901e-01;6.671608e-02;4.859312e-02;5.281426e-02;8.460135e-02;4.874925e-02;8.605287e-02;1.181862e-01;8.437529e-02;6.443993e-02
8.934692e-02;9.267213e-02;1.126044e-01;6.400491e-02;8.251574e-02;4.362432e-02;7.308852e-02;4.457694e-02;6.295911e-02;1.813165e-01;1.001955e-01;5.309506e-02
5.215697e-02;1.039380e-01;4.685648e-02;5.174056e-02;1.471031e-01;4.599731e-02;4.167372e-02;3.353253e-02;3.266308e-02;3.195578e-01;8.225242e-02;4.252797e-02
2.105553e-02;1.317059e-01;1.561797e-02;1.286391e-02;1.746462e-01;8.776026e-02;1.269630e-02;2.757593e-02;3.699202e-02;3.588551e-01;8.744109e-02;3.278979e-02
1.791588e-02;1.731907e-01;3.446782e-02;1.587150e-02;1.770057e-01;1.241353e-01;1.689210e-02;3.700068e-02;1.678768e-02;2.736225e-01;9.237750e-02;2.073274e-02
1.358533e-02;2.031945e-01;8.846175e-02;1.862345e-02;1.963109e-01;1.253871e-01;1.340459e-02;4.195729e-02;1.651532e-02;1.969178e-01;5.886406e-02;2.677802e-02
1.572920e-02;2.121542e-01;1.101277e-01;2.858194e-02;2.417268e-01;9.090150e-02;2.155125e-02;3.707983e-02;1.401783e-02;1.631443e-01;3.502876e-02;2.995666e-02
1.015126e-02;2.040277e-01;7.504526e-02;3.749480e-02;2.908412e-01;8.088201e-02;1.364569e-02;2.833426e-02;1.907462e-02;1.683860e-01;3.230751e-02;3.980979e-02
1.264698e-02;1.559677e-01;3.757906e-02;3.588770e-02;2.980639e-01;9.129377e-02;1.886811e-02;7.287154e-02;1.930117e-02;1.737170e-01;3.090812e-02;5.289502e-02
1.000667e-02;1.429559e-01;2.882601e-02;5.515012e-02;2.580079e-01;5.793192e-02;1.749137e-02;1.404219e-01;2.556396e-02;1.635694e-01;2.622835e-02;7.384636e-02
1.488314e-02;1.494484e-01;5.166886e-02;7.584786e-02;1.804659e-01;1.944398e-02;1.535771e-02;1.497518e-01;4.252878e-02;1.603528e-01;2.599226e-02;1.142584e-01
2.170692e-02;1.164564e-01;9.142430e-02;8.709130e-02;1.051863e-01;1.418189e-02;4.376764e-02;9.568872e-02;5.253714e-02;1.679170e-01;3.221412e-02;1.718284e-01
5.949244e-02;7.665362e-02;1.493255e-01;8.533809e-02;5.347274e-02;3.333710e-02;9.882188e-02;4.230854e-02;4.376693e-02;1.309137e-01;4.931704e-02;1.772524e-01
8.363354e-02;8.213321e-02;1.736873e-01;8.403534e-02;6.679101e-02;4.275614e-02;1.294754e-01;4.687012e-02;3.999650e-02;8.810928e-02;4.561868e-02;1.168935e-01
6.112344e-02;1.301019e-01;1.110966e-01;9.978301e-02;1.165657e-01;3.776450e-02;1.371801e-01;9.090354e-02;3.011546e-02;8.873567e-02;3.027474e-02;6.635525e-02
3.092833e-02;1.647325e-01;8.849336e-02;9.918229e-02;1.430237e-01;4.798467e-02;8.519552e-02;9.902883e-02;2.227841e-02;1.249822e-01;2.518447e-02;6.898567e-02
2.911359e-02;1.202309e-01;9.390026e-02;1.227313e-01;1.506161e-01;5.774563e-02;5.300619e-02;8.845180e-02;3.378798e-02;1.437654e-01;3.111758e-02;7.553328e-02
1.931519e-02;8.038215e-02;9.053018e-02;1.332048e-01;1.130030e-01;5.552553e-02;7.827641e-02;9.687905e-02;8.148434e-02;1.704914e-01;2.919352e-02;5.171435e-02
3.208628e-02;6.475970e-02;6.146943e-02;1.022424e-01;1.054163e-01;5.625129e-02;8.760328e-02;1.015622e-01;1.374416e-01;1.997274e-01;1.635673e-02;3.508337e-02
4.253183e-02;5.147262e-02;9.044176e-02;8.713048e-02;9.658787e-02;5.926469e-02;8.480211e-02;9.461217e-02;1.425561e-01;1.960347e-01;1.550209e-02;3.906364e-02
4.331679e-02;4.640636e-02;9.568248e-02;1.144774e-01;8.112044e-02;7.057571e-02;7.306561e-02;8.629826e-02;1.181841e-01;1.818308e-01;3.784621e-02;5.119578e-02
3.326248e-02;8.241154e-02;9.824383e-02;1.466778e-01;1.064192e-01;4.374217e-02;7.476610e-02;6.941207e-02;7.467759e-02;1.426970e-01;4.844865e-02;7.924164e-02
2.717935e-02;7.667698e-02;1.005478e-01;1.240877e-01;1.690969e-01;3.399811e-02;7.260642e-02;9.276773e-02;7.329261e-02;9.545923e-02;3.786123e-02;9.642595e-02
7.496457e-02;8.206668e-02;8.380882e-02;6.945549e-02;8.784452e-02;6.057163e-02;4.689266e-02;8.049353e-02;1.281093e-01;1.431208e-01;6.179611e-02;8.087579e-02
8.928785e-02;8.717546e-02;9.361601e-02;2.643067e-02;6.857087e-02;6.759360e-02;6.083803e-02;8.535172e-02;1.234540e-01;1.473854e-01;5.189825e-02;9.839811e-02
8.882310e-02;8.920870e-02;1.060700e-01;2.866555e-02;5.996222e-02;7.798238e-02;8.352336e-02;7.844237e-02;1.040486e-01;1.385484e-01;4.385963e-02;1.008656e-01
7.222599e-02;8.705585e-02;1.116464e-01;4.956188e-02;6.168734e-02;9.516544e-02;1.290345e-01;6.883014e-02;8.307722e-02;1.027999e-01;4.814309e-02;9.077226e-02
1.260374e-01;8.520925e-02;9.197184e-02;6.391390e-02;8.579583e-02;9.845918e-02;1.101279e-01;6.393895e-02;5.262056e-02;9.297652e-02;7.348616e-02;5.546251e-02
1.138690e-01;8.840797e-02;1.106518e-01;7.385310e-02;1.201131e-01;8.353755e-02;5.097028e-02;7.139238e-02;7.010899e-02;1.126157e-01;5.955494e-02;4.492535e-02
1.051916e-01;6.925125e-02;1.217030e-01;1.321550e-01;1.314354e-01;6.830242e-02;4.306358e-02;7.456370e-02;8.895175e-02;8.831664e-02;4.910723e-02;2.795849e-02
1.059136e-01;6.203244e-02;1.304962e-01;2.215798e-01;9.809548e-02;3.950935e-02;4.040818e-02;6.377864e-02;1.179625e-01;5.081966e-02;5.569511e-02;1.370909e-02
9.340047e-02;5.962105e-02;1.764727e-01;2.421162e-01;7.297098e-02;2.022932e-02;3.401509e-02;4.187026e-02;1.238992e-01;5.043604e-02;6.469115e-02;2.027753e-02
6.379490e-02;6.253552e-02;2.414782e-01;1.710989e-01;6.005951e-02;2.372999e-02;6.412949e-02;2.821069e-02;9.888724e-02;6.921154e-02;4.560209e-02;7.126190e-02
4.463146e-02;7.476705e-02;2.091997e-01;8.621926e-02;5.754263e-02;4.384299e-02;1.247843e-01;4.194989e-02;9.950265e-02;8.742377e-02;2.930580e-02;1.008305e-01
6.854037e-02;6.243017e-02;1.325416e-01;5.311895e-02;5.992239e-02;7.710588e-02;1.745961e-01;5.934751e-02;1.257250e-01;8.821698e-02;2.629246e-02;7.216254e-02
6.902973e-02;3.801246e-02;1.053376e-01;9.394412e-02;6.820135e-02;1.005777e-01;1.957619e-01;7.182407e-02;1.302752e-01;6.108224e-02;2.992161e-02;3.603194e-02
7.239823e-02;7.343385e-02;1.876630e-01;1.603270e-01;8.854029e-02;5.634917e-02;1.329624e-01;5.323050e-02;8.208711e-02;3.106780e-02;2.638246e-02;3.555822e-02
8.040293e-02;8.815212e-02;1.935209e-01;2.218338e-01;1.321930e-01;2.362932e-02;7.580005e-02;3.844636e-02;4.995617e-02;3.288915e-02;1.959381e-02;4.358247e-02
8.393896e-02;7.984503e-02;7.674525e-02;2.835543e-01;1.450647e-01;3.479430e-02;1.109085e-01;3.992155e-02;3.289748e-02;5.043099e-02;2.608653e-02;3.581232e-02
7.759055e-02;5.488769e-02;7.970923e-02;2.554180e-01;1.122202e-01;5.988374e-02;1.415122e-01;4.676692e-02;4.250837e-02;6.192004e-02;4.408572e-02;2.349731e-02
5.460310e-02;4.642592e-02;1.835290e-01;1.692473e-01;6.013263e-02;8.822604e-02;1.415977e-01;6.498852e-02;6.128659e-02;5.190665e-02;4.827263e-02;2.978381e-02
6.344769e-02;4.873499e-02;2.453510e-01;1.120662e-01;8.180406e-02;9.262805e-02;1.020981e-01;7.116874e-02;6.568500e-02;4.068577e-02;4.422826e-02;3.210209e-02
6.940893e-02;4.702310e-02;2.654313e-01;7.108890e-02;8.752412e-02;8.561536e-02;1.100845e-01;6.643090e-02;2.720701e-02;5.805986e-02;6.666383e-02;4.546212e-02
3.697431e-02;6.406286e-02;2.258934e-01;5.456525e-02;8.131547e-02;8.248124e-02;1.183124e-01;5.346176e-02;3.468681e-02;1.013960e-01;9.503923e-02;5.181123e-02
3.305660e-02;5.655154e-02;1.781492e-01;4.622769e-02;9.683588e-02;5.360873e-02;1.077367e-01;5.269831e-02;4.247455e-02;1.681064e-01;1.104313e-01;5.412312e-02
2.789561e-02;4.248186e-02;1.142700e-01;4.748420e-02;1.176505e-01;3.398608e-02;5.372373e-02;5.025466e-02;8.820243e-02;2.403572e-01;1.289184e-01;5.477536e-02
4.460420e-02;3.682720e-02;8.815873e-02;7.483431e-02;9.018493e-02;4.615160e-02;1.261851e-01;4.789858e-02;1.283469e-01;1.648969e-01;1.066982e-01;4.521346e-02
6.054709e-02;2.830629e-02;1.167968e-01;8.460694e-02;6.189187e-02;4.477035e-02;1.985412e-01;6.016101e-02;1.321672e-01;8.938572e-02;8.207899e-02;4.074648e-02
5.257675e-02;2.863748e-02;1.091865e-01;7.498152e-02;5.793342e-02;7.279158e-02;2.627367e-01;5.842958e-02;8.580948e-02;7.618595e-02;7.453071e-02;4.620032e-02
4.537154e-02;3.078316e-02;7.932690e-02;6.492630e-02;1.110261e-01;1.155921e-01;2.661934e-01;5.605024e-02;6.740475e-02;7.894263e-02;5.604446e-02;2.833840e-02
5.898322e-02;3.582346e-02;1.434876e-01;6.480348e-02;1.235463e-01;1.158903e-01;1.678459e-01;4.974668e-02;8.745322e-02;8.418780e-02;4.077588e-02;2.745621e-02
8.913740e-02;6.809090e-02;1.795128e-01;9.368417e-02;7.800189e-02;1.114003e-01;1.082754e-01;4.664785e-02;7.938359e-02;7.728364e-02;3.936523e-02;2.921691e-02
8.948151e-02;7.079493e-02;1.916874e-01;1.164232e-01;6.576344e-02;1.150290e-01;1.331828e-01;3.809650e-02;5.645690e-02;7.802780e-02;2.210023e-02;2.295627e-02
6.065281e-02;4.190621e-02;1.642268e-01;1.250943e-01;9.725969e-02;1.035682e-01;1.614811e-01;3.785168e-02;4.692357e-02;9.325439e-02;4.042180e-02;2.735946e-02
4.394269e-02;2.704305e-02;1.116970e-01;1.386544e-01;1.017179e-01;8.597189e-02;1.902671e-01;4.889742e-02;6.485683e-02;1.082096e-01;5.537074e-02;2.337139e-02
7.284160e-02;3.988748e-02;1.033370e-01;1.590720e-01;1.054860e-01;6.158141e-02;1.210301e-01;6.883260e-02;7.230183e-02;1.130496e-01;6.087387e-02;2.170640e-02
8.545604e-02;3.197046e-02;1.244228e-01;1.324897e-01;9.098105e-02;3.925853e-02;1.485723e-01;5.773905e-02;6.708386e-02;1.124225e-01;6.423224e-02;4.537152e-02
7.227628e-02;3.308255e-02;1.418770e-01;1.175514e-01;9.082802e-02;5.746230e-02;1.228301e-01;5.697577e-02;8.345237e-02;1.151990e-01;7.131407e-02;3.715105e-02
4.818945e-02;4.834432e-02;1.485519e-01;1.279887e-01;1.024448e-01;1.045213e-01;1.301093e-01;4.776044e-02;5.788847e-02;1.095061e-01;4.783881e-02;2.685652e-02
4.061870e-02;3.987548e-02;1.701928e-01;1.167843e-01;1.041418e-01;8.844017e-02;1.500241e-01;5.305888e-02;5.484142e-02;9.475204e-02;6.343462e-02;2.383563e-02
4.248035e-02;4.541089e-02;1.279078e-01;1.202899e-01;8.949423e-02;8.612138e-02;1.133681e-01;4.299821e-02;1.040875e-01;1.225259e-01;8.326858e-02;2.204717e-02
1.184619e-01;7.387699e-02;1.194288e-01;6.028998e-02;6.381094e-02;5.972495e-02;9.198796e-02;9.318026e-02;7.393685e-02;6.678753e-02;7.847288e-02;1.000409e-01
1.294965e-01;8.546849e-02;1.068054e-01;7.407994e-02;7.399224e-02;4.383215e-02;1.158460e-01;8.674280e-02;5.260571e-02;6.834658e-02;6.149519e-02;1.012891e-01
1.326715e-01;7.093692e-02;1.252138e-01;6.669420e-02;1.081444e-01;3.743997e-02;1.118570e-01;6.557021e-02;4.958903e-02;8.375523e-02;6.954975e-02;7.857792e-02
1.353155e-01;5.199872e-02;1.305571e-01;6.676029e-02;1.523861e-01;4.457090e-02;1.139301e-01;4.292258e-02;6.304143e-02;9.440038e-02;6.601330e-02;3.810357e-02
1.094857e-01;5.390213e-02;1.233103e-01;1.418381e-01;1.503340e-01;3.638253e-02;1.005685e-01;4.031822e-02;8.705320e-02;8.119050e-02;5.242066e-02;2.319615e-02
7.458584e-02;4.708219e-02;1.459655e-01;1.850473e-01;7.708484e-02;4.386039e-02;1.424432e-01;3.547052e-02;9.913223e-02;6.393662e-02;5.772964e-02;2.766174e-02
5.370617e-02;2.233355e-02;1.951810e-01;2.375968e-01;4.162784e-02;6.010549e-02;1.260933e-01;3.149494e-02;1.146983e-01;4.836824e-02;5.086225e-02;1.793209e-02
6.302264e-02;1.157532e-02;1.663603e-01;2.965659e-01;5.310914e-02;7.249147e-02;9.156265e-02;2.655543e-02;1.282554e-01;4.489905e-02;4.128985e-02;4.312859e-03
7.263849e-02;7.999578e-03;1.227816e-01;3.175337e-01;5.403345e-02;6.647842e-02;1.132307e-01;2.700377e-02;1.284453e-01;5.097356e-02;3.325138e-02;5.630014e-03
7.064707e-02;1.077029e-02;9.640048e-02;3.396871e-01;7.312048e-02;4.996116e-02;1.321879e-01;2.426466e-02;1.115060e-01;6.200571e-02;2.718229e-02;2.266817e-03
5.160202e-02;9.646422e-03;5.947427e-02;4.076677e-01;1.028710e-01;3.826595e-02;1.149237e-01;1.765512e-02;8.766849e-02;8.094708e-02;2.556376e-02;3.714520e-03
3.089951e-02;1.812714e-02;8.351393e-02;4.045307e-01;1.468874e-01;4.183314e-02;5.932860e-02;8.326641e-03;6.629729e-02;1.107765e-01;2.395458e-02;5.524589e-03
7.573250e-02;2.492434e-02;9.605227e-02;2.829453e-01;1.679820e-01;5.680966e-02;2.259435e-02;1.118279e-02;6.038192e-02;1.587474e-01;2.820474e-02;1.444273e-02
1.319065e-01;2.433971e-02;8.492076e-02;1.440933e-01;1.489240e-01;5.240202e-02;2.545442e-02;1.512799e-02;8.219609e-02;1.971605e-01;4.808903e-02;4.538562e-02
1.421194e-01;1.954150e-02;4.629383e-02;5.126020e-02;1.205781e-01;4.950320e-02;2.644470e-02;2.381876e-02;1.722875e-01;2.095605e-01;6.753695e-02;7.105527e-02
8.607091e-02;1.313572e-02;5.734867e-02;4.269776e-02;7.913973e-02;3.821146e-02;6.603606e-02;5.530662e-02;2.637562e-01;1.920682e-01;6.413936e-02;4.208923e-02
4.021204e-02;1.228594e-02;8.134598e-02;8.183429e-02;5.005942e-02;2.308577e-02;1.018467e-01;1.131720e-01;2.535909e-01;1.638577e-01;6.783354e-02;1.087578e-02
4.413528e-02;2.410530e-02;1.166498e-01;7.406557e-02;4.626561e-02;4.565223e-02;1.377074e-01;1.139241e-01;1.573295e-01;1.369730e-01;7.189898e-02;3.129323e-02
6.709750e-02;3.870150e-02;1.439965e-01;1.040750e-01;7.194175e-02;7.293279e-02;1.412123e-01;6.468733e-02;9.242136e-02;1.130380e-01;5.364218e-02;3.625371e-02
9.080791e-02;6.007196e-02;1.080683e-01;1.379109e-01;1.117720e-01;6.647515e-02;1.119379e-01;2.577513e-02;1.191554e-01;1.008882e-01;3.510293e-02;3.203434e-02
8.546105e-02;6.535300e-02;9.644972e-02;1.519689e-01;1.421139e-01;4.175783e-02;7.686597e-02;5.309018e-02;1.138617e-01;1.075583e-01;2.811879e-02;3.740062e-02
7.202055e-02;4.000368e-02;1.095207e-01;1.540316e-01;1.572692e-01;5.409043e-02;6.452527e-02;6.946976e-02;6.709417e-02;1.353121e-01;3.870390e-02;3.795855e-02
7.009077e-02;4.274878e-02;1.008454e-01;1.542948e-01;1.141789e-01;4.168125e-02;9.291368e-02;4.932953e-02;1.072365e-01;1.552040e-01;3.080534e-02;4.067114e-02
4.414037e-02;3.117421e-02;1.107440e-01;1.651468e-01;7.256251e-02;4.009957e-02;1.290194e-01;5.162586e-02;1.240658e-01;1.520428e-01;3.055948e-02;4.881914e-02
2.700851e-02;2.746834e-02;8.501755e-02;1.716967e-01;7.916766e-02;5.142741e-02;1.364135e-01;8.064982e-02;1.250357e-01;1.347884e-01;4.338776e-02;3.793865e-02
6.648266e-02;5.861214e-02;7.093932e-02;1.350297e-01;8.266774e-02;4.418733e-02;8.977240e-02;8.530208e-02;9.247714e-02;9.797395e-02;7.887495e-02;9.768055e-02
1.140148e-01;8.001175e-02;1.056659e-01;8.609734e-02;6.267403e-02;3.576101e-02;7.038328e-02;5.759060e-02;6.765264e-02;7.229839e-02;8.987004e-02;1.579802e-01
