1.047794e-01;6.992950e-02;1.673558e-01;5.934040e-02;7.364883e-02;4.228065e-02;1.151726e-01;6.207335e-02;7.928457e-02;8.658898e-02;8.663256e-02;5.291339e-02
8.146728e-02;6.977007e-02;1.387401e-01;5.331311e-02;7.567467e-02;5.797806e-02;1.060397e-01;5.828073e-02;6.384772e-02;1.015166e-01;1.279939e-01;6.537816e-02
7.503040e-02;5.666442e-02;1.368702e-01;4.605329e-02;5.615345e-02;8.794065e-02;8.654286e-02;3.490610e-02;3.625832e-02;1.192627e-01;1.676682e-01;9.664948e-02
1.631704e-01;4.732054e-02;1.917988e-01;7.025748e-02;3.399655e-02;7.490361e-02;6.220187e-02;2.182103e-02;2.426544e-02;9.034687e-02;1.136254e-01;1.062920e-01
2.063035e-01;7.421701e-02;2.484706e-01;3.677080e-02;8.103470e-02;6.530568e-02;5.032863e-02;2.888708e-02;3.088552e-02;5.599360e-02;5.972521e-02;6.207770e-02
1.135865e-01;1.150809e-01;3.626205e-01;3.473393e-02;7.479497e-02;9.961496e-02;5.726002e-02;2.066299e-02;4.208161e-02;3.616277e-02;2.319824e-02;2.020272e-02
3.676095e-02;1.255296e-01;4.658293e-01;4.211133e-02;4.333045e-02;1.176139e-01;4.366845e-02;1.796033e-02;3.894681e-02;4.082717e-02;1.311118e-02;1.431049e-02
5.390726e-02;1.437327e-01;4.943841e-01;3.735360e-02;2.446487e-02;1.128481e-01;2.196405e-02;1.408880e-02;3.370789e-02;3.882397e-02;6.993645e-03;1.773090e-02
1.039407e-01;1.399317e-01;4.235720e-01;3.468086e-02;4.090773e-02;8.887114e-02;2.791554e-02;1.591744e-02;4.347041e-02;3.735958e-02;1.737545e-02;2.605734e-02
9.234715e-02;1.318978e-01;4.151496e-01;3.787928e-02;4.946465e-02;7.037786e-02;4.165613e-02;1.507509e-02;4.134402e-02;4.079210e-02;3.397717e-02;3.003909e-02
4.816330e-02;1.683886e-01;4.755877e-01;3.796430e-02;3.528370e-02;5.541221e-02;3.763951e-02;1.963128e-02;1.683092e-02;4.114670e-02;3.920551e-02;2.474620e-02
8.240565e-02;2.070644e-01;4.607979e-01;2.941855e-02;3.231190e-02;4.662397e-02;2.977507e-02;2.462419e-02;1.409885e-02;2.957341e-02;2.633471e-02;1.697138e-02
7.416551e-02;2.432746e-01;3.792742e-01;2.927243e-02;3.857015e-02;3.580139e-02;5.716980e-02;2.888903e-02;3.067186e-02;3.733561e-02;2.730780e-02;1.826767e-02
1.060399e-01;1.788222e-01;3.634509e-01;2.138247e-02;3.506371e-02;5.820372e-02;6.160628e-02;2.720455e-02;2.915749e-02;5.682635e-02;3.724864e-02;2.499370e-02
9.713524e-02;8.474889e-02;4.739775e-01;3.013870e-02;3.932983e-02;6.555832e-02;5.544549e-02;2.674178e-02;1.493469e-02;5.195108e-02;3.381333e-02;2.622520e-02
4.778062e-02;1.024740e-01;5.641004e-01;3.685591e-02;4.312923e-02;3.962607e-02;3.215889e-02;2.803960e-02;2.228327e-02;3.687514e-02;2.101777e-02;2.565913e-02
2.536997e-02;1.381780e-01;5.598619e-01;3.935877e-02;5.753011e-02;4.143354e-02;2.885830e-02;2.589349e-02;2.150427e-02;2.670555e-02;1.371438e-02;2.159174e-02
3.336196e-02;1.462861e-01;3.376971e-01;5.260454e-02;6.200611e-02;7.201701e-02;8.682686e-02;5.249375e-02;4.049527e-02;4.985246e-02;4.313259e-02;2.322622e-02
4.013374e-02;6.939892e-02;2.518742e-01;1.142729e-01;6.385312e-02;5.373649e-02;1.390160e-01;7.284544e-02;6.081636e-02;7.009938e-02;4.831710e-02;1.563638e-02
2.990990e-02;5.249949e-02;3.400798e-01;1.130734e-01;6.452306e-02;3.233393e-02;1.453257e-01;4.609187e-02;4.836134e-02;8.083438e-02;3.573863e-02;1.122851e-02
4.991699e-02;5.474465e-02;3.317295e-01;1.092168e-01;6.186188e-02;1.689470e-02;1.569687e-01;7.729522e-02;3.111893e-02;7.639931e-02;2.613868e-02;7.714597e-03
5.995199e-02;6.036135e-02;2.635467e-01;9.976098e-02;6.485122e-02;3.401676e-02;1.627634e-01;1.030899e-01;3.860463e-02;6.823120e-02;3.303699e-02;1.178492e-02
5.358924e-02;4.922065e-02;2.323843e-01;7.721515e-02;7.256532e-02;5.992226e-02;1.378632e-01;1.360421e-01;5.611217e-02;6.068470e-02;4.702709e-02;1.737381e-02
2.443531e-02;3.234193e-02;1.621762e-01;1.333873e-01;9.848360e-02;7.905563e-02;8.172937e-02;2.127780e-01;5.924889e-02;3.528504e-02;5.547795e-02;2.560081e-02
2.016229e-02;3.104224e-02;8.634550e-02;1.840791e-01;8.037461e-02;7.595568e-02;8.142757e-02;2.621087e-01;5.577582e-02;2.637612e-02;7.175557e-02;2.459692e-02
2.246326e-02;2.105564e-02;1.361408e-01;1.672097e-01;5.814959e-02;7.893809e-02;1.187094e-01;2.037768e-01;5.463750e-02;4.520311e-02;8.074962e-02;1.296643e-02
3.838018e-02;4.980189e-02;1.770783e-01;9.277970e-02;6.951391e-02;1.120258e-01;1.367372e-01;8.725004e-02;1.010642e-01;6.000138e-02;5.057493e-02;2.479243e-02
7.032968e-02;7.200888e-02;1.085164e-01;4.741758e-02;8.524963e-02;1.463768e-01;9.838074e-02;9.109364e-02;1.620212e-01;5.243886e-02;3.764615e-02;2.852032e-02
1.174627e-01;4.090622e-02;6.104583e-02;3.567082e-02;1.416470e-01;9.120218e-02;7.510451e-02;1.600983e-01;1.385457e-01;5.000685e-02;5.266799e-02;3.564191e-02
1.083277e-01;2.313934e-02;5.340824e-02;1.015912e-01;1.109216e-01;4.906857e-02;1.385043e-01;1.569025e-01;8.080301e-02;7.977028e-02;3.395389e-02;6.360923e-02
6.298007e-02;3.508727e-02;3.434839e-02;1.594663e-01;4.817786e-02;5.152415e-02;2.436078e-01;8.039232e-02;5.158646e-02;1.115889e-01;2.155329e-02;9.968713e-02
3.024967e-02;4.275517e-02;6.903566e-02;1.371041e-01;3.495457e-02;7.731608e-02;2.761628e-01;6.336646e-02;4.415871e-02;8.125330e-02;5.253878e-02;9.110461e-02
1.684864e-02;3.748208e-02;1.396194e-01;6.793533e-02;5.401321e-02;1.472367e-01;2.122562e-01;7.615622e-02;6.464881e-02;4.956623e-02;7.602949e-02;5.820766e-02
2.950429e-02;3.217664e-02;1.624611e-01;4.547202e-02;5.267036e-02;1.775877e-01;1.793382e-01;5.888514e-02;8.345845e-02;5.461110e-02;7.923266e-02;4.460223e-02
3.320125e-02;4.974753e-02;1.204721e-01;6.069735e-02;6.361038e-02;1.524951e-01;1.968197e-01;5.215069e-02;8.396873e-02;7.625713e-02;6.039727e-02;5.018283e-02
4.202859e-02;5.685044e-02;4.946273e-02;6.059227e-02;6.033244e-02;7.785353e-02;2.074663e-01;1.164651e-01;7.217904e-02;9.695952e-02;6.928877e-02;9.052131e-02
5.510342e-02;5.529437e-02;6.705335e-02;4.611219e-02;6.711767e-02;7.867038e-02;2.337608e-01;1.539112e-01;4.596682e-02;8.702054e-02;5.874260e-02;5.124664e-02
5.277645e-02;5.891497e-02;4.896963e-02;3.791678e-02;7.604180e-02;7.776011e-02;2.438450e-01;1.233989e-01;4.857796e-02;8.896156e-02;7.824624e-02;6.459059e-02
4.851493e-02;5.823060e-02;9.813386e-02;5.132778e-02;8.825070e-02;7.428408e-02;1.786607e-01;9.735961e-02;5.232076e-02;6.003895e-02;9.959919e-02;9.327883e-02
5.879837e-02;4.230034e-02;1.858564e-01;6.822505e-02;7.740696e-02;1.071841e-01;1.108162e-01;8.477927e-02;5.842844e-02;5.333583e-02;8.800536e-02;6.486373e-02
5.921258e-02;3.603051e-02;1.750473e-01;9.405388e-02;6.202859e-02;1.318446e-01;9.864954e-02;7.743525e-02;6.073554e-02;6.094134e-02;7.660708e-02;6.741379e-02
7.732837e-02;2.994147e-02;9.998815e-02;8.214062e-02;8.027059e-02;9.521158e-02;8.298032e-02;8.303513e-02;1.073964e-01;1.096115e-01;6.594447e-02;8.615136e-02
8.313400e-02;3.576536e-02;1.115127e-01;5.943477e-02;7.830613e-02;7.437886e-02;8.931452e-02;6.793041e-02;1.378859e-01;1.258299e-01;7.286059e-02;6.364685e-02
1.056336e-01;4.079914e-02;1.729921e-01;5.122180e-02;5.738916e-02;7.745029e-02;1.010222e-01;4.591332e-02;1.017568e-01;1.215885e-01;6.537057e-02;5.886251e-02
1.569941e-01;5.672975e-02;1.807991e-01;6.169805e-02;2.416128e-02;8.615745e-02;9.102115e-02;4.426781e-02;5.258526e-02;1.051973e-01;5.486642e-02;8.552227e-02
1.395533e-01;7.361528e-02;1.313645e-01;1.055299e-01;1.237387e-02;7.295346e-02;9.511410e-02;4.472870e-02;3.477435e-02;9.697714e-02;6.534398e-02;1.276714e-01
1.111791e-01;8.583079e-02;7.217507e-02;1.088132e-01;1.163763e-02;4.275353e-02;1.451022e-01;4.094847e-02;3.006621e-02;8.049843e-02;8.931509e-02;1.816803e-01
6.901476e-02;9.961499e-02;9.023064e-02;7.618693e-02;3.233995e-02;2.323640e-02;1.569123e-01;8.331761e-02;2.869496e-02;6.824155e-02;8.813617e-02;1.840737e-01
7.777658e-02;7.948314e-02;1.067918e-01;3.648584e-02;5.437661e-02;4.169465e-02;1.378065e-01;8.871994e-02;6.028359e-02;6.391291e-02;1.213160e-01;1.313525e-01
1.200656e-01;4.875696e-02;9.976590e-02;2.865162e-02;4.052450e-02;5.484828e-02;1.342277e-01;4.488208e-02;5.442062e-02;4.199928e-02;1.221223e-01;2.097351e-01
1.385432e-01;3.461375e-02;5.588013e-02;4.013658e-02;2.138268e-02;4.460535e-02;1.674373e-01;2.884687e-02;3.536142e-02;3.387841e-02;8.636985e-02;3.129445e-01
1.223541e-01;2.543910e-02;2.755620e-02;5.005838e-02;7.949424e-03;3.376535e-02;2.157439e-01;1.846047e-02;1.575984e-02;2.662236e-02;3.850089e-02;4.177900e-01
9.035380e-02;2.418957e-02;2.434353e-02;4.363981e-02;5.220964e-03;3.701249e-02;2.204348e-01;2.326299e-02;8.506565e-03;2.498431e-02;6.111503e-02;4.369362e-01
6.700908e-02;1.161179e-02;2.961322e-02;2.704603e-02;7.796207e-03;5.318937e-02;1.878994e-01;2.083311e-02;2.512878e-02;2.733828e-02;1.154748e-01;4.270599e-01
4.380999e-02;8.640761e-03;6.095879e-02;1.307723e-02;1.280524e-02;7.609643e-02;1.126972e-01;7.835750e-03;5.866480e-02;5.261629e-02;2.432647e-01;3.095329e-01
2.506522e-02;9.065408e-03;1.092920e-01;1.224344e-02;1.598487e-02;8.823316e-02;5.794768e-02;7.260683e-03;6.546184e-02;1.116624e-01;3.723902e-01;1.253931e-01
2.448131e-02;2.663035e-02;9.783832e-02;1.222450e-02;2.810893e-02;6.501178e-02;5.913239e-02;1.715632e-02;4.568599e-02;1.647889e-01;3.617676e-01;9.717363e-02
6.292620e-02;3.880037e-02;9.270576e-02;1.854092e-02;4.130322e-02;3.493535e-02;8.053666e-02;3.426678e-02;4.665980e-02;1.850261e-01;2.777571e-01;8.654181e-02
1.083856e-01;5.328821e-02;8.002872e-02;2.677540e-02;5.119991e-02;5.757010e-02;1.141015e-01;3.413684e-02;5.209386e-02;1.756493e-01;1.859249e-01;6.084555e-02
5.959246e-02;4.156042e-02;8.235808e-02;1.942631e-02;4.714776e-02;5.158090e-02;1.336801e-01;2.519572e-02;3.825051e-02;1.466167e-01;1.889222e-01;1.656689e-01
3.986067e-02;3.508486e-02;4.938127e-02;1.426559e-02;2.939245e-02;3.696838e-02;8.954529e-02;2.216777e-02;3.302136e-02;1.621748e-01;2.863021e-01;2.018354e-01
3.878113e-02;3.416184e-02;9.706117e-02;1.966208e-02;3.247897e-02;3.892489e-02;6.862180e-02;2.028738e-02;3.709016e-02;1.613584e-01;3.300422e-01;1.215300e-01
3.765158e-02;4.237972e-02;1.292084e-01;1.501114e-02;3.000308e-02;5.604741e-02;7.993167e-02;2.699661e-02;3.159617e-02;1.428158e-01;2.541307e-01;1.542277e-01
4.270186e-02;4.055078e-02;1.168373e-01;2.009011e-02;3.869543e-02;5.693830e-02;7.390193e-02;1.976217e-02;2.647959e-02;1.037539e-01;2.170560e-01;2.432327e-01
6.877281e-02;3.598670e-02;7.937415e-02;2.493939e-02;3.561440e-02;4.198920e-02;6.642875e-02;1.625695e-02;2.700976e-02;1.067623e-01;2.485894e-01;2.482763e-01
4.452777e-02;4.397449e-02;4.959011e-02;1.938282e-02;3.574587e-02;3.273563e-02;8.643635e-02;2.198625e-02;2.572425e-02;9.389079e-02;2.931502e-01;2.528555e-01
5.798658e-02;4.802764e-02;5.981649e-02;1.838790e-02;3.364797e-02;2.590792e-02;1.037447e-01;2.515951e-02;3.082743e-02;1.054713e-01;2.802866e-01;2.107360e-01
3.735732e-02;7.199430e-02;1.080004e-01;5.298733e-02;7.133701e-02;6.352727e-02;1.030739e-01;7.637938e-02;8.041433e-02;1.570775e-01;1.051322e-01;7.271903e-02
3.765776e-02;8.699752e-02;2.403364e-01;8.991273e-02;6.863195e-02;6.067804e-02;1.175165e-01;5.396412e-02;7.958648e-02;1.096696e-01;3.992824e-02;1.512069e-02
4.465289e-02;8.555850e-02;3.848323e-01;1.014332e-01;4.848497e-02;4.434353e-02;9.158319e-02;2.384743e-02;5.790566e-02;6.674228e-02;3.774748e-02;1.286849e-02
3.641875e-02;6.175837e-02;5.512856e-01;1.004057e-01;2.656593e-02;2.199954e-02;5.905989e-02;1.180755e-02;3.241516e-02;5.751726e-02;3.252811e-02;8.238208e-03
2.520914e-02;6.502511e-02;6.617433e-01;8.175116e-02;1.649783e-02;6.530452e-03;3.434834e-02;8.146971e-03;2.435460e-02;5.098181e-02;1.877481e-02;6.636432e-03
9.853529e-03;8.407980e-02;7.045460e-01;5.583246e-02;8.552840e-03;6.232015e-03;2.402762e-02;5.658470e-03;2.972408e-02;5.968871e-02;7.472782e-03;4.331703e-03
2.091150e-02;1.075269e-01;6.840457e-01;3.121267e-02;4.206324e-03;6.131650e-03;1.194271e-02;3.347388e-03;3.625261e-02;8.566257e-02;6.380452e-03;2.379608e-03
1.058682e-02;1.059768e-01;6.861823e-01;1.617797e-02;5.218029e-03;3.905437e-03;1.541010e-02;3.858206e-03;3.064424e-02;1.153273e-01;2.006237e-03;4.706624e-03
1.507335e-02;8.178316e-02;6.868049e-01;2.063514e-02;8.922869e-03;3.486732e-03;2.413268e-02;3.276664e-03;1.356905e-02;1.335833e-01;3.792885e-03;4.939339e-03
9.793316e-03;5.687851e-02;6.932521e-01;3.288014e-02;9.707224e-03;4.458911e-03;3.284761e-02;3.741820e-03;1.260245e-02;1.344417e-01;6.825936e-03;2.570344e-03
6.781677e-03;4.126457e-02;7.254113e-01;4.171801e-02;1.077643e-02;3.770358e-03;3.671863e-02;2.753712e-03;7.191616e-03;1.153965e-01;6.987366e-03;1.229874e-03
1.078862e-02;3.565514e-02;7.246276e-01;6.074835e-02;8.521711e-03;3.514888e-03;3.622395e-02;2.297302e-03;9.325117e-03;9.599974e-02;9.743983e-03;2.553547e-03
1.669123e-02;3.525653e-02;6.521521e-01;1.260516e-01;9.431134e-03;2.765547e-03;3.456322e-02;2.734511e-03;2.121342e-02;7.656246e-02;1.779663e-02;4.781670e-03
1.558359e-02;1.632348e-02;5.441146e-01;2.150622e-01;1.181541e-02;3.832384e-03;3.262550e-02;6.342438e-03;4.134635e-02;6.811932e-02;4.013332e-02;4.701366e-03
1.584515e-02;1.698858e-02;5.084971e-01;2.316732e-01;1.099496e-02;5.174325e-03;3.400303e-02;8.068844e-03;5.061479e-02;7.036338e-02;4.571088e-02;2.065728e-03
2.346441e-02;3.638257e-02;5.419862e-01;1.655331e-01;1.510918e-02;1.107445e-02;4.726518e-02;1.026598e-02;4.318391e-02;6.384332e-02;3.757164e-02;4.320075e-03
3.867398e-02;3.865478e-02;5.754154e-01;8.688971e-02;2.142395e-02;1.821361e-02;6.692635e-02;1.627196e-02;3.357206e-02;6.429698e-02;3.163520e-02;8.025958e-03
3.168491e-02;2.752327e-02;6.382536e-01;3.754265e-02;3.270880e-02;1.663072e-02;5.636068e-02;9.035314e-03;3.516540e-02;8.473619e-02;2.215813e-02;8.200321e-03
1.096761e-02;6.242185e-02;6.615391e-01;3.682848e-02;2.840405e-02;6.845844e-03;3.586459e-02;1.378058e-02;2.774152e-02;9.364145e-02;1.358862e-02;8.376258e-03
1.432869e-02;8.521771e-02;6.640126e-01;3.691306e-02;2.129926e-02;1.297398e-02;2.873551e-02;2.235519e-02;1.802169e-02;6.611738e-02;1.505040e-02;1.497457e-02
1.797998e-02;1.127313e-01;6.274843e-01;5.701583e-02;1.001506e-02;2.378214e-02;1.665031e-02;2.313611e-02;2.638145e-02;4.385721e-02;1.499351e-02;2.597289e-02
2.004954e-02;1.401753e-01;5.817457e-01;6.134922e-02;1.035262e-02;3.153169e-02;2.050467e-02;1.519585e-02;4.227401e-02;3.672205e-02;1.183911e-02;2.826033e-02
3.066877e-02;1.722692e-01;5.281359e-01;6.526574e-02;1.431550e-02;3.893509e-02;1.987376e-02;6.560144e-03;6.240362e-02;3.179027e-02;6.121946e-03;2.366007e-02
3.679666e-02;1.553515e-01;5.008771e-01;6.782475e-02;2.852628e-02;4.383351e-02;4.316458e-02;8.615335e-03;6.057112e-02;2.919383e-02;1.073776e-02;1.450752e-02
4.005209e-02;1.396230e-01;5.077721e-01;7.734977e-02;2.740297e-02;4.397403e-02;4.001015e-02;9.336112e-03;5.778831e-02;2.832827e-02;1.231976e-02;1.604337e-02
1.713798e-02;1.212637e-01;6.103528e-01;6.082970e-02;1.003515e-02;2.996387e-02;2.642253e-02;5.755176e-03;5.173784e-02;4.286925e-02;1.054769e-02;1.308430e-02
1.562804e-02;1.360268e-01;6.073510e-01;3.835003e-02;9.122886e-03;3.983957e-02;2.445930e-02;6.679025e-03;6.985072e-02;3.618347e-02;6.621255e-03;9.887876e-03
3.277202e-02;1.091601e-01;5.977302e-01;4.028392e-02;1.859102e-02;4.889776e-02;1.101728e-02;9.880838e-03;9.657632e-02;1.704938e-02;7.448745e-03;1.059239e-02
5.918522e-02;6.506617e-02;5.712855e-01;6.244801e-02;3.435959e-02;2.682164e-02;2.804571e-02;1.978308e-02;8.428784e-02;1.353325e-02;1.846357e-02;1.672042e-02
7.179226e-02;8.055069e-02;5.616501e-01;6.561054e-02;2.918250e-02;1.495264e-02;4.241320e-02;1.947826e-02;5.404258e-02;1.436775e-02;2.409734e-02;2.186217e-02
3.169934e-02;1.266350e-01;5.929057e-01;4.634368e-02;3.209594e-02;2.243650e-02;2.814320e-02;1.368188e-02;3.586259e-02;1.762235e-02;2.887252e-02;2.370129e-02
3.478409e-02;1.196190e-01;6.004344e-01;6.160780e-02;1.795836e-02;2.084885e-02;1.592860e-02;1.977080e-02;3.502544e-02;3.001873e-02;1.770923e-02;2.629475e-02
3.550810e-02;9.807855e-02;5.784759e-01;5.595811e-02;1.711028e-02;1.805570e-02;3.844051e-02;2.560867e-02;5.882208e-02;2.630465e-02;2.632431e-02;2.131319e-02
2.752827e-02;1.036668e-01;5.029453e-01;4.210738e-02;1.714056e-02;2.655084e-02;5.342169e-02;2.776512e-02;7.112946e-02;4.108444e-02;5.932092e-02;2.733915e-02
3.050016e-02;1.127342e-01;3.552595e-01;3.979783e-02;3.129180e-02;4.227759e-02;6.175374e-02;3.652630e-02;6.641748e-02;4.830539e-02;1.132618e-01;6.187420e-02
5.047045e-02;1.090037e-01;2.116126e-01;5.594425e-02;3.693668e-02;4.432106e-02;5.433490e-02;3.326849e-02;9.121194e-02;5.402010e-02;1.518759e-01;1.069999e-01
1.246348e-01;1.150164e-01;9.418251e-02;6.367692e-02;3.310487e-02;4.676570e-02;6.394962e-02;3.312999e-02;9.375277e-02;6.475279e-02;1.199158e-01;1.471177e-01
1.364255e-01;9.834538e-02;9.841370e-02;5.997500e-02;4.529333e-02;3.856707e-02;7.170758e-02;4.206249e-02;7.476048e-02;9.605843e-02;5.067759e-02;1.877135e-01
8.952471e-02;6.660806e-02;1.679100e-01;5.793748e-02;5.471240e-02;4.582138e-02;7.499144e-02;4.610468e-02;5.102462e-02;1.395387e-01;8.028516e-02;1.255415e-01
9.866682e-02;6.118967e-02;1.591129e-01;4.932737e-02;7.413039e-02;6.320418e-02;7.118905e-02;3.564940e-02;4.971139e-02;1.962353e-01;1.166380e-01;2.494543e-02
1.351832e-01;5.719049e-02;1.135294e-01;5.316869e-02;7.527873e-02;5.651700e-02;6.313607e-02;3.911879e-02;6.319712e-02;2.094997e-01;9.378059e-02;4.040014e-02
1.333365e-01;7.600935e-02;8.876806e-02;5.891041e-02;6.609906e-02;5.606022e-02;4.501576e-02;3.922345e-02;6.772906e-02;1.740213e-01;8.032814e-02;1.144987e-01
1.186541e-01;7.520788e-02;7.215804e-02;6.100266e-02;5.628419e-02;4.496315e-02;2.969448e-02;4.647858e-02;9.214311e-02;1.006759e-01;8.465619e-02;2.180817e-01
5.588477e-02;3.856622e-02;1.261870e-01;6.039887e-02;6.840811e-02;5.503131e-02;1.040631e-01;5.107068e-02;8.892766e-02;1.285681e-01;1.109086e-01;1.119856e-01
3.190188e-02;4.373012e-02;1.538095e-01;8.335150e-02;7.145677e-02;4.517696e-02;8.118232e-02;7.264331e-02;6.345060e-02;1.019721e-01;1.632093e-01;8.811563e-02
2.261830e-02;4.162811e-02;1.608388e-01;1.051876e-01;5.826300e-02;4.489142e-02;6.208920e-02;8.575239e-02;8.138523e-02;8.885983e-02;1.769346e-01;7.155154e-02
2.515864e-02;2.631995e-02;1.219125e-01;9.541896e-02;9.023324e-02;5.507764e-02;4.433408e-02;7.793511e-02;1.782255e-01;6.951810e-02;1.342549e-01;8.161139e-02
5.666357e-02;1.342560e-02;6.030928e-02;5.379700e-02;1.165444e-01;1.143057e-01;4.812351e-02;3.610799e-02;2.735043e-01;9.532057e-02;5.776430e-02;7.413385e-02
8.456913e-02;1.034737e-02;2.249075e-02;2.712089e-02;6.643917e-02;2.028549e-01;9.008237e-02;1.414695e-02;1.951910e-01;2.435872e-01;1.320117e-02;2.996903e-02
7.059607e-02;1.216296e-02;1.222470e-02;2.695404e-02;3.055225e-02;2.452938e-01;1.830138e-01;9.979196e-03;7.102040e-02;3.158185e-01;1.118624e-02;1.119796e-02
3.079748e-02;1.479803e-02;1.555816e-02;3.244622e-02;4.650126e-02;2.352637e-01;2.780418e-01;2.520101e-02;3.833891e-02;2.656719e-01;1.374209e-02;3.639356e-03
2.048957e-02;1.843528e-02;3.690869e-02;3.761210e-02;7.173117e-02;1.904526e-01;2.691559e-01;5.604266e-02;5.412453e-02;2.047386e-01;3.197328e-02;8.335602e-03
2.600681e-02;1.988862e-02;1.189140e-01;3.481316e-02;9.787771e-02;1.311794e-01;2.209315e-01;5.731989e-02;7.798357e-02;1.764411e-01;2.443459e-02;1.420951e-02
2.500877e-02;2.194567e-02;2.162059e-01;4.201907e-02;7.969300e-02;1.472777e-01;1.769159e-01;4.729519e-02;4.529661e-02;1.595718e-01;1.298500e-02;2.578532e-02
4.393111e-02;3.538669e-02;2.435111e-01;5.093526e-02;6.490242e-02;1.457169e-01;1.620364e-01;4.550271e-02;3.900953e-02;1.249518e-01;1.505099e-02;2.906511e-02
7.846428e-02;4.264652e-02;1.991389e-01;4.249437e-02;6.730668e-02;1.666870e-01;1.730085e-01;3.118347e-02;5.785543e-02;8.410726e-02;2.040474e-02;3.670293e-02
7.390086e-02;2.712131e-02;2.012143e-01;3.539004e-02;5.657983e-02;1.716111e-01;2.297828e-01;3.241586e-02;5.900733e-02;6.044026e-02;2.583345e-02;2.670284e-02
4.795763e-02;1.785773e-02;2.159508e-01;3.561380e-02;5.796057e-02;1.734439e-01;2.706352e-01;3.429024e-02;5.524795e-02;5.012263e-02;2.379753e-02;1.712197e-02
3.733127e-02;3.089515e-02;1.924902e-01;3.978653e-02;6.608226e-02;1.642579e-01;2.290264e-01;3.666528e-02;6.495802e-02;7.766684e-02;3.181136e-02;2.902884e-02
8.592124e-02;5.677359e-02;1.099129e-01;5.028022e-02;6.272028e-02;7.768736e-02;1.001642e-01;7.794582e-02;1.364066e-01;1.286089e-01;5.557245e-02;5.800639e-02
9.284519e-02;6.317751e-02;6.651713e-02;3.694170e-02;6.718244e-02;1.183029e-01;1.898304e-01;9.473280e-02;1.015493e-01;8.753399e-02;4.344488e-02;3.794177e-02
8.722587e-02;4.687263e-02;5.714072e-02;2.514506e-02;6.080988e-02;1.891049e-01;2.614453e-01;7.878508e-02;5.856714e-02;9.102608e-02;2.310644e-02;2.077094e-02
8.498163e-02;2.283984e-02;4.576991e-02;3.213865e-02;1.554636e-01;2.196749e-01;2.198482e-01;4.280721e-02;5.732971e-02;8.841553e-02;1.399040e-02;1.674039e-02
5.816894e-02;7.275280e-03;2.258762e-02;3.681215e-02;3.973517e-01;1.755944e-01;1.039286e-01;1.502315e-02;1.024167e-01;4.951208e-02;6.289300e-03;2.504007e-02
2.255899e-02;7.381439e-03;3.322328e-02;5.742419e-02;5.472400e-01;1.012439e-01;4.523902e-02;1.413531e-02;1.043216e-01;2.099822e-02;7.135333e-03;3.909880e-02
8.787867e-03;1.179292e-02;3.209586e-02;1.151299e-01;5.626051e-01;5.164468e-02;3.412727e-02;2.494889e-02;6.617114e-02;3.453371e-02;1.352223e-02;4.464038e-02
3.460759e-03;2.314073e-02;4.449296e-02;1.907972e-01;4.718229e-01;3.848020e-02;2.268695e-02;5.976767e-02;3.006180e-02;4.603970e-02;3.390982e-02;3.533937e-02
9.180783e-03;3.646524e-02;9.026189e-02;2.404102e-01;2.749341e-01;3.230411e-02;1.220818e-02;1.152100e-01;6.891979e-02;3.716788e-02;5.445454e-02;2.848323e-02
1.718676e-02;5.652101e-02;1.193066e-01;2.275411e-01;1.247718e-01;2.444716e-02;1.623665e-02;1.341060e-01;1.687426e-01;3.383316e-02;5.027003e-02;2.703715e-02
2.310639e-02;6.580058e-02;1.382876e-01;1.778521e-01;1.014107e-01;3.277701e-02;3.021546e-02;1.087070e-01;1.813971e-01;4.133824e-02;7.061695e-02;2.849089e-02
2.551050e-02;6.066924e-02;2.367472e-01;1.206744e-01;7.564072e-02;4.146496e-02;4.252667e-02;9.651320e-02;1.150905e-01;5.102183e-02;1.040579e-01;3.008291e-02
3.546814e-02;3.920891e-02;3.817527e-01;6.698213e-02;8.094201e-02;4.695304e-02;4.417359e-02;9.360542e-02;4.715892e-02;5.715175e-02;7.906476e-02;2.753868e-02
4.874235e-02;3.367255e-02;4.090182e-01;8.370608e-02;1.076026e-01;2.183351e-02;3.007382e-02;8.698360e-02;5.663275e-02;3.261168e-02;7.116114e-02;1.796165e-02
4.244934e-02;2.495014e-02;3.792073e-01;1.058317e-01;1.105814e-01;1.927076e-02;4.277486e-02;5.713914e-02;7.730345e-02;2.295476e-02;9.510344e-02;2.243370e-02
1.047747e-01;4.238733e-02;2.834149e-01;1.512804e-01;9.914710e-02;4.600623e-02;3.414574e-02;3.418887e-02;7.973681e-02;2.262384e-02;6.997083e-02;3.232324e-02
9.803928e-02;4.360041e-02;1.990817e-01;1.991408e-01;7.886525e-02;6.521025e-02;3.314263e-02;5.943349e-02;5.955055e-02;2.174974e-02;1.235960e-01;1.858993e-02
3.452563e-02;4.197564e-02;2.417653e-01;2.153896e-01;6.930147e-02;5.665457e-02;2.954333e-02;7.060578e-02;3.175491e-02;6.244423e-02;1.374690e-01;8.570526e-03
2.383414e-02;3.695975e-02;2.877860e-01;1.715057e-01;6.090478e-02;5.450912e-02;6.114609e-02;5.646336e-02;1.624338e-02;1.188798e-01;9.457505e-02;1.719269e-02
4.347429e-02;5.457519e-02;2.928709e-01;1.135080e-01;5.634918e-02;5.959386e-02;8.534689e-02;4.354821e-02;2.476297e-02;1.346958e-01;6.823388e-02;2.304079e-02
8.127255e-02;8.688546e-02;2.520087e-01;7.416243e-02;7.849291e-02;7.116381e-02;8.837798e-02;4.181224e-02;3.220721e-02;1.178045e-01;5.352196e-02;2.229025e-02
8.745642e-02;6.494460e-02;3.095359e-01;1.015075e-01;9.432064e-02;5.198829e-02;6.296273e-02;4.873202e-02;3.192648e-02;6.538848e-02;4.115421e-02;4.008276e-02
5.661768e-02;5.807232e-02;3.087872e-01;8.055510e-02;7.696855e-02;3.620648e-02;8.255317e-02;5.951449e-02;6.030404e-02;7.948974e-02;5.099015e-02;4.994107e-02
7.549256e-02;1.057147e-01;2.600966e-01;4.047737e-02;6.052296e-02;1.005592e-01;7.243162e-02;4.097386e-02;1.064037e-01;7.523078e-02;3.478840e-02;2.730824e-02
3.617041e-02;1.022176e-01;2.880643e-01;3.338295e-02;3.660429e-02;1.168549e-01;7.751909e-02;3.205848e-02;1.435934e-01;9.890136e-02;2.144663e-02;1.318645e-02
2.669982e-02;1.046294e-01;3.160527e-01;3.211382e-02;2.295572e-02;8.575357e-02;8.650187e-02;2.433281e-02;1.461517e-01;1.193304e-01;1.164859e-02;2.382954e-02
2.319249e-02;1.419518e-01;2.701962e-01;3.454444e-02;2.146950e-02;5.075766e-02;8.584199e-02;2.901477e-02;1.882748e-01;9.615574e-02;1.916364e-02;3.943701e-02
3.134879e-02;1.282615e-01;1.388337e-01;3.290291e-02;2.343061e-02;9.780232e-02;5.956112e-02;3.337299e-02;3.333907e-01;6.222799e-02;2.615131e-02;3.271603e-02
5.105120e-02;9.413515e-02;7.059338e-02;2.673323e-02;2.716661e-02;6.626470e-02;5.167769e-02;4.427756e-02;4.280010e-01;6.683928e-02;4.250122e-02;3.075902e-02
7.187554e-02;9.696820e-02;5.885831e-02;1.831099e-02;3.223125e-02;1.557188e-02;5.725742e-02;6.805469e-02;3.682568e-01;6.047988e-02;8.021808e-02;7.191700e-02
8.079624e-02;2.002798e-01;5.328385e-02;4.155361e-02;2.237333e-02;3.589241e-02;4.411643e-02;9.629991e-02;2.352987e-01;4.384393e-02;7.553671e-02;7.072511e-02
8.252798e-02;3.259830e-01;6.059736e-02;6.908276e-02;1.449207e-02;4.068844e-02;3.652460e-02;7.838380e-02;2.028702e-01;3.441996e-02;2.825267e-02;2.617709e-02
7.756501e-02;3.969036e-01;5.946347e-02;9.092820e-02;9.952014e-03;4.088419e-02;2.866115e-02;4.112558e-02;2.097349e-01;2.248185e-02;8.221305e-03;1.407871e-02
8.886877e-02;3.843558e-01;7.986418e-02;1.176450e-01;1.085425e-02;5.266939e-02;1.614301e-02;2.297812e-02;1.946475e-01;1.517816e-02;5.527876e-03;1.126792e-02
9.176285e-02;3.678991e-01;1.014808e-01;1.272968e-01;9.304511e-03;6.442182e-02;1.258500e-02;1.201452e-02;1.807350e-01;1.112161e-02;5.892027e-03;1.548599e-02
7.708658e-02;3.657390e-01;1.249226e-01;1.168223e-01;5.764797e-03;7.315905e-02;1.096665e-02;9.564646e-03;1.775881e-01;1.283162e-02;6.251112e-03;1.930363e-02
6.249221e-02;3.738749e-01;1.375302e-01;9.350727e-02;6.305022e-03;7.985043e-02;9.823149e-03;9.785647e-03;1.872208e-01;1.044398e-02;3.044921e-03;2.612153e-02
5.941059e-02;3.684736e-01;1.131221e-01;8.263401e-02;5.494666e-03;7.532277e-02;8.558404e-03;1.492797e-02;2.313614e-01;8.687019e-03;4.910193e-03;2.709717e-02
6.894783e-02;3.454826e-01;8.317865e-02;8.371703e-02;6.540474e-03;5.794580e-02;9.306353e-03;1.775978e-02;2.952231e-01;8.792006e-03;6.275973e-03;1.683056e-02
8.045619e-02;3.136806e-01;8.423240e-02;6.658537e-02;6.999599e-03;3.759417e-02;1.173011e-02;2.618820e-02;3.390682e-01;1.763713e-02;8.702380e-03;7.125755e-03
1.042874e-01;2.635514e-01;7.695313e-02;5.227700e-02;1.245667e-02;3.095438e-02;2.402903e-02;4.492606e-02;3.185777e-01;1.969359e-02;4.205070e-02;1.024293e-02
1.281385e-01;1.728300e-01;7.772073e-02;5.533081e-02;2.266644e-02;2.795602e-02;3.140660e-02;6.776686e-02;2.439357e-01;4.990749e-02;1.037756e-01;1.856520e-02
1.044131e-01;1.055172e-01;8.333856e-02;5.378581e-02;3.741383e-02;3.494686e-02;6.605402e-02;8.860350e-02;1.709880e-01;8.080035e-02;1.411366e-01;3.300218e-02
1.323723e-01;1.373291e-01;1.455339e-01;3.827647e-02;4.546244e-02;2.244242e-02;8.799712e-02;7.492639e-02;1.119187e-01;6.471933e-02;1.120238e-01;2.699800e-02
1.788581e-01;2.017933e-01;1.759393e-01;1.747214e-02;4.343959e-02;1.843547e-02;7.662810e-02;4.912784e-02;1.164474e-01;2.728170e-02;7.813980e-02;1.643731e-02
1.785774e-01;2.148936e-01;2.383073e-01;1.929730e-02;3.533252e-02;1.990589e-02;7.085992e-02;2.784280e-02;1.035632e-01;1.382639e-02;6.712070e-02;1.047291e-02
1.518050e-01;2.134469e-01;2.876621e-01;4.574898e-02;1.958030e-02;2.815234e-02;6.040360e-02;2.590989e-02;9.140569e-02;1.411916e-02;5.006878e-02;1.169723e-02
9.621531e-02;1.985935e-01;3.545447e-01;5.847347e-02;7.406964e-03;8.446919e-02;3.321677e-02;1.063383e-02;9.560560e-02;1.084881e-02;2.493464e-02;2.505728e-02
4.945547e-02;1.201619e-01;4.512637e-01;6.100775e-02;3.155531e-02;9.670401e-02;3.998758e-02;1.439194e-02;6.651238e-02;2.865561e-02;1.720723e-02;2.309708e-02
3.541601e-02;5.736924e-02;4.539000e-01;9.491726e-02;5.733636e-02;7.637410e-02;6.690555e-02;1.915719e-02;5.494375e-02;4.352474e-02;3.123097e-02;8.924833e-03
3.930550e-02;2.986974e-02;4.121250e-01;1.310160e-01;5.527553e-02;1.008432e-01;5.848367e-02;2.397535e-02;6.361250e-02;3.773606e-02;4.245058e-02;5.306888e-03
2.591185e-02;2.762604e-02;2.992547e-01;1.701207e-01;6.460021e-02;1.570559e-01;3.821542e-02;5.354858e-02;5.322906e-02;3.746035e-02;6.732962e-02;5.647503e-03
1.169413e-02;3.308884e-02;1.853732e-01;1.773173e-01;1.012822e-01;1.626203e-01;3.486440e-02;7.220849e-02;2.981738e-02;1.004150e-01;7.666559e-02;1.465308e-02
1.084936e-02;4.123607e-02;1.810201e-01;1.495740e-01;1.343030e-01;1.031285e-01;2.466092e-02;5.390888e-02;2.148196e-02;1.913616e-01;5.802801e-02;3.044743e-02
1.440634e-02;7.457101e-02;1.661661e-01;1.793042e-01;1.643363e-01;5.869973e-02;3.321022e-02;2.962295e-02;2.195407e-02;1.789170e-01;2.959914e-02;4.921287e-02
2.865377e-02;1.609975e-01;1.282282e-01;1.585424e-01;1.949018e-01;5.672923e-02;2.921602e-02;2.168062e-02;2.671890e-02;9.948854e-02;2.543952e-02;6.940354e-02
3.551728e-02;1.493965e-01;1.653392e-01;1.102937e-01;1.576475e-01;4.285589e-02;5.194042e-02;3.685372e-02;2.251285e-02;7.285775e-02;9.238235e-02;6.240280e-02
2.901063e-02;7.857804e-02;2.272162e-01;1.226664e-01;1.029748e-01;2.789538e-02;6.688159e-02;7.881958e-02;2.250525e-02;6.788106e-02;1.316596e-01;4.391154e-02
1.286665e-02;3.941062e-02;2.451063e-01;1.381736e-01;8.784669e-02;5.106112e-02;6.815644e-02;1.549540e-01;2.437310e-02;6.310273e-02;9.226517e-02;2.268349e-02
5.183843e-03;2.495993e-02;2.628955e-01;1.572360e-01;8.351956e-02;5.812175e-02;4.203566e-02;2.086987e-01;2.106850e-02;3.985098e-02;7.522360e-02;2.120592e-02
6.739364e-03;2.755557e-02;3.025561e-01;1.695727e-01;8.092381e-02;6.182779e-02;1.669399e-02;1.943523e-01;1.220311e-02;1.884351e-02;9.103747e-02;1.769440e-02
1.856664e-02;3.261957e-02;2.584384e-01;1.574818e-01;9.560511e-02;6.949171e-02;3.943666e-02;1.517803e-01;2.552194e-02;2.462627e-02;1.062718e-01;2.015982e-02
2.247849e-02;6.788159e-02;1.647315e-01;1.536911e-01;1.225503e-01;5.993425e-02;5.334451e-02;1.538143e-01;2.794811e-02;2.364035e-02;1.263118e-01;2.367369e-02
1.039026e-02;8.683051e-02;1.389969e-01;1.761132e-01;1.247492e-01;4.037494e-02;2.442873e-02;1.733246e-01;2.115745e-02;1.617848e-02;1.562346e-01;3.122112e-02
5.156808e-03;7.425115e-02;1.925518e-01;1.857549e-01;8.541764e-02;2.161904e-02;6.590071e-03;1.722239e-01;7.850936e-03;1.533054e-02;2.171357e-01;1.611754e-02
1.220619e-02;5.358677e-02;2.465461e-01;1.623637e-01;6.025866e-02;2.092584e-02;1.488382e-02;1.425231e-01;8.180616e-03;2.272432e-02;2.419679e-01;1.383305e-02
1.852115e-02;3.264583e-02;3.105978e-01;1.170158e-01;5.058883e-02;2.556867e-02;2.937318e-02;9.324735e-02;2.236105e-02;5.737871e-02;2.238160e-01;1.888560e-02
3.341514e-02;3.869180e-02;3.631224e-01;6.129872e-02;3.440263e-02;2.584607e-02;4.272473e-02;4.595815e-02;6.117081e-02;1.301573e-01;1.430641e-01;2.014813e-02
6.727878e-02;6.988817e-02;2.961790e-01;5.194109e-02;3.321019e-02;3.072902e-02;4.114697e-02;7.847241e-02;1.015680e-01;1.549909e-01;4.981991e-02;2.477556e-02
1.098997e-01;6.376461e-02;2.162876e-01;5.753165e-02;5.232766e-02;3.056157e-02;4.440476e-02;1.176532e-01;8.738752e-02;1.026110e-01;7.842008e-02;3.915052e-02
1.090377e-01;5.515486e-02;3.209240e-01;6.914087e-02;5.138908e-02;2.032615e-02;4.400800e-02;1.031898e-01;4.592565e-02;4.214612e-02;8.853257e-02;5.022513e-02
1.341065e-01;8.356865e-02;2.765834e-01;6.949395e-02;4.402042e-02;2.824290e-02;3.697906e-02;7.260311e-02;6.524248e-02;6.153921e-02;7.941016e-02;4.821016e-02
1.351459e-01;1.106506e-01;3.169548e-01;7.618156e-02;4.553855e-02;3.493026e-02;3.856286e-02;4.344241e-02;5.775232e-02;7.126109e-02;3.128612e-02;3.829358e-02
1.016187e-01;1.450481e-01;2.852212e-01;1.192763e-01;5.276838e-02;4.444503e-02;3.249108e-02;6.241525e-02;3.381141e-02;5.686859e-02;4.452137e-02;2.151450e-02
5.507987e-02;1.603512e-01;2.627220e-01;1.496474e-01;7.888301e-02;4.942368e-02;2.632883e-02;9.879593e-02;1.907885e-02;4.030282e-02;4.967709e-02;9.709299e-03
2.015594e-02;1.191894e-01;2.733359e-01;1.516827e-01;1.213814e-01;5.833286e-02;2.221463e-02;1.213196e-01;2.846826e-02;3.175412e-02;4.558276e-02;6.582385e-03
1.139299e-02;5.603953e-02;3.241639e-01;1.415431e-01;1.081030e-01;1.033181e-01;3.594790e-02;1.000001e-01;5.678653e-02;1.819264e-02;3.432321e-02;1.018900e-02
1.731826e-02;3.013634e-02;4.559572e-01;9.597380e-02;5.733819e-02;9.607898e-02;6.620582e-02;6.126871e-02;7.386409e-02;1.825143e-02;2.090418e-02;6.703025e-03
1.498388e-02;4.230824e-02;5.862519e-01;5.035572e-02;5.679624e-02;4.842877e-02;7.898497e-02;2.846008e-02;4.316570e-02;3.306529e-02;1.296976e-02;4.229449e-03
1.449135e-02;6.818718e-02;6.379780e-01;3.881545e-02;5.362482e-02;2.256140e-02;4.600823e-02;3.867106e-02;2.584013e-02;3.384411e-02;7.778557e-03;1.219967e-02
2.668271e-02;8.386763e-02;6.323727e-01;3.523763e-02;4.072304e-02;2.464320e-02;1.554012e-02;5.417601e-02;3.757061e-02;2.171198e-02;6.895234e-03;2.057916e-02
4.194289e-02;8.440373e-02;6.020263e-01;4.611250e-02;3.626474e-02;2.869842e-02;2.029883e-02;5.318296e-02;3.976756e-02;1.165463e-02;1.297054e-02;2.267698e-02
4.667110e-02;7.683887e-02;5.432242e-01;5.305906e-02;4.167569e-02;4.916139e-02;3.542024e-02;4.495218e-02;3.135015e-02;2.723610e-02;2.687849e-02;2.353249e-02
3.393980e-02;8.429594e-02;5.050769e-01;4.298399e-02;4.681919e-02;6.275223e-02;4.839025e-02;3.856226e-02;2.422982e-02;4.378891e-02;4.297213e-02;2.618857e-02
4.736467e-02;1.174039e-01;4.895239e-01;2.865553e-02;3.472372e-02;5.236534e-02;4.267481e-02;3.218187e-02;2.767140e-02;4.859798e-02;4.986541e-02;2.897142e-02
4.214083e-02;1.067163e-01;5.663001e-01;4.561894e-02;2.910275e-02;3.209927e-02;4.315026e-02;2.333732e-02;2.179999e-02;3.315230e-02;3.913168e-02;1.745023e-02
4.069443e-02;7.448139e-02;6.001147e-01;5.955518e-02;3.092380e-02;2.996728e-02;5.427196e-02;2.135749e-02;1.729999e-02;2.707279e-02;3.417616e-02;1.008486e-02
5.696559e-02;3.339872e-02;4.519739e-01;4.937931e-02;3.674893e-02;3.440347e-02;8.330412e-02;4.388805e-02;5.645784e-02;7.180505e-02;4.192284e-02;3.975221e-02
7.550068e-02;4.306018e-02;2.314244e-01;5.487305e-02;4.083384e-02;4.860692e-02;1.026233e-01;7.339270e-02;9.805465e-02;1.026634e-01;6.675893e-02;6.220803e-02
6.747062e-02;4.000307e-02;2.288221e-01;6.522279e-02;5.734416e-02;6.229867e-02;1.392542e-01;5.054912e-02;1.005064e-01;8.976674e-02;5.078683e-02;4.797523e-02
2.941350e-02;1.999579e-02;2.125850e-01;5.690959e-02;1.065879e-01;1.039097e-01;2.097660e-01;3.169471e-02;1.027895e-01;5.876292e-02;3.403743e-02;3.354790e-02
2.529515e-02;1.089766e-02;1.166436e-01;3.136299e-02;1.478175e-01;1.498592e-01;3.374188e-01;3.307810e-02;7.936370e-02;2.648747e-02;2.056394e-02;2.121196e-02
1.630802e-02;7.069936e-03;1.162409e-01;1.686987e-02;1.833534e-01;1.503980e-01;3.693756e-01;1.986079e-02;7.887573e-02;1.510767e-02;7.450737e-03;1.908927e-02
7.581800e-03;4.134185e-03;1.303710e-01;1.435573e-02;2.881899e-01;9.616089e-02;2.601827e-01;6.759089e-03;1.551244e-01;1.202323e-02;2.056723e-03;2.306037e-02
3.727745e-03;1.091581e-02;1.306819e-01;2.042937e-02;3.696582e-01;6.072178e-02;1.685831e-01;9.618036e-03;1.798702e-01;1.588303e-02;3.941872e-03;2.596900e-02
5.515992e-03;3.521300e-02;1.368307e-01;6.115642e-02;3.475855e-01;5.865214e-02;1.125691e-01;4.859039e-02;1.235816e-01;3.779905e-02;9.815148e-03;2.269107e-02
5.743191e-03;5.404947e-02;1.829768e-01;1.396203e-01;1.948927e-01;1.136579e-01;7.349233e-02;1.111860e-01;4.830500e-02;4.581701e-02;1.946413e-02;1.079516e-02
4.716183e-03;3.446380e-02;2.383363e-01;2.030246e-01;1.023422e-01;1.812340e-01;4.305087e-02;1.125170e-01;2.059948e-02;2.524533e-02;2.981977e-02;4.650510e-03
4.519754e-03;1.226056e-02;2.902904e-01;2.446766e-01;8.309887e-02;1.962514e-01;4.608735e-02;5.774945e-02;1.468926e-02;1.043328e-02;3.494773e-02;4.995308e-03
1.082023e-02;2.112745e-02;3.143227e-01;2.684864e-01;9.407232e-02;1.561629e-01;3.519210e-02;3.764778e-02;9.025429e-03;1.164512e-02;3.864389e-02;2.853681e-03
4.120686e-02;2.441329e-02;3.521565e-01;2.191299e-01;9.697310e-02;1.161739e-01;4.285604e-02;3.657096e-02;5.724526e-03;1.259489e-02;4.768449e-02;4.515580e-03
9.008592e-02;3.651595e-02;3.896759e-01;1.270740e-01;9.114560e-02;7.767790e-02;4.752910e-02;3.943206e-02;1.165734e-02;2.196293e-02;4.816552e-02;1.907779e-02
1.165130e-01;5.145698e-02;3.891978e-01;7.163101e-02;8.794111e-02;4.583785e-02;3.829063e-02;4.611916e-02;2.898229e-02;3.376096e-02;3.856460e-02;5.170463e-02
8.727547e-02;1.235745e-01;2.545335e-01;8.833729e-02;7.527456e-02;6.970834e-02;4.107047e-02;5.231960e-02;7.118673e-02;3.032846e-02;3.676576e-02;6.962531e-02
3.653275e-02;1.590259e-01;3.248560e-01;9.555466e-02;3.812090e-02;8.079758e-02;2.290544e-02;3.806214e-02;8.186726e-02;1.040083e-02;2.829820e-02;8.357834e-02
3.248636e-02;9.573636e-02;4.324200e-01;5.704850e-02;3.955914e-02;5.600573e-02;2.375289e-02;5.892011e-02;5.101064e-02;2.716419e-02;1.174136e-02;1.141547e-01
6.245531e-02;4.760588e-02;4.604701e-01;3.188677e-02;6.580990e-02;3.205356e-02;4.209861e-02;6.757998e-02;2.693263e-02;6.718414e-02;7.985839e-03;8.793732e-02
1.097236e-01;3.155401e-02;4.276170e-01;2.696749e-02;9.967903e-02;2.776557e-02;6.182736e-02;4.445510e-02;1.583308e-02;1.058311e-01;9.001232e-03;3.974548e-02
1.148657e-01;4.140394e-02;4.098753e-01;2.482022e-02;1.011469e-01;2.610651e-02;6.049109e-02;4.408985e-02;1.806270e-02;1.248937e-01;8.196877e-03;2.604729e-02
7.013850e-02;4.611412e-02;4.238393e-01;4.467197e-02;6.495044e-02;4.232901e-02;4.446523e-02;8.426438e-02;2.538260e-02;9.843031e-02;1.392935e-02;4.148482e-02
6.523751e-02;7.192364e-02;3.951851e-01;7.608494e-02;3.015288e-02;5.465724e-02;3.610502e-02;9.888771e-02;4.932210e-02;5.502111e-02;2.074356e-02;4.667918e-02
1.229334e-01;7.317530e-02;3.479410e-01;7.037449e-02;2.797418e-02;5.788296e-02;4.060667e-02;8.764909e-02;6.678917e-02;2.853877e-02;2.944455e-02;4.669046e-02
1.367663e-01;5.903217e-02;2.995063e-01;3.809999e-02;4.121794e-02;5.383637e-02;7.757965e-02;7.625258e-02;6.404200e-02;5.231000e-02;3.781158e-02;6.354517e-02
9.029350e-02;5.291744e-02;2.940734e-01;3.575214e-02;5.171010e-02;3.593381e-02;7.266372e-02;5.660531e-02;9.479231e-02;1.013481e-01;5.717260e-02;5.673763e-02
3.933249e-02;5.525329e-02;2.404428e-01;6.445391e-02;6.353469e-02;3.808411e-02;4.599090e-02;6.383772e-02;1.561576e-01;1.454389e-01;5.483511e-02;3.263851e-02
6.027764e-02;5.869070e-02;1.484706e-01;7.930136e-02;5.940188e-02;3.191810e-02;5.788495e-02;1.497959e-01;1.583298e-01;1.030369e-01;5.371221e-02;3.918000e-02
5.831571e-02;5.784882e-02;2.288938e-01;7.063455e-02;9.432400e-02;4.074017e-02;9.131926e-02;1.087714e-01;1.078378e-01;4.947707e-02;4.486190e-02;4.697548e-02
4.510470e-02;5.480651e-02;1.691939e-01;4.927776e-02;1.425751e-01;5.677982e-02;1.283739e-01;5.625574e-02;1.426620e-01;4.299682e-02;3.664310e-02;7.533066e-02
2.588255e-02;2.984293e-02;8.844218e-02;3.117289e-02;1.937087e-01;6.521060e-02;1.305023e-01;9.007864e-02;1.976950e-01;2.470329e-02;2.382616e-02;9.893479e-02
8.941702e-03;8.683324e-03;7.865003e-02;1.052418e-01;2.240593e-01;5.971335e-02;9.407946e-02;1.195083e-01;1.751583e-01;1.900956e-02;1.653690e-02;9.041800e-02
5.983101e-03;1.777041e-02;1.007089e-01;2.827223e-01;2.185451e-01;4.034749e-02;5.993892e-02;6.543519e-02;8.942173e-02;3.484026e-02;2.832595e-02;5.596063e-02
6.544534e-03;2.695489e-02;1.733646e-01;3.936312e-01;1.556529e-01;1.932319e-02;3.459247e-02;5.236768e-02;2.925146e-02;4.132648e-02;5.005461e-02;1.693599e-02
9.177986e-03;2.414999e-02;2.310868e-01;3.634129e-01;1.085749e-01;1.819088e-02;2.621530e-02;7.566969e-02;2.224320e-02;2.910446e-02;7.681528e-02;1.535860e-02
1.040477e-02;2.079240e-02;3.419951e-01;2.864836e-01;7.539872e-02;1.975118e-02;2.012221e-02;5.913483e-02;2.887395e-02;3.203661e-02;8.386414e-02;2.114248e-02
1.721585e-02;3.488699e-02;4.862469e-01;1.763652e-01;4.062055e-02;1.252167e-02;3.147030e-02;3.172484e-02;6.718891e-02;3.420695e-02;5.564198e-02;1.190996e-02
4.941993e-02;7.334695e-02;4.535968e-01;8.207038e-02;3.089803e-02;1.142985e-02;4.394687e-02;2.794718e-02;1.125923e-01;7.186127e-02;2.892204e-02;1.396847e-02
8.816600e-02;8.172051e-02;3.185579e-01;4.102371e-02;2.813687e-02;2.255062e-02;6.912006e-02;5.545342e-02;1.420943e-01;9.857397e-02;2.931509e-02;2.528751e-02
9.339807e-02;6.348576e-02;2.358129e-01;5.261815e-02;3.961108e-02;3.015725e-02;9.526364e-02;6.567803e-02;1.278616e-01;9.362607e-02;6.887809e-02;3.360941e-02
3.752927e-02;6.447522e-02;3.339611e-01;7.689602e-02;6.384866e-02;3.248155e-02;6.408176e-02;5.854912e-02;6.730402e-02;8.101245e-02;9.386936e-02;2.599147e-02
3.899106e-02;8.474337e-02;3.554230e-01;9.102681e-02;5.883089e-02;1.787725e-02;8.691202e-02;5.820715e-02;4.589733e-02;7.545815e-02;6.496232e-02;2.167065e-02
