3.718771e-02;1.461581e-01;7.340049e-02;3.982173e-02;4.304009e-02;1.393374e-01;5.954996e-02;2.384569e-01;1.166752e-01;3.923550e-02;3.111865e-02;3.601823e-02
2.502385e-02;7.256710e-02;8.544766e-02;5.847305e-02;7.015870e-02;2.049841e-01;5.609534e-02;1.805941e-01;1.149308e-01;4.096828e-02;5.408056e-02;3.667643e-02
2.442327e-02;4.352127e-02;6.948356e-02;4.850375e-02;6.767303e-02;2.508731e-01;7.998607e-02;1.029837e-01;1.245034e-01;4.493400e-02;9.721781e-02;4.589711e-02
2.545016e-02;3.391805e-02;7.096190e-02;2.695311e-02;3.456488e-02;2.613005e-01;1.181476e-01;5.090652e-02;1.344090e-01;4.557768e-02;1.380014e-01;5.980932e-02
2.057046e-02;2.691635e-02;6.666563e-02;1.774002e-02;1.884858e-02;2.499491e-01;1.538393e-01;6.719807e-02;1.497478e-01;3.629963e-02;1.275761e-01;6.464908e-02
1.795953e-02;3.353769e-02;7.538582e-02;1.879387e-02;2.015781e-02;2.852052e-01;1.602116e-01;6.953061e-02;1.238751e-01;2.660238e-02;1.024610e-01;6.627941e-02
2.011073e-02;5.120560e-02;8.859272e-02;1.594117e-02;1.695541e-02;3.011806e-01;1.288394e-01;6.243108e-02;1.044401e-01;2.785390e-02;1.100902e-01;7.235902e-02
2.808422e-02;7.412147e-02;9.803496e-02;3.297296e-02;3.492907e-02;2.749308e-01;6.865440e-02;7.282140e-02;1.033183e-01;3.651927e-02;1.038113e-01;7.180184e-02
1.753683e-02;6.243199e-02;1.030511e-01;3.663668e-02;6.116369e-02;1.553055e-01;4.790673e-02;1.479574e-01;1.548066e-01;3.555597e-02;8.685527e-02;9.079232e-02
2.360176e-02;5.565806e-02;9.434953e-02;6.017807e-02;6.215511e-02;1.165070e-01;5.612532e-02;1.619608e-01;1.598078e-01;3.688602e-02;8.988987e-02;8.288054e-02
3.081075e-02;3.440922e-02;1.027472e-01;5.403990e-02;3.616222e-02;1.307049e-01;6.755367e-02;1.341663e-01;1.762187e-01;5.213703e-02;1.183084e-01;6.274173e-02
2.740817e-02;5.833836e-02;9.847319e-02;3.252802e-02;3.535787e-02;1.458458e-01;9.394290e-02;1.216998e-01;1.709374e-01;4.455349e-02;1.242281e-01;4.668694e-02
2.685010e-02;3.947486e-02;8.214728e-02;5.177057e-02;4.784218e-02;1.924956e-01;1.317439e-01;1.118660e-01;1.202543e-01;4.803718e-02;9.591960e-02;5.159846e-02
2.669568e-02;6.288154e-02;8.567205e-02;5.485185e-02;5.678656e-02;1.841931e-01;1.523320e-01;5.961008e-02;1.319245e-01;7.473974e-02;6.505665e-02;4.525620e-02
4.788247e-02;8.393206e-02;6.803904e-02;7.259732e-02;5.649828e-02;1.321654e-01;1.320423e-01;6.923675e-02;1.604200e-01;1.040650e-01;3.613644e-02;3.698488e-02
5.771605e-02;7.591137e-02;5.980556e-02;8.488235e-02;5.046404e-02;1.221466e-01;1.271331e-01;9.001419e-02;1.532605e-01;1.150292e-01;3.571673e-02;2.792025e-02
4.899110e-02;7.980647e-02;6.341106e-02;7.959180e-02;5.610902e-02;1.457158e-01;1.089552e-01;9.706905e-02;1.424197e-01;1.034401e-01;4.786877e-02;2.662190e-02
3.699378e-02;1.127916e-01;6.532411e-02;4.143509e-02;6.380073e-02;1.954828e-01;9.603289e-02;1.039901e-01;1.294562e-01;7.445771e-02;4.372301e-02;3.651197e-02
2.133201e-02;1.627269e-01;1.695721e-01;3.605314e-02;3.976986e-02;1.695527e-01;6.246420e-02;1.078949e-01;1.251435e-01;5.728619e-02;2.305297e-02;2.515156e-02
3.548507e-02;2.408259e-01;2.366757e-01;1.946145e-02;1.925857e-02;1.080560e-01;7.361246e-02;8.579809e-02;9.285150e-02;4.771031e-02;2.500734e-02;1.525764e-02
4.174373e-02;3.187204e-01;2.739689e-01;2.298770e-02;1.439887e-02;5.639382e-02;7.239564e-02;4.493336e-02;8.531603e-02;4.269641e-02;1.297197e-02;1.347318e-02
4.080417e-02;3.599308e-01;2.857868e-01;2.844080e-02;1.114503e-02;4.849281e-02;5.862781e-02;4.031707e-02;8.050657e-02;2.625376e-02;7.701721e-03;1.199258e-02
4.316359e-02;3.655096e-01;2.743455e-01;2.204352e-02;1.112134e-02;3.631959e-02;9.403995e-02;3.846020e-02;7.055686e-02;2.236275e-02;8.037479e-03;1.403973e-02
4.448090e-02;3.086071e-01;2.471687e-01;1.161245e-02;1.869667e-02;4.167224e-02;1.504504e-01;5.722516e-02;5.579351e-02;3.930980e-02;8.810185e-03;1.617284e-02
3.644010e-02;2.029311e-01;2.198088e-01;1.438924e-02;2.901212e-02;1.122579e-01;1.599913e-01;9.292452e-02;5.982435e-02;3.722493e-02;1.404736e-02;2.114830e-02
1.758604e-02;9.422310e-02;1.758582e-01;1.538140e-02;3.231080e-02;1.975781e-01;1.417327e-01;1.244641e-01;1.002103e-01;3.771977e-02;3.700188e-02;2.593374e-02
1.679291e-02;7.217994e-02;1.531167e-01;2.104754e-02;3.926654e-02;2.159998e-01;1.351767e-01;9.317116e-02;9.487586e-02;6.918840e-02;5.111963e-02;3.806476e-02
3.273195e-02;1.669150e-01;1.605485e-01;2.388819e-02;2.698703e-02;1.425134e-01;1.531272e-01;6.725044e-02;7.658285e-02;7.907050e-02;3.120192e-02;3.918297e-02
5.232832e-02;2.280512e-01;1.960726e-01;1.716690e-02;1.557106e-02;8.387722e-02;1.376235e-01;7.219485e-02;7.639438e-02;6.586561e-02;1.913529e-02;3.571919e-02
6.082261e-02;2.345051e-01;2.150105e-01;1.135612e-02;1.268882e-02;5.686242e-02;7.863270e-02;1.421316e-01;9.508769e-02;4.430072e-02;2.080944e-02;2.779233e-02
6.813861e-02;1.699859e-01;1.981795e-01;1.880239e-02;1.444980e-02;6.557402e-02;3.217015e-02;2.069189e-01;1.166652e-01;4.414652e-02;2.786800e-02;3.710110e-02
6.994900e-02;1.390426e-01;1.903994e-01;1.718413e-02;1.572372e-02;5.846620e-02;4.335292e-02;2.440142e-01;1.069056e-01;4.047683e-02;2.991413e-02;4.457127e-02
5.928124e-02;2.142074e-01;2.133599e-01;1.015050e-02;2.736337e-02;4.477657e-02;5.445800e-02;2.549598e-01;4.720495e-02;3.155235e-02;1.953184e-02;2.315416e-02
5.854234e-02;2.230269e-01;2.157827e-01;1.285062e-02;4.247245e-02;7.176908e-02;4.339688e-02;2.342608e-01;3.394767e-02;3.232112e-02;1.676286e-02;1.486651e-02
7.966951e-02;2.438385e-01;2.283193e-01;2.163369e-02;6.212203e-02;7.164169e-02;2.983310e-02;1.607940e-01;3.959116e-02;2.850314e-02;2.184439e-02;1.220947e-02
1.229277e-01;2.866031e-01;2.130408e-01;2.681881e-02;6.326339e-02;5.321615e-02;2.553788e-02;8.904988e-02;3.346717e-02;4.285577e-02;2.927446e-02;1.394494e-02
1.651018e-01;3.098200e-01;1.626931e-01;1.707923e-02;4.760766e-02;3.689611e-02;2.243674e-02;1.034989e-01;4.469776e-02;3.961999e-02;3.579179e-02;1.475704e-02
1.621837e-01;3.234105e-01;1.849586e-01;1.518838e-02;3.726043e-02;2.826983e-02;1.339009e-02;1.046660e-01;4.454165e-02;3.510650e-02;3.239352e-02;1.863074e-02
1.377131e-01;2.984410e-01;2.044548e-01;1.221704e-02;3.325008e-02;2.741060e-02;2.066606e-02;1.157669e-01;4.151979e-02;6.071603e-02;2.092246e-02;2.692217e-02
1.064424e-01;2.826290e-01;2.130135e-01;1.268149e-02;2.894585e-02;4.432512e-02;4.199202e-02;1.069957e-01;4.442094e-02;7.079481e-02;1.948481e-02;2.827435e-02
8.629237e-02;2.380359e-01;2.167487e-01;1.367936e-02;3.197748e-02;6.705089e-02;5.810229e-02;1.111307e-01;6.205722e-02;4.887570e-02;2.349675e-02;4.255268e-02
9.331072e-02;1.978632e-01;2.148847e-01;2.119203e-02;3.237057e-02;8.503507e-02;6.997669e-02;1.320633e-01;5.608161e-02;3.156663e-02;2.146357e-02;4.419186e-02
1.183613e-01;2.777966e-01;2.030716e-01;1.588110e-02;3.538324e-02;6.525375e-02;3.571235e-02;1.462852e-01;4.372187e-02;2.535663e-02;1.353771e-02;1.963856e-02
1.339580e-01;2.952535e-01;1.775244e-01;1.066057e-02;4.628118e-02;2.985232e-02;3.720720e-02;1.712923e-01;4.373902e-02;1.812178e-02;1.958022e-02;1.652957e-02
1.455301e-01;3.214940e-01;7.994967e-02;1.071060e-02;5.324970e-02;5.978427e-02;3.494040e-02;1.542366e-01;4.719441e-02;3.251212e-02;2.890980e-02;3.148827e-02
1.304743e-01;3.647315e-01;1.205711e-01;1.716836e-02;5.886604e-02;6.163004e-02;2.688758e-02;8.554024e-02;5.156428e-02;3.351638e-02;2.249293e-02;2.655720e-02
1.090559e-01;3.347112e-01;1.433355e-01;1.484812e-02;7.399439e-02;5.548502e-02;4.750902e-02;1.182823e-01;4.191384e-02;2.828828e-02;1.396123e-02;1.861523e-02
1.128713e-01;3.027693e-01;1.344329e-01;8.327323e-03;8.875855e-02;4.289603e-02;4.666211e-02;1.813702e-01;3.084596e-02;1.911472e-02;1.117040e-02;2.078115e-02
1.249103e-01;2.931643e-01;1.260785e-01;7.420602e-03;9.497415e-02;3.517066e-02;2.977384e-02;2.162045e-01;2.792754e-02;1.023331e-02;1.710622e-02;1.703614e-02
1.265126e-01;2.980797e-01;1.468412e-01;1.077444e-02;8.331110e-02;3.652703e-02;1.620254e-02;1.927025e-01;3.110933e-02;1.274512e-02;2.409203e-02;2.110238e-02
1.336179e-01;2.516239e-01;1.323881e-01;1.052629e-02;7.519822e-02;5.908392e-02;3.775499e-02;1.842314e-01;3.605114e-02;2.139285e-02;3.145852e-02;2.667266e-02
1.197739e-01;2.095471e-01;1.293425e-01;1.334344e-02;4.319410e-02;9.208186e-02;9.488735e-02;1.904000e-01;3.134578e-02;1.917655e-02;2.782575e-02;2.908154e-02
8.639821e-02;3.383221e-01;1.784985e-01;1.149242e-02;4.078599e-02;5.903974e-02;7.602135e-02;1.314504e-01;3.706971e-02;1.017002e-02;1.169471e-02;1.905684e-02
7.161447e-02;3.938941e-01;2.094318e-01;1.276456e-02;3.835423e-02;5.971542e-02;5.548248e-02;9.599891e-02;3.679293e-02;8.571463e-03;7.763659e-03;9.615935e-03
6.898156e-02;4.111509e-01;2.104612e-01;1.105743e-02;2.959889e-02;4.738494e-02;5.908279e-02;8.723893e-02;3.733157e-02;1.033459e-02;1.331163e-02;1.406563e-02
7.404301e-02;4.023922e-01;1.781413e-01;1.693278e-02;3.775644e-02;2.901077e-02;5.669757e-02;8.518215e-02;3.892040e-02;2.039715e-02;3.196949e-02;2.855672e-02
8.338808e-02;3.337056e-01;1.542779e-01;2.884917e-02;4.657174e-02;3.586104e-02;3.829731e-02;1.196803e-01;5.369727e-02;2.879724e-02;4.269718e-02;3.417711e-02
1.173352e-01;2.973469e-01;1.353209e-01;2.641702e-02;5.272316e-02;3.716246e-02;1.871558e-02;1.673686e-01;4.597229e-02;3.220615e-02;4.042314e-02;2.900866e-02
1.403596e-01;2.452709e-01;1.741147e-01;1.600732e-02;5.226381e-02;2.371209e-02;3.152836e-02;2.112603e-01;2.836939e-02;3.313773e-02;2.574925e-02;1.822664e-02
1.384773e-01;2.078370e-01;2.228886e-01;1.095290e-02;4.647196e-02;2.105515e-02;4.005405e-02;2.177465e-01;3.600881e-02;2.439667e-02;1.582037e-02;1.829063e-02
1.234211e-01;1.986828e-01;2.040712e-01;1.390212e-02;4.108588e-02;4.047422e-02;5.670029e-02;1.795203e-01;6.844720e-02;3.307664e-02;1.063906e-02;2.997908e-02
9.639645e-02;1.956343e-01;1.397067e-01;2.474683e-02;4.617635e-02;6.261339e-02;9.271356e-02;1.154611e-01;9.273255e-02;6.666248e-02;2.153582e-02;4.562048e-02
6.733767e-02;2.071262e-01;1.294715e-01;3.340045e-02;4.219415e-02;9.630890e-02;8.626904e-02;9.094020e-02;9.405220e-02;8.400077e-02;3.337210e-02;3.552687e-02
9.164887e-02;1.408032e-01;1.303281e-01;1.995204e-02;5.491466e-02;1.607173e-01;5.293512e-02;1.275757e-01;8.270413e-02;5.939237e-02;4.351733e-02;3.551129e-02
1.233621e-01;1.143460e-01;7.631586e-02;1.575008e-02;6.217973e-02;1.618082e-01;3.807424e-02;1.565767e-01;1.108629e-01;5.172310e-02;4.938095e-02;3.962011e-02
1.011234e-01;1.711287e-01;6.445426e-02;2.759334e-02;4.716865e-02;9.231347e-02;7.899614e-02;1.576766e-01;9.879687e-02;5.427126e-02;3.394922e-02;7.252809e-02
7.971238e-02;1.924763e-01;1.100510e-01;4.230054e-02;3.660657e-02;5.863962e-02;8.399071e-02;1.357102e-01;8.779167e-02;5.838505e-02;2.430428e-02;9.003177e-02
7.815763e-02;2.002545e-01;1.883648e-01;3.805798e-02;3.426445e-02;5.239919e-02;5.162508e-02;1.205782e-01;8.626564e-02;5.697432e-02;2.418930e-02;6.886893e-02
6.986709e-02;2.145278e-01;1.883022e-01;2.791519e-02;2.440958e-02;7.576314e-02;7.914966e-02;1.547791e-01;7.261338e-02;4.702702e-02;1.378458e-02;3.186134e-02
6.905791e-02;2.287299e-01;1.653685e-01;1.769588e-02;2.733522e-02;8.786473e-02;8.133888e-02;1.776405e-01;6.626686e-02;4.048787e-02;1.527154e-02;2.294236e-02
8.310445e-02;2.672272e-01;1.613126e-01;1.659094e-02;3.447642e-02;9.668691e-02;2.721377e-02;1.622170e-01;6.484649e-02;4.224135e-02;2.266611e-02;2.141679e-02
7.074229e-02;2.598484e-01;1.512842e-01;1.974737e-02;4.314557e-02;9.099345e-02;1.922974e-02;1.656042e-01;8.349299e-02;4.936234e-02;2.619386e-02;2.035566e-02
5.422805e-02;2.384171e-01;1.319016e-01;3.143169e-02;5.268040e-02;8.305874e-02;2.351995e-02;1.890848e-01;1.049264e-01;4.960032e-02;2.510959e-02;1.604133e-02
4.757745e-02;2.018193e-01;1.338934e-01;2.874037e-02;6.416235e-02;9.680793e-02;3.859591e-02;1.952816e-01;1.009791e-01;5.348873e-02;2.144691e-02;1.720701e-02
3.546308e-02;1.362144e-01;1.363659e-01;3.787674e-02;6.767798e-02;1.183067e-01;4.469753e-02;2.145312e-01;9.987654e-02;6.220466e-02;2.417661e-02;2.260874e-02
5.990250e-02;1.698784e-01;1.281834e-01;6.601536e-02;4.216699e-02;7.050819e-02;7.245681e-02;1.961109e-01;8.143713e-02;5.855955e-02;1.660100e-02;3.817982e-02
7.202500e-02;2.190699e-01;1.388255e-01;6.247303e-02;2.991170e-02;4.205326e-02;1.134243e-01;1.651719e-01;4.363099e-02;6.350356e-02;6.429532e-03;4.348124e-02
7.248521e-02;2.551727e-01;1.769829e-01;4.824701e-02;3.058661e-02;2.743505e-02;9.498824e-02;1.264771e-01;4.428414e-02;5.674040e-02;1.006212e-02;5.653862e-02
7.998701e-02;2.517787e-01;2.017396e-01;3.271687e-02;4.236341e-02;5.755877e-02;7.948572e-02;9.194873e-02;6.531279e-02;3.674833e-02;1.624838e-02;4.411161e-02
8.470391e-02;2.067263e-01;2.183122e-01;1.923993e-02;4.367166e-02;7.615741e-02;8.611813e-02;9.806929e-02;9.962956e-02;2.328181e-02;1.717816e-02;2.691170e-02
8.215493e-02;2.464627e-01;1.562868e-01;2.532304e-02;2.888082e-02;8.172863e-02;1.008803e-01;1.424693e-01;7.775034e-02;2.236700e-02;1.236856e-02;2.332767e-02
9.868731e-02;2.426437e-01;1.482522e-01;2.310608e-02;2.599020e-02;8.611890e-02;1.062855e-01;1.523419e-01;5.055238e-02;2.585045e-02;1.427188e-02;2.589943e-02
1.267814e-01;2.049843e-01;1.315970e-01;2.825552e-02;3.688562e-02;6.294989e-02;5.936738e-02;1.633720e-01;8.563268e-02;3.765753e-02;1.436772e-02;4.814893e-02
1.248450e-01;2.542124e-01;1.185302e-01;1.993775e-02;2.962631e-02;9.111302e-02;1.896419e-02;1.565392e-01;7.454576e-02;4.355257e-02;1.701668e-02;5.111693e-02
9.635480e-02;2.024762e-01;1.728716e-01;3.149439e-02;1.937927e-02;9.826830e-02;3.780239e-02;1.349273e-01;5.118182e-02;5.235816e-02;4.901344e-02;5.387239e-02
6.259196e-02;1.780079e-01;1.862377e-01;4.393432e-02;3.086099e-02;1.121961e-01;6.335859e-02;1.095112e-01;5.202931e-02;5.102522e-02;6.158747e-02;4.865922e-02
4.963202e-02;1.692042e-01;1.991635e-01;4.778637e-02;3.953245e-02;1.027373e-01;9.674634e-02;1.269848e-01;4.613180e-02;3.769067e-02;3.789006e-02;4.650053e-02
6.054889e-02;1.674078e-01;1.888613e-01;6.516954e-02;2.979345e-02;6.288328e-02;1.459070e-01;1.485479e-01;4.095142e-02;2.948422e-02;1.291925e-02;4.752589e-02
6.397074e-02;1.399754e-01;1.333316e-01;9.986435e-02;1.311817e-02;5.285676e-02;2.088168e-01;1.354505e-01;3.529080e-02;4.449112e-02;1.110644e-02;6.172734e-02
5.183345e-02;8.326351e-02;7.933403e-02;1.459056e-01;1.252078e-02;4.528839e-02;2.725471e-01;1.001095e-01;3.398377e-02;5.504239e-02;1.737506e-02;1.027964e-01
3.504328e-02;9.584439e-02;4.525320e-02;1.419852e-01;2.322920e-02;7.150317e-02;2.808024e-01;6.374235e-02;4.732909e-02;4.873071e-02;3.759385e-02;1.089431e-01
3.264000e-02;1.081906e-01;6.760325e-02;8.572676e-02;2.602366e-02;1.277570e-01;2.052583e-01;1.149000e-01;8.038395e-02;3.672715e-02;5.088862e-02;6.390067e-02
4.365488e-02;1.476949e-01;1.026584e-01;5.304153e-02;3.006149e-02;1.924152e-01;1.280335e-01;1.248268e-01;7.394367e-02;3.158055e-02;3.666132e-02;3.542775e-02
3.730980e-02;1.277704e-01;1.078415e-01;9.685813e-02;6.754882e-02;2.239407e-01;4.605198e-02;8.414154e-02;6.189637e-02;6.686832e-02;4.101259e-02;3.875984e-02
3.766183e-02;5.890268e-02;9.034196e-02;9.737449e-02;8.437230e-02;2.197181e-01;6.535990e-02;5.264751e-02;7.141447e-02;1.094924e-01;6.523715e-02;4.747721e-02
3.197362e-02;5.999993e-02;1.018302e-01;4.801244e-02;6.978520e-02;2.163393e-01;9.478755e-02;3.236485e-02;9.441979e-02;1.310481e-01;7.573841e-02;4.370068e-02
3.261341e-02;6.441581e-02;1.095790e-01;1.292001e-02;5.452691e-02;2.376576e-01;1.097096e-01;2.862117e-02;1.034991e-01;1.320504e-01;7.971517e-02;3.469185e-02
3.038621e-02;4.795807e-02;9.732468e-02;1.338020e-02;4.336402e-02;2.500089e-01;1.218941e-01;5.912449e-02;1.185946e-01;1.000823e-01;8.073449e-02;3.714786e-02
2.499527e-02;2.269901e-02;9.585561e-02;2.619357e-02;5.441238e-02;2.588904e-01;1.205152e-01;8.871047e-02;1.217612e-01;6.600495e-02;7.914560e-02;4.081629e-02
2.669426e-02;6.051320e-02;8.587696e-02;3.615900e-02;7.490569e-02;2.261883e-01;1.192231e-01;1.136689e-01;1.050352e-01;4.121428e-02;6.680438e-02;4.371672e-02
3.967454e-02;1.150229e-01;7.940413e-02;4.613077e-02;8.158194e-02;1.392155e-01;9.404755e-02;1.352961e-01;1.152405e-01;4.465606e-02;6.562953e-02;4.410043e-02
4.573489e-02;1.606583e-01;1.259588e-01;5.639855e-02;4.565355e-02;8.544214e-02;7.711625e-02;1.161418e-01;1.247200e-01;5.019430e-02;7.401732e-02;3.796408e-02
4.835244e-02;1.490698e-01;1.681629e-01;6.008114e-02;3.320454e-02;8.442935e-02;8.430987e-02;5.026694e-02;1.264256e-01;6.283227e-02;7.526980e-02;5.759529e-02
3.472932e-02;1.398394e-01;1.510405e-01;4.675212e-02;2.955997e-02;1.368459e-01;5.300765e-02;1.046307e-01;1.336637e-01;7.024348e-02;6.015088e-02;3.953624e-02
5.127801e-02;1.874563e-01;1.244546e-01;3.160106e-02;3.464322e-02;1.495845e-01;8.282391e-02;9.044971e-02;1.054475e-01;5.458866e-02;5.138816e-02;3.628438e-02
5.174994e-02;1.824143e-01;1.115281e-01;2.754175e-02;3.955663e-02;1.790068e-01;9.282407e-02;9.246028e-02;8.972250e-02;4.403072e-02;4.708883e-02;4.207607e-02
3.781024e-02;1.190646e-01;1.109888e-01;2.314192e-02;4.295495e-02;2.552643e-01;7.841250e-02;1.211670e-01;7.022912e-02;4.283835e-02;5.613083e-02;4.199726e-02
3.245207e-02;9.113790e-02;9.460618e-02;2.811317e-02;2.181510e-02;2.545951e-01;1.268787e-01;1.408482e-01;6.396357e-02;5.216689e-02;5.393949e-02;3.948363e-02
3.568846e-02;1.066727e-01;8.008508e-02;4.050187e-02;3.334547e-02;1.908467e-01;1.464837e-01;1.356561e-01;9.358857e-02;6.455036e-02;3.923723e-02;3.334374e-02
4.404646e-02;1.455495e-01;9.963343e-02;4.799674e-02;4.734027e-02;1.025937e-01;1.299243e-01;1.281468e-01;1.030073e-01;6.729379e-02;4.307783e-02;4.138989e-02
4.893427e-02;1.932077e-01;1.325491e-01;4.359847e-02;4.512236e-02;7.828192e-02;9.133424e-02;8.242083e-02;9.700002e-02;7.177448e-02;4.740974e-02;6.836683e-02
5.302233e-02;1.607466e-01;1.011529e-01;4.209915e-02;3.245844e-02;6.921907e-02;1.229259e-01;1.128192e-01;9.443036e-02;5.894256e-02;5.264737e-02;9.953620e-02
5.212685e-02;9.175621e-02;1.134893e-01;8.413670e-02;2.592273e-02;9.098269e-02;1.653389e-01;8.095105e-02;6.543639e-02;2.792485e-02;5.533783e-02;1.465965e-01
3.382913e-02;5.111481e-02;9.074850e-02;1.454639e-01;2.268054e-02;8.247968e-02;2.458544e-01;4.654515e-02;3.703371e-02;1.198426e-02;4.128592e-02;1.909799e-01
3.654112e-02;2.093727e-02;4.194696e-02;2.106043e-01;1.857106e-02;5.355906e-02;3.328656e-01;4.957151e-02;2.167645e-02;1.386696e-02;1.466299e-02;1.851968e-01
1.722106e-02;1.786144e-02;2.360421e-02;2.422158e-01;3.181839e-02;8.758075e-02;3.684474e-01;4.338552e-02;1.827165e-02;1.100259e-02;1.370123e-02;1.248899e-01
1.032638e-02;1.925727e-02;2.490937e-02;2.055690e-01;5.263067e-02;1.443293e-01;3.920292e-01;2.917927e-02;1.972386e-02;1.038741e-02;2.515513e-02;6.650316e-02
1.003689e-02;1.691922e-02;3.625979e-02;9.653779e-02;4.119519e-02;2.426001e-01;4.031270e-01;2.653248e-02;3.944873e-02;1.151093e-02;3.516730e-02;4.066460e-02
5.807361e-03;1.517139e-02;3.282833e-02;1.930236e-02;2.876280e-02;3.242542e-01;3.427425e-01;3.936558e-02;7.024314e-02;2.414246e-02;5.278278e-02;4.459705e-02
1.250212e-02;2.146375e-02;3.565596e-02;2.305845e-02;1.886537e-02;3.273752e-01;2.397936e-01;4.476149e-02;1.032258e-01;4.941870e-02;6.709154e-02;5.678798e-02
2.915734e-02;3.352811e-02;4.729734e-02;4.272341e-02;3.054132e-02;3.060494e-01;1.555450e-01;6.350397e-02;1.046583e-01;4.873824e-02;6.943052e-02;6.882694e-02
4.045155e-02;5.968114e-02;6.358340e-02;8.145759e-02;4.158781e-02;2.848239e-01;7.617258e-02;9.255993e-02;7.523236e-02;3.042277e-02;6.810650e-02;8.592045e-02
3.692396e-02;7.212171e-02;8.408498e-02;9.912499e-02;3.302548e-02;2.196941e-01;8.029833e-02;9.832412e-02;8.085414e-02;3.396448e-02;7.910978e-02;8.247393e-02
3.455398e-02;8.203415e-02;1.018495e-01;7.911931e-02;2.649450e-02;1.295025e-01;1.162653e-01;1.290747e-01;1.138186e-01;3.232882e-02;9.800631e-02;5.695234e-02
2.763305e-02;3.125322e-02;7.438855e-02;7.191477e-02;2.650885e-02;1.335665e-01;1.903476e-01;1.405062e-01;1.127191e-01;2.690943e-02;1.012809e-01;6.297179e-02
2.144833e-02;4.337047e-02;5.367469e-02;3.870093e-02;4.464359e-02;1.793391e-01;1.849427e-01;1.015635e-01;1.353329e-01;5.878752e-02;7.712121e-02;6.107494e-02
2.128372e-02;5.422614e-02;5.421070e-02;5.251734e-02;4.917565e-02;2.336601e-01;1.135177e-01;7.488205e-02;1.314318e-01;8.329121e-02;6.609388e-02;6.570970e-02
2.108214e-02;4.446359e-02;6.607459e-02;6.690767e-02;3.697063e-02;2.855597e-01;1.046797e-01;5.153643e-02;1.118938e-01;7.719357e-02;6.384655e-02;6.979164e-02
1.800793e-02;3.551733e-02;6.599176e-02;3.840869e-02;2.065344e-02;3.054979e-01;1.607320e-01;5.075229e-02;9.365457e-02;7.350281e-02;7.233883e-02;6.494241e-02
1.477205e-02;2.994935e-02;5.448289e-02;3.899297e-02;1.794359e-02;3.094727e-01;1.257602e-01;7.515918e-02;1.095461e-01;1.055407e-01;7.290684e-02;4.547344e-02
1.353417e-02;2.863854e-02;3.654753e-02;8.269515e-02;1.770326e-02;3.101428e-01;8.089740e-02;1.055512e-01;1.245441e-01;1.206081e-01;5.476325e-02;2.437452e-02
1.470701e-02;3.929260e-02;4.996700e-02;8.500727e-02;4.952015e-02;2.969200e-01;8.817311e-02;1.049689e-01;1.149899e-01;9.388401e-02;3.812257e-02;2.444744e-02
1.132429e-02;4.815980e-02;7.436801e-02;9.028856e-02;6.933692e-02;2.005934e-01;1.310795e-01;1.089728e-01;1.427293e-01;4.737871e-02;4.176582e-02;3.400290e-02
1.347408e-02;4.722295e-02;6.115794e-02;1.023929e-01;4.268456e-02;1.221636e-01;1.955137e-01;1.247266e-01;1.354187e-01;4.414969e-02;5.292363e-02;5.817162e-02
1.279558e-02;4.250241e-02;3.996858e-02;8.575974e-02;1.098992e-02;1.613370e-01;2.646661e-01;1.220882e-01;1.004608e-01;3.967435e-02;5.081527e-02;6.894203e-02
1.297000e-02;4.985521e-02;4.308691e-02;7.846744e-02;1.928583e-02;1.596465e-01;3.099677e-01;8.687655e-02;8.365044e-02;4.294436e-02;5.283031e-02;6.041866e-02
1.258806e-02;6.119296e-02;7.319012e-02;9.866218e-02;1.827237e-02;1.392125e-01;3.044162e-01;7.029092e-02;8.191110e-02;5.322569e-02;5.810004e-02;2.893781e-02
1.961702e-02;6.282430e-02;8.579270e-02;9.818806e-02;3.301419e-02;1.118396e-01;2.879474e-01;7.744684e-02;7.920473e-02;5.290708e-02;6.043512e-02;3.078292e-02
3.014636e-02;8.066876e-02;7.538740e-02;6.872275e-02;4.078765e-02;1.182130e-01;2.525578e-01;9.302742e-02;7.448529e-02;4.642493e-02;5.216828e-02;6.741036e-02
2.961856e-02;8.348318e-02;9.208594e-02;4.213249e-02;2.944222e-02;1.765699e-01;2.289185e-01;8.356237e-02;7.464993e-02;3.939197e-02;3.799076e-02;8.215418e-02
2.613293e-02;7.677800e-02;8.858529e-02;8.520674e-02;2.123347e-02;1.358960e-01;2.463860e-01;1.084144e-01;7.408434e-02;4.456906e-02;1.736014e-02;7.535373e-02
2.876129e-02;7.288534e-02;7.077376e-02;1.225706e-01;2.199653e-02;1.019308e-01;2.093122e-01;1.280869e-01;1.057749e-01;6.198874e-02;1.867739e-02;5.724161e-02
3.740725e-02;6.250450e-02;9.334799e-02;1.180877e-01;3.241765e-02;1.129138e-01;1.320547e-01;1.490634e-01;1.285746e-01;7.108779e-02;2.436292e-02;3.817772e-02
4.808126e-02;1.043784e-01;1.113267e-01;1.130309e-01;4.338774e-02;9.416214e-02;9.429730e-02;1.480880e-01;1.105727e-01;6.262325e-02;2.115242e-02;4.889921e-02
4.099851e-02;1.262661e-01;1.204393e-01;1.001316e-01;2.589443e-02;1.098185e-01;8.032396e-02;1.194327e-01;1.182529e-01;6.029867e-02;3.758881e-02;6.055461e-02
2.957037e-02;1.121467e-01;1.079508e-01;6.577174e-02;4.529052e-02;1.096466e-01;9.611020e-02;1.161331e-01;1.143726e-01;6.036718e-02;6.827387e-02;7.436641e-02
2.586859e-02;9.554774e-02;1.537745e-01;7.598712e-02;5.835968e-02;1.337152e-01;7.776913e-02;1.163631e-01;9.572037e-02;3.905454e-02;5.369500e-02;7.414509e-02
5.359799e-02;1.916524e-01;1.971354e-01;7.002710e-02;3.340416e-02;1.430277e-01;3.676643e-02;6.727503e-02;7.171472e-02;3.190049e-02;2.698479e-02;7.651372e-02
5.517900e-02;2.079010e-01;1.433528e-01;7.380436e-02;2.502994e-02;1.023676e-01;1.238575e-01;6.854203e-02;6.330728e-02;3.526169e-02;1.679452e-02;8.460226e-02
4.850744e-02;1.400805e-01;7.911831e-02;7.549868e-02;2.099998e-02;1.234023e-01;2.047416e-01;7.122628e-02;6.882351e-02;2.804031e-02;4.312804e-02;9.643298e-02
3.006174e-02;5.066159e-02;7.314651e-02;5.055589e-02;2.621817e-02;2.433135e-01;1.912933e-01;5.140816e-02;8.211174e-02;2.471832e-02;1.117317e-01;6.477946e-02
1.753351e-02;2.917935e-02;7.360955e-02;2.705890e-02;3.937248e-02;3.448243e-01;1.340897e-01;6.657556e-02;8.273289e-02;2.685556e-02;1.244299e-01;3.373826e-02
1.267007e-02;3.535882e-02;4.964591e-02;2.339350e-02;6.579079e-02;3.820647e-01;9.223460e-02;1.060200e-01;7.714239e-02;3.416888e-02;9.334584e-02;2.816447e-02
1.223323e-02;4.329578e-02;1.806126e-02;2.654634e-02;1.078406e-01;3.575554e-01;6.029583e-02;1.424873e-01;8.641545e-02;4.936682e-02;6.997338e-02;2.592858e-02
1.403481e-02;7.023279e-02;3.028001e-02;3.356589e-02;1.239105e-01;2.677943e-01;5.991655e-02;1.437172e-01;1.283624e-01;5.894066e-02;5.057315e-02;1.867174e-02
1.318741e-02;8.551764e-02;4.072604e-02;4.946703e-02;1.183318e-01;2.256024e-01;3.281018e-02;1.263271e-01;1.661096e-01;8.258637e-02;4.698171e-02;1.235274e-02
1.819480e-02;7.779284e-02;2.424951e-02;4.250951e-02;8.347743e-02;1.860867e-01;3.004368e-02;1.497294e-01;2.064386e-01;9.209605e-02;6.804118e-02;2.134036e-02
3.175356e-02;8.897943e-02;5.022989e-02;4.071594e-02;4.394022e-02;1.358910e-01;5.681328e-02;1.117443e-01;2.266251e-01;9.137774e-02;9.058276e-02;3.134687e-02
3.704391e-02;6.884474e-02;5.635999e-02;3.819237e-02;5.020098e-02;1.104762e-01;7.422320e-02;1.161373e-01;2.157663e-01;9.024084e-02;9.420288e-02;4.831126e-02
3.987867e-02;6.230085e-02;7.481164e-02;2.627293e-02;3.871264e-02;1.433685e-01;7.673728e-02;1.510566e-01;2.119959e-01;6.713993e-02;5.730137e-02;5.042367e-02
3.534912e-02;6.200102e-02;7.363665e-02;4.832312e-02;3.825399e-02;1.507238e-01;5.114598e-02;2.072356e-01;1.911442e-01;5.112829e-02;5.377372e-02;3.728452e-02
2.832380e-02;7.063783e-02;6.919702e-02;7.500185e-02;5.050454e-02;1.416665e-01;3.754864e-02;2.580669e-01;1.496807e-01;5.473335e-02;5.246286e-02;1.217604e-02
1.915563e-02;6.962090e-02;8.401299e-02;6.471757e-02;4.919371e-02;1.235642e-01;8.174277e-02;2.795839e-01;7.310437e-02;6.437007e-02;6.523802e-02;2.569587e-02
2.812277e-02;5.682494e-02;9.735627e-02;3.001388e-02;2.307177e-02;1.002940e-01;8.026077e-02;2.501434e-01;1.657334e-01;6.780219e-02;5.371523e-02;4.666126e-02
2.852070e-02;5.382532e-02;9.095444e-02;3.592794e-02;1.459412e-02;1.348044e-01;3.929196e-02;2.490938e-01;1.945679e-01;6.615001e-02;4.708698e-02;4.518247e-02
2.231567e-02;5.582542e-02;7.898968e-02;5.069622e-02;2.937154e-02;1.341327e-01;2.760202e-02;2.766296e-01;1.823859e-01;6.174167e-02;5.434300e-02;2.596658e-02
2.272654e-02;4.748893e-02;6.936058e-02;5.265394e-02;4.259837e-02;1.059155e-01;6.440265e-02;2.964950e-01;1.466085e-01;6.496777e-02;4.841928e-02;3.836295e-02
1.899666e-02;2.451128e-02;5.005904e-02;6.457991e-02;3.506649e-02;7.633387e-02;8.154285e-02;2.716732e-01;1.994096e-01;6.332459e-02;7.020674e-02;4.429579e-02
2.075722e-02;4.156652e-02;5.208104e-02;9.738418e-02;3.740834e-02;5.525760e-02;7.729000e-02;2.065204e-01;2.658350e-01;5.040747e-02;6.249944e-02;3.299273e-02
2.483604e-02;4.343320e-02;4.931038e-02;1.029626e-01;6.514677e-02;5.529022e-02;9.473778e-02;1.648683e-01;2.936063e-01;4.582628e-02;3.983251e-02;2.014961e-02
2.803057e-02;2.968124e-02;3.465913e-02;1.114351e-01;9.566781e-02;5.811131e-02;1.047731e-01;1.482154e-01;3.012722e-01;5.001889e-02;2.458880e-02;1.354643e-02
5.294640e-02;1.573553e-02;2.755023e-02;1.460523e-01;8.481765e-02;4.336515e-02;7.590895e-02;1.897783e-01;2.883131e-01;3.944406e-02;2.210440e-02;1.398387e-02
7.486878e-02;2.832328e-02;4.897931e-02;1.679471e-01;6.105381e-02;3.013089e-02;4.926295e-02;2.082156e-01;2.695435e-01;2.669889e-02;1.122492e-02;2.375093e-02
5.868076e-02;1.914334e-02;8.440828e-02;1.591749e-01;4.210715e-02;2.527810e-02;2.291363e-02;2.446307e-01;2.510386e-01;1.495462e-02;1.582926e-02;6.184070e-02
4.027629e-02;1.905232e-02;1.183915e-01;1.060687e-01;2.762031e-02;2.818275e-02;1.009817e-02;2.816730e-01;2.357861e-01;1.014379e-02;1.539574e-02;1.073112e-01
4.091224e-02;2.047949e-02;1.433265e-01;6.746349e-02;2.401925e-02;4.684119e-02;1.720713e-02;2.782694e-01;2.082871e-01;1.333698e-02;1.273515e-02;1.271221e-01
3.425581e-02;3.164364e-02;1.839835e-01;9.965017e-02;2.518870e-02;3.964518e-02;2.573498e-02;2.441157e-01;1.698510e-01;1.235806e-02;1.010373e-02;1.234696e-01
1.502527e-02;1.298386e-02;2.250792e-01;1.842016e-01;4.997982e-02;3.941211e-02;3.253817e-02;1.959780e-01;1.166562e-01;1.283181e-02;7.771943e-03;1.075419e-01
6.457510e-03;3.299515e-02;2.592732e-01;2.214850e-01;6.531459e-02;5.671152e-02;4.104048e-02;1.451648e-01;6.900909e-02;1.039543e-02;8.182797e-03;8.397033e-02
3.718216e-03;3.924518e-02;2.748947e-01;1.577191e-01;5.405042e-02;6.760133e-02;3.659008e-02;1.922094e-01;6.681396e-02;1.270723e-02;1.541131e-02;7.903914e-02
5.188083e-03;4.832600e-02;2.462754e-01;4.810074e-02;4.558726e-02;7.812736e-02;5.787677e-02;2.802729e-01;7.374439e-02;1.457419e-02;2.351850e-02;7.840842e-02
6.688832e-03;7.272042e-02;2.215499e-01;2.418559e-02;5.995494e-02;6.244806e-02;7.094722e-02;3.055710e-01;6.724560e-02;1.723317e-02;3.026463e-02;6.119068e-02
7.047926e-03;9.897489e-02;2.374713e-01;4.559243e-02;6.730542e-02;4.198431e-02;7.460610e-02;2.916521e-01;4.566345e-02;1.447809e-02;3.017624e-02;4.504769e-02
9.527957e-03;1.365328e-01;1.554376e-01;5.698209e-02;5.754461e-02;5.676517e-02;6.414197e-02;2.777514e-01;7.751729e-02;1.294972e-02;5.561284e-02;3.923647e-02
1.162319e-02;1.587037e-01;1.099346e-01;5.612590e-02;3.153831e-02;7.372440e-02;7.179280e-02;2.645724e-01;8.587208e-02;9.191395e-03;8.429384e-02;4.262735e-02
1.898552e-02;1.476198e-01;1.793188e-01;4.439401e-02;1.881997e-02;5.845042e-02;3.500297e-02;2.391912e-01;9.077162e-02;1.445709e-02;1.102959e-01;4.269268e-02
1.636456e-02;1.289751e-01;1.821391e-01;6.104166e-02;2.840858e-02;5.120191e-02;3.807675e-02;2.209295e-01;9.622524e-02;2.314310e-02;1.141050e-01;3.938950e-02
1.202920e-02;1.223983e-01;2.378542e-01;6.369886e-02;1.928581e-02;5.435954e-02;5.512663e-02;2.224688e-01;9.118767e-02;1.964645e-02;5.698384e-02;4.496070e-02
1.374855e-02;1.267719e-01;2.904922e-01;6.405191e-02;2.951770e-02;5.352558e-02;4.858050e-02;2.426046e-01;8.595709e-02;1.761915e-02;1.896386e-02;8.166875e-03
1.149257e-02;1.022232e-01;2.123405e-01;5.883189e-02;3.132656e-02;4.665233e-02;2.108085e-02;3.344460e-01;1.167548e-01;1.298564e-02;1.486554e-02;3.700016e-02
1.701325e-02;7.899747e-02;1.379723e-01;5.051073e-02;2.886626e-02;5.623415e-02;1.328866e-02;3.718202e-01;1.603552e-01;1.248571e-02;2.558915e-02;4.686685e-02
2.034444e-02;6.244198e-02;1.282271e-01;3.148037e-02;4.629969e-02;6.166280e-02;1.620702e-02;3.199929e-01;2.110673e-01;2.599358e-02;2.569699e-02;5.058580e-02
1.264903e-02;5.934443e-02;8.888482e-02;5.221820e-02;5.820173e-02;6.574818e-02;1.997548e-02;3.228782e-01;2.264966e-01;2.519060e-02;2.144147e-02;4.697130e-02
6.671567e-03;5.106583e-02;8.626255e-02;6.413564e-02;3.602060e-02;5.538476e-02;2.960544e-02;3.897320e-01;2.122172e-01;1.559015e-02;2.403802e-02;2.927628e-02
8.828790e-03;5.056439e-02;1.328180e-01;5.499659e-02;2.892808e-02;3.856830e-02;2.634469e-02;3.598481e-01;2.291869e-01;1.438410e-02;3.516668e-02;2.036543e-02
1.632862e-02;5.591516e-02;1.594710e-01;6.947839e-02;5.058659e-02;4.947096e-02;3.086028e-02;2.712231e-01;2.207489e-01;2.148113e-02;4.003268e-02;1.440312e-02
2.322011e-02;7.448374e-02;1.908851e-01;5.207533e-02;4.713426e-02;4.545814e-02;7.037635e-02;2.101084e-01;1.968243e-01;2.010490e-02;3.782218e-02;3.150711e-02
1.357922e-02;8.618750e-02;1.983503e-01;5.495870e-02;3.782301e-02;7.088803e-02;5.975656e-02;1.959675e-01;1.773984e-01;2.072585e-02;3.795469e-02;4.641029e-02
9.915528e-03;1.067898e-01;2.388204e-01;8.295646e-02;2.279105e-02;6.002337e-02;4.640550e-02;1.561476e-01;1.693762e-01;2.174373e-02;3.432198e-02;5.070827e-02
1.430781e-02;1.017067e-01;2.081637e-01;7.836096e-02;2.650853e-02;4.486934e-02;5.582222e-02;2.318576e-01;1.636347e-01;1.418163e-02;1.936007e-02;4.122674e-02
1.485458e-02;1.037195e-01;1.900518e-01;4.818359e-02;3.554314e-02;5.072929e-02;3.335140e-02;2.937906e-01;1.705742e-01;1.528135e-02;1.838291e-02;2.553753e-02
