6.735808e-02;7.568725e-02;1.063727e-01;9.137703e-02;7.595909e-02;7.721767e-02;1.262065e-01;1.051131e-01;8.548903e-02;7.482094e-02;4.760728e-02;6.679130e-02
6.814838e-02;7.951726e-02;1.181969e-01;6.739613e-02;5.384525e-02;6.392277e-02;1.591821e-01;9.984700e-02;1.059711e-01;8.080903e-02;5.329441e-02;4.986974e-02
8.495024e-02;8.025274e-02;1.392602e-01;3.935251e-02;8.595059e-02;4.564190e-02;1.271239e-01;1.062804e-01;8.209184e-02;8.212768e-02;5.930242e-02;6.766564e-02
7.529265e-02;6.671933e-02;1.104910e-01;5.806526e-02;1.057564e-01;4.372676e-02;1.470898e-01;1.077461e-01;7.615861e-02;9.508616e-02;4.442977e-02;6.943822e-02
7.556515e-02;7.020459e-02;1.080285e-01;8.173113e-02;9.253177e-02;6.090540e-02;1.498792e-01;7.798374e-02;8.009851e-02;9.074650e-02;5.047752e-02;6.184800e-02
7.583401e-02;6.805335e-02;1.223714e-01;9.450196e-02;6.537045e-02;7.697275e-02;1.545084e-01;6.917452e-02;6.494704e-02;9.368641e-02;7.254367e-02;4.203605e-02
4.680309e-02;1.066653e-01;1.182986e-01;9.220064e-02;6.704612e-02;5.019780e-02;2.058329e-01;7.888546e-02;8.223984e-02;7.582191e-02;4.103792e-02;3.497032e-02
1.001711e-01;7.751630e-02;9.048187e-02;6.371491e-02;9.575995e-02;6.183117e-02;1.287480e-01;9.024175e-02;9.434394e-02;8.389588e-02;3.599177e-02;7.730333e-02
1.276807e-01;4.473114e-02;8.352490e-02;4.056777e-02;9.280473e-02;8.558322e-02;1.734367e-01;9.515480e-02;7.446942e-02;6.540738e-02;2.239080e-02;9.424850e-02
1.054010e-01;3.742285e-02;6.265958e-02;3.744839e-02;1.110531e-01;8.722558e-02;1.732753e-01;8.211822e-02;6.406227e-02;6.066678e-02;3.684127e-02;1.418256e-01
7.166544e-02;4.142993e-02;4.885363e-02;4.946468e-02;1.107915e-01;6.221661e-02;1.275903e-01;6.038690e-02;5.116383e-02;7.465878e-02;6.730506e-02;2.344733e-01
5.264209e-02;5.019524e-02;4.079498e-02;1.104851e-01;4.923507e-02;2.864517e-02;4.560819e-02;4.223131e-02;3.518108e-02;9.987286e-02;1.752275e-01;2.698814e-01
5.184124e-02;3.226943e-02;7.922139e-02;1.741831e-01;2.977952e-02;2.255586e-02;1.679566e-02;3.897879e-02;3.217713e-02;1.117975e-01;2.427286e-01;1.676718e-01
6.032567e-02;1.504245e-02;1.856344e-01;1.609593e-01;2.394568e-02;1.285444e-02;3.854350e-02;2.700839e-02;4.063722e-02;1.677633e-01;2.024997e-01;6.478591e-02
6.111982e-02;1.428336e-02;3.106287e-01;7.069489e-02;1.583353e-02;5.847417e-03;8.434713e-02;1.631176e-02;2.999560e-02;2.582604e-01;1.095710e-01;2.310632e-02
5.093817e-02;1.569393e-02;3.476062e-01;1.911980e-02;1.267834e-02;8.681391e-03;1.221866e-01;1.093195e-02;2.424432e-02;3.003702e-01;6.534917e-02;2.219991e-02
4.763717e-02;1.708654e-02;2.517802e-01;3.225036e-02;1.305721e-02;1.657920e-02;1.299669e-01;1.836868e-02;7.083323e-02;2.968625e-01;7.566135e-02;2.991664e-02
4.445906e-02;1.886554e-02;1.514783e-01;1.019327e-01;2.056761e-02;2.072219e-02;1.083961e-01;3.877255e-02;1.057627e-01;2.590926e-01;8.354646e-02;4.640421e-02
3.197258e-02;3.189689e-02;2.461433e-01;1.326239e-01;2.713816e-02;1.680240e-02;8.457443e-02;4.551222e-02;7.326220e-02;1.690779e-01;7.529530e-02;6.570081e-02
1.617983e-02;3.428001e-02;4.057409e-01;6.757645e-02;2.598291e-02;1.222480e-02;7.610993e-02;3.079665e-02;4.865638e-02;1.554088e-01;7.183733e-02;5.520602e-02
1.591771e-02;3.520080e-02;3.980261e-01;5.309259e-02;2.653259e-02;7.979520e-03;7.823882e-02;2.931782e-02;6.939112e-02;1.947663e-01;6.584451e-02;2.569214e-02
1.721688e-02;2.430647e-02;3.119736e-01;1.231293e-01;3.596038e-02;1.088641e-02;5.752558e-02;4.327105e-02;7.211786e-02;1.803006e-01;9.861409e-02;2.469786e-02
2.904851e-02;2.160651e-02;1.633952e-01;2.125353e-01;8.216081e-02;2.124751e-02;3.103182e-02;7.229851e-02;6.424332e-02;1.331274e-01;1.238060e-01;4.549915e-02
5.664293e-02;2.137669e-02;7.231840e-02;1.658908e-01;1.474898e-01;2.711719e-02;3.918098e-02;6.569964e-02;5.283223e-02;9.300975e-02;7.499837e-02;1.834433e-01
9.758902e-02;1.178854e-02;4.401250e-02;8.217248e-02;1.480494e-01;2.492866e-02;4.523394e-02;3.081896e-02;7.898555e-02;8.179416e-02;3.188731e-02;3.227395e-01
8.136339e-02;1.271206e-02;6.193091e-02;4.995733e-02;1.643234e-01;2.142553e-02;2.453946e-02;2.753069e-02;9.710898e-02;8.282127e-02;4.383055e-02;3.324565e-01
3.712179e-02;1.770257e-02;6.881989e-02;7.067919e-02;2.273753e-01;1.295245e-02;1.984269e-02;3.729209e-02;5.127016e-02;1.046927e-01;5.547986e-02;2.967713e-01
2.011740e-02;9.325992e-03;4.072992e-02;8.038764e-02;2.848229e-01;7.775570e-03;2.700092e-02;2.561141e-02;9.340363e-02;7.845294e-02;4.030668e-02;2.920650e-01
2.064732e-02;5.669855e-03;3.061841e-02;4.010091e-02;2.951479e-01;9.391475e-03;3.634753e-02;1.371775e-02;1.650807e-01;3.687219e-02;1.997786e-02;3.264281e-01
3.920747e-02;4.360285e-03;3.618371e-02;1.780173e-02;2.439506e-01;2.306218e-02;4.332063e-02;1.565920e-02;2.107611e-01;2.637436e-02;1.013444e-02;3.291842e-01
1.543972e-01;9.846249e-03;3.976647e-02;1.476450e-02;1.454325e-01;5.650476e-02;4.136667e-02;1.856346e-02;1.611481e-01;5.532600e-02;1.453942e-02;2.883447e-01
2.867767e-01;1.515832e-02;3.112372e-02;1.827487e-02;8.239002e-02;9.031679e-02;3.291123e-02;2.801762e-02;1.217526e-01;7.964158e-02;1.585565e-02;1.977809e-01
3.287461e-01;1.570099e-02;3.625020e-02;2.835781e-02;1.146841e-01;1.040538e-01;4.145850e-02;2.735473e-02;8.240081e-02;8.586219e-02;1.573273e-02;1.193980e-01
3.378004e-01;1.912159e-02;5.963674e-02;4.786253e-02;1.374756e-01;9.002036e-02;5.719591e-02;2.599327e-02;3.581844e-02;7.172428e-02;1.578578e-02;1.015651e-01
2.875320e-01;1.713193e-02;6.918899e-02;5.234936e-02;1.021594e-01;6.804298e-02;2.970938e-02;3.314996e-02;9.673712e-02;6.885688e-02;2.120787e-02;1.539340e-01
2.007165e-01;1.619141e-02;1.145122e-01;4.195565e-02;1.241321e-01;4.146237e-02;2.772875e-02;3.964912e-02;1.297560e-01;6.015168e-02;2.611573e-02;1.776285e-01
1.243827e-01;1.093726e-02;1.623004e-01;5.284604e-02;1.851465e-01;2.675285e-02;2.801355e-02;3.648767e-02;1.659776e-01;3.519143e-02;1.887360e-02;1.530905e-01
1.137373e-01;1.956096e-02;1.801407e-01;5.915927e-02;2.179689e-01;2.689480e-02;3.002303e-02;2.420176e-02;1.572589e-01;4.460558e-02;1.549404e-02;1.109548e-01
1.045019e-01;2.811242e-02;1.233967e-01;7.893092e-02;2.247258e-01;5.403040e-02;6.142530e-02;4.111198e-02;1.054873e-01;3.852603e-02;5.231873e-02;8.743253e-02
7.547177e-02;2.190817e-02;4.489708e-02;7.335783e-02;2.286920e-01;1.164056e-01;9.241019e-02;2.868658e-02;5.003079e-02;4.376546e-02;5.693808e-02;1.674366e-01
9.396757e-02;1.580074e-02;6.781220e-02;6.144243e-02;2.179870e-01;1.701993e-01;1.263503e-01;2.483593e-02;4.223621e-02;5.411709e-02;3.047371e-02;9.477754e-02
9.345223e-02;1.562413e-02;1.210495e-01;5.132344e-02;1.725911e-01;1.544053e-01;1.350286e-01;2.094046e-02;6.059602e-02;4.596864e-02;1.432805e-02;1.146925e-01
8.141698e-02;1.812662e-02;1.828889e-01;4.416027e-02;1.319619e-01;8.090152e-02;1.387933e-01;1.713945e-02;7.676131e-02;4.602206e-02;2.456715e-02;1.572604e-01
1.311983e-01;2.353238e-02;2.359072e-01;2.851720e-02;9.974185e-02;4.344503e-02;9.845132e-02;2.255678e-02;7.776295e-02;6.439258e-02;1.601850e-02;1.584759e-01
1.351035e-01;3.277024e-02;2.198943e-01;1.920372e-02;7.821411e-02;4.888806e-02;5.105663e-02;3.489807e-02;5.035067e-02;7.001666e-02;2.213045e-02;2.374736e-01
6.376774e-02;1.998461e-02;1.890260e-01;3.073839e-02;7.693763e-02;6.902554e-02;5.834480e-02;3.530962e-02;1.000365e-01;5.461246e-02;3.067885e-02;2.715380e-01
6.168305e-02;1.195370e-02;1.224994e-01;3.265303e-02;1.071293e-01;7.905937e-02;9.490426e-02;3.662548e-02;1.239817e-01;7.181481e-02;3.160852e-02;2.260874e-01
1.074997e-01;1.619066e-02;4.724218e-02;3.216670e-02;1.260289e-01;9.789774e-02;1.222415e-01;3.810287e-02;1.029030e-01;8.998401e-02;3.208831e-02;1.876544e-01
1.164208e-01;2.070729e-02;7.095142e-02;2.683786e-02;1.142358e-01;9.961383e-02;8.712433e-02;4.209210e-02;1.087700e-01;9.191971e-02;4.076361e-02;1.805633e-01
1.246931e-01;2.624605e-02;1.437604e-01;3.738673e-02;9.353640e-02;7.627739e-02;6.448774e-02;3.952318e-02;1.048861e-01;8.824840e-02;2.766024e-02;1.732943e-01
9.235523e-02;4.210655e-02;2.492823e-01;5.280300e-02;1.096449e-01;5.357471e-02;6.052747e-02;4.167171e-02;7.516668e-02;7.735017e-02;2.085803e-02;1.246592e-01
7.377687e-02;4.226355e-02;3.636295e-01;8.662113e-02;1.098177e-01;5.224574e-02;5.698478e-02;3.097635e-02;4.909304e-02;4.708118e-02;1.651634e-02;7.099380e-02
5.207008e-02;5.409983e-02;3.492226e-01;1.206512e-01;1.196026e-01;5.295439e-02;6.199079e-02;1.920478e-02;4.132042e-02;4.355112e-02;1.836558e-02;6.696656e-02
4.164027e-02;6.514069e-02;2.426850e-01;1.385624e-01;1.722975e-01;5.859264e-02;8.562150e-02;1.785295e-02;3.910416e-02;4.457654e-02;3.922464e-02;5.470176e-02
3.586853e-02;4.331653e-02;1.724145e-01;1.662319e-01;2.120228e-01;6.493244e-02;1.102481e-01;2.262409e-02;3.581307e-02;3.454379e-02;5.890816e-02;4.307597e-02
3.372436e-02;1.396604e-02;2.940548e-01;1.613038e-01;1.458864e-01;5.439918e-02;1.017324e-01;3.393122e-02;3.479883e-02;1.929473e-02;5.785210e-02;4.905608e-02
3.310481e-02;1.653682e-02;3.169392e-01;1.281134e-01;1.536012e-01;7.348066e-02;8.909018e-02;5.902302e-02;3.106555e-02;1.074746e-02;5.403954e-02;3.425817e-02
2.723923e-02;2.531289e-02;2.912939e-01;1.365740e-01;1.649153e-01;7.275679e-02;3.303416e-02;1.054657e-01;4.080848e-02;1.329411e-02;6.052342e-02;2.878199e-02
1.852278e-02;2.213702e-02;3.054076e-01;1.665047e-01;1.187033e-01;7.979219e-02;3.727887e-02;1.292971e-01;3.105819e-02;1.272448e-02;6.568975e-02;1.288393e-02
1.961848e-02;2.296286e-02;3.533337e-01;1.799960e-01;8.035746e-02;7.030675e-02;5.429726e-02;9.763424e-02;3.026328e-02;1.126376e-02;6.650122e-02;1.346501e-02
3.479656e-02;6.589830e-02;2.631130e-01;1.349633e-01;5.647366e-02;5.514067e-02;8.601815e-02;3.908506e-02;1.068070e-01;9.666026e-02;3.676474e-02;2.427938e-02
4.059708e-02;8.586997e-02;1.689390e-01;7.577520e-02;4.182982e-02;6.006160e-02;9.259011e-02;3.606829e-02;1.503543e-01;1.970071e-01;2.535176e-02;2.555571e-02
3.306552e-02;8.965810e-02;1.567940e-01;4.038827e-02;2.503940e-02;4.839201e-02;6.713458e-02;4.179031e-02;1.364907e-01;3.000526e-01;3.249286e-02;2.870162e-02
1.444649e-02;1.145803e-01;1.865211e-01;2.168111e-02;1.602154e-02;5.064506e-02;3.146910e-02;4.141754e-02;1.218679e-01;3.351346e-01;2.237152e-02;4.384367e-02
9.356117e-03;1.645184e-01;1.903836e-01;1.202441e-02;1.140136e-02;7.119294e-02;1.500621e-02;3.711575e-02;1.758510e-01;2.320185e-01;1.524258e-02;6.588917e-02
9.463561e-03;1.983018e-01;1.870874e-01;8.771200e-03;9.982142e-03;9.111824e-02;1.049748e-02;4.082931e-02;2.167095e-01;1.294940e-01;1.902510e-02;7.872033e-02
1.040085e-02;1.730767e-01;2.385633e-01;8.851900e-03;1.097832e-02;8.258499e-02;1.331865e-02;3.618515e-02;2.129367e-01;1.206964e-01;1.884351e-02;7.356352e-02
1.453319e-02;1.391089e-01;2.939919e-01;1.180327e-02;1.617337e-02;6.470614e-02;1.860566e-02;2.916859e-02;1.618309e-01;1.629841e-01;2.163224e-02;6.546178e-02
3.312738e-02;1.035351e-01;2.823411e-01;1.820295e-02;2.182835e-02;4.497296e-02;3.379899e-02;2.708141e-02;1.096765e-01;2.188206e-01;5.243038e-02;5.418432e-02
5.080154e-02;6.838672e-02;2.391213e-01;4.955240e-02;2.708872e-02;3.898357e-02;4.018413e-02;2.086596e-02;8.204033e-02;2.536578e-01;9.537402e-02;3.394363e-02
6.040274e-02;5.210072e-02;2.075386e-01;8.679196e-02;3.810120e-02;3.462774e-02;5.553968e-02;2.341174e-02;7.162892e-02;2.175737e-01;1.333813e-01;1.890162e-02
6.519169e-02;6.079140e-02;2.130748e-01;9.271870e-02;5.078639e-02;3.198550e-02;5.654422e-02;3.669687e-02;5.334872e-02;1.604333e-01;1.396965e-01;3.873182e-02
6.247857e-02;8.466894e-02;2.068792e-01;6.221004e-02;4.781522e-02;2.010848e-02;5.400765e-02;4.996359e-02;6.673880e-02;1.411985e-01;1.535025e-01;5.042848e-02
4.502587e-02;7.713448e-02;2.342443e-01;4.473444e-02;3.228100e-02;3.265562e-02;4.493180e-02;4.065002e-02;1.265429e-01;1.236053e-01;1.330656e-01;6.512869e-02
3.495673e-02;6.174963e-02;2.952512e-01;3.903696e-02;3.817907e-02;5.427402e-02;3.087685e-02;3.194370e-02;1.367751e-01;1.369327e-01;7.637991e-02;6.364424e-02
5.323749e-02;7.265016e-02;2.656234e-01;3.020095e-02;3.521249e-02;7.539801e-02;5.149659e-02;3.208920e-02;1.115160e-01;1.456364e-01;6.071598e-02;6.622336e-02
5.326989e-02;8.380011e-02;2.043569e-01;4.529820e-02;3.349248e-02;1.016156e-01;9.286224e-02;2.754880e-02;1.121009e-01;8.065795e-02;1.086449e-01;5.635208e-02
3.422326e-02;6.023526e-02;1.954423e-01;3.968351e-02;3.852073e-02;1.123244e-01;7.894231e-02;3.456187e-02;9.028009e-02;1.487090e-01;9.312496e-02;7.395241e-02
3.069862e-02;6.480495e-02;1.889912e-01;3.375920e-02;5.547502e-02;1.195499e-01;4.609094e-02;6.405278e-02;5.732537e-02;1.977059e-01;5.944341e-02;8.210281e-02
5.795552e-02;7.193743e-02;1.853975e-01;5.685225e-02;7.223981e-02;7.479429e-02;1.032862e-01;5.967070e-02;5.921429e-02;1.084104e-01;7.527066e-02;7.497096e-02
5.652839e-02;4.504876e-02;1.473592e-01;1.322796e-01;7.424638e-02;4.995172e-02;1.065497e-01;4.606398e-02;6.428026e-02;8.982603e-02;1.251915e-01;6.267448e-02
4.026488e-02;4.028420e-02;2.269000e-01;1.400322e-01;5.445695e-02;2.575868e-02;6.196408e-02;2.877453e-02;8.608602e-02;1.245619e-01;1.330729e-01;3.784364e-02
4.506563e-02;8.771238e-02;2.615666e-01;8.423615e-02;2.842676e-02;2.677381e-02;3.556160e-02;2.557088e-02;1.373757e-01;1.538634e-01;9.362555e-02;2.022154e-02
6.283875e-02;1.413924e-01;2.018782e-01;3.024022e-02;2.865173e-02;4.416188e-02;4.850711e-02;4.964090e-02;1.736887e-01;1.340024e-01;6.198193e-02;2.301566e-02
7.046095e-02;1.518084e-01;1.528192e-01;2.956897e-02;3.125261e-02;4.570072e-02;7.824059e-02;5.859399e-02;1.550785e-01;1.214686e-01;7.883898e-02;2.616838e-02
5.379035e-02;8.484361e-02;1.712142e-01;4.172297e-02;3.555510e-02;3.670141e-02;1.032106e-01;4.219816e-02;1.854385e-01;1.155724e-01;8.636513e-02;4.338760e-02
4.294117e-02;6.933832e-02;2.198426e-01;5.274728e-02;3.931377e-02;2.048060e-02;6.783041e-02;4.825413e-02;2.068982e-01;1.332600e-01;5.684703e-02;4.224651e-02
4.967069e-02;8.311881e-02;2.417286e-01;5.972880e-02;3.498384e-02;1.489328e-02;5.358833e-02;7.082300e-02;1.913623e-01;8.857808e-02;5.866937e-02;5.285487e-02
6.707271e-02;7.349999e-02;2.795065e-01;4.752211e-02;3.430025e-02;1.457144e-02;5.188961e-02;7.432959e-02;1.292479e-01;8.573377e-02;9.466617e-02;4.765996e-02
6.357937e-02;1.039201e-01;2.408438e-01;8.486770e-02;4.875693e-02;2.578591e-02;6.154324e-02;4.545548e-02;7.024244e-02;1.216251e-01;9.366634e-02;3.971363e-02
4.619756e-02;1.028874e-01;2.135792e-01;1.082824e-01;5.675050e-02;3.077904e-02;6.392134e-02;4.574141e-02;3.407742e-02;1.507487e-01;9.257418e-02;5.446077e-02
5.393470e-02;7.105293e-02;1.878183e-01;7.751106e-02;4.286740e-02;5.129660e-02;5.027642e-02;6.324263e-02;1.137737e-01;1.615617e-01;7.609814e-02;5.056642e-02
6.067397e-02;9.002019e-02;2.242405e-01;8.040651e-02;4.145586e-02;8.179662e-02;2.117002e-02;5.940332e-02;1.173238e-01;1.262538e-01;5.712602e-02;4.012930e-02
5.713745e-02;1.047399e-01;2.140105e-01;6.698878e-02;5.479974e-02;7.550400e-02;4.778192e-02;7.038814e-02;1.009318e-01;1.025473e-01;6.679788e-02;3.837265e-02
2.545624e-02;9.373143e-02;1.697954e-01;8.834708e-02;5.413911e-02;4.484231e-02;5.703185e-02;6.339385e-02;1.301544e-01;1.623524e-01;8.131015e-02;2.944577e-02
3.733558e-02;1.157318e-01;1.626112e-01;6.358055e-02;6.030893e-02;3.913821e-02;5.634094e-02;3.928018e-02;1.449310e-01;1.600403e-01;7.793033e-02;4.277083e-02
5.190537e-02;7.737365e-02;1.033762e-01;9.851108e-02;1.132619e-01;2.884665e-02;5.810185e-02;5.166655e-02;8.059695e-02;1.182962e-01;1.181523e-01;9.991127e-02
3.514852e-02;7.527771e-02;1.043843e-01;1.434199e-01;1.097509e-01;1.973870e-02;5.622105e-02;5.966751e-02;7.761876e-02;9.278867e-02;1.397586e-01;8.622555e-02
2.005162e-02;6.643724e-02;8.046695e-02;2.301040e-01;1.028724e-01;2.955011e-02;4.365369e-02;7.170527e-02;6.938204e-02;6.782895e-02;1.514679e-01;6.647978e-02
2.336811e-02;4.364598e-02;7.710002e-02;3.593087e-01;6.583876e-02;3.445066e-02;3.003077e-02;6.989338e-02;4.897803e-02;4.491952e-02;1.704050e-01;3.206114e-02
4.337542e-02;1.569257e-02;1.909640e-01;3.473407e-01;2.015366e-02;2.004707e-02;4.764876e-02;3.879770e-02;4.331117e-02;6.933426e-02;1.534111e-01;9.923545e-03
8.601936e-02;9.579142e-03;3.002527e-01;1.795938e-01;1.935093e-02;6.081371e-03;7.906777e-02;2.054714e-02;5.772757e-02;1.122681e-01;1.200120e-01;9.500053e-03
9.996194e-02;8.892529e-03;2.991639e-01;1.471206e-01;1.622978e-02;5.898835e-03;8.008225e-02;2.933598e-02;7.411078e-02;1.115154e-01;1.126340e-01;1.505402e-02
5.732741e-02;1.439301e-02;1.867302e-01;3.117812e-01;2.908666e-02;1.617282e-02;3.668160e-02;6.140140e-02;5.951964e-02;7.308577e-02;1.427899e-01;1.103037e-02
1.642529e-02;3.261685e-02;7.899766e-02;3.417337e-01;9.995385e-02;2.411833e-02;1.348034e-02;8.011375e-02;4.111787e-02;4.885767e-02;1.766689e-01;4.591576e-02
1.588937e-02;2.569279e-02;5.856546e-02;2.144451e-01;2.422443e-01;2.834079e-02;2.853172e-02;4.938043e-02;9.006495e-02;4.027459e-02;1.078408e-01;9.872969e-02
3.721745e-02;1.022963e-02;6.460096e-02;8.542496e-02;3.202739e-01;6.112388e-02;3.550744e-02;1.622047e-02;1.529729e-01;5.070804e-02;4.625228e-02;1.194681e-01
9.297153e-02;3.951388e-02;4.298332e-02;4.345096e-02;2.080503e-01;1.427109e-01;5.778390e-02;1.884442e-02;1.423740e-01;9.169967e-02;3.633437e-02;8.328272e-02
9.569763e-02;1.105280e-01;5.120517e-02;5.093464e-02;9.989100e-02;1.206710e-01;1.365553e-01;3.588413e-02;9.538358e-02;9.620974e-02;6.560343e-02;4.143641e-02
4.790816e-02;1.636254e-01;1.238658e-01;3.064118e-02;6.586482e-02;4.295070e-02;1.892492e-01;8.163042e-02;6.630561e-02;7.041348e-02;9.230427e-02;2.524091e-02
4.257097e-02;1.264028e-01;1.545431e-01;5.567664e-02;4.638191e-02;3.875040e-02;1.560057e-01;1.398372e-01;5.836011e-02;7.579067e-02;7.842349e-02;2.725713e-02
5.107664e-02;5.264260e-02;1.256758e-01;8.064879e-02;6.084996e-02;4.870307e-02;1.764973e-01;1.417141e-01;9.639917e-02;7.782812e-02;5.876643e-02;2.919799e-02
5.402920e-02;2.531440e-02;1.093369e-01;6.337119e-02;1.036221e-01;6.763775e-02;2.017986e-01;8.499627e-02;1.139126e-01;6.075960e-02;7.377519e-02;4.144625e-02
5.763182e-02;3.784113e-02;1.054283e-01;5.920122e-02;1.265866e-01;3.954753e-02;1.442564e-01;1.136508e-01;1.175531e-01;6.107493e-02;1.045722e-01;3.265604e-02
5.426687e-02;3.285188e-02;5.936320e-02;5.966667e-02;1.535532e-01;4.277433e-02;1.402781e-01;1.935901e-01;9.928019e-02;4.613050e-02;7.585125e-02;4.239368e-02
3.915670e-02;5.785918e-02;8.495011e-02;5.769422e-02;1.702281e-01;4.592998e-02;1.515107e-01;1.439537e-01;8.385837e-02;3.171214e-02;7.345137e-02;5.969538e-02
4.815351e-02;4.782751e-02;1.053192e-01;8.877539e-02;1.207955e-01;8.881531e-02;1.625603e-01;1.037921e-01;5.922681e-02;4.670711e-02;7.050180e-02;5.752531e-02
5.165635e-02;2.547273e-02;5.468152e-02;1.061118e-01;1.328264e-01;1.229080e-01;1.256544e-01;1.235250e-01;7.112661e-02;6.098011e-02;6.106139e-02;6.399571e-02
4.191004e-02;4.462630e-02;8.016412e-02;7.879955e-02;1.655166e-01;1.154065e-01;7.193317e-02;1.399907e-01;7.207636e-02;6.291249e-02;6.929449e-02;5.736976e-02
5.523413e-02;4.239609e-02;1.206404e-01;1.099943e-01;1.653046e-01;4.881448e-02;7.936208e-02;1.346028e-01;5.729283e-02;6.651887e-02;7.231598e-02;4.752341e-02
6.227714e-02;5.735384e-02;7.625677e-02;1.333690e-01;1.535922e-01;6.117361e-02;8.812634e-02;1.376638e-01;5.245541e-02;5.743427e-02;7.818747e-02;4.211029e-02
5.876350e-02;9.578672e-02;1.538697e-01;8.657052e-02;1.013516e-01;1.057107e-01;1.406201e-01;6.984383e-02;4.627312e-02;4.105603e-02;4.768232e-02;5.247185e-02
7.307075e-02;9.289145e-02;1.882145e-01;1.037835e-01;9.151763e-02;8.733620e-02;1.202610e-01;3.850380e-02;5.543679e-02;3.857271e-02;6.965192e-02;4.075980e-02
5.852574e-02;9.253980e-02;1.948210e-01;1.636693e-01;9.988636e-02;5.580574e-02;7.006215e-02;3.760806e-02;5.060333e-02;5.080033e-02;8.822589e-02;3.745239e-02
4.557595e-02;7.580216e-02;3.464517e-01;1.353421e-01;7.328950e-02;2.504155e-02;3.989387e-02;2.750464e-02;4.315371e-02;1.044218e-01;6.168940e-02;2.183358e-02
5.431880e-02;7.705691e-02;4.257203e-01;7.574248e-02;4.884916e-02;1.575478e-02;4.603218e-02;1.261443e-02;3.996441e-02;1.603559e-01;3.138589e-02;1.220472e-02
7.277469e-02;9.309842e-02;3.830266e-01;6.418362e-02;6.860153e-02;1.738734e-02;6.114764e-02;2.010514e-02;3.675518e-02;1.541605e-01;1.974251e-02;9.016857e-03
8.241618e-02;9.399140e-02;2.947614e-01;1.184435e-01;9.096190e-02;3.441655e-02;6.382849e-02;3.827338e-02;3.927638e-02;8.730642e-02;4.157690e-02;1.474755e-02
6.517988e-02;7.974840e-02;2.230280e-01;1.374984e-01;1.103545e-01;4.441376e-02;9.533748e-02;5.412499e-02;3.993997e-02;8.303118e-02;5.259029e-02;1.475312e-02
6.089411e-02;6.571742e-02;2.602895e-01;1.021695e-01;9.534079e-02;4.138678e-02;1.043844e-01;6.141789e-02;3.168578e-02;1.067601e-01;4.574644e-02;2.420733e-02
1.028864e-01;6.432174e-02;3.162486e-01;5.884805e-02;6.074271e-02;3.600264e-02;7.607566e-02;7.933551e-02;4.716282e-02;6.791343e-02;6.327062e-02;2.719183e-02
1.125140e-01;4.282819e-02;3.237429e-01;9.501580e-02;6.635244e-02;2.209863e-02;7.860886e-02;6.986623e-02;7.334143e-02;3.281360e-02;5.620218e-02;2.661574e-02
1.310178e-01;9.160898e-02;2.646388e-01;1.108643e-01;7.846228e-02;2.344631e-02;7.479692e-02;3.662802e-02;8.827816e-02;3.220214e-02;4.306308e-02;2.499324e-02
9.635673e-02;1.334513e-01;3.102616e-01;9.496906e-02;5.599584e-02;3.250103e-02;4.824697e-02;3.427641e-02;1.020898e-01;2.682081e-02;4.136213e-02;2.366831e-02
5.292689e-02;1.158846e-01;4.262272e-01;6.265486e-02;4.492981e-02;1.981007e-02;4.422548e-02;5.499462e-02;9.860767e-02;3.761401e-02;2.353388e-02;1.859088e-02
4.949216e-02;8.506132e-02;5.053682e-01;5.277479e-02;6.170968e-02;1.803255e-02;3.659720e-02;4.893619e-02;6.048080e-02;5.900693e-02;1.193904e-02;1.060107e-02
4.774991e-02;7.594742e-02;5.099504e-01;6.110286e-02;7.332404e-02;2.383390e-02;5.156668e-02;3.807089e-02;3.032602e-02;6.460945e-02;1.616432e-02;7.354126e-03
6.929351e-02;9.766284e-02;4.507993e-01;6.902432e-02;5.866982e-02;3.266385e-02;5.530676e-02;4.162249e-02;2.189460e-02;5.463615e-02;3.044482e-02;1.798159e-02
7.455371e-02;1.130767e-01;3.594063e-01;8.552650e-02;5.025527e-02;5.299963e-02;4.900598e-02;5.974499e-02;3.251563e-02;4.552437e-02;4.247616e-02;3.491475e-02
5.579719e-02;8.329611e-02;4.059474e-01;8.268073e-02;4.066115e-02;3.376752e-02;6.275903e-02;5.684382e-02;5.530567e-02;5.979661e-02;3.216309e-02;3.098165e-02
7.550558e-02;5.761816e-02;4.263376e-01;6.399363e-02;5.100716e-02;2.107873e-02;6.156892e-02;4.747918e-02;7.275534e-02;8.064420e-02;2.453061e-02;1.748094e-02
9.262915e-02;7.470061e-02;4.194946e-01;5.721409e-02;4.343936e-02;3.735623e-02;5.418892e-02;4.218533e-02;6.018851e-02;7.482249e-02;1.226091e-02;3.151978e-02
9.500341e-02;4.674627e-02;3.785674e-01;8.257145e-02;3.941080e-02;4.667445e-02;5.858817e-02;4.476146e-02;6.039217e-02;5.976919e-02;4.161009e-02;4.590511e-02
1.267084e-01;4.593112e-02;2.880066e-01;1.024350e-01;5.546234e-02;5.531555e-02;4.815026e-02;6.205347e-02;5.368741e-02;4.796935e-02;6.038323e-02;5.389730e-02
1.131693e-01;5.800093e-02;2.060411e-01;5.805759e-02;5.315770e-02;6.374400e-02;1.172595e-01;8.085704e-02;6.218083e-02;3.929000e-02;6.537137e-02;8.287057e-02
7.469600e-02;6.764138e-02;1.433574e-01;6.877664e-02;6.727965e-02;7.052542e-02;1.444090e-01;8.173773e-02;5.929037e-02;4.548763e-02;9.357613e-02;8.322264e-02
5.878331e-02;5.664118e-02;1.345441e-01;9.348376e-02;5.769014e-02;5.362862e-02;1.197561e-01;7.059260e-02;6.352411e-02;8.687820e-02;1.431440e-01;6.133392e-02
8.120829e-02;2.977241e-02;2.273282e-01;7.759054e-02;3.909516e-02;2.184814e-02;9.927244e-02;3.227416e-02;5.013957e-02;1.715487e-01;1.418535e-01;2.806887e-02
7.740632e-02;4.043071e-02;2.921261e-01;3.411505e-02;3.785855e-02;8.829615e-03;7.819548e-02;2.151006e-02;4.717059e-02;2.555342e-01;9.094261e-02;1.588073e-02
4.715950e-02;4.977812e-02;2.863308e-01;1.088954e-02;4.073408e-02;1.085240e-02;5.132618e-02;5.361708e-02;7.936752e-02;3.005855e-01;5.936681e-02;9.992402e-03
2.187720e-02;5.319887e-02;2.490177e-01;9.364264e-03;4.398735e-02;1.560177e-02;3.286380e-02;6.177024e-02;1.856099e-01;2.637934e-01;4.916906e-02;1.374631e-02
4.317318e-02;5.396967e-02;1.946269e-01;1.210028e-02;5.599607e-02;1.849434e-02;4.784119e-02;5.124058e-02;2.458782e-01;2.268551e-01;3.977180e-02;1.005264e-02
9.116741e-02;6.081388e-02;1.334735e-01;1.522333e-02;5.329668e-02;2.360494e-02;5.567824e-02;7.976720e-02;2.124915e-01;2.208028e-01;4.009126e-02;1.358928e-02
1.466671e-01;4.336230e-02;1.585617e-01;3.017493e-02;4.172301e-02;2.509069e-02;6.205166e-02;8.995159e-02;1.415853e-01;1.941951e-01;4.330031e-02;2.333641e-02
1.832795e-01;6.528130e-02;1.790133e-01;2.455248e-02;2.306215e-02;2.038410e-02;8.205733e-02;7.692315e-02;1.879127e-01;9.185336e-02;4.588365e-02;1.979702e-02
1.775257e-01;1.272362e-01;1.369657e-01;2.552570e-02;1.709466e-02;1.631072e-02;7.787207e-02;7.649614e-02;2.122632e-01;7.957848e-02;3.070841e-02;2.242298e-02
1.025273e-01;1.327727e-01;2.391015e-01;2.923101e-02;2.619333e-02;2.262738e-02;5.518787e-02;5.261969e-02;1.852291e-01;1.001123e-01;2.624132e-02;2.815633e-02
5.903196e-02;1.330365e-01;2.622519e-01;1.981115e-02;4.019332e-02;2.055088e-02;5.309932e-02;3.567055e-02;1.603340e-01;1.498740e-01;4.148326e-02;2.466335e-02
9.894255e-02;1.200046e-01;2.424976e-01;1.998608e-02;4.534894e-02;1.956395e-02;6.714039e-02;3.864231e-02;1.122205e-01;1.714180e-01;3.059292e-02;3.364212e-02
1.333174e-01;8.395709e-02;3.336732e-01;4.104618e-02;4.080872e-02;2.114143e-02;7.312339e-02;3.927966e-02;4.836829e-02;1.152320e-01;2.435381e-02;4.569884e-02
1.139986e-01;8.800855e-02;3.493201e-01;4.505742e-02;4.721962e-02;2.221019e-02;7.619347e-02;3.337445e-02;6.001356e-02;9.407149e-02;3.879381e-02;3.173861e-02
7.975281e-02;8.264253e-02;3.808133e-01;4.841854e-02;4.403091e-02;2.501910e-02;7.141103e-02;2.692425e-02;6.926548e-02;1.133689e-01;3.440508e-02;2.394797e-02
5.419985e-02;5.217610e-02;4.328939e-01;8.321528e-02;4.414009e-02;1.728913e-02;6.980632e-02;2.293746e-02;6.881386e-02;8.363371e-02;4.380128e-02;2.709305e-02
4.179860e-02;4.308775e-02;3.797453e-01;1.485209e-01;4.402813e-02;3.033288e-02;6.417626e-02;2.728810e-02;8.438335e-02;4.237011e-02;6.887247e-02;2.539612e-02
4.486722e-02;5.052660e-02;3.953623e-01;1.527784e-01;3.526338e-02;2.815165e-02;4.610587e-02;2.217109e-02;6.826172e-02;7.981122e-02;6.001649e-02;1.668396e-02
4.357149e-02;4.012805e-02;4.114833e-01;1.723041e-01;4.348279e-02;3.701682e-02;3.175911e-02;1.052154e-02;9.107920e-02;7.443831e-02;3.442677e-02;9.788547e-03
3.932415e-02;1.748585e-02;3.488927e-01;2.307149e-01;5.754439e-02;5.079825e-02;3.321045e-02;9.518674e-03;1.348244e-01;4.297306e-02;2.695864e-02;7.754576e-03
2.120878e-02;1.141854e-02;2.352248e-01;3.222069e-01;4.831405e-02;1.013453e-01;2.622499e-02;3.729758e-02;9.565181e-02;4.263487e-02;5.054598e-02;7.926393e-03
5.175156e-03;2.184946e-02;1.677518e-01;3.620639e-01;6.171527e-02;1.505453e-01;1.042167e-02;7.497184e-02;2.501155e-02;3.579717e-02;7.829399e-02;6.402909e-03
6.424071e-03;3.309724e-02;1.429597e-01;3.213489e-01;1.012667e-01;1.061078e-01;2.123590e-02;8.023853e-02;1.823186e-02;7.876790e-02;7.732702e-02;1.299438e-02
1.648242e-02;3.074064e-02;1.256755e-01;2.234944e-01;2.015025e-01;6.638496e-02;5.058820e-02;5.130637e-02;3.708615e-02;1.139777e-01;5.077901e-02;3.198223e-02
3.668226e-02;1.419899e-02;8.914585e-02;1.197641e-01;2.569867e-01;1.415957e-01;1.109212e-01;3.292120e-02;6.099018e-02;8.670793e-02;1.976715e-02;3.031872e-02
6.364458e-02;9.777243e-03;5.369735e-02;7.346718e-02;1.810739e-01;2.504256e-01;1.605541e-01;5.102532e-02;5.510376e-02;8.103235e-02;7.223312e-03;1.297534e-02
6.637858e-02;3.128106e-02;3.337737e-02;9.461592e-02;9.301411e-02;2.667529e-01;2.223001e-01;4.691129e-02;4.593367e-02;7.628097e-02;1.579740e-02;7.356611e-03
3.825869e-02;4.172406e-02;5.429637e-02;1.138443e-01;9.388119e-02;2.046880e-01;2.733545e-01;5.609730e-02;4.178734e-02;4.640432e-02;2.187144e-02;1.379248e-02
5.999686e-02;4.431191e-02;8.005936e-02;1.163043e-01;1.257678e-01;1.359700e-01;1.998680e-01;8.407959e-02;4.398946e-02;6.893320e-02;2.560489e-02;1.511461e-02
8.065253e-02;2.692892e-02;4.211997e-02;8.197237e-02;1.281802e-01;1.544994e-01;2.827503e-01;5.049970e-02;4.062684e-02;7.807802e-02;1.341022e-02;2.028150e-02
6.567533e-02;1.992652e-02;2.251410e-02;6.664336e-02;7.409322e-02;1.797969e-01;4.223309e-01;4.406283e-02;3.512049e-02;5.381660e-02;4.853592e-03;1.116609e-02
8.285680e-02;1.862036e-02;2.309032e-02;6.038824e-02;3.862150e-02;1.844437e-01;4.281442e-01;7.165486e-02;2.034566e-02;5.594445e-02;5.916960e-03;9.973007e-03
1.343091e-01;1.182132e-02;2.399054e-02;5.131221e-02;5.459256e-02;2.145930e-01;3.193089e-01;8.481330e-02;1.624565e-02;7.307720e-02;7.756042e-03;8.180177e-03
1.685998e-01;1.152520e-02;1.989570e-02;4.157970e-02;8.912544e-02;2.661664e-01;2.028748e-01;6.290141e-02;3.320049e-02;8.085879e-02;1.343843e-02;9.833813e-03
1.538051e-01;1.833598e-02;2.671959e-02;5.389401e-02;1.216049e-01;2.676969e-01;1.503212e-01;6.169257e-02;3.396546e-02;7.825004e-02;1.587835e-02;1.783583e-02
1.150764e-01;2.325319e-02;6.017220e-02;7.891687e-02;1.404107e-01;2.130547e-01;1.500848e-01;6.129921e-02;2.938064e-02;9.068618e-02;2.154916e-02;1.611594e-02
1.058098e-01;2.425562e-02;1.180151e-01;9.297169e-02;1.172544e-01;1.503868e-01;1.460315e-01;5.933876e-02;3.409810e-02;8.969072e-02;3.368490e-02;2.846262e-02
1.058570e-01;1.553440e-02;1.489026e-01;9.129988e-02;1.665000e-01;1.323911e-01;1.268339e-01;5.486744e-02;3.355422e-02;5.910357e-02;3.302094e-02;3.213497e-02
1.017699e-01;2.359379e-02;1.561335e-01;5.880654e-02;2.286937e-01;1.341930e-01;8.432280e-02;5.848769e-02;3.526457e-02;3.055692e-02;1.720875e-02;7.096884e-02
8.363990e-02;2.237627e-02;1.684017e-01;6.384028e-02;2.358989e-01;1.278285e-01;1.132267e-01;3.136318e-02;3.641375e-02;3.853256e-02;1.097537e-02;6.750285e-02
7.859632e-02;2.353390e-02;1.676954e-01;4.850835e-02;2.301487e-01;1.252517e-01;1.425031e-01;2.256295e-02;4.301769e-02;3.264598e-02;1.610897e-02;6.942694e-02
4.930969e-02;3.014624e-02;1.244257e-01;7.447575e-02;2.819534e-01;1.180511e-01;1.054131e-01;3.035697e-02;4.207813e-02;3.848547e-02;2.116842e-02;8.413617e-02
2.931064e-02;1.675545e-02;1.254498e-01;8.357295e-02;3.395921e-01;1.135447e-01;9.911454e-02;2.359177e-02;4.350987e-02;2.712357e-02;1.248946e-02;8.594523e-02
4.416585e-02;9.981344e-03;9.235086e-02;6.682196e-02;3.672620e-01;1.281608e-01;1.065112e-01;2.365379e-02;3.814611e-02;2.713048e-02;6.541187e-03;8.927453e-02
4.236734e-02;3.204701e-02;1.191245e-01;1.226679e-01;3.069075e-01;9.298743e-02;1.089313e-01;2.421758e-02;2.983630e-02;3.245044e-02;1.744124e-02;7.102147e-02
3.925366e-02;4.107527e-02;2.804252e-01;1.562316e-01;1.572691e-01;6.098139e-02;1.155435e-01;2.528141e-02;2.956496e-02;2.363624e-02;2.995532e-02;4.078233e-02
2.895421e-02;2.173933e-02;4.032217e-01;1.267499e-01;8.080236e-02;7.662498e-02;1.272181e-01;2.763847e-02;2.543934e-02;2.636685e-02;3.249731e-02;2.274747e-02
2.702409e-02;3.954827e-02;4.868713e-01;8.260334e-02;9.480628e-02;7.064021e-02;7.353381e-02;1.795167e-02;2.639632e-02;3.719847e-02;2.267298e-02;2.075321e-02
5.526954e-02;9.377766e-02;4.636538e-01;5.699162e-02;8.452015e-02;7.118708e-02;6.663643e-02;1.439441e-02;3.579108e-02;2.601668e-02;1.593229e-02;1.582931e-02
1.005474e-01;1.404816e-01;4.023713e-01;3.758566e-02;6.376792e-02;7.689478e-02;5.602644e-02;1.807823e-02;3.731471e-02;2.619227e-02;1.851841e-02;2.222128e-02
1.348142e-01;1.238871e-01;3.173935e-01;7.242773e-02;5.912665e-02;7.830584e-02;8.358969e-02;2.306815e-02;3.306772e-02;3.112313e-02;1.754593e-02;2.565041e-02
1.120193e-01;8.956373e-02;3.306922e-01;9.049804e-02;8.951069e-02;8.229644e-02;8.288682e-02;2.659649e-02;2.909894e-02;3.391300e-02;1.411065e-02;1.881367e-02
9.221826e-02;8.775329e-02;3.215634e-01;8.235981e-02;1.421871e-01;7.800860e-02;7.346653e-02;2.771794e-02;2.457126e-02;3.882420e-02;1.893756e-02;1.239211e-02
1.068909e-01;1.086307e-01;3.637021e-01;7.332218e-02;1.132478e-01;4.516392e-02;6.818421e-02;1.875154e-02;2.516074e-02;3.529755e-02;2.345794e-02;1.819038e-02
1.366649e-01;1.458283e-01;3.607294e-01;4.690251e-02;8.494588e-02;3.934892e-02;4.105738e-02;1.882229e-02;4.497195e-02;2.130176e-02;3.321756e-02;2.620920e-02
1.867050e-01;1.576964e-01;2.809963e-01;4.138714e-02;9.017761e-02;3.248335e-02;3.806989e-02;2.182760e-02;4.568990e-02;3.216825e-02;3.753050e-02;3.526815e-02
2.293492e-01;1.115545e-01;2.118061e-01;4.423867e-02;1.062080e-01;2.763538e-02;4.732370e-02;4.772314e-02;3.743948e-02;4.489453e-02;3.984828e-02;5.197898e-02
3.098002e-01;2.835697e-02;1.175633e-01;6.133974e-02;1.248336e-01;4.055620e-02;4.338656e-02;8.838921e-02;3.206431e-02;3.138078e-02;3.471230e-02;8.761682e-02
2.997912e-01;1.079917e-01;1.658431e-01;4.865349e-02;7.364747e-02;4.024660e-02;6.310243e-02;5.778176e-02;2.512465e-02;2.126540e-02;2.392258e-02;7.262959e-02
3.254255e-01;1.580419e-01;2.112327e-01;2.418279e-02;3.581576e-02;2.770209e-02;5.806351e-02;3.980831e-02;1.811906e-02;1.388270e-02;2.987141e-02;5.785427e-02
3.622636e-01;1.703290e-01;2.011112e-01;2.214306e-02;3.133573e-02;1.693309e-02;2.694759e-02;6.012142e-02;1.243700e-02;8.086659e-03;3.088530e-02;5.740633e-02
3.877700e-01;1.363319e-01;1.540413e-01;3.432870e-02;3.801155e-02;2.839533e-02;3.012288e-02;7.026795e-02;2.016936e-02;8.997560e-03;2.910014e-02;6.246333e-02
3.684666e-01;7.174566e-02;9.750922e-02;4.553597e-02;4.880899e-02;5.554688e-02;7.533099e-02;5.990442e-02;4.412816e-02;1.921673e-02;2.937440e-02;8.443200e-02
2.865103e-01;2.870306e-02;5.210329e-02;4.393090e-02;4.828239e-02;6.201797e-02;1.827660e-01;7.009082e-02;5.357203e-02;3.157793e-02;4.839223e-02;9.205305e-02
1.897844e-01;4.290237e-02;6.898686e-02;3.105985e-02;5.553507e-02;4.548245e-02;1.960263e-01;1.073401e-01;6.604741e-02;4.640526e-02;7.768174e-02;7.274827e-02
1.258923e-01;7.071152e-02;8.146317e-02;2.399272e-02;8.668833e-02;5.874274e-02;1.100232e-01;9.798180e-02;8.807458e-02;8.743721e-02;1.175169e-01;5.147552e-02
1.614527e-01;8.991706e-02;6.813519e-02;3.205164e-02;1.083416e-01;6.602139e-02;7.779712e-02;6.777631e-02;6.297338e-02;1.249265e-01;1.103953e-01;3.021187e-02
1.527234e-01;6.845686e-02;4.336907e-02;6.908838e-02;1.097755e-01;5.743106e-02;1.013980e-01;6.598642e-02;7.379200e-02;1.416340e-01;8.476347e-02;3.158170e-02
1.122520e-01;5.054801e-02;5.810704e-02;1.225299e-01;8.313766e-02;3.629616e-02;1.136583e-01;9.171992e-02;9.497511e-02;1.296169e-01;6.808826e-02;3.907076e-02
1.637061e-01;4.627604e-02;6.743568e-02;1.458522e-01;3.692580e-02;3.126561e-02;1.184015e-01;9.980052e-02;8.638147e-02;1.083748e-01;4.408783e-02;5.149248e-02
2.040532e-01;6.257845e-02;8.456548e-02;1.537454e-01;4.573372e-02;4.241262e-02;6.786781e-02;8.599938e-02;7.841029e-02;8.076373e-02;4.847783e-02;4.539213e-02
2.119660e-01;6.469496e-02;1.362503e-01;1.286557e-01;4.354902e-02;4.943917e-02;5.419145e-02;5.704514e-02;7.074045e-02;9.705564e-02;5.210182e-02;3.431033e-02
2.146124e-01;4.095294e-02;1.131425e-01;9.862692e-02;3.502960e-02;3.171675e-02;8.277704e-02;6.383432e-02;6.631075e-02;1.196765e-01;7.028051e-02;6.303982e-02
2.251915e-01;4.090282e-02;1.007959e-01;8.323140e-02;2.706748e-02;3.003998e-02;1.326754e-01;7.315748e-02;6.536996e-02;1.029891e-01;4.380605e-02;7.477283e-02
2.265237e-01;6.040038e-02;8.817586e-02;6.603275e-02;4.281314e-02;3.214465e-02;1.434787e-01;8.029985e-02;6.137821e-02;9.498972e-02;3.682378e-02;6.693928e-02
2.293854e-01;7.225928e-02;6.203419e-02;6.710485e-02;7.980803e-02;3.452230e-02;9.736969e-02;1.065059e-01;6.043325e-02;1.017283e-01;3.348963e-02;5.535910e-02
1.934591e-01;8.307266e-02;7.704437e-02;4.764134e-02;9.422024e-02;4.775352e-02;1.272824e-01;1.091569e-01;5.171800e-02;8.672408e-02;3.785477e-02;4.407259e-02
1.667592e-01;7.498625e-02;1.127496e-01;2.356718e-02;6.951953e-02;6.356901e-02;1.166871e-01;1.062261e-01;7.732774e-02;8.131896e-02;7.621489e-02;3.107446e-02
1.504812e-01;7.781000e-02;5.591580e-02;4.574233e-02;6.808749e-02;4.878746e-02;1.250574e-01;7.454202e-02;1.342259e-01;1.047001e-01;6.490309e-02;4.974725e-02
1.360917e-01;7.612581e-02;9.711906e-02;5.621211e-02;8.271892e-02;4.275415e-02;1.490549e-01;6.942751e-02;1.218700e-01;1.022533e-01;3.489923e-02;3.147329e-02
1.123477e-01;7.230997e-02;1.067886e-01;6.146631e-02;8.191881e-02;5.678197e-02;1.574668e-01;9.247436e-02;8.596168e-02;9.339382e-02;3.020732e-02;4.888262e-02
