9.628771e-02;6.577423e-02;1.475974e-01;5.986407e-02;6.921733e-02;9.382022e-02;1.121047e-01;7.975436e-02;5.811287e-02;9.808820e-02;6.036579e-02;5.901304e-02
6.914046e-02;7.238276e-02;1.135008e-01;5.233950e-02;4.278375e-02;6.952540e-02;1.181645e-01;1.298801e-01;1.035533e-01;1.042553e-01;4.799879e-02;7.647526e-02
1.206748e-01;9.103333e-02;1.537524e-01;5.703378e-02;5.772550e-02;5.961140e-02;5.114382e-02;1.035219e-01;1.141443e-01;7.987545e-02;4.286755e-02;6.861581e-02
1.144342e-01;8.355055e-02;1.760960e-01;8.045211e-02;7.411940e-02;5.945846e-02;5.110026e-02;7.472046e-02;1.069377e-01;6.908020e-02;4.416227e-02;6.588849e-02
7.512497e-02;6.348249e-02;1.246646e-01;1.003904e-01;6.352928e-02;6.652100e-02;8.274682e-02;5.959851e-02;9.527060e-02;1.296200e-01;6.373004e-02;7.532127e-02
8.437996e-02;8.051203e-02;1.080221e-01;7.167047e-02;5.075211e-02;7.693572e-02;1.098541e-01;4.913485e-02;9.699827e-02;1.171666e-01;8.187598e-02;7.269789e-02
7.568297e-02;8.912162e-02;1.406422e-01;5.557093e-02;4.979528e-02;6.089516e-02;1.205060e-01;6.983212e-02;1.337237e-01;6.935272e-02;7.021385e-02;6.466349e-02
8.903348e-02;6.551288e-02;1.163190e-01;9.799461e-02;6.425445e-02;5.009887e-02;7.956792e-02;8.161326e-02;1.012249e-01;4.882115e-02;1.072016e-01;9.835787e-02
6.487183e-02;3.667492e-02;1.189235e-01;1.757894e-01;5.582082e-02;3.716904e-02;7.482878e-02;8.733799e-02;5.206075e-02;3.385071e-02;1.524839e-01;1.101884e-01
4.924499e-02;1.698907e-02;1.773681e-01;2.421005e-01;4.046469e-02;1.900081e-02;5.764429e-02;6.969842e-02;1.320039e-02;8.620819e-02;1.569296e-01;7.115100e-02
5.004041e-02;1.186079e-02;3.148974e-01;2.005364e-01;2.893468e-02;1.271226e-02;6.298009e-02;4.076403e-02;1.926433e-02;1.294697e-01;1.004079e-01;2.813203e-02
6.312184e-02;1.039254e-02;4.520269e-01;1.121285e-01;2.210899e-02;9.705349e-03;9.795266e-02;1.475568e-02;1.804730e-02;1.566305e-01;3.365065e-02;9.479058e-03
6.814533e-02;7.141801e-03;5.455929e-01;3.472452e-02;1.575807e-02;6.393062e-03;1.071705e-01;7.984153e-03;1.616370e-02;1.710242e-01;9.718918e-03;1.018286e-02
5.692507e-02;4.745686e-03;5.781245e-01;4.646695e-02;9.336464e-03;8.357181e-03;1.099900e-01;7.295154e-03;9.078969e-03;1.422346e-01;1.990712e-02;7.538277e-03
3.683181e-02;6.439765e-03;5.603794e-01;4.017613e-02;8.466044e-03;8.279584e-03;1.385186e-01;4.261983e-03;1.247229e-02;1.633875e-01;1.584110e-02;4.945656e-03
2.771118e-02;1.382230e-02;4.543912e-01;1.880771e-02;1.269680e-02;6.318407e-03;1.736534e-01;8.599399e-03;2.242714e-02;2.395685e-01;1.807232e-02;3.931721e-03
3.148999e-02;1.063664e-02;3.003141e-01;4.641717e-02;1.300441e-02;8.707316e-03;1.844096e-01;2.568645e-02;5.811123e-02;2.712272e-01;4.416892e-02;5.827012e-03
4.633653e-02;2.580980e-02;1.735903e-01;7.601660e-02;1.550405e-02;2.200156e-02;1.618394e-01;5.072600e-02;1.087821e-01;2.324543e-01;7.900019e-02;7.939096e-03
7.458117e-02;4.520025e-02;1.341246e-01;8.542916e-02;3.635103e-02;4.076625e-02;1.383155e-01;6.601267e-02;1.308050e-01;1.509773e-01;8.188802e-02;1.554903e-02
1.081113e-01;5.779450e-02;2.182890e-01;5.157629e-02;7.633635e-02;6.771762e-02;1.224584e-01;7.126458e-02;8.564619e-02;6.582881e-02;5.787186e-02;1.710510e-02
8.246726e-02;6.735703e-02;2.228490e-01;3.143920e-02;1.320191e-01;6.168439e-02;9.787052e-02;1.116449e-01;8.792199e-02;4.264281e-02;4.217712e-02;1.992662e-02
4.021389e-02;6.003767e-02;2.358296e-01;3.981447e-02;9.741554e-02;1.171017e-01;7.057859e-02;6.325424e-02;1.174230e-01;8.831234e-02;4.194963e-02;2.806941e-02
3.024715e-02;3.577112e-02;2.632471e-01;7.083424e-02;4.877289e-02;9.302276e-02;1.223620e-01;1.775978e-02;9.154771e-02;1.508076e-01;5.454312e-02;2.108457e-02
3.688658e-02;2.190780e-02;2.812674e-01;8.462604e-02;3.277910e-02;4.215235e-02;1.466536e-01;2.843218e-02;4.624204e-02;1.708703e-01;9.387891e-02;1.430368e-02
3.674851e-02;1.437688e-02;3.000051e-01;8.149414e-02;2.408047e-02;1.473290e-02;1.351230e-01;2.913277e-02;3.114322e-02;1.893908e-01;1.392495e-01;4.522693e-03
2.903778e-02;7.574928e-03;2.833288e-01;5.277801e-02;1.557827e-02;1.096554e-02;1.180990e-01;1.948636e-02;4.037511e-02;2.620622e-01;1.539264e-01;6.787559e-03
1.399816e-02;1.567338e-02;2.717954e-01;3.015861e-02;1.635262e-02;1.101192e-02;1.222239e-01;1.697948e-02;5.212537e-02;3.301271e-01;1.122169e-01;7.337198e-03
1.458559e-02;3.863956e-02;2.789887e-01;2.548840e-02;1.868424e-02;1.561308e-02;1.089607e-01;1.826566e-02;7.026688e-02;3.474298e-01;5.584602e-02;7.231312e-03
3.126648e-02;1.004981e-01;2.357263e-01;2.065995e-02;1.749171e-02;4.502883e-02;6.918970e-02;3.223164e-02;1.401063e-01;2.712668e-01;2.026871e-02;1.626551e-02
6.222073e-02;1.858498e-01;1.313336e-01;2.069082e-02;9.384927e-03;8.396903e-02;2.417857e-02;3.497972e-02;2.761447e-01;1.411414e-01;8.684639e-03;2.142202e-02
7.915841e-02;2.428236e-01;6.279237e-02;2.322691e-02;7.960145e-03;8.750021e-02;9.827356e-03;1.706128e-02;4.056056e-01;4.489636e-02;7.383067e-03;1.176463e-02
5.204410e-02;2.008925e-01;9.137613e-02;2.174689e-02;5.573312e-03;8.233421e-02;1.146826e-02;1.254242e-02;4.566686e-01;5.092949e-02;7.821968e-03;6.602052e-03
3.155185e-02;1.521241e-01;8.075357e-02;1.840770e-02;2.917391e-03;6.987944e-02;1.160335e-02;1.216257e-02;5.398071e-01;6.590547e-02;6.784303e-03;8.103108e-03
2.418483e-02;1.109224e-01;4.827734e-02;1.805916e-02;2.359251e-03;6.849959e-02;5.108002e-03;7.626058e-03;6.299672e-01;7.161780e-02;3.873630e-03;9.504827e-03
1.934038e-02;1.006198e-01;2.576642e-02;2.009018e-02;4.003680e-03;9.033155e-02;7.228856e-03;1.344427e-02;6.522578e-01;5.041123e-02;3.884950e-03;1.262091e-02
1.997792e-02;1.046746e-01;3.121942e-02;1.974125e-02;6.433758e-03;9.916830e-02;4.899835e-03;3.122180e-02;6.360454e-01;2.353585e-02;2.256481e-03;2.082537e-02
1.651142e-02;9.274141e-02;7.026401e-02;1.498199e-02;5.104174e-03;8.720561e-02;8.552980e-03;5.698605e-02;5.743669e-01;3.917496e-02;3.232996e-03;3.087755e-02
1.803777e-02;9.474191e-02;1.326023e-01;1.282778e-02;5.243663e-03;5.003291e-02;1.915840e-02;7.666444e-02;4.725098e-01;8.104798e-02;7.445755e-03;2.968725e-02
4.381093e-02;1.692762e-01;1.495058e-01;1.705723e-02;1.177241e-02;8.144414e-02;2.383300e-02;5.724072e-02;2.849006e-01;1.041121e-01;1.627330e-02;4.077351e-02
6.000878e-02;1.762878e-01;1.046364e-01;1.568252e-02;1.161466e-02;1.122474e-01;3.073866e-02;6.555401e-02;2.540885e-01;1.033515e-01;1.950610e-02;4.628381e-02
8.036466e-02;1.377932e-01;1.126604e-01;2.021332e-02;1.776290e-02;1.017373e-01;4.867439e-02;7.932512e-02;2.606804e-01;8.651508e-02;1.827679e-02;3.599642e-02
8.602647e-02;1.155640e-01;1.681545e-01;2.562806e-02;2.560857e-02;9.684726e-02;7.184806e-02;9.306699e-02;1.865727e-01;7.686984e-02;2.092382e-02;3.288978e-02
5.540557e-02;9.968051e-02;3.033455e-01;2.099583e-02;1.854814e-02;1.307389e-01;6.229456e-02;5.900231e-02;1.474742e-01;5.815107e-02;1.988841e-02;2.447509e-02
4.101533e-02;3.206440e-02;3.073555e-01;2.306682e-02;3.079379e-02;1.639716e-01;7.870236e-02;3.887214e-02;1.429534e-01;1.054184e-01;2.487337e-02;1.091286e-02
2.978040e-02;2.289631e-02;2.731425e-01;4.563592e-02;2.431123e-02;1.211919e-01;1.780428e-01;2.353373e-02;8.863074e-02;1.440683e-01;4.040638e-02;8.359729e-03
1.778516e-02;2.411232e-02;2.798197e-01;7.844393e-02;2.181518e-02;6.928846e-02;2.258468e-01;1.874407e-02;5.425335e-02;1.444434e-01;6.022879e-02;5.218801e-03
8.430336e-03;1.394412e-02;2.896425e-01;1.389333e-01;2.502455e-02;3.906487e-02;1.709809e-01;3.016431e-02;4.450995e-02;1.298392e-01;1.066259e-01;2.840087e-03
8.002714e-03;9.443956e-03;2.489506e-01;1.886231e-01;2.379873e-02;3.568827e-02;5.336016e-02;1.112129e-01;5.081307e-02;1.045915e-01;1.616802e-01;3.834813e-03
1.046149e-02;6.631239e-03;2.018034e-01;1.834619e-01;1.854056e-02;2.580340e-02;2.647146e-02;2.329356e-01;3.626392e-02;7.575855e-02;1.772114e-01;4.657082e-03
9.514588e-03;9.327648e-03;2.058732e-01;1.579805e-01;1.756863e-02;2.163551e-02;2.522636e-02;2.635842e-01;4.152668e-02;6.685596e-02;1.757818e-01;5.124802e-03
2.920619e-02;1.401286e-02;3.281295e-01;1.178866e-01;1.902306e-02;1.501982e-02;3.361026e-02;1.435366e-01;5.019754e-02;7.671831e-02;1.665017e-01;6.157630e-03
5.872222e-02;5.079272e-02;4.525594e-01;6.233683e-02;3.135004e-02;1.020992e-02;7.350027e-02;2.938807e-02;3.168189e-02;7.897775e-02;1.121830e-01;8.297814e-03
8.611043e-02;1.000201e-01;4.659927e-01;4.487022e-02;4.451547e-02;7.668117e-03;8.244184e-02;1.860647e-02;1.980375e-02;7.618510e-02;4.604094e-02;7.744815e-03
1.151079e-01;1.269064e-01;4.244891e-01;5.580646e-02;5.599207e-02;1.646126e-02;6.626134e-02;2.625901e-02;2.194246e-02;5.724194e-02;1.838201e-02;1.515006e-02
1.205931e-01;1.171676e-01;3.662587e-01;9.496205e-02;7.672888e-02;3.311390e-02;4.005643e-02;3.261650e-02;2.734837e-02;4.523960e-02;2.438662e-02;2.152815e-02
9.257217e-02;7.682266e-02;3.053322e-01;1.410921e-01;9.954661e-02;5.766472e-02;4.745700e-02;4.665005e-02;3.228952e-02;4.145682e-02;4.240646e-02;1.670964e-02
4.899852e-02;5.004613e-02;2.538371e-01;1.064911e-01;1.312591e-01;6.542505e-02;1.150656e-01;5.400368e-02;4.246539e-02;4.861170e-02;6.022040e-02;2.357628e-02
1.210936e-01;4.516751e-02;2.034784e-01;3.316829e-02;1.068607e-01;5.222727e-02;1.380644e-01;8.038245e-02;3.774173e-02;7.930119e-02;7.050051e-02;3.201389e-02
1.083209e-01;4.614848e-02;3.252405e-01;5.983602e-02;8.552231e-02;3.577499e-02;9.398188e-02;5.650311e-02;3.055046e-02;7.104712e-02;6.812080e-02;1.895338e-02
6.086078e-02;5.639037e-02;3.547283e-01;1.191790e-01;1.070749e-01;3.191156e-02;8.098660e-02;4.265631e-02;3.161709e-02;6.070241e-02;3.353739e-02;2.035524e-02
5.311305e-02;5.459553e-02;1.599304e-01;1.158446e-01;1.247286e-01;9.089928e-02;1.204055e-01;8.111975e-02;7.287807e-02;7.453466e-02;2.949871e-02;2.245201e-02
4.651738e-02;5.034239e-02;1.415132e-01;1.335136e-01;1.259501e-01;1.088875e-01;1.375774e-01;6.139780e-02;7.551515e-02;6.060660e-02;3.661779e-02;2.156108e-02
2.242794e-02;3.931363e-02;2.450325e-01;1.545605e-01;1.202286e-01;8.077814e-02;1.357109e-01;3.496642e-02;5.480324e-02;5.023580e-02;4.121391e-02;2.072848e-02
3.185552e-02;3.242448e-02;3.679869e-01;1.541237e-01;9.771172e-02;5.246564e-02;1.032970e-01;1.576587e-02;4.588912e-02;3.838666e-02;4.180561e-02;1.828791e-02
4.410655e-02;2.463548e-02;5.080272e-01;1.289268e-01;6.906664e-02;3.490859e-02;5.496504e-02;1.490927e-02;4.819599e-02;3.289123e-02;2.981544e-02;9.551852e-03
5.678872e-02;6.478345e-02;5.633791e-01;8.195013e-02;4.494878e-02;1.506319e-02;5.153386e-02;1.313069e-02;3.751567e-02;4.165370e-02;1.985243e-02;9.400302e-03
8.996135e-02;1.078263e-01;4.885532e-01;4.963774e-02;5.012222e-02;2.192010e-02;6.044123e-02;1.119397e-02;2.681460e-02;4.842987e-02;2.814645e-02;1.695300e-02
1.321310e-01;1.348050e-01;3.340015e-01;3.730026e-02;6.448694e-02;3.302130e-02;6.290027e-02;1.026005e-02;3.835347e-02;5.837611e-02;5.603357e-02;3.833048e-02
1.421035e-01;1.241023e-01;1.492862e-01;6.284935e-02;8.184325e-02;3.174383e-02;6.923820e-02;2.051956e-02;5.467073e-02;7.805735e-02;1.066854e-01;7.890023e-02
8.200258e-02;4.496933e-02;2.685677e-01;9.560674e-02;7.759839e-02;3.240960e-02;7.075039e-02;3.425693e-02;5.409244e-02;8.497100e-02;9.239826e-02;6.237660e-02
8.555391e-02;5.692421e-02;3.607739e-01;9.224897e-02;6.759596e-02;4.029848e-02;8.898563e-02;3.306896e-02;4.343098e-02;7.089321e-02;3.696395e-02;2.326179e-02
3.645789e-02;7.634085e-02;9.568994e-02;7.240260e-02;4.611783e-02;8.270562e-02;9.725802e-02;1.428347e-01;1.604920e-01;7.803995e-02;6.081712e-02;5.084345e-02
3.889239e-02;6.877030e-02;7.024539e-02;7.424635e-02;5.394100e-02;9.233361e-02;9.134983e-02;1.397734e-01;1.695912e-01;9.347381e-02;5.904001e-02;4.834279e-02
4.238562e-02;6.194882e-02;8.068488e-02;7.769720e-02;5.414552e-02;1.002392e-01;7.947088e-02;1.230673e-01;1.724013e-01;1.111486e-01;4.983848e-02;4.697215e-02
6.939038e-02;6.505384e-02;1.533145e-01;6.173515e-02;5.231060e-02;8.916345e-02;7.876316e-02;8.614489e-02;1.506598e-01;1.030433e-01;3.782500e-02;5.259595e-02
4.716904e-02;4.576806e-02;1.490605e-01;4.631902e-02;8.168010e-02;6.349473e-02;2.302578e-01;9.610038e-02;1.127295e-01;6.410431e-02;2.737426e-02;3.594227e-02
2.184404e-02;2.829294e-02;9.753222e-02;2.893259e-02;7.408013e-02;7.797983e-02;4.350605e-01;9.256047e-02;6.690052e-02;5.398270e-02;1.263360e-02;1.020047e-02
1.726553e-02;3.255284e-02;4.379836e-02;2.114113e-02;5.888654e-02;7.338853e-02;5.633327e-01;6.417338e-02;6.239812e-02;3.721381e-02;1.543722e-02;1.041182e-02
8.657868e-03;4.712117e-02;2.551685e-02;1.070487e-02;7.531657e-02;4.430816e-02;6.207359e-01;4.693102e-02;6.524700e-02;2.250658e-02;2.307274e-02;9.881305e-03
6.262879e-03;5.104938e-02;5.720239e-02;7.133879e-03;1.130364e-01;2.748616e-02;5.127307e-01;1.150509e-01;4.738882e-02;3.082298e-02;2.039740e-02;1.143814e-02
9.087451e-03;4.757485e-02;9.923039e-02;1.336602e-02;1.335898e-01;2.400860e-02;3.122109e-01;2.151239e-01;5.610513e-02;6.099025e-02;1.288513e-02;1.582756e-02
1.422612e-02;4.822756e-02;1.117324e-01;1.750150e-02;1.113243e-01;4.823887e-02;2.248583e-01;2.449318e-01;7.083019e-02;7.326756e-02;1.514136e-02;1.972002e-02
1.767409e-02;5.873382e-02;1.129558e-01;2.496082e-02;1.210600e-01;7.792953e-02;1.855791e-01;2.005554e-01;9.011301e-02;7.101620e-02;2.104733e-02;1.837489e-02
1.403258e-02;3.605196e-02;1.194346e-01;4.747213e-02;2.916913e-01;1.076358e-01;1.217628e-01;1.010259e-01;6.323791e-02;4.885155e-02;1.876215e-02;3.004124e-02
5.593613e-02;2.029971e-02;5.931259e-02;3.024725e-02;2.480105e-01;2.178538e-01;1.259285e-01;6.371608e-02;7.017643e-02;5.008781e-02;1.320139e-02;4.522988e-02
8.747138e-02;2.549853e-02;1.893816e-02;2.778380e-02;8.476219e-02;2.755798e-01;2.736515e-01;7.396635e-02;3.247303e-02;6.530694e-02;1.016930e-02;2.439903e-02
9.100510e-02;3.454926e-02;1.384536e-02;4.344780e-02;2.892366e-02;2.327614e-01;3.838247e-01;9.462637e-02;1.809250e-02;4.119520e-02;6.942258e-03;1.078640e-02
1.195127e-01;3.744642e-02;1.357298e-02;4.228460e-02;1.422542e-02;2.161069e-01;3.239831e-01;9.282546e-02;1.706981e-02;1.002479e-01;1.215131e-02;1.057345e-02
1.746349e-01;2.897536e-02;1.510066e-02;2.708020e-02;2.961319e-02;2.549542e-01;1.808127e-01;6.897700e-02;1.842732e-02;1.610347e-01;9.792070e-03;3.059778e-02
2.128878e-01;1.371231e-02;3.864688e-02;1.204775e-02;8.570375e-02;2.279141e-01;6.857811e-02;4.125000e-02;4.275706e-02;1.522642e-01;5.346656e-03;9.889147e-02
1.277186e-01;3.475073e-03;6.542930e-02;1.776412e-02;1.943507e-01;9.022465e-02;5.571913e-02;1.309154e-02;1.269834e-01;6.201862e-02;7.134780e-03;2.360900e-01
2.797384e-02;5.431400e-03;5.713839e-02;3.313294e-02;2.471189e-01;5.042946e-02;6.039780e-02;1.026971e-02;1.550396e-01;2.674089e-02;1.171898e-02;3.146081e-01
9.622400e-03;1.369117e-02;5.233695e-02;6.381734e-02;2.444022e-01;3.404864e-02;6.270001e-02;1.440942e-02;1.193059e-01;2.172557e-02;3.616451e-02;3.277759e-01
1.841868e-02;3.176769e-02;9.003096e-02;1.040653e-01;1.997187e-01;3.038701e-02;5.791091e-02;2.656101e-02;6.068222e-02;2.773689e-02;6.773826e-02;2.849824e-01
3.073924e-02;4.771091e-02;1.502660e-01;1.057361e-01;1.522579e-01;4.478644e-02;4.635919e-02;3.973943e-02;3.996346e-02;3.194697e-02;9.272109e-02;2.177733e-01
3.799092e-02;3.841538e-02;2.200333e-01;8.588034e-02;1.220311e-01;5.233684e-02;5.184694e-02;4.482386e-02;6.963234e-02;4.521628e-02;6.990687e-02;1.618858e-01
3.768145e-02;2.443212e-02;2.097102e-01;6.164339e-02;2.000193e-01;4.482253e-02;6.650461e-02;3.424429e-02;9.030826e-02;9.002893e-02;2.561264e-02;1.149924e-01
3.590870e-02;1.903875e-02;1.438662e-01;6.576461e-02;1.938821e-01;5.172104e-02;8.485048e-02;4.360331e-02;4.672748e-02;1.426859e-01;2.249352e-02;1.494580e-01
4.924627e-02;3.519429e-02;8.881284e-02;8.326095e-02;1.331721e-01;7.979399e-02;7.599773e-02;3.789470e-02;5.006419e-02;1.801655e-01;3.366407e-02;1.527334e-01
5.569470e-02;6.886081e-02;1.004876e-01;5.388088e-02;8.779580e-02;5.154397e-02;1.849537e-01;8.053870e-02;7.396316e-02;9.243474e-02;7.513265e-02;7.471321e-02
7.907555e-02;4.490304e-02;7.664347e-02;4.144249e-02;1.169147e-01;7.626623e-02;1.511544e-01;5.148743e-02;9.927295e-02;6.158331e-02;5.758299e-02;1.436735e-01
6.910793e-02;2.291125e-02;5.434248e-02;5.306908e-02;1.534968e-01;7.456534e-02;1.030209e-01;3.867670e-02;9.027150e-02;3.547047e-02;5.850899e-02;2.465585e-01
3.244720e-02;1.643836e-02;4.400523e-02;8.846866e-02;1.406760e-01;4.722004e-02;4.523924e-02;5.532842e-02;6.159195e-02;2.579386e-02;1.711481e-01;2.716430e-01
9.264148e-03;1.968820e-02;5.216768e-02;1.402024e-01;7.453462e-02;2.493911e-02;1.798726e-02;9.997731e-02;2.602454e-02;3.740611e-02;3.308070e-01;1.670017e-01
2.396135e-02;1.400024e-02;9.469085e-02;1.398011e-01;2.751220e-02;2.104981e-02;2.898006e-02;9.255861e-02;2.867801e-02;1.054665e-01;3.674451e-01;5.585624e-02
4.462336e-02;1.166958e-02;1.659872e-01;7.987407e-02;1.745927e-02;1.221222e-02;5.974204e-02;4.767678e-02;6.390557e-02;2.429348e-01;2.413141e-01;1.260098e-02
4.926706e-02;3.806616e-02;1.974463e-01;2.846041e-02;1.656360e-02;1.669314e-02;6.386531e-02;2.678373e-02;1.519232e-01;3.031505e-01;8.768209e-02;2.009842e-02
4.849670e-02;9.372316e-02;1.516828e-01;1.876183e-02;1.057358e-02;3.659483e-02;3.275898e-02;3.926124e-02;2.933041e-01;2.001460e-01;2.893480e-02;4.576201e-02
7.810187e-02;1.688513e-01;9.442775e-02;1.877368e-02;5.736785e-03;4.551423e-02;1.469958e-02;6.319282e-02;3.673883e-01;7.708359e-02;1.919633e-02;4.703375e-02
1.411807e-01;2.163287e-01;9.959500e-02;2.213241e-02;5.565138e-03;3.588289e-02;1.057917e-02;8.305204e-02;3.035447e-01;3.792449e-02;1.258956e-02;3.162520e-02
2.088045e-01;1.896851e-01;1.311462e-01;2.407720e-02;1.436284e-02;1.794025e-02;2.722714e-02;9.342832e-02;2.007683e-01;2.898397e-02;2.210380e-02;4.147238e-02
3.036827e-01;1.063707e-01;1.533051e-01;1.556575e-02;2.105782e-02;1.207784e-02;4.037089e-02;9.224272e-02;1.335253e-01;2.989863e-02;3.759227e-02;5.431024e-02
3.185378e-01;9.859829e-02;1.326321e-01;2.721968e-02;2.919912e-02;1.591670e-02;3.667838e-02;7.852687e-02;9.663481e-02;5.760254e-02;5.242604e-02;5.602775e-02
1.874962e-01;7.605488e-02;9.096395e-02;3.739880e-02;3.697000e-02;2.866169e-02;7.910886e-02;7.975589e-02;1.234628e-01;9.969206e-02;6.545191e-02;9.498292e-02
5.981391e-02;5.777219e-02;8.759261e-02;3.580565e-02;4.629150e-02;4.775498e-02;8.918724e-02;8.055516e-02;1.495530e-01;1.428280e-01;1.145871e-01;8.825868e-02
7.626566e-02;5.962744e-02;1.010687e-01;4.665875e-02;8.005278e-02;3.464651e-02;3.850285e-02;7.880035e-02;1.721016e-01;1.540813e-01;1.094215e-01;4.877255e-02
6.295124e-02;5.924380e-02;9.856518e-02;6.103787e-02;7.855105e-02;4.631272e-02;6.617649e-02;5.889894e-02;1.781492e-01;1.581916e-01;9.941196e-02;3.250995e-02
9.500731e-02;4.710639e-02;1.334539e-01;5.748629e-02;6.112211e-02;8.414310e-02;6.670369e-02;6.074369e-02;1.091480e-01;1.287970e-01;1.076218e-01;4.866679e-02
1.247095e-01;4.820747e-02;2.437123e-01;4.407090e-02;4.655933e-02;5.037151e-02;3.731580e-02;4.604139e-02;8.833309e-02;9.981906e-02;1.350108e-01;3.584882e-02
1.413200e-01;3.235943e-02;2.343934e-01;5.962580e-02;6.293201e-02;4.840699e-02;2.061624e-02;4.615542e-02;1.234961e-01;7.838788e-02;1.020460e-01;5.026066e-02
1.880904e-01;3.597062e-02;1.521142e-01;7.170679e-02;1.023072e-01;3.572280e-02;3.474046e-02;6.424463e-02;1.053608e-01;4.243200e-02;7.924391e-02;8.806612e-02
2.263870e-01;5.397755e-02;8.304900e-02;5.274478e-02;1.218351e-01;4.913434e-02;6.395807e-02;7.843965e-02;6.634380e-02;2.055773e-02;7.060999e-02;1.129630e-01
2.019513e-01;4.988932e-02;5.713303e-02;2.430857e-02;1.333463e-01;7.542001e-02;9.402796e-02;7.698401e-02;8.283868e-02;2.393324e-02;6.910025e-02;1.110674e-01
1.244350e-01;3.567179e-02;6.483787e-02;1.509595e-02;1.282878e-01;1.169948e-01;1.230186e-01;5.497236e-02;1.150664e-01;3.819877e-02;8.671849e-02;9.670227e-02
3.499944e-02;2.289207e-02;9.495020e-02;9.576446e-03;7.564612e-02;1.601973e-01;1.492090e-01;4.744068e-02;1.447382e-01;4.743674e-02;1.333685e-01;7.954529e-02
2.839915e-02;1.583735e-02;1.144496e-01;1.344552e-02;5.743497e-02;2.044210e-01;1.336457e-01;3.991468e-02;1.237984e-01;5.001544e-02;1.532469e-01;6.539124e-02
2.644145e-02;1.658988e-02;1.084965e-01;1.080350e-02;4.012377e-02;2.629758e-01;9.630158e-02;2.656326e-02;1.046576e-01;8.904390e-02;1.667764e-01;5.122630e-02
2.753027e-02;1.337026e-02;1.057120e-01;8.733025e-03;2.309394e-02;3.280487e-01;8.346488e-02;1.549047e-02;6.149857e-02;1.237709e-01;1.725508e-01;3.673610e-02
3.458297e-02;1.033080e-02;9.017305e-02;1.057031e-02;2.850545e-02;3.863172e-01;6.618097e-02;1.223033e-02;3.228169e-02;1.309066e-01;1.708150e-01;2.710562e-02
4.503440e-02;1.661075e-02;5.725084e-02;2.622999e-02;5.302987e-02;3.379370e-01;1.390548e-01;3.839375e-02;3.233065e-02;1.031370e-01;1.249569e-01;2.603404e-02
4.287760e-02;3.149162e-02;3.351558e-02;4.940214e-02;9.065147e-02;2.268353e-01;1.836856e-01;8.271082e-02;5.966988e-02;1.110900e-01;6.462114e-02;2.344882e-02
5.825908e-02;4.581879e-02;4.079735e-02;6.606873e-02;1.126878e-01;1.486535e-01;1.418740e-01;1.359198e-01;6.764095e-02;9.680694e-02;5.928516e-02;2.618776e-02
9.373356e-02;5.278303e-02;1.031185e-01;6.201338e-02;8.791784e-02;9.152558e-02;1.536202e-01;1.281301e-01;5.593001e-02;6.755180e-02;5.008912e-02;5.358689e-02
1.258181e-01;6.706470e-02;1.465043e-01;5.951608e-02;6.213622e-02;4.815685e-02;1.576228e-01;1.112826e-01;4.373214e-02;5.870763e-02;4.531807e-02;7.414055e-02
1.035828e-01;8.992951e-02;1.470383e-01;6.497679e-02;5.299821e-02;6.277780e-02;7.746483e-02;1.026385e-01;7.903433e-02;7.592157e-02;6.732214e-02;7.631530e-02
6.921127e-02;1.073710e-01;1.193415e-01;6.636658e-02;4.757203e-02;9.595782e-02;6.704881e-02;8.672788e-02;1.256739e-01;9.510470e-02;5.659224e-02;6.303232e-02
1.008761e-01;8.540337e-02;1.097109e-01;7.639051e-02;7.579865e-02;1.228558e-01;9.886927e-02;6.504268e-02;1.022041e-01;6.469101e-02;5.317104e-02;4.498659e-02
6.813146e-02;5.372070e-02;1.000054e-01;9.352174e-02;7.798139e-02;1.176139e-01;1.139374e-01;7.965272e-02;6.128889e-02;9.691913e-02;6.962122e-02;6.760598e-02
2.643033e-02;3.990777e-02;1.434140e-01;7.621691e-02;8.216941e-02;1.111437e-01;1.014531e-01;8.121875e-02;5.939057e-02;1.336493e-01;6.835873e-02;7.664756e-02
4.056798e-02;4.815290e-02;1.831475e-01;7.013647e-02;1.062191e-01;1.136652e-01;9.916813e-02;4.874752e-02;5.606199e-02;1.083698e-01;7.553452e-02;5.022889e-02
4.621148e-02;6.093441e-02;1.351752e-01;1.073200e-01;9.849305e-02;1.461257e-01;8.182716e-02;6.869941e-02;5.634311e-02;5.310828e-02;1.049889e-01;4.077331e-02
6.260387e-02;6.219818e-02;1.004231e-01;7.482721e-02;1.028415e-01;9.650107e-02;8.371095e-02;1.014586e-01;7.365742e-02;8.623492e-02;9.875436e-02;5.678883e-02
