1.011444e-01;1.541242e-01;1.082675e-01;1.425909e-01;8.831824e-02;4.068562e-02;1.101317e-01;3.881970e-02;3.187694e-02;6.473459e-02;4.628812e-02;7.301803e-02
5.758886e-02;9.288359e-02;2.117705e-01;1.451035e-01;5.065072e-02;4.153495e-02;1.534293e-01;4.209493e-02;3.979040e-02;5.376180e-02;6.591381e-02;4.547766e-02
1.417703e-01;5.843650e-02;2.820700e-01;8.355249e-02;3.377280e-02;3.597764e-02;1.434960e-01;2.519671e-02;2.689511e-02;2.198066e-02;6.270030e-02;8.415143e-02
1.094887e-01;7.584373e-02;2.799439e-01;5.864508e-02;2.675297e-02;2.816533e-02;1.168020e-01;2.957252e-02;2.304013e-02;4.604110e-02;8.008780e-02;1.256167e-01
6.325792e-02;8.549941e-02;2.533557e-01;6.097596e-02;3.333057e-02;2.446880e-02;9.950702e-02;3.212699e-02;3.026788e-02;5.991750e-02;1.576182e-01;9.967403e-02
4.816592e-02;3.107518e-02;2.254627e-01;5.450086e-02;7.876498e-02;7.149346e-02;2.464167e-01;4.412150e-02;3.795464e-02;5.773421e-02;4.713415e-02;5.717574e-02
5.801538e-02;5.331198e-02;2.633495e-01;5.583492e-02;8.660316e-02;7.826046e-02;1.694228e-01;3.036632e-02;5.280031e-02;7.046863e-02;4.429501e-02;3.727143e-02
8.141331e-02;6.384853e-02;2.976235e-01;5.402014e-02;6.464294e-02;6.459930e-02;1.224050e-01;2.204679e-02;5.754055e-02;1.074608e-01;3.054123e-02;3.385798e-02
8.222757e-02;6.302563e-02;3.434447e-01;5.123863e-02;3.438478e-02;4.107828e-02;7.231707e-02;1.127023e-02;5.963162e-02;1.585581e-01;5.333484e-02;2.948861e-02
5.346666e-02;3.874280e-02;3.489214e-01;8.236234e-02;3.277764e-02;2.092760e-02;3.062216e-02;1.073795e-02;4.218388e-02;1.909861e-01;1.281338e-01;2.013764e-02
2.310987e-02;1.307946e-02;2.709369e-01;1.476388e-01;7.848521e-02;2.029433e-02;1.583319e-02;1.188035e-02;1.970069e-02;1.496263e-01;2.184907e-01;3.092420e-02
1.669468e-02;9.079793e-03;1.834127e-01;1.793626e-01;1.791885e-01;3.790321e-02;2.081144e-02;7.697106e-03;1.252488e-02;7.100274e-02;1.837459e-01;9.857643e-02
1.226718e-02;1.120522e-02;1.566424e-01;1.294563e-01;2.820811e-01;6.451841e-02;4.752909e-02;6.135610e-03;1.362467e-02;3.454895e-02;6.094467e-02;1.810464e-01
5.613597e-03;5.170224e-03;1.328323e-01;7.623389e-02;3.370377e-01;8.731104e-02;4.706367e-02;3.931530e-03;3.026439e-02;2.289154e-02;3.233723e-02;2.193129e-01
1.131795e-02;5.251799e-03;9.920812e-02;5.892763e-02;3.623975e-01;1.255925e-01;7.298245e-02;2.961962e-03;4.265904e-02;9.768392e-03;2.975467e-02;1.791780e-01
1.571721e-02;7.635092e-03;8.217882e-02;3.973639e-02;3.896664e-01;1.803139e-01;9.694470e-02;4.437282e-03;4.214360e-02;5.950130e-03;1.946825e-02;1.158081e-01
2.280488e-02;7.521807e-03;6.220017e-02;3.461529e-02;3.933560e-01;2.214086e-01;1.217622e-01;4.131946e-03;2.746921e-02;7.990305e-03;7.104288e-03;8.963530e-02
2.257486e-02;4.744627e-03;6.217827e-02;3.149576e-02;3.930193e-01;2.305623e-01;1.122563e-01;5.907610e-03;2.911947e-02;7.852198e-03;3.996248e-03;9.629317e-02
2.199667e-02;3.092622e-03;6.053682e-02;2.581137e-02;3.932439e-01;2.320956e-01;1.108667e-01;5.305724e-03;4.056823e-02;3.819057e-03;8.056940e-03;9.460643e-02
2.408042e-02;4.031968e-03;5.984686e-02;2.882162e-02;3.926843e-01;2.314713e-01;1.082506e-01;5.377241e-03;4.245073e-02;7.760470e-03;5.557313e-03;8.966719e-02
2.234268e-02;5.267902e-03;6.026544e-02;3.241686e-02;3.844924e-01;2.202506e-01;1.049963e-01;7.050738e-03;4.130174e-02;1.504041e-02;3.609700e-03;1.029652e-01
1.958608e-02;4.549372e-03;5.227223e-02;3.473815e-02;3.820275e-01;2.074239e-01;9.288893e-02;7.772056e-03;5.606795e-02;1.786079e-02;5.530190e-03;1.192828e-01
2.099148e-02;4.042047e-03;5.599211e-02;3.250844e-02;3.815179e-01;2.005736e-01;9.608067e-02;9.588756e-03;5.626489e-02;1.285589e-02;3.339930e-03;1.262443e-01
1.851526e-02;3.911937e-03;5.109345e-02;3.287779e-02;3.945669e-01;1.978879e-01;9.744444e-02;6.948167e-03;5.708790e-02;7.266699e-03;3.163865e-03;1.292357e-01
1.670209e-02;4.174625e-03;5.669450e-02;4.101014e-02;3.891759e-01;1.748605e-01;8.514081e-02;5.642452e-03;5.952458e-02;7.658880e-03;2.443921e-03;1.569717e-01
1.044142e-02;5.398596e-03;5.948930e-02;6.139022e-02;3.797969e-01;1.337650e-01;6.670771e-02;5.125261e-03;5.662734e-02;1.001413e-02;3.415691e-03;2.078284e-01
6.031213e-03;5.526760e-03;7.289878e-02;8.244139e-02;3.614246e-01;9.548930e-02;5.799695e-02;3.715849e-03;4.144800e-02;6.975396e-03;1.484485e-02;2.512069e-01
3.819116e-03;3.497770e-03;9.306801e-02;1.107505e-01;3.325339e-01;7.035928e-02;4.645826e-02;5.877961e-03;2.488498e-02;5.064632e-03;2.757279e-02;2.761127e-01
3.760399e-03;3.296214e-03;1.413116e-01;1.402016e-01;2.501792e-01;4.802651e-02;3.321151e-02;1.281691e-02;1.332948e-02;1.027928e-02;1.153962e-01;2.281912e-01
8.303058e-03;6.806235e-03;2.280102e-01;1.411827e-01;1.501569e-01;3.823272e-02;2.861884e-02;2.629100e-02;7.698877e-03;3.227765e-02;1.829205e-01;1.495012e-01
1.667091e-02;1.858870e-02;3.252065e-01;1.195673e-01;8.213963e-02;3.549985e-02;2.291730e-02;2.925976e-02;2.523246e-02;5.811658e-02;1.790451e-01;8.775590e-02
2.650142e-02;3.649649e-02;3.952032e-01;1.071659e-01;5.981831e-02;3.400926e-02;2.452677e-02;2.532138e-02;4.802596e-02;8.278327e-02;9.525738e-02;6.489061e-02
3.575596e-02;4.459442e-02;2.255780e-01;8.795983e-02;7.118834e-02;2.029109e-02;4.484322e-02;2.755580e-02;7.971903e-02;1.207208e-01;1.347135e-01;1.070801e-01
3.633032e-02;4.020615e-02;2.194987e-01;6.004979e-02;9.579916e-02;2.811315e-02;6.091868e-02;3.666884e-02;6.774841e-02;1.126774e-01;1.389790e-01;1.030104e-01
2.636272e-02;4.917206e-02;2.856062e-01;1.095749e-01;1.053496e-01;3.714532e-02;4.251677e-02;3.756712e-02;3.728873e-02;8.410303e-02;8.519890e-02;1.001147e-01
2.325306e-02;3.171687e-02;2.086196e-01;1.422613e-01;1.388818e-01;5.140077e-02;5.953718e-02;3.309724e-02;4.281785e-02;4.564179e-02;1.146243e-01;1.081482e-01
3.816646e-02;3.890390e-02;1.956413e-01;7.947903e-02;1.607014e-01;6.418781e-02;6.825063e-02;7.757801e-02;8.501099e-02;5.514669e-02;4.907779e-02;8.785604e-02
9.769678e-02;7.680501e-02;1.570969e-01;2.129710e-02;7.251523e-02;5.244634e-02;1.288075e-01;1.291238e-01;9.180813e-02;6.151503e-02;3.884748e-02;7.204076e-02
7.546306e-02;1.144191e-01;2.016331e-01;3.880932e-02;5.549628e-02;6.761493e-02;9.701692e-02;1.286789e-01;6.345602e-02;8.237936e-02;3.168188e-02;4.335110e-02
1.090310e-01;9.876860e-02;2.648152e-01;4.556230e-02;3.584513e-02;4.686765e-02;7.256001e-02;5.779324e-02;5.683576e-02;8.919922e-02;5.169017e-02;7.103173e-02
1.334346e-01;1.955556e-01;2.782050e-01;1.961118e-02;2.537226e-02;2.401134e-02;4.389945e-02;2.231972e-02;7.369324e-02;7.087247e-02;5.638535e-02;5.663990e-02
1.915924e-01;2.723370e-01;2.649211e-01;1.158837e-02;2.232025e-02;1.216500e-02;1.281924e-02;4.688059e-02;5.728963e-02;4.153748e-02;3.221007e-02;3.433883e-02
2.205979e-01;2.689811e-01;2.476502e-01;2.836828e-02;3.528443e-02;1.233520e-02;2.775718e-02;7.672714e-02;3.084917e-02;1.909406e-02;1.201489e-02;2.034038e-02
1.920883e-01;1.754541e-01;2.094731e-01;6.859041e-02;6.807034e-02;2.721214e-02;7.821485e-02;1.064133e-01;2.195775e-02;1.304585e-02;8.404104e-03;3.107566e-02
9.264587e-02;6.194180e-02;1.218459e-01;1.020749e-01;8.349389e-02;5.652500e-02;2.478977e-01;1.270369e-01;1.477491e-02;1.296522e-02;1.132079e-02;6.747716e-02
3.109734e-02;2.928385e-02;3.705035e-02;1.025961e-01;3.513725e-02;5.543591e-02;4.430633e-01;1.315292e-01;9.191732e-03;8.446307e-03;1.166030e-02;1.055084e-01
1.781362e-02;2.015117e-02;1.487779e-02;9.183778e-02;6.996711e-03;3.853513e-02;5.309859e-01;1.021410e-01;5.532542e-03;9.780032e-03;1.893563e-02;1.424127e-01
2.388018e-02;1.791815e-02;1.100490e-02;9.744287e-02;7.946252e-03;3.020842e-02;5.355036e-01;4.521400e-02;1.023359e-02;2.257019e-02;1.868176e-02;1.793961e-01
3.617793e-02;1.391965e-02;8.579332e-03;1.085845e-01;6.824947e-03;1.978797e-02;5.172246e-01;3.071197e-02;1.360994e-02;5.362045e-02;1.069102e-02;1.802678e-01
5.932556e-02;1.239349e-02;8.175204e-03;9.276923e-02;7.474781e-03;2.189548e-02;4.872754e-01;8.814161e-02;7.145896e-03;7.693066e-02;6.973460e-03;1.314993e-01
1.003152e-01;1.422043e-02;1.219283e-02;5.632924e-02;1.621482e-02;2.495095e-02;4.205539e-01;1.816204e-01;2.148480e-02;6.583174e-02;1.081199e-02;7.547363e-02
1.418282e-01;2.684911e-02;1.927377e-02;2.718300e-02;3.276591e-02;3.283980e-02;3.242602e-01;2.494074e-01;3.301466e-02;3.952991e-02;2.528328e-02;4.776483e-02
1.680222e-01;5.124932e-02;4.941438e-02;1.800135e-02;4.517800e-02;2.791492e-02;2.295184e-01;2.363572e-01;5.712972e-02;3.180844e-02;3.692143e-02;4.848467e-02
1.599938e-01;4.821046e-02;8.853895e-02;2.619211e-02;4.857614e-02;2.859148e-02;2.048509e-01;1.439826e-01;7.677244e-02;5.700485e-02;5.686101e-02;6.042528e-02
2.240995e-01;1.490724e-01;9.820166e-02;2.634735e-02;2.178747e-02;2.801206e-02;1.353864e-01;8.481376e-02;7.522654e-02;4.431816e-02;4.284083e-02;6.989389e-02
2.728034e-01;2.617028e-01;1.442675e-01;1.729212e-02;1.552439e-02;1.655831e-02;5.356980e-02;4.043745e-02;8.335862e-02;2.162119e-02;2.693168e-02;4.593271e-02
2.251983e-01;3.599687e-01;1.690199e-01;1.585866e-02;8.664835e-03;1.935591e-02;3.343021e-02;2.054247e-02;1.058773e-01;1.176985e-02;1.177939e-02;1.853447e-02
1.544637e-01;4.111204e-01;2.322756e-01;1.056171e-02;4.736135e-03;2.319706e-02;1.858709e-02;1.042470e-02;1.086474e-01;1.000790e-02;3.527748e-03;1.245058e-02
1.038021e-01;3.698525e-01;3.501652e-01;9.140833e-03;3.018047e-03;2.154078e-02;1.383988e-02;1.634567e-02;7.885263e-02;1.364203e-02;1.797238e-03;1.800290e-02
7.459784e-02;2.665243e-01;5.050686e-01;1.417994e-02;4.937971e-03;1.333985e-02;1.128949e-02;1.538482e-02;4.248639e-02;3.468632e-02;2.690520e-03;1.481394e-02
5.549016e-02;1.392485e-01;6.209816e-01;3.747066e-02;1.041687e-02;8.537705e-03;2.030531e-02;1.004983e-02;2.436310e-02;6.250668e-02;3.103263e-03;7.526362e-03
4.433258e-02;3.605916e-02;6.622781e-01;8.462335e-02;1.680699e-02;5.371715e-03;2.660194e-02;4.857343e-03;2.434386e-02;7.450476e-02;1.651859e-02;3.701629e-03
3.882875e-02;3.202404e-02;5.909573e-01;1.246824e-01;1.996090e-02;5.068849e-03;2.455972e-02;3.931010e-03;4.160085e-02;7.163060e-02;4.166941e-02;5.086216e-03
3.515091e-02;3.045637e-02;5.114927e-01;1.574319e-01;1.169585e-02;6.747711e-03;1.646088e-02;5.256932e-03;6.564209e-02;7.268510e-02;8.288819e-02;4.091336e-03
2.727698e-02;2.425906e-02;4.557624e-01;1.826520e-01;2.062583e-02;7.856090e-03;1.502413e-02;5.886227e-03;6.156434e-02;7.651011e-02;1.183936e-01;4.189301e-03
3.559849e-02;1.452822e-02;4.679698e-01;1.763062e-01;1.932633e-02;6.853335e-03;1.408920e-02;6.059698e-03;5.214536e-02;8.486215e-02;1.203641e-01;1.897038e-03
4.549876e-02;4.427956e-02;4.416314e-01;1.393260e-01;2.626833e-02;1.108071e-02;2.976479e-02;7.607103e-03;6.013175e-02;1.008789e-01;8.825923e-02;5.273536e-03
5.330293e-02;7.518017e-02;4.095192e-01;1.144821e-01;3.010088e-02;1.708728e-02;4.083648e-02;1.408985e-02;7.595060e-02;1.009173e-01;6.075484e-02;7.778294e-03
4.857109e-02;1.204059e-01;3.797101e-01;1.109614e-01;3.313398e-02;3.060998e-02;4.224067e-02;1.512685e-02;8.277112e-02;7.542118e-02;4.976114e-02;1.128663e-02
7.561714e-02;9.791508e-02;3.979073e-01;9.340180e-02;4.568665e-02;3.719078e-02;8.421499e-02;1.415964e-02;7.649641e-02;3.810705e-02;2.337772e-02;1.592549e-02
5.920869e-02;8.085452e-02;4.124451e-01;8.362751e-02;3.340016e-02;2.867269e-02;8.374354e-02;1.217431e-02;8.406591e-02;5.764757e-02;4.994571e-02;1.421433e-02
4.428537e-02;6.705070e-02;4.030656e-01;1.165774e-01;1.982489e-02;2.669569e-02;6.115279e-02;2.013310e-02;1.005252e-01;6.291869e-02;6.454676e-02;1.322385e-02
5.329998e-02;6.066670e-02;2.154494e-01;1.011267e-01;4.437264e-02;6.804277e-02;1.573420e-01;5.877862e-02;9.257398e-02;7.719820e-02;3.456838e-02;3.658054e-02
8.652515e-02;6.663573e-02;2.252996e-01;8.137941e-02;6.416816e-02;6.497633e-02;1.433922e-01;4.360031e-02;7.477860e-02;6.582146e-02;4.456234e-02;3.886075e-02
9.763094e-02;1.282692e-01;3.111438e-01;5.853676e-02;4.613577e-02;4.533552e-02;9.226353e-02;3.237142e-02;6.571051e-02;5.697758e-02;3.309804e-02;3.252693e-02
1.359543e-01;2.037195e-01;3.303731e-01;4.403498e-02;2.225792e-02;2.907670e-02;3.682818e-02;3.194479e-02;7.919653e-02;4.379122e-02;1.569275e-02;2.713006e-02
2.586205e-01;2.223809e-01;2.469295e-01;2.553299e-02;1.756833e-02;1.469075e-02;1.907868e-02;4.725856e-02;6.877495e-02;2.964763e-02;1.342492e-02;3.609230e-02
3.682221e-01;1.742147e-01;1.446232e-01;1.855250e-02;2.092282e-02;1.069556e-02;2.543160e-02;6.539064e-02;4.873515e-02;2.966044e-02;2.430679e-02;6.924454e-02
3.135536e-01;1.104229e-01;8.308192e-02;3.202889e-02;1.810673e-02;1.907616e-02;5.388204e-02;6.450082e-02;4.160633e-02;6.992780e-02;5.873143e-02;1.350814e-01
2.820982e-01;1.075561e-01;8.981512e-02;3.298040e-02;1.619893e-02;2.039302e-02;5.619217e-02;4.345876e-02;4.445231e-02;9.680891e-02;7.681181e-02;1.332342e-01
3.147917e-01;1.084394e-01;1.165002e-01;2.561504e-02;2.230339e-02;1.390204e-02;6.649018e-02;6.650826e-02;3.920392e-02;7.352916e-02;5.486766e-02;9.784913e-02
2.160441e-01;9.400691e-02;1.614239e-01;2.865351e-02;3.024949e-02;3.416668e-02;1.167580e-01;7.539173e-02;3.998826e-02;6.577148e-02;5.256267e-02;8.498321e-02
1.306587e-01;5.435644e-02;1.978034e-01;4.434540e-02;3.223853e-02;4.619991e-02;9.309483e-02;5.643481e-02;7.217846e-02;1.041133e-01;9.876230e-02;6.981393e-02
1.227226e-01;6.503340e-02;1.382501e-01;5.354195e-02;5.510219e-02;4.367165e-02;7.396602e-02;5.455864e-02;9.923537e-02;1.419381e-01;1.044368e-01;4.754302e-02
1.584335e-01;5.719580e-02;1.151234e-01;5.299378e-02;4.406640e-02;4.062023e-02;1.391252e-01;8.224582e-02;7.658362e-02;1.084105e-01;7.031211e-02;5.488959e-02
1.747061e-01;8.122832e-02;1.326009e-01;3.993293e-02;4.958083e-02;3.303389e-02;1.419924e-01;6.782784e-02;6.446139e-02;8.761033e-02;5.406986e-02;7.295522e-02
9.749056e-02;9.108512e-02;1.767769e-01;3.962182e-02;4.798269e-02;2.323136e-02;7.703152e-02;4.986732e-02;1.209773e-01;1.147507e-01;7.494380e-02;8.624080e-02
1.951267e-01;7.956068e-02;1.387436e-01;2.885072e-02;3.826914e-02;3.699314e-02;5.946260e-02;6.547984e-02;1.206447e-01;1.053196e-01;6.450263e-02;6.704666e-02
1.760083e-01;8.288262e-02;1.646737e-01;3.898366e-02;3.670629e-02;4.265316e-02;4.221077e-02;6.347642e-02;1.015749e-01;1.073065e-01;6.834393e-02;7.517982e-02
1.992131e-01;9.503525e-02;1.743861e-01;3.319255e-02;3.807000e-02;3.314875e-02;6.355033e-02;3.543353e-02;7.714686e-02;8.360682e-02;7.962388e-02;8.759274e-02
1.835614e-01;6.124876e-02;1.830076e-01;4.865073e-02;5.112076e-02;3.369360e-02;7.642565e-02;4.365909e-02;7.092515e-02;7.692594e-02;9.608428e-02;7.469712e-02
6.796846e-02;6.780260e-02;1.330221e-01;8.813327e-02;7.860239e-02;6.930406e-02;1.034380e-01;6.580140e-02;1.038065e-01;5.988038e-02;7.597752e-02;8.626331e-02
8.284336e-02;7.880437e-02;1.474239e-01;8.004884e-02;7.367288e-02;8.401693e-02;1.438908e-01;8.129080e-02;5.793279e-02;6.131333e-02;5.643950e-02;5.232242e-02
1.069003e-01;1.075143e-01;2.451368e-01;7.304693e-02;6.502458e-02;6.831754e-02;8.218630e-02;5.677248e-02;5.630048e-02;6.202058e-02;3.671414e-02;4.006559e-02
1.047735e-01;1.321058e-01;3.638367e-01;6.337643e-02;3.581171e-02;3.959305e-02;6.088356e-02;3.167514e-02;4.545411e-02;7.160787e-02;1.949037e-02;3.139178e-02
1.027402e-01;1.410115e-01;4.071973e-01;7.040703e-02;3.637899e-02;2.412165e-02;3.910094e-02;2.487583e-02;3.901829e-02;7.108239e-02;1.797477e-02;2.609107e-02
9.440971e-02;1.306425e-01;3.890425e-01;8.023901e-02;4.906953e-02;2.098405e-02;5.025797e-02;1.811017e-02;4.247039e-02;6.752538e-02;3.327695e-02;2.397186e-02
6.233949e-02;1.078728e-01;2.467121e-01;1.130698e-01;8.753798e-02;3.217255e-02;7.295667e-02;3.989974e-02;7.087956e-02;6.088187e-02;6.856921e-02;3.710820e-02
3.216301e-02;6.150434e-02;3.648492e-01;1.903055e-01;7.830669e-02;2.875843e-02;4.624923e-02;3.255114e-02;4.376255e-02;3.412252e-02;6.385694e-02;2.357042e-02
2.813971e-02;3.418851e-02;3.628539e-01;2.921134e-01;9.130620e-02;2.016543e-02;1.945524e-02;3.590108e-02;2.519357e-02;1.577440e-02;6.444865e-02;1.046003e-02
1.781671e-02;1.454946e-02;3.043231e-01;3.821956e-01;1.018318e-01;1.388232e-02;2.046114e-02;3.461106e-02;3.018750e-02;2.424272e-02;4.821270e-02;7.685923e-03
3.029482e-02;1.135000e-02;3.854152e-01;3.225832e-01;6.342150e-02;8.331956e-03;1.862460e-02;1.846881e-02;4.724581e-02;4.126791e-02;4.837740e-02;4.618754e-03
4.358298e-02;1.761041e-02;4.991446e-01;2.125090e-01;2.961047e-02;4.668286e-03;1.691352e-02;7.105201e-03;5.946260e-02;5.724873e-02;4.826381e-02;3.880377e-03
4.988554e-02;1.498618e-02;6.074674e-01;1.349658e-01;1.145860e-02;3.621014e-03;2.067978e-02;5.592263e-03;5.407080e-02;6.382632e-02;3.134317e-02;2.103065e-03
4.124799e-02;2.130549e-02;6.763983e-01;9.616698e-02;6.741354e-03;3.779586e-03;2.534271e-02;3.596373e-03;3.258756e-02;7.322121e-02;1.673796e-02;2.874388e-03
3.396049e-02;2.081719e-02;7.009975e-01;8.552891e-02;1.006990e-02;3.829932e-03;2.733929e-02;4.309869e-03;1.908769e-02;7.860922e-02;1.372932e-02;1.720637e-03
3.004497e-02;2.318537e-02;7.177576e-01;7.529263e-02;7.664270e-03;3.025314e-03;2.987269e-02;3.185296e-03;1.532033e-02;7.987177e-02;1.131511e-02;3.464736e-03
2.444698e-02;3.335545e-02;7.329662e-01;6.021512e-02;7.530367e-03;2.880963e-03;3.235746e-02;2.793792e-03;8.594354e-03;7.932556e-02;1.246075e-02;3.072920e-03
2.601647e-02;5.869997e-02;7.419737e-01;4.649580e-02;8.343298e-03;2.753726e-03;2.868431e-02;3.172508e-03;6.387842e-03;6.941984e-02;4.889782e-03;3.162769e-03
3.014237e-02;7.982266e-02;7.240285e-01;4.534487e-02;7.878398e-03;3.364723e-03;2.400070e-02;3.225186e-03;1.877162e-02;4.939633e-02;1.101196e-02;3.012666e-03
3.452380e-02;7.357169e-02;7.001253e-01;7.472105e-02;1.247845e-02;5.367918e-03;1.427160e-02;6.135325e-03;3.400897e-02;2.208215e-02;1.951208e-02;3.201631e-03
3.592889e-02;2.478150e-02;6.939858e-01;9.521254e-02;1.636855e-02;5.722553e-03;1.582116e-02;5.241968e-03;4.507700e-02;3.242061e-02;2.419880e-02;5.240601e-03
3.530801e-02;2.477289e-02;6.720665e-01;7.924078e-02;1.856533e-02;5.538743e-03;3.297846e-02;5.500118e-03;3.846805e-02;6.057545e-02;2.166705e-02;5.318616e-03
1.387461e-02;1.846248e-02;6.847139e-01;5.811754e-02;3.518775e-02;6.938583e-03;4.574629e-02;6.179016e-03;2.644156e-02;8.897464e-02;1.168302e-02;3.680610e-03
2.192658e-02;6.965128e-02;6.224052e-01;4.035467e-02;3.978853e-02;1.367799e-02;3.892491e-02;1.190392e-02;4.338053e-02;8.423003e-02;7.118613e-03;6.637714e-03
6.157259e-02;1.348456e-01;5.244896e-01;3.975746e-02;2.477461e-02;2.172348e-02;1.814299e-02;2.129237e-02;8.765692e-02;4.575716e-02;1.080491e-02;9.182265e-03
1.196334e-01;1.227095e-01;4.150703e-01;5.491157e-02;2.053591e-02;1.687485e-02;2.395055e-02;3.727152e-02;9.815536e-02;5.509669e-02;1.593006e-02;1.986031e-02
1.390036e-01;7.274466e-02;3.529543e-01;5.637000e-02;2.467386e-02;2.167845e-02;5.297130e-02;5.048514e-02;8.457730e-02;5.614002e-02;3.765821e-02;5.074317e-02
5.612556e-02;5.984380e-02;2.746907e-01;5.974671e-02;2.934208e-02;4.199177e-02;1.031339e-01;3.877089e-02;6.339697e-02;1.092216e-01;9.699683e-02;6.673937e-02
5.090301e-02;5.079446e-02;1.804447e-01;2.857368e-02;5.533345e-02;4.475596e-02;9.206021e-02;5.393898e-02;9.637073e-02;1.657746e-01;1.321192e-01;4.893098e-02
4.334004e-02;6.155026e-02;1.334968e-01;4.589147e-02;5.810105e-02;2.978449e-02;7.136799e-02;6.269059e-02;1.725196e-01;1.875276e-01;1.056966e-01;2.803345e-02
5.061003e-02;4.246977e-02;1.275934e-01;7.146366e-02;3.951799e-02;2.266204e-02;7.267252e-02;6.865646e-02;2.267168e-01;1.805918e-01;7.622308e-02;2.082239e-02
4.149071e-02;1.703143e-02;2.048098e-01;8.469012e-02;3.918820e-02;3.976931e-02;7.636874e-02;8.318662e-02;1.807808e-01;1.379209e-01;6.335293e-02;3.141045e-02
2.255917e-02;3.046088e-02;2.049063e-01;9.602065e-02;3.327053e-02;5.339386e-02;7.888846e-02;1.342788e-01;1.236480e-01;1.306421e-01;6.034707e-02;3.158408e-02
3.997551e-02;3.419144e-02;1.652527e-01;1.251225e-01;4.152626e-02;5.371320e-02;7.821355e-02;1.075497e-01;1.589135e-01;1.402004e-01;3.778449e-02;1.755682e-02
6.746857e-02;4.967260e-02;9.909198e-02;8.492168e-02;6.659573e-02;6.744985e-02;1.067697e-01;8.009241e-02;1.211971e-01;1.595470e-01;7.448968e-02;2.270365e-02
5.239510e-02;5.716620e-02;9.190058e-02;3.747993e-02;7.463438e-02;9.597061e-02;1.117601e-01;7.121908e-02;1.003801e-01;1.760631e-01;9.642187e-02;3.460895e-02
4.873484e-02;5.822228e-02;8.147937e-02;3.183843e-02;6.379905e-02;8.485106e-02;1.260698e-01;5.705620e-02;7.440343e-02;1.775112e-01;1.476097e-01;4.842467e-02
5.268205e-02;4.871512e-02;9.915201e-02;4.135300e-02;3.140089e-02;7.892813e-02;1.072512e-01;5.431193e-02;7.086540e-02;1.392731e-01;2.213404e-01;5.472676e-02
4.153575e-02;3.318197e-02;1.225747e-01;6.215294e-02;3.980181e-02;9.709091e-02;8.068600e-02;5.326628e-02;6.885164e-02;8.333071e-02;2.029288e-01;1.145985e-01
1.361718e-01;6.878505e-02;2.014485e-01;6.668063e-02;4.839805e-02;5.585130e-02;6.066331e-02;5.102657e-02;7.037824e-02;4.900659e-02;8.170314e-02;1.098869e-01
1.026066e-01;9.928828e-02;3.889089e-01;5.343619e-02;4.381586e-02;2.890520e-02;4.013437e-02;4.998480e-02;7.624092e-02;5.543676e-02;1.961448e-02;4.162765e-02
5.031921e-02;7.388934e-02;5.214989e-01;5.154854e-02;3.628036e-02;2.032851e-02;4.248038e-02;2.859324e-02;7.310066e-02;6.845740e-02;2.555275e-02;7.950710e-03
2.385253e-02;3.606058e-02;6.164140e-01;7.312823e-02;3.160518e-02;1.005600e-02;2.833904e-02;9.751898e-03;7.223915e-02;6.812605e-02;2.595124e-02;4.476072e-03
2.098786e-02;6.938219e-03;6.570538e-01;9.051315e-02;2.794581e-02;6.805783e-03;2.369734e-02;4.950596e-03;7.194204e-02;5.142325e-02;3.373576e-02;4.006470e-03
1.855584e-02;1.529310e-02;6.218995e-01;1.207571e-01;3.743290e-02;9.898703e-03;1.749812e-02;6.011791e-03;6.190158e-02;3.959500e-02;4.690564e-02;4.250673e-03
8.566176e-03;6.357995e-03;5.673805e-01;1.785117e-01;5.720770e-02;2.434604e-02;1.471289e-02;1.042164e-02;3.361953e-02;2.589678e-02;6.994186e-02;3.037160e-03
3.864026e-03;8.254472e-03;4.938125e-01;2.241725e-01;7.779177e-02;4.125568e-02;1.446459e-02;1.914302e-02;1.753139e-02;1.438194e-02;8.304717e-02;2.280906e-03
4.561344e-03;6.468211e-03;4.575673e-01;2.438502e-01;8.772516e-02;4.843504e-02;1.493102e-02;2.651818e-02;1.087979e-02;6.062814e-03;8.815825e-02;4.842545e-03
2.776953e-03;8.026178e-03;4.725697e-01;2.521383e-01;8.765020e-02;4.676400e-02;9.613013e-03;2.211239e-02;6.382060e-03;7.475708e-03;8.052715e-02;3.964279e-03
3.804755e-03;4.195706e-03;5.159637e-01;2.411320e-01;8.003513e-02;4.137088e-02;1.123663e-02;1.532409e-02;8.519860e-03;1.047305e-02;6.522812e-02;2.716012e-03
3.389369e-03;5.179103e-03;5.818557e-01;2.047361e-01;6.619285e-02;3.205803e-02;9.455008e-03;9.956397e-03;1.940946e-02;1.672079e-02;5.006634e-02;9.808404e-04
3.616314e-03;1.208968e-02;6.405139e-01;1.532536e-01;5.213591e-02;2.415363e-02;1.388735e-02;6.102439e-03;3.036750e-02;2.814980e-02;3.382353e-02;1.906390e-03
7.871488e-03;2.562024e-02;6.569348e-01;1.092708e-01;5.150843e-02;1.597674e-02;1.963293e-02;5.823967e-03;3.320736e-02;4.848107e-02;2.315966e-02;2.512492e-03
2.281493e-02;4.197309e-02;6.036089e-01;8.414969e-02;6.526830e-02;1.793729e-02;2.550696e-02;9.868350e-03;3.343214e-02;6.140009e-02;2.493298e-02;9.107272e-03
4.177966e-02;5.744826e-02;4.230824e-01;9.240966e-02;8.523988e-02;2.987277e-02;6.782424e-02;1.506365e-02;4.367514e-02;6.908973e-02;4.891879e-02;2.559582e-02
5.984128e-02;3.329445e-02;2.698853e-01;9.364340e-02;8.174936e-02;4.711385e-02;1.279483e-01;9.992225e-03;5.449048e-02;9.498549e-02;8.717099e-02;3.988488e-02
1.835129e-02;3.832396e-02;4.721293e-01;9.819684e-02;3.631458e-02;3.353750e-02;4.279384e-02;1.777562e-02;5.411540e-02;8.741480e-02;7.884525e-02;2.220158e-02
1.786814e-02;4.950282e-02;4.206752e-01;9.856836e-02;4.077646e-02;6.211652e-02;4.246366e-02;4.454264e-02;4.795098e-02;1.075975e-01;5.128955e-02;1.664827e-02
2.653465e-02;5.100611e-02;2.796278e-01;7.052199e-02;4.347540e-02;7.986273e-02;4.492972e-02;8.604903e-02;7.287376e-02;1.876152e-01;3.830696e-02;1.919666e-02
2.946166e-02;4.134402e-02;1.791554e-01;6.008973e-02;4.447370e-02;7.402638e-02;8.156056e-02;1.053694e-01;1.311577e-01;1.898992e-01;3.491053e-02;2.855173e-02
7.513961e-02;6.081884e-02;2.033934e-01;4.071643e-02;4.926530e-02;6.032323e-02;1.244287e-01;6.348817e-02;1.499483e-01;1.111227e-01;3.351250e-02;2.784278e-02
1.272527e-01;8.158152e-02;2.474454e-01;3.584497e-02;3.864946e-02;4.590038e-02;1.125552e-01;5.602467e-02;9.893968e-02;8.372193e-02;2.846142e-02;4.362265e-02
1.660121e-01;8.070722e-02;1.831057e-01;3.855553e-02;3.026083e-02;3.846603e-02;1.122911e-01;6.321082e-02;8.373526e-02;1.036306e-01;2.898984e-02;7.103502e-02
1.785851e-01;8.410786e-02;1.087248e-01;3.888487e-02;2.475904e-02;2.956753e-02;1.186882e-01;5.968142e-02;7.119545e-02;1.433594e-01;3.615095e-02;1.062954e-01
1.438255e-01;7.007334e-02;1.010908e-01;3.857376e-02;3.252979e-02;4.221492e-02;1.119946e-01;6.153868e-02;5.140775e-02;1.481984e-01;8.811301e-02;1.104395e-01
1.298409e-01;7.025868e-02;7.499102e-02;3.352885e-02;3.644391e-02;4.136493e-02;1.031019e-01;7.671711e-02;7.408161e-02;1.469036e-01;1.274640e-01;8.530346e-02
1.101321e-01;7.198743e-02;8.865988e-02;3.960196e-02;4.107242e-02;3.018465e-02;1.267700e-01;8.295601e-02;1.063177e-01;1.388377e-01;1.071671e-01;5.631298e-02
7.195829e-02;7.031580e-02;1.604304e-01;5.643913e-02;8.571095e-02;6.163808e-02;1.367697e-01;5.577453e-02;1.003876e-01;1.041129e-01;4.387271e-02;5.258996e-02
4.520180e-02;9.359753e-02;1.197265e-01;6.860974e-02;1.112905e-01;1.055236e-01;7.221288e-02;9.557846e-02;8.876662e-02;7.836719e-02;7.149290e-02;4.963224e-02
4.771589e-02;7.310999e-02;1.136663e-01;4.857906e-02;8.148131e-02;1.053260e-01;7.063139e-02;5.887249e-02;1.850808e-01;8.196236e-02;8.883173e-02;4.474258e-02
5.200810e-02;5.599334e-02;1.454594e-01;4.672855e-02;8.379325e-02;7.693734e-02;7.620433e-02;4.093041e-02;2.223980e-01;6.554525e-02;7.223346e-02;6.176862e-02
7.159317e-02;5.276222e-02;1.216443e-01;2.972567e-02;8.736198e-02;6.506196e-02;1.199352e-01;8.026077e-02;1.718109e-01;1.089330e-01;3.211933e-02;5.879154e-02
6.131509e-02;5.583519e-02;1.117840e-01;2.002016e-02;8.276612e-02;7.383259e-02;1.558942e-01;7.293280e-02;1.181958e-01;1.480949e-01;5.561198e-02;4.371721e-02
7.542835e-02;6.579594e-02;1.305928e-01;4.135535e-02;7.960688e-02;7.746896e-02;1.512859e-01;5.386706e-02;6.292211e-02;1.534501e-01;5.708786e-02;5.113868e-02
8.465208e-02;4.813136e-02;1.614133e-01;5.837305e-02;7.614824e-02;6.799743e-02;1.688862e-01;6.417287e-02;7.099040e-02;8.938503e-02;3.692603e-02;7.292398e-02
7.076058e-02;7.185741e-02;2.750360e-01;9.587926e-02;8.528622e-02;4.579890e-02;1.315309e-01;3.190479e-02;5.000258e-02;6.869999e-02;3.176704e-02;4.147630e-02
5.034864e-02;7.605910e-02;4.068336e-01;1.165318e-01;5.486950e-02;2.799570e-02;8.324268e-02;2.131955e-02;4.186224e-02;6.706069e-02;3.260537e-02;2.127103e-02
4.312151e-02;6.504323e-02;5.043145e-01;1.411331e-01;3.536373e-02;1.226644e-02;4.298181e-02;9.250282e-03;2.925522e-02;7.961964e-02;2.828686e-02;9.363622e-03
3.862763e-02;4.324336e-02;5.310122e-01;1.628800e-01;3.258825e-02;5.440015e-03;3.078396e-02;3.806791e-03;2.132171e-02;8.844132e-02;3.844862e-02;3.406213e-03
4.890624e-02;1.945117e-02;5.156573e-01;1.809274e-01;2.794008e-02;2.589419e-03;2.820686e-02;2.412765e-03;2.360132e-02;8.071157e-02;6.568973e-02;3.906111e-03
4.946129e-02;7.022498e-03;4.881893e-01;1.945544e-01;1.724914e-02;4.038859e-03;1.935054e-02;3.426436e-03;3.690704e-02;6.897538e-02;1.074186e-01;3.406389e-03
3.607656e-02;7.239313e-03;4.366719e-01;1.977884e-01;1.530753e-02;7.100828e-03;1.164773e-02;6.165135e-03;4.169015e-02;7.664705e-02;1.582471e-01;5.418276e-03
2.745676e-02;1.313145e-02;3.997325e-01;1.910392e-01;1.164452e-02;8.232341e-03;1.530478e-02;5.199995e-03;3.556828e-02;9.230123e-02;1.930899e-01;7.299149e-03
2.305743e-02;6.343704e-03;3.736115e-01;2.093986e-01;2.158193e-02;1.094934e-02;1.374041e-02;1.203800e-02;3.402771e-02;7.122903e-02;2.192080e-01;4.814297e-03
1.094419e-02;1.124244e-02;3.747223e-01;2.295423e-01;2.187269e-02;1.552235e-02;7.267808e-03;1.201525e-02;1.643108e-02;5.472968e-02;2.392834e-01;6.426611e-03
1.160145e-02;9.728926e-03;4.018473e-01;2.347529e-01;2.390225e-02;1.810423e-02;8.385751e-03;1.538430e-02;1.087858e-02;4.203514e-02;2.195708e-01;3.808402e-03
1.981424e-02;1.266559e-02;4.793570e-01;1.970759e-01;2.051461e-02;1.501216e-02;1.479967e-02;1.326628e-02;1.378754e-02;5.734481e-02;1.529804e-01;3.381735e-03
4.861517e-02;4.755767e-02;5.338212e-01;1.285796e-01;2.003268e-02;8.394405e-03;2.326518e-02;5.034549e-03;2.226456e-02;8.403136e-02;7.541773e-02;2.985897e-03
7.925091e-02;1.014242e-01;5.259033e-01;7.253273e-02;2.119738e-02;5.244952e-03;3.219791e-02;4.879811e-03;3.081610e-02;9.470422e-02;2.803356e-02;3.814956e-03
1.056844e-01;1.396364e-01;4.968680e-01;3.923889e-02;2.758537e-02;6.327705e-03;3.545411e-02;6.718713e-03;3.371476e-02;8.657622e-02;1.403961e-02;8.155947e-03
1.002768e-01;1.396298e-01;4.695814e-01;3.327356e-02;3.980891e-02;1.289349e-02;4.405091e-02;1.611601e-02;3.752865e-02;6.686528e-02;2.989151e-02;1.008380e-02
1.106414e-01;7.688126e-02;4.769566e-01;3.476484e-02;4.203026e-02;2.737791e-02;4.825234e-02;1.885363e-02;3.409108e-02;5.702668e-02;5.940535e-02;1.371873e-02
9.633493e-02;1.256250e-01;4.384883e-01;6.377044e-02;2.965698e-02;2.637025e-02;2.711134e-02;1.735181e-02;3.952444e-02;6.218916e-02;5.972420e-02;1.385319e-02
8.179803e-02;1.236559e-01;3.713385e-01;9.715150e-02;4.323567e-02;1.490354e-02;2.635347e-02;3.813683e-02;5.477586e-02;7.919273e-02;5.535614e-02;1.410180e-02
4.805350e-02;9.073894e-02;2.984893e-01;7.564764e-02;4.416183e-02;2.759892e-02;4.709395e-02;5.706051e-02;9.412745e-02;1.542504e-01;4.761972e-02;1.515783e-02
5.304495e-02;6.536885e-02;1.934856e-01;5.118842e-02;2.787214e-02;5.309188e-02;7.743546e-02;5.903090e-02;1.073304e-01;2.441698e-01;4.691756e-02;2.106399e-02
4.232793e-02;5.803406e-02;1.374499e-01;4.532529e-02;3.637495e-02;4.537797e-02;7.292312e-02;7.911000e-02;1.286769e-01;2.836975e-01;4.670499e-02;2.399744e-02
5.793171e-02;6.254375e-02;2.242454e-01;3.642999e-02;3.364348e-02;3.318881e-02;5.890109e-02;8.843209e-02;1.563311e-01;1.883936e-01;3.483147e-02;2.512749e-02
8.770347e-02;7.465582e-02;2.731656e-01;4.694391e-02;4.060316e-02;4.295279e-02;5.936486e-02;7.640284e-02;1.230470e-01;9.817581e-02;3.632874e-02;4.065601e-02
9.345763e-02;5.622632e-02;2.227530e-01;5.527886e-02;3.584617e-02;4.964983e-02;1.274156e-01;6.393201e-02;9.322908e-02;7.288703e-02;6.308689e-02;6.623756e-02
7.210747e-02;2.651670e-02;1.710637e-01;4.827056e-02;2.722835e-02;6.281192e-02;1.710671e-01;6.836840e-02;9.565202e-02;7.482763e-02;9.740128e-02;8.468483e-02
1.361267e-01;4.019627e-02;1.698961e-01;8.898983e-02;4.019307e-02;6.246955e-02;1.298333e-01;6.038066e-02;5.466905e-02;5.061496e-02;6.587005e-02;1.007605e-01
2.514101e-01;7.645892e-02;1.221035e-01;1.140850e-01;4.631048e-02;3.564796e-02;9.106759e-02;6.606860e-02;5.345441e-02;2.500620e-02;4.524065e-02;7.314655e-02
3.332566e-01;1.222127e-01;1.188794e-01;8.883521e-02;6.455534e-02;2.488660e-02;2.651892e-02;1.158983e-01;2.733482e-02;1.517634e-02;2.340102e-02;3.904475e-02
3.042298e-01;1.182518e-01;1.119598e-01;5.626203e-02;1.061967e-01;2.846090e-02;5.980748e-02;1.381492e-01;2.806207e-02;9.606471e-03;1.427866e-02;2.473502e-02
3.209405e-01;9.509382e-02;6.720025e-02;7.360632e-02;1.119844e-01;2.064686e-02;6.642086e-02;1.685478e-01;3.300811e-02;8.360852e-03;8.489717e-03;2.570054e-02
3.898773e-01;6.704542e-02;3.334374e-02;5.558523e-02;7.788355e-02;1.154364e-02;7.226320e-02;2.171028e-01;2.581712e-02;6.232039e-03;4.340170e-03;3.896569e-02
4.429300e-01;4.658742e-02;2.373282e-02;1.743498e-02;4.194755e-02;7.614195e-03;9.665953e-02;2.376942e-01;1.781689e-02;7.767063e-03;8.183042e-03;5.163232e-02
4.267273e-01;6.369048e-02;2.851328e-02;1.429102e-02;4.164679e-02;1.241906e-02;9.838322e-02;2.023655e-01;2.425448e-02;7.544915e-03;6.804101e-03;7.335987e-02
3.493586e-01;6.900294e-02;3.725330e-02;4.581601e-02;3.062977e-02;1.977632e-02;1.226067e-01;1.362560e-01;1.867128e-02;1.407079e-02;2.848187e-02;1.280764e-01
2.453666e-01;6.908388e-02;7.627153e-02;7.534153e-02;1.858398e-02;3.412953e-02;1.380390e-01;8.451788e-02;1.101595e-02;2.409304e-02;6.453328e-02;1.590238e-01
1.303964e-01;7.401282e-02;1.231197e-01;8.244468e-02;1.808768e-02;5.058165e-02;1.261087e-01;6.384709e-02;2.019630e-02;5.002845e-02;1.192574e-01;1.419192e-01
9.711408e-02;1.057325e-01;1.532738e-01;4.332245e-02;7.602556e-02;5.007988e-02;7.963163e-02;7.017303e-02;4.095003e-02;1.023732e-01;1.175958e-01;6.372803e-02
1.110155e-01;1.329539e-01;8.083913e-02;2.156589e-02;1.365605e-01;5.283309e-02;6.951129e-02;9.440720e-02;6.578793e-02;1.359405e-01;5.449273e-02;4.409234e-02
6.174888e-02;6.651859e-02;1.292645e-01;3.048965e-02;1.002067e-01;9.162977e-02;5.268367e-02;1.072048e-01;9.944078e-02;9.637856e-02;1.071551e-01;5.727892e-02
9.227174e-02;7.583711e-02;2.385716e-01;5.754248e-02;3.166305e-02;9.992141e-02;1.036848e-01;6.429881e-02;6.290846e-02;5.560715e-02;6.868667e-02;4.900683e-02
4.690060e-02;6.921380e-02;3.570512e-01;9.380740e-02;6.467483e-02;5.822186e-02;8.601779e-02;2.726322e-02;5.685774e-02;6.071691e-02;4.665141e-02;3.262325e-02
1.098259e-02;5.172129e-02;3.295730e-01;1.835002e-01;9.485375e-02;3.639027e-02;5.503029e-02;4.664420e-02;3.297110e-02;4.406997e-02;8.914496e-02;2.511837e-02
7.935558e-03;3.637183e-02;2.501106e-01;2.893811e-01;1.380260e-01;3.638005e-02;2.339981e-02;5.904071e-02;9.348985e-03;1.936615e-02;1.111835e-01;1.945573e-02
8.175107e-03;4.159489e-02;1.486727e-01;3.839180e-01;1.667981e-01;3.321211e-02;1.046687e-02;5.786422e-02;5.034800e-03;5.762561e-03;1.267935e-01;1.170708e-02
8.692553e-03;5.310177e-02;1.564467e-01;3.970783e-01;1.606876e-01;2.459538e-02;7.385728e-03;4.992627e-02;2.302628e-03;8.132149e-03;1.174091e-01;1.424182e-02
1.484950e-02;6.486863e-02;1.977130e-01;3.289661e-01;1.709862e-01;2.927622e-02;1.241715e-02;3.775351e-02;6.828219e-03;1.861889e-02;9.177508e-02;2.594747e-02
1.346443e-02;6.941857e-02;1.688134e-01;2.791920e-01;2.219489e-01;3.237776e-02;1.944453e-02;2.643797e-02;1.075894e-02;3.593933e-02;6.656022e-02;5.564398e-02
8.780663e-03;3.842268e-02;1.416102e-01;2.607890e-01;2.778511e-01;2.775318e-02;3.342589e-02;1.206824e-02;9.015297e-03;4.060039e-02;5.694782e-02;9.273552e-02
1.217466e-02;2.816156e-02;1.817500e-01;2.207299e-01;2.290266e-01;5.128644e-02;5.969708e-02;2.310658e-02;1.731341e-02;2.420655e-02;6.781331e-02;8.473377e-02
1.283211e-02;3.286847e-02;2.558072e-01;1.802537e-01;1.455290e-01;7.275000e-02;7.928023e-02;4.335440e-02;1.941825e-02;1.844479e-02;7.436419e-02;6.509759e-02
1.354171e-02;2.401671e-02;3.081059e-01;1.753519e-01;8.406800e-02;9.720268e-02;7.327624e-02;5.598863e-02;3.009346e-02;1.811222e-02;7.006682e-02;5.017577e-02
1.400784e-02;3.469134e-02;2.156816e-01;1.793598e-01;1.529455e-01;7.870965e-02;5.044106e-02;3.932035e-02;3.582717e-02;3.849078e-02;9.352855e-02;6.699638e-02
2.157222e-02;5.124147e-02;1.840040e-01;1.331021e-01;2.114106e-01;5.841974e-02;5.674210e-02;3.528594e-02;3.159731e-02;4.399525e-02;1.213172e-01;5.131210e-02
5.036733e-02;3.169613e-02;1.632848e-01;1.284952e-01;1.704510e-01;7.065942e-02;9.681294e-02;3.895111e-02;4.676464e-02;8.681131e-02;5.677909e-02;5.892709e-02
3.996203e-02;5.436544e-02;2.772152e-01;1.007097e-01;1.022776e-01;6.123438e-02;1.306669e-01;3.532096e-02;2.932826e-02;6.486186e-02;5.216932e-02;5.188832e-02
3.737230e-02;4.898689e-02;4.176165e-01;1.407576e-01;7.347455e-02;3.731649e-02;8.064214e-02;3.397913e-02;2.696649e-02;4.467582e-02;3.552471e-02;2.268735e-02
5.161564e-02;8.599826e-02;5.027638e-01;1.103980e-01;4.472357e-02;1.608225e-02;3.664950e-02;2.267334e-02;3.133158e-02;6.414195e-02;2.424436e-02;9.377826e-03
7.872675e-02;1.524827e-01;5.152422e-01;6.046696e-02;1.950769e-02;8.720258e-03;1.118247e-02;2.067784e-02;4.256636e-02;6.733923e-02;1.244160e-02;1.064597e-02
1.125044e-01;2.144645e-01;4.219298e-01;2.946603e-02;1.227756e-02;1.982535e-02;8.767260e-03;2.165215e-02;8.142553e-02;5.284401e-02;9.818927e-03;1.502449e-02
1.609974e-01;2.213734e-01;2.809114e-01;2.264616e-02;1.538289e-02;3.155280e-02;1.964280e-02;3.338642e-02;1.268466e-01;4.438227e-02;1.607691e-02;2.680100e-02
1.820702e-01;1.728149e-01;1.995041e-01;2.991785e-02;1.991956e-02;3.470301e-02;3.797018e-02;4.475991e-02;1.352045e-01;6.275286e-02;3.844076e-02;4.194218e-02
5.626646e-02;1.577907e-01;1.968437e-01;3.548386e-02;4.043274e-02;4.833454e-02;4.365827e-02;3.923123e-02;9.996440e-02;1.350679e-01;8.385868e-02;6.306744e-02
1.270932e-01;1.285248e-01;1.300229e-01;4.053764e-02;4.879139e-02;5.031477e-02;7.716078e-02;4.557537e-02;9.966338e-02;1.421432e-01;6.291701e-02;4.725556e-02
1.021316e-01;1.378155e-01;1.637270e-01;3.203895e-02;4.495224e-02;4.699581e-02;8.883610e-02;5.770588e-02;1.565959e-01;1.001737e-01;3.863746e-02;3.038989e-02
6.491035e-02;1.293244e-01;2.464682e-01;5.126364e-02;5.442458e-02;5.288251e-02;6.018515e-02;4.886203e-02;1.412735e-01;8.530240e-02;2.884498e-02;3.625824e-02
6.818368e-02;1.020914e-01;1.795010e-01;4.201153e-02;7.037135e-02;6.611039e-02;8.548221e-02;7.896850e-02;1.341775e-01;1.162324e-01;2.539135e-02;3.147880e-02
7.062127e-02;8.760253e-02;1.624861e-01;2.191456e-02;8.066590e-02;9.121490e-02;9.931426e-02;9.061319e-02;9.501134e-02;1.336428e-01;2.891762e-02;3.799555e-02
6.168537e-02;5.743219e-02;1.541142e-01;4.178324e-02;7.974000e-02;9.138027e-02;2.135081e-01;6.595536e-02;7.911522e-02;8.898831e-02;3.105106e-02;3.524664e-02
8.559801e-02;2.497025e-02;7.850260e-02;3.261731e-02;7.748282e-02;1.099396e-01;3.403739e-01;5.476946e-02;4.991763e-02;6.565906e-02;3.136803e-02;4.880131e-02
1.005841e-01;7.360619e-03;4.519454e-02;1.755025e-02;7.277145e-02;1.407573e-01;3.857978e-01;4.959102e-02;2.229011e-02;1.125727e-01;1.479291e-02;3.073720e-02
1.059823e-01;9.838206e-03;2.097958e-02;7.193895e-03;6.122905e-02;1.722648e-01;3.771431e-01;4.595917e-02;1.344408e-02;1.645330e-01;6.385792e-03;1.504716e-02
1.084970e-01;1.328489e-02;1.629866e-02;6.972589e-03;5.600335e-02;2.079835e-01;3.357639e-01;4.107986e-02;1.429569e-02;1.783590e-01;1.082247e-02;1.063920e-02
1.238857e-01;1.157626e-02;2.350438e-02;1.277250e-02;6.738702e-02;2.455947e-01;2.888196e-01;3.706085e-02;1.501624e-02;1.532629e-01;1.018967e-02;1.093025e-02
1.197513e-01;1.813654e-02;1.037419e-02;2.583218e-02;7.184967e-02;2.410718e-01;3.584759e-01;2.510132e-02;9.854999e-03;1.065618e-01;6.336276e-03;6.654131e-03
7.998417e-02;1.658118e-02;1.799500e-02;4.397679e-02;8.038397e-02;2.208094e-01;4.441560e-01;1.410837e-02;4.006479e-03;6.931711e-02;3.510334e-03;5.171168e-03
5.572374e-02;1.228620e-02;7.226805e-02;5.441080e-02;9.228373e-02;1.901948e-01;3.935743e-01;2.645968e-02;1.059815e-02;6.394631e-02;1.017714e-02;1.807716e-02
6.115434e-02;2.157967e-02;1.957577e-01;5.242328e-02;9.258574e-02;1.431689e-01;2.709315e-01;2.744532e-02;2.208947e-02;5.567471e-02;2.092891e-02;3.626054e-02
4.973061e-02;3.397437e-02;4.021855e-01;5.778647e-02;7.463089e-02;7.838558e-02;1.329259e-01;2.297126e-02;3.451376e-02;5.176971e-02;2.612712e-02;3.499888e-02
4.832350e-02;6.100167e-02;4.577323e-01;6.175331e-02;4.993164e-02;7.188080e-02;6.410580e-02;1.491756e-02;3.691923e-02;6.361452e-02;4.406143e-02;2.575826e-02
5.020242e-02;9.279556e-02;3.042880e-01;6.032762e-02;4.954900e-02;6.961398e-02;8.508484e-02;1.994488e-02;3.609617e-02;1.077876e-01;8.745094e-02;3.685908e-02
5.385963e-02;9.599397e-02;2.197225e-01;5.883583e-02;8.865386e-02;6.634157e-02;1.035842e-01;3.349442e-02;5.227202e-02;1.105327e-01;8.528250e-02;3.142669e-02
1.040957e-01;4.698722e-02;1.853942e-01;6.845311e-02;8.764329e-02;8.724445e-02;7.767963e-02;3.332390e-02;5.515302e-02;8.450734e-02;9.252558e-02;7.699261e-02
1.184028e-01;1.024435e-01;1.049788e-01;6.500573e-02;4.494991e-02;7.129562e-02;1.165992e-01;4.669194e-02;6.560761e-02;7.519300e-02;9.849142e-02;9.034056e-02
1.179165e-01;9.750559e-02;5.852990e-02;4.759217e-02;5.319578e-02;6.682698e-02;2.579054e-01;6.326400e-02;4.933980e-02;4.402883e-02;6.534871e-02;7.854636e-02
1.192447e-01;9.549619e-02;4.957397e-02;2.376975e-02;4.100741e-02;7.879982e-02;3.976924e-01;6.247050e-02;2.625096e-02;2.271217e-02;3.907569e-02;4.390638e-02
7.894751e-02;1.079382e-01;3.121260e-02;1.147987e-02;3.810433e-02;1.176759e-01;4.821774e-01;5.946097e-02;1.529923e-02;2.300711e-02;1.987665e-02;1.482020e-02
1.565356e-01;7.621342e-02;2.543003e-02;9.228812e-03;6.328081e-02;1.829817e-01;3.993834e-01;3.447987e-02;8.702287e-03;1.767226e-02;1.073174e-02;1.536011e-02
2.930519e-01;3.155128e-02;4.477480e-02;1.567936e-02;1.234231e-01;1.978946e-01;1.822655e-01;1.505209e-02;8.258706e-03;9.481863e-03;1.123025e-02;6.733657e-02
2.713971e-01;2.807451e-02;9.859034e-02;4.339146e-02;1.735144e-01;1.342030e-01;6.326190e-02;9.685297e-03;1.179056e-02;5.028668e-03;2.403406e-02;1.370287e-01
