2.100056e-02;3.271869e-02;5.452740e-01;3.851668e-02;4.677217e-02;5.557192e-02;1.198381e-01;6.248759e-03;1.942568e-02;1.020537e-01;9.003105e-03;3.576511e-03
3.161205e-02;3.632979e-02;5.642744e-01;4.337262e-02;4.355440e-02;1.444450e-02;1.301732e-01;8.241259e-03;1.135199e-02;9.387305e-02;1.582514e-02;6.947611e-03
5.635804e-02;3.713361e-02;4.135202e-01;5.832718e-02;5.849165e-02;3.820479e-02;1.472209e-01;1.647836e-02;2.347890e-02;7.335111e-02;5.083383e-02;2.660139e-02
7.951119e-02;8.261964e-02;2.414827e-01;7.430355e-02;7.046131e-02;6.271057e-02;1.445969e-01;2.415741e-02;3.957456e-02;6.013061e-02;7.035770e-02;5.009389e-02
1.014435e-01;1.041632e-01;1.665710e-01;7.887880e-02;7.583128e-02;8.061636e-02;1.154657e-01;3.041173e-02;5.671206e-02;5.864907e-02;6.113124e-02;7.012603e-02
1.145395e-01;1.088729e-01;1.455060e-01;5.720283e-02;6.605271e-02;8.102048e-02;1.179115e-01;4.622254e-02;7.785125e-02;7.115631e-02;3.746177e-02;7.620228e-02
1.007085e-01;9.141048e-02;1.410630e-01;2.848436e-02;4.954672e-02;5.367476e-02;2.128117e-01;5.788796e-02;8.208465e-02;6.911675e-02;5.778356e-02;5.542759e-02
6.749371e-02;6.908146e-02;1.397072e-01;4.494375e-02;4.710203e-02;4.320845e-02;2.703775e-01;7.156941e-02;5.939662e-02;7.923073e-02;6.928877e-02;3.860027e-02
4.717728e-02;4.206647e-02;2.020296e-01;9.102863e-02;8.860932e-02;6.987970e-02;1.643894e-01;6.728019e-02;6.420154e-02;9.126931e-02;4.603998e-02;2.602858e-02
6.478226e-02;8.562579e-02;1.323219e-01;6.370836e-02;8.375444e-02;4.071085e-02;9.167951e-02;7.292334e-02;1.317140e-01;1.098744e-01;8.957205e-02;3.333307e-02
7.028656e-02;7.989487e-02;1.726576e-01;4.222498e-02;4.719120e-02;5.071952e-02;1.401783e-01;8.579612e-02;1.112182e-01;8.496737e-02;8.283064e-02;3.203454e-02
6.434423e-02;6.821971e-02;1.846102e-01;6.274258e-02;6.730629e-02;6.784613e-02;1.559081e-01;8.768525e-02;8.222718e-02;6.417558e-02;5.999733e-02;3.493740e-02
5.568840e-02;5.477358e-02;1.887277e-01;8.991385e-02;7.968603e-02;7.525950e-02;1.560367e-01;8.656975e-02;7.075473e-02;6.476038e-02;3.408148e-02;4.374793e-02
4.161723e-02;5.753032e-02;2.047717e-01;1.054468e-01;8.268555e-02;6.927345e-02;1.294092e-01;8.677453e-02;6.577386e-02;7.071999e-02;3.379456e-02;5.220278e-02
6.518762e-02;6.507273e-02;2.192014e-01;1.005086e-01;7.146331e-02;6.499509e-02;8.752201e-02;9.007164e-02;5.812703e-02;6.952409e-02;5.386357e-02;5.446293e-02
8.039723e-02;4.857253e-02;2.967188e-01;5.983539e-02;4.531690e-02;4.320946e-02;1.636335e-01;6.876692e-02;4.692477e-02;5.201089e-02;4.826215e-02;4.635152e-02
3.887582e-02;2.719356e-02;3.381898e-01;6.641909e-02;4.249847e-02;5.129510e-02;1.466288e-01;3.945623e-02;7.617965e-02;1.212885e-01;2.924209e-02;2.273298e-02
2.779065e-02;7.062936e-02;2.132318e-01;4.337964e-02;5.432799e-02;1.072651e-01;8.494721e-02;3.256684e-02;1.947670e-01;1.487422e-01;7.046035e-03;1.530611e-02
6.945623e-02;7.877360e-02;8.530542e-02;2.364579e-02;7.732348e-02;1.162212e-01;4.030087e-02;8.551623e-02;2.675284e-01;1.193893e-01;2.131623e-02;1.522328e-02
1.437072e-01;6.226286e-02;3.508880e-02;2.156428e-02;1.175156e-01;7.984301e-02;3.669419e-02;1.811654e-01;2.060451e-01;6.960658e-02;2.369350e-02;2.281354e-02
2.176024e-01;2.764374e-02;2.141441e-02;4.215027e-02;1.204483e-01;4.991509e-02;7.432137e-02;2.462450e-01;8.205978e-02;3.612619e-02;1.518592e-02;6.688752e-02
2.280983e-01;9.120624e-03;1.308790e-02;8.047194e-02;5.566698e-02;4.393792e-02;1.339025e-01;1.817686e-01;2.574325e-02;4.551622e-02;8.749372e-03;1.739364e-01
1.939154e-01;1.020688e-02;1.264646e-02;8.415712e-02;1.507153e-02;3.050037e-02;1.700989e-01;7.916407e-02;2.373530e-02;7.310005e-02;1.282738e-02;2.945766e-01
1.409960e-01;2.163169e-02;1.288822e-02;6.221008e-02;2.131814e-02;2.426751e-02;1.858464e-01;5.653527e-02;2.331487e-02;7.731477e-02;2.254158e-02;3.511354e-01
7.634899e-02;3.603542e-02;1.898670e-02;4.011622e-02;2.712407e-02;3.377159e-02;2.198400e-01;2.726593e-02;2.188262e-02;7.808761e-02;2.716820e-02;3.933727e-01
9.743300e-02;2.501204e-02;2.854188e-02;3.176398e-02;2.959592e-02;4.851520e-02;2.178639e-01;6.588339e-02;1.968579e-02;5.722716e-02;5.915355e-02;3.193241e-01
1.275448e-01;3.801378e-02;6.147543e-02;5.120002e-02;4.500112e-02;5.505488e-02;1.851123e-01;8.573841e-02;1.887775e-02;5.141468e-02;5.879693e-02;2.217699e-01
8.899041e-02;8.923187e-02;1.210180e-01;6.831907e-02;6.015494e-02;6.242735e-02;1.136158e-01;9.542742e-02;4.098755e-02;5.531921e-02;7.295571e-02;1.315527e-01
7.138310e-02;9.130320e-02;1.673832e-01;5.736183e-02;5.948716e-02;6.655648e-02;1.123660e-01;9.056015e-02;9.214289e-02;5.596180e-02;6.529470e-02;7.019946e-02
9.041388e-02;7.381368e-02;1.950844e-01;5.322939e-02;5.711375e-02;5.571580e-02;1.114001e-01;1.026554e-01;9.806768e-02;6.540740e-02;6.226352e-02;3.483504e-02
1.079550e-01;8.434846e-02;1.868265e-01;6.126804e-02;6.796472e-02;4.552680e-02;1.011675e-01;8.326205e-02;8.143546e-02;6.928455e-02;6.284340e-02;4.811761e-02
1.103486e-01;6.652402e-02;9.327384e-02;7.477459e-02;8.675597e-02;6.148548e-02;1.114317e-01;5.822929e-02;8.165678e-02;9.543004e-02;5.345865e-02;1.066311e-01
7.729464e-02;4.351368e-02;6.088580e-02;7.846508e-02;9.477022e-02;1.080886e-01;1.113423e-01;6.174231e-02;1.100315e-01;9.212370e-02;3.209271e-02;1.296495e-01
6.834146e-02;6.723893e-02;5.341916e-02;7.773580e-02;1.168829e-01;1.181025e-01;1.173014e-01;9.010881e-02;7.755327e-02;6.201990e-02;3.255942e-02;1.187364e-01
4.921212e-02;6.109637e-02;8.478452e-02;8.679286e-02;1.099295e-01;1.071815e-01;1.354763e-01;8.045730e-02;9.736303e-02;7.298662e-02;3.755133e-02;7.716856e-02
3.860558e-02;6.481533e-02;1.241941e-01;1.538548e-01;7.072419e-02;1.028593e-01;1.237570e-01;8.155425e-02;6.372820e-02;7.249462e-02;5.187256e-02;5.154007e-02
2.936694e-02;5.223252e-02;1.748173e-01;1.325506e-01;7.714686e-02;8.006436e-02;1.074417e-01;1.022845e-01;5.491458e-02;9.548273e-02;4.851934e-02;4.517858e-02
4.623900e-02;4.244174e-02;3.049710e-01;8.971406e-02;7.421242e-02;7.962475e-02;1.417739e-01;5.281277e-02;5.333206e-02;7.052031e-02;2.170184e-02;2.265611e-02
5.383910e-02;6.006693e-02;3.870081e-01;7.020131e-02;6.174903e-02;7.069139e-02;1.310679e-01;2.967422e-02;4.185684e-02;4.696355e-02;2.131697e-02;2.556462e-02
6.382570e-02;9.121807e-02;4.190512e-01;5.681406e-02;5.046565e-02;7.177453e-02;8.076190e-02;3.499366e-02;5.320940e-02;3.404916e-02;1.683214e-02;2.700448e-02
9.726673e-02;1.068674e-01;3.375674e-01;5.587424e-02;4.688617e-02;7.554238e-02;6.175081e-02;5.424571e-02;7.531010e-02;2.959506e-02;2.612611e-02;3.296786e-02
1.845072e-01;2.980008e-02;2.416119e-01;4.756949e-02;7.237144e-02;7.117217e-02;9.950334e-02;7.499406e-02;6.485348e-02;2.681834e-02;4.155320e-02;4.524535e-02
2.531053e-01;9.440894e-02;2.838858e-01;2.431565e-02;7.365286e-02;3.612269e-02;6.640980e-02;6.149783e-02;1.564774e-02;1.491660e-02;4.171221e-02;3.432463e-02
3.140653e-01;1.036710e-01;2.247138e-01;2.055119e-02;8.608191e-02;1.813382e-02;6.208200e-02;6.301367e-02;1.472613e-02;1.630443e-02;4.470803e-02;3.194874e-02
2.552300e-01;8.413794e-02;1.628878e-01;3.338332e-02;6.157562e-02;2.829754e-02;1.074422e-01;9.236718e-02;3.223745e-02;3.179228e-02;3.953804e-02;7.111070e-02
2.932264e-01;1.056144e-01;1.217942e-01;3.430706e-02;2.695765e-02;2.796713e-02;9.962019e-02;1.142860e-01;1.436536e-02;2.288333e-02;3.546526e-02;1.035130e-01
4.064907e-01;1.182203e-01;7.991133e-02;2.119880e-02;1.511001e-02;1.574915e-02;6.604460e-02;1.456120e-01;1.934596e-02;1.172125e-02;1.968830e-02;8.090764e-02
4.819489e-01;9.301576e-02;3.271720e-02;5.952561e-03;1.555696e-02;5.790597e-03;5.831917e-02;2.022581e-01;2.382690e-02;5.851408e-03;7.272369e-03;6.748999e-02
4.382036e-01;5.222442e-02;1.959112e-02;3.181515e-03;1.207673e-02;4.080377e-03;1.141313e-01;2.451648e-01;9.251432e-03;2.567690e-03;7.365133e-03;9.216189e-02
3.666939e-01;3.433530e-02;1.603765e-02;4.420844e-03;5.753973e-03;3.863136e-03;1.828051e-01;2.689313e-01;2.190416e-02;5.098982e-03;9.925799e-03;8.022978e-02
2.942333e-01;2.230466e-02;1.094091e-02;7.096841e-03;3.854588e-03;6.829660e-03;2.644512e-01;2.522126e-01;1.851584e-02;7.697769e-03;6.751501e-03;1.051112e-01
2.344253e-01;1.361236e-02;1.364661e-02;1.349722e-02;2.803341e-03;1.098366e-02;3.313465e-01;2.024956e-01;1.568655e-02;1.321749e-02;1.270261e-02;1.355827e-01
2.120915e-01;1.469797e-02;1.523086e-02;2.692216e-02;4.203418e-03;1.109649e-02;3.578089e-01;1.492558e-01;1.392476e-02;1.713900e-02;1.326488e-02;1.643643e-01
2.119664e-01;1.398581e-02;1.340836e-02;5.312689e-02;5.149429e-03;1.488699e-02;3.259870e-01;9.981553e-02;9.845319e-03;1.696547e-02;1.705281e-02;2.178100e-01
1.933537e-01;9.529109e-03;2.797781e-02;9.559581e-02;9.334299e-03;2.646548e-02;2.721758e-01;5.306870e-02;1.466598e-02;1.768222e-02;2.824898e-02;2.519021e-01
1.271120e-01;2.232421e-02;4.646655e-02;1.679459e-01;1.779774e-02;4.471101e-02;2.319893e-01;2.045495e-02;1.191637e-02;1.601158e-02;5.279281e-02;2.404776e-01
6.010887e-02;2.677280e-02;6.640693e-02;2.513217e-01;2.305852e-02;6.758186e-02;1.962724e-01;1.638728e-02;1.941907e-02;2.502327e-02;8.755490e-02;1.600923e-01
3.332330e-02;2.410357e-02;1.239083e-01;2.122002e-01;4.472001e-02;9.403786e-02;1.687355e-01;1.823135e-02;2.911484e-02;3.765919e-02;1.200759e-01;9.388994e-02
5.814623e-02;3.668236e-02;1.918053e-01;9.078021e-02;4.957731e-02;1.199914e-01;1.379030e-01;1.889389e-02;4.337088e-02;5.600015e-02;1.293700e-01;6.747926e-02
8.253399e-02;5.390228e-02;2.230181e-01;4.229320e-02;4.474160e-02;1.100445e-01;1.102963e-01;2.865889e-02;5.104954e-02;6.624433e-02;1.128482e-01;7.436904e-02
5.399689e-02;9.372538e-02;1.915201e-01;5.577299e-02;6.622013e-02;8.664822e-02;1.023379e-01;5.530893e-02;6.175623e-02;6.644904e-02;9.300178e-02;7.326252e-02
2.099864e-01;5.969761e-02;9.454370e-02;1.463318e-01;3.275621e-02;4.613495e-02;1.427365e-01;7.648440e-02;6.125398e-02;5.040251e-02;4.015065e-02;3.952119e-02
1.290209e-01;5.630939e-02;1.513619e-01;1.840136e-01;3.014706e-02;6.604523e-02;1.472874e-01;4.705364e-02;5.643577e-02;4.412657e-02;2.905762e-02;5.914100e-02
6.558035e-02;2.426941e-02;1.877893e-01;1.789622e-01;3.265683e-02;8.611288e-02;1.364068e-01;5.779471e-02;4.941649e-02;3.184229e-02;4.040191e-02;1.087667e-01
7.318304e-02;1.978747e-02;1.770101e-01;1.029832e-01;3.600204e-02;8.900105e-02;1.141327e-01;9.031799e-02;3.467433e-02;2.573913e-02;6.784920e-02;1.693198e-01
9.740726e-02;2.330481e-02;1.825560e-01;1.318075e-01;2.988434e-02;4.653228e-02;1.491909e-01;8.256228e-02;3.487324e-02;2.844771e-02;6.391083e-02;1.295229e-01
9.126864e-02;2.188194e-02;1.277956e-01;1.818751e-01;4.287130e-02;2.326216e-02;1.989227e-01;6.705696e-02;5.828696e-02;3.939046e-02;5.144935e-02;9.593883e-02
9.649805e-02;3.370138e-02;8.995580e-02;1.487823e-01;3.670018e-02;3.853630e-02;2.094939e-01;4.667298e-02;6.897509e-02;4.665678e-02;6.562587e-02;1.184014e-01
5.518093e-02;6.196533e-02;1.021781e-01;9.133381e-02;6.533296e-02;7.149977e-02;1.248911e-01;1.098946e-01;1.254370e-01;7.964545e-02;6.100420e-02;5.163675e-02
7.310106e-02;6.519323e-02;1.542078e-01;5.527296e-02;8.125105e-02;7.439861e-02;9.764377e-02;1.092121e-01;1.033344e-01;9.770631e-02;5.348955e-02;3.518912e-02
1.222903e-01;7.038897e-02;2.274897e-01;6.985155e-02;6.829183e-02;6.972206e-02;8.112425e-02;6.032323e-02;7.551759e-02;6.891280e-02;5.209713e-02;3.399064e-02
1.999598e-01;1.707274e-01;2.780888e-01;3.975688e-02;4.605634e-02;4.184328e-02;5.600911e-02;2.416000e-02;5.276618e-02;3.711985e-02;2.404734e-02;2.946507e-02
2.199273e-01;2.979783e-01;2.630088e-01;2.081340e-02;2.284946e-02;2.194657e-02;2.811834e-02;1.966507e-02;5.470388e-02;2.891652e-02;7.954587e-03;1.411780e-02
1.946175e-01;3.985974e-01;2.087092e-01;1.238690e-02;7.036446e-03;1.932974e-02;1.236374e-02;1.598915e-02;1.007924e-01;2.057255e-02;4.015128e-03;5.589873e-03
1.681699e-01;4.641260e-01;1.267416e-01;1.312884e-02;1.001915e-02;2.393311e-02;2.209635e-03;1.107826e-02;1.597486e-01;1.090255e-02;4.340677e-03;5.601673e-03
1.354034e-01;5.043581e-01;7.356788e-02;1.355336e-02;6.791049e-03;2.640246e-02;4.698671e-03;9.519204e-03;2.113546e-01;7.322350e-03;2.266443e-03;4.762419e-03
8.411451e-02;4.633582e-01;1.286511e-01;1.297862e-02;5.905870e-03;2.247100e-02;3.805629e-03;2.032369e-02;2.153065e-01;3.453993e-02;3.337971e-03;5.206977e-03
4.326549e-02;3.028932e-01;3.129885e-01;1.869331e-02;7.057510e-03;1.459405e-02;1.162527e-02;2.126212e-02;1.491230e-01;1.019762e-01;9.917076e-03;6.604356e-03
2.430459e-02;1.175756e-01;4.712263e-01;5.917251e-02;9.867067e-03;5.868193e-03;2.908408e-02;1.988695e-02;6.789695e-02;1.580943e-01;3.497436e-02;2.049011e-03
1.756430e-02;3.396395e-02;3.828202e-01;1.908650e-01;2.468858e-02;1.004770e-02;3.836803e-02;3.544993e-02;2.798481e-02;1.255877e-01;1.016442e-01;1.101557e-02
9.418166e-03;2.088077e-02;1.851905e-01;3.113214e-01;9.055226e-02;1.890779e-02;2.917930e-02;5.378752e-02;1.894510e-02;6.403713e-02;1.537175e-01;4.406253e-02
2.604525e-02;1.437869e-02;6.120601e-02;2.591947e-01;2.334961e-01;6.504083e-02;2.395763e-02;4.555060e-02;1.569276e-02;3.100655e-02;1.221953e-01;1.022357e-01
8.978684e-02;2.761961e-02;3.430757e-02;1.119219e-01;2.734524e-01;1.851761e-01;6.948930e-02;1.650662e-02;1.679378e-02;1.458949e-02;4.921706e-02;1.111393e-01
1.257778e-01;8.966145e-02;4.157292e-02;3.210584e-02;1.328740e-01;2.501298e-01;2.088817e-01;2.971478e-02;1.204161e-02;1.312760e-02;1.150360e-02;5.260882e-02
8.028986e-02;1.397428e-01;9.777644e-02;1.105462e-02;2.222957e-02;1.541376e-01;3.338624e-01;1.080562e-01;1.385787e-02;1.103231e-02;1.102840e-02;1.693194e-02
1.993831e-02;9.759529e-02;1.829100e-01;3.871848e-02;1.529693e-02;4.621354e-02;2.788410e-01;2.241920e-01;5.353460e-02;1.705086e-02;7.577993e-03;1.813105e-02
1.358605e-02;3.423940e-02;2.116324e-01;8.752781e-02;1.804183e-02;1.614333e-02;1.610075e-01;2.650884e-01;1.245258e-01;3.265741e-02;1.088259e-02;2.466736e-02
2.432050e-02;1.394553e-02;1.478485e-01;1.073972e-01;2.875762e-02;2.090213e-02;2.043486e-01;2.151704e-01;1.468380e-01;4.550248e-02;2.090700e-02;2.406213e-02
2.768983e-02;1.315172e-02;9.079200e-02;8.142941e-02;2.650036e-02;3.283928e-02;3.647878e-01;1.796859e-01;1.010046e-01;3.665982e-02;2.416698e-02;2.129232e-02
1.958514e-02;2.635102e-02;3.716369e-02;2.901183e-02;3.607826e-02;4.344624e-02;6.309042e-01;8.417269e-02;4.464787e-02;1.810754e-02;1.010779e-02;2.042379e-02
3.154152e-02;3.083932e-02;3.760406e-02;1.630793e-02;5.642186e-02;8.153968e-02;6.407245e-01;5.772676e-02;2.101861e-02;1.116618e-02;5.974400e-03;9.135144e-03
4.218482e-02;2.552618e-02;3.845249e-02;4.208771e-02;1.191970e-01;1.247126e-01;4.138877e-01;3.610504e-02;5.226803e-02;3.850477e-02;2.772064e-02;3.935303e-02
5.324396e-02;2.743582e-02;5.252562e-02;4.172942e-02;2.152102e-01;9.950422e-02;2.137020e-01;3.136555e-02;8.318380e-02;5.017012e-02;3.901107e-02;9.291813e-02
4.103568e-02;2.272691e-02;8.927926e-02;9.908983e-02;2.393196e-01;7.648186e-02;1.110110e-01;3.144476e-02;6.187358e-02;4.582001e-02;7.007559e-02;1.118419e-01
3.005162e-02;4.781340e-02;2.175094e-01;1.530846e-01;1.453362e-01;3.637895e-02;5.698473e-02;3.597806e-02;4.540339e-02;6.609595e-02;9.393251e-02;7.143123e-02
6.662332e-02;1.254586e-01;2.882593e-01;9.922700e-02;5.924946e-02;4.108186e-02;4.386798e-02;3.605200e-02;6.908356e-02;8.088762e-02;6.188158e-02;2.832778e-02
1.621405e-01;1.686651e-01;1.930602e-01;4.087093e-02;7.161470e-02;4.689552e-02;5.205533e-02;5.945303e-02;9.511229e-02;5.375992e-02;2.753861e-02;2.883386e-02
2.137807e-01;1.230264e-01;6.666492e-02;7.530804e-02;7.470762e-02;4.130086e-02;9.763395e-02;8.772287e-02;7.073096e-02;3.009639e-02;3.055218e-02;8.847503e-02
1.490700e-01;4.877995e-02;9.274166e-02;9.056920e-02;4.951232e-02;5.994504e-02;1.391567e-01;6.663418e-02;2.963087e-02;3.450134e-02;1.021833e-01;1.372754e-01
5.712047e-02;6.572063e-02;1.235219e-01;5.738230e-02;4.317227e-02;9.641545e-02;1.044104e-01;3.152372e-02;1.626370e-02;1.110506e-01;1.881902e-01;1.052283e-01
2.632665e-02;1.304657e-01;7.468086e-02;2.885002e-02;9.712330e-02;8.074749e-02;4.055843e-02;3.002609e-02;2.246925e-02;2.652436e-01;1.651472e-01;3.836143e-02
1.796406e-02;1.544734e-01;2.393559e-02;3.307037e-02;1.313978e-01;3.048515e-02;2.100990e-02;2.906110e-02;4.869086e-02;3.792119e-01;1.103404e-01;2.035945e-02
5.371463e-02;1.117434e-01;4.828379e-02;2.776311e-02;9.391320e-02;5.265820e-02;6.021127e-02;3.219048e-02;6.874596e-02;2.866992e-01;1.107898e-01;5.328697e-02
9.598614e-02;8.107252e-02;6.410209e-02;1.846630e-02;5.349401e-02;6.533059e-02;9.245165e-02;4.341944e-02;5.788165e-02;1.681235e-01;1.598113e-01;9.986085e-02
1.087725e-01;7.498869e-02;7.611450e-02;2.716416e-02;4.672289e-02;5.921740e-02;8.521937e-02;4.647644e-02;5.256249e-02;1.255452e-01;1.576838e-01;1.395326e-01
1.111385e-01;7.155988e-02;1.418483e-01;2.881425e-02;6.463418e-02;4.751440e-02;7.927013e-02;4.324840e-02;6.466687e-02;1.100325e-01;8.297997e-02;1.542926e-01
3.996687e-02;5.524156e-02;1.099885e-01;5.350009e-02;9.859118e-02;1.165621e-01;1.060925e-01;6.502898e-02;8.016861e-02;8.093681e-02;1.061700e-01;8.775277e-02
3.334379e-02;4.533081e-02;5.650012e-02;8.396619e-02;1.042166e-01;1.633789e-01;1.294340e-01;8.784920e-02;9.185725e-02;7.957364e-02;4.663900e-02;7.791059e-02
5.449766e-02;5.109254e-02;9.615349e-02;6.522305e-02;8.802902e-02;1.211133e-01;1.599033e-01;9.089500e-02;9.201923e-02;6.475043e-02;3.973162e-02;7.659142e-02
5.897915e-02;6.762733e-02;1.358786e-01;4.563342e-02;7.925662e-02;7.836929e-02;1.487222e-01;1.019577e-01;7.897863e-02;4.172287e-02;8.219718e-02;8.067700e-02
6.331392e-02;9.372500e-02;1.712962e-01;3.511947e-02;7.091229e-02;6.690112e-02;1.014189e-01;8.467973e-02;8.790209e-02;6.247421e-02;7.912654e-02;8.313053e-02
1.135883e-01;8.365623e-02;2.085368e-01;4.788142e-02;6.915811e-02;5.938301e-02;8.574469e-02;4.760588e-02;7.479846e-02;5.936665e-02;9.557211e-02;5.470838e-02
1.391920e-01;7.213212e-02;2.163379e-01;4.868280e-02;6.203260e-02;5.234739e-02;8.556758e-02;3.450427e-02;5.790868e-02;7.479028e-02;8.825280e-02;6.825162e-02
1.520042e-01;7.336570e-02;1.830405e-01;7.047020e-02;4.287782e-02;6.936361e-02;1.154858e-01;4.105501e-02;7.446247e-02;5.931811e-02;3.989435e-02;7.866228e-02
1.222956e-01;8.839335e-02;1.403943e-01;7.569773e-02;4.438612e-02;9.369193e-02;1.261119e-01;5.003549e-02;9.970783e-02;7.574679e-02;1.872885e-02;6.481010e-02
6.063114e-02;9.847697e-02;1.135771e-01;8.178853e-02;6.298047e-02;8.966657e-02;1.311150e-01;8.586078e-02;1.082439e-01;8.817502e-02;3.480984e-02;4.467476e-02
6.758674e-02;8.955988e-02;1.236662e-01;9.792362e-02;8.528390e-02;6.904732e-02;1.622987e-01;8.281288e-02;9.462748e-02;5.914912e-02;3.898197e-02;2.906208e-02
8.563628e-02;9.408537e-02;1.106244e-01;8.840852e-02;1.162177e-01;5.951075e-02;1.762081e-01;6.967906e-02;8.807608e-02;4.147929e-02;3.171461e-02;3.835984e-02
1.180694e-01;1.010904e-01;1.233370e-01;5.769391e-02;7.117211e-02;6.738267e-02;1.507107e-01;1.034030e-01;8.337562e-02;5.075321e-02;2.445758e-02;4.855456e-02
1.225263e-01;7.862251e-02;1.136401e-01;4.448490e-02;4.050214e-02;7.215292e-02;1.456016e-01;1.178245e-01;6.801866e-02;5.659043e-02;4.786475e-02;9.217125e-02
1.068054e-01;6.561615e-02;9.662838e-02;4.525502e-02;6.592168e-02;6.514078e-02;1.148124e-01;1.491559e-01;7.661535e-02;6.025409e-02;4.651715e-02;1.072777e-01
1.247468e-01;5.803860e-02;9.735072e-02;4.923414e-02;7.813522e-02;6.926682e-02;8.374133e-02;1.540414e-01;7.910581e-02;6.892672e-02;3.501616e-02;1.023963e-01
1.316088e-01;5.366210e-02;1.081644e-01;4.278989e-02;8.503660e-02;7.007264e-02;5.759988e-02;1.088196e-01;1.051978e-01;8.102684e-02;2.649966e-02;1.295218e-01
1.269145e-01;6.195678e-02;1.475189e-01;6.115678e-02;7.958633e-02;4.600192e-02;6.181774e-02;8.398261e-02;1.156188e-01;8.241127e-02;3.279732e-02;1.002370e-01
1.305318e-01;6.620542e-02;1.823515e-01;7.899375e-02;7.977719e-02;4.332379e-02;6.390487e-02;7.240976e-02;1.085236e-01;7.623383e-02;3.307122e-02;6.467330e-02
1.274920e-01;5.644358e-02;1.780490e-01;6.898547e-02;8.215398e-02;4.922058e-02;7.663195e-02;7.580202e-02;9.939872e-02;6.033932e-02;3.614562e-02;8.933781e-02
1.249862e-01;4.412634e-02;1.805573e-01;5.792562e-02;8.844689e-02;4.702106e-02;6.988923e-02;6.648640e-02;8.255996e-02;5.542664e-02;5.441204e-02;1.281624e-01
9.126496e-02;6.435721e-02;1.389246e-01;5.662570e-02;8.547723e-02;5.170751e-02;6.624708e-02;9.671208e-02;6.630573e-02;8.565830e-02;7.412420e-02;1.225954e-01
5.755189e-02;4.829915e-02;1.262000e-01;4.058007e-02;8.610327e-02;7.727408e-02;1.659522e-01;7.300852e-02;8.671903e-02;8.317108e-02;8.815818e-02;6.698257e-02
4.529437e-02;4.594634e-02;1.345121e-01;6.846772e-02;9.702183e-02;6.554998e-02;1.418683e-01;5.751415e-02;7.434797e-02;9.350497e-02;9.769655e-02;7.827565e-02
3.320150e-02;4.193461e-02;1.357940e-01;1.018591e-01;1.165892e-01;5.240711e-02;1.037374e-01;5.924092e-02;4.785349e-02;1.036054e-01;1.049282e-01;9.884909e-02
1.668775e-02;3.015649e-02;9.683067e-02;1.106823e-01;1.747878e-01;4.695221e-02;6.032126e-02;5.796272e-02;7.514449e-02;1.003431e-01;9.217326e-02;1.379580e-01
3.301983e-02;1.479013e-02;4.548683e-02;6.185707e-02;2.255645e-01;1.024344e-01;5.582803e-02;3.264660e-02;1.723187e-01;6.615875e-02;4.153666e-02;1.483585e-01
9.538268e-02;6.812451e-03;3.434123e-02;2.263842e-02;1.716723e-01;2.421356e-01;6.665484e-02;2.166968e-02;1.761953e-01;6.260747e-02;1.227533e-02;8.761473e-02
1.233552e-01;1.321074e-02;2.024122e-02;2.546234e-02;7.579392e-02;3.366373e-01;1.567655e-01;2.016473e-02;8.232342e-02;1.123524e-01;5.887738e-03;2.780554e-02
8.814871e-02;4.364727e-02;8.328132e-03;2.723589e-02;3.680839e-02;2.909495e-01;3.291503e-01;1.994876e-02;3.155090e-02;1.067777e-01;9.390803e-03;8.063593e-03
3.289247e-02;7.925884e-02;9.767429e-03;1.684140e-02;2.062247e-02;1.683037e-01;5.549951e-01;3.042253e-02;1.969516e-02;4.453136e-02;1.929112e-02;3.378429e-03
5.225579e-03;9.982264e-02;8.675108e-03;5.581202e-03;1.537846e-02;9.453461e-02;6.737562e-01;3.751669e-02;2.062233e-02;1.177122e-02;2.317190e-02;3.944074e-03
1.360878e-02;1.129426e-01;6.997518e-03;4.688229e-03;1.823401e-02;9.011069e-02;6.598133e-01;3.550828e-02;2.309172e-02;1.297599e-02;2.107668e-02;9.522114e-04
4.124646e-02;1.356890e-01;1.159883e-02;7.120647e-03;3.436149e-02;7.887440e-02;5.667017e-01;5.240682e-02;3.109751e-02;1.270066e-02;2.032890e-02;7.873599e-03
6.873176e-02;1.370032e-01;3.529192e-02;1.743329e-02;6.255082e-02;9.270373e-02;4.279884e-01;6.381125e-02;4.186855e-02;2.067269e-02;1.713850e-02;1.480592e-02
8.527221e-02;7.630739e-02;2.372069e-02;1.933205e-02;1.006126e-01;1.366484e-01;4.033236e-01;6.167364e-02;3.656092e-02;3.387417e-02;1.025745e-02;1.241691e-02
8.756234e-02;1.760475e-02;4.224588e-02;1.400597e-02;1.341050e-01;1.614525e-01;4.181600e-01;5.150663e-02;2.474138e-02;3.177479e-02;7.668273e-03;9.172534e-03
8.122418e-02;9.536765e-03;8.387221e-02;1.863559e-02;1.711344e-01;1.534024e-01;3.400997e-01;3.640019e-02;3.630336e-02;2.445478e-02;1.032791e-02;3.460862e-02
6.378475e-02;2.987918e-02;2.052676e-01;3.476359e-02;1.783187e-01;1.153933e-01;1.882880e-01;2.961124e-02;4.956712e-02;2.853845e-02;2.384653e-02;5.274154e-02
3.554727e-02;4.139566e-02;4.029200e-01;5.135695e-02;1.365927e-01;7.175747e-02;1.073669e-01;1.918748e-02;3.323888e-02;2.996826e-02;2.723328e-02;4.343519e-02
4.549457e-02;5.340857e-02;5.317427e-01;6.010898e-02;7.012708e-02;3.278787e-02;6.456947e-02;2.218061e-02;3.808652e-02;4.143227e-02;1.330010e-02;2.676126e-02
9.870435e-02;6.776124e-02;4.774207e-01;5.102587e-02;3.049520e-02;1.501069e-02;7.037985e-02;3.742744e-02;5.116292e-02;3.352860e-02;2.253893e-02;4.454419e-02
1.095345e-01;8.980412e-02;3.483521e-01;4.485439e-02;4.030843e-02;2.728784e-02;9.631031e-02;4.405980e-02;6.046207e-02;3.408149e-02;4.543532e-02;5.950965e-02
7.823302e-02;8.685136e-02;2.536127e-01;3.814628e-02;6.858546e-02;3.561525e-02;1.318604e-01;5.012878e-02;8.648859e-02;6.804546e-02;4.950619e-02;5.292655e-02
5.593010e-02;6.279822e-02;1.719820e-01;2.726075e-02;9.389219e-02;6.199246e-02;2.262297e-01;5.151024e-02;8.742499e-02;9.841922e-02;3.802431e-02;2.453586e-02
4.547644e-02;6.489270e-02;1.290607e-01;3.446374e-02;7.379211e-02;8.665405e-02;3.250283e-01;5.845042e-02;7.190258e-02;6.426536e-02;3.376079e-02;1.225273e-02
6.859735e-02;6.612266e-02;9.589489e-02;7.083967e-02;8.466551e-02;7.797958e-02;1.471909e-01;7.918795e-02;1.136369e-01;9.227680e-02;4.602160e-02;5.758617e-02
6.801925e-02;1.013699e-01;1.008213e-01;4.670071e-02;8.226474e-02;6.910495e-02;2.095946e-01;5.826268e-02;1.028068e-01;6.937219e-02;4.290646e-02;4.877641e-02
6.847496e-02;1.369952e-01;1.355201e-01;4.254706e-02;6.588702e-02;5.314525e-02;2.608135e-01;6.203724e-02;7.003730e-02;4.681793e-02;2.945891e-02;2.826553e-02
6.026117e-02;1.871320e-01;1.224512e-01;3.690616e-02;4.300340e-02;3.651555e-02;3.139975e-01;9.331010e-02;4.340834e-02;2.905519e-02;1.998439e-02;1.397500e-02
3.618550e-02;2.558505e-01;7.646053e-02;2.528374e-02;2.518877e-02;2.064368e-02;3.951987e-01;9.786636e-02;2.699533e-02;1.431058e-02;1.520342e-02;1.081292e-02
2.877758e-02;2.943082e-01;2.328851e-02;1.111423e-02;1.516399e-02;3.463837e-02;4.919784e-01;6.338504e-02;1.165108e-02;8.296064e-03;1.361180e-02;3.786699e-03
3.780720e-02;2.311378e-01;1.530347e-02;5.529092e-03;1.403612e-02;5.434687e-02;5.597299e-01;4.420087e-02;2.279238e-02;7.162302e-03;6.197827e-03;1.756232e-03
2.468253e-02;1.158563e-01;1.282567e-02;5.721008e-03;1.323996e-02;4.426262e-02;5.658854e-01;1.746464e-01;2.149975e-02;6.075228e-03;1.284395e-02;2.461069e-03
1.169662e-02;5.030345e-02;1.852668e-02;5.699497e-03;1.186179e-02;1.604899e-02;5.044628e-01;3.369352e-01;1.982128e-02;8.688622e-03;1.071397e-02;5.241093e-03
4.998416e-03;1.704758e-02;3.227349e-02;5.728120e-03;8.790256e-03;6.125277e-03;3.334982e-01;5.320917e-01;1.680144e-02;3.033335e-02;3.780957e-03;8.531184e-03
5.203780e-03;5.398612e-03;2.669581e-02;1.955790e-02;4.599809e-03;6.720486e-03;2.101816e-01;5.569457e-01;9.115701e-02;5.777400e-02;3.753599e-03;1.201167e-02
9.739377e-03;4.275744e-03;2.627498e-02;4.563192e-02;6.308835e-03;1.148046e-02;1.506789e-01;4.025413e-01;2.583182e-01;6.728642e-02;4.709741e-03;1.275419e-02
2.414025e-02;3.981976e-03;2.161252e-02;7.706194e-02;1.609658e-02;1.422569e-02;1.002193e-01;1.925594e-01;4.571980e-01;7.194547e-02;8.878384e-03;1.208047e-02
3.902890e-02;1.641499e-02;1.208321e-02;8.067681e-02;5.733985e-02;1.917191e-02;4.757443e-02;3.365357e-02;4.711299e-01;1.930548e-01;2.348088e-02;6.390692e-03
4.517055e-02;3.806735e-02;1.695830e-02;5.102410e-02;1.116315e-01;1.380323e-02;8.057362e-02;7.311265e-02;1.846385e-01;3.188560e-01;5.116673e-02;1.499748e-02
6.302412e-02;4.454155e-02;2.251096e-02;7.485408e-02;1.111907e-01;2.220358e-02;8.933418e-02;7.449563e-02;1.275992e-01;2.894569e-01;5.792299e-02;2.286608e-02
7.623953e-02;2.880694e-02;2.407895e-02;1.200414e-01;7.840306e-02;1.866592e-02;9.581966e-02;8.670664e-02;1.904275e-01;2.114852e-01;4.645022e-02;2.287494e-02
6.211027e-02;2.224326e-02;2.295998e-02;1.426367e-01;4.856989e-02;1.831750e-02;1.350618e-01;1.071277e-01;2.582647e-01;1.584585e-01;1.215822e-02;1.209151e-02
5.866305e-02;2.454757e-02;3.166020e-02;8.304239e-02;7.177979e-02;2.537897e-02;2.041679e-01;6.338630e-02;1.996825e-01;1.833009e-01;3.398163e-02;2.040881e-02
4.998743e-02;2.117591e-02;3.130773e-02;6.365420e-02;9.431352e-02;2.943465e-02;1.781196e-01;4.895676e-02;1.961546e-01;2.092009e-01;5.667960e-02;2.101513e-02
3.687657e-02;1.466483e-02;2.303209e-02;4.364157e-02;8.584387e-02;2.344693e-02;1.572961e-01;3.333307e-02;2.471650e-01;2.735180e-01;5.039223e-02;1.078974e-02
2.327948e-02;1.027265e-02;7.149736e-03;2.215396e-02;9.920549e-02;1.450966e-02;9.022645e-02;2.542659e-02;2.548649e-01;3.912777e-01;5.553757e-02;6.095812e-03
2.952423e-02;6.431992e-03;1.506258e-02;1.885532e-02;9.467432e-02;7.254318e-03;6.567837e-02;2.892051e-02;2.989156e-01;3.798765e-01;4.935895e-02;5.447439e-03
1.948638e-02;5.678763e-03;1.016792e-02;2.527126e-02;9.552539e-02;4.870879e-03;4.074973e-02;1.674737e-02;4.148329e-01;3.248345e-01;3.746958e-02;4.365319e-03
1.300526e-02;3.755330e-03;1.597337e-02;7.894195e-02;8.091816e-02;7.406386e-03;3.315455e-02;3.358488e-02;4.707063e-01;2.335243e-01;2.505485e-02;3.974687e-03
6.832591e-03;1.062209e-02;4.702309e-02;1.237893e-01;5.438310e-02;1.243237e-02;8.353013e-02;6.590940e-02;4.132240e-01;1.517279e-01;1.990616e-02;1.061995e-02
8.913674e-03;3.234742e-02;9.317336e-02;1.158514e-01;4.395777e-02;2.809807e-02;1.613028e-01;9.640954e-02;2.837946e-01;9.412309e-02;2.433822e-02;1.769008e-02
3.229073e-02;6.862386e-02;1.241774e-01;6.629121e-02;6.479207e-02;6.780087e-02;2.299589e-01;9.666616e-02;1.491524e-01;5.108285e-02;2.574909e-02;2.341446e-02
6.411601e-02;7.519402e-02;1.215123e-01;5.539586e-02;9.867417e-02;1.257594e-01;2.120152e-01;5.048125e-02;1.021391e-01;4.653038e-02;2.866517e-02;1.951726e-02
4.490742e-02;2.885932e-02;1.025236e-01;5.463303e-02;1.031868e-01;9.948970e-02;3.408964e-01;2.873624e-02;1.219022e-01;4.406466e-02;1.508109e-02;1.571960e-02
2.848457e-02;7.528573e-02;1.400958e-01;3.445698e-02;7.150434e-02;4.065375e-02;2.763890e-01;1.217141e-01;1.021468e-01;6.386073e-02;3.344026e-02;1.196794e-02
3.485095e-02;1.003259e-01;1.189724e-01;2.721753e-02;2.446597e-02;4.287220e-02;2.986104e-01;2.081575e-01;6.944461e-02;4.386571e-02;1.844889e-02;1.276786e-02
5.594790e-02;1.070271e-01;6.082041e-02;1.326309e-02;1.394730e-02;7.399213e-02;3.796382e-01;1.842198e-01;5.725780e-02;3.526207e-02;1.328019e-02;5.344083e-03
1.125715e-01;7.916671e-02;2.302273e-02;5.803053e-03;1.373021e-02;1.424658e-01;3.512554e-01;1.316203e-01;4.692004e-02;7.365060e-02;1.135322e-02;8.440412e-03
2.113869e-01;4.226577e-02;1.083351e-02;5.440281e-03;1.777764e-02;2.294551e-01;2.211295e-01;7.640283e-02;2.842261e-02;1.376803e-01;9.038808e-03;1.016678e-02
3.414626e-01;1.177141e-02;8.650149e-03;7.737331e-03;2.509993e-02;2.775069e-01;7.455301e-02;4.457046e-02;1.200083e-02;1.801123e-01;5.389710e-03;1.114539e-02
4.614645e-01;3.064795e-03;9.676911e-03;7.041054e-03;2.799635e-02;2.518512e-01;2.891640e-02;3.190086e-02;7.642605e-03;1.492478e-01;7.174659e-03;1.402283e-02
5.339586e-01;7.312724e-03;1.022227e-02;1.055436e-02;3.708581e-02;2.180565e-01;3.991515e-02;2.416681e-02;1.110981e-02;8.212987e-02;8.679915e-03;1.680830e-02
5.164126e-01;4.001926e-03;9.439580e-03;1.158809e-02;4.253103e-02;2.225379e-01;4.018058e-02;3.771510e-02;1.267834e-02;4.249814e-02;9.458515e-03;5.095816e-02
4.317053e-01;6.880480e-03;6.495255e-03;4.004853e-02;4.456329e-02;2.635546e-01;4.911496e-02;6.793724e-02;7.373478e-03;3.494701e-02;6.281246e-03;4.109866e-02
3.362868e-01;7.677890e-03;9.302850e-03;7.503448e-02;3.291328e-02;2.949979e-01;6.829186e-02;8.218776e-02;8.032867e-03;6.557973e-02;2.218317e-03;1.747634e-02
2.821328e-01;1.355080e-02;1.371658e-02;8.215650e-02;3.000111e-02;3.089537e-01;7.540858e-02;9.726013e-02;6.834977e-03;7.471923e-02;4.721020e-03;1.054455e-02
2.508462e-01;1.053491e-02;5.530680e-02;5.304291e-02;5.549060e-02;2.915527e-01;6.670345e-02;1.037054e-01;2.742647e-02;5.787972e-02;3.162826e-03;2.434805e-02
1.579725e-01;9.442873e-03;1.329301e-01;1.843933e-02;1.499007e-01;1.684659e-01;6.558131e-02;5.720735e-02;8.912677e-02;2.773694e-02;6.364095e-03;1.168322e-01
5.999875e-02;1.207374e-02;1.254116e-01;2.227877e-02;2.291897e-01;5.521480e-02;7.985871e-02;1.354501e-02;1.231704e-01;1.436231e-02;1.241596e-02;2.524803e-01
1.563253e-02;3.642529e-02;6.722520e-02;3.324594e-02;2.280367e-01;2.213730e-02;7.576012e-02;8.968809e-03;9.014983e-02;2.952473e-02;2.816121e-02;3.647324e-01
9.505634e-03;9.722552e-02;3.156853e-02;5.422080e-02;1.584005e-01;1.325628e-02;4.201779e-02;1.906353e-02;3.327582e-02;7.821000e-02;8.423724e-02;3.790184e-01
9.427804e-03;1.647011e-01;2.867888e-02;7.912991e-02;1.051282e-01;1.023517e-02;1.714041e-02;4.023362e-02;2.114382e-02;1.118100e-01;1.671195e-01;2.452516e-01
1.123488e-02;2.043561e-01;3.792682e-02;1.043120e-01;7.423335e-02;1.102524e-02;1.495231e-02;6.544758e-02;1.895489e-02;1.001296e-01;2.490916e-01;1.083356e-01
1.040230e-02;2.247023e-01;5.232454e-02;1.268833e-01;5.135052e-02;1.348558e-02;1.224046e-02;8.262667e-02;1.186310e-02;7.919274e-02;2.866229e-01;4.830556e-02
1.222709e-02;2.085310e-01;9.151684e-02;1.661164e-01;3.786502e-02;2.571052e-02;8.080027e-03;1.068267e-01;8.802725e-03;5.099963e-02;2.528729e-01;3.045110e-02
3.757763e-02;1.581428e-01;1.623431e-01;1.899988e-01;3.503842e-02;4.422148e-02;1.468906e-02;1.128818e-01;7.954692e-03;3.252701e-02;1.863023e-01;1.832293e-02
6.260014e-02;1.138976e-01;2.567093e-01;1.560862e-01;4.141598e-02;5.541185e-02;3.904242e-02;8.340368e-02;9.123453e-03;4.099637e-02;1.198387e-01;2.147434e-02
4.849968e-02;7.458541e-02;4.228026e-01;7.611108e-02;5.924667e-02;4.366314e-02;7.944697e-02;4.816319e-02;1.125275e-02;4.706066e-02;5.389787e-02;3.526999e-02
1.741440e-02;7.649308e-02;5.744449e-01;5.935344e-02;4.451830e-02;1.689220e-02;7.334185e-02;2.460413e-02;9.817771e-03;3.301623e-02;3.314019e-02;3.696355e-02
1.472021e-02;7.433829e-02;6.472111e-01;4.704801e-02;3.897480e-02;7.589033e-03;5.691268e-02;1.632715e-02;6.593757e-03;3.375173e-02;2.812750e-02;2.840576e-02
1.474157e-02;4.851387e-02;6.704140e-01;6.190695e-02;4.337899e-02;9.243073e-03;6.635399e-02;1.599719e-02;5.097657e-03;2.712451e-02;2.236419e-02;1.486406e-02
1.636831e-02;2.648331e-02;6.906925e-01;7.681518e-02;4.435826e-02;1.575386e-02;5.662147e-02;1.602867e-02;7.041684e-03;2.084224e-02;1.894877e-02;1.004577e-02
1.152606e-02;2.958127e-02;6.195661e-01;1.141626e-01;6.855772e-02;4.211813e-02;3.535830e-02;2.721289e-02;8.197202e-03;1.757918e-02;1.780483e-02;8.335680e-03
6.136220e-03;2.766665e-02;4.133560e-01;1.230155e-01;1.339726e-01;7.700218e-02;8.356619e-02;5.025016e-02;3.363016e-02;2.830820e-02;1.686599e-02;6.230112e-03
1.142155e-02;1.471653e-02;1.703397e-01;7.569790e-02;1.748450e-01;1.175349e-01;2.364630e-01;4.962187e-02;5.825087e-02;5.759686e-02;1.453644e-02;1.897546e-02
2.058134e-02;8.284824e-03;4.105280e-02;3.577182e-02;1.412979e-01;1.812725e-01;3.698516e-01;7.534228e-02;4.412102e-02;5.615617e-02;8.753103e-03;1.751474e-02
2.268192e-02;1.005487e-02;1.553336e-02;2.190748e-02;7.685131e-02;1.705842e-01;4.896124e-01;9.647065e-02;2.458198e-02;5.815233e-02;6.703588e-03;6.865962e-03
1.269764e-02;1.775304e-02;8.237423e-03;1.210518e-02;5.797572e-02;9.136262e-02;6.425434e-01;8.130375e-02;3.234126e-02;3.282658e-02;8.611841e-03;2.241573e-03
5.080315e-03;1.427897e-02;2.980086e-02;6.608718e-03;5.161092e-02;3.541293e-02;6.454756e-01;1.297827e-01;3.198238e-02;3.849953e-02;6.400851e-03;5.066221e-03
5.156056e-03;9.612056e-03;7.668677e-02;6.435583e-03;4.378337e-02;4.287914e-02;4.318731e-01;2.212675e-01;5.147576e-02;8.986639e-02;5.815041e-03;1.514920e-02
1.404472e-02;1.559997e-02;1.069019e-01;1.824888e-02;7.256749e-02;6.801470e-02;2.653077e-01;2.103917e-01;8.823745e-02;1.018424e-01;1.237137e-02;2.647179e-02
2.756533e-02;3.269508e-02;1.052412e-01;2.647405e-02;6.720053e-02;7.176553e-02;3.005397e-01;1.369258e-01;9.175755e-02;8.432681e-02;2.406531e-02;3.144311e-02
3.543684e-02;4.674153e-02;7.350780e-02;2.361736e-02;4.771331e-02;6.053103e-02;4.620899e-01;4.541592e-02;7.003471e-02;6.331740e-02;4.851037e-02;2.308390e-02
3.839644e-02;3.911086e-02;5.654141e-02;1.816895e-02;7.222436e-02;5.517706e-02;3.596148e-01;1.463869e-01;6.089923e-02;2.567248e-02;9.604138e-02;3.176602e-02
3.057895e-02;7.075945e-02;1.217355e-01;8.361804e-03;5.416491e-02;3.642872e-02;2.447747e-01;2.333530e-01;6.932589e-02;2.869217e-02;6.607054e-02;3.575435e-02
1.665050e-02;7.050026e-02;1.559043e-01;7.230499e-03;3.655751e-02;1.773836e-02;2.343932e-01;3.092263e-01;6.886572e-02;2.236021e-02;2.442791e-02;3.614521e-02
1.019444e-02;8.352242e-02;1.392739e-01;6.075401e-03;6.118830e-02;9.083896e-03;2.602334e-01;3.145002e-01;3.179292e-02;1.366555e-02;5.142102e-02;1.904855e-02
8.956840e-03;1.393859e-01;8.853632e-02;3.494044e-03;8.819409e-02;7.826267e-03;3.270036e-01;2.371492e-01;7.961693e-03;7.836188e-03;7.795439e-02;5.701461e-03
8.524180e-03;2.258565e-01;3.902982e-02;3.195123e-03;8.060868e-02;1.736323e-02;3.799269e-01;1.304146e-01;9.642252e-03;4.203944e-03;9.797450e-02;3.260334e-03
2.223696e-02;2.936201e-01;1.574235e-02;8.455573e-03;5.411341e-02;5.442147e-02;3.764265e-01;6.875375e-02;1.063460e-02;8.818437e-03;8.319913e-02;3.577770e-03
5.078431e-02;2.877676e-01;1.277891e-02;2.159240e-02;4.244385e-02;1.078299e-01;3.449798e-01;4.020832e-02;1.015239e-02;2.247550e-02;5.295634e-02;6.030711e-03
7.390277e-02;1.912721e-01;3.744267e-02;3.357015e-02;5.878184e-02;1.548430e-01;3.313070e-01;3.236948e-02;2.210968e-02;3.536945e-02;2.019673e-02;8.835173e-03
6.184843e-02;8.523712e-02;9.008655e-02;3.984176e-02;9.108451e-02;1.491558e-01;3.165683e-01;4.363074e-02;2.913029e-02;3.268892e-02;2.646361e-02;3.426393e-02
6.584052e-02;5.931579e-02;2.246913e-01;5.759838e-02;1.343117e-01;7.472834e-02;1.597519e-01;5.766800e-02;3.067579e-02;1.705700e-02;4.608659e-02;7.227474e-02
3.783608e-02;5.886057e-02;3.787127e-01;6.982373e-02;8.257306e-02;4.753636e-02;1.321731e-01;3.997858e-02;2.266752e-02;3.323477e-02;3.553462e-02;6.106886e-02
3.488993e-02;9.444726e-02;5.012391e-01;5.272404e-02;5.335426e-02;3.619776e-02;8.580263e-02;3.609422e-02;1.190188e-02;4.407036e-02;2.346774e-02;2.581084e-02
4.688190e-02;9.149623e-02;5.300841e-01;5.486978e-02;7.694253e-02;2.463543e-02;5.072634e-02;1.996609e-02;1.788434e-02;5.441457e-02;1.949309e-02;1.260549e-02
4.209232e-02;4.777021e-02;4.159205e-01;1.273783e-01;1.144380e-01;3.078907e-02;4.827762e-02;2.751232e-02;3.144177e-02;5.853427e-02;4.012743e-02;1.571817e-02
2.302827e-02;3.678127e-02;2.285614e-01;1.607488e-01;2.369727e-01;4.997498e-02;7.636215e-02;3.209269e-02;3.186607e-02;6.123265e-02;4.047577e-02;2.190321e-02
7.141662e-03;1.901133e-02;1.310647e-01;1.246039e-01;3.175856e-01;7.471836e-02;1.525128e-01;2.390364e-02;4.306259e-02;5.352469e-02;1.799823e-02;3.487257e-02
5.635613e-03;9.896527e-03;1.467471e-01;8.627935e-02;2.650422e-01;7.588696e-02;2.173668e-01;3.289647e-02;5.798547e-02;4.915383e-02;1.247383e-02;4.063587e-02
6.582855e-03;1.363184e-02;2.457548e-01;8.801695e-02;1.439665e-01;4.285342e-02;1.891235e-01;7.869380e-02;6.391741e-02;8.346956e-02;9.597857e-03;3.439155e-02
7.715146e-03;1.631847e-02;4.422538e-01;1.169861e-01;6.216702e-02;1.801180e-02;9.549709e-02;1.025003e-01;3.660613e-02;6.749122e-02;1.276710e-02;2.168587e-02
5.047425e-03;1.394910e-02;5.645589e-01;1.449973e-01;8.183070e-02;2.642023e-02;3.164472e-02;4.574542e-02;2.014186e-02;2.357435e-02;3.241758e-02;9.672348e-03
5.589871e-03;8.876638e-03;5.806270e-01;1.570377e-01;8.705124e-02;3.397765e-02;1.339385e-02;2.064824e-02;2.541141e-02;1.775816e-02;4.438787e-02;5.240511e-03
3.947455e-03;8.426973e-03;5.595233e-01;1.583718e-01;8.817621e-02;3.981516e-02;3.139233e-02;2.900975e-02;1.709949e-02;1.523896e-02;4.418902e-02;4.809557e-03
3.590279e-03;6.976337e-03;5.704911e-01;1.651683e-01;9.566078e-02;3.968098e-02;2.285452e-02;2.174619e-02;1.080067e-02;1.562305e-02;4.195294e-02;5.454813e-03
1.059110e-02;8.384123e-03;5.632302e-01;1.485072e-01;1.049813e-01;3.913565e-02;2.908926e-02;1.914737e-02;1.595521e-02;1.391707e-02;4.009851e-02;6.962996e-03
2.560266e-02;1.632391e-02;5.776693e-01;1.064567e-01;9.113726e-02;3.373481e-02;2.536166e-02;2.092358e-02;2.866103e-02;2.311445e-02;3.553983e-02;1.547488e-02
3.692146e-02;2.473309e-02;5.727090e-01;6.604031e-02;6.665432e-02;3.408239e-02;2.716740e-02;3.097210e-02;4.668490e-02;4.373137e-02;2.999923e-02;2.030444e-02
2.983327e-02;5.656214e-02;4.887570e-01;5.243175e-02;5.295686e-02;3.691189e-02;4.476953e-02;2.917998e-02;6.337018e-02;6.383970e-02;4.417610e-02;3.721164e-02
5.848928e-02;8.287032e-02;3.721377e-01;4.187139e-02;4.041009e-02;4.185383e-02;7.258370e-02;3.894950e-02;6.739287e-02;5.679755e-02;5.113227e-02;7.551156e-02
8.618357e-02;7.321966e-02;2.459456e-01;5.067708e-02;5.004823e-02;5.325238e-02;1.073502e-01;5.916971e-02;5.438102e-02;6.736536e-02;4.579325e-02;1.066139e-01
1.337089e-01;6.748457e-02;1.755970e-01;6.917068e-02;2.890571e-02;6.171868e-02;9.915118e-02;7.511362e-02;5.307276e-02;7.717507e-02;3.504989e-02;1.238520e-01
1.169076e-01;7.817652e-02;2.023051e-01;6.613444e-02;3.501916e-02;5.272041e-02;9.446968e-02;7.688241e-02;5.544779e-02;7.570352e-02;6.113699e-02;8.509637e-02
8.458009e-02;9.571673e-02;1.255049e-01;8.209948e-02;5.771081e-02;6.080239e-02;9.102688e-02;5.613349e-02;1.021954e-01;1.320721e-01;6.570929e-02;4.644843e-02
8.617410e-02;9.568859e-02;1.224830e-01;8.845621e-02;6.349077e-02;7.194337e-02;8.998246e-02;5.764847e-02;9.912454e-02;1.027418e-01;7.393875e-02;4.832788e-02
8.258830e-02;9.247629e-02;1.260245e-01;8.427519e-02;6.424033e-02;8.090314e-02;1.048943e-01;5.492501e-02;1.158711e-01;7.114813e-02;7.223230e-02;5.042137e-02
