8.562605e-03;7.070559e-02;9.399628e-02;8.379467e-02;7.230125e-03;1.049053e-01;2.438442e-02;4.270727e-01;1.188226e-01;1.009073e-02;2.471099e-02;2.572400e-02
1.576093e-02;6.914987e-02;1.382323e-01;7.475936e-02;1.993217e-02;8.145218e-02;1.651386e-02;4.094698e-01;1.174190e-01;1.746097e-02;2.350516e-02;1.634432e-02
1.361651e-02;6.176385e-02;1.486565e-01;4.250130e-02;2.834200e-02;7.572708e-02;2.603970e-02;3.818108e-01;1.605249e-01;1.432201e-02;2.467210e-02;2.202334e-02
1.132135e-02;8.314043e-02;1.874135e-01;2.576839e-02;3.477765e-02;5.630976e-02;2.485832e-02;3.424405e-01;1.829857e-01;1.136905e-02;2.302281e-02;1.659260e-02
1.825027e-02;1.072136e-01;2.423347e-01;4.418652e-02;5.500601e-02;1.010875e-01;2.183998e-02;1.477000e-01;1.921742e-01;3.004006e-02;2.371854e-02;1.644862e-02
3.125771e-02;1.006251e-01;1.650104e-01;4.119417e-02;6.181928e-02;1.622961e-01;5.220496e-02;1.526185e-01;1.280954e-01;4.346753e-02;3.745116e-02;2.395981e-02
6.165811e-02;7.898509e-02;1.226180e-01;5.798036e-02;8.093682e-02;1.232138e-01;5.939257e-02;1.360265e-01;7.695681e-02;6.499833e-02;4.578256e-02;9.145100e-02
9.896691e-02;6.189020e-02;1.055393e-01;1.470859e-01;6.265520e-02;6.692444e-02;6.757084e-02;7.898518e-02;8.265767e-02;6.096657e-02;9.312780e-02;7.363006e-02
1.281455e-01;4.179056e-02;4.224614e-02;1.999816e-01;6.174968e-02;4.056384e-02;8.049125e-02;6.078395e-02;1.033659e-01;5.700820e-02;1.295875e-01;5.428585e-02
9.177686e-02;1.111635e-01;3.365363e-02;1.462932e-01;1.495604e-01;3.304031e-02;5.993335e-02;6.329785e-02;6.891955e-02;8.986264e-02;9.450273e-02;5.799601e-02
4.114862e-02;1.971152e-01;1.538326e-02;8.901855e-02;2.172761e-01;3.940310e-02;3.713272e-02;9.680080e-02;3.480341e-02;1.243525e-01;4.681819e-02;6.074749e-02
2.806488e-02;2.548683e-01;2.958293e-02;6.750175e-02;1.948918e-01;4.189553e-02;2.562277e-02;1.345950e-01;3.246702e-02;1.273569e-01;3.071009e-02;3.244300e-02
4.484691e-02;2.282335e-01;1.796450e-02;7.171679e-02;1.265896e-01;8.791220e-02;3.656826e-02;1.166723e-01;4.286806e-02;1.221951e-01;5.811178e-02;4.632095e-02
5.671304e-02;1.857494e-01;3.899621e-02;8.690967e-02;1.022994e-01;1.054707e-01;5.572940e-02;8.371526e-02;5.585983e-02;1.119950e-01;7.651953e-02;4.004257e-02
4.704184e-02;1.613076e-01;5.593898e-02;1.066738e-01;1.337810e-01;7.149439e-02;6.263719e-02;8.116283e-02;8.093776e-02;9.856293e-02;6.412841e-02;3.633318e-02
6.436418e-02;1.392558e-01;3.754853e-02;8.332492e-02;2.069919e-01;4.656719e-02;4.373822e-02;1.197756e-01;7.280220e-02;9.536200e-02;4.534554e-02;4.492391e-02
6.673902e-02;1.205015e-01;4.347708e-02;6.559961e-02;2.463807e-01;7.159059e-02;4.404720e-02;1.500300e-01;4.345603e-02;8.266441e-02;3.593813e-02;2.957566e-02
4.735789e-02;8.564273e-02;2.499774e-02;9.337077e-02;2.003434e-01;9.198818e-02;5.656411e-02;1.625035e-01;6.901500e-02;9.307077e-02;3.537253e-02;3.977340e-02
5.300523e-02;1.075540e-01;4.486545e-02;1.061972e-01;1.321957e-01;5.652231e-02;5.906507e-02;1.277183e-01;8.126309e-02;1.307238e-01;4.893070e-02;5.195921e-02
6.790134e-02;1.179397e-01;3.352084e-02;7.195516e-02;1.551757e-01;5.058570e-02;4.938414e-02;9.666309e-02;8.169016e-02;1.410122e-01;7.961018e-02;5.456179e-02
5.329077e-02;1.698782e-01;4.132560e-02;9.353287e-02;2.096693e-01;3.629663e-02;4.062795e-02;8.060175e-02;5.896863e-02;1.130226e-01;6.209918e-02;4.068651e-02
4.141167e-02;2.299517e-01;2.696433e-02;8.748380e-02;2.138096e-01;3.311306e-02;5.518147e-02;8.733187e-02;4.414175e-02;8.630918e-02;6.015053e-02;3.415100e-02
2.554030e-02;2.431852e-01;1.773027e-02;7.807258e-02;1.623314e-01;5.948995e-02;7.071245e-02;5.931356e-02;4.803510e-02;9.814908e-02;9.514820e-02;4.229192e-02
5.479795e-02;1.889098e-01;3.488107e-02;1.261495e-01;7.776034e-02;7.147360e-02;6.608266e-02;9.862357e-02;6.548168e-02;1.088818e-01;7.677478e-02;3.018320e-02
5.919688e-02;9.382265e-02;1.206530e-01;8.951109e-02;4.780498e-02;9.638491e-02;4.739389e-02;1.446550e-01;9.469333e-02;1.016322e-01;5.091179e-02;5.334021e-02
4.719266e-02;6.407530e-02;1.474838e-01;8.995800e-02;7.537644e-02;1.336386e-01;4.696480e-02;1.053206e-01;9.091877e-02;7.270496e-02;4.865346e-02;7.771270e-02
3.822692e-02;8.023627e-02;1.193076e-01;1.151492e-01;7.715959e-02;1.411740e-01;8.250858e-02;9.326019e-02;7.963680e-02;6.337152e-02;4.946003e-02;6.050939e-02
4.047175e-02;1.090309e-01;1.098976e-01;1.076032e-01;9.424999e-02;1.382181e-01;8.990168e-02;1.025039e-01;6.551062e-02;5.532000e-02;5.642920e-02;3.086306e-02
9.649768e-02;1.497548e-01;1.351824e-01;5.754449e-02;1.016259e-01;1.197054e-01;5.345946e-02;1.005520e-01;5.701385e-02;6.742966e-02;2.392373e-02;3.731061e-02
1.159132e-01;1.318640e-01;9.646969e-02;1.215272e-01;7.274050e-02;7.170524e-02;8.230630e-02;9.512984e-02;4.527765e-02;6.537718e-02;1.667718e-02;8.501206e-02
7.181453e-02;1.312326e-01;5.542407e-02;2.110249e-01;4.166241e-02;4.200142e-02;1.241336e-01;7.442476e-02;2.730408e-02;5.947713e-02;1.376323e-02;1.477374e-01
3.211693e-02;1.459357e-01;3.771405e-02;2.783713e-01;2.119203e-02;2.167243e-02;1.484754e-01;5.422792e-02;1.488226e-02;4.127287e-02;1.148735e-02;1.926517e-01
3.951094e-02;1.384164e-01;5.557403e-02;2.675113e-01;3.061328e-02;2.768366e-02;1.385311e-01;5.330097e-02;2.644481e-02;2.158351e-02;2.336528e-02;1.774646e-01
3.873292e-02;9.065986e-02;1.399994e-01;1.581591e-01;4.405375e-02;7.567496e-02;1.108055e-01;6.556299e-02;9.327982e-02;1.453145e-02;6.720018e-02;1.013401e-01
3.323643e-02;3.395602e-02;2.267093e-01;5.642156e-02;4.732397e-02;1.069666e-01;8.202761e-02;4.689051e-02;1.839136e-01;1.411643e-02;1.267397e-01;4.169824e-02
3.940707e-02;3.551524e-02;2.171390e-01;2.119658e-02;3.482402e-02;1.152405e-01;6.982256e-02;3.888878e-02;2.042727e-01;2.404364e-02;1.508919e-01;4.875811e-02
4.747413e-02;3.448206e-02;1.699567e-01;4.131809e-02;3.094115e-02;9.632555e-02;1.117627e-01;5.890128e-02;1.680969e-01;2.936510e-02;1.156813e-01;9.569500e-02
3.895667e-02;3.824534e-02;1.240463e-01;1.144368e-01;2.518120e-02;7.577334e-02;1.678845e-01;6.614445e-02;1.431872e-01;3.371884e-02;6.527412e-02;1.071513e-01
2.127065e-02;7.203612e-02;8.196703e-02;1.740277e-01;1.273442e-02;5.087063e-02;2.110187e-01;4.661862e-02;9.204348e-02;3.210263e-02;4.051274e-02;1.647973e-01
9.053657e-03;7.486723e-02;5.689829e-02;2.210347e-01;2.028165e-02;2.669193e-02;2.271254e-01;2.948689e-02;3.799333e-02;4.167574e-02;1.641665e-02;2.384746e-01
1.339330e-02;6.623490e-02;4.983789e-02;2.518478e-01;2.324850e-02;2.071141e-02;1.793669e-01;3.547115e-02;1.436363e-02;8.250777e-02;1.869223e-02;2.443246e-01
2.247431e-02;5.724473e-02;4.817592e-02;2.708322e-01;1.764663e-02;1.836298e-02;1.336683e-01;4.888983e-02;1.454009e-02;1.242151e-01;1.757801e-02;2.263719e-01
3.996074e-02;4.142919e-02;6.437014e-02;2.061873e-01;2.499563e-02;3.095038e-02;1.274366e-01;5.927063e-02;2.306131e-02;1.344632e-01;2.726592e-02;2.206090e-01
3.803393e-02;4.593163e-02;7.082754e-02;8.664223e-02;2.507052e-02;7.461062e-02;2.013278e-01;6.909163e-02;3.610118e-02;1.117203e-01;3.177040e-02;2.088722e-01
4.832579e-02;4.733326e-02;7.222786e-02;7.402707e-02;4.123484e-02;1.022521e-01;2.090286e-01;7.687446e-02;5.901524e-02;7.377405e-02;3.381875e-02;1.620881e-01
4.544879e-02;4.768562e-02;7.149024e-02;1.082792e-01;4.793800e-02;1.107526e-01;1.710297e-01;7.045472e-02;9.956466e-02;4.038841e-02;5.513476e-02;1.318333e-01
2.277185e-02;6.431857e-02;8.462506e-02;1.985766e-01;3.282119e-02;8.618416e-02;1.166796e-01;6.360509e-02;1.041762e-01;5.256718e-02;4.253074e-02;1.311437e-01
2.765243e-02;7.435173e-02;9.418997e-02;2.444232e-01;3.695589e-02;5.459409e-02;7.582908e-02;6.001850e-02;9.873653e-02;7.649627e-02;2.975754e-02;1.269948e-01
2.429957e-02;4.951403e-02;6.950346e-02;2.558780e-01;4.023544e-02;3.637609e-02;1.274748e-01;5.911900e-02;1.213257e-01;8.336495e-02;4.328176e-02;8.962723e-02
2.579112e-02;5.542860e-02;9.012172e-02;1.752606e-01;5.361374e-02;4.901566e-02;1.413991e-01;6.947904e-02;1.289724e-01;8.513413e-02;5.222294e-02;7.356092e-02
2.993619e-02;5.607824e-02;1.227650e-01;1.409090e-01;4.382104e-02;6.143881e-02;1.245682e-01;8.378837e-02;1.265028e-01;5.855893e-02;6.046300e-02;9.117052e-02
3.003106e-02;7.895710e-02;1.097698e-01;1.912364e-01;3.145853e-02;5.423759e-02;1.252812e-01;9.286851e-02;8.676186e-02;9.185786e-02;4.120020e-02;6.633986e-02
2.753066e-02;9.994300e-02;1.007326e-01;1.843487e-01;2.722735e-02;4.027777e-02;1.783236e-01;1.219668e-01;4.049863e-02;9.149359e-02;3.915250e-02;4.850483e-02
3.519115e-02;7.561742e-02;7.221489e-02;1.157267e-01;2.563300e-02;3.474824e-02;2.129945e-01;1.630869e-01;5.480498e-02;7.624776e-02;2.081106e-02;1.129233e-01
3.515894e-02;3.674746e-02;4.447515e-02;6.219767e-02;1.900934e-02;7.424368e-02;2.372926e-01;1.460695e-01;7.766390e-02;4.561916e-02;8.598098e-02;1.355416e-01
2.878332e-02;1.730478e-02;4.693490e-02;5.102639e-02;1.614798e-02;1.300567e-01;1.915179e-01;8.056436e-02;8.182112e-02;3.351216e-02;1.934031e-01;1.289273e-01
2.131608e-02;1.489637e-02;8.629350e-02;4.840232e-02;1.381170e-02;1.869798e-01;1.042441e-01;3.254324e-02;6.550422e-02;2.493634e-02;3.035482e-01;9.752405e-02
3.602706e-02;1.871601e-02;1.362587e-01;4.462561e-02;2.558012e-02;2.062621e-01;5.226555e-02;3.660407e-02;6.065306e-02;3.770866e-02;2.923769e-01;5.292210e-02
4.566862e-02;4.440885e-02;1.251875e-01;8.870943e-02;6.288846e-02;1.793778e-01;3.035467e-02;7.475079e-02;7.431136e-02;6.262936e-02;1.882650e-01;2.344825e-02
4.308975e-02;6.444311e-02;6.075116e-02;1.616523e-01;8.880365e-02;1.087414e-01;5.151745e-02;1.115752e-01;7.608114e-02;7.481790e-02;9.299948e-02;6.552742e-02
2.744991e-02;6.657949e-02;3.300009e-02;2.025593e-01;6.540573e-02;6.935591e-02;6.719229e-02;1.070014e-01;9.821245e-02;4.863279e-02;1.077039e-01;1.069067e-01
2.805735e-02;7.224262e-02;5.234351e-02;1.726019e-01;3.205896e-02;8.889057e-02;5.286344e-02;9.030144e-02;1.024794e-01;4.278816e-02;1.566467e-01;1.087259e-01
2.559377e-02;7.028238e-02;5.780943e-02;1.468779e-01;2.353282e-02;7.805517e-02;7.041475e-02;5.324329e-02;1.253284e-01;4.061307e-02;1.846583e-01;1.235908e-01
3.033142e-02;6.446870e-02;8.505277e-02;1.217252e-01;3.091937e-02;7.756682e-02;1.105792e-01;8.258279e-02;1.223679e-01;4.506481e-02;1.341126e-01;9.522852e-02
4.000718e-02;5.753078e-02;1.126365e-01;1.011730e-01;4.577693e-02;1.253092e-01;8.848940e-02;1.069765e-01;1.053902e-01;6.061511e-02;9.458414e-02;6.151103e-02
3.912566e-02;6.612781e-02;1.149151e-01;1.016918e-01;4.452512e-02;1.490323e-01;5.574549e-02;9.302247e-02;5.105853e-02;6.021946e-02;1.627715e-01;6.176481e-02
3.339078e-02;5.415979e-02;1.045667e-01;1.217270e-01;3.274098e-02;1.453909e-01;8.627854e-02;8.050533e-02;5.035154e-02;3.563533e-02;2.183663e-01;3.688669e-02
3.192060e-02;5.970805e-02;9.167980e-02;1.380841e-01;2.741905e-02;1.254952e-01;1.351039e-01;8.141781e-02;4.940971e-02;2.946486e-02;1.821558e-01;4.814109e-02
4.004191e-02;5.350048e-02;5.998828e-02;1.554011e-01;3.137435e-02;9.725887e-02;1.539149e-01;5.727797e-02;6.943613e-02;4.142379e-02;1.557268e-01;8.465531e-02
3.636828e-02;3.176207e-02;7.863916e-02;1.118770e-01;3.839654e-02;3.939484e-02;1.392631e-01;1.226908e-01;9.875339e-02;5.321206e-02;1.569310e-01;9.271175e-02
3.184932e-02;2.964628e-02;9.605747e-02;7.991205e-02;3.707703e-02;4.992165e-02;7.862601e-02;1.774249e-01;8.152224e-02;6.059358e-02;1.447613e-01;1.326082e-01
3.574363e-02;6.819533e-02;1.049680e-01;5.698776e-02;3.628438e-02;7.837299e-02;9.683637e-02;1.508975e-01;6.306336e-02;5.085133e-02;1.215031e-01;1.362962e-01
3.888160e-02;1.090371e-01;1.192159e-01;7.394735e-02;4.405841e-02;7.469848e-02;1.352160e-01;1.128881e-01;8.342221e-02;4.073596e-02;1.057057e-01;6.219310e-02
2.597607e-02;8.150782e-02;1.023893e-01;1.301617e-01;3.037130e-02;9.134895e-02;1.644922e-01;1.148029e-01;5.737817e-02;4.670065e-02;1.003612e-01;5.450985e-02
4.959298e-02;9.097210e-02;9.896687e-02;7.433444e-02;3.410505e-02;1.100804e-01;1.609172e-01;1.288770e-01;6.428982e-02;4.594280e-02;7.251860e-02;6.940278e-02
9.066085e-02;1.084375e-01;9.229983e-02;9.023336e-02;5.299689e-02;8.617285e-02;1.623477e-01;1.600472e-01;4.752660e-02;2.134962e-02;3.356720e-02;5.436035e-02
1.200490e-01;9.147084e-02;5.418520e-02;9.218056e-02;5.796741e-02;4.616465e-02;1.774444e-01;2.352053e-01;3.259896e-02;1.057967e-02;2.435597e-02;5.779810e-02
8.622175e-02;4.566329e-02;2.758541e-02;1.052558e-01;3.573327e-02;3.626309e-02;2.225269e-01;2.388716e-01;2.452246e-02;1.224233e-02;2.768478e-02;1.374293e-01
2.249099e-02;2.203497e-02;3.686608e-02;1.489418e-01;1.180404e-02;4.335291e-02;3.143537e-01;1.501196e-01;2.135979e-02;1.244337e-02;3.746646e-02;1.787663e-01
8.486230e-03;1.376966e-02;5.753923e-02;1.314031e-01;9.240300e-03;8.881836e-02;3.470428e-01;7.657527e-02;1.791665e-02;1.235499e-02;6.574026e-02;1.711132e-01
1.303097e-02;1.914437e-02;1.270124e-01;7.411043e-02;9.859553e-03;1.408463e-01;2.964020e-01;3.972583e-02;2.451208e-02;9.787135e-03;1.146285e-01;1.309405e-01
1.577149e-02;1.349695e-02;1.865131e-01;2.791120e-02;1.092179e-02;1.936676e-01;2.388897e-01;2.752074e-02;2.831176e-02;1.014478e-02;1.663200e-01;8.053077e-02
1.003643e-02;1.389864e-02;2.067669e-01;1.574004e-02;1.176286e-02;2.222688e-01;2.034149e-01;1.779272e-02;3.009376e-02;6.398895e-03;1.984931e-01;6.333292e-02
6.665395e-03;7.165029e-03;2.138173e-01;1.771811e-02;9.387493e-03;2.404322e-01;1.747189e-01;2.144459e-02;3.204798e-02;8.104674e-03;2.213108e-01;4.718747e-02
7.417738e-03;7.098932e-03;2.017499e-01;3.147674e-02;1.040230e-02;2.319167e-01;1.723046e-01;3.110601e-02;3.560955e-02;9.989200e-03;2.295840e-01;3.134448e-02
1.249306e-02;9.456043e-03;1.655867e-01;8.532825e-02;6.092329e-03;1.956816e-01;1.920974e-01;2.624685e-02;3.533631e-02;7.781456e-03;1.984219e-01;6.547816e-02
1.185646e-02;6.793932e-03;1.008787e-01;1.668086e-01;1.069272e-02;1.556036e-01;2.543050e-01;2.517004e-02;3.139491e-02;1.312806e-02;1.280670e-01;9.530085e-02
9.414061e-03;9.935779e-03;6.051672e-02;1.680342e-01;1.272858e-02;1.081132e-01;3.449332e-01;3.891787e-02;1.803140e-02;1.238668e-02;7.317457e-02;1.438136e-01
1.014330e-02;1.267562e-02;6.378838e-02;1.109783e-01;1.030652e-02;8.124424e-02;4.055451e-01;3.923682e-02;1.128181e-02;1.368843e-02;5.004217e-02;1.910693e-01
1.199844e-02;1.734859e-02;6.198272e-02;7.939722e-02;6.648161e-03;5.972208e-02;3.845074e-01;5.706394e-02;1.161734e-02;4.879083e-02;4.955013e-02;2.113732e-01
1.939802e-02;2.766581e-02;5.803776e-02;9.298234e-02;6.724462e-03;4.652059e-02;3.263827e-01;3.658218e-02;1.333923e-02;1.059519e-01;5.445737e-02;2.119576e-01
1.500031e-02;3.755010e-02;5.514334e-02;1.122806e-01;1.148918e-02;2.524401e-02;3.047476e-01;3.256467e-02;1.717403e-02;1.333457e-01;7.150631e-02;1.839542e-01
2.314905e-02;5.530937e-02;7.138383e-02;9.330288e-02;2.519586e-02;8.527698e-02;2.977515e-01;3.562688e-02;1.875581e-02;1.019673e-01;7.012210e-02;1.221585e-01
4.759359e-02;6.613827e-02;9.776959e-02;4.439092e-02;3.738286e-02;1.603560e-01;2.764070e-01;5.917814e-02;2.773193e-02;7.118712e-02;7.400794e-02;3.785665e-02
4.579772e-02;5.634025e-02;9.062773e-02;3.734734e-02;2.801408e-02;1.470147e-01;2.447845e-01;6.491327e-02;3.966856e-02;5.823322e-02;9.963697e-02;8.762170e-02
2.285174e-02;6.604840e-02;9.029232e-02;4.470918e-02;1.772793e-02;9.965890e-02;2.117414e-01;7.422465e-02;4.907240e-02;6.145632e-02;1.275102e-01;1.347065e-01
1.634111e-02;6.285721e-02;9.350504e-02;7.120376e-02;2.526782e-02;9.093303e-02;1.921861e-01;8.816939e-02;5.655812e-02;8.416761e-02;1.112778e-01;1.075330e-01
1.435841e-02;3.855659e-02;9.488241e-02;6.376467e-02;2.233220e-02;8.918201e-02;2.246247e-01;1.046843e-01;6.189653e-02;8.763669e-02;9.275729e-02;1.053243e-01
8.225578e-03;2.861224e-02;9.715720e-02;9.915418e-02;2.575587e-02;9.198461e-02;2.709815e-01;9.163078e-02;4.731037e-02;8.723446e-02;5.587184e-02;9.608136e-02
1.176354e-02;2.830035e-02;1.126542e-01;1.144261e-01;2.518838e-02;9.704631e-02;3.079606e-01;5.997154e-02;5.205377e-02;8.619087e-02;2.945374e-02;7.499062e-02
2.343970e-02;5.135339e-02;1.515403e-01;7.700521e-02;2.000866e-02;1.399069e-01;2.751777e-01;6.882420e-02;6.404672e-02;4.985065e-02;3.992477e-02;3.892176e-02
2.402445e-02;4.974743e-02;1.460616e-01;9.016731e-02;7.620289e-03;1.725626e-01;2.261768e-01;6.108276e-02;4.239192e-02;6.212733e-02;5.372382e-02;6.431370e-02
2.082406e-02;3.358013e-02;1.353897e-01;7.203829e-02;1.587072e-02;1.768729e-01;2.141395e-01;7.762273e-02;3.843000e-02;7.833287e-02;6.247824e-02;7.442082e-02
2.686759e-02;3.150095e-02;1.443307e-01;8.921017e-02;2.243556e-02;1.322391e-01;1.609998e-01;7.114001e-02;4.364816e-02;5.569939e-02;1.023706e-01;1.195580e-01
1.801748e-02;3.900615e-02;1.601705e-01;6.973248e-02;3.036698e-02;8.698492e-02;1.688172e-01;6.551272e-02;3.548095e-02;2.739170e-02;1.423751e-01;1.561438e-01
9.805332e-03;2.548281e-02;1.473647e-01;9.033369e-02;2.688758e-02;7.955449e-02;2.208554e-01;7.410686e-02;3.024539e-02;3.135762e-02;1.410599e-01;1.229462e-01
1.193128e-02;2.358936e-02;1.394413e-01;9.758742e-02;2.767365e-02;7.695789e-02;2.913187e-01;7.360908e-02;2.932419e-02;4.261709e-02;1.109495e-01;7.500047e-02
1.395131e-02;2.729747e-02;1.064257e-01;9.727207e-02;2.737892e-02;1.053992e-01;3.138064e-01;4.937178e-02;3.495877e-02;3.727489e-02;8.029921e-02;1.065644e-01
2.821296e-02;7.006835e-02;1.231404e-01;8.248917e-02;2.152441e-02;1.192806e-01;2.898768e-01;4.872992e-02;4.129354e-02;3.258063e-02;3.881629e-02;1.039869e-01
4.083509e-02;1.151601e-01;1.284599e-01;7.369262e-02;1.782025e-02;1.025720e-01;2.729325e-01;5.558144e-02;5.506726e-02;4.753311e-02;1.335208e-02;7.699361e-02
5.097852e-02;1.219311e-01;9.121837e-02;9.730399e-02;1.642880e-02;8.629365e-02;2.541750e-01;6.355431e-02;7.380899e-02;4.373274e-02;2.351549e-02;7.705905e-02
4.754309e-02;1.112518e-01;1.118435e-01;1.189449e-01;2.135404e-02;8.800077e-02;2.289053e-01;5.721256e-02;6.807796e-02;3.926559e-02;3.332143e-02;7.427903e-02
2.651956e-02;8.122942e-02;1.158825e-01;1.311776e-01;2.035831e-02;6.725404e-02;2.356908e-01;8.059089e-02;6.828392e-02;4.720063e-02;5.606397e-02;6.974836e-02
1.772895e-02;6.398859e-02;1.114723e-01;1.359129e-01;1.056627e-02;9.355954e-02;1.892380e-01;8.737674e-02;6.943349e-02;4.196021e-02;9.183478e-02;8.692823e-02
2.060475e-02;5.004429e-02;1.002324e-01;1.492281e-01;1.032802e-02;7.252643e-02;1.353378e-01;8.384532e-02;5.594087e-02;3.693524e-02;1.438488e-01;1.411280e-01
3.337941e-02;2.736838e-02;1.031321e-01;1.627821e-01;1.547743e-02;4.163972e-02;9.247949e-02;7.795602e-02;5.121567e-02;4.417074e-02;1.777102e-01;1.726888e-01
3.757356e-02;4.694312e-02;1.075402e-01;1.253452e-01;1.340255e-02;3.706202e-02;1.326703e-01;9.928267e-02;6.379920e-02;4.211089e-02;1.684659e-01;1.258044e-01
3.317276e-02;4.182281e-02;1.192680e-01;1.033014e-01;1.300832e-02;7.551137e-02;2.143915e-01;1.214625e-01;6.863055e-02;4.833005e-02;1.297208e-01;3.137995e-02
2.571721e-02;6.519601e-02;1.230252e-01;9.303191e-02;1.620576e-02;1.010198e-01;2.119602e-01;1.148474e-01;6.646181e-02;5.253099e-02;1.004192e-01;2.958448e-02
2.462930e-02;7.422204e-02;1.194509e-01;7.009263e-02;1.732903e-02;1.006618e-01;1.498613e-01;1.212722e-01;7.135011e-02;3.844390e-02;1.051000e-01;1.075868e-01
1.954025e-02;4.426542e-02;1.072140e-01;4.492938e-02;2.831275e-02;1.305841e-01;2.162665e-01;8.249020e-02;4.621731e-02;4.562116e-02;7.812895e-02;1.564300e-01
3.072813e-02;8.855332e-02;1.153258e-01;8.168526e-02;4.997450e-02;1.066748e-01;1.447689e-01;5.815516e-02;8.595580e-02;6.029805e-02;4.668647e-02;1.311938e-01
4.480415e-02;1.019075e-01;1.115752e-01;7.339820e-02;6.857003e-02;7.819093e-02;8.823622e-02;8.775821e-02;1.201722e-01;6.233929e-02;7.202696e-02;9.102114e-02
4.104656e-02;1.388860e-01;9.550913e-02;5.835552e-02;5.890328e-02;1.192636e-01;1.232682e-01;1.015017e-01;1.066758e-01;4.629914e-02;6.144391e-02;4.884710e-02
5.256217e-02;2.362595e-01;2.326827e-01;6.070124e-02;3.334580e-02;1.324681e-01;6.602262e-02;6.972572e-02;4.886237e-02;3.151716e-02;2.538878e-02;1.046375e-02
7.668632e-02;2.634207e-01;2.242436e-01;5.330663e-02;3.228851e-02;1.180668e-01;3.705397e-02;7.524689e-02;4.699179e-02;2.811091e-02;2.009220e-02;2.449172e-02
7.992778e-02;2.041814e-01;1.323702e-01;5.445327e-02;2.486869e-02;1.308431e-01;8.441342e-02;1.175254e-01;7.639913e-02;5.268472e-02;2.099839e-02;2.133441e-02
4.885915e-02;9.095998e-02;6.150645e-02;7.038347e-02;3.162613e-02;1.251134e-01;2.260368e-01;1.401883e-01;6.496146e-02;8.737849e-02;1.137551e-02;4.161076e-02
2.088446e-02;3.666282e-02;3.507211e-02;7.665624e-02;6.592717e-02;8.881950e-02;3.518814e-01;1.582307e-01;3.651650e-02;6.548310e-02;1.266205e-02;5.120395e-02
1.171212e-02;2.471021e-02;3.480591e-02;3.855491e-02;1.239975e-01;6.684419e-02;3.792040e-01;1.639320e-01;4.956635e-02;2.776693e-02;2.916605e-02;4.973999e-02
1.129032e-02;1.624382e-02;5.577292e-02;2.184578e-02;1.555054e-01;9.837997e-02;2.920470e-01;1.213123e-01;8.873295e-02;1.615241e-02;6.269453e-02;6.002264e-02
1.376685e-02;1.782914e-02;8.368149e-02;1.268050e-02;1.728376e-01;1.318217e-01;2.051910e-01;7.632598e-02;1.154105e-01;1.733716e-02;9.288449e-02;6.023370e-02
1.032466e-02;3.574135e-02;7.264033e-02;2.999819e-02;1.641708e-01;1.327419e-01;1.952502e-01;8.535221e-02;8.398584e-02;2.788995e-02;8.124550e-02;8.065898e-02
8.080948e-03;5.037357e-02;5.116140e-02;8.069859e-02;1.067668e-01;1.232134e-01;2.766692e-01;7.170799e-02;3.784844e-02;2.911955e-02;5.577705e-02;1.085831e-01
1.664335e-02;6.664436e-02;4.410928e-02;1.161432e-01;4.991298e-02;1.595602e-01;2.928201e-01;6.073138e-02;2.495776e-02;2.926543e-02;3.850984e-02;1.007021e-01
2.517328e-02;5.766847e-02;4.924913e-02;1.211560e-01;4.554910e-02;2.067753e-01;2.392486e-01;7.955629e-02;4.104290e-02;3.182833e-02;2.656619e-02;7.618633e-02
5.219201e-02;1.121263e-01;9.525195e-02;1.016362e-01;6.332626e-02;1.836253e-01;1.317938e-01;7.696903e-02;6.069957e-02;3.649144e-02;4.916431e-02;3.672394e-02
6.346740e-02;1.563106e-01;1.225390e-01;4.596150e-02;6.106061e-02;1.206243e-01;1.878146e-01;7.457905e-02;3.758676e-02;3.783434e-02;4.056311e-02;5.165867e-02
7.461005e-02;1.268157e-01;1.221912e-01;3.941040e-02;5.248314e-02;1.056921e-01;2.044713e-01;8.558437e-02;3.631069e-02;3.820559e-02;5.241156e-02;6.181393e-02
7.875891e-02;8.073811e-02;1.058619e-01;5.153585e-02;5.853581e-02;1.188084e-01;1.966219e-01;6.305379e-02;4.345175e-02;3.567078e-02;8.308558e-02;8.387709e-02
6.144131e-02;6.401540e-02;7.646053e-02;4.417412e-02;1.055349e-01;1.567862e-01;1.612141e-01;6.994439e-02;4.317910e-02;3.620019e-02;1.012163e-01;7.983349e-02
3.528034e-02;8.425289e-02;8.865834e-02;3.658241e-02;1.212501e-01;1.617053e-01;1.859353e-01;7.638950e-02;4.108095e-02;3.432474e-02;8.472678e-02;4.981333e-02
2.661146e-02;1.151236e-01;1.066676e-01;4.483218e-02;1.022167e-01;1.248602e-01;2.341571e-01;9.173221e-02;3.985660e-02;3.295873e-02;4.682106e-02;3.416255e-02
4.783791e-02;1.133875e-01;1.023827e-01;6.653266e-02;9.927552e-02;1.326343e-01;1.739666e-01;7.581940e-02;3.700249e-02;3.041342e-02;4.722200e-02;7.352544e-02
9.999557e-02;5.746859e-02;9.974565e-02;7.681692e-02;1.033641e-01;1.378514e-01;4.307480e-02;6.883486e-02;4.495579e-02;3.781222e-02;1.038291e-01;1.262511e-01
1.215827e-01;5.707680e-02;8.582468e-02;6.334021e-02;1.011971e-01;1.291191e-01;4.563215e-02;6.980701e-02;4.734395e-02;4.645495e-02;1.207177e-01;1.119037e-01
1.155541e-01;8.745190e-02;9.031152e-02;5.826842e-02;8.933916e-02;1.519963e-01;5.050025e-02;9.781784e-02;4.681453e-02;5.533086e-02;1.008141e-01;5.580105e-02
9.621586e-02;1.854403e-01;1.193341e-01;4.163791e-02;5.877945e-02;9.972952e-02;1.183035e-01;1.204753e-01;5.622497e-02;3.674762e-02;4.289543e-02;2.421611e-02
1.064566e-01;2.571175e-01;1.301532e-01;2.318078e-02;3.730044e-02;4.584938e-02;1.386471e-01;1.321365e-01;7.064378e-02;2.027592e-02;1.207566e-02;2.616321e-02
9.549870e-02;2.237498e-01;1.165899e-01;2.669479e-02;5.453298e-02;5.932241e-02;9.513360e-02;1.931983e-01;6.614149e-02;2.570128e-02;1.474909e-02;2.868766e-02
1.249578e-01;1.584411e-01;9.765071e-02;3.492700e-02;8.429722e-02;3.810921e-02;7.695661e-02;2.613750e-01;5.076455e-02;2.936826e-02;1.951799e-02;2.363464e-02
1.377369e-01;6.852617e-02;6.121547e-02;4.527189e-02;7.537173e-02;5.711197e-02;2.044719e-01;2.532866e-01;2.830615e-02;2.134864e-02;1.923637e-02;2.811624e-02
1.102733e-01;5.866309e-02;6.434202e-02;4.989560e-02;5.688195e-02;1.183645e-01;2.157355e-01;2.258183e-01;3.835972e-02;1.854363e-02;2.164070e-02;2.148164e-02
8.097811e-02;1.216506e-01;1.301105e-01;5.407948e-02;2.926640e-02;9.967225e-02;1.781671e-01;1.457317e-01;4.281962e-02;2.280661e-02;1.939630e-02;7.532138e-02
6.089395e-02;1.375192e-01;1.314563e-01;8.068126e-02;3.008556e-02;7.313344e-02;2.123255e-01;9.133982e-02;3.243599e-02;2.886841e-02;2.902349e-02;9.223714e-02
4.956886e-02;8.913831e-02;1.067764e-01;1.087816e-01;3.842505e-02;6.045599e-02;2.241882e-01;1.150692e-01;3.096052e-02;3.163598e-02;2.839711e-02;1.166027e-01
3.985042e-02;9.311926e-02;9.933362e-02;1.148582e-01;3.336648e-02;5.727512e-02;2.683714e-01;6.478116e-02;3.606399e-02;3.786144e-02;3.107275e-02;1.240462e-01
6.217898e-02;1.036424e-01;1.208492e-01;7.147820e-02;4.138733e-02;7.163209e-02;2.217464e-01;7.781427e-02;4.751561e-02;3.951337e-02;3.982313e-02;1.024190e-01
7.550939e-02;7.282455e-02;1.270243e-01;4.734480e-02;5.955677e-02;1.068024e-01;1.626173e-01;9.561334e-02;7.615796e-02;4.665990e-02;4.771134e-02;8.217798e-02
5.823237e-02;1.054429e-01;1.515723e-01;3.341222e-02;6.253831e-02;1.062836e-01;1.068714e-01;1.236305e-01;9.736416e-02;3.289541e-02;7.269223e-02;4.906464e-02
4.698694e-02;1.253940e-01;1.374751e-01;3.735262e-02;5.604137e-02;8.405861e-02;1.084825e-01;1.637868e-01;1.133145e-01;2.514717e-02;7.115377e-02;3.080663e-02
4.915714e-02;1.320444e-01;1.264880e-01;4.278536e-02;5.591308e-02;6.330644e-02;1.227716e-01;1.694908e-01;1.187462e-01;3.436021e-02;5.663222e-02;2.830449e-02
5.619168e-02;1.423682e-01;1.306175e-01;4.509865e-02;5.845250e-02;7.073686e-02;9.143801e-02;1.745026e-01;1.042024e-01;3.395279e-02;4.856579e-02;4.387313e-02
3.029142e-02;1.556504e-01;1.413794e-01;3.380448e-02;6.189597e-02;7.165147e-02;6.773224e-02;1.908871e-01;9.823363e-02;3.970684e-02;6.287834e-02;4.588870e-02
3.226413e-02;1.675967e-01;1.384279e-01;6.704716e-02;5.254536e-02;6.725856e-02;7.123775e-02;1.526313e-01;8.525723e-02;2.818522e-02;8.230079e-02;5.524801e-02
4.222123e-02;1.728787e-01;1.845699e-01;8.259150e-02;3.897195e-02;5.365426e-02;4.369439e-02;1.257159e-01;6.041997e-02;2.102214e-02;8.398696e-02;9.027304e-02
5.008709e-02;1.668381e-01;1.951956e-01;5.016914e-02;4.078618e-02;6.385910e-02;5.031732e-02;1.656671e-01;7.033902e-02;2.202169e-02;4.811504e-02;7.660460e-02
4.647362e-02;1.538966e-01;2.049823e-01;4.071909e-02;4.045130e-02;6.209625e-02;6.761580e-02;1.909597e-01;7.699950e-02;2.080983e-02;4.535520e-02;4.964083e-02
3.907228e-02;8.630107e-02;2.095772e-01;4.116539e-02;3.430010e-02;7.223426e-02;8.650610e-02;2.058485e-01;6.248549e-02;2.134010e-02;5.432306e-02;8.684640e-02
5.196614e-02;1.623279e-01;2.014836e-01;2.537467e-02;3.265818e-02;6.213304e-02;8.991216e-02;2.403348e-01;4.487902e-02;1.595304e-02;1.371625e-02;5.926125e-02
4.589152e-02;1.742451e-01;1.578359e-01;5.016144e-02;4.076674e-02;4.624585e-02;1.362009e-01;1.898823e-01;4.579952e-02;3.470699e-02;2.346701e-02;5.479682e-02
5.188581e-02;1.541907e-01;1.251687e-01;7.676011e-02;4.703348e-02;6.486636e-02;1.234037e-01;1.797862e-01;4.469959e-02;3.884240e-02;2.644201e-02;6.692085e-02
4.024839e-02;1.418248e-01;1.522422e-01;7.571035e-02;4.418653e-02;7.858603e-02;8.678681e-02;1.902189e-01;6.005966e-02;3.034201e-02;4.412230e-02;5.567198e-02
3.887130e-02;2.135417e-01;1.888812e-01;4.361111e-02;2.905944e-02;8.484411e-02;1.060842e-01;1.524896e-01;5.293079e-02;8.469291e-03;4.341829e-02;3.779894e-02
3.852473e-02;1.477728e-01;1.624906e-01;6.342971e-02;4.979074e-02;6.617197e-02;1.157058e-01;1.754625e-01;4.889270e-02;2.348384e-02;5.297065e-02;5.530388e-02
3.672598e-02;6.363083e-02;1.011895e-01;6.891171e-02;7.252180e-02;1.728241e-01;9.814795e-02;1.792912e-01;7.340389e-02;3.723649e-02;5.818202e-02;3.793441e-02
5.261825e-02;5.851511e-02;7.427251e-02;4.430772e-02;6.662036e-02;1.556199e-01;1.303432e-01;1.502549e-01;1.029897e-01;7.622968e-02;5.436303e-02;3.386565e-02
6.382423e-02;5.555484e-02;6.556201e-02;6.842473e-02;6.873958e-02;1.191066e-01;1.057293e-01;1.021888e-01;1.590491e-01;1.071879e-01;4.676228e-02;3.787076e-02
4.742416e-02;4.194808e-02;8.569588e-02;7.661957e-02;4.874307e-02;8.051213e-02;6.089747e-02;1.986588e-01;1.786115e-01;8.303837e-02;2.801880e-02;6.983209e-02
1.387035e-02;3.075467e-02;1.148244e-01;3.525877e-02;3.045350e-02;6.734811e-02;4.963123e-02;3.738359e-01;1.180432e-01;3.921592e-02;3.194028e-02;9.482360e-02
1.573610e-02;4.241202e-02;1.278534e-01;1.797709e-02;4.433335e-02;4.305101e-02;9.975536e-02;4.136989e-01;6.631954e-02;2.184922e-02;3.318596e-02;7.382803e-02
1.455654e-02;6.500248e-02;1.160218e-01;1.422868e-02;8.857583e-02;2.345733e-02;1.608854e-01;3.525275e-01;4.327111e-02;1.234125e-02;6.200393e-02;4.712810e-02
1.102243e-02;7.310811e-02;1.051371e-01;1.545859e-02;1.330527e-01;3.380119e-02;1.998317e-01;2.572729e-01;3.292045e-02;1.451641e-02;9.326392e-02;3.061457e-02
1.071227e-02;9.434097e-02;7.283011e-02;3.000483e-02;1.452708e-01;4.687228e-02;2.619141e-01;1.692456e-01;2.402337e-02;1.202337e-02;1.122343e-01;2.052785e-02
1.594026e-02;1.344400e-01;5.692425e-02;3.943127e-02;1.084124e-01;5.642290e-02;2.875299e-01;1.520320e-01;2.200886e-02;9.588300e-03;1.004317e-01;1.683818e-02
1.135827e-02;1.861116e-01;6.420337e-02;3.941021e-02;6.371471e-02;9.111369e-02;2.909375e-01;1.030143e-01;2.193565e-02;1.512176e-02;9.929738e-02;1.378155e-02
3.053500e-02;1.954848e-01;5.826208e-02;2.819806e-02;4.501558e-02;1.007822e-01;2.451038e-01;1.262188e-01;2.470638e-02;3.555702e-02;9.421042e-02;1.592588e-02
4.423722e-02;1.567401e-01;6.191223e-02;1.949964e-02;4.975374e-02;1.396705e-01;1.930008e-01;1.448831e-01;4.129604e-02;6.607722e-02;7.193519e-02;1.099418e-02
3.462176e-02;1.337333e-01;7.681528e-02;1.834869e-02;4.768087e-02;1.985943e-01;1.747584e-01;1.601018e-01;5.826630e-02;5.507975e-02;2.922510e-02;1.277447e-02
2.174712e-02;1.734506e-01;9.195680e-02;1.744200e-02;3.513983e-02;1.992449e-01;1.577291e-01;1.957688e-01;5.355297e-02;2.603820e-02;1.472700e-02;1.320274e-02
2.676090e-02;1.710873e-01;7.066155e-02;1.809912e-02;3.480192e-02;1.569687e-01;1.136142e-01;2.954930e-01;5.832870e-02;1.020453e-02;3.353395e-02;1.044608e-02
3.117937e-02;1.580724e-01;6.531143e-02;1.176451e-02;4.472364e-02;1.348102e-01;7.031451e-02;3.365680e-01;7.253982e-02;1.265752e-02;5.009446e-02;1.196410e-02
2.517300e-02;1.259610e-01;8.102532e-02;8.335751e-03;5.541626e-02;1.540870e-01;7.493951e-02;3.119215e-01;5.955222e-02;1.077204e-02;5.711325e-02;3.570314e-02
2.235484e-02;1.058128e-01;8.005769e-02;9.821653e-03;5.711525e-02;1.563876e-01;1.085306e-01;2.937341e-01;5.940010e-02;1.766059e-02;5.379350e-02;3.533130e-02
1.836838e-02;1.207450e-01;7.620035e-02;2.133976e-02;5.194873e-02;1.094189e-01;1.165403e-01;3.226917e-01;6.551913e-02;2.366261e-02;5.717381e-02;1.639136e-02
1.447467e-02;1.123530e-01;7.268661e-02;2.638318e-02;4.851389e-02;1.239294e-01;1.127481e-01;3.355195e-01;7.493957e-02;2.271789e-02;4.984017e-02;5.894030e-03
1.176144e-02;7.306335e-02;5.495868e-02;2.632469e-02;4.842364e-02;1.494713e-01;1.240546e-01;3.605624e-01;8.535046e-02;1.433941e-02;3.424152e-02;1.744849e-02
1.866153e-02;9.109808e-02;6.292737e-02;1.776844e-02;3.690892e-02;1.154649e-01;1.401210e-01;3.461362e-01;8.325684e-02;1.248872e-02;4.122940e-02;3.393858e-02
2.266102e-02;1.154939e-01;6.491009e-02;1.775936e-02;3.385543e-02;1.439535e-01;1.222439e-01;3.138474e-01;7.850345e-02;1.546497e-02;3.691880e-02;3.438808e-02
1.927600e-02;8.822631e-02;7.044606e-02;3.450882e-02;5.807310e-02;1.684651e-01;7.877807e-02;3.033096e-01;1.012131e-01;2.053547e-02;2.827273e-02;2.889555e-02
1.505270e-02;4.510479e-02;6.558398e-02;3.507058e-02;6.289988e-02;1.266284e-01;5.065871e-02;4.133397e-01;1.062040e-01;1.953987e-02;3.520296e-02;2.471448e-02
2.381391e-02;7.316370e-02;7.771348e-02;3.001811e-02;3.347118e-02;1.300208e-01;5.131466e-02;4.071339e-01;9.623148e-02;2.413063e-02;3.781072e-02;1.517744e-02
