2.866291e-02;4.010195e-02;6.696530e-02;3.772583e-02;3.582288e-02;1.479690e-01;5.005728e-02;1.136414e-01;1.710797e-01;2.547709e-01;2.826368e-02;2.493920e-02
8.131102e-03;3.140667e-02;4.916435e-02;6.145439e-02;6.020334e-02;1.206842e-01;6.300063e-02;1.287887e-01;2.141953e-01;2.151141e-01;3.008668e-02;1.777053e-02
2.047881e-02;2.805053e-02;4.854250e-02;1.135075e-01;8.049502e-02;8.441907e-02;1.121697e-01;1.404009e-01;1.822420e-01;1.112813e-01;4.231067e-02;3.610197e-02
4.068025e-02;4.356349e-02;8.074181e-02;1.230534e-01;6.494359e-02;7.753814e-02;1.257608e-01;1.247749e-01;1.743878e-01;8.010864e-02;3.382300e-02;3.062411e-02
5.226097e-02;6.059901e-02;1.170639e-01;8.547838e-02;7.553767e-02;7.778323e-02;1.313853e-01;1.118674e-01;1.520624e-01;7.501904e-02;2.354748e-02;3.739520e-02
4.152061e-02;7.966044e-02;1.381430e-01;9.015192e-02;5.171053e-02;1.117737e-01;1.270473e-01;1.001563e-01;9.826506e-02;7.204429e-02;1.239514e-02;7.713175e-02
3.744507e-02;9.497258e-02;9.429814e-02;8.749231e-02;6.378894e-02;1.455339e-01;1.232735e-01;1.416951e-01;5.491085e-02;5.388439e-02;5.382114e-02;4.888405e-02
2.131577e-02;8.319529e-02;7.494940e-02;6.383209e-02;9.365426e-02;1.667045e-01;1.302776e-01;1.286253e-01;6.917420e-02;7.167243e-02;6.148480e-02;3.511442e-02
4.071719e-02;6.355295e-02;5.868093e-02;6.247789e-02;1.141317e-01;1.567099e-01;1.342634e-01;9.168206e-02;1.065270e-01;8.616807e-02;4.894006e-02;3.614870e-02
5.065807e-02;3.646152e-02;3.188722e-02;9.006479e-02;1.237141e-01;1.251314e-01;1.538306e-01;6.539384e-02;1.591107e-01;1.095087e-01;3.255565e-02;2.168339e-02
4.689717e-02;1.907350e-02;1.382806e-02;1.172551e-01;9.705038e-02;6.269079e-02;1.931642e-01;6.592250e-02;2.281255e-01;1.302423e-01;1.868619e-02;7.064401e-03
3.827675e-02;1.336084e-02;1.467467e-02;1.393393e-01;6.870215e-02;3.479218e-02;1.682974e-01;6.528415e-02;3.015110e-01;1.283560e-01;2.392208e-02;3.483459e-03
2.783475e-02;2.105276e-02;3.599490e-02;1.322300e-01;6.147528e-02;8.115704e-02;1.104463e-01;1.309003e-01;2.856539e-01;7.734244e-02;3.227021e-02;3.642085e-03
1.976122e-02;4.241472e-02;8.340689e-02;8.495830e-02;6.132827e-02;1.441833e-01;1.131857e-01;2.166903e-01;1.707929e-01;3.606900e-02;2.157683e-02;5.632517e-03
2.254318e-02;6.626762e-02;1.190701e-01;5.790609e-02;5.545722e-02;1.578230e-01;1.396087e-01;2.274638e-01;9.669236e-02;3.463100e-02;1.025898e-02;1.227805e-02
3.345367e-02;9.464733e-02;1.427644e-01;5.094874e-02;6.164860e-02;1.375766e-01;1.427358e-01;1.988371e-01;7.074732e-02;3.753211e-02;1.465584e-02;1.445250e-02
3.687501e-02;1.144133e-01;1.118325e-01;9.302944e-02;9.506732e-02;6.758820e-02;1.216666e-01;1.791228e-01;8.506804e-02;3.412742e-02;3.098066e-02;3.022864e-02
1.411986e-02;1.145700e-01;6.569592e-02;1.185872e-01;1.659918e-01;6.682456e-02;7.600275e-02;1.360252e-01;1.119008e-01;6.549750e-02;5.308944e-02;1.169491e-02
1.495831e-02;9.982056e-02;7.810199e-02;9.460722e-02;1.878113e-01;6.674667e-02;9.995948e-02;1.231187e-01;8.618519e-02;6.116186e-02;6.824642e-02;1.928234e-02
1.065216e-02;6.770238e-02;1.687279e-01;1.111339e-01;1.370789e-01;8.471664e-02;7.750405e-02;1.358928e-01;7.321434e-02;4.454885e-02;3.913939e-02;4.968871e-02
2.136142e-02;4.407276e-02;1.786286e-01;1.966297e-01;1.070351e-01;8.942842e-02;4.679077e-02;1.292057e-01;8.593249e-02;2.845656e-02;1.450033e-02;5.795817e-02
2.538798e-02;2.286796e-02;1.202599e-01;3.009840e-01;1.201494e-01;6.572741e-02;5.785143e-02;1.019611e-01;1.014905e-01;1.884122e-02;1.138062e-02;5.309862e-02
3.422987e-02;1.314647e-02;8.849186e-02;3.166283e-01;1.102529e-01;6.876590e-02;8.943188e-02;1.015101e-01;1.042027e-01;1.722496e-02;8.858513e-03;4.725659e-02
5.576690e-02;2.740590e-02;1.273607e-01;2.406746e-01;5.985592e-02;5.811565e-02;1.179238e-01;1.126154e-01;1.234389e-01;2.159401e-02;1.268913e-02;4.255912e-02
6.422791e-02;5.405022e-02;1.435127e-01;1.617005e-01;4.510698e-02;6.382289e-02;1.201952e-01;1.140623e-01;1.355809e-01;3.850376e-02;2.020714e-02;3.902943e-02
5.920929e-02;7.014539e-02;1.147798e-01;1.220430e-01;4.544600e-02;1.020225e-01;1.382957e-01;1.173011e-01;1.234008e-01;5.518842e-02;1.636195e-02;3.580605e-02
4.318984e-02;6.344333e-02;6.938679e-02;1.016232e-01;3.803090e-02;1.243716e-01;1.650929e-01;1.388470e-01;1.358176e-01;5.883439e-02;1.996816e-02;4.139427e-02
1.483715e-02;3.390954e-02;1.090853e-01;1.451250e-01;7.979914e-02;6.062691e-02;1.252618e-01;1.426674e-01;1.739195e-01;3.067008e-02;3.802344e-02;4.607474e-02
3.503001e-02;2.144326e-02;9.206598e-02;1.861870e-01;8.651000e-02;7.948853e-02;9.519517e-02;1.189472e-01;1.860590e-01;6.471772e-02;2.000235e-02;1.435382e-02
2.475742e-02;3.890673e-02;9.063768e-02;1.135489e-01;9.661830e-02;8.912130e-02;7.412130e-02;2.071013e-01;1.286991e-01;7.415978e-02;3.061085e-02;3.171725e-02
4.013258e-02;2.809811e-02;5.905792e-02;1.402616e-01;1.224506e-01;6.436327e-02;9.228729e-02;1.516233e-01;2.027124e-01;5.218313e-02;2.284523e-02;2.398452e-02
5.478588e-02;1.208066e-02;2.973272e-02;1.966846e-01;1.399312e-01;7.603055e-02;9.338549e-02;8.404836e-02;2.486484e-01;2.857088e-02;2.420241e-02;1.189876e-02
6.025318e-02;6.427525e-03;2.987974e-02;2.307268e-01;1.439390e-01;7.264148e-02;9.298432e-02;5.256352e-02;2.567553e-01;2.640417e-02;2.392285e-02;3.502158e-03
5.745790e-02;6.392384e-03;4.345150e-02;2.551307e-01;1.248731e-01;6.124356e-02;6.253431e-02;6.081780e-02;2.633492e-01;2.529631e-02;2.405154e-02;1.540172e-02
5.104556e-02;1.396435e-02;6.925523e-02;2.707361e-01;8.710564e-02;6.478496e-02;3.354583e-02;7.754324e-02;2.740175e-01;1.778606e-02;2.404868e-02;1.616686e-02
5.460492e-02;1.818900e-02;1.107803e-01;2.290912e-01;6.446671e-02;6.867370e-02;3.122642e-02;1.147659e-01;2.449952e-01;2.326653e-02;2.662122e-02;1.331887e-02
5.682654e-02;3.054749e-02;1.507850e-01;2.062572e-01;4.933159e-02;6.600805e-02;5.345120e-02;1.155270e-01;2.053947e-01;2.049439e-02;2.452351e-02;2.085342e-02
4.790778e-02;4.684009e-02;1.423138e-01;1.778353e-01;6.481227e-02;8.703201e-02;8.691621e-02;9.660300e-02;1.655455e-01;3.488005e-02;2.563818e-02;2.367571e-02
2.925404e-02;5.028431e-02;1.154622e-01;9.858111e-02;9.319717e-02;1.548844e-01;1.208772e-01;1.450569e-01;1.134127e-01;3.361273e-02;2.048411e-02;2.489314e-02
3.681434e-02;4.322442e-02;6.296872e-02;6.873014e-02;8.915643e-02;1.752781e-01;1.672602e-01;1.368746e-01;1.560979e-01;3.653779e-02;1.523937e-02;1.181808e-02
2.826853e-02;3.391050e-02;4.759897e-02;7.454033e-02;9.579027e-02;1.296741e-01;1.692630e-01;1.474847e-01;1.650924e-01;6.792250e-02;2.049905e-02;1.995570e-02
2.455745e-02;2.515809e-02;4.642651e-02;7.183491e-02;9.009282e-02;2.115486e-01;1.352749e-01;1.210285e-01;1.270732e-01;6.526717e-02;5.356509e-02;2.817271e-02
3.232874e-02;5.345741e-02;7.750937e-02;7.448499e-02;5.877447e-02;2.274733e-01;1.584677e-01;7.280144e-02;1.002390e-01;3.849720e-02;5.594542e-02;5.002101e-02
3.703421e-02;6.328779e-02;6.292715e-02;1.046683e-01;3.630361e-02;1.206107e-01;2.761451e-01;1.174236e-01;5.733465e-02;2.120068e-02;2.788453e-02;7.517972e-02
4.776806e-02;4.490316e-02;3.348238e-02;1.129177e-01;2.562691e-02;8.627260e-02;3.174279e-01;1.933930e-01;2.985150e-02;1.989445e-02;1.108305e-02;7.737930e-02
8.308138e-02;3.938325e-02;1.968931e-02;7.858254e-02;4.648164e-02;8.340050e-02;2.297709e-01;3.089029e-01;1.720588e-02;2.116838e-02;1.734646e-02;5.498688e-02
1.163354e-01;6.275496e-02;3.852558e-02;2.921587e-02;9.749698e-02;5.982807e-02;1.163297e-01;3.800018e-01;2.041098e-02;1.632878e-02;4.207352e-02;2.069845e-02
1.195149e-01;1.089600e-01;4.237852e-02;2.252801e-02;1.379356e-01;2.643225e-02;7.200620e-02;3.329759e-01;3.861995e-02;2.187392e-02;6.638957e-02;1.038513e-02
1.108203e-01;1.902591e-01;5.477156e-02;3.012565e-02;1.254066e-01;2.008357e-02;5.275011e-02;2.305771e-01;6.141423e-02;3.290056e-02;7.289195e-02;1.799922e-02
1.057465e-01;2.481876e-01;5.412136e-02;4.520656e-02;1.181749e-01;3.806199e-02;4.848390e-02;1.499401e-01;7.100233e-02;2.816270e-02;6.277469e-02;3.013741e-02
7.664905e-02;2.875485e-01;1.224540e-01;5.648470e-02;1.092897e-01;6.507458e-02;2.973189e-02;9.718001e-02;6.553537e-02;3.447088e-02;3.585120e-02;1.973013e-02
5.308356e-02;3.168033e-01;1.824509e-01;4.192647e-02;6.518346e-02;7.672660e-02;3.529437e-02;7.132150e-02;6.828710e-02;4.177624e-02;1.981928e-02;2.732717e-02
5.528709e-02;2.711448e-01;1.611639e-01;5.061958e-02;4.001898e-02;1.057313e-01;7.144824e-02;6.410143e-02;7.550295e-02;5.792130e-02;2.014447e-02;2.691591e-02
8.084005e-02;1.525845e-01;1.056999e-01;5.524817e-02;6.557320e-02;9.739181e-02;9.610812e-02;9.097622e-02;1.041243e-01;7.253432e-02;4.124564e-02;3.767373e-02
5.834458e-02;6.944731e-02;7.361241e-02;7.002962e-02;8.482186e-02;4.322358e-02;1.450209e-01;1.935494e-01;1.204035e-01;6.662801e-02;3.072090e-02;4.419805e-02
2.346640e-02;7.954905e-02;8.271041e-02;1.037736e-01;6.986629e-02;4.857814e-02;1.763684e-01;2.012748e-01;9.019266e-02;7.032270e-02;3.337526e-02;2.052226e-02
4.013882e-02;6.372835e-02;5.766348e-02;9.920157e-02;8.371448e-02;8.415688e-02;1.862698e-01;1.660572e-01;1.191758e-01;6.394914e-02;2.352903e-02;1.241546e-02
3.788180e-02;7.433269e-02;5.912615e-02;6.920832e-02;6.650677e-02;1.259352e-01;1.796441e-01;1.369056e-01;1.378067e-01;8.632369e-02;1.644395e-02;9.885222e-03
4.226016e-02;9.257960e-02;1.156361e-01;3.247253e-02;5.082975e-02;1.320740e-01;1.553643e-01;1.385793e-01;1.123978e-01;1.073548e-01;8.252840e-03;1.219874e-02
4.279430e-02;1.217356e-01;1.040345e-01;3.627118e-02;8.978432e-02;9.828877e-02;1.532480e-01;1.330374e-01;8.891603e-02;8.772419e-02;2.369168e-02;2.047407e-02
3.843850e-02;1.245757e-01;1.389971e-01;3.788903e-02;1.143995e-01;6.852371e-02;1.315176e-01;1.142252e-01;8.518121e-02;9.479424e-02;2.906151e-02;2.239677e-02
4.919751e-02;9.321970e-02;1.735015e-01;7.234403e-02;1.255013e-01;7.771826e-02;9.004996e-02;1.397590e-01;6.922729e-02;6.968126e-02;2.389272e-02;1.590751e-02
4.625238e-02;5.406982e-02;1.708729e-01;1.250524e-01;1.240874e-01;1.033834e-01;8.065373e-02;1.756544e-01;5.455912e-02;3.799599e-02;1.695351e-02;1.046495e-02
2.039759e-02;5.415023e-02;1.102988e-01;1.658797e-01;9.933351e-02;9.008354e-02;1.288981e-01;1.690910e-01;6.519596e-02;5.611657e-02;2.307051e-02;1.748445e-02
1.481020e-02;5.471909e-02;1.199081e-01;2.009653e-01;1.047205e-01;9.155554e-02;1.486742e-01;1.131471e-01;4.375400e-02;6.748716e-02;2.102266e-02;1.923619e-02
1.742416e-02;6.227066e-02;1.467900e-01;1.768585e-01;1.317599e-01;8.516052e-02;1.141612e-01;1.221526e-01;3.976964e-02;5.544072e-02;2.390405e-02;2.430811e-02
7.036474e-02;1.086605e-01;1.275378e-01;1.055922e-01;1.020980e-01;9.789730e-02;1.163527e-01;1.166234e-01;4.252778e-02;2.818524e-02;2.714999e-02;5.701029e-02
1.067429e-01;9.667613e-02;1.241482e-01;1.052419e-01;1.161605e-01;1.216447e-01;7.382023e-02;6.679424e-02;4.184262e-02;4.154907e-02;3.631256e-02;6.906706e-02
9.667581e-02;8.869534e-02;1.247062e-01;9.604132e-02;1.022041e-01;1.125130e-01;9.171232e-02;5.334042e-02;5.700941e-02;5.207621e-02;4.854381e-02;7.648208e-02
6.549729e-02;6.690791e-02;1.111996e-01;8.819967e-02;6.623425e-02;1.306905e-01;8.743668e-02;9.056480e-02;7.681215e-02;5.827415e-02;9.228273e-02;6.590025e-02
5.541733e-02;5.147797e-02;1.001447e-01;4.453691e-02;5.176863e-02;1.741671e-01;8.618636e-02;1.230233e-01;7.533001e-02;5.608679e-02;1.164168e-01;6.544410e-02
5.465663e-02;4.769427e-02;1.126791e-01;3.126565e-02;4.286127e-02;1.827134e-01;7.613655e-02;9.458934e-02;1.445399e-01;4.538883e-02;1.010936e-01;6.638143e-02
2.775209e-02;3.441792e-02;1.151092e-01;2.326812e-02;5.185708e-02;1.710590e-01;1.719152e-01;5.809520e-02;1.604349e-01;4.497646e-02;7.966889e-02;6.144588e-02
2.485071e-02;4.148390e-02;7.255314e-02;2.684203e-02;7.007668e-02;1.632705e-01;2.558701e-01;5.040662e-02;1.173694e-01;5.571206e-02;6.212511e-02;5.943971e-02
2.717818e-02;2.418744e-02;8.303411e-02;2.225178e-02;6.211969e-02;2.363838e-01;2.356356e-01;3.099430e-02;9.717340e-02;4.186511e-02;9.688512e-02;4.229150e-02
2.888727e-02;1.589258e-02;9.589998e-02;2.363203e-02;5.854028e-02;3.392704e-01;1.626332e-01;1.680710e-02;7.816992e-02;2.466334e-02;1.351156e-01;2.048827e-02
2.261293e-02;4.370616e-02;6.302938e-02;5.772524e-02;9.251917e-02;3.675871e-01;9.723237e-02;3.694100e-02;3.794428e-02;4.398261e-02;1.223307e-01;1.438911e-02
1.195755e-02;8.297823e-02;3.226672e-02;8.049569e-02;1.772484e-01;2.806353e-01;4.852730e-02;5.374281e-02;2.205393e-02;1.023906e-01;7.480247e-02;3.290108e-02
3.104996e-02;9.154273e-02;3.111807e-02;8.501121e-02;2.304526e-01;1.812392e-01;2.091386e-02;4.022425e-02;4.110460e-02;1.406691e-01;4.655392e-02;6.012050e-02
5.669975e-02;6.871533e-02;5.285879e-02;9.828369e-02;1.867079e-01;1.521528e-01;2.486521e-02;5.455446e-02;7.354467e-02;1.279587e-01;4.431803e-02;5.934066e-02
7.388979e-02;5.502810e-02;7.132525e-02;1.230989e-01;1.048396e-01;1.653978e-01;3.195846e-02;9.535334e-02;1.004566e-01;8.722433e-02;3.947844e-02;5.194937e-02
6.603841e-02;4.023801e-02;7.151177e-02;1.099532e-01;7.719727e-02;1.601613e-01;1.262720e-01;1.165672e-01;9.724413e-02;6.612365e-02;3.487825e-02;3.381472e-02
3.899844e-02;5.612021e-02;4.712813e-02;6.791343e-02;9.343044e-02;1.834010e-01;1.597190e-01;8.609000e-02;6.937661e-02;7.930016e-02;7.491008e-02;4.361250e-02
3.946108e-02;5.525636e-02;5.101779e-02;7.083149e-02;9.919153e-02;1.880622e-01;1.251719e-01;6.193788e-02;5.418443e-02;9.447589e-02;1.078373e-01;5.257205e-02
4.820516e-02;5.046629e-02;4.272579e-02;5.175781e-02;5.376782e-02;2.657348e-01;1.331120e-01;7.195320e-02;6.119788e-02;1.112033e-01;8.082036e-02;2.905551e-02
3.576939e-02;5.617136e-02;6.086780e-02;3.803781e-02;6.209384e-02;2.677186e-01;1.678832e-01;8.001161e-02;7.047082e-02;8.924714e-02;4.665635e-02;2.507206e-02
3.483223e-02;7.269464e-02;6.308316e-02;4.389269e-02;1.362369e-01;1.976107e-01;1.364773e-01;8.038489e-02;8.116005e-02;7.917099e-02;4.375004e-02;3.070648e-02
3.923080e-02;7.060882e-02;4.453657e-02;6.792559e-02;1.903560e-01;1.458326e-01;1.112863e-01;7.229459e-02;7.578786e-02;1.218181e-01;3.018576e-02;3.013697e-02
6.366454e-02;5.463048e-02;3.335838e-02;1.123666e-01;1.973748e-01;7.169363e-02;1.122862e-01;5.736500e-02;1.307771e-01;1.251161e-01;1.890624e-02;2.246097e-02
8.497477e-02;2.969685e-02;3.420525e-02;1.739952e-01;1.391133e-01;3.709446e-02;1.400510e-01;4.267069e-02;2.004134e-01;8.324404e-02;2.368742e-02;1.085372e-02
7.597877e-02;2.146630e-02;6.061850e-02;1.972632e-01;9.651291e-02;4.564799e-02;1.068581e-01;6.730492e-02;2.366882e-01;4.557719e-02;2.692599e-02;1.915793e-02
4.347486e-02;4.503931e-02;1.197608e-01;1.615422e-01;6.914219e-02;6.798908e-02;5.094619e-02;1.108202e-01;2.273402e-01;1.922289e-02;3.477228e-02;4.994993e-02
1.925095e-02;6.533907e-02;1.819108e-01;8.154923e-02;3.679295e-02;9.260593e-02;6.049735e-02;1.720150e-01;1.388743e-01;4.203942e-02;3.244954e-02;7.667535e-02
2.035993e-02;8.149601e-02;1.879985e-01;5.058319e-02;3.849637e-02;1.260192e-01;7.661150e-02;2.040076e-01;5.983716e-02;4.464839e-02;2.746136e-02;8.248086e-02
3.078946e-02;9.834059e-02;1.471319e-01;4.093557e-02;3.877375e-02;1.367959e-01;6.304941e-02;2.087723e-01;5.505335e-02;7.494044e-02;4.314037e-02;6.227697e-02
5.043085e-02;1.193522e-01;9.701470e-02;5.489659e-02;3.784835e-02;1.660446e-01;5.662399e-02;2.192403e-01;4.407616e-02;6.678931e-02;5.967123e-02;2.801167e-02
4.983729e-02;9.132189e-02;7.516893e-02;7.295761e-02;5.815221e-02;1.544778e-01;8.923289e-02;1.667641e-01;7.050123e-02;6.408602e-02;7.723098e-02;3.026896e-02
3.499402e-02;6.371082e-02;4.901831e-02;6.241520e-02;8.077025e-02;1.633314e-01;1.174182e-01;1.270539e-01;8.750714e-02;9.774203e-02;7.511327e-02;4.092545e-02
1.772971e-02;4.554738e-02;6.230907e-02;7.494380e-02;7.781835e-02;2.167923e-01;4.651222e-02;1.005500e-01;1.113755e-01;1.477973e-01;5.149022e-02;4.713408e-02
3.165112e-02;3.116817e-02;5.907663e-02;6.990946e-02;9.643206e-02;2.194319e-01;7.655345e-02;1.269430e-01;8.180641e-02;1.203640e-01;3.978549e-02;4.687829e-02
4.275456e-02;4.368233e-02;6.927865e-02;5.674688e-02;9.688455e-02;2.354909e-01;1.168630e-01;1.188926e-01;5.058301e-02;8.825216e-02;3.950945e-02;4.106198e-02
6.570087e-02;7.600690e-02;6.726625e-02;4.527388e-02;7.321905e-02;1.904757e-01;1.146078e-01;1.494779e-01;7.819983e-02;4.946965e-02;3.133535e-02;5.896692e-02
6.458917e-02;1.120269e-01;7.127561e-02;2.710280e-02;5.573232e-02;1.376688e-01;1.360189e-01;1.805360e-01;9.610615e-02;3.726140e-02;2.465600e-02;5.702583e-02
4.653830e-02;1.403829e-01;5.781282e-02;5.217712e-02;5.035554e-02;1.019963e-01;1.102336e-01;1.979052e-01;1.322313e-01;2.773275e-02;3.809899e-02;4.453513e-02
8.476096e-02;9.957314e-02;9.677588e-02;7.592377e-02;3.902825e-02;6.144226e-02;1.017887e-01;1.842127e-01;1.699359e-01;2.522590e-02;3.712245e-02;2.421014e-02
8.529203e-02;3.380479e-02;1.985271e-01;7.364090e-02;4.562036e-02;6.981138e-02;1.315451e-01;1.304140e-01;1.626931e-01;3.918963e-02;1.650379e-02;1.295775e-02
8.037815e-02;2.023721e-02;2.489118e-01;8.279655e-02;6.252103e-02;7.128149e-02;1.456987e-01;8.556870e-02;1.536743e-01;2.933010e-02;1.259368e-02;7.008281e-03
1.036228e-01;1.935978e-02;2.319419e-01;9.382460e-02;5.719027e-02;4.010124e-02;1.665049e-01;9.903862e-02;1.522037e-01;1.788209e-02;1.506287e-02;3.267239e-03
1.228092e-01;1.306607e-02;1.920716e-01;1.170371e-01;4.865118e-02;3.717100e-02;1.783746e-01;9.034895e-02;1.478711e-01;3.295907e-02;1.216771e-02;7.472339e-03
1.224170e-01;1.293318e-02;1.512381e-01;1.272638e-01;6.190035e-02;4.605137e-02;1.901005e-01;8.333997e-02;1.374052e-01;3.471583e-02;1.870502e-02;1.392985e-02
1.258230e-01;1.657444e-02;1.263411e-01;1.411412e-01;7.777180e-02;5.340594e-02;1.905463e-01;7.322292e-02;1.268078e-01;3.415634e-02;1.896958e-02;1.523952e-02
1.562655e-01;1.471303e-02;9.160122e-02;1.601695e-01;9.113725e-02;3.716418e-02;1.661628e-01;8.417577e-02;1.344862e-01;2.907825e-02;1.971751e-02;1.532879e-02
1.689512e-01;1.321766e-02;7.110955e-02;1.969992e-01;8.840690e-02;4.924004e-02;1.108977e-01;8.968440e-02;1.328143e-01;2.858248e-02;3.216804e-02;1.792864e-02
1.616795e-01;2.552184e-02;6.038809e-02;2.093304e-01;8.865819e-02;5.078325e-02;7.075858e-02;1.114131e-01;1.452164e-01;2.753952e-02;3.537670e-02;1.333433e-02
1.264769e-01;4.483030e-02;8.637047e-02;1.823628e-01;7.458065e-02;4.539884e-02;6.012406e-02;1.456026e-01;1.596130e-01;1.899784e-02;3.752557e-02;1.811701e-02
6.447041e-02;5.608114e-02;1.124270e-01;1.259080e-01;5.079887e-02;6.353930e-02;9.097580e-02;1.772676e-01;1.420537e-01;4.355550e-02;4.127385e-02;3.164873e-02
2.701348e-02;3.812483e-02;1.223886e-01;9.742301e-02;6.089635e-02;8.780820e-02;1.238275e-01;1.870074e-01;8.880214e-02;8.881305e-02;4.780627e-02;3.008916e-02
