6.581826e-02;4.912125e-02;1.786773e-01;5.362981e-02;7.171095e-02;7.854051e-02;1.340539e-01;8.179532e-02;6.614966e-02;1.080942e-01;6.423458e-02;4.817422e-02
6.322861e-02;5.415757e-02;1.680293e-01;8.767081e-02;5.617353e-02;7.810973e-02;1.257644e-01;9.390339e-02;7.716162e-02;9.841712e-02;5.833691e-02;3.904705e-02
7.618260e-02;5.081515e-02;1.518832e-01;9.436768e-02;4.593445e-02;5.122443e-02;1.562225e-01;1.022952e-01;9.374256e-02;1.147412e-01;3.648909e-02;2.610201e-02
9.180390e-02;8.038633e-02;1.543699e-01;7.506733e-02;4.830668e-02;4.671863e-02;1.437683e-01;1.077073e-01;8.519027e-02;1.117208e-01;3.161919e-02;2.334144e-02
1.061488e-01;1.030585e-01;1.404779e-01;6.319658e-02;2.938269e-02;4.517987e-02;1.348191e-01;1.065301e-01;7.771844e-02;1.002372e-01;4.764858e-02;4.560223e-02
7.953392e-02;1.150710e-01;1.171183e-01;4.493422e-02;3.428306e-02;4.613747e-02;1.116629e-01;1.293253e-01;8.981629e-02;1.138888e-01;5.365426e-02;6.457461e-02
2.542187e-02;1.104380e-01;8.169509e-02;8.724688e-02;5.124264e-02;8.951488e-02;5.697513e-02;1.447827e-01;8.784409e-02;1.528220e-01;5.838953e-02;5.362714e-02
2.868407e-02;6.895495e-02;1.180049e-01;1.121858e-01;8.974870e-02;9.632471e-02;7.093275e-02;8.520317e-02;9.496646e-02;1.571783e-01;4.916664e-02;2.864957e-02
5.625729e-02;1.007514e-01;1.239557e-01;1.133904e-01;8.338767e-02;7.754804e-02;1.163417e-01;5.983864e-02;7.189079e-02;1.122749e-01;4.306696e-02;4.129654e-02
5.106258e-02;1.057270e-01;1.589689e-01;9.256653e-02;7.125227e-02;6.616376e-02;1.435365e-01;5.530324e-02;6.796840e-02;6.634193e-02;5.718246e-02;6.392640e-02
5.889903e-02;6.433000e-02;1.624368e-01;5.461702e-02;8.049643e-02;5.512691e-02;1.645325e-01;3.879634e-02;4.168436e-02;3.900108e-02;1.071531e-01;1.329265e-01
3.604273e-02;6.335513e-02;1.301918e-01;1.331715e-01;6.086429e-02;4.258941e-02;1.009103e-01;5.280729e-02;4.412132e-02;3.440432e-02;1.572714e-01;1.442705e-01
4.310354e-02;6.243800e-02;1.825315e-01;1.591221e-01;3.493870e-02;2.758944e-02;6.774877e-02;4.448834e-02;3.924638e-02;6.827980e-02;1.616890e-01;1.088243e-01
4.781601e-02;6.083348e-02;3.009549e-01;1.287595e-01;2.473195e-02;2.015469e-02;6.892113e-02;3.053770e-02;3.829360e-02;1.074569e-01;1.057422e-01;6.579789e-02
3.818191e-02;1.090407e-01;3.994211e-01;7.678058e-02;2.231950e-02;2.417719e-02;5.913974e-02;2.650641e-02;4.005416e-02;1.164170e-01;3.921678e-02;4.874489e-02
2.433412e-02;1.707335e-01;4.506427e-01;3.674899e-02;2.397129e-02;2.860044e-02;3.748816e-02;2.363001e-02;3.707635e-02;9.322806e-02;9.689726e-03;6.385661e-02
1.621330e-02;1.002978e-01;4.901847e-01;1.393192e-02;2.638383e-02;1.745962e-02;7.640781e-02;1.602038e-02;1.982266e-02;1.766160e-01;6.711885e-03;3.995018e-02
1.493520e-02;4.545710e-02;4.660174e-01;2.785608e-02;2.390676e-02;1.345876e-02;1.068945e-01;7.768537e-03;2.463482e-02;2.442589e-01;1.287761e-02;1.193445e-02
9.723263e-03;3.903845e-02;3.830523e-01;2.874538e-02;1.938110e-02;1.235440e-02;1.368882e-01;7.483103e-03;3.676791e-02;2.961934e-01;1.368902e-02;1.668344e-02
1.353536e-02;2.050673e-02;3.315757e-01;1.510516e-02;1.564067e-02;5.447550e-03;1.905923e-01;6.707015e-03;3.449581e-02;3.455301e-01;9.350893e-03;1.151272e-02
1.200731e-02;8.650197e-03;3.128081e-01;1.399070e-02;9.482053e-03;4.995794e-03;2.517872e-01;7.891423e-03;2.153462e-02;3.392223e-01;7.154035e-03;1.047625e-02
1.827068e-02;5.113992e-03;2.648803e-01;2.932565e-02;7.415028e-03;3.474771e-03;2.591277e-01;9.089223e-03;2.298984e-02;2.988302e-01;6.406324e-02;1.741937e-02
2.307772e-02;7.387013e-03;1.942359e-01;6.335428e-02;6.401068e-03;8.321399e-03;1.823971e-01;1.496992e-02;3.685730e-02;2.823957e-01;1.638238e-01;1.677875e-02
1.941245e-02;7.794867e-03;1.452190e-01;1.312148e-01;8.756031e-03;7.106013e-03;5.556387e-02;5.050686e-02;3.264141e-02;2.203227e-01;3.040031e-01;1.745895e-02
1.254291e-02;1.148958e-02;7.294720e-02;1.934372e-01;1.254751e-02;1.042238e-02;4.460950e-02;1.046885e-01;1.551507e-02;1.260669e-01;3.484158e-01;4.731753e-02
9.413923e-03;3.013321e-02;7.366048e-02;2.291949e-01;3.004477e-02;1.516067e-02;2.789603e-02;1.524588e-01;6.915889e-03;6.231476e-02;2.781190e-01;8.468749e-02
1.760691e-02;7.067693e-02;6.552672e-02;2.644918e-01;6.454610e-02;1.448206e-02;2.690531e-02;1.479762e-01;9.110579e-03;7.314409e-02;1.947080e-01;5.082523e-02
1.192073e-02;8.482067e-02;3.640525e-02;2.193042e-01;1.309327e-01;9.597089e-03;2.997261e-02;7.423732e-02;1.170831e-02;1.042515e-01;1.522825e-01;1.345672e-01
9.836366e-03;5.455530e-02;3.739697e-02;9.645292e-02;1.988134e-01;8.963705e-03;4.706013e-02;3.673340e-02;2.582879e-02;7.644975e-02;8.891568e-02;3.189936e-01
7.114715e-03;2.612580e-02;4.743474e-02;2.861725e-02;2.144309e-01;9.298626e-03;5.922832e-02;2.261542e-02;4.373085e-02;3.319988e-02;4.471353e-02;4.634900e-01
2.297348e-02;1.475888e-02;6.993033e-02;2.233869e-02;1.416603e-01;1.709892e-02;5.344540e-02;3.293786e-02;6.197072e-02;2.365999e-02;8.131213e-02;4.579132e-01
7.496881e-02;1.783331e-02;9.711513e-02;3.896404e-02;9.753058e-02;4.105053e-02;5.739913e-02;5.126473e-02;7.548529e-02;3.232018e-02;7.832104e-02;3.377472e-01
8.375489e-02;1.820830e-02;1.024496e-01;5.257989e-02;1.904960e-01;5.067553e-02;5.277393e-02;3.822578e-02;6.082112e-02;2.972012e-02;5.018998e-02;2.701048e-01
4.424304e-02;2.090581e-02;1.221914e-01;6.000099e-02;1.846763e-01;4.113368e-02;4.251945e-02;3.809698e-02;4.731540e-02;3.535553e-02;7.623502e-02;2.873264e-01
3.941057e-02;2.548873e-02;1.711282e-01;6.922902e-02;1.081642e-01;3.312990e-02;3.333350e-02;4.886798e-02;5.073851e-02;4.598771e-02;8.518869e-02;2.893330e-01
8.199570e-02;3.034984e-02;2.817350e-01;6.072597e-02;1.046522e-01;2.171049e-02;4.655733e-02;3.613900e-02;5.165773e-02;3.701543e-02;5.092585e-02;1.965355e-01
1.188026e-01;3.007239e-02;3.200898e-01;6.576093e-02;1.528124e-01;2.853583e-02;3.982904e-02;2.716146e-02;4.718230e-02;3.974335e-02;2.252226e-02;1.074876e-01
1.076795e-01;7.455679e-02;2.480325e-01;1.039662e-01;1.386436e-01;4.447341e-02;2.685050e-02;4.558226e-02;4.988641e-02;4.597719e-02;4.843912e-02;6.591247e-02
5.307213e-02;1.543066e-01;1.375782e-01;1.272936e-01;1.316760e-01;5.989366e-02;4.348985e-02;5.687316e-02;3.587769e-02;6.302717e-02;7.604124e-02;6.087074e-02
2.207326e-02;1.824513e-01;1.003015e-01;1.663092e-01;1.303599e-01;5.918600e-02;3.247384e-02;5.145408e-02;1.417278e-02;6.375857e-02;1.083568e-01;6.910287e-02
8.006351e-03;1.476212e-01;1.404926e-01;2.393335e-01;8.871627e-02;6.955557e-02;1.278215e-02;5.315753e-02;8.329973e-03;3.973413e-02;1.392924e-01;5.297833e-02
1.457669e-02;1.071758e-01;2.468968e-01;2.481601e-01;4.981619e-02;7.995319e-02;9.956697e-03;4.716668e-02;1.407967e-02;2.325962e-02;1.249015e-01;3.405705e-02
3.535978e-02;9.722020e-02;3.734674e-01;1.894945e-01;5.345795e-02;6.719151e-02;1.136684e-02;2.994806e-02;1.747907e-02;2.567488e-02;7.875507e-02;2.058482e-02
4.948420e-02;7.973440e-02;4.551086e-01;1.149062e-01;7.564640e-02;4.200631e-02;2.169850e-02;3.301441e-02;3.348065e-02;4.270697e-02;3.065571e-02;2.155759e-02
5.759319e-02;9.251855e-02;3.780655e-01;1.075438e-01;7.288259e-02;4.226777e-02;1.958407e-02;5.494959e-02;7.457198e-02;4.210729e-02;3.309071e-02;2.482488e-02
1.074982e-01;1.499959e-01;2.129379e-01;1.244070e-01;4.635640e-02;4.719818e-02;1.525136e-02;8.935363e-02;8.985510e-02;2.333198e-02;4.553954e-02;4.827492e-02
1.460749e-01;1.278303e-01;2.370403e-01;1.091392e-01;3.314552e-02;1.907589e-02;2.224324e-02;1.047099e-01;6.561633e-02;2.409457e-02;4.535227e-02;6.567764e-02
1.733291e-01;1.025069e-01;2.000465e-01;9.364056e-02;3.736860e-02;2.210872e-02;5.095787e-02;1.258962e-01;6.749158e-02;2.172909e-02;3.316547e-02;7.175936e-02
1.811660e-01;7.844868e-02;1.498783e-01;9.803969e-02;5.011369e-02;3.515529e-02;8.793448e-02;1.207204e-01;5.537516e-02;3.625915e-02;4.112271e-02;6.578639e-02
1.203756e-01;9.550513e-02;2.023258e-01;9.559052e-02;4.955342e-02;7.131577e-02;8.442248e-02;7.033521e-02;7.706807e-02;4.529195e-02;2.687512e-02;6.134095e-02
4.186888e-02;9.889676e-02;2.771383e-01;5.198039e-02;7.654449e-02;1.265875e-01;8.505993e-02;4.562294e-02;7.376470e-02;6.796295e-02;1.664543e-02;3.792771e-02
4.522408e-02;1.049491e-01;3.471756e-01;4.423773e-02;6.049052e-02;1.152995e-01;6.556122e-02;3.850750e-02;5.958578e-02;8.923347e-02;1.513510e-02;1.460046e-02
6.353729e-02;1.450593e-01;3.949627e-01;6.362432e-02;3.073042e-02;5.333761e-02;6.886205e-02;2.954416e-02;6.906736e-02;5.743568e-02;1.118187e-02;1.265716e-02
6.841869e-02;1.723029e-01;3.902104e-01;6.636255e-02;3.433184e-02;3.223866e-02;5.753496e-02;1.652430e-02;1.024074e-01;3.155564e-02;1.013432e-02;1.797835e-02
7.252738e-02;2.002177e-01;3.234743e-01;4.984333e-02;3.150582e-02;3.981423e-02;5.674887e-02;1.693097e-02;1.411596e-01;2.945172e-02;1.854934e-02;1.977669e-02
8.428656e-02;2.210786e-01;3.056183e-01;3.666211e-02;2.605918e-02;3.812428e-02;5.181777e-02;1.454796e-02;1.574607e-01;2.842268e-02;1.539059e-02;2.053119e-02
4.130726e-02;1.653227e-01;5.022753e-01;2.950578e-02;1.870470e-02;1.782651e-02;3.167416e-02;1.320618e-02;9.947261e-02;5.546747e-02;1.056102e-02;1.467623e-02
2.360382e-02;1.135949e-01;6.308065e-01;3.157378e-02;1.748756e-02;1.060195e-02;2.314842e-02;1.301822e-02;4.250630e-02;7.984872e-02;6.611140e-03;7.198690e-03
1.816556e-02;6.108364e-02;6.668416e-01;2.944888e-02;2.450314e-02;1.091359e-02;4.411901e-02;1.162622e-02;2.647774e-02;9.739929e-02;4.837849e-03;4.583469e-03
1.817856e-02;2.705689e-02;6.423613e-01;3.116949e-02;3.526454e-02;1.310652e-02;7.985472e-02;1.844260e-02;2.687137e-02;9.919053e-02;2.938620e-03;5.564875e-03
3.062235e-02;2.298388e-02;5.931971e-01;5.563169e-02;3.715492e-02;1.163706e-02;1.028299e-01;1.586096e-02;3.459987e-02;8.216058e-02;8.302965e-03;5.018729e-03
3.691964e-02;1.243490e-02;5.548813e-01;9.844095e-02;4.006086e-02;1.318966e-02;8.083652e-02;1.374309e-02;6.584465e-02;5.697905e-02;2.260317e-02;4.066183e-03
3.583301e-02;1.538604e-02;4.054192e-01;1.246840e-01;5.718701e-02;3.921273e-02;6.733451e-02;5.645156e-02;7.044865e-02;3.165075e-02;6.836070e-02;2.803190e-02
3.325564e-02;7.299140e-02;1.744445e-01;1.165737e-01;7.191475e-02;6.474885e-02;9.225824e-02;9.434080e-02;6.315607e-02;4.424084e-02;9.630848e-02;7.576672e-02
2.232572e-02;1.384897e-01;8.990829e-02;1.216234e-01;7.367808e-02;6.072307e-02;7.943220e-02;9.505395e-02;6.320918e-02;5.710019e-02;9.963594e-02;9.882025e-02
1.661917e-02;2.318935e-01;6.611934e-02;1.355525e-01;8.111589e-02;4.243131e-02;4.681327e-02;8.434315e-02;4.642144e-02;7.473645e-02;8.887956e-02;8.507443e-02
1.468808e-02;2.951473e-01;4.576639e-02;1.057681e-01;1.311088e-01;2.343063e-02;3.519266e-02;5.861635e-02;2.879488e-02;9.871580e-02;6.317275e-02;9.959833e-02
1.146442e-02;2.007784e-01;3.660853e-02;4.558264e-02;2.112700e-01;1.248701e-02;6.440234e-02;2.654287e-02;4.399208e-02;7.572690e-02;4.189995e-02;2.292449e-01
5.539559e-03;7.405979e-02;5.324499e-02;1.901407e-02;2.319496e-01;1.226655e-02;9.234944e-02;9.602429e-03;9.767635e-02;3.292011e-02;1.921142e-02;3.521657e-01
1.049622e-02;2.736620e-02;1.078988e-01;1.292012e-02;1.887505e-01;1.386248e-02;8.333641e-02;9.096871e-03;1.516154e-01;1.659192e-02;9.717589e-03;3.683475e-01
3.866760e-02;1.560008e-02;1.542763e-01;1.221135e-02;1.940616e-01;3.793503e-02;5.268786e-02;1.855715e-02;1.687922e-01;1.652942e-02;7.791233e-03;2.828901e-01
1.897725e-01;2.004860e-02;1.057558e-01;1.108056e-02;1.673723e-01;1.287581e-01;2.970191e-02;3.313113e-02;1.153747e-01;3.754780e-02;8.890398e-03;1.525662e-01
3.618007e-01;2.162176e-02;3.586438e-02;3.041092e-02;6.199878e-02;2.228939e-01;3.619276e-02;4.265434e-02;2.873833e-02;8.879893e-02;5.990854e-03;6.303432e-02
3.359757e-01;5.702670e-02;1.369199e-02;5.064374e-02;3.842921e-02;2.184654e-01;7.246672e-02;3.334921e-02;2.764214e-02;1.056741e-01;1.256504e-02;3.407006e-02
1.766781e-01;1.812881e-01;5.843959e-03;4.876607e-02;3.503104e-02;1.282117e-01;1.982038e-01;1.984094e-02;4.612807e-02;8.207129e-02;5.821397e-02;1.972295e-02
5.205756e-02;2.730845e-01;1.179897e-02;1.977840e-02;4.935976e-02;4.462906e-02;3.027554e-01;2.332759e-02;5.310700e-02;3.138700e-02;1.273732e-01;1.134162e-02
1.547213e-02;2.303655e-01;5.212138e-02;7.160370e-03;5.120436e-02;4.027863e-02;2.813649e-01;6.563856e-02;3.817135e-02;4.419247e-02;1.397876e-01;3.424267e-02
1.786954e-02;1.210261e-01;1.562940e-01;8.601750e-03;3.351275e-02;4.197015e-02;1.711973e-01;1.622807e-01;1.782472e-02;7.595688e-02;7.934165e-02;1.141244e-01
2.975727e-02;4.880509e-02;2.139029e-01;3.969686e-02;1.148394e-02;3.276494e-02;6.381629e-02;2.103598e-01;3.589168e-02;7.290561e-02;2.324571e-02;2.173699e-01
1.329016e-01;1.733478e-02;1.301416e-01;1.489205e-01;1.288771e-02;1.825869e-02;4.560386e-02;1.155396e-01;1.155586e-01;3.551152e-02;3.456716e-02;1.927744e-01
2.911131e-01;1.129328e-02;3.888653e-02;2.536902e-01;2.214713e-02;1.165948e-02;6.488889e-02;2.814498e-02;1.757952e-01;2.205958e-02;2.016828e-02;6.015326e-02
3.270156e-01;1.777799e-02;1.494254e-02;2.368028e-01;5.746482e-02;1.962434e-02;7.354147e-02;2.839983e-02;1.474121e-01;4.660688e-02;1.230662e-02;1.810499e-02
2.183415e-01;5.344039e-02;2.118325e-02;1.310588e-01;1.938982e-01;2.405456e-02;8.655693e-02;3.955071e-02;8.460058e-02;9.940851e-02;1.113222e-02;3.677431e-02
7.404695e-02;1.188224e-01;4.341551e-02;6.187581e-02;2.790489e-01;2.539345e-02;5.456817e-02;6.235303e-02;6.610279e-02;1.564238e-01;1.852165e-02;3.942756e-02
4.132949e-02;1.466655e-01;4.568585e-02;4.741039e-02;2.340373e-01;2.284998e-02;2.536973e-02;6.791583e-02;7.840773e-02;2.147453e-01;2.999066e-02;4.559217e-02
8.289433e-02;1.350883e-01;3.886364e-02;2.994943e-02;1.177217e-01;1.759288e-02;4.939063e-02;6.111661e-02;1.135130e-01;2.317601e-01;6.164107e-02;6.046839e-02
9.496841e-02;6.656796e-02;2.573520e-02;5.335667e-02;1.069824e-01;3.136994e-02;6.704132e-02;5.902103e-02;1.842347e-01;1.717769e-01;8.393374e-02;5.501173e-02
7.112851e-02;5.787615e-02;3.328134e-02;3.451084e-02;2.265697e-01;2.355255e-02;9.930762e-02;5.296735e-02;1.756900e-01;9.796758e-02;7.106093e-02;5.608741e-02
1.053822e-01;5.690736e-02;3.615284e-02;5.923251e-02;2.104086e-01;1.476676e-02;1.006444e-01;5.067515e-02;1.090017e-01;1.473423e-01;5.008591e-02;5.940022e-02
1.438030e-01;3.488633e-02;3.746717e-02;7.128636e-02;9.939602e-02;2.264848e-02;9.952661e-02;1.000077e-01;1.227593e-01;1.459182e-01;8.068430e-02;4.161652e-02
9.374127e-02;6.638143e-02;5.219965e-02;4.537671e-02;1.267305e-01;1.663844e-02;8.513724e-02;1.546677e-01;1.667476e-01;9.903710e-02;7.444738e-02;1.889499e-02
5.156403e-02;9.752218e-02;4.830009e-02;5.919027e-02;2.371950e-01;2.011079e-02;5.080960e-02;1.694291e-01;9.740536e-02;7.655719e-02;4.954235e-02;4.237406e-02
7.473044e-02;7.935692e-02;4.624790e-02;7.731970e-02;2.345745e-01;1.755096e-02;4.834483e-02;1.207963e-01;7.387214e-02;8.874782e-02;5.154020e-02;8.691821e-02
1.164019e-01;5.148037e-02;3.507603e-02;6.742809e-02;1.662583e-01;2.081001e-02;7.449780e-02;1.232735e-01;9.963822e-02;1.173357e-01;5.908560e-02;6.871443e-02
1.566047e-01;4.466220e-02;5.367484e-02;4.091080e-02;9.689221e-02;3.388705e-02;9.725007e-02;1.431500e-01;1.073560e-01;1.198997e-01;4.735949e-02;5.835296e-02
1.380662e-01;8.153865e-02;7.946826e-02;5.420714e-02;5.320841e-02;3.864082e-02;1.038321e-01;6.359645e-02;7.609958e-02;1.307709e-01;8.282258e-02;9.774898e-02
9.080414e-02;9.523878e-02;5.445269e-02;5.378133e-02;9.307987e-02;2.393602e-02;7.089264e-02;5.711360e-02;5.332797e-02;1.890436e-01;1.472559e-01;7.107335e-02
5.506914e-02;8.558130e-02;4.575806e-02;9.463056e-02;1.145187e-01;1.665265e-02;4.830779e-02;5.239221e-02;1.011087e-01;2.091221e-01;1.398284e-01;3.703032e-02
3.685101e-02;4.824686e-02;1.314018e-01;1.392624e-01;8.351196e-02;1.987852e-02;5.777615e-02;8.900782e-02;1.519676e-01;1.527147e-01;6.705236e-02;2.232881e-02
3.475707e-02;6.916603e-02;2.025696e-01;1.108306e-01;4.261740e-02;2.276851e-02;1.066672e-01;1.310858e-01;1.143850e-01;8.562239e-02;4.175178e-02;3.777862e-02
4.482439e-02;1.320185e-01;1.981696e-01;4.714742e-02;3.069630e-02;3.875118e-02;1.646744e-01;1.165766e-01;6.969351e-02;5.894747e-02;5.484080e-02;4.365981e-02
6.690527e-02;1.572269e-01;1.435822e-01;2.370839e-02;4.699345e-02;5.529738e-02;1.656387e-01;7.476889e-02;8.234103e-02;7.142574e-02;7.672134e-02;3.539064e-02
7.399691e-02;8.257154e-02;1.105832e-01;5.671527e-02;7.827441e-02;5.276818e-02;2.179414e-01;6.840426e-02;8.318908e-02;8.012353e-02;5.269428e-02;4.273795e-02
6.683134e-02;6.282001e-02;1.554423e-01;6.124854e-02;8.414035e-02;6.859597e-02;1.668230e-01;4.712811e-02;5.854334e-02;6.957448e-02;8.988903e-02;6.896351e-02
4.439062e-02;9.086452e-02;1.633842e-01;6.821977e-02;5.222162e-02;7.887802e-02;1.497169e-01;6.973480e-02;4.675209e-02;4.581314e-02;8.780703e-02;1.022173e-01
5.964707e-02;7.375488e-02;1.488022e-01;4.361273e-02;5.283407e-02;7.464218e-02;1.250246e-01;9.329416e-02;6.104478e-02;7.308470e-02;8.015924e-02;1.140995e-01
6.020371e-02;6.822686e-02;1.684424e-01;6.767445e-02;6.792795e-02;6.150713e-02;1.031308e-01;7.704954e-02;8.534118e-02;6.623012e-02;9.060381e-02;8.366206e-02
6.346422e-02;1.021708e-01;1.741576e-01;9.284634e-02;6.662486e-02;3.531884e-02;1.309602e-01;7.362439e-02;4.947948e-02;7.024658e-02;6.489758e-02;7.620907e-02
6.071577e-02;1.044597e-01;1.625978e-01;7.753091e-02;5.369176e-02;4.186537e-02;1.430713e-01;8.672940e-02;2.789331e-02;8.604837e-02;6.604675e-02;8.934954e-02
4.700419e-02;5.041426e-02;1.494153e-01;5.710247e-02;3.851303e-02;5.534572e-02;1.523946e-01;9.856995e-02;4.316727e-02;1.055721e-01;8.475678e-02;1.177443e-01
6.192724e-02;4.210984e-02;1.551139e-01;2.740214e-02;4.682325e-02;5.125752e-02;1.517920e-01;1.113535e-01;5.732609e-02;7.842940e-02;1.189291e-01;9.753606e-02
1.291355e-01;1.390430e-01;1.465404e-01;7.030990e-02;3.415752e-02;6.717039e-02;1.284387e-01;9.310206e-02;5.723665e-02;5.554112e-02;5.042031e-02;2.890443e-02
1.520829e-01;1.629473e-01;1.263403e-01;7.262327e-02;4.211146e-02;1.160284e-01;1.100952e-01;7.216288e-02;6.302240e-02;4.584977e-02;2.145100e-02;1.528519e-02
1.882492e-01;1.498137e-01;1.011879e-01;5.889182e-02;4.665972e-02;1.679557e-01;8.375698e-02;5.148138e-02;5.336406e-02;4.408776e-02;1.722353e-02;3.732824e-02
1.912542e-01;9.425193e-02;6.487086e-02;3.667671e-02;1.225418e-01;1.973575e-01;5.309019e-02;2.750865e-02;7.510829e-02;4.758222e-02;9.126898e-03;8.063073e-02
1.014794e-01;2.535309e-02;3.466171e-02;1.456508e-02;2.925365e-01;1.389452e-01;3.978001e-02;9.761674e-03;1.619077e-01;3.187826e-02;8.320184e-03;1.408112e-01
3.133423e-02;5.669474e-03;2.388185e-02;5.309444e-03;4.234299e-01;6.537148e-02;2.945126e-02;4.570629e-03;2.236483e-01;1.200268e-02;6.575136e-03;1.687556e-01
1.943334e-02;5.481595e-03;2.535350e-02;6.974703e-03;4.457636e-01;5.997515e-02;2.004111e-02;4.327971e-03;2.339448e-01;1.150048e-02;3.279560e-03;1.639242e-01
6.894197e-02;4.852090e-03;2.870310e-02;1.168181e-02;3.652430e-01;1.506700e-01;1.825036e-02;7.105861e-03;1.848811e-01;1.821418e-02;8.042827e-03;1.334137e-01
1.811334e-01;5.555343e-03;2.236108e-02;1.736810e-02;1.615158e-01;3.612584e-01;2.368390e-02;1.541026e-02;6.627937e-02;7.710906e-02;2.815606e-03;6.550968e-02
2.415925e-01;5.845314e-03;1.230219e-02;2.518092e-02;4.605216e-02;4.539408e-01;3.143929e-02;1.652662e-02;1.536235e-02;1.397443e-01;2.123198e-03;9.890371e-03
2.614898e-01;1.470833e-02;8.282847e-03;3.618097e-02;4.994077e-02;4.007180e-01;3.363966e-02;1.266717e-02;8.877369e-03;1.581622e-01;2.474190e-03;1.285867e-02
3.107448e-01;5.730939e-02;4.748629e-03;4.579877e-02;5.272817e-02;2.692978e-01;7.124500e-02;1.150746e-02;1.062963e-02;1.339287e-01;5.213562e-03;2.684803e-02
3.520160e-01;1.200281e-01;9.220845e-03;3.455570e-02;5.669420e-02;1.197201e-01;1.322487e-01;1.554779e-02;3.466930e-02;7.077816e-02;8.953081e-03;4.556796e-02
2.771637e-01;1.302240e-01;2.771774e-02;2.578507e-02;4.621682e-02;1.634278e-01;1.406901e-01;2.146682e-02;5.215031e-02;6.423959e-02;1.033912e-02;4.057909e-02
1.728262e-01;7.694586e-02;5.141522e-02;3.619519e-02;7.057493e-02;2.331546e-01;1.123514e-01;1.707980e-02;4.841507e-02;1.222609e-01;1.784222e-02;4.093855e-02
1.484689e-01;2.117920e-02;4.623578e-02;2.819238e-02;7.310486e-02;2.429352e-01;1.246828e-01;1.181190e-02;5.101422e-02;1.830923e-01;1.729724e-02;5.198525e-02
1.938138e-01;4.531559e-02;3.739512e-02;2.386672e-02;5.775505e-02;1.423335e-01;1.387276e-01;3.358848e-02;6.813575e-02;1.999775e-01;1.615571e-02;4.293525e-02
2.136320e-01;6.211755e-02;5.649156e-02;4.356547e-02;8.344016e-02;1.113024e-01;1.021668e-01;4.948820e-02;4.516752e-02;1.714274e-01;1.981046e-02;4.139053e-02
1.965320e-01;4.045683e-02;6.878897e-02;5.079389e-02;8.763685e-02;1.171710e-01;1.307449e-01;4.724180e-02;3.661055e-02;1.508344e-01;2.144639e-02;5.174232e-02
9.088887e-02;6.396272e-02;5.532150e-02;6.137405e-02;9.193552e-02;1.301927e-01;2.498641e-01;3.771732e-02;4.894152e-02;1.081321e-01;2.170059e-02;3.996895e-02
1.159099e-01;6.626275e-02;4.361326e-02;6.033774e-02;7.343823e-02;1.720902e-01;2.810853e-01;3.132913e-02;3.724059e-02;9.636247e-02;1.027897e-02;1.205128e-02
1.337469e-01;3.550655e-02;4.249475e-02;6.391696e-02;9.852224e-02;2.245495e-01;2.346738e-01;3.042549e-02;2.202239e-02;8.859997e-02;5.982093e-03;1.955935e-02
1.201743e-01;1.187849e-02;8.197016e-02;7.512018e-02;1.649207e-01;2.148039e-01;1.742498e-01;2.136161e-02;2.926110e-02;5.634234e-02;7.165608e-03;4.275175e-02
6.137103e-02;1.308883e-02;1.586030e-01;8.230422e-02;1.735959e-01;1.739864e-01;1.460855e-01;1.561438e-02;5.871765e-02;5.779094e-02;1.517573e-02;4.366642e-02
4.208407e-02;1.580790e-02;2.718357e-01;8.247540e-02;9.450953e-02;1.483364e-01;1.028589e-01;1.392995e-02;6.791873e-02;1.047898e-01;2.491953e-02;3.053397e-02
9.303644e-02;3.915391e-02;3.590566e-01;6.760717e-02;3.182830e-02;1.100457e-01;5.914920e-02;1.343506e-02;6.174112e-02;1.110064e-01;2.143579e-02;3.250428e-02
1.055871e-01;5.840239e-02;3.521561e-01;6.322338e-02;6.307755e-02;9.641788e-02;4.273919e-02;2.136904e-02;6.264258e-02;8.138844e-02;1.236365e-02;4.063268e-02
8.413639e-02;6.302511e-02;2.730092e-01;6.432491e-02;7.195979e-02;9.841778e-02;7.551157e-02;2.724192e-02;8.293506e-02;9.082538e-02;2.964441e-02;3.896843e-02
8.318938e-02;5.299032e-02;1.241070e-01;5.743071e-02;9.652466e-02;1.287804e-01;9.318538e-02;2.735241e-02;8.571707e-02;1.708761e-01;3.473394e-02;4.511261e-02
7.950034e-02;2.929722e-02;1.777340e-01;6.443756e-02;8.649382e-02;1.005618e-01;8.418433e-02;4.577051e-02;9.136233e-02;1.582439e-01;3.102069e-02;5.139356e-02
9.139233e-02;1.596854e-02;1.112244e-01;5.012035e-02;6.114218e-02;8.028255e-02;8.449384e-02;7.668439e-02;1.378831e-01;2.285993e-01;3.262107e-02;2.958793e-02
7.521095e-02;2.293291e-02;6.069772e-02;4.805449e-02;4.262277e-02;9.532186e-02;9.585948e-02;1.223338e-01;1.438954e-01;2.491241e-01;2.264132e-02;2.130526e-02
5.643028e-02;2.041481e-02;5.605877e-02;3.922713e-02;2.228872e-02;9.898134e-02;8.382107e-02;1.833067e-01;2.864705e-01;1.136112e-01;8.977444e-03;3.041203e-02
4.527121e-02;2.366708e-02;5.061029e-02;2.399086e-02;2.892920e-02;6.514654e-02;8.342595e-02;1.518104e-01;4.308493e-01;5.672933e-02;1.576112e-02;2.380876e-02
4.077060e-02;2.777093e-02;4.535942e-02;2.608517e-02;3.789214e-02;4.610545e-02;9.084966e-02;1.042535e-01;4.548197e-01;8.456021e-02;2.041495e-02;2.111832e-02
6.797744e-02;3.795752e-02;6.275573e-02;4.780668e-02;4.316794e-02;7.488115e-02;7.349298e-02;7.896460e-02;3.707093e-01;7.506239e-02;3.190089e-02;3.532338e-02
1.001310e-01;3.837864e-02;6.343848e-02;6.185168e-02;4.030933e-02;1.023743e-01;7.444350e-02;1.175439e-01;2.302523e-01;6.838165e-02;4.526876e-02;5.762650e-02
7.904994e-02;4.696831e-02;7.887676e-02;5.598604e-02;7.593923e-02;1.335149e-01;1.439864e-01;1.567415e-01;1.064994e-01;7.034861e-02;1.683824e-02;3.525067e-02
5.565496e-02;7.659349e-02;1.019414e-01;5.657913e-02;8.465536e-02;1.329061e-01;2.043386e-01;1.438043e-01;6.294786e-02;4.267335e-02;1.160592e-02;2.629956e-02
6.431083e-02;7.995209e-02;1.026932e-01;4.558082e-02;7.130155e-02;1.243631e-01;2.140723e-01;1.272651e-01;8.980164e-02;3.878575e-02;1.238487e-02;2.948873e-02
7.524811e-02;5.291857e-02;1.101668e-01;3.962399e-02;5.781710e-02;1.088113e-01;2.077866e-01;9.846554e-02;1.229133e-01;4.606909e-02;2.892652e-02;5.125317e-02
6.415837e-02;1.911983e-02;1.309330e-01;9.154890e-02;6.715626e-02;7.935392e-02;1.667241e-01;7.211120e-02;1.065789e-01;5.062015e-02;7.147764e-02;8.021776e-02
4.194842e-02;3.756507e-02;2.446396e-01;1.142134e-01;7.084502e-02;4.420223e-02;1.090732e-01;5.109723e-02;5.170781e-02;6.266644e-02;9.889778e-02;7.314388e-02
3.003568e-02;4.789105e-02;3.862592e-01;9.101787e-02;3.712544e-02;2.153224e-02;7.378872e-02;3.767284e-02;4.118270e-02;1.172540e-01;7.461757e-02;4.162270e-02
2.604876e-02;6.642129e-02;4.253637e-01;5.121751e-02;1.385470e-02;1.704867e-02;5.305151e-02;4.966717e-02;8.722995e-02;1.538903e-01;3.144477e-02;2.476167e-02
4.546373e-02;2.396517e-01;2.494124e-01;3.292113e-02;1.476324e-02;4.653405e-02;3.060646e-02;4.744060e-02;1.638281e-01;9.596103e-02;1.053507e-02;2.288240e-02
5.423410e-02;4.072309e-01;8.645768e-02;3.730071e-02;1.141232e-02;8.100409e-02;2.136363e-02;2.447003e-02;2.176042e-01;2.514971e-02;9.689442e-03;2.408331e-02
3.312105e-02;4.628554e-01;4.883921e-02;3.502036e-02;6.640527e-03;1.013498e-01;9.145392e-03;1.517633e-02;2.511781e-01;1.128649e-02;6.418832e-03;1.896847e-02
4.164949e-02;4.262469e-01;4.584114e-02;2.967629e-02;6.113654e-03;1.090659e-01;8.509978e-03;1.803943e-02;2.760755e-01;1.333684e-02;2.073762e-03;2.337107e-02
2.579819e-02;3.418135e-01;4.107497e-02;4.488361e-02;5.665364e-03;1.084746e-01;1.925129e-02;5.756517e-02;3.173323e-01;1.186771e-02;1.697521e-03;2.457573e-02
1.966273e-02;2.253610e-01;5.142882e-02;5.656062e-02;4.000319e-03;9.349408e-02;5.470572e-02;1.279127e-01;3.187936e-01;1.529771e-02;4.927594e-03;2.785509e-02
4.583950e-02;1.352065e-01;6.555729e-02;4.930271e-02;6.785128e-03;7.635398e-02;9.351685e-02;1.828502e-01;2.622244e-01;3.670758e-02;9.382429e-03;3.627344e-02
7.931881e-02;1.195720e-01;9.103741e-02;3.691844e-02;1.448962e-02;7.451170e-02;1.031130e-01;1.617668e-01;1.938787e-01;5.948231e-02;1.677311e-02;4.913804e-02
7.367866e-02;2.480487e-01;1.507531e-01;2.707683e-02;1.532689e-02;8.150908e-02;5.263134e-02;3.745995e-02;1.774302e-01;7.060231e-02;1.957058e-02;4.591231e-02
5.232812e-02;2.630388e-01;1.511609e-01;3.045824e-02;9.824688e-03;8.181168e-02;3.857557e-02;4.456505e-02;2.459224e-01;3.786257e-02;1.469822e-02;2.975378e-02
7.650198e-02;2.881477e-01;1.623391e-01;3.235949e-02;1.378520e-02;7.459214e-02;2.811073e-02;3.130946e-02;2.361303e-01;2.499560e-02;1.281051e-02;1.891766e-02
5.548473e-02;2.831927e-01;2.637192e-01;3.956886e-02;1.317471e-02;4.999134e-02;2.652631e-02;3.050257e-02;1.775283e-01;3.903513e-02;1.110127e-02;1.017487e-02
1.849575e-02;2.764643e-01;3.640323e-01;5.391310e-02;1.072841e-02;3.337184e-02;2.426007e-02;2.650709e-02;1.217939e-01;4.983787e-02;6.937078e-03;1.365826e-02
4.551155e-02;2.391519e-01;4.245569e-01;5.251742e-02;9.761713e-03;3.720663e-02;1.737015e-02;1.483225e-02;8.958696e-02;4.636855e-02;5.623735e-03;1.751226e-02
3.880242e-02;2.497589e-01;4.258919e-01;3.715894e-02;6.140136e-03;2.636725e-02;1.552422e-02;1.783104e-02;1.237523e-01;3.641546e-02;9.280331e-03;1.307714e-02
3.554594e-02;2.306064e-01;4.429767e-01;2.823287e-02;7.428769e-03;2.988236e-02;1.564610e-02;2.662886e-02;1.323572e-01;3.104079e-02;7.117389e-03;1.253649e-02
2.703852e-02;1.710255e-01;4.967996e-01;2.396412e-02;1.520773e-02;3.344441e-02;2.100748e-02;3.875406e-02;9.886932e-02;5.465073e-02;5.820964e-03;1.341761e-02
2.012233e-02;1.238510e-01;5.409490e-01;2.760550e-02;2.902236e-02;1.698534e-02;4.436775e-02;3.058814e-02;4.970839e-02;9.872684e-02;9.891448e-03;8.181904e-03
1.838449e-02;6.837997e-02;5.009976e-01;5.331591e-02;4.708392e-02;3.179644e-02;7.887270e-02;1.724126e-02;4.891812e-02;1.093681e-01;2.126582e-02;4.375620e-03
3.055787e-02;4.860613e-02;3.610784e-01;1.153801e-01;6.443045e-02;6.027303e-02;9.083865e-02;2.752480e-02;7.601895e-02;7.100195e-02;4.672944e-02;7.560270e-03
3.121531e-02;4.554098e-02;2.741304e-01;1.797895e-01;7.128312e-02;4.048361e-02;6.050506e-02;9.616729e-02;7.342625e-02;4.367319e-02;7.443965e-02;9.345577e-03
1.196406e-02;2.780637e-02;1.662673e-01;2.011557e-01;9.130818e-02;5.060288e-02;2.868102e-02;2.154620e-01;4.083543e-02;5.502723e-02;9.743626e-02;1.345365e-02
4.054300e-03;1.974533e-02;7.203059e-02;1.731315e-01;1.250897e-01;5.010657e-02;2.838846e-02;2.723634e-01;2.923386e-02;9.287357e-02;8.192816e-02;5.105458e-02
6.858292e-03;1.545685e-02;6.072670e-02;1.122239e-01;1.710768e-01;4.248741e-02;6.612431e-02;1.636090e-01;1.289781e-01;8.737706e-02;4.084733e-02;1.042342e-01
2.528020e-02;1.037595e-02;5.329310e-02;6.897649e-02;1.836948e-01;7.257697e-02;8.745706e-02;6.029141e-02;2.547629e-01;4.114152e-02;1.889197e-02;1.232577e-01
8.149069e-02;5.977829e-03;3.562580e-02;3.066548e-02;1.445820e-01;1.688853e-01;9.700350e-02;6.975482e-02;2.352417e-01;3.540938e-02;1.015179e-02;8.521172e-02
1.289503e-01;1.143567e-02;1.799911e-02;1.891551e-02;8.691692e-02;2.475976e-01;1.365725e-01;1.363654e-01;7.821298e-02;9.621670e-02;2.430675e-03;3.838659e-02
1.154222e-01;3.391380e-02;1.247005e-02;1.891132e-02;5.206490e-02;2.244798e-01;2.340213e-01;1.318435e-01;4.405575e-02;1.117403e-01;5.927057e-03;1.515005e-02
6.539807e-02;8.623821e-02;1.140056e-02;1.888721e-02;2.404985e-02;1.281222e-01;3.809218e-01;7.394928e-02;1.310228e-01;6.089568e-02;7.330922e-03;1.178336e-02
2.778223e-02;1.142306e-01;1.358504e-02;1.081924e-02;1.469013e-02;3.213398e-02;4.639526e-01;7.636104e-02;2.064242e-01;2.738746e-02;7.639630e-03;4.993873e-03
1.024353e-02;9.029037e-02;4.370977e-02;4.394364e-03;1.213917e-02;3.557480e-02;4.262786e-01;1.714128e-01;1.504550e-01;4.555741e-02;7.202025e-03;2.742164e-03
3.377241e-03;4.202457e-02;1.033157e-01;3.574473e-03;7.196453e-03;3.151474e-02;2.514474e-01;3.425048e-01;6.298641e-02;1.417980e-01;3.915719e-03;6.344405e-03
2.126122e-03;1.528798e-02;1.358288e-01;8.237191e-03;8.245755e-03;4.829771e-02;8.265148e-02;4.271542e-01;5.603777e-02;1.964509e-01;5.817864e-03;1.386423e-02
4.575595e-03;8.016095e-03;1.146029e-01;4.288723e-02;8.919670e-03;9.331646e-02;6.510874e-02;3.476473e-01;1.446681e-01;1.509115e-01;5.639878e-03;1.370658e-02
1.492683e-02;6.953172e-03;5.580110e-02;1.462611e-01;6.614220e-03;7.881175e-02;5.917142e-02;1.491506e-01;4.035736e-01;7.050977e-02;2.221900e-03;6.004569e-03
2.726856e-02;4.505229e-03;1.248801e-02;2.046815e-01;5.999194e-03;2.227444e-02;7.098932e-02;6.227154e-02;5.478868e-01;3.270724e-02;2.084217e-03;6.843885e-03
3.451492e-02;4.657757e-03;9.158314e-03;1.894356e-01;1.661993e-02;1.219939e-02;1.322516e-01;2.671657e-02;5.178057e-01;4.401587e-02;6.617807e-03;6.006503e-03
4.059701e-02;4.550905e-03;1.086436e-02;1.318149e-01;5.003669e-02;2.197061e-02;1.976333e-01;3.098376e-02;3.886535e-01;1.048249e-01;9.129359e-03;8.940791e-03
2.931425e-02;8.124217e-03;1.802603e-02;7.429449e-02;1.265880e-01;2.577721e-02;1.674609e-01;3.409642e-02;2.695495e-01;2.313200e-01;7.860024e-03;7.588947e-03
1.911957e-02;9.709729e-03;1.291366e-02;4.545092e-02;1.608288e-01;1.826588e-02;6.393073e-02;2.407517e-02;3.708811e-01;2.586001e-01;1.057361e-02;5.650565e-03
1.783651e-02;7.300127e-03;1.483322e-02;7.438542e-02;1.184260e-01;1.238219e-02;2.793494e-02;3.252738e-02;4.862496e-01;1.917296e-01;1.263577e-02;3.759317e-03
1.709405e-02;1.346761e-02;1.308179e-02;7.385618e-02;7.888917e-02;1.113909e-02;3.519022e-02;6.781634e-02;5.170943e-01;1.506948e-01;1.448279e-02;7.193651e-03
2.850448e-02;2.853145e-02;1.862571e-02;3.997768e-02;8.770686e-02;9.886381e-03;4.987097e-02;9.188612e-02;4.291851e-01;1.866786e-01;1.694130e-02;1.220533e-02
9.977527e-02;3.921970e-02;5.078011e-02;7.501848e-02;1.195203e-01;1.540603e-02;1.075808e-01;8.980816e-02;1.677734e-01;1.905193e-01;1.715737e-02;2.744104e-02
9.935497e-02;4.422237e-02;9.723479e-02;6.209075e-02;9.551390e-02;2.009159e-02;1.307619e-01;6.892176e-02;2.053864e-01;9.554835e-02;2.781709e-02;5.305615e-02
9.100410e-02;4.138306e-02;8.747336e-02;8.179212e-02;1.356135e-01;2.202759e-02;8.779936e-02;4.736099e-02;2.122580e-01;1.026407e-01;3.546374e-02;5.518353e-02
8.497260e-02;3.585275e-02;4.520305e-02;6.035812e-02;2.016778e-01;1.522611e-02;4.865203e-02;3.430384e-02;1.595932e-01;2.327833e-01;4.542480e-02;3.595235e-02
4.976424e-02;1.400462e-02;1.985989e-02;1.175836e-01;1.236555e-01;9.013235e-03;4.656209e-02;4.493192e-02;3.030616e-01;2.185750e-01;3.338186e-02;1.960656e-02
5.048643e-02;6.245123e-03;2.425817e-02;1.901158e-01;2.790729e-02;8.802230e-03;3.405415e-02;3.356083e-02;4.476667e-01;1.475086e-01;1.426842e-02;1.512623e-02
3.416898e-02;5.415630e-03;7.156266e-02;1.855346e-01;7.386963e-03;1.828618e-02;2.787354e-02;6.404419e-02;4.396094e-01;1.214988e-01;1.378597e-02;1.083308e-02
1.386772e-02;7.584020e-03;2.262067e-01;1.054178e-01;8.211499e-03;2.484561e-02;3.490408e-02;1.634287e-01;2.619040e-01;1.071883e-01;1.016142e-02;3.628002e-02
8.096689e-03;3.290944e-02;3.497931e-01;3.919929e-02;7.221596e-03;1.828514e-02;6.254883e-02;2.267636e-01;9.143955e-02;1.145060e-01;5.746977e-03;4.348983e-02
1.054422e-02;1.165904e-01;3.125135e-01;2.842079e-02;1.084858e-02;1.263500e-02;1.275208e-01;1.759182e-01;6.721535e-02;9.095095e-02;1.289821e-02;3.394394e-02
1.814718e-02;2.336228e-01;1.920956e-01;3.604001e-02;1.450893e-02;1.700142e-02;2.435107e-01;8.494114e-02;5.447134e-02;3.245726e-02;3.051538e-02;4.268819e-02
2.577239e-02;2.323161e-01;1.023552e-01;5.239382e-02;2.061784e-02;5.020480e-02;2.932253e-01;4.366405e-02;5.865636e-02;2.179706e-02;4.419377e-02;5.480344e-02
7.355943e-02;1.239784e-01;5.178696e-02;7.085456e-02;3.817289e-02;9.369534e-02;2.435019e-01;5.138436e-02;5.399448e-02;5.713670e-02;6.789726e-02;7.403776e-02
6.964873e-02;6.220642e-02;6.468035e-02;5.560758e-02;5.151410e-02;7.966311e-02;2.385892e-01;6.007782e-02;4.856534e-02;9.566753e-02;1.005890e-01;7.319088e-02
6.157972e-02;2.457719e-02;4.553610e-02;4.880774e-02;4.964070e-02;9.820745e-02;2.866263e-01;8.525435e-02;4.923237e-02;1.502784e-01;5.429427e-02;4.596539e-02
7.086618e-02;4.062823e-02;3.019746e-02;4.139034e-02;4.995689e-02;1.107414e-01;2.756566e-01;9.294664e-02;3.897364e-02;1.850937e-01;3.877798e-02;2.477089e-02
7.678992e-02;4.395746e-02;2.160383e-02;4.494789e-02;5.929849e-02;1.082120e-01;3.033737e-01;6.364337e-02;2.660672e-02;1.996701e-01;2.986024e-02;2.203625e-02
6.668649e-02;4.505480e-02;2.987042e-02;4.021466e-02;5.494420e-02;9.197578e-02;4.012445e-01;3.479560e-02;2.264166e-02;1.487347e-01;5.261878e-02;1.121848e-02
5.082596e-02;6.660344e-02;3.585646e-02;2.086799e-02;4.171984e-02;6.923347e-02;4.721945e-01;3.236943e-02;4.459389e-02;7.780014e-02;6.776139e-02;2.017355e-02
4.391975e-02;7.758499e-02;9.912123e-02;2.310389e-02;3.803981e-02;4.777101e-02;3.895687e-01;7.321505e-02;7.083114e-02;5.658917e-02;5.497081e-02;2.528452e-02
4.625427e-02;6.476685e-02;1.609575e-01;4.186840e-02;2.827237e-02;6.499563e-02;2.225614e-01;1.525579e-01;8.418295e-02;7.365099e-02;3.713189e-02;2.279976e-02
2.768293e-02;3.806373e-02;1.406707e-01;6.342598e-02;1.526951e-02;9.365156e-02;1.483259e-01;1.974965e-01;1.646114e-01;7.694881e-02;1.909697e-02;1.475603e-02
2.514439e-02;1.598318e-02;5.610333e-02;9.294271e-02;1.463415e-02;7.520526e-02;1.810180e-01;1.485316e-01;3.081233e-01;7.207957e-02;4.540323e-03;5.694234e-03
2.408806e-02;1.963563e-02;1.228538e-02;7.811929e-02;3.960473e-02;2.294051e-02;1.903884e-01;1.572122e-01;2.919183e-01;1.454053e-01;9.729280e-03;8.672974e-03
1.122525e-02;2.685605e-02;1.299401e-02;2.764350e-02;5.541147e-02;1.950377e-02;1.147325e-01;3.480909e-01;1.286398e-01;2.218170e-01;2.307817e-02;1.000759e-02
7.831268e-03;2.321181e-02;1.444517e-02;1.466418e-02;3.732037e-02;4.726163e-02;3.748177e-02;4.268040e-01;1.612796e-01;1.681223e-01;5.029853e-02;1.127939e-02
2.395946e-02;1.204914e-02;1.111594e-02;1.421759e-02;1.578262e-02;5.676796e-02;4.495675e-02;2.196773e-01;4.021191e-01;1.059700e-01;5.947346e-02;3.391064e-02
5.618786e-02;1.223407e-02;8.775007e-03;1.323992e-02;1.262624e-02;3.317837e-02;7.523176e-02;6.023034e-02;3.986656e-01;2.171142e-01;3.759020e-02;7.492640e-02
9.695297e-02;1.599279e-02;1.373458e-02;1.629846e-02;9.851209e-03;1.721256e-02;9.635058e-02;3.784857e-02;1.988299e-01;3.358283e-01;2.917900e-02;1.319210e-01
1.169604e-01;2.275368e-02;1.836581e-02;1.887897e-02;1.286339e-02;2.158643e-02;1.084835e-01;5.208785e-02;8.271707e-02;2.871931e-01;4.005546e-02;2.180543e-01
1.948256e-01;3.355986e-02;2.628042e-02;1.119546e-02;1.942089e-02;1.791983e-02;1.002323e-01;6.078335e-02;8.088282e-02;1.183318e-01;4.835874e-02;2.882090e-01
2.562008e-01;4.690515e-02;2.061092e-02;1.481385e-02;1.214133e-02;1.924989e-02;1.051067e-01;3.776078e-02;6.612730e-02;7.131103e-02;4.525530e-02;3.045169e-01
1.471946e-01;3.785652e-02;2.929383e-02;2.228860e-02;1.220628e-02;1.938731e-02;1.241363e-01;4.786372e-02;5.412116e-02;8.639415e-02;6.143363e-02;3.578238e-01
1.578023e-01;3.688512e-02;2.611458e-02;2.426425e-02;1.128692e-02;1.117173e-02;1.064207e-01;3.901494e-02;3.995992e-02;6.496269e-02;7.181866e-02;4.102983e-01
2.427604e-01;2.504834e-02;1.705878e-02;1.649917e-02;8.773165e-03;7.877316e-03;9.218260e-02;3.098113e-02;2.119473e-02;4.750537e-02;5.316098e-02;4.369580e-01
2.313986e-01;2.816627e-02;1.545732e-02;9.922302e-03;9.512017e-03;6.675222e-03;9.622411e-02;1.831614e-02;2.192794e-02;4.323185e-02;8.430507e-02;4.348631e-01
1.863306e-01;2.670776e-02;3.151720e-02;1.696131e-02;1.228073e-02;1.034381e-02;9.664272e-02;2.674015e-02;3.654487e-02;4.269922e-02;1.343262e-01;3.789054e-01
1.149440e-01;5.247709e-02;5.668153e-02;2.504146e-02;2.686262e-02;2.911772e-02;8.543721e-02;6.631989e-02;4.219119e-02;6.321567e-02;1.971750e-01;2.405366e-01
1.869231e-01;1.360587e-01;1.111532e-01;1.938018e-02;3.560507e-02;3.195903e-02;4.657974e-02;8.560503e-02;4.791718e-02;6.119779e-02;1.052163e-01;1.324047e-01
3.504925e-01;2.269181e-01;1.285894e-01;1.799529e-02;2.364251e-02;1.630926e-02;1.631995e-02;6.094063e-02;4.382223e-02;2.856806e-02;1.608776e-02;7.031432e-02
3.210972e-01;3.219878e-01;1.578863e-01;9.351693e-03;1.373222e-02;2.053267e-02;8.934662e-03;3.542446e-02;6.008229e-02;1.389933e-02;3.239976e-03;3.383136e-02
1.549992e-01;4.391579e-01;2.111203e-01;6.419095e-03;1.137443e-02;3.351557e-02;8.894200e-03;1.662206e-02;7.978029e-02;1.194249e-02;5.217841e-03;2.095666e-02
9.587405e-02;4.955263e-01;2.231645e-01;6.851808e-03;1.261005e-02;3.127614e-02;8.173746e-03;1.163345e-02;8.699738e-02;9.435817e-03;6.295366e-03;1.216147e-02
2.051620e-01;4.760842e-01;1.511085e-01;7.984426e-03;8.382578e-03;1.898985e-02;4.802627e-03;1.527621e-02;9.552680e-02;4.869330e-03;3.970627e-03;7.842877e-03
4.129752e-01;3.627027e-01;6.648675e-02;5.905287e-03;9.204293e-03;9.318360e-03;8.137922e-03;3.906366e-02;5.069328e-02;3.669105e-03;1.827680e-03;3.001575e-02
5.123724e-01;1.623463e-01;3.638033e-02;9.047542e-03;6.988464e-03;8.410733e-03;3.368627e-02;5.717536e-02;3.189491e-02;1.177656e-02;1.665995e-02;1.132611e-01
3.723556e-01;2.650558e-02;3.140168e-02;1.087515e-02;7.678081e-03;5.010574e-02;8.416100e-02;4.411593e-02;3.728924e-02;3.006354e-02;8.207114e-02;2.233773e-01
1.671298e-01;5.126890e-02;2.442244e-02;6.472410e-03;3.796169e-02;1.494374e-01;8.026668e-02;2.657087e-02;5.675344e-02;6.914016e-02;1.526995e-01;1.778768e-01
7.228664e-02;4.217472e-02;1.717783e-02;2.728894e-02;1.010894e-01;2.199152e-01;5.305361e-02;2.690579e-02;1.088179e-01;1.379114e-01;1.314703e-01;6.190836e-02
5.061699e-02;3.731548e-02;4.885174e-02;6.941579e-02;1.139361e-01;1.628925e-01;8.890010e-02;7.062236e-02;1.672268e-01;1.356482e-01;3.984292e-02;1.473091e-02
4.848109e-02;6.122408e-02;1.038146e-01;7.264826e-02;5.480129e-02;9.026076e-02;1.928031e-01;1.156124e-01;1.445419e-01;6.371585e-02;2.971241e-02;2.238418e-02
5.310188e-02;9.712386e-02;1.040913e-01;4.171228e-02;3.784682e-02;8.542580e-02;2.949762e-01;1.093448e-01;8.049936e-02;4.854956e-02;2.486645e-02;2.246173e-02
5.705111e-02;8.095396e-02;6.160218e-02;3.793193e-02;6.818749e-02;1.383343e-01;2.699106e-01;8.700376e-02;7.905153e-02;7.541017e-02;2.127085e-02;2.329216e-02
6.329358e-02;4.792304e-02;3.913604e-02;4.346223e-02;9.787369e-02;1.688435e-01;1.864892e-01;8.281739e-02;1.417637e-01;7.471050e-02;1.315050e-02;4.053665e-02
3.187267e-02;2.153419e-02;6.466772e-02;5.337071e-02;1.117619e-01;1.165764e-01;1.741845e-01;8.769456e-02;1.528677e-01;1.234954e-01;2.335815e-02;3.861617e-02
2.438672e-02;1.037332e-02;1.397921e-01;6.766587e-02;7.814408e-02;8.548977e-02;1.060512e-01;1.387535e-01;1.440989e-01;1.527292e-01;3.662615e-02;1.588919e-02
3.765984e-02;3.449970e-02;2.284285e-01;4.977920e-02;4.058830e-02;6.634351e-02;4.939046e-02;1.068118e-01;2.174608e-01;1.327794e-01;2.509954e-02;1.115890e-02
