3.048646e-02;8.371506e-02;8.985137e-02;7.329551e-02;1.252805e-01;1.516099e-01;9.509116e-02;4.552125e-02;5.313439e-02;9.993387e-02;1.102109e-01;4.186969e-02
2.892155e-02;6.793530e-02;1.191757e-01;8.544923e-02;1.094058e-01;1.106063e-01;1.175499e-01;3.903704e-02;8.100544e-02;1.111522e-01;9.776381e-02;3.199780e-02
3.907099e-02;6.076501e-02;1.585577e-01;5.985473e-02;8.320160e-02;8.920480e-02;1.046652e-01;5.845254e-02;8.430229e-02;1.142190e-01;9.115147e-02;5.655464e-02
5.236990e-02;5.264850e-02;1.781997e-01;2.914256e-02;7.523821e-02;6.601930e-02;7.882240e-02;8.142113e-02;7.709477e-02;1.478686e-01;9.992922e-02;6.124576e-02
7.605179e-02;7.294621e-02;1.391882e-01;3.332193e-02;9.787116e-02;5.394211e-02;5.482682e-02;6.627630e-02;8.739639e-02;1.410663e-01;8.672801e-02;9.038481e-02
9.241015e-02;5.394931e-02;8.735542e-02;3.798435e-02;1.401470e-01;7.626712e-02;5.343433e-02;4.783735e-02;1.050208e-01;1.185715e-01;8.937337e-02;9.764928e-02
9.598228e-02;3.906750e-02;9.336933e-02;1.812999e-02;1.473876e-01;7.996362e-02;6.212270e-02;6.780174e-02;1.092789e-01;1.205888e-01;1.033973e-01;6.291021e-02
6.236031e-02;3.894512e-02;1.532504e-01;4.339437e-02;1.047991e-01;4.586678e-02;1.061612e-01;7.544997e-02;1.208615e-01;8.955254e-02;1.106496e-01;4.870913e-02
6.142471e-02;3.930097e-02;1.164274e-01;1.291438e-01;1.111141e-01;5.933774e-02;8.191566e-02;4.694183e-02;9.631556e-02;7.719121e-02;8.455383e-02;9.633324e-02
7.241853e-02;5.639387e-02;1.121409e-01;1.540157e-01;8.124657e-02;6.752270e-02;6.704158e-02;4.425786e-02;1.030915e-01;7.810004e-02;6.532231e-02;9.844841e-02
7.314108e-02;1.113941e-01;9.260572e-02;1.370112e-01;6.810480e-02;6.674401e-02;5.393127e-02;4.743076e-02;1.309143e-01;9.603386e-02;4.713114e-02;7.555769e-02
4.948045e-02;1.809292e-01;1.325143e-01;8.765078e-02;5.905459e-02;6.058765e-02;3.449696e-02;4.679649e-02;1.536280e-01;1.227002e-01;3.046913e-02;4.169238e-02
1.713195e-02;1.950297e-01;2.493615e-01;3.851946e-02;4.282704e-02;3.808842e-02;2.562876e-02;4.471489e-02;1.404134e-01;1.767312e-01;1.708924e-02;1.446448e-02
2.045279e-02;1.797738e-01;2.761489e-01;4.718891e-02;3.038847e-02;2.656964e-02;2.664606e-02;4.078255e-02;1.147655e-01;1.896682e-01;1.924459e-02;2.837064e-02
1.924932e-02;1.364727e-01;2.362932e-01;7.674216e-02;3.449377e-02;2.076683e-02;3.308031e-02;2.500304e-02;8.960366e-02;2.197797e-01;7.881030e-02;2.970497e-02
2.534510e-02;1.026406e-01;1.668864e-01;1.100539e-01;2.910140e-02;2.724324e-02;4.356818e-02;2.223282e-02;7.912957e-02;2.447985e-01;1.311125e-01;1.788782e-02
2.627302e-02;6.983824e-02;1.729979e-01;1.440152e-01;2.638905e-02;2.989933e-02;5.318292e-02;2.704883e-02;8.564025e-02;1.955762e-01;1.574861e-01;1.165290e-02
2.390089e-02;8.437538e-02;2.276543e-01;1.198461e-01;3.531697e-02;2.420427e-02;5.508558e-02;4.061602e-02;9.144520e-02;1.077208e-01;1.720116e-01;1.782295e-02
4.066920e-02;1.181833e-01;2.051132e-01;5.507911e-02;4.651506e-02;1.740660e-02;8.249454e-02;3.637094e-02;9.550590e-02;1.067196e-01;1.693998e-01;2.654276e-02
4.911243e-02;9.717845e-02;2.615374e-01;4.619272e-02;5.472704e-02;2.039267e-02;7.221947e-02;4.963673e-02;1.037792e-01;8.181436e-02;1.226976e-01;4.071194e-02
3.527772e-02;1.100074e-01;2.590783e-01;4.585065e-02;4.623641e-02;4.313421e-02;4.370127e-02;4.480509e-02;1.348473e-01;1.116011e-01;8.913551e-02;3.632508e-02
2.669058e-02;1.327914e-01;2.252320e-01;4.223456e-02;4.721083e-02;6.291644e-02;7.479498e-02;4.444143e-02;1.312921e-01;9.185785e-02;9.309217e-02;2.744557e-02
3.861251e-02;1.108902e-01;2.107705e-01;6.279438e-02;4.168224e-02;4.254822e-02;7.022704e-02;5.626471e-02;8.248154e-02;1.539224e-01;1.042965e-01;2.550979e-02
3.388105e-02;9.264376e-02;2.202077e-01;7.741619e-02;3.200904e-02;4.408973e-02;7.441084e-02;4.690056e-02;7.683090e-02;1.959727e-01;8.505956e-02;2.057796e-02
3.416228e-02;8.953865e-02;2.122538e-01;8.720151e-02;2.738325e-02;5.854609e-02;6.694575e-02;3.123957e-02;9.675247e-02;1.868800e-01;8.104081e-02;2.805584e-02
7.011479e-02;1.319014e-01;2.319619e-01;5.843299e-02;3.518062e-02;5.558473e-02;3.982324e-02;6.614807e-02;7.419427e-02;1.262442e-01;7.162474e-02;3.878907e-02
5.635813e-02;1.646974e-01;2.066889e-01;6.751787e-02;4.790147e-02;3.507181e-02;6.312238e-02;8.186956e-02;6.921232e-02;1.461078e-01;2.596121e-02;3.549120e-02
3.708980e-02;1.744505e-01;1.699692e-01;6.650860e-02;6.651689e-02;4.253745e-02;6.691451e-02;5.241045e-02;8.089808e-02;1.670398e-01;3.456102e-02;4.110368e-02
3.729301e-02;1.367052e-01;1.355831e-01;1.060162e-01;6.833034e-02;5.515233e-02;4.874180e-02;4.922087e-02;1.013653e-01;1.536865e-01;6.333169e-02;4.457366e-02
5.480994e-02;6.903847e-02;1.249414e-01;1.354550e-01;7.722741e-02;5.809032e-02;6.573829e-02;6.725643e-02;1.029372e-01;1.254983e-01;6.629951e-02;5.270774e-02
5.069540e-02;3.523047e-02;1.607060e-01;8.512222e-02;1.304633e-01;7.707070e-02;1.299547e-01;5.424117e-02;8.170615e-02;7.920673e-02;4.378607e-02;7.181705e-02
3.161777e-02;3.782400e-02;1.360314e-01;1.360095e-01;1.760201e-01;6.414728e-02;1.333285e-01;3.028258e-02;4.574322e-02;5.427919e-02;8.078274e-02;7.393381e-02
1.477257e-02;3.384508e-02;1.345342e-01;2.218075e-01;2.070801e-01;4.741823e-02;7.795507e-02;2.163556e-02;2.803984e-02;4.516998e-02;1.112872e-01;5.645473e-02
9.541205e-03;1.744307e-02;1.433622e-01;3.443413e-01;1.673654e-01;3.357540e-02;2.852868e-02;2.872013e-02;1.655092e-02;4.063778e-02;1.466021e-01;2.333174e-02
1.010962e-02;1.341469e-02;1.309940e-01;3.975705e-01;1.366783e-01;2.069647e-02;2.491727e-02;2.724661e-02;1.098016e-02;2.642469e-02;1.628576e-01;3.811022e-02
1.022760e-02;1.420617e-02;1.072119e-01;3.395929e-01;2.132712e-01;2.146061e-02;1.721804e-02;1.996218e-02;1.220746e-02;3.164856e-02;1.299703e-01;8.302312e-02
8.763833e-03;8.002466e-03;7.094762e-02;2.086181e-01;3.643235e-01;4.137669e-02;2.751849e-02;1.097753e-02;1.140795e-02;3.485364e-02;6.186309e-02;1.513471e-01
2.051576e-02;6.314317e-03;4.382795e-02;9.240119e-02;4.806295e-01;8.674543e-02;2.616636e-02;6.581860e-03;1.891439e-02;2.341563e-02;1.393362e-02;1.805540e-01
3.746974e-02;6.616296e-03;3.279296e-02;5.124450e-02;3.872086e-01;2.288757e-01;3.624855e-02;8.522041e-03;3.142975e-02;1.533173e-02;2.491255e-02;1.393475e-01
5.416749e-02;4.746902e-03;3.024788e-02;4.109365e-02;2.435176e-01;3.842955e-01;6.172562e-02;1.348030e-02;2.898399e-02;2.408057e-02;2.848301e-02;8.517744e-02
8.829988e-02;7.219063e-03;2.376254e-02;6.324110e-02;2.056978e-01;3.889732e-01;5.627910e-02;2.072318e-02;3.442973e-02;5.330107e-02;3.026560e-02;2.780775e-02
1.194747e-01;7.562643e-03;2.251044e-02;5.950335e-02;1.628717e-01;3.265587e-01;6.663368e-02;2.407662e-02;2.300672e-02;1.447473e-01;2.454441e-02;1.850977e-02
1.179020e-01;5.573684e-03;2.726018e-02;4.597723e-02;1.232672e-01;2.856323e-01;6.722739e-02;2.567627e-02;2.369565e-02;2.309113e-01;1.460929e-02;3.226767e-02
9.834097e-02;8.670916e-03;3.842004e-02;4.269311e-02;1.822780e-01;2.114178e-01;6.829198e-02;3.267406e-02;7.925771e-02;1.811922e-01;1.741193e-02;3.935133e-02
1.162487e-01;1.629312e-02;3.521493e-02;3.620702e-02;1.618334e-01;1.947234e-01;1.407395e-01;6.216696e-02;9.713091e-02;7.247379e-02;2.011223e-02;4.685593e-02
1.316913e-01;2.960748e-02;3.653174e-02;4.394361e-02;1.459695e-01;1.543027e-01;1.722232e-01;8.500256e-02;7.205772e-02;8.862694e-02;1.577565e-02;2.426758e-02
1.086399e-01;4.497928e-02;4.761380e-02;4.970361e-02;1.441879e-01;1.183233e-01;2.240082e-01;7.554507e-02;4.451502e-02;8.651622e-02;1.767611e-02;3.829169e-02
6.314120e-02;4.450418e-02;4.955965e-02;4.745550e-02;1.063827e-01;1.398569e-01;3.411459e-01;6.549085e-02;3.541391e-02;5.555581e-02;1.789698e-02;3.359648e-02
5.105187e-02;2.900000e-02;7.909571e-02;5.724275e-02;1.427493e-01;1.636978e-01;3.068540e-01;4.876379e-02;3.408601e-02;4.349442e-02;1.608354e-02;2.788079e-02
4.624709e-02;2.984699e-02;1.652667e-01;8.616199e-02;1.858213e-01;1.783964e-01;1.436737e-01;4.223591e-02;4.204888e-02;3.422032e-02;1.532601e-02;3.075467e-02
5.872621e-02;3.508554e-02;1.220223e-01;8.252317e-02;1.850881e-01;1.560252e-01;1.295555e-01;6.696716e-02;4.194827e-02;7.104436e-02;2.096713e-02;3.004711e-02
4.539340e-02;5.041944e-02;7.375043e-02;5.477707e-02;2.086930e-01;1.387536e-01;1.592944e-01;8.518367e-02;3.256198e-02;1.082830e-01;1.961822e-02;2.327179e-02
4.391651e-02;3.974079e-02;4.998347e-02;3.928755e-02;1.543967e-01;9.549884e-02;2.896142e-01;6.573179e-02;3.231499e-02;8.825400e-02;3.188021e-02;6.938094e-02
6.898121e-02;1.674832e-02;3.881599e-02;3.090104e-02;1.521522e-01;1.421857e-01;2.315741e-01;4.446865e-02;3.019010e-02;1.212704e-01;3.474946e-02;8.796286e-02
1.005512e-01;9.676437e-03;3.905305e-02;4.963773e-02;1.820090e-01;1.719252e-01;9.692373e-02;3.761489e-02;5.262979e-02;1.684690e-01;2.341688e-02;6.809302e-02
1.401737e-01;1.480218e-02;7.647032e-02;6.009165e-02;1.626562e-01;1.278126e-01;1.122873e-01;2.942615e-02;5.256498e-02;1.245912e-01;1.774183e-02;8.138192e-02
1.870093e-01;2.129964e-02;8.497424e-02;5.408759e-02;1.161421e-01;1.394762e-01;7.704528e-02;3.244323e-02;5.162634e-02;1.258522e-01;2.243361e-02;8.761027e-02
1.302931e-01;5.208461e-02;7.765242e-02;4.611734e-02;7.753547e-02;1.419604e-01;1.796857e-01;3.037325e-02;3.451968e-02;1.536406e-01;2.938954e-02;4.674802e-02
8.269237e-02;8.792353e-02;1.601331e-01;4.926108e-02;1.314162e-01;1.161295e-01;1.761636e-01;2.372580e-02;3.536953e-02;7.758092e-02;2.544293e-02;3.416149e-02
1.187243e-01;1.372255e-01;2.276364e-01;4.257776e-02;1.007798e-01;9.262418e-02;8.486160e-02;1.854287e-02;6.664096e-02;4.743740e-02;2.479656e-02;3.815276e-02
1.680014e-01;2.079298e-01;2.300933e-01;3.475487e-02;6.179599e-02;6.640635e-02;3.568312e-02;1.657226e-02;9.904726e-02;4.098642e-02;1.741219e-02;2.131696e-02
2.201818e-01;2.369659e-01;1.936988e-01;2.445881e-02;3.219094e-02;4.262875e-02;3.974298e-02;2.151855e-02;9.139263e-02;5.161745e-02;2.818952e-02;1.741390e-02
2.712466e-01;1.893729e-01;1.580288e-01;1.586184e-02;2.820018e-02;2.778312e-02;5.947061e-02;3.854328e-02;8.204910e-02;6.502844e-02;3.809774e-02;2.631734e-02
2.898881e-01;1.277936e-01;1.292276e-01;1.791563e-02;3.970216e-02;2.150801e-02;5.558116e-02;6.214313e-02;9.874649e-02;7.774387e-02;4.370806e-02;3.604206e-02
1.875106e-01;1.354268e-01;9.694585e-02;2.423928e-02;6.993748e-02;4.047050e-02;7.082053e-02;5.910325e-02;9.860403e-02;1.142281e-01;5.331669e-02;4.939697e-02
1.977808e-01;1.339151e-01;5.981332e-02;2.757527e-02;9.249447e-02;8.353330e-02;9.404427e-02;3.270426e-02;7.748266e-02;8.516613e-02;6.215396e-02;5.333639e-02
2.195849e-01;1.104869e-01;1.027017e-01;3.458802e-02;8.609421e-02;1.101215e-01;8.331181e-02;5.682870e-02;6.170442e-02;6.620738e-02;3.946795e-02;2.890250e-02
1.989742e-01;1.224751e-01;1.187140e-01;4.101099e-02;5.615680e-02;1.030342e-01;9.328897e-02;5.996175e-02;5.633650e-02;6.509829e-02;3.139062e-02;5.355853e-02
1.882439e-01;9.981001e-02;1.098272e-01;4.377962e-02;5.894201e-02;8.871442e-02;9.958363e-02;6.605478e-02;7.362512e-02;6.565901e-02;3.325969e-02;7.250059e-02
1.625052e-01;7.325857e-02;1.816922e-01;5.482211e-02;6.500582e-02;1.194336e-01;6.952460e-02;5.561261e-02;7.839614e-02;5.721712e-02;2.651457e-02;5.601742e-02
1.639057e-01;1.279491e-01;1.982842e-01;3.945557e-02;6.373123e-02;1.109841e-01;5.725605e-02;4.372358e-02;5.965382e-02;4.377573e-02;4.989898e-02;4.138201e-02
1.095837e-01;1.194432e-01;1.729449e-01;1.892776e-02;8.549217e-02;7.357456e-02;8.796444e-02;5.252534e-02;6.169179e-02;8.665065e-02;7.256006e-02;5.864146e-02
5.731746e-02;4.370710e-02;1.116642e-01;4.192007e-02;9.238850e-02;8.286434e-02;2.132899e-01;9.402581e-02;5.634140e-02;5.677949e-02;4.571143e-02;1.039904e-01
5.593088e-02;2.746942e-02;7.127777e-02;6.107713e-02;1.049298e-01;8.465948e-02;2.023462e-01;8.873334e-02;5.623595e-02;5.053740e-02;4.653990e-02;1.502627e-01
3.608387e-02;2.997630e-02;5.869733e-02;9.386668e-02;8.449440e-02;6.559718e-02;1.457119e-01;8.309926e-02;4.346535e-02;6.281168e-02;1.240981e-01;1.720979e-01
1.575557e-02;3.032560e-02;6.627411e-02;1.755562e-01;3.999626e-02;3.815147e-02;7.114501e-02;6.634155e-02;3.653945e-02;7.260717e-02;2.418850e-01;1.454226e-01
2.553633e-02;1.551864e-02;1.281876e-01;2.269343e-01;3.211277e-02;1.856146e-02;3.994095e-02;3.599475e-02;4.116467e-02;8.885049e-02;2.798279e-01;6.737010e-02
3.779155e-02;1.324834e-02;2.663335e-01;1.684147e-01;2.170879e-02;8.887419e-03;6.178887e-02;2.418974e-02;4.360226e-02;1.287740e-01;2.032746e-01;2.198622e-02
4.982316e-02;1.025130e-02;4.193546e-01;4.566002e-02;9.922454e-03;6.652737e-03;1.044238e-01;2.401413e-02;3.748011e-02;1.697538e-01;1.020814e-01;2.058248e-02
4.281358e-02;2.861202e-02;4.187494e-01;4.908644e-02;1.468091e-02;1.231758e-02;1.055347e-01;1.955973e-02;3.440848e-02;1.946887e-01;5.289743e-02;2.665103e-02
4.090703e-02;5.307351e-02;3.394346e-01;3.798661e-02;2.615877e-02;2.193932e-02;9.111475e-02;2.845574e-02;4.502580e-02;2.294662e-01;5.127984e-02;3.515792e-02
4.774203e-02;5.815008e-02;2.283261e-01;5.576013e-02;3.826579e-02;2.923308e-02;9.901267e-02;5.347117e-02;2.479538e-02;2.386209e-01;7.654534e-02;5.007729e-02
5.078010e-02;5.975259e-02;1.729161e-01;6.844281e-02;3.349283e-02;2.674139e-02;1.263729e-01;6.860169e-02;5.482567e-02;1.926574e-01;7.549001e-02;6.992655e-02
3.141242e-02;3.946748e-02;2.864994e-01;5.219838e-02;3.965846e-02;2.445286e-02;1.181558e-01;6.480911e-02;7.390918e-02;1.127228e-01;9.689612e-02;5.981800e-02
2.924039e-02;3.455306e-02;2.877791e-01;9.540194e-02;4.504225e-02;1.259120e-02;5.967775e-02;5.736111e-02;3.570791e-02;1.696996e-01;1.533907e-01;1.955500e-02
3.609708e-02;3.374428e-02;2.350333e-01;1.018039e-01;3.748053e-02;1.567190e-02;4.063775e-02;7.995969e-02;3.155978e-02;1.704698e-01;1.813061e-01;3.623591e-02
3.248958e-02;4.554240e-02;1.479310e-01;5.642768e-02;3.642292e-02;3.084029e-02;9.742875e-02;9.466472e-02;1.984851e-02;1.945998e-01;1.831899e-01;6.061441e-02
2.691857e-02;5.439857e-02;1.196595e-01;4.908096e-02;3.386045e-02;3.810859e-02;1.685988e-01;7.681249e-02;3.553344e-02;2.215121e-01;1.136024e-01;6.191419e-02
5.018338e-02;3.766225e-02;1.156982e-01;5.710445e-02;2.999324e-02;3.431539e-02;1.586453e-01;7.179177e-02;5.822887e-02;2.435656e-01;9.314293e-02;4.966870e-02
5.776909e-02;3.287629e-02;1.404938e-01;7.894909e-02;4.000822e-02;4.775936e-02;1.188199e-01;5.104921e-02;7.383503e-02;1.732166e-01;1.417491e-01;4.347433e-02
4.861719e-02;4.034206e-02;1.065300e-01;1.122468e-01;4.628666e-02;4.669547e-02;8.562613e-02;3.709168e-02;6.609904e-02;1.191672e-01;2.296622e-01;6.163556e-02
4.685801e-02;2.560885e-02;1.707894e-01;1.005823e-01;3.293746e-02;2.270160e-02;4.657080e-02;1.756063e-02;7.517915e-02;9.772114e-02;3.109136e-01;5.257704e-02
6.100119e-02;1.533187e-02;2.790841e-01;6.490044e-02;1.759845e-02;5.828280e-03;5.436576e-02;1.139472e-02;5.858142e-02;1.742482e-01;2.367812e-01;2.088441e-02
6.137200e-02;2.539684e-02;3.517519e-01;3.211258e-02;1.835315e-02;3.953683e-03;6.301988e-02;1.835398e-02;3.787681e-02;2.441962e-01;1.322716e-01;1.134139e-02
5.110994e-02;6.066619e-02;2.935220e-01;9.512206e-03;2.244650e-02;1.071420e-02;5.833068e-02;3.976290e-02;9.719261e-02;2.520282e-01;7.711886e-02;2.759573e-02
6.885739e-02;8.752105e-02;1.690326e-01;2.452140e-02;2.378210e-02;2.459073e-02;5.638377e-02;7.937462e-02;1.619802e-01;1.936169e-01;6.289776e-02;4.744141e-02
7.364136e-02;9.780560e-02;1.095307e-01;3.272700e-02;2.346591e-02;2.813510e-02;7.520436e-02;9.763779e-02;1.742407e-01;1.528362e-01;8.109856e-02;5.367681e-02
3.933024e-02;6.604760e-02;1.944391e-01;2.281632e-02;2.410277e-02;2.313756e-02;4.348575e-02;6.661955e-02;1.896849e-01;2.141378e-01;7.945008e-02;3.674836e-02
3.483094e-02;4.052412e-02;2.315568e-01;2.237462e-02;2.813893e-02;1.174178e-02;2.188073e-02;5.925578e-02;1.879801e-01;2.650701e-01;5.549900e-02;4.114708e-02
2.653095e-02;7.136044e-02;2.006422e-01;2.068480e-02;2.042194e-02;2.461908e-02;2.080138e-02;8.889151e-02;1.810421e-01;2.309013e-01;4.475379e-02;6.935054e-02
4.225077e-02;1.387447e-01;1.434702e-01;3.212216e-02;1.518526e-02;4.341247e-02;1.703846e-02;7.499461e-02;2.600742e-01;1.139575e-01;5.512506e-02;6.362456e-02
5.585654e-02;1.620208e-01;1.547692e-01;4.357029e-02;2.198537e-02;4.149525e-02;4.163780e-02;6.343055e-02;2.577060e-01;6.650233e-02;5.731232e-02;3.371347e-02
8.284812e-02;1.092285e-01;2.546695e-01;3.837369e-02;3.204290e-02;2.966617e-02;6.549662e-02;5.142066e-02;1.862004e-01;6.103307e-02;5.662755e-02;3.239286e-02
8.949659e-02;5.744033e-02;3.284827e-01;4.408602e-02;3.624687e-02;2.288450e-02;7.535567e-02;3.511295e-02;1.459306e-01;7.938996e-02;6.005575e-02;2.551804e-02
8.598340e-02;3.224998e-02;3.156174e-01;5.543904e-02;4.076514e-02;2.983502e-02;7.289021e-02;3.241649e-02;1.569126e-01;8.811551e-02;6.814923e-02;2.162596e-02
6.997963e-02;4.767985e-02;2.517392e-01;4.799024e-02;3.195003e-02;3.229389e-02;5.459451e-02;4.985715e-02;1.916988e-01;9.922347e-02;6.931581e-02;5.367735e-02
6.703820e-02;6.560266e-02;2.111165e-01;3.943257e-02;2.521354e-02;2.573148e-02;5.612505e-02;5.757008e-02;2.136900e-01;9.653135e-02;5.244889e-02;8.949967e-02
5.662009e-02;6.843339e-02;1.852344e-01;4.372953e-02;1.766565e-02;2.240198e-02;5.837950e-02;5.707633e-02;1.987970e-01;1.485348e-01;5.491414e-02;8.821313e-02
6.499494e-02;9.079070e-02;2.167884e-01;5.380590e-02;1.988859e-02;3.348536e-02;5.193494e-02;6.875932e-02;9.387078e-02;1.739170e-01;6.665041e-02;6.511372e-02
8.743518e-02;8.414047e-02;2.241798e-01;3.516278e-02;2.278413e-02;3.330473e-02;4.741423e-02;8.078167e-02;1.141760e-01;9.187496e-02;6.342808e-02;1.153179e-01
7.441090e-02;8.241697e-02;2.517843e-01;3.592185e-02;3.241202e-02;3.808224e-02;4.221813e-02;6.724092e-02;1.294387e-01;6.863198e-02;5.846813e-02;1.189739e-01
6.869569e-02;6.416423e-02;2.425550e-01;4.307425e-02;3.478676e-02;4.799310e-02;5.986424e-02;6.224756e-02;7.437835e-02;1.611359e-01;4.482268e-02;9.628230e-02
7.757267e-02;1.133638e-01;1.717928e-01;4.505875e-02;3.076203e-02;4.016646e-02;4.836613e-02;6.432138e-02;1.065279e-01;1.886982e-01;5.221839e-02;6.115140e-02
1.245119e-01;1.158548e-01;1.350754e-01;2.831670e-02;2.893955e-02;3.981833e-02;5.084492e-02;6.845145e-02;1.481360e-01;1.074803e-01;8.435036e-02;6.822029e-02
9.870917e-02;6.923578e-02;1.967671e-01;4.736325e-02;3.153376e-02;4.674139e-02;5.559953e-02;5.501382e-02;1.061797e-01;1.080520e-01;7.723642e-02;1.075681e-01
5.379034e-02;6.205028e-02;1.710986e-01;4.278566e-02;2.728463e-02;4.211812e-02;6.151742e-02;5.840797e-02;1.287888e-01;1.713029e-01;5.715437e-02;1.237010e-01
4.941516e-02;8.381182e-02;1.295652e-01;2.486000e-02;2.969218e-02;3.086582e-02;7.425378e-02;5.705310e-02;1.189252e-01;2.143514e-01;7.560633e-02;1.115999e-01
6.356168e-02;9.765602e-02;1.526476e-01;3.823630e-02;3.560528e-02;4.279816e-02;1.007164e-01;4.351906e-02;7.424956e-02;1.911764e-01;7.163934e-02;8.819418e-02
4.807805e-02;5.927936e-02;9.199542e-02;3.157993e-02;3.192903e-02;5.970854e-02;2.672283e-01;7.924384e-02;1.021227e-01;1.355469e-01;4.496365e-02;4.832435e-02
2.313179e-02;2.903050e-02;7.987228e-02;1.280895e-02;3.352310e-02;4.703529e-02;4.008044e-01;1.257969e-01;7.112277e-02;1.382983e-01;2.538784e-02;1.318796e-02
1.169875e-02;1.565979e-02;9.130616e-02;7.518114e-03;2.535727e-02;2.954098e-02;4.505017e-01;1.561479e-01;4.715311e-02;1.336860e-01;1.725384e-02;1.417645e-02
7.890498e-03;1.735524e-02;9.401228e-02;1.253527e-02;2.369347e-02;3.230711e-02;4.408080e-01;1.804014e-01;3.090832e-02;1.264776e-01;1.589034e-02;1.772050e-02
7.813674e-03;1.937138e-02;9.643926e-02;2.286280e-02;1.737286e-02;3.930181e-02;3.870521e-01;2.018335e-01;4.953447e-02;1.332835e-01;1.348398e-02;1.165070e-02
9.338397e-03;1.295772e-02;7.134610e-02;6.515148e-02;1.213368e-02;4.884207e-02;3.699814e-01;1.720054e-01;1.165294e-01;1.047984e-01;1.272214e-02;4.193804e-03
1.183985e-02;3.941725e-03;3.011330e-02;1.235478e-01;1.437159e-02;2.484020e-02;3.771430e-01;1.029165e-01;2.012191e-01;9.295478e-02;1.304575e-02;4.066355e-03
1.296414e-02;7.447986e-03;1.391523e-02;1.112825e-01;4.443347e-02;1.240877e-02;3.661689e-01;6.707437e-02;1.911128e-01;1.460522e-01;2.196215e-02;5.177511e-03
9.173253e-03;2.342860e-02;1.893800e-02;6.581485e-02;1.058089e-01;1.673299e-02;2.981106e-01;5.419166e-02;1.273239e-01;2.284988e-01;4.348117e-02;8.497326e-03
1.537149e-02;5.099889e-02;2.638023e-02;3.602065e-02;1.248996e-01;3.541956e-02;1.941885e-01;8.297818e-02;6.392995e-02;2.661120e-01;8.877927e-02;1.492168e-02
4.354060e-02;5.983992e-02;3.455919e-02;3.258986e-02;5.866045e-02;5.932288e-02;2.174716e-01;7.653845e-02;4.694180e-02;2.313192e-01;1.165124e-01;2.270372e-02
4.122787e-02;3.305424e-02;2.227573e-02;4.300074e-02;9.490741e-02;5.317847e-02;3.299382e-01;6.250785e-02;6.820280e-02;1.618607e-01;7.457500e-02;1.527107e-02
2.643767e-02;1.600322e-02;2.329975e-02;5.417665e-02;7.341038e-02;4.085884e-02;3.886217e-01;6.715417e-02;1.231344e-01;1.409544e-01;3.787195e-02;8.076906e-03
2.184419e-02;1.712405e-02;3.095688e-02;3.688114e-02;5.221959e-02;3.057547e-02;3.415045e-01;6.460184e-02;1.405520e-01;2.058104e-01;4.335646e-02;1.457350e-02
1.878716e-02;2.015317e-02;2.730275e-02;2.910575e-02;8.509823e-02;3.711556e-02;2.128635e-01;7.541699e-02;1.057738e-01;2.932003e-01;7.481076e-02;2.037196e-02
4.057373e-02;2.538197e-02;2.282755e-02;3.374657e-02;7.468884e-02;5.461000e-02;1.537616e-01;7.340950e-02;5.159832e-02;2.743482e-01;1.725252e-01;2.252840e-02
7.620520e-02;5.010363e-02;4.186682e-02;3.114441e-02;5.461296e-02;4.111208e-02;1.467230e-01;6.236523e-02;7.440539e-02;2.237847e-01;1.765207e-01;2.115583e-02
1.414181e-01;7.120013e-02;8.513629e-02;2.698085e-02;7.100857e-02;4.466914e-02;1.091100e-01;4.269771e-02;6.952871e-02;1.603440e-01;1.212583e-01;5.664814e-02
1.631034e-01;7.332251e-02;9.671953e-02;2.290576e-02;6.691720e-02;7.144411e-02;8.524768e-02;5.283533e-02;4.756277e-02;9.952144e-02;1.566838e-01;6.373645e-02
8.030956e-02;5.334993e-02;5.431296e-02;1.106070e-02;1.855358e-01;6.279647e-02;6.731609e-02;6.135168e-02;3.951160e-02;2.081241e-01;1.473917e-01;2.893937e-02
2.816888e-02;2.974983e-02;2.478492e-02;1.714909e-02;2.948673e-01;4.459793e-02;5.142507e-02;3.816483e-02;5.634825e-02;2.943963e-01;1.100294e-01;1.031826e-02
2.173334e-02;3.478672e-02;3.207870e-02;4.166481e-02;2.554706e-01;3.591740e-02;8.264629e-02;2.824803e-02;8.483008e-02;2.856513e-01;8.349037e-02;1.348244e-02
5.517301e-02;3.521754e-02;4.165514e-02;9.971950e-02;8.202130e-02;3.417236e-02;1.557831e-01;4.486785e-02;2.206502e-01;1.808472e-01;3.517005e-02;1.472276e-02
4.433746e-02;1.970081e-02;3.429541e-02;1.697636e-01;8.169625e-02;4.111907e-02;9.786628e-02;4.525252e-02;3.314109e-01;9.814534e-02;2.581924e-02;1.059301e-02
2.359339e-02;1.409219e-02;3.992478e-02;1.789620e-01;8.789104e-02;3.971264e-02;7.065430e-02;5.193283e-02;3.865945e-01;7.307196e-02;2.616713e-02;7.403259e-03
9.551411e-03;6.318912e-03;1.092128e-01;8.517261e-02;6.864331e-02;8.534007e-02;8.742696e-02;1.639121e-01;2.985066e-01;5.047245e-02;2.047963e-02;1.496314e-02
5.006968e-03;1.773082e-02;1.631426e-01;2.515035e-02;3.595068e-02;7.026868e-02;8.754952e-02;2.213501e-01;2.579859e-01;9.013610e-02;9.641511e-03;1.608673e-02
8.938150e-03;7.365165e-02;1.357291e-01;1.399436e-02;5.191223e-02;3.582847e-02;1.540037e-01;1.982053e-01;2.098141e-01;8.892735e-02;1.712167e-02;1.187398e-02
1.722628e-02;2.131356e-01;6.645768e-02;1.063952e-02;7.606886e-02;2.112559e-02;2.403578e-01;1.125791e-01;1.564157e-01;4.744361e-02;2.859441e-02;9.955864e-03
5.976238e-02;3.197328e-01;3.114035e-02;3.066353e-02;5.317554e-02;3.310299e-02;2.407520e-01;2.945702e-02;1.212513e-01;4.687452e-02;2.455019e-02;9.537466e-03
2.012508e-01;2.259868e-01;3.604865e-02;6.370354e-02;2.185789e-02;7.728773e-02;1.149095e-01;4.594367e-02;6.980211e-02;1.223837e-01;1.011401e-02;1.071158e-02
3.380668e-01;8.615710e-02;2.608141e-02;5.537134e-02;2.250422e-02;1.150939e-01;3.455635e-02;7.517897e-02;4.542675e-02;1.700427e-01;1.590275e-02;1.561774e-02
4.088786e-01;2.400834e-02;3.686433e-02;2.784424e-02;1.751390e-02;1.298891e-01;4.092766e-02;7.460884e-02;4.439645e-02;1.676052e-01;1.532340e-02;1.213992e-02
4.714913e-01;2.659002e-02;2.527015e-02;1.673108e-02;1.658851e-02;1.299862e-01;3.021544e-02;6.966978e-02;3.716823e-02;1.560235e-01;1.127678e-02;8.989143e-03
5.426022e-01;2.557397e-02;1.684796e-02;1.208594e-02;1.501078e-02;1.171483e-01;1.707777e-02;7.937311e-02;2.182754e-02;1.386937e-01;7.406058e-03;6.352570e-03
5.508791e-01;2.770616e-02;1.145417e-02;1.509494e-02;1.242647e-02;9.826950e-02;2.440166e-02;7.512288e-02;1.610457e-02;1.506713e-01;7.767209e-03;1.010194e-02
5.089830e-01;3.387289e-02;9.388822e-03;3.058127e-02;8.670350e-03;8.284970e-02;2.988229e-02;6.639335e-02;1.448815e-02;1.819296e-01;9.960404e-03;2.300020e-02
4.131996e-01;4.003509e-02;3.274718e-02;4.789625e-02;2.714044e-02;8.874844e-02;2.666138e-02;5.836838e-02;2.482655e-02;1.904851e-01;1.074387e-02;3.914769e-02
2.707722e-01;4.687428e-02;8.634704e-02;5.553705e-02;6.595969e-02;1.008518e-01;5.060554e-02;6.311730e-02;5.428755e-02;1.320093e-01;1.418633e-02;5.945190e-02
2.482162e-01;6.599259e-02;1.009924e-01;4.715185e-02;8.461384e-02;7.843632e-02;9.235904e-02;5.855910e-02;6.343089e-02;9.209356e-02;1.428971e-02;5.386444e-02
2.898446e-01;5.450429e-02;4.934580e-02;4.381839e-02;6.331523e-02;1.015300e-01;1.326880e-01;5.346760e-02;4.802710e-02;1.339502e-01;8.272652e-03;2.123609e-02
2.521809e-01;4.703287e-02;4.132228e-02;3.723889e-02;6.164568e-02;1.396893e-01;1.829835e-01;4.173114e-02;4.523112e-02;1.241357e-01;1.424556e-02;1.256301e-02
1.421995e-01;5.013425e-02;4.819387e-02;3.329076e-02;6.811606e-02;1.730878e-01;2.240836e-01;6.247856e-02;6.078257e-02;1.008333e-01;1.507590e-02;2.172382e-02
7.296444e-02;3.855623e-02;4.476156e-02;5.342586e-02;5.843372e-02;2.042698e-01;2.430739e-01;9.618446e-02;4.948083e-02;1.098881e-01;9.358922e-03;1.960225e-02
1.270780e-01;5.370660e-02;3.244903e-02;6.310493e-02;5.353535e-02;1.900619e-01;2.691122e-01;7.188469e-02;2.751317e-02;7.885674e-02;6.858434e-03;2.583897e-02
2.139862e-01;4.670608e-02;4.951412e-02;5.160414e-02;6.741952e-02;1.794656e-01;2.247031e-01;3.976325e-02;2.963430e-02;5.874329e-02;5.137163e-03;3.332325e-02
2.659653e-01;4.287636e-02;9.630701e-02;4.908558e-02;7.825670e-02;1.589159e-01;1.094697e-01;6.030345e-02;3.969094e-02;4.862748e-02;8.310273e-03;4.219135e-02
2.180854e-01;5.798522e-02;1.566401e-01;6.154817e-02;5.806905e-02;1.457387e-01;7.217018e-02;6.208546e-02;3.750799e-02;7.782171e-02;1.378703e-02;3.856101e-02
2.261943e-01;6.107720e-02;1.859684e-01;5.132972e-02;3.572743e-02;1.448205e-01;1.001411e-01;3.893850e-02;3.028247e-02;8.127729e-02;1.732054e-02;2.692253e-02
2.708827e-01;7.037850e-02;1.509643e-01;3.592017e-02;3.049739e-02;1.299353e-01;1.360426e-01;4.519925e-02;2.751064e-02;6.976286e-02;1.588990e-02;1.701635e-02
3.023699e-01;8.859803e-02;1.432150e-01;2.910202e-02;4.088935e-02;9.785014e-02;1.186641e-01;4.583719e-02;3.677231e-02;6.222636e-02;1.162036e-02;2.285531e-02
3.117833e-01;7.319266e-02;1.921604e-01;3.781632e-02;5.033046e-02;7.216126e-02;9.256288e-02;3.237073e-02;3.863673e-02;6.104410e-02;9.424978e-03;2.851624e-02
2.575884e-01;3.278518e-02;1.154348e-01;3.084736e-02;8.330985e-02;1.070855e-01;1.739681e-01;6.080359e-02;3.630251e-02;6.030697e-02;5.768453e-03;3.579919e-02
2.234752e-01;1.733888e-02;4.643096e-02;1.980886e-02;7.822011e-02;1.750728e-01;2.125219e-01;1.156701e-01;2.390334e-02;6.286409e-02;4.607324e-03;2.008644e-02
1.975055e-01;1.262692e-02;5.297109e-02;1.770061e-02;8.425526e-02;2.111771e-01;1.881723e-01;1.453641e-01;1.980364e-02;5.622793e-02;4.497584e-03;9.698028e-03
1.545015e-01;3.022746e-02;8.054658e-02;4.405912e-02;1.450843e-01;1.877804e-01;1.183991e-01;1.001333e-01;4.272062e-02;4.647100e-02;9.548888e-03;4.052788e-02
9.351832e-02;9.012008e-02;1.019994e-01;1.239495e-01;1.770764e-01;1.263760e-01;6.695934e-02;5.929915e-02;4.153547e-02;4.402839e-02;2.883302e-02;4.630495e-02
6.008703e-02;1.283470e-01;1.391983e-01;2.150521e-01;1.060619e-01;8.136949e-02;4.096466e-02;1.069934e-01;1.896688e-02;3.248722e-02;4.990811e-02;2.056394e-02
6.545270e-02;9.763387e-02;2.085617e-01;2.381870e-01;4.879384e-02;5.607403e-02;5.256483e-02;1.080268e-01;2.629296e-02;3.006523e-02;5.913841e-02;9.208545e-03
1.124001e-01;9.629533e-02;1.923873e-01;1.883235e-01;6.246581e-02;3.939317e-02;7.164662e-02;8.263694e-02;5.598418e-02;2.806173e-02;5.441861e-02;1.598672e-02
1.557734e-01;8.640110e-02;2.104892e-01;1.212792e-01;8.277871e-02;3.765711e-02;7.686511e-02;7.150382e-02;6.064518e-02;3.153652e-02;4.780379e-02;1.726688e-02
9.220859e-02;8.950137e-02;3.325093e-01;5.462430e-02;8.379030e-02;3.893464e-02;5.527548e-02;9.112424e-02;5.900128e-02;4.606423e-02;3.933077e-02;1.763556e-02
5.363381e-02;8.773667e-02;3.516128e-01;7.102459e-02;7.196442e-02;4.443120e-02;4.502974e-02;9.173761e-02;6.250107e-02;5.400629e-02;4.913808e-02;1.718376e-02
7.581114e-02;7.258496e-02;3.183700e-01;5.868661e-02;5.912867e-02;5.476594e-02;6.360409e-02;9.222563e-02;5.878743e-02;5.721493e-02;6.952742e-02;1.929325e-02
8.292972e-02;7.926811e-02;3.052064e-01;7.978660e-02;5.621576e-02;5.082905e-02;8.702651e-02;7.319087e-02;3.929847e-02;5.438293e-02;7.446443e-02;1.740109e-02
8.422683e-02;9.444696e-02;2.647137e-01;1.080670e-01;6.096287e-02;5.174565e-02;9.287835e-02;4.840202e-02;6.258031e-02;4.414437e-02;6.505678e-02;2.277509e-02
6.407256e-02;7.821462e-02;3.624313e-01;1.049289e-01;4.926087e-02;6.004148e-02;5.223470e-02;5.799395e-02;7.506165e-02;2.587925e-02;5.028438e-02;1.959638e-02
4.093171e-02;1.183242e-01;4.055464e-01;9.353630e-02;3.826477e-02;6.749981e-02;1.886060e-02;6.280061e-02;7.768691e-02;1.964255e-02;3.292376e-02;2.398234e-02
4.471319e-02;1.459071e-01;4.125748e-01;8.727353e-02;4.405325e-02;6.060410e-02;2.281413e-02;4.601566e-02;6.779730e-02;2.592131e-02;1.859279e-02;2.373283e-02
8.103110e-02;1.621356e-01;3.937034e-01;7.517365e-02;5.141452e-02;5.403178e-02;3.944293e-02;3.124682e-02;5.674678e-02;2.054441e-02;1.476777e-02;1.976132e-02
1.505896e-01;1.381357e-01;3.131147e-01;6.684317e-02;7.950983e-02;4.988328e-02;5.506513e-02;5.024789e-02;3.591418e-02;2.456217e-02;2.012722e-02;1.600718e-02
2.088586e-01;1.043726e-01;1.890688e-01;7.787900e-02;8.575559e-02;3.758222e-02;1.124411e-01;6.290052e-02;2.149516e-02;2.561104e-02;4.347458e-02;3.056072e-02
1.659889e-01;8.367186e-02;1.194704e-01;9.513175e-02;8.130065e-02;6.011520e-02;1.613548e-01;7.018558e-02;2.223441e-02;2.419184e-02;6.048018e-02;5.587442e-02
7.590786e-02;6.388743e-02;1.035974e-01;8.397396e-02;1.337417e-01;8.952452e-02;1.654176e-01;9.620750e-02;5.450591e-02;1.794987e-02;6.376400e-02;5.152220e-02
4.534518e-02;4.946194e-02;1.284233e-01;4.310166e-02;1.669317e-01;1.675293e-01;9.873455e-02;7.386537e-02;7.928285e-02;4.126402e-02;7.834707e-02;2.771307e-02
4.915648e-02;4.939989e-02;1.076283e-01;4.477578e-02;1.439652e-01;2.102754e-01;8.141329e-02;6.500972e-02;6.977183e-02;6.935427e-02;9.837339e-02;1.087642e-02
4.483483e-02;4.973759e-02;6.906295e-02;5.490432e-02;1.334367e-01;1.378287e-01;8.669670e-02;1.082205e-01;1.185649e-01;1.050547e-01;8.230853e-02;9.349606e-03
3.641317e-02;4.579211e-02;5.772319e-02;4.458046e-02;1.945163e-01;9.683497e-02;5.374230e-02;1.031605e-01;1.653006e-01;1.332185e-01;5.461178e-02;1.410600e-02
2.247463e-02;3.540992e-02;7.609636e-02;5.600598e-02;2.223458e-01;1.206340e-01;4.351922e-02;6.498496e-02;1.556922e-01;1.476281e-01;4.260006e-02;1.260881e-02
2.446165e-02;1.595172e-02;9.981974e-02;1.059181e-01;2.052253e-01;1.836403e-01;3.498172e-02;2.755119e-02;8.337273e-02;1.546972e-01;4.674185e-02;1.763844e-02
3.891459e-02;2.390111e-02;9.892204e-02;1.293639e-01;1.676236e-01;2.068569e-01;2.830161e-02;2.222674e-02;8.440211e-02;1.461561e-01;4.263236e-02;1.069894e-02
5.884885e-02;3.163351e-02;1.057315e-01;1.435689e-01;1.463274e-01;1.402254e-01;5.365903e-02;3.668287e-02;7.494247e-02;1.548968e-01;3.743530e-02;1.604799e-02
6.863399e-02;4.746955e-02;1.041091e-01;1.449679e-01;1.097106e-01;7.003949e-02;1.129784e-01;6.865213e-02;9.033522e-02;1.229834e-01;3.665463e-02;2.346550e-02
5.278095e-02;5.510424e-02;9.772571e-02;1.385269e-01;7.186612e-02;6.289192e-02;1.695475e-01;1.102777e-01;9.750239e-02;9.215587e-02;2.525743e-02;2.636322e-02
4.433027e-02;5.610022e-02;1.026632e-01;1.031708e-01;1.148095e-01;8.080076e-02;1.574540e-01;1.286188e-01;6.067105e-02;8.738332e-02;4.345767e-02;2.054050e-02
8.539281e-02;7.253095e-02;6.040627e-02;7.602474e-02;1.466051e-01;8.575360e-02;9.917156e-02;9.215834e-02;6.957413e-02;1.358030e-01;5.364828e-02;2.293117e-02
8.579618e-02;9.601328e-02;6.535151e-02;8.859037e-02;1.542993e-01;4.310123e-02;6.180387e-02;5.647744e-02;8.462308e-02;1.823723e-01;5.578062e-02;2.579078e-02
5.820978e-02;5.743098e-02;1.121220e-01;9.511615e-02;1.269111e-01;4.861308e-02;1.022800e-01;5.884548e-02;9.243546e-02;1.541002e-01;6.927760e-02;2.465817e-02
8.664340e-02;4.304630e-02;1.045881e-01;9.782656e-02;1.002223e-01;8.438131e-02;1.383671e-01;4.420085e-02;8.263213e-02;9.200924e-02;1.011820e-01;2.490079e-02
1.336144e-01;6.401055e-02;1.020451e-01;8.600807e-02;7.394546e-02;1.068414e-01;1.275568e-01;3.793497e-02;5.416878e-02;5.071605e-02;1.166040e-01;4.655447e-02
1.243277e-01;5.895428e-02;1.191131e-01;8.151100e-02;9.118515e-02;1.208641e-01;7.822834e-02;3.369758e-02;3.846943e-02;7.224052e-02;1.250939e-01;5.631495e-02
7.375333e-02;8.673227e-02;1.103875e-01;5.793723e-02;1.013262e-01;1.231769e-01;7.452877e-02;3.014118e-02;6.238846e-02;1.250695e-01;1.036043e-01;5.095441e-02
5.258328e-02;1.063613e-01;9.085964e-02;8.138508e-02;1.190594e-01;1.055040e-01;9.568851e-02;2.472745e-02;8.222836e-02;1.193759e-01;7.710814e-02;4.511900e-02
3.719603e-02;8.529892e-02;9.457017e-02;9.627634e-02;1.264107e-01;7.693427e-02;1.275763e-01;4.040671e-02;8.134533e-02;1.020262e-01;8.361898e-02;4.834010e-02
4.350946e-02;6.381550e-02;8.887286e-02;5.666779e-02;1.288576e-01;7.890194e-02;1.463284e-01;5.285348e-02;7.650273e-02;1.208853e-01;8.965494e-02;5.315002e-02
