1.182938e-01;6.938902e-02;1.535215e-01;3.477859e-02;4.854441e-02;1.510919e-01;1.014132e-01;6.015877e-02;5.533024e-02;6.986710e-02;5.428909e-02;8.332244e-02
1.229432e-01;1.091485e-01;2.150778e-01;8.045310e-02;8.104751e-02;9.868495e-02;9.645725e-02;2.958441e-02;5.667236e-02;3.175041e-02;4.390982e-02;3.427067e-02
1.835018e-01;1.052640e-01;1.941289e-01;7.804585e-02;7.701795e-02;7.817362e-02;1.089531e-01;4.855878e-02;4.566964e-02;2.179923e-02;2.689019e-02;3.199695e-02
2.459175e-01;9.336250e-02;1.461991e-01;6.013164e-02;7.302982e-02;6.516987e-02;1.246436e-01;8.332906e-02;3.662728e-02;1.497464e-02;1.726819e-02;3.934681e-02
3.060120e-01;6.470528e-02;8.970202e-02;4.106496e-02;6.880183e-02;4.928221e-02;1.269460e-01;1.104766e-01;1.941981e-02;2.933346e-02;3.275468e-02;6.150128e-02
2.837989e-01;3.639959e-02;7.293531e-02;4.805253e-02;4.831309e-02;6.551355e-02;1.394127e-01;7.466538e-02;2.186253e-02;5.782441e-02;6.319328e-02;8.802879e-02
2.538058e-01;5.335307e-02;1.223049e-01;4.641877e-02;2.279405e-02;5.821072e-02;1.562497e-01;3.738780e-02;4.756509e-02;6.098793e-02;6.407781e-02;7.684433e-02
2.253980e-01;1.001083e-01;1.449922e-01;3.900728e-02;3.949569e-02;3.728710e-02;9.394038e-02;9.154312e-02;5.580956e-02;6.276893e-02;6.006537e-02;4.958403e-02
1.893456e-01;7.690950e-02;1.671673e-01;5.185654e-02;5.419270e-02;3.435035e-02;7.116769e-02;1.325993e-01;6.295118e-02;6.248906e-02;6.260774e-02;3.436303e-02
1.902785e-01;5.246584e-02;1.490175e-01;4.457143e-02;5.028273e-02;3.148363e-02;1.254585e-01;1.284231e-01;5.823006e-02;6.798273e-02;4.446762e-02;5.733832e-02
1.737020e-01;4.966309e-02;1.376857e-01;4.853963e-02;4.454691e-02;3.221321e-02;1.017853e-01;1.122495e-01;5.361266e-02;9.797172e-02;6.373301e-02;8.429729e-02
8.853084e-02;7.269003e-02;1.018674e-01;7.159431e-02;5.252815e-02;5.778925e-02;6.308951e-02;1.441920e-01;9.943579e-02;1.267764e-01;5.194239e-02;6.956398e-02
1.122516e-01;8.591598e-02;8.700150e-02;5.030961e-02;4.745352e-02;8.130958e-02;8.106112e-02;1.318709e-01;1.195516e-01;1.239100e-01;3.961836e-02;3.974617e-02
1.505525e-01;9.194301e-02;9.579048e-02;3.482405e-02;5.060424e-02;9.595398e-02;8.475538e-02;8.880073e-02;1.072737e-01;1.149303e-01;3.784108e-02;4.673047e-02
1.332477e-01;7.847970e-02;9.685487e-02;4.960568e-02;6.529833e-02;9.247032e-02;1.644706e-01;6.271078e-02;1.049454e-01;8.095640e-02;3.421186e-02;3.674830e-02
5.844659e-02;4.214124e-02;8.562245e-02;3.562537e-02;6.337979e-02;1.571836e-01;3.161194e-01;7.780242e-02;5.169438e-02;7.638945e-02;2.163657e-02;1.395876e-02
3.052974e-02;2.692968e-02;5.299046e-02;2.671766e-02;8.934085e-02;2.111186e-01;3.583581e-01;6.949054e-02;3.861151e-02;7.087933e-02;1.380710e-02;1.122637e-02
2.823476e-02;2.171027e-02;4.341948e-02;3.619010e-02;1.665396e-01;2.044093e-01;3.122264e-01;4.828477e-02;6.362479e-02;5.094320e-02;9.862214e-03;1.455513e-02
3.623844e-02;2.378105e-02;8.997940e-02;7.865538e-02;2.280717e-01;1.262253e-01;1.959326e-01;3.062249e-02;8.416568e-02;7.516486e-02;1.149075e-02;1.967235e-02
3.465934e-02;3.194105e-02;1.288936e-01;1.497847e-01;1.760871e-01;1.051489e-01;9.825999e-02;4.489217e-02;6.837310e-02;1.200161e-01;2.642991e-02;1.551402e-02
2.755978e-02;3.048944e-02;1.762022e-01;1.978160e-01;9.137338e-02;1.989743e-01;6.022012e-02;5.471075e-02;3.408786e-02;7.938671e-02;4.267433e-02;6.505144e-03
1.771076e-02;1.944222e-02;1.880652e-01;2.073644e-01;7.887603e-02;2.615917e-01;8.146142e-02;4.159673e-02;1.877333e-02;2.535801e-02;5.578251e-02;3.977650e-03
6.195853e-03;1.248215e-02;2.134840e-01;1.807453e-01;8.390391e-02;2.695551e-01;8.835497e-02;3.136259e-02;2.333107e-02;2.491309e-02;6.229749e-02;3.374482e-03
2.103608e-02;1.364899e-02;2.497793e-01;1.418079e-01;1.084903e-01;2.060688e-01;3.687521e-02;4.242611e-02;6.303579e-02;3.603376e-02;7.482477e-02;5.973086e-03
4.418670e-02;5.520137e-02;1.890272e-01;6.390381e-02;1.304241e-01;1.173358e-01;8.152170e-02;4.714714e-02;9.798883e-02;9.023235e-02;6.928005e-02;1.375098e-02
4.267990e-02;6.405357e-02;2.996823e-01;5.413894e-02;6.442881e-02;1.223439e-01;7.238730e-02;2.688883e-02;7.506640e-02;1.282261e-01;3.489489e-02;1.520899e-02
3.507071e-02;4.855129e-02;3.178730e-01;4.595065e-02;7.328485e-02;1.445698e-01;8.865592e-02;1.974549e-02;8.037852e-02;1.183495e-01;1.894278e-02;8.627448e-03
2.444827e-02;2.735367e-02;2.729443e-01;8.935823e-02;9.682152e-02;1.799818e-01;7.298349e-02;4.780255e-02;6.628595e-02;7.434727e-02;4.270380e-02;4.969133e-03
1.357829e-02;1.349616e-02;2.265913e-01;1.708041e-01;8.261859e-02;2.330796e-01;2.734141e-02;9.002396e-02;3.341408e-02;3.275526e-02;6.842824e-02;7.869104e-03
1.562509e-02;1.187865e-02;1.794906e-01;1.929253e-01;7.311472e-02;2.419211e-01;4.465539e-02;9.766609e-02;3.098932e-02;3.453526e-02;7.111890e-02;6.079633e-03
1.511292e-02;1.977748e-02;1.926624e-01;1.844480e-01;9.929651e-02;2.219165e-01;4.966826e-02;9.129733e-02;2.707665e-02;2.676124e-02;6.065419e-02;1.132863e-02
1.124347e-02;2.328454e-02;2.463406e-01;1.825200e-01;1.346654e-01;1.350681e-01;2.775373e-02;1.094653e-01;1.478270e-02;4.534758e-02;5.290774e-02;1.662095e-02
2.683816e-03;3.152277e-02;2.033734e-01;1.843368e-01;1.556856e-01;8.700445e-02;3.214350e-02;1.373734e-01;2.146475e-02;8.860023e-02;3.501797e-02;2.079328e-02
1.278719e-02;4.976760e-02;1.304361e-01;2.490139e-01;1.600326e-01;9.577070e-02;3.457182e-02;1.138068e-01;2.252743e-02;8.517606e-02;2.731869e-02;1.879111e-02
1.676615e-02;6.905494e-02;1.365620e-01;2.662777e-01;1.844353e-01;9.864324e-02;2.710801e-02;6.488182e-02;1.716991e-02;6.253236e-02;3.273330e-02;2.383519e-02
1.536771e-02;7.346790e-02;1.369221e-01;2.253296e-01;2.293353e-01;1.001363e-01;2.825050e-02;3.307807e-02;2.503063e-02;5.472057e-02;4.278906e-02;3.557223e-02
1.216345e-02;4.930402e-02;1.067884e-01;2.025110e-01;2.912130e-01;9.919078e-02;2.758262e-02;2.033103e-02;2.306654e-02;4.560447e-02;6.981892e-02;5.242587e-02
8.862635e-03;1.694197e-02;1.081985e-01;2.151850e-01;3.043398e-01;9.284771e-02;4.393424e-02;1.737899e-02;3.285740e-02;3.122249e-02;6.216013e-02;6.607112e-02
8.635514e-03;1.734855e-02;1.240087e-01;2.157195e-01;2.722073e-01;8.341276e-02;7.243440e-02;2.979629e-02;4.964563e-02;2.314466e-02;3.464517e-02;6.900148e-02
7.631616e-03;2.665067e-02;1.956208e-01;1.794687e-01;2.042157e-01;1.054186e-01;9.211364e-02;3.688350e-02;4.306718e-02;2.885819e-02;1.638682e-02;6.368465e-02
6.973298e-03;2.782560e-02;2.309490e-01;1.349038e-01;1.933982e-01;1.372562e-01;9.843803e-02;2.310870e-02;2.450222e-02;3.483094e-02;3.545847e-02;5.235547e-02
1.003836e-02;2.447531e-02;2.546165e-01;1.320648e-01;2.413759e-01;1.242416e-01;3.637309e-02;1.680169e-02;2.792994e-02;3.250148e-02;5.018808e-02;4.939334e-02
8.279367e-03;2.014243e-02;2.762031e-01;1.493885e-01;2.617707e-01;9.306945e-02;2.008951e-02;1.008183e-02;2.523328e-02;3.721969e-02;4.226374e-02;5.625834e-02
1.001481e-02;1.590272e-02;2.691278e-01;1.436351e-01;2.672617e-01;7.929265e-02;5.014710e-02;1.257582e-02;1.694395e-02;4.552723e-02;3.381029e-02;5.576090e-02
1.599475e-02;2.126386e-02;2.570791e-01;1.165128e-01;2.795907e-01;8.392589e-02;5.617173e-02;2.046967e-02;2.172586e-02;5.525529e-02;1.467127e-02;5.733905e-02
2.331924e-02;3.672832e-02;2.091912e-01;1.247567e-01;2.471508e-01;8.461843e-02;8.566966e-02;2.140333e-02;2.317489e-02;4.890132e-02;3.781900e-02;5.726710e-02
2.335016e-02;4.418085e-02;1.616441e-01;1.532896e-01;2.811252e-01;9.245078e-02;5.969011e-02;2.121616e-02;1.881295e-02;3.662150e-02;3.499863e-02;7.261986e-02
9.276075e-03;2.761908e-02;1.647401e-01;1.623864e-01;3.560536e-01;8.165555e-02;5.822894e-02;1.098242e-02;1.477450e-02;1.957008e-02;1.176440e-02;8.294886e-02
1.059595e-02;1.138999e-02;1.381899e-01;1.746255e-01;3.707871e-01;7.097077e-02;6.647912e-02;1.176229e-02;2.527739e-02;1.991083e-02;1.452360e-02;8.548757e-02
1.591759e-02;1.517354e-02;1.188468e-01;1.764045e-01;3.652726e-01;7.530840e-02;9.661049e-02;1.035047e-02;2.312754e-02;1.514361e-02;1.128299e-02;7.656138e-02
2.004687e-02;1.997359e-02;1.341126e-01;1.474297e-01;3.233275e-01;7.896969e-02;1.441789e-01;1.481330e-02;2.897292e-02;1.690229e-02;1.269043e-02;5.858233e-02
1.410799e-02;1.588930e-02;1.852238e-01;1.239735e-01;2.796623e-01;8.511231e-02;1.667810e-01;1.581732e-02;2.173739e-02;1.736594e-02;2.170941e-02;5.261964e-02
1.150918e-02;2.149039e-02;2.489217e-01;1.284684e-01;2.703140e-01;8.664132e-02;6.791196e-02;1.508400e-02;1.965143e-02;1.511882e-02;3.774685e-02;7.714193e-02
1.724827e-02;2.481199e-02;2.744150e-01;1.133485e-01;2.623067e-01;7.994332e-02;4.111017e-02;2.102296e-02;1.785462e-02;1.748071e-02;3.958024e-02;9.087747e-02
1.384553e-02;1.606186e-02;2.895010e-01;9.384190e-02;2.239882e-01;8.656841e-02;9.335718e-02;2.249166e-02;2.375357e-02;2.277491e-02;4.365507e-02;7.016076e-02
1.122914e-02;2.026887e-02;2.625536e-01;1.397015e-01;1.702002e-01;6.976858e-02;9.702762e-02;2.509423e-02;3.081995e-02;3.861655e-02;9.322550e-02;4.149421e-02
1.234300e-02;2.503433e-02;2.527542e-01;2.122319e-01;1.459391e-01;4.665115e-02;5.597024e-02;2.433416e-02;2.002255e-02;3.001169e-02;1.502776e-01;2.443011e-02
1.182628e-02;2.380338e-02;2.951512e-01;2.440351e-01;1.261379e-01;3.668298e-02;2.821836e-02;1.979147e-02;1.893386e-02;1.528940e-02;1.662466e-01;1.388348e-02
1.632110e-02;4.309942e-02;3.610086e-01;2.079710e-01;8.903038e-02;3.546476e-02;2.324490e-02;1.632795e-02;3.427272e-02;2.259323e-02;1.397678e-01;1.089814e-02
3.922835e-02;9.046084e-02;2.784368e-01;1.632586e-01;7.564405e-02;5.140580e-02;7.576349e-02;3.008019e-02;3.758833e-02;2.389967e-02;1.180148e-01;1.621906e-02
6.560550e-02;9.299649e-02;1.490555e-01;1.541593e-01;1.025345e-01;5.432181e-02;1.479187e-01;3.837979e-02;3.139807e-02;3.096045e-02;1.119212e-01;2.074873e-02
6.619922e-02;4.796171e-02;2.885069e-01;1.377966e-01;8.261717e-02;2.751576e-02;1.367698e-01;3.960469e-02;3.095273e-02;3.338769e-02;8.214261e-02;2.654517e-02
7.877133e-02;6.929501e-02;3.008586e-01;1.116639e-01;7.292330e-02;3.491045e-02;7.652907e-02;8.234932e-02;4.641608e-02;4.111751e-02;4.987915e-02;3.528636e-02
7.626278e-02;9.446869e-02;2.920521e-01;9.157461e-02;7.741386e-02;3.592986e-02;6.212224e-02;9.120591e-02;3.791652e-02;5.214535e-02;5.188067e-02;3.702734e-02
8.484500e-02;6.096071e-02;3.432702e-01;7.720256e-02;8.563311e-02;3.040300e-02;6.750268e-02;5.510945e-02;6.476342e-02;5.378077e-02;5.252505e-02;2.400403e-02
8.575674e-02;4.451958e-02;3.461658e-01;8.590535e-02;8.139107e-02;3.127215e-02;6.534252e-02;3.825441e-02;9.907613e-02;4.639932e-02;6.191510e-02;1.400189e-02
1.067828e-01;6.486750e-02;3.246080e-01;7.964133e-02;6.597313e-02;2.377878e-02;4.110380e-02;2.809970e-02;1.374443e-01;5.100555e-02;5.568938e-02;2.100561e-02
1.076293e-01;9.233797e-02;2.757882e-01;7.570191e-02;7.118453e-02;2.091888e-02;3.743206e-02;3.976315e-02;1.384905e-01;5.257750e-02;5.451747e-02;3.365849e-02
1.019939e-01;7.262108e-02;3.177134e-01;6.062003e-02;7.742852e-02;2.539469e-02;3.905287e-02;6.268264e-02;1.044157e-01;4.224297e-02;5.297886e-02;4.285534e-02
1.024739e-01;5.795434e-02;3.358414e-01;3.947232e-02;8.270893e-02;3.246591e-02;6.697190e-02;6.011448e-02;7.067985e-02;4.572673e-02;5.597420e-02;4.961600e-02
7.027381e-02;8.167926e-02;2.922180e-01;7.538073e-02;7.398386e-02;3.336730e-02;9.378318e-02;5.782026e-02;4.517604e-02;7.372742e-02;5.826371e-02;4.432645e-02
6.930876e-02;9.292067e-02;3.178132e-01;7.198796e-02;4.924348e-02;3.313044e-02;5.763482e-02;5.446681e-02;4.188536e-02;1.247896e-01;5.124249e-02;3.557646e-02
8.277744e-02;1.173989e-01;3.627387e-01;4.771904e-02;3.620211e-02;3.398633e-02;5.399429e-02;4.509383e-02;5.320861e-02;1.062037e-01;3.883444e-02;2.184260e-02
6.930929e-02;8.896168e-02;4.815334e-01;5.957231e-02;3.544594e-02;2.651529e-02;4.464041e-02;2.660782e-02;4.662127e-02;7.520722e-02;2.490024e-02;2.068507e-02
7.601034e-02;3.893100e-02;5.414044e-01;7.731014e-02;4.249260e-02;1.821218e-02;3.270712e-02;1.453995e-02;5.246434e-02;6.243757e-02;2.473283e-02;1.875757e-02
1.076061e-01;2.691091e-02;5.148906e-01;7.663134e-02;4.844497e-02;1.601083e-02;3.300330e-02;1.172634e-02;5.903102e-02;6.416491e-02;2.541075e-02;1.616896e-02
1.387968e-01;6.692328e-02;4.224887e-01;5.386892e-02;5.257026e-02;1.882208e-02;4.718649e-02;2.088954e-02;5.543026e-02;7.520699e-02;2.641311e-02;2.140358e-02
1.634440e-01;1.053192e-01;3.494392e-01;3.896124e-02;5.125495e-02;2.933853e-02;5.796918e-02;2.885160e-02;4.554073e-02;6.070507e-02;3.539992e-02;3.377635e-02
1.034278e-01;8.446147e-02;4.319208e-01;6.069506e-02;6.142812e-02;3.749867e-02;5.436195e-02;2.509180e-02;3.129205e-02;4.625650e-02;3.549620e-02;2.806964e-02
7.122032e-02;4.445479e-02;4.751708e-01;7.345501e-02;6.268513e-02;3.955354e-02;4.455516e-02;1.999265e-02;4.522135e-02;5.733441e-02;4.116787e-02;2.518904e-02
4.504326e-02;5.029166e-02;4.714839e-01;6.675989e-02;6.061921e-02;3.777391e-02;3.552037e-02;2.075879e-02;4.147914e-02;8.756918e-02;4.397997e-02;3.872072e-02
3.542783e-02;7.425709e-02;4.062336e-01;5.683808e-02;7.937409e-02;4.465082e-02;5.325629e-02;3.356658e-02;5.523975e-02;8.258730e-02;3.948078e-02;3.908778e-02
4.764708e-02;4.465854e-02;2.780444e-01;7.457080e-02;1.012321e-01;6.150352e-02;1.395351e-01;5.760141e-02;6.807309e-02;6.779637e-02;1.992234e-02;3.941518e-02
4.066677e-02;6.596157e-02;1.342058e-01;1.211751e-01;1.418069e-01;7.929564e-02;1.466226e-01;5.929557e-02;7.040442e-02;6.939770e-02;4.035053e-02;3.081741e-02
2.717373e-02;7.191498e-02;1.099119e-01;2.004750e-01;1.549620e-01;7.495416e-02;8.145119e-02;7.082831e-02;4.761481e-02;7.223161e-02;7.218398e-02;1.629836e-02
1.486700e-02;4.536417e-02;1.295624e-01;2.944540e-01;1.351649e-01;5.454630e-02;2.715697e-02;8.875965e-02;3.354374e-02;5.943900e-02;1.084917e-01;8.650092e-03
7.794181e-03;4.755769e-02;1.191102e-01;3.413983e-01;1.074054e-01;4.414086e-02;2.425252e-02;9.994887e-02;2.319987e-02;3.489939e-02;1.366639e-01;1.362882e-02
1.766569e-02;5.512889e-02;1.583083e-01;3.104395e-01;7.308064e-02;5.029300e-02;2.814302e-02;8.626082e-02;2.513130e-02;3.277552e-02;1.511063e-01;1.166699e-02
5.098373e-02;5.215118e-02;2.040541e-01;2.126008e-01;5.585058e-02;4.695417e-02;5.238672e-02;5.846583e-02;5.944872e-02;4.611325e-02;1.408819e-01;2.010897e-02
7.114112e-02;7.163002e-02;1.984641e-01;1.120069e-01;7.255261e-02;4.007913e-02;7.368242e-02;5.614049e-02;8.161800e-02;4.270151e-02;1.471140e-01;3.286980e-02
4.900394e-02;7.130642e-02;1.696009e-01;9.784787e-02;9.403364e-02;2.970406e-02;5.083605e-02;9.476303e-02;6.268681e-02;4.319780e-02;1.959041e-01;4.111532e-02
4.758761e-02;4.287255e-02;2.455455e-01;1.011586e-01;8.749070e-02;3.734695e-02;4.427838e-02;1.021239e-01;7.954980e-02;3.828921e-02;1.587092e-01;1.504751e-02
4.816102e-02;5.237491e-02;2.458227e-01;8.741090e-02;1.070373e-01;4.723025e-02;6.009159e-02;7.727874e-02;1.262521e-01;7.335020e-02;6.051021e-02;1.448003e-02
5.735582e-02;5.251992e-02;2.549665e-01;1.340394e-01;8.680443e-02;5.037430e-02;6.373917e-02;3.613737e-02;1.260047e-01;8.805192e-02;3.819017e-02;1.181624e-02
5.085562e-02;2.981967e-02;2.242877e-01;2.158484e-01;5.486749e-02;5.802778e-02;3.575945e-02;2.927368e-02;1.434087e-01;6.140866e-02;8.799166e-02;8.451079e-03
3.889444e-02;2.394611e-02;1.983667e-01;2.845002e-01;3.345856e-02;6.953494e-02;3.246978e-02;4.505849e-02;1.054279e-01;2.447800e-02;1.301267e-01;1.373814e-02
6.428029e-02;4.730653e-02;2.435889e-01;1.992084e-01;4.637146e-02;4.648629e-02;5.243008e-02;5.964549e-02;6.964570e-02;5.038762e-02;1.027794e-01;1.786984e-02
8.928540e-02;6.533851e-02;2.353759e-01;1.287189e-01;5.815728e-02;3.627765e-02;7.344713e-02;6.442644e-02;8.011509e-02;6.318091e-02;9.094781e-02;1.472901e-02
1.091897e-01;8.143495e-02;2.447392e-01;9.798299e-02;5.735895e-02;2.932253e-02;8.214802e-02;7.110556e-02;6.059022e-02;3.623891e-02;1.159731e-01;1.391584e-02
1.015482e-01;4.129620e-02;3.411132e-01;1.070326e-01;5.358458e-02;2.675588e-02;5.688745e-02;5.962957e-02;5.727728e-02;3.682274e-02;9.925930e-02;1.879298e-02
7.468901e-02;3.827781e-02;3.246412e-01;1.313908e-01;6.505961e-02;3.347401e-02;4.974558e-02;7.500322e-02;8.489484e-02;3.405633e-02;5.860359e-02;3.016396e-02
5.893980e-02;4.154171e-02;3.137932e-01;1.222616e-01;6.447551e-02;4.111082e-02;4.813793e-02;8.979637e-02;9.058078e-02;3.218624e-02;6.503180e-02;3.214432e-02
5.466568e-02;4.359881e-02;2.911344e-01;1.325710e-01;6.137786e-02;6.354011e-02;6.192232e-02;8.020503e-02;8.854975e-02;3.655044e-02;6.535450e-02;2.053013e-02
4.416690e-02;5.425742e-02;2.671901e-01;1.787702e-01;5.272766e-02;6.083672e-02;5.913864e-02;8.335855e-02;8.900288e-02;2.469528e-02;6.730199e-02;1.855362e-02
3.190862e-02;6.118403e-02;2.688372e-01;1.683102e-01;5.086784e-02;4.365109e-02;5.854977e-02;1.097571e-01;5.786432e-02;2.586099e-02;9.123223e-02;3.197663e-02
3.739797e-02;9.133080e-02;1.878595e-01;1.392608e-01;6.910057e-02;5.046231e-02;7.877123e-02;1.294891e-01;6.585661e-02;3.836242e-02;8.698752e-02;2.512117e-02
5.448832e-02;8.817936e-02;1.759058e-01;1.208657e-01;6.363156e-02;3.863630e-02;9.262039e-02;9.202058e-02;1.149203e-01;6.367951e-02;7.530458e-02;1.974756e-02
1.092368e-01;6.234592e-02;1.611530e-01;1.184294e-01;4.954836e-02;5.174699e-02;1.041271e-01;8.822457e-02;8.239450e-02;8.019298e-02;6.659520e-02;2.600526e-02
1.263954e-01;7.759198e-02;1.431592e-01;9.675728e-02;6.673882e-02;5.910895e-02;1.202407e-01;8.802909e-02;5.787956e-02;7.562385e-02;7.404740e-02;1.442769e-02
9.822132e-02;7.881720e-02;1.351725e-01;1.104227e-01;8.595262e-02;7.645286e-02;1.013689e-01;9.239890e-02;6.488390e-02;5.495905e-02;7.644484e-02;2.490517e-02
7.924183e-02;5.006954e-02;1.598624e-01;1.175628e-01;8.101434e-02;6.739105e-02;1.057816e-01;9.608918e-02;7.613915e-02;6.782980e-02;8.178716e-02;1.723119e-02
6.609235e-02;5.610864e-02;1.419275e-01;1.257057e-01;8.825552e-02;4.849799e-02;1.253763e-01;8.354218e-02;9.030517e-02;7.141636e-02;7.691351e-02;2.585883e-02
6.803636e-02;5.377473e-02;2.217562e-01;1.004222e-01;1.001200e-01;4.110108e-02;1.055959e-01;5.292765e-02;8.413199e-02;5.888947e-02;8.583318e-02;2.741116e-02
5.232037e-02;9.187144e-02;3.362547e-01;7.423530e-02;7.071241e-02;3.696883e-02;7.623558e-02;3.818361e-02;1.047536e-01;3.989321e-02;5.713687e-02;2.143405e-02
2.983558e-02;1.233618e-01;3.997475e-01;4.948949e-02;4.335579e-02;2.613897e-02;4.322776e-02;2.950432e-02;1.418501e-01;6.975495e-02;2.722057e-02;1.651320e-02
3.532961e-02;1.299319e-01;4.398794e-01;4.700710e-02;2.671891e-02;1.604056e-02;1.824399e-02;1.694698e-02;1.544638e-01;8.193412e-02;2.033402e-02;1.316964e-02
3.904795e-02;1.520987e-01;4.369879e-01;3.943803e-02;1.642693e-02;1.178073e-02;7.735459e-03;1.000586e-02;1.683109e-01;8.850643e-02;1.910564e-02;1.055550e-02
4.109469e-02;2.156752e-01;3.563640e-01;1.920450e-02;7.775254e-03;1.241614e-02;5.146952e-03;9.410753e-03;2.156740e-01;8.927643e-02;1.803559e-02;9.926558e-03
3.873234e-02;2.740822e-01;2.819015e-01;1.627233e-02;4.916660e-03;1.457859e-02;7.904093e-03;6.159360e-03;2.722322e-01;6.119488e-02;1.518296e-02;6.842909e-03
4.482201e-02;3.223276e-01;2.185113e-01;1.342250e-02;4.037386e-03;1.797910e-02;7.176714e-03;4.618655e-03;3.138420e-01;3.903561e-02;9.786839e-03;4.440198e-03
5.355430e-02;3.335882e-01;1.901286e-01;1.596994e-02;3.601806e-03;2.868021e-02;9.768745e-03;1.010555e-02;3.265511e-01;2.029276e-02;4.827282e-03;2.931476e-03
7.095902e-02;2.873167e-01;1.561938e-01;1.923425e-02;5.401298e-03;5.245733e-02;1.429906e-02;2.067754e-02;3.437683e-01;2.145938e-02;4.048783e-03;4.184499e-03
9.870894e-02;2.013283e-01;7.669035e-02;1.162264e-02;1.090826e-02;8.831003e-02;2.579376e-02;4.775577e-02;3.883683e-01;3.865734e-02;7.240954e-03;4.615325e-03
1.204552e-01;1.418084e-01;6.536385e-02;5.155017e-03;2.053182e-02;7.666166e-02;4.113933e-02;9.652255e-02;3.701711e-01;4.880886e-02;9.669084e-03;3.713094e-03
1.647173e-01;1.097818e-01;5.480095e-02;5.885586e-03;4.248200e-02;2.218874e-02;6.445237e-02;1.823559e-01;2.328858e-01;7.279712e-02;3.339949e-02;1.425288e-02
1.888393e-01;9.904397e-02;6.823853e-02;7.272807e-03;6.076087e-02;3.508264e-02;7.031163e-02;1.927169e-01;1.349176e-01;6.012159e-02;5.103029e-02;3.166390e-02
2.156566e-01;9.991477e-02;1.070110e-01;5.000488e-03;8.474085e-02;2.231446e-02;4.308965e-02;1.775753e-01;1.153735e-01;3.525205e-02;4.834367e-02;4.572768e-02
1.839016e-01;9.623465e-02;1.211699e-01;1.932981e-02;9.144235e-02;3.582558e-02;7.242651e-02;1.547979e-01;1.107762e-01;2.919345e-02;4.591213e-02;3.898995e-02
1.429514e-01;9.790930e-02;8.875114e-02;3.765865e-02;6.193636e-02;5.122930e-02;1.186757e-01;1.422139e-01;1.519889e-01;3.877997e-02;3.572818e-02;3.217725e-02
1.749780e-01;9.346633e-02;1.016065e-01;2.837580e-02;3.924960e-02;3.850489e-02;1.336486e-01;1.558909e-01;1.623414e-01;2.726393e-02;2.409200e-02;2.058215e-02
2.121712e-01;1.110173e-01;8.984676e-02;1.771831e-02;4.843627e-02;2.350572e-02;9.599611e-02;1.768736e-01;1.604712e-01;2.214779e-02;2.419941e-02;1.761629e-02
2.097866e-01;1.057046e-01;7.441794e-02;1.811267e-02;4.156637e-02;7.525858e-02;8.014312e-02;1.437221e-01;1.645428e-01;2.644428e-02;2.445658e-02;3.584429e-02
1.391663e-01;7.964827e-02;7.861263e-02;3.864485e-02;2.536667e-02;1.258572e-01;1.246393e-01;1.018517e-01;1.497495e-01;3.335907e-02;4.093451e-02;6.216997e-02
8.915299e-02;5.323453e-02;9.973694e-02;7.715312e-02;5.354833e-02;7.160901e-02;1.679129e-01;1.115578e-01;1.439491e-01;3.350119e-02;3.638307e-02;6.226102e-02
7.027736e-02;5.434658e-02;1.148570e-01;8.287528e-02;6.518734e-02;4.215574e-02;1.778778e-01;9.348878e-02;1.573339e-01;3.381750e-02;5.621656e-02;5.156618e-02
7.370993e-02;8.057327e-02;1.043884e-01;4.994850e-02;7.176378e-02;7.682246e-02;1.292793e-01;1.192714e-01;1.571300e-01;3.592216e-02;6.541558e-02;3.577521e-02
7.520951e-02;9.550012e-02;8.202317e-02;2.964807e-02;6.930852e-02;1.236862e-01;7.306576e-02;1.198324e-01;1.610410e-01;6.326151e-02;8.785356e-02;1.957020e-02
7.775099e-02;9.025980e-02;4.872297e-02;5.127833e-02;4.602723e-02;1.410860e-01;7.776382e-02;1.044449e-01;1.568366e-01;7.345808e-02;1.095990e-01;2.277229e-02
1.185461e-01;9.128004e-02;4.871039e-02;4.953803e-02;4.714983e-02;1.070432e-01;1.061342e-01;1.049992e-01;1.461870e-01;5.662303e-02;8.650927e-02;3.727972e-02
1.550347e-01;6.650427e-02;5.248602e-02;6.160144e-02;6.903534e-02;7.904202e-02;7.641374e-02;1.095760e-01;1.188429e-01;7.045586e-02;8.318587e-02;5.782182e-02
1.661498e-01;1.311406e-01;8.945141e-02;6.819990e-02;4.367230e-02;7.208784e-02;6.956721e-02;9.835913e-02;6.239457e-02;7.304770e-02;8.099449e-02;4.493506e-02
1.649233e-01;1.654581e-01;8.111449e-02;5.629013e-02;5.521163e-02;6.415844e-02;6.293046e-02;7.627583e-02;1.202181e-01;5.634520e-02;5.863671e-02;3.843758e-02
1.341494e-01;1.200682e-01;6.980022e-02;6.656560e-02;6.085989e-02;6.423015e-02;5.747705e-02;7.649936e-02;2.130816e-01;5.571296e-02;4.607322e-02;3.548231e-02
8.703551e-02;7.245691e-02;6.728406e-02;6.774300e-02;4.446267e-02;7.590462e-02;7.930652e-02;7.173730e-02;2.594244e-01;7.645451e-02;4.898740e-02;4.920302e-02
3.054696e-02;9.634235e-02;1.030715e-01;6.154510e-02;4.147969e-02;7.743193e-02;8.343809e-02;1.041008e-01;2.345793e-01;7.537253e-02;4.191441e-02;5.017738e-02
8.931661e-02;1.118439e-01;9.255544e-02;6.664296e-02;4.129647e-02;5.592063e-02;7.690669e-02;1.470629e-01;1.782999e-01;6.599993e-02;4.641969e-02;2.773494e-02
1.120545e-01;7.756910e-02;6.814811e-02;4.888538e-02;5.295257e-02;2.588563e-02;9.793358e-02;1.634370e-01;2.011954e-01;7.888027e-02;5.710089e-02;1.595759e-02
8.540640e-02;8.476353e-02;8.453042e-02;4.499905e-02;4.931474e-02;2.373567e-02;1.538867e-01;1.159867e-01;2.040213e-01;6.730498e-02;5.830471e-02;2.774589e-02
8.238982e-02;1.140409e-01;1.270982e-01;6.965809e-02;3.211107e-02;3.690790e-02;1.438969e-01;7.908736e-02;1.632369e-01;5.443835e-02;5.340121e-02;4.373339e-02
7.576625e-02;1.099717e-01;1.337556e-01;6.199468e-02;5.124092e-02;4.130073e-02;1.272589e-01;1.205651e-01;1.226761e-01;5.806371e-02;4.800476e-02;4.940162e-02
2.687873e-02;9.524713e-02;1.053446e-01;7.716763e-02;9.236658e-02;6.100986e-02;1.185257e-01;1.363668e-01;1.008985e-01;7.581051e-02;5.475951e-02;5.562443e-02
7.926241e-02;8.629714e-02;7.552500e-02;7.470994e-02;7.496689e-02;6.787524e-02;9.529281e-02;9.869909e-02;1.594466e-01;7.106141e-02;5.177016e-02;6.509329e-02
9.130806e-02;9.787662e-02;7.305298e-02;6.999673e-02;4.691027e-02;5.401797e-02;1.577602e-01;1.008490e-01;1.725559e-01;5.024875e-02;2.994776e-02;5.547575e-02
7.590002e-02;8.763029e-02;1.793737e-01;8.896629e-02;6.900627e-02;6.452404e-02;1.213166e-01;8.460436e-02;1.298843e-01;5.163031e-02;2.687024e-02;2.029360e-02
8.877122e-02;9.687442e-02;2.924520e-01;7.933708e-02;6.637414e-02;4.282774e-02;1.072411e-01;6.040615e-02;5.357730e-02;5.739589e-02;1.950125e-02;3.524168e-02
6.527071e-02;1.084859e-01;3.702896e-01;7.107100e-02;4.293291e-02;2.670067e-02;7.558212e-02;7.051602e-02;5.979495e-02;4.763782e-02;1.774668e-02;4.397165e-02
2.860919e-02;1.249988e-01;4.182214e-01;6.075115e-02;1.758706e-02;1.559095e-02;3.389680e-02;1.038116e-01;6.649236e-02;5.448250e-02;1.839805e-02;5.716010e-02
8.318811e-03;1.311920e-01;3.647364e-01;3.943620e-02;1.264209e-02;2.568278e-02;1.260660e-02;1.350113e-01;1.165535e-01;7.112994e-02;2.173343e-02;6.095692e-02
2.652638e-02;1.674246e-01;2.712515e-01;2.349789e-02;7.547751e-03;4.887514e-02;1.194048e-02;1.143548e-01;2.149875e-01;5.764406e-02;1.387108e-02;4.207878e-02
6.015306e-02;2.283564e-01;2.206850e-01;2.103593e-02;8.138963e-03;6.828657e-02;1.108967e-02;5.405566e-02;2.664919e-01;3.169650e-02;7.639470e-03;2.237082e-02
1.148400e-01;2.613242e-01;1.958947e-01;2.737147e-02;8.355456e-03;6.082014e-02;2.129715e-02;5.407376e-02;2.249363e-01;1.763256e-02;5.323651e-03;8.130646e-03
1.967740e-01;2.496885e-01;1.699950e-01;2.750922e-02;1.391433e-02;3.303976e-02;3.623395e-02;5.881121e-02;1.705578e-01;1.936602e-02;8.827813e-03;1.528250e-02
2.642519e-01;2.375116e-01;1.156611e-01;1.629763e-02;2.908233e-02;1.906039e-02;6.530959e-02;5.306520e-02;1.245725e-01;3.004082e-02;1.361481e-02;3.153208e-02
2.078667e-01;2.300574e-01;1.526261e-01;1.932440e-02;3.147575e-02;3.811825e-02;6.834406e-02;4.863676e-02;1.075514e-01;5.041245e-02;9.782536e-03;3.580418e-02
1.197322e-01;2.272928e-01;2.142668e-01;2.398733e-02;3.205980e-02;3.592576e-02;4.981656e-02;5.856431e-02;1.107134e-01;8.553596e-02;1.283375e-02;2.927140e-02
1.685254e-01;2.073932e-01;1.910151e-01;2.745267e-02;2.893827e-02;3.051839e-02;2.883331e-02;6.760624e-02;1.127445e-01;7.814342e-02;3.163213e-02;2.719741e-02
2.235411e-01;1.939880e-01;1.021775e-01;2.589647e-02;3.530159e-02;5.257380e-02;4.291435e-02;8.535869e-02;7.969607e-02;7.750889e-02;4.626266e-02;3.478084e-02
1.851649e-01;1.790047e-01;8.187769e-02;2.547514e-02;3.421053e-02;8.221628e-02;8.575278e-02;8.211390e-02;9.956779e-02;6.685809e-02;4.731915e-02;3.043910e-02
1.192525e-01;9.190451e-02;1.053372e-01;3.129835e-02;3.831256e-02;1.025308e-01;1.173444e-01;1.068166e-01;1.398425e-01;7.017808e-02;4.543696e-02;3.174558e-02
9.002090e-02;3.485688e-02;1.679203e-01;3.295593e-02;3.066729e-02;8.613170e-02;1.162481e-01;1.484146e-01;1.263697e-01;6.582367e-02;6.177621e-02;3.881478e-02
6.392401e-02;8.266799e-02;1.578331e-01;3.165743e-02;3.856358e-02;6.964285e-02;1.355159e-01;1.331737e-01;1.093664e-01;5.227398e-02;6.447434e-02;6.090667e-02
8.195441e-02;1.306905e-01;1.027388e-01;2.911229e-02;5.572481e-02;4.499808e-02;1.888557e-01;9.937891e-02;9.587575e-02;3.441108e-02;5.310510e-02;8.315447e-02
7.805558e-02;1.204633e-01;3.832066e-01;4.766035e-02;4.711787e-02;3.512571e-02;9.966924e-02;3.489692e-02;5.981079e-02;2.503525e-02;1.994936e-02;4.900904e-02
4.467696e-02;7.609132e-02;4.949613e-01;8.674954e-02;5.265530e-02;3.938600e-02;6.184833e-02;2.170791e-02;5.209713e-02;3.130884e-02;1.730043e-02;2.121693e-02
1.013717e-02;4.097592e-02;4.875247e-01;1.315533e-01;6.382766e-02;4.471442e-02;5.316618e-02;2.620431e-02;4.555282e-02;4.110130e-02;4.181331e-02;1.342893e-02
2.971662e-02;3.014925e-02;4.735619e-01;1.545485e-01;7.290974e-02;3.767532e-02;2.682042e-02;2.762041e-02;2.953667e-02;3.761054e-02;6.766983e-02;1.218078e-02
4.467931e-02;3.193271e-02;5.071371e-01;1.280026e-01;5.404134e-02;2.147286e-02;2.560767e-02;1.767022e-02;2.672906e-02;6.564566e-02;6.472172e-02;1.235976e-02
4.044074e-02;2.311770e-02;5.842067e-01;8.398744e-02;3.541124e-02;1.834810e-02;3.399222e-02;1.004718e-02;2.802501e-02;8.405042e-02;4.284757e-02;1.552569e-02
3.419603e-02;1.209892e-01;5.622028e-01;4.177620e-02;2.652127e-02;1.802151e-02;3.164980e-02;1.122392e-02;7.190771e-02;4.494873e-02;1.961253e-02;1.695034e-02
2.545442e-02;2.020457e-01;4.945987e-01;2.359832e-02;1.347433e-02;2.557337e-02;1.119437e-02;9.611245e-03;1.412986e-01;3.371830e-02;4.500407e-03;1.493216e-02
4.144553e-02;2.429666e-01;3.367471e-01;3.999344e-02;1.146152e-02;4.458273e-02;1.369788e-02;6.390620e-03;2.160019e-01;3.301848e-02;4.417337e-03;9.277018e-03
6.578548e-02;2.600212e-01;1.806314e-01;4.071908e-02;1.329225e-02;6.455136e-02;1.325006e-02;1.884392e-02;3.155709e-01;1.903092e-02;3.144094e-03;5.159400e-03
8.617254e-02;1.887528e-01;1.382769e-01;2.713669e-02;1.995165e-02;7.839961e-02;1.440962e-02;3.937940e-02;3.694871e-01;2.515184e-02;7.274575e-03;5.607254e-03
1.028522e-01;9.874477e-02;1.127197e-01;1.386402e-02;6.089957e-02;7.876571e-02;2.226526e-02;1.145560e-01;3.440879e-01;3.226657e-02;1.173808e-02;7.240286e-03
1.179975e-01;6.050850e-02;7.959018e-02;1.554402e-02;1.260995e-01;4.317991e-02;2.679330e-02;2.272190e-01;2.524420e-01;2.920404e-02;1.232595e-02;9.096105e-03
1.139059e-01;3.729528e-02;7.175060e-02;2.954405e-02;1.506151e-01;1.194458e-02;8.589640e-02;3.249851e-01;1.221554e-01;2.128141e-02;1.258954e-02;1.803663e-02
6.717090e-02;1.657878e-02;4.922877e-02;8.055182e-02;9.643147e-02;2.558077e-02;2.001872e-01;3.185444e-01;6.707353e-02;2.817883e-02;1.120335e-02;3.927019e-02
4.972869e-02;1.974238e-02;4.363910e-02;1.557738e-01;1.558878e-02;2.551424e-02;3.469793e-01;1.825949e-01;5.317517e-02;3.955741e-02;8.018085e-03;5.968820e-02
5.977708e-02;1.752614e-02;2.722812e-02;2.060982e-01;1.347787e-02;2.416507e-02;4.270574e-01;9.789432e-02;2.919288e-02;3.376433e-02;6.798605e-03;5.701990e-02
3.730490e-02;9.720121e-03;3.868740e-02;1.883817e-01;1.372582e-02;2.254130e-02;4.253168e-01;1.604282e-01;3.353140e-02;2.598071e-02;5.127904e-03;3.925372e-02
3.478495e-02;7.724319e-03;5.472240e-02;1.496267e-01;1.376844e-02;2.935640e-02;4.573156e-01;1.533891e-01;4.275090e-02;1.660937e-02;8.182660e-03;3.176917e-02
5.316167e-02;1.555282e-02;3.588068e-02;8.692785e-02;2.692558e-02;2.954420e-02;4.731787e-01;1.437622e-01;3.687541e-02;1.983542e-02;1.161994e-02;6.673554e-02
5.094442e-02;1.564282e-02;3.249128e-02;9.258315e-02;3.615658e-02;4.074095e-02;4.235150e-01;1.152246e-01;3.527050e-02;2.105821e-02;2.736915e-02;1.090033e-01
3.321708e-02;1.887694e-02;4.874562e-02;1.115811e-01;6.359930e-02;7.568115e-02;3.545794e-01;8.482041e-02;1.874913e-02;2.103744e-02;3.255727e-02;1.365552e-01
5.333405e-02;1.169862e-02;8.448587e-02;7.361465e-02;7.983971e-02;1.046067e-01;1.863117e-01;1.598298e-01;6.721361e-02;2.703732e-02;3.447367e-02;1.175543e-01
8.799592e-02;3.807138e-02;1.028342e-01;8.354224e-02;4.326436e-02;9.923624e-02;2.097804e-01;1.130389e-01;1.067641e-01;3.228490e-02;3.346877e-02;4.971871e-02
7.481869e-02;4.121754e-02;7.105269e-02;1.133642e-01;8.411522e-02;5.733036e-02;2.895441e-01;1.931843e-02;1.034200e-01;3.361463e-02;2.603777e-02;8.616646e-02
1.073592e-01;4.895015e-02;7.220531e-02;5.921526e-02;5.031254e-02;7.991336e-02;2.444007e-01;8.625066e-02;7.911780e-02;3.235922e-02;3.698219e-02;1.029336e-01
6.970975e-02;5.300248e-02;5.821952e-02;9.751070e-02;5.156288e-02;9.979393e-02;1.748055e-01;1.188213e-01;8.592850e-02;4.147121e-02;4.283734e-02;1.063368e-01
7.685965e-02;4.798967e-02;5.595884e-02;1.312157e-01;6.669681e-02;9.222944e-02;9.161266e-02;1.169273e-01;9.635806e-02;5.144611e-02;3.974688e-02;1.329589e-01
7.534882e-02;3.662222e-02;7.091025e-02;1.274778e-01;8.527853e-02;9.580714e-02;7.030085e-02;1.290700e-01;9.223931e-02;5.224001e-02;3.042663e-02;1.342784e-01
5.770958e-02;4.034035e-02;4.666467e-02;1.636659e-01;8.546819e-02;6.930078e-02;1.618460e-01;9.543560e-02;5.479323e-02;6.474359e-02;4.117330e-02;1.188588e-01
8.721853e-02;4.385889e-02;6.045172e-02;1.919910e-01;3.845427e-02;3.922901e-02;1.987605e-01;5.738320e-02;7.912979e-02;5.413263e-02;4.304851e-02;1.063419e-01
8.044448e-02;1.969929e-02;6.600864e-02;1.693804e-01;1.800363e-02;3.111056e-02;2.433583e-01;1.131653e-01;1.167009e-01;3.803853e-02;2.540501e-02;7.868502e-02
5.248994e-02;3.012083e-02;6.961387e-02;1.207918e-01;3.834804e-02;2.924420e-02;2.559706e-01;2.018435e-01;1.040565e-01;2.270763e-02;1.837010e-02;5.644294e-02
4.163021e-02;3.876302e-02;6.884358e-02;1.219430e-01;5.331696e-02;3.440372e-02;2.526501e-01;1.895007e-01;7.714025e-02;2.489927e-02;2.748782e-02;6.942130e-02
5.278797e-02;3.955822e-02;6.990170e-02;1.456418e-01;6.584822e-02;3.875878e-02;2.317201e-01;8.691390e-02;1.131895e-01;2.646042e-02;4.066999e-02;8.854947e-02
8.241955e-02;3.716940e-02;9.021586e-02;1.422455e-01;7.931696e-02;4.051111e-02;1.119518e-01;1.195341e-01;1.687128e-01;2.286550e-02;2.079451e-02;8.426293e-02
6.742842e-02;3.816410e-02;6.266958e-02;9.951797e-02;4.853620e-02;3.949329e-02;1.663744e-01;1.430295e-01;1.219146e-01;2.889953e-02;3.904102e-02;1.449313e-01
5.521321e-02;4.144977e-02;5.920706e-02;6.506131e-02;3.059416e-02;4.659919e-02;2.388873e-01;1.390723e-01;9.434142e-02;3.426245e-02;3.000597e-02;1.653059e-01
5.586614e-02;4.989931e-02;9.594636e-02;3.948590e-02;4.217080e-02;6.305026e-02;3.160842e-01;1.029643e-01;5.654106e-02;2.361002e-02;2.625466e-02;1.281270e-01
6.214089e-02;4.944263e-02;9.618253e-02;2.824007e-02;7.406683e-02;5.863897e-02;3.443174e-01;1.346253e-01;3.199695e-02;3.068884e-02;3.522468e-02;5.443490e-02
4.220796e-02;3.510894e-02;7.630330e-02;9.909388e-02;5.930866e-02;9.172476e-02;2.842521e-01;1.007752e-01;5.470232e-02;2.789340e-02;5.829156e-02;7.033794e-02
8.840404e-02;3.613233e-02;9.235530e-02;1.067914e-01;3.864515e-02;1.011598e-01;1.702014e-01;7.425241e-02;6.299636e-02;3.272453e-02;8.684134e-02;1.094959e-01
1.089316e-01;4.247260e-02;1.403795e-01;6.638545e-02;2.826659e-02;8.658302e-02;1.262483e-01;6.771740e-02;8.173545e-02;4.889892e-02;9.224035e-02;1.101407e-01
5.119745e-02;4.674890e-02;1.241852e-01;1.471233e-01;4.323149e-02;7.113671e-02;1.332963e-01;6.962088e-02;1.203055e-01;7.716279e-02;3.631879e-02;7.967270e-02
