2.776773e-01;1.036394e-01;1.613776e-01;1.802301e-02;2.269984e-02;1.912582e-02;8.320685e-02;6.132242e-02;2.372528e-02;5.606247e-02;8.485773e-02;8.828235e-02
2.567044e-01;1.027771e-01;1.320459e-01;2.367144e-02;2.570857e-02;3.064200e-02;1.030619e-01;4.053660e-02;2.614814e-02;6.312168e-02;8.940651e-02;1.061757e-01
2.326109e-01;1.235031e-01;6.981595e-02;2.418897e-02;3.617856e-02;4.032256e-02;1.366617e-01;5.080437e-02;4.819473e-02;6.096712e-02;9.278908e-02;8.396297e-02
2.303816e-01;1.254692e-01;1.254656e-01;3.141045e-02;4.763725e-02;3.580309e-02;1.165903e-01;5.921634e-02;7.360560e-02;3.702134e-02;6.187443e-02;5.552484e-02
1.242682e-01;1.299560e-01;3.208040e-01;4.511448e-02;3.777273e-02;2.615937e-02;4.537377e-02;3.834808e-02;7.664927e-02;6.858420e-02;4.603794e-02;4.093200e-02
4.973947e-02;8.180718e-02;4.177570e-01;9.652423e-02;5.628300e-02;1.170330e-02;1.438229e-02;1.778165e-02;4.244391e-02;1.076418e-01;7.118554e-02;3.275059e-02
4.563454e-02;5.273393e-02;3.272129e-01;1.497564e-01;9.514911e-02;2.008919e-02;1.432499e-02;1.241478e-02;2.105041e-02;9.114905e-02;1.322510e-01;3.823371e-02
4.078510e-02;3.893123e-02;1.833530e-01;1.821519e-01;1.577028e-01;3.981452e-02;3.092623e-02;1.024672e-02;1.509461e-02;5.388232e-02;1.591398e-01;8.797184e-02
3.891288e-02;2.477148e-02;7.768977e-02;1.838618e-01;2.036616e-01;8.098301e-02;8.356379e-02;1.498981e-02;1.390075e-02;4.101935e-02;1.130834e-01;1.235623e-01
3.573355e-02;2.630205e-02;1.758999e-01;1.536530e-01;1.443927e-01;1.033693e-01;1.180627e-01;2.865824e-02;1.507095e-02;3.846500e-02;7.403437e-02;8.635817e-02
4.781391e-02;4.651741e-02;2.932895e-01;1.395793e-01;5.549901e-02;9.077480e-02;9.296881e-02;3.757897e-02;3.599969e-02;3.699232e-02;7.689205e-02;4.609426e-02
6.565294e-02;4.661305e-02;2.640381e-01;1.032285e-01;1.165834e-01;6.044191e-02;8.185840e-02;3.679978e-02;3.859632e-02;3.554772e-02;8.265258e-02;6.798717e-02
6.816515e-02;3.424979e-02;1.715481e-01;7.424457e-02;1.359750e-01;6.172760e-02;9.891044e-02;6.693091e-02;3.305458e-02;5.168521e-02;1.192025e-01;8.430612e-02
6.758564e-02;4.713888e-02;1.907241e-01;1.188136e-01;1.182453e-01;5.330927e-02;7.702830e-02;6.679974e-02;2.207038e-02;5.557960e-02;1.107494e-01;7.195569e-02
6.126997e-02;4.852387e-02;2.513052e-01;1.546569e-01;1.267151e-01;4.343053e-02;7.097394e-02;4.645881e-02;1.503887e-02;4.773493e-02;7.055454e-02;6.333723e-02
6.867770e-02;6.760121e-02;1.394652e-01;1.400914e-01;1.044816e-01;4.925050e-02;7.599717e-02;6.713142e-02;7.211762e-02;8.190483e-02;6.737465e-02;6.590669e-02
1.096448e-01;6.944446e-02;1.030746e-01;7.776394e-02;7.344764e-02;5.652506e-02;1.040435e-01;7.444055e-02;1.065935e-01;9.643988e-02;7.148241e-02;5.709958e-02
1.260799e-01;5.983754e-02;9.921132e-02;4.160982e-02;5.355543e-02;5.359439e-02;2.416851e-01;6.331046e-02;7.165165e-02;9.301528e-02;6.334937e-02;3.309974e-02
9.432627e-02;1.026624e-01;5.561275e-02;2.576929e-02;4.823381e-02;6.479125e-02;4.047192e-01;3.584407e-02;3.857469e-02;5.549204e-02;6.056177e-02;1.341243e-02
3.419949e-02;2.105131e-01;1.541362e-02;1.068272e-02;2.404603e-02;6.184205e-02;4.490834e-01;4.748579e-02;3.548207e-02;2.537904e-02;7.555548e-02;1.031722e-02
2.754678e-02;2.739035e-01;1.882156e-02;1.275982e-02;1.536074e-02;5.322337e-02;4.523293e-01;4.102854e-02;2.121314e-02;1.263452e-02;6.323475e-02;7.943954e-03
2.681881e-02;2.476153e-01;1.967370e-02;4.615431e-02;1.451443e-02;7.793021e-02;4.330856e-01;5.326989e-02;8.758947e-03;3.104995e-02;3.373700e-02;7.391879e-03
5.073962e-02;1.409622e-01;1.957922e-02;8.733043e-02;2.523767e-02;1.504253e-01;3.672284e-01;5.562719e-02;1.246719e-02;7.010517e-02;1.005905e-02;1.023860e-02
7.339758e-02;6.373251e-02;5.461720e-02;1.106461e-01;6.090961e-02;1.876142e-01;2.666015e-01;4.678209e-02;1.978052e-02;1.005760e-01;5.933701e-03;9.408912e-03
6.871492e-02;4.779723e-02;1.115198e-01;1.015608e-01;8.858597e-02;1.516047e-01;2.159393e-01;4.265089e-02;3.582726e-02;1.033192e-01;1.508465e-02;1.739517e-02
6.676616e-02;4.853169e-02;1.243737e-01;8.267018e-02;6.808635e-02;8.567151e-02;2.548410e-01;3.270448e-02;5.168981e-02;1.244638e-01;2.735914e-02;3.284215e-02
9.139742e-02;3.257463e-02;8.729973e-02;1.225587e-01;3.554486e-02;1.021273e-01;2.593096e-01;6.620885e-02;5.318370e-02;1.085612e-01;1.368258e-02;2.755142e-02
1.021086e-01;2.474657e-02;3.599593e-02;1.816590e-01;2.112539e-02;1.098460e-01;2.590294e-01;8.046143e-02;5.470530e-02;1.126314e-01;5.359212e-03;1.233162e-02
1.546907e-01;5.659255e-02;2.090697e-02;2.289825e-01;1.679423e-02;9.090287e-02;1.930915e-01;4.994098e-02;4.953024e-02;1.310543e-01;4.514867e-03;2.998358e-03
2.400657e-01;1.346174e-01;2.227117e-02;2.064058e-01;1.395119e-02;8.979254e-02;1.110528e-01;1.503565e-02;2.218902e-02;1.345060e-01;3.880952e-03;6.231681e-03
3.273400e-01;1.741849e-01;1.829370e-02;1.300002e-01;1.156375e-02;9.767268e-02;7.237194e-02;1.165819e-02;8.297205e-03;1.317788e-01;7.019703e-03;9.818982e-03
4.107313e-01;1.113170e-01;1.028794e-02;9.812011e-02;1.248721e-02;1.101584e-01;5.624113e-02;1.632836e-02;7.047166e-03;1.544660e-01;5.769921e-03;7.045443e-03
4.390602e-01;3.404043e-02;1.609612e-02;1.231474e-01;1.413563e-02;1.082277e-01;7.574464e-02;1.836517e-02;8.727202e-03;1.499358e-01;4.668818e-03;7.850923e-03
4.347313e-01;8.231039e-02;2.160297e-02;1.121303e-01;1.358971e-02;9.139952e-02;1.010380e-01;1.212782e-02;1.049011e-02;1.073560e-01;7.822182e-03;5.401611e-03
4.156114e-01;1.449926e-01;2.475467e-02;5.234342e-02;1.263946e-02;1.003988e-01;1.476553e-01;1.336756e-02;6.615049e-03;6.768202e-02;6.068221e-03;7.871517e-03
3.050622e-01;1.590234e-01;2.297122e-02;6.157646e-02;1.555079e-02;1.342440e-01;2.145635e-01;7.447646e-03;1.150501e-02;4.065614e-02;8.391827e-03;1.900777e-02
1.264693e-01;1.792875e-01;1.925235e-02;9.101418e-02;2.520510e-02;1.602344e-01;2.800013e-01;1.802018e-02;2.182055e-02;5.353670e-02;1.398311e-02;1.117533e-02
9.750024e-02;1.879213e-01;1.409907e-02;5.248423e-02;4.146965e-02;1.965319e-01;3.099429e-01;8.641690e-03;1.883142e-02;4.707143e-02;1.920522e-02;6.300940e-03
8.112989e-02;1.633649e-01;2.145495e-02;6.713477e-02;6.811862e-02;1.945455e-01;3.063895e-01;1.679263e-02;1.415088e-02;2.807972e-02;3.257585e-02;6.262840e-03
6.958422e-02;1.391755e-01;1.992310e-02;7.451490e-02;8.805438e-02;1.236740e-01;3.511275e-01;2.759962e-02;1.911609e-02;2.649097e-02;5.495057e-02;5.789099e-03
5.197462e-02;1.142939e-01;1.391939e-02;4.900416e-02;1.103353e-01;4.407511e-02;4.427363e-01;5.540191e-02;1.854381e-02;2.736696e-02;6.873369e-02;3.614827e-03
2.878731e-02;1.107604e-01;9.427655e-03;4.178466e-02;1.191211e-01;4.571965e-02;4.870079e-01;5.876372e-02;1.121727e-02;1.995320e-02;6.438568e-02;3.071359e-03
1.710449e-02;8.661282e-02;1.091426e-02;2.875783e-02;1.131530e-01;4.431432e-02;5.496225e-01;5.403303e-02;8.741120e-03;1.648933e-02;6.762146e-02;2.635882e-03
2.039833e-02;9.932476e-02;2.143138e-02;1.304327e-02;1.030680e-01;8.878379e-02;5.486770e-01;2.383388e-02;8.225819e-03;2.096752e-02;4.822214e-02;4.024162e-03
4.871283e-02;9.544897e-02;4.835853e-02;2.152670e-02;1.144029e-01;1.422700e-01;4.393643e-01;2.539027e-02;1.336350e-02;2.303848e-02;1.950427e-02;8.619277e-03
7.863536e-02;8.385117e-02;6.223565e-02;4.001640e-02;1.669621e-01;1.979398e-01;2.794651e-01;1.721318e-02;2.114158e-02;3.188886e-02;9.840304e-03;1.081054e-02
8.604074e-02;8.892789e-02;6.457747e-02;3.575898e-02;1.735886e-01;1.711053e-01;2.828045e-01;1.853644e-02;1.657292e-02;3.083057e-02;2.095171e-02;1.030482e-02
1.069917e-01;8.759212e-02;3.871081e-02;2.149047e-02;1.443130e-01;1.420524e-01;3.565221e-01;2.048629e-02;1.038132e-02;2.737131e-02;2.584658e-02;1.824188e-02
1.081797e-01;4.438931e-02;3.465976e-02;1.977416e-02;9.098309e-02;1.360993e-01;4.272630e-01;2.205336e-02;1.172550e-02;4.448833e-02;3.039429e-02;2.999021e-02
7.336638e-02;2.433467e-02;3.061733e-02;1.358920e-02;5.135051e-02;8.424685e-02;5.308339e-01;4.575355e-02;2.477053e-02;3.553130e-02;5.779418e-02;2.781161e-02
3.882622e-02;3.460786e-02;2.105474e-02;9.347122e-03;3.069797e-02;3.116807e-02;5.817173e-01;8.689277e-02;2.127684e-02;2.148573e-02;9.592950e-02;2.699595e-02
2.396159e-02;3.615542e-02;2.882062e-02;4.512258e-03;2.318063e-02;2.224511e-02;5.274879e-01;1.563152e-01;1.867562e-02;1.152279e-02;8.935934e-02;5.776344e-02
2.078483e-02;1.994056e-02;5.508672e-02;5.620483e-03;1.554821e-02;1.911219e-02;4.038371e-01;2.333633e-01;1.979774e-02;1.385996e-02;5.972132e-02;1.333276e-01
1.782931e-02;1.593556e-02;7.087608e-02;8.659477e-03;1.537040e-02;1.638789e-02;3.468865e-01;2.788672e-01;3.193400e-02;1.626949e-02;3.203839e-02;1.489457e-01
1.795646e-02;2.533290e-02;6.344569e-02;1.037937e-02;2.052187e-02;1.697158e-02;3.618752e-01;3.215179e-01;2.692994e-02;1.786974e-02;2.703264e-02;9.016663e-02
1.285718e-02;5.435009e-02;2.950960e-02;7.309345e-03;2.252849e-02;1.724027e-02;4.380633e-01;3.079367e-01;1.783933e-02;8.423465e-03;5.430674e-02;2.963547e-02
7.744752e-03;1.029695e-01;1.629021e-02;4.595929e-03;1.772755e-02;1.072294e-02;4.949844e-01;2.364263e-01;1.217093e-02;5.041478e-03;7.941809e-02;1.190791e-02
6.893229e-03;1.710085e-01;8.193136e-03;2.966009e-03;2.031923e-02;2.578569e-02;5.195159e-01;1.483175e-01;6.307828e-03;4.832530e-03;8.042976e-02;5.430648e-03
5.502435e-03;2.301728e-01;5.832427e-03;2.759430e-03;2.080398e-02;3.013622e-02;5.222625e-01;8.814402e-02;9.826662e-03;5.655713e-03;7.410330e-02;4.800593e-03
1.080715e-02;2.626203e-01;4.495603e-03;3.042653e-03;1.890806e-02;4.021312e-02;5.060631e-01;6.186400e-02;1.337906e-02;7.814432e-03;6.596941e-02;4.823125e-03
2.976845e-02;2.296107e-01;1.132694e-02;7.095351e-03;2.363506e-02;7.551499e-02;4.565445e-01;5.996769e-02;1.642964e-02;1.891657e-02;6.168539e-02;9.504813e-03
3.243551e-02;1.585294e-01;1.516154e-02;1.193851e-02;3.746420e-02;1.089955e-01;4.316397e-01;6.546815e-02;2.425511e-02;5.394157e-02;4.377801e-02;1.639275e-02
3.611371e-02;1.537029e-01;3.365558e-02;1.339421e-02;5.697339e-02;1.059544e-01;4.095474e-01;5.667148e-02;1.422900e-02;8.175789e-02;2.570978e-02;1.229012e-02
5.876910e-02;1.600353e-01;2.811465e-02;1.145690e-02;6.537829e-02;1.428639e-01;3.844864e-01;4.813430e-02;1.197598e-02;5.395212e-02;2.697330e-02;7.859767e-03
8.730450e-02;9.483815e-02;2.113057e-02;1.141514e-02;4.894651e-02;1.160616e-01;3.950382e-01;6.685363e-02;1.709956e-02;1.071739e-01;2.906977e-02;5.068490e-03
6.153975e-02;1.410116e-01;1.980248e-02;1.198313e-02;2.419366e-02;6.247137e-02;3.791895e-01;9.394895e-02;3.080378e-02;7.314222e-02;9.753292e-02;4.380656e-03
2.805549e-02;2.010994e-01;1.244028e-02;9.620912e-03;1.534678e-02;3.360673e-02;3.854241e-01;9.590017e-02;2.812884e-02;3.077971e-02;1.552925e-01;4.305089e-03
6.330562e-03;2.345768e-01;1.180510e-02;4.576068e-03;1.516829e-02;1.978043e-02;3.966392e-01;6.515016e-02;1.892251e-02;1.205761e-02;2.120479e-01;2.945392e-03
6.640577e-03;2.359535e-01;9.114452e-03;2.493176e-03;1.494348e-02;2.036371e-02;3.980053e-01;3.350095e-02;1.465133e-02;7.997797e-03;2.543759e-01;1.959889e-03
9.645401e-03;2.019121e-01;1.289244e-02;5.662247e-03;1.597842e-02;2.884817e-02;4.123569e-01;2.217938e-02;1.570805e-02;1.274406e-02;2.578170e-01;4.255824e-03
1.020230e-02;1.420565e-01;3.113410e-02;9.032554e-03;1.645103e-02;4.028259e-02;4.559543e-01;3.266747e-02;2.169342e-02;1.596472e-02;2.169812e-01;7.579886e-03
8.271067e-03;1.152185e-01;2.312849e-02;7.752430e-03;1.537906e-02;3.169022e-02;5.085583e-01;1.054525e-01;1.605477e-02;1.214364e-02;1.480801e-01;8.270954e-03
6.491033e-03;1.168486e-01;3.247521e-02;5.321619e-03;1.300075e-02;1.453221e-02;5.035896e-01;1.853365e-01;2.055158e-02;1.109430e-02;7.434310e-02;1.641545e-02
1.066945e-02;1.078755e-01;5.543198e-02;3.368821e-03;1.087364e-02;1.648906e-02;4.874040e-01;2.130621e-01;1.927854e-02;1.611870e-02;3.422250e-02;2.520578e-02
1.641441e-02;9.309222e-02;6.563114e-02;1.146816e-02;3.932805e-02;4.798546e-02;4.109530e-01;1.606384e-01;3.076094e-02;2.072807e-02;7.897040e-02;2.402978e-02
2.810952e-02;9.586868e-02;7.353335e-02;3.053948e-02;9.844603e-02;9.339900e-02;2.285592e-01;1.267003e-01;4.179790e-02;4.151237e-02;1.109810e-01;3.055315e-02
2.177456e-02;8.719848e-02;7.767903e-02;2.933394e-02;1.238155e-01;8.309450e-02;2.632002e-01;1.180504e-01;3.402750e-02;4.551446e-02;9.210611e-02;2.420533e-02
2.458307e-02;6.880797e-02;9.157775e-02;2.136213e-02;1.077942e-01;7.776833e-02;3.397654e-01;1.160615e-01;1.943122e-02;3.506367e-02;6.962357e-02;2.816124e-02
4.831401e-02;7.165492e-02;8.152436e-02;3.245303e-02;7.586430e-02;8.239632e-02;3.299239e-01;8.019215e-02;4.642081e-02;6.056667e-02;4.291223e-02;4.777727e-02
4.226192e-02;5.395232e-02;8.915135e-02;4.479851e-02;4.018693e-02;4.949560e-02;2.705100e-01;1.099603e-01;1.659166e-01;6.631988e-02;3.194959e-02;3.549697e-02
1.979468e-02;2.144540e-02;9.970605e-02;5.048112e-02;2.203170e-02;2.228748e-02;1.776814e-01;2.049368e-01;2.632759e-01;5.708539e-02;1.386611e-02;4.740792e-02
1.261461e-02;1.197303e-02;8.724166e-02;4.432135e-02;1.206437e-02;2.288952e-02;1.674324e-01;2.674649e-01;2.698418e-01;3.753202e-02;1.272727e-02;5.389708e-02
1.033471e-02;9.932444e-03;1.188151e-01;2.888671e-02;7.563256e-03;1.929841e-02;1.496517e-01;3.561583e-01;1.948362e-01;2.057522e-02;1.252411e-02;7.142381e-02
8.347379e-03;1.678311e-02;1.693757e-01;1.619939e-02;7.394668e-03;1.319802e-02;1.444985e-01;4.147875e-01;1.120336e-01;1.596793e-02;1.275305e-02;6.866114e-02
1.289762e-02;2.199945e-02;2.111220e-01;8.075818e-03;1.177612e-02;1.408511e-02;1.677346e-01;4.066582e-01;7.000898e-02;1.218865e-02;8.689272e-03;5.476407e-02
1.019026e-02;1.961070e-02;2.455175e-01;1.682351e-02;1.121528e-02;1.783709e-02;1.620955e-01;3.464994e-01;1.094071e-01;1.067805e-02;5.797562e-03;4.432808e-02
1.110409e-02;1.462898e-02;2.318873e-01;6.205403e-02;1.143421e-02;1.833836e-02;1.435281e-01;2.489416e-01;2.019113e-01;2.011607e-02;5.528519e-03;3.052750e-02
9.983773e-03;7.757782e-03;1.341302e-01;1.044048e-01;7.739203e-03;1.687519e-02;1.534033e-01;2.309459e-01;2.826667e-01;3.065702e-02;8.090148e-03;1.334587e-02
6.170973e-03;8.562908e-03;7.528083e-02;8.934996e-02;9.570555e-03;1.383033e-02;2.183656e-01;2.925456e-01;2.320348e-01;3.286272e-02;1.274422e-02;8.681590e-03
6.737960e-03;1.816274e-02;9.724224e-02;4.545872e-02;1.433976e-02;2.676001e-02;3.660798e-01;2.569591e-01;1.180421e-01;1.991349e-02;1.706221e-02;1.324192e-02
1.419743e-02;3.639578e-02;7.263618e-02;2.232616e-02;3.026415e-02;5.093373e-02;4.920373e-01;1.716797e-01;5.195162e-02;2.040854e-02;2.360557e-02;1.356388e-02
2.764686e-02;4.584561e-02;5.669094e-02;2.250201e-02;6.538182e-02;9.550598e-02;4.870737e-01;8.813435e-02;2.442378e-02;3.572024e-02;2.944296e-02;2.163171e-02
4.684246e-02;2.806967e-02;1.219467e-01;8.084911e-02;1.041145e-01;1.074850e-01;2.827579e-01;3.815817e-02;6.285603e-02;5.571709e-02;2.901196e-02;4.219130e-02
8.899780e-02;5.263698e-02;1.478686e-01;1.372900e-01;9.563944e-02;7.891773e-02;1.002637e-01;6.734644e-02;1.011477e-01;3.432928e-02;5.093418e-02;4.462809e-02
8.617128e-02;5.163494e-02;1.189226e-01;1.251703e-01;7.068053e-02;6.675930e-02;1.344057e-01;1.170820e-01;8.728682e-02;3.309821e-02;5.306731e-02;5.572103e-02
6.359442e-02;6.953134e-02;1.119664e-01;1.367733e-01;7.165491e-02;7.072624e-02;1.319835e-01;1.062932e-01;6.317777e-02;5.166169e-02;4.091055e-02;8.172657e-02
5.272361e-02;1.153286e-01;9.894829e-02;1.596287e-01;5.108454e-02;4.603041e-02;1.492605e-01;6.820111e-02;6.586875e-02;7.022505e-02;4.630998e-02;7.639040e-02
6.519149e-02;1.665013e-01;1.384578e-01;1.222863e-01;3.324730e-02;3.396598e-02;1.407333e-01;5.814850e-02;6.966139e-02;6.555545e-02;4.550726e-02;6.074389e-02
7.913286e-02;2.018764e-01;1.916998e-01;8.030646e-02;3.943176e-02;3.899645e-02;1.194240e-01;4.207139e-02;6.191010e-02;4.166499e-02;4.713028e-02;5.635558e-02
5.712723e-02;2.269109e-01;2.378208e-01;4.316327e-02;5.205072e-02;4.346839e-02;1.081024e-01;6.717163e-02;5.461565e-02;2.867499e-02;4.002998e-02;4.086401e-02
3.780288e-02;2.719966e-01;2.304302e-01;3.808355e-02;6.125301e-02;6.619798e-02;9.342065e-02;4.561330e-02;6.076515e-02;3.641133e-02;2.305499e-02;3.497039e-02
5.818343e-02;2.850115e-01;1.669644e-01;4.640399e-02;9.006386e-02;5.942810e-02;6.762704e-02;3.868105e-02;8.695979e-02;4.099527e-02;2.444868e-02;3.523285e-02
9.360415e-02;2.692302e-01;7.945003e-02;5.227870e-02;8.492177e-02;6.305156e-02;7.273122e-02;2.729596e-02;9.296162e-02;7.933171e-02;5.147898e-02;3.366408e-02
8.819022e-02;1.744131e-01;9.411949e-02;6.306070e-02;6.766315e-02;8.182489e-02;6.529354e-02;2.757017e-02;1.000351e-01;1.045829e-01;9.154312e-02;4.170362e-02
8.116946e-02;1.370239e-01;1.542219e-01;8.058950e-02;9.882559e-02;1.218872e-01;6.791125e-02;3.676753e-02;5.954548e-02;6.242425e-02;5.105102e-02;4.858289e-02
7.247973e-02;1.573316e-01;1.756040e-01;1.048172e-01;7.463562e-02;1.191521e-01;8.297291e-02;3.218604e-02;5.248561e-02;4.800608e-02;2.840755e-02;5.192143e-02
6.040525e-02;1.429788e-01;2.186787e-01;1.143227e-01;4.397818e-02;8.620173e-02;8.224249e-02;6.079510e-02;4.830596e-02;5.834248e-02;3.911249e-02;4.463604e-02
5.294523e-02;1.187653e-01;2.177486e-01;9.447246e-02;6.634717e-02;7.477506e-02;9.170433e-02;7.636931e-02;4.126550e-02;9.196584e-02;4.364382e-02;2.999739e-02
2.831951e-02;1.079203e-01;1.618546e-01;7.462732e-02;9.216978e-02;1.086732e-01;8.228780e-02;6.091996e-02;6.917761e-02;1.127938e-01;6.698713e-02;3.426898e-02
6.825019e-02;8.224659e-02;1.636252e-01;4.253466e-02;1.131800e-01;9.673361e-02;7.164059e-02;6.714615e-02;1.022615e-01;8.194652e-02;5.591015e-02;5.452479e-02
6.414456e-02;6.580358e-02;1.668123e-01;6.243003e-02;1.549457e-01;9.290442e-02;7.692081e-02;8.257382e-02;7.679512e-02;7.810921e-02;3.378069e-02;4.477980e-02
4.478297e-02;8.158574e-02;1.728357e-01;1.063572e-01;1.649700e-01;8.361109e-02;1.064789e-01;6.456531e-02;4.367109e-02;6.292041e-02;3.522136e-02;3.300019e-02
4.367157e-02;9.244071e-02;1.754214e-01;7.631193e-02;1.572426e-01;6.851994e-02;1.414761e-01;3.930340e-02;5.669316e-02;5.444815e-02;4.918368e-02;4.528737e-02
7.059456e-02;5.215282e-02;2.841025e-01;7.519704e-02;1.435349e-01;7.191598e-02;1.303515e-01;2.485180e-02;5.187564e-02;4.151003e-02;3.839923e-02;1.551395e-02
6.909912e-02;9.632748e-02;3.801277e-01;6.372806e-02;1.058802e-01;5.070939e-02;1.109704e-01;1.165303e-02;4.684711e-02;3.538840e-02;2.252229e-02;6.746908e-03
8.301163e-02;1.629368e-01;4.044459e-01;4.962585e-02;7.117246e-02;4.175186e-02;5.402315e-02;1.851434e-02;6.779696e-02;2.781920e-02;1.252696e-02;6.374944e-03
1.695985e-01;2.084474e-01;3.179875e-01;2.934715e-02;3.880141e-02;4.115431e-02;2.932158e-02;4.825399e-02;7.029891e-02;2.054084e-02;1.226545e-02;1.398302e-02
2.876452e-01;1.764681e-01;1.821237e-01;1.361873e-02;2.735174e-02;2.797517e-02;5.368207e-02;1.071482e-01;6.422458e-02;1.589997e-02;1.718619e-02;2.667634e-02
3.774642e-01;5.517493e-02;9.976102e-02;1.114975e-02;3.107443e-02;2.880093e-02;7.125686e-02;1.576063e-01;8.386568e-02;1.797466e-02;1.449507e-02;5.137613e-02
3.730873e-01;6.085486e-02;4.654532e-02;1.112997e-02;1.830730e-02;3.869583e-02;8.148431e-02;1.135510e-01;1.119579e-01;5.744896e-02;1.057502e-02;7.636220e-02
3.532594e-01;5.370004e-02;2.990593e-02;1.405997e-02;9.680708e-03;3.644017e-02;1.028797e-01;8.244486e-02;9.834443e-02;1.190547e-01;1.014512e-02;9.008496e-02
3.065947e-01;4.069122e-02;1.161085e-02;2.224465e-02;9.412264e-03;2.851603e-02;1.462240e-01;6.353936e-02;7.135644e-02;1.761586e-01;1.222461e-02;1.114273e-01
2.311566e-01;3.908031e-02;1.423514e-02;3.272678e-02;5.553694e-03;1.919793e-02;2.246171e-01;4.817651e-02;6.481047e-02;1.561015e-01;2.069728e-02;1.436467e-01
2.019579e-01;2.901197e-02;2.106542e-02;3.781004e-02;6.541809e-03;1.832994e-02;2.732928e-01;6.116226e-02;3.984924e-02;1.348109e-01;1.991143e-02;1.562563e-01
2.472277e-01;2.294920e-02;2.180170e-02;2.775660e-02;9.250826e-03;2.007124e-02;2.133519e-01;8.406924e-02;4.586977e-02;1.660707e-01;1.957120e-02;1.220099e-01
3.320561e-01;7.478432e-02;3.205169e-02;1.402481e-02;2.046500e-02;1.663116e-02;1.237871e-01;1.253340e-01;7.160705e-02;9.205692e-02;2.112908e-02;7.607272e-02
3.645877e-01;1.409956e-01;4.767071e-02;1.105130e-02;2.746738e-02;1.361338e-02;5.451662e-02;1.236909e-01;8.885925e-02;5.826771e-02;2.416039e-02;4.511910e-02
2.428492e-01;1.821884e-01;9.526026e-02;2.287999e-02;2.041834e-02;3.557524e-02;4.180261e-02;7.011058e-02;1.441789e-01;8.254977e-02;2.139327e-02;4.079356e-02
8.505155e-02;1.588234e-01;2.239017e-01;3.001823e-02;3.021328e-02;5.502277e-02;3.937509e-02;5.875672e-02;1.636513e-01;1.005260e-01;1.070862e-02;4.395138e-02
5.911309e-02;9.576195e-02;3.487011e-01;2.741507e-02;6.572848e-02;3.429785e-02;6.104459e-02;6.252410e-02;7.014357e-02;1.334990e-01;1.299776e-02;2.877356e-02
5.459557e-02;5.651665e-02;4.038579e-01;4.613953e-02;7.223327e-02;1.751407e-02;9.288909e-02;3.006976e-02;1.943431e-02;1.546312e-01;3.750783e-02;1.461085e-02
7.964359e-02;2.419186e-02;3.588776e-01;9.535317e-02;5.689188e-02;2.562537e-02;8.219411e-02;3.282869e-02;2.887479e-02;1.113481e-01;9.091068e-02;1.326018e-02
5.642722e-02;2.226319e-02;3.362892e-01;1.475932e-01;8.400060e-02;3.499628e-02;5.393644e-02;2.800126e-02;2.079475e-02;5.739652e-02;1.439782e-01;1.432313e-02
1.518341e-02;5.290494e-02;3.624011e-01;1.596448e-01;8.669572e-02;3.463694e-02;5.001551e-02;2.114101e-02;1.807856e-02;4.903071e-02;1.282974e-01;2.196991e-02
4.388956e-02;8.723354e-02;3.823907e-01;1.149809e-01;6.901890e-02;3.484321e-02;7.453943e-02;2.657392e-02;2.811577e-02;3.756388e-02;6.810315e-02;3.274710e-02
5.134077e-02;1.083419e-01;3.655954e-01;5.586802e-02;5.268613e-02;3.707593e-02;1.147942e-01;3.886381e-02;5.124888e-02;3.862977e-02;4.835081e-02;3.720440e-02
1.000156e-01;1.036523e-01;2.354919e-01;7.905162e-02;6.819208e-02;3.296799e-02;1.196028e-01;7.036220e-02;6.780854e-02;5.409664e-02;3.793965e-02;3.081861e-02
1.202762e-01;7.527672e-02;2.577596e-01;9.552754e-02;6.871555e-02;2.878926e-02;9.461012e-02;9.468166e-02;4.784496e-02;5.526644e-02;3.994615e-02;2.130587e-02
1.495701e-01;7.138576e-02;1.983094e-01;8.571918e-02;5.037071e-02;3.409576e-02;8.327500e-02;1.283530e-01;3.302990e-02;7.475908e-02;6.077519e-02;3.035701e-02
1.748581e-01;4.749666e-02;1.060613e-01;7.600017e-02;3.136247e-02;2.829575e-02;1.283334e-01;1.635875e-01;2.541288e-02;8.825164e-02;7.434747e-02;5.599263e-02
1.388901e-01;4.416349e-02;1.063203e-01;4.027920e-02;2.676295e-02;2.982197e-02;1.966893e-01;1.392146e-01;2.867814e-02;7.629826e-02;8.125045e-02;9.163122e-02
9.962691e-02;3.997218e-02;6.936764e-02;4.889162e-02;4.104440e-02;4.717888e-02;2.386502e-01;8.037253e-02;3.538654e-02;7.694157e-02;1.209371e-01;1.016304e-01
5.654509e-02;6.169948e-02;1.100377e-01;4.573574e-02;6.378050e-02;8.069911e-02;1.980566e-01;2.973757e-02;3.240593e-02;9.881733e-02;1.428593e-01;7.962555e-02
7.493920e-02;7.191148e-02;1.512144e-01;2.758499e-02;6.866686e-02;1.130225e-01;1.046276e-01;2.966544e-02;5.423906e-02;1.060399e-01;1.408542e-01;5.723431e-02
1.515093e-01;9.094484e-02;1.138641e-01;2.482777e-02;7.419740e-02;7.508885e-02;7.730392e-02;5.188113e-02;8.316968e-02;9.584799e-02;1.048321e-01;5.653290e-02
2.420353e-01;8.927347e-02;1.029150e-01;1.831970e-02;4.796609e-02;3.754043e-02;9.429741e-02;5.270374e-02;5.160391e-02;6.915654e-02;1.025358e-01;9.165264e-02
3.607277e-01;9.434766e-02;9.613556e-02;1.208798e-02;2.280562e-02;1.877981e-02;7.011373e-02;6.206200e-02;1.917923e-02;5.305998e-02;8.504358e-02;1.056572e-01
4.567827e-01;9.016303e-02;6.825300e-02;1.459213e-02;1.302692e-02;1.032676e-02;5.947277e-02;6.313931e-02;7.973429e-03;4.372340e-02;6.077211e-02;1.117745e-01
4.594206e-01;6.866718e-02;5.727586e-02;2.187706e-02;8.539581e-03;1.772978e-02;9.258253e-02;4.814232e-02;1.136807e-02;3.965871e-02;4.136307e-02;1.333752e-01
3.994750e-01;4.237108e-02;4.361314e-02;3.123094e-02;1.449439e-02;4.501115e-02;1.160941e-01;3.358787e-02;1.582580e-02;3.631509e-02;6.062351e-02;1.613579e-01
2.953148e-01;3.151148e-02;8.518164e-02;2.583558e-02;2.316685e-02;8.195306e-02;1.004942e-01;2.328649e-02;2.217230e-02;4.507751e-02;1.187632e-01;1.472429e-01
1.974213e-01;2.914085e-02;1.604943e-01;1.390198e-02;2.400802e-02;1.046722e-01;9.060894e-02;1.988039e-02;3.326150e-02;6.463514e-02;1.732397e-01;8.873574e-02
1.544226e-01;5.371196e-02;1.858228e-01;3.916552e-02;4.045049e-02;7.376938e-02;1.043711e-01;3.625886e-02;3.039338e-02;6.402148e-02;1.340068e-01;8.360551e-02
1.698816e-01;4.863556e-02;1.492297e-01;6.007382e-02;4.080904e-02;6.320976e-02;1.119155e-01;4.691401e-02;3.231877e-02;6.832502e-02;9.642813e-02;1.122591e-01
2.244334e-01;7.539149e-02;1.681232e-01;5.741159e-02;5.019414e-02;6.570237e-02;5.860247e-02;5.220944e-02;2.563009e-02;6.229256e-02;4.571998e-02;1.142893e-01
2.005546e-01;6.297135e-02;1.781868e-01;4.005878e-02;5.874320e-02;6.064533e-02;9.175751e-02;5.067028e-02;3.472182e-02;7.447708e-02;3.908539e-02;1.081278e-01
1.235876e-01;6.734848e-02;1.500635e-01;5.810555e-02;5.723343e-02;3.942040e-02;1.004349e-01;4.305617e-02;7.585896e-02;1.008915e-01;6.845460e-02;1.155449e-01
1.959571e-01;5.079576e-02;9.957949e-02;4.738194e-02;3.793698e-02;5.752063e-02;9.983521e-02;5.497440e-02;7.685053e-02;9.234796e-02;6.726433e-02;1.195557e-01
