6.729624e-02;7.497042e-02;1.156627e-01;5.359636e-02;8.556136e-02;4.979792e-02;1.033053e-01;6.054969e-02;1.138839e-01;1.182978e-01;1.166549e-01;4.042358e-02
7.439528e-02;9.807202e-02;9.161687e-02;4.233517e-02;9.020729e-02;3.824379e-02;7.608258e-02;7.774426e-02;1.351924e-01;1.245979e-01;1.015814e-01;4.993099e-02
9.069690e-02;7.475929e-02;1.520203e-01;5.885617e-02;6.646916e-02;4.871441e-02;1.069353e-01;8.568920e-02;1.304227e-01;7.382287e-02;5.796804e-02;5.364564e-02
9.786309e-02;7.099554e-02;2.358421e-01;3.687736e-02;6.081173e-02;6.049578e-02;1.648102e-01;4.488457e-02;4.350692e-02;8.847745e-02;5.456919e-02;4.086605e-02
1.109478e-01;6.649060e-02;2.530169e-01;3.064476e-02;6.463139e-02;5.195957e-02;1.019967e-01;5.049761e-02;2.402321e-02;1.032101e-01;8.823910e-02;5.434226e-02
9.778457e-02;5.920675e-02;2.062017e-01;2.900572e-02;6.204050e-02;4.212530e-02;1.672686e-01;5.544823e-02;4.406764e-02;1.148319e-01;8.109984e-02;4.091934e-02
6.756353e-02;5.135889e-02;1.457102e-01;3.306806e-02;6.186980e-02;3.181869e-02;2.118450e-01;6.900015e-02;7.301589e-02;1.475920e-01;7.773560e-02;2.942218e-02
3.981275e-02;4.530334e-02;8.040708e-02;2.441539e-02;6.739645e-02;3.854389e-02;1.767246e-01;7.924557e-02;8.162659e-02;2.201366e-01;1.227826e-01;2.360518e-02
2.264284e-02;2.722896e-02;3.996144e-02;1.188709e-02;6.879412e-02;7.939464e-02;8.087469e-02;5.431541e-02;4.949260e-02;2.721016e-01;2.557479e-01;3.755871e-02
2.362565e-02;2.362819e-02;5.878120e-02;7.747058e-03;4.555368e-02;1.260104e-01;8.946508e-02;2.754875e-02;3.339542e-02;1.860314e-01;3.099678e-01;6.824529e-02
4.465205e-02;1.143681e-02;8.281478e-02;9.830797e-03;3.219745e-02;1.366965e-01;8.582748e-02;2.914517e-02;4.629045e-02;1.181054e-01;2.808084e-01;1.221947e-01
1.013466e-01;9.588729e-03;3.989747e-02;1.350042e-02;2.212005e-02;1.052133e-01;1.677756e-01;2.793927e-02;4.274529e-02;1.008831e-01;2.141471e-01;1.548431e-01
1.518683e-01;2.356863e-02;5.915907e-02;1.339181e-02;2.313023e-02;6.486718e-02;2.147198e-01;2.873728e-02;2.574351e-02;8.363469e-02;1.502526e-01;1.609268e-01
1.689431e-01;2.722689e-02;6.438702e-02;1.818797e-02;2.987831e-02;3.086980e-02;2.540275e-01;3.339244e-02;1.985991e-02;7.133966e-02;1.225804e-01;1.593070e-01
1.091667e-01;3.303446e-02;9.500564e-02;2.578602e-02;3.646192e-02;3.583702e-02;2.448161e-01;3.800656e-02;2.498448e-02;6.635307e-02;1.419432e-01;1.486048e-01
7.774348e-02;4.014557e-02;7.035410e-02;2.152766e-02;4.947504e-02;5.017487e-02;1.886220e-01;6.273579e-02;3.563371e-02;9.388714e-02;1.845813e-01;1.251194e-01
8.255337e-02;2.644849e-02;1.029835e-01;9.823252e-03;5.674044e-02;1.137075e-01;1.407068e-01;4.655924e-02;3.440746e-02;1.001996e-01;2.153318e-01;7.053850e-02
6.741192e-02;2.647499e-02;5.141599e-02;1.870486e-02;4.705810e-02;1.755613e-01;1.236860e-01;3.157752e-02;3.603774e-02;1.281839e-01;2.473622e-01;4.652546e-02
3.370496e-02;3.930442e-02;2.899839e-02;3.137514e-02;5.149146e-02;1.332788e-01;1.277525e-01;4.527500e-02;4.225817e-02;1.918167e-01;2.334494e-01;4.129511e-02
4.380167e-02;3.830856e-02;3.298073e-02;4.144944e-02;5.771182e-02;6.777130e-02;1.465995e-01;6.967829e-02;5.683092e-02;2.223781e-01;1.802556e-01;4.223402e-02
4.159753e-02;3.133734e-02;7.788826e-02;3.122581e-02;5.489352e-02;7.576821e-02;2.498688e-01;8.271904e-02;6.359100e-02;1.575934e-01;1.048460e-01;2.867116e-02
4.347717e-02;5.335707e-02;1.143818e-01;5.286870e-02;6.602721e-02;6.935199e-02;2.673458e-01;7.959823e-02;5.706463e-02;1.025053e-01;5.598210e-02;3.803991e-02
5.342473e-02;7.246057e-02;1.017454e-01;7.631174e-02;8.809545e-02;8.771624e-02;2.234329e-01;4.275140e-02;5.196144e-02;7.492427e-02;6.106617e-02;6.610965e-02
6.621232e-02;6.326739e-02;1.248276e-01;8.447655e-02;9.370112e-02;8.930748e-02;1.626710e-01;2.861425e-02;4.549054e-02;8.507580e-02;8.401340e-02;7.234264e-02
6.179864e-02;5.777274e-02;1.803147e-01;6.988420e-02;6.965687e-02;1.064986e-01;1.391671e-01;2.839124e-02;3.276773e-02;1.032738e-01;9.041163e-02;6.006284e-02
5.339852e-02;6.314702e-02;1.901473e-01;6.016691e-02;6.792574e-02;1.042598e-01;1.682728e-01;5.698074e-02;3.687861e-02;9.642448e-02;5.949353e-02;4.290455e-02
8.861529e-02;8.415623e-02;1.896646e-01;9.338918e-02;8.809403e-02;7.785424e-02;7.680369e-02;8.604693e-02;5.160275e-02;6.540870e-02;5.318536e-02;4.517900e-02
9.086091e-02;5.699566e-02;1.899727e-01;7.950956e-02;8.270657e-02;6.403632e-02;1.209460e-01;8.278987e-02;7.826579e-02;6.648876e-02;4.238352e-02;4.504432e-02
8.686885e-02;2.172951e-02;1.570805e-01;6.859086e-02;7.251806e-02;3.992243e-02;1.493217e-01;1.109765e-01;1.113550e-01;7.486817e-02;4.891424e-02;5.785411e-02
8.177121e-02;5.955833e-02;1.177085e-01;5.579056e-02;5.819410e-02;4.307197e-02;1.589547e-01;1.422062e-01;9.894440e-02;6.965842e-02;3.598131e-02;7.816023e-02
8.588196e-02;8.743161e-02;9.122616e-02;4.428023e-02;5.008804e-02;5.003993e-02;1.221404e-01;1.157730e-01;1.055676e-01;1.106904e-01;3.851946e-02;9.836114e-02
1.571431e-01;1.296046e-01;1.025742e-01;4.977424e-02;4.327518e-02;5.037218e-02;5.553562e-02;4.898392e-02;5.444670e-02;7.294463e-02;1.258536e-01;1.094920e-01
1.277514e-01;1.684793e-01;1.130527e-01;4.366675e-02;8.684879e-02;5.834803e-02;4.333633e-02;2.973821e-02;3.639887e-02;7.765070e-02;1.248032e-01;8.992568e-02
5.968173e-02;1.949690e-01;1.218927e-01;3.641973e-02;1.710003e-01;7.506241e-02;2.896196e-02;2.314816e-02;1.717417e-02;1.432336e-01;8.090550e-02;4.755075e-02
2.358615e-02;1.602545e-01;8.538116e-02;3.273904e-02;2.759790e-01;1.140406e-01;3.633038e-02;1.271505e-02;3.190080e-02;1.752751e-01;3.373465e-02;1.806357e-02
5.245837e-02;7.336000e-02;3.690261e-02;4.683222e-02;2.774284e-01;1.095922e-01;8.651739e-02;4.791304e-02;7.456212e-02;1.528764e-01;2.474907e-02;1.680813e-02
8.845773e-02;3.677789e-02;3.630865e-02;9.890655e-02;1.346510e-01;4.796477e-02;1.476389e-01;7.603557e-02;1.855546e-01;9.724040e-02;3.626928e-02;1.419469e-02
9.242370e-02;3.537672e-02;5.397479e-02;1.302204e-01;3.527059e-02;3.096554e-02;1.382650e-01;5.868256e-02;2.872018e-01;5.930587e-02;5.399584e-02;2.431718e-02
7.350422e-02;4.738945e-02;7.179060e-02;1.267410e-01;4.625209e-02;5.448342e-02;7.809258e-02;5.123328e-02;2.972206e-01;3.724696e-02;6.659989e-02;4.944590e-02
4.682041e-02;8.190775e-02;1.081623e-01;8.552739e-02;4.570121e-02;7.647014e-02;4.984689e-02;7.543598e-02;2.129434e-01;4.405978e-02;8.659268e-02;8.653208e-02
2.703177e-02;1.058747e-01;1.524420e-01;4.344885e-02;4.922805e-02;9.751218e-02;5.020159e-02;1.138948e-01;1.013602e-01;4.142114e-02;9.018326e-02;1.274014e-01
2.701861e-02;1.130835e-01;1.845299e-01;4.478709e-02;3.993745e-02;8.921377e-02;6.352691e-02;1.456774e-01;7.809012e-02;2.659743e-02;5.702618e-02;1.305116e-01
3.689184e-02;1.397082e-01;2.207881e-01;4.313136e-02;2.818417e-02;7.057564e-02;7.848385e-02;1.408730e-01;9.804367e-02;2.300040e-02;2.811982e-02;9.219998e-02
8.547514e-02;1.709460e-01;2.086937e-01;4.901569e-02;2.963825e-02;5.429457e-02;1.015612e-01;7.863250e-02;8.915157e-02;3.555931e-02;2.460364e-02;7.242841e-02
1.315750e-01;1.560974e-01;1.609057e-01;5.490487e-02;4.079645e-02;4.369255e-02;1.463390e-01;2.264129e-02;7.531918e-02;4.514056e-02;4.765046e-02;7.493751e-02
1.070571e-01;1.111959e-01;1.246421e-01;4.294637e-02;4.479916e-02;3.345079e-02;2.134206e-01;6.144826e-02;8.394746e-02;6.138890e-02;6.891429e-02;4.678910e-02
6.198146e-02;9.180904e-02;1.504428e-01;3.391479e-02;3.816449e-02;4.157545e-02;2.342346e-01;6.121768e-02;9.692761e-02;1.008727e-01;4.982542e-02;3.903396e-02
4.117157e-02;5.256789e-02;1.711502e-01;4.628801e-02;8.201063e-02;6.424017e-02;2.214290e-01;5.776516e-02;7.783266e-02;1.003279e-01;3.384859e-02;5.136809e-02
4.441105e-02;2.985918e-02;1.274977e-01;8.047149e-02;1.067824e-01;4.890285e-02;1.829782e-01;8.817749e-02;9.707957e-02;1.194987e-01;3.849717e-02;3.584421e-02
6.489284e-02;1.976265e-02;6.403738e-02;1.054484e-01;6.529944e-02;2.313920e-02;1.560836e-01;1.203983e-01;1.481330e-01;1.732843e-01;4.717655e-02;1.234442e-02
5.704188e-02;1.845258e-02;4.856393e-02;9.345847e-02;4.185379e-02;6.827382e-02;1.567972e-01;1.136254e-01;1.365994e-01;1.982061e-01;5.350630e-02;1.362105e-02
4.363831e-02;2.672392e-02;6.537211e-02;6.495418e-02;6.973825e-02;9.708049e-02;1.411710e-01;7.753383e-02;1.167920e-01;2.213353e-01;5.496599e-02;2.069468e-02
2.974995e-02;3.857490e-02;4.649740e-02;4.407330e-02;9.521449e-02;6.384217e-02;9.988488e-02;9.732933e-02;1.149324e-01;2.542254e-01;8.022130e-02;3.545441e-02
4.779694e-02;5.434183e-02;2.802795e-02;4.560710e-02;9.642074e-02;4.883697e-02;1.107840e-01;1.202987e-01;7.990661e-02;2.162038e-01;1.096674e-01;4.210805e-02
4.140116e-02;5.948287e-02;2.498453e-02;6.284051e-02;9.101637e-02;7.400572e-02;1.446893e-01;1.121172e-01;5.937139e-02;1.793987e-01;1.255413e-01;2.515100e-02
2.807910e-02;5.045673e-02;2.868968e-02;7.006106e-02;6.567182e-02;1.169733e-01;1.944587e-01;7.578214e-02;3.918250e-02;1.596398e-01;1.549731e-01;1.603221e-02
2.347033e-02;2.603163e-02;4.432858e-02;7.730019e-02;6.971139e-02;1.869952e-01;1.679317e-01;3.296613e-02;1.484585e-02;1.350472e-01;1.971703e-01;2.420140e-02
4.319511e-02;4.118532e-02;9.201133e-02;8.904818e-02;6.397399e-02;1.971360e-01;9.809030e-02;1.859890e-02;1.826483e-02;1.197655e-01;1.923057e-01;2.642483e-02
6.969946e-02;6.687560e-02;1.093126e-01;8.872855e-02;6.201975e-02;1.428986e-01;9.261252e-02;2.361016e-02;2.607492e-02;1.284377e-01;1.587750e-01;3.095518e-02
7.238916e-02;7.639199e-02;1.109106e-01;6.223177e-02;6.358108e-02;1.280473e-01;1.003813e-01;2.616318e-02;2.602143e-02;1.346239e-01;1.624568e-01;3.680152e-02
5.064160e-02;7.709752e-02;8.196982e-02;3.149539e-02;6.473025e-02;1.406946e-01;7.360996e-02;2.654653e-02;3.286126e-02;1.669863e-01;2.127642e-01;4.060261e-02
3.705108e-02;9.447563e-02;6.107276e-02;3.779649e-02;7.897433e-02;1.018129e-01;8.671129e-02;3.580166e-02;5.974339e-02;1.775138e-01;1.834579e-01;4.558864e-02
4.363920e-02;8.190305e-02;9.263700e-02;6.623184e-02;8.024564e-02;7.140073e-02;1.248127e-01;4.139457e-02;8.420065e-02;1.403934e-01;1.262823e-01;4.685884e-02
7.496742e-02;6.654981e-02;1.343015e-01;8.658783e-02;8.290505e-02;6.465334e-02;9.251114e-02;4.471590e-02;7.197383e-02;1.197746e-01;1.178368e-01;4.322280e-02
7.238351e-02;7.460581e-02;1.785356e-01;7.196529e-02;8.365227e-02;7.386085e-02;1.150137e-01;4.704561e-02;4.181337e-02;1.150070e-01;1.016247e-01;2.449239e-02
4.228577e-02;8.485916e-02;1.755292e-01;6.309719e-02;7.799897e-02;8.655708e-02;1.070985e-01;5.644168e-02;3.479922e-02;1.374415e-01;1.082731e-01;2.561861e-02
3.329721e-02;7.456246e-02;1.110174e-01;6.157621e-02;9.433115e-02;1.037621e-01;1.311460e-01;5.868521e-02;5.238006e-02;1.425928e-01;1.063989e-01;3.025047e-02
7.042532e-02;7.705100e-02;1.399006e-01;7.494582e-02;6.245323e-02;5.916432e-02;1.101965e-01;8.358094e-02;9.428584e-02;1.131848e-01;6.592602e-02;4.888555e-02
6.645897e-02;7.030785e-02;1.606106e-01;8.344970e-02;7.670105e-02;4.044584e-02;1.232425e-01;9.197545e-02;9.884453e-02;9.276321e-02;4.900571e-02;4.619458e-02
6.233147e-02;6.587008e-02;1.837105e-01;8.527648e-02;8.855001e-02;3.358528e-02;1.329594e-01;9.501114e-02;8.770140e-02;8.595545e-02;3.698036e-02;4.206838e-02
6.114284e-02;5.915214e-02;1.860080e-01;7.518420e-02;1.015539e-01;3.605998e-02;1.142086e-01;8.931148e-02;7.067345e-02;1.224951e-01;3.888221e-02;4.532817e-02
3.617800e-02;2.686422e-02;1.589767e-01;4.907344e-02;1.058055e-01;6.313272e-02;1.245987e-01;8.666674e-02;9.311482e-02;1.552002e-01;6.135672e-02;3.903230e-02
3.568536e-02;3.218803e-02;1.433037e-01;2.988120e-02;6.720246e-02;5.931919e-02;2.260796e-01;7.411984e-02;9.907902e-02;1.398476e-01;6.353070e-02;2.976337e-02
2.218302e-02;2.700565e-02;1.085189e-01;2.967294e-02;4.414713e-02;4.431786e-02;3.906567e-01;6.559572e-02;1.028467e-01;9.959188e-02;4.188239e-02;2.358118e-02
2.531189e-02;3.760465e-02;6.704863e-02;3.520968e-02;6.578787e-02;4.143753e-02;4.659253e-01;6.702112e-02;8.300090e-02;6.753102e-02;2.849132e-02;1.563004e-02
3.137399e-02;4.271431e-02;1.058760e-01;4.743098e-02;9.214994e-02;5.150729e-02;4.314844e-01;4.602869e-02;5.034858e-02;5.163103e-02;2.966660e-02;1.978818e-02
5.013788e-02;4.391248e-02;1.840645e-01;5.914094e-02;9.205991e-02;4.889639e-02;3.144524e-01;4.108273e-02;4.170500e-02;7.349242e-02;2.533029e-02;2.572509e-02
6.309860e-02;8.729297e-02;2.618588e-01;5.075779e-02;6.946936e-02;3.486297e-02;1.223712e-01;7.383849e-02;7.777882e-02;9.514507e-02;3.562067e-02;2.790533e-02
3.825404e-02;7.824582e-02;1.437378e-01;4.627414e-02;7.941598e-02;5.024963e-02;3.147099e-01;7.775919e-02;5.707312e-02;6.761699e-02;2.487816e-02;2.178517e-02
4.541540e-02;6.223373e-02;8.329091e-02;4.183967e-02;5.457094e-02;4.542961e-02;4.674334e-01;6.821412e-02;4.449642e-02;4.557757e-02;1.951654e-02;2.198173e-02
3.933073e-02;4.645457e-02;1.199256e-01;4.329239e-02;4.493632e-02;3.417247e-02;4.437896e-01;7.822461e-02;5.883367e-02;5.465809e-02;1.871179e-02;1.767016e-02
2.561081e-02;3.216794e-02;1.317362e-01;6.517328e-02;5.977740e-02;3.061727e-02;3.199036e-01;1.029363e-01;7.848249e-02;7.945164e-02;3.925855e-02;3.488457e-02
4.551379e-02;3.858423e-02;1.639518e-01;6.056797e-02;6.309833e-02;3.155944e-02;2.638227e-01;8.797524e-02;7.361241e-02;7.717840e-02;4.339995e-02;5.073572e-02
6.250037e-02;6.383616e-02;1.242880e-01;9.696549e-02;5.047496e-02;5.751537e-02;1.632337e-01;1.012070e-01;1.119052e-01;6.132418e-02;4.860752e-02;5.814218e-02
6.225182e-02;6.361055e-02;1.306041e-01;9.668652e-02;6.202019e-02;5.554814e-02;1.412760e-01;9.174439e-02;1.062389e-01;7.895820e-02;4.937712e-02;6.168409e-02
6.573723e-02;5.805179e-02;1.417553e-01;9.408357e-02;7.647343e-02;5.055447e-02;1.264586e-01;7.221605e-02;9.444758e-02;1.118769e-01;5.013392e-02;5.821116e-02
6.400864e-02;6.115638e-02;1.456003e-01;8.214023e-02;1.002470e-01;3.983831e-02;1.252546e-01;4.567603e-02;8.251651e-02;1.476345e-01;5.570001e-02;5.022748e-02
4.983993e-02;6.544205e-02;1.721353e-01;6.187180e-02;8.426572e-02;4.785773e-02;1.632442e-01;2.902901e-02;8.483369e-02;1.280364e-01;6.634995e-02;4.709419e-02
6.414935e-02;7.813831e-02;1.315261e-01;4.481022e-02;5.262281e-02;4.454983e-02;2.343081e-01;4.508904e-02;7.582792e-02;1.180118e-01;6.366552e-02;4.730099e-02
6.012530e-02;7.403602e-02;1.364757e-01;5.132768e-02;4.313100e-02;2.696829e-02;2.968612e-01;5.901701e-02;7.697751e-02;9.176069e-02;4.354722e-02;3.977241e-02
4.841439e-02;5.921816e-02;1.464739e-01;6.085723e-02;5.504676e-02;2.782977e-02;2.826518e-01;8.822180e-02;1.290167e-01;5.305700e-02;2.908738e-02;2.012504e-02
4.301626e-02;4.571136e-02;1.519750e-01;6.162921e-02;7.793401e-02;2.971577e-02;2.127656e-01;1.029496e-01;1.492107e-01;7.234786e-02;2.545041e-02;2.729422e-02
3.314861e-02;3.646345e-02;1.109771e-01;8.136586e-02;1.022452e-01;5.421136e-02;1.451598e-01;9.323799e-02;1.489467e-01;1.257359e-01;4.310732e-02;2.540078e-02
2.785698e-02;2.029184e-02;6.811029e-02;7.860523e-02;1.378779e-01;1.010835e-01;7.957776e-02;5.539900e-02;1.091903e-01;2.171831e-01;7.956982e-02;2.525436e-02
9.811895e-03;2.666289e-02;4.405570e-02;4.977490e-02;1.566894e-01;1.239122e-01;3.400327e-02;2.506412e-02;6.808673e-02;3.204961e-01;1.049406e-01;3.650226e-02
2.125831e-02;3.559543e-02;4.765379e-02;3.949398e-02;1.169851e-01;1.315661e-01;3.079620e-02;2.363260e-02;6.783816e-02;3.582267e-01;9.187065e-02;3.508301e-02
1.892373e-02;3.487183e-02;2.684212e-02;2.926865e-02;1.407137e-01;1.012595e-01;3.192846e-02;2.450123e-02;8.748043e-02;3.875365e-01;7.476292e-02;4.191098e-02
8.005823e-03;4.901808e-02;1.176244e-02;2.034890e-02;2.033847e-01;5.578373e-02;2.006737e-02;4.113428e-02;1.093800e-01;3.618139e-01;7.255163e-02;4.674912e-02
7.472667e-03;7.092252e-02;1.391064e-02;3.855047e-02;2.165554e-01;4.001271e-02;1.515847e-02;6.313480e-02;1.225654e-01;2.961087e-01;7.827001e-02;3.733815e-02
1.707737e-02;9.087970e-02;2.164287e-02;8.211429e-02;1.787658e-01;3.779728e-02;1.639004e-02;8.251084e-02;1.006518e-01;2.343371e-01;1.043503e-01;3.348263e-02
3.751893e-02;1.310769e-01;2.570509e-02;1.119361e-01;1.312368e-01;4.114008e-02;2.781690e-02;8.003438e-02;5.313809e-02;2.055871e-01;1.347242e-01;2.008545e-02
4.513189e-02;1.603974e-01;4.472358e-02;8.156893e-02;1.010485e-01;3.771932e-02;2.436465e-02;5.416748e-02;5.316431e-02;2.220852e-01;1.348851e-01;4.074373e-02
5.567493e-02;1.325117e-01;4.252860e-02;5.517362e-02;9.058306e-02;3.534009e-02;6.152644e-02;4.404609e-02;6.802595e-02;2.321597e-01;1.261528e-01;5.627699e-02
8.135733e-02;4.457271e-02;6.682512e-02;5.054457e-02;6.692710e-02;4.397434e-02;1.308957e-01;5.620483e-02;9.506454e-02;1.919639e-01;1.216445e-01;5.002529e-02
5.041617e-02;7.515132e-02;7.983879e-02;4.363133e-02;6.471456e-02;4.811617e-02;1.333775e-01;6.305264e-02;7.836374e-02;1.754971e-01;1.064362e-01;8.140451e-02
4.362665e-02;1.350116e-01;7.645107e-02;6.186143e-02;8.221355e-02;3.033262e-02;1.049762e-01;5.397454e-02;6.534442e-02;1.701042e-01;6.661021e-02;1.094936e-01
4.862140e-02;1.257787e-01;7.543623e-02;9.513574e-02;9.608270e-02;3.536721e-02;8.280571e-02;4.578075e-02;5.203041e-02;2.059203e-01;5.972114e-02;7.731968e-02
4.225521e-02;8.481526e-02;8.238519e-02;1.020095e-01;8.936182e-02;3.041161e-02;9.347150e-02;5.586989e-02;7.601672e-02;2.138961e-01;6.012220e-02;6.938498e-02
4.779691e-02;6.653964e-02;6.936680e-02;8.171950e-02;5.845571e-02;3.334687e-02;8.500455e-02;5.805325e-02;7.855556e-02;1.971123e-01;1.037981e-01;1.202508e-01
6.598497e-02;5.061851e-02;6.558202e-02;7.287930e-02;6.526939e-02;5.110401e-02;7.919443e-02;5.168631e-02;6.406099e-02;1.659264e-01;1.162020e-01;1.514916e-01
6.841461e-02;5.088587e-02;8.803263e-02;6.530981e-02;6.401257e-02;5.049340e-02;9.003130e-02;5.607635e-02;5.945710e-02;1.450774e-01;9.298653e-02;1.692224e-01
1.027025e-01;7.570666e-02;1.142380e-01;5.000826e-02;7.073498e-02;3.343030e-02;6.245273e-02;5.424972e-02;7.902477e-02;1.441786e-01;6.906777e-02;1.442057e-01
1.301339e-01;8.054167e-02;1.523217e-01;4.169596e-02;7.392954e-02;3.239693e-02;1.219985e-01;3.122784e-02;8.631872e-02;1.255351e-01;6.225227e-02;6.164798e-02
9.380703e-02;9.864858e-02;1.333176e-01;2.716943e-02;6.282324e-02;4.090564e-02;2.528096e-01;3.543727e-02;8.413678e-02;7.552835e-02;6.376150e-02;3.165490e-02
7.820390e-02;1.251046e-01;8.800536e-02;1.708598e-02;6.559530e-02;5.011181e-02;3.459758e-01;4.289558e-02;6.531318e-02;4.910137e-02;4.903772e-02;2.356937e-02
9.003321e-02;1.407596e-01;5.390198e-02;1.732300e-02;6.102734e-02;5.854109e-02;3.963088e-01;3.654813e-02;5.077993e-02;3.549679e-02;3.959928e-02;1.968086e-02
1.353844e-01;1.205426e-01;3.618006e-02;2.567163e-02;6.883161e-02;7.669293e-02;3.879451e-01;2.178083e-02;3.283739e-02;3.597330e-02;3.217254e-02;2.598759e-02
1.658000e-01;9.364611e-02;3.202391e-02;2.465464e-02;8.928379e-02;8.254109e-02;3.496903e-01;2.234555e-02;2.845036e-02;5.215097e-02;3.487066e-02;2.454262e-02
1.793192e-01;6.496275e-02;8.443294e-02;3.876166e-02;1.022964e-01;5.717978e-02;3.043337e-01;2.435575e-02;1.930014e-02;5.698234e-02;3.240250e-02;3.567277e-02
1.369058e-01;7.019462e-02;1.223692e-01;5.141376e-02;1.283856e-01;5.163224e-02;2.347041e-01;3.121680e-02;3.182183e-02;6.240242e-02;2.611234e-02;5.284125e-02
1.075483e-01;8.594794e-02;1.107437e-01;4.698494e-02;1.251704e-01;7.689299e-02;1.392847e-01;5.035837e-02;8.726861e-02;7.528193e-02;3.872081e-02;5.579736e-02
1.107744e-01;9.289464e-02;8.229122e-02;5.329074e-02;1.324312e-01;8.187278e-02;6.275500e-02;8.273879e-02;1.227686e-01;7.872007e-02;3.753553e-02;6.192704e-02
1.139830e-01;6.631183e-02;8.484802e-02;6.763169e-02;1.316588e-01;5.446965e-02;5.017942e-02;8.791409e-02;1.137043e-01;1.264984e-01;3.878473e-02;6.401608e-02
8.526544e-02;3.328193e-02;9.583307e-02;5.049209e-02;1.086925e-01;4.947842e-02;5.695575e-02;8.927808e-02;1.031150e-01;2.279085e-01;5.449106e-02;4.520812e-02
4.335948e-02;3.695966e-02;6.185364e-02;4.404195e-02;7.309099e-02;8.402026e-02;5.467594e-02;6.680134e-02;1.300065e-01;2.889301e-01;7.860397e-02;3.765622e-02
3.171363e-02;3.076155e-02;5.130455e-02;3.968548e-02;4.784917e-02;1.063073e-01;5.050582e-02;3.645434e-02;1.444796e-01;2.713897e-01;1.369297e-01;5.261924e-02
5.590143e-02;2.659953e-02;7.793116e-02;3.568396e-02;4.564527e-02;7.360519e-02;1.267238e-01;4.539536e-02;9.748205e-02;1.639743e-01;1.711311e-01;7.992697e-02
1.048147e-01;2.081747e-02;7.126964e-02;5.080530e-02;3.975447e-02;2.852807e-02;2.297777e-01;3.410221e-02;5.019879e-02;1.155622e-01;1.435951e-01;1.107744e-01
1.350635e-01;3.814792e-02;1.088883e-01;5.734872e-02;1.673274e-02;3.186907e-02;1.793202e-01;2.253967e-02;3.662591e-02;1.432631e-01;1.064221e-01;1.237787e-01
1.337394e-01;4.144866e-02;8.146325e-02;5.511840e-02;1.428811e-02;2.772238e-02;2.011928e-01;2.692392e-02;3.789667e-02;1.466625e-01;1.029220e-01;1.306219e-01
1.010159e-01;4.003503e-02;6.848732e-02;4.450233e-02;2.621293e-02;3.678531e-02;3.061427e-01;2.451349e-02;2.504637e-02;1.007378e-01;1.113135e-01;1.152074e-01
8.341145e-02;4.267359e-02;4.820342e-02;2.991854e-02;4.115527e-02;5.762329e-02;3.011671e-01;4.667174e-02;2.238345e-02;7.793022e-02;1.452170e-01;1.036449e-01
7.289135e-02;4.136548e-02;9.565701e-02;2.704663e-02;5.252972e-02;8.618472e-02;1.574291e-01;6.366329e-02;3.666253e-02;1.111775e-01;1.639735e-01;9.141916e-02
6.680677e-02;3.420481e-02;1.454493e-01;4.428498e-02;5.957784e-02;8.056818e-02;1.441789e-01;4.670686e-02;6.151000e-02;1.351554e-01;1.224209e-01;5.913612e-02
6.389469e-02;4.399390e-02;1.251714e-01;5.169813e-02;7.256637e-02;5.059242e-02;2.664202e-01;3.947595e-02;6.514145e-02;1.062833e-01;6.836327e-02;4.639896e-02
8.548240e-02;5.440127e-02;7.967345e-02;5.018905e-02;7.737332e-02;5.642447e-02;2.451734e-01;3.474963e-02;5.638204e-02;9.527744e-02;9.596863e-02;6.890488e-02
7.391533e-02;5.459431e-02;9.200362e-02;4.675801e-02;6.556686e-02;7.622045e-02;1.604384e-01;3.804504e-02;5.754016e-02;1.368290e-01;1.171001e-01;8.098885e-02
5.204586e-02;4.047517e-02;9.712393e-02;4.548398e-02;6.721265e-02;6.922211e-02;1.283288e-01;3.111333e-02;6.716380e-02;2.342788e-01;1.055240e-01;6.202748e-02
5.365257e-02;4.259517e-02;6.507132e-02;7.313504e-02;9.247389e-02;4.899693e-02;7.052951e-02;3.528124e-02;9.252548e-02;3.288564e-01;6.797609e-02;2.890642e-02
8.690965e-02;4.701028e-02;8.187822e-02;1.196492e-01;1.039242e-01;4.713941e-02;3.315088e-02;3.517231e-02;1.400205e-01;2.378114e-01;4.072359e-02;2.661042e-02
8.595573e-02;4.373338e-02;1.418701e-01;1.430408e-01;9.011161e-02;5.354067e-02;4.898500e-02;3.324447e-02;1.854365e-01;1.071932e-01;3.701948e-02;2.986909e-02
7.291972e-02;7.555247e-02;1.934130e-01;1.080399e-01;7.928193e-02;3.693894e-02;6.065431e-02;4.844498e-02;1.568451e-01;9.552565e-02;3.349902e-02;3.888488e-02
8.165050e-02;1.363124e-01;2.073209e-01;7.137855e-02;7.171114e-02;3.587605e-02;6.905619e-02;6.343921e-02;1.084979e-01;7.064155e-02;3.300487e-02;5.111073e-02
8.545055e-02;1.968677e-01;1.703816e-01;6.302821e-02;8.020136e-02;3.953857e-02;6.488822e-02;6.561138e-02;9.210915e-02;5.248107e-02;3.189205e-02;5.755014e-02
1.046659e-01;1.978897e-01;1.267237e-01;7.719723e-02;5.233400e-02;5.230609e-02;7.816207e-02;5.297628e-02;1.012874e-01;7.209496e-02;3.059717e-02;5.376554e-02
1.329021e-01;1.647947e-01;8.520927e-02;7.976412e-02;5.043783e-02;6.374511e-02;7.296425e-02;5.916418e-02;1.160609e-01;7.881258e-02;3.833055e-02;5.781450e-02
1.599472e-01;1.295308e-01;6.048982e-02;7.939938e-02;8.188705e-02;4.797222e-02;7.983266e-02;7.601123e-02;1.343305e-01;7.452530e-02;2.977137e-02;4.630257e-02
1.594069e-01;1.069483e-01;5.014841e-02;7.589664e-02;8.123065e-02;5.029281e-02;9.762591e-02;8.168257e-02;1.157758e-01;1.237433e-01;2.289036e-02;3.435843e-02
1.018735e-01;1.217768e-01;7.131394e-02;8.521783e-02;6.479432e-02;5.525999e-02;1.241625e-01;7.497300e-02;7.220344e-02;1.251776e-01;4.928568e-02;5.396142e-02
1.111032e-01;1.466377e-01;8.174633e-02;6.542589e-02;4.359348e-02;8.083382e-02;1.083040e-01;8.980437e-02;8.247313e-02;9.103853e-02;5.921197e-02;3.982758e-02
1.545115e-01;1.616836e-01;6.025527e-02;6.085359e-02;5.266505e-02;8.588859e-02;8.656469e-02;8.336749e-02;8.987592e-02;8.157218e-02;6.327310e-02;1.948898e-02
1.302947e-01;1.479502e-01;8.559768e-02;1.016241e-01;6.185880e-02;6.558646e-02;6.480067e-02;8.241928e-02;9.905451e-02;8.777492e-02;5.704145e-02;1.599720e-02
8.905208e-02;1.130648e-01;1.237964e-01;1.062785e-01;5.749029e-02;6.314045e-02;6.997294e-02;1.203842e-01;1.178525e-01;9.416606e-02;3.684906e-02;7.952720e-03
1.075417e-01;1.341820e-01;1.039144e-01;6.152479e-02;7.772046e-02;7.872021e-02;8.461531e-02;6.314258e-02;1.262532e-01;1.004524e-01;3.256663e-02;2.936623e-02
7.594430e-02;1.181263e-01;8.487313e-02;4.307645e-02;8.650026e-02;7.749218e-02;1.102548e-01;5.160920e-02;1.266216e-01;1.511194e-01;2.948794e-02;4.489455e-02
7.226146e-02;7.542758e-02;1.455744e-01;4.858867e-02;6.606780e-02;4.343604e-02;1.118460e-01;5.204460e-02;1.591169e-01;1.475608e-01;2.940535e-02;4.867051e-02
8.463068e-02;1.108613e-01;1.902156e-01;7.790735e-02;5.701896e-02;4.107808e-02;9.500083e-02;4.039052e-02;8.548696e-02;1.030405e-01;5.476495e-02;5.960424e-02
8.161113e-02;9.509595e-02;1.865307e-01;1.051831e-01;7.521670e-02;4.478223e-02;6.963547e-02;4.341453e-02;4.566214e-02;1.183395e-01;7.108592e-02;6.344263e-02
9.699040e-02;5.856684e-02;1.309396e-01;1.197883e-01;9.790838e-02;4.489129e-02;5.362421e-02;4.363907e-02;5.975557e-02;1.627747e-01;6.980751e-02;6.131418e-02
1.072300e-01;4.318271e-02;9.354408e-02;1.562850e-01;8.988742e-02;2.935403e-02;6.583761e-02;4.797360e-02;1.188444e-01;1.600522e-01;5.488566e-02;3.292329e-02
8.431895e-02;3.720580e-02;8.206559e-02;2.480741e-01;1.150531e-01;1.608158e-02;5.245103e-02;5.289472e-02;1.366719e-01;1.288253e-01;3.563494e-02;1.072297e-02
5.023130e-02;4.899924e-02;1.085513e-01;2.712438e-01;1.868895e-01;2.654213e-02;3.770281e-02;4.393649e-02;9.506380e-02;8.935978e-02;2.349986e-02;1.798005e-02
3.801372e-02;4.331736e-02;1.731620e-01;2.637370e-01;2.245673e-01;3.365497e-02;2.863666e-02;2.794937e-02;8.345482e-02;5.053591e-02;1.290810e-02;2.006274e-02
4.588174e-02;2.418517e-02;1.568907e-01;2.745567e-01;1.653826e-01;2.153086e-02;3.182792e-02;2.994327e-02;1.348692e-01;7.888643e-02;2.252217e-02;1.352331e-02
7.028136e-02;1.480086e-02;1.245131e-01;2.815338e-01;1.002071e-01;1.557380e-02;4.345158e-02;2.880221e-02;1.715206e-01;1.007452e-01;3.460130e-02;1.396908e-02
9.880587e-02;1.232072e-02;1.150515e-01;2.688487e-01;5.737377e-02;2.266071e-02;5.610926e-02;4.835293e-02;1.748429e-01;9.835214e-02;3.757155e-02;9.709889e-03
1.231908e-01;1.750972e-02;1.093807e-01;2.429864e-01;5.446967e-02;3.595142e-02;6.956307e-02;4.939558e-02;1.601062e-01;9.267316e-02;3.696826e-02;7.805055e-03
1.033859e-01;2.583329e-02;9.083018e-02;2.219751e-01;1.049001e-01;5.845045e-02;6.649318e-02;3.315323e-02;1.487750e-01;1.056760e-01;3.307141e-02;7.456177e-03
5.604865e-02;2.631075e-02;1.467455e-01;1.900335e-01;1.344773e-01;6.029471e-02;5.997994e-02;2.873324e-02;1.299807e-01;1.240503e-01;3.671746e-02;6.627923e-03
7.007118e-02;3.405816e-02;1.575476e-01;1.927168e-01;1.106852e-01;3.581957e-02;9.277552e-02;3.114513e-02;1.034145e-01;1.028629e-01;5.313493e-02;1.576840e-02
9.840127e-02;4.121913e-02;1.682140e-01;2.103310e-01;7.834928e-02;2.444720e-02;1.141226e-01;2.337744e-02;8.706109e-02;8.245593e-02;4.867779e-02;2.334333e-02
9.609971e-02;3.181909e-02;1.916870e-01;2.567263e-01;9.093739e-02;2.151540e-02;9.881087e-02;1.947263e-02;9.283946e-02;5.718275e-02;2.870537e-02;1.420401e-02
5.713917e-02;4.357980e-02;1.593215e-01;3.418099e-01;1.145406e-01;2.302963e-02;6.888513e-02;2.375511e-02;7.907394e-02;5.124115e-02;2.497210e-02;1.265199e-02
3.001836e-02;3.925996e-02;1.978088e-01;3.728170e-01;1.172044e-01;2.444838e-02;5.313324e-02;2.030831e-02;6.370155e-02;5.309290e-02;1.906312e-02;9.143948e-03
5.257649e-02;3.192039e-02;1.850879e-01;3.444523e-01;1.329177e-01;3.022947e-02;7.438124e-02;1.831122e-02;6.397040e-02;3.740227e-02;1.632912e-02;1.242154e-02
4.145592e-02;3.078301e-02;1.488237e-01;3.206077e-01;1.543519e-01;3.526200e-02;9.383350e-02;1.814559e-02;8.690985e-02;4.557509e-02;1.491383e-02;9.337850e-03
4.108658e-02;2.040050e-02;9.019086e-02;2.643064e-01;1.568119e-01;2.677101e-02;8.331010e-02;4.455351e-02;1.422801e-01;8.230446e-02;1.911733e-02;2.886732e-02
7.605114e-02;2.936938e-02;9.633934e-02;1.733382e-01;1.375573e-01;4.603328e-02;5.652931e-02;5.853733e-02;1.473027e-01;7.997587e-02;3.538912e-02;6.357710e-02
8.782323e-02;3.973657e-02;9.210335e-02;1.186945e-01;1.007628e-01;7.560597e-02;8.906519e-02;6.481712e-02;1.171337e-01;9.524766e-02;4.590137e-02;7.310855e-02
8.547508e-02;4.507502e-02;1.022947e-01;1.328978e-01;7.594429e-02;9.622179e-02;7.996713e-02;5.695652e-02;9.977616e-02;1.287443e-01;4.354297e-02;5.310415e-02
6.842373e-02;3.536174e-02;8.484660e-02;1.586122e-01;8.580508e-02;8.297093e-02;7.335047e-02;3.398366e-02;1.141414e-01;2.165178e-01;2.609619e-02;1.989026e-02
5.798865e-02;2.814429e-02;5.160314e-02;1.589634e-01;1.558072e-01;5.808580e-02;8.293798e-02;3.406370e-02;1.027252e-01;2.277712e-01;1.893813e-02;2.297123e-02
3.976753e-02;4.557481e-02;7.506198e-02;1.324963e-01;1.906844e-01;5.485842e-02;1.513911e-01;4.108165e-02;7.917130e-02;1.303625e-01;3.034451e-02;2.920545e-02
4.042839e-02;4.997856e-02;1.490051e-01;8.175407e-02;1.432844e-01;6.877084e-02;2.226672e-01;4.343333e-02;6.807160e-02;7.786295e-02;2.451156e-02;3.023197e-02
5.159313e-02;6.002641e-02;1.036085e-01;4.948373e-02;1.182633e-01;6.590123e-02;3.184783e-01;3.855619e-02;6.006461e-02;7.146510e-02;3.168233e-02;3.087710e-02
5.732375e-02;7.313190e-02;8.441878e-02;2.887408e-02;1.138740e-01;4.853629e-02;3.831839e-01;3.694094e-02;5.092184e-02;6.466857e-02;3.808690e-02;2.003911e-02
4.055331e-02;7.586987e-02;7.033961e-02;1.963034e-02;1.050401e-01;4.133153e-02;4.602730e-01;4.075259e-02;5.051017e-02;5.740484e-02;2.835645e-02;9.938164e-03
1.648943e-02;6.047298e-02;1.044489e-01;2.158310e-02;8.437788e-02;3.645229e-02;4.382269e-01;6.633523e-02;5.892292e-02;6.796192e-02;2.370975e-02;2.101875e-02
1.336343e-02;3.615116e-02;1.222541e-01;2.875159e-02;6.773363e-02;4.442443e-02;3.426169e-01;9.028250e-02;8.074163e-02;9.847306e-02;3.452180e-02;4.068577e-02
4.776065e-02;2.462579e-02;9.929994e-02;4.092954e-02;5.958990e-02;5.688488e-02;2.473737e-01;8.877926e-02;8.480327e-02;1.436660e-01;6.621198e-02;4.007508e-02
7.412687e-02;5.582634e-02;8.725832e-02;4.649907e-02;8.514757e-02;5.152883e-02;1.691202e-01;5.933502e-02;7.210694e-02;1.491501e-01;1.102693e-01;3.963149e-02
8.255973e-02;7.774789e-02;8.526482e-02;2.828605e-02;1.081567e-01;7.192561e-02;1.040736e-01;5.257865e-02;6.167331e-02;1.417281e-01;1.340413e-01;5.196420e-02
5.536145e-02;6.957050e-02;7.608288e-02;3.779109e-02;1.477582e-01;1.044864e-01;6.460860e-02;5.847088e-02;3.880399e-02;1.344130e-01;1.700990e-01;4.255406e-02
3.969334e-02;1.195996e-01;7.868448e-02;6.120940e-02;1.517040e-01;1.176388e-01;3.136259e-02;3.953802e-02;2.293449e-02;1.198838e-01;1.930785e-01;2.467293e-02
6.063727e-02;1.910822e-01;6.182476e-02;5.398042e-02;8.521865e-02;9.568052e-02;1.545741e-02;2.211380e-02;1.334900e-02;1.829736e-01;1.986903e-01;1.899210e-02
6.359538e-02;1.536109e-01;2.144764e-02;3.487442e-02;9.375921e-02;6.367525e-02;1.306301e-02;2.092343e-02;4.870273e-02;2.918464e-01;1.736479e-01;2.085371e-02
6.191321e-02;7.061260e-02;3.106554e-02;4.171223e-02;1.050682e-01;2.955118e-02;2.445616e-02;2.778209e-02;1.384653e-01;3.286946e-01;1.143566e-01;2.632230e-02
6.641863e-02;4.609145e-02;3.376038e-02;7.283661e-02;8.314060e-02;2.443639e-02;6.581344e-02;3.849710e-02;2.487460e-01;2.465273e-01;5.664359e-02;1.708846e-02
8.232652e-02;3.443040e-02;8.364447e-02;9.155913e-02;4.299653e-02;2.339221e-02;1.310895e-01;5.948969e-02;2.534906e-01;1.416919e-01;2.995807e-02;2.593109e-02
6.290169e-02;4.683047e-02;1.345569e-01;7.718851e-02;3.553580e-02;2.779487e-02;1.916301e-01;7.935713e-02;1.539355e-01;1.044287e-01;3.579986e-02;5.004043e-02
5.699575e-02;6.857032e-02;1.099817e-01;5.588034e-02;5.520126e-02;4.489309e-02;2.417610e-01;6.900880e-02;1.110919e-01;9.224219e-02;4.498938e-02;4.938427e-02
8.536161e-02;8.002052e-02;6.893216e-02;5.806773e-02;9.194594e-02;5.609194e-02;2.112994e-01;5.255249e-02;1.276389e-01;7.356802e-02;4.445742e-02;5.006387e-02
9.665647e-02;7.292484e-02;6.709718e-02;6.109209e-02;1.084743e-01;4.659609e-02;1.675958e-01;5.228798e-02;1.413969e-01;9.398248e-02;3.393164e-02;5.796435e-02
9.601957e-02;9.275316e-02;8.642952e-02;7.496154e-02;1.094227e-01;5.489938e-02;1.191451e-01;5.793582e-02;9.817683e-02;1.107873e-01;4.005949e-02;5.940968e-02
9.272531e-02;1.003276e-01;6.121956e-02;9.684605e-02;1.164684e-01;5.640404e-02;1.362717e-01;3.990469e-02;8.910544e-02;1.029218e-01;6.718013e-02;4.062521e-02
6.261183e-02;1.090072e-01;1.022183e-01;9.356199e-02;9.356921e-02;4.590369e-02;1.353013e-01;4.365005e-02;1.001567e-01;1.223281e-01;4.893226e-02;4.275945e-02
6.930941e-02;9.618616e-02;1.211845e-01;7.823522e-02;8.585443e-02;4.172552e-02;1.068157e-01;4.863762e-02;1.127015e-01;1.012351e-01;8.189464e-02;5.622017e-02
9.272125e-02;9.959326e-02;1.451491e-01;6.138672e-02;8.614432e-02;4.526302e-02;8.973184e-02;5.369520e-02;1.001045e-01;1.129793e-01;6.484474e-02;4.838675e-02
7.172588e-02;1.243042e-01;1.273562e-01;6.298395e-02;8.877978e-02;5.371226e-02;1.399584e-01;3.871833e-02;7.862534e-02;1.236536e-01;4.408630e-02;4.609580e-02
3.857316e-02;1.258165e-01;1.134450e-01;8.824430e-02;1.077033e-01;4.498249e-02;1.591971e-01;3.843781e-02;6.657047e-02;1.239070e-01;5.769096e-02;3.543203e-02
2.666365e-02;1.019196e-01;8.818846e-02;1.116007e-01;1.012553e-01;5.976316e-02;1.286160e-01;5.931287e-02;5.552794e-02;1.367423e-01;8.867808e-02;4.173192e-02
3.758801e-02;6.463724e-02;7.556680e-02;8.750205e-02;5.733528e-02;1.266593e-01;1.134689e-01;5.883412e-02;3.726491e-02;1.340840e-01;1.568850e-01;5.017437e-02
2.682626e-02;4.422375e-02;5.414762e-02;7.952195e-02;4.727596e-02;1.331265e-01;1.451805e-01;5.307225e-02;2.996615e-02;1.338408e-01;2.019112e-01;5.090712e-02
6.216567e-02;3.284482e-02;2.455169e-02;9.865022e-02;4.717338e-02;6.811611e-02;1.756132e-01;7.781863e-02;3.707249e-02;1.267405e-01;1.964941e-01;5.275917e-02
4.239235e-02;3.955467e-02;1.549481e-02;9.396690e-02;4.836925e-02;6.507900e-02;2.117536e-01;8.786915e-02;3.262730e-02;1.334627e-01;1.942919e-01;3.513836e-02
3.494893e-02;3.072839e-02;2.276670e-02;8.148254e-02;3.760742e-02;1.215520e-01;2.123163e-01;7.409862e-02;3.271551e-02;1.445646e-01;1.926139e-01;1.460503e-02
3.836517e-02;2.135063e-02;4.349965e-02;4.327095e-02;3.655790e-02;2.167439e-01;1.610253e-01;3.562086e-02;2.660093e-02;1.481491e-01;2.054438e-01;2.337184e-02
5.249117e-02;1.376567e-02;6.803638e-02;3.139850e-02;2.518823e-02;2.807783e-01;8.699208e-02;1.894446e-02;2.105124e-02;1.552159e-01;2.211431e-01;2.499494e-02
5.453880e-02;1.832295e-02;1.095891e-01;5.442078e-02;2.242972e-02;2.665585e-01;6.958807e-02;1.554505e-02;2.258393e-02;1.257786e-01;2.093052e-01;3.133931e-02
8.454322e-02;4.073051e-02;1.530684e-01;5.011798e-02;3.499379e-02;2.002038e-01;8.408842e-02;1.423541e-02;2.990385e-02;9.861452e-02;1.690140e-01;4.048610e-02
1.018716e-01;6.791463e-02;1.682794e-01;3.991183e-02;4.863881e-02;1.384891e-01;8.882214e-02;1.628017e-02;3.602137e-02;1.061815e-01;1.424566e-01;4.513280e-02
9.353293e-02;6.788113e-02;1.554400e-01;2.648931e-02;5.167190e-02;7.418811e-02;9.456679e-02;1.505070e-02;3.971344e-02;1.514004e-01;1.736399e-01;5.642527e-02
6.524663e-02;6.499957e-02;1.048650e-01;4.146223e-02;5.893425e-02;7.053269e-02;9.505595e-02;4.506547e-02;3.860708e-02;1.690123e-01;1.785638e-01;6.765503e-02
6.996037e-02;4.811817e-02;7.806060e-02;6.042940e-02;7.795271e-02;8.701795e-02;1.348852e-01;5.877272e-02;5.584778e-02;1.354706e-01;1.319533e-01;6.153119e-02
5.862651e-02;5.760843e-02;7.804643e-02;6.195660e-02;8.016669e-02;1.132054e-01;1.569173e-01;4.915523e-02;6.618880e-02;1.167258e-01;1.197060e-01;4.169686e-02
5.706609e-02;6.134748e-02;1.514468e-01;5.512062e-02;5.257569e-02;1.184835e-01;1.428502e-01;5.150728e-02;5.161139e-02;1.034257e-01;1.255217e-01;2.904359e-02
6.653182e-02;4.734615e-02;2.336408e-01;5.003819e-02;5.655022e-02;9.645925e-02;1.211497e-01;3.523471e-02;2.718578e-02;8.667218e-02;1.290471e-01;5.014406e-02
1.849822e-01;1.090321e-01;1.151695e-01;6.671935e-02;6.194954e-02;2.970516e-02;8.968960e-02;5.614307e-02;6.096286e-02;7.796966e-02;6.459538e-02;8.308148e-02
2.177412e-01;1.240198e-01;1.132471e-01;6.571645e-02;4.711751e-02;2.663055e-02;8.243846e-02;5.740796e-02;5.937274e-02;7.479907e-02;4.687094e-02;8.463830e-02
2.407408e-01;1.278741e-01;1.076807e-01;6.608516e-02;3.564664e-02;2.342405e-02;7.513779e-02;5.634984e-02;5.627871e-02;8.088186e-02;4.286068e-02;8.703967e-02
1.592348e-01;1.001081e-01;1.112420e-01;8.747908e-02;3.689240e-02;2.747787e-02;1.055786e-01;4.326076e-02;7.069682e-02;1.328695e-01;6.465813e-02;6.050185e-02
7.060265e-02;5.098525e-02;1.459538e-01;1.023572e-01;4.311710e-02;2.413860e-02;1.531653e-01;4.367670e-02;1.082883e-01;1.632682e-01;6.908987e-02;2.535711e-02
4.075729e-02;2.558091e-02;1.482957e-01;8.276366e-02;4.552318e-02;2.335676e-02;2.394403e-01;6.319192e-02;1.239802e-01;1.426535e-01;4.331183e-02;2.114472e-02
2.113273e-02;3.263653e-02;1.137616e-01;3.963358e-02;4.044140e-02;4.226261e-02;3.968573e-01;9.503127e-02;8.376110e-02;8.303881e-02;1.911709e-02;3.232597e-02
1.733604e-02;3.710973e-02;7.291774e-02;1.668965e-02;4.000533e-02;5.201237e-02;4.934854e-01;1.135491e-01;5.205429e-02;6.381316e-02;1.880743e-02;2.221982e-02
3.245856e-02;4.509747e-02;6.124548e-02;1.932709e-02;6.851425e-02;6.848526e-02;4.431010e-01;8.548860e-02;7.547216e-02;6.442087e-02;1.989185e-02;1.649739e-02
4.119525e-02;4.656994e-02;9.152760e-02;6.826445e-02;8.594768e-02;5.803240e-02;2.788058e-01;6.134646e-02;9.959991e-02;1.169743e-01;2.633641e-02;2.539980e-02
4.393971e-02;5.242304e-02;9.031533e-02;9.578752e-02;6.709633e-02;7.792655e-02;1.633921e-01;1.041470e-01;7.289952e-02;1.843363e-01;2.947042e-02;1.826620e-02
5.803840e-02;5.576210e-02;5.732115e-02;7.741237e-02;5.152733e-02;1.159658e-01;1.655166e-01;1.118459e-01;4.651484e-02;2.171643e-01;2.769879e-02;1.523246e-02
7.151296e-02;5.298317e-02;3.090678e-02;8.865258e-02;5.309813e-02;1.250418e-01;1.753673e-01;7.403678e-02;8.296931e-02;1.963987e-01;3.154331e-02;1.748925e-02
6.489608e-02;5.764651e-02;5.100277e-02;1.279638e-01;8.990350e-02;8.089854e-02;1.428490e-01;6.222418e-02;1.129367e-01;1.516530e-01;3.505746e-02;2.296853e-02
3.391584e-02;6.331959e-02;8.028504e-02;1.164263e-01;1.728566e-01;6.611654e-02;9.236946e-02;6.893522e-02;9.031839e-02;1.416325e-01;3.834144e-02;3.548299e-02
2.707206e-02;6.404173e-02;8.654524e-02;5.957484e-02;2.109109e-01;7.234544e-02;1.259246e-01;9.216236e-02;7.775561e-02;1.027902e-01;4.346105e-02;3.741601e-02
2.313931e-02;5.800085e-02;7.539134e-02;1.134152e-01;1.166070e-01;1.079117e-01;9.203973e-02;5.788913e-02;1.397161e-01;1.451011e-01;3.101302e-02;3.977558e-02
2.592476e-02;3.784028e-02;3.785310e-02;1.146202e-01;1.740115e-01;1.168911e-01;5.739037e-02;3.948463e-02;1.204185e-01;2.195809e-01;2.320298e-02;3.278175e-02
2.929202e-02;3.545982e-02;7.025877e-02;5.609016e-02;2.024312e-01;9.228405e-02;6.200714e-02;2.458028e-02;9.522281e-02;2.785836e-01;2.856514e-02;2.522497e-02
6.057004e-02;3.979313e-02;1.495143e-01;2.669212e-02;1.288902e-01;6.541368e-02;6.784173e-02;3.849909e-02;8.097572e-02;2.769526e-01;3.957546e-02;2.528189e-02
1.207778e-01;5.266558e-02;2.157792e-01;2.602264e-02;5.547854e-02;5.459005e-02;9.020742e-02;6.207278e-02;6.882481e-02;1.744024e-01;4.431685e-02;3.486191e-02
1.743963e-01;6.455310e-02;1.806693e-01;2.468605e-02;1.974370e-02;6.244760e-02;1.398446e-01;5.900424e-02;8.958122e-02;8.357871e-02;4.831589e-02;5.317925e-02
1.303265e-01;5.899608e-02;7.969793e-02;4.060987e-02;2.459860e-02;6.408637e-02;2.223208e-01;6.146489e-02;7.360499e-02;1.016195e-01;7.306769e-02;6.960672e-02
5.224714e-02;4.481916e-02;4.623266e-02;6.083148e-02;3.980985e-02;6.959061e-02;2.104869e-01;7.018691e-02;5.923640e-02;1.371902e-01;1.385684e-01;7.080032e-02
8.241995e-02;2.183996e-02;1.468115e-01;3.403226e-02;5.928016e-02;7.737266e-02;9.570604e-02;5.754532e-02;5.939760e-02;1.476814e-01;1.490084e-01;6.890479e-02
8.497410e-02;3.516581e-02;1.758121e-01;3.023124e-02;9.069602e-02;6.663704e-02;1.105370e-01;5.935079e-02;5.661045e-02;1.118134e-01;1.126584e-01;6.551377e-02
7.713784e-02;5.102206e-02;1.470142e-01;3.615177e-02;1.160574e-01;5.007970e-02;1.605100e-01;5.757712e-02;6.319091e-02;8.020854e-02;1.052442e-01;5.580636e-02
8.816007e-02;7.171647e-02;1.089690e-01;4.381769e-02;1.296803e-01;6.883430e-02;1.717013e-01;5.819801e-02;5.015496e-02;6.812030e-02;8.201488e-02;5.863272e-02
6.323341e-02;6.027227e-02;1.181864e-01;6.053756e-02;6.690827e-02;6.665835e-02;1.314309e-01;6.954595e-02;8.921029e-02;8.895890e-02;1.093006e-01;7.575706e-02
