6.088666e-02;4.168954e-02;1.607710e-01;3.781598e-02;3.461794e-02;5.115381e-02;9.320480e-02;7.330316e-02;1.075149e-01;1.167284e-01;1.058651e-01;1.164488e-01
1.231896e-01;5.090902e-02;1.418878e-01;3.486092e-02;4.800779e-02;6.116224e-02;8.641641e-02;9.737375e-02;9.664769e-02;7.496700e-02;8.877617e-02;9.580160e-02
1.197422e-01;5.228689e-02;6.447270e-02;8.900269e-02;8.172805e-02;9.298415e-02;8.446755e-02;8.444075e-02;7.096055e-02;1.044978e-01;1.084434e-01;4.697323e-02
9.853532e-02;9.437419e-02;1.308056e-01;8.187018e-02;4.621872e-02;6.349538e-02;8.420293e-02;6.919050e-02;7.812710e-02;7.258591e-02;8.933997e-02;9.125423e-02
7.555825e-02;1.019982e-01;1.473162e-01;6.727818e-02;3.450615e-02;5.930331e-02;1.009844e-01;8.865078e-02;7.281062e-02;5.275078e-02;8.689474e-02;1.119483e-01
1.041173e-01;1.241367e-01;1.214344e-01;5.723752e-02;3.279007e-02;7.143781e-02;1.039846e-01;8.979217e-02;6.145504e-02;5.085789e-02;8.864242e-02;9.411405e-02
1.820635e-01;1.253208e-01;5.919128e-02;5.975108e-02;3.194298e-02;1.036493e-01;9.264588e-02;8.656827e-02;4.100945e-02;8.656776e-02;7.311074e-02;5.817889e-02
2.580429e-01;7.215338e-02;6.959200e-02;6.492454e-02;2.893709e-02;1.328325e-01;6.725486e-02;9.963389e-02;3.700447e-02;9.913143e-02;3.751066e-02;3.298237e-02
2.779532e-01;2.390687e-02;8.916702e-02;6.022370e-02;2.668085e-02;1.521538e-01;6.168927e-02;1.170319e-01;5.291940e-02;1.087978e-01;1.659880e-02;1.287734e-02
2.548764e-01;2.223285e-02;7.521285e-02;6.974497e-02;3.107867e-02;1.594019e-01;6.717709e-02;1.123875e-01;4.404289e-02;1.339014e-01;1.380762e-02;1.613590e-02
2.674678e-01;2.362861e-02;4.206968e-02;9.328343e-02;3.228163e-02;1.428019e-01;7.447539e-02;9.482732e-02;3.322107e-02;1.746872e-01;6.428956e-03;1.482705e-02
2.550283e-01;2.240032e-02;4.152150e-02;9.506653e-02;3.084052e-02;9.837867e-02;7.315405e-02;6.890528e-02;7.179090e-02;1.864472e-01;1.500737e-02;4.145925e-02
2.214244e-01;3.305323e-02;5.299268e-02;8.294458e-02;4.117938e-02;9.324489e-02;9.463843e-02;4.586739e-02;9.900266e-02;1.572999e-01;1.661715e-02;6.173529e-02
2.079865e-01;2.768284e-02;6.148451e-02;5.806094e-02;5.003788e-02;1.381728e-01;1.026295e-01;4.471525e-02;7.344148e-02;1.322260e-01;2.926831e-02;7.429404e-02
2.331574e-01;3.707512e-02;6.670720e-02;4.325106e-02;5.532605e-02;1.837533e-01;6.345511e-02;6.832686e-02;3.978363e-02;9.945347e-02;3.971995e-02;6.999083e-02
2.964026e-01;2.696110e-02;6.110494e-02;7.334622e-02;3.865908e-02;1.656039e-01;3.616297e-02;6.663900e-02;5.978365e-02;7.242737e-02;3.595437e-02;6.695471e-02
3.188805e-01;2.707843e-02;4.588771e-02;8.808777e-02;3.862844e-02;9.866593e-02;6.445965e-02;4.808799e-02;4.571841e-02;1.646727e-01;1.988236e-02;3.995008e-02
2.980258e-01;2.661708e-02;5.229381e-02;6.553721e-02;4.787814e-02;9.626310e-02;1.072587e-01;5.468811e-02;5.819758e-02;1.375065e-01;2.001280e-02;3.572110e-02
1.874468e-01;3.782962e-02;4.984953e-02;7.035221e-02;6.453488e-02;1.656289e-01;1.124493e-01;8.652241e-02;7.433126e-02;9.474858e-02;3.059277e-02;2.571367e-02
1.100007e-01;2.901762e-02;3.273709e-02;9.226552e-02;5.942537e-02;1.853108e-01;8.014254e-02;1.141768e-01;5.561439e-02;1.609226e-01;2.584274e-02;5.454380e-02
1.678466e-01;1.907498e-02;4.603502e-02;1.043694e-01;5.028772e-02;1.700016e-01;6.163340e-02;1.010274e-01;5.090883e-02;1.458124e-01;1.127130e-02;7.173131e-02
2.225978e-01;2.803475e-02;2.974353e-02;1.217348e-01;4.082449e-02;1.683380e-01;4.577088e-02;5.681692e-02;6.549473e-02;1.475378e-01;2.621757e-02;4.688879e-02
2.075480e-01;4.082549e-02;4.843541e-02;9.914201e-02;5.065830e-02;1.491430e-01;7.194898e-02;8.661256e-02;6.746709e-02;1.255391e-01;1.516649e-02;3.751361e-02
1.249344e-01;8.305888e-02;1.173664e-01;7.696446e-02;8.247179e-02;1.016642e-01;1.194389e-01;9.436324e-02;7.961953e-02;5.075320e-02;4.192499e-02;2.744005e-02
9.609901e-02;8.761257e-02;1.271314e-01;6.553023e-02;1.096158e-01;1.069158e-01;7.471767e-02;9.488767e-02;7.070272e-02;5.920479e-02;5.560352e-02;5.197874e-02
8.454046e-02;9.436705e-02;7.736131e-02;8.247214e-02;1.472278e-01;1.294224e-01;5.468059e-02;6.133286e-02;6.354747e-02;9.834283e-02;3.732518e-02;6.937994e-02
4.904004e-02;7.916861e-02;4.313365e-02;8.771677e-02;1.663625e-01;1.410192e-01;6.643122e-02;2.721007e-02;9.257010e-02;1.598387e-01;3.873775e-02;4.877144e-02
1.977900e-02;4.044313e-02;4.807507e-02;6.322642e-02;1.700590e-01;1.042366e-01;5.791126e-02;4.410905e-02;8.577990e-02;2.327728e-01;8.355579e-02;5.005202e-02
1.425287e-02;6.936657e-02;3.424414e-02;3.608003e-02;1.546561e-01;7.995610e-02;4.690390e-02;8.498916e-02;4.208761e-02;2.560865e-01;1.249981e-01;5.637903e-02
1.039999e-02;1.191850e-01;3.462050e-02;3.255635e-02;1.346859e-01;7.743749e-02;3.098049e-02;1.216277e-01;2.089322e-02;2.619116e-01;1.217815e-01;3.392025e-02
1.329929e-02;1.716663e-01;4.400985e-02;4.353895e-02;1.103389e-01;6.993180e-02;4.297969e-02;1.486847e-01;8.327692e-03;2.264690e-01;1.089657e-01;1.178817e-02
8.603082e-03;2.117386e-01;8.001900e-02;4.659058e-02;7.869714e-02;7.116755e-02;6.547652e-02;1.451558e-01;7.828000e-03;1.548954e-01;1.093353e-01;2.049295e-02
1.530118e-02;1.740399e-01;1.506566e-01;3.561105e-02;4.186850e-02;1.152876e-01;7.927646e-02;1.147889e-01;9.934895e-03;9.829647e-02;1.474698e-01;1.746866e-02
2.026715e-02;9.784969e-02;2.197243e-01;1.855824e-02;3.055955e-02;1.830642e-01;5.888545e-02;7.098340e-02;1.373119e-02;6.862067e-02;2.095339e-01;8.222138e-03
2.079201e-02;3.739567e-02;2.691595e-01;6.390098e-03;2.324983e-02;2.117400e-01;3.143392e-02;3.277477e-02;2.729455e-02;6.529965e-02;2.633269e-01;1.114308e-02
2.004732e-02;6.808183e-03;2.756769e-01;7.693615e-03;1.357273e-02;1.945242e-01;2.349169e-02;2.527909e-02;3.789312e-02;5.871536e-02;3.200859e-01;1.621199e-02
1.580059e-02;1.247431e-02;2.513744e-01;6.244828e-03;4.934668e-03;1.692643e-01;2.559100e-02;1.882607e-02;5.739658e-02;4.595615e-02;3.776060e-01;1.453112e-02
1.185389e-02;9.074061e-03;1.837972e-01;7.046833e-03;9.951334e-03;1.721770e-01;2.669820e-02;1.240106e-02;7.308781e-02;5.846954e-02;4.141834e-01;2.125975e-02
1.502691e-02;1.474176e-02;1.221341e-01;7.068164e-03;1.926316e-02;1.797479e-01;2.650547e-02;9.733992e-03;7.475479e-02;1.004920e-01;4.107577e-01;1.977410e-02
2.018348e-02;2.550796e-02;1.093841e-01;1.005177e-02;3.053525e-02;1.703915e-01;2.837804e-02;2.279004e-02;8.599775e-02;1.162165e-01;3.589103e-01;2.165334e-02
2.033684e-02;2.323257e-02;1.089500e-01;1.216252e-02;4.404727e-02;1.647365e-01;5.765236e-02;4.207775e-02;9.152815e-02;7.868829e-02;3.163582e-01;4.022961e-02
2.264611e-02;2.107049e-02;9.015372e-02;2.620853e-02;8.633087e-02;1.806054e-01;9.320287e-02;5.223284e-02;6.388652e-02;6.033609e-02;2.594128e-01;4.391379e-02
3.239045e-02;2.129854e-02;9.062577e-02;6.520709e-02;1.108554e-01;1.661884e-01;8.386320e-02;6.477527e-02;7.237750e-02;6.136382e-02;1.980847e-01;3.296982e-02
3.611512e-02;2.206881e-02;1.543652e-01;1.055525e-01;6.868391e-02;1.405819e-01;5.982800e-02;6.421206e-02;8.536635e-02;7.899206e-02;1.635792e-01;2.065492e-02
2.940633e-02;3.433859e-02;1.757883e-01;8.635977e-02;4.594513e-02;9.381218e-02;8.189549e-02;6.449800e-02;1.157513e-01;7.946581e-02;1.683603e-01;2.437873e-02
3.262751e-02;3.327782e-02;1.910191e-01;4.178468e-02;5.189522e-02;8.475577e-02;8.476549e-02;7.506819e-02;1.048556e-01;8.910593e-02;1.735098e-01;3.733473e-02
3.852871e-02;3.476263e-02;2.001521e-01;2.537253e-02;6.763528e-02;1.245121e-01;9.122504e-02;7.821840e-02;1.013985e-01;8.958244e-02;1.051406e-01;4.347175e-02
3.823984e-02;1.978615e-02;2.498669e-01;2.445903e-02;5.946119e-02;1.516916e-01;9.817003e-02;8.062380e-02;7.947022e-02;9.506042e-02;4.371641e-02;5.945440e-02
4.252178e-02;2.708687e-02;2.811209e-01;1.091838e-01;3.797579e-02;1.043909e-01;7.553122e-02;5.707876e-02;9.065311e-02;7.864919e-02;3.878023e-02;5.702747e-02
5.359542e-02;2.482598e-02;2.114365e-01;2.091755e-01;7.117346e-02;4.587667e-02;6.855235e-02;4.025793e-02;1.339021e-01;7.240448e-02;3.791828e-02;3.088134e-02
7.062946e-02;1.898946e-02;9.929047e-02;2.595269e-01;9.517559e-02;2.773769e-02;8.043908e-02;3.797848e-02;1.928660e-01;7.011661e-02;3.960582e-02;7.644419e-03
5.428376e-02;1.508141e-02;1.078091e-01;2.160558e-01;9.324182e-02;5.614781e-02;6.190678e-02;8.789308e-02;2.000752e-01;5.821675e-02;2.794810e-02;2.134041e-02
2.910536e-02;2.237502e-02;1.565496e-01;1.152173e-01;6.455850e-02;6.210725e-02;1.040773e-01;1.896900e-01;1.509093e-01;4.257372e-02;3.379608e-02;2.904053e-02
1.887499e-02;5.477088e-02;1.301289e-01;5.177669e-02;5.612818e-02;5.107528e-02;1.948086e-01;2.106976e-01;1.217242e-01;4.260047e-02;4.817874e-02;1.923550e-02
4.090858e-02;8.707988e-02;4.856405e-02;5.105944e-02;5.974457e-02;7.528385e-02;2.768873e-01;1.440636e-01;9.903754e-02;3.670663e-02;6.793903e-02;1.272560e-02
1.032302e-01;9.315252e-02;2.780931e-02;8.079024e-02;5.977052e-02;1.179846e-01;2.376133e-01;8.880297e-02;6.964056e-02;4.091491e-02;6.518545e-02;1.510539e-02
1.684444e-01;7.498164e-02;2.490681e-02;1.112912e-01;6.858470e-02;1.492775e-01;1.564783e-01;6.679672e-02;5.010257e-02;5.601357e-02;4.729527e-02;2.582725e-02
1.489034e-01;5.047972e-02;7.093590e-02;9.547561e-02;1.035610e-01;1.539730e-01;1.033633e-01;3.732393e-02;9.261478e-02;6.664836e-02;3.043958e-02;4.628140e-02
6.930501e-02;6.113195e-02;9.749829e-02;7.201451e-02;1.017773e-01;9.161706e-02;1.723120e-01;1.191705e-01;5.013214e-02;6.225117e-02;5.776920e-02;4.502080e-02
6.653126e-02;5.121010e-02;8.207858e-02;1.132951e-01;6.724244e-02;1.093762e-01;2.011429e-01;1.027939e-01;8.458792e-02;4.743627e-02;4.649436e-02;2.781106e-02
1.019130e-01;3.508923e-02;5.914611e-02;1.293457e-01;7.992638e-02;1.399926e-01;1.797416e-01;6.503065e-02;1.081720e-01;5.677116e-02;2.976056e-02;1.511110e-02
1.139139e-01;4.419074e-02;5.813994e-02;9.961587e-02;8.344620e-02;1.355807e-01;1.631017e-01;5.838469e-02;1.099381e-01;6.131094e-02;4.975310e-02;2.262418e-02
9.174767e-02;5.004625e-02;6.808891e-02;4.275463e-02;5.731401e-02;1.054333e-01;2.261023e-01;9.415031e-02;9.486046e-02;8.147901e-02;5.204619e-02;3.597691e-02
5.610094e-02;4.017149e-02;7.786047e-02;5.820306e-02;5.729903e-02;7.453129e-02;2.476348e-01;1.260289e-01;9.507246e-02;9.111020e-02;3.740504e-02;3.858230e-02
9.632520e-02;5.922177e-02;1.056820e-01;9.742895e-02;6.068264e-02;1.378174e-01;1.575790e-01;6.857976e-02;5.390824e-02;7.472362e-02;4.359629e-02;4.445520e-02
9.827128e-02;5.860702e-02;9.391309e-02;1.137507e-01;5.837778e-02;1.532761e-01;1.662139e-01;8.018253e-02;6.356508e-02;4.386599e-02;3.689524e-02;3.308126e-02
9.376229e-02;7.728719e-02;5.871610e-02;1.079257e-01;3.360800e-02;1.305036e-01;1.688733e-01;1.236228e-01;8.387595e-02;4.581437e-02;5.014934e-02;2.586139e-02
7.221391e-02;7.657810e-02;8.464415e-02;7.916368e-02;7.629053e-02;1.047290e-01;1.099711e-01;1.591843e-01;9.468432e-02;5.565009e-02;6.397244e-02;2.291836e-02
7.847638e-02;5.319636e-02;8.344436e-02;5.930394e-02;8.594896e-02;8.472638e-02;1.392732e-01;1.371616e-01;8.771545e-02;1.076997e-01;5.093501e-02;3.211876e-02
5.859302e-02;7.248450e-02;8.718460e-02;6.984700e-02;5.474090e-02;9.220735e-02;1.302012e-01;1.176298e-01;6.155324e-02;1.380057e-01;7.294079e-02;4.461186e-02
6.716342e-02;7.944950e-02;1.817082e-01;8.134841e-02;3.530910e-02;6.289682e-02;1.100641e-01;7.781252e-02;5.141243e-02;9.653561e-02;8.146033e-02;7.483956e-02
4.767216e-02;7.968469e-02;2.769423e-01;6.786830e-02;2.472401e-02;3.895379e-02;1.188026e-01;8.293072e-02;4.443217e-02;5.916795e-02;5.830459e-02;1.005167e-01
5.525293e-02;7.717953e-02;3.297009e-01;5.159948e-02;1.259563e-02;2.882543e-02;1.164879e-01;1.051787e-01;2.450296e-02;4.371115e-02;4.845259e-02;1.065128e-01
4.145713e-02;5.217363e-02;3.671482e-01;8.497758e-02;1.352398e-02;3.152482e-02;9.312018e-02;1.068701e-01;5.199540e-02;2.756740e-02;3.191495e-02;9.772668e-02
3.482491e-02;1.990373e-02;3.405098e-01;1.833625e-01;3.591444e-02;2.913705e-02;5.231957e-02;8.323304e-02;1.083679e-01;2.116245e-02;1.384353e-02;7.742105e-02
8.250948e-02;1.285396e-02;2.116276e-01;2.543449e-01;6.481700e-02;1.660017e-02;3.152648e-02;6.572680e-02;1.683359e-01;3.634838e-02;9.289217e-03;4.602014e-02
1.216472e-01;1.956672e-02;1.178791e-01;2.630166e-01;1.236070e-01;1.451019e-02;4.075443e-02;5.904038e-02;1.652452e-01;4.573805e-02;9.389249e-03;1.960598e-02
1.327727e-01;4.344479e-02;4.813024e-02;2.321819e-01;2.243848e-01;3.663269e-02;4.047503e-02;3.975469e-02;1.147897e-01;7.234470e-02;8.533402e-03;6.555238e-03
8.530519e-02;8.229797e-02;1.738662e-02;1.747285e-01;2.958786e-01;6.403211e-02;3.221221e-02;1.771054e-02;9.374893e-02;1.117245e-01;1.233301e-02;1.264171e-02
7.688270e-02;8.328719e-02;1.321146e-02;1.478547e-01;2.532010e-01;6.433338e-02;3.731758e-02;2.529805e-02;1.704386e-01;1.081874e-01;1.112790e-02;8.860028e-03
1.414309e-01;4.594017e-02;3.004698e-02;1.686801e-01;1.340109e-01;3.124811e-02;4.219428e-02;4.344068e-02;2.779996e-01;6.744157e-02;1.010288e-02;7.463939e-03
1.585804e-01;2.146622e-02;5.922940e-02;1.768245e-01;5.667762e-02;1.706563e-02;3.093942e-02;5.947733e-02;3.538873e-01;3.572206e-02;7.243912e-03;2.288613e-02
1.218107e-01;1.055651e-02;1.075584e-01;1.429421e-01;2.289988e-02;3.388834e-02;2.843098e-02;9.822600e-02;3.679837e-01;1.504023e-02;7.414766e-03;4.324825e-02
5.082538e-02;7.350922e-03;1.662754e-01;7.135943e-02;1.739051e-02;6.745537e-02;5.256920e-02;1.836437e-01;3.089503e-01;1.016716e-02;7.943258e-03;5.606940e-02
1.640669e-02;1.147438e-02;1.807345e-01;6.062797e-02;2.058303e-02;8.863989e-02;8.528763e-02;2.513339e-01;2.045558e-01;1.576577e-02;1.738083e-02;4.720962e-02
1.398396e-02;2.671853e-02;1.681345e-01;3.575613e-02;4.120639e-02;9.942677e-02;1.323850e-01;2.504788e-01;1.177202e-01;1.453486e-02;5.085282e-02;4.880203e-02
2.091085e-02;5.323828e-02;1.043047e-01;2.003056e-02;8.266343e-02;9.325629e-02;2.302880e-01;1.684406e-01;5.380096e-02;2.139048e-02;1.024871e-01;4.918882e-02
3.252495e-02;7.276097e-02;4.565625e-02;2.961891e-02;9.278363e-02;9.524205e-02;3.118862e-01;9.483449e-02;2.064780e-02;5.603739e-02;1.200691e-01;2.793822e-02
6.064473e-02;6.055626e-02;3.126182e-02;5.758704e-02;9.959172e-02;1.429075e-01;2.407743e-01;5.545372e-02;5.243245e-02;1.009599e-01;8.695680e-02;1.087375e-02
7.674281e-02;4.104367e-02;4.142105e-02;7.510243e-02;1.258156e-01;1.873163e-01;1.198750e-01;4.389611e-02;8.810252e-02;1.075729e-01;6.619800e-02;2.691356e-02
6.565213e-02;3.100124e-02;8.103105e-02;9.512457e-02;1.499890e-01;1.664147e-01;5.600488e-02;4.300877e-02;8.664650e-02;8.637261e-02;9.520710e-02;4.354738e-02
4.877049e-02;3.940028e-02;1.136538e-01;1.007245e-01;1.321498e-01;1.004744e-01;7.641801e-02;4.065333e-02;1.138040e-01;6.501321e-02;1.075757e-01;6.136248e-02
5.962996e-02;6.037553e-02;1.037732e-01;6.747762e-02;8.142278e-02;7.488234e-02;1.489003e-01;6.447280e-02;1.180106e-01;6.230742e-02;8.092829e-02;7.781918e-02
7.239459e-02;5.066573e-02;9.811207e-02;7.639980e-02;7.878695e-02;7.086302e-02;1.673549e-01;6.664578e-02;6.251697e-02;6.566850e-02;1.088661e-01;8.172569e-02
7.508097e-02;3.777663e-02;9.345046e-02;6.501473e-02;8.109538e-02;1.030933e-01;1.585324e-01;5.832425e-02;9.618172e-02;7.017042e-02;1.300141e-01;3.126564e-02
6.075069e-02;2.665099e-02;6.851666e-02;6.158223e-02;1.030727e-01;1.137857e-01;1.882439e-01;1.066463e-01;1.078789e-01;4.359636e-02;9.143977e-02;2.783573e-02
4.922628e-02;4.068044e-02;6.613673e-02;5.816875e-02;1.403397e-01;9.494217e-02;1.897702e-01;1.194919e-01;7.958554e-02;6.434374e-02;7.407617e-02;2.323845e-02
6.638943e-02;4.225192e-02;1.005307e-01;5.922245e-02;1.144098e-01;1.346404e-01;7.810050e-02;9.785483e-02;1.041675e-01;1.017960e-01;6.708109e-02;3.355547e-02
4.282336e-02;2.013797e-02;8.459050e-02;5.257665e-02;7.334425e-02;1.384740e-01;1.388546e-01;1.223629e-01;1.422703e-01;1.067357e-01;4.352392e-02;3.430587e-02
3.373316e-02;3.410519e-02;8.386953e-02;6.397416e-02;7.071400e-02;1.136722e-01;1.665961e-01;1.347358e-01;1.478851e-01;1.114136e-01;2.782996e-02;1.147123e-02
3.009540e-02;1.822985e-02;7.351208e-02;5.890165e-02;7.049924e-02;1.104168e-01;1.475692e-01;1.733785e-01;1.439921e-01;1.062856e-01;3.611982e-02;3.099990e-02
2.396064e-02;3.016331e-02;7.157403e-02;2.703677e-02;6.086653e-02;8.038295e-02;1.542993e-01;2.460933e-01;1.651711e-01;7.170767e-02;3.413267e-02;3.461177e-02
2.766392e-02;5.847852e-02;8.399185e-02;3.112735e-02;5.056401e-02;6.169894e-02;1.831242e-01;2.207599e-01;1.506888e-01;7.573308e-02;3.447584e-02;2.169357e-02
1.661688e-02;6.633089e-02;8.558122e-02;4.039947e-02;3.602770e-02;1.001321e-01;1.812560e-01;2.467854e-01;9.701001e-02;8.623958e-02;3.215283e-02;1.146790e-02
2.408787e-02;4.930163e-02;9.497051e-02;5.265194e-02;4.890439e-02;1.138898e-01;1.453399e-01;2.734739e-01;8.322112e-02;7.390387e-02;2.512749e-02;1.512765e-02
4.166548e-02;3.955247e-02;1.110816e-01;7.140756e-02;5.592572e-02;9.504403e-02;2.259757e-01;2.043563e-01;6.358488e-02;5.625900e-02;1.793879e-02;1.720850e-02
3.680447e-02;5.000522e-02;1.288187e-01;8.503082e-02;6.009408e-02;8.938882e-02;2.191055e-01;1.745069e-01;5.961185e-02;5.927307e-02;1.927165e-02;1.808902e-02
2.822703e-02;7.307413e-02;1.460927e-01;8.004512e-02;8.285852e-02;1.138665e-01;1.444669e-01;1.315629e-01;5.865559e-02;7.566456e-02;4.633032e-02;1.915566e-02
5.198782e-02;6.970207e-02;1.678497e-01;4.533277e-02;7.970841e-02;1.186457e-01;1.650397e-01;6.868389e-02;4.304372e-02;8.316372e-02;8.401746e-02;2.282498e-02
4.236580e-02;4.185006e-02;1.729619e-01;5.934122e-02;7.033835e-02;9.738976e-02;1.779094e-01;7.338246e-02;9.215186e-02;8.268815e-02;4.793195e-02;4.168912e-02
4.075613e-02;4.616105e-02;1.453987e-01;7.242448e-02;6.150018e-02;9.142927e-02;1.510078e-01;1.240759e-01;1.177100e-01;4.761308e-02;6.573081e-02;3.619259e-02
5.201125e-02;5.638551e-02;1.159295e-01;5.383333e-02;8.150558e-02;1.138803e-01;1.312472e-01;1.556825e-01;9.373140e-02;5.841601e-02;5.742128e-02;2.995608e-02
4.659359e-02;4.192181e-02;1.402646e-01;5.037195e-02;9.920546e-02;1.078902e-01;9.332394e-02;1.722295e-01;1.021665e-01;5.848082e-02;4.421250e-02;4.333915e-02
2.751264e-02;3.400366e-02;1.344996e-01;4.921489e-02;9.286109e-02;8.845288e-02;8.664043e-02;1.704378e-01;1.335938e-01;9.651660e-02;5.615907e-02;3.010755e-02
4.479172e-02;5.488563e-02;1.085918e-01;5.885344e-02;8.480939e-02;9.385945e-02;1.417264e-01;1.530943e-01;1.141612e-01;7.833181e-02;3.126962e-02;3.562517e-02
6.942016e-02;5.033290e-02;1.040228e-01;5.049111e-02;6.906493e-02;1.166413e-01;1.511389e-01;1.183960e-01;1.036652e-01;9.712992e-02;2.485269e-02;4.484417e-02
3.672140e-02;2.736574e-02;9.836199e-02;5.021016e-02;7.623386e-02;1.045679e-01;2.140444e-01;1.198736e-01;1.136502e-01;9.369035e-02;3.527679e-02;3.000346e-02
2.766596e-02;3.423990e-02;1.001566e-01;5.319075e-02;7.960723e-02;9.987499e-02;2.078446e-01;1.077333e-01;1.413212e-01;7.963347e-02;4.220138e-02;2.653062e-02
3.697078e-02;4.128124e-02;7.710245e-02;6.117107e-02;8.286245e-02;8.294001e-02;2.020116e-01;9.193770e-02;1.707852e-01;7.575276e-02;4.976160e-02;2.742312e-02
5.379523e-02;4.846333e-02;1.079711e-01;7.992543e-02;9.085080e-02;7.642182e-02;1.221274e-01;1.159527e-01;1.240279e-01;9.430196e-02;5.209579e-02;3.406662e-02
4.588893e-02;5.109887e-02;1.466514e-01;9.209307e-02;8.078729e-02;9.064540e-02;1.270701e-01;1.224396e-01;9.433582e-02;7.648456e-02;4.404736e-02;2.845761e-02
3.122397e-02;2.838935e-02;9.881222e-02;1.796876e-01;7.716443e-02;6.977428e-02;9.850761e-02;1.168012e-01;1.512769e-01;8.976152e-02;4.308230e-02;1.551862e-02
3.267329e-02;3.606766e-02;3.278577e-02;2.594594e-01;1.017815e-01;3.264592e-02;7.092953e-02;9.708767e-02;2.041813e-01;8.862557e-02;3.717740e-02;6.584935e-03
3.818927e-02;6.371406e-02;4.161178e-02;2.487479e-01;1.333268e-01;2.910784e-02;5.145518e-02;7.081829e-02;2.194442e-01;6.461263e-02;3.494168e-02;4.030415e-03
4.901525e-02;7.335211e-02;6.697512e-02;2.191026e-01;1.290362e-01;4.077159e-02;4.159909e-02;4.788829e-02;2.441827e-01;4.954077e-02;3.241514e-02;6.121179e-03
5.940200e-02;5.698131e-02;8.825961e-02;1.989521e-01;9.269968e-02;3.557123e-02;3.396006e-02;3.148962e-02;3.193550e-01;3.708983e-02;3.870998e-02;7.529646e-03
5.552812e-02;2.416077e-02;1.052089e-01;1.777122e-01;6.771179e-02;2.411469e-02;2.861217e-02;3.488156e-02;3.894807e-01;2.744423e-02;5.797940e-02;7.165492e-03
4.730631e-02;1.888008e-02;1.066895e-01;1.543246e-01;6.923294e-02;2.204367e-02;3.287369e-02;4.965671e-02;3.743199e-01;2.977595e-02;8.432115e-02;1.057544e-02
4.529659e-02;2.020609e-02;1.138898e-01;1.495306e-01;7.537009e-02;1.515826e-02;2.510351e-02;4.822516e-02;3.604365e-01;2.969638e-02;1.069601e-01;1.012689e-02
3.839006e-02;1.420069e-02;1.163483e-01;1.695357e-01;7.670937e-02;1.553455e-02;3.447163e-02;4.996713e-02;3.185485e-01;3.597412e-02;1.215019e-01;8.818006e-03
4.957747e-02;1.532004e-02;1.182246e-01;1.906961e-01;6.974295e-02;1.814473e-02;6.449473e-02;3.891761e-02;2.678941e-01;4.597694e-02;1.104483e-01;1.056234e-02
5.685647e-02;3.617553e-02;1.908690e-01;1.767254e-01;5.434323e-02;3.220733e-02;8.126665e-02;3.711553e-02;1.984420e-01;4.089896e-02;6.297673e-02;3.212316e-02
4.708802e-02;7.626741e-02;2.704308e-01;1.422531e-01;5.059893e-02;4.462763e-02;9.094460e-02;5.345745e-02;1.111810e-01;3.333350e-02;2.664746e-02;5.317017e-02
7.278892e-02;1.012640e-01;2.576009e-01;8.321593e-02;5.616248e-02;5.066527e-02;1.286916e-01;4.054611e-02;7.609069e-02;2.595614e-02;4.808243e-02;5.893555e-02
1.177304e-01;1.064185e-01;1.599925e-01;5.477162e-02;6.756053e-02;5.000509e-02;1.259056e-01;3.698417e-02;1.281028e-01;2.840367e-02;7.588970e-02;4.823540e-02
1.023402e-01;6.063209e-02;6.546032e-02;1.350413e-01;7.975020e-02;2.275352e-02;7.944574e-02;6.072295e-02;2.279067e-01;2.957767e-02;1.084944e-01;2.787487e-02
6.699132e-02;2.552340e-02;1.129454e-01;1.411125e-01;7.565507e-02;2.993462e-02;6.738747e-02;5.520871e-02;2.611402e-01;3.219837e-02;1.117418e-01;2.016108e-02
9.263211e-02;2.558059e-02;7.539728e-02;1.289186e-01;8.410906e-02;4.380155e-02;7.953306e-02;5.397559e-02;2.450714e-01;4.008411e-02;1.028580e-01;2.803872e-02
1.159874e-01;6.749216e-02;6.900927e-02;1.043582e-01;9.300311e-02;4.299904e-02;1.313025e-01;6.356466e-02;1.446288e-01;6.706363e-02;5.633539e-02;4.425589e-02
9.974439e-02;1.002515e-01;1.312838e-01;8.388194e-02;7.105045e-02;4.454342e-02;1.328019e-01;5.125551e-02;1.024747e-01;4.726187e-02;7.930454e-02;5.614597e-02
1.349665e-01;7.318620e-02;1.839864e-01;8.785380e-02;6.246313e-02;4.909909e-02;1.025860e-01;7.245322e-02;4.379255e-02;5.751226e-02;7.263252e-02;5.946832e-02
1.593601e-01;7.491306e-02;1.571857e-01;5.336208e-02;6.334735e-02;5.568225e-02;8.326574e-02;6.062137e-02;2.328425e-02;9.863266e-02;1.038431e-01;6.650236e-02
1.203433e-01;8.188833e-02;1.098514e-01;4.803395e-02;9.310873e-02;8.313824e-02;7.249402e-02;2.856692e-02;4.401191e-02;1.585698e-01;1.299070e-01;3.008645e-02
7.250377e-02;6.206613e-02;4.505808e-02;4.426902e-02;1.405405e-01;1.025147e-01;3.422610e-02;2.488885e-02;9.005064e-02;2.399465e-01;1.140942e-01;2.984139e-02
4.355895e-02;4.090811e-02;2.545531e-02;3.390064e-02;1.831554e-01;1.067736e-01;3.800339e-02;4.798222e-02;1.377582e-01;2.699679e-01;5.163366e-02;2.090269e-02
3.318147e-02;2.817024e-02;2.537939e-02;4.667731e-02;2.068803e-01;7.022838e-02;8.996692e-02;8.486263e-02;1.240083e-01;2.137645e-01;5.869040e-02;1.819022e-02
3.439102e-02;2.182807e-02;2.253613e-02;4.303063e-02;2.263731e-01;1.237409e-01;1.365272e-01;9.829284e-02;7.520719e-02;1.156411e-01;8.074445e-02;2.168739e-02
3.220232e-02;1.994231e-02;2.807850e-02;7.024070e-02;2.295839e-01;1.965785e-01;1.206829e-01;5.734814e-02;4.274334e-02;8.060111e-02;1.054852e-01;1.651316e-02
2.267319e-02;2.134143e-02;5.555091e-02;1.107683e-01;1.977340e-01;2.015199e-01;1.169962e-01;2.705813e-02;3.798426e-02;8.625057e-02;1.071373e-01;1.498582e-02
2.403779e-02;3.128562e-02;8.018946e-02;1.028583e-01;1.033598e-01;1.918155e-01;1.282829e-01;7.994747e-02;3.462895e-02;9.947968e-02;1.062009e-01;1.791361e-02
1.754511e-02;4.722663e-02;5.594775e-02;5.858412e-02;1.292335e-01;1.428362e-01;1.328103e-01;1.304965e-01;6.488050e-02;1.198650e-01;8.487599e-02;1.569844e-02
1.977076e-02;4.626935e-02;6.536272e-02;4.748921e-02;1.784135e-01;1.100856e-01;1.054019e-01;1.056648e-01;9.460026e-02;1.376423e-01;6.570493e-02;2.359463e-02
1.982091e-02;3.536086e-02;8.566389e-02;6.103386e-02;1.546069e-01;1.051268e-01;1.354986e-01;5.835022e-02;1.331954e-01;1.442056e-01;4.443856e-02;2.269841e-02
2.574586e-02;3.384623e-02;1.176515e-01;5.658269e-02;9.485078e-02;9.479637e-02;1.614790e-01;8.540508e-02;1.592639e-01;1.131043e-01;3.607652e-02;2.119770e-02
3.649528e-02;5.119336e-02;1.487046e-01;8.402274e-02;9.350193e-02;6.498209e-02;1.846935e-01;9.399263e-02;1.291762e-01;6.416426e-02;2.505334e-02;2.402010e-02
4.899785e-02;5.695027e-02;1.244510e-01;1.036323e-01;1.001473e-01;1.136731e-01;1.849155e-01;7.342444e-02;8.377145e-02;4.074189e-02;3.592507e-02;3.336977e-02
4.955449e-02;5.133373e-02;1.032889e-01;8.346967e-02;1.239548e-01;1.096172e-01;1.746971e-01;6.555453e-02;7.621538e-02;7.384295e-02;5.795087e-02;3.052050e-02
4.947228e-02;5.596127e-02;8.119115e-02;8.792622e-02;1.281285e-01;6.730243e-02;1.564273e-01;9.403556e-02;8.980897e-02;1.001781e-01;6.349166e-02;2.607658e-02
3.503202e-02;5.037221e-02;1.105153e-01;1.080214e-01;1.191009e-01;6.868584e-02;1.277985e-01;7.745169e-02;7.561935e-02;1.146837e-01;7.603084e-02;3.668820e-02
2.359251e-02;3.804109e-02;1.297686e-01;1.027962e-01;1.259014e-01;9.879436e-02;1.205238e-01;6.323946e-02;3.986029e-02;1.110511e-01;1.033872e-01;4.304397e-02
5.474690e-02;4.008472e-02;1.114644e-01;9.875167e-02;1.321586e-01;9.465468e-02;1.137295e-01;6.574406e-02;7.722458e-02;7.246281e-02;9.789567e-02;4.108248e-02
3.839965e-02;5.413030e-02;1.497478e-01;9.699372e-02;1.194785e-01;7.913724e-02;1.411109e-01;4.903317e-02;6.800627e-02;8.776469e-02;6.190427e-02;5.429346e-02
6.272260e-02;8.797003e-02;1.596546e-01;1.151471e-01;1.005565e-01;6.787404e-02;1.537393e-01;3.869944e-02;4.762159e-02;9.410956e-02;4.428325e-02;2.762200e-02
8.938432e-02;9.118876e-02;2.350709e-01;1.337073e-01;6.346007e-02;3.600968e-02;1.118891e-01;4.827511e-02;6.567040e-02;7.206111e-02;2.254138e-02;3.074194e-02
7.903582e-02;6.462809e-02;3.004951e-01;1.506625e-01;3.201346e-02;2.952419e-02;8.555545e-02;9.361482e-02;6.512115e-02;4.209642e-02;2.357330e-02;3.367967e-02
3.528494e-02;3.351411e-02;3.364407e-01;1.973316e-01;2.260130e-02;4.115037e-02;8.451050e-02;1.291978e-01;3.590543e-02;2.946440e-02;1.380586e-02;4.079299e-02
1.248066e-02;2.073094e-02;3.555996e-01;2.110032e-01;2.477786e-02;4.661787e-02;6.580536e-02;1.363406e-01;4.960562e-02;2.301471e-02;5.004046e-03;4.901950e-02
5.837053e-03;8.982345e-03;3.916607e-01;1.612945e-01;2.363516e-02;5.483339e-02;6.174913e-02;1.489528e-01;6.154478e-02;2.594854e-02;8.710577e-03;4.685102e-02
7.222383e-03;1.519941e-02;4.124297e-01;9.210608e-02;9.366048e-03;6.680837e-02;6.717717e-02;1.813487e-01;7.376020e-02;3.202343e-02;3.332798e-03;3.922573e-02
6.731763e-03;1.886381e-02;3.606254e-01;4.783507e-02;2.041597e-02;5.743252e-02;8.607861e-02;2.209734e-01;1.113628e-01;3.846332e-02;6.113573e-03;2.510374e-02
8.958494e-03;2.431857e-02;3.048680e-01;2.508364e-02;3.181059e-02;4.326482e-02;9.981718e-02;2.594123e-01;1.318370e-01;4.475334e-02;1.065928e-02;1.521676e-02
9.574282e-03;4.023662e-02;2.407940e-01;4.229175e-02;5.006251e-02;3.200352e-02;1.306681e-01;2.535286e-01;1.189065e-01;5.620397e-02;1.045212e-02;1.527803e-02
1.436039e-02;6.144311e-02;1.799504e-01;5.007544e-02;9.300666e-02;1.925106e-02;1.872111e-01;2.203618e-01;7.684295e-02;4.231999e-02;2.975777e-02;2.541930e-02
1.124735e-02;8.026458e-02;1.760841e-01;3.520739e-02;1.082449e-01;1.150185e-02;2.306877e-01;2.206840e-01;3.143097e-02;1.966603e-02;3.985373e-02;3.512748e-02
1.327739e-02;9.716345e-02;2.016628e-01;1.949242e-02;7.770211e-02;1.643911e-02;2.334968e-01;2.302408e-01;1.436378e-02;1.526664e-02;3.407815e-02;4.681648e-02
5.172758e-03;1.388991e-01;1.925926e-01;2.024282e-02;4.546415e-02;1.836726e-02;2.278115e-01;2.208748e-01;1.313738e-02;2.012720e-02;4.328107e-02;5.402927e-02
1.061841e-02;1.735841e-01;1.662768e-01;2.438308e-02;2.024299e-02;1.127779e-02;2.316200e-01;1.935799e-01;9.272628e-03;2.003340e-02;8.982284e-02;4.928819e-02
1.702353e-02;1.507444e-01;1.506740e-01;2.199084e-02;1.652025e-02;1.281605e-02;2.624465e-01;1.498857e-01;8.112508e-03;1.511417e-02;1.554488e-01;3.922319e-02
2.725267e-02;1.073985e-01;1.359524e-01;1.290935e-02;2.934499e-02;1.767265e-02;2.945365e-01;1.010132e-01;1.093132e-02;1.036897e-02;2.204583e-01;3.216120e-02
3.135460e-02;1.042610e-01;8.661968e-02;8.640774e-03;3.073337e-02;2.007110e-02;3.248620e-01;6.230795e-02;1.662565e-02;5.194428e-02;2.428589e-01;1.972062e-02
3.817971e-02;9.936097e-02;4.290278e-02;7.687544e-03;2.870936e-02;4.311943e-02;3.513879e-01;4.375635e-02;3.593491e-02;9.984809e-02;1.997441e-01;9.368863e-03
5.592285e-02;9.983786e-02;2.788791e-02;9.396259e-03;2.443352e-02;6.830482e-02;3.823433e-01;3.672788e-02;5.298418e-02;8.894103e-02;1.477045e-01;5.515879e-03
8.949001e-02;1.079513e-01;3.921600e-02;9.507488e-03;2.836801e-02;9.496188e-02;4.112431e-01;2.357280e-02;3.546795e-02;4.549046e-02;1.103765e-01;4.354599e-03
1.287890e-01;1.031020e-01;4.239829e-02;2.320709e-02;3.457014e-02;1.217643e-01;3.543413e-01;1.569809e-02;2.058983e-02;6.632798e-02;7.529731e-02;1.391473e-02
1.736890e-01;9.287166e-02;3.377569e-02;3.918685e-02;4.890888e-02;1.445615e-01;2.568569e-01;4.490113e-02;2.074905e-02;8.563105e-02;3.750818e-02;2.136002e-02
1.859886e-01;6.706528e-02;1.180685e-02;4.052366e-02;6.333407e-02;1.607409e-01;2.220545e-01;6.480259e-02;4.087360e-02;9.491536e-02;2.569418e-02;2.220048e-02
2.032968e-01;3.246474e-02;3.942999e-02;2.837720e-02;7.564401e-02;1.631227e-01;2.105044e-01;6.062748e-02;4.969773e-02;7.082416e-02;3.951087e-02;2.649985e-02
2.316625e-01;5.708938e-02;4.620196e-02;2.323958e-02;8.896323e-02;1.343124e-01;1.873812e-01;4.376686e-02;4.991832e-02;6.423987e-02;3.888303e-02;3.434170e-02
2.254735e-01;5.631757e-02;4.356948e-02;3.123825e-02;1.106364e-01;1.220276e-01;1.667901e-01;3.590790e-02;8.066922e-02;6.379890e-02;2.170177e-02;4.186936e-02
1.780106e-01;4.080163e-02;8.639657e-02;4.349646e-02;1.476993e-01;1.177585e-01;1.135153e-01;4.679370e-02;9.406975e-02;4.885386e-02;2.558042e-02;5.702386e-02
1.081767e-01;3.622060e-02;1.598642e-01;7.550650e-02;1.447716e-01;8.703728e-02;1.566854e-01;4.412420e-02;5.574384e-02;4.101120e-02;4.220215e-02;4.865637e-02
7.530791e-02;5.664533e-02;2.225166e-01;8.053104e-02;8.361731e-02;8.260629e-02;2.084811e-01;6.027628e-02;2.785024e-02;4.395094e-02;2.064849e-02;3.756844e-02
9.388825e-02;5.447470e-02;2.199751e-01;7.049067e-02;7.082170e-02;7.835237e-02;1.866771e-01;4.928084e-02;3.632704e-02;2.927297e-02;6.649380e-02;4.394545e-02
5.829180e-02;5.962548e-02;1.151253e-01;5.717023e-02;1.253164e-01;1.336461e-01;1.952264e-01;3.675276e-02;3.868811e-02;2.811394e-02;1.134708e-01;3.857275e-02
1.348859e-01;8.249893e-02;1.095538e-01;4.216325e-02;1.167269e-01;1.283651e-01;1.525636e-01;3.108647e-02;2.839207e-02;4.288421e-02;9.714551e-02;3.373421e-02
2.056918e-01;6.247303e-02;1.771868e-01;4.334448e-02;1.044198e-01;9.006855e-02;1.006546e-01;3.041223e-02;4.864557e-02;3.469607e-02;6.448150e-02;3.792561e-02
1.762121e-01;5.498889e-02;1.279203e-01;5.777722e-02;9.227715e-02;7.081871e-02;2.169996e-01;5.542040e-02;4.327153e-02;2.521152e-02;4.651050e-02;3.259205e-02
1.331969e-01;7.390417e-02;1.233742e-01;5.396298e-02;8.527070e-02;8.960187e-02;2.204548e-01;4.991693e-02;5.349160e-02;3.180653e-02;5.362584e-02;3.139339e-02
