7.640051e-02;6.405307e-02;1.207208e-01;7.064074e-02;4.365129e-02;5.893607e-02;1.651320e-01;8.396490e-02;4.580952e-02;1.526859e-01;6.115123e-02;5.685389e-02
6.718045e-02;7.018743e-02;1.051789e-01;4.619670e-02;6.410941e-02;6.192592e-02;1.443128e-01;1.082131e-01;1.130171e-01;1.032688e-01;4.633178e-02;7.007764e-02
1.119158e-01;5.617931e-02;7.400906e-02;3.153295e-02;5.197289e-02;6.086757e-02;3.262602e-01;8.512519e-02;7.538603e-02;5.960533e-02;2.920969e-02;3.793596e-02
8.267619e-02;7.594148e-02;1.205517e-01;2.559248e-02;4.032971e-02;5.023462e-02;3.370815e-01;9.361321e-02;6.769413e-02;3.258166e-02;4.078592e-02;3.291737e-02
4.130254e-02;5.757952e-02;1.313840e-01;8.132918e-02;3.237751e-02;2.850047e-02;2.139906e-01;1.116144e-01;1.976814e-01;5.140293e-02;3.264734e-02;2.019021e-02
1.094710e-02;2.935676e-02;8.358447e-02;1.207453e-01;4.829093e-02;9.654369e-03;1.055740e-01;9.482028e-02;2.806236e-01;1.459534e-01;5.377591e-02;1.667398e-02
6.064368e-03;1.019577e-02;3.352503e-02;9.965742e-02;9.651554e-02;5.169319e-03;3.741017e-02;5.954590e-02;2.431453e-01;3.134089e-01;8.193111e-02;1.343119e-02
3.962422e-03;1.656003e-02;1.131114e-02;3.686960e-02;1.239177e-01;1.051096e-02;1.347720e-02;3.495232e-02;1.611465e-01;4.620009e-01;1.176789e-01;7.612244e-03
4.569163e-03;2.248038e-02;1.461924e-02;2.382666e-02;1.284332e-01;1.021780e-02;1.480973e-02;2.617869e-02;1.033742e-01;5.116282e-01;1.307691e-01;9.093533e-03
1.179021e-02;2.067034e-02;1.672987e-02;3.795434e-02;1.240898e-01;1.691854e-02;5.782924e-02;4.706493e-02;1.306232e-01;4.097224e-01;1.133427e-01;1.326447e-02
2.014092e-02;1.462505e-02;1.996210e-02;6.800789e-02;6.839009e-02;4.079426e-02;1.854689e-01;8.438443e-02;1.992419e-01;2.126921e-01;6.975248e-02;1.653985e-02
2.678551e-02;2.183717e-02;3.802577e-02;6.732708e-02;4.019962e-02;4.956832e-02;2.896054e-01;1.066685e-01;1.436454e-01;1.375617e-01;5.825728e-02;2.051819e-02
1.222349e-02;2.137535e-02;3.447605e-02;2.617947e-02;5.187919e-02;3.760417e-02;2.377134e-01;8.083759e-02;1.560924e-01;2.470453e-01;6.850749e-02;2.606596e-02
1.644724e-02;2.152942e-02;4.147714e-02;4.592060e-02;4.812952e-02;2.016337e-02;1.254272e-01;3.401601e-02;1.249392e-01;3.888041e-01;1.094324e-01;2.371375e-02
3.222608e-02;2.902146e-02;6.495778e-02;4.303688e-02;8.008230e-02;2.517350e-02;9.931948e-02;2.697267e-02;7.336845e-02;3.799983e-01;1.181275e-01;2.771552e-02
1.045794e-01;8.864018e-02;1.259560e-01;3.523894e-02;5.669205e-02;4.420440e-02;1.060810e-01;3.778118e-02;6.916586e-02;1.629126e-01;1.042060e-01;6.454238e-02
2.942768e-01;1.606067e-01;1.027109e-01;4.327935e-02;2.135050e-02;2.884903e-02;4.399314e-02;3.473577e-02;2.823374e-02;4.833164e-02;5.816349e-02;1.354689e-01
4.799097e-01;1.613908e-01;5.299752e-02;2.315364e-02;9.472866e-03;1.043593e-02;1.966676e-02;3.596323e-02;1.955230e-02;2.234101e-02;2.177708e-02;1.433391e-01
6.028829e-01;1.368282e-01;2.496202e-02;9.053659e-03;1.040832e-02;4.328768e-03;1.120009e-02;4.654967e-02;1.257992e-02;1.884278e-02;1.077810e-02;1.115856e-01
5.543219e-01;9.616024e-02;2.702781e-02;9.717179e-03;1.077155e-02;1.018651e-02;1.596989e-02;5.866770e-02;1.336181e-02;5.338249e-02;3.184889e-02;1.185840e-01
3.087116e-01;8.685157e-02;4.409963e-02;1.720299e-02;9.714636e-03;1.635335e-02;3.613985e-02;6.982345e-02;4.915633e-02;1.212299e-01;8.897549e-02;1.517412e-01
1.851937e-01;7.864046e-02;4.321847e-02;2.949083e-02;1.562327e-02;1.781461e-02;6.031480e-02;8.118038e-02;1.120448e-01;1.559650e-01;8.804230e-02;1.324714e-01
3.103828e-01;4.435776e-02;2.704727e-02;4.046221e-02;1.618925e-02;1.548612e-02;7.615428e-02;5.929407e-02;1.727429e-01;9.899323e-02;3.360935e-02;1.052807e-01
2.929314e-01;2.949915e-02;3.455630e-02;3.825388e-02;1.165115e-02;2.340029e-02;1.002121e-01;7.322447e-02;2.006354e-01;6.013136e-02;3.796840e-02;9.753613e-02
2.186310e-01;5.157983e-02;4.015136e-02;2.956387e-02;1.076733e-02;2.799454e-02;8.526263e-02;6.956156e-02;2.019849e-01;1.272245e-01;6.272912e-02;7.454939e-02
9.907700e-02;8.851698e-02;6.707098e-02;2.210412e-02;1.783853e-02;3.073658e-02;6.742463e-02;8.023671e-02;1.743186e-01;1.897302e-01;9.152082e-02;7.142484e-02
2.713983e-01;9.291795e-02;5.405068e-02;1.285067e-02;1.382600e-02;3.301920e-02;4.957316e-02;5.509581e-02;5.628532e-02;8.811773e-02;9.385981e-02;1.790054e-01
3.754521e-01;1.055410e-01;4.132975e-02;1.184876e-02;1.202186e-02;1.760999e-02;3.330648e-02;9.248674e-02;2.519277e-02;4.935884e-02;6.620459e-02;1.696471e-01
4.720794e-01;1.286196e-01;2.338141e-02;1.126879e-02;2.533974e-02;9.275858e-03;1.621865e-02;1.238037e-01;1.329241e-02;3.137185e-02;3.015403e-02;1.151946e-01
5.743638e-01;1.311765e-01;1.182734e-02;1.008779e-02;5.128980e-02;1.700846e-02;9.081541e-03;9.830888e-02;1.169173e-02;1.707412e-02;1.287207e-02;5.521792e-02
6.037776e-01;8.946559e-02;1.458445e-02;1.194169e-02;8.079606e-02;1.448050e-02;1.541331e-02;8.490626e-02;6.984270e-03;1.328493e-02;1.812265e-02;4.624264e-02
5.840787e-01;8.900042e-02;1.238489e-02;1.276463e-02;9.349527e-02;7.147005e-03;1.936192e-02;9.374138e-02;1.654929e-02;1.240948e-02;1.311801e-02;4.594909e-02
5.140944e-01;1.642428e-01;4.306534e-02;1.002308e-02;7.241897e-02;9.539239e-03;2.523432e-02;6.183108e-02;3.058768e-02;2.111900e-02;1.964484e-02;2.819927e-02
4.184738e-01;2.034430e-01;7.977961e-02;1.243736e-02;5.041078e-02;6.504704e-03;4.059863e-02;3.590597e-02;3.615269e-02;3.500462e-02;2.928310e-02;5.200577e-02
3.197635e-01;1.564122e-01;9.351903e-02;2.341668e-02;5.316798e-02;7.512772e-03;8.671968e-02;7.979215e-02;3.026198e-02;4.612549e-02;3.712381e-02;6.618468e-02
3.312395e-01;6.681423e-02;7.438216e-02;2.019178e-02;5.993539e-02;1.544766e-02;1.224584e-01;1.666533e-01;2.901624e-02;3.619413e-02;2.301763e-02;5.464956e-02
3.385073e-01;1.151035e-01;6.604331e-02;2.252728e-02;5.043242e-02;1.774964e-02;1.008724e-01;1.694618e-01;4.539509e-02;1.931771e-02;1.379118e-02;4.079836e-02
3.246896e-01;1.478936e-01;7.289124e-02;1.714059e-02;3.140125e-02;1.645784e-02;6.655252e-02;1.670107e-01;5.026130e-02;3.346027e-02;1.576841e-02;5.647269e-02
3.425775e-01;1.342629e-01;4.072285e-02;1.052380e-02;5.114089e-02;2.074197e-02;4.618976e-02;1.611084e-01;5.153725e-02;3.386771e-02;3.036858e-02;7.695828e-02
3.771755e-01;1.164262e-01;7.262861e-02;3.323602e-02;5.123307e-02;2.524357e-02;5.689152e-02;9.271245e-02;2.307350e-02;2.896455e-02;4.050897e-02;8.190598e-02
3.930405e-01;1.236036e-01;5.727439e-02;3.258407e-02;3.099749e-02;2.137908e-02;3.896484e-02;5.573723e-02;2.179764e-02;3.733750e-02;4.022148e-02;1.470622e-01
4.032166e-01;1.302000e-01;3.937934e-02;2.179743e-02;3.049275e-02;1.636042e-02;2.918431e-02;4.260395e-02;1.627866e-02;3.363752e-02;3.904231e-02;1.978068e-01
3.554163e-01;1.068010e-01;2.646652e-02;2.106535e-02;3.156627e-02;1.347979e-02;5.349250e-02;5.875582e-02;4.200585e-02;5.720995e-02;6.546606e-02;1.682746e-01
1.434244e-01;8.513165e-02;2.315446e-02;2.083380e-02;4.141038e-02;1.075394e-02;9.442757e-02;8.427741e-02;4.555913e-02;1.709269e-01;1.545691e-01;1.255312e-01
7.265002e-02;6.571607e-02;1.811969e-02;1.526249e-02;5.209573e-02;1.173878e-02;6.481750e-02;5.579130e-02;9.695757e-02;3.086603e-01;1.828469e-01;5.534365e-02
3.920020e-02;4.237907e-02;1.153541e-02;5.066003e-03;6.382538e-02;9.185316e-03;3.798503e-02;3.230664e-02;1.212457e-01;4.374650e-01;1.603197e-01;3.948659e-02
2.076154e-02;2.627807e-02;8.161870e-03;8.158320e-03;8.265312e-02;7.250593e-03;2.503836e-02;1.850942e-02;1.224946e-01;5.531963e-01;8.938938e-02;3.810842e-02
1.857423e-02;5.925857e-02;1.192554e-02;7.908240e-03;1.107152e-01;8.422716e-03;2.083420e-02;1.772200e-02;2.555354e-02;6.253457e-01;6.546669e-02;2.827338e-02
4.079613e-02;4.987897e-02;1.627412e-02;2.827916e-02;9.485609e-02;7.338895e-03;1.146078e-02;6.038294e-03;1.951170e-01;4.743574e-01;5.163929e-02;2.396389e-02
1.111676e-01;2.128329e-02;9.638346e-03;5.926356e-02;5.637139e-02;5.474680e-03;8.528308e-03;9.875515e-03;4.422363e-01;2.207146e-01;4.078703e-02;1.465940e-02
1.271258e-01;1.855064e-02;6.039824e-03;6.037000e-02;1.985606e-02;5.194646e-03;9.220692e-03;3.123498e-02;5.679525e-01;1.122071e-01;2.875538e-02;1.349245e-02
7.721552e-02;3.037962e-02;4.189072e-03;3.710507e-02;1.375980e-02;5.047727e-03;1.470528e-02;5.062003e-02;4.743317e-01;2.578844e-01;2.161366e-02;1.314811e-02
6.499944e-02;3.231241e-02;7.705714e-03;1.550984e-02;1.541740e-02;8.298655e-03;3.072000e-02;5.752376e-02;3.937743e-01;3.114527e-01;4.949229e-02;1.279345e-02
5.552820e-02;1.793474e-02;1.328103e-02;1.518186e-02;9.856503e-03;1.008381e-02;6.192090e-02;5.762598e-02;4.376115e-01;2.721691e-01;3.118802e-02;1.761838e-02
6.370040e-02;2.901615e-02;2.528178e-02;1.729508e-02;2.826579e-02;1.455602e-02;9.239000e-02;3.412208e-02;4.466658e-01;2.028664e-01;2.482609e-02;2.101446e-02
1.025027e-01;3.163230e-02;3.286163e-02;1.728558e-02;3.690984e-02;1.286595e-02;7.498753e-02;5.034564e-02;4.306991e-01;1.497248e-01;3.960049e-02;2.058441e-02
7.523187e-02;2.225540e-02;3.147800e-02;2.587450e-02;2.196909e-02;9.478300e-03;3.756200e-02;4.892599e-02;5.028930e-01;1.601732e-01;4.593995e-02;1.821873e-02
4.229935e-02;1.468816e-02;1.889395e-02;1.371788e-02;1.869371e-02;7.906724e-03;3.752501e-02;3.333089e-02;5.036185e-01;2.566211e-01;4.414424e-02;8.560475e-03
6.905463e-02;1.956276e-02;2.885887e-02;1.243218e-02;2.623530e-02;1.696653e-02;9.342670e-02;1.961892e-02;3.977186e-01;2.295304e-01;5.799116e-02;2.860390e-02
1.387040e-01;4.978925e-02;4.365933e-02;7.140064e-03;3.003864e-02;2.089329e-02;1.067775e-01;3.547766e-02;2.333630e-01;1.301052e-01;1.375484e-01;6.650366e-02
1.200122e-01;4.795791e-02;4.710915e-02;1.169845e-02;2.046798e-02;2.513428e-02;4.964562e-02;2.793586e-02;1.830818e-01;1.279941e-01;2.789045e-01;6.005805e-02
5.312749e-02;2.278387e-02;4.785454e-02;1.136039e-02;1.199784e-02;3.705138e-02;2.251505e-02;1.979922e-02;1.267862e-01;1.107416e-01;4.924414e-01;4.354099e-02
2.372844e-02;1.799508e-02;3.872072e-02;9.087253e-03;1.452741e-02;3.003567e-02;5.913946e-03;1.185375e-02;5.025272e-02;1.145761e-01;6.249599e-01;5.834896e-02
2.191243e-02;2.054158e-02;5.696942e-02;1.004461e-02;9.420697e-03;2.230878e-02;6.055838e-03;7.889162e-03;4.852442e-02;1.424895e-01;5.394221e-01;1.144215e-01
2.467359e-02;7.602345e-02;8.662163e-02;1.000284e-02;2.784673e-02;2.011863e-02;7.605142e-03;1.614685e-02;4.432303e-02;1.591055e-01;4.013704e-01;1.261622e-01
2.798667e-02;2.071073e-01;8.041167e-02;7.329246e-03;7.811133e-02;9.652250e-03;7.235895e-03;2.499325e-02;4.732487e-02;2.410998e-01;1.864298e-01;8.231784e-02
2.471613e-02;2.981493e-01;3.383975e-02;1.365481e-02;8.873603e-02;1.450135e-02;1.074425e-02;2.574428e-02;4.497771e-02;2.499003e-01;1.197784e-01;7.525775e-02
2.492550e-02;2.888004e-01;4.391501e-02;1.620096e-02;5.847242e-02;3.287653e-02;6.689408e-03;1.911100e-02;4.171864e-02;2.328135e-01;1.544964e-01;7.998025e-02
1.628681e-02;1.736722e-01;1.004197e-01;1.177429e-02;4.386954e-02;5.247006e-02;7.590613e-03;1.562525e-02;2.312292e-02;2.203902e-01;3.043678e-01;3.041069e-02
1.027013e-02;8.097833e-02;9.786464e-02;1.403388e-02;5.746838e-02;4.615510e-02;9.575278e-03;3.723895e-02;2.930823e-02;2.594279e-01;3.364861e-01;2.119301e-02
1.524298e-02;3.645240e-02;6.950072e-02;2.906770e-02;7.583143e-02;6.535505e-02;1.524941e-02;4.907770e-02;4.693532e-02;2.841526e-01;2.780627e-01;3.507196e-02
1.974704e-02;7.249559e-02;4.727286e-02;3.458505e-02;6.993172e-02;8.853448e-02;2.161115e-02;4.535697e-02;6.037051e-02;2.293849e-01;2.627551e-01;4.795457e-02
1.576944e-02;1.040330e-01;5.152258e-02;2.662090e-02;6.976019e-02;7.850130e-02;2.918992e-02;6.622019e-02;6.385738e-02;1.867502e-01;2.548137e-01;5.296120e-02
1.391771e-02;9.114002e-02;8.336613e-02;2.368229e-02;7.935298e-02;7.856975e-02;2.266973e-02;9.671103e-02;5.511708e-02;2.163375e-01;1.591904e-01;7.994536e-02
1.432938e-02;8.936644e-02;1.080119e-01;1.519677e-02;6.805826e-02;8.357710e-02;1.433302e-02;6.961150e-02;4.843075e-02;2.567018e-01;1.595870e-01;7.279607e-02
1.170326e-02;1.265923e-01;6.602190e-02;1.970754e-02;5.204850e-02;5.961709e-02;1.549475e-02;3.610245e-02;4.439834e-02;2.716236e-01;2.544608e-01;4.222947e-02
2.545672e-02;1.173011e-01;7.149211e-02;3.386597e-02;3.671680e-02;7.821310e-02;2.206082e-02;3.240512e-02;8.223058e-02;2.340963e-01;2.428362e-01;2.332524e-02
4.187945e-02;1.091129e-01;7.094678e-02;5.031832e-02;3.406906e-02;7.472410e-02;4.354537e-02;4.133193e-02;9.476670e-02;1.591818e-01;2.627105e-01;1.741310e-02
3.457011e-02;7.246588e-02;5.125888e-02;6.012489e-02;3.985735e-02;6.649899e-02;8.520770e-02;5.559484e-02;8.632234e-02;1.792618e-01;1.987054e-01;7.013176e-02
7.284910e-02;4.001059e-02;4.180568e-02;5.561509e-02;3.939412e-02;7.011248e-02;1.015569e-01;6.001083e-02;7.042680e-02;1.054384e-01;2.015626e-01;1.412174e-01
1.313163e-01;3.661512e-02;4.260944e-02;9.326492e-02;2.181292e-02;4.671874e-02;7.468133e-02;4.606168e-02;4.053173e-02;6.785876e-02;1.220599e-01;2.764692e-01
1.071179e-01;8.524051e-02;5.457208e-02;8.420298e-02;5.112661e-02;3.330060e-02;2.782056e-02;2.182744e-02;4.799523e-02;9.082146e-02;1.529784e-01;2.429963e-01
5.770976e-02;1.262887e-01;6.002128e-02;4.132900e-02;1.058197e-01;2.455726e-02;1.428567e-02;1.365665e-02;5.525146e-02;1.855698e-01;1.946320e-01;1.208787e-01
4.766397e-02;1.240415e-01;4.394181e-02;3.288030e-02;1.936519e-01;3.020150e-02;1.647992e-02;1.339166e-02;6.481186e-02;2.642350e-01;1.256112e-01;4.308940e-02
4.499736e-02;6.150831e-02;2.909033e-02;6.435195e-02;2.218085e-01;3.713784e-02;2.672505e-02;3.238083e-02;1.802207e-01;1.900770e-01;6.282023e-02;4.888182e-02
4.714631e-02;4.353372e-02;3.171262e-02;9.042729e-02;1.084226e-01;2.356672e-02;5.423394e-02;7.701457e-02;3.395910e-01;7.255618e-02;6.949852e-02;4.229655e-02
4.516483e-02;5.258780e-02;2.394690e-02;1.088554e-01;4.013105e-02;1.627555e-02;7.364117e-02;8.985698e-02;4.056066e-01;9.718949e-02;1.943210e-02;2.731206e-02
3.340133e-02;5.106988e-02;2.072174e-02;1.256974e-01;5.509575e-02;1.321219e-02;4.416006e-02;6.872305e-02;4.129202e-01;1.016537e-01;4.227440e-02;3.107025e-02
2.369956e-02;4.897556e-02;5.406764e-02;1.819846e-01;2.986612e-02;1.859548e-02;3.276337e-02;4.317701e-02;4.140655e-01;6.176361e-02;5.181780e-02;3.922368e-02
1.864533e-02;3.390249e-02;1.740766e-01;1.966847e-01;1.962095e-02;1.586702e-02;2.722515e-02;5.727594e-02;2.684752e-01;1.073527e-01;3.796633e-02;4.290762e-02
1.437484e-02;2.298069e-02;3.000587e-01;1.243498e-01;1.372460e-02;1.374031e-02;3.590495e-02;1.259206e-01;2.214891e-01;6.393808e-02;2.566762e-02;3.785067e-02
1.490643e-02;3.140200e-02;3.318480e-01;5.722249e-02;1.099818e-02;9.714564e-03;6.240281e-02;1.993465e-01;2.045953e-01;2.386349e-02;2.285402e-02;3.084626e-02
1.779443e-02;4.358602e-02;2.954695e-01;5.397273e-02;2.505546e-02;1.127597e-02;1.281798e-01;2.555327e-01;1.034024e-01;2.319830e-02;1.722432e-02;2.530829e-02
1.973924e-02;5.306193e-02;2.070402e-01;6.471922e-02;2.432142e-02;1.533610e-02;2.193309e-01;2.385909e-01;1.028686e-01;1.952937e-02;1.403180e-02;2.143030e-02
1.874963e-02;6.630044e-02;1.092721e-01;7.297231e-02;1.844463e-02;3.522407e-02;2.328422e-01;2.292492e-01;1.421766e-01;2.780775e-02;2.598114e-02;2.097983e-02
2.589353e-02;6.284531e-02;1.023356e-01;1.034302e-01;2.569951e-02;4.562725e-02;1.738769e-01;2.531930e-01;9.973193e-02;5.825889e-02;2.946716e-02;1.964077e-02
3.045333e-02;4.713545e-02;1.018419e-01;9.503216e-02;2.104539e-02;4.716552e-02;1.766259e-01;1.711661e-01;1.673163e-01;7.625248e-02;2.957555e-02;3.638986e-02
1.953328e-02;2.817538e-02;1.485102e-01;8.738400e-02;2.226576e-02;3.830875e-02;1.471982e-01;1.251765e-01;2.365772e-01;5.079196e-02;3.848107e-02;5.759775e-02
1.772519e-02;5.822910e-02;1.723981e-01;8.029154e-02;4.184739e-02;4.092900e-02;1.225934e-01;1.749056e-01;1.536523e-01;5.518273e-02;2.811193e-02;5.413373e-02
1.571730e-02;1.017306e-01;1.407467e-01;6.473560e-02;5.013148e-02;3.926559e-02;1.634534e-01;2.123790e-01;7.140199e-02;5.587487e-02;3.742705e-02;4.713643e-02
1.730050e-02;7.121660e-02;5.301339e-02;6.034432e-02;2.436421e-02;4.299061e-02;1.501682e-01;2.548333e-01;2.335629e-01;2.918259e-02;2.892831e-02;3.409504e-02
2.209786e-02;3.085511e-02;1.285931e-01;3.836196e-02;1.952841e-02;5.354990e-02;6.916936e-02;3.429803e-01;1.802357e-01;6.004556e-02;2.824803e-02;2.633468e-02
1.459676e-02;3.230395e-02;1.362600e-01;5.362012e-02;1.390012e-02;2.988625e-02;1.619920e-01;3.005205e-01;1.275262e-01;7.308891e-02;3.110188e-02;2.520328e-02
1.280256e-02;4.804940e-02;9.381794e-02;7.064534e-02;1.915863e-02;2.276617e-02;2.014109e-01;1.999012e-01;1.932688e-01;6.744034e-02;3.472622e-02;3.601252e-02
3.355955e-02;6.118659e-02;1.992661e-01;5.418997e-02;3.270582e-02;2.729671e-02;1.766193e-01;1.257618e-01;1.030529e-01;8.680894e-02;5.246857e-02;4.708383e-02
7.272736e-02;1.068801e-01;1.606666e-01;1.156234e-01;3.929549e-02;3.551124e-02;1.078626e-01;1.001749e-01;6.170839e-02;7.737799e-02;7.182729e-02;5.034455e-02
5.797771e-02;1.169069e-01;1.123867e-01;1.507650e-01;3.584388e-02;4.425786e-02;7.490264e-02;8.468115e-02;5.434557e-02;7.269707e-02;1.245991e-01;7.063635e-02
1.723107e-01;8.302979e-02;8.544744e-02;7.480858e-02;3.258650e-02;2.441000e-02;5.677960e-02;5.206841e-02;2.400005e-02;4.504570e-02;1.327763e-01;2.167370e-01
2.117970e-01;6.823846e-02;6.933057e-02;2.164496e-02;1.878576e-02;1.218709e-02;2.632242e-02;2.624066e-02;2.007473e-02;2.098896e-02;1.119190e-01;3.924704e-01
1.203805e-01;2.538598e-02;4.027503e-02;1.312080e-02;8.100659e-03;1.028546e-02;1.196937e-02;1.043995e-02;2.372923e-02;1.192731e-02;1.639753e-01;5.604104e-01
6.232312e-02;1.562840e-02;1.123424e-02;1.357487e-02;7.345172e-03;8.481291e-03;3.105637e-02;6.134086e-03;1.565748e-02;1.702517e-02;1.860764e-01;6.254634e-01
5.643239e-02;2.146267e-02;1.782198e-02;1.824096e-02;8.357781e-03;8.070902e-03;6.982341e-02;1.773424e-02;1.818286e-02;1.651787e-02;1.067264e-01;6.406285e-01
6.978005e-02;1.665097e-02;1.945666e-02;2.261109e-02;7.393520e-03;1.128383e-02;1.300301e-01;2.359723e-02;1.305825e-02;1.483248e-02;5.359564e-02;6.177102e-01
5.429061e-02;1.095975e-02;8.053772e-03;2.351354e-02;8.892728e-03;7.603632e-03;1.386398e-01;3.048828e-02;1.067009e-02;2.565837e-02;5.972275e-02;6.215066e-01
2.693683e-02;4.183955e-03;4.184133e-03;3.243798e-02;7.402733e-03;1.210748e-02;9.948409e-02;3.336193e-02;6.859377e-03;2.344377e-02;6.327713e-02;6.863207e-01
3.241345e-02;6.608875e-03;2.492034e-03;4.308759e-02;8.153813e-03;1.517552e-02;6.046807e-02;2.979351e-02;1.387723e-02;1.750572e-02;3.807398e-02;7.323502e-01
4.328924e-02;1.044319e-02;5.047486e-03;4.435023e-02;1.007886e-02;1.070908e-02;3.888433e-02;3.434716e-02;1.326152e-02;1.079163e-02;5.380104e-02;7.249963e-01
4.385079e-02;1.098179e-02;9.816602e-03;3.891976e-02;1.066324e-02;6.122538e-03;7.193821e-02;1.550650e-02;1.129417e-02;1.790720e-02;1.321836e-01;6.308156e-01
6.688892e-02;1.276680e-02;1.183875e-02;4.757569e-02;1.500151e-02;1.318613e-02;9.112364e-02;3.674721e-02;1.193758e-02;3.078371e-02;1.238904e-01;5.382596e-01
2.094082e-01;4.386632e-02;2.752886e-02;3.721226e-02;1.875996e-02;1.647727e-02;7.920209e-02;5.762447e-02;2.068643e-02;2.602021e-02;5.065440e-02;4.125595e-01
2.962870e-01;8.349621e-02;4.187092e-02;3.514495e-02;1.461006e-02;1.006076e-02;3.236671e-02;4.286946e-02;1.352015e-02;3.417554e-02;7.522666e-02;3.203716e-01
3.021076e-01;1.082233e-01;5.856548e-02;3.299735e-02;1.377854e-02;8.107435e-03;5.561050e-02;3.607127e-02;2.275809e-02;4.901816e-02;5.171161e-02;2.610507e-01
2.184061e-01;7.307825e-02;5.832844e-02;4.084525e-02;1.619839e-02;9.256575e-03;1.016274e-01;4.024314e-02;4.334813e-02;6.807642e-02;7.864846e-02;2.519434e-01
1.347779e-01;2.690945e-02;4.014100e-02;2.904651e-02;1.624966e-02;1.617745e-02;1.099407e-01;3.155765e-02;2.988871e-02;4.019811e-02;8.449699e-02;4.406158e-01
9.490193e-02;2.282427e-02;2.731060e-02;1.822593e-02;1.251444e-02;1.637395e-02;8.699417e-02;2.405917e-02;1.931907e-02;3.126640e-02;4.290910e-02;6.033010e-01
6.980410e-02;2.407054e-02;2.421275e-02;1.223265e-02;1.109668e-02;1.411696e-02;5.349062e-02;2.399821e-02;2.790840e-02;2.891058e-02;4.626523e-02;6.638933e-01
5.898815e-02;3.248531e-02;3.953008e-02;2.762432e-02;1.489432e-02;1.189261e-02;6.467482e-02;2.686724e-02;3.614370e-02;3.011088e-02;4.246864e-02;6.143199e-01
9.065297e-02;5.909094e-02;5.321907e-02;3.514473e-02;1.818854e-02;1.616252e-02;8.828061e-02;1.930750e-02;4.585380e-02;6.427343e-02;1.464959e-01;3.633300e-01
7.851810e-02;5.850907e-02;4.459251e-02;2.212582e-02;1.341239e-02;1.510182e-02;5.752268e-02;1.518135e-02;8.130353e-02;1.996207e-01;2.410569e-01;1.730552e-01
5.360281e-02;3.811379e-02;2.084390e-02;1.285433e-02;1.593596e-02;1.051327e-02;2.224504e-02;1.704137e-02;1.950473e-01;3.422435e-01;2.025304e-01;6.902828e-02
5.319579e-02;2.308424e-02;1.198231e-02;1.489692e-02;2.518372e-02;6.424712e-03;1.011356e-02;2.910140e-02;3.671656e-01;3.259200e-01;1.115714e-01;2.136032e-02
6.212859e-02;1.405938e-02;1.232246e-02;2.264266e-02;2.682891e-02;6.502054e-03;1.622913e-02;2.621956e-02;5.217047e-01;1.800780e-01;6.872503e-02;4.255956e-02
6.610139e-02;1.609218e-02;1.129124e-02;1.936693e-02;1.404999e-02;1.144936e-02;3.611467e-02;2.095057e-02;5.281733e-01;1.840865e-01;3.627995e-02;5.604394e-02
4.532052e-02;1.878912e-02;1.926323e-02;1.294588e-02;2.492767e-02;2.167543e-02;8.869251e-02;4.837928e-02;5.288759e-01;7.917761e-02;5.275458e-02;5.919824e-02
3.018746e-02;2.143054e-02;2.197910e-02;9.264553e-03;2.343873e-02;1.632802e-02;8.670224e-02;6.793325e-02;4.342497e-01;1.772564e-01;6.071946e-02;5.051057e-02
3.386226e-02;2.139437e-02;2.653407e-02;7.774775e-03;1.312113e-02;1.080168e-02;4.850751e-02;3.900490e-02;4.046076e-01;2.805461e-01;6.078358e-02;5.306204e-02
4.619946e-02;2.536927e-02;2.739288e-02;1.310047e-02;1.059051e-02;1.015456e-02;1.824817e-02;1.760252e-02;4.149961e-01;3.009332e-01;7.018394e-02;4.522883e-02
4.270931e-02;2.147721e-02;2.487509e-02;1.591769e-02;1.413298e-02;8.845696e-03;2.330930e-02;2.001485e-02;4.911050e-01;2.346845e-01;7.141081e-02;3.151756e-02
3.840621e-02;1.497540e-02;1.550480e-02;1.817515e-02;1.172348e-02;8.530782e-03;2.810474e-02;4.170276e-02;5.757564e-01;1.432005e-01;7.179855e-02;3.212127e-02
4.712122e-02;2.247037e-02;2.037607e-02;2.312637e-02;1.907296e-02;1.118587e-02;3.565948e-02;4.311052e-02;5.337239e-01;1.404100e-01;5.835453e-02;4.538875e-02
7.213672e-02;2.773670e-02;2.228831e-02;2.588548e-02;2.794597e-02;1.119365e-02;7.413054e-02;7.197302e-02;3.627261e-01;1.736995e-01;7.095988e-02;5.932417e-02
6.418365e-02;2.988759e-02;3.450423e-02;2.459698e-02;2.371325e-02;1.687316e-02;1.438276e-01;5.645569e-02;2.989838e-01;1.824724e-01;7.291176e-02;5.158990e-02
5.927410e-02;3.909279e-02;5.121319e-02;1.957156e-02;2.620791e-02;2.603863e-02;2.597131e-01;8.051009e-02;1.367686e-01;1.511966e-01;1.096846e-01;4.072885e-02
3.371973e-02;2.181646e-02;2.232877e-02;1.647673e-02;1.943817e-02;9.655178e-03;1.058480e-01;9.780455e-02;4.288465e-01;1.793942e-01;4.832258e-02;1.634908e-02
3.243298e-02;1.385245e-02;1.484040e-02;1.886171e-02;8.743989e-03;6.324255e-03;1.301371e-01;1.787419e-01;4.228310e-01;1.323713e-01;2.121710e-02;1.964587e-02
2.790710e-02;1.670687e-02;3.936159e-02;2.033461e-02;8.008004e-03;1.473629e-02;2.987324e-01;3.184486e-01;1.747075e-01;4.792573e-02;1.184663e-02;2.128467e-02
1.042534e-02;1.705164e-02;4.545871e-02;9.456912e-03;9.148777e-03;1.871511e-02;3.701500e-01;2.623988e-01;1.896351e-01;3.537681e-02;1.150448e-02;2.067826e-02
1.034034e-02;2.400152e-02;3.228296e-02;8.389764e-03;1.709379e-02;3.562966e-02;4.371868e-01;1.622090e-01;2.074820e-01;3.481989e-02;1.038941e-02;2.017480e-02
2.087078e-02;2.930026e-02;3.208589e-02;9.208311e-03;4.719892e-02;8.078780e-02;5.169852e-01;6.361019e-02;1.145524e-01;4.282624e-02;2.314668e-02;1.942742e-02
2.336730e-02;2.498836e-02;8.208703e-02;1.583580e-02;7.463785e-02;9.006671e-02;3.541399e-01;4.956960e-02;1.715757e-01;8.539418e-02;1.799077e-02;1.034685e-02
2.819081e-02;2.841273e-02;1.887204e-01;3.833341e-02;7.819510e-02;6.756388e-02;1.327697e-01;7.212617e-02;2.607830e-01;7.965626e-02;1.634140e-02;8.907191e-03
2.783898e-02;3.902852e-02;2.816629e-01;4.061641e-02;5.608608e-02;4.312299e-02;1.725217e-01;4.549704e-02;2.025937e-01;5.815673e-02;1.356888e-02;1.930608e-02
2.637081e-02;6.233760e-02;3.391992e-01;3.847157e-02;3.580166e-02;4.380504e-02;2.263360e-01;3.542743e-02;5.116682e-02;6.884000e-02;3.326532e-02;3.897861e-02
1.965823e-02;3.972736e-02;2.498822e-01;5.548677e-02;7.074767e-02;5.984404e-02;1.918460e-01;5.130477e-02;1.130498e-01;5.725965e-02;3.588445e-02;5.530913e-02
5.253006e-02;1.743513e-02;1.552290e-01;5.221517e-02;1.205881e-01;1.264555e-01;1.902651e-01;7.703630e-02;7.763251e-02;3.008065e-02;2.925581e-02;7.127669e-02
1.244810e-01;2.221665e-02;7.055913e-02;2.078892e-02;1.238216e-01;2.580858e-01;2.221114e-01;6.106540e-02;1.557000e-02;1.702955e-02;1.863172e-02;4.563878e-02
1.576543e-01;2.838058e-02;5.099356e-02;1.811730e-02;9.081353e-02;3.412106e-01;2.256281e-01;2.321492e-02;2.508617e-02;1.496239e-02;1.060823e-02;1.333035e-02
1.270653e-01;1.971982e-02;3.196659e-02;2.245654e-02;1.696685e-01;3.973789e-01;1.406750e-01;2.317329e-02;2.092290e-02;1.775545e-02;1.227065e-02;1.694717e-02
6.065606e-02;1.247757e-02;2.919947e-02;3.219460e-02;2.901421e-01;3.407064e-01;9.184855e-02;1.820579e-02;2.061223e-02;1.486325e-02;1.376375e-02;7.533024e-02
3.732008e-02;1.079013e-02;2.433906e-02;2.967311e-02;4.020547e-01;2.705894e-01;6.194268e-02;1.772883e-02;1.753765e-02;8.868450e-03;5.079458e-03;1.140765e-01
1.414554e-02;8.897298e-03;2.435689e-02;4.612542e-02;4.989689e-01;1.982671e-01;2.606863e-02;1.124661e-02;2.136130e-02;3.105788e-03;3.795143e-03;1.436613e-01
2.454598e-02;9.874825e-03;5.117290e-02;8.229945e-02;5.163284e-01;1.010976e-01;2.340669e-02;6.437623e-03;1.604485e-02;1.357179e-02;2.724345e-02;1.279764e-01
3.171580e-02;1.707507e-02;1.253525e-01;1.132681e-01;4.159319e-01;8.974634e-02;2.871124e-02;1.175293e-02;1.097936e-02;3.772631e-02;6.445592e-02;5.328444e-02
4.055245e-02;4.337725e-02;1.927276e-01;7.234166e-02;2.669018e-01;1.013554e-01;3.820934e-02;2.668124e-02;3.149113e-02;5.508051e-02;6.410189e-02;6.717983e-02
5.181261e-02;6.286829e-02;1.891871e-01;7.138223e-02;1.809358e-01;8.759679e-02;3.564449e-02;4.452819e-02;6.350882e-02;2.853025e-02;5.292009e-02;1.310854e-01
4.246932e-02;4.069946e-02;1.492480e-01;6.303068e-02;2.159404e-01;7.806940e-02;4.690521e-02;4.663782e-02;6.968664e-02;4.163962e-02;1.085689e-01;9.710451e-02
2.733598e-02;3.011579e-02;1.472922e-01;7.398783e-02;2.523931e-01;1.268609e-01;5.525964e-02;6.375553e-02;5.061953e-02;2.789715e-02;6.948594e-02;7.499648e-02
2.834295e-02;3.362100e-02;1.320125e-01;1.054235e-01;2.554703e-01;1.233299e-01;4.670320e-02;6.420595e-02;2.493613e-02;3.101357e-02;5.617252e-02;9.876850e-02
2.607277e-02;3.245615e-02;1.378866e-01;1.088400e-01;2.309054e-01;9.033225e-02;5.132312e-02;3.046520e-02;5.818901e-02;7.856876e-02;6.895960e-02;8.600113e-02
4.982864e-02;4.387140e-02;1.260786e-01;7.274269e-02;2.277429e-01;6.442437e-02;7.252382e-02;3.992911e-02;8.921968e-02;9.542662e-02;3.902372e-02;7.918850e-02
4.395472e-02;5.036277e-02;1.085680e-01;4.471282e-02;2.467919e-01;5.686771e-02;6.920625e-02;4.134222e-02;8.187731e-02;6.474710e-02;8.153758e-02;1.100317e-01
3.214860e-02;4.587796e-02;1.329319e-01;9.679729e-02;1.954134e-01;6.185807e-02;6.027791e-02;4.676890e-02;6.401634e-02;4.432425e-02;8.896685e-02;1.306184e-01
5.358854e-02;4.187401e-02;1.362056e-01;9.534246e-02;1.523063e-01;7.776870e-02;7.566609e-02;3.878601e-02;5.909035e-02;7.223741e-02;6.439665e-02;1.327379e-01
7.306514e-02;5.079219e-02;1.265128e-01;8.532237e-02;1.219214e-01;6.872404e-02;9.915052e-02;3.870558e-02;6.691987e-02;9.996041e-02;5.414512e-02;1.147806e-01
1.765664e-01;6.351563e-02;9.435337e-02;7.397009e-02;8.088438e-02;4.036960e-02;1.180630e-01;5.540934e-02;7.855768e-02;7.586344e-02;7.703380e-02;6.541318e-02
3.705722e-01;1.499696e-01;6.183136e-02;3.129625e-02;3.381602e-02;2.150367e-02;6.795006e-02;3.329907e-02;3.072185e-02;4.713821e-02;5.460474e-02;9.729697e-02
4.624893e-01;1.772966e-01;8.266791e-02;1.542256e-02;3.205153e-02;1.416062e-02;3.198183e-02;2.772716e-02;1.729009e-02;2.627988e-02;2.362947e-02;8.900300e-02
4.907284e-01;1.614943e-01;9.430483e-02;2.362459e-02;3.440163e-02;1.318799e-02;1.932979e-02;2.940118e-02;1.749563e-02;1.892342e-02;1.074307e-02;8.636514e-02
4.900340e-01;9.323188e-02;9.138347e-02;3.048842e-02;3.352900e-02;1.570234e-02;2.385239e-02;3.217920e-02;1.557935e-02;2.115887e-02;1.704437e-02;1.358168e-01
3.508185e-01;3.994950e-02;5.451949e-02;7.003554e-02;3.610241e-02;1.411309e-02;5.272287e-02;2.377673e-02;1.034452e-02;2.071670e-02;3.339537e-02;2.935053e-01
1.823488e-01;3.317181e-02;3.608734e-02;1.279501e-01;2.715660e-02;1.950576e-02;6.392034e-02;1.928174e-02;1.193451e-02;1.614381e-02;5.841595e-02;4.040832e-01
1.541693e-01;4.132834e-02;2.952367e-02;1.020253e-01;1.223715e-02;4.268907e-02;4.410721e-02;1.519177e-02;1.923272e-02;2.638232e-02;2.143687e-01;2.987445e-01
8.327404e-02;2.454578e-02;4.082751e-02;5.345771e-02;9.705189e-03;8.797164e-02;2.655063e-02;1.510100e-02;2.934877e-02;8.443940e-02;4.508533e-01;9.392503e-02
2.790141e-02;1.533595e-02;2.971701e-02;1.928915e-02;3.232203e-02;8.626964e-02;1.861338e-02;1.222686e-02;4.383501e-02;2.270181e-01;3.627438e-01;1.247277e-01
1.497510e-02;2.589500e-02;1.956601e-02;1.068262e-02;6.145882e-02;5.158371e-02;2.429242e-02;1.599981e-02;1.182206e-01;3.895510e-01;1.794571e-01;8.831780e-02
1.971292e-02;1.671866e-02;1.323541e-02;2.949427e-02;5.269866e-02;2.253949e-02;4.059574e-02;1.516160e-02;2.978185e-01;2.902382e-01;1.585881e-01;4.319843e-02
2.389544e-02;1.110763e-02;1.205651e-02;6.526967e-02;2.938949e-02;1.318571e-02;4.670290e-02;5.234159e-02;5.256228e-01;1.021223e-01;9.573869e-02;2.256725e-02
1.820179e-02;1.133387e-02;1.478242e-02;7.893585e-02;1.747743e-02;2.289459e-02;3.548369e-02;1.364789e-01;4.960673e-01;1.290948e-01;1.840656e-02;2.084278e-02
1.999952e-02;1.650623e-02;2.828547e-02;9.466825e-02;2.808486e-02;4.168289e-02;8.156424e-02;3.020677e-01;2.124561e-01;7.636921e-02;7.315687e-02;2.515865e-02
2.313024e-02;9.747095e-03;2.379811e-02;5.981859e-02;1.568578e-02;2.816674e-02;8.163854e-02;2.703195e-01;2.295734e-01;1.676793e-01;7.247704e-02;1.796564e-02
2.069773e-02;5.128796e-03;1.888388e-02;3.853780e-02;9.435771e-03;2.359145e-02;7.918651e-02;2.068724e-01;2.648573e-01;2.291374e-01;8.548841e-02;1.818248e-02
3.142093e-02;1.288722e-02;1.851142e-02;2.234836e-02;1.277940e-02;2.774631e-02;7.341314e-02;1.297464e-01;2.481263e-01;2.648699e-01;1.278640e-01;3.028674e-02
3.968120e-02;2.193346e-02;2.701357e-02;2.059924e-02;1.781855e-02;2.868596e-02;9.300236e-02;5.083397e-02;3.760089e-01;1.801074e-01;1.229137e-01;2.140163e-02
2.970955e-02;1.399555e-02;3.602701e-02;2.180862e-02;2.340622e-02;2.804118e-02;7.348457e-02;9.472524e-02;4.807627e-01;1.074468e-01;7.343439e-02;1.715821e-02
1.918438e-02;1.507691e-02;4.735874e-02;4.294183e-02;2.038519e-02;3.766651e-02;7.544229e-02;9.479953e-02;4.089527e-01;1.733413e-01;3.631440e-02;2.853623e-02
3.803322e-02;3.193818e-02;6.257163e-02;6.115123e-02;2.603460e-02;6.039446e-02;9.088773e-02;5.846695e-02;2.486591e-01;1.731892e-01;1.035410e-01;4.513269e-02
2.664191e-02;1.274675e-02;4.058843e-02;3.632023e-02;2.254011e-02;3.414081e-02;3.806190e-02;8.360424e-02;5.448683e-01;7.745278e-02;5.985241e-02;2.318217e-02
2.352167e-02;1.133020e-02;2.514084e-02;3.548901e-02;1.788298e-02;2.485189e-02;3.917125e-02;1.426135e-01;5.286164e-01;8.059930e-02;5.373289e-02;1.704998e-02
2.087115e-02;2.220249e-02;3.003822e-02;4.547916e-02;2.568911e-02;2.833434e-02;5.927040e-02;2.630515e-01;1.943607e-01;2.159991e-01;6.462716e-02;3.007656e-02
1.825164e-02;2.026070e-02;2.289218e-02;3.347333e-02;2.272178e-02;2.494752e-02;6.172075e-02;2.160243e-01;3.731932e-01;1.406747e-01;3.886667e-02;2.697315e-02
2.701755e-02;1.073349e-02;2.093815e-02;3.473319e-02;2.499764e-02;4.219850e-02;5.872098e-02;1.478660e-01;4.206652e-01;1.729811e-01;1.811137e-02;2.103681e-02
6.154873e-02;2.756739e-02;1.480248e-02;3.766896e-02;2.574945e-02;7.813482e-02;7.856195e-02;1.046517e-01;1.038192e-01;3.557049e-01;7.977000e-02;3.202032e-02
5.111804e-02;2.907429e-02;2.026334e-02;3.677300e-02;2.642356e-02;5.748780e-02;6.565437e-02;2.978980e-02;3.127475e-01;2.429466e-01;1.067058e-01;2.101588e-02
3.587347e-02;1.479231e-02;2.784145e-02;3.500708e-02;2.604173e-02;4.123452e-02;7.965141e-02;7.300726e-02;3.177948e-01;1.839686e-01;1.359526e-01;2.883487e-02
3.788514e-02;1.612695e-02;3.513994e-02;2.302826e-02;2.626275e-02;2.624912e-02;7.540543e-02;6.308200e-02;2.537356e-01;2.489732e-01;1.591872e-01;3.492432e-02
5.235298e-02;4.019156e-02;6.497396e-02;5.136759e-02;5.016106e-02;1.836268e-02;9.644001e-02;2.748568e-02;1.830204e-01;2.557414e-01;1.274797e-01;3.242290e-02
6.264462e-02;2.743156e-02;5.597211e-02;5.235328e-02;5.769967e-02;3.522932e-02;1.114551e-01;1.053226e-01;2.342377e-01;1.499051e-01;5.285953e-02;5.488938e-02
6.541812e-02;2.421073e-02;4.541910e-02;3.272299e-02;5.726057e-02;4.037658e-02;1.009051e-01;1.444299e-01;2.438130e-01;1.568598e-01;3.550890e-02;5.307518e-02
6.654436e-02;4.671916e-02;5.192480e-02;3.483415e-02;5.585618e-02;3.540931e-02;8.716568e-02;1.816906e-01;1.447673e-01;2.014604e-01;5.364201e-02;3.998598e-02
