9.021185e-02;1.113202e-01;9.326786e-02;1.103518e-01;4.672506e-02;5.544627e-02;1.304235e-01;1.157593e-01;3.994714e-02;7.635613e-02;3.732042e-02;9.287041e-02
8.127374e-02;7.045224e-02;3.932635e-02;1.623326e-01;3.111658e-02;4.771142e-02;1.635359e-01;1.113088e-01;2.279574e-02;9.150280e-02;2.613581e-02;1.525080e-01
4.951693e-02;4.348103e-02;2.056014e-02;2.111403e-01;1.534034e-02;3.936924e-02;1.830085e-01;8.575150e-02;1.103333e-02;1.169605e-01;2.162983e-02;2.022084e-01
5.358787e-02;5.054310e-02;3.737039e-02;1.734697e-01;1.659628e-02;3.740725e-02;1.748307e-01;7.601454e-02;1.807432e-02;1.143619e-01;2.986926e-02;2.178748e-01
7.832724e-02;6.625581e-02;3.659532e-02;1.082472e-01;1.853733e-02;3.212367e-02;1.969080e-01;8.925185e-02;2.226611e-02;8.334126e-02;3.036166e-02;2.377846e-01
8.203392e-02;6.982809e-02;3.473507e-02;5.992313e-02;2.027371e-02;2.779898e-02;2.503099e-01;9.183623e-02;2.734109e-02;5.386412e-02;3.440134e-02;2.476544e-01
6.842134e-02;9.868141e-02;5.429007e-02;4.726959e-02;2.123236e-02;5.805616e-02;2.660227e-01;1.030111e-01;2.645255e-02;3.622785e-02;4.182579e-02;1.785091e-01
5.406449e-02;1.051375e-01;5.758134e-02;4.337619e-02;2.056975e-02;1.189491e-01;2.570628e-01;9.740474e-02;3.226798e-02;4.748997e-02;4.301820e-02;1.230781e-01
7.333265e-02;8.196815e-02;2.568907e-02;5.928587e-02;2.337490e-02;1.393999e-01;2.473624e-01;8.692573e-02;6.625403e-02;6.067602e-02;3.432893e-02;1.014023e-01
6.614642e-02;9.991380e-02;5.058432e-02;6.265876e-02;3.323039e-02;9.656424e-02;2.390627e-01;9.655108e-02;8.509631e-02;6.251180e-02;2.751938e-02;8.016086e-02
4.642002e-02;1.154311e-01;3.580557e-02;4.654842e-02;3.181753e-02;6.708311e-02;2.451104e-01;1.243785e-01;8.310414e-02;6.610694e-02;3.329944e-02;1.048948e-01
5.244918e-02;1.133430e-01;5.610442e-02;3.541734e-02;2.836658e-02;4.483576e-02;2.355706e-01;9.472497e-02;6.821035e-02;5.763172e-02;6.150565e-02;1.518405e-01
4.628373e-02;1.073320e-01;8.946034e-02;1.948004e-02;1.850358e-02;8.128846e-02;1.984930e-01;6.451236e-02;6.314604e-02;6.200899e-02;1.040713e-01;1.454202e-01
6.179799e-02;6.857266e-02;7.530605e-02;5.715044e-03;1.423168e-02;1.874589e-01;1.334008e-01;5.632380e-02;5.854600e-02;5.438244e-02;1.965677e-01;8.769701e-02
6.403024e-02;4.531474e-02;7.609782e-02;8.684317e-03;9.636781e-03;2.358709e-01;1.101659e-01;4.664723e-02;5.565679e-02;3.754917e-02;2.600293e-01;5.031686e-02
5.433673e-02;3.535307e-02;7.259430e-02;1.566824e-02;1.323741e-02;2.419368e-01;1.304790e-01;2.652014e-02;4.468587e-02;4.445546e-02;2.908939e-01;2.983907e-02
4.417092e-02;3.622507e-02;6.491636e-02;2.499028e-02;2.776754e-02;2.282506e-01;1.109435e-01;1.920630e-02;3.277346e-02;4.519136e-02;3.108685e-01;5.469625e-02
4.222474e-02;4.384128e-02;5.476843e-02;4.101507e-02;5.420307e-02;1.807389e-01;6.999478e-02;5.053642e-02;6.531347e-02;7.224845e-02;2.728739e-01;5.224143e-02
3.995847e-02;5.236965e-02;3.243456e-02;5.305113e-02;8.692462e-02;1.422547e-01;6.813462e-02;1.136610e-01;1.196295e-01;9.779146e-02;1.360484e-01;5.774192e-02
4.573301e-02;8.678658e-02;5.089833e-02;5.878095e-02;6.331365e-02;1.852688e-01;1.078799e-01;1.149557e-01;1.231529e-01;7.701265e-02;4.930358e-02;3.691393e-02
4.931483e-02;1.248464e-01;7.283249e-02;6.294772e-02;2.760771e-02;2.270457e-01;8.024935e-02;6.672682e-02;8.226419e-02;5.485272e-02;1.016613e-01;4.965084e-02
5.667124e-02;1.376105e-01;7.192230e-02;5.072582e-02;1.979786e-02;2.370711e-01;8.054231e-02;4.965620e-02;6.441817e-02;5.470520e-02;1.168053e-01;6.007397e-02
4.530483e-02;1.389955e-01;6.388230e-02;5.266244e-02;3.465763e-02;1.945066e-01;9.456670e-02;6.532182e-02;5.854768e-02;5.126626e-02;1.054626e-01;9.482557e-02
6.075948e-02;1.477939e-01;6.603982e-02;6.863438e-02;3.276778e-02;1.374733e-01;7.171027e-02;5.459801e-02;6.625035e-02;5.816457e-02;1.193738e-01;1.164343e-01
5.071276e-02;1.445415e-01;7.264896e-02;6.948183e-02;2.913300e-02;1.093345e-01;9.926405e-02;5.324115e-02;4.877263e-02;5.644492e-02;1.277456e-01;1.386790e-01
6.265517e-02;1.248128e-01;5.853420e-02;6.402577e-02;2.722986e-02;1.525408e-01;1.095756e-01;3.920115e-02;3.956839e-02;5.018805e-02;1.112816e-01;1.603866e-01
6.904539e-02;1.138215e-01;5.242912e-02;6.796156e-02;4.496120e-02;2.198946e-01;8.534605e-02;4.236276e-02;5.230376e-02;4.796238e-02;6.650370e-02;1.374079e-01
5.458578e-02;1.199362e-01;8.005764e-02;7.731424e-02;5.691271e-02;2.606524e-01;5.087193e-02;5.642448e-02;6.356552e-02;4.851590e-02;4.130288e-02;8.986032e-02
6.210615e-02;1.129696e-01;5.860776e-02;8.199565e-02;4.923971e-02;2.169355e-01;1.006101e-01;7.347676e-02;6.113477e-02;6.321260e-02;6.223467e-02;5.747674e-02
7.437488e-02;1.143107e-01;6.700266e-02;7.812424e-02;2.930449e-02;1.259376e-01;1.557366e-01;8.571763e-02;6.594734e-02;6.617233e-02;8.669617e-02;5.067543e-02
3.029874e-02;1.699198e-01;1.300661e-01;6.261549e-02;3.955628e-02;1.278475e-01;6.809908e-02;8.748815e-02;9.915482e-02;1.016231e-01;2.977652e-02;5.355439e-02
5.090316e-02;1.992386e-01;1.634489e-01;4.703371e-02;4.331198e-02;8.548841e-02;2.618997e-02;7.929616e-02;1.332861e-01;1.076855e-01;3.968763e-02;2.442998e-02
9.160968e-02;1.859079e-01;1.278357e-01;2.760152e-02;6.629690e-02;6.086028e-02;2.113482e-02;1.239816e-01;1.535528e-01;9.231690e-02;2.834134e-02;2.056065e-02
1.790724e-01;1.217768e-01;6.969096e-02;1.552666e-02;1.121499e-01;3.193869e-02;1.598634e-02;2.328578e-01;1.378666e-01;4.566655e-02;2.348939e-02;1.397785e-02
2.544017e-01;3.776614e-02;4.043445e-02;1.577739e-02;1.389073e-01;1.977336e-02;4.863279e-02;3.112961e-01;7.059193e-02;7.003481e-03;2.471610e-02;3.069931e-02
2.418298e-01;1.760866e-02;2.576329e-02;6.273384e-02;1.267599e-01;1.885735e-02;9.725343e-02;2.817332e-01;1.926365e-02;2.395161e-02;2.024334e-02;6.400191e-02
1.363535e-01;1.898590e-02;2.142813e-02;1.373006e-01;7.723700e-02;1.958542e-02;1.903594e-01;1.915176e-01;1.236483e-02;4.039652e-02;1.330259e-02;1.411685e-01
4.647858e-02;2.512800e-02;2.055861e-02;1.764604e-01;3.518266e-02;1.961429e-02;2.855675e-01;1.420197e-01;1.102299e-02;4.348578e-02;1.170108e-02;1.827804e-01
3.241230e-02;2.873996e-02;1.549612e-02;1.728220e-01;1.728637e-02;1.094277e-02;3.485917e-01;1.134936e-01;1.015995e-02;6.297974e-02;9.263836e-03;1.778117e-01
2.968604e-02;3.237692e-02;1.297174e-02;1.416252e-01;8.685173e-03;3.331473e-02;3.854066e-01;8.130586e-02;1.269389e-02;1.112757e-01;1.130173e-02;1.393564e-01
1.974523e-02;3.546497e-02;7.500864e-03;1.182388e-01;4.912847e-03;5.078791e-02;4.160680e-01;5.093845e-02;1.596214e-02;1.613792e-01;2.601638e-02;9.298518e-02
3.472215e-02;3.431626e-02;1.793879e-02;9.143113e-02;1.120382e-02;7.226868e-02;4.199502e-01;6.404268e-02;1.342662e-02;1.709628e-01;3.248247e-02;3.725436e-02
8.492566e-02;5.753538e-02;2.848375e-02;6.927890e-02;1.757805e-02;7.897218e-02;3.847477e-01;6.023530e-02;1.247830e-02;1.282879e-01;2.461558e-02;5.286119e-02
1.258421e-01;5.215840e-02;2.573386e-02;8.841662e-02;2.229086e-02;1.110468e-01;3.562342e-01;2.023252e-02;2.113393e-02;7.797377e-02;1.970365e-02;7.923333e-02
9.758458e-02;7.154475e-02;2.990207e-02;9.016512e-02;2.951272e-02;1.255959e-01;2.658992e-01;8.717704e-02;2.369019e-02;4.849260e-02;1.870201e-02;1.117337e-01
6.253681e-02;1.124524e-01;6.325367e-02;7.428883e-02;3.979575e-02;1.232673e-01;2.004066e-01;8.712555e-02;3.304629e-02;5.884306e-02;2.055205e-02;1.244316e-01
6.899188e-02;1.613719e-01;9.179089e-02;4.866195e-02;4.001085e-02;9.427191e-02;1.587145e-01;6.369228e-02;4.197070e-02;7.711535e-02;3.317663e-02;1.202311e-01
8.490073e-02;1.162633e-01;7.681419e-02;3.746438e-02;2.543768e-02;8.285965e-02;1.989695e-01;1.101121e-01;5.988041e-02;9.036808e-02;2.683912e-02;9.009081e-02
8.332405e-02;6.560121e-02;5.444423e-02;3.974498e-02;5.341494e-02;5.461507e-02;2.904622e-01;1.338895e-01;6.201188e-02;8.291963e-02;2.318157e-02;5.639073e-02
1.056691e-01;9.318209e-02;4.736781e-02;2.923648e-02;4.680043e-02;2.408824e-02;3.306679e-01;1.608226e-01;3.390113e-02;5.331763e-02;1.713307e-02;5.781358e-02
8.715029e-02;9.529623e-02;3.338848e-02;4.785357e-02;2.641636e-02;4.364444e-02;3.429615e-01;1.550465e-01;2.610965e-02;4.920769e-02;1.144223e-02;8.148303e-02
7.074425e-02;1.064718e-01;4.377697e-02;5.489559e-02;3.209530e-02;8.668667e-02;3.318635e-01;6.547485e-02;3.185427e-02;6.242689e-02;2.145559e-02;9.225435e-02
1.104372e-01;1.078330e-01;5.965829e-02;4.346558e-02;4.887413e-02;8.164601e-02;2.170312e-01;1.125774e-01;4.450731e-02;7.326196e-02;2.592110e-02;7.478691e-02
1.381732e-01;1.194859e-01;6.916951e-02;3.747033e-02;7.530360e-02;7.752910e-02;1.746977e-01;8.986371e-02;4.354851e-02;8.025944e-02;3.567787e-02;5.882113e-02
1.156356e-01;1.413263e-01;7.251563e-02;4.924695e-02;9.979808e-02;7.661822e-02;1.762494e-01;1.071070e-01;3.752343e-02;6.680488e-02;2.757746e-02;2.959696e-02
1.036299e-01;1.207980e-01;7.880302e-02;7.783238e-02;1.054533e-01;9.426922e-02;1.278481e-01;1.327861e-01;5.794368e-02;4.918699e-02;1.690638e-02;3.454293e-02
1.004348e-01;8.911631e-02;3.942065e-02;9.114129e-02;8.317139e-02;1.008628e-01;1.917905e-01;1.361438e-01;6.435601e-02;3.329922e-02;1.097807e-02;5.928508e-02
8.698825e-02;9.015973e-02;3.766868e-02;7.892211e-02;4.735373e-02;1.042132e-01;2.307138e-01;1.221881e-01;4.123624e-02;5.083953e-02;1.846413e-02;9.125243e-02
1.092173e-01;8.097828e-02;6.515839e-02;5.842658e-02;4.681272e-02;1.212931e-01;1.990978e-01;9.503874e-02;3.062054e-02;5.716266e-02;1.333199e-02;1.228619e-01
1.147393e-01;9.122337e-02;9.769300e-02;5.252400e-02;6.259057e-02;1.076418e-01;1.308388e-01;7.093817e-02;4.564628e-02;5.266539e-02;1.567678e-02;1.578225e-01
9.659686e-02;1.337841e-01;6.443320e-02;6.338850e-02;6.507772e-02;6.643768e-02;1.046597e-01;1.149210e-01;5.932225e-02;5.663521e-02;1.455853e-02;1.601852e-01
1.091718e-01;1.513620e-01;5.085764e-02;7.586403e-02;4.841493e-02;5.825281e-02;1.155343e-01;1.405972e-01;3.611530e-02;6.979857e-02;2.319528e-02;1.208362e-01
1.807746e-01;1.403775e-01;6.403854e-02;7.354411e-02;4.084763e-02;6.812358e-02;1.032152e-01;1.152822e-01;2.522275e-02;8.254628e-02;2.685341e-02;7.917423e-02
2.030575e-01;1.399005e-01;9.413961e-02;7.555267e-02;3.577529e-02;6.509019e-02;5.057551e-02;1.001491e-01;3.481871e-02;8.366007e-02;2.128643e-02;9.599444e-02
1.601150e-01;1.533004e-01;1.072808e-01;7.009501e-02;5.016832e-02;5.085358e-02;1.214239e-01;9.130388e-02;4.584860e-02;5.260343e-02;9.814559e-03;8.719258e-02
9.978335e-02;1.531963e-01;7.668876e-02;6.593399e-02;6.294942e-02;4.416082e-02;1.631089e-01;1.046470e-01;4.526868e-02;3.768370e-02;3.120535e-02;1.153737e-01
7.201634e-02;1.683157e-01;1.101637e-01;4.484391e-02;5.860624e-02;5.747135e-02;1.799612e-01;8.879374e-02;4.252491e-02;3.256838e-02;3.012337e-02;1.146111e-01
8.441189e-02;1.182601e-01;8.770218e-02;4.927655e-02;7.461721e-02;9.736921e-02;1.437564e-01;1.229862e-01;8.625858e-02;5.833467e-02;3.338706e-02;4.364005e-02
9.797034e-02;5.504389e-02;6.265913e-02;5.179438e-02;9.996795e-02;1.271605e-01;1.081549e-01;1.129565e-01;1.119434e-01;8.122583e-02;4.403155e-02;4.709166e-02
8.537145e-02;4.045549e-02;7.483902e-02;4.980046e-02;1.114422e-01;1.792928e-01;1.273994e-01;9.259058e-02;8.139680e-02;7.318610e-02;4.067729e-02;4.354846e-02
3.719704e-02;6.975688e-02;1.095043e-01;6.473365e-02;1.307434e-01;2.472718e-01;1.004725e-01;9.233064e-02;3.605154e-02;3.302011e-02;3.367099e-02;4.524722e-02
1.938216e-02;6.745634e-02;8.291136e-02;1.240293e-01;1.495722e-01;2.436614e-01;6.640592e-02;6.510142e-02;2.635796e-02;2.615040e-02;6.304660e-02;6.592491e-02
3.303687e-02;4.258178e-02;1.068915e-01;1.575942e-01;1.400877e-01;1.616880e-01;5.883564e-02;4.048286e-02;2.557340e-02;7.416558e-02;1.121993e-01;4.686312e-02
3.480716e-02;5.755870e-02;1.741943e-01;1.197809e-01;1.225904e-01;6.173612e-02;6.626909e-02;2.797846e-02;3.247984e-02;1.788307e-01;1.005851e-01;2.318929e-02
2.742238e-02;6.512132e-02;1.922976e-01;5.507576e-02;1.028981e-01;4.465956e-02;6.468297e-02;3.338368e-02;7.306673e-02;2.838499e-01;3.752655e-02;2.001547e-02
1.232838e-02;9.585451e-02;1.542932e-01;5.694040e-02;5.945767e-02;7.905161e-02;4.187572e-02;4.062146e-02;1.493752e-01;2.673737e-01;1.182705e-02;3.100106e-02
8.869275e-03;1.436518e-01;1.045765e-01;1.053987e-01;2.501388e-02;1.427921e-01;3.019336e-02;3.737340e-02;2.235102e-01;1.333680e-01;1.344991e-02;3.180288e-02
9.095774e-03;1.572873e-01;7.494213e-02;1.709082e-01;1.836617e-02;1.734453e-01;2.106883e-02;2.163180e-02;2.655450e-01;5.822134e-02;7.552785e-03;2.193533e-02
1.016199e-02;1.577207e-01;6.768510e-02;2.178543e-01;1.800935e-02;1.484521e-01;1.423772e-02;4.100578e-02;2.547470e-01;4.059601e-02;1.446819e-02;1.506165e-02
1.143551e-02;1.854983e-01;9.744872e-02;2.269692e-01;1.975892e-02;1.333004e-01;7.930000e-03;3.732447e-02;2.317487e-01;1.578943e-02;1.941849e-02;1.337792e-02
1.511361e-02;2.103277e-01;1.019893e-01;2.094561e-01;2.195222e-02;1.360861e-01;1.307122e-02;1.996247e-02;2.140780e-01;2.891151e-02;1.978039e-02;9.271540e-03
2.693798e-02;2.203915e-01;7.695251e-02;1.920068e-01;2.589073e-02;1.353752e-01;2.220334e-02;1.492134e-02;2.067395e-01;4.148835e-02;2.618841e-02;1.090444e-02
5.770616e-02;2.230481e-01;5.040868e-02;1.389899e-01;3.641135e-02;1.024742e-01;5.443192e-02;6.808850e-02;1.417928e-01;6.918800e-02;4.339573e-02;1.406477e-02
1.059556e-01;2.164679e-01;7.957006e-02;8.264381e-02;5.129102e-02;1.122952e-01;5.436659e-02;1.240549e-01;4.312940e-02;4.651343e-02;5.034912e-02;3.336297e-02
1.121614e-01;1.555550e-01;9.695396e-02;5.684554e-02;6.935525e-02;1.063334e-01;8.271357e-02;9.331498e-02;8.602986e-02;3.829069e-02;4.948870e-02;5.295778e-02
6.707964e-02;1.168809e-01;7.260364e-02;8.237497e-02;1.143131e-01;6.723727e-02;9.435474e-02;5.201486e-02;1.729504e-01;5.688862e-02;4.086558e-02;6.243635e-02
2.606343e-02;1.563978e-01;1.045329e-01;8.410117e-02;9.566911e-02;8.926170e-02;6.922155e-02;4.464148e-02;1.854018e-01;5.823885e-02;3.506705e-02;5.140312e-02
3.796843e-02;1.833139e-01;1.275831e-01;8.484127e-02;6.205276e-02;8.761081e-02;6.825799e-02;1.490895e-02;1.739385e-01;1.061289e-01;2.055006e-02;3.284540e-02
3.471582e-02;1.922816e-01;1.264551e-01;8.658850e-02;5.507655e-02;8.549712e-02;6.169896e-02;2.569878e-02;1.710394e-01;1.018493e-01;3.402678e-02;2.507216e-02
3.144748e-02;1.490173e-01;1.150051e-01;8.134738e-02;5.133676e-02;8.725586e-02;4.538084e-02;3.133697e-02;1.696311e-01;1.455054e-01;5.528085e-02;3.745507e-02
3.892566e-02;6.296626e-02;9.409688e-02;8.289236e-02;2.602194e-02;1.454145e-01;5.383978e-02;7.893796e-02;1.198288e-01;2.387614e-01;2.277656e-02;3.553787e-02
3.898473e-02;1.051317e-01;1.185941e-01;8.328206e-02;5.674529e-02;1.079281e-01;2.278648e-02;1.248883e-01;1.110874e-01;1.695712e-01;3.057538e-02;3.042540e-02
3.234369e-02;1.114537e-01;1.269794e-01;8.173560e-02;6.600313e-02;6.502713e-02;4.316898e-02;1.309072e-01;1.775235e-01;1.106507e-01;1.609869e-02;3.810826e-02
2.121754e-02;1.257001e-01;8.536603e-02;8.800112e-02;6.102739e-02;1.110169e-01;3.453857e-02;9.370410e-02;1.906889e-01;1.019708e-01;5.198044e-02;3.478815e-02
4.867901e-02;1.405658e-01;8.143201e-02;8.418161e-02;5.275265e-02;1.235865e-01;4.518712e-02;6.397527e-02;1.379991e-01;1.136628e-01;7.719139e-02;3.078673e-02
9.722212e-02;2.062057e-01;1.265093e-01;8.479579e-02;4.264984e-02;8.890782e-02;4.417501e-02;7.829329e-02;5.845986e-02;7.744659e-02;5.417908e-02;4.115566e-02
1.037259e-01;2.319372e-01;8.990841e-02;9.499850e-02;4.022333e-02;4.454871e-02;9.703939e-02;7.056038e-02;5.416206e-02;5.497424e-02;2.135389e-02;9.656801e-02
6.002949e-02;1.439861e-01;1.140939e-01;8.420669e-02;5.235739e-02;4.095511e-02;1.474149e-01;6.099267e-02;7.799403e-02;7.580718e-02;1.563099e-02;1.265316e-01
3.462280e-02;9.354201e-02;1.217397e-01;6.695326e-02;5.503609e-02;9.307712e-02;1.709348e-01;3.999307e-02;9.885781e-02;7.016916e-02;4.408941e-02;1.109849e-01
3.350798e-02;9.146211e-02;1.258809e-01;3.617522e-02;2.626297e-02;1.788265e-01;1.449044e-01;4.040161e-02;1.285686e-01;5.273378e-02;7.024633e-02;7.102963e-02
1.614919e-02;6.536105e-02;1.429601e-01;4.418956e-02;1.856332e-02;2.260462e-01;1.034331e-01;2.941280e-02;1.633626e-01;3.868974e-02;1.072138e-01;4.461867e-02
1.994638e-02;1.108811e-01;1.074090e-01;3.778525e-02;2.307962e-02;2.190297e-01;5.496403e-02;4.095043e-02;1.411109e-01;9.693274e-02;1.217958e-01;2.611501e-02
2.715062e-02;1.242916e-01;1.007275e-01;3.691802e-02;3.190645e-02;2.075907e-01;5.109823e-02;6.973138e-02;1.067564e-01;1.124164e-01;1.099755e-01;2.143728e-02
3.901687e-02;1.475591e-01;1.334542e-01;5.192127e-02;3.682459e-02;1.415841e-01;6.923264e-02;9.619760e-02;8.210994e-02;1.016758e-01;6.846249e-02;3.196140e-02
4.816608e-02;1.185942e-01;1.472497e-01;4.542095e-02;3.864544e-02;1.359718e-01;3.732649e-02;1.072849e-01;1.406806e-01;6.939222e-02;6.821126e-02;4.305644e-02
3.673501e-02;9.747024e-02;1.326281e-01;3.245750e-02;4.962610e-02;1.852206e-01;6.922960e-02;9.589589e-02;1.372218e-01;5.806743e-02;5.947330e-02;4.597443e-02
3.943929e-02;1.428206e-01;1.374690e-01;7.365529e-02;6.248681e-02;1.758183e-01;5.706670e-02;8.297355e-02;1.122938e-01;4.122457e-02;3.329471e-02;4.145741e-02
4.047362e-02;1.654914e-01;1.437167e-01;8.820692e-02;7.987414e-02;1.684935e-01;3.469307e-02;4.697827e-02;1.262598e-01;3.481489e-02;3.255880e-02;3.843893e-02
4.191031e-02;1.968222e-01;1.761888e-01;4.648586e-02;6.470694e-02;1.320806e-01;4.482434e-02;5.254191e-02;1.434004e-01;6.030312e-02;9.598323e-03;3.113709e-02
4.858837e-02;1.751248e-01;1.739312e-01;3.314156e-02;4.510225e-02;9.909490e-02;6.227623e-02;4.821319e-02;1.598639e-01;6.834742e-02;4.540629e-02;4.090998e-02
4.145490e-02;1.671226e-01;1.710883e-01;5.158077e-02;1.721489e-02;1.415137e-01;5.934070e-02;4.934895e-02;1.691722e-01;2.726469e-02;7.202628e-02;3.287204e-02
3.244793e-02;2.139343e-01;1.645212e-01;4.497601e-02;2.099622e-02;1.320897e-01;2.312009e-02;5.377037e-02;1.421614e-01;9.744579e-02;5.358724e-02;2.094972e-02
5.433668e-02;1.557813e-01;1.481759e-01;7.292708e-02;2.772341e-02;1.292535e-01;4.003114e-02;6.430178e-02;1.139016e-01;1.228659e-01;3.881668e-02;3.188511e-02
6.244328e-02;1.389402e-01;1.442237e-01;1.030534e-01;4.232806e-02;1.193657e-01;3.617925e-02;7.777787e-02;8.216675e-02;1.130797e-01;4.462757e-02;3.581452e-02
3.830723e-02;9.359005e-02;1.210658e-01;7.183152e-02;6.382269e-02;1.856471e-01;7.520420e-02;7.489447e-02;8.338688e-02;6.560645e-02;8.635933e-02;4.028435e-02
1.876220e-02;9.566099e-02;1.174986e-01;3.946250e-02;9.658987e-02;2.208207e-01;9.455455e-02;5.787263e-02;7.239816e-02;5.635821e-02;9.055449e-02;3.946707e-02
2.288774e-02;1.297391e-01;9.737852e-02;4.485274e-02;1.639067e-01;1.781034e-01;5.366857e-02;4.202010e-02;5.777219e-02;1.234184e-01;6.253324e-02;2.371925e-02
2.260931e-02;1.282837e-01;6.249465e-02;7.944029e-02;2.275864e-01;1.107582e-01;2.196237e-02;4.808322e-02;9.953067e-02;1.621112e-01;2.494885e-02;1.219122e-02
1.663980e-02;8.490318e-02;4.489652e-02;1.480725e-01;2.338393e-01;8.826061e-02;3.130475e-02;3.809286e-02;1.518531e-01;1.464485e-01;9.863436e-03;5.825541e-03
3.540891e-02;5.378544e-02;2.082485e-02;2.420257e-01;1.895112e-01;5.695600e-02;3.853875e-02;5.403399e-02;1.988063e-01;8.459260e-02;1.657333e-02;8.943006e-03
4.565477e-02;5.662077e-02;9.868127e-02;2.546581e-01;1.025719e-01;7.490191e-02;2.801079e-02;7.299294e-02;1.845560e-01;4.053022e-02;2.099737e-02;1.982398e-02
3.742767e-02;3.897190e-02;1.105506e-01;2.396842e-01;7.521804e-02;8.506270e-02;2.508469e-02;1.113655e-01;1.638652e-01;4.160764e-02;2.378751e-02;4.737437e-02
2.281023e-02;3.630299e-02;1.601025e-01;2.067747e-01;3.698609e-02;8.075979e-02;1.675058e-02;1.552450e-01;1.447147e-01;3.761135e-02;2.793688e-02;7.400522e-02
1.440222e-02;4.377000e-02;1.878502e-01;1.684738e-01;3.933536e-02;4.599786e-02;3.808099e-02;2.048587e-01;1.355653e-01;3.827676e-02;2.288290e-02;6.050595e-02
2.849722e-02;4.117920e-02;2.154466e-01;1.795739e-01;3.089814e-02;5.827541e-02;2.969465e-02;2.236457e-01;1.282982e-01;3.986822e-02;7.157724e-03;1.746506e-02
4.089847e-02;5.378327e-02;1.861275e-01;1.672708e-01;6.239151e-02;9.595752e-02;2.744093e-02;1.474150e-01;1.423431e-01;4.673282e-02;1.351289e-02;1.612632e-02
4.631675e-02;9.208108e-02;1.633756e-01;1.501765e-01;5.845413e-02;1.383112e-01;1.968189e-02;1.152206e-01;1.500377e-01;4.169869e-02;7.921530e-03;1.672437e-02
4.719403e-02;9.433178e-02;1.435970e-01;1.257906e-01;4.952855e-02;1.489325e-01;4.878929e-02;1.261979e-01;1.566469e-01;2.334539e-02;1.779931e-02;1.784685e-02
4.421489e-02;1.170372e-01;9.355506e-02;1.074050e-01;8.744494e-02;1.086246e-01;3.412744e-02;1.606235e-01;1.721995e-01;3.616643e-02;2.368189e-02;1.491955e-02
3.220883e-02;1.579908e-01;1.125737e-01;9.284800e-02;7.143232e-02;1.079724e-01;5.060595e-02;1.398860e-01;1.443280e-01;6.682238e-02;1.241109e-02;1.092055e-02
2.950921e-02;1.020699e-01;8.523804e-02;1.061319e-01;1.450731e-01;1.538405e-01;4.110196e-02;9.836909e-02;1.229645e-01;9.310216e-02;1.215988e-02;1.043967e-02
2.098651e-02;3.453682e-02;6.532501e-02;1.316396e-01;2.048228e-01;1.335237e-01;4.452157e-02;6.530552e-02;1.677617e-01;9.406660e-02;1.583316e-02;2.167691e-02
2.105762e-02;5.761658e-02;6.277607e-02;1.579806e-01;1.900565e-01;8.009414e-02;5.480743e-02;8.957579e-02;1.967025e-01;3.718631e-02;2.054681e-02;3.159970e-02
