5.282779e-02;2.505145e-02;3.370229e-01;3.918033e-02;7.666297e-02;5.028493e-02;1.700322e-01;3.109603e-02;4.762889e-02;7.093848e-02;5.942057e-02;3.985345e-02
5.849063e-02;3.603338e-02;2.999388e-01;4.075239e-02;7.221908e-02;5.102424e-02;1.567863e-01;4.058088e-02;6.228146e-02;7.094278e-02;6.202175e-02;4.892829e-02
6.791448e-02;5.694384e-02;1.839971e-01;6.371416e-02;7.072544e-02;6.466979e-02;7.891523e-02;4.309788e-02;1.048577e-01;1.003619e-01;8.405675e-02;8.074579e-02
7.460131e-02;8.434691e-02;1.102720e-01;8.376969e-02;7.366759e-02;4.723212e-02;4.486559e-02;5.267898e-02;1.246924e-01;1.031795e-01;7.286587e-02;1.278281e-01
8.529997e-02;9.790473e-02;8.195370e-02;6.769993e-02;8.102515e-02;5.340670e-02;6.152264e-02;4.492870e-02;1.107582e-01;9.702356e-02;9.017789e-02;1.282988e-01
8.671967e-02;5.808830e-02;1.179650e-01;6.548608e-02;7.989054e-02;8.200404e-02;6.953077e-02;4.114249e-02;8.270459e-02;1.341791e-01;1.015581e-01;8.073140e-02
9.943503e-02;5.209713e-02;1.237095e-01;6.599057e-02;9.668560e-02;7.505564e-02;1.374183e-01;4.477959e-02;5.567121e-02;1.134929e-01;7.241435e-02;6.325016e-02
1.117849e-01;7.338089e-02;1.021116e-01;4.543699e-02;9.981146e-02;8.480017e-02;1.503675e-01;3.639877e-02;4.997286e-02;9.246530e-02;7.924987e-02;7.421968e-02
1.088293e-01;6.803407e-02;1.036791e-01;4.876258e-02;7.298265e-02;8.746531e-02;1.445341e-01;3.252272e-02;6.816484e-02;1.081452e-01;9.190816e-02;6.497201e-02
7.540665e-02;9.939396e-02;8.635730e-02;6.122329e-02;3.583197e-02;9.223908e-02;1.324015e-01;5.779086e-02;8.944326e-02;9.696518e-02;1.043401e-01;6.860681e-02
9.046631e-02;9.023188e-02;1.171008e-01;5.822964e-02;4.415894e-02;7.442893e-02;1.132386e-01;5.941700e-02;8.930878e-02;8.708356e-02;9.427332e-02;8.206219e-02
8.106786e-02;6.378508e-02;1.354844e-01;3.816255e-02;5.735121e-02;7.396508e-02;5.634000e-02;6.203071e-02;1.359178e-01;1.079399e-01;8.843797e-02;9.951741e-02
7.218555e-02;1.043842e-01;1.299746e-01;3.401715e-02;4.794234e-02;8.361766e-02;8.381144e-02;7.098739e-02;1.263797e-01;9.789037e-02;5.193668e-02;9.687295e-02
7.961481e-02;1.109520e-01;1.023020e-01;4.962849e-02;7.148753e-02;9.714060e-02;9.769525e-02;7.013757e-02;9.465533e-02;1.351964e-01;4.241974e-02;4.877021e-02
7.643501e-02;7.244936e-02;1.238446e-01;6.839971e-02;1.021455e-01;1.044048e-01;1.095668e-01;8.326371e-02;6.502576e-02;1.129195e-01;5.106371e-02;3.048159e-02
8.491288e-02;4.618774e-02;1.487715e-01;5.519146e-02;8.818658e-02;7.481849e-02;1.222695e-01;8.026814e-02;9.181078e-02;6.636047e-02;9.059125e-02;5.063114e-02
8.218328e-02;3.982189e-02;1.377807e-01;5.274048e-02;8.423652e-02;6.158124e-02;1.231682e-01;6.670950e-02;1.017267e-01;3.850967e-02;1.107766e-01;1.007654e-01
1.024799e-01;4.809888e-02;1.758114e-01;5.463674e-02;7.123147e-02;4.986682e-02;7.535235e-02;6.450422e-02;7.609858e-02;5.580840e-02;1.259141e-01;1.001972e-01
1.009954e-01;5.416480e-02;2.266285e-01;6.225117e-02;4.997544e-02;3.558676e-02;7.089793e-02;5.566627e-02;5.110825e-02;8.215252e-02;1.456491e-01;6.492393e-02
5.328929e-02;6.290161e-02;2.540962e-01;8.407467e-02;5.094341e-02;4.210413e-02;6.456434e-02;5.244955e-02;3.817569e-02;8.321875e-02;1.893594e-01;2.482287e-02
4.295105e-02;7.205097e-02;2.106412e-01;1.009301e-01;6.430358e-02;4.325081e-02;5.363587e-02;5.731662e-02;3.101231e-02;5.574507e-02;2.137504e-01;5.441204e-02
3.014139e-02;7.467905e-02;2.027398e-01;1.052608e-01;7.281557e-02;4.150422e-02;5.661529e-02;8.240539e-02;2.950651e-02;3.583165e-02;1.956776e-01;7.282275e-02
2.715597e-02;8.590289e-02;2.163697e-01;1.053144e-01;7.092727e-02;4.935210e-02;5.653118e-02;9.468573e-02;3.514160e-02;3.956334e-02;1.611893e-01;5.786651e-02
4.044167e-02;8.536120e-02;2.573160e-01;1.015936e-01;6.713426e-02;5.419217e-02;4.707161e-02;8.280715e-02;3.690810e-02;6.341774e-02;1.216631e-01;4.209344e-02
4.754968e-02;4.591517e-02;2.999940e-01;1.254301e-01;6.556467e-02;5.136840e-02;7.101118e-02;5.702840e-02;3.013338e-02;8.758375e-02;8.685932e-02;3.156193e-02
4.709571e-02;4.198252e-02;2.685507e-01;8.943016e-02;9.558271e-02;4.941974e-02;8.617263e-02;5.141443e-02;4.157297e-02;9.860327e-02;8.737861e-02;4.279656e-02
3.717015e-02;7.050418e-02;2.133755e-01;7.736464e-02;1.193231e-01;3.878721e-02;1.052873e-01;5.071190e-02;5.491886e-02;9.773430e-02;7.760480e-02;5.721807e-02
3.189493e-02;8.421458e-02;2.505607e-01;8.492090e-02;9.338421e-02;3.981067e-02;9.000054e-02;5.002257e-02;8.285367e-02;8.527521e-02;7.567128e-02;3.139066e-02
2.570407e-02;6.264465e-02;3.003761e-01;5.999944e-02;7.450309e-02;4.744531e-02;5.783817e-02;7.875942e-02;1.298044e-01;9.263884e-02;5.772042e-02;1.256615e-02
2.115408e-02;3.904665e-02;2.725896e-01;3.720112e-02;6.360525e-02;6.032695e-02;7.362049e-02;1.535495e-01;1.490293e-01;8.681814e-02;2.319013e-02;1.986872e-02
2.422218e-02;2.730619e-02;2.256833e-01;4.577282e-02;7.137898e-02;4.396446e-02;1.280285e-01;1.705254e-01;1.094622e-01;9.739578e-02;2.968370e-02;2.657641e-02
3.190980e-02;2.640194e-02;2.277629e-01;5.251823e-02;7.826028e-02;4.886573e-02;1.508597e-01;1.509379e-01;6.568091e-02;1.020068e-01;3.859755e-02;2.619829e-02
3.911427e-02;2.587354e-02;3.009076e-01;6.050403e-02;7.467286e-02;5.435599e-02;1.201102e-01;1.161823e-01;5.703782e-02;9.224963e-02;3.854406e-02;2.044765e-02
3.811857e-02;2.629196e-02;4.472436e-01;6.385208e-02;6.749785e-02;3.837307e-02;8.722665e-02;7.206593e-02;4.016809e-02;5.715489e-02;2.702307e-02;3.498424e-02
5.298403e-02;2.764718e-02;4.494088e-01;7.007933e-02;7.227148e-02;2.129751e-02;8.173973e-02;4.778332e-02;3.669701e-02;4.047079e-02;4.317285e-02;5.644790e-02
7.125750e-02;2.633081e-02;3.767382e-01;8.724584e-02;8.901792e-02;2.462661e-02;5.248066e-02;7.303077e-02;5.074889e-02;4.303388e-02;5.507441e-02;5.041452e-02
6.289073e-02;3.543562e-02;2.048318e-01;9.045801e-02;1.083148e-01;3.184783e-02;1.229096e-01;8.408727e-02;1.169165e-01;5.680962e-02;5.465107e-02;3.084709e-02
9.135403e-02;5.783662e-02;1.112474e-01;5.405094e-02;9.804828e-02;4.982147e-02;1.622403e-01;4.495898e-02;1.404458e-01;5.761040e-02;5.785028e-02;7.453550e-02
1.451058e-01;7.824183e-02;7.481970e-02;2.906108e-02;7.519621e-02;6.579199e-02;1.481230e-01;1.337762e-02;1.542718e-01;7.575330e-02;4.990818e-02;9.034951e-02
2.069179e-01;1.026558e-01;6.534197e-02;1.970773e-02;4.668045e-02;8.629607e-02;1.016242e-01;1.745459e-02;1.470477e-01;1.152926e-01;3.352881e-02;5.745205e-02
2.245085e-01;1.030027e-01;5.534105e-02;1.088080e-02;4.484966e-02;1.104955e-01;9.436020e-02;2.045533e-02;1.264822e-01;1.597394e-01;2.204875e-02;2.783595e-02
2.109749e-01;7.029198e-02;4.203058e-02;9.998701e-03;6.459480e-02;1.438503e-01;8.528496e-02;1.647397e-02;1.273157e-01;1.894003e-01;1.440466e-02;2.537925e-02
1.750553e-01;1.853249e-02;4.008338e-02;8.198249e-03;9.646175e-02;1.734787e-01;5.038011e-02;8.633153e-03;2.081217e-01;1.714045e-01;8.118805e-03;4.153192e-02
1.336012e-01;1.363833e-02;4.232281e-02;1.140668e-02;1.296071e-01;1.804132e-01;3.705318e-02;5.651211e-03;2.802775e-01;1.107382e-01;9.091322e-03;4.619933e-02
9.728301e-02;1.422697e-02;5.087611e-02;8.664420e-03;1.546998e-01;1.712510e-01;3.402805e-02;3.763450e-03;3.340696e-01;7.371198e-02;9.158362e-03;4.826720e-02
5.791981e-02;7.326413e-03;4.869032e-02;2.155265e-02;1.776763e-01;1.371710e-01;4.167904e-02;9.253991e-03;3.590461e-01;5.460930e-02;1.270859e-02;7.236642e-02
2.420603e-02;8.618520e-03;5.142010e-02;3.954552e-02;1.906361e-01;9.391768e-02;4.261974e-02;3.518998e-02;3.452853e-01;4.162064e-02;1.214456e-02;1.147958e-01
2.358458e-02;1.448266e-02;7.019496e-02;8.564083e-02;1.661603e-01;6.416453e-02;4.023698e-02;7.200427e-02;2.742293e-01;2.567135e-02;2.458314e-02;1.390471e-01
2.098762e-02;2.204350e-02;1.440943e-01;1.232223e-01;1.042469e-01;5.226924e-02;2.676290e-02;1.007443e-01;2.031005e-01;3.680609e-02;4.315551e-02;1.225669e-01
1.751045e-02;1.626516e-02;2.068095e-01;1.221891e-01;8.221925e-02;6.477893e-02;4.932111e-02;9.290493e-02;1.550640e-01;4.625386e-02;7.033316e-02;7.635058e-02
3.416045e-02;1.760579e-02;2.464511e-01;9.153792e-02;1.027485e-01;8.934114e-02;6.675846e-02;4.651535e-02;1.145879e-01;4.481436e-02;8.962667e-02;5.585238e-02
4.263180e-02;2.829589e-02;3.129885e-01;6.870687e-02;1.010084e-01;7.510037e-02;9.066124e-02;6.944995e-02;6.834155e-02;4.161032e-02;6.641924e-02;3.478581e-02
4.452185e-02;2.242030e-02;3.613814e-01;5.470337e-02;1.124211e-01;8.022269e-02;1.224697e-01;6.815560e-02;5.226374e-02;4.345251e-02;1.494251e-02;2.304524e-02
3.536937e-02;3.390854e-02;3.781237e-01;6.605352e-02;1.115222e-01;8.252791e-02;9.417672e-02;5.923398e-02;5.523361e-02;4.415936e-02;1.557473e-02;2.411637e-02
3.383324e-02;3.869081e-02;3.499198e-01;8.172165e-02;9.865271e-02;1.070485e-01;5.926047e-02;6.703224e-02;3.541272e-02;5.506564e-02;2.262924e-02;5.073302e-02
2.471445e-02;2.453159e-02;3.168087e-01;9.007768e-02;8.774398e-02;9.982526e-02;3.443809e-02;6.060295e-02;1.442788e-01;5.090778e-02;2.082553e-02;4.524520e-02
2.324286e-02;3.625583e-02;3.710459e-01;9.831512e-02;8.752660e-02;6.467037e-02;2.621494e-02;4.446395e-02;1.675263e-01;2.792885e-02;1.962185e-02;3.318739e-02
2.775113e-02;5.222721e-02;3.967995e-01;1.043636e-01;9.924480e-02;5.871536e-02;2.829688e-02;3.170528e-02;1.237525e-01;1.991399e-02;2.809552e-02;2.913425e-02
5.938441e-02;5.497673e-02;3.484482e-01;1.010751e-01;9.727623e-02;6.917369e-02;4.551060e-02;4.222447e-02;1.010325e-01;2.547516e-02;2.270242e-02;3.272051e-02
6.386779e-02;5.059114e-02;1.603498e-01;8.127560e-02;1.014651e-01;7.607440e-02;1.413535e-01;5.560100e-02;8.356726e-02;4.078096e-02;6.649368e-02;7.857987e-02
9.265640e-02;8.174239e-02;9.905598e-02;5.139240e-02;1.013407e-01;9.544387e-02;1.929013e-01;3.769883e-02;5.015424e-02;5.310565e-02;6.608950e-02;7.841872e-02
1.063547e-01;1.140323e-01;1.127352e-01;2.794211e-02;1.030077e-01;1.082434e-01;2.137959e-01;2.547732e-02;3.641862e-02;5.135545e-02;4.478961e-02;5.584762e-02
1.257934e-01;1.228016e-01;1.014771e-01;2.495856e-02;9.118488e-02;1.088970e-01;2.474321e-01;3.843285e-02;3.823731e-02;4.229150e-02;2.248423e-02;3.600951e-02
1.180093e-01;8.538678e-02;6.536886e-02;3.787263e-02;8.887289e-02;1.433706e-01;2.849767e-01;5.679129e-02;4.889471e-02;4.042560e-02;9.614741e-03;2.041584e-02
9.671301e-02;7.576451e-02;1.057926e-01;4.841002e-02;8.440896e-02;1.233557e-01;2.967802e-01;6.216126e-02;3.689457e-02;4.606195e-02;9.666577e-03;1.399066e-02
5.844636e-02;9.445873e-02;1.307109e-01;3.546071e-02;6.117707e-02;9.306868e-02;3.000986e-01;1.072114e-01;5.079183e-02;4.296117e-02;1.800659e-02;7.607914e-03
2.285348e-02;8.423883e-02;1.589023e-01;6.260975e-02;5.586404e-02;7.654001e-02;2.991087e-01;1.206347e-01;5.176721e-02;3.490704e-02;2.205100e-02;1.052297e-02
9.846291e-03;4.505713e-02;2.286772e-01;6.263607e-02;4.130989e-02;6.009579e-02;2.596334e-01;1.395225e-01;7.126267e-02;4.701996e-02;1.601373e-02;1.892539e-02
1.760527e-02;4.829681e-02;2.298773e-01;4.838395e-02;6.070643e-02;9.880156e-02;2.145774e-01;1.184213e-01;8.025594e-02;4.857100e-02;1.231278e-02;2.219025e-02
3.509123e-02;6.090141e-02;1.767584e-01;1.073723e-01;1.042127e-01;7.935368e-02;1.502563e-01;7.020750e-02;1.220610e-01;5.999604e-02;1.641491e-02;1.737456e-02
4.999607e-02;4.884835e-02;9.429357e-02;1.511757e-01;9.295230e-02;3.471633e-02;1.058250e-01;9.753223e-02;2.024226e-01;8.415654e-02;2.901447e-02;9.066884e-03
5.515261e-02;4.571270e-02;6.462994e-02;1.575589e-01;6.542829e-02;2.965725e-02;1.069378e-01;1.254486e-01;2.281302e-01;8.540706e-02;2.991537e-02;6.021347e-03
6.567536e-02;2.442023e-02;3.973777e-02;1.751224e-01;6.830128e-02;2.185009e-02;1.801975e-01;9.650791e-02;2.001476e-01;7.689280e-02;4.126143e-02;9.885650e-03
7.949018e-02;1.730580e-02;8.110094e-02;1.584056e-01;5.939442e-02;3.231842e-02;1.941526e-01;7.642531e-02;1.583159e-01;7.208043e-02;6.171785e-02;9.292559e-03
8.430716e-02;2.869185e-02;1.096272e-01;1.208241e-01;8.072791e-02;7.325309e-02;1.548621e-01;7.107276e-02;1.394845e-01;6.674306e-02;5.748393e-02;1.292237e-02
8.104121e-02;5.010676e-02;1.382912e-01;7.985462e-02;9.871489e-02;1.221817e-01;1.501051e-01;5.557661e-02;1.065596e-01;5.961717e-02;4.143425e-02;1.651679e-02
1.177566e-01;6.404087e-02;1.425138e-01;5.531229e-02;1.036447e-01;1.369468e-01;1.222593e-01;5.203513e-02;8.655977e-02;5.201444e-02;4.318126e-02;2.373504e-02
1.809669e-01;5.876062e-02;9.271381e-02;6.117236e-02;8.451741e-02;1.181851e-01;1.466353e-01;4.885488e-02;9.660780e-02;2.829575e-02;6.182573e-02;2.146433e-02
1.020517e-01;2.424147e-02;6.278724e-02;8.958242e-02;8.608682e-02;1.790612e-01;2.012688e-01;5.734645e-02;6.482618e-02;5.693110e-02;4.725249e-02;2.856414e-02
7.953200e-02;3.070125e-02;3.912448e-02;7.226072e-02;8.723369e-02;1.650039e-01;2.345198e-01;7.727510e-02;5.542205e-02;8.859751e-02;4.731962e-02;2.300997e-02
1.066059e-01;4.835579e-02;2.052013e-02;3.436575e-02;8.014996e-02;1.330161e-01;2.666174e-01;7.726815e-02;7.025834e-02;9.181296e-02;4.635486e-02;2.467465e-02
1.241658e-01;5.135964e-02;4.593152e-02;2.379265e-02;8.146290e-02;1.665014e-01;2.213503e-01;3.855139e-02;7.456685e-02;8.177903e-02;5.993846e-02;3.060013e-02
1.145779e-01;3.916050e-02;6.457094e-02;3.729898e-02;1.027725e-01;1.888343e-01;1.669291e-01;2.160641e-02;6.494324e-02;6.738845e-02;6.766514e-02;6.425242e-02
9.982976e-02;2.849578e-02;7.769576e-02;4.671470e-02;1.356037e-01;1.746658e-01;1.182396e-01;2.876396e-02;7.348783e-02;4.348425e-02;5.144265e-02;1.215762e-01
8.916994e-02;3.337907e-02;1.289271e-01;5.684001e-02;1.294292e-01;1.527743e-01;5.976006e-02;3.502884e-02;7.007153e-02;4.967055e-02;5.152968e-02;1.434197e-01
7.632049e-02;5.136413e-02;2.092125e-01;7.470162e-02;8.905903e-02;1.171582e-01;6.555500e-02;4.963452e-02;5.566206e-02;4.714917e-02;7.236777e-02;9.181551e-02
1.005120e-01;3.695276e-02;2.255944e-01;7.345237e-02;6.787163e-02;9.071075e-02;8.629513e-02;4.582037e-02;4.933472e-02;4.899817e-02;8.977602e-02;8.468167e-02
1.169094e-01;3.459211e-02;2.292251e-01;6.330571e-02;7.545476e-02;7.860035e-02;1.146231e-01;2.298181e-02;4.868800e-02;4.929566e-02;9.531941e-02;7.100447e-02
1.004169e-01;5.196093e-02;1.850048e-01;4.305831e-02;7.674556e-02;9.695391e-02;1.242599e-01;2.904596e-02;5.200786e-02;5.693064e-02;9.399306e-02;8.962225e-02
9.496817e-02;6.052134e-02;1.407393e-01;2.620475e-02;8.032858e-02;1.027709e-01;1.364950e-01;5.807602e-02;6.011368e-02;7.173107e-02;7.671759e-02;9.133363e-02
6.512603e-02;4.170604e-02;2.321971e-01;4.695952e-02;9.227912e-02;8.900391e-02;9.535325e-02;6.512016e-02;4.508597e-02;1.002219e-01;6.968668e-02;5.726023e-02
4.847965e-02;4.618761e-02;2.606456e-01;6.527235e-02;7.500588e-02;7.038867e-02;9.000608e-02;6.946072e-02;4.797168e-02;8.255558e-02;7.779187e-02;6.623434e-02
3.720146e-02;3.329679e-02;2.611892e-01;6.957227e-02;7.262397e-02;6.536620e-02;1.121384e-01;8.514617e-02;4.790285e-02;5.896595e-02;7.726172e-02;7.933497e-02
3.599362e-02;2.159350e-02;2.138421e-01;8.681118e-02;7.928580e-02;9.734638e-02;1.321471e-01;6.939867e-02;3.755604e-02;5.142983e-02;1.239980e-01;5.059774e-02
2.322268e-02;2.514660e-02;2.226332e-01;9.123427e-02;7.332685e-02;1.001276e-01;1.489814e-01;4.387516e-02;3.068595e-02;4.173961e-02;1.323929e-01;6.663382e-02
3.957586e-02;1.912162e-02;2.459433e-01;7.550874e-02;6.579220e-02;7.525544e-02;1.321673e-01;3.346380e-02;3.745191e-02;5.801205e-02;1.121706e-01;1.055371e-01
5.172848e-02;1.866935e-02;2.972732e-01;6.240853e-02;5.882084e-02;4.900145e-02;8.933317e-02;4.623799e-02;4.861675e-02;5.983781e-02;8.986509e-02;1.282073e-01
5.050449e-02;3.884948e-02;3.209140e-01;6.941855e-02;4.958402e-02;4.567985e-02;8.400355e-02;5.213962e-02;4.520157e-02;5.597665e-02;8.651444e-02;1.012138e-01
8.729811e-02;5.582606e-02;2.575826e-01;5.845075e-02;5.173340e-02;7.524603e-02;8.456644e-02;4.724300e-02;3.996227e-02;6.780028e-02;8.429650e-02;8.999454e-02
9.178218e-02;6.004154e-02;1.290576e-01;4.374831e-02;7.374895e-02;1.226620e-01;1.192970e-01;6.166784e-02;4.458890e-02;9.387773e-02;7.044527e-02;8.908257e-02
5.718911e-02;4.632925e-02;1.665712e-01;4.536759e-02;7.921233e-02;1.256092e-01;1.117552e-01;6.599335e-02;5.460421e-02;8.881429e-02;6.844163e-02;9.011268e-02
5.892668e-02;3.059536e-02;1.566809e-01;5.356093e-02;7.691230e-02;9.703891e-02;1.008389e-01;7.960116e-02;9.430836e-02;8.379942e-02;9.625754e-02;7.147950e-02
7.391631e-02;2.590711e-02;1.424863e-01;7.125539e-02;6.532904e-02;1.314864e-01;1.131045e-01;7.039424e-02;1.304409e-01;6.729630e-02;6.310646e-02;4.527707e-02
5.560656e-02;3.675195e-02;1.385709e-01;6.091734e-02;4.715694e-02;1.631969e-01;1.078140e-01;5.859773e-02;1.336918e-01;7.802881e-02;4.046613e-02;7.920092e-02
4.294979e-02;4.053672e-02;1.491266e-01;6.254610e-02;5.279675e-02;1.471384e-01;7.993588e-02;5.993902e-02;1.340403e-01;1.059114e-01;4.206632e-02;8.301280e-02
4.911016e-02;5.116573e-02;1.580544e-01;6.171571e-02;7.335241e-02;7.720900e-02;7.093556e-02;8.234540e-02;1.364638e-01;1.057109e-01;5.340498e-02;8.053195e-02
4.251976e-02;6.456634e-02;1.571213e-01;5.808912e-02;5.545107e-02;7.385331e-02;6.438045e-02;1.005046e-01;1.221090e-01;1.099571e-01;6.732018e-02;8.412772e-02
5.563143e-02;6.785926e-02;1.862504e-01;6.326006e-02;4.182127e-02;7.706493e-02;7.528528e-02;7.107404e-02;9.056710e-02;1.094166e-01;6.446457e-02;9.730510e-02
8.361439e-02;8.390526e-02;1.669168e-01;8.000603e-02;8.080389e-02;3.114461e-02;6.471988e-02;6.192821e-02;7.056762e-02;7.866198e-02;8.106521e-02;1.166661e-01
7.614973e-02;8.949766e-02;1.580944e-01;8.126483e-02;8.946661e-02;3.719910e-02;9.309699e-02;7.371478e-02;9.398770e-02;6.310379e-02;6.364802e-02;8.077639e-02
5.410697e-02;3.518159e-02;2.090423e-01;8.490155e-02;6.631806e-02;6.088742e-02;1.337911e-01;1.314627e-01;9.071632e-02;4.629377e-02;3.664983e-02;5.064837e-02
2.952841e-02;2.218010e-02;2.341627e-01;8.007438e-02;5.174808e-02;5.233938e-02;1.486406e-01;1.941381e-01;6.768169e-02;4.396807e-02;2.948510e-02;4.605342e-02
1.955250e-02;5.390045e-02;2.372352e-01;6.069148e-02;4.601833e-02;3.074865e-02;1.783443e-01;2.104396e-01;4.608535e-02;3.794795e-02;3.430573e-02;4.473043e-02
1.642036e-02;7.856905e-02;2.007128e-01;3.509214e-02;8.137317e-02;1.558871e-02;2.481540e-01;1.831173e-01;2.864361e-02;3.069615e-02;4.547061e-02;3.616216e-02
1.838426e-02;9.677380e-02;1.131331e-01;1.011276e-02;1.314498e-01;2.611969e-02;3.251587e-01;1.473663e-01;3.035364e-02;2.587656e-02;6.452081e-02;1.075058e-02
2.206202e-02;9.972891e-02;9.482136e-02;1.360037e-02;1.314279e-01;3.056495e-02;3.471556e-01;1.231930e-01;2.676644e-02;3.005163e-02;6.949756e-02;1.113023e-02
2.984245e-02;9.560002e-02;7.369075e-02;1.284489e-02;1.211453e-01;4.867862e-02;3.720695e-01;9.432480e-02;2.600790e-02;4.321156e-02;6.921764e-02;1.336664e-02
3.050251e-02;9.219903e-02;5.884463e-02;1.767786e-02;1.191681e-01;7.550667e-02;3.904356e-01;7.474867e-02;2.308502e-02;3.252191e-02;6.917343e-02;1.613653e-02
4.170439e-02;9.042408e-02;7.429110e-02;3.313900e-02;1.232010e-01;8.934522e-02;3.715438e-01;6.729419e-02;1.824867e-02;2.223234e-02;5.569591e-02;1.288040e-02
5.766577e-02;9.393907e-02;8.929542e-02;7.731082e-02;1.344480e-01;7.768006e-02;3.336141e-01;5.554610e-02;2.222312e-02;1.567642e-02;3.697808e-02;5.623056e-03
6.196216e-02;9.666099e-02;7.688326e-02;1.008101e-01;1.503168e-01;1.110374e-01;2.771593e-01;5.847345e-02;1.749812e-02;2.062703e-02;2.387584e-02;4.695492e-03
7.648043e-02;8.147798e-02;6.527997e-02;7.026274e-02;1.516490e-01;1.398051e-01;2.516444e-01;7.795134e-02;2.802840e-02;3.403080e-02;1.751650e-02;5.873326e-03
1.024548e-01;5.957577e-02;7.981387e-02;3.424457e-02;1.571473e-01;1.290306e-01;2.558308e-01;8.040725e-02;4.085762e-02;3.878885e-02;1.398954e-02;7.858999e-03
1.337776e-01;3.385222e-02;1.028256e-01;2.111460e-02;1.785012e-01;1.017994e-01;2.343671e-01;6.178462e-02;5.469785e-02;4.030947e-02;2.240157e-02;1.456876e-02
1.470254e-01;4.679002e-02;1.552123e-01;3.182565e-02;1.325912e-01;9.742910e-02;1.901532e-01;5.950408e-02;4.596895e-02;3.252582e-02;3.905213e-02;2.192220e-02
1.139868e-01;7.310221e-02;2.046526e-01;3.439757e-02;7.250772e-02;7.277966e-02;1.677516e-01;9.578785e-02;3.056555e-02;6.590030e-02;4.843535e-02;2.013282e-02
7.187857e-02;4.315326e-02;9.434302e-02;4.736529e-02;1.051715e-01;4.979451e-02;1.484905e-01;9.647963e-02;8.993392e-02;1.948825e-01;3.863274e-02;1.987457e-02
4.638110e-02;4.983026e-02;2.874537e-02;5.290075e-02;1.203121e-01;7.367074e-02;1.480333e-01;6.229113e-02;1.093405e-01;2.642540e-01;1.743613e-02;2.680455e-02
5.236369e-02;5.839432e-02;4.357791e-02;4.751857e-02;1.049716e-01;8.291253e-02;1.669755e-01;7.857431e-02;8.702569e-02;2.329674e-01;1.076428e-02;3.395414e-02
5.220656e-02;6.020383e-02;7.396784e-02;4.821637e-02;9.378138e-02;8.118517e-02;1.918955e-01;1.125649e-01;7.619358e-02;1.476958e-01;2.219060e-02;3.989835e-02
3.293056e-02;4.021692e-02;9.038820e-02;4.656716e-02;9.817221e-02;8.372769e-02;1.935561e-01;1.029424e-01;1.067735e-01;1.395160e-01;3.571092e-02;2.949829e-02
5.536280e-02;5.308528e-02;7.441287e-02;3.970137e-02;6.124694e-02;7.503974e-02;2.216356e-01;9.117898e-02;1.347130e-01;1.466991e-01;2.171908e-02;2.520522e-02
6.265876e-02;4.884317e-02;4.967529e-02;4.438137e-02;7.903402e-02;1.024219e-01;2.796327e-01;9.537409e-02;1.071625e-01;9.045956e-02;2.241592e-02;1.794077e-02
6.237605e-02;4.367451e-02;9.300753e-02;4.786927e-02;8.500128e-02;1.354498e-01;2.781786e-01;7.803050e-02;7.923165e-02;5.834341e-02;1.903785e-02;1.979960e-02
6.260530e-02;4.453417e-02;1.580904e-01;5.156277e-02;8.038613e-02;1.466424e-01;2.499701e-01;6.049026e-02;5.492659e-02;4.695880e-02;1.982535e-02;2.400780e-02
6.360401e-02;4.448880e-02;2.485436e-01;5.733438e-02;6.198087e-02;1.360406e-01;2.109554e-01;4.596593e-02;3.574705e-02;4.126597e-02;2.716942e-02;2.690398e-02
8.482147e-02;3.591571e-02;2.724343e-01;6.629112e-02;7.455481e-02;9.223622e-02;1.905878e-01;3.446965e-02;3.900096e-02;3.749780e-02;4.100212e-02;3.118803e-02
1.360028e-01;7.068930e-02;1.465971e-01;5.805820e-02;1.263648e-01;8.623115e-02;1.926251e-01;2.383680e-02;4.450200e-02;5.154308e-02;3.466314e-02;2.888651e-02
1.330356e-01;5.780927e-02;1.444424e-01;5.771622e-02;1.457852e-01;1.050056e-01;1.676115e-01;2.519115e-02;5.630688e-02;5.214918e-02;3.265738e-02;2.228960e-02
7.867585e-02;3.552264e-02;1.919857e-01;4.349608e-02;1.311712e-01;1.233271e-01;2.107437e-01;2.658864e-02;5.078372e-02;4.426793e-02;3.784225e-02;2.559519e-02
5.891193e-02;2.287356e-02;2.190461e-01;4.427302e-02;1.186048e-01;1.049817e-01;2.500732e-01;2.569403e-02;4.337033e-02;4.156603e-02;3.354613e-02;3.705908e-02
8.096749e-02;3.407030e-02;2.193611e-01;4.273127e-02;8.592333e-02;7.686409e-02;2.621017e-01;2.733456e-02;3.826398e-02;5.158753e-02;3.947394e-02;4.132075e-02
9.390454e-02;5.242185e-02;1.426888e-01;4.575141e-02;8.374457e-02;7.031332e-02;2.777534e-01;6.185138e-02;3.259427e-02;6.416172e-02;3.114540e-02;4.366927e-02
8.580568e-02;4.250903e-02;1.250640e-01;4.128760e-02;8.061294e-02;7.733899e-02;2.441425e-01;6.725675e-02;5.480132e-02;7.082380e-02;5.527246e-02;5.508495e-02
7.707109e-02;6.199296e-02;1.277832e-01;6.174452e-02;5.872656e-02;6.358847e-02;1.624111e-01;7.827698e-02;8.219412e-02;5.685429e-02;8.010738e-02;8.924939e-02
9.179050e-02;5.017169e-02;7.947870e-02;8.732260e-02;6.193575e-02;1.099342e-01;2.095202e-01;7.723509e-02;5.650463e-02;5.566300e-02;6.673132e-02;5.371221e-02
9.959660e-02;5.335162e-02;6.064687e-02;9.443375e-02;5.295802e-02;1.490649e-01;2.113717e-01;8.908108e-02;2.083945e-02;8.848844e-02;4.786582e-02;3.230169e-02
9.745494e-02;4.376033e-02;4.331523e-02;8.497611e-02;3.404323e-02;1.850041e-01;1.752715e-01;8.055020e-02;5.321817e-02;1.309955e-01;5.225603e-02;1.915459e-02
1.179022e-01;2.651663e-02;2.574654e-02;8.285887e-02;2.841568e-02;2.270294e-01;1.161727e-01;6.746897e-02;5.836079e-02;1.778906e-01;5.933265e-02;1.230498e-02
1.830346e-01;1.955399e-02;2.624993e-02;8.777298e-02;2.575591e-02;2.401213e-01;7.124427e-02;6.188356e-02;5.045675e-02;1.735093e-01;4.175495e-02;1.866245e-02
2.415258e-01;1.893324e-02;1.643520e-02;9.203342e-02;2.721320e-02;2.281005e-01;7.943559e-02;5.681087e-02;4.282972e-02;1.602801e-01;2.479825e-02;1.160409e-02
2.827645e-01;1.797803e-02;1.121682e-02;1.117286e-01;2.696021e-02;2.117782e-01;7.055449e-02;4.831143e-02;1.962953e-02;1.735375e-01;1.256255e-02;1.297827e-02
2.829904e-01;2.619968e-02;9.080756e-03;1.444881e-01;2.388529e-02;1.673794e-01;8.199986e-02;3.849017e-02;2.134116e-02;1.729901e-01;1.886333e-02;1.229180e-02
2.282442e-01;7.934740e-02;2.024278e-02;1.512469e-01;2.595462e-02;1.131255e-01;1.347475e-01;3.062867e-02;2.066411e-02;1.434769e-01;3.802165e-02;1.429972e-02
1.298055e-01;1.373380e-01;2.336091e-02;1.047555e-01;2.879776e-02;8.228042e-02;2.305043e-01;3.150069e-02;2.961535e-02;9.257665e-02;9.021371e-02;1.925117e-02
6.184174e-02;1.477947e-01;2.127797e-02;7.161662e-02;3.331262e-02;6.026240e-02;2.883727e-01;3.812086e-02;4.116761e-02;1.005926e-01;1.197029e-01;1.593738e-02
6.384505e-02;1.125823e-01;1.849878e-02;7.649863e-02;2.905636e-02;6.637947e-02;2.645314e-01;4.040451e-02;5.097821e-02;1.451898e-01;1.156776e-01;1.635802e-02
5.834966e-02;7.820553e-02;2.063809e-02;8.206408e-02;2.908477e-02;1.135578e-01;2.096365e-01;4.189086e-02;7.803240e-02;1.904639e-01;8.473311e-02;1.334327e-02
5.866086e-02;4.095698e-02;3.028799e-02;9.132218e-02;6.770328e-02;1.908569e-01;1.620376e-01;4.247182e-02;9.565964e-02;1.639326e-01;3.624631e-02;1.986389e-02
8.404610e-02;3.003615e-02;4.649756e-02;1.127215e-01;9.802875e-02;2.073677e-01;1.744734e-01;5.628556e-02;6.386992e-02;8.679371e-02;1.385444e-02;2.602529e-02
9.543867e-02;4.450529e-02;8.355626e-02;1.281696e-01;9.836671e-02;1.782674e-01;1.747884e-01;5.682220e-02;3.247248e-02;5.999037e-02;2.005954e-02;2.756301e-02
1.039170e-01;5.376842e-02;9.451733e-02;1.040802e-01;6.127947e-02;9.410078e-02;2.116410e-01;8.075625e-02;5.181259e-02;6.907273e-02;5.640128e-02;1.865294e-02
9.906298e-02;6.000685e-02;5.502877e-02;3.893759e-02;8.087481e-02;7.398295e-02;2.536021e-01;9.860236e-02;7.063986e-02;8.591018e-02;6.755205e-02;1.579948e-02
9.412470e-02;4.047135e-02;5.314117e-02;9.045305e-02;8.210300e-02;1.033537e-01;2.412085e-01;6.010414e-02;8.222897e-02;9.368239e-02;3.388287e-02;2.524617e-02
9.829978e-02;3.405523e-02;5.257922e-02;8.080382e-02;9.071174e-02;1.218302e-01;2.011858e-01;3.534943e-02;9.581510e-02;1.233799e-01;2.528048e-02;4.070934e-02
1.191598e-01;2.107824e-02;4.892825e-02;3.965687e-02;9.903120e-02;9.288826e-02;1.986523e-01;4.847918e-02;1.319454e-01;1.207910e-01;1.584790e-02;6.354158e-02
1.558929e-01;2.299642e-02;3.975712e-02;3.329821e-02;1.013618e-01;7.890335e-02;1.683301e-01;6.319443e-02;1.353444e-01;1.054522e-01;1.942541e-02;7.604364e-02
1.585243e-01;3.637012e-02;4.694210e-02;2.665845e-02;1.088959e-01;8.145282e-02;2.014897e-01;6.187075e-02;1.109483e-01;7.321757e-02;1.765659e-02;7.597337e-02
1.580817e-01;3.519612e-02;5.925177e-02;3.458076e-02;1.071667e-01;7.510039e-02;2.244445e-01;6.859335e-02;8.072193e-02;5.083086e-02;2.744944e-02;7.858257e-02
1.324543e-01;3.783050e-02;9.508800e-02;6.405785e-02;9.843798e-02;7.311428e-02;2.024277e-01;5.757131e-02;5.388740e-02;5.953983e-02;5.120735e-02;7.438357e-02
6.492319e-02;4.471851e-02;1.346796e-01;6.983759e-02;8.028760e-02;7.005024e-02;1.664860e-01;6.014089e-02;7.425313e-02;1.083964e-01;6.512323e-02;6.110364e-02
7.557604e-02;3.302968e-02;8.942718e-02;6.166864e-02;7.349795e-02;8.710040e-02;1.176655e-01;6.927695e-02;8.773598e-02;1.995044e-01;5.136756e-02;5.414974e-02
9.363192e-02;5.625847e-02;8.313826e-02;7.959522e-02;5.304993e-02;6.631149e-02;1.583239e-01;7.541523e-02;1.021421e-01;1.336323e-01;4.662196e-02;5.187928e-02
7.239479e-02;4.941138e-02;1.033061e-01;6.905111e-02;5.465562e-02;7.406960e-02;1.788852e-01;6.830310e-02;1.176054e-01;1.413414e-01;2.718028e-02;4.379601e-02
4.277240e-02;5.485237e-02;1.016156e-01;4.793310e-02;4.773955e-02;9.287880e-02;1.625324e-01;1.057345e-01;8.517562e-02;1.813992e-01;3.538843e-02;4.197794e-02
4.446003e-02;5.365353e-02;9.380502e-02;5.563996e-02;6.512804e-02;7.743672e-02;1.205805e-01;1.637783e-01;6.967754e-02;1.507934e-01;6.256928e-02;4.247760e-02
5.581301e-02;3.802033e-02;8.235588e-02;4.750979e-02;7.097289e-02;7.882194e-02;8.381375e-02;1.383503e-01;1.069740e-01;2.195512e-01;5.792502e-02;1.989183e-02
5.619793e-02;7.530004e-02;7.323876e-02;5.037305e-02;4.875620e-02;5.429514e-02;8.415539e-02;1.088357e-01;1.299507e-01;2.593482e-01;2.702234e-02;3.252649e-02
8.105003e-02;1.242870e-01;9.348129e-02;6.931856e-02;4.631685e-02;5.080588e-02;8.402648e-02;7.147752e-02;1.149167e-01;2.088082e-01;1.802952e-02;3.748197e-02
1.218811e-01;1.673848e-01;1.132168e-01;9.039205e-02;5.116653e-02;5.740419e-02;6.902510e-02;3.851972e-02;8.919391e-02;1.498138e-01;1.013268e-02;4.186933e-02
1.653367e-01;1.880539e-01;9.443941e-02;8.870026e-02;5.476332e-02;5.680720e-02;5.596755e-02;4.037514e-02;6.739882e-02;1.101426e-01;2.060917e-02;5.740606e-02
1.056828e-01;1.861119e-01;6.742779e-02;6.367452e-02;6.413422e-02;9.947028e-02;1.136758e-01;5.152698e-02;7.663924e-02;6.764475e-02;4.885531e-02;5.515647e-02
1.024431e-01;1.373610e-01;6.025510e-02;6.137198e-02;5.549388e-02;5.293309e-02;1.006339e-01;7.739125e-02;9.704768e-02;8.896434e-02;7.936019e-02;8.674446e-02
1.108388e-01;8.775212e-02;6.456651e-02;1.286416e-02;1.918273e-02;3.846376e-02;1.141275e-01;1.039597e-01;1.622547e-01;1.090402e-01;9.231934e-02;8.463044e-02
1.246781e-01;8.465903e-02;6.665037e-02;1.394472e-02;1.668153e-02;4.171961e-02;1.103393e-01;1.100316e-01;1.732140e-01;1.029395e-01;8.317214e-02;7.197014e-02
1.519917e-01;9.097401e-02;8.288331e-02;3.433131e-02;2.357950e-02;4.796185e-02;9.021801e-02;1.090772e-01;1.716601e-01;8.336575e-02;5.828436e-02;5.567297e-02
1.614800e-01;1.368100e-01;1.379499e-01;3.125905e-02;3.282992e-02;3.548971e-02;1.262028e-01;5.656112e-02;1.091545e-01;7.828006e-02;4.037507e-02;5.360784e-02
1.527034e-01;1.738473e-01;1.241116e-01;1.601515e-02;3.049875e-02;4.174464e-02;1.709112e-01;1.851526e-02;4.845789e-02;1.341079e-01;6.072640e-02;2.836057e-02
1.561786e-01;1.923433e-01;7.461272e-02;1.800060e-02;2.361792e-02;6.680577e-02;2.114613e-01;1.619060e-02;4.743901e-02;1.517868e-01;3.188505e-02;9.678330e-03
1.293319e-01;1.880554e-01;3.552387e-02;7.137822e-03;1.625581e-02;6.931383e-02;3.040299e-01;4.026704e-02;5.787262e-02;1.019932e-01;4.345183e-02;6.766795e-03
8.921769e-02;1.713797e-01;6.990976e-02;4.861171e-03;1.409868e-02;5.014325e-02;4.020460e-01;4.569459e-02;4.019070e-02;3.355955e-02;7.397753e-02;4.921451e-03
6.078887e-02;1.424190e-01;7.281470e-02;8.038814e-03;1.561699e-02;4.731831e-02;4.419492e-01;4.701790e-02;3.495550e-02;3.689529e-02;8.724271e-02;4.942792e-03
5.385560e-02;1.354682e-01;3.512449e-02;5.845217e-03;1.683904e-02;6.716272e-02;4.829529e-01;3.738371e-02;3.075669e-02;4.118320e-02;9.180892e-02;1.619264e-03
6.715020e-02;1.387624e-01;1.718081e-02;4.143124e-03;2.268578e-02;7.135228e-02;4.732677e-01;2.694800e-02;2.578128e-02;5.492296e-02;9.523841e-02;2.567061e-03
8.440938e-02;1.486109e-01;4.104691e-02;3.905870e-03;2.809100e-02;5.002171e-02;4.277512e-01;4.018136e-02;2.246101e-02;5.564872e-02;9.386959e-02;4.002331e-03
1.076983e-01;1.570737e-01;5.869915e-02;3.302758e-03;3.876240e-02;2.866131e-02;3.952346e-01;4.682443e-02;1.879019e-02;4.871115e-02;8.956045e-02;6.681657e-03
1.023058e-01;1.415432e-01;7.271896e-02;4.281294e-03;5.780686e-02;4.293576e-02;3.595553e-01;6.660742e-02;1.476832e-02;3.708233e-02;8.749475e-02;1.290003e-02
5.204054e-02;1.210989e-01;9.649038e-02;1.134681e-02;9.143811e-02;6.077638e-02;3.063308e-01;9.168392e-02;2.099085e-02;3.952549e-02;9.196664e-02;1.631116e-02
3.618856e-02;1.100659e-01;6.920029e-02;1.096428e-02;9.584033e-02;6.558116e-02;2.800084e-01;1.084383e-01;5.302852e-02;8.265663e-02;7.538117e-02;1.264648e-02
3.611441e-02;9.178924e-02;2.403860e-02;5.415493e-03;6.337983e-02;5.754045e-02;3.624104e-01;9.418467e-02;7.302628e-02;1.207331e-01;6.807009e-02;3.297508e-03
1.820556e-02;8.362694e-02;1.117781e-02;4.663498e-03;4.787550e-02;5.420789e-02;3.790890e-01;8.626307e-02;9.601133e-02;1.374335e-01;7.756397e-02;3.881948e-03
7.820866e-03;9.574211e-02;1.322111e-02;8.533757e-03;4.705088e-02;5.248797e-02;3.693651e-01;7.443392e-02;1.078803e-01;1.282445e-01;9.072572e-02;4.493807e-03
2.740538e-02;1.232965e-01;2.806503e-02;2.541043e-02;5.061916e-02;4.322278e-02;3.443874e-01;5.784401e-02;1.003315e-01;9.303300e-02;8.944552e-02;1.693934e-02
8.188171e-02;8.310118e-02;8.513727e-02;6.646162e-02;4.933740e-02;6.670694e-02;2.848934e-01;6.880022e-02;5.190617e-02;8.017805e-02;4.186730e-02;3.972874e-02
1.378706e-01;6.943035e-02;7.813346e-02;9.491511e-02;6.091247e-02;9.458361e-02;2.126863e-01;7.592738e-02;3.772160e-02;7.824393e-02;2.861495e-02;3.096028e-02
1.533038e-01;5.668808e-02;4.846175e-02;1.275405e-01;7.300432e-02;1.400666e-01;1.621059e-01;6.561068e-02;4.595237e-02;8.566426e-02;2.364443e-02;1.795730e-02
1.732978e-01;2.835467e-02;4.648229e-02;1.417035e-01;8.312842e-02;2.207166e-01;1.035331e-01;4.309229e-02;3.832672e-02;8.935850e-02;1.728490e-02;1.472119e-02
1.490059e-01;1.143008e-02;8.981641e-02;8.108142e-02;9.478293e-02;2.229154e-01;7.182226e-02;2.378080e-02;1.161080e-01;6.997024e-02;1.631421e-02;5.297244e-02
8.879748e-02;2.154534e-02;1.006207e-01;2.762487e-02;1.443490e-01;1.118030e-01;9.221381e-02;3.040798e-02;1.969626e-01;4.527754e-02;1.150223e-02;1.288955e-01
3.471629e-02;6.384708e-02;7.030564e-02;4.490408e-02;1.517003e-01;3.444980e-02;1.065716e-01;6.836049e-02;1.892657e-01;3.622038e-02;3.414693e-02;1.655117e-01
3.644751e-02;1.182512e-01;5.013182e-02;8.109646e-02;9.485731e-02;6.066770e-02;7.831567e-02;1.176277e-01;1.125046e-01;4.617611e-02;9.117931e-02;1.127447e-01
1.036806e-01;1.141846e-01;8.334445e-02;8.593263e-02;5.900031e-02;7.242876e-02;7.957669e-02;1.177084e-01;7.233145e-02;6.660400e-02;1.066092e-01;3.859888e-02
1.818913e-01;6.610058e-02;1.258743e-01;4.871023e-02;8.831815e-02;4.058704e-02;1.274149e-01;6.342257e-02;7.084883e-02;1.005542e-01;6.131910e-02;2.495876e-02
2.058583e-01;2.667293e-02;1.609367e-01;2.316455e-02;1.391628e-01;2.890835e-02;1.560179e-01;4.219002e-02;5.367793e-02;1.344557e-01;1.630096e-02;1.265386e-02
1.387551e-01;2.239062e-02;1.777767e-01;1.988919e-02;1.617462e-01;4.255472e-02;1.310035e-01;4.056964e-02;5.420184e-02;1.486242e-01;1.458812e-02;4.790023e-02
7.579652e-02;2.001257e-02;1.893894e-01;2.485787e-02;1.577094e-01;3.993661e-02;1.351864e-01;4.651031e-02;5.124141e-02;1.698200e-01;1.801471e-02;7.152479e-02
4.361576e-02;2.745368e-02;1.991802e-01;2.526457e-02;1.574890e-01;3.808166e-02;1.328018e-01;4.254668e-02;5.730410e-02;1.898166e-01;2.660175e-02;5.984426e-02
6.920547e-02;3.039584e-02;2.048796e-01;2.750524e-02;1.571633e-01;3.315386e-02;1.191548e-01;3.189011e-02;7.260587e-02;1.865090e-01;2.468319e-02;4.285371e-02
1.037214e-01;2.008685e-02;2.227931e-01;2.377862e-02;1.614260e-01;3.447321e-02;1.222260e-01;2.846391e-02;4.285349e-02;1.968447e-01;1.804083e-02;2.529185e-02
1.110900e-01;2.376272e-02;2.214413e-01;2.329556e-02;1.546077e-01;3.759793e-02;1.339169e-01;3.986129e-02;2.618594e-02;1.900331e-01;2.006705e-02;1.814053e-02
1.128898e-01;2.734061e-02;2.215391e-01;2.244529e-02;1.546805e-01;4.456332e-02;1.461041e-01;3.093599e-02;1.582932e-02;1.899313e-01;9.326500e-03;2.441423e-02
1.189228e-01;2.591027e-02;2.122395e-01;2.416801e-02;1.482201e-01;4.719615e-02;1.503715e-01;3.096745e-02;2.323170e-02;1.813129e-01;7.700943e-03;2.975878e-02
1.396735e-01;3.526435e-02;1.951034e-01;1.894565e-02;1.316154e-01;4.647185e-02;1.627698e-01;3.978369e-02;3.829981e-02;1.564123e-01;1.795925e-02;1.770096e-02
1.782597e-01;3.494161e-02;1.770727e-01;1.698587e-02;1.153222e-01;4.464561e-02;1.856483e-01;3.732218e-02;4.043288e-02;1.316123e-01;1.909902e-02;1.865759e-02
2.125880e-01;3.158896e-02;1.651736e-01;1.404911e-02;1.012639e-01;3.716015e-02;2.094009e-01;3.743396e-02;5.034400e-02;1.140872e-01;1.324246e-02;1.366783e-02
2.369024e-01;2.659186e-02;1.494861e-01;1.734728e-02;8.384214e-02;3.917403e-02;2.274539e-01;3.993599e-02;4.979404e-02;1.026723e-01;1.509813e-02;1.170175e-02
2.534495e-01;2.479157e-02;1.348517e-01;1.389694e-02;6.785975e-02;4.216956e-02;2.444558e-01;3.960266e-02;5.391010e-02;1.030426e-01;1.207229e-02;9.897601e-03
2.384068e-01;2.270253e-02;1.280081e-01;1.795836e-02;7.077581e-02;5.358249e-02;2.347779e-01;3.616384e-02;4.482075e-02;1.226926e-01;1.451891e-02;1.559192e-02
1.986106e-01;2.218694e-02;1.336170e-01;2.258006e-02;9.206696e-02;6.709017e-02;1.982379e-01;2.639110e-02;3.846993e-02;1.455500e-01;1.667562e-02;3.852376e-02
1.427233e-01;2.542518e-02;1.462201e-01;2.395675e-02;1.050712e-01;6.569774e-02;1.433373e-01;3.304798e-02;4.699732e-02;1.700975e-01;2.701334e-02;7.041237e-02
5.797071e-02;2.452285e-02;1.518980e-01;2.472138e-02;9.800214e-02;5.669832e-02;9.803955e-02;5.338230e-02;7.610641e-02;1.995892e-01;4.685320e-02;1.122160e-01
2.701089e-02;3.601399e-02;1.113197e-01;2.157362e-02;6.042089e-02;8.721662e-02;6.994399e-02;7.925852e-02;1.060113e-01;1.592582e-01;6.537923e-02;1.765930e-01
3.762577e-02;5.510095e-02;8.325350e-02;3.107445e-02;2.194563e-02;1.005524e-01;4.745163e-02;7.921221e-02;1.524360e-01;1.056894e-01;5.304789e-02;2.326101e-01
3.696527e-02;6.944931e-02;6.743040e-02;4.863331e-02;3.078469e-02;1.026723e-01;5.216853e-02;7.193639e-02;1.602473e-01;8.045767e-02;6.631996e-02;2.129348e-01
5.052652e-02;8.957072e-02;5.327688e-02;5.533446e-02;3.317554e-02;1.058636e-01;7.688286e-02;5.795240e-02;1.653916e-01;5.054187e-02;6.010456e-02;2.013790e-01
5.850478e-02;1.028211e-01;7.339913e-02;6.259589e-02;2.995928e-02;7.827830e-02;7.903608e-02;5.868136e-02;1.431401e-01;2.507347e-02;1.030182e-01;1.854922e-01
4.831091e-02;1.028214e-01;8.104263e-02;7.309920e-02;5.076584e-02;6.737738e-02;7.777206e-02;7.134090e-02;1.139017e-01;2.261621e-02;1.114609e-01;1.794908e-01
5.429279e-02;9.169116e-02;4.411987e-02;7.047929e-02;7.805342e-02;8.687866e-02;6.938321e-02;8.268019e-02;1.484871e-01;8.453971e-02;7.552387e-02;1.138708e-01
1.054936e-01;6.716327e-02;6.493013e-02;6.084099e-02;8.469185e-02;7.365976e-02;9.474516e-02;6.748594e-02;1.516262e-01;1.319268e-01;4.492355e-02;5.251275e-02
1.259629e-01;5.643756e-02;8.581517e-02;5.803123e-02;7.698286e-02;6.043215e-02;8.100180e-02;4.722295e-02;1.336988e-01;9.834265e-02;9.585335e-02;8.021861e-02
1.125850e-01;6.031814e-02;6.489152e-02;6.919737e-02;5.957347e-02;7.152777e-02;5.766325e-02;7.842480e-02;1.147637e-01;8.374277e-02;1.345666e-01;9.274559e-02
8.689816e-02;6.917311e-02;6.755412e-02;7.302088e-02;4.391237e-02;8.308730e-02;9.694981e-02;9.589631e-02;8.402187e-02;5.658804e-02;1.362973e-01;1.066007e-01
6.258649e-02;6.313018e-02;9.120724e-02;5.060605e-02;7.327101e-02;7.937863e-02;1.182063e-01;8.890335e-02;9.950555e-02;6.880984e-02;1.107806e-01;9.361477e-02
7.645972e-02;3.652452e-02;8.705568e-02;2.803764e-02;8.950970e-02;8.979490e-02;1.029627e-01;5.273137e-02;1.541428e-01;1.182290e-01;1.053921e-01;5.915993e-02
8.417962e-02;2.425591e-02;7.354219e-02;3.216995e-02;8.252162e-02;8.909960e-02;1.139458e-01;9.605980e-02;1.399687e-01;1.287832e-01;7.419270e-02;6.128095e-02
7.282314e-02;4.244940e-02;8.994524e-02;4.549439e-02;6.902496e-02;7.127527e-02;1.087227e-01;1.082266e-01;1.494704e-01;8.455050e-02;9.945693e-02;5.856050e-02
7.307955e-02;6.395522e-02;1.092001e-01;5.778822e-02;6.838748e-02;7.144692e-02;9.480288e-02;8.247019e-02;8.596919e-02;1.188570e-01;9.661301e-02;7.743020e-02
8.586694e-02;5.829218e-02;1.129324e-01;5.335701e-02;7.026908e-02;4.786837e-02;1.463806e-01;1.204533e-01;5.567727e-02;9.901723e-02;6.278510e-02;8.710048e-02
1.192305e-01;4.890588e-02;1.409600e-01;4.772009e-02;7.156211e-02;4.150978e-02;1.789467e-01;9.906036e-02;5.180239e-02;4.226305e-02;7.997973e-02;7.805932e-02
1.299741e-01;5.636134e-02;1.411296e-01;4.938534e-02;5.234090e-02;5.292872e-02;1.868384e-01;5.812763e-02;7.927165e-02;5.515782e-02;7.187667e-02;6.660778e-02
1.274589e-01;5.647423e-02;7.933646e-02;6.314109e-02;3.799682e-02;7.334521e-02;2.347590e-01;5.340734e-02;8.678349e-02;4.865147e-02;7.683829e-02;6.180772e-02
1.056008e-01;5.876474e-02;1.132745e-01;5.429649e-02;5.517339e-02;7.253135e-02;2.451545e-01;4.872254e-02;3.422513e-02;4.880188e-02;9.441316e-02;6.904166e-02
5.281522e-02;6.251986e-02;1.232089e-01;9.961526e-02;6.683739e-02;5.421614e-02;2.615295e-01;3.961296e-02;5.070346e-02;4.401004e-02;5.048701e-02;9.444419e-02
2.063536e-02;5.309474e-02;8.933912e-02;1.146490e-01;6.455839e-02;6.461768e-02;2.777869e-01;4.119061e-02;8.940620e-02;3.494678e-02;5.589796e-02;9.387734e-02
4.174110e-02;3.332538e-02;1.029762e-01;6.302071e-02;7.217848e-02;1.101569e-01;2.364095e-01;3.828314e-02;1.206635e-01;2.985437e-02;9.356303e-02;5.782780e-02
5.901093e-02;2.225356e-02;1.070526e-01;2.258730e-02;8.940369e-02;1.758121e-01;1.706828e-01;3.774713e-02;1.225221e-01;3.323745e-02;1.351768e-01;2.451342e-02
