3.916476e-02;1.009424e-01;1.437611e-01;5.561978e-02;6.799016e-02;7.130382e-02;4.212781e-02;8.243378e-02;1.008443e-01;7.817265e-02;1.209491e-01;9.669026e-02
2.275709e-02;1.249877e-01;7.942419e-02;8.182076e-02;5.182751e-02;8.436278e-02;9.146291e-02;7.209054e-02;9.186402e-02;6.872162e-02;1.486681e-01;8.201284e-02
5.554346e-02;1.777018e-01;3.379301e-02;7.635649e-02;5.697307e-02;8.047400e-02;1.188142e-01;4.614370e-02;7.773520e-02;8.643521e-02;1.284979e-01;6.153183e-02
1.178977e-01;2.020078e-01;4.511555e-02;4.530828e-02;8.381711e-02;5.346891e-02;1.091786e-01;6.556591e-02;7.098019e-02;6.965318e-02;6.162849e-02;7.537825e-02
1.245061e-01;1.319453e-01;5.884124e-02;6.888279e-02;4.307396e-02;1.006858e-01;1.540837e-01;4.380257e-02;4.699735e-02;8.889421e-02;8.272449e-02;5.556242e-02
7.223375e-02;6.264168e-02;1.160692e-01;4.443877e-02;7.882234e-02;9.034182e-02;8.770044e-02;9.734091e-02;8.742072e-02;3.294428e-02;1.041221e-01;1.259241e-01
8.405080e-02;9.996156e-02;8.619094e-02;5.569630e-02;6.329024e-02;9.282606e-02;9.137714e-02;8.696220e-02;8.780323e-02;2.548045e-02;8.660439e-02;1.397567e-01
1.001531e-01;1.264813e-01;5.200195e-02;6.772099e-02;3.840204e-02;9.703215e-02;8.139449e-02;7.939378e-02;9.357248e-02;2.576160e-02;8.396780e-02;1.541183e-01
1.045147e-01;1.218003e-01;6.376013e-02;5.253118e-02;2.494449e-02;9.758757e-02;8.326030e-02;7.299124e-02;8.426630e-02;4.324555e-02;7.624246e-02;1.748558e-01
8.903721e-02;1.183590e-01;5.613345e-02;4.591875e-02;1.729423e-02;1.151746e-01;8.750182e-02;8.202387e-02;7.944126e-02;3.904544e-02;5.299656e-02;2.170739e-01
5.623399e-02;1.205793e-01;7.591219e-02;5.323731e-02;3.493484e-02;1.164397e-01;6.887093e-02;8.820044e-02;7.225695e-02;3.544904e-02;4.158172e-02;2.363036e-01
2.540249e-02;7.320755e-02;1.183262e-01;3.217992e-02;6.095506e-02;1.040755e-01;7.789842e-02;8.856260e-02;6.960711e-02;7.308538e-02;2.872011e-02;2.479797e-01
4.723368e-02;2.730749e-02;1.273184e-01;1.999333e-02;9.502520e-02;8.182216e-02;1.068549e-01;7.222685e-02;7.488032e-02;1.040805e-01;2.202339e-02;2.212337e-01
5.119252e-02;3.129932e-02;1.241089e-01;1.904429e-02;1.305221e-01;5.671915e-02;1.109054e-01;4.763754e-02;8.596352e-02;1.331119e-01;2.327859e-02;1.862167e-01
2.267013e-02;2.607234e-02;1.436039e-01;2.331370e-02;1.266972e-01;5.134512e-02;9.508887e-02;3.866748e-02;1.091535e-01;1.515646e-01;3.563618e-02;1.761870e-01
5.776375e-02;3.068231e-02;1.477851e-01;1.423034e-02;1.054844e-01;7.391789e-02;1.150531e-01;3.710830e-02;9.181403e-02;1.561221e-01;4.836000e-02;1.216786e-01
6.890777e-02;6.347150e-02;1.457348e-01;1.629273e-02;9.109068e-02;8.184991e-02;1.395290e-01;3.681340e-02;8.467542e-02;1.599259e-01;3.356590e-02;7.814298e-02
4.849572e-02;7.317127e-02;1.225504e-01;2.363974e-02;7.121382e-02;9.288490e-02;1.002604e-01;5.262509e-02;1.310896e-01;1.341688e-01;2.880767e-02;1.210926e-01
6.516688e-02;4.968822e-02;1.196413e-01;5.121442e-02;7.140364e-02;1.039760e-01;4.863246e-02;6.261870e-02;1.123315e-01;1.287844e-01;7.652986e-02;1.100126e-01
8.248325e-02;4.778706e-02;1.183169e-01;5.926564e-02;8.243199e-02;7.439692e-02;1.282704e-01;9.925317e-02;5.337112e-02;1.345315e-01;8.553841e-02;3.435368e-02
6.876951e-02;6.643740e-02;1.218419e-01;5.527382e-02;6.075396e-02;1.210918e-01;1.480935e-01;1.173779e-01;4.357934e-02;9.343088e-02;4.232284e-02;6.102714e-02
6.715527e-02;7.133418e-02;1.157013e-01;4.630599e-02;9.454800e-02;1.115029e-01;1.322435e-01;8.539262e-02;5.326976e-02;6.955273e-02;2.601169e-02;1.269821e-01
1.150224e-01;7.262470e-02;1.081573e-01;3.372584e-02;1.184879e-01;7.470612e-02;1.358515e-01;6.624357e-02;5.360248e-02;7.544132e-02;1.616237e-02;1.299744e-01
1.166852e-01;5.588176e-02;9.199339e-02;3.335177e-02;1.294468e-01;8.356471e-02;1.438264e-01;4.082911e-02;9.363537e-02;1.053536e-01;2.332703e-02;8.210484e-02
6.607018e-02;3.955470e-02;9.138234e-02;4.608913e-02;1.371644e-01;8.895343e-02;1.456431e-01;4.060433e-02;6.863675e-02;1.181463e-01;5.577505e-02;1.019804e-01
7.784686e-02;3.688337e-02;1.265322e-01;5.905525e-02;1.435596e-01;6.137804e-02;1.207909e-01;3.623764e-02;8.014219e-02;1.085356e-01;6.884800e-02;8.019036e-02
7.543822e-02;5.543283e-02;1.488817e-01;7.291596e-02;1.482329e-01;6.075235e-02;9.117034e-02;6.654856e-02;9.248751e-02;9.585489e-02;5.522066e-02;3.706409e-02
6.435047e-02;4.952245e-02;1.090774e-01;6.434140e-02;1.327009e-01;7.686401e-02;6.643529e-02;8.006176e-02;1.783844e-01;9.150580e-02;3.124751e-02;5.550855e-02
6.441914e-02;6.878778e-02;1.123108e-01;7.727933e-02;1.262065e-01;7.096698e-02;4.636612e-02;7.553701e-02;1.835859e-01;9.827039e-02;1.908637e-02;5.718374e-02
4.334558e-02;6.951366e-02;9.056532e-02;6.845212e-02;1.296894e-01;9.955046e-02;5.456501e-02;1.249560e-01;1.439085e-01;9.829609e-02;1.888797e-02;5.826987e-02
3.738537e-02;5.555281e-02;8.968326e-02;7.712971e-02;1.332674e-01;1.000544e-01;9.389579e-02;1.243168e-01;1.178198e-01;7.493024e-02;5.333614e-02;4.262825e-02
5.187182e-02;7.369640e-02;8.706480e-02;1.051334e-01;1.143765e-01;7.044598e-02;1.155696e-01;9.852272e-02;1.207706e-01;6.299679e-02;6.761888e-02;3.193248e-02
8.049738e-02;6.028264e-02;1.205501e-01;8.526254e-02;7.942457e-02;5.682456e-02;1.073387e-01;1.001194e-01;7.058590e-02;7.729776e-02;1.001509e-01;6.166548e-02
7.658714e-02;4.260746e-02;1.263373e-01;6.395566e-02;7.052999e-02;4.998102e-02;9.248654e-02;7.403996e-02;1.289579e-01;1.342915e-01;7.789382e-02;6.233177e-02
5.250399e-02;3.367007e-02;9.893396e-02;6.409925e-02;6.740681e-02;3.429283e-02;6.449310e-02;4.138624e-02;1.801821e-01;2.394661e-01;7.663135e-02;4.693413e-02
2.678817e-02;2.585399e-02;4.645269e-02;4.363159e-02;7.567567e-02;4.424972e-02;3.384208e-02;2.703116e-02;1.588399e-01;3.522913e-01;1.372623e-01;2.808147e-02
2.112260e-02;2.446099e-02;1.108330e-02;1.730098e-02;6.627928e-02;8.225910e-02;4.869064e-02;3.265744e-02;6.623413e-02;3.084105e-01;2.917883e-01;2.971274e-02
1.310414e-02;1.166337e-02;1.380529e-02;6.312896e-03;4.471505e-02;1.346248e-01;5.868383e-02;1.647378e-02;1.538467e-02;1.560207e-01;4.911644e-01;3.804708e-02
7.522454e-03;5.122380e-03;1.776386e-02;4.682292e-03;2.666391e-02;1.489994e-01;5.540043e-02;8.301842e-03;1.628221e-02;8.407351e-02;5.748644e-01;5.032327e-02
1.374034e-02;5.140512e-03;2.308731e-02;5.746576e-03;1.660645e-02;1.237885e-01;6.146926e-02;9.798019e-03;1.627290e-02;4.685567e-02;5.258446e-01;1.516498e-01
3.101543e-02;5.675581e-03;2.026932e-02;8.182104e-03;1.635765e-02;8.431280e-02;8.035947e-02;2.324033e-02;1.912372e-02;3.216559e-02;3.599881e-01;3.193099e-01
6.858350e-02;7.507593e-03;1.659782e-02;1.823075e-02;1.632402e-02;5.043203e-02;1.032470e-01;3.696273e-02;1.492345e-02;1.862882e-02;1.875490e-01;4.610134e-01
7.755892e-02;5.289800e-03;9.774534e-03;4.172909e-02;1.493181e-02;2.829463e-02;1.478714e-01;4.117185e-02;1.091182e-02;1.759993e-02;1.117128e-01;4.931533e-01
7.856790e-02;9.706001e-03;6.361705e-03;1.010033e-01;1.964374e-02;3.101249e-02;2.081823e-01;3.379912e-02;7.290164e-03;1.263269e-02;7.255317e-02;4.192473e-01
7.202361e-02;1.177377e-02;2.005651e-02;1.836601e-01;4.098486e-02;3.649035e-02;2.335731e-01;3.522378e-02;1.161275e-02;1.442701e-02;5.499364e-02;2.851804e-01
6.003547e-02;1.110805e-02;2.615310e-02;1.941284e-01;8.839332e-02;3.816283e-02;2.300725e-01;6.338026e-02;3.456035e-02;1.415788e-02;5.774830e-02;1.820996e-01
5.018140e-02;1.082737e-02;7.188031e-02;1.218153e-01;9.772769e-02;8.619110e-02;2.236795e-01;6.223241e-02;7.026919e-02;1.652826e-02;7.269861e-02;1.159689e-01
2.719142e-02;1.695716e-02;1.194435e-01;4.388333e-02;5.812784e-02;1.721111e-01;1.952077e-01;3.519026e-02;8.875483e-02;3.908178e-02;1.374970e-01;6.655412e-02
3.064407e-02;3.304872e-02;1.137329e-01;5.050528e-02;6.348990e-02;2.236894e-01;1.036773e-01;3.062192e-02;7.221563e-02;7.608996e-02;1.689983e-01;3.328659e-02
3.005330e-02;3.743296e-02;7.827357e-02;7.279860e-02;8.519182e-02;1.864696e-01;1.074909e-01;5.746347e-02;4.611657e-02;9.538972e-02;1.592191e-01;4.410036e-02
5.021687e-02;3.690913e-02;7.528554e-02;7.876863e-02;6.069385e-02;1.069590e-01;1.554886e-01;7.922764e-02;6.663126e-02;6.816950e-02;1.471376e-01;7.451235e-02
5.826633e-02;3.656356e-02;8.030783e-02;8.280921e-02;3.945691e-02;7.378858e-02;1.969858e-01;8.493450e-02;6.898956e-02;6.071985e-02;1.409539e-01;7.622396e-02
6.663245e-02;3.866685e-02;7.706603e-02;7.087131e-02;5.173101e-02;1.061930e-01;2.219416e-01;7.101588e-02;7.137451e-02;4.426211e-02;1.059467e-01;7.429844e-02
3.993321e-02;4.505845e-02;7.437582e-02;8.615349e-02;5.862148e-02;1.520993e-01;1.835122e-01;3.284214e-02;9.293216e-02;3.888474e-02;1.005983e-01;9.498861e-02
5.216488e-02;3.739608e-02;5.871747e-02;1.074489e-01;7.739431e-02;1.143228e-01;1.561276e-01;2.556638e-02;8.124347e-02;4.174620e-02;1.312848e-01;1.165872e-01
5.733973e-02;3.463551e-02;5.717238e-02;1.312295e-01;7.250583e-02;5.451744e-02;1.412452e-01;4.136780e-02;6.498135e-02;5.945324e-02;1.368265e-01;1.487255e-01
5.988203e-02;3.790824e-02;6.746428e-02;1.245737e-01;6.001768e-02;6.795908e-02;1.259962e-01;5.093109e-02;8.201315e-02;7.047959e-02;1.067368e-01;1.460381e-01
3.956977e-02;4.360921e-02;6.933794e-02;8.446229e-02;1.084004e-01;9.972468e-02;1.130266e-01;7.184648e-02;1.101324e-01;5.939729e-02;8.278324e-02;1.177097e-01
6.871199e-02;5.266452e-02;9.549285e-02;8.220813e-02;1.293763e-01;9.515362e-02;1.361889e-01;9.633809e-02;9.965678e-02;3.983935e-02;5.264279e-02;5.172665e-02
5.342122e-02;8.828051e-02;9.531225e-02;9.829358e-02;7.798983e-02;7.507791e-02;1.763157e-01;7.510941e-02;8.463688e-02;5.692895e-02;6.392259e-02;5.471116e-02
2.253017e-02;1.017926e-01;8.598035e-02;7.233430e-02;5.695356e-02;6.321385e-02;1.983311e-01;1.137328e-01;7.290166e-02;6.823844e-02;7.422827e-02;6.976292e-02
5.643659e-02;8.405419e-02;1.322225e-01;3.611653e-02;6.116718e-02;1.101890e-01;1.290894e-01;1.250584e-01;6.321887e-02;8.158050e-02;7.458678e-02;4.628007e-02
6.155492e-02;1.371811e-01;1.442236e-01;3.418197e-02;7.527668e-02;1.028519e-01;7.135567e-02;6.485429e-02;6.648889e-02;1.106476e-01;7.845591e-02;5.292750e-02
4.307374e-02;1.712903e-01;9.600437e-02;3.027042e-02;1.030830e-01;6.894480e-02;7.848722e-02;7.015604e-02;5.866237e-02;1.428447e-01;7.447916e-02;6.270392e-02
4.287531e-02;1.776033e-01;3.548201e-02;2.254803e-02;1.271541e-01;5.506171e-02;6.486432e-02;7.735142e-02;6.521919e-02;1.802731e-01;7.638838e-02;7.517914e-02
5.000823e-02;1.324485e-01;6.215845e-02;4.673420e-02;1.043911e-01;8.608872e-02;7.696265e-02;1.052531e-01;6.129745e-02;1.508449e-01;6.724420e-02;5.656853e-02
6.498969e-02;1.051959e-01;9.082124e-02;7.909794e-02;7.330439e-02;9.431005e-02;1.108743e-01;8.040404e-02;7.647288e-02;1.189914e-01;6.170047e-02;4.383758e-02
6.435691e-02;6.907950e-02;1.654090e-01;9.798802e-02;5.629523e-02;7.081159e-02;1.484012e-01;9.183824e-02;6.465646e-02;7.693272e-02;4.530008e-02;4.893105e-02
7.170715e-02;7.689928e-02;2.041595e-01;9.331658e-02;5.488038e-02;3.726719e-02;1.834781e-01;1.043468e-01;5.322969e-02;4.956285e-02;2.736530e-02;4.378714e-02
9.683581e-02;9.688881e-02;1.268896e-01;8.896460e-02;7.799020e-02;6.015686e-02;1.504736e-01;6.667824e-02;8.290066e-02;6.808685e-02;3.607035e-02;4.806443e-02
1.056188e-01;6.674691e-02;7.843418e-02;7.100675e-02;1.188213e-01;7.427107e-02;9.730559e-02;6.120826e-02;1.134168e-01;1.047667e-01;6.270730e-02;4.569635e-02
1.114405e-01;4.777901e-02;8.831140e-02;6.180475e-02;7.924166e-02;7.215940e-02;1.092519e-01;7.633689e-02;1.293256e-01;9.154315e-02;7.106508e-02;6.174070e-02
1.184814e-01;5.285616e-02;8.867484e-02;8.436206e-02;6.129031e-02;7.193016e-02;9.629203e-02;8.104616e-02;1.324017e-01;8.256029e-02;6.477801e-02;6.532685e-02
1.490561e-01;1.021035e-01;9.297273e-02;8.701014e-02;5.260852e-02;6.648411e-02;7.039832e-02;7.630498e-02;1.125368e-01;9.573159e-02;3.069920e-02;6.409395e-02
1.748061e-01;1.228916e-01;1.002352e-01;5.548282e-02;7.234373e-02;6.299412e-02;9.183881e-02;4.002575e-02;8.285327e-02;9.028075e-02;4.480796e-02;6.143987e-02
1.307342e-01;8.294886e-02;1.137517e-01;7.395229e-02;1.119197e-01;7.335405e-02;1.236386e-01;3.497927e-02;7.695618e-02;7.774270e-02;6.842915e-02;3.159318e-02
5.538370e-02;9.415000e-02;9.363908e-02;1.016893e-01;1.062125e-01;8.109727e-02;1.511099e-01;5.140525e-02;5.872179e-02;8.925532e-02;6.873690e-02;4.859908e-02
4.634130e-02;8.196960e-02;6.211359e-02;7.784451e-02;1.502566e-01;6.085924e-02;1.626597e-01;9.925242e-02;5.333295e-02;1.140102e-01;4.532112e-02;4.603873e-02
4.676367e-02;1.013794e-01;4.045575e-02;2.863306e-02;9.990022e-02;1.305067e-01;1.289094e-01;9.902499e-02;9.297578e-02;1.340331e-01;3.816339e-02;5.925453e-02
4.871891e-02;5.880701e-02;7.354776e-02;3.638345e-02;8.612700e-02;1.572074e-01;1.635112e-01;6.808233e-02;1.022452e-01;1.157807e-01;3.450286e-02;5.508609e-02
8.001249e-02;6.102484e-02;1.056544e-01;5.073346e-02;6.627817e-02;6.415938e-02;1.552097e-01;1.106254e-01;1.242523e-01;8.741470e-02;7.242379e-02;2.221144e-02
6.471470e-02;7.459200e-02;9.508000e-02;4.597214e-02;6.504079e-02;6.431249e-02;1.441954e-01;1.296482e-01;7.192059e-02;1.365768e-01;8.106852e-02;2.687844e-02
3.966476e-02;7.373641e-02;5.821922e-02;3.407899e-02;8.265335e-02;8.304033e-02;1.319753e-01;1.113377e-01;4.418545e-02;2.257176e-01;8.260542e-02;3.278543e-02
3.872644e-02;5.911677e-02;2.061944e-02;1.884050e-02;1.014974e-01;7.702392e-02;9.234285e-02;6.236880e-02;6.079018e-02;3.633683e-01;6.966993e-02;3.563549e-02
6.215353e-02;2.757987e-02;1.314247e-02;2.876176e-02;1.125140e-01;6.131593e-02;6.978210e-02;2.499203e-02;9.344260e-02;4.264869e-01;5.538866e-02;2.444015e-02
1.131625e-01;4.875437e-02;1.477543e-02;4.223463e-02;8.461070e-02;4.658314e-02;9.742391e-02;2.152991e-02;1.580439e-01;3.065214e-01;5.040068e-02;1.595952e-02
1.808066e-01;4.541819e-02;2.000307e-02;6.254306e-02;4.484506e-02;3.149392e-02;1.408835e-01;9.108484e-03;2.670442e-01;1.551682e-01;3.150592e-02;1.117988e-02
2.229994e-01;1.531685e-02;1.239009e-02;8.339148e-02;2.365552e-02;1.372290e-02;1.617344e-01;1.224992e-02;3.675020e-01;6.049199e-02;1.744479e-02;9.100676e-03
1.876429e-01;1.677289e-02;1.084147e-02;1.038316e-01;1.582401e-02;1.141825e-02;1.564005e-01;2.124600e-02;4.116957e-01;4.475195e-02;1.507789e-02;4.496929e-03
1.153792e-01;1.201512e-02;3.174043e-02;1.234199e-01;1.920290e-02;2.009775e-02;1.419407e-01;6.022761e-02;3.993495e-01;4.460034e-02;1.619536e-02;1.583115e-02
6.022261e-02;1.982611e-02;7.167280e-02;1.256514e-01;3.365336e-02;3.720548e-02;1.307330e-01;9.948864e-02;3.175210e-01;6.422593e-02;1.767730e-02;2.212231e-02
4.763630e-02;4.032588e-02;1.071747e-01;1.351163e-01;4.881268e-02;4.773256e-02;1.322351e-01;1.048535e-01;2.203348e-01;6.981839e-02;1.746694e-02;2.849293e-02
1.169529e-01;4.981221e-02;9.900291e-02;1.444501e-01;3.578028e-02;3.951246e-02;1.755352e-01;2.294071e-02;1.768245e-01;7.114419e-02;4.808424e-02;1.996030e-02
1.101660e-01;2.555783e-02;3.246407e-02;1.196447e-01;4.122688e-02;3.078348e-02;1.228956e-01;7.003558e-02;2.827007e-01;1.329443e-01;1.683064e-02;1.475029e-02
8.579026e-02;2.751993e-02;4.047580e-02;1.676161e-01;4.748621e-02;2.610894e-02;1.375336e-01;5.876023e-02;2.752446e-01;9.939750e-02;2.317845e-02;1.088839e-02
6.619319e-02;2.200178e-02;3.654056e-02;1.852362e-01;5.887851e-02;3.406764e-02;1.601555e-01;3.520583e-02;3.008218e-01;6.413659e-02;1.710630e-02;1.965611e-02
9.434652e-02;1.859745e-02;2.947469e-02;1.554655e-01;7.164341e-02;2.835723e-02;1.764019e-01;5.962827e-02;2.674697e-01;5.446023e-02;2.510259e-02;1.905251e-02
1.580655e-01;5.814271e-02;7.574920e-02;9.750696e-02;6.165690e-02;4.221758e-02;1.501852e-01;8.860049e-02;8.946350e-02;9.278424e-02;3.479514e-02;5.083265e-02
1.526655e-01;1.026627e-01;1.440526e-01;6.014959e-02;8.201098e-02;5.710792e-02;6.036796e-02;4.720054e-02;1.127600e-01;9.679997e-02;3.400442e-02;5.021781e-02
1.188407e-01;7.414730e-02;1.110052e-01;1.250394e-01;1.291554e-01;5.721423e-02;8.274056e-02;3.323613e-02;1.372179e-01;6.628567e-02;3.460126e-02;3.051618e-02
1.041566e-01;4.464879e-02;3.497423e-02;1.627952e-01;1.468909e-01;7.044099e-02;9.706779e-02;1.868595e-02;2.056572e-01;6.271277e-02;2.880506e-02;2.316444e-02
6.991867e-02;2.870397e-02;2.472489e-02;1.806951e-01;1.067169e-01;5.837958e-02;8.813384e-02;2.572579e-02;3.006847e-01;8.102685e-02;2.021657e-02;1.507314e-02
2.917799e-02;1.833878e-02;4.794647e-02;1.497840e-01;5.331058e-02;8.318640e-02;8.198697e-02;5.657570e-02;3.295489e-01;7.902493e-02;1.604538e-02;5.507390e-02
3.865196e-02;1.412492e-02;7.359441e-02;8.357665e-02;2.322419e-02;1.134097e-01;9.322612e-02;1.250550e-01;2.118469e-01;5.445483e-02;2.587860e-02;1.429567e-01
1.618518e-02;1.049717e-02;9.796596e-02;2.786919e-02;1.464835e-02;9.934770e-02;9.648745e-02;2.089339e-01;8.758930e-02;5.495801e-02;2.837674e-02;2.571411e-01
5.736106e-03;1.108925e-02;8.567151e-02;1.824216e-02;2.750696e-02;3.804920e-02;1.136219e-01;2.061079e-01;5.664898e-02;6.320928e-02;1.091340e-01;2.649828e-01
1.190463e-02;2.374994e-02;5.572423e-02;2.944819e-02;4.723740e-02;1.728830e-02;1.685758e-01;1.461239e-01;2.814906e-02;5.447726e-02;2.451240e-01;1.721974e-01
1.346390e-02;4.427271e-02;3.157399e-02;2.000637e-02;5.162027e-02;5.067905e-02;2.380044e-01;8.614623e-02;3.667311e-02;6.430173e-02;3.086699e-01;5.458837e-02
3.699243e-02;5.593767e-02;1.672198e-02;1.284421e-02;4.895520e-02;9.056852e-02;2.604471e-01;5.750108e-02;6.618290e-02;8.437268e-02;2.601804e-01;9.295815e-03
5.830377e-02;5.577652e-02;3.769942e-02;2.894893e-02;5.667104e-02;1.158287e-01;2.445562e-01;5.668072e-02;6.808464e-02;7.493415e-02;1.702227e-01;3.229318e-02
7.922755e-02;5.653246e-02;9.180181e-02;2.387567e-02;5.997949e-02;1.241143e-01;2.618244e-01;5.945358e-02;4.616093e-02;7.111890e-02;7.427289e-02;5.163805e-02
6.845327e-02;5.207708e-02;8.335146e-02;3.099662e-02;4.341190e-02;1.170819e-01;2.247206e-01;6.775530e-02;1.181325e-01;8.534484e-02;6.768579e-02;4.098866e-02
5.969093e-02;3.532640e-02;6.225248e-02;2.525805e-02;6.928793e-02;1.054023e-01;1.542418e-01;5.569244e-02;2.281751e-01;9.115487e-02;7.225233e-02;4.126539e-02
3.791763e-02;3.354758e-02;4.204599e-02;2.718722e-02;8.647214e-02;8.088391e-02;1.112574e-01;9.427477e-02;3.036443e-01;8.814695e-02;3.888976e-02;5.573241e-02
1.638269e-02;5.333600e-02;4.077035e-02;4.864349e-02;6.310254e-02;6.149628e-02;1.012721e-01;1.653532e-01;2.346398e-01;7.731883e-02;8.282744e-02;5.485733e-02
2.935828e-02;5.306415e-02;5.127178e-02;6.924799e-02;3.215881e-02;6.014475e-02;1.258066e-01;2.119779e-01;1.073852e-01;4.158790e-02;1.779979e-01;3.999877e-02
5.314391e-02;3.265966e-02;6.472984e-02;6.649353e-02;2.206133e-02;4.787637e-02;1.805812e-01;1.707336e-01;7.610676e-02;7.330105e-02;1.893406e-01;2.297217e-02
7.315145e-02;1.533596e-02;1.016694e-01;4.992718e-02;2.065395e-02;4.089957e-02;2.518554e-01;1.119878e-01;8.291560e-02;8.032813e-02;1.343045e-01;3.697107e-02
7.250789e-02;1.845983e-02;1.546461e-01;3.779440e-02;2.703568e-02;5.190929e-02;2.791840e-01;6.810704e-02;6.804956e-02;6.191088e-02;1.077699e-01;5.262552e-02
5.356089e-02;1.957698e-02;2.242503e-01;3.410965e-02;2.406081e-02;3.902145e-02;2.654424e-01;1.049623e-01;7.658972e-02;2.863614e-02;7.340825e-02;5.638114e-02
4.146861e-02;3.727199e-02;2.510827e-01;5.348701e-02;3.212918e-02;3.727307e-02;1.866208e-01;9.126247e-02;8.144666e-02;5.628519e-02;8.580907e-02;4.586324e-02
3.350230e-02;4.889343e-02;2.404835e-01;7.495062e-02;3.458994e-02;5.026344e-02;1.475471e-01;4.589912e-02;1.219154e-01;6.192350e-02;1.019560e-01;3.807575e-02
2.299611e-02;5.860717e-02;1.306157e-01;6.261602e-02;4.254754e-02;5.238867e-02;1.402621e-01;8.020283e-02;2.136033e-01;4.972073e-02;1.147356e-01;3.170425e-02
3.639297e-02;3.851382e-02;7.063906e-02;3.611566e-02;5.101658e-02;8.060095e-02;1.527822e-01;8.102850e-02;2.313940e-01;7.992981e-02;9.759976e-02;4.398671e-02
2.727091e-02;2.564765e-02;1.152112e-01;2.500887e-02;4.392574e-02;8.073539e-02;1.339761e-01;8.717147e-02;1.876678e-01;9.869904e-02;1.087738e-01;6.591205e-02
3.918055e-02;3.540173e-02;1.044271e-01;2.884279e-02;3.989159e-02;8.477604e-02;6.563447e-02;1.596330e-01;1.324713e-01;1.449254e-01;1.017952e-01;6.302072e-02
7.078277e-02;5.610409e-02;7.887434e-02;5.328932e-02;3.881361e-02;8.479671e-02;1.078362e-01;1.409999e-01;1.536937e-01;1.338902e-01;4.572643e-02;3.519266e-02
8.841677e-02;7.908468e-02;6.235911e-02;6.402799e-02;7.773442e-02;1.035001e-01;1.301507e-01;7.310529e-02;1.199290e-01;9.554127e-02;7.992161e-02;2.622898e-02
8.439715e-02;6.626604e-02;9.074788e-02;4.134885e-02;9.784808e-02;8.677600e-02;1.284941e-01;1.205945e-01;8.526311e-02;7.480628e-02;7.639594e-02;4.706213e-02
6.436341e-02;5.241582e-02;9.256170e-02;6.105487e-02;8.749046e-02;7.244291e-02;1.439906e-01;1.393740e-01;9.359895e-02;7.013409e-02;6.234712e-02;6.022605e-02
5.135250e-02;5.891047e-02;1.404036e-01;6.311066e-02;8.017794e-02;5.509684e-02;1.285481e-01;1.064916e-01;1.094974e-01;6.827953e-02;7.234216e-02;6.578916e-02
4.369127e-02;5.798179e-02;1.835212e-01;9.223682e-02;7.236717e-02;7.174104e-02;9.147475e-02;7.641505e-02;1.223162e-01;6.513254e-02;5.886405e-02;6.425809e-02
3.065958e-02;6.471547e-02;1.483215e-01;1.089675e-01;7.260162e-02;9.336788e-02;8.171123e-02;1.152519e-01;1.451328e-01;6.975379e-02;2.764048e-02;4.187625e-02
4.761465e-02;1.244455e-01;7.277313e-02;9.967625e-02;8.408310e-02;8.200069e-02;7.983214e-02;1.347698e-01;1.678210e-01;5.662981e-02;2.765600e-02;2.269795e-02
6.320447e-02;1.022234e-01;5.928689e-02;9.247832e-02;5.865806e-02;8.354168e-02;1.049872e-01;1.441838e-01;1.731452e-01;6.937896e-02;3.528411e-02;1.362788e-02
7.580775e-02;6.871240e-02;8.408096e-02;9.514064e-02;7.197750e-02;7.931820e-02;1.249001e-01;1.096880e-01;1.487695e-01;7.183926e-02;4.818626e-02;2.157954e-02
4.918226e-02;1.135321e-01;7.324842e-02;7.539708e-02;8.171799e-02;4.085902e-02;1.227772e-01;1.129834e-01;1.977049e-01;6.371664e-02;4.395738e-02;2.492359e-02
4.301043e-02;1.424817e-01;1.052429e-01;8.671916e-02;7.411228e-02;3.733205e-02;7.857268e-02;1.065776e-01;1.951299e-01;6.036513e-02;3.975200e-02;3.070420e-02
5.144600e-02;1.125288e-01;1.415577e-01;9.506860e-02;6.590953e-02;3.676176e-02;9.517670e-02;8.347558e-02;1.476681e-01;8.671097e-02;4.259475e-02;4.110152e-02
3.970263e-02;8.262961e-02;1.105094e-01;1.015867e-01;7.429803e-02;3.778754e-02;9.819864e-02;8.348827e-02;1.725016e-01;1.194793e-01;5.355918e-02;2.625911e-02
1.474767e-02;6.660913e-02;7.676262e-02;9.750834e-02;6.194566e-02;8.798562e-02;7.954398e-02;1.186349e-01;1.726329e-01;1.288348e-01;7.934669e-02;1.544770e-02
1.077802e-02;3.188157e-02;9.913887e-02;4.842327e-02;7.287395e-02;1.142708e-01;5.044591e-02;6.838761e-02;2.588097e-01;1.249114e-01;1.004037e-01;1.967523e-02
2.021558e-02;8.362748e-03;9.260079e-02;2.061694e-02;1.659465e-01;6.467730e-02;2.608221e-02;4.475839e-02;3.648950e-01;7.705422e-02;8.387879e-02;3.091158e-02
3.915500e-02;6.497992e-03;6.066181e-02;1.479679e-02;2.217700e-01;4.884229e-02;4.588241e-02;9.629495e-02;3.036043e-01;5.577398e-02;5.971863e-02;4.700179e-02
5.348041e-02;1.423138e-02;3.671298e-02;3.286477e-02;2.002434e-01;5.025721e-02;1.239070e-01;1.434527e-01;1.758953e-01;4.738645e-02;4.635669e-02;7.521179e-02
7.644681e-02;3.379884e-02;2.462639e-02;7.760879e-02;1.000953e-01;3.117504e-02;2.601922e-01;1.297178e-01;8.912046e-02;2.681602e-02;3.314943e-02;1.172530e-01
9.928005e-02;4.581147e-02;2.083892e-02;1.261882e-01;1.857172e-02;1.734810e-02;3.542278e-01;5.609108e-02;5.687816e-02;3.772876e-02;2.657182e-02;1.404638e-01
1.077678e-01;5.409508e-02;1.897074e-02;1.441670e-01;1.962710e-02;1.906480e-02;3.568252e-01;5.634350e-02;2.443035e-02;4.224036e-02;2.380849e-02;1.326596e-01
9.514493e-02;5.278901e-02;1.964105e-02;1.202410e-01;2.308383e-02;1.588803e-02;3.558377e-01;1.041098e-01;3.267895e-02;2.797009e-02;2.093797e-02;1.316776e-01
7.043822e-02;3.913053e-02;3.520551e-02;7.845419e-02;5.088776e-02;3.267381e-02;2.930205e-01;1.841384e-01;2.820001e-02;2.100747e-02;4.570070e-02;1.211428e-01
3.999290e-02;1.673868e-02;5.571933e-02;3.524382e-02;7.775351e-02;8.464580e-02;1.964844e-01;2.183326e-01;4.145689e-02;2.834344e-02;1.085172e-01;9.677149e-02
3.371661e-02;1.623613e-02;7.630669e-02;2.523719e-02;7.920004e-02;1.407979e-01;1.673554e-01;1.479326e-01;4.150121e-02;6.184489e-02;1.453446e-01;6.452668e-02
5.103842e-02;3.251736e-02;7.575996e-02;4.274275e-02;8.988447e-02;1.420820e-01;1.877496e-01;9.026970e-02;2.490056e-02;9.785197e-02;1.213867e-01;4.381655e-02
4.759002e-02;3.638091e-02;6.961973e-02;5.892455e-02;1.036811e-01;1.223728e-01;1.953440e-01;1.024194e-01;5.824572e-02;1.041257e-01;6.666385e-02;3.463226e-02
3.215594e-02;2.861603e-02;8.286580e-02;7.912936e-02;6.188538e-02;1.229911e-01;1.997531e-01;1.588675e-01;9.603805e-02;7.249091e-02;3.594072e-02;2.926609e-02
2.994501e-02;5.507755e-02;9.675443e-02;6.510168e-02;6.473366e-02;1.228769e-01;2.363092e-01;1.508883e-01;7.680902e-02;5.633328e-02;2.541507e-02;1.975596e-02
5.439904e-02;7.308055e-02;7.509447e-02;3.784756e-02;7.330325e-02;1.255736e-01;3.166443e-01;1.234535e-01;3.958425e-02;3.673626e-02;2.750731e-02;1.677589e-02
5.876794e-02;5.138766e-02;8.038969e-02;3.694646e-02;1.127144e-01;1.273251e-01;2.531328e-01;1.530754e-01;5.075426e-02;2.545319e-02;2.908569e-02;2.096733e-02
5.605619e-02;4.060087e-02;1.519347e-01;5.725306e-02;1.258663e-01;1.056622e-01;1.707444e-01;1.669168e-01;5.781877e-02;1.525452e-02;3.448127e-02;1.741092e-02
5.514419e-02;5.013907e-02;2.144201e-01;6.721039e-02;9.584926e-02;7.885507e-02;1.783897e-01;1.308798e-01;5.513989e-02;1.370934e-02;2.914156e-02;3.112173e-02
3.914544e-02;7.288961e-02;1.859470e-01;8.164947e-02;1.143106e-01;1.205070e-01;1.782112e-01;6.080346e-02;6.181144e-02;1.772261e-02;1.730381e-02;4.969838e-02
2.905129e-02;8.736061e-02;1.332654e-01;8.248209e-02;1.172225e-01;1.692322e-01;1.550994e-01;3.469842e-02;8.475750e-02;2.385484e-02;3.281931e-02;5.015633e-02
6.105078e-02;7.156297e-02;6.740840e-02;6.286356e-02;1.070843e-01;1.610477e-01;1.642558e-01;6.316829e-02;9.587115e-02;3.023886e-02;7.436721e-02;4.108101e-02
9.274906e-02;3.718163e-02;6.984613e-02;4.740451e-02;1.207712e-01;1.048469e-01;1.434965e-01;1.448188e-01;8.036276e-02;4.525184e-02;9.056447e-02;2.270617e-02
9.336437e-02;1.634660e-02;7.649415e-02;5.882573e-02;1.081314e-01;8.021785e-02;1.563250e-01;1.857887e-01;6.579348e-02;7.520952e-02;6.736184e-02;1.614138e-02
6.224037e-02;2.425013e-02;5.835724e-02;9.052645e-02;6.705903e-02;7.294646e-02;2.416137e-01;1.364549e-01;8.953312e-02;8.585566e-02;3.493809e-02;3.622479e-02
3.799061e-02;2.731920e-02;8.030707e-02;8.303893e-02;6.004094e-02;8.061019e-02;3.038491e-01;7.788233e-02;1.115613e-01;6.028450e-02;3.083476e-02;4.628113e-02
5.584725e-02;2.210893e-02;9.571183e-02;6.163268e-02;5.340757e-02;8.525708e-02;3.037451e-01;7.552832e-02;1.090844e-01;4.306303e-02;3.944550e-02;5.516832e-02
6.840368e-02;1.712564e-02;9.524026e-02;4.285820e-02;4.844494e-02;1.086830e-01;2.691150e-01;1.145606e-01;9.203402e-02;3.949042e-02;5.499488e-02;4.904935e-02
6.937894e-02;2.376864e-02;8.399285e-02;3.422804e-02;8.414041e-02;1.068326e-01;2.236826e-01;1.269739e-01;9.453989e-02;4.916497e-02;6.673108e-02;3.656609e-02
4.996557e-02;3.199128e-02;8.219089e-02;5.100439e-02;8.551928e-02;8.882722e-02;2.068270e-01;1.442057e-01;1.130238e-01;6.316247e-02;5.057921e-02;3.270310e-02
3.797127e-02;4.150955e-02;9.175583e-02;5.392469e-02;7.240666e-02;7.936756e-02;1.853778e-01;1.145499e-01;1.672546e-01;7.025132e-02;5.023251e-02;3.539822e-02
6.377652e-02;2.707008e-02;9.241416e-02;6.402108e-02;7.153042e-02;5.828808e-02;1.327227e-01;1.034321e-01;1.570621e-01;8.640587e-02;7.224791e-02;7.102914e-02
7.280579e-02;4.515671e-02;7.760787e-02;6.767613e-02;6.841887e-02;9.400100e-02;1.147832e-01;1.181721e-01;1.054325e-01;8.061945e-02;6.964628e-02;8.567999e-02
8.412809e-02;5.853194e-02;4.513909e-02;4.690855e-02;7.542908e-02;1.077686e-01;1.154726e-01;9.432463e-02;1.412972e-01;7.359972e-02;6.058547e-02;9.681500e-02
6.763665e-02;8.273480e-02;6.906561e-02;7.747234e-02;8.867296e-02;8.661964e-02;8.857121e-02;7.668997e-02;1.261009e-01;7.462535e-02;7.952221e-02;8.228827e-02
7.115137e-02;9.496692e-02;8.125865e-02;8.878633e-02;7.143134e-02;5.448518e-02;7.766531e-02;6.794418e-02;8.987153e-02;7.717250e-02;1.242438e-01;1.010229e-01
5.456505e-02;5.961637e-02;9.560123e-02;9.366146e-02;5.289517e-02;7.194755e-02;7.055286e-02;7.024285e-02;1.163083e-01;8.799660e-02;1.069160e-01;1.196966e-01
4.377574e-02;6.671455e-02;9.339570e-02;7.632602e-02;5.240847e-02;7.396088e-02;6.786710e-02;5.716589e-02;1.152817e-01;1.376906e-01;1.062280e-01;1.091854e-01
4.223103e-02;1.050864e-01;7.244951e-02;5.154785e-02;6.422086e-02;4.922033e-02;1.120194e-01;5.779458e-02;7.936163e-02;1.468203e-01;1.276227e-01;9.162541e-02
4.983052e-02;9.453817e-02;7.864689e-02;6.006702e-02;6.410155e-02;4.458512e-02;1.489537e-01;5.421095e-02;7.246872e-02;1.279568e-01;8.420612e-02;1.204345e-01
4.151679e-02;4.800177e-02;1.478206e-01;5.677522e-02;3.035491e-02;4.815500e-02;1.423303e-01;4.008932e-02;1.174807e-01;1.363105e-01;8.980341e-02;1.013616e-01
4.915223e-02;5.321826e-02;2.278301e-01;5.577046e-02;2.236544e-02;6.162776e-02;1.112371e-01;5.131384e-02;1.354931e-01;1.043088e-01;7.073246e-02;5.695032e-02
5.276183e-02;5.515467e-02;2.438077e-01;3.929780e-02;3.237012e-02;7.003629e-02;9.306072e-02;8.163806e-02;1.253302e-01;1.038121e-01;5.673935e-02;4.599127e-02
5.545988e-02;3.740358e-02;2.451635e-01;4.270903e-02;4.464354e-02;7.475347e-02;8.918780e-02;8.576376e-02;1.295087e-01;9.419099e-02;3.518905e-02;6.602671e-02
5.834903e-02;3.996661e-02;1.999059e-01;8.123842e-02;6.412858e-02;7.511294e-02;1.261510e-01;6.559190e-02;1.042973e-01;8.690306e-02;3.381635e-02;6.453902e-02
6.140751e-02;5.703035e-02;9.003644e-02;8.705456e-02;6.083449e-02;8.418602e-02;1.585188e-01;5.589918e-02;1.259672e-01;8.765218e-02;6.626268e-02;6.515060e-02
1.023956e-01;6.130552e-02;6.116533e-02;1.124304e-01;7.290836e-02;8.612380e-02;1.077563e-01;6.029307e-02;1.273656e-01;8.516247e-02;8.554840e-02;3.754525e-02
1.006508e-01;6.937492e-02;5.913408e-02;9.122907e-02;8.577031e-02;6.835277e-02;1.295586e-01;6.564689e-02;9.680321e-02;1.208861e-01;8.501700e-02;2.757631e-02
8.505498e-02;5.190659e-02;8.176149e-02;7.148983e-02;8.603103e-02;6.673182e-02;1.845057e-01;6.870756e-02;8.344708e-02;1.114929e-01;6.685515e-02;4.201588e-02
6.013637e-02;3.616868e-02;2.131533e-01;5.406122e-02;1.079117e-01;8.663454e-02;1.841323e-01;4.441627e-02;6.958644e-02;5.770210e-02;5.510017e-02;3.099695e-02
5.667568e-02;3.249893e-02;1.879677e-01;5.917669e-02;1.114641e-01;7.770551e-02;2.167244e-01;4.045063e-02;6.941597e-02;8.402447e-02;4.262669e-02;2.126913e-02
3.725304e-02;3.255851e-02;1.331373e-01;6.430712e-02;1.295315e-01;1.062658e-01;2.003879e-01;3.788535e-02;7.363783e-02;1.268149e-01;4.376170e-02;1.445903e-02
1.746777e-02;2.839277e-02;7.911980e-02;6.133822e-02;1.697343e-01;1.478465e-01;9.948319e-02;3.376141e-02;7.858375e-02;2.053425e-01;6.125108e-02;1.767858e-02
6.873100e-03;2.466611e-02;3.570645e-02;3.720176e-02;2.595412e-01;8.605094e-02;3.390292e-02;3.370552e-02;1.043089e-01;2.837796e-01;7.411259e-02;2.015092e-02
9.675872e-03;3.404345e-02;2.184022e-02;5.025182e-02;2.796991e-01;4.282992e-02;2.335136e-02;6.724643e-02;1.086489e-01;2.700505e-01;7.601582e-02;1.634665e-02
1.050510e-02;4.506656e-02;1.849022e-02;8.424518e-02;2.344526e-01;5.021058e-02;1.980486e-02;1.185678e-01;8.558447e-02;2.207047e-01;9.722465e-02;1.514324e-02
9.602780e-03;4.905583e-02;1.859117e-02;8.537135e-02;1.775679e-01;6.136579e-02;3.003349e-02;1.353073e-01;7.478929e-02;2.327566e-01;1.083101e-01;1.724851e-02
9.997061e-03;4.237654e-02;1.488399e-02;4.505996e-02;2.536736e-01;4.507545e-02;3.533514e-02;8.415234e-02;8.782464e-02;2.793405e-01;8.202095e-02;2.025984e-02
7.458501e-03;3.188016e-02;3.527524e-02;3.362599e-02;2.935210e-01;5.843272e-02;2.816934e-02;5.134442e-02;8.341908e-02;2.974014e-01;6.299771e-02;1.647449e-02
1.310044e-02;2.428322e-02;4.047033e-02;8.170504e-02;1.851889e-01;8.021984e-02;7.599744e-02;5.820804e-02;1.190413e-01;2.410323e-01;6.509698e-02;1.565600e-02
4.833082e-02;3.037263e-02;2.762170e-02;1.184894e-01;8.271535e-02;4.667737e-02;7.463776e-02;6.247301e-02;1.955835e-01;2.293106e-01;6.374177e-02;2.004616e-02
7.204361e-02;5.303680e-02;5.015318e-02;1.397968e-01;7.312606e-02;3.784035e-02;4.370924e-02;4.691832e-02;2.170452e-01;1.993273e-01;4.608465e-02;2.091853e-02
5.081810e-02;6.638841e-02;6.381929e-02;1.421153e-01;1.027608e-01;8.097305e-02;4.037973e-02;6.252146e-02;2.027282e-01;1.204981e-01;2.109299e-02;4.590452e-02
2.730057e-02;4.476675e-02;8.635876e-02;9.936459e-02;7.794531e-02;9.192702e-02;7.261998e-02;1.186603e-01;2.180169e-01;6.044429e-02;2.016781e-02;8.242777e-02
1.582873e-02;2.111451e-02;1.194209e-01;4.946614e-02;3.014682e-02;5.802834e-02;6.467640e-02;1.520723e-01;2.654227e-01;7.327899e-02;1.743314e-02;1.331109e-01
1.221126e-02;1.105301e-02;1.216873e-01;1.900324e-02;1.656631e-02;2.653779e-02;5.862807e-02;1.727848e-01;2.136590e-01;9.524210e-02;2.009900e-02;2.325282e-01
3.413559e-02;9.657948e-03;9.588862e-02;1.497784e-02;1.529698e-02;4.955082e-02;4.974729e-02;1.899876e-01;7.767891e-02;9.119468e-02;2.291674e-02;3.489670e-01
4.137821e-02;6.652646e-03;9.926649e-02;1.647787e-02;1.159140e-02;9.441907e-02;4.721318e-02;1.725461e-01;2.335557e-02;7.670857e-02;2.308545e-02;3.873054e-01
1.787914e-02;1.074940e-02;1.292579e-01;1.492580e-02;1.141729e-02;1.379709e-01;5.525754e-02;1.589210e-01;1.529933e-02;5.641966e-02;9.360272e-03;3.825418e-01
1.495541e-02;1.489715e-02;1.558767e-01;1.596784e-02;8.937622e-03;1.843660e-01;5.149952e-02;1.380939e-01;1.788950e-02;3.106502e-02;1.458933e-02;3.518620e-01
2.070209e-02;1.068642e-02;1.552616e-01;2.246716e-02;8.896143e-03;2.425017e-01;4.634991e-02;1.138785e-01;3.591684e-02;2.501769e-02;8.460092e-03;3.098619e-01
3.963396e-02;1.761164e-02;1.217298e-01;3.652987e-02;1.228852e-02;2.815698e-01;3.707912e-02;9.989107e-02;6.140000e-02;1.865510e-02;7.136511e-03;2.664745e-01
7.485351e-02;2.184838e-02;9.189311e-02;8.189300e-02;1.820268e-02;2.310691e-01;4.511979e-02;8.470819e-02;1.234587e-01;1.534669e-02;1.629166e-02;1.953153e-01
1.561499e-01;1.321008e-02;5.533059e-02;1.127744e-01;1.556955e-02;9.906007e-02;6.577859e-02;7.494971e-02;2.129567e-01;1.513741e-02;3.799737e-02;1.410856e-01
2.213327e-01;8.622189e-03;4.146826e-02;7.691503e-02;2.025196e-02;4.537865e-02;9.611221e-02;5.247666e-02;2.305284e-01;2.841196e-02;4.795867e-02;1.305433e-01
2.123023e-01;2.569071e-02;3.276775e-02;4.175209e-02;4.124178e-02;6.362680e-02;8.789586e-02;4.145651e-02;2.164627e-01;7.687443e-02;4.097830e-02;1.189508e-01
1.434472e-01;5.669478e-02;2.444556e-02;3.472539e-02;6.813847e-02;5.322574e-02;4.050883e-02;5.494506e-02;2.348538e-01;1.773374e-01;2.068901e-02;9.098874e-02
7.792922e-02;6.259146e-02;2.087359e-02;3.007204e-02;7.566790e-02;4.186156e-02;4.249132e-02;8.149628e-02;2.364575e-01;2.305060e-01;4.911112e-02;5.094209e-02
4.248295e-02;4.408129e-02;5.241412e-02;3.838402e-02;7.960066e-02;8.394121e-02;6.711972e-02;7.557940e-02;1.662386e-01;1.828040e-01;1.223534e-01;4.500067e-02
3.980913e-02;3.209782e-02;7.149556e-02;5.529935e-02;8.536916e-02;1.077870e-01;6.952117e-02;9.098982e-02;1.174227e-01;1.165050e-01;1.447214e-01;6.898186e-02
8.711419e-02;4.151139e-02;5.557795e-02;6.224782e-02;5.019789e-02;1.027324e-01;8.944152e-02;1.057075e-01;1.414009e-01;9.882768e-02;1.045367e-01;6.070415e-02
1.937943e-01;4.479392e-02;4.709610e-02;5.203355e-02;3.505009e-02;8.851322e-02;9.193264e-02;6.563763e-02;8.481328e-02;1.499976e-01;7.279547e-02;7.354221e-02
2.787217e-01;4.196104e-02;4.420067e-02;3.293508e-02;4.930213e-02;7.585947e-02;6.178082e-02;7.116605e-02;6.191000e-02;1.629099e-01;3.585843e-02;8.339469e-02
2.638724e-01;9.761081e-02;8.056434e-02;3.008471e-02;5.586657e-02;6.622943e-02;6.255053e-02;9.301224e-02;5.162209e-02;8.442543e-02;5.968524e-02;5.447618e-02
2.147856e-01;1.688332e-01;1.254481e-01;2.976335e-02;4.316751e-02;5.232835e-02;8.231222e-02;6.125696e-02;4.008770e-02;7.030960e-02;8.046184e-02;3.124555e-02
1.832394e-01;2.129946e-01;1.685196e-01;3.875030e-02;2.662167e-02;6.443539e-02;7.605266e-02;2.694649e-02;6.632196e-02;5.713321e-02;5.621409e-02;2.277065e-02
1.899842e-01;1.795520e-01;1.656616e-01;3.636069e-02;5.321319e-02;5.873889e-02;5.858601e-02;3.052708e-02;8.906209e-02;8.078546e-02;3.202388e-02;2.550496e-02
2.672534e-01;5.750498e-02;1.230626e-01;2.493462e-02;8.579131e-02;3.357333e-02;6.667257e-02;7.265033e-02;9.544717e-02;8.796129e-02;5.103295e-02;3.411536e-02
3.272455e-01;5.847293e-02;7.837385e-02;2.522422e-02;6.080898e-02;2.575501e-02;5.357557e-02;1.322601e-01;6.651606e-02;6.159745e-02;6.345226e-02;4.671806e-02
3.043042e-01;6.450086e-02;8.559033e-02;2.015321e-02;3.502366e-02;5.655551e-02;3.976065e-02;1.354076e-01;6.103315e-02;8.254657e-02;7.352649e-02;4.159779e-02
2.512694e-01;6.131472e-02;8.772582e-02;2.681070e-02;4.187523e-02;9.582309e-02;4.456866e-02;7.451070e-02;1.080031e-01;7.899720e-02;8.656532e-02;4.253605e-02
2.131342e-01;5.405663e-02;2.790021e-02;3.499157e-02;3.905494e-02;1.357714e-01;6.026356e-02;8.467849e-02;1.336317e-01;6.222529e-02;9.049844e-02;6.379354e-02
1.322663e-01;6.657967e-02;1.113702e-01;5.329658e-02;8.293744e-02;9.958899e-02;4.182436e-02;1.134627e-01;1.030984e-01;7.843259e-02;5.807117e-02;5.907166e-02
1.253555e-01;7.094833e-02;1.897269e-01;5.116048e-02;9.551573e-02;5.105786e-02;5.866893e-02;1.109078e-01;6.126409e-02;6.380732e-02;8.262774e-02;3.895928e-02
8.331046e-02;1.482560e-01;2.541150e-01;4.471308e-02;5.168930e-02;9.897393e-02;4.110395e-02;5.873531e-02;9.525280e-02;3.984717e-02;5.876923e-02;2.523367e-02
3.443761e-02;1.302406e-01;3.538421e-01;5.394583e-02;6.498834e-02;9.926867e-02;4.686635e-02;2.513281e-02;7.218634e-02;7.972027e-02;2.675558e-02;1.261548e-02
3.122734e-02;7.953674e-02;4.273430e-01;5.950036e-02;9.165981e-02;4.765501e-02;7.000261e-02;1.876039e-02;4.076462e-02;9.459692e-02;2.605272e-02;1.290052e-02
3.260231e-02;4.647433e-02;5.289911e-01;6.679597e-02;8.860011e-02;1.910777e-02;7.340783e-02;1.178989e-02;2.678749e-02;7.933690e-02;1.829273e-02;7.813591e-03
2.844277e-02;2.265903e-02;6.346616e-01;8.961446e-02;5.301496e-02;9.201033e-03;6.249429e-02;1.062609e-02;1.736522e-02;4.940780e-02;1.308664e-02;9.426090e-03
2.044182e-02;1.462447e-02;6.486655e-01;1.057340e-01;5.000326e-02;9.008384e-03;6.110092e-02;4.291111e-03;8.344823e-03;5.867405e-02;9.722233e-03;9.389323e-03
2.529813e-02;2.188368e-02;6.392820e-01;8.356909e-02;7.905536e-02;8.355687e-03;5.929888e-02;3.258399e-03;5.571044e-03;6.343464e-02;4.113785e-03;6.879331e-03
3.965010e-02;2.703592e-02;6.284955e-01;6.076987e-02;1.048115e-01;5.167942e-03;4.931856e-02;3.740852e-03;5.097505e-03;6.703063e-02;4.018398e-03;4.863223e-03
4.733543e-02;4.612904e-02;6.156040e-01;4.270123e-02;1.137304e-01;3.400728e-03;3.979083e-02;3.678495e-03;6.584290e-03;6.991694e-02;6.039243e-03;5.089341e-03
3.754915e-02;6.833372e-02;6.271576e-01;2.789919e-02;9.913758e-02;4.779091e-03;3.208024e-02;3.979210e-03;4.859816e-03;8.456373e-02;4.961666e-03;4.698998e-03
2.529775e-02;1.121437e-01;6.087447e-01;1.825372e-02;6.453595e-02;7.898869e-03;2.321854e-02;8.300079e-03;1.839243e-02;9.188922e-02;2.913826e-03;1.841124e-02
3.195103e-02;1.720335e-01;5.466771e-01;1.665913e-02;3.848064e-02;1.376868e-02;1.711196e-02;1.286744e-02;3.046939e-02;7.181490e-02;3.844032e-03;4.432221e-02
5.290841e-02;2.161711e-01;4.761344e-01;1.530214e-02;2.250509e-02;2.191771e-02;1.357491e-02;1.761054e-02;4.018470e-02;5.165410e-02;6.939481e-03;6.509742e-02
5.362724e-02;2.463871e-01;3.991189e-01;3.330544e-02;1.162502e-02;4.398414e-02;1.479404e-02;1.940940e-02;6.531097e-02;3.716460e-02;9.537242e-03;6.573588e-02
1.179317e-01;2.493430e-01;3.039487e-01;4.525647e-02;2.654829e-02;5.889386e-02;1.270607e-02;2.331775e-02;7.161489e-02;3.424607e-02;1.187856e-02;4.431466e-02
1.899955e-01;1.582776e-01;2.689548e-01;4.581328e-02;6.325641e-02;4.950381e-02;1.898368e-02;3.087450e-02;6.368326e-02;4.302108e-02;2.370391e-02;4.393222e-02
2.041049e-01;1.019221e-01;2.601027e-01;3.248258e-02;7.662511e-02;3.564861e-02;4.179241e-02;6.192163e-02;6.885669e-02;3.871087e-02;2.886364e-02;4.896883e-02
2.060579e-01;7.935589e-02;2.149209e-01;6.079337e-02;4.387507e-02;4.112846e-02;1.030324e-01;6.002993e-02;3.831714e-02;3.698876e-02;4.552008e-02;6.998002e-02
1.276055e-01;7.511841e-02;2.024916e-01;7.311469e-02;4.663002e-02;5.524557e-02;1.184766e-01;3.130098e-02;4.848821e-02;5.924710e-02;8.884706e-02;7.343429e-02
4.549484e-02;5.023950e-02;1.990475e-01;8.273186e-02;5.652277e-02;7.428098e-02;7.559907e-02;4.784282e-02;7.581758e-02;1.212832e-01;1.087890e-01;6.235088e-02
3.696668e-02;2.488766e-02;1.605963e-01;8.751858e-02;8.861466e-02;7.185851e-02;7.426856e-02;5.507331e-02;1.225037e-01;1.479930e-01;7.807791e-02;5.164109e-02
