7.778668e-02;8.694530e-02;1.072153e-01;2.672731e-02;5.040189e-02;9.505208e-02;1.055299e-01;6.800155e-02;1.003057e-01;8.028286e-02;6.093817e-02;1.408132e-01
6.255863e-02;6.980146e-02;8.941659e-02;5.210335e-02;5.369413e-02;5.631528e-02;1.914381e-01;6.778193e-02;1.414752e-01;5.192551e-02;5.947812e-02;1.040118e-01
9.699333e-02;8.595525e-02;6.019386e-02;2.760698e-02;4.580551e-02;4.116259e-02;1.570009e-01;1.120865e-01;1.682817e-01;1.130560e-01;6.646500e-02;2.539233e-02
1.342504e-01;7.065187e-02;6.875181e-02;3.757955e-02;5.190471e-02;4.341568e-02;1.159850e-01;1.367306e-01;1.447973e-01;5.554435e-02;9.467743e-02;4.571114e-02
1.230326e-01;6.259561e-02;1.359012e-01;5.314964e-02;6.508330e-02;4.261577e-02;8.855757e-02;8.283559e-02;1.518337e-01;4.899750e-02;1.186616e-01;2.673606e-02
6.007656e-02;4.195050e-02;1.958454e-01;5.656445e-02;8.837142e-02;5.653688e-02;2.001785e-01;3.013359e-02;8.336920e-02;5.904214e-02;4.794175e-02;7.998966e-02
5.810237e-02;3.608365e-02;2.098149e-01;7.530168e-02;9.185027e-02;6.229078e-02;1.816285e-01;3.385099e-02;4.695713e-02;5.269428e-02;6.372386e-02;8.770166e-02
5.208476e-02;3.036967e-02;2.468445e-01;1.090799e-01;8.844199e-02;5.729294e-02;1.314749e-01;3.224256e-02;2.957228e-02;4.474851e-02;1.050795e-01;7.276850e-02
3.678796e-02;1.844839e-02;3.020518e-01;1.775387e-01;6.757419e-02;5.074660e-02;6.200683e-02;4.070420e-02;1.622651e-02;3.957320e-02;1.480135e-01;4.032807e-02
1.158698e-02;8.382714e-03;2.809440e-01;2.450925e-01;9.629702e-02;5.768386e-02;1.500358e-02;7.290735e-02;1.144252e-02;2.315066e-02;1.614392e-01;1.606954e-02
7.291116e-03;9.222938e-03;2.030964e-01;2.200719e-01;1.816637e-01;5.832104e-02;2.586208e-02;8.255711e-02;1.633838e-02;2.722682e-02;1.214264e-01;4.692204e-02
7.191211e-03;1.554896e-02;2.076589e-01;1.729317e-01;2.232731e-01;4.811195e-02;4.830498e-02;6.567878e-02;2.623832e-02;2.564713e-02;7.849231e-02;8.092275e-02
1.011706e-02;2.802089e-02;2.907320e-01;1.680127e-01;1.489173e-01;4.163789e-02;4.671774e-02;6.102645e-02;3.311926e-02;3.554864e-02;7.480317e-02;6.134697e-02
3.135919e-02;5.851503e-02;3.299572e-01;1.243645e-01;1.056175e-01;4.360222e-02;3.943435e-02;5.116068e-02;5.069812e-02;5.960381e-02;7.563563e-02;3.005182e-02
7.027319e-02;9.507263e-02;2.831721e-01;5.797108e-02;1.025685e-01;6.368230e-02;5.114649e-02;6.422409e-02;6.081197e-02;7.315866e-02;6.222714e-02;1.569183e-02
9.432399e-02;7.835541e-02;1.247835e-01;1.150960e-01;9.151383e-02;8.088582e-02;8.078069e-02;1.221119e-01;5.554501e-02;5.164696e-02;4.741698e-02;5.753985e-02
8.320662e-02;5.585238e-02;9.918761e-02;1.398986e-01;6.689755e-02;7.508741e-02;9.979497e-02;7.798243e-02;6.132326e-02;8.490247e-02;7.183789e-02;8.402883e-02
3.498290e-02;6.237866e-02;1.250819e-01;1.157673e-01;8.333388e-02;5.624185e-02;1.324030e-01;5.766285e-02;1.007343e-01;9.357776e-02;7.716039e-02;6.067525e-02
8.480444e-02;9.365445e-02;2.489817e-01;6.845203e-02;6.715594e-02;4.732664e-02;1.345680e-01;4.799145e-02;6.901135e-02;5.528113e-02;5.117402e-02;3.159881e-02
7.750197e-02;6.140230e-02;2.748232e-01;1.117740e-01;8.199113e-02;6.456149e-02;9.936809e-02;3.569786e-02;4.365914e-02;6.233793e-02;4.136731e-02;4.551557e-02
8.213113e-02;3.441525e-02;1.883192e-01;1.261767e-01;1.300249e-01;8.240490e-02;9.847829e-02;4.854007e-02;6.087298e-02;5.395685e-02;4.272506e-02;5.195458e-02
8.688369e-02;2.121441e-02;1.027013e-01;1.048732e-01;1.896975e-01;1.207022e-01;1.174589e-01;4.553241e-02;6.854927e-02;3.841514e-02;3.878673e-02;6.518526e-02
8.373302e-02;1.117409e-02;4.700989e-02;4.733291e-02;2.689197e-01;1.820018e-01;1.316173e-01;2.628638e-02;7.350840e-02;1.852600e-02;1.619248e-02;9.369799e-02
6.419680e-02;6.110723e-03;3.361582e-02;5.020384e-02;3.424405e-01;1.744170e-01;9.030613e-02;1.189577e-02;6.463132e-02;9.559521e-03;3.613452e-02;1.164880e-01
3.625129e-02;9.879952e-03;4.376756e-02;1.115680e-01;3.293577e-01;1.051744e-01;4.549786e-02;1.852145e-02;3.836187e-02;1.811620e-02;6.503271e-02;1.784710e-01
1.765478e-02;1.291196e-02;7.169951e-02;1.513698e-01;2.346423e-01;4.332170e-02;2.507245e-02;2.554004e-02;1.775270e-02;3.680348e-02;1.256938e-01;2.375376e-01
9.133122e-03;1.284906e-02;7.471764e-02;2.101178e-01;1.335030e-01;1.895112e-02;1.361378e-02;3.306081e-02;1.497798e-02;5.690306e-02;2.346761e-01;1.874965e-01
9.325695e-03;1.625699e-02;1.325369e-01;2.711565e-01;7.603991e-02;1.390626e-02;1.148477e-02;3.711025e-02;9.403486e-03;5.485601e-02;2.783787e-01;8.954453e-02
1.003770e-02;1.858000e-02;2.018181e-01;3.004764e-01;6.136056e-02;2.272943e-02;1.378241e-02;4.163730e-02;1.396303e-02;3.903652e-02;2.269858e-01;4.959273e-02
2.144284e-02;2.653451e-02;2.717249e-01;2.649448e-01;6.695591e-02;2.561788e-02;2.845731e-02;3.367515e-02;3.795392e-02;3.436620e-02;1.480121e-01;4.031452e-02
2.746643e-02;1.630584e-02;4.152222e-01;1.460521e-01;6.874821e-02;1.929672e-02;4.942915e-02;3.957649e-02;5.601245e-02;5.573669e-02;6.567806e-02;4.047567e-02
2.651983e-02;7.541368e-02;5.052773e-01;6.198740e-02;4.868728e-02;3.897283e-02;3.691074e-02;6.520272e-02;5.571406e-02;4.894608e-02;1.497254e-02;2.139553e-02
5.287037e-02;1.214868e-01;4.442741e-01;5.177482e-02;1.927872e-02;6.667656e-02;3.525344e-02;4.983458e-02;9.021098e-02;2.764936e-02;1.844305e-02;2.224721e-02
1.010956e-01;1.110967e-01;3.307622e-01;4.890642e-02;3.143701e-02;6.939648e-02;6.508879e-02;6.697386e-02;8.515827e-02;3.137268e-02;2.655212e-02;3.215995e-02
1.222469e-01;5.437196e-02;1.982772e-01;6.421411e-02;5.453374e-02;5.456231e-02;1.022377e-01;1.407397e-01;5.579793e-02;4.784620e-02;5.795231e-02;4.722000e-02
1.000245e-01;8.204835e-02;1.397366e-01;5.913826e-02;8.072907e-02;7.871658e-02;1.275742e-01;6.372708e-02;5.905471e-02;7.073230e-02;9.545080e-02;4.306758e-02
5.074590e-02;5.886330e-02;2.003638e-01;1.073372e-01;1.024077e-01;6.612315e-02;1.085227e-01;8.266832e-02;4.190157e-02;4.674326e-02;7.931160e-02;5.501148e-02
3.186185e-02;4.322878e-02;1.652863e-01;1.280721e-01;1.380995e-01;6.316162e-02;1.022390e-01;8.834185e-02;2.848183e-02;3.620065e-02;7.354281e-02;1.014836e-01
3.181003e-02;2.747266e-02;1.250894e-01;1.155559e-01;1.966494e-01;8.014621e-02;9.954255e-02;7.458144e-02;5.031033e-02;2.006777e-02;4.803191e-02;1.307423e-01
3.110983e-02;2.047906e-02;1.085190e-01;8.749016e-02;2.944430e-01;1.068218e-01;9.803544e-02;4.729662e-02;5.428475e-02;1.539763e-02;1.948196e-02;1.166409e-01
1.093042e-02;1.866306e-02;7.607574e-02;1.165322e-01;3.795907e-01;1.013531e-01;7.439483e-02;3.646216e-02;6.269424e-02;3.722982e-02;1.661329e-02;6.946042e-02
1.040516e-02;2.812755e-02;5.019391e-02;1.908907e-01;3.550440e-01;6.364447e-02;4.328505e-02;3.813791e-02;4.253157e-02;8.563242e-02;2.760961e-02;6.449766e-02
6.167595e-03;4.895680e-02;5.159103e-02;2.486859e-01;2.539913e-01;4.041459e-02;2.292073e-02;5.535274e-02;2.000871e-02;1.507256e-01;4.272457e-02;5.846033e-02
3.563372e-03;6.008319e-02;4.890322e-02;2.580832e-01;1.908416e-01;3.266003e-02;2.508369e-02;6.265569e-02;1.554729e-02;2.206310e-01;4.622678e-02;3.572088e-02
5.878777e-03;5.763179e-02;4.107621e-02;2.523470e-01;1.903131e-01;2.183639e-02;1.608443e-02;4.759455e-02;1.222152e-02;2.649847e-01;4.922866e-02;4.080291e-02
5.978994e-03;5.789175e-02;3.087861e-02;2.514123e-01;1.986417e-01;2.707839e-02;1.067136e-02;3.926108e-02;1.620032e-02;2.684259e-01;4.705512e-02;4.650452e-02
1.522199e-02;6.417781e-02;9.436238e-02;2.616450e-01;1.501407e-01;4.302578e-02;1.543337e-02;6.770239e-02;1.860696e-02;1.911954e-01;4.297365e-02;3.551455e-02
3.275141e-02;8.049898e-02;1.743004e-01;2.599344e-01;9.484190e-02;5.180378e-02;2.641501e-02;9.398534e-02;1.930907e-02;1.089857e-01;3.517646e-02;2.199761e-02
4.345134e-02;9.297386e-02;2.179269e-01;2.252716e-01;7.616442e-02;6.814683e-02;4.299242e-02;9.931573e-02;2.621551e-02;6.517924e-02;2.432347e-02;1.803873e-02
5.313330e-02;7.047395e-02;2.395587e-01;1.289786e-01;7.739604e-02;5.576860e-02;6.869587e-02;8.857135e-02;5.131114e-02;9.957749e-02;3.402265e-02;3.251231e-02
4.760313e-02;6.453817e-02;2.361477e-01;1.253305e-01;6.164786e-02;4.531249e-02;6.291655e-02;8.284505e-02;8.538216e-02;1.093251e-01;4.937916e-02;2.957222e-02
3.891136e-02;7.588952e-02;1.546980e-01;1.461373e-01;6.546174e-02;6.327482e-02;5.308993e-02;9.159780e-02;7.081596e-02;1.578427e-01;4.968086e-02;3.260006e-02
1.696402e-02;8.660457e-02;6.955362e-02;1.322831e-01;1.331662e-01;5.943023e-02;3.834665e-02;7.003683e-02;3.237383e-02;2.908203e-01;3.404939e-02;3.637117e-02
5.182048e-03;1.036248e-01;1.012130e-01;1.401589e-01;1.424136e-01;4.194214e-02;2.302186e-02;5.226794e-02;1.316799e-02;3.088384e-01;3.347277e-02;3.469667e-02
1.706738e-02;1.027657e-01;1.697581e-01;1.778570e-01;9.165812e-02;4.553664e-02;1.336377e-02;7.671008e-02;2.172722e-02;2.123040e-01;5.043501e-02;2.081701e-02
5.850303e-02;6.091752e-02;2.983768e-01;1.704382e-01;5.230410e-02;4.342433e-02;2.157131e-02;6.637564e-02;4.997833e-02;1.162542e-01;5.275523e-02;9.101276e-03
7.810532e-02;2.542008e-02;4.492954e-01;8.166394e-02;4.422813e-02;2.418211e-02;4.833391e-02;2.315485e-02;4.806125e-02;1.478889e-01;2.552977e-02;4.136349e-03
4.106987e-02;2.528282e-02;5.150030e-01;3.427357e-02;4.653091e-02;1.091434e-02;4.073469e-02;1.126630e-02;2.337344e-02;2.364764e-01;8.999841e-03;6.074862e-03
1.629719e-02;3.076884e-02;5.425034e-01;3.125644e-02;4.519394e-02;1.063641e-02;2.767674e-02;1.297257e-02;1.335858e-02;2.558239e-01;5.000253e-03;8.511801e-03
1.550893e-02;3.519172e-02;5.471551e-01;2.627278e-02;3.639655e-02;1.333953e-02;3.712349e-02;8.410822e-03;1.087904e-02;2.576972e-01;5.883562e-03;6.141248e-03
2.677860e-02;3.091996e-02;5.272071e-01;3.485796e-02;3.520376e-02;1.684659e-02;4.233647e-02;5.190678e-03;7.755589e-03;2.605531e-01;5.828443e-03;6.521693e-03
2.108855e-02;2.422306e-02;5.560374e-01;3.890380e-02;3.551357e-02;1.494309e-02;4.242961e-02;7.239245e-03;7.409778e-03;2.366356e-01;9.729058e-03;5.847292e-03
2.669544e-02;4.136794e-02;5.682706e-01;3.274076e-02;3.158406e-02;1.679903e-02;4.069862e-02;1.308415e-02;1.110368e-02;1.924602e-01;1.236385e-02;1.283174e-02
3.839282e-02;7.849454e-02;5.045545e-01;4.019679e-02;2.085390e-02;3.756547e-02;4.266363e-02;1.929089e-02;3.871221e-02;1.310065e-01;1.173768e-02;3.653115e-02
6.836924e-02;1.119521e-01;4.058316e-01;4.040658e-02;1.473838e-02;6.064806e-02;4.365538e-02;2.535944e-02;7.328090e-02;6.050760e-02;2.653291e-02;6.871784e-02
9.609939e-02;1.097802e-01;3.365641e-01;3.578170e-02;3.966892e-02;6.578145e-02;5.176629e-02;3.060031e-02;7.991046e-02;2.698751e-02;5.470233e-02;7.235734e-02
9.926055e-02;7.277000e-02;3.266464e-01;4.607560e-02;7.079194e-02;5.018144e-02;6.019751e-02;3.577608e-02;6.914774e-02;3.226488e-02;8.703009e-02;4.985776e-02
6.075788e-02;5.083848e-02;2.661602e-01;6.595985e-02;8.545016e-02;4.396585e-02;6.997888e-02;4.469350e-02;9.117801e-02;9.296981e-02;8.997313e-02;3.807424e-02
8.610660e-02;4.463058e-02;1.707706e-01;6.424616e-02;1.251707e-01;5.311636e-02;8.772153e-02;6.248280e-02;1.080020e-01;1.060244e-01;6.028196e-02;3.144621e-02
6.463841e-02;7.417337e-02;1.221684e-01;6.140142e-02;9.614812e-02;8.570605e-02;1.467502e-01;8.490050e-02;7.792575e-02;1.010440e-01;5.853632e-02;2.660751e-02
7.063496e-02;6.541006e-02;1.514550e-01;4.633243e-02;6.383751e-02;7.744096e-02;1.787332e-01;1.007192e-01;8.530250e-02;6.816451e-02;5.902497e-02;3.294474e-02
9.165071e-02;3.827405e-02;9.840448e-02;3.617919e-02;6.317260e-02;1.036158e-01;2.398522e-01;7.584733e-02;8.248366e-02;7.492208e-02;4.614146e-02;4.945639e-02
1.214045e-01;2.228336e-02;5.623285e-02;2.039555e-02;7.081689e-02;1.776964e-01;2.377155e-01;5.137585e-02;6.735948e-02;7.982773e-02;3.329251e-02;6.159942e-02
1.345131e-01;1.786460e-02;3.034728e-02;8.833391e-03;1.128344e-01;2.255597e-01;1.841120e-01;2.438589e-02;1.070953e-01;7.259790e-02;1.453750e-02;6.731890e-02
1.007352e-01;1.231557e-02;1.402220e-02;1.760993e-02;2.015230e-01;1.599690e-01;8.522536e-02;1.723972e-02;2.326322e-01;4.030592e-02;8.972690e-03;1.094492e-01
4.842927e-02;6.028085e-03;2.641724e-02;4.958509e-02;2.665447e-01;6.039635e-02;3.026501e-02;2.573336e-02;2.590095e-01;1.942508e-02;2.797784e-02;1.801886e-01
2.391083e-02;9.512818e-03;4.682048e-02;1.085405e-01;2.248486e-01;3.782546e-02;3.867717e-02;7.981429e-02;1.557837e-01;3.078241e-02;5.905158e-02;1.844322e-01
1.483254e-02;1.449075e-02;6.138813e-02;2.009171e-01;1.173871e-01;3.629392e-02;4.144421e-02;1.712010e-01;5.088387e-02;3.789184e-02;1.275524e-01;1.257172e-01
8.685441e-03;9.884315e-03;9.127420e-02;2.762379e-01;4.499292e-02;2.887391e-02;2.485736e-02;2.315925e-01;2.789907e-02;2.229789e-02;1.858829e-01;4.752155e-02
4.810500e-03;6.143198e-03;1.162661e-01;2.983650e-01;3.403673e-02;2.802700e-02;1.530122e-02;2.623411e-01;2.358738e-02;8.397997e-03;1.940089e-01;8.714814e-03
4.364512e-03;6.210824e-03;1.244169e-01;2.641777e-01;3.495915e-02;3.364109e-02;6.190805e-03;2.643869e-01;4.035771e-02;1.154115e-02;2.034148e-01;6.338550e-03
3.347559e-03;1.122093e-02;1.465327e-01;2.386387e-01;3.411957e-02;4.339701e-02;5.604309e-03;1.920240e-01;5.117149e-02;1.939216e-02;2.369656e-01;1.758595e-02
6.447823e-03;2.506910e-02;2.080895e-01;2.307670e-01;3.276265e-02;4.708595e-02;9.511680e-03;9.482047e-02;2.765819e-02;3.612830e-02;2.470763e-01;3.458301e-02
1.613363e-02;5.458283e-02;3.050259e-01;2.065163e-01;2.958816e-02;3.755224e-02;1.730459e-02;4.223125e-02;3.517102e-02;5.307435e-02;1.789967e-01;2.382310e-02
3.639932e-02;7.219706e-02;3.490748e-01;1.779499e-01;3.390718e-02;3.654562e-02;4.344901e-02;3.527869e-02;5.677403e-02;5.132060e-02;9.775449e-02;9.349314e-03
5.544337e-02;7.548594e-02;3.198904e-01;1.316807e-01;4.752770e-02;5.398121e-02;7.229304e-02;5.745869e-02;6.837267e-02;4.760886e-02;6.201206e-02;8.245388e-03
5.955319e-02;8.915456e-02;2.376161e-01;8.506019e-02;5.682060e-02;5.393039e-02;9.309932e-02;1.022625e-01;7.667612e-02;6.150562e-02;6.520500e-02;1.911641e-02
3.614815e-02;7.634296e-02;1.599918e-01;1.215118e-01;4.372328e-02;5.345607e-02;7.724424e-02;1.357814e-01;8.753719e-02;7.927494e-02;9.674021e-02;3.224790e-02
4.339080e-02;8.247284e-02;1.137263e-01;9.927108e-02;5.940488e-02;5.281036e-02;5.572794e-02;1.112200e-01;1.148673e-01;1.574133e-01;7.118844e-02;3.850669e-02
4.731219e-02;6.582908e-02;9.785121e-02;5.119430e-02;1.093707e-01;6.132899e-02;6.864460e-02;1.050859e-01;1.270453e-01;1.554880e-01;5.750336e-02;5.334638e-02
5.654584e-02;4.874220e-02;9.647857e-02;6.375032e-02;1.203640e-01;7.446387e-02;8.626341e-02;9.712496e-02;9.517990e-02;1.207787e-01;9.608339e-02;4.422484e-02
7.177816e-02;4.919078e-02;1.152487e-01;5.565603e-02;7.992812e-02;7.660475e-02;1.089359e-01;8.758500e-02;1.066159e-01;1.006772e-01;8.932733e-02;5.845217e-02
7.238513e-02;5.114073e-02;1.485634e-01;4.467684e-02;6.297049e-02;6.837042e-02;1.100902e-01;8.949447e-02;1.194577e-01;9.186306e-02;7.839273e-02;6.259488e-02
5.999994e-02;4.261602e-02;2.143263e-01;3.651538e-02;6.964125e-02;6.254665e-02;1.053671e-01;8.400406e-02;1.245714e-01;8.668625e-02;5.903956e-02;5.468606e-02
4.435122e-02;3.988672e-02;3.441044e-01;6.437417e-02;8.661362e-02;4.432821e-02;7.523395e-02;5.570972e-02;1.097256e-01;7.295790e-02;3.153800e-02;3.117650e-02
7.901700e-02;7.080746e-02;3.437516e-01;6.571893e-02;8.976843e-02;4.000540e-02;8.237589e-02;3.756436e-02;8.411462e-02;5.155360e-02;3.090895e-02;2.441380e-02
9.770823e-02;9.019949e-02;2.886801e-01;6.008741e-02;8.617339e-02;4.696730e-02;8.226075e-02;4.868078e-02;8.492016e-02;5.221367e-02;2.989252e-02;3.221625e-02
9.152290e-02;8.715411e-02;2.706955e-01;6.595553e-02;8.122808e-02;4.984028e-02;8.698904e-02;5.828693e-02;8.618601e-02;6.381305e-02;2.997489e-02;2.835361e-02
5.812102e-02;5.477950e-02;2.845730e-01;9.055862e-02;8.852299e-02;4.442655e-02;7.936295e-02;4.094480e-02;1.022684e-01;7.889026e-02;5.234635e-02;2.520559e-02
4.145388e-02;3.910498e-02;1.720267e-01;1.141500e-01;1.110709e-01;3.714351e-02;1.792521e-01;5.854112e-02;1.371092e-01;5.895551e-02;3.082768e-02;2.036439e-02
3.227310e-02;3.536679e-02;1.863151e-01;1.146333e-01;9.670302e-02;4.882766e-02;2.130768e-01;7.092594e-02;1.141409e-01;4.009391e-02;2.097240e-02;2.667103e-02
3.625231e-02;4.330194e-02;2.157863e-01;1.075722e-01;5.495184e-02;4.491311e-02;1.586486e-01;8.893827e-02;9.342024e-02;6.178607e-02;5.336459e-02;4.106449e-02
7.300459e-02;6.412073e-02;1.013262e-01;5.106109e-02;4.462824e-02;6.007855e-02;1.685162e-01;1.505160e-01;1.371915e-01;7.517830e-02;3.881855e-02;3.556006e-02
5.685354e-02;4.233887e-02;9.548833e-02;6.056805e-02;6.298985e-02;7.886020e-02;1.082404e-01;1.483118e-01;1.027407e-01;8.425710e-02;8.287309e-02;7.647812e-02
4.895834e-02;4.358960e-02;1.226511e-01;4.893043e-02;6.585207e-02;6.963118e-02;1.012873e-01;1.324992e-01;8.175960e-02;9.388651e-02;1.020125e-01;8.894224e-02
4.292896e-02;5.324659e-02;1.845347e-01;2.471856e-02;5.685148e-02;4.148411e-02;1.168669e-01;1.074759e-01;7.237899e-02;1.099509e-01;1.010379e-01;8.852483e-02
3.172302e-02;8.085588e-02;2.609102e-01;1.066163e-02;3.333687e-02;5.448855e-02;1.111847e-01;8.412995e-02;7.912149e-02;1.116002e-01;6.400555e-02;7.798194e-02
1.607201e-02;1.507967e-01;2.380891e-01;1.651147e-02;1.298744e-02;1.238017e-01;6.673174e-02;8.844718e-02;1.161120e-01;7.565538e-02;1.610841e-02;7.868691e-02
6.319401e-03;1.556615e-01;1.978811e-01;1.354409e-02;2.479401e-02;1.161820e-01;3.937504e-02;1.065379e-01;1.029024e-01;1.558471e-01;8.082761e-03;7.287267e-02
8.984873e-03;6.492919e-02;3.589889e-01;1.166656e-02;3.537193e-02;3.723015e-02;7.736133e-02;5.397214e-02;3.228826e-02;2.784989e-01;8.263971e-03;3.244378e-02
1.686233e-02;1.757512e-02;4.529407e-01;1.366642e-02;3.640437e-02;1.171783e-02;1.027851e-01;1.620952e-02;1.405884e-02;3.011959e-01;7.198309e-03;9.385437e-03
2.310939e-02;1.902477e-02;5.153470e-01;1.354930e-02;2.692464e-02;7.412280e-03;1.195139e-01;7.565773e-03;1.633099e-02;2.364787e-01;9.602739e-03;5.140554e-03
2.630785e-02;4.079269e-02;5.002297e-01;1.063753e-02;1.555576e-02;1.082939e-02;1.616808e-01;7.673892e-03;2.951227e-02;1.730887e-01;1.742321e-02;6.268178e-03
2.638894e-02;3.167100e-02;3.395436e-01;4.184298e-02;1.276346e-02;1.218404e-02;1.500017e-01;2.057313e-02;4.609271e-02;2.436329e-01;6.918882e-02;6.116846e-03
2.208808e-02;2.394704e-02;2.204383e-01;7.761654e-02;1.250219e-02;1.253980e-02;9.248165e-02;4.340120e-02;6.909576e-02;2.670884e-01;1.481939e-01;1.060709e-02
3.618547e-02;3.589346e-02;2.335263e-01;9.185478e-02;2.280839e-02;1.579782e-02;3.721187e-02;4.913933e-02;6.056438e-02;2.421562e-01;1.653081e-01;9.553834e-03
8.201498e-02;6.681518e-02;3.040924e-01;7.348860e-02;3.475996e-02;1.134842e-02;5.217732e-02;3.327574e-02;4.493316e-02;1.865116e-01;1.002956e-01;1.028699e-02
1.097711e-01;9.585780e-02;2.963586e-01;5.806344e-02;4.764468e-02;1.514708e-02;5.945992e-02;3.173449e-02;6.172262e-02;1.349459e-01;6.114056e-02;2.815390e-02
7.585654e-02;9.001932e-02;2.287432e-01;4.344555e-02;5.264380e-02;3.120083e-02;1.325040e-01;5.885174e-02;6.726394e-02;1.014611e-01;7.247476e-02;4.553521e-02
5.902053e-02;2.954334e-02;2.551685e-01;6.702941e-02;3.410933e-02;2.760580e-02;1.364171e-01;6.271511e-02;5.183925e-02;1.420951e-01;9.731519e-02;3.714139e-02
7.300527e-02;4.654685e-02;2.301499e-01;5.776539e-02;4.711018e-02;3.737715e-02;1.004634e-01;4.156641e-02;4.769119e-02;1.264118e-01;1.503148e-01;4.159769e-02
5.549427e-02;6.108340e-02;1.756927e-01;5.515806e-02;6.021922e-02;4.646447e-02;1.038532e-01;5.260589e-02;6.179215e-02;1.496754e-01;1.257459e-01;5.221530e-02
3.790605e-02;3.901634e-02;1.579027e-01;7.047728e-02;9.476777e-02;8.384274e-02;1.152384e-01;7.527339e-02;7.238675e-02;1.403692e-01;7.185149e-02;4.096795e-02
5.666890e-02;3.130696e-02;1.933323e-01;5.183646e-02;1.228099e-01;1.022275e-01;6.818654e-02;9.841761e-02;4.230949e-02;1.003293e-01;7.923985e-02;5.333525e-02
6.538083e-02;3.682992e-02;1.547317e-01;6.290861e-02;8.670861e-02;8.364587e-02;1.037422e-01;1.035934e-01;7.083919e-02;1.170165e-01;6.949119e-02;4.511189e-02
6.021721e-02;5.803547e-02;1.125148e-01;5.241673e-02;6.560554e-02;6.087736e-02;1.209855e-01;9.628471e-02;1.112121e-01;1.690280e-01;5.814509e-02;3.467754e-02
4.503633e-02;4.750604e-02;1.135622e-01;7.286552e-02;6.615190e-02;7.865864e-02;9.652591e-02;8.654693e-02;1.322604e-01;1.577741e-01;5.109201e-02;5.202007e-02
5.141439e-02;3.508079e-02;9.820994e-02;5.909513e-02;7.979940e-02;8.317090e-02;1.409867e-01;8.406865e-02;1.307071e-01;9.494625e-02;8.128849e-02;6.123219e-02
6.096633e-02;4.432168e-02;7.405414e-02;7.612004e-02;8.357450e-02;8.376252e-02;1.200228e-01;7.762840e-02;1.117308e-01;1.194152e-01;9.382930e-02;5.457419e-02
6.434742e-02;6.455000e-02;6.860515e-02;5.985830e-02;7.916386e-02;8.253301e-02;1.006848e-01;7.819188e-02;9.566399e-02;1.310337e-01;1.005176e-01;7.485026e-02
5.947375e-02;1.010173e-01;1.761640e-01;1.226062e-01;5.842531e-02;5.468681e-02;6.145187e-02;5.749961e-02;5.845201e-02;9.926827e-02;7.351603e-02;7.743894e-02
5.410889e-02;1.083627e-01;2.576773e-01;1.921247e-01;1.184272e-01;5.275290e-02;4.482759e-02;3.129264e-02;3.195805e-02;4.668033e-02;2.927368e-02;3.251409e-02
4.885358e-02;6.412449e-02;2.267800e-01;1.184751e-01;1.109774e-01;6.042483e-02;8.374607e-02;5.320353e-02;7.165387e-02;8.814405e-02;4.509152e-02;2.852560e-02
8.499218e-02;1.427707e-01;1.523435e-01;8.129838e-02;7.461277e-02;4.169085e-02;5.921079e-02;3.542563e-02;5.630013e-02;8.493463e-02;1.136005e-01;7.281986e-02
7.650079e-02;1.594545e-01;1.537745e-01;5.524207e-02;7.530391e-02;4.882176e-02;6.667706e-02;3.007950e-02;5.149055e-02;9.964452e-02;1.013529e-01;8.165798e-02
8.869296e-02;1.741100e-01;1.713792e-01;4.039485e-02;7.642151e-02;5.384707e-02;5.221929e-02;3.772257e-02;4.383900e-02;1.105830e-01;6.804700e-02;8.274353e-02
3.898536e-02;1.613514e-01;1.997438e-01;6.716182e-02;8.036809e-02;4.871548e-02;1.247026e-01;4.537236e-02;4.699738e-02;9.784520e-02;6.653886e-02;2.221764e-02
3.635352e-02;8.132155e-02;1.586280e-01;7.087830e-02;1.244952e-01;6.505897e-02;1.602983e-01;2.780206e-02;3.136805e-02;4.196281e-02;4.701794e-02;1.548153e-01
3.999268e-02;2.246166e-02;8.958253e-02;4.401946e-02;1.651552e-01;9.393305e-02;1.274510e-01;1.070609e-02;2.184788e-02;1.476338e-02;7.807535e-02;2.920117e-01
4.836505e-02;8.261161e-03;5.008942e-02;2.768852e-02;1.875953e-01;9.832196e-02;1.019655e-01;7.711405e-03;1.618413e-02;1.742134e-02;1.033175e-01;3.330787e-01
2.655352e-02;8.530586e-03;7.534992e-02;6.001320e-02;2.388443e-01;8.835650e-02;7.788029e-02;5.768778e-03;1.580426e-02;2.189418e-02;7.767761e-02;3.033268e-01
1.712153e-02;1.491971e-02;1.542803e-01;1.161772e-01;2.485969e-01;5.154207e-02;8.504571e-02;1.371621e-02;1.593803e-02;1.560675e-02;7.386753e-02;1.931880e-01
1.406576e-02;2.124152e-02;2.471351e-01;1.988944e-01;2.129630e-01;2.972264e-02;5.910848e-02;2.591107e-02;1.509402e-02;1.798853e-02;7.503762e-02;8.283795e-02
8.471115e-03;1.889820e-02;3.137542e-01;2.474046e-01;1.851314e-01;3.157638e-02;4.069746e-02;2.429349e-02;1.221046e-02;2.551162e-02;5.654864e-02;3.550254e-02
7.650204e-03;1.597598e-02;3.827447e-01;2.299201e-01;1.377259e-01;3.776804e-02;2.731785e-02;4.091625e-02;1.838255e-02;2.638496e-02;6.396231e-02;1.125116e-02
1.054307e-02;2.084897e-02;4.092729e-01;1.645906e-01;7.817278e-02;3.422565e-02;4.277355e-02;4.707462e-02;5.075721e-02;4.189402e-02;7.777365e-02;2.207291e-02
1.726381e-02;2.929105e-02;4.990047e-01;8.453406e-02;3.960446e-02;1.983739e-02;5.527868e-02;2.722893e-02;5.740527e-02;9.799588e-02;4.739149e-02;2.516425e-02
9.035743e-03;4.235981e-02;6.072251e-01;3.237008e-02;3.273022e-02;1.002539e-02;3.162026e-02;2.561059e-02;3.550231e-02;1.478880e-01;1.300311e-02;1.262932e-02
6.111533e-03;6.983729e-02;6.257062e-01;3.019385e-02;1.703229e-02;7.804391e-03;1.323181e-02;5.109231e-02;3.567033e-02;1.289130e-01;4.249581e-03;1.015739e-02
1.483834e-02;1.084603e-01;5.870157e-01;2.911219e-02;1.073043e-02;1.300765e-02;1.936372e-02;6.959216e-02;4.429063e-02;8.513320e-02;4.177643e-03;1.427803e-02
1.143780e-02;1.300813e-01;5.871298e-01;2.478361e-02;9.796438e-03;2.734248e-02;1.639291e-02;6.726877e-02;4.825576e-02;5.039242e-02;7.715952e-03;1.940275e-02
6.542663e-02;5.339657e-02;4.307993e-01;5.667612e-02;4.122328e-02;5.087184e-02;5.675705e-02;5.463035e-02;5.186260e-02;5.986700e-02;4.970340e-02;2.878586e-02
5.941129e-02;6.490784e-02;3.202204e-01;5.942980e-02;5.375866e-02;5.725965e-02;1.066005e-01;3.757948e-02;4.894064e-02;9.152046e-02;8.211046e-02;1.826075e-02
3.762625e-02;5.404305e-02;3.217781e-01;6.702973e-02;4.137587e-02;4.186188e-02;1.303463e-01;3.972920e-02;3.587445e-02;1.179551e-01;8.994268e-02;2.243737e-02
1.611126e-02;2.567952e-02;3.666678e-01;5.592047e-02;2.293540e-02;1.684898e-02;1.576535e-01;5.077133e-02;2.419283e-02;1.645544e-01;7.984629e-02;1.881828e-02
1.143484e-02;3.360365e-02;3.797238e-01;2.340345e-02;1.250487e-02;5.494177e-02;1.327864e-01;4.995425e-02;3.651767e-02;2.077178e-01;4.018302e-02;1.722842e-02
1.363590e-02;8.654485e-02;2.879675e-01;1.541544e-02;8.520308e-03;1.611648e-01;7.305914e-02;3.273857e-02;7.594017e-02;2.015585e-01;1.002303e-02;3.343176e-02
7.576426e-03;1.334653e-01;1.132992e-01;1.871652e-02;6.354741e-03;3.075141e-01;2.462526e-02;1.983098e-02;2.095877e-01;1.005294e-01;4.853132e-03;5.364734e-02
1.331195e-02;1.483643e-01;3.923662e-02;1.637086e-02;1.305464e-02;3.436029e-01;1.206335e-02;1.272570e-02;3.054363e-01;3.657442e-02;1.369625e-02;4.556268e-02
3.883062e-02;1.265528e-01;2.361837e-02;2.051889e-02;8.012525e-02;2.729178e-01;1.694248e-02;3.725141e-02;2.816396e-01;1.675167e-02;5.756984e-02;2.728126e-02
8.519365e-02;6.747048e-02;2.606768e-02;1.142019e-02;2.286548e-01;1.341900e-01;2.511666e-02;1.273558e-01;1.316175e-01;9.792671e-03;1.409335e-01;1.218715e-02
1.177168e-01;2.254787e-02;2.897788e-02;9.942052e-03;3.131518e-01;3.896325e-02;2.059569e-02;2.474178e-01;3.369657e-02;1.164078e-02;1.491704e-01;6.179080e-03
1.218628e-01;1.075438e-02;3.330036e-02;2.700880e-02;2.778659e-01;1.743248e-02;1.947979e-02;3.060610e-01;3.573150e-02;4.187557e-02;9.797158e-02;1.065589e-02
1.003917e-01;7.983530e-03;3.106757e-02;9.794798e-02;1.563490e-01;3.977998e-02;6.395923e-02;2.445645e-01;4.824427e-02;1.396567e-01;3.751928e-02;3.253626e-02
5.918496e-02;9.157202e-03;1.568814e-02;1.893728e-01;5.299837e-02;5.331293e-02;1.487833e-01;1.093738e-01;3.426505e-02;2.487605e-01;8.995340e-03;7.010765e-02
2.957066e-02;1.413318e-02;1.002636e-02;2.314859e-01;1.639007e-02;3.302019e-02;2.374577e-01;3.854870e-02;1.509613e-02;2.483629e-01;9.638906e-03;1.162694e-01
1.781824e-02;2.685492e-02;8.642518e-03;2.324551e-01;1.014694e-02;2.165105e-02;3.037729e-01;1.836516e-02;1.025532e-02;1.776760e-01;1.142151e-02;1.609403e-01
1.644406e-02;3.608594e-02;8.145910e-03;2.183850e-01;7.916584e-03;1.681584e-02;3.476717e-01;1.667968e-02;1.021957e-02;1.167224e-01;1.199745e-02;1.929159e-01
1.442487e-02;4.258895e-02;1.043549e-02;2.108284e-01;9.674744e-03;1.663149e-02;3.595913e-01;1.506705e-02;1.136261e-02;8.574323e-02;1.187798e-02;2.117739e-01
1.107246e-02;4.366796e-02;1.274473e-02;2.256615e-01;1.420232e-02;1.764439e-02;3.502287e-01;1.632103e-02;1.001904e-02;6.876273e-02;8.704574e-03;2.209705e-01
1.179493e-02;4.424484e-02;5.995999e-03;2.516882e-01;8.777313e-03;1.964430e-02;3.268319e-01;1.501736e-02;4.648115e-03;8.438800e-02;6.578991e-03;2.203900e-01
1.235029e-02;4.460744e-02;7.820558e-03;2.804168e-01;8.532539e-03;1.588072e-02;2.837083e-01;1.248286e-02;4.467882e-03;1.124085e-01;8.732584e-03;2.085915e-01
1.613219e-02;4.198237e-02;6.446729e-03;3.205752e-01;1.387223e-02;1.525040e-02;2.204959e-01;1.438374e-02;8.056271e-03;1.509364e-01;1.068442e-02;1.811842e-01
1.709326e-02;3.480813e-02;7.987959e-03;3.846582e-01;9.840517e-03;2.065927e-02;1.609470e-01;1.569864e-02;6.230953e-03;1.823985e-01;9.438854e-03;1.502388e-01
3.241073e-02;2.361032e-02;8.263967e-03;4.457031e-01;6.478952e-03;4.337797e-02;1.085679e-01;2.277632e-02;7.719832e-03;1.745538e-01;4.779982e-03;1.217571e-01
5.354322e-02;1.789013e-02;1.465930e-02;4.458442e-01;1.936614e-02;7.738731e-02;8.705944e-02;4.007817e-02;1.426179e-02;1.152941e-01;7.660661e-03;1.069555e-01
7.246870e-02;2.464307e-02;2.782401e-02;3.439457e-01;1.316305e-02;1.086845e-01;1.029528e-01;5.715856e-02;1.922632e-02;7.968736e-02;1.698455e-02;1.332614e-01
1.247890e-01;1.868404e-02;2.985124e-02;1.726832e-01;2.119196e-02;1.197158e-01;9.082738e-02;7.086460e-02;2.512425e-02;8.882869e-02;2.483073e-02;2.126091e-01
1.588564e-01;1.364261e-02;3.753404e-02;4.812985e-02;1.718729e-02;9.657280e-02;1.211762e-01;8.846635e-02;2.782081e-02;5.690087e-02;5.368145e-02;2.800314e-01
1.568708e-01;1.749086e-02;2.967614e-02;4.015389e-02;1.588608e-02;7.396197e-02;1.928840e-01;1.161300e-01;3.534425e-02;3.909583e-02;5.831720e-02;2.241890e-01
1.560024e-01;2.568713e-02;3.984388e-02;4.044502e-02;2.574422e-02;7.854605e-02;2.549408e-01;1.456620e-01;3.910649e-02;4.497539e-02;3.662080e-02;1.124257e-01
1.724141e-01;4.438544e-02;5.494191e-02;3.173701e-02;3.891572e-02;8.786397e-02;2.494915e-01;1.412592e-01;4.818126e-02;4.312652e-02;2.582777e-02;6.185565e-02
1.465909e-01;6.937724e-02;6.231346e-02;5.465689e-02;3.892382e-02;8.838592e-02;2.129343e-01;1.178887e-01;3.965634e-02;4.871895e-02;2.939803e-02;9.115542e-02
1.051005e-01;7.542644e-02;6.176209e-02;7.278198e-02;3.748737e-02;8.240148e-02;1.743803e-01;1.182186e-01;7.291761e-02;5.883941e-02;5.549075e-02;8.519350e-02
1.232589e-01;5.234139e-02;6.380799e-02;5.806627e-02;2.706304e-02;7.350586e-02;1.921530e-01;1.150935e-01;7.826817e-02;5.432282e-02;5.028457e-02;1.118345e-01
1.057611e-01;3.690354e-02;4.994226e-02;5.781285e-02;3.799187e-02;6.816764e-02;2.301278e-01;1.079093e-01;6.238453e-02;5.618335e-02;5.817937e-02;1.286364e-01
8.592904e-02;2.654768e-02;5.403428e-02;4.975635e-02;4.822068e-02;6.882899e-02;2.300854e-01;1.113496e-01;5.915848e-02;6.800621e-02;8.105779e-02;1.170255e-01
8.946478e-02;4.706567e-02;8.335956e-02;4.613250e-02;5.602289e-02;6.464922e-02;1.779791e-01;1.165304e-01;5.813684e-02;9.887929e-02;9.230349e-02;6.947631e-02
8.893620e-02;3.659146e-02;1.486411e-01;1.046222e-01;5.453273e-02;6.933567e-02;1.336293e-01;9.026466e-02;6.282600e-02;9.588793e-02;6.209531e-02;5.263744e-02
7.030791e-02;2.706524e-02;1.400707e-01;7.370168e-02;6.947746e-02;9.863448e-02;1.132065e-01;5.715687e-02;6.600036e-02;1.219971e-01;8.891856e-02;7.346315e-02
6.393902e-02;1.902055e-02;1.886980e-01;4.542245e-02;5.625648e-02;1.482497e-01;8.298288e-02;2.274364e-02;6.522451e-02;9.749418e-02;1.403971e-01;6.957144e-02
5.152029e-02;3.167519e-02;1.627505e-01;4.367776e-02;5.037861e-02;1.972309e-01;6.162426e-02;3.291162e-02;5.472137e-02;9.623205e-02;1.635290e-01;5.374850e-02
3.922869e-02;8.127106e-02;9.970233e-02;5.376766e-02;9.192073e-02;1.861887e-01;3.670516e-02;4.930364e-02;3.936769e-02;1.406115e-01;1.481889e-01;3.374390e-02
4.239858e-02;1.163964e-01;5.585730e-02;5.431339e-02;1.887398e-01;1.036278e-01;3.771092e-02;5.270425e-02;3.176390e-02;1.879883e-01;9.036586e-02;3.813351e-02
9.339405e-02;6.711031e-02;6.627216e-02;9.013975e-02;1.223456e-01;6.837250e-02;1.146418e-01;5.855997e-02;7.595360e-02;1.268210e-01;7.007007e-02;4.631930e-02
8.521847e-02;9.004482e-02;7.428791e-02;9.419594e-02;1.182473e-01;7.284300e-02;1.098158e-01;7.259590e-02;8.153783e-02;1.033972e-01;5.746462e-02;4.035134e-02
4.344087e-02;1.187823e-01;7.671344e-02;7.038222e-02;1.576005e-01;8.244926e-02;5.883456e-02;1.093206e-01;5.741415e-02;1.165151e-01;6.371526e-02;4.483175e-02
3.498390e-02;1.176509e-01;5.420667e-02;4.454855e-02;1.910330e-01;7.829429e-02;7.690202e-02;1.345653e-01;3.166438e-02;1.313064e-01;5.229595e-02;5.254868e-02
3.632323e-02;7.631994e-02;2.922729e-02;4.132108e-02;2.262870e-01;6.519226e-02;1.155061e-01;1.138017e-01;4.261730e-02;1.780674e-01;2.281465e-02;5.252218e-02
1.726085e-02;7.314914e-02;2.114451e-02;2.201316e-02;3.152139e-01;4.647392e-02;6.950066e-02;6.544358e-02;4.243582e-02;2.591551e-01;1.961288e-02;4.859652e-02
2.195591e-02;9.629608e-02;1.906874e-02;1.749679e-02;3.479851e-01;3.097814e-02;3.108921e-02;3.903188e-02;3.929664e-02;2.978855e-01;1.379259e-02;4.512339e-02
1.449211e-02;1.290780e-01;1.689961e-02;2.099320e-02;2.896888e-01;2.326938e-02;2.299990e-02;1.293115e-01;2.089303e-02;2.740991e-01;1.605222e-02;4.222329e-02
1.755355e-02;1.296694e-01;2.550368e-02;4.288961e-02;1.917763e-01;4.389083e-02;4.225119e-02;1.816720e-01;3.288629e-02;2.147704e-01;4.017932e-02;3.695741e-02
2.767786e-02;1.007160e-01;7.386938e-02;7.299513e-02;9.657846e-02;1.058061e-01;6.668521e-02;1.469725e-01;4.932294e-02;1.408835e-01;9.103653e-02;2.745638e-02
3.939007e-02;7.423245e-02;1.229256e-01;1.035737e-01;5.955402e-02;1.347103e-01;7.071742e-02;8.665571e-02;3.065731e-02;8.020819e-02;1.399413e-01;5.743394e-02
4.073244e-02;5.085147e-02;1.096002e-01;1.150275e-01;7.242051e-02;1.250359e-01;6.965372e-02;5.193326e-02;5.941800e-02;8.622162e-02;1.375818e-01;8.152362e-02
4.366914e-02;4.575767e-02;1.059116e-01;5.058071e-02;1.440214e-01;1.062889e-01;7.612141e-02;9.132900e-02;7.186914e-02;1.017500e-01;8.916449e-02;7.353649e-02
5.493941e-02;5.882915e-02;8.534383e-02;7.387799e-02;1.848342e-01;5.820096e-02;6.541837e-02;1.166623e-01;8.581881e-02;7.395961e-02;8.973044e-02;5.238487e-02
6.795122e-02;5.036798e-02;9.248138e-02;8.902169e-02;1.450026e-01;5.724652e-02;5.951020e-02;9.626478e-02;1.119448e-01;8.540136e-02;8.607623e-02;5.873118e-02
8.965103e-02;7.462729e-02;1.002203e-01;9.457467e-02;8.223954e-02;7.746208e-02;6.141930e-02;8.611411e-02;8.553866e-02;1.177083e-01;9.123503e-02;3.920978e-02
9.469874e-02;7.095242e-02;9.808387e-02;6.772446e-02;4.779325e-02;7.195089e-02;6.697657e-02;8.775060e-02;1.171389e-01;1.158536e-01;1.315659e-01;2.951076e-02
5.847144e-02;4.596589e-02;8.019039e-02;9.012777e-02;9.726682e-02;8.187222e-02;9.478380e-02;1.082201e-01;7.552249e-02;1.264646e-01;1.090514e-01;3.206299e-02
5.037218e-02;4.914917e-02;8.152296e-02;8.685203e-02;1.189630e-01;7.447630e-02;1.561535e-01;7.458890e-02;6.999698e-02;1.179649e-01;7.535688e-02;4.460325e-02
7.413260e-02;5.101287e-02;7.549758e-02;5.211486e-02;1.439452e-01;5.088164e-02;1.735023e-01;6.320084e-02;5.677304e-02;1.337356e-01;7.531130e-02;4.989213e-02
7.694994e-02;5.108137e-02;8.327542e-02;3.961838e-02;1.633899e-01;4.047929e-02;1.254896e-01;8.161351e-02;5.002067e-02;1.510147e-01;8.542278e-02;5.164438e-02
4.385449e-02;7.171772e-02;1.316341e-01;4.361837e-02;1.171027e-01;7.007266e-02;1.106489e-01;1.011356e-01;5.291931e-02;1.302277e-01;8.432312e-02;4.274528e-02
4.491413e-02;7.054580e-02;1.757140e-01;7.397716e-02;8.010518e-02;7.544259e-02;7.789388e-02;9.835301e-02;9.595697e-02;9.402108e-02;7.374904e-02;3.932714e-02
6.900416e-02;9.258275e-02;1.731471e-01;8.595639e-02;8.234744e-02;5.338281e-02;7.856855e-02;6.364240e-02;1.087195e-01;1.013982e-01;3.137532e-02;5.987533e-02
