9.226000e-02;9.990910e-02;1.335120e-01;7.148127e-02;4.205638e-02;6.393075e-02;9.157459e-02;6.408074e-02;4.862923e-02;1.149542e-01;1.078929e-01;6.971881e-02
1.003967e-01;7.244904e-02;1.458240e-01;5.350180e-02;6.897759e-02;3.611879e-02;1.358103e-01;6.563475e-02;7.860383e-02;8.718917e-02;7.356223e-02;8.193181e-02
1.458592e-01;9.320506e-02;1.105654e-01;4.345614e-02;5.661361e-02;4.579833e-02;2.010724e-01;6.864695e-02;2.054721e-02;7.452842e-02;7.472716e-02;6.498013e-02
1.612330e-01;6.771735e-02;1.115208e-01;3.536772e-02;6.950654e-02;5.488056e-02;1.492343e-01;5.527591e-02;8.104305e-02;6.800590e-02;7.016346e-02;7.605148e-02
1.840176e-01;3.241097e-02;9.075695e-02;1.850470e-02;1.042495e-01;7.302225e-02;8.624269e-02;3.566849e-02;1.726137e-01;4.753622e-02;5.832832e-02;9.664869e-02
1.655997e-01;1.316253e-02;6.303561e-02;2.327282e-02;1.435548e-01;9.071475e-02;8.033391e-02;2.180277e-02;2.384422e-01;2.981750e-02;3.380428e-02;9.645920e-02
1.349292e-01;1.002695e-02;6.133041e-02;2.893780e-02;1.878591e-01;9.871247e-02;8.119245e-02;3.686723e-02;2.359363e-01;2.393299e-02;1.560303e-02;8.467215e-02
1.249904e-01;9.501919e-03;6.192162e-02;2.849186e-02;2.306475e-01;1.220246e-01;9.601065e-02;2.808486e-02;1.805500e-01;2.788075e-02;1.447505e-02;7.542082e-02
1.678398e-01;2.363576e-02;6.292046e-02;3.433314e-02;2.463529e-01;1.637524e-01;6.848031e-02;1.313797e-02;1.164259e-01;2.287562e-02;1.263603e-02;6.760981e-02
1.904598e-01;3.181117e-02;5.728457e-02;2.888583e-02;2.338353e-01;2.030857e-01;6.484818e-02;1.090605e-02;9.660044e-02;1.517088e-02;7.845151e-03;5.926700e-02
1.704989e-01;1.973061e-02;7.631116e-02;3.378154e-02;2.235418e-01;2.110112e-01;5.267745e-02;2.108279e-02;1.111521e-01;2.249274e-02;9.071282e-03;4.864848e-02
1.485748e-01;2.603057e-02;9.359700e-02;5.080060e-02;2.036755e-01;1.643785e-01;9.956109e-02;6.585380e-03;1.086830e-01;3.879932e-02;1.259720e-02;4.671709e-02
8.380438e-02;3.911561e-02;9.374508e-02;3.907959e-02;1.490383e-01;1.091682e-01;1.254751e-01;4.628532e-02;1.002197e-01;1.116274e-01;3.942673e-02;6.301457e-02
4.281058e-02;3.490102e-02;7.386756e-02;2.120796e-02;1.389608e-01;1.017561e-01;7.851218e-02;4.886805e-02;1.318206e-01;1.378786e-01;9.862823e-02;9.078840e-02
9.413339e-02;4.902993e-02;1.366592e-01;3.761726e-02;1.547257e-01;8.981459e-02;5.990684e-02;4.186406e-02;5.621891e-02;8.409537e-02;9.625589e-02;9.967892e-02
1.105731e-01;5.825194e-02;2.228206e-01;5.120927e-02;1.595678e-01;9.320650e-02;8.922105e-02;2.902525e-02;2.337985e-02;3.974754e-02;5.830254e-02;6.469467e-02
1.103166e-01;4.660469e-02;2.899489e-01;3.958013e-02;1.436630e-01;7.505231e-02;1.226311e-01;2.882122e-02;3.400525e-02;3.746055e-02;3.025594e-02;4.166031e-02
9.461772e-02;4.742693e-02;3.447005e-01;4.367988e-02;1.352807e-01;6.613488e-02;1.111088e-01;2.203100e-02;2.862686e-02;5.681117e-02;1.496919e-02;3.461227e-02
8.241049e-02;4.860678e-02;3.355486e-01;4.326575e-02;1.091727e-01;8.107571e-02;1.027351e-01;2.045607e-02;5.130857e-02;4.538380e-02;2.091140e-02;5.912508e-02
7.084116e-02;7.469028e-02;2.149838e-01;5.406971e-02;1.028297e-01;8.303809e-02;6.318149e-02;4.841178e-02;5.833179e-02;5.022073e-02;8.300663e-02;9.639481e-02
5.950828e-02;6.344102e-02;1.627784e-01;8.166751e-02;1.053500e-01;8.710588e-02;6.923467e-02;6.714899e-02;5.637242e-02;5.868539e-02;1.057605e-01;8.294691e-02
1.063284e-01;8.256209e-02;1.103281e-01;7.864922e-02;1.200053e-01;7.292119e-02;1.028621e-01;5.881805e-02;5.208024e-02;5.217729e-02;9.939287e-02;6.387514e-02
1.732823e-01;1.292444e-01;1.107377e-01;5.120502e-02;1.399532e-01;6.211256e-02;1.172421e-01;3.851282e-02;2.512621e-02;5.077236e-02;5.973725e-02;4.207411e-02
1.595994e-01;1.308262e-01;1.370884e-01;5.108562e-02;1.245055e-01;1.002760e-01;1.321166e-01;2.440495e-02;3.149045e-02;5.210897e-02;3.349346e-02;2.300435e-02
1.177026e-01;1.037322e-01;1.257190e-01;6.335856e-02;1.031230e-01;1.204912e-01;1.808742e-01;3.180921e-02;3.324020e-02;6.221752e-02;4.171965e-02;1.601263e-02
8.801632e-02;7.679344e-02;6.871385e-02;6.554264e-02;5.918871e-02;1.040378e-01;2.793739e-01;5.566639e-02;2.241969e-02;6.742764e-02;8.671932e-02;2.610026e-02
5.538019e-02;5.526550e-02;2.469961e-02;5.180492e-02;3.308629e-02;7.449962e-02;3.466228e-01;7.554874e-02;3.329050e-02;4.977996e-02;1.777113e-01;2.231066e-02
2.918855e-02;3.878910e-02;2.349183e-02;2.837447e-02;4.487789e-02;5.774658e-02;3.184929e-01;4.817714e-02;6.560920e-02;3.073076e-02;2.800982e-01;3.442343e-02
1.950104e-02;3.239265e-02;3.433495e-02;1.277521e-02;6.188126e-02;4.488472e-02;2.317975e-01;7.423040e-02;5.834088e-02;3.664826e-02;2.953840e-01;9.782905e-02
2.140132e-02;2.254043e-02;6.628199e-02;1.581669e-02;5.218119e-02;4.952387e-02;1.462190e-01;1.226206e-01;2.254897e-02;4.295044e-02;2.189397e-01;2.189758e-01
4.373002e-02;1.531178e-02;7.759605e-02;2.030345e-02;2.898012e-02;9.331993e-02;8.857662e-02;1.429699e-01;5.246498e-02;4.265412e-02;9.871560e-02;2.953774e-01
1.240680e-01;1.760941e-02;5.987101e-02;6.212712e-02;2.638100e-02;1.079857e-01;6.756029e-02;1.007364e-01;1.225217e-01;2.902683e-02;3.500998e-02;2.471025e-01
2.294363e-01;1.461902e-02;2.639109e-02;1.152229e-01;1.872523e-02;5.183513e-02;9.722850e-02;6.085302e-02;2.066221e-01;2.378354e-02;3.972547e-02;1.155577e-01
2.930399e-01;6.833468e-03;1.643491e-02;1.283743e-01;1.010728e-02;1.486543e-02;1.566072e-01;5.844871e-02;2.147487e-01;2.423502e-02;4.023323e-02;3.607191e-02
3.370043e-01;1.270186e-02;1.561289e-02;1.180148e-01;1.166481e-02;1.508189e-02;2.295959e-01;4.445049e-02;1.618657e-01;1.566353e-02;2.791578e-02;1.042799e-02
3.604545e-01;1.391594e-02;1.971135e-02;9.472843e-02;1.736313e-02;1.657335e-02;2.585009e-01;3.523780e-02;1.235017e-01;1.979518e-02;2.238078e-02;1.783687e-02
3.674673e-01;1.643824e-02;2.009175e-02;8.431280e-02;2.044784e-02;1.666537e-02;2.492893e-01;2.770393e-02;1.389722e-01;2.377596e-02;2.261026e-02;1.222504e-02
3.784364e-01;1.676261e-02;2.174584e-02;9.211082e-02;1.816683e-02;1.448738e-02;2.139795e-01;3.737082e-02;1.478235e-01;2.777777e-02;1.805459e-02;1.328386e-02
3.651974e-01;1.873085e-02;1.645482e-02;8.306985e-02;1.333457e-02;1.112156e-02;1.592865e-01;6.806677e-02;1.790139e-01;2.646167e-02;3.165011e-02;2.761205e-02
3.108017e-01;1.713853e-02;1.297285e-02;6.062384e-02;1.285408e-02;1.367337e-02;9.483957e-02;8.662730e-02;2.610440e-01;2.518088e-02;5.034158e-02;5.390227e-02
2.038390e-01;1.664468e-02;4.963672e-02;8.703618e-02;1.651116e-02;1.662891e-02;5.645310e-02;1.223581e-01;2.782637e-01;3.954343e-02;6.351913e-02;4.956589e-02
1.401698e-01;1.922115e-02;8.668857e-02;1.017873e-01;1.735746e-02;2.194951e-02;6.774475e-02;1.413567e-01;2.575548e-01;3.704217e-02;6.750275e-02;4.162504e-02
1.415463e-01;2.380590e-02;1.097868e-01;9.418987e-02;1.760325e-02;2.345992e-02;8.623844e-02;1.237897e-01;2.527476e-01;3.820388e-02;6.073577e-02;2.789252e-02
2.122500e-01;3.328768e-02;1.116930e-01;7.227499e-02;3.246732e-02;2.235573e-02;9.641468e-02;7.342118e-02;2.199066e-01;3.121385e-02;6.729457e-02;2.742035e-02
2.974556e-01;2.357118e-02;4.328587e-02;5.488914e-02;2.917916e-02;2.831237e-02;8.695358e-02;5.506665e-02;2.366660e-01;2.505191e-02;7.910234e-02;4.046614e-02
3.187991e-01;1.350619e-02;4.352821e-02;8.406319e-02;2.023513e-02;2.328203e-02;1.119325e-01;5.436105e-02;2.326374e-01;1.658621e-02;6.069611e-02;2.037285e-02
3.039330e-01;1.805608e-02;4.212143e-02;8.287536e-02;1.696247e-02;2.192294e-02;1.036156e-01;6.345984e-02;1.991626e-01;1.759994e-02;9.843316e-02;3.185766e-02
2.714708e-01;1.722215e-02;3.152827e-02;6.404925e-02;1.805666e-02;1.999169e-02;9.777983e-02;9.706881e-02;1.814437e-01;2.367011e-02;1.341474e-01;4.357127e-02
1.555240e-01;4.161662e-02;5.844854e-02;3.569808e-02;2.154633e-02;4.366786e-02;8.270881e-02;1.255139e-01;2.390289e-01;3.132786e-02;9.672400e-02;6.819509e-02
1.297707e-01;7.214215e-02;9.347208e-02;3.950198e-02;3.667988e-02;6.914593e-02;6.473073e-02;1.175497e-01;2.158260e-01;3.368536e-02;7.081263e-02;5.668292e-02
1.493436e-01;9.702078e-02;1.183044e-01;4.132922e-02;4.203640e-02;6.943478e-02;1.224717e-01;6.086602e-02;1.547835e-01;3.196123e-02;7.988329e-02;3.256508e-02
1.034506e-01;1.113225e-01;8.591998e-02;3.278580e-02;4.351330e-02;7.325301e-02;2.634481e-01;1.008447e-01;8.089212e-02;3.326095e-02;4.954181e-02;2.176705e-02
6.790562e-02;1.668450e-01;5.427238e-02;1.722530e-02;3.305348e-02;6.536277e-02;3.231227e-01;1.245589e-01;6.423572e-02;2.733212e-02;4.461973e-02;1.146633e-02
8.571638e-02;1.731330e-01;7.497719e-02;1.734307e-02;2.760610e-02;5.469709e-02;3.073414e-01;1.245370e-01;5.022388e-02;2.703288e-02;3.474476e-02;2.264724e-02
1.381697e-01;1.448069e-01;8.615509e-02;3.103924e-02;4.090463e-02;5.577857e-02;2.737562e-01;8.752651e-02;4.858976e-02;3.281435e-02;2.061529e-02;3.984371e-02
2.014394e-01;1.177046e-01;7.283691e-02;3.947952e-02;5.914294e-02;7.070028e-02;2.365340e-01;5.502583e-02;4.386975e-02;3.992725e-02;2.238905e-02;4.095054e-02
2.014419e-01;1.023476e-01;7.728152e-02;3.572013e-02;7.043761e-02;6.632388e-02;2.050856e-01;6.686647e-02;5.201543e-02;5.005885e-02;3.707988e-02;3.534111e-02
1.708965e-01;8.196615e-02;9.376458e-02;4.718956e-02;5.709207e-02;4.406168e-02;1.858096e-01;6.736871e-02;9.506693e-02;8.032776e-02;4.349150e-02;3.296496e-02
1.447421e-01;6.476200e-02;9.104411e-02;5.650476e-02;4.778747e-02;6.690780e-02;1.923638e-01;4.584031e-02;1.182777e-01;7.780483e-02;4.481715e-02;4.914806e-02
1.747254e-01;2.884498e-02;7.153011e-02;4.879671e-02;4.870136e-02;7.007264e-02;2.191642e-01;5.775698e-02;1.076993e-01;6.180559e-02;5.500866e-02;5.589396e-02
1.740331e-01;3.299605e-02;8.490837e-02;2.347881e-02;6.615759e-02;7.555284e-02;1.951864e-01;7.581778e-02;1.218852e-01;3.666774e-02;6.343831e-02;4.987786e-02
1.473691e-01;5.103435e-02;6.419747e-02;3.033252e-02;7.098558e-02;8.561147e-02;1.778192e-01;7.474633e-02;1.403639e-01;4.691657e-02;6.255633e-02;4.806720e-02
1.240770e-01;5.219557e-02;6.724488e-02;3.740301e-02;6.866367e-02;6.692626e-02;2.090343e-01;8.588151e-02;1.211701e-01;5.598259e-02;6.667007e-02;4.475106e-02
1.763375e-01;5.104248e-02;8.950473e-02;4.391394e-02;6.850835e-02;5.548492e-02;1.950690e-01;8.452571e-02;9.867211e-02;3.888297e-02;6.817131e-02;2.988698e-02
2.060387e-01;8.956010e-02;8.375563e-02;4.962801e-02;8.883249e-02;5.489545e-02;1.407580e-01;6.737772e-02;7.205790e-02;4.769589e-02;5.393944e-02;4.546066e-02
1.651170e-01;9.544019e-02;7.745528e-02;5.367088e-02;8.542684e-02;6.756104e-02;1.531414e-01;6.711379e-02;1.012901e-01;5.923184e-02;2.613003e-02;4.842159e-02
1.468104e-01;5.502678e-02;1.069473e-01;3.686906e-02;7.356074e-02;8.716451e-02;1.515209e-01;4.449794e-02;1.351695e-01;9.211060e-02;3.279543e-02;3.752682e-02
5.064578e-02;4.033174e-02;1.214501e-01;6.845165e-02;9.807420e-02;1.004605e-01;1.264475e-01;8.389442e-02;1.345535e-01;8.973052e-02;3.868728e-02;4.727282e-02
4.496114e-02;3.821481e-02;8.984066e-02;5.094657e-02;8.055203e-02;1.068013e-01;1.654283e-01;1.079668e-01;1.149053e-01;1.097735e-01;6.165146e-02;2.895811e-02
4.407730e-02;4.608979e-02;5.488286e-02;3.826537e-02;7.008249e-02;9.198121e-02;1.698335e-01;1.036744e-01;1.541243e-01;1.561188e-01;5.532083e-02;1.554907e-02
4.307291e-02;3.744770e-02;4.097778e-02;4.722253e-02;5.484990e-02;7.444762e-02;1.499390e-01;8.188418e-02;2.376457e-01;1.776872e-01;4.275456e-02;1.207082e-02
4.022360e-02;2.277170e-02;2.827481e-02;7.589930e-02;4.361415e-02;5.075338e-02;1.107942e-01;6.685156e-02;3.515135e-01;1.662401e-01;2.588898e-02;1.717477e-02
4.783962e-02;1.370009e-02;4.660612e-02;9.828521e-02;2.531838e-02;7.468145e-02;5.365783e-02;6.876192e-02;4.036855e-01;1.077102e-01;2.211547e-02;3.763825e-02
3.179185e-02;1.763617e-02;1.142592e-01;7.603087e-02;2.225709e-02;1.247945e-01;4.849206e-02;1.264437e-01;2.876456e-01;5.491706e-02;1.967369e-02;7.605834e-02
1.612182e-02;2.373863e-02;1.798332e-01;3.715055e-02;3.498613e-02;1.126674e-01;8.097894e-02;1.814240e-01;1.522749e-01;4.861895e-02;2.825292e-02;1.039526e-01
2.705628e-02;2.422826e-02;2.335482e-01;4.230370e-02;4.535123e-02;8.242370e-02;7.375941e-02;1.961082e-01;4.900462e-02;4.601625e-02;5.317987e-02;1.270202e-01
3.137072e-02;3.247155e-02;2.340546e-01;4.880768e-02;3.831276e-02;5.918818e-02;4.249896e-02;1.578232e-01;7.764610e-02;4.613747e-02;7.785207e-02;1.538367e-01
3.631735e-02;2.710903e-02;2.236790e-01;2.590721e-02;2.433246e-02;5.275271e-02;7.524884e-02;1.319322e-01;9.280338e-02;4.576663e-02;8.175512e-02;1.823960e-01
5.311485e-02;2.662543e-02;2.290020e-01;5.147858e-02;2.024734e-02;7.281128e-02;8.304419e-02;1.107648e-01;1.459223e-01;4.177295e-02;3.297578e-02;1.322404e-01
3.392645e-02;1.935112e-02;2.742679e-01;3.921100e-02;2.654335e-02;7.918288e-02;9.056000e-02;1.120617e-01;1.341291e-01;5.750307e-02;4.688958e-02;8.637393e-02
2.508124e-02;1.691581e-02;3.242803e-01;6.826007e-02;2.818052e-02;5.790586e-02;7.302472e-02;1.308347e-01;1.034605e-01;3.961112e-02;5.457336e-02;7.787178e-02
4.302535e-02;2.422421e-02;2.610450e-01;1.197493e-01;2.472639e-02;3.952584e-02;5.427315e-02;1.158101e-01;1.929299e-01;4.586557e-02;3.946813e-02;3.935698e-02
8.482296e-02;1.628953e-02;1.484476e-01;1.604055e-01;4.558539e-02;1.475166e-02;2.518610e-02;7.463788e-02;3.127033e-01;7.991708e-02;2.576893e-02;1.148408e-02
1.013574e-01;9.137281e-03;1.201596e-01;1.757672e-01;5.598850e-02;9.175217e-03;2.299323e-02;4.256083e-02;3.382944e-01;7.994447e-02;3.021844e-02;1.440353e-02
9.006051e-02;6.143968e-03;1.588512e-01;1.720043e-01;3.614369e-02;1.062418e-02;2.982369e-02;3.905693e-02;3.381562e-01;6.015373e-02;2.878697e-02;3.019468e-02
6.325251e-02;1.281833e-02;1.908307e-01;1.661785e-01;1.574324e-02;1.214542e-02;3.210241e-02;5.789872e-02;3.435979e-01;6.054002e-02;2.107209e-02;2.382004e-02
4.333200e-02;8.878639e-03;1.617342e-01;1.750180e-01;2.218700e-02;1.498886e-02;3.296610e-02;6.216922e-02;3.801594e-01;7.091130e-02;1.423424e-02;1.342102e-02
5.408036e-02;7.564691e-03;9.647446e-02;1.891042e-01;3.141806e-02;1.134099e-02;2.630181e-02;4.979556e-02;4.236854e-01;8.850306e-02;1.369995e-02;8.031495e-03
9.591341e-02;1.125269e-02;7.843342e-02;2.044077e-01;4.242054e-02;1.167706e-02;2.211455e-02;2.897394e-02;3.934109e-01;9.085035e-02;1.362856e-02;6.916834e-03
1.309587e-01;2.565949e-02;8.552209e-02;2.195154e-01;4.592691e-02;8.570313e-03;2.057124e-02;3.024998e-02;3.248098e-01;8.790603e-02;1.479345e-02;5.516684e-03
1.379457e-01;2.748378e-02;8.780064e-02;2.576656e-01;4.947801e-02;6.045821e-03;1.594900e-02;3.144643e-02;2.858480e-01;8.537915e-02;1.145597e-02;3.501936e-03
1.064728e-01;1.620233e-02;1.461512e-01;2.975145e-01;4.616762e-02;2.839610e-03;2.119030e-02;2.971976e-02;2.473815e-01;7.452895e-02;7.259967e-03;4.571462e-03
7.460304e-02;1.418187e-02;1.956395e-01;3.030685e-01;4.412629e-02;5.664813e-03;3.413762e-02;4.509922e-02;2.043326e-01;6.605037e-02;7.495149e-03;5.600973e-03
5.101623e-02;1.399771e-02;2.311749e-01;2.597731e-01;4.243416e-02;1.790794e-02;7.523473e-02;7.346380e-02;1.645021e-01;4.343629e-02;5.692590e-03;2.136642e-02
3.240241e-02;1.225111e-02;2.539474e-01;1.639671e-01;2.873364e-02;3.916827e-02;1.521602e-01;1.176158e-01;1.198457e-01;2.687581e-02;7.843315e-03;4.518926e-02
2.464602e-02;1.399470e-02;2.757775e-01;1.057951e-01;1.558043e-02;6.366721e-02;1.939376e-01;1.456523e-01;6.890093e-02;2.325027e-02;5.328809e-03;6.346907e-02
1.923055e-02;1.544139e-02;2.682891e-01;6.851511e-02;1.492048e-02;8.477589e-02;2.013479e-01;1.476812e-01;7.945259e-02;2.852452e-02;7.409657e-03;6.441163e-02
1.902689e-02;9.768259e-03;2.401839e-01;1.081282e-01;1.964111e-02;8.953396e-02;1.687537e-01;1.255670e-01;1.269930e-01;3.050163e-02;5.972815e-03;5.592949e-02
2.868094e-02;1.431677e-02;2.062336e-01;1.847256e-01;2.813167e-02;6.803434e-02;1.117423e-01;9.870121e-02;1.661815e-01;4.249308e-02;7.727213e-03;4.303192e-02
2.715100e-02;1.961557e-02;1.653164e-01;2.186959e-01;4.403546e-02;4.537076e-02;9.536993e-02;7.255717e-02;2.189965e-01;5.521454e-02;1.037408e-02;2.730275e-02
2.753374e-02;1.518803e-02;1.004051e-01;2.113066e-01;8.456811e-02;3.507272e-02;1.279440e-01;6.730869e-02;2.469153e-01;5.393777e-02;1.440913e-02;1.541073e-02
3.582069e-02;1.872207e-02;3.133719e-02;1.995126e-01;1.697144e-01;3.793601e-02;1.426069e-01;5.775037e-02;2.127821e-01;7.150293e-02;1.308863e-02;9.226101e-03
2.984715e-02;4.050599e-02;4.360105e-02;1.551231e-01;2.730907e-01;5.318164e-02;9.837034e-02;4.883635e-02;1.143703e-01;1.184037e-01;1.455722e-02;1.011241e-02
1.915593e-02;6.001629e-02;1.409566e-02;1.129533e-01;3.165214e-01;7.927510e-02;4.489754e-02;7.255638e-02;8.550184e-02;1.592727e-01;2.245320e-02;1.330067e-02
7.847870e-03;7.372057e-02;1.621091e-02;7.382797e-02;2.915996e-01;9.563537e-02;3.047921e-02;1.045732e-01;9.411453e-02;1.756433e-01;2.226751e-02;1.408000e-02
1.408522e-02;8.541030e-02;2.610437e-02;2.853357e-02;2.613512e-01;1.035900e-01;3.234500e-02;1.190623e-01;8.892957e-02;1.884124e-01;4.023357e-02;1.194253e-02
1.767642e-02;9.154917e-02;2.018696e-02;3.480835e-02;2.248167e-01;9.662355e-02;4.737813e-02;1.042988e-01;8.868974e-02;2.040890e-01;6.110531e-02;8.777890e-03
9.379673e-03;1.052748e-01;1.747631e-02;4.555490e-02;2.067679e-01;9.062643e-02;2.689369e-02;9.078332e-02;6.345267e-02;2.414227e-01;9.019156e-02;1.217616e-02
1.868096e-02;7.875408e-02;2.627850e-02;6.013022e-02;1.494307e-01;1.636645e-01;3.549125e-02;8.022866e-02;4.076535e-02;1.829567e-01;1.449299e-01;1.868916e-02
3.702624e-02;4.023242e-02;5.581305e-02;6.744424e-02;9.894670e-02;2.184911e-01;8.021739e-02;7.595677e-02;3.221060e-02;1.254141e-01;1.442068e-01;2.404057e-02
4.272582e-02;3.400305e-02;7.618055e-02;7.934652e-02;1.318367e-01;2.015058e-01;8.395769e-02;7.001597e-02;3.170166e-02;1.123923e-01;1.029573e-01;3.337656e-02
2.719374e-02;2.760313e-02;4.804516e-02;9.532870e-02;1.903916e-01;1.290970e-01;5.438271e-02;1.270379e-01;3.494127e-02;1.409970e-01;1.006285e-01;2.435331e-02
1.041564e-02;3.218821e-02;2.563981e-02;8.946149e-02;1.725322e-01;5.176948e-02;5.668077e-02;1.939012e-01;3.063998e-02;2.101189e-01;1.089775e-01;1.767489e-02
1.969035e-02;3.167504e-02;4.247404e-02;7.624158e-02;1.074173e-01;8.279859e-02;5.840530e-02;1.770206e-01;3.865592e-02;2.386106e-01;1.017070e-01;2.530365e-02
4.313097e-02;2.527109e-02;6.044190e-02;8.688654e-02;4.912545e-02;1.227871e-01;5.348068e-02;1.467085e-01;1.170380e-01;1.941079e-01;7.263963e-02;2.838228e-02
5.189839e-02;1.680345e-02;5.774724e-02;1.046794e-01;6.575352e-02;1.116311e-01;6.892103e-02;1.050794e-01;1.727931e-01;1.648194e-01;4.370672e-02;3.616730e-02
5.603171e-02;2.251227e-02;6.358795e-02;9.261368e-02;5.177850e-02;8.769881e-02;9.442294e-02;1.159494e-01;1.305597e-01;1.579548e-01;6.799123e-02;5.889904e-02
5.243702e-02;2.951414e-02;6.133074e-02;6.590620e-02;6.696895e-02;1.103996e-01;8.607056e-02;1.218121e-01;8.547511e-02;1.454791e-01;1.109353e-01;6.367119e-02
4.817729e-02;1.977029e-02;6.522159e-02;2.924970e-02;4.348405e-02;1.577923e-01;9.212523e-02;6.807002e-02;9.451561e-02;1.200160e-01;1.920577e-01;6.952033e-02
4.737943e-02;8.511553e-03;6.994587e-02;1.244936e-02;2.099485e-02;1.661806e-01;9.144019e-02;2.917664e-02;1.289137e-01;9.829371e-02;2.340086e-01;9.270547e-02
4.418821e-02;7.880447e-03;7.079008e-02;6.914700e-03;2.473547e-02;1.409045e-01;7.923695e-02;4.627479e-02;1.467389e-01;1.014412e-01;2.367496e-01;9.414522e-02
7.893118e-02;2.334941e-02;7.762251e-02;1.273266e-02;3.164363e-02;1.201789e-01;6.722959e-02;5.181640e-02;1.404126e-01;1.056937e-01;2.075914e-01;8.279806e-02
9.551058e-02;2.762968e-02;8.011702e-02;2.627946e-02;4.016244e-02;8.755904e-02;1.123209e-01;4.940268e-02;1.313443e-01;1.122577e-01;1.620687e-01;7.534758e-02
8.091632e-02;3.590098e-02;7.055032e-02;3.457337e-02;5.163498e-02;1.373137e-01;9.378158e-02;6.872576e-02;1.023991e-01;1.526081e-01;1.209056e-01;5.069016e-02
5.121460e-02;5.275705e-02;4.205808e-02;2.233226e-02;8.396344e-02;1.048532e-01;8.036070e-02;9.037054e-02;8.387214e-02;1.974119e-01;1.467164e-01;4.408972e-02
1.013898e-01;4.229953e-02;1.013153e-01;3.111560e-02;6.762680e-02;1.126140e-01;5.566009e-02;5.983694e-02;9.505607e-02;1.088894e-01;1.492068e-01;7.498971e-02
1.249162e-01;5.558004e-02;9.220137e-02;4.051154e-02;4.472274e-02;5.722971e-02;1.445244e-01;9.296113e-02;9.385630e-02;7.056914e-02;8.536712e-02;9.756038e-02
9.062825e-02;4.856181e-02;7.427739e-02;4.413892e-02;3.860727e-02;4.600036e-02;2.092185e-01;1.231033e-01;9.324554e-02;5.385532e-02;6.064430e-02;1.177190e-01
4.633750e-02;2.599528e-02;5.635662e-02;4.602443e-02;3.288312e-02;5.333039e-02;2.521059e-01;1.345531e-01;8.776303e-02;4.424904e-02;5.010569e-02;1.702959e-01
9.460405e-03;1.510594e-02;4.399723e-02;3.873172e-02;2.589753e-02;4.087349e-02;2.512289e-01;1.187969e-01;1.016735e-01;3.492292e-02;5.327195e-02;2.660395e-01
1.132112e-02;2.288741e-02;3.216958e-02;3.888337e-02;2.016934e-02;3.659396e-02;2.249991e-01;8.350873e-02;9.982520e-02;2.686262e-02;6.487156e-02;3.379079e-01
1.057657e-02;4.051887e-02;2.161588e-02;8.720347e-02;1.052566e-02;2.327281e-02;2.606168e-01;5.568147e-02;7.019377e-02;3.710622e-02;4.272135e-02;3.399671e-01
1.671664e-02;5.013114e-02;1.406458e-02;1.214211e-01;7.006020e-03;1.328742e-02;3.027876e-01;2.887939e-02;4.199660e-02;5.535257e-02;1.762950e-02;3.307275e-01
3.276320e-02;3.663298e-02;8.518991e-03;1.273851e-01;6.730540e-03;1.142700e-02;3.087627e-01;2.207817e-02;2.399010e-02;8.610588e-02;1.591805e-02;3.196873e-01
5.057068e-02;2.342653e-02;1.219612e-02;1.062576e-01;8.575967e-03;2.971350e-02;2.764049e-01;3.604201e-02;3.300870e-02;1.011463e-01;3.854037e-02;2.841173e-01
5.716168e-02;2.096475e-02;2.389332e-02;8.014744e-02;2.046931e-02;5.055089e-02;2.348407e-01;5.909188e-02;5.193284e-02;1.080315e-01;7.036337e-02;2.225524e-01
5.467186e-02;2.892846e-02;4.898937e-02;5.569942e-02;3.486059e-02;5.604652e-02;2.224447e-01;6.031156e-02;6.648958e-02;1.318969e-01;9.025997e-02;1.494011e-01
5.264227e-02;3.836776e-02;6.040677e-02;6.722120e-02;4.053711e-02;5.087173e-02;2.261308e-01;4.208330e-02;9.310681e-02;1.794605e-01;6.719655e-02;8.197518e-02
6.621204e-02;2.551809e-02;3.098784e-02;1.279221e-01;3.417249e-02;4.628786e-02;2.258495e-01;4.271847e-02;8.600435e-02;1.321641e-01;2.518066e-02;1.569824e-01
5.542004e-02;2.788255e-02;4.658071e-02;1.497026e-01;2.879303e-02;5.550892e-02;1.929457e-01;5.304076e-02;7.233603e-02;8.155133e-02;4.127141e-02;1.949670e-01
7.072860e-02;1.799208e-02;3.879678e-02;1.126932e-01;3.640888e-02;5.093195e-02;2.352102e-01;5.592380e-02;1.046096e-01;5.939453e-02;3.979138e-02;1.775190e-01
7.433124e-02;1.409709e-02;3.723863e-02;9.191053e-02;3.962431e-02;4.861864e-02;2.462059e-01;6.094587e-02;1.020895e-01;7.597132e-02;3.555970e-02;1.734072e-01
6.058228e-02;2.235455e-02;3.466566e-02;1.286543e-01;3.178506e-02;4.016412e-02;2.242396e-01;4.738310e-02;7.772270e-02;8.644742e-02;3.707186e-02;2.089293e-01
5.469907e-02;2.677351e-02;3.420890e-02;1.422880e-01;2.774340e-02;3.650913e-02;1.952141e-01;3.994633e-02;5.928357e-02;1.256213e-01;3.633646e-02;2.213762e-01
4.212941e-02;3.499632e-02;4.372391e-02;1.268199e-01;3.555475e-02;5.451186e-02;1.840563e-01;6.879362e-02;5.145075e-02;1.177482e-01;4.056944e-02;1.996456e-01
4.230528e-02;3.855252e-02;6.727888e-02;6.771345e-02;3.998914e-02;5.842864e-02;2.530425e-01;8.961897e-02;5.449775e-02;8.150127e-02;3.536325e-02;1.717084e-01
5.377476e-02;4.394440e-02;7.157160e-02;6.083383e-02;3.132388e-02;4.346391e-02;2.581159e-01;6.000187e-02;6.541923e-02;1.000117e-01;5.221653e-02;1.593224e-01
7.353947e-02;7.532781e-02;7.478078e-02;7.236872e-02;5.352813e-02;4.595589e-02;1.681676e-01;4.202009e-02;6.317987e-02;1.447657e-01;6.146917e-02;1.248967e-01
3.839983e-02;8.490229e-02;1.464109e-01;9.868908e-02;1.038726e-01;7.225279e-02;1.453950e-01;4.778768e-02;8.265937e-02;9.591272e-02;3.758216e-02;4.613555e-02
4.812418e-02;1.210890e-01;1.453460e-01;7.212517e-02;1.162871e-01;5.045234e-02;1.285064e-01;3.674609e-02;7.863389e-02;1.026939e-01;4.738254e-02;5.261333e-02
5.134588e-02;1.341013e-01;1.109863e-01;4.682456e-02;1.251120e-01;7.512943e-02;1.283800e-01;3.514365e-02;8.007485e-02;1.146105e-01;5.110963e-02;4.718184e-02
4.376299e-02;1.053909e-01;1.058426e-01;4.305288e-02;1.102614e-01;1.449802e-01;1.318433e-01;4.215856e-02;7.885280e-02;1.182791e-01;4.086154e-02;3.471380e-02
3.180439e-02;4.349471e-02;2.106126e-01;7.302676e-02;6.694738e-02;1.575741e-01;1.661253e-01;3.925325e-02;7.727209e-02;9.833909e-02;1.656445e-02;1.898583e-02
3.172700e-02;1.140262e-02;1.870022e-01;1.087297e-01;4.681432e-02;8.601499e-02;2.420934e-01;7.165036e-02;1.030258e-01;8.429385e-02;1.697505e-02;1.027068e-02
3.368288e-02;1.093320e-02;9.026656e-02;1.873454e-01;4.190002e-02;3.483918e-02;2.241516e-01;1.358745e-01;1.419172e-01;7.463010e-02;1.959942e-02;4.859870e-03
2.858815e-02;9.128714e-03;6.200784e-02;2.186806e-01;3.602281e-02;2.276564e-02;1.653972e-01;1.812107e-01;1.702616e-01;8.003785e-02;2.041766e-02;5.481225e-03
2.800195e-02;6.710534e-03;5.345516e-02;2.142622e-01;3.790483e-02;2.804794e-02;1.540406e-01;1.986944e-01;1.708478e-01;7.665313e-02;2.540361e-02;5.977925e-03
2.865530e-02;6.377911e-03;5.782685e-02;2.183813e-01;4.295082e-02;2.728625e-02;1.703176e-01;1.868837e-01;1.545734e-01;8.010703e-02;2.303967e-02;3.600247e-03
2.935294e-02;4.961059e-03;1.030731e-01;2.071748e-01;4.976347e-02;4.481402e-02;1.933176e-01;1.517992e-01;1.164251e-01;7.561654e-02;2.060925e-02;3.092839e-03
2.305237e-02;5.051925e-03;1.926564e-01;1.571790e-01;5.769520e-02;1.034839e-01;1.759119e-01;9.936197e-02;8.358587e-02;7.815119e-02;1.897579e-02;4.894397e-03
1.632811e-02;1.123301e-02;2.689782e-01;9.276013e-02;7.795551e-02;1.743182e-01;1.176008e-01;4.394407e-02;7.572744e-02;9.555790e-02;1.759991e-02;7.996812e-03
1.218189e-02;2.275322e-02;3.090712e-01;7.519425e-02;1.018768e-01;1.703937e-01;5.620345e-02;4.237224e-02;5.522375e-02;1.160028e-01;2.065701e-02;1.806969e-02
1.124577e-02;4.279801e-02;3.229329e-01;5.484783e-02;1.404033e-01;1.031964e-01;3.546167e-02;4.399863e-02;4.341807e-02;1.451897e-01;2.295470e-02;3.355303e-02
6.505458e-03;8.388538e-02;2.175726e-01;3.975648e-02;2.009273e-01;6.502628e-02;3.125434e-02;4.041474e-02;3.856426e-02;1.889203e-01;2.955396e-02;5.761888e-02
1.471009e-02;1.152102e-01;6.804036e-02;4.083268e-02;2.496468e-01;6.151509e-02;4.924018e-02;2.860296e-02;4.605802e-02;2.108285e-01;2.942680e-02;8.588819e-02
1.712641e-02;1.162455e-01;4.232005e-02;5.801338e-02;2.601191e-01;5.791987e-02;6.648439e-02;2.596345e-02;3.066591e-02;1.917373e-01;2.905533e-02;1.043493e-01
2.496110e-02;1.017930e-01;5.341094e-02;7.234512e-02;2.452253e-01;8.907475e-02;6.163264e-02;1.885553e-02;3.938178e-02;1.620106e-01;2.660010e-02;1.047092e-01
3.552251e-02;5.802444e-02;1.078595e-01;1.191589e-01;1.733600e-01;1.126830e-01;1.121691e-01;2.010862e-02;4.952036e-02;1.117514e-01;3.520377e-02;6.463830e-02
4.118830e-02;2.774824e-02;1.630961e-01;1.321936e-01;1.087060e-01;8.350171e-02;1.696905e-01;2.861719e-02;7.577899e-02;8.194774e-02;5.367055e-02;3.386117e-02
4.537180e-02;4.971199e-02;1.776105e-01;1.151038e-01;8.392095e-02;5.065521e-02;1.985015e-01;3.521045e-02;8.447974e-02;7.019375e-02;5.937307e-02;2.986730e-02
3.689393e-02;8.802923e-02;1.053038e-01;7.485376e-02;9.603068e-02;1.022263e-01;2.458582e-01;2.838047e-02;6.464029e-02;7.041972e-02;5.207771e-02;3.528591e-02
1.430381e-02;7.765559e-02;2.078082e-01;2.186264e-02;7.003609e-02;9.535138e-02;2.656077e-01;3.227498e-02;4.900157e-02;4.857351e-02;9.866215e-02;1.886228e-02
4.567954e-02;8.972757e-02;2.039414e-01;4.146842e-02;3.956153e-02;8.400910e-02;2.791358e-01;1.941081e-02;4.493701e-02;3.725518e-02;9.257159e-02;2.230209e-02
7.155489e-02;9.337569e-02;1.656507e-01;4.315677e-02;4.981034e-02;1.151049e-01;2.343603e-01;2.745700e-02;3.698575e-02;4.538335e-02;7.107878e-02;4.608153e-02
7.623412e-02;7.229730e-02;1.157605e-01;4.892625e-02;9.399524e-02;1.405119e-01;1.797273e-01;5.404377e-02;3.094988e-02;4.872506e-02;6.840552e-02;7.042317e-02
5.014197e-02;3.613805e-02;1.104736e-01;8.834046e-02;1.005093e-01;1.260882e-01;2.054263e-01;7.482868e-02;3.593458e-02;4.493512e-02;6.523357e-02;6.195006e-02
3.124135e-02;5.323828e-02;1.534500e-01;6.673952e-02;5.610937e-02;1.522431e-01;2.322847e-01;6.069719e-02;4.559444e-02;3.942742e-02;5.687966e-02;5.209497e-02
4.702399e-02;6.122830e-02;1.028775e-01;2.639978e-02;7.612452e-02;1.735614e-01;1.846235e-01;5.903956e-02;8.774894e-02;3.838319e-02;7.541410e-02;6.757532e-02
4.772789e-02;3.438063e-02;3.961422e-02;6.099603e-02;9.337844e-02;1.386179e-01;1.204476e-01;1.289577e-01;7.227529e-02;7.129060e-02;1.290839e-01;6.322983e-02
2.629347e-02;2.061247e-02;7.655434e-02;5.947386e-02;7.279347e-02;7.254006e-02;2.123029e-01;1.233959e-01;7.172107e-02;9.586003e-02;1.187280e-01;4.972444e-02
3.889896e-02;2.875214e-02;8.802850e-02;4.362133e-02;4.564306e-02;7.607237e-02;2.163157e-01;6.711362e-02;1.486015e-01;1.000918e-01;1.169925e-01;2.986853e-02
4.431304e-02;4.425753e-02;8.381938e-02;3.878143e-02;5.110803e-02;9.642117e-02;1.691694e-01;7.549384e-02;1.332984e-01;7.112288e-02;1.606630e-01;3.155189e-02
5.342766e-02;3.730593e-02;6.383496e-02;4.678075e-02;7.419571e-02;8.019694e-02;1.414915e-01;7.954416e-02;8.790193e-02;9.406956e-02;1.674157e-01;7.383513e-02
6.301955e-02;5.163005e-02;6.354290e-02;5.424301e-02;8.870120e-02;9.082334e-02;1.130878e-01;6.477175e-02;9.961749e-02;1.036473e-01;1.059742e-01;1.009414e-01
7.585265e-02;6.282885e-02;9.147728e-02;4.151906e-02;9.138604e-02;8.856289e-02;1.365576e-01;6.032643e-02;9.927592e-02;5.380980e-02;1.135448e-01;8.485874e-02
8.829530e-02;6.979334e-02;8.009238e-02;4.234295e-02;1.029416e-01;5.073231e-02;1.491011e-01;5.881427e-02;5.121715e-02;7.104722e-02;1.815387e-01;5.408369e-02
9.847414e-02;7.056547e-02;6.061414e-02;6.070061e-02;9.912023e-02;6.529628e-02;1.338472e-01;6.722452e-02;6.264127e-02;5.404479e-02;1.727866e-01;5.468480e-02
7.821844e-02;7.882457e-02;9.373523e-02;8.770788e-02;9.868913e-02;5.393568e-02;8.927263e-02;8.119547e-02;8.484422e-02;6.553193e-02;1.246860e-01;6.335878e-02
6.864680e-02;1.105422e-01;1.410550e-01;6.565074e-02;8.528532e-02;5.806662e-02;7.058819e-02;8.617476e-02;9.020897e-02;8.031949e-02;7.494302e-02;6.851887e-02
1.176056e-01;8.296286e-02;1.283664e-01;5.101763e-02;7.105928e-02;5.733105e-02;1.020145e-01;7.949504e-02;7.866549e-02;9.957618e-02;6.485799e-02;6.704795e-02
9.112357e-02;6.519306e-02;1.020153e-01;6.053152e-02;6.468785e-02;5.667154e-02;1.153158e-01;9.920637e-02;1.092603e-01;8.866448e-02;7.585835e-02;7.147197e-02
4.624417e-02;8.537450e-02;9.141011e-02;5.833617e-02;4.510916e-02;9.201414e-02;8.287451e-02;1.342067e-01;1.404999e-01;6.170758e-02;7.879353e-02;8.342949e-02
6.944826e-02;6.933083e-02;1.226815e-01;6.741089e-02;6.500383e-02;1.027945e-01;8.390687e-02;1.154059e-01;1.149895e-01;5.966868e-02;4.965129e-02;7.970785e-02
