4.116527e-02;7.112042e-02;1.515308e-01;2.568045e-02;3.439235e-02;6.409868e-02;9.008976e-02;2.935777e-01;8.200706e-02;5.083353e-02;3.928964e-02;5.621434e-02
4.193618e-02;7.435771e-02;1.305576e-01;2.682208e-02;4.670888e-02;1.051175e-01;6.235576e-02;2.556139e-01;9.683643e-02;6.922494e-02;4.966744e-02;4.080163e-02
4.442929e-02;5.999650e-02;8.722784e-02;2.691663e-02;5.266149e-02;1.054295e-01;5.748656e-02;2.197943e-01;1.482698e-01;8.843371e-02;4.988772e-02;5.946660e-02
7.074787e-02;4.976161e-02;8.065432e-02;6.625471e-02;4.119110e-02;8.742823e-02;6.215466e-02;1.985930e-01;1.653994e-01;1.041307e-01;2.533379e-02;4.835067e-02
7.633592e-02;6.039350e-02;9.346831e-02;7.916151e-02;5.591442e-02;7.330127e-02;6.311832e-02;1.954618e-01;1.175077e-01;9.935292e-02;5.243021e-02;3.355416e-02
5.105482e-02;6.522255e-02;1.002314e-01;6.567600e-02;5.235692e-02;9.582856e-02;4.259160e-02;2.135570e-01;1.275921e-01;9.555396e-02;3.973838e-02;5.059670e-02
2.992254e-02;9.771449e-02;1.153258e-01;6.574694e-02;4.555337e-02;1.132587e-01;3.049059e-02;2.321569e-01;1.163382e-01;9.054010e-02;2.107610e-02;4.187620e-02
3.573338e-02;1.066706e-01;1.153003e-01;5.672449e-02;5.309660e-02;1.266540e-01;4.510344e-02;2.003574e-01;1.185710e-01;7.727500e-02;2.676609e-02;3.774764e-02
2.795477e-02;9.596659e-02;1.078117e-01;6.767691e-02;8.542687e-02;1.054410e-01;5.678885e-02;1.548457e-01;1.082057e-01;7.782474e-02;4.648197e-02;6.557520e-02
3.285319e-02;1.117890e-01;1.305781e-01;7.423376e-02;8.134201e-02;1.338164e-01;7.661790e-02;9.143568e-02;6.990215e-02;5.153899e-02;8.284748e-02;6.304529e-02
3.391139e-02;1.516764e-01;1.940379e-01;5.460209e-02;4.640282e-02;1.434593e-01;5.868104e-02;5.943741e-02;7.252823e-02;6.595223e-02;7.183897e-02;4.747215e-02
7.991882e-02;2.098349e-01;1.737822e-01;4.626654e-02;3.628910e-02;9.730118e-02;3.178668e-02;6.167974e-02;7.169174e-02;7.757707e-02;6.108512e-02;5.278700e-02
1.297586e-01;1.966914e-01;1.008678e-01;8.016778e-02;3.201006e-02;4.353160e-02;5.770729e-02;7.879345e-02;5.935087e-02;8.215902e-02;4.859712e-02;9.036507e-02
1.210867e-01;1.147001e-01;5.328923e-02;1.528666e-01;2.648216e-02;2.538822e-02;1.108612e-01;7.486159e-02;3.610763e-02;8.771303e-02;2.891188e-02;1.677317e-01
6.287242e-02;5.489567e-02;6.181974e-02;2.170135e-01;1.772212e-02;3.552748e-02;1.498943e-01;4.063467e-02;4.207588e-02;7.056070e-02;3.391210e-02;2.130715e-01
2.684684e-02;5.271528e-02;1.480562e-01;1.684892e-01;1.733037e-02;6.328812e-02;1.286039e-01;2.135585e-02;9.203719e-02;3.617276e-02;8.820742e-02;1.568969e-01
2.019326e-02;3.428522e-02;2.707727e-01;4.622807e-02;2.381963e-02;9.205218e-02;8.148894e-02;1.960682e-02;1.699335e-01;2.073603e-02;1.495777e-01;7.130590e-02
3.021338e-02;2.263240e-02;2.944453e-01;2.187609e-02;2.467786e-02;8.749479e-02;8.742633e-02;2.505188e-02;1.786703e-01;1.798875e-02;1.494918e-01;6.003108e-02
3.535636e-02;3.729260e-02;2.789595e-01;2.073812e-02;2.876869e-02;9.084608e-02;9.246358e-02;2.590262e-02;1.690583e-01;1.785500e-02;1.295105e-01;7.324864e-02
2.686107e-02;3.710856e-02;1.773107e-01;6.941682e-02;1.944978e-02;1.003278e-01;1.497020e-01;3.025926e-02;1.333261e-01;2.459136e-02;1.331552e-01;9.849130e-02
2.457070e-02;3.051536e-02;8.832355e-02;1.008619e-01;1.621198e-02;1.495431e-01;1.826231e-01;3.268126e-02;1.034340e-01;4.588687e-02;1.452349e-01;8.011324e-02
2.661723e-02;4.974752e-02;1.367048e-01;9.137482e-02;1.665371e-02;2.027187e-01;1.463636e-01;3.338794e-02;8.526734e-02;5.556674e-02;1.217159e-01;3.388178e-02
3.358825e-02;4.669590e-02;1.331996e-01;8.410139e-02;1.293254e-02;1.527646e-01;2.784324e-01;4.321156e-02;5.165455e-02;5.452282e-02;2.769946e-02;8.119695e-02
5.172791e-02;3.153141e-02;1.152877e-01;8.366455e-02;1.573398e-02;8.617579e-02;3.205791e-01;5.072693e-02;3.187451e-02;3.357818e-02;4.083475e-02;1.382852e-01
6.505801e-02;3.888984e-02;8.026838e-02;8.810266e-02;1.819562e-02;4.854811e-02;3.336926e-01;2.991425e-02;2.589029e-02;3.282709e-02;3.354821e-02;2.050650e-01
5.443729e-02;3.589818e-02;5.375829e-02;1.690072e-01;1.656728e-02;2.291491e-02;3.009899e-01;2.136120e-02;2.610315e-02;5.571771e-02;2.280486e-02;2.204401e-01
3.039333e-02;4.335788e-02;4.999979e-02;2.518902e-01;1.340130e-02;1.121037e-02;2.340000e-01;1.407168e-02;2.648836e-02;9.111512e-02;2.924565e-02;2.048263e-01
3.450629e-02;3.183943e-02;3.710362e-02;2.829356e-01;1.969858e-02;1.126529e-02;1.650474e-01;2.626265e-02;2.682669e-02;1.535521e-01;3.010163e-02;1.808607e-01
4.978828e-02;3.456425e-02;3.794897e-02;2.762305e-01;2.471315e-02;2.472004e-02;1.104961e-01;4.632245e-02;2.711539e-02;1.944119e-01;2.988597e-02;1.438030e-01
1.194291e-01;4.541956e-02;5.737387e-02;1.887435e-01;6.769552e-02;3.014074e-02;7.151280e-02;1.180422e-01;2.683181e-02;1.352994e-01;4.743268e-02;9.207876e-02
2.383910e-01;4.502688e-02;7.571036e-02;9.226660e-02;1.095531e-01;3.145182e-02;4.439821e-02;1.932424e-01;3.112238e-02;4.671147e-02;5.465910e-02;3.746679e-02
2.723137e-01;3.762392e-02;4.751951e-02;3.478215e-02;1.080151e-01;2.457462e-02;4.534474e-02;2.064507e-01;3.406544e-02;3.885332e-02;1.061208e-01;4.433600e-02
2.153531e-01;6.815235e-02;4.079414e-02;3.341026e-02;8.034810e-02;2.284588e-02;6.623853e-02;1.991732e-01;4.072249e-02;3.420556e-02;1.340899e-01;6.466649e-02
1.280493e-01;9.937708e-02;5.748882e-02;5.521796e-02;3.976430e-02;4.697866e-02;1.285336e-01;1.939845e-01;6.505255e-02;4.612460e-02;1.021870e-01;3.724168e-02
7.922774e-02;8.428681e-02;6.876668e-02;9.333527e-02;3.843500e-02;6.413580e-02;1.939269e-01;1.579048e-01;5.576599e-02;6.892893e-02;5.283920e-02;4.244686e-02
1.013515e-01;4.278329e-02;9.994208e-02;1.069768e-01;6.378020e-02;5.705279e-02;1.948971e-01;1.130020e-01;4.801504e-02;7.775489e-02;3.735988e-02;5.708435e-02
1.602773e-01;8.477322e-02;1.197648e-01;6.081585e-02;7.056903e-02;6.907531e-02;1.377142e-01;7.739178e-02;5.706941e-02;6.631047e-02;4.410602e-02;5.213263e-02
1.524762e-01;1.227672e-01;1.133623e-01;6.650051e-02;5.331416e-02;5.865654e-02;7.333534e-02;9.327964e-02;4.795485e-02;6.128455e-02;7.890739e-02;7.816135e-02
1.101511e-01;1.578027e-01;1.028169e-01;4.579773e-02;3.793475e-02;4.945895e-02;9.378441e-02;1.446600e-01;5.570195e-02;5.568529e-02;7.229940e-02;7.390688e-02
6.088201e-02;1.845778e-01;1.014003e-01;6.369395e-02;4.852389e-02;3.979390e-02;8.177368e-02;1.810124e-01;6.639586e-02;4.706270e-02;7.004860e-02;5.483495e-02
1.091523e-01;1.824094e-01;1.089573e-01;7.685103e-02;4.780145e-02;3.001374e-02;5.675271e-02;1.980956e-01;5.882286e-02;3.828087e-02;5.962199e-02;3.324070e-02
1.793970e-01;1.675112e-01;1.397844e-01;5.679734e-02;4.971230e-02;2.733966e-02;5.782723e-02;1.762754e-01;4.810818e-02;2.459946e-02;4.103401e-02;3.161389e-02
1.913964e-01;1.323007e-01;1.614266e-01;5.897649e-02;4.345635e-02;3.446205e-02;1.162726e-01;1.094039e-01;4.607515e-02;2.530286e-02;2.900126e-02;5.192576e-02
1.696372e-01;1.084226e-01;1.505636e-01;7.622192e-02;4.712890e-02;4.391148e-02;1.538892e-01;5.032539e-02;7.555418e-02;2.491632e-02;5.390699e-02;4.552220e-02
1.279631e-01;7.464583e-02;1.220722e-01;1.237865e-01;3.306281e-02;4.294132e-02;1.412688e-01;1.086569e-01;1.042377e-01;2.352049e-02;5.084761e-02;4.699660e-02
9.822412e-02;4.516252e-02;9.814386e-02;1.768587e-01;2.670704e-02;4.443436e-02;9.144688e-02;1.464295e-01;1.133473e-01;3.558252e-02;3.920883e-02;8.445435e-02
8.473694e-02;7.090154e-02;7.836644e-02;1.404604e-01;4.888563e-02;3.616704e-02;9.014442e-02;1.839085e-01;1.273435e-01;3.775317e-02;3.513081e-02;6.620160e-02
8.862761e-02;7.580160e-02;1.025430e-01;6.643802e-02;5.879305e-02;2.282113e-02;8.814158e-02;2.115682e-01;1.524742e-01;5.041225e-02;3.050622e-02;5.187318e-02
8.847359e-02;6.979311e-02;1.320579e-01;6.769219e-02;2.887687e-02;2.351086e-02;7.233521e-02;2.412411e-01;1.199376e-01;4.634782e-02;4.799687e-02;6.173683e-02
8.551363e-02;7.931305e-02;1.373672e-01;5.855870e-02;3.885316e-02;3.466906e-02;8.460278e-02;2.157741e-01;8.303518e-02;3.946840e-02;5.865130e-02;8.419341e-02
7.105353e-02;1.210292e-01;1.175972e-01;5.761576e-02;6.589557e-02;3.633228e-02;8.286579e-02;1.619125e-01;7.830976e-02;6.223216e-02;6.917578e-02;7.598046e-02
6.356549e-02;1.193127e-01;7.471203e-02;1.143567e-01;7.594081e-02;5.917648e-02;7.497549e-02;1.205664e-01;1.164896e-01;7.504995e-02;5.291650e-02;5.293779e-02
4.504098e-02;9.344736e-02;4.687998e-02;1.402669e-01;9.579837e-02;6.422419e-02;8.925673e-02;1.183071e-01;1.325906e-01;7.708886e-02;4.041285e-02;5.668614e-02
4.953269e-02;8.193168e-02;4.627912e-02;1.190682e-01;9.160281e-02;8.207513e-02;9.131543e-02;1.379938e-01;1.192711e-01;7.758681e-02;4.814114e-02;5.520207e-02
5.912863e-02;7.414861e-02;5.740184e-02;9.443798e-02;8.351915e-02;6.030473e-02;8.356062e-02;1.481555e-01;1.028063e-01;9.616115e-02;6.216027e-02;7.821524e-02
5.684885e-02;5.086908e-02;5.610345e-02;9.533259e-02;1.030705e-01;5.777138e-02;1.022895e-01;1.661383e-01;8.837802e-02;7.595339e-02;4.783677e-02;9.940825e-02
6.002934e-02;7.101613e-02;1.259787e-01;7.768338e-02;7.374821e-02;8.334444e-02;7.758209e-02;1.432727e-01;1.089054e-01;4.763740e-02;4.293903e-02;8.786311e-02
6.030142e-02;8.371826e-02;1.475676e-01;3.166439e-02;5.407815e-02;1.354774e-01;8.738430e-02;1.331890e-01;1.174547e-01;4.410707e-02;3.827164e-02;6.678599e-02
6.260499e-02;6.888203e-02;1.010794e-01;5.383504e-02;5.390571e-02;2.122018e-01;7.470058e-02;1.469335e-01;8.699627e-02;4.517101e-02;3.912478e-02;5.456497e-02
7.245060e-02;6.100374e-02;3.428328e-02;8.318284e-02;5.695064e-02;2.359004e-01;8.950190e-02;1.107191e-01;8.369794e-02;3.222599e-02;8.012114e-02;5.996242e-02
8.914774e-02;8.408926e-02;7.654545e-02;5.093474e-02;4.473902e-02;1.818662e-01;8.791292e-02;9.749198e-02;1.270112e-01;3.150127e-02;8.180391e-02;4.695630e-02
9.571812e-02;1.084980e-01;8.639691e-02;7.393315e-02;3.241356e-02;1.262732e-01;9.291749e-02;1.150003e-01;1.057689e-01;2.884478e-02;5.959396e-02;7.464153e-02
9.587508e-02;9.565938e-02;5.207658e-02;9.342578e-02;2.765391e-02;1.095626e-01;1.108585e-01;1.094070e-01;9.247296e-02;3.297639e-02;6.491888e-02;1.151130e-01
7.115973e-02;8.251156e-02;6.966873e-02;7.852837e-02;3.358706e-02;1.131991e-01;1.489467e-01;1.036944e-01;1.086799e-01;3.706537e-02;5.831047e-02;9.464857e-02
6.386758e-02;8.707242e-02;1.095616e-01;6.895429e-02;3.355924e-02;1.238958e-01;1.420551e-01;1.047724e-01;1.074319e-01;3.190070e-02;4.704904e-02;7.987989e-02
5.918511e-02;6.129549e-02;1.276678e-01;5.071963e-02;3.579919e-02;1.523741e-01;1.086811e-01;8.606706e-02;1.318555e-01;3.844264e-02;7.421060e-02;7.370183e-02
3.994412e-02;4.967695e-02;1.206809e-01;3.252013e-02;4.295561e-02;1.721800e-01;1.168309e-01;1.151584e-01;1.038635e-01;4.645620e-02;1.018803e-01;5.785295e-02
3.037678e-02;6.342969e-02;1.046358e-01;4.270585e-02;5.201713e-02;1.864854e-01;1.180691e-01;1.446189e-01;5.876136e-02;5.145290e-02;1.104671e-01;3.698001e-02
2.470902e-02;7.358483e-02;9.273063e-02;4.973431e-02;7.878011e-02;1.835009e-01;8.433928e-02;1.731391e-01;3.476482e-02;6.847948e-02;1.138017e-01;2.243571e-02
1.410389e-02;1.029133e-01;4.824665e-02;3.413426e-02;1.395850e-01;1.399832e-01;4.000172e-02;1.983717e-01;3.481646e-02;1.386868e-01;7.476448e-02;3.439251e-02
1.063590e-02;1.086724e-01;1.647013e-02;2.102120e-02;2.209282e-01;6.387979e-02;2.214391e-02;1.425649e-01;4.803277e-02;2.369604e-01;4.383566e-02;6.485476e-02
1.861065e-02;8.954999e-02;1.674908e-02;2.230575e-02;2.620839e-01;3.790221e-02;3.284916e-02;8.439457e-02;5.569431e-02;2.767452e-01;2.414141e-02;7.897384e-02
3.328339e-02;5.556632e-02;4.340373e-02;3.879572e-02;2.521983e-01;3.262178e-02;7.068395e-02;6.505265e-02;7.591742e-02;2.367628e-01;2.335609e-02;7.235779e-02
5.706138e-02;3.497617e-02;8.023722e-02;6.207172e-02;1.794968e-01;4.629023e-02;1.505353e-01;4.754451e-02;9.149613e-02;1.479303e-01;4.368855e-02;5.867164e-02
7.415389e-02;2.720437e-02;7.199326e-02;1.102412e-01;1.011846e-01;4.033027e-02;2.314736e-01;5.673185e-02;1.227458e-01;7.265231e-02;6.106437e-02;3.022442e-02
8.293509e-02;2.125042e-02;6.671428e-02;1.284495e-01;7.166255e-02;3.530219e-02;2.670283e-01;6.202129e-02;1.402216e-01;4.643134e-02;6.222516e-02;1.575816e-02
9.070216e-02;3.187875e-02;7.258379e-02;1.082577e-01;8.167962e-02;4.883565e-02;2.477582e-01;5.211240e-02;1.352999e-01;6.182877e-02;4.347496e-02;2.558817e-02
8.685263e-02;4.124637e-02;9.843112e-02;9.754533e-02;9.637113e-02;5.326822e-02;2.130672e-01;4.147384e-02;1.092658e-01;9.549479e-02;3.637883e-02;3.060471e-02
6.171638e-02;5.236505e-02;9.160686e-02;7.430576e-02;1.282327e-01;4.778387e-02;1.677492e-01;3.822058e-02;7.439461e-02;1.475774e-01;3.658115e-02;7.946639e-02
3.247888e-02;7.468463e-02;4.718771e-02;3.397230e-02;2.343770e-01;3.842554e-02;8.220062e-02;6.067283e-02;4.383620e-02;2.049895e-01;2.747628e-02;1.196985e-01
1.752102e-02;1.035217e-01;1.951483e-02;2.052625e-02;2.757038e-01;4.559624e-02;3.403789e-02;9.798934e-02;3.683194e-02;2.234758e-01;1.653635e-02;1.087448e-01
1.086482e-02;1.263338e-01;1.231925e-02;2.417360e-02;2.886367e-01;5.312951e-02;3.464466e-02;1.379548e-01;4.650628e-02;1.754480e-01;2.437113e-02;6.561745e-02
1.824893e-02;1.485766e-01;1.810231e-02;3.986167e-02;2.844723e-01;8.557086e-02;4.345132e-02;1.565724e-01;4.867515e-02;8.613391e-02;4.020100e-02;3.013357e-02
3.265932e-02;1.655942e-01;4.551300e-02;4.954635e-02;1.888689e-01;1.266941e-01;7.334614e-02;1.174406e-01;4.374922e-02;7.212041e-02;5.471391e-02;2.975385e-02
2.275150e-02;1.819319e-01;9.126743e-02;3.829620e-02;1.268744e-01;1.587904e-01;8.430078e-02;9.377250e-02;3.236816e-02;6.861091e-02;5.934044e-02;4.169532e-02
3.995635e-02;2.004216e-01;7.499245e-02;3.928566e-02;1.183003e-01;1.118983e-01;8.003879e-02;7.797103e-02;5.256772e-02;1.009069e-01;5.593852e-02;4.772222e-02
6.630442e-02;1.938629e-01;8.455643e-02;5.741673e-02;1.217031e-01;9.202619e-02;5.335438e-02;5.175959e-02;5.559657e-02;1.025716e-01;5.393236e-02;6.691578e-02
6.031542e-02;1.788879e-01;8.179331e-02;6.584012e-02;1.061540e-01;6.155991e-02;6.072437e-02;8.493195e-02;5.185999e-02;1.109208e-01;6.390433e-02;7.310794e-02
3.578613e-02;1.300885e-01;1.015842e-01;5.720452e-02;1.002192e-01;6.156030e-02;1.046523e-01;1.246203e-01;6.553131e-02;9.834760e-02;4.550210e-02;7.490349e-02
3.444984e-02;9.265641e-02;8.064081e-02;5.324879e-02;1.284620e-01;7.761177e-02;1.459736e-01;1.025716e-01;9.437539e-02;9.208670e-02;1.770967e-02;8.021336e-02
4.997205e-02;8.632065e-02;7.577672e-02;3.577803e-02;1.379235e-01;7.779602e-02;1.799494e-01;6.283349e-02;8.536762e-02;8.459377e-02;4.394019e-02;7.974853e-02
5.508854e-02;1.209667e-01;7.224575e-02;4.210526e-02;1.329150e-01;6.864727e-02;1.632155e-01;6.957277e-02;7.114089e-02;7.940323e-02;6.479347e-02;5.990561e-02
3.960561e-02;1.269742e-01;5.120244e-02;5.725474e-02;1.579967e-01;8.270694e-02;1.378408e-01;7.286783e-02;8.432116e-02;7.787661e-02;5.547167e-02;5.588128e-02
2.415256e-02;1.230806e-01;8.512977e-02;6.787050e-02;1.289523e-01;9.966987e-02;1.167601e-01;1.149570e-01;1.209127e-01;6.425204e-02;2.647266e-02;2.778992e-02
3.272012e-02;1.089247e-01;7.500508e-02;8.612514e-02;9.639274e-02;9.127802e-02;9.500530e-02;1.548842e-01;1.113412e-01;7.535660e-02;3.035811e-02;4.260876e-02
4.293793e-02;1.213586e-01;6.833180e-02;7.157812e-02;1.122420e-01;6.084412e-02;6.375080e-02;1.500548e-01;1.005973e-01;1.194914e-01;3.386187e-02;5.495126e-02
5.231097e-02;1.074833e-01;9.178851e-02;7.132560e-02;1.532895e-01;4.739298e-02;7.815008e-02;1.288545e-01;8.046624e-02;1.157274e-01;4.317557e-02;3.003542e-02
4.415582e-02;5.716200e-02;8.379588e-02;7.326397e-02;1.216122e-01;5.431052e-02;1.164589e-01;1.539913e-01;8.427235e-02;1.134263e-01;5.220766e-02;4.534305e-02
3.931181e-02;6.604174e-02;5.177858e-02;6.030429e-02;1.106012e-01;6.704387e-02;1.275220e-01;1.601905e-01;8.574956e-02;1.017373e-01;6.192536e-02;6.779373e-02
4.268163e-02;8.234428e-02;5.034539e-02;4.098793e-02;1.671850e-01;8.296253e-02;7.427525e-02;1.385326e-01;7.111967e-02;1.184870e-01;3.939312e-02;9.168566e-02
5.388003e-02;8.538714e-02;7.286341e-02;4.638843e-02;1.588602e-01;9.184879e-02;4.638410e-02;1.129311e-01;8.229269e-02;1.306404e-01;2.050354e-02;9.802012e-02
6.091367e-02;1.113429e-01;8.777828e-02;5.181495e-02;9.243410e-02;7.252356e-02;7.444769e-02;9.556093e-02;1.109353e-01;1.337802e-01;3.547714e-02;7.299126e-02
3.457118e-02;1.348945e-01;1.120374e-01;6.228895e-02;5.552825e-02;9.509069e-02;8.876579e-02;6.695236e-02;1.019980e-01;1.356763e-01;4.246221e-02;6.973432e-02
3.754042e-02;1.413077e-01;1.640862e-01;6.255198e-02;3.528215e-02;1.207974e-01;6.257621e-02;9.892428e-02;7.684167e-02;1.020570e-01;3.421962e-02;6.381527e-02
8.752706e-02;1.802894e-01;1.530284e-01;3.077622e-02;3.769758e-02;6.894600e-02;8.588029e-02;1.234885e-01;6.259121e-02;6.049950e-02;5.096686e-02;5.830901e-02
1.061072e-01;1.527177e-01;1.061217e-01;3.582204e-02;3.462049e-02;4.427475e-02;1.481752e-01;1.235463e-01;5.027543e-02;3.873267e-02;5.309053e-02;1.065161e-01
7.698160e-02;9.262662e-02;7.466930e-02;4.467034e-02;3.719235e-02;8.026824e-02;1.886414e-01;9.121469e-02;4.929566e-02;2.210715e-02;1.026007e-01;1.397320e-01
4.612143e-02;5.245191e-02;1.134124e-01;2.598579e-02;5.151289e-02;1.417607e-01;1.508754e-01;5.402863e-02;4.498846e-02;2.565659e-02;2.032653e-01;8.994049e-02
5.051894e-02;4.617840e-02;1.483567e-01;1.261897e-02;4.502233e-02;1.732834e-01;9.902187e-02;3.672472e-02;4.874109e-02;5.117371e-02;2.601728e-01;2.818707e-02
5.694784e-02;6.301436e-02;1.513469e-01;1.576511e-02;3.748521e-02;1.516637e-01;7.043424e-02;6.166176e-02;6.088280e-02;8.032450e-02;2.114507e-01;3.902288e-02
4.542153e-02;1.251148e-01;1.914673e-01;2.739688e-02;5.297652e-02;9.653813e-02;4.679957e-02;8.837587e-02;6.493986e-02;1.014215e-01;1.294899e-01;3.005813e-02
4.566583e-02;1.157691e-01;1.668826e-01;5.348638e-02;8.317511e-02;4.188719e-02;5.588486e-02;1.010756e-01;8.170083e-02;1.024046e-01;9.629858e-02;5.576928e-02
6.400794e-02;1.206673e-01;1.312500e-01;2.945110e-02;1.031117e-01;7.606372e-02;6.393154e-02;9.245006e-02;7.621745e-02;9.707189e-02;8.682919e-02;5.894820e-02
7.237443e-02;1.754200e-01;1.672629e-01;4.167279e-02;6.142886e-02;6.751323e-02;5.249642e-02;7.543116e-02;6.687462e-02;9.293423e-02;6.299083e-02;6.360056e-02
6.156652e-02;1.856437e-01;1.547920e-01;4.952557e-02;6.044722e-02;6.938390e-02;7.270861e-02;9.279820e-02;6.444079e-02;1.012866e-01;5.029252e-02;3.711440e-02
7.027867e-02;1.112296e-01;1.490187e-01;3.361194e-02;4.510457e-02;9.395657e-02;8.922670e-02;1.332443e-01;7.856459e-02;7.798984e-02;7.753839e-02;4.023613e-02
7.104681e-02;1.179460e-01;1.337069e-01;3.452593e-02;2.720949e-02;1.148694e-01;5.153758e-02;1.531639e-01;8.476795e-02;3.955412e-02;1.145023e-01;5.716957e-02
6.079845e-02;1.068464e-01;1.196710e-01;3.671597e-02;7.124794e-02;1.078610e-01;8.272641e-02;1.368295e-01;7.673382e-02;4.124182e-02;9.714186e-02;6.218576e-02
4.098572e-02;8.030888e-02;1.179862e-01;2.999021e-02;1.366754e-01;1.067590e-01;9.178223e-02;8.710822e-02;7.868884e-02;7.598302e-02;7.181362e-02;8.191864e-02
3.279617e-02;9.945852e-02;1.322243e-01;3.069673e-02;1.508123e-01;7.867195e-02;7.429220e-02;6.376491e-02;6.974652e-02;8.762242e-02;8.714626e-02;9.276766e-02
5.236727e-02;1.498682e-01;1.453847e-01;2.225089e-02;1.006392e-01;6.021325e-02;4.292806e-02;8.833387e-02;6.789978e-02;9.286287e-02;9.081917e-02;8.643277e-02
6.454349e-02;1.438517e-01;1.359117e-01;5.734802e-02;5.026995e-02;1.138135e-01;6.681488e-02;1.092159e-01;8.222744e-02;7.674795e-02;5.949132e-02;3.976413e-02
5.221668e-02;9.217716e-02;1.804309e-01;6.700037e-02;6.705217e-02;1.023718e-01;8.539547e-02;7.014208e-02;8.771478e-02;9.290933e-02;4.718680e-02;5.540256e-02
3.346467e-02;1.160627e-01;1.814180e-01;7.984715e-02;5.045773e-02;1.066866e-01;7.239415e-02;4.903364e-02;1.131070e-01;9.031187e-02;4.283467e-02;6.438172e-02
1.743419e-02;1.796442e-01;1.386953e-01;7.074650e-02;2.633568e-02;1.516459e-01;4.868536e-02;3.532453e-02;1.518036e-01;7.674494e-02;3.557623e-02;6.736347e-02
4.950801e-02;1.939781e-01;6.716690e-02;4.207841e-02;8.559950e-02;1.514303e-01;2.952432e-02;2.935500e-02;1.466606e-01;7.041065e-02;8.523201e-02;4.905614e-02
1.353601e-01;1.013527e-01;3.890369e-02;2.105039e-02;2.307769e-01;6.306678e-02;2.577768e-02;8.219770e-02;6.467132e-02;6.342516e-02;1.465861e-01;2.683149e-02
1.962788e-01;3.442698e-02;4.855629e-02;1.555599e-02;3.106824e-01;3.306339e-02;2.617806e-02;1.356156e-01;2.582975e-02;3.382502e-02;1.212347e-01;1.875297e-02
2.143073e-01;3.020222e-02;5.197591e-02;4.241785e-02;2.593130e-01;3.334931e-02;2.788179e-02;1.695375e-01;2.881908e-02;3.746133e-02;6.850783e-02;3.622693e-02
1.593831e-01;4.141499e-02;5.908331e-02;8.282636e-02;1.448531e-01;2.951361e-02;4.161441e-02;1.921070e-01;5.240152e-02;9.166041e-02;5.063296e-02;5.450924e-02
1.470959e-01;6.270446e-02;5.743386e-02;1.037869e-01;1.048742e-01;3.436102e-02;5.096859e-02;1.717177e-01;6.494889e-02;1.229500e-01;2.465684e-02;5.450174e-02
1.977040e-01;7.314669e-02;7.091329e-02;9.618276e-02;7.478298e-02;4.534078e-02;3.635604e-02;1.941700e-01;5.187525e-02;7.932327e-02;2.665444e-02;5.355049e-02
2.099978e-01;4.335832e-02;5.293163e-02;4.292406e-02;1.881089e-01;3.238649e-02;3.305840e-02;2.476456e-01;3.690138e-02;5.063307e-02;2.777584e-02;3.427848e-02
2.211324e-01;4.854275e-02;5.166904e-02;1.845706e-02;2.117928e-01;2.980420e-02;2.754157e-02;2.387415e-01;4.514094e-02;3.670582e-02;5.523644e-02;1.523551e-02
2.164263e-01;9.990506e-02;6.872866e-02;3.346391e-02;1.759804e-01;3.625099e-02;2.116140e-02;1.882434e-01;3.512781e-02;2.365006e-02;8.398466e-02;1.707727e-02
1.882554e-01;1.422806e-01;9.715300e-02;4.102125e-02;1.145946e-01;6.532059e-02;2.951114e-02;1.338707e-01;4.430541e-02;2.935154e-02;7.760403e-02;3.673159e-02
1.672232e-01;1.570593e-01;1.224122e-01;3.030851e-02;8.726903e-02;7.745426e-02;5.681052e-02;1.228356e-01;5.249786e-02;2.853501e-02;5.608368e-02;4.151088e-02
1.479823e-01;1.527199e-01;1.257820e-01;5.089980e-02;1.680100e-01;7.118816e-02;4.495857e-02;6.833493e-02;6.008653e-02;4.403476e-02;4.660194e-02;1.940118e-02
1.590653e-01;1.356128e-01;1.036005e-01;2.293424e-02;1.504520e-01;7.304849e-02;2.922013e-02;1.021076e-01;9.040588e-02;4.750566e-02;4.679459e-02;3.925274e-02
1.791813e-01;9.870383e-02;9.889940e-02;4.460315e-02;1.194314e-01;5.244386e-02;2.604186e-02;1.177908e-01;9.922758e-02;5.608177e-02;7.311331e-02;3.448175e-02
1.447667e-01;1.379105e-01;1.191354e-01;6.022959e-02;9.338167e-02;3.970440e-02;3.767174e-02;1.376143e-01;5.454167e-02;6.341667e-02;8.501103e-02;2.661641e-02
1.328957e-01;1.605811e-01;1.449415e-01;5.650220e-02;8.643588e-02;5.277644e-02;3.719342e-02;1.389815e-01;6.219567e-02;5.679004e-02;3.855315e-02;3.215347e-02
1.485938e-01;1.267593e-01;1.350982e-01;7.168426e-02;1.087510e-01;8.134031e-02;4.590102e-02;1.205294e-01;5.383816e-02;4.321415e-02;4.491066e-02;1.937965e-02
1.356575e-01;1.592979e-01;7.478999e-02;5.327862e-02;9.721567e-02;1.294934e-01;5.303288e-02;9.925815e-02;6.054167e-02;3.929150e-02;6.669922e-02;3.144353e-02
9.105647e-02;2.361955e-01;1.454924e-01;3.232557e-02;5.836407e-02;1.095646e-01;2.114875e-02;1.110406e-01;8.148815e-02;4.786905e-02;3.935977e-02;2.609495e-02
1.088883e-01;2.579245e-01;1.445991e-01;2.164805e-02;3.693767e-02;6.487501e-02;2.304666e-02;1.606965e-01;8.949586e-02;3.724084e-02;4.064314e-02;1.400445e-02
1.297775e-01;1.837002e-01;1.491562e-01;1.870366e-02;3.518659e-02;4.725416e-02;5.655031e-02;2.001760e-01;6.713153e-02;3.431239e-02;6.584345e-02;1.220814e-02
1.139637e-01;1.283491e-01;1.704963e-01;3.680506e-02;8.692131e-02;6.383601e-02;6.688997e-02;1.871214e-01;3.597833e-02;2.780779e-02;5.810068e-02;2.373035e-02
9.049769e-02;1.463095e-01;1.724840e-01;4.679968e-02;1.276428e-01;5.828406e-02;4.026846e-02;1.382127e-01;4.459247e-02;4.816544e-02;4.052239e-02;4.622088e-02
9.615057e-02;1.631331e-01;1.406367e-01;7.113691e-02;1.569080e-01;5.079331e-02;2.428078e-02;9.910975e-02;6.188556e-02;5.960277e-02;2.572053e-02;5.064202e-02
8.114412e-02;1.314819e-01;1.400138e-01;4.473024e-02;1.448055e-01;7.832707e-02;7.000047e-02;1.539585e-01;6.630206e-02;3.946225e-02;1.860137e-02;3.117275e-02
8.816279e-02;9.678676e-02;1.047044e-01;5.723882e-02;1.414493e-01;1.066054e-01;6.413295e-02;1.756177e-01;9.236362e-02;3.484500e-02;1.831579e-02;1.977743e-02
1.058096e-01;6.850145e-02;1.241784e-01;5.114657e-02;1.360054e-01;8.578521e-02;2.939697e-02;1.618648e-01;1.360288e-01;4.460477e-02;4.204582e-02;1.463216e-02
9.516413e-02;9.402408e-02;1.294276e-01;4.353300e-02;2.038235e-01;7.769062e-02;2.060520e-02;1.072946e-01;1.234015e-01;4.072840e-02;5.095511e-02;1.335228e-02
8.912922e-02;1.210860e-01;1.241331e-01;4.770547e-02;1.988906e-01;1.030778e-01;3.261528e-02;7.712007e-02;1.007517e-01;4.350716e-02;4.125025e-02;2.073340e-02
9.793553e-02;9.303936e-02;1.179613e-01;5.287445e-02;1.119735e-01;1.567575e-01;4.270615e-02;9.503789e-02;1.014933e-01;5.416007e-02;3.533633e-02;4.072464e-02
8.892367e-02;5.119043e-02;1.025414e-01;4.530535e-02;1.321032e-01;1.790353e-01;3.584908e-02;1.322638e-01;8.726562e-02;7.800128e-02;3.470270e-02;3.281822e-02
8.055685e-02;7.271837e-02;9.009222e-02;5.393631e-02;1.397630e-01;1.176395e-01;5.595687e-02;1.522724e-01;9.309386e-02;7.743261e-02;3.461238e-02;3.192561e-02
6.944649e-02;6.853316e-02;1.039930e-01;4.729460e-02;1.168136e-01;9.417099e-02;7.975441e-02;1.678253e-01;9.752618e-02;6.680007e-02;5.177453e-02;3.606772e-02
5.556507e-02;7.905012e-02;1.383664e-01;5.981720e-02;7.058357e-02;9.364542e-02;8.576249e-02;1.871214e-01;9.014177e-02;4.904077e-02;5.717127e-02;3.373450e-02
5.449294e-02;1.022771e-01;1.603525e-01;9.281988e-02;5.605731e-02;8.634081e-02;3.198191e-02;1.783930e-01;1.070798e-01;4.263232e-02;5.718988e-02;3.038262e-02
5.998658e-02;1.634275e-01;1.985669e-01;5.683286e-02;6.580500e-02;1.035656e-01;2.356601e-02;1.524953e-01;7.840324e-02;2.842004e-02;3.800700e-02;3.092387e-02
8.382118e-02;1.886334e-01;2.039802e-01;5.148014e-02;6.434569e-02;9.713530e-02;2.931908e-02;1.330782e-01;5.977301e-02;3.200338e-02;3.540882e-02;2.102157e-02
8.468282e-02;1.377666e-01;1.574241e-01;1.160554e-01;8.647421e-02;9.869508e-02;4.423571e-02;9.868860e-02;6.362446e-02;3.953553e-02;3.321443e-02;3.960303e-02
5.644705e-02;1.028309e-01;1.199568e-01;1.425062e-01;1.110885e-01;1.088833e-01;6.316360e-02;1.007330e-01;5.969678e-02;3.105388e-02;3.552352e-02;6.811646e-02
4.517626e-02;1.212291e-01;1.275066e-01;1.218766e-01;1.207339e-01;7.935099e-02;6.319060e-02;1.034596e-01;6.509245e-02;4.053757e-02;3.698783e-02;7.485855e-02
8.203460e-02;1.470209e-01;1.413502e-01;8.454013e-02;1.049058e-01;4.771076e-02;5.740479e-02;9.338060e-02;6.416941e-02;6.185445e-02;4.433989e-02;7.128848e-02
7.311879e-02;1.659819e-01;1.229150e-01;7.178394e-02;5.472946e-02;1.252501e-01;5.939293e-02;1.036250e-01;5.813101e-02;5.145583e-02;5.532023e-02;5.829582e-02
3.960176e-02;1.321598e-01;1.506916e-01;1.005656e-01;3.647235e-02;1.779424e-01;9.179559e-02;8.778866e-02;6.019502e-02;4.870196e-02;3.718455e-02;3.690075e-02
5.768503e-02;1.391053e-01;1.179858e-01;1.375225e-01;3.796960e-02;1.163157e-01;1.168669e-01;9.082435e-02;5.272878e-02;4.572931e-02;3.592733e-02;5.133946e-02
6.496245e-02;1.393096e-01;8.758871e-02;1.632954e-01;5.290135e-02;5.696461e-02;1.532576e-01;7.175424e-02;3.561324e-02;3.940897e-02;5.300460e-02;8.193932e-02
5.964563e-02;1.138201e-01;1.240209e-01;1.221269e-01;3.728872e-02;9.354921e-02;1.611272e-01;4.099979e-02;2.968713e-02;2.571568e-02;1.065172e-01;8.550170e-02
5.590741e-02;4.124886e-02;2.123403e-01;4.250065e-02;3.978137e-02;1.809646e-01;1.100785e-01;4.081095e-02;3.232900e-02;2.401650e-02;1.764112e-01;4.361068e-02
4.884816e-02;7.231548e-02;2.142303e-01;6.685114e-02;4.869744e-02;1.917763e-01;5.890667e-02;4.294734e-02;3.095884e-02;4.528703e-02;1.672964e-01;1.188478e-02
3.040384e-02;1.258055e-01;1.332752e-01;1.186363e-01;8.010875e-02;1.599661e-01;5.607366e-02;6.250200e-02;2.855512e-02;9.263631e-02;9.871583e-02;1.332146e-02
2.058429e-02;1.475103e-01;5.441087e-02;1.704850e-01;1.116845e-01;1.364656e-01;4.883531e-02;7.758404e-02;3.815198e-02;1.336230e-01;4.929835e-02;1.136668e-02
1.395951e-02;1.637598e-01;4.552739e-02;1.678482e-01;1.256146e-01;1.094860e-01;3.078103e-02;8.010359e-02;5.325961e-02;1.512570e-01;4.220312e-02;1.620020e-02
1.564391e-02;1.632653e-01;4.525386e-02;1.360316e-01;2.062938e-01;6.029416e-02;2.195039e-02;7.629577e-02;7.317450e-02;1.506737e-01;3.145216e-02;1.967090e-02
1.880365e-02;1.384400e-01;5.363190e-02;1.200552e-01;2.719205e-01;4.405773e-02;1.532870e-02;6.405369e-02;9.315132e-02;1.316189e-01;2.384207e-02;2.509628e-02
2.135838e-02;8.215888e-02;4.735323e-02;1.098654e-01;3.041525e-01;5.310180e-02;1.966321e-02;7.268999e-02;1.239768e-01;1.150133e-01;2.732369e-02;2.334291e-02
2.790515e-02;4.469264e-02;5.028583e-02;1.014446e-01;3.038619e-01;7.093606e-02;2.798872e-02;6.822979e-02;1.376624e-01;1.201954e-01;2.488334e-02;2.191428e-02
2.300551e-02;4.539206e-02;7.455393e-02;1.002505e-01;2.501846e-01;6.326592e-02;2.087823e-02;9.341135e-02;1.435296e-01;1.233123e-01;4.629906e-02;1.591688e-02
2.072024e-02;8.395185e-02;7.701774e-02;6.811815e-02;1.895116e-01;8.881567e-02;1.355940e-02;1.227677e-01;1.499478e-01;1.009470e-01;7.294944e-02;1.169340e-02
2.681191e-02;1.055777e-01;7.803975e-02;4.353571e-02;1.885813e-01;6.431766e-02;4.702505e-02;1.221515e-01;1.627449e-01;9.001128e-02;5.204397e-02;1.915934e-02
3.222419e-02;8.244945e-02;7.980714e-02;8.868487e-02;1.995569e-01;6.379119e-02;5.243973e-02;1.014471e-01;1.534840e-01;8.100950e-02;3.559775e-02;2.950826e-02
1.978098e-02;5.803309e-02;7.525128e-02;1.121767e-01;1.768792e-01;8.723826e-02;2.551704e-02;1.268372e-01;1.750857e-01;7.145616e-02;4.383008e-02;2.791424e-02
1.138053e-02;9.122587e-02;9.072187e-02;9.939196e-02;1.509379e-01;6.577177e-02;2.320825e-02;1.428396e-01;2.133839e-01;6.784664e-02;2.000971e-02;2.328199e-02
2.760715e-02;1.127318e-01;1.046505e-01;8.035254e-02;1.202401e-01;4.403300e-02;3.696504e-02;1.353620e-01;2.280741e-01;6.423210e-02;3.143887e-02;1.431285e-02
2.698313e-02;7.742384e-02;9.137519e-02;6.802881e-02;1.390420e-01;6.530293e-02;4.237342e-02;1.060691e-01;2.439802e-01;9.476823e-02;3.565372e-02;8.999412e-03
1.621364e-02;5.546280e-02;8.308703e-02;4.729047e-02;1.594402e-01;9.453073e-02;4.735317e-02;1.308296e-01;2.178143e-01;1.105069e-01;2.667875e-02;1.079237e-02
2.201343e-02;8.381611e-02;8.411761e-02;5.605157e-02;1.498828e-01;1.304612e-01;5.999856e-02;1.344929e-01;1.394223e-01;9.253642e-02;2.611057e-02;2.109659e-02
2.374568e-02;7.188259e-02;7.870652e-02;8.588332e-02;1.350090e-01;1.384699e-01;6.865726e-02;1.182624e-01;1.483827e-01;8.319449e-02;2.208763e-02;2.571854e-02
2.793247e-02;2.928962e-02;5.993306e-02;1.199263e-01;1.369964e-01;1.081972e-01;6.769305e-02;1.065124e-01;1.811628e-01;1.142750e-01;2.872411e-02;1.935754e-02
2.085097e-02;5.887455e-02;7.194941e-02;1.290755e-01;1.255737e-01;7.813200e-02;4.037181e-02;1.003460e-01;1.948177e-01;1.415361e-01;2.829977e-02;1.017260e-02
1.878488e-02;6.296708e-02;5.733315e-02;1.071398e-01;1.253284e-01;5.345002e-02;4.268395e-02;9.034848e-02;2.180584e-01;1.827842e-01;2.917134e-02;1.195018e-02
1.825278e-02;3.804347e-02;4.618676e-02;6.876192e-02;1.297333e-01;3.964663e-02;3.625680e-02;7.878032e-02;2.822016e-01;2.289494e-01;2.393169e-02;9.255433e-03
1.314401e-02;4.924395e-02;3.592614e-02;3.396404e-02;9.843647e-02;3.667526e-02;2.752743e-02;1.080110e-01;3.539851e-01;2.104768e-01;2.278991e-02;9.819862e-03
1.212618e-02;5.460512e-02;3.648778e-02;3.044006e-02;8.567341e-02;6.299582e-02;2.011956e-02;1.542799e-01;3.585407e-01;1.465289e-01;2.664286e-02;1.155962e-02
8.468326e-03;5.923227e-02;4.714188e-02;4.660862e-02;1.213072e-01;1.062560e-01;4.914355e-02;1.664732e-01;2.656071e-01;8.918351e-02;3.078036e-02;9.798094e-03
1.312986e-02;6.629566e-02;4.940765e-02;5.470612e-02;1.329239e-01;1.268135e-01;9.113345e-02;1.680853e-01;1.790130e-01;7.274663e-02;3.806072e-02;7.684254e-03
1.558589e-02;5.181260e-02;5.232282e-02;4.962369e-02;1.107789e-01;1.410635e-01;9.698756e-02;1.527367e-01;1.675752e-01;8.994344e-02;4.706570e-02;2.450399e-02
3.015354e-02;4.409502e-02;5.686840e-02;4.139248e-02;8.573219e-02;1.750155e-01;7.683918e-02;1.028863e-01;1.315560e-01;1.546215e-01;5.824859e-02;4.259132e-02
4.119977e-02;3.774764e-02;6.811868e-02;1.832484e-02;6.579820e-02;2.048427e-01;3.903061e-02;7.339540e-02;1.255741e-01;2.025130e-01;6.920783e-02;5.424717e-02
2.858686e-02;3.080820e-02;7.386938e-02;2.915081e-02;5.054253e-02;2.178006e-01;8.416292e-02;5.030110e-02;1.269912e-01;1.842950e-01;7.094726e-02;5.254412e-02
1.548416e-02;3.100382e-02;6.563451e-02;5.006765e-02;5.793450e-02;2.431947e-01;1.145770e-01;3.762690e-02;1.173066e-01;1.523957e-01;7.216223e-02;4.261230e-02
2.134316e-02;3.393119e-02;5.567645e-02;7.621967e-02;7.475955e-02;2.552163e-01;9.470401e-02;5.071241e-02;1.172310e-01;1.353947e-01;5.206172e-02;3.274983e-02
3.105015e-02;6.435802e-02;5.167888e-02;9.171271e-02;7.175686e-02;1.865751e-01;7.136396e-02;1.132508e-01;1.310042e-01;1.231605e-01;2.939738e-02;3.469148e-02
7.349372e-02;8.961824e-02;8.266836e-02;6.606251e-02;6.355885e-02;9.342673e-02;1.019069e-01;1.063828e-01;1.220766e-01;1.065160e-01;4.132572e-02;5.296355e-02
7.047882e-02;6.850457e-02;6.815033e-02;3.944110e-02;7.302661e-02;1.334877e-01;1.939213e-01;7.767113e-02;1.020345e-01;6.875863e-02;4.929061e-02;5.523467e-02
3.707105e-02;3.253343e-02;5.171570e-02;1.798483e-02;5.835405e-02;1.275286e-01;3.204800e-01;8.721425e-02;9.403703e-02;4.093616e-02;8.253769e-02;4.960720e-02
1.785069e-02;1.744853e-02;5.252520e-02;1.132535e-02;3.488237e-02;1.810069e-01;3.487967e-01;7.177503e-02;7.659242e-02;2.331609e-02;1.412435e-01;2.323729e-02
1.749846e-02;1.498668e-02;6.205369e-02;1.223269e-02;2.184304e-02;2.467940e-01;2.823940e-01;4.755110e-02;6.096955e-02;2.077121e-02;1.987243e-01;1.418131e-02
1.801617e-02;1.524238e-02;6.260905e-02;9.088902e-03;1.849054e-02;3.302844e-01;1.740259e-01;3.912621e-02;4.093305e-02;3.104246e-02;2.454152e-01;1.572574e-02
2.036160e-02;1.902760e-02;5.703214e-02;1.178900e-02;3.704228e-02;3.817018e-01;6.906108e-02;4.506031e-02;3.633053e-02;5.424009e-02;2.498363e-01;1.851724e-02
2.335435e-02;3.096893e-02;5.462365e-02;2.485584e-02;9.404422e-02;3.404371e-01;5.146583e-02;5.168300e-02;4.657289e-02;6.207786e-02;1.987946e-01;2.112170e-02
1.731375e-02;3.355300e-02;6.007125e-02;5.038421e-02;1.349480e-01;3.163126e-01;5.272634e-02;6.062192e-02;7.185756e-02;4.262556e-02;1.352478e-01;2.433802e-02
1.476631e-02;3.219194e-02;7.209356e-02;6.054603e-02;1.373071e-01;2.970422e-01;5.003867e-02;9.729575e-02;1.050704e-01;4.353748e-02;5.809080e-02;3.201980e-02
1.917489e-02;3.336265e-02;8.846185e-02;4.344548e-02;9.232610e-02;1.602886e-01;1.143358e-01;9.550405e-02;1.233666e-01;6.846856e-02;1.162253e-01;4.504006e-02
3.150016e-02;6.444613e-02;7.670663e-02;1.292039e-02;5.410254e-02;1.568804e-01;1.567958e-01;5.624942e-02;1.247957e-01;5.753991e-02;1.497424e-01;5.832047e-02
3.503471e-02;6.672151e-02;6.503048e-02;2.479239e-02;5.957081e-02;1.334768e-01;1.754593e-01;6.931435e-02;1.230526e-01;5.105906e-02;1.090853e-01;8.740266e-02
3.183942e-02;5.700216e-02;4.000402e-02;3.122116e-02;8.351101e-02;1.595473e-01;1.969215e-01;5.107379e-02;1.174651e-01;5.610403e-02;6.933632e-02;1.059742e-01
2.046961e-02;5.336516e-02;6.098326e-02;3.598199e-02;6.342960e-02;2.040560e-01;1.671240e-01;6.916365e-02;9.527667e-02;4.221168e-02;1.037047e-01;8.423369e-02
2.058399e-02;4.948906e-02;7.417498e-02;3.706827e-02;5.922609e-02;1.534216e-01;1.705711e-01;1.089055e-01;1.097756e-01;4.557423e-02;9.083022e-02;8.037928e-02
2.200571e-02;4.933398e-02;6.206979e-02;3.085362e-02;6.513555e-02;6.738225e-02;1.817260e-01;1.450315e-01;1.374909e-01;6.828145e-02;8.622278e-02;8.446649e-02
1.879090e-02;4.024778e-02;3.124349e-02;1.904877e-02;4.512706e-02;1.517439e-01;1.414135e-01;1.500285e-01;1.543125e-01;7.796925e-02;9.330245e-02;7.677189e-02
1.532128e-02;3.199349e-02;3.593167e-02;3.262480e-02;5.876873e-02;1.686395e-01;8.869918e-02;9.855935e-02;2.182913e-01;7.713204e-02;1.070113e-01;6.702743e-02
2.072840e-02;3.243096e-02;5.631650e-02;4.696854e-02;5.706095e-02;1.549829e-01;6.293238e-02;8.288067e-02;2.124521e-01;7.061643e-02;1.262136e-01;7.641652e-02
2.400020e-02;6.261402e-02;7.954644e-02;5.697396e-02;6.454296e-02;1.691785e-01;3.284566e-02;8.138299e-02;1.785969e-01;6.000175e-02;1.038390e-01;8.647763e-02
2.070552e-02;3.439432e-02;7.616894e-02;3.773313e-02;7.259709e-02;1.955761e-01;1.241554e-01;6.123487e-02;1.626275e-01;5.782350e-02;8.896785e-02;6.801579e-02
1.274860e-02;3.348627e-02;7.403849e-02;3.161027e-02;5.608089e-02;2.144864e-01;1.793304e-01;4.359611e-02;1.199875e-01;6.236999e-02;1.196582e-01;5.260687e-02
1.381476e-02;2.348770e-02;5.940628e-02;2.445314e-02;5.741088e-02;2.479767e-01;2.043753e-01;3.470057e-02;7.328691e-02;6.383420e-02;1.403176e-01;5.693591e-02
1.685156e-02;2.408414e-02;6.519341e-02;1.035477e-02;6.082191e-02;2.293897e-01;1.736001e-01;6.457958e-02;1.035962e-01;6.872242e-02;1.252994e-01;5.750680e-02
1.981520e-02;4.701006e-02;6.346385e-02;2.892178e-02;6.730097e-02;1.926155e-01;1.286033e-01;7.915305e-02;1.415823e-01;7.070201e-02;1.046774e-01;5.615461e-02
3.844195e-02;5.718879e-02;4.066755e-02;1.114560e-02;5.258538e-02;2.008866e-01;8.623278e-02;1.446841e-01;1.789119e-01;4.985863e-02;8.348899e-02;5.590775e-02
4.387178e-02;8.439818e-02;7.093165e-02;2.316720e-02;2.306699e-02;1.203645e-01;8.227862e-02;2.021637e-01;1.945591e-01;4.687059e-02;5.925391e-02;4.907376e-02
3.571962e-02;7.918843e-02;8.920421e-02;3.088216e-02;3.203227e-02;1.098284e-01;6.644510e-02;1.802146e-01;2.123983e-01;4.694310e-02;7.034096e-02;4.680291e-02
3.321921e-02;8.148028e-02;1.078306e-01;4.160727e-02;4.825935e-02;1.460038e-01;6.222256e-02;1.202821e-01;1.903794e-01;5.452227e-02;4.780860e-02;6.638464e-02
2.794539e-02;7.725388e-02;8.003884e-02;4.967863e-02;7.539214e-02;9.245475e-02;1.098711e-01;1.229787e-01;1.668405e-01;6.741935e-02;5.290242e-02;7.722429e-02
2.143251e-02;6.148801e-02;5.127331e-02;4.489554e-02;5.639454e-02;8.755407e-02;1.047676e-01;1.595054e-01;1.694858e-01;9.358571e-02;7.338105e-02;7.623633e-02
2.225057e-02;5.126996e-02;5.604172e-02;2.604545e-02;3.183062e-02;1.965931e-01;1.007181e-01;1.690252e-01;1.292965e-01;8.212677e-02;7.139195e-02;6.341022e-02
1.819007e-02;6.996818e-02;4.018668e-02;2.540703e-02;9.391790e-02;1.637065e-01;7.633278e-02;1.614237e-01;1.898468e-01;6.480585e-02;5.864178e-02;3.757274e-02
1.889514e-02;9.621199e-02;2.643782e-02;2.218099e-02;1.782843e-01;9.128468e-02;4.080098e-02;1.333407e-01;2.382595e-01;7.798145e-02;5.487309e-02;2.144941e-02
1.633758e-02;9.371339e-02;2.103925e-02;2.641356e-02;1.967833e-01;8.655291e-02;2.319777e-02;1.042575e-01;2.599466e-01;8.897683e-02;5.831111e-02;2.447019e-02
2.280924e-02;5.327820e-02;9.955800e-03;4.180627e-02;1.691099e-01;9.088384e-02;3.637416e-02;1.413576e-01;2.864947e-01;7.094690e-02;4.688671e-02;3.009667e-02
3.037188e-02;2.367414e-02;1.012230e-02;6.287624e-02;1.193275e-01;9.060749e-02;5.701058e-02;2.055619e-01;3.027892e-01;3.766119e-02;3.189624e-02;2.810129e-02
3.799893e-02;1.346210e-02;2.187902e-02;5.931406e-02;6.300556e-02;9.031296e-02;5.343975e-02;2.769057e-01;3.033939e-01;2.704054e-02;3.251752e-02;2.072991e-02
3.040639e-02;8.564221e-03;2.571841e-02;4.950640e-02;4.776106e-02;8.633648e-02;3.724235e-02;3.348823e-01;2.887436e-01;4.092433e-02;2.726389e-02;2.265058e-02
1.949467e-02;1.757402e-02;4.483265e-02;6.431171e-02;7.072509e-02;7.934660e-02;2.636373e-02;3.259792e-01;2.431469e-01;4.584895e-02;3.486178e-02;2.751467e-02
1.324584e-02;2.095303e-02;5.603424e-02;5.309218e-02;6.795633e-02;4.629295e-02;4.036448e-02;3.072253e-01;2.764886e-01;4.735351e-02;4.527177e-02;2.572167e-02
1.146543e-02;2.780271e-02;5.740571e-02;1.761029e-02;4.872978e-02;7.382280e-02;5.313067e-02;3.488076e-01;2.534616e-01;4.663352e-02;3.661357e-02;2.451638e-02
1.078631e-02;4.106718e-02;6.124240e-02;1.639487e-02;3.333274e-02;1.127297e-01;7.476905e-02;3.897193e-01;1.737214e-01;4.117725e-02;2.184594e-02;2.321378e-02
1.599426e-02;8.060250e-02;6.924906e-02;1.616093e-02;3.346576e-02;1.514847e-01;7.636535e-02;3.320438e-01;1.371537e-01;4.083660e-02;2.579770e-02;2.084560e-02
1.426222e-02;8.247203e-02;8.394885e-02;1.595196e-02;3.343440e-02;1.055981e-01;2.661592e-02;3.828598e-01;1.632858e-01;3.059182e-02;3.820966e-02;2.276948e-02
1.373089e-02;8.461288e-02;9.866764e-02;6.127839e-03;3.168781e-02;1.255263e-01;2.987740e-02;4.034689e-01;1.222891e-01;1.566195e-02;4.673688e-02;2.161238e-02
1.308860e-02;1.029022e-01;9.692302e-02;1.442875e-02;3.431797e-02;1.570348e-01;3.793727e-02;3.854018e-01;6.558175e-02;1.472639e-02;5.838346e-02;1.927401e-02
1.155239e-02;9.267797e-02;8.810907e-02;1.974559e-02;3.597282e-02;1.488101e-01;2.129252e-02;3.892185e-01;9.660219e-02;2.089384e-02;5.449840e-02;2.062662e-02
