7.352392e-02;6.640022e-02;5.402664e-02;8.201317e-02;6.176722e-02;5.018311e-02;1.635420e-01;6.791309e-02;7.085160e-02;1.539668e-01;8.147006e-02;7.434211e-02
1.322990e-01;9.587296e-02;1.071360e-01;3.796734e-02;9.732018e-02;7.408641e-02;1.237950e-01;3.673112e-02;9.190261e-02;1.036886e-01;4.769414e-02;5.150664e-02
1.058306e-01;6.782557e-02;1.017060e-01;6.298576e-02;7.563540e-02;4.642934e-02;7.707491e-02;4.356321e-02;1.057419e-01;1.513246e-01;9.585761e-02;6.602523e-02
7.854009e-02;5.867045e-02;6.506100e-02;1.036172e-01;6.288862e-02;2.976283e-02;5.956623e-02;3.001851e-02;1.784514e-01;1.762117e-01;1.044254e-01;5.278646e-02
7.969592e-02;4.135558e-02;2.682527e-02;1.586737e-01;5.254607e-02;1.722318e-02;4.380331e-02;2.018260e-02;2.647903e-01;1.729484e-01;9.106821e-02;3.088745e-02
7.998570e-02;2.463698e-02;4.822907e-02;2.452107e-01;2.229499e-02;6.730922e-03;3.241219e-02;2.765226e-02;3.107056e-01;1.129347e-01;5.935203e-02;2.985484e-02
6.868066e-02;1.079936e-02;1.176320e-01;3.218545e-01;2.188617e-02;9.838286e-03;2.466517e-02;4.336367e-02;2.678862e-01;5.805617e-02;2.962408e-02;2.571370e-02
4.741075e-02;1.225613e-02;1.678936e-01;3.324569e-01;3.292630e-02;1.050980e-02;1.998916e-02;5.536154e-02;2.462467e-01;3.412110e-02;2.533514e-02;1.549277e-02
4.604714e-02;1.050108e-02;1.250045e-01;3.065974e-01;4.935876e-02;5.973009e-03;2.427438e-02;3.662628e-02;2.941975e-01;6.769117e-02;2.309667e-02;1.063212e-02
4.339550e-02;8.608443e-03;6.496222e-02;1.909711e-01;9.854624e-02;7.487040e-03;3.856945e-02;3.335312e-02;3.351558e-01;1.550775e-01;1.532469e-02;8.548931e-03
2.011878e-02;7.382664e-03;1.639455e-02;6.900785e-02;1.175340e-01;1.624418e-02;8.775371e-02;7.456040e-02;3.893177e-01;1.785336e-01;1.408232e-02;9.070369e-03
1.072351e-02;1.136455e-02;3.509441e-02;4.879911e-02;8.616298e-02;2.542792e-02;1.538654e-01;9.772975e-02;3.675522e-01;1.356040e-01;1.771101e-02;9.965174e-03
2.692668e-02;1.792366e-02;7.709531e-02;3.707878e-02;5.213098e-02;2.424876e-02;1.764532e-01;8.183987e-02;3.484600e-01;1.162589e-01;2.691930e-02;1.466461e-02
3.955176e-02;1.015168e-02;9.636652e-02;1.237788e-01;5.321348e-02;1.960395e-02;6.674519e-02;6.180142e-02;3.655071e-01;1.157968e-01;2.760515e-02;1.987825e-02
2.272036e-02;9.709128e-03;9.646902e-02;2.116943e-01;6.709952e-02;1.486149e-02;5.401919e-02;9.571257e-02;2.857846e-01;8.949457e-02;2.867634e-02;2.375886e-02
4.269284e-02;1.975053e-02;9.647261e-02;1.734144e-01;8.049288e-02;4.786959e-02;1.258558e-01;1.210934e-01;1.773114e-01;5.512518e-02;3.273868e-02;2.718271e-02
4.135076e-02;4.305088e-02;5.560381e-02;4.572160e-02;5.215743e-02;6.251224e-02;2.835746e-01;1.993218e-01;1.058329e-01;7.115061e-02;2.110814e-02;1.861518e-02
1.773886e-02;5.046618e-02;2.486087e-02;3.512803e-02;3.792967e-02;4.280227e-02;3.312320e-01;2.847624e-01;8.924217e-02;5.153699e-02;2.241384e-02;1.188668e-02
9.707752e-03;6.428262e-02;2.361962e-02;1.751204e-02;2.685006e-02;3.258067e-02;4.407834e-01;2.569405e-01;4.997462e-02;3.172829e-02;4.133644e-02;4.683992e-03
7.837926e-03;6.982404e-02;1.128505e-02;7.638705e-03;1.810113e-02;6.203604e-02;5.659865e-01;1.281546e-01;5.078753e-02;1.907345e-02;5.537998e-02;3.895024e-03
6.583073e-03;5.629860e-02;1.995735e-02;2.476157e-02;2.533576e-02;1.066768e-01;5.574754e-01;7.222631e-02;4.128754e-02;1.996763e-02;6.199935e-02;7.430620e-03
1.337559e-02;3.631604e-02;6.290159e-02;3.797297e-02;4.499182e-02;1.063587e-01;3.678430e-01;1.749440e-01;5.115019e-02;3.544122e-02;5.568214e-02;1.302268e-02
2.834969e-02;2.790457e-02;1.361169e-01;5.559313e-02;5.130765e-02;6.489531e-02;1.780704e-01;2.438031e-01;8.932300e-02;4.621030e-02;5.806491e-02;2.036107e-02
3.486666e-02;3.749224e-02;1.755325e-01;7.236357e-02;4.052867e-02;4.525173e-02;2.720480e-01;1.706043e-01;6.692517e-02;2.950068e-02;3.827250e-02;1.661391e-02
4.504830e-02;4.555567e-02;1.606673e-01;9.066796e-02;3.845026e-02;4.642911e-02;2.943757e-01;1.157272e-01;6.524166e-02;4.694676e-02;3.582780e-02;1.506220e-02
4.058679e-02;4.066325e-02;1.262483e-01;7.388505e-02;8.248525e-02;9.401804e-02;2.890071e-01;5.609057e-02;7.056107e-02;5.647409e-02;4.700267e-02;2.297791e-02
3.978924e-02;2.457275e-02;6.108588e-02;5.370048e-02;9.578738e-02;1.868913e-01;2.686788e-01;3.258412e-02;7.812645e-02;1.124174e-01;2.596406e-02;2.040204e-02
4.702058e-02;1.348436e-02;2.877468e-02;2.376353e-02;6.444795e-02;2.459025e-01;2.465805e-01;4.295045e-02;5.284978e-02;1.923970e-01;2.695061e-02;1.487817e-02
4.410496e-02;9.453429e-03;3.211132e-02;1.775997e-02;1.033083e-01;2.361172e-01;1.695959e-01;5.674992e-02;7.913866e-02;2.034510e-01;3.138140e-02;1.682795e-02
4.201885e-02;1.513784e-02;5.955587e-02;2.764540e-02;1.836603e-01;1.837726e-01;8.732130e-02;5.345104e-02;1.452438e-01;1.395724e-01;3.107490e-02;3.154572e-02
6.513704e-02;2.032344e-02;4.939884e-02;3.477278e-02;1.878840e-01;1.730394e-01;1.060917e-01;5.909423e-02;1.500275e-01;1.008896e-01;2.466881e-02;2.867272e-02
5.489908e-02;1.421438e-02;5.688690e-02;3.772107e-02;1.288289e-01;1.610530e-01;1.949996e-01;7.051539e-02;1.331286e-01;1.188304e-01;1.451695e-02;1.440578e-02
5.642923e-02;1.329315e-02;1.273195e-01;4.350484e-02;9.050687e-02;1.207267e-01;2.006101e-01;5.762272e-02;1.235380e-01;1.220649e-01;2.365660e-02;2.072748e-02
7.311361e-02;3.865400e-02;2.617085e-01;6.219100e-02;3.623870e-02;5.806371e-02;1.637689e-01;4.743651e-02;8.171920e-02;9.294507e-02;6.051846e-02;2.364231e-02
4.489183e-02;4.019906e-02;2.466738e-01;8.397385e-02;7.087060e-02;3.142630e-02;1.647035e-01;6.706695e-02;6.535561e-02;7.525929e-02;7.862589e-02;3.095336e-02
2.511961e-02;2.375684e-02;1.879523e-01;8.910246e-02;1.268820e-01;8.229192e-02;1.334121e-01;6.647217e-02;6.924463e-02;9.987962e-02;7.106458e-02;2.482183e-02
3.342618e-02;2.334851e-02;1.123942e-01;6.262552e-02;1.246565e-01;1.852326e-01;2.202584e-01;3.761031e-02;5.216694e-02;9.267775e-02;3.597847e-02;1.962462e-02
3.157847e-02;3.753777e-02;6.796112e-02;3.604367e-02;6.842398e-02;1.800377e-01;4.273739e-01;6.057602e-02;2.162386e-02;4.980024e-02;1.161426e-02;7.429018e-03
1.739118e-02;4.872959e-02;3.946850e-02;2.314873e-02;4.558311e-02;9.439163e-02;5.509366e-01;1.053245e-01;2.817271e-02;2.316535e-02;1.549198e-02;8.196163e-03
8.476484e-03;5.806293e-02;1.266502e-02;1.044895e-02;3.128383e-02;3.128668e-02;6.419474e-01;1.311931e-01;2.833606e-02;1.684960e-02;2.155531e-02;7.894586e-03
9.356321e-03;6.065035e-02;1.301901e-02;6.086709e-03;1.549404e-02;3.647270e-02;6.477925e-01;1.410643e-01;2.280560e-02;1.484350e-02;2.985308e-02;2.561828e-03
4.741264e-03;6.804784e-02;1.989228e-02;4.385731e-03;1.399366e-02;2.172430e-02;6.139677e-01;1.755284e-01;2.283917e-02;9.926282e-03;4.107467e-02;3.878782e-03
3.764786e-03;7.516691e-02;3.751035e-02;4.188948e-03;2.023356e-02;1.916244e-02;5.530481e-01;2.183260e-01;1.844626e-02;1.038417e-02;3.457123e-02;5.197293e-03
3.200899e-03;7.180680e-02;6.080780e-02;5.913429e-03;1.879398e-02;1.480002e-02;4.720449e-01;2.719792e-01;2.001257e-02;1.305511e-02;2.104865e-02;2.653668e-02
6.351100e-03;5.930976e-02;8.071897e-02;4.356297e-03;1.346910e-02;1.247708e-02;3.927870e-01;3.134906e-01;1.869810e-02;2.109789e-02;5.515496e-03;7.172851e-02
1.318167e-02;3.724803e-02;9.341279e-02;5.315452e-03;1.239675e-02;1.331035e-02;3.901385e-01;3.214209e-01;1.169484e-02;3.002224e-02;4.021592e-03;6.783689e-02
9.585246e-03;2.383389e-02;1.026582e-01;1.463896e-02;1.756847e-02;3.319803e-02;4.300057e-01;2.690558e-01;4.227166e-02;2.864649e-02;1.044647e-02;1.809111e-02
8.923952e-03;3.753339e-02;9.164752e-02;2.403065e-02;2.464577e-02;5.591997e-02;3.798535e-01;2.037940e-01;1.132729e-01;3.449778e-02;1.302127e-02;1.285924e-02
1.202972e-02;3.975931e-02;8.103451e-02;3.780081e-02;2.732319e-02;5.997314e-02;3.288101e-01;1.256791e-01;2.002819e-01;4.785995e-02;1.644827e-02;2.299999e-02
2.683911e-02;2.787744e-02;9.080362e-02;4.169180e-02;1.824463e-02;4.167186e-02;2.383288e-01;1.561752e-01;2.401496e-01;7.019850e-02;1.842400e-02;2.959551e-02
2.797459e-02;2.634550e-02;6.910510e-02;3.017482e-02;1.972452e-02;3.062600e-02;2.380890e-01;1.748163e-01;2.267041e-01;8.778948e-02;2.659844e-02;4.205222e-02
1.587960e-02;3.625944e-02;5.959487e-02;3.917656e-02;2.825063e-02;2.757498e-02;3.320950e-01;1.358124e-01;1.989733e-01;5.991083e-02;2.111318e-02;4.535917e-02
1.087051e-02;3.049012e-02;9.005348e-02;4.329305e-02;5.340862e-02;4.190917e-02;3.550662e-01;9.343684e-02;1.866232e-01;3.808671e-02;2.103883e-02;3.572331e-02
1.709560e-02;3.054733e-02;1.618469e-01;3.239116e-02;5.704962e-02;4.372030e-02;3.012944e-01;6.269102e-02;2.007526e-01;3.189403e-02;1.770058e-02;4.301644e-02
1.891919e-02;3.434087e-02;1.828473e-01;3.579688e-02;3.288804e-02;3.200779e-02;2.797304e-01;1.049400e-01;1.730107e-01;3.838900e-02;2.201396e-02;4.511594e-02
1.542361e-02;4.627765e-02;1.121578e-01;3.458587e-02;2.891832e-02;3.560952e-02;3.773650e-01;1.664181e-01;6.568255e-02;4.914154e-02;2.556358e-02;4.285642e-02
2.460895e-02;5.341925e-02;8.161009e-02;2.416693e-02;2.347997e-02;3.859228e-02;3.831994e-01;1.627477e-01;7.967845e-02;4.125294e-02;2.036466e-02;6.687939e-02
1.958968e-02;5.956005e-02;9.006836e-02;2.391243e-02;3.918017e-02;3.342788e-02;3.501486e-01;1.488673e-01;9.478596e-02;4.885294e-02;1.283245e-02;7.877430e-02
2.038350e-02;3.851368e-02;6.097187e-02;3.647586e-02;5.214790e-02;3.842084e-02;3.086189e-01;1.895929e-01;1.188991e-01;5.776336e-02;6.278228e-03;7.193381e-02
1.817598e-02;2.979662e-02;1.033722e-01;5.468448e-02;5.089980e-02;4.500534e-02;3.312016e-01;1.733879e-01;9.682115e-02;3.905938e-02;1.026704e-02;4.732851e-02
2.087628e-02;3.833796e-02;1.567842e-01;4.436954e-02;5.435052e-02;5.946234e-02;3.333269e-01;1.279066e-01;6.536037e-02;3.954120e-02;1.001672e-02;4.966728e-02
1.722799e-02;3.149007e-02;1.627840e-01;4.436236e-02;9.973174e-02;7.523385e-02;3.073556e-01;1.090518e-01;5.851483e-02;4.317079e-02;1.240441e-02;3.867250e-02
1.503800e-02;3.082182e-02;1.981731e-01;8.472498e-02;1.091836e-01;7.775631e-02;2.512421e-01;8.847920e-02;5.133260e-02;4.458382e-02;2.332755e-02;2.533684e-02
3.336961e-02;4.259288e-02;3.121699e-01;1.109656e-01;6.982847e-02;4.869344e-02;1.542219e-01;9.770034e-02;3.807256e-02;3.781614e-02;3.226662e-02;2.230248e-02
5.743777e-02;5.879885e-02;3.296589e-01;9.189127e-02;4.690230e-02;2.717241e-02;1.381397e-01;1.231172e-01;3.565305e-02;2.778572e-02;3.055043e-02;3.289240e-02
6.649200e-02;7.461756e-02;2.155372e-01;5.131958e-02;4.542005e-02;1.879086e-02;2.312137e-01;1.499863e-01;2.601728e-02;2.138969e-02;2.511404e-02;7.410177e-02
4.218389e-02;6.443772e-02;1.774727e-01;1.973375e-02;5.713471e-02;4.704291e-02;2.983432e-01;1.324370e-01;2.715589e-02;2.728879e-02;2.656146e-02;8.020792e-02
2.187815e-02;4.610397e-02;2.089412e-01;5.931604e-02;8.640809e-02;5.430392e-02;3.026363e-01;8.279673e-02;3.935654e-02;3.578882e-02;2.343901e-02;3.903131e-02
3.244240e-02;5.072714e-02;1.817041e-01;9.460895e-02;1.169665e-01;4.872562e-02;2.367632e-01;1.010955e-01;5.859894e-02;3.063125e-02;2.694535e-02;2.079090e-02
3.736730e-02;5.522867e-02;1.700219e-01;1.066859e-01;1.516215e-01;4.321615e-02;1.752744e-01;1.084624e-01;6.477290e-02;3.801943e-02;2.787075e-02;2.145865e-02
3.275043e-02;4.662951e-02;1.769808e-01;1.138740e-01;1.421579e-01;7.500986e-02;1.982957e-01;7.235017e-02;4.637443e-02;2.482843e-02;3.507040e-02;3.567836e-02
2.380596e-02;3.843037e-02;2.472384e-01;1.135933e-01;1.159249e-01;6.844963e-02;2.103908e-01;6.119430e-02;3.364333e-02;2.839044e-02;3.196857e-02;2.696989e-02
2.123125e-02;3.825640e-02;3.702797e-01;1.093460e-01;8.328737e-02;4.062380e-02;1.654618e-01;5.520730e-02;3.807530e-02;4.022442e-02;2.460236e-02;1.340433e-02
2.981589e-02;7.100002e-02;4.290276e-01;6.712084e-02;4.674367e-02;3.280086e-02;1.121994e-01;5.637069e-02;6.047062e-02;5.642990e-02;2.045703e-02;1.756350e-02
3.583689e-02;1.321362e-01;4.066869e-01;3.160571e-02;3.992387e-02;5.189870e-02;6.774066e-02;5.758229e-02;8.646403e-02;5.344610e-02;1.717203e-02;1.950663e-02
3.663482e-02;1.066334e-01;3.686216e-01;6.934109e-02;5.041315e-02;5.413906e-02;6.608669e-02;6.435326e-02;5.728593e-02;5.383560e-02;5.049505e-02;2.216037e-02
2.262312e-02;6.204874e-02;2.194149e-01;1.146122e-01;1.011007e-01;6.697077e-02;6.649708e-02;9.828857e-02;2.700726e-02;5.840227e-02;1.056087e-01;5.742565e-02
1.559018e-02;3.838477e-02;1.063162e-01;1.262165e-01;1.445671e-01;6.704200e-02;6.220260e-02;9.924353e-02;2.617848e-02;6.158497e-02;1.318306e-01;1.208430e-01
1.220903e-02;3.710574e-02;5.284544e-02;1.196288e-01;1.729755e-01;5.132772e-02;6.185528e-02;6.613338e-02;1.976116e-02;7.417581e-02;1.329803e-01;1.990018e-01
1.070928e-02;6.961156e-02;5.298035e-02;1.239588e-01;1.478687e-01;2.546080e-02;4.486652e-02;4.978266e-02;2.125591e-02;1.065097e-01;1.415293e-01;2.054664e-01
9.731326e-03;9.492153e-02;7.253843e-02;1.109257e-01;1.086103e-01;2.020155e-02;1.827485e-02;4.855784e-02;2.401925e-02;1.236231e-01;2.158836e-01;1.527126e-01
7.336637e-03;1.183828e-01;6.773134e-02;1.191555e-01;8.040816e-02;1.442098e-02;1.064158e-02;6.868891e-02;2.013236e-02;1.345668e-01;2.527985e-01;1.057364e-01
9.975176e-03;1.348563e-01;4.479204e-02;1.544053e-01;7.486804e-02;1.802572e-02;1.092358e-02;8.588750e-02;2.139105e-02;1.281195e-01;2.405737e-01;7.618216e-02
2.213564e-02;9.523390e-02;1.010196e-01;1.872477e-01;6.101364e-02;3.760799e-02;2.398625e-02;9.004341e-02;4.419236e-02;8.845187e-02;1.946997e-01;5.436798e-02
4.429141e-02;4.462597e-02;1.590424e-01;1.751419e-01;5.377466e-02;5.094653e-02;4.759953e-02;6.995384e-02;8.533406e-02;6.801745e-02;1.679766e-01;3.329563e-02
5.715688e-02;3.718378e-02;1.716838e-01;1.530485e-01;5.333399e-02;5.788120e-02;6.566807e-02;7.640444e-02;8.000667e-02;6.815844e-02;1.646956e-01;1.477855e-02
5.583145e-02;7.207084e-02;1.545213e-01;1.199346e-01;5.813027e-02;3.739468e-02;6.725083e-02;8.374888e-02;4.327146e-02;4.879459e-02;2.154934e-01;4.355758e-02
3.709292e-02;1.064716e-01;1.137511e-01;8.326183e-02;6.918715e-02;2.603075e-02;5.866941e-02;6.893413e-02;2.892721e-02;6.897990e-02;2.658100e-01;7.288403e-02
3.912269e-02;1.076596e-01;1.407627e-01;1.127506e-01;5.376789e-02;4.348411e-02;4.193822e-02;5.175103e-02;2.566389e-02;8.047170e-02;2.269683e-01;7.565938e-02
5.084216e-02;1.133841e-01;1.653340e-01;1.228999e-01;4.958284e-02;5.087489e-02;2.691299e-02;7.103128e-02;4.594848e-02;8.066743e-02;1.471382e-01;7.538373e-02
4.359633e-02;1.119140e-01;1.398912e-01;1.390657e-01;7.990604e-02;4.254580e-02;1.513934e-02;7.972956e-02;6.127910e-02;8.763729e-02;1.216579e-01;7.763771e-02
2.608905e-02;1.289003e-01;1.332196e-01;1.309861e-01;1.138275e-01;4.224718e-02;3.160308e-02;7.920129e-02;4.570188e-02;8.831085e-02;1.217553e-01;5.815781e-02
2.884919e-02;1.154842e-01;1.541500e-01;1.391660e-01;1.054517e-01;4.379091e-02;4.407688e-02;6.707807e-02;4.696834e-02;1.009708e-01;1.120067e-01;4.200717e-02
4.822957e-02;9.239947e-02;6.646463e-02;9.964343e-02;1.104292e-01;5.493230e-02;1.143440e-01;7.251535e-02;9.162927e-02;1.025544e-01;9.255268e-02;5.430564e-02
5.400582e-02;6.670600e-02;6.830359e-02;3.701527e-02;1.188024e-01;8.226626e-02;1.573772e-01;7.504895e-02;1.047076e-01;8.739904e-02;6.090031e-02;8.746751e-02
3.746492e-02;4.949557e-02;9.355537e-02;6.255919e-02;1.143617e-01;6.710195e-02;1.285896e-01;7.123424e-02;8.100060e-02;5.809319e-02;1.510312e-01;8.551247e-02
2.921714e-02;2.779014e-02;1.402345e-01;8.398402e-02;7.061978e-02;3.427786e-02;7.628330e-02;5.677683e-02;6.686173e-02;1.153660e-01;2.502589e-01;4.832978e-02
3.985167e-02;1.751790e-02;1.863883e-01;4.568561e-02;2.717569e-02;1.173229e-02;5.180332e-02;2.792732e-02;8.348326e-02;2.837555e-01;2.113746e-01;1.330446e-02
2.730255e-02;2.734751e-02;1.956526e-01;8.613300e-03;3.429360e-02;6.268095e-03;4.646158e-02;1.870098e-02;1.178723e-01;3.806338e-01;1.224766e-01;1.437697e-02
1.801761e-02;4.244862e-02;1.751508e-01;6.354642e-03;3.099430e-02;7.634210e-03;3.784621e-02;2.789192e-02;1.781860e-01;3.680804e-01;7.643719e-02;3.095805e-02
3.703044e-02;8.890301e-02;1.742982e-01;1.624404e-02;2.549607e-02;1.957094e-02;3.588671e-02;4.542686e-02;2.141310e-01;2.303755e-01;5.696547e-02;5.567170e-02
6.197753e-02;1.369446e-01;2.303547e-01;2.374680e-02;2.768286e-02;2.134433e-02;3.246387e-02;5.436765e-02;1.909360e-01;1.145879e-01;3.704099e-02;6.855273e-02
7.059432e-02;1.394905e-01;3.022789e-01;2.658712e-02;2.837115e-02;9.293314e-03;2.984063e-02;3.607616e-02;1.229534e-01;1.335802e-01;4.267620e-02;5.825820e-02
5.709698e-02;1.247599e-01;3.398248e-01;2.792812e-02;3.210139e-02;1.190497e-02;2.538016e-02;2.979574e-02;1.364222e-01;1.067010e-01;6.641101e-02;4.167376e-02
7.956536e-02;1.023418e-01;2.999585e-01;2.471022e-02;3.384686e-02;1.600704e-02;2.373863e-02;3.758295e-02;1.743115e-01;9.898078e-02;6.048435e-02;4.847196e-02
8.337192e-02;5.965851e-02;2.129184e-01;2.719092e-02;2.635557e-02;1.881636e-02;5.156162e-02;5.952526e-02;2.030654e-01;1.267174e-01;6.821952e-02;6.259903e-02
4.866976e-02;3.909785e-02;1.575251e-01;2.743382e-02;2.864976e-02;1.443357e-02;5.700816e-02;6.289921e-02;1.950490e-01;1.686321e-01;1.067107e-01;9.389104e-02
3.310914e-02;3.117478e-02;1.751023e-01;3.350030e-02;3.373472e-02;2.129465e-02;6.005096e-02;3.132851e-02;1.391526e-01;2.646427e-01;9.716315e-02;7.974619e-02
4.015328e-02;2.888543e-02;2.088956e-01;4.499398e-02;3.731754e-02;3.295536e-02;6.718725e-02;4.211290e-02;1.122289e-01;2.490098e-01;8.049267e-02;5.576728e-02
5.975273e-02;4.963813e-02;2.375687e-01;4.894806e-02;3.600244e-02;2.688848e-02;5.316636e-02;5.170451e-02;1.196626e-01;1.996289e-01;5.635269e-02;6.068642e-02
4.798409e-02;3.738962e-02;2.216137e-01;4.264678e-02;3.087242e-02;2.750810e-02;5.834011e-02;4.814929e-02;7.481163e-02;2.473545e-01;7.707220e-02;8.625755e-02
4.471847e-02;7.032727e-02;3.166476e-01;5.355221e-02;3.747804e-02;2.850069e-02;4.499938e-02;4.395604e-02;4.784405e-02;1.625657e-01;6.299876e-02;8.641174e-02
3.844671e-02;8.160292e-02;3.552032e-01;8.772024e-02;9.237740e-02;4.744060e-02;7.409851e-02;3.157667e-02;5.735549e-02;5.180111e-02;2.898752e-02;5.338955e-02
3.090786e-02;6.091289e-02;2.593570e-01;7.534911e-02;1.538947e-01;8.159207e-02;1.007654e-01;2.587891e-02;7.913128e-02;3.786927e-02;2.471826e-02;6.962332e-02
1.264863e-02;2.637377e-02;2.229526e-01;4.751111e-02;1.875872e-01;1.294638e-01;1.080750e-01;2.004305e-02;1.393429e-01;2.695433e-02;8.065968e-03;7.098161e-02
1.550165e-02;1.341612e-02;2.093625e-01;2.212090e-02;1.970871e-01;1.874785e-01;8.673142e-02;1.514167e-02;1.791478e-01;1.198302e-02;5.775305e-03;5.625398e-02
1.692278e-02;9.241080e-03;2.036344e-01;2.152974e-02;2.035547e-01;2.204999e-01;8.122919e-02;1.273663e-02;1.651726e-01;1.389839e-02;3.228625e-03;4.835192e-02
3.579723e-02;1.091246e-02;1.884484e-01;2.239880e-02;1.953060e-01;2.371059e-01;9.242950e-02;1.857585e-02;1.267871e-01;1.785430e-02;5.459331e-03;4.892505e-02
8.068399e-02;1.022832e-02;1.474495e-01;4.210608e-02;1.405221e-01;2.785394e-01;1.043581e-01;5.358197e-02;5.689396e-02;5.123717e-02;6.438555e-03;2.796094e-02
9.648532e-02;1.107267e-02;6.863784e-02;1.365158e-01;8.398839e-02;2.926273e-01;1.275438e-01;6.198882e-02;1.919453e-02;8.809987e-02;4.699600e-03;9.146104e-03
6.750052e-02;3.411043e-02;3.039927e-02;1.855097e-01;5.205502e-02;2.264476e-01;2.695345e-01;3.998396e-02;1.591733e-02;6.434023e-02;5.493983e-03;8.707506e-03
3.904890e-02;7.105422e-02;2.721779e-02;1.156430e-01;4.680188e-02;1.229980e-01;4.565830e-01;4.623371e-02;3.180355e-02;2.232405e-02;1.464107e-02;5.650850e-03
2.316696e-02;8.102848e-02;3.668528e-02;3.141303e-02;7.321242e-02;4.638238e-02;5.340764e-01;1.003652e-01;4.470482e-02;8.920827e-03;1.741355e-02;2.630660e-03
1.337250e-02;5.891743e-02;4.615742e-02;2.819235e-02;8.205532e-02;3.150724e-02;5.067984e-01;1.598986e-01;3.478107e-02;1.506659e-02;1.578733e-02;7.465728e-03
7.129516e-03;3.249538e-02;8.262570e-02;2.487338e-02;5.705606e-02;4.256976e-02;4.537928e-01;2.172250e-01;2.567283e-02;3.361172e-02;1.129355e-02;1.165421e-02
1.414161e-02;5.804131e-02;7.759918e-02;3.111417e-02;3.359260e-02;3.146037e-02;4.522744e-01;2.059864e-01;3.199888e-02;4.566732e-02;6.299370e-03;1.182437e-02
1.903377e-02;9.435102e-02;4.324042e-02;3.569593e-02;5.347348e-02;4.595165e-02;4.885457e-01;1.352714e-01;3.448923e-02;3.160975e-02;7.048041e-03;1.128968e-02
2.878165e-02;6.626742e-02;4.578317e-02;3.692751e-02;6.605929e-02;8.333038e-02;4.025604e-01;1.803404e-01;4.321741e-02;2.302048e-02;1.139689e-02;1.231504e-02
2.884572e-02;2.944491e-02;5.113291e-02;4.108072e-02;6.346189e-02;8.506141e-02;3.422185e-01;2.406805e-01;6.770630e-02;2.816189e-02;1.154260e-02;1.066264e-02
3.881926e-02;4.596497e-02;5.752926e-02;4.452789e-02;5.805529e-02;7.464580e-02;3.804114e-01;2.024005e-01;4.063267e-02;3.638174e-02;7.656486e-03;1.297473e-02
4.645697e-02;3.062645e-02;6.072166e-02;8.569475e-02;4.657658e-02;6.503854e-02;4.016860e-01;1.411343e-01;4.265483e-02;4.370633e-02;2.015830e-02;1.554531e-02
5.358962e-02;4.448018e-02;5.488483e-02;1.321973e-01;4.585709e-02;5.652660e-02;3.695652e-01;8.820812e-02;5.489477e-02;5.026926e-02;2.552382e-02;2.400321e-02
4.891736e-02;8.801324e-02;7.564022e-02;1.129456e-01;6.806126e-02;6.201806e-02;3.029430e-01;7.731596e-02;5.962564e-02;5.194996e-02;2.202880e-02;3.054087e-02
5.647577e-02;1.228287e-01;1.257232e-01;4.520452e-02;8.401765e-02;1.207013e-01;1.807137e-01;9.183690e-02;4.658652e-02;6.985999e-02;1.990387e-02;3.614786e-02
7.668182e-02;1.066301e-01;1.242969e-01;2.905428e-02;6.293288e-02;1.507233e-01;2.285633e-01;5.600122e-02;5.223039e-02;5.478047e-02;1.766749e-02;4.043783e-02
6.704704e-02;5.562799e-02;1.054385e-01;4.020288e-02;8.121452e-02;1.405213e-01;2.838827e-01;8.860088e-02;4.751058e-02;5.187793e-02;1.341370e-02;2.466199e-02
4.792666e-02;5.385207e-02;8.923002e-02;5.072738e-02;6.982178e-02;1.170558e-01;3.431444e-01;1.259046e-01;3.064544e-02;3.967411e-02;1.480063e-02;1.721708e-02
