1.138396e-01;1.409316e-01;1.333060e-01;8.100651e-02;5.132337e-02;6.990874e-02;1.626098e-01;3.171252e-02;4.834203e-02;6.376927e-02;4.877727e-02;5.447328e-02
1.002165e-01;1.351829e-01;1.745220e-01;7.745057e-02;3.575877e-02;4.862110e-02;1.139875e-01;3.678210e-02;8.337928e-02;6.820936e-02;5.864260e-02;6.724727e-02
9.098955e-02;1.284123e-01;1.385588e-01;5.295617e-02;4.471930e-02;3.335867e-02;1.074892e-01;5.623162e-02;1.020613e-01;8.273157e-02;5.382929e-02;1.086622e-01
1.268504e-01;9.845883e-02;8.562564e-02;7.534494e-02;7.368107e-02;4.638088e-02;1.123644e-01;5.378224e-02;7.102029e-02;1.011527e-01;7.180860e-02;8.352990e-02
1.769151e-01;9.068428e-02;1.039619e-01;7.624226e-02;8.342995e-02;6.643099e-02;9.175719e-02;5.148946e-02;7.772133e-02;9.720979e-02;4.277883e-02;4.137888e-02
1.131077e-01;1.225925e-01;1.745116e-01;5.991434e-02;5.829116e-02;7.344168e-02;6.929933e-02;4.295846e-02;1.004799e-01;7.305314e-02;6.022261e-02;5.212764e-02
1.145738e-01;1.034272e-01;2.139084e-01;8.395047e-02;5.956607e-02;7.068375e-02;5.951505e-02;4.005568e-02;8.209448e-02;5.952333e-02;5.636185e-02;5.633997e-02
1.216693e-01;5.078882e-02;1.342683e-01;5.475047e-02;4.317511e-02;6.289566e-02;1.360625e-01;6.690483e-02;9.668345e-02;9.927934e-02;5.229428e-02;8.122800e-02
8.403666e-02;5.045490e-02;1.046242e-01;3.405079e-02;3.305645e-02;4.848735e-02;2.174778e-01;7.917124e-02;1.395165e-01;7.897884e-02;5.401960e-02;7.612566e-02
5.533493e-02;3.512273e-02;8.715589e-02;5.869975e-02;2.742956e-02;3.108483e-02;1.990698e-01;8.553829e-02;2.551628e-01;5.714709e-02;3.908661e-02;6.916784e-02
2.760888e-02;1.266858e-02;8.837526e-02;5.543932e-02;1.424012e-02;1.927395e-02;1.270156e-01;3.111042e-01;2.396602e-01;5.125017e-02;1.952172e-02;3.384205e-02
9.735339e-03;1.452695e-02;1.332646e-01;2.043616e-02;7.359312e-03;1.306899e-02;1.508091e-01;4.265163e-01;1.174600e-01;3.174777e-02;2.961122e-02;4.546427e-02
3.698317e-03;1.770405e-02;1.512613e-01;1.066504e-02;5.577438e-03;7.533748e-03;1.896041e-01;4.878010e-01;4.421070e-02;2.179421e-02;1.970771e-02;4.044242e-02
5.536444e-03;4.119663e-02;1.163359e-01;1.022952e-02;1.181566e-02;9.139789e-03;3.134068e-01;4.216533e-01;2.253471e-02;1.449033e-02;1.795224e-02;1.570860e-02
9.538727e-03;7.850469e-02;6.688992e-02;5.367780e-03;2.237193e-02;3.053765e-02;4.603991e-01;2.594799e-01;1.304197e-02;1.034693e-02;4.028403e-02;3.237423e-03
1.603341e-02;9.519456e-02;3.424762e-02;1.107571e-02;2.877414e-02;6.728946e-02;5.074766e-01;1.476013e-01;2.866101e-02;1.464615e-02;4.347771e-02;5.522269e-03
1.924408e-02;8.491714e-02;2.755301e-02;1.101804e-02;2.948987e-02;8.153846e-02;4.894890e-01;1.628442e-01;3.200099e-02;2.023766e-02;3.043513e-02;1.123244e-02
1.524969e-02;6.357796e-02;1.616934e-02;1.444891e-02;2.192042e-02;5.613599e-02;4.878787e-01;2.466425e-01;2.859773e-02;1.581375e-02;2.383457e-02;9.730439e-03
1.232818e-02;4.756324e-02;1.823517e-02;1.210396e-02;2.517601e-02;3.535353e-02;5.783954e-01;1.971177e-01;2.545661e-02;7.290964e-03;3.521555e-02;5.763703e-03
1.292546e-02;5.352380e-02;2.107583e-02;7.375615e-03;2.914191e-02;2.483892e-02;6.343250e-01;9.798142e-02;4.987523e-02;1.252280e-02;5.023913e-02;6.174840e-03
1.287622e-02;8.656843e-02;2.210328e-02;1.039904e-02;1.970528e-02;4.124455e-02;5.801815e-01;9.407066e-02;7.263389e-02;1.640594e-02;3.565887e-02;8.152260e-03
7.491760e-03;9.783611e-02;3.458197e-02;1.559558e-02;2.686239e-02;4.057623e-02;4.378263e-01;1.894095e-01;8.434000e-02;1.665913e-02;4.179159e-02;7.029441e-03
7.526459e-03;1.088804e-01;3.752121e-02;9.362425e-03;2.890889e-02;2.644269e-02;4.180404e-01;2.074517e-01;6.535080e-02;1.246439e-02;7.430323e-02;3.747347e-03
5.374570e-03;1.348730e-01;2.698655e-02;3.190184e-03;4.002172e-02;1.340236e-02;4.437994e-01;1.479378e-01;4.093433e-02;8.920887e-03;1.313582e-01;3.200978e-03
5.739841e-03;1.765441e-01;1.724332e-02;4.233046e-03;5.706302e-02;8.658865e-03;4.427913e-01;7.102231e-02;3.108567e-02;8.413127e-03;1.731730e-01;4.032434e-03
8.784472e-03;1.609587e-01;5.926967e-02;5.999204e-03;5.264383e-02;9.096590e-03;3.443158e-01;1.873899e-01;2.791430e-02;1.373096e-02;1.237532e-01;6.143465e-03
6.477857e-03;1.074854e-01;1.066101e-01;3.368393e-03;2.436819e-02;8.640330e-03;2.793603e-01;3.477071e-01;3.494769e-02;1.794600e-02;4.485186e-02;1.823686e-02
3.478126e-03;6.219674e-02;8.922686e-02;3.918473e-03;1.909339e-02;2.422701e-02;3.298477e-01;3.353719e-01;2.856986e-02;1.528218e-02;6.894311e-02;1.984468e-02
8.023989e-03;5.471880e-02;6.589695e-02;1.260449e-02;3.799906e-02;5.859286e-02;3.513100e-01;2.529339e-01;1.861382e-02;1.725780e-02;1.134370e-01;8.611445e-03
2.091880e-02;5.547165e-02;9.058315e-02;2.367342e-02;5.944632e-02;8.725809e-02;2.221961e-01;2.352463e-01;3.189712e-02;3.181602e-02;1.263268e-01;1.516613e-02
2.675374e-02;5.894298e-02;1.960869e-01;2.457974e-02;6.703106e-02;8.257099e-02;1.499405e-01;2.348309e-01;2.353968e-02;3.411648e-02;8.015755e-02;2.144946e-02
1.789744e-02;6.909540e-02;3.131718e-01;4.345610e-02;5.621860e-02;4.284975e-02;2.009359e-01;1.717562e-01;2.076688e-02;1.925466e-02;2.986660e-02;1.473064e-02
1.088487e-02;7.452031e-02;3.651179e-01;3.485752e-02;4.466533e-02;4.045333e-02;1.684383e-01;1.521294e-01;1.606729e-02;1.835889e-02;6.852522e-02;5.981551e-03
1.434380e-02;7.550493e-02;3.455831e-01;2.366211e-02;2.342222e-02;2.796679e-02;2.508334e-01;1.283173e-01;1.298577e-02;1.874052e-02;7.097111e-02;7.668997e-03
2.672442e-02;7.660961e-02;3.405837e-01;3.176193e-02;1.721781e-02;3.293123e-02;2.580211e-01;1.197727e-01;1.475812e-02;2.774067e-02;3.460479e-02;1.927386e-02
3.760192e-02;5.371126e-02;2.237516e-01;5.304791e-02;6.217947e-02;3.535935e-02;2.076831e-01;8.725193e-02;4.067143e-02;4.951064e-02;6.062049e-02;8.861088e-02
2.845315e-02;2.972060e-02;1.001246e-01;5.272701e-02;1.173046e-01;6.186791e-02;1.921972e-01;7.345052e-02;8.779380e-02;4.232590e-02;6.221978e-02;1.518150e-01
6.443498e-02;2.379503e-02;6.224322e-02;4.740147e-02;1.637596e-01;8.977246e-02;1.633216e-01;5.508994e-02;1.198170e-01;2.328215e-02;3.675767e-02;1.503249e-01
1.229703e-01;3.300992e-02;1.434098e-01;5.622988e-02;1.781492e-01;9.069259e-02;1.128862e-01;3.221196e-02;1.124470e-01;2.049822e-02;1.542259e-02;8.207243e-02
8.644728e-02;6.037599e-02;2.336409e-01;7.546434e-02;1.336094e-01;5.439017e-02;1.026484e-01;2.349363e-02;7.029463e-02;2.985793e-02;2.960398e-02;1.001734e-01
5.186120e-02;1.014257e-01;3.276614e-01;8.093641e-02;8.767661e-02;3.277276e-02;7.563610e-02;3.742171e-02;3.459515e-02;4.827514e-02;3.979937e-02;8.193848e-02
7.906898e-02;1.146902e-01;3.164775e-01;4.415629e-02;7.569901e-02;3.656512e-02;9.760585e-02;2.812386e-02;5.888531e-02;4.951726e-02;3.995501e-02;5.925565e-02
1.081937e-01;7.323280e-02;2.351309e-01;5.045277e-02;5.891082e-02;3.869673e-02;1.679434e-01;6.546398e-02;7.269460e-02;2.914989e-02;3.703148e-02;6.309893e-02
8.211058e-02;4.246730e-02;2.433950e-01;5.616541e-02;9.060706e-02;5.142368e-02;1.593883e-01;8.619445e-02;4.960788e-02;4.279307e-02;3.636934e-02;5.947787e-02
6.066935e-02;5.176450e-02;2.887769e-01;3.679170e-02;9.580623e-02;5.614173e-02;1.224029e-01;8.205774e-02;6.091786e-02;8.411803e-02;2.897833e-02;3.157465e-02
5.643150e-02;4.637962e-02;4.210691e-01;4.626386e-02;9.053417e-02;3.585077e-02;1.008016e-01;4.399249e-02;6.457239e-02;6.888316e-02;9.877907e-03;1.534336e-02
6.158908e-02;5.002578e-02;4.787176e-01;6.183915e-02;8.624560e-02;3.725170e-02;7.874005e-02;2.238498e-02;4.012056e-02;4.767270e-02;1.755907e-02;1.785374e-02
6.649125e-02;3.885952e-02;4.730759e-01;6.752401e-02;7.412083e-02;3.696470e-02;6.837370e-02;2.010520e-02;3.138547e-02;6.889222e-02;3.327179e-02;2.093548e-02
5.780751e-02;3.040365e-02;4.965178e-01;4.677273e-02;5.466640e-02;3.187114e-02;8.642447e-02;1.394944e-02;3.776329e-02;8.578198e-02;3.948040e-02;1.856121e-02
3.776234e-02;6.799500e-02;5.757776e-01;2.645752e-02;4.058022e-02;2.955928e-02;7.176025e-02;1.289325e-02;3.871096e-02;5.645939e-02;2.735685e-02;1.468729e-02
2.358509e-02;1.359109e-01;5.783517e-01;3.524247e-02;2.531162e-02;4.632699e-02;4.205212e-02;1.175338e-02;4.312374e-02;1.769923e-02;1.161095e-02;2.903185e-02
3.883896e-02;1.827666e-01;4.959056e-01;3.816591e-02;1.774929e-02;7.292353e-02;2.446093e-02;5.189157e-03;6.559528e-02;1.027977e-02;1.066482e-02;3.746011e-02
5.366107e-02;2.108820e-01;4.183417e-01;4.283753e-02;1.415405e-02;9.143106e-02;1.905192e-02;5.906288e-03;8.271747e-02;1.024253e-02;1.199717e-02;3.877727e-02
5.650919e-02;2.237594e-01;3.851746e-01;3.783001e-02;1.146988e-02;1.031096e-01;2.757545e-02;5.691088e-03;8.434923e-02;9.001610e-03;9.732954e-03;4.579700e-02
4.906294e-02;2.112999e-01;4.212839e-01;3.482128e-02;1.347145e-02;1.025975e-01;2.368672e-02;7.994989e-03;6.930668e-02;7.787835e-03;4.303089e-03;5.438378e-02
4.315524e-02;1.632625e-01;4.538360e-01;3.203085e-02;1.579191e-02;7.779829e-02;4.506799e-02;2.104250e-02;5.813297e-02;1.909259e-02;1.610163e-02;5.468751e-02
4.830732e-02;7.896741e-02;3.479232e-01;4.696101e-02;3.465877e-02;5.814275e-02;1.445346e-01;3.690223e-02;4.877423e-02;6.930886e-02;4.737435e-02;3.814523e-02
5.908477e-02;3.932771e-02;2.576397e-01;3.804338e-02;2.960661e-02;5.299886e-02;2.027460e-01;6.248699e-02;4.760454e-02;1.127826e-01;7.056302e-02;2.711578e-02
8.127749e-02;2.278643e-02;2.376074e-01;3.466844e-02;1.399175e-02;3.539090e-02;2.050712e-01;8.213252e-02;5.337815e-02;1.330587e-01;8.536055e-02;1.527643e-02
1.151955e-01;1.748499e-02;2.333808e-01;5.480804e-02;8.693000e-03;1.887532e-02;1.715832e-01;6.662491e-02;7.052513e-02;1.531090e-01;7.869603e-02;1.102408e-02
1.026196e-01;1.962648e-02;1.872147e-01;1.086656e-01;9.235565e-03;1.652442e-02;1.257000e-01;6.713068e-02;7.710718e-02;1.217457e-01;1.549141e-01;9.515965e-03
4.770407e-02;2.943673e-02;1.122760e-01;1.645633e-01;1.524059e-02;1.945873e-02;6.041754e-02;1.598193e-01;4.065844e-02;5.950079e-02;2.783276e-01;1.259681e-02
2.092874e-02;5.867586e-02;6.735007e-02;1.544766e-01;3.839847e-02;1.964980e-02;2.467159e-02;2.346832e-01;2.704220e-02;3.729081e-02;2.835563e-01;3.327630e-02
1.128507e-02;6.577559e-02;4.221356e-02;1.073083e-01;1.065995e-01;1.501135e-02;2.013526e-02;2.003699e-01;9.575103e-02;3.113403e-02;1.787727e-01;1.256436e-01
1.703635e-02;3.329709e-02;4.914625e-02;6.190506e-02;1.673402e-01;2.838771e-02;3.106910e-02;7.162283e-02;2.274499e-01;2.656701e-02;6.566105e-02;2.205174e-01
6.978934e-02;1.042057e-02;6.428664e-02;2.346021e-02;1.294190e-01;9.517576e-02;3.929603e-02;2.621719e-02;2.463067e-01;8.047370e-02;2.535619e-02;1.897986e-01
1.473306e-01;7.082956e-03;4.144062e-02;2.992796e-02;4.557364e-02;1.786356e-01;5.113636e-02;3.915356e-02;1.155090e-01;2.320742e-01;2.847072e-02;8.366472e-02
1.606059e-01;1.851803e-02;1.500964e-02;4.188782e-02;2.361196e-02;1.813955e-01;1.059146e-01;3.634790e-02;3.040992e-02;3.318511e-01;2.491674e-02;2.953081e-02
9.828587e-02;5.205454e-02;1.751764e-02;3.494825e-02;2.260257e-02;1.361387e-01;2.247838e-01;3.273042e-02;3.714827e-02;2.626606e-01;5.160331e-02;2.952602e-02
3.313076e-02;8.750899e-02;2.738873e-02;2.974871e-02;4.068784e-02;1.183607e-01;3.931246e-01;3.053138e-02;3.356627e-02;1.129191e-01;6.588073e-02;2.715216e-02
5.977842e-02;9.382658e-02;3.111770e-02;2.259356e-02;4.564538e-02;1.399976e-01;4.298635e-01;5.690620e-02;3.355139e-02;2.867898e-02;4.597148e-02;1.206923e-02
6.803980e-02;7.930738e-02;3.097202e-02;2.059730e-02;5.783446e-02;1.391284e-01;3.700736e-01;6.905324e-02;3.409033e-02;3.732973e-02;7.626922e-02;1.730460e-02
6.300791e-02;5.510723e-02;5.828226e-02;1.970127e-02;7.481062e-02;1.304513e-01;3.037158e-01;9.309903e-02;3.165527e-02;5.445483e-02;8.118315e-02;3.453134e-02
5.394990e-02;5.288396e-02;9.109343e-02;2.693067e-02;6.475124e-02;9.035710e-02;3.025649e-01;1.012206e-01;2.485867e-02;9.956508e-02;3.825337e-02;5.357111e-02
7.708017e-02;6.233676e-02;6.414822e-02;3.862512e-02;4.931991e-02;1.021970e-01;2.951846e-01;6.830987e-02;4.134658e-02;1.366524e-01;3.842786e-02;2.637156e-02
9.821231e-02;4.293947e-02;3.848624e-02;2.838210e-02;4.826490e-02;1.112142e-01;3.085529e-01;3.670973e-02;4.229277e-02;1.635749e-01;4.090999e-02;4.046048e-02
9.852577e-02;3.433018e-02;6.907760e-02;2.220185e-02;4.494948e-02;7.370149e-02;3.121567e-01;3.795313e-02;4.644584e-02;1.628206e-01;3.710496e-02;6.073239e-02
1.137545e-01;4.036672e-02;8.608815e-02;4.508696e-02;4.537694e-02;4.618431e-02;2.906016e-01;5.129601e-02;6.275508e-02;1.062391e-01;5.323360e-02;5.901707e-02
1.145396e-01;4.793641e-02;6.100462e-02;7.969123e-02;6.711564e-02;7.545231e-02;2.475959e-01;5.625615e-02;6.078090e-02;7.878716e-02;5.515020e-02;5.568981e-02
8.657375e-02;6.827949e-02;5.840809e-02;7.033177e-02;8.883519e-02;8.941016e-02;2.240599e-01;5.246945e-02;8.011882e-02;7.875998e-02;5.690645e-02;4.584696e-02
6.444158e-02;4.014353e-02;1.227409e-01;5.058746e-02;1.088083e-01;8.912230e-02;2.235923e-01;3.734727e-02;6.632301e-02;6.712553e-02;7.881264e-02;5.095530e-02
4.610253e-02;3.154834e-02;1.787397e-01;6.261529e-02;1.217926e-01;7.247797e-02;1.649647e-01;5.365773e-02;3.490437e-02;5.457336e-02;1.054231e-01;7.320032e-02
6.808701e-02;5.496185e-02;2.256766e-01;8.006437e-02;1.016624e-01;5.367079e-02;9.036487e-02;5.773507e-02;4.299191e-02;5.636852e-02;1.050297e-01;6.338692e-02
1.020416e-01;7.466192e-02;2.195473e-01;8.222248e-02;8.100083e-02;4.547005e-02;6.712117e-02;6.266477e-02;6.036486e-02;6.382298e-02;9.464354e-02;4.643854e-02
1.335542e-01;7.171030e-02;1.625457e-01;6.327759e-02;8.552563e-02;4.708482e-02;9.512240e-02;6.836685e-02;6.460198e-02;7.008612e-02;9.332529e-02;4.479909e-02
9.433389e-02;3.575094e-02;1.713279e-01;5.119087e-02;9.893478e-02;6.217728e-02;1.351614e-01;6.535888e-02;4.032184e-02;6.789396e-02;1.273151e-01;5.023324e-02
6.580435e-02;3.798673e-02;1.484982e-01;7.936575e-02;7.566142e-02;5.116616e-02;1.289248e-01;6.478682e-02;3.822719e-02;9.668827e-02;1.596223e-01;5.326804e-02
9.035355e-02;8.550602e-02;1.948314e-01;6.943817e-02;9.379126e-02;5.442674e-02;6.816413e-02;3.954675e-02;5.192248e-02;8.795488e-02;1.245647e-01;3.950002e-02
9.820489e-02;1.062045e-01;2.347962e-01;4.622746e-02;9.358435e-02;6.353714e-02;1.064388e-01;4.461404e-02;4.919993e-02;5.850207e-02;6.683315e-02;3.185750e-02
7.982618e-02;9.107792e-02;2.114894e-01;4.132000e-02;1.004944e-01;8.500893e-02;1.568304e-01;4.661798e-02;3.000427e-02;5.505336e-02;6.814609e-02;3.413108e-02
6.528564e-02;7.206959e-02;1.855117e-01;5.376427e-02;9.748260e-02;9.523086e-02;1.597030e-01;4.828702e-02;6.311999e-02;5.721027e-02;6.632028e-02;3.601483e-02
8.599263e-02;6.316011e-02;2.237371e-01;5.914694e-02;8.151551e-02;7.258045e-02;7.892233e-02;5.099463e-02;7.981765e-02;7.288791e-02;7.060606e-02;6.063872e-02
1.062775e-01;8.290370e-02;1.672474e-01;6.196968e-02;8.163045e-02;8.333763e-02;7.847385e-02;4.432870e-02;5.016289e-02;8.037503e-02;9.445604e-02;6.883713e-02
1.137761e-01;8.597676e-02;1.391250e-01;6.133991e-02;1.036896e-01;8.416805e-02;8.938953e-02;4.128741e-02;3.469035e-02;6.988423e-02;1.052003e-01;7.147268e-02
7.364712e-02;5.592510e-02;1.042838e-01;4.898498e-02;8.247429e-02;5.688156e-02;1.947420e-01;4.674910e-02;7.746345e-02;8.353585e-02;8.101124e-02;9.430150e-02
9.721810e-02;7.618747e-02;1.482264e-01;8.903480e-02;8.646945e-02;5.298250e-02;9.979264e-02;6.995248e-02;9.723802e-02;8.814692e-02;5.861569e-02;3.613560e-02
7.641807e-02;6.413120e-02;1.121530e-01;9.651681e-02;7.535332e-02;4.942949e-02;6.126494e-02;1.064173e-01;1.747139e-01;9.999730e-02;5.035948e-02;3.324511e-02
4.925547e-02;3.580141e-02;8.473680e-02;8.698852e-02;4.829983e-02;3.801623e-02;8.914395e-02;2.002652e-01;2.181636e-01;9.345929e-02;3.356766e-02;2.230199e-02
2.262082e-02;2.006619e-02;9.561418e-02;5.618603e-02;2.298020e-02;1.945159e-02;1.354603e-01;3.573519e-01;1.853441e-01;5.855272e-02;1.475666e-02;1.161531e-02
8.720856e-03;3.589927e-02;1.023815e-01;2.403637e-02;2.307328e-02;1.204149e-02;1.647429e-01;4.553009e-01;9.988270e-02;2.701989e-02;3.166405e-02;1.523677e-02
7.854972e-03;6.368041e-02;7.873588e-02;1.375900e-02;4.272341e-02;6.550987e-03;2.217639e-01;3.591969e-01;5.122206e-02;1.321341e-02;1.249284e-01;1.637060e-02
1.035038e-02;9.086592e-02;4.650991e-02;1.179207e-02;6.088561e-02;7.045360e-03;2.850661e-01;1.857766e-01;4.812896e-02;1.354913e-02;2.330722e-01;6.957827e-03
6.619827e-03;1.268798e-01;1.683289e-02;3.099108e-03;5.357562e-02;1.284335e-02;3.461566e-01;8.487877e-02;5.132296e-02;1.660789e-02;2.718433e-01;9.339974e-03
8.599444e-03;1.642788e-01;1.238957e-02;2.934645e-03;3.387669e-02;2.184441e-02;4.064651e-01;4.111255e-02;5.621192e-02;1.323874e-02;2.313799e-01;7.668183e-03
2.684785e-02;1.705986e-01;1.490053e-02;9.162824e-03;2.489422e-02;5.632198e-02;4.240693e-01;5.365518e-02;5.443467e-02;1.249363e-02;1.452375e-01;7.383829e-03
5.190741e-02;1.324488e-01;3.430662e-02;2.357192e-02;3.451327e-02;1.120221e-01;3.670307e-01;4.256279e-02;5.433980e-02;3.763538e-02;1.001592e-01;9.502104e-03
6.177617e-02;1.064099e-01;7.629886e-02;3.811132e-02;5.480034e-02;1.402508e-01;2.618248e-01;7.036136e-02;4.817202e-02;7.152607e-02;5.895384e-02;1.151450e-02
4.054177e-02;1.311979e-01;8.026922e-02;3.222389e-02;4.768741e-02;9.106290e-02;2.718212e-01;1.361147e-01;3.911490e-02;5.293310e-02;6.618958e-02;1.084347e-02
4.976172e-02;1.514458e-01;4.322580e-02;1.635822e-02;4.202009e-02;6.018437e-02;2.980038e-01;1.975392e-01;4.759928e-02;1.292439e-02;7.046011e-02;1.047728e-02
5.205422e-02;1.041736e-01;3.178259e-02;1.912689e-02;4.180023e-02;5.178297e-02;3.764394e-01;1.818482e-01;3.872161e-02;1.265866e-02;7.836615e-02;1.124542e-02
6.178010e-02;6.346803e-02;5.168058e-02;1.942738e-02;2.834153e-02;4.055713e-02;4.586112e-01;1.358760e-01;3.804100e-02;2.204916e-02;6.971007e-02;1.045784e-02
8.897005e-02;8.613121e-02;7.720330e-02;3.749060e-02;3.372225e-02;4.130291e-02;3.519164e-01;8.564582e-02;6.323232e-02;4.680936e-02;4.550815e-02;4.206771e-02
1.006828e-01;6.487843e-02;8.675498e-02;4.674295e-02;3.680867e-02;3.841991e-02;1.924249e-01;9.465246e-02;1.179899e-01;7.392811e-02;5.128776e-02;9.542910e-02
8.767965e-02;3.517576e-02;7.960763e-02;3.367992e-02;2.430275e-02;3.326910e-02;1.704184e-01;1.595025e-01;1.330505e-01;7.932688e-02;3.530875e-02;1.286782e-01
5.231164e-02;1.494647e-02;8.070721e-02;1.517680e-02;1.067718e-02;1.903582e-02;1.668380e-01;2.436452e-01;1.061338e-01;8.052105e-02;1.637642e-02;1.936304e-01
2.674522e-02;1.456428e-02;7.318763e-02;4.966096e-03;7.825610e-03;1.173035e-02;2.169095e-01;2.775864e-01;5.073474e-02;6.957439e-02;2.449183e-02;2.216838e-01
2.517611e-02;4.721156e-02;5.484137e-02;5.352229e-03;1.683026e-02;1.732468e-02;2.965465e-01;2.409442e-01;3.088238e-02;5.141967e-02;6.889442e-02;1.445766e-01
5.210640e-02;8.484682e-02;5.385995e-02;8.685574e-03;4.018367e-02;4.559850e-02;2.773551e-01;1.940032e-01;4.009070e-02;4.101371e-02;1.089701e-01;5.328641e-02
9.103137e-02;9.149987e-02;1.132135e-01;3.083920e-02;7.878898e-02;7.422183e-02;1.711644e-01;1.639726e-01;3.970255e-02;4.133945e-02;8.022458e-02;2.400168e-02
7.648799e-02;6.247727e-02;2.785930e-01;5.756337e-02;8.583077e-02;5.220261e-02;1.474539e-01;1.183576e-01;3.478182e-02;2.748400e-02;2.540954e-02;3.335807e-02
4.528907e-02;5.121473e-02;4.182229e-01;5.499550e-02;5.953509e-02;2.546518e-02;1.760544e-01;8.383055e-02;1.595496e-02;2.420888e-02;2.128133e-02;2.394741e-02
4.332461e-02;6.817989e-02;3.749189e-01;3.147434e-02;4.925108e-02;3.333211e-02;2.182509e-01;5.117973e-02;1.916049e-02;4.358607e-02;4.249950e-02;2.484233e-02
3.893389e-02;5.700260e-02;3.216875e-01;3.638241e-02;3.359882e-02;2.930295e-02;2.243885e-01;4.805579e-02;4.106052e-02;1.034221e-01;4.028298e-02;2.588198e-02
2.199840e-02;6.810750e-02;3.776934e-01;3.396709e-02;4.500803e-02;3.493868e-02;1.573813e-01;6.872216e-02;5.599939e-02;9.973115e-02;1.642320e-02;2.002964e-02
3.170859e-02;9.964430e-02;3.730185e-01;4.157755e-02;5.589092e-02;4.570277e-02;1.156107e-01;7.337888e-02;4.104980e-02;7.252932e-02;2.919064e-02;2.069804e-02
7.426680e-02;1.232472e-01;2.755945e-01;4.915649e-02;6.824531e-02;4.957847e-02;9.497455e-02;7.436897e-02;6.003568e-02;4.642034e-02;4.092424e-02;4.318742e-02
8.399688e-02;1.235245e-01;1.783377e-01;5.223050e-02;6.753750e-02;6.444748e-02;1.023215e-01;7.197458e-02;8.044165e-02;4.201287e-02;5.796945e-02;7.520533e-02
7.777955e-02;1.339581e-01;1.068168e-01;5.937398e-02;6.104120e-02;8.038817e-02;1.259408e-01;7.768597e-02;8.758828e-02;4.661707e-02;6.567650e-02;7.713365e-02
8.506472e-02;1.275538e-01;1.912730e-01;5.218527e-02;5.867904e-02;7.874883e-02;1.284939e-01;6.837089e-02;6.939189e-02;4.444555e-02;5.477303e-02;4.102006e-02
6.076336e-02;8.945989e-02;2.282920e-01;4.767722e-02;6.575100e-02;6.587512e-02;1.602513e-01;1.029905e-01;5.924621e-02;3.608539e-02;6.112015e-02;2.248791e-02
7.242117e-02;9.140104e-02;1.244974e-01;4.511519e-02;7.472437e-02;5.731749e-02;1.014185e-01;6.554966e-02;6.235839e-02;9.904381e-02;1.211785e-01;8.497457e-02
8.523741e-02;1.370165e-01;9.306736e-02;4.663975e-02;5.465139e-02;5.029317e-02;3.733624e-02;4.533606e-02;5.932732e-02;9.580918e-02;1.517022e-01;1.435833e-01
1.227331e-01;1.462976e-01;8.925705e-02;4.272139e-02;4.595770e-02;4.454000e-02;3.839469e-02;4.206341e-02;5.303907e-02;8.394725e-02;1.416124e-01;1.494364e-01
2.043959e-01;1.227030e-01;8.329950e-02;3.537645e-02;4.665181e-02;4.213054e-02;8.962434e-02;4.364470e-02;4.633851e-02;5.806509e-02;1.114020e-01;1.163681e-01
2.030359e-01;4.242116e-02;6.001142e-02;2.468542e-02;5.828540e-02;1.186631e-01;1.461345e-01;5.629835e-02;2.851522e-02;1.347481e-01;6.083933e-02;6.636209e-02
1.487443e-01;1.689079e-02;4.976673e-02;2.056137e-02;9.113587e-02;1.733992e-01;1.380289e-01;5.750944e-02;4.858789e-02;1.403271e-01;3.578392e-02;7.926448e-02
6.950872e-02;9.686018e-03;5.925380e-02;2.629308e-02;1.691299e-01;1.532413e-01;1.017999e-01;3.186847e-02;1.222443e-01;6.511691e-02;1.177929e-02;1.800783e-01
1.630642e-02;8.427889e-03;4.801664e-02;3.067474e-02;2.306850e-01;8.174663e-02;8.787252e-02;1.343577e-02;1.472680e-01;1.281115e-02;9.264288e-03;3.134909e-01
1.029365e-02;6.659542e-03;2.694768e-02;4.484292e-02;2.442797e-01;3.621309e-02;7.191960e-02;5.759594e-03;1.125819e-01;9.570014e-03;1.111801e-02;4.198143e-01
7.395533e-03;1.851183e-02;2.240969e-02;7.856520e-02;2.338514e-01;2.464823e-02;6.510578e-02;1.268133e-02;7.077766e-02;1.549137e-02;1.329436e-02;4.372676e-01
9.493371e-03;6.327360e-02;6.090498e-02;1.402745e-01;2.056775e-01;1.957512e-02;3.558273e-02;3.625760e-02;3.841351e-02;2.687812e-02;4.322986e-02;3.204392e-01
2.551449e-02;1.099344e-01;1.419881e-01;1.669319e-01;1.421703e-01;2.791354e-02;3.680382e-02;7.682287e-02;2.430935e-02;3.778183e-02;1.021865e-01;1.076430e-01
5.796781e-02;1.050985e-01;1.956304e-01;1.207479e-01;1.095206e-01;4.791933e-02;5.461390e-02;9.185970e-02;3.323053e-02;3.880529e-02;1.161466e-01;2.845945e-02
1.242029e-01;5.140070e-02;2.539704e-01;5.802961e-02;9.852634e-02;3.849174e-02;8.858545e-02;7.145716e-02;4.578901e-02;6.252509e-02;6.878914e-02;3.823248e-02
1.676440e-01;6.172134e-02;2.575142e-01;4.200114e-02;8.016793e-02;2.975408e-02;1.041488e-01;3.929818e-02;4.240367e-02;8.862494e-02;4.201793e-02;4.470382e-02
1.387906e-01;9.569899e-02;2.333542e-01;2.815296e-02;7.418346e-02;3.651720e-02;9.579618e-02;4.658040e-02;6.493138e-02;7.942188e-02;6.122613e-02;4.534659e-02
7.653251e-02;1.047839e-01;2.448840e-01;5.312775e-02;7.157459e-02;3.630009e-02;8.299667e-02;7.032227e-02;5.990373e-02;4.194200e-02;6.194407e-02;9.568836e-02
1.199317e-01;1.040434e-01;2.509790e-01;4.491410e-02;6.176003e-02;2.902974e-02;7.566381e-02;6.203033e-02;4.202795e-02;4.414521e-02;4.326235e-02;1.222124e-01
1.681646e-01;1.157152e-01;1.952015e-01;4.521737e-02;6.147626e-02;3.159088e-02;7.547490e-02;6.184677e-02;4.782237e-02;3.191826e-02;6.365967e-02;1.019122e-01
2.228700e-01;9.946114e-02;1.519480e-01;4.371653e-02;7.468449e-02;4.519607e-02;9.949937e-02;4.944224e-02;4.019486e-02;3.552982e-02;8.091071e-02;5.654668e-02
1.594027e-01;1.016336e-01;1.247246e-01;6.392234e-02;7.705015e-02;4.087447e-02;1.188516e-01;4.943145e-02;4.276632e-02;6.244490e-02;7.309568e-02;8.580232e-02
1.970369e-01;9.101034e-02;2.025623e-01;3.368792e-02;6.318103e-02;4.284265e-02;9.393909e-02;4.700764e-02;3.725116e-02;5.373585e-02;5.171940e-02;8.602569e-02
1.252975e-01;8.438320e-02;4.096523e-01;3.385871e-02;6.009782e-02;4.773054e-02;7.803693e-02;3.400802e-02;3.038406e-02;3.098648e-02;2.792058e-02;3.764386e-02
6.637689e-02;6.482501e-02;5.659084e-01;5.100104e-02;6.096829e-02;3.194681e-02;7.003879e-02;1.835685e-02;1.973573e-02;2.437992e-02;1.080427e-02;1.565790e-02
4.527888e-02;3.608725e-02;6.465564e-01;6.118138e-02;5.046657e-02;1.399692e-02;7.545654e-02;8.513421e-03;2.465793e-02;1.656660e-02;8.983312e-03;1.225475e-02
3.206569e-02;6.042160e-02;5.592815e-01;8.829353e-02;6.176479e-02;2.449983e-02;8.940492e-02;9.189091e-03;3.148083e-02;1.102225e-02;2.422355e-02;8.352443e-03
2.074737e-02;1.147472e-01;3.430015e-01;9.825637e-02;1.488434e-01;5.625331e-02;1.008853e-01;1.555103e-02;2.496788e-02;1.633712e-02;3.694300e-02;2.346644e-02
1.838716e-02;1.013044e-01;1.963528e-01;7.863179e-02;2.766739e-01;7.775148e-02;9.979183e-02;1.141157e-02;3.494589e-02;1.825082e-02;2.420737e-02;6.229107e-02
1.535583e-02;3.837150e-02;1.966065e-01;6.871380e-02;3.375489e-01;1.082966e-01;6.644770e-02;1.411727e-02;5.821548e-02;1.333518e-02;7.933248e-03;7.505810e-02
4.801085e-02;9.489524e-03;1.915150e-01;7.888885e-02;2.248091e-01;1.764203e-01;1.130022e-01;3.952263e-02;4.077607e-02;3.549884e-02;3.887702e-03;3.817884e-02
7.011320e-02;2.088962e-02;9.910288e-02;1.383197e-01;1.021420e-01;2.069923e-01;2.111854e-01;5.584624e-02;1.973243e-02;5.803996e-02;6.543762e-03;1.109259e-02
4.778439e-02;7.291602e-02;3.869274e-02;1.488197e-01;3.913999e-02;1.474298e-01;3.552228e-01;4.629536e-02;4.074408e-02;4.141491e-02;1.675292e-02;4.787250e-03
2.027446e-02;1.846622e-01;3.616681e-02;7.185657e-02;4.002659e-02;5.999862e-02;4.307495e-01;4.131715e-02;5.885424e-02;1.186775e-02;3.954929e-02;4.676799e-03
1.848027e-02;2.790554e-01;2.340585e-02;1.829012e-02;4.451866e-02;2.164162e-02;4.218450e-01;4.940997e-02;4.266634e-02;6.518349e-03;7.066596e-02;3.502402e-03
1.460717e-02;2.735693e-01;1.292604e-02;9.092907e-03;4.609834e-02;2.602133e-02;4.116273e-01;4.701853e-02;5.315134e-02;8.985233e-03;9.260572e-02;4.296782e-03
1.263915e-02;2.201074e-01;9.537769e-03;5.548572e-03;2.607185e-02;4.101807e-02;4.508307e-01;4.321994e-02;7.158480e-02;1.769895e-02;9.407891e-02;7.663806e-03
1.064088e-02;1.597539e-01;2.114577e-02;1.125833e-02;1.737057e-02;6.766879e-02;4.426717e-01;2.281161e-02;7.665955e-02;5.281128e-02;1.091299e-01;8.077729e-03
2.167980e-02;9.989361e-02;5.579504e-02;2.631077e-02;4.102933e-02;8.886284e-02;3.285881e-01;3.609585e-02;7.576790e-02;9.010429e-02;1.232905e-01;1.258199e-02
3.835198e-02;7.793719e-02;1.033223e-01;3.506372e-02;6.333098e-02;9.493676e-02;2.391054e-01;6.479224e-02;6.410894e-02;9.422259e-02;9.579791e-02;2.902997e-02
3.611955e-02;4.871872e-02;7.504080e-02;2.981970e-02;4.592179e-02;1.216835e-01;2.988593e-01;7.075359e-02;6.189081e-02;1.032740e-01;8.584419e-02;2.207409e-02
3.524917e-02;2.533825e-02;2.901571e-02;3.877893e-02;2.381146e-02;1.873762e-01;3.448237e-01;4.972832e-02;3.807771e-02;1.689599e-01;4.584114e-02;1.299956e-02
5.865128e-02;9.909426e-03;2.003864e-02;3.540445e-02;4.630337e-02;2.590654e-01;2.622310e-01;3.011773e-02;2.506983e-02;2.371756e-01;9.584642e-03;6.448602e-03
5.484105e-02;7.765341e-03;2.442391e-02;3.752097e-02;1.321099e-01;2.277065e-01;1.462245e-01;4.214323e-02;1.268713e-01;1.442994e-01;1.744257e-02;3.865129e-02
2.552779e-02;1.846566e-02;7.235777e-02;9.175234e-02;1.902510e-01;1.098325e-01;8.011960e-02;7.838426e-02;2.008053e-01;3.401826e-02;3.088559e-02;6.760002e-02
1.686124e-02;4.153353e-02;1.474990e-01;1.510814e-01;1.439938e-01;4.131885e-02;6.870268e-02;1.264343e-01;1.376815e-01;1.757843e-02;5.513079e-02;5.218451e-02
3.566261e-02;6.131791e-02;2.366319e-01;1.555514e-01;8.757008e-02;4.159046e-02;9.224872e-02;1.325576e-01;4.971362e-02;1.500783e-02;6.128177e-02;3.086607e-02
4.907513e-02;5.668059e-02;3.379638e-01;1.058699e-01;7.596365e-02;4.549840e-02;1.185983e-01;9.921303e-02;2.715887e-02;1.920483e-02;4.217856e-02;2.259498e-02
3.758939e-02;2.435491e-02;4.846590e-01;5.100899e-02;9.355092e-02;3.071866e-02;9.907714e-02;6.491496e-02;5.398533e-02;2.088975e-02;1.959326e-02;1.965766e-02
2.170148e-02;2.872256e-02;5.572955e-01;7.291450e-02;7.210369e-02;1.721450e-02;9.143727e-02;4.450217e-02;4.507846e-02;1.490922e-02;1.775526e-02;1.636538e-02
2.576590e-02;2.590532e-02;5.651268e-01;8.886237e-02;7.162160e-02;3.433711e-02;7.797793e-02;2.916145e-02;2.608534e-02;2.150227e-02;2.087376e-02;1.278011e-02
2.070319e-02;3.246184e-02;4.707944e-01;1.174867e-01;9.350774e-02;6.279249e-02;4.479842e-02;8.241715e-02;9.237646e-03;1.930040e-02;4.052373e-02;5.976302e-03
1.650018e-02;3.897656e-02;3.147210e-01;1.076845e-01;1.544126e-01;8.531929e-02;8.142599e-02;1.067154e-01;1.565466e-02;2.140117e-02;3.108473e-02;2.610396e-02
4.245140e-02;5.793057e-02;1.398567e-01;6.193295e-02;1.394986e-01;1.211660e-01;2.416455e-01;6.305683e-02;2.392436e-02;4.767493e-02;2.397378e-02;3.688846e-02
4.193746e-02;1.484323e-01;5.640393e-02;3.663077e-02;6.568310e-02;1.173654e-01;3.557401e-01;4.063435e-02;3.910020e-02;4.921020e-02;1.848245e-02;3.037971e-02
2.338582e-02;2.378259e-01;3.081800e-02;1.731816e-02;3.124671e-02;7.431638e-02;3.996417e-01;4.263564e-02;6.269473e-02;2.291000e-02;4.079570e-02;1.641138e-02
1.823700e-02;2.356738e-01;3.642701e-02;9.335320e-03;4.136160e-02;4.345689e-02;3.897375e-01;8.580328e-02;5.743291e-02;1.654042e-02;5.216204e-02;1.383223e-02
2.825300e-02;1.374668e-01;7.254238e-02;1.048125e-02;2.879145e-02;2.421332e-02;3.316907e-01;1.834731e-01;3.487501e-02;4.593474e-02;4.273431e-02;5.954401e-02
3.293406e-02;3.454913e-02;9.341696e-02;9.507349e-03;1.835445e-02;1.409007e-02;2.196750e-01;2.552301e-01;4.209105e-02;7.614312e-02;6.548943e-02;1.385193e-01
2.003316e-02;3.160777e-02;6.917422e-02;1.056570e-02;2.057653e-02;1.489001e-02;1.965099e-01;2.422822e-01;6.516505e-02;6.871724e-02;1.001231e-01;1.603551e-01
1.714815e-02;3.590719e-02;4.175771e-02;1.235069e-02;2.147154e-02;2.224913e-02;2.629435e-01;2.527708e-01;7.284178e-02;5.408021e-02;7.695762e-02;1.295218e-01
1.739985e-02;2.815659e-02;3.092045e-02;9.001987e-03;1.976162e-02;3.689737e-02;3.232917e-01;2.960678e-01;8.055076e-02;4.420899e-02;3.238177e-02;8.136113e-02
9.130334e-03;2.106859e-02;2.578668e-02;7.837149e-03;2.388620e-02;4.313712e-02;4.550607e-01;2.536031e-01;6.383523e-02;3.462179e-02;1.723407e-02;4.479907e-02
7.033038e-03;1.368805e-02;2.687794e-02;4.940358e-03;1.494856e-02;2.799410e-02;5.255736e-01;2.314677e-01;5.390000e-02;2.565323e-02;2.427969e-02;4.364378e-02
8.861176e-03;1.060233e-02;4.051616e-02;7.999241e-03;1.722624e-02;3.981028e-02;5.265341e-01;1.827809e-01;5.294308e-02;3.359230e-02;2.818570e-02;5.094847e-02
2.149059e-02;2.738523e-02;5.783906e-02;1.668448e-02;4.466105e-02;6.421963e-02;5.244558e-01;1.074171e-01;4.785018e-02;3.994577e-02;2.026017e-02;2.779095e-02
4.854626e-02;5.196318e-02;6.568261e-02;3.816495e-02;5.126034e-02;8.091792e-02;2.611775e-01;1.195780e-01;1.118464e-01;8.368284e-02;5.354491e-02;3.363509e-02
6.282459e-02;4.083958e-02;4.542680e-02;4.134461e-02;3.366749e-02;5.365952e-02;2.402934e-01;1.295201e-01;1.436984e-01;1.157149e-01;5.899425e-02;3.401647e-02
4.093714e-02;1.928471e-02;4.280971e-02;4.876975e-02;2.055801e-02;3.562369e-02;3.019280e-01;1.267861e-01;1.623837e-01;1.232520e-01;5.198741e-02;2.567993e-02
1.444513e-02;1.104536e-02;8.288594e-02;5.268122e-02;1.101994e-02;4.223020e-02;3.077087e-01;1.486330e-01;1.583681e-01;1.133208e-01;3.160307e-02;2.605852e-02
7.474239e-03;1.057645e-02;1.294853e-01;1.358809e-02;1.210881e-02;3.931818e-02;4.034690e-01;1.951599e-01;9.916423e-02;5.238267e-02;1.011402e-02;2.715906e-02
1.502217e-02;8.553061e-03;1.102800e-01;1.901216e-02;1.580941e-02;2.851071e-02;4.994908e-01;1.884652e-01;4.922174e-02;3.231002e-02;1.096449e-02;2.236023e-02
1.226236e-02;1.786943e-02;6.942231e-02;6.220157e-03;1.918939e-02;2.544249e-02;6.018421e-01;1.559278e-01;3.072270e-02;3.377934e-02;1.389712e-02;1.342487e-02
6.072040e-03;3.384985e-02;3.876285e-02;6.468993e-03;1.780660e-02;2.746958e-02;6.262866e-01;1.552167e-01;3.067526e-02;1.513112e-02;3.535352e-02;6.906928e-03
7.546269e-03;4.647442e-02;1.791665e-02;6.818960e-03;2.214749e-02;3.776474e-02;5.554937e-01;1.658168e-01;4.868453e-02;1.106054e-02;7.094815e-02;9.327710e-03
1.168933e-02;4.881511e-02;9.860244e-03;2.865630e-02;3.143922e-02;6.449138e-02;4.804133e-01;1.231330e-01;5.273132e-02;1.900680e-02;1.072597e-01;2.250437e-02
2.335800e-02;6.283766e-02;8.127225e-03;7.661750e-02;5.581481e-02;1.205774e-01;3.848952e-01;7.597725e-02;2.620661e-02;5.419540e-02;8.415397e-02;2.723896e-02
4.577285e-02;4.907884e-02;1.527668e-02;9.678607e-02;8.036287e-02;1.788117e-01;3.418651e-01;7.529046e-02;6.962827e-03;7.364824e-02;2.405562e-02;1.208877e-02
4.517132e-02;2.054894e-02;2.301215e-02;6.603507e-02;1.035966e-01;2.342073e-01;3.385207e-01;7.933307e-02;5.825520e-03;6.787822e-02;1.061149e-02;5.259677e-03
3.423595e-02;1.008633e-02;4.385474e-02;3.575858e-02;1.269494e-01;3.103115e-01;2.811537e-01;7.045928e-02;1.007489e-02;5.333856e-02;1.870122e-02;5.075819e-03
3.149445e-02;7.961925e-03;4.480346e-02;3.285486e-02;1.216525e-01;3.416150e-01;2.467742e-01;7.071838e-02;1.378495e-02;6.436414e-02;1.940363e-02;4.572531e-03
1.495541e-02;6.777161e-03;1.758265e-02;1.958724e-02;7.414514e-02;1.880284e-01;5.530401e-01;4.445679e-02;2.533362e-02;4.566161e-02;8.302336e-03;2.129536e-03
9.533482e-03;1.002014e-02;1.426732e-02;6.402418e-03;5.127526e-02;8.486054e-02;7.262348e-01;4.083508e-02;3.147692e-02;2.089129e-02;2.389543e-03;1.813229e-03
7.535018e-03;8.160090e-03;1.532230e-02;5.221337e-03;4.256792e-02;9.438497e-02;6.624139e-01;7.927363e-02;3.358309e-02;4.157395e-02;6.023927e-03;3.939814e-03
1.057372e-02;7.327509e-03;2.322085e-02;1.702817e-02;3.709364e-02;1.552328e-01;4.658123e-01;1.155921e-01;8.085767e-02;7.104725e-02;8.606362e-03;7.607638e-03
1.681417e-02;1.032259e-02;2.366940e-02;3.517580e-02;6.311040e-02;1.579657e-01;2.791979e-01;1.271020e-01;1.503509e-01;1.135856e-01;1.374020e-02;8.965247e-03
1.265272e-02;1.158802e-02;8.716227e-03;2.043523e-02;8.188369e-02;6.004247e-02;3.190244e-01;1.773642e-01;8.834867e-02;1.827112e-01;3.176896e-02;5.464259e-03
1.531211e-02;1.610409e-02;1.681216e-02;8.052398e-03;7.264999e-02;6.690814e-02;2.134489e-01;2.323369e-01;9.026319e-02;1.755209e-01;7.177237e-02;2.081881e-02
7.001320e-02;1.562029e-02;1.722418e-02;1.648859e-02;3.523805e-02;9.084246e-02;2.005085e-01;1.603458e-01;1.389267e-01;1.015700e-01;8.224404e-02;7.097819e-02
2.141698e-01;4.155537e-02;1.364491e-02;1.929146e-02;3.079313e-02;4.683208e-02;2.267698e-01;9.709264e-02;8.034553e-02;1.014522e-01;3.532417e-02;9.272894e-02
3.483252e-01;7.088943e-02;1.762460e-02;1.094649e-02;3.743579e-02;2.111299e-02;1.784095e-01;1.394690e-01;3.043572e-02;6.821451e-02;1.425602e-02;6.288071e-02
4.477428e-01;6.885160e-02;1.020085e-02;7.793448e-03;3.559798e-02;1.705598e-02;1.316803e-01;1.545351e-01;2.222817e-02;3.151666e-02;1.685843e-02;5.593878e-02
5.014307e-01;6.134273e-02;1.092783e-02;8.999805e-03;2.387198e-02;1.925439e-02;1.111442e-01;1.419131e-01;1.503574e-02;2.404742e-02;1.951862e-02;6.251349e-02
5.033366e-01;7.422091e-02;1.145919e-02;1.761419e-02;2.811159e-02;1.519320e-02;8.268998e-02;1.272638e-01;1.463123e-02;4.078029e-02;1.223659e-02;7.246242e-02
4.225101e-01;6.559645e-02;1.034893e-02;4.925933e-02;2.045159e-02;1.364644e-02;8.474183e-02;8.616184e-02;1.627339e-02;7.359552e-02;2.725327e-02;1.301613e-01
2.667007e-01;4.850793e-02;3.950104e-02;6.593892e-02;2.061018e-02;3.600074e-02;1.121842e-01;4.862919e-02;3.522641e-02;9.807920e-02;7.733008e-02;1.512914e-01
1.047740e-01;4.567465e-02;5.015302e-02;3.339314e-02;5.274368e-02;6.473612e-02;1.956549e-01;6.708147e-02;7.246288e-02;1.145298e-01;1.144119e-01;8.438452e-02
2.786017e-02;3.849623e-02;2.430683e-02;2.443416e-02;7.277042e-02;8.308761e-02;4.081972e-01;8.520056e-02;6.294511e-02;8.451475e-02;6.136683e-02;2.682015e-02
3.171289e-02;2.299158e-02;7.925747e-02;3.241216e-02;1.158456e-01;1.148807e-01;4.393888e-01;4.930111e-02;3.267584e-02;3.883579e-02;2.020764e-02;2.249033e-02
2.188163e-02;2.387825e-02;2.720813e-01;5.823606e-02;1.480811e-01;1.051806e-01;2.770392e-01;2.128637e-02;1.452662e-02;2.285508e-02;1.370478e-02;2.124905e-02
5.053781e-02;5.302622e-02;4.396318e-01;5.939775e-02;1.021536e-01;5.107329e-02;1.537772e-01;1.770481e-02;1.738795e-02;2.343949e-02;1.732820e-02;1.454190e-02
1.105447e-01;7.837485e-02;4.348181e-01;4.212989e-02;6.378137e-02;1.535187e-02;1.194901e-01;2.495029e-02;1.970548e-02;3.364251e-02;2.635444e-02;3.085644e-02
1.431264e-01;6.719255e-02;2.578731e-01;3.447535e-02;6.600370e-02;5.162580e-02;1.280063e-01;3.651408e-02;2.713880e-02;6.820835e-02;6.756388e-02;5.227167e-02
8.254834e-02;5.797799e-02;2.221609e-01;4.563186e-02;5.749227e-02;5.901351e-02;1.530117e-01;5.336067e-02;4.752927e-02;9.303643e-02;8.566969e-02;4.256732e-02
4.151927e-02;5.710616e-02;1.935495e-01;3.881613e-02;9.087123e-02;6.625983e-02;2.613744e-01;4.915934e-02;4.832005e-02;6.687797e-02;5.715952e-02;2.898647e-02
8.418053e-02;8.300858e-02;8.534540e-02;3.715046e-02;1.360986e-01;9.324910e-02;2.750176e-01;4.946340e-02;4.178930e-02;4.733304e-02;4.230681e-02;2.505717e-02
8.844934e-02;7.340936e-02;2.374812e-01;5.106739e-02;1.525234e-01;8.073454e-02;9.292149e-02;5.422836e-02;3.019275e-02;5.969448e-02;5.994460e-02;1.935314e-02
4.765506e-02;4.162045e-02;3.294299e-01;5.981974e-02;1.331740e-01;3.761958e-02;8.820809e-02;4.770008e-02;3.544115e-02;7.776745e-02;7.370669e-02;2.785782e-02
5.956494e-02;4.045038e-02;3.299564e-01;5.155862e-02;1.283439e-01;4.235005e-02;7.866330e-02;3.633011e-02;3.926773e-02;8.189071e-02;8.248079e-02;2.914311e-02
6.343111e-02;6.980754e-02;3.537546e-01;3.679313e-02;1.021934e-01;4.754047e-02;7.091849e-02;3.137526e-02;3.898729e-02;7.898739e-02;7.271938e-02;3.349204e-02
6.048321e-02;8.014008e-02;3.117417e-01;4.198890e-02;8.535521e-02;5.557529e-02;8.963494e-02;2.014746e-02;4.250729e-02;9.014255e-02;7.587676e-02;4.640665e-02
1.131215e-01;7.502428e-02;1.229767e-01;2.996624e-02;5.021011e-02;6.289810e-02;2.750082e-01;2.145019e-02;3.744249e-02;8.303995e-02;7.455201e-02;5.431022e-02
8.895716e-02;3.900504e-02;1.549637e-01;2.898660e-02;8.061405e-02;6.153910e-02;3.419503e-01;3.379984e-02;2.765104e-02;5.850582e-02;5.355095e-02;3.047638e-02
