6.043433e-02;9.370399e-02;1.417244e-01;1.267092e-01;5.289125e-02;1.159938e-01;7.320809e-02;1.664277e-01;6.849079e-02;2.670157e-02;3.177778e-02;4.193712e-02
9.384027e-02;6.244931e-02;6.179003e-02;6.783246e-02;8.593220e-02;1.478782e-01;7.663403e-02;1.474528e-01;7.897824e-02;5.440732e-02;4.899922e-02;7.380598e-02
1.142314e-01;3.835927e-02;4.495651e-02;8.562276e-02;9.647805e-02;1.497843e-01;6.582955e-02;1.524042e-01;7.107498e-02;6.221281e-02;4.511541e-02;7.393069e-02
1.228989e-01;2.967559e-02;4.850595e-02;1.151944e-01;8.543209e-02;1.388705e-01;8.991661e-02;1.383946e-01;6.387136e-02;7.745982e-02;2.500196e-02;6.477821e-02
9.434914e-02;5.210673e-02;6.276669e-02;1.569667e-01;6.374962e-02;1.402862e-01;1.041013e-01;9.975733e-02;7.245177e-02;8.567712e-02;2.450230e-02;4.328516e-02
3.079611e-02;5.368321e-02;9.765550e-02;2.013542e-01;6.753416e-02;1.334651e-01;8.109421e-02;5.762716e-02;8.205443e-02;8.329110e-02;7.010963e-02;4.133526e-02
4.094671e-02;5.369196e-02;1.325281e-01;1.987007e-01;8.384973e-02;5.849294e-02;6.693565e-02;3.358467e-02;5.646690e-02;1.083971e-01;1.020420e-01;6.436352e-02
5.200851e-02;6.184757e-02;1.104764e-01;1.369374e-01;6.809113e-02;7.547806e-02;1.379777e-01;6.749477e-02;4.232478e-02;8.143955e-02;1.029621e-01;6.296197e-02
6.057817e-02;9.030506e-02;1.034812e-01;1.146358e-01;6.396347e-02;7.647171e-02;1.559544e-01;8.609869e-02;3.167467e-02;8.232077e-02;8.500563e-02;4.951038e-02
4.878863e-02;1.144421e-01;1.416694e-01;8.513586e-02;7.842532e-02;7.805926e-02;1.556543e-01;7.348478e-02;3.413434e-02;7.749190e-02;8.144063e-02;3.127344e-02
4.489176e-02;9.410188e-02;1.618887e-01;7.696115e-02;9.593247e-02;9.908785e-02;1.301229e-01;5.718717e-02;2.937564e-02;7.504865e-02;1.078663e-01;2.753548e-02
6.454242e-02;5.824945e-02;1.307519e-01;9.185178e-02;1.049783e-01;9.817610e-02;8.211742e-02;7.028072e-02;2.270889e-02;1.374313e-01;1.076475e-01;3.126425e-02
1.092331e-01;6.298792e-02;1.318534e-01;7.332892e-02;8.516196e-02;7.378015e-02;6.764871e-02;8.238043e-02;3.022234e-02;1.653431e-01;7.689081e-02;4.116908e-02
1.178531e-01;5.181812e-02;1.793928e-01;1.190642e-01;6.974869e-02;8.949132e-02;8.264796e-02;4.589163e-02;4.815305e-02;1.232722e-01;2.864754e-02;4.401941e-02
8.911156e-02;5.480818e-02;1.010708e-01;1.788920e-01;4.303301e-02;1.343946e-01;8.310183e-02;8.359577e-02;7.766899e-02;8.827033e-02;3.553205e-02;3.052088e-02
8.598125e-02;5.719465e-02;7.518736e-02;1.191073e-01;3.674474e-02;9.944704e-02;8.489700e-02;9.070823e-02;8.801810e-02;1.076530e-01;7.860059e-02;7.646078e-02
4.064105e-02;6.860211e-02;8.379832e-02;5.634822e-02;4.242432e-02;9.858280e-02;8.433776e-02;1.398875e-01;6.727650e-02;8.355950e-02;9.339280e-02;1.411491e-01
4.341648e-02;6.832879e-02;6.823189e-02;5.735820e-02;3.840014e-02;1.125851e-01;9.311363e-02;1.780277e-01;5.406512e-02;5.312040e-02;8.010527e-02;1.532473e-01
8.532671e-02;7.072520e-02;6.905860e-02;6.640519e-02;5.552478e-02;1.135489e-01;1.053642e-01;1.549286e-01;4.837440e-02;4.209306e-02;7.738200e-02;1.112684e-01
7.915574e-02;8.998897e-02;8.308723e-02;4.946697e-02;8.059481e-02;1.346041e-01;1.180901e-01;8.106015e-02;5.495027e-02;6.436975e-02;1.062738e-01;5.835806e-02
5.441257e-02;1.455866e-01;7.760058e-02;3.107450e-02;8.685955e-02;1.387627e-01;9.004165e-02;8.384981e-02;5.029469e-02;9.983090e-02;1.107314e-01;3.095511e-02
3.634421e-02;2.344611e-01;5.666085e-02;3.462155e-02;8.650456e-02;1.280013e-01;4.975267e-02;1.110284e-01;3.702394e-02;1.228015e-01;6.780264e-02;3.499732e-02
4.110729e-02;2.380463e-01;3.245613e-02;3.618539e-02;9.419092e-02;1.022615e-01;2.007362e-02;1.427790e-01;2.296157e-02;1.499321e-01;7.017660e-02;4.982962e-02
1.597382e-02;2.114822e-01;1.981419e-02;2.725110e-02;1.218398e-01;6.273632e-02;1.925245e-02;1.755069e-01;2.502449e-02;1.958152e-01;7.675579e-02;4.854770e-02
2.487240e-02;1.706523e-01;3.544113e-02;3.516385e-02;1.315625e-01;6.912240e-02;2.428634e-02;1.874981e-01;3.101590e-02;2.106268e-01;5.497691e-02;2.478131e-02
1.818465e-02;7.597795e-02;6.900050e-02;2.845713e-02;1.044166e-01;1.509528e-01;3.302548e-02;1.614631e-01;3.286019e-02;1.825654e-01;1.210262e-01;2.207001e-02
3.177175e-02;2.642890e-02;8.784372e-02;1.867116e-02;8.794898e-02;2.500090e-01;2.662019e-02;1.048441e-01;4.318045e-02;1.433509e-01;1.601707e-01;1.916015e-02
3.923424e-02;2.510464e-02;1.000233e-01;2.628827e-02;8.695501e-02;3.110277e-01;2.934871e-02;6.634093e-02;5.440601e-02;1.036845e-01;1.420147e-01;1.557214e-02
3.943772e-02;1.334824e-02;9.996780e-02;3.379960e-02;9.807160e-02;3.006082e-01;3.709377e-02;9.843894e-02;7.147896e-02;8.262750e-02;1.140535e-01;1.107419e-02
2.945247e-02;3.315892e-02;7.096240e-02;3.862724e-02;8.257445e-02;2.177631e-01;4.001367e-02;1.632363e-01;8.130455e-02;1.101439e-01;1.149654e-01;1.779759e-02
2.163861e-02;3.896302e-02;8.350605e-02;3.861462e-02;5.601944e-02;9.377009e-02;3.641908e-02;2.091188e-01;1.058718e-01;1.851890e-01;9.967376e-02;3.121582e-02
4.493264e-02;4.149891e-02;8.872372e-02;3.191026e-02;6.583340e-02;1.417490e-01;3.179683e-02;1.909937e-01;8.799509e-02;1.906264e-01;5.978490e-02;2.415507e-02
5.094847e-02;5.032449e-02;7.432883e-02;2.514271e-02;8.658275e-02;1.718334e-01;4.505817e-02;1.623185e-01;8.305836e-02;1.908343e-01;4.245847e-02;1.711159e-02
5.085472e-02;7.698762e-02;6.721387e-02;2.811495e-02;9.627897e-02;1.594267e-01;5.998698e-02;1.395665e-01;1.124013e-01;1.698744e-01;3.258365e-02;6.710478e-03
4.147227e-02;7.203777e-02;5.435292e-02;4.225827e-02;6.685911e-02;1.705019e-01;6.025111e-02;1.564551e-01;1.218058e-01;1.357699e-01;6.759595e-02;1.063980e-02
1.736782e-02;6.632025e-02;5.526774e-02;4.392983e-02;8.034862e-02;2.072587e-01;7.466287e-02;1.455226e-01;1.016193e-01;1.275781e-01;5.068481e-02;2.943939e-02
2.067031e-02;4.932840e-02;7.569968e-02;2.929443e-02;4.619438e-02;2.121491e-01;1.629177e-01;1.525138e-01;8.422399e-02;9.774886e-02;3.146400e-02;3.779529e-02
2.588557e-02;6.732716e-02;8.751324e-02;2.713102e-02;3.642260e-02;1.912606e-01;2.000757e-01;1.201896e-01;1.111080e-01;5.411552e-02;4.545593e-02;3.351503e-02
2.671520e-02;5.449608e-02;8.332410e-02;1.786579e-02;3.434067e-02;1.996334e-01;2.516017e-01;7.180852e-02;1.167026e-01;3.153941e-02;6.904435e-02;4.292817e-02
1.820769e-02;3.037164e-02;8.276646e-02;8.945339e-03;2.172618e-02;3.046350e-01;2.662633e-01;4.626175e-02;9.346706e-02;1.979912e-02;7.912514e-02;2.843131e-02
1.625489e-02;2.308399e-02;7.186300e-02;1.386560e-02;3.854408e-02;3.617162e-01;2.194535e-01;3.888774e-02;6.776277e-02;3.666282e-02;9.340836e-02;1.849703e-02
1.439422e-02;5.300936e-02;4.466743e-02;2.178833e-02;8.848008e-02;3.121405e-01;1.327496e-01;6.558844e-02;6.102942e-02;9.495839e-02;9.965162e-02;1.154260e-02
3.434000e-02;6.965899e-02;2.410997e-02;3.739255e-02;1.263368e-01;2.228501e-01;4.669310e-02;8.863667e-02;9.112537e-02;1.712702e-01;7.758761e-02;9.998539e-03
6.034070e-02;5.501695e-02;3.874290e-02;7.588096e-02;9.802134e-02;1.223609e-01;6.620216e-02;8.124759e-02;1.366243e-01;1.898950e-01;4.260842e-02;3.305881e-02
5.220686e-02;3.398782e-02;6.622337e-02;8.128469e-02;5.308226e-02;1.704776e-01;9.072241e-02;1.520221e-01;1.314275e-01;5.908688e-02;5.621173e-02;5.326672e-02
2.022284e-02;2.590288e-02;7.646264e-02;4.914406e-02;7.744824e-02;2.361667e-01;1.119931e-01;1.545221e-01;6.133761e-02;1.112400e-01;3.223707e-02;4.332278e-02
8.235633e-03;2.600235e-02;7.875042e-02;3.629652e-02;7.169940e-02;2.245435e-01;9.330433e-02;1.239050e-01;4.811937e-02;1.615960e-01;8.702219e-02;4.052531e-02
1.466414e-02;3.408131e-02;5.748950e-02;4.488113e-02;8.863226e-02;2.164609e-01;7.764206e-02;1.342295e-01;6.613380e-02;1.604341e-01;6.458253e-02;4.076881e-02
2.019563e-02;5.785612e-02;4.418595e-02;5.185105e-02;7.833778e-02;1.857008e-01;9.456079e-02;1.327872e-01;1.035415e-01;1.429539e-01;5.091812e-02;3.711120e-02
2.171984e-02;9.783597e-02;9.539291e-02;4.258825e-02;2.052336e-02;2.528713e-01;7.213723e-02;1.076646e-01;8.242005e-02;1.082062e-01;8.399857e-02;1.464172e-02
2.748384e-02;9.762938e-02;9.359406e-02;2.564822e-02;4.522002e-02;3.278038e-01;3.565120e-02;9.639363e-02;7.486731e-02;7.303906e-02;9.210280e-02;1.056666e-02
2.427922e-02;6.184652e-02;7.295120e-02;1.838852e-02;4.586959e-02;3.958094e-01;9.940352e-02;7.836787e-02;7.576779e-02;2.180701e-02;9.894096e-02;6.568399e-03
1.232466e-02;3.518029e-02;4.677343e-02;1.588966e-02;6.567954e-02;3.783064e-01;1.122980e-01;8.115600e-02;5.602251e-02;1.104884e-01;8.026989e-02;5.611153e-03
1.439815e-02;2.524704e-02;5.355718e-02;2.394350e-02;8.032501e-02;2.559175e-01;1.708645e-01;1.070037e-01;4.794222e-02;1.528641e-01;6.092126e-02;7.015851e-03
2.199206e-02;2.701334e-02;5.843216e-02;2.883098e-02;8.311553e-02;2.286852e-01;1.876465e-01;1.331106e-01;4.644210e-02;1.568987e-01;1.955014e-02;8.282563e-03
1.841239e-02;3.305679e-02;6.594341e-02;2.681678e-02;9.674013e-02;1.503803e-01;1.492923e-01;1.560614e-01;5.972307e-02;1.544015e-01;4.832029e-02;4.085168e-02
7.440846e-02;6.113371e-02;6.488567e-02;2.478212e-02;1.156928e-01;1.257159e-01;1.082700e-01;1.167816e-01;6.690241e-02;1.309394e-01;3.552621e-02;7.496175e-02
1.839736e-01;5.924242e-02;4.274228e-02;8.891958e-02;1.153030e-01;9.503077e-02;3.663256e-02;8.356179e-02;1.080213e-01;1.224601e-01;3.789182e-02;2.622067e-02
2.250384e-01;4.505668e-02;3.413093e-02;1.333494e-01;1.140875e-01;6.874360e-02;5.320306e-02;6.747790e-02;1.153094e-01;9.513417e-02;1.842230e-02;3.004662e-02
2.441678e-01;5.296222e-02;3.072618e-02;1.931880e-01;1.434214e-01;3.180174e-02;5.874655e-02;4.656110e-02;1.078287e-01;6.591500e-02;6.789976e-03;1.789120e-02
2.271350e-01;4.866323e-02;3.034519e-02;2.546222e-01;1.601739e-01;3.797222e-02;5.629162e-02;3.697573e-02;9.412889e-02;3.195172e-02;5.383593e-03;1.635677e-02
1.852995e-01;2.597451e-02;1.851282e-02;3.266706e-01;1.888731e-01;3.158598e-02;4.033273e-02;3.206685e-02;1.001247e-01;3.169285e-02;1.147927e-02;7.387125e-03
1.186940e-01;1.312511e-02;2.539062e-02;3.553253e-01;1.901051e-01;1.894718e-02;9.153361e-02;3.145568e-02;1.088564e-01;2.593967e-02;1.480742e-02;5.819955e-03
7.788549e-02;1.186411e-02;4.121142e-02;3.330884e-01;1.201989e-01;3.777603e-02;1.738340e-01;4.891191e-02;1.127346e-01;1.353266e-02;1.783461e-02;1.112792e-02
5.844557e-02;1.980766e-02;4.651875e-02;2.755158e-01;8.844446e-02;3.363868e-02;2.023989e-01;5.539376e-02;1.160081e-01;7.426161e-02;1.175557e-02;1.781103e-02
2.931131e-02;4.886952e-02;6.232203e-02;1.845427e-01;1.705278e-01;2.769428e-02;1.314442e-01;4.018188e-02;8.900485e-02;1.391606e-01;4.333777e-02;3.360299e-02
3.754907e-02;5.714507e-02;6.835625e-02;1.561960e-01;1.892169e-01;9.767858e-02;5.204693e-02;5.068040e-02;5.308524e-02;1.135651e-01;9.653478e-02;2.794567e-02
9.183460e-02;4.880821e-02;6.305324e-02;1.554002e-01;1.381132e-01;1.551530e-01;5.156874e-02;4.838665e-02;5.053961e-02;5.560586e-02;1.296824e-01;1.185428e-02
1.400190e-01;5.778982e-02;5.142875e-02;1.358446e-01;6.409587e-02;1.592502e-01;7.377903e-02;4.956106e-02;6.842282e-02;5.233190e-02;1.159311e-01;3.154590e-02
1.521635e-01;6.505983e-02;3.825734e-02;1.101798e-01;8.580258e-02;1.259990e-01;8.656619e-02;4.972969e-02;9.303235e-02;6.986792e-02;8.013872e-02;4.320304e-02
1.374026e-01;3.994082e-02;4.345456e-02;7.154434e-02;9.224067e-02;1.001692e-01;9.115054e-02;9.841603e-02;1.150932e-01;1.005177e-01;6.939261e-02;4.067770e-02
1.263987e-01;5.519971e-02;4.068888e-02;1.080171e-01;1.359442e-01;6.401920e-02;6.629803e-02;9.167887e-02;1.025669e-01;6.520457e-02;9.859319e-02;4.539063e-02
1.006050e-01;2.711220e-02;4.119845e-02;1.705434e-01;1.512874e-01;1.012420e-01;4.769835e-02;6.867164e-02;1.028721e-01;1.005098e-01;6.218423e-02;2.607534e-02
7.936051e-02;1.549216e-02;3.162694e-02;2.054740e-01;1.707980e-01;1.179194e-01;5.351874e-02;7.212599e-02;9.920898e-02;1.168870e-01;2.065273e-02;1.693559e-02
7.979591e-02;1.455955e-02;2.786657e-02;1.737284e-01;1.593128e-01;9.759554e-02;5.385916e-02;7.796474e-02;1.079298e-01;1.738143e-01;1.914733e-02;1.442585e-02
7.390866e-02;1.133435e-02;4.022215e-02;1.360239e-01;1.136858e-01;6.343754e-02;1.046115e-01;9.390280e-02;1.513653e-01;1.737005e-01;2.300104e-02;1.480639e-02
6.020740e-02;1.196682e-02;3.987556e-02;1.216018e-01;7.085171e-02;4.820949e-02;1.775627e-01;1.236422e-01;1.597468e-01;1.454391e-01;2.076557e-02;2.013095e-02
3.466951e-02;2.335375e-02;6.677979e-02;1.104253e-01;8.770165e-02;8.205926e-02;1.885016e-01;1.152902e-01;1.402770e-01;1.125389e-01;2.261567e-02;1.578734e-02
3.222678e-02;6.834070e-02;1.074097e-01;1.026236e-01;8.042684e-02;9.080792e-02;1.595806e-01;1.306295e-01;9.998313e-02;9.499706e-02;2.152814e-02;1.144602e-02
4.293285e-02;1.090679e-01;1.582180e-01;8.472357e-02;5.823975e-02;7.260318e-02;1.413891e-01;1.445908e-01;8.184948e-02;7.776039e-02;1.889294e-02;9.731971e-03
6.178474e-02;1.284625e-01;1.597282e-01;8.279177e-02;6.208486e-02;7.927229e-02;1.417151e-01;1.303842e-01;6.609985e-02;4.594509e-02;2.742330e-02;1.430814e-02
6.852176e-02;1.381091e-01;1.490189e-01;9.267976e-02;7.839231e-02;1.017873e-01;7.976364e-02;1.006365e-01;8.193525e-02;6.221275e-02;2.989548e-02;1.704717e-02
5.206240e-02;1.012691e-01;1.230110e-01;1.123323e-01;1.081143e-01;1.015567e-01;7.510409e-02;9.498040e-02;1.408074e-01;6.386998e-02;1.419702e-02;1.269525e-02
3.601633e-02;4.053050e-02;9.717818e-02;1.455526e-01;1.714268e-01;9.224781e-02;7.856780e-02;7.502024e-02;1.665979e-01;6.003162e-02;2.438607e-02;1.244409e-02
2.627731e-02;2.463940e-02;8.128268e-02;1.572945e-01;1.948682e-01;9.059741e-02;5.270155e-02;9.003269e-02;1.477285e-01;8.541520e-02;3.229199e-02;1.687047e-02
3.764439e-02;3.027504e-02;5.886798e-02;1.688980e-01;2.081624e-01;8.444919e-02;3.700417e-02;1.013349e-01;1.384076e-01;8.551436e-02;3.111188e-02;1.833015e-02
4.005443e-02;4.309025e-02;5.765956e-02;1.729281e-01;1.913071e-01;7.135034e-02;5.410074e-02;1.098606e-01;1.522402e-01;6.038182e-02;3.167627e-02;1.535055e-02
2.438065e-02;4.312534e-02;6.137627e-02;1.190446e-01;9.055987e-02;1.334928e-01;1.428019e-01;1.038851e-01;1.992989e-01;5.166034e-02;1.744268e-02;1.293157e-02
4.048650e-02;4.980745e-02;5.618721e-02;1.011035e-01;8.457156e-02;1.129792e-01;1.671285e-01;8.864265e-02;2.084567e-01;6.615797e-02;8.790764e-03;1.568790e-02
4.720221e-02;9.196445e-02;8.199774e-02;1.018946e-01;1.150905e-01;7.948640e-02;1.284881e-01;8.964624e-02;1.550625e-01;8.263138e-02;9.984131e-03;1.655175e-02
5.542251e-02;1.679673e-01;1.013678e-01;1.314658e-01;8.412705e-02;7.697438e-02;1.045375e-01;7.844254e-02;9.267434e-02;5.538885e-02;1.249870e-02;3.913324e-02
5.326440e-02;1.620003e-01;1.178849e-01;1.339096e-01;8.800112e-02;9.323720e-02;1.273241e-01;5.931939e-02;5.126632e-02;2.515563e-02;2.971313e-02;5.892383e-02
4.179528e-02;1.041545e-01;1.717093e-01;8.737452e-02;7.732502e-02;1.630065e-01;1.559039e-01;3.933182e-02;4.090580e-02;2.108287e-02;4.905359e-02;4.835692e-02
3.687755e-02;5.691855e-02;2.226758e-01;4.732773e-02;3.671334e-02;2.638588e-01;1.659867e-01;2.737181e-02;3.733695e-02;1.824515e-02;5.994185e-02;2.674573e-02
3.641395e-02;2.371669e-02;2.265972e-01;2.175464e-02;3.234211e-02;3.442527e-01;1.734729e-01;1.287803e-02;3.868688e-02;1.404164e-02;5.909467e-02;1.674857e-02
2.970499e-02;2.158424e-02;1.630656e-01;3.014189e-02;5.202549e-02;3.120299e-01;2.588046e-01;2.610939e-02;3.339834e-02;1.001582e-02;4.263477e-02;2.048491e-02
1.929935e-02;6.779154e-02;8.455894e-02;3.679321e-02;4.889065e-02;2.203656e-01;3.651778e-01;4.174025e-02;2.042190e-02;6.086752e-03;2.499713e-02;6.387685e-02
1.250845e-02;1.250225e-01;2.943517e-02;6.100672e-02;3.389702e-02;1.381307e-01;3.905477e-01;5.512622e-02;1.315911e-02;1.301931e-02;1.963036e-02;1.085167e-01
2.477432e-02;1.469206e-01;2.803670e-02;7.819153e-02;4.529792e-02;8.350996e-02;3.267128e-01;7.256091e-02;2.419075e-02;2.285857e-02;3.299027e-02;1.139557e-01
6.439548e-02;1.329325e-01;4.303895e-02;7.665710e-02;7.306518e-02;6.756575e-02;2.377983e-01;9.863875e-02;4.440396e-02;3.959797e-02;3.551016e-02;8.639593e-02
1.421415e-01;1.152514e-01;6.033948e-02;5.065333e-02;7.242367e-02;4.221735e-02;1.384891e-01;1.217841e-01;4.405003e-02;4.152538e-02;4.170893e-02;1.294157e-01
1.824901e-01;1.057276e-01;8.860625e-02;4.708411e-02;6.812068e-02;3.380735e-02;9.206109e-02;1.532083e-01;4.411536e-02;2.818338e-02;5.911857e-02;9.747718e-02
1.710753e-01;1.164591e-01;1.103112e-01;3.357685e-02;7.144390e-02;3.029311e-02;1.121008e-01;1.404130e-01;5.023959e-02;3.835018e-02;5.921158e-02;6.652535e-02
8.946367e-02;8.417100e-02;1.001976e-01;7.814354e-02;7.378861e-02;5.605149e-02;1.808565e-01;9.231012e-02;5.488990e-02;5.743688e-02;6.310034e-02;6.959037e-02
7.862496e-02;6.077652e-02;9.740636e-02;8.482850e-02;7.535614e-02;1.101371e-01;2.125485e-01;7.968119e-02;6.286656e-02;3.713535e-02;4.191529e-02;5.872348e-02
8.278996e-02;6.534850e-02;1.135118e-01;7.989352e-02;7.617415e-02;1.436226e-01;1.769934e-01;6.626410e-02;5.399200e-02;2.474111e-02;3.038340e-02;8.628552e-02
5.943909e-02;9.755557e-02;1.382008e-01;7.813646e-02;6.132713e-02;2.006600e-01;1.000558e-01;6.394739e-02;4.116438e-02;2.671822e-02;2.581152e-02;1.069836e-01
7.878919e-02;1.139978e-01;1.066808e-01;5.515977e-02;4.548523e-02;2.093963e-01;1.484150e-01;5.370262e-02;3.037999e-02;2.422982e-02;3.187233e-02;1.018913e-01
8.074874e-02;7.345822e-02;8.914729e-02;5.790468e-02;4.150361e-02;2.313802e-01;2.103931e-01;6.044294e-02;2.605492e-02;3.380297e-02;2.125405e-02;7.390930e-02
5.731069e-02;9.676465e-02;1.089279e-01;4.799112e-02;4.273236e-02;1.577114e-01;2.317711e-01;4.825466e-02;3.913159e-02;6.159434e-02;7.014766e-02;3.766257e-02
6.287804e-02;2.048240e-01;1.513060e-01;4.173082e-02;2.762835e-02;7.175770e-02;1.019247e-01;8.870072e-02;9.406720e-02;5.704979e-02;6.233735e-02;3.579539e-02
7.298537e-02;2.974160e-01;1.526925e-01;3.256761e-02;1.530021e-02;7.267518e-02;2.528747e-02;8.226234e-02;1.456082e-01;3.002950e-02;4.016841e-02;3.300723e-02
5.283413e-02;3.191834e-01;1.266205e-01;2.467819e-02;9.136377e-03;5.848649e-02;4.540604e-02;1.218412e-01;1.684217e-01;2.981460e-02;2.159845e-02;2.197888e-02
4.576067e-02;2.673469e-01;9.165085e-02;1.584407e-02;1.566902e-02;4.246087e-02;7.401181e-02;2.622947e-01;1.499388e-01;1.639741e-02;8.747175e-03;9.877743e-03
5.545878e-02;1.949660e-01;4.637736e-02;1.025324e-02;2.664897e-02;4.321186e-02;1.619565e-01;3.309630e-01;9.384366e-02;1.515666e-02;1.180338e-02;9.360666e-03
9.185441e-02;1.775640e-01;7.876974e-02;1.288859e-02;3.752645e-02;6.151787e-02;1.700202e-01;3.006472e-01;3.473034e-02;9.206192e-03;1.462312e-02;1.065195e-02
1.288602e-01;1.426945e-01;9.531623e-02;1.355488e-02;4.079149e-02;6.858883e-02;8.410639e-02;2.953781e-01;5.034783e-02;2.074034e-02;1.763566e-02;4.198547e-02
1.017524e-01;1.043909e-01;7.201053e-02;4.119205e-02;2.522642e-02;8.444682e-02;1.278176e-01;2.804655e-01;5.622354e-02;1.882596e-02;1.422986e-02;7.341845e-02
5.997323e-02;7.192634e-02;6.207017e-02;8.414064e-02;2.136579e-02;7.046991e-02;2.224207e-01;2.202689e-01;4.801028e-02;3.830253e-02;1.355843e-02;8.749310e-02
4.111946e-02;7.350605e-02;6.694568e-02;9.466956e-02;2.893282e-02;8.518054e-02;2.677536e-01;1.732873e-01;4.697161e-02;3.425794e-02;1.164765e-02;7.572775e-02
3.563749e-02;1.014331e-01;6.548777e-02;5.496212e-02;3.111166e-02;1.534511e-01;2.145233e-01;1.461646e-01;9.120028e-02;1.390706e-02;4.257566e-02;4.954578e-02
3.348716e-02;1.260750e-01;7.879581e-02;2.343649e-02;3.463088e-02;2.003155e-01;1.192889e-01;1.232053e-01;1.358490e-01;2.242213e-02;5.582137e-02;4.667243e-02
2.033957e-02;1.215818e-01;8.678895e-02;2.368559e-02;2.650137e-02;1.946736e-01;6.500336e-02;1.148837e-01;1.683060e-01;6.549670e-02;6.464655e-02;4.809275e-02
1.143084e-02;9.573389e-02;6.559998e-02;2.832309e-02;3.362085e-02;1.202858e-01;8.228695e-02;1.589653e-01;1.592867e-01;1.405665e-01;4.940893e-02;5.449115e-02
2.482418e-02;1.071600e-01;8.288356e-02;2.938276e-02;3.170376e-02;8.122605e-02;9.651363e-02;1.613503e-01;1.638336e-01;1.142978e-01;3.443365e-02;7.239066e-02
4.341752e-02;1.089803e-01;8.306336e-02;4.084635e-02;1.422435e-02;1.147158e-01;1.217753e-01;1.398572e-01;1.923371e-01;2.569316e-02;4.711179e-02;6.797763e-02
4.996230e-02;1.407637e-01;1.062434e-01;4.053198e-02;1.549280e-02;1.201565e-01;1.116995e-01;1.461222e-01;1.288807e-01;4.184408e-02;5.605439e-02;4.224838e-02
5.108447e-02;1.659392e-01;1.719708e-01;5.080897e-02;2.590994e-02;1.111052e-01;5.534645e-02;1.670724e-01;8.193166e-02;4.449456e-02;3.819860e-02;3.613779e-02
4.824708e-02;1.994755e-01;1.417859e-01;4.323418e-02;4.109193e-02;7.792256e-02;1.297302e-02;1.736573e-01;1.102518e-01;7.862342e-02;3.711140e-02;3.562601e-02
4.326465e-02;2.255267e-01;1.242182e-01;3.989885e-02;3.941884e-02;7.078420e-02;7.473481e-02;1.437279e-01;1.083296e-01;5.485382e-02;4.571318e-02;2.952923e-02
7.842128e-02;2.458544e-01;1.386809e-01;3.640318e-02;2.302949e-02;7.855441e-02;9.362083e-02;1.045291e-01;1.028247e-01;3.342245e-02;4.222707e-02;2.243222e-02
8.472522e-02;2.385159e-01;1.567849e-01;2.765817e-02;1.388418e-02;5.833169e-02;7.656776e-02;1.536988e-01;9.973393e-02;3.483190e-02;3.555127e-02;1.971632e-02
6.818084e-02;2.321264e-01;1.586190e-01;2.856572e-02;2.817548e-02;8.721791e-02;5.468141e-02;1.549335e-01;1.079003e-01;2.452566e-02;2.864148e-02;2.643226e-02
5.364444e-02;1.536187e-01;1.208076e-01;5.756071e-02;5.199488e-02;1.263713e-01;1.565125e-01;8.245242e-02;6.823691e-02;4.968568e-02;4.082598e-02;3.828891e-02
5.943711e-02;1.030326e-01;1.609537e-01;4.323794e-02;8.749122e-02;9.794229e-02;1.440743e-01;1.243753e-01;6.554076e-02;4.491103e-02;4.449104e-02;2.451259e-02
2.423474e-02;9.985694e-02;1.785676e-01;1.461555e-01;7.633578e-02;9.502821e-02;1.191695e-01;1.011558e-01;5.011208e-02;2.117362e-02;4.473417e-02;4.347609e-02
3.353769e-02;9.472367e-02;1.611922e-01;2.017991e-01;1.128430e-01;7.878207e-02;8.885069e-02;7.881628e-02;5.826227e-02;2.544183e-02;3.007055e-02;3.568057e-02
3.553361e-02;5.299816e-02;1.503892e-01;2.309631e-01;1.231152e-01;1.041882e-01;6.840397e-02;9.633030e-02;6.646679e-02;2.099658e-02;1.493045e-02;3.568447e-02
1.863043e-02;4.069796e-02;2.002994e-01;1.755496e-01;1.099451e-01;1.454296e-01;3.987900e-02;1.465957e-01;5.190618e-02;9.722688e-03;1.623808e-02;4.510623e-02
3.812995e-03;9.955613e-02;2.128270e-01;8.133729e-02;1.506507e-01;1.239954e-01;6.122398e-02;1.678141e-01;2.257139e-02;6.276226e-03;3.501076e-02;3.492406e-02
1.582281e-02;1.454385e-01;1.282787e-01;5.333489e-02;1.679154e-01;9.130991e-02;1.654168e-01;1.452601e-01;2.331537e-02;7.054024e-03;5.205639e-02;4.797025e-03
2.438483e-02;1.443826e-01;5.395557e-02;1.335009e-01;9.916691e-02;1.070447e-01;2.133304e-01;1.073453e-01;2.666218e-02;1.883935e-02;5.159937e-02;1.978776e-02
2.845160e-02;1.118916e-01;5.805857e-02;2.510461e-01;3.257112e-02;1.635757e-01;1.713148e-01;5.079941e-02;1.826471e-02;4.567850e-02;4.643746e-02;2.191051e-02
5.975113e-02;6.778657e-02;5.214214e-02;3.238935e-01;2.610368e-02;1.913135e-01;8.187100e-02;6.697239e-02;1.940348e-02;7.983521e-02;1.993341e-02;1.099397e-02
7.083377e-02;6.608319e-02;6.095302e-02;3.120805e-01;2.656779e-02;1.845804e-01;7.943916e-02;6.369589e-02;1.828996e-02;9.103169e-02;2.072077e-02;5.723817e-03
8.210675e-02;1.046048e-01;7.987963e-02;2.249650e-01;2.773350e-02;1.733460e-01;1.255784e-01;4.591615e-02;2.047253e-02;7.286926e-02;2.695232e-02;1.557558e-02
8.447780e-02;1.671246e-01;6.958868e-02;1.092327e-01;3.065139e-02;1.191281e-01;1.759925e-01;5.614069e-02;2.245795e-02;6.013133e-02;8.988054e-02;1.519371e-02
5.816344e-02;2.048621e-01;9.676746e-02;3.646501e-02;3.555608e-02;6.885704e-02;1.608598e-01;9.711255e-02;2.365029e-02;3.775785e-02;1.630569e-01;1.689140e-02
3.917157e-02;1.536227e-01;1.549217e-01;2.426358e-02;3.197614e-02;4.327110e-02;9.919617e-02;1.626294e-01;3.074118e-02;1.912211e-02;1.741286e-01;6.695567e-02
4.526003e-02;6.519384e-02;1.569006e-01;7.031956e-02;2.676791e-02;4.456547e-02;3.822076e-02;1.774972e-01;9.942526e-02;4.857802e-02;1.439150e-01;8.335630e-02
4.660821e-02;4.040111e-02;9.517454e-02;1.111769e-01;7.645168e-02;6.369226e-02;2.652088e-02;1.609683e-01;1.661342e-01;7.225551e-02;9.324736e-02;4.736896e-02
2.890596e-02;6.006111e-02;3.661045e-02;1.115133e-01;1.244312e-01;1.301130e-01;7.315312e-02;1.178618e-01;1.573706e-01;7.623462e-02;7.290698e-02;1.083792e-02
2.521508e-02;4.833210e-02;5.318461e-02;9.453867e-02;8.978100e-02;2.087703e-01;1.263054e-01;8.450736e-02;1.096102e-01;5.908431e-02;6.617301e-02;3.449797e-02
4.427731e-02;5.045686e-02;8.395868e-02;1.101550e-01;4.392013e-02;1.769057e-01;1.529102e-01;1.257406e-01;7.553355e-02;4.703352e-02;4.509320e-02;4.401525e-02
7.488731e-02;1.473746e-01;9.073031e-02;9.713013e-02;9.017090e-02;4.911211e-02;7.011392e-02;2.033605e-01;8.402786e-02;4.566440e-02;2.264370e-02;2.478427e-02
6.333968e-02;2.382576e-01;9.033454e-02;6.569877e-02;6.004515e-02;6.345672e-02;4.442974e-02;1.413839e-01;1.348552e-01;6.949612e-02;1.152782e-02;1.717474e-02
3.973251e-02;2.792170e-01;1.607801e-01;4.572722e-02;3.142257e-02;6.182334e-02;3.546421e-02;7.645024e-02;1.485944e-01;1.041826e-01;6.364341e-03;1.024148e-02
2.220742e-02;2.389260e-01;2.679626e-01;2.738233e-02;2.097101e-02;4.958668e-02;2.613530e-02;7.402450e-02;1.100426e-01;1.476942e-01;9.318539e-03;5.748758e-03
2.225477e-02;1.670179e-01;3.404108e-01;2.716378e-02;2.013757e-02;4.502990e-02;3.395946e-02;6.488483e-02;6.686959e-02;1.873723e-01;1.959972e-02;5.299346e-03
2.264578e-02;1.651697e-01;3.642590e-01;3.989502e-02;2.808450e-02;5.634550e-02;1.475445e-02;4.793445e-02;5.111218e-02;1.745614e-01;2.290558e-02;1.233236e-02
3.284167e-02;2.273729e-01;3.083521e-01;6.059356e-02;3.280034e-02;4.257920e-02;3.726761e-02;4.072197e-02;6.976315e-02;1.080534e-01;1.330991e-02;2.634420e-02
5.392535e-02;2.370129e-01;2.540554e-01;8.349194e-02;2.819425e-02;7.453839e-02;4.232785e-02;5.904602e-02;8.209472e-02;4.036678e-02;1.374957e-02;3.119693e-02
6.776044e-02;1.826004e-01;2.065645e-01;9.915518e-02;4.857753e-02;1.258801e-01;2.617094e-02;1.051102e-01;6.723971e-02;2.711663e-02;1.118037e-02;3.264400e-02
