4.100005e-02;1.169080e-01;1.676378e-01;8.665282e-02;6.571667e-02;5.184146e-02;9.780840e-02;1.002469e-01;7.603937e-02;1.014844e-01;8.493104e-02;9.732985e-03
2.692466e-02;8.291490e-02;1.408550e-01;8.900274e-02;1.076321e-01;1.850420e-01;4.582480e-02;8.257782e-02;5.447295e-02;7.425288e-02;7.587977e-02;3.462040e-02
1.264268e-02;3.862421e-02;7.591121e-02;6.405478e-02;1.687197e-01;3.860384e-01;1.815586e-02;6.568208e-02;3.301049e-02;3.271723e-02;5.253664e-02;5.190668e-02
8.876442e-03;6.603596e-03;3.060457e-02;1.919220e-02;2.015945e-01;5.534050e-01;4.377437e-02;5.219641e-02;1.660923e-02;8.003074e-03;1.721109e-02;4.192952e-02
1.361812e-02;9.824250e-03;3.120876e-02;2.670455e-02;2.259856e-01;5.641047e-01;1.976399e-02;4.426272e-02;1.301225e-02;1.130867e-02;2.598740e-03;3.760762e-02
2.192734e-02;9.015094e-03;3.337644e-02;4.899614e-02;2.274939e-01;5.479949e-01;1.268619e-02;2.013822e-02;1.606611e-02;5.745498e-03;3.938120e-03;5.262210e-02
3.861877e-02;9.229541e-03;3.102286e-02;5.316486e-02;1.637033e-01;6.037311e-01;1.365535e-02;1.962633e-02;1.331080e-02;5.638951e-03;3.766611e-03;4.453154e-02
4.155485e-02;1.453430e-02;2.004804e-02;3.462250e-02;7.398644e-02;6.807166e-01;3.519509e-02;5.237986e-02;8.251625e-03;1.017127e-02;7.151658e-03;2.138774e-02
3.420921e-02;2.750371e-02;1.065219e-02;1.112965e-02;3.670399e-02;6.536810e-01;9.742235e-02;9.101219e-02;9.605182e-03;1.298376e-02;6.726128e-03;8.370655e-03
2.168229e-02;4.272047e-02;1.455622e-02;1.303220e-02;4.478309e-02;4.989569e-01;1.866398e-01;1.429049e-01;9.392277e-03;8.986201e-03;6.174594e-03;1.017095e-02
7.341744e-03;4.724882e-02;2.653140e-02;1.463061e-02;4.735649e-02;3.536729e-01;1.995314e-01;2.587747e-01;2.406259e-02;4.783007e-03;8.142774e-03;7.923638e-03
7.101468e-03;3.398717e-02;5.619260e-02;8.006658e-03;3.726047e-02;2.570202e-01;1.145859e-01;4.160337e-01;5.096777e-02;5.846595e-03;5.834844e-03;7.162552e-03
6.155752e-03;1.690345e-02;8.496992e-02;1.325895e-02;1.965803e-02;1.212540e-01;6.174348e-02;5.651212e-01;8.734435e-02;7.640790e-03;3.777830e-03;1.217222e-02
5.049880e-03;2.232117e-02;5.584189e-02;2.336037e-02;2.053891e-02;2.653174e-01;4.200982e-02;4.345834e-01;1.094208e-01;6.902948e-03;4.245280e-03;1.040818e-02
7.022294e-03;2.009518e-02;3.666669e-02;5.092639e-02;3.462911e-02;3.120336e-01;3.778112e-02;3.011792e-01;1.811337e-01;7.145904e-03;2.732607e-03;8.654194e-03
1.337664e-02;1.581246e-02;2.318562e-02;7.113592e-02;3.709865e-02;2.833325e-01;5.512698e-02;2.088261e-01;2.707517e-01;1.225125e-02;3.674694e-03;5.427386e-03
1.819909e-02;1.617100e-02;2.555139e-02;5.627149e-02;3.137180e-02;2.594109e-01;6.033631e-02;1.859000e-01;3.070588e-01;2.494366e-02;7.365220e-03;7.420302e-03
2.031051e-02;1.593501e-02;2.345694e-02;3.820880e-02;5.305457e-02;2.078207e-01;6.791112e-02;1.552732e-01;3.297262e-01;6.019964e-02;1.177552e-02;1.632782e-02
1.853569e-02;2.126619e-02;1.745581e-02;3.325097e-02;1.045529e-01;1.377599e-01;5.945653e-02;1.823253e-01;2.905447e-01;9.335844e-02;2.341546e-02;1.807810e-02
1.350318e-02;3.023608e-02;4.005381e-02;1.560403e-02;8.123360e-02;2.476922e-01;4.609571e-02;2.722712e-01;1.535037e-01;5.798432e-02;2.786141e-02;1.396073e-02
2.750049e-02;9.471110e-02;6.743833e-02;1.805128e-02;4.507508e-02;2.818132e-01;4.474916e-02;2.124629e-01;1.014851e-01;3.594038e-02;3.856367e-02;3.220931e-02
3.279771e-02;1.756312e-01;9.771890e-02;2.250030e-02;4.268689e-02;2.512105e-01;2.863767e-02;1.775130e-01;9.251342e-02;2.188974e-02;2.918439e-02;2.771628e-02
3.449580e-02;2.198842e-01;9.717993e-02;1.874259e-02;5.361757e-02;2.523754e-01;2.564758e-02;1.894409e-01;5.461054e-02;2.245812e-02;1.462023e-02;1.692705e-02
3.839221e-02;1.825778e-01;6.868081e-02;2.827480e-02;7.211930e-02;2.153783e-01;2.061495e-02;1.950171e-01;1.188120e-01;3.596508e-02;7.446053e-03;1.672167e-02
3.099063e-02;1.075964e-01;5.483553e-02;2.700960e-02;1.078493e-01;2.096831e-01;4.070377e-02;1.731950e-01;1.673552e-01;5.801073e-02;7.456631e-03;1.531405e-02
1.378242e-02;4.053178e-02;4.149770e-02;2.088081e-02;9.142631e-02;2.958015e-01;4.150623e-02;2.290714e-01;1.451439e-01;4.802718e-02;1.540796e-02;1.692282e-02
1.219952e-02;1.313448e-02;4.869477e-02;1.789739e-02;5.290353e-02;3.804491e-01;1.325384e-02;2.751866e-01;1.332383e-01;2.077902e-02;1.589168e-02;1.637176e-02
1.879843e-02;4.347106e-02;4.597015e-02;1.920278e-02;4.443586e-02;4.319867e-01;4.226626e-02;1.882359e-01;1.138598e-01;1.886178e-02;1.499488e-02;1.791639e-02
1.685034e-02;6.127321e-02;3.459631e-02;3.105174e-02;6.257647e-02;4.078070e-01;8.430895e-02;1.323200e-01;8.141249e-02;2.105685e-02;3.826029e-02;2.848628e-02
1.490760e-02;5.621871e-02;3.913272e-02;3.744352e-02;9.130540e-02;3.052370e-01;9.178044e-02;1.549110e-01;9.223881e-02;3.554095e-02;5.337258e-02;2.791125e-02
3.912046e-02;5.075360e-02;5.211497e-02;4.348261e-02;8.836001e-02;1.775030e-01;8.890583e-02;2.088796e-01;1.333114e-01;1.918769e-02;5.555444e-02;4.282634e-02
3.944539e-02;3.711614e-02;4.289404e-02;1.011004e-01;4.186691e-02;1.456802e-01;4.887736e-02;2.393869e-01;1.749358e-01;4.458062e-02;2.861872e-02;5.549759e-02
2.442437e-02;2.733381e-02;3.775268e-02;2.974799e-01;3.269950e-02;1.135597e-01;6.357030e-03;1.305471e-01;2.326366e-01;5.026359e-02;8.130484e-03;3.881529e-02
1.089897e-02;2.646511e-02;9.274390e-02;3.706380e-01;5.111373e-02;4.182331e-02;1.065713e-02;1.482231e-01;1.884669e-01;2.870692e-02;1.043398e-02;1.982897e-02
5.943462e-03;2.521471e-02;1.838153e-01;2.448910e-01;3.929130e-02;3.610149e-02;3.409404e-02;2.677285e-01;1.219348e-01;1.800202e-02;1.139550e-02;1.158793e-02
4.008581e-03;6.918570e-02;2.270709e-01;8.448864e-02;2.122425e-02;4.582874e-02;9.396899e-02;3.269730e-01;7.218701e-02;1.615656e-02;3.295873e-02;5.948822e-03
1.362756e-02;1.603841e-01;1.450767e-01;1.653393e-02;1.270179e-02;6.539831e-02;2.170618e-01;2.316077e-01;4.091979e-02;1.728380e-02;7.679643e-02;2.608041e-03
4.209971e-02;1.798105e-01;4.615049e-02;2.915025e-02;1.726787e-02;1.271994e-01;2.651081e-01;1.153940e-01;3.515381e-02;4.500735e-02;8.968498e-02;7.973503e-03
1.143685e-01;1.180638e-01;3.234462e-02;2.302411e-02;2.593021e-02;2.156213e-01;1.698758e-01;6.464637e-02;4.277487e-02;1.111475e-01;6.266896e-02;1.953392e-02
2.077202e-01;4.456505e-02;1.048484e-02;4.779098e-02;2.258767e-02;3.209884e-01;4.186394e-02;5.025047e-02;3.677480e-02;1.638410e-01;2.682006e-02;2.631263e-02
2.759736e-01;1.996083e-02;1.447413e-02;4.634045e-02;2.295396e-02;3.623167e-01;2.389881e-02;3.517921e-02;2.674660e-02;1.374245e-01;1.208340e-02;2.264780e-02
3.134404e-01;3.045174e-02;1.196979e-02;4.857888e-02;1.540857e-02;3.669145e-01;1.779589e-02;3.830930e-02;2.290099e-02;9.222201e-02;1.142214e-02;3.058573e-02
2.776936e-01;3.816939e-02;1.430320e-02;5.852988e-02;1.544902e-02;3.396107e-01;2.193907e-02;7.075845e-02;3.183160e-02;5.974896e-02;1.649255e-02;5.547358e-02
2.101668e-01;4.379663e-02;2.811538e-02;6.753114e-02;4.707821e-02;3.032205e-01;2.009018e-02;1.012162e-01;5.364313e-02;4.503850e-02;2.010401e-02;5.999937e-02
1.348164e-01;5.027258e-02;6.458870e-02;5.710351e-02;8.842806e-02;2.537232e-01;4.591455e-02;1.292877e-01;6.817921e-02;4.199675e-02;2.157618e-02;4.411310e-02
6.557034e-02;5.332664e-02;7.502942e-02;5.626960e-02;8.471410e-02;2.522661e-01;6.800986e-02;1.829748e-01;7.360667e-02;3.431032e-02;2.385713e-02;3.006496e-02
3.950557e-02;4.268753e-02;4.319764e-02;3.103461e-02;5.152573e-02;4.266565e-01;3.955981e-02;2.065961e-01;5.474362e-02;2.712036e-02;2.072088e-02;1.665175e-02
5.805435e-02;3.777714e-02;2.654107e-02;3.705494e-02;2.758412e-02;5.023257e-01;4.182829e-02;1.489701e-01;3.736311e-02;4.785661e-02;1.912068e-02;1.552402e-02
6.554187e-02;2.977267e-02;5.109432e-02;5.100674e-02;1.424608e-02;4.926169e-01;5.077590e-02;1.064120e-01;2.563480e-02;7.475773e-02;2.165335e-02;1.648764e-02
8.196094e-02;2.950141e-02;8.076961e-02;4.089685e-02;2.053922e-02;4.154994e-01;6.926437e-02;1.164022e-01;1.908275e-02;9.024164e-02;2.353577e-02;1.230586e-02
1.045333e-01;4.040012e-02;7.039504e-02;2.217474e-02;3.035948e-02;3.668210e-01;7.043121e-02;1.097207e-01;4.564288e-02;1.012153e-01;2.684863e-02;1.145762e-02
7.806819e-02;5.650636e-02;4.484167e-02;2.547533e-02;2.816462e-02;3.858917e-01;9.831371e-02;1.193750e-01;5.492944e-02;6.306623e-02;2.722757e-02;1.814013e-02
5.188116e-02;3.808361e-02;4.950212e-02;2.406759e-02;1.707182e-02;4.140570e-01;1.402932e-01;1.506316e-01;4.877615e-02;3.514958e-02;2.006010e-02;1.042611e-02
6.884669e-02;3.117608e-02;4.367241e-02;1.271777e-02;1.614255e-02;3.911355e-01;1.560333e-01;1.749480e-01;5.378829e-02;2.969350e-02;1.179627e-02;1.004961e-02
6.722764e-02;6.258333e-02;5.155054e-02;1.157645e-02;2.487098e-02;3.859789e-01;1.864760e-01;1.250667e-01;4.588485e-02;2.252441e-02;7.908270e-03;8.351880e-03
5.663698e-02;4.506288e-02;4.172771e-02;1.049514e-02;2.294659e-02;3.246498e-01;1.639852e-01;2.461298e-01;5.492566e-02;2.169775e-02;3.488399e-03;8.254158e-03
5.006119e-02;3.704379e-02;2.472199e-02;1.508340e-02;1.791159e-02;3.330221e-01;1.216069e-01;3.000741e-01;6.031717e-02;2.360786e-02;7.288318e-03;9.261661e-03
4.660455e-02;5.284326e-02;3.243596e-02;1.888138e-02;1.775707e-02;4.058635e-01;8.985896e-02;2.374985e-01;5.522747e-02;2.063394e-02;1.270813e-02;9.687248e-03
6.475453e-02;7.310699e-02;8.375822e-02;3.364037e-02;4.325739e-02;3.856807e-01;6.277253e-02;1.417090e-01;6.183299e-02;1.705350e-02;2.098433e-02;1.144945e-02
6.590664e-02;7.934935e-02;1.254293e-01;3.427690e-02;4.989560e-02;2.598614e-01;5.991993e-02;1.867430e-01;7.627000e-02;2.221596e-02;2.971346e-02;1.041841e-02
5.287635e-02;6.202699e-02;1.109561e-01;3.554152e-02;4.223099e-02;3.062034e-01;6.302327e-02;1.812306e-01;7.715192e-02;1.967800e-02;3.287380e-02;1.620705e-02
9.649923e-02;8.043554e-02;7.515050e-02;6.040650e-02;2.983431e-02;2.901525e-01;1.147641e-01;1.277435e-01;5.091106e-02;2.511617e-02;3.154711e-02;1.743946e-02
1.520415e-01;8.248539e-02;8.967771e-02;8.209366e-02;2.519559e-02;2.302394e-01;1.110636e-01;1.061305e-01;4.056022e-02;3.556839e-02;2.482913e-02;2.011496e-02
1.406859e-01;4.935171e-02;1.035202e-01;7.071608e-02;3.646918e-02;1.967618e-01;1.103773e-01;1.423359e-01;5.088079e-02;4.371550e-02;2.101389e-02;3.417187e-02
9.784061e-02;3.660536e-02;8.238026e-02;4.225866e-02;3.803823e-02;2.792713e-01;1.113383e-01;1.736462e-01;4.953233e-02;5.669872e-02;1.110341e-02;2.128664e-02
8.572797e-02;2.820376e-02;4.162407e-02;3.763764e-02;2.674521e-02;3.914066e-01;8.573297e-02;1.752373e-01;4.250547e-02;6.489004e-02;6.167109e-03;1.412187e-02
1.044888e-01;2.859261e-02;3.508868e-02;3.156469e-02;3.592920e-02;4.220353e-01;5.500964e-02;1.690644e-01;4.295312e-02;4.620240e-02;6.727495e-03;2.234365e-02
8.350730e-02;4.969775e-02;3.753188e-02;2.479287e-02;7.243397e-02;4.126908e-01;2.823429e-02;1.728112e-01;5.685578e-02;2.788633e-02;7.744092e-03;2.581371e-02
3.813472e-02;4.899924e-02;5.417507e-02;2.339753e-02;9.321193e-02;4.197788e-01;4.118428e-02;1.243920e-01;1.074941e-01;1.917992e-02;5.908001e-03;2.414441e-02
3.349747e-02;2.955740e-02;6.576308e-02;2.887719e-02;9.840669e-02;3.726687e-01;5.818243e-02;6.503499e-02;2.021370e-01;1.451603e-02;5.957699e-03;2.540129e-02
3.836678e-02;2.111596e-02;4.110363e-02;2.777823e-02;1.004332e-01;2.764421e-01;6.932081e-02;7.997208e-02;2.722616e-01;3.420129e-02;9.180017e-03;2.982431e-02
4.560189e-02;3.793051e-02;6.443558e-02;4.184119e-02;8.602207e-02;2.067658e-01;4.991619e-02;1.234427e-01;2.147868e-01;8.239560e-02;1.513615e-02;3.172560e-02
3.815016e-02;6.486019e-02;1.357484e-01;6.311873e-02;5.979203e-02;1.657273e-01;3.241820e-02;1.694392e-01;1.045383e-01;1.194217e-01;2.235171e-02;2.443405e-02
1.527470e-02;8.660913e-02;1.865754e-01;4.347128e-02;2.828260e-02;3.045821e-01;2.196359e-02;1.461196e-01;6.452011e-02;7.415746e-02;2.224039e-02;6.203627e-03
2.954389e-02;1.128831e-01;1.888827e-01;3.341663e-02;2.543523e-02;3.829242e-01;3.247616e-02;5.361306e-02;7.323755e-02;3.851850e-02;1.529298e-02;1.377600e-02
2.943204e-02;1.133789e-01;1.225768e-01;3.197937e-02;3.438044e-02;3.704458e-01;3.995920e-02;1.252940e-01;8.362716e-02;2.654195e-02;7.059581e-03;1.532483e-02
2.298727e-02;9.341494e-02;1.126463e-01;3.695780e-02;3.851501e-02;3.484712e-01;4.722545e-02;1.520399e-01;9.494777e-02;2.400121e-02;1.429543e-02;1.449765e-02
4.840193e-02;1.155945e-01;1.821242e-01;5.160469e-02;2.165146e-02;2.660494e-01;4.227582e-02;1.002524e-01;1.139530e-01;2.386910e-02;1.432490e-02;1.989861e-02
7.057439e-02;1.004814e-01;1.284259e-01;5.789023e-02;3.705942e-02;2.068923e-01;6.158770e-02;1.996500e-01;8.857328e-02;2.041072e-02;8.392872e-03;2.006183e-02
5.371819e-02;9.990846e-02;1.657071e-01;5.119785e-02;4.806315e-02;1.373498e-01;6.469962e-02;2.256947e-01;7.039776e-02;4.137615e-02;1.193569e-02;2.995154e-02
7.633632e-02;9.088803e-02;1.805041e-01;3.773165e-02;3.963065e-02;1.973944e-01;5.115299e-02;1.841257e-01;6.457490e-02;3.437841e-02;1.478985e-02;2.849293e-02
9.676719e-02;7.991072e-02;1.180289e-01;3.393826e-02;2.938729e-02;2.844654e-01;4.738402e-02;1.738791e-01;6.995895e-02;2.779626e-02;2.385401e-02;1.462987e-02
1.056493e-01;7.548527e-02;9.508769e-02;2.964010e-02;3.641238e-02;2.934202e-01;6.869920e-02;1.590546e-01;3.876039e-02;3.822782e-02;4.045289e-02;1.911013e-02
6.960771e-02;1.359927e-01;2.163723e-01;2.357284e-02;5.231744e-02;2.245819e-01;3.673474e-02;1.165413e-01;3.489148e-02;4.416411e-02;2.441370e-02;2.080979e-02
3.673431e-02;1.970040e-01;3.395981e-01;5.255825e-02;5.934393e-02;1.221973e-01;2.086037e-02;7.375302e-02;2.313787e-02;5.725418e-02;7.031552e-03;1.052713e-02
2.568090e-02;2.453288e-01;4.140052e-01;6.013432e-02;5.137344e-02;3.192956e-02;2.362138e-02;4.681725e-02;2.211391e-02;6.803671e-02;6.494891e-03;4.463598e-03
2.616624e-02;2.650390e-01;3.602668e-01;5.134774e-02;4.726759e-02;5.876879e-02;2.405946e-02;5.993016e-02;3.527002e-02;5.347669e-02;1.106871e-02;7.338729e-03
4.011802e-02;2.811600e-01;2.638265e-01;4.034512e-02;4.244778e-02;8.028318e-02;2.604080e-02;9.672262e-02;6.106753e-02;3.897949e-02;1.458671e-02;1.442228e-02
4.279561e-02;2.997376e-01;2.581811e-01;3.661372e-02;3.082583e-02;5.724700e-02;2.409640e-02;1.157493e-01;6.944158e-02;3.945588e-02;1.234331e-02;1.351266e-02
2.788534e-02;2.880652e-01;3.400340e-01;3.199790e-02;3.520595e-02;5.246282e-02;1.908363e-02;1.057725e-01;4.753329e-02;3.046380e-02;3.703247e-03;1.779222e-02
2.234369e-02;3.007399e-01;3.893689e-01;2.840752e-02;1.872681e-02;4.950456e-02;1.824435e-02;9.806436e-02;3.182407e-02;2.387364e-02;3.249805e-03;1.565241e-02
2.293645e-02;3.153486e-01;3.959473e-01;1.383184e-02;1.440006e-02;4.598649e-02;2.448619e-02;8.823210e-02;2.734700e-02;3.685623e-02;3.638488e-03;1.098925e-02
1.931752e-02;2.806644e-01;3.917948e-01;1.694190e-02;2.055194e-02;3.351922e-02;4.718839e-02;7.623462e-02;4.548113e-02;5.861943e-02;3.277055e-03;6.409593e-03
1.886510e-02;2.178194e-01;3.907104e-01;3.686962e-02;1.686621e-02;6.558464e-02;5.347206e-02;5.976399e-02;8.224951e-02;4.707446e-02;6.081189e-03;4.643396e-03
2.183891e-02;1.594076e-01;3.540772e-01;7.327469e-02;1.386874e-02;1.201606e-01;3.611259e-02;6.249742e-02;1.015961e-01;2.788422e-02;2.292147e-02;6.360526e-03
1.655654e-02;1.371273e-01;2.151700e-01;1.111651e-01;4.379179e-02;7.540451e-02;2.414421e-02;1.531166e-01;7.996865e-02;9.318319e-02;3.939800e-02;1.097410e-02
1.309813e-02;1.274999e-01;1.990655e-01;9.540629e-02;6.699054e-02;8.620226e-02;3.151237e-02;1.291982e-01;6.858061e-02;1.426625e-01;2.297968e-02;1.680400e-02
1.119365e-02;1.322374e-01;2.696467e-01;5.106082e-02;8.693586e-02;1.395701e-01;5.132651e-02;4.868131e-02;8.638493e-02;8.737332e-02;8.632997e-03;2.695642e-02
1.468452e-02;1.334491e-01;2.470030e-01;3.783493e-02;1.056728e-01;1.768848e-01;4.803234e-02;2.998956e-02;1.357768e-01;3.851283e-02;2.919392e-03;2.923992e-02
2.027016e-02;1.317049e-01;2.037943e-01;3.434424e-02;1.227682e-01;1.873128e-01;4.024969e-02;4.702664e-02;1.444597e-01;3.049591e-02;6.970144e-03;3.060333e-02
1.589758e-02;1.075869e-01;2.774595e-01;4.016634e-02;1.123443e-01;1.782146e-01;4.295595e-02;4.510003e-02;9.723227e-02;4.176597e-02;7.581605e-03;3.369505e-02
1.655190e-02;8.804001e-02;2.684952e-01;2.780800e-02;9.365026e-02;2.844551e-01;3.633489e-02;4.263993e-02;5.235625e-02;5.367615e-02;3.058475e-03;3.293394e-02
1.140515e-02;7.987008e-02;2.208121e-01;3.569525e-02;9.195637e-02;3.867154e-01;3.413718e-02;2.144847e-02;2.968870e-02;5.047704e-02;1.008425e-02;2.771006e-02
7.621018e-03;1.101289e-01;2.842207e-01;5.336700e-02;7.438658e-02;3.206298e-01;2.175803e-02;2.210988e-02;2.382668e-02;4.709386e-02;9.209430e-03;2.564813e-02
1.177207e-02;1.619887e-01;2.969572e-01;1.936660e-02;7.754385e-02;2.568014e-01;2.123367e-02;4.324384e-02;3.732149e-02;3.215388e-02;7.820025e-03;3.379735e-02
1.399246e-02;1.959862e-01;2.258387e-01;6.004708e-02;1.009915e-01;1.869837e-01;1.861814e-02;7.559600e-02;4.801390e-02;2.165620e-02;1.518434e-02;3.709175e-02
1.441740e-02;1.476072e-01;3.021576e-01;7.409099e-02;6.593937e-02;1.782543e-01;1.736132e-02;8.968637e-02;4.180329e-02;1.933208e-02;2.498031e-02;2.436978e-02
1.652879e-02;1.445628e-01;3.930871e-01;7.991832e-02;3.652595e-02;1.331995e-01;2.188024e-02;6.948216e-02;3.478999e-02;2.532222e-02;3.056248e-02;1.414049e-02
1.535301e-02;1.935189e-01;4.364159e-01;6.027051e-02;1.744241e-02;1.224878e-01;2.110950e-02;4.648563e-02;2.679443e-02;3.070604e-02;2.329559e-02;6.120357e-03
1.860537e-02;2.506596e-01;3.650643e-01;3.489987e-02;3.607183e-02;1.713951e-01;1.290817e-02;2.919881e-02;3.228912e-02;2.729188e-02;1.136626e-02;1.024970e-02
3.641847e-02;2.978482e-01;3.342733e-01;2.487128e-02;3.154897e-02;1.600892e-01;7.528005e-03;3.696433e-02;3.654160e-02;1.946910e-02;5.503421e-03;8.944041e-03
4.526617e-02;2.760970e-01;3.727558e-01;3.605788e-02;2.003223e-02;1.192146e-01;2.085166e-02;4.571859e-02;3.412850e-02;1.560553e-02;4.804387e-03;9.467794e-03
3.783161e-02;2.269899e-01;3.640705e-01;3.140239e-02;1.788491e-02;1.181780e-01;4.833625e-02;7.582479e-02;3.859872e-02;1.491596e-02;9.436514e-03;1.653053e-02
1.965275e-02;1.977680e-01;3.322100e-01;2.421134e-02;1.681652e-02;1.526224e-01;6.950659e-02;8.110142e-02;5.625718e-02;2.435884e-02;8.895144e-03;1.659972e-02
3.114716e-02;1.995147e-01;3.371223e-01;2.134120e-02;1.267114e-02;1.797983e-01;4.619978e-02;7.470442e-02;4.679292e-02;2.648609e-02;1.050061e-02;1.372143e-02
2.885112e-02;1.782646e-01;3.812777e-01;2.390242e-02;1.861844e-02;1.595327e-01;1.971618e-02;8.276176e-02;4.881996e-02;2.422006e-02;1.799428e-02;1.604079e-02
3.449471e-02;2.026781e-01;3.566135e-01;1.636108e-02;2.813548e-02;1.396043e-01;2.797320e-02;8.293209e-02;5.082960e-02;2.272043e-02;1.979938e-02;1.785813e-02
2.506170e-02;2.162802e-01;3.409952e-01;2.604826e-02;3.867182e-02;1.193557e-01;4.253222e-02;7.321984e-02;5.073794e-02;2.304292e-02;2.158646e-02;2.246783e-02
2.251766e-02;2.041014e-01;3.356278e-01;1.695656e-02;4.875994e-02;9.793060e-02;6.908072e-02;7.126140e-02;4.938752e-02;2.994343e-02;2.272218e-02;3.171076e-02
3.932161e-02;1.811475e-01;2.952930e-01;2.217047e-02;4.486254e-02;1.802068e-01;7.682440e-02;3.957236e-02;3.300452e-02;2.961947e-02;2.527578e-02;3.270150e-02
3.288646e-02;1.517703e-01;2.969179e-01;2.954943e-02;3.172104e-02;1.897728e-01;9.864011e-02;6.054706e-02;3.738211e-02;2.438687e-02;2.112442e-02;2.530142e-02
2.306103e-02;1.520067e-01;3.276784e-01;3.648908e-02;2.268044e-02;1.855174e-01;9.322990e-02;6.259551e-02;4.317562e-02;2.432808e-02;1.205454e-02;1.718332e-02
3.504014e-02;2.202597e-01;3.183136e-01;3.282566e-02;2.009226e-02;1.928874e-01;4.101709e-02;6.574066e-02;3.360172e-02;1.533498e-02;1.037547e-02;1.451125e-02
3.385622e-02;2.049557e-01;2.444991e-01;2.774989e-02;3.188530e-02;2.002899e-01;5.282974e-02;1.026292e-01;4.604175e-02;3.177311e-02;6.572204e-03;1.691782e-02
2.317863e-02;1.806099e-01;2.816205e-01;4.142211e-02;4.022573e-02;1.099398e-01;4.782663e-02;1.044896e-01;7.621676e-02;7.035951e-02;1.520017e-02;8.910684e-03
1.576876e-02;1.427482e-01;2.984046e-01;6.959728e-02;3.841277e-02;1.686388e-01;1.922024e-02;7.803033e-02;6.439911e-02;7.446423e-02;2.345707e-02;6.858695e-03
1.880966e-02;1.344981e-01;2.995424e-01;7.650994e-02;4.636798e-02;1.923369e-01;1.869746e-02;7.926410e-02;3.676984e-02;5.787347e-02;2.317532e-02;1.615485e-02
2.980645e-02;1.048425e-01;2.210495e-01;5.409384e-02;5.859439e-02;3.017665e-01;3.488671e-02;7.448918e-02;3.310825e-02;5.068386e-02;1.686361e-02;1.981515e-02
2.903805e-02;6.390892e-02;6.013381e-02;1.813665e-02;4.174664e-02;5.002144e-01;6.272902e-02;1.360851e-01;3.132536e-02;3.217750e-02;1.182355e-02;1.268095e-02
1.615226e-02;6.382495e-02;3.810160e-02;9.366477e-03;2.436271e-02;5.009890e-01;1.159374e-01;1.764018e-01;2.462413e-02;1.468300e-02;7.834508e-03;7.722196e-03
8.124312e-03;6.485405e-02;4.298471e-02;8.341129e-03;2.205026e-02;4.111148e-01;1.474163e-01;2.457214e-01;2.894174e-02;8.875050e-03;9.241761e-03;2.334496e-03
6.486522e-03;5.471852e-02;3.595760e-02;1.177117e-02;2.071724e-02;3.271697e-01;1.282919e-01;3.610500e-01;3.348847e-02;4.270878e-03;1.147203e-02;4.605903e-03
1.002355e-02;5.933729e-02;6.127366e-02;8.501257e-03;1.879567e-02;2.029571e-01;9.202429e-02;4.884352e-01;3.609010e-02;5.590690e-03;1.026921e-02;6.701911e-03
8.898458e-03;5.463855e-02;7.730778e-02;1.037428e-02;1.510107e-02;2.428063e-01;7.483605e-02;4.606116e-01;3.949359e-02;5.658624e-03;5.619952e-03;4.653777e-03
7.080330e-03;6.550983e-02;8.276402e-02;6.514186e-03;1.271172e-02;2.504179e-01;8.220154e-02;4.409219e-01;3.429962e-02;6.027966e-03;8.679420e-03;2.871575e-03
5.863169e-03;6.130757e-02;5.204229e-02;7.073456e-03;1.344630e-02;3.409522e-01;7.807928e-02;3.890645e-01;3.547489e-02;5.569954e-03;8.512934e-03;2.613582e-03
8.670142e-03;7.706171e-02;9.023832e-02;1.431278e-02;1.777815e-02;3.380685e-01;8.201034e-02;3.225549e-01;3.109654e-02;5.677004e-03;7.570570e-03;4.961141e-03
1.063595e-02;9.287256e-02;1.745902e-01;2.369059e-02;2.719489e-02;1.821092e-01;1.128555e-01;3.145436e-01;3.108843e-02;9.926594e-03;1.223857e-02;8.253866e-03
1.078029e-02;7.571790e-02;1.343496e-01;2.514311e-02;1.965297e-02;2.775270e-01;1.059759e-01;2.970642e-01;2.147894e-02;1.070541e-02;1.062880e-02;1.097595e-02
3.211136e-02;7.539661e-02;9.280653e-02;3.730905e-02;2.096926e-02;2.116333e-01;8.553575e-02;3.491367e-01;4.876738e-02;2.091914e-02;1.033759e-02;1.507735e-02
3.862603e-02;1.093400e-01;9.799165e-02;2.740816e-02;3.634641e-02;2.353493e-01;5.702235e-02;2.735742e-01;7.388784e-02;2.927342e-02;1.285915e-02;8.321508e-03
3.836007e-02;1.246218e-01;6.453433e-02;2.707226e-02;5.334809e-02;2.465804e-01;5.115934e-02;2.226280e-01;9.815238e-02;3.835665e-02;1.572738e-02;1.945923e-02
2.912235e-02;1.234061e-01;1.012717e-01;4.367701e-02;7.117190e-02;2.433881e-01;6.205590e-02;1.841213e-01;7.714921e-02;2.733595e-02;1.367167e-02;2.362883e-02
2.849753e-02;1.234245e-01;1.192769e-01;5.663008e-02;9.954595e-02;1.789039e-01;8.235437e-02;1.902959e-01;5.530116e-02;2.321540e-02;2.326262e-02;1.929164e-02
2.690584e-02;9.429440e-02;1.732805e-01;5.521204e-02;7.082272e-02;1.606386e-01;7.127085e-02;2.081242e-01;8.119497e-02;1.897678e-02;2.904743e-02;1.023169e-02
2.150759e-02;5.836397e-02;1.220277e-01;4.744743e-02;6.180851e-02;2.479799e-01;6.031299e-02;2.504852e-01;9.074719e-02;1.505177e-02;1.336080e-02;1.090693e-02
1.497503e-02;5.609958e-02;9.609352e-02;4.614139e-02;5.593395e-02;2.587979e-01;6.585751e-02;2.989096e-01;7.401378e-02;1.306685e-02;7.136889e-03;1.297393e-02
1.521035e-02;4.870599e-02;6.473219e-02;4.883027e-02;4.476763e-02;3.182764e-01;6.196371e-02;3.114848e-01;4.863233e-02;1.469215e-02;1.130627e-02;1.139792e-02
2.298497e-02;4.047954e-02;6.224003e-02;3.978784e-02;3.467199e-02;4.025570e-01;3.547436e-02;2.914650e-01;3.477998e-02;1.409609e-02;1.182275e-02;9.640499e-03
2.204142e-02;5.351157e-02;9.645613e-02;3.112849e-02;3.237288e-02;3.442587e-01;4.573078e-02;2.812235e-01;5.112579e-02;1.495880e-02;1.207261e-02;1.511934e-02
1.668456e-02;8.402272e-02;1.301692e-01;4.185087e-02;5.969584e-02;1.910663e-01;7.438563e-02;2.583957e-01;7.398757e-02;2.867211e-02;2.085617e-02;2.021328e-02
2.233805e-02;1.180425e-01;2.059436e-01;5.719381e-02;6.144973e-02;1.569277e-01;6.696054e-02;1.663425e-01;5.426996e-02;4.668650e-02;2.560261e-02;1.824248e-02
1.610854e-02;1.139523e-01;2.253132e-01;5.706628e-02;4.440510e-02;2.259996e-01;6.922919e-02;1.128865e-01;4.473304e-02;4.625398e-02;2.185157e-02;2.220074e-02
2.264960e-02;1.409011e-01;1.839931e-01;5.192669e-02;4.463594e-02;1.997979e-01;8.335853e-02;1.652110e-01;4.776353e-02;2.357629e-02;1.844991e-02;1.773639e-02
1.466706e-02;1.164873e-01;1.364064e-01;3.856428e-02;3.963257e-02;1.831190e-01;7.672706e-02;2.802540e-01;4.507401e-02;2.311409e-02;2.092388e-02;2.503024e-02
8.410520e-03;1.043064e-01;1.098997e-01;3.112402e-02;3.581004e-02;1.598914e-01;5.248775e-02;3.847413e-01;5.469070e-02;1.705816e-02;1.648477e-02;2.509531e-02
6.786106e-03;9.065896e-02;9.977207e-02;2.223434e-02;2.484134e-02;2.348647e-01;3.007334e-02;3.956973e-01;5.738660e-02;1.372178e-02;6.964847e-03;1.699861e-02
1.199647e-02;7.999843e-02;8.781098e-02;2.156152e-02;2.032360e-02;1.834340e-01;4.002190e-02;4.524495e-01;6.266734e-02;1.946921e-02;4.793713e-03;1.547327e-02
1.409147e-02;8.114351e-02;1.017280e-01;3.219222e-02;3.577156e-02;1.532505e-01;4.437885e-02;4.415410e-01;5.278465e-02;1.864367e-02;1.090267e-02;1.357191e-02
1.616815e-02;6.808555e-02;1.287615e-01;3.132539e-02;6.242603e-02;9.366153e-02;4.207486e-02;4.526815e-01;6.078108e-02;2.548691e-02;1.065860e-02;7.888904e-03
1.070188e-02;7.052410e-02;9.584983e-02;3.342630e-02;6.098865e-02;2.782924e-01;3.388215e-02;3.303934e-01;4.636094e-02;1.673809e-02;9.882179e-03;1.296013e-02
1.513675e-02;9.251565e-02;1.114169e-01;3.940220e-02;5.213207e-02;3.247247e-01;3.679791e-02;2.406615e-01;3.106265e-02;1.978448e-02;2.218544e-02;1.417967e-02
2.648501e-02;1.326300e-01;1.261195e-01;4.067697e-02;4.536388e-02;2.276401e-01;5.557476e-02;2.335954e-01;3.556035e-02;3.406794e-02;2.956831e-02;1.271780e-02
5.382131e-02;1.016844e-01;1.149109e-01;4.757215e-02;6.005307e-02;1.591012e-01;1.291421e-01;1.374224e-01;9.556644e-02;3.802159e-02;3.666242e-02;2.604188e-02
4.239986e-02;4.131385e-02;4.828510e-02;2.256404e-02;6.035386e-02;3.430664e-01;1.319412e-01;1.640242e-01;6.199050e-02;1.920383e-02;2.170143e-02;4.315566e-02
3.374762e-02;2.908804e-02;6.050280e-02;4.225846e-02;8.298007e-02;3.662508e-01;1.079356e-01;1.209121e-01;3.762496e-02;1.475261e-02;3.663008e-02;6.731685e-02
1.774238e-02;2.677345e-02;7.021967e-02;8.547771e-02;1.055408e-01;3.073471e-01;8.832444e-02;7.894295e-02;2.520035e-02;1.739987e-02;1.010412e-01;7.599009e-02
1.203702e-02;2.998311e-02;1.097955e-01;1.401934e-01;9.201922e-02;1.569522e-01;7.818951e-02;7.278198e-02;2.804859e-02;4.599596e-02;1.784565e-01;5.554714e-02
2.207357e-02;4.895792e-02;2.100800e-01;1.064827e-01;5.333566e-02;7.663206e-02;9.056445e-02;4.797328e-02;3.601466e-02;1.523650e-01;1.415882e-01;1.393256e-02
2.660200e-02;5.769835e-02;2.582722e-01;3.210294e-02;4.289382e-02;6.537243e-02;1.241058e-01;3.473832e-02;3.318093e-02;2.704547e-01;4.739625e-02;7.182282e-03
1.175703e-02;5.271447e-02;2.320697e-01;2.010769e-02;7.369658e-02;6.427965e-02;1.198658e-01;4.162546e-02;3.320772e-02;3.158138e-01;2.776734e-02;7.094810e-03
1.278085e-02;4.854254e-02;2.098788e-01;2.267322e-02;8.272347e-02;7.441007e-02;1.207741e-01;4.579515e-02;3.597147e-02;3.009936e-01;3.831495e-02;7.141854e-03
2.580276e-02;4.663447e-02;1.941518e-01;3.804965e-02;6.447748e-02;8.109198e-02;1.280080e-01;3.878984e-02;4.203130e-02;2.387604e-01;9.608783e-02;6.114540e-03
2.540056e-02;3.330281e-02;1.585370e-01;1.145449e-01;2.528070e-02;9.835829e-02;8.893556e-02;6.647465e-02;3.760401e-02;1.213359e-01;2.203291e-01;9.896467e-03
1.437590e-02;3.570728e-02;9.708892e-02;1.412077e-01;6.176355e-02;1.171214e-01;4.100696e-02;1.029920e-01;2.502759e-02;3.646023e-02;2.734882e-01;5.376027e-02
2.064293e-02;1.576277e-02;6.160284e-02;9.488855e-02;1.327401e-01;1.265940e-01;7.156056e-02;9.234723e-02;4.639813e-02;2.210365e-02;1.837510e-01;1.316082e-01
5.945581e-02;2.319279e-02;6.486778e-02;3.692442e-02;1.423004e-01;2.148171e-01;1.020581e-01;6.048914e-02;5.871839e-02;5.525014e-02;3.990192e-02;1.420241e-01
7.527676e-02;3.028733e-02;4.799097e-02;3.303808e-02;6.993234e-02;3.457124e-01;1.193881e-01;7.654342e-02;3.491836e-02;7.156344e-02;2.619371e-02;6.915513e-02
4.451853e-02;5.061943e-02;3.680469e-02;2.903953e-02;1.660037e-02;3.449638e-01;2.302815e-01;1.238065e-01;2.569403e-02;5.734840e-02;2.704536e-02;1.327787e-02
1.475906e-02;4.730038e-02;5.218682e-02;2.052640e-02;1.414774e-02;2.359385e-01;2.856628e-01;2.021775e-01;3.436019e-02;4.346237e-02;3.254188e-02;1.693626e-02
9.049186e-03;3.858643e-02;8.212938e-02;1.999380e-02;2.242801e-02;1.524487e-01;2.220481e-01;3.344477e-01;4.363857e-02;3.692981e-02;1.764071e-02;2.065965e-02
1.066236e-02;4.012288e-02;9.970851e-02;1.977718e-02;2.807787e-02;2.189670e-01;1.004309e-01;3.656975e-01;5.064579e-02;3.082970e-02;2.560249e-02;9.477775e-03
8.728009e-03;3.925971e-02;9.575849e-02;2.259033e-02;3.184287e-02;2.545630e-01;1.178863e-01;2.664474e-01;4.613937e-02;3.106281e-02;5.998243e-02;2.573923e-02
2.467851e-02;5.269944e-02;9.054635e-02;2.933462e-02;3.721710e-02;1.634885e-01;1.130481e-01;2.002331e-01;5.945100e-02;6.492003e-02;9.424207e-02;7.014116e-02
3.517723e-02;9.216982e-02;8.940369e-02;2.293084e-02;2.714074e-02;1.543884e-01;5.862933e-02;1.868449e-01;7.341129e-02;7.748074e-02;1.075605e-01;7.486266e-02
3.650324e-02;1.193647e-01;1.193359e-01;2.320847e-02;2.546492e-02;1.571089e-01;5.198731e-02;1.691184e-01;6.448833e-02;6.390017e-02;9.844107e-02;7.107853e-02
3.432005e-02;1.595303e-01;1.741514e-01;3.288770e-02;4.781234e-02;1.459084e-01;5.361761e-02;1.277028e-01;4.147453e-02;6.379982e-02;4.855675e-02;7.023831e-02
1.992919e-02;1.123813e-01;1.863732e-01;4.823492e-02;4.750971e-02;1.104918e-01;1.301170e-01;1.186074e-01;5.348980e-02;6.298314e-02;5.878149e-02;5.110115e-02
3.112146e-02;8.819012e-02;1.480892e-01;4.571450e-02;4.940923e-02;1.541642e-01;1.802225e-01;1.250624e-01;5.534225e-02;3.280675e-02;3.769245e-02;5.218495e-02
3.617184e-02;7.379641e-02;8.486570e-02;4.404064e-02;6.211675e-02;2.555033e-01;1.600269e-01;1.372469e-01;3.994433e-02;4.780827e-02;1.156300e-02;4.691599e-02
3.166272e-02;5.524948e-02;9.300397e-02;4.096181e-02;7.298525e-02;2.798505e-01;8.021843e-02;1.325519e-01;3.313402e-02;8.632863e-02;5.777154e-02;3.628176e-02
1.465059e-02;4.500529e-02;9.576870e-02;3.360913e-02;6.560982e-02;2.580018e-01;4.170901e-02;1.561904e-01;4.515657e-02;9.443707e-02;1.231673e-01;2.669430e-02
2.275310e-02;4.318080e-02;7.773205e-02;3.590161e-02;4.382854e-02;2.379774e-01;4.942058e-02;1.672197e-01;6.322857e-02;1.024676e-01;1.351542e-01;2.113588e-02
2.554855e-02;3.775559e-02;6.141008e-02;3.584183e-02;6.793745e-02;2.140011e-01;1.314183e-01;1.293145e-01;6.138258e-02;1.273606e-01;9.176202e-02;1.626736e-02
1.218812e-02;5.129810e-02;9.440615e-02;5.346042e-02;7.828373e-02;1.687967e-01;1.402068e-01;1.702753e-01;5.483436e-02;1.188567e-01;4.498810e-02;1.240553e-02
2.606017e-02;9.092463e-02;1.156396e-01;4.547826e-02;5.608311e-02;1.657575e-01;7.268776e-02;2.223730e-01;4.804833e-02;8.430610e-02;5.790749e-02;1.473403e-02
2.548479e-02;7.889325e-02;7.673333e-02;1.685209e-02;3.747155e-02;3.269679e-01;4.721533e-02;2.225184e-01;5.704362e-02;4.227228e-02;5.097668e-02;1.757068e-02
3.070007e-02;5.018814e-02;5.621929e-02;1.759602e-02;4.699821e-02;4.322612e-01;5.935956e-02;1.957149e-01;3.763530e-02;2.015087e-02;2.978650e-02;2.338989e-02
3.546600e-02;3.665557e-02;4.949626e-02;3.914646e-02;7.910662e-02;4.287882e-01;6.540709e-02;1.662766e-01;3.060305e-02;2.482787e-02;2.173281e-02;2.249341e-02
2.522360e-02;7.197461e-02;1.526865e-01;8.709245e-02;9.185793e-02;1.789657e-01;5.070302e-02;1.338371e-01;3.473769e-02;5.579875e-02;6.369980e-02;5.342288e-02
9.919820e-03;6.642719e-02;1.787302e-01;8.861531e-02;1.006687e-01;2.265791e-01;3.273743e-02;7.446289e-02;2.831772e-02;7.170438e-02;5.380662e-02;6.803074e-02
9.856427e-03;3.927721e-02;1.331791e-01;8.157188e-02;1.232823e-01;2.825297e-01;2.999000e-02;9.056902e-02;3.114660e-02;5.850269e-02;4.034259e-02;7.975253e-02
1.253082e-02;2.566351e-02;1.139429e-01;1.078458e-01;1.558599e-01;2.213097e-01;2.125727e-02;1.340713e-01;2.582054e-02;5.564392e-02;1.316132e-02;1.128929e-01
1.058717e-02;3.207341e-02;1.164928e-01;1.021772e-01;1.354181e-01;1.887267e-01;4.321312e-02;1.652436e-01;1.796626e-02;5.206693e-02;5.251349e-02;8.352128e-02
1.092361e-02;3.627878e-02;1.184361e-01;8.170738e-02;1.300659e-01;1.495823e-01;7.332610e-02;1.892348e-01;5.792907e-02;6.483185e-02;4.380797e-02;4.387598e-02
6.005056e-03;2.633110e-02;6.796298e-02;7.942788e-02;1.332284e-01;2.155741e-01;5.924939e-02;1.970968e-01;6.882807e-02;5.188086e-02;4.732589e-02;4.708938e-02
5.910850e-03;1.599203e-02;4.755974e-02;9.560337e-02;1.826722e-01;1.527222e-01;3.308302e-02;2.484926e-01;4.115285e-02;4.202348e-02;5.565800e-02;7.912965e-02
3.462570e-03;1.819422e-02;6.057681e-02;9.734873e-02;2.122099e-01;1.038254e-01;2.058017e-02;2.992177e-01;1.157916e-02;2.856859e-02;4.292254e-02;1.015143e-01
4.291797e-03;2.148148e-02;6.707294e-02;1.464515e-01;2.351756e-01;4.809326e-02;2.540988e-02;2.473238e-01;1.296640e-02;2.457095e-02;5.449900e-02;1.126633e-01
7.416768e-03;1.140069e-02;4.206343e-02;2.184170e-01;2.208481e-01;1.505554e-01;2.030576e-02;1.054643e-01;1.254838e-02;3.246075e-02;7.367270e-02;1.048466e-01
1.047684e-02;1.718076e-02;6.708513e-02;2.769159e-01;1.872592e-01;1.569400e-01;2.128628e-02;4.042996e-02;1.114775e-02;3.879998e-02;8.611504e-02;8.636310e-02
8.480474e-03;2.939361e-02;1.132906e-01;3.179698e-01;1.506259e-01;4.971841e-02;2.506782e-02;6.066122e-02;8.196739e-03;3.957314e-02;1.381726e-01;5.884974e-02
6.378017e-03;3.222574e-02;1.289914e-01;2.870040e-01;1.350160e-01;1.179606e-01;2.460866e-02;6.413759e-02;1.535082e-02;2.306714e-02;1.434952e-01;2.176486e-02
4.777258e-03;4.150587e-02;1.799853e-01;2.611664e-01;1.417878e-01;1.379093e-01;3.375084e-02;4.305153e-02;1.812055e-02;1.409064e-02;1.031762e-01;2.067835e-02
8.292669e-03;8.485737e-02;2.275277e-01;1.945495e-01;1.124068e-01;1.259969e-01;3.904359e-02;7.705529e-02;2.196702e-02;2.383658e-02;5.863350e-02;2.583310e-02
1.649240e-02;1.468955e-01;2.194381e-01;1.100834e-01;6.990010e-02;8.702826e-02;4.984075e-02;1.567275e-01;3.553773e-02;4.980632e-02;1.839266e-02;3.985734e-02
1.872077e-02;1.598298e-01;1.649123e-01;1.114931e-01;5.603512e-02;1.807113e-01;3.805015e-02;1.316480e-01;4.251329e-02;3.309846e-02;2.230167e-02;4.068604e-02
1.740880e-02;1.710819e-01;2.127614e-01;1.027666e-01;8.105631e-02;1.721631e-01;2.351007e-02;9.206641e-02;4.435927e-02;1.156047e-02;4.049100e-02;3.077468e-02
2.085603e-02;1.966904e-01;2.133536e-01;9.218865e-02;9.248136e-02;1.223734e-01;1.701565e-02;1.158563e-01;4.063086e-02;1.997708e-02;4.865680e-02;1.991982e-02
2.264508e-02;1.728533e-01;2.438832e-01;6.771116e-02;9.295885e-02;1.427305e-01;3.055662e-02;1.099848e-01;2.778609e-02;3.325844e-02;4.182218e-02;1.380968e-02
2.794328e-02;1.214134e-01;2.134456e-01;8.745839e-02;8.582851e-02;1.405753e-01;4.554274e-02;1.211893e-01;4.371140e-02;4.373723e-02;4.230981e-02;2.684511e-02
2.928047e-02;8.346477e-02;1.074545e-01;8.287510e-02;9.670223e-02;2.180633e-01;8.294644e-02;1.249037e-01;6.432775e-02;4.276319e-02;3.579410e-02;3.142442e-02
2.293668e-02;7.950578e-02;5.524345e-02;6.206321e-02;1.070132e-01;2.104373e-01;1.297259e-01;1.731876e-01;6.893706e-02;3.984708e-02;3.123710e-02;1.986572e-02
1.242008e-02;7.024888e-02;5.043490e-02;4.187023e-02;9.304690e-02;1.923234e-01;1.175049e-01;2.806253e-01;4.386276e-02;5.044126e-02;3.179706e-02;1.542439e-02
9.814173e-03;6.277955e-02;1.004530e-01;3.107485e-02;5.168542e-02;1.183653e-01;6.400786e-02;4.072013e-01;3.898845e-02;8.109998e-02;1.814823e-02;1.638187e-02
8.575452e-03;5.585869e-02;9.590305e-02;2.767943e-02;3.207512e-02;1.002333e-01;3.067788e-02;4.758238e-01;4.874363e-02;9.715677e-02;1.000937e-02;1.726348e-02
8.467888e-03;5.916147e-02;8.987235e-02;3.030977e-02;3.042333e-02;8.497255e-02;2.156543e-02;5.026764e-01;7.018907e-02;7.778349e-02;6.595844e-03;1.798250e-02
8.196423e-03;6.331031e-02;1.249197e-01;3.138594e-02;2.700063e-02;1.365782e-01;4.248529e-02;4.107634e-01;9.441635e-02;3.341838e-02;1.367341e-02;1.385199e-02
1.154212e-02;6.679057e-02;1.177306e-01;4.287158e-02;2.834930e-02;9.350258e-02;4.409233e-02;4.163320e-01;1.166509e-01;2.252860e-02;2.429020e-02;1.531924e-02
9.309695e-03;5.532092e-02;6.743831e-02;4.303779e-02;3.622660e-02;9.926996e-02;3.537231e-02;4.345612e-01;1.509197e-01;2.479532e-02;2.105374e-02;2.269445e-02
4.376443e-03;5.455521e-02;1.076814e-01;3.455294e-02;3.783831e-02;1.339311e-01;2.990008e-02;3.722021e-01;1.719416e-01;2.165798e-02;1.201127e-02;1.935151e-02
6.003015e-03;6.333549e-02;1.406544e-01;3.640881e-02;4.180814e-02;4.444293e-02;3.840451e-02;3.455093e-01;2.199807e-01;2.497174e-02;1.965028e-02;1.883064e-02
1.035298e-02;7.785888e-02;1.434806e-01;3.458120e-02;4.821284e-02;8.572495e-02;6.810012e-02;2.295648e-01;2.276488e-01;2.562097e-02;3.584578e-02;1.300818e-02
1.593487e-02;1.183538e-01;1.537156e-01;2.481259e-02;7.344301e-02;8.966102e-02;7.363862e-02;9.803281e-02;2.486169e-01;3.516935e-02;5.482709e-02;1.379437e-02
1.891941e-02;1.087162e-01;1.907109e-01;4.044164e-02;5.879734e-02;1.540831e-01;2.904604e-02;1.551476e-01;1.684210e-01;2.434190e-02;3.342309e-02;1.795178e-02
1.581893e-02;9.369108e-02;1.654039e-01;3.692999e-02;5.079717e-02;1.669902e-01;1.827135e-02;2.587678e-01;1.376604e-01;2.332311e-02;1.561663e-02;1.672952e-02
1.528892e-02;9.614134e-02;1.226725e-01;3.885192e-02;6.910145e-02;6.064000e-02;1.938233e-02;3.338588e-01;1.658298e-01;3.181247e-02;2.528045e-02;2.114012e-02
2.082036e-02;1.081763e-01;1.187557e-01;3.790290e-02;7.575288e-02;1.148173e-01;3.115426e-02;2.561587e-01;1.467879e-01;4.577087e-02;2.320899e-02;2.069390e-02
2.559065e-02;1.301626e-01;1.756695e-01;3.289498e-02;6.134108e-02;1.379133e-01;3.667889e-02;1.919459e-01;7.446777e-02;4.962721e-02;4.436979e-02;3.933831e-02
2.005495e-02;9.904999e-02;1.234988e-01;2.044069e-02;5.086260e-02;1.748400e-01;2.823447e-02;2.116119e-01;8.996946e-02;6.984963e-02;6.494462e-02;4.664295e-02
1.387712e-02;6.107177e-02;6.374990e-02;2.403122e-02;9.138277e-02;1.330337e-01;2.787421e-02;2.557922e-01;1.437456e-01;1.038368e-01;4.506331e-02;3.654132e-02
2.652292e-02;5.142122e-02;7.663435e-02;5.505195e-02;9.989308e-02;7.197879e-02;1.041292e-01;2.107471e-01;1.724975e-01;8.715318e-02;2.477051e-02;1.920033e-02
2.566283e-02;4.190017e-02;6.877528e-02;7.391828e-02;4.944835e-02;8.323139e-02;1.261520e-01;1.730654e-01;2.980718e-01;3.090594e-02;1.760381e-02;1.126471e-02
1.685865e-02;3.009779e-02;4.072000e-02;7.156669e-02;3.204929e-02;5.393324e-02;7.509553e-02;2.296715e-01;4.024996e-01;2.411205e-02;1.031753e-02;1.307807e-02
1.152006e-02;4.068387e-02;5.786380e-02;4.638641e-02;2.787456e-02;7.072297e-02;2.771132e-02;3.184147e-01;3.207457e-01;4.814633e-02;1.180997e-02;1.812027e-02
1.006912e-02;5.800138e-02;9.716381e-02;2.475462e-02;1.470525e-02;7.008720e-02;2.082442e-02;4.106396e-01;1.748577e-01;8.680844e-02;1.042873e-02;2.165966e-02
6.324383e-03;5.027450e-02;8.274491e-02;2.757774e-02;1.426420e-02;1.170010e-01;2.808543e-02;4.582328e-01;9.316364e-02;8.966751e-02;1.450390e-02;1.815992e-02
6.086670e-03;4.721046e-02;5.618764e-02;2.641981e-02;2.057755e-02;1.132392e-01;4.937774e-02;5.127451e-01;7.331431e-02;5.499584e-02;2.271190e-02;1.713374e-02
7.609089e-03;4.627346e-02;6.655658e-02;2.769002e-02;3.370214e-02;1.237521e-01;6.118993e-02;4.669830e-01;9.076282e-02;4.404042e-02;2.077347e-02;1.066702e-02
8.231719e-03;4.956701e-02;8.228298e-02;3.322519e-02;4.284137e-02;1.687468e-01;6.083868e-02;3.692379e-01;1.142425e-01;5.020108e-02;1.636219e-02;4.222563e-03
1.205267e-02;6.411409e-02;8.033113e-02;4.373133e-02;5.714097e-02;2.632672e-01;6.156413e-02;1.923433e-01;1.472843e-01;4.267288e-02;1.946644e-02;1.603151e-02
1.856058e-02;8.070654e-02;6.997771e-02;5.822462e-02;6.887027e-02;2.235991e-01;7.917771e-02;1.657808e-01;1.444421e-01;2.944832e-02;2.923123e-02;3.198094e-02
2.109312e-02;7.647479e-02;1.182870e-01;6.324890e-02;6.855185e-02;1.110006e-01;6.553831e-02;2.563569e-01;1.312134e-01;4.239283e-02;1.532482e-02;3.051752e-02
1.569773e-02;6.510425e-02;1.061147e-01;4.136511e-02;6.041156e-02;7.866500e-02;4.740196e-02;3.377390e-01;1.651762e-01;4.012649e-02;2.236793e-02;1.983005e-02
1.599981e-02;5.206865e-02;6.405690e-02;2.888963e-02;4.053013e-02;9.855156e-02;2.812685e-02;4.371470e-01;1.719508e-01;2.754552e-02;1.968396e-02;1.544918e-02
1.316331e-02;6.327977e-02;9.692366e-02;3.192596e-02;1.804477e-02;8.005360e-02;2.872755e-02;4.712522e-01;1.457374e-01;2.137658e-02;1.536946e-02;1.414577e-02
