4.309319e-02;4.880561e-02;3.965472e-02;2.944993e-02;1.034583e-01;1.916325e-01;2.892245e-01;1.092758e-01;1.851690e-02;6.657142e-03;2.280880e-02;9.742250e-02
3.740054e-02;4.710474e-02;2.789428e-02;2.772963e-02;9.330616e-02;1.592778e-01;3.068801e-01;1.438707e-01;2.115187e-02;7.000166e-03;2.937092e-02;9.901314e-02
3.320985e-02;2.767663e-02;3.562672e-02;4.349722e-02;1.218925e-01;1.872082e-01;1.826321e-01;1.087818e-01;3.891814e-02;1.169850e-02;3.780612e-02;1.710522e-01
5.483156e-02;3.983166e-02;3.108533e-02;3.726283e-02;1.195457e-01;1.834892e-01;2.456367e-01;5.616309e-02;3.915559e-02;2.193235e-02;4.042354e-02;1.306424e-01
5.809524e-02;8.651555e-03;2.054918e-02;2.045899e-02;7.932395e-02;2.348962e-01;3.732598e-01;7.528229e-02;2.173604e-02;1.806729e-02;2.768480e-02;6.199472e-02
4.495585e-02;1.393751e-02;1.058473e-02;1.918324e-02;3.770430e-02;2.173344e-01;4.697762e-01;1.346501e-01;6.284610e-03;1.912161e-02;1.039465e-02;1.607281e-02
2.155685e-02;1.304122e-02;4.735751e-03;1.496026e-02;2.167635e-02;1.604480e-01;5.498382e-01;1.864041e-01;2.892295e-03;1.502418e-02;6.778684e-03;2.644025e-03
9.659421e-03;1.493119e-02;3.161421e-03;7.332708e-03;1.556922e-02;9.570162e-02;5.683133e-01;2.596593e-01;3.269216e-03;5.385863e-03;1.476651e-02;2.250222e-03
3.351038e-03;1.386947e-02;7.502370e-03;2.932253e-03;1.322910e-02;5.132337e-02;5.075486e-01;3.814285e-01;4.776390e-03;1.447337e-03;1.089800e-02;1.693617e-03
4.817222e-03;7.027716e-03;1.338213e-02;3.888458e-03;8.419608e-03;2.489949e-02;3.969990e-01;5.143172e-01;7.915621e-03;3.714328e-03;8.367310e-03;6.251946e-03
5.780621e-03;4.539773e-03;1.495338e-02;4.397782e-03;3.380027e-03;1.602178e-02;2.986099e-01;6.126405e-01;1.610082e-02;4.994011e-03;8.319898e-03;1.026144e-02
3.384254e-03;4.527340e-03;1.042738e-02;7.842655e-03;3.665051e-03;1.049154e-02;2.427546e-01;6.526996e-01;3.432081e-02;6.022432e-03;1.241304e-02;1.145134e-02
7.965344e-03;5.424117e-03;3.161542e-03;1.140618e-02;4.864322e-03;1.182990e-02;2.078169e-01;6.325141e-01;6.315389e-02;1.157878e-02;3.440227e-02;5.882737e-03
1.584493e-02;7.833690e-03;4.785930e-03;2.101789e-02;4.914171e-03;1.750802e-02;1.231874e-01;6.750007e-01;7.771009e-02;1.739811e-02;2.912808e-02;5.670965e-03
1.878117e-02;1.113403e-02;8.895036e-03;1.489304e-02;6.324695e-03;2.684614e-02;2.293098e-01;5.630035e-01;3.935673e-02;1.576398e-02;5.887837e-02;6.813454e-03
1.392732e-02;1.408517e-02;1.481456e-02;6.916127e-03;6.088435e-03;3.316763e-02;3.358690e-01;4.812992e-01;1.170243e-02;1.856453e-02;5.690796e-02;6.657552e-03
1.085488e-02;1.659641e-02;1.582840e-02;4.398295e-03;8.321051e-03;4.395375e-02;3.925596e-01;4.508818e-01;8.725569e-03;1.948781e-02;2.543786e-02;2.954587e-03
2.599997e-02;1.921774e-02;1.881549e-02;1.014995e-02;1.172194e-02;6.007560e-02;3.576459e-01;3.807892e-01;1.668853e-02;1.866957e-02;7.451261e-02;5.713524e-03
5.096896e-02;4.811541e-02;3.148667e-02;1.889769e-02;2.364119e-02;8.543604e-02;1.896573e-01;4.041936e-01;2.543398e-02;2.909907e-02;7.741614e-02;1.565403e-02
4.764676e-02;8.559403e-02;2.333168e-02;1.618446e-02;1.465064e-02;7.137870e-02;3.116743e-01;3.229367e-01;1.438711e-02;2.458574e-02;5.651920e-02;1.111059e-02
3.834232e-02;1.118143e-01;3.038893e-02;1.532425e-02;1.504772e-02;5.808004e-02;4.271019e-01;2.232444e-01;1.666314e-02;2.187639e-02;3.090676e-02;1.120988e-02
3.233343e-02;7.901429e-02;3.264213e-02;1.521931e-02;1.477972e-02;3.343580e-02;3.818936e-01;3.225453e-01;2.178959e-02;1.544310e-02;4.285171e-02;8.052050e-03
5.291304e-02;6.322923e-02;2.930132e-02;2.881506e-02;1.518539e-02;3.834235e-02;3.204149e-01;3.252138e-01;1.408307e-02;1.829619e-02;6.285429e-02;3.135136e-02
1.270507e-01;1.028709e-01;5.206673e-02;6.776439e-02;1.873138e-02;2.488785e-02;1.665706e-01;1.847193e-01;2.342387e-02;3.421686e-02;1.241133e-01;7.358404e-02
1.631465e-01;1.291164e-01;5.885521e-02;9.190131e-02;1.879387e-02;4.009556e-02;8.405552e-02;1.389526e-01;2.109554e-02;3.419356e-02;1.387362e-01;8.105778e-02
1.063460e-01;1.093278e-01;3.930423e-02;9.560218e-02;5.361607e-02;6.554300e-02;1.739153e-01;1.654917e-01;2.204437e-02;2.189021e-02;1.106104e-01;3.630882e-02
5.295739e-02;6.943969e-02;1.986056e-02;6.503032e-02;4.621453e-02;1.746116e-01;2.364700e-01;2.069865e-01;3.174759e-02;1.818621e-02;5.553811e-02;2.295751e-02
3.421786e-02;2.956538e-02;9.224816e-03;3.518816e-02;1.311918e-01;2.758992e-01;1.750625e-01;1.453111e-01;6.936943e-02;1.659072e-02;1.129491e-02;6.708416e-02
6.286277e-03;8.858955e-03;9.972683e-03;2.889685e-02;1.810012e-01;1.808689e-01;2.072180e-01;1.092261e-01;1.275765e-01;1.046953e-02;1.882245e-02;1.108025e-01
8.626644e-03;1.596927e-02;7.673875e-03;3.802801e-02;1.576598e-01;6.827190e-02;1.743122e-01;1.258599e-01;1.913505e-01;2.240879e-02;4.371736e-02;1.461218e-01
4.946233e-03;3.610847e-02;8.605184e-03;9.813495e-02;1.004054e-01;4.353466e-02;5.967633e-02;1.581102e-01;1.790699e-01;3.875528e-02;1.448545e-01;1.277989e-01
1.022957e-02;4.180705e-02;1.062979e-02;1.737214e-01;4.613859e-02;4.980999e-02;1.779556e-02;1.841247e-01;6.703737e-02;2.768253e-02;2.731109e-01;9.791259e-02
1.273179e-02;2.790336e-02;1.804342e-02;2.089599e-01;2.708235e-02;5.507454e-02;1.433899e-02;1.679257e-01;1.586767e-02;2.709639e-02;3.507503e-01;7.422554e-02
2.508949e-02;4.940971e-02;2.954778e-02;2.214750e-01;2.311108e-02;5.680883e-02;1.338920e-02;1.107364e-01;2.125027e-02;3.593117e-02;3.706483e-01;4.260268e-02
8.828060e-02;1.088503e-01;4.138024e-02;2.073092e-01;2.612290e-02;5.983033e-02;2.484787e-02;8.206920e-02;3.344142e-02;2.893805e-02;2.820049e-01;1.692500e-02
1.505998e-01;1.718736e-01;4.793740e-02;1.566249e-01;2.495074e-02;4.864408e-02;3.813044e-02;8.290288e-02;4.085410e-02;3.162197e-02;1.865644e-01;1.929566e-02
1.332936e-01;1.876136e-01;7.117561e-02;8.366352e-02;2.815794e-02;4.362877e-02;8.078897e-02;1.260760e-01;3.160543e-02;3.549081e-02;1.505596e-01;2.794626e-02
8.493651e-02;1.489740e-01;1.432020e-01;5.547841e-02;9.292929e-02;4.817517e-02;9.514723e-02;1.002529e-01;2.774720e-02;2.464953e-02;1.207206e-01;5.778705e-02
6.734000e-02;1.307108e-01;2.089353e-01;4.956810e-02;1.621274e-01;4.312890e-02;5.229860e-02;5.180006e-02;5.831930e-02;1.279469e-02;6.999629e-02;9.298047e-02
4.716336e-02;5.765952e-02;2.209015e-01;4.655743e-02;1.954613e-01;6.195690e-02;1.041708e-01;2.692134e-02;8.370762e-02;9.717770e-03;4.605280e-02;9.972971e-02
6.882622e-02;3.144776e-02;1.650652e-01;4.420552e-02;1.151347e-01;1.782223e-01;1.497893e-01;6.781052e-02;5.107161e-02;2.393307e-02;4.847240e-02;5.602137e-02
6.049808e-02;3.364876e-02;7.648245e-02;6.583787e-02;3.707511e-02;2.679388e-01;2.456933e-01;1.013397e-01;1.152238e-02;4.808591e-02;3.254066e-02;1.933710e-02
3.180557e-02;2.115279e-02;3.300755e-02;8.084337e-02;2.782089e-02;2.288169e-01;3.536993e-01;1.216142e-01;9.431514e-03;4.422374e-02;3.649419e-02;1.108999e-02
3.860395e-02;2.043864e-02;2.413041e-02;5.332029e-02;2.911646e-02;1.561253e-01;4.558206e-01;1.324236e-01;7.819156e-03;2.350497e-02;5.328500e-02;5.411651e-03
3.619616e-02;2.218712e-02;1.973099e-02;2.299719e-02;2.196581e-02;1.242233e-01;5.049823e-01;1.700899e-01;7.429535e-03;8.910057e-03;5.582299e-02;5.464667e-03
1.556836e-02;1.880999e-02;1.424857e-02;1.299970e-02;1.858499e-02;1.291806e-01;5.210230e-01;2.143431e-01;7.188736e-03;6.091235e-03;3.691611e-02;5.045601e-03
3.036302e-02;2.933209e-02;1.489607e-02;1.322975e-02;2.442281e-02;1.676458e-01;4.843472e-01;1.830933e-01;6.092444e-03;1.009167e-02;2.952680e-02;6.959095e-03
4.872885e-02;7.482508e-02;2.690406e-02;1.687327e-02;3.830909e-02;1.950033e-01;3.971226e-01;8.434240e-02;1.286274e-02;1.863762e-02;7.347850e-02;1.291244e-02
5.474138e-02;1.135452e-01;3.977208e-02;2.035583e-02;3.619617e-02;1.425873e-01;3.244236e-01;9.560269e-02;1.479657e-02;1.920027e-02;1.187702e-01;2.000876e-02
7.125707e-02;1.329077e-01;4.512491e-02;3.994276e-02;3.340602e-02;6.960031e-02;2.520560e-01;1.873443e-01;1.556251e-02;2.640200e-02;1.165240e-01;9.872405e-03
4.307156e-02;8.121628e-02;4.376025e-02;5.733641e-02;3.269438e-02;1.018415e-01;3.099751e-01;2.234927e-01;1.231133e-02;2.138832e-02;5.380651e-02;1.910567e-02
5.416213e-02;6.271031e-02;3.394389e-02;3.695639e-02;2.518148e-02;1.045340e-01;3.495298e-01;1.896728e-01;1.679892e-02;3.164881e-02;7.397966e-02;2.088183e-02
5.761928e-02;7.090592e-02;3.005145e-02;4.023667e-02;4.218626e-02;7.258823e-02;2.133346e-01;1.926145e-01;2.023844e-02;5.486681e-02;1.787730e-01;2.658482e-02
3.388396e-02;4.404974e-02;2.032721e-02;2.686736e-02;3.353699e-02;8.538541e-02;2.101382e-01;3.075010e-01;1.769418e-02;5.194563e-02;1.594491e-01;9.221287e-03
1.503051e-02;2.287507e-02;1.606128e-02;9.134028e-03;1.400717e-02;7.895447e-02;3.468976e-01;3.629247e-01;2.172749e-02;3.913606e-02;6.903934e-02;4.212249e-03
3.558305e-03;1.818365e-02;7.481871e-03;4.535821e-03;1.420727e-02;7.217086e-02;4.513743e-01;3.468063e-01;2.814923e-02;2.132327e-02;2.896329e-02;3.245852e-03
7.734840e-03;1.681101e-02;2.942615e-03;1.084436e-02;1.016056e-02;7.463267e-02;5.177156e-01;2.734239e-01;3.046689e-02;1.821790e-02;3.500219e-02;2.047461e-03
1.887176e-02;1.312208e-02;3.449991e-03;2.889087e-02;8.411118e-03;1.592893e-01;4.734573e-01;1.986789e-01;1.949588e-02;4.944233e-02;2.551128e-02;1.379159e-03
3.807490e-02;8.657773e-03;7.079979e-03;3.752352e-02;2.073502e-02;3.126626e-01;3.555604e-01;1.187989e-01;7.160378e-03;8.114310e-02;7.974198e-03;4.629265e-03
4.351065e-02;9.209684e-03;2.265008e-02;2.121906e-02;4.885130e-02;3.057519e-01;3.295085e-01;1.231592e-01;1.799370e-02;5.109947e-02;1.069680e-02;1.634968e-02
2.276253e-02;1.591860e-02;4.243754e-02;1.376494e-02;9.192984e-02;1.837136e-01;4.018301e-01;1.030788e-01;4.411618e-02;1.916601e-02;1.903734e-02;4.224456e-02
2.129250e-02;6.296449e-02;5.618070e-02;2.897587e-02;1.025646e-01;1.116786e-01;3.550917e-01;8.387540e-02;4.854181e-02;3.909391e-02;2.523348e-02;6.450702e-02
6.271953e-02;1.934504e-01;7.320122e-02;5.927317e-02;6.741632e-02;9.309109e-02;1.886491e-01;8.991817e-02;2.449228e-02;5.177760e-02;4.437676e-02;5.163436e-02
1.518990e-01;2.845002e-01;6.795802e-02;5.379800e-02;3.569635e-02;8.748705e-02;1.394964e-01;7.336710e-02;1.350502e-02;4.184516e-02;3.463394e-02;1.581381e-02
2.510974e-01;2.690536e-01;5.585717e-02;4.271696e-02;3.184583e-02;7.419752e-02;1.483141e-01;3.978319e-02;1.438036e-02;4.001426e-02;2.287549e-02;9.864165e-03
3.340091e-01;1.042696e-01;4.578190e-02;3.806103e-02;3.141988e-02;5.608398e-02;1.918913e-01;7.018904e-02;1.665098e-02;4.300095e-02;5.742855e-02;1.121370e-02
3.080406e-01;2.146024e-01;4.179705e-02;2.821241e-02;2.915969e-02;3.671124e-02;1.543784e-01;7.976888e-02;1.245144e-02;4.120679e-02;4.219671e-02;1.147436e-02
3.445106e-01;8.381911e-02;4.645795e-02;4.294371e-02;5.023488e-02;5.930458e-02;1.321897e-01;1.039542e-01;2.189561e-02;4.541428e-02;4.426330e-02;2.501204e-02
2.559045e-01;1.087199e-01;5.428470e-02;6.089737e-02;5.399732e-02;6.712528e-02;7.895108e-02;1.190551e-01;2.534476e-02;5.402843e-02;8.696982e-02;3.472170e-02
2.772507e-01;1.343560e-01;3.372519e-02;3.850468e-02;3.967094e-02;7.137164e-02;1.352070e-01;1.459154e-01;2.473375e-02;3.538329e-02;3.048489e-02;3.339659e-02
2.738047e-01;1.552904e-01;3.594783e-02;2.902664e-02;2.817612e-02;4.628444e-02;1.753156e-01;1.381366e-01;2.321033e-02;2.339509e-02;4.539513e-02;2.601713e-02
1.829984e-01;1.652265e-01;4.322018e-02;4.602385e-02;5.602837e-02;8.203349e-02;1.702848e-01;1.240426e-01;3.173660e-02;2.129441e-02;5.492294e-02;2.218786e-02
1.304134e-01;7.846809e-02;5.513456e-02;4.397102e-02;7.498655e-02;9.896854e-02;1.805773e-01;1.138995e-01;5.265468e-02;4.035891e-02;1.098731e-01;2.069442e-02
1.336455e-01;1.555684e-01;5.095410e-02;3.145265e-02;3.744874e-02;6.900638e-02;1.424977e-01;1.504194e-01;2.696353e-02;4.492305e-02;1.343980e-01;2.272249e-02
1.530406e-01;2.068589e-01;6.182203e-02;5.107632e-02;1.983483e-02;4.431596e-02;1.224525e-01;1.217049e-01;2.564484e-02;4.160414e-02;1.378013e-01;1.384373e-02
1.720936e-01;2.239943e-01;8.781206e-02;9.081908e-02;2.811853e-02;3.308969e-02;8.173013e-02;7.807981e-02;3.086558e-02;3.398640e-02;1.269194e-01;1.249142e-02
1.632691e-01;2.263709e-01;1.003448e-01;1.166956e-01;3.175939e-02;3.031644e-02;5.903389e-02;6.738441e-02;4.276413e-02;2.919277e-02;1.038704e-01;2.899811e-02
1.365736e-01;2.390286e-01;1.010203e-01;1.016445e-01;3.110277e-02;4.729177e-02;7.797845e-02;7.686683e-02;3.137867e-02;4.087224e-02;7.221479e-02;4.402744e-02
9.715899e-02;2.238375e-01;9.791788e-02;1.270679e-01;3.135775e-02;7.112615e-02;7.215881e-02;7.539901e-02;3.045624e-02;5.470698e-02;7.990383e-02;3.890901e-02
4.107333e-02;2.351683e-01;8.244640e-02;2.233576e-01;4.334727e-02;7.928066e-02;3.058537e-02;9.079369e-02;2.267982e-02;2.404583e-02;1.088934e-01;1.832823e-02
3.584935e-02;2.004563e-01;7.810721e-02;2.860127e-01;5.480290e-02;9.164797e-02;1.944072e-02;6.444474e-02;1.808641e-02;1.552644e-02;1.283150e-01;7.310223e-03
3.030769e-02;1.231757e-01;7.025339e-02;3.356811e-01;6.426754e-02;1.100060e-01;1.775101e-02;9.296432e-02;1.440827e-02;2.623301e-02;1.043473e-01;1.060471e-02
1.519230e-02;1.258026e-01;5.057161e-02;3.112735e-01;7.965162e-02;9.885778e-02;1.461424e-02;1.149429e-01;8.065770e-03;6.792772e-02;9.016117e-02;2.293877e-02
2.046958e-02;1.693806e-01;2.490288e-02;2.197052e-01;1.255578e-01;5.547200e-02;2.013203e-02;1.029655e-01;8.324003e-03;1.445293e-01;7.038745e-02;3.817365e-02
1.021228e-02;1.617974e-01;5.103615e-02;1.370175e-01;1.690470e-01;3.954585e-02;3.424994e-02;7.818949e-02;1.243943e-02;1.803814e-01;7.132837e-02;5.475515e-02
2.635125e-02;1.257271e-01;8.708528e-02;1.044023e-01;1.361896e-01;1.228028e-01;7.908769e-02;9.174918e-02;1.332084e-02;1.006776e-01;5.364674e-02;5.895958e-02
4.906007e-02;1.756773e-01;8.341309e-02;6.756306e-02;1.023161e-01;1.860334e-01;1.221409e-01;7.794465e-02;2.186549e-02;4.005109e-02;3.816782e-02;3.576707e-02
8.269041e-02;1.777552e-01;5.366576e-02;5.596958e-02;9.147644e-02;2.542484e-01;1.289640e-01;4.620847e-02;2.378296e-02;3.716055e-02;3.600561e-02;1.207265e-02
9.402730e-02;1.164261e-01;1.762815e-02;5.066931e-02;6.193478e-02;3.399280e-01;1.830488e-01;5.936052e-02;1.282516e-02;3.393321e-02;2.208632e-02;8.132410e-03
7.112757e-02;5.417490e-02;1.203523e-02;5.427334e-02;4.903790e-02;2.600524e-01;3.340182e-01;1.043600e-01;1.244544e-02;2.339539e-02;2.148163e-02;3.597955e-03
2.834362e-02;2.922039e-02;8.584117e-03;3.308105e-02;3.053016e-02;1.191189e-01;5.121897e-01;1.796796e-01;2.580831e-02;8.617125e-03;1.997764e-02;4.849274e-03
6.313525e-03;2.241534e-02;5.023964e-03;1.607387e-02;2.204337e-02;8.166486e-02;5.634104e-01;2.246119e-01;3.105832e-02;8.860284e-03;1.513749e-02;3.386732e-03
9.664346e-03;1.783925e-02;3.307931e-03;2.119634e-02;1.883749e-02;9.528368e-02;5.602779e-01;2.240539e-01;2.442907e-02;1.401397e-02;9.105921e-03;1.990158e-03
1.254502e-02;1.251255e-02;7.512022e-03;3.802515e-02;1.911000e-02;1.443718e-01;5.114806e-01;1.947511e-01;1.296760e-02;3.632423e-02;7.398733e-03;3.001233e-03
1.690960e-02;1.571062e-02;1.789589e-02;3.733511e-02;4.502990e-02;1.882468e-01;4.490001e-01;1.534129e-01;1.176247e-02;4.711130e-02;1.024989e-02;7.335349e-03
2.205305e-02;4.536474e-02;3.471449e-02;4.205819e-02;8.305441e-02;1.651780e-01;3.916521e-01;1.289105e-01;1.966379e-02;3.100162e-02;2.188705e-02;1.446211e-02
3.554168e-02;1.394236e-01;6.389055e-02;8.274458e-02;7.044514e-02;1.015356e-01;2.602515e-01;1.231575e-01;4.165534e-02;2.565213e-02;3.931658e-02;1.638580e-02
8.881208e-02;2.761522e-01;1.153600e-01;6.474303e-02;2.606671e-02;4.017036e-02;1.370611e-01;8.871309e-02;6.379325e-02;4.214852e-02;4.489764e-02;1.208202e-02
1.261788e-01;3.831242e-01;1.014330e-01;3.307730e-02;2.088895e-02;3.834745e-02;1.056315e-01;7.646321e-02;3.836236e-02;3.957027e-02;2.650489e-02;1.041803e-02
1.928220e-01;3.791685e-01;5.687154e-02;2.114213e-02;1.722786e-02;4.685313e-02;1.384004e-01;7.231125e-02;3.245594e-02;1.955870e-02;1.369982e-02;9.488654e-03
3.136581e-01;2.913699e-01;2.387512e-02;1.751892e-02;1.341950e-02;3.833673e-02;1.538485e-01;8.458026e-02;2.870522e-02;1.096556e-02;1.389709e-02;9.825026e-03
3.753466e-01;2.336311e-01;2.616562e-02;1.532760e-02;3.241562e-02;4.191935e-02;1.309475e-01;8.538639e-02;1.317822e-02;1.690955e-02;1.888825e-02;9.884204e-03
4.053428e-01;2.301033e-01;2.564588e-02;8.304972e-03;3.608586e-02;3.856763e-02;8.880734e-02;1.101494e-01;9.399286e-03;1.648771e-02;2.482184e-02;6.284083e-03
3.801329e-01;2.667816e-01;2.440100e-02;1.751642e-02;3.153875e-02;2.916066e-02;8.472383e-02;9.244456e-02;1.923592e-02;1.298265e-02;3.332158e-02;7.760096e-03
2.920008e-01;3.609484e-01;3.787845e-02;2.126998e-02;2.423559e-02;3.271905e-02;7.677185e-02;6.803112e-02;3.558556e-02;1.616378e-02;2.461176e-02;9.783702e-03
1.725363e-01;3.520471e-01;7.214513e-02;2.948885e-02;2.044459e-02;4.448919e-02;9.196236e-02;9.209953e-02;4.192160e-02;3.118016e-02;3.838474e-02;1.330044e-02
7.308226e-02;2.609645e-01;9.505216e-02;8.210191e-02;3.912289e-02;7.181556e-02;1.023224e-01;1.277113e-01;3.353645e-02;2.983940e-02;6.034331e-02;2.410794e-02
6.000392e-02;2.150275e-01;7.912479e-02;9.324291e-02;1.016532e-01;8.766116e-02;9.011295e-02;1.207077e-01;4.032402e-02;1.657621e-02;5.198650e-02;4.357919e-02
5.354138e-02;1.270176e-01;6.906990e-02;4.834360e-02;1.803995e-01;9.671064e-02;1.743935e-01;5.765912e-02;8.157042e-02;1.414402e-02;2.182811e-02;7.532224e-02
3.916729e-02;1.643970e-02;5.995076e-02;2.866021e-02;2.022100e-01;1.134347e-01;2.763548e-01;7.083292e-02;8.690389e-02;1.444015e-02;1.708701e-02;7.451852e-02
3.495383e-02;4.057970e-02;4.243257e-02;2.559181e-02;1.744720e-01;9.033092e-02;2.835055e-01;1.677447e-01;4.599592e-02;1.490072e-02;3.151989e-02;4.797241e-02
3.675006e-02;2.199844e-02;3.129036e-02;2.388337e-02;1.610625e-01;5.722084e-02;3.039477e-01;2.254158e-01;2.989424e-02;2.590285e-02;5.098850e-02;3.164529e-02
3.170126e-02;1.668627e-02;1.972850e-02;1.458191e-02;7.764336e-02;1.344306e-01;4.273756e-01;1.738538e-01;2.138477e-02;1.895391e-02;4.556744e-02;1.809250e-02
1.594006e-02;1.469933e-02;8.304276e-03;1.138012e-02;2.952123e-02;1.349571e-01;4.977157e-01;2.386573e-01;9.700172e-03;8.276270e-03;2.542394e-02;5.424437e-03
1.371729e-02;1.333909e-02;5.522187e-03;8.503621e-03;2.186744e-02;1.075454e-01;5.160724e-01;2.873085e-01;7.979267e-03;3.978232e-03;1.263226e-02;1.534292e-03
1.677687e-02;1.486827e-02;7.530336e-03;6.113795e-03;2.042348e-02;9.195430e-02;4.701152e-01;3.333150e-01;9.169782e-03;4.746652e-03;2.111141e-02;3.875046e-03
4.823101e-02;3.806532e-02;1.539764e-02;1.371235e-02;3.061329e-02;9.409527e-02;2.951714e-01;3.433394e-01;1.750599e-02;1.662214e-02;7.840385e-02;8.842357e-03
6.885699e-02;6.720196e-02;2.865869e-02;2.477828e-02;4.555278e-02;7.276867e-02;2.366344e-01;2.670075e-01;1.622576e-02;2.461207e-02;1.414801e-01;6.222714e-03
3.127791e-02;6.633539e-02;2.973701e-02;1.837221e-02;3.884091e-02;3.943104e-02;3.741138e-01;3.060993e-01;5.600904e-03;1.395480e-02;6.793015e-02;8.306638e-03
1.894869e-02;5.469732e-02;2.603808e-02;1.108507e-02;2.181842e-02;7.093942e-02;4.401176e-01;3.085193e-01;9.492605e-03;1.239132e-02;1.570528e-02;1.024689e-02
2.681950e-02;3.495974e-02;2.270591e-02;1.948645e-02;1.670509e-02;8.821630e-02;4.730764e-01;2.662195e-01;1.511988e-02;1.888129e-02;8.087289e-03;9.722706e-03
3.525716e-02;4.392124e-02;3.235817e-02;3.620576e-02;2.507625e-02;8.840982e-02;3.942794e-01;2.473076e-01;2.770589e-02;3.517534e-02;1.833257e-02;1.597085e-02
4.758978e-02;5.912777e-02;3.893304e-02;7.119129e-02;3.339133e-02;7.100269e-02;3.084981e-01;2.043044e-01;4.779892e-02;4.635606e-02;5.191085e-02;1.989585e-02
5.323242e-02;5.470733e-02;3.641179e-02;1.144905e-01;6.014479e-02;7.271092e-02;2.326942e-01;1.444048e-01;7.873861e-02;4.876719e-02;7.742047e-02;2.627701e-02
3.866073e-02;5.427401e-02;4.172840e-02;1.129526e-01;9.569063e-02;9.462458e-02;1.752492e-01;1.052806e-01;9.906740e-02;7.534035e-02;7.922633e-02;2.790519e-02
4.744641e-02;5.186899e-02;4.400558e-02;1.005358e-01;1.105798e-01;1.570545e-01;1.320180e-01;1.098866e-01;8.518793e-02;7.863218e-02;5.868008e-02;2.410422e-02
5.043593e-02;4.145535e-02;4.181418e-02;1.238224e-01;9.538468e-02;2.049510e-01;1.284746e-01;9.402534e-02;7.989652e-02;7.734475e-02;4.610495e-02;1.629024e-02
4.417529e-02;5.276039e-02;4.809697e-02;6.858153e-02;6.658696e-02;1.749062e-01;1.664452e-01;1.531703e-01;5.954712e-02;1.049997e-01;4.984288e-02;1.088730e-02
4.816015e-02;5.082212e-02;4.569869e-02;5.582163e-02;4.813371e-02;1.469474e-01;1.719981e-01;1.733835e-01;7.765109e-02;1.124825e-01;5.077609e-02;1.812504e-02
4.162905e-02;2.759509e-02;3.301504e-02;7.683972e-02;9.124551e-02;7.386190e-02;1.909858e-01;1.375801e-01;1.275623e-01;8.958809e-02;5.612941e-02;5.396799e-02
4.201239e-02;3.069775e-02;4.042830e-02;6.509314e-02;1.012266e-01;1.064236e-01;1.547376e-01;1.330228e-01;9.324843e-02;8.948077e-02;5.460888e-02;8.901976e-02
4.478939e-02;3.199913e-02;3.965507e-02;7.757480e-02;8.704313e-02;1.277549e-01;1.279734e-01;1.698473e-01;5.662007e-02;9.765763e-02;3.333995e-02;1.057452e-01
3.023871e-02;3.612107e-02;4.769754e-02;1.178932e-01;8.717956e-02;1.072239e-01;1.480521e-01;1.819181e-01;4.522901e-02;7.242307e-02;4.755400e-02;7.846978e-02
4.050208e-02;7.782175e-02;5.042416e-02;1.010248e-01;5.498652e-02;5.762394e-02;1.739253e-01;2.043094e-01;5.653507e-02;5.460494e-02;9.890626e-02;2.933574e-02
5.319981e-02;5.356332e-02;3.638109e-02;5.352092e-02;4.557311e-02;6.227687e-02;2.232492e-01;2.373703e-01;5.100879e-02;3.792009e-02;9.765711e-02;4.827932e-02
6.546436e-02;4.454038e-02;3.301590e-02;3.926639e-02;6.050606e-02;8.010223e-02;2.516896e-01;1.921091e-01;5.395507e-02;2.855529e-02;6.949042e-02;8.130523e-02
1.171513e-01;3.134416e-02;4.530759e-02;2.513473e-02;8.731607e-02;1.299832e-01;2.196417e-01;1.200093e-01;6.558690e-02;2.070088e-02;2.633169e-02;1.114925e-01
8.791537e-02;3.345130e-02;6.135961e-02;1.741312e-02;1.365086e-01;1.772084e-01;1.695311e-01;4.857282e-02;9.263182e-02;1.307195e-02;2.618272e-02;1.361532e-01
4.888912e-02;2.563161e-02;7.961060e-02;1.800368e-02;1.220576e-01;1.941087e-01;1.964756e-01;7.115977e-02;9.655623e-02;1.151787e-02;1.991262e-02;1.160766e-01
7.125347e-02;1.346281e-02;9.614551e-02;1.677907e-02;8.056436e-02;1.855891e-01;2.420873e-01;1.158236e-01;8.501214e-02;1.245720e-02;1.401982e-02;6.680565e-02
1.071814e-01;1.243576e-02;1.214699e-01;1.976875e-02;7.349940e-02;1.426792e-01;2.033547e-01;1.435598e-01;7.947882e-02;1.453691e-02;1.018674e-02;7.184873e-02
1.829327e-01;1.692617e-02;8.866278e-02;3.606145e-02;6.443538e-02;2.401882e-01;7.187244e-02;1.155828e-01;5.095130e-02;4.974275e-02;1.177919e-02;7.086478e-02
1.608180e-01;1.912373e-02;4.298482e-02;1.060877e-01;2.666632e-02;3.036296e-01;1.119989e-01;8.392596e-02;1.625388e-02;8.471098e-02;7.693628e-03;3.610649e-02
9.152155e-02;6.058608e-02;2.117662e-02;1.485602e-01;1.805669e-02;2.168546e-01;2.505527e-01;7.114639e-02;1.940939e-02;7.592669e-02;9.411228e-03;1.679789e-02
4.863352e-02;1.346054e-01;1.100226e-02;8.307340e-02;2.692932e-02;7.695168e-02;4.500408e-01;6.371094e-02;4.784881e-02;2.971791e-02;1.503634e-02;1.244962e-02
1.248549e-02;1.484377e-01;8.188905e-03;3.202959e-02;5.463020e-02;6.100064e-02;5.045483e-01;8.595932e-02;5.598680e-02;1.135985e-02;2.097698e-02;4.396193e-03
1.497364e-02;1.144758e-01;1.249695e-02;6.305379e-02;6.559585e-02;9.406765e-02;4.579769e-01;9.648676e-02;4.343206e-02;9.301038e-03;2.441353e-02;3.725962e-03
2.509110e-02;6.379264e-02;2.857742e-02;9.975306e-02;5.917788e-02;1.089478e-01;3.340614e-01;2.068863e-01;3.338984e-02;1.577226e-02;1.925174e-02;5.298461e-03
3.167922e-02;4.326614e-02;2.982812e-02;8.286027e-02;7.402761e-02;9.632844e-02;2.382786e-01;2.951981e-01;3.466406e-02;1.597905e-02;5.473368e-02;3.156706e-03
2.227912e-02;4.757147e-02;2.578070e-02;4.775253e-02;7.422646e-02;9.240649e-02;2.370010e-01;2.923825e-01;2.988057e-02;2.376914e-02;1.021229e-01;4.827176e-03
3.488812e-02;7.088757e-02;2.665227e-02;5.577123e-02;6.703057e-02;8.886316e-02;2.886766e-01;2.109535e-01;2.062507e-02;2.881890e-02;9.983633e-02;6.996644e-03
4.901128e-02;1.217803e-01;4.251108e-02;8.290804e-02;7.521787e-02;7.352018e-02;1.197460e-01;2.624382e-01;4.647670e-02;2.440124e-02;9.235388e-02;9.635190e-03
5.811104e-02;1.297206e-01;5.033542e-02;5.154740e-02;5.983220e-02;8.211489e-02;2.534089e-01;1.992933e-01;4.076175e-02;4.148226e-02;2.464621e-02;8.746001e-03
4.445262e-02;1.062513e-01;4.735909e-02;7.760942e-02;5.735947e-02;9.597482e-02;2.088148e-01;1.690668e-01;3.792668e-02;9.082152e-02;5.284873e-02;1.151477e-02
3.054517e-02;6.079095e-02;3.331736e-02;1.008568e-01;8.421614e-02;9.400722e-02;1.860665e-01;1.971299e-01;3.872402e-02;1.214860e-01;2.904949e-02;2.381051e-02
3.873585e-02;4.925229e-02;2.820715e-02;1.187190e-01;7.427707e-02;1.344317e-01;2.024985e-01;1.420591e-01;6.255109e-02;9.470142e-02;3.491846e-02;1.964839e-02
6.290641e-02;5.751901e-02;3.329899e-02;6.805960e-02;3.701271e-02;1.290835e-01;2.100990e-01;1.360997e-01;1.042991e-01;9.753370e-02;5.696258e-02;7.125711e-03
5.466527e-02;6.474598e-02;4.941195e-02;3.076035e-02;2.363014e-02;1.064830e-01;2.495830e-01;1.951070e-01;7.025845e-02;5.578285e-02;8.185832e-02;1.771365e-02
3.436879e-02;7.181619e-02;6.862833e-02;2.995371e-02;3.084018e-02;9.784567e-02;2.891710e-01;2.097284e-01;4.069860e-02;2.588452e-02;7.235008e-02;2.871448e-02
5.748102e-02;1.394394e-01;7.237920e-02;5.518423e-02;4.087107e-02;8.251237e-02;2.506293e-01;1.629705e-01;3.043070e-02;2.884320e-02;4.602010e-02;3.323885e-02
1.689008e-01;2.511037e-01;6.169198e-02;5.535493e-02;3.416460e-02;6.816376e-02;1.636853e-01;8.114631e-02;2.763729e-02;2.902305e-02;3.121099e-02;2.791739e-02
2.755285e-01;2.821945e-01;4.426996e-02;3.603723e-02;2.334504e-02;4.740144e-02;1.242085e-01;8.620238e-02;1.494384e-02;2.141999e-02;2.243500e-02;2.201360e-02
2.045397e-01;2.911430e-01;6.075468e-02;5.381921e-02;3.255467e-02;3.617730e-02;5.918728e-02;1.101441e-01;1.722135e-02;4.222344e-02;6.496246e-02;2.727274e-02
7.547890e-02;2.302950e-01;7.093794e-02;9.206977e-02;4.269057e-02;6.493686e-02;1.238469e-01;1.237003e-01;2.567797e-02;4.417426e-02;6.660479e-02;3.958680e-02
7.350994e-02;1.159222e-01;3.421241e-02;6.658244e-02;4.973632e-02;1.151080e-01;1.615672e-01;1.114430e-01;5.983422e-02;7.170068e-02;8.482219e-02;5.556135e-02
7.563605e-02;7.731722e-02;2.088299e-02;3.399780e-02;4.307963e-02;1.843632e-01;1.745514e-01;8.262120e-02;9.477789e-02;9.449340e-02;6.885603e-02;4.942315e-02
1.026007e-01;4.882665e-02;1.442991e-02;1.321460e-02;2.697550e-02;3.019698e-01;1.929879e-01;6.306984e-02;1.072928e-01;8.102743e-02;2.695697e-02;2.064784e-02
1.098040e-01;1.971837e-02;9.691795e-03;1.139587e-02;4.297384e-02;4.103050e-01;2.147073e-01;4.838324e-02;5.564236e-02;5.887388e-02;1.029183e-02;8.212606e-03
9.781484e-02;2.194330e-02;6.808163e-03;1.480201e-02;6.883316e-02;4.014952e-01;2.413381e-01;6.746531e-02;1.132864e-02;4.938890e-02;9.548302e-03;9.234090e-03
9.106800e-02;2.785059e-02;6.089953e-03;2.266247e-02;8.626344e-02;3.266339e-01;2.620462e-01;9.134170e-02;1.128185e-02;3.828529e-02;1.179122e-02;2.468528e-02
1.047989e-01;5.588319e-02;1.455758e-02;2.662044e-02;8.791769e-02;2.294079e-01;2.353700e-01;8.626557e-02;2.765144e-02;4.169339e-02;2.545252e-02;6.438153e-02
9.892003e-02;1.497462e-01;5.545479e-02;3.317443e-02;6.187117e-02;2.049871e-01;1.305260e-01;5.876161e-02;3.054864e-02;3.644999e-02;4.851095e-02;9.104902e-02
1.037918e-01;2.608910e-01;9.116693e-02;3.156622e-02;3.923663e-02;2.141742e-01;6.042888e-02;5.961743e-02;3.582203e-02;3.782336e-02;2.666028e-02;3.882132e-02
9.712207e-02;2.789328e-01;1.021550e-01;4.752366e-02;4.627563e-02;1.485153e-01;1.092571e-01;4.713994e-02;4.516397e-02;2.896673e-02;3.326442e-02;1.568338e-02
4.295819e-02;1.281897e-01;6.505250e-02;6.641518e-02;2.209457e-02;9.700330e-02;2.007140e-01;1.982612e-01;3.818655e-02;2.806977e-02;8.981054e-02;2.324447e-02
6.731076e-02;5.058728e-02;4.262952e-02;8.282321e-02;9.425316e-03;6.317973e-02;1.695194e-01;2.519070e-01;7.512040e-02;3.028746e-02;1.463724e-01;1.083755e-02
1.044235e-01;3.423255e-02;2.770062e-02;1.320212e-01;6.677742e-03;4.591985e-02;8.874239e-02;2.453941e-01;1.237318e-01;3.387380e-02;1.466358e-01;1.064670e-02
1.197147e-01;3.832211e-02;1.005008e-02;1.921477e-01;8.586206e-03;3.045950e-02;1.339823e-01;2.278852e-01;1.524023e-01;2.818011e-02;5.012340e-02;8.146394e-03
9.813361e-02;4.282353e-02;7.185707e-03;1.963262e-01;2.654398e-02;1.008683e-02;2.043399e-01;1.695039e-01;1.398090e-01;4.116804e-02;5.977073e-02;4.308696e-03
6.981003e-02;3.159578e-02;9.370815e-03;1.015576e-01;7.896593e-02;1.744531e-02;2.139023e-01;1.820909e-01;1.101941e-01;6.953108e-02;1.118288e-01;3.707293e-03
3.826308e-02;1.073588e-02;8.315740e-03;5.439804e-02;7.009108e-02;4.604272e-02;2.187754e-01;3.088622e-01;8.364433e-02;4.973831e-02;1.063773e-01;4.755907e-03
1.473897e-02;8.669429e-03;6.046112e-03;4.652842e-02;2.797217e-02;9.270780e-02;2.859340e-01;3.649972e-01;6.777661e-02;2.646839e-02;5.439590e-02;3.765030e-03
1.645039e-02;1.450481e-02;7.132143e-03;2.619471e-02;1.508516e-02;1.341559e-01;3.386212e-01;3.524117e-01;4.642153e-02;2.078344e-02;2.361947e-02;4.619597e-03
3.290742e-02;2.825307e-02;1.362416e-02;2.494124e-02;2.351139e-02;1.392590e-01;3.360361e-01;3.073835e-01;2.817235e-02;2.297224e-02;3.685576e-02;6.083839e-03
9.809136e-02;7.489813e-02;1.980892e-02;4.155504e-02;2.679059e-02;1.007726e-01;1.778615e-01;3.067205e-01;3.798464e-02;2.992384e-02;7.344087e-02;1.215206e-02
6.907981e-02;1.015161e-01;2.706953e-02;3.696068e-02;2.659637e-02;1.028953e-01;2.181927e-01;2.211936e-01;5.028899e-02;3.288448e-02;1.073095e-01;6.012874e-03
4.882604e-02;7.957637e-02;3.302520e-02;4.305669e-02;2.004900e-02;1.250932e-01;3.100331e-01;1.483963e-01;7.474448e-02;3.728279e-02;7.119069e-02;8.726163e-03
6.427849e-02;6.026980e-02;2.673523e-02;5.182414e-02;5.638057e-02;8.387390e-02;2.673293e-01;2.363513e-01;4.396032e-02;6.032046e-02;2.939172e-02;1.928480e-02
8.309382e-02;7.684779e-02;2.927168e-02;7.059291e-02;1.142185e-01;8.468946e-02;1.838832e-01;1.050584e-01;2.106971e-02;7.731202e-02;1.285144e-01;2.544805e-02
4.814856e-02;4.749125e-02;1.591339e-02;5.107760e-02;1.259764e-01;5.039255e-02;7.170176e-02;1.311281e-01;2.842914e-02;8.652727e-02;3.280191e-01;1.519481e-02
2.052351e-02;1.965584e-02;7.844005e-03;3.894698e-02;8.690535e-02;2.377637e-02;9.540054e-02;1.846875e-01;4.791616e-02;8.915018e-02;3.800003e-01;5.193338e-03
2.491541e-02;1.077554e-02;3.874985e-03;5.746488e-02;3.737931e-02;2.288178e-02;1.297570e-01;2.942703e-01;7.494595e-02;6.264264e-02;2.757688e-01;5.323485e-03
2.413536e-02;5.951718e-03;3.852909e-03;9.088673e-02;6.892028e-03;2.736389e-02;1.291283e-01;4.298068e-01;1.075807e-01;5.067611e-02;1.193755e-01;4.349897e-03
1.968917e-02;1.041028e-02;5.992407e-03;6.957220e-02;9.507689e-03;5.171322e-02;1.625150e-01;4.886662e-01;8.008368e-02;3.439447e-02;6.306749e-02;4.388144e-03
1.367163e-02;1.110175e-02;8.554056e-03;3.275613e-02;1.627698e-02;7.218634e-02;2.507367e-01;4.769475e-01;3.950316e-02;2.726569e-02;4.736118e-02;3.638853e-03
1.144539e-02;1.138327e-02;6.089505e-03;2.113929e-02;2.407722e-02;6.969462e-02;3.527696e-01;4.266426e-01;2.005668e-02;2.378340e-02;3.063004e-02;2.288371e-03
1.009171e-02;1.524925e-02;5.616748e-03;1.756158e-02;2.827926e-02;8.039866e-02;4.088517e-01;3.770756e-01;1.330016e-02;1.684447e-02;2.100393e-02;5.726974e-03
1.819987e-02;1.871413e-02;1.376126e-02;2.516979e-02;3.262929e-02;1.114111e-01;3.526624e-01;3.133184e-01;2.189548e-02;2.495362e-02;5.908363e-02;8.201088e-03
5.629277e-02;7.043342e-02;4.476316e-02;6.732424e-02;5.372317e-02;1.364852e-01;1.895286e-01;1.735428e-01;5.313138e-02;6.158112e-02;7.740492e-02;1.578918e-02
4.915885e-02;6.736479e-02;5.448909e-02;6.444217e-02;6.716619e-02;9.116827e-02;2.799312e-01;1.195499e-01;4.055951e-02;8.432672e-02;6.257574e-02;1.926753e-02
3.852135e-02;4.812481e-02;3.737014e-02;4.438609e-02;6.896813e-02;4.849666e-02;2.684967e-01;2.403514e-01;3.658429e-02;1.232694e-01;2.660349e-02;1.882756e-02
2.653275e-02;4.248772e-02;2.363579e-02;2.333344e-02;7.180454e-02;7.395369e-02;3.005851e-01;1.882975e-01;6.248804e-02;1.242956e-01;5.079056e-02;1.179524e-02
2.345263e-02;3.028963e-02;3.251365e-02;2.742795e-02;6.084466e-02;1.004672e-01;2.729238e-01;2.347897e-01;7.126981e-02;8.952416e-02;4.331993e-02;1.317691e-02
5.267054e-02;6.435412e-02;4.916114e-02;6.546032e-02;7.698030e-02;1.230719e-01;1.241721e-01;2.176748e-01;4.878448e-02;1.024380e-01;5.577264e-02;1.945962e-02
2.880078e-02;6.401933e-02;3.949888e-02;4.147229e-02;4.813867e-02;8.506209e-02;2.221567e-01;2.533562e-01;3.941339e-02;5.358883e-02;1.010896e-01;2.340320e-02
4.832780e-02;3.285447e-02;2.068502e-02;1.780834e-02;1.929659e-02;6.291681e-02;2.452245e-01;4.082398e-01;4.087484e-02;2.419429e-02;6.474490e-02;1.483273e-02
3.062284e-02;1.873484e-02;1.302086e-02;1.107681e-02;8.319525e-03;7.779120e-02;2.615425e-01;4.705535e-01;3.135535e-02;1.967835e-02;5.234647e-02;4.957726e-03
1.048560e-02;1.128172e-02;1.447850e-02;1.092478e-02;9.260640e-03;7.333163e-02;3.295723e-01;4.202357e-01;2.648090e-02;2.484770e-02;6.602931e-02;3.071237e-03
9.459205e-03;1.072321e-02;1.360556e-02;1.132968e-02;1.443626e-02;6.490889e-02;4.326342e-01;3.432664e-01;2.470623e-02;2.219285e-02;4.915820e-02;3.579288e-03
1.211489e-02;1.125024e-02;1.067154e-02;8.597061e-03;1.918232e-02;6.904674e-02;4.920466e-01;2.997549e-01;1.901216e-02;1.432887e-02;3.947423e-02;4.520494e-03
2.132179e-02;2.643454e-02;1.257437e-02;1.462442e-02;2.493461e-02;9.320197e-02;4.706808e-01;2.778867e-01;1.643186e-02;1.498369e-02;1.872538e-02;8.199915e-03
3.856293e-02;5.798392e-02;3.156866e-02;5.039341e-02;3.799386e-02;1.104131e-01;1.988185e-01;2.385156e-01;3.257680e-02;3.869610e-02;1.490808e-01;1.539641e-02
2.741145e-02;4.169882e-02;3.124244e-02;4.748868e-02;3.413135e-02;8.810595e-02;3.261953e-01;2.565332e-01;2.526652e-02;2.336677e-02;9.044940e-02;8.110174e-03
3.855138e-02;4.091113e-02;4.021040e-02;7.208813e-02;7.797754e-02;1.009063e-01;2.711668e-01;2.102776e-01;3.646249e-02;3.039651e-02;5.112174e-02;2.992995e-02
4.851497e-02;4.394025e-02;4.441514e-02;9.868167e-02;1.025574e-01;1.125908e-01;1.984011e-01;1.483862e-01;5.178376e-02;3.678217e-02;7.617360e-02;3.777292e-02
7.735945e-02;4.384333e-02;3.421329e-02;7.539133e-02;9.900799e-02;1.009451e-01;1.998153e-01;1.166398e-01;5.446941e-02;3.907359e-02;1.254992e-01;3.374212e-02
7.909745e-02;2.222528e-02;2.409391e-02;1.105171e-01;3.122215e-02;4.529702e-02;1.546776e-01;1.701882e-01;4.210883e-02;3.896381e-02;2.680825e-01;1.352620e-02
2.588989e-02;2.254133e-02;2.385316e-02;2.062330e-01;2.385609e-02;7.529497e-03;7.473969e-02;1.708873e-01;4.960373e-02;4.258781e-02;3.447508e-01;7.527773e-03
2.130361e-02;1.762543e-02;1.082153e-02;2.496162e-01;2.272591e-02;6.259624e-03;3.960436e-02;1.474387e-01;6.577249e-02;6.371923e-02;3.505087e-01;4.604242e-03
2.477684e-02;1.551419e-02;1.411872e-02;1.959129e-01;4.780910e-02;7.805143e-03;3.581256e-02;1.706689e-01;1.062522e-01;9.893268e-02;2.804918e-01;1.904969e-03
1.298446e-02;6.249026e-03;2.271332e-02;2.207878e-01;2.980926e-02;9.014667e-03;1.048073e-01;3.018883e-01;1.016282e-01;6.382895e-02;1.235320e-01;2.756668e-03
7.105564e-03;1.261666e-02;4.762278e-02;1.903142e-01;1.469416e-02;2.011098e-02;1.843449e-01;3.531562e-01;6.911616e-02;2.848419e-02;6.879642e-02;3.637721e-03
6.882289e-03;2.344085e-02;7.821550e-02;1.052222e-01;1.305162e-02;3.565889e-02;2.885997e-01;3.286217e-01;3.757241e-02;2.112687e-02;5.491871e-02;6.689247e-03
1.133238e-02;3.500265e-02;7.672060e-02;4.917448e-02;1.560397e-02;4.736210e-02;3.890373e-01;2.931339e-01;1.796492e-02;2.038228e-02;3.776134e-02;6.524129e-03
8.393131e-03;2.409066e-02;4.673710e-02;4.540774e-02;4.190259e-02;3.176759e-02;3.986528e-01;3.198761e-01;1.651956e-02;1.425490e-02;4.797901e-02;4.418777e-03
9.381295e-03;1.959951e-02;1.748080e-02;5.572299e-02;4.908827e-02;6.631344e-02;4.362882e-01;2.928036e-01;7.082094e-03;7.757997e-03;3.421101e-02;4.270823e-03
1.194242e-02;9.802992e-03;1.401268e-02;3.917363e-02;3.711279e-02;1.242518e-01;4.841769e-01;2.385310e-01;6.279060e-03;1.334430e-02;1.996040e-02;1.412021e-03
2.211911e-02;6.263735e-03;1.797459e-02;3.249189e-02;3.800389e-02;2.074375e-01;4.752645e-01;1.552315e-01;7.067551e-03;2.524510e-02;8.495775e-03;4.404773e-03
2.698564e-02;6.871597e-03;3.305202e-02;2.343305e-02;9.457581e-02;2.424731e-01;4.232352e-01;7.586204e-02;1.292123e-02;3.129999e-02;1.020377e-02;1.908657e-02
1.892000e-02;2.561458e-02;4.146531e-02;2.351257e-02;1.812033e-01;1.810224e-01;3.592316e-01;7.955629e-02;2.116978e-02;1.829790e-02;8.844741e-03;4.116157e-02
1.728418e-02;4.797010e-02;4.804102e-02;4.086026e-02;2.331067e-01;1.247418e-01;2.476380e-01;1.103241e-01;2.480606e-02;1.431391e-02;1.986743e-02;7.104656e-02
5.313025e-02;1.116955e-01;5.571163e-02;6.437689e-02;1.638263e-01;1.404507e-01;1.785834e-01;8.108517e-02;2.173437e-02;2.267998e-02;3.817449e-02;6.855141e-02
3.553722e-02;5.940274e-02;1.896280e-02;3.497694e-02;8.563924e-02;1.552220e-01;3.423510e-01;1.968399e-01;1.579946e-02;1.386708e-02;1.632587e-02;2.507565e-02
1.428077e-02;2.487714e-02;8.752807e-03;5.158395e-02;4.409381e-02;1.452683e-01;4.467787e-01;2.218078e-01;9.504698e-03;1.204824e-02;1.314814e-02;7.855553e-03
8.973049e-03;1.243899e-02;6.805275e-03;8.491818e-02;2.199740e-02;1.410449e-01;5.184262e-01;1.816714e-01;4.427263e-03;1.064272e-02;5.724442e-03;2.930241e-03
6.211100e-03;1.099200e-02;3.278787e-03;9.751655e-02;1.237968e-02;1.282922e-01;5.471916e-01;1.796150e-01;2.950006e-03;6.386900e-03;4.485784e-03;7.004361e-04
5.295962e-03;1.110247e-02;3.587568e-03;7.797233e-02;1.123023e-02;1.003250e-01;5.420799e-01;2.302320e-01;7.994777e-03;5.776655e-03;3.560381e-03;8.427595e-04
4.617719e-03;1.940943e-02;2.385911e-03;3.959680e-02;1.660682e-02;7.240601e-02;5.430725e-01;2.764772e-01;1.598159e-02;3.352197e-03;4.864295e-03;1.229527e-03
3.771135e-03;2.282001e-02;2.580761e-03;1.211343e-02;4.857846e-02;5.035511e-02;5.080104e-01;3.128108e-01;2.191494e-02;3.346086e-03;1.208888e-02;1.609904e-03
2.587933e-03;1.915333e-02;6.461390e-03;6.892852e-03;8.725974e-02;3.772965e-02;4.491909e-01;3.551418e-01;2.031463e-02;2.758603e-03;1.032786e-02;2.181381e-03
3.378619e-03;1.426950e-02;1.241509e-02;3.498162e-03;9.207871e-02;2.552938e-02;4.077930e-01;4.173701e-01;1.228888e-02;1.847968e-03;7.602983e-03;1.927592e-03
7.993751e-03;3.577734e-02;2.125598e-02;2.839549e-03;5.557922e-02;1.434191e-02;3.570946e-01;4.838516e-01;8.277771e-03;3.245392e-03;6.866775e-03;2.876097e-03
1.100246e-02;4.370354e-02;3.212873e-02;2.765591e-03;1.610982e-02;2.103242e-02;3.282999e-01;5.029663e-01;6.754671e-03;4.357808e-03;2.807911e-02;2.799595e-03
8.694730e-03;2.266436e-02;3.702790e-02;3.210610e-03;8.486434e-03;2.872650e-02;3.306823e-01;4.949819e-01;5.302269e-03;6.977145e-03;4.846491e-02;4.780862e-03
5.310603e-03;6.716586e-03;3.721620e-02;2.268217e-03;5.267312e-03;2.587597e-02;3.555015e-01;5.025136e-01;5.847315e-03;1.005889e-02;3.884856e-02;4.575254e-03
6.939957e-03;8.649355e-03;3.332826e-02;1.976543e-03;3.136600e-03;2.485421e-02;4.083321e-01;4.704761e-01;4.836840e-03;7.990175e-03;2.678475e-02;2.695070e-03
6.362185e-03;1.755854e-02;2.715103e-02;1.972442e-03;6.845271e-03;4.656635e-02;4.580624e-01;4.064790e-01;4.167585e-03;4.668378e-03;1.758816e-02;2.578705e-03
4.793073e-03;3.192712e-02;2.187760e-02;4.894068e-04;1.451507e-02;6.528114e-02;4.778518e-01;3.660697e-01;3.247744e-03;1.721381e-03;1.044196e-02;1.784010e-03
9.140583e-03;4.365296e-02;1.330757e-02;4.031048e-03;1.428077e-02;6.140855e-02;5.179618e-01;3.188938e-01;3.040508e-03;2.133711e-03;9.745985e-03;2.402761e-03
3.419563e-02;3.839878e-02;1.106897e-02;4.978487e-03;1.134927e-02;8.416720e-02;5.409371e-01;2.479651e-01;3.700218e-03;6.415919e-03;1.038165e-02;6.441680e-03
9.389487e-02;3.753348e-02;7.006461e-03;9.941713e-03;2.574018e-02;1.500825e-01;4.313176e-01;1.572132e-01;7.023919e-03;1.226268e-02;1.650436e-02;5.147899e-02
1.182542e-01;3.866617e-02;1.766247e-02;3.302874e-02;6.445039e-02;1.638416e-01;2.617933e-01;4.379708e-02;1.252990e-02;1.986664e-02;6.713846e-02;1.589710e-01
6.592998e-02;1.112564e-01;5.031338e-02;5.686047e-02;5.498356e-02;8.966968e-02;1.720031e-01;6.233704e-02;2.064774e-02;3.580869e-02;1.169702e-01;1.632197e-01
1.352864e-01;2.461827e-01;6.473744e-02;4.141317e-02;1.746031e-02;3.718172e-02;1.272434e-01;8.058925e-02;3.433773e-02;4.983224e-02;8.519771e-02;8.053809e-02
2.710528e-01;2.728618e-01;3.897475e-02;1.858564e-02;5.815390e-03;2.266393e-02;9.090399e-02;8.037501e-02;3.736489e-02;3.308085e-02;9.558892e-02;3.273192e-02
2.612572e-01;1.400377e-01;1.740796e-02;1.396709e-02;6.960046e-03;1.946501e-02;7.664337e-02;7.645659e-02;1.954894e-02;2.263838e-02;3.009856e-01;4.463202e-02
