9.164478e-02;7.762212e-02;8.805045e-02;6.475163e-02;7.417654e-02;7.496200e-02;1.101480e-01;6.597569e-02;8.523598e-02;1.254655e-01;9.921665e-02;4.275057e-02
9.962866e-02;1.012378e-01;9.691720e-02;6.452843e-02;5.989821e-02;6.643704e-02;1.022982e-01;9.622257e-02;9.282984e-02;1.043608e-01;8.224428e-02;3.339685e-02
7.521707e-02;7.104009e-02;1.116261e-01;5.010845e-02;7.983515e-02;4.802045e-02;9.126130e-02;1.542920e-01;1.102020e-01;8.009020e-02;8.049925e-02;4.780793e-02
7.237551e-02;6.977180e-02;9.485104e-02;5.387455e-02;1.018375e-01;4.320792e-02;1.026712e-01;1.247909e-01;1.029754e-01;1.004917e-01;7.372562e-02;5.942676e-02
6.840871e-02;7.629491e-02;7.115789e-02;9.017878e-02;1.082575e-01;5.605493e-02;1.305247e-01;8.080699e-02;8.104885e-02;1.282686e-01;6.834635e-02;4.065186e-02
4.429358e-02;1.029616e-01;6.767751e-02;1.322067e-01;1.109499e-01;7.995642e-02;1.223028e-01;5.102218e-02;8.980031e-02;1.128494e-01;5.699130e-02;2.898833e-02
5.121353e-02;8.619327e-02;1.052788e-01;1.150073e-01;1.160098e-01;8.799211e-02;7.021379e-02;7.372340e-02;1.006101e-01;9.483822e-02;4.874707e-02;5.017268e-02
3.700743e-02;7.178161e-02;1.170909e-01;7.055163e-02;1.169868e-01;5.226842e-02;1.202394e-01;9.604600e-02;1.256188e-01;9.270162e-02;4.811027e-02;5.159711e-02
3.694131e-02;7.849554e-02;1.005484e-01;5.289035e-02;1.250874e-01;3.541521e-02;1.578040e-01;7.514152e-02;1.420911e-01;8.903579e-02;6.400553e-02;4.254390e-02
6.020521e-02;6.813003e-02;7.561303e-02;7.092232e-02;1.183833e-01;4.489360e-02;1.891750e-01;6.097046e-02;1.369234e-01;8.135829e-02;6.717166e-02;2.625370e-02
6.914669e-02;7.207935e-02;1.113136e-01;7.169992e-02;9.479337e-02;4.372161e-02;1.780444e-01;6.033014e-02;9.400710e-02;8.374666e-02;7.574926e-02;4.536788e-02
8.945876e-02;7.768365e-02;1.602421e-01;6.213418e-02;6.675205e-02;6.770706e-02;1.663288e-01;8.634741e-02;8.356463e-02;6.476769e-02;4.397201e-02;3.104175e-02
6.265029e-02;4.801306e-02;1.335005e-01;4.386283e-02;4.381487e-02;7.213622e-02;1.781266e-01;1.244662e-01;1.388510e-01;7.025883e-02;4.454869e-02;3.977080e-02
4.417813e-02;2.256282e-02;9.954572e-02;3.232472e-02;4.016796e-02;6.803641e-02;1.545161e-01;1.613262e-01;1.562718e-01;9.808141e-02;6.268460e-02;6.030419e-02
6.793564e-02;2.522890e-02;6.738267e-02;3.928184e-02;4.443683e-02;6.619836e-02;1.113722e-01;1.556450e-01;1.095110e-01;1.183758e-01;9.108087e-02;1.035508e-01
1.055686e-01;1.951446e-02;5.206890e-02;6.386111e-02;5.971840e-02;7.098369e-02;6.261464e-02;9.643625e-02;9.591652e-02;1.172610e-01;1.301096e-01;1.259469e-01
9.858333e-02;2.058404e-02;5.110548e-02;9.530035e-02;4.269198e-02;5.848243e-02;1.209395e-01;4.113711e-02;6.902502e-02;1.330774e-01;1.155334e-01;1.535400e-01
9.472194e-02;2.526462e-02;3.830618e-02;8.829815e-02;6.644866e-02;3.263567e-02;1.092160e-01;1.240420e-01;6.534924e-02;1.277151e-01;9.325700e-02;1.347454e-01
1.383249e-01;4.050632e-02;3.724529e-02;3.773444e-02;9.115948e-02;3.108552e-02;6.293084e-02;1.653160e-01;1.136954e-01;9.654325e-02;1.096820e-01;7.577651e-02
1.474679e-01;7.783110e-02;4.680100e-02;2.817080e-02;5.324937e-02;5.650022e-02;3.336533e-02;1.063650e-01;2.203190e-01;9.188907e-02;1.018094e-01;3.623179e-02
1.176048e-01;1.110829e-01;5.293756e-02;2.605502e-02;2.009494e-02;6.315500e-02;3.372926e-02;1.022250e-01;3.040392e-01;6.842385e-02;6.921319e-02;3.143920e-02
7.772890e-02;1.213374e-01;7.464445e-02;2.287459e-02;2.507097e-02;6.201468e-02;5.316373e-02;1.535396e-01;2.790664e-01;5.692001e-02;5.112332e-02;2.251587e-02
6.020999e-02;1.239409e-01;1.071186e-01;2.017279e-02;2.667980e-02;9.080558e-02;4.129321e-02;1.015909e-01;3.038180e-01;4.995547e-02;5.223018e-02;2.218461e-02
6.033175e-02;1.549609e-01;1.484501e-01;1.545080e-02;3.317102e-02;1.057842e-01;2.187475e-02;3.445849e-02;3.213471e-01;4.121736e-02;4.338275e-02;1.957078e-02
4.792666e-02;1.868766e-01;1.859389e-01;1.835823e-02;2.685026e-02;1.068300e-01;1.212788e-02;2.314669e-02;3.027678e-01;4.043182e-02;2.636302e-02;2.238203e-02
6.113438e-02;1.744749e-01;1.973317e-01;1.947784e-02;2.021051e-02;1.174502e-01;1.472934e-02;3.698513e-02;2.827237e-01;4.546227e-02;1.077893e-02;1.924122e-02
5.056037e-02;1.822453e-01;2.120531e-01;1.293814e-02;2.089816e-02;1.073163e-01;8.913600e-03;3.480094e-02;2.707654e-01;6.501180e-02;1.900907e-02;1.548775e-02
3.699759e-02;1.531002e-01;1.951519e-01;1.363401e-02;1.495172e-02;6.796464e-02;1.087091e-02;3.503649e-02;1.748706e-01;2.045190e-01;6.524994e-02;2.765293e-02
1.508819e-02;8.547512e-02;1.504251e-01;9.579240e-03;1.314756e-02;3.094884e-02;1.499611e-02;4.273495e-02;4.451687e-02;4.130768e-01;1.325333e-01;4.747792e-02
1.263840e-02;4.113806e-02;1.242628e-01;6.089013e-03;1.501794e-02;1.825068e-02;1.974019e-02;3.845086e-02;9.332144e-02;4.542273e-01;1.225534e-01;5.431001e-02
2.681149e-02;3.135763e-02;1.696419e-01;7.067308e-03;2.927280e-02;1.425536e-02;5.638373e-02;2.755413e-02;7.997058e-02;4.595439e-01;5.598545e-02;4.215571e-02
5.760622e-02;2.200102e-02;2.038492e-01;8.947814e-03;4.010244e-02;1.383119e-02;1.090254e-01;1.241664e-02;2.894001e-02;4.746791e-01;1.181976e-02;1.678120e-02
9.355964e-02;1.436220e-02;1.716604e-01;1.126023e-02;3.201002e-02;1.505507e-02;1.122583e-01;6.185045e-03;1.767215e-02;4.863019e-01;3.370026e-02;5.974765e-03
9.869572e-02;6.497744e-03;1.467534e-01;1.309401e-02;2.540277e-02;1.307933e-02;8.966443e-02;1.059849e-02;9.021545e-02;4.735069e-01;2.533926e-02;7.152424e-03
7.909977e-02;1.523665e-02;1.422484e-01;1.846245e-02;2.150894e-02;1.271646e-02;6.819568e-02;3.122688e-02;1.732822e-01;4.050982e-01;2.486855e-02;8.055787e-03
6.731808e-02;4.216919e-02;1.703824e-01;3.422723e-02;1.804174e-02;1.361530e-02;5.584594e-02;4.533627e-02;1.519735e-01;3.287345e-01;5.736420e-02;1.499173e-02
9.620379e-02;6.166499e-02;2.129396e-01;3.578744e-02;1.180898e-02;1.391370e-02;6.157156e-02;3.546596e-02;1.107996e-01;2.817560e-01;5.621091e-02;2.187744e-02
7.520439e-02;7.433879e-02;2.285352e-01;1.813714e-02;8.446896e-03;1.465354e-02;7.907537e-02;2.231012e-02;1.248657e-01;2.905231e-01;4.094546e-02;2.296427e-02
8.240963e-02;9.601185e-02;3.110527e-01;1.495191e-02;7.995799e-03;1.078872e-02;7.168539e-02;2.655797e-02;9.806977e-02;2.298300e-01;2.995693e-02;2.068933e-02
1.108364e-01;1.297543e-01;3.375301e-01;1.697465e-02;1.014856e-02;1.316382e-02;4.646551e-02;3.876450e-02;8.734478e-02;1.518263e-01;4.117597e-02;1.601512e-02
1.160477e-01;1.228150e-01;3.149326e-01;2.741159e-02;2.269915e-02;2.833968e-02;4.073809e-02;2.560137e-02;1.228840e-01;1.171234e-01;3.499157e-02;2.641591e-02
5.481974e-02;8.078867e-02;3.393476e-01;9.213060e-02;6.153160e-02;3.832358e-02;6.502367e-02;2.381937e-02;6.982081e-02;1.181569e-01;3.057943e-02;2.565796e-02
4.701519e-02;3.735363e-02;2.848417e-01;1.976563e-01;8.905685e-02;6.598037e-02;6.210072e-02;2.037239e-02;2.676135e-02;9.268647e-02;5.846989e-02;1.770519e-02
3.773732e-02;1.598760e-02;2.329920e-01;2.824378e-01;6.972403e-02;7.190467e-02;5.420410e-02;2.527149e-02;3.346485e-02;8.246469e-02;8.819979e-02;5.611696e-03
2.545613e-02;8.822259e-03;2.788012e-01;3.170227e-01;3.367902e-02;4.937185e-02;2.879253e-02;2.047585e-02;2.756628e-02;9.681462e-02;1.085345e-01;4.663181e-03
1.793903e-02;8.863093e-03;4.090615e-01;2.422458e-01;2.177089e-02;3.582552e-02;2.706071e-02;9.014400e-03;2.771364e-02;9.600575e-02;1.001150e-01;4.384655e-03
4.487231e-02;5.958277e-02;5.109096e-01;1.227890e-01;3.103484e-02;2.920755e-02;2.785384e-02;3.275209e-03;1.894031e-02;8.149765e-02;6.619630e-02;3.840626e-03
9.513158e-02;1.268875e-01;4.993940e-01;7.011530e-02;3.484720e-02;2.443559e-02;3.203815e-02;3.445612e-03;9.794542e-03;6.170734e-02;3.359914e-02;8.604014e-03
1.416055e-01;1.529848e-01;4.675577e-01;5.304885e-02;3.410406e-02;1.864792e-02;3.031198e-02;5.005207e-03;8.089496e-03;5.326765e-02;1.953218e-02;1.584471e-02
1.589933e-01;1.036580e-01;4.064891e-01;7.261416e-02;4.127150e-02;2.240293e-02;3.968965e-02;1.508764e-02;4.040649e-02;5.453548e-02;2.175083e-02;2.310093e-02
1.870919e-01;1.104164e-01;2.207132e-01;8.642313e-02;4.598290e-02;3.269711e-02;6.298672e-02;5.979395e-02;1.092740e-01;3.947799e-02;2.954141e-02;1.560137e-02
1.618471e-01;9.712944e-02;3.559064e-01;6.192360e-02;2.560459e-02;1.953499e-02;4.861595e-02;6.455524e-02;7.606474e-02;4.607692e-02;1.973191e-02;2.300921e-02
1.722431e-01;1.739504e-02;3.704541e-01;6.062883e-02;2.833420e-02;3.311269e-02;8.081172e-02;6.346914e-02;5.382480e-02;4.965355e-02;3.158794e-02;3.848488e-02
1.774830e-01;7.171180e-02;2.293574e-01;6.351596e-02;3.230930e-02;3.471252e-02;1.538794e-01;4.678103e-02;3.429565e-02;4.948662e-02;4.454689e-02;6.192041e-02
1.476581e-01;5.293627e-02;1.837032e-01;5.394227e-02;4.123922e-02;3.774153e-02;2.084968e-01;3.486627e-02;2.896193e-02;6.396944e-02;6.506453e-02;8.142044e-02
1.516531e-01;4.576679e-02;1.317759e-01;3.018390e-02;3.130635e-02;4.918633e-02;2.227035e-01;8.310922e-02;2.976004e-02;9.207592e-02;5.111197e-02;8.136699e-02
2.149515e-01;4.356302e-02;1.214124e-01;4.733416e-02;2.070043e-02;4.645656e-02;1.558145e-01;1.336350e-01;4.546852e-02;8.223401e-02;2.731820e-02;6.111164e-02
2.532165e-01;9.273744e-02;1.823723e-01;3.411917e-02;2.751090e-02;3.007481e-02;6.662785e-02;1.627620e-01;4.790800e-02;5.565823e-02;1.394154e-02;3.307127e-02
2.923965e-01;1.426143e-01;1.973567e-01;2.125030e-02;2.404899e-02;1.535050e-02;4.774421e-02;1.211206e-01;5.643689e-02;4.611726e-02;1.300477e-02;2.255895e-02
2.654236e-01;1.864758e-01;1.979069e-01;1.969963e-02;1.489684e-02;1.731330e-02;5.939704e-02;7.246924e-02;7.129197e-02;6.714647e-02;1.238631e-02;1.559297e-02
2.236965e-01;1.968984e-01;1.900155e-01;2.595486e-02;1.966421e-02;2.775262e-02;7.771568e-02;5.042071e-02;7.900996e-02;8.610022e-02;1.187243e-02;1.089885e-02
2.490865e-01;1.904105e-01;1.783988e-01;2.517325e-02;2.438810e-02;3.385461e-02;7.263169e-02;5.600616e-02;7.754992e-02;6.105819e-02;1.467500e-02;1.676724e-02
2.881352e-01;1.633607e-01;1.480971e-01;2.588794e-02;3.966225e-02;3.060380e-02;6.497467e-02;7.804766e-02;6.722618e-02;3.994854e-02;1.911153e-02;3.494437e-02
2.579329e-01;1.011406e-01;1.404244e-01;2.546327e-02;3.613919e-02;4.570720e-02;8.954418e-02;8.570072e-02;6.101431e-02;5.056912e-02;4.235000e-02;6.401408e-02
2.137934e-01;4.331163e-02;8.814767e-02;3.576537e-02;2.925550e-02;8.459431e-02;1.546850e-01;6.940888e-02;6.619245e-02;5.970545e-02;9.060679e-02;6.453362e-02
2.092224e-01;2.661701e-02;1.341531e-01;5.270103e-02;4.119505e-02;6.995659e-02;1.846904e-01;6.295768e-02;4.502221e-02;3.679651e-02;7.858337e-02;5.810460e-02
2.756256e-01;5.846350e-02;1.003695e-01;4.318317e-02;5.241816e-02;3.805608e-02;1.391180e-01;1.079145e-01;4.301804e-02;3.118610e-02;4.306174e-02;6.758556e-02
3.922513e-01;9.440270e-02;9.022162e-02;2.529248e-02;5.241841e-02;1.400154e-02;5.348138e-02;1.389543e-01;3.311826e-02;2.074564e-02;2.100423e-02;6.410819e-02
4.422984e-01;8.053643e-02;7.588323e-02;2.426244e-02;3.663924e-02;5.470183e-03;6.359726e-02;1.371600e-01;2.286690e-02;1.993658e-02;1.672061e-02;7.462873e-02
4.310409e-01;5.179544e-02;4.157921e-02;4.334690e-02;1.831428e-02;1.195022e-02;1.161089e-01;1.186090e-01;1.677878e-02;2.675460e-02;1.785275e-02;1.058690e-01
3.923297e-01;2.976729e-02;3.022579e-02;6.773645e-02;1.397940e-02;1.510946e-02;1.611877e-01;8.653094e-02;1.447148e-02;3.503468e-02;2.421952e-02;1.294076e-01
3.342805e-01;2.420915e-02;3.401574e-02;9.617091e-02;1.080855e-02;1.480786e-02;2.084589e-01;5.256566e-02;1.230465e-02;3.389756e-02;3.217305e-02;1.463075e-01
2.576784e-01;2.614303e-02;2.883463e-02;1.137406e-01;1.618938e-02;2.234476e-02;2.549196e-01;4.363495e-02;9.012726e-03;2.669640e-02;4.816440e-02;1.526410e-01
1.597631e-01;1.318402e-02;5.429829e-02;1.067442e-01;2.014538e-02;5.026104e-02;2.607168e-01;4.835700e-02;2.439139e-02;3.755710e-02;8.019073e-02;1.443910e-01
7.416540e-02;1.218025e-02;1.008806e-01;6.748660e-02;2.488340e-02;1.033171e-01;2.060370e-01;4.748753e-02;5.852462e-02;5.139861e-02;1.294484e-01;1.241904e-01
3.869919e-02;1.765544e-02;1.632101e-01;2.639472e-02;3.212482e-02;1.378848e-01;1.367896e-01;3.642112e-02;8.120116e-02;5.394910e-02;1.592063e-01;1.164637e-01
7.464205e-02;1.129951e-02;1.608849e-01;2.124574e-02;3.703690e-02;1.360632e-01;8.960886e-02;2.714201e-02;9.667490e-02;5.337609e-02;1.696746e-01;1.223512e-01
6.853532e-02;1.069893e-02;1.339154e-01;3.116852e-02;3.557701e-02;1.492723e-01;1.195621e-01;2.928105e-02;1.098515e-01;5.094012e-02;1.660364e-01;9.516126e-02
3.336802e-02;1.000127e-02;8.887568e-02;1.443873e-02;4.410117e-02;1.631625e-01;1.837578e-01;4.151259e-02;1.222463e-01;5.641982e-02;1.597537e-01;8.236235e-02
6.354747e-02;2.553456e-02;5.385900e-02;2.156688e-02;4.828248e-02;1.035661e-01;2.525114e-01;8.521464e-02;1.027107e-01;3.682893e-02;1.140450e-01;9.233288e-02
1.143271e-01;4.439395e-02;9.937446e-02;4.355443e-02;2.857463e-02;6.223334e-02;2.119320e-01;9.081470e-02;1.134245e-01;4.833984e-02;7.628300e-02;6.674808e-02
9.738470e-02;3.634576e-02;1.200185e-01;4.446286e-02;2.382097e-02;1.207948e-01;1.248397e-01;7.466018e-02;1.302979e-01;5.579675e-02;1.311819e-01;4.039605e-02
6.817649e-02;1.673952e-02;1.189560e-01;3.943197e-02;1.651084e-02;1.995160e-01;7.565264e-02;4.126185e-02;9.759470e-02;5.674163e-02;2.334845e-01;3.593377e-02
5.458071e-02;5.980294e-03;1.068495e-01;2.787798e-02;1.214688e-02;2.687949e-01;3.582500e-02;2.401541e-02;5.720165e-02;5.333405e-02;3.258268e-01;2.756677e-02
4.369242e-02;3.958492e-03;1.066238e-01;1.127290e-02;9.085529e-03;2.944216e-01;2.572628e-02;9.136927e-03;8.403651e-02;5.314824e-02;3.414686e-01;1.742874e-02
3.016338e-02;6.147038e-03;1.206720e-01;4.087755e-03;2.574144e-02;2.682919e-01;2.304007e-02;1.608078e-02;1.440101e-01;5.011077e-02;2.988565e-01;1.279822e-02
2.999700e-02;1.800439e-02;1.044449e-01;1.058569e-02;6.265774e-02;1.977878e-01;8.766787e-02;2.775653e-02;1.758273e-01;3.047901e-02;2.234780e-01;3.131378e-02
3.092830e-02;4.882947e-02;5.913590e-02;4.170906e-02;7.690928e-02;8.404596e-02;2.627036e-01;4.106127e-02;1.103152e-01;4.327359e-02;1.057242e-01;9.536415e-02
3.118403e-02;7.213547e-02;3.438399e-02;7.907876e-02;4.347397e-02;2.226409e-02;3.357996e-01;3.763464e-02;7.893281e-02;6.242391e-02;5.629005e-02;1.463987e-01
3.871383e-02;7.436011e-02;4.207504e-02;7.617340e-02;5.472653e-02;2.551919e-02;2.893065e-01;3.753448e-02;7.234092e-02;4.722567e-02;7.973621e-02;1.622881e-01
4.221284e-02;5.189616e-02;8.409305e-02;4.054992e-02;9.915235e-02;3.122800e-02;1.818454e-01;5.309020e-02;1.766022e-01;3.201995e-02;7.636082e-02;1.309491e-01
4.217297e-02;4.681963e-02;8.008643e-02;3.425785e-02;1.090263e-01;3.968975e-02;1.549641e-01;4.879941e-02;2.620510e-01;4.329194e-02;7.251411e-02;6.632657e-02
1.830830e-02;1.004206e-01;2.802345e-02;8.238108e-02;5.408835e-02;4.918645e-02;2.385109e-01;2.895117e-02;1.410284e-01;6.974888e-02;7.566775e-02;1.136847e-01
1.921434e-02;1.190511e-01;1.000197e-02;1.234835e-01;1.437692e-02;3.986635e-02;2.298497e-01;2.337501e-02;4.749994e-02;1.815992e-01;4.251920e-02;1.491628e-01
4.031374e-02;8.245342e-02;2.164796e-02;1.118440e-01;1.300097e-02;4.886314e-02;1.738195e-01;6.204091e-02;3.474090e-02;2.696829e-01;1.749074e-02;1.241019e-01
1.162378e-01;3.507408e-02;6.255165e-02;5.737871e-02;4.354769e-02;5.720063e-02;1.002258e-01;1.636509e-01;3.370524e-02;2.180852e-01;4.446482e-02;6.787758e-02
1.598613e-01;2.760619e-02;8.403348e-02;2.411408e-02;8.740531e-02;4.277333e-02;4.621563e-02;2.154630e-01;4.525443e-02;1.064473e-01;1.040481e-01;5.677783e-02
1.037384e-01;9.124882e-02;5.793217e-02;4.326187e-02;7.296506e-02;5.316925e-02;5.648480e-02;1.320516e-01;1.276355e-01;9.272330e-02;1.085883e-01;6.020086e-02
6.909333e-02;1.542512e-01;5.973515e-02;5.939829e-02;2.898166e-02;8.931413e-02;4.725986e-02;3.039338e-02;1.995118e-01;8.562779e-02;6.258333e-02;1.138501e-01
6.351931e-02;1.057352e-01;1.384636e-01;4.928299e-02;4.104374e-02;7.237261e-02;7.571808e-02;2.034057e-02;1.203384e-01;1.161082e-01;6.415715e-02;1.329202e-01
9.870960e-02;5.970075e-02;1.610149e-01;1.037176e-01;4.054235e-02;3.147816e-02;1.232236e-01;5.807263e-02;4.138368e-02;1.286461e-01;7.593615e-02;7.757463e-02
5.246297e-02;1.020773e-01;8.791132e-02;1.980069e-01;7.226301e-02;3.227807e-02;9.743059e-02;1.209523e-01;2.633520e-02;6.023049e-02;8.497433e-02;6.507748e-02
3.814061e-02;1.050803e-01;5.012411e-02;1.630589e-01;1.627184e-01;8.095627e-02;6.069110e-02;1.020873e-01;5.418577e-02;5.463482e-02;6.505118e-02;6.327132e-02
8.819257e-02;6.109231e-02;5.808102e-02;8.124743e-02;1.623958e-01;1.762915e-01;5.616217e-02;4.116623e-02;6.151890e-02;7.718514e-02;6.324870e-02;7.341829e-02
1.080111e-01;8.920587e-02;6.007323e-02;6.003342e-02;6.105613e-02;2.240405e-01;1.750021e-01;3.095970e-02;3.359477e-02;8.287679e-02;4.380834e-02;3.133800e-02
4.899969e-02;1.537132e-01;1.043761e-01;3.841235e-02;6.019924e-02;1.032810e-01;2.622012e-01;5.941140e-02;2.157388e-02;5.636021e-02;5.606264e-02;3.540912e-02
2.735721e-02;1.092416e-01;2.173343e-01;2.528056e-02;5.528992e-02;2.006855e-02;1.856935e-01;1.170194e-01;1.948311e-02;5.576206e-02;7.131973e-02;9.614995e-02
2.076713e-02;4.254404e-02;2.890249e-01;2.589295e-02;3.066656e-02;4.676786e-02;9.735185e-02;1.251939e-01;5.812580e-02;5.125793e-02;6.706706e-02;1.453401e-01
2.486528e-02;2.670813e-02;2.530220e-01;8.492864e-02;2.972481e-02;6.291127e-02;5.900988e-02;1.093650e-01;1.141766e-01;4.130325e-02;7.228227e-02;1.217028e-01
1.460483e-02;2.690544e-02;1.538646e-01;1.362141e-01;3.952399e-02;3.742209e-02;1.013462e-01;1.642339e-01;1.636249e-01;4.998726e-02;3.959877e-02;7.267400e-02
2.057783e-02;2.914086e-02;1.126075e-01;1.106324e-01;3.962383e-02;3.143319e-02;2.014771e-01;1.437289e-01;1.563147e-01;5.542071e-02;3.849478e-02;6.054822e-02
3.622850e-02;6.363028e-02;8.995479e-02;6.518947e-02;3.967441e-02;5.984714e-02;2.726420e-01;8.229047e-02;1.308428e-01;5.008850e-02;5.968228e-02;4.992934e-02
3.791561e-02;7.553037e-02;1.247164e-01;5.053768e-02;3.808856e-02;6.820948e-02;2.582176e-01;8.944729e-02;1.142340e-01;3.079552e-02;7.499695e-02;3.731052e-02
3.193614e-02;8.499090e-02;1.123669e-01;6.286102e-02;7.488970e-02;5.591632e-02;2.008387e-01;1.308720e-01;9.695404e-02;4.414705e-02;8.384427e-02;2.038290e-02
3.914473e-02;8.271804e-02;8.007076e-02;5.707588e-02;8.452681e-02;5.141866e-02;1.709612e-01;1.714704e-01;6.597712e-02;5.476044e-02;9.372871e-02;4.814726e-02
4.783428e-02;7.326926e-02;6.438454e-02;7.187130e-02;4.940148e-02;5.640106e-02;1.090589e-01;1.968566e-01;8.126407e-02;5.695648e-02;9.154211e-02;1.011600e-01
3.401696e-02;7.268491e-02;8.526346e-02;4.771210e-02;2.547531e-02;5.947062e-02;1.298956e-01;1.623700e-01;1.006933e-01;6.966676e-02;9.733657e-02;1.154143e-01
4.133029e-02;5.575084e-02;1.144703e-01;3.103366e-02;2.940429e-02;5.039982e-02;1.870773e-01;1.098467e-01;9.228144e-02;6.868505e-02;1.205525e-01;9.916776e-02
5.384177e-02;6.269180e-02;1.121349e-01;4.971851e-02;4.007489e-02;5.317172e-02;1.827486e-01;1.056155e-01;6.810313e-02;6.912245e-02;1.233261e-01;7.945067e-02
4.102259e-02;7.115548e-02;1.270134e-01;8.040817e-02;4.764139e-02;6.178026e-02;1.496144e-01;1.402454e-01;7.598440e-02;6.199831e-02;1.038994e-01;3.923672e-02
4.297555e-02;7.163388e-02;1.206049e-01;7.769696e-02;5.079362e-02;9.994992e-02;1.554300e-01;1.248066e-01;6.578457e-02;5.981819e-02;8.302668e-02;4.747915e-02
4.973979e-02;1.157084e-01;7.041311e-02;6.097882e-02;7.648443e-02;9.827245e-02;1.538374e-01;1.222866e-01;7.205049e-02;6.663936e-02;6.480584e-02;4.878323e-02
2.965905e-02;1.275096e-01;6.928173e-02;5.961647e-02;7.328654e-02;6.594702e-02;1.655751e-01;1.112928e-01;1.060415e-01;8.849566e-02;6.645213e-02;3.684245e-02
4.507213e-02;9.480871e-02;8.772689e-02;6.055046e-02;4.538167e-02;8.196409e-02;1.332554e-01;1.218612e-01;9.160382e-02;9.273452e-02;8.267078e-02;6.237039e-02
4.691829e-02;5.090071e-02;7.849020e-02;6.401829e-02;3.866166e-02;1.241903e-01;1.124201e-01;1.580614e-01;5.911583e-02;9.983303e-02;8.063416e-02;8.675615e-02
5.913776e-02;4.922501e-02;7.896861e-02;6.544186e-02;4.821796e-02;9.598278e-02;1.093916e-01;1.729714e-01;8.382115e-02;9.292454e-02;6.306839e-02;8.084898e-02
5.000325e-02;8.855814e-02;9.497958e-02;7.074657e-02;5.404745e-02;7.937284e-02;9.581424e-02;1.628705e-01;9.435663e-02;7.692807e-02;4.711599e-02;8.520682e-02
6.743795e-02;1.261564e-01;1.059268e-01;5.504408e-02;4.533359e-02;8.710170e-02;9.019329e-02;1.268371e-01;8.457289e-02;7.011978e-02;4.758340e-02;9.369309e-02
8.599944e-02;1.211978e-01;1.000911e-01;6.096816e-02;6.799334e-02;7.804538e-02;1.112082e-01;1.184439e-01;6.746162e-02;7.928140e-02;4.108643e-02;6.822333e-02
7.072334e-02;8.589685e-02;4.301545e-02;6.002406e-02;5.674886e-02;9.453145e-02;1.259435e-01;1.272286e-01;5.581259e-02;1.247075e-01;7.057818e-02;8.478954e-02
7.543495e-02;4.376446e-02;9.518005e-02;5.916908e-02;7.514188e-02;7.632387e-02;2.025463e-01;6.621545e-02;5.080490e-02;1.139818e-01;7.804496e-02;6.339231e-02
7.462748e-02;4.176635e-02;9.577385e-02;4.515001e-02;1.130346e-01;7.757425e-02;2.350037e-01;4.564624e-02;5.303546e-02;4.816111e-02;6.807411e-02;1.021529e-01
4.222546e-02;3.672304e-02;8.030565e-02;3.960469e-02;1.499206e-01;1.167728e-01;2.151217e-01;2.714390e-02;4.603635e-02;2.971059e-02;4.989997e-02;1.665353e-01
4.190360e-02;4.025177e-02;8.354650e-02;6.236140e-02;1.292685e-01;1.117176e-01;1.546544e-01;3.503340e-02;2.854391e-02;4.322072e-02;1.136411e-01;1.558571e-01
1.050757e-01;4.534724e-02;1.431080e-01;5.216329e-02;6.971809e-02;6.763287e-02;8.817643e-02;3.564995e-02;1.840708e-02;8.211611e-02;1.909929e-01;1.016124e-01
1.491688e-01;5.098329e-02;2.169610e-01;2.420968e-02;2.777947e-02;3.144503e-02;5.837059e-02;2.447084e-02;2.282542e-02;1.454588e-01;1.858466e-01;6.248036e-02
1.213804e-01;8.223122e-02;2.613096e-01;1.597751e-02;1.838552e-02;3.026680e-02;4.773490e-02;1.646506e-02;5.173568e-02;1.683014e-01;8.574183e-02;1.004701e-01
4.077846e-02;2.189953e-01;2.201319e-01;1.618030e-02;1.401110e-02;4.979889e-02;2.930001e-02;1.181377e-02;1.064233e-01;1.082832e-01;4.634646e-02;1.379374e-01
3.273316e-02;4.210681e-01;9.368712e-02;2.668360e-02;1.207318e-02;5.138012e-02;1.029938e-02;9.904725e-03;1.476124e-01;4.050887e-02;4.788990e-02;1.061594e-01
6.908083e-02;4.677637e-01;4.885506e-02;2.894327e-02;1.463916e-02;3.848312e-02;1.063253e-02;1.493083e-02;1.169677e-01;5.587623e-02;6.561057e-02;6.821695e-02
1.447426e-01;3.515010e-01;3.870101e-02;1.693908e-02;2.054258e-02;2.664015e-02;2.152659e-02;2.665098e-02;8.473216e-02;6.821948e-02;1.580627e-01;4.174165e-02
2.437547e-01;1.450477e-01;3.025628e-02;1.133940e-02;3.151109e-02;1.617053e-02;2.902388e-02;4.146798e-02;8.822624e-02;6.384914e-02;2.786793e-01;2.067376e-02
2.656003e-01;1.328819e-01;2.906215e-02;1.282026e-02;3.014945e-02;7.610427e-03;2.415238e-02;3.915567e-02;1.234170e-01;4.381379e-02;2.800564e-01;1.128028e-02
2.352821e-01;1.849173e-01;3.543928e-02;1.658721e-02;2.726088e-02;1.349960e-02;1.269393e-02;5.237397e-02;1.584693e-01;3.705007e-02;2.042795e-01;2.214689e-02
1.968577e-01;2.233624e-01;4.233897e-02;1.322597e-02;3.526347e-02;1.565781e-02;2.513419e-02;1.059022e-01;1.715892e-01;3.538128e-02;1.091026e-01;2.618415e-02
1.416501e-01;1.887081e-01;5.750983e-02;1.654830e-02;4.433984e-02;3.378119e-02;5.881000e-02;1.347123e-01;1.934575e-01;4.433075e-02;5.456483e-02;3.158715e-02
8.130533e-02;1.201294e-01;5.795670e-02;2.098599e-02;5.341941e-02;4.270723e-02;7.331410e-02;6.707562e-02;2.063526e-01;6.478145e-02;1.634591e-01;4.851316e-02
6.866176e-02;1.530954e-01;3.576689e-02;1.914776e-02;6.071877e-02;3.649015e-02;5.485987e-02;9.351352e-02;1.490398e-01;5.108202e-02;2.418856e-01;3.573848e-02
5.949515e-02;1.827351e-01;3.225458e-02;1.315599e-02;7.130651e-02;3.102267e-02;4.919142e-02;1.253944e-01;1.352552e-01;4.004585e-02;2.461008e-01;1.404237e-02
6.876370e-02;1.334185e-01;4.031292e-02;1.364606e-02;6.225987e-02;3.268191e-02;3.567263e-02;1.531273e-01;1.597407e-01;4.107215e-02;2.389916e-01;2.031264e-02
6.413725e-02;9.036116e-02;6.513193e-02;1.616354e-02;3.424124e-02;1.588982e-02;3.774152e-02;1.605125e-01;2.086000e-01;6.007944e-02;2.092528e-01;3.788874e-02
9.294202e-02;1.883828e-01;7.171144e-02;1.688946e-02;2.092898e-02;1.835070e-02;5.241596e-02;1.212434e-01;1.691987e-01;7.163782e-02;1.292062e-01;4.709257e-02
1.459898e-01;1.430702e-01;4.256958e-02;1.781845e-02;3.590906e-02;3.467628e-02;6.929972e-02;5.691024e-02;1.815257e-01;5.945009e-02;1.739787e-01;3.880216e-02
1.727743e-01;9.098040e-02;1.744370e-02;1.993814e-02;3.344775e-02;4.980621e-02;6.784308e-02;7.093954e-02;1.626528e-01;4.322106e-02;2.539664e-01;1.698654e-02
1.620026e-01;9.213188e-02;2.597515e-02;1.868951e-02;4.616516e-02;6.035237e-02;5.942919e-02;5.388663e-02;1.174586e-01;6.144730e-02;2.693477e-01;3.311388e-02
1.222372e-01;1.796741e-01;5.046340e-02;1.777185e-02;6.919711e-02;3.935387e-02;5.848834e-02;5.183025e-02;7.477143e-02;8.776907e-02;2.075987e-01;4.084465e-02
9.490001e-02;1.425925e-01;9.591705e-02;2.967652e-02;8.254991e-02;4.400281e-02;1.093194e-01;8.402333e-02;6.259437e-02;9.149436e-02;1.009815e-01;6.194822e-02
5.369236e-02;3.541643e-02;1.084072e-01;8.067346e-02;6.077798e-02;6.486861e-02;1.185984e-01;9.033118e-02;6.213867e-02;1.119988e-01;1.293885e-01;8.370843e-02
3.103245e-02;2.268890e-02;1.001136e-01;1.103399e-01;3.871598e-02;5.828364e-02;9.751397e-02;7.717729e-02;5.340784e-02;9.699662e-02;2.072944e-01;1.064353e-01
5.716907e-02;2.194034e-02;1.658414e-01;9.798530e-02;2.872975e-02;3.671207e-02;8.359617e-02;5.530893e-02;3.480734e-02;1.121181e-01;1.922529e-01;1.135387e-01
8.004709e-02;1.444145e-02;2.943723e-01;7.478367e-02;2.482245e-02;1.491979e-02;1.183889e-01;2.557402e-02;2.108170e-02;1.753888e-01;8.135459e-02;7.482517e-02
7.045221e-02;8.979783e-03;3.794155e-01;6.285411e-02;2.526645e-02;7.599044e-03;1.442486e-01;9.193773e-03;1.455641e-02;2.188034e-01;3.540586e-02;2.322485e-02
8.765776e-02;6.746465e-03;4.018020e-01;2.726103e-02;2.495332e-02;5.671315e-03;1.582288e-01;1.039826e-02;8.326337e-03;2.160608e-01;4.384411e-02;9.049822e-03
1.438757e-01;7.367791e-03;4.011482e-01;2.127235e-02;2.154833e-02;4.974426e-03;1.621188e-01;6.982584e-03;1.419463e-02;1.866944e-01;2.159083e-02;8.231896e-03
1.979394e-01;8.282395e-03;3.706407e-01;5.091275e-02;1.546441e-02;5.641229e-03;1.266291e-01;7.471527e-03;2.422551e-02;1.514438e-01;2.970066e-02;1.164856e-02
1.695781e-01;2.264123e-02;2.895883e-01;1.262318e-01;1.294908e-02;1.442358e-02;5.436829e-02;2.463576e-02;2.758931e-02;1.227256e-01;1.186723e-01;1.659665e-02
7.549343e-02;8.449425e-02;1.539995e-01;2.111430e-01;1.527759e-02;2.728932e-02;3.159192e-02;4.899345e-02;2.177809e-02;9.523367e-02;2.109674e-01;2.373843e-02
2.430418e-02;1.403644e-01;1.202381e-01;1.930710e-01;3.454249e-02;3.007709e-02;3.689067e-02;4.930504e-02;3.305334e-02;8.317618e-02;2.035376e-01;5.143989e-02
3.024117e-02;1.432240e-01;1.883817e-01;1.037988e-01;5.706733e-02;3.257019e-02;5.971203e-02;3.091543e-02;4.646654e-02;8.278005e-02;1.332660e-01;9.157672e-02
3.160427e-02;1.101815e-01;2.582721e-01;7.949236e-02;4.412427e-02;3.153960e-02;7.114907e-02;2.392269e-02;3.650995e-02;9.221436e-02;1.244322e-01;9.655771e-02
2.100925e-02;8.116855e-02;2.399640e-01;1.476943e-01;4.086808e-02;3.742809e-02;6.375690e-02;3.295925e-02;2.548361e-02;1.007604e-01;1.551161e-01;5.379148e-02
2.313147e-02;8.989494e-02;1.591329e-01;1.692180e-01;7.172654e-02;4.089049e-02;6.560377e-02;3.692151e-02;3.172627e-02;1.461929e-01;1.302944e-01;3.526693e-02
1.679276e-02;8.204994e-02;2.045762e-01;1.211073e-01;6.571787e-02;3.442940e-02;5.976385e-02;4.709881e-02;3.438404e-02;1.459877e-01;1.424738e-01;4.561826e-02
2.917436e-02;5.863779e-02;2.210208e-01;7.797317e-02;4.614796e-02;1.978941e-02;1.036595e-01;4.481803e-02;3.057667e-02;1.150804e-01;2.109283e-01;4.219351e-02
4.126372e-02;4.577655e-02;2.163685e-01;9.082342e-02;3.831295e-02;1.960194e-02;1.218932e-01;3.796859e-02;4.086178e-02;9.723228e-02;2.234327e-01;2.646450e-02
5.586074e-02;6.452731e-02;1.652203e-01;1.174543e-01;3.023089e-02;3.409097e-02;1.301585e-01;5.826218e-02;5.587319e-02;8.492489e-02;1.606933e-01;4.270350e-02
1.095297e-01;9.189816e-02;1.076586e-01;9.536029e-02;3.234512e-02;5.203037e-02;1.955250e-01;5.629135e-02;5.190538e-02;8.577152e-02;7.415932e-02;4.752531e-02
1.040480e-01;1.528449e-01;9.170242e-02;4.785337e-02;3.699912e-02;6.196662e-02;3.024727e-01;5.184437e-02;3.439893e-02;5.082646e-02;2.912023e-02;3.592285e-02
5.947634e-02;1.774580e-01;5.560624e-02;5.690141e-02;3.495670e-02;7.698861e-02;3.863219e-01;5.278791e-02;2.882742e-02;2.181664e-02;2.767812e-02;2.118078e-02
6.579398e-02;1.204818e-01;2.012938e-02;1.645842e-01;3.797847e-02;1.241712e-01;3.507238e-01;3.413922e-02;1.570763e-02;2.760344e-02;2.859749e-02;1.008939e-02
1.052512e-01;4.418479e-02;1.114079e-02;2.514187e-01;5.268031e-02;1.884683e-01;2.379174e-01;2.158064e-02;1.132688e-02;5.053117e-02;2.089718e-02;4.602692e-03
1.308477e-01;1.702730e-02;1.645579e-02;2.058701e-01;8.079495e-02;2.580320e-01;1.662115e-01;2.838968e-02;1.154442e-02;6.103406e-02;1.620719e-02;7.585269e-03
1.323886e-01;1.665116e-02;3.138471e-02;8.632065e-02;1.118460e-01;3.188267e-01;1.820512e-01;3.457548e-02;8.007247e-03;5.606744e-02;1.490755e-02;6.973316e-03
8.899953e-02;1.212753e-02;1.126280e-01;7.918381e-02;1.290744e-01;2.796034e-01;1.929562e-01;2.959835e-02;7.849418e-03;3.242050e-02;2.088863e-02;1.467026e-02
3.043717e-02;2.307233e-02;2.580872e-01;1.078392e-01;1.094242e-01;1.783101e-01;1.586857e-01;3.277204e-02;1.250464e-02;4.673970e-02;2.275393e-02;1.937380e-02
3.376750e-02;4.868751e-02;3.505563e-01;1.099263e-01;5.881759e-02;1.232270e-01;1.190319e-01;3.506489e-02;2.549021e-02;6.307390e-02;1.542230e-02;1.693456e-02
7.453476e-02;7.561340e-02;3.104211e-01;1.219447e-01;6.451868e-02;9.831256e-02;8.451383e-02;4.450718e-02;3.981919e-02;6.710424e-02;9.470022e-03;9.240384e-03
1.182098e-01;8.458494e-02;1.810713e-01;1.276120e-01;6.433095e-02;1.029792e-01;1.181051e-01;5.672962e-02;4.406985e-02;6.317601e-02;2.072915e-02;1.840200e-02
1.210503e-01;5.349461e-02;2.562016e-01;1.187408e-01;5.403089e-02;7.086971e-02;1.396475e-01;4.647658e-02;4.421222e-02;5.098161e-02;2.385904e-02;2.043515e-02
7.915419e-02;3.036651e-02;3.184501e-01;1.092280e-01;7.292852e-02;8.378562e-02;1.115815e-01;5.108487e-02;4.078744e-02;6.210334e-02;2.229707e-02;1.823285e-02
7.865545e-02;3.348839e-02;2.042248e-01;1.233596e-01;9.773564e-02;1.200289e-01;1.157552e-01;7.040636e-02;5.784219e-02;6.028861e-02;2.099710e-02;1.721780e-02
1.019077e-01;6.349583e-02;1.092842e-01;1.186603e-01;8.250200e-02;1.159066e-01;1.126527e-01;9.868298e-02;7.034972e-02;7.343451e-02;3.427554e-02;1.884799e-02
6.695867e-02;4.563060e-02;1.504601e-01;6.133576e-02;6.022892e-02;9.068026e-02;2.043521e-01;6.771403e-02;5.348765e-02;1.045769e-01;6.200392e-02;3.257110e-02
9.742432e-02;3.671742e-02;1.240081e-01;4.158676e-02;8.409453e-02;8.079781e-02;2.644910e-01;6.092030e-02;5.915687e-02;6.268255e-02;5.796098e-02;3.015937e-02
9.577671e-02;7.314503e-02;1.205281e-01;3.451373e-02;8.678206e-02;7.404593e-02;2.651900e-01;7.212030e-02;7.261440e-02;2.588115e-02;4.329567e-02;3.610693e-02
5.412856e-02;8.218659e-02;1.411582e-01;4.416277e-02;6.543989e-02;7.703832e-02;2.135509e-01;9.164068e-02;9.356954e-02;5.325150e-02;4.650962e-02;3.736349e-02
6.567166e-02;6.305462e-02;1.315131e-01;8.454388e-02;4.149168e-02;6.992684e-02;1.788726e-01;1.043918e-01;1.016134e-01;8.055995e-02;5.491680e-02;2.344377e-02
7.870074e-02;7.534729e-02;1.188202e-01;8.505937e-02;4.130577e-02;8.185919e-02;1.415074e-01;1.079119e-01;9.812073e-02;1.031000e-01;4.521435e-02;2.305304e-02
6.820902e-02;5.982915e-02;1.208197e-01;5.480797e-02;4.247627e-02;1.007834e-01;1.195683e-01;1.342016e-01;1.070764e-01;1.289589e-01;4.022869e-02;2.304066e-02
5.468912e-02;3.265293e-02;1.121655e-01;3.582034e-02;4.729519e-02;1.017156e-01;1.269154e-01;1.879037e-01;1.096974e-01;1.089798e-01;5.895303e-02;2.321197e-02
5.982527e-02;4.870932e-02;1.018336e-01;3.977579e-02;7.190593e-02;7.956816e-02;1.121327e-01;1.718300e-01;1.251162e-01;1.141320e-01;5.847691e-02;1.669397e-02
7.993501e-02;7.934612e-02;7.016253e-02;4.958048e-02;1.406791e-01;7.818417e-02;1.472012e-01;8.554406e-02;8.712963e-02;9.426967e-02;5.185788e-02;3.611025e-02
8.933821e-02;1.090676e-01;4.431618e-02;4.764920e-02;1.714689e-01;1.143757e-01;1.773809e-01;4.539032e-02;5.493015e-02;7.076813e-02;3.634453e-02;3.897025e-02
7.645868e-02;1.202020e-01;5.221482e-02;6.572089e-02;1.617274e-01;1.489791e-01;1.553628e-01;4.623920e-02;6.265417e-02;7.153253e-02;1.717032e-02;2.173798e-02
5.318983e-02;7.946370e-02;6.719355e-02;1.203375e-01;1.155432e-01;1.672318e-01;1.581339e-01;4.206324e-02;6.834640e-02;8.129801e-02;2.315455e-02;2.404433e-02
8.044828e-02;8.394389e-02;1.150849e-01;1.430289e-01;9.516321e-02;9.464819e-02;9.498468e-02;4.799749e-02;9.514531e-02;6.551323e-02;3.808156e-02;4.596044e-02
6.912253e-02;7.768633e-02;1.052365e-01;1.773866e-01;1.009390e-01;8.858994e-02;7.386049e-02;5.618042e-02;8.083434e-02;7.002544e-02;4.363095e-02;5.650745e-02
7.431781e-02;6.977145e-02;1.219335e-01;1.728444e-01;1.056893e-01;7.877859e-02;7.767593e-02;6.108215e-02;6.498563e-02;7.267664e-02;4.905608e-02;5.118850e-02
7.878727e-02;6.591247e-02;1.600774e-01;1.333287e-01;1.163863e-01;6.924613e-02;9.867673e-02;6.083891e-02;5.026481e-02;7.716603e-02;4.778297e-02;4.153220e-02
8.080955e-02;5.576690e-02;1.658557e-01;7.255562e-02;1.139919e-01;8.689637e-02;2.013033e-01;4.562823e-02;3.432622e-02;7.470980e-02;3.607715e-02;3.207928e-02
1.209436e-01;4.825559e-02;1.208745e-01;7.297219e-02;7.047738e-02;1.084816e-01;2.888881e-01;2.952700e-02;4.103336e-02;4.181489e-02;3.020366e-02;2.652809e-02
1.596638e-01;5.516892e-02;7.473505e-02;4.038081e-02;8.322317e-02;1.094677e-01;2.993719e-01;2.454320e-02;5.258884e-02;4.136473e-02;2.284029e-02;3.665162e-02
1.338111e-01;5.729266e-02;9.243036e-02;4.515340e-02;1.381109e-01;1.036313e-01;1.827320e-01;2.907793e-02;6.427646e-02;2.984046e-02;1.716787e-02;1.064755e-01
6.671208e-02;9.377640e-02;9.641326e-02;1.178207e-01;1.520824e-01;7.839040e-02;8.184736e-02;4.263870e-02;5.383267e-02;3.047367e-02;5.835433e-02;1.276581e-01
3.858983e-02;1.278117e-01;8.809179e-02;2.370379e-01;8.966201e-02;6.007588e-02;3.081650e-02;5.733964e-02;3.175388e-02;3.979376e-02;1.119005e-01;8.712661e-02
3.854873e-02;1.053727e-01;1.325775e-01;2.924788e-01;3.786293e-02;4.901359e-02;2.714413e-02;4.448792e-02;2.999923e-02;5.285324e-02;1.306735e-01;5.898780e-02
4.799733e-02;7.379999e-02;1.556626e-01;2.687221e-01;6.070420e-02;3.909778e-02;3.478792e-02;2.763916e-02;4.835303e-02;9.323931e-02;1.106976e-01;3.929900e-02
9.752112e-02;5.651912e-02;1.594114e-01;1.923949e-01;6.355147e-02;2.498501e-02;2.446489e-02;3.651174e-02;6.504096e-02;1.393077e-01;1.164400e-01;2.385183e-02
1.261049e-01;4.733187e-02;2.470111e-01;1.119293e-01;4.516877e-02;3.064488e-02;2.978239e-02;4.270016e-02;7.081488e-02;1.149508e-01;9.918006e-02;3.438080e-02
1.309713e-01;6.683120e-02;3.064474e-01;1.152617e-01;3.745725e-02;2.804409e-02;4.484029e-02;3.751947e-02;5.958737e-02;6.139288e-02;6.842253e-02;4.322453e-02
1.070981e-01;4.376679e-02;3.730589e-01;1.715053e-01;4.012280e-02;2.072226e-02;3.999647e-02;2.176495e-02;4.286685e-02;5.175006e-02;4.056604e-02;4.678158e-02
8.331539e-02;3.104341e-02;4.251443e-01;1.413532e-01;3.888135e-02;2.050512e-02;3.276111e-02;1.758504e-02;4.469967e-02;7.801075e-02;3.457767e-02;5.212305e-02
5.314646e-02;3.058711e-02;4.553800e-01;1.269899e-01;5.272830e-02;1.980113e-02;1.707902e-02;1.296001e-02;4.008251e-02;8.319189e-02;5.826880e-02;4.978496e-02
4.633320e-02;1.487733e-02;5.041260e-01;1.273305e-01;6.115123e-02;1.382291e-02;2.014420e-02;1.161488e-02;3.929645e-02;6.534632e-02;5.465525e-02;4.130172e-02
3.945707e-02;1.462489e-02;5.676785e-01;1.147561e-01;5.144281e-02;8.527858e-03;2.431831e-02;1.005080e-02;4.765015e-02;5.106295e-02;3.901795e-02;3.141261e-02
2.559690e-02;2.058394e-02;6.132725e-01;9.589775e-02;4.071458e-02;1.554665e-02;3.066600e-02;1.222961e-02;5.170859e-02;5.322159e-02;2.413234e-02;1.642954e-02
2.293479e-02;2.225392e-02;6.204536e-01;1.162032e-01;3.224989e-02;1.066037e-02;3.344446e-02;1.335247e-02;4.246043e-02;6.036870e-02;1.882987e-02;6.788244e-03
1.146760e-02;2.933621e-02;6.002492e-01;1.146168e-01;3.709763e-02;1.846485e-02;4.025858e-02;1.408033e-02;4.011647e-02;5.913698e-02;2.794008e-02;7.235225e-03
2.394058e-02;3.258506e-02;4.831588e-01;1.235752e-01;5.081321e-02;5.775813e-02;6.054622e-02;2.080111e-02;5.870051e-02;4.549589e-02;3.309922e-02;9.526002e-03
3.421845e-02;2.239630e-02;4.488815e-01;1.316465e-01;4.451470e-02;6.621688e-02;5.015857e-02;1.454815e-02;9.590185e-02;5.404257e-02;2.764405e-02;9.830443e-03
3.723601e-02;1.280808e-02;4.638382e-01;1.342781e-01;3.431562e-02;3.720841e-02;3.351164e-02;9.572604e-03;1.532790e-01;4.953525e-02;2.912235e-02;5.294737e-03
3.253113e-02;1.547195e-02;4.422575e-01;1.472544e-01;2.318668e-02;2.315880e-02;2.491369e-02;3.186285e-02;1.767988e-01;3.683289e-02;4.020949e-02;5.521775e-03
1.455615e-02;1.519073e-02;3.469424e-01;1.809161e-01;3.698860e-02;5.541262e-02;1.221317e-02;1.413083e-01;1.068178e-01;2.989012e-02;5.474304e-02;5.020924e-03
5.217134e-03;2.554294e-02;2.262700e-01;1.466857e-01;8.565728e-02;6.311432e-02;3.522045e-02;2.293061e-01;5.818445e-02;6.067071e-02;4.382784e-02;2.030314e-02
5.869794e-03;2.430693e-02;1.787561e-01;6.821182e-02;1.598347e-01;6.779493e-02;8.509637e-02;1.977334e-01;6.559351e-02;6.768632e-02;2.540404e-02;5.371208e-02
1.535165e-02;1.230416e-02;1.522094e-01;6.987890e-02;1.856739e-01;1.067416e-01;1.051939e-01;1.047767e-01;1.081668e-01;3.880566e-02;2.731696e-02;7.358040e-02
5.335369e-02;4.945078e-03;1.172818e-01;7.121214e-02;1.347325e-01;2.186299e-01;1.223496e-01;1.072820e-01;8.146297e-02;2.561375e-02;1.446627e-02;4.867036e-02
1.001971e-01;5.791846e-03;5.939325e-02;5.728763e-02;8.965912e-02;3.227117e-01;1.432303e-01;1.180242e-01;3.862198e-02;4.883148e-02;3.504621e-03;1.274684e-02
1.124784e-01;1.665373e-02;6.190081e-02;6.293778e-02;8.449770e-02;3.029552e-01;1.383164e-01;1.085072e-01;3.158792e-02;6.842085e-02;7.103758e-03;4.640351e-03
1.092289e-01;3.524601e-02;9.026963e-02;8.134029e-02;7.620431e-02;2.387450e-01;1.431974e-01;9.609725e-02;3.241610e-02;7.311793e-02;1.161038e-02;1.252677e-02
1.098843e-01;4.283476e-02;1.051253e-01;6.874070e-02;6.457605e-02;2.132248e-01;1.249054e-01;1.093290e-01;4.874709e-02;5.874184e-02;1.576622e-02;3.812460e-02
9.802974e-02;7.864907e-02;1.168941e-01;4.238295e-02;6.625782e-02;1.634111e-01;1.527253e-01;1.245675e-01;3.418719e-02;3.261714e-02;2.594282e-02;6.433528e-02
7.166408e-02;1.076228e-01;1.050989e-01;2.072284e-02;4.734063e-02;9.090676e-02;2.502084e-01;1.681931e-01;2.516036e-02;2.567331e-02;3.639806e-02;5.101074e-02
4.566839e-02;8.608087e-02;1.086755e-01;1.229329e-02;3.894253e-02;5.030880e-02;2.544164e-01;2.833399e-01;4.076758e-02;2.316015e-02;3.190193e-02;2.444456e-02
2.325019e-02;3.590018e-02;1.749863e-01;1.096312e-02;2.038233e-02;1.702611e-02;1.860075e-01;3.712583e-01;8.769942e-02;1.476476e-02;1.961330e-02;3.814849e-02
1.944400e-02;3.949732e-02;2.126903e-01;7.746021e-03;2.238504e-02;1.389983e-02;1.739498e-01;3.432271e-01;7.688798e-02;1.155082e-02;3.003755e-02;4.868433e-02
1.093820e-02;7.405327e-02;1.977978e-01;5.751385e-03;4.041793e-02;1.660708e-02;2.155449e-01;2.888227e-01;4.824937e-02;9.934968e-03;6.509978e-02;2.678252e-02
1.425839e-02;1.164598e-01;1.432307e-01;8.451274e-03;5.010213e-02;1.819972e-02;2.597728e-01;2.183817e-01;3.486560e-02;9.544934e-03;1.042061e-01;2.252676e-02
2.248711e-02;1.471119e-01;9.028124e-02;1.199652e-02;5.008202e-02;1.469434e-02;3.102303e-01;1.384277e-01;2.253579e-02;7.868375e-03;1.698622e-01;1.442249e-02
2.613991e-02;1.652573e-01;5.171609e-02;1.063991e-02;5.002876e-02;4.282636e-02;3.196292e-01;7.360420e-02;1.369114e-02;1.279229e-02;2.275807e-01;6.094059e-03
2.605670e-02;1.517653e-01;4.239881e-02;1.242207e-02;5.490332e-02;7.203377e-02;3.013262e-01;7.779882e-02;2.777894e-02;2.193177e-02;2.054127e-01;6.171579e-03
2.225639e-02;1.082272e-01;5.887510e-02;1.514055e-02;6.359340e-02;9.700605e-02;3.736868e-01;6.976034e-02;2.097736e-02;2.728547e-02;1.346046e-01;8.586817e-03
1.428901e-02;6.598193e-02;4.517804e-02;1.959389e-02;7.029741e-02;1.137177e-01;4.890082e-01;4.288113e-02;1.634005e-02;3.197348e-02;8.085717e-02;9.881894e-03
1.009095e-02;3.423132e-02;3.715726e-02;1.926191e-02;7.464727e-02;1.165643e-01;5.572412e-01;4.261029e-02;1.007114e-02;3.320039e-02;5.858989e-02;6.333975e-03
2.005009e-02;4.467311e-02;3.800836e-02;2.192114e-02;7.570253e-02;1.031582e-01;5.608374e-01;4.319168e-02;1.192131e-02;3.711095e-02;3.744549e-02;5.979696e-03
2.282036e-02;5.347403e-02;3.786137e-02;2.445367e-02;7.768112e-02;1.141195e-01;5.506279e-01;3.006299e-02;1.214787e-02;4.308081e-02;2.674909e-02;6.921310e-03
