1.135144e-01;8.673104e-02;9.573197e-02;7.067636e-02;4.571757e-02;1.085295e-01;9.574717e-02;1.161925e-01;8.960144e-02;8.357142e-02;4.932941e-02;4.465717e-02
1.196041e-01;7.668570e-02;7.427488e-02;1.071791e-01;6.682266e-02;7.963867e-02;1.018045e-01;1.136237e-01;7.326793e-02;1.007824e-01;4.116834e-02;4.514787e-02
8.565504e-02;7.064766e-02;1.184525e-01;9.914850e-02;7.130356e-02;7.563291e-02;1.051449e-01;9.433673e-02;1.036751e-01;9.495410e-02;3.834735e-02;4.270152e-02
1.420320e-01;6.574107e-02;1.033098e-01;7.588087e-02;5.509976e-02;6.426422e-02;7.978275e-02;7.676814e-02;1.580481e-01;7.151435e-02;4.750591e-02;6.005296e-02
1.850116e-01;8.315663e-02;1.216020e-01;5.242793e-02;3.493163e-02;4.700400e-02;9.575810e-02;9.243876e-02;1.481040e-01;3.406445e-02;4.743534e-02;5.806552e-02
1.896051e-01;9.701315e-02;1.277558e-01;4.899481e-02;3.210960e-02;6.463956e-02;1.141808e-01;7.749440e-02;1.212242e-01;5.204573e-02;2.806981e-02;4.686714e-02
1.361034e-01;8.817945e-02;1.612790e-01;4.597566e-02;4.026177e-02;5.529732e-02;1.074948e-01;5.548253e-02;1.373597e-01;9.456594e-02;3.754938e-02;4.045109e-02
8.574782e-02;9.229466e-02;1.489320e-01;6.026212e-02;4.179483e-02;7.520989e-02;1.000960e-01;4.975836e-02;1.605156e-01;1.050781e-01;3.525098e-02;4.505967e-02
1.070984e-01;7.592060e-02;1.343774e-01;9.326682e-02;4.442060e-02;8.173617e-02;9.208564e-02;5.185528e-02;1.250445e-01;1.094215e-01;4.177236e-02;4.300073e-02
1.208981e-01;5.479335e-02;1.544945e-01;8.968905e-02;4.273728e-02;9.704553e-02;9.195472e-02;7.532004e-02;1.167023e-01;8.486358e-02;4.584340e-02;2.565821e-02
1.189326e-01;9.449383e-02;1.279404e-01;5.107002e-02;4.042698e-02;8.312394e-02;9.728777e-02;8.272675e-02;1.263610e-01;8.968450e-02;2.879427e-02;5.915798e-02
1.140548e-01;7.735376e-02;1.185570e-01;2.966927e-02;5.108551e-02;7.909378e-02;8.425611e-02;9.941566e-02;8.748949e-02;1.057491e-01;5.918026e-02;9.409525e-02
9.382879e-02;5.118145e-02;1.476278e-01;3.710467e-02;5.949145e-02;7.794305e-02;8.233550e-02;6.080841e-02;6.439677e-02;1.496961e-01;8.302044e-02;9.256557e-02
8.030071e-02;5.682603e-02;1.549909e-01;5.927242e-02;7.166813e-02;6.939999e-02;7.362147e-02;5.640260e-02;1.025186e-01;1.314133e-01;8.124474e-02;6.234108e-02
1.166102e-01;5.571930e-02;1.102588e-01;4.485041e-02;7.263295e-02;7.030638e-02;8.814821e-02;7.919282e-02;1.182489e-01;9.706569e-02;7.901671e-02;6.794969e-02
1.360089e-01;5.716209e-02;9.304939e-02;3.614036e-02;5.459000e-02;5.742919e-02;9.100026e-02;6.515880e-02;1.259315e-01;1.363039e-01;7.070769e-02;7.651795e-02
1.120136e-01;7.584576e-02;1.046163e-01;6.709772e-02;5.384437e-02;5.957820e-02;7.392384e-02;5.590622e-02;1.273242e-01;1.031629e-01;8.404960e-02;8.263728e-02
1.357176e-01;9.344718e-02;8.946013e-02;6.916377e-02;3.970325e-02;5.421890e-02;5.819963e-02;5.222518e-02;1.470531e-01;1.264191e-01;4.560596e-02;8.878624e-02
1.598915e-01;1.060628e-01;5.796986e-02;5.460978e-02;3.039272e-02;6.134368e-02;6.066418e-02;5.233103e-02;1.695103e-01;1.172869e-01;2.392044e-02;1.060167e-01
1.495933e-01;8.230957e-02;1.308808e-01;3.323512e-02;3.359519e-02;6.431196e-02;9.076320e-02;9.328787e-02;1.293354e-01;7.736593e-02;3.486754e-02;8.045415e-02
1.431699e-01;5.257923e-02;1.784684e-01;5.305282e-02;5.408784e-02;6.483673e-02;9.585486e-02;8.875673e-02;9.463783e-02;6.784995e-02;4.885883e-02;5.784684e-02
1.004069e-01;8.357680e-02;1.713906e-01;5.821068e-02;5.550823e-02;5.326089e-02;1.009728e-01;7.543691e-02;8.820484e-02;9.954992e-02;5.823652e-02;5.524493e-02
1.176720e-01;7.803845e-02;1.181987e-01;6.246557e-02;6.334758e-02;3.961654e-02;8.108292e-02;1.009010e-01;1.264197e-01;1.073606e-01;5.652918e-02;4.836778e-02
1.199582e-01;3.414844e-02;1.300705e-01;6.533941e-02;8.118836e-02;3.969374e-02;8.776418e-02;1.022417e-01;1.476169e-01;1.115414e-01;4.729479e-02;3.314242e-02
1.286011e-01;5.564964e-02;1.406175e-01;7.079382e-02;6.968014e-02;4.729853e-02;8.702020e-02;5.401228e-02;1.547890e-01;1.170239e-01;4.302143e-02;3.149249e-02
1.174715e-01;5.386283e-02;1.114836e-01;7.100128e-02;5.687588e-02;5.589975e-02;9.890342e-02;5.533201e-02;1.459493e-01;1.283275e-01;5.729403e-02;4.759884e-02
1.029787e-01;6.103281e-02;3.011903e-01;4.348795e-02;6.820063e-02;2.988632e-02;6.618351e-02;4.349256e-02;4.407410e-02;1.018953e-01;9.707028e-02;4.050756e-02
1.182184e-01;5.673146e-02;2.950453e-01;4.503761e-02;7.599826e-02;4.686895e-02;1.071271e-01;4.351894e-02;2.808071e-02;6.672634e-02;7.374954e-02;4.289738e-02
1.450256e-01;4.261478e-02;2.797866e-01;3.730026e-02;9.274975e-02;6.368919e-02;1.151393e-01;4.348351e-02;3.101318e-02;5.149164e-02;5.869531e-02;3.901095e-02
1.072413e-01;5.383311e-02;2.371109e-01;4.388994e-02;1.022205e-01;5.913820e-02;2.138480e-01;3.389228e-02;3.766754e-02;4.091801e-02;3.218118e-02;3.805903e-02
4.886741e-02;9.874714e-02;1.801588e-01;3.612157e-02;8.784375e-02;4.716976e-02;3.572956e-01;3.028159e-02;3.000480e-02;2.299086e-02;3.408086e-02;2.643785e-02
5.334887e-02;1.257351e-01;8.383746e-02;2.682018e-02;7.532439e-02;4.626693e-02;4.402477e-01;4.714460e-02;2.602858e-02;2.514773e-02;3.695556e-02;1.314282e-02
4.828391e-02;1.246337e-01;6.746239e-02;1.737496e-02;7.593106e-02;3.817280e-02;4.632954e-01;5.710360e-02;3.195218e-02;2.379330e-02;4.344163e-02;8.555070e-03
3.638261e-02;9.093188e-02;1.268566e-01;1.376341e-02;6.894490e-02;2.532602e-02;4.455955e-01;6.058867e-02;4.595384e-02;2.746100e-02;4.223278e-02;1.596272e-02
1.108121e-02;4.075046e-02;2.047466e-01;3.538823e-02;4.182485e-02;2.442093e-02;3.778283e-01;7.618780e-02;7.472507e-02;5.117410e-02;2.570657e-02;3.616585e-02
3.795928e-02;2.761334e-02;2.101413e-01;9.289400e-02;3.922404e-02;4.078927e-02;2.282992e-01;5.500139e-02;1.208522e-01;7.477754e-02;3.484765e-02;3.760070e-02
5.873473e-02;2.975481e-02;1.640865e-01;1.589474e-01;5.318831e-02;5.659522e-02;6.824360e-02;6.599565e-02;1.646710e-01;1.001559e-01;4.874140e-02;3.088559e-02
5.777203e-02;3.346114e-02;1.594890e-01;1.589424e-01;3.832182e-02;3.914325e-02;1.041827e-01;6.052653e-02;1.934071e-01;1.065035e-01;3.708182e-02;1.116869e-02
6.782427e-02;2.872220e-02;1.000712e-01;1.509496e-01;3.633562e-02;2.200235e-02;4.678678e-02;6.359200e-02;2.481602e-01;1.227834e-01;4.487432e-02;6.789803e-02
3.272054e-02;2.231838e-02;1.142795e-01;9.582204e-02;3.775527e-02;2.135244e-02;1.747842e-01;7.577279e-02;1.821711e-01;9.377228e-02;5.147621e-02;9.777523e-02
1.834805e-02;3.171199e-02;1.559688e-01;7.204446e-02;3.885650e-02;3.492256e-02;2.703444e-01;6.526227e-02;1.139154e-01;6.211741e-02;4.794880e-02;8.855943e-02
5.935511e-02;3.387201e-02;1.748348e-01;6.172320e-02;5.300254e-02;5.255625e-02;3.340054e-01;2.485454e-02;5.709558e-02;4.222717e-02;3.686807e-02;6.960537e-02
5.089184e-02;2.691519e-02;1.441529e-01;6.035900e-02;9.629881e-02;6.112871e-02;1.984850e-01;1.024223e-01;1.182773e-01;4.573786e-02;3.197491e-02;6.335630e-02
5.434176e-02;2.267851e-02;2.319693e-01;4.409066e-02;8.109492e-02;4.259099e-02;1.137182e-01;1.024957e-01;1.347459e-01;7.525753e-02;4.541929e-02;5.159723e-02
4.555785e-02;2.225674e-02;1.619705e-01;6.984906e-02;4.976473e-02;3.146652e-02;7.874203e-02;9.487049e-02;1.823487e-01;9.116572e-02;3.663893e-02;1.353686e-01
2.513666e-02;1.538573e-02;1.300462e-01;8.502980e-02;4.059007e-02;2.907793e-02;9.448331e-02;7.898197e-02;2.277186e-01;8.181733e-02;2.297901e-02;1.687534e-01
4.655159e-02;2.044059e-02;1.692643e-01;8.725125e-02;3.998514e-02;2.518114e-02;1.235180e-01;4.916950e-02;1.825132e-01;8.337014e-02;2.278425e-02;1.499709e-01
4.594481e-02;2.388582e-02;1.486885e-01;9.543584e-02;5.529158e-02;1.775856e-02;1.648299e-01;6.296907e-02;1.509766e-01;9.327301e-02;4.048530e-02;1.004609e-01
4.165129e-02;2.693962e-02;1.163155e-01;8.771332e-02;6.748559e-02;3.484723e-02;1.822543e-01;5.106905e-02;1.503215e-01;1.069180e-01;6.464230e-02;6.984229e-02
5.463425e-02;3.745281e-02;8.305241e-02;1.023611e-01;5.933463e-02;4.344220e-02;1.251307e-01;7.446239e-02;1.864458e-01;1.062707e-01;6.737687e-02;6.003615e-02
6.985591e-02;4.346029e-02;1.034564e-01;9.745449e-02;5.482942e-02;5.128962e-02;8.390117e-02;7.024866e-02;2.248997e-01;9.048422e-02;7.318565e-02;3.693444e-02
7.067667e-02;3.544398e-02;1.101867e-01;7.965811e-02;3.679750e-02;6.165540e-02;1.154493e-01;7.476600e-02;2.064740e-01;8.444656e-02;5.227840e-02;7.216738e-02
6.409565e-02;7.324576e-02;9.265108e-02;6.897972e-02;3.842467e-02;5.852529e-02;1.266156e-01;8.290394e-02;1.761815e-01;8.780386e-02;5.177419e-02;7.879867e-02
3.949073e-02;8.404124e-02;1.167431e-01;4.132188e-02;7.648108e-02;7.639748e-02;1.487619e-01;8.378187e-02;1.267297e-01;1.072193e-01;4.411907e-02;5.491278e-02
7.337833e-02;5.990764e-02;1.044396e-01;3.571930e-02;8.859707e-02;9.806833e-02;1.625110e-01;1.118938e-01;7.847259e-02;1.268574e-01;2.720040e-02;3.295445e-02
1.006452e-01;7.369141e-02;9.500448e-02;3.671889e-02;8.591276e-02;1.012452e-01;1.347404e-01;1.157354e-01;4.341315e-02;1.146325e-01;3.719734e-02;6.106331e-02
9.462634e-02;7.370012e-02;1.035207e-01;5.551320e-02;9.415368e-02;6.137638e-02;1.216706e-01;8.337597e-02;7.538294e-02;1.145530e-01;4.959005e-02;7.253714e-02
9.019876e-02;4.306917e-02;1.286513e-01;6.209418e-02;8.788011e-02;6.970571e-02;1.256778e-01;7.699162e-02;7.074850e-02;1.138071e-01;6.127661e-02;6.989905e-02
9.170832e-02;6.147777e-02;1.466471e-01;7.324670e-02;1.036715e-01;8.295830e-02;1.079493e-01;8.217794e-02;5.392395e-02;8.978728e-02;4.165173e-02;6.480010e-02
1.057054e-01;8.807838e-02;1.417131e-01;6.204411e-02;9.923497e-02;8.613781e-02;1.114279e-01;6.132965e-02;5.678397e-02;9.586038e-02;3.229761e-02;5.938672e-02
8.387796e-02;9.183035e-02;1.496355e-01;5.124222e-02;7.163037e-02;8.776832e-02;7.911652e-02;8.375433e-02;7.124557e-02;9.991802e-02;5.977249e-02;7.020838e-02
8.653957e-02;1.047405e-01;1.502737e-01;7.967901e-02;7.439614e-02;6.898997e-02;7.203758e-02;8.924329e-02;7.053851e-02;8.314831e-02;6.075384e-02;5.965966e-02
5.319639e-02;1.205023e-01;1.038292e-01;1.039223e-01;1.051493e-01;4.253782e-02;7.875769e-02;1.019104e-01;8.630504e-02;1.066134e-01;6.119693e-02;3.607922e-02
1.006610e-01;6.296887e-02;1.518779e-01;4.008752e-02;7.139421e-02;6.646433e-02;1.693097e-01;5.224959e-02;8.093728e-02;8.374391e-02;6.918400e-02;5.112175e-02
1.142785e-01;9.443142e-02;1.005376e-01;7.894823e-02;5.257297e-02;8.195602e-02;1.577570e-01;5.927506e-02;8.463649e-02;6.314310e-02;4.807563e-02;6.438797e-02
9.942918e-02;7.636341e-02;1.561282e-01;1.020024e-01;3.241343e-02;8.263759e-02;1.615731e-01;6.359224e-02;6.582759e-02;4.173590e-02;5.154525e-02;6.675157e-02
8.263234e-02;6.647474e-02;1.756493e-01;1.089566e-01;4.950480e-02;7.080244e-02;1.986183e-01;4.706243e-02;4.326423e-02;4.120004e-02;5.453003e-02;6.130472e-02
7.635649e-02;9.138298e-02;1.628576e-01;7.518272e-02;8.131839e-02;4.663903e-02;2.614074e-01;4.488907e-02;3.218503e-02;4.346757e-02;3.831632e-02;4.599740e-02
3.748172e-02;7.081043e-02;1.616360e-01;7.295556e-02;9.519084e-02;4.728647e-02;2.195745e-01;6.444877e-02;8.097909e-02;7.790752e-02;3.752266e-02;3.420636e-02
4.443912e-02;5.294486e-02;1.359649e-01;1.125403e-01;9.091683e-02;5.536676e-02;1.372739e-01;5.054074e-02;1.035617e-01;1.261473e-01;6.208840e-02;2.821526e-02
4.785069e-02;9.253198e-02;8.990671e-02;8.894201e-02;8.560167e-02;6.972510e-02;7.616545e-02;2.019030e-02;7.263514e-02;1.539222e-01;1.584008e-01;4.412803e-02
3.318015e-02;9.968869e-02;8.174971e-02;3.578131e-02;4.964756e-02;8.888520e-02;9.387328e-02;1.946877e-02;2.714660e-02;9.790459e-02;2.670662e-01;1.056079e-01
5.774450e-02;4.853551e-02;8.117410e-02;3.393413e-02;1.521628e-02;6.994407e-02;1.826223e-01;2.363516e-02;1.402637e-02;3.413725e-02;2.194326e-01;2.195977e-01
7.485826e-02;1.060955e-02;4.043263e-02;6.238692e-02;6.764528e-03;3.088483e-02;2.522390e-01;6.775916e-02;7.978432e-03;1.649398e-02;9.994873e-02;3.296440e-01
1.220088e-01;1.229955e-02;2.368496e-02;6.849180e-02;9.729679e-03;1.054736e-02;2.356049e-01;1.369544e-01;5.005952e-03;1.065065e-02;4.774400e-02;3.172780e-01
2.638535e-01;2.302036e-02;3.634680e-02;3.535061e-02;3.347127e-02;5.719321e-03;1.652271e-01;2.190545e-01;2.315982e-02;1.178908e-02;3.169657e-02;1.513111e-01
3.889596e-01;6.414059e-02;4.820919e-02;1.478786e-02;6.251379e-02;6.396721e-03;7.846842e-02;1.970077e-01;6.100082e-02;7.331088e-03;2.655857e-02;4.462568e-02
3.954038e-01;1.195520e-01;5.806520e-02;9.969599e-03;7.023703e-02;8.926229e-03;2.796664e-02;1.350697e-01;1.079687e-01;8.269725e-03;2.037352e-02;3.819780e-02
2.798077e-01;2.022740e-01;8.764563e-02;9.519936e-03;4.508676e-02;2.628261e-02;1.719504e-02;1.106723e-01;1.715068e-01;1.291930e-02;1.747520e-02;1.961470e-02
1.710940e-01;2.572177e-01;1.087031e-01;6.020634e-03;1.175256e-02;5.033466e-02;2.333116e-02;1.161568e-01;2.065917e-01;1.104944e-02;1.789038e-02;1.985779e-02
1.866014e-01;2.098510e-01;1.051364e-01;7.695799e-03;3.561564e-02;4.726870e-02;4.436906e-02;1.471365e-01;1.573927e-01;1.573958e-02;1.845171e-02;2.474166e-02
2.596139e-01;1.183359e-01;1.077618e-01;1.522455e-02;5.662564e-02;2.650120e-02;8.108420e-02;1.604769e-01;8.920909e-02;1.649827e-02;2.820137e-02;4.046711e-02
2.689999e-01;5.207934e-02;1.025276e-01;4.043166e-02;6.211264e-02;3.144581e-02;1.283402e-01;1.055061e-01;5.894937e-02;3.476361e-02;4.721240e-02;6.763135e-02
1.611818e-01;4.023645e-02;9.244199e-02;4.781264e-02;5.059760e-02;4.984917e-02;1.287564e-01;1.005374e-01;1.007882e-01;5.844885e-02;7.142670e-02;9.792273e-02
9.241427e-02;7.306590e-02;1.071924e-01;3.561259e-02;4.045366e-02;4.503781e-02;9.646897e-02;1.466850e-01;1.200377e-01;8.745325e-02;6.482876e-02;9.074969e-02
1.306817e-01;8.659882e-02;1.042759e-01;2.946547e-02;6.841816e-02;4.582514e-02;8.803617e-02;9.794683e-02;1.608241e-01;1.088006e-01;3.703722e-02;4.208981e-02
8.652110e-02;9.596369e-02;1.030149e-01;3.680759e-02;5.549578e-02;3.528867e-02;7.741366e-02;5.103382e-02;2.425479e-01;1.429431e-01;3.560521e-02;3.736459e-02
4.555235e-02;5.277978e-02;8.722421e-02;3.431284e-02;4.629066e-02;5.446281e-02;8.664761e-02;1.195905e-01;2.950822e-01;1.130711e-01;2.286310e-02;4.212291e-02
3.853874e-02;3.745534e-02;9.656093e-02;2.707895e-02;2.465988e-02;4.872476e-02;7.222778e-02;1.459441e-01;2.795714e-01;1.407146e-01;2.586318e-02;6.266036e-02
5.814220e-02;6.309921e-02;1.125994e-01;4.823924e-02;4.922707e-02;5.113554e-02;5.339924e-02;1.266706e-01;2.106876e-01;1.101442e-01;3.333281e-02;8.332281e-02
4.391008e-02;6.887118e-02;7.803322e-02;3.113732e-02;4.879557e-02;4.304301e-02;6.829383e-02;1.196479e-01;3.016890e-01;1.158923e-01;4.213319e-02;3.855339e-02
5.060332e-02;7.134694e-02;1.208256e-01;3.095128e-02;4.125042e-02;3.318510e-02;1.287134e-01;9.774411e-02;2.517013e-01;9.336963e-02;4.330509e-02;3.700383e-02
1.026491e-01;7.042389e-02;2.152760e-01;4.742392e-02;4.813819e-02;5.113684e-02;1.491283e-01;5.073213e-02;1.000463e-01;5.996447e-02;5.596824e-02;4.911274e-02
1.077635e-01;6.743433e-02;2.204080e-01;4.945881e-02;4.548532e-02;7.522519e-02;1.326893e-01;3.322373e-02;5.442439e-02;6.155129e-02;8.738743e-02;6.494867e-02
7.790150e-02;6.265131e-02;1.764624e-01;4.186616e-02;5.275464e-02;1.042729e-01;1.204612e-01;2.397287e-02;4.243977e-02;9.567037e-02;1.383101e-01;6.323679e-02
4.394123e-02;8.602298e-02;1.180072e-01;3.481182e-02;6.950485e-02;9.659937e-02;8.707576e-02;5.268763e-02;4.053225e-02;1.732557e-01;1.556478e-01;4.191350e-02
4.798186e-02;1.053209e-01;3.657647e-02;3.795686e-02;1.268930e-01;4.703300e-02;3.884616e-02;6.167499e-02;8.966571e-02;2.607851e-01;1.165712e-01;3.069469e-02
4.712923e-02;7.049350e-02;2.383880e-02;5.473813e-02;1.323767e-01;3.582406e-02;4.634387e-02;3.926893e-02;1.662606e-01;2.696068e-01;8.668352e-02;2.743584e-02
6.540949e-02;2.797229e-02;4.624247e-02;1.054007e-01;9.078468e-02;3.114421e-02;6.758551e-02;3.934562e-02;2.155225e-01;2.196771e-01;6.882518e-02;2.209023e-02
6.384950e-02;2.555420e-02;8.228400e-02;1.339260e-01;5.089656e-02;2.932739e-02;1.014981e-01;7.999013e-02;1.876799e-01;1.564648e-01;6.300026e-02;2.552909e-02
3.581661e-02;5.459154e-02;2.196358e-01;9.406397e-02;2.379818e-02;4.044854e-02;1.221474e-01;1.730705e-01;4.972284e-02;8.378828e-02;4.949035e-02;5.342606e-02
2.494349e-02;6.967261e-02;2.388688e-01;4.639540e-02;2.038347e-02;2.116955e-02;1.930695e-01;1.827059e-01;8.747054e-02;3.586962e-02;4.481240e-02;3.463867e-02
1.931706e-02;9.379189e-02;1.982092e-01;2.093330e-02;2.164780e-02;1.514848e-02;3.010069e-01;1.455108e-01;7.925113e-02;2.455735e-02;6.475368e-02;1.587242e-02
5.603775e-02;1.192872e-01;1.210663e-01;6.150862e-03;2.684710e-02;3.552090e-02;4.059574e-01;5.854475e-02;4.306679e-02;4.028386e-02;8.027293e-02;6.964136e-03
1.032155e-01;1.181336e-01;5.138937e-02;9.288594e-03;3.067277e-02;7.187835e-02;4.133366e-01;3.916339e-02;1.173672e-02;7.538560e-02;6.767003e-02;8.129506e-03
1.652747e-01;9.673781e-02;9.760323e-03;1.539292e-02;4.495460e-02;1.220959e-01;3.231694e-01;3.039371e-02;8.866262e-03;1.295309e-01;4.147187e-02;1.235160e-02
2.005727e-01;6.741296e-02;2.253939e-02;1.641442e-02;7.747695e-02;1.562180e-01;1.875207e-01;1.454291e-02;6.738463e-02;1.513127e-01;1.800555e-02;2.059907e-02
1.701725e-01;3.069363e-02;3.470381e-02;1.793872e-02;1.241206e-01;1.429864e-01;1.217180e-01;1.786070e-02;1.747869e-01;1.126319e-01;1.031150e-02;4.207544e-02
1.256396e-01;1.153477e-02;5.438187e-02;3.057151e-02;1.680093e-01;1.004816e-01;7.417959e-02;1.176109e-02;2.792153e-01;6.146221e-02;1.723116e-02;6.553204e-02
9.617952e-02;1.547135e-02;8.062410e-02;5.831101e-02;1.718938e-01;6.447948e-02;4.984679e-02;5.288149e-02;2.858487e-01;2.968471e-02;2.039646e-02;7.438271e-02
5.646555e-02;1.000484e-02;1.396780e-01;9.146561e-02;1.387379e-01;4.520508e-02;4.498154e-02;1.092757e-01;2.354649e-01;2.435500e-02;4.361439e-02;6.075142e-02
3.007575e-02;1.121483e-02;2.182819e-01;1.116781e-01;1.006346e-01;3.116048e-02;4.146878e-02;1.643223e-01;1.605721e-01;2.189817e-02;7.288615e-02;3.580697e-02
1.632759e-02;1.238195e-02;3.215049e-01;1.090173e-01;7.162246e-02;2.587759e-02;6.719095e-02;1.367040e-01;9.059729e-02;3.945972e-02;9.440938e-02;1.490684e-02
2.323283e-02;1.478568e-02;4.075281e-01;8.957113e-02;5.170798e-02;2.421042e-02;9.636866e-02;3.862695e-02;4.790007e-02;9.101129e-02;1.083214e-01;6.735540e-03
3.149296e-02;3.331276e-02;3.640512e-01;5.769132e-02;4.073799e-02;1.840705e-02;1.220501e-01;5.868351e-02;5.008833e-02;1.163828e-01;7.407898e-02;3.302304e-02
5.907439e-02;5.854212e-02;2.826725e-01;3.399158e-02;3.495149e-02;1.847407e-02;1.420197e-01;8.741911e-02;5.261719e-02;1.226917e-01;2.965370e-02;7.789242e-02
7.764618e-02;6.017485e-02;1.825280e-01;2.904891e-02;3.426694e-02;2.415441e-02;1.384748e-01;6.511217e-02;1.008998e-01;8.324947e-02;9.032176e-02;1.141228e-01
7.231317e-02;5.425599e-02;2.249766e-01;4.032378e-02;3.380420e-02;3.067110e-02;1.480785e-01;6.298996e-02;1.007229e-01;6.959882e-02;6.137779e-02;1.008872e-01
8.730000e-02;3.933448e-02;2.585592e-01;4.426621e-02;4.991347e-02;6.543587e-02;1.691450e-01;7.397118e-02;5.638959e-02;6.193177e-02;3.448283e-02;5.927037e-02
4.975216e-02;1.933431e-02;2.681527e-01;7.934283e-02;6.056029e-02;4.674272e-02;1.528547e-01;9.629840e-02;8.270794e-02;4.784673e-02;3.976699e-02;5.664029e-02
2.973892e-02;3.698768e-02;2.682244e-01;8.258753e-02;7.250842e-02;3.794631e-02;1.398779e-01;3.569037e-02;1.407054e-01;5.245301e-02;3.212262e-02;7.115741e-02
4.962242e-02;4.592368e-02;1.279446e-01;6.210946e-02;7.719401e-02;4.244126e-02;1.311509e-01;8.662213e-02;1.606513e-01;7.061469e-02;4.780756e-02;9.791806e-02
4.889850e-02;4.640221e-02;1.104896e-01;7.217155e-02;7.642222e-02;4.665023e-02;9.930726e-02;8.894506e-02;1.371536e-01;1.066751e-01;5.661876e-02;1.102659e-01
5.179798e-02;4.281051e-02;1.579877e-01;6.259888e-02;6.587403e-02;4.658158e-02;1.232563e-01;7.942452e-02;1.247713e-01;1.103367e-01;6.144027e-02;7.312034e-02
3.782092e-02;3.783006e-02;1.868142e-01;5.381808e-02;6.399634e-02;6.484518e-02;1.056785e-01;7.309217e-02;1.568547e-01;9.899580e-02;4.456697e-02;7.568706e-02
5.525612e-02;3.638994e-02;1.467205e-01;5.701555e-02;7.422402e-02;6.304805e-02;7.678980e-02;6.808631e-02;1.740305e-01;9.379616e-02;5.856810e-02;9.607504e-02
4.504121e-02;4.148709e-02;1.567272e-01;7.362796e-02;7.039455e-02;5.292903e-02;6.035297e-02;8.131527e-02;1.534183e-01;9.047390e-02;7.819086e-02;9.604155e-02
6.656533e-02;4.731686e-02;1.194703e-01;8.110242e-02;9.412484e-02;6.309391e-02;1.097925e-01;1.026663e-01;9.348104e-02;7.812815e-02;6.301849e-02;8.123980e-02
8.470659e-02;8.385701e-02;1.144632e-01;9.375243e-02;8.931392e-02;8.150000e-02;1.088497e-01;9.377047e-02;5.701004e-02;7.765467e-02;5.898803e-02;5.613393e-02
6.742116e-02;7.246946e-02;8.534481e-02;1.026844e-01;8.332796e-02;8.349582e-02;1.374665e-01;1.018539e-01;1.060638e-01;5.931913e-02;5.321950e-02;4.733353e-02
6.448209e-02;6.905336e-02;1.098290e-01;8.399335e-02;7.543327e-02;6.981762e-02;1.444071e-01;9.250391e-02;1.345674e-01;6.473135e-02;5.744156e-02;3.374000e-02
8.290850e-02;9.387010e-02;1.406572e-01;4.686920e-02;5.643462e-02;5.588587e-02;1.911160e-01;4.614353e-02;8.819968e-02;8.362468e-02;8.952556e-02;2.476504e-02
1.118394e-01;1.224882e-01;1.086886e-01;2.273456e-02;4.314583e-02;5.259633e-02;2.864062e-01;3.318816e-02;3.497453e-02;7.133494e-02;9.096511e-02;2.163819e-02
9.048329e-02;1.287638e-01;5.220367e-02;7.901191e-03;3.829005e-02;4.983943e-02;4.023179e-01;3.160011e-02;2.172693e-02;6.080839e-02;1.035827e-01;1.248258e-02
4.323995e-02;9.891173e-02;6.362942e-02;5.785609e-03;3.071023e-02;3.454438e-02;4.349671e-01;6.899079e-02;2.448244e-02;5.799367e-02;1.221417e-01;1.460306e-02
2.786214e-02;5.686861e-02;1.248175e-01;1.460425e-02;2.196074e-02;2.029432e-02;3.712078e-01;1.243891e-01;4.958742e-02;4.551384e-02;1.053330e-01;3.756130e-02
1.927281e-02;2.440131e-02;1.690061e-01;4.115039e-02;1.708982e-02;1.320408e-02;2.720883e-01;1.492149e-01;1.370976e-01;4.406742e-02;5.415883e-02;5.924846e-02
2.766251e-02;9.468739e-03;1.446515e-01;8.010194e-02;3.621421e-02;1.231466e-02;1.610131e-01;1.037051e-01;2.741365e-01;8.194172e-02;2.114594e-02;4.764422e-02
3.309501e-02;2.425648e-02;7.187118e-02;7.764113e-02;6.917171e-02;4.726633e-02;9.381984e-02;8.078179e-02;2.701561e-01;1.472538e-01;6.034386e-02;2.434279e-02
3.711727e-02;2.419535e-02;4.884933e-02;3.941296e-02;6.414039e-02;1.345201e-01;9.768736e-02;5.663668e-02;1.066098e-01;1.648062e-01;1.675027e-01;5.852186e-02
4.188189e-02;1.368047e-02;3.797249e-02;1.784877e-02;2.464714e-02;1.521509e-01;1.951757e-01;5.011990e-02;4.561065e-02;7.957138e-02;1.923738e-01;1.489669e-01
8.831805e-02;8.607729e-03;3.524977e-02;2.162651e-02;9.506969e-03;8.591595e-02;2.893578e-01;2.877883e-02;2.874824e-02;2.778374e-02;1.080042e-01;2.681022e-01
1.315385e-01;7.964635e-03;1.441426e-02;3.741249e-02;7.420661e-03;3.997817e-02;3.147081e-01;4.181195e-02;7.151585e-03;2.456135e-02;4.857044e-02;3.244678e-01
1.995452e-01;1.504289e-02;1.810442e-02;5.402012e-02;7.866914e-03;2.180810e-02;2.862420e-01;5.673780e-02;8.733288e-03;2.896730e-02;2.863523e-02;2.742967e-01
2.282081e-01;2.859186e-02;3.472938e-02;6.784349e-02;9.129735e-03;7.487489e-03;2.637644e-01;8.637276e-02;9.635019e-03;3.080224e-02;2.325087e-02;2.101846e-01
1.645139e-01;3.174792e-02;4.030165e-02;8.508846e-02;1.478960e-02;1.512601e-02;2.633156e-01;9.432314e-02;7.714720e-03;2.989642e-02;3.720376e-02;2.159789e-01
8.290257e-02;2.682224e-02;3.226749e-02;1.163456e-01;1.829764e-02;2.521717e-02;2.815338e-01;7.036563e-02;2.360881e-02;3.195299e-02;5.734206e-02;2.333440e-01
5.585692e-02;2.359737e-02;5.622425e-02;1.183533e-01;1.824294e-02;3.789470e-02;2.122762e-01;7.194586e-02;3.166585e-02;5.483583e-02;9.056545e-02;2.285413e-01
6.475765e-02;2.111292e-02;1.144773e-01;6.636038e-02;2.257098e-02;8.046927e-02;5.159312e-02;4.942359e-02;2.634624e-02;9.091660e-02;1.898109e-01;2.221611e-01
4.682849e-02;3.330867e-02;6.699022e-02;4.260571e-02;4.010382e-02;9.826279e-02;1.268791e-01;3.128305e-02;3.137929e-02;1.312189e-01;2.248341e-01;1.263059e-01
3.517646e-02;8.093643e-02;3.849386e-02;3.159360e-02;8.881680e-02;7.802884e-02;1.006509e-01;4.752589e-02;4.261285e-02;1.979022e-01;1.985485e-01;5.971368e-02
7.511135e-02;1.011914e-01;4.120834e-02;7.227761e-02;1.078439e-01;3.343622e-02;8.009822e-02;3.857254e-02;6.500240e-02;2.146959e-01;1.178721e-01;5.268996e-02
8.931185e-02;5.654740e-02;1.247219e-01;1.116701e-01;6.574102e-02;1.858409e-02;1.364651e-01;4.547220e-02;7.428783e-02;1.518790e-01;6.804089e-02;5.727854e-02
9.889647e-02;7.255165e-02;1.902854e-01;7.646640e-02;3.119734e-02;2.886344e-02;1.923753e-01;5.594100e-02;4.379764e-02;8.960169e-02;6.295375e-02;5.706996e-02
1.461219e-01;1.138743e-01;1.350314e-01;4.233097e-02;3.866131e-02;4.721764e-02;2.612093e-01;3.375099e-02;2.766436e-02;6.470481e-02;5.394559e-02;3.548744e-02
1.852639e-01;9.801277e-02;9.824514e-02;3.134959e-02;5.680256e-02;6.143592e-02;2.485418e-01;2.034920e-02;3.609218e-02;5.178319e-02;3.890106e-02;7.322271e-02
1.622021e-01;6.350330e-02;1.294720e-01;3.754506e-02;8.460770e-02;5.779847e-02;1.518773e-01;2.404088e-02;4.603845e-02;5.372901e-02;5.444629e-02;1.347395e-01
1.051954e-01;4.139045e-02;2.341189e-01;6.544571e-02;7.878120e-02;3.228321e-02;4.600711e-02;2.290865e-02;5.122522e-02;6.475081e-02;9.711933e-02;1.607740e-01
1.043085e-01;2.464134e-02;3.072613e-01;7.538969e-02;4.619047e-02;2.727117e-02;8.051151e-02;1.420026e-02;3.894341e-02;6.649905e-02;9.039316e-02;1.243902e-01
1.064365e-01;7.024196e-02;2.578416e-01;7.398605e-02;5.078785e-02;3.978619e-02;8.591241e-02;2.981599e-02;5.456589e-02;4.893917e-02;6.228834e-02;1.193981e-01
1.076885e-01;1.054950e-01;1.353972e-01;7.509013e-02;6.947295e-02;5.012349e-02;9.739131e-02;4.133547e-02;6.305114e-02;5.038777e-02;7.784124e-02;1.267259e-01
1.500613e-01;9.136537e-02;1.376941e-01;8.127088e-02;9.858329e-02;5.984455e-02;5.193132e-02;3.459140e-02;4.662585e-02;4.065068e-02;2.926006e-02;1.781212e-01
1.318600e-01;8.801632e-02;8.282440e-02;9.013376e-02;1.077951e-01;9.924460e-02;9.443078e-02;4.330661e-02;5.557038e-02;6.538198e-02;4.104418e-02;1.003919e-01
9.688471e-02;7.467238e-02;1.091416e-01;7.030156e-02;9.652619e-02;1.377276e-01;1.518701e-01;6.276599e-02;4.663633e-02;5.872165e-02;5.804636e-02;3.670544e-02
1.357885e-01;9.089592e-02;9.339873e-02;3.925187e-02;7.432541e-02;1.000971e-01;1.285627e-01;8.039597e-02;5.851380e-02;7.231902e-02;7.566983e-02;5.078116e-02
1.429690e-01;1.259894e-01;8.321095e-02;3.149892e-02;4.213110e-02;6.587549e-02;7.747344e-02;1.056993e-01;1.045739e-01;9.602690e-02;5.252107e-02;7.203063e-02
9.199715e-02;8.159155e-02;9.447279e-02;4.398539e-02;3.061915e-02;6.093048e-02;9.091262e-02;1.237458e-01;1.436401e-01;9.907100e-02;6.697760e-02;7.205640e-02
7.905355e-02;4.071822e-02;8.404818e-02;3.742215e-02;4.208828e-02;4.903689e-02;1.249752e-01;1.381772e-01;1.556788e-01;9.607994e-02;1.035227e-01;4.919896e-02
8.922110e-02;4.804100e-02;7.564107e-02;3.868435e-02;6.488178e-02;5.990114e-02;1.257305e-01;1.111108e-01;1.394055e-01;1.000018e-01;1.107941e-01;3.658694e-02
9.117323e-02;7.470465e-02;7.402734e-02;3.664157e-02;8.672987e-02;7.108809e-02;9.438211e-02;7.612251e-02;1.516338e-01;9.269259e-02;1.015996e-01;4.920465e-02
9.203675e-02;5.971128e-02;1.013919e-01;4.773472e-02;7.566053e-02;4.971737e-02;1.131108e-01;7.253715e-02;1.377604e-01;8.555894e-02;9.865475e-02;6.612540e-02
8.217490e-02;4.317488e-02;1.198470e-01;5.353036e-02;5.462160e-02;4.707034e-02;1.330897e-01;7.660881e-02;1.103789e-01;1.117691e-01;8.302136e-02;8.471309e-02
7.521607e-02;6.760459e-02;1.137341e-01;6.503416e-02;4.457147e-02;5.802603e-02;8.458442e-02;7.449192e-02;1.228036e-01;1.340739e-01;8.092330e-02;7.893644e-02
7.881377e-02;8.460742e-02;1.020132e-01;5.989320e-02;3.569862e-02;7.390654e-02;1.092332e-01;8.919781e-02;8.357069e-02;1.278999e-01;9.075147e-02;6.441426e-02
9.180554e-02;6.408536e-02;1.151491e-01;4.138974e-02;4.853068e-02;7.756042e-02;1.151364e-01;1.051309e-01;8.113002e-02;1.005625e-01;8.976472e-02;6.975469e-02
1.082517e-01;7.856593e-02;1.019773e-01;5.897649e-02;7.579899e-02;5.075099e-02;9.853394e-02;7.010076e-02;8.397844e-02;1.194593e-01;7.640471e-02;7.720143e-02
9.203669e-02;7.406958e-02;1.150656e-01;7.330175e-02;7.828780e-02;8.174558e-02;8.449800e-02;5.447822e-02;1.002762e-01;1.054113e-01;7.042639e-02;7.040288e-02
5.427545e-02;5.757872e-02;1.119235e-01;4.613158e-02;7.135198e-02;9.892377e-02;1.146380e-01;6.341350e-02;1.321757e-01;7.956477e-02;1.037605e-01;6.626258e-02
5.412238e-02;1.035780e-01;5.524531e-02;4.801162e-02;6.559723e-02;8.055989e-02;1.136644e-01;7.096304e-02;1.021143e-01;1.034941e-01;1.438815e-01;5.876820e-02
6.392343e-02;1.194052e-01;1.121953e-01;6.028235e-02;5.202226e-02;5.009575e-02;7.804884e-02;6.416241e-02;9.715889e-02;9.190730e-02;1.297884e-01;8.100976e-02
8.235383e-02;8.975660e-02;1.279311e-01;6.396515e-02;5.456513e-02;4.799751e-02;6.074014e-02;6.963413e-02;8.909037e-02;7.070447e-02;1.309284e-01;1.123332e-01
7.747316e-02;1.003518e-01;1.510337e-01;8.765569e-02;5.229599e-02;3.788979e-02;8.537284e-02;6.588822e-02;7.709998e-02;5.397590e-02;1.297125e-01;8.125046e-02
5.503490e-02;9.858817e-02;1.340947e-01;1.214001e-01;6.615618e-02;3.291191e-02;1.031887e-01;8.675468e-02;1.022376e-01;6.541352e-02;8.819901e-02;4.602060e-02
6.721742e-02;8.650739e-02;1.333360e-01;1.160956e-01;8.364740e-02;4.576864e-02;1.057411e-01;8.174442e-02;8.202409e-02;7.227387e-02;5.764705e-02;6.799707e-02
9.054599e-02;7.153185e-02;1.409320e-01;9.461799e-02;5.799426e-02;4.341715e-02;1.302686e-01;5.719065e-02;7.620756e-02;9.175568e-02;8.054464e-02;6.499361e-02
9.167777e-02;5.561827e-02;1.365414e-01;9.039311e-02;4.575373e-02;5.089745e-02;1.598036e-01;4.290826e-02;6.088752e-02;1.290494e-01;8.429826e-02;5.217134e-02
1.007021e-01;6.785096e-02;1.043110e-01;7.560644e-02;6.185317e-02;6.803391e-02;1.623819e-01;5.256602e-02;9.199595e-02;1.217588e-01;4.872555e-02;4.421420e-02
8.943048e-02;5.704401e-02;1.226252e-01;6.256866e-02;5.828126e-02;7.013432e-02;1.774929e-01;8.080553e-02;9.650704e-02;8.919902e-02;4.915848e-02;4.675305e-02
4.941126e-02;6.397840e-02;1.291061e-01;4.914622e-02;7.657441e-02;4.835815e-02;1.687521e-01;1.090146e-01;9.575861e-02;5.683237e-02;7.165439e-02;8.141344e-02
9.676568e-02;6.211744e-02;1.237442e-01;8.725349e-02;6.285098e-02;7.319681e-02;1.459125e-01;8.380430e-02;6.638318e-02;6.301648e-02;8.337590e-02;5.157890e-02
1.379380e-01;8.042572e-02;1.386730e-01;7.897975e-02;3.370835e-02;6.269559e-02;1.062031e-01;5.635898e-02;9.231271e-02;9.198166e-02;5.733617e-02;6.338695e-02
1.588426e-01;8.962099e-02;1.646166e-01;4.703823e-02;3.526523e-02;4.880212e-02;4.780458e-02;6.819581e-02;7.721546e-02;1.250898e-01;5.001775e-02;8.749081e-02
1.513322e-01;8.454469e-02;1.282960e-01;6.697855e-02;3.527259e-02;4.546881e-02;8.113296e-02;6.018113e-02;6.581996e-02;1.289754e-01;7.686020e-02;7.513760e-02
1.293445e-01;9.160546e-02;1.089699e-01;5.815178e-02;4.380809e-02;3.829683e-02;1.261658e-01;6.478101e-02;8.343818e-02;1.082452e-01;8.047399e-02;6.671937e-02
9.828380e-02;9.924634e-02;1.478287e-01;7.137448e-02;3.436658e-02;2.984829e-02;1.205892e-01;7.575224e-02;8.880796e-02;1.363283e-01;6.196187e-02;3.561223e-02
1.249535e-01;8.972924e-02;9.499852e-02;7.042070e-02;4.480644e-02;6.350924e-02;7.236297e-02;7.526211e-02;8.949994e-02;1.095479e-01;7.747252e-02;8.743696e-02
1.055374e-01;9.790249e-02;7.958734e-02;6.960146e-02;3.383763e-02;6.503384e-02;8.923050e-02;6.072902e-02;6.621878e-02;7.822442e-02;1.035047e-01;1.505925e-01
4.668795e-02;8.604598e-02;1.382135e-01;7.128581e-02;5.559345e-02;5.851602e-02;7.919244e-02;5.385163e-02;7.308989e-02;6.181027e-02;1.294096e-01;1.463035e-01
7.507265e-02;1.106726e-01;1.401166e-01;4.755076e-02;4.954172e-02;6.622646e-02;8.317748e-02;4.550795e-02;6.496301e-02;5.387217e-02;1.371264e-01;1.261722e-01
1.542877e-01;1.219150e-01;8.047763e-02;4.111160e-02;2.935073e-02;6.516292e-02;8.819756e-02;3.545569e-02;8.576279e-02;5.374466e-02;1.359580e-01;1.085757e-01
1.781809e-01;7.883181e-02;1.126545e-01;4.566539e-02;5.149681e-02;6.865655e-02;7.175733e-02;5.050990e-02;9.986304e-02;5.181585e-02;8.812022e-02;1.024477e-01
1.236308e-01;8.038432e-02;1.393275e-01;6.916489e-02;9.267195e-02;5.345690e-02;5.337582e-02;6.779730e-02;8.688610e-02;7.298559e-02;8.100209e-02;7.931672e-02
9.667470e-02;8.663855e-02;1.636053e-01;9.483462e-02;8.742186e-02;4.543255e-02;5.062871e-02;7.267189e-02;9.849751e-02;1.001082e-01;5.710182e-02;4.638429e-02
1.353655e-01;7.945530e-02;1.544949e-01;8.859413e-02;6.763195e-02;4.941478e-02;4.298384e-02;6.775426e-02;1.166955e-01;1.051174e-01;5.492798e-02;3.756459e-02
9.628850e-02;1.326280e-01;1.480400e-01;7.482602e-02;5.194231e-02;5.108014e-02;4.547691e-02;7.870023e-02;8.894746e-02;7.548803e-02;6.920745e-02;8.737491e-02
7.235572e-02;1.596747e-01;1.401274e-01;6.419210e-02;4.432879e-02;4.672587e-02;6.017229e-02;8.531929e-02;1.038903e-01;5.710971e-02;6.637429e-02;9.972960e-02
8.372480e-02;1.123692e-01;1.194472e-01;1.092949e-01;6.457909e-02;4.561717e-02;8.733120e-02;8.208853e-02;1.022359e-01;6.999198e-02;4.812070e-02;7.519945e-02
8.315846e-02;1.007904e-01;1.879691e-01;1.190799e-01;6.634532e-02;2.836318e-02;1.018351e-01;6.832763e-02;9.034222e-02;7.020598e-02;3.211233e-02;5.147034e-02
1.331220e-01;1.195101e-01;1.738939e-01;7.562238e-02;4.481216e-02;4.172612e-02;1.151536e-01;5.414100e-02;8.703292e-02;4.764976e-02;5.617325e-02;5.116265e-02
1.406438e-01;7.775358e-02;1.877244e-01;6.165778e-02;4.714537e-02;4.759176e-02;1.000706e-01;6.101412e-02;8.777784e-02;3.009855e-02;7.571809e-02;8.280413e-02
9.707628e-02;6.987374e-02;1.929467e-01;5.951932e-02;7.729337e-02;5.837552e-02;9.876895e-02;7.250244e-02;8.783919e-02;3.897310e-02;8.219963e-02;6.463174e-02
6.394832e-02;6.972612e-02;1.900386e-01;3.870874e-02;1.027489e-01;5.935874e-02;1.545678e-01;6.301114e-02;7.947718e-02;7.788394e-02;5.829039e-02;4.224006e-02
6.047811e-02;4.110780e-02;1.906052e-01;7.463111e-02;8.767347e-02;5.579525e-02;1.680856e-01;7.059020e-02;7.737082e-02;7.546797e-02;5.960106e-02;3.859344e-02
4.783364e-02;3.233480e-02;2.284937e-01;1.057744e-01;6.672365e-02;6.695502e-02;1.595053e-01;6.538031e-02;7.609924e-02;6.588602e-02;5.294278e-02;3.207108e-02
3.813536e-02;3.623592e-02;2.615587e-01;1.509029e-01;3.588253e-02;7.168476e-02;1.398290e-01;4.949174e-02;8.900946e-02;5.495225e-02;4.265394e-02;2.966344e-02
5.004978e-02;2.148285e-02;1.946070e-01;2.064552e-01;5.589822e-02;4.032733e-02;1.339177e-01;3.763095e-02;1.257666e-01;7.493064e-02;4.158625e-02;1.734738e-02
5.518920e-02;1.732814e-02;8.315038e-02;2.097234e-01;1.162663e-01;1.450012e-02;1.548819e-01;2.786743e-02;1.401588e-01;1.298604e-01;3.939946e-02;1.167448e-02
4.698269e-02;3.364836e-02;3.794807e-02;1.334882e-01;1.813729e-01;2.785577e-02;1.551787e-01;2.908621e-02;9.294197e-02;2.010025e-01;4.962866e-02;1.086600e-02
3.275852e-02;5.710903e-02;3.657452e-02;6.107490e-02;2.214019e-01;5.550171e-02;9.801258e-02;4.104337e-02;4.468657e-02;2.513376e-01;8.521345e-02;1.528585e-02
1.982152e-02;8.929218e-02;3.483462e-02;2.989934e-02;2.240939e-01;7.678922e-02;5.350588e-02;4.615612e-02;3.858615e-02;2.624948e-01;1.001284e-01;2.439794e-02
4.976645e-02;1.101496e-01;1.678424e-02;6.318460e-02;1.902609e-01;7.784890e-02;4.158712e-02;4.692702e-02;6.549542e-02;2.451280e-01;7.046930e-02;2.239849e-02
7.445937e-02;1.118267e-01;2.645492e-02;9.527483e-02;1.276156e-01;7.451179e-02;4.151319e-02;5.127504e-02;7.912198e-02;2.163455e-01;7.295418e-02;2.864684e-02
9.594362e-02;5.868850e-02;7.690868e-02;1.539208e-01;6.603321e-02;5.337612e-02;6.562099e-02;5.650495e-02;1.204790e-01;1.530842e-01;7.154297e-02;2.789687e-02
8.100539e-02;1.865590e-02;1.465063e-01;1.690223e-01;4.949670e-02;2.775121e-02;1.310379e-01;5.834983e-02;1.229712e-01;1.166083e-01;5.328504e-02;2.530999e-02
3.537919e-02;3.264861e-02;2.440829e-01;1.179144e-01;4.396958e-02;2.130500e-02;1.933034e-01;6.445055e-02;8.590187e-02;8.538765e-02;3.373999e-02;4.191690e-02
7.826232e-03;4.972938e-02;2.648397e-01;7.063971e-02;3.737310e-02;2.415628e-02;2.966254e-01;6.530003e-02;5.918109e-02;5.924477e-02;1.977405e-02;4.531013e-02
4.322935e-02;6.937690e-02;1.818924e-01;4.057525e-02;4.644085e-02;3.396869e-02;3.936594e-01;4.469705e-02;4.249245e-02;4.033916e-02;2.753482e-02;3.579361e-02
7.888648e-02;6.039857e-02;9.208594e-02;3.258651e-02;7.224678e-02;4.940857e-02;4.330750e-01;3.837720e-02;4.408595e-02;4.490131e-02;2.499721e-02;2.895047e-02
7.895303e-02;4.841703e-02;1.722189e-01;3.248014e-02;8.666593e-02;5.152651e-02;3.302746e-01;3.281241e-02;4.836486e-02;5.281758e-02;2.515489e-02;4.031414e-02
8.175017e-02;5.695459e-02;2.369304e-01;3.681761e-02;8.285151e-02;4.820243e-02;1.978060e-01;2.978783e-02;7.327581e-02;5.734044e-02;5.052909e-02;4.775411e-02
4.736750e-02;4.469201e-02;1.939209e-01;8.104882e-02;1.155036e-01;6.293436e-02;1.328705e-01;4.346528e-02;8.579822e-02;7.599346e-02;4.397056e-02;7.243471e-02
4.526048e-02;7.576720e-02;2.378004e-01;1.220674e-01;9.814971e-02;4.595453e-02;5.757274e-02;5.037534e-02;5.936031e-02;9.724745e-02;3.051245e-02;7.993197e-02
7.000569e-02;7.217474e-02;2.155952e-01;1.104591e-01;6.341033e-02;3.992542e-02;8.513583e-02;5.284340e-02;7.131764e-02;1.037518e-01;6.204263e-02;5.333823e-02
6.220931e-02;5.322593e-02;1.369714e-01;9.212289e-02;8.286922e-02;4.021737e-02;1.446718e-01;5.549800e-02;1.135086e-01;1.030521e-01;7.647040e-02;3.918296e-02
5.717626e-02;4.079043e-02;6.748573e-02;6.338653e-02;6.782898e-02;6.543516e-02;1.139613e-01;8.886862e-02;1.299185e-01;1.198400e-01;1.044906e-01;8.081783e-02
8.675947e-02;4.190981e-02;8.954122e-02;4.949219e-02;9.879140e-02;7.929754e-02;9.778091e-02;8.283518e-02;1.009576e-01;9.395668e-02;7.273154e-02;1.059465e-01
1.573841e-01;7.033604e-02;1.444815e-01;3.864460e-02;7.479127e-02;5.124556e-02;9.273022e-02;6.318059e-02;5.884384e-02;6.912410e-02;7.953069e-02;9.970745e-02
1.531114e-01;9.893639e-02;1.500643e-01;3.707631e-02;5.270813e-02;3.457798e-02;8.059490e-02;4.347483e-02;5.268658e-02;8.736224e-02;1.284945e-01;8.091230e-02
1.037475e-01;1.133412e-01;1.196963e-01;3.588557e-02;3.432582e-02;3.980890e-02;7.001455e-02;3.792531e-02;4.999096e-02;1.091151e-01;2.144422e-01;7.170666e-02
9.173195e-02;8.676843e-02;8.072745e-02;2.430692e-02;2.105921e-02;4.203599e-02;7.538560e-02;3.093304e-02;3.625222e-02;8.010921e-02;2.512946e-01;1.793954e-01
1.972622e-01;4.555626e-02;3.818693e-02;2.839241e-02;1.479744e-02;2.664141e-02;8.977385e-02;3.875238e-02;2.624488e-02;2.811622e-02;1.639111e-01;3.023649e-01
3.842407e-01;7.233739e-02;2.451929e-02;2.565918e-02;1.774531e-02;1.037874e-02;7.518113e-02;4.912391e-02;1.606848e-02;1.405655e-02;5.473828e-02;2.559510e-01
4.899356e-01;1.605546e-01;4.650214e-02;1.024101e-02;1.863660e-02;1.440080e-02;3.585374e-02;5.227488e-02;3.154058e-02;8.348153e-03;2.525306e-02;1.064588e-01
3.839049e-01;2.684420e-01;8.093540e-02;4.222238e-03;1.415353e-02;4.360381e-02;3.350510e-02;2.577956e-02;8.194012e-02;1.199567e-02;1.777591e-02;3.374167e-02
1.715962e-01;3.174888e-01;1.314761e-01;8.685612e-03;7.579460e-03;8.392164e-02;4.826436e-02;3.040434e-02;1.486547e-01;2.305407e-02;3.051854e-03;2.582297e-02
1.608935e-01;2.541283e-01;1.651723e-01;1.714216e-02;1.181566e-02;8.324836e-02;5.999598e-02;2.823423e-02;1.461459e-01;3.500793e-02;7.917877e-03;3.029786e-02
1.650971e-01;2.056536e-01;1.954908e-01;2.787128e-02;2.055675e-02;6.496367e-02;7.220745e-02;3.068426e-02;1.205127e-01;4.399382e-02;1.715666e-02;3.581188e-02
1.054040e-01;2.117720e-01;3.079916e-01;3.326959e-02;1.653078e-02;3.569322e-02;4.862641e-02;2.074584e-02;1.208487e-01;3.323728e-02;1.738800e-02;4.849262e-02
1.005135e-01;2.471458e-01;3.793829e-01;2.463773e-02;5.680921e-03;1.043108e-02;3.026854e-02;5.266835e-03;1.360023e-01;1.250707e-02;6.924757e-03;4.123853e-02
8.874499e-02;2.585549e-01;3.853654e-01;2.252680e-02;7.099635e-03;1.540668e-02;2.320039e-02;1.266428e-02;1.326545e-01;1.940920e-02;1.253454e-02;2.183864e-02
2.448752e-02;2.286356e-01;4.133725e-01;2.933489e-02;1.700794e-02;2.372206e-02;3.256270e-02;1.428484e-02;1.470281e-01;3.716591e-02;1.922749e-02;1.317046e-02
3.633874e-02;2.110932e-01;4.190216e-01;2.551428e-02;1.521378e-02;2.513379e-02;2.468300e-02;1.639847e-02;1.692707e-01;3.262524e-02;1.690348e-02;7.803747e-03
8.409785e-02;2.327913e-01;3.679658e-01;1.889699e-02;1.417962e-02;2.601195e-02;9.290362e-03;3.356432e-02;1.712083e-01;2.042068e-02;1.088290e-02;1.068992e-02
1.803491e-01;2.175116e-01;2.534599e-01;2.274079e-02;4.042015e-02;1.984911e-02;2.067775e-02;6.634022e-02;1.322878e-01;1.568826e-02;1.492644e-02;1.574874e-02
2.469998e-01;1.506038e-01;1.533727e-01;5.067072e-02;6.905250e-02;1.145051e-02;5.123480e-02;1.042390e-01;7.447489e-02;1.473319e-02;2.698760e-02;4.618053e-02
1.909040e-01;8.214978e-02;1.175848e-01;1.051066e-01;6.553470e-02;1.848418e-02;1.076770e-01;9.047729e-02;3.264984e-02;1.979231e-02;5.917092e-02;1.104686e-01
