1.055925e-02;2.398079e-02;4.361160e-02;1.653719e-02;4.467188e-02;2.140052e-01;3.349611e-02;3.825430e-01;1.663942e-01;3.358190e-02;1.865787e-02;1.196105e-02
1.759961e-02;4.304471e-02;8.654302e-02;4.121975e-02;5.241802e-02;1.660566e-01;6.362892e-02;2.924357e-01;1.471802e-01;5.300793e-02;1.937663e-02;1.748887e-02
2.576531e-02;8.543345e-02;1.061358e-01;6.909467e-02;6.995829e-02;1.816752e-01;1.242174e-01;1.507131e-01;7.345189e-02;5.723563e-02;3.222967e-02;2.408960e-02
4.034135e-02;9.516787e-02;9.934238e-02;7.948717e-02;7.672321e-02;2.008104e-01;9.797224e-02;1.238825e-01;5.545209e-02;6.122081e-02;3.351085e-02;3.608919e-02
3.596190e-02;6.969986e-02;9.423587e-02;8.650145e-02;9.185331e-02;1.533388e-01;7.497545e-02;1.647907e-01;5.799773e-02;9.186402e-02;3.586739e-02;4.291346e-02
3.086079e-02;6.740329e-02;6.027099e-02;8.372621e-02;1.003139e-01;1.264130e-01;9.769026e-02;1.950672e-01;8.177777e-02;7.634325e-02;3.322744e-02;4.690591e-02
3.561300e-02;6.394007e-02;6.824008e-02;9.370046e-02;8.900148e-02;1.710169e-01;8.185725e-02;1.642683e-01;7.578465e-02;5.651281e-02;3.284684e-02;6.721811e-02
3.503599e-02;5.313525e-02;5.873101e-02;1.015033e-01;7.918114e-02;1.817644e-01;7.965230e-02;1.241573e-01;1.017291e-01;6.519298e-02;4.874384e-02;7.117330e-02
2.811443e-02;3.693537e-02;5.723653e-02;7.837403e-02;4.965474e-02;1.807528e-01;1.031284e-01;1.798538e-01;1.187432e-01;7.145614e-02;4.229551e-02;5.345510e-02
2.838570e-02;3.253436e-02;7.853847e-02;7.775553e-02;4.956268e-02;2.172146e-01;9.504151e-02;2.009150e-01;9.119945e-02;5.291688e-02;4.647921e-02;2.945660e-02
4.071930e-02;3.323275e-02;1.099974e-01;7.725726e-02;5.243732e-02;2.290858e-01;7.192605e-02;1.648897e-01;8.122317e-02;6.232546e-02;4.641548e-02;3.049030e-02
2.698327e-02;4.707851e-02;1.123872e-01;6.725945e-02;5.349367e-02;1.788878e-01;1.064030e-01;1.249783e-01;9.965374e-02;9.066078e-02;5.496132e-02;3.725301e-02
4.052636e-02;5.926520e-02;1.165254e-01;6.498718e-02;6.900668e-02;1.432064e-01;1.194078e-01;1.107749e-01;1.005866e-01;6.340636e-02;6.540620e-02;4.690091e-02
6.123616e-02;5.428790e-02;1.099170e-01;8.764055e-02;6.803866e-02;1.294465e-01;1.193669e-01;1.354311e-01;9.455922e-02;4.674617e-02;4.082360e-02;5.250635e-02
6.287891e-02;7.746412e-02;9.073006e-02;1.024610e-01;5.542853e-02;1.330598e-01;9.507994e-02;1.521767e-01;9.680712e-02;4.741627e-02;3.222390e-02;5.427363e-02
3.357710e-02;1.172817e-01;9.570126e-02;7.564337e-02;6.662147e-02;1.127647e-01;1.077213e-01;1.335238e-01;8.690602e-02;9.441856e-02;2.454572e-02;5.129496e-02
2.073826e-02;7.873221e-02;8.386757e-02;7.174151e-02;3.848118e-02;1.650367e-01;7.871281e-02;2.194213e-01;1.286503e-01;6.124676e-02;2.315646e-02;3.021494e-02
2.134247e-02;5.526387e-02;8.155047e-02;5.659533e-02;2.295630e-02;1.570852e-01;5.638122e-02;3.265819e-01;1.437341e-01;3.267483e-02;2.092442e-02;2.490992e-02
1.817894e-02;5.638947e-02;1.011146e-01;3.387661e-02;2.352168e-02;1.110393e-01;7.972807e-02;3.787605e-01;1.232801e-01;2.407009e-02;2.461013e-02;2.543052e-02
1.280908e-02;6.609307e-02;1.557482e-01;2.383208e-02;2.746112e-02;8.316353e-02;1.051176e-01;3.674454e-01;8.879537e-02;1.455317e-02;3.067736e-02;2.430394e-02
1.098232e-02;5.526475e-02;1.846057e-01;3.577382e-02;3.731525e-02;9.151629e-02;1.498992e-01;3.034365e-01;6.300309e-02;1.518127e-02;3.205823e-02;2.096364e-02
1.728945e-02;5.805061e-02;1.249190e-01;7.250015e-02;4.832094e-02;1.627600e-01;1.774461e-01;2.074948e-01;4.548543e-02;2.980619e-02;2.562440e-02;3.030287e-02
4.823717e-02;4.516863e-02;4.223708e-02;7.635974e-02;4.725802e-02;2.988936e-01;1.254915e-01;1.646398e-01;4.878147e-02;3.852938e-02;2.838953e-02;3.601409e-02
7.608534e-02;2.399003e-02;4.857958e-02;5.506335e-02;5.155183e-02;3.717025e-01;6.664635e-02;1.257281e-01;6.719118e-02;5.773005e-02;2.607273e-02;2.965895e-02
7.152092e-02;2.915253e-02;6.689359e-02;2.231268e-02;8.057429e-02;4.016058e-01;4.597550e-02;9.721146e-02;5.539310e-02;8.799233e-02;2.647506e-02;1.489273e-02
6.489808e-02;2.580111e-02;3.139267e-02;4.137989e-02;5.136504e-02;4.992802e-01;4.979424e-02;9.123157e-02;3.289649e-02;7.187133e-02;2.661739e-02;1.347201e-02
9.082026e-02;4.299787e-02;2.842253e-02;4.752869e-02;1.759759e-02;4.896589e-01;5.290049e-02;1.005203e-01;2.390364e-02;5.735260e-02;3.107345e-02;1.722374e-02
1.359468e-01;9.312207e-02;5.716158e-02;2.553015e-02;2.413079e-02;3.299669e-01;1.011059e-01;1.145387e-01;2.930914e-02;4.844373e-02;1.929571e-02;2.144851e-02
1.345965e-01;1.331324e-01;1.074746e-01;3.501068e-02;3.267042e-02;2.206427e-01;1.085747e-01;1.122238e-01;3.764562e-02;3.626737e-02;1.150485e-02;3.025635e-02
1.017957e-01;1.340648e-01;1.626146e-01;6.056053e-02;3.109451e-02;2.482329e-01;6.544290e-02;8.528470e-02;4.159046e-02;2.597225e-02;1.582191e-02;2.752468e-02
3.689517e-02;1.304816e-01;1.842108e-01;3.719999e-02;1.805642e-02;3.229209e-01;7.176115e-02;9.115317e-02;3.679999e-02;2.595219e-02;2.323152e-02;2.133712e-02
4.324489e-02;1.694418e-01;1.748670e-01;4.240921e-02;1.756919e-02;3.236657e-01;7.225586e-02;7.362287e-02;3.256395e-02;1.935633e-02;1.877998e-02;1.222320e-02
4.959385e-02;1.937288e-01;1.902478e-01;4.213251e-02;2.202344e-02;2.730156e-01;5.882540e-02;8.690319e-02;3.559322e-02;1.770861e-02;1.560430e-02;1.462326e-02
4.632870e-02;2.010964e-01;2.068916e-01;2.776544e-02;2.581407e-02;2.057870e-01;6.970514e-02;1.366683e-01;3.588879e-02;1.377553e-02;1.480470e-02;1.547448e-02
5.138655e-02;1.539409e-01;1.836050e-01;4.921933e-02;3.466989e-02;2.041317e-01;9.097864e-02;1.106308e-01;4.699635e-02;3.100980e-02;1.927535e-02;2.415570e-02
3.348774e-02;6.211359e-02;1.008545e-01;6.197669e-02;1.101030e-01;2.651628e-01;1.107973e-01;7.057241e-02;5.752893e-02;4.201886e-02;2.569249e-02;5.969175e-02
6.242225e-02;2.833060e-02;4.616962e-02;4.730637e-02;1.200448e-01;3.716298e-01;1.185801e-01;4.919897e-02;4.130734e-02;3.031043e-02;2.137735e-02;6.332226e-02
1.053076e-01;3.067273e-02;2.911748e-02;2.772424e-02;7.523640e-02;4.783234e-01;1.077816e-01;3.748649e-02;1.850765e-02;3.542042e-02;1.388924e-02;4.053272e-02
1.513269e-01;2.869852e-02;2.438916e-02;1.395748e-02;3.593470e-02;5.270691e-01;7.603598e-02;3.376819e-02;1.587068e-02;7.443155e-02;3.985635e-03;1.453204e-02
1.798756e-01;3.009506e-02;2.889191e-02;1.046567e-02;1.148573e-02;5.053468e-01;2.512562e-02;2.786003e-02;2.655249e-02;1.340400e-01;4.995719e-03;1.526541e-02
1.572162e-01;2.604119e-02;3.430644e-02;1.983717e-02;5.890293e-02;4.337822e-01;2.149520e-02;4.431907e-02;1.959256e-02;1.615490e-01;4.536297e-03;1.842179e-02
1.150849e-01;3.369141e-02;4.991452e-02;3.748183e-02;1.028804e-01;3.816342e-01;4.022166e-02;6.155619e-02;2.004395e-02;1.440934e-01;8.353786e-03;5.043708e-03
6.864632e-02;5.355019e-02;8.538884e-02;5.347067e-02;1.158431e-01;3.057501e-01;6.456904e-02;8.746737e-02;2.959834e-02;1.129295e-01;1.275775e-02;1.002883e-02
2.701142e-02;8.986439e-02;1.330531e-01;5.107326e-02;8.384885e-02;2.939892e-01;4.484837e-02;1.281063e-01;4.714937e-02;7.464080e-02;1.759796e-02;8.817153e-03
3.437815e-02;1.272253e-01;1.437911e-01;2.212442e-02;5.099365e-02;3.469317e-01;3.353088e-02;1.188345e-01;4.302121e-02;4.888342e-02;1.372787e-02;1.655794e-02
3.537346e-02;1.323129e-01;1.514436e-01;2.431998e-02;6.392738e-02;3.701530e-01;5.126558e-02;8.192556e-02;2.084011e-02;4.235091e-02;1.022818e-02;1.585940e-02
2.881249e-02;1.145316e-01;1.594733e-01;2.931525e-02;4.561346e-02;3.983597e-01;5.044261e-02;9.129994e-02;1.916125e-02;3.307220e-02;9.886869e-03;2.003128e-02
3.275708e-02;7.640397e-02;1.346753e-01;2.827481e-02;3.978307e-02;4.011036e-01;5.379381e-02;8.908810e-02;4.255315e-02;3.719324e-02;2.155682e-02;4.281707e-02
6.922878e-02;4.023413e-02;8.425718e-02;1.452524e-02;3.769173e-02;4.011945e-01;1.145094e-01;8.003841e-02;3.944600e-02;6.816969e-02;1.422852e-02;3.647632e-02
1.035656e-01;3.383508e-02;4.994926e-02;6.663637e-03;2.312401e-02;3.969992e-01;2.005875e-01;5.850300e-02;1.696179e-02;8.276807e-02;8.339289e-03;1.870356e-02
1.318424e-01;3.842318e-02;3.851318e-02;4.378225e-03;1.656264e-02;4.000780e-01;2.252221e-01;4.431398e-02;8.235606e-03;6.885030e-02;9.666258e-03;1.391410e-02
1.569641e-01;3.281322e-02;2.981370e-02;5.103837e-03;3.536917e-02;4.201682e-01;1.616773e-01;3.963904e-02;2.178955e-02;5.463140e-02;8.359643e-03;3.367081e-02
1.882886e-01;4.000308e-02;5.085902e-02;6.961096e-03;6.854258e-02;3.895196e-01;5.428686e-02;3.534447e-02;4.959773e-02;3.258800e-02;1.265660e-02;7.135241e-02
1.944782e-01;5.206504e-02;5.802381e-02;8.975740e-03;9.792275e-02;2.575587e-01;4.637544e-02;3.016845e-02;7.868148e-02;1.313895e-02;2.005069e-02;1.425608e-01
1.151617e-01;4.070810e-02;5.648419e-02;6.214582e-03;8.067290e-02;3.360164e-01;7.058159e-02;3.231029e-02;6.835397e-02;1.752151e-02;1.330554e-02;1.626692e-01
5.984783e-02;3.302666e-02;4.852360e-02;9.351663e-03;1.021571e-01;3.805574e-01;6.945203e-02;2.850297e-02;8.977335e-02;1.895574e-02;8.560792e-03;1.512908e-01
5.953468e-02;3.669750e-02;6.749519e-02;1.451646e-02;1.535300e-01;2.762581e-01;6.710386e-02;2.404374e-02;1.426916e-01;2.493866e-02;1.461082e-02;1.185793e-01
4.616564e-02;4.110324e-02;6.742350e-02;3.782670e-02;1.817889e-01;2.491439e-01;1.847913e-02;2.341689e-02;1.748941e-01;3.100325e-02;2.481597e-02;1.039387e-01
3.487600e-02;3.985724e-02;5.184011e-02;4.301087e-02;1.217662e-01;3.048950e-01;6.286610e-02;4.499395e-02;1.423018e-01;2.264123e-02;2.441511e-02;1.065364e-01
4.852025e-02;4.931845e-02;1.088265e-01;3.245876e-02;5.414997e-02;3.630175e-01;1.105700e-01;5.269686e-02;8.268207e-02;1.231443e-02;1.714032e-02;6.830485e-02
6.638554e-02;7.239539e-02;1.570610e-01;3.334397e-02;5.707938e-02;3.564107e-01;1.076526e-01;5.464127e-02;4.159955e-02;1.396598e-02;2.233877e-02;1.712580e-02
6.406718e-02;7.302028e-02;8.840118e-02;4.786154e-02;4.202591e-02;3.654729e-01;7.857028e-02;1.156184e-01;2.815295e-02;2.274983e-02;3.007765e-02;4.398192e-02
1.772728e-02;7.980216e-02;1.502471e-01;5.242255e-02;7.845165e-02;3.825633e-01;4.008903e-02;1.134946e-01;1.391174e-02;1.757763e-02;2.627313e-02;2.743983e-02
4.552662e-02;8.206934e-02;1.950630e-01;6.605382e-02;7.921302e-02;2.852182e-01;3.471419e-02;1.153775e-01;8.674196e-03;1.978586e-02;2.426706e-02;4.403714e-02
5.726733e-02;6.150446e-02;1.820319e-01;1.007676e-01;7.028689e-02;2.016927e-01;4.676309e-02;1.515249e-01;2.312366e-02;3.031765e-02;3.323185e-02;4.148793e-02
4.177961e-02;3.025202e-02;9.490787e-02;1.232069e-01;1.058552e-01;2.806142e-01;6.403850e-02;1.409056e-01;3.046595e-02;2.007915e-02;4.457964e-02;2.331533e-02
4.130159e-02;3.050686e-02;9.184672e-02;1.567163e-01;1.508791e-01;2.381649e-01;4.743693e-02;1.061190e-01;2.204374e-02;7.091246e-03;5.669501e-02;5.119862e-02
3.553386e-02;3.124020e-02;9.388862e-02;1.907220e-01;2.291583e-01;1.906129e-01;2.402062e-02;7.935447e-02;1.873274e-02;1.289933e-02;5.538264e-02;3.845432e-02
2.202049e-02;2.611488e-02;7.949302e-02;2.191852e-01;3.046299e-01;1.230532e-01;2.901038e-02;5.264212e-02;1.326942e-02;1.573958e-02;5.320886e-02;6.163289e-02
1.278720e-02;2.036410e-02;3.423959e-02;1.943143e-01;3.737346e-01;1.212856e-01;2.930146e-02;5.200285e-02;1.976744e-02;1.271593e-02;4.984694e-02;7.963986e-02
8.920155e-03;2.637667e-02;6.312282e-02;1.090262e-01;3.621393e-01;1.683146e-01;2.492596e-02;4.138357e-02;6.120171e-02;1.165543e-02;3.447436e-02;8.845926e-02
2.128163e-02;2.830958e-02;5.745967e-02;5.376450e-02;3.237088e-01;1.814454e-01;1.857089e-02;2.935169e-02;1.155417e-01;4.081663e-02;2.123768e-02;1.085119e-01
4.542464e-02;2.351266e-02;2.181699e-02;2.063935e-02;2.318332e-01;2.713298e-01;2.139774e-02;3.143847e-02;1.038084e-01;1.180417e-01;2.630228e-02;8.445472e-02
5.276488e-02;3.187719e-02;2.633544e-02;3.842774e-02;1.536485e-01;3.482792e-01;5.847260e-02;3.459100e-02;4.831997e-02;1.397561e-01;3.005928e-02;3.746820e-02
2.969502e-02;5.354830e-02;4.658666e-02;4.096189e-02;1.241450e-01;3.244438e-01;1.409015e-01;7.280835e-02;3.031753e-02;8.511163e-02;3.363133e-02;1.784909e-02
1.481752e-02;4.770398e-02;8.995925e-02;3.900032e-02;1.036570e-01;2.414343e-01;1.726904e-01;1.665104e-01;3.292633e-02;4.131950e-02;3.502621e-02;1.495478e-02
1.491645e-02;2.774849e-02;1.416371e-01;3.778489e-02;8.806606e-02;1.485387e-01;9.068328e-02;3.026398e-01;4.904765e-02;5.654633e-02;1.878504e-02;2.360625e-02
1.532255e-02;1.582728e-02;1.234444e-01;2.574894e-02;6.612182e-02;1.506906e-01;2.898225e-02;3.831934e-01;9.044740e-02;5.397154e-02;9.628491e-03;3.662140e-02
2.312839e-02;2.904241e-02;7.680503e-02;2.979107e-02;5.519807e-02;1.261107e-01;4.903277e-02;4.013363e-01;1.386396e-01;3.487696e-02;9.522649e-03;2.651606e-02
1.340087e-02;2.850162e-02;6.315415e-02;3.417325e-02;6.158805e-02;1.879791e-01;3.413228e-02;3.766068e-01;1.214500e-01;3.683725e-02;7.551311e-03;3.462533e-02
8.346377e-03;2.314620e-02;4.211777e-02;2.410322e-02;5.455279e-02;3.329698e-01;3.887006e-02;3.077568e-01;9.157767e-02;3.121994e-02;1.322524e-02;3.211412e-02
1.807689e-02;4.045063e-02;6.735165e-02;3.401610e-02;4.765762e-02;4.230595e-01;4.678804e-02;1.911898e-01;6.261703e-02;2.119282e-02;1.706888e-02;3.053106e-02
2.302898e-02;5.284001e-02;9.747206e-02;4.698716e-02;1.113269e-01;4.247778e-01;1.849565e-02;1.091671e-01;6.273798e-02;2.223101e-02;1.291881e-02;1.801643e-02
2.595080e-02;4.080014e-02;7.739111e-02;4.619889e-02;1.443472e-01;3.330271e-01;5.814309e-02;1.197937e-01;7.731096e-02;2.788125e-02;8.921763e-03;4.023406e-02
3.524693e-02;3.106358e-02;4.377998e-02;4.875104e-02;1.457395e-01;2.158995e-01;9.352401e-02;1.905731e-01;8.116586e-02;5.002453e-02;1.053552e-02;5.369652e-02
4.683803e-02;3.983689e-02;7.147127e-02;4.734876e-02;1.062908e-01;2.058782e-01;7.325696e-02;2.233347e-01;6.504774e-02;6.709915e-02;2.524651e-02;2.835102e-02
4.553033e-02;4.714739e-02;9.541883e-02;6.538754e-02;9.158088e-02;1.563039e-01;5.803047e-02;2.610817e-01;5.821292e-02;6.686562e-02;2.309974e-02;3.134067e-02
3.339741e-02;5.240290e-02;8.965211e-02;7.057657e-02;1.029760e-01;1.618061e-01;6.502238e-02;2.627491e-01;6.843695e-02;5.776122e-02;1.573037e-02;1.948884e-02
3.439019e-02;5.213770e-02;5.386812e-02;8.804845e-02;1.151496e-01;2.415265e-01;3.597945e-02;2.086150e-01;7.421207e-02;4.337958e-02;2.245703e-02;3.023625e-02
1.683182e-02;5.974966e-02;1.103515e-01;1.049471e-01;1.218438e-01;2.480597e-01;5.252810e-02;1.215218e-01;7.803461e-02;3.996056e-02;3.028193e-02;1.588946e-02
3.286171e-02;5.920561e-02;1.340442e-01;8.122480e-02;1.313773e-01;2.302472e-01;6.369081e-02;5.539658e-02;8.435585e-02;6.851195e-02;3.640661e-02;2.267734e-02
4.362479e-02;3.942781e-02;6.195907e-02;3.536680e-02;1.030709e-01;3.532621e-01;2.678564e-02;1.638821e-01;6.696974e-02;6.794446e-02;2.141690e-02;1.628974e-02
2.928154e-02;5.148002e-02;1.206616e-01;3.704181e-02;9.239312e-02;4.042978e-01;2.691660e-02;1.408164e-01;4.854653e-02;2.633743e-02;1.025400e-02;1.197315e-02
2.579096e-02;7.783724e-02;1.713223e-01;4.453710e-02;9.951677e-02;3.285912e-01;3.267943e-02;1.156049e-01;4.452093e-02;2.174430e-02;1.626465e-02;2.159026e-02
2.711203e-02;9.454121e-02;1.644439e-01;3.198419e-02;1.019252e-01;2.863620e-01;3.373753e-02;1.327916e-01;5.601510e-02;1.987153e-02;1.972744e-02;3.148831e-02
3.248145e-02;1.032754e-01;1.081450e-01;3.051304e-02;1.238731e-01;2.712281e-01;3.631509e-02;1.624941e-01;5.893404e-02;2.719032e-02;1.507387e-02;3.047651e-02
2.950140e-02;1.037374e-01;1.978802e-01;5.271988e-02;1.406800e-01;1.871573e-01;3.340261e-02;1.561495e-01;3.598106e-02;3.451430e-02;1.428554e-02;1.399080e-02
1.923874e-02;9.349782e-02;1.755086e-01;5.921657e-02;1.315937e-01;2.332213e-01;2.074645e-02;1.394916e-01;3.271779e-02;3.804368e-02;2.464737e-02;3.207624e-02
1.902745e-02;8.046808e-02;9.464943e-02;5.427289e-02;1.028982e-01;2.606483e-01;4.159806e-02;1.588549e-01;5.597665e-02;7.120439e-02;3.739260e-02;2.300908e-02
3.091631e-02;9.095632e-02;1.168605e-01;4.364328e-02;8.319841e-02;2.167279e-01;7.563885e-02;1.513045e-01;5.025702e-02;7.565873e-02;3.781726e-02;2.702091e-02
4.265170e-02;9.490140e-02;1.462042e-01;5.122103e-02;7.634859e-02;2.154693e-01;9.169406e-02;1.528303e-01;3.793492e-02;4.528373e-02;1.939197e-02;2.606881e-02
3.097223e-02;6.310073e-02;7.456841e-02;4.556131e-02;7.417043e-02;3.798323e-01;5.839103e-02;1.849054e-01;4.975337e-02;1.655531e-02;1.315050e-02;9.038961e-03
1.921672e-02;5.067582e-02;6.834918e-02;4.364449e-02;7.519953e-02;4.195305e-01;3.161741e-02;1.835889e-01;6.138824e-02;2.211684e-02;1.231922e-02;1.235319e-02
1.742714e-02;4.090270e-02;7.537947e-02;3.042572e-02;4.154802e-02;3.954183e-01;6.295305e-02;2.251866e-01;5.600908e-02;3.371534e-02;8.673321e-03;1.236117e-02
1.346315e-02;2.124085e-02;3.419144e-02;2.010641e-02;2.668304e-02;2.941432e-01;9.546346e-02;3.625319e-01;7.269151e-02;4.212815e-02;5.712914e-03;1.164398e-02
1.008839e-02;1.290846e-02;3.588294e-02;2.041347e-02;3.977872e-02;1.384431e-01;6.668989e-02;4.824680e-01;1.124614e-01;6.082937e-02;6.175639e-03;1.386065e-02
9.792854e-03;2.592893e-02;4.614280e-02;1.640248e-02;4.877394e-02;1.951366e-01;5.091539e-02;4.147603e-01;1.004444e-01;6.440024e-02;1.138010e-02;1.592196e-02
1.966816e-02;4.363993e-02;5.855096e-02;2.361939e-02;5.922062e-02;3.203901e-01;5.441173e-02;2.742012e-01;5.624289e-02;5.462360e-02;1.334292e-02;2.208861e-02
2.900628e-02;4.484953e-02;6.462207e-02;3.771177e-02;8.374186e-02;4.042539e-01;4.577314e-02;1.627572e-01;5.029250e-02;3.716815e-02;2.217575e-02;1.764788e-02
3.023602e-02;6.093524e-02;8.776853e-02;5.235133e-02;1.046792e-01;3.618288e-01;6.008222e-02;1.038617e-01;7.471640e-02;3.256820e-02;1.619532e-02;1.477699e-02
3.312311e-02;7.535098e-02;1.300115e-01;5.251477e-02;9.471815e-02;3.126099e-01;5.683991e-02;1.011750e-01;8.065056e-02;2.557675e-02;1.350361e-02;2.392576e-02
2.829861e-02;6.570186e-02;1.047219e-01;3.219663e-02;6.217742e-02;3.164145e-01;4.561590e-02;2.055656e-01;8.647285e-02;1.669125e-02;1.509324e-02;2.105028e-02
4.277891e-02;5.208752e-02;4.800168e-02;2.443417e-02;8.327738e-02;2.702485e-01;5.308082e-02;1.874179e-01;7.303824e-02;2.870994e-02;6.658032e-02;7.034459e-02
1.166973e-01;4.472683e-02;2.533180e-02;1.183094e-02;6.059355e-02;1.621569e-01;1.167624e-01;1.085322e-01;2.959937e-02;3.365687e-02;1.133189e-01;1.767929e-01
1.922063e-01;1.193407e-01;3.208445e-02;1.665904e-02;2.805913e-02;1.066155e-01;1.016892e-01;9.074364e-02;2.345750e-02;2.388898e-02;7.812996e-02;1.871256e-01
1.756014e-01;2.808135e-01;9.152466e-02;1.342336e-02;1.629846e-02;6.643385e-02;6.019127e-02;7.096528e-02;5.926475e-02;1.805979e-02;3.000592e-02;1.174178e-01
8.575112e-02;3.560136e-01;2.565295e-01;1.158687e-02;1.763259e-02;6.056514e-02;2.296348e-02;4.505354e-02;6.791973e-02;2.712255e-02;7.006303e-03;4.185553e-02
3.285536e-02;2.297303e-01;4.714180e-01;1.875098e-02;1.517695e-02;6.211358e-02;2.471382e-02;2.406908e-02;4.021832e-02;6.111236e-02;9.047334e-03;1.079382e-02
2.224423e-02;8.519713e-02;5.878902e-01;3.708629e-02;7.653948e-03;5.107089e-02;4.403549e-02;4.031060e-02;2.727508e-02;8.353282e-02;7.692526e-03;6.010836e-03
2.584073e-02;6.321356e-02;5.484396e-01;7.141134e-02;1.503996e-02;2.792226e-02;4.803730e-02;7.317486e-02;2.918383e-02;7.792945e-02;1.179532e-02;8.011869e-03
2.233761e-02;6.282811e-02;4.763497e-01;1.149099e-01;3.389888e-02;5.747658e-02;3.037109e-02;1.023733e-01;2.947366e-02;4.521926e-02;9.819322e-03;1.494254e-02
2.689744e-02;1.160670e-01;4.328336e-01;9.983145e-02;3.047863e-02;7.142041e-02;1.888588e-02;8.417272e-02;3.410234e-02;4.710763e-02;1.631830e-02;2.188463e-02
3.142433e-02;1.408735e-01;4.039467e-01;6.160956e-02;2.575302e-02;5.736385e-02;2.300534e-02;6.992391e-02;3.645539e-02;7.547586e-02;3.320120e-02;4.096737e-02
3.345921e-02;1.762754e-01;3.113271e-01;5.153891e-02;2.454493e-02;9.069722e-02;2.996958e-02;9.173843e-02;4.102188e-02;5.779938e-02;4.014760e-02;5.148037e-02
6.359260e-02;1.995837e-01;2.026639e-01;5.301322e-02;1.902181e-02;1.492369e-01;4.998868e-02;1.258404e-01;3.046404e-02;3.032227e-02;4.220819e-02;3.406430e-02
4.786713e-02;1.581680e-01;3.099176e-01;3.465094e-02;2.093857e-02;1.438254e-01;3.831070e-02;1.281797e-01;2.828718e-02;1.918856e-02;3.076355e-02;3.990271e-02
4.788484e-02;1.605979e-01;2.994532e-01;3.159495e-02;2.522350e-02;1.613506e-01;3.150655e-02;1.296104e-01;3.352141e-02;1.592657e-02;2.063495e-02;4.269509e-02
7.344197e-02;7.304402e-02;2.586784e-01;4.052590e-02;3.177352e-02;2.285393e-01;2.063510e-02;1.671315e-01;2.963703e-02;2.602157e-02;1.473165e-02;3.584005e-02
5.739150e-02;1.078271e-01;2.640162e-01;3.047829e-02;2.988765e-02;1.643375e-01;1.506472e-02;2.114061e-01;6.149043e-02;3.030681e-02;1.506738e-02;1.272616e-02
6.529737e-02;1.239310e-01;2.668728e-01;3.544650e-02;2.947280e-02;7.471976e-02;2.615988e-02;2.333178e-01;6.720940e-02;3.764085e-02;1.639486e-02;2.353699e-02
9.896772e-02;1.287243e-01;2.730543e-01;3.574411e-02;2.119903e-02;7.688269e-02;3.975336e-02;1.907456e-01;5.766455e-02;3.442401e-02;8.175732e-03;3.466455e-02
1.167417e-01;2.789813e-01;2.242285e-01;2.180191e-02;1.007407e-02;5.309439e-02;3.282416e-02;1.243422e-01;7.413921e-02;2.427191e-02;1.071026e-02;2.879035e-02
9.378789e-02;4.945031e-01;1.523099e-01;1.245148e-02;1.212136e-02;2.419749e-02;1.872437e-02;6.883719e-02;9.621610e-02;1.088139e-02;6.990091e-03;8.979602e-03
3.516631e-02;5.936803e-01;1.313595e-01;8.778761e-03;1.538211e-02;3.390184e-02;1.381720e-02;3.705702e-02;1.133277e-01;8.444373e-03;4.487789e-03;4.597093e-03
2.198136e-02;6.064619e-01;1.464671e-01;5.212560e-03;1.518355e-02;4.809733e-02;1.583727e-02;2.025882e-02;1.075938e-01;5.608736e-03;3.719405e-03;3.578137e-03
1.697809e-02;5.781758e-01;1.609585e-01;1.240460e-02;9.478885e-03;5.570680e-02;1.094252e-02;1.694319e-02;1.243179e-01;5.021539e-03;4.027386e-03;5.044810e-03
2.390195e-02;5.707342e-01;1.330246e-01;1.338675e-02;6.951114e-03;4.275746e-02;9.783368e-03;2.505764e-02;1.499588e-01;9.785858e-03;7.418506e-03;7.239684e-03
9.730320e-02;5.038977e-01;1.332274e-01;1.582172e-02;1.031503e-02;3.205300e-02;1.083263e-02;4.539000e-02;1.257706e-01;9.671837e-03;9.550951e-03;6.165877e-03
1.730887e-01;3.764222e-01;1.318394e-01;2.086117e-02;1.336864e-02;4.288759e-02;2.097997e-02;1.047062e-01;6.611035e-02;9.117563e-03;1.552491e-02;2.509331e-02
1.741896e-01;2.139993e-01;1.388266e-01;2.765996e-02;2.348724e-02;8.642520e-02;2.932966e-02;1.552380e-01;4.016183e-02;1.937047e-02;2.798329e-02;6.332882e-02
9.722988e-02;1.629705e-01;1.822013e-01;3.878545e-02;3.618288e-02;1.510822e-01;1.774283e-02;1.351665e-01;4.876624e-02;2.750948e-02;3.498124e-02;6.738153e-02
6.334934e-02;2.938092e-01;1.342671e-01;3.200432e-02;4.368652e-02;1.247442e-01;2.170606e-02;7.519101e-02;9.807631e-02;3.607490e-02;2.658417e-02;5.050678e-02
3.584956e-02;4.101904e-01;1.420195e-01;1.759968e-02;3.291984e-02;7.862375e-02;1.536707e-02;9.157775e-02;8.982693e-02;3.824791e-02;1.414225e-02;3.363548e-02
5.044004e-02;4.279226e-01;1.646024e-01;2.394978e-02;1.522395e-02;7.185625e-02;1.429572e-02;1.018755e-01;5.649862e-02;3.880730e-02;1.026282e-02;2.426497e-02
8.756727e-02;3.431022e-01;1.890438e-01;1.982229e-02;2.186248e-02;5.956392e-02;1.879555e-02;1.292995e-01;5.656854e-02;3.276077e-02;1.436221e-02;2.725147e-02
6.787135e-02;2.652669e-01;2.323056e-01;3.052158e-02;2.714369e-02;8.175404e-02;2.055270e-02;1.546948e-01;5.828265e-02;2.705102e-02;1.005427e-02;2.450133e-02
3.773732e-02;2.089791e-01;2.167151e-01;3.680455e-02;2.156119e-02;8.113661e-02;1.846069e-02;1.797384e-01;1.390493e-01;2.878002e-02;1.423898e-02;1.679876e-02
5.013686e-02;1.923178e-01;1.929393e-01;6.338983e-02;2.114514e-02;7.222808e-02;1.778396e-02;1.160668e-01;2.014101e-01;2.820785e-02;1.593217e-02;2.844209e-02
6.468112e-02;2.093889e-01;1.000597e-01;9.251043e-02;3.689373e-02;9.529369e-02;2.131750e-02;4.975168e-02;2.379643e-01;4.617026e-02;1.791936e-02;2.804936e-02
4.739648e-02;1.405045e-01;7.630960e-02;7.038014e-02;8.084892e-02;6.782714e-02;3.466706e-02;9.932893e-02;2.480897e-01;8.004983e-02;2.896619e-02;2.563153e-02
5.267340e-02;7.983220e-02;7.139856e-02;7.211175e-02;1.108525e-01;7.031845e-02;6.054376e-02;9.331814e-02;2.704685e-01;7.692157e-02;2.507116e-02;1.649009e-02
3.708391e-02;4.486245e-02;5.621327e-02;9.118230e-02;7.226843e-02;9.240642e-02;5.922827e-02;2.366749e-01;2.306810e-01;4.889908e-02;1.353758e-02;1.696239e-02
2.039393e-02;3.955654e-02;6.366353e-02;4.496220e-02;3.070497e-02;1.145895e-01;1.064113e-01;3.577160e-01;1.444347e-01;3.610176e-02;1.776440e-02;2.370127e-02
2.180496e-02;4.031049e-02;3.861604e-02;1.407496e-02;3.334163e-02;2.078717e-01;2.033983e-01;2.707703e-01;9.816654e-02;3.077655e-02;2.315088e-02;1.771763e-02
3.427376e-02;3.266042e-02;3.790256e-02;2.705151e-02;5.887216e-02;3.337206e-01;1.857436e-01;1.440844e-01;6.811620e-02;3.474235e-02;1.369093e-02;2.914153e-02
2.958412e-02;2.926299e-02;6.570225e-02;6.885835e-02;1.205135e-01;3.040121e-01;9.639175e-02;1.138940e-01;7.215296e-02;2.917804e-02;2.752307e-02;4.292684e-02
1.677231e-02;7.399409e-02;1.493863e-01;1.167232e-01;1.278512e-01;1.400430e-01;7.484847e-02;9.875882e-02;8.010706e-02;4.397075e-02;4.260962e-02;3.493524e-02
1.904905e-02;1.421833e-01;2.384735e-01;9.509847e-02;7.343684e-02;8.521559e-02;7.987583e-02;7.674755e-02;8.416268e-02;5.715949e-02;3.001126e-02;1.858640e-02
4.748337e-02;1.825183e-01;2.042034e-01;4.824040e-02;2.708559e-02;1.121119e-01;7.069648e-02;1.204009e-01;1.034481e-01;4.826352e-02;2.181547e-02;1.373259e-02
6.151347e-02;1.092636e-01;1.220974e-01;3.895474e-02;4.797120e-02;1.027820e-01;2.019785e-01;1.550636e-01;6.753289e-02;3.818878e-02;2.252706e-02;3.212672e-02
3.743233e-02;5.669053e-02;9.194566e-02;5.023555e-02;6.064484e-02;1.484039e-01;2.918139e-01;1.156808e-01;5.909282e-02;3.110143e-02;1.437655e-02;4.258176e-02
1.197950e-02;4.862993e-02;5.610665e-02;4.373864e-02;4.405109e-02;3.482512e-01;2.154045e-01;9.860066e-02;5.619152e-02;2.530769e-02;2.775609e-02;2.398251e-02
1.568901e-02;5.143454e-02;5.538911e-02;5.218878e-02;1.258301e-01;4.057618e-01;7.528239e-02;9.920207e-02;5.461686e-02;2.960894e-02;2.437916e-02;1.061724e-02
1.193839e-02;4.641030e-02;6.397174e-02;8.699666e-02;2.421685e-01;2.733536e-01;4.207762e-02;9.192500e-02;7.984855e-02;3.906191e-02;1.301579e-02;9.231929e-03
1.237353e-02;5.060501e-02;7.199313e-02;1.493313e-01;2.813544e-01;1.823706e-01;3.130371e-02;7.617044e-02;9.963738e-02;2.838739e-02;1.123331e-02;5.239791e-03
3.158549e-02;4.905639e-02;4.461160e-02;2.136117e-01;2.218566e-01;1.263772e-01;6.030976e-02;8.840725e-02;1.200151e-01;2.447789e-02;1.126678e-02;8.424207e-03
4.451459e-02;5.608027e-02;1.133647e-01;2.416191e-01;1.000152e-01;9.343732e-02;6.820440e-02;1.095695e-01;1.328730e-01;1.832424e-02;1.401798e-02;7.979714e-03
4.106995e-02;5.590853e-02;1.344416e-01;2.430770e-01;7.135860e-02;1.280692e-01;5.697250e-02;8.444233e-02;1.351445e-01;2.108605e-02;1.958847e-02;8.841110e-03
