4.374202e-02;8.810514e-02;1.349765e-01;6.771991e-02;1.079875e-01;8.720044e-02;1.593685e-01;8.631133e-02;6.084896e-02;5.644904e-02;5.506330e-02;5.222731e-02
6.142589e-02;1.191126e-01;1.000014e-01;6.502622e-02;1.083133e-01;6.590393e-02;1.181886e-01;8.479592e-02;8.528963e-02;6.242311e-02;5.862105e-02;7.089830e-02
7.525205e-02;9.436224e-02;2.021703e-01;6.257016e-02;7.157689e-02;4.174559e-02;1.199930e-01;5.915115e-02;8.536945e-02;6.068864e-02;4.703825e-02;8.008222e-02
9.300563e-02;3.622673e-02;8.714469e-02;3.873370e-02;7.047236e-02;6.910259e-02;2.840698e-01;3.577420e-02;7.146141e-02;9.249146e-02;7.662734e-02;4.489008e-02
5.376902e-02;3.829124e-02;1.748303e-01;5.091127e-02;8.355623e-02;5.275642e-02;2.887454e-01;4.704655e-02;4.918744e-02;6.516097e-02;7.154388e-02;2.420134e-02
2.841078e-02;4.231579e-02;2.014827e-01;5.157069e-02;1.094564e-01;8.014451e-02;2.612382e-01;5.622672e-02;3.196216e-02;5.037982e-02;6.148274e-02;2.532945e-02
8.135880e-02;3.716474e-02;1.194857e-01;3.876572e-02;1.138118e-01;1.498939e-01;2.464539e-01;4.967571e-02;2.562216e-02;6.730716e-02;4.331230e-02;2.714817e-02
1.202519e-01;1.841318e-02;3.297870e-02;3.561274e-02;1.276164e-01;2.031675e-01;2.557352e-01;3.529806e-02;4.925478e-02;8.078262e-02;2.361786e-02;1.727107e-02
1.523485e-01;2.726681e-02;6.048650e-02;4.210740e-02;1.463637e-01;1.996152e-01;1.643374e-01;2.849975e-02;6.153914e-02;7.574648e-02;1.625226e-02;2.543683e-02
1.921573e-01;7.663292e-02;7.123980e-02;4.571420e-02;1.440256e-01;1.585897e-01;1.141405e-01;3.066002e-02;5.768156e-02;5.517681e-02;1.748624e-02;3.649539e-02
2.128415e-01;1.488292e-01;9.201112e-02;4.271615e-02;1.316158e-01;1.284757e-01;9.738252e-02;1.359812e-02;3.862983e-02;3.923751e-02;1.968286e-02;3.497970e-02
1.402333e-01;1.644753e-01;1.548066e-01;3.169763e-02;1.628414e-01;1.158110e-01;1.073795e-01;2.117852e-02;3.911338e-02;2.708138e-02;1.872685e-02;1.665524e-02
3.769351e-02;9.245285e-02;2.390270e-01;5.983364e-02;2.002863e-01;1.072280e-01;1.527466e-01;2.357117e-02;2.738096e-02;2.966785e-02;1.345737e-02;1.665480e-02
7.245782e-02;4.626061e-02;2.860652e-01;6.937575e-02;2.291518e-01;1.129262e-01;8.725709e-02;1.796655e-02;1.550772e-02;2.271010e-02;1.403699e-02;2.628410e-02
3.741026e-02;3.292708e-02;3.710725e-01;6.970733e-02;1.868892e-01;1.110455e-01;7.385491e-02;2.216982e-02;2.757278e-02;1.726132e-02;2.504764e-02;2.504171e-02
3.318469e-02;2.901004e-02;4.686255e-01;8.107483e-02;1.059385e-01;7.065488e-02;7.690729e-02;1.837691e-02;1.871889e-02;2.432646e-02;4.782003e-02;2.536204e-02
3.181918e-02;3.954879e-02;5.588071e-01;7.166060e-02;5.476436e-02;2.897953e-02;8.462030e-02;1.307291e-02;1.330431e-02;3.797825e-02;4.224433e-02;2.320033e-02
2.700344e-02;3.534823e-02;5.968383e-01;6.615712e-02;7.177353e-02;3.110863e-02;7.496376e-02;1.021156e-02;8.102695e-03;3.616737e-02;2.122968e-02;2.109570e-02
2.134821e-02;2.531663e-02;6.435835e-01;6.456132e-02;6.976070e-02;2.984540e-02;6.482498e-02;9.471345e-03;9.477378e-03;3.210415e-02;1.567183e-02;1.403457e-02
3.057886e-02;3.111771e-02;4.779214e-01;5.636806e-02;7.033340e-02;4.075673e-02;8.496396e-02;5.929413e-02;5.627546e-02;4.526264e-02;2.444904e-02;2.267857e-02
7.955819e-02;4.778980e-02;1.891551e-01;8.172316e-02;6.337018e-02;3.879938e-02;1.464587e-01;1.158360e-01;8.179225e-02;8.598819e-02;2.558097e-02;4.394814e-02
1.334782e-01;7.626057e-02;9.092353e-02;7.738423e-02;5.244301e-02;3.812061e-02;1.909090e-01;1.065625e-01;6.330581e-02;8.092367e-02;2.875504e-02;6.093378e-02
2.042374e-01;1.264951e-01;5.496287e-02;5.013780e-02;3.997541e-02;4.679001e-02;2.024284e-01;6.144584e-02;4.807527e-02;5.638076e-02;3.990238e-02;6.916867e-02
1.869623e-01;1.521062e-01;1.580397e-01;3.285306e-02;3.695704e-02;3.818684e-02;1.944337e-01;2.783739e-02;3.184351e-02;3.874553e-02;4.833946e-02;5.369516e-02
1.053585e-01;1.309973e-01;2.734057e-01;5.836219e-02;4.136870e-02;2.250290e-02;1.779872e-01;3.765099e-02;4.482510e-02;3.194853e-02;3.405504e-02;4.153787e-02
4.154065e-02;6.747970e-02;2.870887e-01;1.092564e-01;3.625313e-02;1.669512e-02;1.185634e-01;5.473258e-02;1.248690e-01;6.044751e-02;3.444174e-02;4.863201e-02
4.144584e-02;2.949248e-02;1.665086e-01;1.271940e-01;6.422755e-02;2.567862e-02;6.531242e-02;4.088569e-02;1.789493e-01;1.468299e-01;6.656440e-02;4.691123e-02
2.921849e-02;4.718728e-02;6.871229e-02;7.608030e-02;1.131734e-01;5.134924e-02;4.340015e-02;5.237269e-02;1.086223e-01;2.286170e-01;1.387983e-01;4.246847e-02
2.033818e-02;4.799175e-02;5.592581e-02;2.179668e-02;8.333125e-02;1.075167e-01;5.713856e-02;4.340142e-02;5.053189e-02;1.864934e-01;2.577783e-01;6.775607e-02
3.031264e-02;1.727891e-02;6.099609e-02;3.982296e-02;2.825144e-02;1.048086e-01;1.278597e-01;3.264076e-02;5.441434e-02;8.188245e-02;2.467798e-01;1.749523e-01
5.762319e-02;1.678370e-02;4.270375e-02;6.364103e-02;2.686399e-02;5.355429e-02;1.924848e-01;5.170978e-02;4.319083e-02;7.641909e-02;1.163313e-01;2.586942e-01
1.515838e-01;2.130966e-02;3.280468e-02;5.970563e-02;6.468292e-02;2.389834e-02;1.704332e-01;1.287825e-01;2.434049e-02;9.402877e-02;3.023070e-02;1.981993e-01
2.395397e-01;3.753858e-02;3.562112e-02;2.711453e-02;1.156901e-01;2.301124e-02;9.103683e-02;1.808244e-01;4.724983e-02;6.321583e-02;8.266178e-02;5.649601e-02
1.985646e-01;1.331281e-01;5.291849e-02;1.182256e-02;1.063098e-01;4.279323e-02;4.849063e-02;1.097835e-01;1.433886e-01;3.003275e-02;9.638417e-02;2.638351e-02
9.369482e-02;2.371933e-01;6.265274e-02;1.996967e-02;4.352729e-02;8.568577e-02;3.169566e-02;4.505700e-02;2.720707e-01;1.584821e-02;5.591070e-02;3.669409e-02
4.920348e-02;2.652007e-01;7.226176e-02;2.022795e-02;8.553969e-03;1.118581e-01;2.301868e-02;3.926725e-02;3.264481e-01;1.074418e-02;1.825782e-02;5.495800e-02
2.802389e-02;2.664049e-01;9.381481e-02;1.730307e-02;5.125470e-03;1.215372e-01;2.518841e-02;2.218122e-02;3.291290e-01;1.413848e-02;1.276213e-02;6.439148e-02
5.250736e-02;2.345401e-01;1.108586e-01;2.193161e-02;1.041643e-02;1.018767e-01;3.141581e-02;3.303714e-02;2.915446e-01;2.613252e-02;1.487992e-02;7.085922e-02
8.327498e-02;1.965904e-01;1.060039e-01;2.858097e-02;2.558727e-02;8.727599e-02;4.744312e-02;5.539203e-02;2.428041e-01;3.623710e-02;2.021261e-02;7.059753e-02
8.659502e-02;1.799560e-01;8.840350e-02;3.010709e-02;3.617350e-02;9.275905e-02;8.429317e-02;5.823949e-02;1.774092e-01;5.999427e-02;2.715238e-02;7.891731e-02
1.040786e-01;1.843004e-01;7.929349e-02;2.174680e-02;3.235673e-02;8.266284e-02;9.755966e-02;1.019570e-01;1.868951e-01;4.311464e-02;2.035271e-02;4.568212e-02
1.093978e-01;1.865367e-01;7.608928e-02;2.428750e-02;4.061290e-02;8.910211e-02;6.066335e-02;1.080815e-01;1.656866e-01;4.928784e-02;3.681096e-02;5.344354e-02
9.137969e-02;1.809600e-01;7.686619e-02;1.972522e-02;2.433014e-02;1.143029e-01;3.983454e-02;8.679370e-02;1.866704e-01;7.031242e-02;5.412941e-02;5.469531e-02
9.955879e-02;1.343621e-01;8.240800e-02;2.320523e-02;1.989478e-02;9.759262e-02;4.239995e-02;5.428324e-02;2.920571e-01;6.126726e-02;4.695223e-02;4.601861e-02
8.762807e-02;5.626605e-02;1.412376e-01;3.936418e-02;4.560346e-02;5.919242e-02;9.079272e-02;6.175696e-02;2.442263e-01;7.347382e-02;6.179396e-02;3.866440e-02
4.858204e-02;3.400096e-02;2.744080e-01;3.855146e-02;9.295187e-02;5.667005e-02;1.783691e-01;4.783620e-02;7.645589e-02;6.762504e-02;5.382612e-02;3.072331e-02
7.123339e-02;5.351300e-02;3.074444e-01;4.230788e-02;6.826571e-02;5.453377e-02;1.467965e-01;4.434668e-02;5.735669e-02;5.341418e-02;4.481765e-02;5.597025e-02
1.365900e-01;6.965785e-02;2.729704e-01;4.288690e-02;5.028576e-02;3.709631e-02;1.049704e-01;5.928383e-02;5.400296e-02;4.986261e-02;4.207072e-02;8.032227e-02
1.945587e-01;6.795771e-02;1.899390e-01;4.086830e-02;3.439105e-02;2.888136e-02;1.056713e-01;6.418926e-02;3.726238e-02;4.840579e-02;6.068321e-02;1.271919e-01
1.696816e-01;4.361955e-02;9.838277e-02;3.029671e-02;3.426592e-02;4.711151e-02;1.238655e-01;6.080830e-02;3.053730e-02;7.122947e-02;1.331848e-01;1.570166e-01
1.164854e-01;4.605244e-02;8.637726e-02;2.461399e-02;4.763221e-02;5.001177e-02;9.491719e-02;8.586859e-02;4.259834e-02;1.273371e-01;1.709120e-01;1.071937e-01
8.313231e-02;5.135423e-02;1.095326e-01;5.704075e-02;5.485249e-02;3.457392e-02;1.173999e-01;8.059272e-02;6.815065e-02;1.592688e-01;1.257946e-01;5.830698e-02
6.527389e-02;5.326065e-02;1.657902e-01;7.605743e-02;5.324056e-02;3.976277e-02;1.772768e-01;6.517453e-02;6.464343e-02;1.401586e-01;6.180697e-02;3.755415e-02
5.852759e-02;3.581253e-02;1.929547e-01;7.874852e-02;5.790881e-02;5.826933e-02;1.677424e-01;6.782633e-02;7.904956e-02;1.339107e-01;3.421288e-02;3.503664e-02
7.287911e-02;4.162507e-02;1.341381e-01;7.374892e-02;8.071866e-02;7.595216e-02;1.097893e-01;6.287575e-02;8.858217e-02;1.667451e-01;5.952776e-02;3.341796e-02
8.418790e-02;4.586057e-02;6.450596e-02;5.371746e-02;7.387406e-02;6.758796e-02;1.213673e-01;6.294889e-02;1.236134e-01;1.300319e-01;1.036818e-01;6.862278e-02
7.035354e-02;4.806716e-02;8.604573e-02;6.736049e-02;3.751508e-02;7.891314e-02;1.108036e-01;5.800621e-02;1.119242e-01;1.177791e-01;1.155977e-01;9.763391e-02
5.393409e-02;4.035506e-02;8.351856e-02;5.904747e-02;6.797233e-02;5.573411e-02;1.310669e-01;6.028055e-02;1.179915e-01;1.353412e-01;1.034069e-01;9.135140e-02
6.141452e-02;6.621165e-02;9.805357e-02;6.897792e-02;1.127639e-01;5.842918e-02;1.012420e-01;4.784179e-02;1.422481e-01;1.119452e-01;9.641033e-02;3.446169e-02
4.015476e-02;5.398746e-02;1.646535e-01;4.501727e-02;1.056324e-01;9.344894e-02;1.577200e-01;5.218188e-02;7.472682e-02;8.295246e-02;6.360310e-02;6.592140e-02
5.367106e-02;4.255182e-02;1.621315e-01;3.830368e-02;8.928397e-02;6.685168e-02;1.145585e-01;1.128067e-01;1.505032e-01;8.617276e-02;4.926824e-02;3.389684e-02
9.010816e-02;5.207415e-02;1.376694e-01;3.231071e-02;8.761977e-02;4.723822e-02;6.523256e-02;1.449896e-01;2.081125e-01;7.127582e-02;3.933939e-02;2.402980e-02
1.277329e-01;5.821161e-02;1.027398e-01;2.305885e-02;9.613425e-02;3.609227e-02;3.134127e-02;1.986750e-01;2.247307e-01;5.940483e-02;2.991009e-02;1.196854e-02
1.765303e-01;4.480754e-02;5.512071e-02;1.389665e-02;1.000490e-01;2.074398e-02;3.217102e-02;2.988091e-01;1.763548e-01;4.029126e-02;2.497785e-02;1.624786e-02
2.498091e-01;1.838004e-02;2.616182e-02;9.604223e-03;8.722561e-02;8.032513e-03;3.961492e-02;4.156186e-01;9.167529e-02;2.148887e-02;1.924424e-02;1.314472e-02
2.786030e-01;1.231363e-02;1.805427e-02;1.795693e-02;5.268013e-02;1.183545e-02;9.105089e-02;3.746298e-01;3.828789e-02;3.318293e-02;2.023349e-02;5.117158e-02
1.877454e-01;1.334213e-02;1.783657e-02;5.837429e-02;1.944044e-02;1.833154e-02;2.102300e-01;2.212395e-01;5.515584e-02;5.712821e-02;2.061113e-02;1.205648e-01
9.191680e-02;9.120988e-03;4.281767e-02;8.795910e-02;5.790066e-03;4.524460e-02;2.769409e-01;1.433122e-01;3.975386e-02;5.681588e-02;1.532095e-02;1.850070e-01
3.298285e-02;1.799366e-02;7.851428e-02;7.947760e-02;2.443440e-02;7.695731e-02;2.430295e-01;9.340414e-02;2.618335e-02;4.999439e-02;7.254632e-02;2.044823e-01
3.538834e-02;5.503009e-02;9.855318e-02;4.690437e-02;7.036782e-02;9.655362e-02;1.556704e-01;6.958029e-02;4.391940e-02;5.206858e-02;1.192580e-01;1.567059e-01
3.796628e-02;9.889317e-02;9.964442e-02;6.110119e-02;9.782837e-02;5.800070e-02;1.589706e-01;6.139926e-02;8.322470e-02;6.040375e-02;8.986934e-02;9.269825e-02
8.474358e-02;1.106899e-01;6.801035e-02;1.136630e-01;5.589430e-02;6.260604e-02;1.443910e-01;8.523440e-02;1.275376e-01;6.882849e-02;5.562069e-02;2.278068e-02
1.258123e-01;7.172949e-02;4.460201e-02;9.776068e-02;3.475703e-02;4.813153e-02;9.998909e-02;7.144017e-02;1.389577e-01;9.422212e-02;6.778118e-02;1.048167e-01
1.380466e-01;3.153811e-02;3.984303e-02;8.911774e-02;3.375242e-02;3.928681e-02;9.839512e-02;5.199046e-02;1.196763e-01;1.477675e-01;5.591955e-02;1.546664e-01
9.195147e-02;3.319727e-02;6.494645e-02;7.167758e-02;7.764209e-02;4.367669e-02;3.262615e-02;5.174999e-02;1.116977e-01;1.700129e-01;8.705717e-02;1.637646e-01
2.417413e-02;1.321248e-02;4.077303e-02;3.730302e-02;6.853750e-02;7.269600e-02;5.366704e-02;4.610883e-02;1.108533e-01;2.245081e-01;2.024718e-01;1.056948e-01
1.155911e-02;1.224754e-02;4.561774e-02;2.018289e-02;6.049164e-02;1.409153e-01;7.968439e-02;1.943843e-02;7.384197e-02;1.651732e-01;3.123806e-01;5.846730e-02
2.957725e-02;1.640690e-02;6.785376e-02;8.308220e-03;5.319855e-02;2.012553e-01;7.166050e-02;1.183263e-02;6.678628e-02;6.155222e-02;3.623688e-01;4.919965e-02
2.576807e-02;1.337007e-02;5.134497e-02;7.634499e-03;6.414637e-02;2.228633e-01;6.456639e-02;1.830842e-02;6.116386e-02;8.550911e-02;3.500279e-01;3.529700e-02
1.317770e-02;2.933491e-02;2.941847e-02;1.922187e-02;1.106081e-01;2.001198e-01;4.096529e-02;1.987319e-02;3.451179e-02;1.941814e-01;2.855492e-01;2.303835e-02
1.099609e-02;3.804993e-02;1.386444e-02;4.348461e-02;1.449241e-01;1.124616e-01;1.434623e-02;1.607059e-02;4.774047e-02;3.958997e-01;1.528287e-01;9.333484e-03
4.087720e-02;3.040119e-02;2.819088e-02;7.717393e-02;1.046985e-01;4.042683e-02;1.443501e-02;1.262446e-02;1.091478e-01;4.021268e-01;1.263753e-01;1.352209e-02
8.137088e-02;1.830686e-02;8.018715e-02;1.126121e-01;5.529506e-02;1.449400e-02;2.598785e-02;2.429268e-02;1.956041e-01;2.594300e-01;1.271964e-01;5.222951e-03
9.645776e-02;1.568609e-02;1.808516e-01;1.200123e-01;3.153050e-02;1.159306e-02;5.461890e-02;5.083015e-02;1.941771e-01;9.697064e-02;7.269909e-02;7.457278e-02
6.853201e-02;3.492893e-02;2.405034e-01;8.450891e-02;1.606259e-02;1.448623e-02;1.142725e-01;7.863259e-02;1.020713e-01;2.607180e-02;6.294870e-02;1.569810e-01
2.969749e-02;5.277174e-02;2.034898e-01;4.822547e-02;2.130435e-02;1.602075e-02;2.202059e-01;7.329690e-02;3.418871e-02;1.168939e-02;1.106167e-01;1.784929e-01
1.993369e-02;8.879343e-02;9.345064e-02;1.854147e-02;2.673593e-02;1.787696e-02;3.349495e-01;3.611141e-02;3.006067e-02;2.390163e-02;1.838914e-01;1.257532e-01
3.304065e-02;1.199396e-01;4.092615e-02;5.623383e-03;2.631930e-02;2.633499e-02;3.786860e-01;5.133974e-02;3.625816e-02;2.319443e-02;1.962900e-01;6.204763e-02
9.817646e-02;1.401648e-01;1.303331e-02;7.559405e-03;3.131894e-02;4.547099e-02;3.768532e-01;3.375820e-02;1.996110e-02;5.250360e-02;1.477544e-01;3.344549e-02
1.977409e-01;1.269113e-01;2.548661e-02;1.191195e-02;3.598418e-02;6.905200e-02;2.674845e-01;1.056188e-02;2.514835e-02;9.765156e-02;9.484040e-02;3.722635e-02
3.083595e-01;9.605984e-02;1.637546e-02;1.132631e-02;4.873402e-02;8.982154e-02;1.774767e-01;1.276885e-02;3.219522e-02;1.187471e-01;4.136055e-02;4.677500e-02
3.773287e-01;5.157728e-02;2.414503e-02;1.462260e-02;6.212347e-02;1.019901e-01;1.574300e-01;1.080323e-02;2.924786e-02;1.044973e-01;1.704781e-02;4.918665e-02
3.972388e-01;2.702633e-02;2.991114e-02;1.398150e-02;8.117177e-02;1.098397e-01;1.433604e-01;1.133200e-02;4.581485e-02;8.336826e-02;1.516210e-02;4.179312e-02
3.803561e-01;3.233541e-02;4.017367e-02;1.040841e-02;9.620345e-02;1.058175e-01;1.229225e-01;7.600703e-03;7.082990e-02;5.258864e-02;1.494202e-02;6.582163e-02
3.478805e-01;2.187370e-02;5.922697e-02;1.136588e-02;1.127678e-01;1.028824e-01;1.217478e-01;8.089737e-03;8.956137e-02;2.904430e-02;1.034855e-02;8.521100e-02
3.147651e-01;2.674007e-02;7.887363e-02;1.429240e-02;1.239099e-01;9.325432e-02;1.072623e-01;4.694065e-03;9.104800e-02;2.007057e-02;7.661804e-03;1.174279e-01
2.914045e-01;2.637342e-02;1.013044e-01;1.515870e-02;1.348324e-01;7.995102e-02;7.605124e-02;5.065172e-03;9.231934e-02;1.528906e-02;8.872617e-03;1.533781e-01
2.977404e-01;2.151189e-02;1.193450e-01;2.282035e-02;1.310357e-01;7.127170e-02;5.212489e-02;4.715721e-03;8.592585e-02;1.394659e-02;1.219959e-02;1.673623e-01
3.194822e-01;4.860442e-02;9.342185e-02;3.277961e-02;9.447764e-02;7.195591e-02;1.094154e-01;4.134421e-03;5.925233e-02;3.229943e-02;1.819827e-02;1.159785e-01
2.871115e-01;1.048409e-01;5.218335e-02;3.843855e-02;5.987228e-02;7.178216e-02;2.049998e-01;9.336694e-03;3.410330e-02;5.092124e-02;3.199204e-02;5.441817e-02
1.422715e-01;1.442101e-01;8.948168e-02;3.619092e-02;4.335893e-02;4.351283e-02;2.991526e-01;2.956403e-02;2.720232e-02;4.552364e-02;6.120409e-02;3.832738e-02
4.414327e-02;1.086587e-01;1.985967e-01;4.325117e-02;2.773562e-02;2.170788e-02;2.765760e-01;6.649380e-02;3.990583e-02;3.784115e-02;6.385172e-02;7.123818e-02
9.761071e-02;3.595104e-02;2.117897e-01;1.178206e-01;5.089376e-02;2.119069e-02;1.587220e-01;5.771346e-02;8.474413e-02;5.193264e-02;3.797708e-02;7.365415e-02
1.014789e-01;4.107649e-02;1.312494e-01;1.632453e-01;1.550750e-01;2.931981e-02;7.000527e-02;3.561195e-02;1.077821e-01;9.837655e-02;2.466458e-02;4.211462e-02
6.372760e-02;6.930222e-02;6.701043e-02;1.185359e-01;2.242673e-01;5.304699e-02;4.515918e-02;3.758884e-02;8.177916e-02;1.449662e-01;7.504228e-02;1.957389e-02
3.539175e-02;6.230527e-02;7.321201e-02;5.493721e-02;1.509661e-01;1.536179e-01;7.162678e-02;3.536703e-02;4.642658e-02;1.285066e-01;1.458771e-01;4.176559e-02
8.331252e-02;3.071042e-02;7.326174e-02;5.320910e-02;3.746059e-02;1.718667e-01;1.712175e-01;4.824374e-02;2.443044e-02;6.412785e-02;1.450197e-01;9.713981e-02
1.796994e-01;3.070839e-02;6.275187e-02;6.583553e-02;5.770575e-02;7.480479e-02;1.894943e-01;1.065331e-01;2.893285e-02;2.548530e-02;7.050613e-02;1.075426e-01
2.538906e-01;9.372439e-02;7.877821e-02;4.073114e-02;1.134433e-01;2.001877e-02;1.098165e-01;1.229090e-01;6.071220e-02;1.745288e-02;2.414289e-02;6.438013e-02
2.180314e-01;1.813579e-01;1.143125e-01;1.451646e-02;1.251826e-01;4.623727e-02;4.044651e-02;6.734243e-02;1.302502e-01;2.403501e-02;1.445585e-02;2.383193e-02
1.223236e-01;2.435874e-01;1.732665e-01;6.947381e-03;7.476947e-02;8.960555e-02;1.831638e-02;3.320015e-02;1.919164e-01;2.800719e-02;8.466180e-03;9.593811e-03
1.155023e-01;2.483832e-01;2.122353e-01;1.498692e-02;4.917303e-02;9.729055e-02;1.560923e-02;2.448780e-02;1.795643e-01;2.639731e-02;5.018701e-03;1.135149e-02
1.323374e-01;2.585837e-01;2.280448e-01;2.804275e-02;3.902115e-02;7.605246e-02;2.112102e-02;1.576059e-02;1.440464e-01;3.110201e-02;9.952324e-03;1.593534e-02
1.801545e-01;2.675837e-01;2.246395e-01;2.893993e-02;2.291305e-02;4.240964e-02;3.111167e-02;2.542206e-02;1.095389e-01;3.624248e-02;1.408621e-02;1.695826e-02
2.613949e-01;1.931725e-01;2.598835e-01;1.788475e-02;2.393318e-02;1.214255e-02;2.754357e-02;5.862758e-02;5.781389e-02;3.432334e-02;2.133980e-02;3.194030e-02
2.648578e-01;7.698037e-02;2.707001e-01;2.223050e-02;5.604186e-02;2.253757e-02;3.036312e-02;7.726847e-02;5.254908e-02;3.418387e-02;3.418381e-02;5.810343e-02
2.022049e-01;5.187622e-02;2.113374e-01;4.615106e-02;7.013550e-02;2.505521e-02;7.108849e-02;5.011665e-02;4.871263e-02;5.450843e-02;6.160957e-02;1.072039e-01
1.444845e-01;6.725600e-02;2.077043e-01;5.703215e-02;6.413218e-02;3.467223e-02;9.111847e-02;2.276517e-02;5.062334e-02;7.368246e-02;8.317118e-02;1.033580e-01
9.699389e-02;7.474772e-02;1.788564e-01;3.614715e-02;4.877451e-02;5.391091e-02;8.383367e-02;2.111230e-02;9.326476e-02;1.274005e-01;9.786262e-02;8.709551e-02
8.389137e-02;7.708716e-02;9.623063e-02;3.455167e-02;6.458523e-02;7.026266e-02;1.227329e-01;3.426891e-02;6.731144e-02;1.136192e-01;1.176351e-01;1.178237e-01
1.152418e-01;4.426307e-02;1.148002e-01;6.557863e-02;3.579840e-02;6.413634e-02;1.610691e-01;3.388759e-02;4.170684e-02;6.038058e-02;1.257465e-01;1.373910e-01
1.231147e-01;2.769051e-02;9.872080e-02;6.757484e-02;1.067874e-02;9.428770e-02;1.624119e-01;2.403995e-02;3.492157e-02;5.718660e-02;1.452118e-01;1.541608e-01
8.553056e-02;2.921554e-02;1.145349e-01;4.561159e-02;2.441744e-02;1.557140e-01;1.193928e-01;1.232647e-02;3.427813e-02;7.831792e-02;1.783776e-01;1.222830e-01
6.184480e-02;3.674093e-02;1.305603e-01;3.187279e-02;4.658014e-02;1.878858e-01;6.736057e-02;1.938866e-02;3.015932e-02;1.143762e-01;1.920968e-01;8.113377e-02
5.019259e-02;7.917693e-02;1.114331e-01;1.981131e-02;1.120192e-01;1.296435e-01;4.451072e-02;4.475415e-02;3.177602e-02;1.652561e-01;1.594554e-01;5.197103e-02
2.460693e-02;1.359422e-01;5.100454e-02;2.510729e-02;2.086910e-01;6.291856e-02;1.745894e-02;4.639613e-02;5.295759e-02;2.022347e-01;1.305266e-01;4.215549e-02
4.984481e-02;1.211877e-01;2.457391e-02;2.125044e-02;2.543462e-01;4.341993e-02;6.630131e-02;2.594480e-02;7.878745e-02;2.059136e-01;7.664301e-02;3.178684e-02
8.286235e-02;6.805159e-02;2.381606e-02;5.997076e-02;1.850745e-01;5.493404e-02;1.205395e-01;4.568203e-02;1.217991e-01;1.644451e-01;4.945664e-02;2.336833e-02
1.099307e-01;3.602987e-02;2.030680e-02;9.858657e-02;1.098016e-01;3.970122e-02;1.364843e-01;5.848956e-02;1.966272e-01;1.386522e-01;3.622084e-02;1.916920e-02
9.669735e-02;1.610852e-02;4.277502e-02;1.341375e-01;5.256916e-02;3.013347e-02;1.061395e-01;6.051131e-02;2.863354e-01;1.080100e-01;3.133900e-02;3.524382e-02
4.348247e-02;1.003172e-02;9.813202e-02;1.228970e-01;2.853588e-02;4.533987e-02;7.954929e-02;1.057687e-01;2.839693e-01;6.100010e-02;2.847587e-02;9.281766e-02
1.417875e-02;2.209923e-02;1.301469e-01;6.780843e-02;1.881774e-02;5.060964e-02;1.195440e-01;1.701673e-01;1.699826e-01;3.653443e-02;4.633319e-02;1.537778e-01
1.931284e-02;3.037912e-02;1.164751e-01;3.576526e-02;3.130149e-02;4.392515e-02;2.181180e-01;1.645902e-01;5.213930e-02;3.079409e-02;8.214043e-02;1.750589e-01
1.717527e-02;3.616516e-02;8.020365e-02;3.291764e-02;5.067872e-02;4.595363e-02;2.776386e-01;6.216107e-02;8.551747e-02;4.389735e-02;9.653747e-02;1.711540e-01
3.174345e-02;2.954820e-02;1.197410e-01;4.753688e-02;7.083312e-02;5.353024e-02;1.999658e-01;1.354646e-01;1.132755e-01;2.908913e-02;5.169009e-02;1.175819e-01
5.827486e-02;5.032948e-02;2.054084e-01;5.483866e-02;6.202327e-02;5.237746e-02;1.069545e-01;1.824217e-01;6.474269e-02;5.567778e-02;6.022169e-02;4.672946e-02
4.446713e-02;4.985718e-02;1.734467e-01;3.117134e-02;5.654968e-02;2.973807e-02;1.070102e-01;1.106169e-01;1.658844e-01;4.001538e-02;5.001700e-02;1.412260e-01
2.354762e-02;3.073916e-02;1.436884e-01;3.394486e-02;6.861380e-02;2.847344e-02;1.217968e-01;1.131349e-01;1.527065e-01;3.724418e-02;1.838713e-02;2.277232e-01
6.195241e-02;2.539077e-02;1.576455e-01;4.261541e-02;6.751399e-02;3.339415e-02;1.714100e-01;8.128887e-02;5.770450e-02;5.221701e-02;3.879259e-02;2.100748e-01
5.810736e-02;2.869828e-02;1.666865e-01;4.007837e-02;4.993315e-02;3.483210e-02;1.859492e-01;8.645217e-02;6.538820e-02;6.983647e-02;5.436417e-02;1.596740e-01
6.470583e-02;2.907774e-02;1.393908e-01;3.619161e-02;7.215565e-02;4.680969e-02;1.893078e-01;6.379207e-02;1.143172e-01;7.140969e-02;6.254657e-02;1.102953e-01
1.070523e-01;5.057295e-02;1.451955e-01;4.493970e-02;4.503611e-02;5.443005e-02;1.149995e-01;1.015688e-01;1.055097e-01;1.073941e-01;6.796157e-02;5.533968e-02
9.252767e-02;3.424185e-02;1.539899e-01;4.791551e-02;4.927280e-02;5.318765e-02;1.464806e-01;7.493528e-02;8.287981e-02;1.158393e-01;7.829510e-02;7.043453e-02
1.010479e-01;3.562061e-02;1.661229e-01;4.014524e-02;6.404202e-02;5.720085e-02;1.846363e-01;5.007055e-02;7.195205e-02;8.423191e-02;7.005405e-02;7.487564e-02
1.519371e-01;5.011006e-02;1.175574e-01;2.672058e-02;9.545325e-02;7.222126e-02;2.310923e-01;2.521790e-02;6.728800e-02;4.960770e-02;4.509217e-02;6.770232e-02
1.896821e-01;3.957977e-02;6.970070e-02;2.971675e-02;1.376186e-01;8.599384e-02;1.968581e-01;2.725599e-02;9.474689e-02;2.729293e-02;2.118661e-02;8.036775e-02
2.254411e-01;2.756841e-02;7.217241e-02;3.866343e-02;1.720507e-01;9.716826e-02;7.169873e-02;2.361774e-02;1.193576e-01;3.552270e-02;2.525402e-02;9.148495e-02
1.985670e-01;3.567691e-02;7.800778e-02;3.794602e-02;1.575321e-01;9.628550e-02;1.564126e-01;1.984900e-02;9.625364e-02;3.303326e-02;2.525100e-02;6.518525e-02
1.432788e-01;2.879663e-02;1.248289e-01;4.545806e-02;1.827656e-01;8.820165e-02;1.060781e-01;2.090685e-02;8.653288e-02;3.903298e-02;3.637951e-02;9.774014e-02
1.448061e-01;1.883796e-02;1.406869e-01;5.576978e-02;1.835882e-01;7.939979e-02;5.885835e-02;2.849383e-02;7.706924e-02;4.429761e-02;3.454635e-02;1.336459e-01
1.881414e-01;2.807478e-02;1.245600e-01;6.082368e-02;1.425510e-01;6.287408e-02;8.783269e-02;4.914695e-02;5.932011e-02;3.172177e-02;2.456934e-02;1.403842e-01
2.270179e-01;5.252213e-02;1.400280e-01;7.429940e-02;9.053125e-02;3.042652e-02;5.984937e-02;8.270656e-02;4.033443e-02;3.450050e-02;4.455698e-02;1.232270e-01
2.309286e-01;6.536710e-02;1.412743e-01;8.652897e-02;7.045417e-02;2.566011e-02;5.263155e-02;9.865715e-02;3.350816e-02;2.700237e-02;5.737751e-02;1.106099e-01
1.794724e-01;7.367226e-02;1.560720e-01;1.035064e-01;7.913901e-02;3.342212e-02;5.646379e-02;8.192730e-02;2.708316e-02;3.660072e-02;6.157432e-02;1.110664e-01
7.832028e-02;7.426357e-02;2.035266e-01;1.090185e-01;7.996047e-02;3.566501e-02;7.384210e-02;5.456699e-02;4.850208e-02;5.576541e-02;7.029255e-02;1.162764e-01
9.458687e-02;7.147607e-02;2.798302e-01;8.612855e-02;6.098375e-02;2.499357e-02;6.022429e-02;4.242516e-02;7.728253e-02;5.512476e-02;5.186605e-02;9.507813e-02
8.213777e-02;1.030381e-01;2.418772e-01;3.633694e-02;6.566744e-02;4.530544e-02;1.220917e-01;5.488089e-02;8.082377e-02;6.749751e-02;6.231431e-02;3.802900e-02
1.249683e-01;1.003748e-01;1.208946e-01;2.636151e-02;8.203126e-02;4.801371e-02;1.617269e-01;7.363734e-02;7.425196e-02;7.094689e-02;7.581870e-02;4.097395e-02
1.069825e-01;7.486058e-02;1.278728e-01;3.473588e-02;1.074216e-01;4.033299e-02;1.240001e-01;9.953801e-02;7.454047e-02;5.615280e-02;8.981042e-02;6.375191e-02
7.494520e-02;3.703150e-02;1.169799e-01;4.747952e-02;1.496936e-01;7.547788e-02;7.282579e-02;7.592122e-02;1.274000e-01;3.718478e-02;8.131323e-02;1.037474e-01
7.606105e-02;2.414034e-02;7.643150e-02;6.597543e-02;1.917543e-01;1.001632e-01;6.011741e-02;4.937736e-02;1.464820e-01;2.494046e-02;5.042937e-02;1.341276e-01
8.737100e-02;2.734108e-02;5.706545e-02;6.569938e-02;1.815082e-01;1.184493e-01;9.403457e-02;4.266527e-02;1.047017e-01;3.233348e-02;4.221987e-02;1.466106e-01
9.015913e-02;3.466875e-02;7.577062e-02;4.131906e-02;1.212829e-01;1.285005e-01;1.604448e-01;6.265304e-02;5.067516e-02;5.038023e-02;5.236001e-02;1.317857e-01
6.876034e-02;3.526490e-02;1.025207e-01;4.154179e-02;7.566428e-02;1.166145e-01;1.832965e-01;6.060957e-02;7.332935e-02;7.715589e-02;7.710820e-02;8.813403e-02
3.532342e-02;3.559618e-02;5.028058e-02;5.943467e-02;5.892051e-02;6.424324e-02;1.400611e-01;7.137634e-02;1.130031e-01;1.084452e-01;1.095895e-01;1.537262e-01
4.971511e-02;5.177068e-02;7.487489e-02;4.141263e-02;1.132063e-01;8.517332e-02;7.997395e-02;8.576623e-02;1.056017e-01;9.034901e-02;7.553068e-02;1.466256e-01
