7.154003e-02;8.242550e-02;1.889627e-01;4.399724e-02;4.164108e-02;8.419336e-02;1.069153e-01;6.798411e-02;5.634271e-02;6.728084e-02;7.847465e-02;1.102424e-01
7.798102e-02;7.433259e-02;1.584603e-01;5.242863e-02;7.911299e-02;8.758210e-02;9.050693e-02;7.623520e-02;6.945321e-02;6.040571e-02;7.317564e-02;1.003257e-01
7.895017e-02;8.175394e-02;1.199454e-01;7.728701e-02;9.313658e-02;7.558344e-02;1.121968e-01;6.872361e-02;7.972117e-02;7.945563e-02;7.318796e-02;6.005839e-02
7.901036e-02;5.674430e-02;7.554322e-02;8.572204e-02;7.327490e-02;6.062850e-02;1.400761e-01;6.899896e-02;9.723146e-02;9.994735e-02;9.908865e-02;6.373421e-02
1.000190e-01;6.080968e-02;9.150212e-02;7.596102e-02;3.578387e-02;4.238941e-02;1.491667e-01;7.826243e-02;6.353819e-02;7.252129e-02;1.161994e-01;1.138469e-01
9.373668e-02;8.647501e-02;1.025324e-01;6.750889e-02;4.242080e-02;7.402340e-02;1.448075e-01;5.361689e-02;4.876596e-02;3.745408e-02;1.193890e-01;1.292693e-01
1.170073e-01;1.178728e-01;1.274099e-01;7.434111e-02;6.837626e-02;8.734400e-02;8.894829e-02;3.349565e-02;4.318004e-02;6.388782e-02;9.481510e-02;8.332167e-02
1.388915e-01;1.264433e-01;1.157282e-01;7.095899e-02;6.881620e-02;6.394526e-02;8.228981e-02;4.852581e-02;8.609721e-02;6.380822e-02;4.274084e-02;9.175471e-02
1.603620e-01;8.508493e-02;1.732307e-01;7.617114e-02;6.535529e-02;5.264957e-02;1.057193e-01;4.969091e-02;6.309802e-02;4.701976e-02;6.874160e-02;5.287674e-02
1.723239e-01;7.059598e-02;1.208992e-01;7.024087e-02;5.704159e-02;6.906280e-02;1.157809e-01;5.488040e-02;5.413375e-02;5.605185e-02;8.985732e-02;6.913134e-02
1.666820e-01;7.504553e-02;1.043589e-01;5.703498e-02;7.481953e-02;7.648015e-02;1.217827e-01;5.587140e-02;3.514718e-02;8.007026e-02;8.873305e-02;6.397439e-02
1.598267e-01;7.028244e-02;1.132524e-01;4.684001e-02;7.806610e-02;7.581268e-02;1.264455e-01;5.602263e-02;3.652675e-02;1.033987e-01;8.687411e-02;4.665187e-02
1.065082e-01;9.031450e-02;1.494861e-01;5.293492e-02;9.983709e-02;5.415333e-02;1.790923e-01;4.385725e-02;5.496429e-02;8.664361e-02;5.031589e-02;3.189246e-02
4.154054e-02;8.668775e-02;2.224491e-01;6.926761e-02;1.470796e-01;8.422336e-02;1.711756e-01;2.674050e-02;3.284298e-02;6.653038e-02;2.547980e-02;2.598280e-02
3.740621e-02;6.964342e-02;2.308290e-01;8.274116e-02;1.848955e-01;9.729730e-02;1.397718e-01;1.209062e-02;2.840482e-02;6.609052e-02;1.970570e-02;3.112395e-02
3.139903e-02;7.511661e-02;2.401302e-01;1.036197e-01;2.110527e-01;9.765219e-02;7.162714e-02;1.849332e-02;3.480509e-02;5.838913e-02;1.807463e-02;3.964019e-02
2.728121e-02;7.672474e-02;2.185660e-01;1.241015e-01;2.026612e-01;9.329072e-02;9.336569e-02;2.421216e-02;4.548921e-02;5.642541e-02;1.312956e-02;2.475265e-02
2.273913e-02;5.378598e-02;2.032612e-01;1.197729e-01;1.913947e-01;1.149409e-01;8.990365e-02;2.907586e-02;5.765692e-02;8.894552e-02;1.156516e-02;1.695818e-02
1.708700e-02;4.868337e-02;1.924971e-01;8.061901e-02;1.307691e-01;1.200373e-01;1.327571e-01;2.742377e-02;8.007779e-02;1.392056e-01;1.232463e-02;1.851821e-02
2.049185e-02;3.172517e-02;2.091610e-01;5.818717e-02;7.958683e-02;6.957462e-02;1.746719e-01;2.750518e-02;1.478467e-01;1.359521e-01;2.212713e-02;2.317036e-02
2.059525e-02;2.032829e-02;1.719811e-01;5.044180e-02;1.067611e-01;1.464833e-01;1.209800e-01;3.290009e-02;1.820578e-01;1.018677e-01;2.229930e-02;2.330429e-02
2.655923e-02;1.302409e-02;1.372300e-01;7.034172e-02;1.104872e-01;2.281644e-01;8.493809e-02;2.452119e-02;1.615654e-01;1.052982e-01;1.933503e-02;1.853539e-02
4.370522e-02;2.493008e-02;1.235816e-01;8.800935e-02;2.239802e-01;1.888889e-01;6.057271e-02;1.982385e-02;1.115522e-01;7.341640e-02;1.796284e-02;2.357673e-02
4.604846e-02;2.707953e-02;9.068035e-02;8.994594e-02;2.742658e-01;1.409913e-01;7.444053e-02;2.181554e-02;1.510468e-01;3.641401e-02;2.555456e-02;2.171716e-02
5.752360e-02;2.888385e-02;1.194068e-01;7.788721e-02;2.070443e-01;9.743569e-02;8.431234e-02;4.492207e-02;1.689466e-01;5.254482e-02;3.933363e-02;2.175901e-02
5.627242e-02;4.671583e-02;2.179127e-01;5.910460e-02;1.213746e-01;3.205870e-02;1.066740e-01;4.016071e-02;1.318704e-01;1.186199e-01;4.847845e-02;2.075763e-02
9.930693e-02;7.827336e-02;1.998501e-01;5.562504e-02;8.929665e-02;7.305721e-02;5.913179e-02;4.079630e-02;8.283644e-02;1.222710e-01;7.109451e-02;2.846064e-02
1.311146e-01;1.000245e-01;9.945909e-02;1.160908e-01;8.525836e-02;1.015343e-01;4.709033e-02;6.246007e-02;6.628083e-02;6.928711e-02;9.352051e-02;2.787952e-02
1.232738e-01;7.913837e-02;5.292946e-02;1.192777e-01;4.655187e-02;7.049445e-02;7.688431e-02;8.655000e-02;6.525400e-02;1.349431e-01;7.450036e-02;7.020263e-02
1.152664e-01;5.965425e-02;6.398448e-02;8.084746e-02;5.879913e-02;5.110471e-02;9.140235e-02;7.962016e-02;8.337440e-02;1.501442e-01;5.716109e-02;1.086414e-01
9.686137e-02;6.591447e-02;6.567174e-02;5.548065e-02;6.380653e-02;6.090560e-02;8.848823e-02;1.049528e-01;1.098416e-01;1.273529e-01;6.254101e-02;9.818313e-02
6.734079e-02;5.526096e-02;9.918756e-02;6.069154e-02;4.949843e-02;5.691944e-02;1.021029e-01;1.369450e-01;1.317562e-01;1.031426e-01;4.768125e-02;8.947332e-02
4.417223e-02;4.281638e-02;1.262092e-01;4.552133e-02;6.314633e-02;9.714241e-02;1.562478e-01;1.190441e-01;1.240337e-01;7.888295e-02;3.174547e-02;7.103804e-02
4.379035e-02;2.731565e-02;8.779193e-02;2.854603e-02;7.916105e-02;9.968481e-02;3.530883e-01;7.975034e-02;6.979869e-02;7.589532e-02;2.130515e-02;3.387236e-02
1.995866e-02;2.539843e-02;3.894541e-02;1.390821e-02;6.655908e-02;7.542671e-02;5.460878e-01;9.714884e-02;4.149809e-02;4.659704e-02;1.612028e-02;1.235143e-02
1.737325e-02;1.379817e-02;3.388213e-02;1.155533e-02;3.932745e-02;3.969763e-02;5.683936e-01;1.689025e-01;5.082595e-02;3.679922e-02;1.083688e-02;8.607841e-03
1.414809e-02;9.221409e-03;3.202858e-02;1.837900e-02;3.553720e-02;4.831290e-02;5.373250e-01;1.695313e-01;6.655887e-02;3.371191e-02;2.208926e-02;1.315648e-02
1.561212e-02;2.189481e-02;6.466877e-02;5.971742e-02;1.018923e-01;1.047164e-01;4.091058e-01;8.342293e-02;4.077535e-02;2.707103e-02;2.812744e-02;4.299560e-02
1.343568e-02;3.906529e-02;1.334644e-01;1.550182e-01;1.789682e-01;1.049486e-01;1.714484e-01;4.938255e-02;2.845046e-02;1.920154e-02;2.857670e-02;7.803997e-02
1.504780e-02;6.725261e-02;1.672067e-01;2.439068e-01;1.911499e-01;5.565549e-02;5.870840e-02;5.247078e-02;1.724637e-02;1.598471e-02;4.355471e-02;7.181582e-02
1.148252e-02;9.510235e-02;1.592701e-01;2.947509e-01;1.756885e-01;2.861347e-02;4.621211e-02;5.494923e-02;1.584160e-02;3.624042e-02;4.495831e-02;3.689039e-02
1.325491e-02;7.628272e-02;1.226537e-01;2.917772e-01;2.161436e-01;3.342342e-02;5.246790e-02;4.429999e-02;1.927848e-02;7.412948e-02;3.750175e-02;1.878680e-02
7.283699e-03;3.815559e-02;1.320709e-01;2.911592e-01;2.591959e-01;3.372514e-02;6.348477e-02;3.402847e-02;1.474624e-02;6.449629e-02;2.869413e-02;3.295964e-02
2.889662e-02;5.374638e-02;2.392412e-01;2.860766e-01;2.137796e-01;2.848283e-02;3.606152e-02;1.604692e-02;1.099988e-02;2.859130e-02;2.090102e-02;3.717607e-02
5.178452e-02;7.885616e-02;3.163256e-01;2.278594e-01;1.278324e-01;2.892569e-02;7.376620e-02;2.376891e-02;1.126000e-02;2.554678e-02;1.041253e-02;2.366181e-02
4.647626e-02;6.099935e-02;2.873372e-01;1.513688e-01;1.126348e-01;7.271848e-02;1.449396e-01;2.941338e-02;1.808590e-02;2.096754e-02;2.143474e-02;3.362386e-02
2.213334e-02;3.561347e-02;1.760898e-01;6.615962e-02;2.019681e-01;1.624839e-01;1.570299e-01;1.761397e-02;5.482937e-02;2.341267e-02;2.229805e-02;6.036777e-02
2.286405e-02;1.755392e-02;1.276339e-01;2.011462e-02;2.346572e-01;2.418375e-01;1.345021e-01;3.003685e-02;8.280219e-02;1.711050e-02;1.095258e-02;5.993462e-02
2.292552e-02;1.179225e-02;1.742320e-01;2.046471e-02;2.282174e-01;2.270655e-01;1.177824e-01;4.213831e-02;8.677908e-02;8.579866e-03;8.076909e-03;5.194611e-02
2.001891e-02;3.169122e-02;1.987414e-01;4.059460e-02;2.154249e-01;1.390587e-01;1.260475e-01;4.110356e-02;7.608658e-02;1.458906e-02;1.926261e-02;7.738084e-02
2.636610e-02;5.092474e-02;1.529050e-01;1.047361e-01;1.702961e-01;6.549437e-02;7.604430e-02;3.670868e-02;6.843356e-02;2.019358e-02;5.855418e-02;1.693432e-01
2.381634e-02;5.384476e-02;1.701294e-01;1.647301e-01;1.306608e-01;3.167067e-02;3.569903e-02;4.387418e-02;5.868221e-02;2.967672e-02;1.152103e-01;1.420055e-01
1.677630e-02;4.698507e-02;2.124881e-01;1.863607e-01;8.709470e-02;3.525909e-02;6.178237e-02;4.271820e-02;5.084742e-02;5.353506e-02;1.376404e-01;6.851248e-02
2.656465e-02;3.663602e-02;1.839388e-01;1.381555e-01;8.663511e-02;6.262179e-02;1.462681e-01;3.926060e-02;3.922927e-02;6.383346e-02;1.090897e-01;6.776690e-02
4.036340e-02;4.936144e-02;1.033740e-01;7.142103e-02;1.216723e-01;1.006808e-01;2.089332e-01;5.126533e-02;4.625465e-02;9.301069e-02;5.342225e-02;6.024081e-02
2.716453e-02;6.227427e-02;1.302625e-01;5.611840e-02;1.412826e-01;9.704394e-02;1.985900e-01;3.274345e-02;4.111398e-02;8.430576e-02;5.188086e-02;7.721973e-02
4.263864e-02;4.135684e-02;1.967503e-01;8.672684e-02;1.256208e-01;8.928080e-02;1.361594e-01;4.570618e-02;3.856242e-02;5.985360e-02;3.858648e-02;9.875772e-02
7.297249e-02;5.220113e-02;1.925866e-01;8.849061e-02;1.266945e-01;1.173739e-01;8.914991e-02;4.492773e-02;4.436032e-02;6.304042e-02;2.571673e-02;8.248566e-02
9.430358e-02;7.877787e-02;1.306786e-01;7.354341e-02;9.948476e-02;1.324420e-01;7.650684e-02;3.892838e-02;5.702422e-02;9.893943e-02;7.266150e-02;4.670941e-02
1.055899e-01;6.246410e-02;1.428714e-01;9.478480e-02;7.166531e-02;9.434602e-02;9.405968e-02;2.912767e-02;5.936381e-02;1.109677e-01;8.723134e-02;4.752834e-02
9.644109e-02;5.653907e-02;1.716631e-01;1.188575e-01;7.055033e-02;5.447326e-02;1.398172e-01;2.230589e-02;4.207811e-02;7.807884e-02;7.550207e-02;7.369351e-02
6.912027e-02;4.965374e-02;1.472080e-01;1.048928e-01;6.998301e-02;6.547946e-02;1.575282e-01;3.440815e-02;5.930217e-02;5.328644e-02;6.430080e-02;1.248369e-01
6.489117e-02;4.262342e-02;1.259919e-01;9.532630e-02;7.641041e-02;8.008116e-02;1.232833e-01;6.705946e-02;5.850088e-02;6.618938e-02;4.582697e-02;1.538156e-01
5.183125e-02;4.323474e-02;1.491133e-01;9.985463e-02;1.122695e-01;9.442310e-02;1.469725e-01;5.692413e-02;5.360791e-02;7.587779e-02;5.066234e-02;6.522882e-02
4.503983e-02;5.390250e-02;1.654141e-01;6.282014e-02;9.079126e-02;7.506754e-02;1.511685e-01;6.292846e-02;7.353730e-02;8.458050e-02;6.323514e-02;7.151469e-02
4.066946e-02;5.819253e-02;1.261850e-01;4.894429e-02;1.050569e-01;6.886748e-02;9.692600e-02;7.898601e-02;9.010302e-02;7.227933e-02;1.244386e-01;8.935140e-02
5.603179e-02;3.888834e-02;1.486059e-01;7.354699e-02;1.043055e-01;6.295512e-02;1.215687e-01;8.754931e-02;7.033064e-02;5.302378e-02;1.374734e-01;4.572045e-02
5.952917e-02;7.190023e-02;1.610610e-01;8.935756e-02;6.722130e-02;6.813294e-02;1.467980e-01;7.299589e-02;6.443981e-02;5.474250e-02;9.411269e-02;4.970891e-02
5.717369e-02;7.824253e-02;1.258603e-01;9.518898e-02;6.140955e-02;6.487364e-02;1.376960e-01;8.254916e-02;7.292148e-02;7.648241e-02;9.158970e-02;5.601254e-02
6.835727e-02;6.232686e-02;1.103292e-01;8.197314e-02;4.546007e-02;8.201584e-02;1.174560e-01;7.779256e-02;5.975153e-02;1.428495e-01;9.532392e-02;5.636419e-02
9.730099e-02;6.052503e-02;1.518517e-01;7.888376e-02;4.114699e-02;9.048252e-02;7.144471e-02;5.043540e-02;8.391143e-02;1.650865e-01;7.070787e-02;3.822312e-02
8.809723e-02;6.292754e-02;2.342254e-01;7.349755e-02;7.476076e-02;8.494926e-02;5.894509e-02;3.200068e-02;5.916608e-02;1.251896e-01;7.760137e-02;2.863947e-02
5.264236e-02;5.018700e-02;3.097457e-01;7.199401e-02;9.721547e-02;6.997924e-02;3.719536e-02;4.434590e-02;4.605694e-02;1.258764e-01;7.071296e-02;2.404869e-02
3.133462e-02;2.999412e-02;2.778255e-01;1.557327e-01;9.583971e-02;5.631415e-02;4.650227e-02;4.833451e-02;4.635668e-02;1.249499e-01;6.481369e-02;2.200207e-02
2.341385e-02;2.245606e-02;2.676851e-01;2.042709e-01;9.813616e-02;5.652036e-02;4.909674e-02;5.099852e-02;5.490024e-02;1.039015e-01;5.881547e-02;9.805000e-03
1.837909e-02;3.553952e-02;2.646271e-01;1.597832e-01;1.472376e-01;5.648090e-02;6.388017e-02;4.477654e-02;5.404219e-02;1.017310e-01;4.652433e-02;6.998362e-03
1.355527e-02;4.415966e-02;2.223658e-01;1.262564e-01;1.977153e-01;8.718560e-02;9.417574e-02;2.617496e-02;3.535615e-02;1.142968e-01;3.009211e-02;8.666135e-03
1.414819e-02;3.113083e-02;2.009989e-01;1.345195e-01;2.467289e-01;9.955619e-02;9.181799e-02;2.435828e-02;4.149625e-02;8.438886e-02;1.397002e-02;1.688606e-02
1.974426e-02;1.652591e-02;1.460515e-01;1.307493e-01;2.737256e-01;1.128527e-01;1.492229e-01;2.313666e-02;4.625542e-02;5.191270e-02;1.779835e-02;1.202462e-02
1.844473e-02;2.337197e-02;1.582344e-01;8.728545e-02;2.700888e-01;1.227868e-01;1.766698e-01;1.383320e-02;6.233163e-02;4.076016e-02;1.774505e-02;8.448167e-03
1.714179e-02;2.214517e-02;2.215537e-01;7.741223e-02;2.383897e-01;1.078309e-01;1.696400e-01;1.859407e-02;7.162722e-02;2.360559e-02;1.565121e-02;1.640837e-02
2.041267e-02;2.250142e-02;3.302283e-01;9.293960e-02;1.643324e-01;7.974469e-02;1.652021e-01;2.516966e-02;3.865222e-02;3.296036e-02;1.733200e-02;1.052452e-02
2.295756e-02;2.483053e-02;5.036075e-01;1.027745e-01;6.311902e-02;6.062711e-02;1.045451e-01;3.120861e-02;2.908984e-02;3.815541e-02;1.373628e-02;5.348459e-03
3.213515e-02;2.178531e-02;5.484710e-01;7.801969e-02;8.152549e-02;6.167441e-02;5.398795e-02;2.718247e-02;4.020584e-02;2.245630e-02;2.160373e-02;1.095267e-02
2.772790e-02;3.265627e-02;5.029036e-01;6.298758e-02;1.228141e-01;6.106111e-02;7.326788e-02;1.534973e-02;4.759477e-02;2.290662e-02;2.149273e-02;9.237659e-03
1.063922e-02;4.164248e-02;4.404662e-01;7.020544e-02;1.716192e-01;7.493465e-02;4.461025e-02;3.006405e-02;5.024353e-02;2.851789e-02;2.211940e-02;1.493767e-02
2.111244e-02;2.660300e-02;3.519882e-01;7.690471e-02;1.453849e-01;1.122533e-01;9.300311e-02;4.560915e-02;3.737646e-02;4.735650e-02;2.179890e-02;2.060924e-02
3.010077e-02;2.278111e-02;2.990613e-01;7.227863e-02;1.380634e-01;1.274997e-01;8.056098e-02;7.126009e-02;6.439015e-02;3.969292e-02;3.549795e-02;1.881305e-02
3.125223e-02;2.958255e-02;2.667199e-01;6.101745e-02;1.930736e-01;9.688763e-02;5.689911e-02;6.971021e-02;9.343040e-02;3.521641e-02;4.611319e-02;2.009721e-02
7.330397e-02;5.264844e-02;2.262480e-01;6.226165e-02;1.409224e-01;6.868350e-02;9.369738e-02;6.680895e-02;8.273347e-02;5.465337e-02;3.387431e-02;4.416462e-02
9.580678e-02;7.168395e-02;2.444997e-01;7.189238e-02;6.618815e-02;6.479868e-02;1.105833e-01;6.458173e-02;7.540326e-02;5.757644e-02;5.003083e-02;2.695483e-02
7.072043e-02;6.702072e-02;3.353985e-01;7.028555e-02;6.884444e-02;5.583622e-02;1.214703e-01;4.414871e-02;6.058042e-02;4.534249e-02;4.346475e-02;1.688752e-02
2.625938e-02;4.127177e-02;5.471027e-01;6.667266e-02;6.145085e-02;3.842696e-02;1.052412e-01;1.904297e-02;3.324111e-02;1.971752e-02;2.579485e-02;1.577791e-02
1.986370e-02;3.210745e-02;7.057290e-01;6.717771e-02;3.670000e-02;1.925238e-02;4.506619e-02;1.254789e-02;1.682738e-02;2.330184e-02;8.920964e-03;1.250549e-02
1.710838e-02;2.807354e-02;6.988195e-01;6.005903e-02;7.656683e-02;3.219731e-02;2.115123e-02;7.994032e-03;5.728802e-03;2.497586e-02;1.653121e-02;1.079430e-02
7.835073e-03;2.049064e-02;5.704084e-01;7.373700e-02;1.513252e-01;5.622565e-02;5.101651e-02;9.042433e-03;9.236827e-03;1.962540e-02;2.095092e-02;1.010600e-02
7.263849e-03;1.175597e-02;4.002337e-01;6.913596e-02;2.402761e-01;9.687639e-02;1.253830e-01;6.334031e-03;7.640987e-03;8.796761e-03;1.320481e-02;1.309849e-02
3.612414e-03;5.718778e-03;3.228410e-01;5.916388e-02;2.836619e-01;1.180050e-01;1.631883e-01;8.055943e-03;1.504445e-02;4.993004e-03;5.538616e-03;1.017676e-02
9.101570e-03;7.451107e-03;3.040679e-01;7.142021e-02;2.901817e-01;1.158076e-01;1.463650e-01;1.274662e-02;1.155409e-02;1.103432e-02;6.653811e-03;1.361612e-02
1.170081e-02;1.054943e-02;4.126022e-01;1.008869e-01;2.141430e-01;7.710571e-02;1.034463e-01;1.475010e-02;1.314705e-02;1.499323e-02;1.338460e-02;1.329073e-02
5.998634e-03;1.201851e-02;5.501296e-01;1.249722e-01;1.165877e-01;1.694907e-02;8.635248e-02;2.384114e-02;1.174534e-02;1.339997e-02;2.716654e-02;1.083884e-02
7.310982e-03;9.502984e-03;6.140113e-01;1.066363e-01;1.106458e-01;3.002886e-02;5.479854e-02;1.749621e-02;7.489074e-03;8.022121e-03;2.906168e-02;4.996097e-03
7.815476e-03;8.976547e-03;6.771955e-01;7.791684e-02;1.123990e-01;3.389463e-02;2.479766e-02;1.217175e-02;9.005827e-03;1.192063e-02;1.874077e-02;5.165235e-03
5.781109e-03;1.361304e-02;7.135127e-01;6.458265e-02;1.028870e-01;3.273254e-02;1.659361e-02;9.402381e-03;9.827266e-03;1.689277e-02;9.745616e-03;4.429332e-03
6.832019e-03;2.218818e-02;7.199881e-01;5.192536e-02;8.841682e-02;3.113544e-02;3.027300e-02;7.552139e-03;7.465548e-03;2.427329e-02;6.626829e-03;3.323259e-03
7.177865e-03;2.549873e-02;7.218418e-01;4.234113e-02;6.961095e-02;3.113794e-02;3.671611e-02;7.830462e-03;1.559596e-02;3.236573e-02;4.961108e-03;4.922320e-03
1.327310e-02;2.832987e-02;7.350321e-01;3.312188e-02;5.003162e-02;1.952553e-02;3.945781e-02;1.521156e-02;1.348948e-02;3.388307e-02;1.121850e-02;7.425556e-03
1.482836e-02;2.650793e-02;7.611328e-01;4.475575e-02;4.485317e-02;1.149932e-02;2.999153e-02;1.097483e-02;1.612739e-02;2.183775e-02;9.193683e-03;8.297552e-03
2.166411e-02;2.063791e-02;7.770121e-01;4.706524e-02;4.122970e-02;1.131734e-02;3.360946e-02;4.559489e-03;1.033713e-02;1.719442e-02;6.805869e-03;8.567257e-03
1.904744e-02;1.192113e-02;7.889959e-01;5.104170e-02;4.168971e-02;1.590718e-02;2.685591e-02;3.404216e-03;1.204358e-02;1.443496e-02;8.225299e-03;6.432917e-03
1.544350e-02;1.723148e-02;8.078113e-01;5.482439e-02;3.154435e-02;1.092208e-02;2.855474e-02;4.185967e-03;8.126297e-03;9.951172e-03;7.134450e-03;4.270211e-03
1.677532e-02;1.931792e-02;8.102716e-01;5.749432e-02;2.787647e-02;8.248564e-03;2.551834e-02;4.755910e-03;9.990966e-03;9.610016e-03;6.084187e-03;4.056370e-03
1.306495e-02;1.206595e-02;7.949103e-01;6.296144e-02;4.437313e-02;1.374703e-02;2.124217e-02;4.238842e-03;9.970341e-03;1.082962e-02;7.707462e-03;4.888783e-03
1.165492e-02;1.428900e-02;7.561309e-01;7.119728e-02;6.026997e-02;1.662600e-02;2.328803e-02;6.922108e-03;1.467903e-02;1.250054e-02;6.367183e-03;6.075053e-03
9.493860e-03;1.166587e-02;7.524686e-01;8.234633e-02;7.058017e-02;1.575441e-02;1.443793e-02;6.043576e-03;1.179341e-02;1.087540e-02;8.102624e-03;6.437760e-03
9.112166e-03;1.210185e-02;6.768907e-01;9.064233e-02;8.219386e-02;1.738754e-02;5.283105e-02;1.007414e-02;1.593564e-02;1.074667e-02;1.643890e-02;5.645191e-03
1.226342e-02;1.346590e-02;5.165651e-01;9.179681e-02;1.340267e-01;4.775407e-02;9.485632e-02;1.446803e-02;2.162603e-02;2.093893e-02;2.668581e-02;5.552789e-03
1.734762e-02;1.113154e-02;3.645478e-01;9.372866e-02;2.075161e-01;9.126576e-02;1.175542e-01;1.554266e-02;2.240581e-02;2.300068e-02;2.812752e-02;7.831608e-03
1.170203e-02;7.761115e-03;2.823590e-01;7.755910e-02;2.417688e-01;1.266668e-01;1.761467e-01;9.592108e-03;2.064976e-02;1.134423e-02;1.847629e-02;1.597399e-02
9.318259e-03;6.443614e-03;2.006045e-01;3.758610e-02;2.378875e-01;1.669661e-01;2.736580e-01;1.000768e-02;1.960844e-02;9.814220e-03;1.069116e-02;1.741431e-02
1.198134e-02;4.669646e-03;1.312942e-01;2.633332e-02;2.090448e-01;1.912864e-01;3.775087e-01;1.033019e-02;1.326714e-02;7.958596e-03;7.183604e-03;9.142056e-03
1.294495e-02;6.479946e-03;1.154982e-01;2.585968e-02;2.347205e-01;2.040848e-01;3.708436e-01;6.350625e-03;7.022101e-03;5.569779e-03;3.867696e-03;6.758082e-03
1.293301e-02;4.942379e-03;8.589663e-02;1.744081e-02;2.147255e-01;2.043048e-01;4.331292e-01;5.868205e-03;4.816234e-03;9.722275e-03;3.364741e-03;2.856221e-03
6.605524e-03;6.497252e-03;3.561727e-02;1.348017e-02;1.532882e-01;1.778512e-01;5.780183e-01;6.094427e-03;4.054489e-03;1.196179e-02;3.102125e-03;3.429207e-03
4.241249e-03;3.835196e-03;8.178027e-03;7.243007e-03;9.124320e-02;1.242503e-01;7.215443e-01;1.520021e-02;7.043988e-03;9.613580e-03;5.448845e-03;2.158089e-03
5.700191e-03;5.497243e-03;8.258866e-03;4.583810e-03;5.082230e-02;7.319649e-02;8.029692e-01;2.529203e-02;1.021360e-02;4.907601e-03;6.555847e-03;2.002800e-03
6.671927e-03;6.315636e-03;7.559608e-03;3.574839e-03;2.249845e-02;4.575484e-02;8.437814e-01;3.458952e-02;1.086217e-02;6.272889e-03;1.047774e-02;1.641052e-03
5.708120e-03;5.701838e-03;1.132653e-02;2.580239e-03;1.199213e-02;3.270479e-02;8.517326e-01;4.651672e-02;1.474721e-02;4.121745e-03;9.746061e-03;3.121962e-03
3.775358e-03;2.717847e-03;1.227757e-02;2.590509e-03;1.573810e-02;3.193442e-02;8.312111e-01;6.509507e-02;1.875352e-02;5.419536e-03;5.546480e-03;4.940547e-03
5.751124e-03;3.503037e-03;1.725488e-02;4.269002e-03;2.290638e-02;3.473491e-02;7.591000e-01;8.844412e-02;3.077942e-02;1.834959e-02;5.493464e-03;9.414026e-03
9.429162e-03;6.949038e-03;1.658749e-02;7.097383e-03;2.111806e-02;2.836137e-02;6.552736e-01;1.267720e-01;5.611283e-02;4.525773e-02;1.199169e-02;1.504968e-02
1.099904e-02;1.047673e-02;2.750703e-02;7.450921e-03;2.253486e-02;1.896256e-02;5.509682e-01;1.649596e-01;1.000058e-01;6.150659e-02;9.781728e-03;1.484699e-02
9.519744e-03;7.237909e-03;2.803934e-02;9.238585e-03;1.502776e-02;1.638003e-02;5.286273e-01;1.602920e-01;1.184594e-01;8.485100e-02;1.144885e-02;1.087801e-02
1.097965e-02;8.321268e-03;2.425237e-02;1.396043e-02;1.401397e-02;1.459349e-02;4.860879e-01;1.388005e-01;1.542073e-01;1.116932e-01;1.349117e-02;9.598893e-03
1.122876e-02;7.540220e-03;3.066149e-02;1.289717e-02;7.230516e-03;1.023802e-02;4.229065e-01;1.427000e-01;2.009549e-01;1.396107e-01;7.461426e-03;6.570445e-03
9.925232e-03;6.320567e-03;2.528942e-02;6.603091e-03;1.146907e-02;1.799217e-02;2.546862e-01;1.554450e-01;2.490071e-01;2.186986e-01;3.392928e-02;1.063434e-02
1.607235e-02;1.065044e-02;3.229569e-02;1.202488e-02;2.020624e-02;2.525293e-02;3.854766e-01;1.256573e-01;1.540993e-01;1.710883e-01;3.299712e-02;1.417875e-02
1.512117e-02;1.813911e-02;4.679425e-02;1.949706e-02;3.240290e-02;5.495542e-02;5.952299e-01;7.144850e-02;5.931005e-02;5.951491e-02;1.767426e-02;9.912486e-03
1.262573e-02;1.739262e-02;3.146996e-02;1.979781e-02;4.901592e-02;8.007938e-02;6.447371e-01;5.486701e-02;4.500220e-02;1.364912e-02;2.385361e-02;7.509570e-03
1.898604e-02;2.535656e-02;1.470394e-02;9.795500e-03;4.807427e-02;8.772580e-02;5.771836e-01;4.399559e-02;4.955427e-02;3.826838e-02;6.609122e-02;2.026480e-02
1.745437e-02;5.164899e-02;2.223021e-02;2.990597e-03;4.063376e-02;6.697775e-02;5.873494e-01;3.075948e-02;3.506766e-02;3.736170e-02;7.789533e-02;2.963082e-02
1.174769e-02;6.806359e-02;2.493585e-02;4.167786e-03;4.591893e-02;5.237482e-02;6.548564e-01;2.555195e-02;1.692822e-02;2.157544e-02;5.323320e-02;2.064619e-02
7.572359e-03;5.882149e-02;1.665937e-02;5.836963e-03;6.867939e-02;4.882494e-02;7.059274e-01;2.521885e-02;1.653859e-02;1.598722e-02;2.446585e-02;5.467564e-03
5.387907e-03;4.096966e-02;9.570572e-03;4.089831e-03;6.468751e-02;4.629616e-02;7.574171e-01;2.897516e-02;1.646321e-02;7.746906e-03;1.591647e-02;2.479576e-03
3.984406e-03;3.075673e-02;1.024467e-02;2.755510e-03;5.593011e-02;5.579745e-02;7.805088e-01;2.929468e-02;1.481632e-02;6.472121e-03;6.102844e-03;3.336350e-03
5.791365e-03;2.610417e-02;9.542061e-03;2.247672e-03;5.742747e-02;7.359715e-02;7.622775e-01;2.831541e-02;1.818894e-02;7.823274e-03;5.693103e-03;2.991857e-03
7.183417e-03;2.362583e-02;5.804569e-03;3.804606e-03;8.024539e-02;1.080631e-01;7.145978e-01;1.602614e-02;1.915665e-02;1.128481e-02;7.291160e-03;2.916577e-03
1.398231e-02;1.553827e-02;2.087672e-02;8.225751e-03;1.322538e-01;1.593495e-01;5.980430e-01;1.007945e-02;1.179896e-02;1.848656e-02;9.132368e-03;2.233189e-03
1.744303e-02;6.905557e-03;2.766634e-02;9.116762e-03;1.658994e-01;1.957687e-01;5.215929e-01;1.037098e-02;9.888425e-03;2.201911e-02;1.038425e-02;2.944487e-03
1.204272e-02;7.723039e-03;2.012013e-02;7.258272e-03;1.654282e-01;2.010930e-01;5.356431e-01;1.141571e-02;1.233554e-02;1.546851e-02;8.186301e-03;3.285447e-03
1.007403e-02;8.762295e-03;1.714018e-02;7.365954e-03;1.752649e-01;1.974657e-01;5.432642e-01;1.230936e-02;9.057119e-03;9.309597e-03;5.711936e-03;4.274627e-03
1.204827e-02;1.188856e-02;4.019257e-02;1.021851e-02;2.079343e-01;1.962958e-01;4.858579e-01;8.242805e-03;1.114412e-02;8.204962e-03;4.001671e-03;3.970529e-03
2.044225e-02;1.535535e-02;6.463391e-02;1.994858e-02;2.504773e-01;1.909378e-01;4.008526e-01;4.095673e-03;1.658913e-02;6.978269e-03;5.832414e-03;3.856736e-03
1.341568e-02;1.568438e-02;1.566854e-01;3.670023e-02;2.345584e-01;1.534069e-01;3.317465e-01;1.309324e-02;1.722411e-02;9.142265e-03;9.409940e-03;8.933025e-03
1.459079e-02;1.997503e-02;2.687875e-01;5.033635e-02;1.815372e-01;1.150244e-01;2.939955e-01;1.551748e-02;1.480009e-02;1.016474e-02;9.567914e-03;5.703108e-03
2.737263e-02;3.327275e-02;3.574242e-01;5.011380e-02;8.832063e-02;8.648521e-02;2.597578e-01;1.849788e-02;1.718783e-02;2.647528e-02;9.051793e-03;2.604027e-02
3.845291e-02;3.369256e-02;3.785382e-01;4.959194e-02;8.763733e-02;6.628638e-02;1.619825e-01;3.389962e-02;2.330829e-02;4.469758e-02;3.289214e-02;4.902058e-02
4.895452e-02;3.827737e-02;3.618447e-01;5.972921e-02;9.172477e-02;4.839876e-02;1.261965e-01;4.942470e-02;4.099081e-02;3.759954e-02;4.483177e-02;5.202726e-02
6.869054e-02;4.748178e-02;3.031221e-01;6.600278e-02;9.982456e-02;6.058862e-02;1.515268e-01;4.442785e-02;4.437945e-02;5.815110e-02;2.714857e-02;2.865590e-02
7.225430e-02;8.359849e-02;2.098223e-01;7.851887e-02;1.381069e-01;9.635743e-02;7.891272e-02;3.283471e-02;3.848838e-02;1.252128e-01;2.301875e-02;2.287436e-02
8.038198e-02;9.565999e-02;1.153941e-01;4.731504e-02;9.029789e-02;7.768260e-02;2.765046e-01;2.408725e-02;2.259979e-02;9.837727e-02;2.928351e-02;4.241598e-02
7.399113e-02;7.085490e-02;1.016641e-01;2.820492e-02;1.072195e-01;8.356351e-02;3.449740e-01;2.060523e-02;2.156579e-02;6.849241e-02;2.460616e-02;5.425831e-02
4.638035e-02;3.623574e-02;1.390495e-01;5.302267e-02;1.593875e-01;9.439180e-02;2.748593e-01;2.899082e-02;3.354133e-02;6.093050e-02;1.671671e-02;5.649372e-02
2.206869e-02;2.260854e-02;2.901360e-01;1.017462e-01;1.606782e-01;7.268787e-02;1.273366e-01;4.194181e-02;3.376752e-02;6.296168e-02;2.339583e-02;4.067113e-02
1.841731e-02;2.993055e-02;4.857636e-01;1.093089e-01;8.922723e-02;3.747576e-02;8.113348e-02;3.323715e-02;2.043100e-02;4.141781e-02;4.261128e-02;1.104589e-02
2.765970e-02;7.023410e-02;6.134962e-01;7.551901e-02;2.563440e-02;1.858673e-02;4.314843e-02;1.611732e-02;2.311310e-02;3.375475e-02;4.023167e-02;1.250453e-02
9.316021e-02;1.171886e-01;4.853542e-01;3.625906e-02;4.119756e-02;2.133686e-02;6.528174e-02;2.601599e-02;3.427889e-02;2.872985e-02;2.832581e-02;2.287119e-02
2.276655e-01;1.159135e-01;3.032087e-01;2.680876e-02;5.998924e-02;2.804879e-02;5.671759e-02;5.202890e-02;2.998064e-02;2.325157e-02;3.267005e-02;4.371675e-02
2.344685e-01;4.546277e-02;3.362486e-01;2.900499e-02;5.967003e-02;2.771264e-02;7.547268e-02;5.561936e-02;2.119879e-02;2.078769e-02;4.217983e-02;5.217403e-02
2.739381e-01;4.592606e-02;9.353489e-02;2.530018e-02;7.479020e-02;3.567554e-02;1.420533e-01;7.830148e-02;2.187658e-02;3.786515e-02;7.914685e-02;9.159157e-02
2.326200e-01;6.938314e-02;1.786933e-01;4.942345e-02;6.107159e-02;2.933931e-02;1.274406e-01;6.661749e-02;2.514432e-02;3.973479e-02;5.422809e-02;6.630391e-02
1.579559e-01;1.342255e-01;2.659065e-01;5.953375e-02;5.679677e-02;2.943223e-02;8.981749e-02;5.306340e-02;6.522182e-02;3.052854e-02;2.903136e-02;2.848673e-02
1.181749e-01;1.632368e-01;2.488058e-01;4.880636e-02;4.362421e-02;4.075496e-02;6.524641e-02;4.107026e-02;1.539066e-01;3.447909e-02;1.847033e-02;2.342438e-02
8.751217e-02;1.768316e-01;1.715442e-01;2.579525e-02;1.970558e-02;4.529393e-02;3.351301e-02;4.017929e-02;3.033013e-01;6.106711e-02;1.551296e-02;1.974359e-02
1.121400e-01;1.655278e-01;7.906266e-02;8.809872e-03;3.480180e-02;4.464881e-02;1.145109e-02;4.720317e-02;3.454277e-01;7.980031e-02;4.686210e-02;2.426469e-02
2.122823e-01;1.206722e-01;5.740563e-02;7.131470e-03;6.258853e-02;2.324515e-02;6.668586e-03;9.658001e-02;2.156082e-01;5.593093e-02;1.271649e-01;1.472210e-02
3.106131e-01;7.711428e-02;4.277760e-02;3.192788e-03;7.585555e-02;4.774048e-03;7.818518e-03;1.241820e-01;1.321496e-01;2.986829e-02;1.821396e-01;9.514619e-03
3.828904e-01;6.348376e-02;4.211848e-02;2.583084e-03;7.184079e-02;1.889324e-03;7.863949e-03;1.334168e-01;8.627854e-02;1.664877e-02;1.775096e-01;1.347641e-02
4.634715e-01;4.592825e-02;4.056096e-02;5.181399e-03;7.255497e-02;4.926310e-03;6.964531e-03;1.433374e-01;4.406220e-02;1.219745e-02;1.413485e-01;1.946646e-02
4.856543e-01;4.208425e-02;4.932363e-02;5.829108e-03;7.956741e-02;5.769336e-03;1.523625e-02;1.524802e-01;2.762623e-02;9.863566e-03;9.782077e-02;2.874495e-02
4.444509e-01;4.604093e-02;6.023074e-02;5.911954e-03;7.887394e-02;7.793267e-03;3.197652e-02;1.685998e-01;3.598770e-02;1.060885e-02;7.182997e-02;3.769550e-02
3.826959e-01;4.362118e-02;6.506194e-02;6.835953e-03;6.497481e-02;1.209187e-02;9.390786e-02;2.065796e-01;3.437778e-02;1.360327e-02;3.735760e-02;3.889214e-02
3.082884e-01;4.778529e-02;7.336301e-02;1.591946e-02;4.220848e-02;2.972186e-02;1.773607e-01;2.020509e-01;2.294852e-02;1.882681e-02;2.124564e-02;4.028091e-02
2.348793e-01;8.695817e-02;9.107534e-02;2.256507e-02;3.022953e-02;4.616081e-02;1.911114e-01;1.544310e-01;3.115274e-02;2.824268e-02;2.899391e-02;5.420000e-02
1.985644e-01;1.128672e-01;1.103835e-01;2.434978e-02;3.815807e-02;4.864720e-02;1.679616e-01;1.000714e-01;4.494733e-02;4.316732e-02;5.187005e-02;5.901225e-02
2.829626e-01;9.585457e-02;9.347709e-02;2.844235e-02;2.650146e-02;4.870447e-02;1.386828e-01;7.895160e-02;5.120723e-02;3.644576e-02;5.518839e-02;6.358175e-02
3.712469e-01;1.457231e-01;7.381698e-02;2.392031e-02;2.184885e-02;3.379663e-02;9.005947e-02;5.040808e-02;3.360807e-02;1.915190e-02;3.163921e-02;1.047806e-01
4.387169e-01;1.251687e-01;4.779070e-02;1.779184e-02;2.107788e-02;1.713201e-02;5.575061e-02;4.298771e-02;2.114243e-02;3.102780e-02;3.092648e-02;1.504869e-01
4.774421e-01;5.054364e-02;3.445168e-02;1.726045e-02;2.192825e-02;1.374206e-02;4.603255e-02;4.613223e-02;2.924317e-02;3.981536e-02;3.373409e-02;1.896745e-01
4.903514e-01;3.200228e-02;3.595668e-02;2.603713e-02;2.091973e-02;2.010635e-02;6.308443e-02;3.579664e-02;3.295223e-02;3.459578e-02;2.865496e-02;1.795425e-01
5.019528e-01;3.397622e-02;5.034003e-02;5.130068e-02;1.757802e-02;2.433764e-02;6.924598e-02;2.706084e-02;2.049252e-02;2.424230e-02;2.446740e-02;1.550055e-01
4.936509e-01;2.764331e-02;4.480918e-02;6.712574e-02;1.110891e-02;2.069651e-02;8.544854e-02;3.539946e-02;1.460711e-02;2.010021e-02;2.591590e-02;1.534942e-01
4.755888e-01;5.099887e-02;5.088818e-02;4.615173e-02;4.362136e-03;1.506567e-02;8.277532e-02;5.297878e-02;1.501110e-02;1.295648e-02;3.202322e-02;1.611997e-01
4.784216e-01;4.333751e-02;4.216265e-02;2.671168e-02;4.795023e-03;1.166671e-02;8.851848e-02;5.131986e-02;1.160747e-02;1.849924e-02;3.711614e-02;1.858436e-01
4.634708e-01;2.616381e-02;3.198510e-02;2.879139e-02;5.260843e-03;1.032700e-02;1.080666e-01;2.436485e-02;1.145221e-02;2.049648e-02;4.923082e-02;2.203901e-01
4.074256e-01;3.252028e-02;3.698088e-02;1.992923e-02;9.172732e-03;1.190696e-02;1.234154e-01;2.628278e-02;9.760387e-03;2.077215e-02;6.841617e-02;2.334175e-01
3.062421e-01;4.184479e-02;4.792185e-02;1.312542e-02;1.521790e-02;1.493502e-02;1.336332e-01;2.600006e-02;1.292184e-02;2.252443e-02;1.011671e-01;2.644664e-01
1.374361e-01;3.472884e-02;3.938157e-02;2.166401e-02;1.657628e-02;3.084204e-02;1.555535e-01;2.267952e-02;1.655033e-02;3.923280e-02;1.594953e-01;3.258597e-01
8.904868e-02;3.080745e-02;1.638228e-02;2.521020e-02;1.378693e-02;3.537831e-02;1.686767e-01;3.195468e-02;1.631980e-02;4.475156e-02;1.777584e-01;3.499250e-01
2.026513e-01;3.264393e-02;3.454923e-02;1.324685e-02;8.105780e-03;2.716431e-02;1.259273e-01;1.499694e-02;1.044022e-02;2.878358e-02;1.415650e-01;3.599255e-01
2.441383e-01;2.464153e-02;2.468373e-02;1.845124e-02;5.969516e-03;2.825519e-02;9.325384e-02;2.403042e-02;1.006742e-02;2.427275e-02;1.290317e-01;3.732044e-01
2.172061e-01;4.106268e-02;2.940919e-02;6.120681e-02;1.676622e-02;3.409104e-02;7.435540e-02;1.989195e-02;1.495425e-02;2.905802e-02;1.457719e-01;3.162265e-01
1.325717e-01;4.203203e-02;6.616438e-02;9.020511e-02;4.113264e-02;4.460928e-02;1.052132e-01;3.616937e-02;2.842212e-02;3.301944e-02;1.496127e-01;2.308480e-01
1.551106e-01;2.932865e-02;6.100427e-02;5.274447e-02;3.667301e-02;4.393104e-02;1.218055e-01;4.082731e-02;4.452842e-02;5.238736e-02;1.655706e-01;1.960888e-01
9.073179e-02;2.050510e-02;6.422986e-02;1.668411e-02;2.498283e-02;4.461559e-02;8.781627e-02;4.262111e-02;6.841698e-02;1.081390e-01;2.426035e-01;1.886538e-01
6.081036e-02;3.861093e-02;9.176179e-02;3.037494e-02;2.928126e-02;5.816872e-02;6.427316e-02;2.303540e-02;5.539976e-02;1.290832e-01;2.505242e-01;1.686762e-01
1.017892e-01;5.863504e-02;9.223171e-02;6.113478e-02;5.877168e-02;5.685774e-02;8.331091e-02;3.370041e-02;3.577965e-02;1.145980e-01;1.919600e-01;1.112310e-01
8.448601e-02;4.806115e-02;1.228060e-01;7.630502e-02;1.229543e-01;6.946637e-02;1.099622e-01;2.909899e-02;3.516325e-02;8.722706e-02;1.563874e-01;5.808215e-02
6.587605e-02;2.230339e-02;1.198788e-01;4.317655e-02;1.422960e-01;1.245168e-01;8.407445e-02;2.041126e-02;4.467480e-02;1.181924e-01;1.669301e-01;4.766934e-02
4.710783e-02;1.747716e-02;1.137216e-01;2.689163e-02;8.630350e-02;1.893118e-01;4.529170e-02;2.148369e-02;3.926629e-02;1.715496e-01;1.870450e-01;5.455016e-02
4.575321e-02;1.625793e-02;7.779014e-02;6.518824e-02;4.514777e-02;2.119268e-01;5.069215e-02;2.695411e-02;3.740215e-02;1.561393e-01;2.026827e-01;6.406550e-02
4.223737e-02;1.536830e-02;5.208600e-02;1.047582e-01;4.499446e-02;1.694576e-01;6.169298e-02;3.408095e-02;4.385608e-02;1.560466e-01;2.044086e-01;7.101292e-02
3.922634e-02;2.136399e-02;4.552078e-02;1.530127e-01;5.489150e-02;1.344068e-01;6.485982e-02;3.630850e-02;3.345801e-02;1.635205e-01;1.942693e-01;5.916185e-02
2.581023e-02;3.175613e-02;4.883934e-02;2.223942e-01;7.586598e-02;9.713048e-02;9.185673e-02;5.322691e-02;3.123612e-02;1.189375e-01;1.623508e-01;4.059556e-02
6.312130e-02;3.471841e-02;5.332038e-02;2.040534e-01;7.372863e-02;9.356802e-02;6.324672e-02;7.388656e-02;2.474601e-02;1.045049e-01;1.600266e-01;5.107917e-02
9.134433e-02;2.076903e-02;6.645783e-02;1.368896e-01;4.621179e-02;9.250275e-02;4.720767e-02;5.578232e-02;1.991425e-02;1.170283e-01;2.216746e-01;8.421756e-02
7.734691e-02;2.482879e-02;6.088811e-02;5.881337e-02;3.032203e-02;1.034714e-01;4.023555e-02;3.365616e-02;2.473902e-02;1.190420e-01;3.035622e-01;1.230944e-01
9.195627e-02;1.534126e-02;5.094419e-02;3.005492e-02;1.921465e-02;1.025065e-01;6.014920e-02;2.470882e-02;1.917898e-02;1.149149e-01;3.286129e-01;1.424175e-01
4.734716e-02;1.998078e-02;5.403897e-02;2.205758e-02;1.203554e-02;1.078501e-01;6.939606e-02;1.945711e-02;2.436568e-02;1.247961e-01;3.486759e-01;1.499991e-01
8.386037e-02;2.727005e-02;6.349117e-02;1.944459e-02;1.480863e-02;1.025292e-01;5.956271e-02;1.919649e-02;3.011074e-02;9.238245e-02;3.293445e-01;1.579991e-01
9.676044e-02;2.557866e-02;5.611268e-02;3.021826e-02;1.671320e-02;1.047969e-01;6.949615e-02;2.119738e-02;3.653446e-02;8.449125e-02;3.009013e-01;1.571993e-01
8.676611e-02;4.087492e-02;4.822156e-02;2.641365e-02;1.791226e-02;1.120097e-01;5.599134e-02;1.483167e-02;3.061365e-02;1.215717e-01;3.113245e-01;1.334690e-01
2.814319e-02;2.908669e-02;5.606104e-02;1.928518e-02;3.533703e-02;9.681246e-02;5.086392e-02;3.271562e-02;2.337565e-02;1.761462e-01;3.478450e-01;1.043280e-01
2.687154e-02;4.601052e-02;5.218399e-02;1.273615e-02;5.858169e-02;7.124934e-02;5.890466e-02;4.321383e-02;2.231818e-02;2.017141e-01;3.308971e-01;7.531893e-02
6.611722e-02;4.985140e-02;5.249435e-02;2.588187e-02;5.818239e-02;8.916055e-02;5.808043e-02;4.928748e-02;2.703512e-02;1.779313e-01;2.827591e-01;6.321880e-02
8.571573e-02;5.762171e-02;1.033906e-01;2.937257e-02;4.450952e-02;7.910981e-02;7.898828e-02;3.973342e-02;2.874464e-02;1.526141e-01;2.445672e-01;5.563252e-02
9.563210e-02;6.428861e-02;1.311782e-01;3.912095e-02;5.750300e-02;7.132616e-02;7.471715e-02;2.687188e-02;3.174075e-02;1.242220e-01;1.976481e-01;8.575112e-02
1.378800e-01;7.275431e-02;1.234036e-01;2.548502e-02;7.924255e-02;7.088345e-02;7.883120e-02;4.245216e-02;4.146871e-02;8.620118e-02;1.372350e-01;1.041628e-01
1.917484e-01;4.333894e-02;1.461356e-01;4.127202e-02;4.436143e-02;5.333902e-02;9.732500e-02;4.153411e-02;9.681551e-02;6.905581e-02;8.361452e-02;9.145972e-02
1.123091e-01;4.265078e-02;1.457497e-01;3.914937e-02;3.239525e-02;9.013371e-02;1.293755e-01;4.257964e-02;1.284691e-01;7.880519e-02;9.517228e-02;6.321033e-02
5.378091e-02;3.951780e-02;8.532592e-02;5.375515e-02;4.736393e-02;1.339807e-01;1.400508e-01;5.879655e-02;9.224786e-02;1.014039e-01;1.071627e-01;8.661377e-02
4.983266e-02;3.341956e-02;1.193964e-01;9.926837e-02;6.325699e-02;1.328638e-01;1.092283e-01;8.153348e-02;4.401430e-02;9.634475e-02;9.254713e-02;7.829428e-02
5.598819e-02;5.174911e-02;1.362946e-01;9.994666e-02;9.909040e-02;1.203310e-01;8.509181e-02;7.287636e-02;8.443971e-02;5.865469e-02;7.943494e-02;5.610251e-02
8.084197e-02;6.960249e-02;1.086500e-01;6.870215e-02;1.202883e-01;8.404223e-02;1.458401e-01;6.114688e-02;7.181595e-02;9.560919e-02;4.471495e-02;4.874566e-02
7.731987e-02;8.641374e-02;1.272446e-01;4.147410e-02;9.081101e-02;7.959390e-02;1.655967e-01;5.395913e-02;7.608372e-02;9.906939e-02;6.175513e-02;4.067865e-02
7.691684e-02;9.405231e-02;7.327000e-02;5.151585e-02;7.817083e-02;8.464053e-02;1.915664e-01;6.825868e-02;7.363764e-02;8.669224e-02;7.927068e-02;4.200798e-02
8.063693e-02;5.370234e-02;9.543104e-02;7.714045e-02;9.822100e-02;9.126595e-02;1.509790e-01;7.789838e-02;6.427474e-02;1.058934e-01;6.237014e-02;4.218656e-02
1.071400e-01;4.470609e-02;1.268388e-01;9.362204e-02;8.767958e-02;8.314404e-02;8.995099e-02;9.567614e-02;7.750558e-02;1.053215e-01;4.525555e-02;4.315969e-02
1.089073e-01;4.745142e-02;1.217772e-01;7.061916e-02;4.052328e-02;1.106330e-01;1.338937e-01;9.502921e-02;6.627920e-02;1.108968e-01;5.861651e-02;3.537313e-02
6.823073e-02;5.539420e-02;1.037681e-01;5.057696e-02;6.041527e-02;1.365667e-01;1.632999e-01;7.595959e-02;5.725358e-02;1.033167e-01;6.251088e-02;6.270733e-02
8.703341e-02;9.919287e-02;8.746491e-02;6.200466e-02;6.819024e-02;1.080084e-01;1.222566e-01;5.712808e-02;7.075745e-02;9.655318e-02;7.506409e-02;6.634621e-02
1.096622e-01;1.170167e-01;1.243061e-01;6.305724e-02;5.546949e-02;7.447419e-02;7.150439e-02;7.260414e-02;7.713818e-02;9.842993e-02;8.867697e-02;4.766045e-02
