1.038919e-01;4.799769e-02;5.622954e-02;5.847655e-02;4.402596e-02;8.870991e-02;1.313245e-01;1.267152e-01;1.108213e-01;9.148882e-02;8.103781e-02;5.928090e-02
1.066696e-01;7.427105e-02;6.269673e-02;5.419458e-02;6.715737e-02;8.200788e-02;1.342483e-01;1.414620e-01;6.544279e-02;7.096763e-02;6.303772e-02;7.784435e-02
8.307653e-02;9.367357e-02;7.305522e-02;6.449068e-02;8.407944e-02;6.775197e-02;1.007293e-01;1.389380e-01;8.116613e-02;7.349961e-02;4.579983e-02;9.373977e-02
6.958269e-02;9.148806e-02;7.679255e-02;4.794296e-02;7.114758e-02;8.112996e-02;8.695941e-02;1.006404e-01;1.308762e-01;7.908855e-02;6.275467e-02;1.015969e-01
7.184848e-02;8.989491e-02;8.521494e-02;6.773058e-02;7.533211e-02;7.593317e-02;8.282217e-02;1.440614e-01;1.046960e-01;8.933996e-02;4.461714e-02;6.850921e-02
2.630005e-02;1.013974e-01;8.088367e-02;1.106480e-01;5.272797e-02;8.138265e-02;1.005024e-01;1.553289e-01;9.992318e-02;1.210280e-01;4.087934e-02;2.899836e-02
6.321354e-02;8.367936e-02;7.075382e-02;8.827387e-02;7.621955e-02;6.603775e-02;1.016600e-01;1.210279e-01;1.380697e-01;9.072120e-02;5.999159e-02;4.035166e-02
9.073099e-02;3.831169e-02;8.276713e-02;6.352619e-02;1.167801e-01;5.845973e-02;1.116421e-01;1.005626e-01;1.474873e-01;8.917484e-02;6.382598e-02;3.673128e-02
1.072942e-01;6.583744e-02;1.196189e-01;5.356232e-02;8.585996e-02;6.521766e-02;1.112607e-01;1.135305e-01;9.482340e-02;8.539521e-02;5.885576e-02;3.874385e-02
9.751497e-02;9.841383e-02;1.558486e-01;5.002752e-02;8.451568e-02;6.731129e-02;1.035256e-01;7.541972e-02;1.057016e-01;6.580789e-02;5.795265e-02;3.796064e-02
7.260219e-02;8.445822e-02;1.401132e-01;5.246747e-02;6.589039e-02;5.671568e-02;1.855453e-01;1.112796e-01;1.048749e-01;6.166741e-02;4.012619e-02;2.425951e-02
8.259124e-02;7.596671e-02;1.118843e-01;4.854556e-02;4.938494e-02;8.116032e-02;1.773145e-01;1.134515e-01;1.155728e-01;8.393529e-02;3.239909e-02;2.779365e-02
7.340015e-02;5.068003e-02;8.193692e-02;3.586661e-02;5.989560e-02;9.870692e-02;1.569879e-01;1.144308e-01;1.460969e-01;1.027887e-01;3.434522e-02;4.486418e-02
4.402651e-02;3.711487e-02;5.672266e-02;2.658031e-02;9.453362e-02;6.019384e-02;1.484833e-01;1.002313e-01;2.228909e-01;9.058652e-02;5.074449e-02;6.789160e-02
2.398079e-02;7.743762e-02;4.718549e-02;6.121340e-02;8.630984e-02;6.528985e-02;1.084130e-01;1.344665e-01;1.849713e-01;5.642650e-02;8.087641e-02;7.342926e-02
2.797894e-02;8.770169e-02;5.569649e-02;1.106152e-01;5.419696e-02;1.136482e-01;8.878848e-02;1.811073e-01;7.647308e-02;4.497168e-02;1.125038e-01;4.631817e-02
4.936568e-02;7.242685e-02;9.123730e-02;1.208633e-01;6.166738e-02;1.261375e-01;1.284664e-01;1.539125e-01;2.247243e-02;5.527899e-02;9.611098e-02;2.206078e-02
5.544258e-02;7.739174e-02;1.265095e-01;1.075614e-01;9.520224e-02;1.233998e-01;1.537664e-01;9.333643e-02;2.729534e-02;5.212922e-02;5.475459e-02;3.321076e-02
4.546132e-02;1.065314e-01;1.342074e-01;7.534700e-02;1.105470e-01;1.311768e-01;1.587229e-01;3.721675e-02;6.539876e-02;3.585534e-02;4.444672e-02;5.508864e-02
4.820871e-02;1.144354e-01;1.834623e-01;7.738765e-02;6.795853e-02;8.382637e-02;1.306182e-01;8.920686e-02;5.367630e-02;4.553293e-02;6.477002e-02;4.091675e-02
5.530317e-02;7.952056e-02;2.786863e-01;6.113967e-02;6.236948e-02;3.967708e-02;1.464200e-01;6.860212e-02;2.868480e-02;4.693386e-02;1.016025e-01;3.106049e-02
4.952130e-02;6.249033e-02;2.933046e-01;4.033993e-02;6.004857e-02;3.077268e-02;1.395772e-01;8.564058e-02;7.120871e-02;2.645110e-02;1.168807e-01;2.376436e-02
4.860444e-02;5.919214e-02;3.184465e-01;6.809630e-02;6.302004e-02;4.061864e-02;8.131921e-02;9.395996e-02;9.442651e-02;1.647846e-02;1.029177e-01;1.292006e-02
1.035147e-01;7.052986e-02;2.839860e-01;1.008133e-01;6.570262e-02;5.564007e-02;7.582849e-02;6.549338e-02;7.830980e-02;4.074913e-02;3.955520e-02;1.987750e-02
1.254442e-01;6.157263e-02;2.068744e-01;1.188658e-01;8.202456e-02;6.285149e-02;8.963954e-02;5.250747e-02;4.705839e-02;5.786295e-02;5.386857e-02;4.143002e-02
9.675419e-02;3.965883e-02;2.168824e-01;1.343213e-01;7.306916e-02;9.314417e-02;9.455427e-02;5.948614e-02;3.164639e-02;5.484639e-02;6.597583e-02;3.966095e-02
4.637393e-02;2.777807e-02;2.622789e-01;1.336897e-01;5.823262e-02;1.178616e-01;9.263638e-02;5.664068e-02;5.088350e-02;5.154120e-02;6.945994e-02;3.262349e-02
5.372788e-02;3.539033e-02;2.675536e-01;1.065119e-01;5.075448e-02;9.698023e-02;1.035000e-01;5.712407e-02;7.458996e-02;6.039644e-02;6.349003e-02;2.998098e-02
4.790311e-02;3.494800e-02;2.907377e-01;7.663812e-02;6.007496e-02;6.551788e-02;1.105125e-01;6.701506e-02;8.308671e-02;7.038558e-02;6.564123e-02;2.753904e-02
2.346282e-02;3.256212e-02;4.024130e-01;5.770979e-02;6.156237e-02;1.074656e-01;8.113157e-02;5.342003e-02;3.907097e-02;6.955614e-02;5.052908e-02;2.111654e-02
5.468144e-02;5.498268e-02;3.568577e-01;6.756274e-02;7.911018e-02;8.606906e-02;9.233390e-02;4.909778e-02;4.106056e-02;5.368030e-02;3.744781e-02;2.711583e-02
1.012549e-01;6.950471e-02;1.555413e-01;8.607781e-02;1.027708e-01;9.204065e-02;9.237777e-02;1.181542e-01;7.482537e-02;4.094306e-02;3.140520e-02;3.510420e-02
9.479663e-02;7.755413e-02;9.492826e-02;1.012678e-01;1.198220e-01;9.992252e-02;6.901927e-02;1.749215e-01;6.049715e-02;3.114745e-02;4.096706e-02;3.515621e-02
5.707964e-02;6.542625e-02;7.196584e-02;1.164196e-01;1.265574e-01;9.644046e-02;3.943616e-02;2.105504e-01;1.088864e-01;3.076744e-02;4.382196e-02;3.264844e-02
2.147173e-02;6.974414e-02;4.725721e-02;1.277672e-01;1.176028e-01;8.668225e-02;2.012554e-02;2.712908e-01;1.443033e-01;2.809501e-02;4.342946e-02;2.223043e-02
1.045589e-02;8.832668e-02;5.169893e-02;1.283878e-01;8.173166e-02;7.005942e-02;2.857537e-02;3.093879e-01;1.302882e-01;2.957153e-02;5.044873e-02;2.106791e-02
7.279241e-03;1.075830e-01;4.351376e-02;1.242743e-01;5.908137e-02;6.382308e-02;3.395611e-02;3.131586e-01;1.166766e-01;3.644047e-02;6.133589e-02;3.287755e-02
8.872212e-03;1.191437e-01;6.241656e-02;1.289487e-01;5.221143e-02;6.662240e-02;3.611954e-02;3.025393e-01;8.988331e-02;3.489649e-02;7.071315e-02;2.763315e-02
5.733097e-03;1.256300e-01;8.334720e-02;1.558039e-01;5.146283e-02;9.856556e-02;3.579674e-02;2.873519e-01;2.975274e-02;2.184197e-02;8.237305e-02;2.234103e-02
1.012556e-02;1.076271e-01;1.187806e-01;1.594557e-01;5.918188e-02;1.317586e-01;5.043028e-02;2.329047e-01;2.197691e-02;1.908669e-02;7.671637e-02;1.195561e-02
1.292299e-02;9.069897e-02;1.857213e-01;1.438333e-01;5.973210e-02;1.430828e-01;6.684177e-02;1.798908e-01;1.954094e-02;2.478502e-02;6.607853e-02;6.871520e-03
2.322375e-02;8.508861e-02;2.548569e-01;1.135061e-01;5.128707e-02;1.277611e-01;7.304078e-02;1.247804e-01;3.935913e-02;3.504727e-02;5.721415e-02;1.483479e-02
2.338540e-02;7.051783e-02;2.782524e-01;7.154085e-02;7.833596e-02;1.045308e-01;6.915820e-02;1.336274e-01;5.483870e-02;2.882157e-02;6.486826e-02;2.212265e-02
1.067638e-02;5.162858e-02;2.674178e-01;9.662566e-02;1.028123e-01;9.388748e-02;5.102527e-02;1.807281e-01;5.013825e-02;2.033860e-02;5.790491e-02;1.681664e-02
8.175844e-03;3.950792e-02;2.699171e-01;1.332699e-01;1.113152e-01;1.025420e-01;3.438666e-02;1.924644e-01;3.548248e-02;2.291459e-02;3.938971e-02;1.063431e-02
8.906700e-03;3.242232e-02;2.692156e-01;1.466888e-01;1.111926e-01;1.006117e-01;4.811573e-02;1.793772e-01;2.469976e-02;2.236569e-02;4.202024e-02;1.438356e-02
2.446480e-02;3.880416e-02;2.179540e-01;1.424001e-01;1.394005e-01;8.376363e-02;6.636886e-02;1.316124e-01;4.794924e-02;3.887630e-02;4.055820e-02;2.784789e-02
3.193552e-02;5.551781e-02;1.358747e-01;1.432081e-01;2.109680e-01;6.445640e-02;7.624563e-02;9.841943e-02;4.350548e-02;4.363424e-02;4.946407e-02;4.677062e-02
5.719101e-02;4.969887e-02;1.168214e-01;1.258628e-01;2.759309e-01;6.154798e-02;4.638522e-02;6.188556e-02;5.970499e-02;2.825852e-02;3.971863e-02;7.699417e-02
1.091879e-01;4.424251e-02;9.282207e-02;7.975940e-02;2.711360e-01;1.122777e-01;5.641299e-02;3.094447e-02;7.678023e-02;2.799040e-02;1.897055e-02;7.947581e-02
1.657783e-01;5.992684e-02;6.497838e-02;5.669111e-02;1.643301e-01;1.720936e-01;1.304940e-01;3.543250e-02;5.027520e-02;3.945876e-02;1.229171e-02;4.824957e-02
1.572863e-01;1.158676e-01;5.957092e-02;4.718215e-02;7.596456e-02;1.406389e-01;2.370404e-01;4.947743e-02;2.711700e-02;4.584399e-02;1.837425e-02;2.563656e-02
9.491903e-02;1.380917e-01;1.503109e-01;3.707373e-02;4.241741e-02;6.953964e-02;2.475470e-01;9.705088e-02;3.324912e-02;4.224507e-02;2.765233e-02;1.990322e-02
4.705594e-02;1.073194e-01;2.534803e-01;4.668326e-02;3.336453e-02;4.884895e-02;1.668052e-01;1.115183e-01;7.482637e-02;4.147823e-02;4.024008e-02;2.837938e-02
3.911043e-02;5.697459e-02;2.676980e-01;9.645186e-02;3.841859e-02;4.204962e-02;8.412085e-02;7.083029e-02;1.489585e-01;5.151165e-02;6.046611e-02;4.340955e-02
3.502561e-02;4.549136e-02;1.945261e-01;1.292959e-01;4.734156e-02;7.469448e-02;6.404729e-02;4.039455e-02;1.791710e-01;7.803275e-02;5.155542e-02;6.042398e-02
2.751254e-02;1.018071e-01;8.789902e-02;1.064465e-01;6.589588e-02;1.246039e-01;7.805353e-02;4.058353e-02;1.519914e-01;1.249435e-01;3.485179e-02;5.541139e-02
4.402618e-02;1.420311e-01;7.812896e-02;6.265961e-02;5.953795e-02;9.474504e-02;8.515872e-02;6.160274e-02;1.105287e-01;1.484979e-01;5.645789e-02;5.662520e-02
5.585346e-02;1.276783e-01;1.185629e-01;3.546519e-02;3.833287e-02;6.840234e-02;1.041976e-01;8.752140e-02;9.117023e-02;1.470184e-01;6.596496e-02;5.983239e-02
5.086891e-02;1.069726e-01;1.709783e-01;2.500201e-02;2.947371e-02;7.135044e-02;9.306786e-02;1.047578e-01;7.798768e-02;1.418853e-01;7.383079e-02;5.382456e-02
4.834022e-02;5.919602e-02;2.027864e-01;4.579137e-02;4.054720e-02;7.458048e-02;1.059643e-01;8.045224e-02;9.856838e-02;1.280294e-01;7.275164e-02;4.299235e-02
4.209227e-02;7.046917e-02;1.957287e-01;5.075643e-02;5.774556e-02;6.509086e-02;1.096492e-01;6.033042e-02;9.804831e-02;1.023546e-01;9.791093e-02;4.982354e-02
3.320472e-02;7.857665e-02;1.602033e-01;2.985529e-02;4.957680e-02;9.830869e-02;1.097760e-01;8.554275e-02;9.478289e-02;1.011123e-01;1.072318e-01;5.182875e-02
2.929987e-02;1.012078e-01;1.124621e-01;6.339497e-02;7.265960e-02;1.129316e-01;9.099612e-02;9.941621e-02;9.840443e-02;8.847811e-02;8.696949e-02;4.377983e-02
3.365807e-02;1.353536e-01;1.228526e-01;8.084477e-02;8.121150e-02;1.018961e-01;6.119054e-02;6.814492e-02;1.365688e-01;9.039702e-02;6.462530e-02;2.325688e-02
3.212124e-02;9.841368e-02;1.120819e-01;4.687246e-02;6.708919e-02;7.487159e-02;6.654476e-02;4.930792e-02;9.919126e-02;2.633441e-01;5.982897e-02;3.033288e-02
3.515735e-02;6.123362e-02;1.132066e-01;4.956541e-02;4.774323e-02;7.085405e-02;7.698421e-02;6.475113e-02;1.074886e-01;3.170462e-01;3.147437e-02;2.449523e-02
4.076781e-02;7.658923e-02;9.771885e-02;6.382045e-02;3.736372e-02;8.065446e-02;1.106251e-01;7.884362e-02;1.071870e-01;2.577716e-01;2.161840e-02;2.703987e-02
5.725869e-02;1.004421e-01;7.062535e-02;5.688437e-02;4.323985e-02;1.364342e-01;1.238972e-01;1.147656e-01;5.903299e-02;1.912459e-01;2.952944e-02;1.664427e-02
8.756063e-02;1.444120e-01;5.467904e-02;4.023531e-02;7.823680e-02;1.712157e-01;8.827119e-02;8.641919e-02;3.759739e-02;1.469266e-01;3.586259e-02;2.858354e-02
9.898760e-02;1.427028e-01;1.544977e-01;2.869013e-02;9.784185e-02;1.005448e-01;1.145363e-01;5.468426e-02;4.426377e-02;8.593287e-02;2.557999e-02;5.173786e-02
1.212239e-01;9.123901e-02;2.728143e-01;4.416977e-02;7.126503e-02;5.261508e-02;1.119206e-01;5.406109e-02;4.686679e-02;5.307633e-02;2.944450e-02;5.130360e-02
1.294339e-01;9.981596e-02;2.761408e-01;5.604065e-02;5.764272e-02;5.330843e-02;9.632140e-02;5.367064e-02;5.318119e-02;4.912634e-02;2.997923e-02;4.533883e-02
1.351941e-01;8.641139e-02;2.450834e-01;9.919646e-02;5.832047e-02;4.534865e-02;6.476113e-02;5.347111e-02;5.973345e-02;5.185808e-02;4.518238e-02;5.543936e-02
1.062557e-01;8.219548e-02;1.759796e-01;1.789846e-01;5.993048e-02;3.845625e-02;3.753524e-02;5.115694e-02;5.694211e-02;8.137372e-02;5.921772e-02;7.197229e-02
6.221805e-02;7.245006e-02;1.317848e-01;1.940764e-01;9.172115e-02;4.824539e-02;4.783501e-02;5.292851e-02;5.782643e-02;1.068300e-01;6.843964e-02;6.564461e-02
5.703425e-02;4.481589e-02;1.242764e-01;1.329039e-01;8.466808e-02;5.053301e-02;5.373817e-02;9.578331e-02;1.331654e-01;1.274510e-01;4.533379e-02;5.029675e-02
4.537724e-02;2.299567e-02;1.234779e-01;1.023289e-01;6.950583e-02;6.207009e-02;6.375087e-02;1.133916e-01;1.380448e-01;1.636696e-01;3.509091e-02;6.029647e-02
6.142446e-02;3.235903e-02;1.060153e-01;7.819864e-02;6.378007e-02;5.866842e-02;6.924330e-02;8.968361e-02;1.350162e-01;2.077402e-01;4.219278e-02;5.567794e-02
3.871233e-02;3.730282e-02;7.530061e-02;4.554215e-02;4.110650e-02;6.515719e-02;8.036996e-02;6.634948e-02;1.829103e-01;2.674261e-01;5.998950e-02;3.983302e-02
1.938542e-02;4.538435e-02;5.529852e-02;5.731829e-02;3.991530e-02;5.025163e-02;8.552588e-02;1.207330e-01;2.131089e-01;2.224853e-01;5.342059e-02;3.717291e-02
4.964995e-02;3.604201e-02;1.936823e-01;6.768159e-02;6.115634e-02;6.207770e-02;1.452375e-01;5.704777e-02;1.221282e-01;1.273223e-01;3.779225e-02;4.018211e-02
6.705306e-02;6.425646e-02;3.076656e-01;6.711444e-02;8.895161e-02;5.870894e-02;1.534535e-01;2.958873e-02;5.232494e-02;6.350764e-02;2.535048e-02;2.202460e-02
5.959109e-02;9.277906e-02;3.569131e-01;6.515680e-02;9.222370e-02;4.970058e-02;1.130936e-01;2.269284e-02;5.043003e-02;5.101196e-02;1.678751e-02;2.961960e-02
5.409808e-02;1.348481e-01;3.758271e-01;5.883760e-02;7.601690e-02;3.966806e-02;5.660415e-02;1.910632e-02;7.956202e-02;4.367727e-02;1.631750e-02;4.543684e-02
1.270865e-01;1.931427e-01;2.596852e-01;4.952990e-02;5.735452e-02;3.452786e-02;2.881597e-02;2.343676e-02;1.188210e-01;3.874217e-02;2.008070e-02;4.877685e-02
2.315677e-01;1.796316e-01;2.092880e-01;2.916631e-02;7.801000e-02;2.360512e-02;4.297817e-02;4.616241e-02;7.365271e-02;2.877029e-02;3.093959e-02;2.622803e-02
2.662183e-01;1.848127e-01;2.124228e-01;1.271294e-02;1.010333e-01;1.579472e-02;4.061866e-02;5.215671e-02;3.427545e-02;1.696177e-02;3.593295e-02;2.705969e-02
1.605449e-01;2.265671e-01;2.491006e-01;1.629562e-02;7.654351e-02;5.369046e-02;3.204589e-02;4.038186e-02;7.700977e-02;2.007947e-02;2.567630e-02;2.206458e-02
4.236820e-02;1.854823e-01;3.778756e-01;3.291202e-02;3.167064e-02;8.303133e-02;3.707088e-02;2.002761e-02;1.049493e-01;5.651527e-02;1.446834e-02;1.362857e-02
1.597251e-02;9.645111e-02;4.558060e-01;6.072528e-02;2.496434e-02;5.290740e-02;5.849999e-02;2.376405e-02;5.699832e-02;1.243534e-01;2.100659e-02;8.551028e-03
1.691402e-02;6.215948e-02;4.530921e-01;7.703508e-02;3.006185e-02;2.236222e-02;7.256876e-02;2.239930e-02;1.866242e-02;1.914375e-01;2.531928e-02;7.988016e-03
1.536794e-02;4.349071e-02;4.484903e-01;5.516247e-02;2.544353e-02;1.113145e-02;6.517204e-02;1.634637e-02;1.380122e-02;2.822888e-01;1.791099e-02;5.394278e-03
1.090173e-02;2.991277e-02;4.174166e-01;1.987565e-02;1.807280e-02;8.171315e-03;4.590144e-02;1.156260e-02;2.049579e-02;4.010547e-01;1.040466e-02;6.229876e-03
1.100305e-02;3.458770e-02;3.514787e-01;1.668180e-02;1.561327e-02;8.876937e-03;2.766149e-02;1.400707e-02;4.867301e-02;4.481792e-01;1.628996e-02;6.947811e-03
1.447280e-02;6.928500e-02;3.111081e-01;1.166452e-02;1.382043e-02;9.623945e-03;2.126300e-02;1.299153e-02;1.137648e-01;3.997748e-01;8.763834e-03;1.346741e-02
2.323622e-02;1.239696e-01;2.423539e-01;1.094855e-02;9.791813e-03;2.782267e-02;1.586034e-02;1.690929e-02;2.539367e-01;2.310418e-01;1.371482e-02;3.041426e-02
3.952761e-02;1.767709e-01;1.548978e-01;1.295359e-02;5.468840e-03;4.865214e-02;9.253128e-03;2.562252e-02;3.847777e-01;9.079049e-02;1.165995e-02;3.962532e-02
8.557852e-02;1.876288e-01;8.726369e-02;1.852163e-02;1.673843e-02;5.118680e-02;1.985190e-02;6.343043e-02;3.894164e-01;4.080302e-02;7.826354e-03;3.175399e-02
1.180885e-01;1.605144e-01;9.805539e-02;2.393534e-02;3.671128e-02;3.898982e-02;4.390110e-02;1.057423e-01;3.016521e-01;3.073519e-02;1.873904e-02;2.293560e-02
1.051571e-01;1.300499e-01;1.171266e-01;3.635384e-02;4.958846e-02;2.742975e-02;6.823444e-02;1.220426e-01;2.215910e-01;6.062051e-02;2.768429e-02;3.412151e-02
5.200933e-02;1.247171e-01;1.388055e-01;5.329885e-02;4.427811e-02;2.830240e-02;8.462666e-02;8.349538e-02;1.788463e-01;1.106317e-01;3.694297e-02;6.404560e-02
3.440916e-02;1.555175e-01;1.428410e-01;3.581506e-02;2.640845e-02;2.361409e-02;6.584574e-02;6.392542e-02;2.069815e-01;1.453364e-01;3.555178e-02;6.375387e-02
5.421661e-02;1.074743e-01;1.396675e-01;2.937547e-02;2.724998e-02;3.250111e-02;4.479792e-02;1.028227e-01;1.683912e-01;2.113242e-01;3.447280e-02;4.770624e-02
4.641511e-02;4.567122e-02;1.200927e-01;4.904228e-02;3.936756e-02;5.983455e-02;8.422165e-02;7.969857e-02;1.342615e-01;2.496406e-01;4.901284e-02;4.274141e-02
8.405669e-02;3.847256e-02;1.316038e-01;5.256615e-02;4.717574e-02;6.241436e-02;8.446786e-02;4.420223e-02;1.796231e-01;1.853721e-01;4.567266e-02;4.437275e-02
7.109912e-02;7.839566e-02;1.567439e-01;3.493372e-02;4.443508e-02;4.115567e-02;5.116456e-02;6.379548e-02;2.305963e-01;1.284925e-01;4.014190e-02;5.904605e-02
6.240544e-02;7.430852e-02;1.241376e-01;2.761952e-02;4.382212e-02;3.297731e-02;6.983632e-02;8.843659e-02;2.393124e-01;1.017804e-01;6.586871e-02;6.949508e-02
8.118053e-02;8.089341e-02;1.157971e-01;5.595066e-02;4.668949e-02;7.800052e-02;1.445079e-01;1.001349e-01;1.302529e-01;6.391917e-02;6.473099e-02;3.794243e-02
7.222439e-02;5.940949e-02;1.367199e-01;5.688566e-02;4.015762e-02;1.316660e-01;1.781107e-01;8.589622e-02;1.020095e-01;3.923083e-02;6.970072e-02;2.798893e-02
5.318554e-02;4.147747e-02;1.183852e-01;4.976036e-02;3.917879e-02;2.099014e-01;1.744556e-01;8.156524e-02;9.202819e-02;3.746306e-02;8.596973e-02;1.662952e-02
2.430293e-02;4.966528e-02;6.088722e-02;4.479101e-02;1.133964e-01;2.233711e-01;9.640373e-02;1.187240e-01;7.582516e-02;9.158923e-02;8.182796e-02;1.921595e-02
1.987394e-02;6.363527e-02;3.799807e-02;8.375014e-02;1.943907e-01;1.292273e-01;4.710729e-02;1.577439e-01;5.889319e-02;1.383775e-01;4.720752e-02;2.179525e-02
3.327571e-02;5.596915e-02;9.625300e-02;1.420356e-01;1.796924e-01;4.800145e-02;7.503603e-02;1.155291e-01;8.936339e-02;1.252830e-01;2.237793e-02;1.718326e-02
4.261134e-02;3.217583e-02;1.882314e-01;1.578265e-01;9.714358e-02;4.176669e-02;1.109036e-01;7.816696e-02;1.482092e-01;7.458735e-02;1.444540e-02;1.393217e-02
3.965355e-02;5.961628e-02;2.419356e-01;9.332829e-02;3.135227e-02;4.811418e-02;1.444860e-01;1.182054e-01;1.374896e-01;4.419399e-02;1.301335e-02;2.861141e-02
1.959708e-02;9.393059e-02;2.153825e-01;2.492483e-02;3.090860e-02;5.905026e-02;1.980176e-01;1.603246e-01;9.200504e-02;4.278359e-02;2.847885e-02;3.459636e-02
7.269051e-02;1.310005e-01;1.557883e-01;3.328820e-02;3.426317e-02;5.952422e-02;2.021741e-01;1.250406e-01;8.745512e-02;4.213750e-02;3.638428e-02;2.025357e-02
1.147173e-01;1.332116e-01;1.122367e-01;4.253577e-02;7.025949e-02;5.044809e-02;1.935632e-01;1.017217e-01;8.489574e-02;4.326532e-02;3.619877e-02;1.694630e-02
1.661514e-01;9.462421e-02;8.110011e-02;2.805929e-02;1.098797e-01;6.734363e-02;1.742079e-01;1.018989e-01;5.739519e-02;7.308355e-02;2.431232e-02;2.194385e-02
1.934022e-01;4.841038e-02;1.046922e-01;5.275430e-02;1.263480e-01;7.139393e-02;1.104929e-01;1.038021e-01;4.691909e-02;8.973975e-02;2.257183e-02;2.947341e-02
1.978925e-01;7.445328e-02;7.624200e-02;7.419952e-02;9.596242e-02;7.162231e-02;1.214590e-01;1.200412e-01;3.353285e-02;7.248498e-02;2.827889e-02;3.383110e-02
2.015895e-01;9.743330e-02;7.333717e-02;7.052197e-02;7.613594e-02;6.648363e-02;1.734102e-01;8.443785e-02;3.014731e-02;6.638183e-02;2.093004e-02;3.919123e-02
2.015352e-01;1.391433e-01;5.750843e-02;4.474351e-02;6.534411e-02;6.754420e-02;2.328770e-01;4.263853e-02;3.505796e-02;5.626743e-02;1.845919e-02;3.888115e-02
1.669310e-01;1.497236e-01;5.316113e-02;2.986497e-02;4.385284e-02;6.638394e-02;2.871499e-01;3.682237e-02;3.486023e-02;4.061322e-02;2.867164e-02;6.196511e-02
1.468628e-01;1.245136e-01;7.010830e-02;4.169398e-02;3.935684e-02;7.772575e-02;2.766889e-01;3.194527e-02;3.230803e-02;2.924178e-02;2.799400e-02;1.015607e-01
2.020642e-01;9.832861e-02;5.020539e-02;4.025542e-02;5.131311e-02;9.884430e-02;2.451020e-01;3.279344e-02;2.573189e-02;3.362652e-02;2.942717e-02;9.230794e-02
2.494672e-01;7.946831e-02;6.408761e-02;2.823033e-02;7.395228e-02;1.025470e-01;2.063677e-01;3.002566e-02;4.154164e-02;2.839086e-02;3.114642e-02;6.477501e-02
2.151286e-01;5.798770e-02;7.452924e-02;4.229621e-02;1.059320e-01;9.688355e-02;1.633726e-01;3.141520e-02;6.366613e-02;1.920056e-02;2.613687e-02;1.034513e-01
1.921075e-01;6.089579e-02;9.425315e-02;7.304320e-02;1.076980e-01;7.198983e-02;9.991448e-02;4.773678e-02;5.897970e-02;3.058593e-02;4.000328e-02;1.227924e-01
1.426601e-01;5.779197e-02;1.768035e-01;1.039716e-01;8.269982e-02;6.969764e-02;9.400366e-02;6.372801e-02;3.737804e-02;3.641711e-02;5.025068e-02;8.459786e-02
1.114446e-01;5.713541e-02;2.730421e-01;9.004939e-02;5.159884e-02;7.007260e-02;1.287371e-01;4.503300e-02;2.849393e-02;4.473470e-02;3.903912e-02;6.061922e-02
7.874715e-02;1.099280e-01;3.231483e-01;5.687996e-02;3.547155e-02;9.109495e-02;1.154439e-01;2.973644e-02;2.702619e-02;5.313571e-02;3.319215e-02;4.619567e-02
1.311533e-01;1.535832e-01;2.662377e-01;3.549413e-02;3.040363e-02;1.146642e-01;7.712056e-02;3.508481e-02;3.726640e-02;4.553756e-02;2.938090e-02;4.407349e-02
2.131968e-01;2.034542e-01;1.699673e-01;3.618845e-02;4.073567e-02;9.896844e-02;5.554035e-02;3.647714e-02;4.451838e-02;4.347801e-02;2.821439e-02;2.926091e-02
2.721774e-01;2.098621e-01;1.024847e-01;2.649386e-02;5.617578e-02;7.872585e-02;6.472214e-02;4.071240e-02;4.187496e-02;3.397943e-02;3.193480e-02;4.085657e-02
3.231029e-01;2.000630e-01;1.015489e-01;3.590692e-02;4.789991e-02;5.530468e-02;5.924766e-02;4.577537e-02;3.284171e-02;2.783056e-02;2.289577e-02;4.758258e-02
3.275662e-01;1.903460e-01;7.552648e-02;5.555036e-02;4.222625e-02;5.543719e-02;8.108316e-02;4.585649e-02;2.661872e-02;3.003394e-02;1.654404e-02;5.321120e-02
2.795014e-01;1.666938e-01;6.593959e-02;7.715429e-02;6.164327e-02;5.643782e-02;1.012659e-01;3.148907e-02;3.438889e-02;4.414024e-02;2.529578e-02;5.604993e-02
1.577782e-01;1.223875e-01;9.818154e-02;9.873547e-02;6.991591e-02;5.657759e-02;1.417766e-01;3.196071e-02;4.530625e-02;5.911887e-02;3.942454e-02;7.883681e-02
1.189944e-01;7.116207e-02;1.411747e-01;1.050710e-01;6.735007e-02;5.629618e-02;1.643606e-01;5.244362e-02;3.598912e-02;5.821553e-02;4.212168e-02;8.682098e-02
1.737823e-01;1.002494e-01;1.023567e-01;9.697346e-02;7.602146e-02;5.427567e-02;1.552888e-01;5.807295e-02;3.921031e-02;4.866121e-02;3.572556e-02;5.938208e-02
1.394868e-01;1.317088e-01;8.857902e-02;9.656689e-02;8.530528e-02;4.702688e-02;1.695262e-01;6.979407e-02;3.124919e-02;5.017725e-02;4.232362e-02;4.825601e-02
1.651944e-01;1.030055e-01;1.709585e-01;7.128329e-02;7.597284e-02;5.663032e-02;1.350461e-01;6.714635e-02;2.340053e-02;4.015150e-02;5.204540e-02;3.916532e-02
