1.349756e-01;1.424391e-01;4.062718e-02;4.912332e-02;4.672459e-02;6.310356e-02;1.532712e-01;1.739911e-01;2.421212e-02;1.869371e-02;1.191487e-01;3.368988e-02
1.399931e-01;2.125287e-01;4.601400e-02;5.366264e-02;5.374670e-02;4.851947e-02;1.359978e-01;1.398979e-01;1.775619e-02;2.652295e-02;1.076615e-01;1.769915e-02
1.695010e-01;3.114055e-01;4.423082e-02;3.927031e-02;4.080230e-02;5.886534e-02;8.430071e-02;9.480251e-02;2.994925e-02;2.372211e-02;8.547939e-02;1.767076e-02
1.870156e-01;4.537827e-01;4.355606e-02;2.021116e-02;2.434101e-02;7.701844e-02;4.517127e-02;3.849112e-02;4.032092e-02;2.125748e-02;3.816373e-02;1.067041e-02
2.317954e-01;4.851266e-01;3.743751e-02;8.935307e-03;1.351611e-02;7.713749e-02;4.359321e-02;2.489820e-02;3.911072e-02;1.580137e-02;1.546924e-02;7.178796e-03
3.441636e-01;4.063200e-01;2.681289e-02;3.722868e-03;1.178032e-02;5.398265e-02;4.752517e-02;3.802965e-02;2.713444e-02;9.402031e-03;2.502418e-02;6.102210e-03
3.947055e-01;2.904476e-01;2.074767e-02;4.302924e-03;1.925260e-02;2.543584e-02;5.908176e-02;4.932346e-02;1.650109e-02;1.444524e-02;9.196047e-02;1.379598e-02
3.455441e-01;1.302073e-01;2.093854e-02;7.190044e-03;2.154253e-02;3.309612e-02;9.380014e-02;5.744460e-02;1.796844e-02;4.016109e-02;2.070311e-01;2.507596e-02
2.785137e-01;1.292716e-01;1.904067e-02;1.193219e-02;2.546421e-02;3.512258e-02;1.432274e-01;4.423705e-02;2.405618e-02;6.650311e-02;2.050537e-01;1.757752e-02
2.761151e-01;1.496760e-01;2.353370e-02;3.127373e-02;2.815928e-02;4.408974e-02;2.342653e-01;4.846248e-02;3.201110e-02;7.899253e-02;3.301264e-02;2.040839e-02
2.209412e-01;1.163960e-01;1.392872e-02;3.420498e-02;2.159556e-02;4.078347e-02;2.368597e-01;8.654339e-02;3.965833e-02;6.652895e-02;1.024688e-01;2.009086e-02
1.865010e-01;1.218131e-01;1.826496e-02;2.148327e-02;2.757422e-02;2.925877e-02;2.015903e-01;7.765927e-02;3.720421e-02;7.261637e-02;1.773519e-01;2.868256e-02
1.476061e-01;9.558039e-02;2.111456e-02;3.261900e-02;3.452444e-02;2.682355e-02;2.266353e-01;1.205918e-01;4.099571e-02;9.015484e-02;1.264591e-01;3.689530e-02
8.107179e-02;7.696559e-02;2.075406e-02;2.683726e-02;2.351090e-02;2.703134e-02;2.854609e-01;1.485672e-01;4.967861e-02;1.082284e-01;1.215612e-01;3.033265e-02
1.314779e-01;8.135038e-02;1.449027e-02;8.629550e-03;2.137795e-02;2.666939e-02;2.607112e-01;8.538593e-02;4.247714e-02;1.252567e-01;1.752150e-01;2.695859e-02
1.271234e-01;4.959527e-02;1.154583e-02;1.603566e-02;2.787932e-02;2.680099e-02;2.189960e-01;3.682157e-02;2.754491e-02;1.517351e-01;2.866772e-01;1.924472e-02
1.581675e-01;6.011561e-02;1.880590e-02;1.533097e-02;1.982831e-02;2.860827e-02;1.337906e-01;4.207973e-02;2.935358e-02;1.135781e-01;3.513326e-01;2.900871e-02
2.148261e-01;1.003438e-01;2.482966e-02;1.751351e-02;1.895163e-02;3.810564e-02;9.547021e-02;5.626759e-02;1.646896e-02;5.926589e-02;3.163977e-01;4.155937e-02
3.237692e-01;1.387222e-01;2.347171e-02;1.784854e-02;2.040074e-02;3.198858e-02;7.823984e-02;7.582301e-02;1.383376e-02;3.351929e-02;1.920327e-01;5.035054e-02
4.323124e-01;2.191006e-01;1.988902e-02;1.375331e-02;1.717128e-02;1.989600e-02;4.560569e-02;8.743242e-02;1.217403e-02;1.488205e-02;7.571802e-02;4.206511e-02
5.242289e-01;2.746553e-01;1.463833e-02;6.344594e-03;1.800245e-02;7.115667e-03;1.119788e-02;9.690958e-02;7.474396e-03;4.267484e-03;1.869136e-02;1.647405e-02
5.845336e-01;2.104783e-01;7.536536e-03;6.523859e-03;1.492479e-02;4.183046e-03;2.248189e-02;1.011520e-01;3.924465e-03;2.914394e-03;2.443632e-02;1.691083e-02
5.853943e-01;1.157726e-01;3.905540e-03;9.534816e-03;1.165488e-02;7.918140e-03;4.669335e-02;1.047691e-01;4.625363e-03;5.196787e-03;5.220759e-02;5.232763e-02
4.472522e-01;6.206690e-02;4.885169e-03;2.032057e-02;6.292839e-03;1.491235e-02;8.527523e-02;1.048394e-01;7.951101e-03;1.394619e-02;8.920816e-02;1.430500e-01
2.603613e-01;6.047634e-02;4.554169e-03;3.349680e-02;3.301112e-03;1.495806e-02;1.200618e-01;7.935281e-02;6.758817e-03;1.830787e-02;1.543953e-01;2.439756e-01
2.237782e-01;3.498776e-02;5.643920e-03;2.774374e-02;6.294920e-03;1.344405e-02;1.033810e-01;5.009264e-02;4.074339e-03;1.941885e-02;2.958389e-01;2.153018e-01
1.902966e-01;1.818454e-02;1.000802e-02;1.565547e-02;1.169450e-02;2.344924e-02;6.012688e-02;3.696989e-02;1.195287e-02;2.210469e-02;4.845789e-01;1.149785e-01
1.685452e-01;2.202172e-02;1.703810e-02;1.365675e-02;1.408290e-02;3.927421e-02;5.794460e-02;6.114642e-02;1.472436e-02;2.869947e-02;5.205112e-01;4.235509e-02
2.110281e-01;4.227275e-02;1.924410e-02;1.879324e-02;1.550798e-02;5.663383e-02;8.926243e-02;1.055909e-01;1.292563e-02;4.074023e-02;3.406528e-01;4.734792e-02
2.546189e-01;7.878592e-02;1.190237e-02;2.332622e-02;4.474254e-02;5.805511e-02;1.138864e-01;1.315923e-01;2.643530e-02;8.210959e-02;1.326300e-01;4.191543e-02
1.539780e-01;3.489777e-02;9.639876e-03;1.391031e-02;4.803845e-02;5.316608e-02;1.676189e-01;8.505059e-02;4.033066e-02;1.180583e-01;2.323629e-01;4.294811e-02
1.379799e-01;4.325408e-02;1.185086e-02;1.916130e-02;2.697405e-02;4.635403e-02;2.133342e-01;8.561268e-02;5.083572e-02;1.108861e-01;1.971115e-01;5.664559e-02
1.426209e-01;3.467501e-02;1.118349e-02;1.431189e-02;1.769984e-02;3.340474e-02;2.433400e-01;1.530379e-01;3.329197e-02;6.397671e-02;1.885649e-01;6.389269e-02
9.997605e-02;6.770692e-02;1.420419e-02;5.093329e-03;1.643340e-02;3.426321e-02;3.498544e-01;2.202549e-01;2.312247e-02;3.175431e-02;8.179928e-02;5.553754e-02
5.833038e-02;6.559343e-02;3.010804e-02;1.130527e-02;2.097803e-02;4.711777e-02;3.502991e-01;2.454815e-01;1.865056e-02;2.372148e-02;9.984901e-02;2.856543e-02
8.017395e-02;5.573047e-02;3.131865e-02;3.244352e-02;3.513355e-02;8.708090e-02;1.966680e-01;1.537464e-01;2.316887e-02;3.244481e-02;2.596955e-01;1.239546e-02
4.837112e-02;6.215768e-02;2.265986e-02;3.446409e-02;3.219972e-02;1.046569e-01;9.247990e-02;8.574893e-02;2.358199e-02;6.033587e-02;4.231978e-01;1.014607e-02
3.310970e-02;4.221391e-02;2.222953e-02;2.151126e-02;2.733155e-02;1.094886e-01;5.781070e-02;6.076399e-02;1.749892e-02;6.492137e-02;5.309820e-01;1.213839e-02
4.606749e-02;2.456070e-02;3.024414e-02;1.146610e-02;2.052826e-02;1.370237e-01;3.925108e-02;3.501180e-02;1.493441e-02;4.431472e-02;5.818117e-01;1.478585e-02
8.894169e-02;1.981707e-02;3.530006e-02;8.416642e-03;2.298675e-02;1.243160e-01;6.329484e-02;2.092821e-02;1.698289e-02;2.275090e-02;5.574027e-01;1.886220e-02
1.259072e-01;3.485631e-02;1.970542e-02;2.123091e-02;2.885699e-02;5.759769e-02;1.553219e-01;2.668981e-02;1.106173e-02;1.748386e-02;4.636295e-01;3.765872e-02
1.957069e-01;6.247202e-02;5.893515e-03;4.442907e-02;1.704154e-02;1.735447e-02;2.563572e-01;2.372820e-02;4.949551e-03;9.519421e-03;3.062584e-01;5.628964e-02
2.742498e-01;6.081354e-02;6.432401e-03;6.089670e-02;8.384223e-03;2.968884e-02;2.484458e-01;3.382507e-02;5.457593e-03;1.332045e-02;2.072720e-01;5.121356e-02
3.982420e-01;5.380660e-02;6.202309e-03;5.177726e-02;4.638871e-03;5.418267e-02;1.579912e-01;5.343251e-02;9.179430e-03;1.637333e-02;1.570740e-01;3.709975e-02
4.968284e-01;6.304882e-02;7.758850e-03;2.097282e-02;6.010647e-03;6.163774e-02;6.521538e-02;7.192232e-02;1.086537e-02;1.300827e-02;1.537944e-01;2.893701e-02
3.685452e-01;6.107319e-02;7.180691e-03;1.188409e-02;4.801565e-03;4.931597e-02;4.700591e-02;7.702897e-02;1.045105e-02;1.725243e-02;3.257329e-01;1.972804e-02
2.030732e-01;4.846631e-02;6.853223e-03;1.503965e-02;1.065773e-02;5.132169e-02;6.844659e-02;9.070070e-02;1.360436e-02;2.626900e-02;4.508772e-01;1.469019e-02
1.632873e-01;6.054198e-02;1.081241e-02;1.279681e-02;2.269043e-02;8.259601e-02;1.116439e-01;1.079331e-01;1.678353e-02;3.727622e-02;3.522078e-01;2.143038e-02
3.599536e-01;5.618782e-02;1.546693e-02;2.297336e-02;1.975407e-02;7.990079e-02;9.294395e-02;7.463013e-02;1.198323e-02;3.019987e-02;2.042787e-01;3.172743e-02
3.945032e-01;7.421589e-02;1.526870e-02;2.598502e-02;1.205043e-02;7.826534e-02;6.571934e-02;6.159797e-02;1.298591e-02;1.684096e-02;2.229192e-01;1.964796e-02
4.232469e-01;8.474313e-02;1.381163e-02;2.621168e-02;1.511959e-02;9.372541e-02;8.999828e-02;7.143589e-02;1.381378e-02;1.785687e-02;1.183264e-01;3.171053e-02
3.583402e-01;8.707764e-02;1.860487e-02;3.743129e-02;1.487694e-02;7.446083e-02;1.538029e-01;6.797839e-02;8.500800e-03;1.900544e-02;1.093947e-01;5.052595e-02
2.485332e-01;1.065174e-01;2.818783e-02;3.617126e-02;2.110929e-02;5.420220e-02;1.644240e-01;6.568733e-02;8.004364e-03;2.033488e-02;2.031350e-01;4.369322e-02
1.828149e-01;9.410268e-02;2.725231e-02;3.515124e-02;2.328454e-02;4.165898e-02;1.250805e-01;9.193255e-02;1.341709e-02;3.164093e-02;3.051164e-01;2.854794e-02
2.254349e-01;7.953714e-02;2.499676e-02;2.974888e-02;2.130180e-02;4.377255e-02;1.208876e-01;1.216255e-01;1.662615e-02;4.075218e-02;2.462505e-01;2.906608e-02
2.420033e-01;5.689553e-02;2.974800e-02;3.654871e-02;3.427414e-02;6.651962e-02;2.009027e-01;1.633605e-01;2.210384e-02;5.483659e-02;6.907165e-02;2.373546e-02
2.362647e-01;7.491232e-02;3.877861e-02;2.966244e-02;3.772248e-02;5.551333e-02;1.660623e-01;1.274754e-01;2.833720e-02;5.223506e-02;1.384991e-01;1.453705e-02
1.875517e-01;8.088788e-02;4.160805e-02;1.553966e-02;3.433603e-02;6.451319e-02;1.930955e-01;9.905742e-02;4.895640e-02;3.967177e-02;1.745386e-01;2.024376e-02
2.231072e-01;8.016644e-02;3.362753e-02;2.880328e-02;4.494269e-02;7.221746e-02;1.570887e-01;7.444547e-02;5.613283e-02;3.645721e-02;1.610292e-01;3.198199e-02
2.432629e-01;9.409193e-02;5.160305e-02;3.135473e-02;5.278884e-02;7.509829e-02;1.105511e-01;7.639992e-02;5.998609e-02;5.793248e-02;1.187764e-01;2.815430e-02
2.169893e-01;4.826852e-02;7.120106e-02;4.151106e-02;4.437230e-02;7.175624e-02;1.324870e-01;1.071114e-01;7.567441e-02;7.966119e-02;9.651645e-02;1.445110e-02
1.448143e-01;5.822844e-02;3.947223e-02;6.014026e-02;4.011741e-02;6.797779e-02;1.401213e-01;1.237711e-01;5.788359e-02;8.485515e-02;1.583894e-01;2.422908e-02
1.330096e-01;4.698086e-02;2.111359e-02;5.435415e-02;5.397248e-02;7.486530e-02;1.457724e-01;1.140981e-01;4.639278e-02;1.071443e-01;1.733080e-01;2.898847e-02
1.988328e-01;1.130049e-01;2.674494e-02;3.149122e-02;2.717530e-02;3.794708e-02;1.203998e-01;1.133862e-01;3.784240e-02;6.760269e-02;1.962547e-01;2.931786e-02
3.008039e-01;1.003133e-01;1.835836e-02;1.510497e-02;1.168618e-02;2.912828e-02;1.361193e-01;7.712934e-02;2.677617e-02;4.926620e-02;2.033311e-01;3.198295e-02
3.824832e-01;1.125595e-01;8.227325e-03;2.198473e-02;7.299144e-03;2.001874e-02;1.349366e-01;5.526933e-02;1.586877e-02;4.738830e-02;1.546126e-01;3.935181e-02
4.342499e-01;1.205596e-01;3.691448e-03;3.050335e-02;5.399192e-03;1.354736e-02;1.386786e-01;5.099163e-02;8.901123e-03;4.973964e-02;9.564553e-02;4.809259e-02
3.853169e-01;9.882038e-02;3.945447e-03;4.152527e-02;4.532695e-03;1.074097e-02;1.871693e-01;5.208334e-02;4.887558e-03;4.549622e-02;9.660578e-02;6.887615e-02
2.802478e-01;5.724799e-02;2.489399e-03;5.301905e-02;3.274854e-03;9.194016e-03;2.573057e-01;4.878026e-02;3.792316e-03;3.543144e-02;1.572910e-01;9.192620e-02
2.971787e-01;3.221872e-02;3.022020e-03;5.896372e-02;2.903971e-03;8.836157e-03;2.642351e-01;4.409713e-02;4.017149e-03;2.329003e-02;1.662491e-01;9.498817e-02
3.059894e-01;4.007312e-02;3.362841e-03;6.114662e-02;3.069061e-03;7.918769e-03;2.539300e-01;3.420454e-02;2.639103e-03;2.160490e-02;1.779053e-01;8.815639e-02
2.731106e-01;3.994186e-02;5.177050e-03;5.407756e-02;4.282133e-03;8.757562e-03;2.222674e-01;2.767838e-02;3.801051e-03;1.755372e-02;2.647110e-01;7.864160e-02
2.052265e-01;2.905875e-02;8.322539e-03;3.007932e-02;1.389528e-02;1.648495e-02;1.439065e-01;3.193863e-02;7.645716e-03;2.008389e-02;4.422147e-01;5.114315e-02
1.313878e-01;2.737095e-02;8.926385e-03;1.839236e-02;2.367510e-02;3.287473e-02;8.457735e-02;4.654526e-02;1.551210e-02;3.141074e-02;5.558322e-01;2.349509e-02
1.591453e-01;6.085591e-02;1.084083e-02;2.587275e-02;2.748032e-02;3.845448e-02;8.030174e-02;7.688624e-02;2.054605e-02;3.298935e-02;4.548559e-01;1.177114e-02
2.268710e-01;9.380208e-02;1.433512e-02;3.450560e-02;3.334253e-02;3.662769e-02;1.290707e-01;1.081838e-01;2.389762e-02;3.174115e-02;2.477486e-01;1.987415e-02
2.479597e-01;9.982806e-02;2.070893e-02;3.644784e-02;2.714978e-02;4.288176e-02;2.092462e-01;1.134805e-01;2.458432e-02;3.590730e-02;1.012995e-01;4.050593e-02
2.179744e-01;5.250024e-02;1.289296e-02;2.794940e-02;1.069252e-02;2.425579e-02;1.562518e-01;1.163120e-01;1.591156e-02;3.739079e-02;2.962455e-01;3.162307e-02
1.834038e-01;8.694186e-02;1.699406e-02;3.097243e-02;9.118594e-03;2.561720e-02;1.943607e-01;9.027679e-02;1.789171e-02;3.671043e-02;2.737323e-01;3.398005e-02
2.283060e-01;8.813304e-02;1.671663e-02;4.480970e-02;1.303653e-02;2.590992e-02;2.285280e-01;1.005274e-01;1.982398e-02;4.117347e-02;1.632400e-01;2.979530e-02
2.418774e-01;8.688604e-02;1.521001e-02;4.445056e-02;1.224945e-02;2.539393e-02;1.773137e-01;1.213581e-01;2.300752e-02;4.319962e-02;1.756013e-01;3.345235e-02
1.465701e-01;3.847381e-02;1.847683e-02;3.418098e-02;1.943473e-02;4.538953e-02;1.434793e-01;1.396839e-01;4.300399e-02;8.135145e-02;2.541796e-01;3.577591e-02
6.535660e-02;2.691510e-02;2.258151e-02;2.706174e-02;4.206128e-02;6.324347e-02;1.458697e-01;1.817507e-01;4.953055e-02;1.439198e-01;1.927843e-01;3.892518e-02
1.269452e-01;9.517337e-02;2.605002e-02;3.107972e-02;5.744511e-02;6.078697e-02;1.550168e-01;1.635976e-01;3.729481e-02;1.237029e-01;9.670584e-02;2.620165e-02
2.489403e-01;1.955298e-01;2.478013e-02;2.070572e-02;4.765906e-02;4.349332e-02;1.429244e-01;1.157576e-01;2.338250e-02;6.724906e-02;5.434087e-02;1.523722e-02
3.223972e-01;2.130841e-01;2.339618e-02;1.001822e-02;4.617553e-02;4.928153e-02;1.127502e-01;1.079216e-01;2.814496e-02;3.735530e-02;3.965595e-02;9.819308e-03
3.266509e-01;1.794553e-01;2.279318e-02;1.853613e-02;4.361558e-02;6.448605e-02;9.852581e-02;8.464702e-02;3.401704e-02;2.534621e-02;9.094369e-02;1.098310e-02
2.316071e-01;1.003813e-01;2.237342e-02;2.849407e-02;3.813904e-02;6.585134e-02;9.001990e-02;6.567996e-02;3.178269e-02;3.955026e-02;2.694930e-01;1.662788e-02
1.343491e-01;9.469352e-02;2.384318e-02;3.104855e-02;2.653700e-02;3.852432e-02;8.432683e-02;6.672213e-02;2.769729e-02;5.386052e-02;4.010993e-01;1.729822e-02
2.157910e-01;8.706503e-02;2.729173e-02;2.414684e-02;4.979851e-02;2.744191e-02;1.348433e-01;1.209809e-01;2.767870e-02;6.052199e-02;2.113358e-01;1.310429e-02
3.091590e-01;1.175989e-01;2.926368e-02;1.999299e-02;5.944936e-02;3.322225e-02;1.495034e-01;9.781907e-02;2.573382e-02;5.078472e-02;9.959228e-02;7.880535e-03
3.271497e-01;1.816022e-01;2.777598e-02;1.863147e-02;3.779756e-02;4.422750e-02;1.393357e-01;5.433676e-02;1.894276e-02;2.914226e-02;1.099809e-01;1.107707e-02
3.011938e-01;1.885109e-01;1.806199e-02;2.750381e-02;3.412274e-02;3.256594e-02;1.140055e-01;4.168512e-02;1.677109e-02;3.701723e-02;1.760947e-01;1.246716e-02
2.788774e-01;1.389593e-01;3.471381e-02;4.233311e-02;3.933749e-02;2.609253e-02;1.276642e-01;4.953235e-02;2.401192e-02;3.944780e-02;1.782803e-01;2.074979e-02
2.436658e-01;1.001315e-01;3.818784e-02;5.827193e-02;4.601360e-02;3.260798e-02;1.636695e-01;8.619488e-02;2.773436e-02;3.949182e-02;1.350282e-01;2.900259e-02
2.659523e-01;1.073610e-01;2.235566e-02;4.372054e-02;3.270454e-02;2.147504e-02;1.208834e-01;9.408695e-02;2.611146e-02;4.599119e-02;1.969621e-01;2.239594e-02
2.648426e-01;1.327623e-01;2.127957e-02;4.308611e-02;2.146673e-02;3.238771e-02;1.058339e-01;9.754728e-02;3.599467e-02;4.114339e-02;1.849232e-01;1.873242e-02
1.175972e-01;8.146286e-02;3.920186e-02;7.071184e-02;4.519593e-02;6.902329e-02;1.622956e-01;1.591289e-01;5.760813e-02;4.523733e-02;9.424813e-02;5.828886e-02
7.488936e-02;6.063867e-02;3.829203e-02;7.882523e-02;6.372590e-02;7.705650e-02;1.499779e-01;1.370535e-01;6.443726e-02;7.662215e-02;1.427444e-01;3.573712e-02
5.173957e-02;4.752871e-02;2.626432e-02;6.296782e-02;8.118555e-02;1.035085e-01;1.706777e-01;1.142261e-01;7.961936e-02;1.254928e-01;1.142917e-01;2.249775e-02
3.546450e-02;2.566512e-02;1.320108e-02;4.137312e-02;6.508104e-02;9.748790e-02;2.380331e-01;9.184363e-02;1.434173e-01;1.758696e-01;6.537253e-02;7.191123e-03
4.933629e-02;1.108016e-02;6.043393e-03;6.175737e-02;3.488401e-02;4.578238e-02;2.824584e-01;5.666646e-02;2.369620e-01;1.779375e-01;3.291135e-02;4.180636e-03
7.481124e-02;7.412990e-03;6.971661e-03;9.224694e-02;1.842109e-02;1.942281e-02;2.781143e-01;5.410659e-02;2.937921e-01;1.092821e-01;4.120317e-02;4.215021e-03
8.432753e-02;1.322966e-02;9.184968e-03;9.255546e-02;3.951577e-02;3.408284e-02;2.591061e-01;5.363975e-02;2.645320e-01;1.044078e-01;3.982524e-02;5.592899e-03
6.519064e-02;3.865942e-02;8.797436e-03;4.820330e-02;9.117763e-02;4.941289e-02;1.902324e-01;7.185590e-02;1.682217e-01;2.131438e-01;3.678471e-02;1.832017e-02
2.857052e-02;6.766140e-02;4.759308e-03;1.892258e-02;1.526839e-01;3.536556e-02;9.620335e-02;1.256662e-01;8.341478e-02;3.068682e-01;5.497574e-02;2.490842e-02
1.385123e-02;7.754091e-02;6.849170e-03;9.560960e-03;1.468663e-01;2.823575e-02;3.827473e-02;2.474622e-01;2.663266e-02;2.929989e-01;1.005258e-01;1.120141e-02
1.260575e-02;5.092745e-02;2.269741e-02;9.560518e-03;7.650141e-02;4.813456e-02;5.242506e-02;2.603335e-01;1.963824e-02;2.193474e-01;2.156512e-01;1.217749e-02
1.744610e-02;2.095150e-02;4.003561e-02;9.690538e-03;2.583457e-02;8.094689e-02;6.422476e-02;1.611622e-01;4.521665e-02;1.563755e-01;3.475925e-01;3.052317e-02
2.386000e-02;7.771940e-03;5.693064e-02;1.102250e-02;1.506802e-02;8.621181e-02;6.106843e-02;6.821136e-02;1.005784e-01;1.087333e-01;4.023549e-01;5.818883e-02
2.940852e-02;1.255773e-02;6.714030e-02;9.220473e-03;1.662197e-02;1.048462e-01;8.179864e-02;7.071480e-02;1.430353e-01;5.222982e-02;3.262910e-01;8.613521e-02
8.169565e-02;2.076568e-02;4.835415e-02;2.284567e-02;2.052774e-02;1.227326e-01;1.525669e-01;7.487250e-02;1.357264e-01;1.222910e-02;2.153386e-01;9.234501e-02
1.373852e-01;3.320596e-02;2.667844e-02;2.922481e-02;2.003660e-02;8.212588e-02;1.759035e-01;8.490786e-02;1.000606e-01;2.289908e-02;2.219923e-01;6.557981e-02
1.456604e-01;5.538500e-02;1.665562e-02;2.730402e-02;1.269068e-02;4.323913e-02;1.623560e-01;1.036967e-01;7.385976e-02;3.634848e-02;2.909273e-01;3.187694e-02
1.168144e-01;7.165407e-02;1.414198e-02;2.134556e-02;1.722999e-02;3.465582e-02;1.636256e-01;1.286084e-01;7.515117e-02;7.050592e-02;2.711433e-01;1.512374e-02
1.122572e-01;5.211551e-02;2.634622e-02;1.024665e-02;3.159757e-02;5.615227e-02;2.007451e-01;1.578914e-01;9.690720e-02;1.100498e-01;1.025693e-01;4.312179e-02
7.205936e-02;3.454418e-02;3.000701e-02;1.309841e-02;2.698842e-02;6.872816e-02;2.238954e-01;1.190377e-01;9.266327e-02;8.261169e-02;1.727279e-01;6.363851e-02
3.528794e-02;4.468007e-02;3.426443e-02;1.146204e-02;2.841823e-02;9.053091e-02;2.400029e-01;1.407166e-01;1.129217e-01;7.766388e-02;1.040878e-01;7.996349e-02
6.396383e-02;5.089070e-02;2.787044e-02;1.964835e-02;1.714179e-02;8.654469e-02;2.245971e-01;2.124315e-01;7.682614e-02;5.307203e-02;1.210521e-01;4.596128e-02
7.046083e-02;3.751055e-02;2.577083e-02;2.435140e-02;1.784393e-02;8.100315e-02;2.532557e-01;2.446792e-01;6.785556e-02;4.097910e-02;1.127664e-01;2.352348e-02
7.987062e-02;3.122509e-02;2.712754e-02;4.160690e-02;2.389074e-02;5.808470e-02;2.360913e-01;2.253029e-01;7.782771e-02;6.992958e-02;9.989124e-02;2.915173e-02
6.664535e-02;4.533708e-02;2.439823e-02;4.451103e-02;2.951748e-02;4.272380e-02;2.615259e-01;2.297815e-01;6.381433e-02;8.611948e-02;7.924438e-02;2.638146e-02
5.053577e-02;2.581764e-02;2.624869e-02;2.585175e-02;2.508236e-02;6.408881e-02;2.863175e-01;2.888449e-01;4.968560e-02;7.183538e-02;6.271747e-02;2.297413e-02
5.051728e-02;3.541273e-02;2.349937e-02;1.690739e-02;2.727897e-02;7.956199e-02;3.521768e-01;2.348480e-01;5.455797e-02;5.135256e-02;5.804779e-02;1.583911e-02
5.073818e-02;2.772378e-02;2.392039e-02;2.946405e-02;2.150953e-02;9.078145e-02;3.164729e-01;1.990939e-01;7.482383e-02;7.195142e-02;8.692640e-02;6.594259e-03
8.245642e-02;3.239695e-02;3.896458e-02;3.678124e-02;4.252431e-02;1.127422e-01;2.053444e-01;1.663315e-01;7.886416e-02;9.232312e-02;1.006576e-01;1.061357e-02
9.839829e-02;4.852232e-02;4.600266e-02;4.250175e-02;5.631906e-02;9.374663e-02;2.469596e-01;1.145951e-01;7.175577e-02;7.273192e-02;8.806121e-02;2.040568e-02
6.650927e-02;5.484182e-02;3.764538e-02;6.223267e-02;4.758447e-02;1.029317e-01;2.156086e-01;1.060358e-01;1.151335e-01;9.255452e-02;7.216659e-02;2.675566e-02
3.832511e-02;3.969487e-02;3.183733e-02;5.262482e-02;5.683141e-02;1.612405e-01;1.483997e-01;1.271994e-01;1.464248e-01;1.241753e-01;5.802693e-02;1.521980e-02
3.285740e-02;3.492809e-02;2.911744e-02;4.375715e-02;7.544685e-02;2.089927e-01;1.496437e-01;1.351011e-01;1.081054e-01;1.105715e-01;6.358103e-02;7.897663e-03
4.137802e-02;3.885161e-02;2.730686e-02;4.223999e-02;7.706533e-02;2.330957e-01;1.757708e-01;1.272604e-01;6.862922e-02;9.519976e-02;6.095014e-02;1.225217e-02
7.415756e-02;5.244938e-02;4.621077e-02;4.265742e-02;3.825534e-02;1.430708e-01;2.023310e-01;1.387120e-01;7.620213e-02;1.100580e-01;5.007233e-02;2.582326e-02
8.226490e-02;7.018445e-02;5.082579e-02;5.693853e-02;3.922208e-02;9.335255e-02;2.005129e-01;1.213297e-01;1.062819e-01;1.089370e-01;4.354131e-02;2.660891e-02
1.059604e-01;7.954302e-02;3.952567e-02;6.532194e-02;3.938897e-02;1.258633e-01;1.338076e-01;1.140546e-01;8.387259e-02;6.753475e-02;9.178018e-02;5.334712e-02
4.649061e-02;3.373374e-02;2.218814e-02;9.510935e-02;1.184175e-01;1.709576e-01;1.849660e-01;1.382085e-01;4.915516e-02;3.832402e-02;6.806386e-02;3.438556e-02
4.134663e-02;3.737234e-02;1.988272e-02;9.855008e-02;1.526547e-01;1.632503e-01;1.971809e-01;1.474932e-01;4.608917e-02;3.154569e-02;4.258445e-02;2.204989e-02
8.790534e-02;7.621680e-02;1.972539e-02;7.198136e-02;1.498721e-01;9.596224e-02;1.803747e-01;1.433100e-01;3.571466e-02;3.447686e-02;9.000815e-02;1.445244e-02
9.454232e-02;9.966028e-02;2.624954e-02;2.539778e-02;8.071221e-02;4.731445e-02;1.131861e-01;9.857400e-02;1.602538e-02;4.000696e-02;3.467532e-01;1.157774e-02
8.417813e-02;6.910797e-02;1.716309e-02;3.178160e-02;3.220664e-02;5.106059e-02;4.965951e-02;3.209021e-02;8.173635e-03;4.517309e-02;5.721250e-01;7.280595e-03
6.148411e-02;4.776466e-02;3.167953e-02;1.554810e-02;1.281944e-02;4.658826e-02;3.284875e-02;2.584066e-02;8.949393e-03;3.879181e-02;6.686103e-01;9.075020e-03
4.327494e-02;4.860569e-02;4.190958e-02;6.367580e-03;4.534853e-03;5.150115e-02;2.279680e-02;1.015496e-02;5.043220e-03;3.582539e-02;7.246196e-01;5.366230e-03
3.225544e-02;4.159884e-02;3.853412e-02;5.579205e-03;6.483369e-03;5.311234e-02;2.038156e-02;7.823968e-03;2.688995e-03;4.432238e-02;7.446116e-01;2.608238e-03
4.078927e-02;2.894121e-02;2.461572e-02;4.533450e-03;5.876323e-03;5.198284e-02;1.641050e-02;2.559767e-02;5.250454e-03;5.486453e-02;7.376095e-01;3.528510e-03
6.877753e-02;2.267156e-02;1.568357e-02;4.819355e-03;8.489807e-03;4.485080e-02;3.332561e-02;3.974798e-02;9.438323e-03;5.539292e-02;6.868362e-01;9.966247e-03
1.207975e-01;3.395556e-02;1.437268e-02;8.730671e-03;1.181459e-02;3.204648e-02;5.243332e-02;4.389139e-02;1.102521e-02;4.276045e-02;6.111345e-01;1.703771e-02
1.472958e-01;3.894713e-02;1.180593e-02;8.981038e-03;1.426982e-02;3.231287e-02;1.027588e-01;4.543738e-02;1.118439e-02;2.664608e-02;5.346311e-01;2.572966e-02
2.862867e-01;5.689858e-02;6.240727e-03;1.651125e-02;7.629879e-03;2.461025e-02;1.495576e-01;4.867659e-02;9.361475e-03;2.381921e-02;3.378464e-01;3.256132e-02
4.366769e-01;8.876263e-02;7.512937e-03;1.892937e-02;3.403399e-03;2.292230e-02;1.382432e-01;5.691408e-02;1.559436e-02;2.020996e-02;1.613328e-01;2.949800e-02
5.323297e-01;1.061348e-01;7.017415e-03;1.358070e-02;3.101296e-03;2.304417e-02;8.444674e-02;6.583477e-02;2.357445e-02;1.684021e-02;1.072273e-01;1.686839e-02
5.816149e-01;1.614316e-01;8.202197e-03;5.844289e-03;6.132748e-03;2.069679e-02;3.603629e-02;9.084242e-02;2.210682e-02;9.077108e-03;5.000423e-02;8.010523e-03
5.443230e-01;2.370773e-01;1.018457e-02;5.711640e-03;1.315854e-02;1.065203e-02;2.297373e-02;9.596521e-02;1.515002e-02;7.174763e-03;2.755708e-02;1.007214e-02
4.785676e-01;3.158606e-01;1.158361e-02;3.756621e-03;1.453699e-02;8.890938e-03;2.364146e-02;6.647083e-02;4.061864e-02;1.196483e-02;1.876474e-02;5.343082e-03
4.081694e-01;3.634641e-01;1.149435e-02;2.804409e-03;1.292306e-02;6.911612e-03;1.687686e-02;6.208625e-02;6.165867e-02;2.186853e-02;2.732972e-02;4.413015e-03
3.555222e-01;3.974915e-01;2.073196e-02;5.203795e-03;2.035788e-02;5.303355e-03;1.737478e-02;8.444732e-02;3.786438e-02;1.940029e-02;2.850707e-02;7.795596e-03
3.181623e-01;3.985958e-01;4.441928e-02;1.535529e-02;3.575170e-02;7.374970e-03;1.678669e-02;1.082875e-01;1.540596e-02;9.165751e-03;2.568889e-02;5.005912e-03
2.991921e-01;3.209375e-01;4.463049e-02;2.492804e-02;4.612859e-02;3.989032e-02;1.792962e-02;1.282349e-01;4.576893e-02;8.093360e-03;1.925855e-02;5.007638e-03
2.673202e-01;1.879098e-01;2.067185e-02;2.276970e-02;8.359950e-02;8.280469e-02;2.463306e-02;2.270850e-01;5.943353e-02;4.500481e-03;1.714870e-02;2.123466e-03
2.223205e-01;1.001190e-01;8.344680e-03;1.425927e-02;9.304976e-02;6.687344e-02;3.646027e-02;3.666614e-01;6.726551e-02;8.574648e-03;7.851913e-03;8.219534e-03
1.860816e-01;6.022765e-02;3.724609e-03;3.366811e-02;6.466348e-02;3.309999e-02;6.829728e-02;4.325004e-01;6.061265e-02;2.064018e-02;1.338531e-02;2.309877e-02
1.393630e-01;4.548880e-02;4.523154e-03;7.947661e-02;3.977966e-02;2.467365e-02;1.676584e-01;3.393027e-01;3.787382e-02;2.936610e-02;2.397680e-02;6.851725e-02
1.180294e-01;4.031163e-02;7.461326e-03;1.016838e-01;2.045469e-02;2.846695e-02;2.756440e-01;1.562352e-01;2.864530e-02;2.935093e-02;4.500735e-02;1.487094e-01
8.717404e-02;2.911863e-02;3.417483e-02;6.318469e-02;1.206175e-02;5.222248e-02;2.603078e-01;1.241285e-01;2.562861e-02;2.030874e-02;1.135009e-01;1.781891e-01
4.447560e-02;2.071195e-02;9.979993e-02;1.436029e-02;1.000190e-02;1.167936e-01;1.416477e-01;9.909315e-02;4.590696e-02;1.971075e-02;2.593466e-01;1.281515e-01
4.717239e-02;4.093336e-02;1.331228e-01;1.353820e-02;1.737606e-02;1.274108e-01;7.123154e-02;8.064806e-02;4.755292e-02;3.140206e-02;3.269518e-01;6.265998e-02
3.566631e-02;9.416757e-02;1.084108e-01;9.405546e-03;2.258179e-02;8.838797e-02;5.087011e-02;2.075790e-01;2.842879e-02;4.843433e-02;2.761914e-01;2.987640e-02
1.947732e-02;1.442284e-01;5.052122e-02;1.296464e-02;4.306254e-02;4.486004e-02;5.431919e-02;3.352959e-01;1.706132e-02;8.213355e-02;1.768268e-01;1.924918e-02
1.345741e-02;1.516097e-01;2.035160e-02;1.977095e-02;9.755364e-02;2.369595e-02;6.292775e-02;3.307013e-01;2.016426e-02;1.398779e-01;9.447384e-02;2.541573e-02
2.216673e-02;1.154556e-01;1.902536e-02;3.205998e-02;1.329047e-01;2.976336e-02;1.003660e-01;2.307932e-01;3.808470e-02;1.793490e-01;6.454320e-02;3.548820e-02
5.388099e-02;6.256125e-02;1.994499e-02;4.150316e-02;1.033139e-01;4.014725e-02;2.234846e-01;1.289897e-01;7.416520e-02;1.809367e-01;3.865454e-02;3.241776e-02
1.118337e-01;3.138760e-02;1.790738e-02;9.319486e-02;5.711678e-02;3.005513e-02;3.202262e-01;7.541462e-02;1.139886e-01;1.085712e-01;2.968346e-02;1.062047e-02
1.534512e-01;2.057664e-02;1.308994e-02;1.441436e-01;2.012536e-02;1.144317e-02;3.385711e-01;6.489379e-02;1.419199e-01;6.138140e-02;2.672478e-02;3.679011e-03
1.735581e-01;1.877368e-02;4.960212e-03;1.686350e-01;1.099641e-02;9.727344e-03;3.263817e-01;6.305411e-02;1.413830e-01;5.038010e-02;2.237517e-02;9.775296e-03
1.714285e-01;1.954274e-02;6.868071e-03;1.716661e-01;1.419636e-02;1.884606e-02;3.160387e-01;5.401267e-02;1.483263e-01;4.483778e-02;1.975676e-02;1.447987e-02
1.748204e-01;1.330965e-02;9.073324e-03;1.693236e-01;8.934463e-03;1.269674e-02;3.281583e-01;4.607528e-02;1.565707e-01;4.715843e-02;1.273081e-02;2.114831e-02
1.856144e-01;2.070100e-02;8.390939e-03;1.628579e-01;2.793545e-02;1.296687e-02;3.131040e-01;4.014347e-02;1.431684e-01;5.089580e-02;1.838388e-02;1.583784e-02
1.975131e-01;1.428379e-02;5.424641e-03;1.860573e-01;2.520559e-02;8.028651e-03;2.896197e-01;4.586616e-02;1.638660e-01;4.153056e-02;1.168648e-02;1.091803e-02
1.712210e-01;2.883546e-02;1.034881e-02;1.539416e-01;5.470611e-02;9.782024e-03;2.880614e-01;4.479921e-02;1.381551e-01;6.998374e-02;1.500508e-02;1.516040e-02
1.150001e-01;8.344703e-02;1.160284e-02;7.868823e-02;1.350405e-01;1.424265e-02;2.347289e-01;5.959222e-02;7.930217e-02;1.427932e-01;2.836132e-02;1.720085e-02
4.923820e-02;1.535944e-01;1.135401e-02;3.548387e-02;1.949588e-01;1.719967e-02;8.174767e-02;1.601141e-01;3.016815e-02;1.949855e-01;5.033798e-02;2.081770e-02
3.093632e-02;1.932410e-01;1.625578e-02;2.244858e-02;1.566646e-01;2.769147e-02;3.326562e-02;2.507389e-01;1.865238e-02;1.654196e-01;7.332295e-02;1.136277e-02
2.667657e-02;1.916007e-01;3.326023e-02;2.024690e-02;7.800805e-02;4.961544e-02;4.548706e-02;2.933402e-01;1.885550e-02;1.105185e-01;1.249112e-01;7.479763e-03
2.384450e-02;1.532831e-01;9.444328e-02;2.119572e-02;2.156756e-02;9.598088e-02;3.488093e-02;2.453839e-01;2.412746e-02;5.892409e-02;2.175445e-01;8.823982e-03
2.424302e-02;8.715431e-02;1.779987e-01;1.494543e-02;2.744983e-02;1.586421e-01;2.832512e-02;1.058590e-01;6.137815e-02;2.655913e-02;2.806906e-01;6.754640e-03
2.321833e-02;3.972380e-02;2.373690e-01;1.001485e-02;1.162087e-02;1.582387e-01;3.053038e-02;3.992484e-02;1.334597e-01;1.309330e-02;2.746907e-01;2.811539e-02
2.449989e-02;1.909232e-02;2.296029e-01;2.812412e-02;8.452935e-03;1.034286e-01;5.794108e-02;2.816254e-02;1.822880e-01;1.371513e-02;2.177628e-01;8.692973e-02
3.768691e-02;1.834739e-02;1.581887e-01;8.707077e-02;6.047907e-03;3.737363e-02;1.400495e-01;3.250596e-02;1.356418e-01;3.427851e-02;1.302233e-01;1.825856e-01
6.244370e-02;1.457341e-02;6.229853e-02;1.731913e-01;5.562887e-03;1.330830e-02;2.088735e-01;4.500970e-02;4.834079e-02;8.493173e-02;4.297008e-02;2.384960e-01
1.015085e-01;1.702159e-02;1.847584e-02;2.089913e-01;8.686355e-03;1.787915e-02;1.824308e-01;7.246242e-02;2.296914e-02;1.309822e-01;4.259834e-02;1.759943e-01
1.875287e-01;2.072414e-02;1.291882e-02;1.863109e-01;1.289201e-02;2.821562e-02;1.254692e-01;1.278091e-01;3.824651e-02;1.373748e-01;2.601784e-02;9.649235e-02
2.771410e-01;2.457800e-02;1.656773e-02;1.099013e-01;2.431293e-02;3.305096e-02;7.087447e-02;1.785970e-01;5.151587e-02;7.369965e-02;1.307628e-02;1.266848e-01
2.644193e-01;2.163834e-02;1.516329e-02;6.734218e-02;1.783645e-02;2.973534e-02;7.809071e-02;1.519428e-01;4.262743e-02;8.072275e-02;1.853816e-02;2.119433e-01
2.299784e-01;1.783054e-02;1.474492e-02;4.217268e-02;5.179329e-03;3.045772e-02;8.696674e-02;1.315359e-01;3.587275e-02;9.809358e-02;1.957520e-02;2.875923e-01
2.157647e-01;2.191996e-02;8.163264e-03;2.476736e-02;4.277739e-03;3.425800e-02;1.208358e-01;1.526885e-01;3.055468e-02;7.978923e-02;2.337126e-02;2.836095e-01
2.313957e-01;2.735577e-02;6.034338e-03;2.049671e-02;6.210291e-03;4.168817e-02;1.863600e-01;2.084622e-01;2.921006e-02;5.511177e-02;2.532460e-02;1.623503e-01
1.931006e-01;2.969501e-02;6.579529e-03;5.310161e-02;7.021189e-03;5.622906e-02;2.934003e-01;2.003100e-01;2.035915e-02;5.497921e-02;1.491271e-02;7.031168e-02
1.438003e-01;2.814811e-02;3.023745e-03;5.668175e-02;7.774399e-03;8.067811e-02;3.365124e-01;1.391959e-01;1.459400e-02;5.260183e-02;4.851210e-02;8.847743e-02
1.180202e-01;4.110370e-02;7.923587e-03;4.123519e-02;2.139650e-02;9.716084e-02;3.161678e-01;1.279935e-01;2.045769e-02;3.364275e-02;1.021242e-01;7.277410e-02
6.689961e-02;7.323295e-02;1.442205e-02;2.594895e-02;2.869093e-02;8.395249e-02;2.757747e-01;1.561680e-01;3.024394e-02;4.699795e-02;1.288587e-01;6.880981e-02
2.120846e-01;5.991425e-02;1.295883e-02;1.561104e-02;2.341964e-02;4.870687e-02;1.227335e-01;8.239778e-02;1.410873e-02;4.452388e-02;3.148170e-01;4.872391e-02
1.871676e-01;3.001081e-02;2.065585e-02;9.905258e-03;2.391199e-02;8.126397e-02;8.505772e-02;5.043472e-02;2.015409e-02;3.757735e-02;4.222648e-01;3.159588e-02
1.235322e-01;2.628503e-02;2.504978e-02;1.150588e-02;2.029077e-02;8.005112e-02;6.210490e-02;2.898314e-02;2.504513e-02;3.875955e-02;5.336066e-01;2.478581e-02
7.650540e-02;2.165404e-02;2.095874e-02;2.599428e-02;2.484640e-02;6.210225e-02;5.279582e-02;5.557430e-02;2.097836e-02;6.408732e-02;5.504527e-01;2.405044e-02
7.440621e-02;3.387024e-02;1.784924e-02;4.623595e-02;4.238871e-02;4.459623e-02;9.661067e-02;1.203585e-01;2.489730e-02;9.366407e-02;3.830182e-01;2.210472e-02
1.011303e-01;3.693228e-02;3.116121e-02;6.197755e-02;6.738901e-02;6.119154e-02;1.798837e-01;1.483271e-01;3.883353e-02;1.085686e-01;1.400245e-01;2.458072e-02
1.209839e-01;7.157774e-02;4.183196e-02;2.502061e-02;3.841789e-02;5.463007e-02;2.146030e-01;4.961443e-02;5.163636e-02;6.430878e-02;2.326116e-01;3.476366e-02
1.032322e-01;6.287784e-02;2.987414e-02;2.804277e-02;3.035838e-02;9.019107e-02;2.295335e-01;1.275002e-01;4.715333e-02;5.339257e-02;1.727361e-01;2.510788e-02
1.333273e-01;5.540170e-02;2.370881e-02;2.515000e-02;6.632682e-02;9.784091e-02;2.248159e-01;1.017090e-01;4.332670e-02;8.197697e-02;1.090435e-01;3.737235e-02
1.091245e-01;4.594164e-02;2.299091e-02;1.734015e-02;9.831572e-02;8.005524e-02;1.614399e-01;1.262567e-01;4.033035e-02;1.151034e-01;1.407775e-01;4.232394e-02
7.455921e-02;2.328841e-02;2.727057e-02;1.443795e-02;6.748337e-02;1.091869e-01;1.963816e-01;8.035221e-02;5.307803e-02;1.420095e-01;1.875774e-01;2.437483e-02
7.739668e-02;3.066925e-02;3.450591e-02;1.996300e-02;4.143238e-02;1.103656e-01;2.414700e-01;8.270354e-02;8.820062e-02;1.507507e-01;1.005131e-01;2.202921e-02
9.188901e-02;2.215834e-02;2.639275e-02;3.377251e-02;2.877992e-02;6.720043e-02;2.413777e-01;1.257858e-01;1.098676e-01;1.301013e-01;1.125925e-01;1.008206e-02
7.727721e-02;1.611063e-02;1.394234e-02;6.051898e-02;1.373322e-02;3.504150e-02;2.325829e-01;1.850508e-01;1.353384e-01;9.977343e-02;1.173748e-01;1.325584e-02
8.678915e-02;2.426916e-02;1.662348e-02;9.317376e-02;1.772271e-02;2.709905e-02;1.984093e-01;2.452742e-01;1.460055e-01;7.609971e-02;5.251618e-02;1.601778e-02
9.024036e-02;5.690292e-02;4.229432e-02;7.329077e-02;1.928046e-02;5.407301e-02;1.560137e-01;2.773015e-01;8.400840e-02;6.299265e-02;4.449231e-02;3.910958e-02
3.207078e-02;6.998707e-02;8.862924e-02;4.949290e-02;3.270261e-02;5.810229e-02;1.396785e-01;3.248125e-01;3.317532e-02;4.760111e-02;6.194779e-02;6.179988e-02
4.104810e-02;8.983912e-02;1.038173e-01;5.354779e-02;3.938568e-02;2.463662e-02;1.595127e-01;3.262300e-01;2.113311e-02;2.950291e-02;6.403037e-02;4.731636e-02
3.480202e-02;7.519541e-02;1.126341e-01;4.710883e-02;3.782539e-02;3.596320e-02;1.727833e-01;3.716025e-01;2.480181e-02;2.126442e-02;2.804625e-02;3.797268e-02
2.046535e-02;9.637142e-02;8.218990e-02;2.031071e-02;3.125167e-02;4.971189e-02;2.481332e-01;3.623878e-01;1.856434e-02;1.392186e-02;3.039262e-02;2.629920e-02
2.345630e-02;1.474064e-01;4.204425e-02;8.646704e-03;3.203804e-02;3.792360e-02;3.277470e-01;2.887280e-01;2.139367e-02;8.934325e-03;4.403201e-02;1.764975e-02
4.275155e-02;1.712906e-01;2.020624e-02;1.386092e-02;2.097762e-02;3.375451e-02;4.006934e-01;1.969780e-01;2.778591e-02;9.861506e-03;5.031194e-02;1.152786e-02
7.404681e-02;1.564959e-01;1.311378e-02;2.621652e-02;5.496381e-03;5.740011e-02;4.374169e-01;1.278154e-01;3.599914e-02;1.334266e-02;4.677549e-02;5.880974e-03
1.225759e-01;1.118253e-01;6.026533e-03;4.075941e-02;1.516610e-02;7.547163e-02;4.164745e-01;1.062590e-01;3.678554e-02;2.745364e-02;3.763066e-02;3.571819e-03
1.796178e-01;9.020910e-02;8.120393e-03;4.270204e-02;1.750685e-02;1.032489e-01;3.396538e-01;1.028661e-01;3.844326e-02;5.963980e-02;1.233274e-02;5.659309e-03
2.040468e-01;5.918431e-02;1.216995e-02;2.624873e-02;1.895405e-02;1.175968e-01;2.841593e-01;1.273970e-01;4.081124e-02;8.424989e-02;1.935262e-02;5.829347e-03
1.785122e-01;5.497786e-02;1.574118e-02;8.608639e-03;1.682970e-02;1.199869e-01;2.757231e-01;1.853048e-01;4.342477e-02;7.492444e-02;1.703086e-02;8.935570e-03
1.511189e-01;5.887314e-02;1.967686e-02;1.511883e-02;2.479616e-02;1.363340e-01;3.045384e-01;1.575793e-01;3.603262e-02;6.096331e-02;2.417652e-02;1.079190e-02
1.312941e-01;1.526540e-02;2.594360e-02;2.039965e-02;3.285295e-02;1.398785e-01;3.132060e-01;1.272098e-01;4.727248e-02;9.262407e-02;4.150358e-02;1.254988e-02
1.039648e-01;2.453105e-02;2.056627e-02;1.709329e-02;3.097778e-02;1.263547e-01;3.042347e-01;1.078978e-01;8.353788e-02;1.007091e-01;5.659555e-02;2.353708e-02
1.041241e-01;5.138079e-02;2.888911e-02;9.713470e-03;2.737008e-02;1.435594e-01;2.848269e-01;9.746070e-02;6.507084e-02;1.026316e-01;6.354918e-02;2.142391e-02
1.179628e-01;6.249057e-02;2.575132e-02;2.717150e-02;2.344231e-02;1.250649e-01;3.194527e-01;1.295189e-01;3.545905e-02;7.346231e-02;4.065064e-02;1.957304e-02
1.547815e-01;5.992700e-02;2.786645e-02;3.576462e-02;2.226424e-02;1.213039e-01;3.360694e-01;1.203405e-01;3.193256e-02;3.467534e-02;4.116235e-02;1.391207e-02
1.704403e-01;2.893500e-02;3.125059e-02;2.602215e-02;3.392618e-02;1.287075e-01;3.081692e-01;1.052642e-01;2.369000e-02;3.534228e-02;6.746341e-02;4.078921e-02
1.406005e-01;4.200436e-02;3.398037e-02;3.730641e-02;5.627194e-02;1.095617e-01;2.331163e-01;1.054444e-01;5.195732e-02;5.545067e-02;8.955601e-02;4.474996e-02
1.201867e-01;3.308716e-02;3.525269e-02;3.773936e-02;6.986046e-02;8.572848e-02;1.987878e-01;1.223075e-01;7.126567e-02;8.263028e-02;1.089670e-01;3.418703e-02
1.615348e-01;2.515306e-02;4.580024e-02;2.948034e-02;6.857608e-02;5.296653e-02;1.865979e-01;9.154672e-02;7.132170e-02;8.473524e-02;1.646027e-01;1.768475e-02
1.428967e-01;6.457848e-02;5.348732e-02;3.789978e-02;4.887202e-02;4.874821e-02;2.192499e-01;8.817642e-02;4.350111e-02;6.264699e-02;1.715457e-01;1.839745e-02
8.319699e-02;7.343052e-02;4.308308e-02;4.528206e-02;4.134395e-02;6.597758e-02;2.381404e-01;1.017467e-01;4.062326e-02;5.359621e-02;1.810924e-01;3.248689e-02
