5.520662e-02;1.576367e-01;1.086117e-01;6.195088e-02;4.026164e-02;1.683546e-01;6.030945e-02;1.267086e-01;8.842319e-02;3.986611e-02;4.331511e-02;4.935547e-02
6.049727e-02;7.668775e-02;9.532123e-02;1.064083e-01;6.004366e-02;1.324743e-01;9.403045e-02;1.087031e-01;5.071799e-02;7.397505e-02;8.077595e-02;6.036489e-02
4.452234e-02;3.705915e-02;1.002979e-01;1.607714e-01;5.487389e-02;8.297348e-02;8.992840e-02;9.173233e-02;3.320755e-02;9.160057e-02;1.667851e-01;4.624783e-02
4.527298e-02;4.534047e-02;1.074723e-01;1.935647e-01;3.744176e-02;5.882673e-02;7.173663e-02;7.993175e-02;2.989158e-02;7.473986e-02;2.319703e-01;2.381089e-02
3.974668e-02;5.712775e-02;1.157232e-01;2.155284e-01;2.404422e-02;6.550947e-02;4.193654e-02;7.637646e-02;2.396322e-02;6.791480e-02;2.567150e-01;1.541430e-02
6.507861e-02;7.076812e-02;1.874983e-01;1.432255e-01;1.618248e-02;5.526933e-02;4.942437e-02;5.101883e-02;2.662162e-02;1.549491e-01;1.559027e-01;2.406106e-02
7.344520e-02;8.621818e-02;2.329135e-01;5.704817e-02;1.879890e-02;3.272070e-02;7.795722e-02;3.144450e-02;3.608721e-02;2.378902e-01;9.040551e-02;2.507080e-02
5.271522e-02;1.088969e-01;2.549013e-01;6.059992e-02;1.944016e-02;4.562334e-02;7.228756e-02;2.973881e-02;3.279907e-02;2.543400e-01;4.888972e-02;1.976799e-02
2.945518e-02;1.596491e-01;2.670219e-01;5.307777e-02;1.961730e-02;6.011753e-02;5.321251e-02;4.670221e-02;2.743270e-02;2.299575e-01;3.512356e-02;1.863276e-02
2.348686e-02;2.099659e-01;2.567221e-01;8.273675e-02;2.361155e-02;8.108360e-02;3.582356e-02;4.660630e-02;4.075604e-02;1.526045e-01;2.620946e-02;2.039343e-02
2.842824e-02;1.633812e-01;2.904833e-01;1.069072e-01;3.306892e-02;1.026320e-01;3.921549e-02;3.855077e-02;3.869740e-02;8.568070e-02;5.310145e-02;1.985335e-02
2.392968e-02;1.067931e-01;2.275128e-01;1.140675e-01;9.052866e-02;1.771621e-01;4.032854e-02;4.683793e-02;2.946443e-02;4.098149e-02;6.678829e-02;3.560548e-02
2.112484e-02;5.538960e-02;1.225953e-01;1.014768e-01;1.688818e-01;2.354704e-01;2.552342e-02;4.895168e-02;7.303031e-02;2.419584e-02;2.924031e-02;9.411974e-02
1.679646e-02;2.616826e-02;2.977851e-02;6.365765e-02;2.280526e-01;2.547475e-01;3.143976e-02;3.799365e-02;1.146825e-01;1.771035e-02;1.240501e-02;1.665679e-01
8.849284e-03;1.948924e-02;4.647700e-02;5.393560e-02;2.425236e-01;1.879587e-01;3.445396e-02;1.660990e-02;1.213622e-01;1.215576e-02;2.051947e-02;2.356652e-01
1.593140e-02;1.952039e-02;5.499265e-02;5.457464e-02;2.355732e-01;1.214984e-01;3.158730e-02;1.040235e-02;1.199281e-01;7.481429e-03;2.518533e-02;3.033248e-01
2.251733e-02;1.384580e-02;5.172840e-02;2.956112e-02;2.099672e-01;1.575768e-01;2.102465e-02;1.884521e-02;1.286054e-01;9.816971e-03;1.658813e-02;3.199230e-01
4.321897e-02;1.960276e-02;5.276265e-02;4.164597e-02;1.581027e-01;2.089518e-01;1.865566e-02;3.613911e-02;1.213441e-01;1.917258e-02;2.676691e-02;2.536368e-01
5.957465e-02;4.146527e-02;9.696110e-02;6.175635e-02;9.661932e-02;1.860777e-01;6.089192e-02;5.626710e-02;1.045378e-01;3.576443e-02;5.073572e-02;1.493487e-01
2.311837e-02;4.377406e-02;8.446137e-02;4.288276e-02;6.724016e-02;3.068879e-01;1.316316e-01;7.978028e-02;6.800881e-02;3.421865e-02;5.174095e-02;6.625514e-02
4.812416e-02;6.067671e-02;4.103498e-02;2.202308e-02;4.471271e-02;3.119709e-01;2.239623e-01;1.197759e-01;3.049133e-02;2.958088e-02;3.024151e-02;3.740556e-02
5.686400e-02;7.055750e-02;2.183479e-02;2.289604e-02;4.150240e-02;2.415194e-01;3.121927e-01;1.171170e-01;3.464028e-02;2.538891e-02;3.355178e-02;2.193516e-02
3.354400e-02;5.317853e-02;3.116780e-02;1.691665e-02;5.351439e-02;1.875876e-01;3.230702e-01;1.690426e-01;4.793122e-02;1.758526e-02;4.422927e-02;2.223247e-02
1.032864e-02;3.476893e-02;4.801309e-02;2.982973e-02;6.517584e-02;2.979170e-01;2.302423e-01;1.620580e-01;4.759721e-02;1.199325e-02;4.159068e-02;2.048531e-02
2.833167e-02;4.397519e-02;6.916983e-02;2.645910e-02;8.848174e-02;3.262331e-01;1.537647e-01;1.198396e-01;6.326254e-02;1.895596e-02;3.270067e-02;2.882596e-02
3.600703e-02;6.359719e-02;1.057913e-01;6.497481e-02;9.342983e-02;1.396064e-01;1.853470e-01;7.919031e-02;9.628106e-02;1.862175e-02;4.929499e-02;6.785826e-02
1.355136e-02;7.348347e-02;1.115515e-01;5.013174e-02;3.764735e-02;2.016987e-01;1.672664e-01;1.337372e-01;5.863098e-02;2.376209e-02;2.346550e-02;1.050738e-01
2.709137e-02;5.566497e-02;6.193505e-02;4.225035e-02;6.998695e-02;2.165657e-01;1.250278e-01;1.932202e-01;4.325550e-02;2.322492e-02;2.715101e-02;1.146261e-01
1.632511e-02;4.100451e-02;3.560498e-02;3.275246e-02;6.249432e-02;2.387451e-01;1.522865e-01;2.649346e-01;4.799959e-02;1.960217e-02;1.756321e-02;7.068749e-02
6.896734e-03;3.537726e-02;7.052170e-02;1.639830e-02;4.693897e-02;1.288393e-01;1.717570e-01;3.821653e-01;5.710243e-02;1.935857e-02;1.334732e-02;5.129716e-02
4.416829e-03;2.410550e-02;8.090502e-02;1.702509e-02;3.818839e-02;8.517360e-02;1.325921e-01;4.860128e-01;7.110738e-02;1.429612e-02;1.104679e-02;3.513037e-02
1.979219e-03;2.310166e-02;7.584465e-02;1.182785e-02;3.955444e-02;7.434310e-02;6.362720e-02;5.636420e-01;9.405115e-02;1.421912e-02;9.482683e-03;2.832695e-02
5.329956e-03;4.011749e-02;7.415181e-02;1.733504e-02;3.809929e-02;1.690239e-01;7.682300e-02;4.311977e-01;9.506144e-02;1.844141e-02;6.382769e-03;2.803611e-02
1.631107e-02;5.729386e-02;9.646159e-02;2.712008e-02;4.571711e-02;1.525870e-01;8.375957e-02;3.633648e-01;8.119884e-02;2.847085e-02;1.144204e-02;3.627310e-02
2.043082e-02;5.197886e-02;1.137925e-01;3.172008e-02;7.055931e-02;1.801291e-01;3.105509e-02;3.420264e-01;7.599641e-02;3.185593e-02;1.545613e-02;3.499948e-02
1.352111e-02;3.994184e-02;7.142083e-02;2.468492e-02;9.451244e-02;1.930933e-01;4.351809e-02;3.605831e-01;8.895373e-02;2.207777e-02;1.847802e-02;2.921486e-02
1.029116e-02;3.382515e-02;6.314193e-02;2.268555e-02;9.957872e-02;1.705693e-01;9.603976e-02;3.599314e-01;9.234821e-02;1.109426e-02;1.605742e-02;2.443714e-02
5.648505e-03;3.956922e-02;7.429158e-02;2.735765e-02;8.140428e-02;1.953909e-01;1.410308e-01;2.771567e-01;9.624013e-02;1.492699e-02;2.332800e-02;2.365527e-02
2.624324e-02;5.616885e-02;6.376829e-02;2.094345e-02;7.056332e-02;1.209923e-01;1.488064e-01;2.480937e-01;1.101631e-01;6.497158e-02;2.490448e-02;4.438117e-02
3.406479e-02;6.775243e-02;7.701918e-02;3.172342e-02;4.077732e-02;1.520822e-01;8.579345e-02;3.140227e-01;5.892437e-02;8.482528e-02;2.286593e-02;3.014893e-02
1.368644e-02;3.599895e-02;6.140380e-02;1.523412e-02;2.890401e-02;1.483082e-01;1.033960e-01;3.982252e-01;1.027952e-01;5.152143e-02;1.594583e-02;2.458074e-02
8.276860e-03;1.957085e-02;4.161111e-02;1.451148e-02;1.996727e-02;7.417949e-02;9.219160e-02;4.699938e-01;1.725028e-01;3.680399e-02;1.167429e-02;3.871640e-02
7.832719e-03;1.493425e-02;3.663133e-02;1.048653e-02;1.518871e-02;4.806765e-02;4.571639e-02;5.210385e-01;2.028202e-01;1.722781e-02;1.131852e-02;6.873734e-02
8.699317e-03;1.937526e-02;3.885667e-02;1.593569e-02;1.876038e-02;8.643954e-02;4.486830e-02;4.777038e-01;1.598950e-01;1.810236e-02;2.339356e-02;8.797009e-02
1.743759e-02;3.116989e-02;5.380514e-02;2.592785e-02;3.140318e-02;1.550910e-01;6.006791e-02;3.556842e-01;1.166509e-01;4.118152e-02;3.140089e-02;8.017989e-02
2.928028e-02;4.783302e-02;8.240043e-02;3.662020e-02;4.955332e-02;1.762723e-01;3.238751e-02;2.565902e-01;8.901829e-02;6.850915e-02;4.125045e-02;9.028483e-02
2.500095e-02;3.376698e-02;8.234054e-02;3.278686e-02;3.843777e-02;7.767115e-02;4.573815e-02;3.394063e-01;1.386614e-01;5.729086e-02;2.060668e-02;1.082923e-01
1.661360e-02;2.415349e-02;9.815055e-02;2.910643e-02;2.952304e-02;8.017420e-02;3.576967e-02;3.888600e-01;1.158546e-01;3.329984e-02;1.135510e-02;1.371395e-01
8.612468e-03;1.821800e-02;1.312177e-01;1.919686e-02;1.897822e-02;7.548636e-02;3.984994e-02;4.164921e-01;7.346325e-02;1.930390e-02;1.283816e-02;1.663431e-01
1.182741e-02;1.763304e-02;1.501582e-01;1.508560e-02;1.854871e-02;6.491157e-02;2.395207e-02;4.507403e-01;6.294937e-02;1.664613e-02;8.753458e-03;1.587942e-01
1.996294e-02;2.630995e-02;1.436595e-01;1.142944e-02;2.408089e-02;5.373603e-02;5.006484e-02;4.511718e-01;7.107366e-02;1.549568e-02;1.254437e-02;1.204708e-01
2.717138e-02;4.769702e-02;9.905346e-02;1.055746e-02;2.731790e-02;1.254746e-01;8.160434e-02;3.975326e-01;6.810139e-02;1.596543e-02;3.015335e-02;6.937108e-02
2.824073e-02;6.229043e-02;7.022260e-02;1.217511e-02;2.731440e-02;1.562179e-01;7.235550e-02;3.770329e-01;9.170598e-02;1.698709e-02;3.324265e-02;5.221482e-02
2.430551e-02;4.100562e-02;9.189507e-02;1.606977e-02;3.351447e-02;1.194407e-01;2.619542e-02;3.906138e-01;1.514388e-01;1.653203e-02;2.059733e-02;6.839145e-02
2.818946e-02;1.799188e-02;7.352089e-02;1.793600e-02;3.354796e-02;1.275239e-01;3.139967e-02;4.404234e-01;1.291960e-01;2.561755e-02;8.451984e-03;6.620128e-02
1.612110e-02;3.858611e-02;6.231685e-02;8.417143e-03;2.793174e-02;8.460615e-02;5.639970e-02;5.082111e-01;1.098104e-01;2.254513e-02;8.431299e-03;5.662322e-02
2.314288e-02;4.426874e-02;6.035504e-02;1.238044e-02;2.900403e-02;1.081095e-01;5.542799e-02;4.563432e-01;1.277778e-01;2.527391e-02;1.180021e-02;4.611626e-02
4.727116e-02;3.929700e-02;6.919936e-02;2.010647e-02;3.216121e-02;7.589293e-02;4.882770e-02;4.040276e-01;1.413058e-01;4.966982e-02;2.511083e-02;4.713004e-02
4.377998e-02;5.316835e-02;8.684960e-02;2.115370e-02;3.541292e-02;1.174553e-01;7.115418e-02;2.777865e-01;1.225249e-01;4.774765e-02;5.996883e-02;6.299803e-02
3.879498e-02;1.136350e-01;9.073976e-02;2.406481e-02;4.588994e-02;1.380328e-01;1.487790e-01;1.410216e-01;6.762160e-02;3.266956e-02;1.064868e-01;5.226407e-02
2.850935e-02;1.105942e-01;6.137972e-02;1.406511e-02;3.691866e-02;1.225714e-01;2.156918e-01;2.136946e-01;2.944976e-02;2.775452e-02;1.127837e-01;2.658729e-02
1.202198e-02;9.496494e-02;3.648922e-02;6.726834e-03;2.451910e-02;1.344009e-01;3.068759e-01;2.154468e-01;3.622570e-02;1.788367e-02;9.413387e-02;2.031117e-02
1.667543e-02;7.545372e-02;2.280882e-02;1.122462e-02;1.785252e-02;1.934848e-01;3.468685e-01;1.927177e-01;3.678752e-02;1.056923e-02;5.561569e-02;1.994148e-02
2.466033e-02;5.563452e-02;2.227651e-02;1.747928e-02;2.789743e-02;2.794650e-01;3.174638e-01;1.598771e-01;3.777868e-02;1.367856e-02;2.541782e-02;1.837108e-02
2.499162e-02;4.995846e-02;3.552542e-02;2.090003e-02;3.715165e-02;3.777696e-01;2.329104e-01;1.186029e-01;5.913242e-02;1.417216e-02;1.407534e-02;1.481002e-02
2.205354e-02;5.611042e-02;4.106190e-02;1.103332e-02;2.634641e-02;4.253150e-01;1.075402e-01;2.112799e-01;6.104419e-02;1.396494e-02;1.054426e-02;1.370595e-02
2.555737e-02;5.170172e-02;3.907361e-02;1.113696e-02;2.150463e-02;4.909497e-01;1.022577e-01;1.742753e-01;4.703677e-02;1.078239e-02;5.405445e-03;2.031836e-02
2.029840e-02;3.761850e-02;3.347347e-02;1.587499e-02;2.572645e-02;4.994741e-01;8.884066e-02;2.035250e-01;4.069782e-02;9.784783e-03;4.706408e-03;1.997937e-02
1.363737e-02;3.231490e-02;3.261934e-02;1.217362e-02;2.728282e-02;5.187393e-01;5.592341e-02;2.272257e-01;4.657374e-02;1.305259e-02;4.243155e-03;1.621407e-02
1.673128e-02;3.929813e-02;4.384534e-02;1.033343e-02;2.959830e-02;5.845321e-01;4.164290e-02;1.216126e-01;6.927876e-02;1.809813e-02;6.643899e-03;1.838503e-02
1.382105e-02;3.010871e-02;2.587081e-02;5.446592e-03;2.398730e-02;3.671604e-01;8.715863e-02;3.124413e-01;8.667561e-02;2.201887e-02;8.408939e-03;1.690184e-02
1.330903e-02;3.571706e-02;2.563332e-02;6.466195e-03;1.992105e-02;2.166754e-01;1.022275e-01;4.565928e-01;8.353298e-02;2.010308e-02;6.591927e-03;1.322969e-02
8.440587e-03;4.074577e-02;2.522323e-02;9.042059e-03;2.054361e-02;1.194535e-01;1.009311e-01;5.682338e-01;6.981993e-02;1.807996e-02;8.450699e-03;1.103586e-02
5.215622e-03;4.478795e-02;2.610891e-02;1.396368e-02;1.893885e-02;1.848076e-01;1.239783e-01;4.921042e-01;5.427760e-02;1.128070e-02;1.605553e-02;8.481077e-03
8.387306e-03;4.272236e-02;2.166870e-02;1.408465e-02;1.389520e-02;3.717701e-01;1.273194e-01;3.124905e-01;5.314209e-02;8.990441e-03;1.681013e-02;8.719080e-03
2.106103e-02;4.225216e-02;4.092537e-02;1.598052e-02;2.117347e-02;5.455777e-01;8.781216e-02;1.210539e-01;5.613327e-02;1.425328e-02;2.025610e-02;1.352103e-02
2.269838e-02;4.154802e-02;8.747744e-02;2.582827e-02;3.684589e-02;4.453510e-01;4.275028e-02;1.956175e-01;5.720733e-02;1.541627e-02;1.508142e-02;1.417822e-02
1.892132e-02;6.718959e-02;1.565154e-01;4.180418e-02;4.064268e-02;1.342807e-01;7.971445e-02;3.488261e-01;6.631194e-02;1.306247e-02;1.889801e-02;1.383316e-02
1.670570e-02;1.018994e-01;1.859735e-01;3.516160e-02;3.276914e-02;1.351620e-01;8.494683e-02;3.152261e-01;5.640857e-02;1.253461e-02;1.320676e-02;1.000574e-02
2.158045e-02;1.631484e-01;1.950414e-01;2.488636e-02;4.372048e-02;1.833950e-01;3.528697e-02;2.351250e-01;4.251901e-02;2.182504e-02;1.442939e-02;1.904249e-02
2.099956e-02;1.502163e-01;1.739070e-01;2.022395e-02;3.461517e-02;3.487545e-01;4.064425e-02;1.226969e-01;3.397322e-02;2.353027e-02;1.189297e-02;1.854589e-02
1.936688e-02;1.167384e-01;1.322550e-01;1.080126e-02;2.368028e-02;3.578503e-01;4.493164e-02;2.077145e-01;4.597748e-02;1.916230e-02;1.135954e-02;1.016230e-02
1.868500e-02;9.651411e-02;8.833760e-02;9.732860e-03;1.690746e-02;3.018352e-01;3.601582e-02;3.291741e-01;6.544928e-02;1.819424e-02;9.415952e-03;9.738382e-03
2.726101e-02;8.258459e-02;9.085747e-02;1.701692e-02;2.314337e-02;2.697358e-01;2.504317e-02;3.539299e-01;6.886651e-02;1.721679e-02;9.787261e-03;1.455711e-02
3.919816e-02;1.106637e-01;1.457695e-01;2.096855e-02;3.353943e-02;2.073295e-01;6.870406e-02;2.474533e-01;6.751494e-02;2.253773e-02;1.470983e-02;2.161128e-02
4.505330e-02;1.981978e-01;2.154976e-01;1.930432e-02;3.072687e-02;1.445466e-01;9.845109e-02;1.093878e-01;7.766094e-02;2.394417e-02;1.229327e-02;2.493618e-02
3.451721e-02;1.313412e-01;1.529001e-01;1.881949e-02;2.209331e-02;1.947051e-01;1.216516e-01;1.834443e-01;8.417447e-02;1.794018e-02;1.431647e-02;2.409652e-02
3.018592e-02;1.016246e-01;1.132586e-01;1.544368e-02;1.954127e-02;1.920542e-01;1.239950e-01;2.424565e-01;8.820411e-02;2.524086e-02;1.538291e-02;3.261237e-02
3.636049e-02;2.025994e-01;1.861508e-01;1.219528e-02;1.876641e-02;1.433819e-01;8.066744e-02;1.648961e-01;6.928106e-02;3.616929e-02;1.913564e-02;3.039614e-02
2.930713e-02;2.246967e-01;3.273620e-01;2.788739e-02;1.574183e-02;8.731331e-02;4.436101e-02;8.101264e-02;6.045182e-02;6.158873e-02;1.914833e-02;2.112911e-02
2.060489e-02;1.535337e-01;4.071963e-01;5.574561e-02;1.531016e-02;9.236491e-02;4.135499e-02;5.847445e-02;3.907983e-02;8.898519e-02;1.371639e-02;1.363359e-02
2.616356e-02;1.122569e-01;4.278428e-01;8.300237e-02;1.782454e-02;7.190412e-02;5.422732e-02;6.927282e-02;3.403985e-02;8.213545e-02;1.226065e-02;9.069652e-03
2.354879e-02;1.081429e-01;4.065332e-01;1.268806e-01;2.683281e-02;6.607000e-02;4.726159e-02;7.740896e-02;5.147910e-02;5.328017e-02;6.248360e-03;6.313564e-03
1.441257e-02;9.924376e-02;3.407259e-01;2.047775e-01;6.089218e-02;4.192698e-02;3.233064e-02;8.258613e-02;5.408533e-02;3.936749e-02;2.399738e-02;5.654118e-03
1.128899e-02;7.274842e-02;1.925176e-01;2.509819e-01;1.428078e-01;1.181300e-01;2.796436e-02;6.546573e-02;3.397783e-02;3.523175e-02;3.443069e-02;1.445493e-02
1.548448e-02;5.612946e-02;1.237118e-01;1.760501e-01;2.179549e-01;2.000583e-01;4.656904e-02;4.238309e-02;5.055849e-02;3.173796e-02;1.609141e-02;2.327100e-02
1.859284e-02;4.918426e-02;1.266701e-01;6.001356e-02;1.504372e-01;3.710175e-01;5.809820e-02;7.061100e-02;4.880803e-02;2.643248e-02;7.418652e-03;1.271617e-02
2.687523e-02;3.165336e-02;9.434138e-02;4.571811e-02;4.627469e-02;4.839536e-01;7.857435e-02;9.897564e-02;2.917452e-02;5.069926e-02;7.316167e-03;6.443711e-03
2.545662e-02;3.581289e-02;8.872388e-02;3.947581e-02;2.320437e-02;3.969337e-01;2.391148e-01;6.754064e-02;2.285098e-02;5.060134e-02;5.033079e-03;5.251835e-03
1.111299e-02;5.036356e-02;7.804326e-02;4.309500e-02;3.386154e-02;2.048921e-01;4.012137e-01;9.651357e-02;3.607034e-02;2.736228e-02;1.245278e-02;5.018891e-03
4.695268e-03;5.155110e-02;4.778687e-02;2.902490e-02;3.883563e-02;1.703460e-01;4.391225e-01;1.372579e-01;4.443590e-02;1.345023e-02;2.049205e-02;3.001679e-03
5.015561e-03;5.087019e-02;5.146657e-02;1.244900e-02;4.608205e-02;1.432482e-01;4.394211e-01;1.686244e-01;3.953547e-02;1.055391e-02;2.898300e-02;3.750513e-03
9.372386e-03;4.337180e-02;7.486785e-02;2.288240e-02;5.961166e-02;1.262313e-01;3.773569e-01;2.015906e-01;3.584958e-02;1.506770e-02;2.829303e-02;5.504744e-03
1.391147e-02;1.053752e-01;1.295118e-01;2.606975e-02;5.312683e-02;1.214894e-01;2.910586e-01;1.564854e-01;4.747322e-02;2.244651e-02;2.688011e-02;6.171721e-03
1.421627e-02;1.180671e-01;2.182598e-01;4.343112e-02;5.844109e-02;1.090895e-01;2.741510e-01;5.436406e-02;5.598320e-02;2.210452e-02;2.639292e-02;5.499535e-03
1.325493e-02;1.172645e-01;2.453123e-01;6.043845e-02;3.944252e-02;1.656987e-01;2.087878e-01;8.536323e-02;3.653978e-02;1.383305e-02;8.083734e-03;5.981093e-03
1.964725e-02;1.387457e-01;2.176528e-01;3.169383e-02;2.751722e-02;2.602162e-01;1.419138e-01;1.195099e-01;1.868356e-02;1.018927e-02;7.216933e-03;7.013515e-03
1.652507e-02;1.104635e-01;2.209761e-01;4.805116e-02;5.035568e-02;2.396778e-01;1.200400e-01;1.437018e-01;2.382484e-02;1.079647e-02;6.703723e-03;8.883924e-03
1.197562e-02;8.034147e-02;1.902523e-01;6.129479e-02;3.241431e-02;2.608476e-01;1.422169e-01;1.654409e-01;3.174347e-02;9.500049e-03;6.565517e-03;7.407067e-03
1.680330e-02;1.091692e-01;2.166566e-01;6.193845e-02;2.816722e-02;1.642872e-01;1.621235e-01;1.868808e-01;2.594203e-02;1.017966e-02;8.783563e-03;9.068345e-03
1.628578e-02;1.350635e-01;2.629881e-01;6.453983e-02;3.056343e-02;9.518694e-02;1.268955e-01;1.911921e-01;3.558016e-02;1.798730e-02;1.051044e-02;1.320701e-02
9.192689e-03;9.010863e-02;2.117821e-01;5.714143e-02;2.746617e-02;2.277404e-01;3.538684e-02;2.314236e-01;6.393481e-02;2.412799e-02;8.938113e-03;1.275716e-02
1.269276e-02;5.801382e-02;1.458988e-01;5.095625e-02;3.177898e-02;1.497077e-01;3.199086e-02;3.697977e-01;1.019686e-01;2.638572e-02;1.025376e-02;1.055509e-02
9.899556e-03;5.080257e-02;8.570597e-02;2.572339e-02;2.149276e-02;2.347960e-01;1.029916e-01;3.573996e-01;7.558067e-02;1.648603e-02;1.215443e-02;6.967342e-03
8.880825e-03;5.340394e-02;8.328831e-02;2.613265e-02;1.653998e-02;3.243627e-01;1.382434e-01;2.858872e-01;4.005072e-02;1.113276e-02;9.353891e-03;2.723688e-03
1.394463e-02;5.330579e-02;8.847883e-02;3.422820e-02;3.025329e-02;4.050741e-01;1.142046e-01;1.966103e-01;3.638489e-02;1.505982e-02;7.898663e-03;4.556890e-03
1.917599e-02;7.014930e-02;1.005799e-01;4.679766e-02;6.978495e-02;3.949916e-01;1.043297e-01;1.038944e-01;4.858086e-02;2.008653e-02;1.034007e-02;1.128909e-02
1.559064e-02;8.304433e-02;1.474383e-01;8.985810e-02;8.886338e-02;1.952669e-01;7.726842e-02;1.906689e-01;5.956630e-02;1.745424e-02;1.688176e-02;1.809864e-02
1.062152e-02;5.759391e-02;8.522029e-02;8.880819e-02;4.135784e-02;2.147232e-01;5.100419e-02;3.098222e-01;6.713133e-02;2.596424e-02;2.352322e-02;2.422994e-02
2.283126e-02;7.297274e-02;7.101445e-02;7.084303e-02;3.652725e-02;1.916615e-01;7.847125e-02;2.844843e-01;7.374652e-02;3.589030e-02;3.674306e-02;2.481422e-02
2.582398e-02;9.639522e-02;9.467279e-02;6.611432e-02;3.498710e-02;1.943811e-01;8.074301e-02;2.234550e-01;7.969762e-02;4.071083e-02;4.133190e-02;2.168720e-02
2.070902e-02;8.885124e-02;8.495148e-02;5.724264e-02;3.968909e-02;3.749635e-01;9.322474e-02;9.738468e-02;6.027538e-02;3.594798e-02;2.996076e-02;1.679949e-02
1.285279e-02;8.123603e-02;9.135900e-02;4.042752e-02;5.756393e-02;3.150023e-01;8.948021e-02;2.111229e-01;5.972262e-02;1.901709e-02;1.146089e-02;1.075475e-02
1.690271e-02;5.337043e-02;9.692691e-02;5.242099e-02;4.761543e-02;2.220596e-01;1.010241e-01;2.993684e-01;7.015734e-02;2.165618e-02;8.796473e-03;9.701406e-03
1.952921e-02;4.066104e-02;8.097592e-02;2.780734e-02;4.281143e-02;2.154744e-01;1.513912e-01;3.074722e-01;6.491779e-02;2.516273e-02;6.562516e-03;1.723430e-02
2.884542e-02;6.002055e-02;1.066192e-01;4.919905e-02;5.203469e-02;1.207994e-01;2.087844e-01;2.333182e-01;5.796456e-02;3.374280e-02;1.365012e-02;3.502150e-02
3.016892e-02;7.109188e-02;6.066139e-02;4.497638e-02;4.446429e-02;1.846697e-01;1.402175e-01;8.220898e-02;1.078300e-01;1.044423e-01;8.748483e-02;4.178382e-02
2.501464e-02;7.874584e-02;6.988071e-02;1.609399e-02;2.981557e-02;1.164378e-01;5.876503e-02;1.433857e-01;9.943420e-02;1.770454e-01;1.490601e-01;3.632095e-02
2.895482e-02;7.106457e-02;1.099050e-01;1.439800e-02;2.461192e-02;6.724659e-02;2.387640e-02;1.080827e-01;7.405776e-02;1.823918e-01;2.706600e-01;2.475051e-02
2.437187e-02;3.905742e-02;1.453184e-01;2.178309e-02;2.504118e-02;7.801327e-02;1.282611e-02;7.360504e-02;7.732095e-02;9.796730e-02;3.833281e-01;2.136727e-02
8.051337e-03;2.560766e-02;1.596247e-01;2.976353e-02;2.692436e-02;7.517768e-02;2.233383e-02;5.915016e-02;7.806161e-02;2.378388e-02;4.024450e-01;8.907633e-02
2.432283e-02;2.915047e-02;1.226554e-01;3.654488e-02;1.920137e-02;8.573651e-02;4.984434e-02;4.342965e-02;7.149062e-02;1.409118e-02;2.876492e-01;2.158836e-01
6.331186e-02;4.982694e-02;7.271454e-02;3.680177e-02;1.849797e-02;6.057668e-02;9.417828e-02;4.368858e-02;4.106001e-02;4.384238e-02;1.001415e-01;3.753595e-01
1.626337e-01;6.040655e-02;5.305699e-02;1.987406e-02;1.599005e-02;7.642560e-02;7.749226e-02;1.336902e-01;2.450627e-02;5.430800e-02;4.519841e-02;2.764179e-01
2.426863e-01;8.491296e-02;6.281706e-02;2.351413e-02;2.684309e-02;1.612695e-01;4.169866e-02;2.274382e-01;2.095095e-02;2.883032e-02;3.376295e-02;4.527593e-02
2.520320e-01;1.073972e-01;5.122644e-02;1.994552e-02;4.119766e-02;1.501493e-01;3.631051e-02;2.242137e-01;1.313680e-02;2.430051e-02;2.833852e-02;5.175189e-02
2.618653e-01;1.159697e-01;5.815280e-02;2.402072e-02;5.110484e-02;8.672117e-02;3.576575e-02;2.581800e-01;1.992863e-02;2.564375e-02;2.933489e-02;3.331251e-02
2.700051e-01;1.044998e-01;4.527689e-02;3.845887e-02;5.278850e-02;2.573746e-02;2.813963e-02;2.935136e-01;3.113341e-02;1.846784e-02;5.115010e-02;4.082877e-02
2.146184e-01;8.274318e-02;5.738522e-02;6.069265e-02;3.318492e-02;5.717431e-02;3.317748e-02;2.480792e-01;4.512447e-02;2.466083e-02;5.711367e-02;8.604563e-02
1.393860e-01;1.090786e-01;8.547458e-02;6.416397e-02;3.763511e-02;6.970284e-02;4.166845e-02;1.863030e-01;7.948184e-02;3.733480e-02;5.399388e-02;9.577690e-02
1.101281e-01;8.455084e-02;7.092354e-02;5.713926e-02;3.582617e-02;1.320743e-01;4.729578e-02;1.895361e-01;7.401595e-02;5.294288e-02;7.365390e-02;7.191311e-02
1.187934e-01;1.069702e-01;8.111710e-02;4.797704e-02;2.840651e-02;1.047584e-01;6.676538e-02;1.748560e-01;6.405727e-02;5.613404e-02;1.146860e-01;3.547878e-02
1.080690e-01;1.800072e-01;1.048272e-01;4.680012e-02;2.795158e-02;1.161350e-01;7.707366e-02;8.163023e-02;5.854972e-02;3.021717e-02;1.015764e-01;6.716266e-02
7.627766e-02;1.340830e-01;1.189574e-01;5.828701e-02;4.918549e-02;1.540136e-01;7.254474e-02;1.257634e-01;2.214646e-02;2.377969e-02;5.702801e-02;1.079334e-01
5.641512e-02;7.784907e-02;1.068833e-01;4.943881e-02;5.087861e-02;1.312184e-01;5.870225e-02;1.607421e-01;5.804983e-02;1.846565e-02;1.166903e-01;1.146664e-01
5.537407e-02;5.843631e-02;8.060157e-02;2.787124e-02;4.356501e-02;8.860349e-02;7.592633e-02;1.380791e-01;1.029625e-01;7.726084e-02;1.322625e-01;1.190569e-01
5.332937e-02;5.593602e-02;5.041162e-02;2.214294e-02;3.287280e-02;1.257556e-01;6.454752e-02;7.746856e-02;6.642711e-02;1.305444e-01;2.176200e-01;1.029440e-01
4.548934e-02;5.893146e-02;3.410165e-02;1.721929e-02;2.026712e-02;1.164107e-01;4.650080e-02;7.660947e-02;6.160137e-02;1.584124e-01;3.095955e-01;5.486095e-02
3.447709e-02;6.542861e-02;3.588760e-02;8.418422e-03;2.846958e-02;8.766130e-02;3.102538e-02;1.370197e-01;6.693138e-02;2.242130e-01;2.671527e-01;1.331518e-02
3.018389e-02;8.446692e-02;4.562132e-02;1.482494e-02;2.997434e-02;8.473239e-02;3.116115e-02;1.914034e-01;7.540583e-02;2.513280e-01;1.381391e-01;2.275877e-02
2.909581e-02;1.019525e-01;4.713111e-02;1.954284e-02;3.723291e-02;1.041024e-01;4.234036e-02;1.797806e-01;7.442904e-02;2.532235e-01;6.941701e-02;4.175200e-02
1.802824e-02;9.316614e-02;4.399391e-02;1.642848e-02;5.712406e-02;4.254013e-02;1.914892e-02;1.102812e-01;1.352282e-01;3.337629e-01;9.158146e-02;3.871636e-02
1.372389e-02;7.330475e-02;2.700038e-02;1.070689e-02;6.584837e-02;3.956611e-02;1.875814e-02;5.982773e-02;1.461252e-01;4.449894e-01;6.563664e-02;3.451246e-02
1.505085e-02;4.896989e-02;2.439281e-02;1.205679e-02;5.291298e-02;4.372860e-02;3.552847e-02;5.714520e-02;2.129582e-01;4.482917e-01;2.314257e-02;2.582195e-02
2.039511e-02;3.690335e-02;2.639955e-02;3.106556e-02;3.249258e-02;3.816677e-02;5.810046e-02;1.231770e-01;2.990695e-01;2.950944e-01;2.164239e-02;1.749325e-02
1.893958e-02;3.029376e-02;2.883245e-02;4.839241e-02;1.740238e-02;5.759834e-02;7.901205e-02;1.861462e-01;2.940330e-01;1.985447e-01;1.962414e-02;2.118095e-02
1.920443e-02;3.184253e-02;6.682718e-02;4.903403e-02;1.018085e-02;8.510404e-02;8.189864e-02;2.838389e-01;1.801150e-01;1.399775e-01;2.508962e-02;2.688728e-02
2.709805e-02;3.729856e-02;1.162402e-01;2.782245e-02;1.530059e-02;7.774314e-02;5.128721e-02;4.122818e-01;1.150310e-01;6.178761e-02;2.843825e-02;2.967113e-02
3.382920e-02;5.173718e-02;1.110161e-01;1.295356e-02;1.180356e-02;6.657732e-02;3.546373e-02;4.629285e-01;1.082395e-01;5.264343e-02;2.755176e-02;2.525606e-02
4.069866e-02;7.021130e-02;1.054636e-01;1.124774e-02;9.898624e-03;6.898901e-02;3.508799e-02;4.936833e-01;5.308238e-02;5.235153e-02;3.562520e-02;2.366070e-02
3.117576e-02;7.538121e-02;6.691946e-02;1.434094e-02;1.768789e-02;1.098568e-01;4.812573e-02;4.332008e-01;9.813549e-02;4.720116e-02;3.972217e-02;1.825264e-02
2.540186e-02;9.645699e-02;5.561387e-02;1.832888e-02;1.861804e-02;1.242475e-01;7.621625e-02;3.521464e-01;1.102970e-01;6.000478e-02;4.471648e-02;1.795192e-02
1.712613e-02;1.055875e-01;7.314861e-02;2.727270e-02;2.018553e-02;1.286301e-01;1.148520e-01;3.260217e-01;5.995176e-02;6.980441e-02;3.286112e-02;2.455844e-02
1.250408e-02;7.702532e-02;8.316845e-02;2.880189e-02;2.765261e-02;7.873590e-02;1.630404e-01;3.582554e-01;7.646298e-02;4.748376e-02;2.295442e-02;2.391481e-02
9.590290e-03;6.661020e-02;6.297413e-02;2.168621e-02;2.399066e-02;4.819110e-02;2.174833e-01;4.001177e-01;6.541225e-02;2.318798e-02;3.815534e-02;2.260091e-02
1.494241e-02;6.861432e-02;4.752926e-02;1.200285e-02;1.875998e-02;8.827090e-02;2.819152e-01;3.064725e-01;4.544228e-02;3.819596e-02;5.865032e-02;1.920396e-02
2.996569e-02;8.763546e-02;6.720712e-02;6.133403e-03;1.813223e-02;1.277332e-01;2.681469e-01;1.881203e-01;6.152781e-02;6.527752e-02;6.316230e-02;1.695803e-02
4.461675e-02;1.331587e-01;1.229699e-01;1.802616e-02;1.302105e-02;1.105326e-01;2.209671e-01;1.628257e-01;5.566464e-02;4.642447e-02;4.445403e-02;2.733883e-02
3.485255e-02;1.421915e-01;1.031221e-01;1.645633e-02;1.629154e-02;7.655261e-02;1.478526e-01;2.168731e-01;1.218941e-01;3.367856e-02;4.849501e-02;4.173986e-02
2.683178e-02;1.111975e-01;6.620280e-02;1.562238e-02;2.018320e-02;1.352814e-01;1.147932e-01;2.947080e-01;1.129128e-01;3.100317e-02;2.437351e-02;4.689030e-02
2.940762e-02;7.533231e-02;7.184792e-02;1.506477e-02;2.671859e-02;1.212987e-01;7.378630e-02;3.259276e-01;6.424376e-02;7.419375e-02;6.460546e-02;5.757315e-02
7.560158e-02;6.839459e-02;5.822213e-02;2.465962e-02;2.522232e-02;3.523511e-02;5.219075e-02;2.830138e-01;1.257172e-01;1.232106e-01;5.546376e-02;7.306854e-02
9.406643e-02;7.160137e-02;2.971501e-02;4.701380e-02;1.549298e-02;7.361741e-02;8.094345e-02;2.195472e-01;1.182514e-01;9.838636e-02;5.847919e-02;9.288536e-02
8.006688e-02;6.569728e-02;5.233807e-02;4.181666e-02;2.302335e-02;5.362368e-02;1.500197e-01;1.736677e-01;8.395261e-02;7.342646e-02;1.031788e-01;9.918875e-02
3.486957e-02;6.520683e-02;6.304032e-02;2.264486e-02;2.567161e-02;9.031992e-02;1.431022e-01;2.416922e-01;6.961314e-02;4.842365e-02;1.341772e-01;6.123859e-02
1.782790e-02;5.920738e-02;6.356271e-02;1.467739e-02;2.366128e-02;9.713686e-02;1.661025e-01;3.153278e-01;5.183645e-02;3.252386e-02;1.183267e-01;3.980922e-02
8.962261e-03;4.529714e-02;5.141413e-02;6.712831e-03;1.683185e-02;1.136428e-01;2.555943e-01;3.522045e-01;2.174024e-02;2.194589e-02;7.994251e-02;2.571153e-02
1.093429e-02;3.761220e-02;3.338118e-02;4.353749e-03;1.360572e-02;1.746118e-01;2.908919e-01;2.862982e-01;4.269948e-02;2.128977e-02;6.857575e-02;1.574597e-02
1.740560e-02;2.854244e-02;3.148890e-02;7.708202e-03;1.747254e-02;2.536754e-01;3.032770e-01;1.887854e-01;6.460866e-02;2.390550e-02;5.243176e-02;1.069859e-02
2.296972e-02;5.028668e-02;4.497115e-02;8.971934e-03;1.803519e-02;3.231242e-01;2.221824e-01;1.986926e-01;4.997171e-02;2.674984e-02;2.085748e-02;1.318710e-02
1.578273e-02;4.870939e-02;4.577232e-02;5.364152e-03;1.205256e-02;3.593957e-01;1.233260e-01;2.981630e-01;4.941346e-02;1.553812e-02;1.176019e-02;1.472236e-02
1.074253e-02;3.864027e-02;3.897034e-02;2.929916e-03;7.871869e-03;3.661727e-01;8.729047e-02;3.286456e-01;6.608625e-02;2.050228e-02;2.148750e-02;1.066027e-02
1.470883e-02;4.330122e-02;5.054959e-02;4.581028e-03;1.059951e-02;4.600392e-01;5.304633e-02;2.631849e-01;5.059555e-02;2.497569e-02;1.409645e-02;1.032169e-02
1.037049e-02;4.394616e-02;4.899969e-02;7.917922e-03;1.618472e-02;5.030023e-01;6.781781e-02;2.022800e-01;3.918212e-02;2.569811e-02;1.805136e-02;1.654928e-02
6.811808e-03;3.094856e-02;4.098710e-02;1.322901e-02;1.932107e-02;4.050709e-01;7.047398e-02;3.079448e-01;5.690668e-02;1.923051e-02;1.377323e-02;1.530235e-02
9.020115e-03;3.093404e-02;3.701238e-02;9.651367e-03;1.962961e-02;3.398036e-01;9.656010e-02;3.250006e-01;9.510915e-02;1.543499e-02;7.476577e-03;1.436748e-02
1.382747e-02;3.651306e-02;3.078358e-02;1.198699e-02;1.759353e-02;3.238132e-01;1.531946e-01;2.604702e-01;1.126968e-01;2.081436e-02;6.556109e-03;1.175013e-02
2.594692e-02;2.592701e-02;4.059463e-02;1.722624e-02;1.776213e-02;4.164924e-01;1.115338e-01;1.840256e-01;9.921341e-02;3.560844e-02;1.606587e-02;9.603532e-03
3.939622e-02;2.144260e-02;3.277810e-02;1.351745e-02;1.349412e-02;5.456264e-01;4.907457e-02;1.450515e-01;6.612510e-02;3.799816e-02;2.873489e-02;6.760911e-03
4.072706e-02;2.402470e-02;2.052247e-02;7.993391e-03;1.902312e-02;5.452020e-01;9.993140e-02;1.328423e-01;2.714863e-02;4.294521e-02;3.281870e-02;6.820975e-03
4.241418e-02;1.849448e-02;1.422277e-02;8.026679e-03;1.426717e-02;5.391352e-01;7.147495e-02;1.961389e-01;2.370871e-02;4.186428e-02;2.409313e-02;6.159539e-03
4.660500e-02;1.938777e-02;1.450706e-02;9.066577e-03;1.066876e-02;5.491220e-01;4.328837e-02;2.248480e-01;2.373019e-02;3.633906e-02;1.366893e-02;8.768233e-03
4.836953e-02;1.829706e-02;1.525415e-02;8.524558e-03;1.473635e-02;5.567207e-01;5.674772e-02;2.013492e-01;2.263585e-02;3.373934e-02;1.656643e-02;7.059095e-03
4.625420e-02;2.176748e-02;2.733556e-02;7.713304e-03;1.666039e-02;5.567542e-01;7.352469e-02;1.254959e-01;5.849952e-02;4.178969e-02;1.830027e-02;5.904862e-03
3.219325e-02;1.954220e-02;2.972050e-02;6.856069e-03;5.490703e-02;5.360281e-01;9.172281e-02;8.630514e-02;6.710017e-02;4.304444e-02;1.034718e-02;2.223314e-02
1.615189e-02;1.610113e-02;3.725302e-02;8.834090e-03;1.245732e-01;4.230578e-01;1.537751e-01;4.340974e-02;7.651338e-02;2.753548e-02;3.922063e-03;6.887302e-02
1.958338e-02;1.212929e-02;3.968287e-02;2.138546e-02;1.954004e-01;2.590896e-01;1.667667e-01;4.836190e-02;7.353561e-02;1.383243e-02;9.291952e-03;1.409405e-01
1.493669e-02;1.166061e-02;3.419238e-02;3.305719e-02;2.457193e-01;1.724098e-01;1.371008e-01;4.622351e-02;4.546454e-02;5.672580e-03;2.140412e-02;2.321584e-01
1.468191e-02;1.779536e-02;3.665186e-02;3.035391e-02;2.398288e-01;1.917047e-01;9.404778e-02;2.122599e-02;3.061499e-02;7.391201e-03;1.385228e-02;3.018512e-01
1.654826e-02;2.523103e-02;4.581462e-02;2.728976e-02;2.157697e-01;1.481086e-01;8.547813e-02;3.346097e-02;3.726232e-02;7.461661e-03;6.774257e-03;3.508007e-01
2.042758e-02;1.842940e-02;4.091579e-02;2.021172e-02;1.930936e-01;1.274692e-01;7.569080e-02;4.142206e-02;5.799651e-02;5.494796e-03;2.013043e-02;3.787181e-01
1.518635e-02;8.741287e-03;6.118550e-02;1.445163e-02;1.722399e-01;1.568571e-01;6.275409e-02;4.306375e-02;6.499070e-02;5.500903e-03;1.112537e-02;3.839034e-01
2.834443e-02;1.161670e-02;7.840599e-02;1.209865e-02;1.566792e-01;1.488706e-01;5.556533e-02;2.925662e-02;7.267383e-02;4.332967e-03;1.044659e-02;3.917091e-01
4.428423e-02;1.432378e-02;1.017863e-01;1.159921e-02;1.461799e-01;1.119797e-01;4.072538e-02;2.417825e-02;9.375421e-02;8.523338e-03;9.116506e-03;3.935492e-01
8.679813e-02;1.584296e-02;1.095259e-01;9.865995e-03;1.156651e-01;2.165050e-01;2.897433e-02;4.126618e-02;8.258145e-02;1.425658e-02;7.282728e-03;2.714357e-01
1.649739e-01;1.539502e-02;6.560531e-02;1.337794e-02;9.829228e-02;3.917279e-01;1.959437e-02;4.481064e-02;3.996497e-02;2.270895e-02;7.796837e-03;1.157519e-01
2.213286e-01;1.372755e-02;2.058938e-02;1.304768e-02;6.491350e-02;4.468707e-01;1.906193e-02;5.406809e-02;2.153967e-02;5.154349e-02;4.404940e-03;6.890442e-02
2.543881e-01;8.762226e-03;7.138846e-03;6.477591e-03;4.632507e-02;4.434499e-01;1.487158e-02;7.710039e-02;1.050375e-02;8.187982e-02;2.644309e-03;4.645837e-02
2.637152e-01;9.018155e-03;1.134170e-02;9.016079e-03;1.836831e-02;4.188910e-01;1.576268e-02;7.725691e-02;2.057475e-02;1.210747e-01;5.657692e-03;2.932288e-02
2.561339e-01;1.015912e-02;1.155270e-02;2.052542e-02;1.192980e-02;3.911372e-01;2.126113e-02;6.722499e-02;2.537104e-02;1.468356e-01;5.197779e-03;3.267129e-02
2.144200e-01;1.364554e-02;1.391809e-02;3.055346e-02;4.187752e-02;3.532215e-01;3.156908e-02;9.262896e-02;2.277236e-02;1.246353e-01;6.237473e-03;5.452070e-02
1.661704e-01;2.592965e-02;5.053553e-02;4.757335e-02;8.467817e-02;2.869889e-01;2.374543e-02;1.243963e-01;2.608443e-02;8.576750e-02;1.142209e-02;6.670830e-02
1.094587e-01;5.509777e-02;1.330956e-01;5.246302e-02;9.351579e-02;2.179387e-01;3.929853e-02;1.266286e-01;3.105660e-02;3.860363e-02;1.180254e-02;9.104055e-02
6.257830e-02;8.920188e-02;1.977865e-01;3.546657e-02;6.722627e-02;2.320396e-01;3.891036e-02;7.340959e-02;5.065432e-02;3.187006e-02;1.323694e-02;1.076196e-01
9.278808e-02;1.248287e-01;2.229402e-01;1.873210e-02;7.584354e-02;2.338573e-01;2.361634e-02;4.156673e-02;5.868779e-02;2.432405e-02;7.600246e-03;7.521479e-02
9.057922e-02;1.363892e-01;2.096578e-01;1.307154e-02;6.598328e-02;2.869951e-01;2.175839e-02;5.168299e-02;3.749080e-02;3.920624e-02;6.935614e-03;4.024982e-02
6.696097e-02;1.481392e-01;2.429569e-01;1.696136e-02;6.537052e-02;2.815345e-01;2.476903e-02;4.883052e-02;2.802213e-02;4.166011e-02;6.555104e-03;2.823978e-02
5.740428e-02;1.613769e-01;2.440889e-01;2.014811e-02;6.474014e-02;2.345322e-01;3.616533e-02;7.908274e-02;2.523666e-02;3.725522e-02;7.764868e-03;3.220459e-02
5.545828e-02;1.458654e-01;2.431209e-01;2.715928e-02;3.871194e-02;2.213780e-01;4.649115e-02;8.880778e-02;3.673539e-02;3.840102e-02;1.387835e-02;4.399246e-02
5.042781e-02;1.149851e-01;2.401021e-01;5.957373e-02;5.428894e-02;2.271900e-01;3.029172e-02;7.124203e-02;3.046603e-02;3.561656e-02;4.362648e-02;4.218949e-02
4.963742e-02;9.154877e-02;2.661909e-01;1.079304e-01;7.116097e-02;1.840141e-01;2.590407e-02;3.985786e-02;2.827563e-02;3.509638e-02;6.600577e-02;3.437770e-02
4.382403e-02;8.611488e-02;3.171155e-01;1.179691e-01;6.171540e-02;1.354377e-01;2.058589e-02;4.389500e-02;2.340840e-02;7.490589e-02;4.517076e-02;2.985755e-02
2.985474e-02;1.438986e-01;3.375349e-01;8.777326e-02;3.096588e-02;8.786102e-02;1.530153e-02;5.612234e-02;3.925323e-02;9.943365e-02;1.819252e-02;5.380825e-02
3.501454e-02;2.191371e-01;2.789409e-01;4.933118e-02;2.914063e-02;6.464884e-02;2.072127e-02;5.172134e-02;7.460379e-02;8.374453e-02;1.577391e-02;7.722197e-02
4.335525e-02;2.726678e-01;2.162402e-01;2.416155e-02;2.422795e-02;8.616742e-02;2.610108e-02;5.110942e-02;1.078592e-01;5.181433e-02;2.539755e-02;7.089824e-02
5.206567e-02;2.730579e-01;1.961218e-01;2.780110e-02;3.287312e-02;1.033167e-01;2.731507e-02;6.697462e-02;1.053491e-01;3.339909e-02;3.894316e-02;4.278251e-02
5.624374e-02;2.574846e-01;1.803704e-01;3.373651e-02;5.092787e-02;1.175217e-01;2.570418e-02;1.052056e-01;7.244581e-02;2.856521e-02;4.101344e-02;3.078090e-02
8.555855e-02;1.675921e-01;2.330144e-01;3.336978e-02;6.599225e-02;1.044523e-01;1.944001e-02;1.386426e-01;4.318745e-02;2.586934e-02;2.703322e-02;5.584792e-02
8.796705e-02;5.769267e-02;1.855379e-01;4.140319e-02;7.530320e-02;2.099495e-01;3.691441e-02;1.475440e-01;3.401134e-02;2.992388e-02;2.290044e-02;7.085238e-02
7.130051e-02;1.133184e-01;1.387922e-01;2.820143e-02;5.589633e-02;2.768579e-01;3.647547e-02;1.197079e-01;3.009981e-02;3.232188e-02;2.187704e-02;7.515099e-02
9.885122e-02;6.662520e-02;1.316057e-01;2.134502e-02;5.389694e-02;3.055086e-01;3.783910e-02;1.010102e-01;5.717994e-02;3.059290e-02;3.119105e-02;6.435414e-02
1.216095e-01;1.104556e-01;2.267832e-01;1.920278e-02;6.847464e-02;2.042331e-01;3.300177e-02;6.359534e-02;5.266377e-02;2.023379e-02;3.235289e-02;4.739370e-02
1.107530e-01;1.970868e-01;3.133831e-01;2.951656e-02;6.348900e-02;6.830969e-02;1.985508e-02;5.655541e-02;3.249179e-02;2.495055e-02;2.542514e-02;5.818381e-02
8.182964e-02;2.308023e-01;2.699389e-01;3.452219e-02;3.637104e-02;1.391741e-01;3.191501e-02;3.530771e-02;3.348926e-02;3.996207e-02;1.651514e-02;5.017254e-02
5.863005e-02;2.031551e-01;2.775336e-01;1.900558e-02;5.409713e-02;2.044218e-01;2.132940e-02;4.273050e-02;2.966810e-02;3.841496e-02;1.559407e-02;3.541983e-02
4.962341e-02;1.576491e-01;2.484667e-01;4.428856e-02;7.781620e-02;2.242989e-01;1.306747e-02;6.455071e-02;3.962647e-02;3.825080e-02;1.604099e-02;2.632065e-02
5.441298e-02;1.420559e-01;1.884699e-01;5.558679e-02;8.905179e-02;2.199723e-01;3.748406e-02;6.307387e-02;4.437515e-02;5.200265e-02;2.567329e-02;2.784133e-02
