4.720923e-02;7.584652e-02;1.520507e-01;6.392174e-02;1.221964e-01;4.034864e-02;1.034312e-01;6.133317e-02;7.895936e-02;1.171777e-01;7.878840e-02;5.873689e-02
2.408328e-02;4.682236e-02;2.384440e-01;7.248361e-02;1.673529e-01;3.643529e-02;8.623873e-02;4.713203e-02;6.072223e-02;1.159895e-01;6.258807e-02;4.170805e-02
5.144133e-02;3.276202e-02;2.416609e-01;7.826728e-02;1.900581e-01;4.076790e-02;9.602585e-02;3.187374e-02;5.750444e-02;7.766421e-02;5.974749e-02;4.222668e-02
7.136358e-02;3.358513e-02;1.651593e-01;6.491003e-02;1.732403e-01;5.275717e-02;9.369884e-02;5.536312e-02;9.261531e-02;7.540669e-02;7.401779e-02;4.788277e-02
6.942313e-02;4.640838e-02;9.801982e-02;6.471822e-02;1.263085e-01;8.973662e-02;9.391802e-02;7.350031e-02;1.192575e-01;7.929391e-02;7.023053e-02;6.918509e-02
8.502313e-02;4.855350e-02;1.057037e-01;5.687809e-02;9.111768e-02;9.952892e-02;9.478000e-02;7.236999e-02;1.359655e-01;6.263294e-02;7.025182e-02;7.719476e-02
9.603136e-02;7.105187e-02;9.480982e-02;6.088547e-02;6.001070e-02;7.606956e-02;6.144794e-02;7.685599e-02;1.758761e-01;8.461803e-02;6.185170e-02;8.049145e-02
9.742831e-02;7.166897e-02;9.757911e-02;5.841722e-02;8.566476e-02;6.650896e-02;6.512003e-02;5.721436e-02;1.796140e-01;1.036196e-01;6.070147e-02;5.646318e-02
6.326854e-02;6.085854e-02;1.068648e-01;8.025110e-02;9.342624e-02;9.234042e-02;9.922590e-02;5.935779e-02;1.381141e-01;1.054182e-01;6.074244e-02;4.013187e-02
4.568938e-02;5.272021e-02;9.771074e-02;8.898439e-02;8.864011e-02;9.057374e-02;1.294599e-01;1.067442e-01;9.812146e-02;7.862163e-02;8.186639e-02;4.086782e-02
5.330809e-02;5.671636e-02;7.687391e-02;9.864102e-02;7.485088e-02;6.390921e-02;1.224573e-01;1.016930e-01;1.205529e-01;9.496742e-02;8.140680e-02;5.462305e-02
6.470586e-02;4.772165e-02;8.280163e-02;1.029192e-01;6.400250e-02;8.162579e-02;1.049016e-01;9.371141e-02;1.125090e-01;9.824252e-02;7.931783e-02;6.754110e-02
8.227291e-02;5.787542e-02;8.812016e-02;1.023324e-01;6.056153e-02;8.487578e-02;1.289327e-01;8.472947e-02;1.159259e-01;7.979620e-02;6.103905e-02;5.353848e-02
1.149241e-01;6.961653e-02;5.352125e-02;7.226852e-02;6.672255e-02;8.221398e-02;1.430498e-01;8.225956e-02;1.478976e-01;5.004597e-02;7.156570e-02;4.591444e-02
1.020093e-01;7.577796e-02;4.516379e-02;9.662466e-02;8.087061e-02;9.198872e-02;1.169264e-01;6.290832e-02;1.685918e-01;4.120823e-02;7.260623e-02;4.532392e-02
6.107986e-02;8.306399e-02;6.208389e-02;1.176836e-01;6.611369e-02;9.676620e-02;8.611919e-02;8.529573e-02;1.615226e-01;7.717466e-02;5.256831e-02;5.052835e-02
3.548956e-02;6.825595e-02;1.028234e-01;8.180578e-02;1.119127e-01;7.507926e-02;1.095792e-01;9.042815e-02;8.706251e-02;1.046368e-01;7.057442e-02;6.235225e-02
5.305057e-02;6.073312e-02;1.412535e-01;6.748229e-02;1.217097e-01;6.156422e-02;9.691090e-02;9.381988e-02;8.200511e-02;1.062234e-01;7.050306e-02;4.474428e-02
1.138623e-01;4.890406e-02;1.337786e-01;6.528915e-02;9.053093e-02;4.977674e-02;1.347936e-01;1.007833e-01;9.693859e-02;7.345214e-02;6.823810e-02;2.365253e-02
1.375982e-01;5.677674e-02;9.759936e-02;6.227524e-02;6.972986e-02;7.072537e-02;1.292831e-01;1.066234e-01;9.715624e-02;6.195959e-02;7.176580e-02;3.850716e-02
1.117021e-01;7.204935e-02;1.203269e-01;6.924906e-02;8.073287e-02;1.015189e-01;9.934548e-02;9.530705e-02;8.157270e-02;5.787605e-02;8.738428e-02;2.293528e-02
9.564100e-02;5.977938e-02;1.092308e-01;7.537404e-02;1.001076e-01;9.240232e-02;1.220361e-01;7.668274e-02;8.642720e-02;8.412202e-02;5.523430e-02;4.296257e-02
8.118971e-02;7.844897e-02;1.155088e-01;8.016127e-02;7.860684e-02;6.732378e-02;1.181956e-01;1.071868e-01;8.291840e-02;7.863703e-02;6.721088e-02;4.461195e-02
6.360335e-02;7.726829e-02;1.380326e-01;8.714174e-02;8.013112e-02;6.701154e-02;8.682316e-02;1.146316e-01;1.207463e-01;5.134401e-02;8.469908e-02;2.856718e-02
6.190084e-02;3.459824e-02;1.701531e-01;7.549781e-02;7.737314e-02;9.394766e-02;9.507412e-02;1.112447e-01;1.142292e-01;7.245777e-02;4.909806e-02;4.442544e-02
8.551251e-02;4.074260e-02;9.682955e-02;9.161358e-02;7.454041e-02;1.058835e-01;9.501272e-02;9.291227e-02;1.383463e-01;7.576038e-02;4.885234e-02;5.399394e-02
7.767645e-02;6.333707e-02;7.662008e-02;8.283109e-02;7.602194e-02;1.212352e-01;8.011007e-02;7.214320e-02;1.758459e-01;6.696947e-02;6.299212e-02;4.421748e-02
7.091042e-02;5.945436e-02;6.927817e-02;6.741250e-02;1.037777e-01;1.128175e-01;8.277480e-02;9.670158e-02;1.477314e-01;8.938427e-02;7.171005e-02;2.804736e-02
9.160608e-02;3.511273e-02;1.144810e-01;6.427269e-02;1.534589e-01;7.664939e-02;1.177211e-01;9.071143e-02;7.764049e-02;7.633431e-02;4.644334e-02;5.556849e-02
9.800769e-02;2.996138e-02;1.264178e-01;3.253006e-02;1.511748e-01;1.017804e-01;1.130921e-01;7.908845e-02;8.138229e-02;8.213931e-02;5.026049e-02;5.416516e-02
7.083799e-02;7.538907e-02;1.364812e-01;4.869784e-02;9.167037e-02;7.704886e-02;1.309173e-01;6.673306e-02;9.530237e-02;7.294182e-02;5.621830e-02;7.776174e-02
8.091241e-02;7.410193e-02;1.136809e-01;7.234387e-02;9.484751e-02;8.185145e-02;1.444653e-01;7.948112e-02;1.048035e-01;5.519550e-02;5.081562e-02;4.750080e-02
6.502055e-02;5.613412e-02;8.938462e-02;9.279737e-02;9.269376e-02;1.036876e-01;1.417630e-01;1.010725e-01;1.001560e-01;6.214995e-02;5.045289e-02;4.468777e-02
7.354023e-02;5.477229e-02;1.592282e-01;9.140996e-02;1.080161e-01;1.071815e-01;1.077043e-01;9.283632e-02;7.284474e-02;5.358948e-02;4.206803e-02;3.680881e-02
8.083516e-02;6.562555e-02;2.414213e-01;6.964266e-02;1.264346e-01;7.636607e-02;9.662383e-02;5.973644e-02;5.694520e-02;6.319023e-02;2.917535e-02;3.400355e-02
6.233161e-02;6.663164e-02;2.080413e-01;6.456600e-02;1.457278e-01;6.849347e-02;8.846626e-02;5.259186e-02;7.947499e-02;6.970136e-02;5.884750e-02;3.512623e-02
7.446147e-02;7.510846e-02;9.622985e-02;9.262725e-02;1.464415e-01;8.368123e-02;6.258111e-02;7.269578e-02;1.001034e-01;9.061612e-02;6.721535e-02;3.823846e-02
5.370601e-02;7.842270e-02;1.347840e-01;1.226942e-01;9.813780e-02;7.284016e-02;9.132850e-02;9.040163e-02;6.916387e-02;8.926758e-02;4.266011e-02;5.659350e-02
7.561633e-02;5.259300e-02;1.212922e-01;9.797924e-02;1.107907e-01;8.574437e-02;9.407728e-02;8.353340e-02;7.766654e-02;9.382072e-02;3.226255e-02;7.462361e-02
7.799552e-02;1.156571e-01;1.157882e-01;8.837419e-02;7.693834e-02;7.515889e-02;7.473917e-02;7.633366e-02;7.247808e-02;8.552170e-02;6.397112e-02;7.704404e-02
5.827016e-02;1.371266e-01;1.019552e-01;8.567540e-02;5.831468e-02;8.726431e-02;7.850710e-02;5.289993e-02;8.733478e-02;9.184641e-02;5.152444e-02;1.092810e-01
8.887062e-02;8.316165e-02;8.892598e-02;6.574213e-02;8.331286e-02;8.031143e-02;7.912315e-02;7.360578e-02;9.179438e-02;1.068378e-01;4.186400e-02;1.164502e-01
1.383440e-01;8.524778e-02;1.008481e-01;7.522742e-02;8.300098e-02;5.090266e-02;7.508527e-02;8.655894e-02;8.694499e-02;9.615710e-02;5.578115e-02;6.590158e-02
1.383777e-01;1.135129e-01;9.373304e-02;7.034267e-02;5.418235e-02;7.422476e-02;6.881991e-02;8.244672e-02;8.694853e-02;9.911776e-02;4.408701e-02;7.420665e-02
1.234810e-01;1.092178e-01;9.978819e-02;5.273162e-02;5.666244e-02;9.396894e-02;6.228380e-02;7.856601e-02;8.567583e-02;1.001156e-01;5.789325e-02;7.961546e-02
1.357392e-01;1.012404e-01;5.508345e-02;6.942505e-02;6.788971e-02;7.427450e-02;6.160206e-02;5.733480e-02;1.075064e-01;1.129778e-01;4.349936e-02;1.134273e-01
1.190333e-01;7.274128e-02;1.016625e-01;5.532613e-02;6.913170e-02;9.649523e-02;6.730007e-02;5.043001e-02;9.004629e-02;1.232461e-01;2.878448e-02;1.258028e-01
8.326755e-02;5.013004e-02;1.225163e-01;5.347692e-02;7.672355e-02;1.107273e-01;9.348730e-02;7.038337e-02;8.069275e-02;1.314162e-01;3.060538e-02;9.657339e-02
8.282568e-02;5.133366e-02;8.575004e-02;7.050636e-02;6.767309e-02;8.672707e-02;1.252629e-01;1.026419e-01;8.281076e-02;1.459081e-01;5.462086e-02;4.393961e-02
7.658599e-02;6.018497e-02;9.230289e-02;9.752635e-02;4.080850e-02;7.795026e-02;9.462670e-02;1.312819e-01;6.605763e-02;1.117818e-01;1.220849e-01;2.880816e-02
4.670459e-02;8.392584e-02;1.035961e-01;8.409224e-02;3.774784e-02;7.385497e-02;9.485379e-02;1.378571e-01;7.347383e-02;1.172268e-01;1.050763e-01;4.159063e-02
7.879206e-02;6.902914e-02;8.400170e-02;7.709679e-02;4.092781e-02;7.258597e-02;7.839832e-02;1.294273e-01;9.637266e-02;1.085991e-01;7.441536e-02;9.035376e-02
1.172140e-01;5.040892e-02;7.894860e-02;9.127039e-02;1.060173e-01;4.662861e-02;6.241374e-02;9.231488e-02;1.016350e-01;1.157788e-01;4.527018e-02;9.209956e-02
1.088388e-01;6.999281e-02;1.289051e-01;6.062534e-02;1.078760e-01;4.669901e-02;6.053190e-02;8.449090e-02;9.732331e-02;1.236111e-01;3.661271e-02;7.449302e-02
1.052609e-01;6.769024e-02;1.126308e-01;3.440836e-02;6.414714e-02;6.491128e-02;8.861483e-02;1.074533e-01;5.526750e-02;1.394900e-01;4.301877e-02;1.171069e-01
1.138574e-01;3.615429e-02;5.463299e-02;3.618050e-02;1.038110e-01;8.664325e-02;1.054268e-01;1.408132e-01;7.508793e-02;8.586833e-02;8.631309e-02;7.521123e-02
1.200485e-01;3.015020e-02;6.138286e-02;5.153109e-02;1.138643e-01;6.989522e-02;1.036654e-01;1.269012e-01;9.837660e-02;6.683084e-02;9.632885e-02;6.102492e-02
1.312958e-01;3.977174e-02;7.729737e-02;7.348057e-02;9.667978e-02;9.058859e-02;8.521342e-02;7.682375e-02;9.451988e-02;7.949946e-02;7.121901e-02;8.361062e-02
1.163443e-01;7.233789e-02;6.838030e-02;6.285557e-02;5.706207e-02;1.246635e-01;7.344352e-02;1.041622e-01;8.158973e-02;1.167392e-01;4.988068e-02;7.254118e-02
7.709794e-02;1.112818e-01;7.530623e-02;4.323154e-02;8.198552e-02;9.076917e-02;5.333915e-02;1.264967e-01;8.887298e-02;1.292863e-01;6.209873e-02;6.023388e-02
9.077426e-02;8.454843e-02;9.846704e-02;8.190287e-02;1.187891e-01;6.299437e-02;6.664383e-02;7.310432e-02;8.977312e-02;1.030611e-01;5.533680e-02;7.460470e-02
9.977078e-02;5.166748e-02;9.051635e-02;5.633876e-02;6.220447e-02;7.279212e-02;1.029275e-01;8.321971e-02;1.605816e-01;1.023945e-01;3.599400e-02;8.159276e-02
7.579876e-02;6.550642e-02;6.568774e-02;7.692243e-02;4.502191e-02;1.358993e-01;9.918071e-02;7.012541e-02;1.298113e-01;9.696371e-02;4.395059e-02;9.513173e-02
5.520446e-02;8.061158e-02;6.432445e-02;7.611842e-02;4.938449e-02;1.160806e-01;1.504934e-01;1.073545e-01;8.045106e-02;9.421779e-02;3.823952e-02;8.751980e-02
5.754707e-02;8.959986e-02;7.587069e-02;5.926123e-02;6.256683e-02;1.047086e-01;1.993467e-01;1.090738e-01;6.576618e-02;9.276751e-02;2.967836e-02;5.381312e-02
1.047158e-01;7.096539e-02;7.662877e-02;4.904598e-02;5.469471e-02;1.788153e-01;2.086055e-01;6.927676e-02;5.228068e-02;8.885908e-02;1.995587e-02;2.615612e-02
1.718596e-01;3.672477e-02;4.814143e-02;3.910178e-02;4.196133e-02;3.099223e-01;1.597147e-01;3.512412e-02;3.187162e-02;1.044384e-01;1.202423e-02;9.115743e-03
2.250081e-01;1.190456e-02;1.523976e-02;2.871584e-02;2.570441e-02;4.037229e-01;9.964803e-02;3.048742e-02;1.524809e-02;1.318728e-01;5.663934e-03;6.784143e-03
2.402897e-01;2.183654e-02;1.216668e-02;3.540389e-02;2.009533e-02;3.891024e-01;1.002282e-01;2.855109e-02;9.790377e-03;1.306072e-01;7.050354e-03;4.878206e-03
2.329544e-01;4.015798e-02;1.669368e-02;4.595827e-02;3.613988e-02;3.407097e-01;1.209588e-01;2.020214e-02;7.226876e-03;1.185585e-01;1.180114e-02;8.638679e-03
2.109626e-01;4.494095e-02;3.408696e-02;5.830210e-02;4.842125e-02;2.717869e-01;1.538161e-01;2.888688e-02;1.384926e-02;9.881111e-02;1.847072e-02;1.766516e-02
1.920581e-01;4.555171e-02;1.020485e-01;4.623961e-02;8.007722e-02;1.419153e-01;1.782495e-01;4.229105e-02;3.650222e-02;6.288553e-02;2.756336e-02;4.461798e-02
1.457185e-01;5.574617e-02;1.653410e-01;5.546873e-02;8.440844e-02;7.694752e-02;1.531494e-01;5.726936e-02;6.126197e-02;5.245220e-02;3.726542e-02;5.497127e-02
1.099756e-01;5.719084e-02;1.823509e-01;7.295674e-02;8.367548e-02;1.066247e-01;8.787604e-02;6.130432e-02;7.260318e-02;5.338906e-02;5.522301e-02;5.683019e-02
1.063217e-01;5.685059e-02;1.683196e-01;7.583098e-02;7.015537e-02;1.799197e-01;4.691400e-02;4.431159e-02;6.016335e-02;7.843561e-02;6.196607e-02;5.081137e-02
1.399774e-01;1.388905e-01;1.145184e-01;1.141376e-01;5.413186e-02;1.266341e-01;7.158265e-02;4.846152e-02;4.042399e-02;8.361089e-02;3.176370e-02;3.586733e-02
9.240738e-02;1.357725e-01;1.301606e-01;1.401444e-01;8.581778e-02;4.350420e-02;8.123141e-02;8.775527e-02;5.219368e-02;5.549217e-02;4.420706e-02;5.131361e-02
6.746911e-02;6.966345e-02;1.565019e-01;7.520963e-02;1.029704e-01;3.861965e-02;1.579370e-01;7.905915e-02;7.078519e-02;7.037648e-02;6.482392e-02;4.658403e-02
7.195028e-02;3.340295e-02;1.723229e-01;4.317797e-02;8.714858e-02;4.881486e-02;2.049775e-01;6.956163e-02;7.313289e-02;6.640925e-02;7.609284e-02;5.300844e-02
7.231398e-02;6.459098e-02;1.652576e-01;4.998631e-02;7.857682e-02;4.348385e-02;2.121631e-01;7.354029e-02;5.899064e-02;5.284023e-02;7.207897e-02;5.617724e-02
6.035672e-02;1.614747e-01;1.313032e-01;4.830232e-02;6.466408e-02;2.477893e-02;2.578276e-01;6.361418e-02;3.536467e-02;3.516768e-02;7.553837e-02;4.160759e-02
2.356949e-02;2.885478e-01;6.082409e-02;2.359920e-02;3.662560e-02;3.656921e-02;3.597157e-01;2.584586e-02;1.769989e-02;1.731630e-02;9.008200e-02;1.960494e-02
2.280849e-02;2.707424e-01;6.318045e-02;1.380834e-02;2.535885e-02;3.643035e-02;3.584742e-01;6.586393e-02;2.089143e-02;1.516716e-02;9.200575e-02;1.526858e-02
1.708308e-02;1.644711e-01;1.601555e-01;3.416623e-02;2.853932e-02;2.480825e-02;2.451887e-01;1.373567e-01;5.495375e-02;2.780457e-02;7.242459e-02;3.304830e-02
4.958835e-02;6.986302e-02;1.971323e-01;8.936960e-02;3.305770e-02;2.495181e-02;1.256565e-01;1.388102e-01;8.252855e-02;5.181646e-02;7.053646e-02;6.668905e-02
8.423062e-02;2.774347e-02;1.539702e-01;1.177192e-01;3.218679e-02;3.599473e-02;1.055366e-01;1.059994e-01;7.880488e-02;7.489599e-02;9.199107e-02;9.092720e-02
8.438781e-02;3.233624e-02;1.149995e-01;1.064654e-01;3.484476e-02;4.143292e-02;1.382989e-01;9.783114e-02;1.026803e-01;7.709278e-02;8.603138e-02;8.359893e-02
6.951432e-02;3.310760e-02;1.549969e-01;7.893313e-02;5.086893e-02;4.695614e-02;1.901618e-01;9.196654e-02;1.128606e-01;5.604903e-02;6.356262e-02;5.102243e-02
5.073021e-02;4.165782e-02;2.235112e-01;7.591124e-02;5.764499e-02;4.643510e-02;1.284568e-01;1.285682e-01;8.095869e-02;2.846340e-02;8.405288e-02;5.360947e-02
7.937362e-02;4.391102e-02;1.207441e-01;8.580104e-02;4.710787e-02;3.958268e-02;1.332838e-01;1.220149e-01;9.980497e-02;6.388769e-02;7.379514e-02;9.069326e-02
1.024698e-01;4.835169e-02;1.196259e-01;3.707085e-02;4.591559e-02;4.363589e-02;1.316451e-01;8.542527e-02;1.305097e-01;7.555781e-02;8.800807e-02;9.178440e-02
9.689751e-02;4.646214e-02;1.163577e-01;3.468902e-02;3.756345e-02;3.790890e-02;1.286015e-01;8.955362e-02;1.664268e-01;6.933094e-02;7.614925e-02;1.000592e-01
7.789948e-02;3.938691e-02;1.290990e-01;5.794839e-02;2.300808e-02;2.568246e-02;1.108345e-01;9.811062e-02;2.263651e-01;5.742641e-02;5.275242e-02;1.014867e-01
4.012080e-02;2.364854e-02;1.882102e-01;7.793400e-02;1.200922e-02;9.007795e-03;6.119049e-02;1.746092e-01;2.334534e-01;5.060329e-02;1.644594e-02;1.127672e-01
1.766577e-02;1.983695e-02;2.723327e-01;5.208210e-02;9.348443e-03;5.169466e-03;9.163631e-02;2.525224e-01;1.272076e-01;2.803357e-02;9.740598e-03;1.144241e-01
7.441514e-03;4.820178e-02;3.103211e-01;2.528667e-02;6.218030e-03;5.369736e-03;1.700189e-01;2.708170e-01;4.547631e-02;1.911755e-02;1.870856e-02;7.302281e-02
9.646538e-03;1.199899e-01;2.409521e-01;1.290300e-02;9.834481e-03;1.100242e-02;2.782028e-01;2.183463e-01;2.540171e-02;1.649965e-02;3.915407e-02;1.806703e-02
1.219788e-02;1.895131e-01;1.043722e-01;6.940305e-03;1.368501e-02;2.346489e-02;3.848394e-01;1.479921e-01;1.651292e-02;1.488177e-02;7.408436e-02;1.151616e-02
2.290391e-02;2.161942e-01;2.805972e-02;9.119017e-03;2.302645e-02;5.516699e-02;4.386023e-01;9.092075e-02;9.555154e-03;1.236449e-02;8.493860e-02;9.148410e-03
5.261756e-02;1.767315e-01;3.997270e-02;1.679872e-02;3.806188e-02;9.743468e-02;4.000645e-01;6.357070e-02;2.687086e-02;1.503675e-02;6.668306e-02;6.157021e-03
6.488212e-02;1.228601e-01;8.813637e-02;4.888372e-02;6.372071e-02;1.236012e-01;2.961712e-01;6.365938e-02;4.070330e-02;1.950027e-02;4.123280e-02;2.664873e-02
4.079319e-02;7.924397e-02;1.557579e-01;7.219803e-02;6.071146e-02;9.185827e-02;2.105810e-01;8.152711e-02;7.703195e-02;2.350502e-02;4.669372e-02;6.009842e-02
5.066126e-02;8.422081e-02;2.076893e-01;3.929624e-02;4.045192e-02;6.212955e-02;2.206717e-01;1.089435e-01;6.849738e-02;3.828896e-02;2.346951e-02;5.567979e-02
4.274674e-02;1.056785e-01;1.372581e-01;4.786356e-02;3.487709e-02;4.782095e-02;2.735638e-01;1.155702e-01;3.932413e-02;3.589296e-02;6.719194e-02;5.221211e-02
2.219157e-02;7.942276e-02;9.011789e-02;5.156232e-02;4.301882e-02;5.989455e-02;2.507797e-01;1.226250e-01;4.197356e-02;4.711657e-02;1.260944e-01;6.520288e-02
3.802935e-02;4.649436e-02;4.749417e-02;4.533848e-02;6.789850e-02;9.925475e-02;1.991874e-01;8.897641e-02;6.369459e-02;5.276770e-02;1.647440e-01;8.612028e-02
4.116768e-02;6.785914e-02;5.574777e-02;4.660149e-02;6.699105e-02;1.195970e-01;1.527539e-01;1.196660e-01;5.647390e-02;7.466225e-02;1.370895e-01;6.139016e-02
5.503853e-02;8.036016e-02;6.536453e-02;6.191795e-02;5.177508e-02;9.275574e-02;1.465479e-01;1.060665e-01;3.224913e-02;8.843255e-02;1.570011e-01;6.249083e-02
5.667459e-02;6.101709e-02;1.217111e-01;4.894919e-02;3.755797e-02;8.048777e-02;1.362319e-01;6.614494e-02;7.056099e-02;1.269834e-01;1.367008e-01;5.698013e-02
3.329648e-02;7.748494e-02;1.169668e-01;5.710069e-02;4.532287e-02;4.314721e-02;1.866377e-01;1.313155e-01;1.426621e-01;7.705250e-02;5.048739e-02;3.852575e-02
1.955240e-02;5.018594e-02;1.275085e-01;6.074518e-02;2.822297e-02;3.473672e-02;2.082838e-01;2.024145e-01;1.649685e-01;4.342995e-02;3.626225e-02;2.368940e-02
1.183948e-02;3.234236e-02;1.432640e-01;5.716893e-02;1.516823e-02;3.706168e-02;1.925388e-01;2.686559e-01;1.614689e-01;4.015409e-02;1.978987e-02;2.054776e-02
1.324121e-02;4.812605e-02;1.329384e-01;4.552983e-02;1.034343e-02;2.999383e-02;1.820064e-01;3.333462e-01;1.398406e-01;3.355882e-02;1.236814e-02;1.870702e-02
1.443500e-02;1.255230e-01;6.912874e-02;1.773147e-02;1.266432e-02;2.870980e-02;3.194813e-01;2.623649e-01;9.815739e-02;2.122989e-02;1.484869e-02;1.572549e-02
1.104996e-02;2.120136e-01;4.707224e-02;9.966447e-03;2.110343e-02;3.448254e-02;4.209538e-01;1.176326e-01;7.884677e-02;1.337575e-02;1.928905e-02;1.421381e-02
2.519403e-02;2.706235e-01;3.172038e-02;1.010003e-02;1.771654e-02;4.220309e-02;4.621167e-01;5.596150e-02;5.325340e-02;6.117003e-03;1.568550e-02;9.308359e-03
2.683911e-02;3.014193e-01;1.425908e-02;6.783140e-03;1.093802e-02;4.956770e-02;5.223618e-01;2.258293e-02;2.326808e-02;3.414755e-03;1.276989e-02;5.796214e-03
6.550433e-03;2.980501e-01;7.066660e-03;3.541799e-03;9.571206e-03;4.639776e-02;5.707358e-01;2.549173e-02;1.135018e-02;3.540779e-03;1.451734e-02;3.186254e-03
1.144574e-02;2.836369e-01;7.723773e-03;3.403214e-03;9.104886e-03;3.682792e-02;5.867848e-01;1.947775e-02;1.814801e-02;3.764394e-03;1.659016e-02;3.092376e-03
6.122694e-03;2.718240e-01;4.287991e-03;3.611634e-03;7.246145e-03;2.897742e-02;5.863965e-01;2.250529e-02;1.919051e-02;5.497880e-03;4.071555e-02;3.624331e-03
8.722301e-03;2.570103e-01;3.512922e-03;2.795280e-03;7.202881e-03;3.129270e-02;5.673650e-01;1.969180e-02;1.551292e-02;8.461500e-03;7.262584e-02;5.806638e-03
5.060746e-03;2.369266e-01;9.943539e-03;1.930430e-03;7.459647e-03;3.176798e-02;5.415358e-01;2.656563e-02;1.016543e-02;7.450693e-03;1.162784e-01;4.915056e-03
5.609708e-03;2.029769e-01;7.291787e-03;4.169309e-03;1.659730e-02;4.502504e-02;5.153618e-01;1.701467e-02;1.191198e-02;6.300517e-03;1.613785e-01;6.362540e-03
9.348246e-03;1.505186e-01;1.375112e-02;5.780437e-03;3.469102e-02;5.578258e-02;4.773042e-01;4.126108e-02;1.425419e-02;6.039847e-03;1.734639e-01;1.780480e-02
1.037723e-02;9.555610e-02;3.668693e-02;6.692226e-03;4.871324e-02;5.234942e-02;4.477621e-01;1.093740e-01;1.190566e-02;5.709314e-03;1.318402e-01;4.303363e-02
1.643710e-02;7.352061e-02;7.136939e-02;3.132197e-02;6.167624e-02;3.925466e-02;4.005409e-01;1.430792e-01;2.383592e-02;1.380069e-02;6.152368e-02;6.363965e-02
3.158060e-02;9.372608e-02;1.259406e-01;7.355300e-02;7.862671e-02;5.397112e-02;2.873743e-01;1.144582e-01;2.304624e-02;2.868003e-02;2.257347e-02;6.646963e-02
4.296289e-02;1.175550e-01;2.011303e-01;9.103508e-02;5.582592e-02;6.073469e-02;2.126445e-01;8.021760e-02;3.377244e-02;3.502873e-02;2.755428e-02;4.153855e-02
1.823879e-02;1.329153e-01;1.595950e-01;3.981330e-02;5.294968e-02;5.257185e-02;2.907029e-01;8.257736e-02;2.880913e-02;3.010030e-02;7.877779e-02;3.294856e-02
1.092402e-02;1.450160e-01;8.149598e-02;2.904126e-02;6.064704e-02;4.293989e-02;3.348963e-01;5.921366e-02;3.581966e-02;3.317412e-02;1.232607e-01;4.357126e-02
3.493387e-02;1.283719e-01;5.872375e-02;3.502808e-02;5.853081e-02;4.863694e-02;2.892980e-01;4.235656e-02;3.471465e-02;3.663816e-02;1.629064e-01;6.986080e-02
9.010936e-02;7.162986e-02;7.110985e-02;3.942375e-02;6.093710e-02;4.671611e-02;1.990553e-01;9.036910e-02;6.552239e-02;8.688106e-02;1.118594e-01;6.638669e-02
8.094361e-02;4.458987e-02;1.750387e-01;6.028371e-02;6.099077e-02;5.931334e-02;1.473814e-01;7.739510e-02;6.707764e-02;9.445512e-02;8.083368e-02;5.169703e-02
1.010010e-01;6.540480e-02;1.773170e-01;5.784041e-02;8.734930e-02;8.481545e-02;9.512956e-02;6.615995e-02;7.107377e-02;7.323927e-02;5.766485e-02;6.300455e-02
1.134981e-01;7.840264e-02;1.609542e-01;5.506233e-02;9.137321e-02;9.094449e-02;1.172402e-01;5.468160e-02;7.307101e-02;5.756893e-02;4.493702e-02;6.226626e-02
1.179433e-01;8.569017e-02;1.552732e-01;5.789874e-02;9.076550e-02;9.121133e-02;1.290870e-01;4.384787e-02;6.973884e-02;5.375293e-02;4.438767e-02;6.040344e-02
1.191057e-01;8.850879e-02;1.492161e-01;5.814608e-02;8.896705e-02;8.839008e-02;1.392465e-01;3.928132e-02;6.436384e-02;5.693285e-02;5.073326e-02;5.710847e-02
9.570152e-02;7.407092e-02;1.707294e-01;5.307794e-02;8.624063e-02;7.669187e-02;1.631103e-01;6.360035e-02;4.987665e-02;6.844283e-02;5.879549e-02;3.966210e-02
5.017797e-02;4.231432e-02;2.547898e-01;5.227284e-02;5.302579e-02;7.719105e-02;1.472088e-01;9.595633e-02;6.761255e-02;9.828432e-02;3.257026e-02;2.859600e-02
4.029558e-02;5.494353e-02;1.799734e-01;4.573392e-02;5.834119e-02;1.282134e-01;1.342561e-01;7.965056e-02;6.804875e-02;1.324558e-01;2.840580e-02;4.968197e-02
4.483623e-02;5.160297e-02;1.491654e-01;5.138081e-02;7.036368e-02;1.129664e-01;1.558618e-01;5.560333e-02;5.087870e-02;1.563345e-01;4.819183e-02;5.281425e-02
6.626137e-02;5.371653e-02;9.226171e-02;5.052593e-02;7.401849e-02;6.676918e-02;1.856592e-01;7.617874e-02;9.904004e-02;1.727135e-01;3.716087e-02;2.569445e-02
9.384220e-02;7.443985e-02;7.826785e-02;7.972059e-02;1.054498e-01;5.925493e-02;1.320196e-01;5.779404e-02;1.205812e-01;1.267894e-01;5.502806e-02;1.681255e-02
8.558547e-02;6.709843e-02;1.052287e-01;8.629744e-02;1.085524e-01;8.039112e-02;1.062032e-01;6.613480e-02;1.318575e-01;9.754391e-02;4.133074e-02;2.377634e-02
7.659455e-02;3.297931e-02;9.784704e-02;6.682326e-02;7.384817e-02;9.728636e-02;1.733898e-01;8.049639e-02;1.109821e-01;1.177487e-01;4.180580e-02;3.019857e-02
7.338305e-02;3.633073e-02;9.070658e-02;3.045115e-02;5.518769e-02;8.446592e-02;2.656018e-01;1.312801e-01;7.813550e-02;8.441585e-02;3.389025e-02;3.615148e-02
4.918538e-02;4.801958e-02;6.080653e-02;2.100051e-02;8.562481e-02;4.978669e-02;3.329606e-01;1.917732e-01;4.975055e-02;5.369192e-02;3.259317e-02;2.480702e-02
3.111856e-02;7.253312e-02;2.959475e-02;2.290702e-02;9.097803e-02;2.990114e-02;3.803000e-01;2.156777e-01;5.966688e-02;2.447533e-02;3.298618e-02;9.861306e-03
6.391145e-02;8.242527e-02;1.939531e-02;5.573025e-02;5.728357e-02;6.204363e-02;3.616825e-01;1.831800e-01;5.580248e-02;2.001743e-02;3.108739e-02;7.440662e-03
1.388127e-01;7.032439e-02;3.245834e-02;8.309928e-02;4.107368e-02;1.267967e-01;2.614900e-01;1.348778e-01;3.373299e-02;3.249233e-02;2.243199e-02;2.240986e-02
2.139068e-01;3.729134e-02;8.393347e-02;6.645270e-02;5.652279e-02;1.697595e-01;1.302193e-01;9.561926e-02;2.392565e-02;3.411775e-02;1.332578e-02;7.492569e-02
1.860788e-01;1.223168e-02;1.929380e-01;2.637400e-02;1.105958e-01;1.247569e-01;7.413440e-02;4.592414e-02;3.226095e-02;1.786664e-02;6.786417e-03;1.700523e-01
1.183469e-01;1.320140e-02;2.629387e-01;1.549313e-02;1.562482e-01;8.997907e-02;3.754418e-02;1.559902e-02;5.105766e-02;8.920466e-03;1.073600e-02;2.199352e-01
8.607294e-02;1.033427e-02;2.580376e-01;1.815905e-02;1.887746e-01;9.981950e-02;4.445686e-02;9.766348e-03;6.042356e-02;5.543814e-03;7.177653e-03;2.114338e-01
7.155199e-02;1.259595e-02;2.275455e-01;2.396202e-02;2.169546e-01;1.196840e-01;4.971110e-02;1.024367e-02;6.556323e-02;7.754910e-03;8.580305e-03;1.858527e-01
7.408365e-02;2.328958e-02;1.760636e-01;4.374528e-02;2.088629e-01;1.268137e-01;6.645565e-02;1.159307e-02;6.690121e-02;1.449617e-02;1.082084e-02;1.768743e-01
4.333018e-02;3.002272e-02;1.545221e-01;7.337998e-02;1.889094e-01;9.079452e-02;9.033615e-02;1.234704e-02;5.784267e-02;1.766819e-02;3.100259e-02;2.098445e-01
4.757477e-02;3.722384e-02;1.838840e-01;9.657786e-02;1.478853e-01;4.730460e-02;1.283668e-01;1.701234e-02;4.269219e-02;2.194028e-02;5.559208e-02;1.739459e-01
5.415241e-02;2.866459e-02;1.730393e-01;1.045349e-01;1.739282e-01;6.643225e-02;1.650504e-01;1.151477e-02;5.270259e-02;4.024131e-02;4.524809e-02;8.449114e-02
4.723398e-02;2.342383e-02;1.706662e-01;1.038433e-01;1.893465e-01;7.786088e-02;1.636520e-01;3.187564e-02;7.124062e-02;3.712789e-02;2.643887e-02;5.729031e-02
6.078695e-02;4.992499e-02;1.995468e-01;9.778859e-02;1.210799e-01;7.870232e-02;1.570416e-01;5.268976e-02;6.964775e-02;3.413962e-02;3.713910e-02;4.151260e-02
6.960162e-02;6.169001e-02;1.982619e-01;7.775293e-02;7.988460e-02;8.842275e-02;1.750499e-01;6.418227e-02;6.420036e-02;4.689033e-02;4.512407e-02;2.893928e-02
5.817425e-02;6.766994e-02;1.750027e-01;6.445630e-02;1.413654e-01;7.377786e-02;1.244548e-01;6.178579e-02;6.444588e-02;7.985939e-02;4.825914e-02;4.074856e-02
1.187891e-01;8.503760e-02;1.283454e-01;8.759907e-02;1.294349e-01;5.371720e-02;7.256103e-02;6.244666e-02;7.492603e-02;5.762477e-02;6.050317e-02;6.901512e-02
1.513263e-01;8.909757e-02;1.450500e-01;4.592979e-02;4.217651e-02;8.974061e-02;1.022343e-01;4.637206e-02;7.285449e-02;7.056478e-02;5.498293e-02;8.967075e-02
1.082809e-01;1.121545e-01;1.330998e-01;2.113451e-02;4.396095e-02;8.849066e-02;2.044576e-01;4.430278e-02;7.533291e-02;7.011443e-02;3.566671e-02;6.300426e-02
7.971542e-02;1.653517e-01;7.825874e-02;1.918486e-02;3.495584e-02;6.512725e-02;3.590825e-01;7.417115e-02;4.183300e-02;3.809536e-02;1.610998e-02;2.811427e-02
6.935005e-02;1.970250e-01;1.709775e-02;1.051589e-02;2.468752e-02;3.970771e-02;4.749798e-01;1.100384e-01;2.173445e-02;1.337697e-02;1.044227e-02;1.104419e-02
5.391341e-02;1.684359e-01;2.694526e-02;4.558674e-03;1.428651e-02;3.055387e-02;5.487638e-01;1.073687e-01;1.619009e-02;7.744267e-03;7.520444e-03;1.371921e-02
2.314877e-02;1.144834e-01;2.009300e-02;3.204021e-03;2.304220e-02;6.590797e-02;6.206428e-01;8.182798e-02;1.838244e-02;8.039045e-03;8.987487e-03;1.224101e-02
2.197856e-02;6.904826e-02;2.847155e-02;1.190041e-02;4.623276e-02;1.270520e-01;5.539746e-01;7.514398e-02;3.284100e-02;1.567928e-02;8.942032e-03;8.735524e-03
5.794050e-02;4.963498e-02;6.251027e-02;1.935442e-02;8.131859e-02;2.022583e-01;3.262300e-01;1.072200e-01;4.090777e-02;2.941883e-02;1.185535e-02;1.135101e-02
1.007396e-01;2.678571e-02;4.730280e-02;1.284417e-02;1.331715e-01;2.591625e-01;2.173329e-01;1.125269e-01;2.474521e-02;3.690504e-02;1.579826e-02;1.268542e-02
9.610982e-02;2.078266e-02;4.009496e-02;1.608146e-02;1.903259e-01;2.481513e-01;2.565415e-01;4.359922e-02;2.094539e-02;1.774538e-02;1.358073e-02;3.604170e-02
6.092563e-02;1.460166e-02;6.455135e-02;2.803046e-02;2.308975e-01;1.879485e-01;2.560818e-01;3.516611e-02;3.803682e-02;9.866269e-03;1.003606e-02;6.385778e-02
2.725361e-02;9.787318e-03;1.392378e-01;5.104871e-02;2.321696e-01;1.313442e-01;2.120629e-01;2.631699e-02;5.582776e-02;1.158497e-02;1.476529e-02;8.860087e-02
1.910171e-02;1.410841e-02;2.762176e-01;7.690561e-02;1.979539e-01;8.014648e-02;1.213481e-01;3.962655e-02;3.974303e-02;1.551410e-02;4.061154e-02;7.872295e-02
1.606314e-02;1.986164e-02;4.628106e-01;8.611273e-02;1.356249e-01;4.674132e-02;4.223680e-02;5.472432e-02;2.330821e-02;2.296714e-02;5.225486e-02;3.729432e-02
1.306991e-02;2.576630e-02;5.914662e-01;6.801757e-02;8.997808e-02;3.340797e-02;3.516094e-02;3.401043e-02;2.659892e-02;2.771179e-02;4.157317e-02;1.323877e-02
6.721636e-03;2.835070e-02;6.530451e-01;5.337916e-02;5.534567e-02;3.035093e-02;6.093450e-02;2.681131e-02;2.268279e-02;3.066702e-02;2.333222e-02;8.379010e-03
1.095908e-02;3.301595e-02;6.035391e-01;5.298328e-02;4.698652e-02;2.911226e-02;9.620470e-02;3.845258e-02;3.090594e-02;3.152520e-02;1.619880e-02;1.011659e-02
2.798561e-02;3.515552e-02;4.829300e-01;5.667817e-02;6.719425e-02;4.571303e-02;1.074381e-01;5.232855e-02;5.538888e-02;3.491951e-02;1.379694e-02;2.047137e-02
4.051046e-02;3.750506e-02;3.506930e-01;6.025563e-02;5.623811e-02;6.341971e-02;1.277879e-01;8.117789e-02;7.392097e-02;4.685813e-02;2.859817e-02;3.303491e-02
2.689028e-02;4.675200e-02;2.253163e-01;8.104263e-02;5.187087e-02;7.728878e-02;1.480560e-01;9.400484e-02;8.464616e-02;5.535260e-02;5.919936e-02;4.958014e-02
3.069400e-02;3.952700e-02;1.849539e-01;8.189740e-02;5.034966e-02;7.158913e-02;1.717690e-01;7.264505e-02;1.147048e-01;5.842758e-02;6.041267e-02;6.302972e-02
9.613281e-02;5.141111e-02;1.149369e-01;6.888606e-02;7.198614e-02;6.412883e-02;1.449335e-01;7.478224e-02;6.676209e-02;7.561184e-02;7.850011e-02;9.192834e-02
9.100875e-02;4.998885e-02;1.009719e-01;6.015809e-02;7.563441e-02;8.661683e-02;2.026111e-01;7.510009e-02;4.572343e-02;5.938330e-02;9.076113e-02;6.204204e-02
8.844149e-02;3.939756e-02;1.357576e-01;5.242198e-02;6.530634e-02;1.061391e-01;2.206222e-01;6.138662e-02;3.737165e-02;5.297447e-02;7.913481e-02;6.104622e-02
9.756590e-02;2.699446e-02;1.526276e-01;3.781067e-02;7.607598e-02;1.564855e-01;2.156124e-01;4.585660e-02;3.519314e-02;4.199522e-02;5.286256e-02;6.091989e-02
1.007452e-01;1.009922e-02;1.097218e-01;2.282967e-02;1.424888e-01;2.424516e-01;2.176547e-01;4.323433e-02;3.371434e-02;2.297390e-02;1.729541e-02;3.679111e-02
6.030402e-02;6.330521e-03;3.776392e-02;4.634036e-02;2.605829e-01;2.504167e-01;1.349835e-01;3.774108e-02;5.911450e-02;1.006967e-02;1.573465e-02;8.061818e-02
2.349891e-02;1.350624e-02;3.446936e-02;8.355471e-02;3.542386e-01;1.713005e-01;6.662049e-02;2.394907e-02;6.918232e-02;1.368456e-02;3.257298e-02;1.134222e-01
1.048096e-02;1.389294e-02;3.556080e-02;1.583004e-01;3.657484e-01;9.605641e-02;3.423508e-02;4.306624e-02;4.991728e-02;1.511011e-02;6.600580e-02;1.116256e-01
4.242871e-03;1.238758e-02;4.644111e-02;2.405818e-01;2.806641e-01;4.154936e-02;1.345456e-02;1.176316e-01;2.910322e-02;1.543385e-02;1.045555e-01;9.395445e-02
4.698064e-03;9.418290e-03;8.120857e-02;2.946253e-01;1.640966e-01;1.794606e-02;8.589940e-03;2.017604e-01;9.778905e-03;1.721532e-02;1.405542e-01;5.010844e-02
7.667248e-03;1.307190e-02;1.002929e-01;2.990229e-01;9.582882e-02;1.768594e-02;2.067981e-02;2.229529e-01;8.276998e-03;1.759038e-02;1.601501e-01;3.678008e-02
6.555743e-03;1.775526e-02;8.297718e-02;3.215765e-01;8.709258e-02;1.464168e-02;2.068926e-02;1.888921e-01;6.460207e-03;1.901222e-02;1.915369e-01;4.281032e-02
4.445398e-03;1.351482e-02;9.257179e-02;3.804080e-01;7.140446e-02;1.413800e-02;1.218351e-02;1.239814e-01;9.346862e-03;1.473569e-02;2.276552e-01;3.561496e-02
2.281393e-03;1.055348e-02;1.046201e-01;4.590043e-01;6.258677e-02;1.270064e-02;8.069940e-03;6.442298e-02;6.961741e-03;1.589251e-02;2.145597e-01;3.834648e-02
3.598011e-03;9.533964e-03;1.207137e-01;5.338441e-01;6.634209e-02;1.163717e-02;6.324078e-03;2.726364e-02;4.365791e-03;1.546140e-02;1.571663e-01;4.374968e-02
3.360668e-03;1.643258e-02;1.690907e-01;5.176498e-01;7.389100e-02;8.674487e-03;2.976689e-03;1.030485e-02;2.429856e-03;1.601047e-02;1.292640e-01;4.991492e-02
5.648344e-03;2.781169e-02;1.971488e-01;3.910449e-01;8.012369e-02;9.985661e-03;6.383133e-03;1.306539e-02;4.461098e-03;2.499486e-02;1.855565e-01;5.377595e-02
1.075823e-02;2.538130e-02;1.605413e-01;2.087418e-01;1.001465e-01;1.611177e-02;9.363017e-03;1.914105e-02;1.070161e-02;6.065337e-02;3.194975e-01;5.896265e-02
3.721291e-03;1.472807e-02;1.283705e-01;1.933829e-01;1.001056e-01;1.602552e-02;4.357057e-03;1.925247e-02;2.391033e-02;1.094979e-01;3.442121e-01;4.243619e-02
4.567189e-03;8.290358e-03;2.307473e-01;2.275903e-01;9.169263e-02;1.925062e-02;1.174796e-02;2.701897e-02;2.696392e-02;8.836974e-02;2.380073e-01;2.575369e-02
4.662876e-03;9.234866e-03;4.179756e-01;2.338081e-01;7.375605e-02;2.119015e-02;1.140457e-02;3.306286e-02;2.322125e-02;4.079426e-02;1.196494e-01;1.124006e-02
6.361427e-03;2.130319e-02;6.165908e-01;1.501384e-01;4.702137e-02;1.335443e-02;1.765893e-02;1.626196e-02;2.490819e-02;2.973991e-02;5.163533e-02;5.026030e-03
9.187929e-03;4.457878e-02;7.156796e-01;7.401754e-02;3.292893e-02;5.269897e-03;2.441666e-02;9.643178e-03;2.232268e-02;4.676257e-02;1.268592e-02;2.506304e-03
1.853809e-02;8.978616e-02;6.706212e-01;5.733817e-02;2.680069e-02;1.187040e-02;2.071514e-02;1.874013e-02;2.930271e-02;4.211342e-02;7.319873e-03;6.854089e-03
6.947043e-02;1.609588e-01;5.469985e-01;5.113806e-02;1.464979e-02;2.188292e-02;8.065587e-03;2.343554e-02;5.703991e-02;2.506712e-02;1.063955e-02;1.065386e-02
1.503676e-01;1.942508e-01;4.294618e-01;4.584188e-02;8.732829e-03;2.349606e-02;1.495737e-02;2.888598e-02;6.265518e-02;1.448247e-02;1.388508e-02;1.298296e-02
2.418212e-01;1.551647e-01;3.502732e-01;2.975534e-02;1.511720e-02;1.675447e-02;2.822058e-02;4.613781e-02;5.145307e-02;1.430672e-02;2.255968e-02;2.843603e-02
2.706382e-01;1.073882e-01;2.432731e-01;2.226480e-02;2.595590e-02;1.865929e-02;5.434551e-02;6.229986e-02;7.053697e-02;3.262224e-02;3.783716e-02;5.417879e-02
2.261563e-01;7.324834e-02;1.615733e-01;3.775922e-02;3.234953e-02;2.862484e-02;8.778889e-02;6.491563e-02;9.088039e-02;6.572110e-02;6.067906e-02;7.030343e-02
1.555185e-01;7.354239e-02;1.413895e-01;6.502073e-02;4.952388e-02;5.316602e-02;9.291234e-02;4.193709e-02;8.816773e-02;8.005984e-02;8.123992e-02;7.752204e-02
8.113460e-02;1.171945e-01;1.710746e-01;9.859579e-02;1.016229e-01;4.960527e-02;8.067308e-02;3.305618e-02;9.070382e-02;4.636736e-02;5.299264e-02;7.697923e-02
3.640563e-02;1.305140e-01;1.876345e-01;1.285898e-01;1.383324e-01;8.797098e-02;7.873756e-02;3.108641e-02;6.947336e-02;3.365662e-02;2.618395e-02;5.141469e-02
3.787215e-02;8.390792e-02;1.437573e-01;1.153566e-01;1.218788e-01;1.344701e-01;1.294431e-01;6.380683e-02;4.658539e-02;4.455480e-02;3.511190e-02;4.325519e-02
3.942489e-02;4.585829e-02;8.277404e-02;8.882540e-02;5.968434e-02;1.377370e-01;1.699924e-01;1.468605e-01;5.410199e-02;5.732175e-02;6.601382e-02;5.140565e-02
4.888703e-02;4.783314e-02;7.402847e-02;7.937307e-02;3.178431e-02;1.237624e-01;1.516014e-01;1.593055e-01;1.231714e-01;7.018327e-02;6.818742e-02;2.188260e-02
5.283957e-02;4.813259e-02;1.184322e-01;5.245771e-02;4.719015e-02;8.862056e-02;1.049076e-01;8.072794e-02;1.553843e-01;1.364353e-01;7.542888e-02;3.944318e-02
5.624497e-02;3.848012e-02;1.299246e-01;3.998559e-02;5.758644e-02;6.238119e-02;7.240084e-02;1.015343e-01;1.356352e-01;1.745136e-01;9.501552e-02;3.629766e-02
6.812382e-02;5.145184e-02;1.137219e-01;5.086191e-02;7.509750e-02;5.647628e-02;9.643953e-02;1.028083e-01;9.355836e-02;1.571553e-01;9.490596e-02;3.939943e-02
