1.101692e-02;1.766380e-02;8.584788e-02;1.527150e-02;4.697895e-02;8.669798e-02;4.942431e-01;1.074911e-01;5.222699e-02;4.596516e-02;1.857053e-02;1.802615e-02
1.305539e-02;1.307702e-02;7.648268e-02;1.146379e-02;3.426480e-02;5.712341e-02;5.149281e-01;1.402250e-01;6.557488e-02;4.304139e-02;1.037419e-02;2.038930e-02
1.429640e-02;1.445507e-02;6.493305e-02;1.474904e-02;1.577607e-02;2.563668e-02;5.187151e-01;1.663236e-01;7.626779e-02;4.879958e-02;1.030223e-02;2.974538e-02
8.565671e-03;1.244099e-02;4.613215e-02;1.711376e-02;8.326198e-03;1.808377e-02;5.626965e-01;1.633977e-01;7.532778e-02;4.436356e-02;1.452055e-02;2.903140e-02
7.246513e-03;1.144873e-02;2.864015e-02;1.197691e-02;9.152808e-03;1.773558e-02;6.148505e-01;1.665310e-01;6.987152e-02;3.182948e-02;1.083462e-02;1.988229e-02
1.005803e-02;1.704546e-02;2.350600e-02;1.128290e-02;1.922775e-02;3.811517e-02;6.684831e-01;1.282515e-01;4.016694e-02;1.972536e-02;8.059588e-03;1.607827e-02
9.950558e-03;1.484586e-02;3.059309e-02;1.312356e-02;3.787796e-02;7.381939e-02;6.973367e-01;6.427603e-02;1.937803e-02;1.446672e-02;1.067147e-02;1.366059e-02
3.313382e-02;2.648165e-02;4.885942e-02;1.432392e-02;4.846367e-02;7.635795e-02;5.827724e-01;4.805844e-02;4.066814e-02;3.893677e-02;2.825855e-02;1.368528e-02
1.533656e-01;6.623413e-02;4.520708e-02;1.663852e-02;2.892277e-02;5.403046e-02;2.903726e-01;5.329645e-02;4.936686e-02;7.285282e-02;9.370115e-02;7.601157e-02
2.550288e-01;8.541203e-02;4.671199e-02;1.532747e-02;1.102393e-02;3.696767e-02;1.450184e-01;3.137080e-02;2.306777e-02;6.183098e-02;1.011909e-01;1.870493e-01
2.554802e-01;7.043141e-02;3.338854e-02;1.422635e-02;6.549807e-03;4.740851e-02;1.405225e-01;2.080856e-02;2.104204e-02;3.026698e-02;6.395467e-02;2.959205e-01
1.085126e-01;2.810691e-02;1.494130e-02;8.271392e-03;1.148717e-02;9.827240e-02;1.052801e-01;1.503153e-02;1.807437e-02;6.764503e-02;2.883197e-01;2.360576e-01
2.360046e-02;1.055808e-02;1.305151e-02;3.898677e-03;1.626883e-02;1.368222e-01;5.604553e-02;1.229024e-02;1.905341e-02;1.400114e-01;4.724556e-01;9.594410e-02
4.125083e-02;1.065565e-02;9.236413e-03;1.063261e-03;1.114373e-02;1.322966e-01;3.393065e-02;1.372886e-02;2.197286e-02;2.093072e-01;4.752609e-01;4.015305e-02
4.874788e-02;9.625900e-03;1.122749e-02;4.825492e-03;9.581552e-03;1.139289e-01;4.071146e-02;1.951154e-02;3.745692e-02;2.524134e-01;3.942304e-01;5.773900e-02
4.265699e-02;1.517005e-02;1.413000e-02;6.905950e-03;2.420996e-02;1.045963e-01;7.725861e-02;3.558830e-02;6.010476e-02;2.542109e-01;3.010307e-01;6.413752e-02
3.020746e-02;1.457348e-02;1.984583e-02;6.617452e-03;5.003159e-02;1.214659e-01;1.553210e-01;4.702355e-02;3.559852e-02;2.209143e-01;2.204147e-01;7.798617e-02
8.225457e-02;2.166261e-02;4.865097e-02;1.666153e-02;5.192260e-02;8.156644e-02;1.275641e-01;3.916097e-02;2.320272e-02;1.838811e-01;1.919375e-01;1.315349e-01
1.039341e-01;2.471185e-02;5.661888e-02;2.433782e-02;8.140206e-02;1.695411e-01;7.119556e-02;2.084222e-02;2.375723e-02;1.808591e-01;1.226641e-01;1.201361e-01
9.048466e-02;1.558607e-02;4.827338e-02;1.779245e-02;7.315724e-02;2.163115e-01;1.147082e-01;2.142343e-02;3.292554e-02;1.470334e-01;1.060881e-01;1.162160e-01
5.899011e-02;1.161269e-02;3.655797e-02;7.301040e-03;3.317227e-02;1.435986e-01;1.304778e-01;2.182326e-02;3.961033e-02;1.795525e-01;2.261171e-01;1.111864e-01
7.493803e-02;1.188641e-02;3.639746e-02;1.935478e-02;3.897430e-02;1.056850e-01;1.026563e-01;3.178844e-02;6.359519e-02;2.198361e-01;1.465240e-01;1.483639e-01
9.282909e-02;3.175694e-02;7.559001e-02;2.630308e-02;3.934843e-02;5.823223e-02;1.073122e-01;2.417495e-02;9.780867e-02;1.226447e-01;1.903114e-01;1.336883e-01
6.812583e-02;3.490490e-02;5.380915e-02;1.561412e-02;1.453496e-02;3.107963e-02;4.128413e-02;1.558382e-02;8.080041e-02;1.212473e-01;4.080915e-01;1.149242e-01
3.845257e-02;1.486399e-02;3.711793e-02;5.824708e-03;1.080002e-02;3.764579e-02;1.887105e-02;1.532482e-02;5.812245e-02;7.789905e-02;5.834427e-01;1.016349e-01
2.203182e-02;1.332478e-02;2.821038e-02;3.486319e-03;6.542309e-03;3.647222e-02;1.812091e-02;7.906377e-03;2.626448e-02;7.611283e-02;6.826677e-01;7.885986e-02
1.428896e-02;1.049384e-02;3.044952e-02;3.903982e-03;7.037211e-03;2.260896e-02;1.744327e-02;4.781372e-03;2.026500e-02;1.711365e-01;6.554593e-01;4.213212e-02
9.651081e-03;1.111632e-02;3.676889e-02;4.541106e-03;6.307477e-03;1.559530e-02;7.581019e-03;8.613406e-03;3.153393e-02;2.015844e-01;6.513364e-01;1.537065e-02
8.692001e-03;1.851167e-02;6.145971e-02;4.862025e-03;3.741045e-03;2.044545e-02;5.616652e-03;8.856387e-03;3.592757e-02;1.424683e-01;6.602727e-01;2.914648e-02
9.144266e-03;1.078072e-02;8.760545e-02;3.664710e-03;6.640796e-03;2.718651e-02;5.973452e-03;6.411493e-03;2.577418e-02;4.901954e-02;7.412704e-01;2.652843e-02
1.036901e-02;8.247247e-03;7.276957e-02;3.606971e-03;6.049994e-03;3.422653e-02;8.934449e-03;6.111583e-03;1.582470e-02;9.193704e-02;7.315056e-01;1.041736e-02
1.040483e-02;2.182993e-02;3.608686e-02;4.380129e-03;5.867694e-03;3.886866e-02;2.191558e-02;8.115335e-03;5.171122e-02;2.478337e-01;5.361043e-01;1.688173e-02
4.513084e-02;3.696597e-02;3.513732e-02;1.382820e-02;1.110244e-02;4.749524e-02;4.479785e-02;3.269804e-02;9.468749e-02;2.804269e-01;3.248701e-01;3.285964e-02
6.533119e-02;4.653135e-02;2.727632e-02;2.595487e-02;2.019592e-02;3.423656e-02;5.071506e-02;4.992367e-02;1.384320e-01;2.984618e-01;2.069152e-01;3.602612e-02
7.042181e-02;3.230618e-02;2.304959e-02;4.837289e-02;2.454280e-02;1.386653e-02;2.342394e-02;3.093782e-02;2.028063e-01;3.274289e-01;1.702428e-01;3.260032e-02
1.046528e-01;4.119959e-02;3.916670e-02;6.986478e-02;2.204525e-02;7.999945e-03;1.331245e-02;3.564195e-02;2.200923e-01;2.492213e-01;1.356620e-01;6.114101e-02
1.032744e-01;4.729641e-02;6.783330e-02;1.215577e-01;1.456944e-02;1.260799e-02;1.698536e-02;6.693825e-02;1.974128e-01;1.384304e-01;1.045280e-01;1.085659e-01
7.060026e-02;3.933564e-02;1.000253e-01;2.556892e-01;1.488314e-02;2.860150e-02;2.261138e-02;7.751153e-02;1.613032e-01;7.085232e-02;7.284338e-02;8.574313e-02
1.179538e-01;7.505243e-02;6.022826e-02;2.408636e-01;4.642341e-02;2.561395e-02;2.052626e-02;4.055763e-02;2.335301e-01;6.265819e-02;3.878256e-02;3.780977e-02
9.792010e-02;1.620389e-01;2.186753e-02;1.260328e-01;9.893730e-02;1.626556e-02;1.785417e-02;2.778250e-02;1.290114e-01;2.589010e-01;2.050398e-02;2.288472e-02
3.611765e-02;2.148731e-01;3.751000e-02;3.756424e-02;9.433490e-02;1.880300e-02;8.344766e-03;3.621448e-02;2.797921e-02;3.802542e-01;9.343570e-02;1.456883e-02
1.502051e-02;1.309747e-01;6.290723e-02;5.294541e-02;2.395737e-02;1.625571e-02;7.837351e-03;3.294744e-02;3.308205e-02;3.143537e-01;2.508761e-01;5.884245e-02
2.898054e-02;4.754239e-02;5.094934e-02;7.433455e-02;3.744276e-02;1.423713e-02;8.447942e-03;2.219210e-02;4.621134e-02;1.921653e-01;3.276329e-01;1.498637e-01
5.893010e-02;5.867680e-02;5.345925e-02;7.591683e-02;5.437998e-02;1.015680e-02;1.281691e-02;2.632160e-02;6.224728e-02;1.006691e-01;2.715400e-01;2.148854e-01
6.454725e-02;9.137581e-02;6.973828e-02;8.665715e-02;8.041202e-02;2.949350e-02;2.729243e-02;3.001565e-02;8.732627e-02;1.646550e-01;1.246250e-01;1.438617e-01
3.713968e-02;6.709394e-02;5.868800e-02;1.072139e-01;6.955686e-02;4.698828e-02;3.613856e-02;3.795052e-02;7.413138e-02;1.416124e-01;2.261684e-01;9.731811e-02
3.682798e-02;8.967403e-02;7.016233e-02;1.199064e-01;5.994393e-02;5.501579e-02;2.892013e-02;4.529376e-02;7.769531e-02;1.051250e-01;1.867058e-01;1.247296e-01
4.762784e-02;1.362808e-01;8.279686e-02;7.971990e-02;5.211888e-02;4.227711e-02;1.736622e-02;3.227282e-02;9.904116e-02;1.601324e-01;1.258354e-01;1.245307e-01
3.584012e-02;1.085776e-01;8.060908e-02;6.855713e-02;3.191566e-02;3.258244e-02;2.628614e-02;4.162520e-02;1.147703e-01;2.365920e-01;1.010910e-01;1.215533e-01
2.659452e-02;4.711203e-02;6.421857e-02;6.515305e-02;5.629661e-02;3.712296e-02;2.764526e-02;3.669944e-02;1.128385e-01;3.140410e-01;1.180085e-01;9.426955e-02
2.761287e-02;3.608038e-02;6.059302e-02;5.110465e-02;6.702747e-02;4.003151e-02;6.842139e-02;3.814707e-02;1.617087e-01;2.501774e-01;1.304953e-01;6.860028e-02
5.026220e-02;2.714397e-02;4.880949e-02;5.178273e-02;3.421199e-02;3.247184e-02;1.281281e-01;5.567840e-02;1.685912e-01;1.750894e-01;1.387430e-01;8.908775e-02
5.988302e-02;3.892539e-02;4.884493e-02;5.734283e-02;2.116657e-02;3.766173e-02;2.317191e-01;5.642252e-02;1.249580e-01;1.068971e-01;1.263194e-01;8.985955e-02
5.036973e-02;4.102956e-02;5.996187e-02;6.027201e-02;4.008001e-02;5.041631e-02;3.675638e-01;4.202087e-02;7.546309e-02;7.767741e-02;6.876331e-02;6.638200e-02
4.281342e-02;2.609769e-02;5.963164e-02;6.451558e-02;6.927200e-02;5.668410e-02;4.407427e-01;4.057621e-02;6.847883e-02;6.120522e-02;2.384784e-02;4.613468e-02
4.543094e-02;2.313330e-02;6.486061e-02;6.919527e-02;7.305644e-02;4.267962e-02;3.932099e-01;4.622466e-02;6.547382e-02;6.440155e-02;7.965264e-02;3.268127e-02
5.504670e-02;2.935628e-02;5.552712e-02;4.883215e-02;4.804949e-02;2.321058e-02;2.912278e-01;4.971836e-02;7.505437e-02;1.348497e-01;1.427707e-01;4.635681e-02
6.880824e-02;6.060831e-02;3.905968e-02;2.739307e-02;2.213516e-02;1.496344e-02;1.230663e-01;3.734577e-02;7.338130e-02;2.662977e-01;2.262037e-01;4.073739e-02
2.756551e-02;5.462190e-02;3.044561e-02;2.165501e-02;1.569623e-02;1.700019e-02;4.536236e-02;2.093059e-02;5.703436e-02;3.010935e-01;3.611230e-01;4.747177e-02
1.805055e-02;2.787950e-02;1.823785e-02;1.412874e-02;9.523728e-03;1.948813e-02;2.710168e-02;1.132979e-02;5.067782e-02;2.539178e-01;5.071924e-01;4.247200e-02
1.257160e-02;2.579051e-02;1.497423e-02;8.447812e-03;1.825208e-02;2.228029e-02;1.633374e-02;1.524138e-02;4.513309e-02;2.877376e-01;5.017315e-01;3.150625e-02
1.183337e-02;6.649921e-02;6.926165e-03;1.045365e-02;2.186679e-02;1.777328e-02;1.493637e-02;3.102421e-02;2.884940e-02;4.529394e-01;3.225613e-01;1.433682e-02
1.517354e-02;1.146031e-01;1.168794e-02;9.272355e-03;2.838526e-02;1.288416e-02;1.437554e-02;3.944637e-02;2.182572e-02;5.537504e-01;1.666807e-01;1.191501e-02
1.377284e-02;1.221415e-01;1.662929e-02;9.489194e-03;3.978061e-02;1.526470e-02;8.590940e-03;4.393474e-02;2.799327e-02;5.685830e-01;1.181631e-01;1.565677e-02
2.689458e-02;8.332767e-02;2.033224e-02;9.739382e-03;3.008061e-02;1.715492e-02;2.792412e-02;4.535404e-02;1.828828e-02;4.506906e-01;2.276700e-01;4.254358e-02
4.483133e-02;5.216192e-02;2.492930e-02;1.015123e-02;1.760112e-02;1.638082e-02;1.099816e-01;5.820390e-02;8.148023e-02;2.590983e-01;2.656046e-01;5.957559e-02
3.254716e-02;5.402423e-02;3.211061e-02;1.115433e-02;4.480079e-02;2.812595e-02;2.574251e-01;8.066308e-02;9.331276e-02;1.488153e-01;1.755713e-01;4.144942e-02
2.204945e-02;7.192192e-02;4.828107e-02;1.755679e-02;7.435135e-02;4.311926e-02;2.979376e-01;6.610838e-02;2.668540e-02;2.315753e-01;8.536602e-02;1.504750e-02
2.377118e-02;1.226274e-01;8.059941e-02;2.577518e-02;1.002010e-01;6.394917e-02;1.813310e-01;3.740760e-02;4.505162e-02;1.807757e-01;1.037924e-01;3.471823e-02
3.085367e-02;1.605374e-01;6.928687e-02;2.715854e-02;1.037760e-01;7.563287e-02;1.989015e-01;6.687086e-02;4.643472e-02;9.024534e-02;9.844688e-02;3.185537e-02
1.801948e-02;9.395611e-02;4.800132e-02;4.775220e-02;6.847320e-02;5.849678e-02;2.026823e-01;6.882829e-02;1.386830e-01;1.507436e-01;7.916799e-02;2.519577e-02
1.132984e-02;4.313318e-02;3.128654e-02;5.441440e-02;5.134146e-02;4.073272e-02;8.598097e-02;5.188971e-02;2.577107e-01;2.638169e-01;7.763923e-02;3.072437e-02
1.498707e-02;1.780857e-02;1.252315e-02;3.090711e-02;6.198469e-02;2.110969e-02;6.399196e-02;2.225792e-02;2.366523e-01;4.228989e-01;8.674427e-02;8.134336e-03
1.271360e-02;1.088504e-02;1.335354e-02;1.287961e-02;4.471087e-02;3.145400e-02;2.919505e-02;1.496270e-02;1.255819e-01;4.370252e-01;2.576928e-01;9.545641e-03
1.072908e-02;9.975104e-03;1.685690e-02;1.116985e-02;3.385935e-02;6.896278e-02;1.174597e-02;1.347923e-02;6.127098e-02;2.408587e-01;4.846215e-01;3.647052e-02
9.458932e-03;5.963116e-03;1.648122e-02;1.827729e-02;4.738931e-02;8.796888e-02;1.001394e-02;7.317939e-03;4.114471e-02;3.893070e-02;6.486635e-01;6.839049e-02
1.690344e-02;6.368883e-03;1.248813e-02;1.237490e-02;5.332261e-02;7.901911e-02;1.849446e-02;8.204954e-03;3.157398e-02;4.921485e-02;6.149264e-01;9.710824e-02
4.656442e-02;1.615785e-02;1.941676e-02;1.808523e-02;6.401829e-02;4.618639e-02;3.549600e-02;1.381718e-02;7.022168e-02;1.069989e-01;4.511434e-01;1.118938e-01
5.568912e-02;2.759616e-02;2.983794e-02;2.500342e-02;5.410828e-02;5.903015e-02;8.537561e-02;2.731985e-02;1.239299e-01;1.921104e-01;2.222300e-01;9.776919e-02
2.003943e-02;2.729798e-02;2.320316e-02;2.551482e-02;4.059187e-02;1.071276e-01;2.224779e-01;5.381320e-02;1.415410e-01;1.848866e-01;1.049109e-01;4.859551e-02
3.150970e-02;2.236583e-02;4.554005e-02;2.350045e-02;4.619579e-02;9.354623e-02;3.297652e-01;5.668064e-02;8.281536e-02;1.302938e-01;1.017786e-01;3.600833e-02
5.766762e-02;3.391376e-02;5.200415e-02;3.158351e-02;6.655991e-02;8.877201e-02;2.991953e-01;3.969698e-02;7.045770e-02;8.748157e-02;1.083925e-01;6.427499e-02
6.553763e-02;3.325478e-02;8.716298e-02;4.375006e-02;8.570395e-02;1.455465e-01;1.753423e-01;5.304053e-02;7.530013e-02;8.222660e-02;7.108381e-02;8.205069e-02
9.225289e-02;3.970923e-02;1.469072e-01;3.179363e-02;5.794168e-02;9.737014e-02;1.853675e-01;5.044545e-02;3.777194e-02;1.522011e-01;6.672587e-02;4.151343e-02
7.754520e-02;4.921542e-02;8.093642e-02;2.083697e-02;3.017218e-02;3.931164e-02;1.126475e-01;3.982644e-02;6.464408e-02;2.112411e-01;2.377733e-01;3.584981e-02
4.069167e-02;2.519589e-02;3.327458e-02;9.162362e-03;2.307268e-02;2.918276e-02;3.928989e-02;1.340834e-02;5.162472e-02;2.090323e-01;4.091019e-01;1.169629e-01
4.482190e-02;9.832330e-03;1.355044e-02;4.431590e-03;1.283797e-02;1.717387e-02;3.167767e-02;6.808940e-03;3.075266e-02;1.179851e-01;4.347158e-01;2.754117e-01
5.934479e-02;1.532576e-02;1.836380e-02;8.971575e-03;1.084305e-02;2.477633e-02;2.955965e-02;7.970204e-03;2.063099e-02;3.875866e-02;3.146944e-01;4.507607e-01
6.075800e-02;1.380675e-02;2.652502e-02;1.050335e-02;1.416583e-02;3.782192e-02;3.598553e-02;1.154984e-02;1.122709e-02;4.346446e-02;2.421677e-01;4.920245e-01
5.338721e-02;9.357972e-03;2.960418e-02;7.612822e-03;6.538955e-03;2.435931e-02;4.851483e-02;1.487730e-02;1.531265e-02;6.340777e-02;4.247077e-01;3.023193e-01
2.805171e-02;7.884016e-03;2.911742e-02;3.024195e-03;5.284208e-03;2.733989e-02;4.645361e-02;1.409749e-02;2.840279e-02;7.733843e-02;6.198464e-01;1.131598e-01
3.506460e-02;1.410432e-02;2.484262e-02;6.152774e-03;5.488728e-03;4.558944e-02;2.823863e-02;1.300630e-02;3.821193e-02;9.981184e-02;5.910187e-01;9.847012e-02
5.186630e-02;2.087115e-02;2.842512e-02;1.005884e-02;1.557733e-02;5.625171e-02;2.695256e-02;2.404299e-02;4.563088e-02;9.241382e-02;5.008947e-01;1.270146e-01
3.752047e-02;1.263116e-02;1.700527e-02;1.137304e-02;1.670706e-02;2.907069e-02;5.202354e-02;4.057470e-02;1.241874e-01;2.956040e-01;2.599925e-01;1.033101e-01
3.192534e-02;1.569392e-02;1.880704e-02;8.685621e-03;1.931552e-02;2.397356e-02;5.939233e-02;5.333370e-02;2.084385e-01;3.848693e-01;7.824326e-02;9.732191e-02
3.434496e-02;1.461915e-02;4.534876e-02;1.244822e-02;3.939246e-02;4.292063e-02;1.848286e-01;4.611028e-02;1.404257e-01;2.275470e-01;1.165260e-01;9.548816e-02
2.746097e-02;1.292579e-02;1.014114e-01;2.361690e-02;5.720304e-02;6.201570e-02;2.153022e-01;3.933209e-02;4.573137e-02;1.530771e-01;1.626714e-01;9.925199e-02
2.642146e-02;2.133809e-02;1.805987e-01;3.861801e-02;7.997900e-02;6.897894e-02;1.295162e-01;2.703246e-02;3.255707e-02;1.720995e-01;1.314484e-01;9.141219e-02
4.600488e-02;4.259062e-02;1.684749e-01;4.964219e-02;6.850412e-02;7.275714e-02;5.874699e-02;3.296277e-02;4.669015e-02;1.570951e-01;1.223501e-01;1.341810e-01
7.220136e-02;6.786411e-02;9.435652e-02;2.972335e-02;4.927646e-02;6.065592e-02;8.327160e-02;3.634817e-02;8.273758e-02;9.802501e-02;1.283373e-01;1.972026e-01
6.391761e-02;7.772952e-02;6.850082e-02;2.994376e-02;5.620474e-02;4.472489e-02;8.620128e-02;3.164300e-02;8.462057e-02;9.183271e-02;1.668228e-01;1.978583e-01
6.410091e-02;8.145284e-02;6.723872e-02;2.798590e-02;6.651739e-02;5.007476e-02;9.644611e-02;3.460259e-02;6.419459e-02;7.455849e-02;2.270007e-01;1.458270e-01
5.814123e-02;8.546581e-02;5.294573e-02;3.905741e-02;9.903445e-02;5.320790e-02;8.569800e-02;4.792868e-02;6.708059e-02;5.597246e-02;2.477378e-01;1.077299e-01
5.263482e-02;5.605744e-02;6.254282e-02;5.765110e-02;1.008493e-01;5.419168e-02;6.116569e-02;5.669014e-02;8.227258e-02;6.952455e-02;2.389423e-01;1.074776e-01
6.937862e-02;5.125712e-02;7.711466e-02;5.243705e-02;9.262990e-02;4.193948e-02;8.911160e-02;5.515942e-02;9.045646e-02;7.605022e-02;2.243409e-01;8.012453e-02
6.275098e-02;7.872774e-02;7.946245e-02;6.465422e-02;8.396015e-02;5.623867e-02;8.717863e-02;5.071012e-02;7.763947e-02;1.042233e-01;2.047953e-01;4.965900e-02
1.154314e-01;7.976735e-02;8.421477e-02;6.431749e-02;6.697859e-02;6.004016e-02;8.792879e-02;4.041490e-02;8.112205e-02;1.009140e-01;1.524472e-01;6.642324e-02
1.826505e-01;1.098641e-01;7.632740e-02;3.374603e-02;3.990205e-02;4.012985e-02;1.023513e-01;2.941119e-02;7.639211e-02;6.938925e-02;1.222892e-01;1.175470e-01
2.617110e-01;9.838501e-02;6.324896e-02;1.894492e-02;1.883638e-02;2.600711e-02;7.053505e-02;2.429301e-02;3.544419e-02;6.099846e-02;9.362131e-02;2.279746e-01
2.923492e-01;8.734755e-02;4.181810e-02;2.202964e-02;1.112123e-02;1.825554e-02;4.323753e-02;1.378023e-02;2.190254e-02;5.193929e-02;8.321135e-02;3.130079e-01
2.009920e-01;5.144476e-02;4.898058e-02;2.091061e-02;7.739299e-03;3.702788e-02;3.468009e-02;1.180376e-02;2.529862e-02;5.396230e-02;2.077831e-01;2.993769e-01
5.950253e-02;2.391487e-02;5.726815e-02;1.546742e-02;8.446182e-03;6.896830e-02;2.944124e-02;1.350070e-02;3.370589e-02;9.896510e-02;4.053263e-01;1.854933e-01
4.083756e-02;1.933029e-02;3.664686e-02;7.176710e-03;1.484198e-02;6.482523e-02;1.900000e-02;2.457659e-02;3.860060e-02;2.224385e-01;4.500557e-01;6.166994e-02
5.455167e-02;2.915617e-02;1.522825e-02;6.904453e-03;3.044328e-02;3.314346e-02;1.904986e-02;3.986044e-02;4.959890e-02;3.832077e-01;3.124881e-01;2.636766e-02
3.869495e-02;3.418280e-02;9.499702e-03;1.282445e-02;4.307963e-02;2.022696e-02;3.651403e-02;4.143494e-02;1.939833e-01;4.423001e-01;1.090759e-01;1.818320e-02
1.643746e-02;2.404509e-02;1.097198e-02;2.774994e-02;3.217877e-02;2.991935e-02;8.640639e-02;1.031279e-01;3.693517e-01;2.245108e-01;5.815509e-02;1.714546e-02
2.533166e-02;3.369233e-02;1.823940e-02;2.912252e-02;2.707664e-02;5.024240e-02;1.872573e-01;2.033861e-01;2.748852e-01;8.603851e-02;4.735592e-02;1.737210e-02
4.961428e-02;4.637238e-02;2.041044e-02;5.614579e-02;4.091902e-02;8.110563e-02;2.737505e-01;2.210334e-01;8.067622e-02;7.710437e-02;2.811141e-02;2.475658e-02
6.699869e-02;3.614802e-02;4.955091e-02;8.626346e-02;7.199533e-02;9.598613e-02;2.270091e-01;1.492730e-01;5.010182e-02;5.493012e-02;4.889657e-02;6.284688e-02
5.447631e-02;3.145275e-02;1.299935e-01;8.739851e-02;8.550675e-02;7.391386e-02;1.213438e-01;9.166548e-02;7.580629e-02;5.998876e-02;1.039434e-01;8.451054e-02
5.038192e-02;5.001342e-02;2.001164e-01;6.969990e-02;7.467802e-02;6.271876e-02;1.078340e-01;6.968457e-02;8.136716e-02;8.127069e-02;1.052284e-01;4.700677e-02
9.319350e-02;7.435678e-02;1.924658e-01;5.215519e-02;8.693435e-02;6.543175e-02;9.946807e-02;6.418667e-02;9.450237e-02;7.368693e-02;4.982746e-02;5.379111e-02
1.177236e-01;6.292724e-02;1.248737e-01;8.121044e-02;1.018253e-01;6.320349e-02;7.393466e-02;8.135628e-02;1.207379e-01;5.568752e-02;4.352557e-02;7.299420e-02
7.676447e-02;3.505877e-02;1.076501e-01;1.138827e-01;9.286124e-02;5.075013e-02;9.305668e-02;1.079491e-01;1.346071e-01;8.136268e-02;4.456407e-02;6.149302e-02
3.699338e-02;3.789993e-02;1.082361e-01;1.133081e-01;9.079952e-02;5.439992e-02;1.192735e-01;1.199285e-01;1.130552e-01;9.306823e-02;6.827512e-02;4.476250e-02
7.744528e-02;3.645088e-02;8.413780e-02;7.902616e-02;6.510433e-02;5.052577e-02;1.346930e-01;1.265098e-01;1.615050e-01;6.626342e-02;6.530613e-02;5.303238e-02
8.358634e-02;3.427143e-02;8.208281e-02;5.293540e-02;5.904502e-02;4.538903e-02;1.714082e-01;1.676063e-01;1.532572e-01;5.001844e-02;4.197315e-02;5.842664e-02
7.080609e-02;2.040112e-02;8.678980e-02;3.222098e-02;7.815862e-02;5.304901e-02;2.006355e-01;1.690235e-01;9.097513e-02;7.556793e-02;7.023285e-02;5.213948e-02
7.576238e-02;4.063620e-02;1.000684e-01;4.917866e-02;7.384981e-02;5.704365e-02;1.810458e-01;9.367500e-02;7.411646e-02;9.019641e-02;9.435785e-02;7.006942e-02
1.405088e-01;4.760778e-02;7.744700e-02;5.630310e-02;5.413850e-02;7.227568e-02;1.452235e-01;5.721221e-02;7.710315e-02;1.228391e-01;8.433661e-02;6.500455e-02
2.035595e-01;4.645691e-02;5.062075e-02;3.795568e-02;4.287894e-02;7.519008e-02;6.836991e-02;8.060534e-02;6.940667e-02;1.154408e-01;9.920865e-02;1.103068e-01
2.822006e-01;6.424727e-02;3.984682e-02;3.194121e-02;2.924501e-02;4.531702e-02;8.162173e-02;6.699753e-02;4.172168e-02;6.433333e-02;8.772880e-02;1.647990e-01
3.113215e-01;5.954433e-02;3.618773e-02;3.904758e-02;1.870762e-02;3.286159e-02;7.207851e-02;6.616928e-02;3.312224e-02;3.911702e-02;7.490269e-02;2.169399e-01
2.638809e-01;3.170689e-02;2.584149e-02;5.646363e-02;1.500129e-02;3.156894e-02;6.670688e-02;8.481013e-02;3.196154e-02;4.109269e-02;9.356244e-02;2.574031e-01
2.227312e-01;2.532044e-02;5.118499e-02;5.895365e-02;1.794615e-02;1.879766e-02;6.951983e-02;7.993797e-02;2.994743e-02;3.467155e-02;1.300915e-01;2.608976e-01
2.108091e-01;2.975805e-02;1.176536e-01;4.971056e-02;1.935101e-02;1.936876e-02;7.780359e-02;6.853755e-02;2.734699e-02;2.614493e-02;1.539363e-01;1.995795e-01
1.797874e-01;3.036802e-02;1.424589e-01;4.672538e-02;2.676559e-02;3.452977e-02;8.710798e-02;5.737602e-02;4.720456e-02;6.338124e-02;1.738372e-01;1.104580e-01
1.600493e-01;5.352687e-02;1.408719e-01;4.438030e-02;3.638035e-02;4.577401e-02;1.082301e-01;2.439222e-02;6.725628e-02;8.267657e-02;1.680304e-01;6.843171e-02
1.392704e-01;7.953116e-02;1.330832e-01;5.263958e-02;5.128444e-02;3.626427e-02;1.204218e-01;5.196228e-02;5.794150e-02;6.314166e-02;1.234190e-01;9.104069e-02
1.139999e-01;6.224099e-02;1.396012e-01;6.263512e-02;6.541438e-02;4.140770e-02;1.419388e-01;7.834231e-02;3.928143e-02;5.664523e-02;1.223606e-01;7.613236e-02
8.750864e-02;7.741813e-02;1.385703e-01;3.985599e-02;6.970417e-02;3.388274e-02;1.801617e-01;1.025017e-01;2.450135e-02;4.973651e-02;1.306482e-01;6.551051e-02
7.823508e-02;7.963426e-02;1.340738e-01;4.347125e-02;6.632338e-02;4.859577e-02;1.446007e-01;9.728434e-02;6.043343e-02;5.656515e-02;1.147179e-01;7.606481e-02
3.899983e-02;6.342026e-02;1.780652e-01;8.658005e-02;7.982266e-02;7.260489e-02;7.122570e-02;5.359383e-02;6.783031e-02;6.582209e-02;9.686433e-02;1.251709e-01
1.413929e-01;3.075330e-02;1.661870e-01;6.914636e-02;6.343509e-02;6.184562e-02;9.566132e-02;3.024237e-02;5.731186e-02;8.556262e-02;8.276093e-02;1.157007e-01
2.012486e-01;4.869336e-02;1.028930e-01;3.610063e-02;4.842247e-02;5.210315e-02;1.287112e-01;5.965505e-02;6.358497e-02;7.920188e-02;7.151943e-02;1.078663e-01
