7.090224e-02;6.098242e-02;1.657407e-01;6.681527e-02;8.789074e-02;8.057671e-02;6.466567e-02;1.333196e-01;9.080739e-02;7.804816e-02;3.822052e-02;6.203058e-02
5.864897e-02;6.816419e-02;1.411552e-01;7.533542e-02;8.784866e-02;1.050404e-01;1.281433e-01;1.195885e-01;5.162814e-02;7.458238e-02;2.522186e-02;6.464297e-02
7.833602e-02;7.377990e-02;1.465778e-01;7.776044e-02;7.316505e-02;1.042870e-01;7.556687e-02;1.186827e-01;9.275436e-02;7.166667e-02;2.549160e-02;6.193155e-02
9.440451e-02;1.071675e-01;1.344464e-01;1.169419e-01;6.451950e-02;5.808926e-02;1.028280e-01;8.485171e-02;7.863108e-02;6.246287e-02;2.780367e-02;6.785357e-02
9.848213e-02;1.534574e-01;1.211179e-01;1.717328e-01;3.289528e-02;5.272815e-02;8.122416e-02;4.329129e-02;6.700309e-02;6.149223e-02;3.608030e-02;8.049530e-02
1.037079e-01;1.644884e-01;1.187528e-01;1.529084e-01;5.929244e-02;4.932700e-02;6.778608e-02;4.348813e-02;7.273859e-02;5.829047e-02;4.154973e-02;6.767002e-02
1.101861e-01;1.702542e-01;1.309205e-01;1.012687e-01;7.855199e-02;5.777921e-02;5.689950e-02;4.305481e-02;7.335683e-02;6.806594e-02;7.453537e-02;3.512690e-02
7.654317e-02;1.416055e-01;1.763430e-01;8.571110e-02;5.371711e-02;7.472397e-02;6.527951e-02;4.361837e-02;6.913580e-02;6.510971e-02;9.325743e-02;5.495522e-02
4.454906e-02;1.315942e-01;1.623649e-01;6.702057e-02;4.758058e-02;7.431214e-02;9.842984e-02;5.564434e-02;7.628933e-02;8.541679e-02;1.041320e-01;5.266617e-02
8.710627e-02;9.606994e-02;1.465838e-01;4.080790e-02;6.986685e-02;7.792530e-02;1.170098e-01;6.669750e-02;6.013629e-02;1.026305e-01;1.068968e-01;2.826913e-02
6.912898e-02;7.181603e-02;1.793567e-01;5.644160e-02;1.033644e-01;1.073637e-01;9.125590e-02;5.639170e-02;6.742436e-02;9.021989e-02;5.990752e-02;4.732924e-02
6.867783e-02;1.199037e-01;1.268364e-01;8.952636e-02;7.088554e-02;1.011023e-01;9.256382e-02;4.977335e-02;6.579226e-02;1.051993e-01;4.374675e-02;6.599238e-02
5.366668e-02;1.336429e-01;1.375596e-01;9.724198e-02;6.288301e-02;9.668876e-02;8.186648e-02;6.082830e-02;7.508202e-02;6.936678e-02;7.755722e-02;5.361623e-02
7.873675e-02;1.280551e-01;1.316282e-01;1.383492e-01;7.980999e-02;8.883837e-02;6.610837e-02;5.928473e-02;4.855250e-02;7.895956e-02;6.841201e-02;3.326520e-02
6.479172e-02;1.252088e-01;1.663485e-01;1.524436e-01;1.124275e-01;7.408334e-02;8.087570e-02;3.195415e-02;5.129884e-02;6.845676e-02;4.587292e-02;2.623806e-02
8.238620e-02;1.707736e-01;1.636660e-01;1.144583e-01;8.893856e-02;6.157610e-02;7.805370e-02;5.437291e-02;7.302804e-02;4.791726e-02;4.195651e-02;2.287273e-02
1.544697e-01;1.729543e-01;1.419312e-01;8.753490e-02;1.078962e-01;4.330792e-02;3.877196e-02;6.474510e-02;6.875594e-02;3.817287e-02;5.173837e-02;2.972158e-02
2.631062e-01;1.120006e-01;1.176295e-01;5.442440e-02;1.746023e-01;2.013651e-02;2.489514e-02;9.013895e-02;4.629339e-02;2.424580e-02;5.172762e-02;2.079958e-02
3.214694e-01;5.221840e-02;8.603115e-02;6.246196e-02;1.928983e-01;1.749185e-02;2.908591e-02;1.128326e-01;3.670843e-02;2.524341e-02;3.335347e-02;3.020511e-02
3.277214e-01;3.215939e-02;8.283099e-02;1.028195e-01;1.421747e-01;1.428496e-02;3.998131e-02;1.374625e-01;2.243255e-02;3.211603e-02;1.604779e-02;4.996894e-02
3.377742e-01;3.130668e-02;6.552821e-02;1.115871e-01;1.321091e-01;1.078367e-02;3.692180e-02;1.668770e-01;1.913974e-02;2.629298e-02;1.287942e-02;4.880012e-02
3.269800e-01;3.690285e-02;8.179481e-02;6.802439e-02;1.509945e-01;1.366043e-02;4.758270e-02;1.641806e-01;9.101406e-03;1.878173e-02;1.904009e-02;6.295656e-02
2.821453e-01;4.711341e-02;8.781045e-02;3.720878e-02;1.253759e-01;2.224753e-02;8.863457e-02;1.435595e-01;1.517602e-02;1.858077e-02;3.762536e-02;9.452253e-02
2.326454e-01;5.935977e-02;1.002502e-01;3.401912e-02;9.138043e-02;3.692296e-02;1.131003e-01;1.212143e-01;3.098279e-02;3.134574e-02;5.559978e-02;9.317918e-02
2.416961e-01;5.962955e-02;9.477472e-02;6.118055e-02;6.442148e-02;4.657503e-02;1.108161e-01;1.266172e-01;4.724433e-02;4.508226e-02;7.097440e-02;3.098831e-02
2.241865e-01;2.911091e-02;2.672686e-02;3.737806e-02;1.534476e-01;5.890147e-02;8.035523e-02;1.079895e-01;5.801960e-02;4.104829e-02;1.145465e-01;6.828956e-02
1.602743e-01;2.264103e-02;5.713378e-02;4.604243e-02;1.593826e-01;6.676485e-02;5.014418e-02;1.222129e-01;5.266668e-02;5.998278e-02;1.181794e-01;8.457501e-02
1.431846e-01;2.259188e-02;7.591017e-02;7.085448e-02;1.309869e-01;5.765064e-02;2.917422e-02;1.470848e-01;3.737200e-02;8.264785e-02;1.128922e-01;8.965025e-02
2.008698e-01;3.806076e-02;6.706221e-02;7.671851e-02;9.015149e-02;5.190816e-02;6.210090e-02;1.273715e-01;2.606216e-02;7.049710e-02;1.164728e-01;7.272457e-02
2.645635e-01;2.288158e-02;6.755611e-02;7.382052e-02;5.435021e-02;5.782071e-02;7.001031e-02;7.458767e-02;4.081066e-02;7.787531e-02;1.382184e-01;5.750514e-02
2.319401e-01;1.265956e-02;6.129397e-02;6.614663e-02;7.901380e-02;7.318655e-02;5.518012e-02;7.118242e-02;4.194217e-02;8.599222e-02;1.474894e-01;7.397307e-02
2.046161e-01;1.855325e-02;4.437434e-02;5.392524e-02;9.360786e-02;8.743391e-02;6.339775e-02;1.179282e-01;3.516177e-02;9.240158e-02;1.453103e-01;4.328974e-02
1.672414e-01;2.236656e-02;7.029984e-02;4.663560e-02;5.966496e-02;1.136288e-01;9.372828e-02;1.366305e-01;4.013644e-02;7.077860e-02;1.165885e-01;6.230046e-02
1.364713e-01;6.709439e-02;1.293145e-01;8.328825e-02;5.161510e-02;1.329707e-01;1.098955e-01;9.735817e-02;4.249414e-02;4.978324e-02;6.354222e-02;3.617258e-02
1.898020e-01;1.242691e-01;1.608067e-01;8.036111e-02;6.420305e-02;9.939106e-02;1.010965e-01;5.648967e-02;2.029849e-02;3.727975e-02;2.813324e-02;3.786924e-02
2.756293e-01;1.727099e-01;1.172113e-01;8.320422e-02;6.421592e-02;7.358124e-02;6.499647e-02;5.760306e-02;2.221963e-02;2.089805e-02;1.135535e-02;3.637551e-02
3.124063e-01;2.043409e-01;6.892403e-02;5.855787e-02;9.256221e-02;3.916226e-02;3.065425e-02;7.139266e-02;7.268861e-02;8.649241e-03;1.182583e-02;2.883577e-02
2.811845e-01;2.118280e-01;1.028657e-01;2.884103e-02;7.215012e-02;1.969881e-02;2.613195e-02;7.762272e-02;1.440776e-01;1.026685e-02;8.867994e-03;1.646475e-02
2.598670e-01;1.926138e-01;8.113598e-02;9.617147e-03;4.523482e-02;1.371843e-02;2.723624e-02;1.039842e-01;2.392611e-01;7.601264e-03;9.177999e-03;1.055210e-02
2.146250e-01;1.097378e-01;3.573691e-02;3.969802e-03;1.002414e-01;9.939126e-03;2.665211e-02;2.177594e-01;2.561177e-01;6.099848e-03;1.166213e-02;7.458851e-03
1.791579e-01;4.822012e-02;2.763458e-02;8.312801e-03;1.386175e-01;4.338013e-03;4.310964e-02;3.248066e-01;1.982530e-01;4.468604e-03;9.204373e-03;1.387696e-02
1.772484e-01;2.648448e-02;1.870036e-02;1.161049e-02;1.310617e-01;7.674465e-03;8.690177e-02;3.868431e-01;1.194450e-01;6.336611e-03;6.542549e-03;2.115105e-02
1.833135e-01;2.268843e-02;1.388456e-02;1.300240e-02;7.775442e-02;8.979836e-03;1.340640e-01;4.288964e-01;7.261419e-02;7.604192e-03;5.739018e-03;3.145909e-02
1.654699e-01;1.621242e-02;1.338393e-02;3.024052e-02;5.203767e-02;9.870655e-03;1.535167e-01;4.400781e-01;6.843216e-02;1.051796e-02;3.991931e-03;3.624804e-02
1.704504e-01;1.403739e-02;1.329682e-02;3.434721e-02;1.176899e-01;6.324103e-03;1.370290e-01;4.155011e-01;4.414900e-02;7.909763e-03;5.713999e-03;3.355135e-02
2.028657e-01;2.055274e-02;1.733851e-02;2.724459e-02;1.849043e-01;9.546309e-03;8.780307e-02;3.808634e-01;3.393513e-02;6.625911e-03;6.979606e-03;2.134072e-02
2.120128e-01;3.415890e-02;2.000779e-02;1.112061e-02;2.431971e-01;1.183317e-02;4.281820e-02;3.415199e-01;5.127592e-02;8.474619e-03;8.179883e-03;1.540119e-02
1.597611e-01;6.788415e-02;2.257044e-02;1.326617e-02;1.947755e-01;7.247929e-02;4.037151e-02;2.590798e-01;1.324560e-01;1.540601e-02;1.113851e-02;1.081152e-02
8.002353e-02;9.933917e-02;2.574133e-02;1.398708e-02;1.071101e-01;2.366637e-01;3.979564e-02;1.182811e-01;2.425318e-01;2.158501e-02;9.435135e-03;5.506261e-03
5.085165e-02;9.600513e-02;4.230447e-02;1.006429e-02;4.930189e-02;3.371822e-01;4.154692e-02;4.530375e-02;2.753750e-01;3.930699e-02;6.046832e-03;6.710799e-03
3.665397e-02;6.873620e-02;9.204365e-02;1.051682e-02;4.193086e-02;2.610412e-01;9.882502e-02;5.644345e-02;2.139722e-01;1.034290e-01;7.770050e-03;8.637617e-03
3.399752e-02;3.381625e-02;1.686456e-01;1.598053e-02;4.524768e-02;9.777448e-02;2.122683e-01;4.154647e-02;9.100278e-02;2.292546e-01;2.409521e-02;6.370520e-03
3.593821e-02;3.040897e-02;1.448047e-01;5.918030e-02;2.804071e-02;4.292746e-02;2.031278e-01;5.910004e-02;6.871056e-02;2.236637e-01;9.328619e-02;1.081134e-02
3.833187e-02;4.005978e-02;7.704075e-02;1.071722e-01;2.125486e-02;2.768318e-02;1.295982e-01;1.277298e-01;7.062212e-02;1.261592e-01;1.783586e-01;5.598952e-02
2.867612e-02;4.337051e-02;6.772896e-02;8.158214e-02;7.079750e-02;3.397569e-02;7.178732e-02;1.264173e-01;7.602847e-02;8.482476e-02;1.530116e-01;1.617997e-01
8.552484e-02;3.272662e-02;6.070336e-02;2.655591e-02;9.145964e-02;8.713418e-02;7.842711e-02;6.914756e-02;9.338399e-02;1.078616e-01;3.794624e-02;2.291289e-01
1.564335e-01;2.049803e-02;5.214654e-02;3.790085e-02;4.596403e-02;1.276978e-01;9.172030e-02;5.366172e-02;4.795200e-02;1.226446e-01;6.485337e-02;1.785272e-01
1.493357e-01;6.319833e-02;3.454121e-02;5.699087e-02;4.351008e-02;1.223306e-01;1.567539e-01;5.906855e-02;4.905108e-02;1.278657e-01;5.308403e-02;8.427006e-02
9.098697e-02;1.382252e-01;2.971764e-02;5.461438e-02;5.579736e-02;9.501345e-02;2.532192e-01;6.755146e-02;6.003389e-02;7.380409e-02;3.344366e-02;4.759274e-02
4.585176e-02;1.557527e-01;3.683524e-02;3.879010e-02;5.838843e-02;8.646781e-02;2.681648e-01;7.371742e-02;5.082282e-02;5.978500e-02;4.507020e-02;8.035375e-02
5.273933e-02;1.171193e-01;4.778923e-02;4.446211e-02;4.132005e-02;7.246295e-02;1.758478e-01;6.691594e-02;1.341477e-01;1.180406e-01;3.984429e-02;8.931064e-02
6.356835e-02;5.578599e-02;4.499227e-02;5.834566e-02;3.662245e-02;3.602587e-02;1.149780e-01;5.011267e-02;2.480401e-01;1.876549e-01;3.778751e-02;6.608624e-02
5.187700e-02;4.676168e-02;2.542110e-02;3.236890e-02;9.268093e-02;2.408996e-02;8.332796e-02;3.468030e-02;1.941555e-01;3.366168e-01;3.908105e-02;3.893887e-02
4.013731e-02;9.516589e-02;9.453748e-03;9.580899e-03;1.239803e-01;1.702313e-02;4.973544e-02;4.962513e-02;6.566072e-02;4.681564e-01;3.670346e-02;3.477763e-02
3.324203e-02;1.156789e-01;1.060665e-02;1.658467e-02;9.548333e-02;1.550542e-02;3.749667e-02;7.336517e-02;2.479530e-02;4.441198e-01;1.047471e-01;2.837490e-02
2.470258e-02;1.172560e-01;1.213905e-02;2.292251e-02;6.244117e-02;2.498186e-02;2.869896e-02;7.895865e-02;2.510879e-02;3.461765e-01;2.216304e-01;3.498350e-02
2.797837e-02;1.200474e-01;9.865368e-03;2.056897e-02;3.630285e-02;2.969168e-02;3.081241e-02;4.901969e-02;3.914100e-02;2.944484e-01;3.170630e-01;2.506080e-02
2.883054e-02;9.364167e-02;1.523293e-02;1.453375e-02;2.099672e-02;3.366161e-02;2.773752e-02;3.078922e-02;3.807934e-02;3.704502e-01;3.093254e-01;1.672107e-02
3.281496e-02;5.600938e-02;1.158191e-02;1.312184e-02;1.869045e-02;2.567945e-02;3.088269e-02;3.177819e-02;2.729243e-02;4.250756e-01;2.962492e-01;3.082396e-02
3.361922e-02;3.988094e-02;1.510607e-02;1.347487e-02;4.201143e-02;3.690930e-02;3.667049e-02;3.697513e-02;4.970185e-02;4.174414e-01;2.279816e-01;5.022770e-02
4.076592e-02;7.998721e-02;3.224100e-02;3.247844e-02;6.109130e-02;5.340308e-02;8.463381e-02;6.015661e-02;6.899399e-02;3.308967e-01;1.133879e-01;4.196406e-02
3.323487e-02;8.254680e-02;2.573367e-02;3.242819e-02;4.981997e-02;6.123676e-02;2.582723e-01;9.121765e-02;6.322007e-02;1.876350e-01;8.979533e-02;2.485940e-02
1.740347e-02;3.982521e-02;3.037119e-02;2.453282e-02;4.146174e-02;7.155476e-02;3.704442e-01;9.651392e-02;4.933985e-02;1.671932e-01;6.731804e-02;2.404155e-02
1.402369e-02;3.901851e-02;6.061948e-02;2.448131e-02;6.722233e-02;8.799857e-02;3.514766e-01;7.277264e-02;3.793773e-02;1.731799e-01;5.049986e-02;2.076928e-02
2.162523e-02;6.774109e-02;1.591821e-01;4.638451e-02;1.204039e-01;9.051102e-02;1.862177e-01;4.517875e-02;3.467904e-02;1.619154e-01;4.500250e-02;2.115884e-02
2.432431e-02;6.425899e-02;3.271823e-01;6.454504e-02;1.014400e-01;6.554052e-02;8.347984e-02;4.056062e-02;3.906655e-02;1.210323e-01;5.574228e-02;1.282721e-02
1.981622e-02;3.513948e-02;4.786868e-01;4.922289e-02;3.390296e-02;3.825083e-02;5.547775e-02;3.542439e-02;4.131029e-02;1.213116e-01;7.025841e-02;2.119845e-02
2.225856e-02;5.444967e-02;5.268481e-01;3.517525e-02;5.235936e-02;4.349861e-02;7.299829e-02;2.403717e-02;2.488471e-02;6.700747e-02;5.557220e-02;2.091055e-02
2.017394e-02;1.195341e-01;5.255360e-01;2.972410e-02;3.852216e-02;3.806273e-02;4.076722e-02;1.581495e-02;6.751426e-02;5.586934e-02;3.520574e-02;1.327546e-02
3.476702e-02;1.768137e-01;4.837856e-01;2.869083e-02;1.978208e-02;3.074575e-02;1.816227e-02;8.077698e-03;1.270183e-01;3.408405e-02;2.507339e-02;1.299927e-02
5.133535e-02;2.208668e-01;4.207016e-01;2.627305e-02;9.022701e-03;2.002388e-02;1.407592e-02;8.239154e-03;1.786381e-01;3.006811e-02;8.494607e-03;1.226082e-02
8.772641e-02;2.890770e-01;3.029056e-01;1.644940e-02;5.236438e-03;1.218526e-02;5.079802e-03;1.520396e-02;2.338564e-01;2.105964e-02;3.924768e-03;7.295271e-03
1.344433e-01;3.524819e-01;1.588750e-01;1.074049e-02;3.843968e-03;1.108002e-02;5.398386e-03;2.560868e-02;2.753408e-01;1.122428e-02;4.911668e-03;6.051535e-03
1.944648e-01;3.588527e-01;9.417003e-02;8.143234e-03;4.673145e-03;8.067966e-03;5.896556e-03;2.889811e-02;2.747600e-01;1.136851e-02;4.328903e-03;6.376089e-03
2.649305e-01;3.096648e-01;8.545803e-02;6.031265e-03;4.198245e-03;4.651587e-03;6.159176e-03;3.950423e-02;2.522187e-01;1.072071e-02;6.012545e-03;1.045033e-02
3.204848e-01;2.715196e-01;6.496494e-02;4.578637e-03;4.563918e-03;9.069190e-03;6.246728e-03;5.395564e-02;2.333705e-01;7.070179e-03;4.138837e-03;2.003706e-02
3.653296e-01;2.465197e-01;7.628985e-02;4.531009e-03;3.778753e-03;5.437914e-03;7.940027e-03;5.332365e-02;1.997531e-01;8.213460e-03;5.681620e-03;2.320131e-02
4.327375e-01;2.362148e-01;5.110394e-02;4.182071e-03;3.819202e-03;4.138243e-03;9.177733e-03;6.092964e-02;1.559958e-01;1.126839e-02;5.405744e-03;2.502689e-02
4.447224e-01;2.303898e-01;6.694075e-02;3.618611e-03;4.701005e-03;2.420701e-03;6.592742e-03;6.462446e-02;1.218192e-01;1.334363e-02;8.903570e-03;3.192319e-02
4.009149e-01;2.243899e-01;1.066581e-01;6.239702e-03;3.327856e-03;5.663887e-03;2.195487e-02;6.183323e-02;8.213142e-02;2.937702e-02;1.729304e-02;4.021613e-02
3.921158e-01;1.423010e-01;1.424271e-01;1.069473e-02;7.689244e-03;1.250708e-02;3.444793e-02;6.256524e-02;6.788366e-02;4.873978e-02;2.908447e-02;4.954400e-02
3.752439e-01;1.240381e-01;9.983347e-02;1.209236e-02;1.094487e-02;1.018700e-02;5.236393e-02;7.343359e-02;1.189665e-01;3.918389e-02;3.152146e-02;5.219079e-02
3.000970e-01;2.118365e-01;4.757857e-02;1.727495e-02;9.716666e-03;1.412006e-02;6.040227e-02;6.596804e-02;1.760242e-01;2.208323e-02;3.087500e-02;4.402351e-02
2.407300e-01;1.738007e-01;6.580274e-02;1.702905e-02;1.664025e-02;1.981507e-02;3.977451e-02;7.111376e-02;2.279721e-01;6.280258e-02;2.891912e-02;3.560008e-02
2.388008e-01;1.265610e-01;6.107752e-02;1.564724e-02;2.494001e-02;1.871419e-02;2.966116e-02;9.926374e-02;2.192089e-01;9.111650e-02;2.898673e-02;4.602217e-02
2.524831e-01;1.463944e-01;1.076045e-01;1.420195e-02;2.144649e-02;2.095392e-02;3.230633e-02;8.291548e-02;1.918699e-01;6.913993e-02;2.290862e-02;3.777532e-02
3.156348e-01;1.842818e-01;1.146799e-01;1.142329e-02;2.463104e-02;1.739368e-02;2.541996e-02;6.724855e-02;1.528964e-01;3.931291e-02;1.756099e-02;2.951677e-02
3.078575e-01;1.989516e-01;1.023777e-01;1.165613e-02;2.159420e-02;1.835819e-02;3.724822e-02;8.298856e-02;1.359639e-01;3.204841e-02;2.673720e-02;2.421847e-02
2.438499e-01;2.378536e-01;9.098314e-02;1.707100e-02;1.623006e-02;2.774778e-02;2.998996e-02;1.033994e-01;1.352452e-01;4.708270e-02;2.972680e-02;2.082043e-02
2.150930e-01;2.633944e-01;8.134646e-02;1.825107e-02;1.873160e-02;2.046990e-02;5.043007e-02;9.815299e-02;1.053116e-01;5.965770e-02;3.423027e-02;3.493089e-02
1.523242e-01;2.571657e-01;8.272956e-02;2.434654e-02;2.103872e-02;2.456899e-02;5.106922e-02;1.094404e-01;1.124302e-01;7.655930e-02;4.869978e-02;3.962729e-02
7.049409e-02;2.062767e-01;1.032002e-01;3.149485e-02;2.163172e-02;3.594688e-02;5.206613e-02;1.093738e-01;1.586985e-01;9.637609e-02;5.970625e-02;5.473480e-02
1.385789e-01;1.863672e-01;1.351908e-01;3.678701e-02;2.745514e-02;3.169693e-02;6.650154e-02;6.532624e-02;1.002908e-01;9.854958e-02;5.256467e-02;6.069114e-02
1.032578e-01;1.939723e-01;1.121957e-01;5.341941e-02;8.252026e-02;5.379821e-02;9.677574e-02;5.852637e-02;9.065809e-02;6.229530e-02;4.801761e-02;4.456319e-02
8.872153e-02;1.104665e-01;9.507125e-02;5.936585e-02;9.283382e-02;7.439037e-02;1.361330e-01;5.078424e-02;1.244425e-01;7.410026e-02;4.191900e-02;5.177175e-02
1.057944e-01;8.421763e-02;1.471916e-01;4.934683e-02;5.736227e-02;5.707746e-02;1.426913e-01;5.947120e-02;1.121515e-01;5.155569e-02;1.035967e-01;2.954345e-02
1.232023e-01;1.155490e-01;1.947327e-01;3.317398e-02;4.823711e-02;4.265533e-02;8.259970e-02;5.882116e-02;6.052401e-02;7.081784e-02;1.010820e-01;6.860480e-02
1.406145e-01;1.257408e-01;2.624518e-01;2.610178e-02;6.848008e-02;2.846023e-02;1.674383e-02;7.131206e-02;2.024124e-02;6.397913e-02;9.377120e-02;8.210327e-02
1.417380e-01;5.720406e-02;2.552384e-01;4.789988e-02;7.975598e-02;3.437734e-02;8.022852e-02;4.663892e-02;7.893809e-02;2.766059e-02;8.030698e-02;7.001320e-02
1.452720e-01;5.884737e-02;2.191943e-01;1.773892e-02;8.994858e-02;3.529013e-02;1.470369e-01;2.495024e-02;1.010918e-01;4.370211e-02;6.979518e-02;4.713255e-02
1.350549e-01;2.366568e-02;1.626548e-01;6.314836e-02;9.590457e-02;7.699613e-02;1.722963e-01;4.287066e-02;8.214276e-02;3.662889e-02;5.797619e-02;5.066076e-02
1.450601e-01;1.042540e-01;5.610132e-02;4.777947e-02;7.172586e-02;9.890987e-02;1.379257e-01;9.794064e-02;1.289412e-01;2.467793e-02;3.752965e-02;4.915429e-02
1.046131e-01;1.443521e-01;1.893688e-01;1.530767e-02;2.760926e-02;6.593315e-02;6.437805e-02;6.627485e-02;2.035462e-01;7.181777e-02;1.824814e-02;2.855092e-02
4.430455e-02;1.038597e-01;3.046561e-01;1.918558e-02;2.635429e-02;3.062589e-02;1.054222e-01;3.054748e-02;1.522714e-01;1.616047e-01;1.009019e-02;1.107786e-02
3.082083e-02;5.505531e-02;3.157492e-01;1.603781e-02;2.989773e-02;9.774785e-03;1.788740e-01;5.942487e-02;4.300031e-02;2.503276e-01;7.667043e-03;3.370450e-03
2.426283e-02;2.435645e-02;2.839463e-01;2.359034e-02;2.547332e-02;1.278919e-02;1.784484e-01;7.684265e-02;3.716509e-02;2.838670e-01;2.673565e-02;2.522765e-03
3.613923e-02;9.172323e-03;2.801990e-01;3.287267e-02;2.088370e-02;1.208628e-02;1.519634e-01;5.529590e-02;6.420043e-02;2.704423e-01;6.046985e-02;6.274946e-03
4.658317e-02;9.682612e-03;2.660957e-01;5.802789e-02;1.497633e-02;1.253856e-02;1.081796e-01;3.869108e-02;1.291244e-01;1.768839e-01;1.279316e-01;1.128507e-02
3.906583e-02;2.171116e-02;2.682685e-01;8.702023e-02;1.302384e-02;2.569447e-02;7.253949e-02;3.724908e-02;1.600465e-01;9.346320e-02;1.723194e-01;9.598366e-03
3.853663e-02;4.163402e-02;2.774130e-01;1.071262e-01;2.795437e-02;4.598977e-02;6.560719e-02;4.819861e-02;8.226930e-02;1.033476e-01;1.522356e-01;9.687877e-03
9.292489e-02;5.886782e-02;2.729307e-01;6.948784e-02;3.647611e-02;4.900525e-02;8.248687e-02;5.759641e-02;4.725616e-02;1.198186e-01;1.025667e-01;1.058266e-02
1.227918e-01;6.457146e-02;2.340485e-01;6.887959e-02;4.802604e-02;4.233905e-02;9.113213e-02;6.000357e-02;1.075813e-01;8.105657e-02;7.005113e-02;9.518757e-03
6.705753e-02;7.617804e-02;1.548453e-01;1.027597e-01;4.258749e-02;4.399122e-02;7.010016e-02;6.922396e-02;1.241736e-01;6.445044e-02;1.743792e-01;1.025326e-02
3.804787e-02;5.338912e-02;1.469865e-01;7.653623e-02;1.908340e-02;3.408143e-02;4.886728e-02;3.581011e-02;1.404492e-01;1.206068e-01;2.824953e-01;3.646819e-03
5.997915e-02;2.006205e-02;1.635046e-01;2.890005e-02;2.146778e-02;1.458934e-02;8.119122e-02;1.049965e-02;9.004583e-02;2.197220e-01;2.850505e-01;4.987883e-03
5.633815e-02;6.623544e-03;1.964083e-01;1.129367e-02;3.103835e-02;4.477703e-03;1.076642e-01;6.064276e-03;3.409734e-02;3.364806e-01;1.988612e-01;1.065262e-02
4.817121e-02;7.778934e-03;2.134895e-01;1.386647e-02;3.539809e-02;3.696650e-03;1.146147e-01;9.114888e-03;5.208086e-02;3.931591e-01;1.025298e-01;6.099809e-03
5.866975e-02;2.270551e-02;2.110526e-01;2.924460e-02;3.391492e-02;9.226752e-03;1.001757e-01;2.347002e-02;1.063132e-01;3.421729e-01;5.543317e-02;7.620893e-03
8.604125e-02;6.149761e-02;2.392343e-01;5.469460e-02;4.232844e-02;1.714670e-02;7.887432e-02;3.251763e-02;1.075755e-01;1.819177e-01;8.879230e-02;9.379658e-03
1.111369e-01;8.500665e-02;2.593227e-01;6.049114e-02;4.901175e-02;1.724369e-02;7.101460e-02;2.216430e-02;6.878685e-02;1.278351e-01;1.094083e-01;1.857805e-02
1.032547e-01;5.290125e-02;2.090258e-01;4.101971e-02;2.436573e-02;1.327700e-02;4.035608e-02;2.773196e-02;5.828973e-02;3.023382e-01;1.048295e-01;2.261041e-02
8.322345e-02;1.913747e-02;2.132167e-01;3.381605e-02;2.596553e-02;1.307451e-02;4.053158e-02;1.474902e-02;6.090823e-02;4.004778e-01;7.962539e-02;1.527434e-02
5.591287e-02;2.775021e-02;2.077936e-01;3.232301e-02;3.084393e-02;1.753725e-02;4.547464e-02;1.354151e-02;7.514513e-02;4.359571e-01;4.622118e-02;1.149948e-02
4.849165e-02;1.647131e-02;2.150490e-01;3.335942e-02;4.020086e-02;1.431167e-02;5.179526e-02;2.430961e-02;5.739205e-02;3.986699e-01;8.048151e-02;1.946774e-02
7.410672e-02;1.622999e-02;2.517242e-01;3.636190e-02;4.359667e-02;6.249367e-03;8.641347e-02;2.490786e-02;6.265327e-02;2.569482e-01;1.203333e-01;2.047497e-02
9.334596e-02;1.633436e-02;2.215722e-01;4.044059e-02;3.493106e-02;1.307896e-02;9.579521e-02;2.858476e-02;3.892267e-02;2.464611e-01;1.498808e-01;2.065238e-02
5.971636e-02;1.907819e-02;1.385671e-01;5.092158e-02;5.255444e-02;2.719831e-02;7.412576e-02;3.037733e-02;8.061358e-02;3.307947e-01;1.108311e-01;2.522160e-02
9.156508e-02;4.597981e-02;6.723651e-02;9.476695e-02;7.905211e-02;9.013030e-02;1.041904e-01;7.869606e-02;5.613207e-02;2.390262e-01;3.593203e-02;1.729237e-02
8.277033e-02;3.921373e-02;6.272028e-02;1.081066e-01;6.363998e-02;9.935034e-02;1.384034e-01;1.153916e-01;1.312080e-01;1.031112e-01;2.668793e-02;2.939668e-02
8.449366e-02;2.273429e-02;8.486163e-02;6.962270e-02;8.291242e-02;9.367523e-02;1.715832e-01;1.024388e-01;1.373671e-01;5.911221e-02;2.418238e-02;6.701629e-02
8.588941e-02;1.779070e-02;9.501182e-02;3.567326e-02;1.494290e-01;8.805222e-02;1.646088e-01;6.075507e-02;1.308884e-01;4.419972e-02;2.197687e-02;1.057247e-01
7.933254e-02;1.953390e-02;6.739061e-02;2.256585e-02;2.282268e-01;6.322262e-02;1.357189e-01;2.907304e-02;1.414923e-01;3.774485e-02;1.540298e-02;1.602956e-01
6.138771e-02;3.324876e-02;4.071914e-02;2.229647e-02;2.664266e-01;3.261094e-02;1.120287e-01;1.908372e-02;1.169117e-01;5.842448e-02;8.895720e-03;2.279661e-01
4.406391e-02;4.662424e-02;3.895168e-02;3.746028e-02;2.661733e-01;1.642200e-02;6.282204e-02;2.658693e-02;9.067090e-02;7.876055e-02;3.268184e-02;2.587823e-01
3.917720e-02;2.180034e-02;7.348566e-02;2.720001e-02;2.759753e-01;2.937378e-02;5.780532e-02;1.953218e-02;1.674106e-01;5.264771e-02;1.841679e-02;2.171751e-01
8.476994e-02;2.398404e-02;8.131504e-02;3.334523e-02;1.910333e-01;7.880184e-02;5.899426e-02;3.109964e-02;1.578453e-01;8.784326e-02;1.263880e-02;1.583292e-01
1.154499e-01;3.895864e-02;4.327934e-02;5.611793e-02;1.165458e-01;1.132916e-01;1.101705e-01;4.919924e-02;8.390325e-02;1.616181e-01;1.312120e-02;9.834451e-02
7.958812e-02;9.080230e-02;6.609007e-02;5.738408e-02;9.677697e-02;7.776712e-02;1.895294e-01;8.240601e-02;5.140119e-02;1.322481e-01;3.052685e-02;4.547976e-02
8.264350e-02;8.924188e-02;1.443966e-01;4.470756e-02;4.988974e-02;4.727293e-02;1.574468e-01;1.513039e-01;6.424449e-02;8.301331e-02;3.471437e-02;5.112496e-02
5.945050e-02;5.451756e-02;1.424764e-01;9.914165e-02;3.722278e-02;5.386605e-02;7.304378e-02;1.729011e-01;1.662817e-01;7.461866e-02;2.406018e-02;4.241962e-02
7.092547e-02;4.030851e-02;7.067386e-02;1.058566e-01;4.740380e-02;5.032291e-02;6.294618e-02;1.203557e-01;2.555063e-01;9.919894e-02;1.721980e-02;5.928193e-02
8.145002e-02;4.587265e-02;1.483755e-02;6.701822e-02;7.413584e-02;3.600043e-02;4.940509e-02;1.061454e-01;2.393837e-01;1.622951e-01;4.117897e-02;8.227700e-02
6.529433e-02;4.395276e-02;4.365839e-02;4.176822e-02;8.530068e-02;3.279791e-02;1.015563e-01;1.027919e-01;1.451799e-01;1.978628e-01;6.164736e-02;7.818949e-02
9.244482e-02;2.988989e-02;7.364064e-02;4.923874e-02;8.947720e-02;3.464317e-02;1.000164e-01;8.788772e-02;6.488286e-02;2.498993e-01;6.439005e-02;6.358915e-02
1.095472e-01;3.110857e-02;5.709538e-02;5.232155e-02;8.816756e-02;4.137005e-02;6.403153e-02;6.766738e-02;1.077059e-01;2.650572e-01;7.037843e-02;4.554924e-02
9.340104e-02;4.028112e-02;3.593979e-02;5.437048e-02;9.406056e-02;4.391915e-02;5.688596e-02;5.768730e-02;1.036337e-01;2.726664e-01;8.939274e-02;5.776174e-02
8.237362e-02;4.556105e-02;3.082643e-02;4.532949e-02;8.587242e-02;2.984099e-02;5.057241e-02;4.958589e-02;1.136372e-01;2.857170e-01;1.206851e-01;5.999834e-02
1.199047e-01;5.161692e-02;4.998839e-02;2.873879e-02;5.874273e-02;3.453963e-02;6.710599e-02;4.013648e-02;9.863053e-02;2.050810e-01;1.693242e-01;7.619064e-02
1.264722e-01;3.775825e-02;5.154822e-02;2.012306e-02;4.030662e-02;5.209162e-02;5.793171e-02;3.270744e-02;1.059402e-01;1.219412e-01;2.348174e-01;1.183621e-01
7.076225e-02;1.444587e-02;4.541055e-02;1.698186e-02;2.053484e-02;4.988433e-02;4.603883e-02;3.273685e-02;1.827227e-01;4.066105e-02;3.290056e-01;1.508152e-01
6.012414e-02;2.315873e-02;4.481516e-02;1.071012e-02;1.671337e-02;2.859995e-02;2.184899e-02;2.639918e-02;2.105749e-01;1.014505e-01;3.416535e-01;1.139515e-01
3.829957e-02;2.623457e-02;4.521316e-02;1.184207e-02;2.124980e-02;3.969740e-02;2.205965e-02;2.169820e-02;1.786509e-01;1.083852e-01;3.813019e-01;1.053675e-01
4.233158e-02;1.337888e-02;3.245697e-02;1.445901e-02;2.497135e-02;5.339984e-02;3.606903e-02;2.093712e-02;1.052222e-01;9.740281e-02;4.600310e-01;9.934022e-02
3.003383e-02;2.178809e-02;1.975407e-02;1.262685e-02;2.292357e-02;5.279475e-02;4.735830e-02;2.334871e-02;4.011836e-02;1.657271e-01;4.687364e-01;9.478991e-02
4.085262e-02;2.529543e-02;2.298746e-02;1.258439e-02;2.839951e-02;3.552204e-02;3.285535e-02;4.633368e-02;4.936392e-02;2.501117e-01;3.878902e-01;6.780370e-02
3.457373e-02;4.411823e-02;3.168022e-02;1.835097e-02;4.358620e-02;2.196507e-02;5.591100e-02;7.887400e-02;7.008286e-02;3.005683e-01;2.637453e-01;3.654411e-02
3.991199e-02;3.523999e-02;2.824753e-02;3.316988e-02;4.523732e-02;3.865314e-02;1.372439e-01;8.675432e-02;1.209120e-01;2.334750e-01;1.756970e-01;2.545781e-02
3.204026e-02;2.056592e-02;1.793945e-02;2.981255e-02;3.468322e-02;5.866519e-02;3.620420e-01;1.124154e-01;1.339258e-01;9.616426e-02;8.712935e-02;1.461661e-02
2.152019e-02;1.544114e-02;1.608864e-02;1.719357e-02;2.766859e-02;6.498756e-02;5.265006e-01;9.725431e-02;7.104619e-02;5.554332e-02;6.538890e-02;2.136700e-02
1.460200e-02;1.305213e-02;1.028601e-02;1.414517e-02;3.958061e-02;6.370189e-02;5.775166e-01;7.063294e-02;3.939484e-02;6.554586e-02;7.743058e-02;1.411136e-02
1.690462e-02;1.399742e-02;1.564031e-02;2.322145e-02;6.501578e-02;9.406473e-02;5.392578e-01;4.666048e-02;3.448592e-02;6.204640e-02;7.575300e-02;1.295214e-02
3.118791e-02;1.283718e-02;2.868993e-02;3.346827e-02;1.192390e-01;1.387301e-01;4.514968e-01;3.485312e-02;2.934734e-02;4.458890e-02;6.146553e-02;1.409595e-02
4.172975e-02;1.206321e-02;5.272476e-02;3.325607e-02;1.783716e-01;1.492410e-01;3.514166e-01;3.155586e-02;4.618482e-02;4.223030e-02;5.118990e-02;1.003610e-02
3.535780e-02;1.292774e-02;1.105321e-01;3.272900e-02;2.357066e-01;1.446498e-01;1.950350e-01;2.621424e-02;6.405973e-02;5.767644e-02;7.288590e-02;1.222553e-02
2.201714e-02;1.557241e-02;1.414852e-01;4.816547e-02;2.266765e-01;1.260411e-01;1.679818e-01;3.558156e-02;3.638006e-02;7.122924e-02;7.754903e-02;3.132045e-02
3.323457e-02;2.341687e-02;1.349446e-01;6.423279e-02;2.335460e-01;1.183476e-01;1.453060e-01;3.211086e-02;4.485372e-02;6.882974e-02;6.549697e-02;3.568033e-02
3.933765e-02;3.117059e-02;1.627417e-01;9.423335e-02;2.065575e-01;9.942748e-02;1.479974e-01;4.176276e-02;5.742864e-02;5.430713e-02;3.298899e-02;3.204680e-02
3.574593e-02;3.167073e-02;7.138831e-02;1.185385e-01;1.516113e-01;1.086804e-01;3.447900e-01;3.676483e-02;3.038463e-02;4.251714e-02;1.067582e-02;1.723241e-02
2.534970e-02;5.009122e-02;1.262115e-02;9.968043e-02;1.533144e-01;8.066937e-02;4.608304e-01;3.649673e-02;3.889509e-02;2.493577e-02;1.136759e-02;5.748210e-03
1.840115e-02;5.962179e-02;1.246385e-02;5.413852e-02;1.930067e-01;5.841848e-02;4.966733e-01;3.245464e-02;4.517064e-02;1.358431e-02;1.131305e-02;4.753573e-03
1.534815e-02;4.524950e-02;1.274065e-02;6.013790e-02;1.708653e-01;1.003928e-01;5.092779e-01;2.275519e-02;3.091813e-02;1.953267e-02;9.814365e-03;2.967545e-03
2.212529e-02;1.864884e-02;1.307705e-02;1.144706e-01;8.337194e-02;1.685233e-01;4.750290e-01;2.576498e-02;1.578136e-02;5.095948e-02;8.746759e-03;3.501393e-03
3.493535e-02;6.501971e-03;1.640638e-02;1.071519e-01;3.531885e-02;2.381373e-01;4.142480e-01;3.349860e-02;1.394330e-02;8.683028e-02;8.109603e-03;4.918583e-03
3.657031e-02;5.756079e-03;9.077312e-03;8.002299e-02;2.586968e-02;3.045043e-01;3.623074e-01;3.883466e-02;9.410053e-03;1.197945e-01;4.297879e-03;3.554859e-03
3.497952e-02;3.708585e-03;6.515901e-03;9.290723e-02;2.346801e-02;3.190570e-01;3.359672e-01;3.347540e-02;7.459457e-03;1.387311e-01;2.386454e-03;1.344194e-03
3.725082e-02;3.879858e-03;4.614885e-03;1.132885e-01;2.570586e-02;3.211442e-01;2.996646e-01;3.081398e-02;7.182983e-03;1.527744e-01;2.217438e-03;1.462439e-03
4.225399e-02;7.840708e-03;5.646118e-03;1.300281e-01;2.835155e-02;3.218947e-01;2.497064e-01;4.975599e-02;9.988084e-03;1.490276e-01;1.993173e-03;3.513579e-03
4.277044e-02;1.917833e-02;3.802734e-03;1.759629e-01;2.721494e-02;2.963608e-01;2.676520e-01;2.695516e-02;1.935065e-02;1.155150e-01;3.622242e-03;1.614830e-03
3.631127e-02;5.069492e-02;5.351017e-03;1.470022e-01;3.157359e-02;1.984915e-01;3.903862e-01;2.185629e-02;4.722138e-02;6.046211e-02;8.628817e-03;2.020690e-03
2.539003e-02;6.973181e-02;8.781306e-03;6.636521e-02;6.878718e-02;1.137285e-01;4.806644e-01;5.327439e-02;7.288069e-02;2.073800e-02;1.778117e-02;1.877276e-03
1.488257e-02;5.699406e-02;2.614226e-02;1.722370e-02;1.117278e-01;7.757440e-02;4.702349e-01;1.241534e-01;6.429353e-02;1.377951e-02;1.941565e-02;3.578250e-03
1.342774e-02;3.078491e-02;4.853412e-02;2.067293e-02;8.933709e-02;9.122918e-02;2.953480e-01;2.118478e-01;1.248747e-01;4.567575e-02;2.046175e-02;7.805981e-03
3.189126e-02;2.206269e-02;4.101700e-02;6.739034e-02;3.434884e-02;9.779530e-02;1.464516e-01;1.819284e-01;2.462315e-01;9.681951e-02;2.273301e-02;1.133060e-02
4.593651e-02;2.616421e-02;3.293570e-02;1.018985e-01;2.665769e-02;7.731513e-02;2.233520e-01;8.179758e-02;2.396760e-01;1.022066e-01;2.574207e-02;1.631801e-02
4.104958e-02;4.488789e-02;4.315012e-02;1.041708e-01;3.284492e-02;6.870501e-02;2.935617e-01;9.011043e-02;1.746377e-01;6.304148e-02;3.155784e-02;1.228265e-02
3.305477e-02;4.068052e-02;5.304505e-02;1.073677e-01;4.949341e-02;7.246692e-02;3.138924e-01;9.717143e-02;1.237190e-01;6.339664e-02;2.743447e-02;1.827773e-02
3.653792e-02;3.935401e-02;4.541834e-02;8.993852e-02;7.213442e-02;1.048903e-01;3.452117e-01;5.508912e-02;7.287830e-02;9.028129e-02;2.765761e-02;2.060841e-02
3.504434e-02;3.906223e-02;3.386384e-02;4.123611e-02;6.616585e-02;1.097399e-01;3.003086e-01;9.046929e-02;1.320190e-01;1.025051e-01;3.489679e-02;1.468900e-02
4.323959e-02;4.461461e-02;3.514796e-02;5.632670e-02;5.669262e-02;1.185618e-01;2.205216e-01;6.882627e-02;2.142132e-01;1.034590e-01;2.487108e-02;1.352569e-02
3.864180e-02;4.513039e-02;6.730227e-02;8.841615e-02;4.051159e-02;9.883475e-02;1.508787e-01;9.881113e-02;2.427201e-01;8.394351e-02;2.760850e-02;1.720114e-02
1.437631e-01;1.037538e-01;1.276113e-01;1.015794e-01;6.444876e-02;5.700428e-02;1.206243e-01;6.736042e-02;1.128946e-01;3.721473e-02;2.185946e-02;4.188598e-02
2.893014e-01;1.350713e-01;1.314126e-01;6.381212e-02;6.684971e-02;3.260103e-02;6.842021e-02;4.666932e-02;3.138864e-02;3.078242e-02;2.483655e-02;7.885472e-02
3.888456e-01;1.085521e-01;8.158750e-02;5.104017e-02;1.174552e-01;2.347866e-02;2.953145e-02;4.727369e-02;1.191464e-02;3.069654e-02;1.817296e-02;9.145162e-02
3.449786e-01;1.395598e-01;1.141103e-01;4.912037e-02;1.438297e-01;3.763710e-02;2.301943e-02;4.738274e-02;1.388513e-02;1.733548e-02;8.797446e-03;6.034391e-02
2.128818e-01;1.339871e-01;2.446777e-01;9.041709e-02;1.304789e-01;6.423963e-02;2.373845e-02;2.948833e-02;1.935395e-02;1.414528e-02;7.204568e-03;2.938724e-02
1.197641e-01;5.785900e-02;2.983696e-01;1.579742e-01;1.453503e-01;9.978325e-02;3.607428e-02;1.861741e-02;2.789312e-02;1.119964e-02;7.951712e-03;1.916336e-02
8.265996e-02;4.109208e-02;1.995214e-01;1.307139e-01;1.288271e-01;1.550340e-01;1.340603e-01;5.573184e-02;3.579939e-02;1.481158e-02;7.508179e-03;1.424032e-02
6.092941e-02;5.089272e-02;1.473215e-01;3.577942e-02;5.268381e-02;1.459269e-01;2.342515e-01;1.481359e-01;8.172696e-02;2.928509e-02;3.581577e-03;9.485188e-03
8.188220e-02;2.964307e-02;1.590613e-01;3.116398e-02;3.813270e-02;8.098058e-02;1.548584e-01;1.827561e-01;1.616808e-01;5.121893e-02;1.597332e-02;1.264855e-02
1.076665e-01;3.501456e-02;1.661185e-01;3.907337e-02;6.239280e-02;7.401616e-02;9.236670e-02;1.370331e-01;1.823908e-01;6.323462e-02;2.336744e-02;1.732550e-02
1.300944e-01;3.393406e-02;1.568743e-01;4.395793e-02;9.225986e-02;6.426196e-02;1.820710e-01;6.053267e-02;1.287171e-01;5.555185e-02;2.552350e-02;2.622127e-02
1.209563e-01;3.894039e-02;1.407009e-01;7.834639e-02;1.187181e-01;1.019898e-01;1.601388e-01;6.444628e-02;9.483478e-02;4.470765e-02;2.041635e-02;1.580442e-02
9.871949e-02;4.778329e-02;9.681419e-02;1.114162e-01;1.077817e-01;8.789220e-02;1.852197e-01;8.745853e-02;7.805015e-02;5.610087e-02;3.056081e-02;1.220290e-02
8.854078e-02;4.880339e-02;4.427909e-02;1.125681e-01;7.804909e-02;8.685388e-02;1.842419e-01;7.737586e-02;1.589697e-01;7.350332e-02;3.517606e-02;1.163883e-02
7.970636e-02;4.805964e-02;6.108040e-02;7.309280e-02;7.332769e-02;9.357946e-02;1.766725e-01;1.045430e-01;1.910324e-01;6.600323e-02;1.909313e-02;1.380934e-02
7.805205e-02;4.004184e-02;9.185402e-02;4.925834e-02;1.060366e-01;1.167986e-01;1.487422e-01;7.872636e-02;1.943282e-01;5.841933e-02;1.460401e-02;2.313847e-02
4.996037e-02;4.650660e-02;1.172683e-01;6.533905e-02;9.792980e-02;9.921329e-02;1.314712e-01;1.169569e-01;1.304923e-01;6.482130e-02;3.540874e-02;4.463214e-02
4.758351e-02;4.821922e-02;1.307062e-01;1.047428e-01;8.112147e-02;1.027185e-01;1.077569e-01;1.149012e-01;9.596261e-02;6.908734e-02;5.176928e-02;4.543093e-02
2.824346e-02;3.630805e-02;1.172361e-01;1.133707e-01;8.129016e-02;9.907646e-02;1.273292e-01;1.216590e-01;1.045145e-01;7.861250e-02;5.444413e-02;3.791573e-02
8.048584e-02;6.641421e-02;8.224785e-02;8.727390e-02;8.119790e-02;9.568284e-02;1.028765e-01;8.613811e-02;1.020609e-01;9.840237e-02;5.833323e-02;5.888638e-02
1.937353e-01;1.265338e-01;9.779312e-02;6.698196e-02;9.217964e-02;5.593173e-02;5.944413e-02;6.346060e-02;6.436060e-02;6.427127e-02;5.831485e-02;5.699300e-02
2.932833e-01;1.358796e-01;7.781047e-02;3.852312e-02;7.236616e-02;2.726323e-02;6.939007e-02;8.261161e-02;3.802333e-02;3.484264e-02;5.188581e-02;7.812065e-02
2.919424e-01;7.868315e-02;2.971480e-02;2.057809e-02;3.464129e-02;4.814950e-02;1.052961e-01;7.200044e-02;2.896737e-02;3.601346e-02;7.928514e-02;1.747283e-01
1.740693e-01;2.355912e-02;2.668368e-02;4.320509e-02;4.844437e-02;9.088641e-02;1.088629e-01;3.999544e-02;4.653616e-02;7.496110e-02;1.419588e-01;1.808376e-01
9.530829e-02;1.271872e-02;6.421473e-02;7.112136e-02;7.318141e-02;9.735423e-02;8.929618e-02;5.868129e-02;8.987265e-02;1.031116e-01;1.352040e-01;1.099356e-01
4.951206e-02;2.621115e-02;1.126759e-01;8.733140e-02;7.656497e-02;7.149254e-02;1.022767e-01;1.092834e-01;9.472346e-02;8.449230e-02;8.938846e-02;9.604767e-02
4.034848e-02;7.825604e-02;1.127335e-01;5.222717e-02;8.877178e-02;5.368815e-02;1.774811e-01;1.237106e-01;7.056304e-02;6.215196e-02;6.692757e-02;7.314054e-02
4.977373e-02;1.303237e-01;7.553802e-02;1.710256e-02;1.089967e-01;5.810183e-02;2.478414e-01;7.206925e-02;8.822206e-02;5.738880e-02;5.717307e-02;3.746889e-02
1.140723e-01;1.009531e-01;7.745907e-02;3.717499e-02;8.382560e-02;1.140755e-01;1.868754e-01;4.370755e-02;7.472008e-02;9.203465e-02;5.448717e-02;2.061457e-02
1.810972e-01;3.005092e-02;7.516339e-02;4.841747e-02;5.110410e-02;2.219514e-01;1.060983e-01;7.435457e-02;3.673984e-02;1.202198e-01;3.953236e-02;1.527058e-02
1.930653e-01;2.666278e-02;6.582855e-02;4.058423e-02;6.202926e-02;2.341643e-01;1.005059e-01;8.649538e-02;2.949366e-02;9.095141e-02;2.676646e-02;4.345270e-02
2.156491e-01;4.664077e-02;6.898319e-02;3.687109e-02;1.031515e-01;1.720275e-01;1.008409e-01;6.183611e-02;5.794956e-02;4.536743e-02;2.828520e-02;6.239770e-02
1.697594e-01;6.744184e-02;7.963607e-02;3.696799e-02;1.480225e-01;1.521732e-01;9.127264e-02;3.614099e-02;7.220685e-02;4.497224e-02;4.312961e-02;5.827664e-02
1.107880e-01;4.050786e-02;6.575730e-02;5.312666e-02;2.333177e-01;1.527656e-01;9.879481e-02;3.229248e-02;4.685435e-02;6.711450e-02;4.230606e-02;5.637473e-02
5.903897e-02;2.859958e-02;6.661461e-02;1.027038e-01;2.551337e-01;2.019045e-01;9.327015e-02;4.231348e-02;3.324630e-02;7.092164e-02;2.439398e-02;2.185931e-02
6.686965e-02;2.897662e-02;6.889744e-02;1.099545e-01;1.540978e-01;2.585945e-01;1.145829e-01;5.391986e-02;2.161874e-02;9.783812e-02;1.631941e-02;8.330484e-03
5.948649e-02;2.904687e-02;6.902294e-02;1.038320e-01;7.373817e-02;2.848406e-01;1.508241e-01;5.194926e-02;1.521041e-02;1.285616e-01;7.127460e-03;2.636018e-02
3.044238e-02;2.703437e-02;6.374818e-02;1.085884e-01;6.828570e-02;2.411355e-01;2.263834e-01;4.476633e-02;3.700945e-02;1.086512e-01;6.073655e-03;3.788157e-02
2.495109e-02;2.927137e-02;5.961309e-02;1.060113e-01;6.731527e-02;1.259570e-01;3.654627e-01;4.243109e-02;8.910435e-02;4.143531e-02;1.684020e-02;3.160718e-02
2.817823e-02;4.094538e-02;5.455953e-02;8.060100e-02;7.445025e-02;8.326900e-02;3.711049e-01;6.312555e-02;1.087931e-01;3.994209e-02;3.401380e-02;2.101720e-02
3.076566e-02;4.935759e-02;7.049055e-02;8.946943e-02;1.002275e-01;9.051555e-02;2.861273e-01;6.368829e-02;9.179597e-02;6.934224e-02;3.924199e-02;1.897787e-02
4.047618e-02;5.205737e-02;1.202192e-01;1.214493e-01;1.208878e-01;1.163390e-01;1.639283e-01;5.509937e-02;6.991826e-02;1.004129e-01;2.247431e-02;1.673794e-02
2.720058e-02;5.276643e-02;1.264236e-01;1.162284e-01;1.148795e-01;1.389215e-01;1.847188e-01;4.339648e-02;6.469040e-02;9.568668e-02;1.657420e-02;1.851344e-02
4.624930e-02;8.476787e-02;8.699235e-02;8.953770e-02;1.026589e-01;1.308516e-01;1.938239e-01;5.768747e-02;8.352836e-02;8.676064e-02;2.293802e-02;1.420393e-02
5.391246e-02;8.705623e-02;6.612064e-02;8.010140e-02;7.353667e-02;1.545582e-01;1.774344e-01;5.505544e-02;8.709109e-02;1.053960e-01;4.309111e-02;1.664639e-02
7.902223e-02;8.086159e-02;1.045685e-01;6.761572e-02;8.637001e-02;1.188546e-01;1.039744e-01;4.452137e-02;8.291170e-02;1.542280e-01;5.297415e-02;2.409781e-02
1.366200e-01;4.996826e-02;7.636263e-02;6.450386e-02;7.809126e-02;1.351568e-01;7.445326e-02;6.294774e-02;5.822352e-02;1.434216e-01;8.962857e-02;3.062253e-02
1.155906e-01;4.145511e-02;3.454393e-02;4.005741e-02;6.891564e-02;9.174258e-02;6.178965e-02;5.481629e-02;8.531225e-02;2.373610e-01;1.297459e-01;3.866952e-02
6.200388e-02;3.909761e-02;2.378523e-02;1.601809e-02;7.004723e-02;4.199483e-02;2.744148e-02;5.603363e-02;1.071139e-01;3.868858e-01;1.431141e-01;2.646420e-02
2.128883e-02;3.571251e-02;1.451968e-02;7.325703e-03;6.878317e-02;3.021529e-02;2.020830e-02;5.823309e-02;8.173642e-02;3.937124e-01;2.451202e-01;2.314444e-02
3.521482e-02;3.456803e-02;2.612537e-02;7.545433e-03;5.269662e-02;4.584547e-02;1.610027e-02;4.851290e-02;4.335196e-02;2.260448e-01;3.862848e-01;7.770959e-02
9.721604e-02;5.936690e-02;6.880315e-02;1.307664e-02;3.688318e-02;4.439629e-02;2.185200e-02;3.452505e-02;3.440584e-02;8.540719e-02;3.534963e-01;1.505715e-01
1.247891e-01;9.495721e-02;1.442938e-01;2.669681e-02;3.550453e-02;2.616061e-02;3.286699e-02;2.834781e-02;2.694607e-02;9.413024e-02;2.125912e-01;1.527156e-01
9.941801e-02;9.915596e-02;1.981643e-01;3.837270e-02;5.504463e-02;1.911758e-02;4.775462e-02;2.682273e-02;2.414981e-02;1.430976e-01;1.245054e-01;1.243966e-01
8.462638e-02;5.681573e-02;1.344322e-01;6.961741e-02;9.922776e-02;4.699836e-02;7.199652e-02;5.301912e-02;2.451454e-02;1.445617e-01;1.240120e-01;9.017833e-02
4.079603e-02;3.149759e-02;1.361434e-01;1.835661e-01;1.297862e-01;5.796237e-02;6.871612e-02;8.515474e-02;2.618596e-02;9.954345e-02;1.077203e-01;3.292772e-02
