9.384663e-02;1.039450e-01;1.198600e-01;7.205096e-02;6.165727e-02;4.788983e-02;7.589757e-02;6.077191e-02;1.048299e-01;1.014694e-01;9.044134e-02;6.734009e-02
1.195780e-01;1.130715e-01;1.229056e-01;8.429656e-02;6.084001e-02;5.423889e-02;9.033516e-02;6.608571e-02;7.409929e-02;8.372301e-02;6.513968e-02;6.568646e-02
1.307451e-01;1.222556e-01;1.106321e-01;6.426027e-02;6.249757e-02;4.831741e-02;1.064375e-01;7.298999e-02;5.086043e-02;1.073906e-01;5.610489e-02;6.750844e-02
7.540741e-02;1.142679e-01;1.179407e-01;7.630564e-02;9.949243e-02;4.327475e-02;7.900709e-02;6.299697e-02;7.797141e-02;1.223737e-01;3.886798e-02;9.209403e-02
4.195682e-02;9.204623e-02;1.001905e-01;1.082997e-01;1.014579e-01;5.040871e-02;1.127537e-01;6.334610e-02;8.283626e-02;1.197746e-01;4.738310e-02;7.954641e-02
6.861594e-02;6.371780e-02;1.345986e-01;9.720752e-02;8.209369e-02;4.865304e-02;9.991321e-02;8.914904e-02;9.212966e-02;1.095375e-01;6.887181e-02;4.551226e-02
9.982474e-02;1.023182e-01;1.494199e-01;6.959449e-02;7.578162e-02;3.770563e-02;6.845878e-02;1.039913e-01;1.230177e-01;8.745939e-02;6.326210e-02;1.916613e-02
9.205347e-02;1.328086e-01;1.098354e-01;4.358540e-02;8.519956e-02;2.350293e-02;9.544367e-02;9.983354e-02;1.514784e-01;8.146244e-02;5.517032e-02;2.962626e-02
4.869039e-02;8.133676e-02;1.347547e-01;1.804899e-02;9.140763e-02;4.243760e-02;1.143449e-01;9.805909e-02;1.251072e-01;1.327458e-01;6.430542e-02;4.876161e-02
5.301521e-02;5.197135e-02;7.983004e-02;5.079030e-02;7.480392e-02;6.681602e-02;1.216278e-01;1.290115e-01;1.054597e-01;1.220389e-01;8.827844e-02;5.635683e-02
5.503020e-02;6.615523e-02;8.265674e-02;5.909784e-02;8.131499e-02;7.607831e-02;1.358513e-01;1.185555e-01;7.399093e-02;1.160747e-01;7.911725e-02;5.607704e-02
6.725180e-02;4.386158e-02;1.006078e-01;5.294700e-02;1.162745e-01;7.635995e-02;1.248560e-01;7.500169e-02;7.743036e-02;1.237965e-01;7.892411e-02;6.268864e-02
8.432164e-02;6.021976e-02;9.514632e-02;3.719207e-02;1.393330e-01;6.932735e-02;1.018195e-01;6.467128e-02;8.846615e-02;1.255396e-01;8.870749e-02;4.525584e-02
8.139144e-02;7.738816e-02;1.036202e-01;5.758187e-02;1.136439e-01;7.561639e-02;8.559887e-02;1.025616e-01;7.424412e-02;1.373876e-01;4.647256e-02;4.449319e-02
6.837405e-02;5.924987e-02;9.938065e-02;6.494469e-02;9.068876e-02;7.392524e-02;9.442959e-02;9.946554e-02;1.038793e-01;1.321624e-01;5.169487e-02;6.180508e-02
9.192017e-02;8.869646e-02;9.886004e-02;6.004170e-02;7.608764e-02;6.750413e-02;9.774770e-02;8.970277e-02;1.048879e-01;1.004007e-01;6.172524e-02;6.242561e-02
1.050856e-01;9.540182e-02;1.011933e-01;5.369747e-02;8.525106e-02;5.375878e-02;9.326611e-02;9.634432e-02;1.009461e-01;1.130297e-01;4.606596e-02;5.595980e-02
1.042928e-01;5.735177e-02;9.169996e-02;6.765933e-02;1.114437e-01;5.471700e-02;1.170963e-01;8.494376e-02;1.026092e-01;1.043518e-01;4.868296e-02;5.515140e-02
6.743617e-02;7.449843e-02;1.425406e-01;7.288836e-02;1.349579e-01;6.111917e-02;1.430680e-01;6.296949e-02;8.730040e-02;6.811908e-02;3.753110e-02;4.757139e-02
4.736167e-02;4.812754e-02;1.937294e-01;1.247167e-01;9.716032e-02;7.175222e-02;1.705103e-01;3.222642e-02;3.822728e-02;6.493063e-02;7.370058e-02;3.755697e-02
3.201914e-02;2.888065e-02;1.974106e-01;2.012541e-01;1.257234e-01;4.714558e-02;1.150904e-01;2.720207e-02;2.387795e-02;5.080627e-02;1.179911e-01;3.259864e-02
1.465491e-02;1.865722e-02;1.906650e-01;3.063758e-01;1.342178e-01;2.349254e-02;4.778014e-02;2.883750e-02;1.276295e-02;3.076359e-02;1.721486e-01;1.964401e-02
8.935109e-03;1.678545e-02;1.629516e-01;3.732812e-01;1.269094e-01;1.585323e-02;1.796502e-02;3.174055e-02;9.548831e-03;2.021174e-02;2.103674e-01;5.450506e-03
1.115291e-02;1.750113e-02;1.580486e-01;3.727939e-01;1.289369e-01;1.445796e-02;2.000337e-02;3.725024e-02;8.843248e-03;1.643578e-02;2.004008e-01;1.417518e-02
7.503478e-03;1.912358e-02;1.422336e-01;3.649881e-01;1.571854e-01;1.183940e-02;9.169367e-03;3.455805e-02;4.051237e-03;3.229129e-02;1.741097e-01;4.294677e-02
5.513041e-03;1.162464e-02;1.110401e-01;2.798819e-01;2.568494e-01;2.795809e-02;2.370661e-02;2.315683e-02;7.800271e-03;6.503428e-02;9.043628e-02;9.699856e-02
1.074782e-02;6.642309e-03;7.221273e-02;1.555903e-01;4.121138e-01;6.011182e-02;1.478013e-02;1.116335e-02;2.801583e-02;7.900070e-02;9.365247e-03;1.402559e-01
2.699831e-02;5.622412e-03;3.756891e-02;6.497433e-02;4.289421e-01;1.510006e-01;3.182134e-02;9.674855e-03;4.854177e-02;5.004529e-02;3.287290e-02;1.119372e-01
6.872136e-02;6.633646e-03;3.482239e-02;4.269143e-02;2.740537e-01;3.070882e-01;6.019344e-02;1.656155e-02;4.513582e-02;3.566480e-02;3.864253e-02;6.979118e-02
1.072631e-01;1.271219e-02;2.242922e-02;3.739252e-02;1.322150e-01;3.670425e-01;1.157541e-01;3.382624e-02;3.064512e-02;7.659419e-02;3.123860e-02;3.288728e-02
9.630009e-02;3.811512e-02;1.358786e-02;4.388522e-02;9.188741e-02;2.987802e-01;2.256216e-01;3.866065e-02;2.383148e-02;9.784734e-02;2.594467e-02;5.538349e-03
5.360860e-02;8.367644e-02;2.244934e-02;4.035783e-02;5.492543e-02;1.974318e-01;3.688723e-01;2.687437e-02;4.443979e-02;5.955340e-02;3.794967e-02;9.860983e-03
3.980116e-02;1.163939e-01;2.971179e-02;3.231388e-02;4.099088e-02;7.718781e-02;4.369084e-01;4.583234e-02;7.317416e-02;3.823185e-02;5.923847e-02;1.021542e-02
1.802775e-02;1.049823e-01;5.460760e-02;2.046561e-02;3.152222e-02;4.705746e-02;4.547031e-01;9.831558e-02;6.873210e-02;3.255621e-02;5.228084e-02;1.674932e-02
1.337114e-02;6.059188e-02;9.057935e-02;1.624072e-02;2.747067e-02;4.296000e-02;4.337225e-01;1.731409e-01;4.959931e-02;4.064180e-02;2.702144e-02;2.466025e-02
2.136177e-02;2.549797e-02;9.294864e-02;2.562284e-02;3.609262e-02;5.481761e-02;4.119487e-01;1.891027e-01;4.681534e-02;5.397592e-02;1.766586e-02;2.415001e-02
3.543796e-02;2.670992e-02;6.546824e-02;3.464996e-02;6.300548e-02;1.067840e-01;3.818866e-01;1.272592e-01;4.734996e-02;6.251613e-02;2.289490e-02;2.603757e-02
4.042764e-02;3.444189e-02;7.378697e-02;5.481970e-02;8.079774e-02;1.790576e-01;2.665091e-01;9.227846e-02;4.852496e-02;4.208282e-02;4.436076e-02;4.291237e-02
3.923908e-02;3.080869e-02;5.924093e-02;4.201652e-02;7.984844e-02;1.261227e-01;3.570257e-01;1.321660e-01;4.481669e-02;2.020284e-02;3.059744e-02;3.791498e-02
3.376245e-02;3.612071e-02;6.213877e-02;3.742227e-02;1.025182e-01;9.630788e-02;3.730960e-01;1.431701e-01;2.669801e-02;1.967502e-02;3.696081e-02;3.212983e-02
3.444918e-02;2.953855e-02;7.539792e-02;2.920980e-02;1.221834e-01;7.019865e-02;3.642207e-01;1.329691e-01;3.258280e-02;3.479788e-02;4.408606e-02;3.036593e-02
4.157740e-02;3.982059e-02;6.154224e-02;3.809162e-02;1.186427e-01;1.058187e-01;2.974546e-01;9.915666e-02;4.712761e-02;4.071143e-02;5.825422e-02;5.180229e-02
5.402032e-02;3.899406e-02;6.046092e-02;3.534770e-02;6.792041e-02;1.474594e-01;2.239022e-01;1.100714e-01;7.275810e-02;2.887655e-02;7.192392e-02;8.826493e-02
4.838275e-02;3.212462e-02;6.153789e-02;2.379263e-02;7.142150e-02;1.807271e-01;2.183219e-01;1.152199e-01;5.631531e-02;3.866872e-02;5.405934e-02;9.942826e-02
5.141421e-02;6.936480e-02;6.592893e-02;3.291498e-02;6.887986e-02;1.532491e-01;2.391060e-01;7.134932e-02;4.209068e-02;5.853394e-02;5.415443e-02;9.301369e-02
7.681240e-02;7.723622e-02;8.149586e-02;6.208524e-02;8.618499e-02;1.120917e-01;1.811367e-01;9.774882e-02;2.895949e-02;6.562498e-02;4.015178e-02;9.047183e-02
5.733621e-02;4.083283e-02;8.054373e-02;6.245008e-02;5.826944e-02;1.291618e-01;2.398183e-01;1.468460e-01;5.213859e-02;4.165529e-02;3.769865e-02;5.324898e-02
4.897235e-02;7.605276e-02;6.005018e-02;4.074448e-02;6.756206e-02;9.888441e-02;2.921612e-01;1.443662e-01;5.095430e-02;4.666267e-02;4.557863e-02;2.801074e-02
5.703745e-02;8.530022e-02;5.337624e-02;2.843911e-02;8.046859e-02;1.085916e-01;2.625666e-01;1.249411e-01;4.365894e-02;7.157007e-02;4.758072e-02;3.646939e-02
6.660300e-02;9.319323e-02;1.210596e-01;3.728531e-02;8.412176e-02;1.152310e-01;2.003153e-01;9.211784e-02;4.512371e-02;6.329816e-02;4.300650e-02;3.864471e-02
1.130543e-01;1.344592e-01;2.598827e-01;4.767180e-02;6.006461e-02;9.645172e-02;8.780723e-02;4.901650e-02;4.079416e-02;3.815988e-02;4.099815e-02;3.163974e-02
1.627545e-01;1.795994e-01;2.742429e-01;3.904175e-02;3.846871e-02;6.410184e-02;9.295984e-02;3.789314e-02;3.778969e-02;2.113346e-02;3.020533e-02;2.180942e-02
2.043970e-01;2.591055e-01;2.514747e-01;2.719415e-02;2.583835e-02;4.478628e-02;5.142524e-02;3.116404e-02;5.449440e-02;1.923184e-02;1.604132e-02;1.484724e-02
2.064927e-01;2.851467e-01;2.253328e-01;1.972087e-02;2.430557e-02;2.965874e-02;7.483234e-02;4.257912e-02;5.132550e-02;1.653147e-02;9.550752e-03;1.452349e-02
2.205040e-01;2.541238e-01;2.157932e-01;1.406579e-02;2.324087e-02;3.070944e-02;8.952951e-02;5.408327e-02;3.802535e-02;1.452464e-02;2.228821e-02;2.311187e-02
2.118219e-01;2.069733e-01;2.051696e-01;1.869529e-02;3.245753e-02;4.486516e-02;8.848088e-02;5.591406e-02;4.351540e-02;2.359508e-02;3.630228e-02;3.220950e-02
1.351940e-01;1.672749e-01;1.794076e-01;3.982515e-02;5.101279e-02;7.424757e-02;1.245617e-01;3.830173e-02;6.795149e-02;4.777275e-02;4.407372e-02;3.037663e-02
1.579996e-01;1.521613e-01;1.657357e-01;5.977917e-02;6.708152e-02;8.335132e-02;9.575834e-02;3.760504e-02;6.169754e-02;5.667274e-02;3.191483e-02;3.024281e-02
1.796631e-01;1.351403e-01;1.915270e-01;6.148948e-02;5.607570e-02;6.741332e-02;1.018187e-01;4.513688e-02;4.346729e-02;4.761207e-02;2.349484e-02;4.716125e-02
1.744573e-01;1.142929e-01;2.159236e-01;5.216854e-02;4.999397e-02;8.760698e-02;1.297679e-01;2.586317e-02;2.977917e-02;3.462654e-02;3.798142e-02;4.753859e-02
1.660276e-01;9.218076e-02;2.331360e-01;4.835465e-02;4.183324e-02;9.062839e-02;1.229478e-01;3.949885e-02;3.629074e-02;3.205984e-02;4.737176e-02;4.967037e-02
1.792534e-01;1.229669e-01;2.462291e-01;4.321339e-02;3.874806e-02;6.997982e-02;1.014581e-01;4.774541e-02;3.818813e-02;3.299328e-02;3.340528e-02;4.581914e-02
1.866842e-01;1.575563e-01;2.725335e-01;3.079491e-02;2.558590e-02;8.022247e-02;6.828621e-02;2.692304e-02;3.663981e-02;4.457435e-02;2.835469e-02;4.184459e-02
1.485625e-01;1.116055e-01;2.832365e-01;3.184421e-02;3.414088e-02;8.661371e-02;1.090439e-01;3.408496e-02;3.464489e-02;4.062067e-02;3.462021e-02;5.098208e-02
9.758634e-02;5.941973e-02;2.182260e-01;5.315907e-02;9.075280e-02;6.313177e-02;1.950768e-01;3.523307e-02;4.507194e-02;4.063136e-02;3.039405e-02;7.131715e-02
7.608821e-02;5.208079e-02;7.149281e-02;6.098805e-02;9.027286e-02;5.186923e-02;2.181960e-01;6.615036e-02;9.965062e-02;9.618193e-02;6.376797e-02;5.326114e-02
5.698461e-02;5.102608e-02;1.180863e-01;7.747059e-02;4.425097e-02;4.353348e-02;1.394971e-01;7.386712e-02;1.120853e-01;1.085501e-01;1.227008e-01;5.194755e-02
5.603613e-02;4.627858e-02;1.384182e-01;8.339934e-02;4.039121e-02;3.855170e-02;1.037966e-01;6.516322e-02;1.106141e-01;1.285143e-01;1.410733e-01;4.776341e-02
5.861825e-02;3.917004e-02;2.061169e-01;7.124917e-02;3.369601e-02;2.547486e-02;5.806890e-02;4.249387e-02;1.200912e-01;1.888666e-01;1.313377e-01;2.481646e-02
4.658609e-02;7.458526e-02;2.533561e-01;3.975792e-02;2.120381e-02;2.202072e-02;2.758994e-02;3.114650e-02;1.444348e-01;2.351518e-01;8.562968e-02;1.853726e-02
3.377316e-02;9.624713e-02;2.721260e-01;2.248636e-02;1.537223e-02;2.113669e-02;3.879863e-02;2.558535e-02;1.254068e-01;2.796578e-01;4.960017e-02;1.980978e-02
3.662366e-02;5.645476e-02;2.970739e-01;3.150901e-02;1.623278e-02;1.424715e-02;5.272856e-02;1.692407e-02;8.070502e-02;3.395462e-01;4.236295e-02;1.559193e-02
5.058010e-02;4.200418e-02;2.227703e-01;3.917750e-02;2.231213e-02;1.286143e-02;6.447239e-02;3.669183e-02;1.585000e-01;3.086689e-01;2.505787e-02;1.690332e-02
6.636314e-02;8.276812e-02;1.881782e-01;3.636214e-02;1.591846e-02;1.677455e-02;6.337187e-02;5.403285e-02;1.613654e-01;2.655321e-01;2.312629e-02;2.620683e-02
5.923923e-02;8.121566e-02;2.606801e-01;3.602441e-02;1.943957e-02;1.954641e-02;5.478390e-02;5.828423e-02;7.253958e-02;2.269614e-01;8.126590e-02;3.001953e-02
4.430651e-02;4.732087e-02;3.130303e-01;4.070740e-02;2.794383e-02;2.421673e-02;6.851573e-02;6.223982e-02;6.842198e-02;1.630472e-01;1.093909e-01;3.085869e-02
3.997497e-02;6.401745e-02;3.558353e-01;4.094280e-02;2.515329e-02;1.850090e-02;8.945345e-02;6.886209e-02;7.114249e-02;9.147246e-02;8.607930e-02;4.856547e-02
5.376992e-02;5.530478e-02;2.944584e-01;3.915429e-02;2.521571e-02;2.416455e-02;9.549569e-02;6.231267e-02;1.075930e-01;1.341455e-01;7.409433e-02;3.429113e-02
6.263708e-02;3.878222e-02;2.350152e-01;2.396795e-02;3.070828e-02;3.539278e-02;1.071823e-01;5.226763e-02;1.592908e-01;1.676773e-01;5.835539e-02;2.872314e-02
5.453927e-02;4.349279e-02;1.487118e-01;4.084474e-02;6.799864e-02;6.579340e-02;1.598651e-01;6.223775e-02;8.082433e-02;1.628539e-01;4.289040e-02;6.994792e-02
4.181390e-02;4.150044e-02;1.201833e-01;7.395110e-02;8.695563e-02;6.342880e-02;1.419094e-01;6.212584e-02;7.821435e-02;7.832664e-02;1.111045e-01;1.004861e-01
2.646233e-02;4.278100e-02;1.208685e-01;1.236698e-01;8.129656e-02;4.836297e-02;9.823620e-02;5.853806e-02;7.005025e-02;4.013745e-02;1.975363e-01;9.206058e-02
2.085292e-02;4.038155e-02;1.430719e-01;1.788068e-01;5.269904e-02;2.988879e-02;4.630980e-02;4.959249e-02;4.802378e-02;6.352838e-02;2.817179e-01;4.512660e-02
6.450055e-02;3.574759e-02;1.713708e-01;1.442500e-01;2.741145e-02;1.647032e-02;2.932281e-02;3.058411e-02;7.687834e-02;1.466174e-01;2.367423e-01;2.010434e-02
1.129626e-01;3.833289e-02;1.769467e-01;7.943048e-02;2.405451e-02;1.421236e-02;4.171247e-02;2.754403e-02;1.266772e-01;1.691884e-01;1.670800e-01;2.185836e-02
1.285040e-01;7.517130e-02;1.308079e-01;3.652868e-02;3.508735e-02;2.703580e-02;5.098648e-02;5.089160e-02;1.412286e-01;1.385080e-01;1.541042e-01;3.114623e-02
6.989146e-02;9.362634e-02;1.441130e-01;4.035503e-02;3.601796e-02;5.739215e-02;1.078832e-01;5.459992e-02;1.236720e-01;8.415838e-02;1.325027e-01;5.578781e-02
6.604546e-02;7.953323e-02;1.774556e-01;4.898124e-02;3.704920e-02;6.913490e-02;1.227657e-01;4.114756e-02;1.226849e-01;7.559405e-02;1.005506e-01;5.905756e-02
6.705241e-02;7.779763e-02;2.267570e-01;3.187352e-02;3.878720e-02;5.874920e-02;1.223456e-01;2.753881e-02;9.523302e-02;1.293864e-01;7.572066e-02;4.875860e-02
8.332661e-02;7.558715e-02;2.808311e-01;3.312061e-02;4.683831e-02;3.918349e-02;1.160716e-01;2.364522e-02;3.790172e-02;1.709844e-01;7.203414e-02;2.047559e-02
1.023044e-01;5.078641e-02;2.933377e-01;5.382581e-02;3.908793e-02;2.173602e-02;1.021512e-01;2.749244e-02;7.212438e-02;1.537981e-01;7.207201e-02;1.128372e-02
1.153231e-01;3.685893e-02;3.205012e-01;8.224539e-02;3.789149e-02;1.621615e-02;8.345077e-02;2.596934e-02;8.569171e-02;1.137613e-01;6.592468e-02;1.616589e-02
1.022305e-01;6.775102e-02;3.600672e-01;7.691115e-02;3.936600e-02;1.745389e-02;4.128186e-02;3.133102e-02;7.723377e-02;1.284875e-01;3.685385e-02;2.103234e-02
9.783969e-02;9.473925e-02;3.310798e-01;4.199638e-02;4.087953e-02;1.964293e-02;2.568936e-02;4.214150e-02;7.662382e-02;1.374788e-01;4.770701e-02;4.418191e-02
1.001480e-01;1.061589e-01;2.838085e-01;5.105155e-02;5.989809e-02;2.436492e-02;6.414648e-02;4.062491e-02;6.307892e-02;1.113796e-01;5.083881e-02;4.450132e-02
8.552682e-02;6.773739e-02;3.055430e-01;9.876967e-02;7.027735e-02;1.520539e-02;7.241651e-02;3.280681e-02;2.623430e-02;1.229691e-01;6.408651e-02;3.842715e-02
5.157141e-02;4.167235e-02;3.151570e-01;1.064245e-01;5.039412e-02;1.796504e-02;4.102349e-02;4.241469e-02;3.285408e-02;1.445183e-01;8.868472e-02;6.732029e-02
2.584275e-02;3.174077e-02;3.218258e-01;8.749253e-02;3.696457e-02;3.221817e-02;4.852348e-02;4.327169e-02;3.749545e-02;1.666480e-01;1.109447e-01;5.703214e-02
5.050313e-02;4.788904e-02;2.730064e-01;6.175985e-02;4.253072e-02;3.370170e-02;7.059008e-02;3.136779e-02;6.106323e-02;1.803914e-01;1.074631e-01;3.973354e-02
4.567061e-02;6.823348e-02;2.148488e-01;4.559242e-02;4.076495e-02;2.925389e-02;8.943660e-02;3.809074e-02;8.096931e-02;1.804790e-01;1.264191e-01;4.024114e-02
4.656212e-02;5.212240e-02;1.897147e-01;6.200268e-02;3.707180e-02;3.397651e-02;8.278313e-02;4.386850e-02;9.611603e-02;1.927565e-01;1.237146e-01;3.931097e-02
7.401144e-02;2.128301e-02;2.243685e-01;6.319796e-02;4.475255e-02;3.101867e-02;7.528627e-02;4.700712e-02;6.922567e-02;2.005364e-01;1.013118e-01;4.800065e-02
7.880826e-02;2.706480e-02;2.225291e-01;6.210218e-02;6.409100e-02;3.641086e-02;6.562714e-02;5.100919e-02;6.762774e-02;1.669034e-01;9.744078e-02;6.038549e-02
6.802012e-02;5.246937e-02;2.019836e-01;7.795669e-02;7.481774e-02;3.567733e-02;8.212983e-02;3.954384e-02;8.848011e-02;9.631269e-02;1.117237e-01;7.088499e-02
1.055871e-01;6.645808e-02;1.741387e-01;9.930429e-02;6.457359e-02;3.284045e-02;1.086140e-01;3.827921e-02;8.201937e-02;6.664566e-02;9.820741e-02;6.333203e-02
1.577099e-01;9.491079e-02;1.140290e-01;8.859823e-02;4.237713e-02;4.325854e-02;9.661490e-02;5.105377e-02;6.817894e-02;1.222475e-01;7.266098e-02;4.836034e-02
1.570484e-01;8.788539e-02;8.021170e-02;8.145197e-02;4.618217e-02;5.547989e-02;8.841239e-02;4.854582e-02;1.151627e-01;1.297192e-01;7.128010e-02;3.862026e-02
8.987962e-02;4.424122e-02;1.323385e-01;4.139343e-02;4.198750e-02;6.910583e-02;2.271564e-01;6.294327e-02;1.071232e-01;7.439309e-02;5.605436e-02;5.338359e-02
4.637092e-02;3.600530e-02;7.887369e-02;2.875128e-02;4.512623e-02;7.034782e-02;4.129218e-01;8.584580e-02;6.496017e-02;7.193679e-02;2.934809e-02;2.951210e-02
2.486581e-02;2.929199e-02;6.489027e-02;1.833007e-02;3.921736e-02;5.740809e-02;5.026968e-01;1.163984e-01;5.344705e-02;5.346448e-02;2.400567e-02;1.598391e-02
8.894978e-03;1.878224e-02;5.845812e-02;8.434073e-03;1.823697e-02;3.103044e-02;5.423869e-01;1.921243e-01;4.041591e-02;6.041085e-02;1.190035e-02;8.924823e-03
8.923650e-03;6.927573e-03;5.440797e-02;8.176493e-03;8.904850e-03;2.323788e-02;4.890312e-01;2.441007e-01;5.229041e-02;9.206761e-02;6.678391e-03;5.253191e-03
9.628862e-03;5.491041e-03;5.074792e-02;2.839335e-02;5.496615e-03;2.234489e-02;4.458634e-01;2.218675e-01;1.127323e-01;8.304597e-02;7.138710e-03;7.249476e-03
8.302758e-03;3.566984e-03;3.244824e-02;7.136897e-02;1.276125e-02;1.510510e-02;3.929130e-01;1.426749e-01;2.307981e-01;7.791506e-02;4.888834e-03;7.256737e-03
1.647525e-02;4.827382e-03;1.692321e-02;7.889770e-02;4.022479e-02;9.296212e-03;3.236617e-01;9.044258e-02;2.450650e-01;1.457411e-01;2.317257e-02;5.272494e-03
1.070251e-02;5.655091e-03;1.473485e-02;4.624619e-02;9.522051e-02;1.688772e-02;2.416460e-01;5.947812e-02;1.620446e-01;2.765315e-01;6.316508e-02;7.687806e-03
2.478602e-02;1.357503e-02;1.880572e-02;1.441030e-02;1.107823e-01;4.010635e-02;1.786451e-01;6.318734e-02;6.868729e-02;3.067114e-01;1.387392e-01;2.156391e-02
3.943087e-02;2.219793e-02;1.318725e-02;7.656923e-03;6.871983e-02;7.217587e-02;1.714157e-01;5.428065e-02;4.224421e-02;2.565205e-01;2.180567e-01;3.411349e-02
4.404480e-02;2.520258e-02;3.335313e-02;1.259595e-02;6.242089e-02;5.602310e-02;1.706971e-01;5.448896e-02;6.061580e-02;2.423284e-01;2.161245e-01;2.210480e-02
1.559114e-02;1.865738e-02;3.744408e-02;1.755703e-02;1.133316e-01;2.702712e-02;1.432765e-01;5.913884e-02;6.642120e-02;2.779624e-01;2.050262e-01;1.856649e-02
1.750148e-02;9.146032e-03;2.468414e-02;2.602131e-02;1.073887e-01;2.543365e-02;1.631463e-01;5.588556e-02;4.784694e-02;2.889635e-01;2.214081e-01;1.257438e-02
2.758891e-02;1.480349e-02;3.573937e-02;1.717190e-02;5.874224e-02;4.260164e-02;1.552106e-01;5.787376e-02;2.873232e-02;2.792465e-01;2.523352e-01;2.995404e-02
2.081687e-02;2.642678e-02;3.788164e-02;1.502305e-02;7.617402e-02;4.106451e-02;1.402495e-01;5.069095e-02;4.461374e-02;2.694581e-01;2.505285e-01;2.707231e-02
8.740910e-02;4.824912e-02;5.403510e-02;2.866213e-02;1.160127e-01;3.160785e-02;1.305813e-01;3.085615e-02;3.380921e-02;1.875005e-01;1.948586e-01;5.641828e-02
9.961207e-02;5.801502e-02;6.519151e-02;3.872780e-02;9.712450e-02;4.757105e-02;1.188477e-01;2.993562e-02;3.769415e-02;1.012903e-01;1.817105e-01;1.242797e-01
5.131757e-02;5.699531e-02;4.254868e-02;4.175812e-02;7.007855e-02;4.920301e-02;1.143643e-01;2.509008e-02;4.917368e-02;6.479870e-02;2.565100e-01;1.781620e-01
3.642074e-02;3.878016e-02;2.577691e-02;2.279704e-02;3.365034e-02;7.451101e-02;7.630537e-02;1.721171e-02;6.016802e-02;6.193001e-02;4.087157e-01;1.437329e-01
1.844141e-02;1.498178e-02;2.992279e-02;1.094681e-02;2.246529e-02;1.352951e-01;6.053873e-02;1.923650e-02;4.865699e-02;8.792438e-02;4.986689e-01;5.292126e-02
1.597269e-02;1.095204e-02;1.652148e-02;7.765639e-03;3.225871e-02;1.263720e-01;5.981046e-02;5.083082e-02;3.520512e-02;1.500222e-01;4.597022e-01;3.458671e-02
1.453461e-02;9.701790e-03;1.236512e-02;8.901543e-03;7.213356e-02;5.707758e-02;5.784111e-02;1.158846e-01;2.901545e-02;2.902372e-01;3.065165e-01;2.579088e-02
1.215000e-02;9.292488e-03;1.072610e-02;1.295578e-02;9.384906e-02;1.967842e-02;6.906892e-02;1.129304e-01;6.378273e-02;3.629426e-01;2.141870e-01;1.843656e-02
1.354646e-02;9.732281e-03;1.456307e-02;2.985364e-02;6.786057e-02;2.134255e-02;8.946230e-02;6.216567e-02;1.693531e-01;3.182374e-01;1.798273e-01;2.405572e-02
2.885612e-02;3.584512e-03;1.621636e-02;7.872251e-02;1.657878e-02;2.487480e-02;1.277523e-01;3.335970e-02;3.333412e-01;1.927327e-01;1.301019e-01;1.387925e-02
3.400955e-02;1.198299e-02;1.115751e-02;1.411227e-01;1.172706e-02;1.323990e-02;9.378616e-02;2.991164e-02;4.567052e-01;1.091212e-01;7.242828e-02;1.480784e-02
2.805698e-02;7.828276e-03;2.203011e-02;1.871060e-01;1.280818e-02;1.206413e-02;4.974978e-02;3.120041e-02;4.960973e-01;1.016091e-01;4.049383e-02;1.095597e-02
1.225738e-02;5.063993e-03;3.096682e-02;1.862266e-01;1.269382e-02;1.357083e-02;3.967427e-02;4.567034e-02;4.815820e-01;1.402195e-01;2.477141e-02;7.303043e-03
1.046837e-02;5.124075e-03;5.771202e-02;1.480901e-01;1.287512e-02;2.388943e-02;4.208095e-02;8.271571e-02;4.403067e-01;1.407249e-01;2.108026e-02;1.493235e-02
1.162673e-02;4.235642e-03;1.535716e-01;9.168027e-02;7.836579e-03;4.971392e-02;5.213749e-02;1.550578e-01;3.274909e-01;9.050509e-02;1.423054e-02;4.191347e-02
9.705675e-03;9.927670e-03;2.757077e-01;4.545879e-02;3.135930e-03;5.584791e-02;6.713401e-02;2.221781e-01;1.876863e-01;5.383959e-02;7.627896e-03;6.175035e-02
1.049445e-02;1.085141e-02;3.513741e-01;1.886959e-02;5.518931e-03;3.697675e-02;7.892919e-02;2.578799e-01;9.724642e-02;6.261478e-02;6.082186e-03;6.316234e-02
8.754554e-03;7.106148e-03;3.515828e-01;1.766546e-02;3.230392e-03;2.159704e-02;9.562784e-02;2.672761e-01;7.945327e-02;9.053556e-02;5.479064e-03;5.169171e-02
7.527882e-03;1.184519e-02;3.068036e-01;1.897505e-02;5.507454e-03;1.706924e-02;1.457936e-01;2.669096e-01;4.732677e-02;1.222236e-01;5.532588e-03;4.448546e-02
5.575322e-03;3.397091e-02;2.213681e-01;1.909320e-02;1.309103e-02;2.800144e-02;2.658522e-01;2.151388e-01;3.986696e-02;1.194261e-01;1.170066e-02;2.691531e-02
8.706868e-03;5.680829e-02;1.340777e-01;2.834949e-02;2.519697e-02;5.123878e-02;4.353634e-01;1.152174e-01;3.625339e-02;8.405621e-02;1.149372e-02;1.323781e-02
9.986227e-03;3.784980e-02;7.779733e-02;3.433594e-02;2.140431e-02;4.898324e-02;4.813442e-01;1.038561e-01;7.643474e-02;7.895019e-02;9.313662e-03;1.974421e-02
6.569488e-03;2.748678e-02;6.974880e-02;2.837547e-02;2.074197e-02;4.598646e-02;5.080417e-01;9.582093e-02;9.824716e-02;5.562381e-02;1.125712e-02;3.210026e-02
1.870711e-02;3.400572e-02;5.044603e-02;2.629227e-02;3.641272e-02;8.071902e-02;4.603294e-01;9.827601e-02;9.842245e-02;4.885251e-02;1.467626e-02;3.286048e-02
4.206347e-02;2.723770e-02;1.337795e-01;2.867450e-02;6.407868e-02;1.273355e-01;2.443884e-01;1.611803e-01;6.607547e-02;5.813527e-02;1.663348e-02;3.041764e-02
3.982270e-02;2.346340e-02;1.059744e-01;1.977031e-02;7.294226e-02;1.253090e-01;2.984265e-01;1.578550e-01;6.328567e-02;4.817375e-02;1.965012e-02;2.532694e-02
3.158272e-02;1.261964e-02;1.305961e-01;2.845205e-02;6.809148e-02;9.443220e-02;3.482869e-01;1.183641e-01;7.772756e-02;5.099918e-02;1.843843e-02;2.040962e-02
2.660296e-02;1.682827e-02;2.341704e-01;3.937680e-02;4.388591e-02;4.914682e-02;3.466180e-01;7.056113e-02;8.312570e-02;5.402413e-02;1.648750e-02;1.917236e-02
2.228693e-02;2.332344e-02;2.895585e-01;5.394276e-02;2.966321e-02;5.496123e-02;3.074182e-01;6.054812e-02;9.226529e-02;4.113603e-02;1.236129e-02;1.253500e-02
3.583499e-02;3.183980e-02;2.593108e-01;6.258678e-02;4.609908e-02;5.557142e-02;2.253157e-01;6.649437e-02;1.300521e-01;4.711915e-02;1.743369e-02;2.234208e-02
3.326508e-02;3.378565e-02;2.101183e-01;5.533501e-02;5.987542e-02;7.019649e-02;1.530665e-01;1.111330e-01;1.610554e-01;5.783259e-02;2.019297e-02;3.414354e-02
2.803612e-02;3.042923e-02;1.129449e-01;5.405878e-02;5.685075e-02;5.527077e-02;2.541503e-01;1.556570e-01;1.368627e-01;5.709896e-02;2.110027e-02;3.754017e-02
2.677421e-02;3.226411e-02;2.264719e-01;6.804173e-02;6.038637e-02;3.250840e-02;1.933592e-01;1.606314e-01;8.367589e-02;5.597538e-02;2.029136e-02;3.962014e-02
1.937315e-02;4.832319e-02;2.656258e-01;1.051337e-01;1.254895e-01;6.101941e-02;1.119234e-01;1.093062e-01;3.611657e-02;5.138861e-02;3.372189e-02;3.257873e-02
1.653450e-02;3.264384e-02;1.549833e-01;1.238684e-01;2.244194e-01;8.594905e-02;1.206134e-01;6.043386e-02;4.829185e-02;4.175806e-02;2.872341e-02;6.178088e-02
1.778473e-02;5.047317e-02;9.302332e-02;1.377608e-01;2.405913e-01;8.453013e-02;1.179372e-01;6.068864e-02;4.774194e-02;4.095960e-02;3.642191e-02;7.208727e-02
1.366529e-02;7.924698e-02;1.154706e-01;1.991976e-01;1.654001e-01;7.113091e-02;6.344679e-02;9.158009e-02;2.520440e-02;5.169000e-02;8.323372e-02;4.073362e-02
1.584392e-02;5.069238e-02;2.101514e-01;2.377155e-01;8.568136e-02;6.126797e-02;3.235265e-02;8.912540e-02;4.178768e-02;4.843694e-02;1.158257e-01;1.111918e-02
2.941390e-02;4.599352e-02;3.193235e-01;1.886656e-01;5.676513e-02;3.861560e-02;2.232968e-02;4.253374e-02;7.931741e-02;5.690635e-02;1.087152e-01;1.142035e-02
6.984301e-02;9.000959e-02;3.323764e-01;9.148081e-02;5.475752e-02;2.184173e-02;5.787161e-02;1.666999e-02;9.682391e-02;7.575349e-02;8.065640e-02;1.191552e-02
1.319441e-01;1.429640e-01;2.147668e-01;5.497445e-02;5.798426e-02;2.927399e-02;8.982071e-02;2.926202e-02;7.719247e-02;7.628626e-02;7.977562e-02;1.575533e-02
1.557165e-01;1.316145e-01;2.683842e-01;8.199178e-02;6.798232e-02;2.579596e-02;5.959832e-02;1.895223e-02;5.103338e-02;4.248512e-02;7.857347e-02;1.787214e-02
1.926758e-01;1.461580e-01;2.086998e-01;1.065818e-01;7.016095e-02;1.756455e-02;5.219379e-02;3.376574e-02;6.370955e-02;2.112936e-02;6.944537e-02;1.791525e-02
2.212434e-01;2.053382e-01;2.087050e-01;1.062041e-01;5.265469e-02;1.764796e-02;4.309151e-02;2.514658e-02;4.286818e-02;2.300376e-02;4.195561e-02;1.214096e-02
2.302017e-01;2.192828e-01;2.658722e-01;6.566346e-02;4.978708e-02;1.629706e-02;3.053423e-02;2.623606e-02;1.517519e-02;2.722724e-02;3.369496e-02;2.002805e-02
2.110466e-01;2.167376e-01;1.794544e-01;6.606470e-02;6.861325e-02;2.967796e-02;5.068107e-02;4.262977e-02;1.501368e-02;4.132744e-02;4.649759e-02;3.225592e-02
9.544300e-02;2.142512e-01;1.278253e-01;1.178977e-01;7.928774e-02;4.724565e-02;5.294421e-02;4.476007e-02;3.568280e-02;5.541032e-02;7.359791e-02;5.565418e-02
1.547384e-01;1.530949e-01;7.377219e-02;1.325969e-01;9.196620e-02;3.183265e-02;9.213440e-02;3.579981e-02;4.921884e-02;5.260341e-02;7.088096e-02;6.136131e-02
8.742637e-02;9.289277e-02;9.152792e-02;1.592022e-01;1.229435e-01;3.170140e-02;1.100835e-01;5.094066e-02;5.677886e-02;5.000493e-02;8.017308e-02;6.632473e-02
1.569655e-01;6.482521e-02;1.035716e-01;1.373414e-01;1.256025e-01;2.829966e-02;8.183723e-02;4.602621e-02;5.371441e-02;4.918037e-02;8.006607e-02;7.256988e-02
1.238035e-01;1.002808e-01;1.015528e-01;1.181200e-01;1.065642e-01;2.911172e-02;9.505163e-02;4.082710e-02;4.366924e-02;5.819718e-02;7.983892e-02;1.029830e-01
1.796213e-01;1.173305e-01;1.289614e-01;7.147539e-02;6.611171e-02;4.337205e-02;1.336403e-01;3.955703e-02;2.558607e-02;4.978240e-02;5.473584e-02;8.982597e-02
2.162156e-01;1.164247e-01;1.064808e-01;6.649482e-02;4.023673e-02;5.870803e-02;1.668190e-01;4.292190e-02;1.776557e-02;4.097270e-02;4.294369e-02;8.401635e-02
1.595941e-01;9.443367e-02;4.230997e-02;8.457995e-02;3.625238e-02;7.274504e-02;2.579438e-01;3.959850e-02;2.471660e-02;4.113751e-02;4.344928e-02;1.032392e-01
9.122951e-02;6.249056e-02;1.090867e-01;6.294543e-02;4.332116e-02;7.595162e-02;2.684312e-01;5.328074e-02;3.961268e-02;4.627629e-02;5.599768e-02;9.137647e-02
4.289838e-02;5.341177e-02;1.127391e-01;3.852409e-02;5.790706e-02;1.153410e-01;2.099601e-01;5.479567e-02;6.896154e-02;5.986717e-02;1.046789e-01;8.091524e-02
6.941569e-02;3.894159e-02;1.055199e-01;2.279224e-02;5.420863e-02;1.559315e-01;1.324801e-01;4.461666e-02;8.653169e-02;1.059463e-01;1.283922e-01;5.522355e-02
3.449561e-02;4.093644e-02;1.123452e-01;3.402855e-02;5.866678e-02;2.110787e-01;1.178653e-01;3.653518e-02;5.815050e-02;1.358940e-01;1.335393e-01;2.646443e-02
4.319429e-02;5.443947e-02;7.035088e-02;4.871820e-02;7.967573e-02;2.226757e-01;1.125398e-01;3.086683e-02;4.177427e-02;1.406970e-01;1.384819e-01;1.658595e-02
5.011586e-02;6.090176e-02;4.604988e-02;7.185195e-02;1.151891e-01;1.818156e-01;1.019826e-01;2.977220e-02;5.549952e-02;1.377735e-01;1.221996e-01;2.684852e-02
3.973965e-02;5.905099e-02;7.340078e-02;9.986845e-02;1.186882e-01;1.325045e-01;9.985229e-02;4.536721e-02;6.712396e-02;1.379731e-01;9.908663e-02;2.734418e-02
6.928734e-02;6.195951e-02;1.154669e-01;1.159227e-01;5.730477e-02;7.905205e-02;1.537196e-01;4.909224e-02;6.493402e-02;1.146569e-01;7.867792e-02;3.992602e-02
6.939263e-02;6.848514e-02;1.686250e-01;1.086417e-01;6.356105e-02;6.456385e-02;1.290476e-01;5.009652e-02;5.403493e-02;1.010330e-01;7.573713e-02;4.678150e-02
8.524867e-02;7.116911e-02;1.063070e-01;6.957152e-02;7.323905e-02;6.913824e-02;1.517175e-01;6.342233e-02;6.120932e-02;8.779576e-02;9.772485e-02;6.345672e-02
1.299544e-01;5.351537e-02;1.013595e-01;2.872104e-02;7.165857e-02;6.106251e-02;1.517326e-01;7.100648e-02;4.846423e-02;1.311170e-01;1.065238e-01;4.488453e-02
1.124889e-01;5.935194e-02;8.441461e-02;7.283658e-02;8.429462e-02;9.174859e-02;1.063509e-01;9.075346e-02;6.603149e-02;1.248915e-01;7.906496e-02;2.777244e-02
8.775226e-02;5.534760e-02;1.346752e-01;7.959149e-02;8.414863e-02;7.334690e-02;1.107572e-01;1.105469e-01;9.914833e-02;8.406734e-02;5.389169e-02;2.672654e-02
8.228482e-02;4.824003e-02;1.614807e-01;1.125189e-01;8.589988e-02;4.989284e-02;1.114107e-01;1.084047e-01;9.207862e-02;7.368218e-02;4.981157e-02;2.429505e-02
1.169461e-01;6.865531e-02;1.202737e-01;1.373817e-01;9.891229e-02;6.229831e-02;1.083197e-01;7.039190e-02;5.459037e-02;8.185850e-02;4.793105e-02;3.244111e-02
1.315442e-01;9.445909e-02;1.151471e-01;9.694573e-02;8.320779e-02;9.170581e-02;8.696725e-02;7.670522e-02;5.691989e-02;7.199797e-02;4.772426e-02;4.667563e-02
1.298491e-01;9.184194e-02;1.237824e-01;8.351354e-02;7.008547e-02;9.194729e-02;9.199388e-02;8.232624e-02;3.218892e-02;6.718852e-02;5.378521e-02;8.149747e-02
9.924164e-02;6.701917e-02;1.487926e-01;1.201864e-01;7.944208e-02;9.133518e-02;7.809801e-02;5.755571e-02;6.481864e-02;5.388031e-02;5.290386e-02;8.672646e-02
1.110167e-01;6.529479e-02;1.178935e-01;1.290061e-01;8.237837e-02;9.374252e-02;9.961589e-02;2.675016e-02;8.719183e-02;8.474941e-02;5.303136e-02;4.932941e-02
1.047886e-01;6.215954e-02;9.189545e-02;1.192055e-01;8.055286e-02;7.921673e-02;1.083348e-01;2.440966e-02;1.146495e-01;1.005780e-01;6.648266e-02;4.772672e-02
5.753174e-02;4.485617e-02;9.094699e-02;9.637038e-02;8.482102e-02;7.169996e-02;1.224046e-01;5.077407e-02;1.463945e-01;1.070386e-01;7.920481e-02;4.795713e-02
