7.685568e-02;9.608894e-02;7.353689e-02;7.591663e-02;1.075667e-01;9.210734e-02;7.731699e-02;8.514215e-02;5.111105e-02;6.531648e-02;1.080061e-01;9.103499e-02
6.157092e-02;1.181223e-01;4.400072e-02;6.632775e-02;1.258831e-01;9.031700e-02;8.919575e-02;6.216767e-02;5.415384e-02;5.575959e-02;1.668795e-01;6.562193e-02
5.496867e-02;1.203604e-01;8.496016e-02;4.636678e-02;9.950238e-02;6.120470e-02;1.385292e-01;8.571956e-02;3.737183e-02;4.455404e-02;1.793415e-01;4.712085e-02
8.409773e-02;1.011659e-01;1.022191e-01;3.667028e-02;7.754166e-02;3.812723e-02;1.665621e-01;1.270373e-01;1.623516e-02;7.449289e-02;1.451918e-01;3.065888e-02
1.055137e-01;9.573886e-02;6.032762e-02;3.035642e-02;7.836526e-02;5.763390e-02;1.766653e-01;1.376692e-01;2.315174e-02;6.388350e-02;1.406882e-01;3.000641e-02
1.114086e-01;1.117492e-01;5.421401e-02;2.061620e-02;6.986116e-02;7.544370e-02;1.743416e-01;1.191582e-01;3.436308e-02;2.178418e-02;1.667204e-01;4.033962e-02
1.152000e-01;1.054595e-01;7.700533e-02;2.723437e-02;6.422276e-02;8.221841e-02;1.506956e-01;8.001076e-02;4.524450e-02;4.083003e-02;1.734221e-01;3.845662e-02
1.045937e-01;8.176363e-02;1.154145e-01;4.109203e-02;7.754333e-02;7.113111e-02;1.330134e-01;9.683455e-02;4.099416e-02;6.996616e-02;1.305409e-01;3.711249e-02
9.125110e-02;6.453472e-02;1.720623e-01;2.422046e-02;8.349129e-02;6.084399e-02;1.062423e-01;1.260870e-01;5.457391e-02;4.486981e-02;1.410533e-01;3.076979e-02
8.256561e-02;4.315770e-02;1.781480e-01;4.034339e-02;8.133309e-02;4.045788e-02;8.888235e-02;1.217870e-01;6.854307e-02;8.123536e-02;1.551874e-01;1.835917e-02
6.074716e-02;6.240173e-02;1.196296e-01;2.842870e-02;5.385337e-02;5.013886e-02;8.424056e-02;1.163168e-01;4.642508e-02;1.522191e-01;1.850923e-01;4.050666e-02
2.875129e-02;1.077703e-01;1.011804e-01;3.955417e-02;4.005923e-02;4.619918e-02;7.352441e-02;1.179678e-01;4.058561e-02;1.622324e-01;1.934138e-01;4.876147e-02
6.674997e-02;6.856150e-02;1.150196e-01;4.420190e-02;5.965512e-02;9.246802e-02;1.123945e-01;9.789035e-02;2.820207e-02;1.223702e-01;1.569532e-01;3.553358e-02
5.380372e-02;1.203141e-01;6.586638e-02;4.195558e-02;9.212058e-02;1.569399e-01;1.319043e-01;7.389224e-02;2.985340e-02;6.987242e-02;9.375685e-02;6.972040e-02
3.655017e-02;1.331546e-01;3.376970e-02;4.551469e-02;1.177087e-01;1.936082e-01;8.551086e-02;7.033384e-02;3.364963e-02;9.342688e-02;4.210865e-02;1.146641e-01
2.325437e-02;1.280345e-01;2.464316e-02;3.366439e-02;1.380032e-01;2.071637e-01;3.686188e-02;5.324510e-02;2.234077e-02;1.542322e-01;4.702465e-02;1.315321e-01
1.694045e-02;1.083948e-01;2.353519e-02;3.664695e-02;1.539275e-01;1.658290e-01;4.572999e-02;3.513849e-02;3.492862e-02;2.108194e-01;4.354149e-02;1.245681e-01
4.750756e-02;7.316741e-02;5.168880e-02;7.612876e-02;1.425003e-01;9.274545e-02;5.086956e-02;3.019148e-02;7.404380e-02;2.314564e-01;2.611359e-02;1.035869e-01
8.457254e-02;4.862921e-02;8.868160e-02;1.295261e-01;9.338538e-02;3.860511e-02;7.003911e-02;4.202197e-02;1.243631e-01;1.899888e-01;3.153806e-02;5.864907e-02
8.902664e-02;6.464567e-02;8.032521e-02;1.546728e-01;7.082454e-02;6.377981e-02;6.836032e-02;6.774683e-02;1.364352e-01;1.012982e-01;4.509865e-02;5.778615e-02
1.167878e-01;7.081787e-02;6.068892e-02;1.472642e-01;7.643604e-02;1.107731e-01;3.540051e-02;5.683545e-02;1.198843e-01;8.404694e-02;2.777749e-02;9.328739e-02
1.024114e-01;5.005762e-02;5.468597e-02;1.048148e-01;5.070801e-02;1.398623e-01;8.791260e-02;7.096120e-02;1.296869e-01;1.092806e-01;4.463547e-02;5.498316e-02
5.270564e-02;3.738354e-02;5.007639e-02;8.288033e-02;1.120086e-01;1.282630e-01;1.244884e-01;9.376623e-02;1.074977e-01;1.082425e-01;3.887609e-02;6.381149e-02
3.356422e-02;4.368412e-02;4.640121e-02;7.952392e-02;9.617533e-02;1.274869e-01;1.475320e-01;8.804116e-02;9.385312e-02;1.432800e-01;3.673596e-02;6.372216e-02
2.487120e-02;5.662457e-02;4.073441e-02;5.549728e-02;1.231882e-01;1.511236e-01;1.035744e-01;7.813046e-02;7.642008e-02;1.970675e-01;4.479618e-02;4.797198e-02
2.125251e-02;6.480497e-02;3.255418e-02;3.397760e-02;1.133180e-01;1.917611e-01;5.567059e-02;5.500153e-02;9.335916e-02;2.512482e-01;2.358067e-02;6.347147e-02
3.250849e-02;6.057096e-02;2.185722e-02;2.312212e-02;7.223973e-02;2.118095e-01;5.415016e-02;4.783124e-02;1.107010e-01;2.836617e-01;1.550773e-02;6.604022e-02
4.770867e-02;4.357428e-02;1.783145e-02;3.220865e-02;8.293515e-02;1.643909e-01;7.098030e-02;4.671694e-02;1.189488e-01;2.948774e-01;2.307630e-02;5.675118e-02
5.996151e-02;4.827688e-02;2.331124e-02;4.875376e-02;1.009102e-01;5.881257e-02;8.564622e-02;8.008152e-02;1.257861e-01;3.217729e-01;1.469712e-02;3.199003e-02
5.050869e-02;4.165633e-02;1.605778e-02;4.172852e-02;4.986161e-02;1.556187e-01;1.106629e-01;1.114235e-01;9.991198e-02;2.567737e-01;3.135304e-02;3.444338e-02
4.736297e-02;3.409533e-02;1.167914e-02;3.074441e-02;4.548981e-02;1.800750e-01;1.544361e-01;1.683385e-01;7.189079e-02;1.994009e-01;2.343349e-02;3.305354e-02
5.745813e-02;5.104575e-02;2.169132e-02;4.017028e-02;4.001283e-02;1.448767e-01;1.261659e-01;1.925966e-01;9.364516e-02;1.779370e-01;1.663906e-02;3.776116e-02
4.200315e-02;7.849747e-02;3.669309e-02;4.907445e-02;7.136767e-02;1.438677e-01;8.396678e-02;1.686393e-01;1.322073e-01;1.317895e-01;2.536297e-02;3.653072e-02
4.424256e-02;8.025118e-02;4.960602e-02;6.040646e-02;9.752838e-02;1.410312e-01;7.872847e-02;1.288209e-01;1.556081e-01;1.060133e-01;2.973459e-02;2.802884e-02
4.557988e-02;9.275749e-02;2.938281e-02;7.685658e-02;1.013296e-01;9.464763e-02;3.859487e-02;1.877844e-01;1.858847e-01;9.166235e-02;3.180081e-02;2.371889e-02
2.733290e-02;1.117315e-01;2.498500e-02;8.217223e-02;1.359725e-01;7.195665e-02;2.919840e-02;1.838827e-01;1.934035e-01;8.611795e-02;2.748222e-02;2.576438e-02
2.108067e-02;1.115777e-01;2.407946e-02;6.188143e-02;1.637739e-01;7.769459e-02;4.425564e-02;1.726740e-01;1.922591e-01;7.077770e-02;3.429338e-02;2.565244e-02
2.722444e-02;1.017650e-01;3.431736e-02;4.715761e-02;1.700245e-01;6.956095e-02;4.435266e-02;1.412904e-01;2.216710e-01;7.059058e-02;4.667524e-02;2.537022e-02
2.757517e-02;7.992397e-02;3.209719e-02;4.418293e-02;1.869332e-01;4.470171e-02;4.581625e-02;1.838862e-01;2.092571e-01;9.425421e-02;3.145855e-02;1.991361e-02
1.399463e-02;7.472365e-02;2.239218e-02;4.998912e-02;1.954229e-01;6.625062e-02;2.925497e-02;2.468775e-01;1.550435e-01;9.328933e-02;2.961547e-02;2.314610e-02
2.821183e-02;8.967544e-02;2.194344e-02;6.707895e-02;1.649548e-01;7.508246e-02;3.462207e-02;2.328153e-01;1.308194e-01;8.639291e-02;4.691540e-02;2.148798e-02
4.138656e-02;9.561369e-02;1.430957e-02;9.754822e-02;1.396215e-01;8.886796e-02;4.723604e-02;2.016390e-01;1.037191e-01;8.317073e-02;6.340283e-02;2.348476e-02
4.690257e-02;1.187843e-01;2.226552e-02;1.144272e-01;1.379934e-01;5.022997e-02;6.827703e-02;1.557262e-01;8.920437e-02;1.005071e-01;6.094542e-02;3.473680e-02
1.834228e-02;1.739047e-01;1.645104e-02;7.632557e-02;1.113418e-01;9.675459e-02;6.617308e-02;1.390729e-01;1.003469e-01;7.823824e-02;6.247779e-02;6.057106e-02
1.883040e-02;2.504538e-01;1.413019e-02;5.757905e-02;8.767589e-02;1.156786e-01;7.475518e-02;1.078319e-01;9.521175e-02;7.570504e-02;4.480584e-02;5.734244e-02
3.205470e-02;2.659461e-01;2.165848e-02;8.175764e-02;1.035605e-01;1.067507e-01;6.648600e-02;7.234107e-02;9.533481e-02;7.009320e-02;2.678181e-02;5.723494e-02
6.412627e-02;2.192396e-01;4.628952e-02;7.000905e-02;9.807149e-02;1.051771e-01;5.837910e-02;7.812616e-02;9.834650e-02;5.674168e-02;3.123408e-02;7.425944e-02
8.721946e-02;1.254618e-01;7.159592e-02;5.090378e-02;8.779952e-02;1.603515e-01;5.710601e-02;7.078599e-02;7.542795e-02;5.714808e-02;4.238018e-02;1.138198e-01
9.288384e-02;7.444915e-02;7.336233e-02;5.062455e-02;6.063856e-02;2.612874e-01;1.089056e-01;4.368086e-02;4.567326e-02;4.447192e-02;5.593041e-02;8.809207e-02
6.873250e-02;6.706841e-02;4.438684e-02;7.573941e-02;7.010309e-02;3.593702e-01;1.221396e-01;3.266593e-02;3.257328e-02;3.580903e-02;5.222137e-02;3.919034e-02
3.804944e-02;6.052864e-02;1.773843e-02;7.911254e-02;7.618729e-02;4.040058e-01;7.475972e-02;4.860753e-02;1.719149e-02;5.661106e-02;7.607908e-02;5.112898e-02
1.624219e-02;6.693508e-02;2.546593e-02;6.834956e-02;1.070240e-01;3.770549e-01;4.730211e-02;7.437374e-02;1.583528e-02;7.004699e-02;9.117141e-02;4.019883e-02
2.360489e-02;8.330730e-02;3.133433e-02;6.515282e-02;1.381157e-01;3.061323e-01;3.860549e-02;9.627132e-02;2.760335e-02;8.372567e-02;7.761528e-02;2.853144e-02
3.833608e-02;9.614813e-02;3.308891e-02;7.007402e-02;1.348557e-01;2.160105e-01;5.689652e-02;1.092920e-01;4.281479e-02;1.140229e-01;5.814889e-02;3.031164e-02
4.759402e-02;9.074756e-02;4.055294e-02;8.920080e-02;9.051541e-02;1.331605e-01;1.101081e-01;1.191775e-01;5.193268e-02;1.328711e-01;4.011582e-02;5.402353e-02
3.569506e-02;7.259466e-02;5.206453e-02;8.606926e-02;5.259065e-02;2.267069e-01;8.786464e-02;1.331979e-01;5.596976e-02;1.060505e-01;3.578926e-02;5.540694e-02
2.035498e-02;8.924686e-02;4.057640e-02;5.183901e-02;8.113979e-02;2.961497e-01;4.353727e-02;1.741843e-01;4.641932e-02;9.362167e-02;3.581154e-02;2.711919e-02
2.722388e-02;7.648531e-02;4.453200e-02;4.465608e-02;8.623237e-02;2.992140e-01;4.630475e-02;1.629715e-01;6.195255e-02;7.486490e-02;3.869253e-02;3.687010e-02
3.581061e-02;6.645916e-02;6.295642e-02;5.634643e-02;1.290668e-01;2.772901e-01;5.046388e-02;9.167248e-02;6.136376e-02;7.103875e-02;5.233544e-02;4.519619e-02
3.739665e-02;5.214727e-02;5.204838e-02;3.051805e-02;5.643898e-02;3.376971e-01;8.768693e-02;9.049971e-02;8.515701e-02;6.920588e-02;6.527853e-02;3.592542e-02
2.303220e-02;4.556837e-02;4.918623e-02;2.556758e-02;7.031108e-02;3.582185e-01;1.335003e-01;8.878056e-02;6.991991e-02;6.514075e-02;3.496844e-02;3.580611e-02
2.326881e-02;3.856456e-02;1.153173e-01;3.043804e-02;6.292250e-02;2.554666e-01;1.846938e-01;7.469513e-02;6.147831e-02;2.861940e-02;6.879653e-02;5.573906e-02
1.823349e-02;2.447883e-02;1.309155e-01;2.895385e-02;3.206129e-02;2.997181e-01;1.809787e-01;3.710523e-02;5.853913e-02;2.476537e-02;1.259720e-01;3.827849e-02
1.815856e-02;1.499327e-02;1.228512e-01;1.758876e-02;1.667006e-02;3.715330e-01;1.591163e-01;1.822618e-02;6.761617e-02;2.300646e-02;1.548812e-01;1.535875e-02
2.076425e-02;1.249761e-02;9.311306e-02;1.480185e-02;2.729644e-02;4.144110e-01;1.172199e-01;1.531737e-02;7.556553e-02;2.343996e-02;1.770735e-01;8.499539e-03
3.024192e-02;1.574918e-02;5.224201e-02;2.188938e-02;6.780202e-02;4.052957e-01;7.245955e-02;2.377092e-02;6.158577e-02;2.867504e-02;2.156647e-01;4.623834e-03
9.438080e-02;2.312701e-02;2.384160e-02;4.424324e-02;1.171275e-01;3.264324e-01;3.095068e-02;3.370126e-02;2.385478e-02;4.429233e-02;2.276452e-01;1.040312e-02
1.542499e-01;3.405596e-02;6.414562e-02;5.106251e-02;1.245709e-01;2.600662e-01;2.695847e-02;3.341411e-02;1.478868e-02;4.573127e-02;1.726339e-01;1.832249e-02
1.569551e-01;5.042928e-02;1.246021e-01;4.528151e-02;9.195278e-02;2.466638e-01;3.947332e-02;2.507596e-02;2.910733e-02;4.487604e-02;1.320428e-01;1.354000e-02
1.120496e-01;4.930992e-02;1.369312e-01;8.202896e-02;4.703922e-02;2.078081e-01;9.090319e-02;3.486205e-02;6.207106e-02;4.863398e-02;1.110226e-01;1.734018e-02
5.553365e-02;2.962206e-02;9.331442e-02;1.337628e-01;9.052242e-02;1.417381e-01;1.337352e-01;6.315554e-02;1.020324e-01;5.690397e-02;7.809909e-02;2.158040e-02
3.657521e-02;4.126528e-02;6.968895e-02;1.188644e-01;1.284300e-01;1.231755e-01;1.256057e-01;1.118981e-01;1.069587e-01;4.595810e-02;5.979328e-02;3.178661e-02
3.210259e-02;5.862060e-02;4.925225e-02;9.206957e-02;1.436809e-01;1.816030e-01;1.259754e-01;1.181207e-01;8.083244e-02;3.071844e-02;4.789732e-02;3.912668e-02
2.700602e-02;6.811180e-02;1.010511e-01;5.133906e-02;1.400961e-01;2.509846e-01;1.116721e-01;9.671983e-02;6.493174e-02;2.629796e-02;2.523879e-02;3.655098e-02
4.063982e-02;5.604975e-02;1.395089e-01;3.500091e-02;7.706057e-02;3.163277e-01;9.139382e-02;8.565196e-02;7.314005e-02;2.862709e-02;2.852424e-02;2.807527e-02
3.711341e-02;6.033681e-02;9.934936e-02;5.267096e-02;8.217368e-02;3.349841e-01;8.876301e-02;6.555624e-02;9.488344e-02;2.686957e-02;3.941537e-02;1.788406e-02
1.885385e-02;6.507891e-02;6.245247e-02;4.716350e-02;1.003291e-01;3.257885e-01;1.160829e-01;7.160900e-02;9.757115e-02;2.853138e-02;5.483389e-02;1.170532e-02
2.614448e-02;5.722015e-02;9.242086e-02;2.840683e-02;1.359327e-01;1.980099e-01;1.245808e-01;9.998196e-02;1.239709e-01;3.801277e-02;6.292338e-02;1.239522e-02
2.983100e-02;4.296112e-02;7.915036e-02;4.508728e-02;1.221083e-01;2.290303e-01;1.098009e-01;1.136329e-01;1.334897e-01;3.392241e-02;4.987938e-02;1.110653e-02
1.988090e-02;2.736580e-02;5.620166e-02;4.451551e-02;7.525104e-02;3.023251e-01;1.059587e-01;1.349995e-01;1.483509e-01;3.157361e-02;4.648684e-02;7.090439e-03
1.477806e-02;4.130398e-02;5.505520e-02;4.704690e-02;1.044853e-01;2.133991e-01;1.134806e-01;1.590275e-01;1.523873e-01;2.845124e-02;4.842261e-02;2.216214e-02
1.970751e-02;3.756901e-02;4.599591e-02;3.062738e-02;8.650092e-02;2.677092e-01;1.013114e-01;1.788225e-01;1.106692e-01;3.927012e-02;4.313989e-02;3.867687e-02
1.683912e-02;3.118748e-02;2.511010e-02;2.871026e-02;4.592774e-02;3.612778e-01;7.251679e-02;1.545868e-01;1.386934e-01;4.261968e-02;4.391741e-02;3.861350e-02
1.903679e-02;2.619189e-02;3.051017e-02;3.876875e-02;8.052666e-02;3.094228e-01;8.042635e-02;1.438378e-01;1.501617e-01;3.921570e-02;4.876198e-02;3.313944e-02
2.556670e-02;2.098311e-02;2.686436e-02;5.297920e-02;7.125948e-02;2.408031e-01;8.096314e-02;1.615276e-01;1.718995e-01;5.448680e-02;6.451345e-02;2.815356e-02
2.244606e-02;3.987781e-02;4.618967e-02;6.313201e-02;7.158307e-02;1.663542e-01;3.461474e-02;1.711734e-01;2.133305e-01;7.434357e-02;8.164227e-02;1.531268e-02
1.170120e-02;3.654807e-02;4.749231e-02;4.683309e-02;1.070751e-01;1.906936e-01;3.925295e-02;1.551676e-01;2.156475e-01;5.339741e-02;8.692439e-02;9.266755e-03
1.286417e-02;3.519553e-02;2.767168e-02;3.762352e-02;8.983520e-02;1.800350e-01;5.565192e-02;1.601094e-01;2.390387e-01;5.699834e-02;9.492850e-02;1.004811e-02
2.332871e-02;4.443787e-02;3.304319e-02;3.387597e-02;5.177771e-02;9.067941e-02;6.097909e-02;1.866646e-01;2.707698e-01;8.677701e-02;1.016791e-01;1.598761e-02
2.743543e-02;3.519313e-02;1.964590e-02;3.316456e-02;4.849684e-02;1.598596e-01;4.789881e-02;1.883283e-01;2.766557e-01;7.319973e-02;7.581263e-02;1.430944e-02
2.432325e-02;3.355375e-02;2.501927e-02;3.361480e-02;3.669615e-02;2.172673e-01;6.620573e-02;1.790322e-01;2.520270e-01;6.730408e-02;4.523579e-02;1.972068e-02
4.035747e-02;5.678405e-02;3.228741e-02;3.867098e-02;6.251460e-02;2.060867e-01;6.280092e-02;1.506896e-01;2.203920e-01;7.704099e-02;3.035222e-02;2.202303e-02
5.549606e-02;6.968276e-02;4.150076e-02;4.112414e-02;7.633912e-02;1.690622e-01;3.941393e-02;1.412543e-01;2.148819e-01;9.857732e-02;2.933590e-02;2.333168e-02
4.051139e-02;8.271187e-02;3.695641e-02;3.471271e-02;4.011617e-02;1.461628e-01;3.061773e-02;1.718020e-01;2.209013e-01;1.378600e-01;3.823372e-02;1.941400e-02
1.725165e-02;1.051570e-01;2.708285e-02;4.328470e-02;2.968910e-02;1.293899e-01;4.110544e-02;1.882282e-01;1.961524e-01;1.650659e-01;4.055209e-02;1.704076e-02
2.152437e-02;1.222497e-01;2.867760e-02;9.668563e-02;3.827026e-02;8.561798e-02;8.075810e-02;1.711197e-01;1.645252e-01;1.471161e-01;2.689019e-02;1.656518e-02
2.614602e-02;1.068857e-01;5.491851e-02;1.669804e-01;5.712662e-02;6.347901e-02;1.151120e-01;1.128986e-01;1.393467e-01;9.147430e-02;4.442814e-02;2.120401e-02
2.225903e-02;5.206582e-02;3.928092e-02;1.190448e-01;5.268142e-02;1.190029e-01;1.515877e-01;1.219685e-01;1.427927e-01;6.320475e-02;8.952722e-02;2.658413e-02
2.366945e-02;5.951970e-02;5.569238e-02;3.398956e-02;2.931873e-02;1.341478e-01;1.461865e-01;1.025797e-01;1.527188e-01;1.174425e-01;1.221645e-01;2.257058e-02
1.981009e-02;4.942108e-02;6.848945e-02;2.457481e-02;2.241136e-02;1.329127e-01;1.254628e-01;8.376610e-02;1.411555e-01;1.086643e-01;1.561605e-01;6.717128e-02
4.666489e-02;3.223896e-02;6.917289e-02;1.410755e-02;2.547598e-02;1.171440e-01;1.032064e-01;8.652206e-02;1.227315e-01;6.845921e-02;1.424234e-01;1.718532e-01
1.188047e-01;3.744635e-02;7.035195e-02;2.876694e-02;4.727666e-02;8.662717e-02;6.497058e-02;6.174723e-02;1.037674e-01;3.205081e-02;8.315844e-02;2.650318e-01
1.156565e-01;5.710404e-02;9.245502e-02;1.011883e-01;7.892983e-02;7.983671e-02;6.111432e-02;6.685539e-02;9.015870e-02;2.046776e-02;5.808956e-02;1.781438e-01
5.818821e-02;5.098886e-02;8.603129e-02;1.581724e-01;1.201328e-01;8.751089e-02;8.548278e-02;7.574326e-02;1.327498e-01;3.477437e-02;4.958964e-02;6.063576e-02
2.588054e-02;4.110114e-02;1.130853e-01;9.553584e-02;1.005678e-01;1.057383e-01;7.917415e-02;7.438618e-02;1.768108e-01;4.802611e-02;7.717255e-02;6.252121e-02
2.963687e-02;3.566043e-02;1.631263e-01;2.896680e-02;5.470132e-02;1.909891e-01;5.093069e-02;6.701715e-02;1.807625e-01;5.411341e-02;8.909477e-02;5.500071e-02
2.532912e-02;3.263409e-02;2.107202e-01;5.079474e-02;6.498553e-02;2.659225e-01;3.228340e-02;4.199273e-02;1.186380e-01;3.403888e-02;9.072275e-02;3.193804e-02
1.569895e-02;2.733005e-02;1.605084e-01;1.591621e-01;1.047005e-01;2.545345e-01;5.815270e-02;3.065947e-02;7.034366e-02;2.689005e-02;7.170787e-02;2.031168e-02
7.255267e-03;3.092222e-02;8.254176e-02;2.861919e-01;9.359721e-02;1.738778e-01;8.022025e-02;6.656555e-02;7.993325e-02;3.860570e-02;4.247312e-02;1.781600e-02
9.539030e-03;5.139651e-02;4.103350e-02;2.859516e-01;8.302860e-02;9.035084e-02;8.423178e-02;1.286562e-01;1.336729e-01;5.160552e-02;2.318855e-02;1.734485e-02
1.398522e-02;5.716649e-02;2.999157e-02;1.603001e-01;1.544487e-01;5.223080e-02;5.856037e-02;1.564992e-01;1.777200e-01;7.643876e-02;3.924899e-02;2.340980e-02
1.669116e-02;6.012931e-02;4.454232e-02;5.742184e-02;1.720888e-01;4.219010e-02;3.157501e-02;1.692861e-01;2.344804e-01;9.698407e-02;4.659628e-02;2.801454e-02
1.902734e-02;4.519987e-02;3.682917e-02;2.737066e-02;1.818114e-01;3.997974e-02;2.527428e-02;1.742551e-01;2.856552e-01;9.177341e-02;4.428244e-02;2.854150e-02
1.843921e-02;2.859401e-02;3.549565e-02;2.557222e-02;1.601022e-01;8.491436e-02;3.413670e-02;2.190458e-01;2.616114e-01;6.317727e-02;4.637901e-02;2.253211e-02
2.655808e-02;4.208887e-02;4.513565e-02;3.118000e-02;1.243657e-01;1.127475e-01;4.727553e-02;2.793575e-01;1.847072e-01;2.951689e-02;4.464148e-02;3.242565e-02
2.349749e-02;4.032080e-02;2.475088e-02;3.531218e-02;9.877715e-02;1.312359e-01;9.345388e-02;3.013750e-01;1.397940e-01;3.108290e-02;4.687994e-02;3.351982e-02
2.059573e-02;2.319069e-02;3.823211e-02;3.235140e-02;8.046843e-02;2.301430e-01;1.077608e-01;1.785617e-01;1.769739e-01;3.894355e-02;4.175780e-02;3.102084e-02
2.763969e-02;3.024905e-02;2.627189e-02;3.636083e-02;4.372234e-02;2.729937e-01;1.001562e-01;1.576290e-01;1.833656e-01;4.439251e-02;4.292134e-02;3.429771e-02
2.812154e-02;3.409394e-02;3.485315e-02;4.173446e-02;8.195128e-02;2.430768e-01;8.006581e-02;1.418300e-01;1.753373e-01;4.727731e-02;4.947557e-02;4.218292e-02
4.780687e-02;5.503682e-02;4.657676e-02;3.220167e-02;1.181348e-01;1.161047e-01;3.770961e-02;1.500706e-01;2.261184e-01;7.314064e-02;4.183024e-02;5.526890e-02
4.310663e-02;3.279363e-02;4.669141e-02;2.284025e-02;9.414735e-02;1.606640e-01;7.174862e-02;1.570952e-01;1.997696e-01;9.073340e-02;2.876394e-02;5.164591e-02
3.518774e-02;8.396297e-02;7.613420e-02;3.330200e-02;4.812885e-02;1.955862e-01;4.406710e-02;1.273185e-01;2.243917e-01;7.787378e-02;2.017584e-02;3.387105e-02
2.573035e-02;6.557082e-02;6.656035e-02;2.981855e-02;1.360955e-02;1.731292e-01;3.614068e-02;2.518232e-01;2.376872e-01;5.367184e-02;1.938812e-02;2.687015e-02
1.440707e-02;3.098683e-02;3.925803e-02;2.357911e-02;1.592936e-02;1.694404e-01;3.958951e-02;3.696733e-01;2.151387e-01;4.040185e-02;2.012069e-02;2.147513e-02
1.272804e-02;2.090140e-02;3.030359e-02;2.200413e-02;3.393225e-02;1.728223e-01;4.318329e-02;4.438896e-01;1.459099e-01;3.197250e-02;2.645221e-02;1.590081e-02
1.738652e-02;3.201206e-02;2.126981e-02;2.777882e-02;5.580652e-02;1.612384e-01;4.075696e-02;4.591610e-01;8.419759e-02;3.427234e-02;4.119692e-02;2.492310e-02
2.718081e-02;6.930753e-02;5.862906e-02;2.571329e-02;4.673997e-02;1.707503e-01;2.166645e-02;3.117357e-01;1.537433e-01;4.332753e-02;4.660185e-02;2.460427e-02
4.524405e-02;7.140870e-02;8.297098e-02;4.648982e-02;5.108646e-02;2.015206e-01;5.275876e-02;2.022879e-01;1.145801e-01;5.098037e-02;5.380325e-02;2.686884e-02
1.569080e-02;7.961178e-02;1.364816e-01;6.327486e-02;1.029000e-01;1.519041e-01;6.581880e-02;1.653953e-01;1.166604e-01;3.752990e-02;2.740308e-02;3.732936e-02
1.891222e-02;1.347125e-01;1.672487e-01;1.041383e-01;1.755718e-01;9.920129e-02;1.038108e-01;8.749764e-02;4.539729e-02;2.109972e-02;1.798430e-02;2.442551e-02
1.216278e-02;1.332444e-01;1.988999e-01;1.279519e-01;1.784257e-01;6.328929e-02;1.036031e-01;1.023529e-01;3.320473e-02;1.150061e-02;1.788377e-02;1.748092e-02
6.526017e-03;1.041041e-01;2.274785e-01;1.331229e-01;1.564025e-01;7.626971e-02;8.866635e-02;1.376020e-01;2.698444e-02;8.753543e-03;2.010692e-02;1.398307e-02
8.813888e-03;8.736201e-02;2.008261e-01;1.213739e-01;1.408079e-01;6.230663e-02;1.336095e-01;1.689634e-01;2.954100e-02;4.699443e-03;3.011321e-02;1.158297e-02
7.889722e-03;1.134367e-01;1.089165e-01;7.860465e-02;1.437591e-01;3.173949e-02;2.473255e-01;1.725854e-01;3.690807e-02;8.771678e-03;4.675340e-02;3.309773e-03
7.195910e-03;1.443730e-01;4.070429e-02;3.316116e-02;1.299712e-01;3.344947e-02;3.598686e-01;1.264382e-01;5.448221e-02;8.615049e-03;5.813583e-02;3.604975e-03
7.650634e-03;1.517894e-01;5.336563e-02;1.972403e-02;9.290729e-02;5.794476e-02;3.879752e-01;7.781869e-02;7.309411e-02;1.157828e-02;6.187151e-02;4.280554e-03
8.703450e-03;1.646023e-01;5.441747e-02;1.608082e-02;8.659130e-02;4.185918e-02;3.659522e-01;1.046162e-01;7.697999e-02;8.538656e-03;6.592034e-02;5.738069e-03
1.267041e-02;2.061158e-01;4.426197e-02;1.145155e-02;8.955298e-02;4.386790e-02;3.286999e-01;9.708487e-02;6.426480e-02;1.060066e-02;8.559087e-02;5.838296e-03
2.253493e-02;2.442415e-01;6.789189e-02;1.013442e-02;8.078361e-02;5.355727e-02;2.451607e-01;9.110875e-02;7.897426e-02;1.141312e-02;8.900319e-02;5.196310e-03
3.241790e-02;2.592159e-01;8.798496e-02;1.501497e-02;6.650001e-02;7.075790e-02;1.703476e-01;9.820499e-02;8.800033e-02;1.594427e-02;8.276959e-02;1.284153e-02
3.956592e-02;2.300393e-01;1.066306e-01;4.041173e-02;5.164620e-02;8.300268e-02;1.079011e-01;1.241069e-01;8.949894e-02;3.725888e-02;6.849856e-02;2.143915e-02
3.361159e-02;1.696982e-01;8.109465e-02;4.287569e-02;5.445077e-02;1.386368e-01;8.297152e-02;2.042592e-01;6.771757e-02;5.793064e-02;4.656658e-02;2.018669e-02
3.760757e-02;9.510167e-02;6.250532e-02;7.510106e-02;3.093196e-02;2.402070e-01;7.716152e-02;2.486309e-01;5.808735e-02;4.243027e-02;2.022113e-02;1.201425e-02
4.362231e-02;5.883832e-02;7.658412e-02;1.345654e-01;2.174375e-02;3.010707e-01;6.100956e-02;2.084834e-01;3.329489e-02;2.985766e-02;1.995336e-02;1.097645e-02
5.053409e-02;4.331660e-02;5.704187e-02;1.721382e-01;3.792645e-02;3.629424e-01;4.947205e-02;1.350638e-01;3.686697e-02;2.859407e-02;1.307336e-02;1.303012e-02
7.393993e-02;8.110908e-02;5.287053e-02;1.527973e-01;5.574552e-02;3.577756e-01;5.313502e-02;8.416611e-02;4.585459e-02;3.082487e-02;5.800533e-03;5.980936e-03
9.191246e-02;1.208712e-01;1.000546e-01;9.501104e-02;4.887516e-02;3.282971e-01;3.999738e-02;8.325128e-02;4.435233e-02;2.804886e-02;3.021827e-03;1.630682e-02
8.891684e-02;1.303315e-01;1.221878e-01;6.062314e-02;3.761642e-02;3.409392e-01;2.384102e-02;1.059130e-01;3.824598e-02;2.528048e-02;7.872789e-03;1.823191e-02
7.450581e-02;1.015069e-01;9.160314e-02;7.511804e-02;4.620103e-02;3.847030e-01;3.925703e-02;1.122824e-01;2.971125e-02;2.248046e-02;8.319197e-03;1.431163e-02
6.809919e-02;9.109207e-02;9.818720e-02;9.268951e-02;3.670849e-02;3.936750e-01;5.592755e-02;8.525609e-02;4.434480e-02;1.791068e-02;4.583281e-03;1.152613e-02
6.976877e-02;4.593590e-02;8.455195e-02;6.670699e-02;4.276468e-02;4.651601e-01;5.095948e-02;9.733322e-02;3.715864e-02;1.517131e-02;9.275442e-03;1.521347e-02
5.851145e-02;5.748279e-02;9.233832e-02;2.517174e-02;3.053826e-02;4.889067e-01;5.412013e-02;1.070667e-01;4.118478e-02;1.623200e-02;1.095854e-02;1.748854e-02
5.352563e-02;5.139619e-02;9.566939e-02;1.457892e-02;1.876809e-02;4.870107e-01;6.896745e-02;1.397750e-01;2.513337e-02;1.981020e-02;9.306136e-03;1.605889e-02
3.984483e-02;7.117062e-02;1.139119e-01;2.885895e-02;3.755267e-02;4.052224e-01;5.944293e-02;1.586613e-01;3.920547e-02;2.036746e-02;1.313419e-02;1.262713e-02
2.533601e-02;5.954412e-02;1.380903e-01;2.380402e-02;5.631777e-02;3.857056e-01;5.656417e-02;1.389185e-01;4.713704e-02;2.110570e-02;2.282488e-02;2.465185e-02
2.763655e-02;5.866303e-02;1.300940e-01;2.716202e-02;5.675720e-02;3.853783e-01;5.570774e-02;1.194244e-01;4.925107e-02;2.854973e-02;3.001303e-02;3.136289e-02
2.322491e-02;7.249162e-02;1.063688e-01;2.792962e-02;7.157422e-02;3.151413e-01;7.378976e-02;1.302924e-01;8.819901e-02;2.533296e-02;3.216432e-02;3.349105e-02
1.765837e-02;9.151415e-02;1.174512e-01;3.943485e-02;7.690165e-02;2.603548e-01;8.427574e-02;1.552522e-01;8.354148e-02;1.878652e-02;3.071642e-02;2.411256e-02
1.409538e-02;1.021168e-01;1.090279e-01;3.531225e-02;6.271344e-02;3.321982e-01;6.973518e-02;1.546448e-01;4.769731e-02;2.000259e-02;4.085667e-02;1.159944e-02
2.626821e-02;1.128100e-01;9.729990e-02;3.875813e-02;4.734331e-02;3.270017e-01;6.468819e-02;8.968945e-02;9.982407e-02;1.753013e-02;5.190839e-02;2.687857e-02
2.381529e-02;1.310738e-01;6.210294e-02;4.533209e-02;6.835508e-02;2.974150e-01;8.045934e-02;7.059450e-02;9.949985e-02;2.374432e-02;5.515721e-02;4.245064e-02
