1.540695e-01;1.322904e-01;2.099280e-01;5.674813e-02;5.732993e-02;3.748736e-02;9.761615e-02;3.005794e-02;7.733151e-02;3.930476e-02;4.663692e-02;6.119948e-02
1.814072e-01;1.165941e-01;1.673604e-01;5.191932e-02;6.165766e-02;3.316033e-02;1.257248e-01;2.627006e-02;6.676566e-02;4.213511e-02;5.638824e-02;7.061713e-02
1.732631e-01;8.511780e-02;1.155226e-01;6.979939e-02;5.385603e-02;2.354942e-02;1.602143e-01;2.885357e-02;9.553567e-02;5.779259e-02;6.914222e-02;6.735336e-02
1.237411e-01;4.436810e-02;1.280041e-01;9.770905e-02;5.169675e-02;1.849273e-02;1.458742e-01;4.357167e-02;1.547160e-01;8.313818e-02;6.173470e-02;4.695332e-02
8.984805e-02;5.502780e-02;7.254229e-02;9.401930e-02;9.219658e-02;1.934592e-02;9.354521e-02;4.185572e-02;1.607746e-01;1.718308e-01;7.678565e-02;3.222813e-02
5.792371e-02;7.758535e-02;3.859779e-02;5.617195e-02;1.244528e-01;3.276123e-02;7.006484e-02;5.404967e-02;1.083489e-01;2.396308e-01;1.147409e-01;2.567210e-02
2.940968e-02;7.554796e-02;5.132548e-02;2.229632e-02;1.315220e-01;5.500550e-02;7.858686e-02;6.700715e-02;5.262757e-02;2.194689e-01;1.871497e-01;3.005296e-02
3.520674e-02;4.734353e-02;1.124868e-01;3.623572e-02;1.179427e-01;9.243015e-02;5.878534e-02;4.394222e-02;2.997885e-02;1.391222e-01;2.173886e-01;6.913718e-02
8.890902e-02;3.767531e-02;1.423527e-01;8.606528e-02;7.728507e-02;7.611406e-02;6.988362e-02;2.864570e-02;1.883699e-02;7.028218e-02;1.607699e-01;1.431802e-01
1.358030e-01;3.497836e-02;1.313124e-01;1.386342e-01;4.067557e-02;4.200671e-02;9.896144e-02;3.944413e-02;2.387278e-02;4.126383e-02;7.277896e-02;2.002685e-01
1.362212e-01;2.084127e-02;1.377400e-01;1.487691e-01;2.979022e-02;3.818985e-02;9.303131e-02;4.282067e-02;3.073933e-02;3.784255e-02;1.028706e-01;1.811439e-01
1.510459e-01;3.654113e-02;1.484572e-01;1.132283e-01;6.615905e-02;5.062556e-02;1.039659e-01;3.444855e-02;2.791756e-02;4.099460e-02;1.015652e-01;1.250511e-01
1.442431e-01;4.532513e-02;1.196162e-01;5.959796e-02;9.533339e-02;4.638574e-02;1.061029e-01;6.211342e-02;4.986342e-02;7.784714e-02;7.732593e-02;1.162456e-01
1.009100e-01;4.845866e-02;5.292147e-02;1.135559e-01;1.211241e-01;6.450523e-02;8.155625e-02;4.410592e-02;5.668166e-02;7.400986e-02;5.464819e-02;1.875229e-01
6.016789e-02;2.809981e-02;6.884497e-02;6.364201e-02;7.190940e-02;7.502165e-02;1.073896e-01;9.787853e-02;8.981558e-02;1.108072e-01;6.703807e-02;1.593853e-01
8.468440e-02;5.417294e-02;3.847468e-02;2.944371e-02;4.902266e-02;7.345171e-02;8.067735e-02;1.327059e-01;1.532452e-01;1.211636e-01;7.276435e-02;1.101935e-01
1.098783e-01;7.298898e-02;7.535776e-02;3.651553e-02;5.212216e-02;6.359505e-02;5.474590e-02;1.167284e-01;1.432173e-01;9.462381e-02;9.386130e-02;8.636556e-02
8.282439e-02;6.295131e-02;1.919037e-01;3.962972e-02;6.883167e-02;5.778341e-02;8.947165e-02;7.342120e-02;1.133448e-01;8.683757e-02;8.131237e-02;5.168820e-02
1.095794e-01;7.144726e-02;2.499953e-01;4.303031e-02;5.973506e-02;4.369325e-02;1.366600e-01;6.328985e-02;7.386548e-02;6.076272e-02;4.144339e-02;4.649800e-02
1.635960e-01;7.073160e-02;2.107584e-01;3.731868e-02;3.932162e-02;3.563392e-02;1.396926e-01;6.703199e-02;7.364235e-02;5.791818e-02;3.776606e-02;6.658866e-02
1.790635e-01;5.694704e-02;1.257639e-01;4.176532e-02;2.814020e-02;3.273807e-02;1.584191e-01;7.240445e-02;7.341597e-02;5.870387e-02;5.425479e-02;1.183838e-01
1.301459e-01;2.639762e-02;6.244170e-02;4.196760e-02;2.986151e-02;5.864868e-02;1.565075e-01;7.111872e-02;9.761167e-02;5.523092e-02;1.146095e-01;1.554587e-01
8.147614e-02;1.763775e-02;7.597303e-02;2.254559e-02;3.167193e-02;1.048727e-01;8.614497e-02;5.146320e-02;1.253535e-01;8.841713e-02;1.950650e-01;1.193792e-01
4.329241e-02;1.163930e-02;1.025919e-01;1.058146e-02;2.220641e-02;1.422587e-01;3.782417e-02;2.372730e-02;1.243754e-01;1.366474e-01;2.638794e-01;8.097613e-02
7.181115e-02;1.211647e-02;1.162132e-01;1.157757e-02;2.540572e-02;1.227537e-01;7.254736e-02;2.191407e-02;1.173518e-01;1.308763e-01;2.282527e-01;6.917991e-02
1.067485e-01;3.272118e-02;1.280218e-01;2.126237e-02;3.972194e-02;9.230176e-02;9.122197e-02;3.554516e-02;1.143114e-01;1.037645e-01;1.549258e-01;7.945355e-02
1.211253e-01;3.962648e-02;1.374305e-01;3.616174e-02;4.968235e-02;7.259285e-02;7.736734e-02;4.011700e-02;1.233213e-01;1.166614e-01;1.081815e-01;7.773226e-02
1.239977e-01;6.085570e-02;1.271651e-01;3.586384e-02;3.994914e-02;3.212729e-02;9.806591e-02;4.893830e-02;1.335577e-01;1.558634e-01;8.581278e-02;5.780318e-02
1.130324e-01;4.329923e-02;1.353725e-01;3.468027e-02;4.023619e-02;6.187775e-02;9.461445e-02;4.277807e-02;1.076642e-01;1.575383e-01;1.012221e-01;6.768446e-02
1.391504e-01;6.127012e-02;1.689494e-01;2.780262e-02;3.797419e-02;5.949358e-02;7.900226e-02;6.519595e-02;1.332712e-01;8.491344e-02;7.484940e-02;6.812748e-02
1.175507e-01;1.023063e-01;2.914606e-01;3.486808e-02;2.705904e-02;3.982885e-02;4.505296e-02;6.658825e-02;1.564444e-01;4.719044e-02;3.233638e-02;3.931409e-02
5.222935e-02;9.477686e-02;4.426498e-01;4.982615e-02;3.100778e-02;2.573249e-02;3.283883e-02;5.132871e-02;1.259077e-01;6.305677e-02;1.200762e-02;1.863796e-02
1.633134e-02;5.074975e-02;5.208341e-01;6.890425e-02;5.374426e-02;2.266896e-02;5.279961e-02;3.489758e-02;6.252964e-02;8.433419e-02;2.392922e-02;8.277036e-03
1.746220e-02;1.813430e-02;4.583251e-01;1.150415e-01;7.610904e-02;3.894470e-02;4.973265e-02;4.728030e-02;4.511379e-02;5.687632e-02;6.633350e-02;1.064658e-02
1.004300e-02;1.719189e-02;3.186075e-01;1.642197e-01;1.299268e-01;5.706134e-02;2.971781e-02;7.784406e-02;3.107876e-02;2.448623e-02;1.069973e-01;3.282562e-02
5.529815e-03;2.122076e-02;1.917849e-01;1.442670e-01;2.228421e-01;6.273139e-02;6.053137e-02;6.704512e-02;2.781900e-02;2.601005e-02;8.655594e-02;8.366264e-02
8.409232e-03;1.243150e-02;1.503793e-01;8.253928e-02;3.117465e-01;6.506017e-02;7.844705e-02;7.735215e-02;3.551442e-02;2.055230e-02;2.259671e-02;1.349714e-01
7.092995e-03;8.365410e-03;1.102663e-01;1.027752e-01;3.648077e-01;7.031877e-02;6.664950e-02;5.595911e-02;4.472291e-02;9.776296e-03;1.699669e-02;1.422691e-01
4.960718e-03;2.831732e-03;7.475886e-02;1.472623e-01;4.139432e-01;7.035806e-02;6.326630e-02;1.800501e-02;4.400053e-02;5.514697e-03;1.015473e-02;1.449439e-01
5.221889e-03;5.004241e-03;9.137257e-02;1.554885e-01;4.165562e-01;6.370366e-02;4.111117e-02;3.941615e-03;4.101773e-02;3.531194e-03;9.127074e-03;1.639242e-01
4.611820e-03;9.508165e-03;1.161864e-01;1.350198e-01;3.718373e-01;5.593555e-02;2.883208e-02;4.682556e-03;2.892547e-02;6.845078e-03;4.274609e-02;1.948697e-01
7.347583e-03;1.057541e-02;1.525870e-01;1.517542e-01;2.727545e-01;4.226369e-02;2.725556e-02;7.408462e-03;1.572588e-02;1.398362e-02;1.210915e-01;1.772526e-01
4.122821e-03;7.897745e-03;2.203087e-01;2.040264e-01;1.631292e-01;2.444276e-02;1.682525e-02;9.674420e-03;8.728222e-03;1.829826e-02;2.002009e-01;1.223454e-01
4.178063e-03;1.041620e-02;3.576508e-01;2.069242e-01;8.907637e-02;1.501043e-02;6.923697e-03;8.057619e-03;7.685811e-03;3.416767e-02;1.920934e-01;6.781573e-02
9.391850e-03;3.083505e-02;5.129430e-01;1.514089e-01;4.954872e-02;9.191048e-03;8.569746e-03;4.138749e-03;1.985625e-02;6.739841e-02;1.008639e-01;3.585434e-02
2.685881e-02;8.413642e-02;5.406049e-01;9.027179e-02;3.693452e-02;1.058537e-02;1.576704e-02;5.424738e-03;4.506816e-02;7.760087e-02;4.287144e-02;2.387594e-02
8.343108e-02;1.566811e-01;4.333155e-01;6.088718e-02;2.765546e-02;1.196917e-02;1.045219e-02;1.816332e-02;8.655210e-02;5.863505e-02;3.023464e-02;2.202318e-02
2.012743e-01;1.606884e-01;2.918071e-01;3.287873e-02;2.837228e-02;1.116985e-02;2.530813e-02;5.304918e-02;9.182914e-02;3.692529e-02;2.807371e-02;3.862397e-02
2.767877e-01;8.788704e-02;2.397135e-01;2.855752e-02;3.399229e-02;1.320807e-02;4.082332e-02;6.552013e-02;7.508159e-02;3.482676e-02;3.499291e-02;6.860914e-02
2.325727e-01;3.985700e-02;1.524820e-01;4.651478e-02;3.117316e-02;1.639748e-02;7.183716e-02;4.897772e-02;9.084634e-02;7.732408e-02;5.510662e-02;1.369110e-01
2.297531e-01;3.791193e-02;5.071090e-02;7.252351e-02;2.401783e-02;2.483574e-02;1.019755e-01;5.977619e-02;5.822017e-02;1.106395e-01;5.633553e-02;1.733001e-01
2.705667e-01;2.937801e-02;1.121055e-01;6.235169e-02;2.171575e-02;1.924669e-02;1.035515e-01;6.868651e-02;4.163578e-02;8.679599e-02;4.697482e-02;1.369912e-01
3.324106e-01;4.505909e-02;1.230972e-01;4.027979e-02;3.187674e-02;1.547754e-02;7.941308e-02;9.685235e-02;5.335825e-02;5.044741e-02;3.809899e-02;9.362892e-02
3.524700e-01;7.589436e-02;1.759227e-01;1.924277e-02;5.784845e-02;7.690708e-03;5.411438e-02;1.023602e-01;4.355090e-02;2.210991e-02;3.626268e-02;5.253299e-02
1.921981e-01;1.264682e-01;3.235459e-01;2.814256e-02;6.707107e-02;1.477440e-02;2.413211e-02;4.357933e-02;7.637405e-02;4.364570e-02;3.522188e-02;2.484663e-02
3.010203e-02;1.044377e-01;4.765639e-01;5.616179e-02;5.086607e-02;1.960696e-02;3.559836e-02;1.201346e-02;7.298978e-02;7.993404e-02;4.456804e-02;1.715788e-02
2.711053e-02;6.440109e-02;4.852138e-01;9.667914e-02;4.482182e-02;1.275245e-02;2.487486e-02;1.207743e-02;4.009012e-02;8.649199e-02;9.569199e-02;9.794842e-03
1.477927e-02;2.613274e-02;3.946835e-01;1.463208e-01;6.836478e-02;1.616846e-02;1.016358e-02;9.953398e-03;1.503922e-02;6.300975e-02;2.031803e-01;3.220410e-02
3.810546e-03;1.275728e-02;2.438732e-01;1.489552e-01;1.229288e-01;2.862348e-02;1.357245e-02;1.104646e-02;9.442047e-03;2.721784e-02;2.782344e-01;9.953823e-02
1.122386e-02;1.256139e-02;1.405884e-01;9.930470e-02;1.761625e-01;4.750238e-02;4.260779e-02;7.759835e-03;1.013423e-02;1.721304e-02;2.336849e-01;2.012570e-01
3.333731e-02;1.501602e-02;1.458253e-01;5.705556e-02;1.982068e-01;6.106240e-02;7.140493e-02;7.441300e-03;1.837388e-02;1.298504e-02;1.229405e-01;2.563509e-01
5.093912e-02;2.013900e-02;1.977035e-01;4.422458e-02;2.134147e-01;6.557162e-02;8.897150e-02;1.107556e-02;2.217015e-02;1.476962e-02;3.689757e-02;2.341231e-01
2.729619e-02;1.324950e-02;2.145889e-01;6.649179e-02;2.607798e-01;8.484796e-02;9.459692e-02;1.104662e-02;1.476409e-02;1.360773e-02;1.812042e-02;1.806102e-01
1.704726e-02;6.040921e-03;1.974752e-01;7.733117e-02;3.126313e-01;9.510926e-02;6.459276e-02;1.094997e-02;1.476073e-02;1.128958e-02;2.713853e-02;1.656333e-01
2.497403e-02;1.165610e-02;2.137019e-01;9.342394e-02;2.921914e-01;1.062432e-01;5.328649e-02;1.903335e-02;2.229204e-02;1.306103e-02;1.845456e-02;1.316820e-01
1.260329e-02;1.353180e-02;1.663900e-01;1.015457e-01;3.274317e-01;1.221409e-01;1.013648e-01;2.901272e-02;2.243099e-02;1.475624e-02;2.842372e-02;6.036815e-02
6.412663e-03;7.383402e-03;5.052197e-02;9.446651e-02;3.877025e-01;1.552868e-01;1.373500e-01;1.646836e-02;3.419118e-02;1.337574e-02;2.579530e-02;7.104555e-02
8.542150e-03;4.903283e-03;4.280866e-02;8.282150e-02;4.076185e-01;1.521710e-01;1.169134e-01;6.054988e-03;6.217620e-02;8.359651e-03;1.197332e-02;9.565741e-02
8.348538e-03;5.452762e-03;8.685870e-02;9.669911e-02;3.809795e-01;9.895414e-02;7.484401e-02;9.997362e-03;1.026912e-01;1.461404e-02;8.887162e-03;1.116736e-01
1.029648e-02;1.298320e-02;1.765990e-01;1.210114e-01;2.401195e-01;5.976412e-02;9.493738e-02;3.080684e-02;1.051514e-01;3.234191e-02;2.879184e-02;8.719699e-02
1.737495e-02;1.573474e-02;2.897651e-01;1.072937e-01;1.116010e-01;5.214310e-02;1.140762e-01;4.601775e-02;9.086964e-02;5.123298e-02;4.452808e-02;5.936283e-02
2.987301e-02;3.860208e-02;4.238266e-01;8.112170e-02;4.403619e-02;4.465168e-02;6.695691e-02;4.432316e-02;7.460366e-02;6.570434e-02;3.696208e-02;4.933868e-02
4.022657e-02;4.995798e-02;3.555422e-01;7.348882e-02;3.642712e-02;3.065734e-02;7.295445e-02;5.006387e-02;1.092260e-01;6.663272e-02;5.498069e-02;5.984230e-02
2.754436e-02;3.859670e-02;4.273585e-01;5.860589e-02;3.453494e-02;2.540856e-02;1.125830e-01;3.483332e-02;7.512882e-02;8.314124e-02;4.444817e-02;3.781657e-02
3.227891e-02;3.712028e-02;4.927592e-01;4.827846e-02;3.166918e-02;1.956701e-02;1.167146e-01;2.251387e-02;4.575790e-02;1.158043e-01;2.195921e-02;1.557706e-02
3.704087e-02;7.117058e-02;4.974267e-01;3.175675e-02;2.160266e-02;2.351785e-02;8.810917e-02;2.315535e-02;5.470672e-02;1.224781e-01;8.779104e-03;2.025623e-02
5.634771e-02;1.120128e-01;4.120722e-01;2.277054e-02;2.333778e-02;4.637459e-02;3.720930e-02;3.470627e-02;1.026298e-01;9.712780e-02;1.943128e-02;3.597989e-02
9.154096e-02;1.091663e-01;2.757102e-01;2.435942e-02;3.608885e-02;5.550650e-02;3.173710e-02;5.715775e-02;1.375514e-01;8.639587e-02;4.853454e-02;4.625114e-02
9.574835e-02;6.901301e-02;1.818452e-01;2.659176e-02;4.038030e-02;4.267115e-02;4.432124e-02;7.101952e-02;1.431529e-01;1.150041e-01;1.017457e-01;6.850673e-02
7.429887e-02;4.746781e-02;1.363920e-01;3.384626e-02;2.723793e-02;3.431903e-02;6.989415e-02;4.567989e-02;1.324732e-01;1.550694e-01;1.560912e-01;8.723027e-02
5.859902e-02;3.661594e-02;1.110672e-01;3.556763e-02;3.012511e-02;3.815469e-02;5.393108e-02;6.098102e-02;9.969938e-02;2.395742e-01;1.664061e-01;6.927866e-02
3.535990e-02;2.048635e-02;8.762848e-02;3.960571e-02;3.966697e-02;4.188287e-02;6.767280e-02;7.890124e-02;1.206207e-01;2.295937e-01;1.580798e-01;8.050150e-02
3.910568e-02;1.755734e-02;6.689879e-02;3.425430e-02;4.686430e-02;4.349130e-02;7.564493e-02;7.783711e-02;1.968476e-01;1.680916e-01;1.340158e-01;9.939121e-02
8.501985e-02;3.068662e-02;7.214928e-02;2.801033e-02;3.686678e-02;3.658789e-02;5.247256e-02;1.050305e-01;1.903201e-01;1.703945e-01;9.087764e-02;1.015840e-01
1.500990e-01;3.868177e-02;8.482689e-02;2.199644e-02;2.178978e-02;3.383272e-02;5.843094e-02;8.453309e-02;1.268894e-01;1.950845e-01;5.907232e-02;1.247631e-01
2.060519e-01;4.453165e-02;8.822659e-02;3.067233e-02;8.302445e-03;2.927663e-02;7.356203e-02;5.609211e-02;7.033162e-02;1.995844e-01;4.643039e-02;1.469379e-01
1.931355e-01;5.029730e-02;8.030406e-02;3.302005e-02;9.697679e-03;3.095786e-02;9.853964e-02;5.361774e-02;8.177564e-02;1.468561e-01;5.793900e-02;1.638593e-01
1.581174e-01;5.764620e-02;9.041081e-02;3.043478e-02;1.658013e-02;3.303766e-02;1.064323e-01;4.911626e-02;9.248225e-02;1.009262e-01;9.588028e-02;1.689357e-01
1.374942e-01;5.150386e-02;1.230341e-01;2.481625e-02;2.919377e-02;3.477473e-02;1.113823e-01;3.820647e-02;1.182438e-01;9.265654e-02;1.070438e-01;1.316502e-01
1.639509e-01;5.003692e-02;1.205950e-01;2.830797e-02;3.206347e-02;3.496358e-02;1.094256e-01;5.762123e-02;1.289229e-01;1.021640e-01;8.302142e-02;8.892705e-02
1.468397e-01;6.479472e-02;7.069761e-02;5.940306e-02;4.044410e-02;1.860576e-02;1.415309e-01;8.241628e-02;1.149264e-01;1.148129e-01;9.212826e-02;5.340036e-02
9.983832e-02;5.072286e-02;8.850156e-02;5.803859e-02;2.642688e-02;3.358077e-02;1.340368e-01;7.745506e-02;1.137550e-01;1.218223e-01;7.088689e-02;1.249350e-01
6.967189e-02;6.754708e-02;1.131781e-01;5.876843e-02;6.966805e-02;7.496059e-02;1.394543e-01;7.083135e-02;7.381228e-02;1.027014e-01;6.012832e-02;9.927819e-02
6.864347e-02;4.562707e-02;9.719757e-02;7.240848e-02;8.869555e-02;9.986910e-02;1.772798e-01;5.596846e-02;5.541620e-02;1.038272e-01;7.303796e-02;6.202914e-02
8.308036e-02;5.425598e-02;1.745193e-01;7.727255e-02;9.063608e-02;7.828589e-02;1.571012e-01;4.852589e-02;3.511404e-02;6.844671e-02;8.356616e-02;4.919583e-02
6.479102e-02;7.910296e-02;3.125459e-01;8.223860e-02;6.576992e-02;4.131458e-02;1.225031e-01;3.490676e-02;2.688164e-02;6.169063e-02;7.491644e-02;3.333847e-02
6.155128e-02;6.571592e-02;4.328573e-01;6.514863e-02;3.778179e-02;1.886646e-02;1.063364e-01;2.099202e-02;2.296340e-02;9.579472e-02;4.288594e-02;2.910617e-02
4.539488e-02;4.204187e-02;5.319918e-01;6.141716e-02;2.207596e-02;8.355330e-03;1.045839e-01;8.950141e-03;1.038731e-02;1.262204e-01;1.980577e-02;1.877549e-02
4.011288e-02;6.872911e-02;5.279253e-01;5.972981e-02;2.300550e-02;1.093835e-02;8.663354e-02;7.951350e-03;2.784888e-02;1.247484e-01;1.155700e-02;1.081984e-02
2.631039e-02;9.688797e-02;4.885578e-01;5.874361e-02;2.623316e-02;3.265464e-02;7.710887e-02;8.792860e-03;5.989226e-02;1.051097e-01;9.882548e-03;9.826254e-03
3.350160e-02;1.398563e-01;3.973674e-01;4.610277e-02;2.243484e-02;8.063591e-02;5.629701e-02;1.189279e-02;1.260072e-01;6.402494e-02;6.289823e-03;1.558936e-02
4.879127e-02;1.901706e-01;3.305992e-01;2.636331e-02;1.131123e-02;1.084751e-01;2.606836e-02;7.799340e-03;2.084879e-01;2.088555e-02;4.736091e-03;1.631204e-02
6.246368e-02;1.985248e-01;3.127986e-01;1.529977e-02;5.962790e-03;9.379669e-02;1.643459e-02;3.987283e-03;2.504643e-01;2.337693e-02;5.235997e-03;1.165467e-02
8.742874e-02;1.955092e-01;2.733181e-01;1.073345e-02;1.158031e-02;6.331166e-02;1.423713e-02;1.807095e-02;2.420861e-01;5.895551e-02;1.342716e-02;1.134172e-02
1.968345e-01;1.807947e-01;1.961948e-01;1.238708e-02;3.331750e-02;2.876520e-02;2.883107e-02;4.785876e-02;1.383513e-01;5.708949e-02;5.125986e-02;2.831570e-02
3.142768e-01;1.890365e-01;1.327490e-01;8.598139e-03;3.987543e-02;1.442432e-02;5.654642e-02;6.169524e-02;4.390626e-02;2.537131e-02;6.810156e-02;4.541907e-02
4.021827e-01;1.831737e-01;1.045428e-01;6.682974e-03;3.569896e-02;1.221462e-02;5.489298e-02;6.229002e-02;3.048092e-02;9.453700e-03;4.978221e-02;4.860438e-02
4.860610e-01;1.293264e-01;7.384200e-02;1.266050e-02;2.865974e-02;1.709201e-02;4.895986e-02;6.646519e-02;2.813219e-02;1.584607e-02;2.646667e-02;6.648839e-02
4.840510e-01;6.929364e-02;4.424939e-02;2.821988e-02;1.718371e-02;2.593449e-02;7.899173e-02;4.214401e-02;2.688662e-02;4.000205e-02;2.144001e-02;1.216035e-01
3.643489e-01;6.516406e-02;3.926568e-02;3.774412e-02;1.111073e-02;3.665300e-02;1.255336e-01;3.905925e-02;3.411111e-02;4.563322e-02;4.794374e-02;1.534326e-01
2.668665e-01;6.870403e-02;7.625080e-02;3.404976e-02;1.660286e-02;4.647712e-02;1.368811e-01;4.052874e-02;4.097621e-02;4.048957e-02;7.621080e-02;1.559625e-01
2.279752e-01;5.433466e-02;7.866749e-02;3.490030e-02;3.535704e-02;5.667497e-02;1.176083e-01;4.602857e-02;4.369805e-02;6.197390e-02;9.393482e-02;1.488467e-01
2.491166e-01;6.324420e-02;5.638954e-02;5.453851e-02;4.341687e-02;8.901937e-02;1.027117e-01;7.251371e-02;4.672099e-02;7.281135e-02;5.496909e-02;9.454816e-02
1.982392e-01;8.757104e-02;9.219843e-02;7.907527e-02;4.749785e-02;8.512629e-02;8.950412e-02;7.000279e-02;5.286836e-02;6.399414e-02;5.556818e-02;7.835442e-02
1.422728e-01;8.723886e-02;1.075158e-01;9.220769e-02;5.147962e-02;5.228524e-02;1.085037e-01;6.910168e-02;7.353032e-02;5.671914e-02;8.355533e-02;7.558981e-02
9.948198e-02;5.532458e-02;8.540604e-02;5.400580e-02;8.688258e-02;7.233941e-02;1.539639e-01;7.845084e-02;4.480908e-02;6.835876e-02;9.581340e-02;1.051636e-01
1.009601e-01;4.912677e-02;7.668598e-02;5.036582e-02;8.540807e-02;7.631519e-02;1.667766e-01;7.561568e-02;8.546799e-02;6.646184e-02;7.687940e-02;8.993651e-02
8.463362e-02;7.744429e-02;6.915991e-02;6.841037e-02;7.785154e-02;7.864770e-02;1.499264e-01;7.302607e-02;1.378538e-01;7.393607e-02;6.471961e-02;4.439062e-02
1.062016e-01;7.650372e-02;6.957082e-02;7.118914e-02;8.394218e-02;5.051210e-02;1.356157e-01;6.508329e-02;1.372195e-01;6.784367e-02;7.805974e-02;5.825851e-02
9.652041e-02;6.893240e-02;1.118028e-01;4.162914e-02;7.382780e-02;5.010051e-02;1.318101e-01;3.592139e-02;1.088405e-01;7.916026e-02;1.356656e-01;6.578913e-02
9.153211e-02;6.190479e-02;1.136160e-01;4.820698e-02;4.615223e-02;5.980326e-02;1.913989e-01;6.979936e-02;8.831673e-02;8.214560e-02;5.410220e-02;9.302173e-02
1.260590e-01;6.521521e-02;9.766856e-02;5.216407e-02;6.248421e-02;8.261789e-02;1.690964e-01;6.164277e-02;7.341930e-02;5.939593e-02;5.498616e-02;9.525054e-02
1.535305e-01;6.782517e-02;7.435135e-02;5.442274e-02;9.544265e-02;1.442059e-01;1.305865e-01;4.756207e-02;5.862089e-02;4.111994e-02;3.882754e-02;9.350475e-02
1.595636e-01;4.854400e-02;4.224789e-02;3.909392e-02;1.155722e-01;2.770512e-01;1.449010e-01;4.315136e-02;3.253452e-02;2.280245e-02;1.202654e-02;6.251137e-02
1.080301e-01;1.798119e-02;2.134880e-02;1.911921e-02;7.425519e-02;3.319691e-01;3.128825e-01;6.025619e-02;1.174022e-02;2.259595e-02;9.466883e-03;1.035474e-02
6.578016e-02;2.051973e-02;1.488043e-02;2.073780e-02;4.301478e-02;2.502531e-01;4.410664e-01;8.120107e-02;2.094314e-02;1.804786e-02;1.455324e-02;9.002171e-03
5.903716e-02;2.783260e-02;2.844615e-02;2.277977e-02;5.428268e-02;1.705683e-01;4.204176e-01;9.560021e-02;4.217561e-02;4.789280e-02;2.093277e-02;1.003442e-02
6.588778e-02;2.300965e-02;6.164910e-02;3.264272e-02;1.073925e-01;1.682264e-01;2.547311e-01;7.862171e-02;5.890754e-02;9.200960e-02;3.785331e-02;1.906851e-02
3.895690e-02;1.495775e-02;5.712313e-02;3.428559e-02;1.885477e-01;1.694108e-01;3.089636e-01;4.182105e-02;3.574492e-02;5.565562e-02;3.074000e-02;2.379300e-02
7.441115e-02;1.539305e-02;2.576206e-02;2.059054e-02;2.178525e-01;2.159325e-01;3.216399e-01;3.935688e-02;1.503657e-02;1.476571e-02;1.049030e-02;2.876887e-02
5.214805e-02;6.366464e-03;5.055571e-02;2.280656e-02;2.372811e-01;2.424656e-01;2.725641e-01;3.572421e-02;1.991241e-02;1.880754e-02;9.723051e-03;3.164516e-02
4.326577e-02;9.216967e-03;6.325890e-02;2.211724e-02;1.896919e-01;2.085962e-01;3.253514e-01;4.873829e-02;2.415117e-02;2.351276e-02;1.433068e-02;2.776873e-02
5.741329e-02;1.008151e-02;3.039285e-02;1.422122e-02;1.562022e-01;2.323091e-01;3.669619e-01;5.516573e-02;2.513024e-02;2.744411e-02;1.074840e-02;1.392937e-02
6.447272e-02;6.635461e-03;2.860645e-02;1.236883e-02;1.904849e-01;2.653579e-01;3.163741e-01;4.509921e-02;2.468231e-02;1.662283e-02;4.260138e-03;2.503510e-02
5.485994e-02;3.742535e-03;4.613310e-02;1.862795e-02;2.381451e-01;2.434355e-01;2.398784e-01;2.415816e-02;4.636262e-02;6.951779e-03;6.617952e-03;7.108700e-02
3.444497e-02;6.831189e-03;1.361980e-01;4.424144e-02;2.157610e-01;1.618038e-01;1.800590e-01;2.384538e-02;6.917532e-02;1.311786e-02;1.824851e-02;9.627353e-02
3.169431e-02;1.967393e-02;2.471424e-01;6.443604e-02;1.507038e-01;9.967318e-02;1.576231e-01;3.537202e-02;6.599152e-02;1.985964e-02;2.986082e-02;7.796930e-02
5.640160e-02;5.148349e-02;3.217723e-01;6.425451e-02;9.377519e-02;8.835589e-02;1.246719e-01;4.429988e-02;5.057429e-02;2.150921e-02;3.384260e-02;4.905913e-02
1.515543e-01;5.224469e-02;2.498766e-01;3.276123e-02;1.028332e-01;7.017425e-02;1.048513e-01;5.730326e-02;5.408300e-02;4.461991e-02;3.199030e-02;4.770794e-02
1.205414e-01;7.562457e-02;2.701287e-01;3.314792e-02;9.205657e-02;5.863934e-02;7.146087e-02;8.919175e-02;6.145088e-02;4.562422e-02;4.547926e-02;3.665448e-02
4.812561e-02;6.095669e-02;3.765762e-01;8.070721e-02;7.126286e-02;6.715344e-02;8.907613e-02;7.203449e-02;4.054906e-02;5.241486e-02;3.228705e-02;8.856454e-03
8.627448e-03;2.840271e-02;3.864632e-01;1.457496e-01;6.900463e-02;6.468486e-02;8.782592e-02;5.595077e-02;2.662440e-02;4.610033e-02;6.401769e-02;1.654848e-02
1.257885e-02;2.682090e-02;4.172523e-01;1.567328e-01;5.949746e-02;4.424711e-02;6.008013e-02;3.752553e-02;3.739674e-02;5.735854e-02;7.596022e-02;1.454940e-02
3.939480e-02;5.619882e-02;4.064406e-01;1.049257e-01;4.605964e-02;5.474672e-02;6.303569e-02;2.668267e-02;6.453241e-02;7.270619e-02;5.160414e-02;1.367267e-02
7.926427e-02;7.488295e-02;3.298413e-01;6.135089e-02;4.857761e-02;7.767716e-02;6.307109e-02;4.194441e-02;9.179930e-02;7.266729e-02;3.885853e-02;2.006517e-02
1.068846e-01;7.333261e-02;2.099951e-01;4.412842e-02;6.405236e-02;8.593825e-02;6.170241e-02;6.122252e-02;1.082406e-01;9.085552e-02;6.100964e-02;3.263792e-02
5.980105e-02;5.647506e-02;2.485594e-01;5.625673e-02;5.148337e-02;4.912296e-02;8.619691e-02;5.201605e-02;1.003990e-01;1.365961e-01;7.182124e-02;3.127220e-02
7.589705e-02;4.869862e-02;1.970720e-01;7.913069e-02;3.700466e-02;5.558220e-02;1.136685e-01;6.624471e-02;1.108317e-01;1.475544e-01;3.444350e-02;3.387192e-02
6.324070e-02;4.115201e-02;1.103325e-01;7.659924e-02;4.973806e-02;5.794768e-02;1.186507e-01;9.067824e-02;1.248222e-01;1.979854e-01;2.190275e-02;4.695051e-02
7.063322e-02;3.591412e-02;8.184541e-02;5.788882e-02;6.082990e-02;6.209343e-02;1.370166e-01;6.669953e-02;1.452382e-01;1.788376e-01;5.005770e-02;5.294542e-02
7.766883e-02;5.636349e-02;6.305107e-02;6.818516e-02;5.888534e-02;7.207137e-02;1.007147e-01;9.922881e-02;1.735752e-01;9.087073e-02;8.953428e-02;4.985091e-02
7.256816e-02;3.472662e-02;9.334414e-02;6.571207e-02;4.998087e-02;5.435435e-02;8.593997e-02;1.395935e-01;1.871196e-01;9.137449e-02;8.814561e-02;3.714065e-02
5.135065e-02;3.001304e-02;1.363475e-01;4.357976e-02;8.974903e-02;8.989513e-02;2.324423e-01;9.450330e-02;8.554556e-02;6.756086e-02;2.859182e-02;5.042097e-02
5.158564e-02;2.712885e-02;1.181640e-01;5.990840e-02;1.447752e-01;9.617883e-02;2.201655e-01;4.749980e-02;6.042714e-02;4.753881e-02;4.635082e-02;8.027706e-02
4.200511e-02;2.000937e-02;1.114812e-01;9.188986e-02;2.021465e-01;8.095367e-02;1.489035e-01;4.411705e-02;5.342857e-02;3.686463e-02;4.945029e-02;1.187503e-01
1.858752e-02;1.424708e-02;1.208654e-01;1.398762e-01;2.667686e-01;5.379008e-02;4.960960e-02;5.710936e-02;3.460020e-02;3.395606e-02;5.415287e-02;1.564371e-01
7.110620e-03;9.712446e-03;1.230552e-01;1.697849e-01;2.911744e-01;4.069078e-02;3.434436e-02;4.440979e-02;1.362178e-02;3.459238e-02;5.933915e-02;1.721641e-01
9.135064e-03;1.364290e-02;1.362559e-01;2.047563e-01;2.557143e-01;3.696575e-02;2.766256e-02;2.610391e-02;6.941819e-03;3.999220e-02;9.121429e-02;1.516150e-01
5.211521e-03;1.435793e-02;1.709673e-01;2.416711e-01;1.762361e-01;2.996249e-02;1.962641e-02;5.673203e-02;7.255835e-03;3.077430e-02;1.409707e-01;1.062341e-01
7.320153e-03;1.594783e-02;2.435361e-01;2.536525e-01;9.992710e-02;2.511392e-02;1.774031e-02;7.097608e-02;1.119424e-02;2.668213e-02;1.642532e-01;6.365644e-02
1.369013e-02;1.848668e-02;3.655199e-01;2.034799e-01;5.507687e-02;1.464834e-02;4.655481e-02;4.743871e-02;2.165942e-02;5.492269e-02;1.226964e-01;3.582625e-02
2.508481e-02;4.922722e-02;4.271598e-01;1.176772e-01;3.887684e-02;2.603400e-02;7.953743e-02;2.548759e-02;4.500690e-02;7.995310e-02;5.790029e-02;2.805476e-02
6.431299e-02;9.175392e-02;3.476473e-01;6.731926e-02;4.117596e-02;4.653963e-02;8.281811e-02;3.373251e-02;8.526313e-02;6.764878e-02;3.954075e-02;3.224763e-02
1.367293e-01;1.058246e-01;1.907298e-01;6.028778e-02;6.420387e-02;3.832701e-02;7.419087e-02;5.758069e-02;1.300147e-01;5.080335e-02;4.441010e-02;4.689808e-02
1.502557e-01;6.651375e-02;1.368255e-01;1.019380e-01;5.289942e-02;2.748818e-02;8.209647e-02;6.485981e-02;1.389906e-01;5.907451e-02;5.010504e-02;6.895303e-02
9.084271e-02;4.310737e-02;1.037015e-01;1.242916e-01;2.722809e-02;5.045028e-02;1.162904e-01;4.711283e-02;1.224566e-01;1.025789e-01;7.530475e-02;9.663490e-02
9.929644e-02;2.571615e-02;1.213714e-01;6.610623e-02;3.981246e-02;1.170145e-01;1.028406e-01;4.774409e-02;7.547583e-02;1.166092e-01;1.216172e-01;6.639589e-02
6.532647e-02;3.273492e-02;1.571538e-01;3.589847e-02;3.990946e-02;1.542668e-01;1.089873e-01;4.006756e-02;5.778362e-02;8.851264e-02;1.612716e-01;5.808736e-02
4.515210e-02;5.988968e-02;1.762402e-01;2.743038e-02;5.203672e-02;1.480064e-01;6.280944e-02;2.470433e-02;4.047894e-02;8.593860e-02;2.196649e-01;5.764825e-02
4.405149e-02;1.343132e-01;1.001416e-01;3.880211e-02;8.862992e-02;1.052427e-01;4.346592e-02;1.710951e-02;3.321671e-02;1.321499e-01;2.200015e-01;4.287533e-02
8.779767e-02;1.602876e-01;4.241924e-02;6.808036e-02;1.129440e-01;5.840138e-02;4.370818e-02;2.353635e-02;5.084729e-02;1.791796e-01;1.318490e-01;4.094927e-02
1.433252e-01;9.746344e-02;6.631390e-02;1.308984e-01;8.953339e-02;3.423544e-02;4.155865e-02;2.837353e-02;1.039799e-01;1.457368e-01;7.070070e-02;4.788064e-02
1.033522e-01;3.768681e-02;1.679389e-01;1.318684e-01;3.860881e-02;2.572923e-02;7.774375e-02;6.512875e-02;1.053853e-01;7.363655e-02;3.818274e-02;1.347387e-01
2.967218e-02;4.014857e-02;2.725666e-01;6.295733e-02;1.202311e-02;1.675412e-02;1.389747e-01;9.636509e-02;5.152051e-02;2.640722e-02;4.051687e-02;2.120937e-01
2.030415e-02;7.598063e-02;3.016374e-01;3.639959e-02;1.506627e-02;1.669723e-02;2.012154e-01;7.299542e-02;1.616609e-02;1.974581e-02;5.339682e-02;1.703953e-01
5.005608e-02;1.513596e-01;2.481047e-01;4.185149e-02;1.696691e-02;2.894523e-02;2.291215e-01;3.283078e-02;1.328637e-02;2.672134e-02;7.258569e-02;8.817030e-02
1.031487e-01;1.853923e-01;1.810151e-01;7.005280e-02;1.883443e-02;5.534801e-02;2.126242e-01;2.349279e-02;1.472470e-02;4.155230e-02;5.886577e-02;3.494878e-02
1.628945e-01;1.428689e-01;1.083152e-01;1.288460e-01;3.202621e-02;1.083441e-01;1.656889e-01;2.268733e-02;1.948239e-02;6.413622e-02;2.402107e-02;2.068912e-02
1.748557e-01;5.007751e-02;1.247145e-01;1.682351e-01;6.374798e-02;1.614793e-01;8.446304e-02;8.288558e-03;5.499934e-02;7.000695e-02;1.304543e-02;2.608657e-02
9.063773e-02;4.344878e-02;2.330571e-01;1.154547e-01;1.017330e-01;1.368007e-01;6.908638e-02;1.597015e-02;9.105035e-02;4.757352e-02;8.769454e-03;4.641812e-02
5.765558e-02;9.242134e-02;2.396858e-01;7.867519e-02;1.452250e-01;9.214128e-02;3.246837e-02;1.332247e-02;1.148372e-01;2.910942e-02;2.447052e-02;7.998776e-02
5.709700e-02;1.227968e-01;1.611182e-01;8.246547e-02;1.473952e-01;5.378673e-02;3.307938e-02;4.809028e-02;8.972996e-02;2.110511e-02;8.803540e-02;9.530054e-02
3.819604e-02;7.555901e-02;1.645074e-01;1.253061e-01;9.542280e-02;3.587862e-02;4.524783e-02;7.990959e-02;6.196205e-02;6.296614e-02;1.456319e-01;6.941255e-02
1.943038e-02;3.588521e-02;2.815973e-01;1.218691e-01;6.090930e-02;3.133529e-02;1.009073e-01;6.862262e-02;4.562686e-02;7.914544e-02;1.209043e-01;3.376696e-02
2.202587e-02;5.362424e-02;3.909689e-01;9.470024e-02;3.664431e-02;2.996419e-02;1.496891e-01;3.915538e-02;4.822736e-02;5.654053e-02;6.052338e-02;1.793657e-02
5.108485e-02;7.390089e-02;3.921443e-01;6.997082e-02;3.711213e-02;4.331062e-02;1.341854e-01;5.325020e-02;4.526605e-02;3.768027e-02;3.984144e-02;2.225307e-02
8.473962e-02;7.992292e-02;3.148153e-01;4.658499e-02;6.247958e-02;6.092044e-02;1.478882e-01;6.385963e-02;3.890737e-02;4.030373e-02;2.326342e-02;3.631482e-02
8.411508e-02;5.657306e-02;2.782501e-01;5.589914e-02;6.435926e-02;5.001444e-02;1.692243e-01;3.658064e-02;5.460201e-02;6.366429e-02;2.923124e-02;5.748645e-02
5.126595e-02;8.197428e-02;2.749067e-01;6.739040e-02;5.832827e-02;2.702754e-02;1.685017e-01;5.532463e-02;5.858002e-02;3.912400e-02;6.584664e-02;5.172992e-02
7.295302e-02;7.816865e-02;2.333342e-01;4.090864e-02;7.617003e-02;3.366821e-02;1.478574e-01;7.640468e-02;6.716071e-02;4.724380e-02;8.476914e-02;4.136154e-02
2.740468e-02;7.230505e-02;3.082406e-01;6.898627e-02;7.715178e-02;3.664625e-02;1.722447e-01;4.446361e-02;6.226120e-02;4.174814e-02;4.272475e-02;4.582304e-02
4.489917e-02;6.955533e-02;3.031854e-01;9.848050e-02;7.987387e-02;5.080744e-02;1.623686e-01;3.262141e-02;5.538123e-02;4.260128e-02;2.059912e-02;3.962659e-02
