7.043777e-02;3.760723e-02;8.195116e-02;8.711980e-02;7.962704e-02;9.940381e-02;7.370917e-02;4.047719e-02;6.044875e-02;1.467074e-01;7.990564e-02;1.426051e-01
7.324212e-02;7.997001e-02;1.412487e-01;4.723320e-02;7.429567e-02;8.936023e-02;2.293498e-01;8.064920e-02;4.602490e-02;5.772854e-02;2.783517e-02;5.306251e-02
5.795444e-02;7.935496e-02;1.042114e-01;3.598171e-02;7.516523e-02;1.006546e-01;3.683853e-01;7.953465e-02;3.441007e-02;2.488261e-02;1.634958e-02;2.311536e-02
3.478493e-02;8.031306e-02;5.877290e-02;1.830219e-02;5.944342e-02;8.587151e-02;5.243345e-01;7.497377e-02;2.428909e-02;1.537435e-02;1.276724e-02;1.077306e-02
1.773814e-02;7.686765e-02;2.878576e-02;7.640144e-03;3.615916e-02;5.507391e-02;6.705652e-01;6.444510e-02;2.182840e-02;6.614147e-03;1.071331e-02;3.568989e-03
1.833399e-02;6.709380e-02;1.531892e-02;9.807053e-03;3.402221e-02;9.230227e-02;6.702441e-01;4.831873e-02;1.902828e-02;9.127597e-03;1.122313e-02;5.179914e-03
3.483502e-02;5.331829e-02;3.894221e-02;1.484827e-02;8.063497e-02;1.403224e-01;5.378805e-01;3.684276e-02;1.941637e-02;1.928097e-02;1.531346e-02;8.364659e-03
4.350566e-02;3.910182e-02;1.175529e-01;4.681389e-02;1.377897e-01;1.363365e-01;3.682260e-01;2.963465e-02;3.263008e-02;2.114342e-02;1.791697e-02;9.348487e-03
3.221888e-02;2.617130e-02;2.191174e-01;8.038313e-02;1.076547e-01;6.438588e-02;3.214431e-01;4.587939e-02;3.840151e-02;1.900933e-02;2.931601e-02;1.601934e-02
1.751215e-02;1.757784e-02;2.840062e-01;8.215166e-02;6.945474e-02;5.563477e-02;3.390881e-01;4.523372e-02;2.443871e-02;1.895900e-02;3.624252e-02;9.700575e-03
2.723496e-02;1.687760e-02;3.243313e-01;6.865218e-02;5.895339e-02;2.965878e-02;3.389750e-01;3.972357e-02;2.509586e-02;2.694193e-02;3.719228e-02;6.363218e-03
3.925256e-02;2.138822e-02;3.411603e-01;5.069612e-02;8.963735e-02;7.406127e-02;2.654712e-01;2.304595e-02;2.366449e-02;2.096116e-02;3.683290e-02;1.382852e-02
4.383687e-02;4.624484e-02;3.950664e-01;4.292365e-02;8.693331e-02;9.782866e-02;1.554552e-01;2.782810e-02;2.872302e-02;2.778623e-02;3.429988e-02;1.307401e-02
4.061442e-02;5.692027e-02;4.214467e-01;4.807456e-02;6.337658e-02;6.040463e-02;1.941098e-01;3.676962e-02;2.432855e-02;2.425318e-02;1.666809e-02;1.303373e-02
5.381763e-02;4.510395e-02;4.520350e-01;4.203695e-02;4.880989e-02;3.193777e-02;1.941908e-01;4.141123e-02;3.237881e-02;2.394152e-02;2.389496e-02;1.044145e-02
4.385933e-02;3.425737e-02;3.984805e-01;3.813402e-02;4.649165e-02;5.862873e-02;2.135652e-01;4.893097e-02;3.977146e-02;3.756505e-02;3.113226e-02;9.183468e-03
3.654762e-02;4.626487e-02;4.410444e-01;4.972028e-02;5.026103e-02;6.569408e-02;1.498809e-01;4.782278e-02;4.205403e-02;3.905145e-02;1.978032e-02;1.187825e-02
2.938140e-02;5.492609e-02;4.891925e-01;6.300206e-02;4.578255e-02;4.426827e-02;1.364165e-01;3.439167e-02;3.057277e-02;3.474149e-02;1.379546e-02;2.352928e-02
2.945067e-02;5.194855e-02;3.278897e-01;8.381513e-02;7.315580e-02;6.736533e-02;2.096900e-01;5.308158e-02;2.222521e-02;3.458760e-02;2.311626e-02;2.367417e-02
3.548922e-02;7.901242e-02;1.473459e-01;5.634068e-02;6.778885e-02;8.292311e-02;3.478677e-01;9.639554e-02;2.486944e-02;3.980806e-02;1.340239e-02;8.756667e-03
2.619030e-02;9.908564e-02;1.287362e-01;2.593532e-02;3.421161e-02;5.689256e-02;3.932211e-01;1.522605e-01;2.795953e-02;3.383464e-02;1.213175e-02;9.540769e-03
1.796220e-02;1.025503e-01;1.530238e-01;1.567057e-02;1.728343e-02;2.829139e-02;4.107395e-01;2.015087e-01;1.842814e-02;1.680978e-02;1.159177e-02;6.140326e-03
7.489669e-03;1.460181e-01;1.081268e-01;1.432387e-02;1.519256e-02;1.494073e-02;4.664364e-01;1.908630e-01;1.360127e-02;7.452642e-03;1.174229e-02;3.812650e-03
1.053078e-02;1.866343e-01;5.406582e-02;1.148824e-02;1.201052e-02;1.985059e-02;5.248967e-01;1.538356e-01;7.352408e-03;6.451244e-03;1.147734e-02;1.406432e-03
1.711324e-02;1.848789e-01;1.953748e-02;4.964272e-03;9.707155e-03;4.555189e-02;5.759057e-01;1.174503e-01;9.775758e-03;2.780313e-03;1.088260e-02;1.452344e-03
3.233584e-02;1.597841e-01;1.054052e-02;4.001404e-03;7.750276e-03;9.793351e-02;5.845526e-01;8.135916e-02;5.236058e-03;5.979711e-03;9.454031e-03;1.072798e-03
3.898567e-02;1.424951e-01;1.061373e-02;6.419692e-03;1.328052e-02;1.672315e-01;5.397836e-01;5.475742e-02;5.784564e-03;8.538138e-03;1.029517e-02;1.814879e-03
3.215439e-02;1.307599e-01;1.874235e-02;6.829058e-03;2.169487e-02;1.864952e-01;5.198770e-01;4.334521e-02;1.216650e-02;1.122279e-02;1.438643e-02;2.326439e-03
1.351063e-02;1.395722e-01;1.969096e-02;9.165687e-03;2.633142e-02;1.482499e-01;5.531844e-01;4.629293e-02;1.640451e-02;9.210074e-03;1.517138e-02;3.215813e-03
1.408296e-02;1.664826e-01;2.658171e-02;1.094215e-02;3.427742e-02;1.249260e-01;5.344545e-01;3.726539e-02;1.454513e-02;1.625286e-02;1.624795e-02;3.941416e-03
3.149018e-02;1.491426e-01;3.471742e-02;2.389967e-02;6.294831e-02;1.656307e-01;3.961219e-01;5.309865e-02;1.111651e-02;5.005112e-02;1.799008e-02;3.792860e-03
2.343396e-02;7.535770e-02;2.276448e-02;2.377353e-02;8.810674e-02;2.084104e-01;4.146435e-01;6.168117e-02;1.392678e-02;5.229576e-02;1.287189e-02;2.734035e-03
1.864830e-02;5.429646e-02;5.079183e-02;2.082152e-02;1.330239e-01;2.238259e-01;3.437923e-01;6.950772e-02;3.624348e-02;3.023726e-02;1.158895e-02;7.222293e-03
1.711193e-02;7.815880e-02;1.119527e-01;3.223341e-02;1.730737e-01;2.090873e-01;1.966243e-01;7.567024e-02;5.942822e-02;1.874595e-02;9.324918e-03;1.858860e-02
1.647135e-02;5.971587e-02;1.700961e-01;3.749672e-02;1.155839e-01;1.384849e-01;3.021578e-01;6.953653e-02;3.963702e-02;2.402987e-02;8.783025e-03;1.800689e-02
2.068588e-02;3.428694e-02;3.303230e-01;6.015612e-02;6.096298e-02;9.077387e-02;2.139060e-01;9.133748e-02;2.144631e-02;3.872722e-02;2.163799e-02;1.575621e-02
1.819697e-02;4.654889e-02;2.867187e-01;4.604656e-02;4.470237e-02;9.133716e-02;2.951998e-01;8.596554e-02;2.174196e-02;2.596287e-02;2.911478e-02;8.464345e-03
3.356159e-02;6.298413e-02;1.841530e-01;2.989353e-02;7.231028e-02;1.195872e-01;3.210457e-01;8.478445e-02;3.222265e-02;2.149449e-02;2.266232e-02;1.530060e-02
5.425394e-02;7.908402e-02;1.682755e-01;4.164621e-02;8.402822e-02;1.021519e-01;2.677010e-01;9.042018e-02;4.035382e-02;2.853034e-02;1.747908e-02;2.607575e-02
4.269215e-02;9.117559e-02;1.385317e-01;3.050795e-02;6.985927e-02;6.639385e-02;3.389732e-01;1.167750e-01;3.861427e-02;3.175077e-02;1.501643e-02;1.970985e-02
1.739639e-02;6.573068e-02;1.309878e-01;1.742781e-02;5.149496e-02;4.168576e-02;3.693478e-01;1.947989e-01;3.672693e-02;5.414170e-02;1.221817e-02;8.043109e-03
1.143306e-02;2.646268e-02;1.329235e-01;4.015248e-02;3.232270e-02;6.184498e-02;2.910788e-01;2.116623e-01;1.063907e-01;7.500704e-02;6.000116e-03;4.721596e-03
9.424175e-03;1.353514e-02;8.970015e-02;1.018995e-01;3.639682e-02;5.729532e-02;2.079275e-01;1.099626e-01;2.610741e-01;9.457340e-02;1.025561e-02;7.955713e-03
9.016981e-03;2.726905e-02;3.756769e-02;9.741005e-02;8.114078e-02;4.243990e-02;1.346646e-01;8.388072e-02;2.633224e-01;1.721158e-01;4.464074e-02;6.531341e-03
8.864852e-03;3.515606e-02;4.732809e-02;5.610275e-02;9.223358e-02;7.557429e-02;1.079607e-01;8.117780e-02;1.677146e-01;1.830952e-01;1.125680e-01;3.222404e-02
7.692582e-02;4.002430e-02;6.632373e-02;6.011726e-02;5.027480e-02;8.038096e-02;1.195872e-01;6.073464e-02;1.212124e-01;1.093358e-01;1.352206e-01;7.986245e-02
2.040820e-01;8.526058e-02;4.883226e-02;6.568157e-02;4.293002e-02;3.890127e-02;1.213331e-01;6.318998e-02;8.241785e-02;9.636208e-02;7.889761e-02;7.211170e-02
2.478512e-01;2.185421e-01;5.157730e-02;4.574504e-02;7.069852e-02;4.408059e-02;6.781060e-02;5.182666e-02;7.835761e-02;6.320276e-02;2.725167e-02;3.305599e-02
1.478878e-01;3.023806e-01;1.651221e-01;3.137708e-02;5.550705e-02;6.498419e-02;4.318196e-02;2.870809e-02;8.688712e-02;3.798303e-02;1.897459e-02;1.700631e-02
5.486815e-02;2.080632e-01;3.937648e-01;4.451618e-02;2.369399e-02;5.001647e-02;4.951610e-02;1.606402e-02;4.838070e-02;8.091923e-02;1.835218e-02;1.184495e-02
3.482860e-02;8.413628e-02;4.667541e-01;1.232012e-01;2.721697e-02;2.159156e-02;7.105502e-02;1.118492e-02;3.047263e-02;9.826325e-02;2.074697e-02;1.054845e-02
4.479769e-02;2.446619e-02;2.886222e-01;3.569895e-01;4.027891e-02;2.266891e-02;6.722922e-02;2.059920e-02;2.822985e-02;5.701808e-02;4.104716e-02;8.053096e-03
4.039033e-02;3.392851e-02;1.290985e-01;5.429581e-01;3.991606e-02;1.893393e-02;3.266312e-02;4.039846e-02;2.562722e-02;2.548673e-02;5.456885e-02;1.603011e-02
2.449277e-02;3.381940e-02;1.276157e-01;5.388129e-01;4.314579e-02;1.262517e-02;3.342181e-02;4.561381e-02;2.037189e-02;3.187787e-02;6.555154e-02;2.265126e-02
1.168145e-02;3.744860e-02;1.447468e-01;5.130236e-01;4.871403e-02;1.625639e-02;5.143244e-02;3.534376e-02;1.580695e-02;3.396842e-02;7.023442e-02;2.134320e-02
3.013300e-02;4.551106e-02;1.604876e-01;4.598080e-01;5.742572e-02;3.761881e-02;5.846317e-02;2.500902e-02;1.943402e-02;3.863581e-02;5.645131e-02;1.102247e-02
5.836943e-02;6.550535e-02;1.734977e-01;3.714652e-01;4.005398e-02;5.988852e-02;4.689981e-02;2.896853e-02;2.153425e-02;7.203482e-02;5.511731e-02;6.665121e-03
9.790943e-02;1.707619e-01;2.872110e-01;2.103079e-01;3.622732e-02;3.800866e-02;2.277906e-02;1.650927e-02;2.494245e-02;6.095631e-02;2.923250e-02;5.154195e-03
2.327561e-01;2.542209e-01;1.880945e-01;1.300218e-01;2.255110e-02;2.577127e-02;2.064711e-02;1.459012e-02;2.667296e-02;4.198802e-02;1.456039e-02;2.812569e-02
3.102643e-01;1.907305e-01;1.362484e-01;6.901686e-02;1.918839e-02;2.259489e-02;3.393025e-02;2.004676e-02;1.978695e-02;5.750543e-02;4.604024e-02;7.464708e-02
2.117189e-01;8.876764e-02;8.231740e-02;5.705172e-02;2.863618e-02;3.133685e-02;5.720472e-02;2.923083e-02;5.698917e-02;1.300009e-01;1.274056e-01;9.934006e-02
6.141207e-02;3.437520e-02;5.992687e-02;7.175001e-02;4.095265e-02;2.743481e-02;9.695537e-02;6.006619e-02;1.312094e-01;1.950706e-01;1.492769e-01;7.156990e-02
6.928306e-02;3.820259e-02;4.274733e-02;8.433027e-02;4.083388e-02;3.162324e-02;2.376116e-01;7.858903e-02;1.279995e-01;1.409112e-01;7.696804e-02;3.090023e-02
6.424003e-02;3.945423e-02;7.479825e-02;9.878255e-02;5.347169e-02;6.417716e-02;3.277897e-01;6.545964e-02;7.672964e-02;6.959416e-02;3.860946e-02;2.689353e-02
8.435884e-02;4.412366e-02;1.715204e-01;1.043127e-01;7.570210e-02;6.739492e-02;2.448177e-01;3.565790e-02;5.445778e-02;5.095487e-02;3.308632e-02;3.361276e-02
9.530154e-02;5.727356e-02;3.032880e-01;8.527020e-02;6.847592e-02;4.847586e-02;8.525520e-02;5.117919e-02;6.358051e-02;5.629231e-02;5.243979e-02;3.316791e-02
9.293143e-02;3.671438e-02;2.662861e-01;1.055882e-01;4.585611e-02;5.121679e-02;9.217795e-02;6.056621e-02;7.270072e-02;6.281722e-02;5.960832e-02;5.353656e-02
1.129629e-01;7.278343e-02;2.019865e-01;1.072843e-01;3.309141e-02;3.677325e-02;1.483003e-01;4.812076e-02;6.624819e-02;6.552621e-02;4.655474e-02;6.036805e-02
1.355183e-01;7.704858e-02;1.824648e-01;1.342369e-01;3.657489e-02;3.528539e-02;1.982563e-01;3.062377e-02;3.594213e-02;4.343814e-02;2.940695e-02;6.120390e-02
1.312643e-01;7.265747e-02;1.966506e-01;1.368556e-01;4.964107e-02;4.166157e-02;1.789961e-01;3.349536e-02;3.554902e-02;2.852162e-02;4.133176e-02;5.337551e-02
9.618527e-02;4.229683e-02;3.537975e-01;1.441090e-01;5.322104e-02;3.224876e-02;7.915812e-02;3.602543e-02;4.956117e-02;3.616443e-02;3.795090e-02;3.928156e-02
7.096549e-02;2.338326e-02;4.288206e-01;1.571566e-01;5.369262e-02;2.496079e-02;7.541719e-02;3.500988e-02;3.990430e-02;3.520964e-02;2.708164e-02;2.839795e-02
7.191350e-02;3.870837e-02;4.466527e-01;1.248992e-01;6.809851e-02;2.587337e-02;6.728201e-02;3.073609e-02;3.748471e-02;3.838605e-02;2.851489e-02;2.145062e-02
6.079714e-02;5.353424e-02;4.104272e-01;9.982762e-02;8.235350e-02;3.268338e-02;9.200080e-02;2.982380e-02;3.856505e-02;4.380511e-02;2.857341e-02;2.760872e-02
4.579045e-02;4.749253e-02;3.637911e-01;1.131864e-01;9.588923e-02;4.166789e-02;8.455687e-02;4.328768e-02;5.390232e-02;4.816144e-02;2.857729e-02;3.369677e-02
5.535753e-02;3.694106e-02;3.616587e-01;1.145048e-01;7.566898e-02;4.039900e-02;8.836696e-02;5.699284e-02;5.921918e-02;4.105300e-02;2.809001e-02;4.174802e-02
6.704946e-02;5.393742e-02;3.089829e-01;1.071062e-01;4.550740e-02;4.170048e-02;1.304026e-01;7.215986e-02;5.038618e-02;4.421184e-02;3.134010e-02;4.721551e-02
9.966633e-02;8.632599e-02;2.234819e-01;1.050644e-01;3.789504e-02;5.142262e-02;1.277221e-01;5.991912e-02;4.988358e-02;6.894862e-02;2.414284e-02;6.552749e-02
1.106610e-01;1.086499e-01;1.805588e-01;9.298064e-02;5.556486e-02;5.577363e-02;1.188480e-01;4.129333e-02;6.534011e-02;8.795264e-02;1.597932e-02;6.639776e-02
9.953426e-02;9.765364e-02;1.934244e-01;9.150126e-02;6.559219e-02;7.331367e-02;1.196599e-01;3.488011e-02;5.408600e-02;8.679774e-02;4.368659e-02;3.987027e-02
1.038678e-01;8.545822e-02;2.064195e-01;1.203221e-01;7.010823e-02;6.191660e-02;9.671900e-02;4.143855e-02;4.394668e-02;6.642426e-02;6.817005e-02;3.520908e-02
1.164160e-01;5.278185e-02;2.052163e-01;1.315183e-01;7.097895e-02;4.499234e-02;7.411682e-02;7.864948e-02;3.951384e-02;6.658952e-02;5.812185e-02;6.110469e-02
9.463708e-02;3.627426e-02;1.584239e-01;1.009727e-01;6.439742e-02;4.512291e-02;7.444321e-02;1.127235e-01;9.416254e-02;8.530581e-02;7.272963e-02;6.080698e-02
7.183539e-02;4.351654e-02;1.304986e-01;6.677016e-02;4.661116e-02;3.515849e-02;1.160111e-01;1.077332e-01;1.258003e-01;1.152237e-01;7.095797e-02;6.988350e-02
9.772082e-02;6.064138e-02;1.736000e-01;7.077569e-02;4.098833e-02;4.952090e-02;1.499729e-01;5.237906e-02;8.329877e-02;1.086868e-01;6.057719e-02;5.183821e-02
1.266208e-01;8.114323e-02;1.475545e-01;5.182670e-02;5.468694e-02;3.955075e-02;8.370767e-02;4.117709e-02;6.459090e-02;1.578385e-01;9.976487e-02;5.153802e-02
1.024693e-01;9.351529e-02;9.170465e-02;4.003008e-02;6.710588e-02;3.867432e-02;4.342541e-02;2.326874e-02;6.125118e-02;2.937922e-01;9.927817e-02;4.548475e-02
5.176853e-02;9.433343e-02;3.602371e-02;4.515961e-02;1.101350e-01;3.946003e-02;2.741927e-02;1.179909e-02;3.328064e-02;4.459165e-01;8.086926e-02;2.383500e-02
2.609846e-02;7.109869e-02;4.002494e-02;4.842561e-02;1.260984e-01;3.545330e-02;2.261604e-02;1.258552e-02;9.368273e-02;4.622532e-01;4.626416e-02;1.539901e-02
3.949564e-02;3.938701e-02;9.602768e-02;1.003986e-01;9.712298e-02;3.334377e-02;3.565394e-02;3.501183e-02;1.716213e-01;3.021428e-01;3.026433e-02;1.953006e-02
3.825415e-02;3.382629e-02;1.650434e-01;1.407595e-01;7.599877e-02;4.724766e-02;6.929792e-02;7.262719e-02;1.417487e-01;1.546601e-01;2.549524e-02;3.504122e-02
2.962815e-02;4.486458e-02;2.290028e-01;1.452940e-01;6.263584e-02;5.151462e-02;9.753604e-02;1.210172e-01;4.556622e-02;1.163225e-01;1.956534e-02;3.705269e-02
2.455116e-02;5.064460e-02;1.841717e-01;1.255571e-01;4.193583e-02;5.733901e-02;1.225185e-01;1.457906e-01;9.436003e-02;1.127583e-01;1.105993e-02;2.931328e-02
2.954300e-02;3.980734e-02;1.041189e-01;1.443246e-01;2.720478e-02;5.349585e-02;1.372796e-01;1.170228e-01;2.116602e-01;1.038135e-01;1.121819e-02;2.051128e-02
2.615870e-02;2.374425e-02;6.742817e-02;1.517274e-01;2.824853e-02;4.138806e-02;9.076121e-02;9.184957e-02;2.785875e-01;1.645326e-01;1.850101e-02;1.707301e-02
2.355512e-02;3.282309e-02;9.428813e-02;8.817108e-02;3.392943e-02;3.666252e-02;2.530493e-01;8.388332e-02;1.856187e-01;1.360567e-01;1.336344e-02;1.859916e-02
2.015713e-02;4.446055e-02;1.268779e-01;7.231826e-02;4.870216e-02;7.066771e-02;3.534780e-01;5.966410e-02;7.958994e-02;8.601251e-02;1.305828e-02;2.501340e-02
1.505956e-02;3.043868e-02;1.478937e-01;8.205286e-02;6.277449e-02;7.960865e-02;2.701511e-01;8.085679e-02;1.073848e-01;6.557454e-02;2.091508e-02;3.728980e-02
2.917093e-02;3.672329e-02;1.588734e-01;8.923700e-02;6.246997e-02;4.393698e-02;1.283254e-01;6.519217e-02;1.684667e-01;1.266152e-01;3.766775e-02;5.332112e-02
3.055902e-02;3.596832e-02;9.808271e-02;9.480664e-02;8.083148e-02;5.171425e-02;7.690104e-02;7.795615e-02;1.879845e-01;1.716895e-01;3.475844e-02;5.874795e-02
3.152308e-02;3.936293e-02;1.290182e-01;9.149417e-02;7.627778e-02;5.561736e-02;1.188693e-01;1.164641e-01;1.229919e-01;1.497354e-01;2.497827e-02;4.366745e-02
2.917236e-02;4.042199e-02;1.205732e-01;8.244359e-02;6.001670e-02;5.888326e-02;2.158343e-01;1.304120e-01;7.999559e-02;1.202834e-01;2.854687e-02;3.341669e-02
3.076560e-02;3.333713e-02;1.013715e-01;7.648981e-02;6.815538e-02;5.604979e-02;1.852234e-01;1.512592e-01;5.907153e-02;1.722884e-01;2.407502e-02;4.191319e-02
3.377128e-02;3.011882e-02;1.489371e-01;9.163527e-02;5.151130e-02;4.430678e-02;1.814822e-01;1.042490e-01;9.071638e-02;1.619675e-01;2.212579e-02;3.917862e-02
3.508769e-02;1.567775e-02;1.300841e-01;5.932235e-02;4.453709e-02;4.108834e-02;3.396544e-01;8.744853e-02;8.835031e-02;1.103346e-01;2.309933e-02;2.531547e-02
2.677870e-02;1.734711e-02;9.326158e-02;2.518247e-02;3.372416e-02;3.579658e-02;4.317781e-01;1.468915e-01;7.354011e-02;8.651529e-02;1.776685e-02;1.141750e-02
1.554182e-02;1.773093e-02;8.478876e-02;1.665739e-02;3.150811e-02;3.506655e-02;4.746089e-01;1.690755e-01;5.227790e-02;8.118883e-02;7.742026e-03;1.381323e-02
1.239453e-02;2.819663e-02;1.021034e-01;1.400149e-02;6.337965e-02;6.175331e-02;4.587139e-01;1.313523e-01;3.583648e-02;6.647384e-02;1.177313e-02;1.402144e-02
1.643675e-02;4.207756e-02;1.625544e-01;2.994316e-02;9.164689e-02;8.465526e-02;3.640546e-01;8.989821e-02;3.812314e-02;4.863958e-02;1.736223e-02;1.460818e-02
2.557287e-02;4.911381e-02;2.763121e-01;5.110697e-02;8.828649e-02;6.189034e-02;2.301341e-01;8.199678e-02;5.226294e-02;5.237991e-02;1.919035e-02;1.175327e-02
2.488656e-02;3.253273e-02;2.564726e-01;5.205692e-02;7.366326e-02;4.974564e-02;2.588728e-01;7.428813e-02;5.959748e-02;7.918806e-02;1.876882e-02;1.992695e-02
2.218721e-02;2.212113e-02;1.244650e-01;4.369765e-02;5.768651e-02;5.456057e-02;3.933177e-01;1.152578e-01;4.516149e-02;7.936773e-02;1.938484e-02;2.279236e-02
2.171121e-02;1.929700e-02;1.483229e-01;4.300635e-02;7.653969e-02;5.139771e-02;4.035743e-01;1.162541e-01;4.087293e-02;5.687033e-02;1.100131e-02;1.115219e-02
2.642732e-02;2.396265e-02;1.622626e-01;4.813690e-02;1.277315e-01;7.526468e-02;3.124017e-01;1.120013e-01;3.625964e-02;4.257955e-02;1.485083e-02;1.812120e-02
3.056932e-02;3.554151e-02;9.319520e-02;5.458330e-02;1.337202e-01;9.078246e-02;3.059030e-01;1.130105e-01;4.153225e-02;6.105294e-02;1.189891e-02;2.821027e-02
1.979541e-02;4.876538e-02;1.497498e-01;6.181535e-02;8.018861e-02;5.448551e-02;2.934329e-01;1.343801e-01;5.212202e-02;5.914641e-02;2.240977e-02;2.370865e-02
3.165732e-02;4.388647e-02;1.720605e-01;6.152985e-02;6.321496e-02;5.352800e-02;2.889795e-01;1.203528e-01;5.784861e-02;5.535349e-02;2.971229e-02;2.187630e-02
4.516195e-02;5.651812e-02;1.358721e-01;5.892661e-02;6.474550e-02;7.039531e-02;2.717192e-01;8.312302e-02;7.825465e-02;6.534081e-02;3.841700e-02;3.152566e-02
4.251226e-02;3.685413e-02;1.422798e-01;5.626892e-02;4.170248e-02;5.411145e-02;1.640380e-01;1.522502e-01;1.778148e-01;8.888849e-02;2.122544e-02;2.205407e-02
2.700483e-02;2.529768e-02;1.687858e-01;5.014775e-02;2.715434e-02;4.327620e-02;1.191695e-01;1.977986e-01;1.999460e-01;1.064767e-01;1.664951e-02;1.829308e-02
1.724309e-02;3.391381e-02;2.222202e-01;4.549498e-02;1.737121e-02;2.833247e-02;6.809362e-02;2.199755e-01;1.916340e-01;1.230932e-01;1.404138e-02;1.858653e-02
1.470922e-02;7.789945e-02;2.453603e-01;2.938565e-02;1.170611e-02;1.242777e-02;1.687844e-01;1.780971e-01;1.205469e-01;1.011991e-01;2.414786e-02;1.573624e-02
7.911020e-03;1.933537e-01;2.436136e-01;1.659805e-02;9.056226e-03;1.151492e-02;2.645192e-01;1.019496e-01;4.878252e-02;5.521618e-02;3.586783e-02;1.161713e-02
9.731119e-03;2.321420e-01;2.452529e-01;1.665294e-02;1.014695e-02;1.522743e-02;2.690547e-01;9.625355e-02;4.059172e-02;3.021235e-02;2.553117e-02;9.203194e-03
1.043169e-02;1.053035e-01;3.661245e-01;8.159009e-02;1.439434e-02;1.007767e-02;1.443332e-01;1.378516e-01;7.175456e-02;3.442394e-02;1.386839e-02;9.846495e-03
1.503771e-02;2.315027e-02;3.427324e-01;2.246072e-01;1.934344e-02;1.026656e-02;5.703096e-02;9.348154e-02;1.522246e-01;4.280689e-02;1.420492e-02;5.113547e-03
1.498062e-02;1.374759e-02;1.267328e-01;3.136503e-01;1.246784e-01;1.978916e-02;3.514101e-02;4.519708e-02;1.946862e-01;9.271184e-02;1.448010e-02;4.204799e-03
1.342390e-02;1.534476e-02;5.264513e-02;1.660850e-01;2.569043e-01;5.623416e-02;3.139970e-02;5.504651e-02;1.134796e-01;1.860347e-01;4.615737e-02;7.244849e-03
6.576958e-03;2.126258e-02;2.905832e-02;8.366392e-02;1.912707e-01;1.806189e-01;4.856402e-02;6.706864e-02;5.608737e-02;1.684308e-01;1.236162e-01;2.378152e-02
1.423322e-02;1.731567e-02;3.779355e-02;8.612480e-02;5.012965e-02;2.416533e-01;1.075618e-01;6.684663e-02;7.199655e-02;7.790053e-02;1.309400e-01;9.750429e-02
3.508014e-02;1.317061e-02;4.688727e-02;7.569046e-02;5.855816e-02;1.162173e-01;1.841647e-01;5.305838e-02;7.795341e-02;7.736456e-02;6.939626e-02;1.924588e-01
1.096512e-01;1.878999e-02;4.882680e-02;5.286841e-02;6.018959e-02;6.426815e-02;1.941576e-01;2.780373e-02;5.316466e-02;1.046390e-01;5.078145e-02;2.148595e-01
2.707719e-01;3.093642e-02;5.256424e-02;2.607442e-02;3.517312e-02;4.490893e-02;1.528753e-01;2.273171e-02;3.347267e-02;1.018654e-01;4.233768e-02;1.862882e-01
4.184308e-01;4.965436e-02;5.599657e-02;1.666248e-02;2.939205e-02;4.549192e-02;8.830570e-02;2.673234e-02;2.934553e-02;7.789687e-02;4.619961e-02;1.158917e-01
3.391816e-01;5.283485e-02;6.056052e-02;3.676883e-02;3.240899e-02;6.203010e-02;7.272597e-02;4.267985e-02;3.522809e-02;7.290861e-02;6.240041e-02;1.302722e-01
1.854756e-01;6.880166e-02;5.436528e-02;6.492059e-02;4.221366e-02;5.445727e-02;1.145365e-01;6.623691e-02;3.860912e-02;8.835731e-02;7.791650e-02;1.441096e-01
1.912060e-01;4.890336e-02;4.664277e-02;6.207450e-02;5.368516e-02;6.159619e-02;1.353709e-01;7.171459e-02;4.569164e-02;7.871732e-02;8.044022e-02;1.239573e-01
2.100602e-01;4.824555e-02;6.387208e-02;4.540279e-02;8.008893e-02;8.094171e-02;1.138886e-01;4.318776e-02;4.916536e-02;7.416524e-02;6.444566e-02;1.265361e-01
1.927934e-01;6.052147e-02;8.662248e-02;4.671743e-02;6.001124e-02;7.484283e-02;7.583587e-02;3.712240e-02;2.987207e-02;9.835283e-02;7.670029e-02;1.606077e-01
1.277216e-01;6.158366e-02;8.350445e-02;5.030604e-02;2.539774e-02;4.429160e-02;5.083515e-02;5.042987e-02;3.457848e-02;1.273000e-01;1.079036e-01;2.361479e-01
7.948892e-02;5.305415e-02;6.831575e-02;4.328485e-02;3.916987e-02;4.691409e-02;6.072279e-02;6.301744e-02;3.534351e-02;1.166435e-01;1.555974e-01;2.384477e-01
1.781909e-01;3.264735e-02;4.391153e-02;3.529464e-02;2.358351e-02;3.064949e-02;1.311464e-01;6.737361e-02;5.240975e-02;9.089182e-02;1.353917e-01;1.785093e-01
2.077732e-01;2.503429e-02;4.435629e-02;2.270884e-02;2.274297e-02;3.466623e-02;1.510793e-01;5.435397e-02;4.102897e-02;8.707282e-02;1.505926e-01;1.585905e-01
1.864390e-01;2.330809e-02;5.215063e-02;4.631368e-02;3.246254e-02;2.847533e-02;1.344194e-01;4.412309e-02;2.991060e-02;1.231102e-01;1.577579e-01;1.415295e-01
1.382394e-01;1.704410e-02;3.282820e-02;6.831221e-02;8.515655e-02;2.977195e-02;1.434572e-01;4.453742e-02;5.916442e-02;1.249217e-01;1.203136e-01;1.362532e-01
8.160669e-02;2.109626e-02;6.055519e-02;5.707509e-02;9.419048e-02;5.557386e-02;2.485640e-01;5.478072e-02;4.718687e-02;5.919899e-02;7.704142e-02;1.431304e-01
9.104156e-02;1.755008e-02;1.099109e-01;6.810834e-02;7.191243e-02;1.073222e-01;2.410051e-01;6.017113e-02;3.999208e-02;3.191903e-02;3.502176e-02;1.260453e-01
1.145858e-01;1.788794e-02;1.187101e-01;1.007188e-01;4.181240e-02;1.280071e-01;1.392420e-01;7.223865e-02;3.605422e-02;5.765596e-02;8.078539e-02;9.230164e-02
1.442843e-01;2.804735e-02;9.064827e-02;9.601742e-02;4.853755e-02;9.577301e-02;1.061323e-01;6.716571e-02;3.128102e-02;7.795799e-02;7.443455e-02;1.397206e-01
1.747922e-01;3.497163e-02;5.227915e-02;8.955394e-02;6.330299e-02;4.365997e-02;1.185095e-01;6.803808e-02;5.861225e-02;6.768285e-02;7.743115e-02;1.511663e-01
1.536656e-01;2.434256e-02;9.983609e-02;7.703085e-02;5.813068e-02;9.154164e-02;1.850819e-01;6.113265e-02;6.161655e-02;5.218654e-02;6.414030e-02;7.129466e-02
1.481760e-01;2.550720e-02;8.222728e-02;5.333917e-02;4.615056e-02;8.301424e-02;2.362942e-01;5.279496e-02;5.198927e-02;6.992231e-02;5.875409e-02;9.183067e-02
1.486846e-01;4.149645e-02;5.484456e-02;5.405049e-02;4.127288e-02;5.330881e-02;1.965016e-01;6.800723e-02;4.888270e-02;7.093297e-02;7.655919e-02;1.454585e-01
1.232281e-01;3.495552e-02;1.051616e-01;5.867358e-02;5.191212e-02;4.068103e-02;1.827554e-01;6.783184e-02;4.978437e-02;5.107152e-02;9.330416e-02;1.406407e-01
1.212523e-01;3.990214e-02;1.206552e-01;5.426724e-02;5.870963e-02;3.473020e-02;1.466125e-01;5.859892e-02;7.243111e-02;5.890341e-02;9.793890e-02;1.359985e-01
1.554979e-01;3.431974e-02;7.664143e-02;5.226539e-02;7.579090e-02;4.639643e-02;1.263616e-01;4.884544e-02;7.335632e-02;7.432848e-02;1.129723e-01;1.232242e-01
1.304034e-01;6.531674e-02;5.973210e-02;6.753819e-02;8.120600e-02;7.525893e-02;1.498249e-01;3.469447e-02;1.079825e-01;6.174177e-02;7.050513e-02;9.579598e-02
9.975077e-02;7.517597e-02;2.658329e-02;4.883921e-02;4.269002e-02;8.548077e-02;1.694676e-01;4.549110e-02;1.000598e-01;6.432085e-02;7.394645e-02;1.681942e-01
2.018403e-01;1.079639e-01;6.783701e-02;4.810608e-02;4.318949e-02;4.948056e-02;9.723376e-02;3.012284e-02;4.227372e-02;7.569113e-02;7.725444e-02;1.590068e-01
2.082805e-01;1.064433e-01;8.802302e-02;2.460543e-02;2.685172e-02;5.235134e-02;6.153981e-02;1.790806e-02;4.663814e-02;7.378538e-02;1.480524e-01;1.455209e-01
1.588976e-01;8.074263e-02;7.580428e-02;2.532565e-02;2.032801e-02;8.067790e-02;4.826367e-02;9.647649e-03;4.678579e-02;5.729713e-02;2.518413e-01;1.443884e-01
4.663894e-02;4.143376e-02;6.460033e-02;1.950635e-02;1.197354e-02;1.250711e-01;3.631723e-02;1.274363e-02;3.608058e-02;8.877808e-02;4.093559e-01;1.075006e-01
2.516958e-02;1.912177e-02;4.721994e-02;1.276668e-02;4.874097e-02;1.126817e-01;3.191461e-02;2.466068e-02;2.442832e-02;1.905660e-01;4.203048e-01;4.242496e-02
2.761795e-02;1.529923e-02;2.929326e-02;3.978926e-02;1.003890e-01;7.528304e-02;8.078761e-02;3.627561e-02;4.235193e-02;2.281858e-01;3.001722e-01;2.455509e-02
5.047673e-02;2.219499e-02;5.297168e-02;9.133241e-02;9.276858e-02;4.588785e-02;1.732105e-01;4.427109e-02;5.624424e-02;1.452267e-01;1.843752e-01;4.104003e-02
4.013166e-02;2.175813e-02;8.876464e-02;9.805907e-02;4.891891e-02;2.451256e-02;3.533952e-01;5.691032e-02;4.719599e-02;6.656099e-02;1.174146e-01;3.637789e-02
1.598388e-02;3.078238e-02;8.551504e-02;3.166335e-02;2.941973e-02;3.849348e-02;5.370665e-01;6.270260e-02;3.557333e-02;3.782640e-02;7.698923e-02;1.798407e-02
1.739648e-02;5.339427e-02;4.681693e-02;1.767576e-02;2.975161e-02;4.408615e-02;6.265899e-01;4.743063e-02;2.618098e-02;3.081288e-02;4.907290e-02;1.079152e-02
2.451273e-02;7.650246e-02;3.323631e-02;1.745159e-02;3.035593e-02;4.836609e-02;6.577851e-01;3.209118e-02;2.721654e-02;1.717051e-02;2.352182e-02;1.178975e-02
4.004836e-02;8.912819e-02;4.217980e-02;1.845413e-02;3.657171e-02;4.447605e-02;5.589538e-01;4.763285e-02;5.076880e-02;3.203754e-02;2.716005e-02;1.258869e-02
4.337392e-02;7.260798e-02;1.346620e-01;4.945924e-02;3.169952e-02;4.335562e-02;2.922630e-01;9.785139e-02;1.401976e-01;5.663146e-02;2.382786e-02;1.407049e-02
2.193655e-02;4.386740e-02;2.243294e-01;7.056496e-02;2.325527e-02;3.471421e-02;8.368317e-02;1.625815e-01;2.185989e-01;8.595368e-02;1.996030e-02;1.055467e-02
7.955400e-03;1.492221e-02;2.696674e-01;4.928567e-02;1.166720e-02;1.764794e-02;1.439091e-01;2.010343e-01;1.729729e-01;8.857854e-02;1.361636e-02;8.742989e-03
1.337341e-02;1.549842e-02;2.961627e-01;2.066103e-02;7.609433e-03;1.058922e-02;2.261860e-01;2.155634e-01;8.788303e-02;8.706849e-02;1.091543e-02;8.489439e-03
6.433243e-03;6.576757e-02;2.638963e-01;1.228138e-02;1.325551e-02;1.357324e-02;2.978179e-01;1.746358e-01;7.030424e-02;6.124872e-02;1.289304e-02;7.893137e-03
1.088877e-02;1.882018e-01;1.987128e-01;2.070295e-02;1.390456e-02;1.108752e-02;3.270243e-01;8.956211e-02;7.562694e-02;3.323248e-02;2.756331e-02;3.492487e-03
1.268603e-02;3.026537e-01;9.980631e-02;1.731210e-02;1.577532e-02;1.327268e-02;3.333406e-01;3.620363e-02;1.059560e-01;1.500676e-02;4.568777e-02;2.299076e-03
9.290039e-03;3.289092e-01;4.176755e-02;1.553173e-02;1.399897e-02;2.040564e-02;3.081411e-01;7.351825e-02;1.184839e-01;1.385351e-02;5.157940e-02;4.520641e-03
3.417625e-02;3.517857e-01;3.125788e-02;1.582737e-02;1.796888e-02;3.459449e-02;2.653291e-01;7.294106e-02;9.818783e-02;1.754480e-02;5.294281e-02;7.443792e-03
9.798286e-02;3.121281e-01;1.680411e-02;2.757909e-02;2.615945e-02;5.546507e-02;2.569409e-01;6.108789e-02;6.807451e-02;3.714889e-02;3.399374e-02;6.635370e-03
1.443101e-01;2.151487e-01;2.927855e-02;3.002646e-02;2.301311e-02;8.160786e-02;2.708769e-01;6.279429e-02;4.789616e-02;5.453971e-02;3.601594e-02;4.492187e-03
1.867431e-01;1.895299e-01;3.903290e-02;3.271888e-02;1.527797e-02;9.600021e-02;2.613055e-01;5.871850e-02;3.112249e-02;5.558073e-02;2.880070e-02;5.169065e-03
2.328472e-01;1.455464e-01;4.094921e-02;3.977340e-02;2.355684e-02;1.131455e-01;2.033818e-01;4.982570e-02;2.634999e-02;8.809633e-02;2.696148e-02;9.566126e-03
2.923733e-01;9.580889e-02;4.068229e-02;4.007823e-02;2.815276e-02;1.398230e-01;1.458744e-01;4.220570e-02;3.444286e-02;1.032588e-01;2.626905e-02;1.103074e-02
2.618993e-01;1.365929e-01;3.576029e-02;4.018980e-02;2.290612e-02;1.092521e-01;2.314510e-01;3.163899e-02;2.694185e-02;6.928290e-02;2.513479e-02;8.949949e-03
2.530378e-01;1.375644e-01;3.706252e-02;4.637132e-02;2.079372e-02;1.002106e-01;2.416871e-01;3.598234e-02;2.301543e-02;6.865050e-02;2.678835e-02;8.835874e-03
2.868839e-01;1.300688e-01;3.581199e-02;5.102013e-02;1.667126e-02;1.111971e-01;2.087366e-01;3.905436e-02;2.317417e-02;7.271484e-02;1.445354e-02;1.021332e-02
2.788398e-01;1.548953e-01;2.362075e-02;4.185558e-02;2.391517e-02;1.025328e-01;2.354566e-01;3.798461e-02;2.098714e-02;5.589171e-02;8.045985e-03;1.597465e-02
2.542109e-01;1.705751e-01;1.804890e-02;3.821858e-02;2.870811e-02;9.417697e-02;2.847545e-01;3.243951e-02;2.169610e-02;4.342529e-02;7.904024e-03;5.841990e-03
2.323051e-01;1.655885e-01;2.623016e-02;3.887611e-02;3.154538e-02;9.536406e-02;3.164879e-01;2.874159e-02;2.099891e-02;2.810944e-02;9.883173e-03;5.869626e-03
2.050159e-01;2.048120e-01;4.351791e-02;2.398090e-02;2.516956e-02;9.838372e-02;2.980664e-01;2.821884e-02;1.821572e-02;3.529163e-02;1.185568e-02;7.471710e-03
2.065991e-01;1.800426e-01;4.611892e-02;2.169541e-02;3.403990e-02;9.899130e-02;2.951986e-01;2.929886e-02;1.543824e-02;5.559623e-02;1.062367e-02;6.357175e-03
2.506421e-01;8.301858e-02;5.021911e-02;2.808290e-02;4.826031e-02;1.222350e-01;2.710378e-01;3.480912e-02;1.839133e-02;6.784409e-02;6.648928e-03;1.881072e-02
2.471805e-01;5.906053e-02;5.155429e-02;2.934308e-02;6.446071e-02;1.316387e-01;2.287028e-01;4.085870e-02;3.300861e-02;7.568792e-02;1.450610e-02;2.399809e-02
1.562256e-01;6.680769e-02;1.191160e-01;5.938928e-02;7.289526e-02;1.085958e-01;2.105108e-01;4.753483e-02;4.641668e-02;5.678415e-02;2.794028e-02;2.778360e-02
1.060886e-01;5.143247e-02;1.645986e-01;8.795459e-02;9.370187e-02;9.389772e-02;1.894678e-01;3.389082e-02;6.533361e-02;5.793814e-02;3.076376e-02;2.493201e-02
8.227763e-02;8.358645e-02;1.442646e-01;9.198757e-02;1.772869e-01;1.225025e-01;1.117605e-01;1.656222e-02;6.070373e-02;4.634370e-02;3.002489e-02;3.269934e-02
9.051458e-02;8.837463e-02;1.901592e-01;9.414283e-02;1.638666e-01;1.000545e-01;9.060753e-02;1.995127e-02;3.731630e-02;5.248037e-02;3.543469e-02;3.709739e-02
8.905990e-02;7.228789e-02;3.141429e-01;8.653390e-02;1.225407e-01;8.243740e-02;9.130351e-02;1.416690e-02;2.285856e-02;4.554708e-02;3.183635e-02;2.728498e-02
7.698574e-02;6.375106e-02;4.223194e-01;7.396038e-02;8.055892e-02;4.867183e-02;9.168366e-02;3.380777e-02;2.406072e-02;4.081789e-02;2.787730e-02;1.550536e-02
4.502856e-02;8.142597e-02;4.666435e-01;6.404983e-02;6.862356e-02;5.326942e-02;7.691199e-02;4.486634e-02;3.215289e-02;3.174603e-02;1.766678e-02;1.761515e-02
5.434827e-02;1.094906e-01;4.638289e-01;5.533874e-02;4.506008e-02;4.813705e-02;9.212081e-02;3.102162e-02;2.430937e-02;3.963896e-02;1.634946e-02;2.035610e-02
8.090755e-02;1.029888e-01;4.764746e-01;4.742453e-02;4.384985e-02;4.848548e-02;9.220947e-02;1.586873e-02;3.097709e-02;3.491369e-02;1.381491e-02;1.208536e-02
1.185222e-01;1.056653e-01;4.643430e-01;4.615352e-02;4.521538e-02;3.850501e-02;5.688271e-02;1.654099e-02;4.199629e-02;3.961897e-02;1.898842e-02;7.568216e-03
1.419592e-01;1.362579e-01;3.979698e-01;4.201521e-02;3.497684e-02;3.983213e-02;5.606885e-02;2.829560e-02;4.439819e-02;4.390027e-02;2.317918e-02;1.114695e-02
1.541590e-01;1.310187e-01;3.966295e-01;5.563780e-02;2.791163e-02;3.430881e-02;5.591696e-02;4.585387e-02;2.331108e-02;4.047666e-02;2.394474e-02;1.083126e-02
1.029744e-01;1.042473e-01;3.687762e-01;7.057031e-02;5.388797e-02;5.170068e-02;5.763440e-02;3.757129e-02;3.807887e-02;5.032187e-02;4.753193e-02;1.670481e-02
9.216303e-02;8.467561e-02;2.725470e-01;6.506892e-02;6.614807e-02;6.799677e-02;1.001949e-01;3.610846e-02;3.426141e-02;7.558606e-02;7.772250e-02;2.752724e-02
1.340211e-01;6.091575e-02;2.227232e-01;5.545892e-02;6.513418e-02;7.352766e-02;1.040709e-01;3.161906e-02;2.447742e-02;9.359466e-02;9.429328e-02;4.016390e-02
