1.095999e-01;6.684644e-02;1.028934e-01;6.052175e-02;7.616633e-02;5.594075e-02;1.532161e-01;5.774236e-02;7.768858e-02;1.158429e-01;6.705324e-02;5.648825e-02
9.002741e-02;6.246897e-02;1.520781e-01;5.732661e-02;7.684454e-02;5.789302e-02;1.376508e-01;9.186959e-02;7.537839e-02;7.745117e-02;7.413878e-02;4.687259e-02
1.490380e-01;1.267656e-01;1.893970e-01;4.616123e-02;6.959406e-02;5.610057e-02;1.510362e-01;5.147324e-02;3.183729e-02;5.548766e-02;4.035239e-02;3.275666e-02
1.239132e-01;1.375491e-01;1.902676e-01;4.851730e-02;7.314208e-02;6.079174e-02;1.708752e-01;4.075939e-02;3.813399e-02;5.331469e-02;3.729687e-02;2.543890e-02
8.350313e-02;1.308749e-01;2.546051e-01;6.190527e-02;6.989232e-02;6.145702e-02;1.517055e-01;3.489152e-02;2.646757e-02;7.718320e-02;3.214516e-02;1.536924e-02
4.630184e-02;1.313393e-01;3.118735e-01;6.442982e-02;6.517000e-02;6.720734e-02;1.171989e-01;3.202562e-02;1.787670e-02;1.035313e-01;3.495697e-02;8.088603e-03
5.215625e-02;1.581629e-01;3.044246e-01;4.903648e-02;6.116983e-02;7.409194e-02;1.077550e-01;3.172828e-02;1.816218e-02;1.011771e-01;3.663062e-02;5.504873e-03
1.031487e-01;1.830533e-01;2.653805e-01;3.917020e-02;4.945173e-02;6.864404e-02;9.289584e-02;3.124193e-02;2.494697e-02;8.375866e-02;4.028394e-02;1.802416e-02
1.835342e-01;1.562624e-01;2.164874e-01;4.311237e-02;3.460661e-02;5.369702e-02;6.612682e-02;3.108463e-02;4.212658e-02;7.187494e-02;5.128980e-02;4.979720e-02
2.120460e-01;7.954411e-02;1.924444e-01;7.108983e-02;6.145974e-02;3.774384e-02;3.893723e-02;3.492484e-02;4.702893e-02;5.329249e-02;7.904602e-02;9.244255e-02
1.383694e-01;4.545414e-02;1.795787e-01;1.282019e-01;9.176895e-02;3.811431e-02;2.534147e-02;6.220144e-02;2.795023e-02;5.517494e-02;1.215156e-01;8.632888e-02
5.060937e-02;4.552475e-02;1.740355e-01;1.475990e-01;1.054653e-01;3.903700e-02;2.270392e-02;1.070337e-01;4.903560e-02;6.641041e-02;1.418133e-01;5.073206e-02
3.239567e-02;6.221152e-02;1.599139e-01;1.152381e-01;9.470914e-02;2.713087e-02;2.116615e-02;1.714679e-01;7.466582e-02;8.435553e-02;1.221617e-01;3.458365e-02
3.223794e-02;7.801542e-02;1.744890e-01;8.044501e-02;8.894567e-02;4.083038e-02;2.577507e-02;2.193916e-01;5.723360e-02;6.881837e-02;8.335984e-02;5.045812e-02
4.511138e-02;7.500458e-02;2.029585e-01;9.218999e-02;9.897385e-02;6.228597e-02;2.840382e-02;1.900957e-01;3.338131e-02;4.884471e-02;7.321709e-02;4.953315e-02
5.558839e-02;6.835736e-02;2.385228e-01;1.067281e-01;1.025422e-01;7.116626e-02;6.025622e-02;1.216801e-01;2.254480e-02;4.900178e-02;6.724228e-02;3.636967e-02
8.476344e-02;6.566100e-02;2.784283e-01;1.086683e-01;8.215965e-02;6.193826e-02;7.201932e-02;7.228133e-02;1.775704e-02;5.289586e-02;6.898558e-02;3.444191e-02
1.187299e-01;8.735068e-02;2.784523e-01;7.840414e-02;5.085218e-02;4.842097e-02;6.349205e-02;5.005030e-02;2.908395e-02;5.377044e-02;8.464542e-02;5.674763e-02
9.061793e-02;1.031174e-01;1.606359e-01;7.396674e-02;9.985147e-02;5.895572e-02;4.205027e-02;9.637205e-02;2.477853e-02;5.084336e-02;1.101281e-01;8.868252e-02
5.430514e-02;8.104493e-02;2.755173e-01;5.563952e-02;1.114113e-01;6.280770e-02;3.826907e-02;1.016494e-01;2.322284e-02;3.769405e-02;7.737331e-02;8.106542e-02
6.316215e-02;4.651153e-02;3.223443e-01;7.245843e-02;1.143243e-01;5.498775e-02;2.760261e-02;9.800097e-02;2.599369e-02;3.812454e-02;6.123869e-02;7.525096e-02
5.055542e-02;4.269119e-02;2.636289e-01;8.505240e-02;1.223935e-01;4.799832e-02;4.907155e-02;1.068112e-01;3.853059e-02;5.186583e-02;7.730326e-02;6.409781e-02
7.413500e-02;4.408584e-02;1.748701e-01;8.108915e-02;1.246241e-01;4.629334e-02;5.626326e-02;1.262816e-01;5.944281e-02;4.661404e-02;1.029397e-01;6.336103e-02
1.023213e-01;6.332295e-02;9.409689e-02;8.362880e-02;1.184819e-01;5.949134e-02;8.313403e-02;1.426599e-01;3.562016e-02;4.176278e-02;7.411692e-02;1.013630e-01
6.290977e-02;5.322465e-02;7.492078e-02;6.395530e-02;5.485364e-02;5.580396e-02;7.686371e-02;1.164239e-01;1.334883e-01;2.047455e-01;3.611469e-02;6.669582e-02
5.920624e-02;3.584825e-02;6.437223e-02;5.492775e-02;3.791483e-02;6.450698e-02;9.098533e-02;8.376492e-02;1.719213e-01;2.530232e-01;4.066293e-02;4.286603e-02
6.427859e-02;3.814478e-02;6.922422e-02;5.288535e-02;4.180752e-02;5.751281e-02;9.466961e-02;8.220776e-02;1.729179e-01;2.428221e-01;3.998195e-02;4.354746e-02
7.126190e-02;5.863347e-02;7.156541e-02;5.516629e-02;5.449941e-02;4.832580e-02;1.092250e-01;9.813248e-02;1.664474e-01;1.898377e-01;3.055501e-02;4.635014e-02
6.767259e-02;7.712743e-02;5.559678e-02;7.167625e-02;5.576041e-02;4.591008e-02;1.235708e-01;8.462216e-02;1.238559e-01;2.253332e-01;3.196346e-02;3.691107e-02
4.305372e-02;5.763063e-02;1.323008e-01;6.410640e-02;5.653720e-02;4.443440e-02;1.176702e-01;5.275670e-02;9.007374e-02;2.426126e-01;5.810839e-02;4.071515e-02
5.869865e-02;6.619687e-02;1.606001e-01;5.187662e-02;5.889492e-02;5.541473e-02;1.832941e-01;6.523968e-02;1.172788e-01;1.216554e-01;3.840140e-02;2.244864e-02
5.149337e-02;7.842889e-02;1.118847e-01;4.012918e-02;5.374033e-02;6.255268e-02;2.822738e-01;7.587310e-02;1.109728e-01;8.384985e-02;3.716858e-02;1.163266e-02
4.178707e-02;7.595465e-02;6.401999e-02;5.161393e-02;4.895482e-02;5.980195e-02;3.956913e-01;8.245850e-02;8.816225e-02;5.501769e-02;3.168555e-02;4.852335e-03
4.037154e-02;5.342480e-02;6.538902e-02;1.095877e-01;5.449301e-02;4.056173e-02;4.428023e-01;7.031045e-02;4.978002e-02;3.875209e-02;2.713784e-02;7.389449e-03
5.486248e-02;4.866037e-02;5.716161e-02;1.270230e-01;7.272223e-02;5.509488e-02;4.138135e-01;5.517887e-02;2.836176e-02;4.380878e-02;3.089206e-02;1.242049e-02
6.745602e-02;5.915617e-02;5.066542e-02;1.125318e-01;9.024753e-02;7.541553e-02;3.615589e-01;5.283594e-02;3.186044e-02;5.279498e-02;3.041703e-02;1.506015e-02
1.156524e-01;4.944323e-02;7.888972e-02;7.750165e-02;1.072119e-01;9.843780e-02;2.877850e-01;4.167653e-02;4.232872e-02;5.594436e-02;2.033002e-02;2.479876e-02
1.747859e-01;9.110287e-02;8.080003e-02;5.250026e-02;8.947636e-02;1.348803e-01;1.857168e-01;6.343441e-02;3.494212e-02;4.993036e-02;1.751707e-02;2.491347e-02
1.096858e-01;9.010123e-02;1.188098e-01;5.147115e-02;6.382523e-02;8.310567e-02;2.953718e-01;6.225238e-02;3.726082e-02;4.855507e-02;1.796934e-02;2.159166e-02
6.309135e-02;6.162259e-02;1.366754e-01;5.447624e-02;5.657671e-02;5.139835e-02;3.247224e-01;1.015871e-01;5.703976e-02;5.712611e-02;1.699853e-02;1.868541e-02
3.878876e-02;3.301433e-02;1.654025e-01;7.722298e-02;4.590739e-02;5.184467e-02;2.792866e-01;1.166116e-01;8.035939e-02;7.219458e-02;2.134454e-02;1.802268e-02
8.619029e-02;2.664023e-02;1.256739e-01;1.182065e-01;5.052142e-02;4.725114e-02;1.694168e-01;1.025926e-01;1.249180e-01;1.059275e-01;3.116277e-02;1.149899e-02
1.239434e-01;4.668576e-02;2.040952e-01;1.047043e-01;4.856864e-02;3.904780e-02;4.793755e-02;6.391774e-02;1.204317e-01;1.397982e-01;4.373876e-02;1.713097e-02
1.299594e-01;6.437920e-02;2.106785e-01;6.197777e-02;6.244125e-02;4.400328e-02;6.453292e-02;2.745248e-02;5.688118e-02;1.743288e-01;5.775329e-02;4.561196e-02
1.054167e-01;6.344987e-02;1.074766e-01;3.874508e-02;1.152169e-01;2.570093e-02;4.463409e-02;1.523240e-02;3.395832e-02;2.655977e-01;1.061986e-01;7.837274e-02
4.891616e-02;6.754802e-02;2.079673e-02;2.300871e-02;1.456568e-01;1.985959e-02;2.946689e-02;2.419384e-02;5.397434e-02;3.416733e-01;1.349723e-01;8.993330e-02
1.617417e-02;8.050103e-02;1.292335e-02;2.112891e-02;1.785919e-01;2.769365e-02;3.844818e-02;2.805186e-02;6.632074e-02;3.434141e-01;1.260172e-01;6.073488e-02
9.849831e-03;9.083299e-02;1.697449e-02;2.558158e-02;2.523784e-01;4.427316e-02;3.770653e-02;3.649024e-02;5.084092e-02;2.889644e-01;1.160529e-01;3.005457e-02
1.230892e-02;1.108980e-01;1.491650e-02;2.514809e-02;3.066124e-01;6.898608e-02;3.505830e-02;4.720517e-02;3.410030e-02;2.273289e-01;1.006509e-01;1.678651e-02
1.311982e-02;1.383540e-01;1.015919e-02;2.105199e-02;3.370210e-01;7.654704e-02;1.835520e-02;5.166130e-02;2.704662e-02;1.965117e-01;8.751383e-02;2.265820e-02
1.821099e-02;1.659634e-01;1.385603e-02;1.692042e-02;3.223504e-01;7.370172e-02;1.923729e-02;4.635084e-02;3.041850e-02;1.922808e-01;8.010413e-02;2.060554e-02
1.586512e-02;1.806442e-01;2.178225e-02;3.022056e-02;2.846700e-01;7.391946e-02;1.464386e-02;4.460498e-02;2.673432e-02;2.121507e-01;7.342380e-02;2.134078e-02
2.416366e-02;1.650141e-01;4.204033e-02;4.929304e-02;2.571473e-01;7.888202e-02;2.757148e-02;4.376603e-02;3.760405e-02;1.922633e-01;5.278892e-02;2.946589e-02
3.976563e-02;1.322904e-01;8.071702e-02;7.210058e-02;1.951154e-01;9.661072e-02;7.134679e-02;4.150189e-02;5.437064e-02;1.466204e-01;4.030362e-02;2.925697e-02
3.893494e-02;8.963866e-02;8.834605e-02;1.114375e-01;1.040391e-01;8.400163e-02;1.463442e-01;6.793364e-02;8.291566e-02;1.144631e-01;5.232719e-02;1.961825e-02
4.137056e-02;5.264109e-02;6.523691e-02;1.601183e-01;5.710516e-02;4.291133e-02;1.551792e-01;1.314089e-01;1.171772e-01;1.091849e-01;5.805759e-02;9.608700e-03
2.358394e-02;4.213740e-02;9.686536e-02;1.762406e-01;6.069410e-02;3.553924e-02;1.155616e-01;1.552916e-01;1.311070e-01;9.531239e-02;5.578373e-02;1.188295e-02
8.478967e-03;4.137226e-02;1.592531e-01;1.372699e-01;7.800017e-02;8.748913e-02;1.353267e-01;1.164816e-01;1.081270e-01;6.891945e-02;4.365813e-02;1.562349e-02
5.072460e-03;3.962186e-02;2.128509e-01;6.660675e-02;6.242036e-02;1.391169e-01;1.855988e-01;9.906731e-02;6.748264e-02;6.444719e-02;2.619201e-02;3.152276e-02
6.641094e-03;2.972175e-02;2.250767e-01;3.531034e-02;3.317000e-02;1.359072e-01;2.261766e-01;1.377984e-01;4.236901e-02;6.936713e-02;1.756958e-02;4.089217e-02
5.581511e-03;2.162058e-02;2.256196e-01;2.097348e-02;1.731314e-02;9.827209e-02;2.566457e-01;1.952262e-01;2.976936e-02;7.267389e-02;1.320043e-02;4.310399e-02
8.114358e-03;2.230761e-02;2.104437e-01;1.497621e-02;2.154414e-02;6.144159e-02;2.638589e-01;2.370495e-01;2.801377e-02;8.211827e-02;1.497503e-02;3.515701e-02
2.149448e-02;2.547457e-02;2.177938e-01;1.792452e-02;2.254116e-02;4.922695e-02;2.352169e-01;2.165965e-01;3.889804e-02;7.859342e-02;3.486897e-02;4.137073e-02
4.961821e-02;3.956805e-02;2.501298e-01;4.477840e-02;3.316884e-02;3.519519e-02;1.749818e-01;1.356993e-01;4.470946e-02;7.201183e-02;5.982623e-02;6.031286e-02
4.376540e-02;5.921880e-02;2.966613e-01;4.069369e-02;3.204751e-02;3.205165e-02;1.761563e-01;1.036871e-01;3.351229e-02;5.487010e-02;4.674706e-02;8.058883e-02
2.272245e-02;4.835710e-02;3.383419e-01;3.294538e-02;1.903330e-02;4.930472e-02;1.703227e-01;1.095950e-01;2.767648e-02;4.348850e-02;2.024530e-02;1.179673e-01
2.718922e-02;2.626147e-02;3.315654e-01;6.100444e-02;1.783038e-02;6.831060e-02;1.333441e-01;1.018936e-01;4.659633e-02;3.674619e-02;8.194898e-03;1.410633e-01
7.453100e-02;2.724335e-02;2.569536e-01;1.111804e-01;2.969903e-02;6.092805e-02;9.716782e-02;7.504854e-02;9.273393e-02;3.494404e-02;1.420733e-02;1.253629e-01
1.532789e-01;2.758042e-02;1.610247e-01;1.674915e-01;3.632856e-02;2.758810e-02;7.760035e-02;5.317049e-02;1.475783e-01;4.332273e-02;2.761292e-02;7.742307e-02
2.183318e-01;1.619205e-02;1.036153e-01;1.981710e-01;3.881448e-02;1.169363e-02;7.559353e-02;4.568209e-02;1.762239e-01;4.826026e-02;4.057203e-02;2.684992e-02
2.335430e-01;2.099591e-02;1.027266e-01;1.913983e-01;4.391086e-02;9.212956e-03;8.177155e-02;4.479035e-02;1.685533e-01;5.451086e-02;3.971338e-02;8.872920e-03
2.235070e-01;6.519610e-03;9.157753e-02;1.878280e-01;6.174371e-02;1.270167e-02;1.026995e-01;4.539481e-02;1.603250e-01;6.979439e-02;3.112023e-02;6.788533e-03
1.964573e-01;1.057198e-02;6.579328e-02;1.816246e-01;6.762394e-02;1.583950e-02;1.373096e-01;3.817857e-02;1.671053e-01;8.305810e-02;2.527758e-02;1.116029e-02
1.316413e-01;1.897310e-02;6.611902e-02;1.663314e-01;7.905606e-02;2.442539e-02;1.564446e-01;5.397110e-02;1.637069e-01;9.070459e-02;3.005953e-02;1.856706e-02
6.408469e-02;2.260792e-02;6.478524e-02;1.729812e-01;5.171869e-02;3.636488e-02;1.518876e-01;7.297672e-02;1.787324e-01;1.159388e-01;5.154745e-02;1.637449e-02
6.714118e-02;1.585123e-02;5.845739e-02;1.998350e-01;3.203415e-02;2.683713e-02;1.091339e-01;7.159131e-02;2.199548e-01;1.213382e-01;6.102352e-02;1.680208e-02
7.001409e-02;8.692167e-03;4.355580e-02;2.284591e-01;3.420109e-02;2.276870e-02;7.221118e-02;6.097283e-02;2.667401e-01;1.215224e-01;5.781334e-02;1.304907e-02
5.346819e-02;2.065337e-02;5.330781e-02;1.892643e-01;2.936113e-02;2.841998e-02;1.382103e-01;6.364596e-02;2.483357e-01;1.137317e-01;4.369992e-02;1.790157e-02
5.013429e-02;4.496767e-02;7.404212e-02;1.394924e-01;3.965990e-02;4.134547e-02;1.310163e-01;6.254830e-02;2.236041e-01;1.129482e-01;5.320622e-02;2.703497e-02
4.226446e-02;4.465972e-02;1.402577e-01;1.094265e-01;5.882762e-02;3.968503e-02;1.265711e-01;6.499568e-02;2.054223e-01;8.691314e-02;5.788513e-02;2.309160e-02
3.458099e-02;3.166940e-02;1.563424e-01;9.666716e-02;5.537108e-02;4.703495e-02;1.735799e-01;6.772124e-02;1.814598e-01;7.239944e-02;5.825421e-02;2.491943e-02
3.593733e-02;2.568259e-02;1.602932e-01;6.797289e-02;4.621502e-02;7.940884e-02;2.191027e-01;8.727343e-02;1.269961e-01;7.062318e-02;4.400976e-02;3.648495e-02
5.538744e-02;4.853887e-02;1.334022e-01;3.839168e-02;5.943019e-02;9.096297e-02;2.502968e-01;9.587010e-02;6.323721e-02;7.909999e-02;4.589549e-02;3.948710e-02
7.480216e-02;8.371080e-02;1.465050e-01;3.713944e-02;7.816520e-02;6.273814e-02;2.418596e-01;7.799541e-02;4.619393e-02;5.546232e-02;6.758656e-02;2.784147e-02
5.821840e-02;5.866113e-02;1.916683e-01;5.128060e-02;6.471711e-02;3.286489e-02;2.404617e-01;1.001236e-01;4.173853e-02;5.489044e-02;4.665034e-02;5.872496e-02
3.070413e-02;3.463788e-02;2.277741e-01;3.581550e-02;3.148274e-02;1.953265e-02;2.438614e-01;1.243123e-01;4.137782e-02;7.278866e-02;2.659029e-02;1.111225e-01
1.708915e-02;3.142193e-02;2.354995e-01;3.237822e-02;1.071686e-02;2.266663e-02;2.556410e-01;1.234014e-01;3.698340e-02;7.708105e-02;1.349321e-02;1.436276e-01
5.730308e-02;4.732891e-02;2.097984e-01;4.825854e-02;2.369376e-02;1.790897e-02;3.005986e-01;9.044348e-02;2.591653e-02;5.732243e-02;1.212123e-02;1.093061e-01
1.210514e-01;6.626832e-02;1.652902e-01;5.662630e-02;4.308868e-02;2.642787e-02;3.385161e-01;5.131664e-02;1.825756e-02;3.300320e-02;2.444654e-02;5.570714e-02
1.622657e-01;7.899834e-02;1.174951e-01;5.837028e-02;4.929424e-02;4.026831e-02;3.549779e-01;2.987907e-02;1.911715e-02;2.456618e-02;2.957819e-02;3.518943e-02
1.465561e-01;1.053165e-01;7.549473e-02;5.485955e-02;5.122748e-02;5.549206e-02;3.393588e-01;4.598841e-02;2.837097e-02;3.104803e-02;2.093771e-02;4.534959e-02
1.433709e-01;1.304999e-01;2.969560e-02;4.586877e-02;5.193153e-02;5.612642e-02;3.321904e-01;6.324510e-02;3.529009e-02;5.128245e-02;1.758522e-02;4.291361e-02
1.806602e-01;1.014917e-01;5.507258e-02;3.356782e-02;6.535117e-02;5.361520e-02;2.978105e-01;6.098231e-02;3.812338e-02;5.805472e-02;2.082435e-02;3.444597e-02
1.547554e-01;6.363658e-02;9.657801e-02;5.648222e-02;1.033758e-01;5.820070e-02;1.960067e-01;7.430654e-02;5.410258e-02;7.443549e-02;2.035349e-02;4.776653e-02
7.826749e-02;3.437627e-02;1.161045e-01;9.544790e-02;1.307265e-01;5.449226e-02;1.463763e-01;9.797939e-02;6.738019e-02;6.471058e-02;2.822256e-02;8.591609e-02
9.084901e-02;2.806870e-02;1.059585e-01;9.957815e-02;1.283220e-01;5.353185e-02;1.354302e-01;7.713856e-02;8.081830e-02;6.367849e-02;1.789808e-02;1.187281e-01
1.090810e-01;2.552913e-02;6.113189e-02;6.473280e-02;1.336171e-01;7.100246e-02;2.162441e-01;5.469652e-02;7.999454e-02;6.374875e-02;1.848676e-02;1.017350e-01
1.516907e-01;6.800989e-02;3.034869e-02;3.120613e-02;1.263251e-01;8.417754e-02;1.980183e-01;5.854974e-02;6.853049e-02;6.380979e-02;2.887993e-02;9.045370e-02
2.235916e-01;1.107536e-01;4.381688e-02;1.503724e-02;1.077776e-01;8.745480e-02;1.214471e-01;4.710027e-02;6.145813e-02;5.514559e-02;3.967565e-02;8.674151e-02
2.684516e-01;9.418086e-02;5.479964e-02;2.059918e-02;9.605419e-02;8.011950e-02;1.232221e-01;2.673251e-02;5.857841e-02;6.292579e-02;4.656145e-02;6.777469e-02
2.352778e-01;9.617777e-02;7.401823e-02;2.686951e-02;9.071902e-02;7.272034e-02;1.359357e-01;4.078803e-02;6.018648e-02;5.365767e-02;4.849172e-02;6.515771e-02
1.896946e-01;8.470788e-02;1.117149e-01;3.332524e-02;9.071665e-02;6.570759e-02;1.563826e-01;5.314672e-02;5.480915e-02;4.375095e-02;4.073047e-02;7.531314e-02
1.718792e-01;6.724066e-02;1.730322e-01;4.411456e-02;7.320359e-02;5.796050e-02;1.668613e-01;4.771680e-02;4.603505e-02;4.502769e-02;3.812355e-02;6.880494e-02
1.129869e-01;1.166890e-01;2.517606e-01;5.249910e-02;5.758652e-02;4.877964e-02;1.311642e-01;3.804740e-02;3.527140e-02;5.281516e-02;5.707800e-02;4.532204e-02
1.002307e-01;1.339293e-01;2.072245e-01;5.645988e-02;1.118829e-01;5.567186e-02;8.710212e-02;3.850869e-02;3.212695e-02;7.021005e-02;5.241110e-02;5.424188e-02
1.165789e-01;1.293973e-01;1.116348e-01;3.826480e-02;9.223929e-02;7.283018e-02;1.658216e-01;2.436086e-02;4.845262e-02;5.097576e-02;4.941528e-02;1.000286e-01
1.154303e-01;1.169816e-01;1.619384e-01;4.547495e-02;8.435026e-02;6.728257e-02;1.677303e-01;3.689075e-02;4.164172e-02;2.108427e-02;4.983084e-02;9.136388e-02
8.897702e-02;8.487080e-02;1.528606e-01;7.784028e-02;5.891750e-02;7.184987e-02;1.611264e-01;6.935842e-02;1.035466e-01;4.113867e-02;3.367078e-02;5.584305e-02
9.681238e-02;7.343461e-02;1.106679e-01;7.258306e-02;3.507823e-02;6.457330e-02;1.521990e-01;1.091205e-01;1.526997e-01;4.422211e-02;4.074959e-02;4.785962e-02
1.117479e-01;6.972195e-02;9.238715e-02;6.638722e-02;4.933879e-02;4.615977e-02;1.498967e-01;1.132796e-01;1.555579e-01;5.269520e-02;4.343987e-02;4.938796e-02
1.535167e-01;5.695226e-02;8.544933e-02;5.603219e-02;5.771659e-02;4.110546e-02;1.617755e-01;9.698191e-02;1.379553e-01;5.424375e-02;4.638399e-02;5.188703e-02
1.731496e-01;1.324762e-01;1.193632e-01;3.414512e-02;4.570929e-02;4.840244e-02;2.003122e-01;5.474574e-02;4.028821e-02;4.999261e-02;5.145587e-02;4.995957e-02
1.552143e-01;1.560199e-01;1.165318e-01;3.767017e-02;3.725894e-02;5.291025e-02;2.311793e-01;5.490538e-02;4.052284e-02;3.694545e-02;4.323538e-02;3.760631e-02
1.498025e-01;1.811612e-01;1.013035e-01;5.272227e-02;3.204077e-02;5.352680e-02;2.477865e-01;4.327565e-02;3.269003e-02;3.706784e-02;2.985232e-02;3.877062e-02
2.309499e-01;1.765955e-01;7.452381e-02;6.839149e-02;3.411566e-02;5.641927e-02;2.034713e-01;2.179842e-02;1.482006e-02;5.468620e-02;1.539255e-02;4.883584e-02
3.006974e-01;1.231292e-01;5.534336e-02;5.644184e-02;5.725321e-02;7.734851e-02;1.558178e-01;2.574353e-02;1.225278e-02;6.786819e-02;2.331183e-02;4.479225e-02
3.020556e-01;7.983741e-02;3.587213e-02;4.518837e-02;8.566169e-02;1.044054e-01;1.177171e-01;3.843702e-02;2.461534e-02;6.224796e-02;5.784530e-02;4.611662e-02
1.718672e-01;5.088767e-02;3.505872e-02;3.420874e-02;1.085322e-01;1.228030e-01;2.043989e-01;4.617343e-02;2.307983e-02;4.396714e-02;1.100051e-01;4.901814e-02
1.148800e-01;4.252979e-02;4.831261e-02;2.165545e-02;1.103802e-01;1.248352e-01;2.777638e-01;4.454055e-02;3.234535e-02;3.821696e-02;9.833868e-02;4.620146e-02
1.731804e-01;4.788908e-02;4.472616e-02;2.328961e-02;1.137182e-01;1.389246e-01;2.498835e-01;4.697331e-02;2.581974e-02;3.490935e-02;5.547952e-02;4.520661e-02
2.376668e-01;5.223703e-02;4.935342e-02;2.423594e-02;8.750059e-02;1.251740e-01;2.079369e-01;7.411212e-02;4.718079e-02;3.954452e-02;2.528208e-02;2.977573e-02
3.100815e-01;8.894397e-02;2.231315e-02;2.057420e-02;6.533914e-02;1.150242e-01;1.809748e-01;5.519385e-02;4.251679e-02;3.982124e-02;1.898544e-02;4.023166e-02
3.704121e-01;1.042921e-01;2.863128e-02;1.969940e-02;4.927373e-02;1.270902e-01;1.650676e-01;3.511220e-02;2.750344e-02;3.162957e-02;9.723729e-03;3.156476e-02
4.012681e-01;1.051981e-01;1.369822e-02;2.086111e-02;4.766327e-02;1.332812e-01;1.545275e-01;3.829423e-02;1.670234e-02;3.902764e-02;4.782605e-03;2.469564e-02
4.086442e-01;1.081171e-01;1.957092e-02;2.006934e-02;4.913624e-02;1.274531e-01;1.300251e-01;4.191003e-02;1.639680e-02;3.985961e-02;9.816490e-03;2.900107e-02
4.103808e-01;1.014508e-01;2.721962e-02;1.998880e-02;4.721041e-02;1.186163e-01;1.044475e-01;4.208571e-02;2.610718e-02;3.204056e-02;2.990225e-02;4.055012e-02
3.735129e-01;9.207173e-02;4.262496e-02;1.816865e-02;5.130992e-02;9.779348e-02;8.484860e-02;3.631664e-02;4.419496e-02;3.378342e-02;6.509598e-02;6.027878e-02
2.855341e-01;9.161501e-02;7.039826e-02;2.697966e-02;6.528432e-02;6.553654e-02;7.573301e-02;2.337273e-02;8.128642e-02;5.831383e-02;7.969848e-02;7.624768e-02
2.084405e-01;8.169132e-02;8.232774e-02;4.783129e-02;8.683854e-02;4.615470e-02;7.001202e-02;3.847954e-02;1.061362e-01;8.179903e-02;8.057921e-02;6.971001e-02
1.433083e-01;5.748783e-02;1.120044e-01;8.537855e-02;9.275784e-02;4.457706e-02;5.685424e-02;6.696048e-02;1.061832e-01;8.885173e-02;1.052373e-01;4.039911e-02
1.309944e-01;3.459141e-02;1.263274e-01;9.743400e-02;6.577826e-02;5.670978e-02;8.406153e-02;7.293127e-02;9.317767e-02;7.529677e-02;9.715888e-02;6.553859e-02
1.707284e-01;3.507397e-02;7.845531e-02;7.160389e-02;7.907607e-02;6.735583e-02;1.151438e-01;9.442799e-02;8.043243e-02;5.660294e-02;6.947553e-02;8.162378e-02
1.828471e-01;3.840902e-02;1.408700e-01;4.969360e-02;5.808224e-02;6.762002e-02;1.053578e-01;7.718780e-02;8.861755e-02;7.004516e-02;5.090755e-02;7.036231e-02
1.220295e-01;5.303962e-02;1.576008e-01;7.584051e-02;6.058062e-02;5.385466e-02;1.038655e-01;8.104736e-02;8.314240e-02;7.667102e-02;7.945701e-02;5.287098e-02
7.441208e-02;6.219332e-02;1.192694e-01;8.422423e-02;7.982644e-02;4.098413e-02;1.102741e-01;1.113351e-01;8.169132e-02;8.347662e-02;9.845635e-02;5.385686e-02
1.132413e-01;6.472503e-02;8.625504e-02;7.498649e-02;7.060992e-02;5.205246e-02;9.986208e-02;1.373805e-01;8.184544e-02;9.135643e-02;6.450148e-02;6.318387e-02
1.152821e-01;4.422611e-02;9.914329e-02;7.991716e-02;7.271771e-02;6.418442e-02;1.080094e-01;1.041572e-01;1.087031e-01;9.904053e-02;4.053287e-02;6.408620e-02
1.330346e-01;2.682687e-02;1.417377e-01;5.871812e-02;8.103281e-02;6.034245e-02;7.709094e-02;7.888690e-02;1.392076e-01;1.047842e-01;4.590227e-02;5.243562e-02
9.253303e-02;4.415210e-02;1.715908e-01;4.608137e-02;9.244278e-02;6.071680e-02;7.645741e-02;9.571733e-02;8.094325e-02;1.189016e-01;6.850109e-02;5.196235e-02
1.009427e-01;7.182349e-02;2.015410e-01;6.669040e-02;6.327964e-02;3.545549e-02;1.105438e-01;6.174325e-02;4.399931e-02;7.602004e-02;8.240460e-02;8.555628e-02
8.109041e-02;1.041576e-01;2.477318e-01;5.312318e-02;4.461873e-02;2.578451e-02;1.341923e-01;4.593911e-02;4.137140e-02;4.182065e-02;9.033281e-02;8.983754e-02
4.082010e-02;1.417599e-01;2.952569e-01;3.341746e-02;3.449070e-02;2.161267e-02;1.797212e-01;4.429336e-02;2.599308e-02;1.968481e-02;9.204107e-02;7.090876e-02
2.731249e-02;1.736806e-01;3.072664e-01;1.397197e-02;3.326312e-02;1.263203e-02;2.282302e-01;7.240777e-02;1.148444e-02;1.079591e-02;7.924033e-02;2.971478e-02
1.632824e-02;1.755716e-01;2.501824e-01;1.632122e-02;5.662277e-02;1.474679e-02;2.683688e-01;9.187118e-02;1.045197e-02;1.374408e-02;6.162899e-02;2.416192e-02
2.010813e-02;1.651822e-01;1.519279e-01;1.094010e-02;1.032112e-01;2.132654e-02;3.361844e-01;8.481852e-02;1.683176e-02;1.714712e-02;5.164301e-02;2.067907e-02
2.800332e-02;1.541009e-01;5.780662e-02;9.131986e-03;1.444311e-01;5.431737e-02;3.933695e-01;6.024051e-02;2.363946e-02;1.392031e-02;5.238614e-02;8.652786e-03
3.042020e-02;1.356873e-01;4.263906e-02;8.248819e-03;1.275689e-01;7.335086e-02;4.095633e-01;5.372523e-02;4.243178e-02;1.371591e-02;5.524405e-02;7.404602e-03
3.957526e-02;1.193751e-01;4.110040e-02;7.539637e-03;8.378849e-02;6.518825e-02;4.137714e-01;7.086589e-02;8.197934e-02;1.629909e-02;5.315292e-02;7.364203e-03
5.918903e-02;1.124249e-01;4.433134e-02;8.194366e-03;5.153338e-02;6.353875e-02;3.920750e-01;6.776942e-02;1.190091e-01;3.171699e-02;4.269529e-02;7.522431e-03
7.294280e-02;1.221753e-01;5.146316e-02;1.514507e-02;5.183991e-02;6.899571e-02;3.348359e-01;5.091333e-02;1.393068e-01;4.596192e-02;2.988783e-02;1.653228e-02
5.800368e-02;1.347884e-01;3.832754e-02;1.924222e-02;7.307619e-02;6.862418e-02;3.304504e-01;4.080303e-02;1.278530e-01;2.744351e-02;6.446034e-02;1.692753e-02
3.832489e-02;1.154252e-01;4.388840e-02;1.144225e-02;6.523842e-02;5.603397e-02;3.809861e-01;5.243412e-02;9.042507e-02;3.319877e-02;9.342135e-02;1.918145e-02
7.728543e-02;9.953737e-02;5.562063e-02;1.659304e-02;5.309881e-02;5.765136e-02;3.854564e-01;4.483012e-02;5.598421e-02;4.252413e-02;7.220987e-02;3.920866e-02
1.260026e-01;1.133830e-01;5.132390e-02;2.853743e-02;5.192766e-02;7.549728e-02;3.794255e-01;3.192907e-02;2.122460e-02;3.237637e-02;3.467394e-02;5.369863e-02
1.499768e-01;1.290557e-01;5.571453e-02;3.064058e-02;4.700103e-02;7.885083e-02;3.709161e-01;2.285713e-02;1.869102e-02;2.300639e-02;2.006075e-02;5.322915e-02
1.694474e-01;1.161115e-01;5.989188e-02;2.808309e-02;5.062697e-02;7.951968e-02;3.695453e-01;2.236142e-02;2.192008e-02;2.151276e-02;1.338175e-02;4.759824e-02
1.833095e-01;7.863248e-02;5.173924e-02;4.058034e-02;6.857016e-02;9.395614e-02;3.644868e-01;2.148464e-02;2.096243e-02;3.425840e-02;5.934511e-03;3.608537e-02
1.899132e-01;6.456328e-02;4.110920e-02;4.420507e-02;8.569339e-02;1.086340e-01;3.105325e-01;3.778802e-02;3.671123e-02;4.788906e-02;1.129396e-02;2.166717e-02
1.815248e-01;7.702596e-02;5.620508e-02;3.937239e-02;1.094557e-01;1.077727e-01;2.111768e-01;6.246009e-02;5.556925e-02;4.551332e-02;1.783239e-02;3.609157e-02
1.405207e-01;7.953521e-02;9.632108e-02;4.174240e-02;1.600716e-01;9.704548e-02;9.708509e-02;6.778717e-02;8.762965e-02;4.810292e-02;2.378136e-02;6.037739e-02
7.376865e-02;4.436079e-02;1.293987e-01;4.759878e-02;1.727088e-01;8.819596e-02;1.715981e-01;4.676955e-02;9.597932e-02;3.533597e-02;2.466943e-02;6.961589e-02
5.818040e-02;3.964553e-02;1.538069e-01;5.667671e-02;1.320119e-01;6.492962e-02;2.139128e-01;6.471169e-02;6.681249e-02;4.841447e-02;4.349303e-02;5.740449e-02
3.388290e-02;6.250912e-02;1.778039e-01;7.184272e-02;8.359076e-02;3.419586e-02;2.133261e-01;1.220683e-01;4.873642e-02;4.609559e-02;5.949495e-02;4.645345e-02
4.747586e-02;6.165693e-02;1.677421e-01;7.515162e-02;9.859857e-02;6.268729e-02;1.495098e-01;1.731493e-01;4.603904e-02;4.207149e-02;4.344437e-02;3.247352e-02
5.542132e-02;7.935512e-02;1.545552e-01;6.953841e-02;1.013683e-01;7.354733e-02;8.020270e-02;2.019435e-01;5.171536e-02;5.023999e-02;4.273352e-02;3.937927e-02
4.611406e-02;1.374284e-01;1.432218e-01;7.249164e-02;1.050038e-01;5.981826e-02;6.538147e-02;1.758403e-01;4.296742e-02;4.867649e-02;6.395537e-02;3.910096e-02
4.132465e-02;1.588651e-01;1.554856e-01;6.351011e-02;9.942491e-02;5.010539e-02;7.101233e-02;1.325990e-01;7.077705e-02;4.256404e-02;8.036660e-02;3.396520e-02
5.260396e-02;1.119264e-01;1.549188e-01;6.958947e-02;1.000729e-01;6.106436e-02;8.791157e-02;1.487305e-01;6.162052e-02;3.809918e-02;7.988694e-02;3.357536e-02
3.314432e-02;6.139699e-02;1.825941e-01;8.541126e-02;1.041653e-01;6.653948e-02;1.082536e-01;1.409964e-01;3.510308e-02;4.300037e-02;9.948737e-02;3.990773e-02
2.734261e-02;3.089678e-02;2.161625e-01;7.832216e-02;8.704254e-02;6.709287e-02;9.938088e-02;1.143841e-01;4.291762e-02;3.672192e-02;1.119635e-01;8.777256e-02
4.970843e-02;4.210317e-02;2.490012e-01;4.635932e-02;6.135043e-02;4.706803e-02;8.544199e-02;8.862479e-02;4.556068e-02;6.310264e-02;9.689964e-02;1.247796e-01
5.039614e-02;6.518415e-02;2.761860e-01;5.059519e-02;4.442770e-02;3.299747e-02;6.906331e-02;9.417220e-02;5.309305e-02;9.432233e-02;6.617285e-02;1.033896e-01
4.666772e-02;1.055072e-01;2.595459e-01;6.409701e-02;3.297504e-02;4.016275e-02;7.321590e-02;1.006001e-01;6.836338e-02;9.661773e-02;5.153064e-02;6.071656e-02
7.647955e-02;1.142863e-01;1.530214e-01;6.914111e-02;5.006612e-02;4.239234e-02;1.174282e-01;1.596711e-01;8.752494e-02;5.259136e-02;3.564609e-02;4.175146e-02
8.033606e-02;8.704352e-02;1.999913e-01;6.104682e-02;5.371435e-02;3.473884e-02;8.269209e-02;1.374010e-01;9.910090e-02;7.928179e-02;2.520624e-02;5.944704e-02
7.465938e-02;8.742934e-02;2.216754e-01;4.741076e-02;4.821680e-02;7.179738e-02;5.657984e-02;7.371982e-02;1.083621e-01;1.037344e-01;2.452881e-02;8.188605e-02
6.072714e-02;5.067762e-02;2.283969e-01;6.963025e-02;5.482997e-02;8.303224e-02;7.326274e-02;7.498968e-02;9.229915e-02;1.022411e-01;3.574872e-02;7.416450e-02
4.367791e-02;5.520988e-02;1.972735e-01;7.928306e-02;5.949378e-02;8.409916e-02;9.664696e-02;8.362999e-02;8.894604e-02;1.033251e-01;5.801580e-02;5.039885e-02
5.656950e-02;5.521733e-02;1.401015e-01;1.203171e-01;5.326349e-02;8.500730e-02;9.778767e-02;7.429119e-02;7.377145e-02;1.045649e-01;6.464709e-02;7.446139e-02
6.532761e-02;4.653941e-02;1.403660e-01;1.246525e-01;7.194843e-02;8.217966e-02;8.154469e-02;7.327015e-02;9.881098e-02;9.763082e-02;4.064682e-02;7.708291e-02
6.117425e-02;6.126487e-02;9.670544e-02;1.084636e-01;6.796858e-02;9.065413e-02;8.351322e-02;1.006941e-01;1.269840e-01;9.473038e-02;4.343068e-02;6.441668e-02
7.180499e-02;5.896086e-02;1.384583e-01;8.409173e-02;7.359131e-02;8.131319e-02;8.100853e-02;1.083310e-01;9.486915e-02;9.782507e-02;6.512851e-02;4.461732e-02
8.934414e-02;6.368271e-02;1.287806e-01;9.689395e-02;9.635964e-02;6.371943e-02;7.815596e-02;8.975999e-02;9.197464e-02;1.004207e-01;5.445964e-02;4.644854e-02
9.714419e-02;8.228475e-02;9.224056e-02;8.392788e-02;1.024548e-01;6.778998e-02;7.395130e-02;7.067216e-02;8.460397e-02;1.004591e-01;3.818828e-02;1.062829e-01
1.322809e-01;5.670476e-02;9.579968e-02;8.633857e-02;7.179721e-02;7.665472e-02;7.695685e-02;5.894316e-02;7.841067e-02;1.020034e-01;5.878587e-02;1.053242e-01
1.543910e-01;3.784855e-02;1.096465e-01;9.792990e-02;4.004301e-02;9.578625e-02;7.673095e-02;6.083924e-02;1.022684e-01;9.948571e-02;5.482348e-02;7.020696e-02
1.561108e-01;3.683156e-02;1.326851e-01;7.548308e-02;3.812033e-02;9.440864e-02;8.445252e-02;7.747747e-02;1.361613e-01;8.910024e-02;3.452528e-02;4.464367e-02
1.367448e-01;6.150283e-02;1.506477e-01;5.006154e-02;5.634300e-02;7.271391e-02;1.290175e-01;4.908346e-02;9.852201e-02;8.068628e-02;5.265807e-02;6.201896e-02
1.499553e-01;7.667571e-02;1.637680e-01;5.681683e-02;4.191038e-02;5.090054e-02;1.782083e-01;6.650609e-02;4.533615e-02;7.122981e-02;4.085954e-02;5.783335e-02
1.291443e-01;6.801330e-02;1.982647e-01;4.637785e-02;2.493809e-02;3.367231e-02;2.051086e-01;1.015324e-01;4.524435e-02;6.982614e-02;2.685866e-02;5.101922e-02
7.456542e-02;4.581703e-02;2.582778e-01;2.982135e-02;1.507274e-02;2.303338e-02;2.279152e-01;1.328151e-01;4.085128e-02;7.607959e-02;1.545657e-02;6.029455e-02
4.555706e-02;3.127615e-02;3.051014e-01;2.692561e-02;1.016599e-02;2.627632e-02;2.232802e-01;1.277295e-01;3.782573e-02;8.127373e-02;7.785550e-03;7.680284e-02
4.667743e-02;2.466412e-02;3.003805e-01;3.526808e-02;1.278214e-02;5.657397e-02;2.096213e-01;9.589147e-02;3.987625e-02;7.127842e-02;8.171586e-03;9.881478e-02
2.583071e-02;4.667055e-02;2.579084e-01;5.932502e-02;2.565766e-02;8.656180e-02;1.751357e-01;8.131452e-02;6.128938e-02;5.256025e-02;1.154382e-02;1.162022e-01
2.893631e-02;3.724758e-02;1.720444e-01;1.140801e-01;4.945282e-02;7.930921e-02;1.171914e-01;6.820893e-02;1.283713e-01;5.162068e-02;3.869608e-02;1.148412e-01
4.592046e-02;2.367408e-02;9.438425e-02;1.613510e-01;5.069437e-02;3.836702e-02;9.027247e-02;5.887074e-02;2.180355e-01;8.264726e-02;7.469883e-02;6.108401e-02
4.887920e-02;2.070892e-02;7.620504e-02;1.702477e-01;4.745457e-02;1.822356e-02;1.155055e-01;5.010284e-02;2.669785e-01;9.818340e-02;6.779592e-02;1.971482e-02
4.609197e-02;1.959650e-02;8.668628e-02;1.638629e-01;6.003941e-02;1.556090e-02;1.351911e-01;4.514135e-02;2.555615e-01;9.494381e-02;4.395583e-02;3.336842e-02
4.800420e-02;1.440819e-02;8.108446e-02;1.637080e-01;8.379959e-02;2.908141e-02;1.568752e-01;3.532081e-02;2.095232e-01;1.071844e-01;3.384450e-02;3.716610e-02
4.664867e-02;1.646212e-02;4.065878e-02;1.725684e-01;8.773844e-02;4.937629e-02;1.630072e-01;3.206616e-02;1.722875e-01;1.463073e-01;4.048868e-02;3.239041e-02
4.186663e-02;2.220443e-02;4.726752e-02;1.708549e-01;9.462027e-02;3.973217e-02;1.499039e-01;3.360685e-02;1.681335e-01;1.740661e-01;3.450207e-02;2.324164e-02
3.265938e-02;2.120395e-02;4.390864e-02;1.703344e-01;8.798514e-02;5.005783e-02;1.403524e-01;4.556652e-02;1.801955e-01;1.800444e-01;3.232839e-02;1.536349e-02
2.545720e-02;1.643120e-02;4.832271e-02;1.687090e-01;9.228401e-02;5.856096e-02;1.154207e-01;5.023635e-02;1.858562e-01;1.831608e-01;3.651375e-02;1.904706e-02
3.170178e-02;1.821223e-02;4.388375e-02;1.832081e-01;8.282796e-02;4.407238e-02;1.097599e-01;5.467547e-02;2.154869e-01;1.587607e-01;3.291323e-02;2.449756e-02
4.985581e-02;1.336007e-02;4.149376e-02;1.993550e-01;7.487932e-02;2.165119e-02;1.108005e-01;5.848824e-02;2.318426e-01;1.506465e-01;2.953316e-02;1.809387e-02
6.176613e-02;1.397026e-02;3.881154e-02;2.019763e-01;7.821473e-02;1.767963e-02;9.760049e-02;5.832541e-02;2.456736e-01;1.257008e-01;4.720348e-02;1.307749e-02
6.375594e-02;9.516183e-03;6.658895e-02;2.036720e-01;7.217968e-02;2.972729e-02;8.696066e-02;5.625522e-02;2.473186e-01;8.514067e-02;6.367707e-02;1.520766e-02
5.590066e-02;2.033096e-02;1.313265e-01;1.631919e-01;6.989639e-02;3.263692e-02;1.217442e-01;5.829388e-02;1.876812e-01;6.213675e-02;4.764220e-02;4.921848e-02
5.346113e-02;5.433498e-02;1.518344e-01;9.784225e-02;6.990068e-02;3.282478e-02;1.887099e-01;7.317054e-02;1.223696e-01;5.547388e-02;2.546968e-02;7.460804e-02
8.425660e-02;1.085780e-01;1.096929e-01;6.649070e-02;6.386285e-02;4.890870e-02;2.174782e-01;4.705783e-02;8.017830e-02;5.645240e-02;4.434115e-02;7.270235e-02
1.570173e-01;1.342024e-01;8.414436e-02;5.497707e-02;5.161045e-02;7.117892e-02;1.951202e-01;3.288120e-02;4.863282e-02;7.369329e-02;4.327235e-02;5.326960e-02
2.195977e-01;1.042801e-01;4.143099e-02;5.708504e-02;8.223140e-02;7.769231e-02;1.686297e-01;4.315439e-02;4.191831e-02;8.812673e-02;3.570836e-02;4.014495e-02
2.325806e-01;6.465230e-02;4.847172e-02;9.040118e-02;1.059730e-01;7.469779e-02;1.267138e-01;5.683818e-02;5.266932e-02;6.684180e-02;3.155322e-02;4.860720e-02
2.376601e-01;6.381194e-02;6.882627e-02;8.626259e-02;1.023233e-01;7.925326e-02;1.213473e-01;5.135436e-02;6.815112e-02;5.147971e-02;2.053143e-02;4.899857e-02
2.248639e-01;8.367410e-02;4.652499e-02;6.116978e-02;6.938283e-02;6.392317e-02;1.940913e-01;5.732474e-02;5.924158e-02;5.611258e-02;3.631448e-02;4.737657e-02
1.976139e-01;1.304797e-01;5.194381e-02;4.803838e-02;5.009823e-02;5.232351e-02;2.281516e-01;6.075656e-02;4.713715e-02;6.106390e-02;3.599214e-02;3.640110e-02
1.745725e-01;1.698180e-01;6.073129e-02;4.446340e-02;3.320039e-02;4.363827e-02;2.809556e-01;4.763612e-02;4.595550e-02;4.455252e-02;2.907218e-02;2.540426e-02
1.399302e-01;2.005126e-01;7.112583e-02;3.414012e-02;3.447745e-02;5.024951e-02;3.224591e-01;3.481644e-02;3.204761e-02;3.263128e-02;2.940636e-02;1.820348e-02
1.395298e-01;2.033158e-01;6.401841e-02;7.018846e-02;4.312357e-02;4.492147e-02;2.995480e-01;2.306904e-02;2.696049e-02;3.803181e-02;3.349333e-02;1.379979e-02
1.772058e-01;1.842617e-01;5.744009e-02;1.165524e-01;3.647500e-02;3.846798e-02;2.573587e-01;1.655111e-02;2.499202e-02;5.127171e-02;2.397508e-02;1.544833e-02
2.520316e-01;1.461675e-01;4.152438e-02;1.178444e-01;3.717483e-02;4.952259e-02;2.066236e-01;1.772569e-02;2.747580e-02;6.491319e-02;1.311466e-02;2.588170e-02
3.002686e-01;1.055113e-01;4.966402e-02;7.259780e-02;6.621794e-02;6.332428e-02;1.453022e-01;1.956867e-02;5.336209e-02;6.322128e-02;8.298471e-03;5.266342e-02
2.678689e-01;6.805812e-02;7.553905e-02;5.112610e-02;1.056266e-01;6.169080e-02;8.415962e-02;1.860454e-02;9.242545e-02;4.513896e-02;1.815169e-02;1.116103e-01
1.709866e-01;5.658751e-02;1.021911e-01;7.542875e-02;1.286230e-01;4.975909e-02;3.692384e-02;3.103527e-02;1.003782e-01;3.992419e-02;5.613492e-02;1.520274e-01
1.034864e-01;8.861625e-02;1.601627e-01;9.584147e-02;7.976516e-02;5.398909e-02;4.797079e-02;5.936341e-02;6.359227e-02;4.977084e-02;8.568194e-02;1.117597e-01
1.160589e-01;8.159497e-02;2.955287e-01;9.575607e-02;3.660403e-02;3.878920e-02;6.456181e-02;5.036098e-02;2.365973e-02;8.700027e-02;6.246411e-02;4.762119e-02
9.033035e-02;9.363209e-02;3.709348e-01;7.419121e-02;3.470051e-02;3.168176e-02;5.522981e-02;2.857970e-02;5.186461e-02;9.573633e-02;3.325157e-02;3.986720e-02
9.177519e-02;1.439837e-01;3.321458e-01;7.663261e-02;4.264459e-02;4.495131e-02;3.251214e-02;2.649687e-02;6.973518e-02;5.960943e-02;3.807702e-02;4.143612e-02
1.571738e-01;1.530091e-01;2.096364e-01;7.205397e-02;9.049425e-02;4.709421e-02;5.131081e-02;3.744477e-02;5.929545e-02;5.074490e-02;4.196150e-02;2.978092e-02
1.697350e-01;1.035747e-01;1.103566e-01;1.147781e-01;1.560076e-01;4.476591e-02;6.228571e-02;4.408114e-02;4.283791e-02;8.838248e-02;3.346700e-02;2.972791e-02
9.605561e-02;4.945670e-02;6.600911e-02;2.128925e-01;1.573156e-01;3.740823e-02;1.196275e-01;6.639007e-02;2.103537e-02;1.089221e-01;2.518550e-02;3.970172e-02
2.048605e-02;3.853734e-02;5.898453e-02;2.802269e-01;9.990443e-02;2.121904e-02;1.748126e-01;8.300748e-02;4.072843e-02;1.121825e-01;1.682262e-02;5.308808e-02
2.193441e-02;4.810980e-02;6.566061e-02;2.542304e-01;5.703469e-02;2.359322e-02;2.286061e-01;7.062093e-02;6.158220e-02;9.150986e-02;1.203319e-02;6.508455e-02
2.143935e-02;5.687359e-02;1.028361e-01;1.610861e-01;4.814792e-02;3.718868e-02;2.788494e-01;5.377763e-02;8.020030e-02;6.397936e-02;2.661001e-02;6.901154e-02
2.191905e-02;5.613811e-02;1.674387e-01;9.635370e-02;4.888551e-02;5.847906e-02;2.838164e-01;3.778243e-02;9.918732e-02;4.689907e-02;2.772682e-02;5.537385e-02
6.640436e-02;5.130463e-02;1.897111e-01;8.349886e-02;5.032972e-02;7.516552e-02;2.461992e-01;2.283940e-02;1.212101e-01;2.716961e-02;3.269533e-02;3.347223e-02
1.072196e-01;2.256909e-02;1.522500e-01;7.059186e-02;5.825343e-02;1.065383e-01;1.984650e-01;2.400918e-02;1.529784e-01;2.330133e-02;5.897987e-02;2.484399e-02
1.427618e-01;2.430998e-02;1.112983e-01;2.892617e-02;5.692922e-02;1.413146e-01;1.520922e-01;2.209247e-02;1.805284e-01;1.957546e-02;9.832460e-02;2.184683e-02
1.194908e-01;3.310078e-02;9.050183e-02;3.435256e-02;5.614397e-02;1.582661e-01;9.866994e-02;1.713932e-02;1.625472e-01;5.662759e-02;1.348928e-01;3.826702e-02
7.062469e-02;3.674086e-02;1.117727e-01;4.917943e-02;6.659583e-02;1.689992e-01;7.918271e-02;3.655003e-02;1.369750e-01;7.316334e-02;1.376797e-01;3.253654e-02
4.562170e-02;4.068793e-02;1.222855e-01;4.989864e-02;6.017485e-02;1.802221e-01;9.940483e-02;7.813197e-02;1.143432e-01;5.301683e-02;1.300015e-01;2.621084e-02
3.007449e-02;4.534322e-02;1.391713e-01;5.221469e-02;1.133008e-01;2.074397e-01;8.014206e-02;8.836830e-02;7.723822e-02;4.456573e-02;1.107177e-01;1.142373e-02
2.108544e-02;4.879465e-02;1.220284e-01;3.297128e-02;1.357217e-01;2.412935e-01;1.153047e-01;6.025917e-02;6.931216e-02;3.858377e-02;9.086161e-02;2.378363e-02
3.503914e-02;5.232008e-02;8.489913e-02;4.684884e-02;1.526298e-01;2.275233e-01;1.684677e-01;3.593434e-02;5.851578e-02;4.308418e-02;7.368626e-02;2.105150e-02
4.471722e-02;4.297486e-02;1.040971e-01;5.999373e-02;1.552165e-01;1.618589e-01;1.903190e-01;4.290221e-02;8.119750e-02;4.747586e-02;5.108802e-02;1.815910e-02
