6.139089e-02;6.174839e-02;2.275122e-02;2.220777e-02;1.947383e-02;4.813343e-02;2.303526e-01;2.283854e-01;2.542642e-02;2.689329e-02;2.183055e-01;3.493119e-02
7.118947e-02;8.531810e-02;3.151537e-02;2.360517e-02;2.250925e-02;4.732455e-02;1.894040e-01;1.795815e-01;3.302889e-02;3.513229e-02;2.443097e-01;3.708169e-02
5.815282e-02;1.430784e-01;5.582035e-02;2.915353e-02;1.577179e-02;3.165547e-02;1.354607e-01;1.160848e-01;2.172266e-02;8.968112e-02;2.619545e-01;4.146384e-02
4.690715e-02;2.084675e-01;8.735861e-02;2.949823e-02;6.912996e-03;1.253680e-02;6.604492e-02;5.565264e-02;1.632145e-02;1.858647e-01;2.599605e-01;2.447451e-02
5.035146e-02;2.595534e-01;1.140110e-01;2.164292e-02;6.017112e-03;8.712216e-03;2.263309e-02;2.467504e-02;1.019384e-02;2.846082e-01;1.881923e-01;9.409317e-03
6.295104e-02;3.204958e-01;1.041009e-01;1.503577e-02;6.056312e-03;4.673332e-03;2.279340e-02;1.328285e-02;3.716736e-02;3.159579e-01;9.467226e-02;2.813053e-03
1.065327e-01;3.642762e-01;7.535224e-02;9.133463e-03;6.509382e-03;2.421208e-03;1.357630e-02;1.524554e-02;8.293936e-02;2.760778e-01;4.500094e-02;2.934890e-03
1.680562e-01;3.395835e-01;4.762710e-02;9.254776e-03;8.538005e-03;8.817521e-03;2.282237e-02;5.577910e-02;1.026454e-01;2.024256e-01;2.452827e-02;9.922176e-03
2.838170e-01;1.987452e-01;2.497770e-02;1.537292e-02;1.279026e-02;1.234655e-02;5.783935e-02;9.556371e-02;6.273781e-02;1.258392e-01;8.022867e-02;2.974158e-02
3.299627e-01;1.508398e-01;2.596890e-02;1.730739e-02;1.105952e-02;9.354023e-03;6.609002e-02;7.559915e-02;1.468294e-02;9.447044e-02;1.540615e-01;5.060361e-02
3.216345e-01;1.375361e-01;2.674096e-02;1.601426e-02;7.224801e-03;1.839755e-02;5.749056e-02;3.562386e-02;2.764450e-02;1.003155e-01;2.027375e-01;4.863984e-02
3.119507e-01;1.050975e-01;3.103843e-02;1.873496e-02;9.650270e-03;2.964669e-02;4.917093e-02;2.683837e-02;2.206933e-02;9.439534e-02;2.787086e-01;2.269883e-02
3.056040e-01;4.924342e-02;2.352534e-02;1.852159e-02;1.515316e-02;3.851798e-02;6.981407e-02;3.639949e-02;2.359955e-02;1.037159e-01;3.100499e-01;5.855638e-03
2.988683e-01;1.365040e-01;2.179806e-02;5.878043e-03;8.985953e-03;2.715463e-02;8.113460e-02;5.883403e-02;2.480544e-02;1.042537e-01;2.277661e-01;4.017171e-03
2.620774e-01;1.074189e-01;1.686705e-02;9.878812e-03;1.233704e-02;1.145423e-02;1.064987e-01;6.208410e-02;3.423793e-02;1.388086e-01;2.269928e-01;1.134452e-02
1.451244e-01;6.424414e-02;2.336559e-02;2.095892e-02;1.900895e-02;2.452567e-02;1.314186e-01;1.089928e-01;4.969096e-02;1.592459e-01;1.926819e-01;6.074228e-02
1.796591e-01;6.221420e-02;2.943123e-02;2.104001e-02;2.262740e-02;3.072981e-02;1.144849e-01;7.884161e-02;3.909059e-02;1.238569e-01;2.173181e-01;8.070615e-02
3.258572e-01;1.416264e-01;2.182440e-02;1.062739e-02;1.045412e-02;2.199970e-02;7.842509e-02;5.948041e-02;2.504927e-02;5.942920e-02;1.883791e-01;5.684778e-02
3.434314e-01;2.307684e-01;1.810421e-02;1.168231e-02;1.601726e-02;2.071809e-02;5.387320e-02;6.107774e-02;4.428801e-02;3.868639e-02;1.302671e-01;3.108591e-02
2.479367e-01;3.228173e-01;2.347188e-02;1.253821e-02;2.128244e-02;3.728154e-02;3.126036e-02;4.587101e-02;1.175454e-01;3.792088e-02;8.612393e-02;1.595031e-02
8.504962e-02;3.282303e-01;2.141267e-02;2.026814e-02;1.194164e-02;7.222358e-02;4.568722e-02;3.553335e-02;2.401094e-01;8.463853e-02;4.894475e-02;5.960791e-03
5.699277e-02;1.999565e-01;2.161293e-02;1.289182e-02;6.425336e-03;1.059127e-01;3.585719e-02;3.671264e-02;2.961229e-01;1.609924e-01;4.797999e-02;1.854271e-02
4.413646e-02;1.426306e-01;1.478064e-02;1.383983e-02;8.419247e-03;1.455745e-01;2.131356e-02;2.562702e-02;3.577581e-01;1.620503e-01;4.511861e-02;1.875106e-02
3.188868e-02;1.520639e-01;1.262503e-02;1.358851e-02;7.877984e-03;1.909269e-01;1.311446e-02;3.289303e-02;4.135473e-01;8.387424e-02;3.330019e-02;1.429983e-02
1.961589e-02;1.614512e-01;5.495427e-02;1.262269e-02;5.117344e-03;2.133252e-01;1.914665e-02;2.754017e-02;3.845581e-01;7.517947e-02;1.308728e-02;1.340163e-02
1.623099e-02;1.107137e-01;1.259331e-01;2.250268e-02;5.190158e-03;1.373850e-01;6.581977e-02;2.923232e-02;2.332970e-01;1.988507e-01;4.098962e-02;1.385503e-02
1.787371e-02;4.634811e-02;1.363793e-01;8.890090e-02;7.042109e-03;4.404183e-02;1.024331e-01;6.042163e-02;1.062578e-01;2.348340e-01;1.454132e-01;1.005430e-02
1.286178e-02;2.290331e-02;7.862043e-02;1.632547e-01;2.022020e-02;1.749467e-02;6.717964e-02;1.110541e-01;5.670115e-02;1.220210e-01;2.685181e-01;5.917095e-02
2.155219e-02;2.226159e-02;3.514010e-02;1.378213e-01;4.976022e-02;1.821446e-02;2.345920e-02;1.074860e-01;6.627117e-02;6.167703e-02;2.358746e-01;2.204821e-01
5.220829e-02;1.909011e-02;1.161881e-02;6.013052e-02;6.200929e-02;2.297657e-02;3.177667e-02;5.275765e-02;7.625029e-02;4.936084e-02;1.584274e-01;4.033935e-01
8.089278e-02;2.417881e-02;1.764189e-02;1.466486e-02;4.283153e-02;5.452952e-02;3.585725e-02;3.930227e-02;7.202911e-02;4.584536e-02;1.191136e-01;4.531130e-01
1.029966e-01;5.799256e-02;4.151627e-02;3.762709e-02;6.108984e-02;7.926590e-02;8.669789e-02;6.746551e-02;7.566009e-02;4.417131e-02;6.457264e-02;2.809443e-01
9.242237e-02;1.291299e-01;6.321491e-02;4.590717e-02;7.995859e-02;7.194624e-02;1.084614e-01;7.809414e-02;5.593416e-02;4.106533e-02;1.439929e-01;8.987293e-02
9.753565e-02;1.730535e-01;7.991088e-02;5.693911e-02;4.956010e-02;7.429370e-02;9.979533e-02;9.317566e-02;4.421795e-02;3.680727e-02;1.220613e-01;7.264955e-02
1.099046e-01;1.444919e-01;8.661111e-02;6.204627e-02;4.939809e-02;7.437064e-02;6.376678e-02;5.717993e-02;4.517887e-02;5.543097e-02;5.035792e-02;2.012630e-01
1.121819e-01;5.699349e-02;6.277676e-02;7.793734e-02;4.517888e-02;6.218661e-02;6.518872e-02;4.706679e-02;6.097072e-02;5.669511e-02;9.944744e-02;2.533763e-01
1.085200e-01;8.003664e-02;4.369574e-02;7.369511e-02;4.317801e-02;6.342969e-02;5.195743e-02;5.566968e-02;5.863389e-02;5.185893e-02;1.704773e-01;1.988476e-01
7.905143e-02;6.802610e-02;5.687159e-02;4.522629e-02;7.837960e-02;7.045991e-02;3.721651e-02;1.010662e-01;5.068110e-02;4.947047e-02;2.360038e-01;1.275470e-01
5.883019e-02;4.956134e-02;6.271508e-02;3.533780e-02;9.338133e-02;7.523147e-02;9.699744e-02;9.295993e-02;9.289669e-02;4.798675e-02;1.897865e-01;1.043155e-01
8.135816e-02;6.683320e-02;5.161497e-02;5.833627e-02;8.350076e-02;7.022738e-02;1.022314e-01;9.362546e-02;1.115104e-01;5.332442e-02;1.080013e-01;1.194363e-01
8.033583e-02;1.099999e-01;4.442390e-02;8.288898e-02;5.637080e-02;5.459604e-02;1.364955e-01;1.590015e-01;6.423077e-02;4.613804e-02;8.379726e-02;8.172147e-02
5.335950e-02;1.843254e-01;6.021445e-02;6.953947e-02;4.016081e-02;5.632437e-02;1.674143e-01;1.685998e-01;3.310560e-02;3.933433e-02;7.086433e-02;5.675767e-02
7.671455e-02;2.973960e-01;1.042141e-01;4.336305e-02;4.562959e-02;4.515700e-02;1.136110e-01;1.141959e-01;2.724569e-02;4.509592e-02;4.782686e-02;3.955035e-02
1.679525e-01;4.147333e-01;1.048447e-01;2.494893e-02;2.710742e-02;2.653561e-02;3.358675e-02;6.073650e-02;3.164905e-02;4.397021e-02;3.002279e-02;3.391225e-02
2.569272e-01;3.999916e-01;7.141703e-02;1.701837e-02;1.366823e-02;2.662374e-02;3.882701e-02;4.549038e-02;3.896130e-02;3.776708e-02;2.768702e-02;2.562108e-02
3.214507e-01;2.778801e-01;5.273538e-02;2.319709e-02;1.616595e-02;2.641479e-02;4.949089e-02;7.272917e-02;2.985114e-02;4.558555e-02;6.234522e-02;2.215414e-02
3.143936e-01;2.023567e-01;3.713238e-02;3.027713e-02;1.970495e-02;2.825631e-02;5.024318e-02;8.501323e-02;1.717847e-02;6.226974e-02;1.132988e-01;3.987548e-02
2.662106e-01;2.107161e-01;3.040790e-02;2.704611e-02;2.330211e-02;3.468047e-02;5.695770e-02;9.654325e-02;2.617495e-02;7.473880e-02;1.098711e-01;4.335095e-02
1.971882e-01;2.032276e-01;3.436922e-02;3.027121e-02;3.013499e-02;5.016500e-02;7.304911e-02;1.213822e-01;4.598733e-02;8.122701e-02;1.065491e-01;2.644895e-02
1.192404e-01;1.976784e-01;5.434168e-02;5.136408e-02;3.873422e-02;4.526540e-02;1.349336e-01;1.269125e-01;5.254012e-02;6.271772e-02;5.754514e-02;5.872669e-02
2.148452e-01;1.440721e-01;5.593135e-02;3.467772e-02;2.950238e-02;4.068496e-02;1.543953e-01;1.196989e-01;4.431839e-02;5.400900e-02;8.549354e-02;2.237112e-02
2.005890e-01;1.232235e-01;4.989424e-02;3.098967e-02;2.660749e-02;5.500918e-02;1.331690e-01;1.208298e-01;3.054875e-02;6.722327e-02;1.382616e-01;2.365449e-02
1.459277e-01;8.572806e-02;3.774298e-02;4.839915e-02;3.354606e-02;7.129995e-02;1.304754e-01;1.139417e-01;3.536439e-02;9.792878e-02;1.540515e-01;4.559416e-02
8.182217e-02;6.221651e-02;3.442127e-02;2.611569e-02;4.502963e-02;6.067331e-02;1.854934e-01;1.959478e-01;5.803160e-02;7.476413e-02;1.294717e-01;4.601276e-02
5.220024e-02;6.863385e-02;4.186766e-02;5.337860e-02;5.511292e-02;5.761214e-02;1.835201e-01;1.691971e-01;5.498117e-02;6.203923e-02;1.724369e-01;2.902007e-02
3.761077e-02;6.100987e-02;3.563132e-02;6.973296e-02;5.046188e-02;7.139689e-02;1.775072e-01;1.648701e-01;4.803299e-02;4.546629e-02;2.078408e-01;3.043897e-02
2.165694e-02;3.515258e-02;3.592140e-02;6.394145e-02;3.063545e-02;6.388413e-02;1.720586e-01;1.567436e-01;6.414185e-02;6.142554e-02;2.504359e-01;4.400252e-02
1.922561e-02;3.606937e-02;7.539433e-02;3.328272e-02;1.775478e-02;4.170173e-02;1.358651e-01;8.886982e-02;6.410103e-02;1.627914e-01;2.628878e-01;6.205631e-02
1.719116e-02;6.115504e-02;1.186683e-01;1.683066e-02;1.804646e-02;3.118354e-02;1.056665e-01;3.225026e-02;4.310934e-02;2.455413e-01;2.291371e-01;8.122028e-02
1.667047e-02;1.134126e-01;1.169062e-01;1.280873e-02;1.391033e-02;8.047860e-02;6.395451e-02;2.694050e-02;1.442733e-01;2.155021e-01;1.229261e-01;7.221645e-02
3.606920e-02;1.845915e-01;5.852944e-02;1.510007e-02;1.972161e-02;1.752312e-01;3.951365e-02;3.505469e-02;2.605323e-01;9.249162e-02;4.195485e-02;4.120979e-02
5.696597e-02;1.806369e-01;1.252287e-02;2.170843e-02;4.509605e-02;1.743151e-01;6.333131e-02;8.746292e-02;2.422437e-01;4.414415e-02;4.482239e-02;2.675014e-02
7.878349e-02;1.758004e-01;4.095391e-02;3.180308e-02;5.341594e-02;1.300447e-01;7.477791e-02;1.243592e-01;1.639951e-01;1.875653e-02;6.573447e-02;4.157529e-02
1.211192e-01;1.961844e-01;6.147340e-02;8.007325e-02;4.191501e-02;7.858535e-02;6.741522e-02;1.235787e-01;1.008751e-01;2.633290e-02;6.679520e-02;3.565222e-02
1.316923e-01;1.358033e-01;5.206698e-02;1.386276e-01;8.135664e-02;3.143827e-02;1.139548e-01;1.095981e-01;7.869869e-02;2.501262e-02;7.309715e-02;2.865362e-02
9.943195e-02;6.433597e-02;3.609755e-02;1.425679e-01;6.572239e-02;7.795386e-02;1.341577e-01;1.193756e-01;7.378998e-02;4.717397e-02;8.683838e-02;5.255482e-02
8.394676e-02;5.063540e-02;4.379914e-02;5.763505e-02;4.724494e-02;9.494472e-02;2.132319e-01;1.524823e-01;6.996645e-02;6.989756e-02;6.141122e-02;5.480454e-02
5.997515e-02;3.987064e-02;4.824718e-02;5.630779e-02;4.728677e-02;8.061847e-02;2.360035e-01;1.553974e-01;9.065465e-02;8.043920e-02;2.718862e-02;7.801059e-02
1.072872e-01;4.647024e-02;4.582228e-02;5.403250e-02;4.433241e-02;7.601268e-02;2.212652e-01;1.301019e-01;8.234835e-02;8.382972e-02;2.473294e-02;8.376449e-02
1.379081e-01;4.428283e-02;6.402909e-02;3.313831e-02;2.941537e-02;8.450973e-02;2.053758e-01;1.241195e-01;1.089184e-01;7.040301e-02;4.663787e-02;5.126199e-02
1.210390e-01;6.428085e-02;5.622514e-02;9.190100e-02;6.716722e-02;6.770001e-02;1.350058e-01;1.140946e-01;8.362779e-02;6.192843e-02;1.106056e-01;2.642453e-02
1.984197e-01;1.318516e-01;3.135147e-02;7.602094e-02;6.315745e-02;3.893053e-02;8.623238e-02;9.174917e-02;4.565874e-02;4.103753e-02;1.438662e-01;5.172419e-02
2.351221e-01;2.275596e-01;4.260015e-02;5.221600e-02;4.185683e-02;2.229666e-02;6.732607e-02;8.601093e-02;4.183570e-02;1.319420e-02;9.948666e-02;7.049513e-02
1.603395e-01;2.094209e-01;4.879224e-02;4.735928e-02;3.983993e-02;4.064991e-02;1.042848e-01;7.568355e-02;3.593364e-02;2.613304e-02;7.085693e-02;1.407063e-01
5.468156e-02;9.752046e-02;3.462110e-02;3.751430e-02;7.221551e-02;6.011497e-02;1.127749e-01;6.702102e-02;2.422166e-02;1.774718e-02;9.492991e-02;3.266374e-01
8.711077e-02;4.858135e-02;2.006624e-02;3.034097e-02;9.284954e-02;6.573507e-02;7.876056e-02;4.936159e-02;2.640308e-02;6.672395e-03;4.339876e-02;4.507197e-01
2.501856e-01;5.348739e-02;1.254326e-02;1.481819e-02;5.832727e-02;1.018947e-01;1.169107e-01;5.037793e-02;1.897254e-02;9.278447e-03;1.153389e-02;3.016701e-01
2.505251e-01;1.240482e-01;2.264323e-02;9.659049e-03;2.164940e-02;1.072751e-01;2.564701e-01;8.306091e-02;1.235511e-02;1.246842e-02;9.016749e-03;9.082859e-02
1.232314e-01;1.938209e-01;7.909176e-02;8.810473e-03;1.210623e-02;6.418853e-02;3.559962e-01;1.236398e-01;1.587176e-02;5.320675e-03;1.368365e-02;4.238501e-03
4.203536e-02;1.583323e-01;1.824880e-01;1.530196e-02;9.027503e-03;2.282726e-02;3.817635e-01;1.567704e-01;9.645535e-03;2.494072e-03;5.944319e-03;1.336972e-02
1.814259e-02;8.763864e-02;2.103498e-01;4.311987e-02;1.530411e-02;1.881236e-02;3.770085e-01;1.984321e-01;5.045752e-03;2.381275e-03;6.431286e-03;1.733368e-02
1.764123e-02;5.816370e-02;1.122479e-01;6.719299e-02;3.176885e-02;1.613853e-02;3.828017e-01;2.830072e-01;4.337841e-03;2.854121e-03;7.496233e-03;1.634971e-02
1.833632e-02;3.973040e-02;5.664304e-02;4.466106e-02;3.879024e-02;1.959597e-02;3.921181e-01;3.671310e-01;4.819550e-03;5.744688e-03;4.576057e-03;7.853523e-03
1.606900e-02;2.080499e-02;6.627814e-02;1.633300e-02;2.997457e-02;2.444999e-02;4.096940e-01;3.853871e-01;6.379386e-03;9.717114e-03;1.020865e-02;4.703997e-03
1.622183e-02;3.049155e-02;4.159502e-02;6.016078e-03;2.838307e-02;3.251456e-02;4.480000e-01;3.549588e-01;9.102182e-03;9.591913e-03;1.779137e-02;5.333629e-03
1.490113e-02;4.862977e-02;2.377984e-02;4.331148e-03;4.505726e-02;3.719968e-02;4.740871e-01;3.148665e-01;1.054900e-02;7.554852e-03;1.516864e-02;3.874993e-03
1.515634e-02;5.575605e-02;1.846783e-02;4.468590e-03;4.281007e-02;3.759682e-02;5.101485e-01;2.761437e-01;1.561705e-02;8.906830e-03;1.384054e-02;1.087667e-03
1.408176e-02;5.774745e-02;1.966822e-02;4.109744e-03;2.592578e-02;4.640267e-02;5.554994e-01;2.251772e-01;2.214692e-02;1.558507e-02;1.018835e-02;3.467414e-03
2.097049e-02;5.798032e-02;1.574624e-02;9.195024e-03;1.458325e-02;6.909519e-02;5.604926e-01;1.876720e-01;2.606757e-02;2.262945e-02;1.119774e-02;4.370181e-03
4.470336e-02;5.458191e-02;9.825374e-03;1.614817e-02;1.605953e-02;1.208209e-01;5.319936e-01;1.580204e-01;1.822973e-02;1.938938e-02;7.380320e-03;2.847470e-03
6.459475e-02;3.714056e-02;4.240396e-03;2.078918e-02;1.613516e-02;2.712156e-01;4.433685e-01;1.029114e-01;9.176116e-03;1.643555e-02;1.129892e-02;2.693919e-03
6.839549e-02;2.535122e-02;5.320146e-03;1.712889e-02;2.363545e-02;4.138983e-01;3.219107e-01;8.047929e-02;8.119231e-03;2.032196e-02;1.340428e-02;2.035024e-03
6.821537e-02;1.657066e-02;7.158602e-03;9.361376e-03;5.022524e-02;4.709421e-01;2.615934e-01;6.062697e-02;8.564473e-03;2.255065e-02;1.626201e-02;7.929155e-03
5.639367e-02;1.889086e-02;9.621201e-03;1.437947e-02;8.993337e-02;3.448214e-01;2.763209e-01;7.574557e-02;3.156778e-02;1.899930e-02;2.111010e-02;4.221645e-02
3.498160e-02;3.225608e-02;1.802976e-02;3.724296e-02;7.438774e-02;2.326938e-01;2.388595e-01;1.061926e-01;8.679571e-02;2.523874e-02;2.935801e-02;8.396350e-02
2.149250e-02;2.842583e-02;2.159388e-02;4.309952e-02;1.041806e-01;2.125360e-01;1.467501e-01;1.146494e-01;1.249028e-01;4.432159e-02;3.751807e-02;1.005298e-01
2.337697e-02;3.271809e-02;1.984298e-02;6.713776e-02;9.996206e-02;1.309576e-01;1.062389e-01;1.211098e-01;1.238892e-01;7.812396e-02;8.079384e-02;1.158488e-01
1.266347e-02;3.992447e-02;3.845602e-02;1.139094e-01;1.113860e-01;6.487846e-02;7.463966e-02;1.388048e-01;6.646221e-02;9.688027e-02;1.142910e-01;1.277043e-01
1.875556e-02;4.058455e-02;4.473807e-02;1.205912e-01;1.261503e-01;6.378308e-02;5.331510e-02;1.371641e-01;4.922925e-02;9.048735e-02;9.773308e-02;1.574684e-01
2.463872e-02;3.693390e-02;4.440746e-02;8.103053e-02;1.830459e-01;6.898130e-02;5.979346e-02;8.669295e-02;1.151479e-01;5.368132e-02;4.425337e-02;2.013932e-01
5.791519e-02;2.516864e-02;3.998497e-02;4.000477e-02;1.769021e-01;1.389243e-01;1.147189e-01;6.042283e-02;1.481315e-01;3.084860e-02;2.635897e-02;1.406193e-01
1.008013e-01;2.404567e-02;2.669259e-02;2.489305e-02;9.028641e-02;2.585583e-01;2.132894e-01;8.221512e-02;8.084075e-02;3.180252e-02;3.321641e-02;3.335852e-02
1.096680e-01;1.665645e-02;1.325359e-02;2.838151e-02;4.073157e-02;2.840866e-01;2.920917e-01;1.021854e-01;2.661529e-02;6.364718e-02;1.611490e-02;6.567772e-03
9.154836e-02;1.615172e-02;6.992270e-03;2.661077e-02;3.454692e-02;2.377460e-01;3.484739e-01;1.031640e-01;1.843885e-02;8.958936e-02;1.825739e-02;8.480423e-03
7.524871e-02;1.981609e-02;4.960936e-03;2.170779e-02;2.428659e-02;1.740096e-01;4.299591e-01;1.295400e-01;1.414937e-02;8.253358e-02;1.346322e-02;1.032500e-02
5.879040e-02;2.531328e-02;4.571346e-03;2.375506e-02;2.020095e-02;1.563537e-01;4.719143e-01;1.573321e-01;8.443151e-03;5.136578e-02;1.473231e-02;7.227548e-03
4.972342e-02;3.777323e-02;5.108659e-03;2.133573e-02;1.932038e-02;1.768221e-01;4.568112e-01;1.771066e-01;9.225659e-03;2.574431e-02;1.143589e-02;9.592883e-03
4.456822e-02;4.953494e-02;1.338158e-02;2.539060e-02;3.005240e-02;2.180569e-01;3.688201e-01;1.732280e-01;1.344196e-02;1.297235e-02;3.881332e-02;1.173970e-02
3.066446e-02;9.070987e-02;3.582891e-02;3.149503e-02;8.024205e-02;2.252969e-01;2.309984e-01;1.488072e-01;3.078760e-02;2.653407e-02;5.381529e-02;1.482025e-02
5.654962e-02;1.600843e-01;4.727359e-02;3.577159e-02;6.661005e-02;1.253274e-01;2.845475e-01;1.397684e-01;2.426281e-02;2.957127e-02;1.912838e-02;1.110515e-02
1.646086e-01;2.821130e-01;4.882511e-02;2.375926e-02;3.281239e-02;8.918091e-02;2.009558e-01;6.551918e-02;1.470655e-02;2.915622e-02;3.785235e-02;1.051059e-02
2.645544e-01;3.048022e-01;4.015140e-02;1.979539e-02;2.374158e-02;7.992939e-02;1.583092e-01;4.007430e-02;1.185370e-02;2.293891e-02;2.183639e-02;1.201317e-02
3.457184e-01;2.074620e-01;2.024849e-02;1.600787e-02;2.633099e-02;6.910089e-02;1.791029e-01;7.844595e-02;1.071663e-02;2.570144e-02;1.175083e-02;9.413605e-03
2.687486e-01;2.807835e-01;4.033949e-02;1.822843e-02;2.733614e-02;4.907360e-02;1.792690e-01;7.205594e-02;1.488913e-02;2.379648e-02;1.615349e-02;9.326234e-03
1.430051e-01;2.440339e-01;5.840655e-02;4.515415e-02;5.787160e-02;8.116174e-02;2.176385e-01;5.451664e-02;2.400025e-02;2.023014e-02;3.162930e-02;2.235212e-02
6.208636e-02;7.787736e-02;4.821096e-02;5.320931e-02;1.131407e-01;1.007292e-01;2.753126e-01;1.182787e-01;5.437037e-02;1.906351e-02;3.906370e-02;3.865728e-02
2.963063e-02;4.574886e-02;4.203423e-02;3.888040e-02;1.513521e-01;1.206368e-01;3.012053e-01;1.175548e-01;8.250482e-02;1.131282e-02;1.747564e-02;4.166357e-02
5.429385e-02;1.170185e-01;4.792027e-02;3.865629e-02;1.246056e-01;1.093690e-01;2.450249e-01;1.227139e-01;7.178637e-02;1.066658e-02;2.940673e-02;2.853799e-02
1.178652e-01;2.823353e-01;7.492794e-02;3.086013e-02;5.191809e-02;7.628321e-02;1.211464e-01;1.079213e-01;3.613075e-02;1.756245e-02;6.603012e-02;1.701919e-02
8.831052e-02;3.244648e-01;9.894921e-02;4.657285e-02;2.602196e-02;5.636588e-02;1.568606e-01;8.281331e-02;1.516342e-02;1.859016e-02;6.984983e-02;1.603750e-02
6.832876e-02;2.186894e-01;7.923606e-02;5.523011e-02;4.611250e-02;8.164158e-02;2.325673e-01;1.206903e-01;1.544298e-02;8.100349e-03;4.354931e-02;3.041137e-02
5.490819e-02;9.592161e-02;4.057803e-02;3.700606e-02;7.203254e-02;1.193367e-01;2.868812e-01;1.771493e-01;3.698755e-02;1.128980e-02;2.380642e-02;4.410267e-02
5.689042e-02;4.487070e-02;2.250996e-02;1.951371e-02;9.569754e-02;1.575096e-01;2.927769e-01;1.520655e-01;6.728098e-02;1.266757e-02;1.343412e-02;6.478288e-02
1.094145e-01;2.939508e-02;1.525761e-02;1.163149e-02;9.505744e-02;2.367361e-01;2.324927e-01;7.895182e-02;8.790138e-02;2.057250e-02;1.035192e-02;7.223742e-02
2.125990e-01;2.003616e-02;1.381903e-02;1.249972e-02;7.400976e-02;2.603531e-01;1.701752e-01;5.652532e-02;8.860901e-02;2.367098e-02;1.721925e-02;5.048356e-02
3.120955e-01;8.709329e-03;9.357486e-03;6.315702e-03;5.059181e-02;2.840608e-01;1.280636e-01;3.324322e-02;6.340069e-02;4.162069e-02;1.752128e-02;4.501988e-02
3.085714e-01;1.168745e-02;5.899635e-03;6.596167e-03;3.296967e-02;3.106242e-01;1.122047e-01;4.523744e-02;2.231574e-02;9.083295e-02;1.723547e-02;3.582520e-02
2.478834e-01;7.195532e-03;4.292149e-03;8.114131e-03;1.435898e-02;3.202100e-01;1.648290e-01;6.898212e-02;5.739936e-03;1.261408e-01;1.056571e-02;2.168813e-02
1.778137e-01;1.157073e-02;6.403075e-03;8.581170e-03;1.055544e-02;3.268316e-01;2.190167e-01;6.185241e-02;1.026704e-02;1.525452e-01;5.412180e-03;9.150724e-03
1.232660e-01;3.062144e-02;7.718385e-03;1.145201e-02;2.570939e-02;3.160850e-01;2.512292e-01;7.248668e-02;1.772011e-02;1.318210e-01;4.252799e-03;7.638043e-03
1.095316e-01;5.236100e-02;1.272084e-02;1.757261e-02;4.580539e-02;2.608926e-01;2.487670e-01;1.082699e-01;2.554005e-02;8.484863e-02;1.619195e-02;1.749844e-02
1.234982e-01;8.296653e-02;1.972463e-02;2.249106e-02;5.389272e-02;1.877915e-01;2.284565e-01;1.309514e-01;3.156829e-02;8.046197e-02;2.646041e-02;1.173689e-02
1.837754e-01;1.091580e-01;2.827224e-02;2.334405e-02;4.241974e-02;1.179138e-01;1.510711e-01;1.341964e-01;2.744794e-02;1.427037e-01;2.435944e-02;1.533813e-02
1.744982e-01;5.272004e-02;2.256851e-02;1.191351e-02;3.378476e-02;2.378108e-01;1.679153e-01;7.652485e-02;3.173030e-02;1.389882e-01;3.016877e-02;2.137677e-02
1.729873e-01;6.140044e-02;2.077471e-02;1.484806e-02;3.926657e-02;2.818568e-01;1.726209e-01;4.643906e-02;2.411249e-02;1.339197e-01;2.358675e-02;8.187291e-03
1.677639e-01;6.720081e-02;2.151163e-02;2.627752e-02;5.031337e-02;2.669146e-01;1.280698e-01;6.907730e-02;1.328533e-02;1.702310e-01;1.020719e-02;9.147707e-03
1.487336e-01;6.068556e-02;2.269951e-02;2.938281e-02;3.586232e-02;1.418917e-01;1.708275e-01;1.038342e-01;2.528999e-02;1.962093e-01;3.569961e-02;2.888378e-02
1.148145e-01;7.153462e-02;1.810802e-02;2.401143e-02;2.519361e-02;1.409705e-01;2.053973e-01;1.377669e-01;2.791899e-02;1.720991e-01;2.542861e-02;3.675634e-02
9.356889e-02;5.898524e-02;1.570845e-02;2.024483e-02;3.077757e-02;1.574382e-01;2.781551e-01;1.546671e-01;2.089993e-02;1.391074e-01;1.209608e-02;1.835119e-02
1.175794e-01;7.520995e-02;2.219063e-02;2.463995e-02;3.525334e-02;1.894465e-01;2.511248e-01;9.831420e-02;2.696037e-02;1.335828e-01;1.987156e-02;5.826579e-03
1.055332e-01;5.562352e-02;2.077772e-02;2.707819e-02;2.461881e-02;2.444743e-01;1.883135e-01;1.005529e-01;1.871617e-02;1.593272e-01;4.007234e-02;1.491225e-02
1.202788e-01;6.736369e-02;2.552256e-02;3.144202e-02;3.443892e-02;2.554118e-01;1.513161e-01;7.736731e-02;2.283836e-02;1.598487e-01;4.881236e-02;5.359311e-03
1.242943e-01;8.527330e-02;2.867767e-02;4.215015e-02;4.741910e-02;1.902370e-01;1.690401e-01;6.512550e-02;2.817889e-02;1.490203e-01;6.257213e-02;8.011649e-03
1.210805e-01;1.040843e-01;2.481490e-02;4.091634e-02;2.582276e-02;1.012194e-01;1.827479e-01;8.119642e-02;4.829927e-02;1.246795e-01;1.152853e-01;2.985339e-02
1.235340e-01;1.230632e-01;4.937500e-02;2.419571e-02;2.816826e-02;7.605916e-02;1.436966e-01;7.172640e-02;5.619787e-02;6.710902e-02;1.778706e-01;5.900413e-02
1.474045e-01;7.751965e-02;3.902325e-02;3.872249e-02;2.861767e-02;8.656418e-02;2.342215e-01;1.620450e-01;4.143218e-02;4.411105e-02;6.433109e-02;3.600740e-02
1.101236e-01;9.848685e-02;4.408355e-02;7.564058e-02;2.389150e-02;7.207077e-02;2.141757e-01;1.746454e-01;2.384438e-02;2.946237e-02;1.173623e-01;1.621288e-02
7.449917e-02;1.217310e-01;6.447105e-02;1.313258e-01;2.306561e-02;5.581515e-02;1.754105e-01;1.652097e-01;2.374553e-02;2.325123e-02;1.328532e-01;8.622151e-03
5.662994e-02;1.725553e-01;9.888757e-02;1.950803e-01;2.528597e-02;3.509170e-02;9.789880e-02;1.058424e-01;6.106269e-02;3.495852e-02;1.097423e-01;6.964594e-03
7.739989e-02;2.500768e-01;1.391687e-01;1.022181e-01;5.516430e-02;2.091528e-02;7.319745e-02;3.841760e-02;6.820117e-02;5.739638e-02;1.125707e-01;5.273562e-03
7.424746e-02;2.903000e-01;1.694778e-01;3.496399e-02;1.023274e-01;2.022031e-02;8.715322e-02;1.852009e-02;3.233841e-02;8.072484e-02;8.685701e-02;2.869528e-03
6.015635e-02;3.199364e-01;1.844085e-01;2.715822e-02;1.446257e-01;1.002556e-02;7.027324e-02;2.198131e-02;1.327868e-02;9.857065e-02;4.702889e-02;2.556584e-03
5.050724e-02;3.253066e-01;1.920094e-01;3.210882e-02;1.596133e-01;1.028365e-02;6.668749e-02;1.807329e-02;6.180378e-03;1.086069e-01;2.732466e-02;3.298273e-03
6.949671e-02;3.199025e-01;2.056535e-01;3.029670e-02;1.373723e-01;6.486885e-03;8.065949e-02;1.261523e-02;8.315899e-03;1.037293e-01;2.295490e-02;2.516518e-03
6.884325e-02;3.097436e-01;2.171528e-01;3.502583e-02;1.069470e-01;1.138227e-02;1.069663e-01;1.813645e-02;9.869581e-03;9.327314e-02;1.902432e-02;3.635418e-03
8.746787e-02;2.793152e-01;2.215197e-01;4.328280e-02;8.216163e-02;1.460741e-02;1.404203e-01;2.187759e-02;1.338067e-02;7.054712e-02;1.979776e-02;5.621926e-03
6.925917e-02;1.945975e-01;2.690367e-01;5.627117e-02;7.756660e-02;1.408380e-02;1.550349e-01;4.523022e-02;1.682725e-02;7.451338e-02;2.005422e-02;7.525040e-03
4.667480e-02;3.637193e-01;2.328424e-01;4.772140e-02;5.512374e-02;1.248403e-02;8.213640e-02;4.883411e-02;2.199619e-02;7.008455e-02;1.470111e-02;3.682056e-03
5.198164e-02;4.673247e-01;1.780487e-01;3.922255e-02;2.763858e-02;1.615165e-02;3.621367e-02;6.619488e-02;3.034466e-02;6.749629e-02;1.231098e-02;7.071734e-03
4.341139e-02;5.336553e-01;1.362533e-01;2.111884e-02;1.175070e-02;1.849102e-02;2.191222e-02;8.821831e-02;4.121059e-02;6.797277e-02;9.774959e-03;6.230583e-03
9.379905e-02;5.459267e-01;7.162148e-02;1.553126e-02;6.179181e-03;3.945955e-02;1.817528e-02;8.322581e-02;5.270364e-02;5.029916e-02;1.581865e-02;7.260214e-03
2.179623e-01;4.355031e-01;3.217788e-02;1.455807e-02;7.862474e-03;4.467533e-02;3.381246e-02;7.076708e-02;5.026656e-02;2.881201e-02;5.811044e-02;5.492294e-03
2.659742e-01;2.915334e-01;3.015374e-02;1.521597e-02;1.328504e-02;3.447948e-02;7.557958e-02;7.713883e-02;3.601484e-02;2.343636e-02;1.285038e-01;8.684902e-03
2.297829e-01;1.661431e-01;4.438857e-02;1.887127e-02;1.579875e-02;3.155481e-02;1.043972e-01;1.056869e-01;2.281529e-02;2.355484e-02;2.210078e-01;1.599856e-02
1.980565e-01;1.453033e-01;4.248118e-02;1.325656e-02;1.152334e-02;3.572053e-02;1.041118e-01;7.822313e-02;2.131711e-02;2.749824e-02;2.999649e-01;2.254338e-02
2.117202e-01;7.181202e-02;3.606948e-02;1.316492e-02;1.345669e-02;4.567965e-02;1.046570e-01;6.089202e-02;1.296741e-02;2.668847e-02;3.798335e-01;2.305860e-02
1.678343e-01;4.451988e-02;3.596235e-02;1.378377e-02;3.095992e-02;5.290600e-02;7.850867e-02;5.603138e-02;1.602392e-02;4.330829e-02;4.407943e-01;1.936717e-02
1.120921e-01;6.071519e-02;3.427326e-02;3.931215e-02;5.826069e-02;5.301635e-02;8.275523e-02;1.172116e-01;5.360726e-02;5.499023e-02;2.976942e-01;3.607176e-02
9.557019e-02;6.280555e-02;4.881453e-02;5.068590e-02;5.342679e-02;6.848267e-02;1.322664e-01;2.608168e-01;6.618246e-02;3.310291e-02;6.892569e-02;5.892007e-02
4.234910e-02;1.036015e-01;5.163110e-02;3.024619e-02;4.061430e-02;5.527166e-02;1.854815e-01;3.238373e-01;3.697660e-02;2.153211e-02;5.411898e-02;5.433972e-02
3.865387e-02;1.303636e-01;3.031626e-02;1.714072e-02;3.502840e-02;4.390486e-02;3.140572e-01;2.746158e-01;1.906182e-02;1.135094e-02;5.767187e-02;2.783468e-02
5.837283e-02;1.326614e-01;1.229907e-02;1.324796e-02;2.586146e-02;5.023567e-02;4.083812e-01;1.729788e-01;1.730987e-02;1.313811e-02;8.037759e-02;1.513606e-02
7.625859e-02;1.064485e-01;1.228857e-02;2.420529e-02;1.772196e-02;7.710252e-02;4.515173e-01;1.081617e-01;1.565582e-02;2.424750e-02;7.073544e-02;1.565686e-02
1.177830e-01;8.619168e-02;9.950460e-03;3.574261e-02;2.088290e-02;1.231612e-01;4.224765e-01;5.779560e-02;1.449293e-02;4.005456e-02;5.673798e-02;1.473062e-02
1.278852e-01;1.244893e-01;1.331824e-02;4.162800e-02;2.472051e-02;1.594526e-01;3.111345e-01;5.841042e-02;1.481833e-02;6.242509e-02;4.621717e-02;1.550058e-02
1.048378e-01;1.084984e-01;1.412935e-02;3.992001e-02;2.839927e-02;1.629700e-01;2.276050e-01;1.023176e-01;2.755295e-02;7.335813e-02;8.386847e-02;2.654306e-02
8.314092e-02;7.519471e-02;3.150331e-02;2.766923e-02;2.436887e-02;1.686130e-01;2.344816e-01;9.094138e-02;3.383982e-02;6.374972e-02;1.300565e-01;3.644094e-02
5.175175e-02;6.353881e-02;2.817748e-02;2.125311e-02;2.095145e-02;1.133845e-01;3.650333e-01;1.369391e-01;3.367395e-02;3.794328e-02;1.045595e-01;2.279374e-02
6.679880e-02;5.200682e-02;1.925197e-02;2.205662e-02;1.981303e-02;7.588221e-02;4.087961e-01;1.976870e-01;2.571594e-02;3.369735e-02;4.709251e-02;3.120160e-02
8.130470e-02;7.582089e-02;1.730615e-02;1.723140e-02;2.805320e-02;9.571746e-02;3.141681e-01;1.900083e-01;2.217902e-02;2.589913e-02;7.801134e-02;5.430027e-02
1.049292e-01;1.145650e-01;3.325968e-02;1.981051e-02;2.802081e-02;8.308199e-02;2.496992e-01;1.823764e-01;2.984606e-02;3.969026e-02;6.944024e-02;4.528052e-02
