1.061691e-01;7.678456e-02;1.491855e-01;9.418781e-02;9.440341e-02;8.477245e-02;9.216742e-02;5.707818e-02;8.341185e-02;6.039044e-02;4.239479e-02;5.905455e-02
1.444347e-01;8.797992e-02;1.346222e-01;4.214347e-02;8.700038e-02;6.798667e-02;6.523184e-02;7.256694e-02;8.480489e-02;6.687242e-02;4.811851e-02;9.823805e-02
1.079065e-01;7.603931e-02;2.745838e-01;4.894261e-02;5.698197e-02;5.481107e-02;1.597881e-01;4.769833e-02;3.141475e-02;5.310214e-02;2.553022e-02;6.320117e-02
1.054348e-01;8.937776e-02;3.339372e-01;3.818217e-02;5.038136e-02;3.634180e-02;1.186265e-01;3.544937e-02;5.442892e-02;5.147883e-02;3.846196e-02;4.789932e-02
1.538696e-01;1.271618e-01;2.950861e-01;3.130125e-02;3.792251e-02;2.689698e-02;8.852963e-02;3.843977e-02;8.182789e-02;3.747767e-02;4.218914e-02;3.929752e-02
2.207301e-01;1.781033e-01;2.299873e-01;1.859824e-02;2.258965e-02;1.717956e-02;6.043423e-02;4.277583e-02;1.174451e-01;2.294846e-02;3.539819e-02;3.381014e-02
2.747235e-01;2.291702e-01;1.816594e-01;1.017168e-02;1.064821e-02;7.279157e-03;2.518279e-02;3.660101e-02;1.694230e-01;1.498902e-02;1.910743e-02;2.104470e-02
2.655984e-01;2.024804e-01;1.843660e-01;1.046263e-02;1.178019e-02;7.444813e-03;2.027218e-02;6.025672e-02;1.816072e-01;2.989550e-02;1.409222e-02;1.174384e-02
2.419486e-01;1.680837e-01;1.317068e-01;1.082758e-02;1.408801e-02;8.348010e-03;3.781994e-02;1.166053e-01;1.625947e-01;4.819103e-02;2.489774e-02;3.488854e-02
1.443533e-01;1.615726e-01;1.406375e-01;1.349990e-02;1.415743e-02;1.248475e-02;4.098093e-02;1.383643e-01;1.023463e-01;7.710060e-02;7.814458e-02;7.635794e-02
1.037964e-01;1.766589e-01;1.758536e-01;2.116172e-02;2.143295e-02;1.423412e-02;2.017773e-02;1.046927e-01;7.521428e-02;8.373386e-02;1.079037e-01;9.514000e-02
1.648009e-01;1.418646e-01;1.247826e-01;3.354693e-02;3.651767e-02;1.796205e-02;3.147286e-02;4.990553e-02;9.077884e-02;1.473790e-01;9.590876e-02;6.508029e-02
1.440367e-01;8.146415e-02;8.449957e-02;5.019592e-02;4.593143e-02;2.333537e-02;5.829139e-02;1.164767e-01;1.091945e-01;1.646063e-01;9.538946e-02;2.657851e-02
1.424020e-01;5.343357e-02;1.005842e-01;5.921416e-02;3.754317e-02;2.005581e-02;8.762229e-02;1.414315e-01;1.426087e-01;1.269886e-01;6.712758e-02;2.098851e-02
1.229027e-01;7.122611e-02;1.783430e-01;5.443891e-02;2.386439e-02;2.060024e-02;1.390931e-01;9.209353e-02;1.276692e-01;8.528375e-02;5.130745e-02;3.317767e-02
6.467354e-02;5.581549e-02;2.076637e-01;4.172022e-02;3.972042e-02;3.860357e-02;2.650026e-01;6.009138e-02;9.682892e-02;6.330734e-02;3.419108e-02;3.238174e-02
6.386159e-02;5.087176e-02;2.330481e-01;2.727425e-02;7.449825e-02;5.349277e-02;2.739805e-01;6.846951e-02;5.123205e-02;5.982929e-02;2.315491e-02;2.028694e-02
9.101896e-02;7.010344e-02;1.580052e-01;6.997301e-02;6.724086e-02;6.452793e-02;1.179166e-01;9.908450e-02;7.571798e-02;8.609566e-02;4.426629e-02;5.604952e-02
8.244256e-02;8.784225e-02;9.561456e-02;9.135705e-02;4.953411e-02;5.207817e-02;1.024440e-01;9.899910e-02;9.159190e-02;1.073818e-01;6.861660e-02;7.209787e-02
7.542618e-02;1.156320e-01;9.893294e-02;8.781229e-02;3.738994e-02;3.570692e-02;8.831757e-02;1.020490e-01;9.031677e-02;9.936521e-02;9.373669e-02;7.531439e-02
8.250303e-02;1.209586e-01;1.042844e-01;8.425509e-02;4.575358e-02;3.493553e-02;8.025109e-02;1.097046e-01;7.645457e-02;8.867432e-02;9.816971e-02;7.405554e-02
9.028585e-02;1.258978e-01;7.892083e-02;6.415953e-02;8.364040e-02;8.398852e-02;8.582183e-02;1.162904e-01;4.475966e-02;9.514736e-02;6.746491e-02;6.362291e-02
5.092757e-02;1.100966e-01;4.511228e-02;3.129390e-02;7.514943e-02;1.438036e-01;1.599939e-01;1.344701e-01;1.997072e-02;8.401566e-02;9.289603e-02;5.227021e-02
3.052500e-02;7.738947e-02;4.311273e-02;2.631032e-02;3.429783e-02;1.878938e-01;1.887415e-01;1.233621e-01;3.038010e-02;4.658434e-02;1.787155e-01;3.268722e-02
5.570636e-02;3.820951e-02;1.072737e-01;2.063930e-02;2.191558e-02;1.865442e-01;1.114241e-01;5.991844e-02;7.220954e-02;4.283357e-02;2.450578e-01;3.826790e-02
6.411133e-02;1.934578e-02;1.257587e-01;4.744950e-02;1.850421e-02;1.488757e-01;9.748295e-02;2.336538e-02;1.213444e-01;4.566274e-02;2.051825e-01;8.291675e-02
7.089390e-02;2.276937e-02;8.180965e-02;9.117113e-02;2.805191e-02;8.430614e-02;1.421806e-01;5.543396e-02;1.042781e-01;5.859453e-02;9.905519e-02;1.614556e-01
1.282849e-01;4.305291e-02;6.474673e-02;8.381267e-02;6.117230e-02;3.831759e-02;1.193004e-01;1.156974e-01;8.453979e-02;7.111193e-02;5.159296e-02;1.383704e-01
1.386864e-01;8.760266e-02;1.127256e-01;5.100496e-02;6.977711e-02;4.901953e-02;5.130994e-02;1.250786e-01;1.232086e-01;8.411901e-02;6.175996e-02;4.570774e-02
9.263277e-02;8.826371e-02;1.590579e-01;6.531657e-02;4.833635e-02;4.974438e-02;5.920146e-02;9.082070e-02;1.190896e-01;1.026431e-01;8.373360e-02;4.115986e-02
7.745476e-02;5.424490e-02;1.371627e-01;8.453317e-02;5.595043e-02;4.775842e-02;7.743039e-02;8.539648e-02;7.833044e-02;7.803675e-02;1.248434e-01;9.885817e-02
1.337185e-01;3.580777e-02;7.655161e-02;5.583303e-02;7.058500e-02;7.304312e-02;9.668345e-02;8.259160e-02;7.825087e-02;6.158765e-02;8.051813e-02;1.548293e-01
1.840138e-01;3.866346e-02;7.367541e-02;3.993574e-02;6.783559e-02;9.681723e-02;1.236632e-01;8.848260e-02;6.094177e-02;9.150418e-02;2.805613e-02;1.064109e-01
1.359295e-01;5.417667e-02;1.245953e-01;5.295674e-02;8.339047e-02;9.040852e-02;1.583663e-01;9.835972e-02;4.320951e-02;8.042879e-02;5.571372e-02;2.246476e-02
9.405581e-02;4.177563e-02;1.228781e-01;5.433005e-02;1.007701e-01;8.210311e-02;1.403558e-01;9.282743e-02;6.042197e-02;8.001390e-02;9.257092e-02;3.789713e-02
5.693021e-02;5.182436e-02;7.293915e-02;3.506389e-02;7.818590e-02;7.792623e-02;1.135755e-01;9.425028e-02;1.284405e-01;1.166203e-01;8.303628e-02;9.120742e-02
4.506073e-02;7.929190e-02;8.271991e-02;6.212329e-02;8.861733e-02;7.441506e-02;8.554700e-02;9.958154e-02;1.131399e-01;9.568746e-02;9.668565e-02;7.713021e-02
6.075884e-02;7.741716e-02;1.039461e-01;7.801419e-02;1.076716e-01;6.583247e-02;6.111404e-02;1.256614e-01;9.470119e-02;7.342488e-02;1.117231e-01;3.973500e-02
7.266877e-02;8.025490e-02;1.125420e-01;9.096588e-02;7.632043e-02;6.469904e-02;8.350750e-02;1.041766e-01;1.047404e-01;6.360903e-02;9.010186e-02;5.641362e-02
6.561165e-02;9.299790e-02;1.457843e-01;1.140555e-01;8.400331e-02;7.312644e-02;8.881636e-02;6.553778e-02;7.314740e-02;6.646190e-02;6.868810e-02;6.176937e-02
5.158012e-02;1.223111e-01;1.666179e-01;1.102136e-01;9.387781e-02;7.587941e-02;7.483027e-02;5.246309e-02;5.717755e-02;6.214448e-02;4.359420e-02;8.931049e-02
6.382038e-02;2.165016e-01;1.630186e-01;9.652463e-02;6.592406e-02;6.350703e-02;5.245856e-02;6.329525e-02;6.977631e-02;4.039432e-02;2.708201e-02;7.769715e-02
5.798885e-02;2.162865e-01;1.725178e-01;1.036732e-01;4.274170e-02;8.191423e-02;6.452057e-02;8.663542e-02;4.712413e-02;3.600889e-02;3.061991e-02;5.996872e-02
8.949793e-02;1.602604e-01;1.310629e-01;9.932262e-02;3.718484e-02;9.564906e-02;9.937045e-02;1.017623e-01;7.087013e-02;3.131873e-02;3.164216e-02;5.205851e-02
1.304909e-01;1.103513e-01;7.536136e-02;1.308428e-01;4.931235e-02;1.085043e-01;8.790216e-02;9.019244e-02;7.296998e-02;4.249630e-02;3.439383e-02;6.718225e-02
7.279719e-02;8.602934e-02;1.032530e-01;1.367214e-01;7.339982e-02;1.051256e-01;9.735929e-02;7.530780e-02;6.370690e-02;6.912535e-02;5.485765e-02;6.231663e-02
9.840432e-02;7.631297e-02;1.076782e-01;9.023282e-02;9.672175e-02;1.323388e-01;1.207586e-01;6.298909e-02;4.877482e-02;5.976955e-02;4.779395e-02;5.822519e-02
9.452415e-02;9.075955e-02;1.171447e-01;7.340779e-02;1.003269e-01;1.195038e-01;1.103736e-01;6.433971e-02;5.113874e-02;6.395291e-02;5.584755e-02;5.868058e-02
7.488713e-02;9.706448e-02;1.657817e-01;5.503792e-02;7.049549e-02;9.109510e-02;1.294373e-01;8.453300e-02;6.149263e-02;6.010007e-02;4.978448e-02;6.029071e-02
4.439944e-02;8.354727e-02;1.795823e-01;4.971473e-02;6.308637e-02;8.352886e-02;1.239287e-01;7.943423e-02;9.335133e-02;4.848776e-02;6.063903e-02;9.029993e-02
1.220208e-01;6.447536e-02;1.282444e-01;4.353223e-02;5.547361e-02;7.052705e-02;1.158098e-01;9.339899e-02;1.030044e-01;6.434080e-02;5.534177e-02;8.383080e-02
1.367793e-01;6.390457e-02;1.165518e-01;3.416206e-02;6.480879e-02;6.674520e-02;1.505874e-01;8.564904e-02;1.035980e-01;6.026477e-02;4.788207e-02;6.906702e-02
1.439634e-01;6.196051e-02;1.059777e-01;2.697306e-02;5.627842e-02;6.837738e-02;1.671257e-01;1.023656e-01;1.212641e-01;6.702588e-02;2.439386e-02;5.429443e-02
1.009653e-01;5.377566e-02;7.137440e-02;1.580230e-02;2.570468e-02;5.496464e-02;2.215461e-01;1.414631e-01;1.155862e-01;8.112193e-02;6.247626e-02;5.521936e-02
4.984301e-02;7.499693e-02;3.913441e-02;1.747207e-02;1.664408e-02;4.285258e-02;3.257236e-01;1.463781e-01;8.193256e-02;5.716838e-02;9.559547e-02;5.225877e-02
2.466916e-02;1.281375e-01;2.350560e-02;1.438887e-02;1.198563e-02;4.797494e-02;4.276819e-01;1.094349e-01;5.738956e-02;2.775721e-02;9.869595e-02;2.837880e-02
4.174265e-02;1.243057e-01;2.261033e-02;1.630533e-02;3.668988e-02;1.348532e-01;4.030063e-01;4.051183e-02;5.939852e-02;3.537680e-02;7.674442e-02;8.455109e-03
8.676907e-02;6.138989e-02;2.619978e-02;3.006420e-02;1.075524e-01;2.334940e-01;2.472680e-01;4.500692e-02;4.479768e-02;5.859916e-02;4.006829e-02;1.879053e-02
7.590742e-02;2.251346e-02;8.785204e-02;7.463325e-02;1.819234e-01;2.060400e-01;1.159367e-01;7.409400e-02;4.579852e-02;4.752756e-02;2.684523e-02;4.092840e-02
2.918944e-02;1.860567e-02;1.901831e-01;1.282292e-01;1.463088e-01;1.028733e-01;1.101267e-01;9.865087e-02;5.719543e-02;4.563828e-02;3.058770e-02;4.241157e-02
3.388227e-02;3.968347e-02;2.848751e-01;1.189497e-01;7.827222e-02;4.685996e-02;1.241599e-01;8.309238e-02;7.360829e-02;4.974033e-02;3.346226e-02;3.341408e-02
6.019016e-02;5.547341e-02;2.565913e-01;5.987658e-02;2.734833e-02;5.453089e-02;1.321782e-01;9.971868e-02;1.166277e-01;4.927246e-02;3.987820e-02;4.831411e-02
4.344685e-02;4.708641e-02;1.875623e-01;3.695292e-02;3.839640e-02;4.266299e-02;1.530015e-01;8.960678e-02;1.214987e-01;7.914528e-02;6.517304e-02;9.546696e-02
7.622308e-02;4.187348e-02;1.889332e-01;7.334229e-02;4.207759e-02;4.571464e-02;1.427263e-01;9.543695e-02;7.106268e-02;6.860862e-02;5.065612e-02;1.033451e-01
8.711085e-02;3.047939e-02;2.292376e-01;7.270514e-02;6.257641e-02;3.796143e-02;1.574142e-01;8.238152e-02;6.317228e-02;5.072118e-02;5.173428e-02;7.450573e-02
5.015969e-02;5.136253e-02;2.233592e-01;5.349745e-02;9.072009e-02;7.327847e-02;1.816792e-01;6.944522e-02;5.279141e-02;3.017826e-02;6.122896e-02;6.229947e-02
3.855871e-02;5.782282e-02;1.238439e-01;3.654316e-02;8.467429e-02;9.487887e-02;3.605501e-01;6.857435e-02;4.097540e-02;2.659068e-02;3.133311e-02;3.565457e-02
3.472153e-02;4.020742e-02;4.024682e-02;2.493760e-02;4.801084e-02;6.565003e-02;4.493230e-01;1.265677e-01;1.066329e-01;2.585120e-02;1.918332e-02;1.866760e-02
1.584091e-02;1.404091e-02;5.102199e-02;5.061723e-02;1.763732e-02;2.396832e-02;2.845134e-01;1.591816e-01;2.646651e-01;5.974822e-02;2.852036e-02;3.024471e-02
1.653766e-02;1.041037e-02;4.685727e-02;9.186825e-02;1.398407e-02;1.636921e-02;9.921926e-02;1.172942e-01;4.450160e-01;9.446001e-02;2.061125e-02;2.737249e-02
2.120687e-02;1.039619e-02;2.505120e-02;1.099930e-01;1.410812e-02;1.645869e-02;7.994405e-02;5.251616e-02;5.401638e-01;1.007918e-01;1.395459e-02;1.541556e-02
2.789357e-02;1.923219e-02;2.938358e-02;9.138824e-02;2.760828e-02;1.775855e-02;1.122445e-01;2.987472e-02;4.947684e-01;1.201233e-01;1.757359e-02;1.215106e-02
2.220541e-02;2.042122e-02;3.526289e-02;9.992502e-02;5.885723e-02;2.035365e-02;9.259994e-02;4.338764e-02;4.448421e-01;1.336063e-01;1.679851e-02;1.174008e-02
1.787479e-02;1.675667e-02;5.362104e-02;8.599699e-02;1.157957e-01;2.032698e-02;8.310208e-02;3.707153e-02;4.252068e-01;1.154849e-01;2.046101e-02;8.301537e-03
2.657170e-02;1.171704e-02;5.219788e-02;1.333315e-01;1.238599e-01;1.106237e-02;7.652323e-02;3.300887e-02;3.993411e-01;1.030400e-01;1.998889e-02;9.357457e-03
2.101211e-02;9.703269e-03;4.545644e-02;1.865725e-01;8.254928e-02;2.563848e-02;1.483863e-01;4.645693e-02;3.196909e-01;7.873094e-02;2.302971e-02;1.277305e-02
3.068289e-02;2.537098e-02;7.133538e-02;1.478177e-01;6.018620e-02;3.566575e-02;2.418535e-01;9.040902e-02;1.976894e-01;5.629770e-02;2.369928e-02;1.899230e-02
4.788717e-02;3.355938e-02;1.269404e-01;4.240415e-02;2.593723e-02;3.466569e-02;3.522413e-01;1.624438e-01;8.423689e-02;5.721505e-02;1.466663e-02;1.780239e-02
3.376105e-02;2.613840e-02;1.079465e-01;1.918511e-02;1.966278e-02;2.532177e-02;5.099432e-01;1.507237e-01;7.046948e-02;2.123923e-02;7.239038e-03;8.369726e-03
2.595225e-02;2.887347e-02;5.373869e-02;1.366658e-02;4.591666e-02;5.530696e-02;6.283019e-01;8.601630e-02;3.829641e-02;1.028513e-02;8.711610e-03;4.934058e-03
2.873317e-02;1.812495e-02;2.778911e-02;8.017553e-03;8.466853e-02;1.350601e-01;6.099295e-01;2.960817e-02;1.985085e-02;2.056519e-02;6.846092e-03;1.080677e-02
4.411142e-02;1.499310e-02;6.143335e-02;2.525707e-02;1.576244e-01;1.656575e-01;4.288433e-01;1.632984e-02;1.639544e-02;2.428324e-02;7.778892e-03;3.729238e-02
2.807632e-02;1.755713e-02;1.568616e-01;5.341550e-02;2.387664e-01;1.159542e-01;2.327167e-01;2.525109e-02;2.328802e-02;1.802980e-02;2.598530e-02;6.409783e-02
9.761178e-03;1.270277e-02;2.784378e-01;1.082181e-01;2.444387e-01;6.977326e-02;8.726915e-02;2.561400e-02;2.342026e-02;1.352247e-02;6.906481e-02;5.777743e-02
9.015309e-03;6.444251e-03;3.827689e-01;1.372966e-01;1.537948e-01;4.867826e-02;1.060553e-01;1.642301e-02;1.209380e-02;1.314342e-02;8.761998e-02;2.666644e-02
6.239135e-03;6.671730e-03;5.133306e-01;1.443208e-01;8.941993e-02;2.327723e-02;7.423004e-02;1.427240e-02;1.870607e-02;2.075954e-02;7.793293e-02;1.083966e-02
1.287029e-02;1.728209e-02;5.538725e-01;1.224595e-01;6.181368e-02;2.099130e-02;6.049700e-02;1.756933e-02;2.628046e-02;3.060278e-02;6.455641e-02;1.120466e-02
4.223424e-02;2.799730e-02;4.685204e-01;1.255619e-01;6.954213e-02;2.331224e-02;3.481430e-02;2.706711e-02;2.939750e-02;3.466299e-02;9.979785e-02;1.709210e-02
5.714984e-02;3.233277e-02;3.521486e-01;1.441666e-01;1.032472e-01;3.266308e-02;1.954257e-02;5.055996e-02;2.932796e-02;3.405266e-02;1.200869e-01;2.472177e-02
4.476543e-02;3.163454e-02;2.399592e-01;1.397700e-01;1.576013e-01;4.436925e-02;2.336955e-02;6.019599e-02;5.144790e-02;3.757941e-02;9.941429e-02;6.989320e-02
3.343941e-02;2.309511e-02;1.558261e-01;9.615120e-02;2.279107e-01;8.812422e-02;5.334818e-02;3.701439e-02;7.827295e-02;3.241926e-02;4.547267e-02;1.289258e-01
6.469414e-02;1.195218e-02;8.511629e-02;4.667042e-02;2.138899e-01;1.817638e-01;1.451859e-01;2.450731e-02;6.597316e-02;3.172980e-02;2.271093e-02;1.058062e-01
9.240121e-02;2.504764e-02;2.629838e-02;2.674787e-02;1.130451e-01;2.221539e-01;3.135248e-01;4.042641e-02;3.433130e-02;5.905323e-02;2.298870e-02;2.398145e-02
4.862040e-02;4.934438e-02;2.473899e-02;1.510627e-02;4.064847e-02;1.430364e-01;4.829945e-01;6.752877e-02;3.276018e-02;4.698202e-02;4.053468e-02;7.704948e-03
1.431026e-02;4.592610e-02;4.506942e-02;7.264218e-03;2.438576e-02;5.870963e-02;5.275987e-01;1.473150e-01;3.996234e-02;2.892052e-02;4.885349e-02;1.168458e-02
1.811404e-02;1.813054e-02;6.180974e-02;2.329201e-02;2.330054e-02;3.499315e-02;4.069124e-01;2.176034e-01;1.109628e-01;3.945678e-02;3.151545e-02;1.390905e-02
3.995603e-02;1.639846e-02;4.549848e-02;4.963506e-02;1.895684e-02;2.836308e-02;2.299250e-01;1.722266e-01;2.779767e-01;8.930395e-02;2.115570e-02;1.060417e-02
5.250890e-02;2.219393e-02;1.836543e-02;4.525631e-02;3.153584e-02;1.553531e-02;1.035189e-01;1.136369e-01;2.905646e-01;2.537607e-01;3.844197e-02;1.468121e-02
4.114616e-02;3.292074e-02;2.105692e-02;1.906062e-02;4.358176e-02;1.852454e-02;1.473972e-01;8.227456e-02;1.005506e-01;4.023445e-01;7.569458e-02;1.544790e-02
3.877508e-02;3.304662e-02;2.017226e-02;9.443540e-03;4.122448e-02;3.305336e-02;1.633670e-01;5.318952e-02;8.520073e-02;3.774343e-01;1.328177e-01;1.227528e-02
7.822556e-02;4.832136e-02;2.876290e-02;6.870926e-03;4.519182e-02;5.158959e-02;1.127068e-01;4.983849e-02;1.044258e-01;2.738066e-01;1.664801e-01;3.378006e-02
1.153632e-01;6.445632e-02;3.274722e-02;7.010495e-03;4.219431e-02;4.502509e-02;5.845977e-02;5.176523e-02;8.690364e-02;2.907457e-01;1.456909e-01;5.963808e-02
6.495978e-02;3.890720e-02;3.026799e-02;9.053713e-03;5.216406e-02;4.361326e-02;6.837151e-02;6.759673e-02;5.346677e-02;3.312735e-01;1.863508e-01;5.397467e-02
4.114499e-02;2.681999e-02;2.886566e-02;1.402587e-02;6.531579e-02;3.829161e-02;6.981327e-02;9.002406e-02;3.840425e-02;3.157775e-01;2.374246e-01;3.409232e-02
3.410282e-02;4.114239e-02;3.908179e-02;2.516714e-02;8.203123e-02;5.051597e-02;7.223716e-02;8.070101e-02;4.942337e-02;2.652522e-01;2.228436e-01;3.750126e-02
4.597651e-02;6.429009e-02;4.214906e-02;1.985645e-02;1.112415e-01;5.090092e-02;4.731514e-02;5.681149e-02;6.884056e-02;2.971489e-01;1.530790e-01;4.239031e-02
3.179879e-02;7.233646e-02;3.427857e-02;1.620941e-02;1.379400e-01;2.463564e-02;5.636826e-02;3.864982e-02;7.720189e-02;3.718836e-01;1.085414e-01;3.015618e-02
2.846610e-02;6.115143e-02;3.902457e-02;2.528127e-02;1.114961e-01;2.470590e-02;1.057144e-01;3.689444e-02;1.149096e-01;3.415801e-01;9.099433e-02;1.978181e-02
4.161276e-02;3.827646e-02;3.409510e-02;4.341294e-02;6.184449e-02;3.222862e-02;2.196674e-01;6.246465e-02;2.084853e-01;1.884270e-01;5.701282e-02;1.247241e-02
3.608591e-02;2.176187e-02;3.207556e-02;5.853312e-02;3.504525e-02;2.804981e-02;2.657516e-01;8.915035e-02;2.527982e-01;1.292510e-01;4.110383e-02;1.039343e-02
5.290631e-02;2.895824e-02;3.492456e-02;4.561513e-02;1.776928e-02;2.800751e-02;2.504112e-01;1.149483e-01;2.515011e-01;1.323429e-01;3.116946e-02;1.144594e-02
6.330711e-02;3.987137e-02;4.556395e-02;2.491962e-02;2.528357e-02;3.751558e-02;2.722691e-01;1.205119e-01;2.024440e-01;1.215274e-01;2.473624e-02;2.205009e-02
7.680555e-02;4.270940e-02;5.128717e-02;4.639969e-02;2.812846e-02;3.280864e-02;1.467177e-01;6.746227e-02;2.835851e-01;1.509250e-01;4.479758e-02;2.837341e-02
6.746540e-02;2.642763e-02;3.010637e-02;6.148835e-02;1.771538e-02;1.723145e-02;8.028954e-02;3.392531e-02;4.446781e-01;1.634914e-01;4.445195e-02;1.272909e-02
4.687874e-02;1.231436e-02;1.901936e-02;6.831390e-02;7.534756e-03;7.199673e-03;6.341594e-02;5.898482e-02;5.453509e-01;1.135435e-01;3.754983e-02;1.989419e-02
2.949272e-02;8.565281e-03;4.776414e-02;5.683809e-02;7.566980e-03;1.428533e-02;1.078982e-01;1.821175e-01;4.022904e-01;6.420781e-02;3.117331e-02;4.780022e-02
1.720998e-02;1.822076e-02;8.248445e-02;3.083450e-02;9.430963e-03;2.601426e-02;2.330843e-01;3.013449e-01;1.322360e-01;5.717080e-02;2.882125e-02;6.314792e-02
1.204703e-02;1.995163e-02;8.340006e-02;1.713826e-02;2.793168e-02;5.099543e-02;3.334443e-01;2.447399e-01;9.655374e-02;2.234384e-02;4.626698e-02;4.518712e-02
1.649034e-02;1.695407e-02;1.058240e-01;1.931581e-02;4.802929e-02;7.592790e-02;3.680332e-01;1.187134e-01;1.299162e-01;2.306316e-02;4.957864e-02;2.815408e-02
2.419923e-02;2.072185e-02;1.433831e-01;2.240288e-02;4.099979e-02;4.216507e-02;3.094947e-01;1.532593e-01;1.408401e-01;3.821749e-02;4.237691e-02;2.193954e-02
3.213050e-02;1.931715e-02;8.028071e-02;1.987521e-02;3.315923e-02;3.909694e-02;3.472588e-01;1.997873e-01;1.072688e-01;4.323225e-02;3.427758e-02;4.431557e-02
3.990500e-02;1.872802e-02;6.004685e-02;2.066615e-02;2.025543e-02;5.356989e-02;4.224508e-01;1.246897e-01;1.190796e-01;5.129045e-02;3.281653e-02;3.650156e-02
3.741329e-02;2.082280e-02;6.333961e-02;2.106998e-02;1.822907e-02;5.152586e-02;3.750269e-01;1.861493e-01;1.279967e-01;5.378424e-02;2.730072e-02;1.734149e-02
3.385513e-02;1.399068e-02;5.535237e-02;2.125874e-02;3.537262e-02;4.050530e-02;2.969111e-01;2.235298e-01;1.584850e-01;5.855751e-02;2.784417e-02;3.433761e-02
3.010375e-02;1.734404e-02;5.457251e-02;2.524263e-02;3.383281e-02;5.801820e-02;2.800705e-01;2.332628e-01;1.223882e-01;6.553774e-02;3.635304e-02;4.327386e-02
2.464783e-02;1.376473e-02;5.732350e-02;2.208308e-02;2.540167e-02;5.684377e-02;2.283469e-01;1.925439e-01;2.453338e-01;4.765444e-02;5.140252e-02;3.465398e-02
1.782700e-02;2.492813e-02;7.270573e-02;1.952200e-02;2.624598e-02;4.919562e-02;2.243727e-01;1.787766e-01;2.403774e-01;6.094452e-02;5.181388e-02;3.329043e-02
1.098618e-02;2.501272e-02;9.462035e-02;3.154907e-02;2.502299e-02;5.750186e-02;2.078391e-01;2.252199e-01;1.614891e-01;8.203045e-02;4.779994e-02;3.092836e-02
9.553244e-03;2.527228e-02;7.752659e-02;4.479911e-02;3.148508e-02;5.100710e-02;1.907875e-01;1.748265e-01;1.950646e-01;1.052122e-01;5.264740e-02;4.181845e-02
4.245061e-02;3.500413e-02;6.650233e-02;4.492465e-02;3.303948e-02;3.217790e-02;1.112724e-01;1.963002e-01;2.797320e-01;5.793300e-02;5.504178e-02;4.562148e-02
5.304081e-02;8.468122e-02;1.973454e-01;6.055536e-02;5.052127e-02;3.942177e-02;1.174678e-01;1.057371e-01;9.088237e-02;6.598584e-02;7.418498e-02;6.017613e-02
7.235449e-02;1.075425e-01;2.969680e-01;6.358870e-02;4.224716e-02;4.253272e-02;1.266867e-01;5.193740e-02;4.569631e-02;4.677495e-02;5.496126e-02;4.870981e-02
9.369107e-02;1.149398e-01;3.685057e-01;6.624897e-02;6.090543e-02;3.579890e-02;7.606233e-02;3.817588e-02;4.403278e-02;4.269033e-02;2.910462e-02;2.984422e-02
8.124838e-02;1.079073e-01;4.442191e-01;5.806210e-02;9.041450e-02;2.108524e-02;3.499296e-02;2.688682e-02;4.438312e-02;5.301262e-02;1.500325e-02;2.278459e-02
2.870094e-02;7.400398e-02;5.466391e-01;3.826210e-02;1.225603e-01;1.082873e-02;2.196565e-02;2.560926e-02;3.584876e-02;7.305612e-02;8.475155e-03;1.404990e-02
2.585930e-02;3.849224e-02;5.477032e-01;4.952146e-02;1.310054e-01;3.569997e-02;2.288153e-02;2.514943e-02;2.643891e-02;7.549809e-02;1.567048e-02;6.079921e-03
2.363327e-02;2.792884e-02;4.365670e-01;1.096714e-01;1.116201e-01;1.047430e-01;2.428698e-02;3.681512e-02;2.552742e-02;4.839196e-02;4.251704e-02;8.297909e-03
1.224897e-02;3.099906e-02;2.334624e-01;1.331864e-01;1.667081e-01;1.554093e-01;6.473855e-02;5.578215e-02;3.458893e-02;2.858034e-02;5.386758e-02;3.042814e-02
2.635729e-02;2.269735e-02;9.412071e-02;8.389104e-02;2.521014e-01;1.634396e-01;1.569127e-01;4.070318e-02;5.960176e-02;3.003188e-02;2.564356e-02;4.449953e-02
5.222654e-02;1.465470e-02;8.109600e-02;3.265253e-02;1.757529e-01;2.596638e-01;2.260878e-01;4.402896e-02;4.486407e-02;4.447701e-02;3.988697e-03;2.050700e-02
4.617151e-02;2.703688e-02;4.556416e-02;2.682383e-02;7.145478e-02;2.526440e-01;3.666145e-01;5.682874e-02;3.839767e-02;5.307389e-02;9.060761e-03;6.329348e-03
2.123811e-02;4.457707e-02;2.329131e-02;1.788457e-02;5.286935e-02;1.210813e-01;5.231066e-01;7.711262e-02;6.336066e-02;3.279965e-02;1.436278e-02;8.315979e-03
7.335176e-03;3.766482e-02;2.972792e-02;1.078903e-02;7.075981e-02;5.597027e-02;5.190956e-01;1.460280e-01;6.478006e-02;2.943341e-02;1.406713e-02;1.434880e-02
7.166392e-03;1.424746e-02;5.596487e-02;1.702060e-02;6.210643e-02;4.647172e-02;3.666404e-01;2.631356e-01;6.075274e-02;6.612284e-02;9.489182e-03;3.088172e-02
7.940701e-03;1.378356e-02;6.418917e-02;3.313541e-02;2.870532e-02;8.942850e-02;2.042422e-01;2.994393e-01;1.247769e-01;8.110482e-02;4.825197e-03;4.842890e-02
1.299336e-02;2.003950e-02;5.868347e-02;4.457198e-02;2.203887e-02;1.262353e-01;6.759676e-02;2.445038e-01;2.850189e-01;6.706604e-02;7.236249e-03;4.401575e-02
1.151597e-02;2.547618e-02;5.064715e-02;3.295129e-02;2.049404e-02;7.901509e-02;1.509503e-01;1.915477e-01;3.705837e-01;3.634132e-02;7.941602e-03;2.253561e-02
1.568847e-02;2.283917e-02;6.589139e-02;1.983373e-02;1.198518e-02;6.708834e-02;2.147204e-01;2.237444e-01;2.784179e-01;2.664864e-02;9.505376e-03;4.363706e-02
1.876137e-02;1.709918e-02;8.863481e-02;1.177529e-02;1.745232e-02;6.877048e-02;2.586955e-01;2.328554e-01;1.739114e-01;3.333912e-02;2.048628e-02;5.821873e-02
2.381646e-02;2.270329e-02;1.072300e-01;1.204314e-02;3.575306e-02;7.443929e-02;2.668335e-01;1.489885e-01;1.833878e-01;4.551183e-02;2.800023e-02;5.129286e-02
5.826554e-02;3.846083e-02;1.013363e-01;2.594768e-02;4.673764e-02;8.004351e-02;2.488286e-01;7.452613e-02;2.056721e-01;5.066172e-02;3.042657e-02;3.909329e-02
7.471102e-02;3.835401e-02;6.515145e-02;3.501226e-02;7.940719e-02;1.068421e-01;3.568748e-01;4.974060e-02;9.443662e-02;4.094267e-02;2.890841e-02;2.961887e-02
7.099427e-02;3.247147e-02;1.395616e-01;6.013109e-02;1.160371e-01;1.042989e-01;2.371668e-01;4.868133e-02;6.035333e-02;5.081293e-02;3.700139e-02;4.248975e-02
6.869945e-02;5.995751e-02;2.587126e-01;7.630630e-02;9.842837e-02;7.321686e-02;9.391823e-02;3.994045e-02;7.584126e-02;6.949659e-02;5.436557e-02;3.111672e-02
9.987074e-02;7.479976e-02;2.828659e-01;6.261818e-02;5.452552e-02;5.080187e-02;6.800683e-02;4.933059e-02;1.065917e-01;7.218170e-02;4.756089e-02;3.084642e-02
1.292403e-01;7.814252e-02;1.880494e-01;4.637016e-02;3.063357e-02;6.146857e-02;1.321142e-01;7.216636e-02;9.389558e-02;5.749222e-02;5.874100e-02;5.168615e-02
1.324286e-01;1.009124e-01;1.288859e-01;4.071921e-02;3.638516e-02;7.231133e-02;1.529196e-01;5.417135e-02;5.922042e-02;7.536487e-02;8.594955e-02;6.073166e-02
1.137139e-01;1.235869e-01;1.066696e-01;4.256239e-02;5.200672e-02;5.662792e-02;1.199837e-01;5.785818e-02;1.163028e-01;1.000468e-01;7.392479e-02;3.671630e-02
9.892366e-02;9.840351e-02;1.092889e-01;6.086296e-02;4.779875e-02;5.078613e-02;1.304188e-01;6.807184e-02;1.534178e-01;8.999661e-02;5.307039e-02;3.896067e-02
5.750725e-02;5.030651e-02;1.660466e-01;7.698289e-02;5.853685e-02;5.063529e-02;1.335886e-01;1.275100e-01;7.948228e-02;9.258455e-02;6.698162e-02;3.983759e-02
5.243850e-02;4.202442e-02;1.574441e-01;7.909993e-02;6.555033e-02;4.985053e-02;1.292102e-01;9.257052e-02;1.152759e-01;9.301527e-02;7.379594e-02;4.972428e-02
9.686321e-02;8.312579e-02;1.445152e-01;8.100413e-02;6.581680e-02;6.535277e-02;1.421899e-01;5.733019e-02;9.549780e-02;5.393946e-02;6.677645e-02;4.758830e-02
1.209518e-01;1.089771e-01;1.909543e-01;4.937986e-02;6.330891e-02;6.380913e-02;1.605691e-01;5.927560e-02;4.308370e-02;5.889340e-02;4.639680e-02;3.440028e-02
1.099015e-01;8.577724e-02;1.608192e-01;4.802591e-02;7.076328e-02;8.444843e-02;1.491060e-01;5.709767e-02;8.571912e-02;5.512438e-02;3.986607e-02;5.335125e-02
1.135733e-01;7.720886e-02;1.208001e-01;5.799108e-02;5.452606e-02;7.985432e-02;1.289926e-01;8.966975e-02;1.075098e-01;7.817575e-02;4.205849e-02;4.963984e-02
1.087976e-01;7.207390e-02;1.383457e-01;6.889898e-02;6.703822e-02;8.163705e-02;1.542790e-01;9.985296e-02;7.280298e-02;5.860697e-02;4.202740e-02;3.563926e-02
1.168035e-01;5.064049e-02;8.562557e-02;7.208798e-02;8.450964e-02;9.191275e-02;1.529179e-01;1.144799e-01;1.279234e-01;3.583061e-02;2.922245e-02;3.804576e-02
1.062246e-01;6.491499e-02;1.194768e-01;5.232092e-02;7.128502e-02;9.987692e-02;1.022371e-01;1.266938e-01;1.103307e-01;7.079058e-02;4.630232e-02;2.954623e-02
1.249257e-01;8.706278e-02;1.987471e-01;2.675247e-02;3.688883e-02;9.658889e-02;7.809968e-02;1.172301e-01;4.001879e-02;9.187578e-02;6.301066e-02;3.879921e-02
1.046805e-01;7.695565e-02;1.812515e-01;5.777241e-02;6.289300e-02;9.123892e-02;5.507416e-02;1.240667e-01;6.035361e-02;8.886213e-02;5.627907e-02;4.057242e-02
