4.282775e-02;9.149688e-02;1.034434e-01;1.293148e-01;1.210687e-01;8.238132e-02;9.696526e-02;1.389719e-01;4.308625e-02;4.639192e-02;5.634717e-02;4.770467e-02
3.495640e-02;1.173043e-01;8.094986e-02;1.079143e-01;1.270339e-01;4.882027e-02;8.715657e-02;1.855548e-01;4.916141e-02;5.138842e-02;6.872191e-02;4.103794e-02
2.342052e-02;1.426679e-01;6.433217e-02;6.439754e-02;1.043213e-01;5.179938e-02;7.003140e-02;2.278853e-01;5.508866e-02;4.819738e-02;1.126837e-01;3.517462e-02
1.804006e-02;9.974237e-02;2.079255e-01;1.232567e-02;2.947883e-02;1.481573e-01;4.581345e-02;1.551625e-01;6.011086e-02;2.580307e-02;1.811544e-01;1.628595e-02
1.704997e-02;2.157659e-02;3.026989e-01;1.225461e-02;6.902261e-03;2.112880e-01;3.088976e-02;5.994311e-02;6.199592e-02;1.352934e-02;2.483644e-01;1.350716e-02
1.467269e-02;7.777539e-02;2.578859e-01;7.340953e-03;9.381051e-03;2.136700e-01;2.358145e-02;5.177989e-02;4.593599e-02;2.358035e-02;2.664721e-01;7.924306e-03
1.529349e-02;1.486641e-01;1.497989e-01;9.096408e-03;3.224389e-02;1.705382e-01;2.732030e-02;1.119091e-01;2.617464e-02;5.448066e-02;2.461558e-01;8.324554e-03
1.067475e-02;1.527120e-01;5.338595e-02;1.155242e-02;9.562518e-02;7.913146e-02;2.043796e-02;2.319832e-01;3.033117e-02;1.262234e-01;1.793115e-01;8.631029e-03
9.537124e-03;1.046169e-01;1.996449e-02;1.018518e-02;1.297841e-01;2.775221e-02;1.584224e-02;2.824396e-01;8.234960e-02;2.068963e-01;1.043458e-01;6.286542e-03
1.574025e-02;7.098582e-02;1.495005e-02;1.991447e-02;1.123078e-01;2.920610e-02;2.839305e-02;2.497844e-01;1.431859e-01;2.182532e-01;8.720794e-02;1.007109e-02
3.061264e-02;7.272058e-02;2.029461e-02;4.586251e-02;8.999027e-02;4.289277e-02;4.002593e-02;2.184932e-01;1.665079e-01;1.775297e-01;8.072559e-02;1.434424e-02
4.578020e-02;1.053387e-01;4.671176e-02;5.619233e-02;5.227761e-02;6.009685e-02;1.206319e-01;2.006534e-01;1.111691e-01;7.673649e-02;1.108150e-01;1.359659e-02
4.568356e-02;1.083845e-01;4.016986e-02;2.359203e-02;3.160255e-02;4.818773e-02;1.884861e-01;2.838902e-01;5.497300e-02;4.843042e-02;1.188937e-01;7.706470e-03
4.050422e-02;9.359355e-02;3.937407e-02;1.874924e-02;2.760555e-02;3.208273e-02;2.013316e-01;3.134488e-01;4.935182e-02;5.459199e-02;1.177818e-01;1.158467e-02
4.117887e-02;8.138136e-02;6.836199e-02;2.568994e-02;2.792325e-02;4.487360e-02;1.341681e-01;3.401203e-01;6.217746e-02;1.074801e-01;4.673446e-02;1.991050e-02
3.091699e-02;9.771862e-02;6.368661e-02;2.779619e-02;3.947896e-02;3.191860e-02;2.000809e-01;2.806090e-01;6.342959e-02;8.655584e-02;6.593496e-02;1.187370e-02
2.039860e-02;1.062118e-01;4.728221e-02;2.917717e-02;3.011995e-02;2.654636e-02;2.230650e-01;2.986868e-01;6.930102e-02;6.394181e-02;6.345206e-02;2.181714e-02
7.005670e-02;1.242236e-01;4.798518e-02;5.176581e-02;3.344415e-02;3.377984e-02;1.254434e-01;3.445938e-01;3.999756e-02;3.800938e-02;5.659927e-02;3.410139e-02
4.386558e-02;9.340914e-02;5.837343e-02;8.439499e-02;4.992399e-02;2.294870e-02;1.569882e-01;2.810813e-01;2.777337e-02;2.630715e-02;1.284207e-01;2.651348e-02
6.114348e-02;4.058738e-02;4.944154e-02;1.083566e-01;5.314173e-02;1.905657e-02;1.448913e-01;2.371541e-01;4.317660e-02;4.452332e-02;1.837774e-01;1.474987e-02
8.224578e-02;2.835452e-02;3.356352e-02;1.339366e-01;1.001359e-01;1.605492e-02;1.265868e-01;1.803432e-01;7.001502e-02;6.181636e-02;1.594388e-01;7.508691e-03
7.914797e-02;1.893546e-02;1.829969e-02;1.447038e-01;1.929847e-01;2.822974e-02;1.317591e-01;8.942611e-02;1.074448e-01;5.655866e-02;1.269843e-01;5.525702e-03
6.822424e-02;1.228736e-02;1.724450e-02;1.602209e-01;1.663951e-01;2.959386e-02;2.009301e-01;9.707325e-02;1.462806e-01;2.101095e-02;7.800060e-02;2.738587e-03
6.676050e-02;5.401344e-03;1.784242e-02;1.706672e-01;8.964969e-02;2.311085e-02;2.415217e-01;1.424660e-01;1.748877e-01;3.885615e-02;2.419965e-02;4.636724e-03
7.329185e-02;5.808167e-03;1.829827e-02;1.662089e-01;4.670284e-02;1.437650e-02;2.266191e-01;1.670402e-01;2.001354e-01;4.396809e-02;3.102995e-02;6.520633e-03
8.958986e-02;1.012695e-02;2.399233e-02;1.687523e-01;3.766552e-02;1.109333e-02;1.594630e-01;1.489006e-01;2.399845e-01;6.557683e-02;4.075410e-02;4.100784e-03
8.777305e-02;1.410633e-02;3.809183e-02;1.749844e-01;3.494300e-02;1.595687e-02;1.035032e-01;1.114084e-01;2.560289e-01;9.020606e-02;6.623183e-02;6.765991e-03
9.759865e-02;6.215778e-02;6.592467e-02;1.595280e-01;1.808871e-02;1.863367e-02;8.547724e-02;1.198688e-01;2.209485e-01;6.898132e-02;7.110772e-02;1.168489e-02
9.581330e-02;1.569440e-01;8.078427e-02;9.533753e-02;2.728682e-02;3.592277e-02;8.614169e-02;1.296035e-01;1.210946e-01;5.096186e-02;1.058400e-01;1.426967e-02
7.965066e-02;1.745546e-01;6.935877e-02;6.292944e-02;3.359006e-02;4.527671e-02;1.201074e-01;1.284922e-01;6.219093e-02;4.868424e-02;1.659340e-01;9.231007e-03
6.626004e-02;9.816608e-02;4.103418e-02;6.676156e-02;4.408266e-02;4.300068e-02;9.515516e-02;9.810703e-02;5.411663e-02;6.799032e-02;3.124416e-01;1.288410e-02
1.068930e-01;3.132397e-02;3.185066e-02;7.325337e-02;6.157363e-02;3.711365e-02;8.377474e-02;7.316818e-02;6.821015e-02;1.009705e-01;3.151112e-01;1.675688e-02
7.237720e-02;7.827891e-02;4.134003e-02;6.752577e-02;1.027025e-01;4.980125e-02;8.912320e-02;6.427282e-02;7.409322e-02;1.527071e-01;1.813711e-01;2.640695e-02
4.123517e-02;6.325912e-02;3.520328e-02;4.518586e-02;1.008497e-01;3.849971e-02;1.241247e-01;9.047546e-02;1.087258e-01;1.476405e-01;1.813252e-01;2.347563e-02
4.651574e-02;3.754362e-02;3.214439e-02;6.310275e-02;7.605448e-02;5.333146e-02;1.748972e-01;1.185841e-01;8.233156e-02;1.101938e-01;1.922762e-01;1.302470e-02
4.880819e-02;2.628490e-02;3.210774e-02;9.751268e-02;6.206460e-02;6.311633e-02;1.779808e-01;1.767087e-01;5.323414e-02;6.867255e-02;1.750942e-01;1.841507e-02
4.942914e-02;2.611037e-02;4.157994e-02;9.782410e-02;5.638805e-02;5.674791e-02;1.835689e-01;2.252427e-01;5.167273e-02;4.541943e-02;1.349405e-01;3.107631e-02
3.370551e-02;2.469357e-02;5.605248e-02;6.966964e-02;3.947303e-02;6.451961e-02;2.403800e-01;2.814498e-01;3.881563e-02;3.678473e-02;6.401121e-02;5.044479e-02
2.376640e-02;2.739869e-02;4.328009e-02;2.788768e-02;3.715548e-02;4.902386e-02;2.825783e-01;3.314084e-01;2.885487e-02;3.485513e-02;6.418137e-02;4.960971e-02
1.991024e-02;3.914516e-02;2.604020e-02;2.921327e-02;2.926166e-02;3.182778e-02;3.211292e-01;3.406835e-01;2.826934e-02;3.080181e-02;8.030259e-02;2.341531e-02
2.801925e-02;5.128563e-02;2.462470e-02;5.278717e-02;3.036190e-02;2.783141e-02;3.107911e-01;3.399692e-01;3.447635e-02;2.726281e-02;5.161827e-02;2.097216e-02
2.882114e-02;6.326666e-02;4.729136e-02;3.974603e-02;2.785744e-02;3.769127e-02;2.450053e-01;3.516639e-01;3.550527e-02;3.014205e-02;3.426750e-02;5.874208e-02
5.762308e-02;5.214291e-02;4.606738e-02;4.372167e-02;2.275878e-02;3.366040e-02;1.627879e-01;2.898081e-01;7.229137e-02;5.356603e-02;1.018662e-01;6.370621e-02
7.554510e-02;2.979889e-02;2.781468e-02;4.739679e-02;3.100723e-02;2.002112e-02;8.262777e-02;1.364063e-01;1.268511e-01;1.154193e-01;2.681375e-01;3.897425e-02
4.668521e-02;2.038998e-02;1.681590e-02;3.077290e-02;3.787844e-02;1.501446e-02;6.893478e-02;9.609919e-02;1.000382e-01;1.570455e-01;3.860145e-01;2.431104e-02
2.662847e-02;2.900592e-02;9.248734e-03;1.787489e-02;4.329270e-02;1.177089e-02;5.292037e-02;7.032306e-02;5.637803e-02;2.028627e-01;4.564464e-01;2.324784e-02
2.352636e-02;3.475293e-02;4.276504e-03;1.179654e-02;4.817584e-02;9.145688e-03;4.372000e-02;4.918732e-02;1.428859e-02;2.402830e-01;5.046062e-01;1.624098e-02
2.149294e-02;2.453513e-02;5.834154e-03;9.880572e-03;4.191435e-02;1.015310e-02;3.749805e-02;6.619528e-02;4.933947e-02;2.387255e-01;4.872989e-01;7.132612e-03
1.849910e-02;1.512394e-02;6.652164e-03;1.003061e-02;3.255147e-02;1.135934e-02;4.687558e-02;1.089713e-01;1.083341e-01;2.098827e-01;4.255876e-01;6.132019e-03
1.992250e-02;9.645570e-03;1.006387e-02;1.132258e-02;1.990153e-02;1.376348e-02;1.065303e-01;2.493749e-01;1.251181e-01;1.209320e-01;3.068880e-01;6.537209e-03
2.730178e-02;2.837327e-02;1.365816e-02;1.436556e-02;1.599152e-02;2.028880e-02;1.466263e-01;3.043548e-01;1.063656e-01;7.962951e-02;2.364855e-01;6.559249e-03
5.761776e-02;3.964361e-02;1.844450e-02;1.689971e-02;1.866420e-02;1.860595e-02;1.986361e-01;2.598805e-01;8.245590e-02;8.665311e-02;1.976191e-01;4.879671e-03
5.924321e-02;3.944921e-02;1.792508e-02;1.945324e-02;2.621268e-02;2.136360e-02;2.632024e-01;2.013032e-01;6.936476e-02;9.629089e-02;1.710729e-01;1.511880e-02
6.308270e-02;4.043529e-02;1.139350e-02;1.565639e-02;2.997564e-02;3.386053e-02;2.539392e-01;1.926258e-01;7.002524e-02;1.051326e-01;1.793068e-01;4.566257e-03
4.174512e-02;4.496032e-02;1.908789e-02;2.120283e-02;4.298680e-02;4.329272e-02;2.105307e-01;1.100260e-01;8.006754e-02;1.247330e-01;2.493047e-01;1.206239e-02
6.432839e-02;4.742242e-02;1.968797e-02;1.661942e-02;3.537955e-02;2.790879e-02;1.202149e-01;1.695199e-01;6.374189e-02;1.137407e-01;3.044448e-01;1.699125e-02
1.042053e-01;4.210198e-02;1.308570e-02;1.323290e-02;3.747871e-02;3.316039e-02;1.699497e-01;1.325971e-01;8.616386e-02;9.122767e-02;2.613574e-01;1.543934e-02
8.233536e-02;8.169500e-02;4.266374e-02;5.342303e-02;4.406370e-02;5.318810e-02;2.065382e-01;1.761069e-01;5.453634e-02;5.567505e-02;1.236156e-01;2.615901e-02
8.791063e-02;1.058393e-01;6.080197e-02;7.457405e-02;5.718583e-02;6.673049e-02;1.810446e-01;1.687116e-01;3.083640e-02;6.388489e-02;7.094891e-02;3.153137e-02
1.041756e-01;1.296334e-01;6.537618e-02;7.683194e-02;6.225668e-02;5.701796e-02;1.653706e-01;1.328320e-01;2.432984e-02;7.126910e-02;7.917967e-02;3.172703e-02
1.564968e-01;1.362150e-01;6.385514e-02;6.825464e-02;6.697007e-02;6.729421e-02;1.241666e-01;1.254870e-01;4.682366e-02;6.812246e-02;4.358242e-02;3.273197e-02
1.172056e-01;1.244740e-01;5.306397e-02;8.909396e-02;2.290849e-02;2.811215e-02;1.259996e-01;1.982534e-01;3.759674e-02;2.828932e-02;1.316565e-01;4.334629e-02
7.259075e-02;7.942131e-02;5.839035e-02;1.572596e-01;4.008161e-02;2.695240e-02;1.256984e-01;2.226140e-01;3.737892e-02;1.946679e-02;1.246105e-01;3.553542e-02
5.399806e-02;3.278673e-02;5.824900e-02;1.938683e-01;7.203559e-02;2.551899e-02;1.196979e-01;2.605096e-01;5.413029e-02;2.254490e-02;8.470885e-02;2.195171e-02
2.828093e-02;3.423279e-02;6.168952e-02;1.318392e-01;6.498788e-02;7.520092e-02;1.539800e-01;2.975931e-01;5.128438e-02;1.656441e-02;5.172892e-02;3.261796e-02
2.221701e-02;4.324613e-02;7.595265e-02;5.456812e-02;3.541600e-02;1.204829e-01;1.435739e-01;3.436489e-01;6.679797e-02;1.631440e-02;2.261714e-02;5.516493e-02
1.546627e-02;5.287232e-02;8.716402e-02;3.953150e-02;1.483400e-02;1.156302e-01;1.249938e-01;3.571069e-01;9.668203e-02;2.456628e-02;1.036651e-02;6.078620e-02
3.629052e-02;1.214649e-01;7.765201e-02;2.676922e-02;6.322986e-03;8.707337e-02;1.363366e-01;3.269240e-01;7.091635e-02;3.399535e-02;2.238302e-02;5.387166e-02
6.912558e-02;1.563238e-01;5.519846e-02;1.419974e-02;1.355666e-02;6.466841e-02;1.611714e-01;2.789686e-01;4.123437e-02;4.389386e-02;5.914722e-02;4.251187e-02
7.008091e-02;1.125912e-01;4.155632e-02;1.578896e-02;2.721605e-02;8.426481e-02;1.637279e-01;2.854458e-01;4.010672e-02;3.773255e-02;8.618985e-02;3.529891e-02
4.713853e-02;6.626932e-02;4.540261e-02;3.331507e-02;3.376830e-02;1.229884e-01;1.315566e-01;3.236500e-01;6.135294e-02;3.742233e-02;5.014129e-02;4.699463e-02
2.417130e-02;4.380353e-02;5.035653e-02;3.144585e-02;3.036246e-02;1.455821e-01;1.122870e-01;3.693291e-01;8.826014e-02;2.852830e-02;2.238901e-02;5.348467e-02
1.373450e-02;3.938493e-02;5.265269e-02;2.307008e-02;2.300602e-02;1.345698e-01;1.035523e-01;4.321281e-01;8.198638e-02;1.923700e-02;1.898334e-02;5.769490e-02
3.278552e-02;5.470894e-02;5.298799e-02;2.589777e-02;2.131853e-02;1.068375e-01;1.302871e-01;3.955086e-01;6.188060e-02;3.151844e-02;3.086355e-02;5.540550e-02
7.702909e-02;3.671507e-02;6.025565e-02;4.804399e-02;3.399707e-02;8.500777e-02;1.333505e-01;2.735678e-01;7.889248e-02;4.460374e-02;8.473939e-02;4.379743e-02
9.917382e-02;1.104312e-01;5.818161e-02;5.576740e-02;3.633010e-02;6.017496e-02;1.617084e-01;1.563848e-01;6.926267e-02;4.832939e-02;1.069738e-01;3.728192e-02
9.863848e-02;1.513887e-01;4.790564e-02;4.919207e-02;2.429232e-02;6.016510e-02;1.979348e-01;1.776237e-01;3.659968e-02;5.142114e-02;7.381745e-02;3.102095e-02
1.080860e-01;1.165805e-01;3.248404e-02;4.195982e-02;1.783661e-02;9.886547e-02;1.348708e-01;1.545494e-01;7.971305e-02;3.122248e-02;1.061829e-01;7.764900e-02
5.664032e-02;4.499532e-02;5.255784e-02;5.627288e-02;2.733652e-02;1.029285e-01;1.277741e-01;2.548344e-01;9.394556e-02;5.013985e-02;6.659120e-02;6.598362e-02
4.743991e-02;7.994082e-02;6.069360e-02;7.168815e-02;4.416933e-02;7.968441e-02;1.536281e-01;1.957962e-01;7.321563e-02;6.625031e-02;6.859811e-02;5.889549e-02
7.215506e-02;6.960569e-02;5.673634e-02;3.697338e-02;5.528755e-02;6.196013e-02;1.256314e-01;2.933860e-01;6.653666e-02;4.521356e-02;6.704595e-02;4.946825e-02
7.596540e-02;1.294451e-01;3.662961e-02;9.061956e-02;4.232639e-02;8.867311e-02;8.702590e-02;2.428554e-01;3.189446e-02;5.971970e-02;8.150385e-02;3.334154e-02
1.018651e-01;1.037905e-01;3.542927e-02;1.075091e-01;4.939196e-02;9.302031e-02;1.386089e-01;1.648056e-01;5.364818e-02;3.725996e-02;6.791470e-02;4.675652e-02
1.952154e-01;7.191128e-02;2.999333e-02;7.037542e-02;4.881722e-02;6.320021e-02;1.462833e-01;8.914476e-02;3.973179e-02;2.886678e-02;1.744111e-01;4.204950e-02
2.012057e-01;9.747016e-02;2.148335e-02;3.019642e-02;3.266894e-02;6.881697e-02;9.981810e-02;5.261010e-02;1.332261e-02;2.794068e-02;3.261675e-01;2.829952e-02
1.314720e-01;7.705764e-02;1.756796e-02;2.435173e-02;2.140121e-02;8.015584e-02;6.929649e-02;4.562097e-02;9.630495e-03;4.332329e-02;4.674228e-01;1.269957e-02
5.440963e-02;4.654711e-02;1.206712e-02;3.549038e-02;4.169983e-02;8.393068e-02;4.746597e-02;4.258301e-02;1.235216e-02;8.792814e-02;5.288506e-01;6.675394e-03
7.893327e-02;3.452398e-02;1.061308e-02;4.246797e-02;6.217067e-02;7.012298e-02;7.195745e-02;1.056029e-01;3.043716e-02;1.314929e-01;3.517897e-01;9.887963e-03
7.354645e-02;3.765704e-02;1.445870e-02;5.188122e-02;6.154130e-02;5.645541e-02;1.409005e-01;1.814570e-01;6.074947e-02;1.113134e-01;2.018364e-01;8.203141e-03
6.872008e-02;2.895901e-02;2.005043e-02;8.503173e-02;4.051016e-02;4.999860e-02;2.084597e-01;2.545660e-01;8.493894e-02;5.387973e-02;9.909079e-02;5.794907e-03
7.049218e-02;2.188861e-02;2.165045e-02;9.276889e-02;2.511309e-02;3.721797e-02;2.698899e-01;2.345644e-01;9.406792e-02;5.754245e-02;6.107831e-02;1.372589e-02
7.047364e-02;1.636173e-02;3.915013e-02;6.226436e-02;2.520047e-02;5.497422e-02;3.013015e-01;1.273016e-01;9.682050e-02;7.575478e-02;1.139189e-01;1.647818e-02
5.136055e-02;1.280893e-02;4.942581e-02;2.192498e-02;3.706209e-02;7.403129e-02;2.467402e-01;1.065260e-01;8.025765e-02;1.101443e-01;1.997896e-01;9.928470e-03
4.477388e-02;1.367015e-02;5.295647e-02;2.885163e-02;3.041234e-02;9.029895e-02;2.425905e-01;1.129146e-01;7.995477e-02;1.260799e-01;1.662133e-01;1.128339e-02
4.706689e-02;2.011899e-02;3.995323e-02;4.467835e-02;2.080366e-02;7.542659e-02;2.459390e-01;1.148180e-01;9.521893e-02;9.869867e-02;1.871865e-01;1.009119e-02
5.193019e-02;1.007783e-02;3.012401e-02;5.546142e-02;1.486658e-02;4.367806e-02;2.116196e-01;1.403429e-01;1.137224e-01;9.135721e-02;2.254123e-01;1.140752e-02
3.703851e-02;1.547135e-02;2.326966e-02;5.636557e-02;1.044110e-02;1.537436e-02;1.874679e-01;3.578640e-01;1.028674e-01;6.186851e-02;1.286678e-01;3.303911e-03
3.736625e-02;3.240577e-02;1.927694e-02;3.653818e-02;1.570128e-02;1.875380e-02;1.868176e-01;4.705366e-01;6.140071e-02;3.164365e-02;7.713889e-02;1.242030e-02
1.777520e-02;5.804431e-02;3.027441e-02;1.569317e-02;1.827752e-02;3.507115e-02;2.408177e-01;4.825019e-01;2.982779e-02;1.645631e-02;3.442018e-02;2.084032e-02
1.519215e-02;6.619625e-02;3.816272e-02;1.026601e-02;1.314810e-02;4.006484e-02;3.152311e-01;4.354054e-01;1.516101e-02;1.003530e-02;2.010356e-02;2.103355e-02
1.962725e-02;6.765958e-02;3.210116e-02;8.328848e-03;1.292627e-02;4.648163e-02;3.806765e-01;3.631539e-01;9.055034e-03;9.186305e-03;3.393723e-02;1.686621e-02
5.345252e-02;6.966590e-02;2.011807e-02;9.971497e-03;1.953296e-02;6.399541e-02;3.992032e-01;2.790900e-01;8.638559e-03;1.388177e-02;5.187720e-02;1.057291e-02
1.195027e-01;7.216530e-02;2.281959e-02;1.430983e-02;3.371184e-02;9.964541e-02;3.659981e-01;1.582893e-01;1.574822e-02;2.612641e-02;6.118789e-02;1.049541e-02
1.644280e-01;8.973390e-02;5.434668e-02;2.500794e-02;4.412574e-02;1.118673e-01;2.933030e-01;5.459427e-02;3.114041e-02;3.273556e-02;8.624612e-02;1.247105e-02
8.698266e-02;8.778146e-02;5.372239e-02;3.024756e-02;4.129213e-02;9.281368e-02;2.988449e-01;1.291302e-01;3.222929e-02;1.928803e-02;1.130879e-01;1.457981e-02
6.264953e-02;1.097605e-01;6.315323e-02;2.945322e-02;2.855744e-02;5.286601e-02;2.232594e-01;1.582745e-01;2.798177e-02;2.471833e-02;2.069625e-01;1.236355e-02
6.242378e-02;1.208587e-01;6.963453e-02;2.658828e-02;2.375667e-02;2.390910e-02;1.501971e-01;1.870620e-01;2.573944e-02;2.864424e-02;2.728072e-01;8.378860e-03
4.932043e-02;8.189758e-02;6.308692e-02;3.706421e-02;3.387085e-02;5.567541e-02;1.188147e-01;1.882046e-01;2.155860e-02;2.523713e-02;3.150034e-01;1.026617e-02
6.372061e-02;7.166091e-02;8.844426e-02;3.668290e-02;4.027328e-02;6.144975e-02;6.563616e-02;1.534555e-01;3.171342e-02;2.241903e-02;3.551622e-01;9.381976e-03
9.854750e-02;6.592838e-02;7.641041e-02;4.384187e-02;3.552071e-02;5.266102e-02;9.408730e-02;9.222163e-02;3.885639e-02;2.465828e-02;3.638272e-01;1.343926e-02
1.033459e-01;5.509654e-02;5.210188e-02;5.965111e-02;3.287795e-02;4.238809e-02;7.716413e-02;6.931356e-02;3.466975e-02;2.880467e-02;4.324548e-01;1.213166e-02
7.720593e-02;4.437732e-02;4.850844e-02;6.316284e-02;3.032257e-02;3.115410e-02;4.946313e-02;5.518384e-02;2.936001e-02;3.003703e-02;5.311278e-01;1.009703e-02
4.894130e-02;5.481238e-02;4.013308e-02;5.032604e-02;2.893044e-02;1.980911e-02;3.871751e-02;5.030569e-02;1.770548e-02;3.186069e-02;6.111788e-01;7.279545e-03
3.827696e-02;6.383285e-02;3.654185e-02;4.335925e-02;3.459445e-02;3.017307e-02;4.730416e-02;4.809424e-02;7.509909e-03;3.153037e-02;6.119109e-01;6.872029e-03
3.754931e-02;6.318456e-02;4.461990e-02;6.813996e-02;4.391767e-02;3.378801e-02;4.610249e-02;5.711636e-02;8.976297e-03;2.643071e-02;5.657813e-01;4.393495e-03
5.132725e-02;5.891755e-02;4.573565e-02;6.665221e-02;3.786609e-02;2.733972e-02;4.921210e-02;5.320581e-02;1.712306e-02;2.444138e-02;5.583756e-01;9.803599e-03
1.205435e-01;5.262363e-02;4.080677e-02;3.831700e-02;2.914841e-02;2.796866e-02;4.624582e-02;4.613190e-02;1.872438e-02;2.485672e-02;5.345169e-01;2.011637e-02
2.456897e-01;7.185160e-02;3.373316e-02;1.060274e-02;1.938140e-02;4.297268e-02;9.358291e-02;4.920947e-02;1.814918e-02;1.815056e-02;3.770995e-01;1.957705e-02
2.892665e-01;1.010650e-01;2.688494e-02;1.229889e-02;1.359689e-02;5.699576e-02;1.552974e-01;8.170587e-02;1.392157e-02;1.480328e-02;2.220903e-01;1.207356e-02
2.208451e-01;1.119886e-01;1.934049e-02;2.026200e-02;1.869104e-02;6.874517e-02;2.197146e-01;1.072169e-01;1.186241e-02;1.276945e-02;1.784866e-01;1.007762e-02
8.849902e-02;1.206220e-01;2.314134e-02;2.226070e-02;2.450005e-02;6.496116e-02;2.170052e-01;1.215048e-01;1.095380e-02;1.072079e-02;2.853272e-01;1.050383e-02
2.118833e-01;7.310582e-02;1.562260e-02;1.640899e-02;2.102074e-02;4.144965e-02;1.155536e-01;7.284692e-02;7.903509e-03;1.288703e-02;4.007953e-01;1.052260e-02
1.990094e-01;5.252527e-02;2.328483e-02;2.029177e-02;1.831381e-02;3.293979e-02;1.322533e-01;7.240076e-02;1.093470e-02;1.975585e-02;4.057458e-01;1.254467e-02
1.514960e-01;7.112174e-02;3.620914e-02;4.113783e-02;3.054229e-02;2.923519e-02;7.552478e-02;1.041074e-01;1.774028e-02;2.794481e-02;4.012760e-01;1.366465e-02
1.116434e-01;8.946860e-02;5.268575e-02;3.891825e-02;3.673846e-02;4.350883e-02;1.382178e-01;8.907369e-02;1.751439e-02;2.345965e-02;3.467708e-01;1.200039e-02
6.140582e-02;9.397590e-02;5.887757e-02;5.329859e-02;6.199341e-02;8.302525e-02;1.313546e-01;1.042927e-01;4.413053e-02;5.916915e-02;2.240399e-01;2.443659e-02
1.170233e-01;1.627425e-01;4.896735e-02;6.016311e-02;6.202499e-02;9.497844e-02;1.084473e-01;8.883173e-02;6.433224e-02;6.117172e-02;9.332480e-02;3.799261e-02
2.465299e-01;1.947113e-01;3.290886e-02;2.321087e-02;2.356846e-02;5.485243e-02;1.107317e-01;7.922318e-02;4.477592e-02;2.552723e-02;1.390953e-01;2.486487e-02
2.397208e-01;1.623360e-01;2.883179e-02;1.438588e-02;1.065370e-02;4.564876e-02;1.210353e-01;7.110432e-02;4.265158e-02;2.372175e-02;2.127963e-01;2.711379e-02
1.673383e-01;1.047625e-01;3.118549e-02;9.127970e-03;6.996151e-03;6.190226e-02;1.462113e-01;4.511539e-02;5.791759e-02;2.585973e-02;3.124661e-01;3.111714e-02
8.674821e-02;5.432191e-02;3.628265e-02;7.080627e-03;5.266801e-03;9.057758e-02;1.821784e-01;2.063509e-02;6.879023e-02;2.450771e-02;3.898984e-01;3.371240e-02
1.018455e-01;1.769809e-02;3.559417e-02;3.099699e-03;6.382170e-03;1.019670e-01;2.332391e-01;3.701122e-02;5.818326e-02;2.003044e-02;3.508863e-01;3.406311e-02
1.066968e-01;2.585882e-02;3.320340e-02;5.431977e-03;6.672130e-03;1.015381e-01;2.502025e-01;5.698409e-02;5.736746e-02;1.866282e-02;2.944551e-01;4.292683e-02
1.422608e-01;4.377035e-02;2.805835e-02;1.467984e-02;1.492601e-02;9.201946e-02;2.081447e-01;7.538562e-02;5.828895e-02;2.357797e-02;2.434126e-01;5.547537e-02
1.840547e-01;7.556573e-02;2.582599e-02;2.932356e-02;2.491457e-02;8.237423e-02;1.463096e-01;1.073328e-01;6.470910e-02;2.622297e-02;1.740807e-01;5.928601e-02
2.234703e-01;9.468096e-02;2.121451e-02;3.037897e-02;2.805803e-02;6.866568e-02;1.505024e-01;9.910589e-02;6.051806e-02;3.205870e-02;1.317756e-01;5.957098e-02
2.358536e-01;4.998801e-02;3.952934e-02;2.322499e-02;2.149278e-02;6.074298e-02;1.623643e-01;5.366453e-02;4.405528e-02;3.793262e-02;2.281054e-01;4.304624e-02
2.202101e-01;5.835507e-02;4.485769e-02;1.692458e-02;1.835288e-02;6.264450e-02;1.674651e-01;5.524575e-02;4.954497e-02;3.048790e-02;2.501152e-01;2.579631e-02
2.337760e-01;9.212012e-02;3.494916e-02;2.382887e-02;1.410394e-02;6.116411e-02;1.695222e-01;4.060935e-02;3.452302e-02;2.912778e-02;2.310188e-01;3.525677e-02
1.790267e-01;1.064130e-01;4.359817e-02;1.599428e-02;8.154268e-03;9.791436e-02;1.801556e-01;3.193505e-02;4.779969e-02;4.026321e-02;1.939797e-01;5.476594e-02
1.449829e-01;1.078466e-01;4.996177e-02;1.831575e-02;1.672455e-02;1.008089e-01;1.674351e-01;4.658942e-02;5.919911e-02;5.183834e-02;1.673124e-01;6.898517e-02
1.543813e-01;1.132736e-01;5.666476e-02;1.199232e-02;1.793124e-02;9.846468e-02;1.384890e-01;4.298736e-02;6.523483e-02;5.326871e-02;1.588035e-01;8.850881e-02
1.471842e-01;9.505828e-02;6.030148e-02;4.161389e-02;2.236968e-02;7.765996e-02;1.013072e-01;9.800275e-02;5.501613e-02;4.187749e-02;1.693027e-01;9.030619e-02
1.227152e-01;1.035173e-01;5.928463e-02;5.614458e-02;2.849583e-02;5.361210e-02;1.764407e-01;1.089316e-01;4.606842e-02;4.362472e-02;1.266923e-01;7.447251e-02
1.348732e-01;1.120142e-01;6.524201e-02;6.608987e-02;3.681173e-02;4.397715e-02;2.214125e-01;1.040434e-01;4.014973e-02;4.144493e-02;8.920532e-02;4.473596e-02
1.533967e-01;7.568663e-02;7.508348e-02;5.979800e-02;6.442017e-02;6.668320e-02;1.670856e-01;1.153940e-01;3.591069e-02;4.349542e-02;8.934369e-02;5.370240e-02
1.355155e-01;7.325769e-02;1.081252e-01;8.600684e-02;5.641546e-02;1.088772e-01;8.070352e-02;6.420385e-02;7.501215e-02;5.940147e-02;7.977960e-02;7.270167e-02
1.314387e-01;9.762434e-02;9.940704e-02;1.050839e-01;8.105693e-02;8.958615e-02;9.225279e-02;3.999525e-02;8.394732e-02;3.384423e-02;6.566878e-02;8.009461e-02
1.131836e-01;8.194475e-02;8.617914e-02;1.317979e-01;4.367565e-02;5.695259e-02;1.027521e-01;9.950868e-02;7.024701e-02;5.304310e-02;6.912843e-02;9.158702e-02
9.784476e-02;9.080034e-02;5.622403e-02;1.122530e-01;3.920012e-02;5.319293e-02;8.026014e-02;1.074866e-01;8.163172e-02;8.354817e-02;6.653769e-02;1.310205e-01
1.152663e-01;7.815198e-02;3.076001e-02;6.670411e-02;2.867257e-02;7.144468e-02;7.728468e-02;1.002291e-01;9.387074e-02;7.232631e-02;1.315952e-01;1.336943e-01
8.907560e-02;7.988486e-02;3.044541e-02;7.534764e-02;4.014907e-02;7.595311e-02;1.157561e-01;1.177891e-01;7.188229e-02;5.480517e-02;1.560772e-01;9.283439e-02
8.344034e-02;1.100777e-01;4.149837e-02;7.310485e-02;4.095431e-02;9.346284e-02;1.410081e-01;1.555149e-01;4.404262e-02;5.520961e-02;9.541588e-02;6.627048e-02
1.152960e-01;1.069331e-01;4.465340e-02;6.526292e-02;3.432705e-02;9.334378e-02;1.119413e-01;1.494309e-01;2.778646e-02;7.807252e-02;1.088080e-01;6.414458e-02
1.151756e-01;9.614971e-02;3.972873e-02;5.391785e-02;3.301678e-02;8.083575e-02;1.385459e-01;9.072474e-02;4.037505e-02;7.144698e-02;1.697947e-01;7.028820e-02
1.592865e-01;1.578814e-01;2.804825e-02;1.947509e-02;3.885284e-02;6.517076e-02;2.011365e-01;1.667523e-01;1.735327e-02;2.887999e-02;1.093435e-01;7.819514e-03
2.103012e-01;2.124894e-01;3.378419e-02;1.293350e-02;3.419763e-02;6.507376e-02;1.739770e-01;1.399131e-01;1.722032e-02;1.901575e-02;7.547519e-02;5.618850e-03
2.767694e-01;2.579132e-01;3.328316e-02;1.115229e-02;4.378372e-02;6.035237e-02;1.279638e-01;1.133518e-01;1.216290e-02;1.434147e-02;4.302064e-02;5.905228e-03
3.714995e-01;3.015452e-01;2.614872e-02;6.014230e-03;4.961683e-02;4.263442e-02;7.093924e-02;9.312772e-02;1.001600e-02;8.489067e-03;1.648207e-02;3.486978e-03
4.149380e-01;2.975542e-01;2.210927e-02;8.570673e-03;4.148772e-02;3.387066e-02;2.484593e-02;8.800158e-02;2.496738e-02;2.361039e-02;1.601721e-02;4.026983e-03
3.612439e-01;2.393097e-01;1.776498e-02;2.004419e-02;3.583493e-02;5.638056e-02;4.080489e-02;8.021910e-02;3.782428e-02;6.011389e-02;4.199170e-02;8.467829e-03
3.083866e-01;1.643405e-01;1.426463e-02;2.642298e-02;6.983417e-02;5.781723e-02;5.726445e-02;7.394176e-02;4.551207e-02;7.969674e-02;9.235129e-02;1.016754e-02
2.511931e-01;1.192081e-01;1.486172e-02;3.284994e-02;8.127253e-02;2.976547e-02;1.010274e-01;8.574789e-02;5.701817e-02;6.611552e-02;1.500538e-01;1.088644e-02
1.310676e-01;1.103075e-01;2.899742e-02;3.324423e-02;5.016176e-02;2.879671e-02;1.938489e-01;1.246077e-01;7.248215e-02;7.725685e-02;1.330517e-01;1.617739e-02
1.574074e-01;9.645740e-02;2.247401e-02;2.516844e-02;4.227109e-02;6.702616e-02;2.547770e-01;1.251996e-01;9.044357e-02;5.117236e-02;5.029203e-02;1.731098e-02
2.274467e-01;1.418782e-01;1.797314e-02;3.764200e-02;3.781533e-02;9.147900e-02;2.028556e-01;8.953675e-02;7.522609e-02;3.956101e-02;2.756825e-02;1.101790e-02
2.251381e-01;1.624670e-01;3.519088e-02;4.020603e-02;3.564379e-02;8.879044e-02;1.219007e-01;9.825850e-02;6.594861e-02;7.112855e-02;3.910458e-02;1.622283e-02
1.926375e-01;1.272983e-01;6.465398e-02;6.170939e-02;4.629338e-02;9.531158e-02;9.156150e-02;9.416320e-02;8.712471e-02;7.245570e-02;4.536351e-02;2.142728e-02
1.411735e-01;1.048058e-01;7.834000e-02;6.009374e-02;5.551293e-02;8.025912e-02;1.083701e-01;1.242587e-01;6.676588e-02;7.505231e-02;5.398295e-02;5.138505e-02
1.223859e-01;6.875820e-02;7.365189e-02;5.001098e-02;6.616182e-02;6.873472e-02;8.299474e-02;1.613299e-01;7.478518e-02;7.880724e-02;7.921814e-02;7.316137e-02
1.102502e-01;5.374794e-02;5.719149e-02;5.756653e-02;6.054372e-02;6.855916e-02;1.433180e-01;1.778821e-01;6.827576e-02;6.164378e-02;9.729092e-02;4.373033e-02
1.236359e-01;1.519004e-01;4.886368e-02;3.654588e-02;4.457853e-02;4.744455e-02;1.888965e-01;1.265122e-01;4.578550e-02;6.225557e-02;9.783541e-02;2.574589e-02
1.028216e-01;2.378445e-01;7.067528e-02;2.664366e-02;2.735709e-02;4.181038e-02;1.446941e-01;9.862122e-02;3.635884e-02;1.072681e-01;7.320825e-02;3.269685e-02
4.476309e-02;2.704424e-01;7.691497e-02;3.067657e-02;2.250392e-02;5.344421e-02;9.580673e-02;7.022189e-02;9.588442e-02;1.374618e-01;5.609184e-02;4.578815e-02
9.125871e-02;2.186473e-01;4.603413e-02;2.439249e-02;2.451659e-02;4.942849e-02;4.760530e-02;7.395234e-02;1.976604e-01;1.179138e-01;5.258141e-02;5.600899e-02
1.464243e-01;1.067519e-01;1.974447e-02;1.460059e-02;4.379565e-02;2.177333e-02;3.278768e-02;1.747919e-01;2.173220e-01;1.179518e-01;6.232869e-02;4.172774e-02
1.971724e-01;3.195686e-02;1.491425e-02;2.156672e-02;4.446894e-02;1.116979e-02;6.130464e-02;2.396449e-01;1.673459e-01;1.150038e-01;5.947877e-02;3.597306e-02
2.266858e-01;2.540820e-02;9.637026e-03;5.201400e-02;2.723231e-02;2.374604e-02;1.151100e-01;1.972167e-01;1.015029e-01;1.024406e-01;4.640873e-02;7.259772e-02
1.768346e-01;3.263132e-02;6.950542e-03;9.786668e-02;1.403909e-02;2.569463e-02;2.335469e-01;9.967089e-02;6.004573e-02;9.918186e-02;2.995666e-02;1.235810e-01
1.068201e-01;4.572319e-02;6.418001e-03;1.081043e-01;1.040225e-02;3.969575e-02;3.055434e-01;9.219132e-02;3.125251e-02;7.201421e-02;4.156672e-02;1.402683e-01
1.077675e-01;5.019218e-02;9.137284e-03;1.132215e-01;1.887553e-02;7.998710e-02;3.095758e-01;5.485216e-02;1.382058e-02;4.957788e-02;6.843514e-02;1.245574e-01
1.632040e-01;4.129904e-02;1.269180e-02;1.122121e-01;2.263663e-02;8.452217e-02;2.709233e-01;5.221471e-02;1.933375e-02;5.211184e-02;8.679029e-02;8.206031e-02
1.842957e-01;2.541171e-02;1.380026e-02;1.066799e-01;1.547427e-02;3.665537e-02;2.331579e-01;5.467330e-02;1.716951e-02;4.572194e-02;2.056724e-01;6.128765e-02
1.513802e-01;2.466603e-02;9.823548e-03;7.250052e-02;1.608497e-02;1.435105e-02;1.457733e-01;4.382734e-02;1.252233e-02;3.139670e-02;4.321139e-01;4.556017e-02
9.262532e-02;1.690562e-02;9.965568e-03;3.025640e-02;2.626131e-02;1.694466e-02;7.442547e-02;4.328681e-02;1.587140e-02;4.125988e-02;6.042281e-01;2.796948e-02
8.307064e-02;2.618754e-02;9.889522e-03;1.229645e-02;3.049238e-02;1.730225e-02;6.125026e-02;5.736965e-02;2.103502e-02;5.732970e-02;6.058263e-01;1.795028e-02
2.287889e-01;6.388151e-02;1.492572e-02;2.835919e-02;2.498019e-02;1.744813e-02;7.434545e-02;1.070314e-01;2.287778e-02;5.067040e-02;3.510941e-01;1.559721e-02
4.108402e-01;1.397623e-01;2.606862e-02;5.166373e-02;5.844053e-02;1.828224e-02;8.124650e-02;1.335711e-01;2.075105e-02;3.743402e-02;1.225650e-02;9.683308e-03
3.418952e-01;2.208706e-01;2.618158e-02;3.577680e-02;7.678591e-02;1.705525e-02;6.941891e-02;6.904612e-02;2.187650e-02;5.178867e-02;6.312377e-02;6.180673e-03
2.655443e-01;3.447283e-01;2.190893e-02;3.692678e-02;3.834857e-02;2.788857e-02;6.025417e-02;2.276508e-02;4.155639e-02;8.875778e-02;4.716650e-02;4.154577e-03
2.257012e-01;4.028530e-01;2.151346e-02;6.722838e-02;7.263178e-03;4.612607e-02;2.529997e-02;2.128435e-02;6.896044e-02;7.498182e-02;3.002066e-02;8.767448e-03
1.759274e-01;4.443774e-01;2.949319e-02;8.082715e-02;1.004645e-02;5.917273e-02;1.553724e-02;3.162650e-02;8.640925e-02;4.111226e-02;1.105023e-02;1.442023e-02
1.215885e-01;4.808084e-01;4.652776e-02;6.665006e-02;1.208118e-02;4.566771e-02;1.184836e-02;5.589454e-02;7.859267e-02;3.006475e-02;2.610631e-02;2.416965e-02
9.069315e-02;4.786883e-01;6.328891e-02;3.072492e-02;9.886810e-03;4.012566e-02;2.584178e-02;7.892347e-02;5.371250e-02;4.386649e-02;4.758644e-02;3.666155e-02
1.288699e-01;3.707041e-01;5.930036e-02;1.947778e-02;1.455531e-02;6.174834e-02;4.333544e-02;8.960785e-02;4.287817e-02;4.914793e-02;7.743139e-02;4.294341e-02
1.806272e-01;2.360361e-01;4.894630e-02;3.439374e-02;3.137419e-02;6.396721e-02;6.591125e-02;9.161268e-02;4.595703e-02;3.833693e-02;1.302925e-01;3.254486e-02
2.047971e-01;2.083260e-01;5.128200e-02;6.747805e-02;3.232312e-02;4.700419e-02;6.547742e-02;8.489192e-02;4.182286e-02;3.940490e-02;1.295119e-01;2.768046e-02
2.245407e-01;1.765010e-01;5.422966e-02;7.697734e-02;2.607410e-02;5.621941e-02;9.090179e-02;9.197834e-02;4.544929e-02;4.031169e-02;7.803763e-02;3.877905e-02
1.572030e-01;2.665542e-01;5.636300e-02;4.736472e-02;2.259286e-02;5.471786e-02;8.081681e-02;1.033806e-01;5.389270e-02;3.818297e-02;9.020492e-02;2.872638e-02
1.918384e-01;2.325714e-01;5.169535e-02;7.840560e-02;2.951541e-02;3.621127e-02;7.052910e-02;9.102361e-02;4.151061e-02;3.820400e-02;1.025479e-01;3.594737e-02
1.798069e-01;1.049752e-01;3.046200e-02;6.681855e-02;2.892043e-02;4.712005e-02;1.091189e-01;1.129535e-01;7.105633e-02;4.929936e-02;1.556157e-01;4.385309e-02
8.014877e-02;9.376240e-02;3.350543e-02;6.869031e-02;7.992073e-02;5.885378e-02;1.597760e-01;1.614260e-01;9.452583e-02;6.099164e-02;6.979612e-02;3.860299e-02
1.052238e-01;1.109244e-01;2.630805e-02;5.747707e-02;1.019660e-01;4.736805e-02;1.470519e-01;1.778092e-01;9.023360e-02;3.843340e-02;7.182062e-02;2.538403e-02
1.443734e-01;1.481024e-01;1.689409e-02;3.242618e-02;1.014782e-01;6.048054e-02;1.159252e-01;1.542347e-01;1.232382e-01;2.173857e-02;6.328148e-02;1.782694e-02
1.575965e-01;1.207108e-01;1.441723e-02;1.371757e-02;1.000929e-01;4.378963e-02;9.159202e-02;2.244524e-01;1.600268e-01;1.241480e-02;5.174734e-02;9.442108e-03
1.619566e-01;5.938191e-02;9.488191e-03;6.800021e-03;7.941198e-02;2.052998e-02;8.903780e-02;3.736843e-01;1.447332e-01;6.570288e-03;4.054002e-02;7.865727e-03
1.461655e-01;2.257710e-02;6.284670e-03;2.374315e-02;4.528471e-02;1.687391e-02;1.116875e-01;4.414453e-01;9.273261e-02;3.985762e-02;3.146001e-02;2.188796e-02
1.241898e-01;1.617437e-02;2.258465e-03;5.614729e-02;2.613361e-02;2.247388e-02;2.248499e-01;3.190171e-01;5.109857e-02;8.351128e-02;1.976482e-02;5.438080e-02
1.108337e-01;1.864093e-02;1.925587e-03;7.690740e-02;1.420425e-02;3.910332e-02;3.751211e-01;1.335283e-01;2.663392e-02;9.830736e-02;1.943158e-02;8.536255e-02
1.107798e-01;3.133260e-02;6.909006e-03;6.028061e-02;1.406493e-02;6.286921e-02;3.621292e-01;1.197141e-01;2.679857e-02;7.174542e-02;6.203463e-02;7.134205e-02
1.150908e-01;5.176108e-02;1.373052e-02;4.280693e-02;1.529223e-02;7.997743e-02;3.045822e-01;1.232361e-01;2.696934e-02;6.101408e-02;1.233222e-01;4.221721e-02
1.037387e-01;7.777280e-02;2.204792e-02;3.762389e-02;1.618436e-02;6.848802e-02;2.778878e-01;1.669785e-01;3.649095e-02;5.499807e-02;1.114693e-01;2.631974e-02
1.372262e-01;6.958921e-02;3.214691e-02;2.622271e-02;2.528337e-02;5.133146e-02;2.104960e-01;1.946871e-01;4.887043e-02;4.190226e-02;1.393127e-01;2.293174e-02
1.817839e-01;6.143161e-02;3.034705e-02;2.007261e-02;2.343965e-02;6.380063e-02;1.367552e-01;1.728559e-01;5.917551e-02;3.668504e-02;1.885888e-01;2.506415e-02
2.633876e-01;6.359018e-02;2.245803e-02;3.423583e-02;2.226508e-02;5.231819e-02;1.295595e-01;1.462193e-01;5.841327e-02;3.141727e-02;1.447629e-01;3.137279e-02
3.455183e-01;1.014488e-01;1.741499e-02;4.429113e-02;2.143839e-02;3.827240e-02;1.188924e-01;1.490284e-01;4.750300e-02;2.121145e-02;7.207607e-02;2.290473e-02
3.861870e-01;1.071182e-01;1.437971e-02;3.780596e-02;4.208707e-02;2.424655e-02;1.003621e-01;1.814806e-01;3.046478e-02;1.554164e-02;4.768880e-02;1.263760e-02
3.898226e-01;1.129124e-01;1.657705e-02;3.501570e-02;4.636463e-02;4.187819e-02;5.932276e-02;1.636223e-01;2.327678e-02;3.657098e-02;5.273362e-02;2.190296e-02
3.033386e-01;1.110804e-01;9.124597e-03;1.096674e-01;2.041592e-02;4.600872e-02;1.197591e-01;8.170921e-02;2.393396e-02;5.804845e-02;5.259534e-02;6.431831e-02
2.806864e-01;9.547418e-02;4.381508e-03;1.506275e-01;1.831220e-02;2.599626e-02;1.828299e-01;4.143915e-02;1.524615e-02;5.465010e-02;4.575570e-02;8.460106e-02
3.451753e-01;1.105951e-01;7.012188e-03;1.246959e-01;4.107095e-02;2.413793e-02;1.431415e-01;6.995518e-02;9.400460e-03;4.403407e-02;1.454418e-02;6.623730e-02
3.497698e-01;1.305929e-01;7.880069e-03;5.798952e-02;1.052578e-01;5.278940e-02;6.290361e-02;1.370752e-01;1.063444e-02;2.288086e-02;3.096097e-02;3.126540e-02
3.150926e-01;1.345054e-01;8.729986e-03;1.540794e-02;1.610311e-01;8.844339e-02;1.834340e-02;2.056489e-01;1.225429e-02;8.058052e-03;2.472746e-02;7.757542e-03
3.019243e-01;1.082633e-01;8.044585e-03;5.568924e-03;1.599728e-01;7.526983e-02;1.834777e-02;2.776958e-01;1.506043e-02;4.617197e-03;2.003425e-02;5.200862e-03
3.274343e-01;7.946555e-02;8.366463e-03;4.737618e-03;1.162366e-01;2.145476e-02;4.475239e-02;3.505442e-01;1.272928e-02;6.612087e-03;1.975760e-02;7.909100e-03
3.260057e-01;5.416102e-02;1.009565e-02;5.737230e-03;7.160694e-02;1.260830e-02;7.534193e-02;3.534131e-01;1.110789e-02;7.180514e-03;6.387969e-02;8.862065e-03
2.634527e-01;7.482151e-02;1.086111e-02;1.795349e-02;3.865057e-02;2.359625e-02;1.028654e-01;2.531793e-01;1.461948e-02;1.428860e-02;1.651911e-01;2.052048e-02
1.838556e-01;7.791921e-02;1.331295e-02;2.655898e-02;1.407456e-02;4.436786e-02;1.410152e-01;1.710652e-01;1.880364e-02;2.425141e-02;2.582096e-01;2.656582e-02
1.589561e-01;7.914320e-02;1.656364e-02;2.920562e-02;2.461313e-02;6.881336e-02;1.741845e-01;1.552826e-01;1.880660e-02;3.062236e-02;2.190790e-01;2.472980e-02
2.056332e-01;5.309478e-02;2.353037e-02;2.297022e-02;4.256236e-02;5.331931e-02;1.947316e-01;2.324000e-01;2.143897e-02;3.490587e-02;9.566206e-02;1.975119e-02
2.408746e-01;6.774245e-02;1.706462e-02;1.849134e-02;5.171015e-02;2.342885e-02;1.436910e-01;3.043369e-01;1.978557e-02;1.633323e-02;8.620245e-02;1.033881e-02
2.785556e-01;5.492383e-02;8.036147e-03;1.684867e-02;5.880451e-02;2.074387e-02;1.031551e-01;2.927805e-01;1.096193e-02;2.742545e-02;1.111957e-01;1.656874e-02
1.880568e-01;7.045019e-02;1.805576e-02;2.839198e-02;5.221573e-02;5.607386e-02;1.215869e-01;2.414451e-01;2.374474e-02;5.470815e-02;1.189629e-01;2.630793e-02
7.820252e-02;4.252380e-02;3.331593e-02;3.489527e-02;7.840846e-02;7.822213e-02;1.206603e-01;1.851765e-01;3.934156e-02;9.857226e-02;1.405494e-01;7.013191e-02
6.419558e-02;3.290078e-02;3.408476e-02;1.987495e-02;7.301381e-02;8.274093e-02;1.382109e-01;1.688817e-01;4.364400e-02;1.122708e-01;1.437275e-01;8.645433e-02
1.135518e-01;9.479810e-02;3.110975e-02;1.629698e-02;4.382252e-02;8.241300e-02;1.382503e-01;1.390895e-01;4.210313e-02;9.038991e-02;1.252898e-01;8.288518e-02
2.335613e-01;2.362856e-01;2.458932e-02;6.212676e-03;2.955297e-02;4.184391e-02;1.071176e-01;1.318477e-01;3.322510e-02;4.422012e-02;6.947768e-02;4.206608e-02
3.244479e-01;3.101141e-01;1.536298e-02;7.353808e-03;3.136731e-02;2.633804e-02;5.240292e-02;1.226348e-01;4.468384e-02;2.172901e-02;2.957438e-02;1.399091e-02
3.496982e-01;2.960493e-01;1.062749e-02;6.923641e-03;3.407778e-02;2.524981e-02;4.316239e-02;1.194377e-01;4.558797e-02;1.324018e-02;4.568999e-02;1.025555e-02
3.525290e-01;2.815898e-01;1.198229e-02;7.847671e-03;2.531493e-02;2.877454e-02;5.320229e-02;9.579153e-02;5.859931e-02;2.302121e-02;4.895611e-02;1.239121e-02
3.643644e-01;3.038105e-01;1.182759e-02;7.267255e-03;1.226509e-02;3.230284e-02;3.744212e-02;7.500832e-02;8.060620e-02;3.112065e-02;3.324173e-02;1.074333e-02
4.078735e-01;2.659803e-01;8.536123e-03;2.915485e-03;2.785839e-02;1.406716e-02;3.061867e-02;1.044682e-01;6.032328e-02;2.281047e-02;4.458020e-02;9.968210e-03
4.040834e-01;2.105190e-01;1.237515e-02;4.216817e-03;4.299105e-02;1.096473e-02;3.620229e-02;1.347543e-01;3.219577e-02;1.952978e-02;7.910243e-02;1.306534e-02
3.523484e-01;1.861615e-01;1.533300e-02;5.480364e-03;5.815332e-02;1.242331e-02;3.541596e-02;1.790484e-01;1.999242e-02;2.151166e-02;1.018801e-01;1.225146e-02
3.093565e-01;2.044986e-01;1.600209e-02;7.194199e-03;5.961858e-02;2.473673e-02;5.212659e-02;1.930254e-01;3.623487e-02;1.947370e-02;6.929270e-02;8.439992e-03
4.441698e-01;2.172733e-01;1.389959e-02;1.102150e-02;2.849747e-02;3.023673e-02;5.000879e-02;1.318040e-01;2.659312e-02;1.694218e-02;2.215040e-02;7.403116e-03
4.700872e-01;2.336375e-01;1.995972e-02;5.661251e-03;3.460955e-02;2.003314e-02;2.733298e-02;1.107016e-01;1.557787e-02;1.315991e-02;3.986100e-02;9.378336e-03
4.910334e-01;2.444339e-01;1.766103e-02;4.165630e-03;3.209612e-02;1.662181e-02;2.677377e-02;9.821072e-02;1.625991e-02;1.367739e-02;3.309250e-02;5.973893e-03
4.978741e-01;2.620596e-01;2.303358e-02;3.845097e-03;2.531189e-02;1.195299e-02;3.285762e-02;9.716524e-02;1.324206e-02;1.110533e-02;1.510193e-02;6.450634e-03
4.725401e-01;2.729168e-01;2.377310e-02;7.650720e-03;3.493480e-02;1.496330e-02;2.899235e-02;9.941122e-02;1.074037e-02;7.919181e-03;1.887417e-02;7.283867e-03
4.457796e-01;2.601463e-01;2.062613e-02;8.030917e-03;4.374007e-02;1.511416e-02;4.784224e-02;9.732284e-02;1.025443e-02;1.128521e-02;2.958765e-02;1.027048e-02
4.729880e-01;2.704934e-01;1.437099e-02;8.134039e-03;4.922101e-02;1.315763e-02;4.001101e-02;8.815494e-02;8.078055e-03;9.961844e-03;1.704722e-02;8.381836e-03
5.058433e-01;2.695678e-01;1.036932e-02;7.694513e-03;5.426651e-02;1.991940e-02;2.496474e-02;7.842545e-02;5.365828e-03;1.026647e-02;6.716091e-03;6.600527e-03
4.824721e-01;2.399269e-01;1.213197e-02;1.589265e-02;4.090680e-02;4.297381e-02;3.979854e-02;6.781729e-02;5.661179e-03;1.848732e-02;2.513855e-02;8.792849e-03
4.504344e-01;2.069319e-01;1.176017e-02;3.402224e-02;2.547153e-02;6.215621e-02;7.984591e-02;4.735538e-02;5.656097e-03;3.007562e-02;2.901853e-02;1.727202e-02
4.277485e-01;1.575216e-01;5.809020e-03;4.616049e-02;1.181524e-02;5.117013e-02;1.204436e-01;4.318520e-02;3.630597e-03;3.360963e-02;6.620821e-02;3.269775e-02
