4.526811e-02;7.491778e-02;9.814615e-02;7.208439e-02;5.588241e-02;7.390253e-02;1.683388e-01;9.995548e-02;1.037808e-01;5.277046e-02;4.443813e-02;1.105149e-01
2.807498e-02;5.688980e-02;8.221018e-02;5.699993e-02;4.523980e-02;6.292713e-02;2.430519e-01;7.926179e-02;1.033189e-01;5.754051e-02;5.829221e-02;1.261928e-01
5.225819e-02;5.081221e-02;6.107595e-02;7.784199e-02;3.252328e-02;8.647282e-02;2.805218e-01;5.493044e-02;6.673373e-02;6.100475e-02;4.709523e-02;1.287296e-01
6.480878e-02;7.135299e-02;4.524558e-02;1.224395e-01;4.618571e-02;4.999790e-02;2.485119e-01;4.981811e-02;3.575441e-02;6.241468e-02;3.863671e-02;1.648338e-01
7.381140e-02;9.875838e-02;7.842405e-02;1.041513e-01;9.235564e-02;6.508869e-02;1.579025e-01;8.120692e-02;3.994133e-02;3.973956e-02;4.095894e-02;1.276613e-01
6.989636e-02;1.153009e-01;1.371970e-01;6.204466e-02;1.197825e-01;1.263883e-01;8.383796e-02;9.798616e-02;3.662236e-02;3.439051e-02;4.969949e-02;6.685369e-02
9.103929e-02;1.071649e-01;1.654895e-01;9.047192e-02;8.637909e-02;1.238129e-01;7.612667e-02;7.163394e-02;3.041713e-02;4.125446e-02;5.760066e-02;5.860938e-02
8.557205e-02;1.226384e-01;1.362520e-01;9.519449e-02;8.202437e-02;6.720487e-02;7.898543e-02;7.007842e-02;6.280823e-02;6.097218e-02;7.383461e-02;6.443495e-02
3.969060e-02;9.845889e-02;1.297590e-01;7.098985e-02;8.098585e-02;7.718180e-02;8.801245e-02;7.260466e-02;8.297203e-02;1.031254e-01;7.429226e-02;8.192731e-02
5.694159e-02;8.364809e-02;1.600880e-01;6.654151e-02;6.321153e-02;8.872690e-02;9.050168e-02;6.891751e-02;6.370326e-02;1.091242e-01;6.419836e-02;8.439728e-02
4.693096e-02;1.605732e-01;1.838654e-01;5.184092e-02;8.299590e-02;9.040111e-02;1.007866e-01;7.151332e-02;4.870730e-02;6.392503e-02;4.053124e-02;5.792900e-02
3.156979e-02;1.936799e-01;2.263249e-01;6.952903e-02;8.184491e-02;7.263195e-02;1.014237e-01;5.513993e-02;3.650490e-02;3.394207e-02;3.133481e-02;6.607415e-02
5.144276e-02;1.744037e-01;2.435786e-01;6.826890e-02;7.984693e-02;8.038025e-02;9.316105e-02;5.367457e-02;2.920250e-02;2.440825e-02;3.792578e-02;6.370678e-02
7.348056e-02;9.518065e-02;1.793451e-01;7.478674e-02;9.452685e-02;1.181718e-01;6.146365e-02;6.299040e-02;7.122959e-02;5.681073e-02;5.013995e-02;6.187396e-02
8.188049e-02;6.976116e-02;1.056115e-01;1.206830e-01;9.977416e-02;1.078409e-01;6.995642e-02;8.426570e-02;1.095335e-01;8.596278e-02;2.644812e-02;3.828222e-02
6.411502e-02;6.744783e-02;9.559453e-02;1.435253e-01;1.004412e-01;8.118977e-02;7.979280e-02;9.352488e-02;1.103279e-01;7.590541e-02;5.925682e-02;2.887861e-02
3.440398e-02;7.417431e-02;1.000746e-01;1.217032e-01;1.009165e-01;9.352777e-02;9.979121e-02;9.493770e-02;9.806130e-02;6.350807e-02;6.184460e-02;5.705670e-02
4.951836e-02;7.890768e-02;1.557552e-01;1.100595e-01;9.464478e-02;1.131727e-01;9.549943e-02;7.808385e-02;6.793144e-02;5.643004e-02;4.553492e-02;5.446203e-02
7.845067e-02;8.456188e-02;2.731081e-01;1.163690e-01;5.393462e-02;8.612788e-02;4.626704e-02;5.176621e-02;6.018976e-02;6.364794e-02;5.771570e-02;2.786127e-02
7.688372e-02;9.615558e-02;2.382348e-01;1.006146e-01;2.870321e-02;8.473798e-02;6.502393e-02;8.128610e-02;5.934818e-02;7.356215e-02;6.019838e-02;3.525145e-02
6.323390e-02;7.161623e-02;1.152886e-01;1.119889e-01;6.387362e-02;1.826888e-01;8.077054e-02;1.117592e-01;5.319307e-02;5.366229e-02;3.654499e-02;5.537991e-02
7.358715e-02;4.241414e-02;6.654686e-02;9.937226e-02;9.151252e-02;2.679256e-01;6.931548e-02;9.939382e-02;6.214322e-02;3.903472e-02;2.292784e-02;6.582644e-02
8.021362e-02;4.526859e-02;5.887979e-02;5.068746e-02;8.206872e-02;3.570276e-01;7.867013e-02;9.013005e-02;5.293385e-02;3.757783e-02;2.536904e-02;4.117332e-02
7.206590e-02;4.663618e-02;5.419809e-02;5.488681e-02;7.695805e-02;4.246302e-01;8.189408e-02;8.419252e-02;3.301285e-02;3.191172e-02;1.850929e-02;2.110424e-02
4.988601e-02;4.514953e-02;7.106936e-02;7.296056e-02;1.220657e-01;3.961950e-01;6.680441e-02;5.407511e-02;2.893490e-02;3.273961e-02;1.546720e-02;4.465263e-02
2.835897e-02;8.115587e-02;1.645457e-01;5.915791e-02;1.388676e-01;2.285389e-01;6.962024e-02;5.724150e-02;5.100008e-02;3.457893e-02;3.395274e-02;5.298158e-02
2.620562e-02;8.687796e-02;2.044094e-01;6.170592e-02;6.858261e-02;2.226608e-01;6.410486e-02;7.750923e-02;7.792034e-02;3.388796e-02;3.383531e-02;4.230002e-02
3.861193e-02;1.166840e-01;1.713003e-01;4.888108e-02;3.563085e-02;2.297203e-01;6.594334e-02;1.261713e-01;8.513636e-02;3.222695e-02;1.574812e-02;3.394547e-02
5.355540e-02;1.109487e-01;1.210050e-01;5.041341e-02;3.304633e-02;2.537543e-01;6.356571e-02;1.363494e-01;8.867824e-02;3.867009e-02;1.610582e-02;3.390753e-02
6.225843e-02;1.047616e-01;1.310062e-01;6.089119e-02;4.320532e-02;2.715247e-01;3.650063e-02;1.101439e-01;7.861888e-02;4.976931e-02;1.590939e-02;3.541037e-02
4.861172e-02;1.259403e-01;1.917310e-01;6.270622e-02;5.096729e-02;2.687639e-01;4.731234e-02;8.982240e-02;3.924624e-02;3.689359e-02;1.541504e-02;2.258993e-02
4.184704e-02;1.255220e-01;1.639794e-01;7.653813e-02;5.421529e-02;2.691697e-01;3.117942e-02;1.126999e-01;4.743089e-02;3.056230e-02;1.421757e-02;3.263842e-02
4.163620e-02;1.156911e-01;1.937428e-01;9.343491e-02;6.665976e-02;2.420201e-01;4.064728e-02;8.548401e-02;4.096963e-02;3.001149e-02;1.133283e-02;3.836993e-02
6.132475e-02;1.294611e-01;2.272353e-01;7.326069e-02;8.327686e-02;1.101808e-01;5.003189e-02;1.077183e-01;4.322627e-02;4.859989e-02;2.422641e-02;4.145782e-02
4.864746e-02;1.287471e-01;1.782080e-01;6.678616e-02;6.179779e-02;2.220618e-01;5.382378e-02;1.039760e-01;4.155568e-02;4.684632e-02;1.783870e-02;2.971124e-02
5.061774e-02;1.175338e-01;1.813309e-01;5.763149e-02;4.205209e-02;2.735954e-01;8.645523e-02;7.111029e-02;4.114673e-02;3.761942e-02;1.975441e-02;2.115252e-02
4.914520e-02;1.113822e-01;2.352257e-01;4.034990e-02;3.951804e-02;2.737131e-01;5.578716e-02;5.960057e-02;3.469394e-02;3.385488e-02;3.557485e-02;3.115461e-02
4.976287e-02;1.344965e-01;2.208430e-01;4.999236e-02;4.714854e-02;2.662424e-01;3.941744e-02;6.186737e-02;3.877221e-02;3.866102e-02;3.194781e-02;2.084847e-02
4.321184e-02;1.382861e-01;1.394877e-01;5.064971e-02;5.208326e-02;3.196375e-01;3.385541e-02;7.584011e-02;4.517444e-02;5.552367e-02;2.737012e-02;1.888006e-02
3.748616e-02;1.461128e-01;1.388475e-01;3.329905e-02;3.427511e-02;2.711634e-01;5.077240e-02;1.383935e-01;4.603135e-02;5.285082e-02;2.483951e-02;2.592833e-02
4.281576e-02;1.708183e-01;2.019192e-01;4.232259e-02;3.447206e-02;1.470225e-01;6.543224e-02;1.218665e-01;6.787758e-02;4.894778e-02;2.724831e-02;2.925715e-02
4.264726e-02;1.938775e-01;2.846412e-01;3.856401e-02;3.457366e-02;9.639515e-02;5.796455e-02;7.660354e-02;6.246833e-02;7.194254e-02;1.387776e-02;2.644448e-02
2.488814e-02;1.643803e-01;3.546884e-01;3.184244e-02;2.860008e-02;1.319725e-01;4.513118e-02;7.913668e-02;3.639360e-02;7.456267e-02;7.879713e-03;2.052427e-02
2.540167e-02;1.500898e-01;4.388590e-01;3.880046e-02;2.024098e-02;1.094353e-01;3.772320e-02;6.830165e-02;2.604865e-02;5.901252e-02;1.233278e-02;1.375396e-02
2.796200e-02;1.452627e-01;4.989152e-01;4.468211e-02;1.854797e-02;7.541743e-02;3.693044e-02;4.943837e-02;2.395420e-02;5.053435e-02;1.802234e-02;1.033287e-02
2.318494e-02;1.461676e-01;5.049611e-01;4.377594e-02;2.673102e-02;7.685550e-02;3.981941e-02;3.694742e-02;1.815329e-02;5.971419e-02;1.423956e-02;9.450019e-03
2.601610e-02;1.485181e-01;4.858620e-01;3.490039e-02;2.890556e-02;6.556945e-02;4.716272e-02;3.198420e-02;1.782690e-02;7.907146e-02;2.125181e-02;1.293135e-02
2.123306e-02;1.130107e-01;4.108445e-01;1.139333e-01;3.371095e-02;7.064255e-02;4.779300e-02;2.938699e-02;1.920915e-02;8.706202e-02;3.957868e-02;1.359497e-02
1.580975e-02;4.904820e-02;3.259132e-01;2.205652e-01;5.935654e-02;9.660640e-02;3.975921e-02;4.989658e-02;2.460001e-02;6.935105e-02;3.528452e-02;1.380930e-02
1.462231e-02;6.150464e-02;2.954402e-01;2.036690e-01;6.155452e-02;1.010711e-01;2.495300e-02;9.934311e-02;5.012492e-02;4.421222e-02;3.298920e-02;1.051570e-02
1.332063e-02;7.983878e-02;3.145956e-01;1.311918e-01;2.925933e-02;6.872355e-02;2.520713e-02;1.284537e-01;8.539333e-02;3.205077e-02;7.739016e-02;1.457531e-02
1.497078e-02;8.844838e-02;2.941194e-01;1.355023e-01;2.112236e-02;4.954531e-02;2.498062e-02;8.802027e-02;9.643620e-02;3.284791e-02;1.298040e-01;2.420251e-02
1.545195e-02;9.665404e-02;2.396160e-01;2.025358e-01;3.547613e-02;7.947442e-02;1.887522e-02;5.493898e-02;7.709454e-02;3.131928e-02;1.299457e-01;1.861794e-02
1.117461e-02;6.122596e-02;1.770557e-01;2.731488e-01;7.135209e-02;1.113996e-01;1.306052e-02;8.167499e-02;4.479302e-02;3.082520e-02;1.170558e-01;7.233858e-03
6.959831e-03;4.384801e-02;1.551213e-01;2.596636e-01;1.080046e-01;1.378642e-01;8.105278e-03;1.090824e-01;2.634020e-02;4.795145e-02;8.797907e-02;9.080116e-03
5.297262e-03;4.842950e-02;1.377397e-01;2.107144e-01;1.751034e-01;1.013958e-01;1.121102e-02;8.682564e-02;2.175763e-02;1.200980e-01;6.380899e-02;1.761871e-02
8.328723e-03;5.935032e-02;1.270307e-01;1.602577e-01;2.547227e-01;5.898750e-02;1.276675e-02;4.630594e-02;2.084813e-02;1.535338e-01;5.590177e-02;4.196595e-02
6.867439e-03;4.572413e-02;9.321152e-02;1.281992e-01;2.889332e-01;1.411673e-01;3.576742e-02;2.484339e-02;1.741918e-02;9.779671e-02;3.487428e-02;8.519617e-02
9.235654e-03;3.947527e-02;6.834774e-02;9.969342e-02;2.790250e-01;1.976871e-01;5.579519e-02;2.775268e-02;4.040140e-02;3.969320e-02;1.873247e-02;1.241609e-01
2.110295e-02;5.173320e-02;1.163027e-01;8.060963e-02;1.915288e-01;2.273512e-01;5.497282e-02;5.857097e-02;5.664571e-02;1.886326e-02;9.072747e-03;1.132460e-01
2.788249e-02;6.972593e-02;1.592865e-01;5.942495e-02;1.114153e-01;2.444629e-01;5.541682e-02;8.884291e-02;5.014665e-02;3.241041e-02;2.785297e-02;7.313224e-02
9.946989e-02;4.421327e-02;9.365220e-02;4.110206e-02;7.998506e-02;3.098172e-01;1.338422e-01;6.663153e-02;2.125134e-02;5.039921e-02;2.878178e-02;3.085428e-02
1.617194e-01;2.793851e-02;4.275617e-02;2.386870e-02;7.178820e-02;3.736395e-01;1.457302e-01;4.467003e-02;1.204013e-02;6.683068e-02;1.255777e-02;1.646071e-02
2.194009e-01;3.201832e-02;3.327999e-02;4.007015e-02;5.741555e-02;3.772897e-01;1.006933e-01;3.254306e-02;7.882373e-03;8.919916e-02;3.157996e-03;7.049539e-03
2.321661e-01;4.276955e-02;3.523829e-02;4.676481e-02;4.263626e-02;3.614428e-01;6.706481e-02;3.355291e-02;1.355127e-02;1.074798e-01;3.903089e-03;1.343040e-02
2.052065e-01;5.032696e-02;3.158984e-02;3.884011e-02;1.681254e-02;3.679243e-01;9.456950e-02;3.961547e-02;2.561448e-02;1.096916e-01;3.058183e-03;1.675053e-02
1.753230e-01;6.614168e-02;4.043465e-02;3.116324e-02;2.150801e-02;3.483371e-01;1.205262e-01;4.961544e-02;3.442074e-02;9.126337e-02;6.769673e-03;1.449695e-02
1.390131e-01;6.934719e-02;7.251023e-02;3.417701e-02;3.814717e-02;2.797376e-01;1.737530e-01;6.347400e-02;2.702131e-02;7.194763e-02;1.190890e-02;1.896294e-02
7.863675e-02;4.883262e-02;9.409927e-02;4.924111e-02;3.769787e-02;3.560328e-01;1.499170e-01;5.540954e-02;1.990452e-02;4.229803e-02;1.897197e-02;4.895859e-02
5.126382e-02;4.327572e-02;8.705142e-02;4.091433e-02;4.596522e-02;4.576862e-01;8.534990e-02;4.777087e-02;2.686077e-02;4.028187e-02;2.455622e-02;4.902365e-02
4.392822e-02;5.087962e-02;9.569545e-02;3.231490e-02;4.699728e-02;5.085267e-01;3.761500e-02;3.900611e-02;2.957907e-02;5.312930e-02;1.814687e-02;4.418148e-02
7.757954e-02;4.691942e-02;8.365342e-02;3.970617e-02;7.432929e-02;4.314132e-01;8.958782e-02;6.006484e-02;2.223698e-02;3.911587e-02;1.040075e-02;2.499275e-02
1.263352e-01;5.390485e-02;8.489136e-02;5.869310e-02;1.017055e-01;3.588837e-01;9.240933e-02;4.309959e-02;1.728689e-02;2.800089e-02;1.441233e-02;2.037735e-02
1.843962e-01;4.740936e-02;6.018667e-02;9.289859e-02;1.347670e-01;2.805482e-01;4.608118e-02;5.537869e-02;1.484165e-02;4.035292e-02;1.978354e-02;2.335606e-02
1.966600e-01;5.053048e-02;9.681144e-02;1.053154e-01;1.372422e-01;1.534663e-01;7.820001e-02;6.141513e-02;1.617827e-02;5.549880e-02;3.060626e-02;1.807574e-02
1.858700e-01;6.204540e-02;1.441680e-01;9.881160e-02;1.277649e-01;1.611946e-01;6.672533e-02;3.701410e-02;1.400782e-02;6.091510e-02;2.304780e-02;1.843538e-02
1.732139e-01;8.246419e-02;1.505934e-01;7.440394e-02;1.209045e-01;2.050909e-01;5.896808e-02;2.808117e-02;1.873644e-02;5.228955e-02;1.290458e-02;2.234941e-02
1.694505e-01;7.644326e-02;1.218302e-01;5.167905e-02;9.874889e-02;2.928662e-01;4.980075e-02;3.416424e-02;3.166468e-02;4.444375e-02;1.176979e-02;1.713858e-02
1.361558e-01;6.957941e-02;1.232248e-01;4.691447e-02;3.767432e-02;2.226916e-01;7.942320e-02;1.452171e-01;6.963266e-02;4.407034e-02;1.653562e-02;8.880805e-03
6.865975e-02;5.584302e-02;1.934403e-01;4.778238e-02;1.211620e-02;1.105569e-01;9.356014e-02;2.669546e-01;7.767120e-02;4.096628e-02;1.083139e-02;2.161781e-02
4.506068e-02;4.887047e-02;2.835204e-01;4.245260e-02;1.266453e-02;3.621319e-02;7.427488e-02;3.339571e-01;6.000127e-02;3.676639e-02;8.726619e-03;1.749184e-02
3.830792e-02;1.763914e-02;3.020667e-01;5.017232e-02;2.111743e-02;5.500779e-02;5.743236e-02;3.338455e-01;5.719717e-02;3.150727e-02;1.526711e-02;2.043932e-02
2.980126e-02;2.281365e-02;2.612547e-01;9.458753e-02;2.927999e-02;8.154823e-02;3.556144e-02;2.967789e-01;9.193395e-02;1.930010e-02;1.568429e-02;2.145586e-02
5.542800e-02;2.063504e-02;1.497919e-01;2.138622e-01;2.907288e-02;1.086756e-01;1.898611e-02;1.910132e-01;1.681458e-01;2.597024e-02;8.166828e-03;1.025208e-02
9.037220e-02;1.568784e-02;7.415602e-02;2.763414e-01;2.621328e-02;7.278684e-02;4.041698e-02;1.082012e-01;2.340418e-01;4.047666e-02;9.284025e-03;1.202181e-02
9.759110e-02;2.746692e-02;4.612812e-02;2.252345e-01;6.308993e-02;5.361977e-02;4.677134e-02;7.573306e-02;2.518864e-01;9.468985e-02;1.212090e-02;5.668024e-03
6.274816e-02;4.413955e-02;3.418717e-02;1.067175e-01;1.282184e-01;6.786364e-02;3.528530e-02;9.512170e-02;2.021701e-01;1.975680e-01;1.824417e-02;7.736325e-03
3.186464e-02;5.674456e-02;5.343368e-02;7.476386e-02;1.372286e-01;6.677523e-02;2.766290e-02;1.513158e-01;1.324780e-01;2.413982e-01;2.038546e-02;5.949007e-03
2.708504e-02;6.072284e-02;8.781094e-02;8.495184e-02;1.113440e-01;2.840580e-02;2.043059e-02;2.430275e-01;7.869756e-02;2.305067e-01;2.018037e-02;6.836897e-03
2.534056e-02;4.364996e-02;7.993864e-02;5.798207e-02;8.197185e-02;5.256137e-02;3.356297e-02;2.655370e-01;1.529372e-01;1.866021e-01;1.128736e-02;8.628918e-03
2.374182e-02;2.658683e-02;7.043750e-02;5.067091e-02;5.730074e-02;8.135206e-02;5.120807e-02;2.839054e-01;2.373041e-01;1.025181e-01;1.018283e-02;4.791685e-03
2.603392e-02;2.813509e-02;8.075285e-02;6.219497e-02;3.186325e-02;8.206626e-02;4.941787e-02;3.045618e-01;2.802280e-01;4.265697e-02;8.628289e-03;3.460729e-03
2.451023e-02;2.631637e-02;5.019233e-02;7.823300e-02;2.781158e-02;7.188567e-02;3.472267e-02;3.642439e-01;2.827964e-01;2.278366e-02;1.056666e-02;5.937525e-03
2.243992e-02;1.728141e-02;2.203371e-02;6.064053e-02;2.414646e-02;2.741404e-02;3.227386e-02;4.777151e-01;2.721055e-01;2.546674e-02;1.021567e-02;8.267155e-03
2.986886e-02;2.037445e-02;2.801597e-02;3.938559e-02;2.345160e-02;1.244982e-01;2.975608e-02;4.528126e-01;2.076066e-01;3.009435e-02;9.594386e-03;4.541331e-03
3.865226e-02;3.068250e-02;5.275875e-02;3.080970e-02;3.658554e-02;2.778755e-01;5.104876e-02;3.014018e-01;1.250113e-01;4.007772e-02;9.134270e-03;5.961930e-03
3.305378e-02;2.706099e-02;6.267932e-02;2.946464e-02;4.887713e-02;3.342286e-01;4.152671e-02;2.665097e-01;1.061272e-01;3.849760e-02;6.520778e-03;5.453562e-03
3.059568e-02;2.976160e-02;1.155077e-01;7.064477e-02;6.197666e-02;2.842610e-01;3.088011e-02;1.976145e-01;1.219070e-01;3.903712e-02;8.218275e-03;9.595474e-03
3.574653e-02;5.418961e-02;2.342526e-01;1.368902e-01;5.289405e-02;1.678894e-01;2.871346e-02;9.046218e-02;1.340859e-01;3.990400e-02;1.132831e-02;1.364365e-02
3.327287e-02;9.070180e-02;2.945705e-01;1.140483e-01;3.935048e-02;1.086643e-01;1.563580e-02;1.555005e-01;9.457934e-02;2.711516e-02;1.018702e-02;1.637393e-02
3.206303e-02;1.400413e-01;2.864194e-01;5.921863e-02;4.421479e-02;1.400057e-01;2.780400e-02;1.527848e-01;6.835815e-02;1.952382e-02;1.560263e-02;1.396380e-02
3.428743e-02;1.571658e-01;2.328801e-01;2.374978e-02;3.462260e-02;9.747738e-02;3.429662e-02;2.336413e-01;9.801982e-02;2.775371e-02;1.392087e-02;1.218453e-02
2.369697e-02;1.346162e-01;1.846183e-01;4.808154e-02;2.227139e-02;9.168070e-02;1.949338e-02;2.926389e-01;1.216632e-01;3.595084e-02;1.102923e-02;1.425930e-02
2.263937e-02;1.278563e-01;1.916102e-01;3.894109e-02;1.823331e-02;1.063680e-01;1.597074e-02;2.967873e-01;1.268773e-01;3.894308e-02;5.279853e-03;1.049349e-02
3.244017e-02;1.383445e-01;2.504950e-01;3.784719e-02;2.287896e-02;5.188206e-02;1.907129e-02;2.630565e-01;1.166977e-01;4.477805e-02;1.259635e-02;9.912346e-03
3.209324e-02;1.171811e-01;2.229658e-01;5.401350e-02;3.880787e-02;1.223695e-01;3.485646e-02;1.714974e-01;1.021478e-01;3.902151e-02;4.316328e-02;2.188246e-02
3.475736e-02;9.077551e-02;1.320408e-01;5.006208e-02;5.414505e-02;3.175291e-01;3.134872e-02;8.052400e-02;7.304918e-02;3.902624e-02;5.338218e-02;4.335975e-02
4.026398e-02;7.159873e-02;1.291085e-01;3.132210e-02;4.066819e-02;4.775888e-01;1.935903e-02;4.161582e-02;4.698109e-02;3.169972e-02;2.953123e-02;4.026278e-02
3.255985e-02;5.743450e-02;8.779869e-02;2.295113e-02;2.923741e-02;5.835541e-01;1.978784e-02;9.204814e-02;2.576811e-02;1.991681e-02;8.584865e-03;2.035858e-02
3.292201e-02;4.888131e-02;7.829355e-02;2.090310e-02;2.750592e-02;6.056735e-01;1.633867e-02;8.315253e-02;3.876296e-02;1.951200e-02;7.832700e-03;2.022178e-02
5.930505e-02;4.609174e-02;6.838976e-02;1.967960e-02;1.792384e-02;6.265431e-01;6.098895e-03;4.591482e-02;5.057837e-02;1.425618e-02;6.713201e-03;3.850539e-02
7.658236e-02;4.061928e-02;5.464913e-02;1.799338e-02;3.027734e-02;5.936092e-01;6.813028e-03;6.991776e-02;4.021983e-02;1.464812e-02;5.274065e-03;4.939646e-02
8.072414e-02;4.140391e-02;5.387355e-02;2.619135e-02;3.734972e-02;6.359513e-01;8.805907e-03;2.416836e-02;2.883074e-02;1.518457e-02;5.505871e-03;4.201052e-02
5.759144e-02;4.425382e-02;8.794498e-02;3.680079e-02;4.846884e-02;5.967157e-01;1.099351e-02;5.122485e-02;2.474552e-02;1.476560e-02;4.607266e-03;2.188765e-02
5.585648e-02;4.762778e-02;1.020820e-01;2.887485e-02;5.368331e-02;6.245533e-01;6.665251e-03;2.298932e-02;3.326496e-02;1.105112e-02;3.386797e-03;9.964828e-03
5.389160e-02;4.102239e-02;7.873723e-02;1.546877e-02;5.274277e-02;6.188967e-01;5.912228e-03;7.084741e-02;4.490945e-02;8.742601e-03;3.231842e-03;5.597009e-03
5.028170e-02;3.939144e-02;6.761386e-02;1.682220e-02;5.406742e-02;6.482938e-01;8.414960e-03;4.968162e-02;4.913766e-02;1.112921e-02;2.541246e-03;2.624871e-03
5.052493e-02;3.684328e-02;6.575608e-02;1.517494e-02;3.841649e-02;6.101536e-01;2.120458e-02;1.045296e-01;3.961025e-02;1.182237e-02;2.887126e-03;3.076782e-03
5.139289e-02;5.257741e-02;8.388580e-02;1.887055e-02;3.011943e-02;6.028807e-01;5.041685e-02;6.866460e-02;2.582695e-02;1.080826e-02;2.361660e-03;2.194920e-03
3.365818e-02;7.087113e-02;7.578100e-02;1.240071e-02;1.646542e-02;5.330147e-01;1.104873e-01;1.090196e-01;2.530406e-02;8.021042e-03;2.855675e-03;2.121182e-03
1.798785e-02;8.286894e-02;7.353497e-02;1.697056e-02;1.962876e-02;4.203756e-01;1.428472e-01;1.851413e-01;2.759732e-02;6.645915e-03;3.698317e-03;2.703216e-03
1.510731e-02;7.401481e-02;1.009908e-01;1.868286e-02;2.611906e-02;2.660463e-01;9.737437e-02;3.186431e-01;6.419932e-02;7.920499e-03;3.606786e-03;7.294730e-03
1.052704e-02;5.278860e-02;1.341847e-01;1.545346e-02;1.954963e-02;2.440880e-01;3.084890e-02;3.942122e-01;7.160871e-02;1.475457e-02;3.508133e-03;8.476046e-03
7.678035e-03;4.197346e-02;1.392790e-01;1.605424e-02;1.538495e-02;3.031077e-01;2.021155e-02;3.708882e-01;5.707056e-02;1.346909e-02;3.171853e-03;1.171138e-02
1.207476e-02;4.367499e-02;1.490566e-01;2.028656e-02;1.575808e-02;3.150891e-01;1.911435e-02;3.245490e-01;6.852984e-02;1.318931e-02;2.203117e-03;1.647435e-02
1.098880e-02;3.969647e-02;9.478408e-02;3.006749e-02;2.479059e-02;3.777590e-01;3.281328e-02;2.711855e-01;8.741789e-02;7.698777e-03;3.892412e-03;1.890571e-02
9.292779e-03;5.148425e-02;9.659900e-02;6.237806e-02;2.259213e-02;4.095038e-01;3.428507e-02;1.454616e-01;1.275922e-01;1.140640e-02;5.866592e-03;2.353812e-02
1.415054e-02;5.679006e-02;9.294784e-02;7.308637e-02;1.319836e-02;2.611129e-01;2.886717e-02;2.278912e-01;1.967841e-01;1.472739e-02;7.279577e-03;1.316446e-02
1.220930e-02;4.590590e-02;7.324661e-02;3.674138e-02;1.673549e-02;1.317643e-01;3.680913e-02;3.426312e-01;2.712801e-01;1.765071e-02;1.005585e-02;4.970038e-03
1.345504e-02;3.554855e-02;6.083657e-02;2.069053e-02;9.191216e-03;4.028325e-02;3.861458e-02;3.830682e-01;3.662249e-01;1.825559e-02;8.364929e-03;5.466610e-03
1.419228e-02;2.638147e-02;5.358045e-02;4.126061e-02;1.200473e-02;5.033546e-02;1.888562e-02;3.459871e-01;4.161895e-01;1.172921e-02;6.066103e-03;3.387461e-03
1.645999e-02;2.720692e-02;5.001778e-02;4.511333e-02;1.211015e-02;2.025190e-02;1.063055e-02;3.512180e-01;4.413406e-01;1.710025e-02;6.009335e-03;2.541194e-03
1.352199e-02;2.458098e-02;3.983373e-02;3.045863e-02;8.527876e-03;5.647407e-02;8.720821e-03;3.507500e-01;4.412359e-01;1.818388e-02;4.637407e-03;3.074738e-03
8.230365e-03;2.260788e-02;2.922777e-02;2.105344e-02;6.145025e-03;7.233625e-02;1.285643e-02;3.100394e-01;4.711613e-01;3.531804e-02;8.374533e-03;2.649587e-03
6.736313e-03;2.326669e-02;3.256441e-02;2.134691e-02;4.968686e-03;8.301202e-02;1.313492e-02;2.719695e-01;4.783587e-01;4.901896e-02;1.237447e-02;3.248457e-03
4.177756e-03;1.793766e-02;2.734802e-02;1.619769e-02;1.013891e-02;9.788401e-02;1.384974e-02;2.536978e-01;4.502997e-01;9.081740e-02;1.334362e-02;4.307812e-03
6.516071e-03;2.000739e-02;4.132126e-02;1.264194e-02;2.542681e-02;1.379080e-01;7.678350e-03;1.950165e-01;3.708377e-01;1.569305e-01;2.250428e-02;3.211193e-03
1.424522e-02;3.268056e-02;4.492717e-02;6.662389e-03;5.541378e-02;1.387921e-01;1.386051e-02;1.758001e-01;2.222414e-01;2.611018e-01;2.381376e-02;1.046128e-02
6.854900e-03;3.610973e-02;3.982239e-02;1.184305e-02;6.063530e-02;9.351629e-02;9.395883e-03;1.416430e-01;1.215590e-01;2.796066e-01;1.491719e-01;4.984195e-02
5.001299e-02;3.800961e-02;2.957195e-02;1.372492e-02;2.567877e-02;6.868628e-02;5.124845e-03;7.484057e-02;1.337430e-01;1.421289e-01;2.879660e-01;1.305122e-01
8.348142e-02;5.746721e-02;4.830962e-02;2.884033e-02;1.805085e-02;7.182045e-02;1.517484e-02;5.758115e-02;1.149491e-01;7.305111e-02;2.750115e-01;1.562624e-01
7.446755e-02;6.404022e-02;7.578517e-02;4.851982e-02;2.905099e-02;1.033302e-01;5.382901e-02;1.057649e-01;9.099288e-02;3.481968e-02;1.997299e-01;1.196696e-01
4.729595e-02;4.046095e-02;6.974506e-02;3.988701e-02;3.299670e-02;1.357118e-01;1.054994e-01;1.633105e-01;7.895549e-02;3.779563e-02;1.609289e-01;8.741258e-02
4.831233e-02;3.358160e-02;4.849381e-02;1.292625e-02;1.740357e-02;1.269469e-01;8.791804e-02;1.233735e-01;1.127640e-01;8.030108e-02;1.535844e-01;1.543944e-01
4.133640e-02;3.811949e-02;5.015982e-02;2.410877e-02;1.489976e-02;1.057215e-01;4.082484e-02;1.427359e-01;1.317488e-01;7.445985e-02;1.619292e-01;1.739557e-01
2.498113e-02;3.116544e-02;5.132889e-02;2.372417e-02;1.370229e-02;1.227092e-01;3.982241e-02;2.321670e-01;1.527977e-01;5.123591e-02;1.057774e-01;1.505885e-01
2.668385e-02;3.147980e-02;5.978240e-02;1.260381e-02;1.302684e-02;1.820452e-01;2.478722e-02;2.494414e-01;1.173435e-01;6.508517e-02;9.333452e-02;1.243862e-01
2.568008e-02;2.804607e-02;6.307763e-02;9.218004e-03;1.122047e-02;1.533390e-01;2.445319e-02;1.708722e-01;1.700520e-01;9.527370e-02;1.638636e-01;8.490404e-02
2.238365e-02;3.690724e-02;5.755062e-02;1.526304e-02;1.018168e-02;1.646153e-01;2.110081e-02;7.287489e-02;1.688395e-01;1.256353e-01;2.269215e-01;7.772632e-02
3.226412e-02;5.785094e-02;5.393134e-02;1.066385e-02;1.786670e-02;2.204778e-01;9.359381e-03;1.285862e-01;9.542085e-02;1.293528e-01;1.628346e-01;8.139151e-02
4.143475e-02;5.121209e-02;5.423195e-02;2.170912e-02;1.350762e-02;1.879152e-01;2.226613e-02;1.649993e-01;1.458990e-01;1.130514e-01;9.731936e-02;8.645410e-02
3.396426e-02;5.314153e-02;6.253557e-02;2.601444e-02;1.257160e-02;1.910385e-01;3.102988e-02;1.624768e-01;1.865367e-01;8.918861e-02;4.928844e-02;1.022136e-01
3.041034e-02;4.442617e-02;4.914201e-02;2.193161e-02;2.361550e-02;2.329353e-01;3.329951e-02;8.577081e-02;2.000732e-01;6.874828e-02;1.457661e-01;6.388124e-02
2.847809e-02;2.116832e-02;2.119330e-02;1.281896e-02;1.869666e-02;2.157596e-01;1.791420e-02;1.837904e-01;2.134971e-01;7.104347e-02;1.284836e-01;6.715640e-02
1.991962e-02;3.852014e-02;4.424581e-02;1.063617e-02;1.699349e-02;2.024338e-01;1.539404e-02;1.584651e-01;2.454692e-01;9.729917e-02;9.580219e-02;5.482136e-02
3.462572e-02;4.271223e-02;5.028930e-02;1.843545e-02;1.390561e-02;2.242880e-01;1.276342e-02;1.186054e-01;2.661361e-01;7.172792e-02;8.063862e-02;6.587223e-02
2.515967e-02;3.804296e-02;5.178189e-02;1.688283e-02;1.281310e-02;2.017955e-01;1.187613e-02;2.187320e-01;2.720271e-01;4.489647e-02;6.079130e-02;4.520104e-02
2.743854e-02;3.951938e-02;4.716814e-02;9.667819e-03;1.471727e-02;1.806585e-01;2.331633e-02;2.653655e-01;2.651508e-01;2.755246e-02;6.728438e-02;3.216089e-02
4.302494e-02;4.605575e-02;7.224300e-02;1.091405e-02;2.604172e-02;1.885001e-01;2.674613e-02;2.512640e-01;1.845647e-01;4.657042e-02;6.300879e-02;4.106640e-02
4.431505e-02;7.202248e-02;9.047184e-02;2.167422e-02;3.959327e-02;1.531847e-01;2.457519e-02;2.130373e-01;1.176749e-01;8.166374e-02;7.898679e-02;6.280054e-02
3.132302e-02;9.547730e-02;9.632748e-02;2.551139e-02;3.515109e-02;1.357400e-01;6.641009e-02;1.466128e-01;1.214524e-01;8.542694e-02;7.967427e-02;8.089323e-02
4.975555e-02;1.049896e-01;7.362490e-02;1.613276e-02;3.264562e-02;1.207108e-01;9.579094e-02;8.768617e-02;1.209851e-01;9.276340e-02;8.507134e-02;1.198439e-01
5.021619e-02;7.516839e-02;4.500166e-02;3.034258e-02;5.936668e-02;1.071561e-01;1.051059e-01;8.562019e-02;9.166212e-02;1.018811e-01;1.154499e-01;1.330292e-01
2.556127e-02;4.778935e-02;5.510972e-02;1.013124e-01;7.699496e-02;9.806362e-02;5.990822e-02;1.099381e-01;1.315413e-01;1.125283e-01;1.024238e-01;7.882904e-02
2.384821e-02;4.409245e-02;1.146855e-01;1.611336e-01;5.350004e-02;8.787075e-02;2.403632e-02;1.739063e-01;1.611925e-01;7.887777e-02;4.658419e-02;3.027239e-02
4.079463e-02;5.852704e-02;1.666671e-01;1.468018e-01;2.961864e-02;1.360247e-01;2.001259e-02;1.936406e-01;1.177653e-01;3.594681e-02;3.026892e-02;2.393187e-02
4.826990e-02;7.642750e-02;2.120370e-01;8.490249e-02;4.232649e-02;1.272298e-01;2.065636e-02;1.545400e-01;5.578525e-02;4.979791e-02;7.829958e-02;4.972775e-02
2.356358e-02;1.041424e-01;2.552009e-01;7.932297e-02;3.922809e-02;6.825016e-02;2.987077e-02;7.345989e-02;8.805718e-02;8.092768e-02;1.012159e-01;5.676045e-02
2.504226e-02;1.288351e-01;3.061477e-01;5.298823e-02;2.387466e-02;7.198069e-02;2.104559e-02;5.004815e-02;1.000369e-01;6.677108e-02;1.113011e-01;4.192850e-02
2.373588e-02;1.340365e-01;2.830978e-01;1.861268e-02;1.164136e-02;9.854937e-02;1.244178e-02;1.086877e-01;5.052933e-02;8.697253e-02;1.223980e-01;4.929718e-02
2.475775e-02;1.479393e-01;2.743771e-01;1.778401e-02;1.367244e-02;1.126636e-01;2.073216e-02;1.197144e-01;5.520628e-02;7.401031e-02;7.658024e-02;6.256239e-02
3.337989e-02;1.980634e-01;2.998810e-01;2.458243e-02;1.707176e-02;7.257698e-02;3.178268e-02;8.538467e-02;6.299787e-02;6.227881e-02;4.047902e-02;7.152148e-02
4.862947e-02;1.659901e-01;2.532737e-01;5.628793e-02;4.374588e-02;8.671813e-02;8.563232e-02;6.424546e-02;6.881429e-02;3.495413e-02;5.689011e-02;3.481854e-02
8.190715e-02;6.792910e-02;1.135147e-01;4.947989e-02;7.150856e-02;1.331258e-01;1.022788e-01;1.134548e-01;8.267517e-02;5.546738e-02;5.282097e-02;7.583771e-02
1.533516e-01;4.854476e-02;5.876931e-02;3.881091e-02;6.625013e-02;1.767416e-01;7.767069e-02;1.006248e-01;6.651236e-02;8.743811e-02;4.605461e-02;7.923116e-02
2.686722e-01;4.214222e-02;4.285311e-02;2.381480e-02;4.135665e-02;2.124883e-01;3.649231e-02;6.804738e-02;5.111638e-02;1.319613e-01;2.794618e-02;5.310924e-02
3.644411e-01;3.033848e-02;3.684726e-02;1.042769e-02;2.546657e-02;2.687716e-01;2.541592e-02;4.414645e-02;4.193014e-02;9.216773e-02;1.898075e-02;4.106622e-02
3.616674e-01;2.677247e-02;4.685630e-02;7.364296e-03;3.478130e-02;3.165188e-01;1.573189e-02;2.247567e-02;4.025416e-02;4.838673e-02;2.812451e-02;5.106648e-02
2.562551e-01;2.582985e-02;5.982023e-02;8.025425e-03;7.321301e-02;2.953172e-01;1.788129e-02;2.898946e-02;6.874384e-02;4.365056e-02;2.148739e-02;1.007867e-01
9.905722e-02;2.123639e-02;6.662709e-02;7.832373e-03;1.768861e-01;1.904597e-01;2.463405e-02;2.458203e-02;1.413118e-01;2.916233e-02;1.255965e-02;2.056513e-01
2.259587e-02;1.649858e-02;6.138389e-02;9.869703e-03;2.250915e-01;1.010734e-01;2.030273e-02;2.401599e-02;1.854166e-01;2.313264e-02;1.431929e-02;2.962999e-01
3.107467e-02;2.271525e-02;6.261694e-02;9.856909e-03;2.215800e-01;5.090673e-02;1.731941e-02;2.436634e-02;1.607290e-01;1.443878e-02;2.138313e-02;3.630129e-01
3.707143e-02;2.815277e-02;4.818711e-02;1.661404e-02;1.986950e-01;6.181922e-02;2.122448e-02;3.427920e-02;1.102613e-01;1.670799e-02;4.372869e-02;3.832587e-01
3.280678e-02;3.416041e-02;4.552012e-02;3.576058e-02;1.732241e-01;8.347449e-02;3.169741e-02;3.492724e-02;8.138856e-02;2.445570e-02;8.847974e-02;3.341048e-01
2.706758e-02;6.556127e-02;7.915270e-02;5.624850e-02;1.204829e-01;8.446939e-02;2.411544e-02;4.472616e-02;7.440466e-02;2.965786e-02;1.327018e-01;2.614117e-01
3.943255e-02;1.219955e-01;1.179820e-01;8.290207e-02;7.419492e-02;7.785013e-02;9.015027e-03;6.591649e-02;7.258190e-02;4.068903e-02;1.458368e-01;1.516036e-01
7.399994e-02;1.378728e-01;1.525179e-01;8.766253e-02;6.495426e-02;8.857325e-02;1.019682e-02;9.712323e-02;8.544692e-02;4.030716e-02;1.311133e-01;3.023189e-02
6.935513e-02;1.219214e-01;1.819031e-01;7.060262e-02;6.501389e-02;1.510892e-01;1.889123e-02;6.119584e-02;1.038085e-01;2.834781e-02;8.039672e-02;4.747460e-02
4.805295e-02;8.722578e-02;1.455458e-01;8.229766e-02;6.137972e-02;1.856894e-01;3.017151e-02;8.915455e-02;1.021878e-01;4.962335e-02;6.210712e-02;5.656441e-02
5.084108e-02;7.664810e-02;1.297105e-01;8.914301e-02;8.660311e-02;1.516401e-01;2.232748e-02;1.158790e-01;9.191191e-02;3.567073e-02;7.577991e-02;7.384516e-02
3.507873e-02;9.646198e-02;1.729880e-01;6.646083e-02;8.261043e-02;1.486587e-01;4.700736e-02;8.065692e-02;1.069276e-01;3.768176e-02;4.862652e-02;7.684114e-02
5.638536e-02;1.214568e-01;2.485054e-01;3.319263e-02;5.429273e-02;1.129477e-01;6.514899e-02;5.899075e-02;8.910834e-02;4.330349e-02;3.354019e-02;8.312766e-02
6.924926e-02;1.321453e-01;2.819247e-01;2.725351e-02;3.559563e-02;8.349919e-02;4.546391e-02;7.456033e-02;7.342847e-02;6.416228e-02;3.308704e-02;7.963035e-02
5.354097e-02;1.503890e-01;2.944668e-01;2.160122e-02;5.076954e-02;6.503479e-02;2.122999e-02;6.828324e-02;8.766907e-02;7.086190e-02;5.410625e-02;6.204731e-02
6.500821e-02;1.842169e-01;2.871030e-01;1.434206e-02;7.209898e-02;7.000623e-02;2.129254e-02;3.615592e-02;9.885123e-02;6.272887e-02;5.488222e-02;3.331384e-02
6.993392e-02;1.816032e-01;2.595063e-01;1.691498e-02;6.326962e-02;8.396224e-02;1.750423e-02;6.070954e-02;8.753790e-02;5.244876e-02;4.371931e-02;6.288989e-02
5.999286e-02;2.016895e-01;2.844278e-01;2.968409e-02;4.665585e-02;7.467040e-02;1.653995e-02;7.007655e-02;9.199824e-02;3.157788e-02;3.274540e-02;5.994151e-02
5.840989e-02;2.172092e-01;3.015856e-01;2.838945e-02;3.195750e-02;8.487124e-02;1.062217e-02;5.292765e-02;9.942136e-02;4.642056e-02;2.239682e-02;4.578856e-02
6.045503e-02;2.248320e-01;3.220260e-01;2.208869e-02;4.161302e-02;8.252385e-02;1.068777e-02;1.867060e-02;8.739247e-02;8.527634e-02;2.744133e-02;1.699282e-02
4.503405e-02;2.053959e-01;3.525952e-01;3.188595e-02;3.020313e-02;6.043250e-02;1.504283e-02;3.874251e-02;6.226839e-02;9.956949e-02;3.324075e-02;2.558931e-02
2.398774e-02;1.797732e-01;3.627809e-01;5.155867e-02;3.045236e-02;8.212462e-02;1.307031e-02;3.025845e-02;3.909905e-02;8.760633e-02;7.137907e-02;2.790939e-02
3.786334e-02;1.377356e-01;2.994928e-01;8.106181e-02;4.424028e-02;4.553228e-02;2.063387e-02;2.043227e-02;3.132057e-02;5.001303e-02;1.784174e-01;5.325669e-02
3.845835e-02;9.625084e-02;1.236866e-01;8.292051e-02;1.031546e-01;1.255107e-01;2.355739e-02;2.219499e-02;2.993633e-02;2.692387e-02;2.044523e-01;1.229536e-01
3.116856e-02;6.991334e-02;1.031715e-01;5.319253e-02;1.489605e-01;2.087164e-01;1.875336e-02;2.558155e-02;3.405516e-02;2.487353e-02;8.916814e-02;1.924454e-01
2.819745e-02;6.806983e-02;1.268051e-01;2.110363e-02;1.254796e-01;3.460025e-01;1.756932e-02;1.972207e-02;3.940909e-02;1.687511e-02;1.890836e-02;1.718579e-01
3.710422e-02;5.268245e-02;8.626185e-02;2.187147e-02;8.523645e-02;4.745339e-01;4.886602e-02;3.851198e-02;4.367519e-02;1.368740e-02;8.916360e-03;8.865264e-02
6.965753e-02;3.979522e-02;6.813050e-02;1.481631e-02;5.657397e-02;4.740386e-01;6.562476e-02;6.892895e-02;4.839295e-02;4.780964e-02;1.841390e-02;2.781772e-02
9.183595e-02;4.024627e-02;6.450409e-02;1.251863e-02;3.448087e-02;4.175046e-01;5.019369e-02;6.572501e-02;5.611672e-02;9.587682e-02;2.789733e-02;4.309999e-02
8.964455e-02;5.140524e-02;8.812651e-02;1.803321e-02;3.159273e-02;3.390645e-01;3.119534e-02;9.171736e-02;7.109626e-02;1.173444e-01;2.660927e-02;4.417060e-02
5.970504e-02;7.605594e-02;1.009148e-01;2.419115e-02;5.712329e-02;2.514113e-01;2.688171e-02;1.235991e-01;1.009655e-01;1.034729e-01;3.429446e-02;4.138474e-02
3.096835e-02;1.085761e-01;2.093661e-01;3.340044e-02;5.313507e-02;1.852071e-01;2.816330e-02;1.031848e-01;7.716960e-02;7.650802e-02;3.346659e-02;6.085454e-02
1.724496e-02;1.246850e-01;3.003475e-01;4.901647e-02;4.286098e-02;1.657083e-01;1.304492e-02;8.568671e-02;5.313548e-02;6.439614e-02;2.400299e-02;5.987057e-02
2.417521e-02;1.172903e-01;3.041518e-01;6.427120e-02;4.991590e-02;1.716711e-01;2.166349e-02;6.753108e-02;6.932312e-02;3.347987e-02;2.553205e-02;5.099485e-02
3.607552e-02;1.109129e-01;2.679674e-01;4.871127e-02;3.895939e-02;1.961195e-01;4.613534e-02;4.887497e-02;9.888952e-02;4.047455e-02;3.553379e-02;3.134583e-02
3.548322e-02;1.052214e-01;2.181684e-01;3.424176e-02;3.049158e-02;2.323552e-01;5.377878e-02;7.734396e-02;9.029108e-02;5.053910e-02;3.221737e-02;3.986809e-02
2.758194e-02;1.878606e-01;2.150867e-01;5.250276e-02;3.842572e-02;2.160104e-01;4.021366e-02;5.777417e-02;7.600643e-02;2.686447e-02;2.057108e-02;4.110216e-02
5.351340e-02;2.506005e-01;2.161192e-01;4.472753e-02;4.686232e-02;1.598728e-01;2.006654e-02;5.793410e-02;5.654656e-02;3.809280e-02;3.107347e-02;2.459077e-02
8.020226e-02;2.497479e-01;1.994872e-01;3.932319e-02;5.607367e-02;1.324311e-01;3.003248e-02;6.109153e-02;5.413801e-02;3.905977e-02;3.130580e-02;2.710712e-02
7.254200e-02;1.949572e-01;1.660918e-01;4.979325e-02;4.354262e-02;1.380908e-01;8.401416e-02;6.099267e-02;4.729189e-02;3.784243e-02;2.796893e-02;7.687223e-02
4.759200e-02;1.319512e-01;1.815404e-01;5.581588e-02;3.169464e-02;1.611783e-01;1.250577e-01;3.520646e-02;6.820308e-02;3.283967e-02;3.155737e-02;9.736337e-02
3.637433e-02;1.004105e-01;1.642142e-01;3.817179e-02;2.943132e-02;2.091653e-01;1.112411e-01;6.180426e-02;9.352259e-02;1.916322e-02;5.316122e-02;8.334010e-02
2.916516e-02;8.543412e-02;1.361949e-01;2.542602e-02;3.442762e-02;2.997638e-01;7.720467e-02;6.155683e-02;9.039959e-02;1.699542e-02;7.778315e-02;6.564878e-02
2.492147e-02;1.008934e-01;1.521450e-01;1.836598e-02;2.059432e-02;3.318211e-01;7.043904e-02;4.551903e-02;6.126283e-02;2.540645e-02;8.012325e-02;6.850810e-02
3.433440e-02;1.374063e-01;1.743277e-01;1.893310e-02;5.346751e-02;2.685683e-01;3.913348e-02;4.278195e-02;8.122831e-02;4.114359e-02;4.437393e-02;6.430142e-02
3.110753e-02;1.380556e-01;1.869716e-01;2.751764e-02;8.362765e-02;1.812484e-01;4.137948e-02;7.988799e-02;9.864923e-02;3.956959e-02;3.024975e-02;6.173551e-02
2.488165e-02;1.406594e-01;2.011838e-01;3.005680e-02;6.408657e-02;2.078368e-01;4.800592e-02;9.953817e-02;8.435506e-02;2.072994e-02;2.216492e-02;5.650099e-02
2.025594e-02;1.619479e-01;2.424317e-01;3.511700e-02;3.916972e-02;2.345984e-01;4.219086e-02;8.127295e-02;5.408334e-02;2.727111e-02;1.966510e-02;4.199599e-02
2.892427e-02;1.928985e-01;2.752958e-01;2.368463e-02;3.708538e-02;2.060619e-01;3.562632e-02;4.328216e-02;6.520812e-02;3.021932e-02;2.236703e-02;3.934647e-02
3.727151e-02;2.033544e-01;2.605093e-01;1.755100e-02;4.211902e-02;1.733825e-01;4.200355e-02;5.081308e-02;7.698458e-02;2.395819e-02;3.878527e-02;3.326762e-02
3.989735e-02;2.040138e-01;2.599867e-01;1.923175e-02;3.352591e-02;1.196460e-01;4.377706e-02;6.760345e-02;8.892433e-02;3.494477e-02;4.636361e-02;4.208532e-02
2.917105e-02;2.032749e-01;2.753861e-01;2.912404e-02;2.369006e-02;6.807292e-02;5.089695e-02;8.614711e-02;9.457961e-02;4.094473e-02;4.270170e-02;5.601082e-02
3.835142e-02;2.308066e-01;3.222837e-01;4.409676e-02;2.772141e-02;4.010760e-02;4.329757e-02;6.328122e-02;7.791336e-02;3.731596e-02;2.869734e-02;4.612716e-02
4.185931e-02;2.537633e-01;3.840840e-01;3.423037e-02;2.722316e-02;9.357281e-02;2.209311e-02;3.881746e-02;4.196440e-02;1.814908e-02;2.053601e-02;2.370702e-02
