9.360534e-02;6.170882e-02;1.055152e-01;5.216979e-02;5.122846e-02;4.559586e-02;9.454055e-02;4.220619e-02;2.066177e-01;6.140124e-02;1.570771e-01;2.833378e-02
9.449206e-02;8.291572e-02;1.156422e-01;5.160729e-02;4.716264e-02;2.836435e-02;7.286130e-02;4.487772e-02;1.993181e-01;9.429687e-02;1.279971e-01;4.046468e-02
1.151385e-01;8.702050e-02;1.210889e-01;4.279863e-02;3.925746e-02;4.832777e-02;8.780918e-02;4.476444e-02;1.544930e-01;9.161586e-02;8.320527e-02;8.448045e-02
8.490769e-02;5.080657e-02;1.228687e-01;1.144146e-02;2.939696e-02;9.051702e-02;8.879977e-02;3.300055e-02;1.117302e-01;8.126500e-02;2.148606e-01;8.040555e-02
3.734480e-02;5.538562e-02;1.055058e-01;1.896415e-02;4.942092e-02;1.085048e-01;8.936886e-02;5.412953e-02;9.474120e-02;8.404051e-02;2.705557e-01;3.203816e-02
6.619793e-02;7.714410e-02;1.059102e-01;3.284898e-02;6.275593e-02;6.002799e-02;1.151543e-01;5.119153e-02;8.362482e-02;1.154742e-01;1.689465e-01;6.072348e-02
7.401012e-02;6.790385e-02;1.029985e-01;2.927353e-02;5.476771e-02;5.784765e-02;1.630194e-01;7.860039e-02;9.094662e-02;9.991682e-02;8.118600e-02;9.952940e-02
9.888340e-02;5.319928e-02;9.399148e-02;4.358876e-02;6.929535e-02;6.859855e-02;1.702882e-01;8.110032e-02;6.440226e-02;9.113731e-02;9.040397e-02;7.511109e-02
1.288807e-01;5.656549e-02;8.012380e-02;6.035790e-02;7.945071e-02;8.266931e-02;1.631521e-01;6.152301e-02;7.975315e-02;8.954947e-02;7.351559e-02;4.445871e-02
1.272860e-01;6.102372e-02;1.119622e-01;7.870073e-02;8.748024e-02;8.700778e-02;1.305945e-01;5.228265e-02;9.210593e-02;6.898375e-02;4.480107e-02;5.777143e-02
6.741337e-02;5.742824e-02;1.926759e-01;7.648975e-02;7.607607e-02;8.788595e-02;1.155078e-01;5.370518e-02;7.111796e-02;4.978842e-02;8.587798e-02;6.603337e-02
9.460521e-02;4.395027e-02;2.479315e-01;8.047913e-02;8.779364e-02;5.219249e-02;9.408217e-02;3.671671e-02;7.669850e-02;5.369727e-02;6.763938e-02;6.421381e-02
6.304056e-02;4.784590e-02;2.224963e-01;7.991768e-02;8.524032e-02;4.031431e-02;1.034210e-01;5.487384e-02;1.076290e-01;6.022137e-02;9.267264e-02;4.232710e-02
7.012361e-02;2.739877e-02;9.879602e-02;3.896357e-02;5.867041e-02;5.446642e-02;1.526163e-01;1.035741e-01;8.395574e-02;7.623617e-02;1.370812e-01;9.811769e-02
1.266404e-01;4.908875e-02;5.031041e-02;3.291991e-02;6.736873e-02;8.103411e-02;1.799797e-01;1.092023e-01;2.590547e-02;8.339343e-02;7.274152e-02;1.214153e-01
1.627843e-01;9.908555e-02;8.544692e-02;2.132767e-02;4.699624e-02;6.210630e-02;1.638056e-01;4.012918e-02;4.715068e-02;1.060640e-01;7.866642e-02;8.643714e-02
1.454847e-01;1.407177e-01;8.605022e-02;1.632854e-02;3.182096e-02;5.613283e-02;2.187121e-01;2.591488e-02;3.165930e-02;1.181633e-01;8.555019e-02;4.346543e-02
1.078907e-01;1.612547e-01;7.550521e-02;7.636859e-03;2.288448e-02;5.453000e-02;2.827062e-01;1.201064e-02;1.593059e-02;1.085851e-01;1.287305e-01;2.233506e-02
7.027735e-02;1.491613e-01;9.625247e-02;7.519836e-03;1.750589e-02;4.022412e-02;2.964401e-01;3.291665e-02;1.266200e-02;7.226881e-02;1.784571e-01;2.631439e-02
4.591698e-02;1.012744e-01;1.858293e-01;2.136103e-02;1.836604e-02;2.242554e-02;2.356632e-01;7.687026e-02;2.753661e-02;3.209601e-02;1.591174e-01;7.354331e-02
6.665460e-02;5.541839e-02;2.264774e-01;6.343405e-02;3.275472e-02;1.184482e-02;1.437207e-01;8.169132e-02;9.216284e-02;2.908006e-02;8.903391e-02;1.077272e-01
9.735196e-02;6.980170e-02;1.803170e-01;1.025721e-01;7.233933e-02;2.575333e-02;7.877462e-02;4.037188e-02;1.459582e-01;8.110233e-02;2.448680e-02;8.117080e-02
7.133284e-02;1.199273e-01;1.397581e-01;7.740713e-02;9.504247e-02;7.262681e-02;3.745303e-02;2.310872e-02;1.047121e-01;1.399174e-01;8.832231e-02;3.039186e-02
2.897944e-02;1.022787e-01;1.824714e-01;4.977401e-02;6.327713e-02;1.329923e-01;8.113412e-02;1.661322e-02;3.211198e-02;1.119836e-01;1.663596e-01;3.202453e-02
1.073217e-02;3.531056e-02;1.880351e-01;8.647649e-02;2.540374e-02;1.329314e-01;1.790618e-01;2.011663e-02;1.843865e-02;4.317978e-02;1.720760e-01;8.823757e-02
2.329343e-02;8.553613e-03;1.005236e-01;1.501558e-01;1.460859e-02;7.159670e-02;2.901446e-01;5.624698e-02;1.327422e-02;1.452976e-02;8.593152e-02;1.711413e-01
6.757667e-02;8.000308e-03;3.489488e-02;1.496182e-01;3.602659e-02;2.353590e-02;3.014210e-01;1.459332e-01;1.332836e-02;1.727739e-02;2.188274e-02;1.805048e-01
1.512587e-01;2.060326e-02;2.050626e-02;7.235667e-02;9.240816e-02;1.804139e-02;1.956880e-01;2.556930e-01;4.875765e-02;1.478659e-02;2.408808e-02;8.581233e-02
1.916445e-01;5.963292e-02;2.220505e-02;1.466330e-02;1.248454e-01;2.666836e-02;1.072507e-01;2.511207e-01;1.563554e-01;1.214957e-02;2.453341e-02;8.930627e-03
1.246219e-01;1.126000e-01;4.085610e-02;1.159500e-02;7.379117e-02;6.819332e-02;5.817869e-02;1.162455e-01;3.457488e-01;1.847505e-02;1.316377e-02;1.653058e-02
5.849174e-02;1.213719e-01;6.437766e-02;1.447688e-02;1.680791e-02;1.112158e-01;3.019333e-02;8.372806e-02;4.460558e-01;3.152125e-02;5.112900e-03;1.664686e-02
2.867426e-02;9.999091e-02;1.080931e-01;1.073468e-02;7.676091e-03;1.272931e-01;2.799344e-02;5.919870e-02;4.267039e-01;7.052051e-02;4.695005e-03;2.842626e-02
3.310686e-02;6.804460e-02;1.528920e-01;1.231477e-02;1.378659e-02;1.182330e-01;4.939816e-02;5.511904e-02;3.443547e-01;1.124462e-01;1.016614e-02;3.013797e-02
5.546134e-02;6.186408e-02;1.590098e-01;2.855533e-02;2.303245e-02;1.199814e-01;6.127656e-02;4.931815e-02;2.770783e-01;1.075294e-01;1.227391e-02;4.461921e-02
7.018369e-02;5.421090e-02;1.289597e-01;6.479102e-02;7.825887e-02;1.105845e-01;1.049252e-01;4.802920e-02;1.457302e-01;5.761853e-02;4.968585e-02;8.702229e-02
5.015982e-02;5.249088e-02;1.230977e-01;9.701044e-02;9.353233e-02;8.459672e-02;1.060278e-01;6.701825e-02;6.897790e-02;2.554067e-02;1.333211e-01;9.822632e-02
3.557453e-02;4.072668e-02;1.810097e-01;1.047410e-01;6.040712e-02;4.693433e-02;6.965541e-02;3.707241e-02;8.242113e-02;8.368550e-02;1.961108e-01;6.166147e-02
3.857461e-02;3.091381e-02;2.890964e-01;8.778875e-02;2.944289e-02;3.188701e-02;7.597078e-02;3.208018e-02;6.603874e-02;1.298030e-01;1.473054e-01;4.109845e-02
4.360164e-02;3.670870e-02;3.586719e-01;7.074185e-02;2.816624e-02;2.970518e-02;8.458365e-02;1.719925e-02;8.608779e-02;1.462079e-01;6.738517e-02;3.094064e-02
5.656595e-02;7.390103e-02;3.089865e-01;3.945997e-02;3.350903e-02;3.918767e-02;4.864987e-02;3.476006e-02;1.585542e-01;1.209919e-01;5.244682e-02;3.298694e-02
1.033294e-01;9.277137e-02;2.231880e-01;3.285618e-02;3.681513e-02;4.677494e-02;5.117302e-02;2.724758e-02;2.026867e-01;7.935333e-02;5.100220e-02;5.280223e-02
1.081277e-01;6.534570e-02;2.173552e-01;4.233226e-02;4.603091e-02;5.185708e-02;6.987624e-02;3.087139e-02;1.524990e-01;7.620679e-02;7.609405e-02;6.340379e-02
7.123343e-02;6.139141e-02;2.534909e-01;3.545965e-02;4.216276e-02;7.495510e-02;8.476111e-02;4.045799e-02;1.256214e-01;7.958586e-02;7.228301e-02;5.859740e-02
5.934700e-02;5.851624e-02;2.254075e-01;6.055501e-02;4.169407e-02;1.001694e-01;1.093587e-01;2.524843e-02;1.634476e-01;9.122558e-02;3.525233e-02;2.977804e-02
2.548318e-02;5.758926e-02;1.671311e-01;7.662553e-02;5.358696e-02;8.081804e-02;8.666670e-02;4.734629e-02;2.147571e-01;5.332053e-02;1.083458e-01;2.832960e-02
5.281423e-02;7.419183e-02;8.467565e-02;8.673333e-02;6.040039e-02;5.879438e-02;7.326019e-02;3.510924e-02;2.363497e-01;8.107869e-02;1.108773e-01;4.571515e-02
9.710063e-02;6.153633e-02;9.864992e-02;8.125224e-02;7.178301e-02;3.772249e-02;8.833347e-02;3.582073e-02;1.500599e-01;8.908293e-02;7.902348e-02;1.096349e-01
1.215810e-01;4.988111e-02;1.035467e-01;4.719454e-02;9.834046e-02;5.797364e-02;9.574406e-02;4.802901e-02;8.836586e-02;9.440377e-02;7.137316e-02;1.235668e-01
1.225647e-01;8.177873e-02;1.033041e-01;2.817200e-02;8.716393e-02;7.003541e-02;1.118079e-01;6.558012e-02;6.027783e-02;9.096485e-02;7.912524e-02;9.922519e-02
1.263361e-01;1.268247e-01;1.493499e-01;2.803582e-02;5.605467e-02;4.149844e-02;1.013952e-01;9.017108e-02;6.869662e-02;7.440600e-02;7.571571e-02;6.151593e-02
1.071998e-01;1.162538e-01;1.292718e-01;5.879756e-02;3.886636e-02;4.928148e-02;7.604817e-02;8.461049e-02;5.555692e-02;8.351436e-02;1.292314e-01;7.136794e-02
1.056516e-01;5.816121e-02;9.891075e-02;9.523431e-02;3.343400e-02;6.655734e-02;1.116443e-01;4.855523e-02;4.851152e-02;8.728413e-02;1.556801e-01;9.037548e-02
5.392380e-02;8.105831e-02;1.306230e-01;9.141803e-02;5.414797e-02;6.976566e-02;1.063321e-01;3.130149e-02;4.326197e-02;9.627061e-02;1.520090e-01;8.988800e-02
1.072611e-01;1.152995e-01;8.045327e-02;5.729516e-02;3.230370e-02;4.712417e-02;8.745317e-02;4.217070e-02;7.389311e-02;1.020351e-01;1.302427e-01;1.244683e-01
9.033300e-02;1.096106e-01;1.368801e-01;5.327839e-02;4.040176e-02;4.897870e-02;9.250149e-02;5.049573e-02;9.077877e-02;1.229182e-01;8.694687e-02;7.687648e-02
7.586265e-02;1.007941e-01;1.715196e-01;6.508590e-02;4.303986e-02;5.533871e-02;1.096962e-01;3.368261e-02;9.430986e-02;1.067668e-01;7.000670e-02;7.389701e-02
1.044657e-01;9.481061e-02;1.919622e-01;5.766894e-02;3.598626e-02;4.825451e-02;9.388079e-02;3.382585e-02;1.115661e-01;7.937247e-02;7.352086e-02;7.468574e-02
9.213303e-02;1.013742e-01;1.671513e-01;6.449121e-02;2.522387e-02;4.021025e-02;1.150586e-01;8.149196e-02;1.207737e-01;6.389298e-02;7.170064e-02;5.649830e-02
8.534181e-02;8.780710e-02;7.259110e-02;6.655914e-02;3.832561e-02;4.444555e-02;1.692619e-01;8.198283e-02;1.219438e-01;7.575194e-02;6.231597e-02;9.367323e-02
6.619035e-02;8.044183e-02;1.195394e-01;3.973639e-02;3.590753e-02;4.575121e-02;1.253211e-01;6.834468e-02;1.314426e-01;1.236245e-01;4.934927e-02;1.143510e-01
7.524431e-02;8.887927e-02;1.078013e-01;5.698489e-02;4.363943e-02;4.539740e-02;6.975506e-02;1.064006e-01;1.349539e-01;1.127491e-01;6.400101e-02;9.419367e-02
8.551708e-02;7.621977e-02;6.629679e-02;7.617914e-02;4.587522e-02;5.778306e-02;8.402967e-02;1.179276e-01;1.661421e-01;8.884273e-02;6.222179e-02;7.296506e-02
6.591688e-02;9.875116e-02;4.531436e-02;7.483444e-02;5.250292e-02;6.173751e-02;6.778055e-02;8.999367e-02;1.851542e-01;1.189280e-01;6.386168e-02;7.522473e-02
8.524875e-02;1.129796e-01;9.377523e-02;4.662298e-02;6.000427e-02;5.613654e-02;9.434480e-02;5.624676e-02;1.645498e-01;9.508363e-02;5.370811e-02;8.129958e-02
1.325997e-01;1.067517e-01;9.882542e-02;3.207264e-02;4.532313e-02;6.651405e-02;1.147914e-01;6.310855e-02;1.563056e-01;6.968394e-02;4.040413e-02;7.361989e-02
1.515400e-01;7.824376e-02;8.882833e-02;3.087138e-02;6.487707e-02;8.258016e-02;1.254159e-01;8.749072e-02;1.307735e-01;5.131469e-02;5.794733e-02;5.011715e-02
1.034409e-01;5.029458e-02;1.287271e-01;6.885573e-02;9.441239e-02;8.182219e-02;9.736077e-02;1.306775e-01;5.826216e-02;4.542411e-02;7.697404e-02;6.374861e-02
7.658830e-02;6.643819e-02;1.753664e-01;1.167574e-01;8.378743e-02;4.290592e-02;1.036447e-01;1.287297e-01;4.664965e-02;3.386524e-02;6.887953e-02;5.638771e-02
8.153111e-02;6.943455e-02;2.059387e-01;1.319569e-01;9.674847e-02;2.782080e-02;1.366208e-01;8.500978e-02;4.633485e-02;2.769554e-02;4.458648e-02;4.632207e-02
7.973613e-02;5.562289e-02;2.011726e-01;1.347724e-01;1.034021e-01;5.252568e-02;1.563979e-01;6.207545e-02;5.636888e-02;2.357549e-02;2.878144e-02;4.556894e-02
7.653833e-02;3.925968e-02;1.534582e-01;1.203136e-01;7.891750e-02;9.051056e-02;1.985558e-01;5.907927e-02;4.543703e-02;3.599985e-02;5.129008e-02;5.064013e-02
8.112351e-02;8.390355e-02;2.062256e-01;7.387832e-02;8.663757e-02;5.569733e-02;1.697957e-01;2.660167e-02;6.063779e-02;7.883083e-02;4.295189e-02;3.371631e-02
1.151631e-01;9.746290e-02;2.020402e-01;5.827221e-02;9.106378e-02;5.825392e-02;1.598915e-01;2.537826e-02;4.252379e-02;8.039621e-02;3.664320e-02;3.291103e-02
1.460153e-01;9.002896e-02;1.605736e-01;4.575587e-02;8.941355e-02;7.203984e-02;1.779943e-01;2.943590e-02;3.290322e-02;8.873774e-02;3.446871e-02;3.263294e-02
1.812946e-01;8.015575e-02;8.310580e-02;4.214603e-02;7.274685e-02;8.109315e-02;1.990432e-01;2.859489e-02;3.558111e-02;1.307755e-01;3.524740e-02;3.021582e-02
1.811864e-01;9.945817e-02;5.510722e-02;3.173362e-02;5.327430e-02;5.773810e-02;2.124829e-01;1.961127e-02;2.543790e-02;1.678838e-01;5.907108e-02;3.701536e-02
1.195562e-01;1.353947e-01;3.475782e-02;1.839300e-02;3.907867e-02;3.952827e-02;2.758330e-01;3.705951e-02;2.440520e-02;1.475788e-01;1.107634e-01;1.765141e-02
4.440379e-02;9.336843e-02;9.624269e-02;1.892648e-02;2.552570e-02;3.180588e-02;2.488407e-01;9.765916e-02;5.443150e-02;8.285395e-02;1.570017e-01;4.894000e-02
5.565843e-02;5.960479e-02;1.228453e-01;2.773275e-02;1.588464e-02;2.940250e-02;1.540103e-01;1.263924e-01;1.350692e-01;4.879062e-02;1.215674e-01;1.030416e-01
7.468573e-02;4.684958e-02;1.056328e-01;3.530236e-02;2.359592e-02;2.726166e-02;9.482450e-02;9.758510e-02;2.076949e-01;8.861471e-02;8.891122e-02;1.090416e-01
6.152227e-02;4.285620e-02;7.791653e-02;5.198904e-02;4.953365e-02;2.327621e-02;6.599208e-02;4.667172e-02;2.336214e-01;1.943632e-01;6.878776e-02;8.346990e-02
3.619416e-02;5.370691e-02;4.469240e-02;6.478661e-02;8.378880e-02;2.476136e-02;3.619788e-02;3.022486e-02;1.749995e-01;3.499646e-01;4.987319e-02;5.080965e-02
6.466401e-02;4.411582e-02;2.903152e-02;7.064968e-02;7.310521e-02;1.943638e-02;3.923850e-02;4.171903e-02;2.584908e-01;2.980846e-01;3.527103e-02;2.619337e-02
5.716532e-02;2.718963e-02;6.598113e-02;7.864894e-02;4.549003e-02;1.348089e-02;1.001726e-01;8.656377e-02;3.106590e-01;1.608604e-01;2.542275e-02;2.836559e-02
3.089150e-02;3.102448e-02;1.262084e-01;8.154916e-02;3.713735e-02;1.928698e-02;1.692750e-01;1.177675e-01;2.457609e-01;8.105098e-02;2.037481e-02;3.967291e-02
3.842176e-02;4.829547e-02;1.694885e-01;8.010260e-02;3.852206e-02;2.240243e-02;2.099833e-01;7.706043e-02;1.708886e-01;6.603497e-02;3.287189e-02;4.592791e-02
4.556667e-02;4.092304e-02;1.416241e-01;7.582610e-02;5.063350e-02;2.880315e-02;2.070943e-01;9.089350e-02;1.552134e-01;1.036590e-01;2.810362e-02;3.165972e-02
3.661224e-02;2.083036e-02;5.188190e-02;3.447242e-02;4.729110e-02;1.336546e-02;1.122864e-01;1.784465e-01;3.207147e-01;1.316840e-01;2.103695e-02;3.137798e-02
4.297719e-02;5.560469e-02;9.781285e-02;1.463099e-02;3.391737e-02;2.019032e-02;8.343782e-02;1.621100e-01;3.057887e-01;1.167828e-01;4.431885e-02;2.242841e-02
1.947675e-02;4.621927e-02;8.689728e-02;1.266247e-02;2.984519e-02;1.344283e-02;7.564478e-02;1.290511e-01;4.044667e-01;9.214359e-02;3.596973e-02;5.418032e-02
3.089558e-02;3.339591e-02;9.540433e-02;4.193979e-02;3.618952e-02;1.571670e-02;9.790039e-02;4.920667e-02;3.644623e-01;1.328629e-01;2.832280e-02;7.370308e-02
9.351068e-02;4.798780e-02;1.003245e-01;7.314796e-02;3.356528e-02;3.056611e-02;1.181542e-01;8.625744e-02;1.507028e-01;1.267194e-01;4.952446e-02;8.953944e-02
1.192765e-01;8.928041e-02;1.825559e-01;6.733573e-02;3.222780e-02;5.477161e-02;1.108770e-01;6.446482e-02;5.180910e-02;6.329968e-02;1.119489e-01;5.215253e-02
8.617421e-02;7.448299e-02;1.275685e-01;4.894764e-02;5.936120e-02;7.665168e-02;7.213287e-02;4.765024e-02;3.807845e-02;9.749295e-02;2.059715e-01;6.548777e-02
4.840041e-02;5.812401e-02;7.707035e-02;4.053855e-02;5.637820e-02;9.201377e-02;5.850972e-02;2.755447e-02;1.355476e-02;8.783066e-02;3.010927e-01;1.389325e-01
9.296686e-02;2.829419e-02;5.635029e-02;4.388664e-02;2.747964e-02;6.855632e-02;1.052919e-01;2.201999e-02;9.050477e-03;4.872140e-02;2.344689e-01;2.629135e-01
1.536539e-01;2.067187e-02;2.634790e-02;6.121308e-02;1.401496e-02;3.882392e-02;1.624904e-01;5.016868e-02;8.133722e-03;2.645234e-02;1.222560e-01;3.157732e-01
2.595468e-01;3.010238e-02;2.848504e-02;5.906574e-02;3.631735e-02;1.652568e-02;1.710964e-01;9.213539e-02;9.521300e-03;1.531532e-02;3.637325e-02;2.455153e-01
4.001883e-01;5.329144e-02;2.329518e-02;2.853103e-02;8.844701e-02;9.573482e-03;1.195265e-01;1.241989e-01;1.543917e-02;1.099639e-02;2.333767e-02;1.031749e-01
4.177805e-01;9.413483e-02;5.240386e-02;1.445143e-02;1.258091e-01;1.527218e-02;6.405527e-02;1.086769e-01;2.437277e-02;8.403329e-03;1.451174e-02;6.012804e-02
3.236932e-01;1.304232e-01;1.173724e-01;2.095189e-02;1.324356e-01;3.455864e-02;5.258964e-02;6.143342e-02;3.658026e-02;1.115917e-02;2.269413e-02;5.610843e-02
1.255084e-01;1.210793e-01;2.077942e-01;4.934803e-02;9.871546e-02;3.912995e-02;8.416918e-02;3.224989e-02;5.656507e-02;2.759557e-02;4.581102e-02;1.120339e-01
2.273343e-01;1.498627e-01;1.788631e-01;4.235372e-02;6.231882e-02;2.673491e-02;5.562956e-02;5.491202e-02;5.275226e-02;2.243307e-02;3.370306e-02;9.310250e-02
2.894846e-01;1.941981e-01;1.500389e-01;2.420145e-02;1.023801e-01;2.058102e-02;2.662868e-02;4.822958e-02;6.402404e-02;1.445690e-02;2.131895e-02;4.445770e-02
3.155267e-01;1.961990e-01;1.114395e-01;1.985537e-02;1.097062e-01;1.397618e-02;2.318986e-02;6.287973e-02;9.563677e-02;1.216219e-02;1.834764e-02;2.108093e-02
3.205200e-01;1.354990e-01;5.302884e-02;1.902553e-02;8.928803e-02;1.810964e-02;5.081420e-02;9.384099e-02;1.098732e-01;9.700584e-03;4.077936e-02;5.952056e-02
3.114028e-01;7.341143e-02;1.611740e-01;2.600667e-02;5.611887e-02;2.052161e-02;6.666023e-02;7.981788e-02;6.080892e-02;2.178562e-02;5.124004e-02;7.105195e-02
3.763460e-01;8.953479e-02;1.784498e-01;2.335483e-02;4.779109e-02;1.467497e-02;4.203233e-02;7.774102e-02;3.986169e-02;2.444816e-02;3.824539e-02;4.751989e-02
3.433149e-01;6.642574e-02;1.553501e-01;2.820182e-02;3.877879e-02;1.600954e-02;2.158303e-02;5.591324e-02;1.028550e-01;3.278075e-02;4.110118e-02;9.768588e-02
2.674218e-01;7.288142e-02;1.355771e-01;2.872536e-02;4.205006e-02;4.581442e-02;5.087479e-02;7.093573e-02;1.166219e-01;4.814428e-02;4.325379e-02;7.769931e-02
1.721335e-01;1.058604e-01;1.350420e-01;4.560312e-02;7.781116e-02;4.220685e-02;1.199845e-01;9.077663e-02;6.382719e-02;3.790708e-02;3.408610e-02;7.476147e-02
1.774111e-01;8.151872e-02;1.080668e-01;4.373882e-02;1.216549e-01;4.939108e-02;1.411236e-01;1.097225e-01;3.314584e-02;3.241643e-02;2.805665e-02;7.375363e-02
1.474957e-01;3.670800e-02;6.260201e-02;6.481826e-02;1.552666e-01;7.117133e-02;1.837467e-01;1.321452e-01;1.540139e-02;3.002684e-02;1.734280e-02;8.327523e-02
6.300751e-02;9.993120e-03;4.017131e-02;8.813344e-02;1.088326e-01;8.318781e-02;2.550291e-01;1.342117e-01;1.968910e-02;2.659325e-02;2.203923e-02;1.491118e-01
5.909651e-02;1.423602e-02;6.407683e-02;6.219469e-02;4.576975e-02;6.684420e-02;2.632146e-01;1.288193e-01;3.139942e-02;2.923646e-02;5.806226e-02;1.770500e-01
7.727018e-02;3.370966e-02;1.056960e-01;3.188257e-02;2.303138e-02;8.468846e-02;2.064820e-01;1.035352e-01;5.122309e-02;3.852167e-02;9.534654e-02;1.486133e-01
9.016329e-02;4.824871e-02;1.380670e-01;8.139429e-02;6.492897e-02;9.388518e-02;1.233072e-01;2.705336e-02;6.118415e-02;4.571757e-02;9.178237e-02;1.342679e-01
6.216360e-02;1.810272e-02;9.761334e-02;1.014890e-01;1.360921e-01;3.362178e-02;2.036629e-01;1.067362e-01;6.278887e-02;3.103537e-02;6.084068e-02;8.585343e-02
5.545407e-02;2.952321e-02;4.609726e-02;8.860482e-02;1.296630e-01;2.546079e-02;2.479789e-01;1.529984e-01;4.342190e-02;1.686241e-02;5.792762e-02;1.060076e-01
7.420939e-02;2.060641e-02;5.662454e-02;3.704663e-02;5.976626e-02;3.930727e-02;2.532351e-01;1.151963e-01;4.220273e-02;3.743424e-02;5.945355e-02;2.049176e-01
9.632283e-02;6.303098e-02;6.362187e-02;4.924917e-02;5.760802e-02;4.818510e-02;1.217904e-01;6.255602e-02;1.023684e-01;1.077970e-01;1.034913e-01;1.239789e-01
9.474114e-02;7.198153e-02;5.138339e-02;5.450187e-02;5.316109e-02;5.438512e-02;1.303800e-01;6.605313e-02;1.062168e-01;1.044499e-01;1.137791e-01;9.896692e-02
1.032518e-01;8.076459e-02;9.129971e-02;5.414230e-02;5.744525e-02;5.615355e-02;1.230052e-01;6.742050e-02;7.600123e-02;9.145210e-02;1.003172e-01;9.874662e-02
1.426240e-01;8.532059e-02;1.102543e-01;4.379675e-02;4.230503e-02;3.753012e-02;1.323399e-01;1.346410e-01;4.655068e-02;6.206405e-02;4.507525e-02;1.174983e-01
1.219824e-01;5.890118e-02;6.858771e-02;6.844087e-02;1.685325e-02;2.051663e-02;2.131430e-01;1.398886e-01;1.816843e-02;7.385428e-02;3.631929e-02;1.633444e-01
7.422370e-02;3.065325e-02;4.227915e-02;7.537659e-02;9.382830e-03;1.494887e-02;2.800096e-01;1.044100e-01;7.343851e-03;1.073911e-01;3.432272e-02;2.196584e-01
4.518187e-02;1.691469e-02;3.118358e-02;5.879021e-02;7.868377e-03;2.000850e-02;3.053101e-01;5.193609e-02;2.631758e-02;1.164263e-01;5.997519e-02;2.600874e-01
6.719525e-02;2.834452e-02;4.332745e-02;4.728531e-02;1.854445e-02;2.545791e-02;2.827338e-01;7.881247e-02;4.484285e-02;1.073710e-01;3.765034e-02;2.184347e-01
7.103743e-02;4.308096e-02;6.719792e-02;5.233976e-02;3.220606e-02;4.579787e-02;2.469091e-01;7.738294e-02;7.402086e-02;8.974704e-02;4.386659e-02;1.564134e-01
9.545510e-02;4.905928e-02;9.778260e-02;8.744432e-02;3.193543e-02;4.201209e-02;1.978985e-01;4.506873e-02;6.347495e-02;6.773131e-02;6.173293e-02;1.604048e-01
1.245621e-01;3.307073e-02;6.916122e-02;1.494176e-01;1.986311e-02;1.930310e-02;1.424226e-01;7.626239e-02;2.825270e-02;4.738032e-02;7.929527e-02;2.110089e-01
1.520206e-01;3.668304e-02;5.303089e-02;1.461137e-01;1.369321e-02;1.327209e-02;1.945952e-01;4.623380e-02;1.636076e-02;4.602588e-02;6.949314e-02;2.124778e-01
1.389473e-01;3.003164e-02;4.892957e-02;1.253200e-01;9.401461e-03;2.102549e-02;2.554864e-01;2.982055e-02;1.528610e-02;4.345087e-02;7.861890e-02;2.036819e-01
1.152912e-01;3.853672e-02;3.903962e-02;1.037200e-01;9.624477e-03;2.990535e-02;3.029431e-01;3.920040e-02;1.218343e-02;4.216355e-02;8.426308e-02;1.831292e-01
8.759113e-02;2.690161e-02;6.294656e-02;7.702179e-02;2.617025e-02;5.526792e-02;2.774210e-01;2.814165e-02;2.387835e-02;4.952850e-02;1.209426e-01;1.641886e-01
6.442226e-02;1.624710e-02;1.050512e-01;4.275817e-02;5.250149e-02;1.041568e-01;1.886275e-01;1.774631e-02;3.371648e-02;6.198559e-02;1.731082e-01;1.396789e-01
3.948848e-02;1.776588e-02;1.455388e-01;2.246823e-02;6.620939e-02;1.401797e-01;1.077024e-01;1.517699e-02;3.370359e-02;8.350109e-02;2.107616e-01;1.175038e-01
4.169318e-02;1.889212e-02;1.439493e-01;3.641608e-02;6.073134e-02;1.458520e-01;7.439875e-02;1.738353e-02;2.945885e-02;1.157380e-01;2.278966e-01;8.759024e-02
2.881066e-02;5.333385e-02;1.063018e-01;3.955459e-02;7.292856e-02;1.310130e-01;3.389358e-02;2.320300e-02;3.921033e-02;1.819784e-01;2.329254e-01;5.684679e-02
1.817439e-02;9.016547e-02;3.128793e-02;4.323665e-02;1.093963e-01;7.690107e-02;3.208390e-02;4.035156e-02;7.060494e-02;2.691529e-01;1.833796e-01;3.526540e-02
4.016925e-02;8.262746e-02;3.046021e-02;7.315961e-02;1.151638e-01;5.021466e-02;5.073706e-02;4.124942e-02;9.661503e-02;2.787701e-01;1.153340e-01;2.549935e-02
5.134246e-02;4.454386e-02;8.972539e-02;9.958059e-02;6.998987e-02;3.904511e-02;1.342186e-01;5.056001e-02;1.324177e-01;1.934233e-01;6.201313e-02;3.314000e-02
3.580697e-02;3.813677e-02;1.329057e-01;8.098881e-02;4.894083e-02;3.425368e-02;2.635443e-01;6.190936e-02;1.185869e-01;1.006205e-01;4.864800e-02;3.565820e-02
3.694602e-02;6.194389e-02;1.078549e-01;5.205756e-02;4.903779e-02;3.851383e-02;3.936678e-01;5.252687e-02;8.154825e-02;5.331023e-02;4.469155e-02;2.790130e-02
8.750231e-02;6.334222e-02;3.611345e-02;3.758884e-02;7.094813e-02;4.726965e-02;4.377304e-01;3.659247e-02;6.921515e-02;5.049651e-02;3.923471e-02;2.396617e-02
1.218517e-01;4.577142e-02;8.537968e-02;3.461066e-02;1.044173e-01;6.010969e-02;2.959810e-01;4.650241e-02;7.307103e-02;5.627230e-02;2.983912e-02;4.619377e-02
1.027835e-01;4.398419e-02;1.783542e-01;6.603656e-02;1.433074e-01;5.843173e-02;1.267576e-01;4.171912e-02;7.758620e-02;5.743057e-02;3.857917e-02;6.502975e-02
5.687819e-02;4.420718e-02;2.525170e-01;1.006145e-01;1.225815e-01;4.759034e-02;9.364130e-02;2.784638e-02;7.262310e-02;6.521462e-02;6.535788e-02;5.092803e-02
5.529464e-02;4.219234e-02;3.214488e-01;9.453879e-02;8.192689e-02;3.305741e-02;6.102182e-02;3.912115e-02;8.022027e-02;8.047211e-02;7.787163e-02;3.283412e-02
5.969632e-02;5.452339e-02;3.689635e-01;8.384867e-02;6.213878e-02;3.357283e-02;5.028028e-02;5.536420e-02;9.213497e-02;7.640541e-02;5.110493e-02;1.196672e-02
5.279731e-02;4.925150e-02;3.704748e-01;6.513346e-02;7.059651e-02;4.986701e-02;5.771408e-02;7.253154e-02;7.703929e-02;7.066903e-02;4.206682e-02;2.185863e-02
3.183236e-02;4.187860e-02;2.992704e-01;7.556561e-02;8.616610e-02;5.131371e-02;8.443774e-02;6.557900e-02;9.098075e-02;7.198606e-02;6.221352e-02;3.877621e-02
5.018893e-02;3.104089e-02;2.147067e-01;8.501310e-02;7.877993e-02;6.253285e-02;8.201123e-02;5.936741e-02;1.875538e-01;7.205452e-02;5.196192e-02;2.478868e-02
8.951742e-02;2.729681e-02;9.167170e-02;6.156319e-02;7.726129e-02;7.679909e-02;1.149861e-01;8.039270e-02;1.434381e-01;1.310060e-01;5.897472e-02;4.709296e-02
8.928115e-02;4.047062e-02;9.559844e-02;4.420990e-02;7.991279e-02;5.183209e-02;2.045275e-01;7.782198e-02;8.469456e-02;1.430967e-01;3.836446e-02;5.018977e-02
9.514309e-02;4.692953e-02;1.204328e-01;4.609501e-02;7.509932e-02;4.822882e-02;2.421467e-01;6.720287e-02;8.229004e-02;9.553648e-02;2.528834e-02;5.560711e-02
9.420428e-02;4.634232e-02;1.364123e-01;4.653179e-02;7.306515e-02;5.542051e-02;1.776146e-01;7.627080e-02;1.130877e-01;7.767081e-02;5.034918e-02;5.303055e-02
6.712157e-02;5.991092e-02;1.691944e-01;4.794120e-02;5.405683e-02;3.284647e-02;1.787074e-01;5.792007e-02;1.181926e-01;1.145911e-01;6.580348e-02;3.371387e-02
5.513255e-02;5.375998e-02;1.314915e-01;5.823956e-02;4.746850e-02;2.406141e-02;1.403177e-01;4.838933e-02;1.167356e-01;1.949196e-01;9.793876e-02;3.154549e-02
4.869475e-02;4.767819e-02;9.126642e-02;4.255803e-02;5.199581e-02;4.387805e-02;6.298824e-02;3.504371e-02;9.210217e-02;2.510257e-01;1.808943e-01;5.187463e-02
7.599314e-02;4.540004e-02;6.742060e-02;2.953355e-02;3.285497e-02;5.553680e-02;5.723599e-02;2.501120e-02;5.813640e-02;2.065462e-01;2.455057e-01;1.008254e-01
1.634551e-01;2.858361e-02;5.755575e-02;3.340656e-02;2.163503e-02;4.421219e-02;9.851588e-02;1.801594e-02;3.228435e-02;1.107445e-01;2.043721e-01;1.872191e-01
3.098519e-01;3.930349e-02;5.033801e-02;4.898968e-02;1.484924e-02;2.055021e-02;1.025633e-01;2.589511e-02;1.952494e-02;5.613336e-02;9.277049e-02;2.192302e-01
4.358453e-01;6.565343e-02;4.998806e-02;4.175373e-02;1.150425e-02;1.310893e-02;7.126060e-02;3.800714e-02;2.384588e-02;4.098750e-02;3.956957e-02;1.684756e-01
5.145027e-01;9.890243e-02;6.791279e-02;2.139877e-02;2.041043e-02;8.390630e-03;3.906714e-02;4.925719e-02;3.044563e-02;2.635419e-02;2.274232e-02;1.006157e-01
5.137541e-01;1.363442e-01;9.355959e-02;1.250985e-02;3.221652e-02;4.642475e-03;2.075792e-02;5.116624e-02;3.046946e-02;1.450119e-02;2.477430e-02;6.530413e-02
4.437178e-01;1.591392e-01;1.455455e-01;1.467477e-02;3.904075e-02;7.146142e-03;1.614954e-02;3.764743e-02;2.840339e-02;1.752190e-02;2.993448e-02;6.107911e-02
3.007655e-01;1.542519e-01;1.979914e-01;2.214906e-02;4.061934e-02;1.812382e-02;4.345645e-02;3.189508e-02;3.397371e-02;3.723694e-02;4.482235e-02;7.471449e-02
1.470979e-01;1.439137e-01;2.040818e-01;2.523886e-02;4.262327e-02;3.571996e-02;8.474115e-02;3.992428e-02;6.892333e-02;6.425688e-02;5.214655e-02;9.133232e-02
3.090639e-01;1.325868e-01;9.560199e-02;2.845521e-02;5.167873e-02;3.184042e-02;7.753464e-02;4.953440e-02;5.704663e-02;5.764982e-02;3.555531e-02;7.345215e-02
3.165000e-01;1.129074e-01;1.235456e-01;1.815115e-02;5.197610e-02;1.639909e-02;8.020593e-02;7.538353e-02;4.859979e-02;3.459911e-02;3.775205e-02;8.398015e-02
2.580771e-01;6.423386e-02;2.295426e-01;2.601718e-02;6.987562e-02;1.786647e-02;7.840637e-02;4.498021e-02;3.842901e-02;2.898757e-02;5.678673e-02;8.679719e-02
1.671680e-01;9.919941e-02;2.604111e-01;4.491261e-02;6.001545e-02;1.929935e-02;6.818683e-02;2.457279e-02;6.010820e-02;5.855143e-02;7.011558e-02;6.745923e-02
1.396727e-01;1.092154e-01;2.577894e-01;6.000242e-02;4.606305e-02;2.410704e-02;7.960347e-02;4.142477e-02;4.140839e-02;5.074910e-02;7.077826e-02;7.918593e-02
1.596676e-01;5.024787e-02;1.170247e-01;7.603884e-02;7.036915e-02;7.426878e-02;9.675349e-02;7.175549e-02;7.846332e-02;8.405848e-02;7.658564e-02;4.476662e-02
1.070173e-01;8.180932e-02;1.133876e-01;7.302237e-02;7.294077e-02;8.007993e-02;1.343765e-01;7.039305e-02;8.069553e-02;8.996943e-02;6.986232e-02;2.644597e-02
9.021102e-02;1.099614e-01;8.308150e-02;5.627963e-02;6.468007e-02;7.833000e-02;1.435987e-01;8.958331e-02;1.050966e-01;7.563829e-02;6.811946e-02;3.542004e-02
1.093622e-01;1.069653e-01;1.903831e-01;3.784722e-02;4.910645e-02;5.831091e-02;7.182878e-02;9.232660e-02;9.719586e-02;6.752799e-02;5.286969e-02;6.627588e-02
1.611938e-01;7.993063e-02;2.501629e-01;3.578849e-02;4.314226e-02;3.323629e-02;1.027151e-01;6.773105e-02;5.863263e-02;4.870160e-02;4.537297e-02;7.339237e-02
1.956294e-01;6.862415e-02;2.030613e-01;4.910323e-02;3.117712e-02;1.920338e-02;1.173360e-01;5.315208e-02;5.401113e-02;4.955732e-02;6.388888e-02;9.525603e-02
1.980149e-01;4.278995e-02;1.163848e-01;6.587173e-02;1.649046e-02;2.122080e-02;1.494448e-01;4.338616e-02;5.055987e-02;5.535870e-02;8.460692e-02;1.558709e-01
1.496079e-01;1.418776e-02;8.245143e-02;6.109047e-02;1.848369e-02;3.890053e-02;1.568117e-01;4.151922e-02;4.532190e-02;6.856517e-02;1.399817e-01;1.830785e-01
1.019892e-01;2.157267e-02;7.378796e-02;2.981684e-02;3.375819e-02;8.208874e-02;8.742592e-02;3.348552e-02;5.700532e-02;1.017032e-01;2.327360e-01;1.446305e-01
4.139724e-02;3.736579e-02;7.060663e-02;2.503966e-02;4.510580e-02;1.058034e-01;4.199284e-02;3.351125e-02;6.329893e-02;1.607140e-01;2.866766e-01;8.848786e-02
3.592050e-02;6.569326e-02;6.092962e-02;4.984742e-02;5.063758e-02;6.779778e-02;6.675022e-02;4.428880e-02;5.827480e-02;2.209389e-01;2.283659e-01;5.055522e-02
6.978691e-02;7.462192e-02;5.440520e-02;6.852220e-02;4.791439e-02;3.358333e-02;1.006687e-01;4.587318e-02;8.524320e-02;2.311527e-01;1.494542e-01;3.877404e-02
8.012065e-02;4.349682e-02;8.192968e-02;8.539829e-02;4.102992e-02;2.749304e-02;1.426251e-01;5.171068e-02;1.146189e-01;2.084574e-01;8.238483e-02;4.073475e-02
4.381229e-02;3.391051e-02;1.443375e-01;9.736957e-02;5.447616e-02;3.176187e-02;1.312716e-01;5.327952e-02;1.205897e-01;1.573562e-01;8.012254e-02;5.171252e-02
3.234149e-02;5.623017e-02;1.844554e-01;9.205662e-02;6.871831e-02;2.767744e-02;1.226211e-01;7.398272e-02;1.002768e-01;1.224063e-01;6.614470e-02;5.308913e-02
5.206534e-02;5.641557e-02;1.447554e-01;5.612320e-02;9.911320e-02;5.310082e-02;1.264584e-01;9.638211e-02;9.829353e-02;1.111370e-01;3.496426e-02;7.119127e-02
7.319281e-02;4.703144e-02;1.830922e-01;4.865145e-02;6.435583e-02;5.765646e-02;1.169981e-01;7.225897e-02;9.015950e-02;1.390284e-01;6.166486e-02;4.590988e-02
6.866450e-02;6.441529e-02;2.061245e-01;8.954259e-02;5.370482e-02;3.500855e-02;1.012989e-01;5.339368e-02;7.944012e-02;1.298176e-01;6.803904e-02;5.055035e-02
9.762622e-02;5.799325e-02;1.166047e-01;1.380925e-01;8.228578e-02;2.634113e-02;7.429972e-02;4.393146e-02;8.324314e-02;1.585175e-01;7.038337e-02;5.068111e-02
9.132983e-02;7.535397e-02;5.134321e-02;1.079244e-01;1.027442e-01;3.628145e-02;5.759082e-02;2.768789e-02;7.887453e-02;2.216091e-01;1.163739e-01;3.288664e-02
6.157187e-02;1.148297e-01;4.983612e-02;5.740936e-02;9.363008e-02;6.547756e-02;2.905088e-02;1.303863e-02;4.268853e-02;2.581260e-01;1.910869e-01;2.325437e-02
2.725956e-02;9.792756e-02;4.674448e-02;2.622517e-02;6.447142e-02;9.842132e-02;2.307226e-02;9.030383e-03;2.462429e-02;2.397008e-01;3.041893e-01;3.833346e-02
2.499538e-02;4.923877e-02;8.755743e-02;1.485098e-02;3.678939e-02;1.151073e-01;2.058606e-02;7.148748e-03;2.520990e-02;1.610585e-01;3.964758e-01;6.098181e-02
1.612666e-02;2.813421e-02;1.074241e-01;9.912693e-03;3.618847e-02;1.219819e-01;2.392446e-02;6.291416e-03;2.242418e-02;1.073959e-01;4.560661e-01;6.412989e-02
3.431572e-02;2.124142e-02;1.358323e-01;1.251298e-02;3.079048e-02;1.234295e-01;2.933417e-02;6.364659e-03;2.347709e-02;7.341492e-02;4.648610e-01;4.442560e-02
2.864934e-02;2.457460e-02;1.747817e-01;1.374164e-02;2.383421e-02;1.197266e-01;3.167271e-02;7.954715e-03;2.191622e-02;7.851549e-02;4.209895e-01;5.364335e-02
2.902709e-02;1.430961e-02;2.260168e-01;2.182384e-02;2.248897e-02;1.191729e-01;3.143266e-02;1.208839e-02;1.788988e-02;7.867101e-02;3.817179e-01;4.536098e-02
2.754848e-02;2.805909e-02;2.262010e-01;3.399502e-02;2.895173e-02;1.034220e-01;4.171325e-02;1.422264e-02;2.672187e-02;1.190745e-01;3.035685e-01;4.652191e-02
2.497697e-02;2.217904e-02;2.027356e-01;5.762912e-02;4.660802e-02;9.191830e-02;5.000702e-02;2.048017e-02;4.758329e-02;1.564498e-01;2.311839e-01;4.824872e-02
3.434505e-02;3.748646e-02;1.437726e-01;5.916544e-02;5.799599e-02;8.790812e-02;8.448130e-02;3.531593e-02;9.199498e-02;1.578565e-01;1.608522e-01;4.882548e-02
4.670443e-02;7.559777e-02;1.110161e-01;3.988934e-02;6.149483e-02;6.329993e-02;1.138852e-01;7.554402e-02;1.608886e-01;1.310087e-01;8.707996e-02;3.359115e-02
2.379661e-02;5.738646e-02;9.867681e-02;3.529293e-02;5.608975e-02;4.235634e-02;1.429818e-01;9.565943e-02;2.188362e-01;1.513036e-01;5.112520e-02;2.649492e-02
3.415771e-02;6.258109e-02;8.141296e-02;3.646484e-02;4.369283e-02;4.336260e-02;1.166535e-01;8.810912e-02;1.518771e-01;2.482791e-01;5.952003e-02;3.388910e-02
4.092009e-02;6.563602e-02;8.033174e-02;3.898752e-02;5.618527e-02;5.721255e-02;8.515533e-02;8.585487e-02;1.512772e-01;2.374677e-01;7.112566e-02;2.984605e-02
6.311422e-02;4.578649e-02;7.360727e-02;5.719770e-02;7.559267e-02;6.481291e-02;7.191790e-02;7.449234e-02;1.735681e-01;1.774460e-01;7.232449e-02;5.013991e-02
5.786407e-02;8.562969e-02;1.020028e-01;6.321375e-02;6.806891e-02;9.045224e-02;6.137709e-02;7.377636e-02;1.670173e-01;1.392975e-01;5.555360e-02;3.574667e-02
6.858087e-02;7.440202e-02;1.244085e-01;5.159283e-02;4.150625e-02;7.873780e-02;6.153921e-02;6.863363e-02;1.772055e-01;1.167615e-01;9.256877e-02;4.406315e-02
8.562727e-02;6.010033e-02;1.060314e-01;5.829310e-02;3.480387e-02;5.648811e-02;5.923667e-02;6.949206e-02;1.835392e-01;1.233858e-01;7.928111e-02;8.372104e-02
9.247927e-02;7.524970e-02;8.747558e-02;4.762844e-02;4.866035e-02;5.450593e-02;8.693720e-02;6.369346e-02;1.614114e-01;9.754686e-02;8.512485e-02;9.928696e-02
7.187125e-02;6.744965e-02;1.033456e-01;3.432810e-02;5.989844e-02;5.947227e-02;1.270956e-01;4.845988e-02;1.579244e-01;1.042698e-01;8.054215e-02;8.534285e-02
5.171331e-02;5.796647e-02;1.004707e-01;3.686244e-02;7.035808e-02;6.353530e-02;1.274516e-01;5.642144e-02;1.769276e-01;1.085525e-01;6.658867e-02;8.315186e-02
9.870707e-02;6.012740e-02;1.076553e-01;5.373428e-02;5.912491e-02;7.299742e-02;1.033683e-01;6.023461e-02;1.389346e-01;8.261700e-02;8.229918e-02;8.019989e-02
1.217326e-01;5.938839e-02;1.143377e-01;4.446008e-02;5.044851e-02;7.410020e-02;1.251336e-01;4.093508e-02;7.669926e-02;7.231860e-02;1.234275e-01;9.701844e-02
9.453775e-02;5.369084e-02;1.176420e-01;1.716671e-02;4.934931e-02;1.101446e-01;9.399052e-02;1.710406e-02;5.565415e-02;1.096243e-01;1.908247e-01;9.027113e-02
5.230960e-02;4.903148e-02;9.590960e-02;2.226836e-02;6.332757e-02;1.493550e-01;6.361435e-02;3.501087e-02;4.989825e-02;1.555976e-01;2.117893e-01;5.188799e-02
2.603495e-02;7.625526e-02;5.945986e-02;1.920474e-02;1.096474e-01;1.348490e-01;2.299476e-02;4.755929e-02;6.474316e-02;2.128499e-01;1.802885e-01;4.611325e-02
3.348036e-02;1.293295e-01;1.805247e-02;4.863055e-02;1.452913e-01;8.156405e-02;3.091215e-02;4.174040e-02;3.773316e-02;2.593818e-01;1.081701e-01;6.571413e-02
5.228563e-02;1.367092e-01;3.067444e-02;8.201299e-02;1.565700e-01;4.248964e-02;3.049405e-02;3.873795e-02;6.042617e-02;2.367197e-01;7.133698e-02;6.154317e-02
6.506582e-02;1.008118e-01;3.741361e-02;1.167748e-01;1.549186e-01;3.265690e-02;2.989744e-02;3.295222e-02;8.093499e-02;2.129270e-01;7.761677e-02;5.803001e-02
8.264378e-02;4.841903e-02;3.685131e-02;1.330437e-01;1.476443e-01;2.852319e-02;2.904216e-02;3.378082e-02;6.015977e-02;2.376502e-01;1.009527e-01;6.128900e-02
8.577819e-02;5.654425e-02;6.945717e-02;1.045186e-01;1.121131e-01;1.698918e-02;3.909744e-02;5.337969e-02;8.441550e-02;2.313695e-01;9.699300e-02;4.934446e-02
7.037394e-02;7.032277e-02;7.498211e-02;6.482088e-02;9.469235e-02;1.811658e-02;5.300738e-02;5.489298e-02;9.374826e-02;2.580461e-01;1.092469e-01;3.774981e-02
6.036542e-02;7.236561e-02;5.711826e-02;3.281951e-02;1.021530e-01;2.490415e-02;5.184442e-02;3.917623e-02;7.694790e-02;3.261125e-01;1.283544e-01;2.783857e-02
4.185136e-02;5.949593e-02;4.904476e-02;1.817212e-02;9.367608e-02;2.104460e-02;3.749074e-02;3.618299e-02;7.574802e-02;3.768429e-01;1.499889e-01;4.046161e-02
1.825983e-02;3.823807e-02;4.063474e-02;1.810838e-02;8.014958e-02;2.275526e-02;3.883078e-02;3.376507e-02;9.240193e-02;3.979771e-01;1.803652e-01;3.851412e-02
2.283008e-02;3.205558e-02;4.503483e-02;1.117691e-02;6.883828e-02;3.558025e-02;3.580055e-02;3.489398e-02;6.961610e-02;3.849741e-01;2.252966e-01;3.390276e-02
2.503029e-02;3.626360e-02;3.621130e-02;3.070953e-02;5.316656e-02;4.301251e-02;4.169016e-02;2.997651e-02;5.564043e-02;3.355625e-01;2.819861e-01;3.075050e-02
2.869541e-02;2.452785e-02;4.794431e-02;3.992086e-02;3.630283e-02;6.323241e-02;5.552355e-02;1.748946e-02;4.041663e-02;2.704477e-01;3.291384e-01;4.636064e-02
2.361253e-02;1.910787e-02;5.215312e-02;3.476738e-02;2.801105e-02;8.442358e-02;5.273266e-02;1.597414e-02;3.722366e-02;2.089462e-01;3.737854e-01;6.926250e-02
4.533871e-02;9.591511e-03;6.068279e-02;1.907410e-02;1.851678e-02;9.839225e-02;5.022027e-02;1.017705e-02;3.038650e-02;1.537704e-01;3.968236e-01;1.070260e-01
8.973989e-02;2.102169e-02;9.720651e-02;1.473154e-02;2.243559e-02;7.824804e-02;5.815656e-02;1.691123e-02;3.089389e-02;1.197494e-01;3.224340e-01;1.284716e-01
1.318958e-01;4.921318e-02;1.537182e-01;2.523205e-02;4.127237e-02;4.691571e-02;9.145481e-02;2.646828e-02;3.039082e-02;1.009522e-01;1.992886e-01;1.031980e-01
1.392520e-01;6.523667e-02;2.028726e-01;3.962126e-02;5.218979e-02;2.904478e-02;1.121470e-01;2.809794e-02;3.281684e-02;8.838938e-02;1.241138e-01;8.621792e-02
1.210474e-01;6.751831e-02;2.505936e-01;4.997069e-02;5.608133e-02;2.194035e-02;1.153600e-01;2.073213e-02;4.039409e-02;9.222061e-02;7.760061e-02;8.654097e-02
1.770291e-01;5.387082e-02;1.866010e-01;4.018069e-02;6.498235e-02;3.309539e-02;6.246249e-02;2.988025e-02;5.057321e-02;1.023163e-01;1.326154e-01;6.639302e-02
1.428053e-01;1.023295e-01;1.682136e-01;3.444824e-02;4.298682e-02;2.370455e-02;7.482480e-02;2.001362e-02;5.305419e-02;1.109059e-01;1.387860e-01;8.792750e-02
1.048745e-01;7.832824e-02;1.523807e-01;5.750418e-02;6.683792e-02;5.986507e-02;3.552285e-02;3.197472e-02;8.186054e-02;1.173825e-01;1.195775e-01;9.389127e-02
1.016674e-01;6.861025e-02;1.856377e-01;4.725267e-02;5.583035e-02;6.921478e-02;8.942739e-02;7.104278e-02;6.976090e-02;7.689237e-02;8.164597e-02;8.301743e-02
6.171830e-02;5.921850e-02;1.334700e-01;3.926383e-02;7.562874e-02;7.208715e-02;1.285414e-01;8.091225e-02;7.401712e-02;8.998631e-02;9.965639e-02;8.549995e-02
1.116989e-01;7.528437e-02;1.100425e-01;3.328664e-02;4.835877e-02;6.942977e-02;1.629521e-01;8.867347e-02;7.345660e-02;9.251160e-02;7.139843e-02;6.290686e-02
1.207659e-01;8.710399e-02;1.529136e-01;4.895905e-02;4.013265e-02;7.728052e-02;1.369977e-01;8.497771e-02;4.915866e-02;9.408729e-02;5.146131e-02;5.616171e-02
9.618462e-02;7.692372e-02;1.580681e-01;4.731571e-02;5.560635e-02;1.174617e-01;1.094099e-01;5.895485e-02;4.967298e-02;7.731199e-02;1.033398e-01;4.975035e-02
7.587274e-02;6.801152e-02;1.220791e-01;3.996691e-02;6.512175e-02;1.765863e-01;9.589275e-02;4.435508e-02;3.866236e-02;7.360824e-02;1.567670e-01;4.307624e-02
4.458167e-02;5.761658e-02;7.093041e-02;2.868348e-02;6.994005e-02;2.600473e-01;5.452406e-02;2.353259e-02;3.212387e-02;9.309173e-02;2.361387e-01;2.878955e-02
2.261609e-02;4.584029e-02;3.560710e-02;1.833494e-02;1.033210e-01;2.564767e-01;4.973641e-02;3.640718e-02;1.816107e-02;1.433063e-01;2.512526e-01;1.894038e-02
2.127171e-02;7.046426e-02;2.918692e-02;1.621962e-02;1.467330e-01;1.920329e-01;3.381721e-02;5.049201e-02;2.184977e-02;2.038532e-01;2.021459e-01;1.193357e-02
9.019354e-03;6.519456e-02;3.479078e-02;2.131075e-02;1.582099e-01;1.730446e-01;3.786633e-02;5.777885e-02;3.754856e-02;2.108185e-01;1.794016e-01;1.501627e-02
2.662710e-02;5.092965e-02;5.983410e-02;4.344604e-02;1.404257e-01;1.526573e-01;6.379255e-02;6.300969e-02;4.524629e-02;1.764728e-01;1.563580e-01;2.120078e-02
5.733937e-02;4.558537e-02;1.014285e-01;5.376562e-02;9.243369e-02;1.497093e-01;1.112724e-01;5.628149e-02;5.550378e-02;1.315351e-01;1.133880e-01;3.175751e-02
5.307011e-02;3.888512e-02;8.890087e-02;3.691075e-02;3.742233e-02;1.918824e-01;1.636456e-01;3.765905e-02;2.859339e-02;1.234328e-01;1.607558e-01;3.884174e-02
1.678914e-02;4.923129e-02;8.397294e-02;2.251467e-02;6.518193e-02;2.032077e-01;9.740312e-02;1.573162e-02;3.836776e-02;1.151862e-01;2.462317e-01;4.618204e-02
1.253611e-02;6.352860e-02;8.046599e-02;1.006325e-02;1.143114e-01;2.132584e-01;5.319145e-02;6.705110e-03;1.655826e-02;1.103959e-01;2.813464e-01;3.763917e-02
