1.610446e-01;7.053400e-02;1.029610e-01;5.648615e-02;7.352731e-02;3.484304e-02;7.517114e-02;3.480703e-02;7.867895e-02;7.673465e-02;1.037577e-01;1.314545e-01
1.194733e-01;5.772860e-02;1.452555e-01;4.941535e-02;6.441481e-02;4.570270e-02;1.586844e-01;4.181474e-02;5.387857e-02;9.222800e-02;9.524744e-02;7.615653e-02
1.018282e-01;7.452286e-02;1.946663e-01;3.369799e-02;3.802743e-02;3.305200e-02;1.399872e-01;4.296776e-02;6.265832e-02;1.305059e-01;8.345939e-02;6.462662e-02
8.501378e-02;9.542004e-02;2.513927e-01;2.865239e-02;2.981178e-02;2.270279e-02;1.333727e-01;3.911725e-02;6.134081e-02;1.425322e-01;6.561491e-02;4.502860e-02
7.758076e-02;1.179305e-01;3.094611e-01;2.028108e-02;2.256196e-02;2.675503e-02;1.034760e-01;2.908641e-02;5.593479e-02;1.337615e-01;3.579659e-02;6.737430e-02
5.710058e-02;1.109289e-01;4.214104e-01;2.292252e-02;6.327763e-03;2.022404e-02;3.987719e-02;2.428420e-02;5.036042e-02;1.339833e-01;3.493794e-02;7.764274e-02
3.275823e-02;7.202535e-02;5.732659e-01;3.012369e-02;2.155586e-02;1.267259e-02;2.213401e-02;1.704478e-02;1.929611e-02;1.392081e-01;2.171382e-02;3.820151e-02
4.392359e-02;3.293381e-02;6.084458e-01;3.658456e-02;2.824620e-02;1.290525e-02;2.016400e-02;1.586912e-02;2.370350e-02;1.334955e-01;1.953725e-02;2.419139e-02
7.196004e-02;8.394374e-02;5.206681e-01;5.114799e-02;2.399641e-02;1.651887e-02;2.283129e-02;2.062499e-02;3.599328e-02;8.770054e-02;2.696389e-02;3.765083e-02
1.058198e-01;1.513104e-01;4.419985e-01;4.939403e-02;2.246472e-02;2.208435e-02;1.596729e-02;2.242067e-02;5.035723e-02;6.887082e-02;2.086950e-02;2.844268e-02
1.513620e-01;1.924658e-01;3.623881e-01;3.544638e-02;1.715232e-02;3.407531e-02;1.625941e-02;2.516166e-02;5.823799e-02;6.038211e-02;1.596305e-02;3.110595e-02
2.146391e-01;2.029733e-01;2.464257e-01;2.485658e-02;2.215130e-02;4.830821e-02;3.663141e-02;3.686221e-02;4.700943e-02;5.540138e-02;1.946022e-02;4.528117e-02
2.026893e-01;1.071640e-01;2.396573e-01;6.227763e-02;3.296189e-02;4.768752e-02;6.488071e-02;5.407798e-02;5.281792e-02;5.330179e-02;2.748767e-02;5.499623e-02
1.344403e-01;5.471701e-02;3.444307e-01;7.051599e-02;2.808319e-02;3.786541e-02;8.457379e-02;3.624772e-02;4.612759e-02;7.026789e-02;3.816197e-02;5.456848e-02
1.412125e-01;4.663497e-02;3.094989e-01;5.413257e-02;3.471843e-02;4.503248e-02;9.067466e-02;4.370800e-02;4.429889e-02;9.407386e-02;5.465319e-02;4.136156e-02
1.402804e-01;5.668234e-02;2.465151e-01;5.621059e-02;6.955289e-02;5.875436e-02;8.912137e-02;5.637239e-02;4.519086e-02;8.520678e-02;5.003490e-02;4.607807e-02
8.271249e-02;7.182214e-02;3.347805e-01;7.530762e-02;3.919557e-02;6.666806e-02;1.495276e-01;3.612182e-02;4.001020e-02;4.433720e-02;3.763698e-02;2.187980e-02
4.571052e-02;6.620531e-02;3.612886e-01;1.024465e-01;6.595857e-02;5.829497e-02;9.164242e-02;4.639860e-02;2.757743e-02;5.650751e-02;6.343466e-02;1.453495e-02
5.048810e-02;6.288257e-02;3.129766e-01;1.455574e-01;8.313421e-02;4.713281e-02;7.369814e-02;5.868262e-02;2.692565e-02;5.322713e-02;6.905489e-02;1.623979e-02
8.240509e-02;8.140038e-02;2.848626e-01;1.199648e-01;6.757700e-02;4.966917e-02;7.138108e-02;6.018044e-02;3.838550e-02;5.191353e-02;6.143972e-02;3.082067e-02
7.988023e-02;7.995955e-02;2.594180e-01;8.490206e-02;5.284955e-02;7.560706e-02;7.197656e-02;6.758871e-02;3.632158e-02;5.704849e-02;9.189958e-02;4.254864e-02
3.454442e-02;4.450409e-02;1.590134e-01;1.751890e-01;7.196801e-02;1.013749e-01;6.920740e-02;8.739196e-02;2.370738e-02;3.604595e-02;1.588093e-01;3.824419e-02
1.279331e-02;2.540897e-02;1.195321e-01;2.358858e-01;4.566518e-02;1.001644e-01;5.138788e-02;1.103008e-01;2.026502e-02;1.296977e-02;2.372478e-01;2.837895e-02
6.601517e-03;1.132442e-02;1.131760e-01;2.659058e-01;3.146230e-02;8.774216e-02;2.426670e-02;1.078806e-01;9.815468e-03;1.456312e-02;3.177720e-01;9.489896e-03
4.724912e-03;6.114237e-03;1.115457e-01;2.598380e-01;2.599017e-02;8.857114e-02;2.187263e-02;7.718883e-02;7.658423e-03;2.092450e-02;3.597839e-01;1.578752e-02
8.167874e-03;1.515558e-02;1.440154e-01;2.387591e-01;2.659321e-02;9.033082e-02;1.870506e-02;4.415198e-02;1.506025e-02;4.359161e-02;3.464575e-01;9.011604e-03
2.151034e-02;1.947109e-02;2.138400e-01;1.964245e-01;3.742892e-02;7.846481e-02;2.808925e-02;2.860818e-02;1.842394e-02;6.070694e-02;2.864430e-01;1.058910e-02
3.806813e-02;2.972054e-02;3.344254e-01;1.017674e-01;2.976158e-02;3.960481e-02;4.961184e-02;1.745114e-02;2.336560e-02;1.118485e-01;2.110854e-01;1.328970e-02
5.602913e-02;7.015193e-02;3.574028e-01;5.790138e-02;1.540988e-02;1.818111e-02;5.886789e-02;2.217776e-02;4.640409e-02;1.192316e-01;1.681024e-01;1.014005e-02
8.606895e-02;1.047795e-01;2.909805e-01;6.779873e-02;2.201306e-02;2.485207e-02;5.024303e-02;3.488683e-02;6.164508e-02;7.494350e-02;1.614503e-01;2.033841e-02
1.089179e-01;1.128148e-01;1.636908e-01;9.931971e-02;3.442422e-02;3.605632e-02;4.268987e-02;4.644853e-02;5.813717e-02;4.237533e-02;2.230658e-01;3.205969e-02
6.950447e-02;7.054175e-02;1.442887e-01;1.075917e-01;3.751308e-02;3.644355e-02;5.323512e-02;4.425570e-02;5.750120e-02;7.303175e-02;2.769169e-01;2.917602e-02
4.743505e-02;5.071183e-02;1.982800e-01;8.231779e-02;3.443334e-02;3.944510e-02;6.072911e-02;4.554858e-02;5.192278e-02;1.526294e-01;2.218360e-01;1.471108e-02
3.775122e-02;3.487299e-02;1.927037e-01;7.846843e-02;3.093597e-02;4.494080e-02;7.371234e-02;4.165549e-02;6.694812e-02;1.868962e-01;1.812699e-01;2.984480e-02
3.819241e-02;4.007303e-02;1.765710e-01;6.487230e-02;2.998520e-02;4.869610e-02;8.452335e-02;3.807068e-02;7.290559e-02;1.561224e-01;2.143942e-01;3.559363e-02
7.576733e-02;5.237977e-02;1.271612e-01;4.852489e-02;3.991801e-02;6.658587e-02;6.331014e-02;4.859244e-02;1.296431e-01;9.823213e-02;2.180151e-01;3.187004e-02
8.784255e-02;4.793199e-02;1.072150e-01;7.269305e-02;4.098817e-02;5.474795e-02;8.306535e-02;5.224400e-02;1.533367e-01;9.793007e-02;1.581283e-01;4.387683e-02
8.309023e-02;5.048473e-02;1.226376e-01;1.037980e-01;4.746161e-02;4.990177e-02;1.279121e-01;7.044302e-02;8.635686e-02;1.352737e-01;9.149279e-02;3.114749e-02
8.039691e-02;5.975309e-02;9.990269e-02;7.199038e-02;3.990379e-02;5.128912e-02;1.265840e-01;9.272850e-02;9.480429e-02;1.372329e-01;1.108466e-01;3.456769e-02
5.021095e-02;8.235463e-02;1.638965e-01;5.229288e-02;5.003408e-02;5.841516e-02;1.156984e-01;8.219613e-02;9.303802e-02;1.039918e-01;1.066482e-01;4.122329e-02
1.023693e-01;1.150617e-01;3.094393e-01;4.199886e-02;5.245818e-02;5.133823e-02;1.078606e-01;3.057889e-02;4.832527e-02;4.153773e-02;5.993842e-02;3.909339e-02
2.531842e-01;1.310298e-01;2.816924e-01;3.135290e-02;4.033643e-02;3.121796e-02;7.136622e-02;2.564867e-02;2.629800e-02;3.026645e-02;3.015383e-02;4.745312e-02
4.246002e-01;1.152920e-01;1.780103e-01;1.739406e-02;3.707745e-02;1.433189e-02;3.976051e-02;2.115615e-02;1.387904e-02;1.828554e-02;5.071997e-02;6.949288e-02
4.796116e-01;8.881698e-02;1.282200e-01;2.406089e-02;2.663347e-02;1.572681e-02;1.913407e-02;1.127553e-02;1.652069e-02;2.283023e-02;6.275845e-02;1.044113e-01
4.194200e-01;6.480830e-02;8.385400e-02;4.640863e-02;1.376486e-02;1.901457e-02;3.625286e-02;1.138489e-02;1.389067e-02;4.657656e-02;8.592977e-02;1.586949e-01
2.560579e-01;7.670604e-02;7.567275e-02;6.141684e-02;3.546119e-02;3.374253e-02;4.357544e-02;2.741069e-02;2.686504e-02;6.228460e-02;1.163019e-01;1.845051e-01
2.221426e-01;7.986070e-02;1.273437e-01;3.468986e-02;3.586861e-02;6.438324e-02;8.042629e-02;2.121395e-02;3.435329e-02;6.076313e-02;1.254294e-01;1.135252e-01
2.118021e-01;6.697863e-02;1.141586e-01;9.475090e-03;2.300559e-02;1.130204e-01;8.277891e-02;9.631354e-03;2.887045e-02;5.371410e-02;1.810585e-01;1.055063e-01
1.231371e-01;2.355105e-02;1.172432e-01;9.068638e-03;2.552913e-02;1.932909e-01;6.438106e-02;8.874826e-03;1.591096e-02;5.290293e-02;2.589647e-01;1.071455e-01
7.236811e-02;3.227956e-02;1.132783e-01;9.062114e-03;4.743406e-02;2.568521e-01;4.644496e-02;1.099484e-02;1.439798e-02;6.989218e-02;2.724098e-01;5.458597e-02
6.473758e-02;5.948486e-02;8.521709e-02;1.512258e-02;7.707892e-02;2.677830e-01;3.764244e-02;1.660956e-02;8.719011e-03;1.109265e-01;2.206974e-01;3.598117e-02
3.444240e-02;8.073907e-02;4.067540e-02;1.861247e-02;9.437862e-02;2.387247e-01;5.376655e-02;2.168422e-02;1.026315e-02;1.641192e-01;2.191546e-01;2.343959e-02
2.521588e-02;9.156711e-02;4.880816e-02;2.573176e-02;8.900272e-02;1.853787e-01;5.237739e-02;2.244689e-02;1.420956e-02;1.978018e-01;2.258735e-01;2.158656e-02
3.913838e-02;9.354797e-02;3.869398e-02;2.277476e-02;8.525975e-02;1.438572e-01;5.171394e-02;3.318333e-02;1.868913e-02;2.359653e-01;2.137253e-01;2.345096e-02
3.877490e-02;9.216598e-02;4.373455e-02;3.007313e-02;8.060652e-02;1.110194e-01;2.850979e-02;3.981306e-02;2.339213e-02;2.618993e-01;2.361621e-01;1.384924e-02
3.501907e-02;5.943801e-02;5.127498e-02;1.699547e-02;6.035187e-02;1.049278e-01;3.481901e-02;2.189132e-02;1.608765e-02;2.325158e-01;3.406777e-01;2.600127e-02
3.301392e-02;4.683607e-02;4.478177e-02;1.662129e-02;4.257799e-02;1.349472e-01;5.323297e-02;1.558506e-02;1.470012e-02;1.816040e-01;3.740228e-01;4.207673e-02
5.716135e-02;4.812045e-02;8.502248e-02;4.875167e-02;3.322342e-02;1.597505e-01;8.749837e-02;1.867023e-02;1.242471e-02;1.118731e-01;2.723718e-01;6.513184e-02
9.122086e-02;5.386961e-02;1.131309e-01;6.779251e-02;5.390725e-02;1.380012e-01;1.025048e-01;2.152532e-02;1.548606e-02;8.492577e-02;1.547581e-01;1.028776e-01
1.282731e-01;8.396377e-02;1.061656e-01;4.256153e-02;5.525655e-02;1.141347e-01;9.083018e-02;1.541248e-02;2.050769e-02;9.803794e-02;1.558902e-01;8.896621e-02
1.502438e-01;1.051649e-01;8.204809e-02;2.609835e-02;5.561673e-02;1.175002e-01;8.157732e-02;3.116247e-02;2.256428e-02;1.039202e-01;1.731185e-01;5.098516e-02
1.155742e-01;1.279838e-01;6.011698e-02;2.986883e-02;8.311973e-02;1.301322e-01;9.224001e-02;4.166246e-02;2.136130e-02;1.055418e-01;1.473811e-01;4.501750e-02
7.506128e-02;1.173047e-01;1.422067e-01;3.232025e-02;9.210863e-02;1.219198e-01;6.376965e-02;6.033121e-02;3.766478e-02;8.534036e-02;1.049013e-01;6.707133e-02
1.003953e-01;1.334183e-01;1.348713e-01;5.323861e-02;7.870460e-02;8.929402e-02;6.121635e-02;5.844736e-02;5.139402e-02;1.028722e-01;7.684614e-02;5.930174e-02
1.249623e-01;1.617819e-01;5.774583e-02;8.605459e-02;7.225968e-02;4.240166e-02;3.533088e-02;4.363285e-02;8.350281e-02;1.315749e-01;1.129714e-01;4.778112e-02
1.146273e-01;1.505793e-01;5.339729e-02;6.883728e-02;6.537749e-02;7.023495e-02;6.649610e-02;4.405651e-02;7.571686e-02;1.047562e-01;1.288930e-01;5.702780e-02
8.755463e-02;1.026578e-01;7.898542e-02;4.333177e-02;7.931295e-02;8.372141e-02;8.314316e-02;4.907640e-02;6.195556e-02;1.499664e-01;1.097366e-01;7.055800e-02
9.766936e-02;7.037248e-02;5.849887e-02;4.097586e-02;1.041252e-01;9.185234e-02;1.087375e-01;6.855728e-02;3.534335e-02;1.330695e-01;9.240632e-02;9.839197e-02
5.666616e-02;8.898136e-02;1.490424e-01;6.521178e-02;1.003644e-01;9.378958e-02;8.885252e-02;6.169683e-02;3.641184e-02;1.146347e-01;6.540682e-02;7.894157e-02
1.109772e-01;1.194226e-01;2.576751e-01;5.723153e-02;7.522656e-02;6.075572e-02;1.038442e-01;6.001183e-02;4.289424e-02;4.744339e-02;2.608331e-02;3.843432e-02
1.932086e-01;1.177133e-01;2.221145e-01;4.501426e-02;4.801647e-02;3.783631e-02;1.110971e-01;8.488359e-02;4.054388e-02;2.706629e-02;1.912799e-02;5.337770e-02
2.072666e-01;7.744817e-02;1.061292e-01;3.874287e-02;2.045632e-02;2.661940e-02;2.063670e-01;1.082906e-01;2.947629e-02;2.143178e-02;4.418444e-02;1.135874e-01
1.148713e-01;1.525120e-02;4.077490e-02;3.004330e-02;1.025139e-02;6.332783e-02;3.137614e-01;1.152394e-01;3.572118e-02;1.989508e-02;1.062135e-01;1.346497e-01
4.050570e-02;1.043634e-02;9.139877e-02;1.989369e-02;1.336012e-02;1.157151e-01;2.585965e-01;8.400458e-02;4.453988e-02;2.763625e-02;1.918223e-01;1.020908e-01
2.073672e-02;4.029465e-03;1.459526e-01;6.142979e-03;1.407558e-02;1.724040e-01;1.273577e-01;4.277771e-02;3.950694e-02;3.959108e-02;3.119738e-01;7.545145e-02
1.885890e-02;7.163536e-03;1.764676e-01;5.297822e-03;1.458147e-02;2.010774e-01;3.326624e-02;2.379735e-02;2.409840e-02;4.481369e-02;3.918844e-01;5.869321e-02
1.769543e-02;6.930279e-03;1.924242e-01;3.820281e-03;1.554124e-02;2.104237e-01;4.864277e-02;1.655306e-02;1.186452e-02;4.046101e-02;4.069638e-01;2.867970e-02
1.569905e-02;1.578029e-02;1.988402e-01;4.194052e-03;1.345578e-02;2.137845e-01;4.315416e-02;1.064260e-02;1.006759e-02;3.630203e-02;4.150115e-01;2.306825e-02
1.947189e-02;3.163676e-02;1.909558e-01;4.972960e-03;1.924618e-02;2.002024e-01;1.099470e-02;1.019980e-02;1.126296e-02;5.281533e-02;4.230298e-01;2.521146e-02
1.741198e-02;3.153823e-02;2.128995e-01;5.710206e-03;1.966212e-02;1.701615e-01;2.905405e-02;6.563253e-03;1.322886e-02;4.623305e-02;4.224545e-01;2.508271e-02
1.377444e-02;2.367948e-02;2.692558e-01;4.206112e-03;1.604556e-02;1.457994e-01;1.854015e-02;6.105097e-03;1.271847e-02;3.317830e-02;4.270761e-01;2.962100e-02
1.205207e-02;7.389862e-03;3.001259e-01;7.358826e-03;9.313143e-03;1.317732e-01;2.302340e-02;5.166911e-03;1.383883e-02;2.247677e-02;4.314410e-01;3.604017e-02
1.390045e-02;5.477664e-03;2.732402e-01;1.009207e-02;8.957154e-03;1.125492e-01;4.656465e-02;6.185716e-03;1.675607e-02;1.689366e-02;4.092883e-01;8.009494e-02
5.746680e-03;2.954645e-03;2.417412e-01;6.449391e-03;9.604790e-03;9.038810e-02;5.792263e-02;6.545269e-03;2.127502e-02;2.098304e-02;4.160376e-01;1.203516e-01
1.010197e-02;6.069636e-03;2.257359e-01;1.698907e-02;1.022662e-02;5.721874e-02;6.477520e-02;9.738265e-03;2.648405e-02;1.124152e-02;3.891296e-01;1.722894e-01
1.379094e-02;6.744951e-03;1.917567e-01;2.953389e-02;9.248246e-03;3.483539e-02;8.126789e-02;9.491285e-03;2.329797e-02;1.094269e-02;3.289838e-01;2.601064e-01
1.936438e-02;1.165260e-02;1.036657e-01;7.124967e-02;6.421051e-03;2.129757e-02;1.129811e-01;1.348594e-02;1.392425e-02;1.008472e-02;2.307648e-01;3.851082e-01
4.619980e-02;1.351270e-02;2.772142e-02;1.170154e-01;4.363924e-03;1.399866e-02;1.543198e-01;3.465324e-02;7.553625e-03;1.539682e-02;1.296633e-01;4.356013e-01
1.046322e-01;1.012494e-02;9.233372e-03;1.165591e-01;1.723458e-02;2.008342e-02;1.870258e-01;7.403236e-02;1.940253e-02;2.719517e-02;5.532459e-02;3.591520e-01
2.220199e-01;4.606928e-02;2.116021e-02;5.292289e-02;4.983290e-02;3.262916e-02;1.409419e-01;1.288964e-01;7.251368e-02;2.987143e-02;2.116437e-02;1.819779e-01
2.092623e-01;1.083428e-01;6.073762e-02;2.331000e-02;4.707061e-02;5.909701e-02;6.669879e-02;1.063640e-01;1.616264e-01;5.250125e-02;2.891039e-02;7.607885e-02
1.071021e-01;1.169445e-01;1.112465e-01;3.239703e-02;1.709365e-02;7.088758e-02;4.388235e-02;5.032372e-02;1.924067e-01;1.354208e-01;8.330929e-02;3.898577e-02
3.931636e-02;6.658351e-02;1.201738e-01;4.134730e-02;3.382519e-02;5.048334e-02;7.010957e-02;5.246017e-02;1.317846e-01;1.787428e-01;1.715516e-01;4.362181e-02
5.538013e-02;2.585212e-02;7.007062e-02;3.709643e-02;6.257840e-02;5.882925e-02;7.480521e-02;6.523187e-02;1.154914e-01;1.291122e-01;1.542825e-01;1.512699e-01
1.292770e-01;3.218238e-02;4.645580e-02;3.240933e-02;6.163031e-02;9.027229e-02;7.152075e-02;2.767944e-02;1.419998e-01;1.183379e-01;7.501891e-02;1.732161e-01
1.403155e-01;5.630248e-02;4.577153e-02;2.983865e-02;2.628563e-02;7.572111e-02;1.067382e-01;4.397915e-02;1.015551e-01;1.295170e-01;1.485806e-01;9.539505e-02
1.522970e-01;7.938800e-02;6.228492e-02;2.811266e-02;2.724520e-02;5.318164e-02;8.264714e-02;3.774448e-02;1.030704e-01;1.060594e-01;1.595147e-01;1.084545e-01
1.872483e-01;1.410040e-01;8.338775e-02;4.179670e-02;3.273369e-02;5.092017e-02;5.806863e-02;3.136372e-02;1.058749e-01;7.457337e-02;1.203155e-01;7.271317e-02
1.815653e-01;1.731889e-01;5.675408e-02;4.993016e-02;3.122553e-02;6.078064e-02;5.792648e-02;4.751862e-02;7.841565e-02;7.085237e-02;1.001381e-01;9.170408e-02
9.486080e-02;1.428058e-01;1.912518e-01;5.148309e-02;2.812340e-02;6.631850e-02;6.190149e-02;3.994823e-02;9.822123e-02;6.498499e-02;7.283180e-02;8.726880e-02
7.107028e-02;8.694599e-02;2.248838e-01;7.512017e-02;4.438477e-02;6.194743e-02;6.297111e-02;5.296739e-02;7.947433e-02;5.782340e-02;8.571613e-02;9.669519e-02
9.952322e-02;5.673572e-02;1.320970e-01;9.231867e-02;7.515642e-02;4.139191e-02;5.930393e-02;5.671351e-02;8.526073e-02;6.156528e-02;1.481819e-01;9.175166e-02
8.973504e-02;4.814539e-02;7.819749e-02;9.014571e-02;9.515864e-02;2.521971e-02;4.152366e-02;5.749533e-02;9.035695e-02;9.347396e-02;1.564602e-01;1.340880e-01
8.971382e-02;6.121333e-02;9.525803e-02;7.160403e-02;1.325502e-01;2.979267e-02;6.444456e-02;4.924630e-02;6.606662e-02;6.647949e-02;1.245228e-01;1.491082e-01
6.895919e-02;3.601674e-02;1.882314e-01;1.251758e-01;1.130514e-01;6.180372e-02;7.144422e-02;3.533298e-02;2.690331e-02;3.350930e-02;1.454875e-01;9.408441e-02
4.324150e-02;5.514532e-02;3.483820e-01;1.299070e-01;6.824805e-02;5.018288e-02;4.332466e-02;1.413644e-02;2.653017e-02;4.439905e-02;1.345473e-01;4.195574e-02
1.275825e-01;1.741260e-01;3.733849e-01;5.923884e-02;1.856542e-02;2.715685e-02;2.031272e-02;9.216284e-03;3.776342e-02;5.238348e-02;7.034648e-02;2.992318e-02
3.066919e-01;2.266402e-01;2.218183e-01;1.469370e-02;1.356911e-02;1.667014e-02;1.928793e-02;1.545755e-02;3.125672e-02;2.851174e-02;3.999628e-02;6.540643e-02
3.686952e-01;1.653340e-01;6.021471e-02;1.922242e-02;2.175800e-02;2.143656e-02;2.196563e-02;1.874897e-02;3.535295e-02;5.295202e-02;8.815157e-02;1.261680e-01
2.351310e-01;5.858655e-02;5.127717e-02;2.279652e-02;3.273115e-02;3.074637e-02;5.595396e-02;3.277523e-02;9.023828e-02;1.390348e-01;1.353192e-01;1.154097e-01
1.171108e-01;4.226870e-02;7.859256e-02;1.649733e-02;3.273587e-02;4.202919e-02;1.797497e-01;8.018152e-02;1.426319e-01;1.369974e-01;7.479062e-02;5.641442e-02
1.146876e-01;6.887524e-02;8.929484e-02;2.528455e-02;6.359125e-02;7.421454e-02;2.182790e-01;6.532897e-02;8.672790e-02;6.069019e-02;4.892401e-02;8.410193e-02
1.087576e-01;8.342420e-02;1.390529e-01;7.340948e-02;8.415557e-02;7.527457e-02;1.119763e-01;4.509642e-02;3.817822e-02;2.871039e-02;9.568332e-02;1.162810e-01
7.878929e-02;7.641108e-02;2.030483e-01;9.297366e-02;5.890230e-02;5.228914e-02;7.396538e-02;5.470887e-02;5.969224e-02;8.280844e-02;1.040360e-01;6.237527e-02
4.284750e-02;5.980479e-02;3.031246e-01;6.611461e-02;3.841270e-02;4.569823e-02;6.712580e-02;3.184758e-02;1.038310e-01;1.614984e-01;4.198367e-02;3.771112e-02
3.568808e-02;1.091821e-01;2.722096e-01;3.685671e-02;2.051276e-02;9.063389e-02;4.403914e-02;8.613816e-03;1.858241e-01;1.319202e-01;2.244861e-02;4.207104e-02
4.270469e-02;1.682053e-01;1.426028e-01;2.754967e-02;1.403973e-02;1.333814e-01;4.173906e-02;1.619301e-02;2.874992e-01;6.089615e-02;1.858061e-02;4.660843e-02
2.591418e-02;1.776938e-01;1.468735e-01;2.468267e-02;1.510345e-02;1.346618e-01;3.555866e-02;1.060804e-02;3.134849e-01;5.609427e-02;1.321533e-02;4.610940e-02
1.701509e-02;1.467665e-01;2.433689e-01;2.849843e-02;1.341334e-02;1.084426e-01;2.938446e-02;9.003092e-03;2.610687e-01;9.738631e-02;8.645860e-03;3.700661e-02
1.963084e-02;9.726459e-02;3.350797e-01;2.817443e-02;1.035841e-02;6.788754e-02;2.692551e-02;7.905806e-03;1.824675e-01;1.903117e-01;3.715409e-03;3.027864e-02
2.075746e-02;5.215310e-02;4.087026e-01;2.253949e-02;1.367112e-02;4.107044e-02;4.435870e-02;5.024312e-03;1.010280e-01;2.611691e-01;7.110330e-03;2.241531e-02
4.994384e-02;6.714296e-02;4.291259e-01;2.349110e-02;2.062545e-02;2.982816e-02;5.343978e-02;8.426194e-03;4.273518e-02;2.390985e-01;1.415301e-02;2.198989e-02
1.068924e-01;1.103950e-01;3.774732e-01;2.428701e-02;2.213397e-02;3.490453e-02;6.898747e-02;2.142865e-02;2.184496e-02;1.441368e-01;4.053605e-02;2.698001e-02
1.182407e-01;1.206235e-01;2.794715e-01;4.656233e-02;6.029250e-02;7.013573e-02;9.421183e-02;4.282025e-02;2.795704e-02;4.808985e-02;5.450943e-02;3.708535e-02
5.684708e-02;7.736929e-02;2.357393e-01;5.668427e-02;1.312231e-01;1.148796e-01;1.160101e-01;3.816121e-02;3.924981e-02;5.411745e-02;2.216821e-02;5.755060e-02
2.828228e-02;5.700118e-02;2.822828e-01;3.522686e-02;1.484689e-01;1.169236e-01;1.024230e-01;2.054118e-02;5.309576e-02;6.598241e-02;2.846928e-02;6.130277e-02
1.787029e-02;4.558455e-02;3.147947e-01;6.114465e-02;1.313949e-01;1.062171e-01;1.061207e-01;1.627983e-02;5.813281e-02;6.412347e-02;1.992078e-02;5.841620e-02
2.150677e-02;5.603945e-02;3.645553e-01;6.601132e-02;8.909377e-02;8.580908e-02;1.095286e-01;1.861675e-02;5.059350e-02;6.665833e-02;2.562613e-02;4.596104e-02
4.849216e-02;6.754846e-02;4.020052e-01;6.339716e-02;4.990658e-02;5.619210e-02;9.558597e-02;1.698240e-02;4.972118e-02;8.788840e-02;2.228450e-02;3.999589e-02
4.921161e-02;6.243696e-02;3.433532e-01;4.719587e-02;1.030582e-01;6.561339e-02;8.474536e-02;1.231606e-02;4.493272e-02;1.175812e-01;3.088549e-02;3.866996e-02
4.038778e-02;6.026500e-02;3.212045e-01;4.320054e-02;1.265391e-01;8.017770e-02;5.758367e-02;2.142518e-02;3.941586e-02;1.433628e-01;2.468999e-02;4.174786e-02
4.959011e-02;6.859982e-02;3.447804e-01;4.481705e-02;1.193445e-01;6.380242e-02;3.925427e-02;2.036211e-02;5.607692e-02;1.216364e-01;2.853152e-02;4.320448e-02
3.670359e-02;7.435444e-02;3.337220e-01;4.288433e-02;1.099887e-01;9.126680e-02;4.822889e-02;2.122622e-02;9.096277e-02;7.592612e-02;3.110391e-02;4.363229e-02
6.172707e-02;7.882395e-02;2.320715e-01;5.520650e-02;9.046070e-02;8.575635e-02;1.237288e-01;3.885707e-02;5.469462e-02;7.835212e-02;4.698754e-02;5.333383e-02
8.184562e-02;8.696149e-02;1.421869e-01;7.232006e-02;5.225366e-02;4.022917e-02;1.292242e-01;3.457867e-02;1.417535e-01;1.208002e-01;5.723807e-02;4.060850e-02
7.829788e-02;5.167503e-02;7.282007e-02;1.012534e-01;2.847015e-02;2.742064e-02;1.232103e-01;3.826387e-02;2.735086e-01;1.238546e-01;5.171145e-02;2.951404e-02
5.213231e-02;2.224632e-02;3.024276e-02;1.461283e-01;1.635122e-02;2.142482e-02;7.332058e-02;3.931664e-02;4.486107e-01;1.029277e-01;2.822405e-02;1.907453e-02
1.761989e-02;9.990838e-03;5.290264e-02;1.335525e-01;7.259493e-03;2.507541e-02;5.225059e-02;1.179807e-01;5.098274e-01;4.406313e-02;1.447930e-02;1.499806e-02
5.444832e-03;5.051521e-03;1.072616e-01;6.328734e-02;6.814151e-03;3.132088e-02;6.779777e-02;2.268350e-01;3.989045e-01;4.418514e-02;9.762261e-03;3.333503e-02
3.890770e-03;1.044243e-02;1.295503e-01;2.627618e-02;8.778945e-03;2.222577e-02;9.871238e-02;2.983082e-01;2.777042e-01;7.417528e-02;8.235744e-03;4.169976e-02
4.590962e-03;2.693627e-02;1.283707e-01;1.746783e-02;1.487874e-02;1.655662e-02;1.841771e-01;3.037577e-01;1.884323e-01;7.797578e-02;8.551584e-03;2.830434e-02
6.144111e-03;4.661944e-02;9.755167e-02;1.088021e-02;3.687659e-02;1.885017e-02;3.168498e-01;2.167953e-01;1.327060e-01;4.575111e-02;3.090929e-02;4.006635e-02
9.667424e-03;5.591821e-02;5.470728e-02;1.432973e-02;7.047212e-02;3.838309e-02;3.905642e-01;1.551007e-01;1.052052e-01;1.660184e-02;5.004670e-02;3.900348e-02
1.251574e-02;5.415241e-02;7.510768e-02;1.863459e-02;9.823252e-02;5.249607e-02;4.123236e-01;1.022291e-01;7.796362e-02;1.623823e-02;4.648207e-02;3.362448e-02
1.321357e-02;3.127439e-02;8.139648e-02;1.110105e-02;9.989555e-02;4.477856e-02;4.484155e-01;1.098638e-01;6.841925e-02;1.601641e-02;4.431740e-02;3.130802e-02
9.090736e-03;3.382055e-02;4.550681e-02;8.103183e-03;7.112074e-02;4.677442e-02;5.400272e-01;7.316993e-02;8.008801e-02;2.332364e-02;4.101839e-02;2.795643e-02
7.247584e-03;3.981629e-02;2.612746e-02;5.259775e-03;4.592222e-02;5.050704e-02;6.213841e-01;5.194223e-02;6.802803e-02;1.901395e-02;3.236418e-02;3.238714e-02
8.187887e-03;4.220184e-02;2.641455e-02;3.223584e-03;4.510359e-02;4.630486e-02;6.566536e-01;5.655605e-02;5.551411e-02;1.458340e-02;3.264308e-02;1.261343e-02
1.609013e-02;3.278377e-02;2.435890e-02;9.449684e-03;6.016277e-02;4.117041e-02;6.331631e-01;5.360220e-02;5.901134e-02;1.685109e-02;3.700040e-02;1.635618e-02
2.001687e-02;2.508418e-02;2.621040e-02;1.118265e-02;1.061023e-01;3.067577e-02;5.914093e-01;5.063441e-02;7.830556e-02;2.038777e-02;2.800757e-02;1.198320e-02
1.761457e-02;4.742588e-02;3.354812e-02;1.031640e-02;1.192321e-01;1.629862e-02;5.447388e-01;8.994290e-02;7.065469e-02;1.929164e-02;2.258396e-02;8.352321e-03
2.022621e-02;9.433744e-02;5.285645e-02;1.200380e-02;9.078888e-02;2.029933e-02;4.606922e-01;1.490513e-01;4.539632e-02;1.760211e-02;2.448386e-02;1.226212e-02
1.895863e-02;7.966582e-02;9.966475e-02;5.997767e-03;6.929244e-02;1.586966e-02;3.876323e-01;2.037480e-01;3.393003e-02;2.061518e-02;5.124353e-02;1.338194e-02
8.982245e-03;3.087582e-02;1.026143e-01;6.977295e-03;5.894931e-02;1.545910e-02;4.321542e-01;2.059322e-01;4.400917e-02;2.711774e-02;4.892178e-02;1.800687e-02
9.679752e-03;3.452741e-02;8.237804e-02;4.670200e-03;4.739672e-02;3.584010e-02;5.157882e-01;1.747108e-01;3.458953e-02;2.165012e-02;2.655429e-02;1.221491e-02
2.676840e-02;5.454284e-02;6.986522e-02;9.661091e-03;6.248325e-02;7.657896e-02;5.008214e-01;1.250877e-01;2.470081e-02;1.795189e-02;2.277567e-02;8.762825e-03
5.088752e-02;4.637263e-02;9.065133e-02;2.192132e-02;1.134714e-01;1.182224e-01;4.044786e-01;7.916726e-02;2.200507e-02;1.847719e-02;2.146652e-02;1.287874e-02
4.419819e-02;3.086300e-02;1.593012e-01;4.307532e-02;1.264193e-01;1.036844e-01;2.941662e-01;1.002284e-01;2.294787e-02;2.049246e-02;2.649748e-02;2.812624e-02
4.154737e-02;2.800936e-02;2.451955e-01;8.234559e-02;1.020856e-01;6.757890e-02;1.894114e-01;1.010669e-01;3.158664e-02;2.060465e-02;5.417868e-02;3.638934e-02
6.242098e-02;4.025398e-02;2.345839e-01;8.887726e-02;5.587005e-02;5.255345e-02;2.300005e-01;6.229953e-02;2.693374e-02;3.247710e-02;6.198971e-02;5.173978e-02
5.806707e-02;4.012909e-02;1.669534e-01;6.203946e-02;9.694622e-02;1.091132e-01;2.325438e-01;5.122848e-02;5.075788e-02;2.961176e-02;4.750135e-02;5.510813e-02
4.747211e-02;5.752342e-02;1.171366e-01;2.905250e-02;9.416614e-02;1.107202e-01;3.177774e-01;1.000334e-01;3.970265e-02;2.623136e-02;2.459261e-02;3.559161e-02
2.170973e-02;4.950198e-02;1.056164e-01;1.196183e-02;3.531015e-02;5.264696e-02;3.329494e-01;2.436030e-01;8.638223e-02;3.576180e-02;1.225147e-02;1.230506e-02
6.460563e-03;1.705602e-02;1.348037e-01;8.960186e-03;1.551532e-02;2.082975e-02;2.448331e-01;3.592610e-01;1.264977e-01;4.091575e-02;4.180224e-03;2.068660e-02
7.732536e-03;1.509529e-02;1.582657e-01;5.049620e-03;1.505229e-02;1.227446e-02;1.950893e-01;3.808488e-01;1.323979e-01;4.808196e-02;7.106533e-03;2.300572e-02
9.636170e-03;5.027410e-02;1.596192e-01;3.903792e-03;2.458387e-02;1.072987e-02;2.045815e-01;3.367058e-01;9.068634e-02;3.727172e-02;1.330760e-02;5.870009e-02
1.461999e-02;1.250180e-01;1.167854e-01;6.493115e-03;5.443732e-02;7.965324e-03;2.422948e-01;2.473782e-01;5.063571e-02;1.813216e-02;4.194554e-02;7.429440e-02
1.413286e-02;1.988729e-01;8.393785e-02;1.036028e-02;8.890803e-02;1.088045e-02;2.729611e-01;1.496250e-01;4.868931e-02;1.851394e-02;7.539519e-02;2.772301e-02
6.057513e-03;2.299752e-01;6.432436e-02;1.212068e-02;1.358182e-01;1.246321e-02;2.956701e-01;5.841394e-02;5.166565e-02;1.494619e-02;9.013198e-02;2.841292e-02
8.513236e-03;2.017823e-01;4.017565e-02;9.464406e-03;1.896609e-01;1.658793e-02;3.093375e-01;5.048144e-02;5.357216e-02;1.203606e-02;9.155707e-02;1.683132e-02
4.017211e-03;1.560314e-01;2.604255e-02;5.825140e-03;2.313692e-01;1.947333e-02;3.304212e-01;6.231062e-02;4.465305e-02;9.274465e-03;8.533697e-02;2.524484e-02
3.011162e-03;1.011620e-01;2.089860e-02;4.487107e-03;2.299896e-01;1.492491e-02;3.709551e-01;1.142447e-01;3.680771e-02;1.036084e-02;7.930050e-02;1.385770e-02
5.246763e-03;6.034328e-02;2.381654e-02;6.351548e-03;1.719640e-01;2.309792e-02;4.200899e-01;1.640081e-01;3.122371e-02;1.219894e-02;7.022836e-02;1.143093e-02
5.820665e-03;5.775839e-02;2.473334e-02;5.865508e-03;1.076816e-01;2.714984e-02;4.817853e-01;1.756336e-01;3.890267e-02;1.089141e-02;5.409541e-02;9.682252e-03
4.112560e-03;6.283209e-02;2.976530e-02;3.552619e-03;1.057276e-01;2.415908e-02;4.849474e-01;2.025104e-01;3.442154e-02;1.025893e-02;3.323219e-02;4.480173e-03
4.948151e-03;5.783046e-02;4.302452e-02;7.682734e-03;1.530591e-01;2.998791e-02;4.399863e-01;2.001241e-01;3.182581e-02;9.717587e-03;1.276793e-02;9.045279e-03
3.260420e-03;6.163719e-02;4.369911e-02;1.063943e-02;2.051194e-01;3.110219e-02;4.123375e-01;1.578180e-01;3.263863e-02;1.059215e-02;2.268848e-02;8.467437e-03
4.382400e-03;7.162618e-02;4.186428e-02;9.692584e-03;2.693954e-01;2.123712e-02;3.894504e-01;1.004233e-01;2.448324e-02;1.388483e-02;4.845381e-02;5.106485e-03
5.651318e-03;8.806884e-02;4.164757e-02;6.043807e-03;3.149107e-01;2.305381e-02;3.570181e-01;6.317761e-02;1.158395e-02;1.139348e-02;7.212141e-02;5.329324e-03
8.781271e-03;9.946246e-02;3.037176e-02;5.059330e-03;3.149872e-01;2.132452e-02;3.396493e-01;5.736276e-02;1.898639e-02;7.437074e-03;9.093004e-02;5.647837e-03
6.933509e-03;1.102590e-01;1.952546e-02;5.977706e-03;2.754618e-01;2.047863e-02;3.504722e-01;6.830533e-02;1.612412e-02;8.903478e-03;1.108273e-01;6.731553e-03
7.029448e-03;1.327631e-01;2.170033e-02;1.054021e-02;2.212186e-01;2.198062e-02;3.565570e-01;5.652853e-02;1.107959e-02;1.165710e-02;1.406500e-01;8.295474e-03
8.033611e-03;1.435841e-01;2.754992e-02;9.451319e-03;1.830657e-01;2.045373e-02;3.566002e-01;4.905462e-02;1.651143e-02;1.156737e-02;1.666226e-01;7.505372e-03
6.751999e-03;1.201146e-01;2.487973e-02;8.597029e-03;1.829929e-01;1.818560e-02;3.718646e-01;6.453254e-02;1.274338e-02;8.255444e-03;1.750629e-01;6.019333e-03
6.748884e-03;8.523738e-02;2.300074e-02;1.442818e-02;1.840773e-01;2.561420e-02;4.046698e-01;8.311867e-02;9.780314e-03;4.609008e-03;1.561586e-01;2.556886e-03
1.343180e-02;1.483918e-01;2.666364e-02;1.389861e-02;1.500220e-01;4.651058e-02;3.704300e-01;8.226832e-02;1.726010e-02;1.201361e-02;1.136367e-01;5.472881e-03
1.821373e-02;1.729575e-01;3.810855e-02;1.351217e-02;1.208407e-01;6.057716e-02;3.402735e-01;6.146990e-02;3.070255e-02;1.748728e-02;1.136482e-01;1.220879e-02
1.187911e-02;1.325003e-01;3.421841e-02;9.423575e-03;9.864924e-02;6.037145e-02;4.346230e-01;4.863254e-02;2.571543e-02;1.488972e-02;1.199042e-01;9.192888e-03
8.273382e-03;7.081769e-02;2.011792e-02;5.986410e-03;8.570015e-02;6.209863e-02;5.719221e-01;4.228416e-02;2.028440e-02;7.810317e-03;1.022318e-01;2.473061e-03
7.383431e-03;5.445401e-02;1.651843e-02;5.725747e-03;7.910878e-02;7.222724e-02;6.298457e-01;2.628129e-02;1.538101e-02;6.629110e-03;8.138514e-02;5.060054e-03
8.256595e-03;6.919721e-02;1.878070e-02;9.278304e-03;6.925864e-02;8.281481e-02;6.336430e-01;1.743640e-02;1.564749e-02;6.961534e-03;6.448081e-02;4.244471e-03
1.754255e-02;5.903478e-02;1.658480e-02;1.518969e-02;6.496269e-02;9.989259e-02;6.361176e-01;2.118403e-02;1.106333e-02;7.651768e-03;4.835750e-02;2.418641e-03
2.548257e-02;5.555809e-02;2.052093e-02;2.430190e-02;7.903947e-02;1.179911e-01;6.021044e-01;1.420461e-02;9.539763e-03;1.457520e-02;3.270312e-02;3.978849e-03
3.855852e-02;5.307474e-02;2.926271e-02;2.800218e-02;8.012193e-02;1.291146e-01;5.476813e-01;2.266563e-02;1.242637e-02;2.604905e-02;2.398657e-02;9.056338e-03
5.155771e-02;6.101289e-02;3.928694e-02;2.469575e-02;6.447352e-02;1.192297e-01;5.158751e-01;2.995011e-02;2.658791e-02;3.241345e-02;2.003004e-02;1.488690e-02
5.327149e-02;4.049841e-02;3.002167e-02;1.514519e-02;5.269136e-02;1.107817e-01;5.557017e-01;2.505343e-02;5.311728e-02;2.779984e-02;2.044518e-02;1.547286e-02
3.399488e-02;4.396203e-02;1.560272e-02;9.025776e-03;5.040483e-02;1.144444e-01;6.148368e-01;2.455026e-02;4.905647e-02;1.616304e-02;1.861761e-02;9.341169e-03
2.652001e-02;2.832112e-02;1.541579e-02;1.380865e-02;5.683597e-02;1.186679e-01;6.671475e-01;2.698462e-02;1.828133e-02;1.269868e-02;1.007386e-02;5.244608e-03
2.394620e-02;2.485049e-02;2.317571e-02;1.427968e-02;6.365442e-02;1.229901e-01;6.695703e-01;2.148734e-02;1.066581e-02;1.390200e-02;7.482295e-03;3.995605e-03
2.435754e-02;2.561619e-02;1.939572e-02;1.429559e-02;6.237220e-02;1.279449e-01;6.748565e-01;1.850815e-02;8.381013e-03;1.482226e-02;7.592375e-03;1.857582e-03
2.756142e-02;2.645373e-02;1.457276e-02;1.530484e-02;6.023391e-02;1.252069e-01;6.821061e-01;1.518761e-02;1.111783e-02;1.216050e-02;6.394066e-03;3.700342e-03
2.171752e-02;3.010359e-02;1.499753e-02;1.333775e-02;5.544706e-02;1.119686e-01;6.971002e-01;1.604643e-02;1.737379e-02;1.448634e-02;4.131348e-03;3.289846e-03
1.930866e-02;3.231930e-02;4.630861e-03;6.836218e-03;4.792679e-02;9.406181e-02;7.275695e-01;1.820069e-02;2.940345e-02;1.153760e-02;5.276836e-03;2.928300e-03
1.346656e-02;4.470152e-02;7.545856e-03;2.855741e-03;3.513173e-02;6.537392e-02;7.201287e-01;1.945359e-02;7.359756e-02;7.607207e-03;7.191062e-03;2.946516e-03
7.316300e-03;5.711334e-02;8.618032e-03;3.183197e-03;2.489434e-02;3.839349e-02;6.940110e-01;3.015925e-02;1.171966e-01;7.096033e-03;7.979603e-03;4.038781e-03
4.751320e-03;5.251750e-02;1.481658e-02;2.957679e-03;3.021267e-02;3.201718e-02;6.548896e-01;6.318896e-02;1.223750e-01;1.073645e-02;6.804001e-03;4.733067e-03
6.667487e-03;2.962438e-02;5.553620e-02;2.779182e-03;3.145442e-02;2.715158e-02;6.013694e-01;1.339294e-01;8.340885e-02;1.695104e-02;3.791570e-03;7.336483e-03
6.007636e-03;9.640365e-03;1.132841e-01;5.298516e-03;1.929372e-02;3.885157e-02;4.743184e-01;2.164453e-01;6.627234e-02;3.325385e-02;4.288064e-03;1.304607e-02
6.602202e-03;1.251321e-02;1.355877e-01;1.681751e-02;9.019860e-03;7.545887e-02;3.247155e-01;2.251587e-01;1.272170e-01;3.753795e-02;5.574064e-03;2.379744e-02
8.959896e-03;1.864753e-02;9.229913e-02;2.910475e-02;1.832122e-02;9.333546e-02;3.686939e-01;1.519388e-01;1.467703e-01;3.311944e-02;1.217402e-02;2.663553e-02
1.567442e-02;2.024711e-02;5.961486e-02;4.689363e-02;1.610750e-02;5.099135e-02;4.355694e-01;1.269476e-01;1.273133e-01;7.244729e-02;1.500568e-02;1.318778e-02
7.157562e-02;1.513525e-02;2.946160e-02;1.293917e-01;6.602984e-03;2.168060e-02;3.191607e-01;1.098773e-01;1.795220e-01;1.003679e-01;1.067302e-02;6.551400e-03
1.442042e-01;2.560582e-02;3.334785e-02;1.439867e-01;1.710854e-02;1.399728e-02;1.880784e-01;7.099685e-02;2.058318e-01;1.267051e-01;2.426317e-02;5.874204e-03
1.704235e-01;4.323230e-02;4.221133e-02;8.832543e-02;5.245584e-02;2.203175e-02;1.161147e-01;4.523477e-02;1.607485e-01;2.183241e-01;3.629046e-02;4.607349e-03
1.088775e-01;8.105004e-02;3.746754e-02;2.786419e-02;1.235918e-01;1.642909e-02;4.472350e-02;1.873709e-02;1.024041e-01;3.779214e-01;4.993579e-02;1.099792e-02
3.060439e-02;8.678722e-02;2.171102e-02;1.595199e-02;1.389849e-01;1.291715e-02;4.710878e-02;2.252938e-02;1.533380e-01;4.159192e-01;4.493734e-02;9.210587e-03
1.565363e-02;6.284920e-02;2.805416e-02;2.371655e-02;1.214490e-01;1.630680e-02;4.486314e-02;2.135191e-02;1.594899e-01;4.512133e-01;4.528678e-02;9.765645e-03
2.834448e-02;6.843741e-02;3.393062e-02;2.329690e-02;8.320334e-02;1.292306e-02;2.520086e-02;2.490109e-02;1.968650e-01;4.500431e-01;4.168614e-02;1.116791e-02
8.797921e-02;2.605545e-02;2.050554e-02;3.018547e-02;5.083998e-02;6.847605e-03;4.720211e-02;3.120787e-02;2.883475e-01;3.564607e-01;3.982740e-02;1.454114e-02
1.853324e-01;2.137388e-02;1.609852e-02;4.959986e-02;3.066055e-02;1.224337e-02;8.114718e-02;3.852269e-02;2.903549e-01;2.255054e-01;3.426730e-02;1.489393e-02
1.868325e-01;3.156080e-02;3.203977e-02;6.850238e-02;2.447462e-02;2.245201e-02;2.150846e-01;7.060324e-02;1.806289e-01;1.154607e-01;2.319700e-02;2.916347e-02
9.872822e-02;4.325334e-02;6.175575e-02;3.680600e-02;3.280744e-02;3.733956e-02;4.139979e-01;7.839630e-02;7.623197e-02;5.325657e-02;2.449571e-02;4.293120e-02
4.447214e-02;7.699890e-02;4.477280e-02;1.417445e-02;4.488968e-02;5.339790e-02;4.664880e-01;4.705190e-02;1.002862e-01;5.165873e-02;2.802669e-02;2.778260e-02
6.953732e-02;6.814291e-02;2.711455e-02;2.237843e-02;8.027645e-02;9.204399e-02;3.843044e-01;4.435787e-02;9.355785e-02;7.060587e-02;2.744786e-02;2.023250e-02
9.100148e-02;3.927416e-02;4.764969e-02;1.736684e-02;1.391487e-01;1.350953e-01;3.185032e-01;3.323399e-02;6.178134e-02;7.702897e-02;1.912701e-02;2.078927e-02
6.046065e-02;2.758933e-02;9.357183e-02;1.890495e-02;2.131937e-01;1.531702e-01;1.829714e-01;2.482482e-02;8.114140e-02;9.032577e-02;1.815315e-02;3.569286e-02
2.918113e-02;1.772094e-02;9.202432e-02;5.521619e-02;1.918411e-01;1.419878e-01;2.738922e-01;1.986362e-02;5.102075e-02;7.905479e-02;1.772563e-02;3.047151e-02
2.809525e-02;3.018615e-02;4.209498e-02;7.382786e-02;1.279799e-01;1.177463e-01;4.186577e-01;3.393035e-02;5.063634e-02;5.544116e-02;9.576757e-03;1.182723e-02
2.527605e-02;3.413289e-02;2.021481e-02;5.069158e-02;1.013442e-01;9.364222e-02;4.955152e-01;5.532109e-02;5.155496e-02;5.236529e-02;1.062644e-02;9.315317e-03
2.144346e-02;2.864687e-02;3.356184e-02;2.476368e-02;7.612625e-02;9.886319e-02;4.446062e-01;1.093943e-01;7.107490e-02;6.807373e-02;1.279849e-02;1.064711e-02
2.866734e-02;1.736230e-02;4.941476e-02;2.902460e-02;4.264058e-02;9.045389e-02;3.097538e-01;1.297516e-01;1.844172e-01;9.661623e-02;9.022023e-03;1.287562e-02
2.484738e-02;8.825688e-03;3.958602e-02;4.583208e-02;2.961794e-02;4.389560e-02;2.016434e-01;9.891810e-02;3.320484e-01;1.445382e-01;1.780848e-02;1.243874e-02
1.982034e-02;1.039288e-02;2.843969e-02;5.461665e-02;2.230253e-02;1.898873e-02;1.596615e-01;9.389404e-02;3.538037e-01;2.005665e-01;2.930118e-02;8.212210e-03
2.326427e-02;1.970144e-02;1.914920e-02;7.590917e-02;1.649024e-02;2.313936e-02;1.168290e-01;9.404052e-02;3.787186e-01;1.945333e-01;3.290596e-02;5.318905e-03
1.999727e-02;2.003954e-02;2.786119e-02;1.060654e-01;1.351031e-02;2.422283e-02;1.881026e-01;8.876824e-02;3.627250e-01;1.205890e-01;1.600418e-02;1.211452e-02
9.639049e-03;1.432374e-02;2.611537e-02;1.017358e-01;1.202063e-02;1.140651e-02;3.031562e-01;1.048362e-01;3.113959e-01;7.843176e-02;1.457476e-02;1.236407e-02
1.746084e-02;8.748848e-03;3.705693e-02;5.862755e-02;8.307133e-03;1.624647e-02;3.943780e-01;1.188942e-01;2.276530e-01;8.525700e-02;1.561334e-02;1.175677e-02
1.330112e-02;8.454150e-03;3.383171e-02;4.279522e-02;1.284792e-02;1.911808e-02;4.336740e-01;1.332435e-01;1.841207e-01;9.263491e-02;1.410861e-02;1.186999e-02
8.394741e-03;2.988045e-03;4.026854e-02;2.735177e-02;1.081884e-02;1.890269e-02;5.051795e-01;1.408975e-01;1.527710e-01;7.642219e-02;4.352891e-03;1.165241e-02
7.193637e-03;6.280925e-03;3.464120e-02;1.336144e-02;7.892473e-03;2.308745e-02;5.984710e-01;1.133335e-01;1.136270e-01;5.724465e-02;1.065199e-02;1.421474e-02
1.066103e-02;7.349367e-03;2.035918e-02;1.394856e-02;2.253481e-02;3.963753e-02;6.512339e-01;9.255134e-02;8.325793e-02;3.995093e-02;9.761093e-03;8.754339e-03
2.098249e-02;1.166101e-02;5.428230e-02;2.598682e-02;6.371034e-02;8.319865e-02;5.370372e-01;6.812748e-02;7.841690e-02;3.493132e-02;1.299889e-02;8.666554e-03
3.721642e-02;2.236467e-02;1.022072e-01;3.660824e-02;1.085590e-01;1.275728e-01;3.262235e-01;5.633722e-02;7.674077e-02;6.134523e-02;2.843210e-02;1.639283e-02
5.177500e-02;2.168778e-02;9.633339e-02;2.808958e-02;9.337939e-02;1.036160e-01;3.587208e-01;4.450430e-02;5.276331e-02;7.798630e-02;4.265894e-02;2.848519e-02
7.204785e-02;3.329958e-02;1.249925e-01;6.039406e-02;1.048867e-01;9.683469e-02;1.963660e-01;5.675509e-02;5.738721e-02;8.582772e-02;5.923899e-02;5.196954e-02
6.434971e-02;3.549722e-02;1.140738e-01;6.404889e-02;9.090727e-02;1.060897e-01;2.771881e-01;7.677636e-02;4.908927e-02;4.372196e-02;4.170700e-02;3.655065e-02
5.376387e-02;2.905607e-02;1.583249e-01;5.373314e-02;9.848139e-02;1.145396e-01;2.560774e-01;8.080094e-02;3.762568e-02;5.171373e-02;2.729824e-02;3.858500e-02
3.954407e-02;2.856436e-02;1.594838e-01;4.523007e-02;5.716717e-02;7.205228e-02;2.718389e-01;8.360126e-02;8.082381e-02;9.379364e-02;2.851736e-02;3.938322e-02
4.108924e-02;3.161320e-02;1.337845e-01;5.035504e-02;3.277044e-02;4.890935e-02;2.220616e-01;9.307641e-02;1.168706e-01;1.343371e-01;6.612346e-02;2.900890e-02
2.722675e-02;2.624166e-02;9.117834e-02;5.994695e-02;5.820012e-02;5.007629e-02;3.007106e-01;6.703428e-02;1.048134e-01;1.091092e-01;8.421440e-02;2.124805e-02
2.119018e-02;2.208098e-02;8.122908e-02;5.617682e-02;7.041639e-02;5.425484e-02;3.266635e-01;7.416704e-02;9.833483e-02;8.210994e-02;7.909169e-02;3.428470e-02
5.988662e-02;3.710389e-02;8.840290e-02;4.295145e-02;9.164755e-02;4.988148e-02;2.257922e-01;9.629539e-02;1.093209e-01;9.226299e-02;6.943000e-02;3.702464e-02
5.489762e-02;6.976970e-02;1.140592e-01;9.018230e-02;1.223061e-01;6.023751e-02;1.306578e-01;1.062755e-01;7.401103e-02;8.301408e-02;5.583522e-02;3.875394e-02
6.843252e-02;7.327775e-02;7.838096e-02;1.125744e-01;1.188519e-01;9.420400e-02;1.234958e-01;1.123454e-01;5.954681e-02;8.263994e-02;5.402717e-02;2.222330e-02
8.675043e-02;7.923439e-02;6.131154e-02;1.006832e-01;1.101128e-01;1.087350e-01;1.140385e-01;1.194900e-01;5.402394e-02;8.285859e-02;5.200116e-02;3.076036e-02
1.018712e-01;8.585778e-02;8.215985e-02;9.700927e-02;1.072626e-01;9.664211e-02;8.220787e-02;1.208318e-01;5.146188e-02;7.465334e-02;5.574419e-02;4.429819e-02
