1.369957e-01;9.821066e-02;1.340075e-01;6.138797e-02;7.222019e-02;3.185379e-02;5.828236e-02;3.703551e-02;8.989680e-02;6.435714e-02;9.085603e-02;1.248963e-01
1.010427e-01;1.127258e-01;1.330453e-01;4.728625e-02;8.082213e-02;3.910763e-02;7.482518e-02;4.273725e-02;9.055343e-02;9.889297e-02;1.076538e-01;7.130752e-02
9.230205e-02;1.259231e-01;8.164944e-02;4.359080e-02;7.408720e-02;7.907476e-02;4.596077e-02;9.392847e-02;9.739936e-02;1.527516e-01;6.006035e-02;5.327211e-02
9.723313e-02;7.353632e-02;1.190279e-01;5.559468e-02;6.344184e-02;8.075400e-02;7.640813e-02;8.185032e-02;1.048145e-01;1.395737e-01;5.125579e-02;5.650973e-02
1.134735e-01;7.208708e-02;1.715495e-01;5.107874e-02;6.595802e-02;5.709557e-02;8.554323e-02;5.808408e-02;6.887147e-02;1.205902e-01;8.089779e-02;5.477067e-02
1.188560e-01;7.078604e-02;1.812100e-01;3.000386e-02;7.100536e-02;4.958245e-02;1.023688e-01;6.226148e-02;4.708355e-02;1.353147e-01;8.925739e-02;4.227045e-02
1.208941e-01;6.920534e-02;1.580196e-01;3.371082e-02;6.632836e-02;4.876302e-02;1.083238e-01;5.842166e-02;4.924941e-02;1.379932e-01;8.803794e-02;6.105285e-02
1.282727e-01;6.390458e-02;1.449275e-01;3.382851e-02;4.949993e-02;4.528013e-02;1.124363e-01;4.731898e-02;4.729042e-02;1.279057e-01;1.020982e-01;9.723713e-02
1.333127e-01;6.294081e-02;1.621693e-01;2.739872e-02;4.394369e-02;4.838215e-02;1.083650e-01;6.370719e-02;6.697144e-02;9.697121e-02;9.491417e-02;9.092353e-02
1.027447e-01;3.940693e-02;1.773992e-01;3.169016e-02;4.846189e-02;3.511630e-02;1.322705e-01;7.803951e-02;1.157268e-01;1.164796e-01;5.642150e-02;6.624298e-02
6.030352e-02;7.066165e-02;1.181573e-01;3.160864e-02;2.909244e-02;2.892889e-02;1.756394e-01;8.351364e-02;1.320466e-01;1.188559e-01;4.715452e-02;1.040375e-01
1.025825e-01;1.197705e-01;1.306887e-01;3.737292e-02;6.530195e-02;5.694579e-02;7.350583e-02;5.602698e-02;8.296728e-02;7.130051e-02;7.760639e-02;1.259306e-01
1.093690e-01;1.302261e-01;1.100677e-01;5.630922e-02;4.519153e-02;6.003442e-02;1.012792e-01;6.779072e-02;7.914519e-02;5.517428e-02;4.938558e-02;1.360271e-01
1.156579e-01;1.151573e-01;9.663695e-02;7.096171e-02;3.930349e-02;7.451795e-02;1.082651e-01;8.815118e-02;6.628203e-02;6.587997e-02;2.770369e-02;1.314827e-01
1.300383e-01;7.199096e-02;8.551034e-02;8.153486e-02;4.009352e-02;1.049726e-01;1.250456e-01;9.955251e-02;4.693333e-02;8.891404e-02;1.764692e-02;1.077670e-01
1.472551e-01;9.132191e-02;1.080816e-01;6.427564e-02;6.997108e-02;1.052131e-01;1.367352e-01;6.278304e-02;4.445708e-02;7.225430e-02;3.114901e-02;6.650293e-02
2.194433e-01;1.102152e-01;1.244251e-01;5.294849e-02;1.045206e-01;5.097741e-02;8.961804e-02;6.296424e-02;5.182283e-02;4.119181e-02;4.110066e-02;5.077233e-02
3.133432e-01;8.813116e-02;1.142555e-01;6.314257e-02;1.056881e-01;1.735696e-02;4.607958e-02;1.155719e-01;1.958773e-02;2.912896e-02;3.392356e-02;5.379088e-02
3.603140e-01;8.814418e-02;1.247578e-01;5.082131e-02;6.908756e-02;1.539226e-02;3.319965e-02;1.142500e-01;3.944365e-02;1.729256e-02;3.492583e-02;5.237109e-02
3.554088e-01;1.076843e-01;9.447236e-02;2.741302e-02;7.215172e-02;1.711786e-02;4.283979e-02;8.288316e-02;4.883085e-02;4.087351e-02;5.049998e-02;5.982462e-02
2.930507e-01;7.826389e-02;1.028006e-01;5.306232e-02;7.945670e-02;1.975977e-02;4.713987e-02;6.888520e-02;7.176939e-02;7.523616e-02;4.889043e-02;6.168496e-02
1.828315e-01;6.597625e-02;7.814963e-02;5.559285e-02;3.986151e-02;4.564258e-02;4.221829e-02;6.576689e-02;1.748458e-01;1.349611e-01;6.903279e-02;4.512084e-02
7.922905e-02;5.864999e-02;3.806419e-02;2.174186e-02;2.691749e-02;8.297012e-02;4.828100e-02;8.242891e-02;2.070324e-01;2.374137e-01;6.255771e-02;5.471357e-02
3.614885e-02;3.323657e-02;2.879843e-02;2.486870e-02;5.368591e-02;1.206117e-01;4.804588e-02;1.068889e-01;1.749794e-01;2.792938e-01;4.449916e-02;4.894270e-02
3.553839e-02;1.695846e-02;3.802577e-02;7.413397e-02;7.880592e-02;1.211699e-01;1.075090e-01;1.054407e-01;1.621377e-01;2.129883e-01;2.433246e-02;2.295939e-02
3.935845e-02;1.574302e-02;3.344741e-02;9.937634e-02;5.994070e-02;7.268282e-02;1.705558e-01;8.037690e-02;1.370064e-01;2.458622e-01;2.362414e-02;2.202580e-02
3.543098e-02;2.770248e-02;3.004979e-02;7.803998e-02;8.601443e-02;1.766762e-01;1.370800e-01;1.143512e-01;1.024454e-01;1.682686e-01;1.997498e-02;2.396598e-02
2.696809e-02;3.380492e-02;6.232829e-02;5.404630e-02;1.085620e-01;2.056009e-01;1.368288e-01;1.602012e-01;8.806337e-02;1.035990e-01;7.500269e-03;1.249681e-02
2.790422e-02;4.626733e-02;1.101872e-01;8.153442e-02;1.355094e-01;1.668758e-01;1.034781e-01;1.612262e-01;6.744598e-02;6.670268e-02;1.179165e-02;2.107700e-02
2.808045e-02;5.512485e-02;1.191636e-01;8.053116e-02;2.231936e-01;1.077729e-01;7.035489e-02;1.467875e-01;7.515843e-02;5.374456e-02;2.075039e-02;1.933773e-02
2.875607e-02;5.176555e-02;1.018413e-01;1.193643e-01;1.940031e-01;7.003973e-02;9.174709e-02;1.244284e-01;9.904043e-02;8.415054e-02;2.571408e-02;9.149347e-03
3.294022e-02;5.485108e-02;1.108286e-01;1.061734e-01;1.128511e-01;1.425646e-01;1.316959e-01;6.468132e-02;1.052109e-01;8.204916e-02;4.578280e-02;1.037099e-02
2.411626e-02;4.914479e-02;5.097850e-02;9.056628e-02;1.463480e-01;1.724582e-01;1.720843e-01;9.076344e-02;8.904087e-02;5.155756e-02;4.484915e-02;1.809269e-02
3.097750e-02;5.212057e-02;5.890315e-02;7.629882e-02;1.545128e-01;1.397849e-01;2.116671e-01;1.109413e-01;7.017729e-02;5.716516e-02;2.602171e-02;1.142968e-02
5.790114e-02;3.780504e-02;6.156330e-02;7.119443e-02;1.230219e-01;1.300009e-01;2.210358e-01;7.419886e-02;9.850392e-02;7.657007e-02;2.347155e-02;2.473307e-02
7.151617e-02;4.288470e-02;1.313517e-01;8.539379e-02;8.953215e-02;1.106408e-01;1.545584e-01;5.174053e-02;9.801205e-02;7.144160e-02;4.454271e-02;4.838546e-02
9.049916e-02;4.412203e-02;1.670145e-01;6.668460e-02;6.587317e-02;1.088789e-01;9.672982e-02;3.928797e-02;7.638732e-02;7.939808e-02;9.842343e-02;6.670102e-02
8.752821e-02;2.710727e-02;1.129097e-01;4.485407e-02;4.588669e-02;1.251106e-01;9.970146e-02;2.997772e-02;9.058610e-02;9.954327e-02;1.725884e-01;6.420650e-02
8.010239e-02;3.093237e-02;8.077926e-02;2.184538e-02;3.597200e-02;1.208113e-01;5.775161e-02;3.030468e-02;1.058454e-01;1.014455e-01;2.575110e-01;7.669931e-02
1.480061e-01;5.699177e-02;5.939298e-02;4.735317e-02;2.718042e-02;7.569113e-02;6.738878e-02;3.746780e-02;6.544884e-02;7.338011e-02;2.029067e-01;1.387923e-01
3.030379e-01;8.471344e-02;4.037218e-02;6.262254e-02;3.191212e-02;3.894830e-02;7.352562e-02;3.798305e-02;2.998229e-02;4.162738e-02;9.247431e-02;1.628009e-01
4.243197e-01;1.262836e-01;7.290404e-02;3.011134e-02;6.657878e-02;2.297828e-02;4.010018e-02;4.391444e-02;2.305944e-02;1.676496e-02;3.462030e-02;9.836487e-02
3.812823e-01;1.935592e-01;1.229813e-01;2.590609e-02;6.445894e-02;3.393821e-02;2.676675e-02;3.147623e-02;4.170384e-02;1.275570e-02;2.031119e-02;4.486026e-02
2.358866e-01;2.119134e-01;2.364584e-01;4.277249e-02;3.554375e-02;5.512634e-02;2.198122e-02;2.171256e-02;6.052795e-02;2.144192e-02;1.280112e-02;4.383425e-02
6.039237e-02;1.701987e-01;3.689470e-01;7.676177e-02;3.645208e-02;5.774890e-02;2.968841e-02;2.951940e-02;5.869568e-02;3.751637e-02;1.690133e-02;5.717794e-02
9.077290e-02;1.389008e-01;2.807226e-01;9.649093e-02;8.165564e-02;4.017286e-02;4.715387e-02;2.894426e-02;5.597635e-02;6.113179e-02;2.881954e-02;4.925841e-02
5.572577e-02;1.014909e-01;3.226939e-01;1.314431e-01;9.510900e-02;3.630638e-02;5.311289e-02;3.012131e-02;4.057603e-02;5.049651e-02;5.359918e-02;2.932510e-02
6.333017e-02;9.992027e-02;3.068085e-01;1.679488e-01;1.039174e-01;3.279906e-02;2.425732e-02;3.641838e-02;3.058347e-02;2.735420e-02;8.641552e-02;2.024689e-02
4.432148e-02;1.028157e-01;2.215312e-01;1.832670e-01;1.382046e-01;3.269851e-02;1.511444e-02;4.521554e-02;2.316926e-02;3.084619e-02;1.378459e-01;2.497015e-02
2.565263e-02;6.189904e-02;2.583661e-01;1.586924e-01;1.330953e-01;4.603782e-02;3.030117e-02;5.224736e-02;1.756074e-02;3.296437e-02;1.516014e-01;3.158169e-02
3.520202e-02;5.495289e-02;3.467155e-01;1.226556e-01;9.984607e-02;4.824156e-02;4.020749e-02;5.912442e-02;2.463476e-02;2.641871e-02;1.101378e-01;3.186319e-02
7.476895e-02;7.993554e-02;3.223784e-01;7.857203e-02;7.971586e-02;5.975334e-02;4.105918e-02;5.848294e-02;4.956570e-02;3.010598e-02;8.333855e-02;4.232351e-02
9.960271e-02;6.926822e-02;2.612714e-01;1.075775e-01;9.251770e-02;6.361137e-02;5.870972e-02;3.679119e-02;7.383292e-02;3.405359e-02;6.260534e-02;4.015829e-02
1.029966e-01;4.932865e-02;2.325596e-01;1.408799e-01;8.300199e-02;6.846037e-02;7.606395e-02;2.938628e-02;6.101111e-02;7.295861e-02;3.032236e-02;5.303058e-02
1.058005e-01;6.160425e-02;1.846910e-01;1.496648e-01;8.028630e-02;5.333830e-02;7.552281e-02;3.754706e-02;4.831452e-02;1.054323e-01;4.504636e-02;5.275184e-02
8.449253e-02;5.120849e-02;1.703904e-01;1.502269e-01;1.259134e-01;4.361178e-02;7.965972e-02;6.767900e-02;4.543854e-02;1.047775e-01;4.921312e-02;2.738860e-02
8.228707e-02;4.064073e-02;1.190640e-01;1.119543e-01;1.091056e-01;7.419266e-02;1.234746e-01;6.578267e-02;9.155758e-02;8.827990e-02;5.167845e-02;4.198235e-02
1.002881e-01;6.010973e-02;1.134632e-01;8.597998e-02;8.375062e-02;5.375304e-02;1.534840e-01;8.189489e-02;1.119943e-01;5.633573e-02;7.043035e-02;2.851598e-02
9.280838e-02;4.532539e-02;1.080422e-01;1.017166e-01;1.076980e-01;8.587068e-02;1.358894e-01;9.279147e-02;6.556156e-02;7.036337e-02;6.037381e-02;3.355914e-02
7.720742e-02;6.780290e-02;1.033428e-01;7.758339e-02;9.425991e-02;1.073472e-01;1.234398e-01;9.373906e-02;9.784345e-02;6.524239e-02;4.208279e-02;5.010882e-02
7.074704e-02;1.111032e-01;9.749464e-02;5.033711e-02;9.540563e-02;9.732069e-02;1.010702e-01;9.122360e-02;1.087631e-01;6.076293e-02;5.286010e-02;6.291174e-02
5.197409e-02;1.069985e-01;7.641359e-02;5.333821e-02;7.240679e-02;4.402844e-02;1.328674e-01;1.019754e-01;1.386496e-01;9.933503e-02;6.226945e-02;5.974353e-02
6.638003e-02;6.285133e-02;8.598028e-02;5.255457e-02;5.747430e-02;4.665466e-02;1.762486e-01;9.382043e-02;1.553349e-01;7.906255e-02;5.636610e-02;6.727220e-02
7.587022e-02;3.764045e-02;8.768847e-02;3.681970e-02;9.839401e-02;7.176304e-02;1.702793e-01;7.135669e-02;1.324151e-01;5.863794e-02;5.400429e-02;1.051308e-01
5.324788e-02;3.135862e-02;7.173064e-02;4.388159e-02;1.464798e-01;6.910077e-02;1.444144e-01;3.963776e-02;1.146559e-01;5.277045e-02;5.637815e-02;1.763440e-01
2.678825e-02;1.662607e-02;5.528205e-02;4.758738e-02;1.870423e-01;4.932830e-02;1.232602e-01;2.118652e-02;1.153835e-01;2.294726e-02;6.098732e-02;2.735810e-01
7.858148e-03;1.089298e-02;6.030706e-02;3.838160e-02;1.989813e-01;3.725415e-02;1.035898e-01;1.849293e-02;1.331319e-01;2.022774e-02;2.790042e-02;3.429820e-01
1.426109e-02;1.183230e-02;1.052416e-01;3.041867e-02;2.006764e-01;5.317155e-02;9.431817e-02;1.917644e-02;1.331749e-01;1.520291e-02;1.355754e-02;3.089685e-01
3.153714e-02;1.251718e-02;1.339918e-01;4.723985e-02;2.251982e-01;8.417962e-02;1.001099e-01;1.445607e-02;1.076408e-01;1.431361e-02;1.321199e-02;2.156038e-01
3.793772e-02;1.706308e-02;1.621040e-01;7.576233e-02;2.425518e-01;1.274660e-01;1.288110e-01;1.168723e-02;5.831809e-02;1.742664e-02;1.103281e-02;1.098393e-01
5.158107e-02;3.328511e-02;2.160539e-01;8.281669e-02;1.974597e-01;1.145799e-01;1.259960e-01;1.461502e-02;1.636699e-02;1.749396e-02;2.611950e-02;1.036322e-01
4.505458e-02;5.423550e-02;3.558551e-01;8.734698e-02;1.213432e-01;7.465485e-02;6.844302e-02;2.080947e-02;2.017499e-02;2.046517e-02;4.534227e-02;8.627487e-02
3.687238e-02;4.581305e-02;4.943244e-01;6.639899e-02;9.621033e-02;4.222332e-02;4.865379e-02;2.078163e-02;2.420325e-02;3.657189e-02;3.091427e-02;5.703272e-02
3.414256e-02;4.923080e-02;5.027363e-01;3.872033e-02;7.103093e-02;3.683951e-02;4.864139e-02;1.934159e-02;3.638308e-02;3.263213e-02;1.552819e-02;1.147733e-01
7.488393e-02;6.492165e-02;4.326571e-01;4.212816e-02;6.530284e-02;3.941606e-02;5.572762e-02;2.794423e-02;4.389898e-02;1.768995e-02;1.605036e-02;1.193791e-01
1.296242e-01;6.550483e-02;3.759968e-01;4.139289e-02;6.282409e-02;3.417736e-02;7.261254e-02;3.740425e-02;2.935798e-02;2.752423e-02;2.394112e-02;9.963966e-02
1.919193e-01;8.018279e-02;3.426860e-01;3.481701e-02;5.579255e-02;2.825378e-02;5.795106e-02;4.255128e-02;2.902884e-02;2.362770e-02;3.703406e-02;7.615555e-02
2.656382e-01;9.136873e-02;2.982854e-01;2.855954e-02;3.792945e-02;1.934300e-02;4.856482e-02;3.979367e-02;3.356808e-02;2.198345e-02;4.247060e-02;7.249505e-02
2.965336e-01;7.294003e-02;2.029384e-01;3.014582e-02;2.783928e-02;2.357420e-02;7.564934e-02;3.949058e-02;2.844573e-02;4.009259e-02;6.569767e-02;9.665275e-02
2.661225e-01;5.976418e-02;1.175268e-01;3.655535e-02;2.710043e-02;2.625398e-02;1.024677e-01;3.543224e-02;2.408513e-02;6.701202e-02;1.117686e-01;1.259110e-01
1.835506e-01;3.566784e-02;9.289189e-02;3.562620e-02;2.980968e-02;3.218316e-02;8.091272e-02;3.228799e-02;2.748630e-02;1.098820e-01;2.060701e-01;1.336315e-01
8.384625e-02;2.649002e-02;1.085116e-01;2.129788e-02;2.249824e-02;6.730182e-02;4.894676e-02;2.547511e-02;4.577778e-02;1.703151e-01;2.949373e-01;8.460211e-02
3.647748e-02;3.011161e-02;6.224621e-02;1.631827e-02;1.712321e-02;7.012616e-02;5.352898e-02;1.370409e-02;5.870200e-02;2.318197e-01;3.455789e-01;6.426344e-02
4.938198e-02;3.238747e-02;5.748726e-02;2.511139e-02;1.624615e-02;5.185991e-02;5.534240e-02;2.913019e-02;6.277797e-02;2.405048e-01;3.134836e-01;6.628693e-02
7.298807e-02;1.748865e-02;9.190682e-02;2.075122e-02;2.666778e-02;4.566289e-02;3.895620e-02;3.016010e-02;6.394502e-02;2.288752e-01;2.943525e-01;6.824558e-02
8.354371e-02;2.259770e-02;5.841571e-02;1.927106e-02;2.723674e-02;7.207207e-02;4.006661e-02;1.682736e-02;5.164972e-02;2.128238e-01;3.222124e-01;7.328314e-02
6.919434e-02;2.198912e-02;7.866587e-02;2.171010e-02;4.009064e-02;7.889494e-02;4.073430e-02;1.346645e-02;6.793286e-02;1.764773e-01;3.176817e-01;7.316241e-02
6.064878e-02;2.089874e-02;1.076261e-01;1.493567e-02;5.666643e-02;6.533467e-02;5.983946e-02;2.035165e-02;7.968189e-02;1.546131e-01;2.795036e-01;7.989984e-02
5.182761e-02;2.506842e-02;7.590307e-02;2.088060e-02;7.247601e-02;4.236425e-02;1.067866e-01;3.413190e-02;6.923695e-02;1.418474e-01;2.389052e-01;1.205721e-01
6.477229e-02;5.278325e-02;1.117212e-01;3.410121e-02;5.857289e-02;3.595347e-02;1.204413e-01;3.077531e-02;5.339593e-02;1.226988e-01;1.770646e-01;1.377198e-01
1.149917e-01;5.499417e-02;2.436958e-01;3.423281e-02;5.709522e-02;3.908865e-02;8.446786e-02;3.799455e-02;5.121524e-02;6.754632e-02;1.133879e-01;1.012899e-01
1.252399e-01;7.395568e-02;3.597258e-01;3.223725e-02;5.983184e-02;1.919955e-02;5.602255e-02;3.676264e-02;7.396603e-02;2.961252e-02;6.785566e-02;6.559063e-02
8.951552e-02;9.171408e-02;5.140405e-01;3.457647e-02;3.846933e-02;1.143863e-02;2.464279e-02;3.357910e-02;8.651626e-02;1.682392e-02;3.305719e-02;2.562616e-02
3.645361e-02;7.724494e-02;6.413905e-01;4.266971e-02;3.084644e-02;1.338380e-02;2.256908e-02;1.957124e-02;5.867007e-02;3.102504e-02;1.376030e-02;1.241530e-02
1.239517e-02;4.337545e-02;6.952594e-01;7.044562e-02;4.472978e-02;1.248345e-02;2.498909e-02;1.382268e-02;2.529771e-02;3.372137e-02;1.668947e-02;6.790798e-03
6.717001e-03;2.484119e-02;6.059641e-01;1.189562e-01;9.196628e-02;2.515623e-02;2.238446e-02;3.002982e-02;1.698579e-02;1.795637e-02;3.400863e-02;5.033977e-03
6.280096e-03;1.964903e-02;3.980335e-01;1.491806e-01;2.008128e-01;5.973477e-02;4.116604e-02;4.749813e-02;1.712731e-02;6.549647e-03;3.594853e-02;1.801961e-02
5.939113e-03;1.654507e-02;2.098250e-01;1.092997e-01;3.073920e-01;1.283882e-01;1.072916e-01;3.309572e-02;3.401453e-02;6.022197e-03;1.605204e-02;2.613491e-02
1.501904e-02;5.426003e-03;1.608406e-01;4.664966e-02;2.642778e-01;2.155301e-01;2.159557e-01;1.777743e-02;3.248470e-02;4.520351e-03;2.384181e-03;1.913440e-02
2.556377e-02;5.060082e-03;7.838596e-02;2.304756e-02;1.490573e-01;2.316414e-01;3.987853e-01;4.565409e-02;2.646027e-02;6.609563e-03;3.505520e-03;6.229224e-03
2.264788e-02;7.034614e-03;2.485310e-02;1.789474e-02;7.504239e-02;1.727759e-01;5.559255e-01;6.059743e-02;3.314383e-02;1.451219e-02;9.321059e-03;6.251363e-03
1.725444e-02;1.049681e-02;1.975164e-02;1.668530e-02;4.398291e-02;1.024549e-01;6.638697e-01;3.770102e-02;3.577279e-02;1.907362e-02;2.241179e-02;1.054503e-02
1.512391e-02;1.518474e-02;3.635096e-02;2.360832e-02;4.802248e-02;5.733235e-02;6.977611e-01;3.773332e-02;2.055218e-02;1.293626e-02;2.365325e-02;1.174107e-02
1.206311e-02;1.103833e-02;3.601578e-02;2.463016e-02;4.585568e-02;4.212469e-02;7.088902e-01;5.438998e-02;2.645116e-02;9.157721e-03;1.456618e-02;1.481701e-02
1.560607e-02;6.851919e-03;3.313982e-02;1.952363e-02;2.061678e-02;4.028850e-02;7.015620e-01;7.671791e-02;3.049108e-02;2.152277e-02;8.044290e-03;2.563522e-02
1.712398e-02;6.743307e-03;3.471909e-02;2.005882e-02;1.859270e-02;5.917544e-02;6.442180e-01;1.104741e-01;2.950742e-02;3.575873e-02;5.611570e-03;1.801693e-02
1.225134e-02;4.397204e-03;4.832290e-02;1.911008e-02;2.176170e-02;7.565745e-02;5.732520e-01;1.532671e-01;2.859926e-02;4.083017e-02;1.153711e-02;1.101368e-02
1.221973e-02;9.932673e-03;7.120175e-02;1.954371e-02;2.620298e-02;7.759230e-02;4.933953e-01;1.743122e-01;2.827460e-02;4.565575e-02;1.896668e-02;2.270224e-02
2.348619e-02;1.823638e-02;1.230586e-01;5.271434e-02;2.696251e-02;8.276967e-02;2.077676e-01;2.193803e-01;7.474422e-02;8.549546e-02;2.153503e-02;6.384972e-02
3.280939e-02;2.031765e-02;7.224017e-02;5.123582e-02;4.111360e-02;5.797389e-02;4.112814e-01;1.076600e-01;7.593358e-02;7.042000e-02;2.034560e-02;3.866898e-02
4.383503e-02;3.313959e-02;3.623651e-02;4.603899e-02;4.116977e-02;6.916866e-02;4.709400e-01;8.486779e-02;7.377429e-02;4.966133e-02;2.539540e-02;2.577268e-02
4.938626e-02;5.684242e-02;4.522065e-02;4.150150e-02;4.670980e-02;8.417115e-02;4.105516e-01;8.622988e-02;7.690220e-02;3.860068e-02;3.463115e-02;2.925273e-02
4.168908e-02;6.696893e-02;1.064976e-01;4.496342e-02;6.001272e-02;9.905833e-02;3.062488e-01;8.150400e-02;8.649050e-02;2.058335e-02;4.791899e-02;3.806419e-02
5.185597e-02;5.088453e-02;1.343797e-01;7.850883e-02;8.801687e-02;1.193833e-01;1.863039e-01;9.070782e-02;8.669941e-02;3.079543e-02;5.439589e-02;2.806845e-02
5.797669e-02;5.835104e-02;1.267877e-01;7.644010e-02;9.381134e-02;1.178078e-01;1.796354e-01;8.624966e-02;7.336901e-02;3.678446e-02;5.149394e-02;4.129292e-02
6.940382e-02;6.938920e-02;1.178900e-01;5.683230e-02;8.520117e-02;1.304296e-01;2.177615e-01;6.635819e-02;5.184273e-02;3.647966e-02;5.306089e-02;4.535099e-02
8.094457e-02;6.104973e-02;8.503965e-02;2.967283e-02;7.762423e-02;1.265542e-01;2.947474e-01;5.435020e-02;6.238555e-02;4.236969e-02;5.191218e-02;3.334987e-02
5.182020e-02;3.810044e-02;1.101718e-01;4.154858e-02;6.325270e-02;5.416984e-02;2.657658e-01;9.217119e-02;9.889917e-02;1.306261e-01;1.811032e-02;3.536391e-02
3.403110e-02;5.763799e-02;9.175099e-02;7.008711e-02;6.997205e-02;8.602135e-02;1.136723e-01;6.745002e-02;1.199187e-01;2.039196e-01;2.804249e-02;5.749628e-02
2.502169e-02;5.576877e-02;1.286109e-01;7.062439e-02;7.046456e-02;9.257021e-02;8.498664e-02;5.302072e-02;1.201012e-01;2.011797e-01;2.911550e-02;6.853578e-02
3.242416e-02;5.172816e-02;2.405037e-01;6.496082e-02;7.434332e-02;7.446256e-02;9.823515e-02;4.646884e-02;8.778223e-02;1.395423e-01;2.614590e-02;6.340298e-02
8.529092e-02;6.570989e-02;3.529260e-01;5.541453e-02;7.650638e-02;4.767792e-02;9.451694e-02;4.619647e-02;5.150467e-02;6.096700e-02;2.802677e-02;3.526245e-02
1.462679e-01;7.831053e-02;3.365140e-01;4.759620e-02;5.987430e-02;3.271452e-02;6.412911e-02;4.052105e-02;5.835273e-02;5.057278e-02;4.005525e-02;4.509170e-02
1.941035e-01;6.931023e-02;2.190304e-01;4.592122e-02;5.012597e-02;2.209393e-02;5.246151e-02;3.337365e-02;6.179771e-02;8.200433e-02;8.847241e-02;8.130509e-02
1.485576e-01;5.360485e-02;1.695519e-01;3.010211e-02;4.979008e-02;2.144415e-02;6.118790e-02;3.165035e-02;4.702611e-02;1.648407e-01;1.541594e-01;6.808492e-02
8.657697e-02;4.084767e-02;2.089193e-01;2.700164e-02;3.379944e-02;1.568691e-02;7.472245e-02;2.842947e-02;7.499275e-02;2.152951e-01;1.396200e-01;5.410831e-02
9.484925e-02;7.036059e-02;1.793469e-01;4.288187e-02;3.951855e-02;3.796724e-02;7.124172e-02;3.330128e-02;7.715017e-02;1.888810e-01;1.279738e-01;3.652766e-02
1.908181e-01;1.030563e-01;1.361927e-01;3.430090e-02;4.188235e-02;6.249961e-02;6.430531e-02;3.303039e-02;5.641004e-02;9.567869e-02;1.134117e-01;6.841391e-02
2.261127e-01;1.013186e-01;1.320066e-01;3.108714e-02;3.341386e-02;5.899674e-02;1.039306e-01;1.466083e-02;6.262571e-02;5.280553e-02;9.195048e-02;9.109116e-02
2.017157e-01;6.630290e-02;1.003138e-01;2.510574e-02;2.779188e-02;1.231374e-01;1.677183e-01;2.608223e-02;6.211543e-02;3.506837e-02;8.436145e-02;8.028682e-02
1.106088e-01;4.018081e-02;6.993995e-02;1.713237e-02;5.486877e-02;2.197191e-01;1.791457e-01;5.014247e-02;5.666027e-02;5.953738e-02;9.860834e-02;4.345606e-02
4.773744e-02;4.789619e-02;3.837644e-02;2.088837e-02;1.384905e-01;2.255694e-01;9.684825e-02;8.343419e-02;6.576230e-02;1.310138e-01;8.316341e-02;2.081977e-02
3.062721e-02;4.861179e-02;2.418183e-02;5.392488e-02;1.987620e-01;1.517075e-01;4.667722e-02;7.927056e-02;1.034015e-01;1.947345e-01;4.348586e-02;2.461512e-02
5.237143e-02;2.815514e-02;4.971906e-02;1.220637e-01;1.535722e-01;7.918657e-02;6.984088e-02;4.134291e-02;1.583804e-01;1.782036e-01;4.557941e-02;2.158463e-02
8.552679e-02;1.657559e-02;8.622518e-02;1.840251e-01;5.847397e-02;3.174371e-02;9.048753e-02;3.864004e-02;2.220912e-01;1.144771e-01;5.628570e-02;1.544806e-02
9.401396e-02;1.063426e-02;1.357612e-01;1.931847e-01;4.290070e-02;9.223217e-03;6.847814e-02;5.256113e-02;2.260205e-01;8.302671e-02;7.664943e-02;7.545975e-03
9.853968e-02;2.090136e-02;2.062480e-01;1.708720e-01;3.130333e-02;1.364836e-02;4.862896e-02;5.319219e-02;1.878218e-01;5.931212e-02;1.043495e-01;5.182756e-03
1.005879e-01;3.557348e-02;2.062574e-01;1.206866e-01;3.399832e-02;2.415033e-02;8.133411e-02;5.576169e-02;1.433813e-01;6.072742e-02;1.280420e-01;9.499427e-03
8.097801e-02;3.270464e-02;1.268225e-01;7.865175e-02;5.694622e-02;4.328648e-02;1.521577e-01;5.307732e-02;1.179306e-01;8.519036e-02;1.504258e-01;2.182851e-02
5.686752e-02;6.252956e-02;1.185863e-01;1.232855e-01;1.074692e-01;7.711608e-02;1.600571e-01;3.284019e-02;7.381319e-02;6.269382e-02;9.334515e-02;3.139643e-02
5.833324e-02;6.747489e-02;1.713350e-01;1.385268e-01;1.157162e-01;9.116084e-02;1.238173e-01;3.196163e-02;6.496841e-02;5.092452e-02;3.936378e-02;4.641746e-02
5.297963e-02;5.472588e-02;1.461760e-01;1.227148e-01;1.008370e-01;8.989147e-02;1.251881e-01;5.410202e-02;8.586255e-02;6.849023e-02;4.825179e-02;5.078048e-02
4.234741e-02;4.006485e-02;7.674509e-02;7.604232e-02;8.122087e-02;1.051874e-01;1.544341e-01;1.031217e-01;1.078007e-01;1.006334e-01;6.383698e-02;4.856525e-02
3.485053e-02;2.380422e-02;6.279734e-02;4.195229e-02;5.717931e-02;1.187926e-01;2.274054e-01;1.089813e-01;1.011881e-01;1.093019e-01;6.929260e-02;4.445437e-02
3.263191e-02;2.419387e-02;9.109069e-02;4.942648e-02;2.761659e-02;1.036515e-01;2.556921e-01;9.418665e-02;1.056742e-01;1.049449e-01;6.199959e-02;4.889167e-02
2.360290e-02;4.646954e-02;9.866893e-02;4.594943e-02;3.560062e-02;6.676040e-02;2.788424e-01;9.980682e-02;1.057245e-01;9.566993e-02;4.873647e-02;5.416802e-02
1.337078e-02;8.055809e-02;1.063065e-01;3.729199e-02;4.231383e-02;3.891075e-02;2.938163e-01;1.100024e-01;8.103663e-02;9.637629e-02;3.865248e-02;6.136399e-02
1.626343e-02;9.847739e-02;1.108717e-01;5.007528e-02;4.222633e-02;2.959331e-02;2.519175e-01;1.008043e-01;8.927683e-02;1.037535e-01;4.290861e-02;6.383171e-02
3.930916e-02;8.359734e-02;6.900154e-02;8.551894e-02;3.721688e-02;2.165890e-02;2.373656e-01;9.733885e-02;1.067604e-01;1.222268e-01;4.507196e-02;5.493357e-02
5.163245e-02;4.479054e-02;7.401226e-02;1.311271e-01;3.245872e-02;2.047523e-02;2.318225e-01;8.451574e-02;1.068571e-01;1.256208e-01;5.458606e-02;4.210151e-02
4.876579e-02;2.212894e-02;7.142466e-02;1.557600e-01;7.097891e-02;4.265136e-02;1.939584e-01;7.830308e-02;1.020582e-01;1.270130e-01;4.660635e-02;4.035143e-02
3.142702e-02;2.361861e-02;6.568170e-02;8.682115e-02;5.638276e-02;6.581578e-02;2.892805e-01;8.527705e-02;8.529636e-02;1.166917e-01;4.125850e-02;5.244883e-02
2.698000e-02;3.835761e-02;7.948222e-02;3.701611e-02;6.488823e-02;7.701132e-02;3.589699e-01;8.320117e-02;5.891812e-02;9.064062e-02;3.069746e-02;5.383724e-02
4.763367e-02;6.492793e-02;8.343213e-02;3.612778e-02;1.032386e-01;7.957011e-02;3.382705e-01;6.356705e-02;5.080089e-02;6.288931e-02;2.774992e-02;4.179217e-02
5.854280e-02;9.064790e-02;7.330319e-02;3.316624e-02;1.320846e-01;7.630639e-02;3.228628e-01;4.572519e-02;4.746294e-02;5.526048e-02;3.558831e-02;2.904912e-02
3.163549e-02;6.901979e-02;8.556189e-02;4.370158e-02;1.457124e-01;9.041037e-02;3.188088e-01;4.164137e-02;4.912196e-02;6.277860e-02;3.326968e-02;2.833810e-02
2.941926e-02;4.398081e-02;8.584158e-02;5.433802e-02;1.083132e-01;9.561563e-02;3.837773e-01;3.816813e-02;5.013267e-02;6.741456e-02;2.082090e-02;2.217793e-02
4.527597e-02;5.982437e-02;6.176681e-02;3.698105e-02;1.428750e-01;1.321737e-01;3.123326e-01;4.887218e-02;4.467613e-02;5.785539e-02;2.950385e-02;2.786286e-02
4.681762e-02;5.864548e-02;1.241438e-01;4.452382e-02;1.496911e-01;1.634392e-01;1.649797e-01;7.159347e-02;5.865823e-02;5.330937e-02;3.283449e-02;3.136379e-02
7.371029e-02;5.237576e-02;1.224180e-01;5.222870e-02;1.259372e-01;1.501058e-01;1.483122e-01;9.973879e-02;6.504917e-02;4.901939e-02;2.941047e-02;3.169405e-02
1.582127e-01;3.917357e-02;8.002977e-02;3.783161e-02;9.927753e-02;9.269489e-02;1.960037e-01;1.078894e-01;5.661135e-02;4.355255e-02;5.971787e-02;2.900510e-02
1.722730e-01;5.025236e-02;7.110093e-02;2.991998e-02;9.248225e-02;3.403371e-02;1.873724e-01;7.117080e-02;3.330428e-02;6.842612e-02;1.225918e-01;6.707231e-02
1.213853e-01;5.438384e-02;7.060376e-02;4.077025e-02;1.291611e-01;3.862163e-02;1.560627e-01;3.089209e-02;4.619053e-02;6.968465e-02;1.463842e-01;9.585987e-02
1.305922e-01;4.633342e-02;6.124839e-02;5.983662e-02;1.588842e-01;5.168578e-02;1.294522e-01;5.407835e-02;4.846473e-02;7.550625e-02;1.117906e-01;7.212731e-02
1.170533e-01;4.077128e-02;1.238818e-01;6.682270e-02;1.593101e-01;8.174543e-02;8.875510e-02;7.693560e-02;6.294095e-02;5.091638e-02;7.297786e-02;5.788948e-02
7.328372e-02;4.572989e-02;1.208888e-01;6.878039e-02;1.536310e-01;1.160327e-01;1.003143e-01;7.035967e-02;7.914365e-02;4.869488e-02;7.536554e-02;4.777541e-02
8.653946e-02;5.333254e-02;8.526092e-02;5.742759e-02;1.709709e-01;1.385854e-01;8.902529e-02;7.897817e-02;7.173570e-02;5.948986e-02;7.599331e-02;3.266094e-02
7.827216e-02;5.120544e-02;5.913395e-02;4.517085e-02;2.479209e-01;1.101037e-01;1.050512e-01;7.769589e-02;4.165496e-02;5.123097e-02;8.629711e-02;4.626297e-02
5.856421e-02;4.335673e-02;4.730148e-02;4.208835e-02;2.553756e-01;8.407086e-02;1.424062e-01;8.188877e-02;3.997910e-02;5.741076e-02;9.939063e-02;4.816725e-02
7.237224e-02;3.896460e-02;9.077614e-02;4.648073e-02;1.687913e-01;1.073872e-01;1.109865e-01;7.054999e-02;6.871737e-02;8.053611e-02;1.164038e-01;2.803405e-02
