6.328847e-02;6.889936e-02;1.317650e-01;5.041032e-02;8.099111e-02;4.807979e-02;1.575575e-01;8.611972e-02;9.505156e-02;8.322766e-02;9.111445e-02;4.349506e-02
8.503074e-02;7.816767e-02;1.457682e-01;4.737640e-02;7.005879e-02;4.271457e-02;1.864434e-01;3.500962e-02;8.894993e-02;8.219387e-02;8.003832e-02;5.824849e-02
6.727222e-02;4.924728e-02;1.928245e-01;4.121202e-02;5.688817e-02;5.012391e-02;2.261088e-01;2.974971e-02;8.433616e-02;8.755311e-02;7.930548e-02;3.537870e-02
1.244176e-01;7.623137e-02;1.320776e-01;2.285063e-02;6.760483e-02;7.099238e-02;2.806065e-01;2.666675e-02;3.705613e-02;8.826540e-02;4.026012e-02;3.297066e-02
1.847711e-01;8.452791e-02;7.055762e-02;1.273442e-02;6.444705e-02;8.360743e-02;3.289465e-01;2.271730e-02;1.760984e-02;8.099409e-02;1.573910e-02;3.334760e-02
2.299583e-01;1.096589e-01;2.326939e-02;1.799563e-02;5.243372e-02;8.801397e-02;3.255749e-01;1.949338e-02;1.663352e-02;7.676368e-02;1.111140e-02;2.909333e-02
2.469487e-01;1.432343e-01;3.028377e-02;3.341188e-02;5.134199e-02;8.210500e-02;2.584348e-01;2.417162e-02;2.374890e-02;7.366091e-02;6.065187e-03;2.659290e-02
2.624777e-01;1.501485e-01;6.051025e-02;5.470443e-02;5.680292e-02;7.019466e-02;1.733264e-01;2.853953e-02;3.138742e-02;7.113387e-02;9.628736e-03;3.114554e-02
2.656554e-01;1.251674e-01;1.043977e-01;6.927561e-02;7.057574e-02;6.176900e-02;8.051798e-02;2.979007e-02;6.692638e-02;5.998537e-02;1.579180e-02;5.014758e-02
1.940537e-01;6.919439e-02;1.486169e-01;6.242703e-02;1.218967e-01;6.452006e-02;6.339830e-02;2.398974e-02;1.006242e-01;4.759553e-02;2.620775e-02;7.747565e-02
1.212689e-01;3.846830e-02;1.570546e-01;4.293249e-02;1.611216e-01;5.995729e-02;1.141048e-01;2.807402e-02;1.061652e-01;5.372348e-02;2.815954e-02;8.896971e-02
8.530483e-02;7.735019e-02;1.497030e-01;1.056020e-01;1.515181e-01;6.336845e-02;9.082157e-02;3.838198e-02;7.466516e-02;5.219025e-02;4.262008e-02;6.847432e-02
5.083057e-02;9.146648e-02;2.238692e-01;1.827246e-01;9.541515e-02;6.139882e-02;7.159810e-02;3.957600e-02;5.470930e-02;4.350737e-02;5.316639e-02;3.173803e-02
7.385407e-02;6.918666e-02;2.555011e-01;1.396783e-01;8.403914e-02;5.457639e-02;8.076366e-02;3.230504e-02;6.973111e-02;7.430944e-02;5.048686e-02;1.556828e-02
7.715841e-02;5.507664e-02;2.931115e-01;4.565194e-02;8.482638e-02;4.414979e-02;1.040132e-01;4.509383e-02;8.962960e-02;9.819654e-02;4.223716e-02;2.085497e-02
5.994930e-02;5.470163e-02;3.227396e-01;7.089131e-02;1.068982e-01;4.485096e-02;1.182188e-01;3.737256e-02;6.598295e-02;7.657372e-02;2.294024e-02;1.888081e-02
7.241997e-02;4.785395e-02;3.321001e-01;7.697292e-02;1.116600e-01;5.974767e-02;1.073272e-01;2.798924e-02;6.009196e-02;6.656458e-02;2.052995e-02;1.674245e-02
7.888317e-02;4.972433e-02;3.120772e-01;4.997949e-02;9.184830e-02;6.543991e-02;1.140897e-01;3.969496e-02;6.087073e-02;7.228567e-02;4.402668e-02;2.107982e-02
4.648601e-02;4.799060e-02;4.523703e-01;4.103133e-02;5.861549e-02;4.221187e-02;8.358364e-02;3.387253e-02;4.866203e-02;7.078175e-02;4.727257e-02;2.712192e-02
3.351371e-02;4.157538e-02;5.013223e-01;4.316376e-02;5.431070e-02;4.465411e-02;6.803658e-02;2.799940e-02;5.050510e-02;6.910565e-02;2.983753e-02;3.597572e-02
6.717684e-02;4.864925e-02;3.582412e-01;3.715438e-02;4.890191e-02;3.607139e-02;1.098912e-01;3.761518e-02;6.951234e-02;8.632767e-02;6.805807e-02;3.240050e-02
6.662591e-02;5.094335e-02;1.849836e-01;4.406384e-02;6.395511e-02;5.699711e-02;1.154511e-01;6.104248e-02;9.463862e-02;6.760509e-02;1.091363e-01;8.455747e-02
9.994914e-02;4.694599e-02;9.428757e-02;5.978611e-02;8.455496e-02;5.582314e-02;1.015784e-01;6.694015e-02;1.017931e-01;6.980327e-02;1.348732e-01;8.366499e-02
1.117842e-01;4.430222e-02;8.797799e-02;9.088709e-02;9.411252e-02;4.082179e-02;6.880328e-02;8.650181e-02;8.736073e-02;5.332214e-02;1.663655e-01;6.776071e-02
8.323240e-02;3.402625e-02;1.131357e-01;1.409038e-01;9.669754e-02;2.580567e-02;5.102121e-02;1.089579e-01;6.727692e-02;3.869669e-02;2.024031e-01;3.784291e-02
2.518657e-02;2.422996e-02;1.649659e-01;1.827578e-01;8.511815e-02;2.556908e-02;4.714768e-02;1.001742e-01;4.097911e-02;4.577401e-02;2.292602e-01;2.883724e-02
1.038500e-02;1.656358e-02;2.125757e-01;1.869986e-01;6.319128e-02;2.350500e-02;6.304522e-02;7.206155e-02;3.349320e-02;7.391367e-02;2.206172e-01;2.364998e-02
1.008042e-02;1.222462e-02;2.688977e-01;1.492079e-01;4.176308e-02;1.806960e-02;1.163160e-01;6.407197e-02;3.664075e-02;1.029262e-01;1.636044e-01;1.619732e-02
1.446503e-02;1.632261e-02;3.490844e-01;8.913404e-02;3.194705e-02;2.305402e-02;1.922458e-01;5.333003e-02;4.149912e-02;9.762390e-02;7.869094e-02;1.260308e-02
3.601189e-02;5.346863e-02;3.621615e-01;4.784184e-02;3.537164e-02;4.806070e-02;2.099874e-01;3.344121e-02;3.434614e-02;1.051861e-01;2.643982e-02;7.683033e-03
6.194564e-02;9.335046e-02;2.603292e-01;4.182414e-02;3.228394e-02;6.156902e-02;1.771819e-01;4.313631e-02;4.763844e-02;1.100927e-01;5.477081e-02;1.587746e-02
8.878407e-02;1.266605e-01;2.007654e-01;4.478666e-02;2.984761e-02;7.850475e-02;1.195258e-01;5.013626e-02;6.892629e-02;9.381706e-02;6.817801e-02;3.006769e-02
9.201120e-02;1.160708e-01;3.042277e-01;5.025547e-02;3.156010e-02;5.906039e-02;6.517363e-02;3.199091e-02;6.954058e-02;6.977469e-02;7.999674e-02;3.033784e-02
9.379979e-02;1.014779e-01;2.892829e-01;5.684763e-02;5.337444e-02;5.542839e-02;1.020997e-01;4.924369e-02;5.908189e-02;3.945784e-02;6.875546e-02;3.115052e-02
1.268852e-01;7.958446e-02;2.090511e-01;6.581368e-02;7.557376e-02;5.778669e-02;1.409692e-01;7.691938e-02;4.537623e-02;4.010290e-02;5.004805e-02;3.188939e-02
1.217183e-01;5.453738e-02;1.798348e-01;5.913666e-02;9.269023e-02;5.267070e-02;1.908057e-01;8.763317e-02;4.060370e-02;3.783886e-02;4.828842e-02;3.424218e-02
9.088168e-02;2.944501e-02;1.537740e-01;4.525577e-02;7.605271e-02;6.974990e-02;3.016573e-01;6.715474e-02;4.128257e-02;5.081773e-02;4.473775e-02;2.919083e-02
3.326295e-02;4.472658e-02;1.420264e-01;3.261663e-02;5.314049e-02;5.892184e-02;3.126726e-01;3.722298e-02;6.679155e-02;7.631310e-02;7.864095e-02;6.366395e-02
8.663642e-02;6.224320e-02;1.874410e-01;4.012636e-02;5.184621e-02;4.904938e-02;1.192733e-01;3.542807e-02;8.217595e-02;7.781776e-02;1.022182e-01;1.057441e-01
1.039947e-01;1.038432e-01;2.033246e-01;3.592281e-02;3.689735e-02;6.723862e-02;6.760237e-02;5.218886e-02;7.905546e-02;6.710125e-02;8.082975e-02;1.020011e-01
1.290533e-01;1.254724e-01;1.830019e-01;3.562189e-02;3.383607e-02;7.576206e-02;7.655262e-02;7.057092e-02;7.430568e-02;8.963661e-02;4.555930e-02;6.062731e-02
1.286457e-01;1.216327e-01;1.825688e-01;3.764940e-02;2.750025e-02;6.234745e-02;9.722155e-02;9.658907e-02;8.184759e-02;1.085973e-01;2.847499e-02;2.692507e-02
1.017728e-01;1.206045e-01;2.437189e-01;4.002257e-02;2.868801e-02;5.070132e-02;6.743077e-02;1.013582e-01;8.930529e-02;9.144044e-02;2.614481e-02;3.881242e-02
5.807726e-02;1.098588e-01;2.997564e-01;3.572928e-02;3.194441e-02;4.713438e-02;5.529873e-02;9.112037e-02;7.285591e-02;1.085433e-01;4.256149e-02;4.711962e-02
5.138210e-02;9.417684e-02;3.090807e-01;4.469893e-02;3.761551e-02;3.275942e-02;5.830691e-02;7.216225e-02;7.145841e-02;1.138316e-01;7.124376e-02;4.328363e-02
9.446333e-02;7.115709e-02;1.957788e-01;6.197784e-02;6.758750e-02;4.380408e-02;8.471531e-02;9.136686e-02;6.754930e-02;7.644553e-02;8.242299e-02;6.273130e-02
2.230543e-01;7.959464e-02;1.268607e-01;4.096697e-02;7.308865e-02;6.211765e-02;1.121201e-01;6.041759e-02;5.166509e-02;4.457096e-02;5.290388e-02;7.263938e-02
2.842940e-01;1.351043e-01;9.621412e-02;1.908573e-02;4.662502e-02;6.266663e-02;1.682484e-01;3.590883e-02;3.795307e-02;2.953343e-02;2.310716e-02;6.125927e-02
2.326073e-01;1.608369e-01;1.481283e-01;1.670907e-02;3.068412e-02;5.086073e-02;1.985018e-01;4.475178e-02;2.542893e-02;2.723472e-02;1.707892e-02;4.717747e-02
1.551589e-01;1.267317e-01;2.144593e-01;2.899206e-02;2.192896e-02;5.500842e-02;1.827447e-01;7.388675e-02;3.197121e-02;4.615645e-02;1.489907e-02;4.806245e-02
9.061737e-02;5.301836e-02;2.102589e-01;3.811252e-02;2.889463e-02;8.666580e-02;1.893277e-01;8.077237e-02;5.343442e-02;7.390897e-02;2.988254e-02;6.510644e-02
4.251022e-02;2.706203e-02;1.583068e-01;4.141904e-02;4.093054e-02;1.015774e-01;2.061959e-01;7.487886e-02;6.845213e-02;1.126267e-01;5.018733e-02;7.585299e-02
5.654395e-02;3.319557e-02;1.504122e-01;5.398995e-02;4.164824e-02;8.993299e-02;1.501857e-01;9.234612e-02;7.739933e-02;1.367767e-01;4.964769e-02;6.792166e-02
6.692968e-02;3.044793e-02;1.344805e-01;6.296486e-02;5.407881e-02;7.174858e-02;5.400325e-02;6.852320e-02;1.390666e-01;1.586359e-01;1.081161e-01;5.100455e-02
4.664925e-02;3.222718e-02;8.593432e-02;3.849476e-02;7.089183e-02;6.191826e-02;5.500673e-02;4.098036e-02;1.217591e-01;2.376938e-01;1.497190e-01;5.872549e-02
5.665714e-02;2.012751e-02;5.731822e-02;1.682049e-02;5.751678e-02;7.026102e-02;5.967445e-02;3.244428e-02;7.832944e-02;2.304827e-01;2.580689e-01;6.229913e-02
7.215595e-02;1.660206e-02;6.201505e-02;1.589877e-02;2.861301e-02;8.078504e-02;5.393443e-02;2.064123e-02;7.995834e-02;1.464212e-01;3.447414e-01;7.823349e-02
7.668038e-02;2.548370e-02;9.498517e-02;1.847238e-02;2.844711e-02;6.277086e-02;4.624178e-02;4.383747e-02;9.089860e-02;1.172545e-01;2.849800e-01;1.099480e-01
6.337040e-02;3.224242e-02;9.191737e-02;2.701913e-02;4.997090e-02;3.741249e-02;6.759076e-02;7.772688e-02;9.883296e-02;1.146187e-01;1.904372e-01;1.488609e-01
7.993450e-02;4.743777e-02;9.567715e-02;6.160787e-02;6.222639e-02;3.766939e-02;1.259072e-01;7.028206e-02;8.691559e-02;9.940564e-02;1.030709e-01;1.298656e-01
6.041976e-02;6.668516e-02;1.046448e-01;6.191115e-02;5.542953e-02;6.334491e-02;2.001134e-01;3.726261e-02;5.995476e-02;7.311373e-02;1.021863e-01;1.149340e-01
7.169768e-02;9.063804e-02;1.033942e-01;4.339947e-02;5.395203e-02;7.056017e-02;2.080710e-01;4.510144e-02;5.337719e-02;8.092193e-02;9.182074e-02;8.706606e-02
1.065193e-01;1.048911e-01;1.134962e-01;6.520866e-02;4.829100e-02;5.108877e-02;1.433212e-01;7.396823e-02;9.835265e-02;8.257443e-02;7.222115e-02;4.006720e-02
6.276754e-02;1.007485e-01;1.024602e-01;5.109739e-02;7.163295e-02;4.875656e-02;1.007800e-01;9.057527e-02;1.523292e-01;6.918166e-02;9.066432e-02;5.900643e-02
6.834941e-02;5.816645e-02;9.505206e-02;4.082328e-02;8.772397e-02;4.774604e-02;7.939669e-02;1.075434e-01;1.178158e-01;7.155663e-02;5.994258e-02;1.658836e-01
7.608607e-02;5.629591e-02;7.493037e-02;6.038928e-02;5.454112e-02;4.939932e-02;7.475869e-02;9.942204e-02;1.142447e-01;5.200339e-02;5.391921e-02;2.340099e-01
7.924472e-02;5.807847e-02;9.965681e-02;4.692791e-02;4.574787e-02;5.661604e-02;6.371433e-02;1.009571e-01;1.356635e-01;3.749779e-02;7.431247e-02;2.015830e-01
8.061836e-02;6.712463e-02;1.098814e-01;3.797755e-02;5.212077e-02;5.201897e-02;9.180354e-02;1.046258e-01;1.373035e-01;3.266580e-02;7.488735e-02;1.589723e-01
5.658406e-02;4.731669e-02;6.259283e-02;2.631880e-02;5.622390e-02;6.675327e-02;1.178015e-01;1.298404e-01;1.424959e-01;6.710314e-02;7.870296e-02;1.482665e-01
8.799397e-02;5.416862e-02;9.269115e-02;2.809464e-02;6.067493e-02;5.949795e-02;1.109791e-01;8.470370e-02;8.312578e-02;8.617006e-02;9.745903e-02;1.544411e-01
1.316248e-01;7.569484e-02;7.755920e-02;3.541870e-02;6.310964e-02;3.917383e-02;1.457921e-01;4.954655e-02;7.607716e-02;7.609491e-02;8.234522e-02;1.475631e-01
1.477333e-01;6.518449e-02;8.300750e-02;5.034537e-02;7.627841e-02;4.811455e-02;1.248333e-01;5.041542e-02;7.112232e-02;7.088104e-02;8.388252e-02;1.282018e-01
1.228536e-01;4.074078e-02;1.532251e-01;6.679025e-02;7.939524e-02;3.956283e-02;8.509225e-02;5.971888e-02;4.878603e-02;8.732928e-02;1.408933e-01;7.561243e-02
7.386159e-02;4.713066e-02;1.787547e-01;7.497069e-02;6.366879e-02;2.441528e-02;6.366771e-02;7.113493e-02;5.383227e-02;1.050354e-01;1.540513e-01;8.947666e-02
6.640429e-02;7.165778e-02;1.515512e-01;7.253026e-02;6.647361e-02;2.875298e-02;7.199375e-02;7.845210e-02;8.330446e-02;9.858484e-02;1.179323e-01;9.236239e-02
7.409126e-02;7.803045e-02;8.354967e-02;6.045661e-02;9.704404e-02;4.698242e-02;9.704986e-02;7.979043e-02;9.948807e-02;9.956860e-02;1.197643e-01;6.418428e-02
4.932466e-02;7.210241e-02;8.387493e-02;7.031489e-02;9.705708e-02;3.920079e-02;1.090357e-01;5.840551e-02;9.943818e-02;1.184251e-01;1.374622e-01;6.535851e-02
3.407903e-02;5.889841e-02;8.641735e-02;7.593024e-02;8.963194e-02;3.787137e-02;1.259061e-01;6.351562e-02;1.134028e-01;1.129678e-01;1.306601e-01;7.071919e-02
6.589524e-02;7.415124e-02;8.681913e-02;6.135156e-02;7.206313e-02;4.590726e-02;1.110102e-01;1.008866e-01;1.354175e-01;1.028443e-01;1.004645e-01;4.318926e-02
8.470178e-02;8.075589e-02;9.262312e-02;4.184701e-02;4.996322e-02;6.230725e-02;9.169302e-02;1.239951e-01;1.154219e-01;1.160126e-01;1.020829e-01;3.859616e-02
6.283307e-02;8.274501e-02;9.801268e-02;8.118167e-02;4.291632e-02;7.716696e-02;9.555508e-02;9.556662e-02;9.017435e-02;1.246983e-01;1.061510e-01;4.299901e-02
6.023692e-02;8.721400e-02;1.155769e-01;9.262940e-02;3.521710e-02;7.619590e-02;9.779905e-02;8.625223e-02;9.440260e-02;1.063804e-01;9.611052e-02;5.198494e-02
2.533185e-02;6.487289e-02;1.475779e-01;5.634750e-02;7.706328e-02;6.115872e-02;1.360000e-01;6.088438e-02;1.399574e-01;9.044173e-02;5.601069e-02;8.435373e-02
4.573723e-02;7.110536e-02;1.438760e-01;7.155216e-02;7.441133e-02;3.489271e-02;1.207531e-01;6.651320e-02;1.287946e-01;7.271169e-02;8.409905e-02;8.555359e-02
5.737457e-02;5.525842e-02;1.824024e-01;6.856471e-02;6.007243e-02;3.022765e-02;1.238705e-01;9.734958e-02;8.670177e-02;8.301130e-02;8.383768e-02;7.132895e-02
4.915238e-02;5.309151e-02;1.709434e-01;6.290785e-02;5.614610e-02;5.793682e-02;1.462896e-01;1.090103e-01;8.802249e-02;1.063437e-01;6.156755e-02;3.858825e-02
8.026006e-02;6.076420e-02;1.227433e-01;5.513719e-02;5.835615e-02;1.002454e-01;1.580784e-01;1.170491e-01;8.461450e-02;9.470731e-02;3.814751e-02;2.989681e-02
1.324696e-01;5.626492e-02;7.755596e-02;5.025486e-02;5.211173e-02;1.475295e-01;1.789917e-01;1.317591e-01;6.488151e-02;6.844675e-02;1.909576e-02;2.063869e-02
1.722216e-01;3.421056e-02;4.480686e-02;6.695703e-02;8.517160e-02;1.794889e-01;1.819994e-01;1.372019e-01;3.105170e-02;4.160358e-02;9.326184e-03;1.596067e-02
1.639994e-01;4.485361e-02;2.690949e-02;1.364641e-01;8.441418e-02;1.667807e-01;1.847397e-01;1.078141e-01;1.792827e-02;3.617164e-02;1.104902e-02;1.887592e-02
1.181038e-01;9.295364e-02;3.050222e-02;1.508441e-01;9.688245e-02;9.385225e-02;2.594166e-01;5.524548e-02;2.781601e-02;3.103094e-02;2.477530e-02;1.857720e-02
6.928189e-02;1.166436e-01;3.898368e-02;7.183015e-02;1.604696e-01;5.053807e-02;3.164583e-01;6.537405e-02;3.856399e-02;2.231126e-02;3.751868e-02;1.202672e-02
3.859742e-02;9.715689e-02;8.144101e-02;3.048736e-02;1.485623e-01;4.044469e-02;3.026629e-01;1.351046e-01;4.006251e-02;3.275773e-02;3.761655e-02;1.510604e-02
1.621292e-02;5.878741e-02;1.532646e-01;1.896297e-02;8.286662e-02;3.210474e-02;2.415533e-01;1.917561e-01;7.206394e-02;4.936422e-02;4.753014e-02;3.553297e-02
2.704511e-02;3.219373e-02;1.776457e-01;3.739752e-02;5.129666e-02;6.409527e-02;1.628476e-01;1.422135e-01;9.887147e-02;4.626701e-02;9.709463e-02;6.303174e-02
6.518864e-02;3.104756e-02;1.776148e-01;8.107858e-02;4.916981e-02;6.617381e-02;8.328829e-02;7.903944e-02;1.079215e-01;4.499675e-02;1.330572e-01;8.142363e-02
8.499642e-02;3.450226e-02;1.914074e-01;1.070198e-01;4.783192e-02;3.247144e-02;1.019256e-01;7.299270e-02;1.310519e-01;6.124569e-02;7.867845e-02;5.587642e-02
5.585797e-02;2.352965e-02;2.035765e-01;1.364601e-01;4.077468e-02;3.227201e-02;1.195110e-01;7.656515e-02;1.643156e-01;7.681809e-02;4.762448e-02;2.269475e-02
3.004713e-02;2.042561e-02;1.811886e-01;1.409792e-01;3.735776e-02;3.335591e-02;1.856025e-01;9.531286e-02;1.518002e-01;6.151775e-02;4.229300e-02;2.011949e-02
3.452389e-02;4.365122e-02;1.272373e-01;1.054698e-01;5.055193e-02;5.192247e-02;2.647894e-01;9.830132e-02;1.099620e-01;5.444798e-02;2.914049e-02;3.000214e-02
6.569351e-02;8.719542e-02;9.169321e-02;7.137019e-02;9.187622e-02;6.897887e-02;2.766136e-01;7.436831e-02;8.440058e-02;3.780918e-02;2.123725e-02;2.876371e-02
6.366273e-02;8.300754e-02;1.695140e-01;6.390928e-02;9.055617e-02;7.010385e-02;1.992172e-01;5.385971e-02;9.494970e-02;4.177822e-02;4.768592e-02;2.175559e-02
5.938566e-02;2.996240e-02;1.459820e-01;6.990293e-02;8.132127e-02;7.213935e-02;2.145668e-01;9.923302e-02;7.834694e-02;4.819437e-02;7.599363e-02;2.497165e-02
6.890933e-02;4.119962e-02;1.443857e-01;8.509340e-02;1.015761e-01;5.634468e-02;2.053442e-01;1.155014e-01;5.517983e-02;4.312760e-02;4.031236e-02;4.302579e-02
5.653132e-02;6.837211e-02;1.810666e-01;9.166270e-02;1.125615e-01;4.723235e-02;1.600960e-01;1.138109e-01;5.238998e-02;4.393291e-02;3.275459e-02;3.958899e-02
3.646983e-02;6.038973e-02;1.866504e-01;1.023879e-01;1.282814e-01;5.382220e-02;1.333055e-01;1.041285e-01;4.282348e-02;4.718836e-02;5.227017e-02;5.228251e-02
6.853999e-02;6.101932e-02;1.180806e-01;9.578343e-02;9.947320e-02;5.444181e-02;1.013839e-01;8.681418e-02;9.631848e-02;7.275027e-02;5.819504e-02;8.719967e-02
7.174476e-02;6.340630e-02;9.915482e-02;8.336631e-02;8.726736e-02;5.258765e-02;1.109562e-01;7.581757e-02;1.088770e-01;9.481898e-02;6.682011e-02;8.518297e-02
6.936149e-02;6.605686e-02;7.733430e-02;8.099584e-02;9.609658e-02;4.469072e-02;1.334844e-01;6.726842e-02;1.123060e-01;1.100827e-01;6.601966e-02;7.630310e-02
7.977778e-02;5.540548e-02;9.174065e-02;7.223280e-02;8.241018e-02;5.493205e-02;1.313250e-01;1.029939e-01;1.158861e-01;1.327952e-01;5.167193e-02;2.882898e-02
8.854736e-02;3.727558e-02;1.203574e-01;5.931091e-02;5.627455e-02;7.136585e-02;1.169780e-01;1.352818e-01;1.238935e-01;1.134872e-01;2.935685e-02;4.787092e-02
9.396927e-02;4.623732e-02;1.732892e-01;3.662358e-02;5.487401e-02;7.819475e-02;9.820922e-02;1.330241e-01;8.042078e-02;9.994911e-02;4.455978e-02;6.064884e-02
9.165355e-02;6.333423e-02;1.743173e-01;3.861213e-02;6.643181e-02;8.045802e-02;1.050081e-01;1.012989e-01;7.273621e-02;1.062515e-01;4.614817e-02;5.375003e-02
8.485586e-02;8.349960e-02;1.565847e-01;6.489322e-02;8.572081e-02;9.020651e-02;8.713665e-02;1.030505e-01;7.947437e-02;1.008339e-01;2.632813e-02;3.741572e-02
3.301938e-02;5.962652e-02;1.864685e-01;8.180074e-02;8.918685e-02;6.923892e-02;8.855152e-02;1.489011e-01;7.759565e-02;8.723443e-02;3.633159e-02;4.204481e-02
2.360654e-02;6.958271e-02;1.817805e-01;8.971080e-02;1.080562e-01;7.431801e-02;9.931869e-02;1.210577e-01;5.515691e-02;7.572757e-02;4.121608e-02;6.046840e-02
3.022774e-02;6.801216e-02;2.017758e-01;8.206087e-02;1.123248e-01;7.422707e-02;1.062050e-01;9.369793e-02;4.577694e-02;6.420636e-02;5.328548e-02;6.819979e-02
5.643066e-02;6.424847e-02;2.255177e-01;5.970505e-02;1.033600e-01;6.660122e-02;1.599226e-01;7.111092e-02;3.428829e-02;5.799779e-02;4.082646e-02;5.999091e-02
7.738729e-02;4.797798e-02;1.948731e-01;7.040585e-02;7.761379e-02;5.858921e-02;1.838747e-01;8.852452e-02;3.544385e-02;5.811248e-02;6.007430e-02;4.712290e-02
6.631258e-02;6.497967e-02;1.371897e-01;9.396160e-02;6.329854e-02;6.130442e-02;1.776164e-01;1.201037e-01;5.129948e-02;8.162604e-02;4.360409e-02;3.870377e-02
7.225758e-02;5.630254e-02;1.529039e-01;1.038857e-01;6.595057e-02;9.330123e-02;8.127691e-02;9.373605e-02;6.597182e-02;7.350226e-02;7.770784e-02;6.320363e-02
7.875028e-02;3.862093e-02;1.067653e-01;7.209479e-02;1.169458e-01;1.257275e-01;1.310920e-01;9.631060e-02;8.165285e-02;6.387819e-02;5.702569e-02;3.113603e-02
7.133723e-02;2.508082e-02;9.948911e-02;7.979578e-02;9.861548e-02;1.180784e-01;1.574632e-01;1.189226e-01;9.855409e-02;5.269859e-02;5.035576e-02;2.960899e-02
7.222897e-02;1.990283e-02;1.030087e-01;7.057837e-02;6.994381e-02;1.024212e-01;1.699063e-01;1.317992e-01;1.139979e-01;4.046819e-02;7.613024e-02;2.961431e-02
7.886557e-02;1.869700e-02;9.631391e-02;3.311763e-02;6.025802e-02;6.198081e-02;1.863124e-01;1.176474e-01;1.195954e-01;6.961397e-02;1.313648e-01;2.623315e-02
6.277990e-02;3.628872e-02;7.023152e-02;6.066255e-02;2.340123e-02;1.243558e-01;1.412703e-01;1.183404e-01;8.195654e-02;7.910420e-02;1.687375e-01;3.287126e-02
3.109884e-02;5.752116e-02;3.434271e-02;8.427559e-02;6.151402e-02;1.577251e-01;1.156415e-01;1.308271e-01;7.311609e-02;6.019235e-02;1.265204e-01;6.722515e-02
1.739158e-02;5.865362e-02;5.348696e-02;4.710658e-02;1.266499e-01;9.960005e-02;1.525202e-01;1.031924e-01;1.109350e-01;4.517847e-02;5.766461e-02;1.276207e-01
6.862979e-02;3.052031e-02;6.842545e-02;4.844476e-02;1.273348e-01;8.055841e-02;1.375751e-01;8.534187e-02;1.439125e-01;6.324523e-02;2.232935e-02;1.236825e-01
1.316819e-01;3.570217e-02;4.206352e-02;8.751886e-02;7.566309e-02;1.358954e-01;9.187236e-02;9.526102e-02;9.937256e-02;1.075519e-01;2.231645e-02;7.510071e-02
1.159165e-01;9.100097e-02;1.694221e-02;8.330384e-02;7.777055e-02;1.078827e-01;1.682536e-01;7.062348e-02;7.346511e-02;1.018331e-01;5.589250e-02;3.711545e-02
4.763183e-02;1.218818e-01;3.956125e-02;4.416770e-02;1.243482e-01;4.318843e-02;2.504684e-01;7.690126e-02;6.385800e-02;6.014491e-02;9.749858e-02;3.034951e-02
1.460005e-02;9.939775e-02;7.490249e-02;2.202208e-02;1.298398e-01;2.918917e-02;2.287880e-01;1.772685e-01;3.395363e-02;4.153176e-02;1.059137e-01;4.259323e-02
1.430765e-02;5.794057e-02;1.025177e-01;8.620402e-03;7.360407e-02;5.191528e-02;2.002871e-01;2.872839e-01;2.404319e-02;4.371880e-02;7.935451e-02;5.640686e-02
2.573374e-02;6.266002e-02;1.092149e-01;6.377359e-03;2.491432e-02;8.511648e-02;2.018847e-01;2.926106e-01;4.130007e-02;4.709958e-02;4.075496e-02;6.233330e-02
5.554131e-02;7.689499e-02;9.735978e-02;2.545075e-02;5.611206e-02;1.043834e-01;2.106239e-01;2.122853e-01;4.414828e-02;4.129766e-02;2.117919e-02;5.472337e-02
7.156382e-02;7.568604e-02;7.096306e-02;4.806886e-02;1.140383e-01;8.313534e-02;2.325699e-01;1.346835e-01;4.796667e-02;4.301576e-02;4.202014e-02;3.628853e-02
3.674930e-02;4.581524e-02;6.669394e-02;4.129243e-02;1.167322e-01;4.346634e-02;2.202567e-01;1.814568e-01;6.110072e-02;5.264566e-02;9.647207e-02;3.731861e-02
2.186670e-02;3.444335e-02;7.431673e-02;2.850207e-02;1.054009e-01;5.797641e-02;2.427988e-01;1.960563e-01;5.378311e-02;2.913936e-02;1.073880e-01;4.832830e-02
4.124536e-02;5.259880e-02;8.020946e-02;2.403009e-02;1.126099e-01;9.054837e-02;2.865713e-01;1.665871e-01;4.858240e-02;2.389289e-02;5.596515e-02;1.715918e-02
5.837114e-02;6.276224e-02;8.865376e-02;1.306673e-02;8.898874e-02;1.044352e-01;2.861809e-01;1.200526e-01;7.276691e-02;3.385076e-02;2.643231e-02;4.443878e-02
1.148734e-01;8.864441e-02;9.180734e-02;1.799309e-02;7.537358e-02;1.138325e-01;2.294036e-01;6.854084e-02;6.688185e-02;3.801328e-02;3.851204e-02;5.612414e-02
1.465445e-01;8.987074e-02;8.945845e-02;2.413085e-02;8.613016e-02;9.560123e-02;1.990776e-01;1.013769e-01;4.307966e-02;3.809940e-02;3.132559e-02;5.530493e-02
1.359061e-01;7.282968e-02;1.000318e-01;3.897981e-02;9.659502e-02;7.164986e-02;2.040303e-01;1.170040e-01;2.740991e-02;4.815221e-02;3.419206e-02;5.321919e-02
8.453492e-02;5.822371e-02;1.091702e-01;5.433743e-02;8.539461e-02;7.274807e-02;1.516146e-01;1.384082e-01;5.375045e-02;9.604126e-02;4.496075e-02;5.081570e-02
5.188685e-02;4.800209e-02;8.290990e-02;5.955669e-02;7.710329e-02;5.651861e-02;1.383618e-01;1.448164e-01;1.059652e-01;1.294987e-01;4.269011e-02;6.269048e-02
6.463546e-02;4.604512e-02;4.564518e-02;5.545939e-02;7.686295e-02;8.022893e-02;1.459009e-01;8.460265e-02;1.256456e-01;1.590809e-01;6.027268e-02;5.562020e-02
5.610459e-02;3.969469e-02;9.200811e-02;4.494297e-02;5.034946e-02;7.561388e-02;1.526737e-01;8.405769e-02;1.443091e-01;1.811831e-01;4.026032e-02;3.880234e-02
3.902370e-02;3.154033e-02;1.078838e-01;5.851432e-02;6.154244e-02;4.994687e-02;1.631080e-01;1.631157e-01;1.374742e-01;1.238818e-01;2.587160e-02;3.809730e-02
5.557723e-02;4.089297e-02;5.164945e-02;5.818627e-02;6.990381e-02;4.608437e-02;1.795984e-01;1.704422e-01;8.937839e-02;5.286255e-02;7.822176e-02;1.072026e-01
7.550075e-02;3.660308e-02;3.562717e-02;4.105994e-02;3.803532e-02;5.216112e-02;1.544349e-01;9.648313e-02;1.547357e-01;1.013362e-01;1.177763e-01;9.624645e-02
9.242354e-02;4.924731e-02;4.747590e-02;5.149160e-02;3.446944e-02;5.093233e-02;1.448823e-01;1.020320e-01;1.655614e-01;1.258163e-01;8.492584e-02;5.074198e-02
1.040282e-01;7.100082e-02;7.280932e-02;4.847592e-02;5.395405e-02;3.619584e-02;1.269616e-01;9.043959e-02;1.456820e-01;9.773441e-02;7.690863e-02;7.580973e-02
1.098840e-01;7.958855e-02;9.251069e-02;5.787095e-02;5.518523e-02;3.855331e-02;1.030931e-01;6.473536e-02;1.396317e-01;9.728801e-02;6.897919e-02;9.267990e-02
1.083103e-01;5.985485e-02;6.317139e-02;1.611446e-01;4.551310e-02;3.277368e-02;1.144953e-01;4.862752e-02;1.141601e-01;9.611084e-02;4.295776e-02;1.128806e-01
3.667693e-02;5.128558e-02;1.469615e-01;1.780152e-01;6.906900e-02;8.825204e-02;1.082545e-01;8.232304e-02;5.408574e-02;5.521999e-02;3.552547e-02;9.433103e-02
7.752082e-02;1.243956e-01;1.625344e-01;9.987521e-02;3.657397e-02;1.107798e-01;1.233020e-01;5.658224e-02;4.586299e-02;5.428064e-02;6.284312e-02;4.544934e-02
7.004838e-02;1.289207e-01;1.941376e-01;1.220875e-01;3.575413e-02;1.015324e-01;1.335263e-01;7.025352e-02;1.863533e-02;5.557364e-02;5.838461e-02;1.114586e-02
6.152416e-02;1.279062e-01;1.999413e-01;1.298946e-01;5.584690e-02;8.974104e-02;1.201546e-01;6.200961e-02;2.522582e-02;5.425630e-02;5.098066e-02;2.251879e-02
5.960808e-02;1.297024e-01;1.979450e-01;1.420825e-01;6.824693e-02;8.011065e-02;1.156457e-01;4.634467e-02;2.464144e-02;5.138296e-02;4.931086e-02;3.497886e-02
1.251865e-01;1.156156e-01;1.572955e-01;7.488184e-02;5.097190e-02;6.505726e-02;1.242413e-01;3.314424e-02;5.209335e-02;6.796751e-02;7.186864e-02;6.167639e-02
1.902762e-01;1.182826e-01;1.168613e-01;3.401566e-02;3.382655e-02;6.779828e-02;1.036359e-01;2.328369e-02;9.993539e-02;9.126164e-02;6.777356e-02;5.304930e-02
2.403565e-01;9.856666e-02;6.798765e-02;2.462844e-02;5.586085e-02;1.044764e-01;7.251602e-02;1.838448e-02;1.528985e-01;7.587916e-02;3.882628e-02;4.961915e-02
2.644297e-01;4.904326e-02;2.631793e-02;6.708251e-03;7.515867e-02;1.699877e-01;9.306551e-02;1.960393e-02;1.664336e-01;6.878489e-02;1.572618e-02;4.474043e-02
2.127104e-01;6.220138e-02;1.910575e-02;2.083042e-02;5.496521e-02;1.910696e-01;1.831464e-01;1.544883e-02;8.979432e-02;1.091602e-01;1.837564e-02;2.319193e-02
1.445905e-01;8.935814e-02;1.909012e-02;1.916335e-02;3.455385e-02;1.562611e-01;3.319717e-01;1.480488e-02;3.637243e-02;9.908085e-02;4.107372e-02;1.367933e-02
7.742956e-02;1.029874e-01;2.145424e-02;7.963615e-03;3.210334e-02;1.098696e-01;4.723783e-01;3.398013e-02;2.547938e-02;4.896402e-02;5.934082e-02;8.049672e-03
3.840915e-02;9.320963e-02;5.567183e-02;9.348664e-03;3.882343e-02;7.649757e-02;4.978485e-01;7.768347e-02;2.377830e-02;1.624489e-02;6.190877e-02;1.057578e-02
1.631151e-02;8.080365e-02;1.399572e-01;1.469861e-02;3.780423e-02;5.438730e-02;3.984930e-01;1.286990e-01;3.007559e-02;2.360416e-02;4.286599e-02;3.229982e-02
9.234088e-03;8.155510e-02;2.401592e-01;1.994765e-02;2.836891e-02;6.761775e-02;2.522589e-01;1.454899e-01;4.204344e-02;3.284115e-02;2.090861e-02;5.957533e-02
3.835195e-02;9.427737e-02;2.764173e-01;3.455926e-02;1.666667e-02;9.165798e-02;1.704780e-01;9.575629e-02;7.116251e-02;3.655399e-02;7.962795e-03;6.615584e-02
6.822030e-02;8.121441e-02;2.066196e-01;7.605816e-02;2.139184e-02;8.917020e-02;1.090111e-01;7.336332e-02;1.638574e-01;4.236006e-02;1.837890e-02;5.035472e-02
8.044935e-02;3.849726e-02;9.298003e-02;1.166921e-01;2.561104e-02;5.156720e-02;1.336759e-01;5.813624e-02;2.879443e-01;5.895382e-02;3.143559e-02;2.405722e-02
8.703703e-02;1.340866e-02;4.123446e-02;1.153285e-01;2.299440e-02;3.310297e-02;1.478040e-01;5.013802e-02;3.564647e-01;8.156053e-02;4.089702e-02;1.002964e-02
1.019712e-01;5.425171e-03;3.794956e-02;8.702881e-02;2.492367e-02;1.568866e-02;2.001785e-01;5.150004e-02;3.316533e-01;9.813104e-02;3.763728e-02;7.912768e-03
1.159633e-01;7.979851e-03;4.052358e-02;1.066350e-01;2.006533e-02;1.919191e-02;1.902069e-01;5.207836e-02;3.009112e-01;1.053790e-01;3.389485e-02;7.170752e-03
1.209474e-01;5.810769e-03;3.416749e-02;1.350923e-01;9.835049e-03;1.333943e-02;1.588239e-01;5.480625e-02;3.209753e-01;1.077966e-01;3.395882e-02;4.446607e-03
9.628663e-02;2.017609e-02;4.874438e-02;9.773719e-02;2.868777e-02;2.466416e-02;1.537793e-01;7.995542e-02;2.612358e-01;1.226840e-01;3.735419e-02;2.869506e-02
5.804381e-02;3.227421e-02;1.185177e-01;9.537128e-02;4.380131e-02;6.445032e-02;1.027453e-01;1.267896e-01;1.770951e-01;7.993059e-02;3.020387e-02;7.077684e-02
3.871411e-02;1.479480e-02;1.510881e-01;1.283263e-01;7.700022e-02;7.146749e-02;7.377578e-02;1.441847e-01;1.549272e-01;4.080006e-02;2.185288e-02;8.306833e-02
2.187088e-02;4.200179e-02;1.438497e-01;8.046601e-02;1.173225e-01;9.518573e-02;1.040756e-01;1.509815e-01;9.928606e-02;2.099563e-02;4.155372e-02;8.241090e-02
4.051604e-02;9.255506e-02;8.956788e-02;4.275841e-02;1.338538e-01;9.593759e-02;1.824607e-01;9.085844e-02;6.784111e-02;3.995152e-02;5.935289e-02;6.434651e-02
8.787026e-02;9.115245e-02;6.375073e-02;7.822999e-02;9.901237e-02;6.284017e-02;2.037199e-01;7.582215e-02;7.884087e-02;7.309849e-02;3.491876e-02;5.074386e-02
7.221050e-02;3.989052e-02;6.495082e-02;6.991977e-02;9.521524e-02;9.469674e-02;1.575655e-01;1.175159e-01;1.293351e-01;6.833842e-02;3.284391e-02;5.751757e-02
6.161457e-02;7.625894e-02;5.443029e-02;7.400069e-02;8.455272e-02;7.600141e-02;1.131289e-01;1.695214e-01;1.094000e-01;7.010951e-02;5.672337e-02;5.425821e-02
9.366610e-02;6.788641e-02;1.045402e-01;4.246510e-02;8.771339e-02;7.173416e-02;1.574243e-01;1.523074e-01;6.667736e-02;8.235835e-02;4.859407e-02;2.463308e-02
8.089373e-02;5.384342e-02;1.031253e-01;2.794478e-02;9.568935e-02;3.492747e-02;1.786061e-01;1.554045e-01;9.961433e-02;8.327359e-02;3.705500e-02;4.962236e-02
4.394619e-02;9.020858e-02;5.950231e-02;6.118834e-02;6.186914e-02;9.284872e-02;9.930970e-02;1.896432e-01;1.542303e-01;5.467792e-02;2.543417e-02;6.714144e-02
2.349708e-02;1.326832e-01;4.341276e-02;8.689109e-02;3.291771e-02;9.678601e-02;7.813006e-02;1.451339e-01;2.343372e-01;4.679943e-02;2.877132e-02;5.064018e-02
3.141829e-02;1.532032e-01;3.214098e-02;9.438919e-02;2.736044e-02;6.335013e-02;1.118775e-01;7.945656e-02;2.787537e-01;6.962908e-02;3.512723e-02;2.329371e-02
2.617490e-02;1.504188e-01;4.245944e-02;7.877009e-02;2.141783e-02;4.921944e-02;1.324432e-01;7.228678e-02;2.670981e-01;8.898504e-02;5.324300e-02;1.748330e-02
5.673617e-02;1.272735e-01;2.839517e-02;5.065823e-02;3.723335e-02;3.236501e-02;1.519981e-01;1.062559e-01;2.311773e-01;1.036238e-01;5.797001e-02;1.631345e-02
6.309225e-02;9.687881e-02;3.585583e-02;4.608292e-02;2.868841e-02;2.570818e-02;1.874411e-01;9.678948e-02;1.922640e-01;1.379292e-01;6.930608e-02;1.996374e-02
7.077322e-02;7.272784e-02;3.674032e-02;5.180834e-02;3.668657e-02;2.241088e-02;2.132246e-01;9.432005e-02;1.383177e-01;1.580919e-01;8.592188e-02;1.897665e-02
6.432661e-02;1.017740e-01;3.766347e-02;5.343077e-02;3.401566e-02;3.672001e-02;1.791530e-01;7.245791e-02;2.001200e-01;1.318039e-01;6.311504e-02;2.541971e-02
4.573256e-02;1.337360e-01;3.383543e-02;7.527890e-02;1.732871e-02;5.433231e-02;1.300825e-01;6.990890e-02;2.740001e-01;8.898148e-02;3.578351e-02;4.099955e-02
2.751004e-02;1.613138e-01;4.377170e-02;8.260526e-02;1.830734e-02;8.384581e-02;9.001116e-02;4.687275e-02;3.154019e-01;4.505858e-02;2.951666e-02;5.578492e-02
2.512461e-02;1.470016e-01;5.132254e-02;6.519993e-02;2.411769e-02;8.028892e-02;6.090407e-02;1.469255e-01;2.514370e-01;3.257790e-02;2.779297e-02;8.730722e-02
2.314696e-02;9.641638e-02;8.704057e-02;4.380400e-02;5.940256e-02;5.131226e-02;7.429712e-02;2.490841e-01;1.096366e-01;7.721326e-02;3.901424e-02;8.963199e-02
5.641100e-02;3.915752e-02;1.198536e-01;2.835009e-02;7.980761e-02;3.019729e-02;1.137612e-01;2.124800e-01;9.401519e-02;1.264538e-01;4.218580e-02;5.732695e-02
8.755758e-02;4.307088e-02;8.585585e-02;3.856004e-02;6.092092e-02;4.039760e-02;1.196164e-01;1.499436e-01;1.767211e-01;1.059295e-01;5.486776e-02;3.655881e-02
7.465050e-02;7.372883e-02;4.422698e-02;5.661580e-02;3.002127e-02;5.695854e-02;7.984126e-02;1.687258e-01;1.975858e-01;1.018804e-01;6.570710e-02;5.005758e-02
5.405601e-02;8.377932e-02;5.113186e-02;4.531050e-02;5.203943e-02;3.507206e-02;8.597960e-02;1.496044e-01;1.877153e-01;1.148991e-01;5.482215e-02;8.559033e-02
7.054330e-02;5.887718e-02;5.529175e-02;4.584805e-02;7.530084e-02;5.168094e-02;1.013060e-01;6.588469e-02;2.254767e-01;1.090126e-01;3.808970e-02;1.026883e-01
1.170569e-01;4.688404e-02;3.656429e-02;5.340811e-02;6.078847e-02;7.237229e-02;1.035904e-01;1.003016e-01;1.604746e-01;1.386227e-01;2.441655e-02;8.552007e-02
1.205371e-01;8.103555e-02;2.777945e-02;5.322102e-02;4.354619e-02;6.189603e-02;1.744293e-01;7.250275e-02;1.013852e-01;1.536213e-01;3.985523e-02;7.019098e-02
6.151756e-02;1.180708e-01;3.535713e-02;3.438293e-02;3.307053e-02;4.525433e-02;2.591873e-01;3.750879e-02;1.650118e-01;8.221679e-02;8.443451e-02;4.398750e-02
1.871893e-02;1.274520e-01;2.207161e-02;2.217199e-02;3.984465e-02;3.375133e-02;3.122880e-01;5.545728e-02;2.153658e-01;2.430267e-02;1.166558e-01;1.192009e-02
2.066021e-02;1.252210e-01;2.108075e-02;1.064342e-02;4.417441e-02;2.662658e-02;3.470233e-01;4.385945e-02;2.068398e-01;2.304139e-02;1.227167e-01;8.113009e-03
2.714145e-02;1.321043e-01;1.988386e-02;6.302741e-03;4.103774e-02;3.562276e-02;3.838717e-01;3.024949e-02;1.814030e-01;1.677515e-02;1.110485e-01;1.455939e-02
4.705658e-02;1.353282e-01;2.244049e-02;1.700686e-02;3.662329e-02;6.156266e-02;3.827548e-01;3.018554e-02;1.333253e-01;2.953492e-02;8.669960e-02;1.748187e-02
7.592583e-02;1.339181e-01;2.482594e-02;3.862369e-02;4.194174e-02;1.045716e-01;3.395526e-01;4.107368e-02;7.860142e-02;4.094502e-02;6.297234e-02;1.704800e-02
9.531097e-02;1.232627e-01;3.539918e-02;6.132709e-02;7.318165e-02;1.422999e-01;2.353846e-01;6.940316e-02;4.496306e-02;5.304581e-02;4.723353e-02;1.918832e-02
6.824280e-02;1.064525e-01;5.518851e-02;5.531872e-02;1.183279e-01;1.513564e-01;1.116552e-01;1.115670e-01;9.135537e-02;4.683836e-02;5.110424e-02;3.259304e-02
6.079806e-02;7.125570e-02;9.745731e-02;4.140919e-02;1.666995e-01;1.136426e-01;1.923237e-01;7.030783e-02;7.019305e-02;2.882684e-02;5.155734e-02;3.552880e-02
2.661828e-02;4.894117e-02;2.155379e-01;8.128846e-02;1.382341e-01;1.008665e-01;1.423698e-01;8.166955e-02;4.633274e-02;4.886675e-02;4.016189e-02;2.911286e-02
2.251464e-02;5.116861e-02;3.425899e-01;8.343691e-02;7.351842e-02;6.954706e-02;1.200277e-01;6.838278e-02;4.192106e-02;6.092994e-02;3.479436e-02;3.116869e-02
4.740630e-02;7.145531e-02;3.513041e-01;6.852561e-02;4.975459e-02;6.185570e-02;1.211516e-01;8.315440e-02;3.582069e-02;6.133784e-02;2.192192e-02;2.631195e-02
7.720876e-02;8.182650e-02;2.666537e-01;5.366426e-02;5.141332e-02;6.065888e-02;1.309678e-01;8.021461e-02;9.284788e-02;5.960003e-02;2.592042e-02;1.902393e-02
9.714881e-02;8.354842e-02;1.877378e-01;4.487039e-02;6.094303e-02;5.792663e-02;1.426672e-01;8.871917e-02;9.852334e-02;6.593437e-02;2.551547e-02;4.646541e-02
7.272276e-02;7.080419e-02;1.467150e-01;6.895647e-02;8.533372e-02;6.846742e-02;2.103473e-01;6.578396e-02;5.941564e-02;5.790740e-02;2.614264e-02;6.740355e-02
3.644939e-02;5.666811e-02;9.382806e-02;8.012959e-02;6.989479e-02;9.926736e-02;2.957128e-01;6.417836e-02;4.561046e-02;5.168687e-02;2.453458e-02;8.203967e-02
1.531852e-02;3.892405e-02;8.723545e-02;5.948939e-02;4.715078e-02;1.075515e-01;3.203028e-01;8.792681e-02;7.733129e-02;4.124387e-02;3.868061e-02;7.884493e-02
1.950648e-02;3.314292e-02;9.406687e-02;4.874008e-02;5.400012e-02;8.196383e-02;3.109074e-01;1.061955e-01;1.049884e-01;4.460251e-02;3.876111e-02;6.312484e-02
1.387333e-02;3.614096e-02;1.125414e-01;4.393860e-02;6.167662e-02;8.694544e-02;2.809289e-01;9.295510e-02;1.404391e-01;5.193135e-02;4.100380e-02;3.762539e-02
2.285093e-02;3.718650e-02;1.082172e-01;2.117326e-02;5.117912e-02;1.131833e-01;2.974620e-01;6.527884e-02;1.565974e-01;5.143275e-02;5.682139e-02;1.861731e-02
3.576914e-02;3.841274e-02;6.518280e-02;2.656711e-02;4.007531e-02;1.058336e-01;3.162558e-01;9.843937e-02;1.512723e-01;4.553808e-02;5.372666e-02;2.292707e-02
3.518768e-02;4.731163e-02;4.457283e-02;4.576278e-02;7.229801e-02;1.147157e-01;3.126501e-01;6.521958e-02;1.377352e-01;4.608670e-02;4.833955e-02;3.012028e-02
2.875634e-02;4.926343e-02;4.570938e-02;4.577295e-02;6.652638e-02;1.218378e-01;2.493864e-01;8.768252e-02;1.330933e-01;6.303661e-02;6.332164e-02;4.561321e-02
3.185307e-02;3.332110e-02;6.175229e-02;2.562978e-02;6.692483e-02;6.903228e-02;1.408616e-01;1.679541e-01;1.756205e-01;7.820513e-02;7.401330e-02;7.483201e-02
2.803392e-02;2.187099e-02;4.428397e-02;1.681951e-02;5.549814e-02;7.233832e-02;1.740152e-01;1.932178e-01;1.887991e-01;6.161044e-02;8.641227e-02;5.710031e-02
3.283131e-02;3.647786e-02;6.215992e-02;1.712420e-02;3.842361e-02;5.294890e-02;2.285585e-01;1.617798e-01;1.782054e-01;6.697536e-02;7.284427e-02;5.167073e-02
2.434890e-02;4.322198e-02;7.108252e-02;2.644222e-02;5.045911e-02;5.706085e-02;2.889170e-01;1.561600e-01;1.435684e-01;5.859340e-02;4.811909e-02;3.202646e-02
5.543104e-02;4.569045e-02;5.920631e-02;2.734742e-02;4.870445e-02;6.179184e-02;2.740256e-01;1.904377e-01;1.113146e-01;5.200456e-02;2.841021e-02;4.563590e-02
6.573943e-02;4.947060e-02;8.177935e-02;3.428559e-02;4.862822e-02;4.717077e-02;2.293181e-01;1.517140e-01;1.130251e-01;6.821311e-02;4.204556e-02;6.861009e-02
8.222079e-02;3.968253e-02;9.468456e-02;6.051911e-02;6.091216e-02;5.878390e-02;1.504640e-01;1.189563e-01;1.151485e-01;1.073763e-01;5.751436e-02;5.373740e-02
6.328624e-02;5.277277e-02;1.386699e-01;4.993618e-02;6.446265e-02;5.931133e-02;6.540649e-02;1.132282e-01;1.585576e-01;9.705786e-02;8.424713e-02;5.306355e-02
