1.422852e-01;1.402247e-01;3.640409e-02;3.771475e-02;5.091917e-02;5.669900e-02;9.480751e-02;1.352971e-01;5.711005e-02;1.092458e-01;9.437443e-02;4.491814e-02
1.894818e-01;2.869530e-01;4.841167e-02;1.738778e-02;2.688608e-02;4.672885e-02;1.382816e-01;1.003866e-01;2.216217e-02;4.427607e-02;6.221043e-02;1.683402e-02
2.632077e-01;3.364715e-01;4.410326e-02;1.478859e-02;2.219786e-02;3.222441e-02;1.188550e-01;9.533878e-02;2.089396e-02;1.636998e-02;3.107512e-02;4.473857e-03
3.309368e-01;3.314866e-01;3.579715e-02;1.074333e-02;2.291356e-02;2.145096e-02;8.417040e-02;9.594960e-02;1.710904e-02;1.363196e-02;3.182001e-02;3.990562e-03
4.192497e-01;3.255575e-01;2.421165e-02;6.616209e-03;2.988646e-02;1.469326e-02;2.522730e-02;1.158769e-01;9.111984e-03;1.019220e-02;1.464831e-02;4.728510e-03
3.423299e-01;2.811775e-01;2.388569e-02;1.017466e-02;3.204921e-02;2.063292e-02;7.364932e-02;1.366255e-01;1.770722e-02;1.481383e-02;4.188367e-02;5.070619e-03
2.074914e-01;2.768997e-01;3.817009e-02;1.452435e-02;2.482743e-02;3.005929e-02;1.172334e-01;1.362480e-01;3.482463e-02;2.731416e-02;8.367652e-02;8.731010e-03
1.172667e-01;3.063034e-01;6.191119e-02;1.423093e-02;1.644601e-02;3.046384e-02;1.226529e-01;1.165282e-01;4.514024e-02;6.195715e-02;9.872452e-02;8.375013e-03
6.567035e-02;3.809803e-01;1.092260e-01;1.471904e-02;1.438254e-02;4.142088e-02;8.728602e-02;7.062696e-02;4.497271e-02;1.106229e-01;5.615477e-02;3.937444e-03
6.606257e-02;3.931655e-01;1.315428e-01;1.196389e-02;1.740063e-02;1.079806e-01;8.396381e-02;3.336488e-02;3.013577e-02;1.071746e-01;1.477128e-02;2.473659e-03
9.042396e-02;3.576317e-01;1.323541e-01;1.318959e-02;3.306689e-02;1.456072e-01;9.588320e-02;2.711914e-02;8.541497e-03;8.278415e-02;1.180629e-02;1.592251e-03
1.136276e-01;3.936571e-01;1.432507e-01;1.850293e-02;3.474138e-02;8.855531e-02;7.328261e-02;3.024956e-02;1.998487e-02;7.437797e-02;7.517658e-03;2.252341e-03
1.908898e-01;4.023612e-01;1.213713e-01;1.690871e-02;1.610673e-02;1.682695e-02;4.890073e-02;5.146913e-02;5.117084e-02;6.584360e-02;1.097176e-02;7.179247e-03
2.516599e-01;2.551657e-01;8.286206e-02;1.216842e-02;1.137892e-02;5.476737e-02;6.312851e-02;7.423842e-02;6.846947e-02;5.823613e-02;5.298627e-02;1.493886e-02
2.206053e-01;2.442554e-01;7.608949e-02;1.486992e-02;1.479752e-02;6.870037e-02;6.282698e-02;3.901481e-02;4.783633e-02;6.720648e-02;1.271171e-01;1.668031e-02
9.642869e-02;2.423977e-01;1.037049e-01;1.840866e-02;1.162592e-02;8.050641e-02;1.111837e-01;4.776878e-02;3.502482e-02;9.877237e-02;1.386932e-01;1.548489e-02
1.175758e-01;2.241048e-01;1.216253e-01;2.470946e-02;1.098013e-02;7.104808e-02;1.199610e-01;7.158430e-02;3.863170e-02;9.590697e-02;9.540177e-02;8.470704e-03
1.418638e-01;2.499035e-01;1.488447e-01;1.917621e-02;1.512692e-02;5.205312e-02;1.139480e-01;6.229200e-02;4.810418e-02;8.168967e-02;5.998293e-02;7.014937e-03
1.237466e-01;2.281693e-01;1.765490e-01;1.959488e-02;1.527615e-02;3.488738e-02;1.229023e-01;8.056986e-02;5.370912e-02;1.047885e-01;2.468607e-02;1.512088e-02
1.909808e-01;1.234678e-01;1.297400e-01;1.911379e-02;1.754120e-02;8.798169e-02;1.064822e-01;6.244108e-02;4.493868e-02;1.273718e-01;6.593586e-02;2.400510e-02
1.284744e-01;1.335796e-01;6.759676e-02;3.117828e-02;2.324431e-02;8.701623e-02;1.613053e-01;1.147443e-01;3.563395e-02;1.147668e-01;7.813304e-02;2.432711e-02
1.129552e-01;1.045027e-01;3.075929e-02;1.498549e-02;3.813751e-02;8.811994e-02;1.837779e-01;1.469281e-01;4.568632e-02;7.654030e-02;1.257087e-01;3.189858e-02
1.355858e-01;1.251145e-01;3.726866e-02;3.381232e-02;4.407249e-02;8.947974e-02;1.616358e-01;1.274021e-01;4.359290e-02;5.776186e-02;1.152158e-01;2.905815e-02
1.726378e-01;1.779238e-01;6.364439e-02;6.881326e-02;5.512523e-02;6.150154e-02;1.098544e-01;1.026672e-01;4.578038e-02;4.864880e-02;6.674609e-02;2.665709e-02
9.867470e-02;3.627514e-01;7.842150e-02;5.658505e-02;4.949557e-02;8.730362e-02;6.401016e-02;7.781074e-02;4.879883e-02;3.331595e-02;2.171394e-02;2.111855e-02
1.202595e-01;4.679784e-01;8.204404e-02;2.951327e-02;3.104189e-02;5.981450e-02;4.694684e-02;5.614873e-02;4.501321e-02;3.391264e-02;1.875463e-02;8.572271e-03
1.522693e-01;4.504940e-01;8.306316e-02;1.597548e-02;1.298593e-02;4.292919e-02;7.496456e-02;4.957436e-02;3.972006e-02;3.093894e-02;4.063572e-02;6.449288e-03
1.631151e-01;3.465025e-01;5.847359e-02;1.624479e-02;7.897319e-03;1.346286e-01;9.061322e-02;5.212533e-02;4.165413e-02;1.613052e-02;6.444165e-02;8.173225e-03
1.065555e-01;2.832123e-01;5.686491e-02;1.861866e-02;2.429659e-02;2.096757e-01;8.726382e-02;5.034829e-02;5.495412e-02;2.944359e-02;6.945769e-02;9.308831e-03
3.566950e-02;1.731759e-01;1.241198e-01;2.916836e-02;3.072650e-02;1.418320e-01;2.606384e-01;3.336339e-02;3.457043e-02;8.639228e-02;4.152760e-02;8.815779e-03
1.669786e-02;1.048685e-01;1.472243e-01;2.023298e-02;3.459794e-02;4.627618e-02;4.346276e-01;1.969042e-02;1.366247e-02;1.257534e-01;3.010322e-02;6.265251e-03
1.513196e-02;6.781920e-02;1.408069e-01;1.267237e-02;2.626200e-02;3.088399e-02;4.786313e-01;1.948253e-02;1.568003e-02;1.391458e-01;4.974082e-02;3.743049e-03
1.602836e-02;5.446318e-02;1.186554e-01;2.327854e-02;1.432496e-02;4.487444e-02;4.380557e-01;1.431376e-02;9.632527e-03;1.294723e-01;1.306611e-01;6.239720e-03
1.757326e-02;3.462897e-02;8.011057e-02;7.779171e-02;7.660057e-03;3.739045e-02;2.922554e-01;4.900514e-02;9.053731e-03;1.018778e-01;2.839316e-01;8.721343e-03
1.494186e-02;2.615169e-02;3.952039e-02;1.564851e-01;1.294127e-02;3.676559e-02;1.273765e-01;1.261010e-01;1.161209e-02;5.420196e-02;3.776821e-01;1.622055e-02
1.321926e-02;2.624387e-02;2.008862e-02;1.912508e-01;2.660858e-02;2.688135e-02;4.972297e-02;1.752805e-01;1.759691e-02;3.882057e-02;3.436060e-01;7.068068e-02
1.057283e-02;2.704783e-02;1.973212e-02;1.703110e-01;3.061931e-02;2.799381e-02;4.186437e-02;1.963500e-01;3.304254e-02;3.785095e-02;2.566492e-01;1.479660e-01
1.112375e-02;1.608963e-02;2.441386e-02;8.651774e-02;1.295185e-01;3.600162e-02;7.595833e-02;1.399632e-01;6.186302e-02;2.656715e-02;1.558488e-01;2.361344e-01
3.033902e-02;1.525571e-02;2.986935e-02;4.062868e-02;1.948451e-01;5.535673e-02;1.043662e-01;7.832587e-02;9.086899e-02;2.653961e-02;4.385685e-02;2.897479e-01
3.093085e-02;1.709584e-02;3.228431e-02;2.534682e-02;1.902190e-01;7.598072e-02;1.333925e-01;5.835596e-02;1.134774e-01;3.114371e-02;5.385054e-02;2.379223e-01
3.173482e-02;5.036062e-02;3.885166e-02;3.279366e-02;1.582523e-01;9.107155e-02;1.885936e-01;7.623632e-02;1.196615e-01;2.910797e-02;2.976029e-02;1.535757e-01
8.451091e-02;1.263932e-01;4.556301e-02;4.854029e-02;9.600125e-02;7.907224e-02;2.116051e-01;8.680072e-02;8.895997e-02;2.799462e-02;2.018019e-02;8.437845e-02
1.219871e-01;1.808878e-01;5.424384e-02;5.646333e-02;5.666887e-02;7.441146e-02;1.700939e-01;6.245240e-02;6.364124e-02;3.197270e-02;4.458711e-02;8.259020e-02
9.439592e-02;1.248657e-01;4.783004e-02;7.823849e-02;8.203793e-02;7.869426e-02;1.303184e-01;6.432164e-02;6.595398e-02;3.232265e-02;8.074719e-02;1.202738e-01
4.498429e-02;6.089843e-02;5.915929e-02;7.714318e-02;7.771868e-02;8.864745e-02;1.472335e-01;8.498985e-02;5.570376e-02;3.900228e-02;1.552105e-01;1.093088e-01
4.026227e-02;7.865013e-02;7.273132e-02;4.959821e-02;7.270384e-02;7.783806e-02;1.411095e-01;8.227123e-02;9.295692e-02;5.195065e-02;1.332157e-01;1.067122e-01
4.956934e-02;6.548720e-02;5.534118e-02;5.452603e-02;6.611867e-02;6.706353e-02;1.299491e-01;8.638675e-02;1.423302e-01;6.698901e-02;6.598677e-02;1.502521e-01
8.531829e-02;5.962070e-02;2.813060e-02;6.422273e-02;6.790714e-02;5.968615e-02;1.257679e-01;1.290824e-01;1.267780e-01;7.360922e-02;6.732111e-02;1.125558e-01
1.024458e-01;7.152838e-02;2.664133e-02;5.441967e-02;7.475298e-02;6.294754e-02;1.430099e-01;1.096049e-01;1.061396e-01;9.771878e-02;7.524255e-02;7.554866e-02
9.584679e-02;1.124554e-01;2.918726e-02;6.035464e-02;8.079284e-02;1.093181e-01;9.648697e-02;9.557162e-02;1.296691e-01;6.298586e-02;7.605433e-02;5.127696e-02
1.924266e-01;1.794623e-01;2.944669e-02;3.664830e-02;4.301478e-02;9.272033e-02;1.165467e-01;1.159154e-01;7.979436e-02;2.152767e-02;5.814011e-02;3.435671e-02
3.325189e-01;2.857910e-01;3.092908e-02;1.107448e-02;2.386472e-02;4.773860e-02;9.875996e-02;8.569998e-02;2.577335e-02;1.731267e-02;1.569022e-02;2.484705e-02
4.231983e-01;2.803293e-01;2.405124e-02;1.029251e-02;1.690472e-02;1.961361e-02;6.408966e-02;4.467100e-02;9.953761e-03;1.589883e-02;6.266467e-02;2.833248e-02
4.729936e-01;1.595844e-01;1.854843e-02;2.181232e-02;1.417586e-02;1.687684e-02;6.428390e-02;3.185179e-02;1.025984e-02;1.776120e-02;1.208627e-01;5.098915e-02
4.005319e-01;1.580354e-01;1.505276e-02;2.752425e-02;1.669347e-02;2.657332e-02;7.217015e-02;7.436500e-02;1.557551e-02;1.810881e-02;1.364170e-01;3.895246e-02
3.678911e-01;2.107993e-01;1.858269e-02;2.307748e-02;3.192802e-02;2.363931e-02;5.258706e-02;1.272931e-01;1.880628e-02;1.427922e-02;8.930671e-02;2.180985e-02
3.733957e-01;2.253576e-01;2.033699e-02;2.620999e-02;3.922949e-02;2.020551e-02;5.611204e-02;1.543467e-01;2.228324e-02;2.004143e-02;2.287144e-02;1.960985e-02
3.698623e-01;1.477937e-01;1.537852e-02;4.697344e-02;2.305965e-02;1.663323e-02;1.131576e-01;1.058725e-01;2.911112e-02;3.613019e-02;5.742038e-02;3.860739e-02
3.595633e-01;1.074478e-01;1.171793e-02;6.297688e-02;9.280542e-03;1.105161e-02;1.479223e-01;6.758942e-02;1.908254e-02;3.507973e-02;1.079292e-01;6.035869e-02
3.600652e-01;8.348133e-02;9.903747e-03;6.670815e-02;2.144025e-03;9.032894e-03;1.696339e-01;4.494610e-02;7.775554e-03;2.142693e-02;1.455649e-01;7.931720e-02
3.195195e-01;4.187102e-02;6.047172e-03;7.227325e-02;7.522360e-03;1.367629e-02;2.001919e-01;3.629782e-02;6.459776e-03;1.202603e-02;1.819475e-01;1.021674e-01
2.357148e-01;2.497707e-02;2.031489e-02;6.703337e-02;1.147113e-02;2.809548e-02;1.968555e-01;2.842093e-02;9.431388e-03;9.730897e-03;2.589865e-01;1.089680e-01
1.600503e-01;9.556627e-03;5.764818e-02;4.012427e-02;1.138589e-02;5.109530e-02;1.500727e-01;1.337718e-02;1.429845e-02;1.193666e-02;3.947581e-01;8.569631e-02
1.023342e-01;1.693073e-02;1.032206e-01;1.502961e-02;9.023363e-03;7.117227e-02;8.045541e-02;9.236643e-03;1.574946e-02;1.702542e-02;5.089709e-01;5.085148e-02
6.173759e-02;2.376311e-02;1.365166e-01;2.825637e-03;9.641418e-03;8.076739e-02;3.293847e-02;8.989436e-03;1.406042e-02;2.913886e-02;5.771493e-01;2.247176e-02
4.604465e-02;4.910913e-02;1.327252e-01;8.847728e-03;1.843980e-02;7.028726e-02;2.591254e-02;2.338358e-02;9.145878e-03;5.096072e-02;5.539829e-01;1.116052e-02
3.444716e-02;8.183982e-02;8.687203e-02;8.152566e-03;3.654642e-02;3.828945e-02;4.733516e-02;4.754183e-02;1.530474e-02;8.808392e-02;5.003476e-01;1.523932e-02
4.428940e-02;8.731920e-02;2.645226e-02;7.218839e-03;5.121706e-02;1.302770e-02;6.967276e-02;9.711582e-02;2.690990e-02;1.134825e-01;4.412989e-01;2.199554e-02
4.162822e-02;6.396014e-02;1.068039e-02;1.842484e-02;6.467787e-02;3.276027e-02;9.220963e-02;1.529755e-01;3.818256e-02;1.197486e-01;3.460700e-01;1.868202e-02
8.092748e-02;5.136188e-02;2.334704e-02;4.787736e-02;5.085719e-02;3.389670e-02;1.680462e-01;2.281585e-01;3.920065e-02;7.741805e-02;1.860579e-01;1.285104e-02
9.023035e-02;4.247638e-02;4.562927e-02;4.086751e-02;3.026349e-02;3.711047e-02;1.900050e-01;2.076705e-01;3.559259e-02;4.484129e-02;2.248893e-01;1.042381e-02
8.116624e-02;6.460318e-02;7.759907e-02;2.594952e-02;2.452378e-02;4.725455e-02;2.290057e-01;1.462829e-01;2.518549e-02;5.089070e-02;2.065335e-01;2.100533e-02
5.101902e-02;7.193131e-02;8.054776e-02;9.187841e-03;3.671445e-02;5.486185e-02;3.291841e-01;2.100303e-01;2.740861e-02;5.320572e-02;6.120172e-02;1.470734e-02
3.450374e-02;5.054164e-02;5.084314e-02;1.467403e-02;2.490604e-02;5.025119e-02;2.825367e-01;1.216170e-01;1.790925e-02;4.668826e-02;2.867511e-01;1.877790e-02
5.765196e-02;3.910404e-02;4.738441e-02;2.209619e-02;2.111873e-02;4.652849e-02;2.554500e-01;3.330807e-02;1.509302e-02;5.003259e-02;3.795398e-01;3.269267e-02
1.050810e-01;4.474280e-02;3.789800e-02;1.857607e-02;2.480449e-02;5.083304e-02;2.360757e-01;1.060501e-01;2.196023e-02;5.340261e-02;2.692371e-01;3.133894e-02
1.779168e-01;9.197598e-02;2.669979e-02;3.700818e-02;5.182986e-02;6.600040e-02;2.706486e-01;3.853389e-02;3.203621e-02;5.004551e-02;1.267602e-01;3.054462e-02
1.870832e-01;1.422270e-01;4.204124e-02;2.512821e-02;5.755628e-02;5.368854e-02;2.144091e-01;1.384066e-01;2.553713e-02;3.173440e-02;5.812642e-02;2.406196e-02
1.616555e-01;1.206293e-01;5.095729e-02;2.604843e-02;5.907859e-02;6.790817e-02;1.473015e-01;1.833372e-01;4.157677e-02;4.714552e-02;7.770486e-02;1.665685e-02
1.662465e-01;1.724998e-01;4.404971e-02;3.475862e-02;6.584471e-02;4.789803e-02;1.067586e-01;9.770917e-02;7.117201e-02;6.180411e-02;9.756669e-02;3.369206e-02
2.770188e-01;1.761519e-01;2.576146e-02;2.643232e-02;3.199581e-02;3.078800e-02;8.017150e-02;7.150243e-02;3.898515e-02;4.052166e-02;1.682307e-01;3.244019e-02
3.953468e-01;1.158698e-01;1.223705e-02;3.343406e-02;1.031891e-02;3.605670e-02;8.740773e-02;7.513247e-02;2.036286e-02;2.237674e-02;1.587926e-01;3.266422e-02
5.080893e-01;9.498820e-02;3.618488e-03;4.142956e-02;1.581640e-02;2.343180e-02;7.311703e-02;7.279608e-02;2.023273e-02;1.572077e-02;1.033369e-01;2.742272e-02
5.773388e-01;8.418130e-02;2.011406e-03;4.447852e-02;1.654624e-02;1.435097e-02;5.977998e-02;8.130690e-02;2.115055e-02;1.389543e-02;6.418286e-02;2.077705e-02
6.257644e-01;4.674822e-02;2.561578e-03;5.128759e-02;6.937231e-03;1.012716e-02;6.050299e-02;9.898142e-02;2.298584e-02;1.185897e-02;4.194762e-02;2.029692e-02
6.171389e-01;7.341532e-02;3.465191e-03;5.207877e-02;9.151726e-03;9.021611e-03;4.883785e-02;1.174142e-01;2.287543e-02;7.301595e-03;2.448364e-02;1.481577e-02
6.150953e-01;7.886992e-02;4.554683e-03;4.405131e-02;2.398978e-02;6.174423e-03;4.027161e-02;1.419663e-01;1.945492e-02;3.383821e-03;1.392439e-02;8.263554e-03
6.062874e-01;8.176077e-02;4.936209e-03;1.827598e-02;5.050081e-02;3.596861e-03;3.534683e-02;1.627581e-01;1.308568e-02;2.851311e-03;8.592640e-03;1.200740e-02
5.869798e-01;8.557685e-02;2.580435e-03;9.183480e-03;7.711829e-02;3.862548e-03;3.119704e-02;1.743788e-01;8.848164e-03;3.086787e-03;8.490595e-03;8.697225e-03
5.497822e-01;8.414416e-02;2.727640e-03;2.887377e-03;1.091296e-01;2.442107e-03;3.811419e-02;1.750813e-01;9.480456e-03;3.932409e-03;1.296694e-02;9.311686e-03
4.844014e-01;6.355938e-02;3.488993e-03;3.652657e-02;1.354180e-01;5.658940e-03;6.084602e-02;1.543540e-01;1.212141e-02;7.579926e-03;1.743870e-02;1.860662e-02
3.872398e-01;4.487995e-02;1.816919e-03;8.178540e-02;1.200081e-01;1.350897e-02;1.159566e-01;1.187085e-01;1.158010e-02;1.483993e-02;5.586422e-02;3.381148e-02
2.905585e-01;2.832523e-02;1.963785e-03;1.105450e-01;5.493654e-02;2.260221e-02;2.070564e-01;8.463457e-02;7.462704e-03;1.770608e-02;1.164642e-01;5.774475e-02
2.034224e-01;1.879285e-02;6.078890e-03;8.977753e-02;7.689283e-03;2.954845e-02;2.526667e-01;5.702226e-02;7.491217e-03;1.543226e-02;2.479280e-01;6.415024e-02
1.349218e-01;1.389861e-02;1.383317e-02;4.472118e-02;1.443822e-02;5.335544e-02;1.980456e-01;5.587493e-02;1.308416e-02;1.746214e-02;3.934986e-01;4.686617e-02
1.110383e-01;2.204711e-02;1.843503e-02;1.937964e-02;1.097298e-02;8.064049e-02;1.462546e-01;8.414565e-02;1.922893e-02;2.823124e-02;4.286262e-01;3.099979e-02
1.459080e-01;6.305119e-02;2.445190e-02;1.564953e-02;1.264944e-02;9.315120e-02;1.535906e-01;1.335975e-01;2.685332e-02;4.233592e-02;2.633896e-01;2.537178e-02
1.586141e-01;8.678909e-02;2.394572e-02;2.194317e-02;6.278209e-02;5.718786e-02;1.357229e-01;1.390010e-01;3.902648e-02;6.477892e-02;1.901348e-01;2.007384e-02
1.215826e-01;3.866906e-02;1.878546e-02;2.224351e-02;1.151416e-01;3.859165e-02;1.009123e-01;1.130882e-01;5.169962e-02;9.965142e-02;2.530541e-01;2.658045e-02
1.084430e-01;1.676276e-02;2.121266e-02;3.339715e-02;9.665687e-02;6.897597e-02;1.761494e-01;1.058819e-01;5.646368e-02;1.006763e-01;1.824766e-01;3.290369e-02
9.542337e-02;3.417075e-02;2.290076e-02;3.383575e-02;6.465801e-02;3.994602e-02;2.484367e-01;1.095430e-01;6.826250e-02;7.604121e-02;1.897868e-01;1.699516e-02
9.295613e-02;7.001705e-02;2.962239e-02;2.129458e-02;2.676909e-02;6.734458e-02;2.279797e-01;2.137765e-01;5.479890e-02;5.366190e-02;1.173968e-01;2.438237e-02
5.744810e-02;8.904330e-02;2.989817e-02;1.025543e-02;2.409652e-02;6.367309e-02;2.165803e-01;3.104579e-01;2.299771e-02;3.259482e-02;1.127824e-01;3.017223e-02
4.314395e-02;1.208908e-01;2.979727e-02;8.779864e-03;2.147935e-02;4.196090e-02;2.605367e-01;3.460329e-01;1.228937e-02;2.236560e-02;6.337479e-02;2.934846e-02
3.086363e-02;1.767353e-01;2.360173e-02;4.642399e-03;1.372783e-02;2.172340e-02;3.129756e-01;3.088644e-01;1.347634e-02;1.484921e-02;5.892484e-02;1.961544e-02
7.248325e-02;2.032887e-01;1.952915e-02;5.613534e-03;1.344631e-02;5.250379e-02;3.176314e-01;2.592725e-01;1.334393e-02;6.023703e-03;2.723894e-02;9.624731e-03
9.875074e-02;2.026306e-01;1.469086e-02;2.560755e-02;2.919507e-02;6.690658e-02;2.799520e-01;2.100655e-01;1.608538e-02;7.889031e-03;4.066787e-02;7.558729e-03
1.292157e-01;1.442015e-01;3.255802e-02;5.481180e-02;6.894232e-02;7.775351e-02;2.028095e-01;1.651769e-01;2.219086e-02;1.297899e-02;6.513678e-02;2.422407e-02
1.194323e-01;3.695263e-02;4.870790e-02;6.063760e-02;6.761239e-02;9.898356e-02;2.497070e-01;1.678000e-01;3.060228e-02;2.283044e-02;7.163408e-02;2.509988e-02
8.823515e-02;9.256403e-02;4.454476e-02;3.763806e-02;2.243956e-02;7.429181e-02;3.371626e-01;1.982787e-01;2.123007e-02;2.177205e-02;4.293539e-02;1.890788e-02
8.002912e-02;8.728407e-02;3.743713e-02;2.670495e-02;2.753266e-02;4.147741e-02;2.958947e-01;2.565490e-01;2.258012e-02;2.011729e-02;6.974334e-02;3.465015e-02
8.312915e-02;4.763598e-02;3.393261e-02;1.855301e-02;2.918240e-02;6.244335e-02;2.391993e-01;2.548232e-01;3.775766e-02;3.019879e-02;1.190800e-01;4.406450e-02
8.113410e-02;4.917989e-02;5.130775e-02;3.373635e-02;2.312721e-02;9.940199e-02;1.739667e-01;1.697543e-01;6.761727e-02;4.171039e-02;1.146100e-01;9.445399e-02
6.464852e-02;6.635261e-02;4.971544e-02;4.853161e-02;3.872193e-02;1.286382e-01;9.465875e-02;1.222339e-01;8.981740e-02;6.405830e-02;9.930325e-02;1.333200e-01
8.272073e-02;6.224218e-02;1.556305e-02;5.614589e-02;4.363696e-02;1.435387e-01;9.047115e-02;1.182083e-01;8.964919e-02;9.681810e-02;7.668989e-02;1.243158e-01
6.905947e-02;7.402954e-02;3.929214e-02;7.931954e-02;5.104540e-02;1.000460e-01;7.426849e-02;1.473373e-01;9.752093e-02;8.340385e-02;7.959989e-02;1.050774e-01
5.904472e-02;5.727920e-02;3.377088e-02;9.326484e-02;5.439203e-02;4.080701e-02;1.191220e-01;1.622818e-01;1.069626e-01;8.009778e-02;9.221131e-02;1.007657e-01
7.507981e-02;5.121978e-02;3.640736e-02;7.587545e-02;4.603231e-02;5.160306e-02;1.302707e-01;1.430232e-01;7.679751e-02;8.629131e-02;1.127061e-01;1.146935e-01
7.597558e-02;4.499498e-02;4.047460e-02;5.890917e-02;4.422103e-02;5.167332e-02;1.104985e-01;1.337865e-01;8.753001e-02;8.269623e-02;1.461370e-01;1.231031e-01
5.181724e-02;5.458325e-02;3.337875e-02;6.262469e-02;5.264899e-02;5.859028e-02;8.598063e-02;1.024653e-01;1.561140e-01;8.035892e-02;1.696970e-01;9.174100e-02
5.670856e-02;7.533555e-02;5.106420e-02;5.765999e-02;2.824385e-02;7.556384e-02;8.442283e-02;1.097305e-01;1.519962e-01;8.424488e-02;1.526973e-01;7.233238e-02
7.325791e-02;8.034931e-02;5.823563e-02;2.812535e-02;1.628768e-02;6.851587e-02;1.173762e-01;1.385750e-01;9.459274e-02;5.876573e-02;1.557618e-01;1.101567e-01
8.806894e-02;9.531847e-02;4.026538e-02;2.660370e-02;3.714623e-02;5.575717e-02;1.371262e-01;1.377289e-01;8.852339e-02;5.749641e-02;1.476438e-01;8.832140e-02
8.371992e-02;8.601265e-02;2.947471e-02;2.232384e-02;5.212625e-02;5.664541e-02;1.531461e-01;1.637500e-01;7.030542e-02;8.957688e-02;1.465318e-01;4.638698e-02
8.104035e-02;1.235336e-01;4.841464e-02;2.027247e-02;2.929297e-02;6.565370e-02;1.764300e-01;1.528900e-01;1.081597e-01;8.062439e-02;9.017161e-02;2.351657e-02
8.886275e-02;1.751934e-01;4.628728e-02;2.005193e-02;2.102352e-02;5.925274e-02;1.419814e-01;1.144466e-01;1.330251e-01;1.029167e-01;7.167289e-02;2.528560e-02
1.056183e-01;2.722422e-01;4.008914e-02;1.574362e-02;1.349276e-02;6.402937e-02;9.515868e-02;6.202154e-02;1.666353e-01;1.116340e-01;3.879322e-02;1.454187e-02
1.747042e-01;3.654249e-01;2.227500e-02;1.268144e-02;3.482260e-03;5.819802e-02;3.441185e-02;4.076197e-02;2.025551e-01;6.924395e-02;1.150501e-02;4.756219e-03
2.922798e-01;3.717678e-01;1.546325e-02;1.184224e-02;6.900375e-03;3.720843e-02;8.904463e-03;4.354133e-02;1.688334e-01;2.782410e-02;1.134341e-02;4.091318e-03
4.343616e-01;2.902606e-01;8.555510e-03;7.700066e-03;2.025672e-02;1.440311e-02;1.274439e-02;8.621697e-02;8.010615e-02;1.955082e-02;2.024908e-02;5.595005e-03
5.532316e-01;2.005831e-01;7.973165e-03;3.722326e-03;3.381024e-02;2.736179e-03;1.179441e-02;1.173117e-01;1.885265e-02;1.474735e-02;2.912676e-02;6.110534e-03
5.763773e-01;1.623893e-01;9.224867e-03;3.287012e-03;3.948154e-02;4.349680e-03;9.796857e-03;1.160790e-01;1.669678e-02;9.984168e-03;4.589999e-02;6.433453e-03
5.595253e-01;2.040426e-01;9.106851e-03;2.840361e-03;3.532630e-02;5.380839e-03;7.541887e-03;8.971632e-02;2.115348e-02;8.821955e-03;5.058138e-02;5.962679e-03
4.655498e-01;3.165030e-01;9.315372e-03;8.824394e-03;1.804792e-02;1.927761e-02;7.256071e-03;5.044772e-02;5.091428e-02;7.539599e-03;4.158653e-02;4.737696e-03
3.355962e-01;4.381980e-01;1.360101e-02;2.463413e-02;6.983263e-03;4.144882e-02;4.895202e-03;2.396773e-02;7.593419e-02;5.445746e-03;2.384584e-02;5.449858e-03
2.521261e-01;4.991145e-01;1.920111e-02;3.329774e-02;3.717766e-03;6.638458e-02;5.579481e-03;2.063095e-02;7.904503e-02;9.126628e-03;5.085099e-03;6.691051e-03
2.020878e-01;4.916672e-01;2.623758e-02;2.905915e-02;7.936847e-03;8.129907e-02;1.246999e-02;2.875942e-02;7.326058e-02;1.597671e-02;2.365144e-02;7.594217e-03
2.238925e-01;4.047445e-01;2.026688e-02;2.767444e-02;1.219778e-02;7.687618e-02;4.087386e-02;5.477266e-02;6.916159e-02;2.484648e-02;3.900432e-02;5.688791e-03
2.760750e-01;3.108197e-01;2.345317e-02;2.689240e-02;3.168049e-02;4.709333e-02;6.639814e-02;9.369978e-02;5.314270e-02;2.518509e-02;4.243691e-02;3.123360e-03
3.859630e-01;2.474627e-01;2.566939e-02;1.475943e-02;5.061229e-02;2.941327e-02;4.105166e-02;1.206958e-01;4.128560e-02;1.757555e-02;1.981837e-02;5.692893e-03
3.964374e-01;2.713934e-01;1.864661e-02;6.079856e-03;4.967642e-02;3.230827e-02;3.237300e-02;1.149121e-01;2.844154e-02;1.619383e-02;2.445681e-02;9.080833e-03
3.134192e-01;2.336926e-01;1.454358e-02;1.405905e-02;4.495319e-02;3.031798e-02;7.185186e-02;8.746725e-02;4.605111e-02;2.972100e-02;1.006367e-01;1.328651e-02
2.974323e-01;2.015464e-01;1.301421e-02;2.045619e-02;3.246344e-02;2.502534e-02;8.698273e-02;5.459496e-02;5.839429e-02;4.427687e-02;1.543983e-01;1.141505e-02
2.031126e-01;2.578088e-01;2.631966e-02;2.537713e-02;2.257534e-02;2.976933e-02;1.303328e-01;8.303550e-02;6.219221e-02;4.475148e-02;1.026515e-01;1.207362e-02
3.133298e-01;2.483286e-01;2.600398e-02;1.514545e-02;2.580609e-02;3.209056e-02;1.055142e-01;6.260508e-02;6.609758e-02;2.627025e-02;6.865066e-02;1.015777e-02
4.061807e-01;2.254417e-01;1.050229e-02;1.424084e-02;3.127789e-02;2.708784e-02;7.659555e-02;6.218132e-02;5.377648e-02;1.058816e-02;7.473369e-02;7.393547e-03
4.071116e-01;2.695206e-01;2.283072e-02;1.944130e-02;2.971073e-02;2.355326e-02;5.066969e-02;5.000487e-02;3.933565e-02;1.381853e-02;6.307075e-02;1.093222e-02
3.655181e-01;2.840421e-01;2.627160e-02;1.881310e-02;3.311675e-02;2.696444e-02;7.992092e-02;6.420527e-02;3.638919e-02;1.521432e-02;3.575810e-02;1.378604e-02
2.012624e-01;1.510555e-01;2.013610e-02;3.255781e-02;4.024723e-02;5.252132e-02;1.180111e-01;1.205096e-01;6.291842e-02;6.909607e-02;9.056864e-02;4.111584e-02
1.726110e-01;1.634241e-01;3.062138e-02;2.303047e-02;2.450038e-02;2.310210e-02;1.341015e-01;1.305601e-01;5.521444e-02;6.024893e-02;1.562972e-01;2.628844e-02
1.870012e-01;2.525114e-01;5.019584e-02;1.576740e-02;1.474651e-02;2.490483e-02;1.038764e-01;9.813090e-02;3.976447e-02;6.386776e-02;1.321626e-01;1.707060e-02
1.670005e-01;3.553145e-01;8.815961e-02;1.552985e-02;1.262205e-02;1.522697e-02;7.104892e-02;5.968515e-02;2.763133e-02;9.150497e-02;8.965850e-02;6.617641e-03
8.404814e-02;4.504310e-01;1.335660e-01;2.230654e-02;1.223864e-02;4.416486e-02;3.801554e-02;3.460374e-02;2.494512e-02;1.126772e-01;3.733021e-02;5.672997e-03
6.848956e-02;5.404966e-01;1.201018e-01;1.501329e-02;1.260702e-02;7.369099e-02;2.808017e-02;1.822887e-02;3.786319e-02;5.811998e-02;1.924405e-02;8.064368e-03
5.112442e-02;5.751729e-01;1.014097e-01;1.232889e-02;9.498726e-03;8.823828e-02;3.518702e-02;2.302801e-02;5.811668e-02;1.810967e-02;2.037554e-02;7.410167e-03
5.579191e-02;5.150810e-01;9.745178e-02;8.226544e-03;4.432084e-03;9.378716e-02;8.774171e-02;1.893197e-02;6.400052e-02;3.588697e-02;1.188666e-02;6.781699e-03
3.467179e-02;4.406067e-01;1.118443e-01;1.128901e-02;4.524242e-03;5.954598e-02;1.890637e-01;2.393591e-02;4.955051e-02;6.118396e-02;9.198123e-03;4.585675e-03
3.449269e-02;3.798358e-01;1.260147e-01;1.487136e-02;8.197987e-03;2.110355e-02;2.297900e-01;4.751187e-02;2.960118e-02;9.435627e-02;1.189346e-02;2.331054e-03
4.126016e-02;3.545034e-01;1.334756e-01;1.512328e-02;1.006509e-02;2.910291e-02;1.473687e-01;5.344409e-02;2.224817e-02;1.641080e-01;2.370926e-02;5.591362e-03
4.152809e-02;3.971634e-01;1.328745e-01;1.221537e-02;9.415899e-03;2.541297e-02;7.797070e-02;3.453338e-02;2.631696e-02;2.028112e-01;3.279781e-02;6.959708e-03
1.092016e-01;4.595856e-01;1.120778e-01;1.618436e-02;1.032169e-02;2.148170e-02;4.487472e-02;1.179608e-02;2.230262e-02;1.433502e-01;3.891041e-02;9.913227e-03
1.757689e-01;4.681136e-01;9.101390e-02;1.638719e-02;9.017761e-03;1.418569e-02;4.842989e-02;1.637911e-02;1.490719e-02;8.823682e-02;4.436558e-02;1.319438e-02
1.882660e-01;4.045355e-01;6.176588e-02;1.545891e-02;1.000402e-02;2.748992e-02;8.517841e-02;4.317018e-02;2.260999e-02;8.094899e-02;5.327703e-02;7.295177e-03
2.145195e-01;3.816530e-01;4.006502e-02;1.378582e-02;1.179159e-02;3.964318e-02;7.249705e-02;5.295977e-02;3.458618e-02;9.345354e-02;3.982632e-02;5.218961e-03
2.744235e-01;4.153379e-01;3.670736e-02;1.136584e-02;8.794646e-03;1.961316e-02;3.926212e-02;3.741578e-02;3.455990e-02;9.632023e-02;2.009786e-02;6.101734e-03
2.915959e-01;4.299071e-01;4.092569e-02;1.106585e-02;5.729985e-03;1.816105e-02;4.202002e-02;2.732227e-02;3.548081e-02;6.556098e-02;2.815862e-02;4.071823e-03
2.520176e-01;4.182755e-01;4.571806e-02;1.688064e-02;9.034282e-03;2.093262e-02;5.841976e-02;3.773909e-02;4.412182e-02;5.600601e-02;3.334861e-02;7.505895e-03
1.827941e-01;3.964258e-01;5.443459e-02;2.517057e-02;1.368062e-02;3.476233e-02;7.012974e-02;5.584224e-02;5.603623e-02;4.943850e-02;4.887361e-02;1.241162e-02
8.372432e-02;4.426486e-01;5.857763e-02;2.072186e-02;1.635066e-02;5.330471e-02;6.907331e-02;5.545711e-02;8.219890e-02;5.452139e-02;4.782877e-02;1.559277e-02
1.437048e-01;4.694490e-01;4.825921e-02;3.229382e-02;1.422793e-02;5.874307e-02;4.898800e-02;2.828521e-02;8.394041e-02;3.425925e-02;2.425670e-02;1.359264e-02
2.396137e-01;4.450305e-01;3.276625e-02;2.376590e-02;1.598911e-02;4.304482e-02;6.068493e-02;3.245541e-02;5.806818e-02;1.753590e-02;2.358201e-02;7.463272e-03
3.555181e-01;3.401679e-01;1.931032e-02;1.055578e-02;2.908451e-02;2.536288e-02;8.008925e-02;4.847669e-02;2.652210e-02;2.515150e-02;3.051844e-02;9.242566e-03
3.728757e-01;2.347844e-01;1.447431e-02;1.781709e-02;3.241520e-02;2.608090e-02;8.445941e-02;5.860336e-02;8.655927e-03;3.620104e-02;1.006678e-01;1.296488e-02
2.402363e-01;1.502935e-01;1.450504e-02;2.795004e-02;2.501021e-02;4.307861e-02;9.126928e-02;4.223660e-02;1.224359e-02;5.053188e-02;2.867561e-01;1.588887e-02
1.771145e-01;7.096309e-02;1.400209e-02;2.467906e-02;3.403816e-02;4.333973e-02;6.921136e-02;2.630771e-02;2.638673e-02;5.595286e-02;4.390425e-01;1.896222e-02
2.042591e-01;7.596535e-02;1.863225e-02;2.407074e-02;5.102833e-02;3.284156e-02;7.551012e-02;6.027143e-02;3.593638e-02;9.116015e-02;3.123097e-01;1.801496e-02
1.368015e-01;1.254201e-01;2.236675e-02;3.248970e-02;4.637170e-02;2.770443e-02;1.377403e-01;1.059234e-01;2.676727e-02;1.125707e-01;2.124703e-01;1.337395e-02
1.577740e-01;1.127621e-01;2.416362e-02;5.378207e-02;5.731995e-02;5.129964e-02;1.773608e-01;1.073867e-01;6.340463e-02;1.033816e-01;7.127314e-02;2.009172e-02
1.214610e-01;4.787643e-02;1.978133e-02;1.773192e-02;7.296575e-02;7.806289e-02;1.449565e-01;8.311345e-02;5.771700e-02;6.344222e-02;2.717839e-01;2.110762e-02
1.453112e-01;4.419366e-02;1.931642e-02;1.971555e-02;4.259937e-02;8.321171e-02;1.922263e-01;8.810128e-02;4.205717e-02;3.629445e-02;2.587697e-01;2.820313e-02
1.481556e-01;3.235400e-02;1.436634e-02;3.195880e-02;1.611646e-02;5.826743e-02;3.027613e-01;1.230689e-01;2.448255e-02;3.996331e-02;1.587319e-01;4.977341e-02
1.074268e-01;2.214155e-02;7.648077e-03;3.913620e-02;5.666337e-03;2.320245e-02;3.763780e-01;1.767643e-01;1.790887e-02;5.624699e-02;8.354391e-02;8.393654e-02
6.078411e-02;2.088106e-02;6.172945e-03;3.281051e-02;5.229705e-03;2.552850e-02;3.959166e-01;2.216854e-01;1.004628e-02;4.124090e-02;6.437741e-02;1.153266e-01
4.072571e-02;1.622338e-02;1.287124e-02;2.560691e-02;1.153445e-02;3.575270e-02;3.639594e-01;2.257483e-01;1.578344e-02;2.080071e-02;9.646340e-02;1.345304e-01
4.567888e-02;1.086264e-02;2.416072e-02;1.941086e-02;1.947856e-02;5.701981e-02;2.749687e-01;1.793755e-01;4.614042e-02;1.494327e-02;1.684866e-01;1.394740e-01
4.995191e-02;6.679233e-03;4.580795e-02;1.033560e-02;1.812753e-02;8.697554e-02;1.457916e-01;8.888513e-02;8.579624e-02;3.729746e-02;3.030355e-01;1.213164e-01
5.878922e-02;1.641982e-02;6.295072e-02;7.155933e-03;1.571781e-02;1.013434e-01;9.258442e-02;3.841280e-02;8.656974e-02;3.767464e-02;4.024609e-01;7.992065e-02
7.275483e-02;1.075725e-02;7.505777e-02;7.334937e-03;1.189295e-02;1.106235e-01;4.443783e-02;2.981866e-02;6.587662e-02;3.331783e-02;4.740418e-01;6.408609e-02
7.914069e-02;5.848053e-03;7.747282e-02;3.546983e-03;5.675214e-03;1.168497e-01;3.672127e-02;2.594926e-02;4.255060e-02;2.970971e-02;5.127149e-01;6.382076e-02
8.368237e-02;8.318845e-03;6.789245e-02;4.489288e-03;7.289043e-03;1.244560e-01;2.339073e-02;1.888229e-02;2.837826e-02;2.582127e-02;5.725077e-01;3.489176e-02
6.125405e-02;1.064805e-02;4.698111e-02;1.171077e-02;7.471123e-03;1.151761e-01;3.310372e-02;2.184476e-02;1.731270e-02;4.093359e-02;6.135461e-01;2.001802e-02
3.625348e-02;1.003497e-02;2.910013e-02;1.742508e-02;1.104064e-02;1.031459e-01;4.283485e-02;2.039468e-02;9.202394e-03;6.503097e-02;6.433605e-01;1.217642e-02
4.765765e-02;1.519893e-02;2.954732e-02;2.043453e-02;1.311884e-02;9.028467e-02;6.824253e-02;1.884381e-02;1.274568e-02;7.831013e-02;5.962534e-01;9.362484e-03
4.797412e-02;2.134442e-02;3.225843e-02;2.639526e-02;2.156959e-02;8.723568e-02;8.012793e-02;3.052245e-02;8.376657e-03;7.599732e-02;5.611775e-01;7.020654e-03
6.185780e-02;2.846601e-02;1.836206e-02;3.989956e-02;3.965712e-02;7.822371e-02;8.584701e-02;5.886772e-02;9.850863e-03;7.149144e-02;4.987503e-01;8.726442e-03
4.513538e-02;3.965382e-02;1.612554e-02;4.522017e-02;6.645226e-02;6.649991e-02;9.373485e-02;9.555712e-02;1.513099e-02;7.899727e-02;4.231924e-01;1.430031e-02
6.303701e-02;6.402745e-02;3.973516e-02;3.686362e-02;6.275035e-02;7.491926e-02;8.283008e-02;1.012719e-01;2.462944e-02;6.695142e-02;3.675417e-01;1.544263e-02
1.100223e-01;9.607689e-02;4.293133e-02;2.162812e-02;4.204225e-02;7.737010e-02;9.487924e-02;1.065780e-01;2.627474e-02;4.447289e-02;3.142611e-01;2.346305e-02
1.271925e-01;1.251351e-01;2.658500e-02;2.104386e-02;3.353554e-02;6.187717e-02;1.234607e-01;1.463655e-01;2.151894e-02;4.525338e-02;2.368851e-01;3.114718e-02
1.645925e-01;8.625448e-02;2.153025e-02;3.546367e-02;4.334396e-02;2.587362e-02;1.176818e-01;8.830532e-02;1.443494e-02;4.860687e-02;3.150505e-01;3.886199e-02
1.793363e-01;3.747075e-02;2.156334e-02;4.140887e-02;4.875632e-02;4.516718e-02;7.602736e-02;6.703063e-02;1.513223e-02;6.077609e-02;3.806004e-01;2.673043e-02
1.700730e-01;3.139032e-02;1.742224e-02;3.782109e-02;3.210177e-02;4.548471e-02;5.285774e-02;4.098798e-02;1.329831e-02;6.129311e-02;4.806184e-01;1.665127e-02
2.014328e-01;4.952263e-02;1.909277e-02;3.218241e-02;2.115988e-02;3.930721e-02;4.016203e-02;2.140180e-02;8.965271e-03;5.701682e-02;5.008243e-01;8.932062e-03
1.942899e-01;3.889917e-02;1.939555e-02;4.070774e-02;2.258095e-02;6.089998e-02;4.535595e-02;3.468267e-02;1.403228e-02;6.241757e-02;4.560711e-01;1.066708e-02
1.907690e-01;2.953685e-02;3.002894e-02;2.927271e-02;2.463163e-02;8.776867e-02;4.175124e-02;1.476721e-02;2.009728e-02;6.183931e-02;4.599831e-01;9.554131e-03
2.015011e-01;2.480614e-02;4.748141e-02;1.140832e-02;4.243694e-02;8.073847e-02;5.073866e-02;1.447761e-02;3.262318e-02;4.871904e-02;4.355958e-01;9.473293e-03
2.540786e-01;6.599752e-02;4.178825e-02;9.773562e-03;6.238236e-02;5.744570e-02;6.228773e-02;4.252288e-02;4.383349e-02;2.966290e-02;3.137652e-01;1.646183e-02
3.209035e-01;8.646574e-02;2.278250e-02;1.839309e-02;4.698108e-02;5.037829e-02;8.002763e-02;7.571972e-02;3.670382e-02;2.523542e-02;2.145001e-01;2.190909e-02
4.208661e-01;1.616505e-01;1.705681e-02;1.708840e-02;3.137715e-02;2.859570e-02;6.245141e-02;9.666710e-02;2.126842e-02;1.743410e-02;1.090119e-01;1.653243e-02
4.686435e-01;2.423936e-01;1.595270e-02;6.183187e-03;6.569880e-02;1.176639e-02;3.395792e-02;1.049553e-01;1.032947e-02;1.353433e-02;1.863632e-02;7.948450e-03
4.116729e-01;2.829983e-01;1.452395e-02;3.503412e-03;7.509564e-02;8.259393e-03;6.094917e-02;7.014976e-02;1.405819e-02;1.924228e-02;3.734606e-02;2.200844e-03
3.577147e-01;3.170524e-01;1.461030e-02;4.004370e-03;4.271019e-02;1.315563e-02;1.037102e-01;3.976445e-02;2.051297e-02;4.734945e-02;3.634780e-02;3.067578e-03
3.281725e-01;3.524501e-01;1.516697e-02;3.428276e-03;1.548269e-02;1.764501e-02;1.138263e-01;2.599777e-02;3.013164e-02;7.247585e-02;2.245904e-02;2.763785e-03
3.327354e-01;3.646797e-01;1.530433e-02;3.006393e-03;3.143988e-02;1.858049e-02;9.931774e-02;2.453344e-02;3.126845e-02;6.491636e-02;1.156747e-02;2.650256e-03
3.600135e-01;3.601271e-01;2.465399e-02;4.539345e-03;4.703239e-02;1.425497e-02;7.017945e-02;3.503421e-02;3.391873e-02;4.212764e-02;6.530935e-03;1.587670e-03
3.945178e-01;3.240840e-01;4.530782e-02;7.178959e-03;3.937676e-02;1.408708e-02;4.641782e-02;5.875393e-02;3.212566e-02;2.468965e-02;9.856571e-03;3.603941e-03
4.159293e-01;2.417405e-01;4.370312e-02;1.702529e-02;3.130016e-02;3.077070e-02;5.475354e-02;9.631711e-02;2.969723e-02;1.817296e-02;9.528838e-03;1.106119e-02
3.718469e-01;2.019764e-01;3.080107e-02;3.227855e-02;2.056940e-02;4.112232e-02;1.036366e-01;7.526274e-02;2.803189e-02;2.204501e-02;5.092755e-02;2.150166e-02
3.439938e-01;1.677753e-01;1.486047e-02;4.667229e-02;1.148665e-02;2.647945e-02;1.504525e-01;4.761241e-02;2.809635e-02;2.918688e-02;9.067029e-02;4.271358e-02
3.693191e-01;1.253487e-01;9.320303e-03;4.383317e-02;8.639234e-03;1.339651e-02;1.532204e-01;3.292805e-02;2.745271e-02;2.351905e-02;1.326849e-01;6.033788e-02
3.292415e-01;9.408107e-02;1.258721e-02;3.163265e-02;2.676719e-02;2.465962e-02;1.449459e-01;6.803413e-02;3.469530e-02;3.203944e-02;1.438877e-01;5.742820e-02
3.315097e-01;1.029153e-01;2.097533e-02;1.546414e-02;3.241907e-02;5.425015e-02;1.098266e-01;8.569320e-02;3.357055e-02;3.313022e-02;1.472826e-01;3.296321e-02
2.547087e-01;7.831027e-02;2.561091e-02;1.077351e-02;1.589705e-02;6.164233e-02;1.034379e-01;5.299862e-02;5.219903e-02;2.418553e-02;2.886547e-01;3.158152e-02
1.604272e-01;6.575023e-02;3.535509e-02;1.140122e-02;1.448935e-02;7.840945e-02;1.077359e-01;2.683629e-02;6.484506e-02;2.641275e-02;3.732826e-01;3.505496e-02
9.160970e-02;3.393107e-02;3.931857e-02;8.334046e-03;1.556544e-02;1.217364e-01;9.830609e-02;1.802284e-02;4.887992e-02;3.484274e-02;4.577402e-01;3.171291e-02
9.388049e-02;2.136893e-02;2.820363e-02;2.004226e-02;2.583671e-02;1.455820e-01;7.796073e-02;3.541004e-02;2.221902e-02;4.644262e-02;4.621586e-01;2.089503e-02
6.938263e-02;2.653262e-02;1.429290e-02;4.241202e-02;4.908779e-02;1.255791e-01;6.229017e-02;5.978013e-02;1.821636e-02;5.615343e-02;4.601420e-01;1.613085e-02
5.387739e-02;2.577620e-02;1.495716e-02;3.917752e-02;5.389203e-02;8.958054e-02;5.765630e-02;5.129923e-02;1.437972e-02;6.139253e-02;5.248224e-01;1.318907e-02
4.789152e-02;3.081713e-02;1.117181e-02;2.689568e-02;4.575665e-02;6.283659e-02;6.047599e-02;1.008478e-01;2.210578e-02;7.434288e-02;4.992024e-01;1.765568e-02
3.368989e-02;2.155187e-02;4.385143e-03;1.502200e-02;3.871886e-02;4.260908e-02;7.495487e-02;1.868530e-01;3.590662e-02;8.794231e-02;4.146674e-01;4.369905e-02
4.428464e-02;2.453769e-02;9.046524e-03;1.182741e-02;3.457962e-02;3.819510e-02;1.222260e-01;2.239516e-01;4.265938e-02;8.740617e-02;2.870041e-01;7.428172e-02
9.032518e-02;4.988991e-02;2.209350e-02;2.262441e-02;3.574400e-02;5.052391e-02;1.546401e-01;1.735892e-01;6.219850e-02;9.984177e-02;1.028077e-01;1.357218e-01
7.902510e-02;4.839086e-02;1.916190e-02;3.251487e-02;3.497276e-02;5.172224e-02;1.426713e-01;1.096469e-01;6.079388e-02;8.850410e-02;2.319390e-01;1.006570e-01
6.116122e-02;5.558079e-02;2.262875e-02;2.958534e-02;3.863205e-02;6.585591e-02;1.997616e-01;2.157212e-01;5.654149e-02;7.740884e-02;1.324533e-01;4.466943e-02
7.971489e-02;6.418505e-02;3.722240e-02;3.180676e-02;4.749165e-02;7.892562e-02;2.163934e-01;1.333651e-01;5.879809e-02;7.505228e-02;1.361764e-01;4.086838e-02
8.222234e-02;8.824112e-02;3.997577e-02;3.840136e-02;5.093972e-02;6.961570e-02;2.328860e-01;1.460968e-01;5.636681e-02;6.305540e-02;1.078947e-01;2.430429e-02
9.815235e-02;6.230059e-02;3.420730e-02;4.312722e-02;4.885032e-02;7.578188e-02;2.048382e-01;1.703749e-01;4.683574e-02;7.168996e-02;1.197317e-01;2.410985e-02
2.111377e-01;1.165909e-01;2.720379e-02;4.516546e-02;2.940863e-02;4.626566e-02;1.166884e-01;7.236828e-02;3.062346e-02;5.685452e-02;2.201517e-01;2.754156e-02
3.588755e-01;2.056856e-01;1.993899e-02;2.849074e-02;3.492676e-02;2.847254e-02;5.953906e-02;4.574075e-02;1.820206e-02;3.674904e-02;1.416073e-01;2.177158e-02
4.207890e-01;2.961062e-01;2.094575e-02;1.224406e-02;4.724355e-02;2.103324e-02;4.188915e-02;3.777398e-02;1.764923e-02;2.268945e-02;4.743003e-02;1.420629e-02
4.142593e-01;3.620749e-01;1.963650e-02;7.491183e-03;3.420778e-02;1.743607e-02;4.692796e-02;4.181753e-02;1.729585e-02;1.971238e-02;1.045881e-02;8.681773e-03
4.139445e-01;3.605919e-01;1.660957e-02;4.826987e-03;3.609135e-02;2.839339e-02;4.573481e-02;4.813217e-02;1.659727e-02;1.881782e-02;6.041748e-03;4.218442e-03
4.375039e-01;2.939991e-01;1.080448e-02;4.936606e-03;6.789418e-02;3.052130e-02;3.857774e-02;7.040262e-02;7.722058e-03;1.209022e-02;2.224830e-02;3.299509e-03
4.413167e-01;2.908341e-01;1.837806e-02;2.921507e-03;8.605693e-02;1.718446e-02;3.478375e-02;7.198514e-02;5.384323e-03;6.120018e-03;1.982585e-02;5.209118e-03
4.394168e-01;3.480305e-01;1.858832e-02;2.706924e-03;7.223786e-02;1.020054e-02;2.837066e-02;4.952571e-02;8.911407e-03;5.235092e-03;1.312853e-02;3.647623e-03
4.351863e-01;3.602630e-01;2.319343e-02;5.927918e-03;4.919992e-02;1.295406e-02;2.461267e-02;5.012917e-02;1.300743e-02;5.483464e-03;1.441004e-02;5.632650e-03
3.985772e-01;3.022703e-01;2.939630e-02;1.134453e-02;4.476528e-02;2.301808e-02;4.670804e-02;4.957442e-02;1.663543e-02;1.224222e-02;5.471538e-02;1.075275e-02
3.373384e-01;2.044871e-01;2.539130e-02;9.852351e-03;5.301091e-02;3.538610e-02;8.168457e-02;2.995427e-02;2.463148e-02;2.894966e-02;1.579341e-01;1.137961e-02
2.151526e-01;2.263443e-01;2.946783e-02;1.318471e-02;4.501687e-02;3.040320e-02;1.019759e-01;5.291417e-02;1.977208e-02;4.384512e-02;2.119418e-01;9.981403e-03
2.961303e-01;3.062705e-01;3.507512e-02;1.234962e-02;3.970241e-02;1.742843e-02;9.276427e-02;8.937480e-02;1.697455e-02;4.165108e-02;4.729109e-02;4.987803e-03
4.181352e-01;2.561184e-01;1.628784e-02;1.336148e-02;4.174205e-02;1.552488e-02;6.619323e-02;7.657214e-02;1.215806e-02;2.302559e-02;5.598246e-02;4.898562e-03
4.399284e-01;2.810525e-01;2.137079e-02;9.382119e-03;4.826251e-02;2.697926e-02;4.056912e-02;5.685220e-02;1.774851e-02;2.450293e-02;2.492406e-02;8.427576e-03
3.488361e-01;2.973860e-01;2.278741e-02;9.586503e-03;5.404234e-02;3.337144e-02;7.107871e-02;5.583815e-02;2.176471e-02;2.519810e-02;5.199186e-02;8.118784e-03
2.368832e-01;3.104823e-01;2.530002e-02;2.596922e-02;5.388546e-02;2.894859e-02;7.687607e-02;7.967427e-02;1.910658e-02;2.731485e-02;9.990439e-02;1.565504e-02
2.632032e-01;3.052777e-01;3.660398e-02;2.325274e-02;4.872596e-02;2.878632e-02;6.228138e-02;4.712395e-02;2.005310e-02;3.616136e-02;1.080371e-01;2.049319e-02
3.802124e-01;2.627057e-01;2.610817e-02;1.828212e-02;3.393098e-02;2.797273e-02;6.001242e-02;4.123047e-02;1.690560e-02;3.491358e-02;8.352081e-02;1.420508e-02
