1.049766e-01;5.902331e-02;1.182533e-01;5.855143e-02;5.932685e-02;5.088126e-02;1.209827e-01;7.949361e-02;1.297434e-01;9.890851e-02;5.649718e-02;6.336190e-02
1.088351e-01;7.098611e-02;1.053227e-01;6.685770e-02;5.210890e-02;6.781288e-02;1.603732e-01;6.902489e-02;8.169146e-02;9.661733e-02;4.314663e-02;7.722318e-02
1.186251e-01;1.077425e-01;1.145558e-01;6.211825e-02;4.844233e-02;8.067925e-02;1.437051e-01;4.161035e-02;8.212760e-02;9.490488e-02;5.256733e-02;5.292151e-02
1.769530e-01;9.036800e-02;1.396471e-01;3.590498e-02;5.280781e-02;5.832692e-02;1.793541e-01;3.776131e-02;4.566823e-02;7.307908e-02;5.361017e-02;5.651940e-02
2.040522e-01;1.017883e-01;1.369192e-01;2.931927e-02;4.911036e-02;4.568565e-02;1.767269e-01;2.972155e-02;2.833979e-02;7.133590e-02;6.584828e-02;6.115267e-02
2.209066e-01;1.148250e-01;1.409749e-01;4.099363e-02;3.435473e-02;4.233147e-02;1.109721e-01;2.824298e-02;1.942250e-02;8.960044e-02;9.088955e-02;6.648620e-02
5.715486e-02;7.182406e-02;2.916148e-01;5.525652e-02;6.714026e-02;7.067412e-02;1.558284e-01;4.228150e-02;3.474482e-02;7.829338e-02;4.827297e-02;2.691436e-02
4.826962e-02;3.807979e-02;2.624279e-01;5.266615e-02;9.801743e-02;7.726360e-02;1.999949e-01;3.320587e-02;2.663855e-02;7.047481e-02;5.304018e-02;3.992117e-02
4.458571e-02;3.299931e-02;1.751588e-01;4.594694e-02;1.627005e-01;1.223378e-01;2.234902e-01;1.943059e-02;2.398846e-02;5.634560e-02;4.843120e-02;4.458488e-02
7.215112e-02;2.813030e-02;6.668270e-02;2.596912e-02;1.921614e-01;2.084979e-01;2.797618e-01;1.340325e-02;1.663403e-02;4.049301e-02;2.672862e-02;2.938680e-02
5.270661e-02;1.269110e-02;3.467266e-02;1.828380e-02;1.857401e-01;2.487864e-01;3.602515e-01;1.742389e-02;1.313480e-02;3.401365e-02;8.572068e-03;1.372346e-02
3.419677e-02;6.603857e-03;1.221724e-01;3.530859e-02;2.043109e-01;2.040917e-01;3.133414e-01;9.891829e-03;1.301785e-02;2.626568e-02;7.763011e-03;2.303606e-02
2.920725e-02;1.346580e-02;2.892309e-01;6.992672e-02;1.856482e-01;1.291467e-01;1.968612e-01;7.666974e-03;1.732301e-02;2.131500e-02;1.232668e-02;2.788153e-02
2.660171e-02;2.840854e-02;4.993270e-01;8.273652e-02;1.019486e-01;7.214420e-02;1.097945e-01;7.408170e-03;2.076766e-02;1.658689e-02;1.478018e-02;1.949600e-02
2.953544e-02;3.879189e-02;5.947435e-01;5.588708e-02;5.096465e-02;5.723537e-02;8.982782e-02;1.402973e-02;2.518659e-02;1.878581e-02;1.031017e-02;1.470187e-02
3.434902e-02;6.314898e-02;5.640260e-01;3.963152e-02;7.244085e-02;5.251814e-02;8.395187e-02;1.790704e-02;2.175323e-02;2.355147e-02;8.622386e-03;1.809947e-02
4.128130e-02;1.011497e-01;5.004280e-01;2.820217e-02;7.979766e-02;4.059526e-02;8.271224e-02;2.416717e-02;2.583412e-02;3.462936e-02;1.749989e-02;2.370308e-02
2.968334e-02;8.785821e-02;5.342312e-01;3.543311e-02;6.825571e-02;3.250305e-02;8.198098e-02;1.608826e-02;2.340759e-02;5.559812e-02;2.222068e-02;1.273974e-02
9.717314e-03;8.438341e-02;5.569468e-01;4.090927e-02;5.519512e-02;3.359255e-02;6.268787e-02;1.667309e-02;2.677736e-02;7.384976e-02;2.038851e-02;1.887897e-02
4.487675e-02;1.165934e-01;5.332059e-01;3.135664e-02;2.920608e-02;2.881680e-02;6.123096e-02;2.186618e-02;3.769482e-02;5.372923e-02;2.223977e-02;1.918350e-02
8.225875e-02;1.547715e-01;4.775101e-01;2.612336e-02;2.369758e-02;2.690602e-02;4.734628e-02;2.876657e-02;4.805850e-02;4.397453e-02;2.066183e-02;1.992502e-02
5.121958e-02;1.359860e-01;5.788832e-01;2.833326e-02;2.739856e-02;2.282096e-02;2.531147e-02;1.977460e-02;3.556582e-02;4.605658e-02;1.582044e-02;1.282955e-02
2.335219e-02;9.256229e-02;7.041759e-01;3.792002e-02;1.949847e-02;1.134561e-02;2.670209e-02;1.156543e-02;1.186996e-02;3.915612e-02;1.113005e-02;1.072181e-02
1.530787e-02;6.305135e-02;7.138487e-01;5.226566e-02;3.101336e-02;1.626605e-02;2.540534e-02;1.662817e-02;1.117352e-02;2.866941e-02;1.665614e-02;9.714472e-03
1.179693e-02;4.088449e-02;4.681562e-01;6.897525e-02;9.605536e-02;5.687204e-02;1.389243e-01;3.419519e-02;1.297137e-02;2.818626e-02;2.247902e-02;2.050349e-02
2.944532e-02;5.568949e-02;1.855917e-01;4.799865e-02;8.481377e-02;8.111259e-02;3.604885e-01;5.838276e-02;2.917618e-02;3.062237e-02;1.661865e-02;2.006004e-02
2.348436e-02;5.748258e-02;1.555627e-01;2.366165e-02;4.111803e-02;5.994051e-02;4.218245e-01;1.103287e-01;4.636899e-02;3.309418e-02;1.227554e-02;1.485812e-02
1.527328e-02;4.091265e-02;2.297726e-01;3.306450e-02;1.637620e-02;3.105659e-02;3.403135e-01;1.677624e-01;6.828294e-02;3.028375e-02;8.847335e-03;1.805427e-02
1.643791e-02;1.785456e-02;2.689214e-01;3.924104e-02;1.359551e-02;1.809322e-02;2.851215e-01;2.025447e-01;8.980796e-02;2.182807e-02;5.370099e-03;2.118408e-02
1.394360e-02;1.005939e-02;2.746735e-01;5.005305e-02;1.342993e-02;1.927206e-02;2.493454e-01;2.438877e-01;8.106453e-02;1.867202e-02;3.505241e-03;2.209363e-02
7.204022e-03;1.157448e-02;3.024492e-01;3.720964e-02;9.826123e-03;1.836111e-02;2.274201e-01;2.851190e-01;5.512672e-02;1.638540e-02;5.029715e-03;2.429447e-02
2.848603e-03;1.142943e-02;2.541256e-01;1.978373e-02;4.824021e-03;1.240905e-02;2.844658e-01;3.391438e-01;2.658956e-02;1.983899e-02;4.679140e-03;1.986229e-02
4.056816e-03;7.582553e-03;1.657095e-01;8.291986e-03;7.118915e-03;1.126715e-02;3.346754e-01;3.806960e-01;3.856760e-02;2.022822e-02;3.182464e-03;1.862341e-02
5.708652e-03;6.646426e-03;1.264935e-01;8.438640e-03;9.892027e-03;1.034667e-02;3.483323e-01;3.968633e-01;3.192922e-02;2.680135e-02;4.362294e-03;2.418564e-02
6.855522e-03;4.874366e-03;1.861200e-01;4.267742e-03;7.415418e-03;8.755864e-03;3.332842e-01;3.807937e-01;1.597435e-02;2.551364e-02;5.234481e-03;2.091070e-02
8.044444e-03;7.537269e-03;2.280356e-01;8.155286e-03;6.657550e-03;7.365981e-03;3.242249e-01;3.358340e-01;2.743090e-02;2.710906e-02;4.490789e-03;1.511425e-02
5.526643e-03;4.042084e-03;2.392824e-01;5.082636e-03;5.910768e-03;7.832069e-03;3.764203e-01;3.023368e-01;1.654270e-02;2.042361e-02;3.392164e-03;1.320786e-02
5.327414e-03;8.466352e-03;2.099265e-01;5.326294e-03;4.007309e-03;9.743447e-03;4.509216e-01;2.605622e-01;1.501246e-02;1.519776e-02;4.918819e-03;1.058980e-02
7.412684e-03;2.516561e-02;1.497177e-01;8.872700e-03;2.053559e-02;2.110877e-02;5.272435e-01;1.977755e-01;1.264687e-02;1.170201e-02;9.116952e-03;8.702195e-03
1.478591e-02;5.474096e-02;9.415351e-02;1.215823e-02;5.577864e-02;6.071744e-02;5.251504e-01;1.189518e-01;1.630784e-02;1.587091e-02;2.304045e-02;8.343819e-03
4.192106e-02;4.908833e-02;7.368493e-02;2.239411e-02;1.212194e-01;1.317192e-01;4.325191e-01;5.048670e-02;1.446830e-02;2.286286e-02;2.825502e-02;1.138095e-02
4.365804e-02;1.725047e-02;1.204749e-01;3.082259e-02;1.811514e-01;1.412518e-01;3.523710e-01;3.459046e-02;2.086309e-02;1.802704e-02;1.450272e-02;2.503647e-02
2.008043e-02;1.684361e-02;2.270628e-01;5.817528e-02;2.301699e-01;1.102319e-01;1.945272e-01;4.658968e-02;3.163935e-02;1.414274e-02;1.364866e-02;3.688841e-02
2.952280e-02;1.733780e-02;3.931005e-01;9.221362e-02;1.639330e-01;6.431744e-02;1.040437e-01;4.503319e-02;2.882296e-02;1.568567e-02;2.799506e-02;1.799434e-02
3.898782e-02;3.458378e-02;4.992976e-01;7.313830e-02;5.710027e-02;3.545301e-02;1.635414e-01;2.621224e-02;1.514226e-02;2.574598e-02;1.994357e-02;1.085381e-02
2.930025e-02;5.248172e-02;5.399825e-01;4.843047e-02;8.145555e-02;3.168076e-02;1.204958e-01;3.079243e-02;1.954313e-02;2.643491e-02;6.607271e-03;1.279518e-02
2.972798e-02;9.370630e-02;5.367256e-01;3.639706e-02;8.473078e-02;2.629103e-02;8.243947e-02;3.054174e-02;3.553653e-02;2.018594e-02;1.142419e-02;1.229339e-02
6.783029e-02;1.343904e-01;3.209626e-01;2.968062e-02;1.062929e-01;4.187493e-02;1.188559e-01;5.658932e-02;5.254176e-02;2.140142e-02;2.363862e-02;2.594130e-02
5.472115e-02;6.920666e-02;3.489634e-01;4.394301e-02;1.048379e-01;7.455384e-02;1.671034e-01;2.987914e-02;2.511731e-02;2.855153e-02;2.413569e-02;2.898708e-02
4.357165e-02;3.457850e-02;2.833177e-01;3.912445e-02;8.477589e-02;8.843868e-02;2.769629e-01;1.934674e-02;2.610257e-02;4.130383e-02;3.377794e-02;2.869913e-02
6.668559e-02;5.503102e-02;1.240479e-01;2.602102e-02;6.847858e-02;8.119158e-02;3.752503e-01;4.053124e-02;2.518306e-02;5.222400e-02;4.937688e-02;3.597884e-02
5.914714e-02;6.521574e-02;9.202874e-02;1.623064e-02;4.756877e-02;6.246836e-02;3.673972e-01;8.225334e-02;3.734170e-02;7.046904e-02;5.163939e-02;4.823990e-02
3.664853e-02;4.676633e-02;1.199942e-01;4.752287e-02;2.182296e-02;5.154268e-02;2.879264e-01;1.397252e-01;5.242549e-02;8.334906e-02;3.563447e-02;7.664181e-02
1.644979e-02;1.499785e-02;1.075498e-01;1.276291e-01;1.165587e-02;8.098400e-02;2.246156e-01;1.642798e-01;7.868064e-02;6.263564e-02;1.713910e-02;9.338281e-02
8.444225e-03;5.599409e-03;6.483646e-02;1.721327e-01;1.403510e-02;1.150923e-01;1.797540e-01;1.681257e-01;1.585858e-01;2.849325e-02;5.599526e-03;7.930144e-02
2.799155e-02;8.807170e-03;6.028849e-02;1.401173e-01;2.668400e-02;9.150577e-02;1.489013e-01;1.109211e-01;3.003142e-01;3.337765e-02;5.920233e-03;4.517126e-02
6.796495e-02;8.371427e-03;3.322578e-02;1.872723e-01;1.760698e-02;4.563674e-02;1.285250e-01;4.340269e-02;3.950376e-01;4.686727e-02;6.260709e-03;1.982855e-02
9.593000e-02;9.672077e-03;1.616967e-02;1.812600e-01;2.998579e-02;2.980166e-02;1.081001e-01;3.091701e-02;4.002218e-01;7.281691e-02;7.999912e-03;1.712512e-02
8.947371e-02;1.468103e-02;1.512405e-02;1.215041e-01;8.555676e-02;2.300383e-02;1.070699e-01;3.145692e-02;3.089249e-01;1.685359e-01;1.407040e-02;2.059852e-02
3.379203e-02;5.544443e-02;1.327327e-02;6.137227e-02;2.493429e-01;1.369829e-02;6.601546e-02;2.724686e-02;8.606605e-02;3.550902e-01;2.435921e-02;1.429901e-02
9.642066e-03;8.867332e-02;8.089529e-03;2.640430e-02;2.945283e-01;1.529175e-02;4.032968e-02;3.940987e-02;5.051963e-02;3.811889e-01;3.790231e-02;8.020309e-03
9.179669e-03;9.458283e-02;9.367643e-03;1.814970e-02;2.479555e-01;3.045853e-02;3.844367e-02;5.834297e-02;5.570994e-02;3.540890e-01;7.413260e-02;9.588025e-03
1.308365e-02;6.657518e-02;3.666185e-02;1.186736e-02;1.317514e-01;1.288996e-01;4.008182e-02;6.730096e-02;4.526428e-02;2.658816e-01;1.723414e-01;2.029093e-02
1.416558e-02;2.355844e-02;1.013784e-01;8.245591e-03;5.000594e-02;2.798611e-01;4.585133e-02;3.756242e-02;3.641647e-02;1.002427e-01;2.782820e-01;2.442997e-02
1.880693e-02;1.605691e-02;1.621134e-01;1.222635e-02;4.750721e-02;2.706364e-01;3.442768e-02;2.244578e-02;3.071998e-02;7.799637e-02;2.824014e-01;2.466156e-02
4.231314e-02;2.753259e-02;1.827860e-01;2.136448e-02;4.590885e-02;1.807578e-01;6.815705e-02;2.201164e-02;5.453427e-02;9.256240e-02;2.233812e-01;3.869064e-02
5.939958e-02;4.312382e-02;1.333720e-01;3.076125e-02;6.745654e-02;1.270223e-01;9.825390e-02;3.547028e-02;8.065227e-02;1.611246e-01;1.053344e-01;5.802903e-02
9.472333e-02;6.831209e-02;1.252936e-01;2.440597e-02;5.727083e-02;1.072702e-01;4.238214e-02;2.428979e-02;6.420168e-02;1.296298e-01;1.862111e-01;7.600948e-02
7.650067e-02;3.698284e-02;1.911269e-01;1.646457e-02;3.518792e-02;1.027784e-01;2.767880e-02;1.124881e-02;8.159284e-02;4.900165e-02;2.560565e-01;1.153803e-01
6.618381e-02;2.165984e-02;1.815116e-01;1.570133e-02;2.419675e-02;5.786190e-02;3.425103e-02;1.426512e-02;1.231276e-01;7.129984e-02;2.384076e-01;1.515335e-01
8.302750e-02;1.810171e-02;1.410142e-01;9.671197e-03;2.282601e-02;1.016576e-01;2.820107e-02;1.011385e-02;9.173354e-02;5.148923e-02;3.087827e-01;1.333814e-01
3.347911e-02;1.826856e-02;1.276627e-01;8.322371e-03;2.410987e-02;1.220699e-01;1.449293e-02;5.595680e-03;6.045609e-02;8.917531e-02;3.945919e-01;1.017756e-01
2.052283e-02;5.382093e-02;9.918875e-02;4.105537e-03;3.529937e-02;9.405492e-02;4.030965e-02;1.457433e-02;4.660194e-02;1.986762e-01;3.255212e-01;6.732430e-02
4.295135e-02;6.184672e-02;7.508513e-02;1.247212e-02;4.393537e-02;6.746697e-02;1.554092e-01;5.229155e-02;8.334956e-02;2.170928e-01;1.477631e-01;4.033614e-02
4.318794e-02;3.342303e-02;5.491698e-02;1.341713e-02;2.927465e-02;5.325802e-02;3.859104e-01;8.843443e-02;8.684152e-02;1.243767e-01;6.149510e-02;2.546411e-02
2.038248e-02;1.770555e-02;5.143146e-02;7.538485e-03;3.091514e-02;5.299629e-02;6.004024e-01;8.641515e-02;4.235150e-02;5.235932e-02;1.980007e-02;1.770210e-02
1.308534e-02;2.024014e-02;3.899613e-02;9.631736e-03;6.573465e-02;9.218477e-02;5.903845e-01;5.566987e-02;3.038316e-02;4.581367e-02;2.734169e-02;1.053437e-02
2.172101e-02;2.062043e-02;5.719849e-02;1.876898e-02;1.282094e-01;1.607036e-01;4.360414e-01;2.929856e-02;3.336295e-02;5.129223e-02;3.341097e-02;9.372063e-03
1.822241e-02;1.852068e-02;1.027701e-01;2.077149e-02;1.844312e-01;1.715826e-01;3.382644e-01;2.601248e-02;2.844866e-02;4.111665e-02;3.391728e-02;1.594207e-02
1.787039e-02;1.965267e-02;1.258008e-01;3.475668e-02;2.804444e-01;2.081012e-01;1.505995e-01;2.814618e-02;3.168318e-02;2.431808e-02;5.154822e-02;2.707869e-02
2.408414e-02;1.462866e-02;6.723996e-02;2.814352e-02;2.123893e-01;1.874351e-01;3.523132e-01;1.536833e-02;3.318928e-02;1.919588e-02;3.105872e-02;1.495398e-02
2.239380e-02;8.965216e-03;2.771102e-02;1.537666e-02;1.416965e-01;1.778253e-01;5.183180e-01;1.970713e-02;2.444062e-02;1.856685e-02;1.592043e-02;9.078541e-03
1.695197e-02;1.545130e-02;1.395064e-02;1.683151e-02;8.105905e-02;1.217343e-01;6.531615e-01;2.777850e-02;1.676411e-02;1.610897e-02;1.499292e-02;5.215175e-03
1.716726e-02;1.825489e-02;2.558593e-02;1.295360e-02;3.557566e-02;5.860261e-02;7.014378e-01;6.167933e-02;2.780187e-02;1.350447e-02;1.633881e-02;1.109784e-02
1.546851e-02;1.576260e-02;3.919931e-02;9.894317e-03;1.653789e-02;2.446698e-02;6.633630e-01;1.229356e-01;3.918061e-02;1.846529e-02;1.105985e-02;2.366604e-02
1.692069e-02;1.507549e-02;3.613581e-02;1.123545e-02;1.576081e-02;2.340537e-02;5.781979e-01;1.660603e-01;5.950031e-02;3.187867e-02;1.540036e-02;3.042887e-02
2.500250e-02;1.419076e-02;2.410082e-02;1.520386e-02;2.470426e-02;3.689362e-02;4.934685e-01;1.760466e-01;9.646163e-02;4.703288e-02;1.058635e-02;3.630815e-02
2.845226e-02;1.305339e-02;3.534089e-02;2.897434e-02;4.420995e-02;3.939610e-02;3.748964e-01;1.553071e-01;1.547175e-01;8.391292e-02;2.038758e-02;2.135157e-02
2.138543e-02;1.196562e-02;4.162471e-02;3.387808e-02;4.278689e-02;3.981599e-02;4.017499e-01;1.065584e-01;1.710815e-01;9.896075e-02;1.700339e-02;1.318925e-02
4.137201e-02;1.124926e-02;3.735393e-02;3.085716e-02;5.404514e-02;2.453160e-02;3.322748e-01;9.396230e-02;1.582521e-01;1.623249e-01;3.666973e-02;1.710715e-02
4.362162e-02;1.340513e-02;4.234551e-02;2.403734e-02;9.183044e-02;2.434559e-02;2.938729e-01;6.423942e-02;8.386721e-02;2.177870e-01;7.793376e-02;2.271411e-02
3.173645e-02;1.762028e-02;5.426448e-02;3.642417e-02;9.734374e-02;3.185153e-02;2.413348e-01;5.544854e-02;3.290734e-02;2.461122e-01;1.085395e-01;4.641690e-02
5.013658e-02;2.937066e-02;6.484787e-02;6.420929e-02;8.122464e-02;6.002735e-02;1.020311e-01;6.700261e-02;7.749132e-02;2.483443e-01;9.302963e-02;6.228464e-02
5.339086e-02;3.546940e-02;6.457753e-02;7.812582e-02;9.750518e-02;5.751663e-02;1.874035e-01;6.669200e-02;6.877920e-02;1.890644e-01;6.122689e-02;4.024855e-02
5.101490e-02;1.896177e-02;6.398735e-02;6.723323e-02;9.370197e-02;5.355877e-02;2.024186e-01;6.436663e-02;9.574687e-02;1.924300e-01;6.346924e-02;3.311069e-02
6.315457e-02;3.947306e-02;8.668932e-02;6.017974e-02;7.266244e-02;6.543033e-02;1.920159e-01;5.965865e-02;9.258647e-02;1.646226e-01;7.216602e-02;3.136086e-02
7.624180e-02;6.059432e-02;1.339168e-01;8.686728e-02;6.334235e-02;7.691481e-02;1.360923e-01;5.950865e-02;9.269858e-02;1.045126e-01;6.625016e-02;4.306036e-02
1.561704e-01;1.102693e-01;1.468615e-01;6.722436e-02;6.549669e-02;4.833762e-02;1.211753e-01;3.416159e-02;7.412583e-02;6.627376e-02;5.212408e-02;5.777953e-02
1.925110e-01;1.278751e-01;1.306919e-01;6.456245e-02;6.497043e-02;3.359684e-02;7.244197e-02;2.151492e-02;8.044947e-02;9.152853e-02;6.125036e-02;5.860699e-02
1.988783e-01;1.163885e-01;1.063120e-01;9.798782e-02;5.614555e-02;1.921682e-02;3.358333e-02;2.660567e-02;1.327027e-01;1.074614e-01;5.933159e-02;4.538638e-02
1.476986e-01;6.202217e-02;8.420484e-02;1.305611e-01;3.720669e-02;1.202068e-02;5.527454e-02;6.195979e-02;1.908385e-01;9.601960e-02;3.552014e-02;8.667334e-02
7.679239e-02;1.895628e-02;8.779719e-02;1.003361e-01;2.137018e-02;1.105031e-02;8.603058e-02;1.485755e-01;1.639219e-01;4.880852e-02;1.467976e-02;2.216812e-01
4.098506e-02;9.145285e-03;1.029914e-01;3.586916e-02;1.128251e-02;1.028486e-02;9.001917e-02;2.122283e-01;9.318835e-02;2.103620e-02;1.445717e-02;3.585126e-01
7.824311e-02;5.031557e-03;7.354750e-02;4.927365e-02;6.908863e-03;1.128592e-02;8.513999e-02;1.960798e-01;1.035955e-01;2.559286e-02;1.450618e-02;3.507951e-01
1.699306e-01;6.903529e-03;4.127408e-02;9.971266e-02;8.869841e-03;7.483263e-03;6.470904e-02;1.266301e-01;2.129369e-01;4.017942e-02;1.357691e-02;2.077937e-01
2.061962e-01;2.710302e-02;5.286675e-02;1.005906e-01;2.192124e-02;3.904843e-03;5.617375e-02;9.250323e-02;2.609460e-01;9.429149e-02;1.686383e-02;6.663904e-02
1.083109e-01;1.177356e-01;5.354944e-02;5.734479e-02;7.862318e-02;5.789006e-03;4.756448e-02;9.906408e-02;1.428857e-01;1.978248e-01;2.403575e-02;6.727216e-02
1.619024e-02;2.193235e-01;3.997530e-02;2.786206e-02;1.411800e-01;4.067331e-03;3.446979e-02;7.341173e-02;7.058869e-02;2.645461e-01;2.566136e-02;8.272386e-02
1.245575e-02;2.326288e-01;2.988598e-02;2.309919e-02;1.873494e-01;4.594255e-03;1.414735e-02;5.463042e-02;6.790134e-02;2.905170e-01;2.297282e-02;5.981773e-02
1.672034e-02;2.131534e-01;2.130989e-02;1.596842e-02;2.146097e-01;5.002760e-03;1.008600e-02;6.071016e-02;4.118599e-02;3.333671e-01;3.152392e-02;3.636227e-02
2.744904e-02;1.665826e-01;1.914274e-02;1.343499e-02;2.051364e-01;5.332081e-03;1.490513e-02;7.303875e-02;6.029690e-02;3.602267e-01;4.194677e-02;1.250783e-02
2.398822e-02;1.510507e-01;1.940831e-02;1.619368e-02;1.717728e-01;7.961277e-03;1.088659e-02;1.028330e-01;4.486357e-02;3.671803e-01;6.585494e-02;1.800655e-02
3.147704e-02;1.475903e-01;2.481364e-02;2.025480e-02;9.846643e-02;1.787749e-02;2.036371e-02;1.461708e-01;3.073584e-02;3.368052e-01;1.027237e-01;2.272101e-02
3.475424e-02;1.471436e-01;1.993558e-02;1.292427e-02;7.486171e-02;7.128762e-02;1.804546e-02;1.418329e-01;4.114833e-02;2.642419e-01;1.561350e-01;1.768938e-02
2.747067e-02;1.053607e-01;4.482551e-02;1.421876e-02;7.266995e-02;1.689168e-01;2.623442e-02;1.003693e-01;5.131270e-02;1.428282e-01;2.227023e-01;2.309078e-02
1.678503e-02;7.634243e-02;7.064818e-02;7.793001e-03;6.779267e-02;1.996136e-01;1.473183e-02;5.155395e-02;6.028516e-02;1.488136e-01;2.572892e-01;2.835138e-02
1.455066e-02;4.054642e-02;8.630744e-02;5.345568e-03;6.065406e-02;1.562244e-01;3.426639e-02;3.099286e-02;8.934426e-02;1.726665e-01;2.671042e-01;4.199721e-02
5.075907e-02;2.079517e-02;8.210001e-02;7.303297e-03;4.667282e-02;8.476780e-02;1.152532e-01;4.818081e-02;1.031815e-01;1.879870e-01;1.924746e-01;6.052472e-02
7.148463e-02;4.622889e-02;7.324414e-02;1.199755e-02;4.682034e-02;7.816407e-02;1.918468e-01;5.872115e-02;8.015185e-02;1.951551e-01;9.530918e-02;5.087632e-02
7.669392e-02;5.330351e-02;6.888572e-02;3.036906e-02;4.379587e-02;8.094212e-02;1.856090e-01;6.996050e-02;5.566084e-02;1.894195e-01;1.104821e-01;3.487788e-02
6.647263e-02;5.046972e-02;6.712589e-02;4.836354e-02;7.794519e-02;4.982091e-02;6.433321e-02;8.292168e-02;1.185637e-01;1.847393e-01;1.615182e-01;2.772598e-02
5.981463e-02;2.923739e-02;6.652495e-02;3.153536e-02;8.403514e-02;8.632429e-02;5.577803e-02;9.188638e-02;1.272266e-01;1.511442e-01;1.830892e-01;3.340379e-02
4.597900e-02;4.746540e-02;5.958004e-02;2.811885e-02;5.730569e-02;1.005661e-01;1.155230e-01;9.055316e-02;1.107301e-01;1.347429e-01;1.670485e-01;4.238721e-02
3.335793e-02;3.737154e-02;6.351580e-02;3.489091e-02;7.961670e-02;1.362009e-01;1.043835e-01;8.037160e-02;8.403972e-02;1.792076e-01;1.218783e-01;4.516536e-02
2.834572e-02;1.824379e-02;8.289120e-02;2.798957e-02;1.014493e-01;1.625889e-01;6.853706e-02;1.036042e-01;8.777175e-02;1.794911e-01;7.606872e-02;6.301864e-02
4.077137e-02;3.552066e-02;1.065388e-01;2.803453e-02;9.835513e-02;1.338828e-01;5.914130e-02;1.279231e-01;1.003331e-01;1.452742e-01;6.815460e-02;5.607032e-02
7.960720e-02;9.027712e-02;1.069280e-01;2.981854e-02;5.002232e-02;1.324835e-01;7.493169e-02;9.475526e-02;9.178770e-02;1.149113e-01;8.050252e-02;5.397475e-02
1.050517e-01;8.369426e-02;5.905960e-02;2.954761e-02;2.877264e-02;9.416104e-02;1.509187e-01;9.116019e-02;1.066557e-01;1.188973e-01;8.452817e-02;4.755310e-02
8.380989e-02;4.331639e-02;2.671057e-02;3.034027e-02;1.461603e-02;4.742622e-02;1.855531e-01;9.521638e-02;2.080745e-01;1.605138e-01;7.161366e-02;3.280910e-02
3.191282e-02;2.208589e-02;2.302948e-02;3.516083e-02;1.565352e-02;1.948234e-02;1.946199e-01;9.130006e-02;2.966621e-01;2.172291e-01;3.406384e-02;1.880001e-02
3.366400e-02;2.301459e-02;2.552776e-02;3.195878e-02;1.536157e-02;1.434867e-02;1.237508e-01;8.252964e-02;3.359944e-01;2.447855e-01;5.528772e-02;1.377667e-02
5.551563e-02;2.512430e-02;3.066604e-02;2.064465e-02;2.540584e-02;3.242570e-02;2.072189e-01;7.013775e-02;2.446790e-01;1.888694e-01;7.892694e-02;2.038591e-02
7.731839e-02;2.906424e-02;5.040437e-02;1.748060e-02;3.674612e-02;4.450564e-02;3.494357e-01;6.127950e-02;1.244347e-01;1.030896e-01;7.101104e-02;3.523013e-02
8.764605e-02;2.063367e-02;4.746295e-02;1.831998e-02;4.651709e-02;5.075033e-02;4.026332e-01;6.444132e-02;8.223473e-02;9.356628e-02;4.855506e-02;3.723923e-02
9.954639e-02;1.864851e-02;4.191207e-02;2.207893e-02;5.182245e-02;6.429816e-02;2.489820e-01;8.705581e-02;1.110258e-01;1.702583e-01;4.075363e-02;4.361792e-02
7.097409e-02;4.268535e-02;7.691267e-02;3.448919e-02;6.632359e-02;6.358889e-02;1.012683e-01;8.281930e-02;1.624746e-01;2.031751e-01;6.384996e-02;3.143886e-02
4.863477e-02;3.358134e-02;8.335555e-02;5.106268e-02;7.074125e-02;6.052358e-02;1.855346e-01;5.892486e-02;1.758299e-01;1.278182e-01;8.231955e-02;2.167368e-02
6.037082e-02;3.744971e-02;8.809865e-02;6.216865e-02;5.878653e-02;4.954059e-02;2.467483e-01;5.989419e-02;1.495607e-01;1.012166e-01;6.450862e-02;2.165657e-02
1.077472e-01;3.957234e-02;6.931213e-02;7.537371e-02;4.670343e-02;4.551016e-02;2.104021e-01;6.491935e-02;1.470947e-01;1.103781e-01;4.248527e-02;4.050149e-02
1.456882e-01;4.238826e-02;7.052402e-02;6.034015e-02;6.317483e-02;4.818660e-02;1.463840e-01;5.720098e-02;1.378568e-01;1.102675e-01;9.491759e-02;2.307117e-02
1.120150e-01;4.265299e-02;9.486162e-02;5.377766e-02;6.605157e-02;5.828290e-02;9.892327e-02;4.787884e-02;1.318909e-01;1.371618e-01;9.751628e-02;5.898717e-02
6.552976e-02;5.006791e-02;8.948565e-02;5.025009e-02;6.754964e-02;7.173024e-02;1.766782e-01;4.873915e-02;1.031353e-01;1.303538e-01;7.182521e-02;7.465491e-02
4.841399e-02;4.186472e-02;9.238830e-02;5.710779e-02;5.459225e-02;6.525878e-02;2.302943e-01;5.812731e-02;7.201733e-02;1.097139e-01;9.106584e-02;7.915552e-02
7.333124e-02;4.694624e-02;8.945478e-02;7.552732e-02;3.111736e-02;6.607858e-02;2.055152e-01;5.219250e-02;9.134577e-02;7.388187e-02;1.248411e-01;6.976799e-02
1.225503e-01;8.200610e-02;7.567775e-02;5.655377e-02;3.131888e-02;7.686979e-02;9.490262e-02;7.495794e-02;1.145797e-01;1.129441e-01;1.088550e-01;4.878408e-02
5.802470e-02;4.372261e-02;3.983609e-02;2.062833e-02;1.794267e-02;3.240297e-02;1.314958e-01;1.467238e-01;2.597912e-01;1.498876e-01;6.045171e-02;3.909262e-02
5.824144e-02;2.064762e-02;2.263854e-02;3.123283e-02;1.047220e-02;2.295979e-02;1.033384e-01;1.260361e-01;3.618880e-01;1.491419e-01;6.150832e-02;3.189481e-02
5.534330e-02;1.195435e-02;1.871788e-02;4.200844e-02;7.311332e-03;2.264507e-02;7.116528e-02;9.229845e-02;4.231723e-01;1.324214e-01;6.683341e-02;5.612877e-02
3.836593e-02;6.603139e-03;5.028184e-02;3.911705e-02;4.700698e-03;3.176851e-02;4.371553e-02;1.439897e-01;3.660050e-01;8.309085e-02;5.445212e-02;1.379097e-01
1.535407e-02;4.235357e-03;1.211101e-01;9.831104e-03;3.522989e-03;3.363002e-02;6.003748e-02;2.694478e-01;1.745778e-01;4.130800e-02;2.645568e-02;2.404895e-01
1.478158e-02;5.379411e-03;1.718452e-01;1.986193e-02;6.063182e-03;2.313017e-02;8.664870e-02;3.604448e-01;4.979139e-02;5.687816e-02;8.838026e-03;1.963374e-01
1.339706e-02;6.202153e-03;1.594949e-01;2.388320e-02;6.114843e-03;1.293218e-02;1.060460e-01;3.974191e-01;4.062188e-02;7.451801e-02;1.577597e-02;1.435947e-01
9.905255e-03;6.380103e-03;1.114241e-01;2.181241e-02;4.084311e-03;8.642120e-03;1.033740e-01;3.783800e-01;5.572427e-02;7.197565e-02;1.135303e-02;2.169448e-01
1.165594e-02;6.801712e-03;1.361018e-01;2.105321e-02;4.530886e-03;8.340755e-03;9.663782e-02;3.563359e-01;4.485663e-02;5.831662e-02;1.052461e-02;2.448441e-01
1.205458e-02;6.892109e-03;1.533638e-01;1.318938e-02;4.659134e-03;4.585369e-03;1.137756e-01;3.356446e-01;4.959464e-02;4.472091e-02;9.841359e-03;2.516786e-01
1.499403e-02;1.936882e-02;1.660107e-01;6.317369e-03;8.167004e-03;1.058883e-02;1.518274e-01;3.258713e-01;5.098938e-02;3.348739e-02;1.189314e-02;2.004846e-01
1.737700e-02;2.083969e-02;1.512518e-01;3.846949e-03;4.886412e-03;1.492924e-02;1.203649e-01;3.224021e-01;2.932363e-02;4.777174e-02;1.462356e-02;2.523829e-01
1.182661e-02;1.722958e-02;1.225182e-01;7.338915e-03;2.744224e-03;3.195342e-02;7.439158e-02;3.178668e-01;3.131721e-02;5.152528e-02;1.053629e-02;3.207519e-01
1.991275e-02;1.305378e-02;1.149925e-01;1.966437e-02;3.737779e-03;5.716660e-02;6.096248e-02;3.178449e-01;9.693368e-02;3.551215e-02;6.636738e-03;2.535823e-01
2.393391e-02;7.950399e-03;9.063029e-02;3.178344e-02;4.627072e-03;5.357514e-02;1.078507e-01;3.432376e-01;1.391635e-01;2.794074e-02;7.078610e-03;1.622286e-01
7.603635e-02;9.120488e-03;3.809838e-02;3.398420e-02;8.052658e-03;3.759295e-02;1.671607e-01;3.035363e-01;1.739963e-01;4.306714e-02;1.180405e-02;9.755042e-02
1.420708e-01;1.502566e-02;2.332315e-02;2.558689e-02;1.635981e-02;3.964935e-02;1.401798e-01;2.206078e-01;2.009898e-01;6.658610e-02;1.538526e-02;9.423556e-02
1.400233e-01;2.772313e-02;2.836845e-02;3.432015e-02;2.388126e-02;3.912315e-02;1.236795e-01;1.568835e-01;1.872231e-01;7.923500e-02;1.950947e-02;1.400298e-01
9.436685e-02;2.640700e-02;7.665551e-02;4.210708e-02;2.244308e-02;4.756409e-02;2.179732e-01;1.072357e-01;1.500906e-01;4.028953e-02;1.566586e-02;1.592016e-01
6.570178e-02;2.603783e-02;1.194445e-01;3.375495e-02;2.949090e-02;5.449629e-02;2.968746e-01;9.633574e-02;1.177864e-01;2.902384e-02;1.342598e-02;1.176271e-01
6.041956e-02;2.416218e-02;1.367655e-01;2.049402e-02;3.688493e-02;5.754514e-02;2.568902e-01;1.050580e-01;1.627059e-01;5.132282e-02;1.197381e-02;7.577787e-02
1.183615e-01;2.229759e-02;1.036949e-01;3.640445e-02;3.057232e-02;3.830308e-02;1.982059e-01;9.883613e-02;1.752774e-01;6.488214e-02;1.403534e-02;9.912927e-02
1.318713e-01;2.139929e-02;8.937690e-02;4.691361e-02;2.912933e-02;2.730168e-02;1.498123e-01;1.428915e-01;1.938873e-01;4.841801e-02;1.147605e-02;1.075228e-01
9.555078e-02;2.218214e-02;1.283448e-01;3.241740e-02;3.323257e-02;2.668864e-02;1.526113e-01;2.130772e-01;1.574077e-01;5.100797e-02;6.889151e-03;8.059033e-02
6.213763e-02;4.034616e-02;1.619554e-01;2.856899e-02;2.770455e-02;4.020252e-02;1.700628e-01;1.833196e-01;1.458752e-01;8.922153e-02;1.063213e-02;3.997345e-02
4.381672e-02;3.441909e-02;1.741465e-01;4.813326e-02;4.088986e-02;5.385721e-02;1.465656e-01;1.874587e-01;1.080115e-01;7.652090e-02;2.111863e-02;6.506203e-02
5.982198e-02;4.119993e-02;1.695861e-01;4.507984e-02;4.340854e-02;6.200573e-02;1.329398e-01;1.896646e-01;4.178114e-02;5.011250e-02;2.582055e-02;1.385793e-01
1.026628e-01;4.906873e-02;1.335716e-01;3.784110e-02;4.513084e-02;6.550383e-02;1.191082e-01;1.016982e-01;1.112677e-01;5.424028e-02;6.911159e-02;1.107951e-01
9.058584e-02;4.212381e-02;1.100280e-01;3.439745e-02;5.846794e-02;7.053834e-02;1.271845e-01;9.858317e-02;1.423372e-01;6.104940e-02;7.974069e-02;8.496368e-02
9.289917e-02;2.017090e-02;1.018884e-01;2.452936e-02;5.068352e-02;7.947127e-02;1.286355e-01;1.385901e-01;1.448530e-01;6.403302e-02;6.393388e-02;9.031187e-02
1.099493e-01;4.103462e-02;1.004098e-01;3.874161e-02;3.608935e-02;7.424434e-02;1.266204e-01;1.321543e-01;1.511316e-01;9.104117e-02;4.741003e-02;5.117348e-02
6.718069e-02;5.397041e-02;1.110548e-01;4.998128e-02;5.235619e-02;8.711112e-02;1.072533e-01;2.190706e-01;1.008391e-01;8.658139e-02;3.606220e-02;2.853890e-02
5.696366e-02;5.908362e-02;1.376202e-01;3.762388e-02;7.540482e-02;1.115256e-01;1.048555e-01;1.667712e-01;1.103066e-01;4.398989e-02;4.508635e-02;5.076858e-02
7.223261e-02;5.599650e-02;8.482617e-02;7.386490e-02;5.775006e-02;1.240229e-01;1.308236e-01;1.388005e-01;9.977472e-02;5.747874e-02;6.816415e-02;3.626519e-02
6.322026e-02;3.776444e-02;7.090729e-02;6.939878e-02;4.851095e-02;1.442139e-01;1.806139e-01;1.219441e-01;9.593002e-02;6.814278e-02;6.570643e-02;3.364711e-02
6.088150e-02;2.632669e-02;1.239764e-01;5.618139e-02;5.329324e-02;1.411082e-01;2.236017e-01;1.129408e-01;6.761590e-02;5.924603e-02;3.831100e-02;3.651715e-02
4.124488e-02;1.693822e-02;1.014821e-01;5.267181e-02;4.193967e-02;8.755521e-02;2.499475e-01;1.599308e-01;1.156698e-01;7.391726e-02;3.269388e-02;2.600879e-02
2.190691e-02;7.534351e-03;6.910583e-02;9.436119e-02;2.345927e-02;4.165350e-02;2.107975e-01;1.399012e-01;2.633487e-01;9.822332e-02;1.562408e-02;1.408423e-02
1.519621e-02;5.313640e-03;4.768587e-02;1.393552e-01;9.542845e-03;1.480250e-02;1.141823e-01;6.977399e-02;4.451509e-01;1.112942e-01;1.955933e-02;8.143101e-03
1.471593e-02;5.692087e-03;2.128889e-02;1.529407e-01;1.219465e-02;1.190645e-02;3.718764e-02;4.176077e-02;5.687342e-01;1.085543e-01;1.527918e-02;9.745223e-03
1.748703e-02;8.482609e-03;1.568570e-02;1.733262e-01;1.541193e-02;1.175026e-02;1.960796e-02;2.995104e-02;5.841604e-01;9.554192e-02;1.676205e-02;1.183293e-02
1.707878e-02;7.734294e-03;3.275633e-02;2.120196e-01;6.474715e-03;1.204472e-02;4.293124e-02;4.118517e-02;5.418668e-01;5.961201e-02;1.485699e-02;1.143938e-02
2.241108e-02;7.888106e-03;3.403937e-02;2.390547e-01;8.000599e-03;1.191868e-02;4.197356e-02;4.078883e-02;5.275748e-01;4.943367e-02;6.914737e-03;1.000191e-02
3.279783e-02;1.372116e-02;2.989275e-02;2.441225e-01;2.083221e-02;1.057819e-02;3.881587e-02;2.171792e-02;5.060224e-01;5.943854e-02;1.270686e-02;9.353804e-03
3.436800e-02;9.599223e-03;3.174769e-02;2.197901e-01;7.104972e-02;8.582416e-03;2.768053e-02;1.402844e-02;4.355558e-01;1.172654e-01;2.002854e-02;1.030414e-02
2.820810e-02;1.211992e-02;4.674648e-02;1.125701e-01;1.422434e-01;9.687907e-03;3.209020e-02;1.230036e-02;3.563640e-01;1.901737e-01;3.629243e-02;2.120345e-02
1.290246e-02;8.638606e-03;2.895858e-02;1.028671e-01;1.453088e-01;8.511307e-03;2.975152e-02;1.329533e-02;4.038847e-01;2.070823e-01;2.611327e-02;1.268610e-02
1.131635e-02;5.443008e-03;1.809451e-02;1.007754e-01;1.354103e-01;1.161167e-02;3.833569e-02;3.103456e-02;4.246378e-01;1.965277e-01;2.104896e-02;5.764121e-03
1.340894e-02;8.091409e-03;1.584485e-02;9.243179e-02;1.520679e-01;9.188361e-03;3.227581e-02;3.715606e-02;3.799749e-01;2.218550e-01;2.782036e-02;9.884669e-03
1.559859e-02;1.738850e-02;1.874951e-02;9.489420e-02;2.008740e-01;5.655318e-03;4.524855e-02;3.107819e-02;2.428824e-01;2.908691e-01;2.672417e-02;1.003747e-02
2.752265e-02;2.556894e-02;2.883190e-02;7.899243e-02;1.848430e-01;9.950302e-03;7.376645e-02;4.052372e-02;1.907710e-01;3.017839e-01;2.646405e-02;1.098171e-02
5.218307e-02;2.406625e-02;4.282744e-02;6.691651e-02;9.722891e-02;1.534621e-02;1.211290e-01;5.416834e-02;2.291567e-01;2.561851e-01;2.433434e-02;1.645806e-02
4.088514e-02;2.116359e-02;3.246920e-02;7.571986e-02;1.374638e-01;1.521563e-02;1.080339e-01;4.638410e-02;2.142092e-01;2.615878e-01;2.984316e-02;1.702463e-02
2.035355e-02;3.095607e-02;3.366290e-02;5.129977e-02;2.157516e-01;1.524331e-02;5.216965e-02;2.193895e-02;1.788595e-01;3.063467e-01;5.421538e-02;1.920262e-02
3.840322e-02;3.299439e-02;4.160788e-02;4.817246e-02;1.674794e-01;2.483787e-02;9.085765e-02;2.662250e-02;1.326354e-01;3.051195e-01;6.067335e-02;3.059649e-02
8.053426e-02;3.221983e-02;3.339983e-02;9.858505e-02;5.020617e-02;2.377275e-02;1.172172e-01;4.382811e-02;1.588995e-01;2.529151e-01;7.600502e-02;3.241709e-02
9.588043e-02;3.529872e-02;2.229708e-02;6.763054e-02;1.190679e-01;2.653491e-02;6.346972e-02;3.120009e-02;1.123703e-01;3.019893e-01;8.973321e-02;3.452779e-02
6.216947e-02;3.091347e-02;1.668810e-02;2.956782e-02;2.172235e-01;3.867232e-02;4.037927e-02;1.616135e-02;2.498221e-02;4.158627e-01;8.093292e-02;2.644686e-02
2.996277e-02;2.041499e-02;1.532144e-02;1.483754e-02;2.448504e-01;5.443304e-02;2.233565e-02;1.063607e-02;7.590832e-02;4.480283e-01;5.211447e-02;1.115705e-02
4.062828e-02;1.110274e-02;1.801527e-02;1.619446e-02;2.087230e-01;4.906474e-02;1.675841e-02;1.055911e-02;1.741841e-01;4.284637e-01;2.097830e-02;5.327849e-03
8.784051e-02;5.833503e-03;1.066768e-02;4.900341e-02;9.676728e-02;1.398031e-02;2.159025e-02;1.973956e-02;3.854668e-01;2.838771e-01;2.002760e-02;5.206018e-03
1.254532e-01;2.395272e-03;8.146331e-03;8.215370e-02;3.819294e-02;6.188247e-03;1.645563e-02;1.581181e-02;5.433709e-01;1.368903e-01;2.141612e-02;3.525541e-03
1.180749e-01;2.020218e-03;6.129301e-03;1.043313e-01;2.353028e-02;3.463414e-03;1.849695e-02;1.090517e-02;6.391377e-01;5.730058e-02;1.474929e-02;1.860889e-03
7.439547e-02;2.138252e-03;4.892936e-03;1.148295e-01;1.014479e-02;4.094772e-03;2.196453e-02;2.126986e-02;6.909511e-01;4.028435e-02;1.059112e-02;4.443279e-03
5.682668e-02;3.522310e-03;5.055538e-03;1.182293e-01;1.252969e-02;5.392504e-03;1.962631e-02;2.223585e-02;7.108793e-01;3.225654e-02;7.239188e-03;6.206817e-03
7.637586e-02;6.109396e-03;5.361028e-03;1.016307e-01;2.191199e-02;7.183680e-03;1.850331e-02;2.902238e-02;6.838511e-01;3.350699e-02;9.176396e-03;7.367205e-03
9.739675e-02;5.223946e-03;4.148898e-03;1.035482e-01;1.748551e-02;5.045218e-03;1.774012e-02;3.156966e-02;6.729662e-01;2.658583e-02;1.052315e-02;7.766493e-03
1.212616e-01;4.679830e-03;3.129159e-03;1.274458e-01;1.363184e-02;4.564732e-03;1.752813e-02;1.707990e-02;6.618414e-01;1.740001e-02;8.089704e-03;3.347851e-03
1.216759e-01;4.194097e-03;4.173070e-03;1.573294e-01;1.104739e-02;6.877834e-03;1.263995e-02;1.116482e-02;6.341941e-01;2.693397e-02;6.466210e-03;3.303297e-03
1.252187e-01;3.916560e-03;4.627758e-03;1.766997e-01;3.832459e-03;5.441708e-03;1.194087e-02;1.080619e-02;6.192086e-01;2.724336e-02;6.735707e-03;4.328419e-03
1.560157e-01;3.211221e-03;4.461494e-03;1.723206e-01;3.430232e-03;3.816182e-03;1.248708e-02;1.273557e-02;5.987476e-01;2.399475e-02;3.353686e-03;5.425889e-03
1.756913e-01;4.490858e-03;6.419851e-03;1.438180e-01;1.247240e-02;6.302407e-03;2.181781e-02;1.048279e-02;5.731624e-01;2.987767e-02;1.012411e-02;5.340324e-03
1.865467e-01;5.360464e-03;5.420725e-03;1.247898e-01;1.871349e-02;5.131751e-03;3.204482e-02;1.508164e-02;5.293331e-01;6.435812e-02;7.071889e-03;6.147559e-03
1.954729e-01;7.142341e-03;9.365541e-03;1.504332e-01;1.425574e-02;6.812278e-03;4.305776e-02;1.597647e-02;4.661188e-01;7.081131e-02;1.465880e-02;5.894765e-03
1.662178e-01;4.089078e-03;4.533052e-03;1.581646e-01;1.041613e-02;5.873528e-03;3.123672e-02;6.444968e-03;5.671246e-01;3.411146e-02;9.321056e-03;2.467044e-03
1.438641e-01;3.557792e-03;3.452907e-03;1.665525e-01;3.113299e-03;1.861025e-03;1.628510e-02;7.004991e-03;6.228471e-01;1.995406e-02;6.704730e-03;4.802354e-03
1.132963e-01;3.632207e-03;3.948671e-03;1.762406e-01;3.871040e-03;4.083711e-03;7.082046e-03;8.425501e-03;6.531668e-01;1.794635e-02;4.874402e-03;3.432322e-03
7.680766e-02;1.730789e-03;2.326002e-03;1.885404e-01;4.985610e-03;4.896539e-03;8.431072e-03;1.291710e-02;6.711428e-01;1.894220e-02;4.305596e-03;4.974207e-03
4.558384e-02;1.331482e-03;3.588441e-03;1.925255e-01;6.181689e-03;6.735450e-03;1.751029e-02;1.401045e-02;6.918409e-01;1.201455e-02;4.280656e-03;4.396627e-03
3.916296e-02;1.337611e-03;1.009055e-02;1.668746e-01;6.379629e-03;6.300911e-03;1.572822e-02;2.265925e-02;7.057346e-01;1.392213e-02;6.086599e-03;5.722978e-03
3.881421e-02;4.671626e-03;1.929788e-02;1.576579e-01;5.135260e-03;7.071821e-03;1.972837e-02;4.975808e-02;6.591185e-01;1.406313e-02;5.990821e-03;1.869232e-02
5.485930e-02;5.316725e-03;4.447103e-02;1.073318e-01;8.183083e-03;2.170475e-02;4.419236e-02;1.470461e-01;4.609560e-01;2.064723e-02;9.939884e-03;7.535174e-02
3.927859e-02;4.954110e-03;5.791187e-02;7.717783e-02;9.385866e-03;2.044673e-02;4.572230e-02;2.068832e-01;3.500855e-01;2.341066e-02;1.464335e-02;1.501001e-01
3.627515e-02;5.231729e-03;7.306793e-02;8.707486e-02;6.758587e-03;2.323729e-02;4.974104e-02;2.829665e-01;1.592535e-01;1.756207e-02;1.604239e-02;2.427890e-01
1.977356e-02;4.897304e-03;8.300303e-02;4.697063e-02;4.759356e-03;2.590834e-02;4.573764e-02;3.238935e-01;9.816296e-02;1.176718e-02;1.625961e-02;3.188668e-01
1.999951e-02;4.437964e-03;8.006869e-02;2.257256e-02;5.218032e-03;1.644987e-02;4.233095e-02;3.346336e-01;9.144792e-02;9.200819e-03;1.001866e-02;3.636214e-01
1.839731e-02;3.381465e-03;7.460131e-02;1.593767e-02;2.252313e-03;9.973904e-03;3.378806e-02;3.280465e-01;9.948517e-02;9.934068e-03;4.466481e-03;3.997358e-01
1.018686e-02;3.690741e-03;7.141291e-02;1.303494e-02;2.037966e-03;9.699330e-03;3.502944e-02;3.285044e-01;5.872833e-02;8.998461e-03;6.116376e-03;4.525603e-01
4.030455e-03;4.076291e-03;6.983487e-02;7.932558e-03;3.317115e-03;1.048908e-02;3.642130e-02;3.284163e-01;2.980923e-02;8.570050e-03;7.019563e-03;4.900832e-01
6.143314e-03;2.868759e-03;6.390254e-02;5.679308e-03;1.523910e-03;1.250600e-02;3.329712e-02;3.041873e-01;2.992936e-02;1.195467e-02;9.963328e-03;5.180444e-01
8.072925e-03;5.082954e-03;6.298422e-02;5.639671e-03;2.693634e-03;2.045476e-02;3.472340e-02;2.527776e-01;3.302453e-02;1.256523e-02;1.395963e-02;5.480214e-01
8.230017e-03;7.740757e-03;7.423624e-02;1.551522e-02;4.527130e-03;2.894906e-02;3.737503e-02;1.873034e-01;5.149131e-02;1.264912e-02;1.902349e-02;5.529592e-01
1.675805e-02;8.943150e-03;9.164975e-02;2.529864e-02;4.790516e-03;2.745250e-02;4.299703e-02;1.363496e-01;7.291437e-02;1.160033e-02;2.157736e-02;5.396687e-01
2.469785e-02;1.415949e-02;9.427237e-02;4.620690e-02;6.871421e-03;1.895479e-02;5.214579e-02;1.108882e-01;1.639004e-01;1.287025e-02;1.274417e-02;4.422884e-01
5.852387e-02;1.272635e-02;7.478703e-02;1.192689e-01;6.095088e-03;3.432395e-02;4.776570e-02;7.594176e-02;2.787418e-01;1.449993e-02;1.646625e-02;2.608593e-01
1.447672e-01;1.102154e-02;3.004880e-02;1.911575e-01;8.732301e-03;2.091498e-02;2.549405e-02;8.229613e-02;3.392615e-01;1.114178e-02;1.093932e-02;1.242249e-01
2.428210e-01;1.194927e-02;1.399295e-02;2.261804e-01;5.191086e-03;8.865898e-03;1.967209e-02;6.630653e-02;3.353850e-01;1.563403e-02;5.885361e-03;4.811629e-02
3.015297e-01;1.188561e-02;1.167133e-02;2.378766e-01;1.526523e-02;7.003813e-03;2.281566e-02;5.527298e-02;2.941390e-01;2.176672e-02;5.023705e-03;1.574956e-02
2.949895e-01;1.188133e-02;1.587027e-02;2.318183e-01;6.742767e-02;5.818162e-03;2.643472e-02;5.243636e-02;2.201761e-01;5.146455e-02;4.303273e-03;1.737983e-02
1.940008e-01;3.585065e-02;1.655281e-02;1.869836e-01;2.116626e-01;7.074957e-03;2.238286e-02;4.809537e-02;1.046904e-01;1.394511e-01;7.373786e-03;2.588109e-02
7.428222e-02;7.969976e-02;1.548835e-02;7.840634e-02;3.709946e-01;8.178357e-03;1.137166e-02;3.648508e-02;5.556535e-02;2.361798e-01;9.353404e-03;2.399505e-02
2.293938e-02;1.060616e-01;1.232703e-02;1.776506e-02;4.297897e-01;9.543912e-03;8.957905e-03;2.190467e-02;5.235296e-02;2.848539e-01;1.522778e-02;1.827617e-02
1.366214e-02;1.475409e-01;8.975361e-03;1.764422e-02;4.034234e-01;5.839790e-03;6.368546e-03;1.439368e-02;5.309923e-02;2.987012e-01;1.349170e-02;1.685984e-02
2.350975e-02;1.687716e-01;9.090282e-03;1.889111e-02;3.305768e-01;6.319128e-03;1.129797e-02;1.995524e-02;8.846758e-02;2.905700e-01;1.466106e-02;1.788949e-02
5.867587e-02;1.439502e-01;2.102224e-02;2.855879e-02;2.617258e-01;1.853252e-02;4.009713e-02;3.060976e-02;8.617789e-02;2.693245e-01;2.118663e-02;2.013872e-02
1.318809e-01;1.100152e-01;2.422066e-02;5.897427e-02;1.962696e-01;3.165739e-02;6.198036e-02;4.994694e-02;3.849753e-02;2.073683e-01;6.215764e-02;2.703114e-02
1.476442e-01;1.075661e-01;3.022577e-02;6.951299e-02;1.338314e-01;4.822136e-02;5.457861e-02;4.915285e-02;7.944736e-02;1.396096e-01;1.115801e-01;2.862969e-02
1.044299e-01;6.034126e-02;4.010093e-02;6.276392e-02;8.433309e-02;7.194144e-02;3.383156e-02;4.497457e-02;6.943907e-02;2.413493e-01;1.568163e-01;2.967862e-02
6.705204e-02;7.158334e-02;4.366265e-02;4.649478e-02;1.296039e-01;8.105622e-02;3.808031e-02;3.532412e-02;4.835620e-02;2.514462e-01;1.491538e-01;3.818649e-02
7.127991e-02;9.527111e-02;3.688283e-02;5.322638e-02;1.995504e-01;5.558134e-02;5.987475e-02;3.832360e-02;7.198202e-02;2.008852e-01;9.196909e-02;2.517334e-02
8.604708e-02;7.230537e-02;2.640208e-02;7.174631e-02;2.312474e-01;3.024753e-02;5.999794e-02;4.206757e-02;5.511193e-02;2.067868e-01;9.729127e-02;2.074873e-02
