3.973243e-02;1.368073e-01;1.950260e-01;2.818114e-02;4.134085e-02;1.435240e-01;4.769534e-02;1.000920e-01;5.645838e-02;3.820110e-02;9.340070e-02;7.954073e-02
6.794889e-02;1.749361e-01;2.002818e-01;3.170921e-02;3.300747e-02;2.151189e-01;5.111727e-02;6.582806e-02;4.397478e-02;3.565764e-02;3.219018e-02;4.822966e-02
9.277343e-02;1.668820e-01;1.510278e-01;4.841196e-02;4.028932e-02;1.807412e-01;5.833423e-02;5.376358e-02;6.327118e-02;3.708930e-02;4.225357e-02;6.516245e-02
1.042285e-01;1.948153e-01;1.039641e-01;4.327630e-02;4.579404e-02;1.194392e-01;8.126838e-02;5.575839e-02;6.153733e-02;5.130234e-02;5.141536e-02;8.720065e-02
9.598733e-02;1.689232e-01;1.072523e-01;3.182441e-02;7.301404e-02;1.641077e-01;7.507902e-02;6.417605e-02;4.319507e-02;5.239140e-02;4.422191e-02;7.982758e-02
6.343839e-02;1.000011e-01;9.337008e-02;4.796344e-02;1.106423e-01;2.437332e-01;6.884061e-02;6.126679e-02;4.876356e-02;3.858597e-02;2.617131e-02;9.722325e-02
4.174115e-02;7.700985e-02;6.972710e-02;6.877171e-02;1.484403e-01;2.507825e-01;4.832156e-02;5.167027e-02;4.369440e-02;2.623639e-02;2.904358e-02;1.445612e-01
2.451626e-02;5.142826e-02;7.494265e-02;1.041305e-01;1.613370e-01;1.994145e-01;3.705434e-02;5.286786e-02;3.266757e-02;2.782308e-02;7.440501e-02;1.594130e-01
1.345664e-02;6.472507e-02;9.362861e-02;1.484063e-01;1.399162e-01;1.287611e-01;3.995126e-02;6.850661e-02;2.648485e-02;3.515212e-02;1.304240e-01;1.105872e-01
2.683968e-02;8.001348e-02;8.856349e-02;1.550577e-01;1.207561e-01;1.766118e-01;3.659589e-02;6.905513e-02;2.705019e-02;4.841846e-02;1.131396e-01;5.789849e-02
4.734547e-02;5.395249e-02;6.751770e-02;1.071563e-01;1.388077e-01;2.913316e-01;3.891185e-02;6.291148e-02;3.592708e-02;4.821755e-02;3.599434e-02;7.192642e-02
5.781637e-02;5.081139e-02;4.572652e-02;5.986284e-02;1.550313e-01;3.680086e-01;3.887398e-02;6.127452e-02;4.739001e-02;3.340851e-02;2.820536e-02;5.359063e-02
2.128166e-02;7.973449e-02;1.225808e-01;7.088205e-02;1.472185e-01;2.569058e-01;2.039685e-02;8.907954e-02;6.803433e-02;5.120092e-02;5.387321e-02;1.881183e-02
5.095191e-02;1.155288e-01;1.447455e-01;8.442166e-02;9.447008e-02;1.594981e-01;2.475571e-02;9.884631e-02;7.841548e-02;5.901106e-02;5.763016e-02;3.172517e-02
5.500386e-02;1.422178e-01;1.452088e-01;7.936223e-02;8.356223e-02;1.321336e-01;4.234324e-02;8.412381e-02;7.905202e-02;7.459958e-02;5.758276e-02;2.481008e-02
4.727520e-02;1.377874e-01;7.208524e-02;6.185384e-02;9.721931e-02;1.648493e-01;5.623525e-02;1.176241e-01;9.632041e-02;8.005235e-02;3.888007e-02;2.981756e-02
3.448836e-02;1.054656e-01;5.012819e-02;3.321333e-02;1.234735e-01;2.143963e-01;4.872242e-02;1.549463e-01;1.069523e-01;6.713983e-02;4.985576e-02;1.121826e-02
2.573367e-02;8.969938e-02;9.010528e-02;7.710625e-02;1.320471e-01;1.603832e-01;3.887429e-02;1.213345e-01;1.002182e-01;8.792575e-02;4.424290e-02;3.232943e-02
2.596095e-02;8.368903e-02;1.340749e-01;9.957835e-02;1.458653e-01;7.746835e-02;5.307912e-02;1.066334e-01;8.681142e-02;9.985653e-02;3.651148e-02;5.047112e-02
2.040382e-02;6.540585e-02;1.038822e-01;8.712561e-02;1.315863e-01;1.324877e-01;5.634959e-02;9.188060e-02;1.484773e-01;5.542371e-02;5.349080e-02;5.348644e-02
2.506168e-02;4.648109e-02;9.914021e-02;7.112452e-02;9.271197e-02;1.816364e-01;5.334852e-02;8.774192e-02;2.189175e-01;3.064515e-02;4.521402e-02;4.797699e-02
3.473284e-02;4.641726e-02;9.695067e-02;5.565000e-02;5.460218e-02;1.987547e-01;4.929177e-02;1.242860e-01;1.733421e-01;5.669972e-02;3.436986e-02;7.490295e-02
2.882661e-02;6.562953e-02;1.005363e-01;5.490978e-02;6.458100e-02;2.074600e-01;6.965882e-02;1.517133e-01;7.581735e-02;6.323410e-02;2.198958e-02;9.564364e-02
5.552983e-02;7.912771e-02;8.646742e-02;4.250155e-02;5.480723e-02;2.462071e-01;6.023151e-02;1.246378e-01;4.442575e-02;4.370447e-02;6.935817e-02;9.300156e-02
4.325354e-02;8.052614e-02;1.268110e-01;4.064552e-02;8.995785e-02;3.362500e-01;4.308098e-02;7.990554e-02;3.110131e-02;2.106472e-02;3.913864e-02;6.826475e-02
2.764017e-02;5.843792e-02;1.222538e-01;4.051577e-02;1.389251e-01;3.621353e-01;4.326567e-02;4.585009e-02;4.017776e-02;1.389717e-02;1.980310e-02;8.709814e-02
2.034132e-02;2.849606e-02;8.652169e-02;3.001056e-02;1.927283e-01;3.692119e-01;5.979522e-02;2.548678e-02;5.365141e-02;8.292956e-03;1.282548e-02;1.126384e-01
1.393543e-02;2.000065e-02;5.477450e-02;7.722662e-02;2.543878e-01;3.174591e-01;5.933136e-02;2.494576e-02;4.448560e-02;1.047879e-02;2.373597e-02;9.923840e-02
8.542699e-03;4.860552e-02;6.594673e-02;1.404289e-01;2.679014e-01;2.264293e-01;3.161480e-02;4.447092e-02;2.121589e-02;1.658686e-02;6.544768e-02;6.280932e-02
7.526095e-03;8.110294e-02;1.140050e-01;2.045684e-01;2.087705e-01;1.374954e-01;1.131970e-02;6.087496e-02;1.015002e-02;1.877144e-02;1.104536e-01;3.496187e-02
1.710375e-02;8.256317e-02;1.980852e-01;2.126442e-01;1.366831e-01;9.080014e-02;1.358925e-02;5.728250e-02;1.593578e-02;3.082778e-02;1.235702e-01;2.091494e-02
3.458006e-02;1.248678e-01;2.753934e-01;1.521196e-01;7.553685e-02;5.311777e-02;2.588431e-02;4.286697e-02;3.421120e-02;5.690800e-02;1.033742e-01;2.113985e-02
4.489787e-02;1.642589e-01;2.582425e-01;1.084522e-01;6.475389e-02;6.715640e-02;4.485868e-02;4.848981e-02;5.188834e-02;6.466217e-02;5.683221e-02;2.550702e-02
3.760166e-02;1.393152e-01;1.764973e-01;1.506647e-01;1.278421e-01;1.087120e-01;4.531346e-02;4.610792e-02;3.997147e-02;3.320842e-02;5.615994e-02;3.860587e-02
2.003630e-02;1.250071e-01;1.142765e-01;1.497317e-01;1.661707e-01;1.595271e-01;3.448171e-02;3.985526e-02;2.312713e-02;2.955531e-02;7.692028e-02;6.131104e-02
1.436695e-02;1.088883e-01;9.342374e-02;1.687435e-01;1.591006e-01;1.580861e-01;2.288235e-02;5.017496e-02;1.436366e-02;3.794338e-02;1.023169e-01;6.970953e-02
2.352254e-02;1.188863e-01;2.111550e-01;1.468094e-01;8.630788e-02;1.282880e-01;1.670126e-02;5.698504e-02;1.486215e-02;4.411153e-02;9.792497e-02;5.444597e-02
3.720060e-02;1.326897e-01;2.557036e-01;1.023096e-01;4.520423e-02;1.625195e-01;2.691321e-02;5.661503e-02;2.719821e-02;4.479511e-02;5.860071e-02;5.025043e-02
3.307329e-02;8.975646e-02;2.012549e-01;8.998668e-02;8.736455e-02;2.498652e-01;2.734794e-02;5.192349e-02;4.701336e-02;3.210483e-02;3.449325e-02;5.581598e-02
2.192484e-02;1.024719e-01;1.553908e-01;1.031674e-01;1.457381e-01;2.834068e-01;1.941928e-02;4.220198e-02;3.448248e-02;3.014767e-02;1.968945e-02;4.195930e-02
1.344307e-02;8.689797e-02;1.527145e-01;1.127003e-01;1.589064e-01;3.180007e-01;1.945220e-02;3.799187e-02;2.393483e-02;1.724113e-02;2.632594e-02;3.239115e-02
2.259451e-02;9.686309e-02;1.841872e-01;1.045156e-01;1.100475e-01;3.053642e-01;2.656094e-02;5.423353e-02;1.603835e-02;2.292286e-02;3.417458e-02;2.249755e-02
3.124367e-02;9.806206e-02;1.742087e-01;6.374728e-02;5.269020e-02;3.107915e-01;5.298460e-02;7.266963e-02;4.151821e-02;3.024540e-02;3.457167e-02;3.726706e-02
4.754615e-02;9.448276e-02;1.233877e-01;2.956673e-02;5.061678e-02;2.987027e-01;1.168408e-01;9.683423e-02;4.367303e-02;4.891340e-02;1.833673e-02;3.109910e-02
7.504971e-02;7.358966e-02;7.808447e-02;3.362314e-02;5.010971e-02;3.141529e-01;1.486809e-01;9.394536e-02;3.160954e-02;5.950913e-02;2.658864e-02;1.505683e-02
9.275228e-02;6.948592e-02;5.706892e-02;2.979867e-02;4.309150e-02;3.395442e-01;1.889242e-01;7.514331e-02;1.971712e-02;5.187876e-02;2.149051e-02;1.110463e-02
8.180398e-02;9.006512e-02;4.978871e-02;2.479844e-02;3.228659e-02;3.651253e-01;1.997723e-01;7.170705e-02;1.695788e-02;2.968948e-02;2.167647e-02;1.632871e-02
4.898774e-02;8.161838e-02;6.076060e-02;2.434989e-02;3.090141e-02;4.087577e-01;1.805039e-01;8.376954e-02;1.325278e-02;2.282441e-02;1.693786e-02;2.733581e-02
4.216360e-02;4.281892e-02;6.886138e-02;2.725823e-02;2.818851e-02;4.389153e-01;1.801392e-01;1.037812e-01;1.696768e-02;2.210166e-02;6.524856e-03;2.227955e-02
4.233459e-02;2.776714e-02;7.397158e-02;1.711863e-02;4.125242e-02;4.966763e-01;1.530523e-01;8.752513e-02;1.303877e-02;2.735948e-02;1.060224e-02;9.301377e-03
5.040149e-02;2.701547e-02;6.074196e-02;3.683242e-02;4.459338e-02;5.178502e-01;1.166988e-01;7.949919e-02;1.069518e-02;3.610991e-02;7.568830e-03;1.199325e-02
5.416415e-02;2.713664e-02;3.772742e-02;5.294098e-02;5.655244e-02;4.805874e-01;1.031994e-01;1.003953e-01;1.771583e-02;4.005284e-02;6.273871e-03;2.325366e-02
4.102628e-02;4.556050e-02;5.078011e-02;5.152313e-02;9.973193e-02;4.096897e-01;1.040931e-01;7.622227e-02;2.980043e-02;3.557985e-02;1.895573e-02;3.703697e-02
2.158793e-02;7.170134e-02;1.442171e-01;6.439113e-02;7.272519e-02;3.705310e-01;6.392734e-02;5.636437e-02;3.077668e-02;3.985935e-02;3.033006e-02;3.358861e-02
2.663030e-02;8.587436e-02;1.986662e-01;8.519743e-02;3.060930e-02;2.875615e-01;3.339988e-02;1.040659e-01;3.442622e-02;4.240602e-02;3.913307e-02;3.202979e-02
2.481690e-02;7.811344e-02;1.656679e-01;1.021025e-01;6.148244e-02;2.599737e-01;3.784819e-02;1.056782e-01;6.572808e-02;2.056760e-02;5.030449e-02;2.771668e-02
2.189942e-02;8.814191e-02;1.668832e-01;9.088387e-02;8.070667e-02;2.093614e-01;2.415060e-02;1.269119e-01;9.048757e-02;2.235835e-02;5.160554e-02;2.660953e-02
3.266212e-02;1.370412e-01;1.788510e-01;6.503572e-02;6.621806e-02;8.069962e-02;4.725103e-02;1.888654e-01;1.052795e-01;2.882517e-02;4.296305e-02;2.630806e-02
4.058164e-02;1.219288e-01;1.325128e-01;4.554899e-02;4.388812e-02;2.061828e-01;7.812966e-02;1.507949e-01;9.098482e-02;3.694391e-02;2.029693e-02;3.220660e-02
4.814238e-02;8.935766e-02;1.174089e-01;4.360940e-02;4.108150e-02;3.543182e-01;6.826070e-02;7.243526e-02;5.662823e-02;3.506042e-02;4.127620e-02;3.242121e-02
2.600825e-02;9.669090e-02;2.188808e-01;6.097720e-02;4.820821e-02;3.016833e-01;7.110029e-02;6.412037e-02;1.984601e-02;1.109582e-02;6.252261e-02;1.886629e-02
5.298878e-03;7.178218e-02;2.497344e-01;7.013036e-02;4.678312e-02;3.324540e-01;7.644997e-02;6.422536e-02;6.809720e-03;6.826279e-03;5.141389e-02;1.809173e-02
1.200654e-02;7.583007e-02;2.716978e-01;6.349657e-02;3.595806e-02;3.040287e-01;6.801949e-02;7.538509e-02;1.058947e-02;1.094822e-02;5.821184e-02;1.382819e-02
1.345391e-02;9.893643e-02;3.454904e-01;6.409740e-02;1.916676e-02;1.741579e-01;7.564048e-02;8.527109e-02;1.257482e-02;1.948003e-02;8.070495e-02;1.102587e-02
8.271879e-03;7.521375e-02;2.819689e-01;6.349500e-02;2.553489e-02;2.986613e-01;6.447028e-02;7.049240e-02;1.262703e-02;1.650854e-02;6.910279e-02;1.365335e-02
1.397572e-02;6.100478e-02;2.116979e-01;5.964278e-02;4.624140e-02;3.632335e-01;5.136417e-02;7.266404e-02;1.315604e-02;1.863426e-02;4.996837e-02;3.841694e-02
2.128799e-02;5.042896e-02;1.268341e-01;6.510311e-02;6.862459e-02;4.131048e-01;5.487513e-02;5.052570e-02;2.241267e-02;1.600173e-02;3.746476e-02;7.333644e-02
2.194480e-02;3.900452e-02;1.085896e-01;5.330486e-02;5.725290e-02;5.417174e-01;4.150164e-02;4.348256e-02;2.073160e-02;6.914964e-03;8.522497e-03;5.703261e-02
8.005964e-03;4.067732e-02;1.431383e-01;3.067313e-02;5.452431e-02;5.825337e-01;2.352474e-02;4.056737e-02;1.856530e-02;6.237344e-03;6.663439e-03;4.488903e-02
9.492121e-03;3.532714e-02;1.444425e-01;1.972861e-02;6.216295e-02;5.821060e-01;1.925907e-02;2.227900e-02;2.977585e-02;5.353968e-03;1.607989e-02;5.399285e-02
7.287703e-03;2.995681e-02;1.154804e-01;2.137299e-02;7.553180e-02;5.769484e-01;2.271635e-02;2.251682e-02;3.468591e-02;5.555709e-03;1.941465e-02;6.853247e-02
1.642485e-02;2.093578e-02;5.577786e-02;3.582908e-02;8.249858e-02;5.813940e-01;3.668478e-02;3.267561e-02;3.074922e-02;8.224696e-03;2.454055e-02;7.426492e-02
2.434773e-02;2.350748e-02;4.429454e-02;4.671168e-02;8.965057e-02;5.748836e-01;3.752442e-02;2.712807e-02;3.053486e-02;1.483044e-02;2.386924e-02;6.271740e-02
2.179627e-02;1.649972e-02;3.617950e-02;3.960394e-02;9.789902e-02;5.934551e-01;3.330118e-02;5.113283e-02;2.938682e-02;2.214586e-02;2.248563e-02;3.611412e-02
2.875598e-02;2.629094e-02;3.416399e-02;2.414599e-02;9.942365e-02;6.113971e-01;3.431364e-02;4.606306e-02;2.942429e-02;1.957967e-02;9.316829e-03;3.712481e-02
2.316965e-02;3.450678e-02;6.749979e-02;5.392994e-02;1.289991e-01;5.064573e-01;3.680801e-02;2.673833e-02;2.813903e-02;1.630536e-02;1.483784e-02;6.260885e-02
6.261034e-03;5.253729e-02;1.601702e-01;1.219449e-01;1.326535e-01;3.386695e-01;3.751565e-02;5.881330e-02;2.264027e-02;1.971521e-02;3.501228e-03;4.557781e-02
9.641287e-03;5.622285e-02;2.059608e-01;1.496923e-01;1.053840e-01;2.897434e-01;3.371311e-02;7.535554e-02;1.319731e-02;2.368559e-02;1.971252e-02;1.769134e-02
1.056935e-02;4.974584e-02;2.060056e-01;1.525677e-01;1.167049e-01;3.116831e-01;2.647239e-02;6.319748e-02;1.433764e-02;1.912032e-02;1.976658e-02;9.829139e-03
1.118138e-02;5.144334e-02;2.048429e-01;1.341536e-01;1.382902e-01;3.168204e-01;1.750990e-02;5.175506e-02;2.159999e-02;1.368744e-02;2.329138e-02;1.542444e-02
1.279616e-02;6.378278e-02;2.346220e-01;1.037580e-01;1.088109e-01;2.905531e-01;2.528121e-02;4.264389e-02;3.826549e-02;2.032143e-02;3.069081e-02;2.847427e-02
1.494207e-02;6.171685e-02;2.692909e-01;8.446305e-02;5.314461e-02;3.236704e-01;1.795506e-02;4.534141e-02;4.692862e-02;2.549857e-02;2.230175e-02;3.474669e-02
1.429052e-02;6.272122e-02;2.895622e-01;7.950122e-02;4.030474e-02;3.495971e-01;1.582722e-02;4.704301e-02;3.122077e-02;2.281405e-02;2.248602e-02;2.463196e-02
1.133154e-02;7.778274e-02;3.126377e-01;8.542369e-02;6.135307e-02;2.842240e-01;1.943470e-02;5.114248e-02;2.346271e-02;1.202138e-02;3.022016e-02;3.096584e-02
8.553257e-03;7.162933e-02;2.848268e-01;8.732871e-02;6.852460e-02;3.095411e-01;2.015149e-02;6.071655e-02;1.941843e-02;1.416403e-02;3.379369e-02;2.135195e-02
9.090878e-03;5.644064e-02;2.512509e-01;8.728548e-02;6.201871e-02;3.707347e-01;2.141412e-02;6.720713e-02;1.369918e-02;1.217006e-02;3.582343e-02;1.286477e-02
1.913252e-02;7.800317e-02;2.512793e-01;7.308632e-02;5.894994e-02;3.586888e-01;1.863119e-02;7.703333e-02;1.458443e-02;1.172345e-02;3.507543e-02;3.812143e-03
3.426952e-02;1.429830e-01;2.466009e-01;5.090957e-02;4.643766e-02;2.891851e-01;3.433732e-02;7.021970e-02;1.667636e-02;1.568391e-02;3.437923e-02;1.831783e-02
3.653543e-02;1.828997e-01;2.451910e-01;5.863054e-02;4.827511e-02;2.372807e-01;2.085759e-02;4.914339e-02;1.882656e-02;2.098743e-02;4.162427e-02;3.974832e-02
1.843725e-02;1.417252e-01;2.784124e-01;5.293556e-02;3.776968e-02;3.118815e-01;8.541726e-03;4.266641e-02;2.248007e-02;2.343181e-02;2.985906e-02;3.185923e-02
8.521087e-03;8.815363e-02;2.588718e-01;5.191872e-02;3.879350e-02;4.466642e-01;1.159388e-02;2.984823e-02;1.563593e-02;1.590051e-02;2.058673e-02;1.351172e-02
1.443578e-02;4.999226e-02;1.709222e-01;5.978022e-02;3.873805e-02;5.476313e-01;1.823591e-02;3.982347e-02;1.757533e-02;1.057195e-02;1.764763e-02;1.464586e-02
2.014445e-02;3.579859e-02;1.439436e-01;5.771866e-02;3.819035e-02;5.507184e-01;3.372817e-02;3.883892e-02;2.812069e-02;1.013259e-02;1.881507e-02;2.385042e-02
3.061391e-02;8.030964e-02;1.786009e-01;4.392457e-02;3.845864e-02;4.062448e-01;4.870528e-02;5.020001e-02;3.581554e-02;1.964392e-02;3.273972e-02;3.474303e-02
3.946431e-02;1.233653e-01;1.524668e-01;4.658711e-02;7.206656e-02;3.146569e-01;5.562871e-02;6.132666e-02;4.033820e-02;2.674904e-02;2.873392e-02;3.861655e-02
4.366806e-02;1.533992e-01;1.096402e-01;6.159120e-02;7.586895e-02;3.038632e-01;4.479604e-02;6.062422e-02;4.656404e-02;3.945542e-02;3.538361e-02;2.514585e-02
3.138983e-02;1.326816e-01;1.095943e-01;5.741963e-02;5.333074e-02;3.336612e-01;3.246166e-02;6.140897e-02;5.376380e-02;5.621800e-02;5.069303e-02;2.737727e-02
2.472520e-02;1.108830e-01;8.171146e-02;4.796495e-02;2.981035e-02;4.328002e-01;2.667066e-02;6.126390e-02;6.130206e-02;4.961364e-02;4.462506e-02;2.862942e-02
1.473622e-02;7.302321e-02;1.850993e-01;3.996012e-02;2.367829e-02;4.468583e-01;2.453619e-02;6.814104e-02;6.446990e-02;2.464324e-02;2.360392e-02;1.125026e-02
1.822999e-02;9.025304e-02;2.115224e-01;4.120554e-02;4.559244e-02;4.014807e-01;2.101633e-02;7.261559e-02;6.602481e-02;1.417276e-02;7.328352e-03;1.055800e-02
1.432217e-02;7.465995e-02;1.382091e-01;5.935924e-02;7.304410e-02;4.173836e-01;2.449952e-02;9.423502e-02;6.990212e-02;1.347824e-02;1.182633e-02;9.080621e-03
1.586336e-02;6.394029e-02;9.755600e-02;7.224914e-02;6.690273e-02;4.583834e-01;1.565802e-02;9.846900e-02;6.151394e-02;1.705729e-02;2.012300e-02;1.228383e-02
1.517673e-02;7.537419e-02;1.373725e-01;5.657262e-02;2.424870e-02;4.362758e-01;3.629729e-02;7.971364e-02;6.308671e-02;1.988119e-02;3.798420e-02;1.801644e-02
2.010565e-02;3.777835e-02;1.181788e-01;3.615418e-02;3.773332e-02;3.702440e-01;1.058125e-01;7.162312e-02;6.666103e-02;3.499235e-02;8.192579e-02;1.879092e-02
2.214316e-02;4.847052e-02;9.854689e-02;2.184630e-02;3.648297e-02;3.016008e-01;1.627353e-01;4.690486e-02;6.657428e-02;3.288547e-02;1.367870e-01;2.502248e-02
1.637807e-02;3.305524e-02;9.043241e-02;2.298855e-02;2.687345e-02;2.734554e-01;1.687798e-01;4.811276e-02;7.619255e-02;2.297970e-02;1.820029e-01;3.874914e-02
1.729621e-02;2.338253e-02;1.044813e-01;2.145410e-02;1.543790e-02;2.633386e-01;1.203688e-01;4.236595e-02;1.005404e-01;3.071637e-02;2.083494e-01;5.226844e-02
2.673731e-02;3.010998e-02;1.209275e-01;2.666909e-02;1.733647e-02;2.608655e-01;6.339378e-02;2.711558e-02;1.204540e-01;2.636979e-02;2.309141e-01;4.910698e-02
3.056597e-02;1.780554e-02;1.173497e-01;1.813776e-02;1.675310e-02;2.656668e-01;5.249150e-02;2.448249e-02;1.183431e-01;3.155909e-02;2.558176e-01;5.102727e-02
3.416978e-02;3.216834e-02;1.056439e-01;1.076110e-02;1.187515e-02;2.898291e-01;4.755571e-02;3.566256e-02;1.159884e-01;2.669759e-02;2.563744e-01;3.327380e-02
4.403958e-02;3.363318e-02;1.001436e-01;1.392595e-02;2.058820e-02;3.273325e-01;3.506082e-02;3.688569e-02;9.554588e-02;2.072790e-02;2.472309e-01;2.488574e-02
5.204865e-02;3.251386e-02;9.917703e-02;1.240611e-02;1.590991e-02;3.662619e-01;2.102247e-02;3.780780e-02;7.542469e-02;2.639125e-02;2.308027e-01;3.023356e-02
5.093859e-02;3.584747e-02;1.060234e-01;1.874594e-02;3.727449e-02;3.812376e-01;2.580342e-02;2.966442e-02;5.004164e-02;2.419833e-02;2.102626e-01;2.996206e-02
5.618491e-02;3.670394e-02;9.141905e-02;2.532387e-02;6.626695e-02;3.778611e-01;2.471988e-02;2.940354e-02;4.209108e-02;3.326140e-02;1.896701e-01;2.709414e-02
5.292601e-02;5.158243e-02;5.131748e-02;1.625249e-02;7.526185e-02;3.629094e-01;5.232501e-02;6.758591e-02;6.913974e-02;3.563946e-02;1.334953e-01;3.156483e-02
3.963481e-02;4.894017e-02;6.839333e-02;4.317965e-02;6.077756e-02;3.408721e-01;5.016697e-02;1.187507e-01;1.020830e-01;3.805458e-02;6.026091e-02;2.888627e-02
3.830186e-02;7.450490e-02;1.320007e-01;4.641785e-02;4.474821e-02;2.836658e-01;5.692621e-02;9.962717e-02;1.062742e-01;4.735035e-02;4.697321e-02;2.320955e-02
3.038719e-02;9.233957e-02;1.358097e-01;2.412614e-02;3.542091e-02;3.087868e-01;5.500260e-02;8.050559e-02;1.182754e-01;5.280530e-02;4.156263e-02;2.497815e-02
1.830451e-02;5.721901e-02;9.137978e-02;2.037343e-02;2.527932e-02;3.604985e-01;4.356974e-02;1.139363e-01;1.380540e-01;5.195855e-02;5.257771e-02;2.684918e-02
1.481788e-02;6.597870e-02;8.827121e-02;2.672356e-02;6.434036e-02;3.238350e-01;6.251247e-02;1.093174e-01;1.270765e-01;3.771628e-02;5.751928e-02;2.189131e-02
7.382105e-03;6.329811e-02;7.869302e-02;2.234829e-02;8.994969e-02;3.086522e-01;8.789888e-02;8.915468e-02;1.196233e-01;5.772886e-02;5.161192e-02;2.365905e-02
8.434433e-03;4.349254e-02;4.295666e-02;1.599779e-02;9.297792e-02;3.823713e-01;6.121014e-02;7.903671e-02;1.495983e-01;6.408224e-02;4.150432e-02;1.833765e-02
9.122236e-03;4.718648e-02;3.343238e-02;1.840090e-02;8.414101e-02;4.091151e-01;3.770514e-02;8.759587e-02;1.696885e-01;6.120730e-02;3.282803e-02;9.577079e-03
1.197351e-02;5.348448e-02;7.872471e-02;3.100399e-02;7.399906e-02;3.813035e-01;3.480746e-02;8.185215e-02;1.623646e-01;5.901995e-02;2.449391e-02;6.972621e-03
1.360977e-02;6.680559e-02;1.110025e-01;3.526813e-02;5.283345e-02;3.603413e-01;3.116453e-02;6.507823e-02;1.543782e-01;5.792792e-02;3.960443e-02;1.198589e-02
1.445760e-02;6.889980e-02;1.109933e-01;3.605335e-02;4.668534e-02;3.420612e-01;3.446525e-02;7.165343e-02;1.585083e-01;6.234167e-02;4.031384e-02;1.356698e-02
1.450885e-02;7.908042e-02;8.324768e-02;3.437509e-02;3.919275e-02;3.469434e-01;2.708447e-02;7.416734e-02;1.697444e-01;6.312954e-02;5.742865e-02;1.109730e-02
1.459250e-02;7.207678e-02;6.629033e-02;3.077489e-02;2.911767e-02;3.368253e-01;2.494745e-02;9.592365e-02;1.875049e-01;5.456708e-02;7.065876e-02;1.672060e-02
2.087855e-02;8.444045e-02;1.013436e-01;3.325287e-02;3.499926e-02;2.915578e-01;2.614672e-02;1.042939e-01;1.905954e-01;4.179566e-02;5.348202e-02;1.721369e-02
2.388294e-02;1.019889e-01;1.249310e-01;3.334805e-02;4.739889e-02;2.373414e-01;3.996452e-02;1.054810e-01;1.709269e-01;4.511869e-02;5.116121e-02;1.845644e-02
1.869326e-02;6.434821e-02;8.014292e-02;3.468302e-02;7.091988e-02;2.180601e-01;4.627539e-02;1.144753e-01;1.742127e-01;6.840272e-02;7.968085e-02;3.010564e-02
2.078865e-02;8.630116e-02;4.479411e-02;2.749894e-02;6.269134e-02;1.938420e-01;3.842996e-02;1.057607e-01;1.909043e-01;7.832143e-02;9.953786e-02;5.112950e-02
1.158855e-02;5.272410e-02;5.176516e-02;1.807971e-02;4.217537e-02;2.008671e-01;1.121319e-02;1.359244e-01;2.347705e-01;7.966115e-02;1.016863e-01;5.954438e-02
8.736059e-03;2.928846e-02;4.721361e-02;2.308541e-02;2.959091e-02;2.078801e-01;3.533391e-02;1.509974e-01;2.719449e-01;6.190124e-02;8.520204e-02;4.882592e-02
1.523701e-02;4.929571e-02;6.118445e-02;2.541226e-02;2.139349e-02;2.104525e-01;5.682687e-02;1.553211e-01;2.678038e-01;3.628560e-02;7.627898e-02;2.450826e-02
2.211542e-02;7.166329e-02;1.000686e-01;2.360834e-02;3.735465e-02;1.650593e-01;6.495677e-02;1.384682e-01;2.526466e-01;3.571636e-02;7.222288e-02;1.611959e-02
2.719983e-02;6.219328e-02;1.101843e-01;2.244748e-02;3.372847e-02;1.648181e-01;5.614309e-02;1.521420e-01;2.536040e-01;2.761478e-02;7.008968e-02;1.983506e-02
3.695910e-02;6.103162e-02;9.665634e-02;3.327260e-02;2.130852e-02;1.331793e-01;2.492010e-02;1.561858e-01;2.914247e-01;3.750493e-02;7.482401e-02;3.273297e-02
2.150437e-02;4.236236e-02;6.696334e-02;4.215205e-02;3.077798e-02;7.279094e-02;2.376958e-02;2.633653e-01;3.195725e-01;3.646027e-02;5.079566e-02;2.948566e-02
1.009858e-02;3.017418e-02;3.285344e-02;5.012015e-02;3.216163e-02;6.714688e-02;2.719630e-02;3.031926e-01;3.461600e-01;3.301569e-02;5.029003e-02;1.759053e-02
1.124615e-02;2.583622e-02;6.115177e-02;4.244154e-02;2.374883e-02;1.033631e-01;2.528228e-02;3.133764e-01;3.148253e-01;2.481013e-02;3.845199e-02;1.546620e-02
1.072493e-02;3.108031e-02;9.170728e-02;3.946245e-02;2.123374e-02;1.857978e-01;1.618318e-02;3.108977e-01;2.336518e-01;1.117391e-02;2.765739e-02;2.042946e-02
1.929024e-02;2.065713e-02;9.480053e-02;5.061164e-02;1.911703e-02;2.696002e-01;1.514812e-02;2.542303e-01;2.038935e-01;1.336802e-02;1.950033e-02;1.978299e-02
1.508959e-02;3.036656e-02;9.150995e-02;4.787765e-02;2.824097e-02;2.579220e-01;2.550341e-02;2.174746e-01;2.235924e-01;2.481084e-02;1.958322e-02;1.802876e-02
1.580652e-02;2.907224e-02;6.475684e-02;3.597348e-02;2.457565e-02;2.422654e-01;2.584995e-02;2.415994e-01;2.389584e-01;2.734821e-02;2.954365e-02;2.425036e-02
1.906165e-02;4.160811e-02;5.941208e-02;3.014954e-02;2.577300e-02;2.089239e-01;3.577776e-02;2.518515e-01;2.476289e-01;1.953404e-02;4.252314e-02;1.775640e-02
1.738202e-02;5.305493e-02;1.090745e-01;2.232997e-02;2.927468e-02;1.630987e-01;4.520605e-02;2.435319e-01;2.477583e-01;1.777604e-02;4.209761e-02;9.415230e-03
1.366386e-02;3.151460e-02;9.649584e-02;1.028349e-02;2.557019e-02;1.993796e-01;4.128255e-02;2.695563e-01;2.422459e-01;2.209754e-02;3.988660e-02;8.023602e-03
2.035055e-02;5.428848e-02;1.007530e-01;1.838155e-02;1.452887e-02;2.039658e-01;2.582008e-02;2.437892e-01;2.433722e-01;2.438527e-02;4.256564e-02;7.799392e-03
2.133270e-02;2.993860e-02;7.815579e-02;2.459622e-02;2.559572e-02;2.120299e-01;1.631987e-02;2.062652e-01;2.821741e-01;3.617150e-02;5.483319e-02;1.258724e-02
1.268237e-02;3.074641e-02;9.500022e-02;2.955264e-02;3.298427e-02;2.094888e-01;3.538690e-02;1.857842e-01;2.559475e-01;4.237044e-02;5.549295e-02;1.456326e-02
