9.941827e-02;8.743062e-02;9.905782e-02;3.729570e-02;7.014163e-02;8.385140e-02;6.180882e-02;1.009435e-01;1.308020e-01;8.932032e-02;8.102135e-02;5.890856e-02
9.308583e-02;8.024082e-02;8.377930e-02;5.152961e-02;6.613965e-02;6.772425e-02;7.699925e-02;9.965097e-02;1.333993e-01;9.166836e-02;9.479757e-02;6.098513e-02
1.003539e-01;6.337264e-02;6.630626e-02;6.787225e-02;6.390022e-02;6.629506e-02;9.072698e-02;8.866474e-02;1.149781e-01;1.057454e-01;1.023250e-01;6.945942e-02
1.349306e-01;4.376124e-02;6.796449e-02;8.869597e-02;5.689080e-02;5.967079e-02;1.106791e-01;5.466172e-02;1.255071e-01;1.033390e-01;8.664627e-02;6.725298e-02
1.238060e-01;6.485802e-02;8.208478e-02;8.145755e-02;7.283568e-02;2.899308e-02;9.059280e-02;6.926035e-02;1.583759e-01;1.181708e-01;6.350981e-02;4.605523e-02
6.322376e-02;1.277010e-01;5.806299e-02;6.496459e-02;1.221714e-01;3.190202e-02;4.441097e-02;9.577111e-02;7.986991e-02;1.867242e-01;6.470984e-02;6.048813e-02
3.128143e-02;1.730307e-01;2.716136e-02;6.303543e-02;1.508296e-01;3.020872e-02;2.495511e-02;1.049111e-01;7.029137e-02;2.110122e-01;4.157259e-02;7.171047e-02
4.040927e-02;1.807381e-01;3.687591e-02;8.198395e-02;1.339042e-01;1.986605e-02;2.691602e-02;9.619788e-02;9.098427e-02;1.753957e-01;4.374844e-02;7.298021e-02
4.588140e-02;1.796759e-01;6.778894e-02;9.912263e-02;8.418463e-02;2.831156e-02;3.860392e-02;9.286731e-02;1.030411e-01;1.573045e-01;4.765555e-02;5.556263e-02
3.891639e-02;1.512723e-01;6.850020e-02;1.008666e-01;8.665005e-02;2.828338e-02;3.797185e-02;1.072631e-01;1.100295e-01;1.673089e-01;6.091809e-02;4.201971e-02
4.765309e-02;1.370870e-01;4.720074e-02;9.299970e-02;7.905581e-02;2.182308e-02;4.834213e-02;1.505422e-01;9.835375e-02;1.707249e-01;6.137305e-02;4.484458e-02
3.536344e-02;1.146323e-01;6.238900e-02;6.398042e-02;9.220003e-02;2.912156e-02;9.155203e-02;1.452065e-01;8.780189e-02;1.726166e-01;5.840706e-02;4.672915e-02
4.703374e-02;6.525215e-02;6.854197e-02;5.434435e-02;9.763046e-02;3.977237e-02;2.071320e-01;1.029400e-01;8.281872e-02;1.580620e-01;3.956328e-02;3.690897e-02
4.285625e-02;4.912118e-02;6.063534e-02;7.509173e-02;1.003136e-01;4.726603e-02;2.730168e-01;8.406065e-02;5.517269e-02;1.391756e-01;3.286403e-02;4.042622e-02
4.873110e-02;6.932223e-02;9.159619e-02;7.323214e-02;7.582430e-02;6.068069e-02;1.365314e-01;6.265328e-02;9.076504e-02;7.429902e-02;9.533127e-02;1.210333e-01
9.053365e-02;8.136732e-02;1.253375e-01;5.879683e-02;3.040927e-02;4.774470e-02;6.458487e-02;6.136053e-02;6.355625e-02;9.490325e-02;9.759212e-02;1.838137e-01
1.163386e-01;8.222096e-02;1.328886e-01;6.220200e-02;4.294186e-02;3.419863e-02;9.232574e-02;6.745084e-02;2.447264e-02;9.380906e-02;5.866183e-02;1.924893e-01
1.448353e-01;5.879262e-02;1.045075e-01;6.448729e-02;4.751556e-02;2.816021e-02;1.174707e-01;6.433754e-02;4.717236e-02;8.005102e-02;1.123668e-01;1.303030e-01
1.603408e-01;4.232541e-02;9.804819e-02;7.356036e-02;4.605513e-02;3.004554e-02;1.242751e-01;6.793050e-02;1.042618e-01;8.570940e-02;1.123908e-01;5.505694e-02
2.045078e-01;5.563807e-02;8.048491e-02;1.047494e-01;7.939351e-02;1.674161e-02;9.163171e-02;4.838232e-02;1.091112e-01;8.493597e-02;4.745243e-02;7.697102e-02
1.780029e-01;1.493543e-01;6.882401e-02;8.738902e-02;1.212767e-01;5.227226e-02;4.447107e-02;3.032994e-02;7.514812e-02;1.066129e-01;5.778781e-02;2.853102e-02
7.731956e-02;1.716359e-01;1.406260e-01;4.753093e-02;1.050874e-01;1.297280e-01;5.749943e-02;2.634698e-02;3.821216e-02;8.756758e-02;9.819105e-02;2.025502e-02
3.801409e-02;7.781383e-02;1.806699e-01;4.804107e-02;4.627994e-02;1.663972e-01;1.698818e-01;3.290766e-02;3.338923e-02;4.430971e-02;1.208625e-01;4.143310e-02
6.889544e-02;2.529182e-02;9.632619e-02;8.016479e-02;3.307929e-02;1.001372e-01;2.720475e-01;1.059702e-01;3.686667e-02;2.343833e-02;7.357888e-02;8.420364e-02
1.545492e-01;4.919410e-02;3.546537e-02;6.480514e-02;5.520110e-02;3.300410e-02;2.175988e-01;2.030653e-01;7.122310e-02;2.091640e-02;3.001211e-02;6.496529e-02
1.846745e-01;9.445953e-02;5.980846e-02;2.937637e-02;6.317487e-02;3.678774e-02;9.876806e-02;1.779885e-01;1.847354e-01;1.998352e-02;2.456732e-02;2.567566e-02
1.168443e-01;1.169709e-01;1.234972e-01;1.614832e-02;3.666873e-02;5.849222e-02;4.975397e-02;7.934341e-02;2.918398e-01;6.696433e-02;1.501841e-02;2.845838e-02
4.120309e-02;7.886673e-02;2.371615e-01;1.868247e-02;1.776263e-02;4.710904e-02;5.668463e-02;5.943356e-02;2.356512e-01;1.693260e-01;9.188118e-03;2.893109e-02
3.685942e-02;4.299827e-02;3.192176e-01;3.253648e-02;2.709007e-02;2.260640e-02;9.322355e-02;2.359795e-02;1.156153e-01;2.337088e-01;2.993526e-02;2.261091e-02
6.608003e-02;5.998772e-02;2.657046e-01;4.584292e-02;3.778986e-02;2.744664e-02;9.452027e-02;2.316992e-02;1.291333e-01;1.625647e-01;6.099114e-02;2.676895e-02
7.595474e-02;7.761120e-02;2.606691e-01;8.012132e-02;6.693360e-02;5.628604e-02;7.026648e-02;3.645779e-02;1.216674e-01;7.317962e-02;5.683179e-02;2.402102e-02
4.538085e-02;6.450790e-02;2.654320e-01;1.191081e-01;8.805853e-02;6.248705e-02;4.226924e-02;6.042784e-02;6.064328e-02;7.917011e-02;8.735915e-02;2.515593e-02
2.938129e-02;8.640036e-02;1.948887e-01;1.637707e-01;1.098267e-01;5.207460e-02;1.917428e-02;7.474159e-02;3.503994e-02;4.756470e-02;1.539135e-01;3.322358e-02
1.906089e-02;9.139676e-02;1.639133e-01;1.888953e-01;9.837467e-02;4.527451e-02;1.390580e-02;6.216765e-02;2.169025e-02;2.375942e-02;2.298794e-01;4.168196e-02
5.724221e-02;5.931723e-02;2.178601e-01;1.568265e-01;6.527653e-02;4.446484e-02;2.618275e-02;3.294152e-02;2.591220e-02;7.588071e-02;2.131119e-01;2.498350e-02
9.761440e-02;3.769516e-02;3.128019e-01;8.532729e-02;4.293964e-02;2.742871e-02;3.994337e-02;1.708015e-02;3.925771e-02;1.605185e-01;1.255931e-01;1.380015e-02
9.775658e-02;5.727662e-02;3.323377e-01;3.118543e-02;3.081951e-02;2.108289e-02;3.990476e-02;1.717244e-02;8.544173e-02;1.992295e-01;7.069553e-02;1.709732e-02
1.105374e-01;9.891408e-02;2.583657e-01;3.111903e-02;3.212105e-02;3.364397e-02;3.265250e-02;3.211336e-02;1.563317e-01;1.281814e-01;5.198333e-02;3.403653e-02
1.728671e-01;1.037365e-01;2.026311e-01;5.280242e-02;5.029351e-02;3.873507e-02;4.915370e-02;4.217806e-02;1.523151e-01;5.327328e-02;3.164286e-02;5.037131e-02
2.010226e-01;4.711991e-02;2.246329e-01;8.760378e-02;5.341995e-02;3.077475e-02;6.491052e-02;2.460564e-02;7.671581e-02;6.114887e-02;5.820837e-02;6.983685e-02
1.593207e-01;5.550081e-02;2.082954e-01;1.062330e-01;2.894702e-02;4.928312e-02;6.064118e-02;3.888606e-02;7.517534e-02;7.137626e-02;8.296870e-02;6.337240e-02
1.166618e-01;4.461470e-02;2.569484e-01;9.616262e-02;5.515179e-02;4.862829e-02;4.768715e-02;3.029082e-02;8.319020e-02;1.234418e-01;6.710750e-02;3.011497e-02
7.788353e-02;7.103328e-02;2.555151e-01;6.935483e-02;4.812321e-02;3.805072e-02;4.895066e-02;3.925421e-02;1.003608e-01;1.471539e-01;6.922162e-02;3.509817e-02
6.648496e-02;5.748206e-02;1.826300e-01;6.081545e-02;3.435696e-02;4.415396e-02;7.076173e-02;4.528220e-02;1.433994e-01;1.574654e-01;9.419519e-02;4.297270e-02
1.228203e-01;3.790082e-02;1.345803e-01;7.302629e-02;2.671446e-02;4.682359e-02;4.867665e-02;3.561508e-02;1.256276e-01;1.963497e-01;1.042884e-01;4.757671e-02
1.058702e-01;3.134906e-02;1.203928e-01;5.524649e-02;3.420307e-02;5.653445e-02;8.587284e-02;2.066118e-02;6.318906e-02;1.747416e-01;1.749730e-01;7.696619e-02
1.153761e-01;3.021350e-02;9.975363e-02;3.386497e-02;2.902446e-02;6.713799e-02;1.363370e-01;2.872318e-02;3.864143e-02;1.054863e-01;1.941371e-01;1.213042e-01
1.980734e-01;3.288303e-02;5.825117e-02;2.719727e-02;2.238505e-02;5.222224e-02;1.848230e-01;2.831300e-02;2.407231e-02;4.034226e-02;1.563585e-01;1.750787e-01
2.741367e-01;2.180350e-02;2.399539e-02;2.543426e-02;1.210214e-02;1.378644e-02;2.294207e-01;2.312472e-02;1.683963e-02;2.780327e-02;1.096854e-01;2.218680e-01
2.755695e-01;2.207950e-02;2.229337e-02;1.959952e-02;1.088048e-02;4.431060e-02;2.197200e-01;2.099531e-02;2.916156e-02;2.913105e-02;9.797293e-02;2.082862e-01
2.094583e-01;1.360823e-02;5.208528e-02;2.089745e-02;3.747316e-02;8.044575e-02;1.429562e-01;4.571218e-02;3.982436e-02;6.485609e-02;1.404108e-01;1.522722e-01
1.714349e-01;3.041668e-02;7.621204e-02;3.992333e-02;6.016519e-02;7.960034e-02;9.280366e-02;7.026974e-02;5.510212e-02;9.641527e-02;1.417142e-01;8.594253e-02
1.946941e-01;2.126229e-02;7.567231e-02;4.999918e-02;6.845538e-02;8.083314e-02;1.514079e-01;3.917463e-02;5.371483e-02;9.429712e-02;1.091770e-01;6.131214e-02
2.200581e-01;2.573129e-02;4.140732e-02;3.602428e-02;4.370061e-02;6.136864e-02;1.666276e-01;7.153697e-02;4.502273e-02;6.284855e-02;1.029770e-01;1.226969e-01
1.894835e-01;3.536908e-02;4.804920e-02;3.240263e-02;4.625847e-02;5.407521e-02;1.552891e-01;6.944942e-02;6.516827e-02;7.643636e-02;1.176649e-01;1.103538e-01
1.338235e-01;5.394189e-02;6.260467e-02;3.812585e-02;4.080946e-02;8.753859e-02;1.440949e-01;7.600120e-02;9.282610e-02;8.027988e-02;9.195359e-02;9.800033e-02
6.980230e-02;7.315385e-02;9.011311e-02;4.017910e-02;4.196572e-02;1.244902e-01;1.454214e-01;1.004072e-01;1.147670e-01;5.612401e-02;6.089953e-02;8.267657e-02
6.820618e-02;8.595353e-02;1.110361e-01;4.470513e-02;4.688736e-02;1.325729e-01;1.469520e-01;8.803529e-02;7.931779e-02;6.516115e-02;5.952903e-02;7.164363e-02
1.254859e-01;8.395502e-02;9.194716e-02;2.679870e-02;4.956046e-02;1.150223e-01;1.497546e-01;6.796020e-02;5.072596e-02;5.044080e-02;7.926519e-02;1.090837e-01
1.209092e-01;6.450952e-02;1.271845e-01;4.802790e-02;6.189206e-02;7.381088e-02;1.216096e-01;5.943556e-02;7.751618e-02;6.707495e-02;7.048242e-02;1.075473e-01
9.113406e-02;7.061671e-02;1.353444e-01;7.172398e-02;6.145931e-02;7.556763e-02;1.157522e-01;6.740831e-02;1.022478e-01;7.857464e-02;6.603546e-02;6.413549e-02
9.022273e-02;7.128474e-02;1.261669e-01;6.815024e-02;5.939076e-02;6.712923e-02;1.346147e-01;7.375066e-02;1.171507e-01;7.564534e-02;5.792563e-02;5.856840e-02
7.870779e-02;1.014259e-01;1.415654e-01;4.535366e-02;6.484052e-02;5.685880e-02;1.478536e-01;4.251279e-02;1.151051e-01;6.547218e-02;5.332312e-02;8.698121e-02
1.293573e-01;8.837395e-02;1.616429e-01;5.174013e-02;7.405163e-02;6.475477e-02;1.444477e-01;5.238616e-02;5.930080e-02;5.737597e-02;4.913476e-02;6.743397e-02
2.320318e-01;8.547717e-02;1.533757e-01;5.153646e-02;7.382852e-02;5.030224e-02;1.165717e-01;5.034568e-02;4.020241e-02;4.223617e-02;4.862835e-02;5.546388e-02
3.370448e-01;1.449487e-01;1.315413e-01;3.411946e-02;8.298285e-02;5.429045e-02;6.682812e-02;3.329450e-02;2.834587e-02;2.317643e-02;3.465313e-02;2.877441e-02
2.976918e-01;2.404222e-01;1.137253e-01;1.775472e-02;6.027453e-02;9.832297e-02;4.405516e-02;2.903266e-02;4.983786e-02;9.480386e-03;1.145796e-02;2.794441e-02
1.842178e-01;2.892081e-01;1.584145e-01;8.124355e-03;2.619494e-02;1.063264e-01;4.758113e-02;3.036367e-02;1.038874e-01;1.571466e-02;5.582099e-03;2.438500e-02
1.498672e-01;2.597284e-01;2.152923e-01;2.031023e-02;1.876465e-02;6.967162e-02;2.899099e-02;2.179323e-02;1.243734e-01;4.491078e-02;1.133983e-02;3.495744e-02
1.850115e-01;1.880808e-01;2.247668e-01;2.841399e-02;3.031227e-02;4.420019e-02;1.595205e-02;1.990595e-02;1.009287e-01;7.841683e-02;3.541995e-02;4.859104e-02
1.514544e-01;1.099839e-01;2.613055e-01;5.848341e-02;5.958136e-02;2.618323e-02;2.636936e-02;2.786566e-02;8.937359e-02;8.161133e-02;5.973129e-02;4.805702e-02
7.870750e-02;4.143310e-02;3.552041e-01;1.449444e-01;7.228352e-02;2.739680e-02;3.287240e-02;1.689279e-02;6.681450e-02;7.769696e-02;5.704769e-02;2.870626e-02
5.233661e-02;2.551990e-02;3.304986e-01;2.218140e-01;7.504229e-02;2.459030e-02;2.023886e-02;1.574021e-02;3.982623e-02;5.882026e-02;1.170662e-01;1.850658e-02
2.102886e-02;5.206574e-02;3.004254e-01;2.653477e-01;5.802462e-02;3.710116e-02;1.343064e-02;3.207384e-02;1.405242e-02;3.161353e-02;1.653042e-01;9.531969e-03
2.504978e-02;9.105297e-02;2.994678e-01;2.329122e-01;4.940237e-02;4.799443e-02;1.273114e-02;5.440336e-02;8.722575e-03;2.114098e-02;1.428713e-01;1.425116e-02
3.854246e-02;1.093555e-01;3.181352e-01;1.732735e-01;6.144065e-02;5.294710e-02;3.975425e-02;6.920001e-02;1.033805e-02;2.674758e-02;7.794531e-02;2.232032e-02
7.453855e-02;1.057916e-01;2.933533e-01;1.321070e-01;7.505536e-02;5.410129e-02;6.008793e-02;6.807802e-02;2.762368e-02;3.710501e-02;3.584238e-02;3.631586e-02
1.161591e-01;6.128772e-02;1.965432e-01;2.046167e-01;1.133634e-01;3.901731e-02;5.306954e-02;4.578977e-02;3.083759e-02;3.362371e-02;5.312344e-02;5.256850e-02
6.280411e-02;4.686592e-02;2.958236e-01;2.674527e-01;1.041751e-01;3.018210e-02;2.770417e-02;2.553306e-02;2.526218e-02;2.303558e-02;6.318161e-02;2.797981e-02
3.239555e-02;4.871742e-02;3.237334e-01;3.005974e-01;9.055734e-02;3.543172e-02;2.868440e-02;2.272910e-02;2.388282e-02;8.063513e-03;6.128110e-02;2.392627e-02
2.153032e-02;3.771864e-02;3.503730e-01;3.188518e-01;7.370753e-02;3.355855e-02;3.280880e-02;1.870196e-02;2.105827e-02;1.437602e-02;5.100401e-02;2.631109e-02
7.003897e-02;7.355586e-02;2.543830e-01;2.114279e-01;6.654824e-02;3.657714e-02;5.085870e-02;4.053011e-02;6.262419e-02;2.858160e-02;3.783387e-02;6.704041e-02
1.007748e-01;1.204357e-01;1.392169e-01;1.300288e-01;5.860435e-02;4.666210e-02;5.801383e-02;7.286984e-02;9.418543e-02;3.951795e-02;3.128816e-02;1.084022e-01
1.038515e-01;1.500158e-01;1.127914e-01;1.103690e-01;5.058484e-02;4.517843e-02;5.487863e-02;7.551546e-02;1.048575e-01;3.937309e-02;2.645430e-02;1.261301e-01
8.593148e-02;1.589062e-01;1.189618e-01;8.180994e-02;4.227957e-02;4.158972e-02;5.986788e-02;7.988710e-02;1.053268e-01;6.102596e-02;2.723921e-02;1.371742e-01
7.174770e-02;1.070023e-01;1.237395e-01;4.716768e-02;8.478033e-02;8.851021e-02;1.612401e-01;5.968510e-02;5.577928e-02;7.359783e-02;3.069009e-02;9.605996e-02
1.022062e-01;5.393681e-02;7.990356e-02;3.050190e-02;9.591103e-02;1.538309e-01;2.271627e-01;4.752171e-02;2.291470e-02;7.182598e-02;4.899466e-02;6.528983e-02
1.441464e-01;3.115270e-02;5.288781e-02;2.753009e-02;1.127051e-01;2.063413e-01;2.081768e-01;4.487917e-02;2.015773e-02;6.340501e-02;4.000383e-02;4.861411e-02
1.249293e-01;1.816225e-02;7.469695e-02;3.978606e-02;1.464096e-01;2.243906e-01;1.649021e-01;6.323396e-02;4.195968e-02;3.837752e-02;2.368455e-02;3.946739e-02
5.338778e-02;1.603386e-02;1.686423e-01;5.491635e-02;1.221784e-01;1.489410e-01;2.202560e-01;7.051643e-02;6.224104e-02;2.263316e-02;1.263338e-02;4.762028e-02
1.974171e-02;1.470083e-02;2.551284e-01;6.870914e-02;1.416561e-01;1.321260e-01;2.075952e-01;4.699119e-02;4.014324e-02;1.383154e-02;1.060144e-02;4.877508e-02
2.365460e-02;1.337562e-02;3.136511e-01;6.835932e-02;2.212379e-01;1.131850e-01;1.141348e-01;3.240405e-02;2.651848e-02;1.742630e-02;1.617912e-02;3.987370e-02
2.839537e-02;1.402044e-02;3.815057e-01;8.016972e-02;2.167855e-01;1.043207e-01;5.197765e-02;4.983104e-02;2.571259e-02;1.300434e-02;1.764677e-02;1.663028e-02
1.568203e-02;1.868817e-02;4.400264e-01;9.037682e-02;1.694403e-01;8.178797e-02;5.573340e-02;6.810556e-02;9.414040e-03;9.317013e-03;3.251208e-02;8.916250e-03
1.865842e-02;1.644144e-02;4.900108e-01;1.032235e-01;1.432299e-01;6.190800e-02;2.391851e-02;6.377529e-02;1.651355e-02;1.765760e-02;3.771467e-02;6.948270e-03
1.186202e-02;1.487030e-02;5.487564e-01;1.004259e-01;1.084114e-01;5.574518e-02;4.659070e-02;4.875509e-02;1.764292e-02;1.450063e-02;2.740082e-02;5.038625e-03
1.654531e-02;2.911659e-02;6.354203e-01;7.390863e-02;7.582963e-02;3.989857e-02;4.306360e-02;2.541991e-02;1.090277e-02;2.799856e-02;1.850447e-02;3.391685e-03
4.275097e-02;5.444516e-02;6.298772e-01;4.638709e-02;5.753556e-02;3.330277e-02;3.278241e-02;1.606631e-02;2.766548e-02;3.605084e-02;1.514363e-02;7.992600e-03
1.012721e-01;7.136325e-02;5.106013e-01;4.365585e-02;6.526767e-02;3.985373e-02;2.230737e-02;2.736853e-02;4.093076e-02;3.416733e-02;2.055477e-02;2.265740e-02
1.331193e-01;5.137189e-02;4.008779e-01;5.967532e-02;7.339461e-02;2.564193e-02;4.235886e-02;3.159304e-02;3.552521e-02;5.488766e-02;4.711542e-02;4.443882e-02
1.106962e-01;4.268280e-02;3.393524e-01;6.584561e-02;6.360125e-02;3.094848e-02;5.866967e-02;1.805858e-02;3.854597e-02;9.505185e-02;8.132008e-02;5.522708e-02
6.647577e-02;4.232376e-02;3.310273e-01;5.696253e-02;5.388677e-02;4.463179e-02;7.024466e-02;2.620279e-02;5.173164e-02;1.283620e-01;8.644082e-02;4.171019e-02
3.339046e-02;4.292711e-02;3.139632e-01;3.734474e-02;6.376218e-02;5.856738e-02;1.298711e-01;3.424183e-02;8.883566e-02;1.119352e-01;5.405309e-02;3.110811e-02
3.240973e-02;7.402258e-02;2.810858e-01;3.809656e-02;7.639382e-02;6.386866e-02;1.795860e-01;2.471877e-02;8.259239e-02;8.123062e-02;3.597547e-02;3.001970e-02
6.091769e-02;1.081353e-01;2.196398e-01;5.681622e-02;7.429491e-02;6.478381e-02;1.922293e-01;2.240384e-02;6.428653e-02;7.858407e-02;2.907238e-02;2.883615e-02
3.685595e-02;1.175046e-01;2.313741e-01;7.241675e-02;9.278342e-02;4.720866e-02;1.848783e-01;2.341028e-02;5.961707e-02;6.479849e-02;2.975029e-02;3.940210e-02
4.914767e-02;1.256845e-01;2.193661e-01;9.209181e-02;9.766891e-02;3.584661e-02;2.300350e-01;3.075830e-02;4.096109e-02;3.253952e-02;1.817646e-02;2.772407e-02
6.368920e-02;9.573581e-02;1.512984e-01;1.075627e-01;1.166639e-01;4.390004e-02;2.509327e-01;3.926472e-02;5.064805e-02;5.003524e-02;1.712799e-02;1.314128e-02
3.347338e-02;5.095240e-02;1.009866e-01;1.458594e-01;1.508615e-01;5.016835e-02;2.269694e-01;4.806397e-02;7.311637e-02;6.526838e-02;2.263515e-02;3.164501e-02
2.371882e-02;3.470483e-02;8.429043e-02;1.173339e-01;1.582087e-01;5.672657e-02;2.002804e-01;5.458446e-02;7.985859e-02;1.122047e-01;4.465911e-02;3.342951e-02
3.736632e-02;3.547725e-02;5.022830e-02;6.476979e-02;1.396205e-01;1.083987e-01;1.355230e-01;4.118405e-02;8.770335e-02;1.709945e-01;9.691200e-02;3.182234e-02
7.065538e-02;3.383461e-02;4.023233e-02;4.420371e-02;8.629914e-02;1.516019e-01;1.023036e-01;3.341191e-02;7.110415e-02;1.619096e-01;1.464342e-01;5.800935e-02
1.981205e-01;3.981800e-02;5.077268e-02;2.358914e-02;5.806029e-02;9.551133e-02;1.141850e-01;4.856853e-02;4.672268e-02;9.631679e-02;1.152690e-01;1.130661e-01
3.814450e-01;8.785105e-02;4.644091e-02;1.046050e-02;3.681104e-02;5.515525e-02;8.209281e-02;5.913581e-02;3.539260e-02;4.777787e-02;4.885036e-02;1.085868e-01
4.125811e-01;1.695177e-01;9.298847e-02;1.218194e-02;2.514678e-02;4.805631e-02;3.484433e-02;4.799274e-02;3.973789e-02;3.657269e-02;2.202648e-02;5.835352e-02
2.958670e-01;2.158970e-01;2.200537e-01;2.526587e-02;1.814164e-02;4.062371e-02;1.933393e-02;2.060675e-02;5.198827e-02;4.283996e-02;1.531157e-02;3.407063e-02
1.096108e-01;1.474069e-01;3.985750e-01;4.956489e-02;5.837725e-02;4.062217e-02;2.499997e-02;2.128576e-02;5.027240e-02;5.550419e-02;1.935260e-02;2.442813e-02
2.194141e-02;6.177879e-02;4.578975e-01;1.223247e-01;1.013395e-01;2.578012e-02;3.228603e-02;2.692651e-02;4.038056e-02;5.637527e-02;3.842753e-02;1.454203e-02
2.960795e-02;5.147865e-02;3.633032e-01;2.015841e-01;1.079339e-01;4.084739e-02;3.501786e-02;4.026123e-02;3.438456e-02;2.554412e-02;5.201508e-02;1.802201e-02
7.558645e-02;4.583032e-02;2.831863e-01;2.120479e-01;9.793448e-02;4.927116e-02;6.493218e-02;4.108608e-02;2.663693e-02;2.973932e-02;4.806207e-02;2.568680e-02
1.482258e-01;8.381808e-02;2.601421e-01;1.264950e-01;9.167948e-02;4.773901e-02;6.429428e-02;3.149095e-02;4.477548e-02;3.596795e-02;3.490594e-02;3.046592e-02
1.760689e-01;6.561811e-02;2.743410e-01;1.023558e-01;8.517680e-02;5.004496e-02;5.297902e-02;3.849366e-02;4.320963e-02;2.688646e-02;4.047438e-02;4.435128e-02
1.139001e-01;3.134295e-02;3.690700e-01;1.512496e-01;6.834865e-02;3.440364e-02;5.674014e-02;3.833856e-02;1.920337e-02;3.541456e-02;3.665118e-02;4.533724e-02
1.193820e-01;6.031679e-02;3.785419e-01;1.790656e-01;4.607556e-02;1.860631e-02;4.714061e-02;2.692346e-02;1.619255e-02;3.654411e-02;2.809073e-02;4.312031e-02
1.588656e-01;8.759789e-02;2.702083e-01;2.039412e-01;6.856596e-02;2.105745e-02;4.926484e-02;2.880605e-02;2.324985e-02;3.135595e-02;2.439803e-02;3.268882e-02
1.370988e-01;5.871176e-02;1.752965e-01;1.590337e-01;9.490528e-02;5.332584e-02;1.068631e-01;5.255856e-02;4.231226e-02;2.312787e-02;4.885824e-02;4.790807e-02
1.060073e-01;8.055191e-02;1.494116e-01;1.039289e-01;8.817052e-02;6.753732e-02;1.264722e-01;6.719448e-02;5.847223e-02;4.458115e-02;5.763372e-02;5.003868e-02
9.358889e-02;6.965108e-02;1.514826e-01;1.200005e-01;9.457720e-02;8.150345e-02;1.425877e-01;5.900676e-02;5.757378e-02;5.293761e-02;4.182095e-02;3.526953e-02
6.106965e-02;3.381439e-02;1.969860e-01;9.007630e-02;1.211659e-01;1.214277e-01;2.245507e-01;4.247336e-02;3.902402e-02;3.477581e-02;1.588325e-02;1.875303e-02
2.741884e-02;1.327110e-02;2.370658e-01;5.717863e-02;1.527703e-01;1.236877e-01;2.645638e-01;2.767907e-02;3.309494e-02;3.017288e-02;1.574865e-02;1.734830e-02
1.524710e-02;1.450785e-02;3.098920e-01;6.804556e-02;1.761248e-01;9.366600e-02;1.851360e-01;2.744172e-02;2.643494e-02;4.429201e-02;2.283935e-02;1.637264e-02
1.179893e-02;2.104616e-02;4.718995e-01;8.468245e-02;1.467942e-01;6.859588e-02;6.111344e-02;3.822074e-02;1.731845e-02;4.019440e-02;2.672287e-02;1.161294e-02
1.369422e-02;1.573606e-02;5.168884e-01;5.958613e-02;1.326690e-01;4.681803e-02;8.228002e-02;4.507655e-02;2.928242e-02;2.569450e-02;1.910153e-02;1.317324e-02
1.588308e-02;2.235858e-02;3.488879e-01;6.895152e-02;2.004520e-01;8.674880e-02;1.276211e-01;4.621116e-02;2.836895e-02;2.210301e-02;1.683330e-02;1.558070e-02
1.785854e-02;2.552839e-02;1.840891e-01;1.177021e-01;2.736456e-01;1.539429e-01;1.220708e-01;3.551283e-02;2.294393e-02;1.693413e-02;1.219508e-02;1.757668e-02
1.942271e-02;3.471387e-02;2.074561e-01;1.519158e-01;2.533243e-01;1.439688e-01;8.207865e-02;2.751685e-02;3.428776e-02;1.872309e-02;1.449019e-02;1.210179e-02
3.312262e-02;8.126454e-02;2.889119e-01;1.492134e-01;1.448231e-01;7.787199e-02;6.146999e-02;4.689626e-02;4.203793e-02;4.565018e-02;1.594806e-02;1.278989e-02
5.592508e-02;1.499211e-01;3.067720e-01;1.037152e-01;6.881833e-02;5.882436e-02;6.940912e-02;4.281696e-02;4.531175e-02;6.528520e-02;1.667881e-02;1.652214e-02
8.121643e-02;1.794629e-01;2.123805e-01;1.130693e-01;5.125882e-02;6.337370e-02;7.572936e-02;4.162627e-02;5.889495e-02;6.918561e-02;2.461808e-02;2.918410e-02
1.025961e-01;1.376112e-01;1.985295e-01;1.058043e-01;2.950224e-02;4.074207e-02;8.477023e-02;7.489868e-02;6.234753e-02;8.205646e-02;2.548172e-02;5.566008e-02
8.624376e-02;6.174638e-02;2.464932e-01;1.035495e-01;4.133144e-02;3.943799e-02;9.068161e-02;7.074247e-02;8.392711e-02;9.116668e-02;2.490583e-02;5.977406e-02
1.006911e-01;9.594686e-02;1.887644e-01;1.191298e-01;5.162096e-02;5.736345e-02;1.095177e-01;4.938393e-02;8.252043e-02;6.555869e-02;4.393599e-02;3.556665e-02
7.614037e-02;6.445558e-02;2.645346e-01;1.443329e-01;9.472578e-02;6.338120e-02;1.213716e-01;3.644830e-02;4.734031e-02;4.108105e-02;3.043663e-02;1.575161e-02
5.569639e-02;4.435541e-02;2.822129e-01;1.781890e-01;1.078049e-01;6.600303e-02;1.183149e-01;2.624051e-02;2.563686e-02;5.228014e-02;2.483905e-02;1.842692e-02
3.891419e-02;2.926700e-02;3.620670e-01;1.997421e-01;9.126870e-02;4.996810e-02;7.389946e-02;1.749218e-02;1.588537e-02;7.616796e-02;2.923732e-02;1.609066e-02
2.381852e-02;5.253569e-02;4.551376e-01;1.603285e-01;6.822925e-02;2.748838e-02;2.627133e-02;6.718156e-03;4.663443e-02;1.008490e-01;2.065689e-02;1.133224e-02
4.345413e-02;1.299344e-01;4.249718e-01;9.027737e-02;4.360630e-02;2.617063e-02;8.948925e-03;1.085708e-02;9.519207e-02;9.351940e-02;1.005476e-02;2.301304e-02
1.007110e-01;2.444998e-01;2.549520e-01;6.684420e-02;2.338561e-02;4.808244e-02;7.229663e-03;1.607475e-02;1.368809e-01;5.910940e-02;5.232024e-03;3.699823e-02
1.564819e-01;2.702813e-01;2.258560e-01;5.524720e-02;3.029322e-02;4.949448e-02;1.447301e-02;1.267122e-02;1.027386e-01;4.285133e-02;6.270160e-03;3.334161e-02
1.813242e-01;1.822833e-01;3.127592e-01;4.432429e-02;4.862462e-02;2.846243e-02;2.523684e-02;1.854444e-02;5.860864e-02;5.705711e-02;1.743313e-02;2.534183e-02
1.631455e-01;7.378557e-02;3.867528e-01;8.411581e-02;5.212532e-02;2.803067e-02;3.159054e-02;2.169915e-02;5.104887e-02;4.632791e-02;3.667666e-02;2.470121e-02
1.073509e-01;4.639753e-02;3.721041e-01;1.385905e-01;5.291546e-02;6.260095e-02;5.268481e-02;2.286496e-02;4.461387e-02;2.143042e-02;5.433807e-02;2.410841e-02
1.177910e-01;4.248719e-02;3.063700e-01;1.421309e-01;5.155440e-02;5.814369e-02;7.890632e-02;2.799285e-02;4.824679e-02;3.961478e-02;5.602858e-02;3.073350e-02
1.392053e-01;4.495578e-02;2.851799e-01;9.164269e-02;5.831335e-02;4.872221e-02;1.078837e-01;2.720141e-02;5.282170e-02;4.409587e-02;5.629347e-02;4.368461e-02
1.345496e-01;6.660178e-02;2.522094e-01;7.648641e-02;6.550117e-02;5.348084e-02;1.244409e-01;2.991491e-02;5.480739e-02;4.895620e-02;6.058929e-02;3.246219e-02
1.136652e-01;9.209859e-02;2.858516e-01;1.171296e-01;5.652776e-02;5.038556e-02;8.798775e-02;2.215915e-02;5.176251e-02;6.082810e-02;3.987428e-02;2.172990e-02
8.470893e-02;1.002558e-01;3.401886e-01;1.373749e-01;4.527035e-02;3.249327e-02;6.111738e-02;2.261640e-02;6.817692e-02;6.022853e-02;2.318920e-02;2.437964e-02
2.470632e-02;1.103883e-01;3.149957e-01;1.508665e-01;4.553976e-02;2.770795e-02;8.625695e-02;2.623204e-02;1.017856e-01;6.143796e-02;1.820234e-02;3.188047e-02
1.192079e-01;9.121124e-02;1.922548e-01;1.575394e-01;4.585056e-02;2.460255e-02;1.033352e-01;2.726073e-02;1.122894e-01;6.561800e-02;2.019480e-02;4.063529e-02
8.583038e-02;9.459355e-02;2.018272e-01;1.361785e-01;6.119794e-02;4.493153e-02;1.268023e-01;3.597930e-02;6.700975e-02;6.730773e-02;3.712218e-02;4.121974e-02
6.837028e-02;1.039180e-01;1.427833e-01;1.020297e-01;9.658945e-02;7.909949e-02;9.857980e-02;5.988975e-02;6.677843e-02;7.694466e-02;5.008798e-02;5.492914e-02
5.407278e-02;7.226402e-02;1.252123e-01;5.709216e-02;8.994375e-02;1.050995e-01;2.272836e-01;6.263644e-02;8.441481e-02;6.067045e-02;2.128445e-02;4.002582e-02
5.007222e-02;3.651261e-02;7.496966e-02;3.823053e-02;9.668166e-02;1.510434e-01;2.872791e-01;8.248389e-02;7.611600e-02;6.352540e-02;1.751294e-02;2.557261e-02
6.385595e-02;2.172870e-02;4.740715e-02;3.272010e-02;1.233744e-01;2.189095e-01;2.494509e-01;7.501397e-02;5.752576e-02;7.270715e-02;1.798258e-02;1.932381e-02
8.280535e-02;1.092302e-02;4.870753e-02;1.642393e-02;1.742023e-01;2.794923e-01;1.664452e-01;5.127598e-02;3.429313e-02;9.531783e-02;2.194625e-02;1.816721e-02
8.130282e-02;1.441207e-02;8.163702e-02;2.953091e-02;1.798968e-01;2.041985e-01;9.848896e-02;5.414801e-02;8.392797e-02;7.620747e-02;3.442775e-02;6.182171e-02
5.658125e-02;1.975148e-02;9.738038e-02;3.796620e-02;1.996755e-01;1.006630e-01;1.233272e-01;5.549959e-02;1.226767e-01;3.556418e-02;3.513316e-02;1.157813e-01
3.929165e-02;1.356789e-02;1.264682e-01;4.864848e-02;2.371189e-01;1.126213e-01;1.290293e-01;2.853163e-02;9.861574e-02;2.588522e-02;2.553830e-02;1.146835e-01
4.634064e-02;1.199535e-02;1.272035e-01;5.154291e-02;2.594505e-01;1.692630e-01;1.425819e-01;2.141982e-02;6.783774e-02;2.431172e-02;1.485871e-02;6.319422e-02
4.000025e-02;1.214423e-02;1.771565e-01;6.622687e-02;2.820655e-01;1.576633e-01;9.837297e-02;1.140437e-02;6.144936e-02;2.016034e-02;1.881700e-02;5.453930e-02
2.085770e-02;6.711897e-03;1.543210e-01;6.220002e-02;2.650001e-01;1.342237e-01;1.757472e-01;9.863555e-03;5.818992e-02;1.030289e-02;1.543245e-02;8.714945e-02
2.116396e-02;8.551213e-03;1.127937e-01;4.274107e-02;2.433186e-01;1.595113e-01;2.354238e-01;1.479572e-02;4.024614e-02;1.466236e-02;1.326668e-02;9.352551e-02
6.633624e-02;1.339912e-02;7.857428e-02;3.070796e-02;2.344685e-01;2.031473e-01;2.081976e-01;1.147697e-02;3.608702e-02;1.328843e-02;6.568540e-03;9.774803e-02
1.431609e-01;5.017997e-02;9.926785e-02;4.022009e-02;2.088187e-01;1.718580e-01;1.315795e-01;7.129273e-03;2.182951e-02;6.416537e-03;1.357611e-02;1.059636e-01
1.495222e-01;8.753312e-02;1.742966e-01;7.285284e-02;1.769984e-01;1.215897e-01;7.304836e-02;1.316201e-02;1.335456e-02;3.806384e-03;2.333866e-02;9.049725e-02
1.017440e-01;8.951377e-02;2.768874e-01;9.434259e-02;1.598776e-01;1.154080e-01;3.742925e-02;2.824780e-02;1.304562e-02;9.405942e-03;3.519584e-02;3.890224e-02
8.038627e-02;5.780968e-02;2.140202e-01;5.191753e-02;1.361300e-01;1.249792e-01;4.133391e-02;4.656667e-02;6.410789e-02;3.822124e-02;4.847474e-02;9.605255e-02
1.055897e-01;5.131054e-02;8.793475e-02;4.766048e-02;1.082486e-01;1.449980e-01;8.364844e-02;7.984143e-02;9.448560e-02;4.347452e-02;4.436237e-02;1.084456e-01
7.856020e-02;4.423307e-02;1.342380e-01;4.439836e-02;1.007104e-01;1.441861e-01;1.392779e-01;7.543247e-02;8.565493e-02;2.416800e-02;4.705686e-02;8.208371e-02
7.353085e-02;4.934575e-02;1.639958e-01;4.345939e-02;1.103050e-01;1.300856e-01;2.058054e-01;5.968536e-02;6.056322e-02;1.943485e-02;4.338139e-02;4.040740e-02
1.724017e-01;6.378560e-02;1.225265e-01;5.757817e-02;8.615761e-02;7.774678e-02;1.443392e-01;3.227615e-02;5.164219e-02;2.275235e-02;7.284482e-02;9.594888e-02
7.531656e-02;1.280459e-01;8.910452e-02;6.185800e-02;4.026732e-02;4.602960e-02;8.171593e-02;2.592620e-02;5.489208e-02;4.295345e-02;1.446618e-01;2.092287e-01
5.876224e-02;1.348236e-01;7.880566e-02;6.814411e-02;4.394403e-02;6.466071e-02;7.870527e-02;3.925403e-02;4.514118e-02;6.015122e-02;1.259024e-01;2.017056e-01
9.300993e-02;1.025897e-01;9.095513e-02;7.798424e-02;6.191326e-02;7.747851e-02;8.812743e-02;6.076831e-02;5.514780e-02;6.661358e-02;7.383262e-02;1.515796e-01
1.229373e-01;5.744928e-02;8.619973e-02;9.751731e-02;9.577674e-02;8.439267e-02;1.401788e-01;6.038858e-02;5.011928e-02;8.840910e-02;4.060115e-02;7.603008e-02
1.570095e-01;6.259656e-02;6.873690e-02;8.418421e-02;8.696730e-02;1.222229e-01;1.836731e-01;4.644445e-02;2.301032e-02;9.158187e-02;4.369905e-02;2.987389e-02
2.152231e-01;4.975497e-02;8.815718e-02;6.130064e-02;7.220031e-02;1.847001e-01;1.485338e-01;2.747520e-02;2.126927e-02;4.758839e-02;3.056636e-02;5.323071e-02
2.565403e-01;2.337921e-02;6.316126e-02;3.686969e-02;6.475336e-02;2.242733e-01;1.089524e-01;1.011175e-02;1.745922e-02;1.369948e-01;1.060346e-02;4.690127e-02
2.157555e-01;2.779601e-02;3.534086e-02;5.966800e-02;5.000578e-02;1.999460e-01;1.432430e-01;1.398426e-02;1.845469e-02;2.002540e-01;9.664170e-03;2.588780e-02
1.424781e-01;2.959764e-02;5.485516e-02;7.599672e-02;6.866597e-02;1.645920e-01;1.678295e-01;2.296111e-02;3.592842e-02;1.867385e-01;2.711185e-02;2.324504e-02
1.086322e-01;3.236658e-02;7.997064e-02;6.605747e-02;9.234516e-02;1.411203e-01;2.361112e-01;2.631006e-02;3.926270e-02;1.123547e-01;3.534230e-02;3.012661e-02
8.929919e-02;2.963219e-02;2.402958e-02;3.054183e-02;7.921835e-02;1.353262e-01;4.767878e-01;2.744755e-02;2.083764e-02;4.680540e-02;2.084961e-02;1.922466e-02
4.416799e-02;1.747767e-02;2.025543e-02;1.550734e-02;6.399640e-02;1.200111e-01;6.284251e-01;2.623319e-02;1.669181e-02;2.443711e-02;1.630380e-02;6.493093e-03
2.674203e-02;1.127249e-02;1.331547e-02;1.773636e-02;6.582922e-02;1.218866e-01;6.623710e-01;1.732109e-02;8.516765e-03;2.483398e-02;2.109002e-02;9.084984e-03
3.603523e-02;1.821753e-02;1.852156e-02;2.602922e-02;9.195980e-02;1.454983e-01;5.790332e-01;1.547539e-02;6.761111e-03;2.814879e-02;2.323367e-02;1.108623e-02
4.877181e-02;1.838513e-02;3.078164e-02;2.231445e-02;1.429606e-01;1.880491e-01;4.750748e-01;1.646524e-02;8.903623e-03;2.748568e-02;1.561841e-02;5.189495e-03
4.498509e-02;1.114350e-02;5.868712e-02;2.153104e-02;2.158641e-01;2.171515e-01;3.420339e-01;1.844112e-02;1.697409e-02;2.287265e-02;1.351499e-02;1.680097e-02
2.690593e-02;7.585869e-03;1.181741e-01;3.098368e-02;2.798763e-01;1.886023e-01;2.203366e-01;1.246348e-02;3.988064e-02;1.858176e-02;1.145782e-02;4.515158e-02
1.372236e-02;1.253994e-02;1.981090e-01;5.302667e-02;2.544728e-01;1.310526e-01;1.733130e-01;1.912161e-02;5.033983e-02;1.707233e-02;2.461902e-02;5.261073e-02
1.245200e-02;1.994955e-02;3.361014e-01;7.886125e-02;1.842732e-01;9.074302e-02;1.044284e-01;3.573199e-02;3.904603e-02;1.411604e-02;5.652570e-02;2.777139e-02
1.116327e-02;1.975832e-02;4.851080e-01;7.969751e-02;1.082558e-01;5.555302e-02;6.108280e-02;4.339713e-02;3.013890e-02;3.946565e-02;6.002532e-02;6.354254e-03
1.571824e-02;3.983621e-02;5.110396e-01;5.336417e-02;5.986315e-02;5.501720e-02;5.856176e-02;6.623325e-02;4.612349e-02;6.551739e-02;2.300727e-02;5.718352e-03
3.137745e-02;8.190099e-02;4.171551e-01;4.054425e-02;3.745145e-02;7.549462e-02;4.542661e-02;7.487379e-02;1.192214e-01;6.425797e-02;7.770569e-03;4.525811e-03
7.788408e-02;1.074992e-01;2.973785e-01;3.529163e-02;4.803168e-02;5.910802e-02;4.494375e-02;6.155118e-02;1.776656e-01;6.281814e-02;1.946236e-02;8.365858e-03
1.819982e-01;9.157772e-02;2.492789e-01;2.427646e-02;7.430200e-02;2.337238e-02;3.046785e-02;9.866550e-02;1.358337e-01;4.677829e-02;3.118229e-02;1.226670e-02
2.861319e-01;6.256051e-02;2.077957e-01;1.571652e-02;8.128751e-02;1.099512e-02;3.087937e-02;1.667022e-01;6.871492e-02;2.690034e-02;2.636880e-02;1.594709e-02
3.440243e-01;4.259126e-02;1.438046e-01;3.048347e-02;6.203911e-02;9.550603e-03;4.362854e-02;2.097252e-01;4.580072e-02;1.784256e-02;2.670439e-02;2.380524e-02
3.594082e-01;3.498252e-02;1.074468e-01;4.268767e-02;4.446604e-02;1.014489e-02;6.221948e-02;2.013814e-01;4.931886e-02;1.645624e-02;2.592085e-02;4.556706e-02
3.574206e-01;5.362325e-02;1.037043e-01;3.561169e-02;6.510697e-02;1.172029e-02;5.373346e-02;1.590983e-01;6.372627e-02;1.931515e-02;3.677300e-02;4.016674e-02
2.683833e-01;1.365612e-01;1.022766e-01;4.103315e-02;6.465847e-02;2.258440e-02;3.277405e-02;9.798049e-02;1.368140e-01;2.152980e-02;3.981161e-02;3.559304e-02
1.097462e-01;1.914947e-01;1.129637e-01;6.479796e-02;2.868792e-02;5.361773e-02;2.322162e-02;4.640329e-02;1.996671e-01;3.849744e-02;3.522052e-02;9.568188e-02
4.238395e-02;1.471628e-01;1.996331e-01;5.852835e-02;1.867462e-02;5.388577e-02;2.748382e-02;4.652893e-02;1.636931e-01;9.261551e-02;2.405294e-02;1.253570e-01
6.123288e-02;5.657535e-02;3.256477e-01;2.985287e-02;3.838704e-02;2.060562e-02;5.816025e-02;3.825481e-02;7.792783e-02;1.973214e-01;2.228923e-02;7.374511e-02
7.937323e-02;2.274788e-02;3.782278e-01;1.845379e-02;3.582909e-02;1.036336e-02;8.088500e-02;2.278028e-02;4.919450e-02;2.523532e-01;1.779410e-02;3.199776e-02
9.389870e-02;3.507742e-02;3.828098e-01;2.767602e-02;3.126859e-02;1.094622e-02;7.883729e-02;1.371015e-02;3.325809e-02;2.483703e-01;2.403058e-02;2.011690e-02
1.021778e-01;4.979225e-02;3.497309e-01;3.249071e-02;3.921026e-02;1.996342e-02;6.861279e-02;1.794778e-02;6.174080e-02;2.116520e-01;3.307456e-02;1.360667e-02
1.044032e-01;5.169278e-02;3.037784e-01;3.317796e-02;4.692987e-02;3.788394e-02;7.395563e-02;2.757785e-02;9.033468e-02;1.404555e-01;4.986557e-02;3.994460e-02
8.745142e-02;2.710378e-02;3.562744e-01;3.250847e-02;4.089504e-02;3.324540e-02;8.714728e-02;3.151666e-02;8.769488e-02;9.504143e-02;5.888164e-02;6.223960e-02
6.793118e-02;4.121225e-02;3.296356e-01;3.627223e-02;3.524905e-02;3.696168e-02;9.420654e-02;3.431808e-02;6.788798e-02;8.823054e-02;8.703668e-02;8.105817e-02
6.431121e-02;4.964874e-02;2.741621e-01;3.318069e-02;3.136673e-02;4.754914e-02;8.258452e-02;3.240979e-02;4.057899e-02;1.691395e-01;1.124415e-01;6.262702e-02
5.586565e-02;4.711761e-02;2.226595e-01;3.392529e-02;4.285136e-02;5.159307e-02;8.930936e-02;3.808226e-02;7.848149e-02;1.858574e-01;1.009912e-01;5.326577e-02
4.694135e-02;4.904695e-02;2.194759e-01;3.900016e-02;5.768641e-02;3.825767e-02;1.195899e-01;6.071800e-02;9.480338e-02;1.678662e-01;6.719506e-02;3.941907e-02
6.099269e-02;6.120801e-02;1.999359e-01;4.630899e-02;6.732374e-02;4.336528e-02;1.462748e-01;8.497197e-02;6.959677e-02;1.061741e-01;4.676153e-02;6.708620e-02
9.887423e-02;1.128993e-01;1.583102e-01;3.211984e-02;6.163196e-02;4.773590e-02;1.917927e-01;6.924878e-02;5.713454e-02;7.148749e-02;3.019936e-02;6.856565e-02
1.180270e-01;2.008488e-01;1.327816e-01;3.030829e-02;4.691649e-02;4.555677e-02;2.038132e-01;4.104617e-02;3.986683e-02;5.269598e-02;3.492712e-02;5.321159e-02
1.206099e-01;2.159652e-01;1.134183e-01;3.288277e-02;5.093215e-02;5.041278e-02;1.791131e-01;3.857610e-02;4.787351e-02;6.122519e-02;3.824123e-02;5.074972e-02
1.452373e-01;1.428483e-01;1.161754e-01;3.940033e-02;7.494467e-02;5.078871e-02;1.275967e-01;4.635852e-02;4.745687e-02;9.318032e-02;4.026740e-02;7.574554e-02
1.403712e-01;1.209384e-01;1.162152e-01;4.419151e-02;7.787041e-02;4.269451e-02;1.346378e-01;4.444859e-02;4.232649e-02;1.071526e-01;3.112123e-02;9.803203e-02
1.609926e-01;1.325291e-01;9.381287e-02;4.757104e-02;7.141998e-02;4.218845e-02;1.656519e-01;4.113577e-02;3.457181e-02;9.629640e-02;3.693619e-02;7.689397e-02
1.648389e-01;7.332362e-02;1.048982e-01;5.865451e-02;5.648187e-02;4.353249e-02;2.011389e-01;5.813036e-02;3.566273e-02;1.015200e-01;4.604585e-02;5.577264e-02
1.376416e-01;1.290286e-01;1.620177e-01;4.435430e-02;3.446035e-02;5.725268e-02;1.692356e-01;4.991502e-02;3.448394e-02;7.662323e-02;4.830842e-02;5.667866e-02
1.313840e-01;1.357271e-01;1.412436e-01;4.567026e-02;5.967555e-02;6.734304e-02;1.682010e-01;4.533727e-02;4.678273e-02;5.948657e-02;3.040031e-02;6.874851e-02
1.541397e-01;9.226245e-02;1.164853e-01;5.427104e-02;7.755303e-02;7.507771e-02;1.440438e-01;5.599394e-02;6.406493e-02;6.881757e-02;3.919105e-02;5.809948e-02
1.777164e-01;1.202224e-01;1.254026e-01;4.777275e-02;7.175457e-02;5.386309e-02;3.914709e-02;8.537894e-02;1.085395e-01;6.651577e-02;5.562719e-02;4.805962e-02
1.739443e-01;1.252675e-01;9.361809e-02;3.495680e-02;6.054091e-02;4.611799e-02;8.915769e-02;6.895345e-02;1.135963e-01;9.647717e-02;3.844382e-02;5.892597e-02
1.379261e-01;8.305992e-02;1.050566e-01;6.126180e-02;5.239739e-02;6.067067e-02;1.181260e-01;4.916204e-02;1.025030e-01;9.639775e-02;5.657088e-02;7.686786e-02
1.125135e-01;7.866075e-02;1.225212e-01;7.887928e-02;5.924657e-02;6.938970e-02;9.776844e-02;8.075721e-02;9.458294e-02;5.644993e-02;5.618501e-02;9.304553e-02
9.942404e-02;1.027577e-01;1.508131e-01;5.483009e-02;7.122137e-02;6.878651e-02;1.064576e-01;8.626551e-02;8.916968e-02;4.388019e-02;3.349925e-02;9.289486e-02
8.113338e-02;1.378285e-01;1.585810e-01;6.811764e-02;5.672238e-02;6.771131e-02;1.123394e-01;6.452463e-02;7.457948e-02;5.522445e-02;2.374173e-02;9.949601e-02
9.344465e-02;1.492186e-01;1.455740e-01;8.968545e-02;5.161272e-02;7.166740e-02;1.178328e-01;3.893007e-02;6.370768e-02;5.280570e-02;4.099628e-02;8.452462e-02
1.065691e-01;1.249161e-01;1.704466e-01;7.557151e-02;5.420501e-02;6.606159e-02;1.033692e-01;5.221989e-02;7.346409e-02;4.030799e-02;4.716514e-02;8.570372e-02
