9.803115e-02;3.455641e-02;1.671067e-01;5.443985e-02;9.189144e-02;6.819467e-02;1.854905e-01;7.910414e-02;8.676215e-02;4.351819e-02;4.186418e-02;4.904072e-02
6.292221e-02;4.037813e-02;2.336489e-01;5.002652e-02;7.219435e-02;7.350882e-02;1.723179e-01;1.059908e-01;7.457286e-02;3.786958e-02;4.360858e-02;3.296131e-02
4.910614e-02;2.716626e-02;3.092389e-01;6.437366e-02;5.741300e-02;5.882637e-02;1.480097e-01;1.173657e-01;5.292069e-02;5.002797e-02;4.323523e-02;2.231634e-02
3.150995e-02;5.895375e-02;3.230160e-01;9.559611e-02;5.965844e-02;5.922468e-02;1.164637e-01;9.253948e-02;3.592801e-02;5.806058e-02;3.349229e-02;3.555699e-02
1.634850e-02;1.100457e-01;3.242698e-01;1.223903e-01;4.301557e-02;5.913800e-02;9.206948e-02;7.130962e-02;4.019863e-02;4.915085e-02;2.460255e-02;4.746111e-02
2.830898e-02;1.612931e-01;3.203886e-01;1.098587e-01;2.016096e-02;5.995569e-02;7.014203e-02;5.858563e-02;4.968625e-02;4.429652e-02;1.943122e-02;5.789223e-02
5.688807e-02;2.193092e-01;2.821864e-01;6.078069e-02;1.508778e-02;6.186987e-02;5.631253e-02;4.437364e-02;6.704404e-02;4.164342e-02;1.959508e-02;7.490923e-02
9.868798e-02;2.435148e-01;2.424382e-01;2.032758e-02;1.419309e-02;5.526342e-02;4.767551e-02;3.773572e-02;9.731451e-02;3.316880e-02;2.351508e-02;8.616533e-02
1.125252e-01;2.238082e-01;2.158938e-01;1.304488e-02;2.164171e-02;4.859973e-02;5.275265e-02;3.907530e-02;1.301348e-01;3.594798e-02;2.943069e-02;7.714509e-02
1.316465e-01;1.844637e-01;1.751280e-01;1.880920e-02;3.179168e-02;4.510812e-02;8.461972e-02;4.715538e-02;1.380188e-01;3.451476e-02;5.184169e-02;5.690247e-02
1.540287e-01;1.565920e-01;1.341859e-01;1.892747e-02;4.803598e-02;4.958528e-02;1.174846e-01;5.719243e-02;1.175450e-01;2.931703e-02;7.949027e-02;3.761541e-02
1.313589e-01;1.227592e-01;1.681773e-01;4.901918e-02;5.926110e-02;5.099195e-02;1.248066e-01;7.195873e-02;8.868008e-02;2.491830e-02;8.568805e-02;2.238067e-02
9.763257e-02;1.116147e-01;2.018666e-01;6.659201e-02;5.999987e-02;3.617470e-02;1.179775e-01;7.757931e-02;1.019369e-01;2.513868e-02;5.391302e-02;4.957421e-02
6.784425e-02;8.396746e-02;2.405631e-01;4.094848e-02;4.664791e-02;5.839485e-02;1.258803e-01;6.960699e-02;7.995798e-02;3.410086e-02;7.804219e-02;7.404560e-02
7.146848e-02;9.746162e-02;2.835859e-01;5.393501e-02;4.374239e-02;5.587694e-02;1.291473e-01;6.296464e-02;3.237768e-02;3.958667e-02;6.744717e-02;6.240613e-02
4.540379e-02;8.960932e-02;1.728615e-01;4.568469e-02;2.796139e-02;4.604382e-02;1.073248e-01;9.883792e-02;1.237185e-01;1.161106e-01;9.367415e-02;3.276948e-02
7.367247e-02;4.914346e-02;7.930303e-02;3.829117e-02;2.872185e-02;3.500023e-02;1.251972e-01;1.172147e-01;1.740684e-01;1.457806e-01;8.999106e-02;4.361587e-02
7.244886e-02;4.023112e-02;7.942503e-02;4.241385e-02;3.345602e-02;3.423522e-02;1.210055e-01;1.165769e-01;1.790727e-01;1.453889e-01;8.647870e-02;4.926719e-02
6.983656e-02;2.818204e-02;1.166723e-01;6.313157e-02;3.863906e-02;3.761699e-02;1.064722e-01;1.142441e-01;1.690724e-01;1.327767e-01;7.467861e-02;4.867747e-02
1.497241e-01;1.190197e-01;1.523553e-01;1.081662e-01;5.631912e-02;3.430163e-02;1.298073e-01;4.069841e-02;7.584426e-02;7.422007e-02;3.072372e-02;2.882024e-02
2.119615e-01;1.743135e-01;8.387441e-02;9.855923e-02;7.422632e-02;4.698817e-02;1.501022e-01;1.581576e-02;4.149051e-02;5.165391e-02;2.265207e-02;2.836247e-02
2.242350e-01;1.891711e-01;6.167743e-02;6.852672e-02;9.980807e-02;4.526051e-02;1.579249e-01;1.952260e-02;4.130066e-02;4.015457e-02;2.158252e-02;3.083592e-02
1.930204e-01;1.556217e-01;1.012837e-01;5.984490e-02;1.199760e-01;6.732449e-02;1.283647e-01;2.940933e-02;5.080651e-02;3.988859e-02;2.447867e-02;2.998104e-02
1.644663e-01;6.051471e-02;1.404011e-01;7.107907e-02;1.519132e-01;5.553897e-02;9.928919e-02;6.749649e-02;7.077421e-02;4.753098e-02;4.222072e-02;2.877501e-02
6.909111e-02;7.707193e-02;2.539573e-01;5.782925e-02;1.403501e-01;2.221288e-02;1.461694e-01;8.331370e-02;4.883790e-02;3.730987e-02;3.230715e-02;3.154944e-02
2.959977e-02;6.456394e-02;3.253449e-01;6.112733e-02;1.236377e-01;5.664619e-02;1.023573e-01;9.907752e-02;5.089680e-02;2.805383e-02;2.090046e-02;3.779432e-02
1.817595e-02;3.511286e-02;3.433058e-01;9.521637e-02;9.101853e-02;1.219081e-01;5.609215e-02;1.008218e-01;6.908009e-02;1.797233e-02;7.636105e-03;4.365993e-02
1.818368e-02;1.589567e-02;3.065143e-01;1.062200e-01;6.722485e-02;1.575312e-01;4.436241e-02;1.319305e-01;8.248808e-02;1.353180e-02;7.687262e-03;4.843020e-02
9.350534e-03;8.580299e-03;2.752945e-01;6.209877e-02;4.436877e-02;1.690045e-01;5.579177e-02;1.971769e-01;6.430836e-02;2.787584e-02;1.132555e-02;7.482415e-02
5.888384e-03;2.184659e-02;2.343304e-01;3.491176e-02;2.729241e-02;1.634171e-01;7.460971e-02;2.405397e-01;6.067532e-02;3.187426e-02;1.327262e-02;9.134170e-02
1.050597e-02;2.561061e-02;1.954110e-01;6.172087e-02;2.537115e-02;1.547584e-01;5.312418e-02;2.279279e-01;1.378148e-01;1.867622e-02;7.391063e-03;8.168780e-02
2.317210e-02;2.460607e-02;1.551009e-01;9.118909e-02;3.142174e-02;1.186853e-01;3.397417e-02;1.960690e-01;2.272413e-01;2.099290e-02;1.193018e-02;6.561717e-02
3.140746e-02;2.635544e-02;1.163355e-01;1.401062e-01;4.862148e-02;5.086007e-02;3.498548e-02;1.393470e-01;3.141436e-01;3.131291e-02;1.740685e-02;4.911807e-02
4.282429e-02;2.339968e-02;1.219756e-01;1.732448e-01;5.864001e-02;4.273662e-02;5.700136e-02;7.550311e-02;3.210465e-01;3.897354e-02;2.170377e-02;2.295067e-02
5.592589e-02;3.064479e-02;1.845393e-01;1.630520e-01;4.864414e-02;4.755022e-02;8.528368e-02;4.002121e-02;2.725228e-01;3.692789e-02;1.886546e-02;1.602259e-02
4.976309e-02;5.707586e-02;2.428951e-01;1.174733e-01;3.416777e-02;6.274108e-02;9.523518e-02;3.843553e-02;2.189514e-01;2.937172e-02;1.928641e-02;3.460361e-02
5.698737e-02;8.340549e-02;2.145606e-01;6.444833e-02;4.166391e-02;6.664696e-02;1.156180e-01;5.757631e-02;1.883855e-01;3.010556e-02;2.938201e-02;5.122002e-02
8.710113e-02;1.005212e-01;1.336928e-01;5.334446e-02;6.799702e-02;5.423492e-02;1.097606e-01;6.883983e-02;1.935961e-01;3.290284e-02;3.763664e-02;6.037252e-02
9.660140e-02;6.103505e-02;1.238031e-01;8.573343e-02;8.130801e-02;5.693403e-02;1.006667e-01;7.284119e-02;1.866089e-01;4.709866e-02;3.115827e-02;5.621128e-02
7.577038e-02;4.626948e-02;1.129449e-01;1.197793e-01;9.561870e-02;7.526993e-02;1.132602e-01;8.151914e-02;1.384417e-01;4.978412e-02;3.567634e-02;5.566572e-02
7.780630e-02;5.035171e-02;7.832011e-02;1.150972e-01;7.637832e-02;1.229437e-01;7.955924e-02;7.509767e-02;1.476541e-01;6.683669e-02;4.514767e-02;6.480721e-02
6.516679e-02;4.443153e-02;6.554656e-02;7.277271e-02;7.202444e-02;1.287691e-01;1.118849e-01;6.546351e-02;1.532619e-01;6.473402e-02;5.994267e-02;9.600185e-02
6.791870e-02;4.802699e-02;1.357619e-01;8.352451e-02;5.672274e-02;1.332004e-01;8.650266e-02;6.076054e-02;1.402534e-01;6.082343e-02;5.564465e-02;7.086006e-02
5.516655e-02;6.135242e-02;1.666105e-01;7.161365e-02;5.329672e-02;1.335481e-01;5.081124e-02;7.588734e-02;1.424223e-01;6.014207e-02;7.403719e-02;5.511186e-02
5.589424e-02;5.174853e-02;1.465189e-01;3.978619e-02;6.693438e-02;6.409892e-02;6.780589e-02;1.058274e-01;2.072404e-01;7.700682e-02;4.509006e-02;7.204818e-02
6.330706e-02;4.433819e-02;1.032786e-01;7.182836e-02;6.841155e-02;4.084493e-02;7.790454e-02;1.194791e-01;2.072082e-01;6.821690e-02;5.454018e-02;8.064242e-02
5.644705e-02;3.393499e-02;8.561350e-02;9.117733e-02;7.510717e-02;4.860915e-02;1.147367e-01;1.282822e-01;1.796995e-01;4.923098e-02;6.028977e-02;7.687173e-02
5.527687e-02;4.646255e-02;1.199932e-01;8.608327e-02;8.403682e-02;8.286476e-02;1.708582e-01;9.596145e-02;8.211907e-02;6.390203e-02;7.199102e-02;4.045084e-02
5.866910e-02;2.950546e-02;1.875692e-01;6.458824e-02;6.934739e-02;5.404512e-02;1.938972e-01;7.122017e-02;6.810037e-02;8.844494e-02;6.945077e-02;4.516199e-02
4.031603e-02;3.807417e-02;1.754014e-01;5.652855e-02;4.983860e-02;6.303266e-02;2.050144e-01;9.374148e-02;5.787861e-02;7.713575e-02;7.898055e-02;6.405784e-02
1.783877e-02;3.977727e-02;1.446009e-01;4.112052e-02;5.138186e-02;5.981366e-02;2.797898e-01;8.881006e-02;5.209447e-02;5.467444e-02;1.105258e-01;5.957247e-02
3.164880e-02;5.680574e-02;7.538375e-02;1.711334e-02;5.948400e-02;4.345978e-02;3.641507e-01;6.362022e-02;8.083617e-02;4.555792e-02;1.310477e-01;3.089186e-02
4.655319e-02;6.867734e-02;1.792003e-02;2.840742e-02;5.755509e-02;5.535375e-02;3.668900e-01;5.990042e-02;9.693779e-02;9.773611e-02;8.196928e-02;2.209964e-02
9.013693e-02;6.526530e-02;5.965376e-02;3.658190e-02;7.082188e-02;6.887010e-02;2.589853e-01;5.903807e-02;1.218073e-01;1.038839e-01;2.777045e-02;3.718503e-02
1.018320e-01;4.771322e-02;7.778127e-02;4.247208e-02;1.063336e-01;6.779140e-02;1.785908e-01;5.223437e-02;1.732016e-01;6.066097e-02;2.814723e-02;6.324142e-02
7.258173e-02;3.315655e-02;9.799314e-02;9.279371e-02;1.248992e-01;4.729415e-02;1.013617e-01;8.576505e-02;1.657957e-01;2.827024e-02;7.751490e-02;7.257401e-02
2.950118e-02;2.685518e-02;1.822420e-01;1.590618e-01;9.635853e-02;2.713753e-02;5.529939e-02;1.288163e-01;9.466626e-02;2.287009e-02;1.327860e-01;4.440574e-02
1.531288e-02;1.484639e-02;3.246284e-01;1.549457e-01;5.223512e-02;2.163416e-02;7.494257e-02;1.001899e-01;4.226547e-02;7.139369e-02;1.156305e-01;1.197530e-02
2.587608e-02;3.036703e-02;4.466484e-01;1.084931e-01;3.513151e-02;1.270281e-02;1.006057e-01;4.201713e-02;2.237443e-02;1.040988e-01;6.557897e-02;6.105997e-03
2.763187e-02;4.812003e-02;5.044979e-01;5.279702e-02;2.953794e-02;1.465942e-02;1.247638e-01;2.094474e-02;1.813856e-02;1.239920e-01;3.204918e-02;2.867584e-03
1.880685e-02;6.184626e-02;4.951906e-01;2.246323e-02;2.655797e-02;2.316603e-02;1.359912e-01;2.647456e-02;3.022406e-02;1.340529e-01;1.226460e-02;1.296174e-02
2.381833e-02;8.567844e-02;4.599462e-01;1.500330e-02;2.435665e-02;3.838139e-02;1.205963e-01;1.227516e-02;4.132563e-02;1.473505e-01;1.794925e-02;1.331879e-02
1.849150e-02;9.417225e-02;4.159824e-01;1.651041e-02;1.508181e-02;4.081756e-02;8.946330e-02;2.610640e-02;5.678012e-02;1.872722e-01;1.797107e-02;2.135108e-02
1.826001e-02;9.150360e-02;3.368976e-01;2.181017e-02;1.196612e-02;3.604902e-02;5.952686e-02;3.219452e-02;1.062421e-01;2.254943e-01;2.553925e-02;3.451648e-02
3.347308e-02;1.007096e-01;2.536604e-01;2.501696e-02;1.166598e-02;2.820232e-02;6.816814e-02;3.198490e-02;1.485239e-01;2.199375e-01;3.173813e-02;4.691915e-02
5.735059e-02;1.126890e-01;2.011389e-01;3.044807e-02;3.026839e-02;2.236311e-02;9.554952e-02;5.121767e-02;1.553881e-01;1.651112e-01;2.406176e-02;5.441374e-02
9.282778e-02;1.105738e-01;1.911639e-01;3.499667e-02;3.752657e-02;1.822627e-02;1.159575e-01;6.830305e-02;1.088967e-01;1.148702e-01;4.655946e-02;6.009815e-02
1.150447e-01;8.070224e-02;2.095563e-01;3.944853e-02;4.713709e-02;2.679511e-02;1.405474e-01;6.527030e-02;6.130974e-02;9.951112e-02;5.214885e-02;6.252857e-02
8.919575e-02;4.722444e-02;2.202079e-01;6.409521e-02;4.991163e-02;4.107154e-02;1.782797e-01;5.910301e-02;6.848491e-02;9.247590e-02;4.038045e-02;4.956956e-02
4.466490e-02;5.592518e-02;2.788540e-01;5.917902e-02;4.882594e-02;4.048459e-02;1.862638e-01;4.763801e-02;6.052676e-02;1.163850e-01;3.248598e-02;2.876684e-02
3.820576e-02;3.729014e-02;3.074289e-01;5.373969e-02;4.380617e-02;2.829337e-02;1.472348e-01;4.752934e-02;7.278802e-02;1.486619e-01;5.638705e-02;1.863470e-02
3.569641e-02;5.470571e-02;3.592407e-01;6.670336e-02;5.379357e-02;2.383578e-02;8.394026e-02;4.800414e-02;4.210813e-02;1.579463e-01;5.330758e-02;2.071808e-02
2.914872e-02;6.192509e-02;3.312284e-01;5.752607e-02;5.542028e-02;3.141396e-02;8.582684e-02;6.623764e-02;6.886600e-02;1.388390e-01;4.524723e-02;2.832077e-02
4.788722e-02;7.336150e-02;2.837398e-01;4.656193e-02;5.818130e-02;2.478993e-02;7.807525e-02;6.445038e-02;9.795786e-02;1.439984e-01;5.065189e-02;3.034465e-02
3.601042e-02;8.233988e-02;3.121894e-01;5.576473e-02;5.855303e-02;2.958910e-02;6.956244e-02;3.981104e-02;9.039555e-02;1.426351e-01;4.904169e-02;3.410762e-02
5.697976e-02;1.108406e-01;2.313825e-01;5.504432e-02;8.169115e-02;4.745009e-02;8.572493e-02;3.916443e-02;4.221947e-02;1.469510e-01;5.291954e-02;4.963223e-02
7.135151e-02;7.400754e-02;1.713160e-01;5.174818e-02;5.939016e-02;6.164099e-02;7.395086e-02;7.875524e-02;1.206585e-01;1.480207e-01;4.642482e-02;4.273551e-02
7.146066e-02;5.377941e-02;9.950394e-02;7.003827e-02;5.898599e-02;6.580128e-02;8.761328e-02;9.137136e-02;1.492250e-01;1.668453e-01;4.093223e-02;4.444326e-02
5.691223e-02;6.127506e-02;8.449011e-02;7.938834e-02;5.933184e-02;7.787775e-02;1.005937e-01;9.505118e-02;1.476436e-01;1.544248e-01;3.828286e-02;4.472851e-02
6.577402e-02;8.997498e-02;1.001716e-01;1.049012e-01;4.153556e-02;8.413668e-02;9.774797e-02;8.965882e-02;1.285681e-01;1.133038e-01;4.097093e-02;4.325635e-02
1.098487e-01;1.349729e-01;1.882032e-01;6.649252e-02;2.918266e-02;4.229667e-02;1.389425e-01;5.787184e-02;4.870657e-02;8.296598e-02;7.092824e-02;2.958818e-02
1.330668e-01;1.939245e-01;1.649491e-01;3.402192e-02;2.301992e-02;2.788120e-02;1.895004e-01;3.597787e-02;2.968191e-02;6.003499e-02;8.737471e-02;2.056671e-02
1.075160e-01;2.337291e-01;1.102263e-01;1.347858e-02;1.706054e-02;2.274979e-02;2.474613e-01;5.147943e-02;2.531309e-02;3.932087e-02;1.217096e-01;9.955335e-03
4.517161e-02;1.980300e-01;1.139910e-01;5.635481e-03;2.199786e-02;1.451344e-02;2.600567e-01;1.033232e-01;2.369250e-02;2.394595e-02;1.654595e-01;2.418261e-02
1.573279e-02;1.166304e-01;1.606181e-01;9.112267e-03;1.939774e-02;1.009070e-02;2.086324e-01;1.871287e-01;1.716633e-02;2.329310e-02;1.431802e-01;8.901726e-02
9.220135e-03;5.394262e-02;1.906489e-01;1.386626e-02;1.198312e-02;1.434574e-02;1.387343e-01;2.539989e-01;3.876047e-02;2.102798e-02;7.507575e-02;1.783958e-01
6.101771e-03;2.083056e-02;1.980693e-01;1.613069e-02;5.200515e-03;2.570472e-02;7.885575e-02;2.893677e-01;5.209550e-02;2.428300e-02;1.987146e-02;2.634891e-01
1.249238e-02;1.033691e-02;1.843882e-01;1.393066e-02;4.321998e-03;3.267835e-02;7.082292e-02;2.860385e-01;6.306801e-02;2.829567e-02;1.138602e-02;2.822404e-01
2.688351e-02;1.047569e-02;1.896713e-01;1.111492e-02;6.358241e-03;3.371765e-02;8.386549e-02;2.701044e-01;6.022237e-02;2.988683e-02;1.621923e-02;2.614803e-01
2.014099e-02;3.220456e-02;1.982110e-01;1.051073e-02;1.385319e-02;2.562303e-02;1.433031e-01;2.309195e-01;2.925754e-02;2.688392e-02;5.048928e-02;2.186033e-01
1.709311e-02;1.009166e-01;1.692728e-01;1.224740e-02;2.771221e-02;1.792059e-02;2.430282e-01;1.407874e-01;2.425749e-02;2.028306e-02;8.883500e-02;1.376460e-01
2.226807e-02;1.891176e-01;1.202160e-01;1.761056e-02;4.246473e-02;2.659821e-02;3.192526e-01;5.452409e-02;3.741181e-02;2.322167e-02;8.854147e-02;5.877316e-02
5.575925e-02;2.095457e-01;7.243005e-02;6.542738e-02;5.469916e-02;5.705550e-02;3.089175e-01;4.325307e-02;2.717695e-02;3.830227e-02;4.541847e-02;2.201471e-02
1.023600e-01;1.552066e-01;2.681811e-02;1.367237e-01;5.804991e-02;1.148908e-01;2.313676e-01;4.906490e-02;2.714171e-02;6.185167e-02;1.788840e-02;1.863652e-02
9.455606e-02;8.122595e-02;8.239616e-02;1.439171e-01;9.464365e-02;1.387963e-01;1.398293e-01;5.633876e-02;6.586384e-02;5.836840e-02;1.083300e-02;3.323149e-02
5.494425e-02;5.784940e-02;1.683494e-01;8.469875e-02;1.344534e-01;1.113567e-01;1.149710e-01;6.718857e-02;9.669059e-02;4.220912e-02;2.315607e-02;4.413266e-02
2.958901e-02;7.361766e-02;2.328953e-01;6.936012e-02;1.443962e-01;6.005927e-02;8.781800e-02;1.050719e-01;9.729105e-02;3.581666e-02;3.149556e-02;3.258926e-02
1.779614e-02;6.439780e-02;3.134802e-01;5.145835e-02;1.003682e-01;6.844074e-02;5.820794e-02;1.218886e-01;1.127999e-01;3.632702e-02;3.442051e-02;2.041457e-02
2.994133e-02;5.803135e-02;3.189709e-01;5.272115e-02;6.481514e-02;5.825879e-02;8.051397e-02;1.130637e-01;1.408364e-01;3.430667e-02;2.789359e-02;2.064695e-02
6.897423e-02;7.344703e-02;2.239571e-01;4.669765e-02;4.736898e-02;5.624532e-02;1.007270e-01;1.555919e-01;1.486613e-01;2.092433e-02;2.657208e-02;3.083311e-02
9.559764e-02;6.678117e-02;1.455317e-01;5.304805e-02;7.017312e-02;3.622484e-02;1.262120e-01;2.085265e-01;1.054411e-01;2.434320e-02;2.960866e-02;3.851199e-02
9.840811e-02;3.248821e-02;1.436727e-01;6.559073e-02;7.008012e-02;5.233383e-02;1.451314e-01;2.060302e-01;8.668014e-02;4.188382e-02;2.543543e-02;3.226537e-02
9.675122e-02;3.883062e-02;8.143984e-02;1.067504e-01;5.707073e-02;5.051780e-02;1.935258e-01;1.314087e-01;1.129235e-01;6.958774e-02;3.412339e-02;2.707031e-02
6.503722e-02;4.810364e-02;1.438402e-01;1.574539e-01;5.647113e-02;2.952505e-02;2.209615e-01;5.308590e-02;8.810049e-02;5.888515e-02;3.352064e-02;4.501513e-02
4.356151e-02;3.872535e-02;2.276100e-01;1.463505e-01;4.839407e-02;4.207519e-02;2.115610e-01;4.367608e-02;7.165141e-02;4.562066e-02;3.761566e-02;4.315848e-02
4.924103e-02;4.400547e-02;2.732448e-01;8.545494e-02;4.794839e-02;5.256775e-02;2.032402e-01;4.249275e-02;8.970217e-02;3.502420e-02;4.614676e-02;3.093159e-02
7.885446e-02;4.522237e-02;2.298143e-01;4.824949e-02;4.574475e-02;7.596108e-02;2.173303e-01;4.450700e-02;9.934241e-02;3.666804e-02;5.504153e-02;2.326420e-02
1.066247e-01;6.015034e-02;1.491933e-01;4.997321e-02;6.043804e-02;8.066037e-02;2.146507e-01;8.460413e-02;7.609513e-02;3.274915e-02;4.733984e-02;3.752112e-02
1.179354e-01;1.116321e-01;1.152783e-01;3.877772e-02;8.008271e-02;6.902049e-02;1.718201e-01;1.134987e-01;6.891300e-02;3.732064e-02;3.116203e-02;4.455874e-02
8.194895e-02;1.401125e-01;1.790898e-01;6.296819e-02;6.704048e-02;4.877543e-02;1.413691e-01;9.254533e-02;7.010878e-02;3.276572e-02;2.965027e-02;5.362542e-02
1.771455e-02;1.118665e-01;1.892675e-01;1.253515e-01;4.760467e-02;5.139638e-02;1.251647e-01;1.295367e-01;7.439201e-02;3.536278e-02;3.484118e-02;5.750154e-02
4.349869e-02;8.530201e-02;1.851539e-01;8.752633e-02;7.374156e-02;4.946197e-02;1.329835e-01;1.575813e-01;8.221903e-02;3.664888e-02;3.269406e-02;3.318872e-02
7.393672e-02;6.530777e-02;1.359742e-01;8.651662e-02;1.048871e-01;4.820738e-02;1.130966e-01;1.083811e-01;9.040042e-02;6.179275e-02;6.842382e-02;4.307565e-02
9.117369e-02;8.463852e-02;1.313977e-01;7.381385e-02;7.718069e-02;8.711046e-02;1.251916e-01;4.078826e-02;7.960889e-02;9.908202e-02;7.006396e-02;3.995035e-02
6.506768e-02;8.756054e-02;1.153509e-01;5.405413e-02;5.599027e-02;9.499613e-02;1.303568e-01;9.101447e-02;9.067466e-02;9.750889e-02;7.059266e-02;4.683293e-02
4.128366e-02;6.932552e-02;7.497423e-02;4.735478e-02;5.689915e-02;5.711809e-02;1.669436e-01;1.975724e-01;1.147638e-01;6.631419e-02;7.385231e-02;3.359823e-02
4.419264e-02;6.063468e-02;7.003307e-02;4.812034e-02;5.364891e-02;4.551605e-02;1.320969e-01;2.009317e-01;1.297089e-01;8.646312e-02;8.781053e-02;4.084319e-02
6.446634e-02;3.677917e-02;6.551969e-02;4.468695e-02;5.723018e-02;3.314224e-02;1.220741e-01;1.298412e-01;1.563593e-01;1.316089e-01;9.152067e-02;6.677119e-02
7.416417e-02;3.171486e-02;4.440181e-02;4.679691e-02;6.579474e-02;6.972115e-02;9.368644e-02;1.334996e-01;1.481702e-01;1.563468e-01;6.872720e-02;6.697602e-02
7.795735e-02;4.920497e-02;4.060250e-02;3.966174e-02;6.401120e-02;1.166119e-01;1.198904e-01;1.737247e-01;1.041848e-01;1.282264e-01;4.170568e-02;4.421840e-02
6.729595e-02;5.086559e-02;4.678493e-02;2.303710e-02;2.613097e-02;1.006716e-01;1.639964e-01;1.445400e-01;2.369743e-01;7.210322e-02;3.377040e-02;3.382945e-02
5.416191e-02;4.428808e-02;4.041388e-02;3.361931e-02;3.908992e-02;7.456957e-02;1.618278e-01;1.155002e-01;2.739117e-01;8.621705e-02;3.226861e-02;4.413189e-02
7.315877e-02;4.766667e-02;3.298114e-02;3.605575e-02;5.983093e-02;6.341073e-02;1.648821e-01;1.079861e-01;2.003732e-01;1.126439e-01;4.567621e-02;5.533439e-02
7.980727e-02;4.840684e-02;2.954250e-02;3.605149e-02;7.274640e-02;3.816199e-02;1.157737e-01;1.401243e-01;2.309558e-01;1.063985e-01;5.931167e-02;4.271948e-02
7.941657e-02;3.277618e-02;5.683330e-02;3.863557e-02;6.579738e-02;5.273177e-02;9.606041e-02;1.500402e-01;1.805250e-01;8.889031e-02;9.026185e-02;6.803141e-02
6.463237e-02;2.083597e-02;5.096143e-02;3.880062e-02;3.836918e-02;5.770386e-02;1.141018e-01;1.750678e-01;2.035050e-01;6.078196e-02;1.034312e-01;7.180882e-02
6.607787e-02;2.763023e-02;5.849575e-02;3.824215e-02;3.871334e-02;6.850609e-02;1.047431e-01;1.347059e-01;1.847997e-01;8.860484e-02;1.245504e-01;6.493059e-02
5.756398e-02;4.294437e-02;7.102854e-02;4.426565e-02;4.617858e-02;9.400640e-02;1.066814e-01;1.644598e-01;1.186982e-01;1.215300e-01;8.465987e-02;4.798327e-02
6.502253e-02;4.541455e-02;8.624118e-02;4.273864e-02;5.036942e-02;8.591296e-02;8.651090e-02;1.884127e-01;9.836322e-02;1.347079e-01;4.455685e-02;7.174914e-02
7.722960e-02;4.507017e-02;8.864353e-02;2.011367e-02;5.758657e-02;7.495309e-02;7.341680e-02;1.340054e-01;1.366762e-01;1.248170e-01;6.163523e-02;1.058528e-01
6.930513e-02;3.799596e-02;6.759114e-02;3.621538e-02;5.303056e-02;5.297912e-02;6.056468e-02;1.235600e-01;2.112323e-01;1.228756e-01;9.781858e-02;6.683156e-02
6.242681e-02;4.610767e-02;4.795956e-02;5.372172e-02;3.193743e-02;1.980742e-02;7.176080e-02;1.132628e-01;2.906405e-01;1.470887e-01;8.105397e-02;3.423259e-02
5.848056e-02;5.896304e-02;4.121648e-02;5.033429e-02;4.228303e-02;4.222043e-02;1.001060e-01;4.807294e-02;3.059767e-01;1.324332e-01;6.520799e-02;5.470536e-02
6.481472e-02;7.398331e-02;5.691247e-02;4.178811e-02;7.112707e-02;3.125933e-02;7.069493e-02;8.156371e-02;2.179416e-01;1.409412e-01;7.655599e-02;7.241764e-02
5.305161e-02;6.230726e-02;7.026046e-02;4.033171e-02;9.299168e-02;6.950201e-02;9.939009e-02;1.142382e-01;1.102479e-01;8.572806e-02;6.796863e-02;1.339824e-01
5.660513e-02;3.408134e-02;4.726934e-02;4.491195e-02;7.571535e-02;9.827062e-02;1.530479e-01;1.229820e-01;9.107532e-02;1.100052e-01;2.476140e-02;1.412744e-01
4.064886e-02;5.668480e-02;6.123791e-02;5.416813e-02;4.591536e-02;9.544215e-02;1.187842e-01;9.740338e-02;1.601822e-01;1.040707e-01;5.906064e-02;1.064016e-01
4.060232e-02;4.896417e-02;9.764218e-02;6.218258e-02;5.742469e-02;9.299303e-02;1.563274e-01;1.313184e-01;1.580793e-01;5.623434e-02;4.710008e-02;5.113149e-02
4.221567e-02;3.584602e-02;1.225886e-01;6.943978e-02;5.882991e-02;8.801397e-02;1.552345e-01;1.551313e-01;1.453571e-01;5.157751e-02;3.709684e-02;3.866892e-02
3.488381e-02;3.809043e-02;1.763732e-01;5.524096e-02;5.645517e-02;6.396112e-02;1.695254e-01;1.338684e-01;1.328597e-01;8.329763e-02;2.390552e-02;3.153855e-02
1.993096e-02;4.233694e-02;2.324306e-01;2.976920e-02;5.565409e-02;7.407378e-02;1.767520e-01;9.978992e-02;1.036618e-01;1.146660e-01;2.171686e-02;2.921775e-02
1.335092e-02;7.103410e-02;2.619127e-01;1.590270e-02;5.411999e-02;1.039133e-01;1.314604e-01;9.617750e-02;9.040648e-02;1.021296e-01;3.003888e-02;2.955345e-02
2.657896e-02;9.146982e-02;2.540077e-01;1.164131e-02;5.533571e-02;1.319035e-01;9.937936e-02;1.009417e-01;1.029898e-01;7.461482e-02;3.411362e-02;1.702371e-02
2.616281e-02;1.007359e-01;2.676195e-01;2.382136e-02;5.105214e-02;1.112081e-01;8.949417e-02;1.061020e-01;9.556630e-02;7.651918e-02;3.877269e-02;1.294590e-02
4.580426e-02;1.276830e-01;2.725080e-01;1.811704e-02;4.081045e-02;1.024530e-01;6.824536e-02;9.472435e-02;9.559701e-02;7.773516e-02;3.277214e-02;2.355021e-02
7.885179e-02;1.345669e-01;2.300945e-01;3.083678e-02;5.302898e-02;1.037512e-01;9.264535e-02;6.361343e-02;9.002970e-02;6.682279e-02;2.894268e-02;2.681593e-02
9.299821e-02;1.223327e-01;2.138826e-01;4.763690e-02;5.897985e-02;9.350940e-02;1.143431e-01;4.829419e-02;9.301501e-02;5.837164e-02;3.135055e-02;2.528584e-02
6.084237e-02;1.005198e-01;3.477872e-01;5.434135e-02;6.285564e-02;3.782493e-02;7.603234e-02;5.662909e-02;8.720613e-02;6.401062e-02;3.166106e-02;2.028956e-02
1.676666e-02;6.788681e-02;4.590295e-01;3.818956e-02;6.695208e-02;3.573982e-02;6.592581e-02;7.307202e-02;6.593872e-02;6.125333e-02;4.044807e-02;8.797668e-03
4.416006e-02;6.976964e-02;3.593897e-01;3.345288e-02;6.639454e-02;4.816997e-02;1.300119e-01;7.213211e-02;6.194812e-02;4.922187e-02;4.718546e-02;1.816382e-02
4.641116e-02;5.244601e-02;1.797417e-01;3.678533e-02;5.552421e-02;7.536611e-02;1.985667e-01;1.388573e-01;7.073477e-02;6.882430e-02;5.122290e-02;2.551937e-02
2.609215e-02;4.249824e-02;1.185153e-01;4.555834e-02;7.884518e-02;6.164679e-02;1.763366e-01;1.863538e-01;8.970764e-02;7.890385e-02;7.050985e-02;2.503225e-02
2.816427e-02;5.341955e-02;1.586572e-01;5.645837e-02;7.010898e-02;8.167246e-02;9.797363e-02;1.684758e-01;8.039644e-02;8.206666e-02;1.065923e-01;1.601424e-02
4.170457e-02;3.256696e-02;1.648449e-01;4.129586e-02;5.557270e-02;9.660832e-02;9.372344e-02;1.350104e-01;1.211896e-01;1.318402e-01;6.421439e-02;2.142858e-02
3.695010e-02;2.311625e-02;8.622908e-02;5.803611e-02;5.216400e-02;7.924278e-02;1.629847e-01;1.322717e-01;1.456972e-01;1.441346e-01;5.037512e-02;2.879840e-02
4.400122e-02;3.424117e-02;6.599822e-02;5.580320e-02;5.650701e-02;9.170329e-02;1.569451e-01;1.332360e-01;1.272918e-01;1.396858e-01;5.918340e-02;3.540378e-02
9.456459e-02;1.095899e-01;1.613307e-01;3.986938e-02;8.791515e-02;5.541380e-02;1.448769e-01;8.945041e-02;5.809871e-02;8.328588e-02;4.464527e-02;3.095928e-02
9.903234e-02;1.636427e-01;1.915891e-01;3.580741e-02;1.052786e-01;4.055131e-02;1.804207e-01;5.289810e-02;3.339578e-02;4.197559e-02;3.884184e-02;1.656655e-02
7.619403e-02;1.952511e-01;1.734704e-01;3.276132e-02;1.094450e-01;3.644943e-02;2.150594e-01;5.291886e-02;3.366838e-02;2.501747e-02;4.359796e-02;6.166659e-03
4.923043e-02;1.948780e-01;1.741232e-01;1.964015e-02;1.612729e-01;2.173644e-02;2.268225e-01;6.720351e-02;2.291170e-02;1.227871e-02;4.409542e-02;5.806931e-03
2.378011e-02;1.563401e-01;1.847272e-01;1.604219e-02;2.078869e-01;3.638908e-02;2.191053e-01;8.729579e-02;1.505515e-02;8.387531e-03;3.652688e-02;8.463841e-03
1.830160e-02;1.006814e-01;1.865581e-01;1.224853e-02;1.703536e-01;9.418042e-02;2.081087e-01;1.490619e-01;1.141657e-02;1.555077e-02;1.965316e-02;1.388529e-02
1.015059e-02;5.238704e-02;1.827796e-01;1.175011e-02;6.628016e-02;1.284855e-01;1.925476e-01;2.687055e-01;2.430530e-02;3.229671e-02;9.002589e-03;2.130931e-02
6.139462e-03;3.673115e-02;1.692595e-01;9.156159e-03;3.444187e-02;6.489079e-02;1.733639e-01;3.669684e-01;5.385621e-02;4.958802e-02;1.082824e-02;2.477625e-02
1.136067e-02;2.988336e-02;1.464535e-01;9.276715e-03;2.950427e-02;3.334226e-02;1.623182e-01;3.851901e-01;8.347693e-02;6.107852e-02;1.368491e-02;3.443064e-02
2.572630e-02;4.064447e-02;1.149074e-01;1.994858e-02;4.310003e-02;4.395094e-02;1.847870e-01;3.255740e-01;7.890391e-02;6.187317e-02;2.260114e-02;3.798306e-02
3.179210e-02;3.826404e-02;1.242182e-01;3.203853e-02;5.666624e-02;5.586993e-02;1.851801e-01;2.566279e-01;9.162112e-02;6.286321e-02;2.929328e-02;3.556541e-02
1.903969e-02;2.224966e-02;1.836849e-01;3.380747e-02;6.539423e-02;8.870586e-02;1.816178e-01;1.843328e-01;1.054912e-01;5.712826e-02;1.598395e-02;4.256414e-02
1.089281e-02;2.134533e-02;2.070526e-01;1.976231e-02;4.972218e-02;6.804100e-02;2.387508e-01;2.206325e-01;5.641638e-02;5.468917e-02;8.342584e-03;4.435237e-02
9.432130e-03;3.349395e-02;2.190201e-01;1.592292e-02;3.229446e-02;4.432597e-02;2.526179e-01;2.356526e-01;4.492941e-02;6.695174e-02;9.501091e-03;3.585773e-02
2.153403e-02;4.072083e-02;2.350081e-01;2.063953e-02;2.646725e-02;4.423647e-02;2.411784e-01;2.008492e-01;3.338901e-02;7.127200e-02;2.493373e-02;3.977148e-02
4.804013e-02;2.449817e-02;2.082559e-01;2.689576e-02;4.832739e-02;3.869987e-02;2.072735e-01;1.751939e-01;4.010152e-02;6.879544e-02;4.753065e-02;6.638771e-02
5.862487e-02;8.120950e-02;1.723092e-01;1.645603e-02;6.785651e-02;4.139058e-02;2.112151e-01;1.174838e-01;5.975008e-02;4.988549e-02;7.242766e-02;5.139124e-02
7.443432e-02;1.346953e-01;1.338678e-01;1.579178e-02;7.106985e-02;4.472708e-02;2.502796e-01;6.307153e-02;7.978725e-02;3.180656e-02;7.803164e-02;2.243731e-02
1.190330e-01;1.582980e-01;8.214012e-02;2.745134e-02;5.758255e-02;6.712575e-02;2.489727e-01;4.718199e-02;9.226702e-02;3.530455e-02;5.265060e-02;1.199244e-02
1.826017e-01;1.366957e-01;4.408045e-02;3.909315e-02;4.465469e-02;9.573704e-02;1.954240e-01;8.583279e-02;7.944852e-02;5.170532e-02;2.506779e-02;1.965892e-02
1.964657e-01;7.832959e-02;5.606646e-02;3.481789e-02;8.480193e-02;1.028824e-01;1.543786e-01;1.008855e-01;8.453367e-02;5.849965e-02;1.350364e-02;3.483500e-02
1.609433e-01;4.990553e-02;9.885548e-02;2.546967e-02;1.626070e-01;8.070638e-02;1.158762e-01;6.520252e-02;1.177038e-01;5.533986e-02;1.043033e-02;5.696000e-02
8.385371e-02;5.307369e-02;1.219058e-01;3.397295e-02;2.462988e-01;8.877794e-02;6.631771e-02;2.555949e-02;1.459363e-01;4.178899e-02;1.940001e-02;7.311463e-02
5.793355e-02;2.677517e-02;1.299032e-01;2.648724e-02;2.577043e-01;7.251819e-02;8.330851e-02;3.304500e-02;1.799759e-01;2.237978e-02;2.205218e-02;8.791700e-02
1.087195e-01;2.525941e-02;1.496825e-01;2.618339e-02;2.008853e-01;6.443942e-02;6.701028e-02;3.473819e-02;1.757049e-01;2.096875e-02;2.820597e-02;9.820243e-02
1.722013e-01;3.137340e-02;1.628369e-01;4.083804e-02;1.301233e-01;9.244074e-02;7.718783e-02;2.673293e-02;1.357651e-01;2.249185e-02;1.849538e-02;8.951320e-02
2.038345e-01;5.582784e-02;9.089114e-02;7.960372e-02;6.307983e-02;1.686846e-01;1.158011e-01;4.455826e-02;6.445271e-02;4.431262e-02;1.371725e-02;5.523653e-02
1.695159e-01;6.303688e-02;4.490349e-02;1.141082e-01;3.245489e-02;1.707336e-01;1.945221e-01;5.443026e-02;2.319971e-02;8.282436e-02;2.475890e-02;2.551171e-02
1.252775e-01;5.740180e-02;1.869331e-02;1.093897e-01;2.999029e-02;1.250487e-01;2.489727e-01;5.648563e-02;3.614782e-02;1.317845e-01;4.375794e-02;1.705003e-02
9.739091e-02;4.251041e-02;5.949322e-03;8.303735e-02;3.130586e-02;1.156857e-01;2.213447e-01;6.196868e-02;8.592326e-02;1.823598e-01;5.708506e-02;1.543896e-02
9.956593e-02;3.061871e-02;8.089978e-03;7.072502e-02;2.447039e-02;1.214678e-01;1.446560e-01;3.313644e-02;1.269938e-01;2.651707e-01;5.697701e-02;1.812808e-02
1.190386e-01;3.180226e-02;8.926242e-03;6.943063e-02;1.959619e-02;1.223519e-01;1.001169e-01;4.682479e-02;8.481909e-02;3.311380e-01;4.168173e-02;2.427364e-02
1.518244e-01;2.599291e-02;1.004205e-02;5.745693e-02;2.526350e-02;1.289343e-01;8.807161e-02;7.241639e-02;3.526887e-02;3.271097e-01;2.890227e-02;4.871709e-02
1.889576e-01;2.084660e-02;1.000500e-02;3.816100e-02;2.943531e-02;1.284300e-01;9.323552e-02;9.349764e-02;4.238373e-02;2.811227e-01;1.751859e-02;5.640624e-02
2.113382e-01;2.695071e-02;2.136317e-02;2.964313e-02;3.376341e-02;1.121984e-01;1.006370e-01;9.391498e-02;6.307750e-02;2.109354e-01;4.650726e-02;4.967081e-02
1.848246e-01;2.823890e-02;5.513625e-02;2.436885e-02;4.731002e-02;7.911074e-02;7.722843e-02;6.884289e-02;1.282728e-01;1.384969e-01;9.460453e-02;7.356506e-02
1.044525e-01;1.816521e-02;6.899755e-02;2.664407e-02;6.693061e-02;5.650092e-02;6.818476e-02;4.194096e-02;2.284172e-01;6.990968e-02;9.863346e-02;1.512231e-01
3.769549e-02;1.344628e-02;4.847633e-02;2.569722e-02;8.335879e-02;4.095358e-02;8.371378e-02;5.089116e-02;2.642000e-01;4.115325e-02;5.614576e-02;2.542683e-01
1.794978e-02;2.778925e-02;3.398783e-02;2.817548e-02;8.789381e-02;3.450353e-02;8.743732e-02;6.392509e-02;2.293425e-01;6.432041e-02;2.959304e-02;2.950820e-01
3.340499e-02;5.652599e-02;3.062798e-02;3.245046e-02;7.648826e-02;2.473844e-02;5.905693e-02;9.051390e-02;1.735204e-01;1.430835e-01;4.950322e-02;2.300860e-01
3.493379e-02;8.810795e-02;3.634958e-02;4.749846e-02;5.129282e-02;2.297131e-02;2.698539e-02;1.562332e-01;1.118699e-01;1.967325e-01;1.170733e-01;1.099519e-01
2.180226e-02;9.473290e-02;5.079646e-02;6.568345e-02;3.361251e-02;3.986737e-02;4.215121e-02;2.007750e-01;6.992166e-02;1.550560e-01;1.758637e-01;4.973748e-02
2.238310e-02;8.017379e-02;6.411540e-02;8.045778e-02;2.801486e-02;5.621253e-02;7.174902e-02;2.101708e-01;3.957002e-02;7.372356e-02;2.477067e-01;2.572247e-02
2.033168e-02;6.398227e-02;7.952657e-02;8.275338e-02;2.536411e-02;5.915672e-02;9.699723e-02;1.785211e-01;4.021354e-02;3.545186e-02;2.875658e-01;3.013567e-02
3.061238e-02;4.158453e-02;1.037346e-01;6.839868e-02;2.539538e-02;4.946402e-02;1.112701e-01;1.181233e-01;7.786084e-02;6.802731e-02;2.746407e-01;3.088823e-02
3.357457e-02;2.092290e-02;1.411397e-01;5.785969e-02;2.291065e-02;5.090909e-02;1.152853e-01;7.639574e-02;1.141583e-01;8.339142e-02;2.579010e-01;2.555165e-02
2.928500e-02;1.985766e-02;1.949937e-01;5.030420e-02;2.617846e-02;6.375005e-02;1.214008e-01;5.470414e-02;1.250961e-01;7.263328e-02;1.854985e-01;5.629808e-02
2.625928e-02;2.695754e-02;2.304484e-01;5.385714e-02;6.240255e-02;7.073183e-02;1.407871e-01;9.592061e-02;1.020386e-01;4.961278e-02;1.015562e-01;3.942800e-02
1.093819e-02;2.066811e-02;2.083613e-01;8.053294e-02;8.421418e-02;7.185593e-02;1.083721e-01;1.814439e-01;6.131889e-02;3.955849e-02;1.092933e-01;2.344261e-02
1.101602e-02;1.882706e-02;2.051903e-01;9.356654e-02;8.676060e-02;7.773694e-02;7.046653e-02;1.985091e-01;5.031791e-02;4.702516e-02;1.071460e-01;3.343782e-02
1.043411e-02;1.969808e-02;2.248451e-01;9.079225e-02;1.057374e-01;7.627526e-02;5.858401e-02;1.628239e-01;3.288216e-02;6.010374e-02;1.077977e-01;5.002622e-02
2.466826e-02;2.083199e-02;2.146601e-01;7.895047e-02;1.405155e-01;6.604771e-02;4.992837e-02;1.306913e-01;4.712385e-02;8.836918e-02;8.426485e-02;5.394845e-02
4.568283e-02;2.302888e-02;1.554673e-01;6.952160e-02;1.709398e-01;8.995572e-02;1.093581e-01;8.373574e-02;1.042980e-01;5.067125e-02;3.554112e-02;6.179954e-02
9.232176e-02;2.628248e-02;1.198297e-01;5.158853e-02;1.757211e-01;1.157656e-01;1.534996e-01;4.587504e-02;1.112989e-01;3.147700e-02;2.995005e-02;4.639034e-02
1.132388e-01;4.103089e-02;8.709299e-02;3.829149e-02;1.232131e-01;1.161338e-01;2.237245e-01;5.865231e-02;7.556247e-02;6.985680e-02;3.533750e-02;1.786542e-02
9.807168e-02;4.906571e-02;7.127289e-02;4.583645e-02;8.882090e-02;9.924666e-02;2.793631e-01;7.077760e-02;6.287244e-02;9.307609e-02;2.882247e-02;1.277404e-02
9.765892e-02;6.100055e-02;5.196921e-02;3.761904e-02;7.345811e-02;8.898899e-02;3.503329e-01;5.611287e-02;5.445190e-02;9.640865e-02;2.082161e-02;1.117732e-02
6.904619e-02;8.121171e-02;4.409979e-02;1.667760e-02;4.687881e-02;7.962921e-02;4.259871e-01;4.281530e-02;8.666689e-02;7.897250e-02;2.064895e-02;7.365883e-03
3.034024e-02;8.091455e-02;5.132604e-02;8.669623e-03;5.647057e-02;7.999763e-02;4.166436e-01;4.146145e-02;1.007364e-01;1.055737e-01;2.473656e-02;3.129735e-03
1.965317e-02;7.378526e-02;8.037735e-02;1.891208e-02;8.345589e-02;7.027544e-02;4.075006e-01;4.531813e-02;7.403898e-02;9.640560e-02;2.447113e-02;5.806412e-03
1.486469e-02;5.794639e-02;1.357442e-01;4.349751e-02;9.243528e-02;4.966722e-02;3.984109e-01;8.719456e-02;3.892136e-02;4.894738e-02;1.924209e-02;1.312842e-02
8.126843e-03;3.839503e-02;1.914171e-01;6.839817e-02;5.857509e-02;3.112337e-02;3.494300e-01;1.396109e-01;4.732364e-02;3.648795e-02;1.051723e-02;2.059472e-02
2.114433e-02;4.040494e-02;2.304222e-01;5.869089e-02;2.026864e-02;1.756100e-02;2.733324e-01;1.853501e-01;6.034159e-02;5.491073e-02;7.467813e-03;3.010536e-02
3.640785e-02;3.656080e-02;2.228402e-01;3.062467e-02;1.856512e-02;2.228166e-02;2.603527e-01;1.948144e-01;5.924781e-02;5.881887e-02;2.680722e-02;3.267879e-02
3.713398e-02;3.947752e-02;1.906692e-01;1.641408e-02;2.720095e-02;2.769239e-02;3.026616e-01;1.886870e-01;5.114143e-02;5.415062e-02;4.424109e-02;2.053012e-02
1.843214e-02;3.332805e-02;1.593058e-01;1.865072e-02;2.655645e-02;2.183193e-02;3.464461e-01;1.798463e-01;8.357969e-02;5.432092e-02;4.174930e-02;1.595268e-02
2.006088e-02;2.970470e-02;1.396124e-01;2.447267e-02;3.481799e-02;1.648212e-02;4.023998e-01;1.555372e-01;8.736042e-02;5.166474e-02;2.774503e-02;1.014214e-02
2.948390e-02;4.272160e-02;1.222516e-01;2.211677e-02;5.890066e-02;2.437618e-02;4.566582e-01;1.052565e-01;6.000060e-02;4.133191e-02;2.491621e-02;1.198575e-02
3.343694e-02;6.782126e-02;8.832323e-02;1.232673e-02;7.538190e-02;2.822227e-02;4.617759e-01;8.281928e-02;7.316834e-02;3.531653e-02;3.697754e-02;4.430068e-03
2.136391e-02;8.241252e-02;7.815530e-02;7.811045e-03;8.002467e-02;2.406273e-02;4.585278e-01;8.432640e-02;8.138223e-02;3.460553e-02;4.087034e-02;6.457522e-03
2.157866e-02;8.950277e-02;7.970910e-02;9.187123e-03;7.285083e-02;2.724081e-02;4.420929e-01;7.256185e-02;8.409264e-02;5.142979e-02;4.366228e-02;6.091269e-03
2.610324e-02;1.032667e-01;6.491538e-02;7.379577e-03;6.292023e-02;2.550641e-02;4.306841e-01;6.110108e-02;1.021914e-01;5.181656e-02;5.275767e-02;1.135763e-02
3.656440e-02;1.185382e-01;4.749850e-02;6.549479e-03;4.847066e-02;2.683712e-02;4.164026e-01;4.928520e-02;1.290547e-01;3.706497e-02;6.909238e-02;1.464182e-02
5.594418e-02;1.302593e-01;3.779589e-02;1.052274e-02;3.726413e-02;3.711872e-02;3.936809e-01;3.560296e-02;1.312857e-01;4.852791e-02;7.089114e-02;1.110638e-02
9.848885e-02;1.438871e-01;2.823748e-02;1.540206e-02;2.800446e-02;4.769877e-02;3.731660e-01;2.837334e-02;1.054471e-01;4.504184e-02;6.579728e-02;2.045568e-02
1.631320e-01;1.312972e-01;2.932621e-02;2.538317e-02;2.642913e-02;6.132543e-02;3.114937e-01;2.333822e-02;6.667561e-02;7.242416e-02;5.017281e-02;3.900237e-02
2.088477e-01;9.020884e-02;2.812407e-02;3.010267e-02;4.320996e-02;7.344862e-02;2.426807e-01;3.149727e-02;4.404686e-02;1.354461e-01;2.955175e-02;4.283550e-02
2.120938e-01;5.767753e-02;3.041073e-02;2.383362e-02;6.737103e-02;7.681619e-02;1.849664e-01;4.233466e-02;6.704973e-02;1.474913e-01;4.166142e-02;4.829350e-02
1.709028e-01;4.776644e-02;6.666544e-02;2.644437e-02;9.811983e-02;6.934720e-02;1.118940e-01;3.769736e-02;1.280806e-01;1.064242e-01;6.809556e-02;6.856224e-02
6.063080e-02;4.826097e-02;1.196170e-01;4.599194e-02;1.214644e-01;5.412725e-02;6.943288e-02;5.961311e-02;1.411434e-01;1.366507e-01;6.226514e-02;8.080240e-02
4.902751e-02;3.862537e-02;1.380036e-01;6.414890e-02;1.089506e-01;4.172773e-02;7.910977e-02;6.472544e-02;1.153505e-01;1.749721e-01;5.727504e-02;6.808334e-02
4.695166e-02;4.260704e-02;1.730045e-01;8.616014e-02;9.538830e-02;2.674451e-02;7.475057e-02;7.085394e-02;1.161403e-01;1.341252e-01;8.009269e-02;5.318123e-02
5.296013e-02;4.337503e-02;1.906830e-01;9.591689e-02;8.472118e-02;3.726957e-02;1.008892e-01;5.966482e-02;1.032913e-01;7.069077e-02;1.105500e-01;4.998809e-02
5.488645e-02;3.461351e-02;2.324946e-01;8.657981e-02;5.047170e-02;3.737452e-02;9.850731e-02;4.270394e-02;9.562921e-02;8.778333e-02;1.105653e-01;6.839039e-02
7.186638e-02;4.764431e-02;2.313825e-01;8.288544e-02;7.044399e-02;5.092003e-02;7.844844e-02;3.849104e-02;7.227396e-02;8.212762e-02;7.739159e-02;9.612469e-02
8.719058e-02;5.067116e-02;1.696058e-01;9.017602e-02;1.195367e-01;5.698225e-02;9.055089e-02;6.210550e-02;3.693141e-02;7.565000e-02;6.211407e-02;9.848564e-02
9.422969e-02;4.710624e-02;1.255702e-01;8.052608e-02;1.501521e-01;6.141296e-02;1.149881e-01;1.009798e-01;3.908412e-02;6.787180e-02;4.374512e-02;7.433386e-02
7.033285e-02;3.567928e-02;1.792645e-01;4.499878e-02;1.739134e-01;8.060046e-02;7.623692e-02;1.175011e-01;7.547776e-02;4.374273e-02;2.915241e-02;7.309978e-02
8.292871e-02;2.433340e-02;1.723524e-01;4.768577e-02;1.605963e-01;8.042474e-02;1.176384e-01;1.038218e-01;9.747964e-02;3.058474e-02;1.852161e-02;6.363247e-02
8.916643e-02;1.240803e-02;1.428245e-01;5.694434e-02;1.728992e-01;9.237793e-02;1.222312e-01;8.116531e-02;1.090662e-01;5.553674e-02;9.809556e-03;5.557047e-02
8.394378e-02;8.842151e-03;1.092301e-01;3.675342e-02;2.034525e-01;9.529677e-02;1.229836e-01;4.219282e-02;1.366399e-01;9.005850e-02;1.135627e-02;5.925028e-02
6.340829e-02;4.021053e-03;9.186661e-02;4.348585e-02;2.105746e-01;9.324852e-02;1.301786e-01;3.491521e-02;1.602891e-01;9.196942e-02;1.192304e-02;6.411970e-02
4.720476e-02;1.362238e-02;1.026665e-01;5.130994e-02;2.011271e-01;9.732904e-02;1.378853e-01;4.395172e-02;1.549722e-01;6.977037e-02;1.600520e-02;6.415552e-02
3.154465e-02;2.173422e-02;1.061187e-01;6.496091e-02;2.078191e-01;9.604568e-02;1.109906e-01;5.456739e-02;1.295106e-01;7.597809e-02;3.348752e-02;6.724251e-02
2.910870e-02;1.985003e-02;1.660773e-01;9.869123e-02;1.867345e-01;6.499305e-02;5.648861e-02;8.865704e-02;8.522599e-02;9.757784e-02;5.576873e-02;5.082703e-02
1.420883e-02;1.766250e-02;2.472640e-01;1.060833e-01;1.397303e-01;6.376270e-02;7.278241e-02;1.270453e-01;5.916110e-02;6.075312e-02;6.305721e-02;2.848908e-02
1.605810e-02;1.269649e-02;2.855594e-01;1.232618e-01;1.171493e-01;8.075624e-02;6.046516e-02;1.416564e-01;3.111956e-02;3.227047e-02;7.896125e-02;2.004584e-02
1.497721e-02;1.304427e-02;3.448666e-01;1.162116e-01;9.803767e-02;8.250656e-02;4.368814e-02;1.046465e-01;4.410131e-02;3.325501e-02;8.860922e-02;1.605584e-02
1.213545e-02;1.389926e-02;4.228910e-01;9.298389e-02;8.534963e-02;7.151837e-02;5.348633e-02;5.509850e-02;4.762907e-02;4.044759e-02;8.258343e-02;2.197753e-02
1.860150e-02;1.861766e-02;4.685214e-01;6.721441e-02;7.657888e-02;4.670230e-02;6.836141e-02;3.294761e-02;5.075081e-02;5.835804e-02;6.742075e-02;2.592524e-02
