9.810279e-02;1.070870e-01;1.123090e-01;1.126774e-01;5.529148e-02;4.899828e-02;6.501518e-02;7.030556e-02;5.295908e-02;1.265993e-01;7.200870e-02;7.864622e-02
7.133949e-02;1.087340e-01;1.313586e-01;7.470969e-02;5.993745e-02;6.628002e-02;6.831865e-02;1.004255e-01;6.093626e-02;1.525927e-01;5.420245e-02;5.116522e-02
1.008120e-01;9.432556e-02;1.012284e-01;6.637456e-02;9.227666e-02;4.834777e-02;8.297207e-02;1.168680e-01;7.341502e-02;1.153511e-01;6.291899e-02;4.510995e-02
1.054434e-01;6.755353e-02;9.355482e-02;8.367403e-02;8.617289e-02;6.210098e-02;8.053675e-02;9.355544e-02;6.290283e-02;7.440569e-02;1.156787e-01;7.442088e-02
9.514328e-02;6.749974e-02;9.162397e-02;7.075039e-02;6.419329e-02;8.601196e-02;7.670768e-02;6.641856e-02;5.872220e-02;9.340253e-02;1.394116e-01;9.011480e-02
8.687581e-02;7.532363e-02;8.933857e-02;5.421797e-02;5.015929e-02;8.560289e-02;5.425671e-02;6.912877e-02;6.546830e-02;1.049261e-01;1.594073e-01;1.052946e-01
8.213637e-02;1.094432e-01;8.785543e-02;5.973572e-02;6.750203e-02;6.688073e-02;3.874796e-02;6.919067e-02;5.368982e-02;1.267916e-01;1.603978e-01;7.762874e-02
7.831489e-02;1.317915e-01;1.124788e-01;7.115018e-02;6.432471e-02;7.902110e-02;4.266614e-02;7.680397e-02;5.645657e-02;9.499011e-02;1.009406e-01;9.106126e-02
7.635648e-02;1.365207e-01;1.403527e-01;4.993442e-02;6.953873e-02;7.025086e-02;6.395695e-02;8.165786e-02;5.767153e-02;7.687278e-02;7.992791e-02;9.695903e-02
6.541499e-02;1.251348e-01;1.343910e-01;4.544517e-02;8.598631e-02;1.069458e-01;7.911600e-02;6.939273e-02;6.080271e-02;5.936411e-02;7.460586e-02;9.340050e-02
5.763822e-02;7.413569e-02;1.156174e-01;7.244260e-02;7.214825e-02;1.499426e-01;8.644498e-02;6.353845e-02;6.644551e-02;7.873531e-02;6.976844e-02;9.314264e-02
9.571961e-02;9.650315e-02;1.082226e-01;9.588029e-02;6.802831e-02;9.614632e-02;8.866084e-02;7.883084e-02;7.002183e-02;7.954533e-02;4.422198e-02;7.821889e-02
1.006189e-01;9.468483e-02;1.410966e-01;6.707174e-02;1.140064e-01;7.933224e-02;9.121913e-02;7.013290e-02;4.292725e-02;7.998437e-02;3.112973e-02;8.779580e-02
9.517340e-02;8.143468e-02;1.049561e-01;6.004042e-02;1.459572e-01;1.063627e-01;8.367186e-02;5.830861e-02;2.803605e-02;9.222916e-02;4.222215e-02;1.016078e-01
1.060731e-01;1.117100e-01;7.713677e-02;9.192748e-02;1.259691e-01;8.503500e-02;8.792110e-02;6.549659e-02;4.953386e-02;8.496601e-02;3.589553e-02;7.833541e-02
7.950671e-02;1.506656e-01;1.150026e-01;1.226979e-01;6.939464e-02;5.782523e-02;1.137199e-01;6.769484e-02;5.509329e-02;7.349553e-02;4.093295e-02;5.397091e-02
9.385245e-02;1.418810e-01;1.480719e-01;8.904803e-02;5.278937e-02;5.349155e-02;1.477240e-01;6.327765e-02;5.391871e-02;6.434564e-02;5.183850e-02;3.976122e-02
9.936000e-02;1.286002e-01;1.622332e-01;1.002202e-01;7.231352e-02;6.548151e-02;1.092486e-01;7.061236e-02;8.132053e-02;3.656598e-02;3.288049e-02;4.116346e-02
7.914616e-02;1.082639e-01;1.279910e-01;1.229659e-01;6.221185e-02;6.169895e-02;9.519190e-02;9.528070e-02;1.129796e-01;2.729201e-02;6.476355e-02;4.221449e-02
6.854020e-02;7.068463e-02;1.066266e-01;1.073865e-01;5.683961e-02;5.375806e-02;1.435243e-01;1.148371e-01;1.225871e-01;4.038909e-02;9.475496e-02;2.007172e-02
5.295682e-02;7.082682e-02;1.268025e-01;8.619796e-02;7.450207e-02;4.855366e-02;1.424423e-01;1.071208e-01;8.199637e-02;7.088648e-02;9.954336e-02;3.817083e-02
5.708321e-02;6.524868e-02;9.535638e-02;1.255685e-01;7.033916e-02;6.471615e-02;1.303969e-01;1.045223e-01;5.498726e-02;6.432980e-02;1.005157e-01;6.693593e-02
5.415075e-02;6.665485e-02;1.228050e-01;1.100499e-01;6.083680e-02;6.070661e-02;9.937718e-02;9.883445e-02;8.754937e-02;7.538190e-02;8.719755e-02;7.645559e-02
7.739803e-02;1.120135e-01;1.625616e-01;6.962843e-02;6.682351e-02;3.865390e-02;9.821214e-02;9.145661e-02;9.668473e-02;7.212353e-02;5.984424e-02;5.459972e-02
9.415071e-02;1.895972e-01;1.635303e-01;7.466064e-02;7.808980e-02;4.413808e-02;8.355090e-02;6.050542e-02;7.336155e-02;7.178490e-02;3.059499e-02;3.603545e-02
8.276825e-02;1.284007e-01;1.729057e-01;7.389648e-02;6.954118e-02;5.241243e-02;7.538748e-02;5.969576e-02;7.684872e-02;8.207007e-02;5.736398e-02;6.870940e-02
8.826659e-02;7.225189e-02;1.127205e-01;6.566884e-02;8.979699e-02;5.856793e-02;8.165663e-02;9.975540e-02;1.281332e-01;1.036275e-01;5.481571e-02;4.473875e-02
8.521788e-02;7.887594e-02;9.760188e-02;8.949885e-02;9.262560e-02;7.167389e-02;6.514101e-02;1.087538e-01;1.023154e-01;1.131859e-01;5.064203e-02;4.446778e-02
8.112994e-02;7.415182e-02;7.752265e-02;1.047597e-01;9.225871e-02;7.799547e-02;6.917270e-02;1.044827e-01;7.188729e-02;1.162170e-01;6.873771e-02;6.168427e-02
7.117961e-02;6.612950e-02;1.034628e-01;8.440186e-02;1.171090e-01;6.248724e-02;1.233689e-01;7.469448e-02;6.234921e-02;9.592691e-02;7.769065e-02;6.119991e-02
8.420324e-02;6.257332e-02;1.451001e-01;6.673184e-02;9.036580e-02;7.187038e-02;1.432308e-01;6.339479e-02;7.435711e-02;7.343288e-02;5.301077e-02;7.172886e-02
9.577398e-02;5.926527e-02;1.035820e-01;7.790776e-02;7.717326e-02;6.935703e-02;1.320547e-01;8.734842e-02;5.751180e-02;9.650370e-02;5.460475e-02;8.891734e-02
7.763340e-02;7.322568e-02;1.563030e-01;9.357172e-02;6.665467e-02;5.027242e-02;1.496097e-01;7.691916e-02;6.714625e-02;8.903674e-02;3.961892e-02;6.000830e-02
5.618737e-02;6.948217e-02;1.999727e-01;8.048247e-02;6.569824e-02;6.216563e-02;2.306580e-01;5.610082e-02;5.607492e-02;5.584438e-02;2.891402e-02;3.841923e-02
7.855712e-02;7.584847e-02;1.529085e-01;4.555761e-02;5.333416e-02;8.138607e-02;2.491820e-01;5.855560e-02;6.423538e-02;5.892999e-02;3.328162e-02;4.822354e-02
1.294844e-01;7.346991e-02;1.046906e-01;3.217013e-02;8.250698e-02;8.437280e-02;1.984135e-01;5.452893e-02;7.575937e-02;5.261092e-02;3.598569e-02;7.600682e-02
1.768955e-01;4.844288e-02;8.508939e-02;2.461578e-02;1.184045e-01;9.774760e-02;1.195272e-01;3.574689e-02;9.490596e-02;3.997776e-02;2.725990e-02;1.313866e-01
1.761041e-01;2.137406e-02;7.068610e-02;1.584107e-02;1.516845e-01;1.204102e-01;4.172356e-02;1.841961e-02;1.286148e-01;3.276159e-02;2.723687e-02;1.951435e-01
1.007040e-01;1.277769e-02;3.414170e-02;1.462039e-02;1.809770e-01;6.726379e-02;3.325419e-02;2.131482e-02;1.593291e-01;2.102302e-02;4.291825e-02;3.116761e-01
5.175024e-02;1.533314e-02;3.693134e-02;2.540598e-02;1.660462e-01;2.811399e-02;2.371869e-02;4.442720e-02;1.359477e-01;3.094254e-02;1.067225e-01;3.346604e-01
3.054633e-02;2.291229e-02;6.326799e-02;3.685720e-02;1.297840e-01;1.848714e-02;3.165296e-02;7.966493e-02;9.767770e-02;6.955300e-02;1.846657e-01;2.349307e-01
3.429299e-02;3.347788e-02;9.266065e-02;6.038003e-02;9.312158e-02;2.787731e-02;4.913832e-02;9.814245e-02;7.368363e-02;1.006270e-01;2.000739e-01;1.365243e-01
5.942852e-02;4.346569e-02;1.263039e-01;7.541655e-02;6.868140e-02;3.885433e-02;6.594262e-02;9.071655e-02;6.938833e-02;1.119698e-01;1.669126e-01;8.291975e-02
9.689496e-02;4.418450e-02;1.493029e-01;3.302347e-02;1.410623e-01;2.432494e-02;5.150026e-02;1.202658e-01;1.330557e-01;5.067733e-02;3.325142e-02;1.224564e-01
8.200791e-02;7.611093e-02;1.221914e-01;4.816525e-02;1.467543e-01;8.097424e-02;7.551924e-02;8.528291e-02;8.590099e-02;6.009009e-02;4.577918e-02;9.122352e-02
4.869557e-02;1.218654e-01;2.229071e-01;3.861844e-02;5.962099e-02;1.468084e-01;6.262569e-02;3.015175e-02;1.195150e-01;5.359539e-02;3.246507e-02;6.313116e-02
1.939730e-02;8.100952e-02;3.387211e-01;5.081613e-02;4.468120e-02;1.215183e-01;1.044515e-01;1.733278e-02;9.657151e-02;7.449236e-02;2.063492e-02;3.037340e-02
1.271800e-02;3.612043e-02;3.846663e-01;9.227688e-02;4.256498e-02;4.159611e-02;1.434198e-01;1.961261e-02;5.464068e-02;1.227950e-01;3.605580e-02;1.353342e-02
8.460944e-03;1.475011e-02;3.542149e-01;1.719862e-01;3.432748e-02;1.333009e-02;1.171782e-01;4.406486e-02;3.577486e-02;1.284224e-01;6.801060e-02;9.479425e-03
8.253631e-03;6.734272e-03;3.101194e-01;2.509556e-01;2.649909e-02;1.483903e-02;5.062626e-02;8.945245e-02;2.100075e-02;9.367426e-02;1.170941e-01;1.075122e-02
1.374999e-02;7.124412e-03;3.050714e-01;2.491861e-01;1.883047e-02;1.449722e-02;3.713967e-02;1.022712e-01;1.383831e-02;8.259912e-02;1.489747e-01;6.717499e-03
1.835155e-02;1.635315e-02;3.018588e-01;2.129551e-01;3.200838e-02;2.251939e-02;5.421722e-02;8.095881e-02;1.341113e-02;7.957604e-02;1.542971e-01;1.349330e-02
2.130794e-02;3.744651e-02;2.567614e-01;1.848245e-01;5.908651e-02;3.237385e-02;5.392738e-02;1.183801e-01;2.089619e-02;5.690535e-02;1.313962e-01;2.669406e-02
4.210148e-02;7.139640e-02;2.143718e-01;1.404590e-01;8.120691e-02;4.384420e-02;7.047234e-02;1.426814e-01;2.344201e-02;3.976262e-02;9.671932e-02;3.354251e-02
9.080780e-02;1.420888e-01;1.401554e-01;7.118911e-02;7.982744e-02;7.958817e-02;8.461872e-02;1.011935e-01;9.744656e-02;6.757513e-02;2.159263e-02;2.391674e-02
3.802833e-02;7.265608e-02;2.267503e-01;1.040607e-01;5.180932e-02;7.384851e-02;7.158189e-02;3.690807e-02;9.744375e-02;1.247020e-01;7.985755e-02;2.235342e-02
1.632806e-02;3.513705e-02;1.875067e-01;1.425453e-01;5.353423e-02;4.983564e-02;7.493090e-02;6.842975e-02;5.728634e-02;1.107230e-01;1.709751e-01;3.276790e-02
9.924006e-03;1.769226e-02;1.367491e-01;1.819812e-01;5.622101e-02;3.328790e-02;5.026823e-02;1.006938e-01;2.786390e-02;4.761808e-02;2.955321e-01;4.216836e-02
1.231404e-02;9.371472e-03;1.414592e-01;1.764747e-01;3.494513e-02;1.739554e-02;3.564946e-02;8.429731e-02;9.325555e-03;7.263029e-02;3.803258e-01;2.581158e-02
2.525779e-02;8.706238e-03;2.027405e-01;1.145821e-01;1.645901e-02;9.127373e-03;7.680283e-02;3.696760e-02;1.411589e-02;1.689621e-01;3.170691e-01;9.209422e-03
2.392332e-02;7.604418e-03;2.373003e-01;5.759822e-02;1.192164e-02;3.759027e-03;1.395033e-01;2.137286e-02;2.331186e-02;2.825185e-01;1.798562e-01;1.133040e-02
1.430262e-02;1.336453e-02;2.713014e-01;3.081624e-02;1.322269e-02;4.309371e-03;1.717669e-01;1.472151e-02;2.041920e-02;3.652779e-01;7.333661e-02;7.161051e-03
8.686434e-03;2.241098e-02;3.170795e-01;1.415070e-02;1.704109e-02;3.623254e-03;1.585118e-01;9.736618e-03;2.836942e-02;3.860973e-01;2.624990e-02;8.043060e-03
2.603235e-02;4.715605e-02;3.293505e-01;1.459976e-02;2.178858e-02;7.858675e-03;1.255662e-01;1.475503e-02;5.230512e-02;3.334706e-01;1.949921e-02;7.617890e-03
4.913633e-02;7.626185e-02;2.793063e-01;2.198444e-02;2.916024e-02;1.931803e-02;1.074633e-01;3.099418e-02;9.060294e-02;2.453001e-01;3.484238e-02;1.562990e-02
5.008356e-02;1.015783e-01;2.801433e-01;3.131016e-02;3.443477e-02;2.794280e-02;9.042120e-02;5.003904e-02;9.204670e-02;1.632551e-01;5.516751e-02;2.357757e-02
1.223005e-02;1.110367e-01;4.860134e-01;2.598668e-02;2.093013e-02;5.161146e-02;7.562559e-02;3.934161e-02;4.876005e-02;6.390072e-02;3.592778e-02;2.863589e-02
2.309099e-02;1.155014e-01;5.429700e-01;2.751056e-02;7.351477e-03;6.958403e-02;6.994917e-02;3.246811e-02;3.463487e-02;2.614314e-02;2.447773e-02;2.631849e-02
3.292172e-02;8.539060e-02;5.223702e-01;3.768733e-02;1.830785e-02;7.617205e-02;6.263123e-02;4.178315e-02;2.970432e-02;4.410205e-02;2.399458e-02;2.493495e-02
2.754010e-02;5.042664e-02;4.386654e-01;6.399021e-02;4.973542e-02;6.350023e-02;9.282434e-02;3.108806e-02;3.969337e-02;6.986230e-02;5.385743e-02;1.881655e-02
1.674267e-02;2.949171e-02;3.469260e-01;1.609214e-01;6.228520e-02;4.372123e-02;9.105241e-02;2.098861e-02;2.793295e-02;7.067645e-02;1.133372e-01;1.592414e-02
1.133821e-02;1.754444e-02;2.285964e-01;3.397096e-01;5.109511e-02;2.157696e-02;4.894272e-02;2.515500e-02;1.143195e-02;3.928263e-02;1.918931e-01;1.343383e-02
5.416558e-03;8.745931e-03;1.554165e-01;4.815041e-01;4.345254e-02;1.384472e-02;1.412440e-02;1.904994e-02;6.335348e-03;6.047203e-03;2.354995e-01;1.056320e-02
2.279270e-03;4.512112e-03;1.315182e-01;5.300432e-01;4.008098e-02;1.292673e-02;5.520551e-03;1.064146e-02;7.180543e-03;1.559148e-02;2.339688e-01;5.736714e-03
2.942595e-03;4.653800e-03;1.024820e-01;5.471796e-01;6.131526e-02;1.342727e-02;5.672697e-03;1.097588e-02;4.980505e-03;1.683381e-02;2.205327e-01;9.003923e-03
5.007144e-03;8.826878e-03;8.874728e-02;4.980913e-01;1.223854e-01;2.098019e-02;5.609416e-03;2.731788e-02;7.206597e-03;1.379836e-02;1.873280e-01;1.470159e-02
5.678785e-03;9.554521e-03;7.322954e-02;4.238380e-01;1.589444e-01;3.450652e-02;1.161903e-02;7.066430e-02;1.306603e-02;8.180222e-03;1.765044e-01;1.421432e-02
2.549666e-03;7.115645e-03;6.930630e-02;3.482001e-01;1.178412e-01;3.512769e-02;1.436423e-02;1.390003e-01;3.991997e-02;1.407149e-02;1.904296e-01;2.207376e-02
4.255857e-03;2.043850e-02;5.777572e-02;2.731958e-01;8.409619e-02;1.855300e-02;7.654619e-03;1.849210e-01;9.937727e-02;2.894597e-02;1.842507e-01;3.653536e-02
3.835441e-03;4.566606e-02;6.322111e-02;2.523966e-01;8.786961e-02;1.722501e-02;1.357273e-02;1.547244e-01;9.549388e-02;3.940995e-02;1.445770e-01;8.200829e-02
8.505241e-03;7.108813e-02;1.725040e-01;2.581683e-01;7.894741e-02;2.732648e-02;2.699780e-02;1.222945e-01;3.136627e-02;3.173898e-02;8.781942e-02;8.324347e-02
2.238115e-02;7.834760e-02;2.481033e-01;2.080092e-01;1.095896e-01;4.034751e-02;4.241543e-02;1.075818e-01;2.888950e-02;2.124101e-02;5.225419e-02;4.083965e-02
4.290160e-02;7.832381e-02;2.441271e-01;1.413289e-01;1.528711e-01;6.514349e-02;6.843884e-02;7.265633e-02;5.062385e-02;1.707962e-02;2.796607e-02;3.853926e-02
5.156149e-02;5.764271e-02;1.693640e-01;7.005295e-02;1.933475e-01;1.060521e-01;1.398554e-01;5.883998e-02;7.110599e-02;1.820038e-02;1.612082e-02;4.785673e-02
4.437657e-02;2.629655e-02;1.629456e-01;5.593501e-02;1.685753e-01;1.311514e-01;1.824413e-01;1.121089e-01;4.784105e-02;2.387971e-02;1.294394e-02;3.150458e-02
2.751716e-02;2.756420e-02;2.745973e-01;5.078690e-02;1.335376e-01;1.006914e-01;1.856164e-01;8.952866e-02;3.835030e-02;2.723665e-02;1.686014e-02;2.771325e-02
3.308488e-02;3.846499e-02;3.292636e-01;6.018208e-02;9.220059e-02;6.676865e-02;1.804824e-01;6.024859e-02;4.161169e-02;3.989223e-02;2.572121e-02;3.207905e-02
4.700130e-02;3.047962e-02;3.138885e-01;8.207972e-02;6.745228e-02;6.287588e-02;1.644829e-01;6.887198e-02;4.653337e-02;3.957464e-02;3.905487e-02;3.770492e-02
3.874763e-02;5.801240e-02;2.318166e-01;1.871594e-01;9.727874e-02;6.504156e-02;7.111620e-02;7.260461e-02;6.181372e-02;4.620272e-02;3.606434e-02;3.414214e-02
5.256693e-02;6.370390e-02;1.657030e-01;1.877470e-01;1.240487e-01;6.003409e-02;6.421766e-02;7.380784e-02;3.699049e-02;4.889808e-02;4.391856e-02;7.836373e-02
8.738603e-02;7.268485e-02;1.836432e-01;1.077161e-01;8.669498e-02;3.929207e-02;1.086692e-01;7.838358e-02;9.078114e-02;4.056814e-02;6.050389e-02;4.367684e-02
7.264641e-02;1.098464e-01;9.919085e-02;7.657561e-02;5.367631e-02;5.707872e-02;1.225195e-01;8.195206e-02;1.236401e-01;7.071782e-02;5.070858e-02;8.144765e-02
9.610858e-02;1.116064e-01;1.448372e-01;7.487217e-02;5.204609e-02;8.644078e-02;1.271731e-01;6.876004e-02;6.691682e-02;6.263749e-02;5.900884e-02;4.959248e-02
1.116214e-01;8.267390e-02;1.431640e-01;5.013286e-02;4.917135e-02;6.378283e-02;2.036149e-01;7.217260e-02;5.163013e-02;5.628496e-02;5.428019e-02;6.147089e-02
1.015111e-01;6.151737e-02;1.540585e-01;5.330209e-02;5.644664e-02;5.655822e-02;2.239007e-01;6.766572e-02;6.605201e-02;6.135985e-02;4.529463e-02;5.233317e-02
8.530700e-02;4.505828e-02;1.738730e-01;6.011618e-02;7.033367e-02;6.397088e-02;2.319892e-01;5.778240e-02;6.952380e-02;6.383898e-02;3.758936e-02;4.061729e-02
7.213554e-02;3.772045e-02;1.850163e-01;6.309673e-02;8.527636e-02;7.753230e-02;2.237307e-01;5.164284e-02;6.590907e-02;6.013513e-02;3.925477e-02;3.854975e-02
5.005859e-02;4.757345e-02;2.282791e-01;6.040592e-02;7.743841e-02;7.648538e-02;1.853618e-01;7.543212e-02;5.921445e-02;6.288338e-02;4.386807e-02;3.299924e-02
5.433086e-02;7.509361e-02;3.735319e-01;4.945106e-02;5.075534e-02;5.417869e-02;8.949428e-02;6.631468e-02;6.254543e-02;8.541207e-02;2.449026e-02;1.440173e-02
1.175705e-01;1.296406e-01;2.848533e-01;2.313169e-02;2.040814e-02;4.259227e-02;9.265482e-02;9.138966e-02;7.037844e-02;9.649293e-02;1.588856e-02;1.499905e-02
2.218928e-01;1.420392e-01;1.836534e-01;1.857245e-02;2.769968e-02;3.494679e-02;1.040620e-01;8.116392e-02;5.969504e-02;8.394279e-02;1.449996e-02;2.783187e-02
2.994197e-01;9.554008e-02;1.050294e-01;2.038274e-02;2.445083e-02;6.757075e-02;8.224644e-02;9.533619e-02;8.020011e-02;5.739439e-02;1.933790e-02;5.309149e-02
3.178981e-01;6.257438e-02;1.058242e-01;2.357712e-02;1.697628e-02;8.182166e-02;4.983735e-02;7.335662e-02;9.546384e-02;7.225113e-02;2.520888e-02;7.521040e-02
2.786889e-01;7.567766e-02;1.789369e-01;1.982600e-02;1.842605e-02;6.403118e-02;6.223958e-02;4.983891e-02;7.306751e-02;6.617042e-02;3.996570e-02;7.313124e-02
2.214976e-01;5.915457e-02;2.135485e-01;2.106688e-02;3.040107e-02;4.386203e-02;7.734998e-02;9.308989e-02;4.080396e-02;7.330564e-02;5.584016e-02;7.007977e-02
1.882227e-01;4.984599e-02;1.379454e-01;4.910282e-02;5.308071e-02;7.052033e-02;9.969658e-02;1.285015e-01;6.736121e-02;7.164421e-02;3.895533e-02;4.512326e-02
1.026018e-01;4.919038e-02;8.855285e-02;8.927354e-02;6.424855e-02;9.493880e-02;1.204288e-01;1.180512e-01;9.847056e-02;1.111514e-01;3.681587e-02;2.627622e-02
5.207431e-02;4.926848e-02;8.275987e-02;8.373833e-02;8.263469e-02;7.811300e-02;1.001574e-01;1.589178e-01;9.855960e-02;1.507486e-01;3.613668e-02;2.689126e-02
4.181616e-02;4.529784e-02;7.304300e-02;8.746172e-02;9.849509e-02;7.056105e-02;1.510912e-01;1.539119e-01;6.901305e-02;1.448343e-01;3.651053e-02;2.796411e-02
5.781564e-02;5.467015e-02;1.104871e-01;7.623371e-02;1.009933e-01;1.134097e-01;1.343516e-01;7.148586e-02;1.041381e-01;1.062219e-01;3.187864e-02;3.831442e-02
6.853966e-02;4.022252e-02;1.039212e-01;6.811394e-02;1.034924e-01;1.129666e-01;1.187612e-01;8.690172e-02;1.200626e-01;9.415662e-02;4.211246e-02;4.074901e-02
6.828799e-02;2.198105e-02;1.058408e-01;7.714479e-02;1.293231e-01;7.477172e-02;1.230740e-01;9.972972e-02;1.157985e-01;1.017653e-01;3.676794e-02;4.551516e-02
6.149668e-02;4.889274e-02;9.079429e-02;6.476763e-02;1.488055e-01;9.036688e-02;1.202606e-01;1.064847e-01;9.205677e-02;9.363651e-02;2.676318e-02;5.567449e-02
5.459807e-02;5.657224e-02;5.181877e-02;8.850603e-02;1.249960e-01;7.479964e-02;9.269294e-02;7.993022e-02;1.305818e-01;1.129608e-01;8.626626e-02;4.627732e-02
5.005962e-02;5.650044e-02;6.754346e-02;1.147872e-01;6.885371e-02;7.475724e-02;7.936423e-02;7.772589e-02;1.453013e-01;1.320108e-01;9.737071e-02;3.572539e-02
4.260513e-02;6.306322e-02;7.476611e-02;8.751024e-02;4.341169e-02;8.306742e-02;8.824944e-02;9.385879e-02;1.837226e-01;9.173696e-02;8.350690e-02;6.450156e-02
5.145084e-02;4.145104e-02;7.653874e-02;5.704032e-02;5.371686e-02;8.872224e-02;1.126060e-01;5.713530e-02;2.116677e-01;9.266660e-02;8.782639e-02;6.917789e-02
5.130088e-02;4.376914e-02;7.929917e-02;5.034655e-02;6.695458e-02;6.707716e-02;1.262062e-01;1.025145e-01;2.116488e-01;8.137771e-02;6.000062e-02;5.950458e-02
5.696322e-02;8.374911e-02;7.013124e-02;7.140378e-02;7.286167e-02;4.406274e-02;1.394852e-01;1.226086e-01;1.969967e-01;4.309327e-02;5.047729e-02;4.816709e-02
6.926049e-02;8.784828e-02;7.610612e-02;7.674754e-02;1.041143e-01;6.613469e-02;1.813169e-01;7.589468e-02;1.155765e-01;6.865247e-02;4.403186e-02;3.431619e-02
7.183854e-02;6.434070e-02;8.500747e-02;6.348880e-02;1.513703e-01;1.326409e-01;1.951870e-01;8.387732e-02;5.143066e-02;5.884103e-02;2.337305e-02;1.860413e-02
4.917243e-02;6.141528e-02;8.826251e-02;9.049841e-02;1.664422e-01;1.514649e-01;2.124042e-01;6.021292e-02;4.562628e-02;3.301855e-02;2.496004e-02;1.652219e-02
4.180587e-02;8.572470e-02;1.301787e-01;1.222445e-01;1.101466e-01;9.153741e-02;1.883282e-01;5.742906e-02;6.577981e-02;3.463535e-02;2.750122e-02;4.468872e-02
7.538011e-02;1.003707e-01;1.717189e-01;1.037871e-01;8.583132e-02;4.609068e-02;1.294473e-01;4.990904e-02;6.973598e-02;5.268477e-02;3.501776e-02;8.002637e-02
8.997253e-02;1.185071e-01;1.449734e-01;1.919983e-01;7.632271e-02;2.920935e-02;8.887909e-02;3.862878e-02;3.813703e-02;4.995734e-02;3.880932e-02;9.460501e-02
5.402786e-02;1.179640e-01;1.105227e-01;3.044494e-01;9.028089e-02;4.673114e-02;5.820728e-02;3.238797e-02;3.402293e-02;2.697198e-02;4.967333e-02;7.476043e-02
7.542686e-02;6.292142e-02;1.760109e-01;2.431547e-01;7.601044e-02;5.443754e-02;3.774865e-02;2.510387e-02;4.283366e-02;5.146806e-02;7.628149e-02;7.860243e-02
1.424603e-01;1.087812e-01;2.604795e-01;7.784434e-02;2.495284e-02;4.165101e-02;4.235098e-02;1.787180e-02;3.048082e-02;5.488503e-02;8.685809e-02;1.113841e-01
8.399304e-02;6.947809e-02;2.656980e-01;5.467841e-02;5.883273e-02;4.406456e-02;6.643334e-02;3.924916e-02;6.424284e-02;8.199728e-02;2.827962e-02;1.430529e-01
1.938965e-01;1.150184e-01;1.616678e-01;5.216126e-02;4.300593e-02;3.974136e-02;9.229412e-02;5.421540e-02;4.211613e-02;6.797684e-02;7.083213e-02;6.707422e-02
2.215040e-01;1.205177e-01;1.391556e-01;4.413976e-02;2.892433e-02;3.994939e-02;7.217454e-02;5.875994e-02;5.414585e-02;5.279854e-02;8.250796e-02;8.542242e-02
2.026011e-01;1.072705e-01;1.238202e-01;3.788337e-02;2.411609e-02;3.621997e-02;5.524543e-02;5.148760e-02;4.619863e-02;7.726634e-02;1.289053e-01;1.089854e-01
1.669683e-01;8.738068e-02;9.517939e-02;3.396308e-02;2.423777e-02;3.089986e-02;4.402944e-02;4.548388e-02;3.254076e-02;1.290713e-01;1.985649e-01;1.116806e-01
1.030307e-01;5.834039e-02;4.700578e-02;2.294405e-02;2.453063e-02;2.769527e-02;2.714737e-02;3.948864e-02;1.725281e-02;2.737090e-01;2.809891e-01;7.786633e-02
1.602745e-02;2.238002e-02;1.723788e-02;9.292413e-03;3.420519e-02;3.033441e-02;1.765322e-02;2.306083e-02;4.262216e-02;5.091459e-01;2.535041e-01;2.453637e-02
1.437391e-02;1.258097e-02;1.912935e-02;1.885272e-02;4.126775e-02;2.273736e-02;3.838827e-02;2.624060e-02;1.308157e-01;4.476174e-01;1.938973e-01;3.409863e-02
2.278817e-02;1.099745e-02;3.067970e-02;4.015814e-02;3.276737e-02;2.073130e-02;1.033461e-01;5.177861e-02;1.769804e-01;2.399068e-01;2.056738e-01;6.419215e-02
2.879775e-02;2.119752e-02;5.630792e-02;6.604589e-02;3.106409e-02;2.960516e-02;1.740053e-01;7.758194e-02;1.784134e-01;8.913468e-02;1.623157e-01;8.553071e-02
4.977730e-02;5.485816e-02;7.825199e-02;7.342930e-02;4.843568e-02;6.031680e-02;1.984013e-01;9.234352e-02;1.006440e-01;9.216520e-02;6.148026e-02;8.989652e-02
6.747184e-02;9.295782e-02;9.461215e-02;3.281986e-02;6.261825e-02;7.091039e-02;1.303327e-01;1.017463e-01;7.803387e-02;1.473060e-01;4.247748e-02;7.871339e-02
8.206846e-02;8.859489e-02;7.775399e-02;5.639821e-02;5.956501e-02;3.983558e-02;1.205925e-01;1.176994e-01;9.146658e-02;1.580736e-01;3.926580e-02;6.868585e-02
6.729984e-02;7.314743e-02;6.014803e-02;9.253904e-02;4.579442e-02;5.348968e-02;1.159100e-01;1.152112e-01;1.231590e-01;1.476101e-01;6.324212e-02;4.244917e-02
6.110801e-02;5.793102e-02;9.194688e-02;7.217571e-02;7.890024e-02;7.414194e-02;9.815730e-02;8.832312e-02;1.348654e-01;1.641813e-01;5.384828e-02;2.442075e-02
4.441375e-02;4.326690e-02;1.527562e-01;5.376036e-02;1.054617e-01;7.646581e-02;1.067529e-01;8.215227e-02;1.132123e-01;1.167066e-01;5.323261e-02;5.181861e-02
5.358863e-02;5.492894e-02;2.040792e-01;5.222963e-02;9.989645e-02;5.825274e-02;1.363195e-01;6.768087e-02;6.719577e-02;8.961624e-02;6.642085e-02;4.979121e-02
6.800735e-02;5.714570e-02;2.401042e-01;4.386342e-02;8.605304e-02;4.269461e-02;1.437668e-01;5.278130e-02;5.260045e-02;9.518128e-02;7.681753e-02;4.098433e-02
8.808108e-02;6.013274e-02;2.276764e-01;4.628938e-02;6.547953e-02;4.180179e-02;1.287564e-01;4.202753e-02;8.423748e-02;9.845541e-02;8.188789e-02;3.517438e-02
8.201028e-02;4.688630e-02;1.072007e-01;5.782820e-02;3.290873e-02;3.133214e-02;1.755450e-01;3.994225e-02;1.615564e-01;1.508773e-01;7.682747e-02;3.708521e-02
4.937252e-02;1.850164e-02;3.440755e-02;1.100762e-01;2.095758e-02;3.860641e-02;1.942206e-01;4.461063e-02;2.452022e-01;1.744906e-01;5.564291e-02;1.391112e-02
5.151564e-02;1.272004e-02;1.820952e-02;1.521031e-01;2.047393e-02;6.135184e-02;1.530703e-01;4.927624e-02;2.409540e-01;1.737410e-01;5.430308e-02;1.228135e-02
6.782480e-02;1.503891e-02;3.283329e-02;1.550178e-01;1.951145e-02;5.220598e-02;1.724643e-01;6.233230e-02;1.962605e-01;1.427045e-01;5.026050e-02;3.354573e-02
9.128704e-02;2.610518e-02;6.657306e-02;1.122503e-01;2.060774e-02;4.412604e-02;2.091072e-01;9.032261e-02;1.606081e-01;8.715057e-02;4.162624e-02;5.023588e-02
1.199951e-01;3.042250e-02;9.571344e-02;1.104325e-01;3.935976e-02;3.730658e-02;1.743622e-01;1.011199e-01;1.090136e-01;1.062219e-01;2.650698e-02;4.954555e-02
1.286755e-01;4.468422e-02;6.866826e-02;8.462935e-02;9.153464e-02;5.369039e-02;6.003755e-02;3.891763e-02;4.086546e-02;1.643788e-01;1.367886e-01;8.712956e-02
1.995421e-01;1.063626e-01;6.086047e-02;2.266326e-02;5.537733e-02;4.923829e-02;4.775077e-02;4.913823e-02;5.282876e-02;1.005204e-01;1.414333e-01;1.142846e-01
2.880511e-01;1.374669e-01;7.705531e-02;2.359370e-02;3.210461e-02;2.918385e-02;4.069088e-02;6.986255e-02;5.377136e-02;5.316272e-02;9.493706e-02;1.001200e-01
3.773189e-01;1.218446e-01;5.811798e-02;2.502357e-02;2.409187e-02;1.390196e-02;2.925638e-02;9.349002e-02;4.525314e-02;3.347438e-02;5.683382e-02;1.213933e-01
3.485806e-01;5.718575e-02;2.257626e-02;2.474550e-02;1.684517e-02;9.001053e-03;5.727872e-02;8.068628e-02;2.636769e-02;2.494772e-02;5.394354e-02;2.778417e-01
1.573105e-01;1.785192e-02;2.838785e-02;2.443310e-02;7.822848e-03;3.120996e-02;7.207791e-02;3.036322e-02;2.751591e-02;3.300681e-02;1.915184e-01;3.785017e-01
4.595988e-02;1.540419e-02;4.931674e-02;1.536665e-02;1.012357e-02;6.049683e-02;4.084799e-02;2.361786e-02;4.170031e-02;9.809648e-02;3.502812e-01;2.487883e-01
2.266136e-02;4.827228e-02;3.908073e-02;8.480567e-03;4.108430e-02;5.511473e-02;1.724634e-02;4.887468e-02;7.202501e-02;2.627029e-01;3.131981e-01;7.125889e-02
3.774928e-02;5.515663e-02;1.892164e-02;2.946820e-02;5.550543e-02;2.189830e-02;5.776500e-02;8.564033e-02;1.890146e-01;3.103390e-01;1.206394e-01;1.790218e-02
4.633599e-02;3.360457e-02;4.282422e-02;4.492169e-02;3.798430e-02;2.744875e-02;1.267916e-01;1.200298e-01;2.584313e-01;1.873709e-01;4.658125e-02;2.767565e-02
4.213677e-02;3.585520e-02;7.648354e-02;4.389935e-02;3.690292e-02;6.274092e-02;1.768483e-01;1.443411e-01;2.193793e-01;8.984174e-02;3.257176e-02;3.899914e-02
6.557658e-02;5.412418e-02;1.207650e-01;4.097344e-02;7.805007e-02;1.121184e-01;1.527109e-01;1.297732e-01;9.110403e-02;6.188100e-02;4.189351e-02;5.102972e-02
1.113140e-01;5.973861e-02;1.145418e-01;4.895040e-02;1.013510e-01;8.729103e-02;9.202888e-02;7.158206e-02;7.992126e-02;8.902816e-02;9.097290e-02;5.327984e-02
9.766185e-02;4.703497e-02;8.938432e-02;6.290868e-02;1.042494e-01;5.326920e-02;8.689769e-02;6.653170e-02;7.147351e-02;1.156536e-01;1.120154e-01;9.291962e-02
5.309036e-02;7.549612e-02;9.466265e-02;5.447757e-02;1.119931e-01;7.195257e-02;5.687985e-02;4.718579e-02;1.358349e-01;8.944141e-02;9.895397e-02;1.100317e-01
8.414194e-02;9.943385e-02;1.047075e-01;5.992181e-02;6.761970e-02;8.244317e-02;1.010077e-01;5.300902e-02;1.159101e-01;9.301121e-02;3.530284e-02;1.034911e-01
8.455805e-02;1.288310e-01;6.600057e-02;3.661278e-02;4.474839e-02;6.337275e-02;2.487525e-01;8.520287e-02;7.355028e-02;5.902910e-02;3.695917e-02;7.238253e-02
1.922137e-01;1.096694e-01;3.920922e-02;2.055411e-02;3.619617e-02;1.155329e-01;2.767619e-01;6.481095e-02;3.395740e-02;5.476694e-02;3.218828e-02;2.413910e-02
3.026600e-01;7.607716e-02;2.390722e-02;1.519732e-02;3.398782e-02;1.717109e-01;1.973565e-01;3.622201e-02;2.134785e-02;6.081135e-02;1.962983e-02;4.109204e-02
3.155369e-01;2.934159e-02;2.872732e-02;1.402317e-02;5.916568e-02;1.749122e-01;1.042034e-01;2.454551e-02;4.989499e-02;5.484973e-02;9.652941e-03;1.351466e-01
1.951635e-01;5.632239e-03;4.204259e-02;1.305354e-02;1.255829e-01;1.069482e-01;5.379667e-02;1.427243e-02;1.065443e-01;2.687530e-02;1.402753e-02;2.960608e-01
6.757018e-02;8.005492e-03;3.948328e-02;3.008699e-02;1.678625e-01;4.076716e-02;3.801878e-02;8.263314e-03;1.291812e-01;1.284656e-02;5.283040e-02;4.050841e-01
1.761723e-02;2.251311e-02;4.467262e-02;7.222115e-02;1.446811e-01;1.913164e-02;2.765044e-02;2.314715e-02;9.334796e-02;2.320162e-02;1.507478e-01;3.610682e-01
1.134343e-02;3.927286e-02;9.872605e-02;1.306103e-01;8.893612e-02;1.658197e-02;1.208348e-02;5.402149e-02;3.673242e-02;4.449876e-02;2.522994e-01;2.148937e-01
1.716039e-02;4.838968e-02;2.015577e-01;1.498530e-01;5.787677e-02;2.132327e-02;1.195681e-02;6.940553e-02;1.639164e-02;5.554859e-02;2.705555e-01;7.998116e-02
2.602085e-02;5.851688e-02;3.140796e-01;1.207193e-01;5.306389e-02;2.759657e-02;2.415876e-02;5.385208e-02;2.538323e-02;5.097554e-02;2.048745e-01;4.075880e-02
5.012810e-02;1.083893e-01;3.786847e-01;5.571627e-02;5.101226e-02;3.142668e-02;3.009158e-02;4.057626e-02;4.535951e-02;4.566909e-02;1.143682e-01;4.857808e-02
1.078625e-01;1.612791e-01;2.505657e-01;5.839782e-02;3.866902e-02;3.364696e-02;2.980015e-02;5.534798e-02;1.011796e-01;5.186589e-02;4.363748e-02;6.774781e-02
1.499232e-01;1.335105e-01;2.044287e-01;6.975018e-02;3.289611e-02;2.872428e-02;3.555715e-02;6.650895e-02;9.370057e-02;2.940934e-02;6.191246e-02;9.367853e-02
1.206041e-01;6.674074e-02;1.778215e-01;7.222873e-02;4.492316e-02;4.256810e-02;6.852914e-02;6.984919e-02;4.828225e-02;3.847971e-02;7.987772e-02;1.700957e-01
9.015971e-02;5.869340e-02;9.816775e-02;6.727246e-02;6.338254e-02;3.564307e-02;6.978443e-02;5.990851e-02;4.015458e-02;6.687604e-02;1.405826e-01;2.093749e-01
6.464624e-02;5.925538e-02;1.423779e-01;7.757117e-02;5.980070e-02;6.869061e-02;8.112735e-02;6.126474e-02;2.751042e-02;7.456744e-02;1.442036e-01;1.389844e-01
3.674436e-02;8.286384e-02;2.041091e-01;8.645003e-02;7.754161e-02;9.046063e-02;1.113062e-01;6.570365e-02;5.137104e-02;7.398690e-02;6.819685e-02;5.126573e-02
1.202044e-01;1.289136e-01;3.057917e-01;8.496044e-02;5.514608e-02;5.242567e-02;5.170920e-02;3.321532e-02;3.437420e-02;4.090341e-02;4.580778e-02;4.654815e-02
1.568164e-01;1.892628e-01;3.133028e-01;9.900223e-02;3.486017e-02;2.547501e-02;1.854371e-02;2.173140e-02;5.270755e-02;3.050225e-02;2.920676e-02;2.858893e-02
1.082890e-01;2.374310e-01;3.323370e-01;8.766198e-02;3.412351e-02;4.258287e-02;9.182700e-03;1.985850e-02;6.816199e-02;2.158054e-02;1.443033e-02;2.436058e-02
9.193304e-02;2.817622e-01;3.222118e-01;4.305890e-02;2.958667e-02;7.169124e-02;1.360475e-02;1.706890e-02;8.141162e-02;2.228153e-02;4.811280e-03;2.057804e-02
1.638433e-01;2.983142e-01;2.243469e-01;3.049587e-02;2.051310e-02;7.235029e-02;3.795112e-02;1.971348e-02;7.576380e-02;3.617352e-02;7.412119e-03;1.312234e-02
2.920817e-01;2.813271e-01;1.333825e-01;1.797736e-02;3.128155e-02;4.008560e-02;6.201478e-02;4.019829e-02;3.547793e-02;3.853730e-02;1.150409e-02;1.613179e-02
4.059690e-01;2.221841e-01;6.805918e-02;7.031050e-03;3.826715e-02;2.597685e-02;6.167698e-02;6.661850e-02;2.904244e-02;2.628782e-02;1.235450e-02;3.653250e-02
4.146926e-01;1.408915e-01;3.245237e-02;1.780892e-02;2.532842e-02;5.071943e-02;7.873270e-02;6.665437e-02;4.165470e-02;4.149495e-02;1.235559e-02;7.721446e-02
3.008560e-01;6.361885e-02;1.436430e-02;2.990639e-02;1.924021e-02;5.967579e-02;1.914320e-01;6.559078e-02;3.561347e-02;6.225336e-02;2.507192e-02;1.323768e-01
1.549482e-01;2.119908e-02;2.921502e-02;2.660604e-02;4.246449e-02;7.054466e-02;2.521817e-01;8.697517e-02;6.563622e-02;5.445189e-02;5.809137e-02;1.376861e-01
5.996463e-02;1.870281e-02;5.914782e-02;1.160970e-02;4.685380e-02;1.571392e-01;1.586675e-01;7.012358e-02;1.299744e-01;1.020622e-01;1.014288e-01;8.432556e-02
3.250575e-02;9.355914e-03;6.163820e-02;1.068394e-02;3.006960e-02;2.854459e-01;8.771388e-02;3.115512e-02;1.271997e-01;1.526056e-01;1.345773e-01;3.704906e-02
3.261565e-02;1.494386e-02;4.302001e-02;2.496639e-02;4.071669e-02;3.442174e-01;1.086121e-01;1.651663e-02;6.955938e-02;1.399990e-01;1.408735e-01;2.395936e-02
3.349275e-02;2.402408e-02;3.056054e-02;3.669396e-02;6.296511e-02;3.237195e-01;1.688398e-01;3.509091e-02;3.050769e-02;9.989103e-02;1.382972e-01;1.591735e-02
5.144978e-02;3.230456e-02;6.098724e-02;4.193966e-02;7.364784e-02;2.625480e-01;1.324441e-01;5.251978e-02;2.542485e-02;8.701248e-02;1.433786e-01;3.634310e-02
7.654098e-02;3.089728e-02;9.588584e-02;4.834095e-02;7.247324e-02;1.851297e-01;1.118021e-01;4.927432e-02;4.136592e-02;7.929404e-02;1.405388e-01;6.845675e-02
6.698234e-02;3.021877e-02;9.940650e-02;4.256154e-02;6.169253e-02;1.263285e-01;1.337762e-01;5.853279e-02;6.904590e-02;1.211002e-01;1.179961e-01;7.235853e-02
7.925612e-02;3.800838e-02;1.155145e-01;3.725510e-02;6.706187e-02;9.281048e-02;1.840350e-01;9.125221e-02;7.222974e-02;1.110833e-01;8.621529e-02;2.527792e-02
6.892256e-02;4.325087e-02;1.688186e-01;5.252151e-02;7.755040e-02;8.238047e-02;1.640700e-01;8.296697e-02;3.816592e-02;9.276212e-02;9.467728e-02;3.391334e-02
9.378196e-02;7.414325e-02;1.351550e-01;5.374369e-02;8.212831e-02;8.096188e-02;1.433419e-01;7.675771e-02;4.733484e-02;7.576746e-02;8.634882e-02;5.053510e-02
7.023914e-02;9.994123e-02;1.498338e-01;5.485169e-02;9.732223e-02;5.960974e-02;1.856394e-01;7.423422e-02;3.354250e-02;6.352192e-02;7.145380e-02;3.981045e-02
3.903092e-02;1.004767e-01;2.068770e-01;5.259918e-02;1.064427e-01;5.440311e-02;2.330008e-01;7.259197e-02;2.623026e-02;4.448203e-02;4.471435e-02;1.915096e-02
6.658573e-02;7.586288e-02;1.826619e-01;6.171735e-02;8.708882e-02;5.971095e-02;2.420744e-01;6.785693e-02;4.235724e-02;4.545885e-02;4.290246e-02;2.572249e-02
6.485566e-02;5.483560e-02;1.538880e-01;6.214416e-02;8.890814e-02;6.971345e-02;2.683071e-01;6.701738e-02;4.805138e-02;5.500030e-02;3.591282e-02;3.136599e-02
5.846033e-02;4.023049e-02;2.300269e-01;3.478669e-02;8.563358e-02;6.601067e-02;2.312429e-01;4.719227e-02;4.037773e-02;7.485100e-02;5.857097e-02;3.261649e-02
