9.543051e-02;5.826067e-02;1.320072e-01;7.318671e-02;4.423814e-02;3.856542e-02;8.253305e-02;6.343446e-02;1.717640e-01;1.177983e-01;5.311614e-02;6.966531e-02
9.792609e-02;5.290204e-02;1.243405e-01;5.650566e-02;5.289674e-02;3.509947e-02;7.522659e-02;7.367739e-02;1.477869e-01;1.319137e-01;5.455153e-02;9.717324e-02
9.839245e-02;5.468492e-02;1.144453e-01;5.486499e-02;7.814606e-02;4.794950e-02;7.137255e-02;6.998994e-02;1.044468e-01;1.120246e-01;6.910884e-02;1.245741e-01
1.392724e-01;8.624876e-02;1.365172e-01;5.819168e-02;6.808151e-02;5.432224e-02;7.399134e-02;6.901684e-02;8.311662e-02;6.843941e-02;8.199333e-02;8.080869e-02
2.952119e-01;1.718273e-01;1.469127e-01;3.047780e-02;3.254773e-02;3.302317e-02;3.943698e-02;4.233457e-02;3.624726e-02;2.909507e-02;5.325729e-02;8.962819e-02
4.110091e-01;2.220527e-01;1.067034e-01;2.145345e-02;2.057844e-02;1.853221e-02;2.803590e-02;3.535607e-02;2.082549e-02;1.530503e-02;2.202927e-02;7.811889e-02
4.482602e-01;2.097752e-01;4.812718e-02;1.138410e-02;1.501915e-02;1.612356e-02;2.723405e-02;4.207171e-02;1.130360e-02;2.611124e-02;3.415756e-02;1.104324e-01
3.527184e-01;1.446638e-01;2.093439e-02;1.033701e-02;1.025378e-02;2.900403e-02;3.381218e-02;3.383955e-02;1.901637e-02;2.958566e-02;1.131334e-01;2.027014e-01
1.897916e-01;7.853217e-02;3.055280e-02;9.573057e-03;8.088166e-03;7.126007e-02;2.582768e-02;1.750282e-02;2.277967e-02;2.183377e-02;2.811570e-01;2.431013e-01
7.441012e-02;3.262459e-02;4.070446e-02;7.933963e-03;2.489537e-02;1.269467e-01;1.707576e-02;1.357662e-02;2.583095e-02;5.549248e-02;4.341303e-01;1.463787e-01
3.437006e-02;2.685543e-02;3.036806e-02;1.876270e-02;1.184576e-01;1.229071e-01;1.620742e-02;2.425399e-02;2.358534e-02;2.069002e-01;3.332310e-01;4.410110e-02
2.716339e-02;3.331236e-02;1.724026e-02;5.236775e-02;2.317277e-01;4.955103e-02;1.245839e-02;2.873568e-02;7.806537e-02;3.417480e-01;1.014891e-01;2.614087e-02
3.567562e-02;1.835852e-02;2.173941e-02;1.136426e-01;1.820465e-01;3.709710e-02;2.647780e-02;2.736046e-02;2.410296e-01;2.289384e-01;5.275307e-02;1.488091e-02
4.792884e-02;9.825021e-03;2.406252e-02;1.302153e-01;7.703452e-02;6.718063e-02;3.661964e-02;5.321433e-02;4.130009e-01;8.928317e-02;3.949662e-02;1.213857e-02
5.157219e-02;1.283595e-02;1.228987e-02;8.486790e-02;8.677428e-02;6.725691e-02;3.505295e-02;6.722956e-02;4.544988e-01;6.772677e-02;4.361444e-02;1.628037e-02
4.997355e-02;1.079296e-02;1.323165e-02;9.350532e-02;1.100036e-01;4.296639e-02;3.081007e-02;5.551040e-02;4.306525e-01;1.131099e-01;3.583931e-02;1.360442e-02
3.895644e-02;1.101066e-02;2.592756e-02;1.230511e-01;8.526783e-02;2.676588e-02;2.662907e-02;3.873114e-02;4.993642e-01;8.180600e-02;2.894572e-02;1.354441e-02
2.884744e-02;1.058745e-02;5.598219e-02;1.304796e-01;6.412858e-02;2.651169e-02;2.294099e-02;6.160739e-02;4.987504e-01;4.384499e-02;2.472518e-02;3.159404e-02
3.540856e-02;7.707503e-03;1.145072e-01;1.068600e-01;7.199008e-02;3.198202e-02;3.077738e-02;1.094660e-01;3.716522e-01;3.216249e-02;2.591418e-02;6.157240e-02
4.107123e-02;6.444128e-03;1.485858e-01;1.496518e-01;6.330204e-02;5.604846e-02;3.902900e-02;1.320470e-01;2.577290e-01;1.720413e-02;2.703254e-02;6.185500e-02
3.510018e-02;1.081456e-02;1.226058e-01;1.777008e-01;2.819099e-02;5.080613e-02;3.395569e-02;1.318699e-01;3.002633e-01;2.236231e-02;3.140007e-02;5.493036e-02
2.706668e-02;9.329379e-03;9.396838e-02;1.378546e-01;1.223260e-02;2.939670e-02;5.580803e-02;2.654064e-01;2.440139e-01;3.507203e-02;2.091478e-02;6.893656e-02
1.512022e-02;9.295276e-03;7.080244e-02;7.286776e-02;9.739808e-03;2.689458e-02;1.164343e-01;3.479345e-01;1.604873e-01;3.096792e-02;9.931318e-03;1.295246e-01
2.508741e-02;1.263497e-02;4.890240e-02;5.893259e-02;8.839621e-03;2.754135e-02;1.734767e-01;3.258260e-01;1.283548e-01;3.004518e-02;2.077840e-02;1.395807e-01
3.358611e-02;2.422163e-02;5.605356e-02;8.063806e-02;1.601396e-02;3.629183e-02;2.028001e-01;2.624099e-01;1.320943e-01;3.348525e-02;2.441477e-02;9.799058e-02
2.972812e-02;3.381540e-02;1.381263e-01;1.153812e-01;2.549408e-02;5.649173e-02;2.513592e-01;1.437305e-01;9.908252e-02;4.785343e-02;2.205211e-02;3.688541e-02
3.412092e-02;1.456989e-02;1.358932e-01;8.363806e-02;5.293519e-02;5.956409e-02;2.344600e-01;8.837060e-02;4.533588e-02;9.141247e-02;8.598068e-02;7.371904e-02
2.283583e-02;1.539451e-02;6.729466e-02;4.562930e-02;2.765035e-02;3.870939e-02;1.774254e-01;1.522586e-01;8.700096e-02;5.540457e-02;9.104963e-02;2.193468e-01
1.717301e-02;1.232218e-02;5.710442e-02;2.533386e-02;1.486613e-02;1.950116e-02;1.137863e-01;2.663135e-01;1.121836e-01;4.011107e-02;3.566975e-02;2.856351e-01
1.173642e-02;7.178904e-03;4.747019e-02;1.404654e-02;7.645032e-03;1.389509e-02;1.347893e-01;3.855290e-01;1.087373e-01;3.797967e-02;1.921573e-02;2.117768e-01
1.309878e-02;1.031072e-02;4.899592e-02;1.085537e-02;7.388273e-03;1.395318e-02;2.260548e-01;4.349376e-01;8.061027e-02;2.739334e-02;2.348256e-02;1.029192e-01
1.209574e-02;1.244561e-02;5.990171e-02;7.000360e-03;8.793453e-03;2.111147e-02;3.598407e-01;4.044537e-01;3.562173e-02;1.494986e-02;2.210141e-02;4.168431e-02
7.593118e-03;2.625575e-02;8.294319e-02;1.063061e-02;1.571220e-02;2.372746e-02;4.525849e-01;3.265702e-01;1.476392e-02;5.975248e-03;1.238323e-02;2.086027e-02
1.844124e-02;5.186452e-02;1.220387e-01;1.766780e-02;3.975236e-02;4.103078e-02;4.048308e-01;2.255733e-01;2.546399e-02;1.287863e-02;2.314609e-02;1.731179e-02
3.923577e-02;7.421882e-02;1.871460e-01;3.450096e-02;6.740517e-02;7.118166e-02;2.326665e-01;1.844207e-01;2.332386e-02;2.466701e-02;4.135459e-02;1.987895e-02
3.593380e-02;4.564667e-02;2.197188e-01;5.169605e-02;8.159094e-02;6.895363e-02;1.913040e-01;1.740938e-01;3.618149e-02;2.296522e-02;3.042778e-02;4.148790e-02
1.989542e-02;2.068824e-02;2.649837e-01;5.863618e-02;8.792215e-02;5.106143e-02;1.828423e-01;1.838793e-01;3.353528e-02;2.125149e-02;2.211337e-02;5.319104e-02
1.262327e-02;2.708001e-02;2.888686e-01;6.352827e-02;7.786831e-02;4.690699e-02;1.596421e-01;1.723237e-01;4.516605e-02;2.767716e-02;2.948596e-02;4.882950e-02
2.141079e-02;3.828131e-02;1.958311e-01;6.035029e-02;8.120404e-02;5.270850e-02;2.133801e-01;1.792422e-01;5.949723e-02;3.042676e-02;3.455761e-02;3.311009e-02
2.759244e-02;4.123667e-02;1.284448e-01;4.312827e-02;7.513881e-02;6.039625e-02;1.347908e-01;2.966121e-01;8.512174e-02;4.240109e-02;4.199522e-02;2.314184e-02
2.114619e-02;3.685942e-02;1.043128e-01;4.867418e-02;5.248825e-02;6.252032e-02;1.488889e-01;3.086454e-01;9.340480e-02;4.995076e-02;3.751528e-02;3.559365e-02
2.929909e-02;3.529235e-02;7.771961e-02;6.020984e-02;5.150606e-02;8.596252e-02;1.724928e-01;2.912348e-01;7.374642e-02;6.565460e-02;3.444041e-02;2.244153e-02
3.089360e-02;2.347193e-02;1.095254e-01;5.145037e-02;4.352708e-02;8.270192e-02;3.255132e-01;1.750652e-01;5.444913e-02;5.196944e-02;3.574917e-02;1.568343e-02
1.759613e-02;2.354988e-02;7.770751e-02;2.547521e-02;6.100477e-02;7.655199e-02;4.899366e-01;1.150591e-01;5.200036e-02;2.486975e-02;2.122798e-02;1.502070e-02
1.355929e-02;3.075500e-02;3.045558e-02;1.145985e-02;4.590667e-02;6.062252e-02;6.186137e-01;9.690517e-02;5.014219e-02;2.198170e-02;1.387125e-02;5.727109e-03
1.607155e-02;5.436175e-02;1.082336e-02;5.550160e-03;3.229231e-02;4.569684e-02;6.695862e-01;8.025677e-02;4.864776e-02;1.468345e-02;1.467063e-02;7.359297e-03
3.444384e-02;6.869408e-02;3.197295e-02;9.446078e-03;5.725757e-02;6.659706e-02;5.847529e-01;5.931408e-02;3.947311e-02;1.871939e-02;1.623253e-02;1.309638e-02
5.183629e-02;5.880896e-02;8.343512e-02;1.915684e-02;1.127329e-01;1.058033e-01;4.097174e-01;4.545529e-02;3.671161e-02;3.036630e-02;1.714488e-02;2.883109e-02
4.798188e-02;2.596121e-02;1.068840e-01;2.446157e-02;1.660681e-01;1.301802e-01;3.266437e-01;5.083861e-02;3.544669e-02;3.264901e-02;1.652984e-02;3.635517e-02
2.514865e-02;1.441643e-02;4.143773e-02;2.502172e-02;1.917998e-01;1.568258e-01;4.377553e-01;4.699368e-02;1.854644e-02;1.772718e-02;8.047288e-03;1.627998e-02
2.515773e-02;1.014372e-02;4.395339e-02;1.999983e-02;2.108709e-01;1.702805e-01;4.358698e-01;4.000850e-02;1.127832e-02;9.496123e-03;8.381546e-03;1.455964e-02
2.859702e-02;9.197130e-03;4.280424e-02;1.899864e-02;2.366268e-01;1.781531e-01;4.028900e-01;3.105510e-02;1.587859e-02;9.935074e-03;6.601653e-03;1.926267e-02
2.576464e-02;1.764236e-02;6.643469e-02;2.206990e-02;2.507980e-01;1.993714e-01;3.291025e-01;3.179123e-02;2.586606e-02;1.538604e-02;5.358832e-03;1.041427e-02
2.904036e-02;1.000817e-02;5.294533e-02;1.724880e-02;2.221688e-01;2.071512e-01;3.723703e-01;2.795398e-02;3.191311e-02;1.043101e-02;8.141902e-03;1.062697e-02
3.291250e-02;7.621550e-03;3.685069e-02;1.343580e-02;1.979798e-01;2.227771e-01;4.015228e-01;2.965903e-02;2.596292e-02;1.444107e-02;7.144304e-03;9.692531e-03
3.726667e-02;9.809161e-03;2.927423e-02;1.508813e-02;1.606290e-01;2.248934e-01;4.233656e-01;3.751373e-02;1.906002e-02;2.714963e-02;7.811036e-03;8.139302e-03
5.334406e-02;5.297731e-02;4.611885e-02;2.448672e-02;1.003397e-01;1.285713e-01;4.073146e-01;5.493195e-02;3.630431e-02;3.576262e-02;3.198155e-02;2.786711e-02
5.784314e-02;1.087994e-01;6.598963e-02;2.520243e-02;5.930051e-02;6.773217e-02;3.304092e-01;7.084066e-02;4.828964e-02;4.478998e-02;8.351745e-02;3.728575e-02
4.253537e-02;1.498609e-01;4.768609e-02;1.762830e-02;5.262593e-02;4.766888e-02;3.085949e-01;6.406964e-02;2.916019e-02;4.405275e-02;1.592221e-01;3.689504e-02
2.412265e-02;1.453731e-01;2.536184e-02;1.119888e-02;7.066323e-02;3.077366e-02;3.308829e-01;4.550923e-02;3.319199e-02;2.781263e-02;2.290691e-01;2.604065e-02
2.058536e-02;9.185474e-02;7.587106e-02;1.376781e-02;8.319032e-02;2.855073e-02;2.955874e-01;7.430981e-02;4.247456e-02;3.014796e-02;2.187012e-01;2.495899e-02
1.796634e-02;5.065285e-02;1.981318e-01;1.323289e-02;5.231796e-02;2.582801e-02;1.842763e-01;1.489673e-01;3.490542e-02;6.957511e-02;1.675329e-01;3.661304e-02
1.595618e-02;2.693895e-02;2.733459e-01;1.262436e-02;1.731551e-02;1.695521e-02;7.577102e-02;1.851830e-01;2.698856e-02;8.713665e-02;1.171069e-01;1.446777e-01
1.827673e-02;2.842836e-02;2.439664e-01;4.920513e-02;1.114250e-02;2.250694e-02;5.864475e-02;1.696509e-01;5.352521e-02;7.623632e-02;6.554721e-02;2.028695e-01
7.681786e-02;1.471050e-02;1.343067e-01;1.632145e-01;2.674910e-02;4.264641e-02;3.373944e-02;1.133281e-01;1.769779e-01;4.588879e-02;2.811578e-02;1.435049e-01
1.297574e-01;4.000644e-02;4.249311e-02;1.787242e-01;8.229529e-02;3.450396e-02;4.362565e-02;5.501768e-02;2.118016e-01;1.102482e-01;2.932494e-02;4.220149e-02
9.507976e-02;9.142736e-02;2.142938e-02;8.787222e-02;1.805658e-01;2.396926e-02;3.952479e-02;3.908549e-02;1.092103e-01;2.614388e-01;2.583168e-02;2.456512e-02
4.349848e-02;1.089653e-01;3.726967e-02;3.323984e-02;1.739191e-01;5.586936e-02;3.277838e-02;4.583436e-02;6.070986e-02;3.068907e-01;6.074982e-02;4.027511e-02
2.099482e-02;7.752707e-02;8.699578e-02;2.901123e-02;6.469888e-02;1.857228e-01;3.523733e-02;3.876109e-02;6.923490e-02;1.865511e-01;1.438104e-01;6.145458e-02
2.487249e-02;4.173343e-02;1.240064e-01;1.871521e-02;3.698900e-02;2.637960e-01;7.616818e-02;3.026123e-02;3.930367e-02;5.882390e-02;1.811018e-01;1.042288e-01
3.841274e-02;3.755742e-02;6.649083e-02;5.362176e-02;3.261544e-02;1.749722e-01;1.678878e-01;3.304247e-02;2.252788e-02;5.269457e-02;1.025032e-01;2.176737e-01
5.485766e-02;3.562311e-02;3.717368e-02;9.833503e-02;5.338509e-02;8.203584e-02;2.374581e-01;2.902766e-02;2.584716e-02;2.986232e-02;6.929608e-02;2.470983e-01
7.728457e-02;6.860331e-02;1.117253e-01;9.647769e-02;3.553404e-02;9.546420e-02;2.115800e-01;2.460145e-02;2.434960e-02;1.957341e-02;5.922947e-02;1.755770e-01
3.853546e-02;1.068238e-01;1.792888e-01;6.324075e-02;2.551439e-02;1.352619e-01;1.602919e-01;3.470039e-02;2.834146e-02;5.477988e-02;4.264800e-02;1.305734e-01
7.654459e-02;1.322375e-01;1.416548e-01;6.707346e-02;4.045816e-02;6.744549e-02;1.497111e-01;4.781985e-02;2.396982e-02;8.153984e-02;3.994407e-02;1.316013e-01
8.918146e-02;1.041123e-01;8.640067e-02;6.437325e-02;7.317816e-02;1.040942e-01;8.555309e-02;5.350935e-02;3.747446e-02;6.408500e-02;7.835762e-02;1.596805e-01
7.519791e-02;7.594312e-02;7.576875e-02;4.055469e-02;9.751125e-02;1.325545e-01;8.184733e-02;5.447256e-02;4.309026e-02;8.049046e-02;7.375905e-02;1.688101e-01
7.879278e-02;6.961921e-02;9.651884e-02;6.735726e-02;7.314199e-02;1.196541e-01;7.136147e-02;7.514311e-02;4.519209e-02;1.201320e-01;5.215588e-02;1.309312e-01
6.243946e-02;9.979351e-02;1.027012e-01;6.060494e-02;3.837749e-02;9.512502e-02;8.650553e-02;7.390404e-02;8.067855e-02;1.193622e-01;5.938366e-02;1.211244e-01
5.157267e-02;8.049870e-02;7.931209e-02;5.102762e-02;3.863659e-02;8.579670e-02;1.394898e-01;6.605551e-02;1.072567e-01;8.798473e-02;9.572184e-02;1.166471e-01
3.928135e-02;8.009610e-02;9.414635e-02;6.619051e-02;5.838586e-02;7.776022e-02;1.105622e-01;7.351561e-02;9.880354e-02;7.045206e-02;8.713963e-02;1.436666e-01
5.176246e-02;7.630075e-02;9.153302e-02;5.892323e-02;8.816936e-02;1.116896e-01;9.186594e-02;6.514487e-02;7.060248e-02;4.805776e-02;5.487740e-02;1.910731e-01
4.387141e-02;6.972586e-02;9.060512e-02;4.271996e-02;9.306104e-02;1.155281e-01;7.410869e-02;4.573827e-02;5.911738e-02;6.704348e-02;7.433170e-02;2.241490e-01
7.458348e-02;7.094295e-02;9.832966e-02;3.097160e-02;6.384830e-02;8.901335e-02;1.300139e-01;5.229758e-02;3.510989e-02;1.132991e-01;1.095056e-01;1.320846e-01
5.626765e-02;6.186014e-02;1.382234e-01;3.921147e-02;4.181513e-02;6.107938e-02;1.594413e-01;5.270378e-02;2.182529e-02;1.310134e-01;1.016331e-01;1.349259e-01
2.992170e-02;6.080886e-02;1.327518e-01;5.028285e-02;5.612023e-02;7.154216e-02;1.225752e-01;4.577924e-02;4.930159e-02;1.006764e-01;9.296614e-02;1.872739e-01
5.919911e-02;6.134244e-02;8.112815e-02;7.435521e-02;7.640716e-02;7.562160e-02;1.091202e-01;4.708669e-02;9.015245e-02;8.610674e-02;8.880775e-02;1.506725e-01
1.600704e-01;1.045503e-01;1.919228e-01;7.016278e-02;3.868053e-02;2.982886e-02;6.155723e-02;3.996052e-02;4.447452e-02;8.303059e-02;7.111832e-02;1.046432e-01
2.900564e-01;1.984226e-01;2.174922e-01;4.951366e-02;3.080436e-02;1.029349e-02;2.371361e-02;3.356454e-02;2.569214e-02;3.663003e-02;3.473233e-02;4.908456e-02
3.804416e-01;2.041175e-01;1.748417e-01;4.332430e-02;2.852708e-02;9.725560e-03;1.541363e-02;3.770431e-02;2.009865e-02;1.485913e-02;1.517291e-02;5.577355e-02
4.880668e-01;1.578780e-01;8.627849e-02;2.865689e-02;2.486330e-02;1.432491e-02;1.553302e-02;4.471597e-02;2.043173e-02;1.834811e-02;8.135056e-03;9.276772e-02
4.895005e-01;8.976030e-02;1.215130e-02;2.818830e-02;1.660748e-02;1.212861e-02;2.887214e-02;3.043574e-02;1.809923e-02;4.374548e-02;2.097935e-02;2.095316e-01
3.076404e-01;2.512177e-02;2.284885e-02;4.878148e-02;8.178598e-03;7.656598e-03;4.724529e-02;1.179555e-02;1.133392e-02;5.100657e-02;3.596986e-02;4.224211e-01
2.037512e-01;1.602636e-02;2.126807e-02;5.394261e-02;4.985504e-03;1.202123e-02;5.138584e-02;1.090247e-02;9.990881e-03;2.795268e-02;4.910119e-02;5.386719e-01
1.669169e-01;2.478615e-02;3.282780e-02;4.485115e-02;4.899294e-03;2.549296e-02;4.288426e-02;1.083927e-02;1.644300e-02;1.869980e-02;1.019605e-01;5.093990e-01
1.401545e-01;2.590667e-02;4.685462e-02;2.674210e-02;7.079739e-03;3.745315e-02;6.851209e-02;1.264889e-02;2.283985e-02;2.214438e-02;1.780555e-01;4.116084e-01
1.002843e-01;2.151680e-02;3.851219e-02;2.108305e-02;5.964477e-03;2.633470e-02;1.289079e-01;1.305933e-02;3.119912e-02;2.877641e-02;1.947550e-01;3.896067e-01
7.907383e-02;2.664026e-02;2.804981e-02;2.271764e-02;8.308823e-03;2.031243e-02;1.190676e-01;1.200617e-02;2.465851e-02;2.017838e-02;2.209811e-01;4.180056e-01
5.609455e-02;4.140729e-02;2.847782e-02;1.485494e-02;9.862464e-03;1.189898e-02;1.411772e-01;5.375787e-03;2.319227e-02;2.737777e-02;2.787725e-01;3.615084e-01
5.875622e-02;6.731929e-02;3.077692e-02;2.004822e-02;1.789596e-02;3.277282e-02;1.718986e-01;1.305907e-02;2.316198e-02;5.399521e-02;2.847005e-01;2.256152e-01
9.373238e-02;1.031335e-01;3.646121e-02;1.738039e-02;2.996705e-02;8.595602e-02;1.468032e-01;2.714944e-02;2.868552e-02;5.512934e-02;2.019767e-01;1.736252e-01
9.376857e-02;9.466837e-02;4.790110e-02;2.283083e-02;2.647502e-02;8.290433e-02;7.714221e-02;3.399175e-02;3.345712e-02;3.816117e-02;1.369260e-01;3.117736e-01
9.992798e-02;5.352224e-02;4.727304e-02;3.220462e-02;1.674648e-02;4.930679e-02;6.347208e-02;3.591860e-02;4.236820e-02;5.036153e-02;1.349029e-01;3.739955e-01
1.636241e-01;3.803090e-02;3.362634e-02;2.892408e-02;1.841833e-02;4.347696e-02;7.308973e-02;3.502800e-02;4.581959e-02;6.784865e-02;1.451233e-01;3.069901e-01
1.947376e-01;4.089360e-02;3.946022e-02;3.643678e-02;3.192175e-02;2.422847e-02;8.279242e-02;2.906090e-02;4.108981e-02;6.434213e-02;1.311467e-01;2.838896e-01
1.704416e-01;3.693261e-02;4.336537e-02;3.198864e-02;4.053923e-02;5.270574e-02;7.174570e-02;2.746609e-02;6.121029e-02;4.497466e-02;1.373936e-01;2.812365e-01
1.922661e-01;4.245158e-02;5.461648e-02;2.548698e-02;3.311804e-02;4.077876e-02;1.318638e-01;2.841909e-02;5.790582e-02;3.997273e-02;1.253472e-01;2.277734e-01
2.022581e-01;2.594081e-02;5.602362e-02;2.937064e-02;1.955611e-02;3.689092e-02;9.510104e-02;3.583166e-02;3.298970e-02;3.359486e-02;1.192319e-01;3.132106e-01
1.979869e-01;5.286160e-02;5.173445e-02;3.812670e-02;2.493463e-02;4.663015e-02;7.723529e-02;3.289232e-02;3.663598e-02;2.939168e-02;1.855990e-01;2.259713e-01
8.706168e-02;7.747146e-02;4.737658e-02;2.988227e-02;3.091860e-02;3.626322e-02;5.891298e-02;2.560368e-02;4.664940e-02;2.469829e-02;1.790882e-01;3.560737e-01
9.276479e-02;1.022287e-01;6.383429e-02;3.114264e-02;3.672029e-02;3.061684e-02;6.791124e-02;3.391209e-02;3.258118e-02;3.459984e-02;1.111746e-01;3.625136e-01
1.742301e-01;1.096486e-01;9.420142e-02;5.078401e-02;4.873342e-02;2.838961e-02;8.030830e-02;3.994457e-02;6.143841e-02;5.116753e-02;1.375944e-01;1.235597e-01
1.760210e-01;7.228823e-02;8.188129e-02;6.653185e-02;4.438901e-02;3.966160e-02;7.887450e-02;3.204249e-02;9.323057e-02;5.723737e-02;1.387263e-01;1.191158e-01
1.617739e-01;7.185477e-02;9.106037e-02;7.043209e-02;6.085712e-02;5.007004e-02;5.571975e-02;4.189577e-02;1.008849e-01;7.296372e-02;9.954233e-02;1.229452e-01
1.231748e-01;1.031687e-01;1.460101e-01;6.138925e-02;7.131372e-02;5.824032e-02;5.798111e-02;3.695001e-02;6.930167e-02;1.081810e-01;5.256634e-02;1.117231e-01
1.303398e-01;1.223845e-01;1.701199e-01;5.571537e-02;7.475366e-02;4.560720e-02;5.519536e-02;4.337228e-02;3.039250e-02;1.199626e-01;5.568096e-02;9.647597e-02
1.053614e-01;1.257832e-01;1.486889e-01;6.331340e-02;6.992259e-02;2.923726e-02;5.210684e-02;6.504258e-02;6.894421e-02;1.258186e-01;4.248355e-02;1.032975e-01
1.029918e-01;1.162773e-01;1.274386e-01;7.738638e-02;5.918654e-02;3.209235e-02;6.498164e-02;6.260200e-02;9.173481e-02;1.234479e-01;7.144025e-02;7.042050e-02
8.409113e-02;6.617063e-02;1.060936e-01;8.756176e-02;6.389725e-02;3.380893e-02;9.108988e-02;6.355886e-02;8.863904e-02;1.066573e-01;8.392605e-02;1.245055e-01
9.374732e-02;3.698784e-02;6.091506e-02;8.229189e-02;9.209953e-02;5.896318e-02;6.340225e-02;6.656165e-02;1.040266e-01;1.079246e-01;8.764981e-02;1.454303e-01
9.101569e-02;4.747307e-02;2.960110e-02;4.981810e-02;9.249526e-02;5.912379e-02;7.054420e-02;5.688022e-02;1.202775e-01;1.275620e-01;1.667513e-01;8.845784e-02
7.422683e-02;6.202750e-02;4.593056e-02;4.314139e-02;7.726301e-02;4.849426e-02;9.373939e-02;6.817861e-02;1.278305e-01;1.418097e-01;1.448209e-01;7.253734e-02
7.990067e-02;5.828104e-02;6.752742e-02;3.543722e-02;7.857068e-02;6.084307e-02;1.167502e-01;5.126210e-02;9.356289e-02;1.476781e-01;9.362063e-02;1.165661e-01
1.119945e-01;6.028348e-02;9.850036e-02;4.586039e-02;1.155335e-01;5.758869e-02;1.175515e-01;5.520544e-02;5.035507e-02;1.372554e-01;6.581660e-02;8.405507e-02
1.041652e-01;5.156943e-02;1.066799e-01;7.635371e-02;1.485849e-01;7.369509e-02;1.032697e-01;7.000584e-02;7.262725e-02;7.597958e-02;6.503206e-02;5.203736e-02
8.983374e-02;6.305928e-02;1.417272e-01;6.440599e-02;1.350157e-01;5.244709e-02;1.417732e-01;4.460146e-02;1.091509e-01;5.669922e-02;5.344293e-02;4.784343e-02
9.729557e-02;6.314731e-02;1.801263e-01;4.638289e-02;1.169302e-01;5.431095e-02;1.611481e-01;4.218663e-02;7.198969e-02;6.958205e-02;4.598156e-02;5.091880e-02
8.591104e-02;5.782163e-02;2.042716e-01;5.195030e-02;1.268060e-01;6.215515e-02;1.286582e-01;6.036900e-02;6.279700e-02;6.849907e-02;5.160280e-02;3.915821e-02
6.108736e-02;2.821877e-02;1.739798e-01;5.782598e-02;1.062185e-01;7.584319e-02;1.590510e-01;4.853275e-02;5.528499e-02;8.005187e-02;9.132630e-02;6.257946e-02
4.924450e-02;3.709430e-02;1.175210e-01;5.526207e-02;6.336795e-02;8.726231e-02;1.757691e-01;6.186294e-02;7.453047e-02;8.753180e-02;1.154984e-01;7.505519e-02
8.611728e-02;6.534173e-02;1.136372e-01;4.584161e-02;7.442087e-02;7.370381e-02;1.467876e-01;7.898510e-02;8.487359e-02;1.172739e-01;6.594793e-02;4.706934e-02
1.102592e-01;5.668585e-02;7.939698e-02;6.205870e-02;8.533303e-02;6.929685e-02;1.071229e-01;6.067446e-02;9.057537e-02;1.459132e-01;6.498499e-02;6.769847e-02
1.196369e-01;5.292222e-02;1.160543e-01;6.814857e-02;7.370066e-02;5.359682e-02;1.090379e-01;5.181668e-02;7.990164e-02;1.356765e-01;6.222187e-02;7.728596e-02
1.118980e-01;7.092114e-02;1.035329e-01;6.242437e-02;7.527677e-02;5.672856e-02;1.271803e-01;5.281567e-02;7.844158e-02;1.231605e-01;7.582819e-02;6.179190e-02
9.588880e-02;8.236391e-02;9.827466e-02;5.256049e-02;7.195964e-02;5.864042e-02;1.576178e-01;6.371869e-02;7.935268e-02;1.233354e-01;7.463937e-02;4.164806e-02
1.860652e-01;1.546666e-01;2.378833e-01;7.176942e-02;4.782850e-02;3.274583e-02;8.250787e-02;2.392169e-02;3.224166e-02;3.997982e-02;3.825920e-02;5.213096e-02
1.890908e-01;2.744596e-01;2.327846e-01;4.857654e-02;3.842591e-02;1.876439e-02;5.530188e-02;3.218720e-02;3.080426e-02;2.296574e-02;1.601206e-02;4.062695e-02
1.700123e-01;3.937345e-01;2.012322e-01;3.073760e-02;2.199560e-02;1.329454e-02;3.258630e-02;3.226555e-02;3.112103e-02;1.866717e-02;2.318962e-02;3.116363e-02
1.517767e-01;4.718126e-01;1.808238e-01;1.123517e-02;1.751156e-02;1.814614e-02;2.027748e-02;4.356519e-02;3.624356e-02;1.372132e-02;1.203628e-02;2.285023e-02
1.843956e-01;3.645615e-01;1.037404e-01;1.410341e-02;1.713460e-02;1.871670e-02;7.642362e-02;6.342901e-02;3.478659e-02;1.956948e-02;1.633846e-02;8.680073e-02
1.792980e-01;2.028838e-01;3.988985e-02;1.950441e-02;1.315719e-02;2.105293e-02;1.865598e-01;6.466710e-02;3.459431e-02;2.140009e-02;3.631553e-02;1.806770e-01
1.114015e-01;7.763875e-02;3.378775e-02;2.566581e-02;8.419564e-03;1.796267e-02;3.226734e-01;3.721266e-02;3.324315e-02;1.752081e-02;5.044439e-02;2.640295e-01
7.635111e-02;7.191691e-02;2.691644e-02;2.914291e-02;7.909060e-03;3.407595e-02;3.885693e-01;1.868849e-02;3.069751e-02;1.755906e-02;6.240791e-02;2.357654e-01
6.204176e-02;1.095514e-01;2.789959e-02;2.959825e-02;1.789801e-02;7.445172e-02;3.332804e-01;4.190502e-02;4.143507e-02;4.876858e-02;9.344280e-02;1.197275e-01
7.901356e-02;8.726504e-02;2.391966e-02;1.947318e-02;8.065641e-03;2.162111e-01;1.086523e-01;4.027227e-02;3.751952e-02;5.946310e-02;2.032205e-01;1.169241e-01
6.824152e-02;6.302057e-02;2.969810e-02;1.788379e-02;2.011989e-02;2.917446e-01;5.355539e-02;2.141910e-02;2.991678e-02;3.535989e-02;2.428160e-01;1.262244e-01
6.480840e-02;7.126225e-02;5.514375e-02;2.077630e-02;2.468552e-02;2.002827e-01;1.208576e-01;3.242007e-02;2.668800e-02;2.394052e-02;1.796194e-01;1.795155e-01
7.858812e-02;9.806828e-02;1.409706e-01;2.953062e-02;1.471160e-02;6.944066e-02;1.783890e-01;4.610990e-02;2.226663e-02;4.408934e-02;1.146697e-01;1.631655e-01
7.590266e-02;1.136663e-01;2.629554e-01;2.842669e-02;2.026984e-02;5.362016e-02;1.242557e-01;3.705730e-02;4.299289e-02;6.888426e-02;9.161530e-02;8.035348e-02
6.960375e-02;1.739659e-01;2.704749e-01;1.459255e-02;2.407967e-02;9.816831e-02;7.202034e-02;3.077791e-02;4.623574e-02;5.037828e-02;8.631136e-02;6.339134e-02
1.098562e-01;1.430341e-01;2.134752e-01;2.660406e-02;1.216166e-02;1.370709e-01;1.070721e-01;4.298834e-02;3.438744e-02;2.876932e-02;7.792006e-02;6.666067e-02
9.622967e-02;7.733329e-02;1.393260e-01;3.941878e-02;7.969649e-03;1.314520e-01;1.142641e-01;2.730369e-02;4.121562e-02;5.046536e-02;1.131363e-01;1.618855e-01
8.399421e-02;5.283037e-02;6.781033e-02;4.153350e-02;1.851390e-02;6.451058e-02;9.770170e-02;4.771911e-02;5.327044e-02;8.981948e-02;1.588868e-01;2.234095e-01
6.496470e-02;5.359224e-02;7.350587e-02;4.334804e-02;2.064959e-02;1.530718e-01;1.521703e-01;5.235935e-02;5.741869e-02;8.843566e-02;1.243779e-01;1.161058e-01
5.450727e-02;1.311523e-01;1.205963e-01;2.050368e-02;1.809593e-02;1.589874e-01;1.695717e-01;4.820193e-02;4.757147e-02;5.533136e-02;8.564355e-02;8.983716e-02
1.236099e-01;1.972406e-01;1.084346e-01;4.424525e-02;1.912855e-02;6.312453e-02;1.037858e-01;3.875542e-02;4.770296e-02;5.426714e-02;1.104173e-01;8.928799e-02
2.109265e-01;1.016486e-01;6.994476e-02;3.882797e-02;2.094847e-02;5.135261e-02;9.999634e-02;2.127851e-02;1.757502e-02;3.912529e-02;1.171539e-01;2.112220e-01
2.519513e-01;9.201732e-02;3.424590e-02;2.540924e-02;1.748618e-02;2.793884e-02;6.562310e-02;2.943938e-02;1.304895e-02;3.957690e-02;1.257852e-01;2.774776e-01
1.877726e-01;5.230470e-02;6.420265e-02;2.858227e-02;8.556060e-03;1.394503e-02;2.746945e-02;2.602971e-02;1.297097e-02;8.185091e-02;2.176208e-01;2.786948e-01
7.218579e-02;2.478833e-02;7.577509e-02;2.180332e-02;5.899412e-03;2.042973e-02;1.752364e-02;1.767903e-02;1.620123e-02;2.055057e-01;3.321730e-01;1.900356e-01
3.869043e-02;4.544298e-02;5.884863e-02;1.426086e-02;1.620788e-02;1.539248e-02;1.797281e-02;1.701635e-02;2.006456e-02;3.635021e-01;2.836651e-01;1.089359e-01
8.237518e-02;7.302156e-02;3.734827e-02;1.271701e-02;3.167594e-02;2.601621e-02;1.983839e-02;2.397465e-02;1.732160e-02;4.355874e-01;1.146726e-01;1.254511e-01
8.528537e-02;5.578944e-02;3.159027e-02;9.974404e-03;2.470628e-02;3.059327e-02;4.632216e-02;3.043105e-02;1.637837e-02;3.451226e-01;2.310557e-01;9.275109e-02
4.965981e-02;3.851967e-02;3.029119e-02;2.232793e-02;2.132569e-02;2.730328e-02;1.410979e-01;4.790166e-02;4.648671e-02;2.297491e-01;2.129343e-01;1.324027e-01
3.797875e-02;4.907904e-02;4.405313e-02;2.671251e-02;3.308303e-02;5.846712e-02;2.601640e-01;5.517954e-02;3.380577e-02;1.688172e-01;1.152623e-01;1.173977e-01
6.522299e-02;5.613761e-02;6.115476e-02;2.204200e-02;5.446197e-02;7.234608e-02;2.535441e-01;5.597245e-02;3.528725e-02;1.560379e-01;1.143333e-01;5.345958e-02
6.643993e-02;7.286505e-02;1.086098e-01;3.478462e-02;7.468685e-02;6.801701e-02;1.144717e-01;8.509041e-02;5.726486e-02;1.386193e-01;1.108010e-01;6.834952e-02
8.247609e-02;7.606918e-02;1.317625e-01;3.991254e-02;8.423379e-02;6.381219e-02;1.072151e-01;8.685800e-02;5.713332e-02;1.151885e-01;8.768369e-02;6.765510e-02
9.161018e-02;6.095330e-02;1.356126e-01;5.378368e-02;6.884106e-02;7.063120e-02;1.628584e-01;6.455764e-02;4.132121e-02;7.941753e-02;1.057854e-01;6.462774e-02
8.275437e-02;6.519915e-02;9.471342e-02;5.821816e-02;6.447303e-02;5.299037e-02;1.736503e-01;5.412399e-02;5.926310e-02;9.912165e-02;1.073464e-01;8.814606e-02
8.278118e-02;4.191907e-02;8.345635e-02;7.183644e-02;7.743291e-02;6.038032e-02;1.680834e-01;5.302208e-02;9.922349e-02;1.733771e-01;4.024129e-02;4.824637e-02
5.898366e-02;4.573335e-02;8.234458e-02;7.011635e-02;8.276667e-02;8.491977e-02;1.067224e-01;5.580905e-02;9.681939e-02;2.054905e-01;6.006815e-02;5.022619e-02
6.309361e-02;7.981605e-02;7.722183e-02;8.131653e-02;7.919219e-02;8.757634e-02;1.070882e-01;6.384172e-02;8.045125e-02;1.479619e-01;8.027799e-02;5.216247e-02
7.134647e-02;8.547035e-02;8.474520e-02;7.379486e-02;6.528930e-02;7.115613e-02;1.345156e-01;7.965811e-02;7.607041e-02;1.014366e-01;7.036360e-02;8.615340e-02
4.859013e-02;7.364846e-02;8.939597e-02;7.196568e-02;5.782511e-02;6.220149e-02;1.568116e-01;8.449186e-02;8.888935e-02;1.170515e-01;4.257922e-02;1.065496e-01
3.370318e-02;7.366072e-02;7.165778e-02;7.926621e-02;5.256286e-02;6.022695e-02;1.358623e-01;7.033136e-02;9.161402e-02;1.846146e-01;5.088392e-02;9.561610e-02
9.738335e-02;3.490667e-02;8.823224e-02;8.570987e-02;5.821083e-02;5.279628e-02;1.020034e-01;4.734479e-02;8.042571e-02;2.060904e-01;8.608598e-02;6.081047e-02
1.112224e-01;5.681625e-02;7.289439e-02;7.258733e-02;4.934900e-02;6.618068e-02;9.302226e-02;3.750300e-02;1.443502e-01;1.567092e-01;7.981382e-02;5.955146e-02
1.053957e-01;8.577171e-02;9.260949e-02;4.849216e-02;3.357106e-02;5.303467e-02;6.836636e-02;3.366411e-02;8.682522e-02;1.226533e-01;1.599557e-01;1.096606e-01
8.192664e-02;5.072061e-02;1.169499e-01;3.232938e-02;3.198621e-02;4.988537e-02;4.787850e-02;2.868816e-02;6.303277e-02;7.556833e-02;2.787181e-01;1.423161e-01
5.016819e-02;5.004057e-02;1.240791e-01;6.020135e-02;3.092377e-02;4.000313e-02;3.757249e-02;4.253601e-02;9.552417e-02;1.170355e-01;2.417528e-01;1.101630e-01
4.054748e-02;1.147075e-01;1.485651e-01;7.187186e-02;3.275736e-02;2.637864e-02;5.284661e-02;7.270211e-02;1.158424e-01;1.148003e-01;1.520637e-01;5.691685e-02
9.568825e-02;2.257336e-01;1.801987e-01;5.232236e-02;3.230103e-02;3.257763e-02;7.465442e-02;8.336733e-02;7.420071e-02;6.317654e-02;6.631092e-02;1.946848e-02
2.675990e-01;2.566752e-01;1.194780e-01;3.006608e-02;2.714641e-02;6.568702e-02;6.746189e-02;6.370953e-02;1.534370e-02;3.654780e-02;2.840618e-02;2.187913e-02
3.803564e-01;1.623006e-01;6.733408e-02;2.534106e-02;3.242902e-02;7.852121e-02;3.911863e-02;5.305651e-02;3.558122e-02;3.972957e-02;3.513150e-02;5.110019e-02
3.181355e-01;1.156726e-01;9.316412e-02;3.162724e-02;5.653867e-02;4.935456e-02;3.123972e-02;4.899524e-02;5.676832e-02;3.009010e-02;3.432813e-02;1.340858e-01
1.537917e-01;6.336210e-02;1.442255e-01;2.378321e-02;7.199083e-02;3.190829e-02;4.434459e-02;3.750992e-02;7.695767e-02;3.193111e-02;2.812177e-02;2.920734e-01
2.228114e-01;3.638273e-02;1.176607e-01;1.769049e-02;5.191270e-02;3.700731e-02;3.124751e-02;2.194062e-02;5.211270e-02;2.468256e-02;1.712199e-02;3.694292e-01
1.523647e-01;2.927534e-02;1.060793e-01;1.857250e-02;4.597612e-02;3.826574e-02;3.401028e-02;1.963159e-02;3.345091e-02;2.931553e-02;3.860431e-02;4.544536e-01
6.969896e-02;2.318529e-02;8.068642e-02;1.880751e-02;6.237296e-02;6.775763e-02;4.902284e-02;2.521183e-02;3.630483e-02;3.191368e-02;4.094334e-02;4.940947e-01
9.917419e-02;4.646149e-02;6.505875e-02;4.256521e-02;7.868464e-02;6.122730e-02;6.864452e-02;2.561105e-02;4.091590e-02;2.088648e-02;3.562664e-02;4.151438e-01
9.884576e-02;5.813879e-02;1.029704e-01;4.353392e-02;9.530633e-02;5.301457e-02;4.406523e-02;2.004373e-02;5.887220e-02;3.053169e-02;5.341059e-02;3.412668e-01
1.240466e-01;4.914381e-02;1.622331e-01;3.441915e-02;1.425705e-01;7.528859e-02;2.983389e-02;1.217583e-02;4.903613e-02;3.104164e-02;5.642193e-02;2.337888e-01
7.995018e-02;4.704952e-02;1.952529e-01;6.599568e-02;1.777768e-01;7.041118e-02;9.137139e-02;2.288956e-02;4.203526e-02;5.306982e-02;3.548297e-02;1.187147e-01
1.324563e-01;3.170297e-02;1.982105e-01;7.983036e-02;1.698118e-01;5.491677e-02;9.526341e-02;3.549582e-02;3.415111e-02;5.483276e-02;2.384191e-02;8.948628e-02
9.606452e-02;5.023103e-02;2.103904e-01;6.370641e-02;1.685368e-01;7.240186e-02;1.191915e-01;4.060341e-02;2.852617e-02;3.377065e-02;2.796072e-02;8.861653e-02
1.057883e-01;3.725070e-02;1.501047e-01;3.667610e-02;1.591541e-01;9.641831e-02;2.199307e-01;4.310078e-02;4.191575e-02;2.986337e-02;3.120168e-02;4.859548e-02
1.016923e-01;5.054139e-02;8.890143e-02;2.996250e-02;1.114731e-01;5.925108e-02;3.798343e-01;3.649047e-02;2.917993e-02;3.942957e-02;2.773264e-02;4.551135e-02
8.429135e-02;6.386787e-02;7.554013e-02;2.156675e-02;6.071194e-02;1.544790e-02;4.513254e-01;6.899146e-02;4.587925e-02;2.861312e-02;2.464568e-02;5.911903e-02
4.907179e-02;4.907094e-02;7.678853e-02;2.231740e-02;3.885555e-02;2.418836e-02;4.501178e-01;1.485041e-01;4.080490e-02;3.629291e-02;1.883197e-02;4.515577e-02
3.271514e-02;1.977747e-02;6.382342e-02;4.587432e-02;2.967114e-02;2.897160e-02;3.752238e-01;1.270832e-01;1.446868e-01;8.025196e-02;2.065107e-02;3.127010e-02
5.054070e-02;1.564479e-02;4.908533e-02;8.239683e-02;4.903136e-02;2.965475e-02;1.729295e-01;3.834312e-02;2.708468e-01;1.951326e-01;2.656047e-02;1.983383e-02
4.338783e-02;1.778325e-02;3.014759e-02;7.127930e-02;7.608174e-02;2.056421e-02;5.730129e-02;1.759165e-02;2.662174e-01;3.723261e-01;1.657182e-02;1.074779e-02
2.458238e-02;2.218376e-02;1.439023e-02;2.759152e-02;1.210905e-01;1.330691e-02;2.886194e-02;1.282615e-02;1.591969e-01;5.418400e-01;2.357695e-02;1.055286e-02
1.668994e-02;3.112394e-02;8.391944e-03;8.384723e-03;1.433360e-01;1.188616e-02;1.923502e-02;1.753688e-02;7.483816e-02;6.173759e-01;4.498876e-02;6.212583e-03
7.224200e-03;3.859580e-02;7.415248e-03;6.658715e-03;1.771634e-01;1.355096e-02;1.603517e-02;2.101066e-02;3.577617e-02;6.091617e-01;6.048606e-02;6.921870e-03
7.043863e-03;3.720809e-02;5.814439e-03;5.903748e-03;2.257011e-01;9.187053e-03;1.394638e-02;1.725496e-02;3.018672e-02;5.775421e-01;6.267267e-02;7.538912e-03
5.880526e-03;3.796627e-02;5.503383e-03;4.867387e-03;2.456715e-01;6.574833e-03;8.896905e-03;1.516121e-02;1.867343e-02;5.853782e-01;5.995170e-02;5.474575e-03
5.071871e-03;4.694316e-02;3.977050e-03;5.872287e-03;2.290614e-01;7.837899e-03;9.711856e-03;1.727291e-02;3.781563e-02;5.941547e-01;3.688882e-02;5.392531e-03
7.684327e-03;6.288601e-02;5.991330e-03;5.487605e-03;1.980525e-01;9.408883e-03;9.122456e-03;4.330522e-02;3.574460e-02;5.920676e-01;2.153208e-02;8.717385e-03
4.465471e-03;7.174960e-02;6.088141e-03;4.001644e-03;1.427901e-01;2.178914e-02;7.137070e-03;1.049910e-01;3.178168e-02;5.327564e-01;6.288720e-02;9.562477e-03
5.879208e-03;5.719240e-02;1.172095e-02;4.034624e-03;1.030341e-01;4.910170e-02;1.123964e-02;1.320769e-01;2.314972e-02;4.028310e-01;1.834636e-01;1.627614e-02
7.848551e-03;2.953581e-02;1.892699e-02;6.362025e-03;8.068192e-02;6.291829e-02;1.226933e-02;8.806014e-02;1.564228e-02;2.234955e-01;4.319431e-01;2.231605e-02
1.064280e-02;1.484978e-02;3.724612e-02;6.510332e-03;3.632403e-02;5.893194e-02;1.398681e-02;2.882349e-02;1.775961e-02;8.685612e-02;6.671319e-01;2.093711e-02
4.006206e-03;8.076289e-03;4.463989e-02;8.277292e-03;1.355732e-02;5.751141e-02;1.326204e-02;6.701873e-03;1.774149e-02;8.702234e-02;7.204645e-01;1.873935e-02
8.839377e-03;6.150356e-03;4.245365e-02;7.892185e-03;1.026530e-02;7.277820e-02;1.132888e-02;6.570718e-03;1.660715e-02;4.330504e-02;7.261955e-01;4.761368e-02
1.358027e-02;1.050789e-02;4.902473e-02;6.057570e-03;1.339273e-02;8.666351e-02;8.847508e-03;8.521933e-03;1.330487e-02;2.767220e-02;7.315918e-01;3.083506e-02
1.117883e-02;1.162415e-02;6.489585e-02;8.290316e-03;1.223727e-02;7.648481e-02;5.381849e-03;5.727618e-03;1.713858e-02;5.776953e-02;7.217399e-01;7.531279e-03
6.747816e-03;8.722827e-03;7.440847e-02;8.624365e-03;9.547519e-03;5.632252e-02;8.750035e-03;5.849046e-03;2.202545e-02;9.509066e-02;6.812455e-01;2.266577e-02
1.969790e-02;7.610138e-03;8.585497e-02;7.636509e-03;8.421492e-03;3.155708e-02;1.613026e-02;1.063672e-02;2.731306e-02;1.126251e-01;5.668697e-01;1.056470e-01
2.545585e-02;1.799859e-02;9.270158e-02;1.030264e-02;1.069832e-02;2.965708e-02;2.519660e-02;1.861911e-02;3.831080e-02;9.265193e-02;4.664669e-01;1.719407e-01
4.890166e-02;3.155953e-02;9.251928e-02;1.749202e-02;1.583500e-02;6.881772e-02;5.640561e-02;2.907246e-02;2.975050e-02;5.424186e-02;4.089387e-01;1.464657e-01
7.871877e-02;1.819438e-02;8.730997e-02;2.313980e-02;2.397308e-02;1.211096e-01;8.190027e-02;4.362932e-02;2.112493e-02;8.138149e-02;3.163453e-01;1.031730e-01
9.944857e-02;3.543829e-02;7.556291e-02;2.811931e-02;2.239453e-02;1.204017e-01;4.106321e-02;3.347092e-02;3.370309e-02;1.039067e-01;3.517496e-01;5.474123e-02
6.018525e-02;2.779795e-02;4.337749e-02;2.342015e-02;1.938204e-02;9.458996e-02;2.811401e-02;2.018877e-02;5.137895e-02;8.065287e-02;4.317792e-01;1.191334e-01
2.698645e-02;1.304563e-02;3.772101e-02;1.840276e-02;1.682550e-02;8.301485e-02;2.183825e-02;2.099741e-02;7.762682e-02;4.827484e-02;5.005093e-01;1.347572e-01
3.811183e-02;7.321601e-03;4.569540e-02;1.395466e-02;1.438583e-02;6.916049e-02;2.061462e-02;2.322608e-02;8.823423e-02;4.062492e-02;5.628254e-01;7.584488e-02
3.399257e-02;8.015921e-03;2.682764e-02;9.019807e-03;1.356097e-02;9.376064e-02;1.620701e-02;2.122400e-02;8.855680e-02;3.320318e-02;5.631088e-01;9.252264e-02
3.064686e-02;7.945145e-03;2.409238e-02;6.147800e-03;1.158083e-02;1.523725e-01;1.021020e-02;1.347738e-02;7.516494e-02;3.289549e-02;5.420117e-01;9.345478e-02
1.446984e-02;1.094447e-02;2.602355e-02;6.060872e-03;1.194120e-02;2.272108e-01;1.570033e-02;1.136222e-02;4.902968e-02;3.154024e-02;5.437613e-01;5.195552e-02
1.539165e-02;9.759144e-03;1.876384e-02;6.796966e-03;2.057646e-02;2.704732e-01;1.358818e-02;1.264854e-02;2.348926e-02;5.003643e-02;5.390912e-01;1.938516e-02
1.038164e-02;1.461274e-02;1.857944e-02;9.062966e-03;2.768626e-02;2.630421e-01;9.978300e-03;1.189293e-02;1.509580e-02;4.284137e-02;5.598794e-01;1.694709e-02
1.387952e-02;9.361913e-03;1.567066e-02;8.603835e-03;3.114584e-02;2.430036e-01;1.381546e-02;1.235839e-02;2.697104e-02;3.277928e-02;5.636342e-01;2.877633e-02
3.473425e-02;1.172168e-02;2.084052e-02;8.003694e-03;1.550690e-02;2.289380e-01;2.619586e-02;7.986582e-03;1.653584e-02;3.396969e-02;4.738313e-01;1.217357e-01
1.016153e-01;2.213928e-02;2.011788e-02;7.979095e-03;1.588728e-02;1.749581e-01;3.766995e-02;5.873275e-03;1.275748e-02;1.788005e-02;3.031654e-01;2.799570e-01
1.880181e-01;3.702293e-02;1.843197e-02;1.205770e-02;1.802402e-02;1.185247e-01;2.748687e-02;6.974261e-03;1.123327e-02;2.104349e-02;1.689965e-01;3.721862e-01
1.821066e-01;3.205406e-02;2.303448e-02;1.525042e-02;1.670222e-02;9.951946e-02;2.063404e-02;1.021980e-02;1.228420e-02;2.141472e-02;1.425414e-01;4.242386e-01
1.110818e-01;2.249539e-02;2.828505e-02;2.660294e-02;1.949176e-02;9.825006e-02;2.817070e-02;1.581411e-02;1.810944e-02;1.961045e-02;1.764412e-01;4.356471e-01
1.064199e-01;3.127268e-02;4.085352e-02;4.685963e-02;1.886262e-02;8.043101e-02;4.649618e-02;3.167883e-02;2.834384e-02;4.868368e-02;1.930821e-01;3.270160e-01
1.372917e-01;3.537199e-02;3.101692e-02;6.177713e-02;1.839874e-02;6.352949e-02;7.879446e-02;4.518919e-02;3.349130e-02;6.476922e-02;1.769536e-01;2.534162e-01
1.291255e-01;2.883106e-02;2.371381e-02;4.285673e-02;6.852566e-02;1.311590e-01;1.142015e-01;3.896305e-02;2.713971e-02;7.013821e-02;1.358512e-01;1.894946e-01
9.619099e-02;2.457833e-02;2.889622e-02;3.427787e-02;9.378539e-02;2.257634e-01;1.013423e-01;2.915484e-02;3.872670e-02;8.666319e-02;1.233853e-01;1.172355e-01
1.206370e-01;2.653537e-02;2.621758e-02;2.637452e-02;1.159386e-01;2.498570e-01;7.726472e-02;3.352277e-02;3.472035e-02;8.950642e-02;1.109807e-01;8.844509e-02
1.257830e-01;2.620524e-02;3.201237e-02;4.303633e-02;1.170462e-01;1.662021e-01;1.321864e-01;4.207912e-02;2.759071e-02;9.204450e-02;1.173538e-01;7.846013e-02
3.357941e-02;5.168092e-02;4.880932e-02;9.053568e-02;8.651711e-02;8.125631e-02;1.476974e-01;5.353087e-02;7.272183e-02;7.992880e-02;1.853219e-01;6.842050e-02
1.189546e-01;4.067620e-02;4.380618e-02;7.638309e-02;7.717244e-02;1.121352e-01;6.665510e-02;3.218978e-02;5.440257e-02;6.897241e-02;2.125712e-01;9.608137e-02
1.037226e-01;4.465510e-02;3.665168e-02;6.119689e-02;7.278091e-02;1.774382e-01;5.859917e-02;2.436226e-02;3.692472e-02;7.614271e-02;2.235248e-01;8.400098e-02
1.064289e-01;8.842225e-02;4.370104e-02;5.786310e-02;6.411743e-02;1.723451e-01;5.949946e-02;3.088733e-02;1.757361e-02;7.506435e-02;1.787106e-01;1.053869e-01
1.015888e-01;9.437293e-02;6.683324e-02;6.671681e-02;5.351755e-02;1.395899e-01;5.429580e-02;5.339134e-02;3.334293e-02;8.604752e-02;1.345904e-01;1.157129e-01
1.103292e-01;1.145435e-01;7.660823e-02;5.645253e-02;3.600827e-02;1.055458e-01;7.679942e-02;8.048456e-02;5.537162e-02;9.769904e-02;6.033628e-02;1.298216e-01
1.013013e-01;1.710715e-01;1.083573e-01;3.251184e-02;3.341654e-02;7.939363e-02;9.462329e-02;5.499265e-02;5.199971e-02;7.457383e-02;4.817259e-02;1.495858e-01
5.791980e-02;1.193262e-01;2.036774e-01;5.388652e-02;3.557196e-02;9.409405e-02;4.886785e-02;4.738593e-02;5.671075e-02;5.786297e-02;7.876103e-02;1.459355e-01
8.549117e-02;7.027058e-02;2.215830e-01;1.059507e-01;6.292269e-02;9.802777e-02;3.055960e-02;5.008567e-02;5.393981e-02;5.638277e-02;8.806940e-02;7.671672e-02
1.369896e-01;1.262514e-01;1.603160e-01;9.363293e-02;7.865551e-02;7.450504e-02;4.748175e-02;4.316074e-02;5.902657e-02;5.291709e-02;8.978458e-02;3.727882e-02
1.082181e-01;2.016411e-01;1.510919e-01;7.312016e-02;5.776908e-02;6.078460e-02;5.148121e-02;3.396322e-02;8.415347e-02;6.386599e-02;7.586581e-02;3.804529e-02
7.655901e-02;2.104508e-01;1.613963e-01;9.939494e-02;2.769515e-02;8.323935e-02;5.458729e-02;3.353031e-02;6.885952e-02;5.765997e-02;6.245425e-02;6.417315e-02
