8.998711e-02;7.722701e-02;4.109707e-02;6.672467e-02;4.505883e-02;6.072018e-02;1.428135e-01;1.137002e-01;1.174242e-01;9.875791e-02;1.033849e-01;4.310444e-02
6.632882e-02;3.847871e-02;3.351055e-02;4.066800e-02;1.477938e-02;9.959027e-02;1.260971e-01;1.007754e-01;1.390683e-01;1.622254e-01;9.715903e-02;8.131901e-02
1.071685e-01;5.799538e-02;4.320227e-02;2.618336e-02;5.776016e-02;6.363920e-02;1.387479e-01;8.299015e-02;8.996154e-02;1.525981e-01;9.271340e-02;8.704003e-02
1.046590e-01;7.393707e-02;4.243866e-02;6.140355e-02;8.016027e-02;5.992670e-02;1.454245e-01;6.322174e-02;8.164521e-02;9.517731e-02;1.182819e-01;7.372413e-02
7.010977e-02;6.737877e-02;4.796956e-02;1.114247e-01;9.962810e-02;6.526274e-02;1.122082e-01;8.940018e-02;9.590607e-02;7.336792e-02;1.146501e-01;5.269385e-02
7.833254e-02;6.508009e-02;5.821321e-02;1.236786e-01;9.625304e-02;8.765900e-02;1.020874e-01;1.061270e-01;9.616589e-02;7.493338e-02;7.613031e-02;3.533952e-02
9.696572e-02;7.630305e-02;5.696934e-02;9.163725e-02;7.913558e-02;9.768888e-02;1.026653e-01;1.038458e-01;8.409329e-02;6.167183e-02;9.783562e-02;5.118828e-02
9.953392e-02;7.807787e-02;5.810910e-02;9.599442e-02;7.407030e-02;9.528803e-02;1.044863e-01;1.006377e-01;6.913998e-02;5.808130e-02;1.313522e-01;3.522879e-02
7.877427e-02;1.504222e-01;5.380370e-02;5.116279e-02;3.090702e-02;5.738234e-02;1.784910e-01;1.693562e-01;3.574378e-02;3.698019e-02;1.356692e-01;2.130732e-02
7.342670e-02;1.940093e-01;5.803040e-02;3.704198e-02;1.874583e-02;4.987671e-02;1.929601e-01;1.641293e-01;2.729182e-02;7.252695e-02;1.026481e-01;9.312829e-03
4.643308e-02;2.169928e-01;9.093180e-02;4.145349e-02;2.160748e-02;5.032255e-02;1.532693e-01;1.213652e-01;3.109909e-02;1.517274e-01;6.244321e-02;1.235466e-02
4.604376e-02;1.934207e-01;1.142523e-01;4.291824e-02;2.620802e-02;4.605425e-02;1.101095e-01;6.854825e-02;4.558156e-02;2.711461e-01;1.958778e-02;1.612947e-02
2.692673e-02;1.377451e-01;9.011498e-02;3.115737e-02;1.892421e-02;4.883168e-02;6.355012e-02;4.335456e-02;7.190217e-02;3.644873e-01;8.319847e-02;1.980727e-02
3.845571e-02;1.399401e-01;3.059212e-02;1.730802e-02;1.740246e-02;7.443603e-02;3.005945e-02;2.894106e-02;1.860989e-01;2.866774e-01;1.230324e-01;2.705631e-02
7.270399e-02;1.413562e-01;1.255744e-02;1.200229e-02;3.389198e-02;8.568104e-02;2.083150e-02;6.648542e-02;2.663984e-01;1.584342e-01;1.054224e-01;2.423507e-02
1.745819e-01;1.038416e-01;1.022395e-02;8.822639e-03;8.159892e-02;6.312141e-02;2.407047e-02;1.642432e-01;2.175009e-01;6.006593e-02;7.444421e-02;1.748487e-02
3.277975e-01;5.338062e-02;1.210286e-02;5.025181e-03;1.062509e-01;3.440577e-02;2.260780e-02;2.908590e-01;6.793597e-02;2.621882e-02;3.602405e-02;1.739160e-02
3.885728e-01;3.710134e-02;1.218910e-02;5.258167e-03;7.196079e-02;2.268541e-02;3.276844e-02;3.089931e-01;4.058480e-02;1.407331e-02;2.291564e-02;4.289715e-02
3.929666e-01;2.617584e-02;1.196247e-02;1.631529e-02;5.243468e-02;2.013674e-02;5.300212e-02;2.718843e-01;4.173698e-02;2.169689e-02;2.906099e-02;6.262706e-02
3.422898e-01;2.514101e-02;1.086162e-02;3.372973e-02;3.730920e-02;1.831634e-02;9.541322e-02;2.571782e-01;3.363123e-02;3.119849e-02;3.112143e-02;8.380970e-02
2.366890e-01;3.030364e-02;9.843423e-03;5.310971e-02;1.724677e-02;2.889824e-02;2.118963e-01;2.324936e-01;2.700293e-02;3.698054e-02;2.568035e-02;8.985554e-02
1.870247e-01;2.522449e-02;7.735054e-03;7.153360e-02;3.409649e-02;5.514846e-02;2.974821e-01;1.627081e-01;3.000594e-02;3.437515e-02;1.806779e-02;7.659817e-02
1.788496e-01;4.225320e-02;7.670682e-03;5.463010e-02;9.296965e-02;5.463314e-02;2.306382e-01;2.418485e-01;2.516863e-02;2.042409e-02;1.029647e-02;4.061778e-02
1.973258e-01;4.921588e-02;4.266224e-03;3.008001e-02;1.730146e-01;2.722643e-02;1.044756e-01;3.473724e-01;2.645922e-02;1.636730e-02;6.270772e-03;1.792580e-02
1.995151e-01;4.476670e-02;3.998891e-03;1.566830e-02;2.337937e-01;1.429243e-02;6.258795e-02;3.860613e-01;9.356456e-03;1.573495e-02;8.947571e-03;5.276554e-03
1.784237e-01;4.521665e-02;4.714072e-03;4.280860e-03;2.770891e-01;1.520796e-02;3.375508e-02;3.876423e-01;2.590558e-02;8.600245e-03;1.141601e-02;7.748394e-03
1.398036e-01;5.707674e-02;6.838483e-03;7.730160e-03;2.545556e-01;3.674465e-02;3.600667e-02;2.923860e-01;1.084170e-01;2.255111e-02;2.652566e-02;1.136419e-02
1.324812e-01;8.159063e-02;1.050518e-02;1.100280e-02;1.500627e-01;5.564228e-02;5.856817e-02;1.415443e-01;2.295964e-01;5.714158e-02;4.917246e-02;2.269227e-02
1.198682e-01;1.428505e-01;1.442234e-02;1.281652e-02;6.376531e-02;2.083045e-02;4.958208e-02;1.253159e-01;3.288707e-01;5.437141e-02;4.886346e-02;1.844311e-02
6.548498e-02;2.386924e-01;1.237815e-02;1.292041e-02;3.728897e-02;8.496524e-02;2.775297e-02;7.903576e-02;3.830168e-01;2.571158e-02;2.505659e-02;7.696186e-03
4.387197e-02;3.039598e-01;6.205506e-03;1.068928e-02;2.351205e-02;1.512331e-01;1.171529e-02;4.065458e-02;3.558742e-01;2.427379e-02;1.161224e-02;1.639831e-02
3.635132e-02;3.001601e-01;4.403553e-02;1.173914e-02;1.490902e-02;1.790090e-01;1.142751e-02;2.452074e-02;2.928961e-01;4.628382e-02;6.296586e-03;3.237111e-02
2.767278e-02;2.312856e-01;1.380489e-01;7.123018e-03;1.752501e-02;1.380637e-01;3.058139e-02;2.821696e-02;1.923557e-01;1.487141e-01;6.241839e-03;3.417088e-02
2.231007e-02;1.094522e-01;2.430779e-01;6.621943e-03;1.986730e-02;3.348228e-02;8.330086e-02;2.516138e-02;8.249158e-02;3.424890e-01;1.297620e-02;1.876929e-02
2.630222e-02;5.103621e-02;2.389152e-01;8.332064e-03;1.946142e-02;2.169269e-02;1.257291e-01;1.923474e-02;4.777713e-02;4.119384e-01;2.275450e-02;6.826348e-03
2.850916e-02;4.488288e-02;1.881912e-01;3.228052e-02;1.780301e-02;2.235774e-02;1.178312e-01;2.779229e-02;5.149562e-02;3.744753e-01;8.163326e-02;1.274784e-02
2.333462e-02;4.400433e-02;1.206863e-01;8.302919e-02;1.786927e-02;1.920008e-02;6.975099e-02;7.835262e-02;7.723000e-02;2.405401e-01;2.017527e-01;2.424981e-02
4.508111e-02;7.735386e-02;9.036013e-02;1.109845e-01;1.499066e-02;2.141391e-02;4.989786e-02;1.084058e-01;8.471444e-02;1.278909e-01;2.439020e-01;2.500477e-02
1.042532e-01;1.645903e-01;8.389802e-02;1.060262e-01;9.673726e-03;1.464543e-02;7.736669e-02;8.410614e-02;5.931333e-02;9.713635e-02;1.811872e-01;1.780344e-02
1.460026e-01;2.118405e-01;6.577484e-02;6.793039e-02;1.533453e-02;1.784922e-02;7.991789e-02;4.703276e-02;5.295009e-02;1.389213e-01;1.326494e-01;2.379649e-02
1.631025e-01;1.257767e-01;8.132678e-02;1.170098e-02;1.434434e-02;3.293453e-02;6.295790e-02;6.629848e-02;6.642113e-02;1.236017e-01;2.320888e-01;1.944607e-02
1.680565e-01;1.070715e-01;1.306477e-01;2.404124e-02;8.207757e-03;3.599203e-02;5.491667e-02;3.845940e-02;5.166141e-02;9.177424e-02;2.806354e-01;8.536118e-03
1.695842e-01;6.885263e-02;1.286087e-01;2.595477e-02;1.661525e-02;4.133798e-02;6.868462e-02;5.207336e-02;3.105727e-02;1.373036e-01;2.406259e-01;1.930181e-02
2.236588e-01;2.077827e-01;8.241430e-02;1.866650e-02;2.537122e-02;3.808242e-02;7.338891e-02;5.333850e-02;4.359592e-02;1.119598e-01;9.965848e-02;2.208244e-02
1.602052e-01;3.245763e-01;1.079291e-01;2.908499e-02;3.356182e-02;3.539693e-02;5.899364e-02;4.660722e-02;5.545123e-02;7.170982e-02;5.841251e-02;1.807116e-02
1.127250e-01;3.659831e-01;1.477825e-01;3.031782e-02;2.727040e-02;2.415560e-02;5.632353e-02;3.394989e-02;4.189095e-02;1.090506e-01;3.814175e-02;1.240874e-02
1.231678e-01;4.778613e-01;1.351136e-01;2.171084e-02;1.550471e-02;1.258341e-02;3.982519e-02;1.638223e-02;3.188514e-02;9.463426e-02;2.104998e-02;1.028159e-02
1.904445e-01;5.305722e-01;8.710998e-02;8.439673e-03;9.160459e-03;8.875597e-03;1.931355e-02;1.286399e-02;2.625315e-02;5.586864e-02;3.811373e-02;1.298443e-02
2.238242e-01;4.592131e-01;7.358827e-02;1.068412e-02;9.621738e-03;1.613585e-02;3.074830e-02;2.085460e-02;1.788425e-02;4.497351e-02;7.962032e-02;1.285174e-02
2.125345e-01;3.963233e-01;9.027430e-02;1.413259e-02;1.296301e-02;2.328692e-02;3.552237e-02;3.242576e-02;1.580440e-02;4.388675e-02;1.042354e-01;1.861060e-02
2.482858e-01;2.927897e-01;8.940692e-02;1.777922e-02;1.914921e-02;2.761343e-02;5.651704e-02;5.206110e-02;2.335361e-02;3.931888e-02;1.087877e-01;2.493744e-02
2.839593e-01;2.068301e-01;8.810888e-02;1.957899e-02;2.220320e-02;2.672005e-02;6.579989e-02;3.992650e-02;2.083414e-02;5.068887e-02;1.568591e-01;1.849089e-02
1.903331e-01;1.995073e-01;1.056337e-01;1.756692e-02;1.660059e-02;1.822703e-02;7.308473e-02;3.780356e-02;2.281936e-02;7.650928e-02;2.246882e-01;1.722619e-02
1.753613e-01;2.006818e-01;1.085832e-01;2.128958e-02;1.454466e-02;2.039468e-02;9.253388e-02;5.631487e-02;3.545157e-02;8.446686e-02;1.783387e-01;1.203881e-02
1.926667e-01;1.713501e-01;9.511992e-02;3.333853e-02;1.824803e-02;3.735084e-02;1.251579e-01;5.782777e-02;4.447065e-02;7.453384e-02;1.308799e-01;1.905576e-02
1.577747e-01;1.662389e-01;9.481630e-02;4.140695e-02;2.184416e-02;4.631496e-02;1.300561e-01;8.184950e-02;4.933082e-02;1.200294e-01;6.579161e-02;2.454648e-02
1.812470e-01;1.001609e-01;5.339164e-02;3.958081e-02;1.469592e-02;4.115302e-02;9.254777e-02;5.079285e-02;3.937900e-02;1.185334e-01;2.458599e-01;2.265779e-02
3.010362e-01;1.558493e-01;3.998419e-02;3.218259e-02;1.630334e-02;3.203120e-02;5.945913e-02;5.188721e-02;2.609511e-02;6.985264e-02;1.962445e-01;1.907452e-02
3.652140e-01;2.069260e-01;7.425717e-02;2.639328e-02;2.750187e-02;2.251706e-02;4.721659e-02;6.789491e-02;1.489737e-02;4.035433e-02;9.259429e-02;1.423315e-02
3.977857e-01;2.250340e-01;9.893957e-02;2.561660e-02;3.803860e-02;1.181382e-02;3.772024e-02;7.781409e-02;1.672490e-02;3.006650e-02;3.110664e-02;9.339364e-03
4.115939e-01;1.919118e-01;1.109248e-01;2.490788e-02;4.454739e-02;1.367705e-02;3.029806e-02;7.900082e-02;2.115818e-02;2.986609e-02;3.626127e-02;5.852735e-03
4.627419e-01;1.546149e-01;1.134912e-01;2.914135e-02;4.681511e-02;1.351440e-02;2.342698e-02;6.653454e-02;1.407814e-02;1.975153e-02;4.701274e-02;8.877244e-03
4.744515e-01;1.202980e-01;6.821127e-02;5.370206e-02;3.172810e-02;1.976607e-02;3.553433e-02;3.826623e-02;1.007034e-02;1.451887e-02;1.121757e-01;2.127759e-02
4.518652e-01;7.712888e-02;2.335091e-02;7.066963e-02;1.519048e-02;1.659876e-02;5.652395e-02;2.006353e-02;7.597468e-03;1.309387e-02;2.114315e-01;3.648579e-02
4.010695e-01;6.544374e-02;1.837710e-02;5.580345e-02;8.097213e-03;9.708426e-03;6.865643e-02;2.158195e-02;7.160289e-03;1.081500e-02;2.943210e-01;3.896592e-02
3.292519e-01;6.784116e-02;2.404732e-02;3.640287e-02;8.753380e-03;1.778229e-02;7.308307e-02;3.446133e-02;1.136174e-02;1.318472e-02;3.517716e-01;3.205872e-02
2.487544e-01;7.109601e-02;3.134875e-02;2.920041e-02;1.227082e-02;2.657668e-02;8.678259e-02;4.827817e-02;1.416396e-02;1.734668e-02;3.854995e-01;2.868198e-02
2.639689e-01;9.268440e-02;5.591704e-02;3.458701e-02;5.515033e-02;3.890685e-02;9.781032e-02;2.331443e-02;2.036796e-02;3.229011e-02;2.649696e-01;2.003310e-02
2.569487e-01;9.626129e-02;7.486995e-02;3.964815e-02;1.147228e-01;5.355883e-02;1.055878e-01;6.587198e-02;1.484415e-02;4.494456e-02;1.127990e-01;1.994276e-02
1.912658e-01;8.149931e-02;6.975800e-02;4.728299e-02;7.920449e-02;3.861802e-02;9.354495e-02;5.948268e-02;8.183240e-03;3.677510e-02;2.650958e-01;2.928963e-02
1.811823e-01;1.014022e-01;6.330261e-02;6.389159e-02;5.065471e-02;2.042044e-02;9.131176e-02;7.455330e-02;8.977881e-03;4.216078e-02;2.773950e-01;2.474750e-02
1.563006e-01;1.486312e-01;4.546431e-02;5.311968e-02;9.068706e-02;1.117203e-02;8.633792e-02;1.162462e-01;1.323054e-02;7.158898e-02;1.871068e-01;2.011461e-02
1.181648e-01;1.518187e-01;2.345797e-02;2.791739e-02;1.551110e-01;1.938510e-02;8.255201e-02;1.121771e-01;1.552238e-02;9.435198e-02;1.770813e-01;2.246019e-02
1.167617e-01;1.209353e-01;2.366580e-02;2.885130e-02;1.477265e-01;4.804716e-02;1.410575e-01;9.770051e-02;2.213776e-02;8.749596e-02;1.349696e-01;3.065074e-02
6.746659e-02;1.021951e-01;4.790645e-02;6.926323e-02;6.121164e-02;8.870988e-02;1.668711e-01;1.290299e-01;3.873616e-02;5.178211e-02;1.268835e-01;4.994428e-02
3.974298e-02;7.154822e-02;7.453617e-02;7.627330e-02;2.540485e-02;1.508524e-01;1.337312e-01;1.917154e-01;5.960739e-02;2.814940e-02;7.360765e-02;7.483101e-02
1.558311e-02;3.730072e-02;8.018950e-02;4.263647e-02;1.691365e-02;2.206381e-01;1.342970e-01;2.428145e-01;6.460323e-02;2.700269e-02;1.534565e-02;1.026754e-01
1.098279e-02;2.058828e-02;8.694891e-02;1.480967e-02;1.069019e-02;2.294979e-01;1.191685e-01;2.895809e-01;4.950332e-02;2.788197e-02;8.161634e-03;1.321859e-01
6.370883e-03;3.019612e-02;1.041133e-01;1.035200e-02;1.888298e-02;1.486405e-01;1.015287e-01;3.583401e-01;2.336147e-02;2.863097e-02;1.306953e-02;1.565134e-01
7.461740e-03;4.714458e-02;1.158225e-01;1.151280e-02;3.708452e-02;6.475896e-02;1.080430e-01;3.801554e-01;1.412081e-02;2.571987e-02;2.298684e-02;1.651890e-01
1.053984e-02;6.224436e-02;1.123309e-01;1.203063e-02;7.021718e-02;3.915374e-02;1.243681e-01;3.300465e-01;1.122725e-02;1.922190e-02;4.515326e-02;1.634664e-01
1.448357e-02;8.167200e-02;9.732530e-02;1.616952e-02;9.963245e-02;2.394761e-02;1.490284e-01;2.831456e-01;1.036064e-02;1.136339e-02;6.211634e-02;1.507552e-01
1.560166e-02;9.457200e-02;1.018157e-01;1.865371e-02;1.128506e-01;1.550672e-02;1.584729e-01;2.679737e-01;1.212429e-02;1.583856e-02;6.957022e-02;1.170200e-01
1.827601e-02;8.563343e-02;1.453800e-01;1.713610e-02;9.968417e-02;1.394536e-02;1.439323e-01;2.769545e-01;1.306885e-02;3.021961e-02;5.716524e-02;9.860436e-02
1.286970e-02;6.587477e-02;1.934469e-01;1.100605e-02;7.303132e-02;2.089472e-02;1.107455e-01;3.073373e-01;1.064508e-02;4.162421e-02;4.117503e-02;1.113494e-01
9.838387e-03;5.689740e-02;2.139324e-01;1.107255e-02;5.859162e-02;9.737316e-03;9.802603e-02;3.198887e-01;8.998795e-03;5.246507e-02;3.764228e-02;1.229095e-01
5.792203e-03;4.036735e-02;2.220257e-01;1.131037e-02;3.158211e-02;3.751891e-02;7.931964e-02;3.190825e-01;9.501960e-03;7.116892e-02;2.433897e-02;1.479914e-01
9.043464e-03;2.686939e-02;2.206533e-01;9.228085e-03;9.414596e-03;7.998506e-02;6.273580e-02;2.976014e-01;7.908104e-03;7.593103e-02;1.008130e-02;1.905484e-01
3.665203e-02;1.835180e-02;1.801313e-01;3.040964e-02;7.107272e-03;1.149335e-01;5.286347e-02;2.379708e-01;4.730615e-02;5.634145e-02;1.150179e-02;2.064308e-01
9.932211e-02;1.747748e-02;1.187888e-01;7.326044e-02;1.660795e-02;9.198511e-02;5.673039e-02;1.565696e-01;1.332752e-01;4.130713e-02;2.734958e-02;1.673263e-01
1.406935e-01;2.234153e-02;7.006154e-02;7.372812e-02;4.051163e-02;3.417266e-02;6.895793e-02;8.923591e-02;1.785236e-01;1.054326e-01;6.544449e-02;1.108965e-01
1.179779e-01;3.222841e-02;4.325397e-02;3.761273e-02;5.901321e-02;2.879897e-02;7.310354e-02;8.706122e-02;1.350014e-01;1.841778e-01;1.295696e-01;7.220129e-02
9.083511e-02;5.162479e-02;4.539303e-02;1.174820e-02;4.135395e-02;5.160993e-02;8.143050e-02;1.277908e-01;8.180802e-02;1.596903e-01;2.273932e-01;2.932216e-02
1.120963e-01;8.191756e-02;6.114464e-02;3.116153e-02;1.229258e-02;6.120336e-02;9.329720e-02;1.233241e-01;8.179242e-02;6.898613e-02;2.344843e-01;3.829988e-02
1.380133e-01;7.680395e-02;6.980648e-02;2.651574e-02;2.896600e-02;5.885454e-02;1.344371e-01;1.291082e-01;6.023352e-02;4.755138e-02;1.468417e-01;8.286806e-02
1.422834e-01;5.416549e-02;9.157149e-02;2.984801e-02;3.729852e-02;5.475787e-02;1.605555e-01;1.285143e-01;4.891426e-02;5.187802e-02;1.033415e-01;9.687163e-02
1.381150e-01;4.080921e-02;9.080084e-02;4.056992e-02;1.946091e-02;6.763317e-02;1.268769e-01;1.103809e-01;1.030450e-01;6.723721e-02;1.412836e-01;5.378736e-02
1.484029e-01;5.845227e-02;8.407169e-02;2.868018e-02;4.030238e-02;1.087747e-01;8.282655e-02;1.021133e-01;1.197911e-01;4.230461e-02;1.480539e-01;3.622653e-02
1.101695e-01;6.977198e-02;9.478885e-02;5.148023e-02;5.922358e-02;1.293830e-01;6.218912e-02;1.134465e-01;9.437735e-02;3.845272e-02;1.167686e-01;5.994858e-02
8.117846e-02;6.745728e-02;7.559447e-02;5.213072e-02;6.914575e-02;1.020169e-01;1.057611e-01;1.640013e-01;9.424479e-02;6.801220e-02;7.264977e-02;4.780734e-02
8.036020e-02;8.637734e-02;2.774961e-02;5.686134e-02;8.808840e-02;7.946219e-02;1.358013e-01;1.782136e-01;6.659940e-02;1.026826e-01;4.698090e-02;5.082317e-02
1.186332e-01;8.529150e-02;5.393983e-02;3.718868e-02;8.151255e-02;5.582634e-02;1.537216e-01;1.413178e-01;5.716306e-02;9.629288e-02;7.130840e-02;4.780415e-02
1.303760e-01;1.193769e-01;4.213075e-02;3.553993e-02;3.144908e-02;5.137409e-02;1.838018e-01;1.813080e-01;3.166269e-02;4.887972e-02;1.148134e-01;2.928762e-02
1.015013e-01;1.150712e-01;3.796512e-02;3.759960e-02;2.869774e-02;5.022917e-02;1.952870e-01;1.926723e-01;2.560235e-02;4.459276e-02;1.474705e-01;2.331095e-02
7.705899e-02;9.406549e-02;7.223471e-02;5.518570e-02;3.800484e-02;5.215737e-02;2.010319e-01;1.511696e-01;4.259166e-02;5.967100e-02;1.331603e-01;2.366841e-02
5.811059e-02;1.382075e-01;1.129418e-01;6.751680e-02;4.174383e-02;3.422161e-02;1.512351e-01;9.020444e-02;7.644644e-02;1.158278e-01;9.737998e-02;1.616423e-02
4.554674e-02;1.154618e-01;1.044737e-01;1.307154e-01;3.762559e-02;2.438651e-02;8.025830e-02;8.509792e-02;7.548522e-02;1.061102e-01;1.836512e-01;1.118736e-02
3.185903e-02;1.150125e-01;1.045242e-01;1.900500e-01;3.155608e-02;2.637989e-02;4.785001e-02;1.085622e-01;4.907428e-02;4.006387e-02;2.465010e-01;8.567067e-03
7.567158e-02;2.041355e-01;9.985206e-02;1.621989e-01;1.862092e-02;2.601459e-02;9.239828e-02;1.006264e-01;2.088329e-02;2.418921e-02;1.701173e-01;5.291901e-03
1.268276e-01;2.567245e-01;7.280650e-02;1.168444e-01;2.176035e-02;3.127421e-02;1.379244e-01;6.149987e-02;1.932411e-02;3.124928e-02;1.125140e-01;1.125075e-02
1.408566e-01;2.600688e-01;4.009916e-02;9.725791e-02;3.679381e-02;1.575997e-02;1.485541e-01;5.230304e-02;1.855272e-02;3.884960e-02;1.322035e-01;1.870076e-02
1.956288e-01;1.228238e-01;4.279535e-02;5.455127e-02;5.653980e-02;1.722738e-02;1.217718e-01;7.560491e-02;1.719862e-02;5.734617e-02;2.195536e-01;1.895862e-02
1.462245e-01;1.557302e-01;5.226194e-02;4.573030e-02;5.214170e-02;2.161589e-02;1.129252e-01;9.419694e-02;2.872323e-02;4.820747e-02;2.251411e-01;1.710148e-02
7.741660e-02;1.493741e-01;4.889721e-02;5.931855e-02;5.718015e-02;2.592965e-02;1.800440e-01;1.320516e-01;4.125146e-02;3.601415e-02;1.818201e-01;1.070246e-02
9.356174e-02;1.594095e-01;5.470475e-02;9.301375e-02;5.900015e-02;1.678572e-02;1.521515e-01;1.069019e-01;5.979056e-02;7.641601e-02;1.193106e-01;8.953839e-03
1.158971e-01;1.303914e-01;9.237465e-02;1.054772e-01;4.845661e-02;2.259260e-02;1.316289e-01;1.265206e-01;5.575357e-02;5.199307e-02;9.604853e-02;2.286577e-02
1.257860e-01;1.878700e-01;1.042211e-01;7.483713e-02;3.326187e-02;2.185521e-02;1.108378e-01;1.342072e-01;4.232582e-02;6.094775e-02;8.300156e-02;2.084845e-02
1.316789e-01;1.648495e-01;9.450208e-02;3.024491e-02;2.510316e-02;1.356927e-02;1.112922e-01;1.368871e-01;3.743675e-02;8.930355e-02;1.503755e-01;1.475715e-02
1.236209e-01;1.364033e-01;7.135583e-02;2.923860e-02;2.226173e-02;3.041908e-02;1.438431e-01;1.459254e-01;2.695657e-02;5.237121e-02;2.007597e-01;1.684455e-02
1.093230e-01;1.807371e-01;8.482949e-02;2.978989e-02;2.698346e-02;2.389950e-02;1.305533e-01;1.466853e-01;2.702742e-02;4.074955e-02;1.723897e-01;2.703231e-02
1.546401e-01;1.893979e-01;1.045667e-01;7.154176e-02;4.291270e-02;2.351637e-02;8.207984e-02;7.814082e-02;2.584552e-02;5.790628e-02;1.406627e-01;2.878931e-02
1.733622e-01;9.664915e-02;9.790794e-02;7.779684e-02;5.665486e-02;2.539958e-02;1.142147e-01;1.503302e-01;2.939678e-02;2.716246e-02;1.370038e-01;1.412155e-02
1.494036e-01;1.030597e-01;5.168923e-02;4.084429e-02;3.958442e-02;2.763377e-02;1.662684e-01;1.918373e-01;3.380285e-02;3.231420e-02;1.494959e-01;1.406638e-02
1.213776e-01;9.426871e-02;4.656144e-02;2.749203e-02;2.713372e-02;3.356463e-02;1.965124e-01;1.528439e-01;4.477774e-02;3.537074e-02;1.950283e-01;2.506890e-02
1.016661e-01;1.090881e-01;5.284657e-02;4.151626e-02;3.231521e-02;3.955983e-02;2.034011e-01;1.187276e-01;4.227871e-02;3.783721e-02;1.955266e-01;2.523672e-02
7.377086e-02;7.680911e-02;5.461300e-02;6.915839e-02;4.627865e-02;5.489813e-02;1.671739e-01;1.587597e-01;5.152734e-02;3.905649e-02;1.554588e-01;5.249554e-02
5.804279e-02;6.869759e-02;7.531076e-02;1.213229e-01;1.058716e-01;6.421801e-02;1.456020e-01;1.128524e-01;4.265796e-02;6.297506e-02;1.171388e-01;2.531014e-02
3.495793e-02;8.492326e-02;7.248851e-02;1.112278e-01;1.018679e-01;1.473363e-01;1.100877e-01;8.683226e-02;5.550417e-02;9.180059e-02;7.789862e-02;2.507498e-02
2.383751e-02;1.050858e-01;5.602061e-02;6.824879e-02;9.048764e-02;2.484453e-01;7.343212e-02;4.101839e-02;1.083321e-01;1.127609e-01;5.385597e-02;1.847485e-02
4.603348e-02;1.153184e-01;3.165608e-02;2.260048e-02;6.328244e-02;3.045684e-01;6.084036e-02;3.982035e-02;1.617268e-01;9.706717e-02;4.387586e-02;1.321021e-02
7.432111e-02;1.333695e-01;2.084007e-02;6.401918e-03;7.710442e-02;2.648480e-01;7.982209e-02;8.081573e-02;1.726668e-01;4.496849e-02;3.452735e-02;1.031456e-02
1.438702e-01;1.507508e-01;9.755901e-03;6.997042e-03;1.577741e-01;1.462989e-01;6.892458e-02;1.686046e-01;9.126444e-02;1.668635e-02;2.964280e-02;9.430412e-03
1.466080e-01;1.392313e-01;7.953924e-03;1.260582e-02;1.403282e-01;1.318700e-01;6.667155e-02;1.812024e-01;1.115046e-01;1.664416e-02;3.883629e-02;6.543848e-03
8.924775e-02;2.065972e-01;1.939248e-02;1.249187e-02;6.657006e-02;1.685097e-01;5.540716e-02;1.143648e-01;2.038287e-01;2.089328e-02;3.076273e-02;1.193429e-02
4.812764e-02;2.255459e-01;8.722460e-02;2.295235e-02;2.608478e-02;1.560397e-01;7.265573e-02;4.674692e-02;1.787175e-01;9.272896e-02;3.042002e-02;1.275593e-02
2.730258e-02;1.350744e-01;1.611262e-01;5.228738e-02;1.169322e-02;8.936723e-02;1.170341e-01;5.532329e-02;8.660062e-02;1.551071e-01;8.604776e-02;2.303613e-02
2.365060e-02;4.140135e-02;1.410481e-01;1.071575e-01;1.651822e-02;3.588723e-02;1.062952e-01;9.575832e-02;3.333901e-02;1.199720e-01;2.015091e-01;7.746335e-02
2.438796e-02;2.299165e-02;7.473184e-02;1.074280e-01;4.232353e-02;3.221611e-02;5.923807e-02;1.109469e-01;5.268533e-02;5.350074e-02;2.173874e-01;2.021624e-01
5.498780e-02;2.005367e-02;4.200629e-02;6.588690e-02;4.301391e-02;5.181743e-02;5.604727e-02;7.459000e-02;6.346550e-02;4.729979e-02;1.640408e-01;3.167906e-01
1.152266e-01;3.773748e-02;2.978971e-02;2.547926e-02;2.475475e-02;9.289682e-02;7.218201e-02;5.881009e-02;5.138636e-02;6.384037e-02;1.241523e-01;3.037443e-01
1.182427e-01;8.777471e-02;3.115456e-02;2.654583e-02;5.667720e-02;1.100119e-01;1.240162e-01;9.288650e-02;6.787332e-02;5.715658e-02;1.053065e-01;1.223541e-01
9.202908e-02;1.173220e-01;5.277032e-02;3.548170e-02;4.244861e-02;9.188140e-02;1.423118e-01;1.053254e-01;8.959142e-02;5.419248e-02;1.538844e-01;2.276147e-02
7.008290e-02;1.455622e-01;1.090189e-01;4.124485e-02;2.957646e-02;7.703904e-02;8.013670e-02;8.109868e-02;9.406000e-02;6.980072e-02;1.456884e-01;5.669122e-02
7.436273e-02;9.233496e-02;1.477214e-01;4.441957e-02;4.847926e-02;5.794301e-02;7.070010e-02;6.743715e-02;6.129132e-02;6.331366e-02;8.402016e-02;1.879767e-01
1.008171e-01;8.680832e-02;1.123018e-01;2.765794e-02;2.162890e-02;4.986049e-02;6.421889e-02;1.022572e-01;8.760258e-02;6.616481e-02;7.206142e-02;2.086206e-01
1.142755e-01;9.601606e-02;7.909288e-02;6.041799e-02;4.437171e-02;6.104106e-02;4.779435e-02;1.035678e-01;8.459386e-02;5.654394e-02;1.305915e-01;1.216933e-01
8.957914e-02;8.660388e-02;6.875632e-02;4.821331e-02;3.169009e-02;5.713220e-02;7.136664e-02;7.992014e-02;1.081993e-01;9.775805e-02;1.714742e-01;8.930681e-02
8.747732e-02;8.123626e-02;3.715199e-02;2.536235e-02;3.583704e-02;4.502444e-02;9.300946e-02;1.463484e-01;7.728191e-02;6.501698e-02;2.214252e-01;8.482862e-02
8.462188e-02;6.137009e-02;2.366363e-02;3.012405e-02;1.433272e-02;3.159786e-02;1.862970e-01;2.599494e-01;3.170184e-02;3.347558e-02;2.089334e-01;3.393258e-02
6.616773e-02;5.451035e-02;1.888506e-02;1.620216e-02;7.125054e-03;3.371142e-02;2.756504e-01;3.017079e-01;2.219607e-02;2.740011e-02;1.563137e-01;2.013004e-02
3.313698e-02;5.679885e-02;1.589451e-02;8.870442e-03;7.273981e-03;4.016695e-02;3.872082e-01;3.040839e-01;1.703360e-02;1.856874e-02;8.932563e-02;2.163817e-02
1.692677e-02;6.787207e-02;1.212971e-02;5.362171e-03;6.646876e-03;5.312075e-02;5.031463e-01;2.536807e-01;2.238068e-02;1.082133e-02;3.155171e-02;1.636093e-02
1.845824e-02;8.141311e-02;8.783231e-03;4.364714e-03;5.610878e-03;6.500816e-02;5.518396e-01;1.887056e-01;2.583501e-02;9.939296e-03;3.018407e-02;9.858105e-03
2.156348e-02;8.754153e-02;7.183967e-03;5.813948e-03;4.229274e-03;8.218956e-02;5.715987e-01;1.599723e-01;1.727650e-02;9.775562e-03;2.619491e-02;6.660304e-03
3.056016e-02;6.942415e-02;8.571108e-03;1.679634e-02;1.077370e-02;1.120151e-01;5.232074e-01;1.676862e-01;1.125434e-02;1.960858e-02;2.405170e-02;6.051317e-03
4.018262e-02;5.749477e-02;2.773256e-02;2.911194e-02;2.500807e-02;1.451703e-01;4.446976e-01;1.367329e-01;1.206794e-02;4.563685e-02;2.140515e-02;1.475921e-02
3.865660e-02;7.219144e-02;6.916440e-02;4.619582e-02;3.753227e-02;1.412342e-01;3.735311e-01;8.840615e-02;2.031551e-02;5.111155e-02;3.373412e-02;2.792681e-02
5.320605e-02;1.598143e-01;8.829556e-02;6.035049e-02;2.283506e-02;8.603222e-02;2.933755e-01;9.272215e-02;2.465868e-02;4.970968e-02;4.978437e-02;1.921599e-02
8.562189e-02;2.651570e-01;1.027477e-01;4.903699e-02;1.150596e-02;4.956169e-02;2.236122e-01;7.443202e-02;2.174555e-02;5.138822e-02;5.513969e-02;1.005105e-02
9.136127e-02;3.551065e-01;1.432154e-01;3.905754e-02;1.941304e-02;3.091438e-02;1.312741e-01;5.814637e-02;1.222218e-02;5.957678e-02;4.733246e-02;1.237989e-02
7.140256e-02;3.368493e-01;1.377642e-01;3.751562e-02;2.000643e-02;2.651243e-02;1.527777e-01;7.919690e-02;1.736620e-02;6.321943e-02;4.876792e-02;8.621280e-03
5.369753e-02;3.155957e-01;1.182110e-01;4.641989e-02;1.991601e-02;3.658324e-02;1.700126e-01;9.735756e-02;1.852355e-02;6.432338e-02;5.132083e-02;8.038709e-03
3.076942e-02;3.333867e-01;1.265441e-01;6.920303e-02;3.447112e-02;4.045811e-02;1.393349e-01;9.014221e-02;3.112492e-02;4.152386e-02;5.747642e-02;5.565276e-03
1.038165e-01;3.228546e-01;9.281024e-02;5.258523e-02;4.543853e-02;5.040231e-02;1.283415e-01;8.025295e-02;4.241822e-02;3.204177e-02;4.246622e-02;6.571941e-03
1.682201e-01;2.925144e-01;6.685616e-02;2.915746e-02;4.775599e-02;4.611738e-02;1.344578e-01;8.064509e-02;4.830311e-02;3.696062e-02;3.951497e-02;9.496904e-03
2.286982e-01;2.369765e-01;5.359057e-02;2.613419e-02;3.705021e-02;4.933979e-02;1.492958e-01;6.536239e-02;5.425886e-02;4.301393e-02;4.457396e-02;1.170562e-02
2.480807e-01;1.006573e-01;5.848868e-02;2.846769e-02;5.620497e-02;7.810820e-02;2.231145e-01;5.021553e-02;4.220943e-02;4.039957e-02;6.489026e-02;9.163204e-03
1.530541e-01;2.558894e-01;5.087291e-02;3.104467e-02;4.867015e-02;4.703249e-02;1.994357e-01;1.115732e-01;1.810475e-02;1.729897e-02;5.149347e-02;1.553031e-02
1.403366e-01;2.298989e-01;3.938766e-02;2.906835e-02;3.764398e-02;2.283231e-02;2.329621e-01;1.528402e-01;2.799235e-02;2.908775e-02;5.253050e-02;5.419333e-03
2.385936e-01;5.355835e-02;4.654519e-02;4.555537e-02;4.422354e-02;2.081947e-02;2.039116e-01;1.824664e-01;2.465084e-02;5.331210e-02;5.208287e-02;3.428057e-02
1.453306e-01;1.070229e-01;4.889757e-02;3.469645e-02;4.373628e-02;5.930392e-02;1.274938e-01;1.416801e-01;9.046128e-02;9.325264e-02;5.401502e-02;5.410943e-02
1.339813e-01;8.398623e-02;6.470522e-02;4.162065e-02;5.244774e-02;5.740590e-02;1.161011e-01;1.079308e-01;1.099945e-01;1.110167e-01;5.821528e-02;6.259463e-02
1.347643e-01;1.016072e-01;7.962782e-02;4.753165e-02;5.159795e-02;6.283764e-02;1.133904e-01;9.868335e-02;8.872548e-02;9.671413e-02;6.043871e-02;6.408146e-02
9.368163e-02;1.382248e-01;8.826483e-02;4.182737e-02;6.379809e-02;7.244825e-02;1.449006e-01;9.833157e-02;5.035724e-02;8.123396e-02;9.329405e-02;3.363761e-02
7.462787e-02;1.578774e-01;8.613776e-02;3.385212e-02;6.648100e-02;7.983875e-02;1.672835e-01;7.698977e-02;5.930081e-02;9.097391e-02;7.848260e-02;2.815450e-02
5.468701e-02;1.735673e-01;5.846457e-02;2.943841e-02;4.393744e-02;9.724739e-02;1.469057e-01;8.906595e-02;1.239425e-01;9.325016e-02;4.192253e-02;4.757107e-02
7.835814e-02;1.468433e-01;2.744836e-02;2.191187e-02;3.809354e-02;7.345497e-02;1.057452e-01;1.195811e-01;2.065857e-01;9.199030e-02;5.614589e-02;3.384173e-02
1.457375e-01;8.285798e-02;1.785096e-02;1.521800e-02;8.350670e-02;2.530731e-02;6.570105e-02;1.820677e-01;2.045023e-01;8.274931e-02;8.364730e-02;1.085383e-02
2.216182e-01;3.447880e-02;2.789221e-02;9.657050e-03;1.127199e-01;1.634409e-02;3.923641e-02;2.961744e-01;1.068779e-01;4.961314e-02;7.806309e-02;7.324731e-03
2.879282e-01;3.627650e-02;3.514796e-02;1.101894e-02;8.783575e-02;1.815922e-02;4.569092e-02;3.559001e-01;3.666706e-02;2.864148e-02;4.379812e-02;1.293572e-02
2.813593e-01;2.800046e-02;2.660236e-02;2.857788e-02;5.113047e-02;2.909539e-02;1.566972e-01;2.624684e-01;3.877166e-02;3.562156e-02;2.971507e-02;3.196030e-02
1.949507e-01;3.747791e-02;1.204575e-02;5.455903e-02;3.525426e-02;4.818026e-02;3.112052e-01;1.543176e-01;1.794322e-02;4.213950e-02;3.650032e-02;5.542626e-02
1.590677e-01;4.839595e-02;1.576486e-02;5.469147e-02;2.542782e-02;7.096974e-02;3.906565e-01;7.912678e-02;1.969544e-02;3.493826e-02;4.341535e-02;5.785008e-02
1.725254e-01;6.617913e-02;1.837050e-02;3.154409e-02;2.040944e-02;7.252748e-02;3.289150e-01;9.284819e-02;1.983721e-02;2.152629e-02;1.310302e-01;2.428702e-02
1.440123e-01;7.596780e-02;1.824012e-02;3.082175e-02;1.644447e-02;4.017578e-02;2.584831e-01;1.159318e-01;2.280385e-02;2.061014e-02;2.247816e-01;3.172723e-02
1.590670e-01;9.240780e-02;1.668012e-02;3.328750e-02;1.746191e-02;2.234546e-02;2.362527e-01;1.249437e-01;2.579901e-02;3.115249e-02;2.058169e-01;3.478549e-02
2.259531e-01;8.917315e-02;2.535530e-02;3.715454e-02;2.210461e-02;4.824096e-02;2.104552e-01;1.292700e-01;1.926287e-02;3.843481e-02;1.294792e-01;2.511635e-02
1.581383e-01;2.059686e-02;3.091562e-02;2.151910e-02;2.378974e-02;6.421051e-02;1.228739e-01;1.298279e-01;2.272039e-02;3.510920e-02;3.460464e-01;2.425199e-02
1.459100e-01;2.933592e-02;3.559997e-02;1.401814e-02;1.925516e-02;7.780886e-02;1.102239e-01;8.554431e-02;4.176352e-02;3.469066e-02;3.856590e-01;2.019047e-02
1.425647e-01;1.867432e-02;3.966237e-02;1.540020e-02;1.278998e-02;9.214179e-02;1.067237e-01;5.141994e-02;4.865790e-02;4.526554e-02;4.113731e-01;1.532642e-02
1.527732e-01;3.851369e-02;4.462155e-02;1.178152e-02;7.312824e-03;8.532067e-02;9.057865e-02;4.463307e-02;3.896433e-02;5.627910e-02;4.203368e-01;8.884593e-03
1.861440e-01;3.139938e-02;4.599231e-02;9.784853e-03;1.396844e-02;5.660101e-02;6.387891e-02;6.349888e-02;6.433000e-02;4.970731e-02;4.023588e-01;1.233613e-02
2.754334e-01;8.367997e-02;4.052411e-02;1.688437e-02;2.908267e-02;3.785182e-02;7.830318e-02;4.793033e-02;6.861466e-02;3.305867e-02;2.595911e-01;2.904567e-02
3.440048e-01;7.027871e-02;2.567076e-02;2.592633e-02;2.407988e-02;2.359366e-02;7.790052e-02;4.301809e-02;3.781053e-02;2.647282e-02;2.632111e-01;3.803281e-02
4.431108e-01;5.200314e-02;1.174950e-02;5.240078e-02;1.154130e-02;1.661914e-02;7.860590e-02;4.652247e-02;2.000945e-02;2.360982e-02;2.054225e-01;3.840515e-02
5.208617e-01;1.131148e-01;1.449461e-02;4.955618e-02;1.794797e-02;1.378460e-02;5.223773e-02;5.811756e-02;2.238110e-02;1.800047e-02;9.387770e-02;2.562560e-02
4.987540e-01;2.195030e-01;2.234191e-02;2.150900e-02;3.147641e-02;1.242098e-02;3.188489e-02;6.224701e-02;2.556450e-02;1.173694e-02;5.212235e-02;1.043907e-02
3.776049e-01;3.821481e-01;1.770645e-02;3.110973e-02;2.937614e-02;2.020062e-02;2.275163e-02;4.292491e-02;3.779768e-02;1.319947e-02;2.268245e-02;2.497822e-03
2.326556e-01;5.170434e-01;1.471622e-02;6.858301e-02;6.929174e-03;3.743950e-02;1.239890e-02;1.819346e-02;6.088885e-02;1.399280e-02;1.304881e-02;4.110287e-03
1.591661e-01;5.897317e-01;2.481660e-02;5.833177e-02;6.858816e-03;4.238846e-02;6.651161e-03;2.419288e-02;5.435865e-02;1.546668e-02;1.388149e-02;4.155688e-03
1.974006e-01;5.728548e-01;4.280105e-02;2.907008e-02;1.593949e-02;3.034775e-02;1.078974e-02;3.189240e-02;2.749036e-02;1.778225e-02;1.873356e-02;4.897918e-03
2.256199e-01;4.677927e-01;7.269389e-02;5.636774e-02;2.697778e-02;2.249597e-02;2.491906e-02;3.193460e-02;1.551339e-02;1.508718e-02;3.391168e-02;6.686145e-03
2.385450e-01;2.973331e-01;8.899598e-02;1.129539e-01;3.490923e-02;3.976898e-02;2.421381e-02;7.164694e-02;1.704966e-02;1.364252e-02;5.232958e-02;8.611258e-03
1.713618e-01;1.503658e-01;6.922553e-02;1.939663e-01;4.417595e-02;6.099300e-02;3.150058e-02;1.532681e-01;1.483142e-02;1.655183e-02;6.656569e-02;2.719404e-02
7.866182e-02;1.610431e-01;6.821148e-02;1.613083e-01;8.261008e-02;6.786676e-02;6.205327e-02;1.862693e-01;1.527496e-02;1.621105e-02;4.516513e-02;5.532473e-02
8.338296e-02;1.825656e-01;5.345440e-02;6.329911e-02;8.498140e-02;6.607201e-02;1.751864e-01;1.366301e-01;1.893229e-02;1.948716e-02;5.421963e-02;6.178889e-02
1.592214e-01;2.272753e-01;2.993110e-02;2.937232e-02;3.970075e-02;5.564607e-02;2.032507e-01;1.154106e-01;1.801010e-02;2.242705e-02;5.659389e-02;4.316080e-02
1.782145e-01;2.031261e-01;4.194025e-02;3.588255e-02;3.492219e-02;9.032334e-02;1.745329e-01;1.018137e-01;1.854955e-02;3.208843e-02;4.699473e-02;4.161173e-02
1.165309e-01;1.630584e-01;4.952727e-02;6.022914e-02;6.124723e-02;1.084000e-01;1.382976e-01;8.134943e-02;2.537301e-02;3.856510e-02;1.102470e-01;4.717505e-02
2.417368e-02;1.279478e-01;5.104179e-02;9.250490e-02;6.535836e-02;9.581736e-02;1.146769e-01;1.087941e-01;3.843168e-02;2.410817e-02;2.105915e-01;4.655377e-02
7.290836e-02;8.764720e-02;6.193453e-02;9.039680e-02;6.613072e-02;6.226070e-02;1.023877e-01;9.959605e-02;6.254923e-02;3.939818e-02;2.327838e-01;2.200667e-02
6.881181e-02;7.506137e-02;8.310275e-02;1.153065e-01;6.696872e-02;4.469104e-02;1.556904e-01;5.766131e-02;6.561016e-02;4.556903e-02;1.993764e-01;2.215052e-02
4.644743e-02;7.312405e-02;8.683565e-02;1.254867e-01;5.007421e-02;3.826623e-02;2.274466e-01;6.841663e-02;3.807444e-02;4.441005e-02;1.906306e-01;1.078744e-02
3.073365e-02;6.611022e-02;1.187314e-01;7.239842e-02;3.028410e-02;2.644757e-02;2.585713e-01;5.402794e-02;1.451529e-02;1.333531e-01;1.883810e-01;6.445969e-03
2.393463e-02;8.884681e-02;1.216552e-01;2.830945e-02;4.204531e-02;3.994760e-02;1.868149e-01;2.009830e-02;4.100583e-02;2.509635e-01;1.478371e-01;8.541436e-03
1.938026e-02;1.211212e-01;6.888983e-02;1.326047e-02;2.941237e-02;1.302207e-01;7.278781e-02;2.186789e-02;1.508563e-01;2.708516e-01;8.848143e-02;1.287019e-02
3.117133e-02;1.389598e-01;2.045874e-02;1.139340e-02;1.545972e-02;2.254908e-01;2.303554e-02;3.408277e-02;2.718382e-01;1.691641e-01;4.685759e-02;1.208808e-02
4.033456e-02;1.529136e-01;4.373697e-03;9.703084e-03;1.897773e-02;2.470539e-01;2.554425e-02;6.917858e-02;3.534125e-01;4.722043e-02;2.524234e-02;6.045277e-03
3.791210e-02;1.637422e-01;9.382542e-03;1.011711e-02;1.557347e-02;1.894773e-01;3.989485e-02;1.574204e-01;3.396522e-01;1.583325e-02;1.324278e-02;7.751806e-03
6.806010e-02;1.655832e-01;1.492083e-02;7.712560e-03;1.581297e-02;1.491867e-01;6.788269e-02;1.909387e-01;2.595083e-01;3.540760e-02;1.451460e-02;1.047177e-02
1.450450e-01;1.798760e-01;1.818723e-02;7.783930e-03;1.974181e-02;1.122627e-01;8.180081e-02;1.636824e-01;1.677472e-01;4.258871e-02;4.961984e-02;1.166424e-02
1.712465e-01;1.751954e-01;3.714590e-02;1.600585e-02;2.585146e-02;8.726582e-02;8.155352e-02;1.857549e-01;7.599934e-02;4.736758e-02;8.011293e-02;1.650082e-02
2.201978e-01;1.906057e-01;3.727192e-02;1.182597e-02;1.640245e-02;1.073960e-01;5.223455e-02;1.970448e-01;9.986132e-02;1.945015e-02;4.096307e-02;6.746313e-03
2.797509e-01;2.142387e-01;2.614273e-02;9.231417e-03;3.258339e-02;1.007547e-01;4.709447e-02;1.645956e-01;7.511892e-02;1.911538e-02;2.788411e-02;3.489800e-03
3.086376e-01;2.483565e-01;1.852762e-02;5.054388e-03;4.843614e-02;8.827577e-02;3.369562e-02;9.399852e-02;9.738632e-02;2.679034e-02;2.546121e-02;5.379984e-03
3.195618e-01;2.953449e-01;2.102393e-02;4.870057e-03;3.652719e-02;6.597909e-02;5.845966e-02;3.404304e-02;1.089486e-01;2.227034e-02;2.409227e-02;8.879096e-03
3.262365e-01;3.571684e-01;2.256099e-02;8.796265e-03;1.650937e-02;4.182741e-02;7.655278e-02;4.717639e-02;6.063267e-02;1.077574e-02;2.447477e-02;7.288795e-03
2.138077e-01;3.818890e-01;3.468929e-02;2.342594e-02;1.359190e-02;2.625339e-02;8.848035e-02;7.581250e-02;5.276426e-02;1.274573e-02;6.248310e-02;1.405688e-02
1.790719e-01;3.024404e-01;5.604665e-02;3.936855e-02;1.998069e-02;3.363726e-02;8.300161e-02;8.113836e-02;5.687080e-02;2.413875e-02;1.006382e-01;2.366672e-02
1.348898e-01;2.004515e-01;7.787635e-02;7.288483e-02;2.969710e-02;4.481411e-02;7.933101e-02;1.433320e-01;4.565698e-02;2.417952e-02;1.253804e-01;2.150649e-02
7.158705e-02;1.679497e-01;8.124364e-02;1.072676e-01;5.701924e-02;6.058146e-02;4.536825e-02;1.692581e-01;5.357122e-02;2.648713e-02;1.347676e-01;2.489907e-02
7.290499e-02;1.545054e-01;8.181283e-02;7.808201e-02;8.061115e-02;6.760547e-02;1.130332e-01;1.349385e-01;5.025143e-02;4.869359e-02;7.321517e-02;4.434626e-02
6.322848e-02;1.486537e-01;8.705569e-02;8.909007e-02;6.254709e-02;7.546937e-02;1.427720e-01;1.348258e-01;2.658568e-02;4.372467e-02;7.872785e-02;4.731970e-02
6.663105e-02;2.114154e-01;8.020088e-02;1.169428e-01;3.462202e-02;1.108763e-01;1.269750e-01;1.509808e-01;7.788870e-03;1.788287e-02;5.539725e-02;2.028681e-02
4.044091e-02;2.293999e-01;9.986796e-02;1.516162e-01;3.970872e-02;1.397275e-01;4.821982e-02;1.448592e-01;1.224351e-02;1.307070e-02;6.203712e-02;1.880859e-02
3.778405e-02;2.307801e-01;1.063079e-01;1.400564e-01;6.799372e-02;1.295529e-01;5.617351e-02;1.325261e-01;1.786400e-02;8.674834e-03;5.126047e-02;2.102615e-02
6.629957e-02;2.018462e-01;9.433327e-02;8.347769e-02;9.527131e-02;1.183184e-01;1.292634e-01;8.536691e-02;2.749238e-02;1.737756e-02;4.913153e-02;3.182179e-02
6.033308e-02;7.703977e-02;7.575426e-02;6.434733e-02;1.105509e-01;1.385052e-01;1.914125e-01;8.837136e-02;2.631305e-02;2.120790e-02;9.711201e-02;4.905259e-02
7.292639e-02;1.587863e-01;7.922532e-02;3.965627e-02;1.011429e-01;1.209177e-01;1.788148e-01;5.469437e-02;2.772856e-02;2.004625e-02;9.133753e-02;5.472348e-02
8.820565e-02;3.077747e-01;8.087129e-02;2.456474e-02;5.119751e-02;7.643792e-02;1.853056e-01;8.685541e-02;1.621418e-02;1.635183e-02;3.462573e-02;3.159545e-02
1.325033e-01;4.295736e-01;8.252702e-02;2.895495e-02;3.563298e-02;5.826738e-02;1.181315e-01;5.025735e-02;1.719931e-02;1.143030e-02;2.615048e-02;9.371883e-03
1.855955e-01;4.635426e-01;6.917123e-02;3.236969e-02;3.373460e-02;3.732063e-02;8.164904e-02;4.465404e-02;2.280397e-02;9.922373e-03;1.334048e-02;5.895814e-03
1.104716e-01;2.775971e-01;4.326965e-02;3.826375e-02;4.365383e-02;7.599082e-02;1.890652e-01;1.133877e-01;2.152046e-02;2.028703e-02;4.244307e-02;2.404975e-02
4.795233e-02;1.489097e-01;3.686258e-02;4.281981e-02;3.999407e-02;1.308230e-01;3.081628e-01;1.061624e-01;2.379727e-02;2.466435e-02;5.750920e-02;3.234257e-02
8.778634e-02;8.711505e-02;2.407599e-02;2.581220e-02;5.635574e-02;1.782436e-01;3.480527e-01;9.047452e-02;2.836770e-02;1.745154e-02;2.629413e-02;2.997044e-02
9.082875e-02;5.406350e-02;1.828456e-02;1.051052e-02;6.947616e-02;2.023335e-01;3.711869e-01;1.100195e-01;1.777671e-02;2.357709e-02;7.758182e-03;2.418458e-02
1.149387e-01;1.643750e-02;1.712689e-02;1.039548e-02;6.300774e-02;1.934545e-01;3.774930e-01;1.353353e-01;1.109889e-02;3.381848e-02;6.140719e-03;2.075284e-02
1.308250e-01;2.303717e-02;1.257822e-02;1.459953e-02;4.498190e-02;2.033050e-01;3.643614e-01;1.421572e-01;7.890958e-03;3.847411e-02;1.171145e-02;6.077974e-03
1.228888e-01;1.782497e-02;1.670776e-02;1.349062e-02;4.897342e-02;2.113370e-01;3.456555e-01;1.222465e-01;1.549214e-02;3.526961e-02;1.087059e-02;3.924305e-02
9.478211e-02;9.290609e-03;2.354433e-02;1.200541e-02;8.993261e-02;2.075564e-01;3.189604e-01;8.396992e-02;2.659845e-02;2.521144e-02;9.244414e-03;9.890383e-02
3.968335e-02;1.203325e-02;2.561281e-02;2.109128e-02;1.558230e-01;1.747770e-01;2.665183e-01;4.252443e-02;3.933235e-02;1.335754e-02;1.300139e-02;1.962453e-01
2.976010e-02;4.184335e-02;3.310439e-02;3.959660e-02;1.804548e-01;1.276325e-01;1.830228e-01;3.170551e-02;3.412824e-02;8.777220e-03;2.989937e-02;2.600752e-01
2.575793e-02;8.780108e-02;5.747586e-02;9.067503e-02;1.471316e-01;9.471042e-02;1.064482e-01;3.636283e-02;2.475985e-02;6.159786e-03;7.527103e-02;2.474464e-01
3.284470e-02;1.329792e-01;7.374304e-02;1.714869e-01;1.076121e-01;5.881085e-02;7.170891e-02;7.542621e-02;1.179118e-02;8.623763e-03;1.288493e-01;1.261237e-01
3.559956e-02;1.889424e-01;9.160305e-02;1.914174e-01;8.148174e-02;3.026103e-02;7.431588e-02;1.212322e-01;1.748816e-02;2.125193e-02;1.076480e-01;3.875862e-02
6.497771e-02;2.678712e-01;1.226633e-01;1.061028e-01;4.792136e-02;1.903255e-02;8.829869e-02;1.397143e-01;2.684549e-02;5.236629e-02;5.105395e-02;1.315244e-02
