4.400732e-02;1.066908e-01;2.189479e-01;7.598612e-02;7.905134e-02;1.433466e-01;3.420327e-02;7.045994e-02;9.359710e-02;2.482854e-02;6.748109e-02;4.139984e-02
2.871118e-02;7.036442e-02;2.052493e-01;5.265963e-02;8.048657e-02;2.037105e-01;7.059584e-02;6.182392e-02;8.463176e-02;2.717649e-02;7.644435e-02;3.814597e-02
2.126085e-02;3.702709e-02;1.521506e-01;8.415896e-02;4.761331e-02;2.002611e-01;1.812021e-01;3.351178e-02;6.055727e-02;2.165170e-02;6.674708e-02;9.385818e-02
3.152435e-02;5.455956e-02;8.213658e-02;1.314415e-01;2.243225e-02;1.305463e-01;3.146717e-01;1.779972e-02;2.987250e-02;1.676729e-02;3.530590e-02;1.329424e-01
3.004196e-02;6.944005e-02;5.531230e-02;1.441530e-01;3.023915e-02;8.755852e-02;3.442158e-01;2.556875e-02;3.028565e-02;1.656350e-02;2.659637e-02;1.400249e-01
2.636531e-02;6.775768e-02;7.234427e-02;1.071267e-01;4.460388e-02;1.304403e-01;2.644673e-01;3.745257e-02;4.349004e-02;2.786584e-02;5.328156e-02;1.248045e-01
2.389826e-02;7.801363e-02;7.819296e-02;6.566378e-02;7.661749e-02;1.898612e-01;1.509629e-01;5.330703e-02;7.958437e-02;4.495935e-02;7.311440e-02;8.582473e-02
3.986597e-02;8.761725e-02;5.335088e-02;5.509694e-02;1.196890e-01;1.529485e-01;1.305525e-01;9.852845e-02;1.226840e-01;6.027604e-02;3.391176e-02;4.547862e-02
6.653672e-02;6.151895e-02;2.060620e-02;6.906148e-02;8.318337e-02;8.815312e-02;2.128780e-01;1.276024e-01;1.535325e-01;6.057166e-02;2.809308e-02;2.826251e-02
5.542698e-02;3.309344e-02;5.330452e-02;8.271137e-02;5.610111e-02;1.110964e-01;2.087573e-01;1.380914e-01;1.699211e-01;4.824005e-02;2.674477e-02;1.651152e-02
3.082765e-02;3.399377e-02;1.060775e-01;1.316150e-01;5.435317e-02;1.116291e-01;1.377284e-01;1.616513e-01;1.636677e-01;3.807843e-02;1.059130e-02;1.978678e-02
3.200100e-02;3.081971e-02;8.967601e-02;1.444405e-01;4.336034e-02;1.145710e-01;1.416976e-01;1.827068e-01;1.501982e-01;2.911267e-02;2.129964e-02;2.011660e-02
2.626108e-02;3.246601e-02;6.773572e-02;1.365937e-01;2.687189e-02;1.128311e-01;1.300782e-01;2.136805e-01;1.660929e-01;3.228515e-02;2.865367e-02;2.645009e-02
2.652609e-02;7.231253e-02;9.491105e-02;1.249724e-01;3.109492e-02;7.606339e-02;9.419729e-02;1.857037e-01;1.924544e-01;2.970204e-02;3.986796e-02;3.219423e-02
2.734651e-02;1.214961e-01;1.038212e-01;9.895907e-02;5.863667e-02;1.145103e-01;8.094043e-02;1.243426e-01;1.452335e-01;3.958592e-02;6.218509e-02;2.294254e-02
7.424922e-02;1.945550e-01;1.910247e-01;7.947863e-02;4.438536e-02;9.861026e-02;6.615123e-02;8.856302e-02;6.480234e-02;1.795489e-02;3.841653e-02;4.180883e-02
6.897468e-02;2.822672e-01;2.331672e-01;6.990922e-02;4.512551e-02;6.609078e-02;5.527222e-02;6.926361e-02;4.656370e-02;1.961704e-02;1.545352e-02;2.829525e-02
5.340558e-02;3.794255e-01;2.638363e-01;5.133565e-02;3.256816e-02;5.436456e-02;2.997365e-02;4.263800e-02;4.466149e-02;2.179896e-02;6.216081e-03;1.977611e-02
5.996835e-02;4.575267e-01;2.618567e-01;4.328160e-02;2.194231e-02;5.066163e-02;1.064747e-02;1.019241e-02;4.608317e-02;1.672844e-02;8.387406e-03;1.272384e-02
1.385330e-01;4.778600e-01;1.780998e-01;2.329479e-02;1.571300e-02;3.288569e-02;1.436213e-02;2.322369e-02;5.463389e-02;1.655900e-02;6.907747e-03;1.792732e-02
3.087064e-01;3.673328e-01;7.459429e-02;1.389309e-02;1.989987e-02;2.060888e-02;3.355630e-02;4.732077e-02;5.631850e-02;5.872967e-03;2.943934e-03;4.895222e-02
3.760058e-01;2.053190e-01;3.710397e-02;8.418143e-03;4.309926e-02;1.503087e-02;3.952942e-02;1.522613e-01;3.810200e-02;7.952815e-03;9.507340e-03;6.767007e-02
2.815029e-01;1.626381e-01;4.530624e-02;6.807358e-03;5.021210e-02;1.799973e-02;6.847705e-02;2.585185e-01;3.318344e-02;1.306614e-02;1.131306e-02;5.097537e-02
1.926803e-01;1.424243e-01;5.544916e-02;1.403933e-02;3.947642e-02;2.616420e-02;1.039158e-01;3.040007e-01;4.661359e-02;1.456499e-02;1.173147e-02;4.893973e-02
1.231890e-01;2.074555e-01;7.889853e-02;1.992657e-02;3.790017e-02;5.456625e-02;7.504811e-02;2.525972e-01;6.182618e-02;1.433928e-02;1.132638e-02;6.292672e-02
5.029018e-02;2.479275e-01;1.021940e-01;5.149613e-02;3.701619e-02;9.666610e-02;3.861526e-02;1.778529e-01;5.937383e-02;3.649965e-02;6.559832e-03;9.550840e-02
1.428310e-01;2.122616e-01;8.749180e-02;8.667125e-02;2.512552e-02;9.249199e-02;8.141526e-02;1.004032e-01;2.874051e-02;3.336338e-02;7.658264e-03;1.015462e-01
2.146220e-01;2.496693e-01;6.593201e-02;1.034107e-01;2.370568e-02;6.178201e-02;8.798875e-02;5.522922e-02;2.600891e-02;1.763016e-02;6.922806e-03;8.709853e-02
2.243520e-01;3.147803e-01;1.046710e-01;8.537356e-02;3.716169e-02;2.617801e-02;6.601639e-02;3.538160e-02;3.599246e-02;8.597955e-03;1.415905e-02;4.733603e-02
2.279096e-01;2.842069e-01;1.261131e-01;6.109713e-02;4.589515e-02;4.458430e-02;5.154226e-02;5.350337e-02;5.375785e-02;1.978228e-02;9.973434e-03;2.163466e-02
3.060005e-01;2.149086e-01;1.019984e-01;2.606818e-02;2.952908e-02;6.322148e-02;3.153932e-02;1.140614e-01;5.753692e-02;2.391692e-02;1.345301e-02;1.776615e-02
2.845289e-01;1.909700e-01;1.191868e-01;2.067902e-02;2.016859e-02;6.243878e-02;3.336528e-02;1.235478e-01;6.818499e-02;2.450516e-02;1.196593e-02;4.045878e-02
2.263412e-01;1.389959e-01;6.080136e-02;4.338771e-02;3.735418e-02;8.382315e-02;8.330593e-02;9.075927e-02;5.436072e-02;4.150309e-02;4.544154e-02;9.392591e-02
2.275583e-01;1.458327e-01;4.565133e-02;5.197841e-02;3.307294e-02;9.107758e-02;1.094063e-01;5.483222e-02;2.767695e-02;4.371928e-02;4.660893e-02;1.225851e-01
2.046052e-01;2.190562e-01;5.173405e-02;6.523286e-02;6.271834e-02;7.742189e-02;9.505395e-02;4.350800e-02;2.515781e-02;3.048266e-02;3.554578e-02;8.948325e-02
1.385927e-01;3.182410e-01;8.263153e-02;1.215511e-01;6.554519e-02;6.276063e-02;7.012822e-02;2.685616e-02;2.539979e-02;1.405772e-02;3.453834e-02;3.969765e-02
8.468368e-02;4.036151e-01;9.089866e-02;1.274962e-01;5.343687e-02;5.124712e-02;8.958496e-02;1.652727e-02;3.734680e-02;6.123251e-03;2.578637e-02;1.325368e-02
6.013155e-02;4.578092e-01;8.014190e-02;1.408653e-01;2.700170e-02;6.707391e-02;5.760175e-02;1.778499e-02;6.111803e-02;4.836992e-03;1.506290e-02;1.057175e-02
3.945635e-02;4.022329e-01;1.215443e-01;1.823238e-01;1.581525e-02;1.195126e-01;1.791167e-02;1.436007e-02;6.529767e-02;6.707785e-03;3.026124e-03;1.181156e-02
2.440500e-02;3.443677e-01;1.574768e-01;1.732046e-01;1.044619e-02;1.732523e-01;1.500854e-02;1.628782e-02;5.495774e-02;7.920219e-03;2.503351e-03;2.016963e-02
1.803682e-02;3.031401e-01;2.147893e-01;1.502322e-01;1.950110e-02;1.793104e-01;1.007809e-02;2.358441e-02;3.607310e-02;1.001645e-02;4.432644e-03;3.080542e-02
1.487080e-02;3.104531e-01;2.880542e-01;1.102863e-01;1.702477e-02;1.323011e-01;6.930504e-03;3.399021e-02;3.200861e-02;6.362059e-03;5.201335e-03;4.251698e-02
1.596512e-02;3.374639e-01;3.451883e-01;6.035692e-02;1.684163e-02;7.931139e-02;7.603353e-03;4.480662e-02;3.261800e-02;1.063564e-02;3.990891e-03;4.521817e-02
1.481802e-02;3.916782e-01;3.581835e-01;2.887811e-02;1.650007e-02;5.681419e-02;6.331097e-03;3.947734e-02;2.661714e-02;1.699162e-02;2.983196e-03;4.072761e-02
2.062781e-02;4.202215e-01;3.347820e-01;2.002873e-02;2.426039e-02;6.179437e-02;8.625548e-03;2.616939e-02;1.556461e-02;2.123223e-02;2.444864e-03;4.424851e-02
3.298237e-02;3.628764e-01;3.154074e-01;4.795654e-02;4.035942e-02;5.837521e-02;2.428554e-02;2.091386e-02;1.422760e-02;1.886458e-02;9.687833e-03;5.406331e-02
5.218488e-02;1.828277e-01;3.102892e-01;8.864411e-02;4.968146e-02;7.257734e-02;3.922795e-02;5.376501e-02;2.664276e-02;2.587458e-02;2.892954e-02;6.935547e-02
7.317010e-02;2.618468e-01;2.167007e-01;7.161444e-02;4.623549e-02;7.800863e-02;2.943528e-02;4.717379e-02;4.701428e-02;2.495867e-02;6.338070e-02;4.046114e-02
8.760685e-02;3.189853e-01;1.666447e-01;5.419568e-02;4.045801e-02;8.239572e-02;3.915435e-02;2.436618e-02;5.584832e-02;1.954716e-02;8.320655e-02;2.759124e-02
9.813271e-02;3.507452e-01;1.634892e-01;4.924103e-02;1.988071e-02;7.153556e-02;2.648612e-02;3.825027e-02;6.298425e-02;1.871548e-02;6.389347e-02;3.664595e-02
8.648466e-02;4.440160e-01;2.016552e-01;2.007408e-02;1.870587e-02;5.622545e-02;3.093121e-02;3.640405e-02;4.231391e-02;1.026765e-02;2.760302e-02;2.531888e-02
9.010524e-02;4.794258e-01;1.964921e-01;6.963873e-03;2.799827e-02;5.267485e-02;3.103127e-02;3.497625e-02;3.121903e-02;1.386364e-02;1.084034e-02;2.440933e-02
1.102290e-01;4.566163e-01;1.311944e-01;1.030022e-02;2.401312e-02;7.422476e-02;3.275759e-02;5.174635e-02;2.885513e-02;2.021225e-02;2.007575e-02;3.977507e-02
9.640238e-02;4.350266e-01;1.027321e-01;1.273358e-02;1.472972e-02;1.170309e-01;3.272659e-02;5.259598e-02;3.374245e-02;2.358299e-02;2.769815e-02;5.099860e-02
7.452358e-02;4.506704e-01;1.049646e-01;2.023126e-02;1.782218e-02;8.046006e-02;4.468487e-02;5.035764e-02;4.854494e-02;3.200046e-02;2.914176e-02;4.659832e-02
7.499740e-02;4.189782e-01;1.430752e-01;2.066908e-02;1.597854e-02;8.937471e-02;4.440524e-02;3.603532e-02;6.142011e-02;2.865221e-02;1.969936e-02;4.671468e-02
4.229362e-02;3.521267e-01;3.085820e-01;2.288916e-02;2.024784e-02;5.991487e-02;2.521295e-02;4.146374e-02;5.576606e-02;2.317331e-02;1.208299e-02;3.624674e-02
3.281997e-02;2.803281e-01;4.287575e-01;1.772916e-02;1.857515e-02;4.781996e-02;1.508862e-02;4.188230e-02;5.751379e-02;2.317674e-02;1.157427e-02;2.473449e-02
4.595122e-02;3.619988e-01;3.580564e-01;1.505186e-02;1.053754e-02;4.210826e-02;1.210688e-02;2.887207e-02;4.546006e-02;2.037284e-02;2.013122e-02;3.935293e-02
6.264628e-02;3.223397e-01;2.922350e-01;1.451563e-02;1.211433e-02;5.046915e-02;2.378994e-02;2.327176e-02;3.001721e-02;1.721801e-02;2.724585e-02;1.241371e-01
5.962448e-02;1.653646e-01;2.706211e-01;2.907456e-02;1.299416e-02;5.600019e-02;5.010234e-02;1.383443e-02;2.156608e-02;3.059451e-02;2.166409e-02;2.685595e-01
4.011966e-02;1.816485e-01;2.592218e-01;3.343569e-02;1.193538e-02;4.014852e-02;5.091871e-02;2.167990e-02;1.923141e-02;3.883272e-02;1.280474e-02;2.900230e-01
5.909199e-02;2.739780e-01;2.690355e-01;2.821300e-02;6.413130e-03;3.348488e-02;3.449056e-02;1.734882e-02;1.237624e-02;3.238913e-02;1.052003e-02;2.226587e-01
6.906268e-02;2.527100e-01;3.043255e-01;1.387795e-02;1.133501e-02;2.588725e-02;2.754434e-02;1.846966e-02;2.118618e-02;2.438791e-02;1.741054e-02;2.138030e-01
5.742762e-02;2.599955e-01;2.986867e-01;1.978343e-02;1.499045e-02;2.292938e-02;3.225334e-02;4.061334e-02;4.373558e-02;2.329830e-02;2.846105e-02;1.578252e-01
5.321392e-02;3.784986e-01;2.418300e-01;1.757612e-02;1.010043e-02;3.808696e-02;3.062017e-02;4.897623e-02;5.898894e-02;2.169091e-02;2.341712e-02;7.700068e-02
6.638727e-02;4.484673e-01;1.819852e-01;2.572615e-02;1.243814e-02;4.329357e-02;2.418029e-02;5.802111e-02;5.569461e-02;2.091486e-02;1.981752e-02;4.307397e-02
8.170407e-02;4.598139e-01;1.074586e-01;1.761158e-02;1.403013e-02;5.906675e-02;3.905334e-02;6.810298e-02;4.002353e-02;2.459293e-02;2.216955e-02;6.637262e-02
6.592194e-02;3.671393e-01;1.975280e-01;3.735832e-02;2.060661e-02;6.940401e-02;3.371527e-02;7.047660e-02;4.348246e-02;2.430290e-02;1.580890e-02;5.425565e-02
9.066217e-02;2.876358e-01;2.455164e-01;5.064864e-02;2.531776e-02;6.305046e-02;4.423593e-02;5.080131e-02;4.741277e-02;3.207030e-02;1.606275e-02;4.658572e-02
1.138061e-01;2.053061e-01;2.375094e-01;4.357417e-02;2.216909e-02;9.227307e-02;5.131882e-02;5.274118e-02;4.939577e-02;5.090513e-02;1.867602e-02;6.232523e-02
9.589879e-02;2.370478e-01;2.000125e-01;1.991438e-02;3.595134e-02;5.896701e-02;6.251044e-02;1.064704e-01;5.889546e-02;4.546325e-02;2.937314e-02;4.949545e-02
7.165470e-02;1.483301e-01;2.633545e-01;4.117740e-02;4.401186e-02;7.379656e-02;9.227835e-02;8.171622e-02;8.659232e-02;2.628802e-02;2.807427e-02;4.272568e-02
4.818612e-02;2.359556e-01;2.065164e-01;3.978433e-02;7.286626e-02;6.821126e-02;5.883696e-02;1.373185e-01;7.234345e-02;1.909809e-02;2.162353e-02;1.925959e-02
6.227101e-02;2.397298e-01;1.522909e-01;2.531876e-02;1.165126e-01;4.639446e-02;2.720741e-02;2.235503e-01;6.277230e-02;1.266311e-02;1.977752e-02;1.151176e-02
7.974199e-02;1.968646e-01;9.519202e-02;1.354737e-02;1.942072e-01;2.066108e-02;2.974252e-02;2.892600e-01;4.639784e-02;5.797957e-03;1.932876e-02;9.258579e-03
9.385160e-02;1.059902e-01;6.146583e-02;1.090637e-02;3.139132e-01;1.789248e-02;4.794971e-02;2.802143e-01;3.915463e-02;3.950330e-03;1.861168e-02;6.099557e-03
1.035071e-01;1.071650e-01;6.271746e-02;1.222046e-02;4.148063e-01;1.998947e-02;2.801987e-02;1.973383e-01;3.056079e-02;2.976509e-03;1.799052e-02;2.708228e-03
1.033733e-01;1.293336e-01;5.857968e-02;6.466943e-03;4.395550e-01;1.742950e-02;2.252695e-02;1.643150e-01;2.570235e-02;5.658716e-03;2.081772e-02;6.241277e-03
9.575374e-02;9.496500e-02;3.945818e-02;3.357302e-03;4.374126e-01;4.765919e-02;3.260821e-02;1.683672e-01;2.657430e-02;8.102012e-03;3.800409e-02;7.738234e-03
9.605627e-02;8.626807e-02;2.933012e-02;5.604636e-03;3.450812e-01;6.111716e-02;4.210766e-02;1.753681e-01;6.880641e-02;8.852861e-03;7.487782e-02;6.529810e-03
1.063245e-01;8.627804e-02;2.867910e-02;6.528246e-03;2.262498e-01;2.520608e-02;4.035630e-02;1.695526e-01;1.454464e-01;1.689993e-02;1.418765e-01;6.602495e-03
1.162798e-01;7.155378e-02;3.352370e-02;3.709102e-03;1.599962e-01;8.624894e-03;2.260210e-02;1.726625e-01;1.377358e-01;3.457032e-02;2.296293e-01;9.112504e-03
1.343938e-01;4.940797e-02;4.786043e-02;3.831307e-03;1.450427e-01;1.640802e-02;2.302031e-02;1.849486e-01;5.955728e-02;3.568451e-02;2.753577e-01;2.448741e-02
1.473964e-01;1.046921e-01;6.097969e-02;4.559002e-03;1.491437e-01;1.485475e-02;3.185835e-02;1.864760e-01;2.452192e-02;1.958069e-02;2.145596e-01;4.137784e-02
1.504837e-01;1.859961e-01;9.111309e-02;7.696338e-03;1.640743e-01;1.632505e-02;4.430962e-02;1.753135e-01;1.969298e-02;6.631612e-03;9.885608e-02;3.950765e-02
1.295573e-01;1.882187e-01;1.254752e-01;1.166582e-02;1.424160e-01;2.340541e-02;6.711643e-02;1.451697e-01;5.305874e-02;1.799248e-02;5.361627e-02;4.230797e-02
1.041445e-01;1.222591e-01;1.371029e-01;1.569200e-02;9.755663e-02;4.879488e-02;6.586134e-02;1.490787e-01;8.627820e-02;2.954662e-02;1.120911e-01;3.159409e-02
1.238456e-01;1.536988e-01;1.050678e-01;1.033114e-02;1.253989e-01;4.329160e-02;4.523463e-02;1.440742e-01;5.753063e-02;3.244615e-02;1.413982e-01;1.768227e-02
1.383582e-01;1.437194e-01;7.690123e-02;1.332778e-02;1.814986e-01;4.054867e-02;3.399774e-02;1.304925e-01;8.439692e-02;3.643525e-02;1.040068e-01;1.631687e-02
1.190348e-01;1.255292e-01;7.139097e-02;1.018999e-02;2.058409e-01;5.678976e-02;4.464507e-02;1.162650e-01;1.609877e-01;4.037704e-02;2.846429e-02;2.048525e-02
9.658225e-02;9.585854e-02;7.159781e-02;1.366967e-02;2.179542e-01;5.527597e-02;6.775225e-02;1.001771e-01;1.675425e-01;6.898589e-02;2.330305e-02;2.130077e-02
7.687046e-02;8.074000e-02;6.413160e-02;1.824860e-02;2.305793e-01;8.584355e-02;6.873167e-02;7.835554e-02;1.263900e-01;1.105788e-01;3.591741e-02;2.361311e-02
5.346557e-02;1.167565e-01;1.391452e-01;1.762351e-02;2.121930e-01;1.094765e-01;5.607269e-02;6.728869e-02;8.550464e-02;8.459783e-02;3.205901e-02;2.581689e-02
4.735252e-02;1.751300e-01;2.116877e-01;1.918767e-02;1.772499e-01;1.384871e-01;5.805188e-02;6.004452e-02;4.599250e-02;2.824472e-02;2.023324e-02;1.833818e-02
5.318690e-02;2.104717e-01;2.288442e-01;1.473756e-02;1.478558e-01;1.226398e-01;5.304627e-02;5.819013e-02;3.638981e-02;2.895158e-02;2.015972e-02;2.552649e-02
5.612989e-02;2.326468e-01;2.234652e-01;2.095712e-02;1.074540e-01;1.020640e-01;3.595005e-02;6.328679e-02;5.694072e-02;3.815942e-02;2.706042e-02;3.588546e-02
5.355268e-02;2.389649e-01;1.663087e-01;3.140297e-02;6.515528e-02;8.282655e-02;2.530903e-02;1.206166e-01;1.125762e-01;3.921913e-02;2.990894e-02;3.415900e-02
4.634655e-02;1.486177e-01;1.346575e-01;1.999719e-02;7.092990e-02;6.205043e-02;3.658626e-02;2.891051e-01;1.190431e-01;3.860908e-02;1.700172e-02;1.705539e-02
3.891281e-02;1.051731e-01;1.385829e-01;2.067504e-02;1.215863e-01;6.587724e-02;3.288799e-02;3.155420e-01;9.996312e-02;3.155378e-02;1.353010e-02;1.571562e-02
7.512730e-02;1.574891e-01;1.244229e-01;2.394760e-02;1.418331e-01;5.180379e-02;2.714908e-02;2.630649e-01;8.110114e-02;1.981745e-02;1.357304e-02;2.067062e-02
1.391567e-01;1.954011e-01;1.071415e-01;2.228889e-02;1.498076e-01;3.492685e-02;4.717796e-02;1.955786e-01;5.413730e-02;1.653459e-02;2.601214e-02;1.183668e-02
1.550952e-01;1.982378e-01;1.296826e-01;1.684487e-02;1.477477e-01;3.188801e-02;5.312782e-02;1.350612e-01;7.973101e-02;2.985245e-02;1.146326e-02;1.126812e-02
1.377207e-01;1.518645e-01;1.474778e-01;2.570862e-02;1.419786e-01;4.768413e-02;3.439442e-02;1.233157e-01;1.017508e-01;4.034724e-02;3.143584e-02;1.632162e-02
5.986394e-02;6.686884e-02;1.045826e-01;4.376113e-02;1.040376e-01;8.967619e-02;1.176872e-01;1.891316e-01;9.915449e-02;7.021403e-02;1.021131e-02;4.481111e-02
6.392258e-02;5.072180e-02;8.062648e-02;4.554935e-02;1.029513e-01;7.796864e-02;9.829357e-02;2.665364e-01;9.689282e-02;6.386026e-02;2.214726e-02;3.052956e-02
8.231498e-02;3.600362e-02;6.333070e-02;4.257176e-02;8.898021e-02;5.570001e-02;7.478169e-02;3.276547e-01;9.048465e-02;7.883076e-02;3.052768e-02;2.881917e-02
1.135535e-01;2.298386e-02;3.452115e-02;4.411164e-02;5.486999e-02;5.106351e-02;9.640577e-02;3.290935e-01;6.081860e-02;8.311282e-02;3.043454e-02;7.903103e-02
1.314481e-01;1.344574e-02;1.281643e-02;7.296627e-02;1.794723e-02;5.766987e-02;1.928844e-01;2.288825e-01;2.348359e-02;8.440021e-02;1.502476e-02;1.490308e-01
7.903311e-02;1.112495e-02;8.477293e-03;9.637655e-02;1.129086e-02;5.210041e-02;2.903100e-01;1.011074e-01;1.114633e-02;8.727653e-02;8.406683e-03;2.433499e-01
2.883892e-02;9.869933e-03;6.391005e-03;1.076368e-01;1.498505e-02;2.863652e-02;3.260493e-01;4.147342e-02;1.953074e-02;9.829531e-02;4.124690e-03;3.141684e-01
5.449755e-02;8.422771e-03;1.013324e-02;8.581382e-02;1.657116e-02;4.928695e-02;2.461809e-01;1.166235e-01;2.221876e-02;9.469208e-02;1.382265e-02;2.817365e-01
1.410368e-01;6.224123e-03;1.037092e-02;4.930708e-02;1.460733e-02;6.587275e-02;1.660970e-01;2.132030e-01;2.352774e-02;7.019778e-02;1.005258e-02;2.295029e-01
2.038001e-01;1.116315e-02;1.005679e-02;2.856953e-02;2.008859e-02;5.360088e-02;1.177969e-01;3.005014e-01;1.896691e-02;3.663075e-02;8.177153e-03;1.906479e-01
2.015871e-01;1.225062e-02;1.359667e-02;2.661275e-02;2.842161e-02;5.185079e-02;1.068723e-01;3.693708e-01;1.694939e-02;2.689425e-02;1.450834e-02;1.310853e-01
1.587559e-01;1.203081e-02;1.703196e-02;2.649393e-02;4.705174e-02;4.461841e-02;1.381523e-01;4.271558e-01;2.008065e-02;4.532054e-02;1.375659e-02;4.955154e-02
1.184569e-01;1.166870e-02;1.596443e-02;1.229345e-02;6.962959e-02;3.798657e-02;1.911693e-01;4.317981e-01;1.389364e-02;4.659280e-02;3.311805e-02;1.742858e-02
7.545370e-02;2.022056e-02;1.379082e-02;1.106212e-02;8.652733e-02;3.927863e-02;1.965875e-01;4.223146e-01;2.142202e-02;4.549496e-02;5.298728e-02;1.486048e-02
3.796882e-02;3.569862e-02;1.164832e-02;1.789873e-02;9.039541e-02;3.666541e-02;1.459144e-01;4.817789e-01;2.537222e-02;3.769394e-02;6.020770e-02;1.875759e-02
7.662424e-02;4.422640e-02;2.230482e-02;2.827676e-02;7.625064e-02;4.749808e-02;9.366111e-02;4.784033e-01;3.149943e-02;4.171648e-02;4.395677e-02;1.558194e-02
1.013087e-01;3.398331e-02;1.891360e-02;3.220290e-02;5.097760e-02;4.162947e-02;1.667949e-01;3.483424e-01;5.584088e-02;9.938609e-02;1.701843e-02;3.360172e-02
5.948732e-02;2.631601e-02;1.884189e-02;2.128883e-02;6.121241e-02;3.919255e-02;2.292916e-01;2.510142e-01;5.393366e-02;1.349439e-01;3.543306e-02;6.904458e-02
3.798786e-02;1.350035e-02;1.467981e-02;1.335365e-02;4.943938e-02;3.448514e-02;2.171730e-01;3.900512e-01;3.726471e-02;1.009770e-01;2.770986e-02;6.337811e-02
4.473845e-02;1.292072e-02;1.386270e-02;1.764216e-02;3.828352e-02;4.784470e-02;2.550970e-01;4.037599e-01;2.928837e-02;6.658220e-02;2.725125e-02;4.272903e-02
5.931981e-02;2.077370e-02;1.246411e-02;1.698996e-02;2.612722e-02;4.116169e-02;3.148285e-01;3.621143e-01;4.082029e-02;5.391644e-02;3.797163e-02;1.351237e-02
6.266091e-02;2.716234e-02;1.406240e-02;1.348851e-02;2.334124e-02;2.006496e-02;2.466036e-01;4.346150e-01;4.989940e-02;4.984883e-02;2.180870e-02;3.644409e-02
5.906952e-02;3.109627e-02;1.934766e-02;1.106008e-02;1.969458e-02;2.425347e-02;1.619805e-01;5.081959e-01;5.448378e-02;4.742103e-02;1.118960e-02;5.220766e-02
4.620126e-02;4.733476e-02;2.698837e-02;1.241588e-02;2.734454e-02;4.121057e-02;1.943737e-01;4.256519e-01;4.317507e-02;3.761794e-02;3.207498e-02;6.561095e-02
9.953400e-02;5.154181e-02;3.418474e-02;1.476636e-02;3.260671e-02;3.315958e-02;2.058028e-01;3.586099e-01;3.715152e-02;3.611233e-02;4.021527e-02;5.631504e-02
1.082259e-01;4.724261e-02;3.936423e-02;2.076108e-02;2.426288e-02;4.088343e-02;2.126973e-01;2.707256e-01;5.131290e-02;5.582641e-02;4.505296e-02;8.364458e-02
2.682951e-02;4.576938e-02;4.337980e-02;2.643299e-02;1.056465e-02;6.392425e-02;2.614888e-01;2.271434e-01;6.256879e-02;7.889286e-02;4.040485e-02;1.126007e-01
1.071826e-01;2.341561e-02;1.430962e-02;2.126714e-02;1.131524e-02;6.885102e-02;3.072555e-01;2.640007e-01;3.266352e-02;5.558828e-02;1.771638e-02;7.643435e-02
9.456033e-02;2.383596e-02;1.382667e-02;2.818146e-02;1.114244e-02;4.651190e-02;2.942038e-01;3.216192e-01;2.347547e-02;4.290233e-02;2.134333e-02;7.839701e-02
1.494490e-01;2.660275e-02;2.579878e-02;4.217538e-02;1.521101e-02;3.892718e-02;2.234763e-01;3.168471e-01;2.975607e-02;3.043600e-02;2.026555e-02;8.105490e-02
1.473415e-01;6.806356e-02;5.929701e-02;5.033800e-02;3.130477e-02;4.181218e-02;1.542487e-01;2.535674e-01;2.656001e-02;3.743000e-02;2.620047e-02;1.038364e-01
5.788358e-02;7.737269e-02;1.015083e-01;5.489058e-02;4.081094e-02;5.568748e-02;8.265383e-02;2.212099e-01;5.350459e-02;9.279475e-02;3.732189e-02;1.243615e-01
1.034942e-01;7.560094e-02;1.365402e-01;5.041240e-02;4.174532e-02;5.963912e-02;1.252962e-01;1.489134e-01;3.672443e-02;9.451401e-02;3.213114e-02;9.498870e-02
2.247742e-01;1.639353e-01;1.108166e-01;2.528587e-02;2.408841e-02;3.975597e-02;8.188491e-02;1.547375e-01;2.781915e-02;5.091802e-02;9.986766e-03;8.599728e-02
2.923805e-01;1.323573e-01;6.932593e-02;5.341548e-03;1.895958e-02;1.941632e-02;7.188237e-02;1.919276e-01;2.631193e-02;1.910669e-02;8.961114e-03;1.440292e-01
2.880857e-01;1.022936e-01;3.749895e-02;4.455361e-03;2.173704e-02;9.379867e-03;9.133273e-02;2.314520e-01;2.199409e-02;1.021634e-02;2.117105e-02;1.603832e-01
2.536736e-01;6.590676e-02;2.279182e-02;4.963536e-03;2.247908e-02;6.196782e-03;1.434547e-01;3.072886e-01;1.135093e-02;5.178486e-03;3.135377e-02;1.253619e-01
1.828449e-01;4.547005e-02;1.493081e-02;9.006375e-03;1.464042e-02;1.684540e-02;2.498447e-01;3.559375e-01;1.686827e-02;7.781100e-03;2.755756e-02;5.827303e-02
1.392033e-01;3.478162e-02;1.383207e-02;1.481795e-02;1.066201e-02;4.868387e-02;3.141456e-01;3.199318e-01;2.213760e-02;1.588244e-02;1.233911e-02;5.358262e-02
1.347153e-01;3.678849e-02;1.808412e-02;2.471865e-02;1.217224e-02;7.394054e-02;2.397302e-01;2.946392e-01;4.341244e-02;2.513801e-02;1.192589e-02;8.473482e-02
1.380701e-01;5.571610e-02;2.393767e-02;5.453107e-02;8.870251e-03;8.466884e-02;4.859370e-02;3.110499e-01;7.262170e-02;4.358620e-02;8.270867e-03;1.500836e-01
6.983096e-02;5.558497e-02;2.818955e-02;8.554006e-02;4.565097e-03;4.541349e-02;2.302396e-01;1.831293e-01;5.719355e-02;5.246468e-02;1.470819e-02;1.731405e-01
5.439590e-02;6.944489e-02;2.694407e-02;1.343076e-01;1.274967e-02;3.268570e-02;3.353658e-01;8.113030e-02;3.512430e-02;4.146889e-02;8.930998e-03;1.674519e-01
4.898908e-02;7.292929e-02;1.784079e-02;1.545975e-01;2.223514e-02;2.883599e-02;3.462019e-01;1.066896e-01;2.615364e-02;3.284679e-02;1.245807e-02;1.302222e-01
5.665564e-02;7.278666e-02;1.711999e-02;1.425950e-01;3.239446e-02;3.669158e-02;3.604847e-01;9.211244e-02;3.104326e-02;2.755198e-02;2.373224e-02;1.068320e-01
4.647116e-02;4.781717e-02;3.027906e-02;7.511827e-02;2.782488e-02;6.671742e-02;3.138307e-01;1.005469e-01;4.645428e-02;2.216037e-02;3.813343e-02;1.846464e-01
5.704223e-02;3.107307e-02;5.386471e-02;4.853008e-02;4.400779e-02;9.530220e-02;2.168837e-01;1.228132e-01;7.457042e-02;2.326125e-02;6.846152e-02;1.641899e-01
4.041734e-02;3.958297e-02;1.325588e-01;6.897971e-02;6.472561e-02;1.946547e-01;1.407548e-01;8.449455e-02;6.608318e-02;2.924802e-02;1.151485e-01;2.335176e-02
1.919633e-02;4.195214e-02;1.490945e-01;7.195783e-02;6.170946e-02;2.778116e-01;1.587697e-01;3.870182e-02;2.776248e-02;2.307716e-02;9.459903e-02;3.536791e-02
1.224083e-02;4.045721e-02;1.272645e-01;5.689847e-02;6.338665e-02;3.569891e-01;1.666398e-01;4.705715e-02;1.686054e-02;1.244592e-02;7.351360e-02;2.624613e-02
6.949421e-03;5.507797e-02;6.902151e-02;3.273755e-02;8.596127e-02;3.406554e-01;1.364788e-01;1.206820e-01;1.657693e-02;5.599900e-02;6.115837e-02;1.870180e-02
1.020259e-02;8.711706e-02;1.599259e-02;1.930489e-02;1.549440e-01;1.943160e-01;7.628556e-02;2.313816e-01;1.158775e-02;1.374335e-01;4.069925e-02;2.073516e-02
8.015564e-03;9.728795e-02;1.121346e-02;1.291298e-02;2.056475e-01;6.667478e-02;3.276309e-02;2.604568e-01;2.891532e-02;2.263482e-01;1.730496e-02;3.245937e-02
1.690494e-02;7.826090e-02;2.085465e-02;2.420102e-02;1.979767e-01;4.032726e-02;6.759845e-02;1.730068e-01;5.192482e-02;2.808682e-01;1.329105e-02;3.478516e-02
6.505661e-02;5.085669e-02;3.680496e-02;4.495265e-02;1.523313e-01;5.332537e-02;1.498336e-01;6.232207e-02;7.540083e-02;2.653503e-01;1.934701e-02;2.441861e-02
9.367174e-02;3.787814e-02;5.078470e-02;7.197780e-02;8.904242e-02;5.437064e-02;2.234043e-01;6.615566e-02;1.098891e-01;1.710721e-01;1.713954e-02;1.461385e-02
1.258997e-01;2.628044e-02;4.886603e-02;8.835778e-02;5.865328e-02;5.211302e-02;2.639644e-01;6.475957e-02;1.225985e-01;1.070667e-01;2.246717e-02;1.897336e-02
1.507099e-01;1.828779e-02;3.825533e-02;1.182508e-01;5.296098e-02;4.967607e-02;2.665876e-01;4.736578e-02;1.304508e-01;6.762413e-02;3.853200e-02;2.129883e-02
1.662214e-01;2.062524e-02;4.341757e-02;1.417590e-01;3.411144e-02;3.549744e-02;2.383167e-01;4.544761e-02;1.457790e-01;6.416990e-02;4.789199e-02;1.676271e-02
1.925044e-01;1.954437e-02;3.892288e-02;1.510681e-01;4.063946e-02;3.461841e-02;2.039592e-01;4.246849e-02;1.658694e-01;7.051501e-02;2.859032e-02;1.130012e-02
2.124873e-01;1.669949e-02;3.433567e-02;1.595820e-01;2.940289e-02;3.038633e-02;1.917817e-01;3.095562e-02;1.755730e-01;5.434852e-02;4.504897e-02;1.939855e-02
2.264100e-01;9.678511e-03;2.548062e-02;1.747751e-01;3.186671e-02;3.380639e-02;2.076368e-01;2.353977e-02;1.756466e-01;2.102010e-02;5.388828e-02;1.625118e-02
2.357170e-01;6.367932e-03;2.474974e-02;1.445301e-01;3.223159e-02;3.368798e-02;2.095198e-01;1.978810e-02;1.580144e-01;7.301615e-02;5.161035e-02;1.076681e-02
2.568804e-01;2.743126e-02;4.270101e-02;1.001970e-01;4.189622e-02;3.194474e-02;2.016004e-01;1.062184e-02;1.397063e-01;8.901400e-02;4.890373e-02;9.103093e-03
2.555591e-01;5.415557e-02;5.509722e-02;6.809393e-02;6.041722e-02;5.736398e-02;1.571797e-01;2.260327e-02;1.123026e-01;1.068459e-01;2.523606e-02;2.514548e-02
2.248444e-01;6.996690e-02;4.232087e-02;4.317768e-02;1.061483e-01;6.785595e-02;1.038028e-01;2.645798e-02;8.718220e-02;1.512608e-01;2.277828e-02;5.420373e-02
1.533990e-01;1.106923e-01;2.431021e-02;2.733104e-02;1.385349e-01;5.831371e-02;4.865969e-02;3.240063e-02;5.742343e-02;2.176243e-01;1.841488e-02;1.128959e-01
8.585882e-02;1.188619e-01;2.099689e-02;1.358201e-02;1.569287e-01;3.611567e-02;3.322010e-02;2.061310e-02;4.846761e-02;2.805741e-01;1.534255e-02;1.694385e-01
4.838065e-02;9.959145e-02;2.106678e-02;1.183489e-02;1.563698e-01;1.718922e-02;2.421275e-02;4.144221e-02;5.309116e-02;3.171548e-01;1.117122e-02;1.984951e-01
2.825272e-02;8.418449e-02;1.672027e-02;2.909877e-02;1.445231e-01;2.461431e-02;1.450772e-02;5.705749e-02;5.768732e-02;3.067194e-01;2.149012e-02;2.151443e-01
2.694362e-02;7.241052e-02;2.779829e-02;5.364811e-02;1.259889e-01;4.455973e-02;2.152772e-02;7.361402e-02;5.465037e-02;2.522134e-01;3.125323e-02;2.153921e-01
5.436733e-02;5.958600e-02;4.758102e-02;6.017038e-02;1.016780e-01;8.969831e-02;4.916086e-02;7.635326e-02;4.982901e-02;1.794596e-01;5.896029e-02;1.731560e-01
7.577671e-02;5.339574e-02;3.235247e-02;4.796971e-02;1.282973e-01;1.424291e-01;6.720939e-02;1.165695e-01;6.352981e-02;1.542556e-01;5.239088e-02;6.582382e-02
6.994870e-02;6.471886e-02;1.280200e-02;5.179924e-02;1.535716e-01;1.536896e-01;8.206911e-02;1.307747e-01;6.424654e-02;1.446675e-01;2.213857e-02;4.957371e-02
7.562407e-02;7.008581e-02;1.110709e-02;6.404293e-02;1.540897e-01;1.289856e-01;1.062351e-01;1.243011e-01;9.560152e-02;1.156354e-01;1.740453e-02;3.688721e-02
8.068964e-02;6.944333e-02;3.594447e-02;6.404566e-02;1.219085e-01;7.569820e-02;1.451629e-01;9.126271e-02;1.208064e-01;1.475492e-01;1.930972e-02;2.817935e-02
9.387176e-02;5.548377e-02;3.673420e-02;6.699565e-02;6.800040e-02;5.946705e-02;1.117778e-01;7.169688e-02;1.410888e-01;2.349957e-01;2.211689e-02;3.777105e-02
6.034989e-02;4.279628e-02;1.822736e-02;6.153475e-02;5.148269e-02;1.188676e-01;5.632081e-02;5.733216e-02;1.408944e-01;2.972548e-01;1.512845e-02;7.981080e-02
5.181049e-02;6.523743e-02;2.563385e-02;5.730505e-02;6.660873e-02;1.114229e-01;8.190054e-02;7.649463e-02;1.160474e-01;2.425847e-01;2.718659e-02;7.776769e-02
7.954387e-02;4.661066e-02;1.371182e-02;5.301314e-02;9.781492e-02;1.066318e-01;8.346804e-02;8.622091e-02;1.302457e-01;2.162546e-01;2.874792e-02;5.773670e-02
8.019599e-02;1.391346e-02;1.531145e-02;7.166689e-02;9.198095e-02;1.016662e-01;5.737729e-02;1.369383e-01;1.452536e-01;2.202487e-01;2.970456e-02;3.574265e-02
7.410938e-02;1.801056e-02;4.097052e-02;6.855015e-02;8.281394e-02;1.009296e-01;7.095490e-02;1.997790e-01;1.124523e-01;1.696443e-01;1.704353e-02;4.474175e-02
4.975282e-02;2.454520e-02;6.023169e-02;6.923160e-02;1.292104e-01;1.425055e-01;1.339911e-01;1.908006e-01;3.953692e-02;9.329983e-02;2.941852e-02;3.747582e-02
3.603971e-02;5.287312e-02;7.387702e-02;6.981710e-02;1.097990e-01;9.307093e-02;2.097834e-01;1.499153e-01;6.933475e-02;7.939608e-02;3.921095e-02;1.688263e-02
3.521086e-02;6.913948e-02;7.454363e-02;6.555734e-02;7.206339e-02;1.603454e-01;2.298011e-01;1.064871e-01;6.597611e-02;8.068357e-02;3.145206e-02;8.740005e-03
3.084078e-02;5.956313e-02;6.050515e-02;5.749719e-02;4.163477e-02;2.176969e-01;2.392038e-01;1.057790e-01;7.668565e-02;6.655036e-02;3.020236e-02;1.384096e-02
