2.885768e-02;1.853601e-01;2.714978e-01;6.600387e-02;5.662753e-02;1.005811e-01;5.411443e-02;7.706470e-02;3.897859e-02;4.154803e-02;5.420242e-02;2.516379e-02
5.942482e-02;9.147241e-02;1.614220e-01;6.843887e-02;1.025412e-01;2.172299e-01;5.402558e-02;7.304533e-02;3.147233e-02;3.241521e-02;5.311888e-02;5.539347e-02
6.853569e-02;6.257243e-02;7.075399e-02;3.446970e-02;9.643143e-02;3.193183e-01;1.264938e-01;1.053901e-01;2.316443e-02;1.752890e-02;2.899389e-02;4.634739e-02
4.984979e-02;6.305134e-02;8.145709e-02;1.646313e-02;5.970534e-02;2.717861e-01;1.666752e-01;2.063587e-01;3.710125e-02;1.865597e-02;1.291165e-02;1.598440e-02
2.404731e-02;4.946596e-02;1.172624e-01;4.730779e-02;4.388948e-02;1.520738e-01;1.262210e-01;3.141196e-01;9.247358e-02;1.756720e-02;7.466387e-03;8.105528e-03
1.009895e-02;2.716884e-02;8.690032e-02;1.187896e-01;3.651236e-02;7.941861e-02;5.063880e-02;3.066373e-01;2.432763e-01;1.576809e-02;1.525145e-02;9.539339e-03
1.158622e-02;1.784193e-02;4.134670e-02;1.247661e-01;6.114004e-02;6.777854e-02;5.205853e-02;1.929020e-01;3.486984e-01;4.777524e-02;2.637942e-02;7.726878e-03
1.181632e-02;2.022714e-02;4.214958e-02;5.579782e-02;9.336866e-02;6.328116e-02;2.363836e-02;2.011515e-01;3.498008e-01;9.601108e-02;3.027459e-02;1.248295e-02
1.249524e-02;2.665173e-02;3.851499e-02;4.653294e-02;8.043560e-02;1.176828e-01;3.502190e-02;2.524835e-01;2.738553e-01;7.302216e-02;2.718666e-02;1.611720e-02
2.081321e-02;3.833863e-02;5.657021e-02;7.656465e-02;5.830621e-02;1.780815e-01;8.305898e-02;1.760693e-01;2.205154e-01;3.755069e-02;3.581618e-02;1.831506e-02
2.178942e-02;4.487219e-02;8.024345e-02;4.325151e-02;4.320270e-02;1.545065e-01;7.396401e-02;2.435817e-01;2.086249e-01;3.280537e-02;3.872387e-02;1.443437e-02
1.803934e-02;3.979045e-02;8.622302e-02;5.763873e-02;3.671561e-02;1.724043e-01;6.563211e-02;2.902045e-01;1.690038e-01;3.828451e-02;1.915998e-02;6.903652e-03
2.170115e-02;4.623141e-02;7.180189e-02;6.674270e-02;5.381097e-02;1.210585e-01;1.141846e-01;2.496862e-01;1.882309e-01;4.850800e-02;8.709967e-03;9.333719e-03
1.668194e-02;5.961783e-02;9.191910e-02;8.581442e-02;6.144184e-02;3.552953e-02;1.214987e-01;2.729871e-01;1.655452e-01;5.069705e-02;1.561457e-02;2.265265e-02
2.583944e-02;6.099306e-02;1.151608e-01;5.971657e-02;6.098853e-02;1.522553e-01;5.784590e-02;2.653444e-01;1.189729e-01;3.040969e-02;1.687692e-02;3.559656e-02
3.464969e-02;6.713982e-02;1.095429e-01;4.202267e-02;4.890428e-02;1.689873e-01;4.856356e-02;2.540534e-01;1.350828e-01;4.136622e-02;2.121720e-02;2.847023e-02
1.654970e-02;7.062864e-02;9.763872e-02;3.881634e-02;4.528201e-02;1.401959e-01;2.663527e-02;2.693268e-01;1.760694e-01;3.898609e-02;4.428194e-02;3.558913e-02
2.017269e-02;5.901143e-02;7.779092e-02;3.655067e-02;2.615391e-02;1.246758e-01;4.694910e-02;2.699794e-01;1.505504e-01;3.931975e-02;9.894828e-02;4.989772e-02
1.989031e-02;4.381908e-02;7.334306e-02;2.255667e-02;2.113564e-02;1.499145e-01;7.098064e-02;2.276500e-01;9.156924e-02;5.015470e-02;1.676020e-01;6.138418e-02
1.368818e-02;4.294295e-02;6.333161e-02;2.635639e-02;4.620918e-02;1.722512e-01;4.855869e-02;1.648682e-01;1.090311e-01;7.320897e-02;1.849405e-01;5.461302e-02
1.654887e-02;7.436894e-02;5.851696e-02;4.655270e-02;1.389317e-01;1.356638e-01;1.379779e-02;1.232608e-01;8.028152e-02;1.444401e-01;1.333746e-01;3.426216e-02
2.883925e-02;8.312423e-02;3.698641e-02;5.154742e-02;1.653915e-01;9.457396e-02;2.436525e-02;1.655363e-01;9.679844e-02;1.518198e-01;7.901345e-02;2.200394e-02
3.659141e-02;6.594599e-02;4.698994e-02;6.639548e-02;1.463689e-01;8.579245e-02;2.539120e-02;2.096759e-01;1.243611e-01;9.719182e-02;6.310903e-02;3.218677e-02
3.186250e-02;5.521082e-02;8.532360e-02;6.231132e-02;8.550619e-02;1.799999e-01;3.930321e-02;2.153147e-01;9.051107e-02;5.620606e-02;6.465933e-02;3.379130e-02
3.104587e-02;6.027754e-02;7.400840e-02;2.645147e-02;4.326512e-02;3.094976e-01;2.657930e-02;1.963704e-01;9.141017e-02;5.626148e-02;5.810494e-02;2.672773e-02
2.010025e-02;4.196819e-02;3.393878e-02;1.736126e-02;4.771383e-02;3.085239e-01;2.774123e-02;2.321294e-01;1.190794e-01;5.198231e-02;4.867115e-02;5.079041e-02
1.520170e-02;4.804276e-02;5.688394e-02;2.144493e-02;3.766394e-02;2.693975e-01;3.878781e-02;2.004229e-01;1.386725e-01;4.661048e-02;8.003079e-02;4.684082e-02
3.508669e-02;5.106429e-02;7.376862e-02;3.843332e-02;2.452050e-02;1.923392e-01;5.839463e-02;1.832045e-01;1.834136e-01;6.099170e-02;7.788140e-02;2.090164e-02
6.243397e-02;4.211673e-02;7.533340e-02;1.220425e-01;4.089857e-02;1.113653e-01;5.285620e-02;1.399593e-01;2.027039e-01;9.987713e-02;3.473694e-02;1.567610e-02
7.404804e-02;2.691174e-02;5.165827e-02;1.690488e-01;6.084445e-02;5.407075e-02;5.311618e-02;7.520358e-02;2.407013e-01;1.516468e-01;2.917241e-02;1.357765e-02
7.809018e-02;6.223987e-02;2.666881e-02;1.658570e-01;9.320147e-02;4.158185e-02;5.892215e-02;3.887636e-02;2.285214e-01;1.742841e-01;2.282937e-02;8.927563e-03
4.328613e-02;9.455580e-02;1.117727e-02;1.020125e-01;1.707330e-01;3.976861e-02;4.714894e-02;7.406655e-02;1.761524e-01;2.193497e-01;1.471221e-02;7.036960e-03
1.269602e-02;8.534603e-02;1.217148e-02;5.379511e-02;2.127441e-01;6.193732e-02;2.875096e-02;1.277791e-01;1.199780e-01;2.560270e-01;1.970743e-02;9.067525e-03
1.606555e-02;7.894731e-02;1.757758e-02;3.337511e-02;1.694824e-01;1.617632e-01;2.500528e-02;1.655816e-01;5.082731e-02;1.984683e-01;7.053403e-02;1.237246e-02
2.545257e-02;3.961614e-02;3.123981e-02;3.299240e-02;7.737635e-02;3.000068e-01;3.967110e-02;1.277293e-01;1.137412e-01;7.556943e-02;1.181110e-01;1.849393e-02
1.505325e-02;4.909527e-02;2.418501e-02;6.900708e-02;7.562931e-02;1.975340e-01;4.782520e-02;1.627880e-01;1.904041e-01;8.031083e-02;6.933832e-02;1.882954e-02
2.348399e-02;6.583189e-02;3.670757e-02;9.352712e-02;1.083014e-01;1.150348e-01;6.112245e-02;1.823901e-01;1.911986e-01;6.839719e-02;3.077408e-02;2.323086e-02
3.186771e-02;8.218988e-02;5.955330e-02;7.204841e-02;1.178466e-01;1.682927e-01;5.731786e-02;7.361467e-02;1.830030e-01;6.417609e-02;6.480335e-02;2.528651e-02
2.822909e-02;5.783112e-02;5.396928e-02;3.372308e-02;7.651413e-02;1.308149e-01;3.423959e-02;2.251772e-01;1.829350e-01;1.064680e-01;4.375915e-02;2.633947e-02
4.032475e-02;4.267394e-02;3.747227e-02;5.606819e-02;5.208395e-02;1.411808e-01;5.072521e-02;2.443398e-01;1.617812e-01;1.361812e-01;1.870532e-02;1.846329e-02
3.633884e-02;3.517910e-02;3.076162e-02;6.302065e-02;7.444721e-02;1.824635e-01;5.522304e-02;1.965501e-01;1.288735e-01;1.389587e-01;3.660341e-02;2.158030e-02
3.857825e-02;3.986965e-02;6.173806e-02;4.994424e-02;8.847884e-02;2.145221e-01;7.022975e-02;1.176059e-01;8.673734e-02;1.220632e-01;7.428668e-02;3.594603e-02
4.298129e-02;4.548620e-02;6.237181e-02;1.021287e-01;5.907049e-02;1.696204e-01;7.264367e-02;6.890632e-02;1.526473e-01;1.053175e-01;8.708283e-02;3.174351e-02
3.127975e-02;3.163254e-02;4.941173e-02;9.580922e-02;9.972841e-02;9.369655e-02;3.906723e-02;1.341972e-01;2.062147e-01;1.328100e-01;5.991104e-02;2.624168e-02
2.053422e-02;2.447978e-02;3.880934e-02;8.143314e-02;1.221140e-01;8.108941e-02;2.929366e-02;1.329761e-01;2.272957e-01;1.630363e-01;5.376931e-02;2.516905e-02
2.404231e-02;2.981235e-02;4.474053e-02;4.329041e-02;9.328371e-02;8.849595e-02;4.041738e-02;1.800704e-01;1.948750e-01;1.760702e-01;6.355982e-02;2.134192e-02
2.496266e-02;4.682090e-02;3.678674e-02;2.840652e-02;1.502372e-01;5.775193e-02;3.543060e-02;1.121324e-01;1.629488e-01;2.439012e-01;6.969909e-02;3.092192e-02
6.658234e-02;4.453362e-02;1.442111e-02;1.091613e-01;1.814108e-01;3.357917e-02;2.998810e-02;4.423847e-02;1.705233e-01;2.467053e-01;3.223517e-02;2.662131e-02
1.430124e-01;2.023528e-02;5.027518e-03;2.356550e-01;1.087727e-01;2.315084e-02;2.362940e-02;6.814517e-02;2.229133e-01;1.266531e-01;6.958480e-03;1.584677e-02
1.655227e-01;9.607059e-03;1.046303e-02;3.510013e-01;4.179359e-02;9.889113e-03;1.362767e-02;6.288502e-02;2.672223e-01;4.777134e-02;8.709697e-03;1.150725e-02
1.164714e-01;6.471045e-03;2.359592e-02;4.041047e-01;1.512439e-02;1.364608e-02;7.925421e-03;7.644655e-02;2.721604e-01;2.891575e-02;1.587498e-02;1.926345e-02
5.449213e-02;1.197757e-02;4.081745e-02;3.515462e-01;1.433379e-02;1.902417e-02;1.605942e-02;1.286656e-01;2.583604e-01;4.993015e-02;2.080441e-02;3.398860e-02
5.033514e-02;1.808451e-02;3.654536e-02;2.125938e-01;2.308214e-02;2.530141e-02;3.561261e-02;1.297101e-01;2.299661e-01;9.539445e-02;6.071748e-02;8.265696e-02
4.063981e-02;2.540882e-02;2.974459e-02;9.052473e-02;2.337165e-02;5.859366e-02;6.163473e-02;9.225365e-02;1.897352e-01;8.769021e-02;1.184368e-01;1.819662e-01
2.141863e-02;2.497230e-02;2.187234e-02;3.460695e-02;3.147565e-02;1.159892e-01;6.938508e-02;7.287151e-02;1.771239e-01;5.826949e-02;1.492823e-01;2.227326e-01
4.705832e-02;1.968027e-02;2.129001e-02;8.726311e-02;5.037932e-02;1.141537e-01;4.124352e-02;1.190788e-01;1.841031e-01;6.849194e-02;1.245227e-01;1.227352e-01
6.563359e-02;1.408949e-02;2.607753e-02;1.144304e-01;4.088363e-02;1.489727e-01;2.512109e-02;2.333237e-01;1.610125e-01;8.116081e-02;4.712638e-02;4.216812e-02
5.114105e-02;2.500455e-02;5.193855e-02;1.517782e-01;3.136544e-02;2.437996e-01;2.085653e-02;1.879667e-01;1.261496e-01;6.572589e-02;2.234896e-02;2.192489e-02
3.642863e-02;5.948580e-02;1.239794e-01;2.062242e-01;3.506888e-02;1.989313e-01;1.524105e-02;8.129765e-02;1.213295e-01;5.467521e-02;5.012093e-02;1.721749e-02
4.768830e-02;8.357847e-02;1.705238e-01;2.051026e-01;4.474245e-02;1.328448e-01;2.142566e-02;8.263724e-02;1.052663e-01;3.791819e-02;4.322390e-02;2.504833e-02
4.860241e-02;8.605126e-02;1.855524e-01;1.570830e-01;5.118322e-02;1.718263e-01;2.099396e-02;6.535435e-02;9.225573e-02;4.535244e-02;4.147957e-02;3.426537e-02
4.718918e-02;5.992430e-02;1.317181e-01;8.190724e-02;5.803893e-02;2.651991e-01;3.854493e-02;6.632003e-02;8.541293e-02;4.247368e-02;6.970750e-02;5.356408e-02
3.824932e-02;4.188293e-02;4.880147e-02;5.582414e-02;3.588903e-02;2.931111e-01;1.005412e-01;1.972640e-01;5.794937e-02;3.060367e-02;5.324218e-02;4.664156e-02
2.396656e-02;3.389660e-02;5.014942e-02;5.459435e-02;1.524349e-02;2.053101e-01;1.222081e-01;3.424302e-01;6.964920e-02;1.770129e-02;2.891672e-02;3.593393e-02
1.614154e-02;2.230453e-02;7.265440e-02;5.128711e-02;9.287118e-03;1.295027e-01;8.095893e-02;4.277720e-01;1.112215e-01;1.254059e-02;2.382725e-02;4.250234e-02
1.891446e-02;1.917815e-02;7.338187e-02;1.058373e-01;1.032178e-02;8.277389e-02;2.897615e-02;3.671961e-01;2.057960e-01;1.850449e-02;2.483416e-02;4.428571e-02
4.484760e-02;2.286663e-02;4.950897e-02;1.892707e-01;1.533101e-02;4.021733e-02;1.701693e-02;2.217244e-01;3.049618e-01;4.427028e-02;2.267033e-02;2.731397e-02
7.537873e-02;2.524578e-02;3.075380e-02;2.057817e-01;2.730529e-02;7.305524e-02;2.625535e-02;1.617332e-01;2.838923e-01;5.538074e-02;1.941332e-02;1.580457e-02
9.104912e-02;2.405921e-02;3.370734e-02;1.716677e-01;5.660929e-02;1.065629e-01;5.031103e-02;1.454564e-01;1.489686e-01;1.009550e-01;3.384506e-02;3.680847e-02
9.917907e-02;2.562914e-02;3.297291e-02;1.335642e-01;1.021720e-01;8.024542e-02;5.895538e-02;6.713577e-02;1.230458e-01;1.959677e-01;4.812410e-02;3.300853e-02
1.019239e-01;2.293395e-02;2.254517e-02;1.170980e-01;1.474679e-01;5.633812e-02;4.692892e-02;7.965043e-02;1.637843e-01;2.033073e-01;2.116849e-02;1.685354e-02
9.124903e-02;2.024180e-02;1.384476e-02;9.194528e-02;2.191291e-01;5.197137e-02;4.184407e-02;1.130690e-01;1.481632e-01;1.811322e-01;1.211136e-02;1.529889e-02
5.024318e-02;3.668852e-02;3.105460e-02;5.322025e-02;3.124720e-01;3.641763e-02;4.133916e-02;9.635333e-02;1.372393e-01;1.632299e-01;1.808131e-02;2.366086e-02
2.216185e-02;4.394291e-02;3.582714e-02;1.251778e-01;3.269710e-01;4.246989e-02;3.100236e-02;7.962321e-02;1.211297e-01;1.348150e-01;1.435012e-02;2.252907e-02
2.704193e-02;4.370060e-02;3.300671e-02;1.543089e-01;2.745043e-01;3.360585e-02;1.956898e-02;8.826756e-02;1.214524e-01;1.761433e-01;1.602524e-02;1.237434e-02
4.959681e-02;4.009900e-02;3.234354e-02;1.188275e-01;2.056003e-01;4.752452e-02;2.335964e-02;1.120413e-01;1.347516e-01;1.648380e-01;3.697258e-02;3.404528e-02
5.320846e-02;5.861197e-02;4.756340e-02;6.966344e-02;1.700974e-01;3.930565e-02;3.628886e-02;1.495137e-01;1.334994e-01;1.140816e-01;5.862334e-02;6.954280e-02
4.856617e-02;5.748899e-02;5.502875e-02;9.614556e-02;1.640270e-01;8.392622e-02;2.234281e-02;1.837870e-01;1.338986e-01;5.630696e-02;4.275183e-02;5.573015e-02
2.790442e-02;4.200675e-02;6.598704e-02;1.018145e-01;1.362577e-01;1.086249e-01;5.054519e-02;2.191643e-01;1.297153e-01;5.228623e-02;3.271885e-02;3.297481e-02
3.333373e-02;3.708934e-02;7.539933e-02;8.514391e-02;1.278177e-01;5.210686e-02;6.941958e-02;2.176518e-01;1.317841e-01;1.124286e-01;2.185737e-02;3.596763e-02
4.195250e-02;2.744629e-02;6.104333e-02;6.768356e-02;8.704916e-02;1.140433e-01;6.023823e-02;1.661272e-01;1.164989e-01;1.801205e-01;2.834424e-02;4.945278e-02
1.706533e-02;3.178292e-02;3.659914e-02;5.908763e-02;5.643957e-02;1.249530e-01;8.171471e-02;1.947588e-01;1.215807e-01;1.914252e-01;2.911595e-02;5.547701e-02
2.086053e-02;3.638642e-02;4.064594e-02;5.391635e-02;5.933691e-02;1.078675e-01;9.779122e-02;1.917589e-01;1.425793e-01;1.789216e-01;2.235102e-02;4.758437e-02
3.960293e-02;4.062688e-02;4.868321e-02;5.233219e-02;5.756126e-02;1.451635e-01;1.082666e-01;1.194187e-01;1.804784e-01;1.413865e-01;3.416749e-02;3.231226e-02
2.904975e-02;2.640275e-02;3.670535e-02;7.882334e-02;6.361598e-02;1.003551e-01;7.606883e-02;1.611470e-01;1.897472e-01;1.522560e-01;6.074731e-02;2.508140e-02
1.375545e-02;1.729971e-02;2.583924e-02;6.507766e-02;1.477758e-01;6.545328e-02;3.254951e-02;1.865741e-01;1.349095e-01;2.138552e-01;8.001540e-02;1.689512e-02
3.705407e-02;2.597817e-02;1.680225e-02;4.403714e-02;1.955209e-01;7.995580e-02;2.416647e-02;1.505927e-01;7.249308e-02;2.552513e-01;8.657613e-02;1.157202e-02
1.136009e-01;2.635686e-02;1.764011e-02;1.263821e-01;1.668334e-01;3.467878e-02;1.745936e-02;9.486631e-02;1.455318e-01;1.976649e-01;5.146695e-02;7.518421e-03
1.719058e-01;1.694699e-02;1.980341e-02;2.289112e-01;9.776289e-02;2.203558e-02;1.430404e-02;4.874644e-02;2.195144e-01;1.235959e-01;2.208949e-02;1.438387e-02
1.450611e-01;1.791318e-02;2.482627e-02;2.663497e-01;4.653905e-02;1.859696e-02;1.055642e-02;1.024650e-01;2.656195e-01;7.964929e-02;7.209478e-03;1.521399e-02
7.942104e-02;2.275714e-02;3.221199e-02;2.156504e-01;6.628390e-02;5.147360e-02;2.577474e-02;1.690011e-01;2.776749e-01;4.748505e-02;2.222371e-03;1.004380e-02
2.533395e-02;2.697239e-02;4.578358e-02;1.547780e-01;8.666509e-02;5.507801e-02;4.229057e-02;1.856605e-01;2.941282e-01;6.290625e-02;9.681901e-03;1.072157e-02
2.578336e-02;1.464991e-02;3.911639e-02;3.234428e-01;3.526952e-02;3.738961e-02;3.450007e-02;1.179378e-01;2.852050e-01;6.217410e-02;1.467014e-02;9.861279e-03
3.329088e-02;1.598369e-02;2.876574e-02;3.973406e-01;3.796391e-02;3.512767e-02;2.482977e-02;9.307688e-02;2.455575e-01;4.624648e-02;1.945660e-02;2.236030e-02
2.409620e-02;1.493236e-02;7.537892e-02;3.717616e-01;2.043341e-02;4.039354e-02;1.143196e-02;1.366513e-01;1.754344e-01;3.658295e-02;1.527229e-02;7.763100e-02
1.494993e-02;1.604893e-02;1.622985e-01;1.846683e-01;5.224179e-03;3.186955e-02;7.551402e-03;2.700479e-01;8.922921e-02;5.147544e-02;1.297761e-02;1.536589e-01
2.444862e-02;1.218091e-02;2.085299e-01;4.091410e-02;1.079038e-02;1.539558e-02;1.421848e-02;3.444547e-01;6.851775e-02;6.830402e-02;1.800616e-02;1.742394e-01
2.086277e-02;2.289476e-02;2.098965e-01;2.795112e-02;1.761062e-02;1.729978e-02;3.547600e-02;3.381198e-01;5.624710e-02;6.735440e-02;2.020429e-02;1.660829e-01
1.057539e-02;4.257293e-02;1.917705e-01;4.273279e-02;2.247606e-02;3.315026e-02;5.219253e-02;3.172456e-01;6.996813e-02;6.264625e-02;1.886913e-02;1.358003e-01
2.191077e-02;4.149330e-02;1.104812e-01;1.239056e-01;3.788526e-02;6.117461e-02;6.981790e-02;2.514176e-01;1.102139e-01;8.467183e-02;3.300255e-02;5.402540e-02
2.098486e-02;2.804399e-02;7.425514e-02;1.744928e-01;6.088046e-02;5.578027e-02;8.602757e-02;2.162839e-01;1.067559e-01;9.170675e-02;3.606159e-02;4.872674e-02
2.013111e-02;2.749319e-02;8.296252e-02;1.797743e-01;4.485391e-02;5.327810e-02;6.073826e-02;2.172612e-01;1.187102e-01;8.697768e-02;2.877511e-02;7.904439e-02
1.735342e-02;2.256915e-02;8.808432e-02;2.037129e-01;3.716645e-02;5.451125e-02;3.512626e-02;2.283040e-01;1.071399e-01;8.411147e-02;3.179692e-02;9.012403e-02
2.585083e-02;2.540728e-02;1.046897e-01;2.303193e-01;5.394664e-02;4.388271e-02;3.535745e-02;2.263033e-01;1.009658e-01;6.954955e-02;2.121313e-02;6.251436e-02
2.751478e-02;1.972173e-02;1.164018e-01;1.638362e-01;4.623842e-02;5.639719e-02;4.115570e-02;2.942961e-01;1.282498e-01;5.456576e-02;2.808934e-02;2.353321e-02
1.270756e-02;2.130153e-02;1.133196e-01;8.817042e-02;3.248340e-02;6.648988e-02;2.557057e-02;3.595229e-01;1.676328e-01;3.812573e-02;4.108068e-02;3.359493e-02
1.225218e-02;2.769475e-02;1.326130e-01;6.074618e-02;2.568910e-02;4.262313e-02;2.176803e-02;3.610972e-01;1.796736e-01;3.507682e-02;3.276566e-02;6.800038e-02
3.698057e-02;1.837865e-02;1.287851e-01;1.015283e-01;3.098579e-02;5.051974e-02;5.313379e-02;2.928910e-01;1.207914e-01;6.310500e-02;1.853918e-02;8.436146e-02
4.705251e-02;3.207398e-02;8.660509e-02;1.889811e-01;5.499485e-02;5.763318e-02;8.162761e-02;1.686221e-01;5.961224e-02;6.705258e-02;4.598796e-02;1.097569e-01
4.468790e-02;5.149845e-02;7.810172e-02;1.554075e-01;5.986275e-02;7.132648e-02;9.865008e-02;1.040094e-01;7.474022e-02;6.709415e-02;7.904457e-02;1.155768e-01
3.732742e-02;5.474377e-02;9.470341e-02;8.786088e-02;6.573067e-02;9.126653e-02;1.083648e-01;1.085948e-01;9.904030e-02;7.217830e-02;9.138883e-02;8.880024e-02
5.642459e-02;4.390335e-02;1.174216e-01;6.504371e-02;5.391841e-02;9.516387e-02;1.028819e-01;1.716777e-01;1.294480e-01;4.798166e-02;6.339449e-02;5.274061e-02
7.530376e-02;6.770314e-02;1.113442e-01;6.148836e-02;5.307908e-02;1.136688e-01;8.383562e-02;1.791946e-01;1.102045e-01;5.830163e-02;4.312321e-02;4.275303e-02
4.768161e-02;6.376319e-02;1.632979e-01;8.737355e-02;9.392781e-02;1.492021e-01;5.148112e-02;1.365004e-01;7.973021e-02;4.782809e-02;4.720416e-02;3.200976e-02
3.051940e-02;5.360473e-02;1.525639e-01;8.945794e-02;1.398041e-01;1.991391e-01;1.889840e-02;9.290378e-02;5.406564e-02;4.429465e-02;6.345128e-02;6.129713e-02
4.519360e-02;2.535069e-02;7.723092e-02;7.409051e-02;1.496365e-01;3.350080e-01;2.447477e-02;5.525055e-02;3.123815e-02;3.956712e-02;5.144069e-02;9.151848e-02
7.559057e-02;3.570046e-02;4.318830e-02;3.616008e-02;9.454349e-02;4.453929e-01;7.698116e-02;6.390730e-02;1.938748e-02;2.942019e-02;1.625320e-02;6.347481e-02
5.929650e-02;1.083277e-01;4.209717e-02;2.589645e-02;3.907299e-02;3.889046e-01;1.782776e-01;7.794356e-02;2.220012e-02;2.427268e-02;5.796925e-03;2.791370e-02
2.656749e-02;1.617970e-01;1.227957e-01;4.634180e-02;1.848789e-02;2.334634e-01;2.504332e-01;9.121373e-02;1.651999e-02;1.865840e-02;3.881321e-03;9.840116e-03
1.517764e-02;1.193902e-01;2.301654e-01;7.898904e-02;2.736599e-02;1.324508e-01;2.044656e-01;1.487121e-01;1.705680e-02;1.319739e-02;6.553373e-03;6.475720e-03
1.422332e-02;5.441507e-02;2.540912e-01;9.085295e-02;4.809760e-02;1.032760e-01;1.059745e-01;2.317467e-01;6.489056e-02;2.074118e-02;4.712688e-03;6.978161e-03
1.922298e-02;2.470313e-02;1.395455e-01;7.942394e-02;5.008692e-02;7.846272e-02;7.663441e-02;2.121209e-01;1.897696e-01;9.475713e-02;2.205738e-02;1.321541e-02
2.087917e-02;3.336104e-02;4.940084e-02;7.866242e-02;5.147331e-02;9.663592e-02;5.542228e-02;8.322829e-02;2.329867e-01;2.136443e-01;5.448293e-02;2.982283e-02
9.662080e-03;5.682312e-02;7.568698e-02;4.497036e-02;5.470102e-02;1.556370e-01;4.655738e-02;6.947944e-02;1.469585e-01;2.026067e-01;9.081071e-02;4.610667e-02
7.931455e-03;5.375391e-02;1.028626e-01;2.748504e-02;3.577867e-02;2.112397e-01;7.671696e-02;8.069588e-02;1.053734e-01;1.031950e-01;1.428700e-01;5.209747e-02
1.670218e-02;3.293007e-02;7.664913e-02;3.035008e-02;2.125097e-02;2.032957e-01;1.241407e-01;7.291475e-02;1.302948e-01;5.665996e-02;1.362900e-01;9.852166e-02
2.482670e-02;4.690596e-02;4.894904e-02;2.892393e-02;2.588389e-02;1.493853e-01;1.681742e-01;1.075030e-01;1.187513e-01;3.257556e-02;8.272625e-02;1.653949e-01
2.029351e-02;5.608737e-02;7.453073e-02;4.911833e-02;3.174237e-02;9.423511e-02;1.597739e-01;1.135768e-01;1.168573e-01;4.560336e-02;1.048808e-01;1.333004e-01
1.265744e-02;6.034641e-02;9.761418e-02;5.702931e-02;4.527354e-02;1.787994e-01;1.290237e-01;8.126496e-02;1.231671e-01;6.176051e-02;7.833979e-02;7.472362e-02
1.374178e-02;5.851168e-02;1.052023e-01;6.077541e-02;5.236987e-02;1.619921e-01;8.027105e-02;1.978792e-01;1.194681e-01;5.491959e-02;3.794111e-02;5.692783e-02
2.639674e-02;7.197217e-02;1.088444e-01;6.784383e-02;4.322936e-02;1.362666e-01;3.354318e-02;2.704541e-01;9.110564e-02;4.162223e-02;4.641861e-02;6.230305e-02
3.423743e-02;7.544554e-02;1.058644e-01;5.992253e-02;3.566584e-02;2.147146e-01;5.463951e-02;1.227449e-01;1.028789e-01;5.653804e-02;7.316750e-02;6.418082e-02
2.403080e-02;7.151660e-02;1.321906e-01;6.131540e-02;3.421573e-02;1.458417e-01;4.574016e-02;1.859109e-01;9.900793e-02;5.812418e-02;7.063694e-02;7.146896e-02
3.412057e-02;7.734090e-02;1.427261e-01;5.946709e-02;4.336878e-02;5.764984e-02;3.952102e-02;2.604077e-01;9.192015e-02;4.929074e-02;5.996829e-02;8.421876e-02
5.320156e-02;7.354895e-02;9.694755e-02;5.206618e-02;6.172961e-02;7.090779e-02;4.654036e-02;2.041756e-01;8.650069e-02;6.114598e-02;1.135423e-01;7.969340e-02
4.790966e-02;6.727830e-02;5.324826e-02;3.372765e-02;6.468883e-02;1.439807e-01;3.457775e-02;9.478851e-02;5.932237e-02;5.387346e-02;2.774809e-01;6.912361e-02
3.176335e-02;3.681730e-02;7.174319e-02;9.025495e-03;3.726085e-02;2.329549e-01;2.444357e-02;2.306641e-02;4.039241e-02;2.521765e-02;4.020118e-01;6.530300e-02
2.821578e-02;2.745981e-02;6.363793e-02;1.439423e-02;2.401358e-02;2.535626e-01;2.618246e-02;5.297785e-02;4.137917e-02;3.523355e-02;3.919251e-01;4.101793e-02
2.766402e-02;2.970196e-02;4.212186e-02;2.697736e-02;2.280516e-02;2.443455e-01;4.145737e-02;7.308311e-02;5.299287e-02;7.016738e-02;3.379895e-01;3.069390e-02
3.997638e-02;5.614192e-02;4.548462e-02;5.653619e-02;5.256711e-02;1.726211e-01;5.224814e-02;1.245045e-01;1.280006e-01;5.971574e-02;1.725260e-01;3.967771e-02
4.084925e-02;6.825275e-02;7.074560e-02;6.632099e-02;8.189570e-02;7.624228e-02;7.971834e-02;1.961252e-01;1.502927e-01;4.326142e-02;6.966301e-02;5.663281e-02
2.459630e-02;7.861963e-02;6.669273e-02;4.445991e-02;1.051661e-01;1.595217e-01;1.030249e-01;1.600701e-01;9.911656e-02;4.599194e-02;3.991425e-02;7.282577e-02
3.316190e-02;8.252283e-02;7.090567e-02;6.038320e-02;1.158576e-01;1.565264e-01;1.025103e-01;1.214594e-01;7.551730e-02;5.538521e-02;7.367641e-02;5.209370e-02
2.932098e-02;9.457050e-02;1.137338e-01;1.071424e-01;6.188915e-02;9.347163e-02;7.594647e-02;1.488547e-01;8.088256e-02;6.030690e-02;1.020843e-01;3.179660e-02
3.561111e-02;7.841711e-02;1.053085e-01;9.715861e-02;2.342934e-02;1.166450e-01;8.486267e-02;1.485140e-01;1.040047e-01;5.996800e-02;1.149757e-01;3.110518e-02
4.476380e-02;5.724474e-02;7.477632e-02;4.817399e-02;3.078194e-02;1.391207e-01;1.079672e-01;1.508374e-01;9.372495e-02;6.626048e-02;1.467600e-01;3.958852e-02
4.501355e-02;6.978109e-02;9.648252e-02;4.202873e-02;5.485884e-02;6.106374e-02;1.060544e-01;2.340818e-01;6.524841e-02;3.984912e-02;1.492380e-01;3.629980e-02
2.160732e-02;3.563904e-02;1.044791e-01;3.794115e-02;4.271203e-02;1.075006e-01;6.089646e-02;2.788182e-01;1.592779e-01;2.993244e-02;9.680696e-02;2.438881e-02
9.271026e-03;2.844846e-02;1.004531e-01;3.624416e-02;5.550067e-02;7.166340e-02;2.273638e-02;2.370649e-01;2.395815e-01;8.234946e-02;8.807178e-02;2.861518e-02
1.119333e-02;3.607722e-02;7.331223e-02;2.484509e-02;7.514991e-02;7.025185e-02;3.244130e-02;1.399117e-01;2.773578e-01;1.329348e-01;9.975870e-02;2.676610e-02
1.900460e-02;2.969806e-02;4.694447e-02;5.833575e-02;7.530914e-02;8.205455e-02;4.910991e-02;8.350161e-02;3.246877e-01;1.157147e-01;9.831797e-02;1.732151e-02
1.819446e-02;2.498793e-02;4.382588e-02;8.236045e-02;3.899081e-02;5.771368e-02;5.010467e-02;2.105325e-01;3.282121e-01;6.496540e-02;5.100172e-02;2.911031e-02
1.272544e-02;1.800345e-02;4.915103e-02;8.863220e-02;2.159930e-02;5.933041e-02;4.661765e-02;2.845569e-01;3.262917e-01;9.416486e-03;5.601457e-02;2.766086e-02
8.805024e-03;1.370179e-02;6.746387e-02;5.737945e-02;1.607512e-02;6.995190e-02;3.483843e-02;3.399273e-01;2.831147e-01;3.241840e-02;5.902315e-02;1.730081e-02
4.959941e-03;2.394469e-02;8.035601e-02;3.447927e-02;1.481957e-02;1.228846e-01;2.042836e-02;3.880575e-01;2.142672e-01;3.313571e-02;5.039607e-02;1.227111e-02
6.753673e-03;3.817869e-02;7.564002e-02;3.458838e-02;2.050504e-02;2.208227e-01;3.574118e-02;3.100985e-01;1.607552e-01;3.539020e-02;4.832173e-02;1.320467e-02
1.508316e-02;3.288712e-02;6.357445e-02;2.963195e-02;2.778573e-02;3.212274e-01;5.431804e-02;2.140058e-01;1.527112e-01;3.532968e-02;4.109407e-02;1.235133e-02
3.220548e-02;3.639882e-02;7.095858e-02;3.566305e-02;3.059387e-02;2.803934e-01;3.951244e-02;2.053507e-01;1.595497e-01;5.876031e-02;2.594780e-02;2.466590e-02
6.075617e-02;3.625619e-02;3.290328e-02;3.046475e-02;3.232950e-02;3.337164e-01;3.656048e-02;1.392388e-01;1.536659e-01;6.427863e-02;3.699749e-02;4.283237e-02
7.506833e-02;6.183140e-02;4.538988e-02;1.974922e-02;3.057041e-02;3.452814e-01;7.417041e-02;1.477705e-01;9.910620e-02;3.865748e-02;3.360017e-02;2.880458e-02
4.018877e-02;1.140746e-01;6.257491e-02;1.686085e-02;1.840759e-02;2.474952e-01;1.777664e-01;2.308505e-01;3.972794e-02;2.271189e-02;1.390807e-02;1.543320e-02
5.786517e-03;1.054091e-01;1.774128e-01;1.559000e-02;7.443621e-03;9.635043e-02;1.745566e-01;3.178110e-01;4.879393e-02;1.294094e-02;2.314011e-02;1.476491e-02
6.549468e-03;4.957812e-02;2.713988e-01;2.102514e-02;6.113160e-03;4.257005e-02;8.528528e-02;4.173933e-01;6.026061e-02;1.141047e-02;1.955130e-02;8.864388e-03
5.668610e-03;1.647322e-02;2.897519e-01;1.695590e-02;8.315282e-03;4.843502e-02;2.748434e-02;4.815403e-01;6.430666e-02;1.657483e-02;1.596033e-02;8.533647e-03
4.419398e-03;2.025481e-02;2.411234e-01;1.343304e-02;1.073617e-02;4.270575e-02;5.651927e-02;5.164254e-01;4.748049e-02;1.611822e-02;2.145517e-02;9.328811e-03
3.431231e-03;3.565377e-02;1.557399e-01;7.182476e-03;1.408608e-02;6.028416e-02;1.409312e-01;5.068924e-01;2.413250e-02;1.523702e-02;3.126916e-02;5.160131e-03
3.164940e-03;5.740725e-02;7.385806e-02;4.864867e-03;1.823826e-02;1.106232e-01;2.496801e-01;4.012195e-01;2.291796e-02;1.375176e-02;3.865302e-02;5.621135e-03
9.304285e-03;6.681048e-02;4.305541e-02;8.377649e-03;2.195140e-02;1.739749e-01;3.031057e-01;2.777483e-01;3.353485e-02;2.161660e-02;3.455376e-02;5.966526e-03
1.839916e-02;6.668009e-02;3.459242e-02;1.223313e-02;2.670147e-02;2.697804e-01;2.635321e-01;2.033533e-01;4.382148e-02;3.081820e-02;2.351262e-02;6.575628e-03
2.637720e-02;7.046249e-02;8.118283e-02;2.156860e-02;2.960345e-02;3.549868e-01;1.089245e-01;1.429587e-01;9.278178e-02;5.348852e-02;1.128753e-02;6.377516e-03
1.817253e-02;3.188209e-02;9.132151e-02;2.625485e-02;2.417857e-02;1.694271e-01;1.079430e-01;3.189664e-01;1.164099e-01;4.739635e-02;2.971450e-02;1.833311e-02
1.187720e-02;3.014104e-02;1.058663e-01;2.524088e-02;3.360247e-02;1.387729e-01;8.409113e-02;3.707086e-01;9.428303e-02;3.903462e-02;4.452172e-02;2.186009e-02
1.274308e-02;3.169941e-02;8.756012e-02;2.308392e-02;2.679486e-02;2.095678e-01;1.505022e-01;3.265792e-01;5.119541e-02;2.778857e-02;3.727462e-02;1.521079e-02
1.696810e-02;2.305318e-02;6.790296e-02;2.349890e-02;1.569614e-02;1.830854e-01;1.396207e-01;3.790573e-01;8.208996e-02;2.429861e-02;3.231802e-02;1.241075e-02
1.885442e-02;3.965439e-02;6.154565e-02;2.324960e-02;1.486189e-02;1.181668e-01;1.369083e-01;4.179790e-01;9.342415e-02;2.305635e-02;3.485480e-02;1.744477e-02
1.485465e-02;5.646602e-02;7.828193e-02;2.275862e-02;2.099239e-02;1.623429e-01;1.784728e-01;3.445161e-01;6.414634e-02;1.566118e-02;2.459730e-02;1.690970e-02
9.341300e-03;5.577731e-02;1.002391e-01;2.507611e-02;1.896840e-02;1.383812e-01;1.536809e-01;3.508495e-01;8.689267e-02;2.384073e-02;2.067015e-02;1.628265e-02
7.240589e-03;4.035842e-02;1.012464e-01;2.029027e-02;2.284017e-02;1.106768e-01;1.245746e-01;3.723058e-01;1.350248e-01;2.575357e-02;2.633982e-02;1.334883e-02
7.502984e-03;3.126276e-02;9.633902e-02;3.452203e-02;2.865503e-02;7.786500e-02;1.002339e-01;3.731811e-01;1.651796e-01;3.745549e-02;3.451373e-02;1.328937e-02
9.204223e-03;5.955926e-02;9.596494e-02;3.884931e-02;3.565585e-02;1.630749e-01;6.089856e-02;2.823063e-01;1.602208e-01;3.838175e-02;4.128817e-02;1.459600e-02
1.151480e-02;4.184740e-02;8.072550e-02;2.022758e-02;2.641093e-02;1.934333e-01;1.175054e-01;2.890006e-01;1.374091e-01;2.622049e-02;4.133643e-02;1.436845e-02
1.429354e-02;4.316191e-02;6.022999e-02;2.101073e-02;1.898219e-02;1.618409e-01;1.304310e-01;3.692591e-01;1.146810e-01;1.892129e-02;3.119005e-02;1.599817e-02
9.092300e-03;5.561267e-02;1.037813e-01;2.879923e-02;1.959238e-02;1.402327e-01;1.650357e-01;2.809784e-01;1.010498e-01;4.112880e-02;2.697274e-02;2.772395e-02
1.330908e-02;4.959026e-02;1.370288e-01;3.859302e-02;2.521675e-02;1.469209e-01;9.719978e-02;3.279482e-01;7.969854e-02;3.655282e-02;2.444334e-02;2.349853e-02
2.407916e-02;3.866877e-02;1.101409e-01;3.745742e-02;3.495594e-02;2.990484e-01;7.076558e-02;2.850440e-01;3.582031e-02;2.206377e-02;1.467558e-02;2.728020e-02
2.657683e-02;3.061209e-02;6.743529e-02;2.843256e-02;6.714052e-02;4.203615e-01;6.289981e-02;1.932575e-01;4.534610e-02;1.395804e-02;8.585691e-03;3.539401e-02
1.904058e-02;2.698504e-02;7.075291e-02;3.876240e-02;1.270677e-01;3.978871e-01;8.134113e-02;8.555829e-02;7.292973e-02;2.107934e-02;8.207431e-03;5.038835e-02
5.086087e-03;2.009614e-02;7.498358e-02;5.650301e-02;1.805902e-01;2.568722e-01;1.491383e-01;8.178537e-02;6.846435e-02;3.870812e-02;8.245825e-03;5.952679e-02
5.021713e-03;1.204408e-02;6.400920e-02;6.653792e-02;2.089759e-01;1.691106e-01;2.050280e-01;9.187201e-02;5.154681e-02;4.724702e-02;1.277756e-02;6.582928e-02
8.016155e-03;1.473637e-02;6.370072e-02;5.392936e-02;1.913169e-01;2.053389e-01;2.050547e-01;8.367125e-02;7.254337e-02;2.925787e-02;7.858302e-03;6.457606e-02
1.844558e-02;1.169165e-02;6.197414e-02;3.148466e-02;1.453058e-01;3.022812e-01;1.357689e-01;1.327329e-01;8.113733e-02;2.662441e-02;4.581876e-03;4.797143e-02
3.809496e-02;1.224042e-02;4.076462e-02;1.451358e-02;7.938498e-02;3.890415e-01;8.941487e-02;1.930715e-01;5.472019e-02;6.004506e-02;7.892374e-03;2.081598e-02
3.437401e-02;3.238211e-02;2.982840e-02;1.861448e-02;4.290684e-02;3.318149e-01;1.834600e-01;1.709339e-01;6.891096e-02;6.403805e-02;1.688578e-02;5.850536e-03
1.932919e-02;4.254342e-02;3.908676e-02;2.331318e-02;3.816133e-02;1.874685e-01;2.654764e-01;2.061510e-01;1.006062e-01;4.104922e-02;2.312884e-02;1.368602e-02
1.165930e-02;3.069189e-02;6.107112e-02;3.556160e-02;3.083309e-02;1.233482e-01;1.771608e-01;3.314785e-01;1.018687e-01;4.848037e-02;1.768471e-02;3.016176e-02
2.465845e-02;1.117912e-02;4.792288e-02;7.897848e-02;2.272088e-02;1.399696e-01;7.930393e-02;3.251244e-01;1.608777e-01;6.785405e-02;7.855630e-03;3.355483e-02
3.104988e-02;1.942977e-02;3.250873e-02;9.235652e-02;4.735281e-02;1.166232e-01;1.350507e-01;1.772896e-01;2.037839e-01;1.050467e-01;1.727418e-02;2.223410e-02
1.449497e-02;2.524003e-02;4.466743e-02;4.706657e-02;8.045108e-02;1.720889e-01;1.462749e-01;1.079356e-01;1.456010e-01;1.292515e-01;5.483743e-02;3.209061e-02
3.191016e-02;2.284895e-02;3.626167e-02;3.406071e-02;5.257292e-02;2.036328e-01;1.438702e-01;1.085140e-01;1.015591e-01;8.479583e-02;9.116764e-02;8.880599e-02
1.128254e-01;4.296385e-02;2.310103e-02;3.377785e-02;3.626963e-02;1.408113e-01;1.503580e-01;1.644431e-01;5.850565e-02;8.139779e-02;5.291600e-02;1.026304e-01
1.855667e-01;9.104475e-02;2.681868e-02;1.798392e-02;6.641737e-02;9.562763e-02;9.224841e-02;2.580578e-01;4.392845e-02;5.278063e-02;1.141382e-02;5.811180e-02
1.807837e-01;1.851766e-01;3.439664e-02;2.306965e-02;7.140478e-02;9.023404e-02;5.158561e-02;2.402268e-01;6.862459e-02;2.295617e-02;7.717724e-03;2.382368e-02
1.121501e-01;2.574482e-01;3.577545e-02;3.878782e-02;4.059304e-02;9.837195e-02;1.160124e-01;1.675011e-01;6.906851e-02;2.529559e-02;1.357926e-02;2.541670e-02
