9.435329e-02;5.100666e-02;4.946148e-02;2.354327e-02;2.365708e-02;3.195073e-02;1.247408e-01;8.225393e-02;2.102670e-01;1.529782e-01;8.515147e-02;7.063607e-02
4.868569e-02;2.487338e-02;2.246911e-02;1.265987e-02;1.556301e-02;1.700950e-02;7.962791e-02;7.867099e-02;3.734662e-01;2.274823e-01;5.857371e-02;4.091835e-02
1.135049e-02;6.733224e-03;9.816642e-03;5.727726e-03;1.159569e-02;6.077270e-03;4.822892e-02;8.082415e-02;5.150545e-01;2.482922e-01;4.038184e-02;1.591745e-02
1.306764e-02;6.268302e-03;1.099900e-02;7.478688e-03;8.548038e-03;6.745201e-03;1.030623e-01;1.380752e-01;4.896172e-01;1.758485e-01;3.132836e-02;8.961543e-03
2.090152e-02;1.038667e-02;1.196680e-02;8.760414e-03;6.215988e-03;9.203245e-03;2.061129e-01;2.777579e-01;3.073274e-01;1.099104e-01;2.251684e-02;8.939889e-03
1.331747e-02;9.242705e-03;1.512312e-02;9.344435e-03;8.455754e-03;8.259469e-03;2.952748e-01;4.035769e-01;1.639665e-01;4.849451e-02;1.494865e-02;9.995651e-03
1.153373e-02;9.778603e-03;1.938163e-02;7.194289e-03;9.068064e-03;2.174052e-02;4.165773e-01;3.732743e-01;8.427502e-02;2.833620e-02;1.206110e-02;6.779130e-03
1.888579e-02;1.458834e-02;3.363042e-02;6.871254e-03;2.883186e-02;5.101730e-02;5.089808e-01;2.724002e-01;1.939358e-02;2.323282e-02;1.327146e-02;8.896186e-03
3.177839e-02;2.104784e-02;6.155714e-02;1.901662e-02;7.132007e-02;8.999541e-02;4.308791e-01;1.778709e-01;5.900769e-02;1.479317e-02;1.442423e-02;8.309419e-03
3.020438e-02;2.276604e-02;1.500325e-01;4.668102e-02;1.267941e-01;9.213831e-02;2.527706e-01;1.392078e-01;7.274418e-02;3.225480e-02;1.207629e-02;2.233001e-02
1.323918e-02;1.582735e-02;2.240436e-01;6.574684e-02;1.230228e-01;5.639663e-02;2.416356e-01;1.001627e-01;7.204902e-02;4.809335e-02;1.128867e-02;2.849414e-02
1.158835e-02;1.141429e-02;3.513025e-01;7.681069e-02;9.351321e-02;4.735312e-02;1.528002e-01;1.182782e-01;4.923648e-02;4.058043e-02;2.092098e-02;2.620162e-02
1.415114e-02;6.518259e-03;4.549926e-01;7.106600e-02;7.360900e-02;3.242261e-02;1.493188e-01;1.292647e-01;1.905539e-02;1.956093e-02;1.653568e-02;1.350490e-02
1.517449e-02;1.233935e-02;4.840168e-01;5.922132e-02;8.497903e-02;4.492373e-02;1.316960e-01;1.245532e-01;1.271176e-02;1.408256e-02;1.106369e-02;5.237976e-03
1.361309e-02;1.270931e-02;5.481780e-01;5.234335e-02;6.418183e-02;4.293653e-02;4.530185e-02;1.340932e-01;4.780175e-02;2.066758e-02;1.407964e-02;4.093780e-03
1.130232e-02;2.686066e-02;5.168784e-01;4.055898e-02;5.118432e-02;4.496007e-02;6.250394e-02;1.168160e-01;7.758665e-02;3.416900e-02;1.267691e-02;4.502793e-03
3.837419e-02;5.781874e-02;4.440900e-01;5.143479e-02;7.146293e-02;4.751613e-02;9.690772e-02;9.327833e-02;3.347904e-02;3.574037e-02;1.921916e-02;1.067855e-02
1.066217e-01;7.446352e-02;2.433995e-01;7.940093e-02;6.689651e-02;4.980227e-02;6.923686e-02;7.730065e-02;6.739023e-02;7.439252e-02;4.527423e-02;4.582101e-02
1.291261e-01;7.449873e-02;1.173606e-01;5.115987e-02;3.909130e-02;4.375488e-02;6.190564e-02;5.722020e-02;8.071227e-02;1.058284e-01;1.517256e-01;8.761646e-02
1.083855e-01;6.681672e-02;1.033141e-01;2.846926e-02;2.466326e-02;4.689913e-02;3.997538e-02;2.607949e-02;5.805314e-02;6.148385e-02;3.512489e-01;8.461134e-02
5.005503e-02;4.264123e-02;6.790449e-02;1.633360e-02;1.694922e-02;4.358574e-02;1.445765e-02;1.731042e-02;2.528735e-02;6.450497e-02;5.660332e-01;7.493701e-02
2.411918e-02;2.610334e-02;3.481396e-02;5.912617e-03;1.596946e-02;4.169849e-02;1.816176e-02;1.791646e-02;1.336103e-02;7.915953e-02;6.148178e-01;1.079664e-01
2.298157e-02;2.177917e-02;5.362897e-02;6.329165e-03;1.710486e-02;6.033462e-02;2.157216e-02;1.422490e-02;1.573543e-02;5.013572e-02;6.060885e-01;1.100849e-01
1.712559e-02;1.506014e-02;7.357315e-02;9.124015e-03;1.918806e-02;1.143667e-01;1.676729e-02;1.188060e-02;1.443761e-02;4.375143e-02;5.924346e-01;7.229079e-02
8.637452e-03;3.655703e-02;5.269307e-02;1.171547e-02;5.861041e-02;1.482377e-01;1.855809e-02;1.968386e-02;1.114392e-02;1.235497e-01;4.825338e-01;2.807950e-02
1.554238e-02;6.703909e-02;2.537569e-02;1.680322e-02;2.274650e-01;1.236349e-01;1.697886e-02;2.543371e-02;2.136563e-02;2.044670e-01;2.355927e-01;2.030196e-02
7.153741e-02;4.923530e-02;1.912352e-02;6.761344e-02;3.018602e-01;9.625871e-02;2.817972e-02;1.933502e-02;7.711177e-02;1.560213e-01;9.704300e-02;1.668070e-02
1.796739e-01;2.785859e-02;1.946859e-02;1.480811e-01;1.713856e-01;3.614455e-02;4.719685e-02;2.015720e-02;1.963474e-01;8.156162e-02;5.732173e-02;1.480297e-02
2.218221e-01;2.522782e-02;1.633409e-02;1.984753e-01;4.858411e-02;3.069780e-02;5.528223e-02;2.111935e-02;2.669965e-01;5.340781e-02;4.120838e-02;2.084444e-02
1.941484e-01;2.723529e-02;1.230211e-02;1.912291e-01;5.307888e-02;4.531767e-02;5.632331e-02;2.389317e-02;2.584067e-01;6.877350e-02;5.041385e-02;1.887791e-02
1.024249e-01;4.750123e-02;2.054176e-02;9.691279e-02;1.340417e-01;3.034098e-02;5.086446e-02;1.998976e-02;1.750236e-01;2.623480e-01;4.404977e-02;1.596109e-02
4.289864e-02;6.702127e-02;1.901601e-02;3.026148e-02;1.435299e-01;2.307472e-02;3.658453e-02;2.022509e-02;1.018448e-01;4.568942e-01;3.828153e-02;2.036776e-02
4.449734e-02;5.537812e-02;1.558370e-02;4.240651e-02;4.454660e-02;1.101140e-02;2.279586e-02;2.741204e-02;1.892806e-01;4.421318e-01;6.953444e-02;3.542155e-02
5.369712e-02;3.325521e-02;2.175486e-02;4.807396e-02;7.460326e-02;2.521326e-02;2.444840e-02;3.513560e-02;2.010534e-01;2.962893e-01;1.222741e-01;6.420161e-02
8.729412e-02;2.584540e-02;3.400750e-02;3.903840e-02;1.205305e-01;4.712983e-02;4.048627e-02;3.237735e-02;1.646268e-01;2.019128e-01;1.272566e-01;7.949431e-02
9.011552e-02;3.353984e-02;3.391760e-02;7.587776e-02;1.398948e-01;5.800169e-02;5.391164e-02;2.357086e-02;8.854342e-02;2.992859e-01;5.894280e-02;4.439828e-02
1.007844e-01;3.079842e-02;2.436481e-02;1.170912e-01;1.292050e-01;6.754428e-02;4.338654e-02;2.701943e-02;6.579648e-02;3.172641e-01;4.592777e-02;3.081753e-02
1.032671e-01;5.183129e-02;1.269719e-02;1.242117e-01;1.839547e-01;5.171094e-02;3.514586e-02;4.288740e-02;4.973368e-02;2.305266e-01;6.307159e-02;5.096190e-02
8.326274e-02;6.417451e-02;1.723805e-02;1.274103e-01;2.211557e-01;4.558250e-02;4.262370e-02;4.321221e-02;9.947306e-02;1.519789e-01;4.828956e-02;5.559886e-02
7.383315e-02;3.915386e-02;1.781887e-02;1.315866e-01;1.713577e-01;4.330143e-02;4.218259e-02;4.463133e-02;1.360003e-01;1.865210e-01;5.846919e-02;5.514403e-02
6.964637e-02;2.485264e-02;2.789459e-02;1.446001e-01;1.307190e-01;5.037359e-02;4.742027e-02;5.278785e-02;9.799435e-02;1.894680e-01;1.103873e-01;5.385594e-02
8.576717e-02;3.129921e-02;3.050761e-02;1.488205e-01;1.505811e-01;9.447754e-02;3.495473e-02;4.722562e-02;1.032886e-01;1.554645e-01;9.722244e-02;2.039097e-02
6.675050e-02;5.877893e-02;3.316095e-02;1.599851e-01;1.505841e-01;1.023735e-01;3.269491e-02;3.775832e-02;1.027361e-01;1.565225e-01;4.170057e-02;5.695448e-02
4.136153e-02;7.493970e-02;3.209911e-02;1.314373e-01;1.362586e-01;9.070533e-02;8.241659e-02;3.880290e-02;6.937302e-02;1.906714e-01;5.471503e-02;5.721941e-02
5.062598e-02;6.708241e-02;3.538974e-02;6.844686e-02;9.874358e-02;1.046553e-01;1.724447e-01;4.205010e-02;6.597643e-02;2.159943e-01;4.771406e-02;3.087652e-02
3.987749e-02;5.031127e-02;3.922760e-02;4.290630e-02;6.103846e-02;1.178292e-01;2.106453e-01;4.067662e-02;8.042734e-02;2.038479e-01;7.580605e-02;3.740642e-02
6.248816e-02;4.682891e-02;7.567636e-02;7.503208e-02;1.068922e-01;1.177454e-01;1.642401e-01;2.798979e-02;6.277352e-02;1.476949e-01;7.224320e-02;4.039532e-02
1.022298e-01;5.445167e-02;7.907615e-02;6.718390e-02;1.517275e-01;9.196838e-02;6.132437e-02;3.472969e-02;7.873753e-02;1.732966e-01;6.631773e-02;3.895664e-02
9.816603e-02;4.448108e-02;5.530557e-02;1.171505e-01;1.687379e-01;7.135951e-02;6.971107e-02;4.548709e-02;5.870473e-02;1.886707e-01;5.116401e-02;3.106186e-02
6.367889e-02;4.384435e-02;5.095191e-02;1.980935e-01;1.563821e-01;6.624541e-02;8.797409e-02;6.627310e-02;4.203865e-02;1.686838e-01;3.299217e-02;2.284215e-02
5.269769e-02;3.728574e-02;6.269733e-02;2.190328e-01;1.629216e-01;5.762750e-02;9.399630e-02;6.553508e-02;5.915183e-02;1.162007e-01;4.652109e-02;2.633239e-02
1.029246e-01;2.396204e-02;4.639956e-02;2.249781e-01;1.597463e-01;4.107116e-02;6.654824e-02;5.030262e-02;7.563642e-02;1.160288e-01;6.719471e-02;2.520733e-02
1.171397e-01;5.251721e-02;6.170024e-02;6.980964e-02;6.848259e-02;3.592516e-02;3.021401e-02;2.473738e-02;5.307521e-02;9.772713e-02;2.204049e-01;1.682668e-01
6.999718e-02;3.596506e-02;4.891376e-02;2.439325e-02;2.424573e-02;3.065666e-02;1.461913e-02;1.567827e-02;5.631624e-02;7.255617e-02;3.946789e-01;2.119797e-01
3.591331e-02;1.684989e-02;2.149595e-02;1.037190e-02;1.648133e-02;1.950639e-02;1.000216e-02;8.178012e-03;4.880599e-02;9.566540e-02;5.288370e-01;1.878927e-01
1.166967e-02;7.257793e-03;7.688898e-03;6.284445e-03;8.700215e-03;2.323845e-02;5.128564e-03;7.953775e-03;4.105093e-02;1.448063e-01;5.998552e-01;1.363657e-01
7.633931e-03;7.249748e-03;9.171767e-03;3.510456e-03;2.952891e-03;6.516682e-02;4.537201e-03;8.971778e-03;2.714298e-02;1.116788e-01;6.575057e-01;9.447791e-02
1.523173e-02;8.063701e-03;1.538616e-02;2.761850e-03;1.263909e-02;1.263669e-01;8.392909e-03;1.141621e-02;4.280522e-03;3.930662e-02;6.871541e-01;6.900019e-02
1.519219e-02;1.053519e-02;1.699742e-02;9.185111e-03;4.207377e-02;1.540533e-01;1.093582e-02;1.374376e-02;1.413130e-02;1.391728e-01;5.412621e-01;3.271720e-02
1.264846e-02;6.316594e-03;1.774313e-02;2.122258e-02;8.131635e-02;1.480491e-01;1.062489e-02;2.042363e-02;4.768647e-02;2.590000e-01;3.504848e-01;2.448411e-02
2.379514e-02;1.091190e-02;2.049480e-02;3.595456e-02;8.247969e-02;1.300437e-01;2.033632e-02;2.761351e-02;1.060681e-01;2.851630e-01;2.385667e-01;1.857252e-02
3.677500e-02;1.811229e-02;2.097551e-02;3.675959e-02;3.047692e-02;1.880176e-01;3.095316e-02;2.338011e-02;1.159471e-01;1.629206e-01;3.208598e-01;1.482243e-02
2.603620e-02;2.265870e-02;1.499680e-02;2.922741e-02;3.600364e-02;2.110508e-01;3.545634e-02;1.700297e-02;1.100577e-01;2.077957e-01;2.480886e-01;4.162525e-02
2.975346e-02;2.676822e-02;2.448065e-02;1.581585e-02;1.080395e-01;1.601667e-01;4.801371e-02;3.604126e-02;8.459884e-02;1.927781e-01;2.378760e-01;3.566777e-02
3.580583e-02;3.120697e-02;4.294497e-02;2.702668e-02;1.469733e-01;1.957689e-01;4.166082e-02;2.858352e-02;6.282787e-02;1.134076e-01;2.492079e-01;2.458569e-02
4.607680e-02;3.709042e-02;6.576213e-02;3.017458e-02;8.674310e-02;2.350750e-01;4.392694e-02;2.443715e-02;7.476139e-02;9.182021e-02;2.087695e-01;5.536271e-02
6.187211e-02;5.555888e-02;5.713058e-02;6.619754e-02;7.225086e-02;1.824645e-01;5.279939e-02;4.606710e-02;8.801005e-02;8.585035e-02;1.109283e-01;1.208704e-01
1.040180e-01;7.122646e-02;3.800957e-02;6.191327e-02;6.646320e-02;1.207263e-01;3.997078e-02;4.813986e-02;6.392915e-02;1.036683e-01;9.935189e-02;1.825833e-01
3.437349e-01;6.988620e-02;2.443807e-02;2.859579e-02;4.335153e-02;6.037544e-02;3.898216e-02;1.941714e-02;3.359918e-02;4.143065e-02;9.624501e-02;1.999439e-01
5.679811e-01;1.084587e-01;2.545526e-02;1.388767e-02;2.074006e-02;2.152461e-02;2.907087e-02;1.117287e-02;1.466314e-02;2.032700e-02;5.373177e-02;1.129870e-01
4.984875e-01;1.080650e-01;1.876068e-02;9.569122e-03;5.550859e-03;1.365722e-02;2.356207e-02;8.120218e-03;1.578649e-02;4.884223e-02;9.185954e-02;1.577390e-01
2.526594e-01;5.491605e-02;1.065363e-02;4.949472e-03;2.592475e-02;1.797516e-02;2.375358e-02;8.443032e-03;5.136443e-02;1.639948e-01;1.922186e-01;1.931471e-01
8.666181e-02;2.264020e-02;4.748231e-03;7.981879e-03;5.970785e-02;2.062119e-02;1.734208e-02;9.505492e-03;1.217489e-01;3.494272e-01;2.027728e-01;9.684235e-02
4.094401e-02;1.867713e-02;1.127090e-02;1.467304e-02;7.835705e-02;9.876823e-03;1.231015e-02;4.639633e-03;2.324390e-01;4.778872e-01;8.190920e-02;1.701580e-02
5.001005e-02;1.826198e-02;6.817215e-03;1.318476e-02;6.371737e-02;8.930068e-03;1.579818e-02;8.440954e-03;3.267356e-01;4.259813e-01;2.453436e-02;3.758820e-02
1.897972e-02;7.890091e-03;5.042431e-03;2.482419e-02;5.541379e-02;1.288180e-02;1.180222e-02;2.139642e-02;4.639564e-01;3.368787e-01;9.002604e-03;3.193157e-02
1.765752e-02;2.640153e-03;6.410744e-03;3.245920e-02;7.050067e-02;1.195861e-02;2.094974e-02;5.921720e-02;5.176857e-01;2.325836e-01;9.526823e-03;1.841006e-02
3.609357e-02;9.193317e-03;1.014000e-02;3.717355e-02;1.385317e-01;2.356924e-02;5.126332e-02;1.051837e-01;3.568572e-01;1.965794e-01;1.778479e-02;1.763018e-02
4.667566e-02;2.152606e-02;1.737089e-02;5.555624e-02;2.308434e-01;3.334208e-02;6.284721e-02;1.001283e-01;9.800405e-02;2.894763e-01;2.884151e-02;1.538823e-02
4.873015e-02;2.112466e-02;1.567175e-02;3.783307e-02;2.416791e-01;2.852674e-02;4.225451e-02;4.550062e-02;1.207557e-01;3.474967e-01;2.995683e-02;2.047024e-02
3.316882e-02;2.667936e-02;2.031432e-02;3.522128e-02;2.576515e-01;3.657187e-02;4.165980e-02;3.494732e-02;1.922214e-02;4.207297e-01;5.516259e-02;1.867127e-02
1.283380e-02;1.547198e-02;2.021929e-02;3.277367e-02;1.897958e-01;4.993672e-02;4.250606e-02;3.022690e-02;2.450438e-02;4.776559e-01;9.589105e-02;8.184385e-03
1.479541e-02;1.250067e-02;1.577026e-02;2.706108e-02;7.392316e-02;4.149885e-02;3.783670e-02;3.829420e-02;1.129464e-01;5.137649e-01;1.040630e-01;7.545332e-03
1.495008e-02;1.495680e-02;1.090831e-02;1.555041e-02;3.280950e-02;2.707334e-02;2.416261e-02;3.323352e-02;1.208464e-01;6.104240e-01;8.926451e-02;5.820480e-03
1.451655e-02;1.986648e-02;7.483746e-03;5.016944e-03;6.301042e-02;3.079343e-02;9.689104e-03;2.724426e-02;5.634112e-02;6.686203e-01;9.018332e-02;7.234297e-03
7.333206e-03;1.475056e-02;6.200846e-03;7.044188e-03;6.736117e-02;5.708471e-02;1.567933e-02;2.009362e-02;5.461442e-02;4.321716e-01;3.066118e-01;1.105446e-02
7.360934e-03;6.076448e-03;5.469230e-03;8.245059e-03;6.438485e-02;7.198916e-02;8.833557e-03;9.489513e-03;4.099682e-02;2.580819e-01;5.149707e-01;4.101916e-03
5.820808e-03;3.470540e-03;9.995562e-03;4.115660e-03;2.283490e-02;6.366767e-02;8.170093e-03;5.944880e-03;2.320659e-02;2.635032e-01;5.780658e-01;1.120426e-02
7.957222e-03;4.744365e-03;1.255254e-02;3.482152e-03;6.670025e-03;7.140443e-02;1.962083e-02;3.961409e-03;1.384562e-02;1.908650e-01;5.994251e-01;6.547121e-02
1.957035e-02;1.130440e-02;1.117382e-02;7.466160e-03;5.688294e-03;6.503329e-02;4.162786e-02;1.725454e-02;1.766289e-02;1.455246e-01;4.658549e-01;1.918389e-01
5.419004e-02;1.896817e-02;1.513427e-02;1.250984e-02;1.569252e-02;3.530877e-02;8.412389e-02;2.697439e-02;4.703064e-02;1.410520e-01;2.700194e-01;2.789961e-01
7.867412e-02;2.757302e-02;2.674793e-02;1.914598e-02;2.207555e-02;9.618428e-02;9.264637e-02;2.946231e-02;4.396488e-02;1.202429e-01;2.707899e-01;1.724928e-01
6.873108e-02;2.399735e-02;3.535216e-02;1.565477e-02;2.543372e-02;9.317716e-02;1.230156e-01;4.183156e-02;4.271882e-02;1.834235e-01;2.896585e-01;5.700571e-02
3.893198e-02;2.194868e-02;2.670204e-02;1.533555e-02;3.957435e-02;5.604629e-02;1.065966e-01;3.719993e-02;3.861900e-02;2.236699e-01;2.924280e-01;1.029477e-01
5.163278e-02;2.150243e-02;1.144631e-02;1.158743e-02;3.870382e-02;6.042514e-02;5.316674e-02;3.282888e-02;4.374621e-02;2.694256e-01;2.572735e-01;1.482611e-01
3.853080e-02;1.766792e-02;2.417821e-02;7.857698e-03;4.460066e-02;3.222179e-02;4.995505e-02;5.016242e-02;1.004850e-01;3.282940e-01;1.792599e-01;1.267865e-01
3.384346e-02;2.219456e-02;3.820903e-02;2.061544e-02;5.221734e-02;3.107461e-02;7.261515e-02;6.591291e-02;1.107355e-01;3.306133e-01;1.330876e-01;8.888119e-02
3.814767e-02;1.949467e-02;3.197113e-02;1.681946e-02;4.772511e-02;4.888367e-02;3.751695e-02;5.664693e-02;5.451268e-02;3.071446e-01;2.531706e-01;8.796650e-02
4.982712e-02;1.826892e-02;2.398826e-02;9.719253e-03;3.168004e-02;7.598281e-02;1.111377e-02;3.240908e-02;3.360158e-02;2.438773e-01;3.756249e-01;9.390701e-02
4.010049e-02;1.643823e-02;2.520561e-02;8.604693e-03;2.204267e-02;7.783677e-02;5.003882e-02;3.133905e-02;6.828976e-02;2.433824e-01;3.214012e-01;9.532028e-02
4.314923e-02;1.654970e-02;2.487069e-02;1.111179e-02;1.857464e-02;6.349540e-02;9.464313e-02;5.824281e-02;1.644326e-01;2.767096e-01;1.513842e-01;7.683631e-02
4.565441e-02;1.838706e-02;2.720051e-02;1.980899e-02;8.069695e-03;6.040649e-02;9.004109e-02;7.124382e-02;2.510040e-01;2.054761e-01;1.547718e-01;4.793596e-02
2.843967e-02;1.619009e-02;1.895369e-02;1.948298e-02;2.976766e-02;7.153367e-02;3.048374e-02;6.313524e-02;2.664872e-01;2.470980e-01;1.628331e-01;4.559492e-02
3.127596e-02;1.552894e-02;2.118247e-02;9.773167e-03;3.734213e-02;5.367624e-02;4.223002e-02;4.206684e-02;2.209726e-01;3.595597e-01;1.237950e-01;4.259693e-02
4.783597e-02;3.268190e-02;3.503148e-02;1.596370e-02;2.468635e-02;5.040523e-02;2.682557e-02;2.564427e-02;1.250886e-01;3.444039e-01;1.862665e-01;8.516666e-02
7.279914e-02;3.651905e-02;3.774020e-02;2.125311e-02;1.981418e-02;7.767963e-02;3.036172e-02;1.912550e-02;4.839448e-02;1.261459e-01;3.120905e-01;1.980766e-01
6.222893e-02;2.334970e-02;2.788032e-02;1.634774e-02;1.303038e-02;1.009252e-01;2.686027e-02;1.823656e-02;1.952909e-02;2.685131e-02;3.677667e-01;2.969938e-01
2.653480e-02;1.425721e-02;2.609352e-02;1.058169e-02;6.142240e-03;1.199316e-01;3.334425e-02;1.600235e-02;2.036011e-02;2.446646e-02;4.073803e-01;2.949055e-01
2.189611e-02;1.320658e-02;3.816615e-02;1.103079e-02;8.304990e-03;1.603737e-01;4.433080e-02;1.101280e-02;2.428727e-02;2.682133e-02;4.975645e-01;1.430049e-01
1.378556e-02;1.025567e-02;4.818355e-02;1.015481e-02;1.440524e-02;1.986945e-01;2.158096e-02;1.198448e-02;2.235512e-02;2.707101e-02;5.420576e-01;7.947153e-02
1.291087e-02;8.755798e-03;5.334258e-02;5.541557e-03;1.942446e-02;2.173934e-01;2.168769e-02;1.114959e-02;2.173877e-02;2.260611e-02;5.092514e-01;9.619772e-02
1.787161e-02;1.198411e-02;5.884291e-02;7.447879e-03;1.961837e-02;2.164117e-01;4.096409e-02;9.875373e-03;3.192553e-02;1.117671e-02;4.649281e-01;1.089536e-01
4.970112e-02;3.197899e-02;4.664249e-02;1.057807e-02;1.043864e-02;1.623766e-01;6.431878e-02;2.310665e-02;3.425340e-02;1.630685e-02;3.360897e-01;2.142087e-01
1.105739e-01;8.297512e-02;7.755475e-02;3.222911e-02;1.275810e-02;8.476093e-02;1.026036e-01;2.441673e-02;2.704328e-02;2.260271e-02;1.899216e-01;2.325602e-01
1.325110e-01;1.320864e-01;1.334123e-01;5.359329e-02;1.933171e-02;3.540320e-02;1.035735e-01;1.914403e-02;2.123629e-02;2.085539e-02;1.374826e-01;1.913702e-01
1.035548e-01;1.192682e-01;1.534692e-01;5.317498e-02;1.595139e-02;3.421920e-02;8.065739e-02;1.450682e-02;2.328277e-02;2.530522e-02;1.596296e-01;2.169804e-01
1.058725e-01;9.173665e-02;1.300528e-01;3.275741e-02;1.305432e-02;6.040835e-02;9.693629e-02;1.896667e-02;4.331001e-02;3.346753e-02;1.499360e-01;2.235015e-01
1.101888e-01;8.322994e-02;1.322888e-01;2.857146e-02;1.673135e-02;9.265678e-02;1.144058e-01;3.067140e-02;5.755370e-02;4.417102e-02;1.396681e-01;1.498629e-01
1.328397e-01;8.242473e-02;9.981874e-02;6.778088e-02;3.153222e-02;9.553028e-02;8.637752e-02;2.598826e-02;4.884459e-02;3.407601e-02;1.051885e-01;1.895986e-01
8.274489e-02;8.978380e-02;6.686617e-02;9.788372e-02;5.137148e-02;8.690888e-02;5.931950e-02;2.394857e-02;5.809405e-02;2.959764e-02;1.411453e-01;2.123360e-01
5.983239e-02;4.721717e-02;1.125268e-01;7.416039e-02;3.109238e-02;9.341405e-02;6.096500e-02;3.090080e-02;5.307689e-02;4.065324e-02;2.598264e-01;1.363345e-01
7.542618e-02;5.867192e-02;8.705936e-02;2.154152e-02;1.310032e-02;7.167217e-02;9.574105e-02;2.457660e-02;3.744584e-02;4.274008e-02;2.672156e-01;2.048094e-01
9.950323e-02;9.102476e-02;6.618775e-02;1.895597e-02;2.193997e-02;8.938546e-02;8.865912e-02;3.850344e-02;2.659762e-02;4.474861e-02;2.747804e-01;1.397137e-01
1.361813e-01;1.078265e-01;8.673111e-02;1.970820e-02;2.695690e-02;9.883732e-02;4.653636e-02;2.943990e-02;3.011915e-02;3.551539e-02;2.741848e-01;1.079631e-01
1.187288e-01;6.697860e-02;1.296825e-01;3.795859e-02;2.441891e-02;1.144210e-01;7.288110e-02;1.403489e-02;4.458971e-02;2.619066e-02;2.037768e-01;1.463385e-01
1.054219e-01;4.362458e-02;1.420510e-01;4.785991e-02;4.360862e-02;1.460581e-01;9.978121e-02;1.305738e-02;4.299974e-02;2.415294e-02;1.687682e-01;1.226163e-01
1.327559e-01;8.359476e-02;1.775152e-01;7.530083e-02;6.114507e-02;1.220646e-01;9.140327e-02;4.682038e-02;3.557563e-02;2.769656e-02;7.418603e-02;7.194163e-02
1.294354e-01;1.513215e-01;2.632237e-01;8.072516e-02;5.689476e-02;6.239682e-02;1.015378e-01;4.749294e-02;3.385234e-02;1.890842e-02;2.919045e-02;2.502065e-02
1.653882e-01;1.901850e-01;2.555177e-01;6.759103e-02;6.973856e-02;4.091599e-02;7.076311e-02;4.185451e-02;3.777106e-02;1.813157e-02;1.474432e-02;2.739888e-02
2.722183e-01;1.900141e-01;1.720309e-01;5.249957e-02;9.992884e-02;2.964555e-02;4.311018e-02;4.850256e-02;3.050931e-02;1.657952e-02;1.004067e-02;3.492049e-02
4.108097e-01;1.542340e-01;6.732998e-02;4.413685e-02;1.367092e-01;1.475731e-02;2.103567e-02;6.665954e-02;2.170749e-02;1.486293e-02;7.272861e-03;4.048445e-02
4.214591e-01;1.195134e-01;3.769912e-02;3.843726e-02;1.355091e-01;1.908954e-02;3.007808e-02;7.486745e-02;2.671544e-02;2.032395e-02;1.757481e-02;5.873265e-02
2.447716e-01;9.552762e-02;4.851034e-02;5.608713e-02;8.102021e-02;2.633817e-02;7.143367e-02;4.704932e-02;4.572114e-02;2.945919e-02;2.351729e-02;2.305644e-01
1.109840e-01;4.431878e-02;4.030500e-02;9.585661e-02;2.607799e-02;2.543831e-02;9.206719e-02;3.539215e-02;3.069846e-02;2.508083e-02;3.243549e-02;4.413452e-01
6.509586e-02;3.332189e-02;2.979548e-02;8.738448e-02;1.600585e-02;1.065624e-02;9.814459e-02;1.934580e-02;1.374163e-02;1.493793e-02;3.781743e-02;5.737529e-01
7.357011e-02;2.604229e-02;1.885720e-02;6.384198e-02;1.838093e-02;4.375445e-03;1.023084e-01;9.065658e-03;1.332933e-02;1.268930e-02;2.843254e-02;6.291068e-01
8.457480e-02;1.135809e-02;2.097138e-02;4.708942e-02;1.928862e-02;5.614106e-03;8.993696e-02;1.097667e-02;1.583029e-02;1.605343e-02;3.360412e-02;6.447021e-01
1.658000e-01;1.755874e-02;2.577984e-02;2.924007e-02;2.190984e-02;9.045996e-03;5.418984e-02;1.592034e-02;1.615253e-02;2.021640e-02;2.771057e-02;5.964758e-01
3.216244e-01;2.814854e-02;1.793820e-02;1.642334e-02;1.805071e-02;9.727777e-03;1.670231e-02;2.485890e-02;1.278457e-02;2.010169e-02;8.686219e-03;5.049534e-01
5.105342e-01;2.182792e-02;8.482348e-03;1.172602e-02;1.696229e-02;1.157579e-02;1.205488e-02;6.156361e-02;1.380458e-02;1.398563e-02;1.439713e-02;3.030856e-01
6.525321e-01;1.508007e-02;8.659002e-03;2.047804e-02;2.342253e-02;1.142115e-02;1.182029e-02;8.203071e-02;2.042434e-02;2.048954e-02;4.978565e-03;1.286637e-01
7.240293e-01;2.444938e-02;6.845923e-03;1.857965e-02;2.068311e-02;6.253833e-03;4.671838e-03;8.191039e-02;1.923256e-02;1.293540e-02;1.626137e-02;6.414721e-02
7.607073e-01;5.380245e-02;6.766011e-03;9.786329e-03;3.328634e-02;3.708373e-03;5.012996e-03;6.639057e-02;1.938989e-02;7.457523e-03;1.183944e-02;2.185276e-02
7.266598e-01;8.357122e-02;1.077544e-02;1.054662e-02;5.611475e-02;4.283584e-03;8.898832e-03;3.876159e-02;1.480778e-02;8.084442e-03;9.608721e-03;2.788717e-02
7.034077e-01;1.060949e-01;1.252410e-02;8.578877e-03;7.701892e-02;5.391976e-03;7.275965e-03;3.187160e-02;7.850594e-03;6.368916e-03;7.694357e-03;2.592204e-02
7.311592e-01;6.874193e-02;1.264447e-02;8.871251e-03;9.850605e-02;7.321663e-03;6.184552e-03;2.777579e-02;4.734742e-03;8.233031e-03;6.926861e-03;1.890042e-02
7.603312e-01;3.630044e-02;8.121782e-03;6.383935e-03;1.069892e-01;8.501575e-03;6.962667e-03;2.802212e-02;5.640986e-03;8.046756e-03;1.102774e-02;1.367154e-02
7.291229e-01;6.672655e-02;1.250117e-02;1.255011e-02;8.753794e-02;8.118393e-03;9.626955e-03;2.843996e-02;9.435225e-03;1.032553e-02;1.402044e-02;1.159481e-02
5.489530e-01;2.310413e-01;3.176849e-02;1.931314e-02;5.143702e-02;1.089831e-02;7.759999e-03;2.593917e-02;1.935242e-02;1.112200e-02;1.885486e-02;2.356031e-02
3.559465e-01;3.465188e-01;4.004985e-02;2.994210e-02;4.708055e-02;1.877861e-02;9.255704e-03;2.770087e-02;2.982181e-02;1.232416e-02;2.301326e-02;5.956784e-02
3.493851e-01;3.850337e-01;2.704007e-02;2.095265e-02;4.753590e-02;2.059202e-02;1.392941e-02;1.690761e-02;3.689265e-02;6.760873e-03;1.920256e-02;5.576739e-02
3.888675e-01;3.746324e-01;2.513655e-02;2.088883e-02;3.971552e-02;1.442457e-02;2.025921e-02;2.336289e-02;3.270927e-02;9.044023e-03;1.558825e-02;3.537095e-02
4.109956e-01;3.118092e-01;2.843205e-02;2.046637e-02;5.490385e-02;1.441858e-02;2.239691e-02;3.505250e-02;3.488961e-02;1.373859e-02;1.620281e-02;3.669396e-02
4.514665e-01;2.218966e-01;5.579488e-02;2.594291e-02;5.099798e-02;1.723322e-02;2.133930e-02;2.997727e-02;5.317315e-02;1.779574e-02;2.445639e-02;2.992613e-02
4.032351e-01;2.169738e-01;8.323975e-02;2.720647e-02;5.372150e-02;1.489285e-02;1.326229e-02;2.945920e-02;4.186461e-02;1.832158e-02;3.778538e-02;6.003748e-02
4.910497e-01;2.040278e-01;4.366521e-02;2.493672e-02;4.131469e-02;1.055301e-02;1.061131e-02;3.888696e-02;2.365036e-02;1.968068e-02;3.708255e-02;5.454100e-02
5.723642e-01;1.174087e-01;1.719080e-02;1.760424e-02;1.881799e-02;9.012019e-03;1.861287e-02;3.778018e-02;1.186429e-02;1.921339e-02;4.421860e-02;1.159128e-01
3.415801e-01;6.145775e-02;3.455836e-02;1.257566e-02;1.899969e-02;1.134732e-02;3.390259e-02;2.099699e-02;1.934417e-02;2.885040e-02;1.222708e-01;2.941162e-01
1.219578e-01;5.538405e-02;7.158585e-02;1.396271e-02;1.543594e-02;2.538010e-02;2.526945e-02;1.059115e-02;9.983804e-03;3.310425e-02;3.222533e-01;2.950916e-01
1.003291e-01;5.053628e-02;7.233729e-02;1.687790e-02;2.996917e-02;2.964173e-02;1.177924e-02;8.939169e-03;2.364329e-02;8.899838e-02;4.527367e-01;1.142117e-01
8.556221e-02;4.878314e-02;4.137164e-02;4.886427e-02;5.106138e-02;2.024737e-02;1.350664e-02;7.608563e-03;7.244869e-02;1.651440e-01;3.836206e-01;6.178147e-02
8.393037e-02;5.320795e-02;6.431778e-02;9.939956e-02;4.294801e-02;1.193459e-02;3.166935e-02;3.880556e-02;1.260459e-01;1.630492e-01;2.223266e-01;6.236506e-02
7.834163e-02;9.098859e-02;1.707578e-01;9.563524e-02;3.328344e-02;1.663168e-02;6.011925e-02;1.084670e-01;8.950801e-02;7.201909e-02;1.279473e-01;5.630092e-02
8.631896e-02;2.214465e-01;1.630634e-01;4.031609e-02;4.464720e-02;1.462993e-02;9.943099e-02;1.061689e-01;1.763833e-02;3.730109e-02;1.333702e-01;3.566836e-02
2.040505e-01;2.845092e-01;9.143303e-02;2.296470e-02;3.469576e-02;4.550093e-02;8.699504e-02;5.873445e-02;3.795696e-02;4.227186e-02;6.890912e-02;2.197847e-02
3.400361e-01;2.037119e-01;4.839645e-02;2.133835e-02;3.694711e-02;7.818361e-02;4.713426e-02;3.429752e-02;4.239962e-02;5.996379e-02;2.786641e-02;5.972487e-02
3.120349e-01;1.171317e-01;2.055460e-02;1.577407e-02;1.065948e-01;7.161301e-02;2.473557e-02;2.357011e-02;5.524371e-02;3.987056e-02;3.115381e-02;1.817232e-01
1.860242e-01;8.568960e-02;3.035924e-02;7.534925e-02;1.395723e-01;3.983729e-02;2.916304e-02;2.269881e-02;5.855674e-02;2.018975e-02;6.952173e-02;2.430381e-01
1.177215e-01;7.791951e-02;3.712175e-02;1.732187e-01;7.603966e-02;2.702918e-02;3.383180e-02;4.936540e-02;4.258531e-02;4.137218e-02;1.520433e-01;1.717517e-01
9.560959e-02;6.468397e-02;1.165676e-01;1.880921e-01;2.334544e-02;2.749003e-02;4.256451e-02;5.517909e-02;3.878549e-02;6.996585e-02;1.782587e-01;9.945760e-02
7.994821e-02;6.410275e-02;2.229174e-01;1.199165e-01;4.412094e-02;2.359439e-02;5.723557e-02;3.683284e-02;4.580027e-02;1.006173e-01;1.088647e-01;9.604911e-02
8.192910e-02;1.495635e-01;2.501377e-01;6.872874e-02;5.035869e-02;4.223703e-02;6.456421e-02;2.067996e-02;8.246423e-02;1.048558e-01;2.337376e-02;6.110730e-02
1.741138e-01;2.232074e-01;1.376092e-01;6.328323e-02;3.913720e-02;4.218958e-02;5.050822e-02;2.744284e-02;9.642997e-02;5.570805e-02;5.605971e-02;3.431081e-02
2.598451e-01;1.790404e-01;1.211687e-01;4.884519e-02;3.916708e-02;2.590649e-02;3.338724e-02;4.526795e-02;5.042801e-02;6.407298e-02;3.281461e-02;1.000562e-01
2.226674e-01;1.311720e-01;9.565225e-02;6.027018e-02;4.567286e-02;2.174985e-02;5.391825e-02;4.913086e-02;2.445186e-02;7.269251e-02;1.551090e-02;2.071110e-01
1.093825e-01;7.994634e-02;5.574834e-02;1.061838e-01;4.020532e-02;2.059132e-02;7.349221e-02;4.982757e-02;3.548042e-02;7.950490e-02;3.024980e-02;3.193874e-01
1.162110e-01;1.048429e-01;7.417178e-02;8.644407e-02;1.891489e-02;1.198128e-02;4.530493e-02;4.502275e-02;2.828523e-02;6.507234e-02;7.549828e-02;3.282505e-01
1.373248e-01;1.871013e-01;8.819432e-02;3.639628e-02;1.528400e-02;1.282256e-02;2.290088e-02;4.713464e-02;3.397626e-02;6.203501e-02;1.027128e-01;2.541173e-01
1.204825e-01;1.776751e-01;9.624160e-02;5.206922e-02;2.163113e-02;1.837345e-02;2.676811e-02;3.756707e-02;4.968812e-02;5.995886e-02;1.008284e-01;2.387164e-01
1.570610e-01;1.124392e-01;9.275604e-02;7.541421e-02;2.811009e-02;3.566763e-02;2.903309e-02;2.152775e-02;7.178690e-02;3.582580e-02;7.583198e-02;2.645463e-01
1.363303e-01;1.834520e-01;1.015488e-01;6.148429e-02;1.978247e-02;2.214437e-02;4.182004e-02;3.332514e-02;6.960513e-02;6.182642e-02;6.653039e-02;2.021506e-01
1.486475e-01;1.786536e-01;1.557802e-01;4.746086e-02;3.113584e-02;1.892669e-02;4.561498e-02;5.098972e-02;6.425866e-02;8.554328e-02;3.850487e-02;1.344839e-01
1.717473e-01;9.314857e-02;1.745352e-01;6.264929e-02;4.766518e-02;2.725821e-02;7.650849e-02;5.446721e-02;8.101154e-02;9.329584e-02;4.580393e-02;7.190917e-02
1.872148e-01;3.553669e-02;1.724212e-01;7.798764e-02;5.775161e-02;3.040720e-02;1.024183e-01;3.567200e-02;7.485642e-02;8.645695e-02;7.599574e-02;6.328142e-02
2.263445e-01;3.945242e-02;1.811472e-01;8.565748e-02;4.598796e-02;2.231880e-02;7.040659e-02;3.053963e-02;4.220884e-02;8.128193e-02;8.222285e-02;9.243186e-02
2.477906e-01;5.307921e-02;1.591484e-01;8.770742e-02;3.873951e-02;2.620744e-02;6.679440e-02;4.236456e-02;2.839567e-02;7.961445e-02;7.466485e-02;9.549354e-02
2.225613e-01;6.535187e-02;1.250902e-01;1.060359e-01;3.628773e-02;2.348562e-02;8.308662e-02;4.899117e-02;5.221474e-02;9.869199e-02;5.949949e-02;7.870331e-02
1.021923e-01;1.380965e-01;1.594280e-01;1.257687e-01;4.193052e-02;2.538398e-02;7.107301e-02;3.350645e-02;4.348421e-02;1.345310e-01;4.706871e-02;7.753668e-02
1.088331e-01;1.503995e-01;1.553150e-01;1.142925e-01;3.315643e-02;3.351511e-02;5.076102e-02;3.961961e-02;4.097203e-02;1.179827e-01;7.645949e-02;7.869346e-02
1.447613e-01;1.065554e-01;1.561023e-01;8.884304e-02;3.728964e-02;3.563815e-02;3.606478e-02;5.842664e-02;7.250840e-02;8.588279e-02;6.007247e-02;1.178551e-01
1.500338e-01;7.578997e-02;1.110842e-01;3.999483e-02;4.256507e-02;3.397609e-02;6.731064e-02;5.821911e-02;6.052229e-02;8.399869e-02;8.039875e-02;1.961066e-01
