2.648886e-02;2.919322e-01;4.020832e-01;1.127326e-02;9.509016e-03;3.530379e-02;1.588458e-02;3.835388e-02;8.173267e-02;6.750230e-02;1.187892e-02;8.057360e-03
3.083552e-02;3.294380e-01;3.790363e-01;2.435465e-02;6.522764e-03;1.276369e-02;1.337762e-02;4.513698e-02;4.857452e-02;8.323036e-02;1.795287e-02;8.776640e-03
4.529299e-02;2.796166e-01;2.328812e-01;1.966050e-02;6.315177e-03;3.477225e-02;1.912944e-02;5.572246e-02;9.307490e-02;1.382941e-01;4.532987e-02;2.991054e-02
6.276371e-02;1.933676e-01;2.465172e-01;1.433770e-02;8.895117e-03;2.038139e-02;2.816875e-02;4.770079e-02;9.295864e-02;1.509563e-01;7.870840e-02;5.524438e-02
7.302581e-02;2.300754e-01;3.132123e-01;2.284604e-02;1.429954e-02;5.794104e-02;3.507432e-02;3.722021e-02;4.729428e-02;7.801741e-02;4.771213e-02;4.328149e-02
7.045676e-02;2.976570e-01;3.734802e-01;2.113487e-02;1.129345e-02;3.096303e-02;3.398282e-02;5.054276e-02;5.296899e-02;2.442499e-02;1.493221e-02;1.816288e-02
5.747600e-02;2.285282e-01;3.848885e-01;1.613656e-02;4.525314e-03;2.512661e-02;3.118240e-02;7.238499e-02;7.786554e-02;6.287926e-02;2.099599e-02;1.801064e-02
4.961341e-02;1.891467e-01;3.232246e-01;1.241958e-02;7.922672e-03;7.916880e-02;1.153011e-02;1.077222e-01;9.600929e-02;8.991646e-02;2.008004e-02;1.324610e-02
6.429121e-02;2.341793e-01;2.330731e-01;1.786426e-02;1.602360e-02;7.596842e-02;2.476025e-02;1.029989e-01;9.198375e-02;7.874181e-02;2.747368e-02;3.264168e-02
8.094753e-02;1.911305e-01;1.753638e-01;3.840161e-02;3.150944e-02;7.751450e-02;6.526060e-02;8.672689e-02;6.762675e-02;7.892714e-02;5.548498e-02;5.110617e-02
6.540539e-02;1.201608e-01;1.769515e-01;5.052657e-02;5.736381e-02;1.378612e-01;6.671400e-02;7.114247e-02;7.209438e-02;8.331220e-02;5.829436e-02;4.017334e-02
2.959341e-02;1.056369e-01;1.463403e-01;7.639572e-02;1.042335e-01;2.123372e-01;2.931922e-02;8.772244e-02;5.069223e-02;5.843655e-02;6.443910e-02;3.485350e-02
1.240891e-02;6.769174e-02;9.290066e-02;1.340414e-01;1.492824e-01;2.198688e-01;2.679146e-02;8.190099e-02;2.218937e-02;4.958905e-02;9.289710e-02;5.043815e-02
8.779726e-03;5.055208e-02;8.104370e-02;1.824076e-01;1.450295e-01;1.680014e-01;2.861729e-02;7.919464e-02;1.314663e-02;3.489249e-02;1.552483e-01;5.308668e-02
1.107896e-02;6.706720e-02;1.115268e-01;1.958314e-01;1.104730e-01;9.763020e-02;2.035312e-02;9.754869e-02;1.528912e-02;2.416125e-02;1.940753e-01;5.496493e-02
1.675309e-02;9.530452e-02;9.133861e-02;1.574947e-01;1.326438e-01;7.195733e-02;1.422836e-02;9.101120e-02;2.551793e-02;3.407861e-02;1.477764e-01;1.218955e-01
2.716293e-02;7.652993e-02;6.166816e-02;8.494113e-02;2.140999e-01;6.788342e-02;3.287782e-02;4.653448e-02;4.925395e-02;3.853142e-02;7.264054e-02;2.278763e-01
2.897991e-02;3.508236e-02;4.743411e-02;3.067117e-02;2.496047e-01;8.409917e-02;5.584989e-02;2.542776e-02;9.714482e-02;2.509540e-02;2.639486e-02;2.942159e-01
2.129981e-02;3.211176e-02;5.948601e-02;1.334367e-02;2.455567e-01;1.012536e-01;5.112588e-02;2.541479e-02;1.230541e-01;1.669105e-02;1.288207e-02;2.977806e-01
1.822053e-02;4.290490e-02;5.976969e-02;2.669563e-02;2.505662e-01;1.032135e-01;4.750673e-02;1.983878e-02;1.235861e-01;1.601550e-02;9.852058e-03;2.818304e-01
1.090657e-02;3.175425e-02;3.657662e-02;3.746302e-02;2.761938e-01;1.040583e-01;5.355567e-02;2.463620e-02;1.137813e-01;1.619437e-02;6.570582e-03;2.883092e-01
1.271458e-02;3.050853e-02;4.674381e-02;4.649270e-02;2.688383e-01;1.111120e-01;4.467161e-02;2.633397e-02;8.314456e-02;1.840461e-02;3.099596e-02;2.800394e-01
7.960297e-03;5.574722e-02;5.160170e-02;9.662189e-02;2.265096e-01;9.919680e-02;3.005646e-02;5.043586e-02;4.782484e-02;2.921991e-02;6.864846e-02;2.361770e-01
1.020883e-02;7.554158e-02;3.215545e-02;1.888558e-01;1.432591e-01;7.491852e-02;1.641361e-02;9.914038e-02;2.411647e-02;3.352216e-02;1.723932e-01;1.294749e-01
1.181037e-02;6.212988e-02;5.064507e-02;2.048613e-01;9.267113e-02;6.396948e-02;8.999101e-03;1.363806e-01;1.629751e-02;2.655595e-02;2.724914e-01;5.318818e-02
1.267956e-02;6.890576e-02;7.056995e-02;1.723155e-01;6.982823e-02;5.499700e-02;8.487735e-03;1.360234e-01;1.352638e-02;5.258949e-02;3.215348e-01;1.854223e-02
1.719894e-02;6.589416e-02;1.306644e-01;1.114086e-01;5.033824e-02;5.316068e-02;1.243886e-02;9.722591e-02;2.700172e-02;1.273831e-01;2.915256e-01;1.575981e-02
2.100199e-02;9.797659e-02;2.177624e-01;6.638109e-02;3.627777e-02;5.529973e-02;1.486516e-02;5.259323e-02;5.720823e-02;1.850917e-01;1.703861e-01;2.515602e-02
4.459427e-02;1.629774e-01;2.401983e-01;7.005652e-02;2.716028e-02;6.648665e-02;2.591329e-02;3.119621e-02;6.179768e-02;1.601879e-01;7.153445e-02;3.789702e-02
4.228183e-02;1.861684e-01;1.613776e-01;1.105665e-01;4.990770e-02;9.285341e-02;3.189414e-02;4.352724e-02;5.495119e-02;9.427899e-02;6.203300e-02;7.016005e-02
1.909945e-02;1.337736e-01;1.466468e-01;1.299245e-01;9.050850e-02;1.084111e-01;3.051093e-02;6.042933e-02;4.752394e-02;6.125074e-02;4.851924e-02;1.234018e-01
1.855152e-02;1.355120e-01;1.287894e-01;8.618699e-02;1.574259e-01;9.537777e-02;3.770487e-02;7.205520e-02;2.924913e-02;6.033277e-02;2.889171e-02;1.499227e-01
2.646655e-02;1.415927e-01;1.402282e-01;6.761645e-02;1.891940e-01;7.301701e-02;3.022350e-02;6.064618e-02;2.310893e-02;4.880813e-02;5.028644e-02;1.488118e-01
2.221144e-02;1.240645e-01;1.608034e-01;8.553988e-02;1.827166e-01;6.584460e-02;2.036340e-02;4.044612e-02;2.774547e-02;4.021920e-02;8.612381e-02;1.439216e-01
1.949647e-02;1.022598e-01;1.798709e-01;1.234548e-01;1.770482e-01;7.055852e-02;1.417189e-02;4.259862e-02;2.469835e-02;4.792318e-02;5.947610e-02;1.384431e-01
1.959756e-02;1.168820e-01;1.485250e-01;1.448328e-01;1.384751e-01;1.294837e-01;2.385213e-02;5.434241e-02;2.753184e-02;4.570377e-02;5.068525e-02;1.000886e-01
2.135214e-02;8.185326e-02;8.074107e-02;1.533539e-01;1.202323e-01;1.512828e-01;4.044358e-02;8.727110e-02;4.816496e-02;4.978779e-02;6.568101e-02;9.983610e-02
1.871451e-02;5.788483e-02;7.083569e-02;1.137001e-01;9.808766e-02;1.333785e-01;3.447742e-02;1.597657e-01;9.005388e-02;8.047648e-02;5.846643e-02;8.415885e-02
1.757886e-02;8.728641e-02;1.165723e-01;8.051213e-02;5.948833e-02;1.301875e-01;2.840535e-02;1.961626e-01;1.071900e-01;7.055954e-02;4.239813e-02;6.365883e-02
1.641576e-02;1.175486e-01;1.664267e-01;7.861685e-02;4.838815e-02;1.013504e-01;2.525322e-02;1.842585e-01;8.946037e-02;5.444823e-02;5.006973e-02;6.776356e-02
1.512271e-02;1.336140e-01;1.819851e-01;8.136470e-02;5.836101e-02;7.634542e-02;2.569550e-02;1.367776e-01;6.739851e-02;5.037898e-02;9.135910e-02;8.159735e-02
1.726388e-02;1.232699e-01;1.446071e-01;8.369389e-02;1.173178e-01;6.557333e-02;2.377333e-02;7.982383e-02;8.063050e-02;5.934823e-02;1.306811e-01;7.401706e-02
1.349584e-02;1.200301e-01;1.417496e-01;1.124566e-01;1.505856e-01;8.425432e-02;1.590581e-02;7.227349e-02;6.917341e-02;4.645487e-02;1.333603e-01;4.026003e-02
1.194735e-02;1.031709e-01;1.112702e-01;9.409824e-02;1.642865e-01;8.613238e-02;3.397041e-02;7.374912e-02;6.315407e-02;5.278010e-02;1.678543e-01;3.758633e-02
5.189747e-02;6.772193e-02;7.753789e-02;3.710936e-02;6.872980e-02;1.585269e-01;1.592045e-01;1.694133e-01;6.425086e-02;5.928210e-02;6.641684e-02;1.990915e-02
6.119567e-02;5.400995e-02;3.068736e-02;1.767856e-02;3.243449e-02;1.941396e-01;2.546135e-01;1.873285e-01;4.798914e-02;6.141710e-02;3.980319e-02;1.870295e-02
5.464285e-02;7.073324e-02;1.802769e-02;1.524814e-02;1.962887e-02;1.765173e-01;2.826656e-01;1.604766e-01;3.714605e-02;9.302515e-02;6.085828e-02;1.103024e-02
6.074963e-02;1.064357e-01;1.617782e-02;1.812300e-02;1.215303e-02;1.938923e-01;2.426682e-01;9.743313e-02;3.538894e-02;1.367671e-01;6.363394e-02;1.657715e-02
1.366306e-01;1.136736e-01;2.475705e-02;1.561728e-02;2.413448e-02;2.647390e-01;1.254668e-01;4.991907e-02;3.636976e-02;1.403586e-01;3.723202e-02;3.110185e-02
1.945611e-01;7.350446e-02;3.628104e-02;1.936525e-02;3.875475e-02;3.245203e-01;3.776685e-02;5.899925e-02;4.030531e-02;1.176013e-01;2.851382e-02;2.982658e-02
1.817747e-01;5.037603e-02;4.104287e-02;2.567138e-02;4.090817e-02;3.559494e-01;6.738424e-02;5.617869e-02;3.294829e-02;8.184469e-02;4.802243e-02;1.789919e-02
1.346954e-01;4.480935e-02;2.851789e-02;2.195869e-02;5.433294e-02;3.959472e-01;1.041465e-01;5.359450e-02;2.833128e-02;4.339926e-02;6.913618e-02;2.113074e-02
1.128588e-01;3.131412e-02;4.145777e-02;9.534987e-03;4.243081e-02;4.768160e-01;8.967154e-02;5.530525e-02;2.081116e-02;4.583565e-02;4.041927e-02;3.354465e-02
1.179740e-01;3.008590e-02;5.640415e-02;2.041542e-02;2.407331e-02;5.275449e-01;5.529359e-02;5.396612e-02;1.531245e-02;5.505531e-02;1.478989e-02;2.908493e-02
1.191023e-01;5.160785e-02;4.366311e-02;2.440023e-02;3.796943e-02;4.380168e-01;6.083574e-02;1.109710e-01;2.217765e-02;5.565344e-02;2.382404e-02;1.177839e-02
8.161703e-02;4.891135e-02;4.064067e-02;1.640824e-02;3.828374e-02;2.833088e-01;1.395765e-01;2.189223e-01;3.271882e-02;5.587439e-02;3.114712e-02;1.259102e-02
2.236031e-02;2.655468e-02;5.998785e-02;1.280036e-02;3.409526e-02;1.751180e-01;1.281064e-01;3.458705e-01;9.718773e-02;4.980326e-02;3.120146e-02;1.691422e-02
2.617508e-02;3.949235e-02;6.442530e-02;1.286793e-02;2.521705e-02;8.032706e-02;7.118201e-02;3.310469e-01;2.159060e-01;9.753489e-02;2.039576e-02;1.542962e-02
1.653071e-02;4.037531e-02;3.993023e-02;2.781783e-02;2.123800e-02;3.643922e-02;4.536931e-02;1.698770e-01;3.016329e-01;2.695856e-01;1.791222e-02;1.329161e-02
8.059866e-03;1.760153e-02;2.310893e-02;2.579106e-02;5.846075e-02;5.709349e-02;3.063374e-02;5.210071e-02;2.082699e-01;4.450267e-01;5.602167e-02;1.783168e-02
6.395863e-03;1.340899e-02;2.154307e-02;1.363539e-02;7.801332e-02;9.463388e-02;1.388627e-02;4.933006e-02;1.008741e-01;4.876334e-01;1.077003e-01;1.294537e-02
6.901111e-03;1.745535e-02;2.565181e-02;1.210565e-02;5.099019e-02;1.425470e-01;3.741612e-02;7.852107e-02;5.834036e-02;3.545683e-01;1.966235e-01;1.887962e-02
8.165511e-03;2.076576e-02;2.439284e-02;1.119397e-02;2.699054e-02;1.621797e-01;4.467104e-02;9.713061e-02;4.066420e-02;2.282288e-01;3.154591e-01;2.015787e-02
9.595693e-03;2.534635e-02;2.646241e-02;1.714172e-02;3.123759e-02;1.718187e-01;2.902124e-02;1.199302e-01;3.867354e-02;1.661043e-01;3.483943e-01;1.627390e-02
1.053500e-02;3.404339e-02;2.418522e-02;2.362841e-02;6.411160e-02;1.862135e-01;3.244660e-02;1.078459e-01;8.511638e-02;1.393500e-01;2.746103e-01;1.791375e-02
1.091049e-02;3.449391e-02;2.174441e-02;1.496496e-02;1.533233e-01;1.385201e-01;3.451457e-02;1.108007e-01;8.721501e-02;2.187471e-01;1.586170e-01;1.614847e-02
5.942598e-03;3.949703e-02;2.321241e-02;2.824110e-02;2.443479e-01;9.792126e-02;1.754429e-02;1.093067e-01;8.387277e-02;2.615483e-01;7.751272e-02;1.105283e-02
1.324824e-02;2.947385e-02;2.153100e-02;9.077281e-02;2.216991e-01;7.104820e-02;2.293909e-02;9.960952e-02;1.749669e-01;2.058671e-01;4.065920e-02;8.184865e-03
2.079068e-02;2.537544e-02;4.108296e-02;1.893935e-01;1.137199e-01;4.948944e-02;2.242845e-02;1.534699e-01;2.524861e-01;1.027094e-01;1.952281e-02;9.531547e-03
1.544313e-02;2.457575e-02;8.186165e-02;1.620840e-01;3.495206e-02;4.870753e-02;3.006806e-02;3.187567e-01;1.996767e-01;4.870222e-02;1.844545e-02;1.672674e-02
2.298198e-02;4.182319e-02;8.692765e-02;6.032460e-02;2.389025e-02;1.113033e-01;8.439118e-02;3.619607e-01;9.095700e-02;5.732513e-02;4.339396e-02;1.472107e-02
4.023047e-02;7.507518e-02;5.108030e-02;1.362369e-02;2.874279e-02;1.780221e-01;1.485937e-01;3.162249e-01;2.500232e-02;7.225335e-02;4.317890e-02;7.972305e-03
6.345481e-02;5.828667e-02;9.815406e-03;9.466254e-03;2.797830e-02;3.573031e-01;1.266435e-01;2.180874e-01;3.150047e-02;6.311251e-02;2.466973e-02;9.681778e-03
8.005722e-02;1.795524e-02;2.530141e-02;2.257205e-02;2.216601e-02;5.449383e-01;5.568111e-02;9.456613e-02;4.953347e-02;5.775892e-02;1.836448e-02;1.110568e-02
6.657493e-02;2.240442e-02;2.573166e-02;2.989052e-02;4.432508e-02;5.814421e-01;8.748610e-03;1.053861e-01;3.639285e-02;3.950010e-02;1.962328e-02;1.998041e-02
5.381176e-02;3.514036e-02;3.105232e-02;3.158438e-02;6.016691e-02;4.357414e-01;4.621369e-02;1.715097e-01;6.412916e-02;2.782417e-02;1.742284e-02;2.540328e-02
2.956642e-02;2.606469e-02;4.223906e-02;3.120038e-02;3.337029e-02;4.024759e-01;1.270858e-01;1.534019e-01;5.371497e-02;3.610774e-02;2.255973e-02;4.221315e-02
6.919754e-03;2.003309e-02;2.794005e-02;2.614623e-02;8.243724e-02;4.226349e-01;1.574463e-01;8.309172e-02;5.416905e-02;3.975329e-02;1.626078e-02;6.316767e-02
1.638773e-02;1.799032e-02;2.509075e-02;1.662266e-02;1.255384e-01;3.822448e-01;1.460684e-01;3.646671e-02;8.362871e-02;4.927166e-02;1.443163e-02;8.625822e-02
2.150480e-02;9.657301e-03;1.624713e-02;2.946288e-02;1.924498e-01;2.632841e-01;7.486098e-02;3.099419e-02;1.849974e-01;3.563302e-02;2.428414e-02;1.166243e-01
1.848715e-02;6.139361e-03;1.847675e-02;3.420207e-02;2.406250e-01;1.893804e-01;2.057054e-02;4.887823e-02;2.512500e-01;1.080270e-02;2.152393e-02;1.396638e-01
1.259968e-02;1.054537e-02;2.608748e-02;3.618973e-02;2.512879e-01;1.687522e-01;1.758927e-02;5.303470e-02;2.472548e-01;1.879363e-02;1.357891e-02;1.442863e-01
1.661251e-02;1.238361e-02;2.479115e-02;4.401619e-02;2.707594e-01;1.455258e-01;1.610330e-02;4.647069e-02;2.413754e-01;3.707960e-02;1.352296e-02;1.313594e-01
1.822888e-02;1.364224e-02;2.564196e-02;5.000206e-02;2.281930e-01;2.729297e-01;2.876886e-02;2.972635e-02;1.869716e-01;5.720678e-02;1.645727e-02;7.223138e-02
2.977469e-02;1.094353e-02;2.221307e-02;4.478659e-02;1.283545e-01;4.273075e-01;7.162850e-02;4.112219e-02;9.351684e-02;9.688085e-02;1.531309e-02;1.815878e-02
1.863362e-02;1.665586e-02;1.165142e-02;3.511198e-02;2.346509e-02;4.664657e-01;1.663793e-01;7.652697e-02;3.243103e-02;1.113887e-01;2.477787e-02;1.651245e-02
9.750049e-03;1.485486e-02;1.384264e-02;3.488133e-02;7.491552e-02;3.624979e-01;2.358742e-01;8.468306e-02;4.226222e-02;7.408029e-02;2.710072e-02;2.525722e-02
1.782567e-02;1.079678e-02;1.042030e-02;3.718036e-02;9.429127e-02;3.838135e-01;2.360056e-01;4.963740e-02;5.921115e-02;5.736297e-02;1.323367e-02;3.022137e-02
2.799984e-02;9.781565e-03;8.995747e-03;2.857438e-02;8.057841e-02;5.007903e-01;1.548796e-01;5.047676e-02;6.059885e-02;3.809299e-02;1.108496e-02;2.814664e-02
5.185237e-02;1.605999e-02;1.323668e-02;2.098934e-02;8.381119e-02;5.601783e-01;9.912834e-02;3.234998e-02;4.461283e-02;3.968468e-02;1.066376e-02;2.743259e-02
7.331767e-02;1.572870e-02;1.033073e-02;1.655752e-02;8.185554e-02;5.432203e-01;1.087979e-01;2.373311e-02;4.242427e-02;3.670563e-02;1.183062e-02;3.549795e-02
8.070838e-02;1.056818e-02;2.976391e-02;2.007757e-02;7.016553e-02;4.014823e-01;1.303977e-01;7.103688e-02;8.124021e-02;3.314261e-02;9.913662e-03;6.150314e-02
5.118407e-02;1.735030e-02;5.953038e-02;3.397523e-02;8.791430e-02;3.068571e-01;1.378215e-01;5.427961e-02;9.310513e-02;5.584600e-02;2.170515e-02;8.043116e-02
3.091690e-02;1.903175e-02;7.474337e-02;4.354383e-02;1.322671e-01;2.864349e-01;1.158537e-01;6.064703e-02;7.019462e-02;6.651631e-02;1.662308e-02;8.322738e-02
2.208536e-02;1.208934e-02;7.536799e-02;4.280384e-02;1.388341e-01;4.049344e-01;6.041184e-02;6.321153e-02;4.973429e-02;4.840598e-02;2.655675e-02;5.556449e-02
1.807220e-02;2.153281e-02;1.040135e-01;5.084088e-02;1.363022e-01;4.819746e-01;2.796542e-02;3.890972e-02;4.634694e-02;3.346265e-02;1.049287e-02;3.008630e-02
1.201300e-02;3.421707e-02;1.492658e-01;4.834091e-02;1.375395e-01;4.587095e-01;2.664313e-02;3.647672e-02;3.531895e-02;1.703960e-02;2.998645e-02;1.444937e-02
1.073604e-02;4.540203e-02;1.967505e-01;4.258129e-02;1.053581e-01;3.493375e-01;3.995650e-02;6.055261e-02;6.058508e-02;2.826048e-02;4.003527e-02;2.044459e-02
1.655196e-02;6.023949e-02;1.880782e-01;5.999937e-02;1.159933e-01;1.924265e-01;6.035334e-02;1.048642e-01;9.020966e-02;3.505359e-02;4.820568e-02;2.802467e-02
1.405426e-02;5.231344e-02;1.182547e-01;9.108729e-02;1.374710e-01;1.922242e-01;7.467279e-02;9.645535e-02;9.218719e-02;3.994557e-02;6.888136e-02;2.245282e-02
9.250075e-03;3.895598e-02;1.133575e-01;1.316449e-01;8.707898e-02;3.230090e-01;7.033933e-02;5.293156e-02;5.805834e-02;2.507509e-02;7.470093e-02;1.559825e-02
8.251597e-03;6.620190e-02;2.191987e-01;1.626311e-01;8.213034e-02;1.805401e-01;5.917340e-02;7.756565e-02;3.549101e-02;2.252269e-02;6.788576e-02;1.840780e-02
1.474779e-02;1.241048e-01;2.588772e-01;1.255708e-01;1.097112e-01;1.053379e-01;6.063968e-02;6.224566e-02;3.589534e-02;5.156081e-02;3.692084e-02;1.438806e-02
2.830717e-02;1.744485e-01;2.171192e-01;5.465081e-02;7.772645e-02;1.993055e-01;5.685047e-02;5.206395e-02;4.744323e-02;4.987711e-02;2.294892e-02;1.925869e-02
3.796193e-02;2.111252e-01;2.215521e-01;3.255010e-02;5.687843e-02;2.100803e-01;5.124015e-02;6.906463e-02;5.181187e-02;2.322887e-02;1.885202e-02;1.565444e-02
4.610181e-02;2.533295e-01;2.481426e-01;1.329261e-02;4.689447e-02;1.682744e-01;6.501910e-02;5.096629e-02;5.974798e-02;1.539663e-02;1.715588e-02;1.567880e-02
8.409544e-02;2.317832e-01;1.539825e-01;5.568654e-02;2.447817e-02;9.519664e-02;7.056624e-02;1.074929e-01;8.860490e-02;3.350803e-02;2.573391e-02;2.887152e-02
5.914416e-02;9.790092e-02;7.552150e-02;6.224534e-02;6.719178e-02;1.818483e-01;1.203672e-01;1.571086e-01;6.506180e-02;4.688319e-02;2.459946e-02;4.212779e-02
3.992734e-02;7.352387e-02;6.997678e-02;4.610018e-02;5.785633e-02;1.192147e-01;2.372082e-01;1.662081e-01;4.443739e-02;5.062684e-02;2.720687e-02;6.771343e-02
3.251997e-02;6.160207e-02;6.741372e-02;2.812163e-02;4.641819e-02;1.219382e-01;2.666780e-01;1.335405e-01;6.258769e-02;4.980674e-02;4.336056e-02;8.601278e-02
3.018726e-02;3.414124e-02;5.426742e-02;2.413757e-02;4.911425e-02;1.314808e-01;2.384636e-01;8.982457e-02;1.181784e-01;4.033700e-02;8.049531e-02;1.093727e-01
2.117281e-02;4.329116e-02;5.307303e-02;2.516407e-02;5.168477e-02;1.724314e-01;1.737013e-01;7.279216e-02;1.422438e-01;1.668346e-02;1.173854e-01;1.103766e-01
1.729915e-02;5.622871e-02;3.832249e-02;2.702410e-02;5.193453e-02;2.188336e-01;1.617718e-01;6.166802e-02;1.260951e-01;1.192988e-02;9.788491e-02;1.310077e-01
1.645986e-02;6.705739e-02;5.238079e-02;2.947477e-02;5.374776e-02;2.116985e-01;1.674187e-01;5.101647e-02;9.827788e-02;1.579679e-02;8.476223e-02;1.519088e-01
1.711979e-02;5.355083e-02;8.357170e-02;4.334596e-02;5.624108e-02;2.148588e-01;1.356513e-01;7.275340e-02;8.451903e-02;3.040715e-02;7.899459e-02;1.289864e-01
1.533437e-02;5.368500e-02;1.234783e-01;3.016206e-02;7.817685e-02;2.668399e-01;8.129104e-02;9.743225e-02;8.702500e-02;4.478950e-02;4.363045e-02;7.815517e-02
2.849243e-02;5.181989e-02;1.605320e-01;5.680274e-02;9.235413e-02;1.948461e-01;1.154229e-01;9.252807e-02;8.194280e-02;4.771741e-02;1.930611e-02;5.823543e-02
2.638884e-02;9.841225e-02;5.991843e-02;5.103899e-02;7.787002e-02;3.041933e-01;1.611028e-01;6.959220e-02;4.214450e-02;3.012677e-02;1.187796e-02;6.733388e-02
2.221908e-02;1.006728e-01;1.122133e-01;2.190167e-02;7.636210e-02;3.001024e-01;1.056467e-01;1.094114e-01;5.191775e-02;3.003274e-02;2.120793e-02;4.831221e-02
2.491413e-02;1.206428e-01;1.887843e-01;4.928695e-02;1.043289e-01;1.926570e-01;4.163944e-02;1.270888e-01;6.187278e-02;3.631568e-02;2.494413e-02;2.752508e-02
3.767146e-02;1.274912e-01;1.635055e-01;2.057965e-02;1.152864e-01;2.722098e-01;3.229114e-02;9.229689e-02;4.097439e-02;3.392154e-02;2.732074e-02;3.645127e-02
3.216535e-02;6.254130e-02;1.628511e-01;4.169912e-02;9.498246e-02;3.413953e-01;6.653184e-02;4.423437e-02;5.593909e-02;2.616795e-02;2.014113e-02;5.135098e-02
1.851677e-02;9.473532e-02;1.362928e-01;4.774289e-02;7.391123e-02;2.856211e-01;7.766978e-02;9.294095e-02;8.832839e-02;2.648032e-02;2.265511e-02;3.510533e-02
1.629175e-02;9.155294e-02;7.314666e-02;5.216945e-02;1.187192e-01;2.520722e-01;5.638446e-02;1.515234e-01;1.078006e-01;2.721156e-02;1.739184e-02;3.573584e-02
1.873361e-02;8.981653e-02;1.034573e-01;4.505588e-02;8.219802e-02;3.581321e-01;4.560267e-02;1.034945e-01;7.249171e-02;3.026829e-02;1.190025e-02;3.884923e-02
3.025674e-02;1.111090e-01;1.136884e-01;5.677185e-02;4.265542e-02;3.725156e-01;6.928007e-02;5.463163e-02;6.054354e-02;3.108428e-02;2.356505e-02;3.389850e-02
4.053516e-02;1.494893e-01;1.233396e-01;4.554647e-02;4.849983e-02;2.983195e-01;7.315627e-02;8.287358e-02;4.603532e-02;2.411104e-02;3.188761e-02;3.620624e-02
4.581775e-02;1.918153e-01;2.137834e-01;2.749592e-02;4.626213e-02;1.899303e-01;4.612906e-02;7.569214e-02;5.209180e-02;3.064071e-02;3.322537e-02;4.711619e-02
6.154687e-02;2.065384e-01;1.553226e-01;3.504806e-02;4.847250e-02;1.048938e-01;1.022787e-01;8.402669e-02;6.761464e-02;5.534945e-02;2.060498e-02;5.830330e-02
5.803981e-02;1.685511e-01;8.306026e-02;5.201619e-02;5.649593e-02;8.910730e-02;1.542785e-01;9.747537e-02;6.176189e-02;6.519571e-02;2.410740e-02;8.991046e-02
4.411142e-02;9.605417e-02;6.218596e-02;4.023275e-02;8.227724e-02;1.128267e-01;1.675790e-01;8.849437e-02;8.504049e-02;5.940682e-02;5.410836e-02;1.076828e-01
3.204778e-02;7.438103e-02;7.917409e-02;1.393457e-02;6.536616e-02;2.350788e-01;1.040131e-01;5.284256e-02;9.763230e-02;8.385132e-02;8.341545e-02;7.826294e-02
2.868930e-02;6.023605e-02;5.513732e-02;1.801211e-02;4.019626e-02;3.301437e-01;6.139435e-02;6.080714e-02;8.133122e-02;1.127089e-01;9.334128e-02;5.800224e-02
2.990535e-02;5.377400e-02;8.280753e-02;2.246690e-02;4.543909e-02;3.671685e-01;5.433696e-02;5.282903e-02;5.215141e-02;1.059277e-01;8.239567e-02;5.079789e-02
2.596690e-02;8.277529e-02;8.704931e-02;2.058524e-02;5.124819e-02;3.311900e-01;5.952491e-02;6.031958e-02;6.411961e-02;7.874798e-02;9.129512e-02;4.717790e-02
2.331346e-02;8.753382e-02;6.299011e-02;5.669214e-02;3.308688e-02;2.765101e-01;1.016952e-01;8.103283e-02;8.915059e-02;5.798470e-02;1.045076e-01;2.550244e-02
2.766156e-02;6.169599e-02;5.470839e-02;8.433942e-02;4.304246e-02;2.698916e-01;8.191139e-02;7.227372e-02;1.279067e-01;6.434748e-02;8.775588e-02;2.446544e-02
2.267952e-02;4.940305e-02;6.136847e-02;8.775285e-02;4.904040e-02;2.927017e-01;5.400281e-02;8.353250e-02;1.286769e-01;6.454516e-02;6.563822e-02;4.065846e-02
1.977899e-02;7.038200e-02;5.081340e-02;1.033003e-01;3.268014e-02;2.968340e-01;5.698657e-02;1.184487e-01;1.121716e-01;4.683743e-02;5.390412e-02;3.786286e-02
1.980620e-02;8.134632e-02;5.721495e-02;9.539394e-02;6.574333e-02;2.588784e-01;6.244026e-02;1.259045e-01;1.188131e-01;6.216539e-02;2.714337e-02;2.515018e-02
1.388045e-02;7.881691e-02;7.704365e-02;7.334796e-02;8.895630e-02;2.027350e-01;3.685730e-02;1.111004e-01;1.752369e-01;7.122749e-02;3.587519e-02;3.492239e-02
2.591022e-02;1.014512e-01;1.003844e-01;6.081176e-02;6.158110e-02;1.593064e-01;1.720803e-02;1.380637e-01;1.765819e-01;6.380163e-02;5.363967e-02;4.126004e-02
4.543677e-02;1.628943e-01;1.177350e-01;6.427201e-02;3.586189e-02;1.137987e-01;2.383666e-02;1.571573e-01;1.383468e-01;5.127805e-02;5.782486e-02;3.155755e-02
4.355401e-02;1.462337e-01;1.473633e-01;3.890537e-02;4.445458e-02;1.698810e-01;4.918185e-02;1.403520e-01;8.723532e-02;5.598343e-02;3.741316e-02;3.944221e-02
3.436047e-02;9.667014e-02;5.593126e-02;3.568208e-02;5.718771e-02;2.700061e-01;7.256422e-02;1.231839e-01;1.070151e-01;5.537016e-02;5.236518e-02;3.966367e-02
3.816235e-02;8.281168e-02;7.984751e-02;3.281664e-02;9.639025e-02;2.575006e-01;6.685855e-02;8.552067e-02;9.979487e-02;6.398120e-02;5.342942e-02;4.288632e-02
2.526532e-02;8.542088e-02;6.464545e-02;3.890829e-02;1.399549e-01;2.345531e-01;3.821293e-02;6.062547e-02;9.756798e-02;1.094637e-01;3.707518e-02;6.830678e-02
1.543712e-02;8.408865e-02;2.929046e-02;3.800062e-02;1.610839e-01;1.962290e-01;2.726976e-02;6.553034e-02;1.024435e-01;1.520595e-01;3.863923e-02;8.992786e-02
3.079823e-02;9.334655e-02;2.479777e-02;2.960188e-02;1.582751e-01;1.478558e-01;2.876667e-02;6.390826e-02;1.052613e-01;1.830195e-01;2.858564e-02;1.057833e-01
3.115356e-02;1.590262e-01;7.328656e-02;3.111885e-02;1.349390e-01;6.551635e-02;1.825548e-02;7.591231e-02;9.440512e-02;1.843492e-01;2.808176e-02;1.039556e-01
2.783140e-02;1.820972e-01;7.054397e-02;4.127911e-02;1.122427e-01;4.089287e-02;8.331353e-03;7.182796e-02;1.022290e-01;2.016202e-01;1.123557e-02;1.298686e-01
3.161874e-02;1.447378e-01;5.520214e-02;4.624287e-02;7.809186e-02;4.966147e-02;9.405040e-03;6.867801e-02;1.287516e-01;2.128028e-01;3.423912e-02;1.405685e-01
3.289975e-02;1.312876e-01;6.038995e-02;5.404443e-02;5.476872e-02;7.148744e-02;2.455139e-02;9.045266e-02;1.350243e-01;1.790025e-01;7.247766e-02;9.361360e-02
4.638302e-02;1.096102e-01;4.819017e-02;5.005318e-02;6.896936e-02;7.064952e-02;5.078989e-02;1.119989e-01;1.218468e-01;1.493929e-01;1.136434e-01;5.847267e-02
6.573544e-02;1.134567e-01;4.773184e-02;2.373669e-02;8.552715e-02;5.580052e-02;7.678169e-02;1.116984e-01;1.169921e-01;1.081615e-01;1.336237e-01;6.075425e-02
4.387783e-02;8.085936e-02;8.573131e-02;3.401613e-02;9.537020e-02;1.606148e-01;9.043335e-02;1.054943e-01;9.136996e-02;5.970544e-02;8.251856e-02;7.000875e-02
2.938641e-02;8.852816e-02;1.068988e-01;4.423076e-02;9.030887e-02;2.639511e-01;7.479386e-02;6.370917e-02;8.458301e-02;4.759434e-02;4.072062e-02;6.529490e-02
3.222313e-02;1.322908e-01;1.308064e-01;4.119276e-02;6.460893e-02;2.627443e-01;4.211190e-02;8.562932e-02;6.554678e-02;4.551731e-02;3.790796e-02;5.942044e-02
3.487104e-02;1.671301e-01;1.428908e-01;2.297761e-02;2.951667e-02;2.351687e-01;5.601047e-02;8.643299e-02;9.318843e-02;4.130466e-02;3.159769e-02;5.891087e-02
3.597903e-02;1.276472e-01;1.406896e-01;2.191570e-02;4.120285e-02;2.543738e-01;7.990140e-02;7.643829e-02;9.968445e-02;3.694036e-02;3.513406e-02;5.009332e-02
3.199749e-02;1.409853e-01;1.450821e-01;3.244130e-02;5.113772e-02;2.582595e-01;6.321251e-02;7.221223e-02;7.323392e-02;4.904721e-02;3.133871e-02;5.105188e-02
3.818905e-02;1.433864e-01;4.750302e-02;5.790961e-02;7.481813e-02;2.873508e-01;4.489168e-02;6.746001e-02;8.307193e-02;6.457997e-02;2.990093e-02;6.093853e-02
2.993747e-02;1.107926e-01;1.228553e-01;5.695735e-02;9.264550e-02;2.863411e-01;2.361758e-02;7.058384e-02;7.668124e-02;6.220712e-02;2.619164e-02;4.118932e-02
