1.350365e-01;8.296285e-02;8.974963e-02;9.065311e-02;9.988280e-02;1.064275e-01;9.153473e-02;5.562691e-02;7.801686e-02;6.168598e-02;7.197975e-02;3.644339e-02
1.204723e-01;8.232868e-02;1.712235e-01;7.048184e-02;6.336881e-02;1.031846e-01;6.778744e-02;3.914135e-02;7.671709e-02;8.144201e-02;6.236978e-02;6.148249e-02
1.124089e-01;1.252691e-01;1.829919e-01;6.534500e-02;5.792999e-02;5.380080e-02;9.001381e-02;4.938746e-02;7.399227e-02;5.758644e-02;7.363331e-02;5.764110e-02
1.435465e-01;9.245413e-02;1.643326e-01;6.512515e-02;8.695823e-02;5.218500e-02;8.996987e-02;3.752642e-02;5.527475e-02;3.365868e-02;7.934099e-02;9.962775e-02
1.209116e-01;7.951268e-02;2.295480e-01;5.439405e-02;7.675058e-02;5.659479e-02;1.107670e-01;2.906965e-02;3.370989e-02;4.466979e-02;6.285485e-02;1.012171e-01
1.074796e-01;5.635886e-02;3.377862e-01;3.741329e-02;6.026576e-02;4.823638e-02;1.108336e-01;1.960116e-02;1.733473e-02;8.609740e-02;4.097087e-02;7.762211e-02
1.170027e-01;2.383849e-02;3.487613e-01;4.279257e-02;4.617412e-02;4.121433e-02;1.248038e-01;3.170875e-02;2.467343e-02;1.026481e-01;6.213627e-02;3.424610e-02
7.433213e-02;6.614357e-02;2.804272e-01;1.105839e-01;6.108394e-02;4.002965e-02;9.079334e-02;5.338300e-02;2.548512e-02;8.501237e-02;9.435777e-02;1.836803e-02
5.990704e-02;7.722771e-02;2.186600e-01;1.949992e-01;7.150256e-02;4.138544e-02;4.386797e-02;7.512618e-02;1.881865e-02;5.452443e-02;1.114959e-01;3.248490e-02
5.572205e-02;6.919125e-02;1.613167e-01;2.309450e-01;9.227607e-02;4.962339e-02;4.996357e-02;9.505836e-02;1.431397e-02;3.112569e-02;1.157152e-01;3.474865e-02
3.542805e-02;5.137274e-02;1.826255e-01;2.099867e-01;9.932671e-02;6.251583e-02;6.739358e-02;1.006199e-01;2.959081e-02;3.486745e-02;9.892949e-02;2.734319e-02
5.273745e-02;3.463026e-02;2.356094e-01;1.620925e-01;6.562032e-02;7.094852e-02;9.132712e-02;9.188467e-02;4.359045e-02;4.408931e-02;7.574831e-02;3.172165e-02
6.799129e-02;6.281078e-02;2.644455e-01;1.125943e-01;5.297532e-02;6.023856e-02;9.196579e-02;7.521175e-02;4.398289e-02;6.128101e-02;6.593151e-02;4.057124e-02
7.933831e-02;9.274954e-02;2.044329e-01;8.783373e-02;6.260313e-02;4.762426e-02;1.086592e-01;6.347790e-02;5.808100e-02;8.320120e-02;5.825442e-02;5.374438e-02
6.940152e-02;6.935986e-02;1.318092e-01;7.427543e-02;8.485633e-02;6.413076e-02;1.122546e-01;6.181128e-02;6.304419e-02;1.285983e-01;8.040698e-02;6.005142e-02
4.535948e-02;5.886309e-02;1.747640e-01;7.466888e-02;6.173671e-02;5.979606e-02;8.241411e-02;6.281883e-02;8.955999e-02;9.799628e-02;1.040829e-01;8.793970e-02
7.081959e-02;6.072895e-02;1.720586e-01;1.019002e-01;4.094930e-02;4.076262e-02;6.836671e-02;8.259015e-02;1.127331e-01;5.616981e-02;1.003679e-01;9.255303e-02
8.202969e-02;7.387407e-02;1.288977e-01;8.292513e-02;7.454399e-02;6.602503e-02;6.734963e-02;8.777111e-02;1.134961e-01;6.499383e-02;7.784462e-02;8.024909e-02
7.677182e-02;1.098161e-01;1.129401e-01;3.487593e-02;7.168555e-02;5.999174e-02;1.002215e-01;1.383429e-01;1.361436e-01;6.118049e-02;6.201154e-02;3.601876e-02
7.998931e-02;1.092204e-01;1.008838e-01;4.808183e-02;5.274383e-02;5.866512e-02;9.963079e-02;1.123537e-01;1.108334e-01;6.848647e-02;6.535298e-02;9.375841e-02
1.577897e-01;9.677678e-02;1.267146e-01;3.023512e-02;3.897022e-02;4.857154e-02;1.310900e-01;4.939673e-02;6.053934e-02;5.754918e-02;6.611580e-02;1.362510e-01
1.812325e-01;1.274248e-01;1.141872e-01;2.653937e-02;3.542363e-02;6.259219e-02;1.360783e-01;4.028558e-02;2.947225e-02;6.925513e-02;6.812961e-02;1.093794e-01
1.983431e-01;1.404295e-01;9.700833e-02;2.722934e-02;4.727195e-02;7.523179e-02;1.130028e-01;3.369974e-02;3.558057e-02;6.303532e-02;7.146362e-02;9.770387e-02
1.890051e-01;1.168405e-01;8.369625e-02;5.080102e-02;7.919601e-02;8.207390e-02;7.615009e-02;3.686504e-02;6.757591e-02;5.959059e-02;7.015475e-02;8.805094e-02
1.359702e-01;7.069492e-02;1.137856e-01;7.475716e-02;8.739083e-02;8.698771e-02;8.451692e-02;5.072197e-02;8.818431e-02;9.294892e-02;5.725075e-02;5.679063e-02
8.766051e-02;4.800932e-02;1.905827e-01;6.939901e-02;1.020246e-01;6.405881e-02;1.294736e-01;4.330756e-02;9.895878e-02;8.679865e-02;4.975235e-02;2.997413e-02
7.445643e-02;2.503284e-02;2.834193e-01;3.346983e-02;1.204106e-01;5.509498e-02;1.732457e-01;2.773101e-02;6.067829e-02;6.465042e-02;4.449296e-02;3.731773e-02
7.858969e-02;2.403641e-02;2.627929e-01;6.803053e-02;1.103340e-01;7.365131e-02;1.347658e-01;4.022942e-02;5.746806e-02;6.157961e-02;3.994813e-02;4.857422e-02
7.480436e-02;3.124196e-02;1.898005e-01;1.296661e-01;9.794203e-02;1.045354e-01;6.948122e-02;9.835444e-02;4.982777e-02;4.921032e-02;6.304039e-02;4.209551e-02
5.972328e-02;5.226778e-02;1.287963e-01;1.640897e-01;1.178665e-01;9.806751e-02;4.752193e-02;1.506125e-01;3.654294e-02;4.611455e-02;5.920231e-02;3.919482e-02
4.138313e-02;6.261376e-02;7.516605e-02;1.410804e-01;1.603841e-01;7.384960e-02;2.722188e-02;1.481880e-01;1.172666e-01;6.862734e-02;3.176588e-02;5.245325e-02
3.931043e-02;4.770762e-02;5.435579e-02;9.222881e-02;1.680665e-01;7.852413e-02;4.503138e-02;1.072589e-01;1.606259e-01;8.408040e-02;4.446776e-02;7.834232e-02
3.782448e-02;2.547637e-02;4.663291e-02;1.017728e-01;1.712911e-01;8.577248e-02;5.882429e-02;8.387657e-02;1.422872e-01;7.005134e-02;4.264761e-02;1.335429e-01
3.875140e-02;1.505855e-02;4.480575e-02;1.167126e-01;1.955298e-01;8.988594e-02;7.185759e-02;6.546394e-02;1.221529e-01;3.349055e-02;2.538776e-02;1.809032e-01
4.754597e-02;1.816794e-02;6.252425e-02;1.238955e-01;2.029576e-01;8.194555e-02;6.305019e-02;4.259297e-02;1.255135e-01;1.548877e-02;3.529304e-02;1.810247e-01
7.500793e-02;2.701899e-02;7.996818e-02;1.182765e-01;1.911667e-01;7.160627e-02;6.573015e-02;2.782005e-02;1.135469e-01;2.322491e-02;5.532978e-02;1.513036e-01
1.092233e-01;3.373289e-02;8.910226e-02;8.829637e-02;1.628693e-01;8.399873e-02;7.514271e-02;1.977055e-02;9.060210e-02;3.714003e-02;8.204249e-02;1.280792e-01
9.980497e-02;2.607440e-02;9.979624e-02;5.346419e-02;1.132889e-01;9.059570e-02;8.098653e-02;4.796339e-02;7.429498e-02;4.071416e-02;9.267968e-02;1.803369e-01
5.534042e-02;3.251261e-02;1.124251e-01;7.245554e-02;1.126687e-01;6.507531e-02;7.378010e-02;7.261306e-02;5.989979e-02;4.389858e-02;7.031805e-02;2.290128e-01
4.820780e-02;4.012956e-02;8.584114e-02;1.052264e-01;1.502897e-01;5.705504e-02;5.441240e-02;5.027406e-02;1.009647e-01;4.220250e-02;4.711851e-02;2.182782e-01
4.327144e-02;4.157654e-02;8.801686e-02;1.081888e-01;1.460073e-01;6.085635e-02;1.127531e-01;6.062659e-02;1.141460e-01;7.271513e-02;2.914932e-02;1.226926e-01
9.573981e-02;8.626026e-02;1.493844e-01;7.208939e-02;9.482590e-02;3.824173e-02;1.492386e-01;5.185899e-02;8.453306e-02;5.886130e-02;5.551502e-02;6.345155e-02
1.429557e-01;1.194960e-01;1.594371e-01;3.809084e-02;5.603717e-02;6.684847e-02;1.513123e-01;4.550705e-02;4.960875e-02;6.844576e-02;5.781337e-02;4.444749e-02
1.718894e-01;1.255016e-01;1.398240e-01;3.468060e-02;5.241905e-02;8.440339e-02;1.338094e-01;4.596082e-02;4.679720e-02;8.140430e-02;3.639318e-02;4.691703e-02
1.857223e-01;1.158288e-01;1.139054e-01;3.466031e-02;6.596048e-02;8.251153e-02;1.153903e-01;4.876379e-02;7.519460e-02;7.448941e-02;3.355913e-02;5.401394e-02
1.989914e-01;5.576708e-02;6.078307e-02;4.992417e-02;8.725318e-02;6.756758e-02;1.444367e-01;5.391596e-02;1.078362e-01;6.775645e-02;4.513322e-02;6.063494e-02
1.745686e-01;3.438634e-02;4.361687e-02;4.656514e-02;1.283641e-01;6.711865e-02;1.398894e-01;2.235481e-02;1.506585e-01;6.783490e-02;2.429064e-02;1.003520e-01
1.373418e-01;2.805492e-02;6.183610e-02;5.706627e-02;1.521876e-01;6.440356e-02;1.036793e-01;3.615832e-02;1.433167e-01;8.972590e-02;2.998025e-02;9.624911e-02
1.156979e-01;5.630350e-02;4.977530e-02;9.541562e-02;1.509708e-01;5.010019e-02;5.863577e-02;6.509943e-02;1.040616e-01;1.458291e-01;3.765608e-02;7.045478e-02
5.941361e-02;5.951114e-02;9.990946e-02;1.434972e-01;1.205900e-01;3.884968e-02;3.502439e-02;1.002062e-01;5.750213e-02;1.652810e-01;7.646988e-02;4.374532e-02
2.489806e-02;5.395968e-02;1.770777e-01;1.544511e-01;8.113758e-02;4.100272e-02;3.957749e-02;1.123327e-01;4.910755e-02;1.124274e-01;1.251088e-01;2.891928e-02
3.159645e-02;4.139009e-02;2.429616e-01;1.312178e-01;5.884068e-02;4.470292e-02;5.353636e-02;9.237094e-02;6.456839e-02;7.723110e-02;1.403362e-01;2.124742e-02
5.705899e-02;6.543753e-02;2.417888e-01;8.663409e-02;4.957346e-02;4.592430e-02;7.085366e-02;6.485070e-02;6.557932e-02;9.357612e-02;1.180027e-01;4.072026e-02
8.999405e-02;1.267629e-01;1.673115e-01;4.886923e-02;5.501391e-02;4.602187e-02;8.696276e-02;6.067947e-02;3.954143e-02;1.127052e-01;1.081970e-01;5.794062e-02
9.197243e-02;1.232061e-01;1.506651e-01;6.772702e-02;8.448071e-02;5.268507e-02;5.832101e-02;4.412797e-02;4.369396e-02;9.428262e-02;1.342914e-01;5.454667e-02
4.445044e-02;7.413444e-02;2.052287e-01;5.760236e-02;1.114358e-01;6.708547e-02;5.698764e-02;6.874284e-02;4.137291e-02;1.199381e-01;8.506390e-02;6.795736e-02
1.495944e-01;7.199770e-02;1.368887e-01;6.087400e-02;9.867840e-02;5.732048e-02;8.358947e-02;7.092668e-02;4.664087e-02;6.694832e-02;8.406448e-02;7.247655e-02
2.086833e-01;6.730775e-02;7.998110e-02;5.269209e-02;7.406417e-02;5.501201e-02;1.258695e-01;4.911561e-02;7.601435e-02;5.521262e-02;9.751410e-02;5.853334e-02
2.635270e-01;9.426901e-02;6.795505e-02;3.222356e-02;7.470903e-02;6.660540e-02;1.004829e-01;3.384637e-02;7.311414e-02;4.367642e-02;9.359115e-02;5.599988e-02
3.164095e-01;1.179646e-01;6.525789e-02;2.227934e-02;6.130479e-02;8.013120e-02;8.138003e-02;2.175244e-02;5.857218e-02;4.019875e-02;8.350997e-02;5.123926e-02
3.638419e-01;1.232857e-01;4.097965e-02;1.276258e-02;5.955490e-02;1.091915e-01;7.063179e-02;1.616561e-02;4.545668e-02;2.964846e-02;8.347441e-02;4.500680e-02
3.252436e-01;9.388829e-02;5.122907e-02;1.090566e-02;7.776490e-02;1.293665e-01;6.169167e-02;1.552527e-02;5.897692e-02;2.458939e-02;9.148729e-02;5.933141e-02
2.241974e-01;6.007484e-02;8.389382e-02;2.592088e-02;1.111283e-01;1.258898e-01;5.516567e-02;1.655201e-02;9.188414e-02;3.007527e-02;8.975924e-02;8.545856e-02
1.149365e-01;3.495068e-02;9.385402e-02;5.104356e-02;1.591956e-01;1.185433e-01;7.371859e-02;1.895497e-02;1.184136e-01;2.449534e-02;6.096421e-02;1.309295e-01
6.747442e-02;2.395207e-02;7.322836e-02;7.782456e-02;1.879330e-01;1.145843e-01;9.962748e-02;3.017103e-02;1.089731e-01;2.300776e-02;3.510203e-02;1.581219e-01
6.640660e-02;3.200145e-02;6.035820e-02;1.078522e-01;1.958468e-01;1.016684e-01;9.699568e-02;3.275163e-02;9.343678e-02;2.298206e-02;3.204518e-02;1.576550e-01
9.569413e-02;5.420547e-02;1.013690e-01;1.399157e-01;1.623980e-01;8.485823e-02;6.344911e-02;2.828988e-02;8.018112e-02;4.045003e-02;3.952718e-02;1.096621e-01
1.012285e-01;8.639681e-02;1.925754e-01;1.205607e-01;8.134022e-02;5.434357e-02;6.164969e-02;3.756417e-02;7.741019e-02;5.642796e-02;4.611787e-02;8.438499e-02
9.314806e-02;8.566958e-02;2.032932e-01;8.220813e-02;5.022456e-02;3.896814e-02;9.921402e-02;3.716939e-02;7.799504e-02;4.179152e-02;4.708690e-02;1.432315e-01
8.848765e-02;6.806285e-02;8.596665e-02;5.840055e-02;1.080964e-01;6.937637e-02;9.627147e-02;2.473682e-02;7.501359e-02;3.612542e-02;9.823834e-02;1.912239e-01
4.146144e-02;3.958692e-02;7.411392e-02;6.728995e-02;1.713305e-01;8.765274e-02;9.343477e-02;2.925254e-02;6.404714e-02;5.194818e-02;1.108463e-01;1.690356e-01
4.904522e-02;5.024472e-02;1.206367e-01;7.292715e-02;2.010209e-01;1.124842e-01;6.027078e-02;2.752613e-02;6.229249e-02;3.825415e-02;7.410564e-02;1.311919e-01
5.076382e-02;5.469839e-02;1.003248e-01;6.151865e-02;2.504327e-01;9.731387e-02;7.945961e-02;4.561983e-02;7.495569e-02;2.656555e-02;6.708943e-02;9.125763e-02
5.377770e-02;4.206544e-02;6.896576e-02;8.885987e-02;2.437729e-01;8.394628e-02;1.293595e-01;7.127783e-02;7.185896e-02;3.275377e-02;6.729557e-02;4.606648e-02
6.923922e-02;4.580270e-02;6.723758e-02;8.318104e-02;2.051558e-01;1.036110e-01;1.387573e-01;8.029587e-02;5.847291e-02;4.671784e-02;5.073479e-02;5.079401e-02
6.406207e-02;5.407455e-02;1.182643e-01;7.770963e-02;1.450700e-01;1.094980e-01;1.247505e-01;8.509864e-02;6.177652e-02;5.862034e-02;3.441710e-02;6.665832e-02
4.959944e-02;7.027145e-02;1.288143e-01;8.132786e-02;1.001615e-01;9.797402e-02;1.045272e-01;5.778882e-02;9.543777e-02;5.876074e-02;5.268892e-02;1.026481e-01
6.346173e-02;5.849928e-02;9.170903e-02;7.874643e-02;1.120841e-01;8.863061e-02;9.936980e-02;6.218290e-02;1.219911e-01;6.797086e-02;5.800788e-02;9.734627e-02
5.213406e-02;4.433405e-02;7.280184e-02;9.541281e-02;9.678890e-02;8.439086e-02;7.854419e-02;1.290142e-01;1.490892e-01;6.841748e-02;6.612292e-02;6.294945e-02
3.614180e-02;2.862450e-02;8.597499e-02;1.153189e-01;8.146816e-02;8.208823e-02;1.252546e-01;1.757504e-01;1.370540e-01;4.200671e-02;6.262538e-02;2.769234e-02
5.299811e-02;3.670108e-02;1.701720e-01;9.585264e-02;7.752104e-02;7.569687e-02;1.799204e-01;1.431878e-01;7.765319e-02;1.772420e-02;5.024173e-02;2.233090e-02
8.692478e-02;6.536565e-02;2.462740e-01;8.223251e-02;8.673712e-02;6.359795e-02;1.684993e-01;5.885159e-02;3.619540e-02;3.238937e-02;4.922352e-02;2.370882e-02
1.023055e-01;5.840725e-02;3.108755e-01;7.443509e-02;8.665633e-02;4.220706e-02;1.509208e-01;3.076835e-02;3.002904e-02;4.984828e-02;4.244203e-02;2.110473e-02
9.662930e-02;1.946783e-02;4.114488e-01;5.909113e-02;4.701193e-02;2.770782e-02;1.562523e-01;4.936619e-02;3.279382e-02;6.170618e-02;2.539329e-02;1.313137e-02
8.222827e-02;3.568853e-02;4.640803e-01;4.695476e-02;3.074426e-02;2.102672e-02;1.568401e-01;2.659827e-02;1.921874e-02;7.699641e-02;2.933093e-02;1.029277e-02
7.517140e-02;4.144042e-02;4.795585e-01;2.298584e-02;4.934107e-02;1.869737e-02;1.360539e-01;3.361295e-02;2.464055e-02;8.009335e-02;2.468763e-02;1.371701e-02
4.018214e-02;2.496294e-02;4.170008e-01;5.593514e-02;8.772402e-02;2.892393e-02;1.208196e-01;3.162976e-02;5.746471e-02;7.523561e-02;2.989648e-02;3.022487e-02
1.148920e-02;2.801006e-02;2.911996e-01;6.198136e-02;1.233538e-01;5.669956e-02;1.699696e-01;6.423853e-02;6.398331e-02;5.581295e-02;2.789422e-02;4.536775e-02
2.230923e-02;4.623996e-02;1.870458e-01;3.016417e-02;1.101875e-01;1.052750e-01;2.042941e-01;7.828248e-02;7.651673e-02;6.319148e-02;2.409312e-02;5.240040e-02
3.609551e-02;7.058790e-02;9.632500e-02;3.552497e-02;7.975320e-02;1.409836e-01;1.608624e-01;9.096770e-02;1.396705e-01;7.464191e-02;1.681393e-02;5.777342e-02
5.606837e-02;9.842613e-02;7.893393e-02;4.685486e-02;6.105280e-02;1.524217e-01;6.319669e-02;1.084167e-01;1.946456e-01;6.949206e-02;1.403859e-02;5.645263e-02
9.184106e-02;1.017561e-01;7.591149e-02;4.650884e-02;5.781084e-02;1.204609e-01;5.839297e-02;1.087413e-01;1.942302e-01;6.338719e-02;3.523031e-02;4.572881e-02
1.171165e-01;9.624828e-02;9.338171e-02;4.264360e-02;7.359112e-02;7.062355e-02;9.712113e-02;8.915418e-02;1.786984e-01;6.402510e-02;3.752675e-02;3.986974e-02
1.225399e-01;9.084991e-02;1.553292e-01;5.218658e-02;8.458597e-02;5.409039e-02;9.968770e-02;7.034993e-02;1.247626e-01;7.563873e-02;1.751176e-02;5.246730e-02
9.742676e-02;8.676430e-02;1.512637e-01;5.440967e-02;7.767127e-02;8.852275e-02;8.929416e-02;4.248279e-02;1.113597e-01;1.073817e-01;4.579924e-02;4.762403e-02
7.132604e-02;7.082596e-02;1.586708e-01;6.519409e-02;8.085293e-02;1.221763e-01;1.262906e-01;6.174524e-02;9.368509e-02;9.887517e-02;3.255934e-02;1.779843e-02
4.522267e-02;6.011682e-02;1.736802e-01;5.450353e-02;6.940615e-02;1.240030e-01;1.596537e-01;1.173603e-01;4.144006e-02;8.033555e-02;3.995194e-02;3.432603e-02
3.840211e-02;5.514413e-02;1.754417e-01;5.160761e-02;6.535957e-02;8.289599e-02;1.614269e-01;1.460631e-01;6.545586e-02;6.239501e-02;5.620439e-02;3.960355e-02
4.673773e-02;7.522329e-02;2.085700e-01;4.898401e-02;7.620594e-02;6.232681e-02;1.071063e-01;7.803828e-02;1.408647e-01;5.706624e-02;5.735076e-02;4.152589e-02
3.970105e-02;6.071074e-02;2.189359e-01;4.018240e-02;8.413011e-02;6.763334e-02;8.484363e-02;1.211276e-01;1.587709e-01;4.510812e-02;3.021254e-02;4.864351e-02
4.085051e-02;5.806425e-02;1.892726e-01;2.868408e-02;9.216627e-02;9.788289e-02;6.647830e-02;1.411809e-01;1.832557e-01;3.695591e-02;1.580092e-02;4.940762e-02
5.972046e-02;6.840553e-02;1.268050e-01;4.153413e-02;1.066186e-01;1.292456e-01;7.298629e-02;1.226061e-01;1.753408e-01;2.199310e-02;2.257026e-02;5.217410e-02
6.335056e-02;6.669534e-02;8.180708e-02;6.864133e-02;1.639543e-01;1.300676e-01;5.462005e-02;8.552603e-02;1.397060e-01;4.785211e-02;3.168800e-02;6.609160e-02
3.298637e-02;4.896671e-02;1.019213e-01;7.454259e-02;1.637199e-01;1.237457e-01;8.074243e-02;9.797729e-02;1.171608e-01;5.298023e-02;3.386515e-02;7.139159e-02
8.201656e-02;4.801780e-02;1.092400e-01;4.184441e-02;7.711149e-02;9.139133e-02;1.116447e-01;9.367088e-02;8.295231e-02;7.988291e-02;9.276004e-02;8.946757e-02
9.216841e-02;5.681733e-02;6.096868e-02;5.792081e-02;4.458419e-02;5.582501e-02;1.055322e-01;1.036193e-01;1.184960e-01;7.653470e-02;1.361998e-01;9.133352e-02
9.125272e-02;6.400792e-02;9.245650e-02;6.929208e-02;4.895654e-02;4.895549e-02;9.518991e-02;1.064233e-01;1.242515e-01;5.754135e-02;1.356827e-01;6.599006e-02
8.849987e-02;8.978697e-02;1.273037e-01;7.372397e-02;5.403493e-02;3.571093e-02;7.229831e-02;9.821872e-02;1.348974e-01;6.725822e-02;1.126194e-01;4.564749e-02
1.091841e-01;1.250715e-01;1.898686e-01;6.453996e-02;4.894444e-02;2.394623e-02;9.495752e-02;6.012205e-02;1.029870e-01;7.107500e-02;3.350730e-02;7.579629e-02
7.048833e-02;1.202156e-01;2.254444e-01;3.963460e-02;4.604283e-02;2.612740e-02;1.797028e-01;6.013639e-02;5.044052e-02;4.469426e-02;7.042728e-02;6.664563e-02
7.597223e-02;1.760150e-01;2.289546e-01;2.309846e-02;4.210026e-02;2.301223e-02;2.060083e-01;5.785859e-02;2.930553e-02;3.065954e-02;6.653244e-02;4.048278e-02
5.666608e-02;1.848257e-01;3.065200e-01;2.138176e-02;3.229501e-02;1.617246e-02;1.991656e-01;6.638690e-02;1.887443e-02;2.351555e-02;4.589380e-02;2.830275e-02
2.569420e-02;1.262007e-01;4.032383e-01;5.589945e-02;2.567915e-02;2.107361e-02;1.552577e-01;8.304445e-02;1.726457e-02;2.437891e-02;2.299573e-02;3.927325e-02
3.138580e-02;5.033346e-02;3.452817e-01;1.903960e-01;4.625049e-02;2.640659e-02;9.114001e-02;7.438950e-02;7.340108e-02;2.913297e-02;1.068412e-02;3.119824e-02
3.814406e-02;2.846444e-02;1.537119e-01;3.189288e-01;8.019707e-02;2.272735e-02;6.619065e-02;5.328770e-02;1.612475e-01;5.072178e-02;1.764338e-02;8.735413e-03
4.108600e-02;1.839619e-02;8.492057e-02;2.844047e-01;9.738887e-02;3.170877e-02;7.933676e-02;4.383421e-02;1.906958e-01;9.749398e-02;2.175817e-02;8.975998e-03
3.226798e-02;1.035817e-02;8.318239e-02;2.020734e-01;1.481765e-01;4.927242e-02;7.116395e-02;4.988656e-02;1.314267e-01;1.759344e-01;3.030014e-02;1.595740e-02
1.988427e-02;2.081086e-02;6.844732e-02;1.296099e-01;2.265645e-01;5.174600e-02;3.694133e-02;6.108713e-02;5.362277e-02;2.504559e-01;4.494750e-02;3.588247e-02
1.697900e-02;3.278110e-02;3.263426e-02;7.518987e-02;2.691948e-01;3.722126e-02;2.810640e-02;4.546065e-02;4.750750e-02;2.922743e-01;5.394302e-02;6.870784e-02
1.426384e-02;4.086751e-02;2.815970e-02;5.272876e-02;2.561649e-01;5.691225e-02;3.115315e-02;2.385520e-02;3.688072e-02;3.001575e-01;4.954449e-02;1.093120e-01
1.536042e-02;3.425848e-02;2.732792e-02;6.301700e-02;1.989802e-01;7.188418e-02;4.226481e-02;3.246301e-02;6.377411e-02;2.800176e-01;3.981800e-02;1.308343e-01
2.641368e-02;2.467123e-02;5.314969e-02;7.963126e-02;1.222730e-01;7.505623e-02;1.130371e-01;3.843472e-02;1.013249e-01;2.192360e-01;5.183256e-02;9.493959e-02
3.253712e-02;1.980933e-02;7.103325e-02;9.869751e-02;5.616339e-02;7.222863e-02;1.838789e-01;5.476746e-02;1.387711e-01;1.502416e-01;8.643108e-02;3.544062e-02
3.223640e-02;1.715887e-02;1.184153e-01;1.014496e-01;5.239554e-02;4.739894e-02;1.680251e-01;8.207638e-02;1.297501e-01;9.402292e-02;9.092711e-02;6.614376e-02
2.490277e-02;5.181359e-02;1.806984e-01;5.830145e-02;6.559423e-02;3.814883e-02;1.741576e-01;1.013424e-01;9.126890e-02;7.145771e-02;5.008277e-02;9.223131e-02
2.666261e-02;1.087833e-01;1.494717e-01;2.834936e-02;5.750607e-02;4.253978e-02;2.403985e-01;7.005317e-02;9.573063e-02;4.748179e-02;6.867659e-02;6.434657e-02
6.685531e-02;1.647042e-01;8.506345e-02;3.420471e-02;5.582674e-02;4.724060e-02;2.753981e-01;2.963538e-02;9.173863e-02;5.715475e-02;5.440991e-02;3.776824e-02
1.273019e-01;2.102432e-01;2.324089e-02;4.098481e-02;4.757405e-02;5.642235e-02;2.733155e-01;2.975162e-02;6.283619e-02;7.400367e-02;2.469220e-02;2.963353e-02
1.458170e-01;2.273783e-01;7.610596e-02;2.798388e-02;3.787960e-02;5.855606e-02;2.696639e-01;1.856943e-02;4.240667e-02;3.505920e-02;3.419105e-02;2.638901e-02
1.727346e-01;2.232598e-01;8.838040e-02;3.765379e-02;4.030217e-02;5.685113e-02;1.938316e-01;2.933603e-02;4.067289e-02;6.396676e-02;3.210813e-02;2.090276e-02
2.214554e-01;1.848634e-01;6.405250e-02;3.847748e-02;4.793457e-02;7.248443e-02;1.202105e-01;4.764176e-02;3.354003e-02;1.188618e-01;2.526858e-02;2.520948e-02
2.564527e-01;1.319706e-01;5.200491e-02;3.212496e-02;5.045106e-02;7.955585e-02;9.308358e-02;6.312472e-02;4.436765e-02;1.378705e-01;2.110802e-02;3.788546e-02
2.470226e-01;9.216031e-02;5.510462e-02;4.283591e-02;5.386813e-02;6.815490e-02;8.455178e-02;8.024216e-02;8.064093e-02;1.146995e-01;2.812093e-02;5.259824e-02
1.925112e-01;5.598871e-02;1.041635e-01;6.904171e-02;6.801233e-02;4.242884e-02;8.089738e-02;9.097859e-02;1.092594e-01;8.801518e-02;3.709541e-02;6.160763e-02
1.398481e-01;8.286361e-02;1.487463e-01;8.151441e-02;6.583589e-02;3.259815e-02;7.375739e-02;8.680750e-02;9.234505e-02;1.068795e-01;4.015261e-02;4.865151e-02
6.604901e-02;1.101928e-01;1.123127e-01;5.932517e-02;5.054278e-02;5.416313e-02;1.094511e-01;8.157662e-02;9.094518e-02;1.661751e-01;5.272552e-02;4.654087e-02
4.759305e-02;5.920900e-02;1.322744e-01;7.829402e-02;9.647456e-02;8.421858e-02;1.359129e-01;7.327402e-02;8.583187e-02;7.118499e-02;6.226904e-02;7.346361e-02
9.737762e-02;5.162361e-02;1.479277e-01;9.429377e-02;9.605235e-02;7.945769e-02;1.199617e-01;5.206329e-02;5.814072e-02;9.125243e-02;6.217621e-02;4.967297e-02
1.401869e-01;1.006728e-01;2.043839e-01;7.582346e-02;7.159063e-02;5.508629e-02;7.470038e-02;5.911895e-02;3.601902e-02;7.153057e-02;7.001180e-02;4.087529e-02
1.456630e-01;1.398506e-01;1.653042e-01;3.976332e-02;4.028609e-02;4.679761e-02;1.157551e-01;7.537077e-02;6.630407e-02;4.862399e-02;7.150217e-02;4.477906e-02
1.468160e-01;1.122891e-01;1.355992e-01;5.490352e-02;6.622894e-02;5.051785e-02;9.993126e-02;7.015201e-02;9.071753e-02;4.981253e-02;6.368046e-02;5.935165e-02
1.214448e-01;6.972027e-02;1.018432e-01;9.221110e-02;9.301303e-02;5.484470e-02;9.565320e-02;9.852964e-02;1.006741e-01;3.942087e-02;6.381691e-02;6.882816e-02
6.225330e-02;3.680603e-02;1.988981e-01;1.293302e-01;7.998080e-02;5.195570e-02;1.065531e-01;1.268623e-01;7.435042e-02;1.928230e-02;7.037951e-02;4.334817e-02
2.905202e-02;1.907334e-02;3.261225e-01;1.041708e-01;5.887569e-02;4.573280e-02;1.602984e-01;8.806847e-02;4.276270e-02;6.526390e-02;4.793666e-02;1.264271e-02
2.899121e-02;4.363711e-02;3.672853e-01;4.762990e-02;5.296501e-02;5.465089e-02;1.734200e-01;4.328389e-02;3.501231e-02;1.030564e-01;2.436408e-02;2.570390e-02
2.914870e-02;9.515606e-02;3.025194e-01;2.056759e-02;3.914254e-02;8.426031e-02;1.107391e-01;4.927313e-02;8.969164e-02;9.752322e-02;2.861823e-02;5.336015e-02
7.140938e-02;1.364261e-01;2.073098e-01;2.221096e-02;2.759210e-02;9.462742e-02;4.227439e-02;4.908230e-02;1.620833e-01;6.627550e-02;4.576419e-02;7.494459e-02
1.114125e-01;1.424101e-01;1.441008e-01;1.677261e-02;4.331239e-02;7.733610e-02;4.247793e-02;4.789945e-02;1.825962e-01;4.290812e-02;8.048136e-02;6.829254e-02
1.755821e-01;1.389770e-01;1.172988e-01;1.681705e-02;5.846950e-02;4.655282e-02;5.001239e-02;5.911175e-02;1.349435e-01;3.300184e-02;1.268035e-01;4.242968e-02
2.169145e-01;1.491258e-01;1.006343e-01;2.816452e-02;6.016921e-02;3.730088e-02;6.435133e-02;6.470406e-02;8.685520e-02;2.977161e-02;1.475220e-01;1.448648e-02
1.964509e-01;2.004535e-01;9.591446e-02;2.440520e-02;3.957343e-02;4.212420e-02;5.569458e-02;6.711983e-02;1.046213e-01;4.357901e-02;8.552551e-02;4.453813e-02
1.699155e-01;2.713484e-01;1.202185e-01;2.486944e-02;1.964454e-02;4.019605e-02;3.083719e-02;4.759748e-02;1.109785e-01;4.308524e-02;4.156697e-02;7.974228e-02
1.539253e-01;3.194164e-01;1.193835e-01;2.791229e-02;1.029379e-02;3.041363e-02;2.107571e-02;3.358627e-02;9.908910e-02;3.530543e-02;5.770974e-02;9.188870e-02
1.543793e-01;3.496224e-01;1.033989e-01;3.472106e-02;1.381649e-02;2.025631e-02;2.781115e-02;3.601376e-02;1.008588e-01;3.127754e-02;5.293043e-02;7.491383e-02
1.803116e-01;3.274457e-01;9.688143e-02;6.645294e-02;2.069647e-02;1.396516e-02;3.549996e-02;4.003048e-02;1.008040e-01;3.043962e-02;4.430090e-02;4.317179e-02
2.276861e-01;2.741337e-01;8.693566e-02;8.540474e-02;3.268318e-02;2.341657e-02;4.892507e-02;4.348553e-02;8.860358e-02;2.620975e-02;4.266855e-02;1.984768e-02
2.807891e-01;2.278020e-01;7.599124e-02;7.171903e-02;3.530125e-02;4.101669e-02;7.245371e-02;4.703155e-02;7.267924e-02;2.128993e-02;3.648747e-02;1.743885e-02
3.079448e-01;1.647305e-01;8.753198e-02;3.831702e-02;4.670080e-02;5.240764e-02;1.059422e-01;5.576395e-02;5.969629e-02;1.949860e-02;2.379585e-02;3.767033e-02
2.830962e-01;1.178577e-01;1.157467e-01;3.578038e-02;6.051562e-02;5.361106e-02;1.262062e-01;5.891278e-02;4.900100e-02;2.236916e-02;2.589526e-02;5.100790e-02
2.143808e-01;1.479880e-01;1.154642e-01;5.751143e-02;5.687128e-02;5.389361e-02;9.281978e-02;5.976443e-02;4.755732e-02;4.699794e-02;5.621813e-02;5.053307e-02
1.221423e-01;1.669495e-01;6.962539e-02;6.089560e-02;7.559656e-02;5.909146e-02;8.849313e-02;5.398047e-02;8.446956e-02;7.109244e-02;9.433565e-02;5.332794e-02
9.871992e-02;9.569952e-02;7.474201e-02;8.557983e-02;7.927953e-02;4.360026e-02;8.140557e-02;9.345726e-02;1.157809e-01;1.128435e-01;8.072358e-02;3.816815e-02
4.403836e-02;6.901983e-02;1.238903e-01;8.526611e-02;4.612886e-02;5.995200e-02;8.249099e-02;1.090985e-01;8.932053e-02;1.605633e-01;9.427186e-02;3.595939e-02
5.453142e-02;6.429236e-02;1.316832e-01;4.557396e-02;3.735626e-02;1.019735e-01;1.109458e-01;1.091214e-01;6.774972e-02;1.500986e-01;8.059552e-02;4.607827e-02
8.333633e-02;1.026749e-01;1.131211e-01;3.776200e-02;4.254580e-02;1.213982e-01;6.904122e-02;1.081100e-01;1.102473e-01;1.146808e-01;4.202554e-02;5.505674e-02
1.068606e-01;1.141082e-01;1.241518e-01;5.143239e-02;6.119521e-02;8.820509e-02;8.735602e-02;9.158628e-02;1.101892e-01;7.252780e-02;6.057563e-02;3.181186e-02
9.126305e-02;1.210610e-01;1.251849e-01;7.580625e-02;6.003561e-02;7.163494e-02;9.783606e-02;7.304291e-02;1.076599e-01;6.301650e-02;7.150048e-02;4.195845e-02
5.741717e-02;1.042231e-01;1.192365e-01;8.998934e-02;6.892530e-02;7.683967e-02;8.319271e-02;5.719889e-02;1.119279e-01;7.193468e-02;7.975627e-02;7.935854e-02
7.673816e-02;1.015807e-01;1.016631e-01;6.708358e-02;5.203166e-02;5.354341e-02;6.372473e-02;8.102249e-02;9.163520e-02;9.543709e-02;7.364628e-02;1.418936e-01
6.149416e-02;9.137396e-02;9.735358e-02;9.284648e-02;6.260829e-02;6.883266e-02;5.817322e-02;9.722841e-02;8.028997e-02;1.089826e-01;3.930715e-02;1.415095e-01
1.010709e-01;6.892403e-02;1.417325e-01;7.428584e-02;6.083917e-02;7.120145e-02;1.122411e-01;7.702772e-02;7.750827e-02;7.563148e-02;5.824095e-02;8.129657e-02
1.691102e-01;5.800875e-02;1.560553e-01;5.250322e-02;4.465665e-02;4.600905e-02;1.471124e-01;7.706298e-02;4.720242e-02;7.172094e-02;6.509200e-02;6.546612e-02
1.661367e-01;8.740386e-02;1.809531e-01;4.586774e-02;4.451132e-02;3.053016e-02;1.773225e-01;7.687610e-02;3.342649e-02;5.085760e-02;5.641387e-02;4.970059e-02
1.277487e-01;1.041899e-01;2.306192e-01;3.178203e-02;3.574336e-02;3.582058e-02;1.891550e-01;1.065843e-01;2.884116e-02;3.526038e-02;3.424378e-02;4.001154e-02
5.048837e-02;1.050669e-01;2.447351e-01;5.721602e-02;2.931792e-02;6.253234e-02;1.534310e-01;1.178179e-01;6.682677e-02;3.901260e-02;1.509109e-02;5.846411e-02
7.493091e-02;9.313179e-02;1.630431e-01;1.124380e-01;5.078733e-02;6.506885e-02;1.009536e-01;9.077045e-02;1.121423e-01;6.122969e-02;2.868248e-02;4.682151e-02
8.941066e-02;9.004907e-02;8.950716e-02;1.233665e-01;9.271403e-02;7.118503e-02;1.057707e-01;6.423751e-02;1.075895e-01;1.002665e-01;3.901290e-02;2.689045e-02
5.986403e-02;1.236534e-01;3.968706e-02;8.304369e-02;1.255292e-01;1.038703e-01;9.747438e-02;5.437605e-02;6.105619e-02;1.315116e-01;7.592419e-02;4.400986e-02
6.459256e-02;1.019786e-01;8.964331e-02;3.936823e-02;9.225621e-02;1.571929e-01;1.120725e-01;3.926126e-02;3.895637e-02;8.756363e-02;1.225571e-01;5.455729e-02
1.080919e-01;1.025917e-01;8.768645e-02;2.997325e-02;5.756227e-02;1.379392e-01;1.464078e-01;5.869964e-02;3.775111e-02;4.430743e-02;9.536909e-02;9.362012e-02
1.676631e-01;1.185271e-01;6.172831e-02;4.430861e-02;3.841150e-02;9.662005e-02;1.625897e-01;9.812851e-02;2.827981e-02;3.253349e-02;3.929069e-02;1.119191e-01
2.306097e-01;9.443569e-02;8.906712e-02;3.313125e-02;4.065213e-02;8.746196e-02;9.736458e-02;1.576909e-01;4.213359e-02;2.878772e-02;2.551852e-02;7.314689e-02
2.733508e-01;7.112192e-02;1.157047e-01;2.086490e-02;7.142919e-02;5.330091e-02;3.658677e-02;1.964340e-01;6.500033e-02;2.103266e-02;3.657578e-02;3.859804e-02
2.472340e-01;6.806408e-02;1.125229e-01;2.256048e-02;8.373865e-02;3.057469e-02;4.343716e-02;1.821106e-01;1.230427e-01;1.449644e-02;4.473036e-02;2.748795e-02
2.049104e-01;9.159468e-02;1.207575e-01;3.283549e-02;6.728574e-02;3.322714e-02;4.232190e-02;1.455751e-01;1.639311e-01;2.436233e-02;4.157826e-02;3.162044e-02
1.762834e-01;1.014957e-01;1.725337e-01;3.350659e-02;5.349995e-02;3.929780e-02;4.104157e-02;1.040167e-01;1.665771e-01;3.121240e-02;4.205800e-02;3.847720e-02
1.802873e-01;1.066694e-01;2.132353e-01;2.318572e-02;3.956819e-02;3.297092e-02;5.922358e-02;5.469823e-02;1.400688e-01;4.364612e-02;5.825886e-02;4.818770e-02
1.792557e-01;9.531239e-02;2.024100e-01;2.895068e-02;4.622147e-02;4.156571e-02;4.850549e-02;5.415343e-02;1.169850e-01;5.574611e-02;5.553854e-02;7.535543e-02
1.317742e-01;5.115519e-02;1.694946e-01;5.434058e-02;6.441591e-02;3.989516e-02;7.435013e-02;6.642353e-02;1.028996e-01;7.037008e-02;8.925530e-02;8.562571e-02
1.155620e-01;4.235960e-02;9.938143e-02;6.112432e-02;6.788534e-02;5.749184e-02;8.662778e-02;5.727141e-02;7.374049e-02;1.135140e-01;1.015806e-01;1.234612e-01
1.681336e-01;6.187183e-02;1.040012e-01;3.973429e-02;6.201452e-02;4.002167e-02;4.102902e-02;2.183063e-02;7.879502e-02;1.442037e-01;7.694149e-02;1.614232e-01
1.689638e-01;9.814481e-02;7.791019e-02;4.687422e-02;6.290288e-02;5.525177e-02;3.139297e-02;4.789178e-02;6.851356e-02;1.183726e-01;5.785617e-02;1.659253e-01
9.451776e-02;1.360959e-01;9.114621e-02;5.428608e-02;6.841125e-02;6.715013e-02;5.175244e-02;7.617743e-02;6.207331e-02;1.309521e-01;6.076048e-02;1.066769e-01
8.117639e-02;1.163490e-01;9.412445e-02;7.399742e-02;4.484842e-02;5.917347e-02;7.350799e-02;9.093048e-02;7.599346e-02;1.374735e-01;6.366232e-02;8.876312e-02
8.522255e-02;1.003199e-01;9.169647e-02;6.682550e-02;4.470501e-02;4.550992e-02;1.010275e-01;1.016013e-01;5.848731e-02;1.366576e-01;5.242544e-02;1.155215e-01
9.927861e-02;1.096035e-01;9.928155e-02;4.426958e-02;5.463240e-02;3.819667e-02;1.087207e-01;1.034660e-01;7.695065e-02;1.220254e-01;4.177606e-02;1.017990e-01
1.131508e-01;1.117964e-01;9.652051e-02;5.187573e-02;7.165908e-02;4.515533e-02;6.984107e-02;1.217683e-01;1.024875e-01;7.151143e-02;7.111762e-02;7.311621e-02
1.461326e-01;8.454531e-02;9.095682e-02;6.293200e-02;7.948630e-02;5.139350e-02;7.975294e-02;9.772708e-02;1.307202e-01;6.730971e-02;4.879553e-02;6.024801e-02
1.958689e-01;8.557846e-02;1.140028e-01;6.116656e-02;7.227209e-02;6.449879e-02;5.548181e-02;6.192758e-02;1.205509e-01;5.321603e-02;4.324543e-02;7.219069e-02
