8.914012e-02;9.571882e-02;7.599287e-02;4.496136e-02;9.029424e-02;1.269648e-01;8.234122e-02;1.078280e-01;6.706211e-02;3.583232e-02;6.352174e-02;1.203424e-01
9.454897e-02;7.462991e-02;1.163808e-01;9.033657e-02;8.993867e-02;9.456359e-02;9.927976e-02;8.257831e-02;3.657230e-02;6.389117e-02;5.967028e-02;9.760966e-02
7.539783e-02;5.443603e-02;1.503272e-01;1.551454e-01;7.163776e-02;7.159464e-02;9.113453e-02;7.178914e-02;3.704464e-02;7.116935e-02;6.292357e-02;8.739991e-02
4.518354e-02;3.834811e-02;1.251029e-01;2.578542e-01;4.682647e-02;4.801178e-02;5.605238e-02;8.424117e-02;4.463775e-02;4.729745e-02;1.282340e-01;7.821035e-02
2.692880e-02;2.750896e-02;6.704478e-02;3.450832e-01;1.750020e-02;4.368493e-02;3.304143e-02;1.256012e-01;3.224145e-02;2.206269e-02;2.137356e-01;4.556676e-02
2.828669e-02;4.345210e-02;5.516489e-02;3.353075e-01;1.500060e-02;4.989759e-02;2.379140e-02;1.451395e-01;2.071078e-02;2.165576e-02;2.477619e-01;1.383135e-02
2.286947e-02;6.745723e-02;7.809185e-02;2.741650e-01;2.736630e-02;6.906221e-02;2.916552e-02;1.140447e-01;2.830297e-02;4.274295e-02;2.099493e-01;3.678265e-02
3.532391e-02;8.174214e-02;1.183636e-01;1.665722e-01;4.705212e-02;8.991307e-02;5.188272e-02;8.604535e-02;5.844848e-02;6.472914e-02;1.292659e-01;7.066135e-02
4.671142e-02;7.785939e-02;1.555838e-01;1.777678e-01;6.776308e-02;9.573384e-02;4.628131e-02;9.915839e-02;6.375972e-02;5.123691e-02;4.520106e-02;7.294326e-02
3.808797e-02;6.981392e-02;1.731381e-01;2.622359e-01;6.635486e-02;9.232716e-02;3.885431e-02;7.696576e-02;3.617062e-02;2.803152e-02;9.352621e-02;2.449359e-02
2.065625e-02;6.512481e-02;1.463025e-01;2.505342e-01;7.114792e-02;1.075196e-01;3.512750e-02;1.047024e-01;2.806658e-02;2.401962e-02;1.200692e-01;2.672940e-02
3.023606e-02;8.762182e-02;1.131534e-01;2.706735e-01;5.514387e-02;9.082860e-02;3.540797e-02;1.067844e-01;2.999258e-02;2.707706e-02;1.295570e-01;2.352378e-02
4.838648e-02;9.863649e-02;1.397443e-01;2.806852e-01;4.302858e-02;7.804806e-02;3.407977e-02;7.759800e-02;2.437241e-02;3.187998e-02;1.279124e-01;1.562831e-02
4.677586e-02;7.739509e-02;1.408571e-01;2.186391e-01;6.825312e-02;5.773491e-02;6.849518e-02;6.500509e-02;4.043074e-02;6.090641e-02;1.172411e-01;3.826637e-02
1.823579e-02;5.646976e-02;1.455329e-01;1.398816e-01;8.879448e-02;9.555195e-02;1.046777e-01;6.929898e-02;8.272468e-02;8.344796e-02;6.772137e-02;4.766282e-02
9.900764e-03;4.983339e-02;1.430114e-01;1.243763e-01;8.166663e-02;1.249338e-01;1.052187e-01;8.411376e-02;1.041674e-01;8.014967e-02;4.261835e-02;5.000986e-02
1.775633e-02;5.610694e-02;1.073998e-01;9.792715e-02;5.681812e-02;2.148985e-01;9.770671e-02;1.397565e-01;8.243749e-02;5.757232e-02;3.883545e-02;3.278467e-02
2.425986e-02;1.421213e-01;6.674773e-02;5.525940e-02;2.491028e-02;2.352096e-01;1.596815e-01;1.749218e-01;4.766645e-02;3.038933e-02;2.818883e-02;1.064403e-02
3.053684e-02;2.176233e-01;5.990727e-02;2.956080e-02;1.595346e-02;1.459399e-01;2.546179e-01;1.541556e-01;3.836443e-02;2.700798e-02;1.951413e-02;6.818403e-03
3.992550e-02;2.397150e-01;3.692877e-02;3.270751e-02;1.548800e-02;1.248580e-01;3.042106e-01;1.048053e-01;2.752770e-02;3.489733e-02;2.603093e-02;1.290538e-02
3.282161e-02;2.448253e-01;3.482430e-02;3.546211e-02;1.367574e-02;1.153355e-01;3.478831e-01;6.499328e-02;2.547221e-02;2.435601e-02;4.212506e-02;1.822578e-02
1.868678e-02;2.406725e-01;2.926754e-02;2.353483e-02;1.718782e-02;8.807196e-02;3.602255e-01;5.258758e-02;3.596589e-02;1.802837e-02;9.937162e-02;1.639964e-02
1.783602e-02;2.148176e-01;3.129610e-02;1.899960e-02;4.179825e-02;6.058291e-02;3.137089e-01;7.298470e-02;3.793851e-02;1.473796e-02;1.661303e-01;9.169174e-03
2.527922e-02;1.709437e-01;7.032634e-02;2.262941e-02;6.198056e-02;5.162933e-02;2.525543e-01;1.147444e-01;2.978438e-02;1.850322e-02;1.766311e-01;4.994074e-03
3.116601e-02;1.349497e-01;1.101557e-01;2.445676e-02;6.657609e-02;4.979886e-02;1.786240e-01;1.935841e-01;3.358802e-02;2.918590e-02;1.309066e-01;1.700833e-02
1.674918e-02;1.221609e-01;2.116628e-01;2.265327e-02;3.864896e-02;4.152154e-02;7.652141e-02;3.034912e-01;3.958966e-02;2.941079e-02;5.897040e-02;3.861989e-02
7.137059e-03;6.867359e-02;2.820602e-01;1.411190e-02;1.756358e-02;2.953099e-02;8.282518e-02;3.782956e-01;3.826230e-02;1.458014e-02;1.976868e-02;4.719079e-02
7.564615e-03;1.826036e-02;2.398635e-01;1.181118e-02;1.422532e-02;6.321199e-02;1.563893e-01;3.758131e-01;3.958226e-02;1.658579e-02;1.910106e-02;3.759163e-02
1.370523e-02;4.155563e-02;1.502611e-01;1.003795e-02;1.303523e-02;1.717963e-01;1.872482e-01;2.981303e-01;3.366907e-02;2.056460e-02;4.008852e-02;1.990792e-02
2.777499e-02;5.340005e-02;8.828633e-02;1.330905e-02;2.608027e-02;2.965643e-01;1.709766e-01;1.842791e-01;2.704693e-02;2.088159e-02;7.584789e-02;1.555284e-02
3.068184e-02;1.058876e-01;7.796595e-02;2.496430e-02;4.597940e-02;2.568056e-01;1.113112e-01;1.659913e-01;3.357035e-02;1.869429e-02;9.922563e-02;2.892249e-02
3.387593e-02;1.688128e-01;4.881798e-02;3.227692e-02;8.082681e-02;1.397856e-01;1.116491e-01;1.800374e-01;6.392936e-02;2.438344e-02;8.533777e-02;3.026691e-02
2.609712e-02;1.263429e-01;9.656291e-02;3.296382e-02;6.388764e-02;1.460817e-01;1.376748e-01;2.250287e-01;5.616856e-02;1.233460e-02;5.433702e-02;2.252016e-02
1.645467e-02;8.524673e-02;1.076055e-01;3.842650e-02;4.881486e-02;1.525121e-01;1.747881e-01;2.148923e-01;5.805584e-02;1.580438e-02;6.398378e-02;2.341532e-02
3.102751e-02;4.779708e-02;8.824080e-02;3.723015e-02;3.662734e-02;2.328095e-01;1.725018e-01;1.596242e-01;7.174849e-02;3.312897e-02;5.807686e-02;3.118728e-02
1.911236e-02;7.634281e-02;8.415402e-02;2.779045e-02;2.378449e-02;1.851605e-01;1.232178e-01;2.848211e-01;7.108292e-02;3.319604e-02;4.816020e-02;2.317744e-02
5.687789e-03;1.326290e-01;6.423678e-02;1.453953e-02;1.794143e-02;7.311884e-02;1.403685e-01;3.281253e-01;6.811261e-02;2.163116e-02;1.213441e-01;1.226485e-02
5.661274e-03;1.745437e-01;3.797881e-02;7.917986e-03;1.209074e-02;6.991618e-02;2.638220e-01;2.201791e-01;4.123186e-02;2.435917e-02;1.361943e-01;6.104851e-03
3.672689e-02;1.953739e-01;2.379596e-02;1.284814e-02;8.053415e-03;1.263172e-01;2.789548e-01;1.270761e-01;2.754649e-02;5.331676e-02;9.651697e-02;1.347343e-02
1.097861e-01;1.492515e-01;2.837954e-02;2.244559e-02;1.308404e-02;2.453997e-01;1.688831e-01;6.240373e-02;2.295285e-02;1.223012e-01;4.047106e-02;1.464154e-02
1.754579e-01;7.771812e-02;3.084503e-02;2.728694e-02;1.449994e-02;3.436961e-01;7.452971e-02;5.377299e-02;2.476200e-02;1.442833e-01;1.681889e-02;1.632918e-02
1.739871e-01;5.720607e-02;5.393197e-02;3.054116e-02;2.792358e-02;3.400857e-01;6.377701e-02;6.953403e-02;2.675600e-02;9.769612e-02;1.657880e-02;4.198251e-02
1.465488e-01;9.196912e-02;8.454175e-02;2.818844e-02;4.244229e-02;2.802191e-01;5.730793e-02;9.599521e-02;2.736400e-02;5.786210e-02;3.160470e-02;5.595655e-02
9.358186e-02;1.065124e-01;1.023490e-01;3.864953e-02;4.239653e-02;1.995653e-01;1.116192e-01;1.510669e-01;3.650031e-02;3.764720e-02;3.105103e-02;4.906072e-02
2.555338e-02;1.037381e-01;9.232508e-02;4.391815e-02;2.900020e-02;2.253803e-01;1.478435e-01;1.632635e-01;4.179887e-02;5.765006e-02;6.006184e-02;9.467028e-03
5.771676e-02;1.132206e-01;7.578000e-02;3.527780e-02;3.335619e-02;1.801361e-01;1.284775e-01;1.762306e-01;4.681645e-02;8.514010e-02;4.716776e-02;2.068006e-02
1.677120e-02;1.763375e-01;7.658633e-02;2.267305e-02;3.727053e-02;1.963848e-01;1.379091e-01;1.662160e-01;3.639874e-02;6.585264e-02;5.167593e-02;1.592417e-02
4.376950e-02;1.623639e-01;7.624077e-02;2.579871e-02;3.974722e-02;1.822548e-01;1.448908e-01;1.772262e-01;4.263267e-02;2.606637e-02;6.294452e-02;1.606460e-02
6.421009e-02;1.334783e-01;4.744492e-02;2.640029e-02;3.504068e-02;2.040219e-01;1.302044e-01;2.031324e-01;4.338292e-02;2.123494e-02;7.804421e-02;1.340503e-02
7.209273e-02;8.136945e-02;8.311184e-02;2.177570e-02;2.240682e-02;2.417606e-01;7.133805e-02;2.559903e-01;4.960486e-02;2.864897e-02;6.483528e-02;7.065420e-03
8.808060e-02;6.891179e-02;1.021995e-01;1.888740e-02;1.884957e-02;2.001588e-01;3.761412e-02;3.057605e-01;4.666062e-02;5.620534e-02;4.866557e-02;8.006166e-03
1.097770e-01;8.454745e-02;1.023084e-01;1.724595e-02;3.601678e-02;5.683889e-02;3.264884e-02;3.356606e-01;5.222556e-02;8.570085e-02;7.615839e-02;1.087116e-02
9.648373e-02;9.920289e-02;8.848604e-02;1.398345e-02;3.253715e-02;1.664103e-01;8.298271e-02;2.245894e-01;5.034143e-02;5.720853e-02;7.240200e-02;1.537230e-02
1.104437e-01;1.289753e-01;7.825318e-02;1.631839e-02;2.461366e-02;1.187497e-01;1.496210e-01;1.978706e-01;4.579172e-02;3.276349e-02;7.321250e-02;2.338669e-02
1.075117e-01;9.054995e-02;1.056987e-01;2.443695e-02;2.422434e-02;1.194483e-01;1.372571e-01;2.114339e-01;4.144581e-02;3.333965e-02;7.297001e-02;3.168346e-02
1.250664e-01;7.493334e-02;1.595241e-01;3.229257e-02;3.302738e-02;1.349347e-01;7.880835e-02;2.093737e-01;2.888181e-02;4.672287e-02;5.308441e-02;2.335042e-02
9.656571e-02;1.400454e-01;1.240262e-01;2.479821e-02;2.989184e-02;1.379933e-01;1.036977e-01;1.866079e-01;4.270027e-02;7.109679e-02;2.053634e-02;2.204042e-02
5.764263e-02;1.017102e-01;6.227293e-02;1.617652e-02;2.499498e-02;1.629471e-01;1.829094e-01;2.206153e-01;4.798361e-02;6.048384e-02;3.421286e-02;2.805046e-02
6.965510e-02;8.945328e-02;4.052394e-02;2.136325e-02;2.799285e-02;1.488141e-01;1.779962e-01;2.702223e-01;4.333408e-02;4.183724e-02;4.111201e-02;2.769563e-02
3.865128e-02;8.798755e-02;3.019987e-02;2.050230e-02;6.478798e-02;2.207583e-01;1.114731e-01;2.488052e-01;3.928369e-02;3.397102e-02;3.370618e-02;6.987356e-02
1.641676e-02;6.322411e-02;4.098432e-02;4.767559e-02;1.262400e-01;2.587324e-01;4.651453e-02;1.613728e-01;2.887855e-02;1.816010e-02;5.601408e-02;1.357868e-01
2.693613e-02;4.401708e-02;5.451977e-02;9.993985e-02;1.595749e-01;2.154829e-01;2.901386e-02;9.082744e-02;1.900820e-02;1.590695e-02;9.791192e-02;1.468610e-01
1.028295e-02;2.161999e-02;5.790420e-02;1.980100e-01;1.696113e-01;1.316256e-01;3.218637e-02;6.099786e-02;1.207388e-02;1.282852e-02;1.838533e-01;1.090060e-01
2.362532e-02;2.444055e-02;4.931477e-02;3.065113e-01;1.072492e-01;5.426836e-02;2.578431e-02;5.454204e-02;8.213558e-03;1.739291e-02;2.951147e-01;3.354291e-02
2.041987e-02;2.482248e-02;5.759503e-02;3.369175e-01;4.349336e-02;4.089840e-02;3.137168e-02;5.189487e-02;8.164092e-03;8.722301e-03;3.578733e-01;1.782712e-02
7.258292e-03;1.873854e-02;6.055409e-02;3.159717e-01;4.897954e-02;3.556364e-02;3.403410e-02;5.729052e-02;8.103292e-03;1.384490e-02;3.791123e-01;2.054899e-02
2.343770e-02;2.001402e-02;5.810081e-02;2.610384e-01;8.669378e-02;5.092572e-02;2.588037e-02;5.014516e-02;1.113464e-02;1.721686e-02;3.306739e-01;6.473865e-02
3.466466e-02;1.866770e-02;4.696462e-02;2.197912e-01;1.308642e-01;5.789392e-02;2.449938e-03;4.443328e-02;1.596274e-02;2.811342e-02;2.718844e-01;1.283100e-01
2.177073e-02;2.106760e-02;4.112926e-02;1.279240e-01;1.926151e-01;7.633540e-02;1.391444e-02;3.506791e-02;1.584570e-02;2.522094e-02;1.639391e-01;2.651698e-01
3.861615e-02;2.571420e-02;3.472974e-02;6.472674e-02;2.259583e-01;1.237662e-01;1.449867e-02;2.053196e-02;2.097709e-02;1.772608e-02;6.355524e-02;3.491996e-01
1.425328e-01;1.793519e-02;2.753108e-02;3.567044e-02;1.832256e-01;2.294140e-01;7.657531e-03;1.564828e-02;1.648189e-02;9.785385e-03;4.731231e-03;3.093865e-01
2.432443e-01;3.232507e-02;2.078024e-02;1.605497e-02;7.844564e-02;3.433364e-01;4.801071e-02;2.057937e-02;9.789092e-03;2.005229e-02;2.213020e-02;1.452518e-01
2.029193e-01;9.965830e-02;1.955313e-02;1.757091e-02;3.830031e-02;3.170365e-01;1.553988e-01;4.023569e-02;1.624258e-02;2.650062e-02;3.284119e-02;3.374264e-02
8.423015e-02;1.811824e-01;5.298941e-02;2.622417e-02;2.590803e-02;1.697628e-01;2.535624e-01;9.700320e-02;2.768376e-02;1.376542e-02;4.598428e-02;2.170397e-02
2.320823e-02;1.511838e-01;1.380640e-01;2.422478e-02;2.205429e-02;7.077228e-02;2.022396e-01;2.239863e-01;3.622963e-02;1.756133e-02;4.751173e-02;4.296406e-02
2.740937e-02;5.671176e-02;2.205787e-01;2.539051e-02;2.612623e-02;6.375498e-02;8.021797e-02;3.315753e-01;4.290508e-02;2.346837e-02;3.375902e-02;6.810265e-02
5.574832e-02;1.914460e-02;2.124815e-01;6.959082e-02;2.406250e-02;4.739978e-02;3.577601e-02;3.139016e-01;7.459612e-02;2.467858e-02;2.908221e-02;9.353793e-02
1.365100e-01;2.492246e-02;1.032743e-01;1.494831e-01;2.030884e-02;5.519264e-02;1.819387e-02;1.788117e-01;1.845716e-01;2.308648e-02;3.336935e-02;7.227577e-02
1.811498e-01;2.318441e-02;3.742545e-02;1.837520e-01;1.638279e-02;7.778500e-02;4.079010e-02;1.111956e-01;2.541965e-01;2.043503e-02;2.515068e-02;2.855264e-02
1.725687e-01;2.575418e-02;2.716585e-02;1.628948e-01;1.992213e-02;6.869597e-02;6.283776e-02;1.224719e-01;2.755874e-01;3.484697e-02;1.247668e-02;1.477767e-02
1.468051e-01;3.663997e-02;2.237732e-02;1.083448e-01;3.370083e-02;6.359813e-02;1.008386e-01;1.539923e-01;2.610739e-01;4.440651e-02;5.894670e-03;2.232773e-02
1.060763e-01;5.923162e-02;2.880350e-02;6.056524e-02;3.154608e-02;7.442113e-02;1.098983e-01;1.797425e-01;2.449213e-01;3.871767e-02;1.057812e-02;5.549821e-02
5.404185e-02;7.497726e-02;5.003581e-02;5.691501e-02;2.665978e-02;1.373725e-01;1.071113e-01;1.766193e-01;1.802758e-01;2.092436e-02;2.542273e-02;8.964421e-02
7.637212e-02;9.723169e-02;6.312706e-02;7.228842e-02;5.139910e-02;1.227044e-01;1.178337e-01;1.179546e-01;1.390261e-01;1.258846e-02;3.686672e-02;9.260760e-02
9.055854e-02;8.694576e-02;6.254072e-02;6.528587e-02;5.480627e-02;1.084033e-01;9.136061e-02;2.359273e-01;1.200922e-01;1.509516e-02;3.375814e-02;3.522611e-02
9.777346e-02;5.562603e-02;6.531192e-02;7.774783e-02;5.256610e-02;1.337994e-01;9.336229e-02;2.118794e-01;1.237065e-01;2.285848e-02;3.152033e-02;3.384823e-02
1.610954e-01;6.547859e-02;5.953559e-02;7.731093e-02;4.776630e-02;1.332302e-01;6.880745e-02;1.528325e-01;1.447949e-01;1.856665e-02;3.272413e-02;3.785731e-02
1.201771e-01;1.205944e-01;9.250353e-02;6.241048e-02;3.953850e-02;7.414261e-02;5.646776e-02;1.460177e-01;1.104081e-01;2.944542e-02;6.425425e-02;8.404019e-02
9.868514e-02;1.124077e-01;1.549318e-01;5.674166e-02;3.204063e-02;1.077280e-01;9.055394e-02;1.093516e-01;8.870701e-02;2.446072e-02;7.369357e-02;5.069818e-02
8.720049e-02;7.277969e-02;1.385122e-01;5.690471e-02;1.758718e-02;9.357174e-02;1.154472e-01;1.844777e-01;1.115153e-01;1.852857e-02;7.734425e-02;2.613100e-02
8.080306e-02;5.365632e-02;8.560678e-02;6.621552e-02;4.761138e-02;1.222759e-01;9.419718e-02;1.856742e-01;1.285488e-01;3.042946e-02;7.323150e-02;3.174996e-02
1.010693e-01;4.283594e-02;5.448101e-02;6.683256e-02;5.691776e-02;1.873076e-01;7.834407e-02;1.362245e-01;1.397762e-01;3.618494e-02;6.205906e-02;3.796707e-02
1.056489e-01;4.253518e-02;1.013354e-01;5.936230e-02;4.566794e-02;1.580715e-01;6.764558e-02;1.686864e-01;1.187304e-01;2.463878e-02;5.996125e-02;4.771641e-02
8.824503e-02;3.416316e-02;9.826781e-02;5.738306e-02;5.749761e-02;1.302463e-01;7.582676e-02;2.098448e-01;9.895894e-02;3.257421e-02;6.029473e-02;5.669748e-02
8.093833e-02;7.848301e-02;7.909644e-02;4.528316e-02;5.129979e-02;1.785357e-01;5.075099e-02;2.467307e-01;7.402797e-02;3.670782e-02;5.624013e-02;2.190587e-02
6.593995e-02;5.937928e-02;6.299458e-02;3.396776e-02;2.509519e-02;2.958453e-01;8.246605e-02;1.931556e-01;4.960702e-02;3.817763e-02;4.016007e-02;5.321152e-02
4.852537e-02;3.188477e-02;3.324662e-02;3.742792e-02;2.344147e-02;3.502813e-01;8.565196e-02;2.120841e-01;5.522642e-02;3.394376e-02;3.503817e-02;5.324817e-02
3.768939e-02;2.744760e-02;3.314529e-02;4.316205e-02;3.124856e-02;4.166042e-01;7.708246e-02;1.778746e-01;4.539886e-02;4.051534e-02;2.991600e-02;3.991563e-02
4.998845e-02;5.211857e-02;8.440428e-02;3.683032e-02;4.477923e-02;4.209204e-01;5.914930e-02;1.114816e-01;3.659151e-02;3.998829e-02;2.621285e-02;3.753514e-02
5.216806e-02;1.014967e-01;1.556206e-01;4.972569e-02;3.952011e-02;2.817054e-01;2.879672e-02;1.299972e-01;6.107330e-02;3.849488e-02;2.769787e-02;3.370349e-02
4.961666e-02;1.070048e-01;1.981273e-01;7.610200e-02;2.894588e-02;1.301205e-01;5.190051e-02;1.475155e-01;8.793612e-02;4.424842e-02;4.040060e-02;3.808171e-02
1.111036e-01;8.558076e-02;1.034862e-01;6.974474e-02;3.765985e-02;1.165608e-01;7.713873e-02;1.968111e-01;9.712233e-02;3.712462e-02;4.164989e-02;2.601745e-02
8.426791e-02;6.702626e-02;9.976685e-02;8.921976e-02;4.979642e-02;1.628936e-01;7.378777e-02;1.605130e-01;9.421670e-02;2.516345e-02;2.610878e-02;6.723947e-02
9.506810e-02;9.426419e-02;1.367915e-01;8.921288e-02;5.698155e-02;1.636763e-01;7.729475e-02;1.203300e-01;8.297932e-02;2.228495e-02;1.332267e-02;4.779386e-02
9.166464e-02;9.436192e-02;1.203891e-01;4.985607e-02;5.789134e-02;1.702724e-01;7.530741e-02;1.838967e-01;8.907276e-02;1.940816e-02;1.509956e-02;3.277997e-02
5.395398e-02;6.037193e-02;9.157848e-02;3.466721e-02;4.112455e-02;2.463664e-01;7.944942e-02;2.275226e-01;8.327603e-02;1.965483e-02;1.861689e-02;4.341770e-02
6.262144e-02;6.839048e-02;9.783208e-02;2.818522e-02;3.707658e-02;3.046816e-01;6.850501e-02;1.898441e-01;7.515698e-02;2.461956e-02;3.185913e-02;1.122782e-02
7.638099e-02;5.944442e-02;6.754744e-02;4.899110e-02;5.534736e-02;2.539519e-01;7.214457e-02;1.309713e-01;7.970845e-02;4.328173e-02;5.224648e-02;5.998415e-02
5.353082e-02;6.027738e-02;5.735284e-02;4.400427e-02;5.211700e-02;1.424838e-01;1.192131e-01;1.883785e-01;9.251691e-02;6.993341e-02;5.900741e-02;6.118450e-02
5.289257e-02;6.695994e-02;6.127532e-02;5.170377e-02;5.810338e-02;1.848051e-01;9.570807e-02;2.020198e-01;6.816792e-02;5.704827e-02;3.991209e-02;6.140378e-02
2.936459e-02;5.220833e-02;5.416968e-02;3.869130e-02;4.826203e-02;3.163971e-01;1.168651e-01;2.192427e-01;4.830341e-02;2.820891e-02;1.451155e-02;3.377537e-02
1.372486e-02;6.015657e-02;3.656071e-02;1.595233e-02;2.758729e-02;2.650498e-01;2.246384e-01;2.383067e-01;6.476263e-02;2.353288e-02;1.627151e-02;1.345629e-02
1.762271e-02;8.042361e-02;2.880133e-02;1.647531e-02;1.656602e-02;1.724368e-01;3.281594e-01;2.353059e-01;6.160161e-02;1.572592e-02;1.806911e-02;8.812289e-03
2.280721e-02;8.424498e-02;2.544239e-02;2.248740e-02;2.442735e-02;1.139491e-01;3.948233e-01;2.209649e-01;4.295577e-02;1.730318e-02;2.086683e-02;9.727512e-03
2.568633e-02;8.097085e-02;2.177309e-02;2.496992e-02;3.324468e-02;1.702263e-01;3.964901e-01;1.589326e-01;3.473422e-02;2.695302e-02;1.376154e-02;1.225737e-02
2.576493e-02;1.202247e-01;1.344546e-02;2.376262e-02;3.205407e-02;1.825168e-01;4.059813e-01;1.009054e-01;4.176133e-02;2.480007e-02;1.490293e-02;1.388045e-02
1.262288e-02;1.637858e-01;1.849725e-02;1.087922e-02;3.019568e-02;1.468203e-01;3.934620e-01;1.008772e-01;7.240643e-02;1.624249e-02;2.143748e-02;1.277329e-02
2.067618e-02;1.691392e-01;2.257829e-02;1.426657e-02;6.278773e-02;1.321824e-01;3.340485e-01;9.519032e-02;7.892161e-02;1.579680e-02;4.378470e-02;1.062763e-02
1.665846e-02;1.373075e-01;5.088083e-02;1.970406e-02;1.188217e-01;1.147948e-01;2.659197e-01;1.453867e-01;5.904034e-02;1.680233e-02;4.499054e-02;9.693134e-03
1.557337e-02;8.859363e-02;1.004155e-01;1.787030e-02;1.366824e-01;8.349261e-02;2.086955e-01;2.445437e-01;4.091232e-02;1.946365e-02;3.303998e-02;1.071704e-02
2.070998e-02;6.216238e-02;1.428290e-01;7.590433e-03;8.317741e-02;5.488043e-02;1.631546e-01;3.303551e-01;5.491127e-02;3.539677e-02;1.983509e-02;2.499756e-02
2.763098e-02;6.215385e-02;1.388272e-01;1.119669e-02;3.114585e-02;1.190549e-01;1.315441e-01;3.018046e-01;7.211095e-02;4.210774e-02;2.439149e-02;3.803173e-02
4.112610e-02;6.057881e-02;1.221080e-01;2.069417e-02;3.172942e-02;1.124704e-01;1.237030e-01;2.729358e-01;9.774642e-02;3.367010e-02;3.689931e-02;4.633837e-02
2.984257e-02;4.019781e-02;9.296426e-02;3.963184e-02;2.167796e-02;1.805165e-01;1.092858e-01;2.771722e-01;1.072364e-01;3.001504e-02;2.308686e-02;4.837278e-02
3.770587e-02;2.759140e-02;8.332200e-02;4.463528e-02;2.912075e-02;2.280674e-01;1.057986e-01;2.454221e-01;9.463672e-02;3.400499e-02;2.657625e-02;4.311874e-02
7.482643e-02;5.214912e-02;7.004096e-02;5.115152e-02;4.253098e-02;2.122222e-01;1.024680e-01;1.515834e-01;8.943681e-02;4.504834e-02;4.808226e-02;6.045995e-02
8.258457e-02;1.010445e-01;6.180296e-02;4.045692e-02;4.394420e-02;8.665683e-02;8.148264e-02;2.170515e-01;1.055383e-01;5.083625e-02;4.720758e-02;8.139370e-02
4.046753e-02;1.171545e-01;8.668563e-02;3.401467e-02;6.148540e-02;1.151312e-01;8.862277e-02;2.469612e-01;1.035084e-01;2.922625e-02;2.653103e-02;5.021137e-02
3.295158e-02;1.084610e-01;8.705205e-02;3.405480e-02;5.506652e-02;2.190898e-01;1.160724e-01;1.722847e-01;1.055861e-01;2.335042e-02;2.943785e-02;1.659279e-02
1.886399e-02;8.631407e-02;6.410503e-02;2.703445e-02;5.927632e-02;2.825745e-01;6.829835e-02;2.400002e-01;8.220153e-02;2.855660e-02;2.154638e-02;2.122855e-02
1.580355e-02;4.749487e-02;8.648374e-02;2.593982e-02;7.461084e-02;2.960312e-01;1.292985e-01;2.019670e-01;4.155439e-02;1.800304e-02;2.705719e-02;3.575594e-02
7.804944e-03;9.187376e-02;9.874726e-02;2.649147e-02;8.231749e-02;2.880924e-01;1.470274e-01;1.252563e-01;2.908631e-02;2.594396e-02;4.180886e-02;3.554977e-02
6.295735e-02;8.073772e-02;9.674458e-02;7.836872e-02;9.821703e-02;1.894301e-01;1.364842e-01;5.726540e-02;4.859183e-02;2.702842e-02;4.920948e-02;7.496519e-02
8.960711e-02;1.029422e-01;1.223847e-01;9.442431e-02;8.449747e-02;9.381095e-02;1.048624e-01;1.082733e-01;4.223503e-02;2.584532e-02;4.611012e-02;8.500700e-02
8.143512e-02;1.244778e-01;1.180909e-01;7.564773e-02;6.473565e-02;1.303937e-01;1.055526e-01;1.167492e-01;4.398805e-02;1.717956e-02;3.702465e-02;8.472505e-02
5.502019e-02;1.153236e-01;8.102340e-02;5.341892e-02;3.473198e-02;1.451881e-01;1.083126e-01;2.063524e-01;6.638943e-02;4.027830e-02;1.726934e-02;7.669187e-02
2.947315e-02;6.768540e-02;8.284581e-02;7.846504e-02;2.109550e-02;1.034482e-01;6.156651e-02;2.769887e-01;1.672400e-01;3.773665e-02;2.246936e-02;5.098568e-02
1.576377e-02;4.974288e-02;8.027457e-02;1.243599e-01;2.460462e-02;7.517090e-02;7.375325e-02;2.329068e-01;2.584749e-01;2.750905e-02;7.348459e-03;3.009088e-02
1.481796e-02;4.190988e-02;6.003062e-02;9.548374e-02;3.569206e-02;8.107908e-02;9.661349e-02;2.821597e-01;2.113849e-01;4.635544e-02;2.136703e-02;1.310602e-02
1.020093e-02;5.421731e-02;4.716352e-02;5.367529e-02;5.304616e-02;1.109718e-01;1.297780e-01;3.167790e-01;1.404640e-01;3.719988e-02;3.313737e-02;1.336673e-02
9.508976e-03;4.815700e-02;3.439369e-02;5.770950e-02;6.928297e-02;1.011792e-01;9.809094e-02;2.566880e-01;2.016968e-01;6.840102e-02;3.716506e-02;1.772687e-02
7.621257e-03;3.686881e-02;3.654642e-02;2.650894e-02;6.586355e-02;1.053819e-01;7.827087e-02;2.267934e-01;2.919886e-01;8.695155e-02;2.535082e-02;1.185384e-02
1.120508e-02;5.885586e-02;5.252344e-02;3.901748e-02;8.358435e-02;7.106347e-02;9.967265e-02;1.925703e-01;2.580177e-01;1.000323e-01;2.062245e-02;1.283488e-02
1.108374e-02;6.108012e-02;5.565960e-02;3.897687e-02;1.385977e-01;1.111394e-01;7.591566e-02;1.287223e-01;2.082615e-01;1.155503e-01;3.858551e-02;1.642739e-02
8.306975e-03;4.468408e-02;5.491450e-02;3.619287e-02;1.317074e-01;1.888917e-01;5.039413e-02;1.792353e-01;1.212568e-01;7.138184e-02;8.740712e-02;2.562728e-02
2.197002e-02;4.541722e-02;6.205590e-02;2.484260e-02;5.251729e-02;2.483007e-01;4.803857e-02;2.016928e-01;1.023251e-01;4.134851e-02;1.305070e-01;2.098433e-02
3.193106e-02;7.035550e-02;8.155777e-02;3.783410e-02;3.593497e-02;2.080019e-01;2.858403e-02;1.355859e-01;1.198041e-01;4.878484e-02;1.555116e-01;4.611418e-02
2.693524e-02;6.096456e-02;5.229190e-02;3.760568e-02;5.061474e-02;1.911103e-01;2.497435e-02;2.091467e-01;1.245200e-01;2.867776e-02;1.274277e-01;6.573103e-02
3.441392e-02;5.549328e-02;2.652351e-02;3.882289e-02;4.219915e-02;1.385700e-01;7.848209e-02;2.165654e-01;1.357898e-01;2.980278e-02;1.482417e-01;5.509539e-02
2.677252e-02;5.908522e-02;5.913960e-02;2.713130e-02;4.625993e-02;1.874080e-01;1.277248e-01;9.794430e-02;1.475221e-01;4.137881e-02;1.402183e-01;3.941508e-02
1.190079e-02;5.820656e-02;6.795646e-02;2.067140e-02;3.170644e-02;2.224954e-01;1.194825e-01;2.178518e-01;1.264041e-01;3.039979e-02;5.677929e-02;3.614531e-02
2.310132e-02;4.410704e-02;7.368826e-02;2.599140e-02;3.490457e-02;2.304343e-01;1.296070e-01;1.723697e-01;1.473150e-01;2.887405e-02;5.218155e-02;3.742574e-02
2.989589e-02;6.626557e-02;6.824830e-02;2.635862e-02;4.306412e-02;1.600000e-01;1.034478e-01;1.938617e-01;1.460261e-01;5.636460e-02;6.328114e-02;4.318625e-02
4.176720e-02;8.695065e-02;8.233003e-02;2.041312e-02;3.536704e-02;5.068507e-02;6.545368e-02;3.553540e-01;9.756878e-02;6.821467e-02;5.111300e-02;4.478282e-02
2.774227e-02;6.298694e-02;7.195368e-02;1.757427e-02;3.293626e-02;1.234556e-01;1.330192e-01;2.301523e-01;1.358316e-01;2.676796e-02;9.635668e-02;4.122319e-02
1.537185e-02;7.264926e-02;7.747599e-02;3.601002e-02;3.475067e-02;9.939959e-02;9.709822e-02;2.179003e-01;1.543358e-01;4.142891e-02;1.118671e-01;4.171240e-02
2.175972e-02;8.563234e-02;9.417458e-02;2.622108e-02;2.868025e-02;1.513308e-01;4.461329e-02;3.278632e-01;9.941196e-02;2.167068e-02;8.012260e-02;1.851952e-02
1.945570e-02;8.779980e-02;8.633628e-02;2.658349e-02;3.566696e-02;2.020274e-01;7.269482e-02;2.674120e-01;9.239074e-02;1.497581e-02;6.857102e-02;2.608595e-02
1.198546e-02;8.381565e-02;7.111935e-02;3.638911e-02;4.122804e-02;2.325687e-01;9.426502e-02;2.137355e-01;1.202474e-01;2.554267e-02;5.062918e-02;1.847405e-02
1.486675e-02;8.075114e-02;8.462691e-02;4.525161e-02;4.646029e-02;1.978937e-01;5.833303e-02;2.341636e-01;1.241670e-01;5.975524e-02;2.847998e-02;2.525079e-02
1.399245e-02;9.415556e-02;1.167912e-01;6.148614e-02;3.066876e-02;2.030733e-01;6.308500e-02;1.966993e-01;1.104102e-01;5.875916e-02;2.089886e-02;2.998001e-02
1.019084e-02;7.098280e-02;1.159364e-01;6.056190e-02;2.676160e-02;1.960370e-01;4.302546e-02;2.207611e-01;1.237036e-01;5.068602e-02;4.390161e-02;3.745172e-02
1.961621e-02;4.390920e-02;6.909293e-02;4.006302e-02;3.597863e-02;1.844925e-01;5.808320e-02;2.292817e-01;1.662247e-01;5.489220e-02;5.504536e-02;4.332026e-02
2.134421e-02;4.598568e-02;8.000081e-02;2.514828e-02;4.211970e-02;2.187224e-01;8.178300e-02;1.303694e-01;2.067054e-01;4.143131e-02;7.312683e-02;3.326302e-02
1.783692e-02;6.649712e-02;8.727982e-02;2.971329e-02;4.425343e-02;1.803949e-01;6.694090e-02;2.070572e-01;1.901129e-01;3.764366e-02;4.833806e-02;2.393191e-02
1.934645e-02;1.035046e-01;1.077227e-01;3.907815e-02;6.235375e-02;1.476416e-01;9.080795e-02;1.317942e-01;1.847117e-01;5.039252e-02;2.574726e-02;3.689908e-02
1.700600e-02;9.721491e-02;9.751213e-02;4.804426e-02;6.097765e-02;1.151956e-01;1.188935e-01;2.410895e-01;1.165673e-01;3.963106e-02;2.034616e-02;2.752190e-02
3.738583e-02;7.050171e-02;8.198803e-02;4.152071e-02;3.927913e-02;1.767038e-01;1.804285e-01;2.007032e-01;7.757505e-02;4.425045e-02;1.867564e-02;3.098800e-02
6.111243e-02;6.382263e-02;6.820352e-02;3.382204e-02;2.671292e-02;1.890869e-01;2.166746e-01;1.651214e-01;6.759554e-02;5.924203e-02;1.877377e-02;2.983222e-02
8.855311e-02;4.354352e-02;3.873761e-02;2.297979e-02;2.035934e-02;2.621597e-01;2.178406e-01;1.227956e-01;5.190488e-02;9.727421e-02;1.127658e-02;2.257498e-02
1.192449e-01;1.688314e-02;1.318110e-02;1.345645e-02;1.516928e-02;3.894799e-01;1.435627e-01;7.336453e-02;2.703899e-02;1.760416e-01;3.686301e-03;8.891145e-03
1.306541e-01;8.970061e-03;4.590265e-03;1.088244e-02;1.477249e-02;4.506109e-01;7.290834e-02;4.509624e-02;1.233966e-02;2.428944e-01;3.731558e-03;2.549635e-03
1.319226e-01;9.163080e-03;7.636360e-03;8.407448e-03;9.887949e-03;4.557095e-01;7.292785e-02;2.110803e-02;7.428539e-03;2.608392e-01;8.156899e-03;6.812569e-03
1.367775e-01;7.281880e-03;8.846797e-03;9.486337e-03;1.627583e-02;4.488096e-01;7.261585e-02;2.001485e-02;7.323117e-03;2.565551e-01;6.379647e-03;9.633539e-03
1.462529e-01;1.058159e-02;9.678674e-03;9.032208e-03;9.363439e-03;4.380881e-01;6.413193e-02;2.791443e-02;7.992781e-03;2.672798e-01;4.764984e-03;4.919144e-03
1.455053e-01;1.731303e-02;1.176996e-02;1.122687e-02;1.212646e-02;4.376720e-01;2.502541e-02;4.388604e-02;1.474598e-02;2.692341e-01;7.445766e-03;4.048975e-03
1.193063e-01;3.202343e-02;1.512935e-02;1.256967e-02;8.584684e-03;4.420975e-01;9.190184e-02;3.557042e-02;1.964953e-02;2.079954e-01;1.070753e-02;4.464383e-03
8.079189e-02;6.575672e-02;1.107654e-02;1.283086e-02;8.271558e-03;4.629869e-01;1.969772e-01;3.644646e-02;1.460276e-02;9.702199e-02;7.659325e-03;5.577874e-03
4.774513e-02;1.112892e-01;2.137364e-02;1.212548e-02;1.200486e-02;4.099784e-01;2.832783e-01;5.480406e-02;9.728093e-03;2.743355e-02;4.798295e-03;5.440886e-03
2.356389e-02;1.449001e-01;4.038009e-02;1.166660e-02;1.029725e-02;3.122162e-01;3.208422e-01;7.995015e-02;1.178415e-02;2.976641e-02;8.448754e-03;6.184188e-03
9.678043e-03;1.456536e-01;1.320466e-01;6.495486e-03;1.540246e-02;2.249874e-01;2.693498e-01;1.441747e-01;1.795497e-02;2.057265e-02;9.242246e-03;4.441968e-03
8.137514e-03;1.200222e-01;3.124350e-01;9.731635e-03;6.309746e-03;1.955054e-01;8.640420e-02;2.225738e-01;2.123375e-02;1.017481e-02;3.905555e-03;3.566396e-03
6.821563e-03;1.311278e-01;3.730434e-01;1.657227e-02;4.930187e-03;1.379988e-01;6.341967e-02;2.122298e-01;3.158333e-02;1.256397e-02;3.877443e-03;5.831890e-03
1.865856e-02;1.126391e-01;3.406117e-01;3.539014e-02;3.447258e-03;1.178483e-01;7.810589e-02;2.022389e-01;6.333713e-02;1.882280e-02;3.133171e-03;5.767153e-03
3.691178e-02;5.583781e-02;1.723695e-01;1.127672e-01;7.911471e-03;1.307833e-01;1.163358e-01;1.956538e-01;1.430501e-01;1.953734e-02;3.932202e-03;4.909729e-03
4.988855e-02;2.846000e-02;5.461305e-02;1.620127e-01;1.188249e-02;1.519023e-01;1.234156e-01;1.502926e-01;2.366717e-01;1.999982e-02;3.718606e-03;7.142450e-03
4.906594e-02;3.348418e-02;4.734003e-02;1.290507e-01;9.033766e-03;1.628274e-01;6.507055e-02;1.774652e-01;2.590492e-01;5.735397e-02;5.129372e-03;5.129699e-03
4.067619e-02;2.112649e-02;7.622828e-02;8.879067e-02;1.370600e-02;2.000238e-01;6.027461e-02;1.581852e-01;2.657469e-01;6.894748e-02;2.552118e-03;3.742178e-03
2.662528e-02;1.759243e-02;7.237454e-02;6.503463e-02;1.379761e-02;2.085040e-01;5.601305e-02;2.225931e-01;2.513064e-01;5.748701e-02;4.652999e-03;4.018940e-03
2.166599e-02;3.205952e-02;4.339040e-02;4.795540e-02;1.845393e-02;2.026095e-01;8.802419e-02;2.773568e-01;2.177303e-01;4.144570e-02;4.372228e-03;4.935981e-03
1.491515e-02;3.082393e-02;2.914487e-02;2.003772e-02;1.240554e-02;2.239933e-01;6.763333e-02;3.802530e-01;1.825009e-01;3.083680e-02;1.609191e-03;5.846286e-03
7.806651e-03;2.445621e-02;7.009064e-02;1.527929e-02;9.351160e-03;2.135129e-01;6.740177e-02;4.346654e-01;1.218687e-01;2.613146e-02;3.735973e-03;5.700009e-03
2.379228e-02;3.017240e-02;1.050553e-01;3.004248e-02;1.074382e-02;1.612409e-01;1.013302e-01;4.176175e-01;8.018766e-02;2.930867e-02;3.444726e-03;7.064074e-03
2.379613e-02;7.406108e-02;6.022158e-02;3.024296e-02;1.617376e-02;2.659372e-01;1.181660e-01;3.281640e-01;3.546211e-02;3.341820e-02;8.048865e-03;6.308089e-03
2.655282e-02;8.968866e-02;2.208803e-02;3.157501e-02;1.931611e-02;3.815134e-01;9.820325e-02;2.419106e-01;3.085516e-02;3.753997e-02;7.357309e-03;1.339968e-02
3.340817e-02;5.204657e-02;6.695352e-02;3.431138e-02;3.969434e-02;4.058963e-01;6.289452e-02;1.638668e-01;3.233369e-02;4.695177e-02;1.835678e-02;4.328606e-02
1.023734e-02;5.496819e-02;1.919598e-01;4.168548e-02;5.170460e-02;2.842497e-01;5.418043e-02;1.206183e-01;3.579981e-02;5.615736e-02;3.928486e-02;5.915409e-02
4.140010e-02;1.055531e-01;2.952868e-01;4.573603e-02;3.605353e-02;7.936803e-02;5.797037e-02;1.467879e-01;5.329764e-02;6.077105e-02;3.697150e-02;4.080392e-02
4.496722e-02;1.250127e-01;2.154202e-01;4.603172e-02;1.093271e-02;1.028413e-01;8.774626e-02;2.171100e-01;7.690975e-02;4.999497e-02;9.013915e-03;1.401938e-02
4.559151e-02;1.198782e-01;1.680243e-01;4.403400e-02;1.132993e-02;9.843528e-02;1.284339e-01;2.374643e-01;9.588994e-02;3.709500e-02;3.530070e-03;1.029360e-02
3.826441e-02;9.482036e-02;1.429199e-01;3.835723e-02;1.831965e-02;1.412521e-01;1.098255e-01;2.566049e-01;1.006725e-01;3.523374e-02;7.080248e-03;1.664950e-02
2.931934e-02;1.006420e-01;1.393357e-01;3.949156e-02;2.269876e-02;1.923288e-01;4.746703e-02;2.450402e-01;1.087189e-01;4.618019e-02;1.357859e-02;1.519902e-02
2.575386e-02;9.145109e-02;1.309575e-01;4.497040e-02;1.562367e-02;2.012560e-01;7.428253e-02;2.187552e-01;1.067480e-01;6.001038e-02;1.792444e-02;1.226695e-02
3.186964e-02;8.216511e-02;1.737822e-01;4.362954e-02;1.233870e-02;2.594376e-01;9.265888e-02;1.076165e-01;1.049373e-01;6.339401e-02;1.304725e-02;1.512338e-02
2.150396e-02;6.932587e-02;1.569972e-01;2.536950e-02;1.298183e-02;2.609482e-01;1.254439e-01;1.742190e-01;8.706708e-02;3.644269e-02;1.160486e-02;1.809592e-02
1.715174e-02;6.271335e-02;1.256905e-01;1.745386e-02;1.095751e-02;2.218914e-01;1.741807e-01;2.384740e-01;7.981375e-02;2.210864e-02;1.844526e-02;1.111922e-02
2.779801e-02;6.031939e-02;1.061673e-01;2.173608e-02;1.069014e-02;2.452844e-01;1.582120e-01;2.338313e-01;9.188477e-02;2.087957e-02;1.719688e-02;6.000116e-03
3.334146e-02;9.239626e-02;1.469583e-01;5.287414e-02;1.880309e-02;3.324693e-01;1.156095e-01;9.953292e-02;7.382021e-02;1.989880e-02;4.517964e-03;9.778080e-03
2.856170e-02;8.073978e-02;1.467810e-01;5.273278e-02;2.336753e-02;3.414177e-01;1.119359e-01;1.266957e-01;4.543877e-02;2.879904e-02;7.633439e-03;5.896771e-03
3.373960e-02;6.239277e-02;1.776758e-01;4.134260e-02;1.933530e-02;3.392211e-01;1.059086e-01;1.322378e-01;3.304484e-02;3.736596e-02;6.356604e-03;1.137910e-02
3.943863e-02;7.016384e-02;2.434694e-01;2.901516e-02;2.220947e-02;2.951918e-01;1.032386e-01;1.100801e-01;2.802967e-02;3.850961e-02;4.878304e-03;1.577545e-02
4.771175e-02;1.151296e-01;2.760276e-01;2.296103e-02;1.736354e-02;2.610217e-01;4.697549e-02;1.191584e-01;4.022558e-02;3.298718e-02;1.223120e-02;8.207050e-03
4.230165e-02;1.150373e-01;2.207587e-01;3.710756e-02;3.125949e-02;2.313243e-01;8.897726e-02;1.411473e-01;4.233805e-02;2.072604e-02;1.896906e-02;1.005321e-02
