5.824529e-02;1.253930e-01;4.594662e-02;1.335616e-02;2.002920e-02;1.691811e-01;1.279640e-01;1.688153e-01;7.024983e-02;1.294170e-01;3.441106e-02;3.699148e-02
6.196891e-02;9.187524e-02;5.429639e-02;2.656485e-02;4.236021e-02;1.539495e-01;1.021402e-01;1.365224e-01;1.006183e-01;1.260339e-01;6.954128e-02;3.412884e-02
2.033869e-02;6.936822e-02;8.277521e-02;5.433712e-02;6.783524e-02;1.879148e-01;1.181882e-01;1.382387e-01;8.963034e-02;4.037407e-02;7.603898e-02;5.496037e-02
2.942011e-02;5.893417e-02;6.633677e-02;4.359443e-02;6.704887e-02;1.826362e-01;1.068199e-01;1.082312e-01;8.958139e-02;9.978574e-02;9.912876e-02;4.848240e-02
2.460688e-02;4.990152e-02;5.404926e-02;3.447291e-02;6.898632e-02;2.103671e-01;7.145189e-02;6.833849e-02;9.086107e-02;1.712697e-01;1.159710e-01;3.972388e-02
1.455380e-02;4.052082e-02;3.046224e-02;2.734042e-02;6.318533e-02;2.322585e-01;6.200257e-02;2.419441e-02;1.359849e-01;2.634870e-01;8.314723e-02;2.286270e-02
9.601786e-03;4.768458e-02;4.631470e-02;3.019497e-02;5.600470e-02;2.222001e-01;7.787172e-02;5.572159e-02;1.438160e-01;2.159355e-01;7.689544e-02;1.775888e-02
6.709589e-03;3.383374e-02;9.290659e-02;2.915291e-02;4.692457e-02;2.981197e-01;8.132502e-02;4.006217e-02;1.152136e-01;1.170776e-01;1.214777e-01;1.719687e-02
1.514066e-02;2.722523e-02;1.239842e-01;2.183649e-02;2.997445e-02;3.765132e-01;4.415682e-02;3.815484e-02;9.578524e-02;4.345260e-02;1.648882e-01;1.888800e-02
2.308484e-02;3.540239e-02;1.209759e-01;1.164668e-02;1.730343e-02;3.678260e-01;4.417476e-02;4.224984e-02;6.909993e-02;4.193984e-02;2.062723e-01;2.002408e-02
2.058583e-02;2.791659e-02;1.250369e-01;7.773346e-03;2.127961e-02;3.564346e-01;3.570913e-02;4.033141e-02;5.583789e-02;3.987823e-02;2.422715e-01;2.694501e-02
1.400617e-02;2.226407e-02;1.236143e-01;9.589710e-03;2.031909e-02;3.198223e-01;7.814123e-02;3.323827e-02;3.574015e-02;3.399151e-02;2.678657e-01;4.140753e-02
1.291787e-02;2.099315e-02;9.992147e-02;1.372056e-02;2.704380e-02;2.764963e-01;1.451734e-01;1.560590e-02;2.715027e-02;3.524436e-02;2.712868e-01;5.444611e-02
1.547658e-02;2.384280e-02;7.628056e-02;1.590538e-02;3.107965e-02;2.588423e-01;1.445065e-01;2.576125e-02;3.932944e-02;4.807588e-02;2.674364e-01;5.346323e-02
1.611225e-02;2.015308e-02;8.925556e-02;1.264146e-02;2.033764e-02;2.761178e-01;7.625519e-02;1.883229e-02;5.389926e-02;4.269431e-02;3.046622e-01;6.903890e-02
1.064335e-02;1.057848e-02;9.080334e-02;6.772330e-03;1.208685e-02;2.731695e-01;3.998196e-02;2.049623e-02;3.971674e-02;2.848231e-02;3.635048e-01;1.037641e-01
8.859912e-03;1.251466e-02;8.905800e-02;5.517286e-03;1.357773e-02;2.758070e-01;1.227846e-02;1.016414e-02;2.387949e-02;1.903394e-02;4.264539e-01;1.028555e-01
9.839326e-03;8.267037e-03;1.050729e-01;5.403244e-03;2.033299e-02;2.713625e-01;4.144258e-02;1.025932e-02;2.461891e-02;2.576966e-02;4.101878e-01;6.744377e-02
1.050678e-02;1.193555e-02;1.296009e-01;1.300417e-02;2.502326e-02;2.578396e-01;6.814300e-02;1.548422e-02;3.866083e-02;4.060336e-02;3.585560e-01;3.064233e-02
8.690848e-03;3.122445e-02;1.492759e-01;2.464436e-02;2.939312e-02;2.123664e-01;7.072955e-02;3.957115e-02;6.912695e-02;4.285726e-02;3.014485e-01;2.067152e-02
6.031763e-03;5.428154e-02;1.601720e-01;4.436585e-02;3.001766e-02;1.733213e-01;5.165070e-02;7.217586e-02;1.006789e-01;5.451276e-02;2.365667e-01;1.622488e-02
1.664659e-02;5.678784e-02;1.766219e-01;5.145763e-02;2.121083e-02;1.683555e-01;7.708480e-02;7.399555e-02;1.130064e-01;4.804840e-02;1.774125e-01;1.937200e-02
2.832889e-02;4.616276e-02;1.864899e-01;5.164373e-02;2.009799e-02;2.017251e-01;3.836821e-02;6.413849e-02;1.201259e-01;5.603809e-02;1.636776e-01;2.320341e-02
3.334230e-02;4.605096e-02;1.435153e-01;4.819426e-02;4.205916e-02;2.209871e-01;2.471786e-02;5.223906e-02;1.350852e-01;7.007485e-02;1.474653e-01;3.626863e-02
2.987195e-02;5.569323e-02;1.670573e-01;3.064228e-02;9.963585e-02;1.645113e-01;2.830157e-02;5.942187e-02;1.390362e-01;6.150505e-02;1.195966e-01;4.472671e-02
2.431183e-02;4.168892e-02;1.362954e-01;2.444192e-02;1.948918e-01;1.235959e-01;6.390171e-02;5.599968e-02;1.355999e-01;4.575424e-02;1.019800e-01;5.153870e-02
3.330850e-02;7.689968e-02;1.183829e-01;3.218143e-02;1.434595e-01;1.456676e-01;1.063553e-01;6.629530e-02;9.164115e-02;4.075021e-02;5.350143e-02;9.155702e-02
4.435675e-02;1.367745e-01;9.660912e-02;5.344056e-02;8.175574e-02;1.574068e-01;1.212869e-01;5.300668e-02;4.585891e-02;3.192797e-02;3.477661e-02;1.427995e-01
5.070468e-02;1.402968e-01;6.888238e-02;9.254468e-02;8.640344e-02;1.840133e-01;1.164130e-01;4.011088e-02;2.922880e-02;2.394739e-02;2.608454e-02;1.413702e-01
5.402691e-02;1.086392e-01;7.688278e-02;9.825432e-02;5.405037e-02;2.330758e-01;1.040037e-01;6.010007e-02;4.213751e-02;2.960748e-02;1.950108e-02;1.197207e-01
6.561811e-02;5.502012e-02;7.325023e-02;5.364726e-02;1.158533e-01;2.114173e-01;9.440400e-02;1.361728e-01;6.680110e-02;2.904694e-02;2.451209e-02;7.425665e-02
8.227558e-02;5.670502e-02;9.147193e-02;2.893415e-02;2.445282e-01;9.852847e-02;7.511280e-02;1.816479e-01;5.524478e-02;2.380744e-02;2.088599e-02;4.085767e-02
8.825846e-02;1.115879e-01;9.609349e-02;2.241629e-02;2.723396e-01;4.191621e-02;8.054753e-02;1.519194e-01;4.291072e-02;3.191359e-02;2.272462e-02;3.737218e-02
7.309161e-02;1.940239e-01;9.018513e-02;2.777727e-02;1.504641e-01;5.089951e-02;1.345018e-01;1.222948e-01;5.253859e-02;3.969635e-02;2.288159e-02;4.164529e-02
5.245576e-02;1.993844e-01;1.053869e-01;2.668748e-02;2.122340e-01;6.446076e-02;9.772050e-02;1.044573e-01;6.315693e-02;3.111550e-02;1.672495e-02;2.621538e-02
6.878991e-02;1.806178e-01;9.058838e-02;2.198066e-02;2.110778e-01;9.721094e-02;1.169551e-01;8.927034e-02;5.044602e-02;2.459590e-02;2.997618e-02;1.849104e-02
7.588334e-02;1.589308e-01;8.206616e-02;2.963033e-02;1.453890e-01;8.984250e-02;1.588278e-01;1.006839e-01;5.423444e-02;2.880458e-02;4.466791e-02;3.103908e-02
6.774420e-02;1.305174e-01;6.917487e-02;4.931211e-02;7.307070e-02;1.225879e-01;1.331217e-01;1.244036e-01;5.894380e-02;4.366522e-02;7.465108e-02;5.280744e-02
5.642335e-02;7.965628e-02;4.930640e-02;6.488584e-02;3.420849e-02;1.927057e-01;7.137667e-02;1.100184e-01;8.697034e-02;7.206982e-02;1.150480e-01;6.733067e-02
3.508610e-02;6.674711e-02;5.626192e-02;3.874590e-02;7.956818e-02;1.965307e-01;9.605042e-02;1.054292e-01;9.556559e-02;5.628992e-02;1.086395e-01;6.508551e-02
3.969834e-02;8.791135e-02;4.926622e-02;1.586445e-02;7.199951e-02;2.039829e-01;9.215524e-02;1.132688e-01;9.790833e-02;5.426672e-02;1.144542e-01;5.922399e-02
4.819616e-02;1.264334e-01;7.185839e-02;2.063230e-02;4.634936e-02;2.038859e-01;9.212334e-02;1.054214e-01;7.664414e-02;4.937418e-02;1.061299e-01;5.295150e-02
4.839981e-02;1.249695e-01;9.197429e-02;2.508720e-02;3.824133e-02;2.546704e-01;1.074331e-01;7.369237e-02;6.332486e-02;4.154464e-02;9.464904e-02;3.601345e-02
4.237464e-02;8.481416e-02;1.008133e-01;2.022288e-02;5.592043e-02;3.313254e-01;4.514368e-02;7.947080e-02;7.364701e-02;3.677155e-02;9.853762e-02;3.095859e-02
3.856033e-02;8.967632e-02;8.620802e-02;2.388065e-02;7.007602e-02;3.082750e-01;6.996959e-02;7.467519e-02;6.484470e-02;3.411870e-02;1.063795e-01;3.333593e-02
5.542775e-02;1.090721e-01;6.381281e-02;2.459471e-02;4.498525e-02;3.005884e-01;5.368434e-02;8.757176e-02;6.251796e-02;3.132185e-02;1.244028e-01;4.202022e-02
5.799207e-02;1.582631e-01;1.059806e-01;1.729320e-02;6.146442e-02;2.437562e-01;8.524053e-02;7.658324e-02;4.637725e-02;2.005923e-02;8.565675e-02;4.133337e-02
6.406082e-02;1.707022e-01;8.399425e-02;1.193950e-02;5.331218e-02;2.635059e-01;4.587392e-02;9.218792e-02;6.351589e-02;1.694779e-02;9.371261e-02;4.024710e-02
6.303401e-02;1.562300e-01;1.118990e-01;1.605625e-02;4.555021e-02;1.901476e-01;1.003143e-01;7.184271e-02;6.092278e-02;2.485537e-02;9.894623e-02;6.020158e-02
5.583074e-02;1.143477e-01;7.928616e-02;2.674519e-02;5.654435e-02;1.767907e-01;5.274634e-02;1.069119e-01;9.905296e-02;5.152832e-02;1.166738e-01;6.354188e-02
1.055718e-01;1.257524e-01;8.241340e-02;2.244436e-02;4.513289e-02;1.633821e-01;4.949938e-02;8.004270e-02;8.354368e-02;6.011736e-02;1.035446e-01;7.855539e-02
8.455164e-02;2.155239e-01;6.686449e-02;2.351597e-02;4.673250e-02;1.431614e-01;1.233113e-01;5.107687e-02;4.611143e-02;4.470485e-02;7.560606e-02;7.883959e-02
5.266432e-02;2.244096e-01;7.936022e-02;5.669117e-02;4.369123e-02;9.792080e-02;1.539564e-01;6.788476e-02;3.636289e-02;2.873613e-02;4.894238e-02;1.093801e-01
6.390595e-02;1.916409e-01;9.514733e-02;1.016443e-01;3.370529e-02;6.211586e-02;1.617070e-01;8.459630e-02;2.329426e-02;2.010290e-02;2.782850e-02;1.343114e-01
5.301285e-02;2.258339e-01;5.677597e-02;1.003355e-01;5.235912e-02;3.986084e-02;2.157748e-01;7.209663e-02;1.651294e-02;1.512756e-02;2.280423e-02;1.295057e-01
7.415421e-02;1.903376e-01;2.706045e-02;5.788537e-02;1.129763e-01;4.585414e-02;2.400144e-01;7.040133e-02;2.192985e-02;9.849229e-03;3.382619e-02;1.157110e-01
1.287505e-01;9.924118e-02;4.004242e-02;2.759653e-02;1.371972e-01;7.443563e-02;2.015663e-01;6.818994e-02;3.811190e-02;1.794401e-02;6.295159e-02;1.039728e-01
1.382875e-01;6.307875e-02;5.607262e-02;4.550079e-02;1.024329e-01;9.468780e-02;1.512173e-01;6.901813e-02;6.818250e-02;2.834228e-02;9.403764e-02;8.914184e-02
1.071265e-01;7.486303e-02;6.928737e-02;5.301271e-02;7.306106e-02;1.221043e-01;1.046876e-01;8.584011e-02;9.951600e-02;3.413400e-02;1.041474e-01;7.221982e-02
7.490419e-02;8.468995e-02;8.340987e-02;5.613456e-02;3.249165e-02;1.575341e-01;8.942440e-02;8.857793e-02;1.383596e-01;3.465031e-02;9.012847e-02;6.969494e-02
8.218814e-02;1.088066e-01;6.638101e-02;5.608736e-02;8.091641e-02;1.157284e-01;1.190161e-01;1.021429e-01;1.277219e-01;2.578272e-02;5.039396e-02;6.483458e-02
1.022070e-01;1.328824e-01;7.291412e-02;4.126880e-02;8.226239e-02;1.020294e-01;1.099281e-01;9.470870e-02;1.225982e-01;2.679949e-02;6.583174e-02;4.656971e-02
9.887231e-02;1.638373e-01;7.669102e-02;3.577818e-02;4.890830e-02;1.037456e-01;9.650227e-02;8.376361e-02;9.930462e-02;2.171501e-02;9.391738e-02;7.696436e-02
9.541751e-02;1.775278e-01;8.976153e-02;5.525225e-02;4.784186e-02;9.169187e-02;8.020570e-02;7.426663e-02;6.800402e-02;3.064805e-02;9.891254e-02;9.047028e-02
9.349692e-02;1.625942e-01;7.072186e-02;6.095350e-02;5.937722e-02;8.265534e-02;9.317844e-02;9.620888e-02;3.437320e-02;4.427558e-02;8.854990e-02;1.136150e-01
6.939150e-02;1.299169e-01;5.791474e-02;2.569516e-02;7.956989e-02;7.165428e-02;1.027581e-01;1.021232e-01;1.218381e-01;4.876027e-02;8.515088e-02;1.052270e-01
5.156378e-02;6.328230e-02;5.631868e-02;3.219919e-02;8.035245e-02;9.520248e-02;1.026210e-01;1.149013e-01;1.860539e-01;4.812217e-02;9.153468e-02;7.784812e-02
6.007037e-02;8.406733e-02;4.395511e-02;4.487321e-02;4.676097e-02;1.241652e-01;9.017751e-02;1.041878e-01;1.857002e-01;5.813224e-02;1.024846e-01;5.542547e-02
6.847644e-02;8.007165e-02;6.068909e-02;4.505177e-02;3.463906e-02;1.459458e-01;1.051516e-01;8.298152e-02;1.516684e-01;6.554711e-02;8.821387e-02;7.156372e-02
8.403695e-02;1.045669e-01;8.551969e-02;3.684470e-02;3.498555e-02;1.395274e-01;6.367131e-02;7.455228e-02;7.397778e-02;3.509549e-02;1.103005e-01;1.569215e-01
5.719760e-02;1.011133e-01;1.088530e-01;3.406980e-02;3.345558e-02;1.266094e-01;4.701936e-02;4.587547e-02;4.095855e-02;2.091653e-02;1.849747e-01;1.989567e-01
4.007644e-02;9.457017e-02;8.219084e-02;2.031138e-02;2.620735e-02;1.157810e-01;6.477108e-02;3.150178e-02;2.778442e-02;1.945074e-02;2.232164e-01;2.541383e-01
3.161612e-02;6.031531e-02;5.386570e-02;4.488337e-02;1.639059e-02;8.889102e-02;9.854520e-02;1.997281e-02;1.569361e-02;1.369045e-02;2.156566e-01;3.404791e-01
3.729836e-02;3.773353e-02;4.382147e-02;1.016119e-01;1.301372e-02;5.452087e-02;1.453827e-01;1.644746e-02;1.106162e-02;9.862426e-03;1.323702e-01;3.968758e-01
3.708792e-02;3.304974e-02;2.616255e-02;1.839663e-01;1.612137e-02;2.812695e-02;1.953347e-01;1.417757e-02;1.019215e-02;7.843138e-03;5.049708e-02;3.974405e-01
2.953205e-02;2.623496e-02;2.994197e-02;2.819178e-01;2.118477e-02;4.231504e-02;2.185501e-01;1.347807e-02;6.740361e-03;6.441137e-03;2.610981e-02;2.975540e-01
2.287816e-02;1.474259e-02;1.245767e-02;3.475926e-01;5.850850e-02;4.057317e-02;2.431786e-01;2.295394e-02;7.258061e-03;7.108837e-03;7.830342e-03;2.149175e-01
1.811540e-02;1.245301e-02;1.065272e-02;3.240613e-01;7.883830e-02;3.323002e-02;2.680546e-01;4.322167e-02;9.161663e-03;1.684070e-02;1.665895e-02;1.687116e-01
2.155023e-02;2.029651e-02;1.058136e-02;2.420255e-01;4.857876e-02;4.314625e-02;2.697672e-01;1.243786e-01;1.486542e-02;4.782814e-02;1.351446e-02;1.434675e-01
3.742849e-02;1.554175e-02;1.346170e-02;1.607744e-01;2.055266e-02;7.767017e-02;2.311546e-01;1.876972e-01;2.904964e-02;9.083517e-02;2.259118e-02;1.132430e-01
8.021227e-02;1.543962e-02;1.389761e-02;1.000782e-01;1.583616e-02;1.665247e-01;1.977849e-01;1.495072e-01;2.386507e-02;1.029861e-01;4.945496e-02;8.441326e-02
1.685912e-01;2.259663e-02;6.755205e-02;5.710049e-02;1.741273e-02;2.323901e-01;1.504405e-01;1.103067e-01;1.188417e-02;6.256610e-02;3.584363e-02;6.331576e-02
1.882457e-01;2.895624e-02;1.615601e-01;6.743113e-02;4.303015e-02;1.966043e-01;1.008857e-01;1.133376e-01;1.092175e-02;3.044157e-02;1.149776e-02;4.708803e-02
1.199112e-01;7.924178e-02;2.051804e-01;1.817048e-01;5.099832e-02;1.083501e-01;8.314274e-02;8.555439e-02;1.736885e-02;2.043184e-02;1.384512e-02;3.427045e-02
5.312647e-02;1.581620e-01;1.386738e-01;3.134736e-01;4.897936e-02;7.388633e-02;8.222530e-02;5.211779e-02;2.701195e-02;1.803116e-02;8.606754e-03;2.570549e-02
3.716396e-02;1.893447e-01;6.874132e-02;3.684441e-01;4.309942e-02;8.578943e-02;7.970656e-02;4.993454e-02;3.788335e-02;1.294693e-02;4.944902e-03;2.200073e-02
3.451590e-02;1.864984e-01;7.218117e-02;3.302326e-01;3.642283e-02;1.716315e-01;4.158393e-02;3.643763e-02;4.341965e-02;1.739754e-02;5.227488e-03;2.445129e-02
2.301455e-02;1.688355e-01;9.992658e-02;2.733190e-01;2.577226e-02;2.528223e-01;1.949858e-02;2.297702e-02;6.121967e-02;1.921454e-02;5.367104e-03;2.803292e-02
1.621666e-02;1.713545e-01;1.056291e-01;2.909690e-01;1.423228e-02;2.546564e-01;1.893631e-02;1.529670e-02;7.114816e-02;9.938594e-03;4.871051e-03;2.675136e-02
2.320463e-02;1.899302e-01;1.154530e-01;3.154387e-01;6.739253e-03;1.860503e-01;3.288426e-02;1.568663e-02;7.118767e-02;1.292810e-02;5.207335e-03;2.528986e-02
3.360438e-02;1.999582e-01;1.425530e-01;2.497192e-01;2.071028e-02;1.176771e-01;9.359533e-02;2.461903e-02;6.365237e-02;1.885778e-02;1.115458e-02;2.389882e-02
7.335863e-02;1.653639e-01;1.972021e-01;1.177367e-01;4.443506e-02;1.016654e-01;1.418574e-01;5.592307e-02;4.550510e-02;2.012886e-02;1.666291e-02;2.016084e-02
1.113190e-01;1.179872e-01;2.102010e-01;5.385906e-02;4.822835e-02;1.847043e-01;9.833930e-02;6.737579e-02;3.205678e-02;2.374871e-02;1.934253e-02;3.283795e-02
1.047747e-01;1.734805e-01;1.191688e-01;8.597355e-02;2.629826e-02;1.861394e-01;9.507647e-02;5.235100e-02;4.127205e-02;2.673494e-02;2.346127e-02;6.526913e-02
7.148027e-02;2.214562e-01;1.249265e-01;1.120989e-01;2.762990e-02;1.167263e-01;1.002450e-01;5.422045e-02;7.290312e-02;3.182407e-02;1.807265e-02;4.841672e-02
4.434265e-02;2.118843e-01;1.685190e-01;9.902640e-02;2.759659e-02;1.099995e-01;9.582306e-02;7.559710e-02;9.323372e-02;3.430121e-02;1.251102e-02;2.716547e-02
3.613686e-02;2.225976e-01;1.936853e-01;6.043957e-02;1.926593e-02;1.049154e-01;8.578445e-02;9.639107e-02;8.915916e-02;2.777321e-02;2.266214e-02;4.118929e-02
4.283128e-02;2.581164e-01;1.923606e-01;6.159625e-02;1.334982e-02;7.594202e-02;1.035884e-01;1.018874e-01;5.725859e-02;2.432117e-02;2.700767e-02;4.174038e-02
3.781903e-02;2.397536e-01;2.060399e-01;8.650067e-02;2.286995e-02;6.028622e-02;9.543861e-02;8.229633e-02;6.474261e-02;3.109449e-02;3.087025e-02;4.228830e-02
5.614710e-02;2.050176e-01;1.689846e-01;6.077521e-02;2.792674e-02;6.328300e-02;6.307899e-02;1.120511e-01;1.162129e-01;4.647040e-02;3.297621e-02;4.707616e-02
6.094691e-02;1.776645e-01;1.050659e-01;4.018968e-02;3.044124e-02;6.042040e-02;1.170862e-01;1.111123e-01;1.607228e-01;5.725355e-02;3.429666e-02;4.479974e-02
4.165988e-02;1.382925e-01;7.397125e-02;4.087611e-02;2.384918e-02;1.034633e-01;2.208288e-01;7.159360e-02;1.391421e-01;5.733794e-02;4.088205e-02;4.810316e-02
5.315332e-02;1.112822e-01;8.256636e-02;4.037069e-02;2.281639e-02;1.276763e-01;2.494701e-01;6.382036e-02;1.206042e-01;4.910674e-02;4.724668e-02;3.188668e-02
7.079289e-02;1.055721e-01;7.566488e-02;4.411026e-02;2.404461e-02;1.699719e-01;2.406486e-01;5.579428e-02;9.484832e-02;4.905470e-02;5.164772e-02;1.784979e-02
6.128488e-02;9.935836e-02;9.868943e-02;3.506436e-02;2.255089e-02;1.379570e-01;2.789169e-01;4.782212e-02;8.985237e-02;5.091271e-02;6.196745e-02;1.562353e-02
5.729993e-02;1.144240e-01;9.731171e-02;2.009091e-02;2.266987e-02;1.052651e-01;2.269202e-01;4.965044e-02;1.276895e-01;5.349397e-02;7.659005e-02;4.859434e-02
3.591089e-02;1.892012e-01;6.473052e-02;1.666391e-02;2.289787e-02;9.502494e-02;1.544765e-01;7.130385e-02;1.560749e-01;5.537294e-02;6.276481e-02;7.557774e-02
3.775470e-02;2.248813e-01;7.958217e-02;1.497337e-02;2.135204e-02;7.277958e-02;1.019146e-01;1.098545e-01;1.759895e-01;5.259395e-02;3.022482e-02;7.809940e-02
4.626366e-02;2.185747e-01;8.934706e-02;2.279453e-02;2.099763e-02;4.811741e-02;9.048006e-02;1.038243e-01;1.786575e-01;5.215910e-02;2.876431e-02;1.000197e-01
4.845099e-02;1.857132e-01;9.374127e-02;2.225372e-02;2.727582e-02;6.052165e-02;6.919459e-02;9.768373e-02;1.761431e-01;6.117291e-02;3.597517e-02;1.218739e-01
2.704759e-02;1.331646e-01;8.889728e-02;2.454059e-02;2.811803e-02;1.428668e-01;6.271951e-02;9.530892e-02;1.822950e-01;5.138407e-02;3.350358e-02;1.301541e-01
2.892025e-02;1.269142e-01;1.707503e-01;4.073010e-02;2.986696e-02;2.308558e-01;7.387101e-02;9.109641e-02;1.067552e-01;1.745895e-02;1.914528e-02;6.363557e-02
1.965963e-02;1.108266e-01;1.833828e-01;1.109892e-01;5.967376e-02;1.514998e-01;9.493165e-02;1.181549e-01;9.874644e-02;1.724467e-02;1.297746e-02;2.191298e-02
7.686024e-03;8.627822e-02;1.235694e-01;2.155711e-01;7.976815e-02;9.762024e-02;1.029337e-01;1.340293e-01;1.025423e-01;1.954160e-02;1.354061e-02;1.691943e-02
8.265928e-03;6.424625e-02;7.062126e-02;2.809641e-01;7.932942e-02;1.202170e-01;1.055854e-01;1.114025e-01;1.025596e-01;2.318590e-02;1.984853e-02;1.377400e-02
1.476976e-02;4.146874e-02;6.587505e-02;2.233174e-01;1.032026e-01;2.184636e-01;7.512642e-02;8.071348e-02;1.059831e-01;2.838180e-02;2.607657e-02;1.662157e-02
1.887653e-02;3.622792e-02;8.478159e-02;1.162011e-01;1.313305e-01;2.854337e-01;6.858230e-02;8.857480e-02;9.751762e-02;2.738342e-02;2.250994e-02;2.258055e-02
1.977688e-02;5.817683e-02;1.032983e-01;1.289060e-01;9.069431e-02;2.578666e-01;7.400806e-02;1.007682e-01;1.005141e-01;2.511704e-02;1.597654e-02;2.489720e-02
2.072084e-02;1.190023e-01;1.331893e-01;1.526928e-01;7.383098e-02;1.775268e-01;4.639728e-02;9.122988e-02;1.216285e-01;2.811456e-02;1.426330e-02;2.140339e-02
3.177157e-02;1.309385e-01;1.374409e-01;1.515756e-01;6.008800e-02;1.409180e-01;5.443047e-02;1.202510e-01;1.056762e-01;2.753836e-02;1.242750e-02;2.694402e-02
3.811085e-02;1.057872e-01;1.461957e-01;1.235541e-01;3.055201e-02;1.471684e-01;7.939322e-02;1.438715e-01;8.724162e-02;2.749293e-02;2.200460e-02;4.862792e-02
5.344462e-02;1.739155e-01;1.626485e-01;8.341428e-02;4.146068e-02;1.478348e-01;6.002682e-02;7.565141e-02;8.149303e-02;3.308992e-02;3.310003e-02;5.392045e-02
6.370184e-02;2.311643e-01;2.035392e-01;5.402336e-02;6.054483e-02;6.279114e-02;6.602247e-02;6.211270e-02;5.765798e-02;2.997443e-02;5.235290e-02;5.611485e-02
6.313335e-02;2.451963e-01;2.136958e-01;3.931715e-02;7.185826e-02;7.017589e-02;6.411667e-02;4.246568e-02;4.353001e-02;2.672285e-02;6.092239e-02;5.886559e-02
4.770405e-02;1.947857e-01;1.900328e-01;5.190178e-02;6.485726e-02;8.294240e-02;6.692160e-02;7.447827e-02;5.277769e-02;4.891124e-02;5.214078e-02;7.254633e-02
8.495241e-02;1.317860e-01;1.276100e-01;5.839885e-02;8.323672e-02;5.698213e-02;6.319518e-02;1.618077e-01;7.511752e-02;3.796635e-02;6.921802e-02;4.972905e-02
1.030643e-01;1.018244e-01;1.094493e-01;4.721444e-02;9.627430e-02;3.795016e-02;6.102123e-02;1.890934e-01;8.168518e-02;3.422834e-02;9.828724e-02;3.990764e-02
1.025087e-01;7.974801e-02;8.396997e-02;3.305292e-02;1.063913e-01;2.564413e-02;4.540620e-02;2.163010e-01;9.467280e-02;3.066228e-02;1.474122e-01;3.423034e-02
7.833302e-02;7.205568e-02;5.445509e-02;2.772166e-02;1.052362e-01;1.866157e-02;2.727203e-02;2.195518e-01;9.875656e-02;3.525684e-02;2.340179e-01;2.868158e-02
5.036815e-02;6.957962e-02;2.478481e-02;6.004862e-02;7.461037e-02;4.689521e-02;2.413289e-02;1.867027e-01;1.465753e-01;4.077237e-02;2.390579e-01;3.647201e-02
3.918944e-02;1.181836e-01;2.555657e-02;9.983838e-02;3.897632e-02;8.593380e-02;1.643838e-02;1.380101e-01;2.229525e-01;5.232817e-02;1.123551e-01;5.023753e-02
2.938535e-02;1.461950e-01;3.928189e-02;9.400455e-02;3.561509e-02;1.003330e-01;2.289147e-02;1.388325e-01;2.271059e-01;7.186782e-02;5.058442e-02;4.390290e-02
4.405767e-02;1.591466e-01;6.185588e-02;8.420780e-02;4.432164e-02;1.078141e-01;2.290471e-02;1.441569e-01;2.023848e-01;6.031568e-02;3.001441e-02;3.881981e-02
5.877889e-02;1.276896e-01;9.484665e-02;9.097511e-02;3.082234e-02;1.529734e-01;3.484166e-02;1.260315e-01;1.616712e-01;3.490661e-02;5.955752e-02;2.690535e-02
4.169660e-02;1.442983e-01;1.000475e-01;6.618115e-02;3.555678e-02;2.253234e-01;2.905719e-02;1.005012e-01;1.192952e-01;3.833686e-02;7.350338e-02;2.620247e-02
4.458212e-02;1.702491e-01;8.485921e-02;6.484964e-02;2.906090e-02;2.639373e-01;2.228499e-02;1.150200e-01;9.384475e-02;2.570120e-02;6.410931e-02;2.150158e-02
5.388004e-02;1.913344e-01;8.797948e-02;8.571737e-02;4.013721e-02;2.393157e-01;2.204663e-02;1.383872e-01;7.083347e-02;1.966227e-02;2.765134e-02;2.305478e-02
6.727196e-02;1.773305e-01;7.610809e-02;6.525575e-02;7.624763e-02;1.831194e-01;5.526756e-02;1.626541e-01;6.939169e-02;1.593465e-02;2.971760e-02;2.170111e-02
5.806727e-02;1.343070e-01;7.335410e-02;4.786602e-02;1.030741e-01;1.678921e-01;7.413153e-02;1.333756e-01;9.976917e-02;4.101849e-02;5.399946e-02;1.314508e-02
6.439527e-02;1.286206e-01;6.448400e-02;3.361599e-02;8.984303e-02;1.372257e-01;1.239530e-01;1.023545e-01;1.202492e-01;8.102036e-02;4.604255e-02;8.195742e-03
9.428785e-02;1.430114e-01;4.317652e-02;1.810283e-02;7.915300e-02;6.966221e-02;1.471398e-01;1.234543e-01;1.343936e-01;1.116632e-01;2.815266e-02;7.802540e-03
1.202853e-01;1.385561e-01;2.267843e-02;1.585491e-02;1.114604e-01;3.145430e-02;1.051866e-01;2.177594e-01;1.131453e-01;8.826021e-02;2.347893e-02;1.188021e-02
1.201424e-01;1.352841e-01;3.841238e-02;1.327990e-02;8.026972e-02;5.845308e-02;7.537802e-02;2.887602e-01;9.825791e-02;5.323283e-02;2.283888e-02;1.569049e-02
8.976578e-02;1.254668e-01;5.464837e-02;1.123130e-02;5.140497e-02;1.663657e-01;7.415392e-02;2.502918e-01;9.504218e-02;4.040454e-02;1.699418e-02;2.423046e-02
5.968310e-02;1.268306e-01;7.530738e-02;2.819517e-02;3.561070e-02;2.476945e-01;8.632255e-02;2.090275e-01;6.799706e-02;1.959188e-02;1.098727e-02;3.275230e-02
3.308938e-02;1.460294e-01;7.389236e-02;5.732962e-02;1.693537e-02;2.092091e-01;1.675425e-01;1.370114e-01;6.348782e-02;3.469424e-02;9.017026e-03;5.176181e-02
2.582185e-02;1.306897e-01;7.566807e-02;6.380178e-02;1.396494e-02;1.009853e-01;2.913566e-01;7.045835e-02;8.984172e-02;4.345310e-02;2.115595e-02;7.280258e-02
4.141140e-02;1.280622e-01;5.551447e-02;3.247825e-02;5.363470e-02;8.632903e-02;2.672416e-01;1.294408e-01;9.905703e-02;1.600429e-02;2.811037e-02;6.271594e-02
4.118165e-02;1.286748e-01;4.939160e-02;2.058566e-02;1.080796e-01;8.044558e-02;1.858227e-01;1.849767e-01;1.092001e-01;1.389718e-02;2.861788e-02;4.912657e-02
3.303975e-02;1.167296e-01;5.656439e-02;1.753389e-02;1.383700e-01;8.175814e-02;1.293013e-01;2.070731e-01;1.228826e-01;1.356751e-02;3.535111e-02;4.782871e-02
2.724658e-02;9.071257e-02;6.118304e-02;1.670402e-02;1.564966e-01;9.515549e-02;1.128962e-01;1.837543e-01;1.502208e-01;2.557088e-02;3.306339e-02;4.699602e-02
2.636007e-02;7.011328e-02;6.677482e-02;2.976260e-02;1.539933e-01;8.986828e-02;1.670226e-01;1.536778e-01;1.164927e-01;4.006004e-02;3.729681e-02;4.857765e-02
2.756662e-02;6.228470e-02;5.378696e-02;6.917975e-02;1.082851e-01;9.147420e-02;2.592555e-01;1.178183e-01;7.206145e-02;3.178059e-02;2.498270e-02;8.152409e-02
2.937081e-02;7.025178e-02;3.513291e-02;1.903583e-01;4.616513e-02;6.558140e-02;2.747502e-01;8.527855e-02;4.597060e-02;2.834310e-02;2.234715e-02;1.064501e-01
5.242482e-02;6.174261e-02;2.296976e-02;2.861820e-01;1.693283e-02;2.920906e-02;2.420724e-01;1.038169e-01;4.056256e-02;2.553217e-02;1.041446e-02;1.081405e-01
7.822201e-02;4.783233e-02;1.864343e-02;3.062299e-01;2.347056e-02;4.158294e-02;2.016659e-01;1.282852e-01;2.873674e-02;2.103975e-02;9.710578e-03;9.458067e-02
1.592314e-01;4.383620e-02;2.595225e-02;2.176014e-01;5.055759e-02;4.468019e-02;1.621681e-01;1.761165e-01;2.361908e-02;1.590088e-02;1.151857e-02;6.881774e-02
2.762496e-01;3.443826e-02;4.703857e-02;7.203115e-02;8.515033e-02;2.777671e-02;1.021656e-01;2.671455e-01;1.959846e-02;9.412255e-03;7.171023e-03;5.182250e-02
3.318262e-01;7.639977e-02;4.672804e-02;1.302698e-02;1.244703e-01;1.424886e-02;4.974033e-02;2.798905e-01;2.157947e-02;3.632607e-03;7.258188e-03;3.119873e-02
3.148147e-01;1.312848e-01;4.735922e-02;1.257448e-02;1.616785e-01;9.011858e-03;2.552637e-02;2.423663e-01;3.331684e-02;4.505308e-03;3.989117e-03;1.357247e-02
2.469470e-01;2.437859e-01;4.394580e-02;1.700324e-02;1.356437e-01;2.179912e-02;2.309186e-02;1.822674e-01;6.279327e-02;6.330520e-03;4.407709e-03;1.198450e-02
1.545498e-01;3.675880e-01;5.437477e-02;3.305075e-02;6.768091e-02;6.256773e-02;2.266186e-02;9.894357e-02;1.133095e-01;6.123706e-03;6.395768e-03;1.275352e-02
7.016475e-02;3.854252e-01;6.932992e-02;5.400980e-02;2.611611e-02;1.697134e-01;2.473591e-02;3.691289e-02;1.441965e-01;3.113771e-03;1.087957e-02;5.402300e-03
2.747776e-02;3.118652e-01;7.409731e-02;6.306212e-02;1.334170e-02;2.832257e-01;3.812776e-02;2.079350e-02;1.404965e-01;1.550268e-02;5.990264e-03;6.019550e-03
1.874160e-02;2.503303e-01;6.793252e-02;5.634278e-02;8.275426e-03;3.205067e-01;8.679465e-02;2.311166e-02;1.353793e-01;1.788349e-02;3.169277e-03;1.153241e-02
1.893506e-02;2.318663e-01;6.972977e-02;5.787766e-02;4.150761e-03;2.818396e-01;1.109888e-01;2.617015e-02;1.353095e-01;2.683928e-02;4.728378e-03;3.156473e-02
2.403990e-02;2.507983e-01;7.394101e-02;7.930234e-02;1.180441e-02;2.171637e-01;5.551591e-02;2.640259e-02;1.333604e-01;3.763476e-02;6.346551e-03;8.369014e-02
2.910591e-02;2.645131e-01;6.553937e-02;1.054559e-01;2.900225e-02;1.847741e-01;2.357060e-02;2.528355e-02;1.060334e-01;2.532179e-02;4.968993e-03;1.364310e-01
3.175981e-02;2.647756e-01;8.013733e-02;1.118266e-01;3.835297e-02;2.086643e-01;1.839881e-02;2.622272e-02;7.644085e-02;9.496858e-03;3.807123e-03;1.301170e-01
3.238697e-02;2.425386e-01;1.541644e-01;9.007846e-02;5.226841e-02;1.853867e-01;1.978772e-02;4.433672e-02;6.694478e-02;2.073276e-02;3.195980e-03;8.817844e-02
3.241305e-02;1.684850e-01;1.459576e-01;2.536986e-01;5.438716e-02;1.185721e-01;3.312479e-02;5.043574e-02;7.723712e-02;3.160835e-02;2.923427e-03;3.115696e-02
2.835305e-02;1.121855e-01;8.011513e-02;3.023393e-01;9.244816e-02;1.106108e-01;7.181481e-02;8.433715e-02;6.505628e-02;3.741580e-02;3.111732e-03;1.221231e-02
2.820588e-02;7.946935e-02;1.101816e-01;2.173535e-01;1.651332e-01;6.937625e-02;8.567766e-02;1.423129e-01;5.639942e-02;3.375917e-02;2.973818e-03;9.157128e-03
2.834714e-02;1.250024e-01;9.697575e-02;2.317192e-01;1.183476e-01;7.881083e-02;7.492642e-02;1.380241e-01;6.005028e-02;2.380547e-02;4.463171e-03;1.952760e-02
2.627950e-02;1.644983e-01;6.198015e-02;3.092745e-01;7.120960e-02;5.337568e-02;1.149720e-01;8.866480e-02;4.375075e-02;3.052022e-02;6.223231e-03;2.925126e-02
2.443143e-02;1.675984e-01;9.002981e-02;2.006008e-01;1.583126e-01;4.238520e-02;1.041277e-01;1.234250e-01;3.150686e-02;2.541598e-02;7.299851e-03;2.486623e-02
2.722971e-02;1.686316e-01;1.762874e-01;6.183610e-02;2.011440e-01;5.035488e-02;6.743098e-02;1.372763e-01;5.534931e-02;1.990537e-02;1.199692e-02;2.255744e-02
3.847022e-02;1.664273e-01;2.727460e-01;2.199318e-02;1.515951e-01;6.618027e-02;6.227817e-02;8.061340e-02;7.469585e-02;2.301229e-02;1.750252e-02;2.448572e-02
6.447201e-02;1.777156e-01;2.645554e-01;3.411803e-02;8.388842e-02;1.062464e-01;7.671624e-02;5.362169e-02;8.112150e-02;2.066202e-02;1.617120e-02;2.071146e-02
7.004076e-02;2.204258e-01;1.671942e-01;4.125965e-02;6.453980e-02;1.255516e-01;8.708804e-02;7.065310e-02;9.826269e-02;2.159734e-02;1.200108e-02;2.138598e-02
3.617641e-02;2.692548e-01;1.089920e-01;9.310408e-02;5.068174e-02;8.487264e-02;7.690410e-02;8.975684e-02;1.248940e-01;2.689695e-02;5.976579e-03;3.248991e-02
5.692689e-02;2.374202e-01;1.244258e-01;1.012207e-01;4.008351e-02;7.241431e-02;7.276256e-02;1.075767e-01;1.082583e-01;2.392506e-02;8.879602e-03;4.610644e-02
6.403521e-02;2.492504e-01;1.139776e-01;6.094949e-02;6.227172e-02;9.431379e-02;6.053849e-02;1.016175e-01;1.023806e-01;1.912693e-02;1.137175e-02;6.016657e-02
6.395870e-02;3.043797e-01;1.691355e-01;5.972226e-02;4.209566e-02;9.632985e-02;3.762395e-02;4.373185e-02;7.774851e-02;2.188860e-02;1.995449e-02;6.343094e-02
1.024270e-01;3.406526e-01;1.869559e-01;5.090961e-02;2.744606e-02;5.486059e-02;3.498008e-02;5.619863e-02;6.167211e-02;2.060292e-02;2.109975e-02;4.219476e-02
1.072998e-01;4.056596e-01;1.652096e-01;2.779956e-02;3.761981e-02;5.120587e-02;2.340515e-02;6.160647e-02;5.898282e-02;1.489786e-02;1.298557e-02;3.332793e-02
6.578938e-02;4.264112e-01;1.579144e-01;1.802122e-02;3.910683e-02;5.559412e-02;4.147528e-02;4.979784e-02;6.321613e-02;1.985067e-02;2.432726e-02;3.849569e-02
8.218725e-02;2.657118e-01;1.264232e-01;3.535253e-02;6.020340e-02;8.811244e-02;8.491972e-02;4.519562e-02;5.814400e-02;5.171196e-02;4.517184e-02;5.686625e-02
9.297080e-02;8.671542e-02;1.254679e-01;3.677660e-02;1.307373e-01;9.669369e-02;5.823933e-02;7.733833e-02;5.444996e-02;8.284812e-02;1.130926e-01;4.467004e-02
6.709209e-02;1.107388e-01;1.210740e-01;4.194161e-02;1.654702e-01;6.811599e-02;2.951804e-02;8.838241e-02;4.859961e-02;9.436463e-02;1.342874e-01;3.041523e-02
4.805432e-02;1.403841e-01;1.181729e-01;5.661033e-02;1.599642e-01;4.490493e-02;6.284597e-02;8.512465e-02;5.768796e-02;8.803505e-02;1.118334e-01;2.638227e-02
3.698200e-02;1.453224e-01;6.765315e-02;7.812846e-02;1.067853e-01;8.980441e-02;1.209594e-01;7.648864e-02;9.538089e-02;4.951680e-02;7.434346e-02;5.863507e-02
6.755561e-02;1.248953e-01;7.865075e-02;6.428483e-02;1.021275e-01;7.541370e-02;1.538925e-01;1.368241e-01;5.679100e-02;3.569639e-02;4.541717e-02;5.845118e-02
1.018443e-01;1.428432e-01;8.116435e-02;4.738895e-02;1.193274e-01;4.602911e-02;1.029060e-01;2.112454e-01;3.682663e-02;2.841422e-02;4.835061e-02;3.365980e-02
1.218875e-01;1.605044e-01;7.556334e-02;1.932612e-02;1.811548e-01;2.117876e-02;4.080917e-02;2.517076e-01;3.429472e-02;1.685269e-02;6.600364e-02;1.071728e-02
1.274321e-01;1.684138e-01;3.705829e-02;1.108665e-02;2.639025e-01;1.147740e-02;2.881920e-02;2.192801e-01;4.830897e-02;1.669809e-02;6.172049e-02;5.802406e-03
1.285343e-01;1.791632e-01;3.993110e-02;1.754262e-02;2.924569e-01;2.386937e-02;2.644811e-02;1.581797e-01;6.682570e-02;2.318807e-02;3.651049e-02;7.350342e-03
1.316047e-01;1.981149e-01;5.237243e-02;2.833149e-02;2.707504e-01;1.887243e-02;2.157643e-02;1.327351e-01;7.959098e-02;3.503481e-02;1.984286e-02;1.117345e-02
1.365714e-01;2.354980e-01;8.293250e-02;2.815252e-02;2.089628e-01;4.262967e-02;1.959891e-02;1.070872e-01;7.239983e-02;3.466494e-02;1.674053e-02;1.476166e-02
1.381325e-01;2.570135e-01;1.051247e-01;3.296316e-02;1.394507e-01;7.571653e-02;3.940444e-02;7.216477e-02;4.965124e-02;4.196053e-02;2.127930e-02;2.713863e-02
1.118744e-01;2.407048e-01;8.474127e-02;2.478329e-02;1.422421e-01;3.926102e-02;3.646317e-02;1.595095e-01;4.322516e-02;4.607031e-02;4.612161e-02;2.500345e-02
1.112306e-01;2.101898e-01;7.035550e-02;1.996036e-02;1.859430e-01;4.443233e-02;1.334127e-02;1.926096e-01;4.169750e-02;4.568011e-02;4.413554e-02;2.042430e-02
1.145663e-01;2.445369e-01;9.101481e-02;2.239609e-02;1.641051e-01;4.140382e-02;2.258351e-02;1.648763e-01;4.872828e-02;3.904065e-02;2.953202e-02;1.721617e-02
1.047117e-01;2.703514e-01;1.011883e-01;3.740127e-02;8.909542e-02;3.065775e-02;4.438791e-02;1.929601e-01;5.558392e-02;3.634088e-02;1.992967e-02;1.739170e-02
1.144557e-01;2.748283e-01;9.368247e-02;4.115597e-02;8.572514e-02;4.096416e-02;4.729070e-02;1.653805e-01;4.823785e-02;2.541464e-02;5.261747e-02;1.024701e-02
1.147098e-01;2.350567e-01;5.406453e-02;4.667026e-02;7.866162e-02;8.300136e-02;5.514976e-02;7.956152e-02;4.990214e-02;6.820407e-02;9.396425e-02;4.105402e-02
6.526038e-02;1.631097e-01;1.403970e-01;8.989013e-02;9.899066e-02;9.258000e-02;4.402920e-02;3.833144e-02;2.872239e-02;6.218203e-02;1.530825e-01;2.342452e-02
3.860543e-02;1.120211e-01;1.789111e-01;1.368806e-01;1.029490e-01;8.715312e-02;2.882515e-02;4.079391e-02;1.807341e-02;5.323413e-02;1.868485e-01;1.570442e-02
2.430470e-02;9.308362e-02;1.411256e-01;2.150912e-01;1.203288e-01;7.044710e-02;1.976042e-02;3.677254e-02;1.138737e-02;3.894300e-02;2.143327e-01;1.442298e-02
1.549706e-02;7.849877e-02;6.671491e-02;3.228639e-01;1.446962e-01;7.169244e-02;1.934907e-02;3.510466e-02;7.298460e-03;1.757474e-02;2.103286e-01;1.038115e-02
1.091611e-02;7.583314e-02;1.173127e-01;3.611754e-01;1.243064e-01;8.188529e-02;1.862802e-02;2.213044e-02;5.169347e-03;6.785931e-03;1.702498e-01;5.607424e-03
1.124859e-02;7.925234e-02;1.621837e-01;3.803009e-01;1.105858e-01;6.972707e-02;1.103285e-02;1.189032e-02;2.701379e-03;8.181958e-03;1.490684e-01;3.826690e-03
2.306968e-02;7.648002e-02;2.282779e-01;3.550654e-01;1.157701e-01;3.877443e-02;2.028601e-02;1.159253e-02;3.043154e-03;5.840844e-03;1.155320e-01;6.267845e-03
3.677404e-02;5.200546e-02;3.245064e-01;2.751333e-01;1.003695e-01;3.285766e-02;3.580786e-02;2.064621e-02;8.443222e-03;2.538097e-02;7.885665e-02;9.218731e-03
4.686585e-02;1.229407e-01;3.754436e-01;1.293236e-01;6.383964e-02;5.241260e-02;7.156187e-02;2.978121e-02;1.082301e-02;4.797162e-02;4.380044e-02;5.235829e-03
5.335410e-02;1.724877e-01;3.460017e-01;3.443444e-02;5.766132e-02;5.389280e-02;1.148833e-01;4.919188e-02;2.894717e-02;5.122488e-02;2.105073e-02;1.687003e-02
7.362415e-02;1.970076e-01;2.261577e-01;6.182841e-02;5.075159e-02;3.611829e-02;1.186344e-01;7.419747e-02;5.130582e-02;4.741716e-02;3.697672e-02;2.598073e-02
1.127623e-01;1.419035e-01;8.633990e-02;1.207369e-01;5.529289e-02;5.145438e-02;8.568818e-02;1.059749e-01;6.375164e-02;7.746639e-02;6.471543e-02;3.391367e-02
9.487496e-02;1.211009e-01;1.024842e-01;1.221035e-01;6.273919e-02;5.914512e-02;6.752566e-02;1.172370e-01;5.681262e-02;9.271642e-02;6.629158e-02;3.696891e-02
6.793692e-02;1.354573e-01;1.057007e-01;9.487361e-02;6.041598e-02;6.748023e-02;9.547508e-02;1.061803e-01;8.318032e-02;9.011208e-02;6.795726e-02;2.523027e-02
6.836086e-02;1.233313e-01;8.687790e-02;5.737304e-02;9.384888e-02;6.145434e-02;1.005611e-01;1.000441e-01;1.082060e-01;1.131257e-01;6.317607e-02;2.364060e-02
6.569776e-02;1.366183e-01;1.097770e-01;7.326511e-02;1.021600e-01;5.716616e-02;9.008295e-02;8.568418e-02;1.282210e-01;7.354505e-02;4.538860e-02;3.239378e-02
4.554344e-02;1.223900e-01;6.844179e-02;1.070597e-01;1.085202e-01;6.523028e-02;1.380280e-01;9.134335e-02;1.246424e-01;6.120063e-02;3.883012e-02;2.877013e-02
4.455058e-02;1.172107e-01;8.540066e-02;1.018861e-01;1.186334e-01;5.724737e-02;1.464982e-01;1.166444e-01;8.299237e-02;6.849044e-02;4.085981e-02;1.958593e-02
5.094324e-02;1.290400e-01;9.376362e-02;1.165761e-01;1.396208e-01;4.455128e-02;1.067260e-01;1.242042e-01;7.486339e-02;6.766319e-02;3.261925e-02;1.942902e-02
4.157842e-02;1.520559e-01;1.339140e-01;1.304241e-01;1.476616e-01;5.752894e-02;5.875123e-02;1.081161e-01;6.332589e-02;6.663524e-02;2.589847e-02;1.411001e-02
3.831001e-02;1.069955e-01;1.775721e-01;1.321474e-01;1.368578e-01;6.432572e-02;9.415676e-02;8.707467e-02;3.780245e-02;7.920180e-02;2.431100e-02;2.124487e-02
4.427527e-02;1.213283e-01;1.893362e-01;1.246275e-01;1.187082e-01;7.489105e-02;7.202050e-02;7.004695e-02;4.072551e-02;8.222237e-02;2.869547e-02;3.312254e-02
4.481922e-02;1.509107e-01;1.873501e-01;9.768044e-02;1.190955e-01;7.289041e-02;6.022777e-02;6.054019e-02;6.153637e-02;6.734868e-02;3.569308e-02;4.190754e-02
4.764902e-02;1.241420e-01;1.392266e-01;6.138543e-02;1.426926e-01;9.610613e-02;9.842121e-02;7.941756e-02;5.291765e-02;5.957218e-02;5.443440e-02;4.403509e-02
3.760051e-02;9.654137e-02;8.590815e-02;7.469925e-02;1.668230e-01;1.032594e-01;9.798253e-02;1.141831e-01;4.912316e-02;6.655595e-02;6.929244e-02;3.803121e-02
3.613102e-02;1.157846e-01;1.059163e-01;7.340910e-02;1.461337e-01;8.797433e-02;8.665767e-02;1.093548e-01;5.751092e-02;7.294777e-02;8.257558e-02;2.560427e-02
5.091226e-02;9.138417e-02;1.385751e-01;7.908189e-02;9.765127e-02;1.277269e-01;7.482257e-02;1.070117e-01;4.302236e-02;5.934803e-02;9.724610e-02;3.321772e-02
3.312833e-02;1.397974e-01;1.767727e-01;4.763752e-02;5.993524e-02;1.195122e-01;7.029884e-02;1.403346e-01;7.152452e-02;5.981566e-02;4.959448e-02;3.164838e-02
2.460681e-02;1.582141e-01;1.428277e-01;2.038751e-02;6.018988e-02;1.409117e-01;9.586962e-02;1.612994e-01;8.932332e-02;5.188463e-02;3.521907e-02;1.926632e-02
2.444211e-02;1.360974e-01;4.349378e-02;5.768095e-02;1.004315e-01;1.320475e-01;1.868436e-01;1.412258e-01;1.004951e-01;3.185233e-02;2.991270e-02;1.547733e-02
2.023244e-02;6.155037e-02;5.042014e-02;8.053401e-02;1.291915e-01;1.137599e-01;2.877425e-01;1.067921e-01;6.377007e-02;2.243800e-02;2.771025e-02;3.585876e-02
2.259159e-02;3.824509e-02;3.913715e-02;6.411189e-02;1.295034e-01;1.487580e-01;3.176499e-01;9.038448e-02;5.372792e-02;1.512421e-02;3.246010e-02;4.830623e-02
2.372880e-02;2.934843e-02;3.766473e-02;3.832206e-02;1.363338e-01;2.294864e-01;2.964025e-01;5.589579e-02;4.175116e-02;7.053616e-03;3.976244e-02;6.425033e-02
1.731927e-02;2.437468e-02;5.973249e-02;1.127666e-02;1.304027e-01;3.495753e-01;2.318883e-01;3.875528e-02;2.464345e-02;7.372342e-03;3.947789e-02;6.518164e-02
1.207387e-02;2.101546e-02;8.189284e-02;2.727629e-02;1.118022e-01;3.699088e-01;2.005926e-01;4.404162e-02;2.910961e-02;1.059311e-02;2.980510e-02;6.188854e-02
7.687154e-03;1.856317e-02;8.581267e-02;1.226352e-01;6.904989e-02;2.048412e-01;3.103332e-01;3.922512e-02;2.768847e-02;9.502362e-03;1.402079e-02;9.064081e-02
9.004578e-03;1.575083e-02;5.802233e-02;2.271380e-01;2.975254e-02;7.575196e-02;3.883469e-01;3.972055e-02;1.693616e-02;9.627662e-03;1.176580e-02;1.181827e-01
9.366644e-03;1.666118e-02;4.676193e-02;3.139851e-01;1.812173e-02;4.125201e-02;3.458472e-01;5.016103e-02;7.820852e-03;1.329609e-02;1.195359e-02;1.247727e-01
2.217664e-02;1.599834e-02;4.042814e-02;3.432303e-01;1.450001e-02;4.570844e-02;2.722388e-01;8.654766e-02;1.052254e-02;1.819384e-02;7.493861e-03;1.229613e-01
6.357387e-02;2.343184e-02;2.289219e-02;2.567339e-01;2.143849e-02;6.584305e-02;2.356054e-01;1.613539e-01;1.192453e-02;1.834477e-02;8.266443e-03;1.105916e-01
1.325281e-01;3.183817e-02;1.664031e-02;1.295890e-01;4.307146e-02;8.333445e-02;1.693997e-01;2.608629e-01;1.311449e-02;1.469283e-02;1.124161e-02;9.368696e-02
2.200959e-01;3.726701e-02;2.562964e-02;2.752304e-02;6.987927e-02;6.173604e-02;1.092998e-01;3.479924e-01;1.491318e-02;1.274403e-02;8.459879e-03;6.445986e-02
2.716895e-01;5.835314e-02;3.892784e-02;1.951835e-02;1.067296e-01;3.493625e-02;4.828422e-02;3.330979e-01;2.706821e-02;1.000161e-02;9.503263e-03;4.189019e-02
2.724606e-01;1.237532e-01;3.986473e-02;2.625445e-02;1.197321e-01;3.076724e-02;4.062235e-02;2.733689e-01;4.054093e-02;1.112283e-02;3.075021e-03;1.843767e-02
2.428612e-01;1.957538e-01;4.231586e-02;2.238422e-02;9.929909e-02;5.005445e-02;4.148830e-02;2.220409e-01;5.776595e-02;9.156937e-03;5.807295e-03;1.107194e-02
2.049251e-01;2.205134e-01;8.914231e-02;5.495201e-02;6.492332e-02;5.392995e-02;5.241410e-02;1.555083e-01;6.744856e-02;8.549835e-03;8.951078e-03;1.874194e-02
1.915432e-01;2.081799e-01;1.223980e-01;3.128688e-02;1.363075e-01;5.369559e-02;6.711310e-02;9.119014e-02;5.940837e-02;5.804804e-03;1.283203e-02;2.024052e-02
2.099376e-01;1.472734e-01;9.087595e-02;2.523495e-02;1.969824e-01;4.167665e-02;9.654554e-02;1.081540e-01;4.276891e-02;6.629626e-03;1.137171e-02;2.254934e-02
1.879508e-01;9.384724e-02;8.254609e-02;1.467690e-01;1.633577e-01;6.950471e-02;9.154689e-02;8.001209e-02;2.742431e-02;9.091994e-03;1.584140e-02;3.210783e-02
1.221931e-01;7.418381e-02;8.468390e-02;3.085557e-01;6.851201e-02;7.020933e-02;1.093039e-01;7.009640e-02;3.591694e-02;1.140015e-02;2.376991e-02;2.117489e-02
