7.409380e-02;7.104032e-02;1.232020e-01;7.828429e-02;7.826574e-02;6.283493e-02;1.591237e-01;7.714852e-02;7.334632e-02;6.844400e-02;8.130392e-02;5.291246e-02
6.221430e-02;6.715970e-02;8.856277e-02;6.641456e-02;6.656746e-02;4.028246e-02;1.348641e-01;1.089664e-01;1.416391e-01;8.896326e-02;9.406921e-02;4.029668e-02
6.229826e-02;7.358526e-02;7.917656e-02;6.287963e-02;1.100651e-01;4.183273e-02;1.033793e-01;1.243698e-01;1.139463e-01;1.199028e-01;6.903991e-02;3.952443e-02
7.459991e-02;8.071271e-02;1.170185e-01;5.372308e-02;1.044619e-01;6.116515e-02;1.234694e-01;6.803408e-02;8.444212e-02;1.249021e-01;4.033097e-02;6.713998e-02
1.048430e-01;1.202409e-01;1.101617e-01;6.591389e-02;8.479460e-02;3.962723e-02;1.549121e-01;5.124730e-02;7.725388e-02;6.825908e-02;7.978229e-02;4.296399e-02
1.194070e-01;1.146507e-01;7.001439e-02;6.550989e-02;7.900263e-02;4.721198e-02;1.485195e-01;5.484523e-02;1.004807e-01;5.427985e-02;8.965261e-02;5.642556e-02
1.366415e-01;9.757730e-02;5.197290e-02;7.668198e-02;6.285706e-02;4.676840e-02;1.445830e-01;8.422411e-02;1.205662e-01;4.409011e-02;9.022973e-02;4.380761e-02
1.215298e-01;6.323664e-02;8.163594e-02;7.582755e-02;5.678233e-02;6.556379e-02;1.241261e-01;1.124067e-01;1.104031e-01;8.512492e-02;6.333927e-02;4.002385e-02
1.004832e-01;6.488015e-02;9.435661e-02;5.435887e-02;5.935780e-02;6.150872e-02;8.554927e-02;1.080255e-01;1.392634e-01;8.980349e-02;8.445911e-02;5.795383e-02
9.800771e-02;4.692972e-02;6.894611e-02;3.981390e-02;8.052384e-02;5.545159e-02;6.957059e-02;1.470576e-01;1.809502e-01;6.035618e-02;1.120974e-01;4.029516e-02
7.358412e-02;3.037013e-02;4.689914e-02;4.615173e-02;8.354177e-02;4.537286e-02;9.776437e-02;1.834406e-01;1.800995e-01;4.818922e-02;1.013950e-01;6.319163e-02
3.473936e-02;2.393983e-02;6.575464e-02;4.755558e-02;6.864848e-02;5.817482e-02;1.164905e-01;1.713712e-01;2.194958e-01;4.539075e-02;6.485254e-02;8.358659e-02
4.354925e-02;3.906623e-02;8.651512e-02;4.940152e-02;6.631656e-02;6.578840e-02;1.131302e-01;1.620405e-01;2.117754e-01;6.674926e-02;2.133122e-02;7.433634e-02
7.657118e-02;6.635705e-02;1.074845e-01;3.679765e-02;8.510967e-02;5.782304e-02;8.548730e-02;1.307767e-01;2.007709e-01;6.929532e-02;3.669866e-02;4.682797e-02
9.646507e-02;8.193959e-02;7.666891e-02;4.669045e-02;1.089280e-01;3.829693e-02;9.497999e-02;1.174204e-01;1.607464e-01;4.800013e-02;6.332775e-02;6.653631e-02
8.018282e-02;5.370346e-02;7.228326e-02;2.905603e-02;1.025760e-01;5.955673e-02;1.049562e-01;1.422297e-01;1.275589e-01;3.926815e-02;1.283682e-01;6.026056e-02
6.369967e-02;3.506196e-02;7.472009e-02;2.244390e-02;1.016408e-01;6.107995e-02;1.195549e-01;1.432093e-01;1.297894e-01;3.034813e-02;1.535070e-01;6.494491e-02
6.498266e-02;3.987066e-02;9.462016e-02;4.671985e-02;1.146175e-01;7.095985e-02;7.781585e-02;1.196851e-01;1.389702e-01;4.490226e-02;1.264545e-01;6.040146e-02
8.795884e-02;2.910826e-02;8.121397e-02;4.444403e-02;1.110581e-01;4.642304e-02;1.127332e-01;1.669801e-01;1.580832e-01;6.109339e-02;8.161996e-02;1.928395e-02
7.266470e-02;3.114691e-02;1.045760e-01;4.972280e-02;7.684548e-02;3.561980e-02;1.039578e-01;2.065674e-01;1.772690e-01;8.893762e-02;3.804253e-02;1.464999e-02
5.419353e-02;4.098485e-02;1.671887e-01;4.607223e-02;7.094289e-02;3.914239e-02;8.227737e-02;1.753848e-01;1.734318e-01;6.354193e-02;5.851728e-02;2.832227e-02
8.793919e-02;6.355175e-02;1.389743e-01;3.739229e-02;5.956393e-02;2.849763e-02;1.151017e-01;9.870838e-02;1.487683e-01;7.695165e-02;8.143757e-02;6.311335e-02
1.282320e-01;6.197519e-02;1.212690e-01;3.705277e-02;4.637370e-02;3.939853e-02;5.365247e-02;7.941197e-02;1.164332e-01;1.176953e-01;1.050684e-01;9.343750e-02
1.837898e-01;1.086558e-01;1.236819e-01;4.232480e-02;3.250229e-02;4.102938e-02;3.422438e-02;7.820845e-02;6.352801e-02;1.040686e-01;9.153605e-02;9.645061e-02
2.700763e-01;1.714396e-01;1.248478e-01;3.803159e-02;4.334054e-02;2.193125e-02;2.447733e-02;7.527225e-02;2.720853e-02;2.743808e-02;1.156717e-01;6.026500e-02
3.308008e-01;1.751258e-01;8.886060e-02;2.950495e-02;5.009962e-02;9.064136e-03;4.756745e-02;7.152364e-02;1.983721e-02;3.751316e-02;1.052756e-01;3.482694e-02
3.646019e-01;1.401923e-01;7.385504e-02;3.713745e-02;5.414027e-02;9.896764e-03;5.272695e-02;6.841838e-02;2.864823e-02;5.710843e-02;7.277202e-02;4.050224e-02
3.422678e-01;9.096002e-02;7.455989e-02;6.419606e-02;5.948589e-02;1.630254e-02;6.733701e-02;5.548393e-02;2.443643e-02;9.240300e-02;3.178039e-02;8.078708e-02
2.887002e-01;3.940086e-02;4.921239e-02;1.024942e-01;7.468769e-02;2.043305e-02;9.067864e-02;5.095121e-02;2.654609e-02;1.402902e-01;1.223287e-02;1.043726e-01
2.488560e-01;2.971746e-02;5.112485e-02;1.169391e-01;9.221560e-02;2.217332e-02;8.992976e-02;5.676505e-02;3.573257e-02;1.622207e-01;2.273846e-02;7.158706e-02
2.553011e-01;3.182562e-02;5.698748e-02;1.216505e-01;1.051143e-01;2.134932e-02;7.889666e-02;5.718503e-02;3.687439e-02;1.571200e-01;2.269117e-02;5.500449e-02
2.653481e-01;3.515736e-02;4.627783e-02;1.208084e-01;1.243954e-01;2.220337e-02;7.426641e-02;5.952555e-02;2.681653e-02;1.375477e-01;3.690482e-02;5.074853e-02
2.683937e-01;3.012308e-02;5.564088e-02;1.273414e-01;1.483526e-01;2.186364e-02;7.060516e-02;5.775756e-02;2.967347e-02;1.237825e-01;3.103537e-02;3.543064e-02
2.461763e-01;2.121679e-02;7.820187e-02;1.306004e-01;1.614220e-01;2.668378e-02;7.268677e-02;6.245220e-02;3.397799e-02;1.155404e-01;2.031684e-02;3.072461e-02
2.049456e-01;1.873179e-02;1.016443e-01;1.309832e-01;1.578860e-01;3.176145e-02;7.200119e-02;7.826518e-02;3.707973e-02;1.139957e-01;2.094380e-02;3.176194e-02
1.638065e-01;1.397508e-02;1.464254e-01;1.328744e-01;1.397113e-01;2.463734e-02;6.800701e-02;1.043192e-01;4.004353e-02;1.087300e-01;2.684463e-02;3.062556e-02
1.284728e-01;1.228765e-02;1.704587e-01;1.184922e-01;1.394095e-01;3.327433e-02;7.740688e-02;1.308717e-01;3.748214e-02;9.141095e-02;3.757377e-02;2.285939e-02
9.338382e-02;8.812876e-03;1.437030e-01;1.216614e-01;2.054699e-01;1.855074e-02;8.434635e-02;1.752966e-01;3.257095e-02;7.175910e-02;3.136542e-02;1.307989e-02
8.120130e-02;1.192335e-02;8.358043e-02;8.455889e-02;2.575662e-01;2.989814e-02;9.955247e-02;2.155063e-01;3.597264e-02;5.033053e-02;3.755281e-02;1.235691e-02
8.961271e-02;1.880043e-02;4.709277e-02;5.076567e-02;2.474987e-01;4.659413e-02;1.145137e-01;2.373872e-01;4.142914e-02;3.465378e-02;5.709794e-02;1.455395e-02
8.472541e-02;2.359018e-02;2.895363e-02;2.974452e-02;1.945599e-01;4.193433e-02;1.506209e-01;2.361428e-01;8.721691e-02;3.103831e-02;7.712812e-02;1.434499e-02
5.636313e-02;4.026135e-02;4.215224e-02;2.230954e-02;1.253801e-01;5.116831e-02;1.547001e-01;1.903166e-01;1.925994e-01;3.661091e-02;6.871466e-02;1.942362e-02
3.884697e-02;6.015887e-02;5.410798e-02;2.802309e-02;8.705094e-02;8.873055e-02;1.061494e-01;1.114795e-01;3.015326e-01;3.716756e-02;4.445951e-02;4.229300e-02
4.798831e-02;7.565011e-02;6.727663e-02;3.675509e-02;9.164011e-02;1.017815e-01;8.401237e-02;9.161666e-02;2.781352e-01;3.547346e-02;3.320367e-02;5.646684e-02
8.687194e-02;8.542564e-02;1.015534e-01;4.971478e-02;1.080649e-01;7.602473e-02;8.642315e-02;9.148020e-02;1.754636e-01;4.981318e-02;3.188792e-02;5.727655e-02
9.170476e-02;8.726003e-02;1.384006e-01;6.920729e-02;1.247836e-01;4.366804e-02;9.068682e-02;9.193777e-02;1.123468e-01;5.148167e-02;3.908721e-02;5.943538e-02
6.879289e-02;7.374617e-02;1.406234e-01;6.360220e-02;1.312233e-01;7.386056e-02;1.017395e-01;8.751573e-02;1.016759e-01;6.606641e-02;3.985972e-02;5.129426e-02
7.086021e-02;5.711641e-02;8.697026e-02;1.418007e-01;1.414301e-01;6.864215e-02;8.974405e-02;1.014980e-01;6.032349e-02;7.913117e-02;6.185632e-02;4.062717e-02
2.844527e-02;4.878474e-02;9.235770e-02;1.692412e-01;1.667240e-01;4.417709e-02;7.042862e-02;9.430689e-02;6.118247e-02;1.213595e-01;5.654040e-02;4.645213e-02
3.405650e-02;3.477840e-02;6.747755e-02;1.397745e-01;1.924088e-01;4.288778e-02;6.491102e-02;6.501104e-02;1.124912e-01;1.399131e-01;3.736230e-02;6.892783e-02
4.197565e-02;2.072524e-02;5.877526e-02;8.399067e-02;1.834282e-01;7.611214e-02;7.103249e-02;3.720489e-02;2.163702e-01;9.961231e-02;3.645445e-02;7.431857e-02
6.982532e-02;1.993452e-02;5.193383e-02;3.379320e-02;1.548102e-01;1.228012e-01;7.352245e-02;2.506532e-02;2.652757e-01;7.582400e-02;4.800770e-02;5.920649e-02
1.054137e-01;2.690352e-02;4.828789e-02;2.169750e-02;1.392271e-01;1.636109e-01;7.659131e-02;3.018538e-02;2.148232e-01;8.500027e-02;5.069055e-02;3.756869e-02
1.176847e-01;2.203503e-02;4.493143e-02;4.337551e-02;1.519069e-01;1.622026e-01;9.925914e-02;4.808112e-02;1.557906e-01;1.035265e-01;3.370932e-02;1.749707e-02
9.700913e-02;3.560470e-02;8.874270e-02;6.985518e-02;1.433030e-01;1.085121e-01;1.204265e-01;7.260153e-02;1.026492e-01;9.429474e-02;3.703872e-02;2.996252e-02
5.577043e-02;5.313462e-02;1.058641e-01;7.736901e-02;1.391223e-01;7.295930e-02;1.247949e-01;6.378749e-02;1.291621e-01;9.119031e-02;5.270717e-02;3.413830e-02
6.342684e-02;4.449550e-02;1.040792e-01;1.015661e-01;1.718604e-01;1.007066e-01;9.100003e-02;7.336693e-02;1.218669e-01;5.408457e-02;3.267486e-02;4.087218e-02
5.551720e-02;3.470234e-02;8.680370e-02;1.312964e-01;2.255913e-01;8.326101e-02;8.534067e-02;8.290228e-02;7.314312e-02;5.139044e-02;4.908094e-02;4.097056e-02
6.465337e-02;4.187205e-02;7.627834e-02;1.306778e-01;2.160702e-01;1.040278e-01;8.055144e-02;6.405433e-02;5.545609e-02;7.416268e-02;5.665964e-02;3.553614e-02
7.136900e-02;4.015480e-02;4.616004e-02;1.250139e-01;1.278072e-01;1.160357e-01;7.573576e-02;7.034198e-02;1.537506e-01;8.957593e-02;6.301485e-02;2.104028e-02
4.808024e-02;2.412707e-02;6.449003e-02;1.075415e-01;1.223332e-01;9.275068e-02;8.565620e-02;9.424888e-02;1.862247e-01;1.074815e-01;4.218725e-02;2.487871e-02
2.081922e-02;2.406236e-02;6.085814e-02;1.121271e-01;1.461919e-01;9.973374e-02;9.861007e-02;8.403167e-02;1.980588e-01;1.022610e-01;3.034157e-02;2.290431e-02
7.931598e-02;4.683479e-02;6.337415e-02;1.144882e-01;9.682611e-02;1.205097e-01;9.683568e-02;6.114787e-02;1.393036e-01;8.513664e-02;6.187245e-02;3.435489e-02
8.823308e-02;3.232013e-02;5.597565e-02;1.173646e-01;1.443960e-01;1.242783e-01;9.197551e-02;8.164027e-02;8.108896e-02;8.968076e-02;3.531711e-02;5.772969e-02
7.148207e-02;3.194347e-02;6.012891e-02;9.919333e-02;1.424122e-01;1.156923e-01;8.836902e-02;1.086580e-01;1.100491e-01;7.230866e-02;3.952330e-02;6.023958e-02
5.277069e-02;2.937686e-02;7.421978e-02;8.921638e-02;1.198676e-01;1.226144e-01;7.484827e-02;1.065316e-01;1.157431e-01;1.021680e-01;6.978293e-02;4.286024e-02
3.296527e-02;3.004164e-02;3.500713e-02;8.432923e-02;6.674585e-02;1.104429e-01;6.988425e-02;7.853748e-02;1.950701e-01;1.480164e-01;1.062630e-01;4.269681e-02
3.301937e-02;3.213103e-02;6.783297e-02;7.039229e-02;9.579421e-02;9.060227e-02;8.341936e-02;9.003641e-02;1.845238e-01;1.172937e-01;9.013262e-02;4.482200e-02
4.949235e-02;3.853913e-02;8.010352e-02;4.794230e-02;1.024464e-01;9.313302e-02;7.887407e-02;7.848405e-02;1.868358e-01;1.131720e-01;8.909740e-02;4.187987e-02
5.173535e-02;4.533773e-02;6.744595e-02;8.470171e-02;1.025966e-01;7.251544e-02;7.295317e-02;6.723696e-02;1.745202e-01;1.288419e-01;8.730721e-02;4.480788e-02
4.966199e-02;5.600333e-02;8.619938e-02;8.474161e-02;8.810691e-02;8.215337e-02;8.550575e-02;7.720280e-02;1.331816e-01;1.319222e-01;6.541947e-02;5.990153e-02
7.415388e-02;4.871847e-02;9.616806e-02;6.504191e-02;1.068888e-01;6.787130e-02;1.035784e-01;1.090787e-01;1.704543e-01;7.401823e-02;4.542921e-02;3.859856e-02
7.573790e-02;5.152561e-02;9.281667e-02;7.915237e-02;8.103838e-02;5.068380e-02;9.715002e-02;9.628379e-02;1.499310e-01;9.491761e-02;7.470635e-02;5.605650e-02
7.474816e-02;5.544258e-02;9.512807e-02;8.631972e-02;6.834570e-02;4.897314e-02;9.944388e-02;8.677811e-02;1.386619e-01;1.033416e-01;7.916740e-02;6.364983e-02
7.586803e-02;6.042544e-02;9.373008e-02;7.599330e-02;5.348058e-02;4.385863e-02;9.960780e-02;6.813797e-02;1.631795e-01;1.341466e-01;6.972913e-02;6.184292e-02
5.483143e-02;6.090843e-02;8.244772e-02;4.664956e-02;4.289038e-02;4.959770e-02;7.521186e-02;8.913076e-02;2.538211e-01;1.415137e-01;5.480969e-02;4.818768e-02
5.092403e-02;4.275085e-02;7.905970e-02;5.561169e-02;4.371765e-02;5.558032e-02;7.577307e-02;1.285694e-01;2.829183e-01;9.030607e-02;5.399327e-02;4.079565e-02
7.879265e-02;4.975215e-02;4.724296e-02;6.031451e-02;4.076725e-02;5.262475e-02;1.047591e-01;1.516586e-01;2.120141e-01;8.558253e-02;8.610354e-02;3.038781e-02
8.127645e-02;6.378061e-02;6.073302e-02;7.922196e-02;5.219716e-02;6.506456e-02;1.232637e-01;1.338546e-01;1.252551e-01;5.531950e-02;1.083429e-01;5.169047e-02
7.691095e-02;6.786089e-02;6.199109e-02;8.379599e-02;1.047530e-01;7.949676e-02;1.403698e-01;9.283918e-02;4.585127e-02;8.833224e-02;1.044880e-01;5.331079e-02
7.729518e-02;4.274378e-02;3.231395e-02;7.900465e-02;1.656270e-01;8.284833e-02;1.452444e-01;6.731525e-02;7.156426e-02;1.258882e-01;6.536927e-02;4.478570e-02
6.363300e-02;5.025201e-02;6.075485e-02;9.891036e-02;2.001045e-01;6.229017e-02;1.225538e-01;5.396799e-02;8.390532e-02;8.878059e-02;6.040583e-02;5.444160e-02
8.545195e-02;7.843836e-02;5.865593e-02;1.325692e-01;1.867263e-01;4.171339e-02;8.033030e-02;6.413996e-02;1.020823e-01;4.843346e-02;5.434469e-02;6.711420e-02
8.951344e-02;9.365470e-02;4.350943e-02;1.485541e-01;1.268474e-01;3.550994e-02;9.870404e-02;8.140045e-02;1.113035e-01;6.615224e-02;3.688693e-02;6.796372e-02
6.133822e-02;9.535509e-02;7.751717e-02;6.242259e-02;8.756400e-02;6.144410e-02;1.460919e-01;6.644475e-02;1.373336e-01;5.330532e-02;6.587497e-02;8.530826e-02
7.876091e-02;6.782299e-02;5.858469e-02;8.807760e-02;6.612117e-02;6.460132e-02;1.145155e-01;6.320774e-02;2.040242e-01;5.280319e-02;5.340504e-02;8.807558e-02
9.311055e-02;6.305333e-02;8.224351e-02;8.500285e-02;4.543997e-02;6.480323e-02;1.144560e-01;7.707644e-02;1.701452e-01;9.339252e-02;4.649444e-02;6.478198e-02
7.472125e-02;5.580195e-02;9.458093e-02;8.436684e-02;4.492436e-02;7.889006e-02;1.012030e-01;8.749779e-02;1.091378e-01;1.258548e-01;6.315991e-02;7.986126e-02
7.575963e-02;6.015078e-02;9.118230e-02;8.186774e-02;5.191284e-02;8.092765e-02;1.103610e-01;7.939389e-02;8.689979e-02;1.121901e-01;8.250236e-02;8.685187e-02
7.512691e-02;8.220244e-02;7.466478e-02;8.039676e-02;7.066191e-02;8.032888e-02;1.221806e-01;8.657680e-02;9.309808e-02;5.861650e-02;9.686090e-02;7.928540e-02
6.186761e-02;7.371458e-02;6.565214e-02;8.351000e-02;5.759322e-02;5.796865e-02;1.426793e-01;1.124153e-01;1.329882e-01;5.830342e-02;9.027109e-02;6.303655e-02
7.864458e-02;7.434960e-02;8.616011e-02;9.684189e-02;7.182392e-02;6.098646e-02;1.368044e-01;8.699379e-02;1.217858e-01;8.835874e-02;5.512729e-02;4.212334e-02
8.009872e-02;8.039390e-02;1.427799e-01;9.903533e-02;7.605580e-02;4.740847e-02;9.372797e-02;5.440564e-02;9.469744e-02;8.468511e-02;1.062022e-01;4.050945e-02
4.895370e-02;5.524152e-02;1.636036e-01;9.608828e-02;6.630972e-02;5.303599e-02;9.418337e-02;6.721515e-02;7.694963e-02;8.407152e-02;1.544561e-01;3.989152e-02
4.180966e-02;3.732361e-02;1.631293e-01;1.031070e-01;7.349300e-02;5.045462e-02;7.266137e-02;1.166571e-01;6.163255e-02;8.258078e-02;1.671449e-01;3.000619e-02
6.692566e-02;2.506931e-02;9.367454e-02;7.022484e-02;9.021235e-02;5.612178e-02;9.335487e-02;1.016321e-01;1.373292e-01;6.791930e-02;1.086792e-01;8.885688e-02
9.587440e-02;3.667523e-02;4.003559e-02;2.842676e-02;1.024849e-01;6.900530e-02;1.398570e-01;7.315162e-02;1.841303e-01;6.922504e-02;4.269098e-02;1.184429e-01
1.581420e-01;3.798631e-02;3.315796e-02;1.712180e-02;9.942854e-02;8.560316e-02;1.443314e-01;3.732985e-02;1.820187e-01;7.024436e-02;2.528769e-02;1.093482e-01
2.406161e-01;4.537274e-02;1.310873e-02;1.120768e-02;9.479202e-02;1.120906e-01;1.599016e-01;2.125698e-02;1.241696e-01;8.164290e-02;1.476458e-02;8.107644e-02
2.716179e-01;5.309241e-02;2.143706e-02;9.133430e-03;7.246123e-02;1.171595e-01;1.561009e-01;2.770643e-02;1.189970e-01;1.048440e-01;3.368849e-03;4.408128e-02
2.758900e-01;5.654446e-02;1.380977e-02;1.018129e-02;5.624400e-02;1.137587e-01;1.525396e-01;3.491376e-02;1.286303e-01;1.192910e-01;6.057121e-03;3.214002e-02
2.933201e-01;6.603602e-02;1.480658e-02;1.341860e-02;5.655449e-02;1.197189e-01;1.590532e-01;3.334434e-02;8.499620e-02;1.249907e-01;5.324966e-03;2.843594e-02
3.103234e-01;7.546867e-02;8.445465e-03;1.227391e-02;6.107952e-02;1.363719e-01;1.653172e-01;2.437628e-02;4.582583e-02;1.248965e-01;6.362112e-03;2.925916e-02
2.906174e-01;6.636436e-02;1.385022e-02;1.111265e-02;7.253945e-02;1.511286e-01;2.053966e-01;2.502985e-02;2.318032e-02;9.968831e-02;8.244024e-03;3.284825e-02
2.574741e-01;4.087387e-02;2.092169e-02;1.106225e-02;1.078374e-01;1.714175e-01;1.767052e-01;2.791073e-02;6.799825e-02;6.910527e-02;1.060378e-02;3.808998e-02
2.171901e-01;3.862192e-02;5.162847e-02;2.814100e-02;1.333928e-01;1.528282e-01;1.661347e-01;2.921635e-02;7.185687e-02;4.475632e-02;2.609916e-02;4.013417e-02
1.876170e-01;6.330363e-02;1.002625e-01;4.561843e-02;1.284541e-01;1.065143e-01;1.428667e-01;2.725187e-02;7.533028e-02;5.159155e-02;3.070812e-02;4.048143e-02
1.648712e-01;7.356343e-02;1.482383e-01;5.688838e-02;1.261824e-01;6.592456e-02;1.132266e-01;2.251988e-02;9.744675e-02;6.132778e-02;3.290977e-02;3.690093e-02
1.076557e-01;7.164282e-02;2.290549e-01;6.587878e-02;1.028237e-01;7.330791e-02;9.903997e-02;3.915935e-02;9.540901e-02;5.808358e-02;2.935110e-02;2.859318e-02
1.125779e-01;6.371675e-02;1.826418e-01;5.271084e-02;1.218477e-01;1.196406e-01;1.446609e-01;4.032786e-02;5.698976e-02;7.134418e-02;1.497744e-02;1.856436e-02
1.391482e-01;6.258123e-02;5.674379e-02;4.028399e-02;1.133472e-01;1.481913e-01;1.632107e-01;2.179130e-02;9.275655e-02;1.063413e-01;2.093231e-02;3.467217e-02
8.382524e-02;2.884710e-02;1.612442e-01;4.629689e-02;1.421024e-01;1.386208e-01;1.592894e-01;1.812113e-02;7.002486e-02;1.020677e-01;2.119377e-02;2.836643e-02
4.793208e-02;1.521613e-02;2.091590e-01;4.728637e-02;1.941743e-01;1.217132e-01;1.679340e-01;2.001094e-02;5.894501e-02;7.151692e-02;2.577432e-02;2.033765e-02
7.903358e-02;2.682728e-02;1.765631e-01;3.717564e-02;1.805150e-01;1.179415e-01;1.546685e-01;3.349651e-02;9.332688e-02;3.954660e-02;3.538836e-02;2.551702e-02
1.338870e-01;5.847277e-02;1.299636e-01;5.156836e-02;1.144464e-01;1.118786e-01;1.542391e-01;4.017527e-02;1.044533e-01;4.372805e-02;3.093123e-02;2.625629e-02
1.170881e-01;7.542260e-02;1.158273e-01;5.319713e-02;8.760737e-02;8.357226e-02;1.169650e-01;9.186117e-02;8.370330e-02;8.310400e-02;6.299288e-02;2.865891e-02
1.003275e-01;9.173453e-02;1.006494e-01;5.650052e-02;8.131021e-02;8.041660e-02;1.475186e-01;8.412407e-02;5.932054e-02;9.830751e-02;6.776612e-02;3.202437e-02
9.445097e-02;9.536659e-02;9.377094e-02;5.363711e-02;8.869594e-02;8.483485e-02;1.390985e-01;6.955139e-02;5.601567e-02;1.123012e-01;7.554805e-02;3.672886e-02
6.485510e-02;4.309933e-02;1.412556e-01;6.825940e-02;7.138604e-02;6.321628e-02;1.061105e-01;5.694041e-02;1.415740e-01;1.284404e-01;6.992020e-02;4.494273e-02
7.312535e-02;3.411907e-02;1.662602e-01;7.032686e-02;2.826690e-02;2.370980e-02;1.288516e-01;9.034523e-02;2.001011e-01;9.915353e-02;4.883821e-02;3.690220e-02
7.515458e-02;3.113194e-02;1.516172e-01;9.690143e-02;1.741376e-02;1.152800e-02;1.040699e-01;1.000309e-01;2.713044e-01;7.874325e-02;3.511340e-02;2.699120e-02
8.552285e-02;1.412227e-02;8.335724e-02;1.378387e-01;3.640811e-02;7.432588e-03;6.863160e-02;8.133543e-02;3.554288e-01;8.631246e-02;2.144389e-02;2.216598e-02
1.014830e-01;3.930828e-02;3.227408e-02;1.610652e-01;7.709919e-02;1.201656e-02;2.652224e-02;4.851571e-02;3.409863e-01;1.202233e-01;1.494551e-02;2.556075e-02
7.659777e-02;8.347195e-02;5.174490e-02;1.439669e-01;1.555032e-01;1.627762e-02;2.706850e-02;2.924316e-02;1.996720e-01;1.702786e-01;2.373946e-02;2.243598e-02
2.878152e-02;1.122566e-01;3.286636e-02;1.250656e-01;2.845689e-01;2.968359e-02;1.333048e-02;2.905279e-02;5.819964e-02;2.380385e-01;3.336980e-02;1.478617e-02
9.311408e-03;8.997209e-02;2.297251e-02;8.043992e-02;3.209722e-01;7.288489e-02;1.283900e-02;3.154700e-02;6.066707e-02;2.452163e-01;3.993338e-02;1.324433e-02
4.134234e-03;7.086892e-02;1.490108e-02;4.724675e-02;2.907828e-01;1.647482e-01;9.876194e-03;4.740795e-02;4.588865e-02;2.306329e-01;6.043771e-02;1.307457e-02
1.007272e-02;5.885145e-02;2.127503e-02;2.471699e-02;2.118108e-01;2.318712e-01;2.412173e-02;9.142475e-02;2.088962e-02;2.046776e-01;9.099093e-02;9.297213e-03
1.057715e-02;3.944528e-02;4.477756e-02;3.432012e-02;1.891296e-01;1.519278e-01;7.064990e-02;1.297952e-01;3.188937e-02;1.830224e-01;9.746521e-02;1.700038e-02
2.620245e-02;3.599904e-02;6.255833e-02;5.747851e-02;1.750081e-01;1.137737e-01;1.109209e-01;1.312015e-01;4.204993e-02;1.541366e-01;6.658541e-02;2.408565e-02
3.941241e-02;5.055774e-02;4.369073e-02;5.674095e-02;1.362140e-01;1.057389e-01;1.330222e-01;1.526961e-01;4.992634e-02;1.455950e-01;5.082161e-02;3.558392e-02
5.132940e-02;4.076324e-02;1.515019e-02;3.496891e-02;1.259133e-01;1.149691e-01;8.771437e-02;1.676866e-01;4.252363e-02;1.687613e-01;1.088659e-01;4.135411e-02
3.068963e-02;3.514643e-02;1.050436e-02;3.638396e-02;1.267641e-01;1.562167e-01;5.770721e-02;1.892198e-01;3.283761e-02;1.624285e-01;1.364699e-01;2.563197e-02
1.943970e-02;3.491349e-02;1.122834e-02;4.584979e-02;1.078396e-01;1.982248e-01;5.749531e-02;1.811779e-01;2.574546e-02;1.605949e-01;1.436628e-01;1.382793e-02
7.093600e-03;3.833372e-02;9.253309e-03;4.436221e-02;1.706021e-01;1.918532e-01;5.445777e-02;1.853961e-01;1.967546e-02;1.610466e-01;1.043454e-01;1.358048e-02
6.514224e-03;5.930496e-02;9.845477e-03;3.166355e-02;2.227490e-01;1.683081e-01;2.840417e-02;1.989073e-01;1.783080e-02;1.820220e-01;6.484012e-02;9.610385e-03
7.277329e-03;7.655075e-02;1.282059e-02;2.703278e-02;2.664179e-01;1.379750e-01;2.757697e-02;1.630116e-01;2.379219e-02;2.061920e-01;3.777862e-02;1.357442e-02
1.542692e-02;7.564063e-02;1.628165e-02;4.734341e-02;2.848830e-01;8.311868e-02;3.642484e-02;1.280596e-01;4.492814e-02;2.154904e-01;3.207068e-02;2.033211e-02
4.538644e-02;5.612691e-02;3.983307e-02;9.037529e-02;2.492838e-01;4.929815e-02;4.905352e-02;1.067476e-01;8.018027e-02;1.880262e-01;3.048648e-02;1.520218e-02
6.772572e-02;3.951256e-02;1.053702e-01;1.280773e-01;1.492082e-01;2.973562e-02;8.099444e-02;7.369532e-02;1.242789e-01;1.346424e-01;4.150866e-02;2.525059e-02
7.127701e-02;5.486115e-02;1.617023e-01;1.139511e-01;6.643815e-02;2.781023e-02;9.554313e-02;7.082877e-02;1.280582e-01;1.073420e-01;5.602007e-02;4.616794e-02
7.860560e-02;7.858131e-02;1.699455e-01;8.204021e-02;5.478682e-02;3.456031e-02;9.608316e-02;7.626303e-02;1.099801e-01;9.261549e-02;7.408039e-02;5.245798e-02
9.741022e-02;8.710780e-02;7.553711e-02;6.504706e-02;1.150436e-01;5.403835e-02;7.745505e-02;1.375516e-01;1.163968e-01;5.901069e-02;5.994636e-02;5.545541e-02
6.587444e-02;5.458452e-02;6.781846e-02;6.142952e-02;2.320703e-01;8.448789e-02;4.770352e-02;1.785828e-01;9.850478e-02;4.172625e-02;3.738055e-02;2.983698e-02
4.323169e-02;4.270851e-02;9.175270e-02;6.995782e-02;2.445102e-01;7.880434e-02;5.194659e-02;1.171394e-01;9.466808e-02;7.395013e-02;5.136211e-02;3.996837e-02
6.399093e-02;6.615210e-02;7.165500e-02;2.405591e-02;1.407883e-01;5.469086e-02;4.640159e-02;7.909743e-02;1.173600e-01;1.177193e-01;1.344928e-01;8.359573e-02
7.641619e-02;6.946935e-02;4.394788e-02;4.236377e-02;6.496987e-02;3.958262e-02;5.175021e-02;6.022247e-02;1.420944e-01;1.367351e-01;1.662593e-01;1.061887e-01
6.410380e-02;7.822222e-02;7.959022e-02;7.363368e-02;5.206814e-02;4.360909e-02;6.459568e-02;5.536122e-02;1.026180e-01;1.005156e-01;1.544865e-01;1.311959e-01
8.041123e-02;7.171230e-02;7.589287e-02;7.659737e-02;7.520586e-02;5.165395e-02;8.595316e-02;5.448851e-02;5.049345e-02;1.082000e-01;1.314204e-01;1.379709e-01
8.144449e-02;4.827284e-02;8.238322e-02;5.320689e-02;6.481606e-02;5.348955e-02;8.066272e-02;8.338658e-02;1.128570e-01;9.828626e-02;1.376994e-01;1.034950e-01
6.325220e-02;4.344817e-02;1.088100e-01;7.791541e-02;5.145416e-02;6.185920e-02;6.220205e-02;9.480041e-02;1.530289e-01;6.905483e-02;1.003987e-01;1.137760e-01
3.486628e-02;2.690182e-02;1.575788e-01;7.705939e-02;2.957765e-02;5.967452e-02;5.730677e-02;1.410494e-01;1.504916e-01;7.371282e-02;5.297537e-02;1.388056e-01
1.735077e-02;2.925974e-02;1.796404e-01;5.075644e-02;1.848030e-02;4.680839e-02;8.499460e-02;2.083130e-01;9.048716e-02;1.010014e-01;3.739998e-02;1.355078e-01
2.516958e-02;4.743256e-02;1.518310e-01;3.498091e-02;2.619812e-02;3.222713e-02;1.566248e-01;2.094884e-01;4.643413e-02;1.062427e-01;6.155702e-02;1.018136e-01
4.084131e-02;9.063110e-02;1.024775e-01;3.095238e-02;4.492541e-02;5.354740e-02;2.630396e-01;1.296786e-01;2.087727e-02;7.253298e-02;9.923583e-02;5.126068e-02
6.724986e-02;1.056297e-01;9.347108e-02;3.247399e-02;6.496824e-02;8.500923e-02;3.158613e-01;3.813565e-02;3.384247e-02;3.411440e-02;9.789867e-02;3.134536e-02
7.829105e-02;7.700454e-02;8.765608e-02;3.294972e-02;7.427633e-02;7.351311e-02;3.302888e-01;6.345671e-02;6.131716e-02;2.579617e-02;5.501230e-02;4.043807e-02
6.631350e-02;6.991614e-02;8.711871e-02;2.166873e-02;6.125933e-02;6.046035e-02;3.557036e-01;6.743246e-02;9.169181e-02;2.540403e-02;4.347806e-02;4.955325e-02
6.049276e-02;7.128318e-02;7.739485e-02;3.579361e-02;6.836570e-02;6.774618e-02;3.637457e-01;5.219875e-02;9.433557e-02;1.391532e-02;3.643836e-02;5.829004e-02
7.796427e-02;5.696818e-02;6.489481e-02;4.030461e-02;9.612590e-02;8.440544e-02;3.021107e-01;9.223626e-02;7.646922e-02;3.236899e-02;3.380027e-02;4.235134e-02
8.829495e-02;3.123371e-02;9.027576e-02;4.429489e-02;1.438012e-01;1.097150e-01;2.354188e-01;8.308067e-02;5.499352e-02;4.445403e-02;3.400598e-02;4.043149e-02
6.727695e-02;1.705845e-02;1.306905e-01;7.322987e-02;2.047249e-01;1.116114e-01;1.417889e-01;4.712185e-02;8.743957e-02;2.854982e-02;4.534535e-02;4.516253e-02
2.542576e-02;2.813406e-02;1.610096e-01;8.413852e-02;2.437552e-01;1.094180e-01;7.563487e-02;6.843004e-02;9.967577e-02;2.649514e-02;3.760308e-02;4.028002e-02
2.046170e-02;3.288863e-02;2.262656e-01;1.090032e-01;1.701016e-01;9.885128e-02;1.189161e-01;7.275979e-02;5.852497e-02;3.106586e-02;3.592833e-02;2.523297e-02
1.203416e-02;2.715222e-02;3.428033e-01;1.386391e-01;1.176601e-01;6.924281e-02;9.145502e-02;7.194730e-02;2.966657e-02;3.278909e-02;4.236946e-02;2.424083e-02
3.169631e-02;2.703208e-02;4.292659e-01;1.218663e-01;8.762390e-02;3.967392e-02;6.469534e-02;6.805981e-02;2.140871e-02;4.919766e-02;4.070109e-02;1.877901e-02
4.472953e-02;4.102831e-02;4.505591e-01;7.126075e-02;6.599157e-02;3.672932e-02;8.093146e-02;6.403027e-02;3.075570e-02;6.744012e-02;3.107223e-02;1.547167e-02
5.826517e-02;4.817357e-02;4.272530e-01;4.046132e-02;6.033588e-02;4.417464e-02;8.424948e-02;4.757823e-02;4.929675e-02;7.665356e-02;2.535983e-02;3.819859e-02
1.205553e-01;4.851482e-02;3.248380e-01;2.552576e-02;5.199246e-02;5.675239e-02;9.546761e-02;3.371564e-02;7.909935e-02;7.788093e-02;3.707363e-02;4.858410e-02
1.248556e-01;4.680108e-02;2.186805e-01;1.772771e-02;6.109693e-02;7.592813e-02;1.085087e-01;4.650869e-02;8.260743e-02;8.883903e-02;7.503981e-02;5.340649e-02
9.632756e-02;6.861328e-02;2.395683e-01;2.686201e-02;4.848089e-02;4.902320e-02;1.419495e-01;5.211438e-02;4.239878e-02;6.737297e-02;9.116182e-02;7.612728e-02
1.333219e-01;7.498134e-02;1.967781e-01;4.232981e-02;5.811413e-02;2.990730e-02;1.365072e-01;6.452965e-02;5.347177e-02;5.383001e-02;8.586112e-02;7.036766e-02
1.654900e-01;6.283970e-02;7.218147e-02;4.533591e-02;7.467196e-02;3.781715e-02;1.490647e-01;6.819105e-02;8.322412e-02;1.050015e-01;7.555337e-02;6.062903e-02
1.140935e-01;6.138713e-02;7.718452e-02;4.992634e-02;6.779163e-02;5.608996e-02;1.354641e-01;5.314936e-02;1.036974e-01;1.636465e-01;5.884947e-02;5.871999e-02
4.237095e-02;6.157383e-02;8.970270e-02;5.625831e-02;6.128851e-02;5.116532e-02;1.266326e-01;6.103760e-02;1.447816e-01;1.883373e-01;5.367153e-02;6.317971e-02
7.400006e-02;5.586411e-02;1.469823e-01;4.625146e-02;7.006813e-02;5.321960e-02;8.242423e-02;4.317141e-02;2.024449e-01;1.270238e-01;5.924126e-02;3.930880e-02
1.013375e-01;5.769962e-02;1.927530e-01;6.517167e-02;5.835017e-02;4.231887e-02;1.047560e-01;5.405000e-02;1.510666e-01;9.240126e-02;5.145635e-02;2.863901e-02
1.052366e-01;7.435382e-02;1.967273e-01;7.124954e-02;6.398659e-02;3.051142e-02;9.944668e-02;1.006804e-01;7.772413e-02;6.724837e-02;5.595726e-02;5.687795e-02
1.235451e-01;1.009211e-01;1.366413e-01;5.680342e-02;5.441700e-02;2.092774e-02;9.896866e-02;9.650391e-02;5.644177e-02;8.067227e-02;7.238812e-02;1.017696e-01
1.766157e-01;1.314954e-01;1.696031e-01;3.400703e-02;4.685172e-02;2.652498e-02;6.904522e-02;5.296303e-02;5.634727e-02;1.124355e-01;6.193133e-02;6.217970e-02
1.805145e-01;1.207336e-01;2.022936e-01;3.138005e-02;3.542240e-02;4.146671e-02;8.532558e-02;5.182859e-02;6.457926e-02;8.857408e-02;3.526525e-02;6.261641e-02
1.199520e-01;9.847958e-02;2.649192e-01;3.136399e-02;2.283217e-02;4.254434e-02;1.017454e-01;7.589375e-02;6.712774e-02;6.696518e-02;3.169041e-02;7.648630e-02
6.002665e-02;8.606854e-02;3.351305e-01;4.197927e-02;2.919846e-02;3.326201e-02;9.807175e-02;9.038623e-02;5.936782e-02;6.827208e-02;3.943012e-02;5.880658e-02
2.601477e-02;8.081792e-02;3.757091e-01;5.447846e-02;3.908283e-02;2.572946e-02;9.712758e-02;1.040857e-01;4.212629e-02;7.505538e-02;4.807231e-02;3.170014e-02
3.593265e-02;6.266077e-02;3.554470e-01;6.752855e-02;5.419173e-02;3.096479e-02;9.014202e-02;1.228938e-01;3.534800e-02;7.176850e-02;5.224356e-02;2.087869e-02
3.415392e-02;5.592664e-02;3.075515e-01;8.662927e-02;9.671159e-02;4.598972e-02;6.254032e-02;1.183069e-01;4.551324e-02;5.410256e-02;5.870336e-02;3.387093e-02
6.585529e-02;5.497382e-02;2.122481e-01;8.372620e-02;1.466440e-01;6.346378e-02;1.048350e-01;7.397377e-02;4.766551e-02;4.144737e-02;4.120084e-02;6.396625e-02
1.355085e-01;6.439862e-02;1.286858e-01;6.582765e-02;1.273984e-01;8.767823e-02;1.847153e-01;5.821382e-02;4.347724e-02;1.877636e-02;2.582369e-02;5.949643e-02
2.191147e-01;9.244531e-02;9.702114e-02;3.430411e-02;8.403340e-02;9.360919e-02;2.143264e-01;5.247016e-02;3.098499e-02;2.657106e-02;1.721552e-02;3.790410e-02
2.657259e-01;1.340859e-01;6.443223e-02;2.176214e-02;5.419189e-02;7.796836e-02;2.428891e-01;3.581295e-02;2.032137e-02;3.707365e-02;1.096082e-02;3.477566e-02
2.542987e-01;1.851126e-01;6.818686e-02;2.616061e-02;3.164915e-02;4.704145e-02;2.645462e-01;1.863802e-02;1.859175e-02;3.519308e-02;1.787638e-02;3.270521e-02
2.189008e-01;2.055126e-01;7.092740e-02;1.680475e-02;2.502329e-02;3.887789e-02;2.682813e-01;2.933151e-02;3.046335e-02;3.189075e-02;3.195982e-02;3.202653e-02
2.033735e-01;1.915496e-01;8.439096e-02;1.592243e-02;3.360556e-02;3.933177e-02;2.277945e-01;3.724606e-02;4.742711e-02;2.991464e-02;5.302160e-02;3.642226e-02
2.093144e-01;1.684001e-01;1.140223e-01;2.367076e-02;4.737677e-02;3.639212e-02;1.778022e-01;3.596838e-02;5.843323e-02;2.737674e-02;6.245827e-02;3.878485e-02
1.927782e-01;1.058288e-01;1.340366e-01;3.875306e-02;6.685153e-02;4.506059e-02;1.959434e-01;2.504906e-02;5.511272e-02;2.990591e-02;5.058292e-02;6.009720e-02
1.164515e-01;1.315743e-01;1.290474e-01;3.916141e-02;6.339415e-02;7.366172e-02;2.426306e-01;4.826426e-02;3.769696e-02;1.267743e-02;4.320739e-02;6.223285e-02
1.513707e-01;1.466386e-01;1.024927e-01;3.861017e-02;4.957600e-02;6.218083e-02;2.453322e-01;5.291519e-02;2.843985e-02;1.846628e-02;3.713045e-02;6.684713e-02
1.610403e-01;1.247328e-01;9.488598e-02;2.863204e-02;5.730195e-02;5.623377e-02;2.450223e-01;5.202731e-02;4.880091e-02;3.102981e-02;3.290875e-02;6.738409e-02
1.684854e-01;1.183654e-01;8.335599e-02;2.811187e-02;7.050487e-02;4.835033e-02;2.227241e-01;4.616017e-02;5.656137e-02;3.467746e-02;5.144691e-02;7.125612e-02
1.670957e-01;1.003504e-01;9.753129e-02;2.906243e-02;7.733165e-02;5.999812e-02;1.987206e-01;4.096086e-02;4.531550e-02;4.748014e-02;6.734938e-02;6.880400e-02
1.405148e-01;9.289639e-02;9.385435e-02;2.904175e-02;7.054242e-02;6.231606e-02;2.197096e-01;5.542511e-02;3.704131e-02;6.972211e-02;5.466382e-02;7.427234e-02
1.140162e-01;4.003282e-02;1.105219e-01;4.944983e-02;7.968271e-02;6.939321e-02;1.600275e-01;8.158848e-02;8.314309e-02;1.044500e-01;5.499733e-02;5.269697e-02
1.087719e-01;7.351871e-02;1.090615e-01;5.601494e-02;6.234597e-02;7.530586e-02;8.048031e-02;8.038116e-02;9.209312e-02;1.244753e-01;6.979106e-02;6.776010e-02
1.196455e-01;9.595242e-02;1.155118e-01;5.746928e-02;5.837919e-02;7.151841e-02;4.886153e-02;7.180461e-02;8.504543e-02;1.277385e-01;7.571837e-02;7.235489e-02
1.271954e-01;9.821956e-02;1.053096e-01;5.187555e-02;5.293103e-02;6.090848e-02;7.824881e-02;8.239428e-02;8.292150e-02;1.239207e-01;7.412975e-02;6.194525e-02
1.163738e-01;6.227884e-02;1.244605e-01;6.033279e-02;7.092476e-02;5.945224e-02;1.172615e-01;9.421150e-02;7.831224e-02;1.466251e-01;4.869808e-02;2.106862e-02
8.102209e-02;4.111957e-02;1.482255e-01;1.086753e-01;8.545838e-02;4.564634e-02;8.590451e-02;6.859882e-02;1.146790e-01;1.509400e-01;3.707593e-02;3.265455e-02
6.153449e-02;2.779007e-02;1.674214e-01;1.537183e-01;7.585236e-02;3.261386e-02;6.644544e-02;6.864358e-02;1.377572e-01;1.240767e-01;4.469640e-02;3.945021e-02
3.363359e-02;2.374049e-02;2.293179e-01;1.940632e-01;5.667588e-02;3.161869e-02;6.798593e-02;8.046175e-02;1.247789e-01;7.471400e-02;3.996318e-02;4.304652e-02
2.049724e-02;2.202085e-02;2.878991e-01;1.687855e-01;3.797213e-02;3.283519e-02;7.438907e-02;1.233427e-01;9.006664e-02;6.216266e-02;2.442159e-02;5.560733e-02
1.112323e-02;2.554653e-02;2.869353e-01;1.021143e-01;2.762984e-02;2.389808e-02;8.764914e-02;1.562695e-01;8.163176e-02;1.123616e-01;1.693689e-02;6.790377e-02
1.296095e-02;4.228104e-02;2.222153e-01;4.574763e-02;2.325436e-02;2.378182e-02;1.265871e-01;1.474892e-01;7.884496e-02;1.666445e-01;3.818592e-02;7.200731e-02
4.792192e-02;7.782213e-02;1.227013e-01;1.749019e-02;2.626046e-02;3.730050e-02;1.776113e-01;1.010958e-01;7.571989e-02;1.850802e-01;5.206912e-02;7.892723e-02
7.080681e-02;8.827441e-02;1.401696e-01;3.774095e-02;3.692190e-02;4.352367e-02;1.890915e-01;6.228660e-02;6.285490e-02;1.431493e-01;5.243486e-02;7.274546e-02
6.391811e-02;5.795513e-02;1.742110e-01;7.104823e-02;4.462741e-02;3.928131e-02;1.567188e-01;6.749295e-02;6.924567e-02;9.529128e-02;9.317102e-02;6.703912e-02
4.500595e-02;4.580881e-02;2.238660e-01;1.000926e-01;4.899368e-02;2.601271e-02;1.174568e-01;7.494713e-02;6.448337e-02;1.074287e-01;9.236015e-02;5.354412e-02
4.049199e-02;3.886831e-02;2.384907e-01;1.162675e-01;6.521481e-02;3.011978e-02;1.265972e-01;8.878290e-02;6.238782e-02;9.647530e-02;5.294966e-02;4.335412e-02
1.668704e-02;3.950762e-02;2.498438e-01;1.093873e-01;8.603955e-02;4.188070e-02;8.786480e-02;1.065327e-01;8.625089e-02;7.617812e-02;5.380159e-02;4.602595e-02
4.575364e-02;4.416956e-02;2.593893e-01;8.130948e-02;8.456670e-02;3.735925e-02;8.005930e-02;6.592759e-02;9.889318e-02;7.020050e-02;5.675836e-02;7.561320e-02
1.003496e-01;4.986452e-02;2.239892e-01;5.581960e-02;7.417516e-02;2.718218e-02;6.661227e-02;5.562606e-02;7.464381e-02;1.177331e-01;7.000003e-02;8.400452e-02
1.388164e-01;6.873547e-02;1.360816e-01;6.865282e-02;6.165966e-02;4.903031e-02;7.816095e-02;6.946395e-02;5.065175e-02;1.639936e-01;4.182750e-02;7.292600e-02
1.601851e-01;5.344978e-02;8.356447e-02;6.889665e-02;3.191878e-02;6.325463e-02;9.211570e-02;9.839695e-02;6.247992e-02;1.665605e-01;4.827517e-02;7.090236e-02
1.637392e-01;5.240102e-02;1.016732e-01;5.845230e-02;2.393600e-02;6.506677e-02;9.516060e-02;1.097646e-01;8.344433e-02;1.261938e-01;6.037425e-02;5.979400e-02
1.326821e-01;5.527355e-02;7.164452e-02;6.950119e-02;4.187725e-02;8.394393e-02;1.031792e-01;1.188920e-01;9.034284e-02;9.990640e-02;7.317267e-02;5.958437e-02
5.781258e-02;7.473671e-02;6.630317e-02;9.021314e-02;4.306322e-02;7.722885e-02;1.258837e-01;1.330301e-01;7.873853e-02;1.179590e-01;7.305963e-02;6.197133e-02
5.642531e-02;1.114864e-01;1.160625e-01;1.189063e-01;4.316411e-02;5.463949e-02;1.188362e-01;9.721574e-02;7.174940e-02;1.099205e-01;6.510603e-02;3.648805e-02
4.693408e-02;7.280739e-02;2.084029e-01;9.334453e-02;5.646557e-02;4.773990e-02;1.863293e-01;6.083099e-02;7.605709e-02;7.959934e-02;5.080143e-02;2.068745e-02
4.951371e-02;3.634313e-02;1.744330e-01;5.772858e-02;1.004530e-01;7.818156e-02;3.029042e-01;4.881738e-02;5.199180e-02;5.047594e-02;2.475669e-02;2.440107e-02
5.807927e-02;2.104143e-02;1.186287e-01;5.127422e-02;1.259479e-01;1.078677e-01;3.801178e-01;3.079327e-02;4.065293e-02;3.191294e-02;1.287886e-02;2.080497e-02
7.952590e-02;1.845237e-02;6.101279e-02;4.348393e-02;1.319641e-01;1.271714e-01;4.130706e-01;2.808147e-02;4.415137e-02;3.196374e-02;6.834922e-03;1.428742e-02
1.041510e-01;3.021230e-02;3.036148e-02;4.439300e-02;1.042334e-01;1.170768e-01;3.883932e-01;4.590137e-02;6.811814e-02;4.951156e-02;8.119298e-03;9.528411e-03
1.359147e-01;5.342089e-02;3.136828e-02;3.945493e-02;8.120039e-02;1.043409e-01;3.457535e-01;6.489322e-02;6.842034e-02;5.838630e-02;9.351039e-03;7.495658e-03
1.778369e-01;7.640106e-02;2.925907e-02;2.949246e-02;7.916421e-02;9.435427e-02;3.020877e-01;7.565980e-02;5.742789e-02;5.301940e-02;1.017345e-02;1.512377e-02
2.147443e-01;8.347593e-02;4.739907e-02;2.761425e-02;8.812054e-02;7.414699e-02;2.497368e-01;7.586501e-02;5.600892e-02;4.370700e-02;1.136278e-02;2.781831e-02
2.174265e-01;7.405096e-02;8.455589e-02;3.949938e-02;1.053004e-01;6.016757e-02;1.623495e-01;6.458526e-02;7.129120e-02;5.485918e-02;1.986586e-02;4.604829e-02
1.787299e-01;4.409062e-02;1.281204e-01;7.494559e-02;1.008645e-01;5.956199e-02;7.039992e-02;7.741401e-02;7.839620e-02;8.022999e-02;4.482286e-02;6.242410e-02
1.047648e-01;4.213148e-02;9.690884e-02;9.721028e-02;7.636525e-02;5.324709e-02;1.569788e-01;7.474152e-02;7.006152e-02;1.053318e-01;5.658447e-02;6.567416e-02
6.508930e-02;4.890445e-02;7.922655e-02;7.842401e-02;7.910804e-02;6.732935e-02;1.559596e-01;1.046386e-01;9.734216e-02;9.615555e-02;5.544703e-02;7.237540e-02
7.957457e-02;7.463612e-02;6.621272e-02;4.831122e-02;6.657431e-02;7.702145e-02;1.345415e-01;1.139680e-01;1.089759e-01;1.000227e-01;4.217261e-02;8.798882e-02
8.088620e-02;7.404284e-02;6.899037e-02;3.687107e-02;8.449984e-02;5.428954e-02;1.195984e-01;7.901565e-02;9.629779e-02;1.661215e-01;7.022385e-02;6.916299e-02
6.748862e-02;8.693372e-02;1.004287e-01;5.406934e-02;7.900541e-02;4.537541e-02;7.769855e-02;7.788322e-02;1.032205e-01;1.543659e-01;7.549798e-02;7.803259e-02
8.293813e-02;1.048462e-01;1.141697e-01;6.511264e-02;5.837166e-02;2.571428e-02;6.448843e-02;7.887986e-02;1.421734e-01;1.210891e-01;7.100148e-02;7.121515e-02
8.214775e-02;1.028876e-01;1.105210e-01;6.665910e-02;7.096926e-02;3.014177e-02;6.724881e-02;5.716215e-02;1.353962e-01;1.215106e-01;5.859160e-02;9.676414e-02
7.821078e-02;3.936727e-02;1.046356e-01;6.979236e-02;7.920704e-02;4.353400e-02;7.654291e-02;1.065972e-01;1.002740e-01;9.493886e-02;1.001264e-01;1.067735e-01
7.991425e-02;7.145420e-02;1.089205e-01;7.550194e-02;8.198686e-02;4.613207e-02;1.067172e-01;7.667892e-02;8.416642e-02;1.039336e-01;8.149286e-02;8.310120e-02
1.119736e-01;5.243401e-02;9.233923e-02;6.322996e-02;8.486282e-02;4.526418e-02;1.357622e-01;1.017647e-01;8.915629e-02;1.101977e-01;3.409111e-02;7.892421e-02
9.163962e-02;5.897571e-02;1.296232e-01;4.603874e-02;6.976201e-02;3.677012e-02;1.394649e-01;1.559925e-01;9.188379e-02;8.682577e-02;3.505573e-02;5.796786e-02
5.821728e-02;6.980085e-02;1.441874e-01;4.965189e-02;6.072432e-02;3.860571e-02;1.340211e-01;1.870084e-01;9.981018e-02;7.869734e-02;4.941951e-02;2.985601e-02
2.264753e-02;7.211681e-02;1.133645e-01;3.902873e-02;5.347410e-02;3.848208e-02;1.814909e-01;1.665612e-01;1.180637e-01;7.344628e-02;9.521898e-02;2.610525e-02
5.200886e-02;5.401666e-02;5.440766e-02;4.343694e-02;3.616650e-02;4.809055e-02;1.711987e-01;1.209580e-01;1.244453e-01;1.532764e-01;1.117362e-01;3.025831e-02
8.693600e-02;3.130623e-02;1.758029e-02;5.112934e-02;3.048779e-02;7.567897e-02;1.083996e-01;1.151487e-01;9.410966e-02;2.765908e-01;8.786469e-02;2.476798e-02
1.095294e-01;1.919634e-02;4.082358e-02;4.143371e-02;2.987568e-02;7.821894e-02;5.520416e-02;1.350339e-01;1.060036e-01;2.890934e-01;6.503563e-02;3.055163e-02
9.597699e-02;2.160890e-02;7.848556e-02;2.912483e-02;4.727837e-02;5.885559e-02;4.625378e-02;8.831023e-02;2.142062e-01;1.651960e-01;9.103114e-02;6.367240e-02
6.038135e-02;2.252371e-02;8.756620e-02;1.483505e-02;7.501941e-02;4.940109e-02;4.943153e-02;4.235924e-02;3.230068e-01;6.846244e-02;1.325081e-01;7.450502e-02
6.392037e-02;3.250994e-02;7.610911e-02;1.650761e-02;1.032527e-01;5.435664e-02;4.958326e-02;4.508882e-02;3.278414e-01;5.737309e-02;1.150862e-01;5.837080e-02
8.286165e-02;5.694921e-02;6.867976e-02;2.516793e-02;1.462539e-01;8.492020e-02;5.212363e-02;5.378992e-02;2.620331e-01;5.264594e-02;8.371051e-02;3.086421e-02
