1.874455e-02;8.371556e-02;3.048681e-01;1.974070e-01;9.153169e-02;8.631958e-02;2.971085e-02;4.311813e-02;1.933934e-02;1.492119e-02;7.208616e-02;3.823781e-02
1.293710e-02;1.189257e-01;3.891532e-01;1.740100e-01;4.860150e-02;5.772014e-02;3.586599e-02;5.359785e-02;2.408869e-02;9.928486e-03;5.436938e-02;2.080188e-02
1.362223e-02;1.044685e-01;4.304356e-01;1.316314e-01;1.819338e-02;8.186227e-02;5.124879e-02;7.032074e-02;2.588083e-02;1.729424e-02;4.370398e-02;1.133796e-02
1.911028e-02;1.599773e-01;4.267054e-01;8.878985e-02;2.607232e-02;5.576433e-02;6.785849e-02;6.098485e-02;2.886934e-02;2.710500e-02;2.998916e-02;8.773747e-03
2.246722e-02;2.279986e-01;4.490562e-01;4.421777e-02;2.600837e-02;3.557835e-02;6.658274e-02;4.625305e-02;2.109489e-02;3.730940e-02;1.693856e-02;6.494844e-03
1.834341e-02;2.770408e-01;4.731154e-01;3.303858e-02;2.736033e-02;3.778176e-02;3.064519e-02;3.132340e-02;1.981152e-02;3.382121e-02;9.834743e-03;7.883672e-03
1.832232e-02;2.368169e-01;4.486248e-01;6.915178e-02;1.478549e-02;3.734915e-02;4.899441e-02;3.897862e-02;1.881495e-02;4.976433e-02;1.237575e-02;6.021526e-03
1.704685e-02;1.257581e-01;2.721717e-01;1.152868e-01;8.163222e-02;1.524790e-01;5.484071e-02;7.010410e-02;3.548088e-02;4.193754e-02;1.709130e-02;1.617080e-02
9.900775e-03;5.584195e-02;5.439618e-02;1.126282e-01;1.786273e-01;2.938451e-01;3.590960e-02;8.166051e-02;8.198304e-02;2.721209e-02;2.717558e-02;4.081964e-02
1.243024e-02;3.769849e-02;6.485394e-02;5.889050e-02;2.127568e-01;3.373324e-01;3.887931e-02;5.135212e-02;9.826642e-02;1.991154e-02;1.310144e-02;5.452687e-02
2.635888e-02;4.491693e-02;7.726584e-02;2.867327e-02;2.634634e-01;3.019238e-01;2.587629e-02;4.021925e-02;9.067938e-02;2.575210e-02;3.201653e-02;4.285436e-02
3.564099e-02;4.170291e-02;5.829230e-02;7.211068e-02;3.973798e-01;1.875819e-01;2.200336e-02;3.145175e-02;5.668080e-02;2.443996e-02;3.003793e-02;4.267768e-02
2.418504e-02;2.386440e-02;2.666695e-02;1.570012e-01;4.340357e-01;1.082859e-01;3.027204e-02;4.623804e-02;2.801700e-02;1.141555e-02;1.782068e-02;9.219750e-02
1.067893e-02;3.184107e-02;6.786805e-02;2.181154e-01;3.521582e-01;9.721544e-02;4.207508e-02;2.277843e-02;4.074809e-02;9.181808e-03;2.136471e-02;8.597470e-02
1.613634e-02;5.610308e-02;1.331521e-01;2.100468e-01;2.720203e-01;1.295285e-01;4.122852e-02;2.983456e-02;3.421651e-02;9.084358e-03;1.489805e-02;5.375086e-02
1.665423e-02;7.995503e-02;1.687006e-01;1.590169e-01;2.592295e-01;1.401331e-01;4.395198e-02;4.050190e-02;2.414727e-02;1.331523e-02;1.683625e-02;3.755800e-02
1.397182e-02;8.942833e-02;1.540583e-01;6.009963e-02;3.451897e-01;1.704285e-01;3.938312e-02;2.832061e-02;3.263614e-02;1.375322e-02;1.325283e-02;3.947773e-02
9.212877e-03;6.104026e-02;1.374300e-01;1.310372e-01;3.651409e-01;1.638252e-01;2.715073e-02;1.520739e-02;5.066824e-02;3.554911e-03;9.803738e-03;2.592850e-02
6.260961e-03;4.734524e-02;1.449441e-01;1.513987e-01;3.988733e-01;9.776402e-02;2.216714e-02;2.454026e-02;6.187989e-02;1.034891e-02;1.391733e-02;2.056015e-02
4.731851e-03;5.216426e-02;1.446753e-01;1.519121e-01;3.296877e-01;1.738046e-01;1.766936e-02;2.941082e-02;4.932458e-02;1.302970e-02;1.049762e-02;2.309216e-02
7.367647e-03;5.901886e-02;1.530278e-01;1.148534e-01;2.695584e-01;2.590972e-01;1.948572e-02;4.932690e-02;3.195329e-02;1.150023e-02;5.505858e-03;1.930473e-02
1.916972e-02;6.908388e-02;1.543956e-01;8.445070e-02;1.785464e-01;2.514655e-01;3.541050e-02;1.127895e-01;3.819282e-02;1.832750e-02;2.652341e-02;1.164459e-02
8.199004e-03;4.192290e-02;6.743027e-02;6.303501e-02;1.419286e-01;1.918903e-01;1.418372e-01;1.843373e-01;5.875433e-02;3.770996e-02;4.650735e-02;1.644786e-02
1.178029e-02;3.177976e-02;2.373378e-02;3.804982e-02;1.026466e-01;2.719464e-01;2.199482e-01;1.610168e-01;4.268271e-02;3.040038e-02;4.798400e-02;1.803133e-02
3.001152e-02;2.887042e-02;2.087941e-02;3.062526e-02;6.783439e-02;2.834568e-01;3.047724e-01;1.348902e-01;2.525803e-02;1.879060e-02;3.943595e-02;1.517498e-02
6.838720e-02;2.105322e-02;2.386954e-02;1.851521e-02;3.780049e-02;3.934433e-01;2.720298e-01;8.883846e-02;1.462677e-02;2.863344e-02;1.592938e-02;1.687328e-02
9.374668e-02;2.025544e-02;3.582368e-02;1.613663e-02;6.476063e-02;4.608849e-01;1.756570e-01;4.443406e-02;1.714851e-02;2.852224e-02;6.465473e-03;3.616471e-02
8.270323e-02;3.825205e-02;1.012365e-01;5.881158e-02;1.172385e-01;3.904402e-01;5.993472e-02;3.140795e-02;2.621772e-02;1.911966e-02;1.287195e-02;6.176586e-02
5.667540e-02;6.626608e-02;1.523907e-01;8.594908e-02;1.107310e-01;1.933821e-01;8.779532e-02;7.405064e-02;5.206065e-02;2.626616e-02;3.391784e-02;6.051507e-02
5.698350e-02;4.412146e-02;9.354030e-02;2.841687e-02;8.908109e-02;2.790978e-01;1.668684e-01;7.724974e-02;5.528365e-02;2.151677e-02;2.240488e-02;6.543552e-02
7.294638e-02;3.146932e-02;7.014225e-02;2.472951e-02;8.567328e-02;3.267036e-01;1.534674e-01;6.962156e-02;5.925233e-02;1.223854e-02;6.776972e-03;8.697888e-02
8.027424e-02;3.544559e-02;8.370970e-02;2.062497e-02;1.016571e-01;3.196408e-01;9.540869e-02;5.646519e-02;6.668773e-02;1.872353e-02;1.227029e-02;1.090922e-01
1.478969e-01;4.159519e-02;7.272249e-02;1.384080e-02;1.041681e-01;3.295091e-01;5.021153e-02;4.112463e-02;5.182714e-02;3.315285e-02;2.726135e-02;8.668999e-02
2.927207e-01;4.269192e-02;4.630029e-02;1.298279e-02;5.545906e-02;3.256134e-01;2.986624e-02;4.439754e-02;3.606327e-02;3.575188e-02;2.768863e-02;5.046422e-02
3.556131e-01;2.738689e-02;2.514560e-02;1.786374e-02;4.439988e-02;2.902668e-01;3.314291e-02;6.079661e-02;2.192828e-02;6.140000e-02;1.178617e-02;5.027006e-02
3.694113e-01;1.912409e-02;2.090591e-02;2.474867e-02;4.364289e-02;2.748998e-01;3.178431e-02;7.710256e-02;1.835838e-02;8.381526e-02;1.541603e-02;2.079077e-02
3.821822e-01;2.029034e-02;2.080097e-02;3.827246e-02;3.781833e-02;2.700345e-01;2.779066e-02;6.335754e-02;1.712102e-02;9.640487e-02;6.714679e-03;1.921242e-02
3.526322e-01;3.006162e-02;2.436145e-02;4.299868e-02;3.079478e-02;3.057096e-01;4.193766e-02;4.175557e-02;1.378838e-02;9.565843e-02;6.672972e-03;1.362871e-02
2.604381e-01;2.236477e-02;2.723564e-02;3.624157e-02;1.586717e-02;3.878258e-01;8.243469e-02;4.518531e-02;1.498825e-02;7.810868e-02;1.433329e-02;1.497676e-02
1.716652e-01;2.942439e-02;2.520731e-02;3.822046e-02;3.673418e-02;4.196976e-01;9.744924e-02;4.309825e-02;2.140270e-02;8.691294e-02;1.303863e-02;1.714921e-02
1.136034e-01;2.523204e-02;2.511099e-02;5.296282e-02;8.015317e-02;4.120462e-01;8.172216e-02;7.546839e-02;2.378430e-02;7.286347e-02;2.393454e-02;1.311851e-02
7.332217e-02;4.597441e-02;2.154776e-02;4.866086e-02;9.220044e-02;2.768878e-01;1.855270e-01;1.286480e-01;2.022405e-02;3.297106e-02;4.558032e-02;2.845614e-02
7.402422e-02;5.027373e-02;2.484180e-02;2.712645e-02;3.694038e-02;2.308681e-01;2.897498e-01;1.420848e-01;1.205511e-02;1.269897e-02;7.303791e-02;2.629869e-02
5.421874e-02;3.799981e-02;2.803535e-02;1.467927e-02;4.002300e-02;2.127011e-01;2.969422e-01;1.783809e-01;1.702400e-02;1.238273e-02;9.311967e-02;1.449316e-02
3.564003e-02;3.055001e-02;3.529521e-02;1.935078e-02;6.498508e-02;1.616372e-01;2.655885e-01;2.582836e-01;1.907109e-02;1.091493e-02;8.498612e-02;1.369744e-02
2.683035e-02;2.675940e-02;4.701709e-02;3.307012e-02;9.274257e-02;8.507181e-02;2.057729e-01;3.723004e-01;2.487380e-02;1.719740e-02;4.880026e-02;1.956395e-02
2.556596e-02;1.777709e-02;5.569028e-02;2.087512e-02;7.332797e-02;1.879870e-01;9.138168e-02;4.161711e-01;3.107421e-02;1.646244e-02;3.139003e-02;3.229710e-02
3.374094e-02;2.742946e-02;5.292452e-02;2.270822e-02;5.574884e-02;1.609040e-01;8.434311e-02;4.162076e-01;4.254136e-02;1.595974e-02;3.979938e-02;4.769276e-02
3.260961e-02;3.282831e-02;3.425970e-02;1.564028e-02;5.578677e-02;1.627019e-01;1.645927e-01;3.326374e-01;4.232278e-02;2.844336e-02;5.953422e-02;3.864302e-02
1.724016e-02;2.739488e-02;4.504708e-02;1.336727e-02;6.335374e-02;3.410275e-01;1.449423e-01;1.875471e-01;4.129864e-02;3.461752e-02;4.561517e-02;3.854873e-02
3.127897e-02;3.259703e-02;7.582831e-02;2.701331e-02;5.928118e-02;4.553271e-01;1.203531e-01;6.806313e-02;3.713142e-02;3.554141e-02;1.930739e-02;3.827763e-02
6.622235e-02;3.473887e-02;8.763198e-02;3.068535e-02;4.540300e-02;3.156297e-01;1.422666e-01;1.880782e-01;2.903812e-02;1.866869e-02;2.047685e-02;2.116031e-02
8.787797e-02;4.096289e-02;9.580558e-02;4.207819e-02;7.421422e-02;1.998940e-01;1.336421e-01;2.322603e-01;2.956264e-02;1.243959e-02;3.228896e-02;1.897354e-02
9.303507e-02;4.156017e-02;9.044727e-02;4.680046e-02;7.818718e-02;2.524849e-01;7.671081e-02;2.052022e-01;4.063882e-02;1.965932e-02;3.396509e-02;2.130872e-02
5.659029e-02;3.235715e-02;6.116776e-02;4.229327e-02;4.012267e-02;4.660060e-01;1.010927e-01;1.053156e-01;3.102878e-02;2.245307e-02;1.703790e-02;2.453486e-02
2.648557e-02;3.312541e-02;2.482294e-02;2.425668e-02;3.181529e-02;3.867464e-01;1.277936e-01;2.429314e-01;3.740329e-02;2.784811e-02;1.628796e-02;2.048334e-02
5.621346e-02;4.981397e-02;3.472555e-02;1.371201e-02;2.502281e-02;2.016528e-01;2.019101e-01;2.980698e-01;4.644718e-02;1.730523e-02;4.608522e-02;9.041873e-03
6.276534e-02;5.689972e-02;4.020510e-02;1.263424e-02;2.776519e-02;1.591422e-01;1.951338e-01;3.068200e-01;3.536969e-02;6.840540e-03;7.686991e-02;1.955421e-02
6.063785e-02;5.781668e-02;3.587871e-02;1.152425e-02;2.794126e-02;1.087784e-01;2.339802e-01;2.873703e-01;2.736099e-02;9.152788e-03;1.158473e-01;2.371127e-02
5.023544e-02;5.765882e-02;2.273269e-02;1.623994e-02;2.460355e-02;1.042999e-01;3.117135e-01;2.280926e-01;2.072741e-02;1.228943e-02;1.393959e-01;1.201081e-02
4.077027e-02;5.090459e-02;2.774340e-02;1.820128e-02;1.479262e-02;1.969495e-01;3.003314e-01;1.699299e-01;1.553943e-02;2.990567e-02;1.218146e-01;1.311746e-02
4.398270e-02;5.529820e-02;6.237637e-02;2.766390e-02;3.849520e-02;2.246802e-01;2.200467e-01;1.427286e-01;2.903900e-02;5.029861e-02;8.633368e-02;1.905684e-02
5.246112e-02;1.006118e-01;1.682747e-01;5.808665e-02;6.805176e-02;8.248282e-02;1.422357e-01;1.866026e-01;3.562914e-02;4.455838e-02;4.108876e-02;1.991655e-02
4.090904e-02;1.129100e-01;1.971832e-01;4.988957e-02;4.136869e-02;2.279032e-01;7.292288e-02;1.767686e-01;2.638816e-02;2.251131e-02;1.424315e-02;1.700224e-02
2.512331e-02;1.186230e-01;2.139838e-01;3.535911e-02;4.114701e-02;2.632991e-01;5.516392e-02;1.661767e-01;1.666112e-02;3.364058e-02;1.814427e-02;1.267812e-02
1.957715e-02;1.003975e-01;1.828482e-01;2.731077e-02;5.369052e-02;1.837770e-01;1.112473e-01;1.712880e-01;1.908774e-02;3.785755e-02;4.943511e-02;4.348314e-02
2.942927e-02;4.950337e-02;5.984804e-02;1.310168e-02;4.392173e-02;3.292093e-01;2.190088e-01;1.419467e-01;2.159560e-02;1.266586e-02;3.594719e-02;4.382244e-02
2.846101e-02;4.317767e-02;2.319616e-02;8.916909e-03;2.241945e-02;3.546496e-01;3.298222e-01;1.341681e-01;1.035538e-02;6.876020e-03;1.716776e-02;2.078968e-02
1.329716e-02;4.890389e-02;1.956665e-02;6.311502e-03;9.948125e-03;2.718657e-01;4.605479e-01;1.323032e-01;1.628221e-02;7.127386e-03;8.432619e-03;5.413710e-03
5.267777e-03;5.795138e-02;1.851485e-02;3.297016e-03;7.784546e-03;1.883375e-01;5.602983e-01;1.176778e-01;1.982230e-02;6.141292e-03;1.296368e-02;1.943599e-03
1.010070e-02;6.360719e-02;2.067654e-02;5.213519e-03;8.848856e-03;1.720425e-01;5.557492e-01;1.157200e-01;2.199064e-02;8.339220e-03;1.437816e-02;3.333503e-03
1.343578e-02;6.297415e-02;2.840323e-02;6.343056e-03;6.182251e-03;1.602616e-01;5.158319e-01;1.555005e-01;2.479950e-02;8.211252e-03;1.292761e-02;5.129097e-03
1.472527e-02;5.481931e-02;3.567983e-02;8.882722e-03;5.411341e-03;1.823104e-01;4.383582e-01;1.989413e-01;3.553137e-02;7.793211e-03;1.059748e-02;6.949534e-03
2.629977e-02;4.819557e-02;3.395119e-02;1.459955e-02;2.491005e-02;2.848283e-01;3.277571e-01;1.503029e-01;5.273710e-02;1.441955e-02;1.175106e-02;1.024779e-02
2.546574e-02;2.676185e-02;2.619479e-02;1.862096e-02;3.598869e-02;4.080495e-01;2.242302e-01;1.546651e-01;3.994209e-02;1.945185e-02;1.248793e-02;8.141365e-03
1.014197e-02;5.058155e-02;2.138292e-02;2.132078e-02;3.274823e-02;4.050197e-01;1.921810e-01;1.888247e-01;2.866485e-02;1.951680e-02;1.708022e-02;1.253724e-02
4.320661e-02;8.375195e-02;8.287763e-02;2.396630e-02;3.172433e-02;1.991906e-01;2.017263e-01;2.050028e-01;4.226511e-02;3.183089e-02;3.059369e-02;2.386386e-02
5.878505e-02;6.034338e-02;1.088906e-01;1.449747e-02;2.771808e-02;2.336370e-01;2.386169e-01;1.596034e-01;3.176977e-02;2.529026e-02;2.475405e-02;1.609402e-02
5.489470e-02;6.146624e-02;1.047399e-01;1.298501e-02;2.977003e-02;2.153676e-01;2.941688e-01;1.247590e-01;3.895400e-02;3.010886e-02;2.309558e-02;9.690276e-03
4.085150e-02;4.820130e-02;6.969045e-02;1.205807e-02;2.880808e-02;2.073434e-01;2.086596e-01;2.122421e-01;7.468661e-02;5.013421e-02;3.065331e-02;1.667143e-02
1.820930e-02;3.408462e-02;4.813103e-02;2.302474e-02;2.107389e-02;2.049675e-01;9.557338e-02;3.171558e-01;1.521067e-01;5.080770e-02;2.240169e-02;1.246369e-02
4.781117e-03;2.509148e-02;4.467729e-02;5.031545e-02;1.119534e-02;1.835810e-01;7.145172e-02;2.620166e-01;2.730272e-01;4.502596e-02;1.796931e-02;1.086750e-02
9.132662e-03;2.339110e-02;4.924817e-02;7.636926e-02;7.218940e-03;1.523875e-01;6.697586e-02;2.114843e-01;3.432618e-01;3.952373e-02;1.417791e-02;6.828725e-03
1.024420e-02;3.413473e-02;6.388290e-02;7.041742e-02;1.068783e-02;7.239470e-02;7.918730e-02;2.935463e-01;3.202275e-01;2.803662e-02;1.192877e-02;5.311689e-03
9.359326e-03;4.245623e-02;6.854071e-02;4.632560e-02;1.461442e-02;1.059552e-01;1.275840e-01;2.413661e-01;2.960175e-01;2.534306e-02;1.528315e-02;7.154669e-03
1.724594e-02;2.699349e-02;3.884794e-02;6.080647e-02;2.293960e-02;1.392716e-01;1.881741e-01;1.032134e-01;3.681554e-01;1.335802e-02;1.425286e-02;6.741168e-03
1.317982e-02;2.037683e-02;3.592502e-02;5.130142e-02;1.766536e-02;7.885507e-02;1.371453e-01;2.350132e-01;3.637047e-01;2.658537e-02;1.308988e-02;7.158025e-03
1.960357e-02;3.093512e-02;5.761875e-02;4.051759e-02;1.541732e-02;1.094895e-01;6.712480e-02;1.971188e-01;4.058164e-01;4.193499e-02;9.926424e-03;4.496645e-03
2.143947e-02;3.389654e-02;5.247966e-02;3.490860e-02;1.637197e-02;1.196971e-01;4.317323e-02;1.912505e-01;4.114186e-01;6.075612e-02;1.050521e-02;4.103022e-03
1.864050e-02;2.951984e-02;4.175071e-02;1.748954e-02;1.454162e-02;1.202237e-01;8.241583e-02;2.717107e-01;3.335213e-01;5.083030e-02;1.677506e-02;2.580852e-03
1.745611e-02;3.149474e-02;5.526272e-02;2.333951e-02;1.289918e-02;1.591782e-01;9.566900e-02;2.271614e-01;3.049835e-01;4.450268e-02;2.356896e-02;4.484051e-03
1.561623e-02;4.155326e-02;6.420150e-02;3.532241e-02;6.060279e-03;1.487859e-01;1.255174e-01;2.300654e-01;2.571352e-01;4.292856e-02;1.761875e-02;1.519507e-02
1.891631e-02;4.951942e-02;5.654407e-02;2.468396e-02;6.911697e-03;1.863402e-01;1.477323e-01;3.057937e-01;1.456658e-01;2.264458e-02;1.619865e-02;1.904919e-02
2.716164e-02;5.318748e-02;4.077905e-02;2.136473e-02;1.185341e-02;3.218544e-01;1.667439e-01;2.096056e-01;8.572300e-02;1.832964e-02;2.264028e-02;2.075690e-02
2.976855e-02;4.795068e-02;3.491655e-02;2.701005e-02;2.042888e-02;3.009616e-01;1.949954e-01;1.560369e-01;1.035639e-01;2.808465e-02;2.279217e-02;3.349062e-02
1.936771e-02;6.258541e-02;7.179739e-02;2.738567e-02;3.352515e-02;2.293140e-01;1.998240e-01;1.242310e-01;1.462480e-01;3.520706e-02;1.216265e-02;3.835198e-02
1.223473e-02;5.463807e-02;8.360357e-02;3.567124e-02;3.993219e-02;1.144969e-01;1.672020e-01;2.003980e-01;2.056146e-01;3.249890e-02;1.827217e-02;3.543771e-02
8.548012e-03;4.456639e-02;6.958799e-02;2.984555e-02;2.878105e-02;1.188599e-01;1.079948e-01;2.891717e-01;2.102969e-01;4.797378e-02;1.862588e-02;2.574803e-02
1.350798e-02;4.602919e-02;7.065937e-02;2.864968e-02;3.029912e-02;1.981681e-01;9.363755e-02;2.423007e-01;1.801263e-01;6.255736e-02;1.592090e-02;1.814369e-02
3.069372e-02;4.282698e-02;8.760289e-02;4.901040e-02;3.721128e-02;1.779995e-01;1.636131e-01;1.556808e-01;1.584603e-01;5.956740e-02;2.444415e-02;1.288955e-02
4.686399e-02;5.646559e-02;8.065032e-02;3.978624e-02;4.033240e-02;1.349777e-01;1.780812e-01;1.641031e-01;1.737342e-01;4.221055e-02;3.189730e-02;1.089732e-02
5.093833e-02;6.610686e-02;5.764629e-02;4.187723e-02;4.020584e-02;1.297876e-01;1.695625e-01;1.913755e-01;1.687619e-01;3.557427e-02;3.442170e-02;1.374205e-02
4.366441e-02;7.867759e-02;7.431763e-02;3.209914e-02;4.435216e-02;8.431028e-02;1.905469e-01;2.680993e-01;1.198906e-01;3.025443e-02;2.578622e-02;8.001344e-03
3.238002e-02;6.728082e-02;9.090463e-02;4.936245e-02;3.147879e-02;1.375712e-01;1.928618e-01;2.945134e-01;5.884377e-02;2.712486e-02;1.017244e-02;7.505768e-03
3.429754e-02;5.044908e-02;8.567382e-02;4.772241e-02;2.027267e-02;1.427783e-01;1.878735e-01;2.633492e-01;1.077588e-01;3.521373e-02;1.373640e-02;1.087452e-02
4.728973e-02;4.887095e-02;8.033994e-02;2.928963e-02;2.486705e-02;2.209515e-01;1.762722e-01;1.761083e-01;1.179173e-01;4.960399e-02;1.468629e-02;1.380311e-02
5.101669e-02;4.202861e-02;7.322483e-02;2.975173e-02;3.917130e-02;2.346525e-01;2.187028e-01;1.104890e-01;1.147280e-01;6.389832e-02;9.332936e-03;1.300327e-02
3.341503e-02;4.479647e-02;6.319463e-02;3.325066e-02;3.561816e-02;2.327672e-01;2.031514e-01;1.551280e-01;1.458693e-01;3.761598e-02;8.537161e-03;6.655965e-03
2.949228e-02;6.369086e-02;4.043807e-02;2.777925e-02;3.393706e-02;1.899277e-01;1.836273e-01;2.199589e-01;1.651494e-01;2.465062e-02;1.433359e-02;7.015035e-03
4.907638e-02;9.192377e-02;9.055492e-02;3.887178e-02;4.765576e-02;2.024027e-01;8.915886e-02;1.089207e-01;1.232852e-01;5.732006e-02;6.161734e-02;3.921247e-02
5.288069e-02;8.426676e-02;9.265023e-02;4.337224e-02;4.673630e-02;1.988382e-01;7.334511e-02;1.308682e-01;7.579956e-02;7.228456e-02;7.290363e-02;5.605457e-02
4.380358e-02;8.699353e-02;8.918300e-02;4.588994e-02;6.369310e-02;1.876474e-01;6.965962e-02;1.349018e-01;7.270148e-02;8.086898e-02;7.014967e-02;5.450789e-02
3.940132e-02;8.872160e-02;9.591007e-02;7.014047e-02;1.204879e-01;1.553454e-01;4.340322e-02;1.292726e-01;6.444950e-02;9.087032e-02;5.670008e-02;4.529762e-02
2.976943e-02;6.156704e-02;8.457787e-02;1.308517e-01;2.369362e-01;1.133702e-01;3.167379e-02;1.016747e-01;5.165603e-02;9.424960e-02;3.772678e-02;2.594668e-02
6.947555e-03;3.970849e-02;5.246897e-02;1.305730e-01;3.064131e-01;1.955108e-01;4.390361e-02;4.351278e-02;6.158842e-02;5.485069e-02;1.664530e-02;4.787721e-02
9.351696e-03;1.495285e-02;6.072548e-02;1.111465e-01;2.960120e-01;2.801921e-01;4.132100e-02;3.173772e-02;6.736039e-02;2.145362e-02;1.252310e-02;5.322352e-02
2.861899e-02;1.960932e-02;6.463405e-02;6.903488e-02;1.934282e-01;4.188296e-01;4.404318e-02;4.734126e-02;5.483041e-02;1.870679e-02;6.587655e-03;3.433567e-02
5.198876e-02;1.700938e-02;4.041491e-02;2.897628e-02;6.237597e-02;5.654628e-01;6.343219e-02;9.686753e-02;3.322552e-02;2.425440e-02;7.709266e-03;8.282945e-03
5.597276e-02;9.127582e-03;2.344234e-02;3.471534e-02;7.732242e-02;5.631270e-01;9.677186e-02;4.998541e-02;2.333587e-02;5.197951e-02;7.329330e-03;6.890661e-03
4.013992e-02;1.496728e-02;1.762921e-02;3.949685e-02;8.611625e-02;4.370678e-01;1.799838e-01;8.465855e-02;2.500411e-02;6.388304e-02;8.979537e-03;2.073551e-03
1.520044e-02;2.381652e-02;1.339311e-02;2.906899e-02;7.429250e-02;3.301559e-01;3.283747e-01;8.061885e-02;5.401609e-02;4.116610e-02;7.376249e-03;2.520588e-03
4.540444e-03;2.609491e-02;1.848312e-02;2.262641e-02;5.436303e-02;2.230675e-01;4.325930e-01;1.071617e-01;7.948566e-02;1.802565e-02;9.957745e-03;3.600713e-03
7.540412e-03;2.532655e-02;1.951057e-02;2.118346e-02;3.554814e-02;1.631482e-01;4.714583e-01;1.468692e-01;7.633545e-02;1.186694e-02;1.655116e-02;4.661509e-03
3.671724e-03;2.966472e-02;2.259572e-02;2.307400e-02;3.331639e-02;9.994785e-02;4.930459e-01;1.982756e-01;5.650820e-02;1.003915e-02;2.656682e-02;3.293911e-03
7.265522e-03;4.526040e-02;2.430436e-02;1.891679e-02;2.883835e-02;8.515600e-02;3.909694e-01;2.937505e-01;5.067358e-02;1.254582e-02;3.721687e-02;5.102427e-03
1.179340e-02;5.558568e-02;2.913766e-02;1.318976e-02;2.597207e-02;1.545705e-01;2.794555e-01;3.018599e-01;6.420970e-02;1.256112e-02;4.233625e-02;9.328464e-03
1.376601e-02;6.857863e-02;7.257890e-02;1.517167e-02;5.074377e-02;1.682509e-01;2.203250e-01;2.214520e-01;7.631137e-02;2.303047e-02;5.053782e-02;1.925343e-02
1.713884e-02;1.011916e-01;1.310091e-01;1.735178e-02;7.910957e-02;2.539563e-01;1.844736e-01;7.549725e-02;5.613492e-02;3.127833e-02;2.718685e-02;2.567187e-02
1.367555e-02;1.089461e-01;1.378105e-01;2.259504e-02;9.158698e-02;3.236435e-01;1.318505e-01;9.357072e-02;2.953455e-02;1.721643e-02;1.359447e-02;1.597559e-02
1.497722e-02;1.121003e-01;1.337776e-01;3.419331e-02;8.138007e-02;2.576648e-01;1.324617e-01;1.503228e-01;5.199536e-02;8.216870e-03;1.390188e-02;9.008151e-03
1.913235e-02;1.188163e-01;1.231368e-01;2.785241e-02;5.719417e-02;1.295592e-01;2.044933e-01;2.199545e-01;7.730024e-02;9.857763e-03;8.523995e-03;4.179044e-03
1.878756e-02;9.606989e-02;9.991641e-02;1.993935e-02;3.044800e-02;2.593313e-01;2.196470e-01;1.698676e-01;6.644061e-02;7.830429e-03;5.515193e-03;6.206628e-03
1.881444e-02;7.606424e-02;7.369526e-02;2.509286e-02;2.340737e-02;4.042172e-01;1.985792e-01;9.313761e-02;5.313168e-02;8.694835e-03;1.281805e-02;1.234732e-02
1.934003e-02;7.005031e-02;7.855581e-02;3.112073e-02;4.660876e-02;3.578857e-01;1.196873e-01;2.013249e-01;3.088079e-02;1.356583e-02;1.563631e-02;1.534362e-02
2.787355e-02;1.268931e-01;1.222373e-01;4.569159e-02;9.913001e-02;1.125642e-01;7.878945e-02;2.803012e-01;6.191105e-02;1.796129e-02;1.273100e-02;1.391619e-02
2.114218e-02;8.121266e-02;6.950486e-02;5.134014e-02;1.107459e-01;1.860065e-01;1.439628e-01;2.327300e-01;6.352467e-02;1.551657e-02;1.137486e-02;1.293881e-02
1.772828e-02;3.160108e-02;4.727668e-02;6.061919e-02;9.807822e-02;2.026723e-01;2.268340e-01;1.904866e-01;6.987173e-02;2.077255e-02;2.028317e-02;1.377621e-02
3.343652e-02;8.026419e-02;5.436477e-02;7.171478e-02;5.603841e-02;1.542767e-01;2.565618e-01;1.506887e-01;6.427768e-02;3.464481e-02;2.281077e-02;2.092092e-02
5.259477e-02;1.340509e-01;9.768401e-02;6.105149e-02;4.826770e-02;1.799995e-01;1.956846e-01;1.126225e-01;4.602888e-02;2.777117e-02;1.348274e-02;3.076182e-02
8.161291e-02;1.942590e-01;1.060492e-01;6.792642e-02;4.401631e-02;1.048747e-01;1.611964e-01;9.127831e-02;5.899022e-02;2.645018e-02;1.045040e-02;5.289589e-02
8.966896e-02;1.690677e-01;9.238168e-02;8.937538e-02;3.457136e-02;1.270007e-01;8.887346e-02;1.112059e-01;6.823084e-02;3.365577e-02;1.304799e-02;8.292027e-02
6.489214e-02;8.743819e-02;8.783773e-02;8.913305e-02;7.713792e-02;1.899449e-01;9.072910e-02;8.325905e-02;6.093793e-02;2.451642e-02;4.857800e-02;9.559562e-02
4.948649e-02;7.083073e-02;8.565357e-02;6.735571e-02;9.040089e-02;1.949713e-01;1.024052e-01;4.848921e-02;5.411537e-02;6.253483e-02;9.737068e-02;7.638610e-02
4.484782e-02;1.139362e-01;6.622906e-02;3.944997e-02;7.272770e-02;1.209609e-01;8.167696e-02;9.546940e-02;1.272717e-01;1.155520e-01;8.603872e-02;3.583952e-02
5.799000e-02;1.262323e-01;6.216991e-02;3.078829e-02;5.593728e-02;1.471920e-01;6.912024e-02;4.874734e-02;1.975542e-01;1.364608e-01;4.063296e-02;2.717468e-02
7.870714e-02;7.258628e-02;4.209467e-02;1.531465e-02;3.651601e-02;1.868362e-01;6.660262e-02;1.460187e-01;2.220401e-01;9.454923e-02;2.317572e-02;1.555864e-02
9.525443e-02;2.590439e-02;5.982857e-02;3.618592e-02;4.330649e-02;1.587343e-01;8.362140e-02;1.632198e-01;2.285870e-01;4.883369e-02;2.380375e-02;3.272025e-02
8.436757e-02;3.862352e-02;9.037020e-02;5.247683e-02;5.152680e-02;1.006970e-01;9.607948e-02;2.046036e-01;1.726666e-01;1.317033e-02;1.663627e-02;7.878190e-02
6.828755e-02;5.069991e-02;1.164036e-01;3.192921e-02;4.692370e-02;7.330806e-02;9.400345e-02;2.579029e-01;1.053837e-01;1.860925e-02;1.246777e-02;1.240809e-01
4.704791e-02;5.510147e-02;1.337157e-01;2.064276e-02;4.051346e-02;9.779432e-02;8.303010e-02;3.056166e-01;5.708631e-02;1.602085e-02;2.568920e-02;1.177413e-01
3.096799e-02;9.152454e-02;1.413811e-01;2.230110e-02;3.845111e-02;6.900968e-02;1.027729e-01;3.140732e-01;8.721974e-02;1.913953e-02;3.123687e-02;5.192223e-02
2.647406e-02;1.010014e-01;1.324515e-01;2.170799e-02;3.748642e-02;1.049487e-01;1.147349e-01;3.002312e-01;6.693271e-02;2.487993e-02;3.013975e-02;3.901154e-02
4.431770e-02;9.582897e-02;9.728792e-02;2.164533e-02;2.278294e-02;9.084275e-02;1.106434e-01;3.013469e-01;9.723088e-02;3.984975e-02;3.042990e-02;4.779362e-02
5.908274e-02;9.898575e-02;5.923096e-02;2.516356e-02;2.516344e-02;1.172760e-01;1.068307e-01;2.852972e-01;1.428343e-01;3.657063e-02;1.750327e-02;2.606155e-02
3.341458e-02;7.313278e-02;8.591319e-02;2.853125e-02;4.914269e-02;2.203579e-01;9.803324e-02;2.318029e-01;1.260103e-01;2.402479e-02;1.598204e-02;1.365442e-02
3.259488e-02;4.415398e-02;7.368123e-02;1.586429e-02;5.280803e-02;2.019851e-01;9.774967e-02;3.184809e-01;1.093190e-01;1.819751e-02;1.682138e-02;1.834404e-02
4.171436e-02;8.686610e-02;7.899801e-02;1.150574e-02;5.375150e-02;8.101543e-02;9.629022e-02;3.644111e-01;8.453442e-02;3.116308e-02;2.678408e-02;4.296594e-02
2.635060e-02;8.937465e-02;7.557315e-02;3.063506e-02;4.416795e-02;1.392208e-01;9.075622e-02;3.174718e-01;8.987018e-02;2.414198e-02;2.539322e-02;4.704435e-02
2.878975e-02;9.840167e-02;7.059204e-02;4.014849e-02;3.230392e-02;1.233846e-01;1.329637e-01;2.690781e-01;1.384179e-01;1.882333e-02;1.575017e-02;3.134638e-02
