2.223407e-01;1.082682e-01;9.206744e-02;2.885647e-02;3.414994e-02;2.429786e-02;4.994807e-02;2.962788e-02;5.672566e-02;1.427642e-01;1.254480e-01;8.550552e-02
1.151415e-01;6.993659e-02;5.099648e-02;2.523084e-02;3.163995e-02;2.268378e-02;1.622948e-01;8.421005e-02;1.035229e-01;1.602044e-01;1.083004e-01;6.583822e-02
4.342719e-02;4.272436e-02;4.124381e-02;1.777790e-02;2.872999e-02;2.877676e-02;3.409688e-01;1.432670e-01;1.001478e-01;9.904214e-02;6.836693e-02;4.552731e-02
4.149799e-02;3.570780e-02;5.169793e-02;9.251905e-03;4.359472e-02;6.136519e-02;4.336165e-01;1.554882e-01;5.772455e-02;4.842601e-02;4.012515e-02;2.150408e-02
5.162945e-02;4.605047e-02;1.186147e-01;2.186109e-02;8.758541e-02;9.420116e-02;2.708643e-01;1.194294e-01;6.535182e-02;3.831097e-02;4.312874e-02;4.297240e-02
7.744194e-02;4.539676e-02;2.195225e-01;5.068763e-02;1.036347e-01;7.043282e-02;1.532115e-01;7.326183e-02;4.485421e-02;3.628976e-02;5.101711e-02;7.424929e-02
7.789721e-02;4.754235e-02;4.125857e-01;7.174464e-02;6.686223e-02;1.613338e-02;1.413322e-01;4.699937e-02;1.446825e-02;2.364825e-02;2.773555e-02;5.305087e-02
6.459912e-02;3.955505e-02;5.008647e-01;6.781997e-02;6.745861e-02;2.878391e-02;1.287548e-01;3.192084e-02;9.471172e-03;2.367257e-02;1.287094e-02;2.422827e-02
5.291753e-02;5.693262e-02;5.009772e-01;4.507020e-02;4.693671e-02;2.201606e-02;1.477890e-01;3.224704e-02;2.387463e-02;2.544886e-02;1.787630e-02;2.791385e-02
8.089060e-02;9.069735e-02;3.533258e-01;2.944849e-02;3.018643e-02;2.497624e-02;1.544684e-01;4.603975e-02;4.802927e-02;4.405532e-02;5.008475e-02;4.779761e-02
9.348652e-02;7.552977e-02;2.305028e-01;4.074947e-02;3.642450e-02;4.725184e-02;9.094325e-02;7.468356e-02;6.402612e-02;7.855204e-02;9.833566e-02;6.951451e-02
1.033098e-01;7.351605e-02;1.487419e-01;3.898742e-02;5.028290e-02;6.177814e-02;1.396593e-01;8.819267e-02;4.889321e-02;8.063539e-02;9.701203e-02;6.899122e-02
1.144342e-01;8.679051e-02;8.315143e-02;2.764669e-02;5.529007e-02;5.998217e-02;2.747381e-01;9.718899e-02;3.049297e-02;6.064422e-02;6.640562e-02;4.323513e-02
8.533367e-02;6.987917e-02;5.112273e-02;1.470930e-02;5.112131e-02;4.171440e-02;3.604095e-01;1.259534e-01;3.369479e-02;3.716948e-02;1.141655e-01;1.472671e-02
3.285434e-02;5.513699e-02;2.971569e-02;5.896422e-03;3.359089e-02;2.720881e-02;4.029259e-01;1.710882e-01;3.783891e-02;1.773717e-02;1.760847e-01;9.922051e-03
8.860677e-03;9.020244e-02;1.425975e-02;3.378050e-03;1.281074e-02;2.966411e-02;4.085848e-01;1.700497e-01;5.239795e-02;1.431209e-02;1.906252e-01;4.854518e-03
9.906499e-03;1.212216e-01;1.376959e-02;3.888831e-03;1.216070e-02;2.212356e-02;3.948879e-01;1.330758e-01;5.265035e-02;1.530499e-02;2.172897e-01;3.720527e-03
7.442422e-03;1.572952e-01;1.163803e-02;4.110397e-03;1.807078e-02;1.080938e-02;3.634378e-01;7.450521e-02;4.290577e-02;1.183221e-02;2.911534e-01;6.799412e-03
4.652763e-03;1.750237e-01;7.495228e-03;2.985088e-03;3.678558e-02;7.843938e-03;3.015673e-01;3.999902e-02;4.080562e-02;1.006480e-02;3.618395e-01;1.093738e-02
3.877410e-03;1.668804e-01;2.720568e-02;3.547189e-03;5.594956e-02;9.048682e-03;2.369206e-01;7.693521e-02;3.211113e-02;9.063264e-03;3.647067e-01;1.375417e-02
6.642384e-03;1.430915e-01;7.211387e-02;5.654095e-03;5.440015e-02;6.944696e-03;1.840951e-01;1.717925e-01;2.348319e-02;8.059014e-03;3.077757e-01;1.594783e-02
8.701954e-03;8.828249e-02;1.371139e-01;4.677135e-03;2.769620e-02;7.698141e-03;1.838629e-01;3.170917e-01;2.149647e-02;1.160043e-02;1.568448e-01;3.493383e-02
8.306766e-03;2.348620e-02;1.626217e-01;4.469291e-03;8.911466e-03;7.239053e-03;2.353559e-01;3.972719e-01;2.480225e-02;1.484925e-02;4.551077e-02;6.717557e-02
5.888559e-03;5.820848e-02;1.147904e-01;3.378075e-03;1.997418e-02;1.227659e-02;3.297648e-01;3.273214e-01;1.989584e-02;1.076436e-02;5.428985e-02;4.344752e-02
1.386021e-02;9.451241e-02;6.146834e-02;5.893301e-03;3.760222e-02;4.004330e-02;3.851698e-01;1.849340e-01;2.994301e-02;1.406810e-02;1.151393e-01;1.736601e-02
2.956282e-02;1.030012e-01;5.635388e-02;1.530411e-02;5.318262e-02;7.196368e-02;3.281993e-01;1.163091e-01;4.332763e-02;2.888322e-02;1.331419e-01;2.077049e-02
4.285966e-02;1.025357e-01;9.785777e-02;3.159055e-02;7.354563e-02;8.862277e-02;1.860908e-01;1.190814e-01;5.785158e-02;4.629705e-02;1.246555e-01;2.901161e-02
3.611246e-02;1.267532e-01;1.548394e-01;3.042412e-02;8.361363e-02;7.106808e-02;1.318432e-01;1.393522e-01;4.766114e-02;4.376641e-02;1.188082e-01;1.575785e-02
3.030133e-02;1.320722e-01;1.007442e-01;2.235720e-02;5.870629e-02;4.597959e-02;2.190835e-01;1.477103e-01;5.283031e-02;2.353420e-02;1.462652e-01;2.041572e-02
3.592175e-02;1.082100e-01;4.133864e-02;2.012042e-02;4.093164e-02;5.118479e-02;2.864853e-01;1.425399e-01;4.849887e-02;2.545155e-02;1.812453e-01;1.807182e-02
3.342636e-02;7.974450e-02;5.791898e-02;1.537646e-02;2.861563e-02;3.903562e-02;3.975417e-01;1.519328e-01;3.144788e-02;2.053013e-02;1.227115e-01;2.171852e-02
3.132992e-02;5.330621e-02;8.039128e-02;1.538278e-02;3.076190e-02;4.066694e-02;4.326384e-01;1.955906e-01;1.995954e-02;2.335845e-02;5.402041e-02;2.259355e-02
5.382165e-02;3.829192e-02;9.088559e-02;3.770812e-02;4.375770e-02;3.991759e-02;3.447551e-01;2.132894e-01;3.605004e-02;3.242091e-02;3.287436e-02;3.622767e-02
7.072406e-02;7.871475e-02;7.899192e-02;5.249757e-02;5.781041e-02;5.308611e-02;2.424420e-01;1.608354e-01;7.242458e-02;3.696364e-02;2.508691e-02;7.042265e-02
5.985185e-02;8.581423e-02;8.139353e-02;2.562265e-02;4.691139e-02;5.246092e-02;2.671136e-01;1.087256e-01;7.319270e-02;5.339663e-02;4.901299e-02;9.650396e-02
5.200884e-02;9.011368e-02;7.137070e-02;2.181458e-02;4.181983e-02;4.682257e-02;3.266821e-01;7.392822e-02;5.523830e-02;5.199526e-02;8.387756e-02;8.432838e-02
7.773732e-02;9.050728e-02;5.507147e-02;1.959988e-02;6.062645e-02;6.939694e-02;3.590735e-01;4.815691e-02;3.196143e-02;3.315682e-02;1.054939e-01;4.921811e-02
1.147550e-01;5.532181e-02;8.407137e-02;2.203340e-02;1.023914e-01;1.003959e-01;3.033356e-01;3.198231e-02;2.964687e-02;2.451817e-02;7.941853e-02;5.212954e-02
1.000811e-01;3.447030e-02;1.443203e-01;3.638542e-02;1.162400e-01;1.045750e-01;2.461287e-01;3.894086e-02;4.326408e-02;3.202376e-02;4.006962e-02;6.350083e-02
1.008311e-01;4.273325e-02;1.781328e-01;4.014387e-02;8.262753e-02;8.373955e-02;2.438385e-01;4.455669e-02;3.922074e-02;4.479104e-02;3.033074e-02;6.905413e-02
1.089809e-01;3.600911e-02;1.304481e-01;3.194439e-02;8.021387e-02;8.369596e-02;2.766846e-01;4.486617e-02;4.431394e-02;5.779913e-02;3.390060e-02;7.114310e-02
1.081944e-01;5.689047e-02;8.991884e-02;3.359852e-02;5.802264e-02;6.694619e-02;3.600706e-01;4.477546e-02;4.696891e-02;5.814883e-02;2.748526e-02;4.897989e-02
7.248365e-02;6.560965e-02;1.324089e-01;3.151823e-02;5.121182e-02;5.626544e-02;3.893374e-01;4.358399e-02;4.040994e-02;4.775899e-02;2.616538e-02;4.324660e-02
5.905143e-02;6.144799e-02;1.408593e-01;3.093362e-02;5.955979e-02;3.709077e-02;4.196269e-01;4.094115e-02;3.453322e-02;4.162218e-02;4.586506e-02;2.846867e-02
5.123677e-02;6.496662e-02;1.125164e-01;2.422624e-02;8.186477e-02;5.850441e-02;4.281959e-01;7.429153e-02;2.631338e-02;3.710384e-02;2.388882e-02;1.689143e-02
9.884059e-02;7.438792e-02;9.072063e-02;4.011200e-02;1.001015e-01;7.393098e-02;3.174617e-01;8.185182e-02;3.561122e-02;3.570853e-02;3.295657e-02;1.831656e-02
1.418378e-01;7.062543e-02;1.271159e-01;5.981631e-02;8.246090e-02;4.362140e-02;1.239773e-01;5.294577e-02;7.664817e-02;1.074494e-01;7.496503e-02;3.853662e-02
1.258059e-01;7.348496e-02;9.110344e-02;4.202153e-02;5.474879e-02;3.877017e-02;8.393236e-02;9.367210e-02;1.303551e-01;1.297368e-01;7.780920e-02;5.855964e-02
9.353695e-02;5.998423e-02;5.575834e-02;2.757009e-02;3.450388e-02;3.229932e-02;1.423106e-01;1.511392e-01;1.342900e-01;1.093871e-01;9.934742e-02;5.987290e-02
4.666088e-02;5.862417e-02;2.909824e-02;1.604208e-02;1.557981e-02;2.144509e-02;2.783429e-01;1.955624e-01;9.349503e-02;6.243974e-02;1.342313e-01;4.847835e-02
2.681562e-02;7.066906e-02;1.419858e-02;7.433978e-03;1.435519e-02;6.450884e-02;3.792919e-01;1.616399e-01;4.445871e-02;5.042394e-02;1.415667e-01;2.463760e-02
4.525771e-02;6.183894e-02;7.862610e-03;1.074580e-02;1.916872e-02;1.525308e-01;3.856353e-01;9.912883e-02;2.387448e-02;9.513985e-02;8.958273e-02;9.234193e-03
6.840330e-02;3.879276e-02;1.540478e-02;1.429555e-02;2.772361e-02;2.344381e-01;3.443204e-01;6.731442e-02;1.920235e-02;1.340030e-01;2.612218e-02;9.979702e-03
7.839794e-02;5.519592e-02;2.444554e-02;1.874886e-02;4.938816e-02;2.443378e-01;3.007741e-01;4.817032e-02;1.699771e-02;9.915588e-02;3.908950e-02;2.529820e-02
6.969766e-02;5.965347e-02;2.843512e-02;2.350904e-02;1.076143e-01;2.177433e-01;2.635515e-01;4.069312e-02;2.546459e-02;5.122032e-02;6.086805e-02;5.154948e-02
2.761891e-02;4.281951e-02;4.419266e-02;4.098710e-02;1.472275e-01;1.237718e-01;3.208215e-01;3.484796e-02;4.067461e-02;3.895096e-02;5.213550e-02;8.595186e-02
5.070572e-02;3.264059e-02;9.501342e-02;6.279068e-02;1.673740e-01;5.983571e-02;2.610262e-01;1.754867e-02;5.797879e-02;5.470726e-02;5.988918e-02;8.048979e-02
5.787706e-02;2.562330e-02;1.409920e-01;1.014964e-01;1.574036e-01;5.399835e-02;1.942517e-01;4.759092e-02;5.311102e-02;5.119984e-02;5.792857e-02;5.852733e-02
3.875153e-02;1.874628e-02;1.400160e-01;9.474880e-02;2.402085e-01;7.834519e-02;1.138942e-01;6.470117e-02;5.416240e-02;5.352629e-02;4.938269e-02;5.351696e-02
4.841932e-02;1.815000e-02;8.342697e-02;6.062179e-02;1.897171e-01;1.455042e-01;2.743205e-01;4.410109e-02;4.344582e-02;4.604568e-02;1.870021e-02;2.754732e-02
4.205833e-02;5.050117e-02;4.705400e-02;3.339193e-02;9.304378e-02;1.623664e-01;4.492082e-01;2.937154e-02;2.672839e-02;3.547425e-02;1.911346e-02;1.168851e-02
4.452491e-02;9.324493e-02;4.161344e-02;1.746737e-02;4.733147e-02;1.060229e-01;5.188475e-01;5.248944e-02;1.515517e-02;2.981304e-02;2.829601e-02;5.193748e-03
2.842765e-02;1.066350e-01;5.468564e-02;1.516636e-02;3.942550e-02;5.476853e-02;5.114533e-01;1.111135e-01;1.897950e-02;2.371468e-02;2.615432e-02;9.476079e-03
9.391431e-03;8.316099e-02;5.658023e-02;1.086134e-02;2.591342e-02;4.074792e-02;5.660476e-01;1.412255e-01;1.247594e-02;1.683188e-02;2.901779e-02;7.745934e-03
1.034285e-02;6.085541e-02;3.564630e-02;9.649898e-03;3.222838e-02;6.128284e-02;6.019857e-01;1.216061e-01;1.383501e-02;1.186146e-02;3.514479e-02;5.561219e-03
1.312418e-02;4.548898e-02;2.447900e-02;1.047188e-02;3.518174e-02;4.977070e-02;6.144899e-01;1.431231e-01;1.458542e-02;1.406189e-02;3.068591e-02;4.537348e-03
2.525636e-02;2.652838e-02;2.913055e-02;1.115405e-02;4.841138e-02;4.151019e-02;5.867881e-01;1.731861e-01;1.505011e-02;1.251766e-02;2.540339e-02;5.063775e-03
2.561161e-02;5.437218e-02;2.710553e-02;9.356833e-03;4.825633e-02;4.612128e-02;5.785254e-01;1.356774e-01;2.986728e-02;1.189378e-02;2.677492e-02;6.437452e-03
1.455921e-02;7.082976e-02;1.779786e-02;7.679991e-03;2.791602e-02;5.474338e-02;6.680270e-01;8.223344e-02;2.502783e-02;8.878881e-03;1.882601e-02;3.480616e-03
5.771590e-03;5.285560e-02;1.297104e-02;5.458337e-03;3.204088e-02;6.018442e-02;7.362211e-01;4.375529e-02;2.569410e-02;7.489436e-03;1.316941e-02;4.388836e-03
7.609314e-03;3.867072e-02;4.749248e-03;6.050609e-03;3.260193e-02;5.212212e-02;7.798610e-01;2.914767e-02;2.541946e-02;5.580894e-03;1.409438e-02;4.092662e-03
1.194018e-02;2.844144e-02;1.326193e-02;7.244606e-03;3.074174e-02;5.059997e-02;7.303966e-01;6.075045e-02;3.052726e-02;5.511216e-03;2.477280e-02;5.811865e-03
2.051633e-02;3.129579e-02;3.187488e-02;1.140154e-02;3.477347e-02;4.914109e-02;5.446765e-01;1.736188e-01;4.184915e-02;1.261415e-02;3.250968e-02;1.572860e-02
1.628750e-02;2.653087e-02;3.983681e-02;9.858297e-03;2.480785e-02;3.809382e-02;3.562088e-01;3.561355e-01;5.461164e-02;1.842898e-02;2.773198e-02;3.146803e-02
7.037657e-03;1.377001e-02;3.468272e-02;4.817418e-03;1.275402e-02;2.051032e-02;2.137329e-01;5.371579e-01;5.114888e-02;3.782144e-02;1.452819e-02;5.203857e-02
5.761832e-03;5.653189e-03;4.218612e-02;3.911961e-03;9.114038e-03;2.006134e-02;1.515929e-01;5.875760e-01;3.718164e-02;5.629126e-02;1.420280e-02;6.646685e-02
4.145720e-03;7.593180e-03;4.082069e-02;2.842773e-03;8.514893e-03;2.118437e-02;2.534457e-01;5.195682e-01;3.707211e-02;4.154260e-02;1.604854e-02;4.722126e-02
2.293544e-03;6.941151e-03;4.460943e-02;2.253752e-03;4.935174e-03;1.351336e-02;3.126512e-01;5.204024e-01;1.408020e-02;3.108270e-02;1.415905e-02;3.307797e-02
3.929267e-03;4.611889e-03;4.002845e-02;2.877986e-03;6.721180e-03;1.112353e-02;3.094301e-01;5.167007e-01;1.268204e-02;4.215971e-02;1.165141e-02;3.808369e-02
8.138039e-03;8.446994e-03;3.042810e-02;5.371558e-03;2.278816e-02;2.940140e-02;3.300580e-01;4.273221e-01;3.532393e-02;4.559077e-02;2.236534e-02;3.476558e-02
1.519604e-02;1.174721e-02;3.853018e-02;1.169664e-02;4.480803e-02;5.852363e-02;3.679574e-01;3.286187e-01;3.521875e-02;3.938046e-02;2.644263e-02;2.188044e-02
1.267645e-02;1.446105e-02;2.721605e-02;9.263875e-03;5.146465e-02;7.811710e-02;5.425482e-01;1.997626e-01;2.044825e-02;2.086137e-02;1.469436e-02;8.485998e-03
5.220755e-03;1.544068e-02;1.539480e-02;5.166858e-03;4.020709e-02;8.778009e-02;6.990207e-01;9.378132e-02;1.136518e-02;1.294761e-02;7.473228e-03;6.201648e-03
7.647731e-03;1.397718e-02;1.522350e-02;4.731129e-03;4.556660e-02;9.654941e-02;7.473958e-01;3.531542e-02;1.098144e-02;1.001025e-02;4.899152e-03;7.702461e-03
9.339597e-03;1.405803e-02;7.230381e-03;4.790291e-03;4.869011e-02;9.382074e-02;7.322122e-01;5.159840e-02;1.147741e-02;1.549014e-02;5.276072e-03;6.016560e-03
1.613295e-02;1.733642e-02;1.870116e-02;8.307200e-03;4.361796e-02;6.628025e-02;6.742916e-01;8.270058e-02;2.163031e-02;2.060552e-02;2.086762e-02;9.528401e-03
1.279878e-02;2.474564e-02;1.773873e-02;6.887658e-03;2.903783e-02;3.799595e-02;6.750305e-01;1.175013e-01;2.054651e-02;1.899269e-02;3.071151e-02;8.012800e-03
7.369237e-03;2.915813e-02;7.847628e-03;3.793505e-03;2.659620e-02;2.214781e-02;7.189698e-01;1.239208e-01;9.873878e-03;7.806894e-03;3.926752e-02;3.248647e-03
5.334966e-03;3.182238e-02;7.773105e-03;2.002259e-03;3.061054e-02;1.767513e-02;7.008449e-01;1.354512e-01;1.030328e-02;5.196131e-03;5.119305e-02;1.793020e-03
6.688515e-03;3.798538e-02;1.545339e-02;3.647125e-03;3.744357e-02;3.217853e-02;6.281886e-01;1.512932e-01;1.095178e-02;1.032703e-02;6.311414e-02;2.728753e-03
1.604376e-02;4.634130e-02;2.970126e-02;1.056825e-02;6.145170e-02;6.809377e-02;5.202029e-01;1.269649e-01;3.073026e-02;2.023356e-02;6.260553e-02;7.062887e-03
1.935951e-02;3.352831e-02;3.736279e-02;1.335817e-02;6.735229e-02;8.542457e-02;5.548160e-01;9.823827e-02;3.062743e-02;1.834984e-02;3.518655e-02;6.396276e-03
1.217314e-02;1.704339e-02;1.428924e-02;7.136743e-03;5.544958e-02;9.107754e-02;6.960351e-01;6.109947e-02;1.510750e-02;1.172356e-02;1.387251e-02;4.992222e-03
9.395286e-03;1.927382e-02;1.859774e-02;8.192793e-03;4.889653e-02;7.855600e-02;6.634752e-01;7.664603e-02;3.035685e-02;1.841714e-02;1.272010e-02;1.547248e-02
1.396652e-02;2.222482e-02;4.294751e-02;1.175829e-02;4.090515e-02;5.438487e-02;4.882261e-01;1.852328e-01;5.678256e-02;3.372601e-02;2.534021e-02;2.450518e-02
1.067205e-02;2.922126e-02;5.610200e-02;8.280694e-03;3.150409e-02;2.473722e-02;3.715292e-01;2.922384e-01;6.478734e-02;3.265372e-02;5.122570e-02;2.704836e-02
5.348240e-03;5.456354e-02;4.694890e-02;5.238357e-03;3.223271e-02;8.408601e-03;3.718522e-01;2.672014e-01;4.136552e-02;1.660509e-02;1.313045e-01;1.893088e-02
4.118566e-03;8.180301e-02;2.346266e-02;2.883792e-03;3.247327e-02;1.681644e-02;4.280149e-01;1.527532e-01;3.256755e-02;1.470377e-02;2.023830e-01;8.019855e-03
1.419545e-02;1.034010e-01;1.724786e-02;8.151590e-03;3.182210e-02;5.666555e-02;4.355911e-01;7.651550e-02;4.307326e-02;1.763082e-02;1.905455e-01;5.160324e-03
4.528918e-02;9.321854e-02;4.605820e-02;3.016006e-02;5.778723e-02;1.372734e-01;3.373486e-01;3.139758e-02;4.068693e-02;4.913649e-02;1.176960e-01;1.394771e-02
6.311740e-02;6.473496e-02;1.160653e-01;5.308005e-02;8.518547e-02;1.723668e-01;2.145773e-01;4.952505e-02;3.924844e-02;6.891965e-02;5.114455e-02;2.203508e-02
4.813623e-02;5.993908e-02;1.762294e-01;5.046382e-02;7.194194e-02;1.193144e-01;2.578368e-01;7.167827e-02;3.604393e-02;4.659295e-02;4.634485e-02;1.547830e-02
4.046378e-02;7.615707e-02;1.957015e-01;3.046077e-02;5.023141e-02;6.354988e-02;3.370388e-01;5.948927e-02;2.681719e-02;2.481806e-02;8.459906e-02;1.067329e-02
4.557173e-02;7.402016e-02;1.085223e-01;2.367640e-02;5.876293e-02;7.480680e-02;4.419565e-01;4.092722e-02;2.054043e-02;1.875292e-02;7.549421e-02;1.696832e-02
4.330458e-02;4.714564e-02;4.199504e-02;2.198670e-02;4.412090e-02;4.659884e-02;5.193926e-01;1.111096e-01;2.690818e-02;2.424731e-02;5.636329e-02;1.682734e-02
3.631474e-02;3.959740e-02;8.136734e-02;1.848376e-02;3.563555e-02;4.336194e-02;5.269306e-01;1.378773e-01;2.482168e-02;1.817595e-02;2.802542e-02;9.408299e-03
2.434128e-02;5.326074e-02;8.029050e-02;1.625166e-02;3.872394e-02;5.159289e-02;5.090926e-01;1.175609e-01;2.998007e-02;1.626482e-02;5.581157e-02;6.829008e-03
2.842709e-02;6.257185e-02;7.264675e-02;1.496328e-02;5.644250e-02;7.268744e-02;4.605202e-01;1.044000e-01;3.289945e-02;2.454415e-02;6.604175e-02;3.855544e-03
3.462304e-02;6.512477e-02;9.140477e-02;2.018062e-02;4.195537e-02;8.265304e-02;4.274373e-01;9.631944e-02;3.957595e-02;3.054097e-02;6.196365e-02;8.221108e-03
2.648749e-02;7.308106e-02;1.176762e-01;2.743671e-02;2.743535e-02;8.076959e-02;4.071596e-01;1.154559e-01;4.047457e-02;2.329975e-02;5.072539e-02;9.998389e-03
2.946664e-02;6.374655e-02;1.142199e-01;2.917711e-02;3.184374e-02;6.400379e-02;4.168853e-01;1.289117e-01;4.079819e-02;3.239843e-02;3.525648e-02;1.329212e-02
9.016669e-02;7.494903e-02;1.560831e-01;4.060780e-02;6.581062e-02;7.884274e-02;2.089693e-01;1.023984e-01;4.265140e-02;5.059164e-02;4.765135e-02;4.127796e-02
1.325827e-01;5.497370e-02;1.378172e-01;2.819892e-02;3.299519e-02;5.427427e-02;2.508614e-01;8.311164e-02;5.616728e-02;6.179880e-02;5.282485e-02;5.439414e-02
1.127430e-01;8.004847e-02;1.358469e-01;2.552316e-02;2.508592e-02;4.218840e-02;3.047731e-01;8.516697e-02;4.980750e-02;5.113458e-02;3.806390e-02;4.961815e-02
7.000173e-02;1.011398e-01;1.552078e-01;2.167561e-02;4.569199e-02;3.647582e-02;3.818629e-01;7.033122e-02;3.315100e-02;2.742233e-02;2.807235e-02;2.896744e-02
2.781909e-02;7.640278e-02;1.547311e-01;2.505079e-02;6.459427e-02;2.833978e-02;4.874153e-01;6.670777e-02;2.188947e-02;1.293237e-02;2.594549e-02;8.171792e-03
9.085383e-03;3.274924e-02;8.527895e-02;2.411077e-02;8.986817e-02;2.943995e-02;5.818455e-01;8.246464e-02;1.984538e-02;2.823707e-02;1.333426e-02;3.740700e-03
8.083415e-03;1.541232e-02;5.336961e-02;9.800236e-03;1.052927e-01;2.127397e-02;6.032535e-01;1.119937e-01;2.340603e-02;3.398880e-02;7.243903e-03;6.881796e-03
1.012207e-02;1.788004e-02;8.403962e-02;3.649911e-03;5.673236e-02;1.904037e-02;5.275828e-01;1.663288e-01;2.493135e-02;6.992935e-02;5.388744e-03;1.437459e-02
9.981684e-03;1.286003e-02;1.032319e-01;4.204702e-03;1.445459e-02;3.524938e-02;4.243238e-01;2.006065e-01;2.424966e-02;1.356702e-01;7.037497e-03;2.813013e-02
6.958921e-03;5.432548e-03;1.141169e-01;2.434713e-03;1.278772e-02;8.627032e-02;3.417184e-01;1.939367e-01;2.981566e-02;1.531435e-01;4.326485e-03;4.905812e-02
4.941285e-03;5.134301e-03;1.028007e-01;3.058074e-03;5.931560e-03;1.919458e-01;2.786086e-01;1.723177e-01;3.609210e-02;1.234103e-01;3.567091e-03;7.219255e-02
3.185651e-03;6.608007e-03;7.989553e-02;1.061375e-02;1.062340e-02;3.124081e-01;2.117804e-01;1.463161e-01;5.848071e-02;6.954208e-02;4.930027e-03;8.561625e-02
6.731015e-03;7.928944e-03;5.527693e-02;3.300667e-02;2.735554e-02;3.883559e-01;1.125386e-01;1.220633e-01;1.137810e-01;4.478218e-02;5.308933e-03;8.287100e-02
1.344504e-02;1.344050e-02;3.925369e-02;9.081999e-02;3.957832e-02;2.496755e-01;1.118701e-01;1.079209e-01;2.205995e-01;5.791363e-02;7.783338e-03;4.769951e-02
1.863614e-02;1.021514e-02;3.278627e-02;1.518347e-01;3.877858e-02;8.581173e-02;1.466293e-01;1.025869e-01;3.262705e-01;6.252788e-02;1.015314e-02;1.376972e-02
2.113867e-02;9.790035e-03;2.571396e-02;1.568925e-01;3.726108e-02;4.500983e-02;1.324779e-01;1.021947e-01;3.882652e-01;6.679487e-02;8.547554e-03;5.913633e-03
2.248827e-02;1.219453e-02;3.012586e-02;1.493685e-01;3.208293e-02;4.565949e-02;9.467936e-02;1.207868e-01;4.247034e-01;5.299769e-02;7.519289e-03;7.394023e-03
1.737112e-02;1.682007e-02;3.938001e-02;1.267790e-01;2.106555e-02;5.031370e-02;9.042635e-02;1.333262e-01;4.346575e-01;4.062140e-02;6.355452e-03;2.288372e-02
1.118609e-02;1.413266e-02;5.963709e-02;6.479709e-02;1.137249e-02;7.679731e-02;1.125234e-01;1.776832e-01;3.762186e-01;3.305211e-02;6.221880e-03;5.637800e-02
1.005101e-02;1.444611e-02;8.519258e-02;3.006549e-02;1.324590e-02;7.210022e-02;1.031149e-01;2.261232e-01;2.999474e-01;3.537309e-02;8.848898e-03;1.014912e-01
8.576826e-03;1.409279e-02;1.152592e-01;2.620988e-02;8.332960e-03;7.632914e-02;9.897918e-02;2.696915e-01;2.022775e-01;2.922851e-02;7.835330e-03;1.431872e-01
5.737789e-03;1.366254e-02;1.320736e-01;1.148103e-02;6.422870e-03;7.155001e-02;8.718581e-02;3.398893e-01;1.295103e-01;2.253045e-02;3.898477e-03;1.760578e-01
5.933626e-03;1.037263e-02;1.581123e-01;7.006749e-03;5.418952e-03;4.340287e-02;9.118723e-02;3.938674e-01;8.189338e-02;3.607172e-02;2.268977e-03;1.644641e-01
6.237646e-03;7.665724e-03;1.547632e-01;5.044151e-03;4.951966e-03;1.995167e-02;1.448965e-01;4.278221e-01;4.398091e-02;4.478408e-02;7.187098e-03;1.327150e-01
1.035713e-02;1.111966e-02;1.273307e-01;1.041505e-02;1.215245e-02;1.884551e-02;1.929380e-01;3.976084e-01;2.778240e-02;4.870616e-02;3.016496e-02;1.125796e-01
1.880177e-02;2.054689e-02;1.047213e-01;1.916353e-02;3.132603e-02;3.261836e-02;1.560343e-01;3.295268e-01;5.275936e-02;5.682176e-02;6.180891e-02;1.158710e-01
5.046181e-02;2.934530e-02;8.475390e-02;2.250628e-02;5.020925e-02;4.605089e-02;1.207660e-01;2.929439e-01;4.939849e-02;5.907289e-02;5.070557e-02;1.437857e-01
5.763233e-02;2.400435e-02;6.667625e-02;2.192955e-02;3.500717e-02;2.649760e-02;1.639479e-01;2.557109e-01;5.745034e-02;4.984490e-02;5.776338e-02;1.835354e-01
2.853836e-02;3.639241e-02;4.266577e-02;1.140653e-02;3.066533e-02;1.532968e-02;2.642448e-01;2.248777e-01;4.633170e-02;3.107267e-02;1.198713e-01;1.486037e-01
9.686876e-03;7.921575e-02;1.584607e-02;5.294990e-03;2.189623e-02;2.439449e-02;3.940230e-01;1.520705e-01;4.502143e-02;1.707549e-02;1.704135e-01;6.506170e-02
1.206826e-02;1.062226e-01;9.101120e-03;9.923776e-03;1.418566e-02;6.473795e-02;4.509342e-01;9.221181e-02;4.725955e-02;3.342008e-02;1.414011e-01;1.853396e-02
4.758496e-02;8.161458e-02;8.945910e-03;2.874737e-02;1.200656e-02;1.428266e-01;3.889884e-01;5.882034e-02;2.969146e-02;1.214735e-01;7.020640e-02;9.093923e-03
1.416829e-01;2.887794e-02;6.043066e-03;3.786947e-02;1.594110e-02;2.212978e-01;2.375467e-01;3.910491e-02;1.710331e-02;2.313468e-01;1.608720e-02;7.098811e-03
2.045819e-01;1.431616e-02;1.236832e-02;2.605287e-02;3.480630e-02;2.434745e-01;1.520519e-01;3.104296e-02;2.414914e-02;2.211228e-01;1.596101e-02;2.007209e-02
1.849215e-01;1.416701e-02;2.895881e-02;2.022834e-02;1.041020e-01;2.073748e-01;7.884529e-02;1.961657e-02;8.970565e-02;1.240586e-01;2.587792e-02;1.021435e-01
8.257581e-02;1.826562e-02;4.690842e-02;5.233318e-02;1.622638e-01;8.835475e-02;6.781045e-02;3.328247e-02;1.348271e-01;3.555363e-02;6.960206e-02;2.082227e-01
4.200352e-02;2.831217e-02;7.829436e-02;9.579574e-02;1.110830e-01;3.483737e-02;6.595626e-02;6.909180e-02;8.337326e-02;5.361982e-02;1.670126e-01;1.706200e-01
5.384886e-02;3.597196e-02;1.493276e-01;8.627333e-02;4.914307e-02;3.049228e-02;6.776837e-02;5.840607e-02;6.203593e-02;1.435638e-01;1.844692e-01;7.869955e-02
5.839887e-02;6.180539e-02;1.435393e-01;3.323067e-02;3.402503e-02;3.729428e-02;4.581998e-02;6.113020e-02;1.570820e-01;1.686207e-01;1.120648e-01;8.698877e-02
8.933776e-02;6.228954e-02;7.255863e-02;2.507847e-02;3.612551e-02;3.856250e-02;4.363201e-02;1.082051e-01;1.995383e-01;9.417114e-02;1.093285e-01;1.211726e-01
1.112260e-01;2.998373e-02;4.920445e-02;3.461513e-02;3.753431e-02;3.582887e-02;9.162528e-02;1.268471e-01;1.465703e-01;6.609575e-02;1.397489e-01;1.307202e-01
8.056451e-02;2.579056e-02;4.641892e-02;3.992852e-02;3.919971e-02;4.668754e-02;9.001058e-02;9.843374e-02;1.088314e-01;1.128347e-01;1.864350e-01;1.248647e-01
5.562211e-02;3.654152e-02;3.616237e-02;4.079573e-02;4.469719e-02;3.808866e-02;6.479267e-02;6.882840e-02;1.274434e-01;1.671791e-01;1.990430e-01;1.208058e-01
5.075558e-02;4.223422e-02;4.480018e-02;3.680583e-02;3.173528e-02;3.153642e-02;1.103225e-01;7.961842e-02;1.418116e-01;1.454631e-01;1.783831e-01;1.065338e-01
5.199549e-02;3.893483e-02;6.880610e-02;4.166639e-02;4.367091e-02;5.018403e-02;1.207860e-01;8.336505e-02;1.433291e-01;1.306005e-01;1.251777e-01;1.014839e-01
4.417883e-02;4.737575e-02;9.501536e-02;5.282806e-02;6.556932e-02;6.110911e-02;9.626549e-02;8.605187e-02;1.182838e-01;1.088528e-01;1.336956e-01;9.077398e-02
4.314305e-02;6.269892e-02;1.362914e-01;4.512450e-02;6.479236e-02;3.491443e-02;7.172172e-02;1.017538e-01;1.077720e-01;1.351689e-01;1.030424e-01;9.357648e-02
4.941227e-02;6.521099e-02;1.314974e-01;2.935193e-02;4.740344e-02;3.725148e-02;5.769755e-02;8.910632e-02;1.298594e-01;1.052888e-01;9.378918e-02;1.641312e-01
6.181690e-02;5.434808e-02;8.771016e-02;2.209053e-02;4.491184e-02;3.865464e-02;1.127174e-01;6.897806e-02;1.119617e-01;9.474545e-02;9.229513e-02;2.097702e-01
8.541484e-02;3.881313e-02;9.007038e-02;2.968765e-02;3.141934e-02;3.723739e-02;1.520420e-01;5.207321e-02;1.215645e-01;9.059972e-02;8.674711e-02;1.843307e-01
7.538961e-02;4.351538e-02;6.813437e-02;4.859202e-02;3.487389e-02;3.826201e-02;1.791981e-01;7.505198e-02;1.394522e-01;1.140691e-01;1.060515e-01;7.740975e-02
6.978500e-02;3.808409e-02;9.081930e-02;3.767012e-02;3.956806e-02;4.603290e-02;1.957064e-01;1.110373e-01;1.065032e-01;9.090056e-02;9.278521e-02;8.110789e-02
6.035147e-02;4.358171e-02;1.259429e-01;4.223272e-02;4.701138e-02;6.408921e-02;1.895542e-01;1.009961e-01;9.279909e-02;3.294656e-02;1.301265e-01;7.036828e-02
5.696382e-02;3.591127e-02;1.265887e-01;3.907400e-02;5.140077e-02;7.493983e-02;1.314987e-01;8.482512e-02;1.214721e-01;7.507879e-02;1.446048e-01;5.764208e-02
7.621829e-02;4.745876e-02;9.774838e-02;3.860455e-02;4.885518e-02;6.557614e-02;9.782570e-02;6.005142e-02;1.357947e-01;1.216924e-01;1.580619e-01;5.211263e-02
8.381147e-02;5.884660e-02;1.590837e-01;3.500426e-02;5.106881e-02;4.323567e-02;1.098877e-01;5.892425e-02;1.320352e-01;8.243863e-02;1.169651e-01;6.869868e-02
5.464783e-02;5.997038e-02;1.441545e-01;3.531046e-02;5.259104e-02;4.372332e-02;1.592099e-01;5.489261e-02;1.225340e-01;1.027206e-01;9.732603e-02;7.291941e-02
5.144811e-02;7.063092e-02;1.180799e-01;4.279219e-02;2.997280e-02;4.754488e-02;1.770779e-01;4.455290e-02;1.340623e-01;1.173747e-01;1.024786e-01;6.398477e-02
