1.577086e-01;5.467357e-02;1.248330e-01;7.394347e-02;3.909842e-02;1.001713e-01;7.884973e-02;3.920504e-02;8.557960e-02;1.491059e-01;3.761456e-02;5.921679e-02
1.370200e-01;7.349528e-02;1.284312e-01;7.210274e-02;4.418698e-02;9.079285e-02;9.994958e-02;4.698864e-02;9.042735e-02;1.199080e-01;5.599151e-02;4.070595e-02
1.498469e-01;8.937167e-02;1.220368e-01;6.895839e-02;3.484058e-02;8.018462e-02;1.146379e-01;6.766996e-02;1.110208e-01;6.838026e-02;6.081155e-02;3.224047e-02
7.296779e-02;7.548872e-02;9.946126e-02;5.881100e-02;5.660519e-02;7.179166e-02;1.566004e-01;6.929750e-02;1.185717e-01;8.299676e-02;9.000240e-02;4.740563e-02
8.712132e-02;7.373938e-02;1.626724e-01;6.131637e-02;5.897645e-02;4.909834e-02;1.823896e-01;6.376950e-02;6.655642e-02;7.973011e-02;7.139463e-02;4.323550e-02
1.234585e-01;1.158892e-01;1.497190e-01;5.247537e-02;7.789485e-02;4.598120e-02;1.167828e-01;8.235552e-02;5.331872e-02;7.904467e-02;7.720479e-02;2.587523e-02
1.962430e-01;1.066705e-01;1.244199e-01;3.546759e-02;1.037150e-01;5.361336e-02;8.128205e-02;5.930592e-02;6.355048e-02;5.054114e-02;7.569668e-02;4.949445e-02
2.207989e-01;7.570543e-02;9.773841e-02;3.737768e-02;1.279990e-01;7.412472e-02;1.172503e-01;2.648951e-02;5.946480e-02;3.619576e-02;5.481277e-02;7.204267e-02
1.987519e-01;4.836633e-02;7.347246e-02;2.647865e-02;1.575058e-01;1.248806e-01;1.721099e-01;1.794080e-02;4.843572e-02;2.913668e-02;3.680487e-02;6.611633e-02
1.521791e-01;2.644974e-02;4.173186e-02;1.215081e-02;1.747728e-01;2.118960e-01;2.600050e-01;1.288337e-02;2.956986e-02;2.109815e-02;2.120499e-02;3.605825e-02
1.060964e-01;1.806136e-02;3.330723e-02;1.679188e-02;1.678430e-01;2.489679e-01;3.244861e-01;2.374797e-02;1.426203e-02;2.707225e-02;9.248056e-03;1.011584e-02
8.950476e-02;1.430788e-02;6.602128e-02;2.157107e-02;1.600640e-01;2.390041e-01;3.277617e-01;2.751439e-02;1.154323e-02;2.792082e-02;3.331519e-03;1.145523e-02
6.418223e-02;1.068996e-02;1.262563e-01;2.973282e-02;1.931603e-01;2.096908e-01;2.541258e-01;2.432364e-02;2.975391e-02;2.733500e-02;5.495837e-03;2.525336e-02
6.014906e-02;1.008367e-02;1.600784e-01;4.260763e-02;2.873258e-01;1.848977e-01;8.296780e-02;2.057260e-02;5.954959e-02;2.365067e-02;7.447534e-03;6.066944e-02
4.036640e-02;5.147902e-03;1.062049e-01;2.887715e-02;3.486884e-01;1.841204e-01;9.560163e-02;1.866564e-02;7.798014e-02;1.108644e-02;8.054217e-03;7.520673e-02
4.681060e-02;4.127301e-03;5.968439e-02;2.202769e-02;3.534788e-01;2.185790e-01;1.197788e-01;1.215274e-02;7.290804e-02;1.198219e-02;9.317649e-03;6.915274e-02
4.388215e-02;7.702301e-03;8.434622e-02;2.153075e-02;3.106503e-01;2.242594e-01;1.821944e-01;1.104640e-02;5.319114e-02;1.086651e-02;7.527486e-03;4.280294e-02
2.936685e-02;7.288826e-03;1.106654e-01;2.877667e-02;2.871228e-01;2.233427e-01;2.253217e-01;1.050705e-02;3.445028e-02;9.968429e-03;5.502146e-03;2.768708e-02
2.815485e-02;1.208322e-02;1.000727e-01;2.448562e-02;2.838329e-01;2.310013e-01;2.272494e-01;9.172214e-03;2.616651e-02;1.128622e-02;8.921033e-03;3.757396e-02
3.350968e-02;1.954059e-02;9.470043e-02;2.933082e-02;2.047049e-01;1.494562e-01;3.257575e-01;3.418378e-02;2.729601e-02;2.595328e-02;1.626244e-02;3.930429e-02
6.342590e-02;3.608894e-02;6.122652e-02;2.527234e-02;9.535717e-02;1.068518e-01;4.567769e-01;4.885255e-02;3.347410e-02;3.243109e-02;1.626159e-02;2.398103e-02
6.381550e-02;5.668306e-02;4.571328e-02;1.806689e-02;4.187559e-02;9.213049e-02;5.437811e-01;4.544473e-02;3.573413e-02;2.986459e-02;1.089020e-02;1.600045e-02
4.136119e-02;7.965875e-02;3.415779e-02;1.040164e-02;1.982268e-02;9.646762e-02;6.233609e-01;1.994572e-02;3.014064e-02;2.016684e-02;9.692953e-03;1.482326e-02
6.694692e-02;1.558039e-01;2.696894e-02;1.367735e-02;3.593125e-02;1.020668e-01;5.394388e-01;1.029299e-02;1.722686e-02;1.493996e-02;4.109367e-03;1.259688e-02
6.971230e-02;2.624479e-01;2.673361e-02;9.949897e-03;3.805428e-02;1.034123e-01;4.470026e-01;7.774864e-03;1.053341e-02;1.115613e-02;4.235564e-03;8.987156e-03
9.532794e-02;2.902114e-01;2.012794e-02;1.186982e-02;2.753060e-02;1.131059e-01;4.063631e-01;1.096409e-02;6.616477e-03;1.020718e-02;3.319992e-03;4.355596e-03
1.105117e-01;2.026134e-01;1.968589e-02;1.823550e-02;3.201471e-02;1.285290e-01;4.507581e-01;1.002505e-02;8.053101e-03;9.815524e-03;4.393920e-03;5.364069e-03
1.210941e-01;1.370935e-01;1.866975e-02;1.354417e-02;3.851180e-02;1.317870e-01;4.966395e-01;1.582374e-02;7.592645e-03;8.779949e-03;6.504845e-03;3.958937e-03
1.209516e-01;1.452071e-01;2.955058e-02;1.404546e-02;6.542604e-02;1.412126e-01;4.280441e-01;2.251346e-02;8.284373e-03;1.478526e-02;4.729288e-03;5.250293e-03
1.342981e-01;1.116665e-01;6.252073e-02;2.729538e-02;1.322530e-01;1.877599e-01;2.255975e-01;3.830951e-02;1.956784e-02;3.128973e-02;1.081209e-02;1.862970e-02
9.375674e-02;4.680123e-02;5.986288e-02;1.586795e-02;1.523530e-01;1.748030e-01;3.816474e-01;1.941809e-02;1.897728e-02;1.494086e-02;9.069097e-03;1.250250e-02
7.776470e-02;1.769320e-02;3.382432e-02;1.212604e-02;1.616040e-01;1.962563e-01;4.521178e-01;1.431247e-02;1.171115e-02;1.289650e-02;3.784130e-03;5.909422e-03
6.319768e-02;8.196116e-03;1.444768e-02;1.093474e-02;1.517832e-01;2.040358e-01;4.926415e-01;2.275960e-02;7.738513e-03;1.863576e-02;2.817796e-03;2.811583e-03
2.668637e-02;7.881395e-03;2.065702e-02;1.265159e-02;1.412792e-01;2.000838e-01;5.195835e-01;2.459387e-02;6.829839e-03;3.113684e-02;3.329108e-03;5.287395e-03
3.673154e-02;1.691958e-02;2.655521e-02;1.501814e-02;1.242642e-01;1.716477e-01;5.358572e-01;2.127590e-02;8.520456e-03;3.462511e-02;3.391068e-03;5.193857e-03
2.649525e-02;1.939361e-02;1.045091e-02;1.462965e-02;1.075141e-01;1.694981e-01;5.838662e-01;1.550541e-02;9.973004e-03;3.542562e-02;2.081645e-03;5.166542e-03
3.455830e-02;3.506504e-02;3.073974e-02;1.817161e-02;8.868241e-02;1.391480e-01;5.756009e-01;1.569022e-02;9.662462e-03;3.646347e-02;7.610183e-03;8.607686e-03
6.347033e-02;7.238430e-02;7.124502e-02;2.924417e-02;7.726869e-02;7.699255e-02;4.949562e-01;2.946706e-02;1.838247e-02;3.198086e-02;1.529224e-02;1.931612e-02
6.442101e-02;1.134061e-01;8.919412e-02;3.266327e-02;9.111983e-02;4.894462e-02;4.454234e-01;3.024903e-02;3.098153e-02;1.978612e-02;1.468421e-02;1.912679e-02
3.976497e-02;1.195820e-01;6.487250e-02;1.945066e-02;1.138942e-01;3.225198e-02;4.982381e-01;2.811219e-02;5.291315e-02;9.381785e-03;1.131065e-02;1.022777e-02
2.466294e-02;1.002112e-01;2.527057e-02;6.875712e-03;9.285139e-02;4.669282e-02;5.860677e-01;3.442645e-02;6.160936e-02;9.027322e-03;8.131581e-03;4.172897e-03
1.266084e-02;7.256842e-02;3.328539e-02;8.127497e-03;6.219227e-02;3.963805e-02;6.313305e-01;7.184282e-02;4.304265e-02;1.623395e-02;5.190366e-03;3.887176e-03
5.777833e-03;4.497905e-02;5.153881e-02;5.198433e-03;3.973918e-02;2.595798e-02;5.793182e-01;1.549327e-01;3.530315e-02;4.674616e-02;4.838995e-03;5.669565e-03
8.355125e-03;2.685838e-02;7.915854e-02;7.953978e-03;1.921947e-02;2.796776e-02;4.430374e-01;2.433890e-01;4.645455e-02;8.208652e-02;4.123575e-03;1.139578e-02
8.189503e-03;2.379409e-02;9.469664e-02;1.192350e-02;1.621564e-02;3.241053e-02;3.820523e-01;2.573117e-01;7.880817e-02;7.409085e-02;5.258897e-03;1.524817e-02
8.869073e-03;3.922076e-02;9.811179e-02;3.509859e-02;2.515847e-02;2.932532e-02;3.788838e-01;1.758982e-01;1.182492e-01;6.824940e-02;1.045116e-02;1.248418e-02
1.425195e-02;3.027789e-02;4.452925e-02;4.213029e-02;2.399138e-02;1.971087e-02;4.550487e-01;1.594801e-01;1.299668e-01;5.893540e-02;1.088591e-02;1.079154e-02
1.706115e-02;2.745925e-02;3.270119e-02;2.659011e-02;1.168894e-02;1.696564e-02;5.144060e-01;1.288612e-01;1.247097e-01;6.997316e-02;1.771376e-02;1.186994e-02
1.216395e-02;2.164912e-02;3.515572e-02;1.656046e-02;1.526584e-02;2.939929e-02;5.584266e-01;1.080952e-01;1.024779e-01;7.325942e-02;1.995131e-02;7.595108e-03
1.355449e-02;2.695468e-02;2.917345e-02;1.530015e-02;2.198604e-02;3.406147e-02;6.054941e-01;9.304556e-02;7.777517e-02;5.591666e-02;1.631367e-02;1.042457e-02
1.891808e-02;3.722497e-02;3.229912e-02;1.795766e-02;3.929423e-02;4.518896e-02;5.628802e-01;7.784691e-02;7.515844e-02;4.749295e-02;2.674813e-02;1.899035e-02
3.768269e-02;5.044078e-02;6.661610e-02;2.128974e-02;6.756347e-02;6.714511e-02;3.345231e-01;9.027379e-02;1.130335e-01;6.466390e-02;4.148217e-02;4.528568e-02
4.013297e-02;5.928624e-02;9.984970e-02;4.353220e-02;7.132018e-02;5.099218e-02;2.886408e-01;6.335855e-02;1.013513e-01;8.011914e-02;2.714691e-02;7.426985e-02
9.393121e-02;6.031362e-02;1.516267e-01;4.766105e-02;5.969192e-02;4.222213e-02;2.497053e-01;6.990258e-02;6.773558e-02;5.872268e-02;2.515453e-02;7.333277e-02
1.989227e-01;8.769306e-02;1.519012e-01;3.712989e-02;3.306355e-02;3.663495e-02;1.644242e-01;4.684067e-02;3.451585e-02;5.853552e-02;7.851988e-02;7.181853e-02
2.421633e-01;1.207100e-01;1.006126e-01;2.568087e-02;1.858977e-02;3.456432e-02;7.710331e-02;2.536465e-02;2.191895e-02;9.312014e-02;1.550773e-01;8.509487e-02
1.833686e-01;1.082455e-01;6.030864e-02;3.461346e-02;2.462966e-02;5.416060e-02;5.411149e-02;2.734849e-02;2.304383e-02;1.316970e-01;2.223881e-01;7.608458e-02
1.570254e-01;6.372684e-02;5.111167e-02;3.040586e-02;3.050036e-02;6.800762e-02;6.887375e-02;3.281868e-02;2.973200e-02;1.504800e-01;2.454339e-01;7.188401e-02
1.295347e-01;5.599918e-02;6.828587e-02;3.080023e-02;4.132129e-02;5.743546e-02;9.810520e-02;4.196877e-02;5.572832e-02;1.503653e-01;1.736512e-01;9.680445e-02
8.472870e-02;3.765158e-02;9.022595e-02;3.438816e-02;5.286540e-02;5.182107e-02;2.499042e-01;5.610125e-02;6.410223e-02;1.153092e-01;7.915554e-02;8.374671e-02
8.976734e-02;4.601261e-02;1.251987e-01;3.247108e-02;9.046423e-02;6.483156e-02;2.965733e-01;4.122511e-02;4.748532e-02;5.138993e-02;4.476655e-02;6.981434e-02
4.662060e-02;4.141323e-02;2.120610e-01;5.240725e-02;1.697326e-01;9.204748e-02;1.665172e-01;2.657152e-02;3.519894e-02;3.987177e-02;5.200274e-02;6.555567e-02
2.884193e-02;2.820984e-02;3.158557e-01;8.802887e-02;1.727692e-01;8.124296e-02;5.510015e-02;2.216336e-02;3.635685e-02;5.523020e-02;7.319289e-02;4.300812e-02
2.850951e-02;2.920712e-02;4.168161e-01;1.085499e-01;9.920222e-02;4.537713e-02;6.493908e-02;2.758156e-02;2.645146e-02;5.368173e-02;7.073308e-02;2.895105e-02
1.781748e-02;3.816012e-02;4.980775e-01;1.163831e-01;8.395209e-02;3.091152e-02;5.645877e-02;1.725354e-02;2.197992e-02;3.946417e-02;6.255275e-02;1.698907e-02
3.571587e-02;3.598684e-02;2.745589e-01;8.758169e-02;1.222209e-01;6.587623e-02;2.059788e-01;4.625672e-02;4.229271e-02;3.609411e-02;3.497567e-02;1.246166e-02
3.568141e-02;5.056446e-02;1.132817e-01;5.587107e-02;1.314605e-01;5.081356e-02;3.503850e-01;8.373615e-02;3.849809e-02;3.136196e-02;4.409218e-02;1.425390e-02
2.163105e-02;4.893155e-02;6.280711e-02;2.981346e-02;1.663349e-01;2.637328e-02;4.269557e-01;1.127398e-01;2.593857e-02;1.524582e-02;5.218668e-02;1.104206e-02
8.443445e-03;3.783597e-02;3.539394e-02;1.105128e-02;2.310629e-01;2.191455e-02;4.444933e-01;1.176957e-01;2.023618e-02;7.057266e-03;5.882164e-02;5.993776e-03
4.875530e-03;4.173469e-02;2.016304e-02;8.277236e-03;2.452657e-01;1.933777e-02;4.577500e-01;1.147694e-01;1.682654e-02;6.116773e-03;6.195349e-02;2.929902e-03
3.786119e-03;4.488111e-02;1.631710e-02;4.985303e-03;2.083006e-01;2.171836e-02;4.877590e-01;1.054799e-01;2.477436e-02;8.619180e-03;6.904173e-02;4.337315e-03
5.479908e-03;6.306263e-02;2.283585e-02;5.131492e-03;1.495623e-01;2.009131e-02;4.948927e-01;1.101667e-01;2.566529e-02;1.254895e-02;8.235849e-02;8.204474e-03
1.998622e-02;9.273740e-02;4.194668e-02;8.481759e-03;1.027595e-01;4.250591e-02;4.091958e-01;1.152538e-01;4.111628e-02;2.337917e-02;9.271619e-02;9.921301e-03
3.664591e-02;9.408168e-02;8.211130e-02;1.918253e-02;8.902838e-02;6.144417e-02;2.930010e-01;1.049322e-01;6.410725e-02;3.782113e-02;1.043453e-01;1.329903e-02
3.762413e-02;7.812969e-02;1.467094e-01;2.839924e-02;1.656106e-01;4.226703e-02;2.317612e-01;7.250209e-02;5.428937e-02;4.220017e-02;8.155040e-02;1.895685e-02
2.917275e-02;7.440942e-02;1.415679e-01;1.931638e-02;1.544108e-01;4.263985e-02;3.818648e-01;4.954322e-02;3.993632e-02;2.358957e-02;3.248419e-02;1.106488e-02
1.747961e-02;5.845990e-02;9.873991e-02;1.378300e-02;7.286084e-02;4.275378e-02;5.279588e-01;5.450576e-02;4.570245e-02;2.480090e-02;3.468593e-02;8.269206e-03
1.659740e-02;5.726084e-02;9.650952e-02;1.546607e-02;1.081000e-01;3.249622e-02;4.591727e-01;1.133224e-01;3.150070e-02;2.747181e-02;3.153954e-02;1.056281e-02
2.305484e-02;6.882284e-02;9.079857e-02;1.663152e-02;1.263586e-01;2.580266e-02;4.353293e-01;1.195072e-01;2.748669e-02;2.524977e-02;3.486368e-02;6.094347e-03
1.934084e-02;8.337130e-02;8.053537e-02;2.037199e-02;1.813810e-01;2.241951e-02;4.108971e-01;6.907970e-02;2.779224e-02;1.631200e-02;5.977485e-02;8.724069e-03
1.387152e-02;8.133164e-02;5.433864e-02;2.139897e-02;2.164344e-01;2.578371e-02;3.754689e-01;8.636983e-02;2.997701e-02;2.105508e-02;6.471156e-02;9.258625e-03
2.546560e-02;7.348805e-02;3.435692e-02;2.229544e-02;2.148782e-01;3.259069e-02;3.434577e-01;9.083423e-02;3.965222e-02;4.260795e-02;6.896248e-02;1.141049e-02
4.090224e-02;1.213325e-01;5.540558e-02;1.945982e-02;1.744322e-01;3.794743e-02;2.374692e-01;1.287408e-01;3.585949e-02;5.019672e-02;7.639595e-02;2.185817e-02
2.989444e-02;1.064311e-01;7.211110e-02;2.713299e-02;1.135735e-01;3.368354e-02;2.853523e-01;1.360330e-01;3.812209e-02;4.855199e-02;8.193763e-02;2.717639e-02
6.773810e-02;5.660040e-02;1.020973e-01;4.000890e-02;6.083946e-02;4.990995e-02;2.326963e-01;1.024799e-01;6.714790e-02;9.617525e-02;7.219768e-02;5.210887e-02
1.088087e-01;6.960632e-02;8.213045e-02;2.640896e-02;8.497661e-02;8.521808e-02;1.817342e-01;9.018682e-02;6.257518e-02;9.631113e-02;4.301561e-02;6.902801e-02
1.579390e-01;3.200563e-02;5.196545e-02;2.313736e-02;8.550336e-02;1.123609e-01;3.379351e-01;3.397948e-02;2.606131e-02;4.858597e-02;2.448311e-02;6.604325e-02
2.211960e-01;1.063108e-02;2.156304e-02;1.887418e-02;9.177671e-02;1.642624e-01;3.566293e-01;1.809289e-02;1.682948e-02;2.212957e-02;1.574166e-02;4.227372e-02
2.880316e-01;1.906615e-02;2.644880e-02;1.621885e-02;1.054216e-01;2.026491e-01;2.795674e-01;9.909968e-03;6.612882e-03;1.264324e-02;3.372226e-03;3.005822e-02
2.864788e-01;1.406620e-02;2.649708e-02;1.407112e-02;1.537444e-01;2.090020e-01;1.577608e-01;6.526608e-03;1.007861e-02;7.109093e-03;8.190949e-03;1.064743e-01
1.925377e-01;1.038243e-02;3.801112e-02;1.800059e-02;2.178125e-01;1.965308e-01;7.689295e-02;6.715775e-03;1.436666e-02;7.278370e-03;1.402530e-02;2.074458e-01
1.116479e-01;9.695737e-03;3.997129e-02;2.201636e-02;2.476008e-01;1.619191e-01;7.576168e-02;9.494788e-03;2.224923e-02;9.058053e-03;9.568125e-03;2.810168e-01
7.695288e-02;1.129516e-02;4.314988e-02;2.729912e-02;2.688359e-01;1.424932e-01;8.162465e-02;5.935572e-03;2.280074e-02;6.141270e-03;1.420682e-02;2.992647e-01
2.728728e-02;1.056606e-02;4.636071e-02;2.495655e-02;3.000285e-01;1.750619e-01;9.145567e-02;4.273255e-03;2.547385e-02;6.852939e-03;8.442951e-03;2.792403e-01
5.281701e-02;8.625286e-03;3.395891e-02;2.654134e-02;2.970724e-01;2.179713e-01;7.493033e-02;4.335803e-03;2.999722e-02;5.829132e-03;1.059634e-02;2.373250e-01
8.567651e-02;7.581443e-03;4.136016e-02;2.800224e-02;2.670637e-01;2.612920e-01;9.100658e-02;5.509322e-03;2.799223e-02;7.315684e-03;1.087433e-02;1.663258e-01
7.320577e-02;8.472484e-03;4.024762e-02;2.628759e-02;2.309658e-01;3.526565e-01;8.592042e-02;6.974874e-03;3.099120e-02;1.172695e-02;8.854998e-03;1.236958e-01
6.540819e-02;6.082119e-03;3.200983e-02;1.691110e-02;1.849585e-01;4.058177e-01;1.278571e-01;8.723048e-03;3.933596e-02;1.716380e-02;3.721932e-03;9.201086e-02
7.321646e-02;8.419013e-03;3.200848e-02;1.100619e-02;1.883552e-01;3.279821e-01;1.105473e-01;1.283006e-02;6.286694e-02;7.170942e-02;1.191509e-02;8.914372e-02
1.480597e-01;9.518818e-03;3.312737e-02;1.340164e-02;1.675252e-01;1.832553e-01;8.792067e-02;1.287113e-02;5.643066e-02;1.646731e-01;4.368086e-02;7.953553e-02
2.905418e-01;1.682540e-02;2.154966e-02;1.581660e-02;1.132850e-01;1.799448e-01;8.044890e-02;1.759596e-02;2.350727e-02;1.306790e-01;5.537001e-02;5.443566e-02
3.576182e-01;2.866650e-02;1.285163e-02;4.258264e-02;8.751860e-02;2.191710e-01;9.594156e-02;3.040593e-02;6.814441e-03;5.409913e-02;3.203085e-02;3.229953e-02
2.731441e-01;2.625287e-02;8.968765e-03;9.815513e-02;7.330083e-02;2.508673e-01;1.331272e-01;3.300118e-02;8.877231e-03;6.842268e-02;1.087519e-02;1.500747e-02
1.541857e-01;2.612053e-02;7.704451e-03;1.310361e-01;7.218380e-02;2.637107e-01;2.192304e-01;2.189791e-02;1.874123e-02;7.302931e-02;7.001981e-03;5.157856e-03
5.297983e-02;4.636953e-02;6.398087e-03;9.699430e-02;7.158769e-02;2.227094e-01;3.712387e-01;1.372121e-02;3.921927e-02;5.990102e-02;1.522522e-02;3.655719e-03
3.935321e-02;5.580193e-02;1.160874e-02;3.965157e-02;7.688371e-02;1.435465e-01;4.747861e-01;3.220331e-02;5.174065e-02;4.236983e-02;2.506666e-02;6.987771e-03
6.174815e-02;3.837152e-02;2.083784e-02;2.270845e-02;7.894298e-02;9.815080e-02;4.969889e-01;7.391360e-02;4.564061e-02;2.695469e-02;2.484182e-02;1.090066e-02
6.055727e-02;1.581149e-02;3.305757e-02;2.580160e-02;5.246003e-02;8.248912e-02;4.716714e-01;1.608605e-01;3.041381e-02;4.207660e-02;1.098651e-02;1.381407e-02
4.148335e-02;9.569086e-03;4.599449e-02;1.694689e-02;3.252906e-02;6.029408e-02;4.314817e-01;2.305082e-01;3.011180e-02;7.280950e-02;5.915929e-03;2.235586e-02
2.682220e-02;1.241653e-02;5.708260e-02;1.103190e-02;2.351201e-02;4.591293e-02;4.167995e-01;2.417310e-01;3.308933e-02;9.230762e-02;4.532829e-03;3.476159e-02
3.722342e-02;1.544963e-02;5.026231e-02;1.081791e-02;1.789674e-02;4.308825e-02;4.614406e-01;1.893355e-01;4.324349e-02;8.268557e-02;5.365544e-03;4.319096e-02
3.759048e-02;1.786580e-02;4.244502e-02;8.011499e-03;1.830674e-02;4.937562e-02;5.445988e-01;1.294820e-01;5.197703e-02;5.693511e-02;5.827297e-03;3.758454e-02
2.765232e-02;1.387377e-02;3.436796e-02;5.483582e-03;1.907386e-02;4.298840e-02;6.008542e-01;1.315335e-01;4.667308e-02;4.480227e-02;4.318366e-03;2.837877e-02
1.738560e-02;1.398090e-02;3.245860e-02;5.802108e-03;1.855368e-02;3.875243e-02;6.456792e-01;1.221488e-01;4.399606e-02;3.640864e-02;4.941950e-03;1.989209e-02
1.935010e-02;1.294478e-02;3.014323e-02;9.396832e-03;1.715827e-02;3.450001e-02;6.659209e-01;9.618200e-02;4.285337e-02;4.647236e-02;1.146307e-02;1.361513e-02
2.555030e-02;8.178239e-03;2.698853e-02;1.302917e-02;2.479031e-02;5.840158e-02;6.584269e-01;7.847527e-02;3.579009e-02;5.032502e-02;9.086021e-03;1.095856e-02
3.400631e-02;9.195720e-03;3.363984e-02;2.280323e-02;4.564985e-02;8.321755e-02;6.002240e-01;6.234260e-02;4.195525e-02;4.185969e-02;1.426909e-02;1.083686e-02
4.168957e-02;1.968104e-02;5.429160e-02;2.371952e-02;6.300967e-02;7.876831e-02;5.162585e-01;6.726405e-02;4.072638e-02;6.495008e-02;1.928819e-02;1.035315e-02
3.653753e-02;2.912851e-02;4.442455e-02;2.085494e-02;6.553517e-02;8.195208e-02;4.854558e-01;8.115092e-02;4.177372e-02;7.816764e-02;2.349189e-02;1.152727e-02
3.649759e-02;2.669137e-02;5.105532e-02;2.014865e-02;6.276584e-02;8.604924e-02;4.821210e-01;7.423490e-02;4.503136e-02;6.660195e-02;2.863507e-02;2.016773e-02
3.481272e-02;2.871466e-02;3.830775e-02;2.768004e-02;5.097720e-02;1.376702e-01;4.385608e-01;6.721435e-02;5.257053e-02;7.532638e-02;1.852898e-02;2.963639e-02
6.154969e-02;2.591253e-02;5.925520e-02;2.314749e-02;4.589949e-02;1.167126e-01;4.030449e-01;6.970488e-02;5.469593e-02;9.848180e-02;1.371427e-02;2.788124e-02
6.585046e-02;2.519592e-02;7.281563e-02;2.512142e-02;3.607045e-02;8.551447e-02;3.826923e-01;9.356084e-02;4.213714e-02;1.198191e-01;1.873632e-02;3.248603e-02
4.138386e-02;2.855400e-02;7.374812e-02;3.638855e-02;6.389862e-02;9.303654e-02;3.025441e-01;1.035324e-01;4.980824e-02;1.196292e-01;4.183385e-02;4.564266e-02
6.019555e-02;3.740852e-02;7.242741e-02;3.920309e-02;7.673796e-02;7.349209e-02;2.417313e-01;1.284115e-01;6.999481e-02;9.923910e-02;5.211443e-02;4.904428e-02
7.515364e-02;4.839249e-02;7.067399e-02;4.724963e-02;8.186714e-02;9.457248e-02;2.625614e-01;1.132142e-01;7.754286e-02;6.119160e-02;2.908431e-02;3.849626e-02
6.578221e-02;3.802621e-02;6.834664e-02;7.561259e-02;1.139536e-01;1.028063e-01;2.914465e-01;8.607118e-02;6.620668e-02;4.719203e-02;1.745800e-02;2.709806e-02
4.759910e-02;4.672007e-02;5.359067e-02;9.971274e-02;1.187677e-01;6.956632e-02;2.961076e-01;7.860357e-02;7.883858e-02;5.596317e-02;2.374986e-02;3.078065e-02
3.398537e-02;4.978526e-02;8.415478e-02;5.771555e-02;1.093375e-01;8.240403e-02;2.590892e-01;1.058897e-01;7.867835e-02;7.146373e-02;4.041801e-02;2.707862e-02
5.182502e-02;6.497226e-02;1.213390e-01;4.863479e-02;1.098342e-01;5.433749e-02;2.105185e-01;1.039527e-01;5.276339e-02;9.114991e-02;5.077573e-02;3.989700e-02
1.103513e-01;8.622123e-02;1.135914e-01;1.009932e-01;1.005340e-01;3.298327e-02;1.408742e-01;5.981822e-02;6.582566e-02;8.039357e-02;4.085686e-02;6.755717e-02
1.159944e-01;9.177814e-02;1.221114e-01;1.004082e-01;9.712070e-02;6.019196e-02;1.306182e-01;5.257536e-02;6.584603e-02;5.873519e-02;4.024410e-02;6.437631e-02
8.870553e-02;6.051512e-02;1.068244e-01;7.206181e-02;9.161042e-02;6.764616e-02;1.384226e-01;1.037097e-01;6.642191e-02;7.864226e-02;5.934502e-02;6.609508e-02
6.426709e-02;4.033986e-02;6.804570e-02;7.443375e-02;9.643228e-02;6.817132e-02;1.698859e-01;1.144484e-01;7.816756e-02;7.425846e-02;6.401904e-02;8.753069e-02
6.697544e-02;4.480779e-02;8.852767e-02;9.383058e-02;1.095919e-01;5.858399e-02;1.887497e-01;9.651767e-02;7.581298e-02;4.452227e-02;5.631993e-02;7.576014e-02
7.652863e-02;4.265014e-02;9.691221e-02;7.546935e-02;9.652544e-02;8.604184e-02;1.578411e-01;1.007048e-01;7.742836e-02;4.226202e-02;7.141998e-02;7.621612e-02
7.092243e-02;5.662590e-02;8.679536e-02;8.539077e-02;7.234558e-02;1.007195e-01;9.895801e-02;8.007678e-02;1.237050e-01;6.555778e-02;7.587673e-02;8.302621e-02
6.809875e-02;5.087555e-02;7.780130e-02;7.690768e-02;6.734540e-02;9.967732e-02;1.265644e-01;7.169122e-02;1.581005e-01;8.812857e-02;5.873774e-02;5.607167e-02
9.632489e-02;3.217645e-02;8.822470e-02;4.836660e-02;6.136350e-02;1.117049e-01;8.453421e-02;1.037116e-01;1.636797e-01;1.055227e-01;3.833107e-02;6.605954e-02
1.416957e-01;3.010976e-02;7.007816e-02;2.279738e-02;6.584799e-02;8.331160e-02;7.651799e-02;1.471610e-01;1.434302e-01;1.244782e-01;3.248318e-02;6.208885e-02
1.665556e-01;5.127846e-02;5.195779e-02;1.503017e-02;4.792858e-02;5.643594e-02;7.671678e-02;1.191749e-01;1.787618e-01;1.333906e-01;5.082091e-02;5.194847e-02
1.517814e-01;5.421417e-02;6.660350e-02;3.095411e-02;5.938388e-02;6.673753e-02;9.694643e-02;9.223684e-02;1.502158e-01;1.238251e-01;5.009022e-02;5.701097e-02
1.250176e-01;3.868000e-02;6.778345e-02;5.290057e-02;9.075727e-02;1.296183e-01;8.131804e-02;1.318569e-01;9.799190e-02;8.761864e-02;4.239069e-02;5.406662e-02
8.229568e-02;6.237806e-02;8.271929e-02;5.689285e-02;9.915658e-02;1.403179e-01;1.097763e-01;1.263748e-01;1.056980e-01;5.551571e-02;2.914697e-02;4.972781e-02
5.946149e-02;8.976657e-02;1.088579e-01;4.291162e-02;1.095975e-01;7.753904e-02;1.538877e-01;1.112687e-01;1.094311e-01;4.151968e-02;2.420540e-02;7.155336e-02
7.658044e-02;8.099021e-02;9.273255e-02;7.334555e-02;9.418465e-02;8.983018e-02;1.858772e-01;9.386914e-02;8.044527e-02;4.230654e-02;2.029415e-02;6.954413e-02
8.961292e-02;6.248790e-02;9.642521e-02;6.874602e-02;5.742101e-02;9.736951e-02;2.163760e-01;1.452178e-01;4.982871e-02;4.520088e-02;1.811537e-02;5.319859e-02
9.094787e-02;6.961307e-02;9.713193e-02;5.304125e-02;2.756807e-02;8.135361e-02;2.079606e-01;1.733938e-01;5.477608e-02;5.878623e-02;2.133178e-02;6.409582e-02
6.077616e-02;6.678225e-02;1.040345e-01;8.243492e-02;5.464160e-02;5.342919e-02;1.574661e-01;1.773217e-01;6.009019e-02;1.029796e-01;2.594599e-02;5.409784e-02
4.477860e-02;4.622943e-02;8.351345e-02;8.780866e-02;9.412566e-02;6.258874e-02;1.183825e-01;1.859879e-01;8.864243e-02;1.228709e-01;2.274743e-02;4.232436e-02
4.995073e-02;3.890464e-02;6.642772e-02;5.797816e-02;1.079758e-01;7.827859e-02;9.379932e-02;1.686870e-01;1.536800e-01;1.147520e-01;2.224136e-02;4.732459e-02
4.020626e-02;3.480800e-02;6.349924e-02;5.347380e-02;9.596821e-02;1.078890e-01;1.134051e-01;1.012691e-01;1.705010e-01;1.639252e-01;2.384228e-02;3.121283e-02
1.620951e-02;3.881457e-02;7.469290e-02;5.919643e-02;1.149466e-01;9.796204e-02;1.696243e-01;6.204031e-02;1.527025e-01;1.478432e-01;3.669823e-02;2.926951e-02
2.888292e-02;4.061377e-02;7.492814e-02;4.293715e-02;8.056557e-02;1.394722e-01;2.081897e-01;7.619953e-02;1.563889e-01;9.207817e-02;3.507923e-02;2.466473e-02
3.394241e-02;3.775142e-02;7.263748e-02;6.852411e-02;7.193837e-02;1.201588e-01;1.900576e-01;7.114559e-02;1.951997e-01;8.121671e-02;3.504534e-02;2.238254e-02
3.419814e-02;3.900781e-02;1.062432e-01;9.372120e-02;8.530248e-02;1.035681e-01;1.581338e-01;7.937780e-02;1.885383e-01;6.039944e-02;2.914502e-02;2.236462e-02
3.432199e-02;4.407134e-02;1.575343e-01;1.189381e-01;8.168759e-02;1.158128e-01;9.414305e-02;5.776128e-02;1.752556e-01;7.431658e-02;1.985517e-02;2.630215e-02
5.582375e-02;4.045875e-02;1.771655e-01;1.017627e-01;8.140361e-02;1.294954e-01;8.487023e-02;6.813410e-02;9.733992e-02;1.198694e-01;1.254734e-02;3.112931e-02
8.357436e-02;3.292570e-02;1.367552e-01;6.410798e-02;6.514735e-02;1.218233e-01;1.066914e-01;1.114545e-01;7.368749e-02;1.395546e-01;2.390992e-02;4.036814e-02
7.044991e-02;2.728866e-02;1.246919e-01;7.427318e-02;7.031845e-02;1.053970e-01;1.084178e-01;9.602936e-02;1.229766e-01;1.206988e-01;2.630241e-02;5.315593e-02
5.232245e-02;4.593151e-02;1.635560e-01;6.503613e-02;9.835482e-02;8.547886e-02;8.709425e-02;5.659274e-02;1.613868e-01;8.626327e-02;4.675388e-02;5.122926e-02
1.157146e-01;7.738288e-02;1.574765e-01;5.829112e-02;5.130449e-02;6.702163e-02;1.132306e-01;8.729878e-02;8.877540e-02;9.997487e-02;5.212438e-02;3.140477e-02
1.124683e-01;8.240276e-02;1.552679e-01;6.618953e-02;6.097237e-02;6.692560e-02;1.126567e-01;1.013191e-01;9.233881e-02;8.778014e-02;3.230479e-02;2.937403e-02
6.981336e-02;1.017393e-01;1.237664e-01;7.588284e-02;8.292223e-02;7.147761e-02;1.125834e-01;1.276853e-01;9.201770e-02;9.034692e-02;2.209714e-02;2.966776e-02
7.327001e-02;9.444980e-02;9.737437e-02;7.558927e-02;8.728506e-02;5.458046e-02;1.593647e-01;1.214975e-01;1.064345e-01;8.978211e-02;1.866046e-02;2.171179e-02
8.486541e-02;7.448346e-02;7.506000e-02;1.137183e-01;9.094880e-02;5.474819e-02;1.571865e-01;1.122029e-01;1.178112e-01;6.927629e-02;2.974848e-02;1.995049e-02
5.103540e-02;4.840835e-02;1.338090e-01;1.682123e-01;1.238303e-01;3.468351e-02;9.227408e-02;9.977912e-02;1.310840e-01;6.683365e-02;3.170524e-02;1.834504e-02
2.374179e-02;1.887470e-02;1.473320e-01;1.812389e-01;1.929874e-01;2.998043e-02;5.329497e-02;6.426595e-02;1.304429e-01;1.086921e-01;1.990055e-02;2.924832e-02
1.203125e-02;1.349541e-02;8.131226e-02;1.250665e-01;2.832238e-01;5.647351e-02;8.589671e-02;2.616055e-02;1.699321e-01;9.688088e-02;7.782160e-03;4.174484e-02
1.111321e-02;8.504853e-03;6.179188e-02;5.504862e-02;3.286556e-01;1.179521e-01;1.002952e-01;1.723830e-02;2.170671e-01;3.907595e-02;4.122308e-03;3.913490e-02
2.115897e-02;9.748181e-03;5.375517e-02;5.656205e-02;2.907140e-01;1.866271e-01;1.038907e-01;4.083234e-02;1.716844e-01;3.482579e-02;2.434405e-03;2.776690e-02
3.544628e-02;1.845334e-02;7.063419e-02;7.346801e-02;1.870894e-01;2.263166e-01;1.184510e-01;8.891115e-02;8.082327e-02;7.480000e-02;5.393068e-03;2.021370e-02
3.319327e-02;2.314052e-02;9.066630e-02;5.911656e-02;1.216266e-01;2.506447e-01;1.679199e-01;9.351095e-02;4.711688e-02;9.245788e-02;3.445365e-03;1.716095e-02
2.941082e-02;1.555935e-02;6.903248e-02;3.796438e-02;1.159663e-01;2.213713e-01;3.303546e-01;6.032537e-02;3.926134e-02;6.274624e-02;3.204638e-03;1.480316e-02
1.528306e-02;9.648996e-03;2.474836e-02;2.637561e-02;1.012923e-01;1.551339e-01;5.681232e-01;2.423779e-02;3.843262e-02;2.542755e-02;3.290103e-03;8.006489e-03
1.388673e-02;1.041226e-02;2.371996e-02;1.580143e-02;8.016199e-02;1.143911e-01;6.624557e-01;2.027984e-02;3.479918e-02;1.314383e-02;4.483940e-03;6.464121e-03
1.328586e-02;1.020241e-02;1.626317e-02;1.514776e-02;6.709620e-02;7.576814e-02;7.249153e-01;2.282115e-02;2.971438e-02;1.190079e-02;5.468234e-03;7.416644e-03
1.171580e-02;1.139894e-02;1.194231e-02;2.198211e-02;5.032635e-02;8.319506e-02;7.422982e-01;2.458586e-02;1.854858e-02;1.240838e-02;5.591865e-03;6.006509e-03
1.471247e-02;1.322771e-02;1.365031e-02;1.966244e-02;5.193732e-02;8.331878e-02;7.395470e-01;2.326296e-02;1.535987e-02;1.225406e-02;5.793768e-03;7.273275e-03
2.718995e-02;2.188575e-02;1.921317e-02;1.594957e-02;4.727532e-02;6.671765e-02;6.993802e-01;2.841430e-02;3.369238e-02;1.829706e-02;1.022440e-02;1.176024e-02
3.495604e-02;3.395092e-02;1.718344e-02;1.243917e-02;3.757257e-02;4.819794e-02;6.711106e-01;4.545350e-02;5.416925e-02;1.933944e-02;1.424727e-02;1.137985e-02
2.806356e-02;3.146636e-02;1.839297e-02;8.343570e-03;4.492261e-02;3.056106e-02;6.920408e-01;5.809235e-02;5.513109e-02;1.398671e-02;1.290009e-02;6.098788e-03
1.642270e-02;2.342124e-02;1.466671e-02;5.179598e-03;4.767879e-02;3.510810e-02;7.172584e-01;6.896266e-02;3.448297e-02;2.143443e-02;1.219954e-02;3.184868e-03
1.285711e-02;1.441585e-02;1.121608e-02;6.645758e-03;3.088251e-02;3.201044e-02;7.137761e-01;8.054252e-02;3.493681e-02;4.870911e-02;1.164680e-02;2.360947e-03
1.517050e-02;1.477093e-02;2.280833e-02;1.096697e-02;3.885288e-02;4.296749e-02;6.509461e-01;7.354627e-02;4.249710e-02;6.947701e-02;1.305617e-02;4.940164e-03
1.718112e-02;2.758028e-02;6.125561e-02;1.783226e-02;6.668205e-02;6.968728e-02;5.541059e-01;4.988387e-02;6.120990e-02;5.367398e-02;1.411583e-02;6.791872e-03
1.788415e-02;4.080216e-02;1.291633e-01;2.625686e-02;8.829518e-02;8.768072e-02;4.211824e-01;3.988705e-02;8.206121e-02;3.663086e-02;1.992204e-02;1.023410e-02
1.801882e-02;4.602809e-02;1.426276e-01;3.318324e-02;8.488074e-02;6.911599e-02;3.446773e-01;4.654301e-02;1.096201e-01;6.629145e-02;2.792164e-02;1.109210e-02
2.202749e-02;2.746594e-02;8.451416e-02;2.128443e-02;9.130713e-02;5.880086e-02;4.683862e-01;5.954026e-02;7.171873e-02;6.405570e-02;2.392311e-02;6.975978e-03
1.937856e-02;3.285548e-02;8.527464e-02;1.840220e-02;9.331018e-02;6.482076e-02;5.142375e-01;4.861109e-02;3.903685e-02;4.607110e-02;3.045234e-02;7.549229e-03
2.058096e-02;5.659283e-02;1.050468e-01;3.644643e-02;7.819717e-02;4.232701e-02;4.729740e-01;5.427787e-02;3.226097e-02;5.076244e-02;3.375014e-02;1.678330e-02
2.206674e-02;3.312331e-02;8.800255e-02;6.955570e-02;6.995258e-02;7.246202e-02;2.307160e-01;1.473836e-01;7.798864e-02;1.351218e-01;2.884499e-02;2.478205e-02
2.356621e-02;2.289453e-02;8.933631e-02;6.781695e-02;9.610608e-02;8.771372e-02;1.541647e-01;1.508318e-01;1.062085e-01;1.391880e-01;3.050203e-02;3.167104e-02
3.484169e-02;3.940498e-02;1.019897e-01;5.400207e-02;8.991738e-02;8.857149e-02;1.596204e-01;1.471369e-01;1.104899e-01;1.031317e-01;3.812486e-02;3.276886e-02
6.140528e-02;4.749160e-02;8.966133e-02;5.437454e-02;5.881243e-02;5.996915e-02;1.685442e-01;1.128185e-01;1.379900e-01;1.379317e-01;4.028417e-02;3.071713e-02
5.404940e-02;2.658774e-02;4.266017e-02;9.622077e-02;9.648754e-02;2.448890e-02;1.375183e-01;6.068949e-02;1.648527e-01;2.380163e-01;3.977590e-02;1.865282e-02
4.270955e-02;1.613596e-02;2.207736e-02;1.075503e-01;1.543901e-01;2.253012e-02;9.191727e-02;3.722346e-02;1.258113e-01;3.232946e-01;4.390948e-02;1.245043e-02
4.962610e-02;9.399102e-03;2.311829e-02;1.243127e-01;1.821699e-01;1.674601e-02;7.061753e-02;2.331967e-02;1.422889e-01;3.004335e-01;4.014448e-02;1.782377e-02
4.865854e-02;1.512892e-02;3.844609e-02;1.539165e-01;2.384729e-01;9.554944e-03;6.637487e-02;1.702895e-02;1.617330e-01;2.175168e-01;2.105272e-02;1.211572e-02
3.229809e-02;2.837838e-02;3.942859e-02;1.413374e-01;3.320513e-01;1.162699e-02;6.012910e-02;2.501197e-02;1.033854e-01;1.993473e-01;1.752779e-02;9.477787e-03
1.483750e-02;7.113993e-02;2.525753e-02;9.966005e-02;4.009320e-01;1.259294e-02;3.548074e-02;1.738840e-02;6.198566e-02;2.377828e-01;1.257102e-02;1.037136e-02
1.657624e-02;1.361449e-01;2.520034e-02;3.605401e-02;3.624009e-01;1.958061e-02;1.722762e-02;3.619039e-02;4.092912e-02;2.803186e-01;1.856073e-02;1.081649e-02
2.231558e-02;2.218709e-01;2.364693e-02;5.056410e-02;2.132850e-01;2.083457e-02;1.278237e-02;6.892674e-02;2.486844e-02;3.050467e-01;2.505921e-02;1.079950e-02
1.885898e-02;2.052370e-01;2.709486e-02;4.974034e-02;2.724771e-01;2.895471e-02;1.478259e-02;6.253266e-02;2.634042e-02;2.486795e-01;3.898618e-02;6.315490e-03
1.732136e-02;1.357947e-01;3.863002e-02;2.941618e-02;3.310516e-01;4.523311e-02;1.271165e-02;4.121578e-02;2.121917e-02;2.198606e-01;9.933304e-02;8.212890e-03
2.670097e-02;6.214827e-02;8.919833e-02;1.993170e-02;2.241965e-01;1.435988e-01;2.177220e-02;2.755474e-02;1.553021e-02;1.472628e-01;1.997902e-01;2.231532e-02
3.208578e-02;8.943151e-02;1.426661e-01;1.618760e-02;1.099188e-01;1.813810e-01;1.710375e-02;2.390989e-02;1.211663e-02;1.201254e-01;2.313518e-01;2.372176e-02
1.900836e-02;1.152372e-01;1.297153e-01;1.569346e-02;7.089423e-02;1.594800e-01;2.474502e-02;1.804681e-02;2.023280e-02;1.710677e-01;2.350606e-01;2.081851e-02
2.109554e-02;8.686235e-02;7.678917e-02;2.083489e-02;1.963204e-01;1.064642e-01;2.304301e-02;1.578548e-02;2.495509e-02;2.041189e-01;2.062560e-01;1.747504e-02
3.056144e-02;8.337775e-02;4.957061e-02;2.474412e-02;3.009851e-01;6.420508e-02;1.818676e-02;2.143103e-02;2.416988e-02;1.943027e-01;1.711357e-01;1.732983e-02
3.349102e-02;6.701447e-02;7.462106e-02;2.560503e-02;2.777943e-01;3.738669e-02;1.299768e-02;2.529504e-02;2.691380e-02;2.133672e-01;1.794794e-01;2.603434e-02
2.973963e-02;4.578793e-02;1.008220e-01;1.831266e-02;1.993668e-01;5.644170e-02;1.716449e-02;2.108267e-02;3.275806e-02;2.232270e-01;2.405255e-01;1.477157e-02
3.335415e-02;4.977900e-02;1.032885e-01;2.394624e-02;1.669992e-01;4.939351e-02;2.273824e-02;3.014491e-02;3.543630e-02;1.685717e-01;2.769059e-01;3.944226e-02
2.868596e-02;4.597301e-02;1.082930e-01;2.416258e-02;1.141621e-01;8.324511e-02;1.514099e-02;2.619400e-02;2.406018e-02;1.642468e-01;3.180431e-01;4.779322e-02
2.866893e-02;3.480040e-02;5.846788e-02;1.720838e-02;4.196736e-02;1.837831e-01;2.787839e-02;2.199659e-02;2.063381e-02;1.863654e-01;3.332933e-01;4.493648e-02
3.138195e-02;2.560217e-02;3.830901e-02;1.249462e-02;5.643332e-02;2.368078e-01;1.621104e-02;2.181768e-02;1.798991e-02;1.769135e-01;3.285627e-01;3.747622e-02
1.637251e-02;2.920117e-02;2.954608e-02;7.490722e-03;5.082543e-02;1.886940e-01;3.604430e-02;7.283492e-02;1.761793e-02;2.063808e-01;3.114943e-01;3.349787e-02
3.621045e-02;2.668091e-02;2.832968e-02;8.948312e-03;3.889821e-02;9.785625e-02;2.492846e-02;1.756092e-01;2.544412e-02;2.603694e-01;2.529028e-01;2.382227e-02
1.998283e-02;3.164821e-02;2.382421e-02;6.148444e-03;6.394651e-02;5.919165e-02;2.150956e-02;2.411319e-01;2.902335e-02;3.139524e-01;1.751613e-01;1.447960e-02
1.745527e-02;3.370024e-02;1.348600e-02;6.880191e-03;7.395753e-02;6.040356e-02;1.942980e-02;2.149009e-01;2.801521e-02;3.907877e-01;1.337485e-01;7.235202e-03
1.906616e-02;2.089320e-02;1.458883e-02;5.712372e-03;7.892912e-02;5.136842e-02;3.126528e-02;1.368028e-01;2.654025e-02;4.971837e-01;1.111795e-01;6.470315e-03
7.278614e-03;1.896732e-02;1.213424e-02;5.772829e-03;9.991526e-02;4.366823e-02;1.977561e-02;4.456244e-02;4.308018e-02;5.969745e-01;1.009467e-01;6.924003e-03
1.516131e-02;1.587782e-02;1.347821e-02;2.957922e-03;9.142849e-02;3.164212e-02;4.861274e-02;3.895054e-02;5.478895e-02;5.897298e-01;9.148073e-02;5.891280e-03
5.803866e-03;1.325186e-02;1.628809e-02;9.168698e-03;5.445057e-02;2.090074e-02;1.149709e-01;5.665505e-02;7.639050e-02;5.366399e-01;8.933310e-02;6.146679e-03
2.004532e-02;1.065857e-02;2.375041e-02;3.153926e-02;7.986230e-02;1.507628e-02;1.870134e-01;3.770280e-02;1.078991e-01;4.141266e-01;6.658262e-02;5.743276e-03
5.885657e-02;5.210316e-03;2.372374e-02;7.094383e-02;1.100603e-01;9.591806e-03;1.707281e-01;2.674777e-02;1.604267e-01;3.161816e-01;4.382585e-02;3.703420e-03
1.515220e-01;1.048801e-02;2.505192e-02;9.285546e-02;9.042244e-02;5.068400e-03;1.027553e-01;1.655788e-02;2.291615e-01;2.407732e-01;2.864778e-02;6.696104e-03
2.068766e-01;1.710396e-02;1.748168e-02;1.007687e-01;4.181681e-02;9.381879e-03;9.480491e-02;1.887358e-02;3.009625e-01;1.673670e-01;1.825672e-02;6.305681e-03
1.656554e-01;1.497710e-02;1.018701e-02;1.481046e-01;2.643643e-02;8.764515e-03;5.873535e-02;1.859960e-02;4.211206e-01;1.071000e-01;1.210308e-02;8.216223e-03
1.004352e-01;8.885171e-03;1.189016e-02;1.954681e-01;2.043612e-02;5.897461e-03;4.446438e-02;1.921387e-02;5.129821e-01;5.908744e-02;1.040311e-02;1.083695e-02
8.539946e-02;5.346101e-03;1.030629e-02;2.078012e-01;2.342991e-02;3.368008e-03;4.123035e-02;2.230363e-02;5.337277e-01;5.643702e-02;4.011773e-03;6.638634e-03
6.816473e-02;5.031459e-03;9.331773e-03;2.196967e-01;2.088610e-02;6.777682e-03;3.447196e-02;1.871532e-02;5.252699e-01;7.419827e-02;9.186725e-03;8.269427e-03
4.990531e-02;4.548010e-03;1.183465e-02;2.107660e-01;4.604300e-02;6.953283e-03;3.627340e-02;1.662065e-02;4.671406e-01;1.242043e-01;1.434247e-02;1.136828e-02
5.035331e-02;5.580164e-03;1.501930e-02;1.741574e-01;1.078172e-01;7.738412e-03;2.527674e-02;1.625523e-02;3.520347e-01;2.221630e-01;1.538295e-02;8.221673e-03
2.664026e-02;2.195412e-02;8.713089e-03;1.055335e-01;2.095430e-01;8.288239e-03;1.803837e-02;1.926461e-02;2.128137e-01;3.451652e-01;1.709916e-02;6.946887e-03
2.249570e-02;4.320842e-02;7.286243e-03;6.000974e-02;2.389019e-01;5.815565e-03;1.425599e-02;2.248086e-02;1.138692e-01;4.318036e-01;2.688335e-02;1.298938e-02
1.604008e-02;5.308584e-02;1.355838e-02;4.840348e-02;1.536832e-01;1.432905e-02;1.042376e-02;3.195043e-02;7.636685e-02;4.995639e-01;7.243265e-02;1.016245e-02
1.066320e-02;5.020784e-02;1.713649e-02;3.969566e-02;6.084575e-02;5.677098e-02;1.690388e-02;3.983876e-02;5.252177e-02;4.600072e-01;1.874559e-01;7.952609e-03
1.699916e-02;2.921245e-02;1.593864e-02;2.072061e-02;1.487503e-01;1.251591e-01;1.741453e-02;1.916171e-02;3.273633e-02;2.648406e-01;2.962914e-01;1.277519e-02
1.934930e-02;1.435143e-02;3.060425e-02;1.272095e-02;1.320179e-01;2.066836e-01;1.457252e-02;1.139586e-02;3.960314e-02;1.011411e-01;3.893083e-01;2.825167e-02
1.258785e-02;1.017738e-02;5.962203e-02;6.804463e-03;7.539285e-02;2.274519e-01;1.205716e-02;1.120583e-02;4.579066e-02;1.051180e-01;3.829117e-01;5.088010e-02
3.063770e-02;1.634752e-02;9.460002e-02;1.949267e-02;2.675312e-02;1.781862e-01;2.647504e-02;7.770252e-03;3.883563e-02;1.222933e-01;3.444578e-01;9.415072e-02
4.202869e-02;2.400961e-02;1.091293e-01;1.338128e-02;9.580687e-02;9.510588e-02;2.898961e-02;1.182363e-02;4.519860e-02;1.148314e-01;2.667349e-01;1.529603e-01
4.890642e-02;2.314992e-02;7.768282e-02;3.076678e-02;1.565543e-01;6.309197e-02;2.382442e-02;8.817763e-03;4.305150e-02;7.077749e-02;2.519794e-01;2.013972e-01
3.604813e-02;3.434882e-02;4.331135e-02;2.038965e-02;1.469972e-01;3.987850e-02;3.046132e-02;7.103807e-03;3.542400e-02;9.165157e-02;3.007437e-01;2.136419e-01
1.437653e-01;7.409143e-02;7.244171e-02;2.019208e-02;1.033511e-01;7.706232e-02;4.256316e-02;1.715873e-02;2.902780e-02;7.795525e-02;1.439231e-01;1.984680e-01
1.593007e-01;1.129067e-01;2.192441e-01;3.971413e-02;7.674518e-02;1.019169e-01;4.203377e-02;2.290290e-02;2.988218e-02;3.683810e-02;3.304406e-02;1.254713e-01
7.912646e-02;7.421585e-02;4.182353e-01;3.706059e-02;5.795211e-02;1.002390e-01;3.435122e-02;1.831826e-02;4.653553e-02;4.508109e-02;3.936382e-02;4.952075e-02
5.084916e-02;7.252230e-02;4.915135e-01;4.968088e-02;3.387979e-02;5.298972e-02;3.400668e-02;1.898097e-02;4.939666e-02;4.550170e-02;4.458598e-02;5.609262e-02
3.303810e-02;5.743482e-02;4.070699e-01;5.582942e-02;5.546407e-02;5.722884e-02;3.936591e-02;1.337518e-02;4.356737e-02;4.399766e-02;1.098197e-01;8.380906e-02
3.693433e-02;4.147672e-02;2.970077e-01;6.601068e-02;7.846484e-02;1.352084e-01;3.677488e-02;1.269543e-02;5.775994e-02;5.188718e-02;1.006907e-01;8.508925e-02
6.844950e-02;5.879636e-02;2.704901e-01;5.246959e-02;5.236448e-02;1.550717e-01;3.538194e-02;1.757547e-02;6.440490e-02;8.087230e-02;7.065169e-02;7.347204e-02
6.689309e-02;5.564506e-02;2.795598e-01;2.796590e-02;5.314747e-02;1.304385e-01;4.112349e-02;2.941993e-02;5.670173e-02;7.314519e-02;1.296123e-01;5.634758e-02
6.872172e-02;5.980924e-02;2.894458e-01;3.115235e-02;6.058921e-02;1.166902e-01;3.921498e-02;3.449306e-02;6.292316e-02;5.908640e-02;1.208928e-01;5.698109e-02
5.537983e-02;3.431745e-02;2.605967e-01;4.704520e-02;1.137541e-01;1.190541e-01;4.009759e-02;3.263359e-02;5.945228e-02;5.866046e-02;9.197904e-02;8.702961e-02
2.844716e-02;3.683713e-02;2.041289e-01;5.108476e-02;1.299489e-01;1.169087e-01;6.026946e-02;3.737504e-02;5.692548e-02;5.681739e-02;1.090184e-01;1.122387e-01
