3.868566e-02;7.245953e-02;1.086472e-01;8.754729e-02;1.726566e-01;1.049125e-01;7.401179e-02;1.188614e-01;5.552084e-02;6.534218e-02;6.008886e-02;4.126610e-02
4.239986e-02;6.378191e-02;8.253943e-02;1.400899e-01;1.874259e-01;6.526698e-02;1.025541e-01;7.819828e-02;5.983881e-02;7.969997e-02;5.893378e-02;3.927115e-02
3.351321e-02;1.190183e-01;1.373864e-02;1.090541e-01;1.789602e-01;3.880972e-02;8.841100e-02;1.164355e-01;3.791484e-02;9.398863e-02;1.407729e-01;2.938282e-02
3.067998e-02;1.213321e-01;7.986873e-02;3.912898e-02;8.442560e-02;1.045219e-01;3.810729e-02;1.263608e-01;3.351623e-02;6.225175e-02;2.627390e-01;1.706769e-02
4.542212e-02;6.055750e-02;1.121328e-01;1.269463e-02;1.562604e-02;1.567314e-01;3.542274e-02;8.499222e-02;7.192018e-02;6.263702e-02;3.318048e-01;1.005860e-02
4.938533e-02;2.432620e-02;9.611902e-02;6.434682e-03;3.421715e-02;1.630085e-01;5.426886e-02;6.587555e-02;7.767577e-02;9.103598e-02;3.277650e-01;9.887916e-03
7.777615e-02;4.413835e-02;6.960078e-02;8.323819e-03;5.135488e-02;1.360772e-01;8.915763e-02;6.522158e-02;5.891749e-02;8.176743e-02;2.857078e-01;3.195690e-02
1.009027e-01;7.700922e-02;4.044969e-02;1.650457e-02;6.656426e-02;8.811474e-02;1.200227e-01;9.682634e-02;6.278828e-02;7.729390e-02;2.065473e-01;4.697630e-02
7.864519e-02;9.414218e-02;4.327071e-02;3.875402e-02;5.912935e-02;9.564946e-02;1.335476e-01;9.258609e-02;8.790281e-02;7.881942e-02;1.616357e-01;3.591753e-02
9.620386e-02;4.664332e-02;3.628040e-02;3.735191e-02;4.007851e-02;1.559673e-01;1.349558e-01;1.061655e-01;1.103905e-01;4.490725e-02;1.815841e-01;9.471538e-03
7.313048e-02;6.536826e-02;7.169782e-02;3.648792e-02;9.683956e-02;1.558141e-01;1.292779e-01;7.356392e-02;9.001553e-02;4.762137e-02;1.490646e-01;1.111854e-02
6.248344e-02;6.986175e-02;9.694761e-02;3.186839e-02;1.165194e-01;1.461328e-01;9.020671e-02;6.197577e-02;7.897433e-02;5.502899e-02;1.712869e-01;1.871386e-02
6.715351e-02;7.406909e-02;9.149618e-02;4.191447e-02;1.060776e-01;9.373093e-02;8.595993e-02;9.069587e-02;1.075935e-01;5.070503e-02;1.440790e-01;4.652485e-02
1.072389e-01;9.103077e-02;5.484526e-02;5.300049e-02;6.788602e-02;5.774926e-02;1.235861e-01;1.366600e-01;8.071688e-02;6.024814e-02;1.107935e-01;5.624468e-02
1.774154e-01;1.380202e-01;4.577702e-02;4.024401e-02;4.777007e-02;5.424263e-02;1.456716e-01;1.214236e-01;4.542550e-02;4.888539e-02;8.067293e-02;5.445177e-02
2.242642e-01;1.283461e-01;2.198842e-02;3.286606e-02;2.703153e-02;3.062690e-02;1.662315e-01;1.161205e-01;2.345712e-02;3.528820e-02;1.278468e-01;6.593261e-02
2.096214e-01;7.788989e-02;1.282691e-02;5.633637e-02;1.830816e-02;1.222415e-02;2.299256e-01;1.369533e-01;1.374196e-02;2.949196e-02;9.801891e-02;1.046613e-01
1.197726e-01;3.046268e-02;5.473762e-03;7.804110e-02;1.120484e-02;1.304674e-02;3.089184e-01;1.848668e-01;1.885699e-02;2.633616e-02;5.336665e-02;1.496533e-01
6.578283e-02;2.203354e-02;6.948574e-03;9.035472e-02;5.049624e-03;1.937553e-02;3.452320e-01;1.389922e-01;1.736405e-02;2.659483e-02;6.377129e-02;1.985009e-01
8.114750e-02;1.540991e-02;2.935382e-03;1.121827e-01;1.586683e-03;1.573093e-02;3.666151e-01;5.639419e-02;6.192147e-03;3.414090e-02;4.919473e-02;2.584699e-01
1.076732e-01;1.140080e-02;1.740508e-03;1.240653e-01;1.756578e-03;9.170805e-03;3.288009e-01;6.794525e-02;6.832651e-03;5.567189e-02;3.301798e-02;2.519241e-01
1.299246e-01;1.566444e-02;3.372571e-03;1.148503e-01;1.628413e-03;1.302680e-02;3.269797e-01;8.636468e-02;9.922051e-03;8.048413e-02;2.461367e-02;1.931687e-01
1.473275e-01;2.871803e-02;4.039702e-03;7.792984e-02;1.092295e-02;3.284318e-02;3.281481e-01;1.287458e-01;1.659171e-02;7.790393e-02;2.997922e-02;1.168500e-01
1.592573e-01;5.905389e-02;7.496897e-03;4.094291e-02;2.640386e-02;4.461484e-02;2.818528e-01;1.701637e-01;2.315801e-02;5.627970e-02;6.558099e-02;6.519507e-02
1.444536e-01;7.347732e-02;1.056806e-02;1.878281e-02;3.110470e-02;3.543945e-02;2.247327e-01;1.734371e-01;3.445843e-02;5.214896e-02;1.701460e-01;3.125098e-02
1.020433e-01;5.591966e-02;1.411311e-02;2.206453e-02;2.843465e-02;2.327537e-02;1.907433e-01;1.253404e-01;4.514218e-02;6.901119e-02;3.056192e-01;1.829309e-02
1.444513e-01;2.687489e-02;2.517645e-02;2.649768e-02;2.186478e-02;4.168279e-02;1.435268e-01;7.734741e-02;6.329950e-02;6.387281e-02;3.452922e-01;2.011349e-02
1.457442e-01;3.753112e-02;2.334097e-02;2.855851e-02;1.721740e-02;3.001322e-02;9.369345e-02;1.159736e-01;3.771866e-02;1.004250e-01;3.251233e-01;4.466052e-02
1.112026e-01;3.294950e-02;7.763061e-03;3.011436e-02;2.696461e-02;2.296876e-02;1.063316e-01;1.498444e-01;2.664127e-02;1.044249e-01;3.340391e-01;4.675587e-02
8.764826e-02;2.556733e-02;4.606446e-03;3.079155e-02;1.642518e-02;2.033394e-02;1.108676e-01;1.645574e-01;3.218039e-02;6.945743e-02;4.120325e-01;2.553193e-02
1.245379e-01;3.820553e-02;1.467871e-02;2.414684e-02;6.232572e-03;3.505638e-02;8.047716e-02;1.046109e-01;6.783845e-02;4.595412e-02;4.471716e-01;1.108981e-02
2.713412e-01;6.021765e-02;1.576471e-02;3.897987e-03;1.207015e-02;2.949205e-02;6.043139e-02;4.754780e-02;9.934249e-02;4.109053e-02;3.359166e-01;2.288743e-02
3.522999e-01;1.013668e-01;1.212817e-02;2.324762e-02;8.870011e-03;1.173421e-02;9.479930e-02;5.908881e-02;6.113406e-02;6.199899e-02;1.781404e-01;3.519175e-02
3.369539e-01;1.248398e-01;1.012543e-02;4.142608e-02;6.910110e-03;7.854133e-03;1.482447e-01;7.577757e-02;2.962531e-02;8.215407e-02;8.813921e-02;4.794970e-02
2.301888e-01;8.808713e-02;8.382161e-03;5.309693e-02;6.467902e-03;2.183830e-02;2.704552e-01;8.454457e-02;2.289932e-02;8.539989e-02;5.305479e-02;7.558502e-02
1.238003e-01;3.344441e-02;7.975316e-03;4.059995e-02;1.279386e-02;4.263258e-02;3.377310e-01;9.458114e-02;4.213832e-02;5.862658e-02;1.205627e-01;8.511385e-02
1.058062e-01;3.008459e-02;1.943749e-02;2.313855e-02;1.998444e-02;8.591402e-02;2.763570e-01;8.677185e-02;4.424101e-02;4.213827e-02;1.949550e-01;7.117161e-02
9.670357e-02;3.842177e-02;3.087365e-02;1.821076e-02;2.213837e-02;1.094482e-01;2.353678e-01;8.870402e-02;4.940365e-02;3.872011e-02;2.170430e-01;5.496515e-02
1.145250e-01;4.407631e-02;4.003697e-02;2.835851e-02;4.081693e-02;9.682973e-02;2.593003e-01;1.093703e-01;5.534526e-02;4.902408e-02;1.185046e-01;4.381195e-02
1.288750e-01;5.190573e-02;3.968575e-02;2.754074e-02;4.495438e-02;7.040858e-02;3.280047e-01;8.855387e-02;4.150110e-02;6.114326e-02;8.833496e-02;2.909184e-02
9.272938e-02;4.671086e-02;2.837095e-02;1.800475e-02;4.284359e-02;9.862495e-02;3.418317e-01;8.832046e-02;5.305671e-02;6.651919e-02;9.528513e-02;2.770237e-02
1.016789e-01;2.804467e-02;3.280161e-02;3.052932e-02;5.385889e-02;1.202953e-01;2.964098e-01;6.650986e-02;6.125537e-02;6.903307e-02;9.323623e-02;4.634697e-02
1.170857e-01;5.456343e-02;2.034386e-02;4.464112e-02;4.054851e-02;1.015135e-01;2.627369e-01;9.147860e-02;4.076737e-02;8.344314e-02;9.116270e-02;5.171524e-02
1.276055e-01;6.329520e-02;1.488876e-02;4.742726e-02;3.035249e-02;8.026905e-02;2.826614e-01;1.066077e-01;3.514531e-02;1.092369e-01;5.555064e-02;4.695970e-02
9.805641e-02;4.503464e-02;1.932940e-02;4.353557e-02;2.230870e-02;8.885624e-02;2.887469e-01;1.254779e-01;3.782564e-02;1.002626e-01;8.237155e-02;4.819451e-02
8.244416e-02;5.207581e-02;1.503636e-02;3.177726e-02;4.182146e-02;1.263056e-01;2.337304e-01;1.472890e-01;3.407072e-02;7.487313e-02;1.170417e-01;4.353448e-02
8.959793e-02;5.770139e-02;4.537154e-02;3.540585e-02;9.092526e-02;1.079305e-01;1.734394e-01;1.177527e-01;3.428329e-02;9.369440e-02;1.205345e-01;3.336326e-02
9.620078e-02;1.149292e-01;5.390844e-02;3.051624e-02;9.586730e-02;9.630998e-02;1.387775e-01;7.390814e-02;4.820446e-02;1.118430e-01;1.009459e-01;3.858921e-02
7.204200e-02;1.506356e-01;4.334117e-02;2.967883e-02;9.509484e-02;1.001303e-01;1.272372e-01;8.272447e-02;7.516372e-02;1.057169e-01;6.350533e-02;5.472953e-02
7.903359e-02;1.043838e-01;3.220167e-02;6.545966e-02;8.892310e-02;7.185968e-02;1.255401e-01;9.333875e-02;8.783000e-02;7.093782e-02;1.115521e-01;6.893972e-02
1.201168e-01;6.603801e-02;4.946928e-02;8.600066e-02;7.290509e-02;4.183236e-02;1.330140e-01;6.933723e-02;7.449645e-02;7.274615e-02;1.561907e-01;5.785326e-02
1.046313e-01;6.765616e-02;3.157765e-02;6.784608e-02;6.346048e-02;5.714117e-02;1.826328e-01;8.820331e-02;5.892153e-02;9.929500e-02;1.262427e-01;5.239188e-02
1.927733e-01;1.005307e-01;4.277980e-02;3.972622e-02;1.425644e-02;4.292293e-02;1.334598e-01;9.599104e-02;3.493682e-02;6.461645e-02;1.594958e-01;7.851072e-02
2.794524e-01;1.205220e-01;3.683391e-02;3.631690e-02;1.081983e-02;3.175658e-02;1.162295e-01;5.679489e-02;1.760857e-02;2.768801e-02;1.527384e-01;1.132390e-01
3.750147e-01;1.128776e-01;2.294179e-02;2.569016e-02;7.692172e-03;2.194994e-02;1.209279e-01;7.212855e-02;1.212050e-02;1.268052e-02;1.084821e-01;1.074940e-01
4.585205e-01;9.464286e-02;1.097428e-02;1.477909e-02;2.603045e-03;1.050182e-02;1.197676e-01;1.433752e-01;1.590442e-02;8.593625e-03;5.587152e-02;6.446606e-02
4.555638e-01;6.120214e-02;5.501117e-03;2.454041e-02;6.232568e-03;8.315392e-03;1.103321e-01;2.505390e-01;1.859199e-02;8.333699e-03;2.652274e-02;2.432509e-02
3.426601e-01;4.205519e-02;6.769073e-03;1.967059e-02;2.568156e-02;7.699780e-03;9.479301e-02;3.754798e-01;2.459184e-02;6.795767e-03;1.885371e-02;3.494961e-02
2.280954e-01;3.715324e-02;9.728960e-03;1.093887e-02;1.105406e-01;1.005135e-02;7.913621e-02;4.544587e-01;2.888123e-02;8.088503e-03;1.090493e-02;1.202196e-02
1.296230e-01;2.631264e-02;7.052550e-03;6.056341e-02;1.838769e-01;1.741339e-02;1.004170e-01;3.901320e-01;3.052679e-02;1.176771e-02;1.127080e-02;3.104380e-02
1.039586e-01;1.751036e-02;4.310060e-03;9.714657e-02;1.673974e-01;3.647957e-02;1.405838e-01;3.281373e-01;2.437150e-02;1.541692e-02;1.209515e-02;5.259271e-02
1.424896e-01;1.908421e-02;4.805714e-03;9.526122e-02;5.933882e-02;3.939169e-02;1.486132e-01;3.864587e-01;2.136671e-02;1.325027e-02;1.607095e-02;5.386884e-02
1.728523e-01;2.585752e-02;7.331818e-03;4.420652e-02;3.840876e-02;2.061160e-02;7.238472e-02;5.389818e-01;3.226919e-02;7.249200e-03;1.590008e-02;2.394651e-02
1.663048e-01;3.523501e-02;7.525695e-03;1.307536e-02;7.587751e-02;1.225027e-02;2.407004e-02;5.775549e-01;4.491831e-02;5.621857e-03;3.157951e-02;5.986782e-03
1.385145e-01;6.752325e-02;9.224305e-03;8.563037e-03;8.356328e-02;1.838082e-02;6.910977e-02;4.898087e-01;5.607487e-02;6.869891e-03;4.547765e-02;6.889947e-03
1.233350e-01;1.248572e-01;1.276865e-02;1.052131e-02;5.918403e-02;4.098635e-02;1.068890e-01;3.348489e-01;1.040784e-01;1.864974e-02;4.345735e-02;2.042403e-02
1.825675e-01;1.892357e-01;1.500629e-02;8.846681e-03;4.066794e-02;5.108219e-02;1.449752e-01;1.435499e-01;1.196134e-01;2.676363e-02;4.848422e-02;2.920738e-02
2.330896e-01;1.880280e-01;1.900716e-02;1.687275e-02;1.993417e-02;3.355247e-02;1.316709e-01;1.655205e-01;6.878911e-02;1.588075e-02;8.551151e-02;2.214316e-02
2.230066e-01;1.579600e-01;2.283195e-02;3.059586e-02;2.392675e-02;4.911658e-02;1.068294e-01;1.647005e-01;4.587645e-02;2.281592e-02;1.362940e-01;1.604600e-02
1.586285e-01;1.247257e-01;2.874413e-02;4.608162e-02;4.620531e-02;6.625596e-02;1.118174e-01;1.275280e-01;8.439492e-02;4.628808e-02;1.346012e-01;2.472919e-02
1.870902e-01;1.156074e-01;2.507076e-02;4.351268e-02;3.480366e-02;4.107406e-02;8.990576e-02;1.911664e-01;8.214326e-02;4.189735e-02;1.076692e-01;4.005926e-02
1.468922e-01;1.075494e-01;1.937553e-02;3.443265e-02;2.894961e-02;3.147870e-02;9.495597e-02;3.304978e-01;6.472524e-02;2.225811e-02;7.336786e-02;4.551694e-02
1.575529e-01;9.019179e-02;1.663930e-02;1.622993e-02;3.491992e-02;2.464494e-02;1.137436e-01;3.928443e-01;6.779949e-02;1.907955e-02;3.780779e-02;2.854645e-02
1.452199e-01;1.096276e-01;1.957499e-02;3.944320e-02;2.781048e-02;2.848941e-02;8.270311e-02;3.721108e-01;6.314435e-02;4.031619e-02;5.306604e-02;1.849393e-02
1.185873e-01;8.191690e-02;3.550286e-02;3.334393e-02;4.293053e-02;4.723148e-02;9.850300e-02;3.216799e-01;7.135984e-02;7.186909e-02;4.321614e-02;3.385907e-02
7.877517e-02;6.833404e-02;4.223931e-02;1.423217e-02;6.539383e-02;5.090731e-02;1.370180e-01;2.850383e-01;6.162703e-02;1.201283e-01;4.529065e-02;3.101593e-02
5.712903e-02;7.132869e-02;4.881709e-02;1.964916e-02;7.088070e-02;4.456985e-02;1.351995e-01;2.770824e-01;4.729142e-02;1.662909e-01;3.816237e-02;2.359895e-02
1.627820e-01;1.441266e-01;4.614971e-02;1.565294e-02;3.949803e-02;4.512869e-02;1.146888e-01;2.107310e-01;4.956887e-02;1.174176e-01;4.171653e-02;1.253929e-02
2.318409e-01;1.704626e-01;3.328509e-02;1.804668e-02;2.177678e-02;4.233339e-02;1.031058e-01;1.339540e-01;5.502363e-02;1.067149e-01;7.682381e-02;6.632450e-03
2.484865e-01;1.612016e-01;2.975891e-02;2.382768e-02;2.703884e-02;3.550114e-02;8.953331e-02;9.131338e-02;4.811689e-02;9.877141e-02;1.319759e-01;1.447438e-02
1.858204e-01;1.002186e-01;3.828232e-02;4.173910e-02;5.980861e-02;3.970375e-02;9.674504e-02;8.083921e-02;4.005586e-02;8.355113e-02;2.026770e-01;3.055901e-02
1.134541e-01;3.832140e-02;4.670485e-02;6.439579e-02;7.135200e-02;6.246627e-02;1.644956e-01;1.345419e-01;4.316048e-02;5.716446e-02;1.680854e-01;3.585779e-02
1.289055e-01;4.875941e-02;4.832616e-02;5.571695e-02;5.496110e-02;6.556851e-02;2.436909e-01;1.933643e-01;3.704835e-02;5.406146e-02;4.545221e-02;2.414518e-02
1.570273e-01;7.081685e-02;3.303180e-02;2.215569e-02;5.014504e-02;4.629773e-02;2.010628e-01;2.210620e-01;3.928938e-02;5.521921e-02;9.475167e-02;9.140447e-03
1.899799e-01;8.398591e-02;2.362991e-02;2.968920e-02;4.505968e-02;4.624514e-02;1.850538e-01;2.069082e-01;4.937986e-02;4.343649e-02;8.905501e-02;7.576795e-03
2.079361e-01;1.159324e-01;2.583753e-02;1.694593e-02;3.200386e-02;3.818313e-02;1.625328e-01;1.824257e-01;4.657489e-02;4.994512e-02;1.153928e-01;6.289698e-03
1.797594e-01;1.120519e-01;2.896221e-02;2.169965e-02;3.657712e-02;7.015345e-02;1.577626e-01;1.972947e-01;5.159734e-02;6.502827e-02;6.272412e-02;1.638927e-02
6.987932e-02;6.732515e-02;2.776928e-02;8.625907e-02;5.774286e-02;2.134407e-01;1.364700e-01;1.323639e-01;6.558876e-02;6.885558e-02;3.314339e-02;4.116192e-02
1.064633e-01;9.531630e-02;3.136460e-02;8.600172e-02;5.622379e-02;2.061307e-01;1.202157e-01;1.126000e-01;6.049162e-02;5.457269e-02;3.752911e-02;3.309049e-02
1.612017e-01;2.074601e-01;3.807200e-02;6.484911e-02;3.629599e-02;1.395229e-01;1.182221e-01;9.360128e-02;4.308542e-02;3.290341e-02;4.585195e-02;1.893398e-02
2.125045e-01;3.082196e-01;4.797539e-02;4.306828e-02;5.703042e-02;4.615629e-02;9.271771e-02;8.062211e-02;3.212775e-02;2.158693e-02;5.276743e-02;5.223636e-03
2.032400e-01;3.190878e-01;4.533843e-02;4.802002e-02;5.645386e-02;3.812793e-02;8.412198e-02;8.361306e-02;5.064803e-02;2.359074e-02;3.993722e-02;7.820896e-03
1.932014e-01;2.403511e-01;3.548670e-02;4.207396e-02;5.599147e-02;3.794195e-02;1.078677e-01;1.350681e-01;9.366521e-02;2.131186e-02;2.884895e-02;8.191585e-03
2.118788e-01;1.166306e-01;1.902195e-02;1.957897e-02;7.572687e-02;2.387749e-02;1.004579e-01;1.958191e-01;1.707207e-01;2.998345e-02;2.895991e-02;7.344168e-03
2.023412e-01;8.565962e-02;2.737466e-02;7.284696e-03;8.626910e-02;1.303283e-02;6.132385e-02;3.110288e-01;1.474617e-01;2.495485e-02;2.765800e-02;5.610636e-03
1.797003e-01;1.017316e-01;2.534319e-02;1.694497e-02;7.745856e-02;1.998201e-02;5.185870e-02;3.755057e-01;8.843200e-02;2.716401e-02;2.717107e-02;8.707827e-03
1.137535e-01;1.842673e-01;2.198430e-02;2.321724e-02;3.727588e-02;3.967997e-02;5.632802e-02;3.015961e-01;1.468381e-01;4.088908e-02;1.875388e-02;1.541673e-02
7.015768e-02;2.862232e-01;2.683412e-02;2.067208e-02;1.212069e-02;3.766734e-02;4.437998e-02;1.980310e-01;1.934312e-01;5.899007e-02;2.098290e-02;3.050970e-02
1.389493e-01;3.486003e-01;3.102645e-02;1.595891e-02;1.134017e-02;3.598724e-02;5.352910e-02;1.120988e-01;1.205617e-01;5.242585e-02;4.399614e-02;3.552607e-02
2.123442e-01;3.425704e-01;3.328849e-02;1.953175e-02;1.914863e-02;4.759740e-02;5.444326e-02;9.020113e-02;5.532525e-02;3.593781e-02;6.514563e-02;2.446608e-02
1.788894e-01;3.960753e-01;5.116486e-02;2.332127e-02;1.928608e-02;5.530788e-02;4.473073e-02;6.402718e-02;6.348123e-02;2.442752e-02;5.488593e-02;2.440260e-02
1.600055e-01;4.368529e-01;7.140070e-02;2.344132e-02;2.718317e-02;4.895832e-02;3.863579e-02;4.898715e-02;4.966674e-02;3.500737e-02;3.341061e-02;2.645054e-02
1.608196e-01;3.910702e-01;6.157438e-02;2.928290e-02;3.418490e-02;5.260601e-02;4.330328e-02;6.992788e-02;4.104445e-02;3.476441e-02;5.320524e-02;2.821679e-02
2.130047e-01;2.059997e-01;4.192952e-02;4.173658e-02;3.922284e-02;4.222434e-02;6.532560e-02;1.557875e-01;5.756834e-02;3.092021e-02;7.709540e-02;2.918523e-02
1.691382e-01;1.057627e-01;6.510590e-02;5.830152e-02;7.089157e-02;8.105285e-02;6.544232e-02;1.899417e-01;6.578491e-02;2.503625e-02;6.964381e-02;3.389819e-02
9.056102e-02;1.275809e-01;8.203652e-02;1.005060e-01;1.319308e-01;1.085090e-01;7.378513e-02;9.518611e-02;6.303844e-02;1.749200e-02;6.955490e-02;3.981920e-02
1.187315e-01;1.120493e-01;7.177731e-02;1.218781e-01;1.227641e-01;1.170226e-01;6.913824e-02;8.254084e-02;3.946627e-02;1.881270e-02;1.015419e-01;2.427719e-02
1.203548e-01;1.214003e-01;9.178287e-02;6.104513e-02;4.610112e-02;6.719442e-02;1.147848e-01;1.327650e-01;4.136825e-02;3.904118e-02;1.068829e-01;5.727912e-02
1.581740e-01;2.140165e-01;1.105372e-01;4.400985e-02;3.617823e-02;5.138696e-02;1.108919e-01;1.155347e-01;4.001551e-02;2.731458e-02;5.040007e-02;4.154051e-02
1.407537e-01;2.600799e-01;1.117498e-01;5.493182e-02;4.213347e-02;3.892607e-02;5.034822e-02;6.511561e-02;2.865696e-02;2.748047e-02;1.376661e-01;4.215786e-02
8.554100e-02;1.885718e-01;9.321549e-02;1.062207e-01;5.246120e-02;4.449080e-02;3.660220e-02;5.454199e-02;2.097037e-02;1.904838e-02;2.472392e-01;5.109686e-02
5.936638e-02;1.081167e-01;7.207526e-02;1.287128e-01;7.145235e-02;4.216613e-02;4.317363e-02;4.577481e-02;1.634512e-02;7.681289e-03;3.679098e-01;3.722569e-02
3.753088e-02;6.601794e-02;4.757513e-02;8.517271e-02;8.776537e-02;3.719589e-02;5.237289e-02;3.426799e-02;1.560786e-02;9.147315e-03;3.659964e-01;1.613497e-01
2.385179e-02;4.258706e-02;2.873932e-02;5.180938e-02;1.042020e-01;5.306282e-02;5.706019e-02;3.204897e-02;2.423718e-02;1.999131e-02;3.040060e-01;2.584040e-01
4.967684e-02;3.471186e-02;1.718985e-02;3.771719e-02;1.206162e-01;9.500647e-02;1.042845e-01;1.889717e-02;3.344001e-02;2.129551e-02;2.035733e-01;2.635910e-01
6.956431e-02;4.329617e-02;3.037355e-02;3.770271e-02;1.068672e-01;1.492934e-01;1.895273e-01;4.470433e-02;3.688207e-02;2.211401e-02;1.549830e-01;1.146919e-01
4.622808e-02;3.914006e-02;3.490433e-02;3.376098e-02;7.664809e-02;1.661910e-01;2.862776e-01;1.069232e-01;1.958142e-02;1.727422e-02;1.131733e-01;5.989771e-02
4.170413e-02;7.040737e-02;3.075534e-02;3.462210e-02;7.110351e-02;1.123578e-01;3.178013e-01;1.307788e-01;2.959696e-02;1.803723e-02;5.775141e-02;8.508408e-02
4.842997e-02;7.573550e-02;3.707837e-02;3.357302e-02;1.118194e-01;5.938268e-02;3.051545e-01;1.227914e-01;4.095855e-02;1.380228e-02;2.334552e-02;1.279287e-01
5.658195e-02;5.054276e-02;3.646637e-02;2.322126e-02;1.369006e-01;1.309950e-01;2.985285e-01;6.407631e-02;3.825267e-02;1.058009e-02;3.723929e-02;1.166152e-01
4.038836e-02;7.601736e-02;3.464173e-02;1.994685e-02;1.089883e-01;1.302319e-01;2.958613e-01;1.344756e-01;2.561806e-02;8.448627e-03;5.041296e-02;7.496898e-02
7.659292e-02;1.630816e-01;4.822119e-02;1.995654e-02;6.204864e-02;8.718944e-02;2.444540e-01;1.341468e-01;3.426821e-02;1.188970e-02;6.542777e-02;5.272314e-02
1.161032e-01;2.456240e-01;6.710597e-02;2.310108e-02;4.313646e-02;6.607059e-02;1.340127e-01;7.215469e-02;3.706749e-02;1.434508e-02;7.586493e-02;1.054138e-01
9.941811e-02;2.477436e-01;8.466497e-02;4.781618e-02;7.548568e-02;7.054204e-02;7.575250e-02;4.574138e-02;2.913000e-02;1.506416e-02;5.640132e-02;1.522400e-01
9.144753e-02;1.494575e-01;1.104243e-01;6.138415e-02;9.582621e-02;8.224115e-02;1.177204e-01;8.789454e-02;4.533260e-02;1.797197e-02;7.681873e-02;6.348091e-02
8.504391e-02;1.759922e-01;8.809987e-02;4.606756e-02;8.053870e-02;8.209038e-02;2.076209e-01;4.957923e-02;3.225162e-02;2.209842e-02;5.818317e-02;7.243406e-02
4.443552e-02;1.344319e-01;7.068301e-02;4.377090e-02;6.761148e-02;9.397653e-02;2.744218e-01;9.051208e-02;4.326997e-02;2.360049e-02;4.458236e-02;6.870400e-02
6.187482e-02;1.231483e-01;5.913318e-02;3.792028e-02;4.703825e-02;7.234276e-02;3.025565e-01;1.680140e-01;4.824647e-02;1.091866e-02;2.718048e-02;4.162627e-02
7.556017e-02;6.948393e-02;5.687971e-02;2.841867e-02;5.551232e-02;7.340918e-02;3.323420e-01;1.642329e-01;4.452111e-02;2.272049e-02;3.739528e-02;3.952421e-02
7.049569e-02;7.081513e-02;6.455129e-02;4.241332e-02;5.761527e-02;9.486370e-02;3.304537e-01;7.935744e-02;4.732845e-02;3.717183e-02;5.727663e-02;4.765755e-02
6.619468e-02;9.791850e-02;5.673986e-02;2.733047e-02;4.883311e-02;6.603792e-02;2.914717e-01;1.736947e-01;3.138144e-02;3.832850e-02;6.793997e-02;3.412909e-02
9.888008e-02;8.949847e-02;5.887791e-02;3.410643e-02;6.090270e-02;7.222647e-02;2.596974e-01;1.589790e-01;2.804954e-02;3.924758e-02;6.867374e-02;3.086071e-02
1.306499e-01;1.002860e-01;6.704944e-02;6.576615e-02;5.252313e-02;6.775114e-02;1.647487e-01;1.135179e-01;3.176301e-02;3.399386e-02;1.490989e-01;2.285189e-02
9.254312e-02;1.318698e-01;3.374452e-02;5.629616e-02;2.595889e-02;6.032617e-02;1.771136e-01;1.846725e-01;3.605203e-02;2.669935e-02;1.518056e-01;2.291836e-02
1.564413e-01;1.958522e-01;4.047540e-02;4.514902e-02;2.664223e-02;4.136660e-02;1.311016e-01;1.752947e-01;3.900724e-02;1.727131e-02;1.179780e-01;1.342039e-02
2.248091e-01;2.539783e-01;3.834143e-02;2.931996e-02;4.773820e-02;2.605689e-02;8.059206e-02;1.477622e-01;4.767808e-02;1.658319e-02;8.022977e-02;6.910822e-03
2.769468e-01;2.539043e-01;2.653165e-02;1.936444e-02;1.180538e-01;1.480393e-02;3.920592e-02;1.568569e-01;4.916007e-02;1.133811e-02;2.970000e-02;4.134005e-03
2.722958e-01;1.351892e-01;8.926877e-03;1.256059e-02;2.462571e-01;4.370203e-02;1.601549e-02;2.153884e-01;2.714506e-02;6.070250e-03;1.504472e-02;1.404409e-03
2.444629e-01;7.191470e-02;7.310027e-03;8.687035e-03;3.167473e-01;5.138515e-02;1.986492e-02;2.452138e-01;1.721833e-02;3.638335e-03;1.084165e-02;2.715804e-03
2.442267e-01;6.566096e-02;6.192602e-03;4.694415e-03;3.251153e-01;3.723610e-02;2.257854e-02;2.661701e-01;1.221034e-02;3.182559e-03;8.389459e-03;4.343018e-03
2.523500e-01;7.625494e-02;5.826230e-03;2.541132e-03;3.266934e-01;3.260887e-02;1.690396e-02;2.575881e-01;7.539914e-03;3.283680e-03;1.621094e-02;2.198816e-03
2.322667e-01;1.047375e-01;8.633297e-03;6.155415e-03;3.697979e-01;2.456979e-02;1.625657e-02;1.993080e-01;2.163644e-02;4.585891e-03;1.003364e-02;2.018724e-03
1.976248e-01;1.644247e-01;9.037025e-03;9.616817e-03;3.761779e-01;2.566895e-02;1.148872e-02;1.329252e-01;5.393931e-02;7.700296e-03;7.461908e-03;3.934402e-03
1.567667e-01;2.577034e-01;1.024302e-02;7.916193e-03;2.581649e-01;8.038480e-02;9.809670e-03;9.519031e-02;1.030145e-01;1.046133e-02;7.540151e-03;2.805114e-03
1.271758e-01;3.718765e-01;1.724857e-02;1.090781e-02;7.606977e-02;1.359153e-01;8.866780e-03;8.015826e-02;1.406939e-01;1.517947e-02;9.580947e-03;6.327020e-03
9.870289e-02;4.416993e-01;3.410710e-02;2.683602e-02;3.241752e-02;1.334966e-01;4.559243e-03;5.343215e-02;1.259407e-01;3.169551e-02;6.696090e-03;1.041685e-02
6.816487e-02;5.097777e-01;6.312706e-02;2.957352e-02;3.735062e-02;7.653717e-02;4.715711e-03;3.532992e-02;1.006655e-01;5.717842e-02;4.901985e-03;1.267745e-02
2.970395e-02;5.998402e-01;9.710459e-02;1.977669e-02;2.002968e-02;1.821979e-02;7.184426e-03;2.060803e-02;9.406603e-02;7.839496e-02;6.517662e-03;8.553959e-03
6.761716e-02;6.171374e-01;8.872134e-02;6.489058e-03;1.219864e-02;2.677355e-02;1.048864e-02;1.515364e-02;6.639224e-02;7.998739e-02;3.847950e-03;5.192937e-03
1.035253e-01;6.115145e-01;8.923076e-02;4.710198e-03;1.363637e-02;1.945802e-02;1.104437e-02;1.281377e-02;3.391915e-02;8.686361e-02;5.369780e-03;7.914137e-03
1.095274e-01;5.676417e-01;1.107421e-01;9.754806e-03;2.027323e-02;1.151661e-02;2.007724e-02;8.866992e-03;1.122509e-02;1.087076e-01;1.103842e-02;1.062872e-02
8.796128e-02;4.877701e-01;1.288436e-01;1.558488e-02;2.687585e-02;5.777716e-03;2.956769e-02;1.081211e-02;3.808624e-02;1.332233e-01;2.292409e-02;1.257324e-02
8.855041e-02;4.848247e-01;1.139438e-01;1.210624e-02;2.368717e-02;7.210523e-03;2.196910e-02;2.770519e-02;7.799951e-02;1.186184e-01;1.806290e-02;5.322135e-03
1.284142e-01;5.600766e-01;7.410464e-02;1.087993e-02;1.505121e-02;1.948781e-02;1.377127e-02;2.642907e-02;7.393956e-02;6.279611e-02;6.840539e-03;8.209002e-03
2.430871e-01;5.248909e-01;4.921333e-02;1.143900e-02;1.495225e-02;3.049556e-02;1.381144e-02;2.416024e-02;4.532631e-02;2.563251e-02;1.057089e-02;6.420487e-03
4.269547e-01;3.418371e-01;3.130819e-02;1.273966e-02;2.447492e-02;2.444916e-02;2.493920e-02;3.689219e-02;2.441324e-02;1.247961e-02;3.126243e-02;8.249599e-03
4.731202e-01;1.793466e-01;1.870127e-02;1.804149e-02;2.129384e-02;2.004748e-02;4.937193e-02;4.898688e-02;1.316868e-02;1.373225e-02;1.294766e-01;1.471280e-02
3.115312e-01;1.108434e-01;2.310271e-02;2.125109e-02;1.649256e-02;2.698095e-02;6.977404e-02;4.440033e-02;1.122744e-02;2.579837e-02;3.198980e-01;1.869994e-02
1.844535e-01;7.272742e-02;2.529125e-02;2.277223e-02;2.481705e-02;3.957462e-02;6.286800e-02;5.498424e-02;1.684422e-02;3.884643e-02;4.430606e-01;1.376041e-02
1.202241e-01;7.797523e-02;1.994319e-02;2.817195e-02;3.561754e-02;4.110437e-02;8.367953e-02;1.385091e-01;2.600758e-02;5.236771e-02;3.686294e-01;7.770267e-03
7.661191e-02;8.051521e-02;2.697662e-02;1.861313e-02;3.615537e-02;3.246835e-02;1.982648e-01;3.221364e-01;3.237255e-02;4.273941e-02;1.212880e-01;1.185830e-02
6.104287e-02;8.632591e-02;2.636374e-02;1.231433e-02;2.320700e-02;3.142765e-02;2.822716e-01;3.442363e-01;2.181955e-02;2.439732e-02;7.596496e-02;1.062877e-02
1.036373e-01;1.403811e-01;1.705027e-02;1.118720e-02;1.636086e-02;3.923077e-02;3.392889e-01;2.729307e-01;1.303860e-02;1.469781e-02;2.392517e-02;8.271392e-03
1.446216e-01;1.568426e-01;1.424837e-02;1.438805e-02;1.459795e-02;4.988785e-02;3.019792e-01;1.877940e-01;1.120874e-02;1.421707e-02;8.121572e-02;8.998873e-03
1.742924e-01;1.630595e-01;2.806484e-02;2.909197e-02;2.673124e-02;7.537549e-02;2.498085e-01;1.049358e-01;1.749720e-02;2.510197e-02;9.078465e-02;1.525644e-02
1.581289e-01;1.124704e-01;2.861754e-02;3.618899e-02;3.896635e-02;8.878972e-02;2.645931e-01;1.192304e-01;2.583021e-02;2.954104e-02;7.643455e-02;2.120882e-02
2.062485e-01;7.978769e-02;1.667228e-02;2.183935e-02;2.764670e-02;6.116591e-02;3.307237e-01;1.144132e-01;1.947033e-02;2.168396e-02;9.036660e-02;9.981789e-03
2.195792e-01;1.467331e-01;1.805733e-02;2.403737e-02;1.938384e-02;3.449079e-02;2.479670e-01;1.010479e-01;2.131878e-02;2.016875e-02;1.375444e-01;9.671582e-03
2.361973e-01;1.668684e-01;3.227583e-02;2.672056e-02;2.338375e-02;2.005374e-02;1.378492e-01;1.714607e-01;2.641703e-02;2.451302e-02;1.209159e-01;1.334447e-02
