1.023497e-01;4.518869e-02;1.046533e-01;4.659755e-02;5.559481e-02;6.585911e-02;9.378090e-02;1.006993e-01;1.488551e-01;5.251484e-02;6.415541e-02;1.197513e-01
1.178267e-01;4.890507e-02;1.757156e-01;5.394258e-02;8.864389e-02;7.607625e-02;2.106651e-01;3.970350e-02;3.193615e-02;5.560011e-02;5.455401e-02;4.643104e-02
1.629809e-01;5.242672e-02;1.389346e-01;3.466242e-02;1.201553e-01;1.122708e-01;1.692045e-01;2.037929e-02;5.371957e-02;3.367257e-02;4.583308e-02;5.576026e-02
2.157210e-01;3.559638e-02;1.076854e-01;2.550578e-02;1.530938e-01;1.394450e-01;1.094107e-01;1.762933e-02;6.126640e-02;2.362551e-02;3.938885e-02;7.163189e-02
2.379369e-01;1.790169e-02;7.490570e-02;2.674207e-02;1.859850e-01;1.493834e-01;9.154245e-02;2.016909e-02;6.088911e-02;1.748974e-02;2.732478e-02;8.973002e-02
2.356085e-01;3.711503e-02;6.077016e-02;2.259778e-02;2.189089e-01;1.458624e-01;9.205063e-02;1.529058e-02;5.497544e-02;8.738020e-03;1.800153e-02;9.008104e-02
2.074272e-01;1.386222e-02;3.850457e-02;4.197329e-02;2.669644e-01;1.474329e-01;9.929218e-02;1.347466e-02;5.793862e-02;9.060612e-03;1.020183e-02;9.386750e-02
2.131959e-01;2.205012e-02;4.250266e-02;6.133363e-02;2.617953e-01;1.238686e-01;8.875416e-02;1.596065e-02;5.816283e-02;1.142321e-02;1.019728e-02;9.075576e-02
2.198356e-01;3.035558e-02;5.912626e-02;6.490517e-02;2.494149e-01;9.684146e-02;7.026309e-02;3.248467e-02;5.675128e-02;1.306411e-02;1.145572e-02;9.550214e-02
1.716513e-01;1.908917e-02;7.228491e-02;5.492736e-02;2.476145e-01;8.575878e-02;7.747757e-02;6.015237e-02;6.982659e-02;1.433569e-02;1.832475e-02;1.085569e-01
1.258184e-01;1.399374e-02;9.292187e-02;3.686001e-02;2.472937e-01;8.049585e-02;7.383545e-02;7.830955e-02;1.015191e-01;1.026687e-02;2.373506e-02;1.149503e-01
1.039420e-01;1.440161e-02;1.031253e-01;3.068416e-02;2.445723e-01;8.072704e-02;8.701969e-02;7.868229e-02;1.162186e-01;1.650038e-02;2.563980e-02;9.848686e-02
6.772086e-02;5.216038e-03;1.013269e-01;3.638821e-02;2.725983e-01;8.545020e-02;9.795963e-02;7.811927e-02;1.333737e-01;1.132971e-02;2.566217e-02;8.485500e-02
5.038740e-02;4.841472e-03;9.983555e-02;3.618746e-02;3.002170e-01;9.534691e-02;9.101564e-02;8.015034e-02;1.417171e-01;1.144883e-02;1.788445e-02;7.096779e-02
3.809364e-02;2.951478e-03;9.334363e-02;3.857988e-02;3.140921e-01;9.880535e-02;1.045095e-01;8.172795e-02;1.490713e-01;1.382194e-02;7.767709e-03;5.723557e-02
3.369095e-02;2.655623e-03;9.259599e-02;4.013158e-02;3.133606e-01;1.053375e-01;1.069148e-01;7.776833e-02;1.557530e-01;2.042080e-02;2.702652e-03;4.866815e-02
4.556784e-02;6.737906e-03;9.562331e-02;3.785100e-02;3.053367e-01;1.140048e-01;1.013815e-01;6.715706e-02;1.535290e-01;2.447650e-02;6.829505e-03;4.150489e-02
6.184230e-02;4.664755e-03;9.420495e-02;3.235912e-02;2.850815e-01;1.220422e-01;1.381498e-01;4.410858e-02;1.354201e-01;2.988296e-02;8.854415e-03;4.338939e-02
8.428144e-02;9.852080e-03;9.442589e-02;3.119334e-02;2.533508e-01;1.476517e-01;1.368971e-01;2.495813e-02;1.252144e-01;3.929938e-02;9.142890e-03;4.373293e-02
1.033920e-01;1.119731e-02;7.058199e-02;2.347155e-02;2.388147e-01;1.620749e-01;2.036356e-01;2.714893e-02;8.053262e-02;3.686155e-02;9.564140e-03;3.272475e-02
1.122444e-01;2.106002e-02;4.114047e-02;2.049300e-02;1.935537e-01;1.834492e-01;2.605422e-01;3.904079e-02;6.358253e-02;3.909094e-02;5.593922e-03;2.020879e-02
1.112132e-01;3.570105e-02;3.722298e-02;3.318495e-02;1.287434e-01;1.599935e-01;3.199267e-01;5.067679e-02;5.991518e-02;4.403055e-02;8.268244e-03;1.112340e-02
8.398902e-02;6.618591e-02;2.953294e-02;3.619906e-02;9.484802e-02;1.023843e-01;4.175277e-01;4.509832e-02;5.240459e-02;4.012733e-02;1.986224e-02;1.184058e-02
4.633266e-02;7.347102e-02;6.616618e-02;2.428085e-02;8.801404e-02;6.281861e-02;4.633962e-01;5.456362e-02;4.611158e-02;3.332354e-02;3.062649e-02;1.089519e-02
2.212094e-02;5.188441e-02;1.390251e-01;2.789567e-02;7.800274e-02;5.939844e-02;3.918681e-01;8.456042e-02;6.221024e-02;3.606799e-02;2.628804e-02;2.067794e-02
1.288298e-02;2.629811e-02;1.778375e-01;6.395435e-02;6.115013e-02;7.428885e-02;2.943937e-01;1.033820e-01;9.511490e-02;4.639238e-02;1.839810e-02;2.590698e-02
2.136386e-02;1.362241e-02;1.266047e-01;1.319839e-01;8.119290e-02;7.295766e-02;1.865439e-01;9.574751e-02;1.411036e-01;8.251639e-02;2.611829e-02;2.024488e-02
2.101205e-02;2.369261e-02;6.234666e-02;1.446585e-01;1.729609e-01;6.026924e-02;6.669249e-02;1.010899e-01;1.383493e-01;1.456924e-01;4.943179e-02;1.380418e-02
1.184938e-02;3.143572e-02;3.434753e-02;8.440058e-02;2.145495e-01;9.988246e-02;8.542639e-02;9.731852e-02;8.643589e-02;1.565822e-01;7.808123e-02;1.969064e-02
1.608501e-02;2.310941e-02;7.811941e-02;4.544049e-02;1.613150e-01;1.581095e-01;9.677058e-02;7.570412e-02;9.343464e-02;1.161543e-01;1.092477e-01;2.650977e-02
2.159960e-02;1.608087e-02;1.024598e-01;6.384925e-02;8.446553e-02;1.444925e-01;1.600620e-01;4.395309e-02;1.227303e-01;8.336107e-02;1.094477e-01;4.749835e-02
4.379688e-02;2.420234e-02;1.024996e-01;9.553795e-02;5.563934e-02;7.047462e-02;2.259930e-01;5.650579e-02;9.458177e-02;8.221804e-02;7.780195e-02;7.074869e-02
1.400488e-01;3.059866e-02;1.321146e-01;7.815933e-02;6.464939e-02;3.683752e-02;1.752522e-01;7.760418e-02;6.103279e-02;7.881084e-02;5.040532e-02;7.448629e-02
2.527059e-01;5.956963e-02;1.709518e-01;3.803379e-02;9.872284e-02;2.491289e-02;8.470210e-02;7.953753e-02;4.770257e-02;5.267019e-02;3.115558e-02;5.933518e-02
2.904994e-01;9.036743e-02;2.095925e-01;2.716465e-02;1.124900e-01;2.246356e-02;3.683112e-02;6.529072e-02;3.704646e-02;3.184516e-02;2.301493e-02;5.339409e-02
2.654149e-01;9.690650e-02;3.150231e-01;2.800057e-02;9.543613e-02;1.632025e-02;2.831868e-02;3.924515e-02;3.104445e-02;2.141023e-02;2.152892e-02;4.135117e-02
2.381988e-01;9.140743e-02;3.792908e-01;2.608641e-02;7.514241e-02;2.324993e-02;3.621395e-02;3.035810e-02;3.310621e-02;1.409769e-02;2.234558e-02;3.050263e-02
2.233894e-01;8.136386e-02;3.732560e-01;3.237029e-02;7.239425e-02;2.620810e-02;5.471844e-02;2.498264e-02;2.817807e-02;2.503362e-02;2.763287e-02;3.047247e-02
2.082891e-01;1.039227e-01;2.968413e-01;4.190714e-02;8.612792e-02;3.654139e-02;7.228281e-02;2.207833e-02;3.578325e-02;3.755292e-02;2.716515e-02;3.150806e-02
1.580202e-01;1.159134e-01;2.407764e-01;5.361273e-02;1.220358e-01;3.978618e-02;8.109019e-02;2.222384e-02;4.980350e-02;4.667711e-02;3.104730e-02;3.901336e-02
8.514806e-02;9.214082e-02;1.632088e-01;5.346569e-02;1.656675e-01;8.400261e-02;8.474790e-02;5.604505e-02;6.169497e-02;5.493772e-02;5.611752e-02;4.282344e-02
5.266074e-02;5.065659e-02;1.526859e-01;6.486499e-02;1.794649e-01;9.747594e-02;8.078244e-02;7.476921e-02;6.191170e-02;6.332570e-02;6.316976e-02;5.823215e-02
9.617386e-02;3.815966e-02;1.052765e-01;6.099828e-02;1.635823e-01;9.885798e-02;9.986287e-02;6.249131e-02;7.840429e-02;7.221548e-02;6.396913e-02;6.000834e-02
7.268345e-02;5.985860e-02;1.705433e-01;5.124902e-02;1.309994e-01;8.655858e-02;1.094951e-01;4.746570e-02;8.261272e-02;8.048927e-02;6.967601e-02;3.836889e-02
4.807786e-02;7.049598e-02;2.319786e-01;7.338174e-02;1.256095e-01;6.341350e-02;7.736140e-02;6.429920e-02;7.448196e-02;8.092758e-02;5.872317e-02;3.124955e-02
8.366725e-02;5.506416e-02;2.322690e-01;8.116580e-02;1.021643e-01;5.136498e-02;6.390358e-02;7.230838e-02;8.366985e-02;8.068726e-02;4.010371e-02;5.363172e-02
1.150697e-01;6.917915e-02;2.015163e-01;6.660187e-02;8.207399e-02;5.251125e-02;7.880381e-02;6.458011e-02;7.331176e-02;8.062891e-02;4.393551e-02;7.178752e-02
7.872272e-02;7.113496e-02;1.964744e-01;7.105105e-02;8.159065e-02;5.632048e-02;1.085146e-01;7.657167e-02;6.732883e-02;7.943412e-02;5.498356e-02;5.787293e-02
1.277356e-01;1.085237e-01;1.705643e-01;7.150353e-02;5.661856e-02;8.007351e-02;1.535704e-01;5.182317e-02;5.302738e-02;4.651951e-02;4.817811e-02;3.186228e-02
1.559528e-01;1.031079e-01;1.603890e-01;4.956397e-02;4.482292e-02;7.271679e-02;1.553602e-01;6.937592e-02;7.057515e-02;1.428875e-02;7.246351e-02;3.138301e-02
1.631544e-01;8.221354e-02;1.394503e-01;1.970572e-02;3.624221e-02;5.533127e-02;1.287639e-01;7.583535e-02;7.695276e-02;4.914830e-02;1.212372e-01;5.196496e-02
1.428766e-01;5.909089e-02;1.178735e-01;3.833892e-02;5.574246e-02;3.458405e-02;9.657648e-02;6.250262e-02;6.986043e-02;6.672437e-02;1.827917e-01;7.303810e-02
1.627548e-01;1.047189e-01;2.137118e-01;5.484878e-02;4.566727e-02;4.196059e-02;8.487017e-02;2.552230e-02;8.121610e-02;6.689189e-02;7.914961e-02;3.868783e-02
1.939533e-01;1.266917e-01;1.980290e-01;5.921059e-02;4.975481e-02;5.876657e-02;8.041601e-02;2.128396e-02;5.577258e-02;6.359670e-02;3.426858e-02;5.825626e-02
1.816537e-01;1.158515e-01;1.747928e-01;4.869844e-02;1.033372e-01;7.736901e-02;6.518971e-02;2.827604e-02;6.335107e-02;4.341389e-02;2.296358e-02;7.510296e-02
1.086577e-01;9.144087e-02;1.198118e-01;8.507114e-02;1.681206e-01;8.314078e-02;3.570120e-02;5.668879e-02;9.549751e-02;3.557245e-02;4.794773e-02;7.234939e-02
3.717798e-02;6.999344e-02;5.236648e-02;1.428150e-01;1.803606e-01;9.804378e-02;2.860530e-02;1.165488e-01;1.164361e-01;2.673055e-02;9.160291e-02;3.931913e-02
2.616466e-02;4.723475e-02;6.815360e-02;1.501618e-01;1.023017e-01;1.072335e-01;4.877301e-02;1.712644e-01;9.042092e-02;2.479901e-02;1.488002e-01;1.469249e-02
3.943970e-02;2.350827e-02;9.824576e-02;1.186517e-01;3.048556e-02;1.134425e-01;7.200059e-02;1.978381e-01;4.990262e-02;4.412309e-02;1.976390e-01;1.472312e-02
3.102077e-02;4.829390e-02;8.704631e-02;1.163030e-01;2.025591e-02;9.967054e-02;6.952734e-02;2.133470e-01;2.055067e-02;3.630766e-02;2.395200e-01;1.815693e-02
2.726714e-02;8.057614e-02;5.114342e-02;1.152771e-01;3.725894e-02;8.051351e-02;4.123865e-02;2.323365e-01;2.543789e-02;3.491962e-02;2.581117e-01;1.591939e-02
2.536574e-02;9.118387e-02;4.019212e-02;9.652069e-02;4.743305e-02;5.324117e-02;3.256231e-02;2.443104e-01;3.911859e-02;6.634717e-02;2.352045e-01;2.852041e-02
1.914278e-02;8.082180e-02;4.175780e-02;9.237726e-02;5.199336e-02;3.753087e-02;4.698848e-02;2.432185e-01;4.301141e-02;1.006773e-01;2.038295e-01;3.865092e-02
1.698568e-02;7.431048e-02;7.674940e-02;9.985699e-02;4.551965e-02;3.550392e-02;8.899194e-02;2.209176e-01;2.674232e-02;1.049470e-01;1.791797e-01;3.029529e-02
3.616173e-02;7.943821e-02;1.425667e-01;1.033526e-01;4.515813e-02;4.995124e-02;1.212432e-01;1.512409e-01;3.013942e-02;6.630733e-02;1.529760e-01;2.146444e-02
5.521022e-02;9.812055e-02;1.885278e-01;9.849834e-02;5.337195e-02;6.188224e-02;1.362508e-01;8.404770e-02;3.492586e-02;4.409199e-02;1.346862e-01;1.038629e-02
5.218666e-02;1.073798e-01;1.860814e-01;8.262061e-02;5.464986e-02;5.171185e-02;1.322259e-01;6.026425e-02;5.208971e-02;6.312048e-02;1.141896e-01;4.347988e-02
8.337725e-02;8.219499e-02;8.900788e-02;6.832822e-02;1.063130e-01;8.096516e-02;1.298022e-01;6.823299e-02;7.587000e-02;4.108305e-02;6.262317e-02;1.122021e-01
1.498999e-01;8.918315e-02;6.569359e-02;5.916400e-02;1.012368e-01;8.940399e-02;1.211524e-01;7.081670e-02;7.987426e-02;3.318705e-02;3.839644e-02;1.019917e-01
2.136188e-01;1.101304e-01;7.722680e-02;4.118183e-02;8.030054e-02;8.861726e-02;1.376630e-01;7.251791e-02;5.658834e-02;4.095876e-02;2.317302e-02;5.802334e-02
2.149409e-01;1.339942e-01;1.207645e-01;2.828119e-02;6.208367e-02;6.692934e-02;1.792993e-01;6.973214e-02;3.249878e-02;4.869509e-02;1.897894e-02;2.380193e-02
1.427511e-01;1.257524e-01;1.915087e-01;3.735118e-02;5.213900e-02;3.455035e-02;1.785296e-01;1.147685e-01;3.396017e-02;3.895512e-02;2.102623e-02;2.870758e-02
7.423358e-02;9.320263e-02;2.433598e-01;1.072536e-01;5.132649e-02;3.479731e-02;1.428226e-01;1.110548e-01;6.312595e-02;3.735636e-02;1.560082e-02;2.586608e-02
4.192331e-02;3.591355e-02;1.768053e-01;2.288067e-01;7.649689e-02;3.381945e-02;1.167337e-01;8.627120e-02;1.005346e-01;6.145822e-02;2.637593e-02;1.486101e-02
2.040263e-02;2.719069e-02;8.565061e-02;2.277800e-01;1.095711e-01;5.971261e-02;1.113474e-01;1.109057e-01;7.924132e-02;1.064588e-01;4.347272e-02;1.826637e-02
1.754635e-02;2.835066e-02;6.241959e-02;2.301118e-01;9.938557e-02;1.038633e-01;1.284225e-01;1.006586e-01;3.956264e-02;9.612250e-02;7.222719e-02;2.132928e-02
4.392394e-02;2.313704e-02;1.098182e-01;1.716085e-01;7.966392e-02;1.478419e-01;1.065729e-01;6.715927e-02;4.932987e-02;5.810780e-02;9.694158e-02;4.589512e-02
1.132860e-01;5.148807e-02;1.334446e-01;7.493799e-02;7.611088e-02;1.106464e-01;9.754410e-02;7.255652e-02;4.639144e-02;4.874087e-02;9.639439e-02;7.845870e-02
1.559990e-01;6.315193e-02;1.071094e-01;6.261640e-02;6.564732e-02;6.564298e-02;1.270851e-01;8.972535e-02;3.319815e-02;6.055719e-02;9.630287e-02;7.296432e-02
1.622952e-01;4.261019e-02;9.869260e-02;7.030931e-02;4.078883e-02;5.842975e-02;1.651236e-01;8.355713e-02;2.970531e-02;5.868606e-02;9.347742e-02;9.632459e-02
1.572092e-01;2.078129e-02;5.577713e-02;4.773951e-02;2.992509e-02;5.078387e-02;2.400512e-01;8.005929e-02;2.816565e-02;7.401234e-02;8.103791e-02;1.344575e-01
1.323121e-01;3.837663e-02;9.032854e-02;5.147289e-02;2.597831e-02;5.560647e-02;2.579447e-01;6.263219e-02;2.844004e-02;7.314730e-02;7.643764e-02;1.073232e-01
9.582651e-02;3.892581e-02;1.513251e-01;5.499280e-02;3.189035e-02;6.288942e-02;2.234482e-01;5.502674e-02;3.256450e-02;7.962136e-02;9.514956e-02;7.833966e-02
7.511668e-02;5.143521e-02;1.843439e-01;5.131456e-02;5.424559e-02;5.817750e-02;1.744068e-01;4.026473e-02;4.260645e-02;1.213583e-01;1.053886e-01;4.134170e-02
4.137718e-02;7.104170e-02;1.473200e-01;8.132412e-02;8.161615e-02;6.707878e-02;1.609474e-01;6.468476e-02;3.094772e-02;1.310175e-01;8.590903e-02;3.673559e-02
6.535823e-02;5.791507e-02;7.566827e-02;8.387644e-02;1.200587e-01;9.911340e-02;1.609797e-01;7.454515e-02;3.614195e-02;9.330139e-02;7.636126e-02;5.668039e-02
1.028008e-01;7.278953e-02;6.941461e-02;5.680130e-02;8.815290e-02;9.898476e-02;1.130726e-01;1.040184e-01;6.287164e-02;8.512078e-02;6.916399e-02;7.680872e-02
1.449757e-01;1.073281e-01;9.601449e-02;4.742480e-02;7.334722e-02;7.863216e-02;8.219264e-02;1.310390e-01;7.406738e-02;9.216999e-02;1.608165e-02;5.672692e-02
1.620994e-01;1.254139e-01;1.260284e-01;5.354989e-02;6.600503e-02;7.013911e-02;8.343110e-02;1.046660e-01;6.573330e-02;7.824697e-02;2.023405e-02;4.445289e-02
1.852959e-01;1.166648e-01;1.732376e-01;6.375156e-02;4.076518e-02;5.681377e-02;1.220849e-01;5.164687e-02;3.852980e-02;5.861802e-02;3.305994e-02;5.953162e-02
2.070808e-01;1.110428e-01;1.368567e-01;7.168145e-02;3.699681e-02;5.405657e-02;1.242885e-01;5.733922e-02;3.067036e-02;4.509302e-02;3.763373e-02;8.726007e-02
2.048129e-01;8.306282e-02;9.394235e-02;7.558963e-02;4.264551e-02;5.918682e-02;1.042692e-01;6.525156e-02;3.652832e-02;5.369831e-02;7.897428e-02;1.020383e-01
1.196011e-01;3.719527e-02;9.275313e-02;1.062363e-01;5.186772e-02;8.547583e-02;7.758003e-02;6.961555e-02;5.251781e-02;1.037644e-01;1.317467e-01;7.164608e-02
3.583982e-02;3.270256e-02;6.034188e-02;1.524936e-01;1.043279e-01;6.769367e-02;6.627899e-02;7.551275e-02;6.404529e-02;1.902555e-01;1.168846e-01;3.362333e-02
2.071082e-02;2.903287e-02;3.638267e-02;1.112096e-01;1.852927e-01;4.315427e-02;3.655862e-02;6.003142e-02;9.348142e-02;2.939496e-01;5.927828e-02;3.091785e-02
1.526706e-02;2.635283e-02;3.200601e-02;4.930495e-02;2.420637e-01;4.752828e-02;6.356347e-02;4.205000e-02;8.537752e-02;3.280951e-01;3.389111e-02;3.449995e-02
3.519415e-02;2.361947e-02;3.596620e-02;4.473487e-02;2.249458e-01;5.960883e-02;8.006395e-02;3.980066e-02;9.186340e-02;2.904751e-01;4.238877e-02;3.133873e-02
4.547404e-02;1.821076e-02;5.640559e-02;7.644170e-02;1.154692e-01;4.790530e-02;1.588526e-01;6.828915e-02;1.337583e-01;2.147354e-01;4.249203e-02;2.196591e-02
2.793653e-02;4.591795e-02;8.253541e-02;4.188879e-02;1.201925e-01;3.983447e-02;2.620325e-01;9.280030e-02;1.016392e-01;1.327993e-01;3.479749e-02;1.762559e-02
5.925548e-02;6.179591e-02;9.574613e-02;5.038556e-02;1.362459e-01;4.766624e-02;2.911791e-01;5.907683e-02;7.774458e-02;7.839253e-02;2.728779e-02;1.522393e-02
7.828205e-02;5.130327e-02;1.112602e-01;9.857290e-02;1.482902e-01;7.164324e-02;2.264317e-01;2.617893e-02;7.889704e-02;6.643922e-02;3.161428e-02;1.108685e-02
7.276110e-02;4.423102e-02;1.259630e-01;9.299752e-02;1.566029e-01;6.599303e-02;1.801717e-01;3.610204e-02;7.787581e-02;8.643843e-02;3.169421e-02;2.916919e-02
3.082445e-02;7.217639e-02;1.891523e-01;6.673113e-02;1.667084e-01;4.465704e-02;1.108959e-01;4.354130e-02;5.009222e-02;1.328088e-01;4.818250e-02;4.422957e-02
4.582063e-02;7.127763e-02;1.617924e-01;4.630644e-02;1.441539e-01;3.628715e-02;1.203056e-01;4.489410e-02;5.485234e-02;1.440963e-01;6.052331e-02;6.969014e-02
5.396293e-02;5.473872e-02;5.643156e-02;5.712102e-02;1.511512e-01;4.022253e-02;1.458437e-01;4.587830e-02;5.927331e-02;1.851541e-01;6.302811e-02;8.719452e-02
7.050938e-02;4.383153e-02;1.409058e-01;4.822092e-02;1.296041e-01;4.737695e-02;8.254093e-02;4.137233e-02;6.116080e-02;2.195237e-01;4.243045e-02;7.252312e-02
5.879873e-02;3.961248e-02;1.609752e-01;5.558795e-02;1.392961e-01;5.365890e-02;6.586310e-02;4.044764e-02;6.495979e-02;2.238991e-01;5.510530e-02;4.179572e-02
3.754228e-02;3.514868e-02;1.386060e-01;7.541740e-02;1.344582e-01;5.296938e-02;9.795628e-02;3.544664e-02;5.835441e-02;2.298681e-01;6.477397e-02;3.945865e-02
7.745282e-02;3.552748e-02;1.483381e-01;6.868190e-02;8.354277e-02;5.363946e-02;7.398914e-02;1.253777e-01;1.092107e-01;1.490283e-01;3.224000e-02;4.297153e-02
9.203932e-02;4.554441e-02;1.335272e-01;9.516186e-02;5.010512e-02;6.879941e-02;8.368973e-02;1.359156e-01;1.296606e-01;9.932857e-02;3.122923e-02;3.499886e-02
9.718569e-02;4.782727e-02;1.561293e-01;8.621528e-02;5.671871e-02;6.545009e-02;1.088782e-01;1.079623e-01;1.095610e-01;7.740909e-02;4.161413e-02;4.504911e-02
1.578021e-01;8.239213e-02;1.605971e-01;6.300014e-02;6.376700e-02;5.318649e-02;1.429291e-01;5.748039e-02;5.775337e-02;6.069530e-02;4.868761e-02;5.170923e-02
2.155749e-01;1.011688e-01;1.451482e-01;5.456316e-02;6.362321e-02;4.360535e-02;1.322260e-01;3.944860e-02;4.156550e-02;6.284238e-02;4.413830e-02;5.609559e-02
2.482064e-01;9.249742e-02;1.206549e-01;5.490804e-02;6.900004e-02;4.470035e-02;1.061657e-01;3.736571e-02;4.789595e-02;6.320497e-02;5.505666e-02;6.034380e-02
2.309690e-01;8.369950e-02;1.112845e-01;5.302313e-02;7.058331e-02;4.990255e-02;1.112794e-01;4.173775e-02;5.075483e-02;5.588448e-02;6.149362e-02;7.938782e-02
1.299267e-01;7.609796e-02;2.168806e-01;5.995388e-02;7.415742e-02;4.507236e-02;8.997972e-02;4.597060e-02;2.418243e-02;7.585238e-02;7.730958e-02;8.461639e-02
9.511024e-02;4.222026e-02;2.200593e-01;4.557631e-02;7.532108e-02;6.077823e-02;8.426872e-02;3.938763e-02;6.391598e-02;7.731332e-02;8.798238e-02;1.080665e-01
1.049947e-01;3.027289e-02;2.263304e-01;5.670554e-02;5.634819e-02;4.870477e-02;1.035260e-01;4.604863e-02;7.560401e-02;5.631882e-02;6.553760e-02;1.296086e-01
9.770168e-02;3.043034e-02;2.688605e-01;7.835360e-02;3.342807e-02;2.985783e-02;9.852833e-02;5.193140e-02;8.198094e-02;4.586347e-02;5.811391e-02;1.249500e-01
8.942878e-02;2.665761e-02;3.172975e-01;1.100970e-01;2.850820e-02;1.472342e-02;7.772221e-02;4.771207e-02;8.130592e-02;5.914951e-02;6.038971e-02;8.700800e-02
6.823809e-02;1.770342e-02;3.525308e-01;1.326608e-01;4.021094e-02;1.740412e-02;7.420653e-02;4.253347e-02;7.018518e-02;7.760872e-02;5.881460e-02;4.790334e-02
5.270991e-02;1.765214e-02;3.432810e-01;1.455700e-01;4.857526e-02;2.389276e-02;6.686835e-02;4.541840e-02;6.771915e-02;9.338697e-02;5.901738e-02;3.590873e-02
4.371706e-02;1.860262e-02;3.349624e-01;1.370555e-01;3.387040e-02;2.434822e-02;5.359086e-02;6.244607e-02;8.174841e-02;1.109619e-01;6.559458e-02;3.310193e-02
2.700890e-02;1.956701e-02;2.717313e-01;1.956005e-01;5.369894e-02;5.171715e-02;6.979057e-02;6.746530e-02;5.565043e-02;9.508163e-02;6.858007e-02;2.410819e-02
1.934105e-02;3.255210e-02;2.326818e-01;2.263487e-01;6.859529e-02;6.161561e-02;6.920295e-02;9.932957e-02;4.225992e-02;6.221959e-02;6.783889e-02;1.801458e-02
3.645300e-02;4.305929e-02;2.182645e-01;1.792241e-01;8.382231e-02;4.745071e-02;5.406476e-02;1.056715e-01;6.711373e-02;5.720934e-02;6.520414e-02;4.246255e-02
7.849446e-02;3.640608e-02;1.632010e-01;1.498761e-01;1.061473e-01;4.946572e-02;6.703550e-02;8.672601e-02;8.493693e-02;5.387593e-02;5.024961e-02;7.358544e-02
1.468540e-01;3.477419e-02;1.241088e-01;1.548498e-01;9.178147e-02;6.106924e-02;8.016996e-02;6.094086e-02;7.467178e-02;5.656512e-02;3.781132e-02;7.640339e-02
2.162598e-01;4.311629e-02;6.989021e-02;1.151450e-01;8.158735e-02;9.483929e-02;1.224149e-01;7.220695e-02;5.785900e-02;4.941000e-02;1.980621e-02;5.746489e-02
2.073314e-01;6.538834e-02;5.298250e-02;1.011906e-01;7.320658e-02;9.592075e-02;1.945429e-01;7.225554e-02;4.328756e-02;5.167785e-02;5.614221e-03;3.660171e-02
1.368760e-01;9.319684e-02;7.823540e-02;7.306775e-02;5.925832e-02;8.155254e-02;2.841091e-01;6.544105e-02;5.128364e-02;4.704326e-02;8.470421e-03;2.146576e-02
6.089049e-02;8.201356e-02;1.006829e-01;8.678219e-02;4.501645e-02;6.007018e-02;3.240194e-01;9.031926e-02;8.707996e-02;4.344552e-02;9.563067e-03;1.011708e-02
3.120511e-02;5.033327e-02;1.419824e-01;1.158392e-01;4.535651e-02;3.528545e-02;2.994544e-01;8.796786e-02;1.171675e-01;5.309851e-02;8.551826e-03;1.375795e-02
2.247262e-02;3.091489e-02;1.355755e-01;1.040101e-01;6.463450e-02;2.993697e-02;2.534944e-01;9.260441e-02;1.378227e-01;9.537308e-02;2.073603e-02;1.242476e-02
3.394209e-02;2.374195e-02;7.546011e-02;8.381087e-02;7.390160e-02;4.378904e-02;1.642816e-01;9.541284e-02;1.616161e-01;1.609010e-01;6.567425e-02;1.746844e-02
3.947904e-02;1.529295e-02;4.288072e-02;7.632906e-02;6.379259e-02;7.285547e-02;1.457147e-01;6.601024e-02;1.373294e-01;1.805042e-01;1.289993e-01;3.081231e-02
5.371581e-02;1.310598e-02;5.834302e-02;5.281220e-02;9.799136e-02;7.010695e-02;1.169023e-01;4.666710e-02;1.247720e-01;1.640605e-01;1.496079e-01;5.191492e-02
7.833608e-02;1.012811e-02;8.533712e-02;3.617228e-02;1.302665e-01;3.957456e-02;1.219795e-01;6.641555e-02;1.246333e-01;1.082528e-01;1.145082e-01;8.439595e-02
1.085126e-01;1.927714e-02;8.839158e-02;8.001644e-02;9.171464e-02;2.523807e-02;1.760144e-01;5.976231e-02;8.315382e-02;6.491864e-02;9.091306e-02;1.120874e-01
1.285649e-01;4.466087e-02;1.094027e-01;8.958136e-02;3.973123e-02;3.102828e-02;1.816896e-01;6.579261e-02;7.069273e-02;7.629746e-02;7.279743e-02;8.976075e-02
8.904471e-02;3.877661e-02;1.150097e-01;8.609811e-02;4.456415e-02;4.387388e-02;1.611069e-01;1.028563e-01;7.401007e-02;1.047373e-01;7.734259e-02;6.257968e-02
5.141935e-02;2.562985e-02;1.235795e-01;1.245698e-01;5.215834e-02;3.372370e-02;1.530658e-01;8.613544e-02;8.221530e-02;1.212742e-01;8.988577e-02;5.634289e-02
4.488967e-02;4.925290e-02;1.309018e-01;1.485319e-01;3.997344e-02;5.514380e-02;1.275753e-01;5.226046e-02;9.313816e-02;1.298427e-01;8.508690e-02;4.340301e-02
3.147636e-02;7.992759e-02;1.666699e-01;1.231518e-01;6.417514e-02;7.581083e-02;1.103500e-01;6.657771e-02;8.416202e-02;1.008080e-01;6.692621e-02;2.996450e-02
3.367092e-02;8.372051e-02;1.730831e-01;1.024315e-01;8.714938e-02;7.118723e-02;1.168320e-01;8.458680e-02;6.176577e-02;9.536383e-02;5.112761e-02;3.908142e-02
4.858809e-02;7.229147e-02;1.196080e-01;8.243733e-02;8.693551e-02;5.741399e-02;1.686068e-01;8.603329e-02;7.915846e-02;1.281285e-01;3.244817e-02;3.835042e-02
5.091279e-02;8.061381e-02;9.092437e-02;4.846169e-02;5.676191e-02;6.650578e-02;1.699229e-01;8.301643e-02;8.388899e-02;1.632311e-01;3.961705e-02;6.614321e-02
8.912379e-02;7.988267e-02;1.147671e-01;3.722176e-02;4.729878e-02;5.448262e-02;1.327350e-01;7.414524e-02;7.006089e-02;2.030780e-01;4.663400e-02;5.057010e-02
1.117693e-01;8.198553e-02;1.426227e-01;5.336948e-02;7.652337e-02;6.550064e-02;6.929265e-02;6.073088e-02;7.812255e-02;1.617123e-01;5.364301e-02;4.472758e-02
1.318318e-01;6.033011e-02;1.474588e-01;7.928685e-02;4.712687e-02;7.342762e-02;3.873691e-02;4.573575e-02;1.254482e-01;1.258286e-01;4.472624e-02;8.006234e-02
1.075414e-01;4.141554e-02;1.132434e-01;5.779977e-02;3.864869e-02;6.179762e-02;7.072194e-02;7.428637e-02;1.463537e-01;1.689885e-01;5.082934e-02;6.837367e-02
9.875394e-02;3.908570e-02;1.183892e-01;6.678446e-02;5.726448e-02;4.110412e-02;5.634207e-02;9.732025e-02;1.569291e-01;1.637590e-01;4.532497e-02;5.894264e-02
1.106686e-01;5.416021e-02;1.163170e-01;6.989560e-02;5.015958e-02;6.599621e-02;5.502056e-02;9.152331e-02;1.482547e-01;1.224457e-01;5.116176e-02;6.439668e-02
9.810057e-02;1.061280e-01;1.092305e-01;6.471749e-02;5.259001e-02;9.943509e-02;5.914783e-02;1.018335e-01;9.601255e-02;8.400138e-02;5.010140e-02;7.870159e-02
1.062085e-01;1.063866e-01;9.496951e-02;7.189885e-02;5.839164e-02;8.646908e-02;7.519752e-02;1.009429e-01;9.733710e-02;8.195028e-02;6.253188e-02;5.771625e-02
9.994890e-02;9.803780e-02;7.395000e-02;6.640568e-02;6.452572e-02;7.443709e-02;8.646832e-02;8.182392e-02;1.661870e-01;9.103240e-02;6.925789e-02;2.792523e-02
1.141150e-01;6.666747e-02;9.389260e-02;6.412709e-02;5.413013e-02;7.023224e-02;9.438712e-02;6.679337e-02;1.784579e-01;9.490546e-02;3.814810e-02;6.414343e-02
6.752584e-02;6.842831e-02;1.197280e-01;6.563617e-02;5.644608e-02;7.116165e-02;8.715075e-02;7.201357e-02;1.355683e-01;1.346847e-01;2.479259e-02;9.686409e-02
7.168830e-02;4.880266e-02;1.132080e-01;8.006155e-02;4.928415e-02;5.508484e-02;8.463766e-02;9.507785e-02;1.143384e-01;1.262945e-01;2.812805e-02;1.333940e-01
8.935288e-02;7.347524e-02;1.224655e-01;6.396423e-02;4.563249e-02;4.953556e-02;8.831116e-02;7.751906e-02;1.036118e-01;9.621561e-02;4.026592e-02;1.496506e-01
7.524816e-02;9.307347e-02;1.162194e-01;7.504277e-02;5.410522e-02;4.552422e-02;9.061073e-02;7.335762e-02;7.931221e-02;8.810126e-02;5.004333e-02;1.593616e-01
1.417122e-01;8.582611e-02;8.256039e-02;8.517173e-02;5.487990e-02;4.987756e-02;7.231329e-02;7.186230e-02;4.930282e-02;8.932132e-02;5.899113e-02;1.581813e-01
1.254098e-01;9.278689e-02;1.290994e-01;5.130130e-02;4.032081e-02;5.711097e-02;6.525756e-02;6.549262e-02;6.847293e-02;7.107870e-02;8.200891e-02;1.516601e-01
1.151669e-01;6.825559e-02;9.982463e-02;5.415582e-02;5.621974e-02;5.443900e-02;1.018933e-01;5.116411e-02;8.422265e-02;8.972657e-02;5.891230e-02;1.660194e-01
8.244064e-02;5.434987e-02;1.024107e-01;5.866522e-02;7.869917e-02;6.164800e-02;1.105356e-01;4.479390e-02;8.514812e-02;9.569214e-02;5.381903e-02;1.717976e-01
8.953885e-02;5.505799e-02;1.338369e-01;4.439680e-02;7.613274e-02;5.831943e-02;8.560434e-02;4.006103e-02;1.200746e-01;1.071495e-01;5.871048e-02;1.311173e-01
1.153655e-01;6.789793e-02;1.619700e-01;5.736529e-02;4.363054e-02;6.452277e-02;1.054910e-01;3.653143e-02;1.541985e-01;9.104592e-02;5.052017e-02;5.146081e-02
1.027255e-01;7.809734e-02;1.467665e-01;7.128853e-02;3.197844e-02;8.112206e-02;1.006577e-01;5.499652e-02;1.373443e-01;7.925609e-02;5.518764e-02;6.057923e-02
9.878536e-02;7.720429e-02;8.093743e-02;6.482559e-02;4.734476e-02;6.659228e-02;1.221934e-01;8.236149e-02;7.528450e-02;1.070360e-01;1.074419e-01;6.999307e-02
7.871423e-02;8.106433e-02;6.931444e-02;5.380918e-02;5.585724e-02;5.843785e-02;1.323022e-01;1.184661e-01;8.526637e-02;9.222215e-02;1.292287e-01;4.531718e-02
4.485188e-02;8.521398e-02;1.071199e-01;4.613106e-02;4.791614e-02;6.747407e-02;1.203969e-01;1.312646e-01;1.182062e-01;7.956249e-02;7.152002e-02;8.034271e-02
8.575433e-02;6.705688e-02;9.497226e-02;3.719467e-02;5.504383e-02;4.821903e-02;9.223096e-02;1.067113e-01;1.447241e-01;1.233554e-01;3.868244e-02;1.060548e-01
8.608005e-02;4.370652e-02;7.456295e-02;3.832941e-02;6.838179e-02;3.739105e-02;1.201998e-01;1.212961e-01;1.662969e-01;1.451369e-01;3.840170e-02;6.021691e-02
8.932029e-02;5.759791e-02;5.396185e-02;5.448569e-02;6.928378e-02;3.549837e-02;1.250058e-01;1.589992e-01;1.619382e-01;1.072011e-01;4.294755e-02;4.376030e-02
8.320172e-02;5.461498e-02;9.082288e-02;5.644956e-02;6.357102e-02;3.513404e-02;1.098370e-01;9.090842e-02;1.543558e-01;1.357674e-01;5.484562e-02;7.049163e-02
7.900465e-02;5.998412e-02;8.183496e-02;6.565797e-02;5.640434e-02;2.477914e-02;1.370080e-01;6.428712e-02;1.204103e-01;1.283339e-01;7.080193e-02;1.114936e-01
7.407676e-02;8.955737e-02;6.167531e-02;7.429039e-02;4.815929e-02;3.031173e-02;1.440131e-01;5.874275e-02;1.293325e-01;9.668152e-02;5.715516e-02;1.360042e-01
7.544146e-02;8.915000e-02;9.386790e-02;6.808366e-02;5.072010e-02;2.873213e-02;1.158970e-01;7.146087e-02;1.516403e-01;7.967036e-02;5.460287e-02;1.207334e-01
8.500180e-02;7.118981e-02;8.475545e-02;6.195395e-02;7.537080e-02;4.118962e-02;7.615686e-02;1.009803e-01;1.768055e-01;7.765979e-02;7.841772e-02;7.051843e-02
8.613987e-02;5.205410e-02;1.407067e-01;6.896292e-02;8.044434e-02;3.632043e-02;1.217334e-01;6.787506e-02;1.451966e-01;6.817326e-02;8.948373e-02;4.290954e-02
7.231136e-02;5.304682e-02;2.265846e-01;7.745931e-02;7.428493e-02;3.799541e-02;1.220676e-01;6.324272e-02;1.037673e-01;6.654387e-02;6.054165e-02;4.215441e-02
5.879233e-02;3.705430e-02;3.143930e-01;8.453321e-02;7.702599e-02;4.058584e-02;9.709808e-02;5.416180e-02;9.100511e-02;7.690242e-02;3.847725e-02;2.997068e-02
3.618430e-02;3.380303e-02;3.780776e-01;9.913285e-02;8.059769e-02;3.795416e-02;8.175205e-02;3.217164e-02;6.246191e-02;1.097785e-01;3.408746e-02;1.399882e-02
2.341546e-02;4.001896e-02;3.986233e-01;1.012371e-01;8.716049e-02;2.815728e-02;7.366107e-02;2.872048e-02;3.533376e-02;1.131625e-01;5.451258e-02;1.599706e-02
2.286181e-02;4.394983e-02;3.932723e-01;7.024568e-02;8.417783e-02;2.629947e-02;7.618944e-02;6.422353e-02;2.386647e-02;9.126167e-02;8.020192e-02;2.345015e-02
1.808415e-02;4.390683e-02;3.697353e-01;4.990929e-02;5.259410e-02;4.605699e-02;5.260178e-02;1.048402e-01;3.930290e-02;8.428770e-02;1.019238e-01;3.675697e-02
2.494531e-02;4.756845e-02;3.463646e-01;6.681579e-02;3.320314e-02;5.310532e-02;4.501558e-02;1.102523e-01;4.354362e-02;6.191426e-02;1.040111e-01;6.326056e-02
3.895229e-02;6.007641e-02;3.081298e-01;8.880322e-02;2.827709e-02;4.554175e-02;4.826433e-02;8.930267e-02;4.418775e-02;6.911439e-02;9.229764e-02;8.705270e-02
7.326748e-02;7.159235e-02;2.760022e-01;6.800497e-02;2.863817e-02;4.655239e-02;5.182709e-02;7.938830e-02;8.269534e-02;6.458854e-02;6.229797e-02;9.514518e-02
8.005293e-02;7.957882e-02;2.961585e-01;6.071179e-02;3.931039e-02;5.411435e-02;4.391182e-02;7.540055e-02;1.007616e-01;4.540960e-02;4.643724e-02;7.815242e-02
7.416146e-02;8.447814e-02;2.696657e-01;7.847046e-02;6.296854e-02;7.184368e-02;4.235042e-02;5.933812e-02;1.111640e-01;6.098593e-02;4.477287e-02;3.980068e-02
7.983959e-02;7.400113e-02;2.339641e-01;8.624282e-02;7.424962e-02;8.883531e-02;4.907455e-02;6.365307e-02;1.262527e-01;5.735907e-02;4.473635e-02;2.179174e-02
6.919874e-02;6.779868e-02;2.177516e-01;8.007690e-02;6.312862e-02;8.881084e-02;6.505924e-02;7.181843e-02;1.492280e-01;5.761094e-02;3.684268e-02;3.267527e-02
7.732375e-02;7.415927e-02;1.946194e-01;7.522351e-02;7.139392e-02;6.522190e-02;7.193354e-02;8.248983e-02;1.414429e-01;7.139023e-02;2.082412e-02;5.397754e-02
8.654469e-02;5.928102e-02;2.089286e-01;6.151336e-02;8.969447e-02;5.830758e-02;7.305641e-02;7.168995e-02;9.593096e-02;6.993738e-02;4.265518e-02;8.246035e-02
6.505605e-02;6.485564e-02;2.454236e-01;6.773587e-02;6.489611e-02;6.118032e-02;3.994888e-02;1.000245e-01;6.911362e-02;7.334130e-02;7.690644e-02;7.151777e-02
6.149838e-02;6.612304e-02;2.266118e-01;1.099952e-01;7.801306e-02;5.373628e-02;4.244907e-02;1.115975e-01;5.134512e-02;6.060272e-02;6.051761e-02;7.751023e-02
8.699975e-02;8.885998e-02;1.531034e-01;8.573233e-02;1.129405e-01;5.976297e-02;9.593962e-02;8.932054e-02;4.164312e-02;6.254809e-02;4.451832e-02;7.863133e-02
9.661057e-02;7.420332e-02;1.431531e-01;6.269533e-02;1.004929e-01;8.391427e-02;1.790112e-01;5.628922e-02;5.308343e-02;6.017892e-02;3.864761e-02;5.172018e-02
8.414945e-02;6.357432e-02;1.594090e-01;3.881079e-02;7.510601e-02;9.063175e-02;2.849415e-01;5.753330e-02;4.791958e-02;4.595912e-02;2.088824e-02;3.107693e-02
4.692420e-02;5.358937e-02;1.769522e-01;7.295158e-02;5.739117e-02;6.579223e-02;3.102948e-01;8.865955e-02;4.653688e-02;4.225403e-02;1.921151e-02;1.944244e-02
2.433058e-02;4.240911e-02;1.501146e-01;1.417666e-01;6.451963e-02;4.911383e-02;2.378353e-01;8.486730e-02;7.996625e-02;8.661374e-02;2.366075e-02;1.480225e-02
2.161583e-02;3.929370e-02;9.225284e-02;1.710442e-01;1.000997e-01;4.863734e-02;1.154346e-01;7.388179e-02;9.829862e-02;1.860905e-01;3.806005e-02;1.529085e-02
2.546562e-02;3.725937e-02;4.275538e-02;1.223563e-01;1.152346e-01;6.159055e-02;5.712666e-02;1.035551e-01;8.109854e-02;2.540463e-01;7.980429e-02;1.970733e-02
2.486265e-02;3.068156e-02;3.771050e-02;7.372566e-02;8.552738e-02;1.087089e-01;1.043682e-01;8.806853e-02;8.120020e-02;1.997608e-01;1.322372e-01;3.314850e-02
5.901260e-02;2.180889e-02;5.946331e-02;3.157599e-02;6.426255e-02;9.448351e-02;1.500337e-01;5.003083e-02;9.473377e-02;1.614660e-01;1.330608e-01;8.006810e-02
1.500877e-01;1.703998e-02;5.271248e-02;3.417385e-02;4.368972e-02;5.267950e-02;1.772653e-01;5.619476e-02;7.222511e-02;1.264797e-01;9.333266e-02;1.241192e-01
2.460857e-01;5.069488e-02;8.698148e-02;2.959847e-02;3.015937e-02;4.294130e-02;1.126229e-01;1.215995e-01;3.295763e-02;1.000479e-01;4.849061e-02;9.782031e-02
3.037292e-01;9.684768e-02;1.492987e-01;1.219332e-02;4.013323e-02;2.500026e-02;5.483305e-02;1.610136e-01;3.973478e-02;4.646226e-02;2.132881e-02;4.942508e-02
2.573342e-01;1.570494e-01;2.297675e-01;1.354291e-02;3.153742e-02;2.046936e-02;3.323358e-02;1.086505e-01;8.754595e-02;2.053233e-02;1.262905e-02;2.770776e-02
1.433268e-01;1.786083e-01;3.249752e-01;1.633902e-02;1.647158e-02;5.774387e-02;2.140391e-02;3.926746e-02;1.612868e-01;1.966872e-02;9.216727e-03;1.169161e-02
7.913081e-02;1.614806e-01;3.865352e-01;1.461193e-02;1.028928e-02;9.497049e-02;1.778809e-02;1.710920e-02;1.848170e-01;1.451823e-02;9.575944e-03;9.173184e-03
3.074382e-02;1.337357e-01;4.795023e-01;1.801539e-02;1.167386e-02;9.392308e-02;2.196698e-02;2.293325e-02;1.464363e-01;2.002786e-02;6.540794e-03;1.450064e-02
1.912443e-02;1.066840e-01;5.564260e-01;2.388534e-02;1.423968e-02;7.062540e-02;1.897951e-02;3.641418e-02;9.869083e-02;2.925772e-02;4.709045e-03;2.096383e-02
2.872841e-02;9.206497e-02;5.679275e-01;2.883181e-02;1.125115e-02;7.955261e-02;1.118011e-02;3.519746e-02;9.471615e-02;2.242622e-02;3.990007e-03;2.413358e-02
5.476022e-02;6.372688e-02;5.378525e-01;2.898757e-02;1.181577e-02;8.958937e-02;2.246438e-02;3.177180e-02;1.088844e-01;2.098548e-02;6.988985e-03;2.217258e-02
8.900679e-02;2.528523e-02;5.343412e-01;2.732948e-02;1.822631e-02;6.419236e-02;3.166144e-02;3.181959e-02;1.146264e-01;2.017378e-02;1.766110e-02;2.567627e-02
1.233119e-01;5.465986e-02;4.766577e-01;2.271962e-02;3.518135e-02;2.882069e-02;3.662732e-02;2.980175e-02;9.531651e-02;2.962336e-02;3.316268e-02;3.411730e-02
1.083644e-01;6.019209e-02;3.874512e-01;2.778997e-02;6.381050e-02;3.123997e-02;7.340652e-02;5.048276e-02;6.777161e-02;4.294140e-02;4.721214e-02;3.933749e-02
4.920559e-02;3.811724e-02;2.754048e-01;5.372216e-02;1.208383e-01;6.815254e-02;1.274622e-01;6.153677e-02;7.849436e-02;5.164972e-02;4.658147e-02;2.883486e-02
1.859132e-02;2.727257e-02;1.305244e-01;5.861775e-02;1.697940e-01;1.584577e-01;1.661758e-01;6.451570e-02;9.476599e-02;6.179596e-02;2.736837e-02;2.212040e-02
2.648248e-02;1.690869e-02;2.168510e-01;3.026363e-02;1.061890e-01;1.917142e-01;1.599823e-01;6.431340e-02;8.795641e-02;5.038984e-02;2.771905e-02;2.123008e-02
3.522152e-02;4.081462e-02;2.659071e-01;3.418283e-02;6.238173e-02;1.290162e-01;9.975912e-02;6.359362e-02;1.152651e-01;8.204708e-02;3.832028e-02;3.349089e-02
2.975970e-02;4.849333e-02;2.508700e-01;4.532421e-02;3.935918e-02;4.469798e-02;7.298490e-02;8.038589e-02;1.049614e-01;2.072360e-01;3.882484e-02;3.710255e-02
4.527287e-02;4.155437e-02;1.419468e-01;7.117900e-02;4.760711e-02;6.810815e-02;8.265413e-02;4.942606e-02;9.388483e-02;2.909452e-01;3.673511e-02;3.068639e-02
4.855528e-02;4.278014e-02;8.911227e-02;9.964305e-02;4.858232e-02;7.438090e-02;8.460285e-02;5.585647e-02;1.212293e-01;2.737059e-01;3.040886e-02;3.114267e-02
4.180220e-02;3.671685e-02;6.279845e-02;1.042053e-01;5.356926e-02;8.764336e-02;9.501000e-02;8.906765e-02;9.824253e-02;2.424159e-01;4.222948e-02;4.629899e-02
5.960581e-02;3.587063e-02;9.136373e-02;6.681823e-02;7.484160e-02;1.116684e-01;1.011606e-01;1.217028e-01;9.296691e-02;1.351867e-01;5.185780e-02;5.695676e-02
4.656347e-02;3.485975e-02;1.324621e-01;2.909787e-02;1.025862e-01;1.309647e-01;8.808117e-02;1.209923e-01;1.225515e-01;9.572849e-02;5.128625e-02;4.482617e-02
4.739393e-02;3.991217e-02;1.081986e-01;3.679645e-02;6.880671e-02;9.689964e-02;7.656492e-02;1.303414e-01;2.332314e-01;9.304140e-02;3.724321e-02;3.157005e-02
3.151912e-02;3.412009e-02;6.995432e-02;4.209196e-02;5.421028e-02;6.921619e-02;8.025675e-02;1.862658e-01;2.735361e-01;9.255538e-02;4.212592e-02;2.414816e-02
1.229283e-02;4.426349e-02;9.720873e-02;7.100918e-02;5.181975e-02;7.888217e-02;9.899256e-02;1.373738e-01;2.401815e-01;1.039404e-01;5.034024e-02;1.369530e-02
5.421477e-02;5.952282e-02;2.223206e-01;6.893779e-02;5.358827e-02;5.832130e-02;1.151831e-01;6.681345e-02;1.266400e-01;9.251869e-02;5.097747e-02;3.096172e-02
8.749072e-02;6.836874e-02;2.509589e-01;5.451953e-02;5.517080e-02;4.207113e-02;9.781788e-02;6.636105e-02;1.142215e-01;7.188246e-02;5.673640e-02;3.440089e-02
7.351334e-02;7.896426e-02;1.819289e-01;7.145862e-02;6.551933e-02;5.106458e-02;7.525440e-02;1.072150e-01;1.075732e-01;9.148882e-02;6.056040e-02;3.545921e-02
3.867377e-02;8.246531e-02;1.365277e-01;8.624170e-02;7.014914e-02;5.030246e-02;6.675567e-02;1.222968e-01;1.161538e-01;1.367797e-01;5.988143e-02;3.377261e-02
6.455602e-02;9.345181e-02;1.735785e-01;7.983057e-02;5.559084e-02;4.198710e-02;1.050385e-01;6.678990e-02;1.101818e-01;1.356841e-01;5.984479e-02;1.346619e-02
8.386828e-02;1.128432e-01;1.617183e-01;7.310389e-02;4.753125e-02;4.565079e-02;1.663547e-01;5.262973e-02;8.247291e-02;1.022978e-01;5.384919e-02;1.767994e-02
1.203243e-01;1.133642e-01;1.141183e-01;7.316046e-02;4.492479e-02;4.894599e-02;1.684746e-01;6.548201e-02;9.531567e-02;8.527621e-02;4.465711e-02;2.595630e-02
1.495353e-01;9.885675e-02;8.632521e-02;9.311143e-02;8.334841e-02;5.638907e-02;1.169680e-01;5.952564e-02;9.013657e-02;8.723384e-02;5.816052e-02;2.040925e-02
1.084575e-01;8.149864e-02;1.286534e-01;7.267887e-02;9.769692e-02;7.340749e-02;1.094248e-01;6.214730e-02;7.340126e-02;9.118325e-02;5.523631e-02;4.621420e-02
6.791869e-02;7.441412e-02;1.152843e-01;6.901468e-02;7.478631e-02;6.959157e-02;7.522123e-02;1.085040e-01;1.148570e-01;9.238966e-02;5.929529e-02;7.872310e-02
7.749742e-02;8.581547e-02;9.160022e-02;7.427781e-02;7.094484e-02;6.638217e-02;6.631196e-02;1.103617e-01;1.274377e-01;8.287517e-02;8.976013e-02;5.673539e-02
8.857475e-02;8.997685e-02;5.872204e-02;8.413305e-02;7.938462e-02;9.211218e-02;7.129654e-02;8.650282e-02;1.378383e-01;8.359083e-02;8.396205e-02;4.390598e-02
1.013867e-01;6.248998e-02;4.670761e-02;9.720301e-02;6.106539e-02;7.373367e-02;4.823236e-02;1.128376e-01;1.576383e-01;9.119658e-02;6.076474e-02;8.674403e-02
1.062926e-01;5.131746e-02;5.695752e-02;1.019361e-01;7.462793e-02;5.100694e-02;4.877198e-02;1.211173e-01;1.492129e-01;8.468977e-02;3.366192e-02;1.204077e-01
1.057647e-01;4.457506e-02;7.192151e-02;1.020827e-01;7.189702e-02;8.678292e-02;5.265671e-02;6.381799e-02;1.486275e-01;8.833907e-02;4.304918e-02;1.204857e-01
6.630428e-02;4.981401e-02;7.345862e-02;8.992594e-02;5.723818e-02;9.296130e-02;7.302474e-02;8.407678e-02;1.491331e-01;8.493923e-02;7.890463e-02;1.002192e-01
2.854536e-02;5.961014e-02;5.435247e-02;8.412139e-02;5.344583e-02;8.267599e-02;7.978339e-02;1.003118e-01;1.534562e-01;1.273420e-01;7.487296e-02;1.014825e-01
4.061235e-02;4.568567e-02;4.623134e-02;9.953158e-02;3.812047e-02;4.526510e-02;1.192284e-01;1.153774e-01;1.600402e-01;1.210549e-01;7.588156e-02;9.297112e-02
4.591952e-02;4.246046e-02;6.763153e-02;1.137046e-01;2.573850e-02;4.890304e-02;1.422824e-01;1.251620e-01;1.702282e-01;9.717482e-02;6.141848e-02;5.937654e-02
5.945113e-02;4.317950e-02;9.218531e-02;1.200998e-01;5.782158e-02;8.365944e-02;1.136739e-01;9.089345e-02;1.423627e-01;8.582000e-02;6.563567e-02;4.521750e-02
3.546603e-02;8.425678e-02;9.808686e-02;1.155913e-01;9.128162e-02;7.906044e-02;9.762839e-02;8.206748e-02;1.059933e-01;7.971197e-02;7.854521e-02;5.231049e-02
7.386136e-02;9.696998e-02;7.840088e-02;9.069594e-02;1.005910e-01;5.638158e-02;1.007808e-01;7.832970e-02;9.411054e-02;1.087242e-01;6.989533e-02;5.125875e-02
7.155292e-02;6.438704e-02;1.441622e-01;6.617532e-02;7.459022e-02;5.800851e-02;9.793700e-02;9.868218e-02;6.868010e-02;1.306812e-01;8.532117e-02;3.982218e-02
8.668047e-02;5.282082e-02;1.596975e-01;7.023406e-02;4.560346e-02;7.186123e-02;8.132284e-02;8.714508e-02;8.224658e-02;1.288688e-01;8.980192e-02;4.371722e-02
