6.649438e-02;5.845192e-02;1.486197e-01;3.931350e-02;7.907998e-02;6.435712e-02;1.517666e-01;9.416889e-02;7.600164e-02;6.985670e-02;7.545269e-02;7.643681e-02
7.331024e-02;5.326046e-02;1.562811e-01;7.338002e-02;1.174114e-01;6.718285e-02;1.179572e-01;8.345905e-02;4.981418e-02;6.729804e-02;5.369629e-02;8.694921e-02
9.650189e-02;9.818113e-02;1.070538e-01;1.019625e-01;1.232332e-01;6.490720e-02;8.894648e-02;4.902397e-02;3.976530e-02;5.184840e-02;4.953511e-02;1.290410e-01
9.536027e-02;1.426031e-01;6.624401e-02;8.680450e-02;1.226019e-01;6.582442e-02;6.305379e-02;8.158741e-02;4.247067e-02;4.435929e-02;5.892931e-02;1.301613e-01
7.913169e-02;1.212874e-01;7.312813e-02;7.979444e-02;1.040897e-01;4.475930e-02;1.093220e-01;9.680863e-02;5.480852e-02;5.960052e-02;9.062367e-02;8.664594e-02
5.346578e-02;1.159656e-01;7.028373e-02;8.362726e-02;7.618168e-02;4.633120e-02;1.497002e-01;1.041625e-01;8.354824e-02;4.834554e-02;8.213911e-02;8.624900e-02
9.892247e-02;1.201596e-01;1.324093e-01;8.860185e-02;4.222773e-02;9.485855e-02;9.530187e-02;8.169941e-02;4.361917e-02;4.322292e-02;5.699437e-02;1.019827e-01
1.443150e-01;9.324164e-02;1.539819e-01;4.968062e-02;4.629826e-02;7.153884e-02;7.187894e-02;4.195997e-02;1.051942e-01;4.918120e-02;1.229783e-01;4.975116e-02
1.689130e-01;9.406637e-02;1.229685e-01;4.770615e-02;4.122802e-02;3.620208e-02;9.232185e-02;4.677358e-02;1.472967e-01;6.376597e-02;1.221137e-01;1.664419e-02
2.198833e-01;6.436936e-02;8.765672e-02;8.436712e-02;3.261628e-02;1.738022e-02;8.203304e-02;3.873793e-02;1.952052e-01;5.273674e-02;1.071041e-01;1.790996e-02
2.454795e-01;2.865012e-02;5.755176e-02;1.224145e-01;3.608877e-02;2.351799e-02;5.505580e-02;4.031821e-02;2.343474e-01;6.075210e-02;6.954644e-02;2.627741e-02
2.249344e-01;2.988351e-02;4.830840e-02;1.350657e-01;2.865141e-02;1.612383e-02;4.001806e-02;5.869312e-02;2.840255e-01;4.386948e-02;2.883754e-02;6.158905e-02
1.457394e-01;2.350140e-02;1.022296e-01;8.520851e-02;2.414997e-02;3.380212e-02;5.179595e-02;8.807282e-02;2.360445e-01;3.906945e-02;3.608694e-02;1.342994e-01
4.748910e-02;2.074809e-02;1.653168e-01;4.085407e-02;2.563349e-02;5.398148e-02;6.837130e-02;1.285636e-01;1.261275e-01;4.243346e-02;2.670377e-02;2.537773e-01
2.769358e-02;3.611812e-02;1.850433e-01;1.815099e-02;3.155729e-02;5.224877e-02;1.278569e-01;1.281631e-01;6.943544e-02;4.295118e-02;1.048247e-02;2.702988e-01
3.440237e-02;5.975460e-02;1.466407e-01;2.648659e-02;2.618572e-02;4.745318e-02;2.166924e-01;7.305092e-02;6.612893e-02;4.052788e-02;6.632473e-02;1.963520e-01
5.883292e-02;9.544754e-02;9.743100e-02;3.209230e-02;2.570655e-02;4.466417e-02;2.810584e-01;9.256204e-02;4.384789e-02;2.980221e-02;9.174565e-02;1.068093e-01
7.684348e-02;8.846959e-02;1.142445e-01;3.162824e-02;3.573870e-02;3.971723e-02;3.119395e-01;1.128277e-01;2.935242e-02;3.147139e-02;8.210301e-02;4.566425e-02
7.385724e-02;6.134127e-02;9.166262e-02;2.673689e-02;6.214423e-02;4.715687e-02;2.920013e-01;8.009030e-02;4.582156e-02;4.278886e-02;5.155088e-02;1.248480e-01
8.590069e-02;7.475691e-02;5.879082e-02;4.516412e-02;6.451432e-02;6.002472e-02;1.356536e-01;6.786983e-02;6.338052e-02;7.044514e-02;8.009455e-02;1.934047e-01
1.148811e-01;7.896788e-02;5.781852e-02;6.134051e-02;8.279585e-02;5.730303e-02;1.026238e-01;4.810314e-02;6.858429e-02;5.525761e-02;9.898274e-02;1.733415e-01
8.297625e-02;8.678761e-02;1.171813e-01;5.768867e-02;9.138348e-02;5.474380e-02;7.661057e-02;7.677809e-02;4.858290e-02;8.152664e-02;9.428881e-02;1.314518e-01
9.092522e-02;8.137582e-02;1.096624e-01;6.585746e-02;7.192297e-02;6.481827e-02;9.542069e-02;5.574219e-02;6.715986e-02;1.251092e-01;7.139360e-02;1.006123e-01
8.588150e-02;6.142319e-02;1.860411e-01;5.861337e-02;5.746584e-02;7.113297e-02;7.255516e-02;6.844921e-02;4.113346e-02;1.280001e-01;9.166633e-02;7.763788e-02
8.739668e-02;5.932800e-02;1.875640e-01;3.936571e-02;5.619590e-02;6.362975e-02;1.247493e-01;7.627303e-02;5.077591e-02;1.146626e-01;5.162019e-02;8.843900e-02
8.971199e-02;3.882822e-02;1.553546e-01;9.094018e-02;8.114240e-02;5.165241e-02;1.767307e-01;5.196471e-02;6.628974e-02;9.679853e-02;3.371338e-02;6.687316e-02
7.518112e-02;5.336201e-02;2.035490e-01;9.974056e-02;6.699810e-02;6.076990e-02;1.213106e-01;5.805199e-02;9.473220e-02;6.069526e-02;5.382040e-02;5.178883e-02
5.726845e-02;6.249953e-02;1.865422e-01;5.377357e-02;5.301328e-02;6.199512e-02;1.843766e-01;7.579632e-02;1.032125e-01;5.150575e-02;6.815470e-02;4.186194e-02
7.606645e-02;4.749865e-02;1.531742e-01;4.809756e-02;3.757057e-02;4.902928e-02;1.904692e-01;4.609145e-02;1.350157e-01;7.441567e-02;8.240496e-02;6.016627e-02
1.125449e-01;5.177098e-02;1.241234e-01;4.054544e-02;3.459943e-02;2.999509e-02;1.139926e-01;3.281337e-02;1.975458e-01;2.922918e-02;1.415655e-01;9.127447e-02
1.233138e-01;1.231318e-01;8.443140e-02;4.308387e-02;3.186320e-02;3.078825e-02;7.933083e-02;3.605499e-02;1.364964e-01;4.609984e-02;1.533075e-01;1.120981e-01
2.072068e-01;1.385137e-01;9.567834e-02;4.462679e-02;3.627189e-02;2.904821e-02;8.116098e-02;3.936826e-02;6.917213e-02;4.168643e-02;1.195974e-01;9.766917e-02
2.455661e-01;1.183532e-01;1.193710e-01;5.547712e-02;3.987747e-02;2.591558e-02;7.573468e-02;3.928856e-02;5.159340e-02;5.716047e-02;9.037920e-02;8.128323e-02
2.052287e-01;1.475147e-01;1.998850e-01;6.999367e-02;4.823668e-02;4.005314e-02;2.691058e-02;1.855591e-02;7.506376e-02;3.372994e-02;4.902349e-02;8.580445e-02
1.463194e-01;2.126879e-01;1.950319e-01;6.606948e-02;7.021161e-02;7.152976e-02;4.132392e-02;2.968117e-02;8.304711e-02;1.035980e-02;2.351965e-02;5.021822e-02
1.463370e-01;2.603002e-01;1.082370e-01;5.284816e-02;7.011093e-02;1.188762e-01;4.435952e-02;3.202071e-02;1.159971e-01;1.133386e-02;1.832150e-02;2.125778e-02
1.814974e-01;2.739988e-01;1.051103e-01;2.778015e-02;3.597922e-02;1.294845e-01;3.734635e-02;2.063689e-02;1.490823e-01;1.380110e-02;1.040720e-02;1.487577e-02
2.296873e-01;2.641369e-01;1.017940e-01;1.693077e-02;2.104574e-02;9.424384e-02;3.278112e-02;3.005326e-02;1.569809e-01;1.798901e-02;1.032884e-02;2.402822e-02
2.281107e-01;2.647628e-01;1.345529e-01;1.993025e-02;2.277838e-02;5.699630e-02;2.211895e-02;3.297381e-02;1.348182e-01;3.324535e-02;1.994709e-02;2.976541e-02
2.138280e-01;2.369036e-01;1.205825e-01;2.580691e-02;3.192795e-02;4.074630e-02;3.103872e-02;5.030751e-02;1.145933e-01;4.695038e-02;4.265231e-02;4.466246e-02
1.403159e-01;2.217280e-01;1.131723e-01;4.568709e-02;2.778598e-02;3.674743e-02;4.030544e-02;6.231953e-02;9.472853e-02;5.901840e-02;7.142802e-02;8.676346e-02
1.133676e-01;2.173204e-01;1.155989e-01;5.538236e-02;2.041244e-02;4.729731e-02;6.941645e-02;5.557606e-02;6.884132e-02;7.582024e-02;7.707937e-02;8.388751e-02
4.766783e-02;1.988879e-01;1.478629e-01;5.538544e-02;3.713788e-02;6.012958e-02;7.398634e-02;3.770596e-02;1.550221e-01;6.823001e-02;6.535916e-02;5.262483e-02
7.846653e-02;1.441373e-01;1.318893e-01;4.836481e-02;4.958904e-02;5.236019e-02;7.214747e-02;3.720590e-02;1.883731e-01;7.124554e-02;7.296069e-02;5.326007e-02
5.455956e-02;9.146270e-02;2.560436e-01;5.980316e-02;7.387155e-02;4.718238e-02;9.416912e-02;6.336333e-02;1.044182e-01;4.169539e-02;6.138406e-02;5.204700e-02
3.867023e-02;5.000312e-02;3.560932e-01;5.402416e-02;7.280452e-02;3.061607e-02;1.100436e-01;5.729272e-02;6.003458e-02;5.363563e-02;5.921999e-02;5.756220e-02
6.348065e-02;7.531275e-02;4.024870e-01;4.561509e-02;4.792814e-02;2.205860e-02;7.845286e-02;2.426102e-02;7.974692e-02;5.639574e-02;3.868625e-02;6.557502e-02
7.061768e-02;1.083656e-01;4.473870e-01;3.896937e-02;2.209393e-02;1.953953e-02;4.054585e-02;2.027277e-02;1.101024e-01;4.027234e-02;2.010941e-02;6.172403e-02
8.356558e-02;1.300983e-01;4.354969e-01;3.605543e-02;1.024974e-02;2.457841e-02;2.396433e-02;2.400007e-02;1.348189e-01;2.702602e-02;2.343198e-02;4.671421e-02
1.114381e-01;1.238665e-01;3.951541e-01;3.563102e-02;1.952421e-02;2.587094e-02;2.875086e-02;3.824614e-02;1.248119e-01;3.298775e-02;3.085809e-02;3.286044e-02
1.124448e-01;9.572764e-02;3.659664e-01;3.754610e-02;2.521649e-02;2.169507e-02;3.784953e-02;4.507722e-02;9.163319e-02;5.114799e-02;5.243143e-02;6.326406e-02
5.776581e-02;8.996387e-02;2.665452e-01;4.710448e-02;3.370598e-02;2.793089e-02;5.232783e-02;5.603501e-02;1.013975e-01;9.034560e-02;8.995880e-02;8.691911e-02
1.028163e-01;9.506653e-02;1.758575e-01;4.067999e-02;5.070082e-02;4.753248e-02;5.413854e-02;7.930743e-02;7.695223e-02;9.789333e-02;1.043623e-01;7.469258e-02
8.851838e-02;9.369063e-02;1.285839e-01;6.330941e-02;5.384401e-02;6.673266e-02;9.781536e-02;9.668576e-02;7.378076e-02;1.048150e-01;8.340209e-02;4.882202e-02
7.119318e-02;1.010311e-01;1.690586e-01;4.515103e-02;3.877801e-02;6.640404e-02;8.500712e-02;1.042359e-01;9.061550e-02;9.021109e-02;6.944595e-02;6.886850e-02
7.409529e-02;9.446310e-02;1.305643e-01;6.347140e-02;5.933046e-02;7.131461e-02;7.969167e-02;1.084293e-01;1.077818e-01;5.591233e-02;7.089673e-02;8.404899e-02
8.129226e-02;7.592574e-02;1.540791e-01;6.668907e-02;8.237389e-02;6.085084e-02;1.124685e-01;7.244089e-02;9.621301e-02;5.237558e-02;5.458282e-02;9.070836e-02
7.459364e-02;7.727667e-02;1.633751e-01;6.328763e-02;7.710548e-02;4.728841e-02;1.227001e-01;7.733727e-02;9.736986e-02;5.816259e-02;5.031224e-02;9.119099e-02
7.186677e-02;5.595714e-02;1.317841e-01;4.998870e-02;5.229675e-02;5.551926e-02;1.810867e-01;5.838831e-02;1.485333e-01;6.439915e-02;5.109181e-02;7.908795e-02
3.528791e-02;7.225394e-02;1.330595e-01;5.362769e-02;6.604353e-02;9.842487e-02;1.975931e-01;5.285507e-02;9.733323e-02;8.109482e-02;3.455534e-02;7.787099e-02
5.087942e-02;5.266976e-02;1.907449e-01;5.989721e-02;6.175547e-02;6.989719e-02;1.597026e-01;4.409264e-02;8.069739e-02;1.190212e-01;6.314000e-02;4.750222e-02
3.815618e-02;4.939424e-02;2.624784e-01;6.348534e-02;4.571703e-02;5.883919e-02;1.139142e-01;2.772862e-02;7.795642e-02;1.626919e-01;7.187277e-02;2.776573e-02
1.851686e-02;8.558698e-02;3.060136e-01;5.066005e-02;2.215113e-02;6.442654e-02;6.288126e-02;1.968719e-02;1.149311e-01;1.833515e-01;4.878228e-02;2.301160e-02
2.566019e-02;1.188429e-01;3.109821e-01;2.763067e-02;1.048378e-02;6.667808e-02;3.253699e-02;2.593542e-02;1.710623e-01;1.548588e-01;2.328869e-02;3.203999e-02
1.543721e-02;1.161460e-01;3.754440e-01;1.851657e-02;1.577808e-02;5.393926e-02;2.915785e-02;2.323976e-02;1.436765e-01;1.578777e-01;1.673958e-02;3.404754e-02
2.603146e-02;9.042998e-02;4.191270e-01;2.074737e-02;1.948467e-02;2.597100e-02;5.119221e-02;2.031592e-02;9.776192e-02;1.959137e-01;8.309104e-03;2.471574e-02
5.395066e-02;1.154873e-01;3.055993e-01;3.112129e-02;2.634714e-02;5.316665e-02;7.000209e-02;2.381856e-02;9.082479e-02;1.620110e-01;3.551162e-02;3.215960e-02
7.238870e-02;1.258819e-01;2.056548e-01;4.215721e-02;3.696434e-02;6.629868e-02;9.216075e-02;2.903670e-02;6.966696e-02;1.485321e-01;6.145504e-02;4.980286e-02
5.350618e-02;1.003704e-01;1.688425e-01;6.606228e-02;4.005979e-02;6.744455e-02;1.035602e-01;3.335830e-02;8.612511e-02;1.481005e-01;7.713612e-02;5.543404e-02
6.399751e-02;5.802786e-02;2.249278e-01;4.830865e-02;2.681876e-02;3.034308e-02;8.307346e-02;4.226824e-02;2.004220e-01;1.262740e-01;4.665620e-02;4.888245e-02
5.546509e-02;1.030320e-01;1.327971e-01;3.433697e-02;1.993364e-02;3.577455e-02;5.545370e-02;5.993765e-02;2.517649e-01;1.558222e-01;5.991346e-02;3.576877e-02
2.190080e-02;1.007601e-01;2.462289e-01;4.658581e-02;3.040353e-02;4.146132e-02;4.117156e-02;5.269264e-02;2.003215e-01;1.399966e-01;2.722182e-02;5.125552e-02
3.758336e-02;6.696878e-02;2.938891e-01;4.637552e-02;3.605804e-02;5.136007e-02;2.221754e-02;3.180793e-02;1.842884e-01;1.239349e-01;3.480528e-02;7.071105e-02
3.505027e-02;1.091010e-01;1.583628e-01;4.141367e-02;3.578388e-02;6.304266e-02;3.989626e-02;3.786082e-02;1.898443e-01;1.731349e-01;4.405938e-02;7.245003e-02
8.030629e-02;7.602061e-02;1.569850e-01;5.714300e-02;4.586956e-02;5.245264e-02;8.391778e-02;3.868495e-02;1.225339e-01;1.420033e-01;8.292884e-02;6.115410e-02
1.081876e-01;6.288981e-02;9.403567e-02;5.431541e-02;8.744264e-02;9.372130e-02;1.543830e-01;5.354116e-02;3.842682e-02;5.725014e-02;1.025678e-01;9.323861e-02
7.610445e-02;6.463668e-02;1.292514e-01;7.050415e-02;8.144239e-02;8.209856e-02;1.312152e-01;5.040066e-02;5.173831e-02;7.302096e-02;1.088166e-01;8.077061e-02
5.932207e-02;6.339202e-02;1.834439e-01;6.743973e-02;6.657837e-02;6.129202e-02;1.239916e-01;4.005349e-02;6.854364e-02;1.081720e-01;9.292013e-02;6.485101e-02
3.225978e-02;5.349645e-02;2.586176e-01;5.485986e-02;4.494393e-02;4.531870e-02;1.293472e-01;2.164604e-02;8.439810e-02;1.676447e-01;6.377007e-02;4.369746e-02
1.528137e-02;6.921422e-02;2.813703e-01;3.119345e-02;1.870807e-02;4.894432e-02;1.010518e-01;1.847961e-02;1.533721e-01;2.046522e-01;2.555030e-02;3.218220e-02
3.626629e-02;1.117080e-01;2.246034e-01;1.751385e-02;1.089867e-02;7.448931e-02;4.366555e-02;2.276444e-02;2.450868e-01;1.679855e-01;1.306671e-02;3.195157e-02
6.775212e-02;1.113491e-01;2.052603e-01;1.924991e-02;2.316583e-02;9.286477e-02;3.358563e-02;3.784582e-02;2.345214e-01;1.195548e-01;1.532697e-02;3.952330e-02
8.830868e-02;1.052590e-01;2.698879e-01;2.910701e-02;4.889390e-02;1.027075e-01;4.463980e-02;5.087287e-02;1.467476e-01;5.763980e-02;1.520113e-02;4.073482e-02
3.322046e-02;1.728265e-01;2.740543e-01;2.704261e-02;2.977728e-02;8.773635e-02;2.316088e-02;3.398136e-02;2.014144e-01;5.673050e-02;1.151462e-02;4.854073e-02
3.383953e-02;2.061779e-01;2.105651e-01;2.414512e-02;9.555626e-03;9.959012e-02;1.607643e-02;2.056807e-02;2.663813e-01;5.786629e-02;7.916538e-03;4.731796e-02
5.137398e-02;2.434459e-01;1.270785e-01;2.264122e-02;4.495644e-03;1.025213e-01;4.656967e-03;1.472141e-02;3.659343e-01;2.701385e-02;4.940566e-03;3.117637e-02
5.008603e-02;2.513176e-01;8.487462e-02;2.140671e-02;7.295903e-03;7.982385e-02;1.084866e-02;1.439929e-02;4.348666e-01;1.938561e-02;9.177381e-03;1.651772e-02
7.234696e-02;2.307128e-01;9.255464e-02;1.369101e-02;2.146876e-02;5.670704e-02;1.738713e-02;2.848994e-02;4.043998e-01;1.856963e-02;3.407667e-02;9.595652e-03
1.485916e-01;1.848687e-01;7.236087e-02;9.145915e-03;5.922661e-02;2.851124e-02;1.825408e-02;8.787692e-02;2.822118e-01;2.442116e-02;7.534858e-02;9.182569e-03
2.523759e-01;1.051150e-01;5.477378e-02;1.269589e-02;9.256209e-02;1.089851e-02;3.069721e-02;1.687276e-01;1.318585e-01;1.937625e-02;9.754016e-02;2.337902e-02
2.792531e-01;5.373541e-02;4.941374e-02;3.589747e-02;8.735435e-02;1.011061e-02;8.251514e-02;1.868791e-01;5.863797e-02;2.610944e-02;7.053699e-02;5.955664e-02
2.075179e-01;2.570695e-02;5.615008e-02;6.668317e-02;6.010572e-02;2.471893e-02;1.761212e-01;1.038290e-01;4.236963e-02;4.660541e-02;5.288293e-02;1.373091e-01
9.734877e-02;2.616535e-02;7.121557e-02;5.648198e-02;2.641721e-02;6.729652e-02;2.315948e-01;6.337498e-02;3.739759e-02;6.915244e-02;9.284078e-02;1.607140e-01
4.743151e-02;5.792673e-02;7.612266e-02;3.550819e-02;3.830180e-02;9.295198e-02;1.750248e-01;9.363607e-02;4.826107e-02;9.294619e-02;1.309260e-01;1.109630e-01
5.857370e-02;1.019187e-01;7.244433e-02;6.134027e-02;7.136124e-02;6.840074e-02;9.100355e-02;5.433518e-02;1.089488e-01;1.401303e-01;9.854767e-02;7.299553e-02
8.112859e-02;1.013265e-01;9.749855e-02;5.686764e-02;7.505567e-02;5.275922e-02;6.972042e-02;6.723464e-02;1.418281e-01;1.608002e-01;5.350211e-02;4.227834e-02
1.043484e-01;6.951728e-02;1.098909e-01;3.742014e-02;4.977483e-02;7.425670e-02;1.214998e-01;6.486406e-02;1.216577e-01;1.602056e-01;4.684517e-02;3.971942e-02
7.489752e-02;6.143136e-02;7.495368e-02;3.159068e-02;2.816559e-02;7.553229e-02;1.578675e-01;1.293618e-01;1.160624e-01;1.069966e-01;5.153179e-02;9.160875e-02
6.511145e-02;6.008592e-02;7.151917e-02;2.958622e-02;4.858267e-02;6.387620e-02;1.960867e-01;7.960029e-02;1.022556e-01;9.441249e-02;6.070807e-02;1.281752e-01
6.985751e-02;5.114673e-02;6.266961e-02;4.247253e-02;6.177493e-02;7.865906e-02;1.803357e-01;8.602142e-02;1.343127e-01;5.810924e-02;6.734423e-02;1.072964e-01
1.303625e-01;6.734414e-02;9.498356e-02;6.771378e-02;7.498966e-02;6.736228e-02;1.083581e-01;8.435232e-02;1.472816e-01;6.384589e-02;3.586228e-02;5.754394e-02
1.303136e-01;8.894332e-02;1.107889e-01;6.614468e-02;7.666090e-02;7.084171e-02;7.748821e-02;7.211179e-02;1.218804e-01;8.375021e-02;5.184615e-02;4.923008e-02
8.757614e-02;1.077463e-01;1.007808e-01;6.569315e-02;7.054895e-02;9.176396e-02;1.087414e-01;6.663629e-02;6.928720e-02;1.003827e-01;5.728038e-02;7.356273e-02
1.049125e-01;8.243284e-02;6.164943e-02;4.219696e-02;4.284112e-02;7.844140e-02;1.303453e-01;5.418383e-02;1.094779e-01;1.412015e-01;4.083395e-02;1.114832e-01
8.823077e-02;6.915342e-02;8.421520e-02;6.262921e-02;7.662524e-02;6.431755e-02;1.112738e-01;6.707176e-02;8.565604e-02;1.289702e-01;6.374931e-02;9.810757e-02
9.837556e-02;9.225839e-02;1.093244e-01;5.199600e-02;9.730969e-02;5.659218e-02;9.127919e-02;5.706822e-02;8.746019e-02;9.501455e-02;7.851425e-02;8.480734e-02
7.468392e-02;1.125976e-01;1.209794e-01;4.081266e-02;1.039505e-01;6.425663e-02;7.701926e-02;5.823462e-02;9.791280e-02;8.677126e-02;9.189126e-02;7.089004e-02
5.210007e-02;1.225331e-01;1.197993e-01;7.847971e-02;8.496556e-02;7.118925e-02;9.890875e-02;8.437248e-02;8.350371e-02;7.958484e-02;4.545939e-02;7.910383e-02
5.889336e-02;1.273463e-01;1.145233e-01;8.901580e-02;5.884693e-02;7.360576e-02;8.628954e-02;6.690860e-02;1.078826e-01;9.676109e-02;4.030456e-02;7.962216e-02
9.211031e-02;1.211518e-01;1.347547e-01;8.556713e-02;7.656783e-02;4.410020e-02;8.283646e-02;4.489307e-02;1.080014e-01;9.109743e-02;3.171074e-02;8.720894e-02
8.176065e-02;6.978869e-02;1.669344e-01;1.173925e-01;8.231919e-02;5.886157e-02;7.550682e-02;6.465159e-02;8.640149e-02;9.250553e-02;2.501022e-02;7.886738e-02
7.417411e-02;4.106672e-02;1.122074e-01;1.097371e-01;1.142733e-01;7.946459e-02;8.483653e-02;6.837379e-02;1.048495e-01;1.092758e-01;4.466132e-02;5.707965e-02
1.000760e-01;7.346041e-02;7.712136e-02;7.176456e-02;1.244147e-01;6.111713e-02;1.246719e-01;8.601167e-02;6.882721e-02;9.119356e-02;5.382650e-02;6.751503e-02
1.045146e-01;9.743255e-02;8.570687e-02;5.073287e-02;1.022320e-01;6.508213e-02;1.191767e-01;7.708824e-02;5.746505e-02;7.890686e-02;8.552248e-02;7.613969e-02
1.091953e-01;8.428967e-02;1.232714e-01;9.002782e-02;7.107081e-02;4.796202e-02;8.054568e-02;6.276859e-02;6.908768e-02;8.775789e-02;1.071355e-01;6.688765e-02
1.162616e-01;9.132629e-02;1.032034e-01;1.009443e-01;5.632769e-02;3.825796e-02;9.334486e-02;4.564137e-02;9.322945e-02;9.713583e-02;1.264054e-01;3.792193e-02
9.252072e-02;7.742983e-02;5.927623e-02;8.593236e-02;5.139756e-02;5.637766e-02;1.046512e-01;8.364831e-02;1.131287e-01;1.151315e-01;1.305864e-01;2.991956e-02
7.908057e-02;8.490636e-02;6.377753e-02;9.037183e-02;5.615782e-02;7.030334e-02;5.770130e-02;8.189382e-02;1.037713e-01;1.549521e-01;9.946732e-02;5.761662e-02
1.172006e-01;7.587244e-02;8.686116e-02;8.775768e-02;6.684500e-02;4.405608e-02;6.420609e-02;1.020742e-01;7.554938e-02;1.395278e-01;7.746230e-02;6.258731e-02
8.933106e-02;7.704401e-02;2.153731e-01;6.625589e-02;4.362575e-02;3.439378e-02;1.107307e-01;9.296437e-02;5.108662e-02;7.512966e-02;8.721352e-02;5.685156e-02
5.626078e-02;4.989132e-02;3.523801e-01;5.748134e-02;5.700610e-02;5.339994e-02;1.478512e-01;4.006556e-02;5.628835e-02;5.923950e-02;2.925326e-02;4.088259e-02
3.314595e-02;3.761506e-02;4.913331e-01;4.310485e-02;8.063211e-02;4.822920e-02;1.163720e-01;1.334787e-02;3.623624e-02;4.343380e-02;2.705034e-02;2.949949e-02
2.857712e-02;3.050470e-02;5.740274e-01;6.263000e-02;7.588953e-02;2.905885e-02;7.173047e-02;8.835605e-03;2.713704e-02;3.658209e-02;3.709581e-02;1.793132e-02
2.241013e-02;1.969012e-02;6.283045e-01;9.789868e-02;8.171777e-02;1.762952e-02;2.029433e-02;6.149442e-03;2.204388e-02;2.562923e-02;4.716970e-02;1.106277e-02
1.297219e-02;1.348655e-02;5.553903e-01;1.202567e-01;1.294863e-01;3.712169e-02;2.039731e-02;8.606710e-03;8.225308e-03;1.560436e-02;6.038482e-02;1.806781e-02
1.179384e-02;1.595106e-02;3.890650e-01;9.721608e-02;1.982788e-01;7.485602e-02;7.596453e-02;9.087977e-03;1.649661e-02;1.636681e-02;4.764312e-02;4.728018e-02
2.873608e-02;1.976248e-02;2.320919e-01;5.612167e-02;2.094095e-01;1.186608e-01;2.020403e-01;1.193086e-02;2.553299e-02;1.512487e-02;1.918198e-02;6.140656e-02
3.470284e-02;3.016908e-02;1.074834e-01;2.982804e-02;1.199242e-01;1.063363e-01;4.411071e-01;3.363537e-02;2.868006e-02;2.366259e-02;8.549552e-03;3.592157e-02
2.419363e-02;3.459214e-02;6.060311e-02;1.736426e-02;5.371688e-02;6.442017e-02;5.293228e-01;6.468619e-02;5.655099e-02;5.825566e-02;2.060988e-02;1.568431e-02
1.893810e-02;3.092671e-02;4.361777e-02;1.402036e-02;2.769658e-02;2.816786e-02;4.007192e-01;7.346679e-02;8.835968e-02;1.707562e-01;8.618069e-02;1.715006e-02
1.717116e-02;2.371387e-02;2.151657e-02;1.664097e-02;3.285430e-02;3.152246e-02;2.226442e-01;4.597073e-02;5.568644e-02;2.833549e-01;2.143639e-01;3.456049e-02
7.958307e-02;2.899631e-02;3.215606e-02;2.313014e-02;6.190801e-02;5.697363e-02;8.289427e-02;3.843610e-02;1.886651e-02;2.436411e-01;2.709176e-01;6.249717e-02
1.377653e-01;5.166516e-02;6.073435e-02;3.694574e-02;8.406679e-02;5.861463e-02;6.342155e-02;2.879824e-02;2.450927e-02;1.959489e-01;1.924632e-01;6.506684e-02
1.178174e-01;6.475166e-02;7.509604e-02;4.377888e-02;9.323108e-02;5.248243e-02;8.258799e-02;2.047799e-02;3.177079e-02;2.257217e-01;1.366456e-01;5.563836e-02
7.181215e-02;5.729855e-02;5.906078e-02;3.198873e-02;9.740216e-02;3.122944e-02;4.823845e-02;2.812043e-02;5.887275e-02;3.362297e-01;1.303590e-01;4.938795e-02
7.925322e-02;3.020771e-02;2.928929e-02;6.347040e-02;6.491486e-02;1.961917e-02;6.887393e-02;5.515912e-02;1.360363e-01;3.366385e-01;9.424208e-02;2.229537e-02
6.684512e-02;2.555994e-02;5.151389e-02;1.155336e-01;2.528814e-02;1.483029e-02;2.204881e-01;8.770365e-02;1.566708e-01;1.757376e-01;4.258713e-02;1.724175e-02
2.042887e-02;1.805949e-02;1.218663e-01;8.978409e-02;1.464550e-02;1.362821e-02;3.829102e-01;1.268916e-01;9.895145e-02;6.800752e-02;1.422517e-02;3.060165e-02
1.898735e-02;3.999371e-02;1.353948e-01;2.741896e-02;1.545723e-02;1.826481e-02;5.211529e-01;1.119220e-01;3.407363e-02;3.091792e-02;1.786899e-02;2.854770e-02
2.926872e-02;9.496537e-02;8.277093e-02;3.692944e-02;4.369215e-02;3.981075e-02;4.989440e-01;7.836010e-02;2.777840e-02;2.624667e-02;2.520368e-02;1.602975e-02
2.732111e-02;1.062108e-01;6.829686e-02;4.497628e-02;4.622526e-02;5.524816e-02;4.378258e-01;1.195284e-01;4.035268e-02;2.198590e-02;2.084306e-02;1.118570e-02
2.991285e-02;8.541455e-02;4.506711e-02;2.866998e-02;3.541687e-02;9.506072e-02;4.667877e-01;1.283760e-01;4.441424e-02;1.370716e-02;2.061075e-02;6.562016e-03
5.160381e-02;5.509153e-02;1.607451e-02;1.424685e-02;2.872671e-02;1.504577e-01;4.590539e-01;9.205440e-02;4.637128e-02;2.541954e-02;4.960759e-02;1.129220e-02
9.330591e-02;3.688891e-02;6.758662e-03;1.422829e-02;4.236054e-02;2.333271e-01;3.418019e-01;5.516412e-02;3.235502e-02;4.451848e-02;7.532714e-02;2.396391e-02
1.441959e-01;3.900612e-02;1.390559e-02;2.660956e-02;8.898544e-02;3.067870e-01;2.129895e-01;3.271771e-02;1.392744e-02;4.531028e-02;4.908548e-02;2.648002e-02
1.317740e-01;2.920929e-02;4.847066e-02;3.822829e-02;1.684970e-01;2.702749e-01;1.939689e-01;2.232326e-02;2.110097e-02;2.840609e-02;1.108971e-02;3.665688e-02
5.125053e-02;1.613598e-02;1.109741e-01;4.888142e-02;2.865137e-01;1.751892e-01;1.272592e-01;1.776990e-02;4.439193e-02;1.260862e-02;3.849138e-03;1.051763e-01
1.424062e-02;1.032496e-02;1.107578e-01;5.095191e-02;3.218273e-01;1.060326e-01;1.263811e-01;2.058787e-02;4.598174e-02;1.291827e-02;1.108788e-02;1.689079e-01
7.247511e-03;1.185917e-02;1.049084e-01;5.847169e-02;3.264520e-01;9.169446e-02;1.080738e-01;1.019466e-02;2.739057e-02;9.398475e-03;1.745456e-02;2.268547e-01
1.257742e-02;1.519107e-02;1.024980e-01;5.712231e-02;2.978696e-01;1.014844e-01;7.047138e-02;7.989352e-03;1.448254e-02;9.050100e-03;2.911996e-02;2.821439e-01
3.001662e-02;1.711383e-02;9.305537e-02;3.906859e-02;2.617843e-01;1.070660e-01;6.586078e-02;7.055471e-03;3.116064e-02;6.201025e-03;1.684168e-02;3.247757e-01
9.677663e-02;2.839825e-02;9.712491e-02;1.806603e-02;2.001440e-01;1.180973e-01;7.229321e-02;1.160241e-02;5.104041e-02;1.433797e-02;1.060284e-02;2.815160e-01
2.645274e-01;2.812291e-02;6.321184e-02;1.064448e-02;1.123273e-01;1.505460e-01;9.382974e-02;1.946011e-02;4.264536e-02;4.379422e-02;1.348569e-02;1.574049e-01
3.779668e-01;2.590819e-02;2.199854e-02;1.468580e-02;5.269122e-02;1.740398e-01;1.280569e-01;2.556650e-02;2.258131e-02;8.818774e-02;1.026226e-02;5.805489e-02
3.549022e-01;5.754414e-02;8.813135e-03;1.894529e-02;3.556588e-02;1.714858e-01;1.806249e-01;1.609139e-02;1.074534e-02;1.106357e-01;1.161764e-02;2.302853e-02
2.322477e-01;1.272080e-01;1.183149e-02;1.625796e-02;1.915464e-02;1.391718e-01;2.932386e-01;1.428684e-02;9.464649e-03;8.676008e-02;2.380706e-02;2.657118e-02
1.082564e-01;1.965345e-01;8.258246e-03;7.961229e-03;9.901039e-03;1.025649e-01;4.160929e-01;2.098305e-02;1.624644e-02;3.747709e-02;5.157377e-02;2.415042e-02
2.618621e-02;2.026786e-01;9.473938e-03;5.900516e-03;1.719554e-02;1.130991e-01;4.722357e-01;2.030432e-02;2.496787e-02;1.423886e-02;7.577239e-02;1.794694e-02
3.006251e-02;1.520135e-01;1.513536e-02;1.397203e-02;3.486202e-02;1.439445e-01;4.392401e-01;3.810373e-02;3.040480e-02;1.512480e-02;7.232596e-02;1.481064e-02
3.854714e-02;1.055050e-01;3.420849e-02;2.297356e-02;5.375357e-02;1.676728e-01;4.127233e-01;4.100827e-02;2.962764e-02;2.197674e-02;5.446005e-02;1.754350e-02
4.750558e-02;5.918105e-02;5.535937e-02;2.337583e-02;7.547034e-02;1.882765e-01;3.654503e-01;3.709921e-02;2.444962e-02;5.380028e-02;4.835432e-02;2.167759e-02
9.082500e-02;3.165445e-02;7.023754e-02;1.623763e-02;1.135233e-01;1.493508e-01;2.947647e-01;5.981345e-02;2.976728e-02;6.779470e-02;3.061455e-02;4.541665e-02
7.170413e-02;3.383620e-02;1.012837e-01;2.800640e-02;1.802106e-01;1.328835e-01;1.426633e-01;3.569671e-02;4.848906e-02;5.648324e-02;1.390803e-02;1.548351e-01
9.028736e-02;2.626349e-02;7.578012e-02;2.920758e-02;1.317521e-01;1.210617e-01;2.284950e-01;2.416650e-02;3.369777e-02;7.190967e-02;2.426121e-02;1.431175e-01
1.108941e-01;2.348933e-02;3.961630e-02;2.085635e-02;8.499719e-02;1.504331e-01;3.315409e-01;2.333219e-02;1.580689e-02;9.994576e-02;1.749053e-02;8.159729e-02
1.067740e-01;2.077364e-02;5.873251e-02;2.720510e-02;1.016802e-01;1.624812e-01;3.229172e-01;2.588656e-02;1.625089e-02;9.051234e-02;1.612373e-02;5.066261e-02
7.767352e-02;1.343472e-02;1.471146e-01;6.756970e-02;1.383356e-01;1.239142e-01;2.033904e-01;2.891059e-02;1.983071e-02;5.456622e-02;4.371429e-02;8.154553e-02
3.413953e-02;9.562428e-03;3.070481e-01;1.104827e-01;1.069482e-01;6.090701e-02;1.034181e-01;3.250566e-02;1.977331e-02;4.015601e-02;8.071589e-02;9.434310e-02
1.560401e-02;1.938555e-02;4.647588e-01;9.743983e-02;5.740919e-02;4.453176e-02;7.114252e-02;2.457014e-02;2.560822e-02;4.421793e-02;7.175813e-02;6.357391e-02
2.729773e-02;4.456493e-02;5.646340e-01;5.178923e-02;2.418621e-02;5.926589e-02;4.711097e-02;1.208142e-02;6.040300e-02;2.901386e-02;4.963504e-02;3.001767e-02
2.753821e-02;4.323386e-02;5.064957e-01;4.138663e-02;4.232671e-02;5.124793e-02;7.587771e-02;2.494277e-02;6.872099e-02;4.626079e-02;4.005317e-02;3.191559e-02
1.724462e-02;2.585138e-02;3.821369e-01;6.095662e-02;8.244317e-02;4.330556e-02;7.936011e-02;4.059753e-02;6.362083e-02;5.192865e-02;1.092629e-01;4.329170e-02
1.524497e-02;2.505274e-02;3.170964e-01;1.334878e-01;1.040968e-01;3.550729e-02;2.477025e-02;4.975852e-02;3.672241e-02;4.336362e-02;1.942562e-01;2.064299e-02
1.072080e-02;1.430618e-02;3.221982e-01;1.868092e-01;8.814034e-02;2.539370e-02;2.744120e-02;4.715292e-02;1.421774e-02;1.110605e-02;2.312817e-01;2.123197e-02
9.672086e-03;1.240041e-02;3.691483e-01;2.070216e-01;6.844583e-02;1.661267e-02;1.440606e-02;2.976035e-02;6.335067e-03;1.930010e-02;2.299666e-01;1.693095e-02
1.632850e-02;1.117167e-02;4.332930e-01;2.154353e-01;5.360595e-02;1.103762e-02;9.736433e-03;1.606860e-02;7.507401e-03;3.040103e-02;1.885552e-01;6.859247e-03
3.453347e-02;1.498765e-02;4.916530e-01;2.026945e-01;4.828212e-02;9.594019e-03;1.270072e-02;6.550970e-03;1.133148e-02;3.808632e-02;1.195932e-01;9.992572e-03
6.712567e-02;1.098137e-02;5.427222e-01;1.700979e-01;4.194463e-02;9.100608e-03;1.371513e-02;2.763125e-03;1.033559e-02;5.044649e-02;6.984839e-02;1.091893e-02
9.349521e-02;1.610948e-02;5.882255e-01;1.103663e-01;2.660664e-02;6.795704e-03;2.285828e-02;5.788967e-03;7.410260e-03;7.842438e-02;3.532575e-02;8.593483e-03
9.860922e-02;1.021965e-02;6.436200e-01;4.840901e-02;1.910382e-02;5.047768e-03;3.156666e-02;4.115432e-03;8.787953e-03;1.066754e-01;1.821353e-02;5.631594e-03
7.385357e-02;2.622717e-02;6.339726e-01;4.280031e-02;2.352866e-02;6.651029e-03;3.035209e-02;2.488588e-03;1.174157e-02;1.266674e-01;1.732923e-02;4.387728e-03
5.502409e-02;6.530852e-02;5.875041e-01;4.250463e-02;2.327689e-02;1.194811e-02;2.347149e-02;4.436290e-03;3.547838e-02;1.250815e-01;1.342206e-02;1.254397e-02
5.907558e-02;1.098527e-01;4.870858e-01;3.273842e-02;3.216069e-02;2.571064e-02;3.518273e-02;9.224948e-03;7.061955e-02;9.937300e-02;1.111224e-02;2.786369e-02
1.055500e-01;1.165384e-01;4.003112e-01;2.005713e-02;4.474844e-02;3.427797e-02;5.346879e-02;2.288007e-02;7.640557e-02;6.247204e-02;2.552363e-02;3.776679e-02
1.668929e-01;7.552855e-02;3.998008e-01;3.417990e-02;4.818985e-02;2.264093e-02;5.784453e-02;4.786609e-02;3.273410e-02;2.695078e-02;4.518934e-02;4.218228e-02
1.599815e-01;5.351742e-02;3.021014e-01;7.529838e-02;3.566789e-02;1.442845e-02;9.600928e-02;5.130195e-02;9.769500e-03;4.941412e-02;6.042484e-02;9.208532e-02
1.354666e-01;4.215489e-02;1.142302e-01;1.142628e-01;1.736298e-02;2.051314e-02;1.653596e-01;3.447915e-02;3.094985e-02;7.572839e-02;8.346359e-02;1.660288e-01
1.382726e-01;3.926922e-02;6.860510e-02;1.180670e-01;1.451240e-02;2.272133e-02;1.815291e-01;3.306190e-02;2.891845e-02;6.866807e-02;9.775086e-02;1.886240e-01
1.695013e-01;6.432321e-02;1.696074e-01;8.244460e-02;3.071113e-02;1.757829e-02;1.268052e-01;3.986737e-02;5.039086e-02;5.591375e-02;7.068332e-02;1.221735e-01
1.353601e-01;1.086808e-01;3.547154e-01;4.152302e-02;3.245419e-02;2.203412e-02;5.966706e-02;4.014767e-02;8.242864e-02;4.133742e-02;3.439870e-02;4.725291e-02
6.302106e-02;1.080421e-01;5.264186e-01;4.126912e-02;2.399107e-02;1.997904e-02;2.305177e-02;1.878684e-02;8.408709e-02;5.263133e-02;2.044378e-02;1.827816e-02
1.694801e-02;6.311192e-02;5.849283e-01;7.957964e-02;4.404052e-02;1.625633e-02;1.699604e-02;1.109810e-02;4.977154e-02;6.199463e-02;4.018033e-02;1.509470e-02
1.167320e-02;2.858814e-02;4.809219e-01;1.249460e-01;1.011316e-01;2.998712e-02;2.813529e-02;1.350513e-02;2.048838e-02;4.596929e-02;7.571333e-02;3.894059e-02
1.296729e-02;1.197526e-02;2.904357e-01;1.220020e-01;1.971978e-01;7.081742e-02;7.717071e-02;1.332947e-02;2.190097e-02;2.152185e-02;7.194527e-02;8.873630e-02
3.747410e-02;9.689936e-03;1.481451e-01;6.257807e-02;2.403902e-01;1.462910e-01;1.757980e-01;8.983754e-03;3.198944e-02;1.175854e-02;2.591088e-02;1.009909e-01
8.568138e-02;7.801277e-03;8.516507e-02;2.087737e-02;1.805270e-01;2.181304e-01;2.927893e-01;1.946652e-02;1.943377e-02;1.713179e-02;6.321413e-03;4.667476e-02
1.183050e-01;9.610170e-03;3.238412e-02;1.834393e-02;1.116255e-01;2.424227e-01;3.818393e-01;2.609689e-02;1.216059e-02;3.240665e-02;7.946044e-03;6.859058e-03
1.284351e-01;1.169833e-02;1.362330e-02;2.205289e-02;8.601200e-02;2.413850e-01;3.969465e-01;2.828742e-02;1.152841e-02;4.443638e-02;8.234176e-03;7.360472e-03
1.313943e-01;1.055683e-02;4.653690e-02;2.277717e-02;1.197125e-01;2.289793e-01;3.221185e-01;2.701435e-02;1.305563e-02;4.207765e-02;1.009827e-02;2.567864e-02
8.852091e-02;2.002841e-02;1.593452e-01;3.883940e-02;1.520046e-01;1.640776e-01;2.114650e-01;1.510098e-02;1.864880e-02;3.138450e-02;2.280796e-02;7.777667e-02
4.361212e-02;2.883081e-02;3.104024e-01;5.434350e-02;1.173232e-01;7.080963e-02;1.629145e-01;2.084990e-02;2.896298e-02;3.255960e-02;3.882267e-02;9.056868e-02
3.162943e-02;4.199850e-02;4.680315e-01;5.472102e-02;6.720809e-02;3.119193e-02;1.155907e-01;1.894211e-02;4.114862e-02;3.795682e-02;3.306400e-02;5.851729e-02
5.418696e-02;5.464458e-02;5.121481e-01;3.618270e-02;4.005849e-02;4.132229e-02;5.922569e-02;3.005688e-02;6.092680e-02;4.091685e-02;2.863501e-02;4.169571e-02
9.654453e-02;5.991032e-02;4.075321e-01;2.533914e-02;2.717992e-02;4.544227e-02;5.093241e-02;4.048008e-02;5.131036e-02;4.947669e-02;6.323561e-02;8.261658e-02
7.682816e-02;3.053793e-02;2.945012e-01;1.782323e-02;4.693143e-02;5.798756e-02;6.913605e-02;3.494167e-02;3.110825e-02;1.019850e-01;1.444828e-01;9.373666e-02
2.125208e-02;3.497694e-02;1.477894e-01;2.593927e-02;7.556401e-02;6.417627e-02;1.453215e-01;4.735201e-02;7.814498e-02;1.601532e-01;1.362680e-01;6.306221e-02
2.981603e-02;4.347687e-02;1.776239e-01;4.264361e-02;7.854348e-02;4.508249e-02;2.032894e-01;4.351296e-02;7.992477e-02;1.224166e-01;8.028796e-02;5.338193e-02
3.527923e-02;4.822063e-02;2.703489e-01;5.908807e-02;8.361245e-02;3.304382e-02;1.703646e-01;3.497749e-02;6.600360e-02;7.982329e-02;6.352989e-02;5.570802e-02
3.599009e-02;5.560076e-02;2.822996e-01;5.514086e-02;1.018316e-01;3.557795e-02;1.517881e-01;3.335795e-02;6.632897e-02;6.584309e-02;6.381660e-02;5.242449e-02
8.319171e-02;5.489754e-02;1.348544e-01;7.713906e-02;1.204201e-01;7.811274e-02;9.716696e-02;6.232008e-02;7.288302e-02;7.564871e-02;8.392791e-02;5.943773e-02
