8.305059e-02;6.350949e-02;4.931834e-02;6.921654e-02;9.407898e-02;1.555809e-01;6.770990e-02;1.000280e-01;1.741576e-01;5.704289e-02;5.407461e-02;3.223210e-02
5.026640e-02;7.618282e-02;6.410836e-02;7.729940e-02;7.502304e-02;1.210480e-01;7.436287e-02;1.108199e-01;1.595524e-01;6.926102e-02;6.693450e-02;5.514131e-02
7.080577e-02;4.116647e-02;4.093808e-02;6.713361e-02;6.172831e-02;9.874875e-02;1.205356e-01;1.338147e-01;1.303150e-01;1.255795e-01;7.240973e-02;3.682448e-02
7.293174e-02;4.675693e-02;4.547387e-02;5.992727e-02;3.037234e-02;1.359060e-01;1.185061e-01;1.133241e-01;1.324175e-01;1.623640e-01;4.388887e-02;3.813130e-02
5.503600e-02;3.951237e-02;4.866958e-02;6.344465e-02;6.214350e-02;1.066692e-01;1.369915e-01;1.437988e-01;1.081760e-01;1.250880e-01;4.162336e-02;6.884705e-02
6.739493e-02;6.498679e-02;5.676063e-02;8.618838e-02;5.888513e-02;9.774876e-02;1.670641e-01;1.256380e-01;5.902329e-02;7.497890e-02;5.823990e-02;8.309128e-02
6.391388e-02;6.471752e-02;5.689257e-02;9.611305e-02;3.383179e-02;1.267339e-01;1.480647e-01;1.207955e-01;7.059937e-02;5.397100e-02;7.954902e-02;8.481766e-02
2.833126e-02;5.895021e-02;5.785263e-02;6.715551e-02;4.145558e-02;1.823304e-01;1.252248e-01;1.124837e-01;7.776783e-02;7.838900e-02;9.606094e-02;7.399821e-02
2.343062e-02;5.911111e-02;8.085971e-02;4.160695e-02;4.452234e-02;2.499610e-01;1.600005e-01;9.330641e-02;5.109972e-02;5.071839e-02;1.095232e-01;3.586000e-02
1.277598e-02;3.037356e-02;8.856018e-02;3.052850e-02;3.721969e-02;3.031198e-01;1.889795e-01;8.181910e-02;3.086637e-02;2.585952e-02;1.455041e-01;2.439371e-02
5.873227e-03;3.820792e-02;7.472902e-02;2.261053e-02;3.274697e-02;3.126095e-01;1.630153e-01;9.043459e-02;2.078585e-02;5.942576e-02;1.697307e-01;9.830601e-03
8.331141e-03;6.255731e-02;4.667108e-02;1.555665e-02;9.557171e-02;2.360741e-01;9.589245e-02;1.391111e-01;1.965580e-02;1.263121e-01;1.404586e-01;1.380803e-02
2.310823e-02;6.199369e-02;1.660281e-02;1.447002e-02;1.507615e-01;1.371705e-01;8.655972e-02;1.508512e-01;4.078461e-02;2.143813e-01;7.639671e-02;2.691980e-02
6.016095e-02;3.761891e-02;2.245404e-02;5.194915e-02;1.238474e-01;6.305874e-02;1.979781e-01;8.589717e-02;8.691387e-02;2.254167e-01;1.395266e-02;3.075224e-02
1.216016e-01;1.969273e-02;2.645850e-02;1.255743e-01;5.335295e-02;4.447915e-02;3.057288e-01;3.414804e-02;1.350420e-01;1.082882e-01;1.247544e-02;1.315821e-02
1.489401e-01;1.451598e-02;1.695217e-02;1.884726e-01;3.563026e-02;3.687651e-02;2.709391e-01;4.445314e-02;1.766687e-01;2.720525e-02;2.829358e-02;1.105259e-02
1.310064e-01;8.733990e-03;2.562008e-02;2.096750e-01;2.571071e-02;6.643023e-02;1.746587e-01;6.752615e-02;1.975693e-01;2.222438e-02;4.139658e-02;2.944851e-02
9.190476e-02;1.039682e-02;5.560074e-02;1.700006e-01;3.407725e-02;1.467404e-01;9.541742e-02;1.144779e-01;1.725095e-01;3.247039e-02;3.041454e-02;4.598959e-02
4.992594e-02;1.758483e-02;1.125982e-01;1.327193e-01;4.072152e-02;2.026254e-01;5.936727e-02;1.858483e-01;1.038450e-01;3.353361e-02;1.641539e-02;4.481513e-02
2.720553e-02;3.928101e-02;1.506140e-01;9.934860e-02;2.040369e-02;2.001095e-01;9.695160e-02;2.285790e-01;4.629690e-02;3.847661e-02;1.901426e-02;3.371928e-02
1.859453e-02;5.313764e-02;1.475670e-01;5.779118e-02;4.267340e-02;1.822702e-01;1.091639e-01;1.980385e-01;3.807383e-02;8.236421e-02;1.123998e-02;5.908570e-02
1.960710e-02;3.317998e-02;1.590426e-01;3.700711e-02;3.884293e-02;1.929272e-01;1.134968e-01;1.256969e-01;6.354775e-02;1.135743e-01;2.549957e-02;7.757777e-02
3.002872e-02;2.566984e-02;1.292121e-01;3.330136e-02;4.439058e-02;1.822596e-01;1.269948e-01;1.187253e-01;7.126618e-02;1.194137e-01;4.177545e-02;7.696237e-02
4.526734e-02;2.154451e-02;1.358505e-01;5.016684e-02;5.491001e-02;1.363241e-01;1.125650e-01;1.104665e-01;7.864961e-02;1.294125e-01;4.390690e-02;8.093619e-02
4.093290e-02;1.768537e-02;9.774950e-02;1.753429e-01;6.752450e-02;1.133573e-01;9.860317e-02;1.107224e-01;6.471457e-02;1.087984e-01;3.109285e-02;7.347624e-02
1.116335e-01;2.027484e-02;4.623083e-02;2.719987e-01;7.023305e-02;9.532515e-02;5.527973e-02;8.222393e-02;1.098151e-01;7.220294e-02;2.600490e-02;3.877742e-02
1.145342e-01;2.545888e-02;2.866277e-02;2.581174e-01;1.563705e-01;8.165004e-02;4.496871e-02;6.565283e-02;1.041838e-01;1.008160e-01;7.671458e-03;1.191341e-02
5.677347e-02;3.578833e-02;3.801521e-02;1.197059e-01;2.177420e-01;1.588268e-01;7.589639e-02;7.627023e-02;5.103509e-02;1.147751e-01;3.900893e-02;1.616258e-02
4.381740e-02;2.638636e-02;3.584998e-02;4.972516e-02;2.059519e-01;1.497562e-01;8.562696e-02;1.227355e-01;4.278824e-02;1.665092e-01;4.831367e-02;2.253941e-02
3.052609e-02;7.307998e-02;2.389996e-02;3.111459e-02;1.936962e-01;7.676110e-02;6.090299e-02;1.832208e-01;3.795882e-02;2.327166e-01;3.600175e-02;2.012104e-02
2.256789e-02;1.498754e-01;9.878180e-03;2.064678e-02;1.874202e-01;2.763623e-02;3.579992e-02;1.936570e-01;2.162245e-02;2.812963e-01;3.084584e-02;1.875384e-02
1.353811e-02;1.804802e-01;9.316188e-03;2.104225e-02;1.420428e-01;4.212568e-02;3.049481e-02;2.242589e-01;3.019148e-02;2.513596e-01;3.790423e-02;1.724577e-02
1.509114e-02;1.595685e-01;3.494214e-02;2.332704e-02;9.002847e-02;8.492975e-02;3.471461e-02;2.443360e-01;2.402762e-02;1.767716e-01;9.307735e-02;1.918578e-02
2.044347e-02;9.268593e-02;1.132266e-01;2.214359e-02;4.948585e-02;1.679917e-01;4.502015e-02;1.541637e-01;4.820779e-02;8.316502e-02;1.834878e-01;1.997843e-02
1.590857e-02;4.457681e-02;1.532951e-01;2.116014e-02;2.476126e-02;2.052656e-01;6.561490e-02;6.981385e-02;1.054021e-01;3.824998e-02;2.187758e-01;3.717575e-02
1.567866e-02;2.112732e-02;1.108454e-01;4.708240e-02;2.790866e-02;1.426417e-01;1.429607e-01;4.622971e-02;1.228912e-01;4.226680e-02;1.860954e-01;9.427196e-02
1.485447e-02;2.053786e-02;3.481305e-02;8.561596e-02;2.050549e-02;5.288759e-02;2.820985e-01;4.479316e-02;8.073229e-02;7.644420e-02;1.133361e-01;1.733813e-01
1.575338e-02;2.167410e-02;2.909127e-02;9.029231e-02;1.295816e-02;3.381847e-02;3.447987e-01;7.099184e-02;3.738526e-02;1.187016e-01;3.995066e-02;1.845842e-01
5.043468e-02;2.078004e-02;3.025960e-02;5.790004e-02;3.377168e-02;4.988994e-02;3.170173e-01;1.598198e-01;2.034738e-02;1.204244e-01;3.092680e-02;1.084283e-01
6.627776e-02;1.695758e-02;3.890477e-02;3.063495e-02;5.194085e-02;5.623382e-02;2.966157e-01;2.529256e-01;2.106648e-02;8.758309e-02;4.251281e-02;3.834662e-02
5.817838e-02;2.888557e-02;4.610407e-02;1.403913e-02;5.082341e-02;6.253897e-02;2.836816e-01;2.918207e-01;2.142538e-02;5.900646e-02;4.077076e-02;4.272560e-02
3.833676e-02;5.103410e-02;3.714481e-02;3.188743e-02;6.112241e-02;7.321109e-02;2.314630e-01;2.126258e-01;3.966939e-02;1.030333e-01;5.833969e-02;6.213214e-02
4.968251e-02;3.124257e-02;5.344396e-02;7.361952e-02;9.296776e-02;7.346737e-02;1.457615e-01;1.140834e-01;5.450709e-02;1.601979e-01;8.176516e-02;6.926122e-02
2.213516e-02;4.040277e-02;1.152470e-01;7.125199e-02;8.588610e-02;7.200187e-02;9.941418e-02;1.144531e-01;8.138332e-02;1.783297e-01;5.025720e-02;6.923764e-02
3.489063e-02;6.843239e-02;9.654123e-02;4.007354e-02;8.332510e-02;5.373437e-02;8.506487e-02;1.040560e-01;8.273910e-02;1.997400e-01;9.498537e-02;5.641742e-02
5.761855e-02;5.078877e-02;4.612776e-02;4.351190e-02;1.023073e-01;8.383759e-02;1.327691e-01;1.046017e-01;7.516085e-02;1.651974e-01;1.009782e-01;3.710090e-02
6.874994e-02;6.776290e-02;4.067509e-02;8.239864e-02;1.002202e-01;9.054321e-02;1.324343e-01;7.332990e-02;5.998618e-02;1.418069e-01;7.851128e-02;6.358144e-02
5.560248e-02;7.427620e-02;8.627191e-02;8.101550e-02;7.112817e-02;8.159502e-02;1.200015e-01;5.096139e-02;5.614372e-02;1.560589e-01;7.481215e-02;9.213311e-02
3.847354e-02;5.941326e-02;8.533794e-02;4.177873e-02;3.944032e-02;1.086996e-01;1.318903e-01;5.559500e-02;6.446066e-02;1.990826e-01;7.322922e-02;1.025988e-01
2.270118e-02;4.445022e-02;6.381854e-02;3.533046e-02;4.971759e-02;1.125825e-01;7.743174e-02;1.164035e-01;7.539380e-02;2.260183e-01;4.811449e-02;1.280377e-01
2.307058e-02;2.480310e-02;2.299280e-02;4.303782e-02;6.557047e-02;7.159248e-02;1.388720e-01;2.011909e-01;5.882202e-02;1.887760e-01;2.649803e-02;1.347738e-01
2.162329e-02;3.043861e-02;3.291758e-02;4.087800e-02;5.787865e-02;1.102176e-01;2.276876e-01;1.801868e-01;6.736325e-02;1.245922e-01;1.516048e-02;9.105601e-02
1.702891e-02;3.345304e-02;4.436181e-02;3.980121e-02;5.517749e-02;9.243307e-02;2.355876e-01;1.760317e-01;9.912480e-02;1.168792e-01;1.383377e-02;7.628729e-02
7.638386e-03;2.401110e-02;3.239203e-02;3.608244e-02;3.391660e-02;1.073015e-01;2.368785e-01;1.817124e-01;1.131814e-01;1.045857e-01;3.430336e-02;8.799662e-02
2.115084e-02;5.324143e-02;3.457023e-02;3.305688e-02;4.662561e-02;8.860498e-02;2.117857e-01;1.561072e-01;1.250941e-01;8.159702e-02;6.854570e-02;7.962030e-02
2.808705e-02;8.065359e-02;3.188745e-02;1.831140e-02;6.014505e-02;1.120466e-01;1.180964e-01;1.332631e-01;1.218096e-01;1.526022e-01;1.061915e-01;3.690606e-02
5.130145e-02;6.775355e-02;6.621008e-02;1.650254e-02;5.313965e-02;1.160199e-01;1.842837e-01;1.171767e-01;7.251513e-02;1.304579e-01;1.062288e-01;1.841065e-02
8.172986e-02;4.961107e-02;8.888290e-02;2.259926e-02;6.335266e-02;9.883030e-02;1.696964e-01;1.404142e-01;4.922211e-02;8.513405e-02;1.206062e-01;2.992093e-02
8.976803e-02;5.690933e-02;8.378149e-02;2.395304e-02;6.211873e-02;1.121929e-01;9.853890e-02;1.330570e-01;8.677377e-02;6.912303e-02;1.423980e-01;4.138581e-02
7.095943e-02;6.412239e-02;6.165375e-02;2.571066e-02;6.967013e-02;1.155231e-01;1.137773e-01;1.243325e-01;8.336624e-02;1.146349e-01;1.211113e-01;3.513826e-02
5.410928e-02;5.881227e-02;3.401119e-02;4.318374e-02;9.940303e-02;1.228723e-01;1.110173e-01;9.280056e-02;8.775980e-02;1.588233e-01;8.722769e-02;4.997953e-02
1.841536e-02;4.634558e-02;3.608572e-02;3.474778e-02;1.152627e-01;1.025109e-01;1.108784e-01;7.620285e-02;1.052997e-01;1.753432e-01;1.065950e-01;7.231281e-02
5.212491e-02;5.805703e-02;5.161184e-02;6.568147e-02;1.183028e-01;8.218254e-02;1.090374e-01;9.647926e-02;6.785848e-02;1.786073e-01;6.912334e-02;5.093374e-02
3.879159e-02;4.009769e-02;7.822320e-02;8.748220e-02;1.273459e-01;1.077207e-01;9.143969e-02;9.399898e-02;7.103159e-02;1.410970e-01;1.016631e-01;2.110833e-02
2.303877e-02;3.564598e-02;6.306259e-02;9.718407e-02;1.212092e-01;1.559638e-01;9.141905e-02;7.019781e-02;7.476669e-02;1.249689e-01;1.289053e-01;1.363797e-02
1.586677e-02;6.238098e-02;3.950098e-02;1.030121e-01;1.148000e-01;1.821684e-01;1.317510e-01;1.411922e-01;6.977658e-02;8.109075e-02;3.109216e-02;2.736804e-02
1.700200e-02;8.249059e-02;2.173753e-02;7.572524e-02;1.300505e-01;2.038964e-01;1.278134e-01;1.764375e-01;2.904927e-02;7.961732e-02;3.389932e-02;2.228080e-02
8.886802e-03;9.770934e-02;2.076414e-02;5.670431e-02;1.336338e-01;1.968314e-01;9.094728e-02;2.194095e-01;2.812700e-02;9.096030e-02;4.213873e-02;1.388745e-02
4.859206e-03;1.289060e-01;1.598719e-02;4.334939e-02;1.198318e-01;1.497998e-01;4.498316e-02;2.940830e-01;2.386504e-02;1.195458e-01;4.452806e-02;1.026158e-02
4.633353e-03;1.459782e-01;7.648428e-03;4.022997e-02;1.405963e-01;8.021168e-02;3.519088e-02;3.447663e-01;1.896937e-02;1.499695e-01;1.709538e-02;1.471056e-02
3.129711e-03;1.350684e-01;7.461042e-03;2.951917e-02;1.568207e-01;5.440418e-02;2.075358e-02;3.515688e-01;1.256308e-02;1.790167e-01;3.008213e-02;1.961246e-02
3.506238e-03;1.059628e-01;4.159933e-03;2.290235e-02;1.499983e-01;7.421927e-02;2.613039e-02;3.201733e-01;1.676675e-02;2.170202e-01;4.247556e-02;1.668489e-02
6.064697e-03;8.686096e-02;7.483420e-03;2.570136e-02;1.559679e-01;9.080011e-02;3.749218e-02;2.917303e-01;2.729378e-02;2.344923e-01;2.141465e-02;1.469824e-02
4.476191e-03;7.051554e-02;8.419910e-03;3.340919e-02;1.551133e-01;1.306626e-01;2.884277e-02;2.631969e-01;2.311317e-02;2.241345e-01;4.489526e-02;1.322074e-02
1.076374e-02;4.936813e-02;1.141899e-02;5.562959e-02;1.244087e-01;1.368843e-01;1.486161e-02;2.585159e-01;4.742315e-02;2.248090e-01;5.294942e-02;1.296746e-02
1.657454e-02;2.040295e-02;2.590122e-02;7.860228e-02;6.163516e-02;1.147611e-01;4.887792e-02;3.415384e-01;7.428055e-02;1.629940e-01;3.487881e-02;1.955309e-02
1.399834e-02;3.269611e-02;3.894010e-02;6.531027e-02;9.530339e-02;1.162151e-01;5.040708e-02;3.830013e-01;5.212993e-02;1.006064e-01;2.505424e-02;2.633786e-02
1.772186e-02;3.791237e-02;4.111461e-02;4.030415e-02;6.530014e-02;1.025296e-01;5.173074e-02;3.129139e-01;5.795212e-02;1.859146e-01;5.329210e-02;3.331378e-02
1.217549e-02;4.673760e-02;2.526453e-02;2.888023e-02;5.155014e-02;1.037018e-01;8.449838e-02;3.085606e-01;4.269859e-02;1.787849e-01;7.649988e-02;4.064780e-02
9.612735e-03;6.837954e-02;2.832786e-02;2.932136e-02;7.626166e-02;8.092570e-02;7.905012e-02;3.362808e-01;3.948438e-02;1.498150e-01;4.832927e-02;5.421157e-02
2.977324e-02;6.501446e-02;2.597386e-02;3.518189e-02;1.007869e-01;1.301522e-01;5.003518e-02;3.084805e-01;5.603886e-02;1.233179e-01;3.393690e-02;4.130796e-02
2.024341e-02;4.407028e-02;1.665166e-02;3.744692e-02;1.144682e-01;1.551470e-01;9.391858e-02;2.736878e-01;4.653635e-02;1.295123e-01;3.769291e-02;3.062460e-02
2.679645e-02;2.157503e-02;1.766894e-02;4.173705e-02;7.176272e-02;1.475646e-01;8.450617e-02;2.913767e-01;4.062937e-02;1.811206e-01;1.363449e-02;6.162787e-02
5.314935e-02;3.554875e-02;2.685497e-02;4.654954e-02;5.580688e-02;1.500693e-01;1.002248e-01;2.720735e-01;5.163034e-02;1.150507e-01;4.682724e-02;4.621458e-02
6.905504e-02;3.738973e-02;2.841822e-02;8.833385e-02;8.461545e-02;1.447783e-01;1.428266e-01;1.606820e-01;9.353341e-02;6.291866e-02;6.652658e-02;2.092229e-02
8.161499e-02;2.186352e-02;2.689069e-02;1.387076e-01;1.095969e-01;1.297280e-01;1.108161e-01;1.015434e-01;1.437021e-01;9.366128e-02;3.521562e-02;6.659881e-03
8.562916e-02;1.160970e-02;4.306464e-02;1.814376e-01;9.130272e-02;9.960631e-02;7.384833e-02;1.118992e-01;1.832696e-01;7.456272e-02;1.792604e-02;2.584390e-02
6.285713e-02;2.685807e-02;7.754733e-02;1.687213e-01;5.692308e-02;1.009813e-01;6.228512e-02;1.754467e-01;1.596396e-01;3.321572e-02;1.659930e-02;5.892547e-02
3.814500e-02;3.714766e-02;1.129095e-01;1.255923e-01;7.488167e-02;1.020934e-01;7.115225e-02;2.287494e-01;9.701272e-02;2.580873e-02;1.779502e-02;6.871232e-02
3.472456e-02;4.749679e-02;1.007433e-01;9.912761e-02;9.411233e-02;1.016960e-01;1.044495e-01;2.436098e-01;4.871125e-02;5.004753e-02;1.930752e-02;5.597387e-02
4.235795e-02;4.621640e-02;4.306011e-02;8.846910e-02;1.225029e-01;7.552419e-02;9.519804e-02;2.197971e-01;6.707876e-02;1.336246e-01;4.797601e-02;1.819487e-02
2.054941e-02;4.969502e-02;4.013972e-02;8.039858e-02;1.725129e-01;1.063020e-01;4.780918e-02;2.173554e-01;6.064573e-02;1.235736e-01;4.998641e-02;3.103210e-02
3.804765e-03;5.815672e-02;4.811839e-02;5.091272e-02;1.649113e-01;1.638695e-01;5.118319e-02;2.518069e-01;6.045846e-02;7.417461e-02;3.540881e-02;3.719452e-02
2.959837e-02;7.621598e-02;3.233147e-02;3.317399e-02;1.364803e-01;1.661770e-01;4.232390e-02;2.908835e-01;7.676693e-02;4.346408e-02;3.779884e-02;3.478567e-02
4.450327e-02;9.871764e-02;3.194969e-02;5.075092e-02;9.152164e-02;1.464255e-01;7.265022e-02;2.716064e-01;6.815612e-02;6.951770e-02;2.775110e-02;2.644981e-02
3.441869e-02;1.104415e-01;4.042638e-02;6.912790e-02;4.944496e-02;1.610351e-01;1.325464e-01;2.209235e-01;4.557324e-02;5.282740e-02;4.183024e-02;4.140468e-02
2.846045e-02;1.146337e-01;4.846768e-02;6.452028e-02;7.165684e-02;1.762192e-01;1.521780e-01;1.148078e-01;5.856179e-02;8.384322e-02;2.758342e-02;5.906761e-02
2.788878e-02;1.008204e-01;5.079166e-02;7.260528e-02;8.743344e-02;1.627394e-01;1.110078e-01;1.231278e-01;6.949507e-02;1.182631e-01;2.049308e-02;5.533414e-02
4.205988e-02;7.350383e-02;5.670197e-02;1.031315e-01;9.005274e-02;1.713742e-01;1.684068e-01;1.208010e-01;5.139802e-02;1.111522e-02;7.786041e-02;3.359443e-02
3.815823e-02;8.379287e-02;5.484945e-02;5.039004e-02;1.501460e-01;1.760940e-01;1.485239e-01;8.581000e-02;4.797696e-02;1.074739e-01;3.988772e-02;1.689693e-02
4.355558e-02;7.549569e-02;3.760407e-02;4.382454e-02;1.766817e-01;1.519604e-01;1.327475e-01;7.067905e-02;5.927878e-02;1.827886e-01;1.570269e-02;9.681333e-03
4.983739e-02;4.349171e-02;1.815584e-02;4.193768e-02;2.006836e-01;1.119634e-01;9.896539e-02;5.114771e-02;6.935213e-02;2.828836e-01;2.844513e-02;3.136447e-03
4.861940e-02;4.155696e-02;9.997344e-03;4.051834e-02;2.165809e-01;7.260227e-02;8.964668e-02;3.576141e-02;5.673870e-02;3.315827e-01;5.010817e-02;6.287182e-03
7.669663e-02;6.340434e-02;1.681536e-02;4.983523e-02;1.952102e-01;6.796377e-02;1.172081e-01;3.996706e-02;6.236479e-02;2.675224e-01;3.223314e-02;1.077895e-02
6.937067e-02;1.009004e-01;1.443082e-02;3.590528e-02;2.413960e-01;5.509968e-02;8.413776e-02;6.526784e-02;5.420249e-02;2.487379e-01;1.910464e-02;1.144642e-02
2.498013e-02;1.461937e-01;6.393736e-03;1.217855e-02;2.744963e-01;2.918751e-02;2.823291e-02;1.337374e-01;3.408710e-02;2.816483e-01;1.100089e-02;1.786352e-02
1.328344e-02;1.467336e-01;4.846045e-03;8.962636e-03;2.154657e-01;2.186471e-02;2.485214e-02;2.091965e-01;2.716364e-02;2.835822e-01;2.790296e-02;1.614651e-02
8.291307e-03;1.121965e-01;2.294029e-02;1.850257e-02;1.181935e-01;7.343158e-02;5.520698e-02;2.297540e-01;2.062989e-02;2.622092e-01;6.785125e-02;1.079284e-02
1.239657e-02;6.027256e-02;5.254778e-02;1.440817e-02;6.006609e-02;1.551593e-01;7.246451e-02;1.937761e-01;2.321151e-02;2.142574e-01;1.311786e-01;1.026137e-02
1.620901e-02;3.601011e-02;7.156552e-02;1.300093e-02;4.416618e-02;2.253618e-01;7.427764e-02;1.379661e-01;5.214630e-02;1.544156e-01;1.638299e-01;1.105097e-02
1.271037e-02;2.025907e-02;7.612485e-02;1.569181e-02;6.599138e-02;2.753091e-01;6.821664e-02;9.342244e-02;7.497805e-02;1.172945e-01;1.563655e-01;2.363625e-02
1.833678e-02;1.417612e-02;5.179600e-02;1.966752e-02;1.096960e-01;2.673867e-01;9.715609e-02;8.010636e-02;9.109792e-02;8.692557e-02;1.431147e-01;2.054020e-02
3.643495e-02;1.587980e-02;2.696139e-02;2.605991e-02;8.709606e-02;1.748355e-01;8.604071e-02;1.157234e-01;7.345488e-02;2.081455e-01;1.267986e-01;2.256938e-02
2.552617e-02;1.690098e-02;5.454139e-02;1.789936e-02;7.445449e-02;1.043026e-01;3.455083e-02;1.643764e-01;5.313814e-02;3.715822e-01;5.387264e-02;2.885482e-02
2.461740e-02;4.055793e-02;5.844384e-02;9.120403e-03;7.124659e-02;9.567764e-02;4.987415e-02;1.625235e-01;2.088137e-02;4.136102e-01;3.436347e-02;1.908347e-02
2.661209e-02;6.994839e-02;5.708000e-02;1.943679e-02;7.292780e-02;9.769583e-02;4.445002e-02;1.574700e-01;3.158185e-02;3.742117e-01;3.363669e-02;1.494883e-02
2.359357e-02;8.616568e-02;4.313875e-02;4.561147e-02;1.111739e-01;9.481587e-02;9.895833e-02;1.324984e-01;2.604631e-02;2.643717e-01;3.867371e-02;3.495232e-02
2.726379e-02;5.846516e-02;4.938212e-02;5.554838e-02;5.468550e-02;1.460726e-01;1.916576e-01;1.096955e-01;4.754767e-02;1.751156e-01;4.063887e-02;4.392716e-02
2.127779e-02;3.052496e-02;6.749225e-02;2.546578e-02;3.471857e-02;2.453434e-01;1.776158e-01;7.087975e-02;6.503849e-02;1.393478e-01;7.860375e-02;4.369169e-02
2.484668e-02;2.131831e-02;6.169135e-02;1.139669e-02;5.794721e-02;3.180098e-01;1.062569e-01;3.839831e-02;5.278877e-02;1.282154e-01;1.444857e-01;3.464484e-02
3.868202e-02;2.322828e-02;4.038545e-02;1.271988e-02;5.086869e-02;3.379706e-01;1.013572e-01;5.625109e-02;6.306347e-02;1.169590e-01;1.368637e-01;2.165058e-02
4.468786e-02;3.943549e-02;2.120204e-02;1.928838e-02;7.385345e-02;2.891882e-01;1.008477e-01;1.150729e-01;8.879481e-02;9.984963e-02;7.828340e-02;2.949609e-02
2.913451e-02;5.752517e-02;1.902132e-02;2.213948e-02;1.035930e-01;2.083320e-01;8.284495e-02;1.733283e-01;1.002160e-01;1.148550e-01;4.261906e-02;4.639130e-02
2.225577e-02;6.786095e-02;3.740886e-02;2.070793e-02;7.637829e-02;1.570098e-01;8.355547e-02;1.812386e-01;8.294306e-02;1.797186e-01;5.397633e-02;3.694633e-02
3.029453e-02;4.421665e-02;4.604406e-02;3.360400e-02;6.202282e-02;1.812115e-01;1.022029e-01;1.512859e-01;6.674983e-02;1.956190e-01;6.666390e-02;2.008482e-02
3.284010e-02;3.334046e-02;3.801564e-02;4.807298e-02;1.024511e-01;1.779481e-01;1.011383e-01;1.637996e-01;5.081118e-02;1.670843e-01;6.328416e-02;2.121407e-02
2.578634e-02;5.307863e-02;2.629095e-02;5.824703e-02;8.731118e-02;1.658603e-01;1.104613e-01;2.039321e-01;4.128776e-02;1.567091e-01;5.545553e-02;1.557981e-02
4.958915e-03;3.148700e-02;2.914060e-02;4.264457e-02;1.343033e-01;1.431271e-01;6.217210e-02;2.184173e-01;4.623551e-02;2.267244e-01;5.107637e-02;9.712894e-03
5.674614e-03;2.722214e-02;3.014429e-02;3.975017e-02;1.328450e-01;1.059407e-01;7.934339e-02;2.027063e-01;5.716610e-02;2.732330e-01;3.319892e-02;1.277522e-02
1.087504e-02;2.776041e-02;3.376905e-02;5.349988e-02;6.417422e-02;9.505058e-02;1.443354e-01;2.248050e-01;6.773649e-02;2.130942e-01;4.582249e-02;1.907715e-02
2.345435e-02;4.131012e-02;4.556699e-02;6.142262e-02;1.154524e-01;1.403808e-01;9.325831e-02;2.138368e-01;6.192698e-02;8.681279e-02;1.005757e-01;1.600210e-02
3.183447e-02;5.509708e-02;7.502016e-02;3.626290e-02;8.264407e-02;1.450287e-01;8.553525e-02;2.037065e-01;6.521188e-02;1.132629e-01;9.758393e-02;8.812151e-03
2.645699e-02;5.791538e-02;9.028573e-02;3.570884e-02;8.204401e-02;1.223674e-01;1.023096e-01;2.079066e-01;6.262008e-02;1.202554e-01;8.322631e-02;8.903725e-03
3.706614e-02;5.744296e-02;7.229116e-02;4.344327e-02;1.531085e-01;1.317917e-01;8.004032e-02;1.521463e-01;6.343877e-02;1.178414e-01;7.889434e-02;1.249511e-02
3.829170e-02;9.597408e-02;4.636544e-02;2.633775e-02;1.624147e-01;2.009078e-01;6.458642e-02;1.104441e-01;9.083196e-02;8.660323e-02;6.212292e-02;1.511997e-02
2.887626e-02;6.530970e-02;5.015007e-02;3.939226e-02;1.898341e-01;1.769972e-01;5.315310e-02;1.612500e-01;8.431391e-02;1.025688e-01;3.671775e-02;1.143682e-02
3.500412e-02;4.534004e-02;1.095079e-01;6.425051e-02;1.642842e-01;1.183944e-01;4.416335e-02;1.518238e-01;6.984738e-02;1.046674e-01;5.833210e-02;3.438479e-02
4.525026e-02;8.902614e-02;1.474612e-01;8.058986e-02;1.067396e-01;8.083071e-02;5.237072e-02;1.204265e-01;7.060810e-02;1.361616e-01;3.278551e-02;3.774987e-02
5.284790e-02;1.133593e-01;1.328924e-01;9.701708e-02;1.202522e-01;8.630085e-02;4.601585e-02;7.991389e-02;5.630363e-02;1.194555e-01;6.293943e-02;3.270204e-02
1.133646e-01;9.865512e-02;1.251793e-01;1.254990e-01;1.462590e-01;7.530110e-02;4.162282e-02;5.267527e-02;6.317280e-02;5.423146e-02;7.503731e-02;2.900211e-02
1.526047e-01;6.126713e-02;9.033765e-02;1.607966e-01;1.601794e-01;5.430761e-02;5.079046e-02;5.112207e-02;8.386344e-02;2.438760e-02;8.626089e-02;2.408246e-02
1.354283e-01;4.420499e-02;7.665402e-02;1.985741e-01;1.611404e-01;5.973033e-02;4.617646e-02;6.169837e-02;9.111648e-02;2.106705e-02;8.107255e-02;2.313692e-02
8.687919e-02;5.711032e-02;8.285541e-02;1.967141e-01;1.506537e-01;7.210501e-02;2.561055e-02;8.953335e-02;9.844120e-02;2.460838e-02;5.586906e-02;5.961975e-02
4.453454e-02;7.286657e-02;1.141070e-01;1.318804e-01;1.109081e-01;6.968648e-02;2.833544e-02;1.596608e-01;8.498297e-02;1.949321e-02;2.343694e-02;1.401076e-01
1.967254e-02;6.490038e-02;1.442112e-01;4.465544e-02;8.418121e-02;7.807120e-02;3.445983e-02;2.345224e-01;4.269413e-02;4.785337e-02;1.024164e-02;1.945367e-01
1.545645e-02;6.665397e-02;1.670479e-01;4.230866e-02;6.004995e-02;8.602727e-02;2.171280e-02;2.518341e-01;4.067278e-02;5.752871e-02;1.551600e-02;1.751914e-01
2.120005e-02;7.948930e-02;1.828866e-01;4.601327e-02;5.566438e-02;7.776907e-02;3.443286e-02;2.443541e-01;4.276142e-02;6.048044e-02;2.702725e-02;1.279213e-01
3.814408e-02;9.795301e-02;1.740820e-01;1.554370e-02;7.487322e-02;5.396530e-02;7.742964e-02;2.238539e-01;4.119419e-02;7.152544e-02;5.239806e-02;7.903753e-02
5.367418e-02;1.019077e-01;1.147992e-01;6.255600e-02;9.444915e-02;6.280027e-02;1.040525e-01;1.819909e-01;3.076581e-02;7.447798e-02;5.794799e-02;6.057832e-02
4.357755e-02;5.649853e-02;4.509187e-02;1.043827e-01;1.258270e-01;9.915975e-02;1.015703e-01;1.639384e-01;4.916323e-02;9.357681e-02;4.323931e-02;7.397449e-02
2.236525e-02;4.142952e-02;4.023806e-02;9.600341e-02;9.227002e-02;9.317563e-02;4.923514e-02;2.394531e-01;7.712204e-02;1.234305e-01;5.932551e-02;6.595179e-02
3.774672e-02;5.413175e-02;6.357312e-02;6.736994e-02;2.623186e-02;1.150956e-01;3.561043e-02;3.078438e-01;7.779644e-02;1.154439e-01;4.860565e-02;5.055079e-02
4.376848e-02;3.978728e-02;6.008767e-02;6.226164e-02;7.944132e-02;1.587567e-01;4.119240e-02;2.983913e-01;9.111210e-02;5.472866e-02;3.546577e-02;3.500664e-02
2.153165e-02;2.982197e-02;6.454100e-02;6.322406e-02;7.919363e-02;1.327591e-01;7.187142e-02;2.666548e-01;1.081101e-01;6.790495e-02;4.569859e-02;4.868868e-02
2.060002e-02;3.795096e-02;6.068256e-02;6.456231e-02;1.129542e-01;8.143042e-02;5.076328e-02;2.646915e-01;1.247312e-01;8.941977e-02;5.631451e-02;3.589927e-02
3.126162e-02;2.813350e-02;6.352008e-02;8.992939e-02;1.239971e-01;6.780915e-02;4.689961e-02;2.602391e-01;1.703281e-01;5.898856e-02;3.681589e-02;2.207789e-02
3.036644e-02;7.799885e-02;8.067381e-02;1.122128e-01;9.818134e-02;9.155318e-02;7.831793e-02;2.113866e-01;9.941100e-02;5.627429e-02;2.771459e-02;3.590909e-02
2.378872e-02;9.618975e-02;1.011154e-01;1.091791e-01;6.925866e-02;1.464739e-01;1.009168e-01;1.520713e-01;8.591583e-02;5.286848e-02;2.632116e-02;3.590096e-02
2.631371e-02;6.216415e-02;1.449976e-01;6.998939e-02;8.951247e-02;2.289549e-01;9.923065e-02;1.011036e-01;7.093579e-02;4.928118e-02;2.856097e-02;2.895551e-02
2.429552e-02;3.057967e-02;1.432326e-01;3.464633e-02;1.700550e-01;2.247046e-01;9.029276e-02;9.994327e-02;8.126122e-02;4.322916e-02;3.058504e-02;2.717487e-02
1.697661e-02;3.623878e-02;8.983126e-02;9.456883e-02;1.864199e-01;1.650776e-01;1.405455e-01;1.095755e-01;6.528746e-02;3.157229e-02;2.641773e-02;3.748861e-02
3.967769e-02;5.126252e-02;6.878372e-02;1.520429e-01;1.174232e-01;1.529961e-01;1.491185e-01;1.135622e-01;5.349357e-02;3.579279e-02;1.731656e-02;4.853014e-02
6.780502e-02;1.099984e-01;9.146751e-02;9.622609e-02;1.901934e-01;1.088472e-01;7.100579e-02;1.320530e-01;5.631927e-02;2.550985e-02;1.546285e-02;3.511165e-02
8.309647e-02;1.893930e-01;8.440715e-02;3.792598e-02;2.789827e-01;5.243108e-02;4.748044e-02;1.297798e-01;3.411057e-02;2.337214e-02;2.341290e-02;1.560777e-02
8.986928e-02;2.746872e-01;8.745665e-02;2.633995e-02;2.121557e-01;2.128049e-02;1.117657e-01;8.398300e-02;2.757581e-02;3.432471e-02;2.402145e-02;6.540001e-03
8.043201e-02;3.334476e-01;1.668957e-01;3.907577e-02;7.595050e-02;2.369117e-02;1.392556e-01;4.268614e-02;3.551690e-02;3.476081e-02;1.820857e-02;1.007926e-02
1.021406e-01;3.407286e-01;1.712465e-01;5.228137e-02;3.376862e-02;3.212576e-02;1.260209e-01;2.878782e-02;3.454959e-02;2.823758e-02;3.218626e-02;1.792639e-02
1.472220e-01;2.634881e-01;1.329410e-01;5.303800e-02;4.017786e-02;7.095881e-02;9.537187e-02;5.251724e-02;2.764646e-02;3.111950e-02;6.588235e-02;1.963691e-02
1.436762e-01;1.798104e-01;1.201931e-01;4.452598e-02;7.044840e-02;9.994597e-02;5.806630e-02;8.155607e-02;3.201649e-02;3.900804e-02;1.187287e-01;1.202432e-02
9.024748e-02;2.519985e-01;1.574602e-01;2.108379e-02;5.894825e-02;5.468822e-02;6.986234e-02;7.457989e-02;4.237336e-02;1.968907e-02;1.515435e-01;7.525410e-03
5.747116e-02;2.653441e-01;1.362274e-01;8.156823e-03;8.185130e-02;2.660027e-02;6.969276e-02;7.861150e-02;5.417906e-02;2.091075e-02;1.938110e-01;7.143836e-03
7.981474e-02;1.702743e-01;7.938301e-02;7.437254e-03;1.385572e-01;1.800588e-02;6.003351e-02;1.106117e-01;5.486171e-02;1.671554e-02;2.576074e-01;6.697672e-03
1.022331e-01;7.861417e-02;5.397345e-02;1.036412e-02;1.802896e-01;2.524365e-02;3.829575e-02;1.467707e-01;3.757212e-02;2.461849e-02;2.956690e-01;6.355822e-03
1.045883e-01;7.929222e-02;5.946421e-02;6.349741e-03;1.871969e-01;3.115715e-02;2.459610e-02;1.960632e-01;2.903174e-02;3.770521e-02;2.340516e-01;1.050365e-02
1.044999e-01;1.115742e-01;6.989700e-02;1.046112e-02;1.615881e-01;2.201089e-02;5.107938e-02;2.289503e-01;3.693664e-02;6.199136e-02;1.305119e-01;1.049935e-02
1.012375e-01;1.473722e-01;8.367625e-02;1.952649e-02;1.495677e-01;2.659417e-02;7.221331e-02;2.325213e-01;3.680712e-02;5.092342e-02;6.361970e-02;1.594084e-02
6.239537e-02;1.752998e-01;1.265472e-01;2.013567e-02;1.818897e-01;2.729219e-02;5.068151e-02;1.947663e-01;2.996999e-02;4.160290e-02;7.225367e-02;1.716584e-02
5.947317e-02;1.756714e-01;1.263057e-01;1.963154e-02;1.563506e-01;3.455434e-02;3.418842e-02;1.892774e-01;2.080097e-02;4.028657e-02;1.257588e-01;1.770104e-02
7.580350e-02;1.624751e-01;7.410761e-02;1.757730e-02;1.551776e-01;3.792625e-02;4.663790e-02;2.258541e-01;4.117440e-02;3.821767e-02;1.041554e-01;2.089314e-02
8.316360e-02;1.022261e-01;9.811315e-02;2.797049e-02;1.969317e-01;2.526076e-02;5.603925e-02;1.980606e-01;5.667455e-02;3.316633e-02;1.007417e-01;2.165181e-02
7.209952e-02;1.042153e-01;9.716289e-02;5.124056e-02;2.252915e-01;2.134802e-02;9.120630e-02;1.783213e-01;3.687054e-02;2.593496e-02;7.173052e-02;2.457856e-02
5.681520e-02;1.382609e-01;1.015431e-01;5.878260e-02;2.183324e-01;2.078023e-02;1.261674e-01;1.727780e-01;3.924876e-02;2.071666e-02;2.844791e-02;1.812681e-02
6.174459e-02;1.436896e-01;8.362263e-02;3.478896e-02;1.762119e-01;2.921384e-02;1.587616e-01;1.818317e-01;6.044248e-02;2.736501e-02;3.041471e-02;1.191297e-02
6.840669e-02;1.481027e-01;7.075325e-02;1.722099e-02;1.880654e-01;3.369927e-02;1.543757e-01;2.051949e-01;4.943842e-02;2.454256e-02;3.242508e-02;7.774897e-03
6.820152e-02;1.699218e-01;9.389328e-02;1.983722e-02;1.814024e-01;2.772046e-02;1.115884e-01;2.226480e-01;3.820362e-02;2.541763e-02;3.353540e-02;7.630131e-03
7.710769e-02;1.901590e-01;1.030352e-01;2.049497e-02;1.171912e-01;4.742025e-02;9.588999e-02;2.172452e-01;4.082197e-02;3.247567e-02;4.131904e-02;1.683992e-02
8.189204e-02;1.420863e-01;8.949741e-02;1.534602e-02;1.484603e-01;7.252738e-02;7.713416e-02;2.388775e-01;4.310503e-02;3.153914e-02;3.267062e-02;2.686413e-02
8.623435e-02;1.320750e-01;1.018157e-01;8.190929e-03;1.191322e-01;1.093416e-01;5.854463e-02;2.795372e-01;3.975704e-02;2.659713e-02;2.069174e-02;1.808232e-02
7.081805e-02;2.160208e-01;8.022344e-02;1.420740e-02;4.582577e-02;1.226481e-01;1.299433e-01;2.305711e-01;3.318350e-02;2.017176e-02;1.208126e-02;2.430556e-02
5.224259e-02;2.328641e-01;1.033495e-01;1.086441e-02;2.697716e-02;1.258920e-01;1.557596e-01;2.177030e-01;2.892134e-02;1.190482e-02;1.169983e-02;2.182166e-02
5.600095e-02;2.707521e-01;1.505129e-01;1.077966e-02;3.218307e-02;1.089393e-01;8.315799e-02;1.899595e-01;5.718764e-02;1.211483e-02;1.298423e-02;1.542779e-02
6.267357e-02;2.505466e-01;1.723346e-01;1.399714e-02;3.354105e-02;1.278774e-01;4.667525e-02;1.534148e-01;7.173872e-02;1.861079e-02;3.069488e-02;1.789524e-02
5.114023e-02;2.159575e-01;1.428387e-01;2.335307e-02;4.706760e-02;1.161478e-01;4.244550e-02;1.749877e-01;9.737079e-02;2.569607e-02;4.298824e-02;2.000667e-02
4.815311e-02;1.893462e-01;8.566520e-02;2.505761e-02;6.025630e-02;1.153296e-01;6.299870e-02;1.720168e-01;8.598820e-02;3.629754e-02;8.590323e-02;3.298754e-02
3.900172e-02;1.318213e-01;8.302907e-02;2.425335e-02;5.470835e-02;1.517334e-01;6.045606e-02;1.274647e-01;7.800059e-02;3.421495e-02;1.770010e-01;3.831556e-02
2.471204e-02;7.336380e-02;6.804460e-02;2.094705e-02;3.288799e-02;2.184062e-01;5.116617e-02;9.009928e-02;9.930430e-02;3.478478e-02;2.431287e-01;4.315506e-02
1.786200e-02;4.753309e-02;5.732354e-02;2.376560e-02;4.266966e-02;2.311370e-01;5.509094e-02;1.094541e-01;1.048522e-01;4.544158e-02;2.229616e-01;4.190869e-02
2.589985e-02;6.566723e-02;4.840923e-02;3.654261e-02;1.095253e-01;1.381378e-01;4.661106e-02;1.745238e-01;1.371948e-01;7.432419e-02;1.157456e-01;2.741859e-02
3.548821e-02;8.730455e-02;6.373148e-02;7.966517e-02;1.092541e-01;6.395297e-02;8.586956e-02;1.541868e-01;2.011065e-01;6.608130e-02;4.161723e-02;1.174206e-02
3.504346e-02;7.867208e-02;7.399515e-02;1.124454e-01;7.652829e-02;7.315075e-02;8.478168e-02;1.556327e-01;2.196908e-01;3.313285e-02;3.756163e-02;1.936513e-02
2.343784e-02;1.075207e-01;1.473345e-01;8.497497e-02;6.073325e-02;9.859193e-02;4.167788e-02;2.095570e-01;1.396758e-01;2.617582e-02;3.169762e-02;2.862267e-02
1.455492e-02;9.986843e-02;2.062556e-01;4.601254e-02;4.840724e-02;1.195589e-01;3.014861e-02;3.055820e-01;5.066616e-02;2.415379e-02;3.033239e-02;2.445940e-02
2.166561e-02;1.015664e-01;1.630243e-01;3.066205e-02;5.879103e-02;1.012038e-01;4.632463e-02;3.235084e-01;6.280318e-02;3.617643e-02;4.044353e-02;1.383058e-02
2.145178e-02;1.347721e-01;8.850063e-02;3.206164e-02;6.850086e-02;1.488775e-01;8.535933e-02;2.685570e-01;6.151186e-02;2.901874e-02;4.291801e-02;1.847059e-02
1.938256e-02;1.486496e-01;6.558795e-02;3.703285e-02;4.730719e-02;2.507370e-01;1.082390e-01;2.027348e-01;4.443578e-02;2.064600e-02;3.600404e-02;1.924308e-02
3.030607e-02;1.400139e-01;6.349380e-02;3.829134e-02;4.297736e-02;3.194299e-01;9.410303e-02;1.304420e-01;5.345665e-02;4.483708e-02;2.222349e-02;2.042535e-02
3.334050e-02;8.660733e-02;4.557042e-02;4.592198e-02;5.961888e-02;2.942058e-01;8.421687e-02;1.488796e-01;1.030928e-01;7.350627e-02;8.174465e-03;1.686512e-02
3.811797e-02;4.547473e-02;1.606948e-02;3.427394e-02;5.221553e-02;3.094796e-01;8.911154e-02;1.558663e-01;1.509510e-01;8.126069e-02;1.258526e-02;1.459393e-02
3.777488e-02;3.769631e-02;3.460160e-02;1.938310e-02;4.217654e-02;3.671478e-01;7.077733e-02;1.459734e-01;1.373828e-01;7.459003e-02;1.819208e-02;1.430424e-02
2.944495e-02;6.022326e-02;3.476863e-02;1.571721e-02;3.468693e-02;3.587189e-01;2.668739e-02;1.837413e-01;1.305660e-01;8.057136e-02;2.332033e-02;2.155376e-02
3.705797e-02;9.299454e-02;7.157596e-02;2.397405e-02;4.294235e-02;2.610135e-01;2.596303e-02;1.524093e-01;1.302813e-01;9.758550e-02;1.936361e-02;4.483879e-02
3.414405e-02;1.022182e-01;5.574216e-02;2.889115e-02;5.426756e-02;2.219448e-01;6.840940e-02;1.595403e-01;1.326659e-01;7.523023e-02;1.403163e-02;5.291478e-02
1.724498e-02;6.654766e-02;5.772617e-02;2.638814e-02;4.750358e-02;2.926343e-01;4.498903e-02;2.321910e-01;1.313120e-01;3.573294e-02;1.378618e-02;3.394405e-02
2.522246e-02;7.835890e-02;7.358874e-02;3.350285e-02;5.563195e-02;3.201039e-01;3.518438e-02;2.097218e-01;9.906263e-02;2.096491e-02;1.668474e-02;3.197264e-02
3.500027e-02;1.065138e-01;8.325827e-02;3.267648e-02;5.049652e-02;1.978094e-01;3.862397e-02;2.136518e-01;1.455993e-01;3.120098e-02;2.029489e-02;4.487440e-02
2.523841e-02;1.156363e-01;1.105406e-01;2.892827e-02;3.957641e-02;1.564083e-01;4.092852e-02;2.481847e-01;1.397275e-01;3.277879e-02;1.669105e-02;4.536115e-02
2.204102e-02;1.030311e-01;9.496733e-02;2.623749e-02;4.425209e-02;3.021799e-01;4.042311e-02;2.119319e-01;7.332214e-02;3.144128e-02;1.778244e-02;3.239020e-02
3.339063e-02;1.202767e-01;7.184312e-02;2.442244e-02;4.654071e-02;3.219480e-01;5.138248e-02;1.555066e-01;9.302300e-02;3.634522e-02;1.897850e-02;2.634267e-02
4.244601e-02;1.343108e-01;8.079676e-02;2.805776e-02;5.095368e-02;2.554081e-01;4.524683e-02;2.035549e-01;7.927329e-02;3.945042e-02;1.776772e-02;2.273369e-02
3.524650e-02;1.221048e-01;7.098809e-02;2.746602e-02;3.819322e-02;1.919421e-01;3.895066e-02;2.692893e-01;1.196182e-01;4.401182e-02;2.302229e-02;1.916693e-02
2.632516e-02;1.186315e-01;9.471843e-02;2.952120e-02;2.858187e-02;3.048719e-01;2.234132e-02;1.892528e-01;1.066655e-01;3.725375e-02;2.703650e-02;1.480011e-02
3.180296e-02;1.213203e-01;7.571181e-02;2.143841e-02;3.484180e-02;4.013093e-01;1.803679e-02;1.383592e-01;7.485766e-02;3.348269e-02;3.590536e-02;1.293372e-02
