1.228729e-01;4.123959e-02;3.974762e-02;1.378591e-01;5.081110e-02;3.373137e-02;1.592724e-01;7.491824e-02;2.689485e-02;2.747901e-02;1.217378e-01;1.634360e-01
9.888712e-02;3.394736e-02;4.335344e-02;1.262215e-01;2.755416e-02;3.626667e-02;1.808634e-01;6.361239e-02;3.289221e-02;2.753079e-02;1.031011e-01;2.257699e-01
1.227314e-01;3.359778e-02;3.683527e-02;8.372301e-02;5.564487e-02;3.811336e-02;1.689965e-01;9.051504e-02;3.107900e-02;2.327691e-02;7.562497e-02;2.398619e-01
2.180504e-01;3.108626e-02;2.466995e-02;3.984045e-02;9.212083e-02;1.775232e-02;1.346897e-01;1.812127e-01;2.232679e-02;1.449798e-02;3.511939e-02;1.886333e-01
2.755813e-01;2.917362e-02;1.494598e-02;7.453200e-02;8.874263e-02;1.502421e-02;1.454526e-01;2.415448e-01;9.186223e-03;1.644034e-02;2.841529e-02;6.096099e-02
1.952841e-01;2.485419e-02;1.062233e-02;1.220234e-01;5.864011e-02;3.697742e-02;2.235296e-01;1.638941e-01;9.347863e-03;2.086036e-02;3.073355e-02;1.032331e-01
1.451481e-01;4.177491e-02;1.266831e-02;1.440495e-01;5.286123e-02;4.507735e-02;2.765502e-01;1.430103e-01;1.093075e-02;1.979111e-02;2.396146e-02;8.417685e-02
1.423591e-01;5.257387e-02;1.370474e-02;1.424315e-01;6.416307e-02;5.180378e-02;2.588781e-01;1.432325e-01;1.470408e-02;1.182602e-02;5.731176e-02;4.701151e-02
1.308288e-01;5.174946e-02;1.700390e-02;1.408946e-01;7.833719e-02;5.758202e-02;2.487894e-01;1.089595e-01;2.514769e-02;1.528120e-02;9.518911e-02;3.023725e-02
1.307961e-01;4.099463e-02;1.763098e-02;1.446914e-01;8.246402e-02;6.785748e-02;2.773969e-01;6.189090e-02;3.030221e-02;2.462377e-02;8.861306e-02;3.273854e-02
1.543013e-01;3.170681e-02;1.770111e-02;1.054103e-01;7.614551e-02;9.593887e-02;2.733629e-01;8.706895e-02;3.534433e-02;3.265813e-02;3.175654e-02;5.860519e-02
1.440596e-01;4.505411e-02;2.634130e-02;8.206634e-02;4.276031e-02;7.780249e-02;2.320166e-01;1.467267e-01;4.294236e-02;3.002094e-02;6.227919e-02;6.793018e-02
1.772369e-01;5.074954e-02;3.296782e-02;7.281386e-02;4.146427e-02;6.525444e-02;1.809863e-01;1.459678e-01;3.335235e-02;5.307097e-02;7.866374e-02;6.747205e-02
1.701248e-01;5.466946e-02;3.877710e-02;8.722719e-02;6.215791e-02;5.990566e-02;2.044716e-01;1.304477e-01;3.689723e-02;5.085299e-02;6.498282e-02;3.948551e-02
1.233196e-01;4.229395e-02;4.612959e-02;7.971451e-02;7.069431e-02;4.927037e-02;2.283109e-01;1.831074e-01;4.398384e-02;3.524484e-02;4.993599e-02;4.799476e-02
1.191052e-01;2.230249e-02;4.928163e-02;1.197496e-01;6.400279e-02;4.678935e-02;2.497390e-01;1.622522e-01;5.522031e-02;3.427273e-02;4.810639e-02;2.917841e-02
1.447979e-01;4.066733e-02;4.315677e-02;1.096718e-01;6.688721e-02;3.779357e-02;2.112166e-01;1.219906e-01;7.007898e-02;3.646589e-02;6.790267e-02;4.937065e-02
1.563743e-01;7.349440e-02;3.753251e-02;5.175508e-02;1.094340e-01;5.456314e-02;1.619375e-01;1.174680e-01;6.189467e-02;3.484139e-02;8.301286e-02;5.769214e-02
1.716150e-01;7.944420e-02;3.832054e-02;5.622607e-02;1.025159e-01;7.391687e-02;1.295199e-01;1.078528e-01;4.167989e-02;4.472126e-02;1.174853e-01;3.670226e-02
1.680801e-01;1.016866e-01;3.803188e-02;7.251468e-02;4.266314e-02;6.390783e-02;1.665748e-01;1.277136e-01;3.857620e-02;3.961004e-02;1.027888e-01;3.785238e-02
2.576920e-01;1.791079e-01;4.881238e-02;5.607745e-02;2.238281e-02;4.406288e-02;1.018787e-01;1.355048e-01;3.428296e-02;2.907019e-02;5.844879e-02;3.267914e-02
2.788973e-01;2.676199e-01;2.956454e-02;1.594369e-02;2.091955e-02;2.394482e-02;9.192196e-02;1.402113e-01;3.369540e-02;2.028563e-02;4.695017e-02;3.004564e-02
2.075655e-01;3.636754e-01;4.219389e-02;1.929033e-02;1.567711e-02;1.388627e-02;5.821738e-02;1.162448e-01;6.463458e-02;3.990414e-02;4.150732e-02;1.720322e-02
1.454544e-01;4.573793e-01;8.055010e-02;1.950547e-02;1.374522e-02;1.187051e-02;3.514983e-02;6.547289e-02;7.626481e-02;5.993136e-02;2.407505e-02;1.060112e-02
9.589890e-02;5.046818e-01;1.489132e-01;2.008348e-02;8.086518e-03;7.806487e-03;1.518964e-02;5.804785e-02;6.228470e-02;6.595102e-02;1.151276e-02;1.543671e-03
4.022462e-02;4.570034e-01;2.421010e-01;3.010346e-02;3.979284e-03;1.604098e-02;1.569387e-02;5.765647e-02;4.997928e-02;7.040020e-02;1.303242e-02;3.785012e-03
4.531839e-02;3.321421e-01;2.972870e-01;2.819191e-02;4.573524e-03;1.977351e-02;5.117837e-02;5.615221e-02;4.039120e-02;8.350732e-02;3.773126e-02;3.753298e-03
2.310743e-02;1.945079e-01;2.723541e-01;1.293520e-01;1.600929e-02;1.499792e-02;7.308277e-02;7.674711e-02;2.225616e-02;6.733579e-02;1.054508e-01;4.798702e-03
1.406629e-02;9.561585e-02;1.614441e-01;2.391434e-01;2.477704e-02;1.857920e-02;5.052001e-02;1.607128e-01;2.423004e-02;2.872536e-02;1.674927e-01;1.469318e-02
1.424442e-02;7.329284e-02;8.932620e-02;2.497016e-01;2.805355e-02;2.066534e-02;2.791571e-02;2.303862e-01;6.127347e-02;1.548389e-02;1.651557e-01;2.450103e-02
1.479667e-02;6.469253e-02;7.020435e-02;2.099680e-01;4.982129e-02;2.629783e-02;3.139421e-02;2.342692e-01;9.414038e-02;1.758402e-02;1.286855e-01;5.814599e-02
4.110378e-02;5.476442e-02;4.984809e-02;1.185987e-01;8.709868e-02;7.966140e-02;1.272388e-01;1.857819e-01;5.418384e-02;2.485912e-02;8.691989e-02;8.994137e-02
7.481221e-02;6.967317e-02;4.857851e-02;5.568671e-02;6.177021e-02;1.163389e-01;2.299587e-01;1.914650e-01;2.461061e-02;2.958102e-02;4.641995e-02;5.110508e-02
7.593612e-02;7.166894e-02;5.693614e-02;4.692907e-02;2.948370e-02;9.286133e-02;2.634843e-01;2.226494e-01;2.940154e-02;3.313809e-02;6.035353e-02;1.715792e-02
5.912007e-02;4.853803e-02;6.486949e-02;4.944284e-02;1.843727e-02;6.835838e-02;2.806381e-01;2.454900e-01;4.442811e-02;3.262178e-02;7.062279e-02;1.743308e-02
3.942132e-02;4.478710e-02;5.170928e-02;5.464032e-02;3.294479e-02;7.070153e-02;2.770620e-01;2.415635e-01;4.804556e-02;3.518555e-02;7.820602e-02;2.573309e-02
7.532509e-02;7.363284e-02;4.049288e-02;5.405522e-02;5.650834e-02;8.350231e-02;2.326650e-01;1.791469e-01;5.176003e-02;4.591043e-02;6.312578e-02;4.387523e-02
1.082688e-01;9.549456e-02;6.541106e-02;6.239339e-02;7.479103e-02;6.850874e-02;1.552690e-01;1.233975e-01;8.805952e-02;4.818041e-02;4.784082e-02;6.238516e-02
9.012258e-02;4.241730e-02;5.465174e-02;8.259865e-02;5.963808e-02;5.363816e-02;1.920353e-01;1.706656e-01;9.797700e-02;3.185837e-02;9.251419e-02;3.188299e-02
8.407994e-02;7.768713e-02;4.485368e-02;7.750138e-02;4.540600e-02;5.340458e-02;1.794566e-01;1.572285e-01;1.029474e-01;4.742080e-02;1.011574e-01;2.885658e-02
6.724784e-02;8.171602e-02;3.896526e-02;6.219793e-02;3.882429e-02;6.992334e-02;1.571708e-01;2.025725e-01;1.188269e-01;4.897100e-02;9.419860e-02;1.938542e-02
5.159280e-02;6.490252e-02;2.471812e-02;2.732720e-02;3.202760e-02;8.383282e-02;1.792862e-01;2.822702e-01;9.895112e-02;3.047133e-02;1.006832e-01;2.393683e-02
4.307088e-02;3.911911e-02;3.097763e-02;2.103178e-02;2.105523e-02;9.141880e-02;3.203443e-01;2.687176e-01;4.509319e-02;2.165972e-02;8.417247e-02;1.333938e-02
2.609842e-02;2.354056e-02;4.087431e-02;1.814740e-02;2.809111e-02;1.067208e-01;3.576565e-01;2.384493e-01;7.233841e-02;1.844463e-02;5.236580e-02;1.727273e-02
2.485312e-02;6.911416e-02;5.754667e-02;4.517198e-02;4.347013e-02;1.138722e-01;2.886873e-01;1.708857e-01;1.131614e-01;2.582001e-02;2.317047e-02;2.424677e-02
5.579916e-02;2.126306e-01;8.449868e-02;8.025499e-02;3.887531e-02;8.296090e-02;1.673271e-01;1.054730e-01;6.984223e-02;3.964628e-02;4.017039e-02;2.252119e-02
1.542316e-01;3.419764e-01;9.549573e-02;5.928629e-02;1.277103e-02;4.572549e-02;1.276163e-01;5.992848e-02;2.321823e-02;3.392534e-02;2.558601e-02;2.023922e-02
2.526325e-01;3.745499e-01;7.591865e-02;3.206661e-02;1.758348e-02;3.619367e-02;7.426737e-02;5.617317e-02;2.344920e-02;2.338914e-02;2.275216e-02;1.102418e-02
3.757579e-01;2.802773e-01;5.722377e-02;2.739425e-02;2.934649e-02;3.546321e-02;3.179037e-02;6.360411e-02;2.611153e-02;2.760291e-02;3.673584e-02;8.692321e-03
3.693242e-01;1.854483e-01;5.110465e-02;3.904629e-02;3.451642e-02;4.565490e-02;6.699380e-02;6.837269e-02;3.398684e-02;3.807726e-02;4.833756e-02;1.913712e-02
2.557732e-01;2.458520e-01;4.845163e-02;3.812420e-02;2.368180e-02;6.199426e-02;1.176438e-01;6.134416e-02;2.479902e-02;3.436556e-02;6.160139e-02;2.636888e-02
1.600944e-01;1.837749e-01;4.714649e-02;4.433467e-02;4.076917e-02;7.994629e-02;1.817056e-01;8.187042e-02;2.845903e-02;4.828267e-02;6.032190e-02;4.329436e-02
1.456267e-01;1.683756e-01;6.903356e-02;4.184626e-02;4.316901e-02;7.938495e-02;2.177227e-01;9.375208e-02;4.156595e-02;4.373917e-02;3.172684e-02;2.405715e-02
1.467305e-01;1.251106e-01;4.700842e-02;4.800214e-02;3.479950e-02;6.800780e-02;1.234176e-01;1.786828e-01;3.666469e-02;5.697985e-02;9.741601e-02;3.718007e-02
9.034750e-02;1.583485e-01;4.507581e-02;2.732237e-02;2.710992e-02;5.186583e-02;1.626709e-01;1.487134e-01;4.686268e-02;1.008026e-01;1.224453e-01;1.843532e-02
9.618592e-02;1.550252e-01;6.473936e-02;3.242669e-02;2.832630e-02;3.820238e-02;1.593118e-01;9.740579e-02;5.619137e-02;1.548245e-01;1.007416e-01;1.661927e-02
6.303719e-02;1.367127e-01;8.263724e-02;3.788800e-02;2.898910e-02;4.322197e-02;1.569509e-01;8.088730e-02;4.275921e-02;2.437858e-01;6.513481e-02;1.799573e-02
2.994383e-02;1.208049e-01;6.885609e-02;2.806631e-02;1.711721e-02;6.247978e-02;1.082617e-01;8.839672e-02;1.026519e-01;3.040002e-01;4.679876e-02;2.262261e-02
5.350892e-02;1.257509e-01;2.758054e-02;1.715788e-02;2.650684e-02;7.188734e-02;4.953860e-02;9.345718e-02;1.940092e-01;2.497373e-01;6.512649e-02;2.573884e-02
1.010835e-01;1.036184e-01;1.633274e-02;1.262586e-02;7.054246e-02;6.047252e-02;2.354360e-02;1.644663e-01;1.911400e-01;1.546589e-01;7.952470e-02;2.199106e-02
1.657257e-01;5.329229e-02;1.362776e-02;9.770857e-03;1.174612e-01;3.651150e-02;4.015146e-02;3.497485e-01;7.277947e-02;6.269643e-02;6.189232e-02;1.634250e-02
1.715934e-01;4.558831e-02;1.482220e-02;6.606411e-03;1.070351e-01;2.499232e-02;1.014439e-01;4.117541e-01;2.967060e-02;4.273837e-02;3.248308e-02;1.127209e-02
1.486186e-01;5.200769e-02;1.760837e-02;8.685571e-03;9.310596e-02;3.492618e-02;1.711128e-01;3.442147e-01;2.991217e-02;3.667676e-02;4.655447e-02;1.657674e-02
1.144933e-01;6.409598e-02;2.205698e-02;1.346564e-02;9.236358e-02;5.216540e-02;2.323607e-01;2.237716e-01;4.103576e-02;3.579868e-02;8.981645e-02;1.857589e-02
8.277769e-02;6.734157e-02;3.389244e-02;2.046687e-02;8.579992e-02;5.154665e-02;2.766703e-01;1.441602e-01;7.411014e-02;2.519088e-02;1.166144e-01;2.142893e-02
1.181159e-01;2.788034e-02;3.929145e-02;2.019732e-02;4.850120e-02;4.874326e-02;2.338494e-01;2.262545e-01;8.917779e-02;6.639925e-02;6.617024e-02;1.541932e-02
1.550630e-01;6.753024e-02;2.933221e-02;1.007873e-02;2.306507e-02;5.502960e-02;1.835567e-01;2.061319e-01;8.922611e-02;9.655554e-02;6.754798e-02;1.688289e-02
1.802050e-01;7.387593e-02;1.853678e-02;1.421794e-02;6.998111e-02;5.965332e-02;1.421965e-01;1.998503e-01;8.050533e-02;9.364651e-02;4.840695e-02;1.892431e-02
1.502617e-01;6.089585e-02;1.614401e-02;1.253475e-02;8.132216e-02;5.258743e-02;8.367728e-02;2.977756e-01;7.257152e-02;8.635328e-02;7.150779e-02;1.436861e-02
1.081506e-01;3.927120e-02;2.239865e-02;1.208227e-02;5.634346e-02;6.175959e-02;1.473832e-01;3.447840e-01;4.768058e-02;7.152710e-02;8.028577e-02;8.333534e-03
8.426264e-02;8.329725e-02;2.997055e-02;4.174003e-02;4.657642e-02;1.097952e-01;1.765231e-01;2.386515e-01;5.322144e-02;4.323237e-02;5.599770e-02;3.673195e-02
1.354450e-01;1.367755e-01;3.262203e-02;4.005715e-02;9.008005e-02;1.406095e-01;1.466780e-01;1.439825e-01;6.029943e-02;1.810118e-02;3.266788e-02;2.268176e-02
1.756372e-01;1.544837e-01;2.174852e-02;1.441905e-02;1.160512e-01;1.321563e-01;1.106412e-01;1.718124e-01;5.553690e-02;1.131185e-02;2.705849e-02;9.143252e-03
1.778606e-01;1.040151e-01;1.291984e-02;1.639537e-02;1.089587e-01;7.630923e-02;8.721362e-02;2.736957e-01;8.185363e-02;2.579570e-02;1.963306e-02;1.534949e-02
1.392716e-01;4.372017e-02;8.261281e-03;4.678156e-02;6.204025e-02;3.231496e-02;1.154456e-01;3.409340e-01;8.935162e-02;5.549818e-02;1.928764e-02;4.709319e-02
1.152726e-01;2.202747e-02;5.927520e-03;8.992360e-02;3.192515e-02;2.099890e-02;1.713724e-01;2.623792e-01;5.350887e-02;1.003503e-01;2.347586e-02;1.028381e-01
1.214594e-01;1.986285e-02;4.238519e-03;1.276391e-01;1.599536e-02;1.555469e-02;2.442630e-01;1.065301e-01;1.479149e-02;1.393545e-01;1.968520e-02;1.706258e-01
1.107237e-01;1.638715e-02;2.513160e-03;1.235751e-01;5.706457e-03;1.379372e-02;2.657788e-01;1.110476e-01;2.015536e-02;1.324566e-01;2.224234e-02;1.756200e-01
1.057342e-01;2.110483e-02;5.079941e-03;1.093800e-01;6.368021e-03;2.669569e-02;3.011286e-01;9.712506e-02;1.892455e-02;1.392503e-01;1.346579e-02;1.557429e-01
8.783356e-02;3.518932e-02;1.103271e-02;7.027096e-02;1.731864e-02;4.613308e-02;3.070453e-01;1.277066e-01;3.012948e-02;1.287774e-01;4.277960e-02;9.578335e-02
6.204644e-02;4.639792e-02;1.395697e-02;4.502559e-02;2.318358e-02;4.824758e-02;3.439086e-01;1.401325e-01;4.965629e-02;1.246113e-01;7.123054e-02;3.160280e-02
1.770168e-01;8.683170e-02;1.692583e-02;2.754561e-02;3.344962e-02;2.444653e-02;2.098170e-01;2.294710e-01;4.503927e-02;5.826808e-02;4.719495e-02;4.399364e-02
1.955378e-01;7.935963e-02;1.864049e-02;1.173742e-02;5.733387e-02;1.756444e-02;7.267030e-02;3.621158e-01;5.589015e-02;3.058612e-02;6.948077e-02;2.908311e-02
1.848625e-01;4.524286e-02;1.933841e-02;1.007860e-02;9.133293e-02;8.724602e-03;3.850602e-02;4.199783e-01;4.529052e-02;1.900576e-02;1.105397e-01;7.099698e-03
1.654116e-01;4.975837e-02;1.417203e-02;1.107207e-02;1.164260e-01;7.289372e-03;4.502617e-02;4.106365e-01;1.260073e-02;1.374017e-02;1.497185e-01;4.148503e-03
1.305669e-01;9.725226e-02;1.162121e-02;1.525974e-02;9.188275e-02;2.065807e-02;6.181804e-02;3.291728e-01;7.526588e-02;1.945340e-02;1.331600e-01;1.388891e-02
1.243859e-01;1.604668e-01;1.556416e-02;2.987786e-02;4.115636e-02;4.822437e-02;8.697876e-02;1.936500e-01;1.502058e-01;3.445670e-02;8.951905e-02;2.551423e-02
1.900561e-01;1.917948e-01;1.834503e-02;2.704352e-02;2.133761e-02;6.130324e-02;6.888716e-02;1.196031e-01;1.626064e-01;3.645746e-02;6.862920e-02;3.393637e-02
2.614583e-01;1.955546e-01;2.035479e-02;1.469583e-02;3.157687e-02;5.268037e-02;3.795999e-02;1.463935e-01;1.122357e-01;2.340055e-02;7.285443e-02;3.083493e-02
2.581921e-01;1.872515e-01;1.979465e-02;9.252735e-03;4.272731e-02;4.563195e-02;4.892468e-02;1.717956e-01;5.178014e-02;2.793262e-02;1.179911e-01;1.872563e-02
1.540009e-01;1.451683e-01;1.519115e-02;1.898668e-02;4.311266e-02;3.140580e-02;7.275472e-02;2.116388e-01;1.028413e-01;3.718664e-02;1.485120e-01;1.920108e-02
1.760028e-01;1.340833e-01;1.999879e-02;3.049641e-02;4.281672e-02;2.294716e-02;8.970348e-02;2.179300e-01;9.751095e-02;3.791504e-02;1.068122e-01;2.378305e-02
1.636358e-01;1.520527e-01;3.186014e-02;3.133866e-02;2.832253e-02;3.906042e-02;8.045397e-02;2.125401e-01;7.584265e-02;3.964584e-02;1.017505e-01;4.349683e-02
1.733546e-01;1.220106e-01;1.944098e-02;4.540783e-02;3.312996e-02;5.925019e-02;8.244210e-02;1.733303e-01;1.120576e-01;4.673674e-02;8.757953e-02;4.525956e-02
1.859098e-01;1.123106e-01;2.433496e-02;5.320413e-02;4.374275e-02;6.614443e-02;8.086548e-02;9.904379e-02;1.310701e-01;6.066851e-02;1.067389e-01;3.596646e-02
1.861170e-01;1.177363e-01;3.505293e-02;4.782952e-02;5.534151e-02;4.759853e-02;6.998474e-02;9.496076e-02;1.189021e-01;6.504089e-02;1.162448e-01;4.519094e-02
1.238561e-01;1.141135e-01;3.845161e-02;7.786855e-02;4.446679e-02;3.949894e-02;8.857249e-02;1.468062e-01;1.227886e-01;6.078271e-02;1.036211e-01;3.917342e-02
5.335138e-02;1.158428e-01;2.999543e-02;9.936938e-02;3.887639e-02;8.189616e-02;1.121945e-01;1.687975e-01;1.275150e-01;5.962330e-02;8.560778e-02;2.693041e-02
8.944143e-02;1.069899e-01;1.507406e-02;8.403042e-02;3.984434e-02;1.077215e-01;1.163848e-01;1.247266e-01;1.762349e-01;7.096492e-02;5.181105e-02;1.677608e-02
1.141508e-01;8.620045e-02;3.154758e-02;6.885776e-02;3.708316e-02;8.682291e-02;1.048422e-01;9.937016e-02;1.867391e-01;8.224520e-02;8.419763e-02;1.794308e-02
1.308731e-01;8.082014e-02;3.832785e-02;6.352668e-02;2.855490e-02;6.909741e-02;1.408694e-01;1.314998e-01;1.375079e-01;6.219807e-02;9.466765e-02;2.205718e-02
1.188935e-01;7.859007e-02;4.518295e-02;7.530264e-02;3.127926e-02;7.675368e-02;1.336279e-01;1.396886e-01;1.059625e-01;6.918857e-02;9.974322e-02;2.578705e-02
9.436087e-02;4.899641e-02;5.056243e-02;1.270207e-01;5.332797e-02;9.091218e-02;1.202245e-01;1.008756e-01;8.300211e-02;9.383965e-02;1.079651e-01;2.891256e-02
6.936989e-02;3.937042e-02;4.756346e-02;1.374489e-01;5.750261e-02;1.008392e-01;1.310217e-01;1.118033e-01;1.067218e-01;8.816189e-02;8.739593e-02;2.280091e-02
6.136751e-02;7.273537e-02;5.552625e-02;7.841647e-02;5.254959e-02;8.781350e-02;1.220471e-01;1.152034e-01;1.823567e-01;8.588072e-02;7.584520e-02;1.025826e-02
9.888940e-02;6.134872e-02;6.166393e-02;4.191886e-02;5.105497e-02;8.321928e-02;1.174125e-01;1.200274e-01;1.744602e-01;1.080433e-01;6.239483e-02;1.956662e-02
1.517592e-01;1.423379e-01;2.849737e-02;4.795939e-02;5.086535e-02;6.628817e-02;1.393486e-01;1.363357e-01;5.026241e-02;9.231364e-02;8.447487e-02;9.557489e-03
2.463444e-01;1.810271e-01;1.991607e-02;3.605492e-02;2.903924e-02;2.953224e-02;1.209493e-01;1.022017e-01;2.349942e-02;6.093622e-02;1.435836e-01;6.915831e-03
3.592103e-01;1.962950e-01;1.709185e-02;2.822313e-02;1.152069e-02;2.108839e-02;8.960187e-02;7.175195e-02;1.563368e-02;4.232273e-02;1.381924e-01;9.067954e-03
4.702621e-01;2.202565e-01;2.348678e-02;1.771497e-02;7.932986e-03;1.751713e-02;5.509191e-02;6.374792e-02;1.666993e-02;3.351867e-02;6.418288e-02;9.618276e-03
5.502079e-01;2.332565e-01;2.812826e-02;5.345535e-03;1.049576e-02;1.159734e-02;3.428405e-02;6.342128e-02;1.609220e-02;1.962139e-02;2.090266e-02;6.647081e-03
6.007391e-01;2.170258e-01;2.202517e-02;8.963904e-03;1.045911e-02;1.224191e-02;3.037452e-02;6.116934e-02;1.471944e-02;9.908307e-03;4.324045e-03;8.049446e-03
6.022212e-01;2.035630e-01;1.479811e-02;1.288054e-02;4.868121e-03;1.638449e-02;2.983608e-02;6.260100e-02;1.523273e-02;1.049203e-02;2.017281e-02;6.949880e-03
6.042204e-01;2.123029e-01;9.312906e-03;6.469123e-03;8.020482e-03;1.425114e-02;2.823939e-02;6.818872e-02;1.319893e-02;9.203698e-03;2.080399e-02;5.788249e-03
5.854596e-01;2.196661e-01;1.108948e-02;8.426440e-03;1.765534e-02;1.037952e-02;2.743191e-02;7.874906e-02;1.013604e-02;8.766653e-03;1.558575e-02;6.654144e-03
5.480899e-01;2.389506e-01;1.360377e-02;3.871842e-03;4.587151e-02;7.320744e-03;1.599890e-02;9.454355e-02;1.104436e-02;8.976886e-03;7.540914e-03;4.187031e-03
4.946130e-01;2.682528e-01;1.338229e-02;2.738974e-03;7.025703e-02;5.227762e-03;8.670012e-03;9.584084e-02;1.766811e-02;7.668626e-03;1.238576e-02;3.294762e-03
4.505729e-01;3.040868e-01;1.657908e-02;3.096839e-03;6.986440e-02;4.895149e-03;2.351349e-02;8.176626e-02;1.881281e-02;6.896318e-03;1.411496e-02;5.800950e-03
4.239379e-01;2.884262e-01;1.811801e-02;7.502936e-03;6.967822e-02;1.097658e-02;5.183562e-02;7.431884e-02;1.874534e-02;1.018448e-02;2.102442e-02;5.251492e-03
4.241249e-01;2.554314e-01;2.114552e-02;1.069228e-02;7.635913e-02;1.725656e-02;6.518184e-02;7.093832e-02;1.309751e-02;1.216340e-02;2.793398e-02;5.675099e-03
4.350927e-01;2.923932e-01;2.688811e-02;3.128533e-03;7.729677e-02;1.203614e-02;4.215938e-02;6.264084e-02;7.180304e-03;7.246879e-03;3.147077e-02;2.466303e-03
4.071938e-01;3.576305e-01;2.215427e-02;7.019325e-03;6.190476e-02;9.241291e-03;5.766501e-02;3.753726e-02;6.924166e-03;7.442965e-03;2.244933e-02;2.837378e-03
3.424075e-01;4.110537e-01;2.648772e-02;1.691436e-02;3.947448e-02;2.044788e-02;6.078743e-02;3.198208e-02;1.895798e-02;7.507028e-03;1.834863e-02;5.631275e-03
2.787587e-01;4.319374e-01;3.719902e-02;3.371043e-02;2.405933e-02;5.502751e-02;5.026485e-02;2.557772e-02;2.647218e-02;1.096375e-02;1.562648e-02;1.040259e-02
1.836123e-01;2.708358e-01;6.632411e-02;5.257110e-02;2.405041e-02;1.127391e-01;7.817352e-02;7.342589e-02;2.931495e-02;2.472091e-02;6.142617e-02;2.280577e-02
1.025652e-01;1.241727e-01;6.878734e-02;7.785355e-02;6.416523e-02;1.436353e-01;9.608161e-02;8.761967e-02;5.012958e-02;3.310570e-02;9.275067e-02;5.913348e-02
6.123905e-02;7.236286e-02;4.721658e-02;7.243177e-02;1.306819e-01;1.268378e-01;9.180041e-02;7.907235e-02;1.139484e-01;2.270514e-02;6.374788e-02;1.179559e-01
7.545090e-02;6.174317e-02;3.515609e-02;4.094974e-02;1.636064e-01;1.027912e-01;7.801545e-02;6.115566e-02;1.894858e-01;1.942896e-02;1.395319e-02;1.582634e-01
1.285789e-01;2.601015e-02;2.812297e-02;1.620041e-02;1.076283e-01;1.438200e-01;1.126189e-01;6.326105e-02;1.824488e-01;6.650364e-02;1.166716e-02;1.131397e-01
1.615591e-01;2.787402e-02;1.258040e-02;1.635044e-02;2.474190e-02;2.370382e-01;1.601657e-01;8.812491e-02;8.298644e-02;1.386304e-01;1.583132e-02;3.411708e-02
1.621278e-01;2.848970e-02;1.064581e-02;1.798220e-02;2.601902e-02;2.794207e-01;1.687730e-01;9.659587e-02;2.966010e-02;1.592851e-01;1.237787e-02;8.622794e-03
1.593946e-01;2.555117e-02;9.151836e-03;1.749721e-02;1.678428e-02;2.900921e-01;2.083049e-01;9.011282e-02;3.758182e-02;1.165410e-01;1.121626e-02;1.777208e-02
1.383241e-01;2.566747e-02;1.531050e-02;1.830060e-02;2.466588e-02;2.736764e-01;2.773580e-01;8.861104e-02;4.800815e-02;4.217897e-02;2.068044e-02;2.721848e-02
9.583876e-02;2.319061e-02;2.013209e-02;1.754145e-02;3.286475e-02;2.091405e-01;3.140327e-01;1.122755e-01;4.630184e-02;6.285912e-02;3.603789e-02;2.978468e-02
9.149074e-02;4.047082e-02;2.384085e-02;2.022331e-02;4.513039e-02;1.877702e-01;2.788420e-01;1.226114e-01;5.511498e-02;5.436320e-02;4.059143e-02;3.955080e-02
1.539923e-01;4.659917e-02;2.812070e-02;1.285065e-02;4.774241e-02;2.104108e-01;1.753893e-01;7.750306e-02;6.397241e-02;8.305029e-02;3.709700e-02;6.327189e-02
1.827493e-01;4.632296e-02;2.060803e-02;9.005231e-03;4.503787e-02;1.967183e-01;1.663756e-01;8.005377e-02;7.085510e-02;1.191883e-01;3.113645e-02;3.194900e-02
1.677593e-01;4.643212e-02;2.757870e-02;1.485082e-02;5.555601e-02;1.977444e-01;1.603307e-01;7.319193e-02;7.593711e-02;1.242152e-01;4.501510e-02;1.138863e-02
1.546402e-01;5.869150e-02;3.362290e-02;1.554794e-02;5.768643e-02;1.789556e-01;1.004404e-01;6.626627e-02;8.851816e-02;1.557983e-01;5.839594e-02;3.143640e-02
1.467387e-01;1.335222e-01;2.848459e-02;1.773070e-02;3.307774e-02;1.116824e-01;1.520694e-01;1.206327e-01;4.383432e-02;1.414543e-01;4.652075e-02;2.425216e-02
1.969598e-01;2.619354e-01;3.924090e-02;1.638871e-02;1.579407e-02;7.767034e-02;1.647526e-01;1.152641e-01;1.895113e-02;3.969976e-02;4.002800e-02;1.331508e-02
2.779270e-01;3.352716e-01;3.891027e-02;1.070133e-02;1.546437e-02;5.967265e-02;1.240988e-01;7.014182e-02;1.714848e-02;1.693695e-02;2.938625e-02;4.340466e-03
3.930117e-01;3.550134e-01;2.868712e-02;5.197411e-03;1.942809e-02;4.275295e-02;7.153663e-02;4.092348e-02;9.817394e-03;1.205795e-02;1.824424e-02;3.329549e-03
4.956186e-01;3.089307e-01;1.327452e-02;4.437047e-03;2.034153e-02;5.489452e-02;3.038620e-02;3.734626e-02;9.271279e-03;9.655055e-03;1.260823e-02;3.236005e-03
5.001088e-01;2.984192e-01;1.734346e-02;3.288839e-03;1.300049e-02;7.893988e-02;2.381998e-02;3.464718e-02;1.220071e-02;7.209358e-03;7.197248e-03;3.824867e-03
4.655038e-01;3.112456e-01;1.842587e-02;4.891783e-03;1.559700e-02;8.820163e-02;2.454255e-02;4.216121e-02;9.594912e-03;6.483810e-03;9.427072e-03;3.924815e-03
4.165528e-01;3.438207e-01;2.445232e-02;5.099342e-03;3.846169e-02;5.868123e-02;2.918538e-02;4.365891e-02;1.032726e-02;1.409759e-02;1.353752e-02;2.125305e-03
3.235696e-01;3.953580e-01;2.942438e-02;1.536441e-02;5.537613e-02;3.233247e-02;4.651418e-02;3.309639e-02;2.167434e-02;2.957426e-02;1.551837e-02;2.197524e-03
1.912533e-01;4.737550e-01;3.622160e-02;3.362635e-02;4.435117e-02;3.546994e-02;3.928026e-02;2.773207e-02;4.685650e-02;3.974202e-02;2.434179e-02;7.369993e-03
1.269496e-01;4.635815e-01;6.824915e-02;5.947984e-02;2.363253e-02;5.486547e-02;2.787765e-02;2.652431e-02;8.058161e-02;4.092004e-02;1.800558e-02;9.332765e-03
8.396216e-02;3.689971e-01;7.264742e-02;5.961630e-02;3.214588e-02;8.198882e-02;7.302146e-02;3.010657e-02;1.045270e-01;4.731214e-02;2.568964e-02;1.998550e-02
3.665158e-02;2.931116e-01;5.080135e-02;3.279362e-02;3.052768e-02;1.018683e-01;1.121653e-01;7.075757e-02;1.398020e-01;9.728170e-02;1.526900e-02;1.897023e-02
3.945195e-02;2.120693e-01;1.611670e-02;1.876667e-02;8.354257e-03;9.638042e-02;7.963411e-02;7.306231e-02;2.179033e-01;1.725535e-01;5.494582e-02;1.076154e-02
4.575867e-02;1.616318e-01;1.576822e-02;1.699720e-02;1.228876e-02;8.470361e-02;3.613614e-02;3.401048e-02;2.662643e-01;1.748565e-01;1.248198e-01;2.676452e-02
5.355506e-02;1.742646e-01;1.334684e-02;1.465425e-02;1.347591e-02;9.036432e-02;2.030261e-02;3.727628e-02;2.793645e-01;9.931830e-02;1.577798e-01;4.629764e-02
6.832650e-02;2.631735e-01;1.284700e-02;1.915775e-02;1.753577e-02;1.190599e-01;1.816961e-02;3.284695e-02;2.698923e-01;2.965646e-02;1.027609e-01;4.657334e-02
7.319707e-02;3.232677e-01;1.296537e-02;1.908345e-02;1.327162e-02;1.336308e-01;1.751840e-02;2.875626e-02;2.823174e-01;3.008945e-02;4.568362e-02;2.021891e-02
6.319571e-02;3.287545e-01;1.081587e-02;1.799379e-02;1.250697e-02;1.563426e-01;1.450987e-02;2.301048e-02;3.244265e-01;1.283560e-02;2.114694e-02;1.446129e-02
4.690935e-02;3.118597e-01;9.566313e-03;1.458841e-02;6.565573e-03;1.907521e-01;1.239916e-02;1.707697e-02;3.265859e-01;1.507353e-02;1.752079e-02;3.110226e-02
3.667257e-02;2.857611e-01;2.451112e-02;1.097219e-02;5.197217e-03;2.026102e-01;1.210523e-02;1.878168e-02;2.998788e-01;3.353467e-02;2.030577e-02;4.966933e-02
2.892926e-02;2.346885e-01;7.707369e-02;1.180018e-02;6.678887e-03;1.579311e-01;1.976900e-02;2.927678e-02;2.360698e-01;1.065711e-01;2.706786e-02;6.414388e-02
4.920122e-02;1.280191e-01;1.597304e-01;1.089751e-02;1.513949e-02;5.322265e-02;5.534736e-02;2.731892e-02;1.210003e-01;2.850423e-01;3.890707e-02;5.617365e-02
7.132498e-02;5.983948e-02;1.582699e-01;2.888661e-02;1.563432e-02;2.737217e-02;7.829848e-02;2.527001e-02;8.385915e-02;3.633177e-01;6.388230e-02;2.404489e-02
6.554879e-02;4.578735e-02;9.144073e-02;5.637116e-02;1.290331e-02;2.736210e-02;6.212636e-02;6.196890e-02;1.316057e-01;2.868896e-01;1.417526e-01;1.624338e-02
6.300225e-02;7.364591e-02;6.205954e-02;8.623344e-02;1.045754e-02;3.469892e-02;4.639401e-02;9.728900e-02;1.341036e-01;1.709557e-01;1.976432e-01;2.351691e-02
1.170245e-01;1.888844e-01;6.493133e-02;1.058667e-01;9.616372e-03;4.141746e-02;5.952867e-02;6.599744e-02;8.441281e-02;4.509054e-02;2.014162e-01;1.581357e-02
1.718129e-01;2.828493e-01;6.704252e-02;7.535248e-02;1.245803e-02;2.595914e-02;5.897488e-02;4.172689e-02;4.066583e-02;5.486037e-02;1.495792e-01;1.871847e-02
1.551344e-01;3.144464e-01;6.992549e-02;5.351087e-02;1.270637e-02;3.319068e-02;8.511554e-02;6.572129e-02;3.132901e-02;3.947179e-02;1.233930e-01;1.605507e-02
1.088475e-01;3.705783e-01;1.046373e-01;3.481270e-02;1.488169e-02;4.510111e-02;6.737263e-02;7.146175e-02;4.695547e-02;3.413111e-02;8.615115e-02;1.506931e-02
1.697705e-01;3.812272e-01;1.185482e-01;2.689530e-02;1.271288e-02;4.516495e-02;3.726744e-02;3.280408e-02;5.800693e-02;3.627757e-02;6.522430e-02;1.610068e-02
1.386324e-01;3.080499e-01;1.092591e-01;4.984253e-02;3.461321e-02;5.145319e-02;6.367870e-02;4.173587e-02;5.845770e-02;4.884257e-02;6.960957e-02;2.582525e-02
5.709628e-02;1.907794e-01;9.518497e-02;5.764384e-02;8.360539e-02;7.144075e-02;1.437749e-01;8.009021e-02;4.759117e-02;6.597925e-02;4.434106e-02;6.247275e-02
4.180414e-02;1.352180e-01;6.631561e-02;4.479057e-02;1.441073e-01;9.238151e-02;1.693852e-01;6.671409e-02;4.098569e-02;5.171596e-02;3.553416e-02;1.110476e-01
5.169790e-02;7.210192e-02;4.490456e-02;5.645340e-02;1.734378e-01;1.013204e-01;1.673035e-01;5.601579e-02;3.403823e-02;3.185987e-02;7.093547e-02;1.399311e-01
6.213683e-02;1.369087e-01;5.176716e-02;7.923477e-02;1.079022e-01;7.636461e-02;1.634817e-01;7.816798e-02;1.705682e-02;2.587811e-02;9.904099e-02;1.020601e-01
1.027675e-01;2.272800e-01;5.602490e-02;7.369296e-02;4.416158e-02;1.010980e-01;1.467036e-01;7.954621e-02;1.737909e-02;2.414927e-02;7.192530e-02;5.527150e-02
1.611588e-01;2.960841e-01;5.990851e-02;4.216811e-02;4.223852e-02;1.401212e-01;9.097843e-02;5.014696e-02;3.262670e-02;1.920574e-02;3.585294e-02;2.950994e-02
2.298495e-01;2.971438e-01;4.293529e-02;2.294682e-02;6.302042e-02;1.478874e-01;4.603672e-02;2.522508e-02;5.311636e-02;2.149604e-02;2.069329e-02;2.964917e-02
2.720523e-01;2.734430e-01;2.876204e-02;2.820452e-02;1.140971e-01;7.087705e-02;4.244234e-02;3.816945e-02;4.618235e-02;3.287577e-02;1.962530e-02;3.326887e-02
2.625998e-01;3.002572e-01;3.557854e-02;3.047831e-02;1.118521e-01;4.083486e-02;4.373270e-02;3.968508e-02;3.345964e-02;3.875750e-02;3.416631e-02;2.859799e-02
2.475301e-01;3.042104e-01;2.350475e-02;2.514289e-02;8.507434e-02;7.403841e-02;6.265816e-02;4.470957e-02;3.783705e-02;4.490837e-02;3.186331e-02;1.852262e-02
1.417910e-01;2.322781e-01;7.083433e-02;4.386696e-02;7.477881e-02;1.079729e-01;8.582275e-02;6.192659e-02;5.017790e-02;4.891562e-02;6.614338e-02;1.549159e-02
4.914665e-02;1.251763e-01;9.784894e-02;9.499238e-02;1.006930e-01;9.750825e-02;1.189334e-01;8.682133e-02;3.243235e-02;4.398422e-02;1.211486e-01;3.131461e-02
3.243397e-02;1.251293e-01;7.887807e-02;1.181176e-01;1.031936e-01;7.146089e-02;1.123230e-01;1.095433e-01;1.787648e-02;3.597810e-02;1.240192e-01;7.104642e-02
4.773520e-02;1.231399e-01;6.376012e-02;1.351976e-01;1.265891e-01;7.017196e-02;6.484737e-02;6.801404e-02;1.399349e-02;3.198827e-02;1.168533e-01;1.377095e-01
4.456076e-02;1.259800e-01;4.387091e-02;1.548878e-01;1.443353e-01;6.169482e-02;4.001520e-02;8.615005e-02;1.386113e-02;3.266514e-02;1.286938e-01;1.232851e-01
3.816295e-02;1.297185e-01;6.865685e-02;1.921510e-01;1.310551e-01;3.716938e-02;3.160087e-02;1.263640e-01;7.497857e-03;1.650838e-02;1.566856e-01;6.442954e-02
2.532365e-02;1.406130e-01;1.035930e-01;2.215590e-01;1.135409e-01;5.822018e-02;2.790224e-02;1.222264e-01;8.574571e-03;1.136793e-02;1.298362e-01;3.724302e-02
1.730372e-02;1.975191e-01;1.276380e-01;1.838546e-01;1.047671e-01;5.907251e-02;4.603503e-02;9.482452e-02;7.645874e-03;1.752845e-02;9.412808e-02;4.968306e-02
5.303479e-02;2.263700e-01;1.156758e-01;1.280043e-01;1.030045e-01;4.927137e-02;7.639648e-02;5.770754e-02;1.161943e-02;2.977072e-02;7.050364e-02;7.864143e-02
1.034176e-01;2.210365e-01;7.095005e-02;1.041356e-01;7.155211e-02;4.490536e-02;6.850211e-02;8.243164e-02;1.335067e-02;3.264606e-02;9.184475e-02;9.522747e-02
8.935482e-02;2.075351e-01;6.243256e-02;1.133425e-01;4.105899e-02;6.140948e-02;6.706881e-02;1.150218e-01;2.900452e-02;2.940424e-02;1.214921e-01;6.287515e-02
1.114972e-01;2.371038e-01;7.098659e-02;8.616774e-02;5.322080e-02;4.515068e-02;1.280551e-01;8.266867e-02;4.271138e-02;3.551796e-02;7.506513e-02;3.185497e-02
1.528570e-01;3.218764e-01;8.334734e-02;5.403365e-02;5.849940e-02;4.394569e-02;1.092427e-01;3.197534e-02;3.923206e-02;4.119535e-02;4.088580e-02;2.290927e-02
2.021496e-01;3.931822e-01;5.508872e-02;3.439645e-02;4.335168e-02;4.825810e-02;5.693240e-02;3.393407e-02;3.923051e-02;3.262204e-02;3.519715e-02;2.565711e-02
2.960977e-01;3.963687e-01;2.990362e-02;3.451036e-02;3.268940e-02;3.864452e-02;2.791129e-02;3.615081e-02;3.921365e-02;2.107406e-02;2.759310e-02;1.984283e-02
3.812512e-01;3.555335e-01;3.049535e-02;2.971938e-02;3.956416e-02;2.199331e-02;1.375235e-02;5.150694e-02;2.092281e-02;1.968218e-02;2.343346e-02;1.214540e-02
4.400952e-01;3.041684e-01;2.815857e-02;1.892286e-02;4.209531e-02;1.025866e-02;1.844674e-02;7.649710e-02;8.227774e-03;1.930416e-02;2.461703e-02;9.208204e-03
4.704235e-01;2.475176e-01;1.318891e-02;1.860728e-02;3.255682e-02;1.157114e-02;3.871328e-02;7.481024e-02;6.564320e-03;2.563809e-02;4.247167e-02;1.793705e-02
4.302401e-01;2.011518e-01;1.637991e-02;2.701293e-02;1.806617e-02;1.829267e-02;6.798539e-02;4.413162e-02;1.545122e-02;3.690030e-02;9.942463e-02;2.496330e-02
3.589460e-01;1.273826e-01;1.762276e-02;1.920633e-02;1.952419e-02;2.041166e-02;6.810585e-02;2.022740e-02;3.521220e-02;3.787765e-02;2.500435e-01;2.543981e-02
2.462041e-01;7.486334e-02;2.413889e-02;1.605985e-02;2.410672e-02;3.149620e-02;4.675259e-02;2.505722e-02;4.834520e-02;4.115618e-02;4.064791e-01;1.534059e-02
1.563719e-01;3.382184e-02;2.211695e-02;1.718879e-02;2.766667e-02;4.912278e-02;6.109995e-02;7.135566e-02;4.970726e-02;6.572780e-02;4.367295e-01;9.090879e-03
1.178445e-01;4.368856e-02;3.338506e-02;1.639250e-02;2.320765e-02;5.236319e-02;9.653173e-02;1.288495e-01;3.568951e-02;7.222540e-02;3.700236e-01;9.798767e-03
8.365998e-02;3.134385e-02;4.126673e-02;2.389859e-02;2.230054e-02;5.002714e-02;1.081736e-01;1.743564e-01;4.695182e-02;6.353868e-02;3.478153e-01;6.667406e-03
6.058687e-02;2.356291e-02;3.875939e-02;7.862578e-02;3.200523e-02;3.227608e-02;8.303799e-02;2.253121e-01;8.985876e-02;6.996588e-02;2.590941e-01;6.914943e-03
5.129937e-02;1.925485e-02;3.001931e-02;1.194560e-01;5.330341e-02;2.425695e-02;1.133907e-01;2.975599e-01;1.105214e-01;6.513312e-02;1.077775e-01;8.027525e-03
3.919993e-02;2.262068e-02;3.891616e-02;9.111223e-02;7.262064e-02;3.505175e-02;1.455650e-01;3.850015e-01;7.877567e-02;4.164293e-02;3.400043e-02;1.549306e-02
1.448342e-02;3.771548e-02;5.178511e-02;4.315778e-02;5.689111e-02;4.730794e-02;1.952562e-01;4.437072e-01;3.618006e-02;2.324989e-02;2.731269e-02;2.295313e-02
1.518650e-02;5.199351e-02;5.327349e-02;2.384942e-02;2.121561e-02;4.285979e-02;2.233942e-01;4.490863e-01;4.463746e-02;3.451244e-02;1.511731e-02;2.487396e-02
1.086680e-02;6.539307e-02;4.521558e-02;1.679315e-02;7.399763e-03;2.312697e-02;2.429650e-01;4.447201e-01;5.087391e-02;4.304043e-02;2.685497e-02;2.275027e-02
1.027243e-02;8.193750e-02;3.147669e-02;2.539545e-02;6.623292e-03;2.042735e-02;2.816797e-01;4.186057e-01;3.749437e-02;3.454838e-02;3.721977e-02;1.431944e-02
1.619812e-02;9.549543e-02;1.828141e-02;3.407101e-02;1.567587e-02;2.965777e-02;3.348330e-01;3.718451e-01;2.079667e-02;1.815072e-02;3.684907e-02;8.145882e-03
2.030748e-02;1.119131e-01;1.322766e-02;2.131042e-02;2.196153e-02;4.397822e-02;3.884902e-01;3.228162e-01;1.700372e-02;9.736587e-03;2.519403e-02;4.060865e-03
3.556601e-02;1.111763e-01;1.061899e-02;1.074743e-02;1.857421e-02;6.155442e-02;4.285388e-01;2.744367e-01;2.023108e-02;9.148273e-03;1.784821e-02;1.559546e-03
6.688867e-02;9.561174e-02;1.814408e-02;1.752560e-02;1.632262e-02;8.122434e-02;4.277449e-01;2.240595e-01;1.834285e-02;1.139670e-02;1.930182e-02;3.437261e-03
1.067946e-01;8.047682e-02;3.081208e-02;3.113963e-02;2.265243e-02;9.163332e-02;3.628982e-01;2.256718e-01;1.526890e-02;1.593757e-02;1.116843e-02;5.546345e-03
1.291158e-01;1.290923e-01;4.959302e-02;3.772173e-02;2.824285e-02;9.850486e-02;1.691632e-01;2.649829e-01;2.691760e-02;2.370841e-02;3.306873e-02;9.888683e-03
7.041977e-02;4.626833e-02;3.895116e-02;3.117818e-02;2.285806e-02;5.584216e-02;3.431031e-01;2.639250e-01;2.141735e-02;1.438291e-02;8.070472e-02;1.094931e-02
1.288221e-01;8.356305e-02;3.831641e-02;3.964143e-02;1.784404e-02;3.846593e-02;3.118448e-01;2.405245e-01;2.506145e-02;2.266628e-02;4.680095e-02;6.448989e-03
2.013326e-01;1.033809e-01;4.866133e-02;3.741613e-02;2.966657e-02;7.727192e-02;1.454051e-01;1.954152e-01;4.889977e-02;3.297772e-02;6.709821e-02;1.247446e-02
2.215396e-01;3.815916e-02;3.386968e-02;1.785365e-02;3.173352e-02;9.217303e-02;2.848099e-01;1.582582e-01;3.986965e-02;1.990263e-02;5.256385e-02;9.267123e-03
2.815459e-01;5.474010e-02;2.214080e-02;1.788680e-02;2.624714e-02;9.596647e-02;3.183771e-01;1.211033e-01;2.034328e-02;1.307398e-02;1.785192e-02;1.072314e-02
3.644051e-01;6.030324e-02;1.407159e-02;1.371661e-02;2.323159e-02;8.691866e-02;2.697297e-01;7.069033e-02;1.496120e-02;1.023126e-02;5.594500e-02;1.579568e-02
4.203469e-01;6.943935e-02;1.238297e-02;1.256612e-02;1.937682e-02;8.175316e-02;2.310607e-01;4.628900e-02;2.346753e-02;9.036132e-03;5.593505e-02;1.834623e-02
3.883564e-01;7.513227e-02;1.437583e-02;1.696383e-02;2.178464e-02;8.101559e-02;2.444365e-01;4.762132e-02;3.791865e-02;1.152311e-02;4.511153e-02;1.576030e-02
2.630095e-01;7.251358e-02;2.100823e-02;2.039236e-02;3.561906e-02;8.740417e-02;2.804942e-01;6.779753e-02;4.795499e-02;1.664503e-02;7.017618e-02;1.698519e-02
1.290877e-01;7.079730e-02;3.134296e-02;2.588510e-02;4.739915e-02;9.141216e-02;2.679360e-01;8.928446e-02;4.712933e-02;2.371639e-02;1.462930e-01;2.971648e-02
1.468098e-01;6.288952e-02;3.894411e-02;2.079044e-02;4.086999e-02;9.791069e-02;2.225791e-01;7.763891e-02;4.731889e-02;2.703726e-02;1.663550e-01;5.085634e-02
1.689109e-01;7.495822e-02;3.354989e-02;3.145424e-02;4.026571e-02;9.785249e-02;2.592598e-01;7.482009e-02;4.885614e-02;3.441203e-02;9.531391e-02;4.034660e-02
2.079445e-01;9.719063e-02;3.546453e-02;3.864176e-02;4.087615e-02;7.240009e-02;2.372956e-01;1.030994e-01;4.419643e-02;3.897398e-02;5.072608e-02;3.319089e-02
