6.725986e-02;5.868621e-02;1.011730e-01;1.112014e-01;4.199234e-02;1.050977e-01;9.005637e-02;1.450053e-01;6.525508e-02;1.013157e-01;6.440773e-02;4.854943e-02
4.674822e-02;6.548965e-02;1.111162e-01;9.595609e-02;5.472103e-02;1.040542e-01;9.740273e-02;1.311304e-01;5.742859e-02;1.424734e-01;5.068466e-02;4.279488e-02
3.577220e-02;6.609099e-02;1.029267e-01;7.191429e-02;7.507754e-02;1.132976e-01;1.148736e-01;7.919825e-02;8.462587e-02;1.590618e-01;4.650624e-02;5.065490e-02
6.451105e-02;5.881009e-02;3.524364e-02;4.882869e-02;1.075925e-01;8.531768e-02;1.201525e-01;6.855483e-02;1.375250e-01;1.435704e-01;6.352059e-02;6.637318e-02
6.931322e-02;3.161821e-02;9.656245e-02;6.591417e-02;8.984442e-02;5.953059e-02;1.544465e-01;1.073820e-01;6.697679e-02;1.136977e-01;8.659627e-02;5.811771e-02
6.022405e-02;5.935822e-02;1.165654e-01;6.584530e-02;6.044101e-02;4.707192e-02;1.666611e-01;1.093551e-01;1.309396e-01;8.233840e-02;5.287404e-02;4.832585e-02
1.024120e-01;1.015390e-01;8.865262e-02;4.422145e-02;5.489761e-02;6.788535e-02;1.042630e-01;9.975422e-02;1.737694e-01;7.821763e-02;4.525860e-02;3.912898e-02
1.475100e-01;1.089617e-01;7.651852e-02;6.220990e-02;4.386307e-02;6.836471e-02;7.335939e-02;1.195834e-01;1.219632e-01;8.137664e-02;4.903691e-02;4.725264e-02
1.537146e-01;8.406655e-02;8.544222e-02;5.879547e-02;4.517298e-02;6.068003e-02;7.713623e-02;1.217954e-01;1.305851e-01;7.425209e-02;5.141352e-02;5.694583e-02
1.093631e-01;6.819657e-02;9.516756e-02;4.136876e-02;6.936900e-02;6.961595e-02;7.870361e-02;9.718635e-02;1.895966e-01;6.215882e-02;5.644955e-02;6.282407e-02
8.894827e-02;7.583333e-02;1.034511e-01;6.366098e-02;6.669219e-02;9.680670e-02;8.521558e-02;9.868287e-02;1.431081e-01;5.581721e-02;5.890114e-02;6.288261e-02
1.226153e-01;6.255591e-02;1.023067e-01;6.057637e-02;7.633337e-02;1.107951e-01;8.711521e-02;8.198421e-02;1.358699e-01;3.817161e-02;5.102169e-02;7.065454e-02
1.397164e-01;6.532763e-02;1.079970e-01;4.213523e-02;7.656445e-02;1.027004e-01;7.101801e-02;5.084412e-02;1.671213e-01;7.273600e-02;3.693736e-02;6.690203e-02
1.057363e-01;9.093088e-02;1.397117e-01;5.192025e-02;8.093818e-02;7.657025e-02;6.651784e-02;8.444460e-02;1.505784e-01;7.169883e-02;3.609426e-02;4.485850e-02
7.722422e-02;9.811310e-02;1.860792e-01;5.507131e-02;8.862787e-02;9.571880e-02;5.740399e-02;7.917874e-02;1.219620e-01;5.549150e-02;4.497094e-02;4.015825e-02
8.431830e-02;6.756655e-02;1.666075e-01;7.810872e-02;9.837315e-02;1.219132e-01;6.670375e-02;9.341660e-02;6.452154e-02;5.382047e-02;4.855660e-02;5.609359e-02
8.257598e-02;9.081879e-02;1.628215e-01;8.215190e-02;4.640276e-02;8.748311e-02;1.016037e-01;1.057604e-01;7.027327e-02;6.782042e-02;3.726892e-02;6.501922e-02
1.140997e-01;9.921694e-02;1.205954e-01;7.897619e-02;5.068990e-02;6.811465e-02;1.232243e-01;9.125192e-02;7.706063e-02;7.449791e-02;3.966489e-02;6.260765e-02
1.542922e-01;7.289501e-02;1.192861e-01;7.847346e-02;7.858853e-02;6.005194e-02;1.172058e-01;6.974435e-02;6.972386e-02;8.199966e-02;4.169532e-02;5.604367e-02
1.624985e-01;5.546558e-02;1.559344e-01;1.263663e-01;1.038453e-01;3.740925e-02;8.815553e-02;5.250888e-02;5.576585e-02;7.048872e-02;3.251100e-02;5.905062e-02
1.616265e-01;5.137597e-02;1.698895e-01;1.642504e-01;1.058385e-01;3.010408e-02;8.889709e-02;3.384640e-02;6.174218e-02;5.965698e-02;3.026702e-02;4.250538e-02
1.276580e-01;9.126844e-02;1.423175e-01;1.488997e-01;1.119678e-01;4.901696e-02;1.004300e-01;4.042869e-02;6.468034e-02;5.713944e-02;3.336341e-02;3.282974e-02
1.084145e-01;1.484071e-01;7.155167e-02;1.413576e-01;1.116486e-01;5.785186e-02;9.093475e-02;4.348629e-02;6.602343e-02;5.915186e-02;2.050272e-02;8.066958e-02
1.224092e-01;1.425980e-01;1.025283e-01;1.610179e-01;9.254411e-02;4.435541e-02;6.087884e-02;2.805422e-02;3.653400e-02;5.223849e-02;3.389795e-02;1.229436e-01
1.567911e-01;1.043017e-01;8.552334e-02;1.084773e-01;7.602758e-02;3.260204e-02;6.483112e-02;2.552484e-02;2.551747e-02;6.002481e-02;8.535180e-02;1.750268e-01
1.502322e-01;1.128994e-01;1.254380e-01;3.342182e-02;5.255067e-02;3.638437e-02;1.025652e-01;4.387366e-02;3.444058e-02;6.595460e-02;1.188724e-01;1.233671e-01
1.756923e-01;8.720033e-02;1.390410e-01;2.944235e-02;4.646308e-02;3.775706e-02;7.641679e-02;4.490063e-02;5.075347e-02;7.302210e-02;9.671441e-02;1.425964e-01
1.707081e-01;8.039913e-02;1.183978e-01;3.030277e-02;4.179636e-02;3.484103e-02;1.160167e-01;4.503391e-02;5.725669e-02;8.249065e-02;8.821355e-02;1.345433e-01
1.725780e-01;1.010291e-01;9.186437e-02;3.456633e-02;3.417316e-02;2.958294e-02;1.314082e-01;3.907945e-02;7.446772e-02;1.079731e-01;7.258254e-02;1.106951e-01
1.468035e-01;1.823389e-01;5.663367e-02;3.227559e-02;4.104319e-02;2.157184e-02;8.362965e-02;2.873401e-02;8.230844e-02;1.805110e-01;7.352407e-02;7.062618e-02
5.684353e-02;2.534400e-01;3.484499e-02;1.795129e-02;8.076271e-02;2.368963e-02;3.356141e-02;2.735665e-02;7.077568e-02;2.680072e-01;1.016006e-01;3.116633e-02
3.845980e-02;1.898257e-01;4.389062e-02;2.191183e-02;8.336725e-02;5.898152e-02;3.072989e-02;2.697861e-02;3.923078e-02;2.671602e-01;1.610010e-01;3.846287e-02
5.661421e-02;1.146519e-01;8.695318e-02;2.704912e-02;6.125623e-02;7.849492e-02;4.245506e-02;2.120305e-02;4.296318e-02;2.231428e-01;1.974048e-01;4.781150e-02
1.013947e-01;8.515595e-02;9.252194e-02;4.270733e-02;8.233280e-02;5.628726e-02;5.867314e-02;2.436792e-02;6.252269e-02;1.755432e-01;1.522865e-01;6.620649e-02
8.847568e-02;5.824272e-02;1.324600e-01;6.731849e-02;9.588794e-02;4.257673e-02;8.104089e-02;4.338709e-02;7.267959e-02;1.308215e-01;8.535770e-02;1.017517e-01
6.049654e-02;6.321370e-02;1.835772e-01;4.640410e-02;9.842641e-02;5.559912e-02;1.478126e-01;4.578345e-02;5.147762e-02;7.862978e-02;6.161711e-02;1.069623e-01
5.700818e-02;6.931391e-02;1.801078e-01;2.437973e-02;6.260536e-02;6.922646e-02;1.707838e-01;5.775089e-02;7.313481e-02;8.181839e-02;5.603765e-02;9.783305e-02
4.932661e-02;3.578396e-02;2.081127e-01;4.198296e-02;6.240369e-02;7.318308e-02;1.338496e-01;6.161774e-02;5.708634e-02;1.013072e-01;6.338341e-02;1.119628e-01
5.094076e-02;2.684795e-02;2.266354e-01;4.575857e-02;6.916866e-02;6.300457e-02;1.787491e-01;6.177608e-02;4.906406e-02;1.012146e-01;3.329911e-02;9.354119e-02
4.877356e-02;4.408743e-02;1.921380e-01;3.242629e-02;5.857483e-02;4.006517e-02;2.588523e-01;6.128104e-02;4.611593e-02;8.479725e-02;6.738814e-02;6.550004e-02
6.268558e-02;6.799795e-02;1.197377e-01;3.132052e-02;4.713990e-02;2.113875e-02;3.347507e-01;7.161913e-02;4.663568e-02;5.643003e-02;9.565832e-02;4.488564e-02
3.628138e-02;2.397145e-02;1.255556e-01;2.548839e-02;3.306083e-02;1.618781e-02;3.062699e-01;1.296985e-01;3.744340e-02;6.421711e-02;9.573671e-02;1.060890e-01
4.851798e-02;2.248323e-02;1.307646e-01;2.932937e-02;3.987134e-02;2.417630e-02;1.057675e-01;1.531747e-01;1.625903e-01;9.657165e-02;6.514730e-02;1.216057e-01
5.702589e-02;2.563168e-02;9.908365e-02;4.053445e-02;2.492847e-02;2.341700e-02;7.540338e-02;1.172346e-01;3.085227e-01;1.077986e-01;4.372211e-02;7.669754e-02
5.069284e-02;2.538867e-02;6.686738e-02;4.302736e-02;2.692795e-02;1.638798e-02;7.850331e-02;7.746556e-02;3.284479e-01;1.815327e-01;6.127216e-02;4.348620e-02
2.618327e-02;2.060173e-02;5.121323e-02;4.776378e-02;3.963292e-02;1.653507e-02;5.467029e-02;4.326107e-02;3.256630e-01;2.782429e-01;7.136022e-02;2.487246e-02
2.120024e-02;1.765285e-02;2.910960e-02;4.712053e-02;4.306882e-02;1.568010e-02;2.601500e-02;3.145767e-02;3.867820e-01;3.127941e-01;5.725966e-02;1.185946e-02
2.439604e-02;1.310842e-02;2.055614e-02;5.983553e-02;3.852642e-02;1.009243e-02;3.500751e-02;4.955329e-02;5.283970e-01;1.884010e-01;2.555312e-02;6.573108e-03
2.656180e-02;1.098231e-02;5.674230e-02;9.818988e-02;3.022113e-02;7.878525e-03;6.153892e-02;1.021333e-01;4.707687e-01;1.066054e-01;2.126539e-02;7.112470e-03
2.890614e-02;2.011200e-02;1.480428e-01;1.366842e-01;3.126888e-02;1.133636e-02;1.100920e-01;8.506739e-02;3.041276e-01;9.761781e-02;2.131793e-02;5.426952e-03
2.765498e-02;3.132567e-02;2.063756e-01;1.422425e-01;5.172300e-02;1.715345e-02;1.556002e-01;5.291745e-02;1.841616e-01;8.788157e-02;2.901148e-02;1.395267e-02
1.703697e-02;2.765908e-02;2.124303e-01;1.120288e-01;5.371099e-02;2.365738e-02;1.560044e-01;8.909182e-02;1.782664e-01;6.481687e-02;3.300684e-02;3.229013e-02
1.573262e-02;3.373828e-02;1.979438e-01;6.031184e-02;3.614000e-02;3.238052e-02;2.288945e-01;1.071822e-01;1.418406e-01;5.600373e-02;3.039887e-02;5.943301e-02
1.458159e-02;4.509773e-02;1.365021e-01;3.044026e-02;3.712442e-02;4.401504e-02;3.838267e-01;6.653252e-02;6.924037e-02;5.651901e-02;4.237742e-02;7.374296e-02
2.983398e-02;8.057176e-02;8.295843e-02;2.081045e-02;4.343947e-02;6.069522e-02;4.423918e-01;3.975568e-02;6.707682e-02;4.122142e-02;4.459124e-02;4.665379e-02
3.062568e-02;1.020216e-01;6.808130e-02;2.491906e-02;5.557823e-02;7.934590e-02;4.658036e-01;3.847212e-02;5.184290e-02;2.063229e-02;3.848340e-02;2.419394e-02
6.595317e-02;8.211314e-02;8.900648e-02;6.372907e-02;7.505784e-02;9.112897e-02;3.924550e-01;2.688269e-02;4.241984e-02;3.522945e-02;2.359056e-02;1.243381e-02
1.176129e-01;5.050183e-02;1.207529e-01;1.264931e-01;1.050326e-01;1.055300e-01;1.880963e-01;2.973624e-02;5.416925e-02;5.626836e-02;2.020492e-02;2.560159e-02
8.162930e-02;6.843431e-02;9.413332e-02;6.098153e-02;6.470370e-02;4.023549e-02;3.369677e-01;6.187573e-02;4.887962e-02;6.212671e-02;5.760800e-02;2.242455e-02
7.561989e-02;4.781675e-02;1.144046e-01;3.895367e-02;4.039893e-02;3.222772e-02;2.618017e-01;7.927832e-02;8.434831e-02;9.151553e-02;8.526342e-02;4.837115e-02
8.012671e-02;3.869928e-02;9.935790e-02;5.874885e-02;3.882219e-02;3.003603e-02;2.196559e-01;6.847320e-02;1.100869e-01;1.243520e-01;7.923146e-02;5.240947e-02
8.963667e-02;5.427399e-02;7.658309e-02;6.765634e-02;6.018221e-02;3.084150e-02;1.459361e-01;4.911638e-02;1.082165e-01;1.898779e-01;8.779635e-02;3.988297e-02
7.890719e-02;7.480059e-02;4.623280e-02;4.968601e-02;7.211501e-02;4.026940e-02;7.969321e-02;3.983779e-02;6.484662e-02;2.404420e-01;1.702295e-01;4.293993e-02
1.216085e-01;6.816705e-02;9.399953e-02;4.394108e-02;4.854997e-02;6.374312e-02;9.352969e-02;2.161469e-02;2.994247e-02;1.674145e-01;1.861736e-01;6.131579e-02
1.027583e-01;8.877426e-02;2.066830e-01;5.484268e-02;4.371430e-02;5.525116e-02;1.546187e-01;3.085026e-02;3.685560e-02;8.309698e-02;9.170806e-02;5.084665e-02
8.981265e-02;9.237000e-02;3.442507e-01;4.814542e-02;4.235933e-02;3.701629e-02;1.483143e-01;2.618775e-02;3.096773e-02;4.940603e-02;4.406689e-02;4.710291e-02
1.450860e-01;4.297119e-02;3.997771e-01;7.728310e-02;4.429867e-02;3.974458e-02;9.150740e-02;1.188360e-02;2.130846e-02;3.069977e-02;4.013125e-02;5.530884e-02
1.413549e-01;4.908694e-02;3.900499e-01;1.375656e-01;4.854053e-02;3.509223e-02;4.357558e-02;1.917577e-02;1.452431e-02;2.268056e-02;4.889399e-02;4.945977e-02
1.055057e-01;2.420328e-02;3.232532e-01;1.982676e-01;8.779402e-02;3.144200e-02;2.522316e-02;3.254288e-02;1.038503e-02;1.782357e-02;9.491935e-02;4.864025e-02
5.944341e-02;2.420417e-02;2.692966e-01;2.116595e-01;9.495322e-02;3.056266e-02;5.065634e-02;3.738696e-02;1.654981e-02;2.235870e-02;1.334332e-01;4.949552e-02
3.810878e-02;1.823928e-02;3.688913e-01;1.947512e-01;5.333011e-02;1.659997e-02;6.283423e-02;2.965731e-02;1.475295e-02;4.460579e-02;1.152626e-01;4.296650e-02
2.365466e-02;1.681743e-02;3.860246e-01;1.677122e-01;6.288882e-02;2.865332e-02;4.701753e-02;4.376142e-02;1.398354e-02;2.848797e-02;1.493134e-01;3.168514e-02
1.538985e-02;2.144783e-02;4.175892e-01;1.428919e-01;6.409396e-02;2.608797e-02;3.395012e-02;4.099771e-02;1.900254e-02;2.754719e-02;1.666879e-01;2.431370e-02
2.710360e-02;4.818521e-02;4.634738e-01;9.647562e-02;5.118588e-02;1.949435e-02;3.695731e-02;3.076052e-02;3.114542e-02;5.598782e-02;1.150322e-01;2.419834e-02
7.922521e-02;7.890070e-02;3.993338e-01;6.180735e-02;4.476953e-02;3.099014e-02;5.686922e-02;2.977784e-02;4.355562e-02;6.626526e-02;7.280253e-02;3.570282e-02
1.289496e-01;7.893108e-02;2.031842e-01;5.374305e-02;4.768637e-02;3.786967e-02;9.229847e-02;3.604851e-02;5.380352e-02;9.620928e-02;9.478624e-02;7.649000e-02
8.164659e-02;5.306908e-02;2.184087e-01;5.763799e-02;5.350909e-02;5.970652e-02;1.007573e-01;5.056831e-02;4.207836e-02;8.992233e-02;1.168712e-01;7.582457e-02
7.158932e-02;6.615885e-02;1.670982e-01;5.272377e-02;7.904176e-02;6.710078e-02;1.670546e-01;5.005737e-02;4.037359e-02;7.829610e-02;9.978694e-02;6.071872e-02
5.097889e-02;4.818206e-02;1.040286e-01;4.274096e-02;1.020209e-01;8.739319e-02;1.898692e-01;6.314799e-02;3.676542e-02;1.089964e-01;1.154443e-01;5.043206e-02
7.364929e-02;4.050273e-02;9.881003e-02;4.244319e-02;5.452413e-02;9.678852e-02;1.080739e-01;7.741540e-02;5.466095e-02;1.129854e-01;1.638458e-01;7.630068e-02
9.054957e-02;3.815659e-02;5.108552e-02;3.591919e-02;2.417972e-02;7.785298e-02;1.178432e-01;1.061773e-01;7.120607e-02;7.402274e-02;1.879253e-01;1.250818e-01
1.053177e-01;3.286400e-02;5.270154e-02;3.060541e-02;2.828990e-02;4.373262e-02;1.136939e-01;1.454831e-01;4.649779e-02;5.313578e-02;1.789493e-01;1.687290e-01
1.146680e-01;2.831015e-02;7.047824e-02;2.416683e-02;3.052737e-02;3.338487e-02;8.002103e-02;1.575216e-01;4.058440e-02;4.955888e-02;1.857460e-01;1.850326e-01
9.899700e-02;2.807068e-02;6.684142e-02;1.275076e-02;3.231834e-02;5.548736e-02;5.764848e-02;1.219780e-01;6.680452e-02;7.284232e-02;2.346755e-01;1.515856e-01
8.595530e-02;3.899324e-02;5.540909e-02;1.379349e-02;3.946577e-02;5.850603e-02;6.452371e-02;7.230800e-02;6.161114e-02;1.297599e-01;2.639442e-01;1.157301e-01
6.917152e-02;5.642766e-02;4.739507e-02;4.191989e-02;6.205589e-02;4.549962e-02;7.683708e-02;6.989277e-02;6.716938e-02;1.770813e-01;2.017857e-01;8.476408e-02
4.252943e-02;6.132859e-02;9.102400e-02;6.952512e-02;7.706566e-02;3.485398e-02;1.103148e-01;5.924051e-02;9.821725e-02;1.558731e-01;1.414826e-01;5.854495e-02
6.838463e-02;3.547094e-02;1.220964e-01;8.229437e-02;7.592425e-02;4.292716e-02;1.610598e-01;5.011875e-02;9.174718e-02;1.163481e-01;1.285238e-01;2.510467e-02
1.208951e-01;5.766788e-02;8.982427e-02;6.296939e-02;5.801423e-02;3.758993e-02;1.460570e-01;8.283047e-02;9.127638e-02;1.023931e-01;1.144446e-01;3.603774e-02
1.258755e-01;4.079739e-02;9.689774e-02;3.887445e-02;5.381574e-02;6.701928e-02;9.544931e-02;7.887058e-02;1.563604e-01;1.065895e-01;9.884942e-02;4.060065e-02
8.381750e-02;2.906039e-02;9.217350e-02;4.480277e-02;6.405021e-02;7.879498e-02;8.513929e-02;4.297776e-02;1.735336e-01;1.339727e-01;1.084913e-01;6.318588e-02
6.182732e-02;4.447312e-02;8.566988e-02;4.564465e-02;9.212257e-02;5.203541e-02;8.936068e-02;5.325822e-02;1.265703e-01;1.395349e-01;1.299449e-01;7.955800e-02
8.294371e-02;5.436042e-02;6.329569e-02;3.881006e-02;9.033424e-02;2.842303e-02;1.060866e-01;1.024858e-01;1.043948e-01;1.299628e-01;1.214636e-01;7.743914e-02
9.921657e-02;3.666167e-02;1.077575e-01;4.249127e-02;8.509637e-02;4.742667e-02;1.449303e-01;8.889629e-02;1.135364e-01;9.520322e-02;9.115442e-02;4.762929e-02
6.466953e-02;3.573688e-02;1.364965e-01;4.176222e-02;4.830680e-02;6.142155e-02;1.838587e-01;1.065365e-01;1.188357e-01;8.544473e-02;4.263802e-02;7.429292e-02
9.607893e-02;4.653677e-02;1.174860e-01;3.127782e-02;4.142293e-02;5.882725e-02;1.872773e-01;1.428756e-01;1.004013e-01;6.977601e-02;4.213049e-02;6.590950e-02
1.132574e-01;4.367756e-02;1.735628e-01;4.067817e-02;4.432437e-02;6.055550e-02;1.710102e-01;1.158313e-01;8.315628e-02;4.775206e-02;3.559451e-02;7.059990e-02
1.152969e-01;8.082850e-02;2.975993e-01;4.823408e-02;6.935892e-02;3.958206e-02;1.485225e-01;3.852266e-02;3.989414e-02;3.712187e-02;4.115069e-02;4.388838e-02
1.648836e-01;1.218871e-01;2.657774e-01;4.027439e-02;7.735827e-02;3.975770e-02;9.509251e-02;4.871231e-02;3.818760e-02;2.889020e-02;4.211573e-02;3.706318e-02
2.743242e-01;1.469086e-01;1.905780e-01;2.693818e-02;8.327284e-02;3.540139e-02;5.578297e-02;6.791119e-02;2.977590e-02;1.834683e-02;3.550828e-02;3.525158e-02
3.620513e-01;1.669687e-01;1.390918e-01;1.639304e-02;8.432848e-02;2.624237e-02;1.931874e-02;6.689557e-02;4.509365e-02;9.929348e-03;2.780209e-02;3.588486e-02
2.518282e-01;2.148719e-01;2.266690e-01;1.503762e-02;4.411551e-02;2.326878e-02;1.644836e-02;4.133151e-02;1.134349e-01;1.267652e-02;1.877504e-02;2.154267e-02
1.277736e-01;2.314414e-01;3.560824e-01;1.586127e-02;1.374871e-02;3.102108e-02;1.007754e-02;2.935789e-02;1.215880e-01;3.828401e-02;8.574082e-03;1.618994e-02
9.193562e-02;1.980236e-01;4.676489e-01;2.124330e-02;1.366085e-02;1.991148e-02;1.068988e-02;1.811996e-02;6.556372e-02;6.732415e-02;8.446089e-03;1.743241e-02
7.077935e-02;1.568566e-01;5.382946e-01;3.149703e-02;2.328374e-02;9.599724e-03;1.642395e-02;1.522746e-02;4.120063e-02;7.444848e-02;1.120047e-02;1.118791e-02
4.952534e-02;1.242991e-01;5.557534e-01;3.774245e-02;3.020507e-02;1.189001e-02;1.770575e-02;1.954027e-02;5.362764e-02;6.949956e-02;1.169409e-02;1.851728e-02
9.021398e-02;8.792441e-02;4.690077e-01;4.260829e-02;3.331679e-02;2.746771e-02;2.690812e-02;2.744679e-02;6.698421e-02;6.970935e-02;2.462148e-02;3.379118e-02
1.238515e-01;9.148343e-02;3.407051e-01;4.104603e-02;4.439943e-02;4.334657e-02;3.531965e-02;2.054041e-02;8.067007e-02;9.349696e-02;4.206812e-02;4.307275e-02
8.576882e-02;1.390705e-01;3.483070e-01;3.439783e-02;4.151055e-02;3.253493e-02;6.073825e-02;2.139847e-02;8.710800e-02;9.087530e-02;3.364128e-02;2.464917e-02
9.275215e-02;1.304625e-01;2.636403e-01;3.847281e-02;2.722410e-02;4.650493e-02;4.223400e-02;3.296119e-02;1.452270e-01;1.428280e-01;1.698066e-02;2.071233e-02
5.233348e-02;8.421556e-02;1.603840e-01;4.285547e-02;4.334899e-02;6.033429e-02;7.619124e-02;7.671784e-02;1.411375e-01;1.916861e-01;3.431714e-02;3.647843e-02
7.577655e-02;8.403990e-02;6.848661e-02;4.288679e-02;4.549322e-02;5.499297e-02;8.845861e-02;1.019838e-01;1.199819e-01;2.093596e-01;4.578690e-02;6.275314e-02
4.600786e-02;6.278870e-02;1.594671e-01;3.905112e-02;4.952966e-02;4.483167e-02;1.181736e-01;7.749437e-02;1.353255e-01;1.647364e-01;4.769426e-02;5.489976e-02
7.476263e-02;5.974534e-02;2.894145e-01;3.050551e-02;6.264080e-02;4.647096e-02;1.123836e-01;5.819966e-02;9.287120e-02;8.341528e-02;4.165211e-02;4.793839e-02
9.136168e-02;7.257339e-02;3.050710e-01;4.748477e-02;6.818844e-02;4.941539e-02;1.034536e-01;4.239486e-02;6.198858e-02;6.571532e-02;4.578244e-02;4.657044e-02
9.509971e-02;8.395159e-02;2.911703e-01;5.895879e-02;7.638671e-02;5.674517e-02;9.293325e-02;3.127126e-02;5.166450e-02;6.305975e-02;5.092331e-02;4.783566e-02
8.336730e-02;1.029474e-01;2.297172e-01;7.056297e-02;9.784624e-02;6.905355e-02;9.348866e-02;2.111996e-02;6.189128e-02;6.432329e-02;5.966298e-02;4.601910e-02
9.141553e-02;9.440306e-02;3.099200e-01;5.825852e-02;9.004554e-02;6.238933e-02;8.848206e-02;3.450138e-02;4.284376e-02;5.176679e-02;4.677674e-02;2.919730e-02
1.124589e-01;1.089415e-01;2.925717e-01;7.679296e-02;5.585196e-02;4.328548e-02;7.440105e-02;2.813865e-02;5.196117e-02;4.608010e-02;6.430574e-02;4.521072e-02
6.951576e-02;9.482051e-02;2.445347e-01;6.856419e-02;5.753134e-02;4.391054e-02;6.678186e-02;3.380907e-02;6.622106e-02;9.354021e-02;7.246156e-02;8.830909e-02
7.819289e-02;6.890330e-02;1.585071e-01;5.397512e-02;7.881718e-02;6.859820e-02;9.468962e-02;4.000282e-02;1.108652e-01;8.495712e-02;6.526912e-02;9.722233e-02
5.928129e-02;5.808005e-02;1.771554e-01;5.644377e-02;1.003685e-01;8.876815e-02;9.007159e-02;5.060450e-02;1.204235e-01;6.913745e-02;4.484653e-02;8.481926e-02
4.255700e-02;5.017371e-02;2.127419e-01;6.741095e-02;1.093490e-01;1.010451e-01;9.553933e-02;5.258683e-02;8.823393e-02;6.225910e-02;6.707430e-02;5.102890e-02
6.570236e-02;5.997219e-02;2.036425e-01;5.836039e-02;1.074744e-01;8.334788e-02;1.015960e-01;4.346892e-02;8.380061e-02;7.248983e-02;5.625115e-02;6.389381e-02
1.112068e-01;9.496985e-02;1.626007e-01;6.930228e-02;7.787354e-02;7.549535e-02;9.614762e-02;6.990846e-02;5.755122e-02;5.651418e-02;7.232683e-02;5.610311e-02
1.488812e-01;8.215921e-02;1.339402e-01;5.806416e-02;6.617166e-02;6.332811e-02;1.044227e-01;5.543223e-02;5.218061e-02;5.841279e-02;1.014479e-01;7.555938e-02
1.470857e-01;1.020479e-01;1.172964e-01;4.409980e-02;7.916058e-02;8.318195e-02;8.177543e-02;4.169077e-02;4.927857e-02;6.884826e-02;1.094225e-01;7.611220e-02
1.045866e-01;1.261923e-01;1.293540e-01;3.786146e-02;9.928381e-02;1.325845e-01;6.243708e-02;3.364033e-02;3.808013e-02;7.605893e-02;1.111589e-01;4.876200e-02
6.229223e-02;1.085188e-01;1.281599e-01;3.039948e-02;6.956294e-02;1.741466e-01;1.269963e-01;3.955619e-02;3.741899e-02;6.591944e-02;1.094409e-01;4.758829e-02
3.581251e-02;7.398324e-02;6.797993e-02;7.445259e-02;2.897246e-02;1.356294e-01;1.897335e-01;6.471318e-02;6.615203e-02;5.321235e-02;9.261416e-02;1.167447e-01
1.032933e-01;5.465834e-02;5.060335e-02;9.515931e-02;4.177635e-02;5.857148e-02;1.762085e-01;1.038778e-01;6.145184e-02;3.510078e-02;4.609946e-02;1.731994e-01
1.873032e-01;9.423800e-02;9.294163e-02;5.375572e-02;5.392619e-02;6.210396e-02;7.224989e-02;1.087504e-01;7.640704e-02;6.421684e-02;3.120455e-02;1.029026e-01
1.339148e-01;1.274644e-01;1.617243e-01;1.972746e-02;2.992566e-02;6.439462e-02;3.160095e-02;7.064205e-02;1.726955e-01;1.182035e-01;3.783250e-02;3.187412e-02
6.364620e-02;8.966738e-02;2.451395e-01;3.400619e-02;1.436695e-02;3.620635e-02;4.597751e-02;4.275849e-02;1.440415e-01;2.040345e-01;5.645227e-02;2.370319e-02
3.289599e-02;3.716118e-02;3.035319e-01;5.209759e-02;2.727625e-02;1.392747e-02;4.804800e-02;2.148266e-02;9.666422e-02;2.376943e-01;1.069559e-01;2.226459e-02
3.309200e-02;4.040076e-02;3.152227e-01;5.954528e-02;3.214394e-02;2.108919e-02;5.083695e-02;1.578980e-02;6.776499e-02;1.912897e-01;1.431932e-01;2.963150e-02
3.829811e-02;4.794484e-02;3.092838e-01;5.968571e-02;3.245470e-02;3.130987e-02;6.839626e-02;2.093263e-02;4.582946e-02;1.359885e-01;1.617825e-01;4.809367e-02
4.421983e-02;4.091377e-02;2.400009e-01;5.545916e-02;5.085482e-02;4.583697e-02;1.013342e-01;4.712733e-02;5.206620e-02;7.304683e-02;1.588398e-01;9.030024e-02
5.704871e-02;4.686080e-02;2.169922e-01;4.630920e-02;3.915776e-02;3.493693e-02;6.266103e-02;4.153591e-02;1.187063e-01;1.198191e-01;1.357116e-01;8.026042e-02
6.103265e-02;4.452195e-02;1.927860e-01;5.534365e-02;3.805553e-02;3.589232e-02;6.622322e-02;3.468189e-02;1.064618e-01;1.603081e-01;1.156834e-01;8.900949e-02
4.199234e-02;3.872253e-02;1.564902e-01;6.557520e-02;4.924199e-02;4.048134e-02;1.005750e-01;6.782366e-02;1.493205e-01;1.322832e-01;5.083879e-02;1.066552e-01
6.471852e-02;2.726435e-02;1.272040e-01;6.599578e-02;4.512536e-02;3.219533e-02;9.938823e-02;6.704398e-02;2.055017e-01;8.739194e-02;6.318085e-02;1.149899e-01
9.406228e-02;5.739324e-02;6.844780e-02;7.153320e-02;6.529219e-02;6.444743e-02;8.996223e-02;8.291309e-02;1.594441e-01;8.398251e-02;6.722426e-02;9.529769e-02
6.520295e-02;6.228790e-02;8.377180e-02;6.083281e-02;6.244651e-02;7.634303e-02;1.092150e-01;7.737748e-02;1.247453e-01;1.389628e-01;8.390895e-02;5.490541e-02
4.577615e-02;3.776411e-02;8.429141e-02;5.559609e-02;5.280449e-02;5.772566e-02;1.388454e-01;8.456486e-02;1.705655e-01;1.571176e-01;8.083011e-02;3.411855e-02
4.849440e-02;7.058766e-02;8.896723e-02;6.756859e-02;5.198497e-02;4.848665e-02;1.470282e-01;8.976246e-02;1.103658e-01;1.703560e-01;6.677467e-02;3.962343e-02
6.684058e-02;8.950873e-02;1.224224e-01;7.538667e-02;6.417622e-02;4.378920e-02;1.256613e-01;8.751070e-02;1.042729e-01;1.306551e-01;4.908314e-02;4.069305e-02
7.996376e-02;9.726444e-02;1.373129e-01;7.992543e-02;5.453209e-02;4.005779e-02;1.286891e-01;7.524744e-02;1.227010e-01;9.512896e-02;4.816429e-02;4.101282e-02
5.478296e-02;6.097576e-02;8.945771e-02;7.429680e-02;5.083385e-02;7.329158e-02;1.419999e-01;1.002316e-01;9.654649e-02;8.819559e-02;9.665502e-02;7.273278e-02
4.465878e-02;4.135709e-02;8.727017e-02;5.952208e-02;6.514689e-02;6.807082e-02;1.710334e-01;1.152853e-01;8.800752e-02;6.002855e-02;1.210713e-01;7.854813e-02
5.055456e-02;3.714287e-02;1.323655e-01;5.577736e-02;7.658608e-02;4.840307e-02;1.296922e-01;1.144383e-01;8.225819e-02;4.754478e-02;1.371045e-01;8.813256e-02
6.369505e-02;2.908169e-02;2.043592e-01;4.558643e-02;7.786604e-02;3.848768e-02;1.279293e-01;6.758603e-02;6.278634e-02;6.680981e-02;1.398504e-01;7.596207e-02
5.363699e-02;4.643575e-02;3.137083e-01;6.441461e-02;5.886708e-02;3.077463e-02;8.808146e-02;2.787737e-02;4.234536e-02;9.074976e-02;1.163329e-01;6.677574e-02
3.494273e-02;5.749030e-02;4.614955e-01;6.995640e-02;3.486049e-02;1.761146e-02;5.196926e-02;1.597166e-02;3.538844e-02;9.504224e-02;7.628155e-02;4.899001e-02
2.042970e-02;4.625962e-02;6.365739e-01;4.491920e-02;2.353510e-02;1.240550e-02;3.576916e-02;5.604304e-03;2.572341e-02;8.994645e-02;3.575216e-02;2.308150e-02
1.727238e-02;2.408230e-02;6.661022e-01;9.532669e-02;3.351454e-02;1.012188e-02;1.605054e-02;6.394604e-03;2.359070e-02;5.836800e-02;3.773637e-02;1.143973e-02
8.090072e-03;3.431008e-02;6.661365e-01;1.300920e-01;3.750049e-02;1.192769e-02;8.059233e-03;6.591992e-03;1.596492e-02;2.184733e-02;4.662697e-02;1.285274e-02
1.623013e-02;2.885968e-02;6.458167e-01;1.131345e-01;2.647380e-02;1.043591e-02;2.769120e-02;4.406142e-03;1.004319e-02;4.458535e-02;5.188779e-02;2.043561e-02
1.227373e-02;2.044567e-02;6.781503e-01;6.732532e-02;1.820985e-02;9.127574e-03;3.383555e-02;5.442330e-03;9.275188e-03;8.384961e-02;4.030488e-02;2.176001e-02
8.010001e-03;2.123362e-02;7.378252e-01;3.545956e-02;2.182794e-02;6.823695e-03;2.644879e-02;3.080743e-03;8.162638e-03;1.102828e-01;1.022019e-02;1.062486e-02
5.526687e-03;1.830719e-02;7.561618e-01;3.521579e-02;1.957941e-02;4.703575e-03;1.950482e-02;3.090482e-03;5.959519e-03;1.228919e-01;6.064070e-03;2.994690e-03
4.957079e-03;2.154530e-02;7.404578e-01;3.596244e-02;2.000616e-02;4.485502e-03;1.810357e-02;3.434282e-03;8.819538e-03;1.321165e-01;5.055945e-03;5.055925e-03
1.539216e-02;2.028813e-02;6.680785e-01;3.607671e-02;2.037987e-02;8.473448e-03;3.590416e-02;3.705615e-03;1.306848e-02;1.354768e-01;2.492052e-02;1.823552e-02
3.541674e-02;2.199012e-02;4.287550e-01;6.319990e-02;4.404321e-02;2.304519e-02;7.604723e-02;8.069441e-03;1.652040e-02;1.266097e-01;9.684442e-02;5.945868e-02
4.200802e-02;2.215103e-02;2.387660e-01;1.055099e-01;6.084584e-02;3.146455e-02;8.555481e-02;1.660887e-02;2.167535e-02;1.113677e-01;1.829082e-01;8.113967e-02
2.875625e-02;1.695128e-02;1.924578e-01;1.455673e-01;5.927273e-02;2.499837e-02;5.748813e-02;3.077208e-02;1.978142e-02;9.929167e-02;2.608112e-01;6.385168e-02
6.831278e-03;8.662748e-03;2.319617e-01;1.331943e-01;3.768197e-02;1.607766e-02;4.995309e-02;5.598224e-02;1.575644e-02;1.109191e-01;3.003860e-01;3.259347e-02
1.641029e-02;7.995637e-03;2.582410e-01;8.907682e-02;2.838927e-02;1.654323e-02;5.965028e-02;6.447729e-02;1.905247e-02;1.509697e-01;2.790722e-01;1.012183e-02
1.166398e-02;5.437381e-03;2.735621e-01;7.408830e-02;2.729858e-02;2.200844e-02;7.161023e-02;4.621577e-02;2.767935e-02;1.940700e-01;2.296310e-01;1.673493e-02
1.568568e-02;6.795494e-03;2.839679e-01;5.082700e-02;1.860366e-02;1.477914e-02;9.335114e-02;1.774599e-02;4.445452e-02;2.484263e-01;1.881379e-01;1.722533e-02
1.657399e-02;8.667566e-03;2.934020e-01;4.277232e-02;2.079332e-02;5.182615e-03;1.277693e-01;1.204722e-02;4.641346e-02;2.927953e-01;1.081050e-01;2.547797e-02
1.571207e-02;1.322981e-02;2.932939e-01;2.703555e-02;2.094896e-02;1.391955e-02;1.488850e-01;1.180208e-02;4.119937e-02;3.425209e-01;4.767330e-02;2.377961e-02
1.748576e-02;1.678505e-02;2.951386e-01;1.758711e-02;1.587346e-02;1.928718e-02;1.494225e-01;1.482389e-02;3.910367e-02;3.785651e-01;2.080514e-02;1.512252e-02
1.573585e-02;2.115824e-02;3.038350e-01;1.429746e-02;1.067623e-02;1.166580e-02;1.339651e-01;7.858424e-03;4.055632e-02;4.132048e-01;1.110790e-02;1.593875e-02
1.761439e-02;1.703673e-02;2.905116e-01;1.401489e-02;1.592709e-02;9.186204e-03;1.178392e-01;1.034891e-02;2.685017e-02;4.296307e-01;2.270788e-02;2.833214e-02
2.244501e-02;1.339349e-02;2.940668e-01;1.447431e-02;1.828127e-02;1.356136e-02;1.133512e-01;1.104653e-02;1.882490e-02;4.354652e-01;2.043913e-02;2.465078e-02
1.566867e-02;6.338269e-03;2.930902e-01;1.399862e-02;1.566618e-02;1.490830e-02;1.188045e-01;1.511365e-02;4.186988e-02;3.984039e-01;3.894879e-02;2.718903e-02
1.740615e-02;1.144164e-02;3.010647e-01;2.918546e-02;1.979836e-02;9.624535e-03;1.091113e-01;1.302272e-02;3.921404e-02;3.512340e-01;7.843065e-02;2.046645e-02
1.903217e-02;1.930280e-02;2.696832e-01;4.860161e-02;2.379998e-02;9.205976e-03;7.228536e-02;1.545348e-02;5.560525e-02;2.685838e-01;1.767904e-01;2.165607e-02
9.655589e-03;2.156031e-02;2.045604e-01;6.852201e-02;2.866955e-02;1.162018e-02;5.254309e-02;3.604879e-02;4.572584e-02;1.685513e-01;3.144091e-01;3.813384e-02
1.880667e-02;1.548121e-02;1.640229e-01;9.102871e-02;3.398259e-02;1.138656e-02;2.699956e-02;5.346280e-02;3.170152e-02;8.611068e-02;4.356787e-01;3.133807e-02
1.939396e-02;8.301764e-03;1.300898e-01;8.619237e-02;5.235249e-02;2.416517e-02;2.244418e-02;5.821208e-02;2.286726e-02;3.458624e-02;4.426493e-01;9.874535e-02
1.588034e-02;6.537225e-03;1.162881e-01;5.714781e-02;7.666797e-02;3.264828e-02;1.892900e-02;3.100485e-02;2.127569e-02;5.832247e-02;3.264554e-01;2.388429e-01
2.105005e-02;1.095820e-02;8.053217e-02;3.575844e-02;1.050921e-01;3.369239e-02;2.587725e-02;1.559818e-02;2.835524e-02;4.245403e-02;1.821640e-01;4.184680e-01
1.423015e-02;8.868244e-03;5.191832e-02;1.900769e-02;1.287742e-01;3.268985e-02;3.282997e-02;1.490431e-02;4.835530e-02;3.275184e-02;9.343900e-02;5.222311e-01
1.472538e-02;4.043221e-03;4.128696e-02;2.048216e-02;1.451850e-01;3.261534e-02;3.790485e-02;1.104285e-02;6.398506e-02;2.277389e-02;6.221633e-02;5.437390e-01
2.679640e-02;7.279606e-03;4.382119e-02;2.280207e-02;1.604374e-01;4.507786e-02;6.006558e-02;1.361177e-02;6.972783e-02;1.647990e-02;4.286706e-02;4.910333e-01
7.049806e-02;8.084992e-03;5.455068e-02;1.945213e-02;1.692519e-01;8.547634e-02;9.982016e-02;1.550074e-02;6.723716e-02;1.747835e-02;3.484331e-02;3.578061e-01
1.783977e-01;1.032277e-02;4.801361e-02;2.169696e-02;1.469663e-01;1.271448e-01;1.520939e-01;9.761130e-03;4.507530e-02;1.378876e-02;3.257348e-02;2.141653e-01
2.964107e-01;6.485381e-03;3.101667e-02;1.182640e-02;1.052859e-01;1.621831e-01;1.823836e-01;1.268442e-02;2.231523e-02;1.890965e-02;3.091714e-02;1.195817e-01
3.484420e-01;1.014190e-02;1.563601e-02;1.630863e-02;8.094484e-02;1.770777e-01;2.091219e-01;1.797506e-02;1.872095e-02;4.239850e-02;2.144341e-02;4.178920e-02
3.416193e-01;2.593879e-02;1.217445e-02;1.749649e-02;7.053310e-02;1.677522e-01;2.200935e-01;2.335460e-02;2.041176e-02;5.226833e-02;1.021278e-02;3.814472e-02
3.238347e-01;5.540081e-02;5.277346e-02;2.534422e-02;1.044102e-01;1.736334e-01;1.367451e-01;2.480271e-02;1.682532e-02;5.043172e-02;1.666038e-02;1.913797e-02
2.144382e-01;5.231676e-02;7.851581e-02;2.682472e-02;1.232927e-01;1.715993e-01;2.272567e-01;1.963747e-02;1.325637e-02;3.479601e-02;1.770623e-02;2.035973e-02
1.212223e-01;2.182940e-02;3.635904e-02;1.998306e-02;1.050502e-01;1.682895e-01;4.656700e-01;1.062327e-02;8.758055e-03;2.049539e-02;8.197152e-03;1.352266e-02
8.601458e-02;1.318836e-02;1.547050e-02;8.578587e-03;9.605256e-02;1.611279e-01;5.674324e-01;1.133526e-02;4.661078e-03;1.412455e-02;3.839580e-03;1.817470e-02
8.095698e-02;1.489077e-02;1.984269e-02;1.440198e-02;1.090887e-01;1.641571e-01;5.467852e-01;1.297077e-02;5.886699e-03;1.875901e-02;6.331906e-03;5.928063e-03
9.776562e-02;1.220462e-02;1.727857e-02;1.220519e-02;1.349624e-01;1.915212e-01;4.741652e-01;1.763017e-02;9.535041e-03;2.179364e-02;7.974539e-03;2.963886e-03
8.130929e-02;1.185711e-02;5.076072e-02;2.316162e-02;1.811817e-01;1.956600e-01;3.625649e-01;2.062635e-02;1.830376e-02;1.774380e-02;1.136123e-02;2.546947e-02
5.614915e-02;1.714050e-02;8.294217e-02;2.793989e-02;1.531924e-01;1.500344e-01;2.942021e-01;2.513774e-02;3.585264e-02;2.635975e-02;1.718720e-02;1.138620e-01
7.161520e-02;1.076326e-02;7.148685e-02;1.926076e-02;1.163325e-01;1.261217e-01;2.766561e-01;2.737970e-02;3.331327e-02;1.680934e-02;2.833565e-02;2.019257e-01
5.275803e-02;8.322359e-03;1.132910e-01;4.744688e-02;1.058083e-01;9.624896e-02;1.475146e-01;1.996654e-02;2.573844e-02;2.615565e-02;1.213613e-01;2.353878e-01
2.288003e-02;1.414634e-02;2.161362e-01;6.745811e-02;6.955769e-02;5.449742e-02;5.036732e-02;1.977179e-02;3.037426e-02;7.339121e-02;2.007288e-01;1.806908e-01
3.830018e-02;4.906055e-02;2.788791e-01;5.345589e-02;3.171297e-02;4.731967e-02;5.773357e-02;2.518803e-02;8.187104e-02;1.101852e-01;1.461405e-01;8.015322e-02
1.003099e-01;8.667652e-02;2.332024e-01;3.034821e-02;3.276140e-02;6.301249e-02;8.884875e-02;5.277743e-02;1.262854e-01;8.744768e-02;6.397711e-02;3.435269e-02
1.251727e-01;7.782611e-02;1.383911e-01;1.720115e-02;3.516417e-02;5.587937e-02;1.109466e-01;5.584289e-02;9.542462e-02;4.078465e-02;1.044335e-01;1.429330e-01
7.698350e-02;5.173598e-02;1.037868e-01;2.218748e-02;4.055877e-02;5.734364e-02;1.236007e-01;2.110977e-02;4.341580e-02;8.118109e-02;1.689880e-01;2.091084e-01
5.171800e-02;7.101794e-02;9.039365e-02;2.852127e-02;3.801123e-02;4.966060e-02;1.087545e-01;7.717774e-02;7.084604e-02;1.182684e-01;1.211591e-01;1.744716e-01
7.200461e-02;8.509990e-02;5.930167e-02;3.010480e-02;8.283098e-02;2.603832e-02;1.052948e-01;9.388088e-02;1.022065e-01;1.189183e-01;6.344201e-02;1.608773e-01
3.965306e-02;6.977842e-02;9.580503e-02;2.874841e-02;1.082144e-01;4.103337e-02;1.473786e-01;8.893912e-02;1.038771e-01;6.440245e-02;8.985810e-02;1.223119e-01
