5.148332e-02;4.984284e-02;1.282181e-01;7.889244e-02;8.197686e-02;8.188924e-02;1.154697e-01;6.283049e-02;1.753532e-01;8.511469e-02;3.583598e-02;5.309317e-02
7.225971e-02;5.739113e-02;1.426622e-01;5.625446e-02;7.605337e-02;1.162385e-01;9.164507e-02;6.449051e-02;1.515914e-01;9.559795e-02;2.808994e-02;4.772570e-02
5.482525e-02;5.389553e-02;1.112560e-01;6.205381e-02;1.212226e-01;1.304177e-01;7.730860e-02;8.207957e-02;1.155882e-01;1.091106e-01;3.487720e-02;4.736495e-02
3.885131e-02;4.123427e-02;1.187834e-01;6.712141e-02;1.420497e-01;9.039514e-02;9.882857e-02;9.273589e-02;1.106363e-01;1.099914e-01;4.515679e-02;4.421573e-02
3.804151e-02;4.532705e-02;1.441810e-01;9.839385e-02;1.466722e-01;6.516785e-02;9.343360e-02;7.880314e-02;1.096607e-01;1.034605e-01;3.359561e-02;4.326310e-02
2.268339e-02;4.619349e-02;1.708269e-01;1.031900e-01;1.345926e-01;1.031655e-01;7.298291e-02;6.391336e-02;1.164653e-01;9.466120e-02;3.040092e-02;4.092430e-02
5.389808e-02;6.364368e-02;1.550521e-01;8.406056e-02;1.073076e-01;1.055668e-01;6.300480e-02;8.163386e-02;1.105546e-01;8.443679e-02;3.403355e-02;5.680763e-02
1.150203e-01;7.773058e-02;1.096860e-01;5.015221e-02;7.395439e-02;9.091865e-02;1.683401e-01;4.400521e-02;8.482576e-02;9.830251e-02;5.238468e-02;3.467954e-02
1.140977e-01;3.432634e-02;1.179079e-01;7.342925e-02;1.207688e-01;9.249564e-02;1.696082e-01;3.693108e-02;7.541259e-02;7.254048e-02;4.604204e-02;4.643999e-02
1.303808e-01;6.403988e-02;1.020929e-01;9.850997e-02;1.393530e-01;9.967519e-02;1.136813e-01;3.604311e-02;8.594117e-02;4.826551e-02;3.379829e-02;4.821877e-02
1.107635e-01;7.585128e-02;1.120077e-01;9.634180e-02;2.378918e-01;9.079799e-02;6.103432e-02;3.508949e-02;8.077478e-02;3.050654e-02;1.721321e-02;5.172759e-02
4.950661e-02;4.743004e-02;8.409322e-02;5.636239e-02;3.508813e-01;8.027026e-02;1.151047e-01;2.314285e-02;1.099494e-01;1.712172e-02;1.077512e-02;5.536241e-02
2.232719e-02;2.486796e-02;7.424428e-02;4.288930e-02;3.723059e-01;1.048902e-01;1.194318e-01;1.958808e-02;1.398064e-01;2.122433e-02;7.871945e-03;5.055261e-02
5.172537e-02;1.448015e-02;9.814890e-02;4.333429e-02;2.603202e-01;1.766978e-01;1.377128e-01;5.469229e-02;9.185639e-02;3.139845e-02;6.631999e-03;3.300140e-02
1.087628e-01;1.215933e-02;7.520489e-02;5.159134e-02;1.243900e-01;2.349292e-01;2.113689e-01;8.116177e-02;3.132380e-02;5.175312e-02;4.984275e-03;1.237058e-02
1.163460e-01;2.876574e-02;4.082848e-02;5.785388e-02;5.092993e-02;1.899778e-01;3.576973e-01;6.863233e-02;1.471982e-02;4.688135e-02;1.812149e-02;9.245809e-03
7.680295e-02;5.161804e-02;1.690867e-02;3.533634e-02;3.410414e-02;1.133880e-01;5.111477e-01;5.579079e-02;2.783680e-02;3.183637e-02;3.608208e-02;9.148106e-03
4.509005e-02;4.777509e-02;4.216351e-02;1.804907e-02;5.700580e-02;1.092093e-01;5.219442e-01;4.543014e-02;3.239381e-02;2.923788e-02;4.295497e-02;8.746169e-03
5.109326e-02;2.851994e-02;1.137426e-01;4.328137e-02;9.674566e-02;1.380852e-01;3.507992e-01;4.637510e-02;2.204136e-02;3.101124e-02;4.751756e-02;3.078751e-02
5.622707e-02;6.212708e-02;1.668356e-01;6.859858e-02;1.115073e-01;1.112409e-01;1.832915e-01;5.154087e-02;3.423614e-02;4.588564e-02;6.025673e-02;4.825257e-02
4.128845e-02;9.514321e-02;1.853647e-01;7.846052e-02;1.075562e-01;6.102414e-02;1.360506e-01;5.340412e-02;4.976265e-02;7.137079e-02;7.348622e-02;4.708835e-02
7.906108e-02;7.473408e-02;1.449361e-01;7.968666e-02;8.403563e-02;6.172123e-02;2.259289e-01;6.963059e-02;3.172418e-02;7.206773e-02;5.355750e-02;2.291626e-02
5.175561e-02;3.293275e-02;9.905205e-02;1.009769e-01;9.438144e-02;9.892758e-02;3.160937e-01;6.835376e-02;4.218175e-02;3.074320e-02;3.651555e-02;2.808575e-02
4.960451e-02;3.077837e-02;1.005293e-01;8.000880e-02;1.261667e-01;1.271396e-01;2.862401e-01;5.022627e-02;3.643738e-02;4.919618e-02;3.682110e-02;2.685174e-02
7.096986e-02;2.152380e-02;8.345915e-02;6.693137e-02;1.209694e-01;1.024278e-01;1.429353e-01;5.400080e-02;1.651265e-01;9.180828e-02;3.228222e-02;4.756550e-02
7.504211e-02;2.848437e-02;7.488915e-02;6.898507e-02;1.141369e-01;8.683082e-02;7.813200e-02;4.978347e-02;1.983636e-01;1.276097e-01;4.133235e-02;5.641045e-02
7.256334e-02;5.742957e-02;6.256629e-02;5.209384e-02;9.998470e-02;7.390650e-02;7.788647e-02;8.481538e-02;1.777362e-01;1.431493e-01;4.554668e-02;5.232169e-02
8.542964e-02;8.012586e-02;8.073682e-02;3.371477e-02;8.447084e-02;6.521329e-02;1.045817e-01;1.132669e-01;1.244913e-01;1.371628e-01;4.553850e-02;4.526747e-02
9.469879e-02;6.560232e-02;1.363345e-01;4.783016e-02;7.767526e-02;7.815050e-02;8.775544e-02;9.381713e-02;9.934763e-02;1.252567e-01;5.033980e-02;4.319178e-02
8.110776e-02;3.328252e-02;2.040614e-01;4.800786e-02;9.854913e-02;1.007257e-01;8.786239e-02;6.071996e-02;7.590713e-02;1.109753e-01;5.941650e-02;3.938429e-02
4.022258e-02;2.100521e-02;2.888280e-01;7.560915e-02;1.372111e-01;1.231758e-01;6.698811e-02;5.863089e-02;3.683112e-02;6.634548e-02;5.719940e-02;2.795315e-02
1.448764e-02;2.408772e-02;2.868758e-01;6.398452e-02;1.811184e-01;1.210662e-01;1.238384e-01;4.796255e-02;2.806037e-02;4.528416e-02;2.762572e-02;3.560859e-02
8.690978e-03;1.452047e-02;1.974156e-01;4.711903e-02;2.394522e-01;9.892229e-02;2.529393e-01;2.371714e-02;3.217138e-02;2.551542e-02;7.494103e-03;5.204210e-02
5.311223e-03;5.135743e-03;1.386761e-01;4.760187e-02;2.830069e-01;9.022700e-02;3.111110e-01;1.000674e-02;2.613325e-02;1.383549e-02;2.598944e-03;6.635562e-02
6.105312e-03;3.018714e-03;1.317459e-01;5.282603e-02;3.006271e-01;8.633700e-02;2.992324e-01;7.079099e-03;1.874144e-02;1.876227e-02;5.585738e-03;6.993900e-02
4.187746e-03;3.375166e-03;1.273901e-01;5.501642e-02;3.006322e-01;7.838246e-02;3.131954e-01;8.223246e-03;1.802271e-02;1.530225e-02;6.857748e-03;6.941450e-02
4.100052e-03;2.630857e-03;1.383807e-01;5.743360e-02;2.931760e-01;7.913367e-02;3.163377e-01;1.206451e-02;1.451152e-02;1.818276e-02;2.226399e-03;6.182230e-02
9.176268e-03;1.205437e-02;1.865258e-01;6.117430e-02;2.277121e-01;8.944976e-02;2.559559e-01;1.736955e-02;2.273854e-02;5.943415e-02;1.113152e-02;4.727778e-02
2.059448e-02;2.945133e-02;2.226495e-01;6.109380e-02;1.373885e-01;1.049452e-01;2.279841e-01;2.471118e-02;3.240559e-02;8.725646e-02;2.225092e-02;2.926896e-02
4.951583e-02;5.296663e-02;1.978023e-01;5.867080e-02;9.973525e-02;1.141610e-01;2.083481e-01;3.389503e-02;4.377347e-02;8.909585e-02;3.073632e-02;2.129954e-02
1.669531e-01;6.764972e-02;9.004222e-02;5.223888e-02;7.794724e-02;1.104120e-01;1.726507e-01;5.610903e-02;4.962615e-02;7.122990e-02;4.192640e-02;4.321475e-02
1.310469e-01;4.934677e-02;2.587682e-01;3.972129e-02;7.964255e-02;8.871727e-02;1.144372e-01;2.715042e-02;8.892577e-02;4.915476e-02;3.528530e-02;3.780364e-02
5.742459e-02;4.988943e-02;3.729325e-01;5.102124e-02;8.602278e-02;7.184090e-02;7.971022e-02;4.081719e-02;9.663913e-02;4.732777e-02;2.388737e-02;2.248685e-02
2.009751e-02;3.309712e-02;3.295614e-01;8.092348e-02;1.144955e-01;8.730820e-02;8.357925e-02;6.471938e-02;6.545366e-02;8.492918e-02;2.272302e-02;1.311238e-02
4.523497e-03;1.978066e-02;2.391194e-01;7.251640e-02;1.691460e-01;9.196759e-02;1.912480e-01;5.239891e-02;2.733597e-02;9.780902e-02;1.602947e-02;1.812501e-02
5.675960e-03;7.194921e-03;1.689806e-01;4.111997e-02;2.177321e-01;7.537823e-02;3.577060e-01;1.890973e-02;2.554039e-02;5.258234e-02;4.731752e-03;2.444802e-02
8.483790e-03;3.552894e-03;1.152292e-01;2.522331e-02;2.362440e-01;7.676724e-02;4.183401e-01;7.745025e-03;6.565581e-02;1.497884e-02;2.189774e-03;2.559001e-02
6.759048e-03;4.046987e-03;9.218059e-02;1.802171e-02;2.215400e-01;1.038156e-01;3.791520e-01;1.946596e-02;1.229883e-01;7.297673e-03;5.250686e-03;1.948132e-02
1.936797e-02;4.693341e-03;6.068539e-02;1.847901e-02;1.567901e-01;1.604886e-01;3.408691e-01;8.416951e-02;1.185387e-01;1.908457e-02;5.754878e-03;1.107889e-02
2.729191e-02;1.350162e-02;2.609068e-02;2.054135e-02;8.203980e-02;1.844206e-01;4.104905e-01;1.361976e-01;5.100054e-02;3.342589e-02;1.041529e-02;4.584089e-03
2.526042e-02;2.966401e-02;1.547307e-02;1.826602e-02;5.000001e-02;1.352807e-01;5.236295e-01;1.127763e-01;2.575341e-02;3.207520e-02;2.926616e-02;2.555189e-03
1.476609e-02;4.277265e-02;1.810970e-02;9.522296e-03;4.808238e-02;6.357245e-02;5.986845e-01;8.592872e-02;3.134940e-02;2.355544e-02;5.932233e-02;4.334044e-03
6.463531e-03;5.887392e-02;1.838879e-02;4.205398e-03;4.330572e-02;3.631369e-02;6.269683e-01;6.921843e-02;4.710750e-02;1.757229e-02;6.761003e-02;3.972448e-03
1.267591e-02;7.370432e-02;9.179471e-03;3.460331e-03;4.088230e-02;8.075232e-02;6.331463e-01;4.230022e-02;5.446095e-02;9.823435e-03;3.563126e-02;3.983089e-03
4.537582e-02;6.083462e-02;1.199040e-02;1.107649e-02;5.521792e-02;2.099622e-01;5.213152e-01;2.327693e-02;3.533504e-02;1.189879e-02;1.045867e-02;3.257873e-03
8.569469e-02;3.009066e-02;2.218161e-02;1.772649e-02;1.201399e-01;3.189713e-01;3.196240e-01;2.688584e-02;1.436654e-02;2.064380e-02;3.681845e-03;1.999329e-02
8.229774e-02;1.045544e-02;3.728536e-02;2.027268e-02;2.468483e-01;2.894098e-01;1.728632e-01;2.764240e-02;2.711834e-02;1.699107e-02;3.542116e-03;6.527359e-02
3.757609e-02;7.867015e-03;5.572057e-02;2.772377e-02;3.840589e-01;1.517113e-01;9.232032e-02;1.412978e-02;6.713808e-02;7.375704e-03;5.763948e-03;1.486146e-01
1.184082e-02;9.124896e-03;7.378819e-02;4.219243e-02;4.229328e-01;8.924268e-02;4.576707e-02;8.600627e-03;7.738943e-02;4.120352e-03;4.260499e-03;2.107402e-01
6.613035e-03;4.808813e-03;9.965916e-02;6.533576e-02;3.902127e-01;7.060945e-02;5.292552e-02;6.628060e-03;4.770850e-02;6.064566e-03;1.853942e-02;2.308951e-01
2.819584e-03;3.735481e-03;1.362793e-01;9.020641e-02;3.631696e-01;6.180716e-02;3.238848e-02;5.888572e-03;2.005858e-02;7.832679e-03;3.403934e-02;2.417747e-01
7.957557e-03;9.010076e-03;1.721330e-01;1.099641e-01;3.024779e-01;6.594814e-02;2.982165e-02;6.433941e-03;1.113010e-02;8.013250e-03;6.067966e-02;2.164306e-01
9.921306e-03;1.000713e-02;2.151088e-01;1.265114e-01;2.303153e-01;4.838486e-02;4.159368e-02;5.892689e-03;7.659685e-03;2.277828e-02;1.270156e-01;1.548112e-01
1.517297e-02;1.319326e-02;2.595657e-01;1.238203e-01;1.465523e-01;3.605352e-02;6.726160e-02;1.465954e-02;8.567438e-03;4.905827e-02;1.749849e-01;9.111027e-02
1.247646e-02;1.453216e-02;3.209119e-01;1.360022e-01;8.708514e-02;2.436347e-02;7.429434e-02;3.430317e-02;5.792342e-03;5.851365e-02;1.786349e-01;5.309024e-02
5.739567e-03;1.293150e-02;3.674251e-01;1.620023e-01;1.217826e-01;3.591366e-02;4.005219e-02;4.946948e-02;8.222654e-03;3.657250e-02;1.322888e-01;2.759975e-02
3.670061e-03;1.371302e-02;3.365902e-01;1.673315e-01;1.903466e-01;4.232144e-02;2.103459e-02;4.009916e-02;1.444723e-02;6.970104e-02;7.460643e-02;2.613869e-02
1.356856e-02;1.199336e-02;2.641543e-01;1.401612e-01;2.530167e-01;6.453838e-02;4.051412e-02;2.006740e-02;2.325407e-02;8.697101e-02;3.456572e-02;4.719519e-02
2.328167e-02;9.089635e-03;1.792028e-01;9.371698e-02;3.050835e-01;1.091055e-01;8.756981e-02;6.758362e-03;5.883426e-02;4.824364e-02;1.136477e-02;6.774905e-02
1.874860e-02;5.835470e-03;1.053212e-01;5.155234e-02;2.761059e-01;1.782529e-01;2.079026e-01;1.603891e-02;6.880426e-02;1.794530e-02;4.949517e-03;4.854303e-02
3.913801e-02;5.552017e-03;4.513587e-02;2.917299e-02;1.880008e-01;2.311140e-01;3.273177e-01;2.925918e-02;3.754831e-02;4.282390e-02;6.045991e-03;1.889128e-02
2.838190e-02;2.044886e-02;1.437335e-02;2.938367e-02;1.017591e-01;1.800722e-01;4.903403e-01;4.387800e-02;3.068143e-02;4.795184e-02;4.693502e-03;8.035867e-03
1.180396e-02;4.918235e-02;2.670914e-02;2.931164e-02;5.415703e-02;8.132599e-02;5.209693e-01;1.144786e-01;6.190047e-02;2.982130e-02;9.009445e-03;1.133084e-02
1.652682e-02;5.751019e-02;1.092749e-01;1.314451e-02;2.938258e-02;3.532025e-02;4.188412e-01;2.009890e-01;6.717341e-02;2.716112e-02;1.005991e-02;1.461612e-02
9.343714e-03;3.138006e-02;2.554865e-01;5.183484e-02;1.444227e-02;2.360381e-02;2.424747e-01;2.404449e-01;5.974646e-02;4.370397e-02;9.719282e-03;1.781957e-02
8.733639e-03;1.239323e-02;2.355229e-01;1.956025e-01;1.531714e-02;1.508505e-02;9.720614e-02;1.625350e-01;1.870234e-01;4.954627e-02;6.462239e-03;1.457254e-02
9.107193e-03;7.339835e-03;1.003393e-01;2.957797e-01;3.419270e-02;8.709743e-03;5.306187e-02;8.434907e-02;3.123251e-01;7.984475e-02;9.471880e-03;5.478931e-03
9.034344e-03;4.553166e-03;2.926516e-02;2.865578e-01;8.537076e-02;5.275554e-03;2.268208e-02;4.148326e-02;3.564027e-01;1.380809e-01;1.838407e-02;2.910166e-03
1.930762e-02;6.481077e-03;1.626357e-02;2.448007e-01;1.314330e-01;7.670610e-03;6.019942e-02;2.488735e-02;2.891982e-01;1.678555e-01;2.629725e-02;5.605775e-03
3.211388e-02;1.093752e-02;1.446678e-02;2.426290e-01;1.201366e-01;1.718020e-02;1.343156e-01;3.051334e-02;2.254879e-01;1.332908e-01;2.590695e-02;1.302144e-02
3.391428e-02;9.874912e-03;7.365912e-02;1.388508e-01;6.736715e-02;3.503585e-02;2.341522e-01;9.474897e-02;1.247113e-01;1.183862e-01;2.083932e-02;4.845982e-02
2.961434e-02;5.958967e-03;8.905383e-02;2.152157e-01;2.751433e-02;2.933711e-02;1.391239e-01;1.069671e-01;1.853731e-01;1.164566e-01;2.206058e-02;3.332444e-02
2.102729e-02;7.290057e-03;4.772734e-02;1.767590e-01;4.494601e-02;2.077032e-02;8.344317e-02;8.645649e-02;2.666877e-01;2.015690e-01;2.857810e-02;1.474550e-02
1.143326e-02;8.740623e-03;1.983378e-02;7.657801e-02;8.386763e-02;1.228508e-02;6.364789e-02;5.229302e-02;2.761443e-01;3.505900e-01;3.719986e-02;7.386531e-03
9.382569e-03;1.410063e-02;1.379080e-02;1.974495e-02;9.622655e-02;6.209596e-03;3.279256e-02;3.051609e-02;2.522646e-01;4.670492e-01;4.834606e-02;9.576364e-03
3.476102e-02;2.541861e-02;1.164715e-02;2.977912e-02;8.230506e-02;6.696058e-03;7.266174e-02;2.370735e-02;2.841181e-01;3.749732e-01;4.079574e-02;1.313681e-02
1.038030e-01;1.648911e-02;1.457978e-02;6.196472e-02;4.941215e-02;5.391689e-03;9.834869e-02;2.229757e-02;3.625280e-01;2.274546e-01;2.692406e-02;1.080658e-02
1.408410e-01;1.718938e-02;1.357425e-02;7.172868e-02;2.010351e-02;4.597566e-03;1.216124e-01;2.405706e-02;3.823434e-01;1.772197e-01;1.912975e-02;7.603385e-03
1.147205e-01;1.725292e-02;1.532570e-02;5.026881e-02;4.606070e-02;9.327870e-03;9.179135e-02;1.823113e-02;3.759484e-01;2.244313e-01;2.579901e-02;1.084230e-02
5.861778e-02;2.017418e-02;1.494745e-02;2.924892e-02;7.592934e-02;8.436233e-03;4.780182e-02;2.390840e-02;3.656565e-01;3.063338e-01;3.444390e-02;1.450178e-02
1.338066e-01;1.681733e-02;2.266458e-02;4.557929e-02;5.413004e-02;1.126285e-02;8.681294e-02;3.216818e-02;3.166235e-01;2.237821e-01;3.460557e-02;2.174709e-02
1.473954e-01;2.270198e-02;3.946834e-02;6.048899e-02;4.305395e-02;2.734959e-02;1.665495e-01;4.446801e-02;2.505903e-01;1.258112e-01;3.419519e-02;3.792748e-02
1.220324e-01;3.970794e-02;6.856413e-02;5.199341e-02;3.466571e-02;4.199887e-02;2.541478e-01;5.040657e-02;1.577755e-01;9.467075e-02;2.773114e-02;5.630580e-02
5.756213e-02;4.285161e-02;9.061933e-02;2.071618e-02;2.784715e-02;3.549942e-02;3.157148e-01;1.308473e-01;9.190325e-02;1.004469e-01;2.686694e-02;5.912499e-02
2.458289e-02;3.628201e-02;8.632736e-02;1.326039e-02;2.567722e-02;3.050354e-02;3.659692e-01;1.519980e-01;7.517297e-02;9.769963e-02;3.779221e-02;5.473459e-02
6.748343e-02;6.663908e-02;6.352446e-02;1.141132e-02;3.726960e-02;6.853575e-02;3.852132e-01;8.820318e-02;7.227535e-02;7.132868e-02;4.247961e-02;2.563637e-02
1.749388e-01;4.725524e-02;2.972308e-02;1.302877e-02;7.146930e-02;1.349365e-01;2.840731e-01;4.679729e-02;6.099767e-02;9.665970e-02;2.582413e-02;1.429642e-02
2.109264e-01;1.066315e-02;4.788023e-02;1.566478e-02;1.341111e-01;1.503259e-01;1.985673e-01;4.046309e-02;5.660439e-02;8.567186e-02;9.045566e-03;4.007627e-02
1.112695e-01;7.643106e-03;9.378336e-02;3.353033e-02;2.143762e-01;1.036310e-01;1.320188e-01;2.013766e-02;1.040503e-01;4.329703e-02;9.526657e-03;1.267360e-01
2.889127e-02;1.906401e-02;1.173931e-01;6.898578e-02;2.740486e-01;7.344122e-02;6.347281e-02;1.231657e-02;8.586070e-02;5.238928e-02;1.825206e-02;1.858846e-01
1.328224e-02;6.208431e-02;1.470132e-01;1.028867e-01;2.285249e-01;5.522395e-02;6.691137e-02;2.617773e-02;3.377982e-02;9.663336e-02;3.896771e-02;1.285148e-01
1.279131e-02;1.071889e-01;2.096900e-01;1.209681e-01;1.502265e-01;4.399895e-02;3.281031e-02;5.274823e-02;2.610404e-02;1.162347e-01;6.551147e-02;6.172749e-02
4.270308e-02;1.145055e-01;2.825141e-01;9.756414e-02;8.961327e-02;3.650559e-02;2.649240e-02;6.246707e-02;4.740081e-02;9.136799e-02;7.195210e-02;3.691396e-02
9.134388e-02;1.097972e-01;3.092752e-01;5.579691e-02;5.856997e-02;3.263719e-02;5.734675e-02;5.390288e-02;6.834226e-02;7.252124e-02;5.419293e-02;3.627365e-02
1.351859e-01;1.281228e-01;2.670757e-01;3.620832e-02;5.510539e-02;3.722340e-02;8.000178e-02;4.494277e-02;7.486835e-02;6.806912e-02;3.692485e-02;3.627172e-02
2.063586e-01;1.317430e-01;2.153492e-01;2.961922e-02;5.326798e-02;3.499801e-02;6.880067e-02;5.373153e-02;5.953522e-02;5.498804e-02;4.944932e-02;4.215917e-02
1.766057e-01;6.893676e-02;3.037232e-01;4.059837e-02;4.492916e-02;4.261770e-02;5.942301e-02;7.453130e-02;4.324320e-02;5.783455e-02;3.934126e-02;4.821583e-02
6.871364e-02;6.903521e-02;3.110595e-01;5.312045e-02;7.356546e-02;7.475302e-02;8.932792e-02;7.140946e-02;6.501136e-02;5.905262e-02;2.590775e-02;3.904353e-02
6.500977e-02;1.037510e-01;1.876903e-01;6.867260e-02;7.870518e-02;8.374678e-02;1.374751e-01;7.060937e-02;7.773810e-02;5.742870e-02;3.129513e-02;3.787791e-02
6.666512e-02;8.253902e-02;1.568101e-01;7.239498e-02;9.929977e-02;8.600185e-02;2.258287e-01;5.469100e-02;6.342292e-02;5.454955e-02;1.553792e-02;2.225914e-02
4.412312e-02;3.902784e-02;1.347807e-01;8.006839e-02;1.686821e-01;1.205580e-01;2.017859e-01;3.722046e-02;4.318599e-02;3.766737e-02;2.933924e-02;6.356078e-02
2.264637e-02;2.805559e-02;1.357794e-01;7.866712e-02;2.449726e-01;1.318723e-01;1.406650e-01;2.565380e-02;4.163356e-02;4.604829e-02;1.879657e-02;8.520937e-02
1.228175e-02;4.778975e-02;1.139887e-01;1.312837e-01;2.491535e-01;1.205496e-01;6.586907e-02;3.846899e-02;3.372492e-02;4.743280e-02;7.092924e-02;6.852804e-02
1.359697e-02;4.908701e-02;1.161259e-01;1.963422e-01;1.695422e-01;8.874043e-02;3.899653e-02;4.479576e-02;2.503443e-02;5.867831e-02;1.499624e-01;4.909785e-02
2.102481e-02;3.149927e-02;1.998592e-01;1.916104e-01;8.511061e-02;4.722758e-02;3.231575e-02;2.898897e-02;3.831686e-02;1.083954e-01;1.930993e-01;2.255188e-02
5.202223e-02;3.613143e-02;3.203370e-01;1.038745e-01;3.701993e-02;1.832118e-02;3.593011e-02;1.386563e-02;5.037788e-02;1.663982e-01;1.505544e-01;1.516763e-02
6.311326e-02;6.446972e-02;3.544065e-01;5.590605e-02;3.624558e-02;1.556093e-02;5.469440e-02;2.594403e-02;4.852856e-02;1.665300e-01;8.377273e-02;3.082824e-02
5.729634e-02;6.826960e-02;4.361335e-01;5.550309e-02;3.190583e-02;1.720537e-02;6.059683e-02;2.411589e-02;3.158818e-02;1.550506e-01;3.656441e-02;2.577033e-02
5.465004e-02;6.415060e-02;5.520097e-01;4.250012e-02;2.058340e-02;1.174226e-02;4.993792e-02;1.263458e-02;2.373647e-02;1.469850e-01;1.043106e-02;1.063880e-02
5.612770e-02;1.112738e-01;5.680251e-01;2.402745e-02;1.630682e-02;1.123109e-02;2.780775e-02;1.680630e-02;2.780239e-02;1.242010e-01;2.217898e-03;1.417267e-02
8.049534e-02;1.049713e-01;4.984925e-01;4.607877e-02;2.919572e-02;2.002519e-02;3.358459e-02;2.149973e-02;4.007688e-02;1.030253e-01;5.299557e-03;1.725515e-02
7.785078e-02;6.178696e-02;4.322560e-01;7.152444e-02;4.241347e-02;2.809179e-02;3.518530e-02;4.009726e-02;6.499816e-02;1.175766e-01;8.810022e-03;1.940918e-02
4.181118e-02;8.560248e-02;4.078422e-01;4.738471e-02;4.735824e-02;2.465155e-02;2.084697e-02;6.590420e-02;9.117575e-02;1.400428e-01;4.609919e-03;2.276998e-02
2.195636e-02;1.180984e-01;3.637165e-01;2.227299e-02;3.808431e-02;2.403423e-02;2.235007e-02;7.826831e-02;1.143422e-01;1.623425e-01;8.947723e-03;2.558630e-02
2.384335e-02;1.410069e-01;3.872466e-01;3.307270e-02;1.385237e-02;2.251119e-02;3.049584e-02;5.236091e-02;1.150653e-01;1.499438e-01;8.028453e-03;2.257266e-02
2.818381e-02;1.450139e-01;4.591576e-01;2.993795e-02;1.568569e-02;1.357823e-02;2.863855e-02;2.230932e-02;8.806664e-02;1.237806e-01;1.489913e-02;3.074859e-02
6.151116e-02;1.418893e-01;4.032780e-01;2.608808e-02;2.070606e-02;2.208371e-02;2.414324e-02;1.859345e-02;9.495607e-02;1.109274e-01;2.825320e-02;4.757043e-02
1.096457e-01;1.400810e-01;3.081952e-01;2.382867e-02;3.058384e-02;3.797153e-02;3.041714e-02;2.918802e-02;1.126292e-01;9.488828e-02;3.017738e-02;5.239398e-02
1.463771e-01;1.124287e-01;2.146100e-01;3.203151e-02;3.550599e-02;5.419856e-02;5.823338e-02;4.178222e-02;1.104742e-01;9.198397e-02;4.169891e-02;6.067551e-02
1.124934e-01;7.293496e-02;1.467298e-01;3.461424e-02;5.187827e-02;5.904508e-02;8.442985e-02;6.993084e-02;1.088608e-01;1.293118e-01;4.560147e-02;8.416948e-02
6.426160e-02;9.619270e-02;9.925528e-02;3.654812e-02;6.070393e-02;8.879479e-02;9.995801e-02;9.373380e-02;8.742007e-02;1.254915e-01;5.227402e-02;9.536619e-02
8.473298e-02;9.074409e-02;8.218899e-02;4.406497e-02;4.945152e-02;9.671996e-02;1.317696e-01;8.679788e-02;9.862395e-02;1.145087e-01;5.705092e-02;6.334650e-02
7.165372e-02;7.228307e-02;7.179449e-02;5.316265e-02;6.349885e-02;8.141910e-02;1.499883e-01;1.183342e-01;1.281485e-01;8.132964e-02;5.544436e-02;5.294313e-02
7.604793e-02;6.254865e-02;9.819698e-02;5.704169e-02;1.082792e-01;7.415551e-02;1.571120e-01;8.709863e-02;9.076267e-02;1.004895e-01;4.558961e-02;4.267760e-02
1.103615e-01;7.517280e-02;8.159318e-02;3.922789e-02;6.994470e-02;6.339107e-02;2.375612e-01;7.220399e-02;6.914691e-02;8.019448e-02;4.583460e-02;5.536763e-02
1.442923e-01;1.240642e-01;5.383634e-02;2.220162e-02;4.305027e-02;1.072906e-01;3.209066e-01;3.390131e-02;4.516140e-02;4.003733e-02;2.987081e-02;3.538722e-02
1.240064e-01;1.906188e-01;2.777736e-02;7.122173e-03;2.885637e-02;1.403600e-01;3.922270e-01;2.304111e-02;2.348435e-02;1.393910e-02;1.333319e-02;1.523420e-02
6.788996e-02;2.439067e-01;1.080971e-02;7.874111e-03;1.970552e-02;1.566360e-01;4.228312e-01;3.612877e-02;1.241801e-02;6.766972e-03;6.590762e-03;8.442249e-03
7.997293e-02;2.323446e-01;6.649861e-03;1.134968e-02;2.283692e-02;2.042749e-01;3.887743e-01;1.969614e-02;1.012418e-02;1.802036e-02;4.289608e-03;1.666558e-03
1.455187e-01;1.208888e-01;9.907329e-03;1.269800e-02;3.155658e-02;2.961004e-01;3.035921e-01;2.749293e-02;1.030050e-02;3.579448e-02;3.150289e-03;2.999980e-03
1.668149e-01;3.101779e-02;1.359715e-02;1.546455e-02;4.475303e-02;3.810825e-01;2.416162e-01;4.114092e-02;7.917382e-03;4.936958e-02;4.451483e-03;2.774537e-03
1.523752e-01;1.870440e-02;1.004792e-02;2.004721e-02;5.504125e-02;3.852909e-01;2.107146e-01;6.289821e-02;8.699275e-03;6.502426e-02;4.392088e-03;6.764644e-03
1.551464e-01;1.654429e-02;1.831086e-02;2.151271e-02;5.574289e-02;3.224052e-01;1.875259e-01;7.814875e-02;1.206860e-02;1.087988e-01;1.046682e-02;1.332883e-02
2.094591e-01;1.351622e-02;2.007595e-02;1.400837e-02;5.986678e-02;2.627234e-01;1.422332e-01;6.725897e-02;9.739859e-03;1.472817e-01;2.498419e-02;2.885227e-02
2.606207e-01;8.764110e-03;5.646079e-02;1.837713e-02;1.149775e-01;1.729384e-01;1.312981e-01;4.264376e-02;1.770253e-02;1.118858e-01;2.401713e-02;4.031410e-02
1.887554e-01;1.115194e-02;1.482502e-01;3.269303e-02;1.554626e-01;1.387998e-01;1.495238e-01;2.225983e-02;4.323590e-02;3.460902e-02;1.098772e-02;6.427071e-02
9.284643e-02;1.937066e-02;2.269735e-01;4.153193e-02;1.554719e-01;1.093208e-01;1.494839e-01;2.502318e-02;5.691481e-02;2.899421e-02;6.439316e-03;8.762932e-02
3.248914e-02;2.507888e-02;2.430478e-01;6.061789e-02;1.822710e-01;7.960824e-02;1.389513e-01;2.986907e-02;4.463457e-02;6.435630e-02;2.418782e-02;7.488802e-02
1.739289e-02;2.958695e-02;1.467954e-01;7.787905e-02;3.231073e-01;8.307515e-02;1.047058e-01;2.520318e-02;3.086161e-02;8.844985e-02;3.041420e-02;4.252865e-02
1.186971e-02;1.622869e-02;1.387360e-01;7.649777e-02;3.805172e-01;6.926796e-02;1.223041e-01;9.952027e-03;4.754176e-02;5.611038e-02;9.206469e-03;6.176786e-02
1.083640e-02;9.371353e-03;1.584644e-01;9.237167e-02;3.330145e-01;7.126196e-02;1.491664e-01;6.934280e-03;4.169133e-02;4.593559e-02;1.326237e-02;6.768981e-02
1.167310e-02;1.079778e-02;2.000872e-01;1.233801e-01;2.775232e-01;6.458712e-02;1.089986e-01;9.589417e-03;2.419174e-02;9.469472e-02;1.525688e-02;5.922008e-02
1.446226e-02;1.996576e-02;2.404539e-01;1.427445e-01;2.112478e-01;6.077017e-02;6.718047e-02;2.827866e-02;1.067845e-02;1.496287e-01;1.858572e-02;3.600354e-02
9.512962e-03;2.505804e-02;2.961468e-01;1.466600e-01;1.496955e-01;8.052839e-02;3.636780e-02;7.365225e-02;1.221167e-02;1.242610e-01;3.114289e-02;1.476271e-02
1.075593e-02;2.366466e-02;3.606080e-01;1.196634e-01;9.956580e-02;1.024708e-01;5.766214e-02;7.710223e-02;3.488973e-02;6.520344e-02;4.209043e-02;6.323544e-03
2.931587e-02;3.677663e-02;3.879651e-01;7.557458e-02;8.662120e-02;8.889197e-02;6.397770e-02;5.219023e-02;6.096866e-02;6.459066e-02;4.458146e-02;8.545967e-03
9.190104e-02;8.386791e-02;2.880674e-01;3.811605e-02;8.282962e-02;6.178089e-02;7.643878e-02;4.612355e-02;8.218690e-02;8.403356e-02;4.100369e-02;2.365062e-02
2.081557e-01;1.143136e-01;1.906016e-01;3.457369e-02;7.835627e-02;4.233018e-02;7.125776e-02;6.172723e-02;6.731444e-02;5.655849e-02;3.508624e-02;3.972479e-02
2.672461e-01;7.251482e-02;1.921877e-01;4.992313e-02;6.744267e-02;1.693866e-02;6.713185e-02;8.113883e-02;3.084877e-02;3.760666e-02;4.599763e-02;7.102313e-02
2.205127e-01;3.697756e-02;1.466181e-01;5.482984e-02;4.181486e-02;2.294337e-02;1.010319e-01;7.796241e-02;2.791644e-02;5.510122e-02;8.510774e-02;1.291840e-01
1.728841e-01;4.377751e-02;8.790216e-02;5.287671e-02;4.098338e-02;5.313898e-02;7.503990e-02;6.974829e-02;3.627111e-02;8.491211e-02;1.311556e-01;1.513101e-01
9.605490e-02;4.626850e-02;1.008025e-01;6.049012e-02;5.561887e-02;6.911062e-02;1.238439e-01;7.464663e-02;7.148752e-02;1.058267e-01;1.006424e-01;9.520736e-02
6.230816e-02;5.263554e-02;1.376067e-01;6.578527e-02;7.005301e-02;6.323095e-02;1.354146e-01;7.353193e-02;8.108199e-02;1.108743e-01;8.327792e-02;6.419960e-02
8.184378e-02;5.022451e-02;1.546916e-01;6.503621e-02;7.961740e-02;5.514413e-02;1.230410e-01;5.814915e-02;1.086932e-01;9.513743e-02;7.940034e-02;4.902124e-02
8.896138e-02;5.116723e-02;1.669155e-01;6.395893e-02;7.454772e-02;5.890670e-02;1.213171e-01;7.971656e-02;9.799191e-02;7.864072e-02;7.176281e-02;4.611346e-02
9.130685e-02;8.451771e-02;1.829097e-01;7.020312e-02;7.139608e-02;8.473749e-02;1.059013e-01;5.668672e-02;7.730879e-02;7.123303e-02;5.129088e-02;5.250838e-02
8.803151e-02;1.064075e-01;1.843418e-01;1.013345e-01;8.671277e-02;9.807441e-02;1.021981e-01;4.385266e-02;5.057370e-02;6.104005e-02;3.033271e-02;4.710028e-02
4.566358e-02;6.900109e-02;1.447137e-01;1.207345e-01;1.553082e-01;1.002050e-01;7.407600e-02;8.061469e-02;9.106006e-02;5.981828e-02;2.610062e-02;3.270440e-02
5.275328e-02;6.166217e-02;1.080886e-01;1.088237e-01;1.403336e-01;9.175510e-02;6.969701e-02;9.054030e-02;1.021863e-01;7.124512e-02;5.413681e-02;4.877790e-02
7.189352e-02;7.355399e-02;1.120100e-01;8.345742e-02;8.947952e-02;7.895691e-02;5.300789e-02;8.774894e-02;9.382153e-02;8.081209e-02;9.234155e-02;8.291667e-02
8.105078e-02;5.120423e-02;1.053434e-01;8.212801e-02;7.292791e-02;9.368238e-02;8.161657e-02;8.019955e-02;1.104692e-01;6.473216e-02;9.975449e-02;7.689130e-02
8.788217e-02;7.498854e-02;9.657674e-02;1.029307e-01;8.918422e-02;1.013160e-01;1.067840e-01;7.643156e-02;9.260503e-02;5.529618e-02;6.155606e-02;5.444881e-02
7.650836e-02;6.493676e-02;1.212115e-01;8.698253e-02;9.903212e-02;7.977791e-02;1.046812e-01;8.986131e-02;1.112979e-01;7.615232e-02;3.733186e-02;5.222613e-02
6.057612e-02;4.754482e-02;1.145641e-01;7.038959e-02;8.932023e-02;8.068607e-02;1.585580e-01;6.998825e-02;1.122665e-01;9.509175e-02;6.126806e-02;3.974647e-02
6.537493e-02;6.420842e-02;1.019542e-01;8.619049e-02;8.623219e-02;9.653084e-02;2.099189e-01;4.654597e-02;8.296235e-02;5.912511e-02;7.757065e-02;2.338595e-02
3.494725e-02;6.414332e-02;5.707838e-02;4.578083e-02;6.256683e-02;8.761096e-02;3.614739e-01;8.437227e-02;8.386378e-02;4.239238e-02;6.087690e-02;1.489320e-02
1.635293e-02;7.154346e-02;3.744850e-02;2.104726e-02;7.278294e-02;5.072743e-02;4.623878e-01;8.971696e-02;8.592284e-02;3.743203e-02;4.287624e-02;1.176156e-02
1.914917e-02;7.724791e-02;2.348961e-02;1.476423e-02;6.588365e-02;5.142071e-02;5.135809e-01;6.082245e-02;1.124923e-01;1.959408e-02;3.566936e-02;5.885720e-03
3.462282e-02;6.645721e-02;1.220510e-02;3.542618e-02;3.838912e-02;1.012567e-01;5.424421e-01;2.175273e-02;9.126124e-02;3.264355e-02;1.889792e-02;4.645355e-03
5.627859e-02;4.168672e-02;8.331691e-03;4.137262e-02;1.994401e-02;1.751473e-01;5.077212e-01;2.132081e-02;3.431297e-02;8.175287e-02;5.113991e-03;7.017244e-03
4.433467e-02;2.436122e-02;7.875832e-03;3.440958e-02;2.144808e-02;2.513505e-01;4.187464e-01;2.909351e-02;2.203754e-02;1.371112e-01;3.263468e-03;5.968026e-03
2.904946e-02;1.820314e-02;9.016008e-03;2.467981e-02;2.345493e-02;3.521158e-01;3.031493e-01;2.425370e-02;3.238975e-02;1.763669e-01;2.784065e-03;4.537081e-03
3.445761e-02;1.286824e-02;6.037734e-03;2.048552e-02;3.587583e-02;4.655425e-01;2.021500e-01;1.952177e-02;2.707009e-02;1.694632e-01;2.692163e-03;3.835363e-03
2.193949e-02;2.307608e-02;6.421146e-03;1.938370e-02;4.843596e-02;5.113976e-01;2.205578e-01;1.207059e-02;1.316515e-02;1.153182e-01;4.648518e-03;3.585723e-03
2.857941e-02;3.817494e-02;7.997815e-03;1.573437e-02;3.491097e-02;4.364090e-01;3.585995e-01;1.592869e-02;6.712928e-03;4.668438e-02;5.241798e-03;5.026187e-03
3.472306e-02;4.125303e-02;1.213055e-02;1.638249e-02;2.257433e-02;3.108838e-01;5.051253e-01;1.144220e-02;8.573882e-03;2.249771e-02;6.808609e-03;7.605113e-03
2.536825e-02;2.847572e-02;1.437308e-02;1.106747e-02;3.225976e-02;2.339855e-01;5.819352e-01;2.222275e-02;7.121608e-03;2.531724e-02;8.750109e-03;9.123277e-03
2.306748e-02;1.210319e-02;1.183997e-02;1.560583e-02;4.324637e-02;2.344103e-01;5.978304e-01;2.147332e-02;1.113377e-02;1.712399e-02;8.032920e-03;4.132464e-03
2.665222e-02;1.147392e-02;1.630310e-02;2.158699e-02;8.536083e-02;2.710308e-01;4.661438e-01;3.326837e-02;1.935998e-02;3.170278e-02;7.184658e-03;9.932534e-03
2.143509e-02;1.041011e-02;7.210249e-02;3.286713e-02;1.692695e-01;2.449583e-01;3.129178e-01;4.073568e-02;3.130801e-02;2.987798e-02;7.228226e-03;2.688965e-02
1.924319e-02;1.187085e-02;1.906452e-01;8.364023e-02;2.153037e-01;1.345554e-01;1.846416e-01;4.035513e-02;3.187209e-02;2.016847e-02;2.954794e-02;3.815621e-02
3.093681e-02;3.121361e-02;3.414035e-01;1.324715e-01;1.566821e-01;6.268634e-02;8.158375e-02;3.388313e-02;2.096108e-02;3.005404e-02;5.241351e-02;2.571067e-02
4.457740e-02;4.243571e-02;4.468690e-01;1.117533e-01;7.341783e-02;4.494913e-02;5.594390e-02;2.858349e-02;3.551101e-02;5.494281e-02;4.898534e-02;1.203108e-02
6.271244e-02;3.712562e-02;4.473363e-01;5.694760e-02;4.423006e-02;3.831791e-02;8.958679e-02;2.695221e-02;7.408030e-02;7.514764e-02;3.328186e-02;1.428121e-02
6.933451e-02;5.396252e-02;3.069166e-01;1.993511e-02;5.153155e-02;6.439346e-02;9.496642e-02;9.481121e-02;1.086800e-01;8.949117e-02;1.978653e-02;2.619095e-02
5.645230e-02;7.807454e-02;1.792859e-01;3.107247e-02;4.209073e-02;7.771380e-02;6.064918e-02;1.847348e-01;9.664747e-02;1.517009e-01;1.582800e-02;2.574993e-02
5.888181e-02;6.910521e-02;1.520041e-01;4.359038e-02;4.985288e-02;7.877636e-02;7.854173e-02;1.787249e-01;9.756868e-02;1.605368e-01;1.410784e-02;1.830922e-02
6.475060e-02;8.306397e-02;2.208762e-01;4.646324e-02;6.227440e-02;7.649460e-02;1.069644e-01;7.957368e-02;1.017660e-01;9.914494e-02;1.759907e-02;4.102893e-02
7.157990e-02;1.056738e-01;3.716097e-01;3.464270e-02;6.032449e-02;5.333849e-02;6.296152e-02;3.319714e-02;7.766668e-02;7.321255e-02;1.574581e-02;4.004711e-02
7.076128e-02;8.439302e-02;4.581529e-01;3.784460e-02;6.548923e-02;3.052916e-02;6.433846e-02;2.021234e-02;5.805472e-02;8.876662e-02;6.231440e-03;1.522614e-02
6.485659e-02;4.178910e-02;4.335077e-01;7.818353e-02;7.049499e-02;4.777721e-02;6.479336e-02;2.238128e-02;3.524496e-02;9.523262e-02;3.091019e-02;1.482846e-02
4.476791e-02;2.318868e-02;3.666477e-01;1.570526e-01;8.018372e-02;7.804294e-02;5.003558e-02;3.654565e-02;2.108783e-02;5.443713e-02;7.342602e-02;1.458427e-02
1.921705e-02;1.985436e-02;3.592749e-01;2.265534e-01;8.262528e-02;7.767707e-02;2.766744e-02;3.733527e-02;1.205407e-02;2.093263e-02;1.030692e-01;1.373941e-02
5.662830e-03;3.258384e-02;4.811004e-01;2.046885e-01;5.581297e-02;4.739001e-02;8.943857e-03;1.784534e-02;1.178400e-02;4.107755e-02;8.609013e-02;7.020658e-03
1.349419e-02;5.339085e-02;5.897013e-01;1.136227e-01;2.759329e-02;1.611989e-02;1.463239e-02;8.434882e-03;2.110869e-02;9.125092e-02;4.728286e-02;3.367988e-03
1.755281e-02;7.586744e-02;6.108401e-01;4.730289e-02;2.075154e-02;5.358481e-03;1.646527e-02;6.656733e-03;4.903590e-02;1.297442e-01;1.462336e-02;5.801295e-03
2.773079e-02;1.415308e-01;5.216062e-01;2.468374e-02;1.218028e-02;1.063619e-02;9.551382e-03;7.830208e-03;1.230870e-01;1.099348e-01;3.029225e-03;8.199427e-03
9.761519e-02;2.717870e-01;3.136115e-01;1.530722e-02;8.388465e-03;1.214864e-02;1.088457e-02;1.514194e-02;1.766097e-01;6.737456e-02;3.467626e-03;7.663473e-03
2.165319e-01;3.364809e-01;2.072890e-01;9.357428e-03;1.195978e-02;1.161338e-02;1.672930e-02;4.576894e-02;9.495828e-02;3.355958e-02;7.207028e-03;8.544507e-03
2.868712e-01;3.626006e-01;1.736269e-01;8.775199e-03;1.987898e-02;6.402153e-03;1.394749e-02;7.436763e-02;2.525178e-02;1.147562e-02;5.481389e-03;1.132110e-02
3.019475e-01;3.254310e-01;1.479256e-01;1.820523e-02;2.150654e-02;5.691282e-03;8.125569e-03;1.017627e-01;4.986870e-02;5.827680e-03;3.742265e-03;9.965921e-03
3.296241e-01;2.229972e-01;1.229539e-01;3.216957e-02;3.119135e-02;8.657855e-03;1.685965e-02;1.709535e-01;4.371202e-02;2.579991e-03;4.203413e-03;1.409749e-02
3.091916e-01;9.412730e-02;6.830402e-02;4.396882e-02;4.522680e-02;1.766782e-02;6.851469e-02;2.769437e-01;3.827733e-02;7.486008e-03;4.662063e-03;2.562989e-02
1.919451e-01;3.272504e-02;2.086968e-02;5.854828e-02;4.395340e-02;3.271989e-02;2.096533e-01;2.973339e-01;2.372155e-02;2.285818e-02;8.337722e-03;5.733396e-02
8.872108e-02;9.264238e-03;1.491379e-02;9.984528e-02;1.612964e-02;3.328240e-02;3.938197e-01;2.061857e-01;1.503503e-02;3.064342e-02;1.033325e-02;8.182652e-02
4.288828e-02;1.112461e-02;1.794209e-02;1.077707e-01;7.900619e-03;5.140501e-02;5.131001e-01;1.162537e-01;9.442831e-03;2.070518e-02;1.507052e-02;8.639637e-02
2.084622e-02;7.633649e-03;5.298235e-02;7.673217e-02;1.485680e-02;1.236698e-01;5.005624e-01;5.665512e-02;1.777694e-02;1.401577e-02;4.140297e-02;7.286581e-02
1.172632e-02;5.367765e-03;1.140189e-01;3.396649e-02;2.590131e-02;2.778205e-01;3.207758e-01;2.367113e-02;3.061779e-02;1.890554e-02;9.244630e-02;4.478215e-02
8.969631e-03;1.282373e-02;1.447310e-01;1.064855e-02;4.378174e-02;4.102449e-01;1.510609e-01;1.122132e-02;2.843771e-02;2.793603e-02;1.321828e-01;1.796162e-02
1.206190e-02;3.126987e-02;1.281884e-01;1.654387e-02;8.159062e-02;4.461692e-01;6.537788e-02;1.231711e-02;1.085531e-02;3.583425e-02;1.527908e-01;7.000883e-03
1.522271e-02;3.342487e-02;1.061137e-01;5.328908e-02;1.285041e-01;3.665896e-01;3.704134e-02;2.607818e-02;8.500617e-03;4.051160e-02;1.704777e-01;1.424645e-02
1.357731e-02;1.110439e-01;1.420489e-01;5.338160e-02;9.098795e-02;2.311541e-01;6.807455e-02;2.561877e-02;2.201947e-02;5.164782e-02;1.699417e-01;2.050388e-02
4.990213e-02;2.456845e-01;1.117162e-01;3.747014e-02;4.680717e-02;1.234781e-01;6.688140e-02;2.198694e-02;1.883573e-02;9.922250e-02;1.680949e-01;9.920185e-03
7.952161e-02;2.590386e-01;3.884091e-02;1.984370e-02;5.023481e-02;8.129723e-02;6.301462e-02;2.038441e-02;1.849746e-02;1.970905e-01;1.628010e-01;9.435158e-03
4.938883e-02;1.347333e-01;1.823339e-02;1.638315e-02;5.457565e-02;7.179106e-02;5.171576e-02;2.947771e-02;6.539746e-02;3.290240e-01;1.591428e-01;2.013694e-02
1.507994e-02;5.140255e-02;1.699513e-02;2.665797e-02;7.873623e-02;4.967815e-02;5.975130e-02;7.661367e-02;1.179255e-01;3.659970e-01;1.284734e-01;1.268914e-02
1.495112e-02;5.014595e-02;1.721534e-02;4.951676e-02;1.195679e-01;3.656966e-02;4.609206e-02;1.364539e-01;1.186667e-01;2.985210e-01;1.003672e-01;1.193236e-02
7.734071e-03;7.169437e-02;2.175847e-02;7.434400e-02;1.537349e-01;2.865221e-02;2.893225e-02;1.514642e-01;1.210073e-01;2.308274e-01;8.945834e-02;2.039258e-02
8.320163e-03;7.964428e-02;3.440016e-02;6.792359e-02;1.556191e-01;3.047790e-02;2.505211e-02;1.055198e-01;1.564243e-01;2.298874e-01;8.091561e-02;2.581563e-02
1.202415e-02;7.947109e-02;2.869413e-02;3.154394e-02;1.574967e-01;3.729230e-02;2.040515e-02;6.997246e-02;1.744359e-01;2.757781e-01;7.631218e-02;3.657389e-02
2.662810e-02;6.514137e-02;2.876949e-02;5.673651e-02;1.528738e-01;5.207793e-02;4.148917e-02;4.366484e-02;1.411268e-01;2.712919e-01;8.069289e-02;3.950728e-02
4.583468e-02;4.139758e-02;7.574646e-02;1.138468e-01;1.362565e-01;4.454590e-02;1.099544e-01;4.876757e-02;9.797142e-02;1.787022e-01;7.926863e-02;2.770787e-02
4.521510e-02;3.272853e-02;1.170942e-01;1.226679e-01;1.211216e-01;5.917723e-02;1.355803e-01;6.521138e-02;1.009309e-01;1.149108e-01;6.466766e-02;2.069445e-02
2.548231e-02;3.575268e-02;1.025628e-01;9.702631e-02;9.980165e-02;7.852577e-02;1.785912e-01;8.009353e-02;1.034285e-01;1.304997e-01;5.221830e-02;1.601728e-02
5.295685e-02;4.355077e-02;1.235931e-01;7.959632e-02;6.933530e-02;6.951748e-02;1.711605e-01;7.790371e-02;7.310245e-02;1.281096e-01;6.343282e-02;4.774105e-02
8.882638e-02;7.954939e-02;1.294273e-01;1.093144e-01;7.498182e-02;5.703872e-02;8.915231e-02;5.472450e-02;7.398242e-02;8.734412e-02;7.952021e-02;7.613845e-02
9.308975e-02;9.822550e-02;8.830513e-02;1.518749e-01;8.923338e-02;5.983893e-02;6.863570e-02;4.810759e-02;7.174642e-02;6.859896e-02;8.497905e-02;7.736468e-02
5.457931e-02;8.012718e-02;9.563769e-02;1.533349e-01;1.205093e-01;7.169267e-02;9.557121e-02;7.051246e-02;6.190227e-02;6.089137e-02;8.023673e-02;5.500494e-02
