1.647827e-02;1.500532e-01;2.961901e-01;6.195314e-02;4.373851e-02;1.799870e-01;1.144883e-01;6.432660e-02;2.178836e-02;2.620379e-02;1.637607e-02;8.416648e-03
1.728781e-02;1.753117e-01;3.916647e-01;5.006954e-02;2.136213e-02;8.814357e-02;1.283275e-01;6.203073e-02;2.180704e-02;2.196633e-02;1.598006e-02;6.048810e-03
1.993813e-02;2.001526e-01;4.213203e-01;5.187073e-02;1.230657e-02;4.278561e-02;1.198774e-01;5.580895e-02;3.258098e-02;1.948860e-02;1.790258e-02;5.967499e-03
3.471791e-02;2.419938e-01;3.377652e-01;4.295531e-02;2.083373e-02;8.638656e-02;9.925495e-02;3.710578e-02;4.783450e-02;2.310735e-02;2.080884e-02;7.236097e-03
5.341524e-02;2.791764e-01;2.555028e-01;3.479214e-02;2.506640e-02;1.250754e-01;5.121008e-02;3.656780e-02;7.249366e-02;2.865969e-02;2.023369e-02;1.780677e-02
3.527028e-02;1.929767e-01;2.955321e-01;3.752250e-02;2.407522e-02;1.283196e-01;2.294374e-02;7.825682e-02;9.702207e-02;3.309578e-02;2.566843e-02;2.931674e-02
2.841071e-02;1.661199e-01;3.101411e-01;3.196530e-02;2.566966e-02;1.515829e-01;1.525258e-02;8.946121e-02;9.242579e-02;3.911757e-02;2.605968e-02;2.379352e-02
2.455471e-02;1.846472e-01;3.199055e-01;2.919384e-02;2.846034e-02;1.514387e-01;4.114338e-02;5.537784e-02;8.648179e-02;4.605030e-02;1.369847e-02;1.904792e-02
2.128686e-02;1.931341e-01;3.196132e-01;3.489244e-02;3.115858e-02;1.549760e-01;4.277793e-02;6.299550e-02;6.618387e-02;3.607660e-02;1.934526e-02;1.755974e-02
3.766414e-02;2.596056e-01;3.517892e-01;2.711398e-02;2.346941e-02;1.119541e-01;3.726873e-02;2.959622e-02;4.455345e-02;2.748021e-02;2.507591e-02;2.442905e-02
2.656366e-02;2.211536e-01;3.687163e-01;2.802476e-02;1.689052e-02;1.166021e-01;5.042340e-02;4.884551e-02;4.539123e-02;1.786801e-02;2.676492e-02;3.275593e-02
4.229454e-02;2.398025e-01;3.517253e-01;4.376825e-02;1.919034e-02;1.134023e-01;5.787757e-02;4.080406e-02;3.097526e-02;1.529416e-02;1.557798e-02;2.928781e-02
5.856379e-02;2.822371e-01;3.226524e-01;4.537262e-02;2.145140e-02;7.604209e-02;5.386614e-02;4.317180e-02;4.500277e-02;1.788185e-02;8.925182e-03;2.483292e-02
6.903245e-02;2.348019e-01;2.810005e-01;3.463827e-02;1.813033e-02;6.283689e-02;5.283578e-02;1.137598e-01;6.116221e-02;2.639399e-02;1.729866e-02;2.810927e-02
7.794985e-02;1.915979e-01;2.774440e-01;2.964246e-02;1.694029e-02;7.986582e-02;4.474337e-02;1.510755e-01;5.721124e-02;2.959366e-02;2.414997e-02;1.978595e-02
4.258204e-02;1.701660e-01;2.492328e-01;4.674359e-02;5.197143e-02;1.575617e-01;4.094119e-02;7.472143e-02;3.177281e-02;3.582923e-02;5.154201e-02;4.693575e-02
4.031913e-02;1.082067e-01;1.675073e-01;5.020950e-02;7.063426e-02;2.579946e-01;5.110415e-02;5.696194e-02;1.931999e-02;2.872228e-02;6.334236e-02;8.567781e-02
5.937909e-02;8.959386e-02;9.434021e-02;2.739388e-02;8.167417e-02;2.892332e-01;1.028856e-01;5.323665e-02;1.274766e-02;1.900269e-02;5.809012e-02;1.124228e-01
6.004396e-02;8.381804e-02;8.988823e-02;3.891491e-02;1.246585e-01;2.251248e-01;1.374693e-01;4.521739e-02;1.582074e-02;1.502776e-02;4.190018e-02;1.221161e-01
2.828538e-02;6.498448e-02;1.092689e-01;5.832230e-02;2.070411e-01;1.978925e-01;1.097644e-01;5.564192e-02;1.880029e-02;8.228146e-03;3.217201e-02;1.095985e-01
4.176376e-02;6.862764e-02;9.391921e-02;4.313714e-02;2.497647e-01;3.067165e-01;3.252510e-02;3.694374e-02;2.003284e-02;4.691018e-03;2.567289e-02;7.620552e-02
4.188471e-02;6.677622e-02;1.102237e-01;2.158866e-02;2.481223e-01;4.163988e-01;1.134887e-02;1.279348e-02;1.631979e-02;2.590934e-03;9.721225e-03;4.223138e-02
2.243845e-02;6.218383e-02;8.401371e-02;3.087152e-02;2.429618e-01;4.288917e-01;2.301360e-02;2.103192e-02;2.000091e-02;2.655803e-03;7.342581e-03;5.459409e-02
2.151073e-02;7.263733e-02;1.195398e-01;6.186328e-02;2.368711e-01;2.982532e-01;3.432916e-02;3.675562e-02;2.626646e-02;5.353668e-03;5.782967e-03;8.083659e-02
1.657337e-02;7.172277e-02;1.794658e-01;7.920308e-02;2.230570e-01;1.736481e-01;3.766751e-02;5.114402e-02;2.638086e-02;8.298539e-03;3.971678e-02;9.312224e-02
1.148673e-02;4.086663e-02;2.105613e-01;8.340176e-02;1.652023e-01;1.618965e-01;5.885790e-02;7.034313e-02;1.853125e-02;1.639936e-02;1.060789e-01;5.637405e-02
2.368082e-02;7.410195e-02;2.772139e-01;4.576893e-02;1.122143e-01;1.115875e-01;9.380341e-02;5.627728e-02;2.222909e-02;3.658279e-02;1.264450e-01;2.009503e-02
3.234980e-02;1.212642e-01;3.558945e-01;6.223275e-02;7.726618e-02;4.037900e-02;1.097055e-01;3.307083e-02;1.610865e-02;3.994378e-02;8.724679e-02;2.453794e-02
1.993152e-02;1.379486e-01;3.582368e-01;5.789128e-02;5.407441e-02;1.369105e-01;1.039524e-01;2.263716e-02;1.093368e-02;3.046189e-02;4.502101e-02;2.200067e-02
2.233966e-02;1.662577e-01;3.072915e-01;5.290282e-02;4.643768e-02;2.106457e-01;8.038345e-02;2.327357e-02;1.224505e-02;2.542680e-02;2.259624e-02;3.019989e-02
3.591665e-02;1.750391e-01;2.380652e-01;4.891072e-02;3.256227e-02;2.766027e-01;5.903677e-02;1.628901e-02;2.393066e-02;2.663864e-02;2.342629e-02;4.358213e-02
3.610559e-02;9.426527e-02;1.185621e-01;3.969643e-02;8.521380e-02;3.883749e-01;4.583053e-02;3.047818e-02;4.178865e-02;3.791722e-02;2.793576e-02;5.383159e-02
5.894934e-02;9.341481e-02;9.549464e-02;3.755128e-02;1.020239e-01;3.409770e-01;6.627618e-02;4.613168e-02;5.593080e-02;3.956302e-02;2.879038e-02;3.489694e-02
5.582438e-02;1.587164e-01;2.348591e-01;3.827993e-02;6.094240e-02;2.354737e-01;5.390992e-02;5.013699e-02;4.736951e-02;3.296177e-02;1.142081e-02;2.010503e-02
3.508565e-02;1.311461e-01;3.158866e-01;3.324550e-02;4.908073e-02;1.722861e-01;3.490521e-02;6.103425e-02;6.055711e-02;3.903218e-02;2.487132e-02;4.286909e-02
4.215851e-02;1.469051e-01;2.636193e-01;7.018332e-02;6.466611e-02;1.772322e-01;2.626242e-02;6.773646e-02;6.668991e-02;3.189088e-02;1.888883e-02;2.376691e-02
3.888962e-02;1.240481e-01;2.285848e-01;1.074844e-01;6.626267e-02;1.996178e-01;2.773989e-02;6.129095e-02;6.279342e-02;3.717128e-02;3.307310e-02;1.304393e-02
2.582272e-02;5.971075e-02;1.718777e-01;1.747517e-01;4.388584e-02;2.322155e-01;3.411677e-02;7.921765e-02;4.281543e-02;5.716495e-02;6.834018e-02;1.008075e-02
1.148253e-02;5.187303e-02;1.216006e-01;1.860017e-01;1.386483e-01;1.423555e-01;4.848867e-02;9.128941e-02;3.444479e-02;7.896630e-02;6.912953e-02;2.571974e-02
9.975394e-03;2.902822e-02;5.596058e-02;1.405189e-01;2.210713e-01;1.927157e-01;8.612406e-02;6.356774e-02;3.074232e-02;7.804221e-02;3.482289e-02;5.743059e-02
1.034209e-02;3.128322e-02;5.751987e-02;7.217477e-02;2.184487e-01;2.932108e-01;1.070357e-01;3.348358e-02;4.443030e-02;4.180803e-02;2.011499e-02;7.014796e-02
3.086487e-02;4.690283e-02;6.505360e-02;3.578004e-02;1.374141e-01;4.519739e-01;8.467050e-02;3.415928e-02;2.942139e-02;2.317187e-02;1.385487e-02;4.673276e-02
5.201935e-02;4.285707e-02;3.984153e-02;2.898844e-02;6.757358e-02;5.229980e-01;9.092209e-02;5.897234e-02;2.004189e-02;4.550593e-02;1.112862e-02;1.915115e-02
5.149359e-02;3.341244e-02;2.689161e-02;4.206476e-02;4.410649e-02;4.865290e-01;1.628475e-01;6.365350e-02;1.581146e-02;5.105767e-02;1.107393e-02;1.105813e-02
3.750152e-02;3.507662e-02;1.705989e-02;3.844957e-02;3.680468e-02;4.398721e-01;2.722800e-01;6.527994e-02;1.351690e-02;3.279708e-02;7.819710e-03;3.542017e-03
1.839955e-02;5.904677e-02;5.546121e-02;2.687083e-02;3.445176e-02;3.487336e-01;3.103496e-01;8.704171e-02;2.261461e-02;1.494349e-02;1.437987e-02;7.707058e-03
1.563363e-02;7.050504e-02;8.038442e-02;3.500408e-02;3.562070e-02;2.971353e-01;2.636623e-01;1.219875e-01;2.791008e-02;1.529105e-02;3.069690e-02;6.168946e-03
1.580810e-02;7.897842e-02;1.246795e-01;4.890978e-02;3.633967e-02;2.665014e-01;1.553405e-01;1.610906e-01;3.175184e-02;2.381963e-02;4.322759e-02;1.355296e-02
2.895003e-02;6.111813e-02;9.428325e-02;4.454464e-02;4.796898e-02;3.261002e-01;1.549232e-01;1.296113e-01;2.547353e-02;2.613885e-02;3.191211e-02;2.897587e-02
2.819162e-02;5.874500e-02;5.112928e-02;2.761712e-02;3.664658e-02;3.756111e-01;2.020392e-01;1.167095e-01;2.655844e-02;1.932516e-02;1.984947e-02;3.757754e-02
4.013007e-02;7.328246e-02;5.298566e-02;2.263776e-02;1.583047e-02;3.092762e-01;2.404089e-01;1.262388e-01;3.031287e-02;3.961919e-02;1.478433e-02;3.449336e-02
8.108765e-02;3.560235e-02;3.568628e-02;1.718851e-02;2.634530e-02;4.233312e-01;1.849547e-01;8.859073e-02;1.863494e-02;6.638513e-02;8.741536e-03;1.345167e-02
1.209965e-01;2.820808e-02;3.566259e-02;1.079122e-02;4.478151e-02;4.664291e-01;1.264312e-01;6.381715e-02;1.732938e-02;6.200774e-02;2.919805e-03;2.062566e-02
1.078744e-01;4.526598e-02;7.408086e-02;3.429195e-02;8.234799e-02;4.122853e-01;7.555504e-02;4.181754e-02;3.083165e-02;4.121884e-02;5.619658e-03;4.881081e-02
6.012709e-02;4.271765e-02;1.013908e-01;7.485404e-02;1.222163e-01;3.304170e-01;4.324776e-02;5.976950e-02;3.995814e-02;2.982554e-02;1.601946e-02;7.945670e-02
3.260503e-02;1.096656e-01;1.799266e-01;7.151537e-02;8.539584e-02;2.939264e-01;2.977047e-02;4.153448e-02;3.019794e-02;3.336902e-02;2.981365e-02;6.227951e-02
3.489263e-02;1.609254e-01;2.591986e-01;3.578804e-02;5.014599e-02;2.308072e-01;7.260024e-02;3.803751e-02;3.336031e-02;3.232893e-02;2.349231e-02;2.842285e-02
3.960334e-02;2.233475e-01;2.649013e-01;2.702601e-02;6.918894e-02;1.667443e-01;7.839536e-02;2.310203e-02;4.233168e-02;3.330122e-02;6.291005e-03;2.576729e-02
4.548207e-02;2.316595e-01;2.541153e-01;4.681281e-02;8.775627e-02;1.306214e-01;5.557708e-02;4.068288e-02;3.706476e-02;2.892120e-02;9.382463e-03;3.192429e-02
4.068562e-02;2.036680e-01;2.830051e-01;4.357015e-02;8.346715e-02;1.962895e-01;3.552538e-02;2.519692e-02;3.385802e-02;1.833373e-02;9.655410e-03;2.674509e-02
4.897667e-02;1.611014e-01;2.857871e-01;2.940085e-02;5.847583e-02;2.353577e-01;4.701357e-02;5.275675e-02;2.362137e-02;3.404407e-02;7.439136e-03;1.602554e-02
5.474033e-02;1.190429e-01;2.824266e-01;4.103455e-02;3.782821e-02;2.351687e-01;6.881475e-02;7.216342e-02;2.333153e-02;4.184947e-02;1.664744e-02;6.952106e-03
6.078283e-02;1.127324e-01;2.645457e-01;8.264487e-02;3.352992e-02;2.157446e-01;6.335078e-02;7.740253e-02;2.304049e-02;2.631322e-02;3.343447e-02;6.478249e-03
8.004814e-02;7.543842e-02;1.999630e-01;9.076745e-02;6.359429e-02;2.806551e-01;1.846817e-02;8.909050e-02;2.305458e-02;1.202837e-02;4.688919e-02;2.000286e-02
8.690090e-02;7.919167e-02;1.755135e-01;5.509155e-02;3.984743e-02;3.108654e-01;7.271799e-02;6.248683e-02;2.310225e-02;2.563536e-02;3.700469e-02;3.164245e-02
7.323617e-02;1.561426e-01;1.860196e-01;3.171354e-02;5.303065e-02;2.396844e-01;1.079440e-01;3.542074e-02;3.626534e-02;3.589507e-02;1.673958e-02;2.790822e-02
5.475147e-02;1.164210e-01;1.247093e-01;5.817599e-02;7.903107e-02;2.854125e-01;1.042281e-01;4.260305e-02;5.290181e-02;4.250281e-02;6.317229e-03;3.294561e-02
3.810010e-02;4.562401e-02;7.912205e-02;7.290292e-02;6.891142e-02;4.205522e-01;6.739291e-02;4.796937e-02;5.358936e-02;4.040858e-02;2.210726e-02;4.331983e-02
2.651902e-02;6.483111e-02;9.281414e-02;4.596852e-02;3.824791e-02;3.876942e-01;1.196844e-01;1.100399e-01;3.341998e-02;2.389069e-02;2.155564e-02;3.533445e-02
4.052050e-02;7.830173e-02;9.095826e-02;3.567604e-02;4.213581e-02;3.370475e-01;1.192711e-01;1.663219e-01;3.635357e-02;2.085017e-02;1.167848e-02;2.088497e-02
4.139758e-02;6.444808e-02;6.778099e-02;3.831962e-02;6.190962e-02;3.720092e-01;9.597149e-02;1.754580e-01;3.573775e-02;2.127367e-02;1.358788e-02;1.210606e-02
2.986669e-02;8.432690e-02;1.156326e-01;3.254218e-02;5.641453e-02;3.491263e-01;1.272490e-01;1.304099e-01;2.825565e-02;1.388483e-02;1.835513e-02;1.393628e-02
2.968735e-02;1.080127e-01;2.221677e-01;2.871012e-02;5.939650e-02;2.371863e-01;1.512537e-01;8.472276e-02;2.475690e-02;2.191421e-02;1.192204e-02;2.026964e-02
3.523711e-02;7.931232e-02;1.980956e-01;3.263101e-02;6.807705e-02;3.247605e-01;1.186770e-01;4.820003e-02;2.943736e-02;2.834471e-02;1.699024e-02;2.023718e-02
5.100540e-02;7.003030e-02;1.675257e-01;4.423263e-02;8.122571e-02;3.068637e-01;5.592848e-02;6.158249e-02;6.023351e-02;3.849058e-02;3.124615e-02;3.163536e-02
5.806243e-02;5.507616e-02;8.305705e-02;2.221442e-02;7.622831e-02;3.782535e-01;7.982279e-02;8.689099e-02;5.450748e-02;3.121600e-02;2.846251e-02;4.620832e-02
5.807324e-02;3.383200e-02;5.384715e-02;8.971614e-03;9.517554e-02;4.227037e-01;9.584109e-02;6.967918e-02;5.730578e-02;3.134499e-02;1.933435e-02;5.389132e-02
3.544703e-02;2.917227e-02;4.460588e-02;2.789639e-02;1.750938e-01;3.838598e-01;6.894620e-02;3.733093e-02;8.124553e-02;2.090818e-02;1.449089e-02;8.100311e-02
1.051495e-02;3.409988e-02;6.750473e-02;6.134843e-02;2.804041e-01;2.500663e-01;4.344987e-02;3.941507e-02;9.038442e-02;7.120402e-03;7.599907e-03;1.080919e-01
2.227239e-02;3.631069e-02;5.968571e-02;6.642563e-02;3.525869e-01;1.845819e-01;3.946488e-02;3.922093e-02;6.934364e-02;6.561278e-03;7.508436e-03;1.160376e-01
2.123822e-02;3.727413e-02;4.166855e-02;6.823429e-02;4.049950e-01;1.911038e-01;2.081989e-02;2.438225e-02;5.363960e-02;7.137293e-03;1.358910e-02;1.159179e-01
9.996061e-03;2.456199e-02;5.230603e-02;6.470516e-02;3.563595e-01;2.187838e-01;2.658346e-02;2.663342e-02;1.017405e-01;1.405213e-02;8.019374e-03;9.625850e-02
1.636365e-02;1.107733e-02;4.338336e-02;5.065670e-02;3.209463e-01;1.970317e-01;2.441174e-02;3.409949e-02;1.504966e-01;3.905848e-02;1.439026e-02;9.808432e-02
4.077246e-02;2.204886e-02;2.127899e-02;4.145976e-02;2.722442e-01;2.477837e-01;2.364545e-02;2.812943e-02;1.382428e-01;6.493936e-02;1.806913e-02;8.138584e-02
6.847949e-02;3.217669e-02;4.721027e-02;4.436256e-02;2.296163e-01;3.518705e-01;1.802429e-02;2.319099e-02;8.106822e-02;4.095031e-02;1.211306e-02;5.093731e-02
6.890454e-02;3.290304e-02;5.344017e-02;6.209809e-02;2.085472e-01;4.411381e-01;1.642414e-02;2.387439e-02;4.028049e-02;1.821291e-02;5.928078e-03;2.824883e-02
4.362499e-02;3.540299e-02;4.843230e-02;6.177925e-02;1.639985e-01;5.053702e-01;2.495068e-02;4.533755e-02;3.983763e-02;1.374415e-02;4.419766e-03;1.310197e-02
2.921812e-02;3.544264e-02;2.426862e-02;4.106022e-02;1.002806e-01;5.310755e-01;4.478464e-02;1.057033e-01;4.426215e-02;2.715515e-02;6.458754e-03;1.029029e-02
2.708852e-02;5.623251e-02;9.344006e-02;2.212923e-02;9.166272e-02;4.451869e-01;3.561364e-02;1.094772e-01;6.379981e-02;2.980295e-02;8.549975e-03;1.701652e-02
2.071718e-02;7.762097e-02;1.245616e-01;3.432495e-02;1.523225e-01;3.505792e-01;2.712429e-02;6.231286e-02;6.546920e-02;2.873311e-02;9.747329e-03;4.648679e-02
2.511848e-02;8.596265e-02;9.013335e-02;5.418119e-02;2.488075e-01;2.076860e-01;4.078434e-02;3.503123e-02;6.789875e-02;2.876459e-02;1.730864e-02;9.832331e-02
3.610021e-02;7.653672e-02;1.457948e-01;4.365529e-02;2.417897e-01;1.782783e-01;4.286880e-02;4.663401e-02;3.972965e-02;2.547082e-02;7.026818e-03;1.161148e-01
2.578816e-02;6.361810e-02;1.119396e-01;6.341486e-02;2.021423e-01;2.737547e-01;1.966475e-02;5.352130e-02;6.128852e-02;2.558731e-02;1.124049e-02;8.804005e-02
2.452035e-02;4.332239e-02;6.759893e-02;6.468438e-02;1.994492e-01;3.590058e-01;1.359255e-02;7.760096e-02;5.386946e-02;2.621960e-02;1.197786e-02;5.815848e-02
3.078887e-02;5.060257e-02;8.356871e-02;4.968315e-02;1.492069e-01;4.005654e-01;2.078405e-02;9.221549e-02;3.352908e-02;3.778397e-02;1.721631e-02;3.405553e-02
3.360557e-02;8.017058e-02;8.844191e-02;5.776471e-02;9.798279e-02;3.966169e-01;3.513860e-02;7.438713e-02;3.325732e-02;4.946041e-02;1.797892e-02;3.519524e-02
3.495886e-02;9.737120e-02;1.651532e-01;7.748693e-02;8.540120e-02;3.120016e-01;2.261798e-02;6.855154e-02;4.074274e-02;3.879796e-02;1.284564e-02;4.407115e-02
1.528162e-02;6.174055e-02;1.296794e-01;7.565646e-02;1.212306e-01;3.301243e-01;1.909688e-02;1.246291e-01;3.989955e-02;2.065971e-02;2.578134e-02;3.622052e-02
5.556592e-03;4.929916e-02;9.817467e-02;7.799555e-02;1.030074e-01;3.729182e-01;1.741084e-02;1.523776e-01;2.728391e-02;3.207329e-02;3.149287e-02;3.240995e-02
1.510263e-02;9.760078e-02;1.622335e-01;7.172886e-02;9.042008e-02;2.711567e-01;1.129078e-02;1.390075e-01;4.330673e-02;3.532114e-02;2.930816e-02;3.352308e-02
3.106213e-02;1.337632e-01;2.016949e-01;4.993165e-02;1.175832e-01;1.675890e-01;1.431511e-02;1.471934e-01;5.569804e-02;2.906905e-02;2.082819e-02;3.127210e-02
3.940285e-02;1.005913e-01;9.499883e-02;2.107691e-02;1.332632e-01;3.320322e-01;2.324999e-02;1.320080e-01;5.915199e-02;2.806091e-02;1.259806e-02;2.356577e-02
3.084870e-02;8.215414e-02;6.016862e-02;2.813783e-02;1.457162e-01;4.478895e-01;1.835079e-02;6.178539e-02;5.132394e-02;2.897060e-02;6.718656e-03;3.793560e-02
2.660324e-02;9.888740e-02;1.079419e-01;3.984385e-02;1.347197e-01;3.553444e-01;4.102346e-02;6.484346e-02;4.081970e-02;2.443052e-02;6.990024e-03;5.855232e-02
2.798271e-02;1.119611e-01;1.711201e-01;2.911278e-02;1.353026e-01;2.885712e-01;6.226093e-02;6.179573e-02;2.342645e-02;2.099680e-02;7.649438e-03;5.982009e-02
3.659562e-02;8.224244e-02;1.274166e-01;4.171290e-02;1.695134e-01;2.611975e-01;4.500851e-02;7.540138e-02;4.257010e-02;2.713800e-02;1.789003e-02;7.331344e-02
3.877562e-02;5.635681e-02;8.981092e-02;5.445886e-02;1.584707e-01;3.334757e-01;2.335524e-02;1.073322e-01;3.794256e-02;2.111096e-02;1.750958e-02;6.140076e-02
2.640784e-02;4.613769e-02;9.864996e-02;6.128122e-02;1.223414e-01;4.134620e-01;1.843243e-02;8.596758e-02;5.162152e-02;1.264997e-02;1.430102e-02;4.874742e-02
2.498616e-02;3.378024e-02;5.435615e-02;5.682721e-02;1.423226e-01;4.960845e-01;3.335349e-02;3.287690e-02;5.067828e-02;1.045347e-02;1.201045e-02;5.227054e-02
1.984450e-02;5.114100e-02;9.716783e-02;5.252787e-02;1.409910e-01;4.247110e-01;3.545942e-02;7.468304e-02;4.231816e-02;8.424966e-03;1.117286e-02;4.155835e-02
2.000659e-02;6.735906e-02;9.035017e-02;4.798064e-02;1.293876e-01;3.452941e-01;5.342310e-02;1.249363e-01;4.967273e-02;2.269831e-02;1.045552e-02;3.843576e-02
3.879677e-02;4.716948e-02;8.026328e-02;6.687956e-02;5.460514e-02;1.845062e-01;7.654934e-02;1.545791e-01;5.690212e-02;2.006990e-02;1.133106e-01;1.063685e-01
4.460955e-02;3.120915e-02;6.258871e-02;1.293809e-01;4.724329e-02;1.109104e-01;6.235505e-02;1.445513e-01;4.693574e-02;3.055100e-02;1.624460e-01;1.272189e-01
4.267494e-02;2.214609e-02;6.009721e-02;2.136093e-01;3.551728e-02;7.250413e-02;3.706079e-02;1.184140e-01;3.555625e-02;3.477987e-02;2.017961e-01;1.258440e-01
4.717447e-02;1.792498e-02;6.307404e-02;3.026730e-01;2.473867e-02;5.246913e-02;6.852057e-02;7.396889e-02;3.690331e-02;3.824886e-02;1.846154e-01;8.968879e-02
4.914314e-02;1.832937e-02;1.369183e-01;2.467384e-01;1.728209e-02;5.834728e-02;1.734931e-01;2.080362e-02;2.803704e-02;1.243037e-01;8.933930e-02;3.726474e-02
3.790564e-02;2.296220e-02;2.121176e-01;1.116966e-01;2.645647e-02;4.814813e-02;2.411565e-01;1.427423e-02;1.846719e-02;2.128358e-01;4.141087e-02;1.256878e-02
1.822874e-02;3.959451e-02;2.333852e-01;3.437521e-02;3.061470e-02;4.832427e-02;2.613851e-01;2.170196e-02;1.489471e-02;2.469742e-01;4.004765e-02;1.047381e-02
5.547218e-02;3.236239e-02;1.790849e-01;4.322964e-02;3.545617e-02;5.309585e-02;2.684953e-01;2.711627e-02;9.928557e-03;2.114134e-01;7.029166e-02;1.405363e-02
6.964828e-02;3.132700e-02;9.201591e-02;1.429161e-01;3.377989e-02;5.716310e-02;1.803889e-01;9.319460e-02;2.643778e-02;1.254088e-01;1.155173e-01;3.220228e-02
4.164502e-02;3.642499e-02;3.258689e-02;2.111807e-01;7.814989e-02;6.140193e-02;8.186027e-02;1.459855e-01;4.809007e-02;4.486377e-02;1.362139e-01;8.159706e-02
2.756810e-02;3.422142e-02;2.077163e-02;1.526110e-01;1.954958e-01;7.430501e-02;4.869480e-02;1.042431e-01;9.516081e-02;2.307215e-02;6.248536e-02;1.613708e-01
3.630210e-02;2.327276e-02;1.693559e-02;5.144639e-02;2.796773e-01;8.393175e-02;4.157621e-02;4.204829e-02;1.504972e-01;2.793624e-02;2.729423e-02;2.190819e-01
5.134277e-02;1.755893e-02;2.058738e-02;4.330102e-02;2.501485e-01;1.364849e-01;2.451196e-02;2.094371e-02;1.541959e-01;2.573443e-02;2.425067e-02;2.309398e-01
6.155114e-02;1.654644e-02;3.201744e-02;4.253114e-02;1.592535e-01;2.013597e-01;4.385499e-02;3.501611e-02;1.234200e-01;2.731023e-02;3.429448e-02;2.228449e-01
5.514324e-02;6.328834e-02;8.458345e-02;4.707055e-02;9.010046e-02;2.041057e-01;7.090350e-02;5.242872e-02;8.553930e-02;3.555402e-02;4.875579e-02;1.625269e-01
4.827276e-02;1.443883e-01;1.642652e-01;4.350851e-02;9.398045e-02;1.266861e-01;5.244081e-02;6.042364e-02;6.147139e-02;4.902455e-02;7.327603e-02;8.226223e-02
4.834349e-02;1.712276e-01;2.180779e-01;8.089844e-02;6.710142e-02;9.478464e-02;2.279011e-02;7.275593e-02;5.879742e-02;5.908819e-02;7.977160e-02;2.636319e-02
4.724439e-02;1.117317e-01;2.071723e-01;1.333711e-01;1.080561e-01;1.297596e-01;2.858022e-02;5.192282e-02;6.529072e-02;4.126105e-02;5.421553e-02;2.139455e-02
3.112810e-02;8.129638e-02;1.589405e-01;1.414394e-01;1.373530e-01;1.995279e-01;3.503587e-02;3.836202e-02;5.774396e-02;3.563218e-02;4.141689e-02;4.212387e-02
2.789934e-02;6.111379e-02;8.640534e-02;1.084195e-01;1.698849e-01;2.539384e-01;4.700911e-02;5.388196e-02;5.833197e-02;3.390635e-02;2.690501e-02;7.230430e-02
2.778381e-02;6.301457e-02;1.343595e-01;8.686638e-02;1.688718e-01;2.724594e-01;3.703757e-02;4.763839e-02;5.044404e-02;3.060244e-02;1.479733e-02;6.612476e-02
2.613289e-02;8.468596e-02;1.883102e-01;1.068600e-01;1.344622e-01;2.210450e-01;2.432240e-02;2.176692e-02;3.710695e-02;4.309295e-02;4.390393e-02;6.831069e-02
3.569067e-02;1.007985e-01;1.978512e-01;8.557519e-02;1.158222e-01;1.264539e-01;5.005604e-02;3.731618e-02;4.183242e-02;5.041650e-02;5.512169e-02;1.030654e-01
4.274002e-02;9.922354e-02;1.622699e-01;9.044808e-02;1.118226e-01;9.961371e-02;7.279699e-02;7.538870e-02;4.516713e-02;4.712861e-02;4.201330e-02;1.113875e-01
3.796129e-02;9.542576e-02;1.564344e-01;1.061030e-01;7.792081e-02;1.458181e-01;3.076012e-02;7.015947e-02;3.787069e-02;5.820505e-02;6.003568e-02;1.233056e-01
2.780855e-02;9.360034e-02;1.828696e-01;7.481531e-02;5.315203e-02;1.638417e-01;6.423968e-02;4.169795e-02;3.288992e-02;5.233824e-02;8.759960e-02;1.251471e-01
3.588470e-02;9.233807e-02;1.760886e-01;5.046796e-02;7.432418e-02;1.850979e-01;8.490685e-02;4.850208e-02;3.526894e-02;4.878246e-02;7.481083e-02;9.352740e-02
2.624712e-02;1.073354e-01;1.864166e-01;5.970433e-02;1.057215e-01;1.810462e-01;7.775009e-02;5.495536e-02;5.662180e-02;4.167115e-02;5.586148e-02;4.666904e-02
2.901809e-02;1.333226e-01;2.152485e-01;9.628009e-02;7.489266e-02;1.922310e-01;6.099768e-02;7.469782e-02;4.287213e-02;1.934423e-02;3.702777e-02;2.406749e-02
2.920865e-02;1.273152e-01;1.562059e-01;1.224608e-01;7.969728e-02;2.066863e-01;4.972513e-02;8.941179e-02;3.116139e-02;3.056455e-02;3.602896e-02;4.153404e-02
2.828391e-02;1.183847e-01;1.368643e-01;1.288124e-01;9.644965e-02;1.829591e-01;4.318408e-02;8.949104e-02;2.359882e-02;2.667454e-02;7.094075e-02;5.435659e-02
4.303706e-02;1.195903e-01;1.589964e-01;1.277468e-01;9.586472e-02;1.444967e-01;4.244099e-02;6.977714e-02;2.452566e-02;3.394219e-02;8.341154e-02;5.617058e-02
5.158528e-02;1.189828e-01;1.942312e-01;1.014107e-01;1.081048e-01;1.472310e-01;6.673853e-02;4.762860e-02;3.913441e-02;2.100025e-02;4.438839e-02;5.956404e-02
4.386869e-02;1.226535e-01;1.827562e-01;1.035522e-01;8.773226e-02;1.258487e-01;5.811796e-02;7.473060e-02;4.691992e-02;3.528289e-02;3.870523e-02;7.983183e-02
6.487075e-02;1.038289e-01;1.296303e-01;1.370226e-01;5.692601e-02;8.904997e-02;9.448847e-02;9.173007e-02;4.602025e-02;3.692667e-02;6.051251e-02;8.899356e-02
8.737838e-02;1.031258e-01;1.315707e-01;1.487064e-01;7.791881e-02;4.934337e-02;9.736088e-02;7.293699e-02;5.520119e-02;2.707934e-02;7.562657e-02;7.375155e-02
8.727192e-02;8.947653e-02;1.362913e-01;9.180915e-02;9.151912e-02;2.210665e-01;6.517264e-02;6.082538e-02;6.045084e-02;2.144967e-02;5.528127e-02;1.938562e-02
6.058528e-02;6.342226e-02;6.170405e-02;5.278319e-02;9.264227e-02;3.640110e-01;4.328557e-02;9.240812e-02;5.271994e-02;2.079588e-02;3.157191e-02;6.407049e-02
3.108278e-02;6.150817e-02;1.083864e-01;8.428813e-02;1.531316e-01;3.142457e-01;4.024440e-02;5.737386e-02;3.749834e-02;1.511155e-02;1.924086e-02;7.788821e-02
1.510946e-02;5.918706e-02;1.174831e-01;1.230853e-01;2.413658e-01;2.013567e-01;5.969054e-02;2.952641e-02;2.621131e-02;2.336060e-02;1.500666e-02;8.861719e-02
1.482820e-02;4.135223e-02;5.138048e-02;1.649092e-01;3.095514e-01;1.801180e-01;4.530124e-02;2.355047e-02;2.180456e-02;2.342700e-02;1.982430e-02;1.039528e-01
8.908933e-03;4.121125e-02;1.414336e-01;1.928887e-01;2.239881e-01;1.736509e-01;2.657436e-02;3.383140e-02;3.815400e-02;2.129698e-02;1.284430e-02;8.521740e-02
7.814109e-03;5.139638e-02;2.069761e-01;1.697813e-01;1.402162e-01;1.847410e-01;3.617468e-02;3.685177e-02;3.998150e-02;1.861239e-02;3.244430e-02;7.501029e-02
6.755078e-03;4.435460e-02;2.083895e-01;1.438560e-01;1.039363e-01;1.993881e-01;5.327961e-02;4.647047e-02;2.879135e-02;2.282954e-02;5.116996e-02;9.077948e-02
1.670456e-02;3.837090e-02;2.067081e-01;1.195539e-01;1.106071e-01;2.037037e-01;5.782400e-02;5.707818e-02;2.644338e-02;2.931919e-02;5.287357e-02;8.081333e-02
2.823104e-02;1.089387e-01;2.922783e-01;1.101050e-01;9.922743e-02;7.425150e-02;5.392697e-02;7.445873e-02;3.099935e-02;2.279455e-02;5.770089e-02;4.708761e-02
2.506801e-02;1.122925e-01;2.944411e-01;9.289509e-02;8.863918e-02;1.726597e-01;4.833021e-02;4.567484e-02;3.154150e-02;2.121694e-02;4.768962e-02;1.955131e-02
1.847013e-02;7.517450e-02;2.124647e-01;9.679195e-02;1.150817e-01;2.627358e-01;2.267835e-02;4.140161e-02;3.385060e-02;2.151696e-02;5.915539e-02;4.067829e-02
2.349942e-02;4.581594e-02;1.786625e-01;8.652125e-02;1.070273e-01;3.665735e-01;2.092385e-02;4.232316e-02;3.390447e-02;2.542689e-02;4.736308e-02;2.195863e-02
1.036801e-02;6.391504e-02;2.559550e-01;6.909270e-02;7.858933e-02;3.896475e-01;1.643590e-02;1.965318e-02;3.255088e-02;2.605428e-02;1.735612e-02;2.038209e-02
1.331449e-02;5.931728e-02;2.675568e-01;7.553530e-02;7.279881e-02;3.221249e-01;1.335371e-02;4.820717e-02;2.768584e-02;2.282810e-02;4.867625e-02;2.860136e-02
1.432987e-02;5.003524e-02;2.496289e-01;8.369248e-02;5.918440e-02;3.050895e-01;1.899991e-02;4.850246e-02;2.276567e-02;1.788772e-02;6.756935e-02;6.231445e-02
1.559536e-02;4.005499e-02;2.163347e-01;8.269739e-02;6.154240e-02;3.421272e-01;2.062727e-02;4.528098e-02;1.754196e-02;1.647943e-02;6.784951e-02;7.386874e-02
3.106421e-02;7.126775e-02;1.671665e-01;3.662762e-02;9.546937e-02;3.231194e-01;5.530647e-02;5.988955e-02;3.143616e-02;1.941943e-02;3.938494e-02;6.984867e-02
5.465997e-02;5.027921e-02;8.599856e-02;3.222411e-02;9.078552e-02;3.464245e-01;8.206017e-02;7.972163e-02;4.237301e-02;4.087669e-02;2.687629e-02;6.772031e-02
8.521868e-02;2.882598e-02;3.752088e-02;1.993106e-02;5.632496e-02;4.155398e-01;9.110869e-02;6.142582e-02;3.423290e-02;1.003662e-01;2.454549e-02;4.495956e-02
1.210739e-01;1.676657e-02;3.407414e-02;1.389188e-02;2.436694e-02;4.540492e-01;4.413684e-02;3.445182e-02;1.616491e-02;2.102409e-01;1.386258e-02;1.692039e-02
1.526444e-01;1.590952e-02;3.639965e-02;2.217586e-02;3.082787e-02;4.335499e-01;6.755545e-03;2.775006e-02;1.529966e-02;2.537086e-01;2.116616e-03;2.862410e-03
1.734045e-01;8.667232e-03;2.661927e-02;2.223580e-02;2.119152e-02;4.435010e-01;1.077298e-02;3.327634e-02;1.972062e-02;2.303412e-01;8.081361e-03;2.188206e-03
1.737877e-01;1.133235e-02;2.558488e-02;2.528886e-02;1.752902e-02;4.135340e-01;1.552318e-02;5.738880e-02;1.597992e-02;2.149411e-01;2.280643e-02;6.303746e-03
1.725276e-01;1.824462e-02;4.484788e-02;2.028712e-02;1.944054e-02;3.693462e-01;2.106885e-02;5.976614e-02;1.405760e-02;2.203194e-01;3.257338e-02;7.520660e-03
1.565397e-01;2.925454e-02;6.098703e-02;1.204849e-02;2.155718e-02;4.034639e-01;2.419039e-02;4.945195e-02;1.769890e-02;2.003775e-01;1.969759e-02;4.732733e-03
1.396100e-01;2.524215e-02;4.103534e-02;1.018090e-02;2.131189e-02;4.620968e-01;3.004343e-02;5.423302e-02;2.075389e-02;1.663074e-01;1.384850e-02;1.533670e-02
1.195325e-01;2.094669e-02;3.177041e-02;1.827605e-02;4.747002e-02;4.497859e-01;3.090249e-02;5.207003e-02;6.156256e-02;1.184238e-01;1.392430e-02;3.533532e-02
5.768979e-02;2.443805e-02;4.923293e-02;2.367046e-02;1.081024e-01;3.062677e-01;3.242256e-02;5.556564e-02;1.804005e-01;5.530710e-02;1.243972e-02;9.446316e-02
2.373374e-02;2.522109e-02;5.045168e-02;3.260854e-02;1.324912e-01;2.023492e-01;1.814807e-02;8.344775e-02;2.308143e-01;1.865489e-02;3.818999e-02;1.438895e-01
1.480999e-02;2.700491e-02;4.895438e-02;8.245797e-02;8.693049e-02;1.627914e-01;2.577605e-02;1.773441e-01;1.476067e-01;3.008672e-02;9.684230e-02;9.939507e-02
3.783612e-02;3.178731e-02;6.926645e-02;1.143974e-01;3.342068e-02;1.171960e-01;9.429801e-02;2.062843e-01;5.482782e-02;8.003265e-02;1.207858e-01;3.986752e-02
6.304872e-02;3.985773e-02;1.159500e-01;6.975076e-02;1.735135e-02;7.602160e-02;1.685005e-01;1.155940e-01;4.782308e-02;1.842677e-01;6.128091e-02;4.055365e-02
4.922394e-02;7.568897e-02;1.265255e-01;2.465161e-02;1.898233e-02;1.215326e-01;1.406181e-01;3.663886e-02;8.330927e-02;2.032670e-01;1.913082e-02;1.004311e-01
2.158934e-02;1.109640e-01;9.107007e-02;3.472030e-02;1.575312e-02;1.894847e-01;5.064402e-02;2.734967e-02;1.758437e-01;1.181815e-01;5.866228e-03;1.585333e-01
1.856867e-02;1.323658e-01;4.483294e-02;3.477623e-02;1.924668e-02;2.090060e-01;2.779822e-02;2.431616e-02;2.709683e-01;6.555935e-02;1.088662e-02;1.416751e-01
2.762743e-02;1.619137e-01;4.749055e-02;3.645774e-02;1.809074e-02;1.898208e-01;2.651604e-02;2.606013e-02;3.373167e-01;3.721039e-02;1.425154e-02;7.724430e-02
3.293389e-02;1.771618e-01;6.347138e-02;3.726935e-02;1.281535e-02;1.669280e-01;2.559081e-02;2.938166e-02;3.430281e-01;2.880523e-02;1.923929e-02;6.337506e-02
2.564482e-02;1.638762e-01;5.457615e-02;2.887096e-02;1.433500e-02;1.916249e-01;2.633706e-02;2.854848e-02;3.018541e-01;2.770298e-02;1.009423e-02;1.265351e-01
2.437365e-02;1.483979e-01;6.700853e-02;2.000178e-02;1.727585e-02;2.091869e-01;2.865608e-02;3.013179e-02;2.410925e-01;3.210542e-02;1.521606e-02;1.665535e-01
2.306157e-02;1.251576e-01;9.913702e-02;1.849556e-02;1.851347e-02;2.392723e-01;1.726938e-02;3.783695e-02;1.710793e-01;4.119500e-02;2.669788e-02;1.822839e-01
2.812535e-02;1.191382e-01;1.232798e-01;1.964684e-02;1.696333e-02;2.473593e-01;3.467803e-02;6.185576e-02;8.366513e-02;8.011056e-02;2.841858e-02;1.567591e-01
4.209168e-02;9.864081e-02;1.865340e-01;1.028351e-02;2.387530e-02;1.706851e-01;1.038028e-01;4.126870e-02;3.317259e-02;1.788185e-01;1.833497e-02;9.249205e-02
6.467951e-02;5.718618e-02;2.202978e-01;1.197021e-02;2.664929e-02;7.482761e-02;2.495971e-01;1.946115e-02;1.976457e-02;1.978898e-01;1.062380e-02;4.705300e-02
9.808558e-02;5.819789e-02;1.872856e-01;4.312069e-02;2.443586e-02;5.935923e-02;2.762945e-01;2.081105e-02;3.025774e-02;1.362566e-01;3.465882e-02;3.123645e-02
1.055959e-01;6.240387e-02;1.298975e-01;1.407302e-01;1.483162e-02;5.261977e-02;2.145387e-01;6.062517e-02;3.834842e-02;7.015810e-02;8.333006e-02;2.692072e-02
5.762226e-02;6.867132e-02;5.872852e-02;2.960805e-01;2.272474e-02;4.277578e-02;9.643916e-02;1.358765e-01;2.833235e-02;2.131288e-02;1.539712e-01;1.746480e-02
2.230732e-02;8.038066e-02;3.267790e-02;3.845268e-01;2.623689e-02;3.614895e-02;3.002743e-02;1.558849e-01;2.629264e-02;2.237879e-02;1.745093e-01;8.628380e-03
2.176661e-02;9.084488e-02;4.969164e-02;3.565275e-01;3.566431e-02;4.329561e-02;3.003086e-02;1.173372e-01;3.028053e-02;3.197173e-02;1.548781e-01;3.771099e-02
2.382228e-02;7.597967e-02;8.212818e-02;2.338579e-01;8.459725e-02;6.137974e-02;4.279070e-02;6.833319e-02;2.232296e-02;4.566937e-02;1.746855e-01;8.443312e-02
1.657680e-02;8.111759e-02;9.546160e-02;1.522796e-01;1.224355e-01;6.847358e-02;3.592565e-02;3.618230e-02;2.098730e-02;5.396111e-02;1.875504e-01;1.290486e-01
1.994078e-02;7.262328e-02;1.105164e-01;1.297564e-01;1.366418e-01;6.861538e-02;4.354323e-02;4.730783e-02;3.077112e-02;4.369146e-02;1.469255e-01;1.496669e-01
3.744801e-02;6.363016e-02;1.206292e-01;1.165880e-01;1.219409e-01;1.133409e-01;8.771370e-02;8.049715e-02;2.682100e-02;4.012984e-02;7.808636e-02;1.131747e-01
2.819649e-02;6.214197e-02;1.250733e-01;1.738342e-01;9.463494e-02;1.224058e-01;7.875839e-02;7.000285e-02;2.623963e-02;2.844523e-02;1.338982e-01;5.636902e-02
3.633774e-02;8.026772e-02;1.490543e-01;2.003043e-01;7.323626e-02;1.357177e-01;4.789812e-02;5.216379e-02;2.393793e-02;2.683749e-02;1.480604e-01;2.618432e-02
6.128857e-02;1.111616e-01;1.721380e-01;1.565087e-01;5.254189e-02;1.550810e-01;4.596624e-02;5.187410e-02;1.974294e-02;2.539722e-02;1.254852e-01;2.281459e-02
6.293736e-02;1.174256e-01;2.036719e-01;1.020039e-01;4.638582e-02;1.777885e-01;4.848481e-02;5.333761e-02;3.244775e-02;3.988361e-02;9.318949e-02;2.244356e-02
3.153798e-02;1.217969e-01;2.270824e-01;8.302415e-02;4.146910e-02;1.497878e-01;7.645246e-02;6.379885e-02;4.705914e-02;4.457827e-02;9.048779e-02;2.292508e-02
1.461532e-02;1.522516e-01;2.593580e-01;9.270741e-02;3.217349e-02;8.443127e-02;1.008502e-01;5.292205e-02;4.931075e-02;4.125720e-02;9.564641e-02;2.447638e-02
2.359727e-02;2.242548e-01;2.716020e-01;6.723154e-02;2.761591e-02;1.290067e-01;4.427812e-02;3.880804e-02;4.378098e-02;2.115791e-02;7.510567e-02;3.356096e-02
2.827667e-02;2.656076e-01;2.275212e-01;7.729151e-02;2.962501e-02;1.545605e-01;7.011291e-02;1.948578e-02;4.221273e-02;1.659830e-02;4.297142e-02;2.573633e-02
4.926819e-02;2.518246e-01;2.379272e-01;1.043630e-01;4.634495e-02;1.115462e-01;4.839916e-02;3.829364e-02;3.566601e-02;1.499474e-02;3.430279e-02;2.706961e-02
6.079017e-02;2.205428e-01;2.422078e-01;9.711590e-02;5.737220e-02;1.065632e-01;2.904676e-02;6.382762e-02;3.491325e-02;1.644118e-02;4.593670e-02;2.524249e-02
4.676418e-02;1.726447e-01;2.061579e-01;9.693781e-02;3.643229e-02;1.458360e-01;7.401598e-02;7.580482e-02;4.181175e-02;2.097846e-02;5.296010e-02;2.965613e-02
2.529419e-02;1.048413e-01;2.150446e-01;1.348855e-01;2.900114e-02;1.488481e-01;1.084439e-01;4.567352e-02;5.565784e-02;1.957253e-02;5.517088e-02;5.756648e-02
3.195491e-02;1.334006e-01;2.069804e-01;1.031991e-01;3.771078e-02;1.344872e-01;1.080282e-01;7.327167e-02;4.536508e-02;3.188590e-02;5.099673e-02;4.271951e-02
2.284276e-02;1.199601e-01;1.297936e-01;6.617466e-02;7.397184e-02;1.657140e-01;1.072218e-01;1.092353e-01;6.739933e-02;5.371051e-02;5.239035e-02;3.158564e-02
2.789212e-02;1.092613e-01;8.917841e-02;4.408456e-02;1.158421e-01;1.462231e-01;7.979384e-02;1.185506e-01;1.013026e-01;1.052724e-01;3.153046e-02;3.106869e-02
5.572895e-02;1.239087e-01;1.268057e-01;6.680891e-02;1.130030e-01;7.274116e-02;4.562455e-02;8.174247e-02;1.046518e-01;1.403602e-01;4.269466e-02;2.593002e-02
8.418383e-02;1.078175e-01;1.310256e-01;1.313872e-01;6.841024e-02;3.726307e-02;7.098252e-02;4.463675e-02;1.354803e-01;8.664492e-02;7.919648e-02;2.297155e-02
9.538142e-02;8.285148e-02;1.114696e-01;1.601722e-01;3.725139e-02;3.917727e-02;6.359480e-02;6.975437e-02;1.806788e-01;3.710967e-02;8.718283e-02;3.537614e-02
6.361448e-02;7.155258e-02;1.353319e-01;1.563685e-01;5.322419e-02;5.438079e-02;4.900391e-02;9.112954e-02;1.838347e-01;2.096699e-02;7.821473e-02;4.237768e-02
2.212882e-02;8.119957e-02;1.950985e-01;1.173994e-01;6.922813e-02;6.508081e-02;4.641705e-02;1.444825e-01;1.434927e-01;3.348166e-02;4.344808e-02;3.854280e-02
2.196757e-02;8.135174e-02;2.212196e-01;6.524801e-02;4.925016e-02;1.023328e-01;2.702669e-02;1.902937e-01;8.844747e-02;5.412815e-02;2.397946e-02;7.475462e-02
1.422956e-02;8.551135e-02;2.299463e-01;5.299945e-02;2.957328e-02;9.380051e-02;2.439392e-02;2.229061e-01;6.359448e-02;6.887188e-02;1.941520e-02;9.475802e-02
2.614020e-02;8.961275e-02;2.033290e-01;4.401520e-02;5.178068e-02;6.335886e-02;6.676357e-02;2.121585e-01;5.722307e-02;5.674388e-02;5.547913e-02;7.339518e-02
4.361558e-02;1.169363e-01;1.698535e-01;4.269878e-02;6.694185e-02;8.584828e-02;9.373605e-02;1.577968e-01;6.806569e-02;4.057125e-02;7.164048e-02;4.229540e-02
4.908527e-02;1.280333e-01;1.661726e-01;5.032024e-02;6.010669e-02;1.511162e-01;8.767083e-02;9.110463e-02;6.865947e-02;6.040414e-02;5.004736e-02;3.727929e-02
5.188768e-02;1.547157e-01;1.934743e-01;3.511267e-02;4.617038e-02;1.232866e-01;5.228275e-02;1.196645e-01;6.864988e-02;6.487324e-02;5.805117e-02;3.183106e-02
5.788612e-02;1.811555e-01;2.682682e-01;8.089431e-02;2.910642e-02;3.551455e-02;5.025950e-02;1.005846e-01;7.395250e-02;5.081566e-02;5.805028e-02;1.351226e-02
5.709618e-02;1.494911e-01;2.718911e-01;8.308684e-02;3.134182e-02;8.184502e-02;7.459663e-02;8.652730e-02;6.646620e-02;4.130123e-02;4.086525e-02;1.549128e-02
4.069254e-02;1.319007e-01;2.367536e-01;8.679102e-02;4.191111e-02;1.137613e-01;7.273399e-02;1.049242e-01;7.664791e-02;3.911188e-02;3.421704e-02;2.055464e-02
4.542378e-02;1.616328e-01;2.322580e-01;6.299027e-02;2.535716e-02;1.268528e-01;5.335610e-02;1.086029e-01;7.940961e-02;3.432558e-02;4.390635e-02;2.588476e-02
4.210631e-02;1.555910e-01;2.615352e-01;4.211659e-02;3.315083e-02;1.094217e-01;2.909970e-02;1.157386e-01;9.265332e-02;2.665637e-02;5.660746e-02;3.532287e-02
4.124445e-02;1.141357e-01;2.186846e-01;6.556403e-02;4.101552e-02;1.244266e-01;5.073162e-02;1.225111e-01;8.157178e-02;5.947500e-02;4.935177e-02;3.128783e-02
6.479941e-02;1.289728e-01;2.050250e-01;4.606268e-02;5.039058e-02;9.030403e-02;6.252296e-02;1.464607e-01;5.869770e-02;6.672219e-02;4.575421e-02;3.428773e-02
4.618036e-02;1.437551e-01;1.845164e-01;3.014091e-02;3.983346e-02;1.596546e-01;3.936533e-02;1.534425e-01;7.536322e-02;4.585682e-02;4.809229e-02;3.379895e-02
