4.269368e-01;1.834819e-01;3.459433e-02;3.862925e-02;3.101578e-02;1.819043e-02;5.457119e-02;5.498509e-02;2.081614e-02;3.692792e-02;7.299016e-02;2.686098e-02
4.969871e-01;9.973404e-02;3.324246e-02;2.331013e-02;2.530846e-02;1.717457e-02;6.506576e-02;5.956251e-02;2.531929e-02;4.055251e-02;7.923841e-02;3.450483e-02
4.101464e-01;2.202683e-01;2.580113e-02;2.277060e-02;1.387262e-02;2.232921e-02;6.992581e-02;6.491802e-02;2.650168e-02;4.465453e-02;5.644517e-02;2.236653e-02
2.329713e-01;2.985340e-01;5.451617e-02;2.519744e-02;2.930548e-02;5.005096e-02;9.702540e-02;8.455706e-02;2.615369e-02;5.208326e-02;3.723450e-02;1.237075e-02
4.175999e-02;1.742042e-01;6.437244e-02;5.565673e-02;7.138482e-02;8.712883e-02;2.001966e-01;1.084179e-01;4.972472e-02;4.482208e-02;5.256330e-02;4.976843e-02
6.016144e-02;7.967337e-02;4.147188e-02;4.919455e-02;1.256898e-01;1.041585e-01;2.293422e-01;9.036943e-02;9.135259e-02;2.389158e-02;2.420631e-02;8.048826e-02
5.003235e-02;5.031281e-02;2.894025e-02;3.667455e-02;1.787213e-01;1.020881e-01;1.989968e-01;6.977300e-02;1.450071e-01;1.606291e-02;1.354068e-02;1.098502e-01
4.026237e-02;4.213648e-02;1.599396e-02;3.074867e-02;2.304001e-01;9.805617e-02;1.593216e-01;5.580154e-02;1.501902e-01;1.497726e-02;1.459156e-02;1.475200e-01
4.073998e-02;1.094090e-02;1.982115e-02;3.818990e-02;2.771952e-01;1.277256e-01;1.181105e-01;3.745990e-02;1.279818e-01;9.697116e-03;1.913019e-02;1.730079e-01
4.565181e-02;2.864733e-02;2.861797e-02;4.670524e-02;2.729599e-01;1.310761e-01;1.232931e-01;4.819160e-02;1.102164e-01;1.015192e-02;1.720350e-02;1.372849e-01
6.161890e-02;5.753593e-02;4.531939e-02;5.865967e-02;1.860164e-01;1.323116e-01;1.802060e-01;7.843529e-02;7.441167e-02;1.423538e-02;2.144136e-02;8.980847e-02
7.876725e-02;1.180457e-01;3.809432e-02;5.332313e-02;1.047902e-01;1.184615e-01;2.192371e-01;1.217560e-01;4.418510e-02;1.467998e-02;2.101431e-02;6.764542e-02
1.703004e-01;1.810551e-01;3.291951e-02;3.434948e-02;6.277190e-02;9.418193e-02;1.632441e-01;1.231743e-01;2.625469e-02;1.328832e-02;4.125835e-02;5.720195e-02
3.015723e-01;1.645520e-01;2.900023e-02;3.084365e-02;9.004710e-02;5.563187e-02;8.313892e-02;1.012998e-01;4.087655e-02;1.499928e-02;4.345388e-02;4.458443e-02
2.903652e-01;1.735891e-01;3.213602e-02;4.945518e-02;7.694922e-02;4.292655e-02;1.312415e-01;7.820678e-02;3.960851e-02;1.516377e-02;3.532678e-02;3.503146e-02
2.989233e-01;2.036465e-01;3.643885e-02;4.779001e-02;8.782815e-02;3.952420e-02;9.118172e-02;7.172509e-02;4.645205e-02;1.773007e-02;2.453400e-02;3.422607e-02
2.371686e-01;1.149044e-01;3.251931e-02;4.137725e-02;1.161664e-01;7.480424e-02;1.080230e-01;8.811712e-02;6.695680e-02;1.962828e-02;5.347990e-02;4.685470e-02
1.052750e-01;1.058538e-01;3.495489e-02;5.751434e-02;9.170646e-02;1.152861e-01;1.929622e-01;9.452796e-02;7.657272e-02;2.554163e-02;5.351391e-02;4.629102e-02
1.271679e-01;1.640303e-01;3.202669e-02;4.213869e-02;6.982848e-02;9.483460e-02;1.031492e-01;1.023778e-01;6.354754e-02;5.271504e-02;1.163142e-01;3.186959e-02
9.952427e-02;8.320717e-02;3.679033e-02;3.589891e-02;4.777146e-02;7.487971e-02;2.403003e-01;1.262181e-01;4.832014e-02;4.729692e-02;1.018533e-01;5.793948e-02
6.640226e-02;6.443261e-02;2.811499e-02;3.380458e-02;6.676234e-02;7.862544e-02;2.885544e-01;1.394488e-01;4.066988e-02;3.196232e-02;7.303680e-02;8.818562e-02
3.751849e-02;2.557732e-02;3.196957e-02;2.744960e-02;1.136007e-01;1.000784e-01;2.937619e-01;1.231632e-01;4.142106e-02;2.182626e-02;5.456527e-02;1.290682e-01
3.011014e-02;4.436641e-02;4.279242e-02;7.414789e-02;1.180573e-01;9.543453e-02;2.300969e-01;1.224910e-01;2.729850e-02;1.711426e-02;6.821150e-02;1.298792e-01
6.134356e-02;7.792667e-02;6.683929e-02;1.264548e-01;8.743924e-02;7.417028e-02;1.413818e-01;1.109165e-01;2.593961e-02;2.230989e-02;1.229720e-01;8.230633e-02
8.479281e-02;9.573068e-02;1.225679e-01;1.499557e-01;5.453696e-02;4.509623e-02;9.537417e-02;8.020055e-02;4.578278e-02;3.336090e-02;1.598686e-01;3.273266e-02
1.147289e-01;1.022539e-01;1.896371e-01;1.407068e-01;4.210118e-02;2.530339e-02;9.534659e-02;3.453420e-02;5.178077e-02;5.417492e-02;1.348733e-01;1.455898e-02
9.984966e-02;2.024347e-01;1.995553e-01;8.670266e-02;3.874721e-02;1.654446e-02;1.088542e-01;2.676618e-02;3.844995e-02;9.692781e-02;7.614350e-02;9.024342e-03
8.456759e-02;3.286921e-01;1.531494e-01;4.305513e-02;3.597362e-02;2.415853e-02;8.073995e-02;3.996020e-02;4.812492e-02;1.077991e-01;3.075718e-02;2.302228e-02
1.100829e-01;4.306756e-01;6.705908e-02;2.791003e-02;2.057649e-02;5.276456e-02;3.627738e-02;5.066320e-02;8.643800e-02;6.696939e-02;1.196815e-02;3.861525e-02
1.796569e-01;4.292244e-01;2.902328e-02;2.902639e-02;1.441296e-02;5.239823e-02;2.446016e-02;5.840071e-02;1.081996e-01;2.850435e-02;1.664897e-02;3.004408e-02
2.887620e-01;3.396204e-01;1.431262e-02;2.058970e-02;2.007108e-02;2.555099e-02;4.036409e-02;7.605994e-02;8.117149e-02;1.553298e-02;6.045019e-02;1.751447e-02
3.069038e-01;2.291705e-01;2.172707e-02;1.680560e-02;2.418852e-02;1.606531e-02;6.239896e-02;9.865704e-02;4.559702e-02;2.348223e-02;1.421946e-01;1.280936e-02
1.902879e-01;1.925240e-01;2.931130e-02;2.675102e-02;2.665978e-02;3.218866e-02;9.637403e-02;9.356228e-02;3.426014e-02;4.207344e-02;2.011673e-01;3.484019e-02
1.851941e-01;3.163135e-01;2.954559e-02;3.262499e-02;2.395037e-02;4.744224e-02;8.017410e-02;6.934846e-02;6.570071e-02;4.073364e-02;5.545419e-02;5.351804e-02
1.283132e-01;3.437893e-01;2.491837e-02;3.343496e-02;1.794054e-02;6.334375e-02;4.888686e-02;4.317917e-02;1.340489e-01;4.604288e-02;5.422411e-02;6.187798e-02
9.767383e-02;3.151119e-01;1.820862e-02;2.969225e-02;1.019708e-02;8.388666e-02;2.699883e-02;2.007699e-02;2.065126e-01;1.013157e-01;3.106989e-02;5.925567e-02
3.768006e-02;2.302901e-01;2.179276e-02;3.144160e-02;5.554582e-03;9.900889e-02;1.220895e-02;1.172915e-02;2.428171e-01;1.992805e-01;4.940485e-02;5.879151e-02
3.368146e-02;1.807140e-01;2.132555e-02;3.052884e-02;4.837993e-03;1.196138e-01;8.463068e-03;1.278107e-02;2.517448e-01;1.983303e-01;7.241121e-02;6.556793e-02
2.701077e-02;2.065163e-01;1.383483e-02;2.728185e-02;4.375389e-03;1.606127e-01;1.181102e-02;1.343161e-02;2.768075e-01;1.121985e-01;7.098421e-02;7.513527e-02
2.758868e-02;2.595170e-01;1.911983e-02;1.661809e-02;4.445213e-03;1.821937e-01;1.525005e-02;1.909592e-02;2.700935e-01;4.207400e-02;3.314647e-02;1.108575e-01
3.681539e-02;2.758080e-01;4.787450e-02;1.019515e-02;3.417317e-03;1.539123e-01;1.630810e-02;3.030586e-02;2.195500e-01;7.030480e-02;2.060299e-02;1.149055e-01
2.794817e-02;2.629921e-01;1.060911e-01;7.155151e-03;4.175921e-03;1.148488e-01;2.036361e-02;5.498724e-02;1.791206e-01;1.117644e-01;1.827230e-02;9.228055e-02
2.083342e-02;1.851854e-01;2.141948e-01;1.060357e-02;1.337611e-02;5.737363e-02;3.682374e-02;5.058634e-02;1.168567e-01;2.104945e-01;1.949258e-02;6.417921e-02
3.321690e-02;9.824336e-02;2.858733e-01;1.299489e-02;2.148003e-02;1.435438e-02;9.175272e-02;2.454822e-02;6.007739e-02;2.976039e-01;3.179901e-02;2.805598e-02
5.377496e-02;5.783703e-02;2.477985e-01;2.177185e-02;1.807401e-02;1.582625e-02;1.396273e-01;1.829971e-02;2.862108e-02;2.955480e-01;9.265909e-02;1.016229e-02
5.074884e-02;5.670217e-02;1.288078e-01;5.557498e-02;1.198986e-02;3.075246e-02;1.266759e-01;2.033124e-02;2.959406e-02;2.523675e-01;2.218418e-01;1.461340e-02
1.999616e-02;3.935702e-02;4.787188e-02;9.005796e-02;1.248761e-02;4.423790e-02;5.757294e-02;5.754658e-02;3.231605e-02;2.031733e-01;3.666591e-01;2.872344e-02
1.651731e-02;3.667680e-02;3.710581e-02;1.034127e-01;1.186603e-02;4.405374e-02;2.953462e-02;8.693968e-02;4.673778e-02;1.646569e-01;3.857640e-01;3.673465e-02
2.347455e-02;6.262900e-02;3.525079e-02;1.160713e-01;1.258301e-02;3.627558e-02;2.726168e-02;1.267718e-01;4.604438e-02;1.188868e-01;3.520845e-01;4.266670e-02
7.469022e-02;1.484809e-01;5.100260e-02;1.008609e-01;1.795822e-02;3.371798e-02;4.853400e-02;1.412549e-01;3.133788e-02;6.670905e-02;2.441955e-01;4.125785e-02
1.217512e-01;2.105202e-01;5.915603e-02;5.061818e-02;1.884240e-02;3.713992e-02;8.955285e-02;1.274144e-01;2.654206e-02;6.910700e-02;1.426663e-01;4.668945e-02
1.670565e-01;2.305349e-01;4.864575e-02;4.086110e-02;2.112484e-02;4.019706e-02;1.161104e-01;9.512863e-02;3.917741e-02;7.569755e-02;8.938704e-02;3.607878e-02
2.248757e-01;2.166477e-01;4.718366e-02;2.932182e-02;3.259687e-02;3.410953e-02;1.155331e-01;6.130365e-02;3.581296e-02;8.628189e-02;9.341064e-02;2.292261e-02
1.422129e-01;2.881607e-01;7.223954e-02;2.473858e-02;4.071113e-02;2.221772e-02;1.033281e-01;7.078668e-02;1.119008e-02;8.043175e-02;1.132788e-01;3.070408e-02
9.525225e-02;3.580258e-01;1.294899e-01;2.919092e-02;5.492577e-02;1.492523e-02;7.838037e-02;4.502684e-02;1.446756e-02;9.249641e-02;6.116756e-02;2.665134e-02
1.253237e-01;4.209297e-01;1.437216e-01;2.579035e-02;4.356188e-02;9.872456e-03;4.529442e-02;3.178097e-02;1.862650e-02;8.776071e-02;3.237613e-02;1.496161e-02
1.060491e-01;4.999221e-01;1.315406e-01;1.970449e-02;2.779791e-02;9.403507e-03;2.471383e-02;3.753870e-02;2.020749e-02;7.205625e-02;3.874129e-02;1.232474e-02
1.130598e-01;5.519921e-01;9.146744e-02;1.497528e-02;1.426893e-02;1.152899e-02;1.991672e-02;5.951746e-02;3.132758e-02;4.629622e-02;2.796687e-02;1.768262e-02
1.660637e-01;5.410973e-01;4.870883e-02;1.536698e-02;8.857277e-03;2.704456e-02;2.132134e-02;5.158138e-02;5.387369e-02;2.517649e-02;1.953834e-02;2.137015e-02
2.581814e-01;4.675039e-01;2.977033e-02;1.666694e-02;7.201919e-03;2.672553e-02;2.869119e-02;4.068515e-02;6.655245e-02;1.499420e-02;2.733638e-02;1.569071e-02
3.832321e-01;3.352157e-01;2.475937e-02;1.552417e-02;7.709066e-03;1.313815e-02;3.523282e-02;5.806174e-02;5.391657e-02;8.789397e-03;5.156709e-02;1.285379e-02
4.118411e-01;1.726689e-01;2.005092e-02;2.596971e-02;1.302663e-02;1.626694e-02;5.447512e-02;7.578824e-02;2.963675e-02;2.156125e-02;1.211734e-01;3.754098e-02
3.005101e-01;9.776618e-02;1.878108e-02;3.260560e-02;1.105150e-02;3.083557e-02;7.372730e-02;7.480029e-02;1.917586e-02;3.879947e-02;2.497904e-01;5.215661e-02
2.132746e-01;5.834496e-02;2.613267e-02;2.102454e-02;2.033570e-02;4.743543e-02;8.406705e-02;5.783496e-02;4.038378e-02;5.057444e-02;3.423585e-01;3.823341e-02
2.090030e-01;7.973275e-02;2.949229e-02;1.150994e-02;2.147282e-02;4.432900e-02;8.061436e-02;6.930806e-02;3.745772e-02;5.754713e-02;3.280496e-01;3.148330e-02
3.990253e-01;1.625110e-01;2.439639e-02;1.628302e-02;1.223608e-02;2.188270e-02;6.689515e-02;6.787086e-02;1.875503e-02;3.547673e-02;1.327394e-01;4.192829e-02
4.400697e-01;2.620889e-01;1.857730e-02;2.047995e-02;1.944598e-02;1.013304e-02;5.660142e-02;7.186991e-02;1.067506e-02;1.663968e-02;4.413057e-02;2.928842e-02
3.944940e-01;3.302736e-01;1.592863e-02;1.234864e-02;2.879675e-02;1.278096e-02;4.698033e-02;9.018986e-02;7.531393e-03;9.594398e-03;3.094727e-02;2.013412e-02
4.160192e-01;3.221630e-01;1.598980e-02;6.511132e-03;3.008308e-02;9.120404e-03;2.583803e-02;1.077999e-01;4.946668e-03;6.180150e-03;4.129993e-02;1.404872e-02
4.853235e-01;2.587356e-01;1.684543e-02;4.254582e-03;2.331422e-02;7.356754e-03;3.254497e-02;1.182332e-01;4.602306e-03;4.543569e-03;3.221947e-02;1.202636e-02
5.444098e-01;1.950040e-01;1.562827e-02;3.177271e-03;1.821407e-02;8.962298e-03;3.632998e-02;1.244315e-01;5.886367e-03;2.585153e-03;3.492933e-02;1.044197e-02
5.877348e-01;1.400319e-01;2.342478e-02;3.407028e-03;2.296797e-02;9.776316e-03;3.539472e-02;1.282255e-01;7.791169e-03;3.964748e-03;2.716147e-02;1.011955e-02
5.544112e-01;1.760828e-01;3.075474e-02;2.023465e-03;3.089227e-02;8.939346e-03;2.797891e-02;1.169162e-01;9.460445e-03;6.465160e-03;2.683506e-02;9.240329e-03
4.531036e-01;2.298925e-01;3.112570e-02;3.530573e-03;3.299325e-02;1.494982e-02;4.004059e-02;9.163243e-02;7.838248e-03;1.510643e-02;6.946105e-02;1.032579e-02
3.537313e-01;2.124450e-01;2.307195e-02;1.298588e-02;3.256144e-02;2.633791e-02;8.011051e-02;5.935976e-02;1.509859e-02;2.976335e-02;1.296451e-01;2.488916e-02
3.252144e-01;9.336827e-02;1.267663e-02;1.572972e-02;2.570072e-02;3.351018e-02;8.407987e-02;4.264682e-02;2.109268e-02;4.642715e-02;2.550753e-01;4.447837e-02
2.690031e-01;6.644361e-02;2.414787e-02;9.330867e-03;1.785134e-02;4.863586e-02;8.656972e-02;6.056315e-02;3.032677e-02;6.368037e-02;2.776252e-01;4.582216e-02
1.900245e-01;8.717239e-02;4.700271e-02;1.870430e-02;3.497200e-02;7.255140e-02;1.428655e-01;9.354869e-02;3.267165e-02;6.334513e-02;1.804672e-01;3.667449e-02
1.967363e-01;8.308963e-02;5.519399e-02;3.954413e-02;5.953629e-02;4.636049e-02;1.362035e-01;8.664612e-02;3.681857e-02;4.329199e-02;1.779836e-01;3.859543e-02
2.703075e-01;1.987094e-01;3.191202e-02;4.543228e-02;7.305644e-02;4.265142e-02;7.012507e-02;1.156524e-01;3.972246e-02;1.819612e-02;7.977588e-02;1.445897e-02
2.809134e-01;2.885645e-01;1.960928e-02;2.489645e-02;6.447950e-02;5.286947e-02;4.479932e-02;1.101216e-01;6.027289e-02;1.409881e-02;3.731944e-02;2.055272e-03
2.963219e-01;3.411356e-01;1.482681e-02;1.337082e-02;4.399375e-02;3.454801e-02;4.651155e-02;8.952771e-02;8.316475e-02;1.086272e-02;2.224051e-02;3.495872e-03
2.412613e-01;3.707882e-01;1.111284e-02;1.765957e-02;2.079736e-02;7.059564e-02;5.079537e-02;5.639176e-02;1.237880e-01;1.821848e-02;1.368412e-02;4.907287e-03
1.587873e-01;4.124914e-01;1.402568e-02;1.549395e-02;1.071065e-02;1.463369e-01;2.725090e-02;1.985651e-02;1.524257e-01;2.647874e-02;7.423180e-03;8.719035e-03
9.149653e-02;4.706468e-01;1.766045e-02;1.398352e-02;7.703544e-03;1.540150e-01;1.805684e-02;1.968472e-02;1.441704e-01;3.201019e-02;1.829427e-02;1.227778e-02
7.253031e-02;5.488024e-01;4.217378e-02;7.132587e-03;7.795857e-03;9.374133e-02;1.285458e-02;1.358659e-02;1.143633e-01;5.935854e-02;1.460712e-02;1.305356e-02
6.869224e-02;5.480801e-01;7.554859e-02;9.296072e-03;1.285197e-02;5.312612e-02;1.644717e-02;2.350778e-02;8.140522e-02;9.081552e-02;8.113646e-03;1.211553e-02
7.007002e-02;5.232729e-01;1.093138e-01;1.981418e-02;1.807147e-02;3.659963e-02;1.769039e-02;2.034934e-02;5.918381e-02;1.054543e-01;1.136396e-02;8.816264e-03
6.547283e-02;4.959098e-01;1.135211e-01;2.548547e-02;2.516446e-02;2.723614e-02;5.050384e-02;3.104302e-02;4.036364e-02;7.980940e-02;3.357286e-02;1.191745e-02
1.229136e-01;4.265728e-01;7.368427e-02;1.925057e-02;2.009063e-02;4.034297e-02;8.865858e-02;6.402155e-02;3.322298e-02;4.928908e-02;4.280470e-02;1.914823e-02
1.748217e-01;3.433000e-01;3.868428e-02;1.984571e-02;2.074294e-02;5.428432e-02;1.203816e-01;7.961296e-02;3.288069e-02;4.681863e-02;4.794654e-02;2.068045e-02
2.090899e-01;1.852532e-01;4.830232e-02;2.881046e-02;3.021142e-02;7.465215e-02;1.261787e-01;1.055187e-01;2.809728e-02;6.524993e-02;6.959490e-02;2.904103e-02
1.771303e-01;2.332189e-01;6.096614e-02;5.844168e-02;3.969245e-02;7.877358e-02;8.752092e-02;8.828828e-02;3.517991e-02;7.311524e-02;3.656254e-02;3.110998e-02
1.142519e-01;2.105086e-01;6.246028e-02;9.355227e-02;5.506689e-02;8.174470e-02;8.558401e-02;6.963476e-02;3.987498e-02;7.893328e-02;5.911897e-02;4.926939e-02
5.190608e-02;1.266566e-01;4.108842e-02;5.320137e-02;4.656296e-02;8.300135e-02;1.650421e-01;1.411678e-01;6.328703e-02;7.889755e-02;1.011683e-01;4.802035e-02
7.609220e-02;7.108539e-02;2.974501e-02;2.949696e-02;4.005035e-02;1.082458e-01;2.299577e-01;1.533936e-01;5.558109e-02;4.929886e-02;1.092865e-01;4.776663e-02
8.069318e-02;8.621240e-02;3.441983e-02;3.046807e-02;4.594674e-02;9.933465e-02;2.128002e-01;1.615311e-01;5.009658e-02;2.534614e-02;1.202402e-01;5.291088e-02
5.325038e-02;9.882458e-02;5.337109e-02;6.018020e-02;5.289226e-02;7.871741e-02;1.678636e-01;1.878937e-01;4.850044e-02;2.845445e-02;1.166099e-01;5.344204e-02
3.735417e-02;1.233686e-01;8.664837e-02;9.622553e-02;5.014234e-02;5.266717e-02;8.411662e-02;2.345705e-01;3.346888e-02;3.011406e-02;1.354072e-01;3.591665e-02
5.183125e-02;1.316991e-01;8.861937e-02;1.221788e-01;3.742939e-02;4.155751e-02;6.159576e-02;2.024911e-01;1.670753e-02;3.075401e-02;2.007709e-01;1.436531e-02
3.765378e-02;1.545783e-01;9.895364e-02;1.627308e-01;2.709927e-02;3.116171e-02;7.248353e-02;1.145545e-01;1.679651e-02;1.968155e-02;2.428223e-01;2.148412e-02
2.770171e-02;1.401644e-01;1.144329e-01;2.068895e-01;3.321843e-02;2.996535e-02;3.113880e-02;7.127695e-02;1.423434e-02;8.808875e-03;2.892723e-01;3.289640e-02
3.880993e-02;1.577716e-01;1.077889e-01;1.802301e-01;3.756525e-02;3.764644e-02;5.936975e-02;5.835625e-02;1.048467e-02;1.042447e-02;2.905651e-01;1.098737e-02
2.887871e-02;1.904314e-01;1.119949e-01;1.521744e-01;3.821306e-02;5.290760e-02;6.070058e-02;8.385269e-02;1.051348e-02;1.202609e-02;2.425479e-01;1.575914e-02
3.437887e-02;2.084750e-01;1.152069e-01;1.287911e-01;4.244287e-02;6.509808e-02;5.558909e-02;7.925004e-02;1.257306e-02;1.982100e-02;2.302251e-01;8.148970e-03
3.305741e-02;2.210198e-01;1.205054e-01;1.191584e-01;4.321837e-02;7.469233e-02;3.792335e-02;6.893238e-02;2.057130e-02;2.605648e-02;2.239569e-01;1.090794e-02
4.003862e-02;2.519208e-01;1.157982e-01;9.886836e-02;3.908575e-02;7.497904e-02;7.775933e-02;4.176541e-02;2.686969e-02;2.611328e-02;1.773450e-01;2.945653e-02
1.138281e-01;3.303786e-01;1.119648e-01;6.426539e-02;3.564807e-02;4.668261e-02;5.119479e-02;3.374913e-02;3.374843e-02;3.266052e-02;1.212926e-01;2.458702e-02
1.986216e-01;3.763592e-01;9.231835e-02;4.315792e-02;3.013614e-02;4.263987e-02;4.353549e-02;3.652279e-02;1.955892e-02;3.056012e-02;6.796804e-02;1.862157e-02
2.303173e-01;3.433225e-01;7.588208e-02;2.835496e-02;3.257542e-02;5.860689e-02;4.138559e-02;6.094003e-02;2.013319e-02;3.273143e-02;6.036527e-02;1.538539e-02
1.544481e-01;1.995845e-01;8.480923e-02;3.361296e-02;5.806807e-02;7.235853e-02;8.392794e-02;8.658467e-02;3.094016e-02;4.811819e-02;1.174334e-01;3.011425e-02
1.547182e-01;1.537354e-01;9.030300e-02;5.571292e-02;8.495668e-02;6.759336e-02;9.215371e-02;7.944276e-02;5.406015e-02;5.982720e-02;8.146694e-02;2.602976e-02
8.840103e-02;8.728360e-02;9.945620e-02;4.028450e-02;1.094104e-01;7.116335e-02;1.170511e-01;1.209787e-01;1.307219e-01;7.580970e-02;3.708217e-02;2.235735e-02
7.942571e-02;8.351346e-02;9.425183e-02;5.046333e-02;1.035972e-01;7.909447e-02;1.256414e-01;1.034218e-01;1.507803e-01;7.205389e-02;3.328666e-02;2.446990e-02
9.414425e-02;5.485795e-02;8.278940e-02;5.596146e-02;8.796223e-02;1.182498e-01;1.431173e-01;8.775134e-02;1.165868e-01;4.810833e-02;5.058907e-02;5.988213e-02
9.765629e-02;1.336608e-01;7.455885e-02;5.746558e-02;4.780297e-02;1.294983e-01;1.060262e-01;1.106060e-01;7.147849e-02;5.801723e-02;4.096027e-02;7.226890e-02
8.445299e-02;1.046811e-01;6.014501e-02;5.215742e-02;8.379208e-02;1.397044e-01;1.047531e-01;1.105430e-01;7.710174e-02;9.667742e-02;3.189951e-02;5.409213e-02
6.261457e-02;8.135252e-02;7.351428e-02;7.346798e-02;1.381681e-01;1.438313e-01;1.147081e-01;7.390643e-02;8.667430e-02;7.935760e-02;3.315141e-02;3.925351e-02
3.509218e-02;9.668542e-02;1.060914e-01;1.037529e-01;1.335065e-01;1.146793e-01;1.050882e-01;4.616845e-02;1.068254e-01;5.493908e-02;4.850405e-02;4.866711e-02
5.452221e-02;9.550270e-02;1.265317e-01;6.679387e-02;1.072054e-01;1.055076e-01;1.051210e-01;6.406838e-02;7.649752e-02;6.513585e-02;6.110797e-02;7.200582e-02
5.350605e-02;7.814995e-02;1.050802e-01;4.347358e-02;1.230615e-01;7.484408e-02;1.064324e-01;1.130988e-01;5.902332e-02;1.051756e-01;7.140368e-02;6.675088e-02
6.573870e-02;8.088356e-02;5.497763e-02;6.254037e-02;1.107612e-01;8.438627e-02;1.089569e-01;1.473421e-01;7.395968e-02;1.100961e-01;5.768905e-02;4.266852e-02
6.498335e-02;6.210744e-02;4.986139e-02;6.093844e-02;9.331121e-02;1.190533e-01;1.278865e-01;1.440202e-01;9.766439e-02;9.894818e-02;5.116722e-02;3.005834e-02
8.022888e-02;7.953236e-02;6.553185e-02;6.712638e-02;5.598913e-02;1.519627e-01;1.291918e-01;1.524554e-01;7.609806e-02;8.321737e-02;2.987250e-02;2.879363e-02
1.201441e-01;1.191141e-01;4.936330e-02;4.633173e-02;4.977079e-02;1.272886e-01;1.192599e-01;1.510940e-01;5.952481e-02;7.537200e-02;6.228955e-02;2.044720e-02
2.086484e-01;1.994813e-01;3.905626e-02;2.528933e-02;3.448983e-02;5.316593e-02;1.170978e-01;1.501865e-01;3.827893e-02;3.180149e-02;8.855134e-02;1.395291e-02
2.964035e-01;2.165761e-01;4.279483e-02;1.172851e-02;2.533142e-02;2.496547e-02;1.009523e-01;1.367677e-01;2.340340e-02;1.877069e-02;9.144165e-02;1.086438e-02
4.072642e-01;2.249571e-01;4.638540e-02;6.586862e-03;2.168624e-02;1.225310e-02;5.966567e-02;1.086976e-01;1.555093e-02;1.391144e-02;7.343204e-02;9.609413e-03
5.152209e-01;2.041347e-01;6.379936e-02;6.824921e-03;1.947009e-02;8.685348e-03;2.573209e-02;9.347837e-02;1.311010e-02;1.052210e-02;3.096250e-02;8.059539e-03
5.741047e-01;1.514280e-01;8.062745e-02;3.397065e-03;1.146260e-02;8.900560e-03;1.915041e-02;8.452660e-02;2.902071e-02;5.907796e-03;2.456877e-02;6.905344e-03
6.101829e-01;1.225276e-01;6.732747e-02;6.908258e-03;8.493364e-03;1.645675e-02;1.530470e-02;6.638286e-02;5.305795e-02;8.816543e-03;1.785993e-02;6.681661e-03
6.491316e-01;1.084908e-01;3.249765e-02;1.214853e-02;6.388154e-03;3.612467e-02;2.065670e-02;4.074421e-02;5.236096e-02;1.757337e-02;1.341513e-02;1.046820e-02
6.279753e-01;8.012963e-02;1.156569e-02;2.598771e-02;3.844750e-03;4.271011e-02;3.831464e-02;2.817005e-02;2.991852e-02;3.100492e-02;6.520621e-02;1.517247e-02
5.933306e-01;4.374945e-02;8.436174e-03;4.216015e-02;3.932591e-03;5.300533e-02;4.928940e-02;4.195887e-02;2.143775e-02;3.654275e-02;8.807796e-02;1.807896e-02
5.835418e-01;4.791133e-02;1.246446e-02;3.378700e-02;7.677297e-03;6.135161e-02;4.061578e-02;6.836736e-02;3.619592e-02;2.655733e-02;6.587212e-02;1.565798e-02
5.822397e-01;9.140734e-02;3.063278e-02;1.362827e-02;1.837993e-02;4.314734e-02;2.810855e-02;1.092038e-01;3.385764e-02;1.037497e-02;2.846762e-02;1.055196e-02
5.495814e-01;1.289162e-01;5.975066e-02;7.950933e-03;2.787158e-02;1.739695e-02;1.782923e-02;1.504417e-01;1.634628e-02;5.479584e-03;1.227064e-02;6.164840e-03
5.450328e-01;1.426371e-01;6.587144e-02;3.947849e-03;2.774172e-02;6.897329e-03;1.228578e-02;1.639600e-01;5.988017e-03;4.190182e-03;1.570966e-02;5.738095e-03
5.729282e-01;1.351645e-01;4.907327e-02;3.135770e-03;2.450975e-02;4.907077e-03;9.904446e-03;1.665845e-01;5.527903e-03;3.990273e-03;1.698318e-02;7.291101e-03
5.043629e-01;1.064089e-01;2.333128e-02;6.017130e-03;2.087557e-02;6.881155e-03;2.326637e-02;1.458565e-01;9.740728e-03;8.078564e-03;1.293876e-01;1.579322e-02
3.535185e-01;7.617842e-02;1.843700e-02;1.045832e-02;1.562911e-02;1.561201e-02;3.037910e-02;1.090172e-01;1.162953e-02;1.825097e-02;3.165036e-01;2.438629e-02
1.547392e-01;9.423078e-02;2.818293e-02;1.073662e-02;1.205517e-02;1.950404e-02;6.957345e-02;9.817617e-02;1.563096e-02;2.814345e-02;4.427576e-01;2.626969e-02
2.787856e-01;1.023808e-01;2.983858e-02;5.968614e-03;6.738434e-03;1.633338e-02;1.100282e-01;1.075954e-01;1.390306e-02;2.696487e-02;2.760964e-01;2.536661e-02
4.024342e-01;6.864107e-02;2.863306e-02;8.888678e-03;8.593823e-03;1.484052e-02;1.429801e-01;1.217325e-01;1.135535e-02;2.601372e-02;1.461612e-01;1.972579e-02
2.745373e-01;5.808113e-02;2.918008e-02;6.695038e-03;7.553140e-03;1.234249e-02;2.279199e-01;1.366040e-01;1.046259e-02;1.959292e-02;1.956284e-01;2.140297e-02
1.918965e-01;7.389527e-02;2.539430e-02;7.164269e-03;1.084382e-02;1.467181e-02;2.794671e-01;1.314687e-01;1.657683e-02;2.013126e-02;2.069746e-01;2.151545e-02
6.540090e-02;8.806528e-02;2.364864e-02;1.780705e-02;2.580147e-02;5.013743e-02;3.414340e-01;1.665511e-01;3.060288e-02;3.676184e-02;1.417334e-01;1.205603e-02
5.242424e-02;1.243610e-01;1.387916e-02;1.757290e-02;2.105309e-02;7.321249e-02;3.280596e-01;2.184270e-01;2.271840e-02;2.852590e-02;8.280420e-02;1.696204e-02
8.742816e-02;1.449378e-01;1.130223e-02;1.215596e-02;1.591228e-02;6.661856e-02;3.395797e-01;2.209713e-01;1.569270e-02;1.454016e-02;5.136499e-02;1.949623e-02
1.660162e-01;1.689495e-01;9.397220e-03;1.434202e-02;1.149401e-02;5.650453e-02;3.269425e-01;1.838048e-01;1.318916e-02;1.218203e-02;2.503470e-02;1.214337e-02
2.355188e-01;1.544655e-01;9.887636e-03;1.961832e-02;1.006912e-02;6.403525e-02;2.861550e-01;1.506762e-01;1.190064e-02;2.138791e-02;2.832500e-02;7.960663e-03
3.289562e-01;1.163932e-01;1.207945e-02;2.172282e-02;1.673944e-02;8.618382e-02;2.547260e-01;9.829000e-02;1.053449e-02;2.215842e-02;2.467690e-02;7.539246e-03
3.698565e-01;7.501062e-02;1.670384e-02;2.018989e-02;2.708492e-02;1.014268e-01;2.519494e-01;2.684899e-02;1.430758e-02;1.769745e-02;6.842976e-02;1.049419e-02
2.516591e-01;3.565836e-02;1.613732e-02;1.377752e-02;3.315597e-02;1.006086e-01;2.996814e-01;9.226480e-02;2.381791e-02;1.490752e-02;1.041217e-01;1.420970e-02
5.146334e-02;6.248156e-02;2.386802e-02;1.343899e-02;5.736798e-02;1.105992e-01;3.320685e-01;1.391864e-01;3.984686e-02;1.404457e-02;1.304503e-01;2.518428e-02
2.105733e-01;7.281000e-02;3.001142e-02;1.949925e-02;6.720494e-02;9.110965e-02;1.347043e-01;1.147032e-01;3.437434e-02;2.668274e-02;1.666825e-01;3.164443e-02
1.901964e-01;4.499066e-02;2.522681e-02;1.274574e-02;5.465548e-02;7.334585e-02;2.437288e-01;1.014638e-01;2.305889e-02;3.127877e-02;1.704665e-01;2.884225e-02
2.097908e-01;4.851913e-02;3.092565e-02;1.551278e-02;3.935809e-02;6.272345e-02;2.600808e-01;8.842488e-02;1.946549e-02;2.068012e-02;1.826004e-01;2.191840e-02
2.247128e-01;7.176121e-02;3.325546e-02;2.881474e-02;2.225785e-02;3.839107e-02;1.982890e-01;5.114622e-02;1.474893e-02;2.372785e-02;2.692535e-01;2.364131e-02
2.179146e-01;7.038463e-02;2.679236e-02;2.846818e-02;3.802162e-02;3.596802e-02;1.861126e-01;7.060586e-02;2.298983e-02;2.436969e-02;2.606052e-01;1.776745e-02
1.822312e-01;4.661503e-02;2.804674e-02;2.502073e-02;4.749166e-02;5.795893e-02;2.111812e-01;8.947112e-02;3.022611e-02;2.827761e-02;2.245434e-01;2.893637e-02
