3.711741e-02;3.176468e-01;3.556978e-01;2.068508e-02;1.159648e-02;1.065539e-01;8.145760e-03;4.107127e-02;6.647390e-02;1.560334e-02;4.591708e-03;1.481659e-02
3.407325e-02;3.335214e-01;3.875021e-01;1.908385e-02;5.868118e-03;5.152475e-02;1.710669e-02;3.922042e-02;6.748828e-02;2.281878e-02;7.610766e-03;1.418152e-02
2.588252e-02;2.119587e-01;3.944449e-01;4.227846e-02;2.585794e-02;5.681366e-02;2.824509e-02;5.036349e-02;5.359018e-02;7.544906e-02;2.147715e-02;1.363890e-02
1.472614e-02;1.624392e-01;3.668042e-01;5.576454e-02;3.528232e-02;7.358412e-02;2.392637e-02;4.814279e-02;4.696102e-02;1.402624e-01;1.990831e-02;1.219871e-02
1.331811e-02;1.519079e-01;4.012988e-01;4.683973e-02;2.611736e-02;4.659771e-02;3.338600e-02;2.633014e-02;5.600101e-02;1.773895e-01;1.155303e-02;9.260708e-03
1.444660e-02;1.696495e-01;4.113351e-01;2.976904e-02;2.228826e-02;6.647753e-02;4.668328e-02;1.089816e-02;5.719997e-02;1.538310e-01;1.102150e-02;6.400031e-03
1.898616e-02;2.195783e-01;3.462207e-01;4.588760e-02;3.514757e-02;1.166500e-01;4.826009e-02;1.375404e-02;3.978850e-02;9.431537e-02;1.566622e-02;5.745455e-03
2.869259e-02;2.661716e-01;2.901410e-01;5.274707e-02;4.923737e-02;1.341138e-01;4.701429e-02;2.344314e-02;3.449490e-02;4.917669e-02;1.702294e-02;7.744566e-03
3.187683e-02;2.759633e-01;3.476049e-01;4.186202e-02;3.883757e-02;9.330358e-02;3.440893e-02;3.289216e-02;4.563053e-02;3.581351e-02;1.227561e-02;9.531022e-03
2.254913e-02;2.689076e-01;4.371555e-01;2.871136e-02;1.868083e-02;4.908709e-02;2.208634e-02;3.606604e-02;4.348905e-02;5.057326e-02;1.085874e-02;1.183496e-02
2.123670e-02;2.747504e-01;4.456510e-01;2.150123e-02;1.461487e-02;6.572324e-02;1.743483e-02;3.080599e-02;3.231844e-02;5.895381e-02;6.084011e-03;1.092550e-02
2.293130e-02;2.626216e-01;4.650213e-01;2.951115e-02;1.536386e-02;6.736603e-02;1.571432e-02;2.175115e-02;2.687108e-02;5.272316e-02;1.008668e-02;1.003843e-02
1.878100e-02;2.383052e-01;5.047619e-01;3.386879e-02;1.237421e-02;6.261197e-02;1.249139e-02;2.717699e-02;2.845652e-02;4.412643e-02;7.768524e-03;9.277125e-03
1.774279e-02;2.474944e-01;5.276983e-01;3.201411e-02;1.037875e-02;2.285843e-02;8.191448e-03;3.001445e-02;3.372268e-02;5.398712e-02;5.210129e-03;1.068736e-02
1.827457e-02;2.325582e-01;4.911843e-01;4.198756e-02;1.133442e-02;3.835255e-02;1.226411e-02;2.552109e-02;3.214227e-02;7.140667e-02;1.558468e-02;9.389604e-03
2.787222e-02;2.008862e-01;4.503505e-01;3.883198e-02;1.885081e-02;9.084674e-02;2.309982e-02;2.495474e-02;2.810063e-02;6.708409e-02;1.759718e-02;1.152516e-02
2.834390e-02;1.564599e-01;2.965778e-01;6.843176e-02;3.259321e-02;1.178406e-01;6.565358e-02;9.700755e-02;3.635882e-02;3.995484e-02;2.812154e-02;3.265636e-02
6.575865e-02;1.145344e-01;1.625184e-01;8.650662e-02;4.911872e-02;7.726368e-02;8.572570e-02;1.390098e-01;6.189039e-02;5.754934e-02;4.053897e-02;5.958528e-02
8.911549e-02;1.097863e-01;1.473511e-01;7.995574e-02;4.695504e-02;6.599490e-02;9.294782e-02;1.268301e-01;7.936626e-02;6.355212e-02;3.747915e-02;6.066601e-02
1.026048e-01;9.773406e-02;1.288845e-01;7.097217e-02;5.090221e-02;8.516949e-02;9.824019e-02;1.301237e-01;8.566431e-02;6.375822e-02;2.805467e-02;5.789164e-02
7.731988e-02;7.721986e-02;7.778604e-02;8.937380e-02;7.083536e-02;8.641036e-02;8.996730e-02;1.523715e-01;7.087073e-02;8.715709e-02;6.482325e-02;5.586477e-02
2.505780e-02;4.296378e-02;3.555493e-02;1.760006e-01;7.158780e-02;7.895815e-02;6.294110e-02;1.780896e-01;4.046640e-02;7.248700e-02;1.903953e-01;2.549757e-02
7.196657e-03;3.612173e-02;5.475879e-02;2.240229e-01;4.244572e-02;3.863090e-02;3.290700e-02;2.322638e-01;3.115139e-02;2.051504e-02;2.605421e-01;1.944404e-02
1.522532e-02;3.524984e-02;6.790063e-02;2.057661e-01;3.331687e-02;3.327869e-02;1.196710e-02;2.562616e-01;1.719761e-02;1.469178e-02;2.660319e-01;4.311250e-02
1.899682e-02;2.960870e-02;4.912441e-02;1.532464e-01;8.814449e-02;3.543824e-02;2.493358e-02;2.338661e-01;2.967447e-02;2.223640e-02;2.178360e-01;9.689434e-02
1.706222e-02;1.890615e-02;2.031177e-02;9.473688e-02;1.794305e-01;4.481977e-02;2.946283e-02;1.592937e-01;7.404002e-02;2.137684e-02;1.137805e-01;2.267788e-01
2.408147e-02;1.898614e-02;2.968684e-02;6.534755e-02;2.130009e-01;5.500757e-02;3.185523e-02;7.979500e-02;1.094957e-01;2.230769e-02;5.069019e-02;2.997457e-01
5.817550e-02;3.154151e-02;4.436054e-02;4.005229e-02;1.746238e-01;1.337269e-01;3.167978e-02;4.770459e-02;1.107397e-01;3.096341e-02;4.860117e-02;2.478308e-01
1.024680e-01;5.817397e-02;6.067703e-02;3.604960e-02;1.294554e-01;2.524802e-01;3.096245e-02;4.867797e-02;7.902104e-02;3.151500e-02;2.946543e-02;1.410539e-01
1.139323e-01;6.060433e-02;7.736737e-02;5.152353e-02;1.349657e-01;3.117295e-01;4.306019e-02;6.096779e-02;4.439090e-02;2.618788e-02;3.149696e-02;4.377363e-02
8.762778e-02;7.465088e-02;8.544230e-02;5.188105e-02;1.315896e-01;2.939359e-01;4.411802e-02;6.600793e-02;3.821720e-02;2.900271e-02;5.398903e-02;4.353767e-02
5.705167e-02;9.512971e-02;1.327459e-01;8.478785e-02;1.228925e-01;1.804836e-01;3.603118e-02;9.636060e-02;4.911716e-02;2.798188e-02;8.259680e-02;3.482115e-02
3.211033e-02;8.820396e-02;1.219204e-01;1.074290e-01;1.194143e-01;7.050655e-02;4.938761e-02;1.321895e-01;6.009544e-02;3.225168e-02;1.390966e-01;4.739463e-02
1.573263e-02;8.121926e-02;1.233317e-01;8.939276e-02;9.672973e-02;5.767807e-02;5.081125e-02;1.375017e-01;5.917054e-02;2.626163e-02;1.671418e-01;9.502898e-02
1.401377e-02;8.187336e-02;1.442147e-01;6.985459e-02;7.036309e-02;9.962821e-02;5.533440e-02;1.665621e-01;5.356407e-02;2.408382e-02;1.202594e-01;1.002484e-01
1.266662e-02;8.085968e-02;1.447968e-01;8.444468e-02;1.066633e-01;1.528961e-01;5.308674e-02;1.207426e-01;5.285691e-02;3.243438e-02;4.759870e-02;1.109535e-01
1.785771e-02;8.888130e-02;1.548465e-01;1.033470e-01;8.874948e-02;1.968285e-01;4.504305e-02;5.846137e-02;4.172777e-02;3.641687e-02;3.677588e-02;1.310646e-01
2.217303e-02;9.242701e-02;1.525605e-01;9.799822e-02;8.015115e-02;2.080095e-01;3.164961e-02;5.086346e-02;5.501966e-02;2.853960e-02;4.690143e-02;1.337068e-01
2.113156e-02;9.439428e-02;1.140747e-01;6.748637e-02;8.078790e-02;2.146102e-01;2.521992e-02;1.137419e-01;7.528046e-02;1.763545e-02;5.405300e-02;1.215842e-01
1.679761e-02;8.057645e-02;9.529898e-02;4.163030e-02;5.737226e-02;1.353841e-01;2.057210e-02;2.657372e-01;1.085567e-01;1.958430e-02;6.694599e-02;9.154400e-02
1.918790e-02;4.950329e-02;9.136081e-02;3.034711e-02;4.049276e-02;1.421174e-01;3.416036e-02;3.627107e-01;1.251203e-01;1.715754e-02;4.953121e-02;3.831067e-02
2.081143e-02;4.821685e-02;9.740577e-02;2.951728e-02;3.032575e-02;2.668300e-01;5.041101e-02;2.994887e-01;9.499338e-02;1.358641e-02;2.804499e-02;2.036849e-02
1.246453e-02;4.434838e-02;8.838842e-02;2.768576e-02;3.377783e-02;4.113331e-01;6.703690e-02;1.852196e-01;6.259640e-02;1.806563e-02;2.961817e-02;1.946528e-02
1.660104e-02;3.188618e-02;5.799441e-02;2.160983e-02;2.546822e-02;5.103940e-01;6.068303e-02;1.704689e-01;4.424390e-02;2.022054e-02;2.521840e-02;1.521153e-02
2.475921e-02;3.530679e-02;5.095132e-02;2.923387e-02;5.052349e-02;5.550303e-01;3.320435e-02;8.867835e-02;4.581020e-02;2.507639e-02;2.093850e-02;4.048724e-02
2.251180e-02;4.150158e-02;6.342034e-02;2.661554e-02;1.125848e-01;4.671240e-01;1.885415e-02;8.177081e-02;6.684600e-02;1.905393e-02;2.272903e-02;5.698813e-02
1.030762e-02;3.978109e-02;4.040257e-02;4.138665e-02;1.762113e-01;3.685729e-01;1.772757e-02;1.211799e-01;6.536729e-02;1.343461e-02;3.783019e-02;6.779835e-02
1.347183e-02;6.479071e-02;1.425137e-01;6.697503e-02;1.492360e-01;2.278312e-01;2.561146e-02;1.108934e-01;4.636222e-02;1.483164e-02;8.341295e-02;5.406984e-02
1.671171e-02;9.066574e-02;2.035494e-01;1.465580e-01;9.553412e-02;7.093797e-02;1.889353e-02;9.355550e-02;4.668660e-02;2.577447e-02;1.475391e-01;4.359392e-02
1.634582e-02;7.334404e-02;1.417726e-01;2.051472e-01;9.198476e-02;9.730691e-02;1.671241e-02;7.984042e-02;3.722562e-02;2.453944e-02;1.751797e-01;4.060110e-02
1.181812e-02;4.480689e-02;5.944137e-02;2.357630e-01;1.121288e-01;1.550145e-01;5.862665e-03;6.657804e-02;2.430762e-02;1.858558e-02;2.168826e-01;4.881079e-02
6.983243e-03;4.143361e-02;1.265811e-01;2.294174e-01;8.687109e-02;1.340718e-01;1.211250e-02;5.960020e-02;2.476640e-02;2.129593e-02;2.321207e-01;2.474594e-02
1.405617e-02;5.948373e-02;2.039727e-01;1.881023e-01;5.412073e-02;8.124982e-02;2.146091e-02;6.182998e-02;2.977187e-02;5.706434e-02;1.925862e-01;3.630125e-02
1.071083e-02;9.872554e-02;3.025836e-01;1.073408e-01;4.037367e-02;7.426840e-02;2.426990e-02;3.591827e-02;2.729060e-02;1.046720e-01;1.197327e-01;5.411372e-02
1.779578e-02;1.480701e-01;3.751296e-01;2.816640e-02;5.061467e-02;3.323953e-02;2.669123e-02;7.266986e-02;2.485104e-02;1.585582e-01;2.547725e-02;3.873628e-02
2.192293e-02;1.151056e-01;3.142608e-01;5.263088e-02;5.348656e-02;1.185695e-01;2.213028e-02;6.059346e-02;2.587442e-02;1.645572e-01;4.477140e-02;6.096845e-03
1.733950e-02;8.586021e-02;2.990411e-01;5.382035e-02;3.604978e-02;1.882574e-01;2.527354e-02;5.746659e-02;4.733393e-02;1.602593e-01;2.345259e-02;5.845674e-03
8.027365e-03;1.412822e-01;2.661860e-01;5.240452e-02;1.506370e-02;1.952707e-01;2.494719e-02;6.396601e-02;5.491706e-02;1.185580e-01;3.501812e-02;2.435910e-02
2.021375e-02;2.000967e-01;1.792855e-01;6.077585e-02;1.427873e-02;1.906771e-01;1.637337e-02;8.634458e-02;4.826420e-02;6.707358e-02;8.685357e-02;2.976314e-02
1.928056e-02;2.174741e-01;1.878771e-01;6.964292e-02;3.505825e-02;1.562203e-01;8.015390e-03;7.661148e-02;3.527442e-02;3.602083e-02;1.192156e-01;3.930894e-02
2.080914e-02;1.965670e-01;2.260161e-01;5.488169e-02;4.035720e-02;1.679726e-01;9.466237e-03;7.307299e-02;3.471088e-02;2.986971e-02;1.158572e-01;3.041924e-02
3.230864e-02;1.414528e-01;2.501805e-01;5.157011e-02;4.022788e-02;1.956863e-01;9.154316e-03;6.247673e-02;4.144498e-02;3.197231e-02;1.172271e-01;2.629829e-02
2.101257e-02;1.231227e-01;2.421456e-01;8.567095e-02;4.641444e-02;1.993980e-01;9.373882e-03;1.186886e-01;3.351237e-02;1.848623e-02;6.724878e-02;3.492590e-02
1.472331e-02;8.311804e-02;2.351631e-01;7.703295e-02;4.769018e-02;2.337636e-01;1.260297e-02;1.559202e-01;3.547907e-02;3.116280e-02;4.611957e-02;2.722419e-02
2.756630e-02;7.839637e-02;1.882932e-01;6.525014e-02;6.476788e-02;2.075445e-01;1.253458e-02;1.627754e-01;5.020699e-02;4.340346e-02;4.652201e-02;5.273912e-02
3.359559e-02;9.340068e-02;1.672008e-01;6.312154e-02;7.986075e-02;1.352337e-01;1.206890e-02;1.427723e-01;5.206328e-02;5.468953e-02;8.958112e-02;7.641185e-02
2.679846e-02;1.161754e-01;2.567041e-01;5.786927e-02;5.209876e-02;1.199738e-01;1.487061e-02;9.654637e-02;3.672623e-02;4.197425e-02;9.728044e-02;8.298229e-02
2.012177e-02;1.870054e-01;3.159402e-01;2.234816e-02;4.292080e-02;1.438593e-01;1.761023e-02;7.069047e-02;2.912433e-02;3.547706e-02;5.657461e-02;5.832765e-02
1.909363e-02;1.961700e-01;2.834764e-01;4.916339e-02;5.600640e-02;1.376555e-01;9.787294e-03;7.527117e-02;3.123002e-02;4.134303e-02;5.333027e-02;4.747302e-02
3.148194e-02;1.673162e-01;2.223165e-01;5.830704e-02;6.274328e-02;1.998300e-01;1.103485e-02;4.937221e-02;3.140385e-02;4.603346e-02;8.085392e-02;3.930667e-02
5.251514e-02;1.419230e-01;2.483562e-01;4.828501e-02;4.583544e-02;1.866006e-01;1.265542e-02;6.666362e-02;4.451949e-02;5.421503e-02;6.007925e-02;3.835178e-02
5.321061e-02;1.709945e-01;2.306718e-01;5.875563e-02;1.965410e-02;1.389385e-01;2.482668e-02;1.063573e-01;6.936549e-02;6.271240e-02;3.015492e-02;3.435805e-02
3.120534e-02;1.755333e-01;3.073002e-01;6.102447e-02;2.989553e-02;1.192385e-01;3.605899e-02;7.854760e-02;6.014683e-02;6.444151e-02;2.366048e-02;1.294723e-02
1.712724e-02;1.917009e-01;4.008535e-01;5.920111e-02;2.961679e-02;9.956325e-02;3.440631e-02;2.944295e-02;3.970183e-02;6.821470e-02;2.403150e-02;6.139961e-03
1.504154e-02;2.455236e-01;4.067474e-01;3.954903e-02;2.238331e-02;9.823503e-02;1.524354e-02;2.635129e-02;3.651694e-02;6.011502e-02;2.627207e-02;8.021167e-03
1.220854e-02;3.271064e-01;3.588249e-01;1.161246e-02;2.774462e-02;1.094272e-01;4.508819e-03;2.441263e-02;4.223786e-02;5.192716e-02;2.412393e-02;5.865525e-03
1.064930e-02;3.618732e-01;3.283623e-01;1.959319e-02;2.358311e-02;1.106971e-01;7.357831e-03;1.266042e-02;3.800942e-02;6.087403e-02;1.899280e-02;7.347200e-03
1.260694e-02;3.225027e-01;3.881718e-01;2.571342e-02;1.344033e-02;8.895128e-02;9.771597e-03;9.732502e-03;3.011606e-02;7.500935e-02;1.744249e-02;6.541601e-03
9.697398e-03;2.602173e-01;4.708651e-01;1.817210e-02;1.120868e-02;7.585209e-02;1.059868e-02;6.182806e-03;2.058309e-02;9.052376e-02;2.035473e-02;5.744230e-03
7.423093e-03;1.778542e-01;5.529925e-01;2.495007e-02;1.040828e-02;6.112865e-02;2.131621e-02;1.054975e-02;1.352033e-02;9.191328e-02;2.207129e-02;5.872325e-03
7.146930e-03;1.237702e-01;5.762810e-01;5.498019e-02;9.724013e-03;3.741180e-02;2.356885e-02;2.376806e-02;1.027112e-02;8.399288e-02;3.936218e-02;9.722711e-03
1.326408e-02;1.028399e-01;4.482556e-01;1.355106e-01;1.739208e-02;3.784648e-02;2.019027e-02;3.282725e-02;1.177084e-02;7.074245e-02;9.230617e-02;1.705425e-02
1.367313e-02;1.036312e-01;1.890774e-01;2.745393e-01;2.161599e-02;6.068031e-02;1.653449e-02;3.034251e-02;1.476943e-02;4.708916e-02;1.985293e-01;2.951788e-02
6.317037e-03;8.658942e-02;1.207063e-01;2.859216e-01;1.016844e-01;3.866319e-02;1.454175e-02;3.895566e-02;1.496031e-02;1.995885e-02;2.016280e-01;7.007345e-02
1.339416e-02;7.290560e-02;1.410571e-01;1.735661e-01;1.865208e-01;8.127102e-02;1.051800e-02;2.880067e-02;1.731746e-02;7.973946e-03;1.062471e-01;1.604280e-01
4.012911e-02;7.376856e-02;1.182924e-01;7.652786e-02;2.150982e-01;1.218736e-01;2.531207e-02;1.801257e-02;2.109999e-02;1.220872e-02;5.388429e-02;2.237926e-01
1.087075e-01;5.990446e-02;1.060347e-01;4.333312e-02;1.403178e-01;2.573668e-01;5.839897e-02;2.604909e-02;1.676198e-02;9.280377e-03;2.056281e-02;1.532823e-01
1.176481e-01;1.004052e-01;1.082797e-01;1.867215e-02;5.150288e-02;3.259213e-01;1.609886e-01;4.037783e-02;7.395526e-03;1.063946e-02;8.249956e-03;4.991934e-02
6.712724e-02;1.418334e-01;9.572344e-02;1.556858e-02;1.970765e-02;2.360567e-01;3.117791e-01;5.104100e-02;6.581185e-03;1.415604e-02;2.422238e-02;1.620326e-02
1.685582e-02;1.568435e-01;8.860601e-02;1.781334e-02;1.393429e-02;1.533390e-01;4.105544e-01;7.860252e-02;7.807037e-03;1.892535e-02;2.915397e-02;7.564683e-03
9.361745e-03;1.430996e-01;1.181594e-01;2.647375e-02;1.441842e-02;1.400053e-01;3.888611e-01;1.012396e-01;8.840957e-03;1.825183e-02;2.843180e-02;2.856506e-03
1.665565e-02;1.231528e-01;1.359569e-01;2.027339e-02;1.663396e-02;1.694969e-01;3.290724e-01;1.066402e-01;1.349315e-02;1.379761e-02;4.455153e-02;1.027554e-02
1.257335e-02;1.050589e-01;1.663850e-01;3.159179e-02;2.239113e-02;2.270618e-01;2.396272e-01;1.037873e-01;1.503852e-02;2.258111e-02;2.989475e-02;2.400901e-02
2.581537e-02;1.170214e-01;1.620880e-01;3.232935e-02;1.518193e-02;2.942589e-01;1.314041e-01;1.078104e-01;1.830216e-02;4.046945e-02;3.365627e-02;2.166276e-02
4.065518e-02;1.108947e-01;1.750863e-01;3.133047e-02;2.068701e-02;3.610304e-01;9.484898e-02;6.804134e-02;1.808984e-02;3.578613e-02;2.878078e-02;1.476892e-02
3.789165e-02;1.094944e-01;1.810174e-01;2.495234e-02;4.165815e-02;3.732815e-01;9.873063e-02;3.164575e-02;3.136877e-02;2.724094e-02;1.587596e-02;2.684255e-02
2.687346e-02;1.055310e-01;1.573356e-01;2.388082e-02;6.107741e-02;3.304199e-01;1.256327e-01;3.482725e-02;5.883847e-02;1.836441e-02;1.057172e-02;4.664712e-02
1.955829e-02;9.568059e-02;2.008239e-01;3.934183e-02;5.799099e-02;2.646775e-01;1.278498e-01;5.569049e-02;5.518492e-02;9.350161e-03;2.443257e-02;4.941898e-02
1.745486e-02;1.096506e-01;2.666533e-01;4.898392e-02;5.312271e-02;1.780673e-01;1.153007e-01;8.438674e-02;3.631014e-02;2.261594e-02;3.488629e-02;3.256749e-02
2.323428e-02;1.391281e-01;2.679102e-01;5.710882e-02;4.714761e-02;1.413409e-01;1.187240e-01;8.088285e-02;3.692948e-02;5.945025e-02;1.020056e-02;1.794298e-02
3.360769e-02;1.541102e-01;2.158871e-01;4.423263e-02;5.121518e-02;1.914787e-01;9.565122e-02;7.542802e-02;5.153247e-02;5.417943e-02;1.978064e-02;1.289670e-02
5.627213e-02;1.565898e-01;1.759507e-01;5.000109e-02;8.434509e-02;1.847745e-01;7.475766e-02;1.094772e-01;5.897098e-02;1.847419e-02;1.806408e-02;1.232256e-02
7.064219e-02;1.083632e-01;1.556926e-01;9.889495e-02;1.042897e-01;1.511164e-01;8.296793e-02;1.425594e-01;2.847104e-02;2.567882e-02;8.739404e-03;2.258428e-02
4.506728e-02;1.052142e-01;1.420474e-01;1.396245e-01;5.918358e-02;1.346467e-01;1.608361e-01;1.178632e-01;1.932479e-02;2.450276e-02;1.210336e-02;3.958607e-02
1.959669e-02;7.406662e-02;1.864295e-01;1.319358e-01;2.441251e-02;1.689379e-01;2.125057e-01;6.218743e-02;2.370341e-02;2.110885e-02;2.491884e-02;5.019669e-02
1.209475e-02;9.930304e-02;2.592104e-01;5.017623e-02;2.938873e-02;2.133369e-01;1.558922e-01;3.125349e-02;2.900093e-02;3.757120e-02;4.221222e-02;4.055998e-02
1.730312e-02;1.189779e-01;2.939006e-01;3.838569e-02;3.946447e-02;2.083331e-01;1.122108e-01;3.263712e-02;3.285401e-02;4.235891e-02;3.642772e-02;2.714651e-02
3.221694e-02;1.526499e-01;2.949573e-01;3.549013e-02;4.805806e-02;1.795330e-01;8.473362e-02;5.865950e-02;3.892097e-02;2.894931e-02;3.116835e-02;1.466294e-02
2.831754e-02;1.556207e-01;2.864178e-01;2.839683e-02;3.323128e-02;1.898562e-01;7.660999e-02;7.585276e-02;3.323035e-02;3.884405e-02;4.529510e-02;8.327432e-03
2.456069e-02;1.693336e-01;2.774689e-01;3.414528e-02;2.057140e-02;2.281537e-01;1.093540e-01;5.212564e-02;2.202744e-02;3.039176e-02;2.598964e-02;5.877947e-03
1.667956e-02;1.552194e-01;2.409914e-01;4.170587e-02;3.178958e-02;2.901610e-01;9.252360e-02;6.755375e-02;1.798285e-02;1.587125e-02;8.748977e-03;2.077278e-02
2.169617e-02;1.467983e-01;1.918138e-01;4.103424e-02;4.618545e-02;2.907275e-01;6.172067e-02;9.517136e-02;2.050367e-02;1.560314e-02;2.611095e-02;4.263479e-02
2.449432e-02;1.205131e-01;2.084065e-01;4.187911e-02;6.049960e-02;2.175417e-01;5.786795e-02;1.096945e-01;3.186532e-02;3.604928e-02;3.721697e-02;5.397162e-02
2.142136e-02;1.335522e-01;2.425859e-01;2.819634e-02;5.526094e-02;1.953471e-01;9.123192e-02;8.723319e-02;3.412658e-02;4.765003e-02;2.836440e-02;3.503001e-02
3.055015e-02;1.349041e-01;2.609147e-01;4.537250e-02;5.392877e-02;1.886953e-01;1.141781e-01;4.073723e-02;2.869531e-02;5.414931e-02;3.483590e-02;1.303866e-02
4.702668e-02;1.502609e-01;2.425413e-01;7.545286e-02;7.188252e-02;1.228056e-01;1.197012e-01;6.057612e-02;2.334479e-02;3.981382e-02;2.842127e-02;1.817294e-02
5.486732e-02;1.459446e-01;2.372132e-01;8.424312e-02;6.346737e-02;1.276963e-01;9.294596e-02;6.932206e-02;2.833663e-02;1.822338e-02;3.981235e-02;3.792770e-02
3.751626e-02;1.525222e-01;2.684466e-01;9.513545e-02;3.579788e-02;1.724979e-01;7.126772e-02;7.239802e-02;2.433125e-02;1.655531e-02;1.471691e-02;3.881451e-02
2.482005e-02;1.677609e-01;2.575065e-01;8.497208e-02;4.226116e-02;1.880878e-01;6.383421e-02;5.668966e-02;2.979901e-02;2.097750e-02;3.061881e-02;3.267223e-02
3.704702e-02;1.808677e-01;2.625350e-01;7.251646e-02;5.697065e-02;1.378283e-01;7.084785e-02;6.049515e-02;4.171877e-02;1.864800e-02;2.883320e-02;3.169188e-02
4.810441e-02;1.810201e-01;2.870980e-01;5.757096e-02;7.401916e-02;5.808940e-02;9.565689e-02;6.120411e-02;4.536229e-02;4.366446e-02;1.695039e-02;3.125991e-02
5.095863e-02;1.524890e-01;2.522910e-01;4.556661e-02;6.851728e-02;1.820036e-01;8.661196e-02;2.836927e-02;3.241809e-02;5.071383e-02;2.091412e-02;2.914655e-02
3.312937e-02;1.620875e-01;2.452254e-01;4.385474e-02;6.132227e-02;2.017888e-01;4.466294e-02;6.697065e-02;3.855097e-02;4.464136e-02;1.567602e-02;4.208992e-02
2.889187e-02;1.684801e-01;2.662767e-01;7.534552e-02;5.495457e-02;1.706426e-01;3.158039e-02;8.136295e-02;2.980736e-02;3.472568e-02;1.013614e-02;4.779608e-02
2.663202e-02;1.403022e-01;2.582418e-01;8.590806e-02;5.018591e-02;1.965333e-01;3.569596e-02;8.808623e-02;2.741149e-02;2.213863e-02;1.585522e-02;5.300925e-02
2.125974e-02;1.493334e-01;2.515167e-01;5.447553e-02;4.071447e-02;2.038040e-01;7.398736e-02;7.280041e-02;3.222371e-02;2.137052e-02;2.186143e-02;5.665278e-02
2.759688e-02;1.379986e-01;2.195074e-01;3.082140e-02;4.815413e-02;2.070676e-01;1.350878e-01;5.049974e-02;3.836152e-02;2.716431e-02;3.629645e-02;4.144415e-02
2.331485e-02;1.174263e-01;2.183297e-01;5.244590e-02;5.011601e-02;2.501053e-01;1.191100e-01;3.903822e-02;2.672879e-02;3.588069e-02;4.260019e-02;2.490414e-02
2.775607e-02;1.389895e-01;2.452710e-01;3.903880e-02;3.382663e-02;2.951099e-01;5.609798e-02;6.539400e-02;3.080874e-02;2.527425e-02;2.178755e-02;2.064554e-02
4.114192e-02;1.757743e-01;2.096337e-01;2.537907e-02;2.298477e-02;3.322499e-01;5.369923e-02;6.346922e-02;2.641102e-02;1.167833e-02;9.125465e-03;2.845308e-02
4.169677e-02;1.684672e-01;2.194661e-01;4.071013e-02;2.720144e-02;2.733488e-01;7.011325e-02;7.135186e-02;2.443649e-02;2.052047e-02;1.295383e-02;2.973360e-02
3.811447e-02;1.494737e-01;2.553206e-01;5.762200e-02;3.457435e-02;2.644703e-01;5.155954e-02;6.630795e-02;2.387542e-02;1.958649e-02;1.917853e-02;1.991660e-02
3.805528e-02;1.272115e-01;1.935266e-01;6.986822e-02;5.714760e-02;2.250586e-01;5.068852e-02;1.045678e-01;4.916067e-02;2.788056e-02;2.019044e-02;3.664421e-02
4.547570e-02;1.044042e-01;1.217830e-01;5.633836e-02;6.358703e-02;1.603636e-01;1.221566e-01;1.262944e-01;5.769310e-02;5.967784e-02;1.604913e-02;6.617715e-02
5.356053e-02;7.530379e-02;8.656674e-02;5.633781e-02;8.730929e-02;2.282294e-01;8.089150e-02;1.253185e-01;4.918732e-02;6.142448e-02;2.176786e-02;7.410281e-02
6.138289e-02;4.213659e-02;5.464226e-02;5.783726e-02;1.096831e-01;3.435607e-01;7.425488e-02;9.949364e-02;3.142484e-02;5.397121e-02;1.249760e-02;5.911501e-02
5.005540e-02;5.255359e-02;3.525298e-02;3.756600e-02;8.499491e-02;3.492999e-01;2.127097e-01;7.751811e-02;1.827853e-02;3.268546e-02;2.279348e-02;2.629184e-02
2.119542e-02;6.882799e-02;5.242291e-02;1.572037e-02;4.823642e-02;2.405611e-01;2.779677e-01;1.979855e-01;2.596297e-02;9.896772e-03;3.092128e-02;1.030160e-02
1.110654e-02;5.873326e-02;9.006951e-02;1.358376e-02;2.997222e-02;9.887622e-02;1.754970e-01;4.194860e-01;4.095863e-02;1.788555e-02;1.556239e-02;2.826900e-02
1.133776e-02;4.185589e-02;9.509490e-02;1.847835e-02;2.151507e-02;1.542474e-01;4.531281e-02;5.040898e-01;4.684801e-02;1.364095e-02;7.874080e-03;3.970500e-02
1.039787e-02;4.642880e-02;1.005641e-01;1.773532e-02;3.868610e-02;1.684337e-01;3.722001e-02;4.693226e-01;5.959102e-02;1.112181e-02;1.395360e-02;2.654495e-02
1.607849e-02;3.957272e-02;1.050513e-01;1.713489e-02;3.828502e-02;1.132111e-01;5.478539e-02;4.785329e-01;9.260317e-02;1.209203e-02;1.490039e-02;1.775250e-02
1.722223e-02;2.938378e-02;8.360136e-02;1.306337e-02;3.038825e-02;1.345672e-01;7.364156e-02;4.638858e-01;1.147942e-01;9.513854e-03;1.193125e-02;1.800717e-02
1.061862e-02;2.402304e-02;6.509585e-02;1.641192e-02;1.658211e-02;1.783658e-01;5.029204e-02;4.542699e-01;1.348840e-01;8.324710e-03;1.695935e-02;2.417262e-02
6.681636e-03;2.108963e-02;5.862851e-02;2.331200e-02;2.013553e-02;1.541916e-01;4.670398e-02;4.621872e-01;1.575757e-01;1.184110e-02;1.481427e-02;2.283890e-02
1.681362e-02;2.279788e-02;4.153498e-02;1.525385e-02;1.325226e-02;1.107165e-01;8.190198e-02;4.914526e-01;1.617065e-01;1.377063e-02;1.179654e-02;1.900257e-02
2.023037e-02;2.884538e-02;5.269722e-02;2.189059e-02;2.131410e-02;6.247650e-02;9.918927e-02;5.174246e-01;1.390922e-01;1.586837e-02;1.136418e-02;9.607160e-03
2.019859e-02;3.856974e-02;6.031259e-02;2.119373e-02;1.879846e-02;1.450001e-01;6.130866e-02;4.982336e-01;1.022808e-01;1.291382e-02;9.317809e-03;1.187213e-02
1.926334e-02;3.542675e-02;5.600854e-02;1.568243e-02;2.214499e-02;2.656075e-01;8.020546e-02;4.317382e-01;4.083195e-02;1.145116e-02;1.054635e-02;1.109340e-02
1.202103e-02;2.420030e-02;3.492006e-02;1.387867e-02;3.121199e-02;2.713301e-01;8.093643e-02;4.302213e-01;6.400772e-02;1.437171e-02;9.848613e-03;1.305201e-02
1.800801e-02;3.798978e-02;6.679600e-02;1.924605e-02;2.647851e-02;1.466336e-01;4.681490e-02;4.593155e-01;1.350665e-01;1.733130e-02;7.963297e-03;1.835648e-02
1.355764e-02;4.465082e-02;7.546859e-02;1.920811e-02;1.002433e-02;1.456683e-01;9.863110e-02;3.961656e-01;1.541886e-01;1.537024e-02;1.434149e-02;1.272510e-02
9.481017e-03;4.256004e-02;9.005674e-02;1.072734e-02;2.579855e-02;1.384114e-01;8.320403e-02;4.200723e-01;1.406636e-01;1.058616e-02;1.642754e-02;1.201136e-02
1.006803e-02;3.947414e-02;8.830425e-02;1.289568e-02;3.878483e-02;1.103414e-01;2.697101e-02;5.042329e-01;1.266303e-01;6.823670e-03;1.788070e-02;1.759308e-02
1.195931e-02;4.349112e-02;6.334238e-02;1.288768e-02;4.651067e-02;1.627085e-01;1.349121e-02;4.961159e-01;1.178002e-01;7.272668e-03;8.487922e-03;1.593246e-02
2.050121e-02;5.201280e-02;7.160217e-02;1.639714e-02;4.265473e-02;1.228894e-01;5.432402e-02;4.590923e-01;1.295803e-01;1.060902e-02;7.155318e-03;1.318164e-02
2.005868e-02;5.468076e-02;7.816201e-02;1.553934e-02;3.868419e-02;1.530528e-01;8.970392e-02;3.926511e-01;1.312509e-01;6.920348e-03;1.010884e-02;9.187172e-03
2.936685e-02;5.556214e-02;9.831035e-02;2.715958e-02;4.625237e-02;2.081734e-01;8.550403e-02;3.080922e-01;1.123846e-01;1.069707e-02;8.067441e-03;1.043001e-02
4.020600e-02;8.236358e-02;1.414227e-01;3.725388e-02;4.507324e-02;1.730611e-01;2.190215e-02;2.666962e-01;1.251785e-01;2.682925e-02;9.791672e-03;3.022175e-02
3.509974e-02;7.676464e-02;1.278282e-01;1.815832e-02;3.256033e-02;1.240598e-01;7.017358e-02;3.276271e-01;1.167782e-01;2.890388e-02;1.912401e-02;2.292225e-02
3.785510e-02;8.086636e-02;1.074801e-01;5.334964e-02;5.671038e-02;1.281823e-01;4.924457e-02;2.801132e-01;1.064391e-01;4.371203e-02;2.664543e-02;2.940178e-02
3.052607e-02;8.559415e-02;1.296266e-01;7.140306e-02;6.274433e-02;1.225910e-01;7.806768e-02;2.048472e-01;8.933087e-02;5.332029e-02;3.062009e-02;4.132865e-02
1.147897e-02;8.664568e-02;1.104063e-01;4.659680e-02;4.493174e-02;1.278900e-01;1.387468e-01;2.827152e-01;6.500508e-02;3.275723e-02;2.154486e-02;3.128128e-02
1.718765e-02;1.070237e-01;5.825695e-02;2.121555e-02;2.209879e-02;1.321273e-01;2.976691e-01;2.560705e-01;4.261160e-02;1.753988e-02;1.687498e-02;1.132394e-02
4.894654e-02;1.283005e-01;2.618092e-02;1.180741e-02;1.295923e-02;2.058688e-01;3.694378e-01;1.357800e-01;2.835986e-02;1.361507e-02;1.467429e-02;4.069541e-03
1.268050e-01;1.195798e-01;2.609403e-02;1.048361e-02;1.892919e-02;3.033423e-01;2.654870e-01;7.302602e-02;2.918766e-02;1.384118e-02;4.662191e-03;8.561980e-03
1.979164e-01;1.050498e-01;2.039156e-02;1.913963e-02;4.167140e-02;3.380511e-01;1.002159e-01;9.170023e-02;3.467327e-02;1.529775e-02;8.868945e-03;2.702394e-02
2.356954e-01;8.984470e-02;1.535184e-02;2.407964e-02;5.834601e-02;3.225205e-01;8.733162e-02;7.755850e-02;2.981387e-02;1.826586e-02;1.644480e-02;2.474731e-02
2.104121e-01;1.159134e-01;3.563373e-02;1.794202e-02;4.703844e-02;2.825773e-01;1.394974e-01;8.040408e-02;2.395402e-02;1.902165e-02;1.665909e-02;1.094675e-02
9.756019e-02;2.208067e-01;6.433848e-02;1.786394e-02;2.300588e-02;1.578036e-01;2.594602e-01;1.014613e-01;1.903996e-02;1.162058e-02;1.407043e-02;1.296885e-02
2.136024e-02;1.973716e-01;1.701512e-01;1.754939e-02;1.689112e-02;8.439255e-02;2.302033e-01;1.981305e-01;3.011994e-02;7.899984e-03;1.143648e-02;1.449360e-02
8.995648e-03;9.307645e-02;2.811333e-01;3.077637e-02;1.234895e-02;6.123952e-02;1.058402e-01;3.060476e-01;6.513120e-02;1.332045e-02;4.298032e-03;1.779226e-02
1.679833e-02;3.487736e-02;2.240675e-01;1.269621e-01;1.099104e-02;7.529162e-02;3.031525e-02;2.794818e-01;1.657927e-01;1.189528e-02;6.386105e-03;1.714095e-02
4.247215e-02;3.330061e-02;8.649707e-02;2.217609e-01;1.810525e-02;9.539218e-02;6.339993e-02;1.388513e-01;2.529819e-01;2.085929e-02;1.234375e-02;1.403561e-02
5.726729e-02;3.978667e-02;5.379927e-02;1.960475e-01;4.284288e-02;1.179773e-01;8.989649e-02;7.408853e-02;2.436609e-01;5.739146e-02;1.968049e-02;7.561274e-03
5.844381e-02;5.201815e-02;4.518001e-02;9.086664e-02;7.596295e-02;1.331757e-01;8.720019e-02;9.703165e-02;2.140006e-01;1.195319e-01;1.790122e-02;8.687126e-03
7.045050e-02;9.003727e-02;3.405636e-02;5.300996e-02;1.046099e-01;1.061760e-01;5.527010e-02;1.054451e-01;1.830467e-01;1.642044e-01;1.529188e-02;1.840183e-02
9.353588e-02;1.072626e-01;4.224581e-02;5.135222e-02;8.799556e-02;9.698914e-02;5.293241e-02;1.406476e-01;1.660553e-01;1.222691e-01;1.441013e-02;2.430425e-02
7.999139e-02;1.025558e-01;8.551807e-02;2.397644e-02;3.257903e-02;9.637333e-02;9.050044e-02;2.278288e-01;1.883354e-01;4.319788e-02;1.095012e-02;1.819332e-02
5.403896e-02;8.579496e-02;6.282187e-02;5.196825e-02;3.379138e-02;1.058779e-01;1.316605e-01;1.912506e-01;2.378076e-01;2.493498e-02;1.033003e-02;9.723048e-03
4.699762e-02;5.551090e-02;3.326264e-02;8.132834e-02;3.005413e-02;1.029252e-01;1.065608e-01;2.112766e-01;2.799654e-01;3.623695e-02;1.040641e-02;5.475069e-03
5.409852e-02;3.527288e-02;5.109145e-02;5.545707e-02;2.172183e-02;1.241210e-01;6.678087e-02;2.376673e-01;3.038986e-01;3.593398e-02;9.230710e-03;4.725817e-03
6.503883e-02;5.147288e-02;3.829760e-02;5.882324e-02;2.117025e-02;1.157173e-01;8.442207e-02;1.646557e-01;3.521764e-01;3.290356e-02;7.657859e-03;7.664386e-03
6.581185e-02;4.278951e-02;3.093722e-02;9.894456e-02;1.475024e-02;7.727156e-02;6.994777e-02;1.979658e-01;3.616551e-01;2.807565e-02;4.005474e-03;7.845209e-03
5.647284e-02;4.483703e-02;5.820038e-02;7.568832e-02;1.185205e-02;5.299623e-02;5.201011e-02;2.725713e-01;3.266547e-01;2.704648e-02;3.561896e-03;1.810857e-02
4.377450e-02;3.495929e-02;6.901731e-02;3.323038e-02;1.035397e-02;5.693148e-02;4.943155e-02;3.609710e-01;2.719030e-01;2.506799e-02;4.823351e-03;3.953621e-02
4.071375e-02;2.594658e-02;6.014600e-02;2.297308e-02;1.211102e-02;4.692979e-02;7.433975e-02;4.055768e-01;2.264818e-01;3.611197e-02;6.663827e-03;4.200570e-02
5.006381e-02;2.326175e-02;4.599660e-02;3.898821e-02;2.566055e-02;1.999066e-01;1.108606e-01;2.747485e-01;1.581266e-01;4.199598e-02;6.968018e-03;2.342269e-02
5.383762e-02;3.862221e-02;7.382047e-02;5.419709e-02;4.869714e-02;3.449180e-01;9.150223e-02;1.312596e-01;1.193697e-01;2.923099e-02;5.544056e-03;9.000934e-03
4.139611e-02;2.918410e-02;8.912298e-02;6.503312e-02;7.062751e-02;2.827330e-01;8.662929e-02;1.385784e-01;1.417611e-01;1.559805e-02;9.722500e-03;2.961388e-02
3.082965e-02;6.395306e-02;1.034052e-01;6.068970e-02;6.717001e-02;1.774047e-01;1.028780e-01;1.499413e-01;1.685583e-01;1.491657e-02;1.136602e-02;4.888743e-02
1.995688e-02;8.131089e-02;9.232710e-02;4.925399e-02;3.553894e-02;2.068557e-01;8.499733e-02;2.525240e-01;1.128254e-01;2.527024e-02;8.941468e-03;3.019809e-02
3.509721e-02;1.024030e-01;9.358956e-02;4.779351e-02;4.304091e-02;6.941916e-02;9.011886e-02;3.498160e-01;8.423393e-02;5.022571e-02;1.290606e-02;2.135601e-02
4.421703e-02;6.286790e-02;7.383585e-02;3.919922e-02;4.258224e-02;1.612630e-01;5.737884e-02;3.372249e-01;8.745443e-02;4.666279e-02;1.226618e-02;3.504761e-02
5.101702e-02;6.564252e-02;6.892029e-02;3.700973e-02;4.965415e-02;9.739779e-02;7.106709e-02;3.493470e-01;1.193791e-01;3.035994e-02;9.427465e-03;5.077790e-02
6.082014e-02;4.787868e-02;3.146558e-02;1.606784e-02;5.158364e-02;2.616594e-01;1.285226e-01;2.135969e-01;1.006675e-01;3.442778e-02;1.142752e-02;4.188231e-02
5.400211e-02;7.280698e-02;9.392489e-02;2.880212e-02;2.967247e-02;1.800438e-01;1.449204e-01;2.279259e-01;9.571136e-02;3.351001e-02;5.164348e-03;3.351564e-02
2.486115e-02;5.029278e-02;1.724317e-01;4.045445e-02;8.885756e-03;7.395968e-02;9.136233e-02;3.563081e-01;1.130668e-01;2.873149e-02;4.788927e-03;3.485680e-02
1.036377e-02;2.068508e-02;2.355869e-01;2.507706e-02;7.188764e-03;4.103437e-02;3.650663e-02;4.163547e-01;1.133837e-01;2.369489e-02;8.750626e-03;6.137346e-02
8.174328e-03;1.736275e-02;2.516458e-01;2.490153e-02;1.327254e-02;4.524285e-02;1.439045e-02;4.070033e-01;8.438300e-02;2.320588e-02;1.260547e-02;9.781216e-02
1.738533e-02;2.382248e-02;2.409446e-01;3.997530e-02;2.033470e-02;4.221367e-02;2.320297e-02;3.541331e-01;9.136653e-02;1.736747e-02;1.203939e-02;1.172145e-01
2.561440e-02;2.480956e-02;2.482572e-01;5.575133e-02;2.520187e-02;7.649159e-02;2.704175e-02;2.934855e-01;8.232560e-02;1.265431e-02;1.085251e-02;1.175144e-01
2.226979e-02;2.502101e-02;2.182973e-01;6.114429e-02;2.283619e-02;1.195780e-01;3.619472e-02;3.137668e-01;5.293960e-02;1.589911e-02;1.082633e-02;1.012269e-01
1.657476e-02;1.450798e-02;1.529897e-01;3.584618e-02;1.831420e-02;1.865855e-01;4.264136e-02;3.519961e-01;5.424938e-02;2.878179e-02;1.022939e-02;8.728375e-02
6.734940e-03;1.911443e-02;1.116290e-01;2.429273e-02;1.518608e-02;2.102333e-01;6.199277e-02;3.665341e-01;8.786605e-02;2.693385e-02;9.378802e-03;6.010402e-02
7.550921e-03;1.851331e-02;9.909893e-02;3.574904e-02;1.449524e-02;2.254006e-01;4.353089e-02;3.787489e-01;1.075356e-01;1.870510e-02;8.064292e-03;4.260727e-02
1.137083e-02;1.959999e-02;1.227698e-01;2.124987e-02;1.250455e-02;2.984341e-01;2.097381e-02;3.471676e-01;8.884112e-02;1.572428e-02;6.424168e-03;3.493987e-02
1.133606e-02;2.262628e-02;1.396755e-01;2.265991e-02;1.540742e-02;2.879335e-01;2.728218e-02;3.225406e-01;6.529646e-02;2.575341e-02;9.800373e-03;4.968832e-02
1.336544e-02;2.512063e-02;1.879024e-01;1.437842e-02;1.568913e-02;2.016701e-01;2.972947e-02;3.729185e-01;2.380315e-02;4.633298e-02;5.830643e-03;6.325910e-02
1.281427e-02;2.836386e-02;1.668983e-01;1.347854e-02;2.407113e-02;8.963799e-02;3.931171e-02;4.694869e-01;5.426200e-02;5.090379e-02;5.942899e-03;4.482856e-02
1.159894e-02;4.735372e-02;9.113871e-02;9.002364e-03;4.973314e-02;6.948273e-02;8.953515e-02;4.921078e-01;7.435025e-02;3.189028e-02;1.338420e-02;2.042271e-02
8.289481e-03;6.528020e-02;1.198468e-01;6.341051e-03;6.451305e-02;6.824461e-02;1.076665e-01;4.375427e-01;7.195795e-02;1.185828e-02;2.207017e-02;1.638926e-02
1.544050e-02;9.118206e-02;1.225195e-01;6.940027e-03;5.837551e-02;7.653270e-02;1.437625e-01;3.808417e-01;6.035901e-02;7.938415e-03;2.051540e-02;1.559276e-02
2.102974e-02;1.090800e-01;1.205023e-01;1.209898e-02;4.429588e-02;8.382782e-02;2.033206e-01;3.072402e-01;3.940232e-02;1.382654e-02;3.144100e-02;1.393469e-02
2.556516e-02;1.143797e-01;8.032832e-02;1.359302e-02;4.039348e-02;7.147207e-02;2.821912e-01;2.844349e-01;1.617425e-02;1.261443e-02;4.140367e-02;1.744980e-02
1.817550e-02;1.242925e-01;4.976869e-02;1.361729e-02;3.145415e-02;1.530309e-01;3.131059e-01;2.010952e-01;2.149382e-02;1.001089e-02;4.840816e-02;1.554698e-02
1.026421e-02;1.117615e-01;6.501907e-02;1.177195e-02;2.026439e-02;2.288429e-01;2.555094e-01;1.895946e-01;3.559179e-02;1.184251e-02;5.038704e-02;9.150806e-03
9.527306e-03;7.126610e-02;5.556601e-02;1.453342e-02;2.750101e-02;3.655410e-01;1.245586e-01;2.301676e-01;4.199582e-02;1.368469e-02;3.598961e-02;9.668750e-03
2.629808e-02;5.515935e-02;8.274282e-02;1.556142e-02;3.159580e-02;4.724795e-01;5.816711e-02;1.735812e-01;4.233355e-02;1.625991e-02;1.240265e-02;1.341861e-02
3.335932e-02;5.814090e-02;5.186819e-02;1.322173e-02;2.232029e-02;5.021579e-01;7.185879e-02;1.661071e-01;3.992602e-02;1.589687e-02;5.094996e-03;2.004798e-02
2.818599e-02;3.448297e-02;3.977190e-02;8.989850e-03;2.856842e-02;5.253258e-01;6.551264e-02;1.895604e-01;3.284913e-02;1.034199e-02;5.872292e-03;3.053855e-02
1.768900e-02;2.861351e-02;4.097695e-02;1.454760e-02;3.896414e-02;5.742975e-01;4.749132e-02;1.444429e-01;4.099367e-02;7.214221e-03;1.149435e-02;3.327479e-02
9.250155e-03;3.150220e-02;4.929384e-02;7.800362e-03;3.465490e-02;6.102484e-01;3.392102e-02;1.397538e-01;4.181966e-02;4.773293e-03;1.140465e-02;2.557762e-02
2.169757e-02;4.544066e-02;7.403138e-02;6.603524e-03;3.292504e-02;6.093639e-01;5.104469e-02;8.582195e-02;4.028441e-02;6.191614e-03;7.120901e-03;1.947435e-02
3.329726e-02;4.529706e-02;4.854779e-02;1.129201e-02;2.712829e-02;6.121827e-01;6.295144e-02;9.631991e-02;3.248744e-02;6.552678e-03;8.865274e-03;1.507821e-02
3.298856e-02;4.602881e-02;5.885692e-02;1.103158e-02;1.778486e-02;6.068360e-01;7.187709e-02;9.878589e-02;2.079876e-02;1.229571e-02;1.245802e-02;1.025780e-02
2.339581e-02;3.400977e-02;6.387394e-02;8.940673e-03;2.070174e-02;5.685728e-01;5.411248e-02;1.518162e-01;3.162817e-02;1.931728e-02;1.059857e-02;1.303261e-02
1.155348e-02;2.957431e-02;3.312912e-02;1.102172e-02;1.947490e-02;5.890830e-01;4.230734e-02;1.890731e-01;3.471554e-02;1.950387e-02;7.458411e-03;1.310513e-02
3.204721e-03;3.783290e-02;1.597224e-02;9.303536e-03;1.427768e-02;4.993058e-01;7.847953e-02;2.657608e-01;4.680817e-02;1.135079e-02;3.595211e-03;1.410862e-02
6.177511e-03;3.732380e-02;3.307842e-02;7.566327e-03;1.345677e-02;3.126985e-01;6.856507e-02;4.158853e-01;6.581416e-02;2.253535e-02;4.207863e-03;1.269100e-02
8.215134e-03;3.350217e-02;3.981371e-02;1.375002e-02;1.138275e-02;9.126385e-02;4.807432e-02;5.851699e-01;9.601536e-02;5.504509e-02;6.419161e-03;1.134855e-02
9.255747e-03;2.247326e-02;2.399400e-02;2.302756e-02;1.050991e-02;2.164978e-01;2.860449e-02;4.674755e-01;1.387629e-01;4.141939e-02;6.758709e-03;1.122071e-02
1.793234e-02;2.248662e-02;2.409721e-02;3.835583e-02;1.466370e-02;2.286751e-01;2.906244e-02;3.881821e-01;1.890790e-01;2.784131e-02;9.776805e-03;9.847549e-03
2.292590e-02;2.710573e-02;4.639969e-02;4.044881e-02;2.482331e-02;1.829547e-01;4.092360e-02;3.990707e-01;1.748473e-01;1.948507e-02;8.705195e-03;1.230988e-02
2.358764e-02;2.282418e-02;3.654920e-02;2.115254e-02;2.255180e-02;1.417102e-01;4.890001e-02;5.131173e-01;1.252765e-01;1.509326e-02;1.265392e-02;1.658346e-02
1.234146e-02;1.893489e-02;2.734680e-02;8.824990e-03;1.412395e-02;2.269623e-01;3.695259e-02;5.660287e-01;5.505733e-02;1.107240e-02;1.276900e-02;9.585690e-03
6.143859e-03;2.595584e-02;4.948119e-02;1.188371e-02;6.939535e-03;8.450902e-02;2.581880e-02;6.243916e-01;1.295526e-01;9.347850e-03;8.234472e-03;1.774153e-02
3.484053e-02;2.695363e-02;3.350963e-02;2.538367e-02;1.266164e-02;1.225923e-01;3.076056e-02;4.897953e-01;1.678900e-01;1.933113e-02;1.013688e-02;2.614478e-02
8.778271e-02;4.750102e-02;2.798824e-02;5.069221e-02;3.398706e-02;1.334156e-01;3.490854e-02;2.962832e-01;1.877076e-01;5.634068e-02;1.470217e-02;2.869099e-02
1.276876e-01;9.509547e-02;2.278739e-02;5.643399e-02;9.021363e-02;8.322182e-02;3.046566e-02;1.512040e-01;1.695987e-01;1.329053e-01;1.652677e-02;2.385971e-02
8.392571e-02;1.555577e-01;2.841578e-02;3.093637e-02;1.658408e-01;4.305280e-02;1.945335e-02;1.149039e-01;1.079342e-01;2.303958e-01;1.087764e-02;8.705873e-03
6.800456e-02;1.097613e-01;3.999469e-02;2.869464e-02;1.579033e-01;4.656446e-02;2.715460e-02;1.525560e-01;1.368843e-01;2.137863e-01;1.238233e-02;6.313572e-03
1.141154e-01;4.638505e-02;3.856100e-02;6.827188e-02;1.079715e-01;6.386171e-02;3.123421e-02;1.807821e-01;1.777218e-01;1.512545e-01;1.529968e-02;4.541088e-03
1.627817e-01;3.484089e-02;2.882271e-02;9.736151e-02;7.237275e-02;1.109599e-01;2.694775e-02;1.881122e-01;1.669288e-01;8.584572e-02;1.490772e-02;1.011825e-02
1.766546e-01;3.134195e-02;1.761177e-02;1.185744e-01;3.826509e-02;1.087540e-01;1.730681e-02;2.078809e-01;2.091915e-01;5.413276e-02;8.357502e-03;1.192887e-02
1.239461e-01;2.734748e-02;1.768283e-02;1.055726e-01;2.660059e-02;1.355672e-01;1.700912e-02;2.908808e-01;1.849189e-01;4.013465e-02;4.895888e-03;2.544386e-02
6.148249e-02;2.496159e-02;2.958142e-02;6.868261e-02;2.674859e-02;1.597426e-01;3.862349e-02;3.568751e-01;1.494518e-01;3.294642e-02;1.412888e-02;3.677494e-02
2.906859e-02;2.081013e-02;3.880531e-02;2.506937e-02;3.023716e-02;2.466787e-01;7.345244e-02;3.153577e-01;1.283870e-01;3.495749e-02;2.144559e-02;3.573048e-02
1.457623e-02;3.265681e-02;7.778062e-02;4.896703e-02;3.952015e-02;2.651035e-01;7.734993e-02;2.355509e-01;1.008080e-01;4.459959e-02;2.425119e-02;3.883601e-02
3.125988e-02;5.143049e-02;1.321375e-01;6.891718e-02;5.974996e-02;1.040338e-01;3.529148e-02;2.373233e-01;1.221606e-01;9.064490e-02;2.854905e-02;3.850186e-02
5.042186e-02;4.511852e-02;1.108737e-01;5.252678e-02;5.461555e-02;2.345751e-01;4.105373e-02;1.838729e-01;1.030652e-01;8.970944e-02;2.095861e-02;1.320858e-02
4.320458e-02;3.376917e-02;8.419307e-02;4.039358e-02;5.593209e-02;3.385748e-01;4.455528e-02;1.927734e-01;5.018690e-02;7.084661e-02;1.310520e-02;3.246534e-02
4.117654e-02;3.029304e-02;5.051063e-02;2.174300e-02;3.799556e-02;3.481242e-01;4.231744e-02;2.807812e-01;6.519544e-02;3.316478e-02;1.239472e-02;3.630348e-02
2.759166e-02;2.906232e-02;3.724844e-02;2.183395e-02;3.011269e-02;2.554379e-01;4.358328e-02;4.076182e-01;9.223811e-02;1.661433e-02;1.013287e-02;2.852633e-02
2.340915e-02;2.411911e-02;2.647441e-02;2.097397e-02;1.906759e-02;1.903810e-01;5.293351e-02;5.029097e-01;9.564648e-02;2.216313e-02;6.900107e-03;1.502188e-02
2.024882e-02;2.697208e-02;3.758454e-02;1.589681e-02;9.248184e-03;8.080486e-02;6.377969e-02;5.914451e-01;1.111871e-01;2.848216e-02;4.038767e-03;1.031190e-02
