1.177106e-01;5.507879e-02;1.037234e-01;5.548092e-02;5.235838e-02;6.987588e-02;1.300019e-01;5.781653e-02;6.345024e-02;8.854783e-02;9.510317e-02;1.108523e-01
1.149805e-01;9.734526e-02;8.688263e-02;4.357284e-02;3.950581e-02;8.413023e-02;1.082008e-01;6.051562e-02;5.005848e-02;9.216436e-02;1.029851e-01;1.196584e-01
1.055599e-01;1.096846e-01;6.797532e-02;4.580153e-02;4.770767e-02;9.944262e-02;8.428040e-02;5.868944e-02;5.372621e-02;8.198096e-02;1.286234e-01;1.165280e-01
1.664546e-01;7.031974e-02;8.409151e-02;5.292295e-02;6.768242e-02;8.147892e-02;5.025527e-02;7.021728e-02;5.645358e-02;7.769486e-02;9.514295e-02;1.272858e-01
1.512627e-01;7.263973e-02;1.289691e-01;4.435280e-02;8.423987e-02;7.819525e-02;4.452484e-02;7.606000e-02;7.574962e-02;9.938710e-02;5.704351e-02;8.757551e-02
1.259789e-01;4.222960e-02;1.255800e-01;4.191290e-02;8.163141e-02;8.848336e-02;1.328318e-01;6.207357e-02;6.529646e-02;1.091152e-01;7.319102e-02;5.167574e-02
1.727370e-01;4.799208e-02;9.386531e-02;6.587186e-02;5.818466e-02;5.452808e-02;1.086915e-01;4.179137e-02;8.983564e-02;1.176719e-01;8.704326e-02;6.178738e-02
1.887149e-01;1.164301e-01;8.339392e-02;5.386944e-02;5.683833e-02;2.649393e-02;6.752094e-02;4.844899e-02;6.859496e-02;1.320252e-01;8.985817e-02;6.781112e-02
2.304592e-01;1.509444e-01;1.073596e-01;3.805862e-02;4.905842e-02;3.218772e-02;3.309960e-02;4.159548e-02;5.024503e-02;1.161745e-01;7.762016e-02;7.319728e-02
2.684300e-01;1.425436e-01;1.368539e-01;4.357254e-02;4.173673e-02;3.135971e-02;4.492247e-02;3.131358e-02;5.661959e-02;6.905665e-02;5.626535e-02;7.732584e-02
2.477189e-01;1.365104e-01;1.232479e-01;5.101149e-02;4.311896e-02;2.440629e-02;8.450287e-02;4.071955e-02;5.058699e-02;5.836459e-02;6.175827e-02;7.805378e-02
1.939497e-01;9.116933e-02;9.803347e-02;4.099743e-02;3.691264e-02;2.464030e-02;1.427792e-01;9.908445e-02;5.912575e-02;7.689790e-02;6.832697e-02;6.808274e-02
1.269725e-01;4.639443e-02;8.137725e-02;3.496049e-02;3.191559e-02;2.489296e-02;2.220931e-01;1.890800e-01;5.969132e-02;7.062363e-02;6.315429e-02;4.884439e-02
1.148002e-01;7.562611e-02;7.877410e-02;4.408589e-02;2.898849e-02;3.319379e-02;2.144394e-01;2.215051e-01;5.303903e-02;5.561910e-02;5.246744e-02;2.746130e-02
9.611265e-02;8.307318e-02;7.242009e-02;4.743299e-02;3.114170e-02;4.362599e-02;1.429830e-01;1.699105e-01;1.601431e-01;5.719309e-02;5.582765e-02;4.013609e-02
6.116745e-02;6.046158e-02;2.200191e-02;3.815025e-02;5.258396e-02;2.797812e-02;9.489662e-02;9.507393e-02;2.658294e-01;2.015541e-01;5.085438e-02;2.944829e-02
3.160480e-02;6.318652e-02;1.419173e-02;1.917368e-02;8.703019e-02;1.408550e-02;5.785870e-02;6.601080e-02;2.181713e-01;3.411473e-01;7.365317e-02;1.388630e-02
3.465435e-02;8.098145e-02;1.275850e-02;1.158767e-02;1.106087e-01;1.058703e-02;4.240785e-02;5.141097e-02;1.047190e-01;4.224052e-01;1.052217e-01;1.265770e-02
1.037664e-01;6.403519e-02;1.404407e-02;3.301279e-02;7.162706e-02;1.133747e-02;7.675278e-02;3.424782e-02;1.890546e-01;3.150517e-01;7.319178e-02;1.387837e-02
2.103073e-01;2.752205e-02;2.210507e-02;6.189562e-02;3.119061e-02;1.611501e-02;1.427869e-01;3.776399e-02;2.493137e-01;1.464653e-01;3.271177e-02;2.182268e-02
2.213771e-01;2.473614e-02;6.443033e-02;5.993413e-02;3.241352e-02;3.088058e-02;1.521842e-01;5.152801e-02;2.049025e-01;8.732793e-02;3.211752e-02;3.816803e-02
1.753601e-01;2.005043e-02;1.561706e-01;5.266588e-02;6.546747e-02;4.527232e-02;9.838944e-02;5.177062e-02;1.167234e-01;1.261885e-01;4.729841e-02;4.464284e-02
9.200336e-02;2.671276e-02;2.237678e-01;5.488546e-02;9.056570e-02;2.822595e-02;9.268150e-02;4.615740e-02;1.104061e-01;1.621982e-01;5.057407e-02;2.182163e-02
8.376453e-02;2.408346e-02;1.573084e-01;4.302071e-02;1.015981e-01;2.886517e-02;1.135080e-01;4.681367e-02;1.932102e-01;1.447006e-01;5.285900e-02;1.026821e-02
9.653195e-02;2.716756e-02;6.980111e-02;3.212206e-02;9.044331e-02;3.389947e-02;1.169005e-01;5.238545e-02;2.316605e-01;1.741883e-01;5.944693e-02;1.545285e-02
9.332210e-02;3.571890e-02;8.944736e-02;4.125817e-02;5.209697e-02;3.114512e-02;1.446076e-01;4.971126e-02;1.925525e-01;1.952531e-01;5.483740e-02;2.004959e-02
8.313902e-02;5.625340e-02;1.304201e-01;6.103280e-02;7.214446e-02;4.026752e-02;1.590009e-01;3.704524e-02;1.062684e-01;1.606045e-01;4.723345e-02;4.659028e-02
8.187347e-02;3.585851e-02;7.900943e-02;4.052186e-02;4.386880e-02;3.922197e-02;1.478513e-01;1.049363e-01;1.389723e-01;8.644515e-02;6.655421e-02;1.348867e-01
7.227442e-02;1.726800e-02;4.579294e-02;2.457715e-02;2.372561e-02;3.656130e-02;1.822370e-01;1.522373e-01;1.445929e-01;6.477160e-02;4.709753e-02;1.888643e-01
4.067557e-02;2.004485e-02;5.270366e-02;2.547999e-02;3.484540e-02;4.251005e-02;1.842145e-01;1.751457e-01;1.347462e-01;6.697933e-02;4.154540e-02;1.811093e-01
4.322421e-02;4.978069e-02;9.330154e-02;3.387637e-02;6.091766e-02;5.545112e-02;1.490845e-01;1.683857e-01;1.158856e-01;5.555524e-02;7.999477e-02;9.454259e-02
4.149254e-02;4.109507e-02;8.159871e-02;3.354114e-02;3.401026e-02;4.528000e-02;2.135729e-01;2.216264e-01;9.960961e-02;5.009410e-02;5.713363e-02;8.094569e-02
2.086521e-02;3.504113e-02;5.552913e-02;2.117091e-02;3.104628e-02;4.985667e-02;2.665911e-01;2.451126e-01;9.154548e-02;5.414183e-02;4.422114e-02;8.487847e-02
1.956537e-02;5.233637e-02;4.192312e-02;1.471991e-02;3.024567e-02;5.016068e-02;3.317444e-01;1.983678e-01;4.720814e-02;6.392153e-02;8.679080e-02;6.301617e-02
1.449506e-02;3.776412e-02;5.951108e-02;1.080074e-02;1.817126e-02;2.987082e-02;3.004502e-01;2.600805e-01;4.061183e-02;5.046246e-02;8.133260e-02;9.644935e-02
2.735536e-02;3.472255e-02;5.646714e-02;7.063687e-03;3.140481e-02;3.267353e-02;2.862311e-01;2.342337e-01;4.021401e-02;4.719091e-02;1.167452e-01;8.569788e-02
5.503757e-02;4.097921e-02;7.223836e-02;1.627615e-02;6.070437e-02;5.876142e-02;2.238051e-01;1.480955e-01;3.532040e-02;8.719312e-02;1.431480e-01;5.844075e-02
7.421824e-02;3.015011e-02;1.633672e-01;3.050512e-02;8.513401e-02;7.000721e-02;1.358254e-01;8.822586e-02;5.054374e-02;1.071869e-01;1.043228e-01;6.051349e-02
5.843116e-02;4.404499e-02;2.679700e-01;3.174783e-02;6.734794e-02;3.940243e-02;1.925443e-01;8.206338e-02;5.049828e-02;6.164648e-02;6.109989e-02;4.320334e-02
4.122582e-02;5.084242e-02;2.300330e-01;2.674102e-02;6.152165e-02;3.373721e-02;2.490524e-01;1.091386e-01;3.611568e-02;4.339958e-02;7.164405e-02;4.654856e-02
5.547202e-02;4.617054e-02;1.474489e-01;2.215419e-02;4.815575e-02;3.791352e-02;3.238018e-01;9.771337e-02;6.426654e-02;3.217838e-02;8.670968e-02;3.801528e-02
5.791858e-02;5.635536e-02;1.451435e-01;4.309434e-02;4.389890e-02;5.465885e-02;3.279573e-01;7.808150e-02;6.044677e-02;4.656546e-02;5.947412e-02;2.640530e-02
6.735772e-02;5.671228e-02;9.694432e-02;3.007835e-02;5.028134e-02;6.734211e-02;3.231126e-01;1.023255e-01;4.327060e-02;5.999274e-02;5.754453e-02;4.503781e-02
4.964126e-02;4.624450e-02;9.556127e-02;1.207078e-02;3.028980e-02;5.542422e-02;2.620182e-01;1.957216e-01;5.785298e-02;4.482993e-02;4.952672e-02;1.008188e-01
2.584536e-02;2.485871e-02;1.096314e-01;8.495240e-03;1.871125e-02;5.610607e-02;1.808350e-01;2.901021e-01;6.686070e-02;3.291911e-02;2.599024e-02;1.596448e-01
9.040643e-03;9.452484e-03;1.550577e-01;5.724421e-03;1.064185e-02;4.183362e-02;1.798442e-01;3.288143e-01;5.364136e-02;3.558365e-02;1.581919e-02;1.545468e-01
9.171949e-03;2.608090e-02;1.982103e-01;4.400050e-03;1.045605e-02;2.167136e-02;2.287333e-01;3.285792e-01;2.718939e-02;3.242685e-02;1.285936e-02;1.002214e-01
3.158133e-02;5.502091e-02;1.979016e-01;1.753527e-02;4.115866e-02;2.621371e-02;2.409429e-01;2.791679e-01;2.466513e-02;2.508377e-02;1.315170e-02;4.757711e-02
6.236913e-02;7.684185e-02;1.564219e-01;3.889462e-02;7.682327e-02;5.154033e-02;1.660446e-01;2.162243e-01;4.991129e-02;2.708042e-02;2.457648e-02;5.327186e-02
6.574055e-02;7.254229e-02;1.651813e-01;5.989617e-02;8.673333e-02;6.551659e-02;9.834953e-02;2.191010e-01;5.672637e-02;2.966548e-02;2.450580e-02;5.604152e-02
2.451539e-02;6.218360e-02;2.151591e-01;5.109980e-02;6.267227e-02;3.758985e-02;1.774144e-01;2.414872e-01;4.494106e-02;2.320268e-02;2.353766e-02;3.619704e-02
2.234109e-02;4.650780e-02;1.553957e-01;2.908720e-02;8.295035e-02;4.387178e-02;2.358167e-01;2.536014e-01;5.461847e-02;2.021927e-02;2.883425e-02;2.675594e-02
8.448125e-02;8.449730e-02;8.397005e-02;2.658759e-02;5.318332e-02;3.868308e-02;2.728528e-01;1.481528e-01;4.913979e-02;6.615552e-02;5.671929e-02;3.557718e-02
1.710338e-01;1.509174e-01;8.797463e-02;4.160682e-02;5.273681e-02;3.553659e-02;7.965861e-02;4.519470e-02;5.591892e-02;1.090409e-01;9.998851e-02;7.039226e-02
1.674648e-01;1.384662e-01;8.261009e-02;4.179938e-02;5.134616e-02;3.771687e-02;7.303159e-02;6.310955e-02;5.822834e-02;1.036785e-01;1.054205e-01;7.712793e-02
1.114326e-01;8.235049e-02;7.206306e-02;3.512778e-02;4.080760e-02;7.525025e-02;2.171599e-01;7.298186e-02;4.698003e-02;9.372574e-02;1.015858e-01;5.053496e-02
5.581006e-02;3.784343e-02;3.262022e-02;1.580601e-02;6.010414e-02;1.744474e-01;2.407701e-01;5.262968e-02;8.127825e-02;1.730643e-01;5.964359e-02;1.598267e-02
6.470516e-02;1.895019e-02;2.646503e-02;1.877242e-02;1.245830e-01;2.284292e-01;1.383767e-01;3.023926e-02;1.581529e-01;1.494327e-01;1.738893e-02;2.450447e-02
4.821542e-02;5.081520e-03;3.074862e-02;3.022202e-02;2.518829e-01;1.956673e-01;8.397878e-02;2.627493e-02;2.217909e-01;5.642497e-02;7.732466e-03;4.198004e-02
2.627498e-02;6.979251e-03;4.680670e-02;8.793022e-02;3.644068e-01;9.846953e-02;6.077302e-02;2.199827e-02;1.924571e-01;9.617738e-03;1.315484e-02;7.113150e-02
2.424692e-02;1.185439e-02;6.943122e-02;1.868111e-01;3.647527e-01;5.169566e-02;5.899531e-02;3.051904e-02;9.423809e-02;1.560198e-02;1.753791e-02;7.431570e-02
1.552442e-02;2.660223e-02;5.940652e-02;3.183575e-01;2.570896e-01;3.316252e-02;4.520923e-02;1.029711e-01;2.159808e-02;1.853872e-02;6.823995e-02;3.330013e-02
1.213109e-02;2.000218e-02;1.427959e-01;3.448139e-01;1.322142e-01;2.404024e-02;3.303114e-02;1.299386e-01;2.218427e-02;2.360800e-02;1.054537e-01;9.786732e-03
2.101964e-02;1.205161e-02;2.603696e-01;2.375889e-01;8.634132e-02;1.884604e-02;7.978776e-02;9.226764e-02;1.868897e-02;7.024274e-02;9.105617e-02;1.173954e-02
2.821928e-02;2.977869e-02;3.999525e-01;7.705058e-02;5.228255e-02;1.163396e-02;1.366768e-01;3.981574e-02;2.860200e-02;1.397227e-01;4.909811e-02;7.167052e-03
4.423089e-02;7.278876e-02;3.766686e-01;5.233319e-02;3.718466e-02;3.633628e-02;1.173187e-01;2.485335e-02;6.635608e-02;1.404747e-01;1.796250e-02;1.349235e-02
8.680693e-02;1.103375e-01;2.445380e-01;5.247809e-02;3.111210e-02;9.955245e-02;9.547556e-02;4.153007e-02;1.181260e-01;8.294595e-02;9.679425e-03;2.741794e-02
1.161094e-01;1.003868e-01;1.470027e-01;2.521430e-02;7.232045e-02;1.606392e-01;1.025584e-01;7.115145e-02;1.169965e-01;3.015843e-02;2.260278e-02;3.485962e-02
1.031695e-01;7.564447e-02;1.453013e-01;3.512988e-02;1.313783e-01;1.441633e-01;9.179937e-02;9.185213e-02;7.324884e-02;3.859952e-02;3.944067e-02;3.027275e-02
5.599463e-02;7.746203e-02;1.818881e-01;1.284436e-01;1.127993e-01;9.358070e-02;7.393982e-02;8.348095e-02;6.080341e-02;7.572807e-02;3.529264e-02;2.058676e-02
5.519609e-02;9.847623e-02;1.955552e-01;1.289206e-01;8.824699e-02;9.629320e-02;7.605487e-02;4.841901e-02;9.636480e-02;7.637120e-02;2.759781e-02;1.250401e-02
1.178394e-01;1.493316e-01;2.115715e-01;7.764305e-02;4.399475e-02;8.072575e-02;7.330742e-02;5.735485e-02;7.864469e-02;4.181432e-02;4.490314e-02;2.286945e-02
7.654137e-02;1.249588e-01;1.639999e-01;8.151992e-02;5.636217e-02;3.621372e-02;1.028628e-01;1.089554e-01;8.461485e-02;7.845335e-02;5.956800e-02;2.594975e-02
6.240452e-02;8.489962e-02;1.606429e-01;8.423863e-02;9.864298e-02;4.750526e-02;1.408568e-01;1.134761e-01;7.580288e-02;6.259178e-02;4.508527e-02;2.385319e-02
4.669130e-02;4.177333e-02;1.286931e-01;8.032051e-02;1.884973e-01;8.871689e-02;1.628648e-01;7.495873e-02;9.752707e-02;3.293421e-02;2.273378e-02;3.428891e-02
2.366373e-02;2.282255e-02;1.043556e-01;9.137927e-02;2.354769e-01;8.329678e-02;1.120943e-01;6.163477e-02;1.672092e-01;2.232964e-02;3.219128e-02;4.354602e-02
1.248797e-02;3.771942e-02;1.299799e-01;1.734948e-01;1.736566e-01;4.417270e-02;4.192894e-02;1.290428e-01;1.409577e-01;2.295789e-02;6.918435e-02;2.441701e-02
1.523653e-02;4.303339e-02;1.900043e-01;2.257806e-01;1.067081e-01;3.621333e-02;1.640598e-02;1.780593e-01;7.215492e-02;1.807554e-02;9.196161e-02;6.366514e-03
1.981800e-02;4.815634e-02;2.739371e-01;2.126132e-01;7.759883e-02;4.045021e-02;2.297147e-02;1.734011e-01;2.225886e-02;1.735407e-02;8.512422e-02;6.316577e-03
2.473993e-02;3.057797e-02;3.545667e-01;1.508463e-01;6.492830e-02;3.758752e-02;4.304043e-02;1.288737e-01;1.449488e-02;5.396356e-02;8.561812e-02;1.076269e-02
5.581329e-02;5.220904e-02;3.226916e-01;9.308761e-02;6.584873e-02;3.936516e-02;6.407484e-02;8.217601e-02;4.982018e-02;7.752580e-02;7.347035e-02;2.391743e-02
9.396117e-02;7.435611e-02;1.758301e-01;1.082620e-01;8.816507e-02;4.757592e-02;7.283090e-02;9.589967e-02;7.909390e-02;4.649428e-02;8.445517e-02;3.307568e-02
7.824345e-02;3.864149e-02;2.374324e-01;1.177480e-01;9.395800e-02;5.254474e-02;8.978735e-02;5.430470e-02;6.581242e-02;3.882789e-02;9.427733e-02;3.842218e-02
4.487402e-02;2.969306e-02;2.484992e-01;1.067464e-01;8.423053e-02;6.275240e-02;8.394013e-02;9.375468e-02;4.170632e-02;6.487564e-02;8.746763e-02;5.145992e-02
4.867467e-02;4.270628e-02;2.125173e-01;9.197295e-02;6.770774e-02;7.993746e-02;8.335407e-02;9.090273e-02;4.010591e-02;9.791186e-02;7.495768e-02;6.925136e-02
5.241918e-02;5.389547e-02;1.695415e-01;1.476999e-01;5.163340e-02;1.160952e-01;9.951638e-02;5.117083e-02;5.202514e-02;6.994421e-02;7.049453e-02;6.556425e-02
6.116463e-02;6.052221e-02;1.193874e-01;1.868565e-01;8.954860e-02;1.306320e-01;9.672809e-02;4.064247e-02;4.759874e-02;5.189973e-02;6.401831e-02;5.100130e-02
5.372826e-02;5.932856e-02;1.518130e-01;1.988728e-01;1.103880e-01;1.147481e-01;8.289505e-02;5.538465e-02;3.823612e-02;5.035853e-02;4.519281e-02;3.905415e-02
3.272200e-02;4.235376e-02;1.869350e-01;1.168840e-01;7.597809e-02;9.594486e-02;8.107526e-02;9.726538e-02;8.676058e-02;7.574239e-02;6.288930e-02;4.544936e-02
5.308913e-02;6.343637e-02;1.579709e-01;1.006919e-01;1.131457e-01;8.369411e-02;7.980026e-02;8.697695e-02;8.114567e-02;7.317322e-02;5.435678e-02;5.251909e-02
4.962239e-02;7.924265e-02;2.561301e-01;6.494513e-02;1.056487e-01;7.467736e-02;7.103683e-02;7.924220e-02;5.040992e-02;5.852302e-02;3.581155e-02;7.471018e-02
1.388737e-01;1.139554e-01;2.703726e-01;2.442226e-02;7.195355e-02;4.520420e-02;6.300522e-02;7.783994e-02;1.925850e-02;3.919148e-02;4.002097e-02;9.590218e-02
2.479988e-01;1.231320e-01;1.568606e-01;2.708653e-02;3.987508e-02;2.041540e-02;8.280626e-02;7.315344e-02;3.031739e-02;2.783499e-02;4.915962e-02;1.213599e-01
2.753271e-01;8.925118e-02;8.501455e-02;2.761368e-02;2.978793e-02;2.555436e-02;9.527490e-02;4.637302e-02;4.753546e-02;4.019707e-02;7.210071e-02;1.659700e-01
1.789906e-01;5.957525e-02;8.907867e-02;2.552114e-02;2.741049e-02;7.398548e-02;7.765881e-02;4.055905e-02;7.331178e-02;6.265674e-02;1.344550e-01;1.567970e-01
1.104636e-01;4.187859e-02;1.007749e-01;1.736989e-02;2.932328e-02;1.373360e-01;4.125542e-02;4.211836e-02;8.402572e-02;8.504154e-02;2.066819e-01;1.037309e-01
7.648103e-02;9.527025e-02;7.834630e-02;3.254330e-02;3.561814e-02;1.181771e-01;5.595008e-02;6.487016e-02;4.863942e-02;1.353496e-01;1.876526e-01;7.110194e-02
9.335164e-02;1.195460e-01;1.096005e-01;6.844673e-02;3.613074e-02;5.422470e-02;8.077427e-02;8.063616e-02;5.428022e-02;1.315669e-01;1.061790e-01;6.526317e-02
7.751003e-02;8.052417e-02;1.496505e-01;6.142192e-02;4.316076e-02;9.510696e-02;9.590635e-02;8.196802e-02;8.357827e-02;9.809412e-02;4.877419e-02;8.430467e-02
8.084945e-02;4.762518e-02;1.212788e-01;1.177099e-01;9.603634e-02;7.851912e-02;9.626581e-02;6.787533e-02;9.236352e-02;1.023588e-01;5.047905e-02;4.863871e-02
7.749335e-02;6.977765e-02;7.368727e-02;1.158417e-01;1.981219e-01;4.332635e-02;7.562119e-02;5.201387e-02;8.638023e-02;1.353105e-01;5.209916e-02;2.032698e-02
3.970836e-02;1.036857e-01;2.897956e-02;6.951891e-02;3.026694e-01;4.188040e-02;3.027046e-02;5.768840e-02;7.815526e-02;1.792406e-01;5.170121e-02;1.650181e-02
9.552997e-03;9.956262e-02;1.510318e-02;4.359156e-02;3.170923e-01;4.869825e-02;1.246213e-02;9.368045e-02;7.996909e-02;1.922318e-01;6.873080e-02;1.932481e-02
1.850512e-02;6.564437e-02;3.020589e-02;4.399072e-02;2.990235e-01;5.562771e-02;2.524486e-02;9.694625e-02;7.087974e-02;1.838011e-01;8.654519e-02;2.358559e-02
3.922989e-02;3.745179e-02;5.877025e-02;7.734711e-02;2.550298e-01;5.451804e-02;8.448448e-02;5.976278e-02;6.166392e-02;1.620041e-01;7.832600e-02;3.141193e-02
5.909504e-02;5.287169e-02;1.107714e-01;9.814302e-02;1.754751e-01;7.325174e-02;1.342772e-01;4.597398e-02;5.122485e-02;1.224973e-01;4.361592e-02;3.280275e-02
6.296729e-02;8.785424e-02;1.097390e-01;8.108150e-02;1.633483e-01;7.411063e-02;1.208971e-01;5.606928e-02;5.373944e-02;1.195926e-01;4.403972e-02;2.656097e-02
6.874540e-02;8.319607e-02;7.387802e-02;5.101576e-02;1.461322e-01;7.886074e-02;7.801986e-02;5.333789e-02;7.879136e-02;1.632249e-01;8.814197e-02;3.665589e-02
7.970972e-02;6.935604e-02;7.517171e-02;5.303615e-02;1.131313e-01;5.153460e-02;8.680820e-02;5.184681e-02;1.004068e-01;1.716016e-01;1.160103e-01;3.138675e-02
5.489786e-02;7.219774e-02;8.849145e-02;3.963125e-02;1.183317e-01;5.668325e-02;7.012746e-02;5.080932e-02;1.189044e-01;1.550615e-01;1.424446e-01;3.241938e-02
5.138336e-02;8.059559e-02;1.151256e-01;3.002184e-02;1.158364e-01;9.005161e-02;6.223053e-02;5.636571e-02;1.284936e-01;1.076225e-01;1.239256e-01;3.834768e-02
8.624661e-02;9.643222e-02;1.054391e-01;6.702356e-02;5.753562e-02;8.619684e-02;4.369440e-02;8.716921e-02;1.091741e-01;9.935679e-02;7.355025e-02;8.818130e-02
1.450247e-01;1.034295e-01;9.417886e-02;8.798667e-02;4.851849e-02;8.489806e-02;5.603708e-02;9.990907e-02;8.618921e-02;1.017174e-01;3.395599e-02;5.815502e-02
1.919969e-01;8.404056e-02;9.462265e-02;6.751966e-02;5.777388e-02;8.943691e-02;9.100039e-02;8.718482e-02;9.572776e-02;8.825647e-02;1.641211e-02;3.602788e-02
1.746931e-01;8.478620e-02;7.000018e-02;3.354438e-02;5.161166e-02;8.018709e-02;1.778376e-01;9.439335e-02;7.599000e-02;6.764679e-02;2.397055e-02;6.533911e-02
1.000267e-01;8.431264e-02;7.970849e-02;1.886759e-02;5.348412e-02;5.671736e-02;2.879037e-01;1.043329e-01;6.577168e-02;6.144016e-02;3.369628e-02;5.373840e-02
7.272279e-02;8.137102e-02;7.219434e-02;3.036970e-02;3.663813e-02;4.081241e-02;2.552813e-01;9.980593e-02;1.446154e-01;9.496524e-02;3.779063e-02;3.343317e-02
1.332215e-01;4.517441e-02;4.287887e-02;6.215559e-02;2.868038e-02;2.745553e-02;1.009979e-01;9.436332e-02;2.724948e-01;1.289104e-01;3.912486e-02;2.454244e-02
1.318517e-01;2.398166e-02;2.659706e-02;9.911552e-02;1.854515e-02;1.521107e-02;8.726151e-02;9.596003e-02;3.672302e-01;8.275645e-02;2.278443e-02;2.870523e-02
1.082808e-01;3.578167e-02;2.150922e-02;1.031599e-01;3.446665e-02;1.052861e-02;6.312463e-02;8.399677e-02;3.759151e-01;1.165367e-01;1.879215e-02;2.790781e-02
6.779103e-02;8.201405e-02;5.082385e-02;5.806121e-02;8.378573e-02;3.206126e-02;5.811488e-02;5.190143e-02;2.186302e-01;1.973172e-01;7.026745e-02;2.923167e-02
4.475776e-02;9.253081e-02;1.185902e-01;5.401161e-02;7.207755e-02;5.734538e-02;6.559408e-02;3.635489e-02;7.710601e-02;1.619923e-01;1.262631e-01;9.337634e-02
8.784673e-02;5.217074e-02;1.257503e-01;9.636676e-02;2.865116e-02;4.412242e-02;1.053872e-01;2.965092e-02;5.360687e-02;9.220554e-02;1.004506e-01;1.837908e-01
2.372749e-01;5.225704e-02;5.750456e-02;9.366851e-02;6.183878e-02;1.795199e-02;9.524264e-02;5.835984e-02;4.231882e-02;6.802721e-02;3.419382e-02;1.813619e-01
3.185764e-01;1.469748e-01;4.456608e-02;4.292544e-02;1.053496e-01;1.985728e-02;4.059976e-02;8.932810e-02;6.365091e-02;3.911512e-02;8.884362e-03;8.017214e-02
2.135939e-01;2.355969e-01;1.534786e-01;2.718661e-02;7.662908e-02;3.581527e-02;1.734914e-02;5.783110e-02;1.026366e-01;3.410851e-02;1.527688e-02;3.049737e-02
9.124222e-02;2.355674e-01;3.219158e-01;3.732217e-02;3.525316e-02;4.239466e-02;1.532998e-02;2.719798e-02;1.032033e-01;4.862954e-02;1.441030e-02;2.753355e-02
1.389392e-01;2.124156e-01;3.626377e-01;3.705583e-02;2.524150e-02;2.015316e-02;1.882415e-02;2.102159e-02;5.867656e-02;4.675888e-02;1.212890e-02;4.614697e-02
2.570282e-01;1.996685e-01;2.049727e-01;3.115214e-02;3.518776e-02;1.787446e-02;2.278000e-02;2.233423e-02;5.323080e-02;3.167351e-02;3.572698e-02;8.837073e-02
2.616453e-01;1.762464e-01;1.064766e-01;3.611802e-02;3.233185e-02;2.494129e-02;3.394888e-02;3.552390e-02;6.669268e-02;3.843892e-02;7.173581e-02;1.159004e-01
1.480401e-01;2.161704e-01;1.246515e-01;4.166870e-02;4.409718e-02;5.811887e-02;3.440820e-02;5.311649e-02;6.866313e-02;6.016322e-02;7.021964e-02;8.068266e-02
8.838855e-02;2.323496e-01;1.998233e-01;3.651574e-02;4.460160e-02;7.641680e-02;3.707375e-02;5.547814e-02;7.193968e-02;7.286105e-02;4.886603e-02;3.568575e-02
1.855588e-01;2.269811e-01;1.929255e-01;2.226269e-02;2.915978e-02;5.621295e-02;3.700063e-02;3.815217e-02;6.981564e-02;6.289195e-02;3.813608e-02;4.090276e-02
2.480319e-01;2.104088e-01;1.443037e-01;2.539904e-02;2.313090e-02;3.398683e-02;4.112942e-02;3.100634e-02;7.642188e-02;6.256576e-02;4.741169e-02;5.620370e-02
2.666875e-01;1.649837e-01;1.413766e-01;2.275531e-02;2.731708e-02;2.604849e-02;5.094948e-02;3.934521e-02;7.966179e-02;7.278488e-02;3.884302e-02;6.924687e-02
1.959179e-01;1.453551e-01;2.019961e-01;3.500427e-02;2.982067e-02;2.323086e-02;5.218985e-02;5.124969e-02;8.398574e-02;7.219029e-02;3.212671e-02;7.693266e-02
1.725190e-01;2.241327e-01;2.214556e-01;3.908049e-02;2.582926e-02;2.114444e-02;4.953807e-02;2.672436e-02;6.566403e-02;5.996886e-02;3.943277e-02;5.451039e-02
2.298975e-01;2.627008e-01;1.696032e-01;2.339512e-02;2.794783e-02;1.864939e-02;5.363062e-02;1.719250e-02;5.419847e-02;4.065203e-02;4.143129e-02;6.070125e-02
1.942035e-01;2.246452e-01;1.732325e-01;2.474074e-02;3.143440e-02;1.449607e-02;5.082990e-02;3.034109e-02;9.454855e-02;5.037475e-02;3.543168e-02;7.572173e-02
