8.450896e-02;9.457240e-02;1.219752e-01;4.728453e-02;6.359234e-02;5.749606e-02;1.042098e-01;1.170563e-01;7.466729e-02;1.207610e-01;4.743646e-02;6.643981e-02
1.154033e-01;1.053606e-01;1.048245e-01;4.249554e-02;6.816380e-02;4.446943e-02;8.718690e-02;1.037385e-01;7.964113e-02;9.579911e-02;7.256724e-02;8.034991e-02
1.017700e-01;9.779866e-02;2.251245e-01;7.163447e-02;6.622892e-02;6.634075e-02;1.702815e-01;5.673908e-02;3.198054e-02;3.146534e-02;4.308433e-02;3.755202e-02
1.124115e-01;1.309622e-01;2.343240e-01;7.077140e-02;5.090377e-02;8.771864e-02;1.820542e-01;3.178121e-02;3.278834e-02;1.756333e-02;2.636159e-02;2.235992e-02
1.861177e-01;1.098253e-01;1.757168e-01;7.328118e-02;8.463571e-02;8.719048e-02;1.464926e-01;1.783872e-02;3.304958e-02;1.952790e-02;2.327048e-02;4.305361e-02
2.171743e-01;7.482418e-02;1.099325e-01;8.080010e-02;1.566063e-01;8.533861e-02;1.007383e-01;6.261051e-03;4.985276e-02;1.645467e-02;2.402425e-02;7.799302e-02
1.501083e-01;3.689316e-02;1.308583e-01;9.566998e-02;1.972516e-01;8.051781e-02;6.062915e-02;1.819012e-02;7.077935e-02;1.759314e-02;3.836439e-02;1.031448e-01
1.379083e-01;3.999444e-02;1.648092e-01;9.068681e-02;1.754725e-01;6.200502e-02;5.076718e-02;2.731162e-02;7.385950e-02;2.028177e-02;5.773958e-02;9.916413e-02
1.020611e-01;2.400629e-02;2.006344e-01;7.056007e-02;1.662930e-01;4.500829e-02;4.956115e-02;4.241007e-02;8.655150e-02;4.640305e-02;8.054101e-02;8.597012e-02
5.094427e-02;2.695952e-02;2.067785e-01;3.824024e-02;1.787700e-01;5.852951e-02;1.007993e-01;4.471149e-02;1.018866e-01;5.245402e-02;6.745995e-02;7.246661e-02
6.442212e-02;2.571033e-02;1.377964e-01;4.813017e-02;2.093012e-01;8.020370e-02;1.074333e-01;6.906920e-02;1.350416e-01;2.573855e-02;2.980850e-02;6.734475e-02
4.588615e-02;7.996874e-03;5.201653e-02;5.142629e-02;2.672745e-01;9.098419e-02;1.084161e-01;9.907282e-02;1.855228e-01;1.181011e-02;1.003208e-02;6.956159e-02
4.963100e-02;1.088626e-02;4.421492e-02;5.254523e-02;2.711827e-01;8.549009e-02;1.076374e-01;1.001776e-01;1.791130e-01;1.471021e-02;1.199685e-02;7.241479e-02
4.652816e-02;6.162019e-03;6.076170e-02;5.312476e-02;2.736745e-01;8.160430e-02;1.193963e-01;9.755232e-02;1.533408e-01;1.589094e-02;9.278241e-03;8.268591e-02
5.095974e-02;1.079970e-02;9.256413e-02;6.134370e-02;2.754377e-01;7.563291e-02;1.102850e-01;8.461198e-02;1.263569e-01;1.795750e-02;1.086845e-02;8.318243e-02
6.244810e-02;4.160289e-02;9.663760e-02;9.572694e-02;2.185849e-01;6.746174e-02;1.246928e-01;8.218075e-02;6.829760e-02;4.667885e-02;3.959201e-02;5.609582e-02
9.172519e-02;5.200301e-02;1.113299e-01;1.302132e-01;1.511617e-01;5.615638e-02;1.190655e-01;9.497793e-02;5.697816e-02;4.419128e-02;4.959270e-02;4.260507e-02
8.212401e-02;3.978293e-02;1.373706e-01;1.732673e-01;1.614909e-01;6.981848e-02;7.870293e-02;1.205806e-01;4.162617e-02;2.153839e-02;4.769862e-02;2.599921e-02
4.549210e-02;2.163962e-02;1.758540e-01;2.171643e-01;1.650426e-01;7.241812e-02;5.949269e-02;1.528555e-01;1.632395e-02;1.322590e-02;5.076157e-02;9.729762e-03
2.168620e-02;9.213604e-03;2.100831e-01;2.096108e-01;1.029881e-01;4.863010e-02;6.597780e-02;1.813978e-01;5.320453e-02;2.672867e-02;6.059388e-02;9.885344e-03
1.997309e-02;1.555366e-02;2.638628e-01;1.526950e-01;4.632751e-02;2.830267e-02;7.985733e-02;1.658854e-01;6.633789e-02;4.189017e-02;1.054108e-01;1.390373e-02
2.158483e-02;2.170439e-02;3.390212e-01;1.002234e-01;2.976492e-02;2.607393e-02;1.031116e-01;1.067529e-01;3.498033e-02;3.051823e-02;1.546802e-01;3.158401e-02
3.298435e-02;4.758466e-02;3.610082e-01;7.151558e-02;2.101446e-02;1.652115e-02;9.167421e-02;4.499340e-02;3.218614e-02;7.210769e-02;1.633368e-01;4.507332e-02
5.824507e-02;6.889728e-02;3.199096e-01;7.092875e-02;3.671709e-02;1.985969e-02;1.050026e-01;4.543267e-02;3.586210e-02;8.956324e-02;1.220115e-01;2.757033e-02
5.713674e-02;6.347039e-02;2.895047e-01;8.616352e-02;6.591874e-02;3.639584e-02;1.400600e-01;4.721321e-02;4.353568e-02;6.934142e-02;7.963061e-02;2.162916e-02
2.997841e-02;2.511078e-02;3.394868e-01;1.265514e-01;9.884480e-02;5.720353e-02;1.008181e-01;6.186311e-02;5.169127e-02;2.406096e-02;5.504579e-02;2.934503e-02
1.035577e-02;1.601034e-02;2.630627e-01;1.324027e-01;1.452585e-01;1.051956e-01;8.549470e-02;1.106191e-01;2.968028e-02;2.967733e-02;5.349224e-02;1.875074e-02
2.912464e-02;3.212970e-02;1.580592e-01;9.895726e-02;1.440837e-01;1.091031e-01;1.267479e-01;1.079921e-01;4.422378e-02;7.299414e-02;5.671525e-02;1.986917e-02
3.182238e-02;3.850023e-02;1.242376e-01;1.084602e-01;1.072797e-01;7.969651e-02;1.483791e-01;8.629462e-02;5.349591e-02;1.123528e-01;8.330625e-02;2.617473e-02
2.533481e-02;3.341122e-02;1.489685e-01;1.453928e-01;1.068971e-01;6.986613e-02;1.132809e-01;7.566094e-02;4.193176e-02;1.002259e-01;1.007472e-01;3.828271e-02
3.927757e-02;3.839711e-02;1.770001e-01;1.818780e-01;1.041170e-01;7.084077e-02;1.022058e-01;8.181728e-02;2.010797e-02;4.420777e-02;1.025076e-01;3.764296e-02
5.109702e-02;5.184710e-02;1.992819e-01;1.944295e-01;9.825084e-02;7.969797e-02;1.011412e-01;8.992244e-02;9.030315e-03;1.377388e-02;8.815026e-02;2.337762e-02
4.276415e-02;5.417489e-02;2.077138e-01;1.921704e-01;9.357668e-02;8.413826e-02;1.051875e-01;9.349788e-02;9.069712e-03;1.468682e-02;8.489003e-02;1.812988e-02
2.529749e-02;4.707456e-02;2.193145e-01;1.861770e-01;9.521921e-02;8.652291e-02;1.027610e-01;8.035305e-02;1.340808e-02;1.262139e-02;1.011068e-01;3.014409e-02
2.042914e-02;3.786326e-02;2.389776e-01;1.745653e-01;8.881409e-02;8.179239e-02;9.505580e-02;5.616868e-02;1.854088e-02;1.871005e-02;1.134750e-01;5.560783e-02
3.197807e-02;2.042943e-02;2.705887e-01;1.473170e-01;8.190478e-02;6.055030e-02;9.270408e-02;4.594758e-02;2.081769e-02;2.442608e-02;1.180911e-01;8.524530e-02
2.774116e-02;2.131269e-02;3.034108e-01;1.224378e-01;6.414575e-02;5.147757e-02;9.098117e-02;4.038579e-02;2.823868e-02;3.042743e-02;1.225776e-01;9.686358e-02
3.537392e-02;2.224706e-02;3.321968e-01;9.791519e-02;4.669425e-02;4.514672e-02;9.240782e-02;2.304937e-02;5.173563e-02;7.729357e-02;9.976904e-02;7.617063e-02
5.271238e-02;4.292386e-02;3.087701e-01;7.051348e-02;4.965648e-02;5.764408e-02;1.079981e-01;2.260667e-02;6.365989e-02;1.160681e-01;5.116274e-02;5.628408e-02
4.079451e-02;6.325267e-02;1.804274e-01;6.605417e-02;6.513053e-02;8.566821e-02;8.963588e-02;5.602322e-02;9.573669e-02;1.147161e-01;4.461275e-02;9.794787e-02
4.652253e-02;5.553484e-02;2.128981e-01;6.773488e-02;5.463354e-02;8.445600e-02;7.318534e-02;6.496829e-02;8.669409e-02;8.069154e-02;5.512514e-02;1.175557e-01
4.270841e-02;5.882803e-02;2.379514e-01;8.066581e-02;4.690816e-02;6.091797e-02;7.879737e-02;8.918940e-02;7.058020e-02;6.671020e-02;6.652825e-02;1.002148e-01
7.884511e-02;4.823668e-02;1.467342e-01;6.638998e-02;8.023492e-02;5.274519e-02;1.081695e-01;1.198437e-01;8.277783e-02;6.143279e-02;7.848090e-02;7.610912e-02
9.675586e-02;4.224371e-02;1.379234e-01;6.599943e-02;1.113570e-01;5.160003e-02;7.860260e-02;9.557115e-02;6.275633e-02;7.947117e-02;9.750924e-02;8.021005e-02
7.049906e-02;4.561269e-02;1.516985e-01;8.871721e-02;1.100317e-01;4.889242e-02;6.056534e-02;1.323450e-01;5.070195e-02;6.689945e-02;9.779302e-02;7.624367e-02
3.843106e-02;3.903466e-02;1.713360e-01;1.052417e-01;8.615241e-02;6.438923e-02;5.394170e-02;1.890360e-01;3.798379e-02;5.800616e-02;1.024652e-01;5.398219e-02
2.803364e-02;2.917743e-02;2.185818e-01;9.711973e-02;6.017429e-02;6.779834e-02;6.426392e-02;1.879983e-01;6.282256e-02;5.900528e-02;9.227701e-02;3.274775e-02
2.743321e-02;2.554782e-02;2.523176e-01;7.651073e-02;5.341824e-02;5.235260e-02;8.591665e-02;1.556044e-01;1.039083e-01;7.535997e-02;6.618205e-02;2.544847e-02
4.128871e-02;3.936184e-02;2.262240e-01;5.882548e-02;5.963084e-02;4.120835e-02;1.265408e-01;1.294188e-01;1.277629e-01;8.707045e-02;3.842001e-02;2.424778e-02
4.428637e-02;5.644010e-02;2.651426e-01;5.124666e-02;6.558364e-02;4.751906e-02;1.305052e-01;9.565131e-02;9.913856e-02;7.246970e-02;2.964643e-02;4.237033e-02
3.095658e-02;4.848815e-02;4.933369e-01;4.173699e-02;3.848885e-02;3.530201e-02;6.637435e-02;5.240048e-02;6.026644e-02;6.068607e-02;3.236056e-02;3.960268e-02
2.125739e-02;5.995267e-02;5.159803e-01;4.117702e-02;3.383917e-02;4.385900e-02;3.747651e-02;5.925374e-02;6.803306e-02;4.922427e-02;3.374725e-02;3.619961e-02
3.902032e-02;8.307754e-02;4.532347e-01;4.499646e-02;4.556246e-02;5.914491e-02;2.967004e-02;6.468006e-02;7.965303e-02;3.495149e-02;3.188218e-02;3.412677e-02
8.811309e-02;8.825573e-02;3.544422e-01;4.803148e-02;4.842717e-02;5.967417e-02;1.179776e-01;6.112690e-02;3.804354e-02;2.461941e-02;3.288415e-02;3.840458e-02
1.038330e-01;9.591233e-02;3.087970e-01;4.451536e-02;5.387026e-02;4.654367e-02;1.351205e-01;4.988950e-02;3.506904e-02;3.546789e-02;4.987978e-02;4.110176e-02
8.568915e-02;1.063104e-01;2.803068e-01;2.999513e-02;4.727148e-02;5.323071e-02;1.319180e-01;5.081468e-02;4.227788e-02;5.982104e-02;5.882177e-02;5.354305e-02
9.002875e-02;1.277101e-01;2.451120e-01;2.930472e-02;3.305299e-02;7.403511e-02;1.206370e-01;5.226642e-02;4.849104e-02;6.407031e-02;5.153612e-02;6.375550e-02
1.284822e-01;1.939524e-01;2.028072e-01;4.147471e-02;3.585339e-02;8.162421e-02;1.015150e-01;3.856345e-02;5.097524e-02;4.658465e-02;2.934970e-02;4.881790e-02
1.479497e-01;2.598151e-01;1.856261e-01;4.563497e-02;4.373030e-02;7.440593e-02;6.791249e-02;2.793372e-02;6.100805e-02;3.808809e-02;1.713834e-02;3.075717e-02
1.694905e-01;2.510667e-01;1.780475e-01;3.573544e-02;4.090353e-02;5.699461e-02;5.551729e-02;3.179781e-02;5.935551e-02;5.350354e-02;3.421957e-02;3.336801e-02
1.819264e-01;2.096131e-01;1.515387e-01;2.859026e-02;3.544965e-02;5.236409e-02;7.059807e-02;3.709133e-02;6.267472e-02;6.374148e-02;4.790843e-02;5.850366e-02
1.828803e-01;1.623633e-01;1.426967e-01;3.084527e-02;4.282036e-02;4.937150e-02;9.585098e-02;3.829956e-02;8.209729e-02;6.832039e-02;4.671270e-02;5.774159e-02
2.025944e-01;1.308739e-01;1.427407e-01;2.701188e-02;5.302050e-02;5.077872e-02;8.481838e-02;3.326138e-02;1.025673e-01;6.595328e-02;5.661372e-02;4.976581e-02
1.750208e-01;8.611298e-02;1.385904e-01;3.569993e-02;5.768414e-02;6.433398e-02;8.815864e-02;2.717137e-02;1.064971e-01;5.051281e-02;1.020425e-01;6.817537e-02
1.125408e-01;1.736731e-01;1.357373e-01;3.115291e-02;5.799756e-02;6.521269e-02;6.025649e-02;2.284395e-02;6.811217e-02;5.191194e-02;9.814714e-02;1.224139e-01
1.080748e-01;2.103385e-01;1.441000e-01;4.693511e-02;6.779671e-02;6.809834e-02;5.524139e-02;2.332657e-02;3.878249e-02;4.002975e-02;6.843141e-02;1.288449e-01
1.280683e-01;2.034797e-01;1.119980e-01;5.481530e-02;6.148855e-02;7.611544e-02;6.923781e-02;3.507612e-02;4.840479e-02;4.411137e-02;7.195082e-02;9.525377e-02
1.586298e-01;1.581571e-01;1.659801e-01;3.685156e-02;5.105378e-02;6.718116e-02;5.723305e-02;3.948974e-02;4.042493e-02;4.404885e-02;1.023838e-01;7.856610e-02
1.436865e-01;1.303929e-01;2.001109e-01;4.214491e-02;6.769935e-02;7.023580e-02;5.746202e-02;3.052261e-02;3.738066e-02;4.493504e-02;1.126331e-01;6.279624e-02
1.416675e-01;1.504950e-01;1.875790e-01;5.498955e-02;6.215423e-02;6.288125e-02;6.705024e-02;2.576553e-02;4.225712e-02;5.229829e-02;6.547683e-02;8.738533e-02
1.117069e-01;1.630236e-01;2.256725e-01;4.061581e-02;5.165835e-02;4.584860e-02;7.094844e-02;4.018628e-02;5.057675e-02;6.604729e-02;5.112699e-02;8.258856e-02
1.325295e-01;1.620645e-01;2.037128e-01;2.931488e-02;5.055269e-02;4.171691e-02;8.040687e-02;3.372347e-02;6.812526e-02;8.215136e-02;5.618202e-02;5.951974e-02
1.152941e-01;9.769922e-02;1.654265e-01;6.038507e-02;7.065094e-02;6.957494e-02;9.650682e-02;4.079481e-02;7.501384e-02;6.908286e-02;7.286201e-02;6.670894e-02
9.365714e-02;7.176486e-02;1.199733e-01;6.757584e-02;5.900369e-02;8.427710e-02;1.018046e-01;6.753083e-02;6.746051e-02;8.943386e-02;8.834446e-02;8.917391e-02
9.374432e-02;7.371619e-02;1.346647e-01;6.843353e-02;6.026472e-02;8.053695e-02;9.584433e-02;7.089974e-02;5.567806e-02;8.822872e-02;8.585548e-02;9.213326e-02
8.156571e-02;5.425480e-02;1.836814e-01;4.759600e-02;5.942030e-02;5.702790e-02;1.021514e-01;7.146022e-02;5.277864e-02;1.121533e-01;9.397249e-02;8.393785e-02
4.028700e-02;6.339376e-02;2.683352e-01;3.559496e-02;4.877028e-02;2.254146e-02;1.157760e-01;4.913402e-02;3.484604e-02;1.724153e-01;9.873484e-02;5.017108e-02
1.629322e-02;6.791158e-02;3.097988e-01;2.245263e-02;2.923365e-02;3.373966e-02;9.171034e-02;2.940465e-02;8.392224e-02;2.180941e-01;6.603662e-02;3.140255e-02
2.223789e-02;9.073237e-02;3.078693e-01;1.170177e-02;1.342165e-02;4.797645e-02;7.308026e-02;2.035788e-02;1.310413e-01;2.032927e-01;2.978234e-02;4.850616e-02
3.445796e-02;1.189176e-01;2.875493e-01;1.247036e-02;5.472429e-03;5.668632e-02;6.714971e-02;2.689093e-02;1.542651e-01;1.427179e-01;1.897527e-02;7.444720e-02
3.031892e-02;1.413953e-01;2.848042e-01;1.057120e-02;5.837772e-03;6.113095e-02;6.122839e-02;2.673728e-02;1.548626e-01;1.008718e-01;1.443479e-02;1.078069e-01
3.311109e-02;1.498963e-01;2.887595e-01;1.039285e-02;6.194934e-03;6.133723e-02;6.042612e-02;2.602104e-02;1.243368e-01;8.294356e-02;1.660574e-02;1.399748e-01
6.893210e-02;1.392196e-01;3.218791e-01;1.104265e-02;9.311790e-03;5.479725e-02;6.454484e-02;2.248005e-02;7.849909e-02;7.709631e-02;1.188757e-02;1.403097e-01
1.247508e-01;1.131174e-01;3.551956e-01;1.280020e-02;1.552501e-02;4.001622e-02;7.815543e-02;1.783139e-02;4.574969e-02;7.673603e-02;1.575076e-02;1.043714e-01
1.550524e-01;9.551328e-02;4.064816e-01;2.261693e-02;2.547404e-02;2.997181e-02;8.104604e-02;1.415255e-02;2.782492e-02;6.895565e-02;2.214021e-02;5.077052e-02
9.938091e-02;8.525828e-02;4.639326e-01;5.137542e-02;4.459399e-02;3.265725e-02;9.006780e-02;9.672837e-03;2.001948e-02;6.997472e-02;2.241563e-02;1.065107e-02
3.779550e-02;5.719188e-02;4.625806e-01;8.717469e-02;6.541049e-02;5.379365e-02;1.072649e-01;1.016207e-02;1.540058e-02;7.337912e-02;2.153093e-02;8.315580e-03
4.176394e-02;3.938965e-02;4.320129e-01;7.894727e-02;5.359365e-02;8.957643e-02;1.232653e-01;2.424904e-02;1.888486e-02;6.671961e-02;2.367220e-02;7.925157e-03
5.263872e-02;2.590068e-02;4.018628e-01;6.224728e-02;2.331236e-02;9.774628e-02;1.175176e-01;6.942460e-02;4.981370e-02;5.412977e-02;3.236652e-02;1.303960e-02
5.260375e-02;1.295433e-02;3.424392e-01;8.022862e-02;4.326807e-02;5.563659e-02;7.652153e-02;1.085748e-01;8.703011e-02;6.599623e-02;5.116839e-02;2.357844e-02
3.874213e-02;1.667382e-02;2.713256e-01;1.116175e-01;6.081754e-02;5.111033e-02;5.534117e-02;9.439268e-02;9.422605e-02;9.368471e-02;7.886792e-02;3.320064e-02
4.029616e-02;4.919678e-02;2.077464e-01;1.506996e-01;1.023442e-01;7.692385e-02;4.530771e-02;6.489784e-02;4.802183e-02;8.289795e-02;1.010940e-01;3.057363e-02
5.283022e-02;1.274073e-01;1.840542e-01;1.563393e-01;1.185217e-01;7.803554e-02;4.279110e-02;6.639072e-02;2.368559e-02;4.824815e-02;8.344626e-02;1.824983e-02
6.726006e-02;2.018354e-01;2.057409e-01;1.264271e-01;8.814931e-02;4.225728e-02;3.579686e-02;6.029910e-02;3.030678e-02;5.446893e-02;5.959046e-02;2.786789e-02
1.096820e-01;1.984612e-01;1.764202e-01;9.122870e-02;8.905701e-02;4.354842e-02;6.267023e-02;5.142920e-02;2.067986e-02;6.045801e-02;5.890599e-02;3.745923e-02
1.404852e-01;1.035177e-01;1.437027e-01;6.118875e-02;1.150281e-01;5.536677e-02;1.018076e-01;5.348183e-02;4.041315e-02;6.121699e-02;6.349353e-02;6.029772e-02
1.211779e-01;4.355819e-02;1.428714e-01;5.428942e-02;1.501663e-01;6.941733e-02;1.435374e-01;4.871058e-02;4.978604e-02;4.488350e-02;6.375621e-02;6.784569e-02
1.081122e-01;5.753494e-02;1.691291e-01;6.546263e-02;1.747549e-01;6.441037e-02;1.015465e-01;4.403933e-02;5.215449e-02;4.220164e-02;5.257031e-02;6.808355e-02
9.355625e-02;8.699594e-02;1.877272e-01;7.941316e-02;1.750522e-01;7.466791e-02;9.101153e-02;3.392225e-02;4.046204e-02;4.892249e-02;3.271474e-02;5.555432e-02
9.764875e-02;6.470235e-02;1.823860e-01;7.873013e-02;1.878977e-01;9.417705e-02;9.208546e-02;6.173030e-02;2.456888e-02;3.839378e-02;2.590198e-02;5.177757e-02
1.263689e-01;3.736481e-02;1.665720e-01;7.402910e-02;1.625662e-01;8.311142e-02;1.022366e-01;8.609029e-02;4.200853e-02;2.339260e-02;2.716179e-02;6.909778e-02
1.786284e-01;6.498436e-02;1.475755e-01;5.817707e-02;1.208571e-01;6.587590e-02;1.078899e-01;6.613161e-02;5.006220e-02;3.272174e-02;3.434651e-02;7.274961e-02
2.055975e-01;8.311484e-02;1.593915e-01;4.654305e-02;9.910085e-02;6.072708e-02;1.158901e-01;5.033165e-02;3.440198e-02;6.567513e-02;3.086448e-02;4.836195e-02
8.702268e-02;1.054377e-01;1.730308e-01;6.569603e-02;1.138942e-01;7.906424e-02;8.122688e-02;4.912977e-02;7.478192e-02;9.595552e-02;3.306295e-02;4.169738e-02
6.270996e-02;1.130012e-01;1.411532e-01;6.001181e-02;1.134346e-01;8.309676e-02;7.656205e-02;6.785334e-02;1.045454e-01;9.811220e-02;3.999431e-02;3.952510e-02
8.603244e-02;9.972966e-02;1.319484e-01;6.837274e-02;1.081014e-01;6.932218e-02;8.075131e-02;9.294663e-02;1.112812e-01;5.238774e-02;5.107194e-02;4.805431e-02
8.381499e-02;6.977382e-02;1.254028e-01;9.714211e-02;9.704488e-02;7.253549e-02;8.949706e-02;8.668696e-02;8.671165e-02;7.924300e-02;4.698364e-02;6.516367e-02
7.995527e-02;6.657293e-02;1.424993e-01;9.161416e-02;9.241461e-02;4.418131e-02;7.184874e-02;8.729690e-02;1.061556e-01;1.096780e-01;4.718319e-02;6.059998e-02
5.647789e-02;6.887172e-02;1.804052e-01;8.584784e-02;7.639122e-02;5.232732e-02;8.320740e-02;7.792141e-02;8.579382e-02;1.103123e-01;6.946912e-02;5.297475e-02
8.851585e-02;8.317613e-02;1.241624e-01;6.476797e-02;1.018875e-01;4.125353e-02;1.140511e-01;6.630895e-02;8.164915e-02;7.863804e-02;7.506545e-02;8.052387e-02
1.191769e-01;1.096973e-01;8.604112e-02;7.171485e-02;8.312590e-02;4.056127e-02;1.075768e-01;1.000379e-01;8.307481e-02;8.634856e-02;4.643929e-02;6.620535e-02
1.238342e-01;1.180012e-01;7.260166e-02;6.581113e-02;5.686032e-02;7.056089e-02;8.021592e-02;9.535690e-02;6.936724e-02;9.937674e-02;5.938835e-02;8.862546e-02
1.305273e-01;9.140483e-02;1.328992e-01;5.800790e-02;5.453879e-02;7.508535e-02;8.193183e-02;5.455129e-02;7.104598e-02;1.104801e-01;6.065124e-02;7.887625e-02
1.434844e-01;9.434366e-02;1.621914e-01;6.594335e-02;4.994202e-02;4.844069e-02;9.842084e-02;4.029730e-02;8.162939e-02;9.979223e-02;5.770123e-02;5.781352e-02
1.549221e-01;9.993646e-02;1.441361e-01;7.260353e-02;6.117997e-02;2.994247e-02;9.935166e-02;4.019041e-02;9.536599e-02;8.510310e-02;4.899029e-02;6.827796e-02
1.320904e-01;8.841170e-02;1.303699e-01;1.036956e-01;6.988300e-02;3.504665e-02;1.010488e-01;5.366679e-02;9.464020e-02;6.220917e-02;3.719267e-02;9.174509e-02
1.166266e-01;8.776004e-02;1.090158e-01;8.714095e-02;6.009426e-02;5.626623e-02;9.096262e-02;7.413145e-02;6.887022e-02;1.015061e-01;4.475815e-02;1.028676e-01
1.117611e-01;8.612600e-02;9.519814e-02;9.640013e-02;6.336277e-02;6.391761e-02;1.383397e-01;5.004790e-02;5.634916e-02;1.218778e-01;5.583721e-02;6.078238e-02
1.105968e-01;1.288176e-01;6.992710e-02;8.671471e-02;7.212384e-02;7.130617e-02;1.578775e-01;3.770007e-02;7.476487e-02;9.823161e-02;3.803346e-02;5.390611e-02
1.054879e-01;1.732801e-01;6.056629e-02;6.559622e-02;5.616908e-02;6.498110e-02;1.444841e-01;4.076545e-02;9.647708e-02;9.602316e-02;3.457393e-02;6.159567e-02
9.495630e-02;1.604712e-01;9.777080e-02;6.059048e-02;6.292615e-02;5.945665e-02;1.161473e-01;6.262549e-02;8.471004e-02;1.076312e-01;3.535835e-02;5.735614e-02
7.092489e-02;1.264037e-01;1.530523e-01;6.146026e-02;9.760948e-02;6.279216e-02;1.057246e-01;7.778612e-02;5.620356e-02;1.030202e-01;3.941301e-02;4.560982e-02
3.824750e-02;1.341783e-01;1.755843e-01;8.136325e-02;1.144802e-01;5.117315e-02;7.315025e-02;8.321498e-02;5.644079e-02;9.786180e-02;5.021773e-02;4.408779e-02
5.626259e-02;7.189475e-02;1.721728e-01;1.099507e-01;9.644022e-02;3.861906e-02;9.183797e-02;1.047805e-01;5.053837e-02;9.347783e-02;5.650180e-02;5.752349e-02
8.690520e-02;7.635189e-02;1.952330e-01;8.463445e-02;9.132776e-02;4.740120e-02;1.003284e-01;1.014763e-01;5.339584e-02;7.138156e-02;3.632186e-02;5.524257e-02
9.200115e-02;8.358204e-02;2.436061e-01;5.927527e-02;8.621273e-02;5.680872e-02;5.309667e-02;1.007476e-01;9.865546e-02;5.609937e-02;2.650395e-02;4.341093e-02
6.954247e-02;6.198837e-02;2.460133e-01;5.606141e-02;7.470863e-02;7.428828e-02;1.064384e-01;9.287688e-02;8.912328e-02;6.746004e-02;2.370521e-02;3.779366e-02
6.287663e-02;4.134936e-02;1.707944e-01;1.151008e-01;5.099670e-02;7.931284e-02;1.655368e-01;8.564366e-02;7.666358e-02;8.106520e-02;2.229502e-02;4.836500e-02
7.427480e-02;4.816003e-02;1.017415e-01;1.328066e-01;7.399769e-02;5.080422e-02;1.610138e-01;1.011738e-01;6.702892e-02;8.880952e-02;2.988477e-02;7.030430e-02
6.180243e-02;5.749218e-02;1.185202e-01;1.131954e-01;1.007011e-01;6.010568e-02;1.357194e-01;8.668382e-02;6.121529e-02;7.271425e-02;3.880727e-02;9.304301e-02
8.084353e-02;7.122624e-02;9.050291e-02;1.084950e-01;1.299402e-01;5.613149e-02;1.141864e-01;7.413652e-02;7.602175e-02;5.493787e-02;5.135664e-02;9.222151e-02
6.500221e-02;7.412698e-02;9.569025e-02;1.183461e-01;9.960585e-02;7.163811e-02;1.468096e-01;9.570140e-02;9.405092e-02;5.061925e-02;3.335461e-02;5.505469e-02
5.088714e-02;7.112252e-02;1.368676e-01;1.236648e-01;7.123067e-02;7.981466e-02;1.176697e-01;8.258411e-02;1.315729e-01;7.513198e-02;2.403512e-02;3.541880e-02
7.765359e-02;5.497044e-02;1.265533e-01;1.179369e-01;6.621214e-02;8.042867e-02;1.016291e-01;6.352610e-02;1.311523e-01;1.071319e-01;3.193124e-02;4.087435e-02
1.118313e-01;3.310612e-02;1.070034e-01;7.919233e-02;4.492413e-02;6.858269e-02;1.210476e-01;6.282557e-02;9.903483e-02;1.424787e-01;7.097930e-02;5.899403e-02
1.150737e-01;5.536499e-02;1.009023e-01;5.055860e-02;4.261164e-02;4.425480e-02;9.565119e-02;7.199047e-02;1.202596e-01;1.370734e-01;9.291789e-02;7.334150e-02
8.574529e-02;5.123498e-02;1.049504e-01;5.450990e-02;8.227391e-02;5.327865e-02;8.390343e-02;9.273440e-02;1.441476e-01;1.017908e-01;8.229528e-02;6.313532e-02
6.603345e-02;5.087572e-02;1.028842e-01;6.995061e-02;1.055298e-01;6.122096e-02;1.029932e-01;1.080413e-01;1.282574e-01;8.571389e-02;6.022837e-02;5.827111e-02
6.533942e-02;6.646756e-02;1.631743e-01;1.039076e-01;6.908957e-02;3.479230e-02;1.721347e-01;1.097993e-01;7.304661e-02;7.933342e-02;3.092998e-02;3.198534e-02
1.145340e-01;8.766907e-02;1.087411e-01;1.147771e-01;6.950918e-02;4.349601e-02;1.860857e-01;9.316865e-02;7.540128e-02;6.100163e-02;2.319204e-02;2.242438e-02
1.603086e-01;9.003737e-02;7.631538e-02;9.784234e-02;7.503704e-02;6.275225e-02;1.809264e-01;9.413919e-02;7.400621e-02;4.956946e-02;1.683226e-02;2.223355e-02
2.344281e-01;7.598925e-02;3.902945e-02;6.460313e-02;7.894351e-02;8.516363e-02;1.778404e-01;1.035903e-01;6.282328e-02;3.707194e-02;9.663070e-03;3.085382e-02
2.889590e-01;6.716083e-02;1.798444e-02;3.335686e-02;7.946346e-02;1.023565e-01;1.688090e-01;1.165436e-01;4.019265e-02;4.953097e-02;3.830011e-03;3.181278e-02
2.723280e-01;8.235896e-02;2.740649e-02;4.533748e-02;7.326784e-02;9.376766e-02;1.806967e-01;9.960605e-02;3.643628e-02;6.149445e-02;3.536390e-03;2.376372e-02
2.285947e-01;1.087205e-01;5.989188e-02;9.219563e-02;5.369619e-02;7.597303e-02;2.141939e-01;6.145851e-02;2.998695e-02;5.229009e-02;3.428371e-03;1.957028e-02
2.062983e-01;1.336087e-01;9.959630e-02;9.537489e-02;3.659863e-02;6.460275e-02;2.535623e-01;2.744463e-02;2.482393e-02;3.014395e-02;7.284010e-03;2.066162e-02
2.073396e-01;1.342233e-01;9.723888e-02;5.365561e-02;3.977070e-02;6.109684e-02;2.750791e-01;2.841078e-02;4.105219e-02;1.689287e-02;1.364433e-02;3.159574e-02
1.771858e-01;1.162032e-01;9.928389e-02;3.152782e-02;4.979258e-02;6.222820e-02;2.886930e-01;2.997314e-02;6.073380e-02;3.154752e-02;1.980379e-02;3.302731e-02
1.020296e-01;6.745132e-02;6.639531e-02;3.744960e-02;4.773413e-02;4.699659e-02;3.661945e-01;6.716796e-02;8.851945e-02;6.003106e-02;1.814481e-02;3.188565e-02
3.287460e-02;3.181860e-02;6.917333e-02;3.996792e-02;2.758713e-02;2.874108e-02;3.824804e-01;1.334565e-01;1.191588e-01;8.839495e-02;1.343874e-02;3.290790e-02
2.523864e-02;2.690849e-02;7.111737e-02;2.523274e-02;2.390908e-02;3.326625e-02;3.718643e-01;1.509691e-01;1.286643e-01;1.079959e-01;9.464251e-03;2.536962e-02
8.758415e-02;4.032065e-02;7.858024e-02;4.128202e-02;3.678672e-02;4.655913e-02;2.284523e-01;1.392608e-01;1.323228e-01;1.119498e-01;1.355848e-02;4.334294e-02
1.217241e-01;7.143537e-02;7.082080e-02;9.641315e-02;4.553126e-02;4.771532e-02;2.582814e-01;8.967878e-02;7.884540e-02;6.778646e-02;1.553444e-02;3.623353e-02
6.748331e-02;4.970601e-02;9.060846e-02;1.330591e-01;3.544811e-02;4.517055e-02;3.964241e-01;7.280296e-02;4.345012e-02;3.710677e-02;9.388290e-03;1.935229e-02
3.846053e-02;3.570698e-02;8.133310e-02;1.462989e-01;7.293466e-02;4.266530e-02;4.293609e-01;6.618130e-02;3.229290e-02;3.601089e-02;7.781374e-03;1.097319e-02
3.946539e-02;4.962151e-02;7.640060e-02;1.180549e-01;1.530007e-01;6.363555e-02;3.681101e-01;5.144448e-02;3.265001e-02;2.966747e-02;1.203452e-02;5.914867e-03
5.439381e-02;6.331004e-02;9.898905e-02;9.201524e-02;2.156860e-01;8.719813e-02;2.585275e-01;3.691829e-02;4.368349e-02;2.311473e-02;1.791706e-02;8.246570e-03
6.857873e-02;6.273649e-02;8.947542e-02;1.077935e-01;1.980034e-01;9.186515e-02;2.355454e-01;3.259297e-02;4.875898e-02;2.429662e-02;2.280384e-02;1.754950e-02
6.696104e-02;5.736243e-02;1.018737e-01;1.281946e-01;1.064950e-01;6.083193e-02;2.982611e-01;4.349433e-02;5.015857e-02;3.853312e-02;2.765136e-02;2.018271e-02
4.758174e-02;7.041087e-02;1.450839e-01;9.872414e-02;6.417127e-02;6.843734e-02;2.976418e-01;4.653816e-02;5.628923e-02;4.177528e-02;3.751512e-02;2.583117e-02
4.518693e-02;7.991756e-02;1.296045e-01;1.281388e-01;6.581530e-02;6.743490e-02;2.892701e-01;4.658305e-02;6.031984e-02;3.080979e-02;3.336020e-02;2.355898e-02
5.272169e-02;9.367873e-02;1.311169e-01;1.319000e-01;5.335696e-02;1.066607e-01;2.109143e-01;5.559405e-02;7.866906e-02;2.955551e-02;2.719943e-02;2.863265e-02
9.612409e-02;7.623362e-02;1.307028e-01;6.098510e-02;1.269651e-01;1.210631e-01;9.855878e-02;6.486139e-02;7.559383e-02;4.027589e-02;5.547322e-02;5.316303e-02
1.307833e-01;4.424969e-02;1.156503e-01;6.083449e-02;1.743806e-01;1.014329e-01;1.049214e-01;6.348984e-02;4.505442e-02;5.146594e-02;5.814476e-02;4.959245e-02
1.247681e-01;5.857217e-02;8.698364e-02;8.347775e-02;1.703652e-01;9.909980e-02;9.766755e-02;7.869327e-02;4.083262e-02;6.815401e-02;4.881306e-02;4.257289e-02
7.694782e-02;9.708575e-02;1.248657e-01;1.108688e-01;1.223392e-01;9.232508e-02;1.128962e-01;7.976902e-02;4.314784e-02;5.504374e-02;3.752888e-02;4.718190e-02
7.246137e-02;7.835104e-02;9.993768e-02;1.131717e-01;8.322063e-02;7.092968e-02;1.014488e-01;6.572824e-02;1.246325e-01;8.133122e-02;5.282274e-02;5.596441e-02
5.922248e-02;8.299746e-02;8.260473e-02;1.189860e-01;6.476696e-02;6.185991e-02;1.023651e-01;6.597902e-02;1.636757e-01;8.530330e-02;6.248677e-02;4.975262e-02
7.167050e-02;1.108019e-01;1.061060e-01;1.118991e-01;6.506887e-02;5.030708e-02;8.190705e-02;6.672107e-02;1.514635e-01;6.391100e-02;6.165580e-02;5.848822e-02
9.859829e-02;1.418546e-01;1.259942e-01;8.769457e-02;7.669242e-02;4.709725e-02;5.379080e-02;6.526144e-02;9.516997e-02;5.080454e-02;6.529805e-02;9.174389e-02
6.986746e-02;7.866265e-02;1.289036e-01;7.988077e-02;8.656921e-02;4.709527e-02;6.931060e-02;5.755396e-02;1.119222e-01;7.830849e-02;7.927618e-02;1.126496e-01
8.092096e-02;5.219882e-02;1.058997e-01;1.066884e-01;7.758750e-02;5.149516e-02;6.029577e-02;5.406720e-02;1.956328e-01;6.969892e-02;5.961771e-02;8.589706e-02
9.385759e-02;3.124826e-02;7.790782e-02;1.346657e-01;5.299875e-02;3.182795e-02;5.120485e-02;4.979964e-02;3.126296e-01;4.190278e-02;6.662130e-02;5.533585e-02
1.373993e-01;1.716960e-02;3.799286e-02;1.292391e-01;3.100653e-02;7.591425e-03;5.897151e-02;4.301441e-02;3.804414e-01;6.543498e-02;7.565030e-02;1.608865e-02
1.699280e-01;1.799883e-02;2.410807e-02;1.217454e-01;3.152543e-02;5.892990e-03;7.705621e-02;3.026967e-02;3.915028e-01;7.009502e-02;5.457999e-02;5.297636e-03
1.722687e-01;8.252401e-03;1.597399e-02;1.299274e-01;3.160034e-02;6.159682e-03;8.604156e-02;1.807727e-02;4.531509e-01;5.000135e-02;2.242106e-02;6.125225e-03
1.331118e-01;1.055735e-02;1.693758e-02;1.164820e-01;1.942770e-02;6.234316e-03;7.897491e-02;3.086212e-02;4.843012e-01;6.327298e-02;2.832676e-02;1.151134e-02
9.647638e-02;1.186231e-02;1.147640e-02;1.001161e-01;1.400233e-02;7.035526e-03;6.648442e-02;4.821935e-02;5.197605e-01;6.556414e-02;4.708423e-02;1.191832e-02
7.166610e-02;7.676762e-03;1.750678e-02;9.448708e-02;1.493812e-02;5.822504e-03;6.245580e-02;5.739723e-02;5.433633e-01;6.391694e-02;4.945979e-02;1.130954e-02
5.435507e-02;6.296711e-03;2.890966e-02;8.920565e-02;3.506229e-02;9.899341e-03;8.694932e-02;3.738680e-02;4.950966e-01;1.181759e-01;3.446800e-02;4.194751e-03
4.169154e-02;1.243184e-02;5.870074e-02;7.870137e-02;5.118221e-02;1.811625e-02;1.092020e-01;2.578414e-02;4.324660e-01;1.473342e-01;1.570612e-02;8.683553e-03
5.905528e-02;1.783304e-02;8.025918e-02;6.980981e-02;4.760511e-02;2.624314e-02;1.539560e-01;5.598728e-02;3.189139e-01;1.286419e-01;2.775718e-02;1.393806e-02
7.782238e-02;1.636065e-02;5.389617e-02;9.221418e-02;3.002909e-02;3.957009e-02;2.108756e-01;8.649061e-02;1.955290e-01;1.341183e-01;4.423362e-02;1.886033e-02
6.966686e-02;1.146429e-02;4.431819e-02;1.134585e-01;2.890292e-02;3.252753e-02;2.183113e-01;7.514509e-02;2.231285e-01;1.221263e-01;4.558946e-02;1.536110e-02
8.982141e-02;1.523787e-02;2.900031e-02;1.524568e-01;4.383582e-02;2.152440e-02;1.947457e-01;5.354661e-02;2.429819e-01;1.095023e-01;3.872059e-02;8.626268e-03
1.021887e-01;1.140287e-02;3.503488e-02;1.819966e-01;4.578548e-02;1.588689e-02;1.696616e-01;3.763577e-02;2.623799e-01;9.641404e-02;3.575245e-02;5.860791e-03
8.015168e-02;1.228048e-02;4.657697e-02;1.843368e-01;4.436104e-02;1.055155e-02;1.067412e-01;4.047722e-02;3.328765e-01;9.341474e-02;3.138056e-02;1.685126e-02
7.124807e-02;3.684922e-02;5.450436e-02;1.662210e-01;4.086937e-02;1.491270e-02;6.298386e-02;4.290867e-02;3.172677e-01;1.040003e-01;4.843640e-02;3.979824e-02
6.967285e-02;4.820285e-02;8.941231e-02;1.550526e-01;5.002237e-02;1.615463e-02;7.061546e-02;6.069002e-02;2.644814e-01;9.154285e-02;4.423305e-02;3.991963e-02
4.683460e-02;3.415947e-02;1.386535e-01;1.600599e-01;5.454406e-02;2.656180e-02;1.051053e-01;1.019044e-01;2.183249e-01;6.652197e-02;2.454987e-02;2.278020e-02
2.400979e-02;1.514677e-02;1.586915e-01;1.297113e-01;8.541887e-02;7.096045e-02;1.086652e-01;1.437795e-01;1.642058e-01;6.563054e-02;1.825099e-02;1.552912e-02
1.722876e-02;2.013944e-02;1.559132e-01;5.434640e-02;7.729588e-02;1.119688e-01;1.619262e-01;1.725266e-01;1.087967e-01;8.107927e-02;1.284755e-02;2.593121e-02
1.473121e-02;2.464442e-02;1.486028e-01;3.236922e-02;3.735503e-02;9.733949e-02;2.152743e-01;2.060661e-01;7.173762e-02;1.152190e-01;6.998791e-03;2.966202e-02
1.576864e-02;3.756816e-02;1.275078e-01;4.093714e-02;5.459017e-02;5.581694e-02;2.875443e-01;1.656060e-01;6.783935e-02;1.060476e-01;1.868919e-02;2.208469e-02
2.555683e-02;6.439950e-02;9.554360e-02;3.498394e-02;9.916875e-02;6.398784e-02;3.661988e-01;6.984527e-02;6.514005e-02;6.215473e-02;4.422478e-02;8.795909e-03
3.721974e-02;8.090273e-02;5.712503e-02;1.734682e-02;8.805829e-02;8.841140e-02;3.821131e-01;4.364038e-02;9.286601e-02;5.344605e-02;5.159845e-02;7.271959e-03
5.970487e-02;7.963533e-02;3.125833e-02;3.117057e-02;6.484275e-02;9.426454e-02;3.950593e-01;4.218493e-02;9.331948e-02;5.544478e-02;4.135342e-02;1.176168e-02
7.677745e-02;5.258113e-02;3.136125e-02;4.397783e-02;1.001078e-01;1.146582e-01;3.326353e-01;6.869523e-02;7.112505e-02;7.480034e-02;1.855976e-02;1.472060e-02
8.972866e-02;3.147429e-02;2.625453e-02;3.963619e-02;1.339542e-01;1.521525e-01;2.605455e-01;9.419772e-02;6.408401e-02;8.387879e-02;1.142236e-02;1.267119e-02
9.863742e-02;2.683586e-02;3.738410e-02;8.835401e-02;1.582746e-01;1.512054e-01;2.085561e-01;7.922780e-02;5.468656e-02;6.151677e-02;1.899143e-02;1.632992e-02
7.540476e-02;2.342682e-02;5.941651e-02;1.547842e-01;1.907912e-01;1.231322e-01;1.634303e-01;3.264677e-02;8.108885e-02;3.753627e-02;2.251259e-02;3.582943e-02
6.097434e-02;2.230474e-02;8.165162e-02;1.294752e-01;2.247489e-01;9.812837e-02;1.670312e-01;3.962848e-02;8.048162e-02;2.566737e-02;1.857331e-02;5.133475e-02
5.642833e-02;2.938191e-02;8.829746e-02;9.327707e-02;2.482500e-01;9.378093e-02;1.659089e-01;5.268085e-02;6.770993e-02;2.516544e-02;1.452394e-02;6.459527e-02
5.269704e-02;3.054191e-02;7.575419e-02;8.521931e-02;2.670889e-01;9.039596e-02;1.408658e-01;4.778266e-02;6.966135e-02;2.788068e-02;2.398513e-02;8.812705e-02
4.992530e-02;3.914863e-02;9.719348e-02;1.082917e-01;2.509256e-01;7.917210e-02;1.046146e-01;3.829258e-02;6.906906e-02;3.424594e-02;2.615291e-02;1.029680e-01
4.538151e-02;5.857806e-02;7.652282e-02;1.771852e-01;2.604071e-01;5.338703e-02;5.749886e-02;3.780404e-02;5.414989e-02;3.718770e-02;3.146114e-02;1.104367e-01
3.603232e-02;9.762064e-02;7.614273e-02;2.245304e-01;2.500263e-01;4.315634e-02;3.416640e-02;2.226689e-02;4.537961e-02;2.838670e-02;3.471570e-02;1.075760e-01
2.499019e-02;1.555930e-01;7.121149e-02;2.157716e-01;2.421783e-01;3.583948e-02;3.081831e-02;1.725623e-02;4.516922e-02;1.915864e-02;2.833321e-02;1.136803e-01
3.041454e-02;1.945433e-01;6.344000e-02;1.718516e-01;2.322262e-01;2.782115e-02;3.926002e-02;2.032055e-02;4.924201e-02;1.320802e-02;1.829417e-02;1.393785e-01
4.316771e-02;1.689996e-01;6.252595e-02;1.245118e-01;2.090905e-01;3.991487e-02;4.097862e-02;2.658800e-02;6.731854e-02;1.244544e-02;2.636832e-02;1.780907e-01
9.972950e-02;1.069950e-01;5.764037e-02;7.153291e-02;1.815128e-01;5.901409e-02;4.265371e-02;2.565368e-02;1.005932e-01;1.585809e-02;2.200987e-02;2.168068e-01
2.093577e-01;6.542923e-02;4.395431e-02;2.940285e-02;1.267669e-01;8.059033e-02;6.810902e-02;1.492890e-02;1.095432e-01;3.544471e-02;1.000923e-02;2.064636e-01
3.190877e-01;7.750437e-02;2.025067e-02;1.627313e-02;7.304299e-02;8.644544e-02;9.322665e-02;1.858523e-02;7.563713e-02;6.819867e-02;9.861168e-03;1.418868e-01
3.736120e-01;1.051026e-01;1.285441e-02;1.782304e-02;4.796414e-02;6.829039e-02;1.321267e-01;1.944482e-02;3.827791e-02;9.459352e-02;1.304349e-02;7.686697e-02
3.464377e-01;1.670687e-01;2.469462e-02;1.877413e-02;3.191538e-02;4.248342e-02;1.972657e-01;1.973081e-02;8.900549e-03;9.627956e-02;1.241968e-02;3.402975e-02
2.277931e-01;2.087625e-01;4.799961e-02;1.215459e-02;2.454660e-02;3.368150e-02;2.761530e-01;3.703740e-02;1.214331e-02;6.560565e-02;3.991307e-02;1.420964e-02
1.349070e-01;1.918705e-01;1.175591e-01;8.320943e-03;2.230825e-02;1.904915e-02;3.175471e-01;9.259645e-02;1.255755e-02;3.316935e-02;4.162106e-02;8.493587e-03
6.232946e-02;1.175314e-01;2.148936e-01;2.087665e-02;2.048033e-02;1.707412e-02;2.842133e-01;1.654887e-01;4.023177e-02;1.780132e-02;2.148288e-02;1.759644e-02
2.101591e-02;5.318833e-02;2.493971e-01;2.793704e-02;2.244362e-02;2.101222e-02;2.117026e-01;2.020915e-01;1.357122e-01;3.021887e-02;3.566839e-03;2.171370e-02
2.027731e-02;2.434731e-02;1.678053e-01;7.499063e-02;2.260644e-02;1.213653e-02;9.545801e-02;1.630383e-01;3.446684e-01;4.833397e-02;8.805715e-03;1.753214e-02
2.027032e-02;1.543466e-02;6.847680e-02;9.155375e-02;3.526717e-02;4.301567e-03;6.599666e-02;1.093290e-01;4.652906e-01;9.901240e-02;1.439814e-02;1.066892e-02
2.106551e-02;2.009748e-02;2.204237e-02;8.295046e-02;6.637982e-02;7.574431e-03;4.448304e-02;6.397583e-02;4.135872e-01;2.254146e-01;2.594894e-02;6.480395e-03
1.719270e-02;3.200755e-02;3.262347e-02;5.705460e-02;1.066208e-01;1.583841e-02;4.062790e-02;3.616255e-02;1.958464e-01;3.865794e-01;6.966390e-02;9.782325e-03
2.064539e-02;4.439428e-02;3.996265e-02;4.671073e-02;1.232026e-01;3.406186e-02;4.794618e-02;2.731565e-02;7.879306e-02;4.057173e-01;1.198500e-01;1.140031e-02
2.716062e-02;5.328353e-02;3.692774e-02;6.565320e-02;1.167241e-01;4.708897e-02;2.797079e-02;3.019775e-02;1.233299e-01;3.210624e-01;1.311508e-01;1.945007e-02
4.032994e-02;6.446733e-02;5.258920e-02;8.369389e-02;1.046840e-01;5.046263e-02;4.581331e-02;3.197003e-02;9.623841e-02;2.609068e-01;1.260010e-01;4.284345e-02
6.789762e-02;7.211673e-02;1.056475e-01;8.469614e-02;5.841366e-02;4.600185e-02;7.948176e-02;4.713723e-02;5.774429e-02;2.337383e-01;7.677817e-02;7.034676e-02
6.815486e-02;5.863474e-02;7.717230e-02;6.843957e-02;7.029500e-02;3.425878e-02;1.092665e-01;5.537600e-02;1.315684e-01;2.052498e-01;6.511039e-02;5.647378e-02
9.192492e-02;8.766095e-02;1.114942e-01;5.918709e-02;9.801972e-02;3.121064e-02;9.305146e-02;9.244022e-02;1.275733e-01;1.382647e-01;3.530213e-02;3.387071e-02
7.593430e-02;6.547702e-02;1.050657e-01;8.496539e-02;1.204603e-01;3.338864e-02;7.597133e-02;7.793823e-02;1.907603e-01;1.050116e-01;4.075163e-02;2.427554e-02
4.282469e-02;3.367889e-02;6.359105e-02;8.485473e-02;1.511784e-01;4.574561e-02;5.834263e-02;7.393878e-02;1.890344e-01;1.460506e-01;8.780760e-02;2.295254e-02
7.603856e-02;6.516670e-02;5.041075e-02;8.220364e-02;1.415067e-01;4.867853e-02;6.271911e-02;6.892749e-02;1.133978e-01;1.598645e-01;9.547727e-02;3.560900e-02
8.037542e-02;7.789078e-02;6.516193e-02;9.517567e-02;1.122800e-01;2.645548e-02;7.713193e-02;5.929583e-02;1.020263e-01;1.968161e-01;6.967842e-02;3.771215e-02
5.437135e-02;5.433688e-02;9.583421e-02;1.118883e-01;1.164176e-01;3.071059e-02;1.020363e-01;5.616578e-02;1.090456e-01;1.834665e-01;3.673091e-02;4.899586e-02
7.169416e-02;3.311863e-02;1.038135e-01;1.136631e-01;1.285694e-01;5.232275e-02;8.615272e-02;5.239435e-02;9.599265e-02;1.445552e-01;5.325181e-02;6.447162e-02
6.375424e-02;7.765602e-02;1.112820e-01;1.106378e-01;9.066430e-02;6.488632e-02;1.002620e-01;6.222046e-02;9.621610e-02;1.298022e-01;4.535731e-02;4.726117e-02
1.391699e-01;1.002231e-01;7.779017e-02;9.169988e-02;6.133035e-02;4.645555e-02;1.064550e-01;6.090748e-02;6.821924e-02;1.337315e-01;6.055211e-02;5.346580e-02
1.451598e-01;8.668238e-02;6.833672e-02;8.976930e-02;7.520863e-02;3.532951e-02;8.509400e-02;4.944929e-02;9.154825e-02;1.399757e-01;9.041330e-02;4.303303e-02
7.958404e-02;6.873950e-02;1.048589e-01;1.172843e-01;6.630642e-02;3.529318e-02;8.710938e-02;6.434444e-02;8.792663e-02;1.500378e-01;1.036071e-01;3.490827e-02
5.772611e-02;7.264380e-02;1.318857e-01;1.114748e-01;6.356894e-02;3.207752e-02;9.301271e-02;8.660585e-02;6.026282e-02;1.552224e-01;9.045909e-02;4.506029e-02
8.149326e-02;6.714519e-02;9.900486e-02;6.752653e-02;6.503402e-02;3.061926e-02;1.165994e-01;6.561989e-02;1.437837e-01;1.400395e-01;6.459749e-02;5.853692e-02
1.147626e-01;6.460917e-02;9.148850e-02;4.257368e-02;5.174136e-02;3.587896e-02;1.468683e-01;5.245867e-02;1.187085e-01;1.347238e-01;7.122616e-02;7.496026e-02
8.612126e-02;4.037780e-02;7.873408e-02;5.793099e-02;5.359774e-02;2.810840e-02;1.428707e-01;5.634806e-02;1.674990e-01;1.488492e-01;7.679078e-02;6.277198e-02
6.756553e-02;4.863677e-02;7.098871e-02;5.903593e-02;5.268240e-02;5.108463e-02;9.685584e-02;6.502291e-02;1.545707e-01;1.835295e-01;8.538180e-02;6.464524e-02
8.875474e-02;5.846666e-02;7.712682e-02;5.116032e-02;9.013416e-02;7.008962e-02;7.247942e-02;8.766276e-02;1.078639e-01;1.758997e-01;5.829534e-02;6.206660e-02
6.844117e-02;7.239847e-02;7.679829e-02;5.016791e-02;1.055645e-01;5.425764e-02;1.204706e-01;1.196097e-01;1.057224e-01;1.246449e-01;5.599987e-02;4.592455e-02
6.168088e-02;4.875352e-02;6.579154e-02;8.872893e-02;8.637187e-02;3.781080e-02;1.260803e-01;1.178536e-01;1.153705e-01;1.318821e-01;6.658342e-02;5.309244e-02
1.192464e-01;5.894625e-02;1.039566e-01;6.395928e-02;9.501381e-02;5.757707e-02;1.157795e-01;5.558256e-02;1.229103e-01;1.148985e-01;6.234929e-02;2.978047e-02
5.735613e-02;3.385568e-02;1.660401e-01;9.031463e-02;7.111335e-02;4.508435e-02;1.756490e-01;5.651244e-02;1.074550e-01;1.299732e-01;3.955438e-02;2.709169e-02
5.567675e-02;3.201892e-02;1.846153e-01;1.025536e-01;7.594246e-02;5.490450e-02;1.843182e-01;4.457645e-02;9.901919e-02;1.125505e-01;2.676846e-02;2.705564e-02
7.324496e-02;2.944750e-02;1.794816e-01;9.555969e-02;1.068812e-01;6.838291e-02;1.747395e-01;3.496302e-02;9.389304e-02;9.753438e-02;1.916907e-02;2.670312e-02
8.812340e-02;4.078396e-02;1.816360e-01;5.036379e-02;1.434967e-01;9.530388e-02;1.580686e-01;2.964275e-02;8.607637e-02;8.130811e-02;1.713534e-02;2.806106e-02
7.666484e-02;4.723359e-02;2.247387e-01;2.577962e-02;1.458503e-01;1.010138e-01;1.855340e-01;2.318635e-02;6.092666e-02;5.671168e-02;1.978119e-02;3.257930e-02
6.212373e-02;2.740754e-02;2.421830e-01;3.818963e-02;1.257221e-01;9.338314e-02;2.231175e-01;3.120762e-02;5.799654e-02;4.279991e-02;1.825622e-02;3.761306e-02
8.215076e-02;2.741466e-02;2.291175e-01;5.310545e-02;1.159298e-01;9.170762e-02;2.173789e-01;2.960353e-02;5.837953e-02;3.667741e-02;1.745173e-02;4.108306e-02
1.155300e-01;4.423367e-02;2.366464e-01;5.651718e-02;9.852298e-02;8.366942e-02;1.766781e-01;2.873304e-02;5.653261e-02;3.899473e-02;2.600199e-02;3.793982e-02
