8.443039e-02;8.765944e-02;1.183776e-01;6.236618e-02;5.859528e-02;5.943578e-02;6.782822e-02;1.206898e-01;1.602961e-01;6.361414e-02;6.400403e-02;5.270305e-02
1.365699e-01;6.770609e-02;1.054627e-01;8.936006e-02;6.974559e-02;7.256629e-02;8.819717e-02;7.273994e-02;1.319052e-01;7.191041e-02;4.478274e-02;4.905397e-02
1.593854e-01;4.368267e-02;9.997164e-02;9.735660e-02;8.138310e-02;7.382942e-02;9.785657e-02;6.494249e-02;1.173916e-01;6.454848e-02;6.688521e-02;3.276680e-02
1.196775e-01;7.474506e-02;6.974286e-02;8.348826e-02;1.128621e-01;5.757297e-02;6.960228e-02;6.376518e-02;9.471355e-02;1.174078e-01;6.745782e-02;6.896470e-02
7.679281e-02;1.103080e-01;3.507958e-02;5.654972e-02;1.677830e-01;5.546194e-02;3.831516e-02;5.222106e-02;7.772263e-02;1.964331e-01;3.785262e-02;9.548037e-02
5.071326e-02;1.220470e-01;1.806705e-02;4.285559e-02;1.976439e-01;5.899950e-02;2.556432e-02;4.016463e-02;7.780553e-02;2.230034e-01;3.190394e-02;1.112319e-01
4.323016e-02;9.501076e-02;3.677638e-02;5.284858e-02;1.724823e-01;8.442137e-02;2.287789e-02;7.596698e-02;8.027373e-02;1.859142e-01;5.250157e-02;9.769612e-02
5.080914e-02;9.606473e-02;5.359633e-02;6.731956e-02;1.339964e-01;9.900387e-02;3.429294e-02;1.029203e-01;7.037135e-02;1.573194e-01;5.442002e-02;7.988589e-02
1.760651e-02;1.257627e-01;7.249166e-02;6.842820e-02;1.039542e-01;9.008345e-02;4.567726e-02;1.013716e-01;1.098702e-01;1.287664e-01;6.922457e-02;6.676327e-02
4.760905e-02;1.009325e-01;7.442161e-02;4.792085e-02;1.291129e-01;9.802584e-02;5.424590e-02;7.953234e-02;1.583146e-01;9.346898e-02;3.871077e-02;7.770474e-02
6.359897e-02;6.828121e-02;5.446364e-02;6.214712e-02;1.656854e-01;7.865908e-02;3.463971e-02;7.711238e-02;1.298690e-01;1.484904e-01;2.922194e-02;8.783120e-02
7.549386e-02;5.889077e-02;9.165714e-02;7.575839e-02;1.697267e-01;6.230741e-02;4.446407e-02;7.602578e-02;9.507454e-02;1.456814e-01;2.440268e-02;8.051718e-02
5.977826e-02;5.084200e-02;1.513516e-01;8.786581e-02;1.263272e-01;1.057647e-01;6.763470e-02;8.163571e-02;7.283448e-02;7.671314e-02;5.430595e-02;6.494641e-02
3.749786e-02;7.305459e-02;1.677762e-01;8.073341e-02;9.945384e-02;1.323090e-01;6.606901e-02;8.396304e-02;6.567790e-02;4.289145e-02;8.964518e-02;6.092848e-02
2.617239e-02;9.846769e-02;1.404769e-01;5.795603e-02;1.153100e-01;1.338410e-01;5.494274e-02;1.008514e-01;6.921697e-02;4.165499e-02;1.130994e-01;4.801064e-02
3.336921e-02;1.206445e-01;8.905457e-02;1.080332e-01;1.282973e-01;1.127571e-01;5.286559e-02;8.589687e-02;6.690978e-02;5.603279e-02;9.937783e-02;4.676128e-02
3.268858e-02;1.313088e-01;1.267254e-01;1.125994e-01;9.858742e-02;5.634499e-02;5.301790e-02;1.042458e-01;7.012963e-02;9.530127e-02;4.895112e-02;7.009950e-02
6.943008e-02;1.250052e-01;1.378046e-01;7.437902e-02;4.936146e-02;8.976188e-02;9.289917e-02;1.003304e-01;5.633266e-02;7.549559e-02;4.291121e-02;8.628871e-02
6.716076e-02;9.126363e-02;1.333688e-01;6.592247e-02;2.723810e-02;1.172958e-01;1.399011e-01;8.190774e-02;6.872991e-02;3.824513e-02;6.304038e-02;1.059262e-01
6.544202e-02;4.727263e-02;1.556616e-01;4.484302e-02;2.354778e-02;1.693404e-01;1.215575e-01;3.051323e-02;8.160373e-02;2.056879e-02;1.585043e-01;8.114495e-02
5.219391e-02;2.737073e-02;1.977495e-01;1.848442e-02;1.619843e-02;2.098020e-01;7.013758e-02;1.949622e-02;7.879893e-02;2.689879e-02;2.311822e-01;5.168724e-02
4.681964e-02;1.971132e-02;2.152215e-01;1.439013e-02;1.617622e-02;2.312295e-01;4.924491e-02;1.384203e-02;6.222601e-02;2.729686e-02;2.732064e-01;3.063548e-02
4.391361e-02;2.101887e-02;2.073800e-01;1.469501e-02;1.499556e-02;2.313887e-01;3.228292e-02;1.531940e-02;5.526758e-02;3.103003e-02;2.980923e-01;3.461608e-02
3.402020e-02;2.248555e-02;1.923123e-01;1.116605e-02;1.504475e-02;1.957530e-01;4.299365e-02;2.603770e-02;8.363502e-02;2.224302e-02;2.944800e-01;5.982876e-02
2.256756e-02;1.640788e-02;1.493311e-01;3.317159e-02;1.762001e-02;1.282093e-01;1.178075e-01;4.631298e-02;9.922740e-02;1.570481e-02;2.289169e-01;1.247229e-01
2.363130e-02;2.717204e-02;8.521146e-02;5.471443e-02;1.927119e-02;9.242159e-02;2.178995e-01;4.376722e-02;7.610036e-02;1.738937e-02;1.436530e-01;1.987686e-01
2.366691e-02;3.383543e-02;2.963559e-02;6.601629e-02;1.309325e-02;1.183392e-01;2.805151e-01;3.125974e-02;3.746739e-02;1.128353e-02;1.206255e-01;2.342621e-01
2.320127e-02;2.542402e-02;3.620664e-02;7.441879e-02;8.970267e-03;1.436900e-01;2.990063e-01;2.719912e-02;2.410712e-02;1.747421e-02;8.794980e-02;2.323524e-01
3.064368e-02;2.557457e-02;7.208152e-02;6.198990e-02;1.653564e-02;1.892854e-01;2.949165e-01;2.754158e-02;3.106741e-02;2.953117e-02;2.719737e-02;1.936353e-01
3.479183e-02;3.517039e-02;1.081499e-01;3.704901e-02;1.865395e-02;1.841453e-01;2.301274e-01;2.871615e-02;4.118487e-02;2.399914e-02;1.223367e-01;1.356754e-01
3.189772e-02;3.326258e-02;1.234624e-01;1.503375e-02;2.373634e-02;1.407181e-01;1.215388e-01;4.710369e-02;7.134581e-02;2.223662e-02;1.872602e-01;1.824041e-01
4.428995e-02;2.374445e-02;9.185070e-02;3.803314e-02;2.215426e-02;1.079089e-01;9.222634e-02;3.989716e-02;8.535654e-02;2.509358e-02;2.430555e-01;1.863894e-01
8.098711e-02;2.203591e-02;8.134677e-02;2.946957e-02;2.612090e-02;9.452260e-02;1.214545e-01;4.829110e-02;8.235770e-02;3.277530e-02;2.481213e-01;1.325173e-01
8.427996e-02;3.806978e-02;1.175923e-01;2.679036e-02;1.980401e-02;8.361712e-02;1.334700e-01;3.514611e-02;5.456029e-02;3.021157e-02;2.459965e-01;1.304620e-01
5.913610e-02;4.031570e-02;1.540358e-01;1.832896e-02;1.082089e-02;8.555903e-02;1.333158e-01;2.842753e-02;6.252029e-02;3.197415e-02;2.547342e-01;1.208315e-01
3.373497e-02;3.230463e-02;1.597556e-01;1.752722e-02;8.374288e-03;1.237711e-01;1.237710e-01;5.603241e-02;1.262104e-01;3.252095e-02;1.973437e-01;8.865358e-02
2.926334e-02;3.930259e-02;1.184008e-01;1.262882e-02;1.296230e-02;1.627413e-01;2.058445e-01;5.163322e-02;1.416344e-01;2.070552e-02;1.296086e-01;7.527459e-02
1.742623e-02;4.368047e-02;5.960376e-02;1.163555e-02;1.723637e-02;1.605895e-01;2.802442e-01;6.732487e-02;1.056614e-01;2.274447e-02;1.520231e-01;6.183018e-02
1.337670e-02;2.251019e-02;5.467422e-02;9.571380e-03;1.366216e-02;1.931431e-01;2.605144e-01;5.157443e-02;9.341592e-02;2.229087e-02;2.042184e-01;6.104818e-02
1.550686e-02;1.886111e-02;6.155336e-02;1.154964e-02;1.965445e-02;2.523925e-01;1.876457e-01;3.716287e-02;7.308964e-02;2.421162e-02;2.463332e-01;5.203918e-02
2.379013e-02;2.388483e-02;6.370615e-02;9.057690e-03;3.374618e-02;3.169234e-01;1.194351e-01;3.635405e-02;5.663256e-02;3.315508e-02;2.587770e-01;2.453770e-02
3.268871e-02;3.420441e-02;6.565832e-02;3.102390e-02;6.226947e-02;2.732506e-01;8.008901e-02;5.944560e-02;7.456008e-02;6.467136e-02;1.657198e-01;5.641871e-02
6.206299e-02;5.570807e-02;6.821294e-02;6.556882e-02;6.882125e-02;1.278798e-01;9.991945e-02;9.471336e-02;1.332682e-01;8.704150e-02;4.676001e-02;9.004354e-02
2.930387e-02;3.967142e-02;3.836562e-02;4.824750e-02;1.590338e-02;2.560089e-01;1.873306e-01;6.504516e-02;9.287233e-02;3.360090e-02;1.424776e-01;5.117263e-02
3.705239e-02;4.304899e-02;5.166611e-02;3.534154e-02;2.805443e-02;2.337867e-01;1.803367e-01;4.211727e-02;6.658290e-02;2.828559e-02;2.116100e-01;4.211741e-02
5.009768e-02;5.750664e-02;9.265385e-02;2.543676e-02;2.002480e-02;1.561151e-01;1.558567e-01;5.025000e-02;8.801484e-02;2.441522e-02;2.186878e-01;6.094053e-02
4.437111e-02;3.271591e-02;9.212708e-02;2.651513e-02;2.870234e-02;1.640257e-01;1.075627e-01;1.004171e-01;1.159253e-01;2.894014e-02;1.937673e-01;6.493012e-02
2.281964e-02;8.461591e-02;1.243582e-01;2.640061e-02;2.866504e-02;2.425740e-01;3.321471e-02;1.731225e-01;8.579464e-02;1.910315e-02;1.146250e-01;4.470661e-02
1.287705e-02;8.282691e-02;1.453874e-01;2.682203e-02;2.311459e-02;2.816648e-01;2.388008e-02;1.930351e-01;7.802628e-02;1.975066e-02;7.593403e-02;3.668105e-02
2.603693e-02;9.971461e-02;1.486228e-01;2.377635e-02;1.657550e-02;2.572579e-01;2.344420e-02;1.814103e-01;7.203111e-02;2.309658e-02;7.850905e-02;4.952467e-02
3.332553e-02;8.756127e-02;1.277788e-01;2.175162e-02;2.441178e-02;1.774377e-01;6.111713e-02;1.295874e-01;7.382592e-02;2.599781e-02;1.468542e-01;9.035084e-02
2.210805e-02;5.429821e-02;9.653629e-02;2.370774e-02;2.735312e-02;1.171179e-01;9.747408e-02;7.909056e-02;8.776961e-02;2.249494e-02;2.164343e-01;1.556152e-01
3.755548e-02;6.402116e-02;1.115148e-01;3.313217e-02;3.515215e-02;1.674447e-01;7.739408e-02;7.867632e-02;7.814772e-02;3.050450e-02;1.618702e-01;1.245867e-01
3.577352e-02;7.257544e-02;8.819962e-02;4.088501e-02;6.538262e-02;1.106094e-01;8.597765e-02;5.991746e-02;8.165688e-02;2.918259e-02;2.274474e-01;1.023924e-01
3.862143e-02;5.024295e-02;4.707021e-02;4.313396e-02;5.757241e-02;1.605422e-01;1.492652e-01;4.838154e-02;5.538727e-02;2.992373e-02;2.012511e-01;1.186081e-01
5.138052e-02;4.073744e-02;6.488309e-02;3.380579e-02;4.173642e-02;2.539022e-01;1.875671e-01;3.952027e-02;3.825557e-02;1.668200e-02;1.330398e-01;9.848970e-02
3.785539e-02;6.339956e-02;1.063983e-01;3.692662e-02;3.461944e-02;2.656741e-01;1.645290e-01;5.615273e-02;4.355261e-02;2.044555e-02;1.200004e-01;5.044622e-02
3.059418e-02;7.101307e-02;1.515480e-01;3.924725e-02;4.092029e-02;2.322471e-01;1.264836e-01;6.909367e-02;3.568710e-02;1.700661e-02;1.412316e-01;4.492747e-02
2.209374e-02;5.809155e-02;1.552239e-01;3.286669e-02;3.535189e-02;2.613999e-01;1.201316e-01;5.214613e-02;3.326222e-02;1.450430e-02;1.614676e-01;5.346048e-02
1.346798e-02;6.034994e-02;1.406464e-01;2.116298e-02;4.671971e-02;3.089257e-01;9.471284e-02;3.080186e-02;2.476305e-02;5.880994e-02;1.658343e-01;3.380531e-02
9.690071e-03;1.135413e-01;9.718987e-02;1.954337e-02;1.314369e-01;2.585401e-01;5.210467e-02;3.388895e-02;2.660998e-02;1.368197e-01;1.095303e-01;1.110475e-02
9.431088e-03;1.756284e-01;4.370173e-02;2.675966e-02;2.194619e-01;1.527245e-01;2.595472e-02;3.672154e-02;3.632518e-02;2.198275e-01;4.545844e-02;8.005456e-03
1.378642e-02;1.935802e-01;2.092537e-02;3.690521e-02;2.484940e-01;9.974444e-02;1.882933e-02;3.545475e-02;3.659348e-02;2.585987e-01;2.596103e-02;1.112705e-02
5.227258e-03;1.816940e-01;1.441221e-02;4.303000e-02;2.444412e-01;8.703075e-02;1.775260e-02;5.063356e-02;3.809335e-02;2.632720e-01;3.906304e-02;1.535005e-02
4.007929e-03;1.656468e-01;2.217727e-02;2.778581e-02;1.975607e-01;1.306983e-01;9.764862e-03;7.599124e-02;4.124653e-02;2.421415e-01;7.066211e-02;1.231689e-02
6.525295e-03;1.668740e-01;2.610259e-02;1.819788e-02;1.357065e-01;1.721516e-01;2.642891e-02;1.112914e-01;4.212350e-02;2.222712e-01;5.895932e-02;1.336782e-02
8.545220e-03;1.399912e-01;2.221362e-02;2.260078e-02;1.118101e-01;1.514265e-01;3.861098e-02;1.249994e-01;5.625346e-02;1.976479e-01;1.133160e-01;1.258483e-02
1.181187e-02;9.039205e-02;1.416489e-02;2.643629e-02;1.027106e-01;1.993585e-01;5.228561e-02;8.848262e-02;5.980191e-02;1.615853e-01;1.791918e-01;1.377859e-02
1.878127e-02;5.917221e-02;3.842877e-02;2.710602e-02;8.030313e-02;2.533362e-01;5.605460e-02;4.746024e-02;4.307312e-02;1.003872e-01;2.625849e-01;1.331242e-02
3.795135e-02;3.923190e-02;5.593304e-02;2.209419e-02;6.823168e-02;3.134347e-01;4.793049e-02;3.069905e-02;3.967228e-02;4.873583e-02;2.889760e-01;7.109476e-03
4.951475e-02;3.159640e-02;7.342105e-02;1.407693e-02;6.864076e-02;3.778038e-01;3.729692e-02;2.893801e-02;3.337113e-02;3.348072e-02;2.345224e-01;1.733705e-02
4.582942e-02;2.425824e-02;8.769538e-02;1.669143e-02;9.695189e-02;3.768641e-01;3.851135e-02;4.971928e-02;4.265003e-02;3.687298e-02;1.488445e-01;3.511147e-02
2.823020e-02;4.153375e-02;9.313700e-02;2.846506e-02;1.399784e-01;3.109269e-01;7.725874e-02;7.412571e-02;6.399379e-02;3.985882e-02;5.645169e-02;4.603998e-02
2.357596e-02;8.015557e-02;8.772115e-02;2.522350e-02;1.161003e-01;1.926338e-01;9.335105e-02;8.157766e-02;7.121094e-02;9.387697e-02;9.340155e-02;4.117161e-02
4.431682e-02;1.411923e-01;8.851210e-02;3.585822e-02;8.103089e-02;1.260845e-01;6.458192e-02;6.207916e-02;5.944033e-02;1.970635e-01;7.179979e-02;2.804044e-02
3.765982e-02;1.346265e-01;6.160518e-02;2.826649e-02;6.764573e-02;1.357050e-01;3.874633e-02;5.907716e-02;5.388921e-02;2.164368e-01;1.418828e-01;2.445893e-02
3.593802e-02;1.006229e-01;4.988006e-02;2.540623e-02;6.985553e-02;1.211477e-01;4.496628e-02;6.676704e-02;6.531978e-02;2.304647e-01;1.595366e-01;3.009523e-02
3.109997e-02;7.010465e-02;4.866538e-02;3.580171e-02;1.084140e-01;1.139283e-01;5.624468e-02;9.106655e-02;6.045981e-02;2.400504e-01;1.183240e-01;2.584049e-02
2.560990e-02;6.524028e-02;5.361082e-02;3.028238e-02;1.422596e-01;1.447892e-01;7.693644e-02;8.496544e-02;5.757927e-02;2.316407e-01;5.924138e-02;2.784456e-02
3.424846e-02;6.262140e-02;4.606171e-02;3.216757e-02;1.587520e-01;8.873357e-02;9.046736e-02;7.600929e-02;7.134783e-02;2.194465e-01;6.987604e-02;5.026834e-02
5.041010e-02;5.502146e-02;3.124215e-02;3.297331e-02;1.360741e-01;1.548193e-01;4.792926e-02;6.463038e-02;7.890368e-02;1.726670e-01;1.281908e-01;4.713853e-02
4.908046e-02;5.965463e-02;3.898171e-02;2.476969e-02;1.085560e-01;1.830933e-01;4.942547e-02;7.473326e-02;7.946113e-02;1.264912e-01;1.612436e-01;4.450956e-02
3.095472e-02;5.998525e-02;5.546493e-02;3.964170e-02;8.896358e-02;1.747193e-01;6.201549e-02;8.952815e-02;9.120452e-02;1.175462e-01;1.477344e-01;4.224180e-02
1.808834e-02;4.906435e-02;7.023602e-02;5.619016e-02;9.586543e-02;1.775153e-01;4.304212e-02;1.163966e-01;1.249046e-01;1.443928e-01;7.387560e-02;3.042871e-02
2.202190e-02;2.962350e-02;5.468521e-02;4.736644e-02;1.197956e-01;2.109012e-01;6.264897e-02;1.066019e-01;1.370690e-01;1.395699e-01;4.121895e-02;2.849746e-02
2.716290e-02;3.655819e-02;3.867780e-02;4.219359e-02;1.324785e-01;2.795485e-01;4.971512e-02;7.354812e-02;1.060216e-01;1.339684e-01;4.403669e-02;3.609060e-02
3.142539e-02;7.789247e-02;9.167645e-02;2.378287e-02;9.951707e-02;2.504563e-01;4.497428e-02;7.101372e-02;7.312089e-02;1.151219e-01;8.231910e-02;3.869951e-02
3.595107e-02;1.183041e-01;1.128143e-01;2.001707e-02;7.418635e-02;2.330665e-01;6.852878e-02;8.060841e-02;4.567149e-02;9.284086e-02;7.778861e-02;4.022252e-02
4.833327e-02;1.289519e-01;6.330310e-02;2.493588e-02;7.165705e-02;2.419757e-01;1.011468e-01;6.695984e-02;3.435238e-02;9.402429e-02;8.202349e-02;4.233639e-02
5.080801e-02;1.282892e-01;5.315171e-02;2.716555e-02;7.251547e-02;1.985972e-01;1.148084e-01;6.867503e-02;4.290990e-02;7.720867e-02;1.346767e-01;3.119417e-02
4.464075e-02;1.226310e-01;6.098520e-02;2.555699e-02;9.175034e-02;1.590769e-01;1.103284e-01;9.086987e-02;5.273984e-02;4.178960e-02;1.765347e-01;2.309629e-02
3.570724e-02;8.540744e-02;5.629821e-02;3.047802e-02;1.055236e-01;2.015049e-01;9.523043e-02;7.405698e-02;3.561482e-02;5.615805e-02;1.876279e-01;3.639235e-02
3.605158e-02;4.355089e-02;6.749191e-02;3.808959e-02;1.061118e-01;2.267508e-01;7.113864e-02;7.769042e-02;5.023266e-02;1.298708e-01;9.033990e-02;6.268095e-02
5.033486e-02;5.773684e-02;6.954286e-02;3.411057e-02;8.690599e-02;1.459733e-01;9.846877e-02;6.342470e-02;5.969275e-02;1.496648e-01;1.227982e-01;6.134633e-02
4.406803e-02;7.993502e-02;6.176467e-02;3.095602e-02;9.382566e-02;9.152832e-02;1.124690e-01;7.546064e-02;6.480041e-02;1.387664e-01;1.661831e-01;4.024272e-02
2.411993e-02;7.552957e-02;6.551342e-02;2.397317e-02;5.914885e-02;8.625503e-02;1.032679e-01;1.293758e-01;1.252421e-01;1.625609e-01;1.327616e-01;1.225173e-02
1.955517e-02;5.700510e-02;7.023146e-02;3.280378e-02;5.828722e-02;1.671898e-01;9.861127e-02;1.077330e-01;1.720156e-01;1.555235e-01;3.992972e-02;2.111442e-02
1.047546e-02;4.659765e-02;5.292096e-02;3.285180e-02;7.579432e-02;2.089037e-01;9.815107e-02;8.182339e-02;1.499048e-01;1.537319e-01;6.293701e-02;2.590792e-02
2.121991e-02;6.832033e-02;3.848552e-02;2.880051e-02;8.933849e-02;1.886698e-01;8.398950e-02;6.486437e-02;1.197742e-01;1.753846e-01;8.583537e-02;3.531743e-02
3.302360e-02;1.036144e-01;7.814543e-02;3.010565e-02;6.167072e-02;1.778832e-01;6.425981e-02;7.041781e-02;1.245301e-01;1.441682e-01;7.782632e-02;3.435478e-02
3.140121e-02;1.498593e-01;1.276058e-01;2.619833e-02;6.136117e-02;2.122184e-01;7.842513e-02;7.009752e-02;7.465021e-02;9.165098e-02;4.374942e-02;3.278252e-02
2.895668e-02;1.236224e-01;1.149444e-01;3.004319e-02;7.508466e-02;1.558252e-01;1.734003e-01;8.710735e-02;6.382624e-02;5.384776e-02;5.372376e-02;3.961807e-02
2.354400e-02;5.371612e-02;7.880829e-02;3.728774e-02;6.207115e-02;2.177587e-01;2.131165e-01;8.173417e-02;6.550565e-02;3.027324e-02;9.461422e-02;4.157021e-02
1.614538e-02;2.768794e-02;6.376392e-02;5.242041e-02;4.607683e-02;3.321860e-01;1.693619e-01;4.791621e-02;5.674321e-02;3.282897e-02;1.351715e-01;1.969766e-02
1.555888e-02;4.486183e-02;5.432316e-02;8.494224e-02;3.866969e-02;3.452768e-01;1.210279e-01;4.275085e-02;3.980806e-02;6.306620e-02;1.407310e-01;8.983361e-03
9.497833e-03;5.468902e-02;3.793902e-02;1.020325e-01;5.693362e-02;2.862369e-01;8.643087e-02;6.684987e-02;4.494141e-02;1.149521e-01;1.325715e-01;6.925384e-03
6.439040e-03;8.231799e-02;2.710371e-02;9.861966e-02;9.440156e-02;2.091416e-01;5.553760e-02;1.065534e-01;4.792097e-02;1.554041e-01;1.047171e-01;1.184318e-02
9.047253e-03;1.109134e-01;1.835840e-02;8.031134e-02;1.167880e-01;1.792128e-01;3.535058e-02;1.174640e-01;4.899955e-02;1.708094e-01;9.871847e-02;1.402680e-02
1.037259e-02;1.191084e-01;2.773880e-02;6.457838e-02;1.298664e-01;1.640846e-01;4.644437e-02;1.120845e-01;5.391802e-02;1.694623e-01;8.761015e-02;1.473156e-02
1.496574e-02;1.077701e-01;3.644792e-02;6.520769e-02;1.517151e-01;1.579504e-01;5.749349e-02;8.714094e-02;6.328490e-02;1.528588e-01;9.345450e-02;1.171048e-02
1.497361e-02;1.119473e-01;5.202870e-02;6.905621e-02;1.735259e-01;1.472654e-01;7.528133e-02;7.176997e-02;7.439213e-02;1.136229e-01;7.260618e-02;2.353038e-02
3.026320e-02;1.046194e-01;6.905244e-02;8.180839e-02;1.518556e-01;1.541408e-01;7.419214e-02;7.824962e-02;9.393995e-02;6.581736e-02;6.524519e-02;3.081591e-02
3.847055e-02;8.971068e-02;7.904021e-02;5.921751e-02;5.734603e-02;2.341148e-01;6.650884e-02;9.468299e-02;9.391849e-02;4.227844e-02;1.130576e-01;3.165392e-02
3.006535e-02;7.152689e-02;4.737130e-02;3.243801e-02;5.284173e-02;2.510246e-01;5.340329e-02;1.077890e-01;1.193078e-01;5.790487e-02;1.460260e-01;3.030113e-02
2.393586e-02;6.071358e-02;4.431659e-02;4.761130e-02;1.141173e-01;1.789675e-01;6.458738e-02;1.100601e-01;1.042132e-01;7.828258e-02;1.501948e-01;2.299989e-02
2.181567e-02;1.031593e-01;5.804902e-02;7.043368e-02;2.006579e-01;1.142143e-01;5.481439e-02;9.703993e-02;9.842285e-02;8.526879e-02;7.623075e-02;1.989345e-02
3.969172e-02;8.373349e-02;5.609143e-02;6.262129e-02;2.006188e-01;1.355507e-01;7.123420e-02;1.068375e-01;1.077051e-01;8.461701e-02;3.077064e-02;2.052814e-02
4.317023e-02;1.166102e-01;7.911911e-02;3.978929e-02;1.941240e-01;1.416103e-01;6.700497e-02;9.334041e-02;9.451735e-02;7.826833e-02;2.816280e-02;2.428305e-02
1.882518e-02;1.232879e-01;7.902809e-02;3.977360e-02;1.460122e-01;2.172385e-01;5.089588e-02;6.822357e-02;5.750103e-02;1.015928e-01;7.680682e-02;2.081439e-02
2.300604e-02;1.037674e-01;7.404442e-02;4.528486e-02;7.007093e-02;2.389578e-01;6.843381e-02;6.734185e-02;4.945648e-02;1.217990e-01;9.670713e-02;4.113032e-02
2.937121e-02;8.870079e-02;9.920980e-02;3.819184e-02;4.707742e-02;2.451600e-01;9.656004e-02;9.383184e-02;4.996154e-02;1.093057e-01;3.953629e-02;6.309353e-02
2.580636e-02;8.086602e-02;9.914055e-02;4.362225e-02;7.355774e-02;2.047141e-01;6.262389e-02;8.927661e-02;5.728501e-02;1.118285e-01;8.160872e-02;6.967022e-02
2.617384e-02;8.776643e-02;1.164659e-01;5.251921e-02;7.819641e-02;1.962853e-01;4.795388e-02;8.411966e-02;6.802491e-02;1.270826e-01;5.728575e-02;5.812610e-02
3.306484e-02;7.926106e-02;1.279532e-01;5.950752e-02;6.147628e-02;1.533561e-01;7.026196e-02;8.659197e-02;7.575275e-02;7.050062e-02;1.198369e-01;6.243684e-02
3.224298e-02;8.379333e-02;1.173212e-01;5.582762e-02;3.819449e-02;1.494755e-01;1.259802e-01;8.931845e-02;5.648170e-02;4.368725e-02;1.231738e-01;8.450328e-02
2.973544e-02;5.490621e-02;1.053052e-01;4.757332e-02;1.479885e-02;1.986745e-01;1.528859e-01;7.651298e-02;3.338305e-02;3.643451e-02;1.567013e-01;9.308879e-02
2.035013e-02;2.492449e-02;1.041987e-01;3.203593e-02;2.690114e-02;2.727913e-01;1.289675e-01;4.623493e-02;2.190749e-02;3.975099e-02;2.111747e-01;7.076265e-02
1.488397e-02;1.917030e-02;1.340586e-01;2.165311e-02;2.566779e-02;3.567095e-01;9.100136e-02;2.750321e-02;2.513945e-02;4.599966e-02;2.095774e-01;2.863570e-02
1.363185e-02;5.257023e-02;1.385829e-01;2.882479e-02;6.008637e-02;3.483980e-01;6.954262e-02;2.577794e-02;3.212569e-02;5.460114e-02;1.469679e-01;2.889060e-02
1.489092e-02;6.371540e-02;1.329047e-01;3.986945e-02;9.083415e-02;3.193907e-01;5.314196e-02;2.783585e-02;3.051978e-02;4.177237e-02;1.517348e-01;3.338996e-02
1.659321e-02;5.273473e-02;1.715040e-01;2.447930e-02;7.788968e-02;3.303936e-01;5.385929e-02;2.679615e-02;3.300326e-02;2.977392e-02;1.594862e-01;2.348667e-02
1.174099e-02;4.002014e-02;2.268002e-01;1.440385e-02;6.228438e-02;2.684847e-01;7.250555e-02;2.733056e-02;4.271078e-02;2.352671e-02;1.776857e-01;3.250654e-02
1.319948e-02;5.597818e-02;2.511886e-01;2.895951e-02;5.366836e-02;1.365499e-01;1.285113e-01;3.162880e-02;5.280319e-02;2.876606e-02;1.575605e-01;6.118615e-02
1.650412e-02;4.804308e-02;1.359206e-01;5.675071e-02;4.100451e-02;2.374598e-01;1.963378e-01;4.721220e-02;4.092418e-02;2.367837e-02;4.379201e-02;1.123726e-01
1.902934e-02;5.492287e-02;4.644592e-02;5.956367e-02;4.826224e-02;1.690194e-01;2.157210e-01;3.467741e-02;3.502380e-02;1.622652e-02;1.584719e-01;1.426358e-01
2.887015e-02;6.385286e-02;5.465174e-02;5.825272e-02;4.912963e-02;1.073946e-01;2.099906e-01;6.342008e-02;4.845068e-02;4.074929e-02;1.151604e-01;1.600772e-01
2.808408e-02;4.747786e-02;8.598366e-02;4.260293e-02;5.719830e-02;1.258581e-01;1.797471e-01;6.734239e-02;5.254437e-02;4.944067e-02;8.061254e-02;1.831081e-01
2.102072e-02;6.728084e-02;1.273600e-01;4.126028e-02;7.466220e-02;1.615801e-01;1.247984e-01;5.419174e-02;5.132607e-02;4.720900e-02;8.554355e-02;1.437671e-01
2.838033e-02;9.888463e-02;1.515585e-01;3.590594e-02;9.671566e-02;1.449104e-01;8.398234e-02;8.367357e-02;6.144664e-02;6.309990e-02;7.455692e-02;7.688515e-02
4.028788e-02;7.852335e-02;1.478324e-01;4.278400e-02;8.889297e-02;7.801014e-02;8.706666e-02;9.162581e-02;7.553395e-02;8.023288e-02;1.463653e-01;4.284478e-02
2.942871e-02;5.071993e-02;1.292668e-01;2.331147e-02;5.333963e-02;1.576005e-01;1.036570e-01;8.168102e-02;8.873942e-02;9.010699e-02;1.596497e-01;3.249887e-02
2.131154e-02;6.174362e-02;1.422449e-01;1.210739e-02;3.580696e-02;2.746189e-01;7.285400e-02;6.251183e-02;7.790489e-02;7.361479e-02;1.449176e-01;2.036349e-02
2.660057e-02;7.048226e-02;1.384048e-01;1.915752e-02;3.984148e-02;3.394071e-01;3.547228e-02;6.300353e-02;7.072818e-02;4.674411e-02;1.135250e-01;3.663318e-02
3.102725e-02;6.779855e-02;1.047790e-01;3.157251e-02;5.732062e-02;3.663505e-01;7.068214e-02;5.116886e-02;6.565061e-02;3.681137e-02;7.942536e-02;3.741318e-02
2.653463e-02;3.613764e-02;1.023755e-01;4.053373e-02;6.174342e-02;3.969291e-01;6.926663e-02;6.086903e-02;7.021921e-02;3.352756e-02;7.903519e-02;2.282828e-02
2.542742e-02;9.050413e-02;1.408930e-01;3.335190e-02;5.267379e-02;3.890539e-01;6.249787e-02;6.977259e-02;6.308141e-02;1.658003e-02;4.301298e-02;1.315097e-02
3.135170e-02;6.603393e-02;1.567427e-01;4.124861e-02;6.158063e-02;3.514345e-01;5.390128e-02;8.459883e-02;5.655610e-02;2.696979e-02;4.560283e-02;2.397910e-02
2.732173e-02;9.378919e-02;1.676573e-01;8.608373e-02;6.025639e-02;2.613386e-01;3.810847e-02;5.755478e-02;7.394373e-02;3.828420e-02;8.020508e-02;1.545688e-02
5.946836e-02;8.123601e-02;1.267160e-01;1.267482e-01;1.053897e-01;1.550575e-01;4.846135e-02;7.148748e-02;9.286644e-02;5.463040e-02;4.557709e-02;3.236147e-02
5.872959e-02;4.895909e-02;1.104728e-01;1.364794e-01;1.315358e-01;1.304665e-01;4.549948e-02;1.234925e-01;9.945933e-02;5.082380e-02;2.285635e-02;4.122527e-02
3.432800e-02;5.070643e-02;1.200573e-01;8.696626e-02;1.229821e-01;1.188221e-01;8.160496e-02;2.039905e-01;7.646886e-02;2.780795e-02;3.302905e-02;4.323644e-02
1.584550e-02;7.788145e-02;8.506638e-02;2.123095e-02;1.066106e-01;1.239540e-01;2.146530e-01;2.081590e-01;3.776871e-02;1.656640e-02;6.046742e-02;3.179668e-02
8.902306e-03;9.712151e-02;3.429119e-02;2.713797e-02;7.852586e-02;1.067440e-01;3.327075e-01;1.484454e-01;4.249058e-02;3.500833e-02;6.366610e-02;2.495920e-02
1.685503e-02;9.221771e-02;2.438555e-02;7.137699e-02;3.341488e-02;1.727432e-01;3.489462e-01;7.013647e-02;4.472474e-02;5.203458e-02;5.543997e-02;1.772469e-02
2.089543e-02;7.123780e-02;1.596885e-02;1.371012e-01;3.368618e-02;2.527517e-01;2.665173e-01;6.903204e-02;2.980102e-02;4.614152e-02;4.741536e-02;9.451589e-03
2.527322e-02;6.139272e-02;3.198909e-02;2.022882e-01;2.211197e-02;2.667954e-01;2.301068e-01;7.151059e-02;2.201205e-02;1.890183e-02;4.088559e-02;6.732476e-03
7.735818e-02;7.361315e-02;7.227129e-02;1.754522e-01;1.860568e-02;2.488067e-01;1.752574e-01;5.207168e-02;2.244900e-02;5.186850e-02;1.961180e-02;1.263440e-02
1.372143e-01;8.715218e-02;6.877649e-02;1.214754e-01;2.335089e-02;2.476547e-01;1.325623e-01;3.636041e-02;2.069500e-02;7.469009e-02;2.319216e-02;2.687604e-02
1.209059e-01;6.996945e-02;5.340765e-02;8.083519e-02;3.585208e-02;3.024209e-01;8.884130e-02;5.487617e-02;2.817367e-02;9.481007e-02;3.431292e-02;3.559468e-02
6.207725e-02;4.174487e-02;3.978155e-02;7.530090e-02;3.954651e-02;3.803105e-01;8.222267e-02;8.166668e-02;4.959897e-02;1.099838e-01;1.776347e-02;2.000276e-02
5.229272e-02;3.177844e-02;3.770730e-02;6.747959e-02;4.181432e-02;4.229955e-01;1.004898e-01;7.031842e-02;5.228301e-02;1.062561e-01;1.025028e-02;6.334593e-03
6.061181e-02;3.611700e-02;2.640142e-02;3.981881e-02;4.803526e-02;3.906439e-01;8.988818e-02;1.176128e-01;6.248704e-02;9.389063e-02;2.915925e-02;5.333839e-03
7.721507e-02;6.084983e-02;4.771089e-02;3.760231e-02;2.201578e-02;3.895323e-01;9.082565e-02;1.039023e-01;3.741055e-02;8.238678e-02;4.373000e-02;6.818500e-03
6.763230e-02;7.569813e-02;4.241069e-02;3.067587e-02;4.893008e-02;3.707441e-01;1.151368e-01;1.024562e-01;5.078193e-02;5.261881e-02;3.205116e-02;1.086397e-02
5.533638e-02;1.070968e-01;4.824847e-02;3.359510e-02;7.682794e-02;3.787695e-01;1.194135e-01;6.385183e-02;4.494599e-02;2.449559e-02;3.662262e-02;1.079618e-02
2.348650e-02;1.316973e-01;4.770973e-02;3.307865e-02;8.617505e-02;3.298286e-01;7.841516e-02;1.446566e-01;5.633391e-02;1.019464e-02;4.185306e-02;1.657082e-02
5.042921e-02;1.143068e-01;6.763045e-02;4.188325e-02;6.768771e-02;3.023629e-01;4.394511e-02;1.876929e-01;3.835016e-02;1.293282e-02;4.982109e-02;2.295755e-02
6.397854e-02;6.415670e-02;7.720070e-02;5.223945e-02;4.330514e-02;2.729838e-01;4.542448e-02;1.980216e-01;5.313727e-02;3.710125e-02;6.278107e-02;2.966998e-02
4.218329e-02;6.095402e-02;7.590909e-02;4.645231e-02;3.537570e-02;2.696965e-01;9.705784e-02;1.653309e-01;7.360007e-02;4.618868e-02;4.813426e-02;3.911741e-02
2.982789e-02;9.416863e-02;7.165787e-02;6.421042e-02;3.033806e-02;3.002159e-01;1.091202e-01;1.171690e-01;4.402404e-02;6.273145e-02;3.903075e-02;3.750575e-02
3.979289e-02;7.135540e-02;4.666331e-02;9.310834e-02;4.659130e-02;3.392286e-01;1.298055e-01;8.688989e-02;2.954048e-02;6.752191e-02;2.873064e-02;2.077174e-02
6.148827e-02;5.121439e-02;5.584433e-02;8.111054e-02;6.611581e-02;3.249375e-01;1.195055e-01;1.122990e-01;4.199588e-02;5.810509e-02;1.530731e-02;1.207624e-02
6.468194e-02;6.071946e-02;5.412373e-02;1.077582e-01;5.077308e-02;3.243811e-01;8.051797e-02;1.126884e-01;5.149891e-02;5.190280e-02;1.880524e-02;2.214918e-02
3.638144e-02;4.784399e-02;4.208482e-02;1.245269e-01;4.647834e-02;3.597439e-01;8.964774e-02;1.406550e-01;2.687453e-02;4.550629e-02;2.448835e-02;1.576876e-02
2.434386e-02;3.930997e-02;3.929918e-02;1.023674e-01;3.019976e-02;3.604157e-01;9.650853e-02;1.637050e-01;4.426790e-02;4.246022e-02;3.675361e-02;2.036892e-02
4.504205e-02;4.229122e-02;5.064767e-02;8.361713e-02;2.880516e-02;3.784892e-01;6.629075e-02;1.643900e-01;6.212616e-02;3.267457e-02;1.973913e-02;2.588708e-02
4.495603e-02;9.066863e-02;6.456985e-02;6.317322e-02;3.226141e-02;3.929321e-01;7.424070e-02;1.090449e-01;3.879372e-02;2.687584e-02;5.394592e-02;8.537741e-03
3.284144e-02;1.060250e-01;8.223414e-02;2.885612e-02;3.686664e-02;3.759199e-01;6.525530e-02;8.579522e-02;4.845623e-02;4.309053e-02;7.592539e-02;1.873411e-02
4.014653e-02;7.984605e-02;8.573144e-02;2.956848e-02;3.942208e-02;4.109264e-01;6.157134e-02;1.339670e-01;3.428413e-02;4.083113e-02;2.503779e-02;1.866767e-02
4.172152e-02;6.187657e-02;5.162626e-02;5.382663e-02;3.019690e-02;3.697340e-01;8.677737e-02;1.470074e-01;4.564670e-02;4.163529e-02;3.996386e-02;2.998744e-02
3.856551e-02;8.892239e-02;4.985082e-02;9.179517e-02;3.280723e-02;3.756568e-01;8.160628e-02;1.040051e-01;4.981666e-02;2.585229e-02;3.295096e-02;2.817071e-02
2.285210e-02;1.008608e-01;4.503594e-02;1.119528e-01;4.124808e-02;4.078685e-01;7.729797e-02;8.553275e-02;4.479838e-02;1.776138e-02;3.399798e-02;1.079335e-02
1.768740e-02;8.607496e-02;5.479624e-02;7.834491e-02;4.486210e-02;3.517948e-01;1.548614e-01;1.196083e-01;3.276666e-02;2.066237e-02;1.928399e-02;1.925687e-02
2.677560e-02;8.372283e-02;4.718345e-02;6.960786e-02;3.972540e-02;3.434196e-01;1.266229e-01;1.437366e-01;4.451948e-02;2.544207e-02;2.183454e-02;2.740957e-02
2.475231e-02;4.919747e-02;5.910942e-02;8.562008e-02;5.137959e-02;3.373525e-01;1.278800e-01;1.206627e-01;4.314118e-02;2.876548e-02;4.020463e-02;3.193466e-02
2.191253e-02;3.030180e-02;4.482539e-02;7.011985e-02;3.446289e-02;2.977077e-01;2.434864e-01;9.798602e-02;6.532998e-02;4.032950e-02;3.068304e-02;2.285486e-02
4.067828e-02;5.941770e-02;4.613516e-02;4.214753e-02;2.292384e-02;3.497750e-01;2.182913e-01;1.160558e-01;4.919568e-02;3.891452e-02;7.304828e-03;9.160339e-03
3.259752e-02;6.192618e-02;4.520531e-02;3.828521e-02;2.677558e-02;3.968528e-01;1.011063e-01;1.378620e-01;4.582202e-02;4.642161e-02;4.943319e-02;1.771225e-02
4.177279e-02;6.847879e-02;5.538942e-02;3.698351e-02;4.442657e-02;3.475065e-01;7.193175e-02;1.413009e-01;6.847417e-02;3.410857e-02;7.402138e-02;1.560566e-02
4.396872e-02;7.924329e-02;8.418301e-02;5.331681e-02;5.462646e-02;3.004838e-01;1.106587e-01;9.280644e-02;6.831958e-02;2.579089e-02;6.172669e-02;2.487565e-02
2.479055e-02;6.346001e-02;7.741071e-02;6.331006e-02;5.634849e-02;3.146094e-01;1.216241e-01;1.148985e-01;5.781164e-02;5.028770e-02;3.226314e-02;2.318565e-02
2.476972e-02;5.069872e-02;8.085568e-02;2.870222e-02;4.680042e-02;3.143477e-01;1.098098e-01;1.718053e-01;6.045093e-02;4.834583e-02;2.728861e-02;3.612499e-02
3.132490e-02;1.029409e-01;8.991603e-02;4.709248e-02;3.392070e-02;3.142319e-01;5.990362e-02;1.571260e-01;5.393427e-02;4.416158e-02;3.068172e-02;3.476584e-02
