1.380810e-01;7.147991e-02;3.071391e-01;2.054752e-02;4.879902e-02;2.272325e-02;1.800902e-01;4.507013e-02;4.100816e-02;3.853583e-02;6.461196e-02;2.191393e-02
1.434444e-01;6.944068e-02;3.281609e-01;2.478392e-02;4.429051e-02;1.923506e-02;1.527008e-01;3.846560e-02;4.101970e-02;4.701352e-02;6.808499e-02;2.335997e-02
1.175332e-01;8.421536e-02;3.493633e-01;3.050575e-02;3.238269e-02;2.643499e-02;1.217408e-01;5.065795e-02;4.959830e-02;5.633426e-02;6.147267e-02;1.976076e-02
7.983065e-02;1.056256e-01;4.073341e-01;4.514971e-02;3.585558e-02;3.409654e-02;8.456473e-02;5.126653e-02;5.917588e-02;4.772141e-02;3.564887e-02;1.373048e-02
4.972966e-02;1.123132e-01;4.671335e-01;5.875178e-02;3.061975e-02;4.748942e-02;4.917939e-02;3.910630e-02;7.378431e-02;3.818667e-02;1.947462e-02;1.423143e-02
3.679022e-02;1.201822e-01;5.195718e-01;6.067050e-02;2.782421e-02;5.723203e-02;1.913237e-02;2.630258e-02;7.625442e-02;2.974775e-02;1.051576e-02;1.577607e-02
5.233443e-02;1.160646e-01;5.288129e-01;5.759778e-02;2.366404e-02;5.181255e-02;2.577131e-02;2.891550e-02;6.535470e-02;2.620785e-02;1.093659e-02;1.252764e-02
5.960559e-02;1.168888e-01;5.176908e-01;5.300053e-02;2.081417e-02;4.130832e-02;4.095212e-02;3.926151e-02;5.634975e-02;3.055731e-02;1.252956e-02;1.104150e-02
6.537975e-02;1.183759e-01;4.962088e-01;4.608667e-02;2.219300e-02;3.317329e-02;5.731346e-02;4.198826e-02;4.539190e-02;3.745518e-02;1.912450e-02;1.730921e-02
6.512097e-02;1.253826e-01;5.039791e-01;4.920546e-02;2.168674e-02;4.727041e-02;3.210513e-02;3.538454e-02;5.221848e-02;3.003307e-02;1.558614e-02;2.202739e-02
5.677830e-02;1.203231e-01;5.335076e-01;5.286951e-02;2.063861e-02;5.734335e-02;2.356811e-02;2.467822e-02;4.992488e-02;2.500837e-02;1.262425e-02;2.273564e-02
4.855190e-02;1.119652e-01;5.705429e-01;4.817342e-02;2.257171e-02;5.916372e-02;1.597167e-02;2.097226e-02;3.756579e-02;2.507696e-02;1.575701e-02;2.368755e-02
4.858170e-02;1.094635e-01;5.840226e-01;4.618491e-02;1.913382e-02;5.609456e-02;1.729699e-02;1.811388e-02;4.196591e-02;2.404603e-02;1.141206e-02;2.368399e-02
4.912186e-02;1.125635e-01;5.814852e-01;5.512170e-02;1.997658e-02;5.961424e-02;1.508071e-02;1.341559e-02;4.864000e-02;1.797010e-02;9.336109e-03;1.767451e-02
4.155370e-02;1.104499e-01;5.803081e-01;5.788609e-02;2.257103e-02;6.200601e-02;1.490940e-02;1.444698e-02;5.284819e-02;1.945238e-02;1.006841e-02;1.349976e-02
4.270336e-02;1.005402e-01;6.067606e-01;5.384824e-02;2.204419e-02;6.368496e-02;1.054162e-02;1.501672e-02;4.253934e-02;1.709480e-02;7.536818e-03;1.768929e-02
3.712866e-02;9.354008e-02;6.210070e-01;5.237323e-02;2.210452e-02;6.134011e-02;1.263412e-02;1.547891e-02;3.620138e-02;1.916432e-02;1.068439e-02;1.834325e-02
3.488867e-02;9.692214e-02;6.259184e-01;5.229448e-02;1.881170e-02;5.398905e-02;1.959570e-02;1.360100e-02;4.095259e-02;1.976207e-02;1.028016e-02;1.298392e-02
4.130960e-02;9.330279e-02;6.130940e-01;4.678717e-02;2.135080e-02;5.236621e-02;1.433005e-02;1.863644e-02;4.604622e-02;1.970124e-02;1.366274e-02;1.941282e-02
4.210559e-02;9.541710e-02;6.083738e-01;4.758983e-02;1.815062e-02;5.191119e-02;2.026854e-02;1.688572e-02;4.904132e-02;1.872288e-02;1.177041e-02;1.976296e-02
3.328222e-02;9.744588e-02;6.220067e-01;5.219183e-02;2.191435e-02;4.703051e-02;1.437564e-02;1.263577e-02;5.450771e-02;2.011373e-02;9.981129e-03;1.451461e-02
3.508095e-02;8.502876e-02;6.281065e-01;5.541971e-02;2.555439e-02;4.114166e-02;1.817248e-02;1.665175e-02;5.354613e-02;2.231137e-02;1.086856e-02;8.117740e-03
3.693691e-02;7.234223e-02;6.317912e-01;5.410203e-02;2.482669e-02;3.886266e-02;2.560065e-02;2.180142e-02;4.805615e-02;2.268656e-02;1.421359e-02;8.779915e-03
3.558172e-02;7.587042e-02;6.113409e-01;4.571293e-02;2.799048e-02;3.446652e-02;3.914559e-02;3.122479e-02;3.676970e-02;3.200934e-02;1.665853e-02;1.322906e-02
4.511813e-02;7.113869e-02;5.668461e-01;3.934555e-02;3.078981e-02;2.700895e-02;7.827585e-02;3.268305e-02;2.221359e-02;3.983625e-02;2.953894e-02;1.720506e-02
5.566347e-02;5.630827e-02;5.152512e-01;4.154918e-02;3.107795e-02;2.648376e-02;1.020142e-01;3.056577e-02;3.606823e-02;3.858994e-02;4.351915e-02;2.290884e-02
4.280670e-02;4.160640e-02;5.040264e-01;4.905498e-02;3.630661e-02;2.762568e-02;9.929648e-02;4.241902e-02;6.503846e-02;3.590212e-02;3.079575e-02;2.512144e-02
2.893256e-02;3.544410e-02;5.064182e-01;4.902558e-02;3.984534e-02;2.553367e-02;1.201456e-01;3.122386e-02;7.060009e-02;4.531648e-02;2.877680e-02;1.873772e-02
3.066365e-02;3.717814e-02;5.244460e-01;5.055698e-02;4.514103e-02;2.693617e-02;1.063781e-01;3.053096e-02;4.912773e-02;4.360392e-02;4.061228e-02;1.482502e-02
3.565665e-02;4.925891e-02;5.539659e-01;5.849569e-02;4.064917e-02;2.251091e-02;5.943333e-02;2.481545e-02;5.183147e-02;4.499781e-02;3.801194e-02;2.037278e-02
4.569756e-02;5.820767e-02;5.311558e-01;5.370216e-02;4.146288e-02;2.817409e-02;3.586861e-02;2.435779e-02;5.967743e-02;5.387749e-02;3.211485e-02;3.570363e-02
4.927336e-02;4.108601e-02;4.966002e-01;5.753326e-02;3.552218e-02;3.720849e-02;4.560642e-02;3.632356e-02;5.122587e-02;5.779426e-02;4.910516e-02;4.272129e-02
3.504569e-02;2.395106e-02;4.640143e-01;5.333086e-02;4.056211e-02;4.134730e-02;4.276136e-02;4.913640e-02;5.201380e-02;6.865487e-02;8.626375e-02;4.291849e-02
3.828835e-02;3.164162e-02;3.863771e-01;5.113083e-02;4.210738e-02;4.916045e-02;5.691799e-02;6.574097e-02;8.246315e-02;6.017269e-02;8.258809e-02;5.341135e-02
4.864923e-02;4.104244e-02;3.433029e-01;6.058595e-02;3.008492e-02;5.221583e-02;4.702267e-02;6.052487e-02;1.000055e-01;4.144743e-02;1.126006e-01;6.251765e-02
3.927512e-02;5.749957e-02;3.348050e-01;6.393540e-02;5.218560e-02;4.172877e-02;8.321434e-02;6.153187e-02;7.251273e-02;4.683642e-02;9.442055e-02;5.205461e-02
3.556198e-02;5.194235e-02;3.450925e-01;5.981724e-02;8.155262e-02;5.838571e-02;7.945467e-02;4.711908e-02;6.943004e-02;5.930310e-02;4.521594e-02;6.712485e-02
3.281223e-02;5.418115e-02;2.664289e-01;6.384442e-02;9.559857e-02;5.341262e-02;6.032291e-02;4.399992e-02;9.437510e-02;5.480914e-02;1.162383e-01;6.397682e-02
4.044772e-02;6.081932e-02;2.050839e-01;7.171136e-02;8.694007e-02;4.298015e-02;5.170238e-02;8.616001e-02;9.810697e-02;7.254003e-02;1.400731e-01;4.343504e-02
8.802876e-02;5.604976e-02;1.664833e-01;5.768912e-02;7.725444e-02;2.631375e-02;7.159494e-02;1.322930e-01;7.797617e-02;6.724177e-02;1.189542e-01;6.012077e-02
1.015710e-01;6.706489e-02;1.453590e-01;4.616852e-02;8.392722e-02;3.584176e-02;9.511447e-02;1.313993e-01;8.738843e-02;6.412220e-02;8.275245e-02;5.929078e-02
9.893160e-02;6.158629e-02;1.637164e-01;3.253565e-02;9.712390e-02;3.654525e-02;1.290534e-01;1.024173e-01;1.021372e-01;5.834953e-02;5.760197e-02;6.000159e-02
1.274951e-01;1.017153e-01;1.487193e-01;4.423828e-02;9.155042e-02;4.536126e-02;1.033722e-01;4.714130e-02;1.034729e-01;6.050323e-02;7.011057e-02;5.632006e-02
1.403076e-01;1.164159e-01;1.508879e-01;5.886677e-02;7.533831e-02;4.533196e-02;9.952389e-02;4.543535e-02;7.666693e-02;5.448066e-02;6.255091e-02;7.419375e-02
1.498615e-01;1.096711e-01;1.521630e-01;5.688709e-02;7.061923e-02;5.249036e-02;1.119847e-01;5.353452e-02;5.886791e-02;5.170753e-02;5.667595e-02;7.553722e-02
1.625177e-01;9.402053e-02;1.592466e-01;5.178707e-02;6.782962e-02;6.203857e-02;1.241382e-01;6.548443e-02;4.267465e-02;5.489027e-02;4.085139e-02;7.452086e-02
1.059632e-01;9.973599e-02;1.600897e-01;4.778818e-02;6.861421e-02;3.768858e-02;1.033846e-01;1.007285e-01;5.345194e-02;6.933685e-02;6.392802e-02;8.929015e-02
4.815994e-02;1.096888e-01;1.512793e-01;8.212119e-02;6.333111e-02;6.059959e-02;7.043459e-02;7.010331e-02;4.597493e-02;8.036761e-02;9.845275e-02;1.194869e-01
1.501595e-01;1.219990e-01;1.337616e-01;5.369353e-02;4.965814e-02;4.720584e-02;9.585713e-02;3.648257e-02;4.489911e-02;6.232874e-02;9.271426e-02;1.112406e-01
1.708591e-01;1.119441e-01;1.340760e-01;4.707810e-02;4.364361e-02;4.425395e-02;1.030289e-01;4.403082e-02;5.178990e-02;6.315112e-02;1.129147e-01;7.322975e-02
1.745528e-01;9.303250e-02;1.469733e-01;4.391381e-02;3.767136e-02;3.942241e-02;1.010572e-01;3.994149e-02;7.537255e-02;6.756376e-02;1.472890e-01;3.320977e-02
1.305626e-01;4.574868e-02;1.482878e-01;5.032789e-02;3.234460e-02;4.039629e-02;1.131898e-01;2.671216e-02;8.994305e-02;6.127928e-02;1.775227e-01;8.368506e-02
1.603291e-01;8.491318e-02;1.554739e-01;4.744837e-02;3.721004e-02;4.204055e-02;2.033471e-01;3.820078e-02;4.207319e-02;6.911729e-02;6.534725e-02;5.449926e-02
1.921787e-01;1.009160e-01;1.914138e-01;4.958377e-02;5.110861e-02;3.499995e-02;1.681412e-01;3.693999e-02;4.289966e-02;3.595211e-02;3.964419e-02;5.622200e-02
1.652787e-01;1.371969e-01;2.202531e-01;5.336492e-02;7.121375e-02;3.696308e-02;1.404449e-01;3.079327e-02;3.272190e-02;4.254205e-02;4.518215e-02;2.404518e-02
1.095612e-01;1.505329e-01;1.822137e-01;6.619320e-02;7.154644e-02;5.142377e-02;1.698976e-01;2.713167e-02;4.078118e-02;5.635805e-02;4.693820e-02;2.742204e-02
5.382310e-02;1.325025e-01;2.074837e-01;6.157449e-02;5.216941e-02;6.420375e-02;1.624425e-01;6.883409e-02;7.086169e-02;5.261637e-02;4.483509e-02;2.865334e-02
1.213238e-01;9.751427e-02;2.174366e-01;5.073684e-02;5.998872e-02;5.450049e-02;1.078646e-01;8.291861e-02;7.063820e-02;4.410557e-02;5.984661e-02;3.312567e-02
1.388434e-01;5.657339e-02;2.136401e-01;4.610630e-02;6.593868e-02;4.498570e-02;9.858917e-02;7.815363e-02;6.060727e-02;6.827495e-02;8.081329e-02;4.747401e-02
1.016368e-01;1.013516e-01;1.654487e-01;5.457069e-02;7.562483e-02;4.496142e-02;8.451005e-02;7.527698e-02;6.622973e-02;1.101230e-01;7.377543e-02;4.649090e-02
6.985801e-02;1.214994e-01;9.846354e-02;5.069005e-02;6.340718e-02;6.660946e-02;8.713406e-02;6.298977e-02;6.035420e-02;1.217994e-01;1.215553e-01;7.563949e-02
1.170661e-01;1.258017e-01;4.192069e-02;4.267734e-02;6.584154e-02;7.817469e-02;8.105137e-02;6.193660e-02;4.041799e-02;1.111839e-01;1.317225e-01;1.022056e-01
1.090140e-01;1.198159e-01;7.137084e-02;2.936176e-02;6.068980e-02;6.814740e-02;1.484088e-01;6.284214e-02;4.153552e-02;8.404983e-02;1.177086e-01;8.705541e-02
7.221778e-02;1.360573e-01;1.175115e-01;3.180707e-02;6.492119e-02;6.037202e-02;1.858603e-01;5.472715e-02;3.266149e-02;8.075789e-02;8.545841e-02;7.764784e-02
8.900747e-02;1.402311e-01;2.225836e-01;4.163153e-02;5.050007e-02;5.556211e-02;1.262665e-01;6.277461e-02;4.593838e-02;7.308359e-02;4.412920e-02;4.829179e-02
7.483145e-02;1.466710e-01;2.019598e-01;5.667062e-02;6.376015e-02;4.459321e-02;1.271309e-01;7.059644e-02;5.639617e-02;6.924561e-02;4.221631e-02;4.592837e-02
1.493969e-01;1.397799e-01;1.544400e-01;4.658466e-02;3.945745e-02;3.338939e-02;1.752220e-01;4.688042e-02;3.120544e-02;5.630092e-02;6.391021e-02;6.343278e-02
1.450355e-01;1.460288e-01;1.230104e-01;2.876571e-02;3.347095e-02;4.940127e-02;1.799145e-01;4.119481e-02;2.259263e-02;6.565972e-02;8.333235e-02;8.159346e-02
9.907982e-02;1.548770e-01;1.492476e-01;2.231881e-02;4.559727e-02;6.544279e-02;1.535123e-01;3.166100e-02;2.320868e-02;7.156134e-02;1.035498e-01;7.994350e-02
8.893146e-02;1.278235e-01;2.555446e-01;3.293252e-02;6.315764e-02;6.639867e-02;1.018737e-01;2.790245e-02;2.137023e-02;5.210424e-02;1.019248e-01;6.003622e-02
8.365016e-02;1.157090e-01;2.817606e-01;4.191113e-02;6.625460e-02;6.826065e-02;9.660319e-02;3.226627e-02;3.839587e-02;4.771012e-02;8.550518e-02;4.197322e-02
5.869628e-02;1.086303e-01;2.729520e-01;5.418356e-02;6.870096e-02;6.558705e-02;1.477797e-01;2.926715e-02;5.253949e-02;4.180000e-02;6.912011e-02;3.074327e-02
3.033690e-02;8.261546e-02;2.520085e-01;5.650589e-02;8.379397e-02;6.169771e-02;2.053054e-01;3.391958e-02;5.623057e-02;4.607715e-02;5.816130e-02;3.334757e-02
3.692869e-02;4.309916e-02;2.066560e-01;5.060026e-02;9.655978e-02;6.474325e-02;2.577659e-01;4.385912e-02;5.175830e-02;4.005458e-02;5.637418e-02;5.160083e-02
4.292750e-02;3.264870e-02;1.831391e-01;3.579112e-02;1.023843e-01;7.536305e-02;2.720931e-01;3.405514e-02;5.482247e-02;4.734935e-02;7.526523e-02;4.416093e-02
3.880294e-02;3.761177e-02;1.744155e-01;2.625296e-02;1.026514e-01;7.902784e-02;2.646124e-01;3.942418e-02;5.015065e-02;6.030779e-02;9.136338e-02;3.537920e-02
3.550707e-02;3.218645e-02;1.682365e-01;2.041710e-02;7.940385e-02;7.844125e-02;3.220640e-01;5.450995e-02;4.186559e-02;4.879628e-02;8.079240e-02;3.777957e-02
4.426378e-02;3.297720e-02;1.010546e-01;2.239971e-02;8.572839e-02;9.061252e-02;3.636381e-01;6.408373e-02;3.816731e-02;4.811348e-02;7.801856e-02;3.094259e-02
6.143562e-02;3.721558e-02;1.359462e-01;2.442583e-02;1.040800e-01;9.345146e-02;3.041968e-01;5.159764e-02;3.440273e-02;4.988699e-02;7.884092e-02;2.452027e-02
3.942246e-02;3.580684e-02;1.941238e-01;3.531465e-02;1.135978e-01;8.872797e-02;2.644571e-01;3.425821e-02;3.217302e-02;5.408297e-02;7.897255e-02;2.906255e-02
3.956277e-02;3.317557e-02;1.571009e-01;3.969865e-02;9.246444e-02;9.116816e-02;3.044487e-01;3.050827e-02;2.966268e-02;4.389162e-02;8.975724e-02;4.856093e-02
3.439130e-02;4.182435e-02;1.069726e-01;4.032850e-02;9.895102e-02;8.304661e-02;3.081571e-01;3.849129e-02;4.812403e-02;5.977997e-02;8.999312e-02;4.994019e-02
6.952168e-02;8.210301e-02;1.466707e-01;4.539111e-02;9.971849e-02;6.371760e-02;1.494232e-01;5.138303e-02;8.917639e-02;8.036304e-02;6.171543e-02;6.081627e-02
1.113785e-01;1.034224e-01;1.676142e-01;4.804528e-02;7.818615e-02;4.479231e-02;1.356044e-01;4.772333e-02;9.105215e-02;7.250064e-02;3.843550e-02;6.124513e-02
1.400272e-01;1.191958e-01;2.591827e-01;4.263059e-02;5.335581e-02;2.654971e-02;1.108612e-01;3.729754e-02;6.856157e-02;6.169809e-02;3.103362e-02;4.960603e-02
1.087485e-01;1.203986e-01;2.753502e-01;3.440758e-02;4.530958e-02;2.793285e-02;1.028358e-01;6.107685e-02;5.566810e-02;8.408458e-02;4.856202e-02;3.562534e-02
9.539581e-02;1.218707e-01;2.170747e-01;3.312600e-02;5.582143e-02;3.195468e-02;1.053616e-01;5.972962e-02;6.493244e-02;1.138291e-01;5.807120e-02;4.283273e-02
9.088333e-02;1.201396e-01;1.620881e-01;3.357892e-02;7.373758e-02;3.402436e-02;9.827338e-02;4.896259e-02;6.943437e-02;1.567930e-01;7.071198e-02;4.137282e-02
7.389274e-02;8.073104e-02;2.079146e-01;7.146326e-02;8.092982e-02;2.771791e-02;4.007108e-02;6.327700e-02;6.170820e-02;1.878192e-01;7.244267e-02;3.203255e-02
4.373292e-02;4.586004e-02;2.141720e-01;1.089363e-01;8.137786e-02;2.657076e-02;5.208787e-02;6.670319e-02;8.050177e-02;1.918824e-01;7.137887e-02;1.679600e-02
3.035151e-02;2.637192e-02;2.512691e-01;1.122758e-01;9.376893e-02;3.975805e-02;4.772131e-02;4.556777e-02;8.427669e-02;1.835693e-01;6.856782e-02;1.650182e-02
4.025618e-02;3.263070e-02;3.133689e-01;7.859106e-02;9.685551e-02;5.137654e-02;5.161017e-02;3.257120e-02;6.037043e-02;1.551882e-01;7.170742e-02;1.547367e-02
6.233294e-02;4.433456e-02;3.730778e-01;6.455667e-02;8.766127e-02;4.016762e-02;5.323988e-02;3.634469e-02;4.156194e-02;1.178482e-01;5.963213e-02;1.924224e-02
7.762823e-02;5.318753e-02;3.758659e-01;5.927257e-02;8.468276e-02;3.419880e-02;6.135605e-02;4.214809e-02;3.385803e-02;1.027792e-01;4.002628e-02;3.499660e-02
8.067398e-02;5.851284e-02;2.748919e-01;5.162282e-02;9.680973e-02;4.198498e-02;4.386836e-02;5.144266e-02;7.177676e-02;1.188154e-01;5.467267e-02;5.492788e-02
5.813944e-02;4.305715e-02;7.503954e-02;5.012687e-02;1.437319e-01;6.768791e-02;9.924856e-02;6.326278e-02;1.251832e-01;1.284022e-01;7.955366e-02;6.656694e-02
4.722426e-02;3.869256e-02;2.642915e-01;4.822568e-02;1.327657e-01;7.299540e-02;7.841057e-02;4.647158e-02;9.161367e-02;7.800969e-02;6.597479e-02;3.532464e-02
7.252668e-02;5.681359e-02;2.697769e-01;5.886712e-02;1.158702e-01;7.051892e-02;8.563587e-02;4.573778e-02;5.267759e-02;5.821951e-02;6.478064e-02;4.857520e-02
9.954059e-02;5.748164e-02;1.917069e-01;7.325175e-02;1.041108e-01;8.136046e-02;9.290301e-02;6.493095e-02;6.160763e-02;5.086063e-02;6.926934e-02;5.297634e-02
7.083378e-02;4.613593e-02;2.346622e-01;7.709770e-02;1.099246e-01;9.342152e-02;7.887124e-02;5.291977e-02;8.831893e-02;5.850869e-02;5.778975e-02;3.151587e-02
4.238462e-02;4.639373e-02;2.985219e-01;6.992451e-02;1.202569e-01;1.247496e-01;5.545963e-02;3.535282e-02;7.645172e-02;5.716358e-02;4.562915e-02;2.771180e-02
4.135443e-02;3.740510e-02;3.025808e-01;8.087254e-02;1.188600e-01;1.099692e-01;5.127620e-02;2.715470e-02;9.465000e-02;5.590383e-02;5.383114e-02;2.614208e-02
4.859342e-02;2.056154e-02;2.695065e-01;8.954587e-02;1.137861e-01;9.460064e-02;6.627282e-02;2.926803e-02;9.991666e-02;5.815457e-02;6.008479e-02;4.970899e-02
5.204296e-02;5.012101e-02;1.866260e-01;8.127452e-02;1.218485e-01;1.142950e-01;6.748831e-02;5.173903e-02;9.678926e-02;8.929989e-02;4.012960e-02;4.834582e-02
5.088224e-02;5.286321e-02;1.456811e-01;8.592737e-02;9.511227e-02;1.137782e-01;8.186814e-02;7.140888e-02;1.166327e-01;7.877120e-02;5.258181e-02;5.449297e-02
4.214254e-02;5.539061e-02;1.324568e-01;9.249017e-02;9.137412e-02;8.317355e-02;9.732877e-02;8.982934e-02;9.756826e-02;9.357698e-02;6.375300e-02;6.091583e-02
9.752291e-02;8.438343e-02;1.228948e-01;8.954354e-02;1.031689e-01;4.053991e-02;9.951442e-02;9.589592e-02;8.797529e-02;7.903284e-02;4.943166e-02;5.009632e-02
1.173792e-01;8.778807e-02;1.282009e-01;7.756739e-02;9.840423e-02;3.604426e-02;1.051282e-01;1.005288e-01;7.774058e-02;7.956878e-02;5.272098e-02;3.892861e-02
1.428178e-01;8.131046e-02;1.019454e-01;7.205236e-02;8.874906e-02;3.027012e-02;1.468700e-01;1.018351e-01;7.843761e-02;7.714793e-02;5.122899e-02;2.733515e-02
1.648596e-01;9.424503e-02;1.004775e-01;5.096587e-02;4.163911e-02;3.160833e-02;2.037895e-01;7.976504e-02;3.663361e-02;7.177966e-02;5.398763e-02;7.024916e-02
1.629289e-01;7.821445e-02;1.131444e-01;3.886388e-02;3.085384e-02;3.215972e-02;1.982858e-01;6.410944e-02;2.267433e-02;6.667901e-02;8.480011e-02;1.072861e-01
1.559991e-01;6.179754e-02;1.053708e-01;3.935090e-02;3.541100e-02;3.398417e-02;1.940961e-01;5.699573e-02;3.413342e-02;6.678307e-02;9.567703e-02;1.204011e-01
1.324996e-01;5.976948e-02;1.175976e-01;3.753630e-02;3.974118e-02;3.632514e-02;1.912370e-01;4.601120e-02;4.744809e-02;7.695168e-02;9.720238e-02;1.176804e-01
8.093020e-02;5.899761e-02;1.601063e-01;4.057144e-02;6.112230e-02;4.350201e-02;2.157820e-01;3.207976e-02;5.385919e-02;9.702229e-02;7.085934e-02;8.516750e-02
1.245153e-01;4.258322e-02;9.280899e-02;3.614278e-02;4.193289e-02;5.273443e-02;2.047791e-01;3.916619e-02;5.278289e-02;9.017811e-02;1.315088e-01;9.086729e-02
1.657018e-01;5.182976e-02;1.044839e-01;2.991895e-02;4.795516e-02;5.028213e-02;1.643962e-01;3.376892e-02;4.258123e-02;8.594010e-02;1.208591e-01;1.022827e-01
1.641073e-01;1.118153e-01;1.292342e-01;2.755164e-02;6.138330e-02;4.809757e-02;9.773373e-02;3.919728e-02;3.883375e-02;9.870543e-02;1.031315e-01;8.020896e-02
1.092334e-01;1.382177e-01;1.305680e-01;3.554864e-02;6.702393e-02;6.160411e-02;1.217248e-01;4.333036e-02;3.290922e-02;1.038413e-01;1.049037e-01;5.109480e-02
7.811728e-02;1.128279e-01;1.450955e-01;6.092365e-02;7.505784e-02;7.035542e-02;1.127321e-01;3.778744e-02;4.387496e-02;1.067233e-01;1.158176e-01;4.068693e-02
6.720189e-02;1.210871e-01;1.368522e-01;9.289329e-02;8.555718e-02;6.556390e-02;8.646031e-02;4.615396e-02;4.385216e-02;1.140259e-01;1.041101e-01;3.624187e-02
5.482373e-02;9.902180e-02;1.248901e-01;1.167061e-01;9.532800e-02;7.380791e-02;1.086797e-01;5.980202e-02;3.478752e-02;1.157911e-01;9.724565e-02;1.911647e-02
3.780162e-02;7.342364e-02;1.774713e-01;1.164091e-01;8.740738e-02;6.879622e-02;9.551812e-02;8.083889e-02;3.316235e-02;1.114711e-01;9.517727e-02;2.252307e-02
3.013332e-02;9.129619e-02;1.725785e-01;1.143925e-01;9.266062e-02;6.245389e-02;6.351988e-02;7.999562e-02;4.869677e-02;1.258633e-01;8.926705e-02;2.914241e-02
4.118542e-02;9.638058e-02;1.583208e-01;9.227585e-02;8.897671e-02;5.842663e-02;4.381099e-02;7.524197e-02;7.385900e-02;1.540716e-01;8.716877e-02;3.028164e-02
4.956010e-02;7.023677e-02;1.286144e-01;8.499588e-02;9.861518e-02;6.074179e-02;6.603053e-02;6.936625e-02;8.420441e-02;1.642297e-01;9.991102e-02;2.349394e-02
2.261834e-02;4.272727e-02;9.889725e-02;1.272706e-01;1.111307e-01;7.329210e-02;1.099988e-01;5.184283e-02;6.657042e-02;1.624284e-01;1.080357e-01;2.518758e-02
1.146002e-02;4.107292e-02;1.165216e-01;1.415306e-01;1.277920e-01;7.746916e-02;9.989846e-02;5.256660e-02;4.777484e-02;1.503904e-01;1.033471e-01;3.017627e-02
1.989754e-02;4.360726e-02;1.194467e-01;1.643673e-01;1.336714e-01;7.146044e-02;6.612120e-02;4.761281e-02;5.637082e-02;1.482717e-01;1.041171e-01;2.505581e-02
2.494750e-02;4.710851e-02;1.159635e-01;1.532599e-01;1.287493e-01;6.477100e-02;9.045174e-02;3.947389e-02;5.914601e-02;1.476180e-01;9.776250e-02;3.074819e-02
3.506583e-02;5.622858e-02;1.330379e-01;1.079043e-01;1.232355e-01;7.098997e-02;6.949592e-02;5.041201e-02;5.392490e-02;1.703481e-01;9.825350e-02;3.110345e-02
2.054911e-02;4.786468e-02;1.118709e-01;9.836715e-02;1.487435e-01;7.628553e-02;9.750616e-02;4.628601e-02;5.640624e-02;1.665488e-01;1.066506e-01;2.292141e-02
3.233882e-02;4.578045e-02;7.955900e-02;1.376148e-01;1.590650e-01;8.021053e-02;1.188016e-01;4.151416e-02;6.195145e-02;1.324065e-01;9.350718e-02;1.725052e-02
2.201688e-02;5.145302e-02;1.025244e-01;1.722943e-01;1.398504e-01;8.197133e-02;9.158554e-02;3.948581e-02;6.555480e-02;1.366255e-01;7.868049e-02;1.795750e-02
2.549249e-02;5.002671e-02;8.478672e-02;1.693814e-01;1.215507e-01;8.345137e-02;1.173585e-01;3.905070e-02;7.254007e-02;1.421832e-01;7.401313e-02;2.016512e-02
4.101232e-02;6.219770e-02;1.486445e-01;1.135818e-01;1.310553e-01;7.841842e-02;9.319663e-02;3.725753e-02;7.547337e-02;1.217575e-01;7.872097e-02;1.868398e-02
3.695996e-02;8.016939e-02;1.415811e-01;6.018334e-02;1.860817e-01;7.606571e-02;7.074813e-02;3.747210e-02;8.322679e-02;1.146474e-01;9.052232e-02;2.234210e-02
6.277073e-02;7.331698e-02;1.036690e-01;7.357529e-02;1.817408e-01;7.692882e-02;9.189398e-02;2.779387e-02;7.750398e-02;1.256497e-01;8.225498e-02;2.290194e-02
6.164968e-02;6.277373e-02;1.574269e-01;9.889919e-02;1.448036e-01;7.639197e-02;8.240422e-02;2.590804e-02;5.964082e-02;1.318425e-01;8.311835e-02;1.514096e-02
4.836410e-02;5.091896e-02;1.767146e-01;1.129655e-01;1.289580e-01;7.214860e-02;6.011509e-02;3.790908e-02;5.501100e-02;1.483618e-01;8.875127e-02;1.978198e-02
4.787904e-02;3.438874e-02;1.652137e-01;1.131338e-01;1.415652e-01;6.454341e-02;6.246734e-02;3.509920e-02;5.494141e-02;1.677439e-01;8.494413e-02;2.808013e-02
4.017625e-02;3.454011e-02;1.504184e-01;9.277582e-02;1.457282e-01;6.841414e-02;1.125036e-01;4.821696e-02;5.226335e-02;1.472193e-01;8.111710e-02;2.662674e-02
4.085815e-02;5.109435e-02;1.029876e-01;6.714813e-02;1.518200e-01;7.363109e-02;1.210116e-01;7.856356e-02;6.667539e-02;1.391624e-01;8.165028e-02;2.539734e-02
5.709293e-02;7.051302e-02;7.080843e-02;4.145672e-02;1.656854e-01;9.348579e-02;7.237507e-02;8.523862e-02;7.141912e-02;1.449705e-01;9.726854e-02;2.968593e-02
7.309285e-02;7.290355e-02;1.159684e-01;5.725134e-02;1.441911e-01;9.514867e-02;9.330712e-02;6.451429e-02;5.405783e-02;1.119748e-01;7.981062e-02;3.777939e-02
8.196274e-02;7.548378e-02;1.741306e-01;6.516028e-02;1.399570e-01;8.758355e-02;9.246460e-02;6.105807e-02;3.831203e-02;9.064598e-02;5.811363e-02;3.512768e-02
6.330059e-02;8.708829e-02;2.398212e-01;5.671297e-02;1.356281e-01;7.755625e-02;5.458623e-02;5.983997e-02;6.250384e-02;8.252171e-02;5.615367e-02;2.428723e-02
4.391380e-02;1.049539e-01;2.601619e-01;7.245228e-02;9.500475e-02;5.884303e-02;5.662851e-02;8.652444e-02;7.859909e-02;7.728134e-02;4.568400e-02;1.995286e-02
5.348217e-02;1.061567e-01;2.204774e-01;8.604375e-02;8.508334e-02;4.679258e-02;5.935166e-02;8.794727e-02;1.014595e-01;9.070767e-02;3.012079e-02;3.237718e-02
6.788503e-02;8.266167e-02;1.954954e-01;9.985840e-02;6.413221e-02;2.722840e-02;8.359412e-02;1.071300e-01;1.180403e-01;7.845378e-02;3.292349e-02;4.259723e-02
7.107340e-02;1.123880e-01;1.504851e-01;1.095623e-01;7.305190e-02;4.876835e-02;7.758323e-02;9.812100e-02;9.927978e-02;6.918007e-02;4.920404e-02;4.130282e-02
1.267228e-01;1.213517e-01;1.146742e-01;9.592742e-02;6.896979e-02;6.131904e-02;6.567673e-02;1.231897e-01;7.607508e-02;5.609805e-02;5.163267e-02;3.836279e-02
1.565508e-01;1.151882e-01;1.275078e-01;6.928111e-02;7.853223e-02;5.996047e-02;7.544770e-02;1.134665e-01;5.963723e-02;5.635763e-02;5.234758e-02;3.572273e-02
1.400815e-01;1.203324e-01;1.317132e-01;4.489331e-02;8.353145e-02;6.460798e-02;1.009031e-01;9.906733e-02;4.091309e-02;7.514206e-02;5.887280e-02;3.994187e-02
1.096246e-01;1.016603e-01;1.858595e-01;5.682388e-02;1.033715e-01;7.252963e-02;8.398996e-02;6.227522e-02;5.140480e-02;8.229779e-02;6.017428e-02;2.998852e-02
8.027641e-02;6.711682e-02;2.395485e-01;6.159980e-02;1.091423e-01;6.203344e-02;6.672419e-02;5.690208e-02;7.709047e-02;8.817326e-02;5.516972e-02;3.622308e-02
6.989537e-02;7.962468e-02;3.001454e-01;6.075321e-02;1.047470e-01;5.103422e-02;3.271587e-02;4.378313e-02;7.963908e-02;9.206244e-02;5.007581e-02;3.552378e-02
7.143603e-02;5.438059e-02;3.476300e-01;5.521525e-02;9.131897e-02;5.150956e-02;5.912740e-02;4.376499e-02;6.877625e-02;7.293311e-02;5.601948e-02;2.788835e-02
7.672876e-02;3.657457e-02;3.561260e-01;5.471234e-02;7.657168e-02;5.843561e-02;9.104426e-02;5.208581e-02;4.858234e-02;6.067144e-02;5.676740e-02;3.169971e-02
7.163299e-02;6.521323e-02;3.181481e-01;6.034597e-02;9.285332e-02;6.395725e-02;5.015055e-02;4.091974e-02;6.008078e-02;8.268749e-02;5.077253e-02;4.323807e-02
4.550219e-02;7.542807e-02;2.118594e-01;7.451753e-02;1.059460e-01;7.874580e-02;1.195043e-01;4.347753e-02;6.898142e-02;7.547291e-02;5.586034e-02;4.470450e-02
4.366058e-02;7.458928e-02;1.842317e-01;8.113086e-02;6.711327e-02;6.860149e-02;2.282512e-01;4.371830e-02;4.958267e-02;5.581298e-02;4.783936e-02;5.546836e-02
8.100765e-02;7.054797e-02;1.563345e-01;9.001130e-02;4.233902e-02;5.133686e-02;2.829594e-01;3.932085e-02;3.272784e-02;5.029463e-02;4.589589e-02;5.722409e-02
9.705152e-02;5.295433e-02;1.419420e-01;8.021247e-02;6.347898e-02;5.107460e-02;2.665914e-01;6.379798e-02;2.633615e-02;5.596158e-02;4.232814e-02;5.827087e-02
1.187068e-01;3.359883e-02;7.495270e-02;6.567899e-02;6.334063e-02;5.418127e-02;2.775336e-01;8.392367e-02;4.729191e-02;7.500807e-02;4.495307e-02;6.083048e-02
1.311278e-01;2.663453e-02;6.106805e-02;4.554128e-02;4.873409e-02;5.578112e-02;2.792669e-01;9.507748e-02;7.009055e-02;9.369614e-02;4.182500e-02;5.115715e-02
1.195525e-01;2.024049e-02;3.651824e-02;4.673756e-02;4.932900e-02;5.260897e-02;2.935954e-01;1.224559e-01;5.705630e-02;1.110093e-01;4.195343e-02;4.894295e-02
9.619699e-02;2.614820e-02;7.045475e-02;4.549082e-02;4.649566e-02;6.696124e-02;2.827162e-01;1.212256e-01;3.860931e-02;1.166384e-01;4.084118e-02;4.822158e-02
8.568007e-02;3.191996e-02;5.184410e-02;4.665115e-02;5.792913e-02;7.801602e-02;2.883740e-01;1.103116e-01;2.785413e-02;1.195600e-01;4.614482e-02;5.571511e-02
7.617600e-02;3.746343e-02;4.973736e-02;5.906531e-02;7.193271e-02;6.571230e-02;2.785710e-01;9.430531e-02;3.641453e-02;1.062627e-01;5.588355e-02;6.847576e-02
8.594646e-02;4.789345e-02;5.926557e-02;7.093672e-02;7.651616e-02;6.044164e-02;2.673298e-01;7.308628e-02;2.659234e-02;9.849959e-02;5.909086e-02;7.440110e-02
8.270741e-02;4.783873e-02;7.557230e-02;7.977680e-02;8.172201e-02;5.176999e-02;2.813126e-01;4.856322e-02;2.315001e-02;8.041406e-02;6.512155e-02;8.205137e-02
7.304118e-02;5.529299e-02;7.635920e-02;8.347424e-02;8.642817e-02;5.086352e-02;2.938366e-01;2.985204e-02;2.394567e-02;6.244063e-02;7.293724e-02;9.152853e-02
6.614752e-02;4.901224e-02;1.252376e-01;7.469950e-02;8.794104e-02;6.660657e-02;2.688074e-01;1.744143e-02;2.078934e-02;6.618351e-02;8.268498e-02;7.444883e-02
3.444161e-02;3.273026e-02;1.659187e-01;5.095924e-02;1.107502e-01;8.195632e-02;2.783554e-01;1.958048e-02;2.473438e-02;7.052361e-02;8.586666e-02;4.418317e-02
2.414044e-02;1.939102e-02;1.069903e-01;3.266718e-02;1.166838e-01;8.220098e-02;3.767360e-01;2.815289e-02;2.301819e-02;7.404388e-02;8.426003e-02;3.171526e-02
2.451907e-02;2.537455e-02;1.043836e-01;2.777827e-02;7.751918e-02;5.888864e-02;4.220502e-01;3.613986e-02;3.015977e-02;7.094930e-02;7.631650e-02;4.592109e-02
2.928354e-02;2.931423e-02;1.280952e-01;2.405283e-02;5.608986e-02;5.229319e-02;4.101026e-01;3.925497e-02;4.536645e-02;6.385820e-02;7.167499e-02;5.061395e-02
5.205081e-02;4.755414e-02;1.011285e-01;3.566458e-02;5.706951e-02;3.836881e-02;3.563983e-01;5.541058e-02;5.853920e-02;7.709642e-02;7.721954e-02;4.349960e-02
5.186622e-02;5.829429e-02;7.637794e-02;5.903352e-02;5.656796e-02;4.337325e-02;2.381978e-01;6.939311e-02;8.941913e-02;1.391900e-01;7.139621e-02;4.689053e-02
4.178261e-02;5.511262e-02;8.376190e-02;6.413654e-02;6.034638e-02;3.727443e-02;1.692388e-01;9.971423e-02;8.747472e-02;2.185971e-01;5.434419e-02;2.821652e-02
1.887432e-02;3.716786e-02;5.576847e-02;6.996658e-02;5.348516e-02;3.350408e-02;1.246905e-01;1.797805e-01;1.247590e-01;2.496619e-01;3.810128e-02;1.424035e-02
1.596447e-02;2.029806e-02;5.550471e-02;5.565635e-02;4.376587e-02;4.087680e-02;8.828183e-02;2.707288e-01;2.041005e-01;1.591163e-01;2.758645e-02;1.811991e-02
1.863632e-02;2.372662e-02;7.326448e-02;5.307909e-02;3.857631e-02;5.448383e-02;9.000597e-02;3.011759e-01;2.175448e-01;8.073209e-02;2.480716e-02;2.396737e-02
3.403005e-02;7.202563e-02;1.348750e-01;5.153449e-02;4.213725e-02;6.355926e-02;6.877198e-02;1.668907e-01;1.962200e-01;1.160520e-01;2.750327e-02;2.640025e-02
4.431887e-02;7.662054e-02;2.074718e-01;3.441730e-02;6.514934e-02;4.301244e-02;6.849468e-02;1.231066e-01;1.396518e-01;1.163523e-01;4.988669e-02;3.151772e-02
6.542633e-02;7.309801e-02;2.179416e-01;4.022969e-02;7.433070e-02;4.485767e-02;8.063859e-02;1.103331e-01;7.477319e-02;9.113187e-02;8.169064e-02;4.554860e-02
5.449358e-02;1.115320e-01;1.314846e-01;2.907209e-02;9.001398e-02;6.671725e-02;1.390397e-01;9.089915e-02;4.738876e-02;8.406880e-02;1.078232e-01;4.746695e-02
5.508363e-02;1.329633e-01;1.347934e-01;3.380733e-02;8.322448e-02;5.916537e-02;1.543364e-01;6.768437e-02;6.323020e-02;8.732638e-02;9.634587e-02;3.203926e-02
9.875526e-02;1.304290e-01;1.732195e-01;3.552209e-02;5.732473e-02;3.617690e-02;1.623444e-01;3.500481e-02;8.109225e-02;8.231498e-02;6.353776e-02;4.427838e-02
1.039706e-01;1.165058e-01;1.577830e-01;4.812440e-02;4.591293e-02;5.076419e-02;1.300094e-01;3.556801e-02;1.330123e-01;7.303208e-02;6.583105e-02;3.948621e-02
9.939388e-02;8.669394e-02;1.177807e-01;6.616199e-02;5.744106e-02;9.036567e-02;6.986415e-02;6.059702e-02;1.516107e-01;7.651275e-02;7.556576e-02;4.801235e-02
1.128273e-01;9.572754e-02;7.245760e-02;8.412554e-02;6.470095e-02;1.112536e-01;6.268089e-02;7.702980e-02;1.106084e-01;9.217153e-02;7.633933e-02;4.007756e-02
1.088688e-01;7.017750e-02;9.557075e-02;6.098184e-02;7.650913e-02;7.688507e-02;9.863499e-02;1.105431e-01;1.158523e-01;9.747635e-02;5.860170e-02;2.989844e-02
1.290047e-01;1.243066e-01;9.970874e-02;8.644024e-02;5.102896e-02;6.291594e-02;6.503100e-02;8.790696e-02;1.182410e-01;1.124912e-01;3.717612e-02;2.574869e-02
1.018904e-01;1.641857e-01;8.267635e-02;9.767197e-02;2.757675e-02;7.201233e-02;6.341329e-02;6.691895e-02;1.284702e-01;1.037594e-01;4.294109e-02;4.848359e-02
9.928228e-02;1.506631e-01;8.273125e-02;7.849645e-02;4.838178e-02;4.666391e-02;7.251804e-02;6.028619e-02;1.259428e-01;1.161751e-01;6.798413e-02;5.087497e-02
1.018063e-01;1.355528e-01;9.785388e-02;6.469241e-02;9.201337e-02;5.081398e-02;6.026798e-02;4.905763e-02;1.260889e-01;1.096412e-01;7.827031e-02;3.394138e-02
1.103320e-01;9.693412e-02;1.018695e-01;7.906495e-02;1.233639e-01;3.792484e-02;5.034787e-02;5.148065e-02;1.128594e-01;1.215974e-01;6.247384e-02;5.175154e-02
1.356406e-01;6.115624e-02;1.264726e-01;7.742311e-02;1.110759e-01;2.143602e-02;6.489001e-02;5.433309e-02;1.078715e-01;1.328125e-01;3.814222e-02;6.874624e-02
1.199906e-01;6.443031e-02;1.096030e-01;9.280157e-02;9.978514e-02;3.914574e-02;9.152122e-02;5.341337e-02;1.059092e-01;1.220859e-01;3.491338e-02;6.640052e-02
1.370074e-01;9.872550e-02;1.139432e-01;9.164352e-02;6.682160e-02;4.362299e-02;8.981033e-02;6.959966e-02;1.035007e-01;8.156485e-02;4.896009e-02;5.480013e-02
1.546319e-01;1.327886e-01;1.317264e-01;7.729360e-02;4.513473e-02;5.251980e-02;7.047056e-02;8.256632e-02;1.068847e-01;4.691499e-02;5.170297e-02;4.736537e-02
9.226888e-02;9.856164e-02;2.040732e-01;7.240126e-02;5.658128e-02;5.032884e-02;1.069238e-01;6.759810e-02;8.788884e-02;6.540712e-02;5.086512e-02;4.710196e-02
1.048772e-01;8.319500e-02;2.738805e-01;6.824209e-02;5.496344e-02;3.533365e-02;9.605295e-02;4.664168e-02;6.795390e-02;7.556957e-02;5.023486e-02;4.305517e-02
1.439294e-01;1.124873e-01;2.510976e-01;6.940588e-02;5.700904e-02;2.519599e-02;6.991649e-02;4.486785e-02;5.760031e-02;6.932522e-02;4.890020e-02;5.026471e-02
2.020391e-01;1.539196e-01;1.873149e-01;6.576947e-02;6.279576e-02;2.630265e-02;6.814509e-02;4.735208e-02;4.697298e-02;5.718254e-02;3.597957e-02;4.622617e-02
2.142457e-01;1.676377e-01;1.140517e-01;7.172157e-02;8.290087e-02;3.329708e-02;6.995435e-02;5.976216e-02;4.515050e-02;7.426515e-02;3.096050e-02;3.605263e-02
1.475880e-01;1.623658e-01;1.203247e-01;7.408255e-02;1.000069e-01;4.475157e-02;5.139730e-02;6.004358e-02;5.490068e-02;1.021406e-01;4.994486e-02;3.245347e-02
1.397814e-01;1.381425e-01;8.041802e-02;7.703817e-02;1.321461e-01;4.934907e-02;3.764352e-02;3.676827e-02;6.645665e-02;1.355997e-01;7.037897e-02;3.627756e-02
1.386621e-01;1.339525e-01;8.281523e-02;4.953234e-02;1.294770e-01;5.225297e-02;3.875707e-02;3.124378e-02;8.500952e-02;1.357116e-01;7.488196e-02;4.770390e-02
1.415031e-01;1.639620e-01;7.717193e-02;1.605778e-02;1.074735e-01;3.775468e-02;5.755924e-02;5.675018e-02;1.004170e-01;1.161911e-01;6.781158e-02;5.734792e-02
1.466882e-01;2.059828e-01;7.100670e-02;3.386853e-02;9.887834e-02;2.898451e-02;4.570459e-02;5.606984e-02;8.724525e-02;1.037648e-01;5.568241e-02;6.612402e-02
1.398943e-01;2.491415e-01;6.270664e-02;3.645467e-02;9.755602e-02;3.157615e-02;3.388748e-02;4.408487e-02;7.536518e-02;1.055732e-01;5.260257e-02;7.115743e-02
1.318286e-01;2.745419e-01;8.160535e-02;2.246082e-02;9.137326e-02;3.747217e-02;2.867716e-02;3.509384e-02;6.571782e-02;1.035262e-01;5.175546e-02;7.594746e-02
1.402862e-01;2.725296e-01;7.072161e-02;2.834093e-02;9.592937e-02;3.608875e-02;3.430476e-02;2.985375e-02;5.708351e-02;9.904290e-02;5.532650e-02;8.049218e-02
1.570646e-01;2.419534e-01;5.408346e-02;4.740342e-02;1.094789e-01;3.671738e-02;4.074601e-02;3.666195e-02;4.980277e-02;9.197447e-02;5.767938e-02;7.643429e-02
1.767277e-01;1.859642e-01;7.702731e-02;6.132438e-02;1.180042e-01;3.337484e-02;3.334238e-02;5.890027e-02;4.192699e-02;8.701993e-02;5.772824e-02;6.865965e-02
1.679781e-01;1.806796e-01;7.391288e-02;5.693990e-02;1.148585e-01;2.772449e-02;3.612411e-02;5.503816e-02;4.655763e-02;1.113766e-01;5.096977e-02;7.784029e-02
1.435821e-01;2.073410e-01;5.817342e-02;4.543087e-02;1.055114e-01;3.648575e-02;3.187309e-02;3.766913e-02;7.552793e-02;1.236014e-01;6.025014e-02;7.455380e-02
1.412713e-01;2.233057e-01;7.885440e-02;4.071068e-02;9.099039e-02;4.042248e-02;2.654913e-02;4.024718e-02;7.783233e-02;1.132019e-01;6.337047e-02;6.324397e-02
1.232110e-01;2.307131e-01;8.083687e-02;4.678133e-02;6.887764e-02;4.768315e-02;5.252270e-02;4.159850e-02;6.302764e-02;1.197565e-01;7.770399e-02;4.728758e-02
1.114931e-01;2.100613e-01;9.739386e-02;4.253782e-02;5.452683e-02;4.669322e-02;8.037695e-02;3.312117e-02;7.390862e-02;1.237839e-01;8.260456e-02;4.349876e-02
1.215413e-01;1.871957e-01;1.113069e-01;3.866583e-02;5.509892e-02;3.878783e-02;8.287998e-02;4.651459e-02;8.925267e-02;1.121551e-01;7.181530e-02;4.478588e-02
1.335119e-01;2.201984e-01;9.186599e-02;3.186459e-02;5.901565e-02;3.192013e-02;4.590841e-02;5.039685e-02;8.638293e-02;1.204611e-01;6.681722e-02;6.165688e-02
1.125317e-01;2.424039e-01;1.022772e-01;3.344660e-02;6.421681e-02;4.874098e-02;5.427705e-02;4.527299e-02;6.411903e-02;1.114253e-01;5.964865e-02;6.163991e-02
1.369895e-01;2.074082e-01;1.405714e-01;3.987093e-02;5.084710e-02;4.175652e-02;6.507890e-02;4.515993e-02;5.428084e-02;9.494275e-02;8.593679e-02;3.715708e-02
1.282968e-01;1.901691e-01;1.432875e-01;3.864557e-02;4.695369e-02;3.735870e-02;5.816931e-02;4.553733e-02;6.065037e-02;1.241144e-01;9.721031e-02;2.960706e-02
1.078066e-01;1.557347e-01;1.171756e-01;4.569959e-02;6.322713e-02;4.752489e-02;8.062924e-02;3.645111e-02;8.573485e-02;1.365682e-01;8.782158e-02;3.562660e-02
1.260684e-01;1.040616e-01;8.350990e-02;4.130054e-02;9.173457e-02;7.853103e-02;1.300439e-01;3.582737e-02;7.699419e-02;1.098920e-01;7.693214e-02;4.510443e-02
8.858471e-02;5.674751e-02;1.453624e-01;4.030020e-02;1.046147e-01;8.910441e-02;1.279380e-01;3.824583e-02;5.568661e-02;1.020093e-01;7.853145e-02;7.287478e-02
6.347733e-02;9.213616e-02;1.605028e-01;5.180380e-02;8.929253e-02;5.437516e-02;1.405110e-01;5.010226e-02;6.406015e-02;9.372783e-02;6.097686e-02;7.903410e-02
7.174513e-02;1.112382e-01;1.485364e-01;7.069531e-02;7.646909e-02;4.569260e-02;1.380300e-01;6.340394e-02;5.746701e-02;1.018545e-01;5.121147e-02;6.365633e-02
7.065812e-02;8.938398e-02;1.070759e-01;6.732239e-02;6.938555e-02;6.554585e-02;1.104607e-01;8.897515e-02;9.397957e-02;1.330772e-01;5.853775e-02;4.559792e-02
6.243240e-02;8.974716e-02;9.376702e-02;6.818160e-02;7.323737e-02;7.593321e-02;1.037766e-01;1.026127e-01;1.233488e-01;1.158985e-01;5.831420e-02;3.275041e-02
4.263557e-02;9.812009e-02;1.090581e-01;5.771603e-02;6.273546e-02;7.059544e-02;1.054674e-01;1.168868e-01;1.335878e-01;1.059094e-01;5.601658e-02;4.127134e-02
4.486609e-02;9.599090e-02;9.804768e-02;4.595709e-02;4.354515e-02;6.146697e-02;1.082961e-01;1.105564e-01;1.779415e-01;1.329610e-01;4.432241e-02;3.604877e-02
2.674491e-02;9.018825e-02;4.443719e-02;3.051452e-02;4.536575e-02;5.016311e-02;8.425629e-02;1.278358e-01;3.277600e-01;1.284957e-01;2.088870e-02;2.334978e-02
3.575411e-02;8.730858e-02;3.092940e-02;2.080067e-02;6.253313e-02;4.854594e-02;6.118626e-02;1.555529e-01;3.478668e-01;1.151962e-01;1.702370e-02;1.730230e-02
4.457171e-02;1.100938e-01;5.023612e-02;2.450961e-02;8.147370e-02;4.096151e-02;8.996498e-02;1.501169e-01;2.746269e-01;9.147118e-02;2.354757e-02;1.842610e-02
4.348475e-02;1.037220e-01;6.415241e-02;2.343754e-02;6.852756e-02;2.453611e-02;9.472226e-02;2.156874e-01;2.473240e-01;6.642910e-02;2.025049e-02;2.772631e-02
7.067991e-02;8.367272e-02;7.892771e-02;1.330987e-02;5.481770e-02;2.599911e-02;7.904904e-02;1.912461e-01;2.647470e-01;7.647609e-02;1.646385e-02;4.461081e-02
9.480304e-02;7.343335e-02;1.201544e-01;2.304722e-02;5.198329e-02;3.152510e-02;1.122832e-01;9.358323e-02;2.792487e-01;5.244952e-02;2.710468e-02;4.038420e-02
1.003439e-01;7.496516e-02;1.626517e-01;3.483283e-02;7.277320e-02;4.286078e-02;1.729750e-01;5.560385e-02;1.485446e-01;5.493205e-02;4.372632e-02;3.579057e-02
1.152180e-01;7.698035e-02;1.492562e-01;3.827289e-02;9.057975e-02;4.690228e-02;1.728545e-01;7.330135e-02;6.822457e-02;6.939995e-02;5.565910e-02;4.335099e-02
8.178806e-02;8.342070e-02;1.746848e-01;4.512395e-02;7.418372e-02;3.844368e-02;1.509229e-01;7.523276e-02;7.166548e-02;9.974056e-02;6.258522e-02;4.220811e-02
8.688265e-02;6.901486e-02;2.968347e-01;5.037010e-02;3.878384e-02;2.610895e-02;1.437159e-01;5.641280e-02;6.581693e-02;8.545931e-02;4.850186e-02;3.209795e-02
9.185228e-02;5.884000e-02;3.553198e-01;4.805827e-02;5.794639e-02;3.681022e-02;7.267611e-02;4.490317e-02;5.273980e-02;7.229298e-02;6.576366e-02;4.279732e-02
7.303345e-02;5.539651e-02;3.755811e-01;3.485083e-02;5.065101e-02;4.036971e-02;8.931734e-02;3.707011e-02;4.871554e-02;6.570914e-02;7.669148e-02;5.261379e-02
7.275458e-02;4.063253e-02;3.396122e-01;5.359860e-02;8.191264e-02;4.576848e-02;7.278635e-02;3.601936e-02;3.787928e-02;8.145337e-02;8.609175e-02;5.149084e-02
5.605628e-02;5.009915e-02;2.409497e-01;3.928534e-02;1.018940e-01;5.450265e-02;1.782745e-01;3.230662e-02;3.777078e-02;9.230046e-02;8.100212e-02;3.555831e-02
4.929875e-02;7.642137e-02;2.107725e-01;3.385524e-02;1.301212e-01;6.694261e-02;1.282823e-01;3.214589e-02;5.560586e-02;1.063644e-01;7.884506e-02;3.134476e-02
4.229617e-02;9.812343e-02;1.307396e-01;2.613566e-02;1.585815e-01;7.496890e-02;7.820135e-02;5.127888e-02;7.888936e-02;1.347042e-01;8.809697e-02;3.798407e-02
4.238443e-02;9.202931e-02;1.313022e-01;2.687184e-02;1.779888e-01;7.219266e-02;5.193255e-02;3.790851e-02;7.894336e-02;1.468140e-01;9.487964e-02;4.675273e-02
5.318164e-02;8.578854e-02;9.406532e-02;3.580191e-02;2.005899e-01;7.707865e-02;5.733685e-02;2.847243e-02;6.311338e-02;1.514758e-01;1.040253e-01;4.907031e-02
4.745337e-02;8.276182e-02;1.421070e-01;3.286672e-02;1.900604e-01;7.717909e-02;6.874964e-02;3.431670e-02;4.802502e-02;1.328648e-01;9.806772e-02;4.554760e-02
2.869187e-02;7.177621e-02;1.686266e-01;4.448604e-02;1.476201e-01;9.866290e-02;1.288124e-01;3.963290e-02;5.496832e-02;1.051799e-01;7.258025e-02;3.896255e-02
