9.175698e-02;6.958291e-02;7.164505e-02;1.008961e-01;5.309508e-02;7.033508e-02;9.466163e-02;5.933879e-02;5.836397e-02;8.511315e-02;9.349518e-02;1.517161e-01
9.087820e-02;1.047875e-01;4.345712e-02;8.941847e-02;8.188155e-02;6.648976e-02;7.715364e-02;6.220468e-02;5.711397e-02;1.233504e-01;6.600431e-02;1.372604e-01
5.801889e-02;1.461882e-01;3.217756e-02;7.486797e-02;1.043926e-01;7.717240e-02;4.439066e-02;8.917721e-02;4.721949e-02;1.673430e-01;5.453379e-02;1.045183e-01
2.491457e-02;1.547394e-01;4.697073e-02;6.088810e-02;8.846872e-02;1.253225e-01;2.023060e-02;9.968565e-02;2.871056e-02;1.838514e-01;1.044508e-01;6.176695e-02
3.754595e-02;1.070778e-01;6.739090e-02;4.339226e-02;6.498961e-02;2.271133e-01;3.191574e-02;6.301709e-02;3.615382e-02;1.324850e-01;1.710249e-01;1.789365e-02
3.810671e-02;6.460432e-02;7.606699e-02;4.291669e-02;8.650874e-02;2.673292e-01;3.942426e-02;4.062613e-02;5.568929e-02;8.225024e-02;1.795746e-01;2.690289e-02
3.020687e-02;4.445396e-02;5.841532e-02;8.055237e-02;1.091216e-01;2.497977e-01;3.966947e-02;5.995339e-02;9.113787e-02;6.479411e-02;1.352876e-01;3.660985e-02
3.592151e-02;7.145061e-02;5.115341e-02;1.082814e-01;9.818336e-02;1.902194e-01;4.043230e-02;8.008073e-02;1.229015e-01;9.284933e-02;7.498814e-02;3.353837e-02
5.314264e-02;6.169835e-02;4.615990e-02;7.428850e-02;1.436620e-01;1.877804e-01;3.853044e-02;7.392537e-02;1.309018e-01;1.010330e-01;4.906475e-02;3.981286e-02
6.101402e-02;4.524576e-02;5.131005e-02;5.066445e-02;1.399863e-01;1.739569e-01;4.022728e-02;8.840897e-02;1.276509e-01;9.043164e-02;8.135948e-02;4.974420e-02
5.746154e-02;3.551873e-02;4.919201e-02;5.627354e-02;1.338716e-01;1.025318e-01;5.687954e-02;1.389798e-01;1.252575e-01;7.396697e-02;1.163627e-01;5.370438e-02
2.496901e-02;2.812193e-02;5.247485e-02;6.462006e-02;1.435467e-01;1.306175e-01;1.306895e-01;1.485339e-01;1.018689e-01;5.252220e-02;9.049824e-02;3.153709e-02
2.305779e-02;3.213844e-02;5.979143e-02;5.725089e-02;1.327334e-01;1.671914e-01;1.871213e-01;1.125491e-01;8.122021e-02;7.615317e-02;5.032258e-02;2.047021e-02
3.879403e-02;4.717726e-02;6.904110e-02;4.910559e-02;8.932329e-02;1.974032e-01;2.170687e-01;6.691968e-02;6.103585e-02;7.559615e-02;5.790434e-02;3.063091e-02
3.230126e-02;3.978490e-02;6.708590e-02;2.186519e-02;4.771718e-02;3.369895e-01;1.942520e-01;4.122184e-02;4.669162e-02;5.088779e-02;9.539165e-02;2.581121e-02
2.228776e-02;2.288707e-02;6.855747e-02;7.390383e-03;3.044747e-02;3.555775e-01;2.425026e-01;4.029419e-02;5.144251e-02;3.799560e-02;1.048036e-01;1.581376e-02
9.409238e-03;1.804275e-02;7.891030e-02;1.319602e-02;2.149982e-02;3.259846e-01;2.656758e-01;3.845681e-02;6.173387e-02;3.194607e-02;1.128373e-01;2.230738e-02
1.100565e-02;1.157516e-02;8.895105e-02;8.611684e-03;2.383365e-02;3.471317e-01;2.244490e-01;2.188192e-02;7.094102e-02;2.450643e-02;1.463669e-01;2.074584e-02
1.763393e-02;1.023361e-02;9.586657e-02;1.439822e-02;2.286723e-02;3.531020e-01;1.436182e-01;2.595178e-02;9.066939e-02;1.915165e-02;1.919596e-01;1.454782e-02
2.274142e-02;9.936839e-03;9.968172e-02;1.197993e-02;2.115509e-02;3.519842e-01;7.869359e-02;2.950726e-02;1.068764e-01;1.792145e-02;2.308539e-01;1.866819e-02
2.046833e-02;5.595982e-03;9.917764e-02;9.282000e-03;1.397675e-02;3.420159e-01;7.826960e-02;2.759860e-02;1.125867e-01;1.764870e-02;2.482202e-01;2.515964e-02
1.280451e-02;1.189932e-02;1.021407e-01;8.722986e-03;1.864544e-02;3.193164e-01;1.050066e-01;2.416311e-02;1.049073e-01;1.904186e-02;2.453348e-01;2.801704e-02
5.519897e-03;1.069473e-02;1.013343e-01;1.757926e-02;1.940138e-02;3.177163e-01;1.234668e-01;3.216931e-02;8.382157e-02;1.641759e-02;2.177136e-01;5.416533e-02
1.038572e-02;1.315687e-02;8.256507e-02;1.695271e-02;2.337575e-02;3.142601e-01;1.626604e-01;4.182557e-02;6.377862e-02;2.391052e-02;1.759183e-01;7.121033e-02
1.408602e-02;1.906003e-02;7.055943e-02;2.669611e-02;4.558410e-02;2.973190e-01;1.843383e-01;5.029737e-02;5.844973e-02;2.864362e-02;1.147799e-01;9.018640e-02
1.711196e-02;3.082254e-02;7.481957e-02;3.309641e-02;5.318352e-02;2.628602e-01;1.884319e-01;5.287956e-02;5.456669e-02;2.697589e-02;1.150339e-01;9.021780e-02
1.686029e-02;3.701210e-02;5.490553e-02;3.962972e-02;2.365375e-02;1.923597e-01;2.716078e-01;6.992386e-02;3.099978e-02;3.775615e-02;1.164995e-01;1.087918e-01
1.351640e-02;2.611113e-02;3.101197e-02;5.192736e-02;1.376348e-02;1.207115e-01;3.986707e-01;8.898907e-02;2.391139e-02;2.018893e-02;6.872085e-02;1.424771e-01
1.507380e-02;2.242215e-02;2.112016e-02;5.471415e-02;1.574512e-02;9.207677e-02;4.814213e-01;6.652743e-02;1.224269e-02;1.619348e-02;3.236310e-02;1.700999e-01
1.455270e-02;1.938042e-02;2.913668e-02;4.797355e-02;1.727306e-02;7.013318e-02;5.182329e-01;2.272909e-02;1.487168e-02;1.279953e-02;5.106780e-02;1.818494e-01
9.040793e-03;1.712120e-02;3.141578e-02;3.281489e-02;1.577358e-02;1.490218e-01;4.319289e-01;2.904187e-02;3.250403e-02;7.331671e-03;9.121339e-02;1.527921e-01
1.156597e-02;1.689314e-02;2.862457e-02;2.574470e-02;2.369449e-02;2.426001e-01;3.418194e-01;2.355161e-02;5.117675e-02;1.028288e-02;1.185656e-01;1.054808e-01
1.802656e-02;1.600626e-02;4.290886e-02;1.803151e-02;3.826118e-02;3.250368e-01;2.425954e-01;2.885713e-02;5.811687e-02;1.379506e-02;1.145462e-01;8.381806e-02
1.698978e-02;1.857170e-02;5.339358e-02;8.403589e-03;4.607046e-02;3.567880e-01;1.807619e-01;3.485951e-02;5.553598e-02;1.854845e-02;1.086420e-01;1.014351e-01
1.456190e-02;3.101295e-02;5.906061e-02;2.087544e-02;5.899348e-02;2.800876e-01;1.343752e-01;4.956693e-02;6.509715e-02;2.802800e-02;1.325897e-01;1.257511e-01
2.003398e-02;8.677546e-02;3.514922e-02;2.796496e-02;8.683880e-02;1.147451e-01;2.974267e-02;9.013457e-02;8.751151e-02;5.713629e-02;2.202707e-01;1.436967e-01
1.114592e-02;7.216021e-02;3.079594e-02;1.486806e-02;8.842994e-02;2.071963e-01;9.275669e-02;6.717052e-02;8.589031e-02;5.192280e-02;1.723144e-01;1.053489e-01
1.834258e-02;6.600484e-02;3.203906e-02;1.851786e-02;9.533461e-02;1.688947e-01;1.374028e-01;5.677286e-02;1.003157e-01;5.105385e-02;1.730582e-01;8.226289e-02
3.273788e-02;6.951063e-02;4.009170e-02;2.278317e-02;7.530820e-02;1.327636e-01;2.021935e-01;5.903875e-02;9.602662e-02;5.129045e-02;1.660622e-01;5.219332e-02
2.648528e-02;9.198406e-02;4.146048e-02;3.779301e-02;5.016888e-02;1.215126e-01;2.369796e-01;6.578376e-02;9.746630e-02;7.380398e-02;1.223161e-01;3.424600e-02
1.518218e-02;1.127548e-01;4.875675e-02;2.462130e-02;7.267281e-02;8.229887e-02;1.914136e-01;8.987968e-02;1.013904e-01;7.549778e-02;1.313958e-01;5.413609e-02
1.530147e-02;9.278660e-02;4.043378e-02;3.017925e-02;7.140332e-02;1.618074e-01;1.337335e-01;4.543876e-02;7.263606e-02;5.234001e-02;2.342138e-01;4.972601e-02
1.408686e-02;5.714649e-02;6.992266e-02;2.462411e-02;4.555031e-02;1.903028e-01;1.497106e-01;3.089197e-02;4.480889e-02;3.035279e-02;2.714261e-01;7.117657e-02
1.208308e-02;4.092023e-02;6.686382e-02;4.567727e-02;2.166615e-02;1.987644e-01;1.819914e-01;2.401056e-02;3.077536e-02;3.027118e-02;2.207759e-01;1.262006e-01
1.478644e-02;3.406282e-02;6.280260e-02;5.163273e-02;2.180268e-02;2.429332e-01;2.182776e-01;2.991402e-02;2.277625e-02;2.286213e-02;1.259298e-01;1.522197e-01
1.490528e-02;3.269080e-02;9.220012e-02;4.634601e-02;1.287174e-02;2.562528e-01;2.305835e-01;2.395998e-02;2.040308e-02;1.449679e-02;1.169291e-01;1.383608e-01
1.992582e-02;3.064431e-02;1.052750e-01;2.312316e-02;7.585910e-03;2.417351e-01;2.244190e-01;2.091181e-02;2.186706e-02;1.960485e-02;1.854744e-01;9.943352e-02
1.972001e-02;2.693288e-02;8.940878e-02;5.736666e-03;1.484097e-02;2.546314e-01;2.074010e-01;2.314375e-02;4.380777e-02;5.565353e-02;1.607594e-01;9.796391e-02
1.778168e-02;1.882128e-02;5.703667e-02;1.028563e-02;2.999146e-02;2.388056e-01;1.823078e-01;4.265596e-02;6.733215e-02;8.951221e-02;1.434737e-01;1.019958e-01
2.187629e-02;3.390936e-02;5.447809e-02;2.298498e-02;3.919811e-02;1.736230e-01;1.555992e-01;7.120811e-02;7.817628e-02;8.643674e-02;1.487107e-01;1.137991e-01
2.772023e-02;6.079070e-02;6.629118e-02;1.969659e-02;3.729286e-02;1.882881e-01;1.466211e-01;1.056448e-01;8.743104e-02;3.617455e-02;1.109210e-01;1.131279e-01
2.002914e-02;5.411546e-02;6.466301e-02;2.922099e-02;2.476539e-02;1.508694e-01;2.155580e-01;8.479396e-02;8.065327e-02;3.388021e-02;1.796199e-01;6.183128e-02
2.213758e-02;4.936547e-02;6.632739e-02;1.902356e-02;2.675920e-02;1.063496e-01;2.216206e-01;6.365333e-02;6.702088e-02;4.521359e-02;2.335339e-01;7.899482e-02
2.295814e-02;4.468497e-02;7.507630e-02;2.152071e-02;2.358847e-02;1.497778e-01;1.570963e-01;6.802024e-02;7.024307e-02;3.005302e-02;2.273749e-01;1.096061e-01
3.793938e-02;3.874824e-02;7.552210e-02;3.369651e-02;3.792581e-02;2.494997e-01;8.692039e-02;7.241909e-02;9.253062e-02;3.264548e-02;1.421173e-01;1.000353e-01
5.906099e-02;7.161158e-02;6.608090e-02;2.928662e-02;5.419773e-02;3.188897e-01;4.534131e-02;8.959907e-02;9.309293e-02;5.300316e-02;5.467206e-02;6.516394e-02
2.848359e-02;5.702158e-02;3.648083e-02;2.775423e-02;8.029824e-02;3.056997e-01;1.288621e-01;7.547228e-02;4.824980e-02;5.658523e-02;6.404591e-02;9.104650e-02
3.182869e-02;3.246796e-02;3.356906e-02;4.498579e-02;8.888298e-02;2.134318e-01;2.207833e-01;5.266962e-02;4.796062e-02;6.381387e-02;9.375932e-02;7.584693e-02
4.779318e-02;4.915090e-02;5.211495e-02;3.958497e-02;6.877763e-02;1.693709e-01;2.094230e-01;6.521391e-02;6.091310e-02;4.345358e-02;1.034298e-01;9.077411e-02
6.171229e-02;8.945870e-02;1.158383e-01;2.116811e-02;3.804782e-02;1.749009e-01;1.470406e-01;5.988771e-02;6.156726e-02;2.814370e-02;1.027835e-01;9.945104e-02
5.135480e-02;7.135634e-02;1.333845e-01;2.650857e-02;5.082470e-02;2.223565e-01;1.464403e-01;4.817690e-02;4.701031e-02;3.544840e-02;8.078775e-02;8.635098e-02
2.258974e-02;3.317940e-02;1.052118e-01;1.738533e-02;3.217292e-02;3.039688e-01;2.247514e-01;3.103895e-02;4.244628e-02;3.000542e-02;8.995216e-02;6.729791e-02
9.238543e-03;2.106209e-02;9.048913e-02;9.694635e-03;1.181666e-02;3.253452e-01;2.476848e-01;2.919700e-02;4.965665e-02;2.183637e-02;1.156889e-01;6.829014e-02
1.146151e-02;1.729802e-02;8.389828e-02;4.861227e-03;1.840346e-02;3.488941e-01;2.230128e-01;2.604044e-02;7.262143e-02;2.088790e-02;1.238650e-01;4.875579e-02
1.507177e-02;2.558449e-02;7.800868e-02;1.332213e-02;3.879305e-02;3.701632e-01;1.910297e-01;2.840994e-02;8.666722e-02;2.217608e-02;1.051447e-01;2.562902e-02
2.288730e-02;4.396650e-02;7.979140e-02;2.757303e-02;5.461271e-02;3.308266e-01;1.662062e-01;6.222388e-02;8.382103e-02;2.234530e-02;6.829107e-02;3.745502e-02
3.737695e-02;5.746400e-02;1.015138e-01;4.214805e-02;4.630091e-02;2.428806e-01;9.328093e-02;1.031895e-01;7.683188e-02;4.944550e-02;6.714457e-02;8.242329e-02
4.969442e-02;3.709492e-02;9.198157e-02;3.491392e-02;5.249359e-02;2.222856e-01;1.283315e-01;7.270259e-02;7.421189e-02;4.985249e-02;1.156880e-01;7.074949e-02
4.251450e-02;1.659005e-02;7.506837e-02;2.289245e-02;4.078580e-02;3.393496e-01;1.399600e-01;2.898356e-02;4.762766e-02;3.150488e-02;1.739743e-01;4.074880e-02
3.894167e-02;1.422957e-02;7.130401e-02;1.444845e-02;1.689224e-02;4.019364e-01;1.369097e-01;1.785819e-02;3.683656e-02;2.653349e-02;1.974081e-01;2.670171e-02
5.042698e-02;1.272036e-02;6.678743e-02;9.776063e-03;2.801379e-02;4.269520e-01;1.240062e-01;1.798831e-02;4.138156e-02;2.960642e-02;1.734923e-01;1.884855e-02
5.689500e-02;1.624039e-02;5.560638e-02;1.199253e-02;6.099508e-02;4.500633e-01;8.502066e-02;2.848762e-02;3.895181e-02;3.403247e-02;1.444105e-01;1.730427e-02
4.306465e-02;2.321791e-02;3.996368e-02;1.915318e-02;9.825990e-02;4.308237e-01;7.601671e-02;3.618831e-02;4.675725e-02;2.668239e-02;1.328678e-01;2.700458e-02
3.403575e-02;3.523642e-02;4.587515e-02;3.935530e-02;1.203278e-01;3.411789e-01;1.006323e-01;5.692799e-02;7.111732e-02;2.075997e-02;1.065236e-01;2.802955e-02
4.062404e-02;5.148893e-02;5.914087e-02;6.456178e-02;1.238351e-01;2.453268e-01;8.373744e-02;9.585248e-02;9.259626e-02;4.321158e-02;7.945560e-02;2.016904e-02
6.210884e-02;3.390007e-02;4.676705e-02;8.912542e-02;9.332326e-02;2.378080e-01;6.657033e-02;9.704144e-02;7.547187e-02;6.157540e-02;1.101860e-01;2.612236e-02
4.227114e-02;4.181121e-02;6.011303e-02;6.224282e-02;1.495005e-01;2.580761e-01;5.670631e-02;5.420412e-02;7.413840e-02;4.881888e-02;1.218834e-01;3.023403e-02
4.762357e-02;6.230951e-02;8.066847e-02;3.211572e-02;1.489498e-01;2.212989e-01;8.508808e-02;9.156293e-02;8.362224e-02;4.222461e-02;7.027532e-02;3.426092e-02
4.553258e-02;7.055504e-02;8.739344e-02;3.575690e-02;1.307520e-01;1.513143e-01;1.448182e-01;8.098923e-02;8.046653e-02;5.004396e-02;9.001554e-02;3.236241e-02
3.756400e-02;7.268654e-02;9.535450e-02;4.314599e-02;9.467559e-02;1.995546e-01;1.341117e-01;7.813015e-02;8.162969e-02;5.559644e-02;7.089107e-02;3.665969e-02
5.353158e-02;7.374965e-02;1.046876e-01;6.511549e-02;8.178272e-02;1.658974e-01;1.228530e-01;9.604666e-02;7.960285e-02;5.838986e-02;5.977304e-02;3.857020e-02
7.859556e-02;5.666607e-02;1.098925e-01;6.629078e-02;7.757176e-02;1.027319e-01;1.216746e-01;1.217284e-01;7.865564e-02;5.438112e-02;7.441451e-02;5.739721e-02
5.619128e-02;8.930745e-02;1.150694e-01;5.344287e-02;1.035064e-01;1.746797e-01;5.926632e-02;1.054482e-01;6.933148e-02;2.839658e-02;9.144507e-02;5.391519e-02
3.098969e-02;1.030261e-01;9.322837e-02;6.360000e-02;9.912726e-02;2.249603e-01;6.015955e-02;7.886967e-02;5.516767e-02;5.485812e-02;1.064960e-01;2.951729e-02
1.731349e-02;1.201845e-01;6.513072e-02;5.732536e-02;1.042886e-01;2.106891e-01;6.749123e-02;6.631600e-02;5.545722e-02;1.168034e-01;1.031010e-01;1.589934e-02
2.275294e-02;1.242971e-01;2.634025e-02;4.825239e-02;1.506329e-01;1.224558e-01;5.573685e-02;6.568964e-02;8.992307e-02;1.918711e-01;6.732539e-02;3.472263e-02
2.212690e-02;9.769772e-02;2.899423e-02;4.999169e-02;1.813474e-01;1.274044e-01;5.002275e-02;6.199508e-02;1.056078e-01;1.984964e-01;2.973011e-02;4.658544e-02
2.435345e-02;6.491352e-02;3.733746e-02;8.354688e-02;1.902213e-01;1.109603e-01;4.508843e-02;7.607244e-02;1.244024e-01;1.702886e-01;3.738623e-02;3.542902e-02
3.791320e-02;3.767952e-02;5.273377e-02;1.046866e-01;1.385595e-01;1.223907e-01;5.628443e-02;1.112057e-01;1.429442e-01;1.330413e-01;3.346827e-02;2.909279e-02
3.151302e-02;4.267050e-02;4.261201e-02;9.252422e-02;1.399837e-01;1.764096e-01;4.604871e-02;1.016118e-01;1.499589e-01;1.334765e-01;2.940595e-02;1.378510e-02
2.930450e-02;6.148863e-02;3.529726e-02;6.630511e-02;1.336972e-01;1.772380e-01;6.120027e-02;9.524482e-02;1.574842e-01;1.362110e-01;3.582926e-02;1.069974e-02
3.152256e-02;6.820346e-02;3.363019e-02;5.105304e-02;8.576311e-02;1.582850e-01;8.545861e-02;9.031101e-02;1.669966e-01;1.523062e-01;5.800565e-02;1.846458e-02
2.874476e-02;6.857700e-02;3.311039e-02;2.260032e-02;7.502641e-02;1.199568e-01;9.050665e-02;9.976152e-02;1.887087e-01;1.621325e-01;9.352800e-02;1.734693e-02
3.973942e-02;8.052389e-02;3.403789e-02;1.991470e-02;8.385617e-02;9.387507e-02;6.869564e-02;8.715424e-02;2.359330e-01;1.482363e-01;8.743792e-02;2.059578e-02
3.437680e-02;6.328367e-02;3.613324e-02;3.017673e-02;1.074553e-01;1.010486e-01;2.467719e-02;1.218143e-01;2.492705e-01;1.379029e-01;6.933285e-02;2.452798e-02
2.493708e-02;5.783547e-02;4.099811e-02;4.361853e-02;1.286688e-01;7.545947e-02;2.815045e-02;1.048391e-01;2.412020e-01;1.584790e-01;6.863983e-02;2.717219e-02
3.560394e-02;3.382806e-02;3.223155e-02;7.339851e-02;1.389021e-01;8.219106e-02;2.989083e-02;1.062647e-01;2.283083e-01;1.633356e-01;5.445138e-02;2.159391e-02
4.487149e-02;5.165108e-02;2.632076e-02;8.587790e-02;1.416267e-01;9.744269e-02;5.047083e-02;1.067757e-01;2.120185e-01;1.423547e-01;2.508340e-02;1.550629e-02
4.255902e-02;6.478178e-02;3.896502e-02;8.356912e-02;1.558319e-01;8.947895e-02;5.625645e-02;7.175221e-02;2.098320e-01;1.412863e-01;2.871833e-02;1.696890e-02
3.533994e-02;5.769669e-02;2.810645e-02;8.370677e-02;1.639508e-01;5.892206e-02;5.908878e-02;1.027093e-01;2.228730e-01;1.456661e-01;2.780843e-02;1.413171e-02
3.175474e-02;5.755458e-02;2.679863e-02;9.007879e-02;1.340876e-01;7.498022e-02;5.613848e-02;1.184440e-01;2.425756e-01;1.328747e-01;2.011542e-02;1.459736e-02
1.867106e-02;3.757349e-02;3.384951e-02;1.116570e-01;1.102096e-01;7.629532e-02;3.895339e-02;1.749227e-01;2.411857e-01;1.174373e-01;2.759956e-02;1.164540e-02
3.143834e-02;4.805311e-02;3.207906e-02;1.239669e-01;1.250481e-01;1.167975e-01;1.861147e-02;1.712496e-01;1.985687e-01;9.413623e-02;2.847162e-02;1.157946e-02
4.473495e-02;6.789856e-02;5.149287e-02;1.259371e-01;9.104997e-02;1.570206e-01;3.037646e-02;1.530517e-01;1.419508e-01;8.030058e-02;3.858723e-02;1.759921e-02
2.850756e-02;6.170809e-02;5.260102e-02;1.104995e-01;1.019726e-01;1.958112e-01;3.114740e-02;1.668870e-01;1.157819e-01;7.118215e-02;4.841739e-02;1.548420e-02
3.401038e-02;5.583451e-02;3.910098e-02;7.466292e-02;1.236797e-01;1.786852e-01;2.871597e-02;2.035113e-01;1.427357e-01;6.238933e-02;3.169613e-02;2.497791e-02
3.357826e-02;5.571742e-02;5.006275e-02;5.946953e-02;1.144186e-01;1.605306e-01;3.729557e-02;2.195526e-01;1.678218e-01;3.229699e-02;3.276742e-02;3.648834e-02
2.633030e-02;3.219434e-02;6.711475e-02;4.329081e-02;1.187327e-01;1.858099e-01;4.306728e-02;2.154548e-01;1.265297e-01;4.590178e-02;5.487807e-02;4.069567e-02
2.575379e-02;4.564680e-02;9.983832e-02;5.486778e-02;1.187947e-01;1.624712e-01;4.505940e-02;2.189888e-01;5.109987e-02;7.073277e-02;7.017423e-02;3.657233e-02
2.808104e-02;3.224489e-02;7.402129e-02;6.423375e-02;1.152228e-01;1.268501e-01;2.205732e-02;2.229909e-01;1.349114e-01;7.118060e-02;6.548867e-02;4.271720e-02
1.253923e-02;3.658474e-02;5.376356e-02;9.515810e-02;1.078307e-01;9.877612e-02;3.611143e-02;1.807559e-01;2.132759e-01;5.933097e-02;5.581203e-02;5.006132e-02
2.595703e-02;4.674336e-02;6.502572e-02;1.012146e-01;4.421759e-02;1.473540e-01;3.603059e-02;1.499099e-01;2.622634e-01;5.907656e-02;3.515001e-02;2.705729e-02
2.347722e-02;4.262862e-02;5.567863e-02;7.250069e-02;1.078939e-01;1.431436e-01;1.632902e-02;1.385753e-01;2.528372e-01;6.801966e-02;4.590064e-02;3.301555e-02
1.787535e-02;3.645613e-02;4.017888e-02;7.208494e-02;1.459959e-01;1.225843e-01;3.336255e-02;1.170218e-01;2.228226e-01;1.085989e-01;5.353466e-02;2.948392e-02
1.759998e-02;5.431550e-02;5.244407e-02;6.482046e-02;1.183826e-01;1.769074e-01;9.009618e-02;1.097137e-01;1.477479e-01;1.126921e-01;3.655016e-02;1.872997e-02
1.479448e-02;6.315707e-02;3.694050e-02;3.924191e-02;6.754769e-02;2.222752e-01;1.404456e-01;1.006997e-01;1.476976e-01;8.269675e-02;6.192887e-02;2.257470e-02
1.354553e-02;4.545940e-02;3.122688e-02;2.900672e-02;5.067056e-02;2.355246e-01;1.606564e-01;1.005089e-01;1.471498e-01;7.433056e-02;8.655204e-02;2.536870e-02
1.332207e-02;4.040779e-02;5.750750e-02;3.433377e-02;2.744804e-02;2.933610e-01;1.070117e-01;9.217530e-02;1.115479e-01;8.720499e-02;1.069203e-01;2.875966e-02
1.105913e-02;2.472101e-02;7.221717e-02;3.458122e-02;6.871181e-02;3.096677e-01;6.276080e-02;6.860561e-02;1.248691e-01;8.553953e-02;1.069364e-01;3.033055e-02
1.050989e-02;3.109504e-02;8.261479e-02;3.554915e-02;7.204136e-02;2.373827e-01;7.873195e-02;6.094854e-02;1.590573e-01;9.287866e-02;1.013070e-01;3.788367e-02
1.682116e-02;4.024838e-02;7.874016e-02;4.942572e-02;5.797187e-02;1.325841e-01;1.199551e-01;8.966223e-02;1.908810e-01;8.442207e-02;8.474742e-02;5.454079e-02
2.539060e-02;5.087351e-02;5.836475e-02;5.433426e-02;6.140434e-02;9.576808e-02;1.715259e-01;1.271159e-01;1.464359e-01;6.369512e-02;4.521719e-02;9.987441e-02
2.695564e-02;3.992882e-02;2.369772e-02;4.217314e-02;6.464601e-02;1.140957e-01;2.122800e-01;1.324374e-01;1.138930e-01;4.473000e-02;4.355064e-02;1.416119e-01
2.759313e-02;4.505632e-02;3.339584e-02;4.777454e-02;5.025521e-02;1.173054e-01;2.301503e-01;1.100011e-01;7.887507e-02;3.394010e-02;6.251317e-02;1.631397e-01
3.572262e-02;7.814315e-02;4.623612e-02;6.608832e-02;6.187862e-02;6.693729e-02;2.298328e-01;8.554686e-02;5.823368e-02;4.368449e-02;5.295638e-02;1.747397e-01
3.789547e-02;9.782533e-02;6.862261e-02;8.265908e-02;6.618042e-02;6.327153e-02;1.928736e-01;8.413940e-02;9.335002e-02;5.281201e-02;1.498567e-02;1.453849e-01
3.332187e-02;1.065663e-01;8.182643e-02;8.239727e-02;4.923385e-02;8.961724e-02;1.285764e-01;1.006655e-01;1.382456e-01;4.995311e-02;4.744318e-02;9.215325e-02
3.235441e-02;7.300390e-02;7.682973e-02;6.125863e-02;5.265389e-02;1.024744e-01;9.399357e-02;1.384329e-01;1.987765e-01;6.178336e-02;4.359994e-02;6.483874e-02
3.133379e-02;6.641578e-02;5.760016e-02;4.491691e-02;3.103134e-02;1.506605e-01;1.337440e-01;1.344341e-01;1.909971e-01;5.388819e-02;5.413008e-02;5.084803e-02
2.310668e-02;4.146403e-02;3.891593e-02;3.737440e-02;2.065577e-02;1.769310e-01;1.763667e-01;1.257822e-01;1.859248e-01;6.024895e-02;6.975460e-02;4.347495e-02
1.598142e-02;4.562330e-02;4.054949e-02;3.783423e-02;4.397070e-02;1.483220e-01;1.709024e-01;1.966375e-01;1.603975e-01;5.404770e-02;4.203705e-02;4.369669e-02
1.838015e-02;4.360953e-02;4.543269e-02;4.032263e-02;1.062784e-01;7.839547e-02;1.692170e-01;2.184280e-01;1.317185e-01;6.389695e-02;3.017107e-02;5.414969e-02
2.353075e-02;5.720231e-02;4.141688e-02;2.925400e-02;1.011214e-01;2.031254e-01;8.733036e-02;1.443171e-01;1.718573e-01;6.191787e-02;3.064691e-02;4.827976e-02
2.234730e-02;6.448764e-02;4.380710e-02;3.217867e-02;7.176352e-02;2.223210e-01;5.558745e-02;1.128254e-01;2.128064e-01;6.928857e-02;5.336374e-02;3.922317e-02
2.408814e-02;7.364753e-02;6.530602e-02;4.865410e-02;7.030500e-02;2.049547e-01;8.767921e-02;1.346949e-01;1.391956e-01;5.108261e-02;5.465658e-02;4.573565e-02
4.391213e-02;1.106537e-01;9.636389e-02;6.528573e-02;7.342859e-02;1.918897e-01;9.043210e-02;1.153406e-01;9.981906e-02;3.092013e-02;2.985378e-02;5.210053e-02
5.453513e-02;1.167451e-01;1.125798e-01;6.330961e-02;4.236123e-02;1.334723e-01;1.525293e-01;1.461735e-01;6.579202e-02;2.827299e-02;1.387791e-02;7.035121e-02
4.575050e-02;9.066298e-02;7.094441e-02;7.746249e-02;2.763663e-02;1.045438e-01;2.414463e-01;1.320526e-01;4.860708e-02;3.553895e-02;1.731574e-02;1.080385e-01
1.941677e-02;5.454409e-02;3.038643e-02;8.559889e-02;1.319380e-02;1.031794e-01;3.591758e-01;1.069491e-01;4.657525e-02;3.100090e-02;1.795201e-02;1.320275e-01
1.001526e-02;3.458429e-02;2.447530e-02;6.821208e-02;4.580795e-02;1.734883e-01;3.460069e-01;8.056734e-02;5.792598e-02;2.263141e-02;3.112046e-02;1.051646e-01
9.740732e-03;1.940798e-02;3.004580e-02;4.138937e-02;8.818186e-02;2.574513e-01;2.468313e-01;7.430828e-02;8.377484e-02;2.962033e-02;5.319725e-02;6.605095e-02
1.212268e-02;1.939121e-02;4.918549e-02;2.319877e-02;9.079732e-02;2.877621e-01;1.674578e-01;7.633805e-02;1.103667e-01;3.572210e-02;6.979752e-02;5.786025e-02
1.430906e-02;2.660882e-02;7.843911e-02;1.606616e-02;7.146169e-02;2.596410e-01;1.041230e-01;7.944439e-02;1.314257e-01;6.700633e-02;8.799814e-02;6.347660e-02
1.948037e-02;1.986811e-02;9.527669e-02;1.954633e-02;3.365652e-02;2.062413e-01;8.497128e-02;1.208462e-01;1.663564e-01;7.956312e-02;8.495419e-02;6.923949e-02
2.511779e-02;5.917399e-02;8.972837e-02;1.642884e-02;1.958679e-02;1.470871e-01;9.138983e-02;1.916655e-01;1.647324e-01;6.987819e-02;5.512645e-02;7.008480e-02
3.681261e-02;9.254152e-02;7.137469e-02;1.587608e-02;2.914761e-02;1.401958e-01;1.537767e-01;1.956972e-01;1.049624e-01;5.105404e-02;3.571146e-02;7.284980e-02
4.251616e-02;7.093589e-02;5.357734e-02;2.026243e-02;3.951782e-02;1.026882e-01;1.187672e-01;1.641915e-01;1.772996e-01;6.592027e-02;5.523375e-02;8.908980e-02
3.831642e-02;8.683023e-02;6.045436e-02;3.292666e-02;3.333038e-02;8.978491e-02;9.634647e-02;1.342713e-01;1.991275e-01;7.391088e-02;6.751546e-02;8.718551e-02
3.576863e-02;8.958389e-02;6.497046e-02;2.498108e-02;2.139754e-02;1.289039e-01;1.656770e-01;1.194086e-01;1.645979e-01;6.959129e-02;6.583715e-02;4.928252e-02
3.303222e-02;6.153429e-02;5.037436e-02;1.899752e-02;4.424565e-02;1.180001e-01;1.960021e-01;1.539391e-01;1.574986e-01;6.819474e-02;6.193125e-02;3.625006e-02
2.530967e-02;5.640382e-02;4.784265e-02;2.693310e-02;6.957994e-02;1.226659e-01;1.359301e-01;1.415048e-01;1.857795e-01;9.690750e-02;5.187516e-02;3.926778e-02
2.085595e-02;7.783420e-02;5.352511e-02;3.203813e-02;7.900417e-02;1.123974e-01;6.538837e-02;1.606818e-01;2.330730e-01;8.437224e-02;5.821443e-02;2.261512e-02
1.733566e-02;7.224301e-02;8.429237e-02;5.237968e-02;6.633300e-02;1.456229e-01;6.143708e-02;1.756910e-01;1.940960e-01;5.438731e-02;4.254347e-02;3.363853e-02
3.221068e-02;1.000349e-01;1.173194e-01;5.576692e-02;5.676368e-02;1.672140e-01;9.476870e-02;1.243847e-01;1.295696e-01;3.631502e-02;3.574519e-02;4.990719e-02
3.838733e-02;1.088412e-01;1.331462e-01;4.709983e-02;6.624436e-02;1.799721e-01;7.307924e-02;1.016747e-01;1.268973e-01;3.589956e-02;3.712654e-02;5.163158e-02
4.075535e-02;4.971481e-02;8.891767e-02;7.735768e-02;7.190572e-02;1.891518e-01;8.904625e-02;1.122876e-01;1.571683e-01;3.602898e-02;3.632915e-02;5.133673e-02
4.053062e-02;8.354070e-02;7.662525e-02;6.983400e-02;8.263082e-02;1.960965e-01;1.377323e-01;7.054258e-02;1.145679e-01;3.517487e-02;5.065158e-02;4.207290e-02
3.885185e-02;6.577356e-02;5.805759e-02;5.073865e-02;9.255200e-02;1.727129e-01;1.772709e-01;8.093134e-02;1.102587e-01;4.981852e-02;6.853238e-02;3.450163e-02
4.121199e-02;5.495967e-02;7.061099e-02;5.850806e-02;7.381731e-02;1.031152e-01;1.868027e-01;7.836252e-02;1.220042e-01;6.888352e-02;7.895553e-02;6.276827e-02
3.979352e-02;4.883168e-02;7.210827e-02;5.988169e-02;6.433682e-02;1.179571e-01;1.469433e-01;1.246336e-01;1.150283e-01;5.961984e-02;6.255896e-02;8.830699e-02
5.049313e-02;8.174919e-02;7.537013e-02;4.678684e-02;8.091313e-02;1.213876e-01;1.098689e-01;1.078436e-01;1.214593e-01;6.110647e-02;5.875289e-02;8.426884e-02
7.079771e-02;9.134454e-02;7.493068e-02;4.017758e-02;8.346386e-02;1.272448e-01;1.001220e-01;1.161354e-01;1.204547e-01;6.436600e-02;5.380901e-02;5.715369e-02
8.461200e-02;1.243132e-01;1.109191e-01;4.293839e-02;6.717318e-02;1.545250e-01;6.828327e-02;7.701335e-02;9.531199e-02;6.284364e-02;4.420062e-02;6.786639e-02
7.841457e-02;1.650322e-01;1.596948e-01;3.549768e-02;5.094846e-02;1.481677e-01;6.465506e-02;6.382430e-02;8.596189e-02;7.222968e-02;3.416293e-02;4.141075e-02
1.032597e-01;1.649971e-01;1.251577e-01;3.744161e-02;3.464576e-02;1.084970e-01;7.357541e-02;1.241162e-01;7.882303e-02;7.677430e-02;1.901984e-02;5.369230e-02
1.335281e-01;1.398254e-01;8.861637e-02;4.952995e-02;3.609239e-02;5.937232e-02;1.184698e-01;1.857523e-01;4.817938e-02;5.307106e-02;1.295190e-02;7.461105e-02
1.170006e-01;9.022016e-02;6.933215e-02;4.813239e-02;4.118713e-02;5.862509e-02;1.718916e-01;2.104346e-01;3.607949e-02;3.673162e-02;2.302666e-02;9.733851e-02
6.137470e-02;4.818014e-02;2.335988e-02;5.966209e-02;2.751409e-02;8.062471e-02;2.838717e-01;1.719424e-01;2.584727e-02;3.561169e-02;2.569983e-02;1.563116e-01
3.771722e-02;4.287343e-02;1.759913e-02;7.155575e-02;1.645657e-02;1.020506e-01;3.867861e-01;9.964964e-02;3.045676e-02;3.129913e-02;2.376761e-02;1.397881e-01
2.767677e-02;3.341112e-02;1.679948e-02;8.593410e-02;1.780152e-02;1.396762e-01;4.140770e-01;7.659338e-02;2.476881e-02;2.336120e-02;1.608815e-02;1.238123e-01
2.314815e-02;3.115645e-02;1.919315e-02;8.117740e-02;1.331723e-02;1.631881e-01;4.071794e-01;6.822593e-02;2.519867e-02;2.689719e-02;1.606208e-02;1.252563e-01
2.898701e-02;5.659549e-02;4.073108e-02;6.072077e-02;2.412711e-02;1.115969e-01;3.773717e-01;8.766367e-02;2.798340e-02;2.907504e-02;2.355809e-02;1.315898e-01
3.334719e-02;6.044582e-02;5.626781e-02;2.347039e-02;5.630192e-02;7.193916e-02;2.603230e-01;1.902324e-01;4.677800e-02;2.721658e-02;4.496965e-02;1.287081e-01
2.507954e-02;2.741534e-02;5.755540e-02;2.341806e-02;7.705956e-02;7.339722e-02;1.547560e-01;2.473717e-01;1.165664e-01;3.016243e-02;6.822509e-02;9.899329e-02
2.977582e-02;3.683805e-02;6.158629e-02;2.579556e-02;7.077450e-02;9.258776e-02;9.940723e-02;1.763059e-01;1.780641e-01;4.858617e-02;9.015555e-02;9.012313e-02
3.638417e-02;3.706293e-02;7.629582e-02;2.225694e-02;4.029710e-02;1.694021e-01;5.785977e-02;1.090671e-01;1.776136e-01;8.966645e-02;1.017612e-01;8.233280e-02
2.848520e-02;4.768739e-02;7.481320e-02;1.931422e-02;2.736950e-02;2.648634e-01;9.313959e-02;9.514408e-02;1.109167e-01;1.063456e-01;8.643727e-02;4.548392e-02
3.019604e-02;5.050765e-02;6.741975e-02;1.975686e-02;2.796088e-02;2.994468e-01;7.832225e-02;7.970761e-02;1.132028e-01;8.239722e-02;8.317605e-02;6.790607e-02
3.626503e-02;4.322633e-02;6.763420e-02;3.297188e-02;2.799294e-02;2.918640e-01;7.112566e-02;7.561088e-02;9.169438e-02;5.930450e-02;1.236743e-01;7.863589e-02
3.225717e-02;3.842060e-02;5.979111e-02;6.619439e-02;1.736068e-02;2.478906e-01;1.229492e-01;7.504911e-02;9.978377e-02;5.182257e-02;1.332630e-01;5.521769e-02
3.289201e-02;4.946731e-02;5.494818e-02;7.464682e-02;2.509395e-02;2.497052e-01;1.548682e-01;8.025227e-02;7.557791e-02;4.168021e-02;1.253422e-01;3.552563e-02
2.322523e-02;7.709438e-02;6.076124e-02;4.498698e-02;3.911830e-02;2.110876e-01;1.286950e-01;1.001957e-01;1.168839e-01;4.709504e-02;9.869546e-02;5.216125e-02
3.304873e-02;8.972545e-02;8.170510e-02;3.288686e-02;5.004546e-02;1.359417e-01;9.655394e-02;1.647005e-01;1.557081e-01;4.578618e-02;6.495013e-02;4.894783e-02
4.810713e-02;9.885297e-02;9.602507e-02;4.166426e-02;5.093049e-02;6.578248e-02;8.419243e-02;2.045649e-01;1.551087e-01;5.171870e-02;5.540335e-02;4.764944e-02
6.736896e-02;6.475990e-02;6.831856e-02;5.541283e-02;3.095875e-02;1.439668e-01;1.119502e-01;1.537721e-01;1.098425e-01;5.433953e-02;7.697120e-02;6.233870e-02
6.749767e-02;1.300854e-01;7.626736e-02;4.071899e-02;4.062765e-02;1.473275e-01;9.000847e-02;8.604574e-02;1.086439e-01;4.305837e-02;8.382451e-02;8.589450e-02
4.374502e-02;1.478670e-01;7.761413e-02;6.554549e-02;3.477908e-02;1.168987e-01;1.098036e-01;9.548208e-02;7.644396e-02;4.898002e-02;8.671436e-02;9.612656e-02
6.087702e-02;1.367554e-01;5.270891e-02;8.931244e-02;4.743334e-02;5.711636e-02;1.461118e-01;1.066320e-01;7.847255e-02;6.119637e-02;7.397822e-02;8.940558e-02
6.372300e-02;1.138075e-01;5.494613e-02;8.461114e-02;5.569685e-02;9.166826e-02;1.035117e-01;1.191604e-01;1.062512e-01;6.007245e-02;6.982663e-02;7.672469e-02
3.937162e-02;9.264117e-02;8.207861e-02;6.914598e-02;5.315061e-02;1.211039e-01;1.173630e-01;1.300121e-01;1.120772e-01;5.782270e-02;5.669242e-02;6.854056e-02
4.066889e-02;4.348938e-02;9.720241e-02;5.327027e-02;5.414020e-02;1.486487e-01;2.024610e-01;1.475343e-01;5.750050e-02;4.923920e-02;5.246657e-02;5.337861e-02
2.562304e-02;1.175794e-01;1.088735e-01;4.772497e-02;4.583801e-02;1.064918e-01;1.700673e-01;1.543358e-01;5.942380e-02;5.655339e-02;5.879911e-02;4.868995e-02
2.460975e-02;8.442605e-02;1.017958e-01;3.527126e-02;4.925161e-02;1.640079e-01;1.795555e-01;1.102303e-01;5.813060e-02;3.511128e-02;1.066023e-01;5.100767e-02
2.101787e-02;4.510750e-02;8.470290e-02;2.469241e-02;5.219688e-02;2.261831e-01;1.652713e-01;7.865437e-02;4.444055e-02;2.959397e-02;1.812143e-01;4.692479e-02
2.027866e-02;2.808987e-02;7.385207e-02;2.172416e-02;4.401434e-02;2.781161e-01;1.224485e-01;5.453801e-02;2.607822e-02;3.117912e-02;2.615781e-01;3.810287e-02
2.511493e-02;6.669965e-02;4.989976e-02;2.750264e-02;5.809334e-02;2.282110e-01;6.585975e-02;6.708097e-02;4.632651e-02;9.155340e-02;2.440608e-01;2.959726e-02
2.125659e-02;1.106508e-01;2.177922e-02;2.752845e-02;9.010671e-02;1.531119e-01;4.539144e-02;8.541828e-02;5.018345e-02;1.859481e-01;1.829955e-01;2.562946e-02
1.484384e-02;1.377781e-01;2.001123e-02;3.390168e-02;1.104525e-01;1.247373e-01;2.763713e-02;1.058687e-01;4.718048e-02;2.547354e-01;1.001521e-01;2.270157e-02
1.302811e-02;1.372769e-01;2.515731e-02;3.593854e-02;1.180215e-01;1.075753e-01;2.713047e-02;1.142947e-01;5.233729e-02;2.834710e-01;6.297942e-02;2.278950e-02
1.365437e-02;1.299621e-01;3.812214e-02;4.638616e-02;1.209829e-01;1.075235e-01;3.120716e-02;1.143512e-01;6.810234e-02;2.506118e-01;4.655335e-02;3.254306e-02
2.330081e-02;1.016288e-01;5.090145e-02;6.010273e-02;9.968185e-02;1.525517e-01;6.498978e-02;9.786803e-02;7.740403e-02;1.619371e-01;6.358662e-02;4.604709e-02
2.442840e-02;9.266992e-02;5.585267e-02;5.122493e-02;1.192991e-01;2.156597e-01;1.160659e-01;9.912230e-02;7.910478e-02;7.183766e-02;3.392325e-02;4.081145e-02
2.536374e-02;9.631322e-02;4.220947e-02;4.273533e-02;1.599209e-01;1.833358e-01;1.025537e-01;6.918010e-02;7.257471e-02;1.241790e-01;3.909646e-02;4.253766e-02
2.536099e-02;9.027510e-02;3.343862e-02;5.312955e-02;1.994663e-01;1.226218e-01;7.758163e-02;5.229637e-02;7.466374e-02;1.828097e-01;3.267889e-02;5.567728e-02
2.432811e-02;7.609945e-02;2.981125e-02;6.936865e-02;2.207695e-01;5.901334e-02;5.989573e-02;5.735005e-02;7.206737e-02;2.210796e-01;5.075197e-02;5.946505e-02
2.168499e-02;5.764302e-02;3.618192e-02;1.086259e-01;2.233114e-01;4.846849e-02;5.314967e-02;5.284061e-02;9.856778e-02;2.120928e-01;4.384886e-02;4.358467e-02
2.466544e-02;4.042073e-02;5.139163e-02;1.429974e-01;2.041767e-01;7.062092e-02;5.553279e-02;7.622158e-02;1.265669e-01;1.579193e-01;3.247362e-02;1.701303e-02
2.243605e-02;8.627952e-02;4.235876e-02;1.113860e-01;1.820615e-01;8.748955e-02;4.737604e-02;1.117350e-01;1.326614e-01;1.349572e-01;2.415920e-02;1.709986e-02
3.472005e-02;1.393291e-01;4.360608e-02;6.100915e-02;1.432449e-01;4.220936e-02;4.029031e-02;1.019274e-01;1.499717e-01;1.817447e-01;3.998286e-02;2.196440e-02
2.413699e-02;1.232665e-01;4.238109e-02;5.582971e-02;1.513940e-01;5.406394e-02;4.296088e-02;8.955485e-02;1.204871e-01;2.263970e-01;4.850854e-02;2.101942e-02
1.426984e-02;1.042100e-01;2.941290e-02;5.853305e-02;1.743927e-01;8.497261e-02;4.918316e-02;8.833019e-02;1.059351e-01;2.537235e-01;1.394590e-02;2.309101e-02
2.038085e-02;9.422433e-02;2.074813e-02;5.520649e-02;1.683281e-01;7.575615e-02;4.664924e-02;8.165832e-02;1.114459e-01;2.648784e-01;3.499307e-02;2.573095e-02
1.082805e-02;1.168530e-01;2.773201e-02;5.386332e-02;1.617298e-01;6.974982e-02;4.312622e-02;6.769442e-02;1.356106e-01;2.676426e-01;2.027079e-02;2.489932e-02
5.597334e-02;9.310360e-02;3.805058e-02;6.288352e-02;1.087864e-01;7.456531e-02;7.507326e-02;1.125149e-01;1.489315e-01;1.589609e-01;4.086418e-02;3.029244e-02
1.064043e-01;4.852662e-02;3.720106e-02;1.017814e-01;7.069706e-02;9.963141e-02;1.570998e-01;1.061159e-01;1.439066e-01;5.711864e-02;4.359918e-02;2.791797e-02
1.278465e-01;4.112805e-02;3.131245e-02;1.287804e-01;7.418568e-02;8.213749e-02;1.839138e-01;8.362393e-02;1.399489e-01;4.907516e-02;3.876782e-02;1.927969e-02
1.437737e-01;2.680328e-02;2.582591e-02;1.475341e-01;7.006183e-02;7.619498e-02;2.034572e-01;7.026568e-02;1.536369e-01;2.957216e-02;3.895761e-02;1.391671e-02
1.329772e-01;3.320709e-02;2.614577e-02;1.370807e-01;5.671202e-02;5.929678e-02;1.757355e-01;6.049040e-02;1.563106e-01;1.036229e-01;3.775151e-02;2.066963e-02
1.130292e-01;3.210334e-02;3.477733e-02;1.250007e-01;7.632218e-02;5.269952e-02;1.064623e-01;7.923526e-02;1.655357e-01;1.633259e-01;2.143034e-02;3.007825e-02
8.371757e-02;5.664234e-02;5.146436e-02;1.005954e-01;1.140972e-01;9.082732e-02;5.261383e-02;1.025427e-01;1.170691e-01;1.337152e-01;6.610085e-02;3.061415e-02
3.170420e-02;8.003855e-02;6.134586e-02;9.223741e-02;1.243264e-01;1.063560e-01;7.103743e-02;8.261022e-02;8.431023e-02;1.589187e-01;7.896407e-02;2.815092e-02
5.065567e-02;8.070882e-02;4.372320e-02;9.495094e-02;1.136797e-01;1.130086e-01;1.166894e-01;7.729956e-02;1.346219e-01;1.168809e-01;3.805536e-02;1.972603e-02
5.250038e-02;8.793583e-02;3.356786e-02;8.556934e-02;7.869123e-02;1.084189e-01;1.198591e-01;8.860280e-02;1.503147e-01;1.459218e-01;2.762778e-02;2.099034e-02
5.952828e-02;8.745920e-02;4.312400e-02;6.666371e-02;7.309642e-02;9.133815e-02;1.175966e-01;8.073676e-02;1.388085e-01;1.661685e-01;5.139431e-02;2.408560e-02
5.112408e-02;6.283510e-02;6.474403e-02;6.410820e-02;8.944199e-02;9.854270e-02;9.482864e-02;9.802385e-02;1.477799e-01;1.356461e-01;7.030396e-02;2.262140e-02
5.593438e-02;5.990566e-02;6.935113e-02;6.594034e-02;1.063198e-01;1.279747e-01;8.936777e-02;1.072402e-01;1.228913e-01;8.873838e-02;5.802822e-02;4.830814e-02
5.682569e-02;6.298763e-02;7.974157e-02;7.542959e-02;1.118083e-01;1.434551e-01;9.167751e-02;1.037184e-01;1.028895e-01;9.355536e-02;4.680983e-02;3.110152e-02
4.065244e-02;6.319533e-02;7.973084e-02;7.068649e-02;1.274628e-01;1.705672e-01;1.008786e-01;1.043101e-01;1.082004e-01;6.986509e-02;3.882263e-02;2.562817e-02
3.647327e-02;1.146706e-01;1.198918e-01;5.682289e-02;9.999636e-02;1.022791e-01;1.036191e-01;1.182136e-01;8.224098e-02;8.787622e-02;3.135251e-02;4.656358e-02
5.351120e-02;1.146103e-01;8.742536e-02;5.712302e-02;6.396253e-02;1.012081e-01;7.924092e-02;1.316158e-01;8.349650e-02;1.060432e-01;7.388081e-02;4.788221e-02
4.361837e-02;1.241992e-01;3.785620e-02;5.799509e-02;1.143103e-01;8.144899e-02;5.016652e-02;1.011502e-01;9.221963e-02;1.625038e-01;9.054635e-02;4.398530e-02
5.015571e-02;1.112451e-01;3.429404e-02;6.589790e-02;1.607073e-01;6.876395e-02;5.158421e-02;6.464102e-02;1.361089e-01;1.825369e-01;3.749512e-02;3.656985e-02
1.120884e-01;7.279490e-02;3.955672e-02;9.000484e-02;1.293205e-01;5.931401e-02;6.901271e-02;6.571446e-02;1.845071e-01;1.309043e-01;1.999214e-02;2.678988e-02
1.494080e-01;4.090716e-02;4.429392e-02;1.397775e-01;9.006357e-02;4.327600e-02;8.642904e-02;7.630759e-02;2.025146e-01;7.094293e-02;3.891746e-02;1.716221e-02
1.447638e-01;2.073591e-02;5.898623e-02;1.662995e-01;8.639518e-02;4.953654e-02;9.874839e-02;5.892383e-02;1.971687e-01;5.046076e-02;4.915177e-02;1.882940e-02
9.837072e-02;4.096587e-02;7.870616e-02;1.456757e-01;6.029189e-02;6.178883e-02;1.090336e-01;9.243114e-02;1.774994e-01;7.580321e-02;4.088600e-02;1.854749e-02
4.213214e-02;5.349646e-02;9.097257e-02;1.195248e-01;2.795786e-02;8.105823e-02;1.124980e-01;1.578046e-01;1.829975e-01;7.126669e-02;4.235236e-02;1.793877e-02
5.072899e-02;4.356736e-02;6.645133e-02;9.842996e-02;9.119347e-02;8.602140e-02;9.132346e-02;1.186997e-01;2.272911e-01;6.929509e-02;3.240940e-02;2.458871e-02
6.400348e-02;5.136385e-02;6.512754e-02;9.424251e-02;1.252906e-01;7.472337e-02;7.082102e-02;9.508509e-02;2.419712e-01;7.718094e-02;1.527348e-02;2.491692e-02
4.343638e-02;4.131609e-02;6.217233e-02;1.140772e-01;1.350921e-01;5.769328e-02;5.849673e-02;1.023205e-01;2.326836e-01;1.159903e-01;2.289072e-02;1.383075e-02
3.363353e-02;4.903159e-02;6.710596e-02;1.254460e-01;1.519084e-01;6.326541e-02;4.747849e-02;9.834106e-02;2.085553e-01;1.151696e-01;2.700197e-02;1.306281e-02
8.167051e-02;5.231201e-02;6.286338e-02;1.341619e-01;1.352246e-01;9.904320e-02;4.987979e-02;1.210560e-01;1.824916e-01;5.592246e-02;1.277691e-02;1.259765e-02
9.706684e-02;3.539462e-02;4.323852e-02;1.694186e-01;1.176372e-01;7.269947e-02;5.823789e-02;1.640973e-01;2.013966e-01;2.398987e-02;8.904860e-03;7.918167e-03
9.994747e-02;3.056330e-02;3.015224e-02;1.914389e-01;1.113034e-01;4.745866e-02;6.503322e-02;1.552991e-01;2.100175e-01;3.423111e-02;1.824251e-02;6.312422e-03
1.035551e-01;3.019799e-02;3.758145e-02;1.943012e-01;9.823111e-02;2.751215e-02;5.269000e-02;1.656412e-01;2.195062e-01;3.726211e-02;1.823709e-02;1.528443e-02
8.809078e-02;2.305999e-02;5.940786e-02;1.774554e-01;7.500611e-02;4.500035e-02;3.083754e-02;1.974579e-01;2.241070e-01;4.770882e-02;1.463775e-02;1.723052e-02
6.159226e-02;3.703855e-02;6.815235e-02;1.540970e-01;5.829844e-02;4.461047e-02;1.390306e-02;2.068310e-01;2.495424e-01;5.807967e-02;2.690941e-02;2.094544e-02
3.281969e-02;4.116752e-02;1.048052e-01;1.122309e-01;1.475577e-02;4.867905e-02;2.749105e-02;2.473675e-01;2.440544e-01;4.962109e-02;2.727298e-02;4.973493e-02
1.830795e-02;4.008590e-02;1.282806e-01;5.393548e-02;2.333851e-02;6.898194e-02;3.218799e-02;2.941746e-01;2.063989e-01;4.533767e-02;2.279518e-02;6.617517e-02
2.290198e-02;4.651290e-02;1.455013e-01;6.197624e-02;2.747808e-02;4.331623e-02;2.431107e-02;3.241714e-01;1.752383e-01;3.864069e-02;2.007085e-02;6.988097e-02
2.327377e-02;5.642245e-02;1.844898e-01;5.889001e-02;4.321079e-02;3.403547e-02;3.623290e-02;3.218940e-01;1.147370e-01;4.203044e-02;2.582256e-02;5.896079e-02
1.738427e-02;7.222684e-02;1.678150e-01;2.983615e-02;6.746520e-02;7.972154e-02;7.778542e-02;2.747605e-01;5.895607e-02;3.999398e-02;7.460741e-02;3.944758e-02
1.295767e-02;1.046937e-01;8.240196e-02;2.418270e-02;6.370284e-02;9.751198e-02;1.589084e-01;2.056001e-01;5.938560e-02;5.964684e-02;1.064737e-01;2.453454e-02
1.206121e-02;1.191019e-01;3.283426e-02;3.615699e-02;5.599833e-02;9.604007e-02;2.324900e-01;1.660305e-01;7.375520e-02;4.987978e-02;1.096719e-01;1.597987e-02
2.760301e-02;1.044744e-01;5.976157e-02;6.513781e-02;4.005796e-02;1.439333e-01;2.185797e-01;1.198631e-01;6.132378e-02;5.266654e-02;8.177559e-02;2.482321e-02
6.667120e-02;6.347911e-02;5.074670e-02;7.838634e-02;3.478122e-02;1.895232e-01;1.280751e-01;1.422187e-01;7.217091e-02;1.048776e-01;4.335430e-02;2.571556e-02
