5.804477e-02;7.655313e-02;1.586439e-01;5.190625e-02;9.886412e-02;1.296856e-01;1.151467e-01;6.571519e-02;5.250666e-02;4.817630e-02;8.872765e-02;5.602979e-02
5.377518e-02;5.072102e-02;1.309366e-01;3.280449e-02;8.084597e-02;1.350630e-01;1.448473e-01;8.271059e-02;6.739796e-02;5.301829e-02;9.103477e-02;7.684489e-02
7.843793e-02;3.594470e-02;1.819783e-01;3.462595e-02;6.112679e-02;8.259694e-02;1.814290e-01;6.438073e-02;7.872815e-02;5.363138e-02;8.338872e-02;6.373139e-02
8.245537e-02;5.628782e-02;2.831042e-01;3.425470e-02;6.566010e-02;6.747466e-02;2.062312e-01;3.933827e-02;3.490233e-02;4.420593e-02;5.800618e-02;2.807917e-02
9.618474e-02;4.620363e-02;2.282149e-01;3.829002e-02;8.041370e-02;9.423296e-02;1.972246e-01;3.082267e-02;3.366612e-02;5.717001e-02;5.852405e-02;3.905265e-02
1.256399e-01;3.760758e-02;1.731505e-01;3.895620e-02;8.315842e-02;1.177070e-01;1.635736e-01;2.787481e-02;3.265223e-02;7.361880e-02;7.846633e-02;4.759458e-02
1.548798e-01;7.595141e-02;1.778842e-01;3.192406e-02;8.554260e-02;9.701875e-02;1.076726e-01;3.655199e-02;2.210634e-02;8.646968e-02;7.781573e-02;4.618277e-02
1.250786e-01;7.987036e-02;1.718750e-01;5.958942e-02;1.006877e-01;6.217907e-02;1.455587e-01;3.854349e-02;4.455786e-02;9.276927e-02;4.671737e-02;3.257312e-02
8.895241e-02;6.247184e-02;1.320286e-01;8.414207e-02;1.070071e-01;6.289996e-02;1.179744e-01;2.984753e-02;8.434256e-02;1.449980e-01;4.960474e-02;3.573082e-02
3.985351e-02;5.366763e-02;6.555844e-02;5.576139e-02;1.528812e-01;9.855039e-02;1.039702e-01;3.873913e-02;6.778581e-02;1.844245e-01;1.069590e-01;3.184871e-02
6.954762e-02;5.261075e-02;5.231881e-02;3.327362e-02;1.368681e-01;1.342080e-01;1.261303e-01;5.271642e-02;3.049041e-02;1.286068e-01;1.259116e-01;5.731760e-02
1.918058e-01;4.455805e-02;5.857030e-02;2.779179e-02;7.311166e-02;9.797517e-02;1.733458e-01;5.771110e-02;1.976542e-02;6.833899e-02;8.919705e-02;9.782887e-02
3.396090e-01;5.816614e-02;3.715556e-02;3.204272e-02;2.073921e-02;3.651447e-02;1.845155e-01;6.443510e-02;1.825160e-02;3.291889e-02;4.231709e-02;1.333347e-01
4.403856e-01;7.069393e-02;1.765504e-02;3.869260e-02;1.024618e-02;1.333133e-02;1.656190e-01;3.857201e-02;1.646534e-02;2.822541e-02;1.246968e-02;1.476439e-01
4.617926e-01;5.683640e-02;1.788867e-02;4.581281e-02;9.765679e-03;1.208536e-02;1.433315e-01;2.547556e-02;7.644108e-03;3.069563e-02;1.677888e-02;1.718928e-01
4.490533e-01;2.697334e-02;4.222722e-02;5.388966e-02;1.182825e-02;1.459515e-02;1.081936e-01;3.352438e-02;9.712350e-03;3.475207e-02;2.463919e-02;1.906116e-01
4.303784e-01;6.436332e-02;8.393878e-02;5.196106e-02;1.630503e-02;1.232649e-02;6.193338e-02;3.364910e-02;1.335615e-02;3.532824e-02;4.134051e-02;1.551195e-01
4.096166e-01;1.140412e-01;1.057262e-01;4.159036e-02;2.108183e-02;1.381919e-02;5.074425e-02;2.653958e-02;1.913685e-02;3.471044e-02;4.953415e-02;1.134594e-01
2.460267e-01;1.564815e-01;8.040262e-02;2.531053e-02;2.325134e-02;1.491730e-02;1.200951e-01;5.165135e-02;2.285881e-02;6.461845e-02;6.896953e-02;1.254168e-01
3.107332e-01;1.068973e-01;6.817894e-02;1.755684e-02;1.644237e-02;1.410825e-02;1.366805e-01;5.462489e-02;2.674661e-02;4.580531e-02;4.711262e-02;1.551132e-01
4.371230e-01;4.960428e-02;5.675969e-02;8.514683e-03;1.606781e-02;1.139527e-02;1.209588e-01;5.004119e-02;1.315619e-02;2.814572e-02;3.559254e-02;1.726409e-01
4.858084e-01;7.093365e-02;4.506382e-02;7.853489e-03;1.454220e-02;1.426282e-02;9.100647e-02;3.396051e-02;9.787226e-03;2.244246e-02;3.231212e-02;1.720269e-01
5.189847e-01;8.370804e-02;5.168658e-02;1.174513e-02;1.424977e-02;1.054521e-02;7.735368e-02;1.724882e-02;8.442498e-03;2.213877e-02;2.596829e-02;1.579285e-01
5.547888e-01;5.535513e-02;2.756322e-02;2.656417e-02;1.576312e-02;1.119066e-02;7.735970e-02;1.363916e-02;9.587646e-03;2.065327e-02;2.532423e-02;1.622108e-01
3.804477e-01;6.974975e-02;8.764999e-02;3.479526e-02;5.130012e-02;4.462163e-02;8.482636e-02;4.181948e-02;2.890476e-02;4.020667e-02;2.787190e-02;1.078064e-01
1.377074e-01;7.068031e-02;2.382929e-01;6.800358e-02;6.138456e-02;6.637894e-02;1.241357e-01;5.370375e-02;5.006520e-02;3.104051e-02;3.994531e-02;5.866178e-02
1.271419e-01;1.087038e-01;2.723984e-01;5.697341e-02;4.335307e-02;5.549250e-02;1.130307e-01;4.927027e-02;6.614213e-02;2.862467e-02;3.506061e-02;4.380849e-02
1.751615e-01;1.831268e-01;2.326480e-01;3.435614e-02;2.701510e-02;3.724238e-02;7.582485e-02;4.163073e-02;6.201096e-02;2.882361e-02;4.191989e-02;6.024006e-02
3.128746e-01;2.353643e-01;1.475751e-01;1.234072e-02;2.403635e-02;1.751377e-02;4.596259e-02;4.259143e-02;3.743119e-02;1.418132e-02;4.858061e-02;6.154810e-02
4.593368e-01;2.114045e-01;8.327334e-02;5.896933e-03;2.247250e-02;1.146326e-02;3.288011e-02;6.319018e-02;1.739026e-02;5.842938e-03;3.517554e-02;5.167361e-02
5.232012e-01;1.485015e-01;5.754931e-02;9.008500e-03;1.310045e-02;2.548765e-02;4.094906e-02;7.807393e-02;1.829378e-02;1.292797e-02;1.456071e-02;5.834592e-02
4.451060e-01;8.405243e-02;5.431637e-02;2.742759e-02;8.916885e-03;4.566058e-02;7.203036e-02;8.590301e-02;2.661126e-02;3.571387e-02;1.616329e-02;9.809837e-02
3.736815e-01;4.473783e-02;4.819818e-02;4.776857e-02;6.315490e-03;5.135398e-02;1.166166e-01;8.393973e-02;2.596958e-02;6.002735e-02;1.573436e-02;1.256567e-01
3.162083e-01;7.687861e-02;3.862588e-02;6.222408e-02;8.205825e-03;3.637030e-02;1.473992e-01;6.971784e-02;1.926477e-02;7.331982e-02;1.319936e-02;1.385860e-01
2.203759e-01;8.921885e-02;2.966033e-02;8.690824e-02;7.644872e-03;2.004117e-02;1.941433e-01;6.627236e-02;1.185181e-02;8.024283e-02;1.364958e-02;1.799908e-01
1.404321e-01;1.370444e-01;1.992130e-02;8.993854e-02;7.547508e-03;1.607113e-02;2.352761e-01;5.758740e-02;6.484183e-03;6.268393e-02;1.525895e-02;2.117545e-01
1.022441e-01;1.470291e-01;1.390619e-02;7.909340e-02;6.123892e-03;1.916836e-02;2.734396e-01;4.590869e-02;6.303713e-03;4.280751e-02;1.959236e-02;2.443830e-01
1.104959e-01;1.161058e-01;2.427800e-02;5.723765e-02;7.693375e-03;3.375155e-02;2.646146e-01;4.509796e-02;2.148125e-02;3.192396e-02;4.443866e-02;2.428813e-01
1.232420e-01;8.138577e-02;4.983786e-02;2.907818e-02;2.220817e-02;5.483321e-02;1.749467e-01;8.331547e-02;5.549028e-02;2.884487e-02;9.659868e-02;2.002188e-01
1.063237e-01;7.227270e-02;4.757505e-02;3.634667e-02;2.043210e-02;3.783468e-02;1.694963e-01;1.157977e-01;5.515351e-02;3.307025e-02;8.024729e-02;2.254500e-01
8.736930e-02;6.508601e-02;2.587246e-02;5.412152e-02;9.459739e-03;1.333298e-02;2.654224e-01;1.158460e-01;2.131195e-02;2.766110e-02;2.799123e-02;2.865253e-01
4.660075e-02;5.042133e-02;1.320574e-02;4.800386e-02;6.547482e-03;2.191876e-02;3.455308e-01;1.197848e-01;2.305325e-02;1.670729e-02;2.215016e-02;2.860757e-01
2.373123e-02;3.699731e-02;6.840809e-03;2.505829e-02;9.926657e-03;3.685803e-02;3.750596e-01;1.039094e-01;6.696881e-02;1.994196e-02;4.777422e-02;2.469337e-01
1.495935e-02;2.663275e-02;2.011583e-02;1.383647e-02;1.567282e-02;5.022447e-02;3.041081e-01;5.931202e-02;1.604656e-01;2.526810e-02;9.422266e-02;2.151818e-01
9.421553e-03;1.450857e-02;2.985515e-02;1.118537e-02;2.494974e-02;7.020295e-02;1.765220e-01;4.293757e-02;2.620222e-01;1.668177e-02;1.560456e-01;1.856676e-01
1.322559e-02;5.024385e-03;4.139924e-02;6.026125e-03;2.922108e-02;7.464045e-02;1.032239e-01;4.400904e-02;3.117991e-01;1.544023e-02;1.842336e-01;1.717572e-01
1.414443e-02;6.067365e-03;4.124816e-02;8.635651e-03;2.753341e-02;6.583434e-02;1.413856e-01;4.536001e-02;2.892631e-01;1.820582e-02;1.728718e-01;1.694503e-01
1.138597e-02;1.448506e-02;3.791831e-02;1.289100e-02;2.702426e-02;6.044828e-02;1.638289e-01;4.732280e-02;2.424442e-01;1.656743e-02;1.581612e-01;2.075227e-01
1.245832e-02;2.710832e-02;3.301048e-02;2.260228e-02;2.151635e-02;5.431829e-02;1.732548e-01;4.316061e-02;1.668053e-01;2.353581e-02;1.454863e-01;2.767432e-01
2.354506e-02;4.776226e-02;2.136828e-02;3.899258e-02;1.010804e-02;3.486170e-02;2.151047e-01;2.874692e-02;8.240166e-02;5.217414e-02;1.045778e-01;3.403568e-01
3.195205e-02;5.119156e-02;1.075353e-02;5.077992e-02;6.483355e-03;1.699313e-02;2.589743e-01;2.615887e-02;2.608631e-02;1.130567e-01;7.228947e-02;3.352807e-01
5.225467e-02;3.563989e-02;1.160254e-02;5.308145e-02;7.124611e-03;1.476978e-02;2.894029e-01;4.771506e-02;2.341197e-02;1.620797e-01;5.587981e-02;2.470376e-01
8.575411e-02;1.903596e-02;1.376687e-02;4.768256e-02;5.373041e-03;2.155676e-02;3.383796e-01;8.178775e-02;2.838508e-02;1.527048e-01;4.535804e-02;1.602154e-01
1.785246e-01;1.841713e-02;2.494369e-02;3.389269e-02;1.298449e-02;3.627343e-02;3.198717e-01;1.243490e-01;3.413360e-02;7.984482e-02;3.832691e-02;9.843801e-02
3.089680e-01;3.214976e-02;4.824905e-02;2.164767e-02;2.576300e-02;3.895067e-02;2.186461e-01;1.561699e-01;2.133894e-02;3.268881e-02;3.212430e-02;6.330374e-02
4.346246e-01;4.493447e-02;6.492890e-02;1.349556e-02;2.454485e-02;2.985646e-02;1.238149e-01;1.350439e-01;2.213963e-02;1.151362e-02;3.067986e-02;6.442333e-02
4.833804e-01;6.092508e-02;6.253298e-02;1.223515e-02;1.967705e-02;2.112716e-02;1.220479e-01;7.059052e-02;2.715477e-02;1.313873e-02;3.261336e-02;7.457688e-02
4.858152e-01;3.477821e-02;6.586131e-02;1.046411e-02;1.749197e-02;1.784972e-02;1.296552e-01;8.098373e-02;2.174522e-02;1.662038e-02;4.101932e-02;7.771570e-02
4.577080e-01;4.349068e-02;8.799130e-02;8.594535e-03;2.199843e-02;1.927544e-02;1.262502e-01;8.013182e-02;2.171559e-02;2.047228e-02;3.331917e-02;7.905260e-02
4.020219e-01;1.134372e-01;1.179635e-01;1.380540e-02;2.222573e-02;2.110098e-02;1.025519e-01;4.262562e-02;2.722104e-02;1.841513e-02;5.342320e-02;6.520845e-02
3.172186e-01;2.307116e-01;1.652028e-01;2.243176e-02;1.518606e-02;1.838813e-02;6.061256e-02;2.541205e-02;4.319162e-02;1.473748e-02;4.632316e-02;4.058422e-02
2.487559e-01;3.224441e-01;1.953658e-01;2.912426e-02;5.632340e-03;1.798947e-02;3.170164e-02;2.899375e-02;6.175604e-02;1.205860e-02;1.841597e-02;2.776228e-02
2.283386e-01;3.359592e-01;2.084135e-01;2.974796e-02;3.888447e-03;1.917607e-02;4.090187e-02;1.522786e-02;5.762770e-02;8.908188e-03;3.114801e-02;2.066257e-02
2.298802e-01;3.012569e-01;1.914038e-01;2.078613e-02;8.896713e-03;1.619455e-02;4.536436e-02;1.553726e-02;3.817450e-02;1.236002e-02;1.012919e-01;1.885366e-02
2.913756e-01;2.379836e-01;1.229691e-01;8.432219e-03;1.448186e-02;7.746561e-03;4.496998e-02;3.476423e-02;1.787866e-02;3.998293e-02;1.496749e-01;2.974038e-02
2.923037e-01;1.908745e-01;9.727934e-02;1.998086e-02;2.034873e-02;1.069573e-02;5.449986e-02;4.164408e-02;2.870404e-02;8.963674e-02;1.073558e-01;4.667666e-02
1.515698e-01;1.759975e-01;1.321875e-01;3.994734e-02;3.294169e-02;2.088600e-02;8.444370e-02;3.458196e-02;5.769111e-02;1.081594e-01;8.855401e-02;7.304002e-02
1.422726e-01;1.290770e-01;1.593842e-01;4.811472e-02;3.260476e-02;2.373411e-02;8.657006e-02;3.518796e-02;9.392262e-02;9.184538e-02;7.159337e-02;8.569318e-02
2.800521e-01;5.452065e-02;1.598730e-01;2.927287e-02;3.694364e-02;2.008668e-02;4.619989e-02;6.737331e-02;1.001865e-01;8.740053e-02;3.872779e-02;7.936306e-02
3.726001e-01;9.717431e-02;1.590864e-01;1.596155e-02;4.230329e-02;1.352274e-02;1.698902e-02;1.049105e-01;4.882896e-02;3.094880e-02;3.469057e-02;6.298369e-02
4.071630e-01;1.235435e-01;1.456611e-01;8.576462e-03;3.832945e-02;9.483773e-03;1.197547e-02;1.095534e-01;1.346120e-02;1.289925e-02;7.257377e-02;4.677965e-02
4.000260e-01;1.540429e-01;1.150938e-01;5.414388e-03;3.341470e-02;5.402729e-03;1.306757e-02;8.409053e-02;1.086610e-02;1.345260e-02;1.181877e-01;4.694103e-02
4.154085e-01;1.938583e-01;9.797377e-02;3.613625e-03;3.148727e-02;3.721191e-03;1.018284e-02;5.962369e-02;1.291464e-02;8.282092e-03;1.195357e-01;4.339845e-02
4.825301e-01;2.194252e-01;6.669863e-02;2.568266e-03;2.895704e-02;2.773941e-03;6.820511e-03;5.411295e-02;6.646317e-03;1.090670e-02;7.984409e-02;3.871619e-02
5.227406e-01;2.120792e-01;3.424933e-02;3.364985e-03;2.456162e-02;4.219091e-03;1.913664e-02;4.901027e-02;8.306806e-03;3.649705e-02;3.758810e-02;4.824626e-02
4.707856e-01;1.953654e-01;3.795465e-02;1.702798e-02;1.817213e-02;8.964130e-03;6.142562e-02;3.626028e-02;8.865586e-03;5.673224e-02;2.108248e-02;6.736384e-02
2.923785e-01;1.852867e-01;4.711043e-02;4.310948e-02;1.463546e-02;2.215272e-02;1.468471e-01;3.668382e-02;1.873252e-02;5.502889e-02;4.346803e-02;9.456643e-02
7.578316e-02;1.415222e-01;1.201583e-01;3.854189e-02;2.357532e-02;7.600107e-02;1.800027e-01;3.511272e-02;5.826586e-02;6.434838e-02;1.040286e-01;8.265973e-02
9.356636e-02;1.202917e-01;1.672317e-01;1.124397e-02;1.902905e-02;1.363900e-01;8.975670e-02;3.048932e-02;5.620888e-02;7.760957e-02;1.511320e-01;4.705069e-02
1.460119e-01;8.291039e-02;1.650070e-01;2.087484e-02;1.718572e-02;1.548368e-01;7.926538e-02;1.353595e-02;3.424297e-02;7.526714e-02;1.708454e-01;4.001640e-02
1.709789e-01;2.946764e-02;1.329109e-01;7.254916e-02;2.293442e-02;1.006057e-01;1.458143e-01;1.841824e-02;2.631355e-02;5.200570e-02;1.270601e-01;1.009412e-01
1.794910e-01;2.048936e-02;8.110781e-02;1.253385e-01;2.589268e-02;4.507057e-02;1.997567e-01;4.492577e-02;2.461204e-02;4.660118e-02;6.670976e-02;1.400046e-01
2.219410e-01;2.667121e-02;4.441928e-02;1.238990e-01;2.370763e-02;1.896652e-02;1.893456e-01;1.087897e-01;1.622495e-02;6.255830e-02;2.691023e-02;1.365666e-01
2.742589e-01;3.128008e-02;3.475789e-02;7.342253e-02;1.290926e-02;1.566046e-02;1.423156e-01;2.081892e-01;1.421131e-02;7.029209e-02;1.785525e-02;1.048474e-01
3.050342e-01;3.929210e-02;3.078216e-02;3.469335e-02;6.948000e-03;1.562125e-02;1.188297e-01;2.501852e-01;3.116831e-02;7.210925e-02;1.588109e-02;7.945538e-02
3.304411e-01;2.929249e-02;4.135437e-02;1.498811e-02;1.412669e-02;1.511224e-02;1.256287e-01;2.119859e-01;3.506603e-02;8.058091e-02;1.667143e-02;8.475208e-02
2.982152e-01;4.727945e-02;7.781029e-02;2.838067e-02;3.037865e-02;2.234256e-02;1.463402e-01;1.434459e-01;3.436368e-02;5.715644e-02;2.691133e-02;8.737559e-02
1.908552e-01;8.219267e-02;8.206888e-02;4.991615e-02;4.264539e-02;3.648151e-02;1.579850e-01;1.399672e-01;5.142946e-02;4.129410e-02;4.495468e-02;8.020982e-02
3.963505e-02;8.980638e-02;1.442232e-01;5.839144e-02;4.825956e-02;4.326118e-02;1.572036e-01;1.432421e-01;7.432264e-02;6.229166e-02;6.929611e-02;7.006718e-02
1.410195e-01;6.968581e-02;9.380425e-02;3.877783e-02;4.004676e-02;3.937629e-02;1.496730e-01;1.428736e-01;7.887981e-02;6.677088e-02;7.723835e-02;6.185399e-02
1.202878e-01;7.495039e-02;7.507289e-02;3.619909e-02;3.904987e-02;4.199546e-02;1.887083e-01;1.403828e-01;8.564600e-02;7.544465e-02;6.655842e-02;5.570428e-02
1.859804e-01;9.724391e-02;5.472245e-02;3.453543e-02;4.466631e-02;4.822494e-02;2.190741e-01;9.786996e-02;6.367879e-02;5.588160e-02;4.320825e-02;5.491382e-02
2.761044e-01;1.074941e-01;4.460814e-02;3.885435e-02;2.922174e-02;3.934390e-02;2.212366e-01;5.618066e-02;4.645717e-02;4.388230e-02;2.730384e-02;6.931273e-02
2.578005e-01;5.611974e-02;6.067572e-02;6.187243e-02;3.588391e-02;3.207727e-02;1.839399e-01;9.916306e-02;4.219068e-02;6.035273e-02;3.999800e-02;6.992596e-02
1.290169e-01;9.130437e-02;1.007170e-01;5.337604e-02;3.969043e-02;2.408213e-02;9.126878e-02;8.769824e-02;8.822151e-02;1.159511e-01;8.575758e-02;9.291594e-02
1.439342e-01;1.263803e-01;1.280744e-01;6.038535e-02;5.456707e-02;3.281228e-02;5.684251e-02;3.977348e-02;6.603215e-02;1.203730e-01;8.603651e-02;8.478872e-02
1.538567e-01;1.439430e-01;1.797438e-01;5.943657e-02;5.174372e-02;3.504193e-02;5.277220e-02;4.726525e-02;8.506498e-02;6.727998e-02;7.613650e-02;4.771532e-02
1.738237e-01;1.470986e-01;1.919429e-01;4.673299e-02;4.013653e-02;2.483067e-02;4.546398e-02;8.882137e-02;9.571087e-02;3.798978e-02;7.386519e-02;3.358334e-02
2.024963e-01;1.194661e-01;1.325649e-01;3.177977e-02;3.048199e-02;1.776821e-02;5.856231e-02;1.724096e-01;7.934231e-02;4.566751e-02;7.787517e-02;3.158590e-02
1.940290e-01;6.363213e-02;6.068300e-02;2.218067e-02;1.670724e-02;2.369130e-02;1.016729e-01;2.962420e-01;4.052971e-02;8.457788e-02;5.628115e-02;3.977307e-02
1.342660e-01;2.761539e-02;3.654430e-02;1.828281e-02;1.668729e-02;2.600461e-02;1.407198e-01;3.582951e-01;5.138429e-02;1.284017e-01;1.994573e-02;4.185295e-02
1.132523e-01;2.348546e-02;2.977532e-02;2.212813e-02;1.106338e-02;2.871972e-02;1.999741e-01;3.238621e-01;2.922133e-02;1.524132e-01;8.857641e-03;5.724738e-02
8.371847e-02;1.768433e-02;1.301738e-02;3.991570e-02;8.828606e-03;2.801764e-02;2.934070e-01;2.317978e-01;2.156454e-02;1.673817e-01;1.080576e-02;8.386111e-02
6.673274e-02;1.234485e-02;1.028907e-02;5.619875e-02;6.311817e-03;2.467758e-02;3.761715e-01;1.307251e-01;1.654325e-02;1.784327e-01;1.534181e-02;1.062308e-01
8.143805e-02;8.919201e-03;1.239651e-02;6.087677e-02;5.829702e-03;3.407452e-02;4.208050e-01;7.173444e-02;1.691032e-02;1.710368e-01;2.026741e-02;9.571125e-02
1.013335e-01;1.186611e-02;1.197039e-02;5.209205e-02;8.593689e-03;5.115930e-02;4.059387e-01;1.091505e-01;2.153173e-02;1.487151e-01;1.717118e-02;6.047776e-02
1.368365e-01;1.604322e-02;1.559822e-02;3.915302e-02;1.216883e-02;4.596731e-02;3.296337e-01;1.622672e-01;2.855364e-02;1.327770e-01;2.224346e-02;5.875786e-02
1.669827e-01;2.399558e-02;4.138742e-02;2.145571e-02;1.790220e-02;2.810362e-02;2.377671e-01;1.674256e-01;4.691326e-02;1.261726e-01;3.863170e-02;8.326256e-02
1.310744e-01;4.297697e-02;3.328953e-02;2.396382e-02;1.700744e-02;2.943825e-02;2.233616e-01;1.104183e-01;7.592207e-02;1.696615e-01;4.874260e-02;9.414355e-02
1.753173e-01;5.168044e-02;7.226057e-02;3.266210e-02;1.391823e-02;2.413091e-02;2.137447e-01;7.618605e-02;6.927056e-02;1.390314e-01;4.924405e-02;8.255372e-02
2.962388e-01;5.354069e-02;9.603570e-02;2.191716e-02;1.647067e-02;2.910990e-02;1.780861e-01;1.124337e-01;4.514156e-02;3.634371e-02;3.505870e-02;7.962342e-02
3.118232e-01;8.172864e-02;1.381758e-01;1.443778e-02;1.717143e-02;2.017568e-02;1.280384e-01;1.381223e-01;2.745828e-02;3.150298e-02;4.631320e-02;4.505227e-02
2.793792e-01;1.393310e-01;1.692432e-01;9.270987e-03;2.415843e-02;1.280087e-02;9.132055e-02;1.445217e-01;1.734058e-02;3.117222e-02;6.058448e-02;2.087687e-02
2.711757e-01;1.854991e-01;1.823388e-01;8.138461e-03;2.714406e-02;1.373119e-02;7.657084e-02;1.012037e-01;3.401264e-02;2.586099e-02;5.181991e-02;2.250447e-02
2.615695e-01;1.919695e-01;2.261574e-01;1.263104e-02;2.388981e-02;1.856144e-02;7.579200e-02;5.746230e-02;4.667285e-02;2.436461e-02;3.136621e-02;2.956336e-02
2.227642e-01;1.772041e-01;2.193827e-01;1.958750e-02;2.688461e-02;1.533645e-02;1.013171e-01;7.993214e-02;4.074802e-02;3.056103e-02;2.962927e-02;3.665283e-02
1.224588e-01;1.687789e-01;1.616362e-01;2.383836e-02;3.447951e-02;2.744803e-02;1.498024e-01;1.168891e-01;3.478581e-02;5.094452e-02;6.822161e-02;4.071675e-02
7.689072e-02;1.518462e-01;1.019691e-01;3.746314e-02;5.129811e-02;3.022384e-02;1.731607e-01;1.008305e-01;5.930081e-02;7.624334e-02;8.553496e-02;5.523855e-02
8.629853e-02;1.199349e-01;1.071142e-01;4.261689e-02;5.304295e-02;4.331467e-02;1.724746e-01;9.025977e-02;7.308828e-02;6.987998e-02;7.280966e-02;6.916570e-02
1.065338e-01;1.008251e-01;1.202011e-01;3.123260e-02;5.152736e-02;4.765654e-02;1.774629e-01;8.240016e-02;7.718970e-02;5.582625e-02;6.502154e-02;8.412293e-02
1.099532e-01;8.839350e-02;1.267735e-01;4.207072e-02;4.805154e-02;3.858408e-02;1.547885e-01;8.451412e-02;7.791685e-02;7.923037e-02;7.269619e-02;7.702742e-02
7.881764e-02;7.916803e-02;1.014771e-01;4.156327e-02;5.033319e-02;3.115736e-02;9.755939e-02;1.158742e-01;1.423294e-01;1.496129e-01;6.158896e-02;5.051861e-02
7.495189e-02;1.225845e-01;1.276065e-01;5.691524e-02;5.705256e-02;4.214145e-02;7.309953e-02;9.066326e-02;1.340001e-01;1.306257e-01;3.786381e-02;5.249540e-02
6.422470e-02;1.295016e-01;1.436785e-01;7.673508e-02;3.388505e-02;4.184421e-02;5.766773e-02;6.662354e-02;1.571273e-01;6.550285e-02;6.580341e-02;9.740596e-02
5.984964e-02;1.113277e-01;1.360230e-01;7.133023e-02;3.885959e-02;4.010917e-02;6.477712e-02;5.423647e-02;1.167004e-01;1.050590e-01;7.029775e-02;1.314300e-01
3.618876e-02;9.876011e-02;1.238459e-01;6.523433e-02;6.089531e-02;3.926921e-02;8.570702e-02;6.944709e-02;6.287847e-02;1.217236e-01;6.098229e-02;1.750680e-01
2.922371e-02;9.356312e-02;9.997602e-02;5.122440e-02;7.045815e-02;4.021672e-02;9.052458e-02;9.765726e-02;5.605530e-02;1.015308e-01;8.626235e-02;1.833076e-01
4.735022e-02;1.147706e-01;8.356819e-02;7.283562e-02;6.337433e-02;7.320585e-02;7.940528e-02;8.765506e-02;1.058484e-01;6.094243e-02;1.074287e-01;1.036153e-01
1.150832e-01;9.212453e-02;9.370261e-02;1.055969e-01;6.340893e-02;8.268435e-02;8.659309e-02;7.032084e-02;1.099574e-01;9.660742e-02;4.542597e-02;3.849471e-02
8.126780e-02;1.269814e-01;1.974974e-01;7.064013e-02;6.741408e-02;3.402458e-02;8.402141e-02;9.478252e-02;5.812035e-02;1.048374e-01;3.724724e-02;4.316572e-02
7.575895e-02;1.117358e-01;3.026192e-01;6.749890e-02;5.089415e-02;2.759998e-02;1.354477e-01;6.978747e-02;4.854287e-02;6.109171e-02;1.542944e-02;3.359383e-02
1.033604e-01;1.036405e-01;2.945651e-01;8.914357e-02;5.814040e-02;3.160135e-02;1.383039e-01;4.441157e-02;5.513960e-02;3.371125e-02;1.885767e-02;2.912473e-02
1.497260e-01;1.255494e-01;2.353816e-01;1.054028e-01;7.929568e-02;3.191416e-02;9.943581e-02;3.624294e-02;6.999388e-02;2.395505e-02;1.981511e-02;2.328764e-02
2.508419e-01;1.252553e-01;1.363521e-01;7.062606e-02;1.341620e-01;2.932013e-02;5.714716e-02;5.579692e-02;7.447346e-02;2.077316e-02;1.719437e-02;2.805733e-02
3.171857e-01;9.208475e-02;7.028684e-02;4.558380e-02;1.477541e-01;3.970860e-02;4.460806e-02;5.556502e-02;7.894342e-02;3.391466e-02;1.468213e-02;5.968284e-02
2.866881e-01;6.229839e-02;3.864808e-02;1.246536e-01;9.173172e-02;4.798689e-02;6.386040e-02;2.851094e-02;6.408189e-02;5.525823e-02;1.966921e-02;1.166126e-01
3.040262e-01;5.852526e-02;1.442061e-02;1.785804e-01;3.854603e-02;2.316097e-02;8.097350e-02;2.395504e-02;3.043310e-02;5.945488e-02;2.680366e-02;1.611204e-01
3.691507e-01;4.712472e-02;2.954961e-02;1.215467e-01;3.243619e-02;4.479115e-02;5.926205e-02;2.557215e-02;3.057369e-02;7.260662e-02;2.026237e-02;1.471241e-01
4.315582e-01;5.950671e-02;2.251598e-02;5.548894e-02;3.941390e-02;7.967129e-02;3.579093e-02;2.976284e-02;5.599563e-02;6.344672e-02;1.597179e-02;1.108771e-01
4.852762e-01;6.778829e-02;3.397261e-02;2.572080e-02;3.749003e-02;7.564966e-02;2.264213e-02;4.919667e-02;6.836163e-02;3.754884e-02;1.206644e-02;8.428673e-02
4.985929e-01;9.848972e-02;4.197027e-02;1.524240e-02;4.526658e-02;4.185728e-02;1.506773e-02;9.762059e-02;5.090862e-02;1.921307e-02;1.290372e-02;6.286713e-02
4.951603e-01;1.372661e-01;5.820375e-02;8.767482e-03;6.349133e-02;1.386867e-02;7.765450e-03;1.335848e-01;2.445228e-02;6.890205e-03;9.645559e-03;4.090412e-02
4.638355e-01;1.710758e-01;5.800551e-02;7.501297e-03;1.017346e-01;7.421652e-03;1.265230e-02;1.205867e-01;1.279528e-02;5.806630e-03;1.455929e-02;2.402548e-02
4.353330e-01;2.178438e-01;5.308790e-02;7.865427e-03;1.070132e-01;4.751640e-03;2.506663e-02;7.791550e-02;1.550066e-02;1.168127e-02;2.604927e-02;1.789171e-02
4.032292e-01;2.851888e-01;6.553262e-02;8.857816e-03;6.052869e-02;5.023397e-03;3.442436e-02;3.692486e-02;3.550889e-02;1.974853e-02;2.835452e-02;1.667833e-02
3.403506e-01;3.509372e-01;8.780272e-02;1.190731e-02;1.866197e-02;1.280250e-02;2.587860e-02;1.387011e-02;7.504475e-02;1.973564e-02;1.840977e-02;2.459882e-02
2.629071e-01;3.607234e-01;1.451474e-01;1.472229e-02;8.660283e-03;1.828013e-02;9.962142e-03;1.269692e-02;8.300646e-02;1.931530e-02;1.089730e-02;5.368141e-02
1.884941e-01;3.132661e-01;2.371791e-01;1.666944e-02;1.316418e-02;1.528990e-02;1.251493e-02;1.671985e-02;5.415720e-02;2.817011e-02;1.840771e-02;8.596741e-02
1.541756e-01;2.601618e-01;2.621260e-01;2.615938e-02;2.666491e-02;1.632469e-02;2.238171e-02;2.228725e-02;6.574769e-02;3.621629e-02;2.693423e-02;8.082034e-02
1.913969e-01;2.690271e-01;1.789598e-01;2.883894e-02;3.489214e-02;1.897703e-02;4.809970e-02;3.126465e-02;6.871250e-02;3.639152e-02;3.184302e-02;6.159668e-02
1.851198e-01;2.882843e-01;1.899793e-01;2.031196e-02;2.117580e-02;2.154616e-02;3.242723e-02;4.288848e-02;6.823566e-02;4.775716e-02;4.210478e-02;4.016933e-02
1.176757e-01;2.482827e-01;2.512206e-01;2.095908e-02;2.156620e-02;2.055292e-02;4.292406e-02;4.834333e-02;7.060833e-02;5.166320e-02;5.305758e-02;5.314624e-02
1.037328e-01;2.331069e-01;2.377380e-01;1.750128e-02;2.914619e-02;2.704340e-02;4.678986e-02;4.000759e-02;7.492730e-02;7.200350e-02;5.073684e-02;6.726627e-02
1.597092e-01;2.896506e-01;1.513609e-01;1.493638e-02;3.228664e-02;2.152457e-02;4.160424e-02;2.123722e-02;9.757453e-02;8.369843e-02;3.831979e-02;4.809755e-02
1.891333e-01;2.654105e-01;1.467256e-01;3.062531e-02;3.190543e-02;1.428232e-02;3.658321e-02;3.490041e-02;9.366776e-02;9.154932e-02;4.214300e-02;2.307381e-02
1.532105e-01;1.778456e-01;1.101844e-01;5.515650e-02;4.805481e-02;2.228646e-02;5.248725e-02;6.148386e-02;1.263779e-01;1.252648e-01;4.752507e-02;2.012278e-02
1.130095e-01;1.360010e-01;1.282411e-01;5.605341e-02;4.654616e-02;2.570121e-02;6.305344e-02;6.190012e-02;1.468979e-01;1.412117e-01;4.997329e-02;3.141131e-02
8.558190e-02;1.308707e-01;1.230891e-01;5.209399e-02;3.875189e-02;2.408418e-02;7.801378e-02;5.391093e-02;1.495409e-01;1.567135e-01;6.725194e-02;4.009729e-02
5.744046e-02;1.131947e-01;2.228895e-01;4.101011e-02;3.452338e-02;2.351847e-02;7.277790e-02;7.308002e-02;7.076792e-02;1.323097e-01;1.030429e-01;5.544494e-02
5.583244e-02;8.896014e-02;2.495654e-01;3.374409e-02;3.609416e-02;3.641897e-02;9.340698e-02;6.251316e-02;5.280866e-02;1.136341e-01;1.089542e-01;6.806774e-02
9.170233e-02;9.392937e-02;1.343271e-01;2.984944e-02;3.426279e-02;4.009237e-02;1.306082e-01;4.739461e-02;6.880200e-02;1.105341e-01;1.445623e-01;7.393537e-02
9.169167e-02;9.048615e-02;1.489150e-01;3.847139e-02;3.708958e-02;2.920410e-02;1.210220e-01;4.672602e-02;6.042067e-02;1.342233e-01;1.548651e-01;4.688499e-02
7.558846e-02;1.106383e-01;1.194413e-01;5.157022e-02;5.480259e-02;3.740947e-02;9.006961e-02;6.843174e-02;6.802656e-02;1.445730e-01;1.285422e-01;5.090655e-02
1.020807e-01;1.498026e-01;1.443476e-01;4.482346e-02;6.285087e-02;4.132393e-02;1.005470e-01;3.562107e-02;9.587321e-02;1.014401e-01;7.990319e-02;4.138632e-02
