7.001108e-02;1.078136e-01;7.407093e-02;5.591938e-02;7.030953e-02;8.050810e-02;4.200201e-02;2.650225e-01;1.005822e-01;7.515640e-02;2.009284e-02;3.851148e-02
5.761864e-02;1.241793e-01;6.729390e-02;2.930405e-02;3.584301e-02;1.300914e-01;2.639724e-02;2.858095e-01;1.189767e-01;5.814622e-02;2.571856e-02;4.062146e-02
2.739261e-02;1.274516e-01;1.335758e-01;2.460791e-02;1.630926e-02;1.762380e-01;1.073150e-02;2.638386e-01;1.413030e-01;3.572868e-02;2.000627e-02;2.281666e-02
2.090277e-02;1.422917e-01;1.637933e-01;2.055238e-02;1.566743e-02;1.622182e-01;8.371252e-03;2.646230e-01;1.548731e-01;2.505889e-02;1.007693e-02;1.157107e-02
1.515392e-02;1.263708e-01;1.637465e-01;1.973967e-02;1.630172e-02;1.595714e-01;9.871085e-03;2.792762e-01;1.686877e-01;2.388484e-02;9.100012e-03;8.296124e-03
1.922539e-02;1.725454e-01;1.230711e-01;2.438048e-02;2.814228e-02;1.585045e-01;2.894165e-02;1.817167e-01;1.953140e-01;3.914559e-02;1.366568e-02;1.534713e-02
1.699148e-02;1.846962e-01;7.636081e-02;3.266990e-02;3.511227e-02;1.425524e-01;4.134965e-02;2.188997e-01;1.739911e-01;4.993815e-02;1.622958e-02;1.120873e-02
2.107956e-02;1.635894e-01;1.172068e-01;3.643201e-02;2.619391e-02;1.392938e-01;5.728000e-02;2.048428e-01;1.320509e-01;6.185045e-02;2.904822e-02;1.113206e-02
1.587582e-02;1.126309e-01;1.275987e-01;6.578895e-02;5.853890e-02;1.413878e-01;1.110121e-01;1.725569e-01;5.151083e-02;6.761165e-02;5.062335e-02;2.486420e-02
3.730518e-02;1.097290e-01;9.507020e-02;9.516804e-02;6.299900e-02;1.123784e-01;1.242724e-01;1.337614e-01;6.485135e-02;6.390110e-02;5.165188e-02;4.891189e-02
4.643080e-02;9.595422e-02;1.018820e-01;7.527723e-02;6.397811e-02;1.182585e-01;1.258216e-01;1.390988e-01;7.515194e-02;5.892004e-02;5.364297e-02;4.558373e-02
4.820625e-02;8.900392e-02;1.089782e-01;5.671340e-02;6.123101e-02;1.247125e-01;1.039992e-01;1.544603e-01;7.718417e-02;5.426038e-02;7.812040e-02;4.313020e-02
4.927337e-02;7.978101e-02;9.351800e-02;5.751621e-02;4.943385e-02;1.197867e-01;5.821288e-02;1.975905e-01;8.068593e-02;4.735186e-02;1.090470e-01;5.780270e-02
4.006320e-02;6.091939e-02;8.557997e-02;6.166058e-02;8.775964e-02;9.118508e-02;9.621517e-02;1.675204e-01;9.992464e-02;3.316348e-02;1.084178e-01;6.759059e-02
2.606241e-02;3.950987e-02;9.082296e-02;3.377279e-02;1.236439e-01;1.106030e-01;1.208251e-01;9.302951e-02;1.330849e-01;4.742868e-02;8.394016e-02;9.727676e-02
1.905053e-02;3.860673e-02;7.690348e-02;3.194050e-02;1.604759e-01;9.046048e-02;1.310691e-01;5.612256e-02;1.494656e-01;3.665584e-02;4.745481e-02;1.617944e-01
3.383627e-02;2.359115e-02;5.118001e-02;3.839268e-02;1.965786e-01;7.179332e-02;1.587931e-01;5.211069e-02;1.306877e-01;1.802246e-02;1.457068e-02;2.104434e-01
2.217393e-02;1.562781e-02;6.939187e-02;3.044450e-02;2.174184e-01;8.990852e-02;1.793915e-01;3.027330e-02;1.151666e-01;1.183762e-02;2.593594e-02;1.924300e-01
2.435238e-02;1.652711e-02;8.704178e-02;1.880533e-02;2.233300e-01;8.683241e-02;1.719349e-01;5.046703e-02;1.018806e-01;2.345391e-02;3.534240e-02;1.600322e-01
1.823913e-02;2.799116e-02;8.928643e-02;3.295573e-02;2.356616e-01;7.412869e-02;1.586306e-01;4.941941e-02;1.039582e-01;3.454085e-02;3.983879e-02;1.353493e-01
1.208366e-02;4.107254e-02;1.018924e-01;5.030505e-02;2.369138e-01;1.049591e-01;1.210082e-01;6.219814e-02;1.072720e-01;4.108698e-02;2.032004e-02;1.008880e-01
1.254917e-02;4.374376e-02;1.158385e-01;8.334311e-02;2.262649e-01;1.325242e-01;1.035173e-01;8.141284e-02;9.064063e-02;3.191596e-02;1.018767e-02;6.806199e-02
1.864291e-02;3.052625e-02;1.266533e-01;9.095939e-02;2.409948e-01;1.877845e-01;6.759604e-02;5.106124e-02;7.584832e-02;2.730735e-02;3.101210e-02;5.161384e-02
1.954860e-02;2.914625e-02;1.069537e-01;4.540488e-02;1.790578e-01;2.573595e-01;8.436784e-02;5.151472e-02;8.261042e-02;4.556604e-02;3.377627e-02;6.469398e-02
6.749278e-02;2.641925e-02;7.708647e-02;3.165845e-02;9.769539e-02;2.955212e-01;7.458472e-02;7.178319e-02;8.436667e-02;6.256395e-02;1.611045e-02;9.471743e-02
1.075511e-01;5.799785e-02;5.317373e-02;6.354971e-02;5.668882e-02;3.196903e-01;9.078529e-02;5.192063e-02;3.988966e-02;8.150604e-02;1.766108e-02;5.958579e-02
9.902918e-02;8.955244e-02;3.264992e-02;1.018615e-01;5.968102e-02;2.777214e-01;1.159619e-01;5.892945e-02;1.593685e-02;9.706961e-02;1.601731e-02;3.558939e-02
6.743841e-02;9.741210e-02;4.922291e-02;1.312936e-01;5.537206e-02;1.278955e-01;1.701038e-01;6.880392e-02;1.967947e-02;1.126049e-01;6.371658e-02;3.645680e-02
5.883152e-02;5.597028e-02;3.984101e-02;1.209982e-01;3.446503e-02;1.334004e-01;2.177226e-01;5.674285e-02;2.709318e-02;1.221819e-01;1.010630e-01;3.169005e-02
5.680511e-02;7.091385e-02;2.883673e-02;1.036015e-01;2.522554e-02;1.420307e-01;2.362078e-01;4.009513e-02;5.209790e-02;1.126681e-01;1.061124e-01;2.540520e-02
2.286567e-02;1.049662e-01;2.452882e-02;6.935027e-02;4.812302e-02;9.544514e-02;2.736685e-01;3.116273e-02;8.955908e-02;7.387635e-02;1.459600e-01;2.049411e-02
8.189237e-03;1.227499e-01;2.367477e-02;3.144901e-02;6.333179e-02;6.625561e-02;2.931275e-01;3.217382e-02;1.056337e-01;4.087664e-02;1.919622e-01;2.057581e-02
1.370165e-02;1.274546e-01;2.481623e-02;1.510974e-02;9.189925e-02;4.960368e-02;2.635739e-01;6.442966e-02;8.414161e-02;1.089579e-02;2.239242e-01;3.044971e-02
3.436230e-02;1.059438e-01;4.807971e-02;2.489636e-02;1.301958e-01;4.503420e-02;1.921607e-01;9.924909e-02;4.143408e-02;2.447196e-02;2.062940e-01;4.787797e-02
4.776622e-02;6.426460e-02;1.135537e-01;3.244999e-02;1.091669e-01;4.518486e-02;1.135687e-01;1.974308e-01;2.951241e-02;5.164201e-02;1.216275e-01;7.383227e-02
3.990961e-02;3.046583e-02;1.417134e-01;2.418771e-02;4.240017e-02;7.286277e-02;5.174287e-02;2.935786e-01;2.902957e-02;6.623054e-02;5.480335e-02;1.530756e-01
1.576618e-02;3.212534e-02;1.009840e-01;1.449778e-02;2.016229e-02;1.408315e-01;4.011806e-02;2.933135e-01;3.326459e-02;5.170586e-02;3.737039e-02;2.198606e-01
3.428776e-02;3.924967e-02;4.740938e-02;4.690387e-02;3.422495e-02;1.638951e-01;3.445370e-02;2.274495e-01;8.250007e-02;3.699388e-02;2.935542e-02;2.232767e-01
8.533779e-02;3.675244e-02;3.099354e-02;9.704446e-02;3.710030e-02;1.013866e-01;4.303966e-02;1.268699e-01;2.038730e-01;2.782995e-02;3.779271e-02;1.719796e-01
1.446872e-01;1.834959e-02;3.341559e-02;1.320629e-01;2.149935e-02;4.512280e-02;6.878268e-02;7.695807e-02;2.722173e-01;1.288191e-02;4.909066e-02;1.249320e-01
1.427417e-01;1.591483e-02;4.032251e-02;1.510954e-01;1.898800e-02;4.313968e-02;6.500562e-02;9.076097e-02;2.806738e-01;6.054648e-03;5.781712e-02;8.748575e-02
1.055721e-01;2.831605e-02;8.020709e-02;1.508116e-01;2.029990e-02;5.704789e-02;5.015407e-02;1.161184e-01;2.613106e-01;1.842254e-02;5.965662e-02;5.208321e-02
6.107639e-02;4.894906e-02;1.152224e-01;1.140173e-01;3.046318e-02;6.689840e-02;9.459821e-02;1.373015e-01;2.026299e-01;2.594730e-02;5.481380e-02;4.808253e-02
4.018359e-02;5.555526e-02;9.784380e-02;5.241795e-02;4.217428e-02;1.088636e-01;1.102681e-01;1.606170e-01;1.502463e-01;4.489374e-02;4.814670e-02;8.878967e-02
3.087080e-02;4.386747e-02;8.083870e-02;4.904337e-02;4.863787e-02;6.871939e-02;8.513268e-02;2.711245e-01;1.597262e-01;5.163717e-02;2.945510e-02;8.094665e-02
1.408582e-02;3.739104e-02;9.949099e-02;7.151162e-02;3.563872e-02;7.231402e-02;7.972366e-02;2.622339e-01;1.297539e-01;8.182979e-02;4.637736e-02;6.964913e-02
1.336540e-02;3.804446e-02;1.062655e-01;5.172502e-02;3.039837e-02;1.061837e-01;7.291394e-02;2.509039e-01;1.170513e-01;7.963330e-02;6.798009e-02;6.553505e-02
1.006644e-02;4.624961e-02;1.247780e-01;4.047064e-02;2.351071e-02;1.097761e-01;8.517620e-02;2.536747e-01;1.120073e-01;5.692365e-02;4.762511e-02;8.974154e-02
1.528449e-02;4.082881e-02;1.439616e-01;2.937376e-02;1.985231e-02;8.934418e-02;9.041590e-02;2.438521e-01;9.259237e-02;6.890060e-02;3.862490e-02;1.269689e-01
4.739443e-02;5.487645e-02;1.466077e-01;3.090530e-02;1.408291e-02;6.579481e-02;7.875933e-02;2.328862e-01;9.041598e-02;7.212989e-02;2.598966e-02;1.401573e-01
8.776415e-02;6.511722e-02;1.099928e-01;3.057892e-02;2.529253e-02;7.604866e-02;8.802749e-02;2.399354e-01;8.451927e-02;4.628240e-02;3.977076e-02;1.066704e-01
9.511687e-02;5.772325e-02;6.017102e-02;3.561861e-02;4.024396e-02;9.762064e-02;9.172651e-02;2.476495e-01;9.448571e-02;3.288138e-02;7.021506e-02;7.654751e-02
7.608659e-02;4.980941e-02;2.379807e-02;4.923575e-02;4.888814e-02;1.274520e-01;6.289931e-02;1.844676e-01;1.372672e-01;3.805318e-02;9.255156e-02;1.094911e-01
6.201346e-02;4.636700e-02;3.164165e-02;4.394781e-02;6.266531e-02;1.576361e-01;1.090974e-01;1.089100e-01;1.412071e-01;5.917414e-02;4.194756e-02;1.353925e-01
6.712532e-02;5.763187e-02;3.701299e-02;4.545180e-02;7.443135e-02;1.579735e-01;1.356505e-01;1.206141e-01;8.840910e-02;4.033665e-02;6.825341e-02;1.071094e-01
5.657398e-02;5.087718e-02;6.052523e-02;7.978931e-02;5.190853e-02;1.528751e-01;1.535228e-01;1.633164e-01;9.030673e-02;3.962865e-02;6.318887e-02;3.748722e-02
4.576508e-02;3.039500e-02;8.840230e-02;7.487769e-02;6.514146e-02;9.495959e-02;2.087260e-01;1.525232e-01;1.066740e-01;4.848682e-02;3.431221e-02;4.973666e-02
2.859228e-02;3.481754e-02;9.977978e-02;6.303067e-02;6.240704e-02;6.580503e-02;1.792471e-01;1.979143e-01;9.617972e-02;5.879053e-02;7.638343e-02;3.705259e-02
3.068084e-02;6.786483e-02;9.889676e-02;6.007000e-02;3.987586e-02;6.885972e-02;1.507519e-01;2.002521e-01;1.207263e-01;5.518179e-02;8.259071e-02;2.424922e-02
2.868651e-02;1.136039e-01;1.148075e-01;6.805364e-02;4.931807e-02;9.540826e-02;1.453175e-01;1.717039e-01;1.004832e-01;3.370396e-02;5.123618e-02;2.767733e-02
3.867687e-02;1.187821e-01;1.158048e-01;9.532113e-02;5.339378e-02;1.210275e-01;1.124938e-01;1.715848e-01;7.520686e-02;3.023465e-02;3.372069e-02;3.375296e-02
3.801921e-02;1.118523e-01;1.118952e-01;1.069844e-01;3.722371e-02;1.403664e-01;4.034072e-02;2.034420e-01;7.825515e-02;3.985548e-02;5.341551e-02;3.834996e-02
2.513080e-02;9.508773e-02;9.888625e-02;9.391841e-02;3.246674e-02;1.829047e-01;5.044969e-02;1.792870e-01;8.144403e-02;5.716550e-02;5.264186e-02;5.061727e-02
2.727866e-02;5.540237e-02;8.976485e-02;9.042472e-02;4.748093e-02;1.837733e-01;8.005746e-02;1.601727e-01;1.013328e-01;5.477028e-02;5.469730e-02;5.484459e-02
1.667297e-02;3.045110e-02;9.387884e-02;9.916403e-02;7.258652e-02;1.917525e-01;8.182141e-02;1.781635e-01;1.089501e-01;3.442033e-02;4.339362e-02;4.874517e-02
3.292293e-02;6.817380e-02;6.572515e-02;7.603204e-02;7.532376e-02;1.713767e-01;1.173246e-01;1.876144e-01;1.032000e-01;2.194599e-02;3.611096e-02;4.424976e-02
3.435910e-02;7.481824e-02;4.794192e-02;1.048213e-01;4.424219e-02;1.495521e-01;1.321313e-01;2.226993e-01;8.863141e-02;2.687310e-02;3.888058e-02;3.504952e-02
2.907195e-02;5.572715e-02;5.317582e-02;1.429360e-01;3.865294e-02;2.078541e-01;7.455994e-02;2.458127e-01;6.339238e-02;2.650609e-02;2.545219e-02;3.685879e-02
3.786272e-02;5.729620e-02;5.078294e-02;1.653446e-01;4.278273e-02;2.593785e-01;7.402216e-02;1.976082e-01;5.277321e-02;1.815451e-02;1.123773e-02;3.275654e-02
2.109423e-02;6.158064e-02;7.518692e-02;1.628613e-01;6.821816e-02;2.360742e-01;7.805014e-02;1.559589e-01;5.043066e-02;2.796070e-02;2.227134e-02;4.031281e-02
5.544500e-02;7.281349e-02;7.828746e-02;1.396045e-01;5.709097e-02;2.063710e-01;1.538661e-01;1.051744e-01;3.692125e-02;5.220112e-02;1.755619e-02;2.466846e-02
6.226518e-02;5.604834e-02;5.251606e-02;1.455121e-01;3.515072e-02;2.209634e-01;2.182907e-01;7.544494e-02;2.951177e-02;7.207201e-02;1.748878e-02;1.473602e-02
5.930667e-02;3.861369e-02;3.120716e-02;1.499944e-01;2.153832e-02;2.525671e-01;2.523064e-01;4.581214e-02;2.854199e-02;9.106987e-02;1.119461e-02;1.784768e-02
5.181060e-02;3.376273e-02;3.046769e-02;1.498643e-01;1.692661e-02;2.660571e-01;2.279389e-01;2.446834e-02;4.116665e-02;1.087416e-01;1.803621e-02;3.075927e-02
5.887455e-02;3.378172e-02;2.836043e-02;1.450217e-01;2.175435e-02;2.482149e-01;1.769167e-01;4.933308e-02;4.966809e-02;1.334272e-01;1.617058e-02;3.847673e-02
4.926373e-02;4.193164e-02;3.110149e-02;1.309719e-01;1.985078e-02;2.732945e-01;1.263904e-01;6.678682e-02;3.884787e-02;1.539870e-01;3.237848e-02;3.519527e-02
5.578625e-02;4.202940e-02;2.436947e-02;1.110765e-01;2.778608e-02;3.093497e-01;1.256222e-01;5.352298e-02;2.112054e-02;1.433764e-01;5.052999e-02;3.543045e-02
6.500574e-02;4.145021e-02;1.727697e-02;8.403236e-02;3.528588e-02;3.475693e-01;1.196597e-01;4.331479e-02;4.456108e-02;1.236596e-01;4.833781e-02;2.984654e-02
6.084274e-02;4.791510e-02;2.332155e-02;6.137354e-02;4.236702e-02;3.522356e-01;1.085244e-01;5.410652e-02;4.361589e-02;1.075455e-01;6.242679e-02;3.572540e-02
6.387771e-02;4.803522e-02;5.389901e-02;3.937300e-02;5.059531e-02;3.294292e-01;9.546125e-02;5.891876e-02;2.604186e-02;1.172381e-01;6.931606e-02;4.781447e-02
6.180895e-02;6.428345e-02;8.111250e-02;7.198478e-02;3.316080e-02;2.733957e-01;8.098198e-02;7.764576e-02;4.266137e-02;1.272887e-01;5.998989e-02;2.568611e-02
3.986472e-02;8.072679e-02;5.498325e-02;8.391308e-02;4.928520e-02;1.906395e-01;1.225462e-01;9.123287e-02;5.016261e-02;1.599845e-01;5.952414e-02;1.713711e-02
2.086741e-02;1.152919e-01;7.124982e-02;7.832178e-02;4.171566e-02;9.822135e-02;2.057182e-01;6.922078e-02;5.070173e-02;1.623187e-01;5.299779e-02;3.337489e-02
2.647638e-02;1.160286e-01;6.279220e-02;6.720188e-02;2.575357e-02;1.153231e-01;2.309595e-01;1.179165e-01;7.301459e-02;1.057811e-01;2.346817e-02;3.528447e-02
1.548000e-02;5.343328e-02;4.900531e-02;6.438274e-02;3.013295e-02;1.937944e-01;2.279258e-01;1.867092e-01;8.672026e-02;5.958788e-02;1.669888e-02;1.612923e-02
2.396702e-02;5.880264e-02;3.954937e-02;6.114266e-02;2.899461e-02;2.110560e-01;2.368294e-01;1.661478e-01;8.099734e-02;4.250423e-02;1.871636e-02;3.129264e-02
2.692202e-02;6.941520e-02;4.280963e-02;5.019536e-02;2.159117e-02;2.140583e-01;2.182706e-01;1.747385e-01;6.658673e-02;4.866025e-02;2.477161e-02;4.198052e-02
3.396695e-02;5.278661e-02;8.951852e-02;5.662577e-02;1.979262e-02;2.366059e-01;1.330495e-01;1.726441e-01;8.061820e-02;2.393416e-02;4.272551e-02;5.773210e-02
4.203048e-02;8.586940e-02;9.274180e-02;5.767076e-02;2.547544e-02;2.343023e-01;9.608773e-02;1.441067e-01;8.123197e-02;6.548482e-02;3.523456e-02;3.976401e-02
5.837427e-02;6.968465e-02;6.374302e-02;4.911700e-02;1.898919e-02;2.832741e-01;1.220823e-01;1.119481e-01;5.916026e-02;1.046711e-01;3.792638e-02;2.102960e-02
7.713825e-02;3.362052e-02;3.895734e-02;3.377879e-02;4.539242e-02;3.511582e-01;1.023251e-01;8.357214e-02;5.935220e-02;1.273622e-01;2.901780e-02;1.832492e-02
8.096723e-02;1.214740e-02;3.629577e-02;1.877646e-02;7.402360e-02;3.760282e-01;6.255498e-02;6.935970e-02;8.510420e-02;1.259123e-01;2.303304e-02;3.579713e-02
5.128096e-02;3.139817e-02;6.375618e-02;4.309857e-02;1.133304e-01;3.448835e-01;4.765976e-02;6.927565e-02;8.089592e-02;9.206311e-02;1.760211e-02;4.475571e-02
1.647663e-02;3.317928e-02;8.815360e-02;6.253454e-02;1.250090e-01;3.465323e-01;6.808522e-02;8.599669e-02;6.272738e-02;5.269872e-02;1.207199e-02;4.653464e-02
4.539009e-02;5.718494e-02;8.728373e-02;6.224591e-02;6.057402e-02;3.540653e-01;5.987587e-02;1.048490e-01;5.326356e-02;5.816931e-02;1.118907e-02;4.590920e-02
2.699601e-02;6.451698e-02;6.457184e-02;3.855572e-02;4.230643e-02;2.823422e-01;8.042186e-02;1.323538e-01;7.726010e-02;1.395896e-01;2.302045e-02;2.806508e-02
3.870931e-02;6.527013e-02;6.732451e-02;2.828689e-02;3.237264e-02;2.537856e-01;7.897761e-02;1.546212e-01;9.124033e-02;1.416611e-01;3.733069e-02;1.041999e-02
5.300403e-02;7.971372e-02;6.200416e-02;2.710754e-02;5.143303e-02;3.095052e-01;3.071309e-02;1.809140e-01;8.659756e-02;5.747186e-02;4.926030e-02;1.227552e-02
3.401668e-02;6.190100e-02;6.214223e-02;3.540926e-02;7.863304e-02;2.089495e-01;8.668976e-02;1.672042e-01;1.003210e-01;1.246114e-01;3.409720e-02;6.024722e-03
2.449257e-02;4.087958e-02;6.893802e-02;2.610641e-02;3.918312e-02;2.123446e-01;1.438600e-01;1.690365e-01;1.064777e-01;1.418588e-01;1.874263e-02;8.080112e-03
2.894216e-02;3.119435e-02;3.563370e-02;3.269466e-02;5.327530e-02;3.961819e-01;1.391080e-01;1.193566e-01;5.215604e-02;6.941889e-02;2.802962e-02;1.400882e-02
2.335050e-02;3.116318e-02;1.343492e-02;3.199883e-02;7.955328e-02;4.548151e-01;1.029819e-01;1.101976e-01;5.714215e-02;5.715531e-02;2.713796e-02;1.106934e-02
4.155421e-02;3.225125e-02;2.144292e-02;4.621195e-02;5.579435e-02;3.271488e-01;1.477844e-01;1.287118e-01;6.399661e-02;8.748268e-02;2.942031e-02;1.820077e-02
5.343136e-02;3.805285e-02;4.215202e-02;6.958053e-02;7.300708e-02;1.728307e-01;1.435202e-01;1.545168e-01;6.862927e-02;1.327993e-01;1.970474e-02;3.177519e-02
4.774226e-02;9.232586e-02;9.372868e-02;4.340071e-02;1.053601e-01;7.716726e-02;1.762277e-01;1.576811e-01;5.320987e-02;6.541960e-02;6.646919e-02;2.126771e-02
4.525869e-02;8.522338e-02;7.786185e-02;7.729179e-02;7.593998e-02;1.163752e-01;1.854390e-01;1.175805e-01;3.641890e-02;6.929868e-02;8.687390e-02;2.643815e-02
5.991931e-02;5.513705e-02;4.989479e-02;1.029182e-01;5.641567e-02;1.719923e-01;1.567889e-01;9.832553e-02;4.350027e-02;1.179256e-01;7.346717e-02;1.371520e-02
8.377446e-02;3.346723e-02;1.817797e-02;1.351163e-01;3.949988e-02;2.254871e-01;1.120576e-01;7.680028e-02;4.095531e-02;1.717807e-01;4.878389e-02;1.409923e-02
9.363084e-02;3.792661e-02;1.568517e-02;1.574549e-01;3.210698e-02;2.163599e-01;1.068854e-01;5.517703e-02;2.729010e-02;1.979649e-01;2.901482e-02;3.050331e-02
1.065293e-01;2.343238e-02;1.503422e-02;1.431253e-01;3.732133e-02;2.294360e-01;7.754881e-02;7.862882e-02;2.940110e-02;2.107416e-01;1.732563e-02;3.147551e-02
1.054997e-01;3.203956e-02;1.362220e-02;1.352600e-01;3.166332e-02;2.129107e-01;6.047846e-02;9.204206e-02;4.781582e-02;2.063363e-01;2.929527e-02;3.303664e-02
8.150998e-02;6.726576e-02;2.742648e-02;1.372367e-01;2.610003e-02;1.474567e-01;1.066192e-01;7.520907e-02;6.347627e-02;1.808044e-01;4.546824e-02;4.142715e-02
6.861713e-02;9.404553e-02;2.883987e-02;1.399293e-01;1.849460e-02;1.109895e-01;1.411898e-01;4.574941e-02;6.936680e-02;1.617188e-01;7.299936e-02;4.805997e-02
3.873267e-02;1.089202e-01;1.710264e-02;1.022989e-01;1.555598e-02;8.676165e-02;2.355088e-01;4.373916e-02;9.434079e-02;1.007718e-01;1.202535e-01;3.601398e-02
7.696273e-03;1.153649e-01;1.382624e-02;4.956975e-02;2.544332e-02;6.916607e-02;2.978596e-01;4.002834e-02;1.372620e-01;5.200375e-02;1.680042e-01;2.377547e-02
6.790188e-03;1.153995e-01;1.878849e-02;2.289746e-02;4.109049e-02;6.498004e-02;3.208311e-01;3.878807e-02;1.497619e-01;1.434709e-02;1.972009e-01;9.124735e-03
1.061902e-02;9.859632e-02;2.179434e-02;2.028210e-02;6.293749e-02;6.046341e-02;3.009137e-01;5.702166e-02;1.115152e-01;4.875749e-02;1.981562e-01;8.943088e-03
1.675363e-02;8.190528e-02;4.090383e-02;1.586857e-02;8.272214e-02;5.617378e-02;2.734639e-01;1.024925e-01;6.318029e-02;6.179700e-02;1.871463e-01;1.759278e-02
1.915697e-02;7.578243e-02;5.719696e-02;2.026834e-02;7.112841e-02;9.198415e-02;2.576897e-01;1.444039e-01;4.131033e-02;5.771805e-02;1.336280e-01;2.973273e-02
1.918579e-02;6.269871e-02;6.488810e-02;3.663963e-02;4.595060e-02;1.788943e-01;1.912295e-01;1.559218e-01;8.118510e-02;5.358792e-02;6.655023e-02;4.326828e-02
1.736097e-02;7.063434e-02;4.743453e-02;7.301606e-02;2.411731e-02;2.018777e-01;1.508879e-01;1.148926e-01;1.083041e-01;1.062848e-01;5.109991e-02;3.408963e-02
1.601679e-02;4.699611e-02;3.219500e-02;9.745193e-02;4.329465e-02;1.911305e-01;1.806866e-01;9.927166e-02;1.003653e-01;1.240111e-01;4.865105e-02;1.992936e-02
1.837234e-02;3.116913e-02;3.687942e-02;6.698522e-02;5.326669e-02;2.312913e-01;2.644837e-01;7.201759e-02;7.002018e-02;1.014195e-01;4.240979e-02;1.168516e-02
2.642819e-02;2.905973e-02;3.222700e-02;6.686780e-02;5.413082e-02;2.493202e-01;2.444597e-01;8.100294e-02;5.472587e-02;8.295918e-02;7.025932e-02;8.559343e-03
2.735627e-02;4.128255e-02;5.536350e-02;1.005924e-01;5.297367e-02;2.349093e-01;2.164844e-01;8.986748e-02;6.615766e-02;4.828611e-02;5.748495e-02;9.241660e-03
1.510215e-02;5.643665e-02;8.660296e-02;1.029059e-01;6.833562e-02;2.228746e-01;1.453064e-01;7.999209e-02;7.766999e-02;8.972462e-02;3.958925e-02;1.545975e-02
2.065041e-02;9.856372e-02;1.370884e-01;9.028945e-02;5.506346e-02;1.553378e-01;1.211250e-01;1.071462e-01;6.195952e-02;8.679725e-02;4.458242e-02;2.139638e-02
2.261193e-02;1.426450e-01;1.539406e-01;6.545603e-02;4.162759e-02;1.016454e-01;1.363995e-01;1.304252e-01;4.894422e-02;7.141858e-02;5.965464e-02;2.523131e-02
2.851484e-02;1.827946e-01;1.155150e-01;3.334731e-02;3.080720e-02;1.106372e-01;1.446774e-01;1.352374e-01;4.668363e-02;6.023548e-02;9.379868e-02;1.775126e-02
3.276382e-02;1.793737e-01;4.794092e-02;1.510048e-02;2.703872e-02;1.830372e-01;1.380011e-01;1.488467e-01;4.640214e-02;6.221179e-02;9.235117e-02;2.693224e-02
3.890020e-02;1.255603e-01;5.074869e-02;2.500941e-02;1.868006e-02;2.869039e-01;1.162815e-01;1.348958e-01;2.685881e-02;6.962588e-02;5.187086e-02;5.466468e-02
4.296991e-02;8.143965e-02;6.742212e-02;3.701079e-02;2.873888e-02;3.248680e-01;1.054514e-01;1.211448e-01;2.946100e-02;6.834118e-02;4.316176e-02;4.999050e-02
3.979804e-02;6.541891e-02;7.082315e-02;4.771495e-02;3.845689e-02;3.003281e-01;1.080416e-01;1.174946e-01;3.873993e-02;7.485284e-02;6.902282e-02;2.930817e-02
3.195826e-02;3.256988e-02;4.753908e-02;3.378407e-02;3.467067e-02;2.598825e-01;1.631760e-01;1.285589e-01;7.921157e-02;7.466732e-02;9.765982e-02;1.632191e-02
1.805405e-02;2.886885e-02;3.787730e-02;2.665854e-02;3.931874e-02;2.463209e-01;2.285001e-01;1.356442e-01;7.188831e-02;9.849832e-02;4.984606e-02;1.852458e-02
2.246297e-02;5.559357e-02;4.451842e-02;3.765042e-02;4.301680e-02;3.148180e-01;1.836554e-01;1.146060e-01;5.667040e-02;1.029298e-01;1.171665e-02;1.236156e-02
1.961063e-02;7.824965e-02;3.759410e-02;2.541958e-02;4.437777e-02;3.281634e-01;1.242752e-01;1.197258e-01;6.754319e-02;9.520961e-02;4.571320e-02;1.411778e-02
1.936875e-02;7.405371e-02;5.936279e-02;3.591717e-02;5.419680e-02;2.114274e-01;1.373298e-01;1.718628e-01;7.629293e-02;8.412180e-02;6.136716e-02;1.469890e-02
1.281358e-02;4.646727e-02;5.780224e-02;5.162602e-02;4.977458e-02;2.607744e-01;1.437944e-01;1.635741e-01;7.073472e-02;8.385633e-02;4.228228e-02;1.650013e-02
1.027312e-02;3.520920e-02;6.438268e-02;4.994011e-02;3.873894e-02;3.415551e-01;1.342954e-01;1.256374e-01;7.496169e-02;8.123884e-02;2.718661e-02;1.658096e-02
1.147996e-02;3.280194e-02;1.076398e-01;6.737178e-02;4.742551e-02;3.953717e-01;9.245311e-02;8.571725e-02;6.186280e-02;6.133995e-02;1.993809e-02;1.659816e-02
1.075887e-02;3.653639e-02;1.283253e-01;9.146244e-02;7.265015e-02;3.595658e-01;7.229497e-02;9.666638e-02;4.483401e-02;4.232157e-02;2.754119e-02;1.704297e-02
9.976736e-03;4.678779e-02;1.326838e-01;1.042911e-01;8.206506e-02;2.780952e-01;8.952794e-02;8.971211e-02;4.009207e-02;5.726174e-02;5.289362e-02;1.661289e-02
1.212270e-02;6.308599e-02;1.228480e-01;9.380980e-02;6.004676e-02;2.039004e-01;1.375120e-01;1.141214e-01;4.714640e-02;6.766336e-02;6.117334e-02;1.656988e-02
1.847325e-02;7.847191e-02;8.207517e-02;8.173878e-02;6.187431e-02;2.714811e-01;1.385112e-01;1.354690e-01;3.360891e-02;3.608004e-02;5.124802e-02;1.096836e-02
2.637440e-02;7.233311e-02;6.269176e-02;8.165348e-02;6.965361e-02;2.130363e-01;1.198895e-01;1.082394e-01;4.400992e-02;9.229086e-02;1.018344e-01;7.993267e-03
4.953528e-02;4.839635e-02;5.942651e-02;5.551916e-02;5.155054e-02;1.759074e-01;1.222041e-01;1.078710e-01;6.749161e-02;1.093113e-01;1.239592e-01;2.882757e-02
8.951720e-02;6.899320e-02;4.685139e-02;1.928020e-02;4.715763e-02;1.677147e-01;7.652269e-02;4.384254e-02;7.278726e-02;1.078583e-01;1.488706e-01;1.106042e-01
1.113755e-01;8.573167e-02;4.749586e-02;2.228625e-02;5.134273e-02;1.376038e-01;5.686773e-02;4.700316e-02;6.832406e-02;8.336955e-02;1.479745e-01;1.406252e-01
1.144473e-01;8.886275e-02;4.822832e-02;2.938221e-02;5.912995e-02;1.508775e-01;5.753262e-02;5.758255e-02;6.656325e-02;6.559418e-02;1.221777e-01;1.396216e-01
8.171057e-02;1.052100e-01;9.906022e-02;5.300723e-02;6.387345e-02;1.730357e-01;4.554460e-02;1.105384e-01;8.984823e-02;4.857369e-02;5.849573e-02;7.110229e-02
5.200972e-02;1.175830e-01;1.205887e-01;4.819605e-02;5.997298e-02;2.213421e-01;4.038400e-02;1.161432e-01;8.355615e-02;3.019039e-02;7.740963e-02;3.262406e-02
6.031225e-02;1.024527e-01;9.662235e-02;2.907760e-02;4.676510e-02;2.835441e-01;3.080999e-02;7.391428e-02;7.288434e-02;4.743540e-02;1.158993e-01;4.028250e-02
3.832347e-02;5.053951e-02;7.729287e-02;3.381022e-02;1.054027e-01;3.025280e-01;2.027316e-02;3.862191e-02;9.182392e-02;3.654103e-02;1.206823e-01;8.416089e-02
2.442497e-02;1.469848e-02;8.355217e-02;4.658813e-02;1.674008e-01;2.771657e-01;2.942725e-02;3.183644e-02;1.101080e-01;1.196094e-02;7.587060e-02;1.269666e-01
1.072649e-02;1.862990e-02;7.699052e-02;5.799279e-02;2.171731e-01;2.133505e-01;4.616455e-02;2.965251e-02;1.195195e-01;1.599738e-02;3.469404e-02;1.591087e-01
8.898396e-03;1.609946e-02;6.118818e-02;8.012229e-02;2.401907e-01;1.617336e-01;4.947394e-02;2.841341e-02;1.151663e-01;1.422590e-02;3.692714e-02;1.875606e-01
1.053165e-02;1.892047e-02;5.904530e-02;1.039800e-01;2.379903e-01;1.358463e-01;4.908361e-02;3.686382e-02;1.033695e-01;2.373445e-02;2.468433e-02;1.959502e-01
1.645326e-02;2.896706e-02;6.745183e-02;1.337034e-01;2.182955e-01;1.492651e-01;5.422822e-02;4.273903e-02;8.482193e-02;8.088262e-03;3.046639e-02;1.655200e-01
2.217707e-02;4.175692e-02;8.142529e-02;1.328656e-01;1.730320e-01;1.755731e-01;5.569725e-02;8.170503e-02;8.683443e-02;2.288232e-02;3.052467e-02;9.552630e-02
2.669064e-02;4.957468e-02;7.928557e-02;1.111816e-01;1.252414e-01;1.746450e-01;8.208766e-02;1.256845e-01;1.133355e-01;3.328631e-02;4.382319e-02;3.516394e-02
2.028885e-02;4.017111e-02;7.535271e-02;7.633872e-02;6.919049e-02;2.092095e-01;1.328349e-01;1.041450e-01;1.074144e-01;6.067793e-02;5.034351e-02;5.403282e-02
2.291587e-02;6.966042e-02;8.586963e-02;6.774992e-02;5.955963e-02;2.429936e-01;1.067823e-01;9.743252e-02;9.276668e-02;8.332395e-02;1.602645e-02;5.491898e-02
3.058296e-02;6.986728e-02;6.012871e-02;6.725296e-02;1.248222e-01;2.844096e-01;6.547831e-02;7.868560e-02;8.450993e-02;4.856481e-02;2.228175e-02;6.341585e-02
1.899339e-02;3.685122e-02;4.249058e-02;7.082495e-02;1.703153e-01;3.238539e-01;7.325181e-02;8.125186e-02;7.160107e-02;1.871587e-02;1.761587e-02;7.423416e-02
2.244454e-02;4.091346e-02;3.726729e-02;6.290066e-02;1.609066e-01;3.214435e-01;6.927401e-02;8.063006e-02;5.722830e-02;2.952254e-02;3.723850e-02;8.023053e-02
3.413553e-02;3.877509e-02;5.283828e-02;6.122773e-02;1.200971e-01;2.504870e-01;8.496863e-02;8.310957e-02;6.205169e-02;5.362806e-02;5.684158e-02;1.018397e-01
4.600308e-02;6.279818e-02;6.103793e-02;4.877073e-02;8.170353e-02;2.717252e-01;9.272489e-02;7.281236e-02;7.701987e-02;2.886932e-02;4.659984e-02;1.099351e-01
2.297419e-02;7.267101e-02;3.578752e-02;4.453700e-02;8.723526e-02;3.812231e-01;5.774358e-02;7.952674e-02;6.359712e-02;3.219840e-02;3.673958e-02;8.576656e-02
5.146423e-02;5.479483e-02;2.538847e-02;4.433946e-02;9.501799e-02;4.467463e-01;5.959694e-02;8.941528e-02;4.092137e-02;3.311512e-02;1.586521e-02;4.333482e-02
3.559100e-02;5.358605e-02;6.588268e-02;7.296124e-02;6.005239e-02;3.990808e-01;7.328974e-02;1.213640e-01;3.419898e-02;4.624743e-02;2.175973e-02;1.598602e-02
2.556656e-02;1.080302e-01;1.311546e-01;1.006538e-01;5.241612e-02;2.628181e-01;6.929494e-02;1.296909e-01;4.751968e-02;3.557277e-02;2.591765e-02;1.136476e-02
2.879174e-02;1.332088e-01;1.316205e-01;9.363982e-02;6.137658e-02;2.266396e-01;8.082835e-02;1.431896e-01;4.110479e-02;3.050226e-02;2.005875e-02;9.039078e-03
2.670597e-02;1.648810e-01;9.028088e-02;5.682348e-02;6.296024e-02;1.992524e-01;1.119088e-01;1.820664e-01;4.519987e-02;2.954268e-02;2.312372e-02;7.254506e-03
1.936018e-02;1.729820e-01;6.895474e-02;3.054705e-02;1.047956e-01;1.747655e-01;1.250096e-01;1.992313e-01;4.670878e-02;2.194001e-02;3.030089e-02;5.404443e-03
1.668808e-02;1.675122e-01;1.032201e-01;6.632799e-02;1.434486e-01;1.099548e-01;9.572764e-02;2.067802e-01;4.243618e-02;1.501673e-02;2.867766e-02;4.209860e-03
1.043883e-02;1.198535e-01;1.639600e-01;9.624157e-02;1.069486e-01;7.554766e-02;5.705534e-02;2.397799e-01;8.173750e-02;1.735816e-02;1.623970e-02;1.483919e-02
7.497243e-03;6.779578e-02;1.898766e-01;7.068114e-02;4.819090e-02;7.882979e-02;6.272932e-02;2.906777e-01;1.261408e-01;2.527513e-02;2.315249e-03;2.999036e-02
7.083634e-03;4.686677e-02;1.639102e-01;6.273720e-02;8.788283e-02;1.004660e-01;6.864329e-02;2.770447e-01;1.281451e-01;1.963721e-02;4.318552e-03;3.326441e-02
2.570632e-02;4.517221e-02;1.147038e-01;9.737216e-02;1.698958e-01;9.414045e-02;3.473026e-02;2.287217e-01;1.449884e-01;1.461019e-02;5.901467e-03;2.405729e-02
5.098397e-02;2.888644e-02;7.640300e-02;1.801131e-01;1.737184e-01;5.100781e-02;1.431344e-02;1.966695e-01;1.845185e-01;1.365136e-02;1.006910e-02;1.966538e-02
7.385466e-02;1.545274e-02;6.378322e-02;2.559069e-01;9.637090e-02;3.251981e-02;2.913852e-02;1.835454e-01;2.034639e-01;2.109874e-02;1.417834e-02;1.068689e-02
8.046202e-02;2.619194e-02;6.628476e-02;2.662307e-01;7.163214e-02;4.953825e-02;5.172211e-02;1.349376e-01;1.982076e-01;3.453753e-02;1.378151e-02;6.473833e-03
5.839220e-02;3.005914e-02;9.375748e-02;2.068477e-01;1.128372e-01;9.028211e-02;6.881120e-02;8.458458e-02;1.860577e-01;4.970060e-02;1.050455e-02;8.165481e-03
3.556086e-02;3.431351e-02;1.329255e-01;1.399262e-01;1.653583e-01;9.066979e-02;5.873947e-02;8.081383e-02;1.714753e-01;6.328583e-02;1.560069e-02;1.133062e-02
2.185414e-02;5.197462e-02;1.533504e-01;1.023550e-01;1.912457e-01;9.894121e-02;4.108572e-02;8.133935e-02;1.506831e-01;6.952959e-02;1.519055e-02;2.245064e-02
1.941816e-02;7.372362e-02;1.231266e-01;7.704709e-02;2.250656e-01;9.223919e-02;2.529251e-02;6.773832e-02;1.472112e-01;9.018227e-02;1.731830e-02;4.163707e-02
3.937122e-02;6.922142e-02;5.629571e-02;8.711972e-02;2.291167e-01;1.148894e-01;1.698670e-02;7.414789e-02;1.520456e-01;9.355099e-02;1.421002e-02;5.304461e-02
6.431669e-02;4.520926e-02;5.418474e-02;9.565813e-02;1.345463e-01;1.622650e-01;2.530094e-02;1.316430e-01;1.713489e-01;6.588069e-02;1.353186e-02;3.611444e-02
7.418513e-02;3.358307e-02;7.449970e-02;8.608656e-02;9.926069e-02;1.596834e-01;5.912029e-02;1.254350e-01;2.182570e-01;3.221154e-02;1.759307e-02;2.008454e-02
7.488583e-02;2.778178e-02;7.845625e-02;7.241414e-02;1.695429e-01;1.357744e-01;6.251474e-02;7.186280e-02;1.940238e-01;5.883825e-02;2.440357e-02;2.950153e-02
6.283837e-02;2.783335e-02;8.816776e-02;1.009524e-01;1.736821e-01;1.387139e-01;4.845741e-02;7.755950e-02;1.694841e-01;5.455150e-02;2.633572e-02;3.142387e-02
7.802445e-02;2.487840e-02;8.733207e-02;1.491917e-01;1.694542e-01;9.975366e-02;4.659810e-02;6.462776e-02;1.537368e-01;3.853783e-02;6.616945e-02;2.169557e-02
9.750544e-02;2.059124e-02;6.820840e-02;2.127801e-01;1.479901e-01;4.567777e-02;3.975702e-02;5.283910e-02;1.416720e-01;2.855712e-02;1.331310e-01;1.129071e-02
8.202956e-02;1.735156e-02;6.082447e-02;2.584077e-01;1.217204e-01;2.449528e-02;2.813346e-02;4.502358e-02;1.447338e-01;2.736609e-02;1.801355e-01;9.778528e-03
5.454537e-02;2.333155e-02;9.480572e-02;2.592849e-01;1.037653e-01;1.995393e-02;1.819660e-02;8.128941e-02;1.449570e-01;3.538470e-02;1.580885e-01;6.396961e-03
3.865402e-02;4.635874e-02;1.280561e-01;2.291710e-01;9.382126e-02;3.517148e-02;2.532400e-02;1.289069e-01;1.315019e-01;3.312722e-02;9.933859e-02;1.056886e-02
2.520801e-02;6.414397e-02;1.222985e-01;1.967491e-01;8.848397e-02;6.715655e-02;3.818385e-02;1.809470e-01;1.038943e-01;3.760903e-02;5.072675e-02;2.459888e-02
2.252808e-02;4.631206e-02;8.806401e-02;1.160057e-01;9.740723e-02;6.838467e-02;6.792586e-02;2.082028e-01;1.872594e-01;3.615359e-02;3.942453e-02;2.233205e-02
2.052099e-02;2.053007e-02;8.232041e-02;1.093208e-01;9.745305e-02;7.319867e-02;4.843608e-02;2.085982e-01;2.494617e-01;3.282478e-02;4.671618e-02;1.061915e-02
2.539163e-02;2.476794e-02;7.662915e-02;9.223697e-02;7.769382e-02;7.872389e-02;3.033450e-02;2.263063e-01;2.816091e-01;4.521496e-02;3.312076e-02;7.970958e-03
2.736780e-02;4.090440e-02;6.680455e-02;5.068832e-02;7.444517e-02;7.772164e-02;2.335540e-02;2.641172e-01;2.908528e-01;4.071978e-02;3.185987e-02;1.116306e-02
2.942826e-02;4.960050e-02;8.316307e-02;8.310286e-02;1.091713e-01;8.661573e-02;1.523178e-02;2.329684e-01;2.416280e-01;2.849911e-02;3.254006e-02;8.050938e-03
3.249092e-02;5.115616e-02;5.663536e-02;1.503741e-01;1.333129e-01;8.765765e-02;2.163216e-02;1.749392e-01;2.249502e-01;3.169544e-02;2.943685e-02;5.719101e-03
2.918657e-02;8.198702e-02;1.767568e-01;1.912812e-01;1.149760e-01;6.197518e-02;2.058822e-02;1.169404e-01;1.408313e-01;2.881618e-02;1.881523e-02;1.784606e-02
2.147853e-02;5.908617e-02;2.265166e-01;2.172205e-01;1.411543e-01;4.741287e-02;7.878148e-03;1.318831e-01;9.581242e-02;1.935005e-02;7.975644e-03;2.423174e-02
1.147794e-02;3.096842e-02;2.326871e-01;1.803188e-01;1.815459e-01;4.701280e-02;1.359764e-02;1.649324e-01;8.909287e-02;1.478493e-02;5.437335e-03;2.814403e-02
9.522237e-03;4.974307e-02;2.359529e-01;6.953120e-02;1.941480e-01;6.082744e-02;2.004759e-02;2.169811e-01;9.964370e-02;8.751185e-03;3.654453e-03;3.119716e-02
8.553695e-03;1.870897e-02;2.221741e-01;8.098923e-02;1.562804e-01;5.668592e-02;2.022426e-02;2.669546e-01;1.291793e-01;7.515068e-03;3.057309e-03;2.967719e-02
2.760138e-03;3.462618e-02;2.040675e-01;1.097023e-01;1.011271e-01;6.364001e-02;2.004707e-02;2.800187e-01;1.424377e-01;1.008009e-02;3.260308e-03;2.823291e-02
4.198818e-03;2.821104e-02;1.906703e-01;8.731433e-02;6.726094e-02;6.137769e-02;2.070476e-02;3.508649e-01;1.386734e-01;1.207761e-02;4.920968e-03;3.372519e-02
1.092090e-02;1.778165e-02;1.415246e-01;2.684442e-02;5.635111e-02;7.447203e-02;3.305753e-02;4.392889e-01;1.422368e-01;1.294304e-02;6.237861e-03;3.834120e-02
6.021801e-03;1.919716e-02;1.084512e-01;5.213850e-02;4.700577e-02;5.738195e-02;3.936232e-02;4.511804e-01;1.600948e-01;1.439957e-02;8.848404e-03;3.591815e-02
4.730079e-03;3.673876e-02;1.020625e-01;2.770230e-02;4.567485e-02;5.927160e-02;4.128994e-02;4.759414e-01;1.517078e-01;1.171499e-02;8.264461e-03;3.490140e-02
8.859251e-03;3.292090e-02;8.578287e-02;3.733748e-02;4.826098e-02;8.584309e-02;4.143450e-02;4.792745e-01;1.310844e-01;9.060439e-03;8.056467e-03;3.208514e-02
8.184281e-03;7.317341e-03;6.760438e-02;3.989213e-02;4.931122e-02;7.829035e-02;4.298094e-02;5.091528e-01;1.441778e-01;1.036310e-02;1.471795e-02;2.800776e-02
3.838436e-03;4.459501e-02;5.284276e-02;6.026890e-02;7.285877e-02;1.003427e-01;2.699557e-02;4.358309e-01;1.429837e-01;1.167191e-02;2.943984e-02;1.833151e-02
5.645185e-03;4.567199e-02;5.527700e-02;9.399589e-02;1.101450e-01;1.597403e-01;5.029362e-02;2.988485e-01;1.150708e-01;1.131603e-02;3.443755e-02;1.955812e-02
1.320051e-02;3.394556e-02;7.357766e-02;1.206489e-01;1.248820e-01;1.965279e-01;6.294250e-02;1.995212e-01;1.053301e-01;1.759557e-02;2.845822e-02;2.336994e-02
3.135126e-02;5.249372e-02;7.761794e-02;1.045698e-01;9.236040e-02;1.232256e-01;8.483545e-02;2.005631e-01;9.635045e-02;4.839563e-02;5.507943e-02;3.315721e-02
2.980270e-02;8.600004e-02;7.141652e-02;5.753078e-02;4.471575e-02;2.021763e-01;7.422625e-02;2.471575e-01;8.081764e-02;4.143248e-02;3.431889e-02;3.040520e-02
3.267167e-02;1.069647e-01;4.526711e-02;4.026275e-02;2.973451e-02;3.027824e-01;5.868322e-02;2.410478e-01;5.517799e-02;4.907405e-02;2.069068e-02;1.764314e-02
5.613293e-02;9.824192e-02;1.872131e-02;4.651732e-02;2.939174e-02;3.915948e-01;4.653647e-02;1.762967e-01;4.800409e-02;6.004289e-02;1.822484e-02;1.029503e-02
6.847197e-02;7.596656e-02;2.469742e-02;4.856709e-02;4.066528e-02;4.501451e-01;3.733262e-02;1.363593e-01;4.237888e-02;5.616541e-02;7.842662e-03;1.140772e-02
7.037139e-02;4.298219e-02;3.093458e-02;3.895294e-02;5.952296e-02;4.891410e-01;2.979068e-02;1.305967e-01;3.805953e-02;4.485895e-02;7.361026e-03;1.742809e-02
6.194292e-02;4.315881e-02;6.519926e-02;3.088574e-02;6.614942e-02;4.889099e-01;1.473996e-02;1.155585e-01;5.092365e-02;3.506555e-02;1.213123e-02;1.533503e-02
5.800973e-02;4.759300e-02;7.877668e-02;1.873562e-02;5.590281e-02;4.660828e-01;2.121267e-02;1.457021e-01;5.378189e-02;2.001604e-02;1.147562e-02;2.271101e-02
7.373577e-02;2.631016e-02;1.023545e-01;2.190719e-02;6.531177e-02;4.463836e-01;2.919186e-02;9.959885e-02;6.212418e-02;1.847721e-02;1.096135e-02;4.364348e-02
5.091302e-02;5.145478e-02;1.088289e-01;1.833961e-02;7.655283e-02;4.265209e-01;2.797304e-02;8.188927e-02;6.861387e-02;1.639050e-02;1.017752e-02;6.234578e-02
2.518452e-02;3.675114e-02;9.331286e-02;3.275803e-02;1.259721e-01;3.941699e-01;2.629586e-02;1.233857e-01;5.062832e-02;9.427934e-03;5.775441e-03;7.633818e-02
2.566775e-02;5.936037e-02;7.579406e-02;4.838889e-02;1.359311e-01;3.366131e-01;2.351610e-02;1.230605e-01;6.873931e-02;1.480690e-02;8.829387e-03;7.929251e-02
1.999592e-02;4.836543e-02;1.204779e-01;6.949465e-02;1.487643e-01;2.834280e-01;2.661417e-02;9.370492e-02;6.980243e-02;1.526417e-02;1.710744e-02;8.698072e-02
1.132742e-02;5.295788e-02;1.721501e-01;7.079544e-02;1.318526e-01;2.908876e-01;2.867972e-02;7.576271e-02;5.019163e-02;1.478580e-02;2.148791e-02;7.912118e-02
9.997748e-03;6.594250e-02;1.660369e-01;6.709491e-02;8.162298e-02;3.291683e-01;2.844497e-02;1.158689e-01;4.288083e-02;1.435642e-02;2.076153e-02;5.782405e-02
7.777950e-03;3.988386e-02;1.603571e-01;5.250250e-02;9.127602e-02;3.171270e-01;4.010889e-02;1.219641e-01;7.510448e-02;1.619274e-02;1.752427e-02;6.018106e-02
1.197622e-02;5.852601e-02;1.666937e-01;3.068607e-02;7.084519e-02;2.895432e-01;5.246277e-02;1.190425e-01;1.045468e-01;2.319400e-02;1.441498e-02;5.806862e-02
1.164707e-02;3.778588e-02;1.291842e-01;3.368455e-02;6.350471e-02;3.579774e-01;5.504662e-02;1.248449e-01;9.166756e-02;3.221336e-02;1.686651e-02;4.557722e-02
1.247256e-02;4.031839e-02;1.219398e-01;4.017223e-02;6.288886e-02;3.082749e-01;8.540815e-02;1.264576e-01;1.142721e-01;3.096934e-02;1.167324e-02;4.515287e-02
1.633353e-02;5.052605e-02;1.294105e-01;3.372360e-02;7.952268e-02;1.729828e-01;1.283080e-01;1.732623e-01;1.230318e-01;3.152306e-02;1.000380e-02;5.137200e-02
1.119428e-02;2.770443e-02;9.320042e-02;1.662528e-02;6.816961e-02;3.395688e-01;1.184679e-01;1.627077e-01;7.924867e-02;3.051463e-02;8.517015e-03;4.408119e-02
9.088502e-03;1.608478e-02;6.892524e-02;1.763236e-02;6.579421e-02;4.164509e-01;1.078494e-01;1.471006e-01;8.655571e-02;2.037195e-02;5.275945e-03;3.887039e-02
1.036503e-02;1.516888e-02;5.826750e-02;2.401336e-02;7.474622e-02;4.135196e-01;9.256069e-02;1.711864e-01;8.607204e-02;9.291545e-03;6.753346e-03;3.805537e-02
1.263710e-02;3.025145e-02;7.077484e-02;2.461421e-02;7.829855e-02;4.270700e-01;6.512767e-02;1.441121e-01;8.201313e-02;1.200180e-02;1.259010e-02;4.050910e-02
1.852536e-02;4.029449e-02;5.245610e-02;1.894973e-02;6.979956e-02;4.924064e-01;2.691941e-02;1.241553e-01;9.775917e-02;8.803907e-03;1.013940e-02;3.979110e-02
1.629522e-02;4.671098e-02;5.898123e-02;1.632427e-02;4.899428e-02;4.644937e-01;2.713912e-02;1.729535e-01;1.013438e-01;8.625104e-03;9.490351e-03;2.864852e-02
1.366151e-02;4.175888e-02;2.801999e-02;1.349533e-02;4.686190e-02;4.836680e-01;3.019026e-02;2.176875e-01;8.555989e-02;9.654324e-03;6.424403e-03;2.301797e-02
1.419532e-02;5.257705e-02;6.896632e-02;1.469339e-02;3.453555e-02;4.671299e-01;3.327630e-02;2.222877e-01;5.255992e-02;9.513833e-03;6.420229e-03;2.384443e-02
1.324802e-02;2.733570e-02;9.780779e-02;1.465094e-02;3.145327e-02;3.800790e-01;4.137864e-02;2.401112e-01;1.114057e-01;1.116392e-02;7.245674e-03;2.411998e-02
1.171486e-02;5.670250e-02;1.184835e-01;1.796641e-02;2.158410e-02;3.146058e-01;3.794709e-02;2.683719e-01;1.232916e-01;1.010286e-02;5.864754e-03;1.336461e-02
8.372595e-03;5.197228e-02;1.136213e-01;1.794830e-02;1.491099e-02;3.196190e-01;2.187666e-02;3.240410e-01;1.085049e-01;9.577710e-03;3.648308e-03;5.906878e-03
1.086660e-02;8.174133e-02;1.409662e-01;2.084849e-02;1.667053e-02;2.703875e-01;1.628429e-02;2.951673e-01;1.132375e-01;1.173440e-02;1.129561e-02;1.080019e-02
1.328379e-02;1.127359e-01;1.583006e-01;2.669012e-02;2.252566e-02;2.711479e-01;1.695582e-02;2.430059e-01;9.778737e-02;1.406793e-02;1.097116e-02;1.252777e-02
1.224363e-02;1.197421e-01;1.051687e-01;3.116204e-02;3.323222e-02;3.872344e-01;2.189789e-02;1.565721e-01;9.616149e-02;1.686944e-02;1.045035e-02;9.265676e-03
1.204474e-02;1.093707e-01;1.566261e-01;2.664021e-02;3.412106e-02;4.180934e-01;2.131476e-02;8.215347e-02;1.023967e-01;1.677531e-02;1.016581e-02;1.029768e-02
1.176302e-02;1.311423e-01;1.671103e-01;2.018340e-02;2.060221e-02;3.832943e-01;1.844580e-02;1.432517e-01;7.025609e-02;1.038221e-02;1.075383e-02;1.281488e-02
1.938827e-02;1.180214e-01;1.049338e-01;1.802760e-02;2.007900e-02;3.699501e-01;1.575190e-02;1.988826e-01;9.392595e-02;1.495632e-02;9.872339e-03;1.621072e-02
