1.427863e-01;9.050059e-02;1.722567e-01;5.088098e-02;5.807851e-02;4.947481e-02;1.654663e-01;4.084240e-02;5.387729e-02;5.814576e-02;6.274842e-02;5.494188e-02
1.742224e-01;8.652419e-02;1.504018e-01;3.858288e-02;6.264310e-02;5.193298e-02;2.132654e-01;3.154036e-02;4.278146e-02;4.901769e-02;4.485746e-02;5.423026e-02
1.845772e-01;9.575040e-02;1.189676e-01;3.026249e-02;6.220215e-02;5.677832e-02;2.469563e-01;3.126297e-02;3.731958e-02;3.984753e-02;4.473482e-02;5.134066e-02
1.689887e-01;8.377863e-02;1.630450e-01;3.944620e-02;6.183938e-02;6.752475e-02;2.090384e-01;4.204695e-02;3.251087e-02;4.228068e-02;5.494353e-02;3.455689e-02
1.699199e-01;4.290307e-02;2.089161e-01;5.778569e-02;8.669768e-02;9.011801e-02;1.032164e-01;4.387694e-02;3.138427e-02;5.936080e-02;6.202923e-02;4.379188e-02
1.367655e-01;5.220164e-02;2.101140e-01;6.251749e-02;1.070167e-01;8.579324e-02;1.390403e-01;2.332407e-02;2.861832e-02;6.378385e-02;3.656021e-02;5.426462e-02
1.517309e-01;3.378472e-02;2.529055e-01;6.157464e-02;1.144126e-01;9.795769e-02;6.657290e-02;3.673505e-02;3.543499e-02;5.345137e-02;4.678030e-02;4.865937e-02
1.513520e-01;5.345681e-02;1.202217e-01;6.843580e-02;1.032763e-01;1.204539e-01;1.365153e-01;6.284075e-02;2.536149e-02;4.611958e-02;6.403229e-02;4.793417e-02
1.166129e-01;3.780326e-02;1.514291e-01;8.124278e-02;8.655634e-02;1.194476e-01;1.162374e-01;4.734075e-02;4.676890e-02;5.710366e-02;8.779532e-02;5.166186e-02
8.960818e-02;5.700168e-02;1.789921e-01;8.527450e-02;8.607531e-02;8.659321e-02;1.552328e-01;4.933977e-02;5.824783e-02;5.645118e-02;5.064047e-02;4.654300e-02
6.128293e-02;6.397558e-02;8.101667e-02;7.677624e-02;9.828312e-02;6.789594e-02;1.662762e-01;6.521206e-02;1.330626e-01;8.674139e-02;6.258448e-02;3.689278e-02
5.404257e-02;4.910296e-02;1.028724e-01;6.182341e-02;9.493086e-02;9.225512e-02;1.244147e-01;9.219620e-02;1.437918e-01;9.617215e-02;5.671218e-02;3.168562e-02
6.394980e-02;3.510156e-02;1.162684e-01;3.974115e-02;1.027714e-01;1.054727e-01;1.084365e-01;1.176217e-01;1.592862e-01;8.234400e-02;3.505159e-02;3.395491e-02
6.630527e-02;3.790184e-02;1.009203e-01;5.084896e-02;9.204531e-02;1.020962e-01;1.408646e-01;1.272813e-01;1.355350e-01;6.791703e-02;2.904702e-02;4.923711e-02
4.852102e-02;4.186205e-02;8.812799e-02;7.204041e-02;8.503890e-02;1.053002e-01;1.783572e-01;1.185284e-01;9.513739e-02;6.739607e-02;4.383445e-02;5.585591e-02
6.798115e-02;4.781602e-02;1.639149e-01;5.854196e-02;6.250374e-02;6.667314e-02;2.057882e-01;6.995072e-02;7.092659e-02;9.547149e-02;4.289476e-02;4.753734e-02
1.047646e-01;3.423584e-02;1.672304e-01;3.035983e-02;8.322968e-02;7.085673e-02;2.418504e-01;5.506589e-02;6.022729e-02;6.577129e-02;4.129558e-02;4.511257e-02
8.799884e-02;3.515940e-02;1.375803e-01;4.402061e-02;1.097080e-01;7.986113e-02;2.530968e-01;6.630321e-02;5.722040e-02;6.650891e-02;1.715055e-02;4.539178e-02
5.618814e-02;2.755975e-02;2.195192e-01;7.185522e-02;1.109618e-01;6.723735e-02;1.863919e-01;6.597236e-02;4.572869e-02;7.159269e-02;3.946475e-02;3.752809e-02
2.454121e-02;1.663913e-02;3.407273e-01;9.859458e-02;9.238023e-02;4.998514e-02;1.020476e-01;5.571847e-02;2.849384e-02;8.436618e-02;7.714693e-02;2.935944e-02
2.041094e-02;2.093637e-02;3.880537e-01;1.000385e-01;6.535782e-02;3.151663e-02;7.848455e-02;5.431246e-02;3.159812e-02;9.771577e-02;8.933421e-02;2.224088e-02
2.057343e-02;2.195881e-02;4.093364e-01;9.919269e-02;7.509841e-02;4.617013e-02;5.698228e-02;4.753574e-02;2.494395e-02;9.905374e-02;7.857459e-02;2.057983e-02
2.460804e-02;2.779279e-02;3.879162e-01;7.857563e-02;7.609246e-02;5.566333e-02;1.074181e-01;4.526364e-02;3.432560e-02;8.817883e-02;5.333709e-02;2.082826e-02
2.967028e-02;3.787873e-02;3.677957e-01;5.974535e-02;8.242729e-02;7.009644e-02;1.295751e-01;4.889109e-02;3.584442e-02;7.476056e-02;3.498941e-02;2.832560e-02
5.379517e-02;2.491571e-02;4.517741e-01;6.661338e-02;9.143661e-02;5.618642e-02;4.681578e-02;4.639499e-02;2.736157e-02;7.311303e-02;3.504254e-02;2.655071e-02
4.878377e-02;2.311281e-02;4.220200e-01;6.685612e-02;7.905351e-02;3.894781e-02;1.048862e-01;5.920182e-02;4.004465e-02;7.076876e-02;3.275016e-02;1.357447e-02
3.027533e-02;2.713862e-02;4.515134e-01;6.122649e-02;6.773623e-02;3.490416e-02;9.151769e-02;7.435973e-02;5.845841e-02;6.512258e-02;2.894010e-02;8.807295e-03
2.346262e-02;1.876132e-02;4.949589e-01;6.256002e-02;5.442839e-02;2.409031e-02;8.005465e-02;6.918482e-02;7.055704e-02;6.612061e-02;3.084132e-02;4.979981e-03
2.417185e-02;1.727298e-02;5.352731e-01;6.080134e-02;4.614153e-02;1.713050e-02;6.855618e-02;6.603786e-02;6.801094e-02;5.979858e-02;3.153111e-02;5.274103e-03
2.118626e-02;2.670954e-02;5.372530e-01;5.708529e-02;3.810255e-02;9.174426e-03;9.064519e-02;7.461556e-02;5.001777e-02;6.143879e-02;2.920251e-02;4.569143e-03
2.216951e-02;2.843767e-02;5.385485e-01;5.812107e-02;3.930987e-02;1.762110e-02;1.021292e-01;6.234349e-02;3.120638e-02;6.729659e-02;2.927523e-02;3.541326e-03
2.840480e-02;3.644502e-02;5.111090e-01;6.610163e-02;5.153771e-02;2.460349e-02;8.798391e-02;4.975314e-02;2.508277e-02;6.174848e-02;4.817099e-02;9.059013e-03
3.827894e-02;3.159074e-02;3.889371e-01;1.053128e-01;8.043997e-02;4.908883e-02;7.486318e-02;6.374726e-02;2.772234e-02;4.266398e-02;7.161239e-02;2.574243e-02
5.993091e-02;2.780145e-02;3.113220e-01;1.437926e-01;9.032936e-02;6.765085e-02;7.832298e-02;7.155211e-02;1.550282e-02;1.569676e-02;8.247225e-02;3.562595e-02
4.125879e-02;4.222913e-02;3.001399e-01;1.664134e-01;9.767383e-02;6.509435e-02;5.507956e-02;7.175416e-02;1.827266e-02;2.591541e-02;8.501220e-02;3.115656e-02
1.120376e-02;5.396787e-02;2.601937e-01;1.926003e-01;1.195082e-01;8.519871e-02;4.462622e-02;7.967842e-02;2.133027e-02;1.983872e-02;8.583678e-02;2.601700e-02
8.026130e-03;6.246687e-02;2.425804e-01;2.184919e-01;1.413039e-01;8.409990e-02;2.370736e-02;8.093446e-02;1.325474e-02;1.600262e-02;8.354978e-02;2.558196e-02
1.428239e-02;6.561015e-02;2.626381e-01;2.075980e-01;1.491940e-01;6.588326e-02;2.719494e-02;6.723245e-02;1.913067e-02;1.694460e-02;6.815105e-02;3.614038e-02
1.633038e-02;7.415669e-02;2.490475e-01;1.769724e-01;1.650015e-01;5.018406e-02;4.957494e-02;5.876133e-02;3.995149e-02;1.844036e-02;5.003573e-02;5.154364e-02
1.998121e-02;6.478843e-02;2.498741e-01;1.377881e-01;1.688222e-01;5.429280e-02;5.632875e-02;6.710841e-02;6.274651e-02;1.732481e-02;3.542617e-02;6.551841e-02
4.105832e-02;5.247166e-02;2.231136e-01;8.263674e-02;1.919164e-01;7.167160e-02;8.426745e-02;7.489462e-02;5.611854e-02;1.515280e-02;2.961252e-02;7.708573e-02
6.165399e-02;4.002734e-02;2.029670e-01;5.149084e-02;2.184083e-01;8.966526e-02;1.076305e-01;7.545250e-02;3.590075e-02;1.076003e-02;2.357752e-02;8.246602e-02
6.326556e-02;3.175503e-02;2.113898e-01;6.030248e-02;2.297658e-01;8.996221e-02;9.242305e-02;5.841095e-02;4.082187e-02;1.795083e-02;2.176339e-02;8.218896e-02
4.895648e-02;4.998305e-02;2.209372e-01;6.128568e-02;2.294313e-01;8.469176e-02;7.015748e-02;4.102025e-02;4.985583e-02;2.726745e-02;3.645932e-02;7.995424e-02
3.484605e-02;8.053762e-02;1.992222e-01;6.999840e-02;2.228714e-01;8.119984e-02;5.347721e-02;5.352344e-02;5.075225e-02;2.961470e-02;4.731710e-02;7.663984e-02
3.102546e-02;1.026023e-01;1.784558e-01;1.032396e-01;1.855635e-01;7.133106e-02;7.538702e-02;7.165068e-02;4.089089e-02;2.350121e-02;5.070073e-02;6.565175e-02
2.379164e-02;1.127994e-01;2.135548e-01;1.328599e-01;1.628668e-01;5.118747e-02;5.415640e-02;7.722909e-02;3.256750e-02;2.239811e-02;6.166221e-02;5.492677e-02
2.347414e-02;1.198403e-01;2.192698e-01;1.398961e-01;1.633787e-01;4.070427e-02;2.493646e-02;7.858349e-02;4.008681e-02;2.249139e-02;6.689216e-02;6.044627e-02
2.524353e-02;1.117008e-01;2.122125e-01;1.262714e-01;1.571708e-01;3.862471e-02;4.246841e-02;7.647189e-02;4.501526e-02;2.125585e-02;8.067454e-02;6.289021e-02
3.001856e-02;8.580007e-02;2.667389e-01;1.175293e-01;1.258247e-01;3.101815e-02;5.881603e-02;7.362688e-02;4.142617e-02;2.699655e-02;8.742003e-02;5.478458e-02
3.904660e-02;5.681144e-02;3.037202e-01;9.813539e-02;1.303299e-01;3.992717e-02;9.325655e-02;5.953519e-02;3.276562e-02;2.624300e-02;6.857129e-02;5.165766e-02
4.771595e-02;3.143402e-02;2.843943e-01;7.395978e-02;1.820765e-01;7.966868e-02;1.047876e-01;4.247571e-02;2.190945e-02;1.500273e-02;4.596285e-02;7.061256e-02
3.331496e-02;3.951674e-02;2.667556e-01;7.017101e-02;2.289714e-01;9.358788e-02;4.465271e-02;3.431949e-02;3.060339e-02;1.664859e-02;4.928831e-02;9.216991e-02
5.547263e-02;3.757897e-02;2.138695e-01;5.974705e-02;2.397035e-01;1.072305e-01;7.808057e-02;2.268348e-02;4.632240e-02;1.507689e-02;3.534859e-02;8.888600e-02
9.064313e-02;2.242091e-02;1.901253e-01;4.624331e-02;2.506833e-01;1.257782e-01;7.680740e-02;1.472757e-02;5.956896e-02;1.542397e-02;2.251587e-02;8.506204e-02
1.222734e-01;3.032288e-02;1.365358e-01;4.373167e-02;1.905324e-01;1.096256e-01;1.832633e-01;1.647720e-02;6.392959e-02;2.264901e-02;1.936743e-02;6.129176e-02
1.416361e-01;2.990374e-02;9.662484e-02;5.119374e-02;1.809179e-01;9.779899e-02;1.991941e-01;2.306244e-02;7.999130e-02;2.035809e-02;1.926226e-02;6.005649e-02
1.817318e-01;1.608098e-02;1.123314e-01;5.304560e-02;2.133627e-01;1.005163e-01;7.510518e-02;2.109246e-02;1.154688e-01;1.857796e-02;1.325037e-02;7.943647e-02
2.043410e-01;2.885947e-02;9.917607e-02;2.921769e-02;1.866142e-01;9.696406e-02;1.280090e-01;9.674705e-03;1.124390e-01;2.006049e-02;9.769529e-03;7.487476e-02
1.927892e-01;3.130989e-02;1.093985e-01;2.952989e-02;1.809322e-01;1.027700e-01;1.165002e-01;1.273143e-02;1.155127e-01;1.865570e-02;1.122905e-02;7.864115e-02
1.502133e-01;1.550752e-02;1.199650e-01;4.112975e-02;1.993851e-01;1.022964e-01;9.359805e-02;2.056256e-02;1.361618e-01;1.257211e-02;9.770485e-03;9.883789e-02
1.412364e-01;1.486385e-02;1.084715e-01;4.139119e-02;2.031244e-01;9.714364e-02;9.800243e-02;2.868841e-02;1.341423e-01;1.117489e-02;1.518515e-02;1.065759e-01
1.328527e-01;1.666244e-02;8.114044e-02;4.506885e-02;2.105425e-01;1.005007e-01;9.308504e-02;2.857487e-02;1.296352e-01;1.194623e-02;3.100806e-02;1.189829e-01
9.412318e-02;1.099258e-02;1.085493e-01;3.719268e-02;2.039433e-01;9.891280e-02;1.267014e-01;2.840749e-02;1.159292e-01;1.727048e-02;4.138560e-02;1.165920e-01
8.162642e-02;3.025521e-02;1.587881e-01;4.939197e-02;1.751911e-01;7.935058e-02;1.378062e-01;3.024515e-02;8.010019e-02;2.920567e-02;4.842393e-02;9.961544e-02
2.570161e-02;3.944756e-02;1.872524e-01;6.981613e-02;1.895425e-01;7.407259e-02;1.134372e-01;4.146437e-02;5.199958e-02;4.361968e-02;5.350564e-02;1.101408e-01
7.924040e-02;2.721077e-02;1.465687e-01;6.882727e-02;1.967378e-01;7.183812e-02;1.261596e-01;3.464064e-02;5.396902e-02;2.272493e-02;5.076155e-02;1.213212e-01
9.608266e-02;2.514145e-02;1.716895e-01;7.299309e-02;1.990661e-01;6.788747e-02;6.987058e-02;3.319497e-02;5.363308e-02;1.765301e-02;5.996627e-02;1.328218e-01
8.201790e-02;2.868723e-02;2.146438e-01;9.172702e-02;1.687687e-01;5.709855e-02;5.075706e-02;3.866526e-02;3.611650e-02;2.767667e-02;8.545448e-02;1.183869e-01
6.276603e-02;3.354618e-02;2.713946e-01;1.059387e-01;1.402912e-01;5.438509e-02;2.781002e-02;4.829889e-02;2.554585e-02;3.413777e-02;9.847082e-02;9.741478e-02
4.287334e-02;2.692667e-02;3.287272e-01;1.045458e-01;9.854615e-02;6.417552e-02;6.458882e-02;5.219287e-02;3.234799e-02;3.442251e-02;8.332778e-02;6.732533e-02
3.501112e-02;2.420484e-02;3.930877e-01;1.015215e-01;7.402121e-02;6.488129e-02;8.902946e-02;4.321316e-02;2.552216e-02;4.358169e-02;5.749261e-02;4.843327e-02
2.033023e-02;2.817596e-02;4.068018e-01;9.262941e-02;1.349015e-01;5.043592e-02;9.873092e-02;4.090384e-02;2.569840e-02;3.798087e-02;3.487737e-02;2.853374e-02
2.770342e-02;2.752424e-02;3.785841e-01;1.114312e-01;1.874648e-01;7.897665e-02;3.250882e-02;5.270225e-02;2.307638e-02;2.406145e-02;4.241797e-02;1.354872e-02
3.009387e-02;2.528501e-02;2.822548e-01;1.232456e-01;1.911655e-01;8.060697e-02;7.020857e-02;7.691003e-02;1.253686e-02;2.803973e-02;5.730277e-02;2.235027e-02
2.498483e-02;3.442952e-02;2.762842e-01;1.014422e-01;1.575394e-01;9.946650e-02;9.881021e-02;7.984543e-02;1.788827e-02;2.663998e-02;5.715898e-02;2.551053e-02
1.742188e-02;3.204532e-02;3.428750e-01;9.951108e-02;1.468549e-01;9.764748e-02;5.184553e-02;7.552099e-02;2.075413e-02;2.850761e-02;6.171540e-02;2.530065e-02
2.452324e-02;2.769882e-02;3.592823e-01;9.092641e-02;1.259610e-01;7.764211e-02;8.398331e-02;6.712680e-02;2.570779e-02;3.020855e-02;5.627864e-02;3.066108e-02
1.975660e-02;2.250570e-02;3.604182e-01;7.785891e-02;1.002586e-01;7.035689e-02;1.292771e-01;5.610166e-02;3.334484e-02;4.765732e-02;4.887941e-02;3.358476e-02
3.247220e-02;2.454515e-02;3.736823e-01;7.577257e-02;7.024505e-02;6.108125e-02;1.472444e-01;4.308144e-02;3.145164e-02;5.742989e-02;4.760557e-02;3.538847e-02
6.322580e-02;2.775132e-02;3.573722e-01;8.819652e-02;9.714697e-02;5.588135e-02;9.514225e-02;4.732372e-02;4.788096e-02;3.551604e-02;5.080784e-02;3.375502e-02
7.271881e-02;3.702243e-02;2.602320e-01;6.714500e-02;1.703158e-01;7.167177e-02;1.359260e-01;2.689608e-02;5.518731e-02;3.716562e-02;4.045846e-02;2.526068e-02
6.563028e-02;5.458304e-02;1.738922e-01;6.286414e-02;1.772196e-01;8.217436e-02;1.269629e-01;2.999145e-02;6.797571e-02;6.155676e-02;5.652681e-02;4.062277e-02
6.042875e-02;5.740594e-02;1.341898e-01;5.607091e-02;1.489106e-01;9.121422e-02;1.471132e-01;3.709709e-02;9.969459e-02;7.548282e-02;4.793351e-02;4.445858e-02
6.608268e-02;4.193177e-02;1.483617e-01;5.129423e-02;1.409557e-01;9.079964e-02;1.484681e-01;5.566017e-02;1.213560e-01;7.187144e-02;2.807575e-02;3.514292e-02
3.179721e-02;1.985540e-02;1.262120e-01;7.255374e-02;1.297653e-01;1.177050e-01;1.347152e-01;8.485369e-02;8.928776e-02;1.378582e-01;1.920174e-02;3.619474e-02
3.007562e-02;2.789797e-02;1.045436e-01;7.349361e-02;1.093057e-01;1.164025e-01;1.899940e-01;7.028456e-02;5.083177e-02;1.820387e-01;1.508285e-02;3.004926e-02
2.832094e-02;3.386559e-02;6.838543e-02;7.173304e-02;1.336000e-01;9.467826e-02;1.785298e-01;1.054470e-01;8.113486e-02;1.523572e-01;1.486388e-02;3.708404e-02
9.431303e-02;3.295040e-02;6.284262e-02;4.880794e-02;1.557124e-01;8.981186e-02;1.888837e-01;9.690458e-02;8.066253e-02;7.669703e-02;2.925827e-02;4.315567e-02
1.195504e-01;5.469071e-02;1.104598e-01;4.338692e-02;1.258645e-01;9.217552e-02;1.913442e-01;4.770551e-02;5.004591e-02;8.119666e-02;3.750248e-02;4.607734e-02
1.047329e-01;6.300596e-02;1.791657e-01;5.291030e-02;1.160531e-01;8.918031e-02;1.665567e-01;3.189073e-02;3.061256e-02;7.583216e-02;4.464218e-02;4.541740e-02
5.743061e-02;7.686231e-02;1.503301e-01;6.878234e-02;1.142894e-01;6.274907e-02;1.685451e-01;6.348438e-02;7.210039e-02;8.252471e-02;3.937764e-02;4.352405e-02
7.369155e-02;8.881026e-02;1.610849e-01;6.765816e-02;7.826940e-02;4.757063e-02;1.618658e-01;7.897574e-02;7.720044e-02;7.876858e-02;3.188582e-02;5.421877e-02
1.008090e-01;7.816256e-02;1.512110e-01;5.061068e-02;8.493521e-02;6.498269e-02;1.701594e-01;7.949392e-02;7.439702e-02;8.040305e-02;3.766670e-02;2.716879e-02
9.969299e-02;3.218753e-02;1.907556e-01;5.261974e-02;9.144139e-02;6.616707e-02;1.774832e-01;5.908268e-02;5.262265e-02;6.606069e-02;6.793020e-02;4.395619e-02
1.431749e-01;4.154884e-02;2.014676e-01;4.351044e-02;1.114392e-01;6.659530e-02;1.142383e-01;3.946630e-02;5.046239e-02;4.473197e-02;6.245855e-02;8.090624e-02
1.766535e-01;3.945921e-02;1.538631e-01;4.089472e-02;1.307987e-01;6.938752e-02;9.313973e-02;2.685509e-02;5.717401e-02;3.017934e-02;5.568608e-02;1.259091e-01
1.668085e-01;4.953088e-02;1.579622e-01;4.967399e-02;1.206558e-01;6.606083e-02;7.881855e-02;3.716597e-02;5.443005e-02;3.346450e-02;5.383431e-02;1.315944e-01
1.880814e-01;8.119850e-02;1.659615e-01;4.164288e-02;7.692302e-02;6.002323e-02;1.098806e-01;4.018199e-02;4.271837e-02;4.384279e-02;5.293057e-02;9.661514e-02
2.248193e-01;1.273465e-01;1.314174e-01;3.343945e-02;4.725487e-02;5.498206e-02;1.802005e-01;3.783220e-02;3.474408e-02;3.296655e-02;3.632446e-02;5.867264e-02
1.713250e-01;1.629478e-01;1.274147e-01;3.406300e-02;3.561875e-02;5.772603e-02;2.143986e-01;4.433550e-02;3.278681e-02;3.776005e-02;5.549072e-02;2.613299e-02
1.063604e-01;1.507162e-01;1.797821e-01;3.931719e-02;4.388677e-02;5.298289e-02;1.957915e-01;4.624976e-02;3.795910e-02;5.257954e-02;6.493933e-02;2.943525e-02
1.275457e-01;1.316417e-01;1.606329e-01;5.120132e-02;6.544561e-02;5.684444e-02;1.706689e-01;4.197337e-02;3.571334e-02;4.171702e-02;8.389683e-02;3.271890e-02
7.965244e-02;1.111628e-01;2.110536e-01;5.950834e-02;6.958981e-02;5.407241e-02;1.604414e-01;4.523162e-02;2.723550e-02;5.148094e-02;9.425818e-02;3.631291e-02
9.897494e-02;8.762578e-02;2.168155e-01;5.641543e-02;6.754226e-02;4.872179e-02;1.887746e-01;4.996764e-02;2.904595e-02;5.775431e-02;7.470824e-02;2.365353e-02
1.207576e-01;5.139432e-02;1.611760e-01;4.601456e-02;7.011484e-02;7.152952e-02;2.624826e-01;5.334133e-02;3.307121e-02;4.069066e-02;4.865718e-02;4.077019e-02
1.419931e-01;3.738729e-02;1.729594e-01;2.922110e-02;5.164267e-02;6.926369e-02;2.891551e-01;4.674789e-02;3.643277e-02;5.358286e-02;2.220473e-02;4.940948e-02
1.883054e-01;5.377446e-02;1.574509e-01;2.526557e-02;3.063595e-02;4.976158e-02;2.992254e-01;4.345523e-02;3.751093e-02;5.219019e-02;2.772245e-02;3.470196e-02
1.687040e-01;5.877582e-02;1.483982e-01;3.179306e-02;4.829981e-02;6.258207e-02;2.783349e-01;4.200069e-02;3.561943e-02;5.013575e-02;3.821700e-02;3.713925e-02
1.668131e-01;2.829897e-02;1.561633e-01;3.361895e-02;5.494814e-02;7.752899e-02;2.670241e-01;4.412091e-02;3.086003e-02;5.759253e-02;3.135606e-02;5.167480e-02
1.813201e-01;6.108318e-02;1.716719e-01;2.648785e-02;5.105631e-02;7.066689e-02;2.403645e-01;3.921356e-02;3.240941e-02;5.484135e-02;2.421954e-02;4.666545e-02
1.523832e-01;3.711679e-02;2.490524e-01;3.525724e-02;5.478234e-02;6.142718e-02;2.020076e-01;3.552735e-02;3.025165e-02;7.181668e-02;3.174536e-02;3.863224e-02
9.430285e-02;3.936508e-02;3.497272e-01;3.717406e-02;7.819713e-02;5.132972e-02;1.378411e-01;1.832654e-02;2.468589e-02;9.187269e-02;4.842563e-02;2.875212e-02
6.752901e-02;4.670376e-02;4.056915e-01;4.671346e-02;7.786418e-02;4.558504e-02;9.263171e-02;2.728564e-02;2.606959e-02;9.692633e-02;5.710999e-02;9.889747e-03
7.249723e-02;7.084729e-02;3.879529e-01;6.179815e-02;5.403484e-02;4.731123e-02;7.923921e-02;2.336367e-02;3.853099e-02;8.626249e-02;4.591487e-02;3.224711e-02
5.127586e-02;6.466805e-02;3.481534e-01;7.947145e-02;7.717072e-02;4.002530e-02;7.087520e-02;4.578123e-02;5.608411e-02;7.277722e-02;4.869378e-02;4.502365e-02
5.125115e-02;3.476893e-02;2.655191e-01;9.710151e-02;8.210376e-02;6.856383e-02;1.309322e-01;5.831545e-02;5.690871e-02;7.988537e-02;3.740706e-02;3.724294e-02
5.023143e-02;4.802021e-02;1.214195e-01;1.024503e-01;8.920975e-02;1.042505e-01;1.760131e-01;6.849211e-02;8.248246e-02;9.122238e-02;2.173896e-02;4.446919e-02
5.406310e-02;6.829698e-02;7.668626e-02;1.126108e-01;8.517029e-02;1.051339e-01;1.827871e-01;8.234727e-02;9.822299e-02;6.298142e-02;2.728912e-02;4.441079e-02
6.301375e-02;8.853982e-02;1.486789e-01;1.003847e-01;4.127003e-02;1.264316e-01;1.464072e-01;1.069768e-01;6.627782e-02;4.391506e-02;2.602382e-02;4.208048e-02
6.101698e-02;9.122243e-02;1.856871e-01;7.801018e-02;5.073262e-02;1.197785e-01;1.126561e-01;1.148256e-01;4.441123e-02;7.682364e-02;2.511073e-02;3.972490e-02
5.601463e-02;5.933367e-02;1.823191e-01;8.491457e-02;6.262765e-02;9.096114e-02;1.023761e-01;1.164578e-01;3.760917e-02;1.300787e-01;4.356155e-02;3.374582e-02
6.035140e-02;2.776736e-02;1.731842e-01;8.535095e-02;7.929473e-02;8.500537e-02;9.945224e-02;1.053285e-01;6.019992e-02;1.373815e-01;5.319291e-02;3.349093e-02
7.199191e-02;4.516440e-02;1.724102e-01;7.680179e-02;7.321353e-02;9.053219e-02;1.297323e-01;1.071390e-01;4.908276e-02;9.382077e-02;3.164292e-02;5.846824e-02
7.550271e-02;3.876796e-02;1.976616e-01;6.760817e-02;6.104476e-02;8.725790e-02;1.065742e-01;1.289477e-01;7.435814e-02;7.219423e-02;4.354968e-02;4.653295e-02
7.584822e-02;6.196505e-02;2.317404e-01;9.989086e-02;4.976475e-02;6.197941e-02;9.963110e-02;1.075505e-01;7.731844e-02;5.162464e-02;4.114193e-02;4.154476e-02
7.215349e-02;9.515017e-02;2.008345e-01;8.470388e-02;5.153067e-02;5.751176e-02;9.675743e-02;8.591317e-02;1.073509e-01;6.066573e-02;3.026772e-02;5.716059e-02
6.184553e-02;9.998527e-02;1.224274e-01;5.143127e-02;6.319424e-02;6.785969e-02;1.103581e-01;9.937006e-02;1.148139e-01;7.995530e-02;8.920450e-02;3.955476e-02
6.270941e-02;9.875230e-02;8.238441e-02;3.791144e-02;5.856318e-02;6.017665e-02;1.198413e-01;1.427957e-01;3.833113e-02;8.556414e-02;1.029681e-01;1.100022e-01
7.383083e-02;8.883639e-02;9.464654e-02;4.884428e-02;4.486098e-02;4.273261e-02;1.126027e-01;1.203635e-01;1.129503e-01;1.212395e-01;3.620413e-02;1.028882e-01
8.134844e-02;8.246692e-02;1.657061e-01;5.513648e-02;4.459979e-02;4.219459e-02;2.141967e-01;9.625579e-02;6.796174e-02;6.885498e-02;4.345985e-02;3.781865e-02
5.905963e-02;7.051139e-02;2.372620e-01;5.558381e-02;3.811467e-02;2.727966e-02;2.285459e-01;1.021945e-01;7.086349e-02;3.912541e-02;4.720163e-02;2.425793e-02
3.858436e-02;4.187470e-02;3.489569e-01;6.161284e-02;3.512003e-02;2.029764e-02;2.123457e-01;8.204424e-02;4.946163e-02;5.442915e-02;4.084332e-02;1.442956e-02
1.855861e-02;8.314955e-03;4.763365e-01;7.118395e-02;2.855732e-02;1.628014e-02;2.010037e-01;5.068643e-02;2.263219e-02;6.917187e-02;3.057516e-02;6.699204e-03
1.739199e-02;2.253213e-02;5.034185e-01;6.127574e-02;2.484768e-02;1.718029e-02;1.720866e-01;4.315698e-02;2.102720e-02;8.557691e-02;2.415295e-02;7.353059e-03
1.411440e-02;2.677374e-02;5.139117e-01;5.058958e-02;2.326700e-02;2.186157e-02;1.541919e-01;1.474498e-02;2.385475e-02;1.068525e-01;4.173506e-02;8.102783e-03
2.917329e-02;2.155545e-02;4.760887e-01;5.326639e-02;2.301595e-02;1.237764e-02;1.323145e-01;2.230028e-02;1.624744e-02;9.630558e-02;9.389602e-02;2.345871e-02
3.840929e-02;4.377947e-02;4.153418e-01;8.062425e-02;2.459025e-02;8.300507e-03;1.057640e-01;2.842051e-02;1.831371e-02;7.563008e-02;1.193897e-01;4.143654e-02
4.057658e-02;7.482763e-02;3.784750e-01;1.325224e-01;4.281261e-02;1.650336e-02;8.396699e-02;4.882892e-02;1.279330e-02;5.773541e-02;8.108810e-02;2.986986e-02
4.278974e-02;5.888232e-02;3.300077e-01;1.817905e-01;8.539027e-02;3.592491e-02;6.937641e-02;6.441286e-02;8.050724e-03;4.271327e-02;6.668948e-02;1.397186e-02
2.858130e-02;2.635888e-02;3.179054e-01;1.987220e-01;1.033445e-01;4.705537e-02;6.851383e-02;8.085226e-02;7.429983e-03;3.085734e-02;8.114135e-02;9.237777e-03
3.459824e-02;3.627919e-02;3.540804e-01;1.599374e-01;8.701718e-02;4.500255e-02;8.626331e-02;6.818942e-02;2.044001e-02;2.971329e-02;6.776864e-02;1.071046e-02
4.175387e-02;3.375294e-02;3.867589e-01;1.240805e-01;7.348233e-02;4.606698e-02;1.301807e-01;4.027655e-02;2.570695e-02;2.930664e-02;5.832339e-02;1.031024e-02
3.864954e-02;2.912643e-02;3.800585e-01;1.074646e-01;9.689851e-02;5.210813e-02;1.371581e-01;2.470270e-02;2.218083e-02;2.650634e-02;5.690584e-02;2.824049e-02
4.084519e-02;3.569487e-02;3.778336e-01;1.064980e-01;1.624308e-01;6.195080e-02;5.599306e-02;2.626769e-02;1.226289e-02;1.454497e-02;5.905985e-02;4.661817e-02
3.343480e-02;3.543579e-02;3.685294e-01;1.147269e-01;1.846205e-01;6.154586e-02;5.402747e-02;2.937550e-02;1.394751e-02;1.902650e-02;4.999962e-02;3.533011e-02
2.603850e-02;3.627463e-02;3.893414e-01;1.157353e-01;1.979279e-01;6.298018e-02;2.433064e-02;2.740698e-02;1.401663e-02;1.684202e-02;5.909907e-02;3.000670e-02
3.842487e-02;3.581304e-02;3.175214e-01;7.562229e-02;1.970227e-01;6.808468e-02;7.639217e-02;3.310407e-02;3.986941e-02;4.041574e-02;4.347938e-02;3.425026e-02
4.974237e-02;2.956811e-02;1.993157e-01;5.982641e-02;1.872261e-01;7.078709e-02;1.421536e-01;4.743790e-02;8.525280e-02;4.613039e-02;3.925516e-02;4.330438e-02
2.771723e-02;2.274351e-02;2.222494e-01;7.386294e-02;1.681280e-01;6.300953e-02;1.206072e-01;7.098005e-02;9.854017e-02;5.186609e-02;3.561136e-02;4.468461e-02
2.796516e-02;2.352801e-02;2.541109e-01;6.785040e-02;1.397834e-01;5.534811e-02;1.579206e-01;7.615267e-02;7.903160e-02;3.651293e-02;4.606139e-02;3.573483e-02
2.139939e-02;2.990819e-02;3.332953e-01;8.486667e-02;1.290700e-01;4.158270e-02;1.293129e-01;5.742591e-02;4.629430e-02;4.542110e-02;5.612933e-02;2.529412e-02
1.953649e-02;2.386478e-02;3.670256e-01;8.860363e-02;1.252968e-01;3.839907e-02;9.589758e-02;5.257766e-02;5.675253e-02;5.275814e-02;5.172093e-02;2.756675e-02
3.916734e-02;3.236526e-02;3.103215e-01;7.529730e-02;1.067031e-01;3.921584e-02;1.068485e-01;7.923252e-02;6.989832e-02;4.329079e-02;4.514089e-02;5.251861e-02
7.036724e-02;6.404269e-02;2.147293e-01;8.084176e-02;1.149567e-01;5.918052e-02;7.416611e-02;9.614010e-02;5.900984e-02;4.566079e-02;4.354038e-02;7.736454e-02
8.506773e-02;8.799534e-02;1.348429e-01;8.539964e-02;1.207178e-01;6.254031e-02;8.081621e-02;1.190630e-01;5.208600e-02;5.652182e-02;4.671988e-02;6.822940e-02
9.174213e-02;8.726826e-02;1.930432e-01;6.278018e-02;7.032951e-02;5.255976e-02;1.286992e-01;1.002812e-01;5.513428e-02;7.185951e-02;4.909282e-02;3.720999e-02
1.177264e-01;7.498232e-02;1.459156e-01;7.505141e-02;5.737792e-02;2.703839e-02;1.145784e-01;8.602215e-02;5.416185e-02;1.110346e-01;5.001444e-02;8.609653e-02
1.383732e-01;8.589895e-02;1.723431e-01;9.387788e-02;6.558237e-02;2.053821e-02;5.996316e-02;9.275737e-02;5.950194e-02;9.629472e-02;4.103180e-02;7.383729e-02
1.672353e-01;1.218116e-01;1.551783e-01;8.565051e-02;8.081192e-02;3.883649e-02;8.889490e-02;7.332475e-02;5.972679e-02;6.158998e-02;4.431789e-02;2.262156e-02
1.372183e-01;1.126491e-01;1.439736e-01;5.918864e-02;9.678301e-02;4.706077e-02;1.289873e-01;5.220040e-02;8.942284e-02;4.601310e-02;3.733971e-02;4.916333e-02
1.139673e-01;7.533111e-02;1.742162e-01;6.600615e-02;5.883714e-02;5.002202e-02;1.610607e-01;5.127923e-02;8.216275e-02;4.824478e-02;6.612554e-02;5.274704e-02
7.907163e-02;4.893598e-02;8.593382e-02;5.736320e-02;8.180883e-02;6.609830e-02;2.691901e-01;5.228545e-02;6.823088e-02;7.559424e-02;7.673064e-02;3.875695e-02
6.191128e-02;2.835851e-02;1.617707e-01;3.703946e-02;8.073305e-02;6.175773e-02;2.967770e-01;4.790105e-02;5.081540e-02;8.186001e-02;5.989586e-02;3.118002e-02
6.360781e-02;5.939972e-02;2.698815e-01;4.078243e-02;5.524278e-02;5.796579e-02;2.075803e-01;4.950521e-02;4.655537e-02;7.192636e-02;5.158625e-02;2.596639e-02
5.078422e-02;9.089885e-02;1.990831e-01;3.813796e-02;1.010408e-01;7.803240e-02;2.357455e-01;5.587833e-02;4.102796e-02;5.191467e-02;3.313534e-02;2.432088e-02
5.278483e-02;7.482415e-02;1.769271e-01;3.716327e-02;1.009023e-01;7.177805e-02;3.108207e-01;5.134753e-02;3.604594e-02;4.354039e-02;2.973236e-02;1.413342e-02
7.493676e-02;5.510181e-02;2.116936e-01;4.322518e-02;7.507745e-02;4.280056e-02;3.145658e-01;5.332685e-02;3.578433e-02;2.958626e-02;3.969386e-02;2.420759e-02
8.261998e-02;5.712956e-02;2.086116e-01;3.909415e-02;6.979004e-02;5.298531e-02;3.032147e-01;4.670064e-02;3.652982e-02;3.913990e-02;3.833363e-02;2.585070e-02
9.829128e-02;6.401586e-02;2.048405e-01;3.118868e-02;6.195365e-02;4.315150e-02;2.918400e-01;4.205393e-02;4.741865e-02;5.637605e-02;3.912055e-02;1.974938e-02
1.022849e-01;5.823556e-02;1.434880e-01;4.885940e-02;7.444315e-02;4.205026e-02;2.618684e-01;6.591241e-02;5.796846e-02;7.360118e-02;4.354255e-02;2.774578e-02
5.668535e-02;3.581056e-02;7.395880e-02;6.380218e-02;8.457038e-02;5.166600e-02;2.303690e-01;1.277147e-01;8.411100e-02;9.804457e-02;4.373688e-02;4.953054e-02
4.369629e-02;3.592333e-02;1.055196e-01;6.304338e-02;6.148165e-02;7.416599e-02;1.858369e-01;1.168095e-01;1.116761e-01;1.149186e-01;4.163411e-02;4.529448e-02
8.416251e-02;7.028982e-02;1.267217e-01;5.819433e-02;5.934232e-02;9.280925e-02;1.513817e-01;6.431732e-02;8.673596e-02;1.397389e-01;3.820533e-02;2.810092e-02
1.029075e-01;7.509283e-02;1.442181e-01;6.143076e-02;6.040707e-02;8.574796e-02;1.297673e-01;7.907367e-02;8.421810e-02;1.096769e-01;3.017849e-02;3.728129e-02
8.467364e-02;4.986903e-02;1.505124e-01;5.933283e-02;6.847887e-02;6.468578e-02;1.189613e-01;1.201424e-01;1.091846e-01;8.515356e-02;3.570315e-02;5.330244e-02
7.346582e-02;5.705014e-02;1.291191e-01;4.757932e-02;6.409539e-02;7.798085e-02;1.212457e-01;1.268997e-01;1.037534e-01;9.494335e-02;5.254074e-02;5.132643e-02
1.184882e-01;7.421295e-02;1.091368e-01;4.313321e-02;4.450816e-02;1.035511e-01;1.202903e-01;1.091246e-01;9.154498e-02;8.021720e-02;5.215906e-02;5.363355e-02
1.422259e-01;1.014882e-01;1.103489e-01;3.691869e-02;3.987082e-02;1.247554e-01;1.314467e-01;8.150086e-02;6.790005e-02;6.973640e-02;3.690177e-02;5.690630e-02
7.262482e-02;4.595385e-02;1.360883e-01;6.014051e-02;7.829539e-02;5.618515e-02;1.876797e-01;6.648413e-02;5.963802e-02;1.015478e-01;7.996770e-02;5.539471e-02
8.500367e-02;5.641233e-02;2.136869e-01;5.383222e-02;6.970654e-02;5.008963e-02;1.469878e-01;5.426761e-02;5.676392e-02;1.017201e-01;6.535630e-02;4.617303e-02
6.557259e-02;7.007168e-02;2.925379e-01;4.619143e-02;5.135504e-02;4.777629e-02;1.236666e-01;4.509389e-02;5.407419e-02;1.056723e-01;5.327265e-02;4.471537e-02
3.928503e-02;8.018750e-02;3.409345e-01;3.907468e-02;4.650955e-02;4.719729e-02;1.140322e-01;4.427657e-02;5.460706e-02;1.108150e-01;4.497883e-02;3.810173e-02
9.709106e-02;1.062478e-01;2.466504e-01;3.291791e-02;3.495580e-02;3.996522e-02;1.709426e-01;5.641594e-02;6.681686e-02;8.197639e-02;4.093137e-02;2.508869e-02
1.011111e-01;1.296166e-01;2.319221e-01;3.175480e-02;3.470197e-02;4.227016e-02;1.751304e-01;6.110912e-02;8.993167e-02;5.766741e-02;2.835196e-02;1.643277e-02
9.549323e-02;1.332188e-01;2.721608e-01;3.586615e-02;3.355450e-02;4.245486e-02;1.337717e-01;6.318475e-02;9.133776e-02;5.899798e-02;2.699823e-02;1.296123e-02
1.042378e-01;1.321300e-01;2.458924e-01;3.464078e-02;3.576096e-02;3.608589e-02;1.817936e-01;6.527286e-02;8.106976e-02;4.722100e-02;2.425197e-02;1.164299e-02
8.733668e-02;1.246540e-01;2.814630e-01;4.058883e-02;4.144535e-02;5.390366e-02;1.288554e-01;5.480453e-02;9.183744e-02;4.693586e-02;2.920506e-02;1.897014e-02
9.858887e-02;1.014450e-01;2.722039e-01;3.754437e-02;5.221998e-02;5.378561e-02;1.200182e-01;5.274638e-02;9.586834e-02;6.244496e-02;3.481561e-02;1.831878e-02
1.161791e-01;9.574118e-02;2.345466e-01;2.933717e-02;4.971449e-02;5.235539e-02;1.714262e-01;4.927796e-02;8.436669e-02;6.708016e-02;3.410217e-02;1.587289e-02
9.391255e-02;9.419812e-02;2.561900e-01;3.195030e-02;4.240244e-02;4.895213e-02;1.849051e-01;5.941170e-02;6.759443e-02;7.025146e-02;3.073152e-02;1.950023e-02
4.790032e-02;7.145526e-02;2.947486e-01;6.754230e-02;5.359559e-02;5.288003e-02;1.447506e-01;7.960709e-02;5.591120e-02;6.489810e-02;4.179055e-02;2.492037e-02
4.598382e-02;5.146839e-02;3.206071e-01;1.008721e-01;9.279752e-02;4.979433e-02;9.959987e-02;6.344760e-02;3.878492e-02;6.634092e-02;4.898535e-02;2.131807e-02
3.576262e-02;3.387287e-02;3.910035e-01;1.032022e-01;8.670690e-02;5.376409e-02;7.665607e-02;3.537802e-02;3.140146e-02;8.802041e-02;4.820437e-02;1.602751e-02
3.608557e-02;5.132158e-02;4.453250e-01;7.809098e-02;6.020387e-02;4.700313e-02;6.075585e-02;2.595739e-02;3.742165e-02;9.776516e-02;4.778453e-02;1.228530e-02
5.936983e-02;5.938090e-02;4.525507e-01;5.464221e-02;4.591124e-02;3.478470e-02;8.044524e-02;2.387583e-02;2.648684e-02;1.035788e-01;5.149022e-02;7.483481e-03
7.170068e-02;6.491651e-02;4.233826e-01;6.057509e-02;4.655991e-02;3.356278e-02;8.849633e-02;2.705755e-02;2.446904e-02;9.468123e-02;5.411240e-02;1.048587e-02
7.607544e-02;5.285832e-02;3.931306e-01;8.207320e-02;5.538191e-02;4.008542e-02;8.060837e-02;2.900228e-02;1.958619e-02;8.311222e-02;6.870116e-02;1.938487e-02
6.359508e-02;3.704119e-02;4.443394e-01;8.655779e-02;5.451040e-02;3.147025e-02;7.466525e-02;2.499834e-02;2.086250e-02;8.398000e-02;6.562945e-02;1.235041e-02
6.598879e-02;2.589455e-02;4.700714e-01;8.931982e-02;5.595903e-02;1.059168e-02;8.754443e-02;2.994702e-02;1.847166e-02;7.722253e-02;5.725740e-02;1.173171e-02
5.314903e-02;1.765003e-02;4.258025e-01;1.154326e-01;6.925071e-02;1.486978e-02;7.433395e-02;4.262499e-02;2.005896e-02;6.996329e-02;8.518030e-02;1.168389e-02
4.374250e-02;1.768664e-02;4.044711e-01;1.422861e-01;8.432870e-02;1.753568e-02;5.835889e-02;4.514914e-02;1.331868e-02;5.414895e-02;1.013737e-01;1.759991e-02
3.754313e-02;2.835892e-02;3.299388e-01;1.772293e-01;9.082106e-02;2.309322e-02;4.217834e-02;6.236121e-02;1.710714e-02;3.799786e-02;1.215180e-01;3.185299e-02
6.238416e-02;5.699250e-02;2.031665e-01;1.528031e-01;1.018589e-01;3.389296e-02;7.258102e-02;5.956795e-02;2.190088e-02;5.795138e-02;1.198175e-01;5.708313e-02
8.045882e-02;6.994656e-02;2.956680e-01;9.115752e-02;6.896374e-02;3.582247e-02;8.914925e-02;3.115789e-02;3.091768e-02;7.469164e-02;7.383807e-02;5.822833e-02
9.499817e-02;6.658870e-02;3.859434e-01;6.426762e-02;4.338429e-02;3.233329e-02;9.894965e-02;1.414939e-02;2.769889e-02;9.033348e-02;3.464329e-02;4.670984e-02
1.011912e-01;5.008522e-02;4.623040e-01;6.136733e-02;3.016106e-02;2.060915e-02;9.608158e-02;2.544806e-02;1.260702e-02;9.447330e-02;2.983592e-02;1.583619e-02
8.852431e-02;2.621216e-02;4.726565e-01;9.044274e-02;3.752986e-02;1.139715e-02;9.618059e-02;1.772175e-02;1.829907e-02;7.917491e-02;4.440255e-02;1.745840e-02
7.775919e-02;2.606251e-02;4.997518e-01;8.677533e-02;3.683349e-02;1.900160e-02;9.387165e-02;2.021282e-02;1.177557e-02;6.489819e-02;4.189249e-02;2.116536e-02
9.460440e-02;5.120109e-02;4.813635e-01;6.722739e-02;4.402984e-02;3.120525e-02;7.160888e-02;4.177930e-02;1.222820e-02;4.399947e-02;4.354014e-02;1.721250e-02
1.149313e-01;5.144613e-02;3.991806e-01;9.072598e-02;5.389496e-02;3.266722e-02;8.021941e-02;4.827648e-02;1.330268e-02;3.891139e-02;5.577704e-02;2.066681e-02
1.405798e-01;2.295605e-02;4.224576e-01;9.429733e-02;4.595932e-02;1.965831e-02;6.648930e-02;3.605951e-02;1.642469e-02;6.021143e-02;5.512306e-02;1.978366e-02
1.138330e-01;2.924659e-02;4.162688e-01;6.842774e-02;4.630096e-02;1.735460e-02;5.955089e-02;2.264358e-02;3.277225e-02;9.366728e-02;7.412335e-02;2.581101e-02
5.794683e-02;2.909227e-02;3.698277e-01;6.588335e-02;6.010651e-02;2.298493e-02;5.442011e-02;6.536645e-02;5.932577e-02;1.030227e-01;9.280501e-02;1.921835e-02
1.714217e-02;2.410831e-02;3.268394e-01;1.084883e-01;8.760183e-02;2.824813e-02;7.609147e-02;9.540249e-02;5.901142e-02;7.959753e-02;7.959828e-02;1.787066e-02
3.708472e-02;1.745185e-02;3.030149e-01;1.232208e-01;1.216287e-01;2.675414e-02;1.087181e-01;8.369974e-02;4.873322e-02;5.748801e-02;4.535636e-02;2.684940e-02
4.454423e-02;2.653183e-02;2.747672e-01;8.790875e-02;1.823180e-01;6.299771e-02;1.419209e-01;3.198938e-02;4.719135e-02;4.089152e-02;1.693448e-02;4.200459e-02
5.485772e-02;2.468741e-02;2.371142e-01;6.448531e-02;2.080734e-01;7.937264e-02;7.445956e-02;7.254237e-02;6.806120e-02;3.355384e-02;3.910488e-02;4.368744e-02
4.894009e-02;1.958687e-02;2.351521e-01;5.758580e-02;1.683467e-01;7.851662e-02;1.457827e-01;7.212187e-02;4.402983e-02;4.067475e-02;5.010695e-02;3.915579e-02
5.493995e-02;2.521047e-02;2.151310e-01;6.726465e-02;1.480288e-01;6.016054e-02;1.675898e-01;7.903259e-02;3.234570e-02;7.053987e-02;4.429405e-02;3.546256e-02
9.970023e-02;4.427004e-02;1.231792e-01;1.003064e-01;1.411900e-01;6.252956e-02;7.469625e-02;1.033854e-01;6.213230e-02;1.094036e-01;4.038531e-02;3.882174e-02
1.173758e-01;5.419331e-02;1.082440e-01;9.340069e-02;1.034608e-01;7.269867e-02;8.698729e-02;8.045761e-02;9.659348e-02;9.563016e-02;3.673857e-02;5.421953e-02
