8.133385e-02;1.129288e-01;1.271677e-01;5.377612e-02;5.425195e-02;7.231979e-02;1.313371e-01;4.718865e-02;1.204332e-01;6.286579e-02;4.089698e-02;9.549993e-02
1.141391e-01;9.742297e-02;7.008630e-02;4.507774e-02;5.095365e-02;4.665476e-02;1.259898e-01;9.185129e-02;1.198927e-01;7.459731e-02;6.021814e-02;1.031162e-01
1.582652e-01;7.606471e-02;7.783618e-02;6.538362e-02;5.348051e-02;4.377403e-02;1.154862e-01;1.031427e-01;1.105522e-01;6.182760e-02;6.326993e-02;7.091715e-02
1.482919e-01;4.710676e-02;1.254670e-01;7.679179e-02;7.048707e-02;5.541156e-02;1.387217e-01;9.629294e-02;9.496240e-02;5.693875e-02;3.448130e-02;5.504690e-02
1.053515e-01;6.239297e-02;1.267646e-01;9.669169e-02;1.111912e-01;7.141896e-02;1.078852e-01;8.990131e-02;6.118288e-02;7.276469e-02;3.024999e-02;6.420501e-02
9.564052e-02;8.479414e-02;1.193942e-01;9.666628e-02;1.281016e-01;7.714254e-02;6.971128e-02;7.522810e-02;7.028583e-02;7.753612e-02;5.810352e-02;4.739589e-02
4.702228e-02;6.843114e-02;1.636921e-01;1.117246e-01;1.234664e-01;4.732548e-02;1.019876e-01;3.890094e-02;8.314422e-02;9.771852e-02;6.420389e-02;5.238295e-02
5.734399e-02;6.523090e-02;1.670768e-01;9.738906e-02;1.077288e-01;2.095856e-02;1.477202e-01;4.424218e-02;8.866594e-02;9.963933e-02;4.429533e-02;5.970889e-02
9.208626e-02;7.037660e-02;1.585244e-01;6.194230e-02;9.456618e-02;2.901727e-02;1.728134e-01;5.012541e-02;5.767926e-02;1.167654e-01;3.885470e-02;5.724889e-02
6.580757e-02;3.868893e-02;1.363382e-01;5.870504e-02;9.261543e-02;6.162510e-02;1.740451e-01;7.327357e-02;7.018488e-02;1.012383e-01;4.798736e-02;7.949053e-02
5.547916e-02;5.227761e-02;1.707402e-01;1.010619e-01;8.510207e-02;4.749175e-02;1.226778e-01;5.804918e-02;6.619190e-02;1.015368e-01;7.885607e-02;6.053564e-02
9.116777e-02;6.377185e-02;2.047552e-01;1.149089e-01;6.211437e-02;9.132662e-02;1.312549e-01;4.308639e-02;3.049445e-02;6.876533e-02;5.796419e-02;4.039000e-02
1.228415e-01;6.068175e-02;2.077539e-01;1.241736e-01;6.743793e-02;9.950026e-02;1.318514e-01;2.764261e-02;1.946574e-02;6.989913e-02;2.660283e-02;4.214931e-02
1.293703e-01;5.484297e-02;2.000523e-01;1.114219e-01;7.429136e-02;8.436485e-02;1.104229e-01;4.208694e-02;2.741626e-02;6.722529e-02;6.825279e-02;3.025209e-02
1.151116e-01;4.782120e-02;1.873521e-01;7.412983e-02;6.810381e-02;7.505981e-02;7.545002e-02;7.635682e-02;6.505009e-02;8.167477e-02;9.052469e-02;4.336523e-02
1.170536e-01;8.264911e-02;1.102451e-01;5.938180e-02;5.742113e-02;7.990996e-02;1.042751e-01;1.140033e-01;8.558898e-02;9.780248e-02;5.291860e-02;3.875073e-02
8.146369e-02;8.523166e-02;1.302925e-01;4.758541e-02;5.984177e-02;8.557529e-02;1.722566e-01;9.265168e-02;7.231981e-02;8.603776e-02;6.043086e-02;2.631307e-02
5.601572e-02;7.086081e-02;1.258574e-01;5.431752e-02;6.038108e-02;9.407365e-02;1.786904e-01;5.169351e-02;7.933552e-02;1.090177e-01;8.363348e-02;3.612324e-02
5.317737e-02;3.730169e-02;1.259768e-01;6.460848e-02;5.514087e-02;1.199676e-01;1.608030e-01;6.641728e-02;1.175877e-01;9.570452e-02;7.341227e-02;2.990236e-02
6.133589e-02;3.485260e-02;1.524454e-01;6.549035e-02;4.990264e-02;9.772751e-02;1.718526e-01;1.021303e-01;1.310392e-01;6.066796e-02;5.323533e-02;1.932014e-02
6.958003e-02;4.516063e-02;1.583510e-01;8.951820e-02;5.536491e-02;6.810625e-02;1.578370e-01;1.052843e-01;1.050881e-01;6.947393e-02;4.621067e-02;3.002506e-02
2.390449e-02;4.861397e-02;1.446632e-01;1.116703e-01;7.753864e-02;6.818690e-02;1.474573e-01;1.034099e-01;9.810392e-02;7.702967e-02;3.240721e-02;6.701449e-02
1.324593e-01;8.029281e-02;1.344113e-01;6.500809e-02;8.698095e-02;6.867696e-02;1.153710e-01;6.573210e-02;5.159004e-02;7.478710e-02;5.947168e-02;6.521855e-02
1.823730e-01;1.440394e-01;1.694835e-01;4.517013e-02;4.409706e-02;4.934007e-02;1.405065e-01;4.219386e-02;1.735720e-02;5.852101e-02;5.275814e-02;5.416016e-02
2.245599e-01;1.407766e-01;1.609252e-01;4.621458e-02;4.673562e-02;4.459564e-02;1.354272e-01;2.583125e-02;3.238485e-02;4.497300e-02;4.043512e-02;5.714101e-02
2.637088e-01;1.093465e-01;1.480146e-01;5.197819e-02;7.112040e-02;4.613950e-02;9.199968e-02;8.541571e-03;5.650453e-02;3.404251e-02;3.359398e-02;8.500963e-02
2.246788e-01;7.514910e-02;1.350184e-01;7.243816e-02;1.149698e-01;4.350131e-02;4.439985e-02;3.227833e-02;6.491546e-02;2.920409e-02;5.015650e-02;1.132903e-01
1.097183e-01;5.967322e-02;1.464394e-01;1.056069e-01;1.156329e-01;6.576934e-02;5.616466e-02;7.014143e-02;4.769504e-02;3.316167e-02;8.856111e-02;1.014360e-01
6.290680e-02;4.244784e-02;2.224392e-01;1.179358e-01;6.874181e-02;7.460822e-02;8.262598e-02;9.188781e-02;2.929258e-02;4.908551e-02;1.012430e-01;5.678552e-02
4.599257e-02;4.910024e-02;2.990210e-01;9.763344e-02;5.027834e-02;7.180546e-02;1.005193e-01;9.032675e-02;2.574473e-02;6.947362e-02;7.393005e-02;2.617452e-02
6.843675e-02;7.222410e-02;2.981632e-01;6.421196e-02;2.632537e-02;6.438424e-02;1.309904e-01;7.595000e-02;4.335571e-02;7.672145e-02;4.763643e-02;3.160041e-02
6.081227e-02;7.268678e-02;1.984968e-01;6.278075e-02;6.881060e-02;7.977154e-02;1.500020e-01;1.098079e-01;5.324283e-02;6.499475e-02;5.584287e-02;2.275091e-02
5.896452e-02;4.026391e-02;1.537340e-01;7.810153e-02;9.164466e-02;9.676176e-02;1.449608e-01;1.270905e-01;7.495221e-02;6.025155e-02;5.291719e-02;2.035733e-02
6.623190e-02;4.742047e-02;1.414466e-01;8.356450e-02;7.456577e-02;1.141696e-01;8.602556e-02;1.728312e-01;6.960075e-02;7.266930e-02;4.572543e-02;2.574884e-02
3.057197e-02;3.856595e-02;1.062164e-01;5.887147e-02;6.842875e-02;8.142452e-02;7.840204e-02;3.614578e-01;4.883611e-02;7.862255e-02;2.302602e-02;2.557640e-02
6.346177e-02;3.529382e-02;8.677447e-02;5.578940e-02;6.131105e-02;7.602950e-02;1.062312e-01;3.697107e-01;2.660395e-02;6.656819e-02;3.588962e-02;1.633639e-02
8.382349e-02;2.892100e-02;7.438524e-02;8.714221e-02;4.877698e-02;1.194582e-01;1.557181e-01;2.045172e-01;7.680605e-02;5.307226e-02;3.663300e-02;3.074636e-02
7.545360e-02;3.993622e-02;5.969505e-02;8.157151e-02;5.959180e-02;1.285455e-01;2.004674e-01;1.102778e-01;1.121409e-01;5.655707e-02;2.605087e-02;4.971227e-02
5.336744e-02;5.387183e-02;7.059973e-02;5.936025e-02;5.400926e-02;1.123976e-01;2.077778e-01;1.300575e-01;8.818759e-02;7.774273e-02;3.990196e-02;5.272625e-02
5.664702e-02;5.344566e-02;7.297169e-02;4.550703e-02;6.024889e-02;1.049664e-01;1.671844e-01;1.359780e-01;1.364931e-01;8.649319e-02;3.265170e-02;4.741285e-02
5.606833e-02;4.414967e-02;9.000079e-02;5.906427e-02;5.960675e-02;7.315799e-02;1.223892e-01;1.445527e-01;1.596626e-01;1.078737e-01;2.527253e-02;5.820147e-02
5.452375e-02;4.915491e-02;1.006791e-01;5.385375e-02;4.827306e-02;7.939401e-02;1.185965e-01;1.471593e-01;1.373878e-01;1.369991e-01;3.488350e-02;3.909524e-02
5.706533e-02;4.944245e-02;8.237268e-02;4.784364e-02;6.927342e-02;7.457169e-02;1.547025e-01;1.817597e-01;1.022271e-01;1.218049e-01;3.560039e-02;2.333631e-02
4.310204e-02;3.762152e-02;1.312918e-01;7.516598e-02;7.760683e-02;6.137405e-02;1.324258e-01;1.370462e-01;1.111293e-01;1.100060e-01;2.316432e-02;6.006610e-02
7.486694e-02;4.156846e-02;1.573515e-01;7.299526e-02;7.521128e-02;8.680101e-02;1.031872e-01;9.307858e-02;8.378808e-02;1.148611e-01;2.370453e-02;7.258613e-02
7.792398e-02;5.045798e-02;1.300983e-01;5.812081e-02;7.301487e-02;9.946612e-02;8.315001e-02;1.436866e-01;9.594478e-02;1.296567e-01;1.906525e-02;3.941457e-02
3.056760e-02;5.587518e-02;1.213586e-01;5.533311e-02;6.805144e-02;9.993961e-02;1.016940e-01;1.187862e-01;1.241639e-01;1.495520e-01;3.498496e-02;3.969327e-02
3.630691e-02;4.678819e-02;1.064529e-01;7.665927e-02;6.913717e-02;7.328755e-02;1.420500e-01;1.113366e-01;1.283662e-01;1.219184e-01;2.940156e-02;5.829529e-02
6.905457e-02;7.607302e-02;1.171280e-01;6.736027e-02;6.337258e-02;4.839574e-02;1.290744e-01;1.265212e-01;1.003251e-01;8.213490e-02;6.703509e-02;5.352515e-02
8.549725e-02;9.661219e-02;1.101444e-01;4.560510e-02;5.543134e-02;2.005817e-02;1.419023e-01;1.318571e-01;8.877568e-02;9.983055e-02;7.362771e-02;5.065813e-02
1.106236e-01;7.663748e-02;1.865802e-01;5.317497e-02;7.549296e-02;4.625276e-02;6.173189e-02;1.225828e-01;9.754130e-02;9.407148e-02;4.391151e-02;3.139907e-02
9.529766e-02;1.041533e-01;2.080598e-01;5.369422e-02;6.247095e-02;4.821235e-02;1.432674e-01;8.662367e-02;5.999262e-02;4.579316e-02;5.053114e-02;4.190364e-02
9.771024e-02;9.916959e-02;2.100239e-01;5.474982e-02;6.028217e-02;5.414178e-02;1.541293e-01;6.765367e-02;7.616726e-02;4.160347e-02;4.410105e-02;4.026769e-02
9.969377e-02;8.285181e-02;2.046648e-01;3.705116e-02;8.829981e-02;6.442987e-02;1.360723e-01;5.572145e-02;1.088951e-01;3.686145e-02;3.699845e-02;4.846001e-02
5.307403e-02;7.849956e-02;1.578235e-01;7.252762e-02;1.181619e-01;7.514312e-02;8.355304e-02;1.019857e-01;1.245679e-01;3.149961e-02;5.059837e-02;5.256565e-02
2.335222e-02;8.795684e-02;8.826148e-02;1.501987e-01;8.321530e-02;8.226474e-02;6.602871e-02;1.607139e-01;8.959313e-02;3.440521e-02;8.996203e-02;4.404783e-02
2.060667e-02;7.200116e-02;1.503796e-01;1.584346e-01;5.318055e-02;8.283021e-02;5.736474e-02;1.626092e-01;5.758744e-02;4.235299e-02;1.042218e-01;3.843099e-02
3.069548e-02;4.955185e-02;2.410296e-01;1.579219e-01;4.801267e-02;8.311785e-02;7.847792e-02;1.133863e-01;2.833980e-02;5.520001e-02;8.688287e-02;2.738378e-02
4.287298e-02;4.008924e-02;3.272015e-01;1.552885e-01;6.297460e-02;7.742687e-02;8.301605e-02;4.107048e-02;2.419414e-02;6.119506e-02;4.546724e-02;3.920325e-02
4.288004e-02;4.038554e-02;3.252824e-01;1.174371e-01;6.678289e-02;4.486006e-02;9.484236e-02;7.579897e-02;5.332959e-02;4.292257e-02;5.827853e-02;3.720002e-02
5.676891e-02;3.772762e-02;2.110654e-01;6.591221e-02;8.682666e-02;7.005906e-02;1.318201e-01;9.930889e-02;6.622742e-02;4.229809e-02;8.165459e-02;5.033102e-02
5.782839e-02;4.499504e-02;1.127300e-01;1.017244e-01;1.050472e-01;1.003762e-01;1.192090e-01;1.036078e-01;5.857969e-02;6.614434e-02;7.797503e-02;5.178307e-02
5.547940e-02;3.794901e-02;1.924176e-01;8.718519e-02;1.141242e-01;7.759685e-02;1.022606e-01;1.215223e-01;6.450116e-02;6.387540e-02;3.210733e-02;5.098101e-02
8.388171e-02;5.600081e-02;1.921073e-01;7.314531e-02;8.850560e-02;4.903146e-02;9.826563e-02;1.206581e-01;5.239947e-02;7.115466e-02;5.889364e-02;5.595636e-02
1.390760e-01;7.332892e-02;1.001048e-01;9.294155e-02;7.926667e-02;3.623262e-02;7.419956e-02;1.006650e-01;7.161903e-02;9.924671e-02;4.762406e-02;8.569502e-02
1.178816e-01;5.928400e-02;1.781853e-01;4.177422e-02;7.475692e-02;4.791454e-02;8.611967e-02;9.211472e-02;9.173059e-02;1.130179e-01;2.897674e-02;6.824387e-02
7.346833e-02;7.544087e-02;2.039735e-01;8.441428e-02;7.880867e-02;4.118513e-02;1.064283e-01;6.839484e-02;8.561461e-02;7.777828e-02;4.771313e-02;5.678007e-02
8.165454e-02;5.561672e-02;1.750543e-01;9.096482e-02;1.132593e-01;4.723656e-02;1.101096e-01;5.583831e-02;9.544177e-02;4.640683e-02;5.727407e-02;7.114322e-02
9.099350e-02;3.188369e-02;1.607832e-01;7.537318e-02;1.319655e-01;7.525745e-02;1.230465e-01;6.613306e-02;1.032997e-01;2.833443e-02;3.978457e-02;7.314514e-02
7.854244e-02;5.038746e-02;1.675795e-01;7.298028e-02;9.601648e-02;9.590357e-02;1.378758e-01;1.025439e-01;7.533041e-02;3.800180e-02;4.407967e-02;4.075875e-02
3.728350e-02;4.824807e-02;1.938932e-01;1.245780e-01;6.499682e-02;1.023580e-01;1.067248e-01;1.381902e-01;5.147922e-02;2.765818e-02;7.642038e-02;2.816958e-02
4.518300e-02;4.643124e-02;2.374763e-01;1.260806e-01;5.493115e-02;7.303099e-02;1.343288e-01;1.090638e-01;5.580442e-02;3.404421e-02;6.409349e-02;1.953197e-02
7.179546e-02;5.579500e-02;3.000883e-01;1.018010e-01;4.074606e-02;3.843886e-02;1.556545e-01;6.560280e-02;5.210187e-02;5.251784e-02;5.032172e-02;1.513655e-02
7.959311e-02;6.653836e-02;2.956407e-01;8.082457e-02;5.678159e-02;5.661857e-02;1.597757e-01;5.605283e-02;2.846633e-02;5.206006e-02;4.718624e-02;2.046198e-02
1.013545e-01;9.317210e-02;2.797648e-01;7.747546e-02;4.349588e-02;5.142861e-02;1.546973e-01;6.392281e-02;3.284819e-02;3.545577e-02;3.927711e-02;2.710740e-02
9.478506e-02;8.802460e-02;2.479343e-01;7.001846e-02;5.050802e-02;5.462135e-02;1.618883e-01;7.873289e-02;4.494158e-02;3.373371e-02;3.725398e-02;3.755771e-02
5.652242e-02;7.522925e-02;2.964732e-01;7.268558e-02;7.532082e-02;4.560070e-02;1.428434e-01;6.829366e-02;4.919777e-02;4.049824e-02;3.169932e-02;4.563560e-02
8.495010e-02;5.886650e-02;2.840687e-01;3.583818e-02;9.384525e-02;5.869535e-02;1.099114e-01;6.628913e-02;8.022679e-02;3.699304e-02;3.404729e-02;5.626830e-02
1.211752e-01;4.307552e-02;2.449227e-01;3.859994e-02;1.049607e-01;7.251962e-02;1.051101e-01;4.826741e-02;1.038426e-01;3.281153e-02;2.239963e-02;6.231506e-02
1.323583e-01;3.594615e-02;2.051595e-01;3.469755e-02;1.237828e-01;7.317971e-02;9.541096e-02;4.045337e-02;1.355824e-01;3.203987e-02;1.927923e-02;7.211009e-02
1.280872e-01;4.202795e-02;1.663390e-01;3.994605e-02;1.392381e-01;6.739788e-02;7.682047e-02;4.046365e-02;1.571190e-01;2.906273e-02;2.425552e-02;8.924243e-02
1.201044e-01;3.589306e-02;1.482100e-01;3.864059e-02;1.520004e-01;6.398417e-02;7.889236e-02;3.709770e-02;1.684056e-01;2.072450e-02;3.314573e-02;1.029013e-01
1.205781e-01;4.996709e-02;1.363368e-01;7.438054e-02;1.385740e-01;5.666873e-02;7.826365e-02;3.233547e-02;1.534379e-01;2.458125e-02;4.089900e-02;9.397741e-02
8.950628e-02;3.316968e-02;1.995404e-01;1.179935e-01;1.151187e-01;6.131100e-02;6.139409e-02;4.836541e-02;1.080646e-01;3.310440e-02;7.203749e-02;6.039445e-02
6.662436e-02;2.635960e-02;2.477298e-01;9.651241e-02;9.818622e-02;5.581342e-02;8.372912e-02;6.981319e-02;7.901091e-02;7.097033e-02;5.667516e-02;4.857546e-02
3.859936e-02;5.738461e-02;1.982732e-01;5.996691e-02;9.222654e-02;5.845768e-02;8.833927e-02;6.048958e-02;1.310079e-01;1.016105e-01;5.096691e-02;6.267759e-02
5.816948e-02;6.628543e-02;1.613674e-01;5.045514e-02;7.977053e-02;8.287688e-02;8.491948e-02;7.299227e-02;1.387148e-01;1.093066e-01;5.393256e-02;4.120939e-02
1.015833e-01;5.941386e-02;1.639682e-01;4.793991e-02;6.323913e-02;8.859777e-02;9.788645e-02;7.061598e-02;9.809614e-02;1.114151e-01;5.390208e-02;4.334212e-02
1.194624e-01;5.092643e-02;1.502541e-01;5.026092e-02;7.175609e-02;9.995358e-02;1.029372e-01;6.977960e-02;1.049487e-01;1.154061e-01;3.378614e-02;3.052873e-02
7.636075e-02;4.726124e-02;1.336525e-01;4.851489e-02;7.098978e-02;1.092341e-01;7.888082e-02;9.653791e-02;1.295745e-01;1.281242e-01;5.408401e-02;2.678531e-02
5.289548e-02;5.917785e-02;1.276658e-01;6.646328e-02;1.054487e-01;8.869884e-02;5.805085e-02;7.826730e-02;1.376098e-01;1.375300e-01;5.037754e-02;3.781464e-02
5.577401e-02;5.047989e-02;1.179600e-01;7.518261e-02;9.625596e-02;6.254585e-02;8.157605e-02;1.008904e-01;1.398039e-01;1.192689e-01;3.379149e-02;6.647097e-02
3.868462e-02;3.798059e-02;9.530256e-02;5.205435e-02;8.424210e-02;5.765306e-02;1.021918e-01;1.050570e-01;2.250847e-01;1.146245e-01;2.279306e-02;6.433173e-02
2.854164e-02;3.838676e-02;8.017711e-02;5.357213e-02;9.133621e-02;4.582835e-02;1.170837e-01;9.629647e-02;2.190429e-01;1.402866e-01;3.599133e-02;5.345680e-02
2.622006e-02;3.969699e-02;9.243487e-02;3.311022e-02;7.130954e-02;5.114918e-02;9.929632e-02;1.249595e-01;1.813506e-01;1.934776e-01;4.458177e-02;4.241334e-02
3.559662e-02;3.663348e-02;1.135102e-01;3.147560e-02;9.176007e-02;5.130089e-02;7.728703e-02;1.255472e-01;1.792268e-01;1.943245e-01;2.848636e-02;3.485123e-02
2.944612e-02;6.168168e-02;1.267422e-01;5.493170e-02;1.113680e-01;5.807141e-02;6.817821e-02;1.229467e-01;1.326972e-01;1.430443e-01;3.520637e-02;5.568622e-02
3.445027e-02;6.906312e-02;9.430625e-02;6.426943e-02;1.032759e-01;4.940660e-02;4.913772e-02;1.939776e-01;1.328729e-01;1.266572e-01;3.882020e-02;4.376276e-02
5.662330e-02;5.374337e-02;8.596033e-02;3.640353e-02;7.402350e-02;4.294431e-02;6.612803e-02;2.128911e-01;1.943318e-01;1.225183e-01;2.990441e-02;2.452812e-02
5.187726e-02;4.029140e-02;8.937369e-02;4.621003e-02;6.764546e-02;4.958424e-02;1.182622e-01;2.235939e-01;1.486150e-01;1.174145e-01;2.679064e-02;2.034169e-02
2.677472e-02;2.529981e-02;8.548380e-02;4.583246e-02;6.188355e-02;4.103389e-02;1.458582e-01;2.080485e-01;1.263423e-01;1.994366e-01;2.220361e-02;1.180248e-02
1.994271e-02;2.749071e-02;9.111191e-02;4.904315e-02;4.235544e-02;4.077306e-02;1.648415e-01;1.961758e-01;9.584721e-02;2.285399e-01;2.675138e-02;1.712731e-02
5.989679e-02;5.994845e-02;1.398099e-01;3.431879e-02;4.764685e-02;3.895004e-02;2.304139e-01;1.352961e-01;7.487062e-02;1.166699e-01;4.819154e-02;1.398716e-02
6.786163e-02;7.607646e-02;1.638623e-01;3.665210e-02;5.576555e-02;4.461664e-02;2.924281e-01;6.645856e-02;4.737808e-02;7.967821e-02;4.793800e-02;2.128446e-02
6.665607e-02;5.654708e-02;2.327339e-01;4.137674e-02;4.922171e-02;3.606138e-02;3.088059e-01;4.794367e-02;3.401930e-02;7.040052e-02;3.385236e-02;2.238138e-02
5.054269e-02;2.418856e-02;3.211996e-01;4.685701e-02;5.510310e-02;3.898218e-02;2.650157e-01;3.396689e-02;5.685670e-02;5.764043e-02;2.682442e-02;2.282276e-02
3.228942e-02;3.629344e-02;3.826068e-01;4.824730e-02;5.136187e-02;5.151912e-02;1.933289e-01;2.724865e-02;7.675263e-02;6.069918e-02;2.498689e-02;1.466580e-02
3.193684e-02;3.040901e-02;4.478183e-01;4.305599e-02;4.530379e-02;3.834305e-02;1.590429e-01;3.940399e-02;6.251474e-02;7.205267e-02;2.273507e-02;7.383656e-03
3.404327e-02;2.058437e-02;4.921871e-01;4.349891e-02;5.084541e-02;2.921595e-02;1.438953e-01;2.976362e-02;3.786509e-02;8.480006e-02;2.109098e-02;1.220994e-02
4.327685e-02;1.731827e-02;5.117939e-01;4.022546e-02;4.797792e-02;3.320406e-02;1.290083e-01;3.521375e-02;2.472817e-02;8.042818e-02;2.934795e-02;7.477243e-03
5.631414e-02;2.867708e-02;5.397366e-01;3.375016e-02;3.688111e-02;2.438507e-02;1.301897e-01;2.032157e-02;2.390618e-02;6.284682e-02;3.469354e-02;8.298048e-03
4.480030e-02;1.801374e-02;5.400173e-01;6.326475e-02;5.986330e-02;2.420961e-02;1.060886e-01;2.102167e-02;2.341265e-02;4.836914e-02;3.824286e-02;1.269608e-02
2.989543e-02;2.113377e-02;4.793646e-01;1.057401e-01;8.374287e-02;4.070824e-02;8.327450e-02;3.882790e-02;1.527425e-02;4.004699e-02;4.841302e-02;1.357841e-02
2.475621e-02;2.559094e-02;4.125107e-01;1.410342e-01;1.054189e-01;6.101360e-02;8.047413e-02;4.000206e-02;1.242609e-02;2.761988e-02;5.735043e-02;1.180283e-02
3.404449e-02;3.273758e-02;4.086797e-01;1.486233e-01;1.066230e-01;6.035173e-02;6.169827e-02;3.586171e-02;1.500242e-02;2.500433e-02;5.996528e-02;1.140819e-02
3.707919e-02;3.712050e-02;4.505092e-01;1.382273e-01;1.076614e-01;5.556955e-02;3.216820e-02;2.936670e-02;9.838673e-03;2.963788e-02;6.186830e-02;1.095307e-02
5.126809e-02;2.797867e-02;4.889593e-01;1.229087e-01;9.163588e-02;4.177996e-02;3.502607e-02;2.022004e-02;1.413711e-02;3.498922e-02;6.017337e-02;1.092360e-02
7.421105e-02;3.700275e-02;4.568606e-01;9.806073e-02;8.264367e-02;2.122018e-02;7.077768e-02;2.251212e-02;2.249323e-02;4.562350e-02;5.644811e-02;1.214640e-02
7.541460e-02;3.846401e-02;3.848636e-01;9.884972e-02;8.010869e-02;3.954912e-02;1.216151e-01;2.839508e-02;2.718911e-02;4.628167e-02;4.494768e-02;1.432165e-02
5.024567e-02;2.398068e-02;4.698832e-01;8.488601e-02;5.177119e-02;2.920933e-02;1.206185e-01;3.196036e-02;2.591736e-02;6.050856e-02;4.286532e-02;8.153892e-03
3.433020e-02;4.127370e-02;5.134770e-01;5.806368e-02;4.023238e-02;2.373567e-02;9.158822e-02;4.438967e-02;3.252148e-02;7.802144e-02;3.414044e-02;8.226131e-03
3.610772e-02;7.043245e-02;5.001121e-01;4.379049e-02;3.568713e-02;3.151559e-02;5.707861e-02;4.661920e-02;4.542233e-02;9.470521e-02;2.480514e-02;1.372411e-02
3.550838e-02;1.009966e-01;4.448854e-01;3.513494e-02;2.707002e-02;4.255406e-02;7.259877e-02;3.923919e-02;5.461596e-02;1.127115e-01;1.559699e-02;1.908816e-02
3.627163e-02;1.165328e-01;4.001952e-01;3.379620e-02;2.595992e-02;5.074243e-02;5.582140e-02;3.923697e-02;7.692127e-02;1.255351e-01;1.570114e-02;2.328594e-02
7.055291e-02;1.202279e-01;3.688062e-01;3.522543e-02;2.671380e-02;3.915770e-02;5.904805e-02;4.653762e-02;7.911529e-02;1.134785e-01;2.268369e-02;1.845295e-02
8.939155e-02;1.377757e-01;3.298962e-01;2.652201e-02;2.950062e-02;3.002431e-02;7.990646e-02;5.070326e-02;7.246196e-02;1.170427e-01;2.596713e-02;1.080797e-02
8.458615e-02;1.652441e-01;2.825912e-01;2.969266e-02;3.764766e-02;1.931475e-02;8.837613e-02;5.457289e-02;9.159445e-02;1.046262e-01;2.547294e-02;1.628090e-02
2.977872e-02;1.726224e-01;3.478242e-01;3.712917e-02;3.109445e-02;3.020693e-02;8.993206e-02;5.694186e-02;9.845207e-02;6.941560e-02;1.610899e-02;2.049359e-02
8.270415e-02;1.762513e-01;3.610067e-01;3.494194e-02;2.895997e-02;4.232356e-02;6.138173e-02;4.974156e-02;8.445088e-02;3.616224e-02;2.357625e-02;1.849979e-02
4.928900e-02;1.915526e-01;3.577967e-01;3.359613e-02;2.497174e-02;7.715554e-02;4.849926e-02;4.163533e-02;9.192922e-02;3.267484e-02;1.107051e-02;3.982919e-02
3.782375e-02;1.726081e-01;2.572657e-01;6.180245e-02;3.803305e-02;1.248929e-01;3.908990e-02;4.357345e-02;1.036290e-01;3.721979e-02;2.439386e-02;5.966801e-02
4.619674e-02;1.542387e-01;1.588072e-01;6.046014e-02;3.864558e-02;1.584846e-01;8.670274e-02;4.651317e-02;1.280410e-01;3.530805e-02;2.589681e-02;6.070531e-02
7.462625e-02;1.401051e-01;1.581741e-01;4.311693e-02;5.085951e-02;1.489369e-01;8.638355e-02;5.733323e-02;1.365781e-01;2.563786e-02;3.262223e-02;4.562623e-02
7.317682e-02;1.577440e-01;1.181783e-01;4.464749e-02;5.206356e-02;1.578577e-01;7.495501e-02;6.028190e-02;1.488078e-01;2.554849e-02;3.026003e-02;5.647894e-02
8.876620e-02;1.507544e-01;1.690156e-01;4.021939e-02;5.107629e-02;1.416457e-01;7.733015e-02;5.633428e-02;1.248977e-01;3.484964e-02;9.798481e-03;5.531224e-02
1.316539e-01;1.408306e-01;1.584650e-01;4.502559e-02;5.782131e-02;1.142089e-01;8.586523e-02;4.673610e-02;1.171863e-01;3.108308e-02;2.202232e-02;4.910178e-02
1.149056e-01;1.167765e-01;1.725911e-01;3.706460e-02;5.699934e-02;9.263118e-02;1.226886e-01;5.826463e-02;1.136411e-01;4.349719e-02;2.790436e-02;4.303581e-02
3.522452e-02;8.074297e-02;3.554833e-01;2.873069e-02;4.179651e-02;5.289032e-02;1.183728e-01;6.860524e-02;8.345263e-02;8.534727e-02;2.920126e-02;2.015255e-02
1.876509e-02;5.267590e-02;4.464160e-01;3.150839e-02;2.857601e-02;3.015533e-02;8.820703e-02;1.034326e-01;5.868842e-02;9.100112e-02;3.140736e-02;1.916673e-02
1.280289e-02;4.544412e-02;4.456804e-01;2.548211e-02;2.457844e-02;4.055949e-02;8.990784e-02;1.402306e-01;5.028404e-02;7.420603e-02;2.766326e-02;2.316084e-02
2.798411e-02;6.390046e-02;4.126956e-01;3.620568e-02;2.378230e-02;4.864985e-02;9.355516e-02;1.132838e-01;4.025389e-02;7.682356e-02;3.647625e-02;2.638941e-02
6.585308e-02;6.874385e-02;3.699703e-01;4.326059e-02;3.825547e-02;4.522113e-02;1.045068e-01;5.089298e-02;4.190014e-02;8.468617e-02;5.988090e-02;2.682859e-02
5.220543e-02;4.663495e-02;3.952017e-01;5.622542e-02;4.818937e-02;3.510444e-02;7.473706e-02;3.960497e-02;4.368199e-02;9.160085e-02;8.685303e-02;2.996079e-02
2.794439e-02;2.039700e-02;3.756832e-01;7.908677e-02;6.597692e-02;3.156774e-02;6.763254e-02;5.393719e-02;3.332642e-02;8.724367e-02;1.090135e-01;4.819065e-02
5.037433e-02;4.307322e-02;2.543752e-01;8.972232e-02;1.003512e-01;4.757145e-02;8.833362e-02;5.639158e-02;3.601482e-02;5.738337e-02;9.495577e-02;8.145310e-02
9.403203e-02;7.278725e-02;2.272391e-01;7.453471e-02;1.185156e-01;6.079722e-02;7.684496e-02;3.719535e-02;4.826959e-02;4.074348e-02;6.821532e-02;8.082537e-02
8.474093e-02;4.437099e-02;3.146811e-01;9.036472e-02;1.096531e-01;5.741198e-02;5.717700e-02;3.839446e-02;5.098973e-02;4.444147e-02;6.045573e-02;4.731881e-02
2.616053e-02;3.745427e-02;3.274537e-01;8.424444e-02;1.363904e-01;7.142138e-02;8.144920e-02;3.859875e-02;5.404624e-02;6.617609e-02;4.932640e-02;2.727870e-02
5.231184e-02;2.934920e-02;1.795425e-01;8.202980e-02;1.335486e-01;8.158259e-02;1.347459e-01;4.946459e-02;8.235931e-02;8.178839e-02;4.227062e-02;5.100665e-02
7.174917e-02;3.441541e-02;1.248583e-01;8.403040e-02;1.488797e-01;7.451120e-02;1.470271e-01;6.840845e-02;6.651206e-02;6.141514e-02;4.425893e-02;7.393410e-02
6.433309e-02;6.315672e-02;1.703621e-01;9.752396e-02;1.312935e-01;5.451979e-02;1.166585e-01;7.074401e-02;4.920354e-02;4.866876e-02;6.920445e-02;6.433161e-02
6.096363e-02;7.594906e-02;1.246295e-01;9.995545e-02;1.261126e-01;5.304292e-02;1.103993e-01;7.139957e-02;6.027061e-02;4.269984e-02;9.362616e-02;8.095148e-02
1.241706e-01;7.653342e-02;1.440767e-01;6.760859e-02;1.001989e-01;5.411409e-02;1.275007e-01;5.282000e-02;5.185422e-02;4.922805e-02;7.736661e-02;7.452809e-02
7.463463e-02;5.820770e-02;2.997761e-01;4.974979e-02;6.474658e-02;4.358119e-02;1.262753e-01;3.995323e-02;4.017494e-02;6.717992e-02;7.578062e-02;5.993995e-02
5.987605e-02;7.004358e-02;4.020894e-01;3.967695e-02;3.429246e-02;3.182064e-02;9.459373e-02;3.155796e-02;3.596142e-02;8.738581e-02;5.444355e-02;5.825849e-02
1.556212e-01;1.096777e-01;2.323419e-01;4.321612e-02;3.596776e-02;3.914420e-02;1.611617e-01;2.808598e-02;3.721058e-02;7.430536e-02;4.607658e-02;3.719107e-02
2.139434e-01;1.190084e-01;1.147798e-01;4.189635e-02;2.892463e-02;4.274296e-02;2.383867e-01;2.584039e-02;4.231647e-02;5.273626e-02;5.800319e-02;2.142142e-02
1.966125e-01;1.195965e-01;1.277771e-01;3.806646e-02;2.430644e-02;3.703023e-02;2.455120e-01;2.625235e-02;4.582636e-02;4.981814e-02;5.746789e-02;3.173401e-02
1.165775e-01;1.466946e-01;2.151349e-01;4.151424e-02;3.873440e-02;3.764784e-02;2.077616e-01;3.884718e-02;3.627386e-02;4.370558e-02;5.360718e-02;2.350108e-02
6.498675e-02;1.519485e-01;2.545016e-01;5.513329e-02;4.812941e-02;4.257753e-02;1.987937e-01;5.543981e-02;2.282473e-02;3.747706e-02;5.303615e-02;1.515153e-02
7.171693e-02;1.207187e-01;2.277254e-01;6.426647e-02;5.476575e-02;5.408650e-02;2.098913e-01;5.901626e-02;2.411967e-02;3.737477e-02;5.891642e-02;1.740183e-02
7.215232e-02;9.238354e-02;1.930254e-01;8.289820e-02;5.670364e-02;6.182998e-02;2.332757e-01;5.975300e-02;3.528297e-02;3.638136e-02;5.897519e-02;1.733868e-02
7.251067e-02;7.687598e-02;2.329395e-01;8.506483e-02;5.186576e-02;5.181135e-02;2.412531e-01;4.731014e-02;3.108255e-02;4.375987e-02;4.997972e-02;1.554660e-02
8.316003e-02;5.705867e-02;2.339821e-01;7.451172e-02;4.386028e-02;4.949565e-02;2.903914e-01;3.078673e-02;2.549715e-02;3.809252e-02;4.565111e-02;2.751262e-02
7.741078e-02;3.263541e-02;2.203431e-01;6.408042e-02;5.218511e-02;5.008906e-02;3.417636e-01;2.368850e-02;2.808208e-02;3.713591e-02;4.844471e-02;2.414127e-02
7.473330e-02;3.734311e-02;2.422306e-01;4.897680e-02;3.788040e-02;3.144176e-02;3.463318e-01;3.415726e-02;3.442493e-02;4.273136e-02;4.695053e-02;2.279816e-02
7.053079e-02;5.177643e-02;2.441078e-01;6.146686e-02;6.989080e-02;3.509970e-02;2.858538e-01;4.061054e-02;3.093047e-02;4.706932e-02;4.581343e-02;1.685008e-02
6.816313e-02;5.651753e-02;2.534159e-01;7.424621e-02;9.467836e-02;5.167549e-02;2.426697e-01;3.661992e-02;3.025395e-02;3.282085e-02;4.538391e-02;1.355513e-02
5.642735e-02;5.535971e-02;3.003943e-01;8.193792e-02;1.071283e-01;6.039303e-02;1.890589e-01;2.755880e-02;2.518733e-02;3.770305e-02;4.546604e-02;1.338525e-02
4.133807e-02;5.007056e-02;2.652256e-01;8.019469e-02;8.899291e-02;6.054938e-02;2.280606e-01;4.261175e-02;2.578548e-02;5.080961e-02;4.227504e-02;2.408634e-02
4.456699e-02;4.436132e-02;2.041980e-01;6.310406e-02;7.497118e-02;6.985648e-02;2.971457e-01;5.303543e-02;4.165318e-02;4.382211e-02;3.775500e-02;2.553054e-02
3.618976e-02;3.611186e-02;2.171292e-01;4.916491e-02;6.932991e-02;6.778714e-02;3.355073e-01;4.330338e-02;3.645663e-02;5.247210e-02;3.689448e-02;1.965331e-02
4.065960e-02;6.246847e-02;2.505674e-01;4.030412e-02;5.324028e-02;4.182688e-02;3.096101e-01;5.569618e-02;3.901745e-02;4.754006e-02;4.041644e-02;1.865301e-02
6.472982e-02;6.438401e-02;1.745752e-01;6.231157e-02;5.454825e-02;4.994107e-02;3.140497e-01;6.583912e-02;4.691643e-02;4.311987e-02;3.909348e-02;2.049143e-02
8.205515e-02;2.529059e-02;1.925791e-01;5.695627e-02;4.288167e-02;4.700399e-02;3.665685e-01;5.448939e-02;4.113400e-02;4.854327e-02;2.495636e-02;1.754168e-02
9.653945e-02;7.026450e-02;1.994665e-01;4.206470e-02;3.605873e-02;4.206370e-02;3.274934e-01;5.508186e-02;4.034448e-02;4.308639e-02;3.428861e-02;1.324769e-02
1.293869e-01;1.139884e-01;1.447069e-01;4.280173e-02;4.911828e-02;4.540076e-02;2.810382e-01;6.386095e-02;4.406165e-02;3.405465e-02;3.838459e-02;1.319702e-02
1.400260e-01;1.288029e-01;1.462271e-01;5.382324e-02;5.959889e-02;4.665169e-02;2.327084e-01;6.856578e-02;3.500107e-02;3.748472e-02;3.225258e-02;1.885770e-02
1.188463e-01;1.314654e-01;1.593719e-01;6.567421e-02;7.186014e-02;3.947561e-02;2.045851e-01;7.224339e-02;2.769406e-02;4.665589e-02;3.669060e-02;2.543736e-02
4.151478e-02;1.184199e-01;2.815757e-01;5.545803e-02;8.099873e-02;4.017163e-02;1.454649e-01;6.329142e-02;4.080151e-02;5.510295e-02;3.524874e-02;4.195173e-02
1.135557e-01;8.648279e-02;2.904622e-01;3.696385e-02;8.489820e-02;4.268613e-02;7.669617e-02;5.110263e-02;5.289896e-02;6.261659e-02;3.628572e-02;6.535109e-02
1.414311e-01;7.351504e-02;2.013436e-01;3.408295e-02;7.278658e-02;4.531710e-02;1.570526e-01;4.088986e-02;4.875021e-02;7.000892e-02;4.462772e-02;7.019434e-02
1.012748e-01;7.739936e-02;1.832100e-01;4.004946e-02;6.538155e-02;3.121881e-02;2.356603e-01;4.054792e-02;4.678475e-02;6.799228e-02;5.423207e-02;5.624866e-02
4.220876e-02;4.359959e-02;1.884072e-01;3.802414e-02;7.982321e-02;4.771605e-02;3.130343e-01;6.755456e-02;4.386774e-02;5.762752e-02;3.577184e-02;4.236504e-02
7.916596e-02;2.938920e-02;1.133024e-01;3.448354e-02;1.085533e-01;5.379907e-02;2.732658e-01;1.027333e-01;5.305482e-02;6.966442e-02;3.442959e-02;4.815849e-02
5.886349e-02;3.432374e-02;1.231557e-01;4.546431e-02;1.292237e-01;6.517257e-02;2.416498e-01;8.973066e-02;6.582011e-02;7.028332e-02;3.659852e-02;3.971407e-02
7.210538e-02;3.404051e-02;1.490635e-01;5.703570e-02;1.217082e-01;5.478206e-02;2.165436e-01;6.781893e-02;8.150800e-02;6.205382e-02;3.874091e-02;4.459932e-02
6.774663e-02;4.603605e-02;1.202130e-01;6.992861e-02;1.251298e-01;7.163215e-02;1.825006e-01;6.333240e-02;8.576246e-02;8.493056e-02;3.929833e-02;4.348943e-02
5.156089e-02;3.684090e-02;1.809127e-01;6.131959e-02;1.144990e-01;8.122332e-02;1.729859e-01;5.565017e-02;8.555775e-02;8.473764e-02;3.402024e-02;4.069193e-02
3.940312e-02;5.911302e-02;2.318880e-01;5.248746e-02;1.246905e-01;8.143079e-02;1.358267e-01;5.762146e-02;6.760476e-02;5.247962e-02;4.513807e-02;5.231661e-02
5.761989e-02;8.560218e-02;2.153658e-01;6.067930e-02;1.235765e-01;8.025945e-02;1.358092e-01;5.195715e-02;3.972762e-02;4.949038e-02;6.019028e-02;3.972227e-02
6.101677e-02;7.285828e-02;2.444209e-01;6.683680e-02;1.029012e-01;4.646800e-02;1.229217e-01;5.730331e-02;7.172494e-02;6.773904e-02;6.656549e-02;1.924351e-02
6.777673e-02;5.041748e-02;2.143563e-01;7.617091e-02;6.446292e-02;4.257430e-02;1.359216e-01;5.773498e-02;6.629334e-02;6.593515e-02;1.061293e-01;5.222705e-02
7.635818e-02;6.819360e-02;2.041329e-01;7.685997e-02;6.393461e-02;5.949214e-02;1.466206e-01;6.279387e-02;2.612236e-02;9.667941e-02;8.240728e-02;3.640509e-02
7.079585e-02;7.822455e-02;2.036973e-01;5.487608e-02;5.586702e-02;8.067053e-02;1.081354e-01;1.003544e-01;4.271959e-02;1.145437e-01;4.067973e-02;4.943594e-02
7.712631e-02;8.512805e-02;2.019059e-01;5.949773e-02;4.530370e-02;6.475079e-02;9.414607e-02;1.326545e-01;5.032348e-02;1.029656e-01;5.113219e-02;3.506571e-02
6.879075e-02;1.000215e-01;1.734908e-01;7.893242e-02;5.162506e-02;5.277991e-02;1.370589e-01;1.185075e-01;4.383293e-02;6.657200e-02;6.477418e-02;4.361404e-02
8.830172e-02;1.056887e-01;1.226028e-01;7.433296e-02;3.865121e-02;4.402338e-02;1.768892e-01;7.315712e-02;6.882254e-02;6.566764e-02;1.025411e-01;3.932164e-02
1.023930e-01;1.055669e-01;1.209916e-01;5.889001e-02;3.401439e-02;6.674261e-02;1.438940e-01;7.551409e-02;6.527264e-02;6.788512e-02;9.569673e-02;6.313884e-02
1.103015e-01;9.328067e-02;1.330302e-01;5.632325e-02;4.872377e-02;8.823039e-02;9.863514e-02;9.052569e-02;5.576776e-02;7.077040e-02;6.540431e-02;8.900697e-02
