8.620337e-02;1.614002e-01;3.538331e-02;2.706682e-02;2.180949e-02;2.812379e-02;1.410887e-01;1.682102e-01;2.461224e-02;4.854304e-02;2.276250e-01;2.993380e-02
1.397594e-01;9.891343e-02;2.197991e-02;2.933048e-02;2.179450e-02;3.226973e-02;1.522139e-01;1.645190e-01;5.198025e-02;5.069968e-02;1.766913e-01;5.984838e-02
1.427578e-01;7.841494e-02;3.586866e-02;2.177380e-02;3.671239e-02;2.650160e-02;1.250248e-01;2.140795e-01;6.634630e-02;3.582646e-02;1.437443e-01;7.294953e-02
1.248488e-01;7.411060e-02;4.103476e-02;2.997485e-02;4.045554e-02;2.589892e-02;8.383877e-02;2.096349e-01;5.388869e-02;4.232693e-02;2.056910e-01;6.829634e-02
7.968223e-02;7.060724e-02;3.512359e-02;2.675859e-02;6.914568e-02;3.627982e-02;3.780501e-02;2.076354e-01;4.159911e-02;7.993169e-02;2.739773e-01;4.145439e-02
7.854243e-02;5.491878e-02;1.270197e-02;4.588987e-02;9.383298e-02;3.545184e-02;1.087829e-01;1.786128e-01;5.534241e-02;1.001552e-01;2.190993e-01;1.666944e-02
1.026635e-01;5.535758e-02;1.815904e-02;7.655206e-02;7.615330e-02;5.192947e-02;2.046449e-01;1.538355e-01;7.547066e-02;5.926897e-02;1.128091e-01;1.315593e-02
1.032965e-01;6.964360e-02;1.302707e-02;7.303890e-02;5.503242e-02;7.146214e-02;2.489744e-01;1.423384e-01;8.829807e-02;3.214208e-02;7.095837e-02;3.178810e-02
9.608395e-02;4.987570e-02;2.103631e-02;6.258668e-02;4.267395e-02;9.838323e-02;2.555180e-01;1.189465e-01;7.956797e-02;5.791015e-02;7.246619e-02;4.495144e-02
6.866205e-02;3.103109e-02;4.409552e-02;1.949978e-02;4.533328e-02;1.039843e-01;2.471041e-01;1.707773e-01;8.460449e-02;6.667829e-02;6.629059e-02;5.193927e-02
4.392073e-02;2.775840e-02;4.670971e-02;2.043048e-02;5.449220e-02;9.243721e-02;2.651970e-01;1.670908e-01;1.105605e-01;6.055320e-02;6.866625e-02;4.218352e-02
4.260097e-02;4.557260e-02;3.643703e-02;2.013474e-02;4.172980e-02;9.754796e-02;2.747606e-01;1.490017e-01;1.031504e-01;5.743487e-02;1.039465e-01;2.768279e-02
9.645951e-02;9.128515e-02;3.334824e-02;2.197331e-02;4.719942e-02;8.411574e-02;2.309346e-01;1.129671e-01;5.676759e-02;4.511423e-02;1.395777e-01;4.025736e-02
1.354440e-01;1.340549e-01;3.448037e-02;1.675770e-02;5.574531e-02;6.124382e-02;1.993685e-01;8.133562e-02;6.328771e-02;4.072892e-02;1.197421e-01;5.781094e-02
1.426788e-01;1.299945e-01;7.957229e-02;2.791495e-02;6.965222e-02;6.233776e-02;1.115222e-01;1.286627e-01;8.067133e-02;3.439725e-02;9.778971e-02;3.480630e-02
1.285462e-01;1.059797e-01;7.190352e-02;1.277500e-02;6.509688e-02;8.441449e-02;1.569446e-01;1.242026e-01;7.395606e-02;3.808642e-02;1.052132e-01;3.288135e-02
1.321948e-01;7.256726e-02;4.824509e-02;2.951802e-02;3.981841e-02;5.760080e-02;2.506499e-01;1.148412e-01;6.116732e-02;4.202998e-02;1.257257e-01;2.564163e-02
1.060107e-01;7.492407e-02;4.437713e-02;2.638192e-02;2.094752e-02;5.299185e-02;2.052650e-01;1.293073e-01;3.388483e-02;3.382478e-02;2.377556e-01;3.432939e-02
1.085676e-01;3.925615e-02;3.163568e-02;2.654529e-02;3.572389e-02;6.469559e-02;1.148587e-01;1.662411e-01;5.698436e-02;1.077521e-01;1.874100e-01;6.032958e-02
1.006184e-01;5.238403e-02;2.288163e-02;1.740591e-02;4.008212e-02;6.808954e-02;1.070514e-01;1.301628e-01;7.793461e-02;1.305300e-01;1.742495e-01;7.861000e-02
1.049169e-01;5.832708e-02;2.534029e-02;2.237302e-02;4.435315e-02;5.518027e-02;1.135572e-01;1.111089e-01;7.515397e-02;1.239266e-01;1.854137e-01;8.034890e-02
1.055482e-01;6.701769e-02;2.981057e-02;2.902237e-02;4.658405e-02;4.050908e-02;1.282712e-01;1.122646e-01;7.081293e-02;1.181222e-01;1.755570e-01;7.648016e-02
9.188958e-02;4.123284e-02;4.044221e-02;2.544465e-02;2.651910e-02;5.092682e-02;2.183776e-01;2.079474e-01;3.188543e-02;8.680423e-02;1.236727e-01;5.485748e-02
5.685150e-02;6.388049e-02;2.675919e-02;3.358826e-02;2.842166e-02;6.564324e-02;2.751005e-01;2.337463e-01;4.264604e-02;2.566263e-02;1.178235e-01;2.987668e-02
7.262924e-02;6.220038e-02;2.823527e-02;3.540165e-02;3.068906e-02;6.751582e-02;2.763419e-01;2.061169e-01;4.440312e-02;5.724630e-02;9.268357e-02;2.653684e-02
1.164723e-01;4.661210e-02;5.298425e-02;3.585860e-02;2.958629e-02;9.800995e-02;2.367628e-01;1.421741e-01;5.961900e-02;9.056638e-02;5.395963e-02;3.739457e-02
1.244214e-01;2.043856e-02;8.683717e-02;3.004299e-02;5.995684e-02;9.813578e-02;1.904237e-01;7.552133e-02;1.300124e-01;9.281955e-02;4.927779e-02;4.211245e-02
1.025275e-01;1.459398e-02;9.973989e-02;2.407008e-02;7.740996e-02;7.231298e-02;1.834392e-01;7.005478e-02;1.809505e-01;4.556296e-02;7.318920e-02;5.614899e-02
1.168934e-01;1.441537e-02;9.811983e-02;2.482376e-02;7.331466e-02;8.763225e-02;1.908481e-01;6.229691e-02;1.836406e-01;2.958806e-02;7.265368e-02;4.577342e-02
9.400837e-02;1.169539e-02;7.259397e-02;2.219811e-02;6.386478e-02;8.794260e-02;2.325643e-01;6.261290e-02;1.252149e-01;3.679288e-02;1.526203e-01;3.789149e-02
6.059895e-02;4.634298e-02;4.885813e-02;2.171073e-02;5.113024e-02;7.075807e-02;2.540896e-01;9.460999e-02;6.454514e-02;3.159310e-02;2.221016e-01;3.366146e-02
8.217841e-02;7.805598e-02;5.004927e-02;2.355791e-02;3.740362e-02;5.010097e-02;1.906354e-01;7.776990e-02;4.405158e-02;4.386371e-02;3.039539e-01;1.837940e-02
8.691688e-02;8.667994e-02;6.863540e-02;2.200009e-02;2.515492e-02;3.983149e-02;1.126738e-01;6.257486e-02;4.042329e-02;5.147902e-02;3.826633e-01;2.096697e-02
5.403880e-02;1.106421e-01;8.447742e-02;2.160054e-02;3.444605e-02;3.304608e-02;1.130601e-01;7.363837e-02;4.515773e-02;4.706416e-02;3.619442e-01;2.088449e-02
7.281589e-02;1.179130e-01;7.872482e-02;3.208549e-02;4.711751e-02;3.615686e-02;9.773344e-02;7.347018e-02;4.519381e-02;5.187498e-02;3.294644e-01;1.744964e-02
1.411073e-01;7.406662e-02;3.868499e-02;4.604037e-02;5.363645e-02;5.509436e-02;1.619326e-01;7.642205e-02;4.111755e-02;4.916310e-02;2.524827e-01;1.025184e-02
2.227314e-01;5.468364e-02;2.619630e-02;3.776072e-02;5.059253e-02;6.157150e-02;1.887231e-01;4.223474e-02;3.922870e-02;4.958204e-02;1.954263e-01;3.126902e-02
3.022603e-01;7.468561e-02;2.432904e-02;1.904761e-02;4.592323e-02;5.531092e-02;1.653682e-01;5.301780e-02;3.693687e-02;2.733085e-02;1.509945e-01;4.479504e-02
3.249079e-01;1.008291e-01;2.375326e-02;1.529058e-02;5.078750e-02;5.335307e-02;1.427958e-01;5.117280e-02;3.729364e-02;1.069430e-02;1.356351e-01;5.348693e-02
2.258459e-01;9.277356e-02;3.691380e-02;1.730580e-02;6.617061e-02;4.890351e-02;1.338375e-01;3.019086e-02;5.132744e-02;3.732061e-02;1.848466e-01;7.456376e-02
4.012969e-02;7.331070e-02;4.384241e-02;3.330502e-02;7.370355e-02;4.828798e-02;1.018018e-01;8.354847e-02;7.210212e-02;8.401196e-02;2.551583e-01;9.079800e-02
7.610776e-02;6.653505e-02;2.747817e-02;3.643870e-02;5.701389e-02;4.316958e-02;8.747748e-02;1.226944e-01;5.672584e-02;8.266609e-02;2.790197e-01;6.467321e-02
8.464297e-02;7.742707e-02;2.747905e-02;3.645230e-02;4.945435e-02;5.352191e-02;1.001924e-01;1.186552e-01;4.779125e-02;6.073140e-02;2.995232e-01;4.412888e-02
8.865175e-02;8.455731e-02;3.099196e-02;3.612227e-02;4.679180e-02;7.235647e-02;1.494084e-01;1.148746e-01;5.341824e-02;5.235904e-02;2.402377e-01;3.023050e-02
1.141179e-01;9.642792e-02;3.169780e-02;2.447116e-02;4.420438e-02;8.838695e-02;2.007722e-01;1.361066e-01;5.639374e-02;7.117573e-02;1.064812e-01;2.976449e-02
7.867350e-02;7.875732e-02;2.911106e-02;3.347857e-02;3.803587e-02;8.256652e-02;1.406354e-01;1.234512e-01;5.421319e-02;8.685648e-02;2.232062e-01;3.101473e-02
7.006989e-02;6.368480e-02;2.195595e-02;5.841751e-02;3.521917e-02;9.773072e-02;1.096703e-01;1.346599e-01;8.016644e-02;8.975910e-02;2.053255e-01;3.334074e-02
7.946649e-02;5.926633e-02;4.034873e-02;5.874820e-02;6.992110e-02;1.109512e-01;1.219473e-01;1.415557e-01;6.687173e-02;6.103341e-02;1.520060e-01;3.788383e-02
9.852605e-02;2.923164e-02;5.539421e-02;3.662455e-02;8.593549e-02;1.317633e-01;1.313227e-01;1.484816e-01;6.217764e-02;6.863434e-02;1.208812e-01;3.102721e-02
1.109744e-01;5.510620e-02;3.333472e-02;2.643606e-02;2.986158e-02;9.570191e-02;1.196073e-01;1.084211e-01;1.202637e-01;8.807178e-02;1.758008e-01;3.642056e-02
8.983184e-02;6.296859e-02;4.527742e-02;4.561546e-02;3.863065e-02;7.670677e-02;8.032817e-02;1.221730e-01;1.500578e-01;1.000232e-01;1.513994e-01;3.698770e-02
5.131309e-02;5.839407e-02;5.712836e-02;6.673541e-02;6.908271e-02;6.537499e-02;8.460681e-02;1.339049e-01;1.801206e-01;9.481664e-02;1.035991e-01;3.492321e-02
6.427601e-02;4.139400e-02;4.647020e-02;7.378480e-02;7.753455e-02;8.054865e-02;8.567746e-02;1.761598e-01;1.470846e-01;5.711862e-02;9.680582e-02;5.314551e-02
7.445896e-02;6.514765e-02;4.846894e-02;7.452743e-02;7.101145e-02;8.163559e-02;1.515837e-01;1.853268e-01;8.790603e-02;4.892680e-02;5.367620e-02;5.733039e-02
8.046877e-02;9.127250e-02;3.630529e-02;6.196890e-02;6.184553e-02;9.489236e-02;1.754876e-01;1.501088e-01;6.169555e-02;5.273973e-02;8.923455e-02;4.398046e-02
8.874279e-02;1.278563e-01;3.861951e-02;5.913592e-02;4.049843e-02;9.309284e-02;1.689458e-01;1.177839e-01;5.835681e-02;5.693923e-02;1.217813e-01;2.824718e-02
1.062984e-01;9.086347e-02;4.391837e-02;2.448961e-02;4.907028e-02;7.897991e-02;2.564653e-01;8.925588e-02;4.830785e-02;6.119345e-02;1.143750e-01;3.678253e-02
1.434188e-01;7.553050e-02;3.255167e-02;3.237459e-02;1.901377e-02;4.595331e-02;2.199121e-01;1.779996e-01;2.136080e-02;3.124178e-02;1.617061e-01;3.893698e-02
1.743900e-01;1.487298e-01;2.298386e-02;3.281304e-02;1.255138e-02;4.116604e-02;2.108416e-01;1.626971e-01;1.100658e-02;2.162352e-02;1.350238e-01;2.617332e-02
1.770524e-01;2.314404e-01;2.126827e-02;3.710849e-02;9.749375e-03;4.320556e-02;2.506953e-01;1.228607e-01;5.009782e-03;1.402398e-02;7.901143e-02;8.574205e-03
1.704278e-01;2.732525e-01;2.707105e-02;5.975404e-02;9.938328e-03;5.113342e-02;2.782366e-01;8.138662e-02;2.621372e-03;1.002328e-02;2.988629e-02;6.268782e-03
1.710546e-01;2.324338e-01;1.913951e-02;8.500036e-02;2.576669e-02;5.830437e-02;2.982648e-01;6.796509e-02;2.538952e-03;1.335940e-02;1.950064e-02;6.671845e-03
1.288974e-01;1.506434e-01;7.613937e-03;1.165157e-01;5.919556e-02;6.954174e-02;3.182366e-01;8.398869e-02;3.081438e-03;1.777552e-02;3.844005e-02;6.069831e-03
1.029441e-01;7.512232e-02;5.438716e-03;1.428712e-01;6.336702e-02;9.590735e-02;3.428450e-01;8.865622e-02;6.121129e-03;3.012211e-02;3.755653e-02;9.048202e-03
7.979602e-02;4.470006e-02;7.146310e-03;1.337700e-01;3.780239e-02;1.240895e-01;3.954620e-01;9.024823e-02;7.585805e-03;4.465459e-02;2.894685e-02;5.798301e-03
8.279978e-02;3.551041e-02;9.738245e-03;9.229757e-02;1.968716e-02;1.367079e-01;3.922107e-01;1.069016e-01;2.162007e-02;7.247043e-02;2.061895e-02;9.437173e-03
1.099079e-01;1.170191e-02;8.738979e-03;4.216881e-02;2.848052e-02;1.593032e-01;3.489891e-01;1.244884e-01;3.360645e-02;1.051178e-01;2.073774e-02;6.759237e-03
1.396438e-01;2.926606e-02;4.598518e-03;3.898785e-02;3.017125e-02;1.522135e-01;3.199478e-01;1.082767e-01;2.264215e-02;1.242157e-01;2.222204e-02;7.814569e-03
1.794710e-01;2.916952e-02;4.924180e-03;3.320981e-02;2.838964e-02;1.357763e-01;3.185918e-01;8.606685e-02;1.818711e-02;1.215700e-01;2.690007e-02;1.774362e-02
2.194690e-01;3.482072e-02;4.731255e-03;1.508204e-02;3.102131e-02;1.245461e-01;3.354365e-01;7.307958e-02;1.432365e-02;9.340160e-02;2.227648e-02;3.181184e-02
2.200359e-01;4.613344e-02;9.468413e-03;2.789616e-02;3.019798e-02;1.105793e-01;3.282628e-01;7.159198e-02;1.575303e-02;5.892866e-02;4.862603e-02;3.252616e-02
1.906856e-01;7.549169e-02;2.070742e-02;2.816179e-02;2.188722e-02;8.926415e-02;2.840970e-01;1.169396e-01;2.149484e-02;4.206882e-02;8.817342e-02;2.102844e-02
1.963430e-01;8.480760e-02;3.109910e-02;2.271686e-02;2.511795e-02;7.490012e-02;2.088936e-01;1.443536e-01;2.631750e-02;4.066671e-02;1.270736e-01;1.771040e-02
2.222902e-01;1.082102e-01;3.908215e-02;4.255906e-02;3.353593e-02;8.461640e-02;1.631588e-01;1.004704e-01;2.657297e-02;5.087209e-02;1.027637e-01;2.586818e-02
2.765337e-01;1.344486e-01;4.463433e-02;3.194471e-02;2.487770e-02;9.300774e-02;1.915878e-01;4.138661e-02;1.866932e-02;3.941566e-02;7.449152e-02;2.900236e-02
1.363696e-01;9.509557e-02;4.035946e-02;4.046828e-02;2.135742e-02;9.650651e-02;2.010936e-01;7.940666e-02;2.375372e-02;7.089501e-02;1.737487e-01;2.094533e-02
1.226989e-01;5.557440e-02;3.087697e-02;3.843115e-02;1.318634e-02;9.062625e-02;2.513073e-01;7.024725e-02;2.049422e-02;7.860694e-02;2.070548e-01;2.089540e-02
1.174489e-01;1.021137e-01;2.500408e-02;3.798036e-02;4.168172e-02;9.055933e-02;2.249676e-01;1.191416e-01;4.490389e-02;6.803607e-02;1.122685e-01;1.589420e-02
9.125418e-02;6.724240e-02;3.313518e-02;6.448904e-02;7.275289e-02;1.064882e-01;1.568437e-01;1.370645e-01;1.035842e-01;6.370666e-02;5.904185e-02;4.439708e-02
9.162842e-02;3.718956e-02;3.567971e-02;6.103228e-02;7.169573e-02;1.071240e-01;1.460836e-01;1.439456e-01;1.513529e-01;6.727558e-02;4.266112e-02;4.433142e-02
8.056851e-02;4.236327e-02;3.616183e-02;8.127409e-02;4.104586e-02;8.043843e-02;1.196861e-01;1.153085e-01;2.271417e-01;1.139417e-01;2.488709e-02;3.718296e-02
4.221218e-02;4.051759e-02;1.990111e-02;1.366071e-01;1.976635e-02;3.590217e-02;1.167492e-01;1.202592e-01;2.453509e-01;1.548300e-01;4.069276e-02;2.721147e-02
2.955898e-02;3.961528e-02;1.356659e-02;1.559137e-01;2.327473e-02;3.400506e-02;1.179018e-01;1.567729e-01;2.755301e-01;1.096355e-01;2.447878e-02;1.974664e-02
3.376270e-02;4.792416e-02;1.575277e-02;1.032541e-01;2.241944e-02;7.602900e-02;1.223335e-01;1.530983e-01;2.859673e-01;9.290324e-02;3.400057e-02;1.255483e-02
3.944977e-02;3.749721e-02;1.957130e-02;9.216183e-02;4.622176e-02;9.873689e-02;1.043185e-01;1.372319e-01;3.043628e-01;7.226535e-02;3.881260e-02;9.370062e-03
3.688126e-02;2.738790e-02;2.179916e-02;1.176348e-01;6.666583e-02;7.111065e-02;9.602890e-02;1.160440e-01;3.295502e-01;8.128709e-02;2.544148e-02;1.016867e-02
3.287473e-02;4.301353e-02;2.775634e-02;9.650847e-02;5.962036e-02;4.857754e-02;1.021930e-01;1.560055e-01;2.944825e-01;1.056047e-01;1.740650e-02;1.595691e-02
8.557808e-02;7.037459e-02;4.377679e-02;6.006346e-02;4.596318e-02;5.768976e-02;1.068163e-01;1.783732e-01;1.717753e-01;1.056523e-01;4.553540e-02;2.840151e-02
1.050038e-01;1.066102e-01;5.113589e-02;4.757260e-02;3.098529e-02;4.445530e-02;1.289637e-01;7.982355e-02;1.264565e-01;7.349847e-02;1.645965e-01;4.089833e-02
9.078868e-02;1.000251e-01;4.246553e-02;2.624821e-02;3.568674e-02;4.191591e-02;1.094105e-01;1.418031e-01;1.137743e-01;6.903044e-02;2.025737e-01;2.627788e-02
9.352766e-02;1.256089e-01;5.104611e-02;3.636524e-02;3.999992e-02;5.234310e-02;1.159829e-01;1.636649e-01;9.125608e-02;6.538114e-02;1.390849e-01;2.573918e-02
8.530340e-02;8.765432e-02;3.313218e-02;2.965663e-02;4.894020e-02;9.681686e-02;2.041898e-01;1.770801e-01;6.096815e-02;4.214263e-02;1.160400e-01;1.807577e-02
9.605221e-02;6.162801e-02;4.115594e-02;8.338003e-02;9.761961e-02;8.040743e-02;1.456553e-01;1.233348e-01;5.832007e-02;4.372008e-02;1.500416e-01;1.868491e-02
1.087106e-01;5.864566e-02;4.335196e-02;8.676576e-02;1.033256e-01;7.666518e-02;1.433960e-01;1.000934e-01;5.799461e-02;4.551199e-02;1.541521e-01;2.138710e-02
1.189244e-01;6.022487e-02;4.143298e-02;7.684101e-02;1.003174e-01;6.046630e-02;1.604868e-01;1.154613e-01;5.456180e-02;4.636382e-02;1.475058e-01;1.741360e-02
1.191896e-01;8.852282e-02;2.896533e-02;4.861036e-02;6.273716e-02;5.273785e-02;2.550441e-01;1.697805e-01;4.355499e-02;4.043858e-02;8.037475e-02;1.004394e-02
1.530425e-01;4.440482e-02;2.899620e-02;2.912234e-02;3.464515e-02;8.003787e-02;2.700262e-01;1.344746e-01;2.928391e-02;3.687379e-02;1.437325e-01;1.536008e-02
1.768255e-01;6.468147e-02;2.064524e-02;3.029802e-02;4.113960e-02;1.347681e-01;2.852169e-01;8.673419e-02;1.849534e-02;4.138593e-02;8.747090e-02;1.233883e-02
1.891997e-01;7.657173e-02;2.001892e-02;2.893279e-02;4.247550e-02;1.740642e-01;2.766797e-01;6.608970e-02;3.102519e-02;4.804145e-02;3.538286e-02;1.151824e-02
1.903183e-01;7.736755e-02;4.003961e-02;1.986474e-02;4.830945e-02;1.630480e-01;2.604976e-01;5.117149e-02;5.586808e-02;4.942878e-02;2.866929e-02;1.541712e-02
1.603995e-01;6.056658e-02;5.984605e-02;2.491334e-02;5.989239e-02;1.174799e-01;2.215204e-01;5.683251e-02;8.211413e-02;5.153837e-02;7.217525e-02;3.272150e-02
1.332600e-01;6.517875e-02;8.440121e-02;3.124418e-02;8.781374e-02;1.098432e-01;1.780825e-01;2.043131e-02;9.620085e-02;5.438910e-02;8.929776e-02;4.985737e-02
8.944688e-02;5.708261e-02;7.589343e-02;3.597982e-02;8.567135e-02;1.072719e-01;1.646355e-01;5.955481e-02;7.294688e-02;4.136463e-02;1.379870e-01;7.216516e-02
1.100457e-01;6.467362e-02;4.727516e-02;3.007178e-02;7.207666e-02;9.926823e-02;1.189601e-01;9.352984e-02;4.980269e-02;3.066998e-02;2.052965e-01;7.832973e-02
2.199181e-01;9.159686e-02;2.915360e-02;3.339870e-02;4.570534e-02;7.475138e-02;1.294474e-01;1.013816e-01;4.244869e-02;1.967821e-02;1.516238e-01;6.089643e-02
2.136066e-01;1.267811e-01;2.812894e-02;3.028513e-02;3.268631e-02;7.739523e-02;1.897612e-01;6.696393e-02;4.411785e-02;2.720937e-02;1.165809e-01;4.648331e-02
1.386240e-01;1.170282e-01;2.877061e-02;2.163142e-02;3.000458e-02;8.226068e-02;2.080198e-01;5.851191e-02;4.051726e-02;3.976177e-02;1.967077e-01;3.816209e-02
1.143178e-01;7.722726e-02;2.809477e-02;3.311154e-02;5.232761e-02;8.850705e-02;1.951872e-01;8.772526e-02;2.819350e-02;3.240799e-02;2.175499e-01;4.535019e-02
1.580753e-01;8.135924e-02;2.831887e-02;3.977757e-02;9.416473e-02;1.082459e-01;1.525877e-01;8.068545e-02;2.026181e-02;2.308834e-02;1.613839e-01;5.205126e-02
1.669484e-01;9.663499e-02;3.430580e-02;2.886081e-02;9.598015e-02;9.056126e-02;1.746765e-01;1.255645e-01;1.740852e-02;4.594038e-02;7.872945e-02;4.438940e-02
5.893396e-02;1.170877e-01;4.272685e-02;5.678336e-02;3.519063e-02;6.610104e-02;1.384480e-01;1.894885e-01;3.198783e-02;6.465156e-02;1.596031e-01;3.899737e-02
1.615714e-01;1.145004e-01;2.316450e-02;2.485042e-02;4.428510e-02;6.026427e-02;1.022986e-01;1.205628e-01;2.754567e-02;5.190504e-02;1.999041e-01;6.914784e-02
1.203618e-01;1.140197e-01;3.567080e-02;3.861132e-02;4.761123e-02;3.497792e-02;1.446174e-01;8.323596e-02;5.122835e-02;5.115592e-02;2.311463e-01;4.736324e-02
1.142202e-01;1.214950e-01;3.941345e-02;3.551900e-02;2.846352e-02;6.039240e-02;1.580843e-01;1.344342e-01;3.511994e-02;8.519898e-02;1.790340e-01;8.624959e-03
1.090725e-01;1.134281e-01;3.740732e-02;3.397147e-02;2.289522e-02;5.908908e-02;1.618768e-01;1.414080e-01;4.604935e-02;9.876601e-02;1.524709e-01;2.356533e-02
8.899631e-02;9.105171e-02;3.374092e-02;3.504501e-02;2.584783e-02;5.220602e-02;1.555688e-01;1.360987e-01;6.897789e-02;1.104102e-01;1.676811e-01;3.437550e-02
7.858506e-02;8.431168e-02;3.622377e-02;3.021825e-02;3.488734e-02;4.675298e-02;1.321573e-01;1.234501e-01;7.991868e-02;1.267777e-01;1.961342e-01;3.058293e-02
8.620933e-02;1.106423e-01;3.473215e-02;4.861930e-02;4.035857e-02;5.446465e-02;1.877078e-01;1.645634e-01;4.703066e-02;6.576335e-02;1.130930e-01;4.681553e-02
2.371232e-01;1.656923e-01;2.670960e-02;2.448239e-02;2.305741e-02;4.572210e-02;1.619948e-01;8.032606e-02;2.155723e-02;3.057987e-02;1.560191e-01;2.673584e-02
2.666956e-01;1.219343e-01;1.751068e-02;1.139603e-02;1.619820e-02;4.193321e-02;2.110261e-01;1.147314e-01;1.697896e-02;1.896616e-02;1.564386e-01;6.190733e-03
2.483796e-01;1.311762e-01;1.178497e-02;8.970876e-03;1.333812e-02;4.479392e-02;2.738003e-01;1.362604e-01;1.532221e-02;1.035850e-02;9.993975e-02;5.875013e-03
2.277723e-01;1.699145e-01;1.096332e-02;6.068372e-03;1.107036e-02;4.699545e-02;3.212987e-01;1.369787e-01;1.040022e-02;6.156653e-03;4.929271e-02;3.088670e-03
2.211482e-01;1.670635e-01;1.002249e-02;5.513146e-03;1.175537e-02;5.276319e-02;3.648988e-01;1.246096e-01;8.526936e-03;5.258692e-03;2.328826e-02;5.151856e-03
1.877996e-01;1.353595e-01;9.567339e-03;1.017934e-02;1.150213e-02;7.196116e-02;4.206898e-01;9.078687e-02;9.747113e-03;8.056667e-03;3.735100e-02;6.999389e-03
1.079642e-01;9.720113e-02;8.913133e-03;1.419284e-02;2.044314e-02;9.273066e-02;4.967814e-01;8.835980e-02;9.930229e-03;9.863274e-03;4.682231e-02;6.797923e-03
6.030224e-02;7.319201e-02;1.051787e-02;2.056513e-02;2.245751e-02;1.038511e-01;5.359083e-01;8.340491e-02;1.027472e-02;1.638464e-02;5.181963e-02;1.132197e-02
4.649948e-02;4.784902e-02;9.307899e-03;3.136618e-02;2.545704e-02;1.097489e-01;5.419470e-01;1.015156e-01;1.375915e-02;3.203284e-02;3.195213e-02;8.564711e-03
5.022050e-02;3.779634e-02;1.496609e-02;2.934735e-02;3.255171e-02;1.092873e-01;5.080040e-01;1.232334e-01;2.444904e-02;3.834487e-02;2.432026e-02;7.479162e-03
7.785979e-02;2.474623e-02;2.382569e-02;2.939138e-02;4.154934e-02;9.445152e-02;4.540948e-01;1.438458e-01;3.717369e-02;3.024698e-02;2.655949e-02;1.625527e-02
1.083055e-01;5.931969e-02;3.219876e-02;3.681752e-02;5.108747e-02;7.383456e-02;3.724180e-01;1.173327e-01;4.143116e-02;2.124884e-02;6.728877e-02;1.871705e-02
1.033469e-01;1.074095e-01;3.025852e-02;5.045277e-02;6.163302e-02;8.835495e-02;3.164980e-01;8.118911e-02;3.933843e-02;3.294094e-02;7.408015e-02;1.449769e-02
8.948596e-02;8.885895e-02;2.993278e-02;5.014950e-02;6.244659e-02;9.194681e-02;2.921099e-01;1.385256e-01;3.021070e-02;3.555739e-02;6.890548e-02;2.187040e-02
9.440653e-02;1.167809e-01;3.675285e-02;3.840089e-02;6.275976e-02;1.052532e-01;1.879804e-01;1.454564e-01;4.138606e-02;3.351473e-02;1.222655e-01;1.504266e-02
9.616607e-02;8.310246e-02;2.878976e-02;7.921111e-02;5.889991e-02;1.317626e-01;1.263804e-01;1.115833e-01;4.392722e-02;5.495751e-02;1.711041e-01;1.411563e-02
8.826642e-02;4.884749e-02;2.633081e-02;1.066320e-01;5.819461e-02;1.132470e-01;2.050988e-01;1.058571e-01;3.352384e-02;4.484845e-02;1.485307e-01;2.062274e-02
7.387816e-02;9.304790e-02;4.217719e-02;1.013802e-01;6.249004e-02;8.853407e-02;1.662528e-01;1.464078e-01;3.955047e-02;5.654795e-02;9.714027e-02;3.259312e-02
1.015770e-01;1.169524e-01;5.573171e-02;8.511540e-02;5.474359e-02;8.859055e-02;1.218861e-01;1.370917e-01;5.585835e-02;6.045425e-02;8.912899e-02;3.287004e-02
1.062564e-01;1.290436e-01;5.926573e-02;9.320454e-02;4.975978e-02;9.514950e-02;1.148131e-01;1.286351e-01;5.827576e-02;5.758098e-02;7.835958e-02;2.965589e-02
1.113910e-01;1.354711e-01;4.812989e-02;1.071057e-01;4.786214e-02;1.050745e-01;1.247267e-01;1.055593e-01;5.519572e-02;5.220674e-02;8.333064e-02;2.394655e-02
1.899124e-01;1.399182e-01;4.186483e-02;4.413825e-02;5.493824e-02;7.811083e-02;1.473915e-01;1.054237e-01;2.536013e-02;2.596706e-02;1.111127e-01;3.586212e-02
1.646535e-01;1.349449e-01;4.194680e-02;3.312309e-02;4.435562e-02;4.243091e-02;1.576911e-01;1.661280e-01;4.366745e-02;2.460564e-02;1.096087e-01;3.684428e-02
1.303970e-01;1.252548e-01;4.565265e-02;5.724746e-02;5.215702e-02;6.421382e-02;1.329025e-01;1.748058e-01;4.389741e-02;3.162773e-02;1.027068e-01;3.913693e-02
8.398451e-02;1.007415e-01;4.272608e-02;8.430699e-02;4.668289e-02;7.635633e-02;1.337069e-01;1.842171e-01;3.928192e-02;2.462580e-02;1.536277e-01;2.974245e-02
6.013160e-02;8.950914e-02;5.865458e-02;7.642639e-02;4.469750e-02;6.282631e-02;2.043680e-01;1.574314e-01;2.623093e-02;2.324310e-02;1.844027e-01;1.207832e-02
7.425930e-02;1.321495e-01;8.793136e-02;2.225621e-02;7.841835e-02;4.543269e-02;2.604258e-01;1.015569e-01;1.407927e-02;3.659889e-02;1.383922e-01;8.499547e-03
7.995070e-02;1.840593e-01;1.042644e-01;4.582704e-02;9.116454e-02;3.133686e-02;2.473552e-01;5.271468e-02;8.989194e-03;4.618812e-02;9.344827e-02;1.470167e-02
8.296135e-02;2.439748e-01;1.083186e-01;4.132325e-02;7.093073e-02;4.811198e-02;1.832685e-01;5.267909e-02;2.335636e-02;5.130942e-02;8.527438e-02;8.491518e-03
8.681843e-02;2.678694e-01;9.949607e-02;3.714201e-02;3.903469e-02;5.172106e-02;1.810237e-01;4.343697e-02;2.647971e-02;5.869325e-02;9.419101e-02;1.409374e-02
7.758060e-02;2.827650e-01;7.487078e-02;3.767610e-02;2.263403e-02;4.595537e-02;2.039692e-01;3.993427e-02;1.224872e-02;6.218603e-02;1.140651e-01;2.611476e-02
8.643620e-02;3.161341e-01;6.004408e-02;2.301400e-02;3.324531e-02;4.144155e-02;1.729069e-01;3.279996e-02;2.491642e-02;6.548786e-02;8.063673e-02;6.293698e-02
9.187616e-02;3.311255e-01;5.147948e-02;1.804738e-02;2.837944e-02;4.106868e-02;1.345176e-01;5.432902e-02;3.274367e-02;5.880649e-02;6.919187e-02;8.843466e-02
1.017490e-01;3.240418e-01;5.012788e-02;2.249964e-02;2.435184e-02;3.719419e-02;1.022285e-01;6.495495e-02;5.057696e-02;5.849570e-02;9.990666e-02;6.387291e-02
1.117976e-01;3.427694e-01;5.340628e-02;1.989928e-02;2.902112e-02;4.684441e-02;7.962593e-02;7.367234e-02;7.812437e-02;6.929155e-02;6.967726e-02;2.587044e-02
1.429351e-01;3.201805e-01;4.174457e-02;2.084578e-02;3.098686e-02;4.876054e-02;6.956618e-02;1.296886e-01;7.424293e-02;5.031982e-02;5.822849e-02;1.250061e-02
1.160302e-01;3.176461e-01;4.126764e-02;1.969245e-02;2.780411e-02;3.792496e-02;9.887535e-02;1.451029e-01;5.181532e-02;4.756105e-02;7.527211e-02;2.100775e-02
1.343100e-01;2.888632e-01;4.766878e-02;2.131180e-02;3.353735e-02;2.326084e-02;1.238018e-01;9.402647e-02;2.150946e-02;4.188990e-02;1.348551e-01;3.496533e-02
1.435930e-01;2.264552e-01;6.011277e-02;4.069932e-02;3.654514e-02;3.625328e-02;1.348435e-01;1.154685e-01;4.248790e-02;2.455111e-02;1.050631e-01;3.392712e-02
1.422514e-01;1.786091e-01;6.825572e-02;4.690624e-02;2.304584e-02;6.769079e-02;9.049785e-02;1.697762e-01;5.320733e-02;3.332805e-02;1.020418e-01;2.438972e-02
1.251980e-01;1.569985e-01;5.863869e-02;4.448538e-02;2.679982e-02;6.485840e-02;7.315329e-02;1.618416e-01;5.723495e-02;4.251180e-02;1.462917e-01;4.198783e-02
1.189153e-01;1.473163e-01;4.124396e-02;5.833059e-02;2.665930e-02;3.727399e-02;1.470048e-01;1.490249e-01;4.922678e-02;3.748709e-02;1.314217e-01;5.609524e-02
1.723428e-01;1.139121e-01;3.236135e-02;4.803204e-02;1.376009e-02;4.638971e-02;1.440337e-01;1.297464e-01;4.192955e-02;4.381634e-02;1.666273e-01;4.704865e-02
1.813867e-01;1.252134e-01;4.342956e-02;6.042028e-02;2.301093e-02;4.916204e-02;1.289975e-01;1.296355e-01;3.887309e-02;4.282705e-02;1.170464e-01;5.999754e-02
1.699087e-01;1.245186e-01;6.201486e-02;7.305717e-02;4.548265e-02;4.771102e-02;1.374659e-01;1.224401e-01;3.078732e-02;3.644377e-02;8.920070e-02;6.096923e-02
