4.216348e-02;2.118972e-01;2.154540e-01;4.779729e-02;4.771575e-02;1.449381e-01;2.714370e-02;7.917404e-02;8.052000e-02;2.929348e-02;3.792457e-02;3.597845e-02
4.564268e-02;1.777370e-01;1.950156e-01;4.656031e-02;3.533674e-02;1.413288e-01;4.125667e-02;9.480943e-02;6.352990e-02;2.841122e-02;4.755167e-02;8.281995e-02
6.485630e-02;1.302223e-01;1.224703e-01;3.656920e-02;2.820835e-02;1.094452e-01;8.548643e-02;1.158296e-01;6.649597e-02;2.125990e-02;3.716397e-02;1.819925e-01
9.980088e-02;1.376003e-01;8.241503e-02;1.722537e-02;1.425816e-02;3.296892e-02;1.026486e-01;1.058822e-01;4.928896e-02;1.988698e-02;8.991536e-02;2.481092e-01
1.136107e-01;2.357234e-01;1.403283e-01;1.758813e-02;9.078152e-03;1.696220e-02;6.059875e-02;6.632607e-02;4.401507e-02;3.076548e-02;1.093777e-01;1.556261e-01
1.114793e-01;3.727757e-01;2.363029e-01;2.289097e-02;7.984246e-03;2.065799e-02;2.298435e-02;2.412109e-02;6.262440e-02;2.436587e-02;5.817428e-02;3.563892e-02
1.225349e-01;3.390388e-01;1.671961e-01;2.052122e-02;1.047242e-02;4.535722e-02;2.384632e-02;7.045393e-02;6.193511e-02;2.334356e-02;3.925519e-02;7.604525e-02
1.516250e-01;2.755545e-01;1.121047e-01;2.144834e-02;1.479986e-02;4.875029e-02;5.388933e-02;6.883910e-02;5.470932e-02;2.564768e-02;6.236124e-02;1.102705e-01
1.418667e-01;2.799645e-01;1.449959e-01;2.809225e-02;1.646637e-02;2.553165e-02;7.428034e-02;5.377577e-02;6.898142e-02;3.512500e-02;4.880720e-02;8.211293e-02
1.057925e-01;3.135373e-01;1.626471e-01;2.486025e-02;1.904458e-02;6.210938e-02;7.460836e-02;4.153249e-02;6.576318e-02;3.489394e-02;3.264888e-02;6.256218e-02
8.817387e-02;3.289270e-01;1.302553e-01;2.702108e-02;3.182290e-02;8.740610e-02;6.451000e-02;2.319653e-02;7.159235e-02;3.324633e-02;3.724793e-02;7.660057e-02
1.171264e-01;2.525151e-01;5.285864e-02;3.359817e-02;3.368010e-02;4.805675e-02;5.232782e-02;5.844654e-02;1.095932e-01;5.959148e-02;7.027885e-02;1.119269e-01
1.427653e-01;1.901318e-01;9.870453e-02;4.257164e-02;2.043745e-02;4.958068e-02;4.166164e-02;6.981537e-02;8.462287e-02;5.761715e-02;8.229817e-02;1.197934e-01
1.438585e-01;1.342921e-01;9.146889e-02;5.633674e-02;3.458406e-02;1.027004e-01;4.241993e-02;7.861120e-02;4.351095e-02;5.160085e-02;1.074066e-01;1.132099e-01
5.770623e-02;1.148803e-01;1.755580e-01;8.752534e-02;7.966327e-02;1.633472e-01;2.755217e-02;7.715056e-02;4.176812e-02;3.914876e-02;8.067185e-02;5.502818e-02
3.258989e-02;9.119555e-02;1.654957e-01;1.357397e-01;1.166598e-01;1.872888e-01;1.427702e-02;7.118307e-02;3.701203e-02;1.716490e-02;1.018823e-01;2.951123e-02
2.857286e-02;7.934257e-02;1.312554e-01;1.762067e-01;1.145673e-01;1.478180e-01;2.360959e-02;5.401720e-02;2.423172e-02;1.104940e-02;1.811922e-01;2.813696e-02
2.102569e-02;5.399378e-02;1.456408e-01;2.000977e-01;6.941696e-02;8.206262e-02;2.751547e-02;3.505228e-02;1.481267e-02;1.051619e-02;3.220452e-01;1.782069e-02
3.472538e-02;3.426491e-02;1.521917e-01;1.776336e-01;3.200143e-02;5.201076e-02;1.998338e-02;2.816340e-02;8.873345e-03;2.386589e-02;4.087645e-01;2.752173e-02
7.781912e-02;4.039402e-02;1.817498e-01;1.597470e-01;1.779719e-02;3.703664e-02;1.716705e-02;2.275957e-02;1.055648e-02;2.859944e-02;3.957581e-01;1.061555e-02
1.415088e-01;5.547117e-02;2.307707e-01;1.424894e-01;1.292937e-02;2.198024e-02;2.714766e-02;1.327974e-02;1.701644e-02;7.237401e-02;2.551066e-01;9.925957e-03
1.680628e-01;7.125384e-02;2.988702e-01;1.112371e-01;2.706337e-02;1.654142e-02;5.168124e-02;1.230544e-02;1.493388e-02;1.320304e-01;8.546449e-02;1.055588e-02
1.103040e-01;7.313674e-02;3.702868e-01;7.069059e-02;5.119659e-02;2.350223e-02;6.104730e-02;1.130282e-02;8.739794e-03;1.827929e-01;2.195448e-02;1.504577e-02
5.288041e-02;9.059965e-02;3.966763e-01;3.716918e-02;5.346794e-02;2.380081e-02;5.357634e-02;1.388572e-02;1.632299e-02;2.020470e-01;4.388880e-02;1.568486e-02
3.762620e-02;1.319231e-01;3.737155e-01;2.844798e-02;5.702212e-02;3.150913e-02;3.108055e-02;2.205388e-02;3.521345e-02;1.855921e-01;2.795874e-02;3.785731e-02
2.709244e-02;2.102061e-01;2.637621e-01;3.297877e-02;4.014158e-02;6.610961e-02;1.335283e-02;2.770153e-02;7.370731e-02;1.093261e-01;4.142325e-02;9.419828e-02
1.799741e-02;3.111055e-01;1.702892e-01;4.635563e-02;1.362045e-02;9.287440e-02;9.396106e-03;2.111153e-02;1.173623e-01;4.247304e-02;5.945598e-02;9.795845e-02
2.769732e-02;3.511924e-01;1.469745e-01;5.466057e-02;1.548062e-02;7.164390e-02;1.456876e-02;2.165958e-02;1.257472e-01;5.097970e-02;5.726770e-02;6.212768e-02
5.446929e-02;3.497069e-01;1.473456e-01;6.019142e-02;2.211852e-02;4.819828e-02;2.369099e-02;3.213438e-02;1.128241e-01;5.335805e-02;6.224832e-02;3.371419e-02
1.230947e-01;2.977903e-01;1.373928e-01;5.429759e-02;3.248520e-02;3.911727e-02;4.392683e-02;6.006072e-02;1.048296e-01;2.807226e-02;6.537987e-02;1.355284e-02
2.010995e-01;2.010855e-01;1.281137e-01;3.671849e-02;3.253036e-02;2.882771e-02;5.123113e-02;1.237579e-01;8.042715e-02;3.300109e-02;6.560636e-02;1.760100e-02
2.240408e-01;1.315809e-01;9.646698e-02;2.694658e-02;4.220765e-02;2.556294e-02;6.472310e-02;2.039624e-01;3.383071e-02;2.965168e-02;1.000695e-01;2.095672e-02
1.615498e-01;1.133297e-01;9.650744e-02;3.249880e-02;4.621508e-02;1.601546e-02;1.124152e-01;2.202534e-01;3.371345e-02;3.368644e-02;1.134173e-01;2.039794e-02
9.770142e-02;1.360442e-01;1.361204e-01;3.985345e-02;3.310000e-02;3.077219e-02;1.255318e-01;1.723709e-01;5.040161e-02;4.296650e-02;1.070689e-01;2.806862e-02
5.555839e-02;1.777382e-01;1.732234e-01;5.823419e-02;2.717884e-02;5.019495e-02;1.103249e-01;1.268611e-01;6.820718e-02;2.245618e-02;9.135596e-02;3.866677e-02
5.918772e-02;1.799750e-01;1.995024e-01;6.761942e-02;1.799418e-02;8.427317e-02;5.056867e-02;8.109199e-02;9.000008e-02;6.552143e-02;5.229918e-02;5.196681e-02
8.162048e-02;1.592840e-01;1.997087e-01;6.881081e-02;1.722522e-02;5.896823e-02;4.919056e-02;4.303787e-02;8.475224e-02;7.399362e-02;1.266971e-01;3.671120e-02
6.049378e-02;1.982034e-01;1.979385e-01;8.677351e-02;2.836488e-02;2.907878e-02;6.989145e-02;2.114805e-02;7.298648e-02;3.506412e-02;1.684811e-01;3.157592e-02
5.033759e-02;1.805221e-01;1.433448e-01;9.492286e-02;4.154539e-02;4.195434e-02;6.630123e-02;5.336491e-02;8.862278e-02;5.653913e-02;1.471800e-01;3.536496e-02
7.184394e-02;1.407588e-01;1.749567e-01;8.913672e-02;4.477961e-02;4.926966e-02;5.038543e-02;8.373842e-02;9.500857e-02;7.124511e-02;9.665219e-02;3.222477e-02
8.806002e-02;1.222340e-01;1.838995e-01;6.195661e-02;5.444847e-02;5.275369e-02;4.453973e-02;9.863671e-02;8.252948e-02;4.919742e-02;1.297034e-01;3.204093e-02
5.796719e-02;2.209255e-01;1.835700e-01;3.243418e-02;3.029193e-02;3.978802e-02;4.231923e-02;7.220832e-02;5.344772e-02;7.377885e-02;1.474067e-01;4.586235e-02
5.344570e-02;2.360847e-01;2.164228e-01;3.887082e-02;1.916369e-02;5.167635e-02;5.451992e-02;7.667667e-02;5.160420e-02;5.052788e-02;1.115651e-01;3.944220e-02
5.312089e-02;2.118052e-01;2.313396e-01;5.895659e-02;3.263893e-02;7.494093e-02;6.415462e-02;9.356222e-02;5.847279e-02;2.877995e-02;6.329716e-02;2.893119e-02
8.571089e-02;2.379748e-01;2.255218e-01;5.932415e-02;2.936072e-02;4.107412e-02;4.912859e-02;8.233922e-02;7.225719e-02;5.836411e-02;2.634292e-02;3.260149e-02
1.163130e-01;2.087215e-01;1.804224e-01;6.356164e-02;1.794758e-02;5.638008e-02;4.543107e-02;8.497768e-02;7.592598e-02;8.229101e-02;4.333779e-02;2.469029e-02
1.144400e-01;1.599080e-01;1.654990e-01;6.104526e-02;4.301915e-02;8.577807e-02;3.480456e-02;7.442351e-02;6.956611e-02;7.581757e-02;9.886546e-02;1.683336e-02
8.638074e-02;2.379903e-01;1.697879e-01;6.092447e-02;4.885240e-02;8.178323e-02;1.688772e-02;3.924985e-02;5.220415e-02;5.170316e-02;1.239638e-01;3.027226e-02
1.088376e-01;2.394630e-01;1.682448e-01;4.210564e-02;3.402382e-02;9.250718e-02;3.437896e-02;4.207737e-02;3.751650e-02;4.769932e-02;1.168925e-01;3.625327e-02
1.281251e-01;2.188777e-01;1.605022e-01;4.827705e-02;2.639797e-02;9.709349e-02;6.714208e-02;7.706703e-02;5.012101e-02;5.671357e-02;4.214780e-02;2.753499e-02
1.110847e-01;1.779679e-01;1.794022e-01;6.922537e-02;3.815800e-02;7.285818e-02;7.240524e-02;7.798161e-02;5.511519e-02;4.177450e-02;6.239962e-02;4.162747e-02
8.294542e-02;1.649542e-01;1.626736e-01;9.746794e-02;5.649944e-02;7.782421e-02;4.183218e-02;9.685789e-02;8.622428e-02;4.096226e-02;5.513528e-02;3.662330e-02
5.888487e-02;1.648373e-01;1.625298e-01;7.835583e-02;5.701446e-02;1.083524e-01;6.104049e-02;7.559977e-02;7.595910e-02;6.490208e-02;6.460611e-02;2.791780e-02
4.554050e-02;1.378088e-01;2.376394e-01;7.643146e-02;5.147845e-02;9.123055e-02;5.029918e-02;5.070686e-02;3.869752e-02;1.053829e-01;8.479996e-02;2.998444e-02
3.774903e-02;1.117352e-01;3.071569e-01;6.887970e-02;4.522937e-02;5.684863e-02;3.835034e-02;3.546166e-02;2.392002e-02;1.593160e-01;9.556939e-02;1.978387e-02
2.529192e-02;1.012491e-01;3.752423e-01;4.345506e-02;3.351003e-02;2.412616e-02;2.810493e-02;2.632049e-02;2.156314e-02;2.329780e-01;7.589608e-02;1.226285e-02
2.001078e-02;1.713772e-01;3.862779e-01;2.738604e-02;2.510815e-02;2.128557e-02;2.300836e-02;2.098837e-02;2.758596e-02;2.464945e-01;1.528084e-02;1.519635e-02
2.742243e-02;2.660093e-01;3.362465e-01;1.808728e-02;1.465598e-02;2.733988e-02;1.761934e-02;1.991698e-02;5.906868e-02;1.610603e-01;3.261569e-02;1.995767e-02
2.751289e-02;3.530851e-01;3.408836e-01;1.857542e-02;9.704409e-03;3.335598e-02;1.259820e-02;2.113634e-02;7.238570e-02;5.532203e-02;3.588736e-02;1.955308e-02
2.872632e-02;3.362478e-01;3.290411e-01;2.296152e-02;1.010029e-02;4.980593e-02;2.098911e-02;2.489210e-02;6.702527e-02;5.463621e-02;3.270306e-02;2.287127e-02
2.975890e-02;3.242502e-01;3.476077e-01;2.922476e-02;1.018707e-02;5.188188e-02;2.065711e-02;2.971658e-02;5.806908e-02;6.334238e-02;1.795143e-02;1.735294e-02
2.838047e-02;3.424404e-01;3.975849e-01;2.890157e-02;1.646692e-02;4.222264e-02;1.479548e-02;3.243345e-02;3.410714e-02;3.913030e-02;7.043228e-03;1.649352e-02
2.915056e-02;3.041333e-01;4.421151e-01;1.687718e-02;1.671689e-02;4.469886e-02;1.833316e-02;2.878638e-02;1.575455e-02;4.772644e-02;1.911629e-02;1.659132e-02
2.774141e-02;2.494956e-01;4.797935e-01;5.149537e-02;1.534862e-02;1.973170e-02;1.892552e-02;2.781189e-02;1.544847e-02;3.633958e-02;4.406383e-02;1.380455e-02
1.874060e-02;1.516375e-01;3.800445e-01;9.234231e-02;4.351509e-02;7.511388e-02;1.919637e-02;3.048582e-02;1.956894e-02;3.445591e-02;9.972816e-02;3.517086e-02
3.112175e-02;1.171071e-01;1.936615e-01;8.470372e-02;9.607960e-02;1.825192e-01;6.273706e-03;1.907907e-02;1.284391e-02;3.693840e-02;1.064292e-01;1.132428e-01
8.580591e-02;7.929181e-02;8.747840e-02;4.298581e-02;9.918251e-02;3.315297e-01;1.823309e-02;1.507741e-02;1.036869e-02;2.187454e-02;5.774714e-02;1.504250e-01
1.435932e-01;5.463006e-02;8.594315e-02;9.673188e-03;5.657108e-02;4.286790e-01;5.761353e-02;3.131282e-02;1.243674e-02;6.716967e-03;2.077540e-02;9.205482e-02
1.434210e-01;7.128042e-02;5.680086e-02;1.446394e-02;2.237967e-02;4.269939e-01;1.479094e-01;4.698445e-02;9.668391e-03;8.363171e-03;1.190844e-02;3.982627e-02
9.025279e-02;1.175443e-01;3.752049e-02;1.244463e-02;5.050275e-03;3.112129e-01;2.940794e-01;7.636613e-02;1.042190e-02;5.225274e-03;1.065300e-02;2.922891e-02
3.186046e-02;1.369630e-01;3.387062e-02;1.030394e-02;7.113385e-03;2.179879e-01;4.023973e-01;1.098592e-01;1.648428e-02;4.613597e-03;5.793244e-03;2.275308e-02
1.479238e-02;1.292070e-01;3.249312e-02;1.272750e-02;1.242096e-02;1.874452e-01;4.285249e-01;1.331320e-01;1.736821e-02;8.900804e-03;1.176656e-02;1.122139e-02
2.093158e-02;1.311084e-01;4.794343e-02;1.267192e-02;1.387983e-02;1.387998e-01;4.282741e-01;1.540111e-01;1.897602e-02;8.725167e-03;1.570083e-02;8.977712e-03
9.816097e-03;1.222050e-01;4.395600e-02;9.394892e-03;1.155449e-02;1.829485e-01;3.893041e-01;1.784577e-01;2.163710e-02;1.107756e-02;1.317897e-02;6.469641e-03
7.018965e-03;1.071944e-01;5.508252e-02;6.978424e-03;8.326483e-03;2.452871e-01;3.311505e-01;1.753377e-01;2.831342e-02;8.506550e-03;1.292923e-02;1.387459e-02
1.878433e-02;9.929522e-02;6.841820e-02;8.535760e-03;1.801798e-02;2.936557e-01;2.624557e-01;1.731418e-01;2.571817e-02;6.076279e-03;1.099783e-02;1.490306e-02
4.999818e-02;6.657682e-02;4.886124e-02;1.232206e-02;1.915819e-02;5.002574e-01;1.311766e-01;1.287818e-01;1.358557e-02;5.626499e-03;8.239960e-03;1.541561e-02
6.734194e-02;3.770326e-02;3.552738e-02;2.351073e-02;4.582218e-02;5.800893e-01;6.088316e-02;9.065203e-02;5.949578e-03;6.789809e-03;1.296301e-02;3.276758e-02
3.912733e-02;4.789280e-02;4.249951e-02;7.523096e-02;1.196126e-01;3.899778e-01;1.169232e-01;6.187921e-02;7.628518e-03;9.338294e-03;2.996754e-02;5.992222e-02
1.283599e-02;6.650777e-02;1.636787e-01;1.802400e-01;1.357516e-01;8.221600e-02;1.534853e-01;5.261843e-02;1.308648e-02;2.923050e-02;6.074107e-02;4.960809e-02
1.165576e-02;7.772426e-02;2.774996e-01;1.716688e-01;3.628363e-02;1.211095e-01;1.186860e-01;4.490926e-02;2.602933e-02;5.560052e-02;4.680689e-02;1.202648e-02
2.530404e-02;1.645342e-01;2.987005e-01;1.052220e-01;3.947240e-02;8.447284e-02;9.416390e-02;3.674003e-02;5.782633e-02;6.135648e-02;1.591302e-02;1.629422e-02
2.989290e-02;2.629364e-01;2.330305e-01;5.761383e-02;3.361880e-02;3.355036e-02;9.959918e-02;7.322554e-02;9.590283e-02;5.432250e-02;1.652752e-02;9.779600e-03
6.856000e-02;2.514606e-01;1.329319e-01;2.942397e-02;2.223655e-02;6.473649e-02;9.496684e-02;1.821090e-01;8.659520e-02;3.511656e-02;2.235202e-02;9.510997e-03
1.096594e-01;1.561424e-01;1.028832e-01;2.064032e-02;3.116316e-02;5.502631e-02;1.177370e-01;2.910335e-01;5.166216e-02;1.961122e-02;2.084826e-02;2.359303e-02
1.143472e-01;1.275796e-01;7.029257e-02;2.705933e-02;2.632615e-02;6.490198e-02;1.170832e-01;3.408239e-01;3.935599e-02;2.371960e-02;1.414725e-02;3.436318e-02
9.378498e-02;9.221238e-02;7.205341e-02;3.981283e-02;1.849449e-02;1.115444e-01;1.392034e-01;3.064763e-01;3.946126e-02;4.317692e-02;1.419785e-02;2.958179e-02
5.804884e-02;1.038991e-01;8.596980e-02;4.904076e-02;3.478824e-02;8.223321e-02;2.349352e-01;1.935489e-01;2.911382e-02;5.980481e-02;1.707394e-02;5.154344e-02
6.242538e-02;9.759717e-02;6.216517e-02;5.207842e-02;2.970315e-02;9.454229e-02;2.840684e-01;1.069876e-01;2.790694e-02;7.383452e-02;1.868471e-02;9.000634e-02
6.177388e-02;1.168560e-01;2.554731e-02;6.261433e-02;1.465680e-02;4.453510e-02;2.949905e-01;9.387296e-02;3.081548e-02;8.966812e-02;2.090722e-02;1.437623e-01
4.272950e-02;1.525640e-01;8.658081e-02;7.169925e-02;2.176382e-02;2.230228e-02;2.627995e-01;8.530917e-02;2.522555e-02;6.055952e-02;1.549790e-02;1.529687e-01
6.839900e-02;1.359410e-01;1.130529e-01;7.574963e-02;3.983713e-02;7.927696e-02;2.231585e-01;6.532624e-02;2.897967e-02;2.783316e-02;2.020147e-02;1.222443e-01
8.111104e-02;1.156722e-01;8.218428e-02;6.607304e-02;5.553249e-02;1.746033e-01;1.384438e-01;7.194670e-02;5.712028e-02;4.508844e-02;3.935906e-02;7.286543e-02
6.169999e-02;1.347009e-01;6.777681e-02;6.581219e-02;2.477401e-02;2.131881e-01;7.147370e-02;1.194864e-01;7.265224e-02;5.107054e-02;6.102479e-02;5.634032e-02
4.802082e-02;1.480988e-01;1.190931e-01;5.367605e-02;4.309458e-02;1.825211e-01;9.244829e-02;1.274445e-01;4.523995e-02;3.958197e-02;4.092119e-02;5.985965e-02
6.114130e-02;1.417453e-01;1.033986e-01;4.367503e-02;3.736327e-02;2.306755e-01;1.130836e-01;1.338538e-01;3.141108e-02;2.631468e-02;2.224518e-02;5.509257e-02
6.936496e-02;1.138126e-01;4.558975e-02;4.583492e-02;1.425149e-02;2.386654e-01;1.602053e-01;1.599007e-01;3.816720e-02;2.231838e-02;2.240968e-02;6.947970e-02
6.557681e-02;1.406499e-01;1.130633e-01;4.195322e-02;1.410462e-02;1.578113e-01;1.628499e-01;1.506215e-01;3.714441e-02;2.331467e-02;2.002175e-02;7.288863e-02
7.432649e-02;1.686654e-01;1.440606e-01;3.817170e-02;2.093018e-02;1.150446e-01;1.767682e-01;1.025705e-01;3.874416e-02;3.268145e-02;1.960044e-02;6.843636e-02
5.835159e-02;8.743875e-02;8.822675e-02;3.735000e-02;2.378442e-02;1.197024e-01;2.417567e-01;1.156645e-01;7.863238e-02;3.613212e-02;4.637882e-02;6.658158e-02
3.004629e-02;9.954745e-02;7.704099e-02;3.036554e-02;1.838208e-02;1.903545e-01;2.284000e-01;8.991551e-02;9.098382e-02;2.546184e-02;7.229417e-02;4.720780e-02
2.462028e-02;1.187545e-01;1.034849e-01;2.976173e-02;2.472175e-02;2.254228e-01;1.819713e-01;7.616034e-02;9.121345e-02;2.464996e-02;7.970432e-02;1.953474e-02
2.958564e-02;1.255707e-01;1.311952e-01;3.583843e-02;1.036659e-02;2.167962e-01;1.180283e-01;9.682716e-02;8.809137e-02;3.235767e-02;8.991445e-02;2.542828e-02
4.963934e-02;1.161693e-01;9.399744e-02;3.506585e-02;1.686678e-02;1.834861e-01;6.787012e-02;1.417352e-01;8.664793e-02;4.496347e-02;1.084337e-01;5.512467e-02
4.904849e-02;1.486270e-01;9.627729e-02;1.705378e-02;1.394873e-02;1.666871e-01;1.223526e-01;1.313394e-01;7.998402e-02;3.200160e-02;9.952621e-02;4.315373e-02
5.194929e-02;1.307412e-01;1.105018e-01;1.467479e-02;1.413527e-02;1.968681e-01;1.003424e-01;1.261432e-01;7.806683e-02;3.079583e-02;1.071821e-01;3.859906e-02
4.355323e-02;9.333953e-02;5.368821e-02;3.263801e-02;3.323707e-02;2.563942e-01;7.540414e-02;1.084457e-01;8.907676e-02;4.874285e-02;1.262807e-01;3.919960e-02
2.278022e-02;9.141877e-02;4.327017e-02;3.457769e-02;6.094583e-02;2.794629e-01;1.127402e-01;7.125620e-02;7.226194e-02;6.285483e-02;1.100447e-01;3.838662e-02
2.574413e-02;8.664834e-02;5.268318e-02;2.707269e-02;7.444733e-02;3.043385e-01;9.189896e-02;7.863693e-02;6.160964e-02;7.061248e-02;8.918005e-02;3.712777e-02
3.448239e-02;9.002593e-02;3.991748e-02;3.015243e-02;8.958226e-02;2.932779e-01;4.363671e-02;8.875161e-02;6.297497e-02;1.041588e-01;8.456349e-02;3.847600e-02
2.873136e-02;1.118020e-01;4.985744e-02;4.298428e-02;1.025327e-01;2.487724e-01;4.319927e-02;8.396240e-02;5.412691e-02;1.093809e-01;9.764271e-02;2.700753e-02
1.988386e-02;1.149406e-01;4.494763e-02;2.708365e-02;1.073534e-01;2.450498e-01;5.379224e-02;8.693074e-02;6.582242e-02;1.081843e-01;9.205474e-02;3.395667e-02
2.399983e-02;8.635256e-02;7.140294e-02;2.957369e-02;1.040471e-01;2.478851e-01;5.953341e-02;8.122294e-02;5.764357e-02;1.012275e-01;1.090254e-01;2.808594e-02
2.685578e-02;1.007489e-01;9.409425e-02;2.439787e-02;9.629579e-02;2.612314e-01;5.569284e-02;6.274705e-02;4.631212e-02;7.358415e-02;1.316214e-01;2.641850e-02
2.693663e-02;8.425142e-02;9.306992e-02;3.509737e-02;8.985917e-02;2.411762e-01;8.986582e-02;8.761941e-02;7.228869e-02;4.722212e-02;9.887832e-02;3.373495e-02
2.867003e-02;6.157118e-02;1.390499e-01;4.264950e-02;7.676796e-02;1.594072e-01;1.361457e-01;1.027524e-01;1.245737e-01;5.022445e-02;3.349984e-02;4.468814e-02
2.812957e-02;1.098858e-01;1.362519e-01;3.113447e-02;5.531627e-02;1.898473e-01;1.023878e-01;1.014940e-01;9.912526e-02;6.321651e-02;6.422799e-02;1.898316e-02
3.427303e-02;1.487752e-01;1.259523e-01;2.370217e-02;5.052537e-02;1.754101e-01;8.737475e-02;1.430063e-01;6.713846e-02;6.466587e-02;6.412944e-02;1.504710e-02
3.592383e-02;1.620398e-01;1.300932e-01;2.185921e-02;5.946543e-02;1.795060e-01;8.668025e-02;1.429831e-01;5.270006e-02;6.049599e-02;5.616597e-02;1.208708e-02
3.017070e-02;1.225346e-01;1.362755e-01;3.152507e-02;8.351687e-02;1.909422e-01;5.331728e-02;1.531468e-01;6.410961e-02;6.436086e-02;5.746932e-02;1.263121e-02
2.198830e-02;1.181691e-01;1.422631e-01;3.423766e-02;8.862655e-02;2.760958e-01;3.216759e-02;1.092872e-01;6.517403e-02;3.987268e-02;6.382601e-02;8.291956e-03
2.810611e-02;1.476627e-01;1.672607e-01;1.725685e-02;7.127867e-02;2.914375e-01;3.172460e-02;7.645083e-02;5.572872e-02;4.057745e-02;5.736911e-02;1.514681e-02
4.168003e-02;1.172946e-01;1.440370e-01;2.940949e-02;6.942537e-02;2.479826e-01;3.256531e-02;8.334611e-02;7.132363e-02;5.717200e-02;7.367526e-02;3.208869e-02
5.278574e-02;1.206337e-01;1.475050e-01;2.643618e-02;7.063176e-02;1.711359e-01;7.192101e-02;9.671532e-02;6.450127e-02;6.339951e-02;7.112046e-02;4.321424e-02
3.677158e-02;1.429116e-01;1.619040e-01;1.984704e-02;5.971189e-02;2.062631e-01;5.364406e-02;1.255903e-01;5.179363e-02;5.174926e-02;5.410172e-02;3.571189e-02
3.225650e-02;1.186401e-01;1.781755e-01;4.763399e-02;2.168617e-02;1.810095e-01;3.360207e-02;1.376167e-01;6.826994e-02;6.230366e-02;7.388751e-02;4.491833e-02
4.924419e-02;1.074415e-01;1.634748e-01;5.705439e-02;7.326045e-02;1.560801e-01;3.346707e-02;1.132036e-01;5.854233e-02;7.183123e-02;6.669989e-02;4.970048e-02
5.263568e-02;1.345118e-01;1.484835e-01;3.544122e-02;8.726233e-02;1.402158e-01;6.365060e-02;1.063959e-01;4.756948e-02;6.587813e-02;8.196610e-02;3.598949e-02
4.721807e-02;1.201182e-01;1.475274e-01;5.768892e-02;6.402243e-02;1.383444e-01;6.530987e-02;1.287782e-01;7.254960e-02;3.489457e-02;8.401058e-02;3.953778e-02
4.783550e-02;1.232741e-01;1.515840e-01;6.488056e-02;4.238590e-02;1.548098e-01;8.015213e-02;1.053762e-01;8.472835e-02;3.163761e-02;6.345049e-02;4.988541e-02
3.145818e-02;8.700159e-02;1.386618e-01;7.916462e-02;8.894486e-02;1.739841e-01;6.420817e-02;9.541615e-02;1.022398e-01;4.464483e-02;5.002821e-02;4.424768e-02
1.636994e-02;6.212256e-02;1.008965e-01;7.445207e-02;1.809844e-01;1.130446e-01;3.271925e-02;1.137491e-01;1.753191e-01;6.989940e-02;3.314067e-02;2.730229e-02
1.254037e-02;5.458803e-02;5.968123e-02;4.580446e-02;2.250612e-01;5.946482e-02;3.425756e-02;1.183446e-01;2.464240e-01;8.771098e-02;3.105101e-02;2.507174e-02
1.520981e-02;4.161140e-02;6.766427e-02;7.008017e-02;1.833593e-01;1.313009e-01;1.859259e-02;1.049128e-01;2.467139e-01;7.051054e-02;2.713865e-02;2.290568e-02
1.154192e-02;4.543753e-02;8.636989e-02;8.504296e-02;1.556159e-01;1.435513e-01;2.269241e-02;9.626515e-02;2.521159e-01;5.984658e-02;1.921264e-02;2.230773e-02
1.894335e-02;5.302323e-02;7.022233e-02;8.326902e-02;1.461749e-01;1.209313e-01;1.899268e-02;1.316930e-01;2.714936e-01;5.423667e-02;1.362036e-02;1.739958e-02
1.663455e-02;4.995688e-02;6.174028e-02;9.097797e-02;1.648968e-01;9.456223e-02;1.941838e-02;1.079508e-01;2.862701e-01;7.178159e-02;1.867360e-02;1.713687e-02
1.853022e-02;5.483020e-02;6.569328e-02;9.360655e-02;1.467212e-01;1.013124e-01;4.520537e-02;1.129438e-01;2.670362e-01;6.411208e-02;1.712552e-02;1.288322e-02
2.208074e-02;5.360607e-02;8.154413e-02;1.097782e-01;1.355656e-01;1.020263e-01;4.171535e-02;1.108141e-01;2.613714e-01;5.400319e-02;1.696565e-02;1.052930e-02
1.786974e-02;4.043172e-02;8.648680e-02;1.229099e-01;1.558914e-01;1.037682e-01;3.842830e-02;1.123041e-01;2.358207e-01;5.830068e-02;2.015267e-02;7.635868e-03
1.380725e-02;4.629645e-02;1.147061e-01;1.334580e-01;1.602613e-01;9.612798e-02;3.125682e-02;1.066085e-01;2.229899e-01;4.943039e-02;1.324767e-02;1.180968e-02
2.330924e-02;4.492902e-02;1.352626e-01;1.218392e-01;1.248872e-01;1.012148e-01;2.992272e-02;1.182947e-01;2.186634e-01;5.580986e-02;9.153049e-03;1.671424e-02
2.788525e-02;5.817623e-02;1.521322e-01;9.907839e-02;8.220409e-02;1.147725e-01;4.044555e-02;1.651929e-01;1.763435e-01;4.587501e-02;2.173100e-02;1.616338e-02
3.746155e-02;8.604565e-02;1.653768e-01;7.780194e-02;5.088610e-02;1.221135e-01;4.530348e-02;2.003448e-01;1.410004e-01;2.781779e-02;3.109656e-02;1.475142e-02
4.063795e-02;1.075196e-01;1.097665e-01;7.220925e-02;9.951472e-02;1.748162e-01;3.148717e-02;1.699345e-01;1.108147e-01;2.298265e-02;2.713691e-02;3.317975e-02
4.615991e-02;1.377975e-01;1.153448e-01;6.210286e-02;1.322630e-01;1.516030e-01;2.421246e-02;1.227058e-01;1.083820e-01;3.309963e-02;2.333811e-02;4.299089e-02
4.606666e-02;1.093207e-01;1.054595e-01;7.002015e-02;1.406408e-01;2.153260e-01;4.754742e-02;7.530120e-02;1.002589e-01;3.065307e-02;2.156105e-02;3.784458e-02
3.787361e-02;8.377778e-02;6.737436e-02;6.113644e-02;9.740406e-02;2.856161e-01;4.858067e-02;9.872834e-02;1.081021e-01;3.905537e-02;3.162901e-02;4.072219e-02
1.804498e-02;9.043122e-02;5.262443e-02;4.870439e-02;1.247457e-01;2.527103e-01;2.790536e-02;1.016498e-01;1.342579e-01;6.901079e-02;3.032827e-02;4.958685e-02
1.282048e-02;1.017717e-01;4.908192e-02;4.319471e-02;1.843795e-01;2.215733e-01;2.639018e-02;7.617083e-02;1.356463e-01;8.438623e-02;2.132204e-02;4.326272e-02
1.264440e-02;8.804879e-02;4.341496e-02;4.531896e-02;1.793325e-01;2.428898e-01;2.393057e-02;7.616569e-02;1.250861e-01;8.345602e-02;4.834922e-02;3.136294e-02
1.435981e-02;5.708862e-02;5.024658e-02;6.281500e-02;1.363679e-01;2.658149e-01;4.110506e-02;7.373266e-02;1.333208e-01;7.337628e-02;7.324782e-02;1.852457e-02
2.065255e-02;5.680278e-02;5.818719e-02;7.961552e-02;5.774853e-02;2.485599e-01;3.866075e-02;1.088793e-01;1.695657e-01;6.634969e-02;6.193544e-02;3.304262e-02
2.947548e-02;6.399002e-02;5.553350e-02;8.284833e-02;1.024905e-01;2.015059e-01;2.790566e-02;1.188279e-01;1.810464e-01;6.744405e-02;3.447374e-02;3.445853e-02
3.704561e-02;7.155754e-02;4.809092e-02;6.436841e-02;1.196660e-01;1.621198e-01;3.966900e-02;1.083834e-01;1.839800e-01;5.720690e-02;7.530616e-02;3.260630e-02
3.848578e-02;7.414237e-02;4.046155e-02;5.339559e-02;8.783349e-02;1.513833e-01;2.860963e-02;1.093227e-01;2.210480e-01;4.846961e-02;1.027095e-01;4.413860e-02
3.480797e-02;8.450568e-02;3.769947e-02;5.399808e-02;1.013527e-01;2.027495e-01;2.074116e-02;1.074407e-01;2.077356e-01;4.704981e-02;7.302444e-02;2.889487e-02
