9.039161e-02;8.100788e-02;1.191737e-01;5.108068e-02;7.250796e-02;6.777918e-02;2.107982e-01;7.172181e-02;7.526232e-02;5.376623e-02;6.529191e-02;4.121856e-02
9.356976e-02;8.669433e-02;1.069099e-01;6.239105e-02;8.412358e-02;7.540938e-02;1.885284e-01;1.053025e-01;5.653309e-02;4.500675e-02;4.092393e-02;5.460722e-02
7.381548e-02;6.670073e-02;8.832701e-02;7.712904e-02;1.175553e-01;8.834596e-02;2.055885e-01;9.865128e-02;6.098227e-02;4.564930e-02;3.426835e-02;4.298675e-02
4.898860e-02;6.500362e-02;1.433230e-01;7.491739e-02;1.661599e-01;1.076904e-01;8.742014e-02;7.326040e-02;7.921173e-02;6.038396e-02;4.944832e-02;4.419251e-02
4.843765e-02;3.280731e-02;2.698060e-01;6.516988e-02;1.480204e-01;8.257218e-02;1.879891e-01;4.988898e-02;2.810869e-02;3.372502e-02;2.721618e-02;2.625852e-02
2.134678e-02;3.911221e-02;3.147256e-01;6.961712e-02;1.093470e-01;6.914911e-02;1.939067e-01;4.237406e-02;3.612293e-02;3.837047e-02;3.839978e-02;2.752825e-02
2.746922e-02;4.269155e-02;3.900068e-01;7.573136e-02;7.994221e-02;5.080807e-02;1.477748e-01;3.533215e-02;3.494668e-02;5.162154e-02;4.096838e-02;2.270711e-02
3.041882e-02;6.453192e-02;4.661590e-01;7.587808e-02;5.240829e-02;2.993419e-02;9.328926e-02;2.459628e-02;3.711148e-02;6.845560e-02;4.060369e-02;1.661342e-02
7.312541e-02;8.787633e-02;4.045212e-01;6.138628e-02;5.375425e-02;3.121802e-02;7.168961e-02;1.588166e-02;4.970519e-02;7.471142e-02;5.304246e-02;2.308821e-02
1.052523e-01;5.931988e-02;3.547319e-01;7.261141e-02;5.542483e-02;3.513317e-02;6.450213e-02;1.496927e-02;5.175808e-02;7.347897e-02;8.138619e-02;3.143185e-02
7.155021e-02;1.027304e-01;2.979571e-01;8.574576e-02;6.393785e-02;3.015932e-02;7.265180e-02;1.669257e-02;2.689569e-02;1.134626e-01;8.387356e-02;3.434314e-02
5.084500e-02;1.249616e-01;3.011506e-01;7.964095e-02;6.788634e-02;3.539025e-02;5.889415e-02;2.144527e-02;4.075982e-02;1.302092e-01;6.333714e-02;2.547965e-02
4.098647e-02;1.059399e-01;2.965519e-01;1.053773e-01;7.094025e-02;3.638905e-02;9.445680e-02;1.500911e-02;4.218020e-02;1.229305e-01;5.087905e-02;1.835939e-02
4.393781e-02;7.963657e-02;3.518841e-01;1.350439e-01;5.351614e-02;3.654696e-02;8.388334e-02;1.980075e-02;2.650349e-02;9.834456e-02;4.239822e-02;2.850409e-02
3.967908e-02;6.284130e-02;4.138010e-01;1.129698e-01;8.251902e-02;4.358530e-02;8.346801e-02;2.639057e-02;2.273939e-02;6.994753e-02;2.617735e-02;1.588168e-02
6.540707e-02;3.217638e-02;2.761793e-01;8.427234e-02;8.484492e-02;3.591231e-02;1.145137e-01;4.570600e-02;7.931132e-02;8.529872e-02;4.050679e-02;5.587113e-02
8.477092e-02;5.727983e-02;1.625047e-01;4.990152e-02;7.399587e-02;4.814147e-02;1.151326e-01;4.650869e-02;1.182617e-01;9.637780e-02;7.674037e-02;7.038449e-02
7.140312e-02;7.521844e-02;2.719406e-01;4.925734e-02;7.705185e-02;5.616478e-02;1.235027e-01;2.872972e-02;6.450834e-02;6.832509e-02;7.306777e-02;4.083023e-02
7.087581e-02;9.494089e-02;3.469552e-01;5.564614e-02;6.193110e-02;3.543287e-02;1.376629e-01;2.740832e-02;4.185708e-02;5.477353e-02;4.707064e-02;2.544546e-02
5.069260e-02;1.446073e-01;4.008334e-01;4.423313e-02;3.621230e-02;4.712015e-02;1.071837e-01;2.359113e-02;5.503920e-02;4.854450e-02;2.255130e-02;1.939128e-02
4.529546e-02;2.309836e-01;3.918631e-01;2.577921e-02;1.148216e-02;8.368617e-02;4.576287e-02;1.790863e-02;8.836672e-02;3.210745e-02;8.499811e-03;1.826475e-02
9.210364e-02;2.935781e-01;2.919741e-01;1.858726e-02;2.375134e-02;8.126877e-02;3.263664e-02;2.433899e-02;9.593805e-02;2.188627e-02;1.217648e-02;1.176031e-02
1.737258e-01;2.688000e-01;2.223027e-01;1.990557e-02;6.778542e-02;3.599969e-02;4.118062e-02;5.638462e-02;7.433788e-02;1.871323e-02;1.399046e-02;6.874071e-03
2.392170e-01;1.905666e-01;1.414348e-01;1.992318e-02;1.320735e-01;2.079052e-02;4.125404e-02;1.032373e-01;7.121313e-02;1.416020e-02;1.570634e-02;1.042340e-02
2.633767e-01;1.383113e-01;8.774875e-02;1.601978e-02;1.845080e-01;2.432112e-02;2.985705e-02;1.575988e-01;6.004674e-02;1.040767e-02;1.510015e-02;1.270403e-02
2.565922e-01;1.035089e-01;7.005218e-02;1.036884e-02;1.957044e-01;2.636182e-02;2.806069e-02;2.295972e-01;4.163446e-02;7.034787e-03;1.405611e-02;1.702846e-02
2.614312e-01;2.038211e-02;6.530419e-02;9.803594e-03;1.830093e-01;1.698308e-02;4.348525e-02;2.946735e-01;5.835120e-02;5.958237e-03;1.891426e-02;2.170418e-02
2.914879e-01;8.308078e-02;5.699371e-02;7.987252e-03;1.359380e-01;1.480316e-02;3.811645e-02;2.645163e-01;4.988191e-02;6.485321e-03;2.686817e-02;2.384108e-02
3.297508e-01;9.934554e-02;6.958777e-02;8.972771e-03;1.143380e-01;1.656723e-02;3.173065e-02;2.047677e-01;4.938417e-02;1.051524e-02;3.674062e-02;2.829951e-02
3.489862e-01;7.434706e-02;8.149148e-02;1.225580e-02;1.267355e-01;1.501869e-02;3.187344e-02;1.723477e-01;4.603872e-02;1.722099e-02;3.629826e-02;3.738620e-02
3.302288e-01;6.275810e-02;9.764892e-02;2.157843e-02;1.181704e-01;1.084814e-02;4.009983e-02;1.503276e-01;3.940140e-02;3.892141e-02;3.294004e-02;5.707700e-02
2.457747e-01;9.878168e-02;1.005478e-01;3.587276e-02;6.239241e-02;2.607846e-02;4.826995e-02;1.212397e-01;5.492671e-02;7.468566e-02;5.719567e-02;7.423451e-02
1.615206e-01;1.217423e-01;9.522825e-02;4.046057e-02;6.100414e-02;5.455585e-02;3.572385e-02;9.275907e-02;9.275397e-02;8.223724e-02;8.382596e-02;7.818821e-02
1.032124e-01;1.094993e-01;9.231199e-02;4.725201e-02;1.244404e-01;5.837719e-02;5.914995e-02;8.995607e-02;1.028745e-01;7.660712e-02;6.363592e-02;7.268324e-02
1.042948e-01;1.027377e-01;1.208221e-01;5.553866e-02;1.423198e-01;4.375974e-02;8.629058e-02;9.435577e-02;7.410975e-02;8.632210e-02;2.347719e-02;6.597190e-02
1.653827e-01;9.289329e-02;1.059272e-01;5.012563e-02;1.152084e-01;3.550439e-02;6.809480e-02;1.077845e-01;6.863765e-02;9.072679e-02;2.345699e-02;7.625778e-02
1.648639e-01;7.379302e-02;9.472989e-02;4.978211e-02;9.109557e-02;5.783210e-02;7.172712e-02;1.096772e-01;7.820044e-02;1.054160e-01;3.257808e-02;7.030457e-02
1.259192e-01;8.987376e-02;1.219570e-01;6.848785e-02;6.275409e-02;6.869511e-02;9.600500e-02;1.020814e-01;9.892562e-02;9.574910e-02;3.018651e-02;3.936548e-02
1.270070e-01;8.971403e-02;1.300101e-01;8.811401e-02;5.223917e-02;6.038035e-02;1.055226e-01;7.852887e-02;1.057256e-01;1.084601e-01;1.913390e-02;3.516444e-02
1.438500e-01;1.437569e-01;9.999564e-02;6.272999e-02;5.228033e-02;5.818481e-02;8.970768e-02;5.008937e-02;1.051692e-01;1.288871e-01;3.805117e-02;2.729768e-02
1.155233e-01;2.066277e-01;9.335764e-02;4.485734e-02;5.634464e-02;4.695404e-02;9.508008e-02;5.976458e-02;8.345582e-02;9.883073e-02;7.053189e-02;2.867219e-02
9.159991e-02;1.243482e-01;1.650608e-01;4.714720e-02;8.061603e-02;5.625853e-02;1.200407e-01;6.354181e-02;7.463778e-02;6.179102e-02;7.537487e-02;3.958312e-02
6.115958e-02;5.254878e-02;3.656039e-01;5.086730e-02;9.138861e-02;5.630610e-02;1.422996e-01;5.058717e-02;4.596333e-02;2.811986e-02;3.583362e-02;1.932217e-02
5.380839e-02;7.317542e-02;4.689175e-01;4.562287e-02;7.190593e-02;4.070731e-02;1.225434e-01;2.915513e-02;2.917030e-02;2.705768e-02;2.245308e-02;1.548290e-02
6.470786e-02;1.191354e-01;4.577228e-01;3.656989e-02;5.220871e-02;3.240885e-02;7.513134e-02;3.320274e-02;5.893872e-02;2.208836e-02;1.921348e-02;2.867177e-02
1.401018e-01;1.648931e-01;3.163788e-01;3.289596e-02;3.729541e-02;2.056651e-02;5.317565e-02;6.066073e-02;7.781505e-02;1.626836e-02;3.132483e-02;4.862380e-02
2.347634e-01;2.222537e-01;2.362619e-01;2.274631e-02;2.574814e-02;1.143653e-02;3.803614e-02;5.003255e-02;7.395514e-02;1.495673e-02;2.203752e-02;4.777193e-02
2.878828e-01;3.210502e-01;1.877042e-01;1.055818e-02;9.356034e-03;5.622211e-03;1.619796e-02;2.993990e-02;8.489864e-02;1.160968e-02;7.649034e-03;2.753119e-02
3.794015e-01;3.518091e-01;1.218752e-01;4.393743e-03;4.257932e-03;3.362111e-03;6.502895e-03;2.222279e-02;7.481148e-02;8.081653e-03;5.480273e-03;1.780128e-02
4.532108e-01;3.254747e-01;7.211505e-02;5.323338e-03;5.399565e-03;5.624028e-03;6.696123e-03;2.684054e-02;6.455751e-02;9.368329e-03;7.101621e-03;1.828837e-02
4.589509e-01;3.064946e-01;7.854735e-02;4.441906e-03;3.329760e-03;7.361916e-03;7.505972e-03;2.887093e-02;6.689729e-02;1.073340e-02;7.436138e-03;1.942991e-02
4.601742e-01;2.973272e-01;8.694490e-02;4.802038e-03;5.433951e-03;6.353237e-03;7.316272e-03;3.782253e-02;6.082980e-02;9.429662e-03;7.885145e-03;1.568109e-02
4.697090e-01;2.952145e-01;7.730034e-02;4.720084e-03;9.275607e-03;3.857670e-03;7.432072e-03;5.270821e-02;4.078739e-02;5.773317e-03;1.110779e-02;2.211400e-02
4.647322e-01;2.812597e-01;7.083271e-02;5.241710e-03;2.242934e-02;3.267710e-03;1.033487e-02;6.573463e-02;2.938009e-02;5.303278e-03;1.164601e-02;2.983780e-02
3.992457e-01;2.263118e-01;9.845760e-02;1.564926e-02;4.137456e-02;9.372863e-03;3.141376e-02;6.625341e-02;3.272240e-02;1.490792e-02;2.281887e-02;4.147189e-02
2.731749e-01;1.691513e-01;1.617307e-01;3.091360e-02;5.797875e-02;2.005424e-02;6.605370e-02;4.625737e-02;5.717740e-02;3.277885e-02;4.072521e-02;4.400399e-02
1.618778e-01;1.862514e-01;2.218096e-01;3.679679e-02;5.854657e-02;2.921089e-02;9.128619e-02;1.911131e-02;7.110550e-02;4.077282e-02;5.089791e-02;3.233327e-02
1.631913e-01;1.879364e-01;2.193019e-01;3.572398e-02;5.683545e-02;2.065946e-02;1.234754e-01;4.535856e-02;2.844311e-02;5.517370e-02;4.442472e-02;1.947612e-02
1.694516e-01;1.249256e-01;2.278780e-01;3.628214e-02;6.243237e-02;2.998261e-02;1.473760e-01;5.151262e-02;4.031546e-02;5.692558e-02;3.611620e-02;1.680182e-02
2.209307e-01;1.458740e-01;1.699964e-01;3.514500e-02;6.943490e-02;3.698317e-02;1.243777e-01;4.832029e-02;3.205961e-02;5.486510e-02;3.877061e-02;2.324257e-02
3.113774e-01;1.800004e-01;8.912301e-02;3.240629e-02;6.883217e-02;4.180735e-02;8.651565e-02;3.399919e-02;2.506514e-02;5.431024e-02;4.158413e-02;3.497894e-02
2.905186e-01;1.988291e-01;7.529107e-02;4.443735e-02;5.185490e-02;4.159817e-02;6.566563e-02;2.582614e-02;5.359532e-02;5.723917e-02;4.991017e-02;4.523442e-02
1.708213e-01;2.098771e-01;1.408485e-01;4.298142e-02;6.867421e-02;4.302555e-02;7.293733e-02;6.118595e-02;7.778029e-02;3.807190e-02;4.086136e-02;3.293502e-02
1.737533e-01;1.912077e-01;1.139548e-01;4.870640e-02;7.124645e-02;3.849379e-02;9.695800e-02;9.064098e-02;1.052288e-01;1.665434e-02;2.426126e-02;2.889416e-02
2.105039e-01;1.443743e-01;9.419666e-02;5.699198e-02;7.642484e-02;5.216906e-02;1.838688e-02;1.018881e-01;1.300572e-01;3.097382e-02;3.634765e-02;4.768558e-02
1.030879e-01;9.961529e-02;1.113181e-01;6.442685e-02;6.946173e-02;5.897299e-02;9.395035e-02;7.129583e-02;1.038380e-01;8.834743e-02;6.535594e-02;7.032960e-02
8.179112e-02;8.830478e-02;1.105048e-01;6.040167e-02;7.080417e-02;7.071244e-02;1.035484e-01;6.776459e-02;1.067505e-01;9.202488e-02;7.606778e-02;7.132476e-02
8.268812e-02;9.521282e-02;1.163595e-01;6.525894e-02;7.527933e-02;7.625261e-02;1.082289e-01;5.495999e-02;1.028483e-01;8.095572e-02;7.275420e-02;6.920148e-02
1.382409e-01;1.276297e-01;1.762440e-01;6.348113e-02;6.371506e-02;7.466722e-02;9.352917e-02;3.128908e-02;7.715049e-02;5.192768e-02;4.887633e-02;5.324918e-02
2.716129e-01;1.859268e-01;1.972296e-01;4.547067e-02;3.494662e-02;4.559909e-02;5.399651e-02;3.738832e-02;4.950179e-02;2.598456e-02;1.853294e-02;3.381019e-02
4.311904e-01;2.129938e-01;1.149391e-01;2.122558e-02;4.032530e-02;1.277291e-02;2.673897e-02;5.499038e-02;2.798308e-02;1.158496e-02;1.114161e-02;3.411390e-02
5.343159e-01;1.849385e-01;4.420204e-02;1.460019e-02;2.555847e-02;6.691665e-03;2.495086e-02;4.939494e-02;1.980532e-02;1.085872e-02;1.088921e-02;7.379417e-02
5.448419e-01;1.307279e-01;2.115391e-02;1.663243e-02;9.412037e-03;7.688382e-03;3.960563e-02;2.477075e-02;2.114119e-02;1.860130e-02;1.697298e-02;1.484516e-01
4.866540e-01;5.489440e-02;2.516882e-02;1.924974e-02;1.007370e-02;9.846067e-03;5.508463e-02;2.270195e-02;1.659460e-02;3.527122e-02;2.426899e-02;2.401919e-01
4.489394e-01;2.048731e-02;4.130639e-02;2.090573e-02;1.144943e-02;9.216288e-03;6.224597e-02;1.930641e-02;2.583377e-02;3.956528e-02;3.057271e-02;2.701713e-01
5.019029e-01;2.869856e-02;2.176787e-02;1.737496e-02;9.253916e-03;1.038521e-02;5.710050e-02;3.897981e-02;3.002998e-02;3.212070e-02;2.500193e-02;2.273837e-01
5.380350e-01;5.460731e-02;5.318223e-02;1.507293e-02;7.291419e-03;6.699560e-03;4.347404e-02;5.536379e-02;2.932393e-02;2.758092e-02;2.621610e-02;1.431527e-01
6.043274e-01;7.507534e-02;3.836348e-02;1.063656e-02;8.046128e-03;5.608360e-03;2.907220e-02;6.734641e-02;3.039002e-02;1.803217e-02;1.488240e-02;9.821947e-02
6.227999e-01;1.099580e-01;3.123306e-02;5.690768e-03;1.515036e-02;4.134984e-03;1.777914e-02;7.232980e-02;2.537066e-02;9.718511e-03;1.032268e-02;7.551216e-02
6.017154e-01;1.597219e-01;3.053501e-02;4.570019e-03;2.506533e-02;3.023693e-03;1.074876e-02;7.628019e-02;2.035819e-02;4.838328e-03;7.906273e-03;5.523684e-02
5.698916e-01;2.006190e-01;3.236537e-02;4.315260e-03;3.488828e-02;4.121904e-03;1.434825e-02;7.659814e-02;7.883899e-03;3.770679e-03;7.237333e-03;4.396028e-02
5.202370e-01;2.135120e-01;4.880203e-02;7.284852e-03;4.313999e-02;5.036122e-03;1.348203e-02;6.933551e-02;2.395650e-02;5.033442e-03;1.426115e-02;3.591935e-02
4.727041e-01;2.025950e-01;7.357825e-02;1.059843e-02;6.060086e-02;9.955782e-03;1.227136e-02;6.772913e-02;4.105516e-02;5.275596e-03;2.281363e-02;2.082267e-02
3.961365e-01;1.695034e-01;7.754630e-02;9.742361e-03;9.133127e-02;3.974242e-02;2.425857e-02;6.707628e-02;6.161319e-02;1.203887e-02;2.713720e-02;2.387366e-02
3.043109e-01;1.394330e-01;7.969444e-02;1.327835e-02;1.047428e-01;7.628072e-02;5.040667e-02;5.826991e-02;7.708383e-02;2.890882e-02;3.425388e-02;3.333667e-02
2.698438e-01;5.480812e-02;1.907834e-01;2.035283e-02;9.611354e-02;6.844684e-02;6.960752e-02;5.951776e-02;5.304752e-02;3.462150e-02;4.956153e-02;3.329566e-02
2.823965e-01;9.044552e-02;2.688398e-01;1.319648e-02;8.130305e-02;2.740791e-02;4.218879e-02;6.799094e-02;1.945892e-02;2.241961e-02;6.215910e-02;2.219334e-02
2.909022e-01;1.276153e-01;2.397202e-01;7.590218e-03;9.726268e-02;9.484654e-03;1.743376e-02;6.968969e-02;2.636342e-02;1.659853e-02;7.599392e-02;2.134545e-02
2.824577e-01;1.377138e-01;2.427096e-01;8.029661e-03;9.995172e-02;1.722262e-02;1.254915e-02;6.283340e-02;1.175592e-02;1.413401e-02;8.640273e-02;2.423973e-02
2.710263e-01;1.351680e-01;2.690502e-01;1.200059e-02;9.784056e-02;1.306324e-02;1.871609e-02;4.920511e-02;1.427614e-02;1.493959e-02;8.169888e-02;2.301524e-02
2.124854e-01;1.281017e-01;2.917709e-01;3.029796e-02;9.098459e-02;2.159223e-02;5.049142e-02;4.288368e-02;3.237274e-02;2.419294e-02;5.579539e-02;1.903111e-02
1.690117e-01;1.429962e-01;3.031633e-01;3.983551e-02;8.425443e-02;3.130656e-02;6.393109e-02;4.652119e-02;4.152993e-02;2.505296e-02;3.500845e-02;1.738865e-02
1.982972e-01;1.647436e-01;2.907909e-01;3.238259e-02;7.081844e-02;3.631708e-02;4.656885e-02;4.276642e-02;4.184343e-02;2.361123e-02;3.642446e-02;1.543578e-02
2.861379e-01;1.496327e-01;2.335547e-01;2.291883e-02;9.213502e-02;2.696198e-02;2.345623e-02;5.235681e-02;2.582805e-02;2.011462e-02;4.515941e-02;2.174382e-02
3.186040e-01;1.173910e-01;1.855227e-01;2.588372e-02;9.299056e-02;2.330941e-02;3.444727e-02;5.262798e-02;1.966358e-02;2.901968e-02;5.150210e-02;4.903799e-02
2.715028e-01;7.539409e-02;1.521268e-01;3.066029e-02;5.541331e-02;3.141012e-02;8.591413e-02;5.216251e-02;2.521815e-02;5.446013e-02;6.114396e-02;1.045937e-01
1.956237e-01;4.140728e-02;1.175642e-01;4.159834e-02;1.821771e-02;2.947167e-02;1.261933e-01;6.159396e-02;2.682079e-02;6.938542e-02;1.007858e-01;1.713379e-01
1.083112e-01;5.190241e-02;1.365554e-01;1.088044e-01;1.864056e-02;2.318797e-02;1.242428e-01;3.683386e-02;1.493675e-02;7.470292e-02;1.323944e-01;1.694875e-01
1.158798e-01;6.991214e-02;1.748996e-01;1.252820e-01;2.552636e-02;2.876327e-02;1.008762e-01;2.779644e-02;2.176129e-02;9.167426e-02;1.370640e-01;8.056474e-02
1.170923e-01;5.546323e-02;2.299602e-01;5.476659e-02;3.477118e-02;4.048627e-02;1.005796e-01;3.460333e-02;2.320870e-02;9.045005e-02;1.139378e-01;1.046808e-01
1.120777e-01;9.585537e-02;1.898054e-01;4.363642e-02;5.479397e-02;7.133146e-02;9.767471e-02;3.532393e-02;3.819230e-02;7.681349e-02;8.935883e-02;9.513635e-02
1.418860e-01;1.075958e-01;1.447408e-01;6.820124e-02;1.107973e-01;9.042948e-02;6.603086e-02;3.535865e-02;6.222201e-02;6.502293e-02;5.678488e-02;5.093008e-02
1.360663e-01;8.111656e-02;1.500912e-01;1.105291e-01;1.592904e-01;6.089664e-02;1.103921e-01;1.685131e-02;5.513708e-02;5.836954e-02;3.018076e-02;3.107916e-02
1.032132e-01;6.915408e-02;8.255427e-02;1.256608e-01;1.620040e-01;7.018109e-02;1.543418e-01;2.547036e-02;5.172300e-02;7.316712e-02;3.660305e-02;4.592729e-02
7.801960e-02;6.506060e-02;1.253057e-01;8.001049e-02;1.304612e-01;1.106106e-01;1.808825e-01;3.687520e-02;7.995936e-02;4.454057e-02;4.708696e-02;2.118731e-02
9.750768e-02;5.347756e-02;9.864557e-02;4.244247e-02;7.027704e-02;1.354836e-01;1.923850e-01;7.083672e-02;8.086251e-02;7.299685e-02;6.002168e-02;2.506344e-02
1.056933e-01;4.106269e-02;7.909136e-02;4.719115e-02;5.003938e-02;7.048183e-02;2.069099e-01;1.118648e-01;1.219504e-01;8.987272e-02;5.743516e-02;1.840727e-02
8.392385e-02;4.245674e-02;1.114397e-01;4.916994e-02;6.116660e-02;4.122219e-02;1.939453e-01;1.065264e-01;1.257722e-01;7.749507e-02;7.888763e-02;2.799443e-02
7.843538e-02;4.280885e-02;1.449935e-01;4.129811e-02;4.032575e-02;7.026845e-02;1.830632e-01;5.801098e-02;1.091690e-01;7.779032e-02;9.462143e-02;5.921499e-02
5.048788e-02;4.149364e-02;1.970005e-01;3.924822e-02;6.995433e-02;8.153258e-02;1.364550e-01;7.530816e-02;7.468018e-02;8.206216e-02;9.710103e-02;5.467638e-02
3.859272e-02;4.730850e-02;3.004863e-01;6.002872e-02;1.277824e-01;7.331650e-02;9.029322e-02;4.545269e-02;4.488833e-02;7.520227e-02;7.074510e-02;2.590322e-02
6.530717e-02;5.264845e-02;3.884781e-01;9.145454e-02;9.997010e-02;4.633971e-02;6.941685e-02;2.289156e-02;3.356261e-02;5.717668e-02;4.952769e-02;2.322654e-02
7.947856e-02;7.885171e-02;3.097046e-01;8.033229e-02;8.043594e-02;4.768128e-02;8.829347e-02;3.360446e-02;6.284748e-02;5.582924e-02;5.516690e-02;2.777405e-02
1.028248e-01;1.087319e-01;2.439004e-01;7.068042e-02;7.278434e-02;4.502388e-02;8.538942e-02;4.565705e-02;8.739652e-02;4.866586e-02;5.890382e-02;3.004156e-02
1.532949e-01;1.508243e-01;1.651824e-01;5.420734e-02;6.024605e-02;4.187120e-02;7.310725e-02;5.381912e-02;1.181755e-01;3.614401e-02;6.295131e-02;3.017660e-02
2.381947e-01;1.733508e-01;9.885821e-02;2.749917e-02;4.932236e-02;2.738027e-02;4.989401e-02;9.630466e-02;1.109688e-01;3.407610e-02;6.972525e-02;2.442567e-02
2.712868e-01;1.537185e-01;8.709978e-02;1.086119e-02;5.363258e-02;1.719769e-02;2.980287e-02;1.729340e-01;8.741461e-02;2.418181e-02;6.924079e-02;2.262928e-02
2.654884e-01;1.290967e-01;7.905874e-02;1.705550e-02;7.830894e-02;1.318312e-02;3.400704e-02;1.983891e-01;6.653316e-02;1.620340e-02;6.749177e-02;3.518418e-02
2.415142e-01;9.296225e-02;9.524554e-02;2.627454e-02;1.022455e-01;2.018346e-02;4.771545e-02;1.668946e-01;6.704618e-02;1.918930e-02;7.127007e-02;4.945892e-02
2.073133e-01;5.939802e-02;2.784500e-01;2.337959e-02;9.201843e-02;2.126606e-02;5.073419e-02;9.433018e-02;4.549644e-02;2.270919e-02;5.393479e-02;5.096979e-02
2.253464e-01;7.957780e-02;2.652855e-01;2.497043e-02;6.197110e-02;1.496984e-02;6.144097e-02;9.103195e-02;3.447664e-02;3.189664e-02;5.561109e-02;5.342167e-02
1.675894e-01;7.501126e-02;2.270457e-01;4.033560e-02;3.645146e-02;3.689891e-02;9.971918e-02;7.171870e-02;4.989903e-02;6.461444e-02;8.298218e-02;4.773411e-02
1.076247e-01;3.274146e-02;1.905905e-01;4.704961e-02;6.195145e-02;6.112218e-02;1.435636e-01;6.589515e-02;7.026581e-02;8.599152e-02;9.914479e-02;3.405931e-02
1.162675e-01;6.607657e-02;1.594943e-01;3.585560e-02;6.953363e-02;4.660960e-02;1.390764e-01;9.661762e-02;8.618777e-02;7.891045e-02;8.093277e-02;2.443790e-02
1.293811e-01;1.037654e-01;1.983312e-01;3.156902e-02;4.417666e-02;1.892343e-02;1.052320e-01;1.254542e-01;8.093117e-02;5.822141e-02;7.385857e-02;3.015580e-02
1.069706e-01;1.111916e-01;1.937135e-01;3.606412e-02;7.354674e-02;1.527088e-02;6.300888e-02;1.572769e-01;5.103181e-02;4.876363e-02;9.484431e-02;4.831696e-02
1.218232e-01;1.119964e-01;1.066988e-01;3.502219e-02;1.409262e-01;2.759156e-02;8.534367e-02;1.642994e-01;5.629743e-02;4.200688e-02;6.993712e-02;3.805717e-02
6.103183e-02;1.064146e-01;1.426495e-01;3.322153e-02;6.137671e-02;7.813627e-02;8.780586e-02;1.491752e-01;1.361950e-01;7.201434e-02;3.628752e-02;3.569176e-02
7.119616e-02;9.104685e-02;1.158325e-01;3.713265e-02;3.521683e-02;1.019634e-01;8.327348e-02;1.425259e-01;1.598470e-01;7.325940e-02;4.074343e-02;4.796237e-02
7.286893e-02;7.003796e-02;1.411188e-01;3.834689e-02;4.750019e-02;1.108385e-01;8.300014e-02;1.297112e-01;1.514131e-01;6.895243e-02;4.006331e-02;4.614859e-02
9.828429e-02;5.655991e-02;2.118745e-01;4.166522e-02;8.307434e-02;1.071284e-01;8.007722e-02;8.692905e-02;1.069527e-01;6.180514e-02;3.428624e-02;3.136295e-02
1.704883e-01;1.427780e-01;2.303990e-01;3.578665e-02;1.013380e-01;6.214914e-02;6.107768e-02;4.741217e-02;6.015115e-02;3.960868e-02;2.662433e-02;2.218698e-02
2.800704e-01;2.369570e-01;1.738641e-01;1.665922e-02;9.533735e-02;2.918664e-02;3.015134e-02;4.386286e-02;4.020842e-02;1.926279e-02;1.940806e-02;1.503185e-02
4.090701e-01;2.629837e-01;7.319693e-02;4.111318e-03;1.026695e-01;1.408098e-02;1.699397e-02;6.957413e-02;1.075282e-02;6.144876e-03;1.310484e-02;1.731689e-02
4.904452e-01;2.041049e-01;2.328934e-02;4.626146e-03;1.037010e-01;1.008967e-02;1.835269e-02;9.166895e-02;9.444540e-03;3.785846e-03;6.690028e-03;3.380162e-02
5.305651e-01;1.250419e-01;2.906605e-02;7.934613e-03;7.071053e-02;1.551664e-02;2.786804e-02;1.155219e-01;1.107327e-02;5.056296e-03;6.581883e-03;5.506388e-02
5.158010e-01;4.788061e-02;5.565357e-02;1.177643e-02;5.053638e-02;1.458189e-02;2.811360e-02;1.577263e-01;2.193837e-02;1.269816e-02;1.792707e-02;6.536658e-02
4.137072e-01;1.083895e-01;9.183872e-02;1.226153e-02;5.861657e-02;1.033024e-02;2.722176e-02;1.475728e-01;4.291956e-02;1.240882e-02;2.889316e-02;4.584012e-02
3.659409e-01;1.154177e-01;9.590318e-02;1.488901e-02;6.754363e-02;1.739198e-02;3.111567e-02;1.187394e-01;7.177250e-02;1.652156e-02;4.893371e-02;3.583080e-02
3.076108e-01;7.611175e-02;1.949897e-01;2.743371e-02;4.980278e-02;3.797255e-02;5.243582e-02;5.982698e-02;6.814184e-02;3.559284e-02;5.913767e-02;3.094354e-02
2.596012e-01;1.022327e-01;2.975126e-01;3.214537e-02;4.772058e-02;3.311774e-02;4.820149e-02;6.702477e-02;2.773652e-02;2.266418e-02;3.584133e-02;2.620154e-02
2.689654e-01;1.783640e-01;2.740465e-01;1.822327e-02;2.887147e-02;1.941566e-02;4.532076e-02;7.308429e-02;3.197180e-02;9.750568e-03;2.291548e-02;2.907081e-02
2.325739e-01;2.326832e-01;2.709345e-01;2.222532e-02;1.799492e-02;1.430382e-02;4.753730e-02;5.685173e-02;4.337413e-02;1.489470e-02;2.459159e-02;2.203485e-02
1.226260e-01;2.397507e-01;3.268846e-01;4.505644e-02;3.323324e-02;2.535643e-02;5.300384e-02;3.572728e-02;6.031089e-02;2.035099e-02;2.025756e-02;1.744208e-02
1.113464e-01;2.573274e-01;3.418953e-01;5.284747e-02;2.475476e-02;2.941641e-02;3.290974e-02;2.795892e-02;7.039346e-02;1.754499e-02;1.069173e-02;2.291339e-02
9.255108e-02;2.797680e-01;3.763656e-01;4.874944e-02;7.864899e-03;3.127534e-02;1.422386e-02;1.713107e-02;8.404846e-02;1.276681e-02;6.529657e-03;2.872569e-02
8.255003e-02;2.594539e-01;4.032619e-01;2.953146e-02;1.544621e-02;3.678096e-02;7.608530e-03;1.274712e-02;9.836592e-02;1.385382e-02;8.589273e-03;3.181081e-02
1.234432e-01;2.217211e-01;3.713631e-01;2.071115e-02;2.909345e-02;3.956867e-02;1.611354e-02;1.512756e-02;1.062364e-01;1.520099e-02;1.346531e-02;2.795548e-02
2.073971e-01;1.969711e-01;2.751900e-01;1.989565e-02;4.898586e-02;3.201133e-02;1.928467e-02;3.128145e-02;9.154296e-02;1.799245e-02;3.016431e-02;2.928315e-02
2.014346e-01;1.862906e-01;2.050751e-01;3.361990e-02;4.441144e-02;3.059387e-02;4.525246e-02;4.708076e-02;6.694376e-02;3.824616e-02;4.805901e-02;5.299234e-02
8.141211e-02;1.544086e-01;1.862901e-01;6.229694e-02;3.221883e-02;5.271808e-02;7.658429e-02;4.483436e-02;6.270868e-02;6.661307e-02;8.686536e-02;9.304950e-02
6.128109e-02;1.085893e-01;1.639960e-01;4.694597e-02;5.407523e-02;7.243091e-02;5.771507e-02;5.622308e-02;7.121445e-02;8.272547e-02;1.375576e-01;8.724587e-02
6.905879e-02;1.369034e-01;1.253966e-01;3.406991e-02;4.447955e-02;4.946575e-02;6.778383e-02;7.481413e-02;8.245917e-02;7.814525e-02;1.195967e-01;1.178269e-01
1.629479e-01;1.635369e-01;2.235903e-01;4.151142e-02;3.497062e-02;3.276758e-02;6.703921e-02;5.142107e-02;7.367404e-02;3.011914e-02;4.383237e-02;7.458944e-02
1.304648e-01;2.004833e-01;3.153685e-01;3.944361e-02;3.768229e-02;4.311145e-02;4.078465e-02;3.344241e-02;9.424154e-02;1.775630e-02;1.337992e-02;3.384127e-02
8.041900e-02;2.429828e-01;3.487084e-01;3.972207e-02;2.221506e-02;4.587599e-02;3.815275e-02;1.460123e-02;1.305374e-01;1.111832e-02;9.122260e-03;1.654481e-02
1.305713e-01;2.409569e-01;2.511372e-01;3.315730e-02;2.259476e-02;2.720201e-02;4.778476e-02;4.680612e-02;1.439674e-01;1.453731e-02;2.996943e-02;1.131556e-02
2.230987e-01;1.888297e-01;1.206598e-01;2.164039e-02;5.348291e-02;9.776738e-03;5.745742e-02;9.520830e-02;1.105748e-01;1.735882e-02;9.051397e-02;1.139851e-02
2.654783e-01;1.324562e-01;7.350519e-02;1.467649e-02;7.380854e-02;9.031027e-03;4.957638e-02;1.316772e-01;5.311670e-02;1.684692e-02;1.628362e-01;1.699080e-02
2.664589e-01;9.750817e-02;7.120506e-02;1.128348e-02;7.984187e-02;1.113482e-02;2.483534e-02;1.385228e-01;5.029216e-02;1.412477e-02;2.115076e-01;2.328502e-02
2.982288e-01;6.512716e-02;7.088082e-02;7.553166e-03;8.472464e-02;6.859827e-03;3.194281e-02;1.403758e-01;5.071468e-02;9.205842e-03;2.052745e-01;2.911191e-02
3.623165e-01;9.113957e-02;8.231465e-02;7.598692e-03;9.486795e-02;6.584504e-03;1.986101e-02;1.341521e-01;2.770065e-02;6.529343e-03;1.436557e-01;2.327934e-02
4.162669e-01;1.152944e-01;9.005354e-02;7.440559e-03;1.041580e-01;5.591459e-03;1.658305e-02;1.133679e-01;1.521578e-02;5.593774e-03;8.523947e-02;2.519514e-02
4.450749e-01;1.189843e-01;1.062270e-01;6.755474e-03;1.032261e-01;6.538475e-03;1.619557e-02;9.900207e-02;9.161832e-03;4.480309e-03;5.669000e-02;2.766394e-02
4.528135e-01;1.232665e-01;1.205077e-01;6.879959e-03;9.450861e-02;6.188013e-03;1.442508e-02;9.236180e-02;1.034798e-02;5.280835e-03;4.756799e-02;2.585204e-02
4.456120e-01;1.485151e-01;1.245604e-01;7.201347e-03;8.315226e-02;5.005909e-03;1.363344e-02;8.079782e-02;1.666863e-02;4.119509e-03;4.807014e-02;2.266347e-02
4.197927e-01;1.641340e-01;1.261434e-01;8.240533e-03;7.247753e-02;3.264072e-03;1.937580e-02;8.460230e-02;2.402991e-02;5.945735e-03;5.119457e-02;2.079944e-02
3.999854e-01;1.560497e-01;1.118566e-01;1.010455e-02;7.154974e-02;3.353385e-03;2.847497e-02;9.834939e-02;3.690062e-02;6.247067e-03;6.045115e-02;1.667744e-02
3.897982e-01;1.281049e-01;1.271586e-01;1.085314e-02;7.618915e-02;4.719506e-03;2.334643e-02;1.099103e-01;3.858441e-02;5.419787e-03;7.088666e-02;1.502891e-02
4.040569e-01;1.158336e-01;1.087062e-01;1.082696e-02;7.372148e-02;5.693440e-03;2.160214e-02;1.142612e-01;3.552100e-02;7.894862e-03;8.529703e-02;1.658522e-02
4.225911e-01;1.121130e-01;9.351106e-02;1.011749e-02;6.318171e-02;4.057725e-03;1.878234e-02;1.120117e-01;3.632381e-02;9.651212e-03;1.019658e-01;1.569310e-02
4.214340e-01;1.165118e-01;8.140882e-02;7.694169e-03;4.847836e-02;3.279668e-03;2.220591e-02;1.023133e-01;4.540398e-02;8.694157e-03;1.262022e-01;1.637364e-02
3.940196e-01;1.304769e-01;7.321758e-02;6.313792e-03;3.403036e-02;1.934836e-03;2.555414e-02;9.387890e-02;5.209064e-02;1.103929e-02;1.581975e-01;1.924646e-02
3.484502e-01;1.474510e-01;7.528882e-02;4.576611e-03;2.343307e-02;3.092315e-03;2.398919e-02;7.908282e-02;5.768973e-02;1.551931e-02;1.980151e-01;2.341192e-02
3.465629e-01;1.559859e-01;7.556285e-02;5.298181e-03;1.891334e-02;4.703408e-03;1.726573e-02;5.965357e-02;5.503602e-02;2.121278e-02;2.147100e-01;2.509535e-02
3.218042e-01;1.630512e-01;1.041012e-01;8.282242e-03;2.127210e-02;9.653144e-03;1.603416e-02;3.681502e-02;6.642635e-02;2.669650e-02;1.948935e-01;3.097040e-02
2.736496e-01;1.568290e-01;1.294000e-01;1.621041e-02;2.973726e-02;1.562395e-02;2.556206e-02;4.130476e-02;6.788190e-02;3.557140e-02;1.659626e-01;4.226714e-02
1.918936e-01;1.393893e-01;1.524170e-01;2.525236e-02;4.798911e-02;2.686795e-02;4.866467e-02;6.442495e-02;6.014505e-02;4.563378e-02;1.427597e-01;5.456260e-02
7.155046e-02;8.903552e-02;2.604943e-01;2.888330e-02;3.943210e-02;5.130747e-02;5.751737e-02;8.323861e-02;7.908627e-02;7.877967e-02;9.877600e-02;6.189888e-02
1.788959e-01;4.166055e-02;2.225096e-01;1.891003e-02;2.697845e-02;6.261162e-02;4.992158e-02;8.199572e-02;8.115070e-02;8.228747e-02;8.799198e-02;6.508646e-02
2.088758e-01;4.824698e-02;2.583415e-01;1.458973e-02;2.722239e-02;5.825736e-02;4.297088e-02;7.535084e-02;5.457799e-02;4.785280e-02;1.006617e-01;6.305206e-02
2.452689e-01;6.754223e-02;2.410296e-01;1.658885e-02;3.338198e-02;6.904507e-02;3.362067e-02;8.225732e-02;2.394023e-02;3.519626e-02;9.342013e-02;5.870878e-02
2.477738e-01;4.712735e-02;2.105320e-01;2.316659e-02;2.906702e-02;9.918298e-02;3.412716e-02;7.849626e-02;1.498525e-02;5.657529e-02;9.586035e-02;6.310598e-02
2.555852e-01;4.576360e-02;1.981309e-01;2.984216e-02;2.452299e-02;1.026894e-01;4.959457e-02;5.604193e-02;1.136287e-02;7.229909e-02;8.713745e-02;6.702985e-02
2.596642e-01;4.370485e-02;1.879068e-01;3.357223e-02;1.676655e-02;9.150276e-02;5.940916e-02;5.187845e-02;1.281034e-02;8.349215e-02;8.042485e-02;7.886773e-02
2.629875e-01;1.919885e-02;2.008065e-01;5.080631e-02;2.305888e-02;8.791880e-02;5.337870e-02;6.667989e-02;1.266623e-02;7.219265e-02;6.845805e-02;8.184765e-02
2.612415e-01;6.346738e-02;2.140758e-01;4.366626e-02;3.701489e-02;5.530322e-02;6.319630e-02;8.014795e-02;1.953373e-02;5.709041e-02;4.680525e-02;5.845730e-02
2.608249e-01;9.845053e-02;2.444876e-01;3.032828e-02;5.253198e-02;2.588829e-02;6.891873e-02;8.189425e-02;2.790815e-02;3.656559e-02;3.151089e-02;4.069081e-02
3.017354e-01;1.236558e-01;2.294541e-01;1.763059e-02;6.474307e-02;1.748643e-02;4.915865e-02;7.612517e-02;2.545841e-02;2.940011e-02;3.174732e-02;3.340494e-02
3.357251e-01;1.428621e-01;2.538727e-01;9.955475e-03;7.633279e-02;9.486601e-03;2.016258e-02;5.703335e-02;1.285247e-02;1.838231e-02;3.562282e-02;2.771169e-02
3.460098e-01;1.468944e-01;2.616324e-01;8.168064e-03;6.890195e-02;1.132996e-02;2.153410e-02;4.848174e-02;1.457707e-02;9.046026e-03;3.619201e-02;2.723251e-02
3.502056e-01;1.536737e-01;2.739303e-01;6.413280e-03;5.563728e-02;7.497997e-03;3.183471e-02;3.886943e-02;1.444116e-02;8.149450e-03;3.423598e-02;2.511107e-02
3.318828e-01;1.624411e-01;2.840910e-01;8.083209e-03;4.632337e-02;6.406914e-03;3.796664e-02;3.995379e-02;1.622511e-02;8.971732e-03;3.346123e-02;2.419301e-02
3.008025e-01;1.775046e-01;2.968609e-01;9.185367e-03;3.936348e-02;6.813378e-03;5.365293e-02;3.267536e-02;1.691085e-02;1.639118e-02;2.979511e-02;2.004438e-02
2.444952e-01;1.923693e-01;3.201937e-01;9.775809e-03;2.556397e-02;7.578092e-03;7.152767e-02;2.688514e-02;3.944218e-02;2.639838e-02;2.021139e-02;1.555909e-02
1.893574e-01;2.161022e-01;3.663972e-01;1.336470e-02;1.266155e-02;1.188310e-02;5.907053e-02;1.268720e-02;6.573405e-02;3.156282e-02;1.121399e-02;9.965283e-03
1.318810e-01;2.328037e-01;4.027625e-01;2.058570e-02;9.195670e-03;2.054412e-02;3.147438e-02;7.597766e-03;1.066187e-01;2.438800e-02;6.624112e-03;5.524449e-03
8.860438e-02;2.405313e-01;4.294815e-01;2.950659e-02;8.408641e-03;3.092443e-02;1.027888e-02;6.513651e-03;1.300008e-01;1.621307e-02;4.192983e-03;5.343802e-03
6.984621e-02;2.334269e-01;4.374533e-01;4.468618e-02;6.232996e-03;3.329344e-02;9.784051e-03;5.965950e-03;1.251507e-01;2.165742e-02;3.951272e-03;8.551572e-03
5.911423e-02;2.313099e-01;4.364401e-01;7.087476e-02;6.312941e-03;3.133225e-02;6.321495e-03;4.695719e-03;1.163178e-01;2.331852e-02;2.744669e-03;1.121773e-02
9.031954e-02;2.246721e-01;3.889683e-01;8.674644e-02;1.506575e-02;2.958982e-02;1.683473e-02;5.506311e-03;9.803057e-02;2.210448e-02;8.124921e-03;1.403696e-02
1.580170e-01;2.222843e-01;3.019685e-01;7.403068e-02;2.214344e-02;2.865025e-02;3.986232e-02;9.347723e-03;7.552829e-02;2.415049e-02;2.655314e-02;1.746393e-02
1.754919e-01;1.994235e-01;3.123413e-01;4.084180e-02;3.075297e-02;2.536407e-02;4.546890e-02;1.409972e-02;5.228689e-02;2.531021e-02;6.506662e-02;1.355213e-02
1.872007e-01;1.742356e-01;3.347348e-01;1.638274e-02;3.785074e-02;1.509664e-02;3.178893e-02;2.328384e-02;2.485727e-02;2.934009e-02;1.072575e-01;1.797108e-02
2.236589e-01;1.324402e-01;2.993041e-01;1.169495e-02;5.712171e-02;6.074132e-03;2.572933e-02;3.991986e-02;2.408140e-02;2.883496e-02;1.327599e-01;1.838063e-02
2.474909e-01;8.921207e-02;2.694904e-01;1.254739e-02;7.571768e-02;8.397135e-03;2.351545e-02;5.659444e-02;2.981101e-02;2.555451e-02;1.343704e-01;2.729857e-02
1.808961e-01;1.189054e-01;2.775575e-01;1.747865e-02;6.737171e-02;1.984253e-02;4.656798e-02;5.669305e-02;2.474194e-02;3.928021e-02;1.194831e-01;3.118190e-02
1.274059e-01;1.526223e-01;2.825353e-01;2.232596e-02;4.521597e-02;2.139572e-02;4.644806e-02;5.380660e-02;7.247527e-02;4.897412e-02;1.056567e-01;2.113810e-02
1.373096e-01;1.884937e-01;2.550831e-01;2.054974e-02;2.338573e-02;1.983172e-02;2.657695e-02;4.227660e-02;1.313148e-01;4.647288e-02;7.792821e-02;3.077684e-02
1.353154e-01;2.298458e-01;2.376902e-01;2.100236e-02;1.310793e-02;3.007271e-02;1.295323e-02;2.131830e-02;1.798828e-01;3.695561e-02;4.181701e-02;4.003864e-02
1.406949e-01;2.564756e-01;2.588633e-01;1.800950e-02;1.092956e-02;3.618926e-02;4.819061e-03;1.451672e-02;1.937888e-01;2.167175e-02;2.033509e-02;2.370658e-02
1.950690e-01;2.395955e-01;2.318549e-01;1.530856e-02;1.661517e-02;3.130575e-02;8.455831e-03;2.108508e-02;1.482290e-01;2.568405e-02;4.270243e-02;2.409467e-02
2.414160e-01;1.962770e-01;2.100578e-01;1.691818e-02;4.116883e-02;1.843244e-02;2.131543e-02;3.242480e-02;7.265471e-02;3.490672e-02;8.479615e-02;2.963197e-02
2.269212e-01;1.470376e-01;1.978077e-01;2.575442e-02;6.308352e-02;1.264672e-02;2.801170e-02;3.615193e-02;5.296023e-02;6.451897e-02;1.024432e-01;4.266289e-02
1.563350e-01;1.055340e-01;1.620558e-01;3.837119e-02;5.897188e-02;3.103245e-02;5.357094e-02;4.668015e-02;8.230770e-02;1.026220e-01;9.877799e-02;6.374100e-02
1.405550e-01;8.367199e-02;1.131473e-01;3.937207e-02;5.138125e-02;4.230407e-02;7.646699e-02;5.754592e-02;1.356170e-01;1.022799e-01;7.193251e-02;8.572605e-02
1.393791e-01;9.698426e-02;9.990942e-02;3.810124e-02;5.045477e-02;3.133322e-02;7.593804e-02;7.841944e-02;1.588967e-01;8.568922e-02;5.662468e-02;8.826993e-02
1.088005e-01;1.344636e-01;1.344602e-01;4.618250e-02;6.052319e-02;3.521746e-02;7.027194e-02;6.763768e-02;1.330752e-01;8.283937e-02;5.731486e-02;6.921340e-02
1.112236e-01;1.616738e-01;1.548836e-01;5.195231e-02;3.024222e-02;5.975967e-02;7.578068e-02;6.731192e-02;1.247732e-01;6.136167e-02;4.541573e-02;5.562160e-02
1.500910e-01;1.719981e-01;1.570450e-01;5.427397e-02;4.013343e-02;5.240159e-02;5.864036e-02;5.386424e-02;8.966573e-02;7.548094e-02;3.291123e-02;6.349447e-02
1.227426e-01;1.606531e-01;1.593053e-01;4.597121e-02;4.629530e-02;4.305496e-02;5.873667e-02;4.743504e-02;8.155233e-02;1.108209e-01;2.460339e-02;9.882919e-02
8.579848e-02;1.279793e-01;1.394397e-01;5.386573e-02;4.006374e-02;4.053308e-02;5.257038e-02;5.872883e-02;9.096073e-02;1.422457e-01;8.432348e-02;8.349074e-02
6.574582e-02;1.304248e-01;1.157033e-01;5.413584e-02;5.474713e-02;4.833400e-02;5.504378e-02;9.348742e-02;7.091797e-02;1.210508e-01;1.048592e-01;8.554991e-02
8.506995e-02;9.907043e-02;8.642583e-02;7.545201e-02;3.934601e-02;6.085636e-02;6.921704e-02;7.110100e-02;7.232057e-02;9.339035e-02;6.861847e-02;1.791320e-01
8.487172e-02;6.153774e-02;8.331481e-02;6.861833e-02;4.316176e-02;5.393582e-02;6.426243e-02;6.777693e-02;8.392996e-02;9.646687e-02;5.959443e-02;2.325292e-01
1.155590e-01;8.191649e-02;6.092134e-02;5.812549e-02;5.337780e-02;3.930577e-02;6.538575e-02;5.268585e-02;1.002506e-01;9.748452e-02;4.762941e-02;2.273580e-01
1.652607e-01;9.051067e-02;6.764578e-02;6.177930e-02;6.040515e-02;4.794556e-02;8.648177e-02;4.629306e-02;8.205631e-02;8.565837e-02;3.184336e-02;1.741200e-01
2.046061e-01;5.878180e-02;9.682190e-02;6.198607e-02;8.253554e-02;9.191167e-02;1.018796e-01;5.245984e-02;7.649361e-02;5.984221e-02;3.543500e-02;7.724660e-02
2.078799e-01;9.495919e-02;1.069932e-01;4.728449e-02;1.132124e-01;9.518238e-02;6.485671e-02;5.151708e-02;7.841038e-02;3.728326e-02;5.104020e-02;5.138089e-02
1.950736e-01;1.311755e-01;9.750663e-02;6.761967e-02;1.123634e-01;6.541143e-02;7.671160e-02;5.239318e-02;7.037979e-02;3.627083e-02;4.437120e-02;5.072323e-02
1.458214e-01;1.207396e-01;1.821895e-01;7.503604e-02;6.420752e-02;4.143298e-02;9.729061e-02;6.517282e-02;9.435623e-02;3.963006e-02;2.890866e-02;4.521459e-02
1.413132e-01;1.081643e-01;1.854200e-01;7.073310e-02;8.289678e-02;4.489740e-02;7.569126e-02;5.760964e-02;1.029856e-01;5.287737e-02;3.725959e-02;4.015172e-02
1.288966e-01;7.543796e-02;1.394306e-01;7.212603e-02;1.067733e-01;6.990693e-02;1.375877e-01;3.562479e-02;9.953739e-02;5.532137e-02;4.992091e-02;2.943637e-02
1.143697e-01;7.398581e-02;1.604761e-01;6.532449e-02;1.152199e-01;8.774471e-02;1.884557e-01;4.725124e-02;4.338605e-02;5.255993e-02;3.572335e-02;1.550315e-02
8.490946e-02;7.237186e-02;1.553029e-01;5.174022e-02;1.170630e-01;1.026447e-01;2.072756e-01;5.066098e-02;6.975274e-02;4.543821e-02;2.220233e-02;2.063804e-02
7.573698e-02;7.246169e-02;1.435337e-01;3.619307e-02;1.134722e-01;1.160342e-01;2.401175e-01;3.440177e-02;7.481866e-02;4.400882e-02;2.199764e-02;2.722373e-02
4.997983e-02;7.457503e-02;1.417058e-01;5.867654e-02;1.628925e-01;1.196539e-01;2.060497e-01;2.311441e-02;6.467074e-02;4.532766e-02;3.459077e-02;1.876319e-02
2.219302e-02;6.050187e-02;2.273509e-01;5.710516e-02;2.038887e-01;9.800158e-02;1.427167e-01;4.048608e-02;2.918997e-02;4.087922e-02;4.714775e-02;3.053896e-02
2.096501e-02;4.023447e-02;3.685537e-01;6.142396e-02;1.354073e-01;6.881186e-02;1.563396e-01;3.345827e-02;3.398021e-02;3.877781e-02;2.412370e-02;1.792413e-02
2.137438e-02;4.194193e-02;4.149773e-01;5.914716e-02;9.348806e-02;4.914349e-02;1.760970e-01;2.519158e-02;2.999011e-02;5.113916e-02;2.309885e-02;1.441101e-02
2.241429e-02;5.430781e-02;5.114828e-01;5.371466e-02;6.044972e-02;3.288968e-02;1.343142e-01;1.892593e-02;2.837215e-02;5.396717e-02;1.865074e-02;1.051088e-02
1.384572e-02;6.477425e-02;6.655323e-01;4.088714e-02;2.100476e-02;1.317126e-02;7.730030e-02;1.879165e-02;2.469715e-02;4.416545e-02;1.079854e-02;5.031493e-03
5.049925e-03;6.153119e-02;7.667308e-01;3.063391e-02;1.643934e-02;8.351203e-03;3.477376e-02;1.621024e-02;1.921898e-02;3.388876e-02;3.133995e-03;4.037933e-03
4.055498e-03;5.645091e-02;7.756436e-01;3.120207e-02;1.584940e-02;1.181351e-02;2.228870e-02;2.093258e-02;1.845350e-02;3.521947e-02;3.197014e-03;4.893764e-03
5.755526e-03;5.473477e-02;7.592539e-01;2.822232e-02;7.145370e-03;1.031735e-02;2.691542e-02;3.693147e-02;2.163621e-02;3.202402e-02;7.734955e-03;9.328745e-03
7.064508e-03;5.263541e-02;7.696596e-01;3.002825e-02;1.302938e-02;1.192673e-02;1.576718e-02;3.772114e-02;2.067896e-02;2.590919e-02;4.980776e-03;1.059892e-02
3.270282e-03;5.460900e-02;7.828834e-01;3.364801e-02;1.775546e-02;9.551450e-03;1.276068e-02;2.515854e-02;2.040645e-02;2.414913e-02;3.808605e-03;1.199898e-02
1.876104e-02;6.951408e-02;7.265521e-01;3.837921e-02;2.149821e-02;1.559419e-02;8.521624e-03;3.716871e-02;2.520445e-02;1.746685e-02;8.838390e-03;1.250122e-02
4.944377e-02;8.279128e-02;6.321281e-01;3.600856e-02;1.973289e-02;1.840321e-02;3.229343e-02;4.085012e-02;2.597073e-02;2.202609e-02;2.095975e-02;1.939209e-02
8.584228e-02;6.598284e-02;4.762697e-01;3.757227e-02;3.328013e-02;2.617358e-02;7.503256e-02;4.103380e-02;2.068506e-02;4.431755e-02;5.947858e-02;3.433167e-02
5.812370e-02;8.904848e-02;3.029473e-01;3.944305e-02;4.287704e-02;3.773205e-02;1.092334e-01;5.149826e-02;3.617071e-02;7.273822e-02;1.052845e-01;5.490322e-02
5.070622e-02;1.212428e-01;3.233256e-01;3.563358e-02;3.101393e-02;3.241241e-02;9.825826e-02;3.466937e-02;5.358880e-02;8.808879e-02;8.963545e-02;4.142479e-02
3.453973e-02;1.304290e-01;3.938445e-01;4.221080e-02;3.344762e-02;3.550641e-02;9.175302e-02;2.320400e-02;4.148529e-02;6.697172e-02;7.577578e-02;3.083209e-02
7.932381e-02;1.095164e-01;4.212685e-01;4.184316e-02;2.787943e-02;2.260551e-02;8.611828e-02;3.640496e-02;2.652732e-02;7.199674e-02;4.419649e-02;3.231936e-02
5.631547e-02;5.406471e-02;5.004354e-01;3.964073e-02;3.752549e-02;2.705941e-02;9.229423e-02;3.664791e-02;4.239093e-02;6.589055e-02;2.731414e-02;2.042112e-02
5.637845e-02;4.198721e-02;2.091663e-01;4.419050e-02;5.870238e-02;4.895531e-02;7.050304e-02;1.013922e-01;1.350731e-01;1.155997e-01;6.404792e-02;5.400383e-02
