3.506246e-02;1.532246e-01;1.248736e-01;4.171604e-02;4.557496e-02;1.063183e-01;6.846156e-02;1.975973e-01;1.022946e-01;5.893673e-02;3.917180e-02;2.676797e-02
4.425813e-02;1.308825e-01;1.122302e-01;4.712668e-02;4.335798e-02;1.240677e-01;6.452763e-02;1.838002e-01;1.086133e-01;8.021881e-02;3.425218e-02;2.666456e-02
4.476139e-02;1.085666e-01;1.175707e-01;4.598022e-02;3.062336e-02;1.431878e-01;7.398949e-02;1.525859e-01;1.008226e-01;1.108519e-01;4.941620e-02;2.164396e-02
4.395144e-02;9.444571e-02;9.200890e-02;7.139130e-02;5.483475e-02;1.225310e-01;9.987177e-02;1.400698e-01;1.195850e-01;9.176597e-02;4.380831e-02;2.573609e-02
4.841887e-02;1.229737e-01;1.167596e-01;7.156135e-02;4.720359e-02;1.279500e-01;1.211101e-01;1.096310e-01;1.060997e-01;8.143016e-02;2.833006e-02;1.853180e-02
5.209777e-02;9.600552e-02;8.482312e-02;7.153237e-02;4.731508e-02;1.015501e-01;9.268862e-02;1.631380e-01;6.608313e-02;9.723409e-02;7.749923e-02;5.003300e-02
4.678002e-02;8.147196e-02;8.193734e-02;5.971889e-02;5.408988e-02;1.283004e-01;9.490763e-02;1.553324e-01;7.813535e-02;7.349560e-02;8.282594e-02;6.300461e-02
5.111866e-02;9.502644e-02;7.914510e-02;5.965856e-02;5.544146e-02;1.334874e-01;8.369744e-02;1.574048e-01;7.345963e-02;5.277473e-02;8.840557e-02;7.038025e-02
3.889383e-02;1.144242e-01;9.115593e-02;5.475398e-02;4.089920e-02;1.056937e-01;1.274664e-01;1.698401e-01;6.831164e-02;3.446911e-02;9.781483e-02;5.627714e-02
1.211892e-02;1.006289e-01;9.893291e-02;4.083935e-02;5.187665e-02;9.179819e-02;2.043956e-01;1.670507e-01;7.734970e-02;2.118650e-02;9.839918e-02;3.542347e-02
1.218515e-02;9.362228e-02;6.872272e-02;3.324816e-02;5.535639e-02;7.036037e-02;2.801582e-01;1.631836e-01;8.097147e-02;1.238055e-02;9.935502e-02;3.045605e-02
1.560700e-02;9.047249e-02;2.926357e-02;2.217978e-02;4.748142e-02;8.040076e-02;3.571445e-01;1.316957e-01;8.172705e-02;1.929003e-02;1.043158e-01;2.042198e-02
1.438349e-02;8.320975e-02;2.250850e-02;1.342465e-02;3.542550e-02;6.810758e-02;4.144995e-01;8.783965e-02;9.995494e-02;2.250407e-02;1.266678e-01;1.147457e-02
1.157583e-02;7.655048e-02;1.679483e-02;1.668194e-02;2.786891e-02;6.705390e-02;4.309973e-01;6.068099e-02;1.025392e-01;4.009262e-02;1.417661e-01;7.397914e-03
1.520470e-02;8.225461e-02;1.191301e-02;1.834469e-02;4.588927e-02;8.462378e-02;4.247389e-01;3.681884e-02;8.705606e-02;5.318232e-02;1.279509e-01;1.202298e-02
1.216154e-02;9.731719e-02;1.404132e-02;2.659633e-02;5.301026e-02;1.294297e-01;4.158161e-01;3.752335e-02;5.716384e-02;4.044068e-02;1.058910e-01;1.060861e-02
1.466538e-02;1.080523e-01;2.865677e-02;3.822979e-02;4.632841e-02;1.907308e-01;3.577856e-01;5.812505e-02;4.011136e-02;2.320459e-02;8.653749e-02;7.572400e-03
1.501114e-02;1.292585e-01;4.136426e-02;2.887653e-02;5.744059e-02;1.950930e-01;3.003397e-01;7.136822e-02;4.128652e-02;2.939252e-02;8.145010e-02;9.119010e-03
1.998060e-02;1.716587e-01;3.572367e-02;2.915786e-02;6.017151e-02;1.599912e-01;2.196594e-01;1.073955e-01;6.515305e-02;3.230331e-02;8.190542e-02;1.689983e-02
2.532671e-02;2.163421e-01;4.886654e-02;5.572523e-02;4.603251e-02;1.320043e-01;1.425348e-01;1.486424e-01;8.963963e-02;1.554669e-02;6.756141e-02;1.177771e-02
1.471114e-02;2.396575e-01;3.596253e-02;4.204875e-02;7.100844e-02;1.401245e-01;1.468814e-01;1.522028e-01;7.125022e-02;2.025515e-02;5.942535e-02;6.472268e-03
1.597657e-02;2.496526e-01;4.267869e-02;4.769559e-02;6.936384e-02;1.295832e-01;1.541594e-01;1.547378e-01;6.047498e-02;4.826452e-03;6.768376e-02;3.167104e-03
1.909499e-02;2.486409e-01;2.791124e-02;5.043305e-02;5.976335e-02;1.233216e-01;1.797198e-01;1.638096e-01;5.642084e-02;1.002048e-02;5.833402e-02;2.530143e-03
1.971054e-02;2.218667e-01;4.250770e-02;2.618377e-02;7.633270e-02;1.095650e-01;2.369855e-01;1.577650e-01;5.113247e-02;1.520829e-02;3.749429e-02;5.248013e-03
1.881720e-02;2.094373e-01;3.206617e-02;2.041022e-02;6.677814e-02;1.100339e-01;3.181562e-01;1.309344e-01;4.655261e-02;1.514744e-02;2.791536e-02;3.751041e-03
1.323334e-02;1.724224e-01;4.507317e-02;1.801601e-02;7.763600e-02;1.591751e-01;3.095239e-01;1.205633e-01;4.154650e-02;1.294960e-02;2.782506e-02;2.035567e-03
1.098293e-02;1.458094e-01;5.612849e-02;1.191427e-02;8.623259e-02;1.816830e-01;2.842038e-01;1.365005e-01;4.430807e-02;1.336223e-02;2.648533e-02;2.389428e-03
1.192592e-02;1.233205e-01;5.648681e-02;1.644586e-02;7.924983e-02;2.050307e-01;2.655599e-01;1.491393e-01;5.579638e-02;1.174471e-02;2.257769e-02;2.722422e-03
1.390452e-02;9.482325e-02;4.783954e-02;3.277882e-02;6.155420e-02;2.863433e-01;2.083833e-01;1.512678e-01;6.658049e-02;1.556322e-02;1.582804e-02;5.133540e-03
1.325651e-02;7.575525e-02;4.418926e-02;4.477457e-02;3.860739e-02;3.362114e-01;1.747630e-01;1.170812e-01;9.968776e-02;2.061410e-02;2.823129e-02;6.828179e-03
1.066126e-02;1.055738e-01;4.637193e-02;2.483002e-02;3.247226e-02;2.027550e-01;2.446723e-01;1.462219e-01;1.201099e-01;2.038748e-02;4.094543e-02;4.998718e-03
8.176818e-03;1.302697e-01;5.211264e-02;1.607760e-02;3.030219e-02;1.478895e-01;2.605817e-01;1.578674e-01;1.326838e-01;2.199320e-02;3.813398e-02;3.911471e-03
8.058710e-03;1.534325e-01;7.169428e-02;1.108411e-02;2.847122e-02;1.355351e-01;2.566496e-01;1.420912e-01;1.274464e-01;1.563998e-02;4.622455e-02;3.672274e-03
8.071616e-03;1.793114e-01;9.219867e-02;3.945650e-03;3.124545e-02;1.372817e-01;2.396918e-01;1.085483e-01;1.226967e-01;1.986480e-02;5.514297e-02;2.000913e-03
1.326233e-02;2.101104e-01;9.934592e-02;7.251828e-03;3.176562e-02;1.251678e-01;2.215397e-01;8.986062e-02;1.226544e-01;1.728595e-02;5.878204e-02;2.973276e-03
1.996586e-02;2.367840e-01;9.042902e-02;9.021505e-03;3.217526e-02;1.099675e-01;2.190617e-01;8.396688e-02;1.276315e-01;1.258743e-02;5.474109e-02;3.668267e-03
2.757269e-02;2.336355e-01;7.793826e-02;2.171933e-02;3.003596e-02;1.288209e-01;2.108361e-01;9.055550e-02;1.163403e-01;1.168636e-02;4.323593e-02;7.623122e-03
3.289906e-02;1.777460e-01;6.461255e-02;6.231903e-02;3.155527e-02;1.807652e-01;1.894724e-01;1.123153e-01;8.767074e-02;1.502350e-02;3.075626e-02;1.486469e-02
2.460122e-02;8.748357e-02;5.421781e-02;8.275687e-02;4.226918e-02;1.945820e-01;2.609453e-01;1.404801e-01;7.481088e-02;1.745208e-02;8.152244e-03;1.224857e-02
1.014448e-02;5.618355e-02;3.816108e-02;4.275608e-02;5.709296e-02;1.501547e-01;3.239917e-01;1.968832e-01;7.696448e-02;1.448063e-02;2.765245e-02;5.534790e-03
5.857809e-03;5.793653e-02;2.755095e-02;1.245812e-02;6.316789e-02;1.509412e-01;3.219422e-01;2.219902e-01;8.215993e-02;1.029006e-02;4.312228e-02;2.582828e-03
7.456061e-03;6.508981e-02;2.399356e-02;1.800187e-02;3.947510e-02;1.567849e-01;3.059028e-01;2.286533e-01;9.300662e-02;7.228357e-03;5.131255e-02;3.094984e-03
7.084045e-03;7.109778e-02;2.771705e-02;1.691007e-02;3.090569e-02;1.591196e-01;3.016765e-01;2.172735e-01;9.922530e-02;9.474449e-03;5.583141e-02;3.684620e-03
6.242453e-03;8.342605e-02;4.406217e-02;3.175699e-02;3.232173e-02;1.449145e-01;2.536703e-01;2.056743e-01;1.088735e-01;1.497671e-02;6.746305e-02;6.618138e-03
1.103503e-02;1.349865e-01;9.876438e-02;3.408147e-02;4.509391e-02;8.912230e-02;2.048276e-01;1.622556e-01;1.284620e-01;1.218832e-02;7.368938e-02;5.493503e-03
1.904586e-02;1.748026e-01;1.032358e-01;3.182513e-02;3.805895e-02;8.558767e-02;1.850756e-01;1.164761e-01;1.349233e-01;1.705450e-02;8.806089e-02;5.853645e-03
3.018463e-02;1.871960e-01;8.705803e-02;2.971879e-02;5.974114e-02;8.302021e-02;1.528270e-01;9.766383e-02;1.085023e-01;3.431311e-02;1.131598e-01;1.661525e-02
3.676753e-02;1.671427e-01;1.435829e-01;2.685092e-02;7.115112e-02;6.693544e-02;9.334795e-02;1.320481e-01;6.067348e-02;3.525187e-02;1.123748e-01;5.387312e-02
3.636028e-02;1.299278e-01;2.090186e-01;4.139485e-02;4.601801e-02;6.454745e-02;3.884082e-02;1.571408e-01;5.000395e-02;4.331233e-02;7.070382e-02;1.127313e-01
8.740398e-02;1.023897e-01;2.013630e-01;7.425574e-02;4.245304e-02;6.515952e-02;3.398721e-02;1.284611e-01;7.017238e-02;3.707164e-02;5.044277e-02;1.068399e-01
1.437931e-01;8.717354e-02;1.487518e-01;1.123789e-01;6.496227e-02;6.250414e-02;4.395192e-02;7.977009e-02;1.062979e-01;3.822264e-02;5.195586e-02;6.023796e-02
9.989935e-02;1.456719e-01;7.522122e-02;9.334775e-02;1.018239e-01;9.121271e-02;5.006337e-02;8.066683e-02;1.193154e-01;4.860805e-02;3.738713e-02;5.678225e-02
5.079406e-02;1.837955e-01;9.771369e-02;5.702202e-02;9.237225e-02;1.004486e-01;6.980348e-02;7.111809e-02;1.203829e-01;5.160351e-02;3.659075e-02;6.835520e-02
6.870294e-02;1.798649e-01;1.349794e-01;4.737686e-02;4.871131e-02;8.818325e-02;7.059658e-02;8.390732e-02;1.196339e-01;5.155518e-02;3.995875e-02;6.652950e-02
5.787169e-02;1.655345e-01;1.463129e-01;6.782581e-02;3.651669e-02;8.328077e-02;5.058889e-02;1.109349e-01;1.264529e-01;5.520672e-02;3.595840e-02;6.351594e-02
5.268984e-02;1.331570e-01;1.285931e-01;6.900207e-02;5.949692e-02;6.467721e-02;1.205061e-01;1.302444e-01;1.188478e-01;3.343190e-02;4.267041e-02;4.668325e-02
3.257485e-02;1.234050e-01;1.400768e-01;5.764286e-02;7.137332e-02;5.065871e-02;1.919977e-01;1.369445e-01;7.300628e-02;2.318651e-02;6.436341e-02;3.477000e-02
2.329824e-02;1.006630e-01;1.434909e-01;3.219425e-02;7.016481e-02;8.406960e-02;2.130784e-01;1.439700e-01;7.287137e-02;4.578487e-02;4.704167e-02;2.337281e-02
1.466652e-02;6.803760e-02;1.090351e-01;4.378051e-02;5.819029e-02;8.468590e-02;1.850429e-01;2.064550e-01;9.361195e-02;8.361045e-02;3.610800e-02;1.677580e-02
1.001893e-02;4.720069e-02;5.428673e-02;3.314332e-02;5.214161e-02;8.263629e-02;2.051519e-01;2.355348e-01;1.436098e-01;1.008052e-01;2.647739e-02;8.993399e-03
1.149871e-02;4.569790e-02;7.468832e-02;4.152767e-02;5.957193e-02;7.827992e-02;2.588124e-01;2.253779e-01;1.270586e-01;5.239198e-02;1.751726e-02;7.577354e-03
8.942452e-03;3.375778e-02;7.350806e-02;4.780159e-02;6.301802e-02;1.667212e-01;2.934513e-01;1.437275e-01;8.552483e-02;5.961585e-02;1.447884e-02;9.452534e-03
8.283596e-03;3.746190e-02;6.954524e-02;4.571588e-02;6.346986e-02;2.805362e-01;2.445230e-01;7.308870e-02;8.128139e-02;7.021207e-02;1.567640e-02;1.020576e-02
1.127593e-02;5.613044e-02;8.199772e-02;6.044344e-02;1.006458e-01;2.758025e-01;1.403629e-01;1.130771e-01;7.916978e-02;5.996640e-02;1.412251e-02;7.005518e-03
1.037206e-02;7.546085e-02;1.102003e-01;8.169542e-02;1.307295e-01;1.893536e-01;1.338682e-01;1.302907e-01;7.325251e-02;4.757542e-02;1.162497e-02;5.576482e-03
1.109638e-02;8.277404e-02;1.440002e-01;1.067791e-01;1.271325e-01;1.100912e-01;1.720108e-01;1.186993e-01;7.072964e-02;3.819967e-02;5.112342e-03;1.337463e-02
1.228181e-02;5.849427e-02;1.001999e-01;1.168841e-01;1.299815e-01;1.850023e-01;1.828585e-01;1.062589e-01;4.208544e-02;2.892316e-02;1.758870e-02;1.944137e-02
1.508687e-02;8.432607e-02;1.026752e-01;6.542774e-02;1.101820e-01;2.140755e-01;1.345275e-01;1.174567e-01;8.466340e-02;4.340884e-02;1.608066e-02;1.208952e-02
2.133981e-02;1.018607e-01;1.244703e-01;3.076665e-02;3.394516e-02;2.022749e-01;1.388795e-01;1.434782e-01;1.084282e-01;7.073280e-02;1.225112e-02;1.157257e-02
2.381626e-02;9.763785e-02;1.323996e-01;3.099333e-02;3.408983e-02;2.104947e-01;1.401650e-01;1.670409e-01;8.879473e-02;5.630679e-02;6.411401e-03;1.184971e-02
1.886727e-02;7.623541e-02;1.554672e-01;3.207787e-02;6.146396e-02;1.966120e-01;1.454407e-01;1.756014e-01;8.462444e-02;3.812134e-02;4.868799e-03;1.061961e-02
1.287728e-02;7.823992e-02;1.730035e-01;2.901347e-02;8.230418e-02;2.033472e-01;1.579109e-01;1.390144e-01;7.322253e-02;3.215772e-02;9.055882e-03;9.852952e-03
1.501277e-02;1.218406e-01;2.298735e-01;3.615551e-02;4.910883e-02;2.048412e-01;1.145501e-01;1.324733e-01;5.428753e-02;2.056176e-02;1.137454e-02;9.920434e-03
1.742968e-02;1.458037e-01;2.940816e-01;3.109357e-02;2.338878e-02;1.975422e-01;5.526539e-02;1.225772e-01;6.797806e-02;3.175208e-02;5.602017e-03;7.485764e-03
2.097839e-02;1.829985e-01;3.263078e-01;2.664229e-02;1.887747e-02;1.742023e-01;4.557956e-02;9.487020e-02;5.720188e-02;4.138194e-02;5.106037e-03;5.853670e-03
2.322571e-02;2.279193e-01;3.852135e-01;1.993966e-02;2.277146e-02;1.119656e-01;4.606671e-02;6.318364e-02;4.458251e-02;4.251353e-02;6.652082e-03;5.966315e-03
2.254126e-02;2.629401e-01;3.879946e-01;2.342496e-02;2.120402e-02;6.764701e-02;3.190831e-02;6.242507e-02;5.650276e-02;4.288417e-02;1.335019e-02;7.177521e-03
1.755283e-02;2.525053e-01;3.901760e-01;2.287421e-02;2.133750e-02;4.767969e-02;4.890225e-02;4.764604e-02;6.139116e-02;7.718613e-02;7.660921e-03;5.087942e-03
1.301760e-02;1.853202e-01;4.234025e-01;2.827119e-02;4.216002e-02;2.252903e-02;5.248852e-02;3.187881e-02;4.135743e-02;1.464997e-01;7.673728e-03;5.401223e-03
1.023845e-02;1.261651e-01;3.989089e-01;3.356298e-02;7.055732e-02;3.070957e-02;4.079746e-02;2.208142e-02;3.389594e-02;2.193802e-01;4.696829e-03;9.005911e-03
4.705970e-03;1.190609e-01;3.546924e-01;4.492337e-02;7.704494e-02;2.277347e-02;3.690516e-02;1.753342e-02;3.688127e-02;2.495052e-01;1.147276e-02;2.450100e-02
7.804945e-03;1.415469e-01;2.947706e-01;4.797188e-02;5.835157e-02;3.928545e-02;2.515508e-02;2.324738e-02;6.937604e-02;2.252079e-01;5.938426e-03;6.134384e-02
1.095947e-02;2.017072e-01;2.064271e-01;4.251790e-02;4.065061e-02;6.366418e-02;1.940784e-02;2.240261e-02;1.311365e-01;1.536094e-01;7.889953e-03;9.962733e-02
1.943065e-02;2.576734e-01;1.230100e-01;4.140621e-02;3.291562e-02;7.496725e-02;9.849275e-03;2.974689e-02;1.958498e-01;7.767384e-02;3.274567e-02;1.047314e-01
5.798292e-02;2.177857e-01;9.256468e-02;3.153039e-02;5.018045e-02;5.339559e-02;2.160534e-02;1.107254e-01;1.698468e-01;3.185569e-02;1.001362e-01;6.239089e-02
1.134384e-01;1.278504e-01;7.152464e-02;1.911063e-02;7.701840e-02;2.607946e-02;6.010182e-02;2.207101e-01;8.183159e-02;2.612759e-02;1.378070e-01;3.840000e-02
1.107084e-01;8.578177e-02;4.832490e-02;3.030041e-02;6.413802e-02;3.882566e-02;1.466616e-01;2.433370e-01;4.272486e-02;5.502655e-02;7.883646e-02;5.533439e-02
5.867926e-02;6.382478e-02;4.046931e-02;5.492562e-02;4.243805e-02;8.456525e-02;2.266959e-01;1.663570e-01;4.154754e-02;7.540268e-02;4.348189e-02;1.016127e-01
4.137759e-02;4.907437e-02;6.835535e-02;4.920714e-02;4.986253e-02;1.178176e-01;2.134665e-01;1.166641e-01;5.918314e-02;7.149734e-02;6.243065e-02;1.010637e-01
4.532625e-02;7.045645e-02;1.068259e-01;2.599597e-02;6.930351e-02;1.444669e-01;1.258206e-01;1.365310e-01;9.505051e-02;3.891535e-02;8.329967e-02;5.800788e-02
6.603064e-02;9.261965e-02;1.510106e-01;2.540752e-02;6.703025e-02;1.055135e-01;6.665126e-02;9.775592e-02;1.177138e-01;8.589399e-02;9.868764e-02;2.568515e-02
7.016235e-02;1.187623e-01;1.391301e-01;2.199736e-02;3.378769e-02;9.286033e-02;1.026707e-01;1.342825e-01;7.879131e-02;8.618094e-02;7.944811e-02;4.192638e-02
6.080161e-02;1.773967e-01;1.599968e-01;3.601833e-02;3.176624e-02;8.468202e-02;1.085919e-01;1.259698e-01;5.304918e-02;7.114995e-02;5.048140e-02;4.009599e-02
4.111149e-02;1.761899e-01;1.002038e-01;2.995848e-02;4.424552e-02;8.723094e-02;1.388255e-01;1.547332e-01;5.007318e-02;9.111755e-02;4.163359e-02;4.467695e-02
2.936257e-02;1.699679e-01;9.410864e-02;2.293083e-02;6.386495e-02;9.797426e-02;9.395572e-02;1.451876e-01;9.200814e-02;9.928261e-02;3.906017e-02;5.229656e-02
4.214711e-02;1.622167e-01;1.293465e-01;2.540866e-02;7.177914e-02;7.551981e-02;7.559803e-02;8.525152e-02;1.148897e-01;1.186160e-01;4.957752e-02;4.964930e-02
2.507634e-02;9.892569e-02;1.091136e-01;3.533698e-02;8.684257e-02;1.402314e-01;9.534097e-02;1.084654e-01;1.076056e-01;9.917465e-02;6.050488e-02;3.338197e-02
1.299279e-02;8.399219e-02;6.357153e-02;6.182999e-02;1.539284e-01;1.814181e-01;8.076423e-02;8.547501e-02;8.880606e-02;1.120101e-01;5.391430e-02;2.129740e-02
1.674196e-02;7.195120e-02;2.816662e-02;8.483728e-02;2.295728e-01;1.567861e-01;4.789427e-02;8.020321e-02;7.666397e-02;1.543190e-01;3.564124e-02;1.722228e-02
3.847674e-02;5.472108e-02;1.480751e-02;1.359338e-01;2.586399e-01;1.111939e-01;4.850191e-02;5.229852e-02;8.900803e-02;1.645223e-01;1.863878e-02;1.325746e-02
6.914661e-02;3.589720e-02;3.890905e-02;1.958337e-01;2.067192e-01;6.817225e-02;8.323243e-02;3.978448e-02;1.244706e-01;1.084908e-01;1.815539e-02;1.118830e-02
8.809790e-02;2.120150e-02;4.639934e-02;2.296455e-01;1.551116e-01;6.249112e-02;9.340253e-02;5.293240e-02;1.596179e-01;4.459225e-02;3.560962e-02;1.089845e-02
8.582254e-02;1.863773e-02;7.888147e-02;2.282308e-01;1.027859e-01;3.757809e-02;6.763270e-02;8.013561e-02;1.898517e-01;2.944353e-02;7.092015e-02;1.007976e-02
6.217141e-02;1.902572e-02;1.049187e-01;2.055501e-01;6.022501e-02;2.651188e-02;4.135183e-02;1.350881e-01;2.027039e-01;3.096535e-02;1.011309e-01;1.035709e-02
3.155994e-02;2.965751e-02;1.240933e-01;1.387906e-01;7.243707e-02;5.885277e-02;2.937135e-02;2.010984e-01;1.638708e-01;3.943307e-02;8.078527e-02;3.004993e-02
1.635757e-02;4.005084e-02;1.426461e-01;6.716973e-02;7.715335e-02;8.855283e-02;1.769639e-02;2.939500e-01;1.215400e-01;4.372144e-02;4.499751e-02;4.616434e-02
1.737016e-02;5.276955e-02;1.268386e-01;5.181143e-02;7.362075e-02;1.019882e-01;3.803951e-02;3.279275e-01;1.032563e-01;3.445942e-02;4.071517e-02;3.120335e-02
1.066859e-02;6.760931e-02;7.557714e-02;3.382141e-02;8.274323e-02;1.611518e-01;5.662656e-02;2.764635e-01;1.108315e-01;4.424044e-02;6.777196e-02;1.249461e-02
9.855017e-03;7.665574e-02;5.132503e-02;7.321934e-02;8.446729e-02;2.120507e-01;6.167319e-02;1.854906e-01;1.069389e-01;6.408485e-02;5.916888e-02;1.507049e-02
8.260048e-03;6.314562e-02;7.000767e-02;1.335980e-01;4.521493e-02;2.469824e-01;4.496866e-02;1.273536e-01;1.197344e-01;9.585398e-02;2.379967e-02;2.108111e-02
1.159655e-02;3.870033e-02;9.314879e-02;1.316101e-01;1.016037e-01;1.739952e-01;3.452538e-02;2.064758e-01;9.476575e-02;7.736975e-02;1.935378e-02;1.685495e-02
1.613931e-02;7.982238e-02;1.295481e-01;1.147980e-01;1.140747e-01;1.219410e-01;4.445231e-02;2.010843e-01;6.623649e-02;7.013891e-02;2.239099e-02;1.937353e-02
2.164284e-02;1.094542e-01;1.182819e-01;8.944590e-02;8.777755e-02;1.282665e-01;2.857385e-02;2.498953e-01;6.921943e-02;4.534847e-02;3.645065e-02;1.564352e-02
2.714392e-02;1.171009e-01;6.118778e-02;7.082751e-02;5.430514e-02;1.449374e-01;7.065552e-02;2.926517e-01;8.463908e-02;3.028713e-02;3.887919e-02;7.384648e-03
2.934682e-02;1.345039e-01;4.249189e-02;4.412113e-02;3.777288e-02;1.388606e-01;1.298690e-01;2.869598e-01;9.388372e-02;2.202256e-02;3.316657e-02;7.001162e-03
2.564822e-02;1.744082e-01;7.623667e-02;3.580251e-02;3.211122e-02;1.458186e-01;1.545170e-01;2.383942e-01;6.882651e-02;1.276533e-02;2.387819e-02;1.159333e-02
2.788582e-02;1.980041e-01;7.311528e-02;4.849761e-02;3.106618e-02;2.109716e-01;1.324079e-01;1.776347e-01;4.681909e-02;1.218081e-02;1.536424e-02;2.605266e-02
4.703716e-02;1.675690e-01;5.339842e-02;5.812229e-02;4.075176e-02;3.040356e-01;7.139268e-02;1.415731e-01;4.232543e-02;2.881912e-02;8.531860e-03;3.644358e-02
7.405540e-02;1.591672e-01;5.752901e-02;5.081436e-02;3.354555e-02;3.509980e-01;4.729091e-02;1.219470e-01;3.618656e-02;3.267388e-02;3.846035e-03;3.194606e-02
8.941855e-02;1.824986e-01;5.479533e-02;3.742503e-02;4.124660e-02;3.837209e-01;3.875423e-02;7.633262e-02;2.963261e-02;2.803383e-02;9.822686e-03;2.831902e-02
7.381047e-02;1.776518e-01;6.728499e-02;4.217212e-02;7.097813e-02;3.576114e-01;3.506554e-02;6.796356e-02;3.238428e-02;1.934210e-02;1.427900e-02;4.145655e-02
6.749671e-02;1.448557e-01;6.570733e-02;4.465361e-02;1.039774e-01;2.956389e-01;3.472083e-02;7.725066e-02;5.194658e-02;1.990439e-02;1.743335e-02;7.641452e-02
8.939461e-02;1.222599e-01;8.769807e-02;6.835119e-02;1.215372e-01;1.813381e-01;5.241092e-02;6.833299e-02;5.577541e-02;2.423987e-02;2.911115e-02;9.955058e-02
7.032990e-02;1.017729e-01;8.187135e-02;1.038232e-01;1.019741e-01;1.576405e-01;4.387293e-02;1.302446e-01;4.891356e-02;2.191337e-02;6.022397e-02;7.741956e-02
4.059213e-02;1.297829e-01;1.283222e-01;1.167753e-01;6.727244e-02;1.705112e-01;3.795866e-02;1.339833e-01;3.659132e-02;2.327774e-02;6.942511e-02;4.550770e-02
3.711617e-02;1.499871e-01;2.059061e-01;1.347997e-01;7.544862e-02;1.004476e-01;4.435183e-02;1.059130e-01;1.406030e-02;2.482723e-02;6.765196e-02;3.949041e-02
3.672131e-02;1.143560e-01;1.833190e-01;1.195286e-01;6.539308e-02;1.824653e-01;3.682378e-02;1.041653e-01;4.477019e-02;2.341227e-02;5.211864e-02;3.692647e-02
3.425656e-02;1.349302e-01;1.643180e-01;1.039262e-01;6.386126e-02;1.849620e-01;4.452115e-02;7.567847e-02;9.053662e-02;2.328957e-02;3.709609e-02;4.262384e-02
3.493298e-02;1.537705e-01;1.263931e-01;6.552503e-02;7.038257e-02;1.282701e-01;6.115048e-02;1.535242e-01;1.312519e-01;2.711086e-02;1.210762e-02;3.558056e-02
3.698658e-02;1.134426e-01;1.377533e-01;5.269474e-02;1.152070e-01;1.793443e-01;6.779809e-02;1.372003e-01;9.266216e-02;3.212902e-02;1.313354e-02;2.164840e-02
2.341610e-02;7.535340e-02;1.189473e-01;9.684502e-02;1.755001e-01;1.720630e-01;5.507789e-02;9.683125e-02;9.566505e-02;3.927827e-02;2.083970e-02;3.018288e-02
2.126128e-02;8.114036e-02;9.597678e-02;7.589175e-02;1.359252e-01;2.416071e-01;1.466707e-02;1.597812e-01;9.898327e-02;2.551395e-02;2.532073e-02;2.393129e-02
1.619724e-02;1.077309e-01;9.650979e-02;7.032290e-02;8.903384e-02;2.723426e-01;2.257158e-02;1.722322e-01;8.543345e-02;1.872786e-02;2.612827e-02;2.276933e-02
2.056684e-02;1.284903e-01;1.064972e-01;6.773702e-02;7.827507e-02;2.766652e-01;4.084602e-02;1.154595e-01;1.021204e-01;2.521377e-02;1.236454e-02;2.576421e-02
2.213355e-02;1.372486e-01;1.086835e-01;7.075242e-02;6.187483e-02;2.509720e-01;4.215730e-02;1.491169e-01;9.772241e-02;1.807332e-02;1.497675e-02;2.628836e-02
2.261481e-02;1.537964e-01;4.109632e-02;8.917551e-02;5.158987e-02;2.760936e-01;2.979630e-02;1.747772e-01;8.319712e-02;2.699809e-02;2.352038e-02;2.734443e-02
3.487189e-02;1.163808e-01;1.589348e-01;1.025324e-01;3.809401e-02;2.402272e-01;3.604418e-02;1.544341e-01;3.789506e-02;2.852173e-02;2.367526e-02;2.838839e-02
3.857255e-02;1.898647e-01;1.920808e-01;9.713888e-02;8.096417e-02;8.010235e-02;2.289673e-02;1.605227e-01;6.487443e-02;2.317577e-02;1.820812e-02;3.159885e-02
3.191234e-02;1.372478e-01;1.786112e-01;9.499813e-02;7.848258e-02;5.739546e-02;3.008389e-02;1.778942e-01;1.280704e-01;3.802543e-02;2.056922e-02;2.670934e-02
4.302115e-02;1.450590e-01;1.352465e-01;6.923057e-02;6.652413e-02;1.551175e-01;4.075537e-02;1.440475e-01;1.012367e-01;4.693941e-02;2.641027e-02;2.641191e-02
3.316557e-02;1.424182e-01;1.442231e-01;4.107328e-02;4.104206e-02;1.962001e-01;2.848633e-02;1.791464e-01;1.084443e-01;4.097680e-02;2.320597e-02;2.161792e-02
3.856865e-02;1.152355e-01;1.183986e-01;2.652653e-02;2.710595e-02;1.568526e-01;3.222822e-02;2.512496e-01;1.530025e-01;3.057695e-02;2.361766e-02;2.663718e-02
3.503724e-02;1.635568e-01;1.739815e-01;3.951167e-02;4.588673e-02;1.068432e-01;2.716302e-02;1.858510e-01;1.276346e-01;2.653462e-02;3.598481e-02;3.201483e-02
1.739706e-02;8.698667e-02;1.124708e-01;6.504224e-02;5.620525e-02;2.297918e-01;2.732128e-02;2.502398e-01;5.858399e-02;3.652955e-02;3.109548e-02;2.833611e-02
1.657496e-02;9.412562e-02;7.160517e-02;5.401058e-02;4.879142e-02;2.032940e-01;2.849651e-02;2.987698e-01;1.242607e-01;2.338409e-02;1.765950e-02;1.902764e-02
1.410641e-02;1.105367e-01;7.051364e-02;5.800398e-02;6.773482e-02;2.017486e-01;2.357077e-02;2.513515e-01;1.507066e-01;1.836188e-02;1.495923e-02;1.840583e-02
2.080105e-02;1.066516e-01;7.042938e-02;7.198402e-02;7.741117e-02;2.251137e-01;1.899887e-02;1.933856e-01;1.638884e-01;2.448367e-02;1.609555e-02;1.075695e-02
1.947175e-02;1.188504e-01;9.167271e-02;6.083376e-02;5.209712e-02;2.321235e-01;2.078503e-02;1.963038e-01;1.551116e-01;2.882729e-02;1.156105e-02;1.236187e-02
2.517018e-02;1.456183e-01;1.005548e-01;4.827950e-02;3.895583e-02;2.223537e-01;1.355230e-02;2.168693e-01;1.417124e-01;2.832142e-02;6.740232e-03;1.187216e-02
3.869439e-02;1.889281e-01;9.324896e-02;5.379387e-02;2.517306e-02;1.769097e-01;1.051126e-02;2.270538e-01;1.461505e-01;2.277690e-02;6.170507e-03;1.058905e-02
4.492274e-02;2.514938e-01;2.355523e-01;6.108276e-02;5.005833e-02;7.680804e-02;1.426614e-02;1.570351e-01;6.209403e-02;2.651205e-02;1.011231e-02;1.006243e-02
3.412221e-02;8.311117e-02;1.835321e-01;6.659548e-02;4.803928e-02;9.714129e-02;2.409736e-02;2.607178e-01;1.403120e-01;3.303245e-02;1.599372e-02;1.330519e-02
2.403289e-02;1.394118e-01;1.253725e-01;4.776563e-02;2.225848e-02;1.766270e-01;3.111227e-02;2.251363e-01;1.536890e-01;2.721741e-02;1.240158e-02;1.497518e-02
