7.046714e-02;1.075822e-01;9.800713e-02;4.850071e-02;5.205359e-02;1.072288e-01;7.225085e-02;1.213024e-01;8.093289e-02;9.920235e-02;7.079118e-02;7.168072e-02
4.705136e-02;1.025996e-01;1.499513e-01;4.486096e-02;4.271439e-02;1.301609e-01;5.741220e-02;1.415549e-01;9.560603e-02;9.817424e-02;4.443780e-02;4.547624e-02
8.496577e-02;1.380200e-01;1.022257e-01;5.833129e-02;3.585591e-02;7.737433e-02;6.740097e-02;1.139387e-01;9.081709e-02;1.120543e-01;5.042567e-02;6.859017e-02
9.063437e-02;1.073253e-01;8.094324e-02;7.674567e-02;6.373050e-02;7.536121e-02;6.947740e-02;1.025731e-01;7.947678e-02;9.003247e-02;7.275134e-02;9.094863e-02
7.115752e-02;1.086770e-01;8.550406e-02;4.557633e-02;8.200050e-02;1.222769e-01;6.235814e-02;1.165853e-01;6.944688e-02;6.655441e-02;8.044224e-02;8.942070e-02
6.591596e-02;1.156908e-01;9.719827e-02;4.415569e-02;8.479021e-02;1.186076e-01;1.125649e-01;1.161371e-01;5.666450e-02;6.030918e-02;7.017179e-02;5.779393e-02
5.902735e-02;1.351810e-01;1.224940e-01;7.306357e-02;8.628312e-02;1.093009e-01;9.067099e-02;1.346014e-01;5.439674e-02;6.843695e-02;2.672774e-02;3.981629e-02
5.265846e-02;1.396502e-01;1.213165e-01;7.187521e-02;7.536015e-02;1.291206e-01;6.811929e-02;1.086205e-01;5.420638e-02;9.308010e-02;4.271487e-02;4.327775e-02
5.996850e-02;1.108376e-01;9.472281e-02;7.338327e-02;8.674628e-02;1.140890e-01;1.126559e-01;8.399946e-02;6.618871e-02;1.010799e-01;6.028615e-02;3.604236e-02
7.698032e-02;8.604798e-02;9.734015e-02;6.306037e-02;9.654705e-02;1.307872e-01;8.400201e-02;9.662004e-02;7.631914e-02;1.141862e-01;4.936366e-02;2.874594e-02
6.112161e-02;9.600896e-02;1.366892e-01;6.009789e-02;7.116441e-02;1.983814e-01;6.707544e-02;9.484827e-02;7.469895e-02;1.113107e-01;1.546847e-02;1.313466e-02
1.341704e-02;1.058925e-01;1.427296e-01;7.081218e-02;7.530630e-02;1.804725e-01;1.221683e-01;6.394795e-02;6.254315e-02;6.682900e-02;4.817751e-02;4.770385e-02
4.153450e-02;1.231398e-01;1.075585e-01;5.870630e-02;7.813866e-02;1.256023e-01;1.246514e-01;9.238981e-02;5.155916e-02;6.264553e-02;5.894683e-02;7.512721e-02
4.889617e-02;1.058862e-01;1.561083e-01;5.526197e-02;5.665520e-02;1.136493e-01;8.952271e-02;7.509908e-02;8.169721e-02;5.605699e-02;7.223277e-02;8.893396e-02
6.085684e-02;1.089758e-01;1.767501e-01;5.183889e-02;5.914415e-02;1.289646e-01;4.883978e-02;7.230376e-02;9.066986e-02;6.340650e-02;7.674391e-02;6.150590e-02
4.556422e-02;1.734272e-01;2.619239e-01;6.626289e-02;4.351174e-02;1.267451e-01;3.574348e-02;7.208064e-02;4.878310e-02;6.623522e-02;2.958477e-02;3.013767e-02
2.983309e-02;1.972331e-01;2.774459e-01;7.200860e-02;4.953851e-02;1.509388e-01;1.488860e-02;7.324317e-02;3.655010e-02;5.176264e-02;2.093087e-02;2.562663e-02
2.654236e-02;1.818332e-01;2.295638e-01;7.614313e-02;5.343586e-02;1.427292e-01;3.049830e-02;1.101404e-01;5.078902e-02;4.430592e-02;2.647940e-02;2.753951e-02
3.212516e-02;1.853683e-01;1.482482e-01;5.232652e-02;6.772026e-02;1.238182e-01;5.498316e-02;1.545879e-01;6.185155e-02;4.124381e-02;4.414858e-02;3.357829e-02
4.050320e-02;1.891864e-01;1.687201e-01;3.956692e-02;7.093947e-02;1.192582e-01;3.024189e-02;1.618212e-01;6.409936e-02;3.756043e-02;4.959486e-02;2.850792e-02
4.864066e-02;1.530666e-01;1.426160e-01;5.430268e-02;7.493327e-02;1.550244e-01;3.636257e-02;1.634506e-01;6.407311e-02;4.178648e-02;3.888559e-02;2.685796e-02
6.268655e-02;1.713169e-01;1.317736e-01;4.404898e-02;5.456816e-02;1.942351e-01;6.595191e-02;1.184044e-01;7.060308e-02;4.294058e-02;1.388253e-02;2.958814e-02
5.543095e-02;1.876776e-01;1.290208e-01;2.561859e-02;3.531765e-02;2.376968e-01;8.212315e-02;9.838171e-02;6.816590e-02;2.743835e-02;2.642279e-02;2.670575e-02
5.632328e-02;1.044250e-01;1.290935e-01;3.225333e-02;4.333334e-02;2.527553e-01;7.831033e-02;1.142010e-01;7.553048e-02;3.961788e-02;3.522988e-02;3.892681e-02
6.835642e-02;9.996885e-02;1.314873e-01;5.689308e-02;5.953828e-02;1.569190e-01;6.829910e-02;1.146334e-01;8.508137e-02;5.421342e-02;5.022022e-02;5.438965e-02
9.815595e-02;1.387492e-01;1.505271e-01;6.798623e-02;6.575499e-02;7.152246e-02;5.821735e-02;1.085342e-01;5.554587e-02;8.190962e-02;5.286992e-02;5.022708e-02
8.512459e-02;1.582478e-01;1.109599e-01;4.695104e-02;4.118279e-02;5.510471e-02;1.107214e-01;1.078409e-01;6.917753e-02;6.152841e-02;4.510606e-02;1.080549e-01
8.076042e-02;1.176197e-01;4.553806e-02;4.714244e-02;3.185781e-02;5.032825e-02;1.502224e-01;1.377157e-01;4.595653e-02;7.268552e-02;7.486431e-02;1.453088e-01
7.746971e-02;1.041174e-01;6.511443e-02;4.939650e-02;3.120949e-02;3.629439e-02;1.529261e-01;1.678274e-01;3.972000e-02;9.950278e-02;4.728629e-02;1.291355e-01
8.672724e-02;8.563647e-02;5.968116e-02;4.410425e-02;3.463574e-02;3.814623e-02;1.580291e-01;2.092622e-01;3.752428e-02;1.282524e-01;2.272858e-02;9.527247e-02
7.847188e-02;8.171327e-02;5.916603e-02;4.044233e-02;3.995709e-02;5.416184e-02;1.506704e-01;2.189470e-01;3.583521e-02;1.429490e-01;4.744688e-02;5.023910e-02
5.554330e-02;8.177625e-02;6.968681e-02;4.509633e-02;4.567871e-02;5.266188e-02;1.810819e-01;2.025115e-01;3.878942e-02;1.508135e-01;4.313910e-02;3.322142e-02
6.749913e-02;9.035725e-02;7.135192e-02;4.788819e-02;4.176591e-02;4.657103e-02;2.176066e-01;1.690599e-01;2.993865e-02;1.232249e-01;3.085183e-02;6.388459e-02
7.998850e-02;1.099466e-01;9.028007e-02;4.682752e-02;3.113042e-02;3.237463e-02;2.238683e-01;1.674783e-01;3.306467e-02;9.477247e-02;2.435880e-02;6.590974e-02
7.203805e-02;1.222946e-01;1.087746e-01;4.425321e-02;2.276211e-02;6.092500e-02;1.922752e-01;1.730547e-01;5.521543e-02;7.819802e-02;1.242246e-02;5.778665e-02
5.880369e-02;1.089826e-01;8.139013e-02;4.609970e-02;4.351982e-02;8.146121e-02;1.420458e-01;1.982891e-01;9.548042e-02;7.962533e-02;1.952963e-02;4.477248e-02
5.191568e-02;9.885871e-02;6.795643e-02;6.933003e-02;7.227933e-02;8.079911e-02;9.767295e-02;1.947653e-01;1.002221e-01;5.790204e-02;2.905798e-02;7.924030e-02
6.273070e-02;1.405612e-01;1.124846e-01;9.666093e-02;6.196858e-02;9.212755e-02;1.020341e-01;1.360957e-01;5.874485e-02;4.804128e-02;3.068912e-02;5.786140e-02
6.555201e-02;1.695256e-01;1.212492e-01;7.836716e-02;6.332926e-02;8.155863e-02;8.260496e-02;1.430595e-01;7.601698e-02;5.956057e-02;2.437050e-02;3.480562e-02
7.198984e-02;2.161212e-01;1.430296e-01;4.826818e-02;6.046328e-02;7.974444e-02;5.254330e-02;1.170613e-01;7.495492e-02;6.000522e-02;3.553342e-02;4.028525e-02
6.908310e-02;1.643423e-01;1.087235e-01;4.200715e-02;5.817601e-02;8.565967e-02;9.245006e-02;1.033087e-01;8.824812e-02;6.920885e-02;9.089923e-02;2.789336e-02
5.266614e-02;1.155329e-01;7.818136e-02;5.930000e-02;7.454032e-02;8.770151e-02;8.797713e-02;8.759724e-02;8.818120e-02;1.306195e-01;1.062759e-01;3.142681e-02
5.431151e-02;1.052693e-01;9.312484e-02;7.722269e-02;8.918657e-02;9.033650e-02;6.604369e-02;7.729368e-02;7.131258e-02;1.475601e-01;8.578956e-02;4.254898e-02
4.904424e-02;1.823903e-01;1.660418e-01;6.382675e-02;5.623244e-02;1.133203e-01;2.554984e-02;1.114302e-01;6.303813e-02;8.104996e-02;4.576566e-02;4.231038e-02
5.697748e-02;2.034705e-01;1.882762e-01;3.972154e-02;4.340646e-02;1.035495e-01;4.846187e-02;1.288904e-01;5.556073e-02;5.543968e-02;3.641623e-02;3.982941e-02
9.139328e-02;1.991846e-01;1.469253e-01;3.303494e-02;4.045823e-02;8.051087e-02;8.797828e-02;1.559730e-01;4.858552e-02;4.205845e-02;2.801964e-02;4.587782e-02
1.111852e-01;1.735019e-01;1.010726e-01;3.894071e-02;3.221651e-02;5.781865e-02;1.610750e-01;1.706169e-01;3.682587e-02;3.671757e-02;1.597571e-02;6.405336e-02
7.837719e-02;1.326823e-01;7.455695e-02;5.931522e-02;2.237749e-02;5.133630e-02;2.508273e-01;1.269837e-01;3.107378e-02;3.816107e-02;1.696291e-02;1.173458e-01
6.198480e-02;1.111991e-01;3.555104e-02;7.051389e-02;2.424814e-02;6.017940e-02;2.686947e-01;1.138181e-01;3.966312e-02;3.924379e-02;2.679233e-02;1.481117e-01
6.590044e-02;1.087180e-01;5.161601e-02;8.858402e-02;2.899421e-02;3.556664e-02;2.339002e-01;1.523298e-01;3.000877e-02;5.557423e-02;1.618473e-02;1.326230e-01
6.891011e-02;1.035450e-01;4.405169e-02;8.018439e-02;2.665310e-02;3.266604e-02;2.468566e-01;1.710321e-01;2.684098e-02;6.780060e-02;1.349504e-02;1.179644e-01
6.745340e-02;1.095858e-01;5.205439e-02;7.483730e-02;2.030908e-02;3.446112e-02;2.787217e-01;1.492044e-01;2.001932e-02;6.445405e-02;9.068095e-03;1.198314e-01
5.422569e-02;1.150590e-01;6.988235e-02;8.289099e-02;1.384727e-02;4.270372e-02;2.815740e-01;1.119744e-01;2.376329e-02;5.757406e-02;1.527717e-02;1.312280e-01
5.018516e-02;1.148081e-01;7.886107e-02;6.857253e-02;2.075650e-02;8.441484e-02;2.311023e-01;8.776239e-02;5.219731e-02;5.489474e-02;2.940905e-02;1.270361e-01
4.398521e-02;1.159871e-01;8.441052e-02;4.587789e-02;2.865950e-02;1.616320e-01;1.024949e-01;8.634632e-02;1.199110e-01;6.571297e-02;5.724505e-02;8.773748e-02
2.721173e-02;9.976541e-02;6.278683e-02;3.869640e-02;4.019295e-02;1.759554e-01;4.472310e-02;1.220937e-01;1.964757e-01;7.261680e-02;7.484577e-02;4.463622e-02
1.603619e-02;7.264497e-02;7.916281e-02;6.884581e-02;5.553845e-02;1.081489e-01;4.713367e-02;1.371298e-01;2.315328e-01;7.346440e-02;5.640379e-02;5.395839e-02
5.185657e-02;1.150555e-01;9.225842e-02;5.955747e-02;5.252654e-02;8.722703e-02;6.241055e-02;1.060260e-01;2.010214e-01;7.383315e-02;2.823832e-02;6.998901e-02
8.046393e-02;1.446585e-01;9.894878e-02;4.172281e-02;4.464933e-02;9.826735e-02;6.433574e-02;8.329663e-02;1.377719e-01;8.112990e-02;3.151427e-02;9.324080e-02
7.156264e-02;1.261090e-01;9.608161e-02;4.456751e-02;4.575013e-02;8.547114e-02;6.748958e-02;8.491199e-02;1.444682e-01;8.903669e-02;5.549866e-02;8.905284e-02
4.515344e-02;9.326164e-02;1.166975e-01;4.229898e-02;4.215276e-02;1.020228e-01;8.997236e-02;1.164919e-01;1.535624e-01;7.658501e-02;5.445338e-02;6.734785e-02
5.511444e-02;8.340829e-02;8.741815e-02;6.325096e-02;4.747943e-02;8.988219e-02;7.283504e-02;1.289825e-01;1.572097e-01;8.808148e-02;6.549560e-02;6.084220e-02
4.895589e-02;6.206495e-02;6.728979e-02;6.847259e-02;4.936600e-02;1.021104e-01;8.240321e-02;1.183580e-01;1.575306e-01;9.126195e-02;9.895229e-02;5.323439e-02
4.480548e-02;9.072899e-02;7.623921e-02;4.576363e-02;4.064400e-02;1.433378e-01;9.897409e-02;8.663820e-02;1.208170e-01;7.812242e-02;1.066855e-01;6.724368e-02
4.862341e-02;9.824483e-02;5.296910e-02;4.850516e-02;3.829198e-02;1.252229e-01;1.821742e-01;6.150667e-02;9.533242e-02;7.177109e-02;7.118515e-02;1.061731e-01
5.355778e-02;1.065974e-01;7.260343e-02;6.419913e-02;3.876811e-02;7.660774e-02;2.242086e-01;6.053982e-02;7.467054e-02;5.970407e-02;4.042411e-02;1.281193e-01
5.355267e-02;1.081629e-01;5.843189e-02;8.447585e-02;4.992278e-02;4.476379e-02;2.464001e-01;7.347419e-02;5.919963e-02;5.499123e-02;2.792322e-02;1.387018e-01
4.710376e-02;1.151129e-01;5.542094e-02;1.077448e-01;4.618032e-02;1.770646e-02;2.741309e-01;7.454199e-02;4.137594e-02;5.063719e-02;2.065456e-02;1.493902e-01
3.983739e-02;1.032130e-01;4.110185e-02;1.118560e-01;2.831050e-02;2.503067e-02;3.101196e-01;7.415588e-02;3.642099e-02;4.517028e-02;2.079577e-02;1.639881e-01
4.223935e-02;1.046567e-01;3.957068e-02;9.464224e-02;1.156662e-02;4.357922e-02;3.289804e-01;8.137526e-02;2.806101e-02;3.546638e-02;2.094311e-02;1.689190e-01
3.555650e-02;1.101124e-01;7.321234e-02;5.898394e-02;2.049210e-02;8.186604e-02;2.664500e-01;9.660287e-02;4.464896e-02;2.787700e-02;3.902632e-02;1.451715e-01
2.905669e-02;1.103341e-01;1.067892e-01;4.398188e-02;3.685241e-02;1.089255e-01;1.540624e-01;1.188126e-01;9.617970e-02;3.747991e-02;4.971864e-02;1.078069e-01
2.553072e-02;1.157392e-01;1.164363e-01;4.605053e-02;4.872832e-02;1.163105e-01;7.203820e-02;1.218294e-01;1.302754e-01;4.728070e-02;5.642847e-02;1.033523e-01
6.172880e-02;1.915911e-01;1.244428e-01;4.489219e-02;6.072303e-02;7.227963e-02;6.859469e-02;9.464330e-02;8.600873e-02;5.930395e-02;3.116820e-02;1.046236e-01
5.007140e-02;1.696622e-01;1.098327e-01;3.009432e-02;4.978431e-02;1.127429e-01;1.504882e-01;7.915654e-02;8.216223e-02;5.398793e-02;3.792335e-02;7.409398e-02
4.122823e-02;1.145428e-01;4.821932e-02;3.495541e-02;2.821429e-02;1.243781e-01;2.751347e-01;5.339663e-02;6.318563e-02;5.152335e-02;5.857679e-02;1.066448e-01
3.636231e-02;9.382322e-02;4.320769e-02;4.571610e-02;2.264621e-02;9.325989e-02;3.420508e-01;6.289293e-02;3.869777e-02;3.357990e-02;4.320024e-02;1.445630e-01
3.377700e-02;8.519129e-02;3.071776e-02;5.212513e-02;2.717186e-02;6.589015e-02;3.897788e-01;4.560051e-02;3.470119e-02;3.173983e-02;3.014370e-02;1.731627e-01
3.582729e-02;9.142637e-02;3.386575e-02;6.990182e-02;1.565828e-02;7.477163e-02;3.766992e-01;4.450118e-02;3.773261e-02;3.143305e-02;1.409431e-02;1.740885e-01
3.671063e-02;9.100236e-02;4.824820e-02;7.011216e-02;2.139174e-02;1.095052e-01;3.090902e-01;4.756704e-02;5.148681e-02;3.233379e-02;3.798603e-02;1.445659e-01
3.448515e-02;9.140626e-02;6.695213e-02;5.012181e-02;4.034222e-02;1.534812e-01;2.087534e-01;6.228401e-02;8.904845e-02;3.807381e-02;5.754575e-02;1.075059e-01
3.577863e-02;1.103856e-01;8.031404e-02;4.798388e-02;4.912200e-02;1.494134e-01;1.195264e-01;8.912791e-02;1.368141e-01;4.498531e-02;5.191943e-02;8.462930e-02
2.998957e-02;1.294780e-01;1.009419e-01;5.727020e-02;4.234296e-02;1.368087e-01;9.370194e-02;1.158103e-01;1.404187e-01;3.821208e-02;3.157988e-02;8.344576e-02
4.178851e-02;1.338993e-01;1.222643e-01;7.684073e-02;4.914204e-02;1.390241e-01;1.137960e-01;6.741448e-02;8.800080e-02;4.562671e-02;2.795699e-02;9.424598e-02
5.216561e-02;1.412123e-01;1.012285e-01;4.399512e-02;4.011490e-02;1.050026e-01;1.246494e-01;9.906141e-02;1.222180e-01;5.879309e-02;3.006261e-02;8.149636e-02
7.081949e-02;1.312870e-01;7.971643e-02;4.951298e-02;4.548077e-02;1.132831e-01;1.078267e-01;8.811899e-02;1.217646e-01;6.898190e-02;3.447519e-02;8.873285e-02
8.421669e-02;1.103215e-01;8.992500e-02;6.682394e-02;6.368433e-02;1.293449e-01;1.038717e-01;1.020230e-01;6.469992e-02;6.604145e-02;3.071507e-02;8.833262e-02
9.292673e-02;8.961739e-02;6.202220e-02;6.467468e-02;6.646530e-02;9.531705e-02;9.436147e-02;1.592294e-01;9.595616e-02;9.626129e-02;2.365756e-02;5.951075e-02
5.310784e-02;8.531796e-02;5.671664e-02;7.894379e-02;5.849946e-02;1.109989e-01;1.154148e-01;1.431960e-01;7.640310e-02;1.194541e-01;4.123865e-02;6.070883e-02
3.766070e-02;8.869312e-02;6.069801e-02;7.407352e-02;7.012948e-02;1.275353e-01;1.193610e-01;1.388427e-01;6.709877e-02;1.013281e-01;5.408601e-02;6.049331e-02
2.557650e-02;9.616098e-02;7.182969e-02;6.258960e-02;7.866388e-02;1.334929e-01;1.253880e-01;1.342583e-01;7.599786e-02;9.294371e-02;4.507396e-02;5.802464e-02
3.862049e-02;6.841422e-02;7.981852e-02;7.052243e-02;1.174437e-01;1.121812e-01;1.345576e-01;1.170706e-01;7.673469e-02;1.080137e-01;2.513346e-02;5.148928e-02
5.527366e-02;5.571470e-02;8.973747e-02;6.549575e-02;1.215412e-01;1.184857e-01;1.028040e-01;1.050331e-01;6.479277e-02;9.700008e-02;4.858759e-02;7.553396e-02
7.051365e-02;1.390709e-01;1.595951e-01;3.843407e-02;6.470660e-02;1.126095e-01;6.015885e-02;9.384678e-02;5.987307e-02;6.680764e-02;5.602639e-02;7.835742e-02
6.682226e-02;1.591243e-01;1.574076e-01;3.828119e-02;3.047799e-02;1.196714e-01;1.101975e-01;1.061510e-01;6.018906e-02;4.101153e-02;2.533309e-02;8.533304e-02
4.944059e-02;1.301605e-01;1.084260e-01;3.355584e-02;1.980378e-02;1.109876e-01;1.787399e-01;1.052040e-01;6.868687e-02;4.332187e-02;3.105144e-02;1.206215e-01
3.352095e-02;7.985313e-02;6.457551e-02;2.849725e-02;2.435419e-02;1.221463e-01;2.172521e-01;7.917722e-02;7.970230e-02;5.272878e-02;7.356925e-02;1.446231e-01
4.823658e-02;5.201279e-02;7.783375e-02;1.798359e-02;3.231696e-02;1.677833e-01;1.658106e-01;5.058856e-02;1.042144e-01;5.338070e-02;1.241549e-01;1.056838e-01
6.693767e-02;3.762726e-02;9.136463e-02;2.006949e-02;3.340065e-02;2.026925e-01;8.921494e-02;4.439901e-02;1.067163e-01;6.809350e-02;1.766452e-01;6.283886e-02
7.593827e-02;3.684115e-02;1.100835e-01;1.988196e-02;2.595172e-02;2.361887e-01;4.172768e-02;5.161656e-02;8.850611e-02;7.488307e-02;2.044219e-01;3.395945e-02
6.448915e-02;4.001657e-02;1.141903e-01;1.921375e-02;2.839423e-02;2.616398e-01;4.535025e-02;6.415801e-02;8.220545e-02;5.986808e-02;1.900664e-01;3.040794e-02
4.589082e-02;3.900231e-02;1.002372e-01;1.218326e-02;3.261274e-02;3.023558e-01;4.012024e-02;5.999714e-02;8.945464e-02;6.529438e-02;1.829711e-01;2.988039e-02
3.649196e-02;4.545021e-02;8.964804e-02;1.430466e-02;4.163688e-02;3.238664e-01;1.871015e-02;5.562557e-02;1.051238e-01;5.383387e-02;1.907542e-01;2.455417e-02
2.531429e-02;5.759393e-02;6.636258e-02;8.327898e-03;4.816112e-02;2.982145e-01;3.196115e-02;7.532809e-02;1.115693e-01;6.586710e-02;1.816703e-01;2.962978e-02
1.683063e-02;5.822380e-02;5.664803e-02;9.613551e-03;6.363143e-02;2.748312e-01;2.243583e-02;9.875332e-02;1.198238e-01;8.303714e-02;1.723073e-01;2.386393e-02
2.046831e-02;7.488056e-02;3.857952e-02;1.416633e-02;7.396511e-02;2.354690e-01;2.744643e-02;1.215575e-01;1.319743e-01;9.597137e-02;1.450692e-01;2.045244e-02
1.906461e-02;8.963936e-02;2.807053e-02;5.126117e-03;9.223641e-02;2.216050e-01;3.002340e-02;1.394111e-01;1.448111e-01;1.147052e-01;8.423868e-02;3.106849e-02
1.137697e-02;8.652001e-02;3.726611e-02;1.585593e-02;9.930386e-02;1.866958e-01;3.539576e-02;1.452302e-01;1.387065e-01;1.212935e-01;9.811462e-02;2.424076e-02
6.928481e-03;1.065592e-01;3.062201e-02;1.610937e-02;1.190416e-01;1.455493e-01;2.179033e-02;1.886124e-01;1.496133e-01;1.250413e-01;7.484274e-02;1.529012e-02
7.730796e-03;1.241797e-01;2.912307e-02;2.203739e-02;1.367080e-01;1.088116e-01;2.336367e-02;2.059187e-01;1.503234e-01;1.335597e-01;4.938337e-02;8.860606e-03
1.685728e-02;1.194054e-01;3.238440e-02;4.367964e-02;1.457615e-01;6.560848e-02;2.728261e-02;1.902453e-01;1.682572e-01;1.378925e-01;3.886981e-02;1.375580e-02
3.250337e-02;1.021626e-01;2.982768e-02;5.596074e-02;1.344343e-01;8.303338e-02;4.004164e-02;1.814190e-01;1.730215e-01;1.160846e-01;3.122092e-02;2.029040e-02
3.602582e-02;1.089465e-01;5.836172e-02;5.603690e-02;1.109000e-01;1.083019e-01;5.270198e-02;1.824688e-01;1.420276e-01;8.418103e-02;2.814320e-02;3.190449e-02
3.145900e-02;9.724475e-02;7.907399e-02;5.591309e-02;1.220094e-01;1.623973e-01;4.278959e-02;1.931029e-01;8.679781e-02;5.234945e-02;3.920954e-02;3.765320e-02
1.954739e-02;7.726356e-02;8.637674e-02;5.185669e-02;7.957678e-02;1.802172e-01;1.683119e-02;1.677136e-01;1.688790e-01;8.018395e-02;4.491267e-02;2.664120e-02
1.594322e-02;9.011158e-02;5.831530e-02;5.239335e-02;5.749189e-02;1.784217e-01;4.488322e-02;1.837063e-01;1.821252e-01;8.607705e-02;3.234581e-02;1.818535e-02
2.220611e-02;7.910199e-02;7.591502e-02;6.148194e-02;5.766526e-02;1.543392e-01;5.126641e-02;1.750132e-01;1.537375e-01;1.040809e-01;3.758673e-02;2.760571e-02
3.741398e-02;8.919589e-02;1.108658e-01;5.167047e-02;4.783672e-02;1.184859e-01;4.799515e-02;1.673036e-01;1.387455e-01;8.928794e-02;4.845840e-02;5.274054e-02
3.896936e-02;4.468704e-02;9.129277e-02;5.092622e-02;8.366123e-02;1.213002e-01;9.170952e-02;1.513565e-01;1.071769e-01;6.868247e-02;7.552799e-02;7.470984e-02
3.672582e-02;5.298793e-02;7.870819e-02;5.380267e-02;5.491049e-02;1.784756e-01;8.683383e-02;1.283504e-01;8.759873e-02;8.149347e-02;6.848953e-02;9.162342e-02
9.703556e-02;9.123331e-02;8.653199e-02;5.475633e-02;5.778811e-02;8.369679e-02;6.432732e-02;8.068280e-02;5.818072e-02;8.610119e-02;1.163222e-01;1.233437e-01
1.306766e-01;9.651804e-02;8.142283e-02;5.773249e-02;5.644976e-02;6.154861e-02;7.298042e-02;6.584678e-02;5.599404e-02;6.587992e-02;1.333672e-01;1.215833e-01
1.500674e-01;9.174309e-02;8.163125e-02;6.972023e-02;6.519274e-02;5.055362e-02;7.526940e-02;6.935791e-02;6.663138e-02;2.854026e-02;1.441450e-01;1.071476e-01
1.309617e-01;8.612523e-02;7.013812e-02;8.465531e-02;8.560808e-02;8.903612e-02;5.670087e-02;9.043929e-02;9.049224e-02;5.191215e-02;1.163902e-01;4.754072e-02
9.253218e-02;9.339488e-02;6.380159e-02;8.934317e-02;9.805099e-02;1.036171e-01;9.211238e-02;9.045742e-02;7.274455e-02;3.336183e-02;9.989969e-02;7.068429e-02
8.972035e-02;7.440067e-02;7.275233e-02;9.217574e-02;9.400471e-02;8.839408e-02;1.200967e-01;9.622688e-02;5.267445e-02;6.332736e-02;8.478938e-02;7.143734e-02
1.154892e-01;7.916500e-02;8.595189e-02;1.272504e-01;7.811618e-02;7.345236e-02;1.432623e-01;9.601694e-02;3.677103e-02;6.370801e-02;4.140145e-02;5.941528e-02
1.030978e-01;9.725386e-02;1.393548e-01;1.352902e-01;4.722124e-02;9.142619e-02;9.399098e-02;8.403949e-02;5.154336e-02;5.280678e-02;3.600256e-02;6.797277e-02
5.730750e-02;1.775536e-01;2.350698e-01;6.385556e-02;4.644195e-02;8.775341e-02;3.908812e-02;9.474935e-02;5.470436e-02;4.896165e-02;5.167565e-02;4.283905e-02
5.336717e-02;1.805501e-01;2.073572e-01;6.534569e-02;5.238526e-02;1.087012e-01;6.200502e-02;8.203672e-02;4.466536e-02;3.163058e-02;4.154721e-02;7.040855e-02
4.939638e-02;1.508592e-01;1.412088e-01;1.046288e-01;4.481836e-02;1.034756e-01;1.232262e-01;7.232038e-02;3.719825e-02;1.996979e-02;3.391667e-02;1.189815e-01
4.617471e-02;1.122303e-01;5.474752e-02;1.537228e-01;2.768765e-02;7.098712e-02;2.286110e-01;5.695859e-02;2.302108e-02;1.617506e-02;1.757977e-02;1.921044e-01
4.055632e-02;9.496781e-02;3.701101e-02;1.663258e-01;1.563093e-02;4.215200e-02;2.729935e-01;6.041576e-02;1.990572e-02;2.104734e-02;1.560996e-02;2.133838e-01
3.689624e-02;9.130691e-02;3.794409e-02;1.569949e-01;8.147663e-03;5.714830e-02;2.727605e-01;7.054546e-02;1.872898e-02;3.084353e-02;1.099947e-02;2.076840e-01
5.664493e-02;9.354907e-02;4.022697e-02;1.260687e-01;1.262437e-02;3.582193e-02;2.530363e-01;1.195398e-01;1.954078e-02;4.633056e-02;6.424557e-03;1.901921e-01
8.005717e-02;1.011065e-01;5.037412e-02;8.905801e-02;1.635422e-02;2.815431e-02;2.110260e-01;1.907797e-01;2.599980e-02;5.015072e-02;1.042186e-02;1.465176e-01
1.121360e-01;1.290444e-01;7.669459e-02;5.225686e-02;4.400487e-02;3.396981e-02;1.381942e-01;2.328404e-01;2.988404e-02;4.017054e-02;2.660607e-02;8.419823e-02
1.295205e-01;1.585225e-01;1.083138e-01;3.573984e-02;6.863353e-02;4.031762e-02;6.957081e-02;2.253725e-01;4.061772e-02;3.804206e-02;4.861912e-02;3.673002e-02
1.167592e-01;2.136781e-01;1.286696e-01;2.863123e-02;8.153603e-02;4.114949e-02;3.876190e-02;1.824876e-01;5.025011e-02;3.778327e-02;5.743831e-02;2.285512e-02
9.014426e-02;2.964454e-01;1.572513e-01;2.979232e-02;7.715552e-02;5.799978e-02;2.423904e-02;1.199798e-01;5.811302e-02;2.480395e-02;4.830763e-02;1.576800e-02
5.954371e-02;3.595859e-01;2.226585e-01;2.836285e-02;5.562468e-02;6.747428e-02;1.682391e-02;5.570445e-02;6.691654e-02;2.327889e-02;2.672180e-02;1.730451e-02
3.765348e-02;3.854058e-01;2.962507e-01;2.704140e-02;3.175832e-02;6.640242e-02;1.436448e-02;2.605518e-02;6.325836e-02;2.920423e-02;8.919693e-03;1.368590e-02
2.460760e-02;3.602057e-01;4.026546e-01;2.071570e-02;1.692994e-02;3.899603e-02;6.428846e-03;2.231876e-02;4.440846e-02;5.156247e-02;2.444212e-03;8.727707e-03
1.491210e-02;2.962682e-01;4.851568e-01;1.923251e-02;1.540064e-02;2.011514e-02;2.067611e-02;1.621192e-02;2.618341e-02;7.832971e-02;2.660598e-03;4.852886e-03
1.446152e-02;2.509406e-01;5.201010e-01;3.250916e-02;9.835100e-03;1.924881e-02;3.059902e-02;1.391110e-02;1.816320e-02;7.858718e-02;7.204094e-03;4.439201e-03
1.714249e-02;2.369512e-01;5.337868e-01;3.923368e-02;1.214528e-02;2.698111e-02;3.103217e-02;1.485418e-02;1.777473e-02;5.580212e-02;8.408519e-03;5.887699e-03
2.389037e-02;2.596075e-01;5.045112e-01;4.555902e-02;2.044121e-02;2.777543e-02;2.208561e-02;2.127841e-02;1.135788e-02;4.486180e-02;4.964448e-03;1.366717e-02
3.736030e-02;2.510961e-01;4.028365e-01;4.591028e-02;2.832012e-02;4.255195e-02;1.708618e-02;3.975622e-02;2.190566e-02;5.675469e-02;2.519028e-02;3.123179e-02
3.258266e-02;2.097601e-01;3.944820e-01;4.042131e-02;2.338392e-02;6.830942e-02;2.140409e-02;3.900250e-02;3.271725e-02;5.273322e-02;4.334601e-02;4.185745e-02
1.991251e-02;2.277243e-01;4.326220e-01;4.238372e-02;2.377927e-02;7.220233e-02;3.359045e-02;3.477363e-02;2.834608e-02;5.303756e-02;1.395526e-02;1.767293e-02
2.977595e-02;2.011083e-01;3.508770e-01;4.881294e-02;2.754200e-02;1.339858e-01;2.498345e-02;4.095066e-02;3.226102e-02;5.939508e-02;3.269957e-02;1.760819e-02
3.027137e-02;1.147156e-01;2.655942e-01;5.125285e-02;5.176247e-02;1.661658e-01;5.651022e-02;4.885983e-02;5.881596e-02;7.079998e-02;5.636993e-02;2.888173e-02
1.753961e-02;9.681769e-02;2.729659e-01;4.417055e-02;4.761026e-02;1.349120e-01;8.226933e-02;6.102054e-02;5.797271e-02;8.475495e-02;4.734594e-02;5.262062e-02
1.337268e-02;1.459623e-01;3.780379e-01;4.545730e-02;3.138716e-02;1.050178e-01;4.971739e-02;4.490384e-02;4.615372e-02;6.100608e-02;1.814048e-02;6.084343e-02
2.531960e-02;1.903884e-01;3.915471e-01;3.412056e-02;2.151396e-02;1.183413e-01;3.907004e-02;5.882743e-02;2.548730e-02;3.808029e-02;1.794344e-02;3.936058e-02
2.828570e-02;2.551140e-01;4.247368e-01;3.090470e-02;1.177088e-02;6.640186e-02;2.039871e-02;4.275854e-02;2.995460e-02;4.798291e-02;1.705851e-02;2.463281e-02
2.590947e-02;2.978775e-01;4.361487e-01;3.032851e-02;8.458028e-03;3.457390e-02;9.804035e-03;2.462874e-02;4.437647e-02;5.380491e-02;1.371325e-02;2.037649e-02
2.979451e-02;3.443755e-01;3.984029e-01;1.864528e-02;9.148788e-03;3.269558e-02;9.149208e-03;2.463310e-02;5.060483e-02;5.727805e-02;7.412933e-03;1.785927e-02
3.888078e-02;3.914338e-01;3.491776e-01;1.226305e-02;9.373397e-03;2.856830e-02;1.087685e-02;3.598633e-02;5.647319e-02;4.530655e-02;5.845379e-03;1.581481e-02
6.287345e-02;3.693275e-01;3.131872e-01;1.428767e-02;1.148160e-02;3.439705e-02;1.716875e-02;6.572111e-02;5.168718e-02;3.023077e-02;1.475217e-02;1.488552e-02
7.381920e-02;2.755058e-01;2.909987e-01;1.800090e-02;1.893443e-02;5.579644e-02;2.574936e-02;1.008858e-01;5.619933e-02;3.691643e-02;2.447415e-02;2.271944e-02
7.397663e-02;2.973053e-01;2.071930e-01;2.583666e-02;2.331935e-02;9.008956e-02;3.129261e-02;9.087296e-02;8.320256e-02;4.009116e-02;1.103825e-02;2.578198e-02
5.395741e-02;2.897774e-01;2.273501e-01;2.404623e-02;3.029759e-02;5.095790e-02;4.353029e-02;7.976333e-02;7.111748e-02;4.346685e-02;4.503058e-02;4.070478e-02
4.478925e-02;1.940636e-01;1.875302e-01;2.355890e-02;4.267446e-02;7.587600e-02;7.517722e-02;7.797071e-02;8.926792e-02;5.784606e-02;7.980222e-02;5.144347e-02
3.832968e-02;1.727460e-01;1.717773e-01;1.945746e-02;5.360775e-02;9.376597e-02;1.056257e-01;7.978465e-02;6.621817e-02;5.394962e-02;9.356103e-02;5.117669e-02
4.033680e-02;1.567281e-01;1.327150e-01;2.661723e-02;7.324307e-02;5.514287e-02;1.357185e-01;7.957940e-02;7.448015e-02;8.547635e-02;9.009887e-02;4.986376e-02
5.325481e-02;1.316696e-01;8.094642e-02;1.803724e-02;7.954763e-02;7.464015e-02;1.232179e-01;9.813869e-02;7.246266e-02;1.161879e-01;7.576624e-02;7.613078e-02
5.016684e-02;1.279055e-01;1.215059e-01;5.016529e-02;5.557758e-02;9.163139e-02;1.034004e-01;9.675196e-02;4.975690e-02;9.335548e-02;6.835732e-02;9.142545e-02
4.138777e-02;1.469220e-01;1.581948e-01;6.276836e-02;4.388368e-02;1.229586e-01;8.172522e-02;6.667850e-02;6.226769e-02;7.777195e-02;4.364878e-02;9.179268e-02
3.632440e-02;1.919299e-01;1.186514e-01;5.150075e-02;5.382260e-02;1.493598e-01;2.948028e-02;6.509562e-02;6.692560e-02;1.037833e-01;6.171494e-02;7.141137e-02
5.646359e-02;2.238338e-01;2.019824e-01;4.111625e-02;2.866890e-02;1.225318e-01;2.378233e-02;7.776046e-02;6.741229e-02;7.651032e-02;3.427262e-02;4.566531e-02
5.221478e-02;1.991599e-01;2.021208e-01;3.760967e-02;2.320419e-02;1.390997e-01;6.827606e-02;8.061697e-02;5.931926e-02;5.074286e-02;2.337330e-02;6.426253e-02
5.966362e-02;1.735963e-01;1.309246e-01;3.251679e-02;2.545287e-02;1.373569e-01;1.248947e-01;6.948185e-02;6.102556e-02;5.173596e-02;3.154521e-02;1.018056e-01
5.865952e-02;1.307001e-01;3.942493e-02;2.151142e-02;2.963543e-02;1.157409e-01;1.729532e-01;7.292029e-02;8.036517e-02;7.387730e-02;6.644055e-02;1.377712e-01
4.072032e-02;8.759715e-02;6.234635e-02;2.623536e-02;2.952954e-02;1.180847e-01;1.728768e-01;8.015314e-02;8.656458e-02;1.082741e-01;5.117098e-02;1.364469e-01
3.854522e-02;7.854545e-02;5.310171e-02;3.220472e-02;3.223863e-02;1.198204e-01;1.953991e-01;7.318107e-02;1.033211e-01;1.176653e-01;3.191815e-02;1.240591e-01
4.986689e-02;9.474890e-02;5.455450e-02;2.708711e-02;4.220533e-02;1.284962e-01;1.870099e-01;6.607382e-02;1.004286e-01;7.018343e-02;7.000934e-02;1.093361e-01
5.373200e-02;1.138336e-01;6.912883e-02;1.718622e-02;4.658319e-02;1.542502e-01;1.555477e-01;5.993193e-02;9.516616e-02;6.451536e-02;7.054362e-02;9.958111e-02
4.241630e-02;9.459751e-02;5.133602e-02;2.047642e-02;5.061227e-02;1.773099e-01;1.432373e-01;8.316205e-02;9.803458e-02;6.563597e-02;7.952011e-02;9.366158e-02
3.307260e-02;5.614088e-02;5.371783e-02;2.642535e-02;4.300399e-02;2.220264e-01;1.197338e-01;7.318003e-02;1.108630e-01;5.556490e-02;1.059437e-01;1.003275e-01
5.180895e-02;6.123394e-02;8.729538e-02;1.616605e-02;4.062081e-02;2.208951e-01;9.235139e-02;6.368095e-02;1.153853e-01;4.964532e-02;1.264051e-01;7.451176e-02
5.209614e-02;8.894661e-02;1.010381e-01;2.838495e-02;5.271108e-02;1.994453e-01;9.574556e-02;8.322190e-02;1.136571e-01;4.660070e-02;9.390334e-02;4.424924e-02
3.640985e-02;1.068227e-01;9.820283e-02;4.389384e-02;6.725527e-02;1.888973e-01;9.947320e-02;9.704524e-02;9.567393e-02;4.534538e-02;5.515752e-02;6.582297e-02
5.128016e-02;9.178738e-02;9.515910e-02;4.120086e-02;7.150713e-02;2.251728e-01;8.826164e-02;9.623257e-02;8.241459e-02;3.547881e-02;5.603577e-02;6.546924e-02
4.730245e-02;1.240909e-01;1.378068e-01;3.244648e-02;5.255748e-02;2.126703e-01;5.877599e-02;9.598722e-02;8.951304e-02;4.141163e-02;5.447624e-02;5.296144e-02
5.593971e-02;9.574511e-02;1.395543e-01;3.353487e-02;4.347447e-02;2.373631e-01;3.912073e-02;8.933042e-02;9.906904e-02;5.499007e-02;6.093524e-02;5.094296e-02
5.400405e-02;1.277880e-01;1.009388e-01;2.161784e-02;4.326122e-02;2.179827e-01;7.350857e-02;1.027624e-01;1.178757e-01;4.272320e-02;5.246707e-02;4.507044e-02
4.239317e-02;9.324832e-02;1.169169e-01;2.854902e-02;3.738884e-02;2.713940e-01;5.412455e-02;1.134853e-01;1.126266e-01;4.128657e-02;6.126223e-02;2.732461e-02
3.461286e-02;7.329314e-02;9.964027e-02;2.163043e-02;3.808688e-02;3.006294e-01;5.240295e-02;8.572689e-02;1.127200e-01;5.123640e-02;8.158693e-02;4.843380e-02
3.493841e-02;5.653838e-02;7.153405e-02;7.533922e-03;3.180633e-02;3.170877e-01;6.441309e-02;7.326889e-02;1.249260e-01;6.051713e-02;1.023467e-01;5.508937e-02
4.515793e-02;7.753405e-02;9.040630e-02;1.497093e-02;2.160959e-02;3.149682e-01;3.765000e-02;8.296374e-02;1.238155e-01;5.302173e-02;8.808336e-02;4.981874e-02
4.703686e-02;7.971998e-02;9.803834e-02;3.286283e-02;2.850151e-02;2.809276e-01;3.684193e-02;1.031580e-01;1.172400e-01;6.093360e-02;6.557872e-02;4.916072e-02
4.276559e-02;1.003971e-01;1.066616e-01;3.607840e-02;3.558508e-02;2.359548e-01;4.578999e-02;1.091785e-01;1.153660e-01;6.380031e-02;6.214648e-02;4.627609e-02
5.015055e-02;1.475517e-01;9.449299e-02;2.521154e-02;2.853697e-02;1.669291e-01;3.252336e-02;1.165687e-01;1.463003e-01;8.574132e-02;5.869864e-02;4.729488e-02
6.692501e-02;1.547531e-01;8.448679e-02;1.684065e-02;4.291807e-02;1.160063e-01;4.128469e-02;1.110316e-01;1.704857e-01;9.076034e-02;5.031473e-02;5.419296e-02
6.521761e-02;1.472133e-01;1.159309e-01;3.822568e-02;4.695433e-02;1.021659e-01;6.128790e-02;9.238568e-02;1.497730e-01;7.113057e-02;4.708660e-02;6.262855e-02
4.876622e-02;1.397870e-01;1.351646e-01;6.861615e-02;6.132687e-02;7.089654e-02;6.634858e-02;9.812082e-02;1.343594e-01;5.803931e-02;5.607174e-02;6.250279e-02
5.446023e-02;9.452888e-02;1.274885e-01;6.164550e-02;8.064914e-02;7.276589e-02;7.573720e-02;1.430749e-01;1.083738e-01;5.981229e-02;5.734671e-02;6.411702e-02
6.585643e-02;1.004111e-01;1.076645e-01;5.732561e-02;8.994490e-02;8.175351e-02;1.154084e-01;1.156362e-01;8.751705e-02;5.871120e-02;6.371733e-02;5.605379e-02
5.267583e-02;1.109189e-01;1.085011e-01;7.396688e-02;8.342553e-02;9.639892e-02;8.811452e-02;9.760063e-02;6.261685e-02;9.306202e-02;6.670403e-02;6.601475e-02
4.952989e-02;6.612871e-02;1.207916e-01;7.710584e-02;7.130729e-02;1.202540e-01;7.456297e-02;7.790034e-02;8.579294e-02;1.208492e-01;6.807853e-02;6.769871e-02
6.529835e-02;8.459921e-02;1.294303e-01;6.514122e-02;5.077853e-02;1.299337e-01;1.059385e-01;8.664149e-02;9.111899e-02;9.636319e-02;5.078461e-02;4.397194e-02
4.492900e-02;8.728527e-02;1.331044e-01;5.960644e-02;7.718030e-02;1.152798e-01;1.199989e-01;1.132123e-01;1.229827e-01;6.907628e-02;2.498013e-02;3.236448e-02
4.167516e-02;6.825268e-02;1.299227e-01;6.983461e-02;6.815828e-02;1.150124e-01;1.019530e-01;8.922393e-02;1.476092e-01;9.770552e-02;3.334662e-02;3.730590e-02
5.257959e-02;1.005900e-01;1.286766e-01;7.426452e-02;6.095121e-02;8.914611e-02;7.485765e-02;9.879645e-02;1.206403e-01;1.235605e-01;4.662740e-02;2.930970e-02
5.873377e-02;1.199204e-01;1.482799e-01;6.560578e-02;7.524022e-02;1.076793e-01;8.417363e-02;9.411680e-02;6.410301e-02;9.188503e-02;5.152024e-02;3.874198e-02
6.041950e-02;1.078049e-01;1.225415e-01;7.021191e-02;9.014454e-02;1.397483e-01;7.919912e-02;9.854184e-02;5.634668e-02;5.629574e-02;5.021130e-02;6.853475e-02
5.155748e-02;9.420840e-02;7.302192e-02;8.388641e-02;7.410722e-02;1.598008e-01;6.182122e-02;1.173940e-01;8.473987e-02;5.964168e-02;5.052113e-02;8.929995e-02
3.034390e-02;7.440127e-02;8.028598e-02;8.692380e-02;7.274584e-02;1.593690e-01;8.118431e-02;1.115072e-01;9.741826e-02;8.280392e-02;4.373202e-02;7.928450e-02
3.783920e-02;8.381086e-02;9.564543e-02;9.680646e-02;8.324258e-02;1.242295e-01;1.056950e-01;1.140543e-01;8.611231e-02;9.401367e-02;2.944206e-02;4.910867e-02
5.288712e-02;8.247530e-02;1.022177e-01;7.206597e-02;7.132038e-02;1.112976e-01;1.371750e-01;1.322189e-01;9.277125e-02;8.295336e-02;2.546737e-02;3.714999e-02
5.081471e-02;7.549327e-02;1.266560e-01;9.210772e-02;7.566455e-02;1.471018e-01;1.101004e-01;9.887369e-02;9.257986e-02;5.900140e-02;3.944754e-02;3.215907e-02
4.221250e-02;1.955011e-01;2.594109e-01;4.341219e-02;5.035828e-02;1.163178e-01;4.553469e-02;5.691402e-02;7.839154e-02;4.848928e-02;4.121166e-02;2.224606e-02
5.352841e-02;2.502423e-01;2.696808e-01;5.190836e-02;3.204216e-02;1.152837e-01;2.817967e-02;6.808089e-02;4.820370e-02;3.173456e-02;3.329273e-02;1.782271e-02
6.701361e-02;2.465124e-01;2.067099e-01;5.841073e-02;4.074411e-02;1.082892e-01;1.659784e-02;1.185713e-01;4.628218e-02;3.166199e-02;4.061730e-02;1.858952e-02
8.799483e-02;2.398371e-01;1.454267e-01;5.386819e-02;7.108967e-02;7.224214e-02;1.958069e-02;1.753239e-01;4.533422e-02;2.034826e-02;5.263454e-02;1.631972e-02
9.200042e-02;2.610930e-01;1.474865e-01;3.311401e-02;7.943252e-02;4.576930e-02;2.788439e-02;1.657570e-01;5.161877e-02;2.044380e-02;5.915631e-02;1.624399e-02
9.104378e-02;3.084807e-01;1.611686e-01;2.325880e-02;6.285404e-02;4.026954e-02;2.180069e-02;1.337107e-01;5.898234e-02;1.830769e-02;6.642628e-02;1.369696e-02
7.800198e-02;3.433755e-01;1.790982e-01;1.762682e-02;4.622787e-02;5.257359e-02;2.907720e-02;1.035940e-01;6.970271e-02;1.604147e-02;5.308842e-02;1.159216e-02
5.311634e-02;3.570735e-01;2.140096e-01;2.823762e-02;3.948166e-02;7.717011e-02;2.556557e-02;5.648064e-02;8.015376e-02;1.693198e-02;2.859520e-02;2.318406e-02
3.648913e-02;3.509514e-01;2.529053e-01;3.400528e-02;3.567718e-02;8.540152e-02;1.723225e-02;2.786015e-02;9.056909e-02;1.871945e-02;1.451172e-02;3.567752e-02
2.895912e-02;3.022883e-01;2.910435e-01;2.486969e-02;2.498693e-02;7.972522e-02;3.563772e-02;3.161212e-02;8.187778e-02;3.994976e-02;1.340160e-02;4.564826e-02
2.296041e-02;2.522228e-01;3.354149e-01;1.854015e-02;1.702002e-02;6.853035e-02;4.790543e-02;3.619861e-02;6.685857e-02;7.759815e-02;1.305590e-02;4.369476e-02
2.017249e-02;2.094173e-01;3.636608e-01;2.867654e-02;3.259009e-02;5.474630e-02;5.802742e-02;2.559678e-02;5.179905e-02;1.157705e-01;1.021659e-02;2.932629e-02
2.600340e-02;1.782450e-01;3.868309e-01;4.076017e-02;4.314586e-02;3.368393e-02;6.893590e-02;1.363440e-02;4.008169e-02;1.435374e-01;1.020795e-02;1.493337e-02
3.575846e-02;1.771905e-01;3.902901e-01;4.879646e-02;3.737521e-02;2.833516e-02;7.087485e-02;2.144191e-02;2.727200e-02;1.368673e-01;1.632989e-02;9.468196e-03
4.387246e-02;1.727248e-01;3.806304e-01;6.163625e-02;3.048057e-02;3.094816e-02;7.140697e-02;2.170751e-02;2.667624e-02;1.126837e-01;3.773584e-02;9.497066e-03
3.717291e-02;1.402533e-01;3.490819e-01;9.899702e-02;2.370265e-02;2.703693e-02;6.599526e-02;3.581487e-02;3.122412e-02;9.025164e-02;8.583445e-02;1.463496e-02
2.211723e-02;9.335840e-02;3.087169e-01;1.472641e-01;4.341072e-02;7.568073e-02;4.895559e-02;4.521728e-02;1.910869e-02;5.591415e-02;1.263057e-01;1.395046e-02
1.925743e-02;7.427627e-02;2.625178e-01;1.766138e-01;6.500692e-02;1.265921e-01;3.510218e-02;4.562292e-02;1.304792e-02;3.599620e-02;1.358130e-01;1.015345e-02
1.468140e-02;4.748757e-02;2.113871e-01;1.583778e-01;1.024774e-01;1.899950e-01;2.536531e-02;4.194188e-02;1.372076e-02;4.517008e-02;1.092171e-01;4.017862e-02
1.111042e-02;4.939194e-02;2.015477e-01;1.003697e-01;1.314686e-01;2.668886e-01;2.775229e-02;2.968226e-02;1.882824e-02;4.465997e-02;5.024586e-02;6.805439e-02
2.121906e-02;6.036784e-02;1.673883e-01;5.952980e-02;1.162013e-01;3.820278e-01;2.508477e-02;2.692996e-02;2.880333e-02;2.877270e-02;1.716048e-02;6.651460e-02
3.068320e-02;3.296360e-02;8.737127e-02;5.008711e-02;8.357021e-02;5.110705e-01;2.387794e-02;5.889238e-02;3.756130e-02;3.949005e-02;7.062105e-03;3.737030e-02
2.461784e-02;2.507994e-02;5.174239e-02;3.518112e-02;4.532439e-02;5.506792e-01;5.146901e-02;1.110264e-01;3.835856e-02;4.547999e-02;1.383253e-02;7.208632e-03
6.815392e-03;3.105672e-02;5.038056e-02;3.611984e-02;3.643370e-02;5.487722e-01;7.718512e-02;1.347093e-01;1.817634e-02;3.513042e-02;1.013760e-02;1.508282e-02
1.181016e-02;3.712567e-02;5.867853e-02;4.959603e-02;4.347370e-02;5.249904e-01;7.335857e-02;1.330570e-01;1.460479e-02;1.834463e-02;1.194066e-02;2.301987e-02
1.926634e-02;4.874632e-02;3.859004e-02;4.576118e-02;4.445825e-02;5.542210e-01;5.255720e-02;1.149559e-01;1.197805e-02;1.959773e-02;2.276740e-02;2.710059e-02
3.959730e-02;6.801848e-02;8.322228e-02;3.305504e-02;2.815104e-02;5.116771e-01;2.688289e-02;1.006512e-01;2.476994e-02;2.186413e-02;2.755650e-02;3.455411e-02
2.710122e-02;7.326034e-02;1.215719e-01;5.559365e-02;4.545686e-02;3.694415e-01;3.816235e-02;1.021545e-01;4.524071e-02;4.404791e-02;2.291772e-02;5.505135e-02
5.716590e-02;9.269255e-02;1.077486e-01;6.002735e-02;4.412891e-02;2.462222e-01;4.652429e-02;8.280484e-02;7.080730e-02;7.585526e-02;4.488829e-02;7.113442e-02
5.222198e-02;8.328591e-02;4.859380e-02;4.548855e-02;3.616289e-02;2.618465e-01;4.323436e-02;8.300069e-02;1.070179e-01;9.698202e-02;7.152182e-02;7.064366e-02
