8.194809e-02;4.864060e-02;1.346189e-01;4.732062e-02;6.317643e-02;3.876686e-02;1.272558e-01;8.385621e-02;8.398930e-02;1.194991e-01;1.254459e-01;4.548225e-02
7.615441e-02;7.561091e-02;1.207475e-01;5.122087e-02;5.679089e-02;6.684933e-02;1.057874e-01;8.636858e-02;9.551588e-02;9.484696e-02;1.186530e-01;5.145424e-02
6.438671e-02;8.089965e-02;1.195516e-01;4.975592e-02;5.678818e-02;8.149591e-02;1.166137e-01;8.263736e-02;8.438461e-02;1.016011e-01;1.079461e-01;5.393912e-02
8.192948e-02;3.768260e-02;1.422553e-01;3.752843e-02;5.982523e-02;7.765502e-02;1.153892e-01;6.516318e-02;7.618918e-02;9.592980e-02;1.023814e-01;1.080711e-01
1.152215e-01;7.230832e-02;1.200659e-01;3.341748e-02;6.606691e-02;5.868232e-02;7.835293e-02;5.929024e-02;9.903759e-02;9.946952e-02;8.725823e-02;1.108291e-01
1.167601e-01;8.832783e-02;1.295084e-01;4.223111e-02;6.639610e-02;5.424475e-02;7.129612e-02;5.394521e-02;9.749984e-02;1.221686e-01;8.464652e-02;7.297543e-02
7.948972e-02;7.598586e-02;1.991584e-01;4.571430e-02;7.127043e-02;4.841516e-02;9.800528e-02;5.116927e-02;8.030740e-02;1.013742e-01;9.540191e-02;5.370811e-02
4.730406e-02;5.779692e-02;2.946168e-01;6.067120e-02;6.410775e-02;4.063961e-02;1.008290e-01;2.721981e-02;8.294529e-02;9.746631e-02;8.129067e-02;4.511249e-02
4.387435e-02;7.771530e-02;3.463333e-01;4.482064e-02;4.215583e-02;3.189862e-02;6.214795e-02;1.632993e-02;1.362318e-01;1.094457e-01;5.244884e-02;3.659771e-02
3.996669e-02;1.135786e-01;3.619120e-01;2.096691e-02;1.733703e-02;2.265829e-02;3.175508e-02;2.385111e-02;2.276877e-01;9.008167e-02;2.703968e-02;2.316524e-02
6.886541e-02;1.291717e-01;3.022853e-01;2.112743e-02;1.425599e-02;1.832011e-02;3.072319e-02;5.847196e-02;2.721109e-01;5.676997e-02;1.428855e-02;1.360942e-02
1.104163e-01;1.232641e-01;2.443301e-01;1.941903e-02;1.998155e-02;2.120646e-02;4.356272e-02;8.515653e-02;2.548184e-01;4.288060e-02;1.540301e-02;1.956129e-02
1.551725e-01;1.012699e-01;2.126936e-01;2.172695e-02;2.742627e-02;2.577156e-02;2.982307e-02;8.734568e-02;2.235536e-01;5.196870e-02;3.113488e-02;3.211327e-02
1.268473e-01;7.156299e-02;2.803084e-01;2.870465e-02;3.466376e-02;2.585806e-02;6.471895e-02;4.440796e-02;1.887658e-01;5.237473e-02;4.474138e-02;3.704612e-02
9.272710e-02;7.753207e-02;1.702241e-01;5.369127e-02;5.424351e-02;6.671470e-02;1.148213e-01;5.588431e-02;1.194898e-01;7.928209e-02;7.027259e-02;4.511722e-02
6.531008e-02;5.827183e-02;1.448658e-01;9.322651e-02;4.519659e-02;7.735620e-02;1.257312e-01;1.020154e-01;7.806206e-02;8.953042e-02;7.838923e-02;4.204472e-02
4.343213e-02;5.306358e-02;1.547057e-01;8.495317e-02;4.840816e-02;5.127143e-02;1.298669e-01;9.741227e-02;1.334029e-01;7.760759e-02;7.767286e-02;4.820332e-02
3.228271e-02;3.666392e-02;2.723293e-01;7.430916e-02;7.410932e-02;7.005747e-02;1.538082e-01;8.388637e-02;9.894048e-02;5.573706e-02;1.893183e-02;2.894417e-02
3.806800e-02;6.362820e-02;3.158297e-01;6.535299e-02;6.813606e-02;6.653198e-02;1.361219e-01;6.984033e-02;8.108883e-02;6.219658e-02;1.848508e-02;1.472036e-02
4.079652e-02;9.565756e-02;3.366982e-01;5.012733e-02;4.653049e-02;5.468737e-02;9.919082e-02;5.257941e-02;1.124131e-01;7.572684e-02;1.869577e-02;1.689652e-02
3.642645e-02;1.255095e-01;3.428488e-01;2.500876e-02;1.982619e-02;3.819002e-02;5.502890e-02;2.735200e-02;1.970704e-01;8.918486e-02;1.598198e-02;2.757215e-02
2.258303e-02;1.283894e-01;3.081988e-01;1.687823e-02;9.537306e-03;3.015747e-02;2.439263e-02;1.672386e-02;2.706360e-01;1.139105e-01;1.448889e-02;4.410385e-02
1.744132e-02;1.102542e-01;3.170005e-01;1.372742e-02;6.399458e-03;2.708681e-02;1.813112e-02;1.244690e-02;2.664719e-01;1.499087e-01;1.650461e-02;4.462701e-02
1.988127e-02;7.803662e-02;3.773353e-01;1.766149e-02;1.175246e-02;2.232160e-02;3.424422e-02;1.707401e-02;1.848052e-01;1.976543e-01;2.024663e-02;1.898699e-02
2.810232e-02;6.209598e-02;4.158127e-01;2.801950e-02;1.969217e-02;1.935282e-02;4.825981e-02;2.420971e-02;9.531981e-02;2.153365e-01;2.265794e-02;2.114075e-02
5.841171e-02;6.986749e-02;3.599790e-01;4.080642e-02;3.727488e-02;2.438819e-02;4.588694e-02;3.298622e-02;1.049507e-01;1.690866e-01;3.679843e-02;1.956332e-02
9.011638e-02;8.770373e-02;2.182281e-01;5.749041e-02;6.672627e-02;5.009069e-02;8.094525e-02;5.518400e-02;1.199534e-01;1.007629e-01;3.906889e-02;3.372998e-02
4.911797e-02;4.736308e-02;2.541929e-01;5.941972e-02;7.841404e-02;6.664399e-02;9.540296e-02;6.714521e-02;8.966693e-02;8.697035e-02;6.876494e-02;3.689795e-02
2.650644e-02;3.732993e-02;3.012329e-01;1.102169e-01;1.000704e-01;5.894120e-02;8.430053e-02;5.086631e-02;6.927047e-02;5.974221e-02;7.639202e-02;2.513067e-02
2.552051e-02;3.570289e-02;2.880967e-01;1.821886e-01;1.212148e-01;4.134997e-02;3.942715e-02;4.670174e-02;3.802859e-02;3.994168e-02;1.196449e-01;2.218249e-02
2.337243e-02;3.977849e-02;2.409394e-01;2.260867e-01;1.400445e-01;3.666200e-02;1.897371e-02;5.212942e-02;2.745396e-02;2.692019e-02;1.381800e-01;2.945916e-02
1.978738e-02;4.132094e-02;2.273475e-01;2.273455e-01;1.570243e-01;3.572106e-02;1.622159e-02;6.098608e-02;2.283250e-02;2.676410e-02;1.271108e-01;3.753832e-02
1.288680e-02;3.183725e-02;2.894742e-01;1.983646e-01;1.369087e-01;3.873191e-02;2.228941e-02;7.422638e-02;1.402102e-02;1.651289e-02;1.340057e-01;3.074115e-02
7.062125e-03;2.422689e-02;3.897813e-01;1.559934e-01;1.062372e-01;3.731156e-02;2.712251e-02;6.775919e-02;2.296160e-02;2.003081e-02;1.230462e-01;1.846722e-02
2.074014e-02;4.104289e-02;4.968204e-01;1.029725e-01;7.395144e-02;3.102913e-02;2.344203e-02;4.570721e-02;2.837902e-02;4.081079e-02;8.550414e-02;9.600271e-03
3.481086e-02;5.671012e-02;5.281579e-01;6.897692e-02;5.351474e-02;3.573062e-02;2.876240e-02;2.648238e-02;3.607786e-02;6.087404e-02;5.668001e-02;1.322217e-02
4.240781e-02;6.193637e-02;4.881233e-01;5.403737e-02;5.200304e-02;5.157667e-02;5.413718e-02;3.680756e-02;3.830591e-02;7.614978e-02;3.645792e-02;8.057111e-03
5.722290e-02;4.442323e-02;3.587738e-01;7.246308e-02;6.973766e-02;4.784831e-02;5.406115e-02;5.086686e-02;8.522816e-02;7.167149e-02;5.963232e-02;2.807108e-02
4.819635e-02;4.797003e-02;2.122890e-01;6.000553e-02;6.671231e-02;5.493177e-02;9.873921e-02;6.643092e-02;1.271873e-01;7.267451e-02;7.429072e-02;7.057233e-02
5.984537e-02;4.361543e-02;1.540184e-01;8.791327e-02;8.607943e-02;5.320547e-02;8.024427e-02;9.699701e-02;1.291447e-01;6.569260e-02;7.344873e-02;6.979532e-02
5.826556e-02;3.696338e-02;1.141832e-01;1.208441e-01;8.792400e-02;7.347551e-02;1.175482e-01;7.213479e-02;1.092781e-01;5.148188e-02;1.216974e-01;3.620381e-02
3.877224e-02;4.063696e-02;1.003839e-01;1.234719e-01;3.779089e-02;9.562520e-02;1.613607e-01;6.753001e-02;9.647423e-02;8.439916e-02;1.208968e-01;3.265806e-02
5.916638e-02;5.300901e-02;7.020761e-02;1.033060e-01;6.653004e-02;7.394145e-02;1.581682e-01;8.060609e-02;1.250565e-01;9.300652e-02;8.360592e-02;3.339631e-02
7.949404e-02;5.778916e-02;7.011855e-02;7.216652e-02;9.973074e-02;5.789433e-02;1.618723e-01;7.530310e-02;1.231809e-01;8.219922e-02;6.899301e-02;5.125810e-02
4.973176e-02;5.555220e-02;1.248183e-01;5.689573e-02;1.070958e-01;1.005477e-01;2.790007e-01;4.410860e-02;6.734621e-02;2.985954e-02;4.176256e-02;4.328094e-02
2.862771e-02;3.992135e-02;1.499220e-01;8.379224e-02;1.294566e-01;1.053565e-01;2.731067e-01;6.015955e-02;5.004249e-02;2.277618e-02;2.066720e-02;3.617162e-02
2.127234e-02;3.115960e-02;1.654330e-01;1.214089e-01;1.830430e-01;9.969957e-02;2.041860e-01;4.967744e-02;4.262982e-02;2.124362e-02;1.787740e-02;4.236926e-02
1.824120e-02;2.201343e-02;1.803217e-01;1.800956e-01;2.757819e-01;7.439113e-02;1.017830e-01;2.739442e-02;2.961596e-02;1.770785e-02;1.794533e-02;5.470848e-02
1.376094e-02;9.195248e-03;2.277596e-01;2.254658e-01;3.011573e-01;4.578401e-02;4.202038e-02;1.046086e-02;1.546941e-02;1.426165e-02;3.642380e-02;5.824106e-02
1.796135e-02;1.233200e-02;3.352515e-01;2.077377e-01;2.121671e-01;3.666713e-02;4.991835e-02;1.053669e-02;8.778741e-03;1.356276e-02;4.876067e-02;4.632595e-02
2.360063e-02;2.806533e-02;4.573769e-01;1.534351e-01;1.566789e-01;3.394855e-02;2.323458e-02;7.798688e-03;1.670564e-02;1.623594e-02;5.488967e-02;2.803008e-02
2.601010e-02;3.876356e-02;5.558651e-01;7.112633e-02;1.356954e-01;2.507319e-02;3.465599e-02;1.456264e-02;1.346914e-02;1.504746e-02;5.253992e-02;1.719113e-02
2.099409e-02;2.662465e-02;4.110875e-01;1.021838e-01;1.640899e-01;4.595736e-02;9.945310e-02;3.408901e-02;1.803393e-02;2.027995e-02;3.387651e-02;2.333028e-02
2.003494e-02;3.211892e-02;1.883161e-01;1.330303e-01;2.159775e-01;7.604223e-02;1.238154e-01;3.360261e-02;4.586754e-02;4.145736e-02;4.184993e-02;4.788720e-02
4.173473e-02;5.108186e-02;1.115471e-01;1.329591e-01;2.017172e-01;9.415350e-02;1.563669e-01;2.654956e-02;4.589107e-02;3.867276e-02;4.787650e-02;5.144975e-02
6.012589e-02;3.605857e-02;1.144615e-01;9.394193e-02;1.590629e-01;8.086125e-02;1.707390e-01;8.823591e-02;3.135679e-02;5.046244e-02;5.280449e-02;6.188934e-02
5.383000e-02;1.603165e-02;1.366535e-01;7.771397e-02;1.304312e-01;6.697487e-02;1.030086e-01;1.238399e-01;5.073110e-02;4.694801e-02;9.734667e-02;9.649044e-02
4.334312e-02;1.619347e-02;2.190056e-01;9.502648e-02;1.219560e-01;5.471316e-02;8.879437e-02;1.017852e-01;4.695861e-02;3.726563e-02;8.676828e-02;8.819012e-02
5.744146e-02;3.972092e-02;1.998626e-01;6.742233e-02;9.454462e-02;5.829958e-02;1.257171e-01;5.613580e-02;8.491814e-02;8.968078e-02;7.813901e-02;4.811767e-02
6.197726e-02;4.013190e-02;1.391408e-01;5.682472e-02;9.297905e-02;9.237161e-02;1.214650e-01;6.867294e-02;1.001986e-01;1.144911e-01;7.171167e-02;4.003529e-02
6.578298e-02;4.266128e-02;8.654688e-02;4.904963e-02;7.386041e-02;1.013036e-01;2.473271e-01;9.375011e-02;8.828559e-02;5.642930e-02;5.298664e-02;4.201649e-02
6.266361e-02;4.888764e-02;1.222113e-01;6.506629e-02;1.045330e-01;1.087630e-01;2.647361e-01;7.256154e-02;5.019291e-02;3.943344e-02;2.550388e-02;3.544738e-02
5.976022e-02;4.500170e-02;1.167664e-01;9.381602e-02;1.485256e-01;1.097772e-01;2.233739e-01;5.718575e-02;4.391176e-02;3.170155e-02;3.272997e-02;3.744981e-02
4.776209e-02;3.426299e-02;1.272440e-01;1.465027e-01;2.153733e-01;1.081783e-01;1.491725e-01;4.576967e-02;3.084536e-02;2.253954e-02;3.186118e-02;4.048832e-02
2.873026e-02;2.282876e-02;1.511176e-01;2.253980e-01;2.646327e-01;6.884492e-02;5.534391e-02;4.950897e-02;3.405494e-02;1.365102e-02;4.746789e-02;3.842105e-02
8.098657e-03;1.660045e-02;2.215172e-01;2.452492e-01;1.938676e-01;3.935832e-02;4.027299e-02;8.104613e-02;3.695666e-02;1.566804e-02;7.555830e-02;2.580634e-02
1.013048e-02;2.341059e-02;3.402748e-01;1.998035e-01;1.221540e-01;3.741450e-02;3.825243e-02;9.138495e-02;2.399318e-02;2.222795e-02;7.783820e-02;1.311531e-02
2.592407e-02;2.885324e-02;4.705342e-01;1.103061e-01;7.461163e-02;4.268534e-02;6.481288e-02;6.674857e-02;1.962400e-02;3.089472e-02;5.747015e-02;7.534992e-03
4.196868e-02;1.838120e-02;5.717407e-01;6.280381e-02;5.261302e-02;5.233302e-02;7.830437e-02;3.241999e-02;2.435255e-02;3.279233e-02;2.175638e-02;1.053391e-02
3.688284e-02;4.449414e-02;5.777313e-01;6.960230e-02;2.730390e-02;4.182658e-02;6.351986e-02;3.015794e-02;3.553401e-02;4.220872e-02;1.550703e-02;1.523147e-02
3.206586e-02;3.794178e-02;5.973238e-01;4.409817e-02;3.553883e-02;4.025054e-02;7.176334e-02;2.717358e-02;3.604796e-02;5.284420e-02;9.053150e-03;1.589883e-02
3.093107e-02;1.028337e-02;6.578671e-01;6.457662e-02;4.035781e-02;3.040286e-02;5.016722e-02;1.268644e-02;2.831009e-02;4.651440e-02;1.655219e-02;1.135084e-02
3.048374e-02;1.562682e-02;7.355705e-01;6.135885e-02;2.236073e-02;1.280335e-02;2.504256e-02;8.223906e-03;1.680616e-02;4.274794e-02;1.899081e-02;9.984632e-03
2.653888e-02;1.318960e-02;7.417820e-01;7.072036e-02;2.894457e-02;1.149067e-02;3.042068e-02;5.063967e-03;1.192799e-02;4.375573e-02;8.130114e-03;8.035428e-03
1.719446e-02;1.654646e-02;7.305478e-01;7.138447e-02;3.276139e-02;1.255062e-02;3.067455e-02;4.371534e-03;1.437573e-02;4.853719e-02;1.672219e-02;4.333514e-03
1.587439e-02;1.796469e-02;7.533502e-01;5.861408e-02;2.850083e-02;9.111430e-03;2.945202e-02;9.255654e-03;1.438351e-02;4.786702e-02;1.144818e-02;4.177963e-03
2.246241e-02;2.693518e-02;6.630829e-01;6.046195e-02;3.825645e-02;1.759679e-02;4.899748e-02;2.587098e-02;3.539046e-02;4.193463e-02;1.235386e-02;6.656936e-03
2.257913e-02;2.788804e-02;5.418219e-01;7.694069e-02;4.973568e-02;2.823890e-02;7.463881e-02;3.466675e-02;4.249554e-02;7.675172e-02;1.781388e-02;6.428923e-03
1.919951e-02;3.455757e-02;5.442735e-01;5.264150e-02;3.567533e-02;1.740023e-02;6.965280e-02;2.956946e-02;3.527029e-02;1.391641e-01;1.755301e-02;5.042685e-03
9.004154e-03;3.345751e-02;5.634431e-01;2.834933e-02;2.377529e-02;6.471416e-03;4.574363e-02;1.897820e-02;4.868366e-02;2.076230e-01;8.357011e-03;6.113695e-03
8.608780e-03;4.282374e-02;5.531325e-01;2.532548e-02;2.384788e-02;6.060611e-03;2.539624e-02;1.152386e-02;3.617711e-02;2.519227e-01;8.479266e-03;6.701743e-03
9.592915e-03;3.666750e-02;5.454439e-01;2.530595e-02;2.842109e-02;1.023092e-02;2.793364e-02;1.035173e-02;2.288286e-02;2.609926e-01;1.490648e-02;7.270360e-03
1.046390e-02;3.683579e-02;5.511784e-01;3.352103e-02;2.646379e-02;1.151027e-02;3.732206e-02;9.674378e-03;3.959164e-02;2.153781e-01;1.778616e-02;1.027446e-02
2.126124e-02;4.422927e-02;5.458748e-01;4.779078e-02;4.301798e-02;2.041540e-02;4.379228e-02;8.571954e-03;5.162043e-02;1.342897e-01;2.302487e-02;1.611138e-02
2.284316e-02;4.392968e-02;5.339487e-01;5.365166e-02;5.758837e-02;3.142105e-02;6.730222e-02;1.765624e-02;5.114185e-02;6.470956e-02;2.894576e-02;2.686177e-02
2.394342e-02;4.015798e-02;4.929048e-01;4.889559e-02;6.428481e-02;4.329950e-02;6.303867e-02;2.829753e-02;4.128643e-02;7.751498e-02;3.805887e-02;3.831744e-02
2.234964e-02;5.899569e-02;3.570833e-01;3.839521e-02;4.763005e-02;3.555633e-02;1.125394e-01;5.421264e-02;7.005800e-02;1.201824e-01;5.495317e-02;2.804415e-02
2.439932e-02;6.473082e-02;3.183208e-01;6.145078e-02;3.952687e-02;1.976153e-02;1.096647e-01;8.251031e-02;1.024964e-01;9.432193e-02;5.329562e-02;2.952091e-02
5.065343e-02;6.654755e-02;2.711987e-01;5.488499e-02;3.638047e-02;4.205542e-02;1.126774e-01;7.436603e-02;6.934106e-02;1.314403e-01;4.810220e-02;4.235253e-02
1.335462e-01;5.064062e-02;1.130083e-01;4.671321e-02;4.264244e-02;4.261155e-02;7.695098e-02;6.162500e-02;6.872711e-02;1.060502e-01;1.419326e-01;1.155518e-01
1.233698e-01;6.698179e-02;5.541181e-02;3.675503e-02;3.905885e-02;2.086076e-02;3.446256e-02;3.974690e-02;8.408213e-02;8.887285e-02;1.915639e-01;2.188336e-01
1.118223e-01;6.419075e-02;3.990303e-02;4.026467e-02;3.962789e-02;1.131845e-02;3.707078e-02;5.129793e-02;7.850602e-02;9.183630e-02;1.877584e-01;2.464036e-01
9.108103e-02;5.837074e-02;4.129123e-02;4.553081e-02;4.510195e-02;2.103840e-02;5.540582e-02;7.114121e-02;5.878974e-02;9.359615e-02;1.696477e-01;2.490052e-01
7.505000e-02;5.835907e-02;9.825996e-02;5.018720e-02;5.355451e-02;4.285510e-02;1.043319e-01;9.678902e-02;4.816151e-02;9.733623e-02;1.087031e-01;1.664124e-01
1.630602e-01;5.760948e-02;1.195192e-01;4.619645e-02;4.810843e-02;6.330156e-02;1.323724e-01;6.335714e-02;7.516996e-02;8.686571e-02;3.358257e-02;1.108567e-01
1.583937e-01;2.573164e-02;1.110666e-01;4.533273e-02;5.145242e-02;6.928961e-02;1.244876e-01;7.506555e-02;7.327569e-02;6.439602e-02;5.070649e-02;1.508020e-01
7.303136e-02;5.396530e-02;2.178941e-01;4.226670e-02;6.174598e-02;6.104311e-02;1.743205e-01;4.442165e-02;7.183005e-02;7.285439e-02;6.664702e-02;5.997979e-02
6.236565e-02;7.085311e-02;2.097241e-01;3.943640e-02;6.087797e-02;5.359973e-02;1.587269e-01;5.950170e-02;1.129283e-01;6.948933e-02;6.347093e-02;3.902588e-02
8.407938e-02;8.908131e-02;1.770018e-01;3.330294e-02;4.676425e-02;4.581833e-02;1.173571e-01;9.046360e-02;1.823404e-01;5.221900e-02;5.176705e-02;2.980488e-02
1.265053e-01;1.050391e-01;1.277015e-01;2.871852e-02;2.565209e-02;3.453334e-02;6.710360e-02;1.113467e-01;2.417854e-01;4.116721e-02;5.615038e-02;3.429694e-02
1.753853e-01;8.785682e-02;1.051722e-01;2.222931e-02;3.252563e-02;2.588704e-02;6.025030e-02;1.338197e-01;1.953263e-01;4.195352e-02;7.254801e-02;4.704596e-02
2.259368e-01;6.692995e-02;1.234351e-01;1.266124e-02;4.050028e-02;2.638141e-02;7.793067e-02;1.393771e-01;1.296264e-01;3.559585e-02;7.133740e-02;5.028772e-02
2.550026e-01;1.145218e-01;1.894812e-01;1.727882e-02;3.526125e-02;2.589835e-02;7.144080e-02;9.263012e-02;1.076558e-01;1.417284e-02;4.424848e-02;3.240795e-02
2.867824e-01;1.207614e-01;1.800511e-01;9.957365e-03;3.690308e-02;1.836823e-02;6.138816e-02;1.045386e-01;9.366219e-02;1.767458e-02;4.148459e-02;2.842830e-02
3.298296e-01;1.238130e-01;1.972307e-01;1.067833e-02;3.458291e-02;1.164202e-02;4.549555e-02;1.103802e-01;5.003458e-02;1.295471e-02;4.316400e-02;3.019443e-02
3.509998e-01;1.301510e-01;2.219453e-01;1.072412e-02;2.460500e-02;1.227961e-02;3.058177e-02;1.041473e-01;2.796018e-02;1.320360e-02;4.358712e-02;2.981518e-02
3.596896e-01;1.248564e-01;2.241137e-01;1.530300e-02;2.694548e-02;6.404931e-03;1.768949e-02;1.066625e-01;2.321275e-02;1.557582e-02;3.978205e-02;3.976439e-02
3.642812e-01;1.012999e-01;1.986954e-01;1.196437e-02;2.669413e-02;1.001547e-02;3.586258e-02;1.350345e-01;2.331731e-02;1.524795e-02;3.070292e-02;4.688441e-02
3.708479e-01;7.800402e-02;1.594203e-01;8.823366e-03;1.891724e-02;1.328538e-02;6.689418e-02;1.758985e-01;1.256554e-02;1.424054e-02;3.009663e-02;5.100637e-02
3.779253e-01;7.254075e-02;1.448389e-01;1.033265e-02;1.878455e-02;9.743609e-03;6.472299e-02;1.892714e-01;2.069114e-02;1.163562e-02;2.772538e-02;5.178763e-02
3.529011e-01;7.874738e-02;1.766043e-01;1.592041e-02;2.145877e-02;1.661741e-02;6.767651e-02;1.605513e-01;1.148849e-02;1.286365e-02;2.593854e-02;5.923204e-02
3.624675e-01;5.499426e-02;1.399567e-01;1.412317e-02;1.447438e-02;2.212488e-02;9.932667e-02;1.601433e-01;1.884248e-02;1.388316e-02;3.035731e-02;6.930629e-02
3.893406e-01;4.536171e-02;1.070556e-01;1.189351e-02;1.165535e-02;2.163501e-02;1.085642e-01;1.704594e-01;1.477156e-02;1.387206e-02;2.855567e-02;7.683525e-02
4.049656e-01;5.696064e-02;1.213577e-01;8.295233e-03;1.494674e-02;1.120432e-02;9.193531e-02;1.617468e-01;5.790578e-03;1.391053e-02;2.836416e-02;8.052235e-02
3.994055e-01;5.774226e-02;1.530664e-01;8.786368e-03;1.809827e-02;6.843238e-03;8.023956e-02;1.446706e-01;1.470702e-02;1.333565e-02;2.415343e-02;7.895161e-02
3.919744e-01;7.187844e-02;1.853791e-01;1.017479e-02;1.917598e-02;8.247400e-03;7.631676e-02;1.111896e-01;1.242656e-02;1.431192e-02;2.671995e-02;7.220521e-02
3.691830e-01;8.050049e-02;1.704545e-01;1.208930e-02;1.261079e-02;1.911082e-02;7.736536e-02;6.390760e-02;3.296070e-02;3.146448e-02;4.830356e-02;8.204944e-02
2.706231e-01;7.818460e-02;1.430962e-01;1.766517e-02;2.394786e-02;3.539392e-02;9.394693e-02;4.544621e-02;4.873803e-02;6.482793e-02;8.714595e-02;9.098407e-02
1.359461e-01;6.324252e-02;1.278439e-01;3.510416e-02;3.744278e-02;4.481204e-02;1.041794e-01;6.180047e-02;7.699238e-02;1.164216e-01;1.240466e-01;7.216813e-02
7.696975e-02;6.327139e-02;1.447311e-01;5.116669e-02;3.673306e-02;4.659738e-02;8.019161e-02;5.495638e-02;1.198513e-01;1.578094e-01;1.234394e-01;4.428247e-02
9.368930e-02;6.441202e-02;1.151801e-01;2.892375e-02;6.310710e-02;6.394818e-02;6.135518e-02;4.232196e-02;1.451193e-01;1.806764e-01;8.810495e-02;5.316181e-02
1.156283e-01;4.533779e-02;8.481502e-02;6.410150e-02;7.953802e-02;6.826366e-02;7.079755e-02;3.259209e-02;1.026794e-01;1.674242e-01;9.122472e-02;7.759777e-02
1.278696e-01;5.951042e-02;8.045747e-02;7.538281e-02;7.463832e-02;5.750259e-02;9.677721e-02;5.192777e-02;7.889583e-02;1.505064e-01;6.602558e-02;8.050600e-02
1.006434e-01;6.669035e-02;5.785161e-02;5.638429e-02;7.964724e-02;4.985993e-02;1.192650e-01;1.129428e-01;1.036341e-01;1.642107e-01;3.002262e-02;5.884793e-02
7.876327e-02;4.165186e-02;6.547696e-02;5.444035e-02;8.624557e-02;5.853423e-02;1.520313e-01;1.302506e-01;1.160116e-01;1.357579e-01;2.242735e-02;5.840893e-02
8.067260e-02;4.919090e-02;9.625039e-02;6.749319e-02;8.094392e-02;5.834136e-02;1.553885e-01;8.162221e-02;1.268406e-01;1.149975e-01;3.950629e-02;4.875254e-02
8.017351e-02;5.757531e-02;1.163608e-01;9.820866e-02;6.505115e-02;7.169348e-02;1.106482e-01;1.089099e-01;9.965614e-02;1.202551e-01;3.421644e-02;3.725129e-02
5.090449e-02;6.232823e-02;1.815160e-01;1.089012e-01;6.846058e-02;5.399530e-02;1.312565e-01;7.926384e-02;8.771388e-02;1.243917e-01;2.347524e-02;2.779315e-02
4.348087e-02;3.989106e-02;2.927654e-01;7.813858e-02;9.072225e-02;8.113033e-02;2.240706e-01;2.854012e-02;2.626124e-02;6.190829e-02;1.743902e-02;1.565221e-02
4.158689e-02;6.885669e-02;3.134730e-01;6.439000e-02;8.088599e-02;9.484791e-02;2.050638e-01;3.067653e-02;2.599643e-02;4.439066e-02;1.731248e-02;1.251961e-02
6.260782e-02;1.191260e-01;3.314946e-01;4.833188e-02;5.340954e-02;9.811393e-02;1.596851e-01;2.161533e-02;3.953920e-02;3.675138e-02;1.528988e-02;1.403537e-02
8.389661e-02;1.959253e-01;3.341744e-01;3.364330e-02;2.928688e-02;9.149342e-02;9.009650e-02;1.488725e-02;6.699775e-02;3.109087e-02;1.461734e-02;1.389031e-02
6.682325e-02;2.088009e-01;3.868854e-01;2.638340e-02;3.173492e-02;6.519467e-02;4.066334e-02;2.621522e-02;8.045305e-02;4.332368e-02;1.187557e-02;1.164658e-02
2.901608e-02;1.727991e-01;5.095685e-01;2.535982e-02;3.311034e-02;3.012842e-02;3.826315e-02;2.694901e-02;5.650656e-02;4.925697e-02;1.225144e-02;1.679064e-02
1.962691e-02;1.359756e-01;6.185195e-01;2.568563e-02;4.185355e-02;1.605176e-02;2.328927e-02;1.686784e-02;2.662680e-02;6.141482e-02;4.996274e-03;9.092038e-03
1.381782e-02;9.965657e-02;6.498769e-01;2.407989e-02;5.780270e-02;1.711683e-02;2.100639e-02;1.277199e-02;1.486265e-02;7.925856e-02;4.454789e-03;5.294836e-03
1.205931e-02;6.078501e-02;6.377612e-01;4.488328e-02;6.850468e-02;2.168816e-02;3.117983e-02;1.257910e-02;1.296781e-02;8.632133e-02;6.608126e-03;4.662080e-03
1.949214e-02;2.866365e-02;6.689854e-01;7.189312e-02;5.203775e-02;1.988993e-02;3.041520e-02;8.618866e-03;1.179489e-02;7.371677e-02;1.178121e-02;2.711187e-03
2.074822e-02;1.160956e-02;6.677817e-01;1.226703e-01;3.715528e-02;1.744203e-02;1.808957e-02;1.078228e-02;1.596167e-02;5.186732e-02;2.306704e-02;2.825126e-03
1.097563e-02;1.508276e-02;5.896193e-01;1.889653e-01;4.406445e-02;2.912180e-02;1.941760e-02;1.009368e-02;1.099242e-02;3.633674e-02;4.182255e-02;3.507804e-03
1.401231e-02;1.453173e-02;4.643042e-01;2.524434e-01;7.687779e-02;5.175322e-02;1.399120e-02;2.262907e-02;7.717586e-03;2.475265e-02;5.101157e-02;5.975257e-03
1.346564e-02;1.492397e-02;3.216415e-01;2.883752e-01;1.351292e-01;5.817779e-02;2.162499e-02;3.451962e-02;6.949905e-03;4.481249e-02;5.047671e-02;9.903041e-03
1.171455e-02;2.714610e-02;2.147998e-01;2.853535e-01;2.156992e-01;5.247685e-02;4.044235e-02;2.785821e-02;8.912520e-03;6.690868e-02;3.516694e-02;1.352132e-02
1.375869e-02;2.944068e-02;2.243158e-01;2.523163e-01;2.560557e-01;4.247233e-02;2.472887e-02;1.741156e-02;1.243055e-02;6.591453e-02;3.394799e-02;2.720696e-02
1.051662e-02;2.851114e-02;2.029380e-01;2.336852e-01;2.696218e-01;4.457387e-02;3.517549e-02;1.692692e-02;7.828602e-03;7.409506e-02;4.395595e-02;3.217134e-02
5.933607e-03;2.953017e-02;2.146913e-01;2.421075e-01;2.424273e-01;4.379255e-02;3.184021e-02;2.247414e-02;5.017345e-03;7.376937e-02;5.644706e-02;3.196941e-02
7.801387e-03;3.148640e-02;2.500901e-01;2.690319e-01;2.000281e-01;3.617384e-02;2.250557e-02;2.824705e-02;1.001847e-02;4.927709e-02;6.962697e-02;2.571320e-02
1.069757e-02;2.830845e-02;2.831737e-01;2.722802e-01;1.574945e-01;3.682657e-02;3.679853e-02;3.234726e-02;7.487779e-03;2.694549e-02;8.681997e-02;2.081984e-02
1.501646e-02;2.610670e-02;3.723320e-01;2.483057e-01;1.196650e-01;3.497614e-02;2.014220e-02;3.166088e-02;9.157765e-03;1.674961e-02;9.231301e-02;1.357450e-02
1.995076e-02;4.069772e-02;4.785273e-01;1.838795e-01;8.883178e-02;3.384898e-02;3.457611e-02;1.690266e-02;6.284609e-03;1.887684e-02;6.159752e-02;1.602614e-02
4.060642e-02;6.282958e-02;5.053459e-01;1.315659e-01;7.447771e-02;3.567950e-02;6.105989e-02;9.175641e-03;9.930014e-03;2.063965e-02;3.025227e-02;1.843753e-02
6.683699e-02;6.936366e-02;4.515413e-01;1.167818e-01;6.249283e-02;3.418592e-02;9.471466e-02;1.387080e-02;1.647347e-02;2.647123e-02;1.916176e-02;2.810550e-02
7.742144e-02;4.901901e-02;2.619235e-01;1.520198e-01;7.990962e-02;4.229397e-02;1.587567e-01;2.398175e-02;3.927622e-02;4.224283e-02;4.101988e-02;3.213530e-02
5.255123e-02;2.861086e-02;2.889458e-01;1.448123e-01;1.209596e-01;6.268654e-02;9.929799e-02;3.926289e-02;2.814736e-02;5.557212e-02;5.284348e-02;2.630992e-02
4.488347e-02;4.118773e-02;3.159073e-01;1.012169e-01;1.312640e-01;6.328360e-02;7.235354e-02;5.245911e-02;2.407173e-02;5.442030e-02;6.454834e-02;3.440401e-02
5.184333e-02;4.790143e-02;2.847848e-01;1.500358e-01;1.250321e-01;5.747258e-02;7.528540e-02;4.680124e-02;2.805616e-02;4.535453e-02;6.697140e-02;2.046122e-02
4.615090e-02;3.833998e-02;2.413694e-01;2.014274e-01;9.894750e-02;4.947849e-02;8.750987e-02;5.560813e-02;4.070576e-02;3.612940e-02;5.474478e-02;4.958832e-02
3.564020e-02;4.297015e-02;2.485706e-01;1.676797e-01;6.931754e-02;4.894150e-02;1.139301e-01;6.603171e-02;5.566328e-02;3.353957e-02;6.090325e-02;5.681244e-02
4.063357e-02;5.201468e-02;2.820667e-01;1.228407e-01;7.296342e-02;5.645376e-02;7.168978e-02;8.692115e-02;7.041153e-02;4.513320e-02;5.822244e-02;4.064910e-02
4.330716e-02;3.920393e-02;2.187249e-01;8.714932e-02;7.096574e-02;6.334536e-02;9.061818e-02;1.223549e-01;1.077112e-01;5.103614e-02;4.987394e-02;5.570928e-02
5.332730e-02;6.278390e-02;2.258677e-01;8.839884e-02;6.270576e-02;7.546677e-02;8.149524e-02;1.201303e-01;8.823778e-02;4.382907e-02;2.491935e-02;7.283804e-02
5.602334e-02;4.998077e-02;1.870945e-01;9.070037e-02;7.059341e-02;7.863038e-02;1.186788e-01;9.389656e-02;5.448582e-02;9.267783e-02;5.769766e-02;4.954055e-02
9.605981e-02;4.594390e-02;1.199990e-01;9.656221e-02;6.343602e-02;9.091092e-02;1.230719e-01;6.880946e-02;6.166977e-02;1.063452e-01;7.227590e-02;5.491591e-02
1.005850e-01;5.915651e-02;1.203658e-01;9.705772e-02;8.240179e-02;6.689917e-02;9.285087e-02;5.771513e-02;1.068124e-01;9.673097e-02;6.463374e-02;5.479094e-02
9.020711e-02;7.165079e-02;1.250460e-01;1.059386e-01;9.557866e-02;4.523845e-02;8.145753e-02;5.951289e-02;1.213536e-01;9.301619e-02;5.907311e-02;5.192701e-02
4.747612e-02;5.891201e-02;2.485250e-01;8.809572e-02;1.013696e-01;5.045766e-02;1.396110e-01;5.960684e-02;6.521893e-02;6.252532e-02;4.070830e-02;3.749351e-02
8.441938e-02;7.777431e-02;3.092989e-01;7.343584e-02;8.122450e-02;4.868619e-02;1.549421e-01;6.218749e-02;3.286678e-02;3.109322e-02;2.551488e-02;1.855644e-02
1.353831e-01;1.044412e-01;2.755655e-01;6.001406e-02;7.069413e-02;2.609203e-02;1.194923e-01;7.810032e-02;6.208815e-02;2.645022e-02;2.269366e-02;1.898530e-02
2.051068e-01;1.301210e-01;1.841735e-01;3.383863e-02;5.995979e-02;2.569411e-02;7.764322e-02;9.393238e-02;1.161195e-01;2.330748e-02;3.120103e-02;1.890248e-02
2.538079e-01;1.504273e-01;1.219108e-01;1.110147e-02;4.418897e-02;2.420412e-02;5.042351e-02;1.135926e-01;1.525790e-01;2.022673e-02;4.042008e-02;1.711746e-02
2.384526e-01;1.641206e-01;1.424278e-01;1.236382e-02;3.192605e-02;9.454671e-03;3.963871e-02;1.254076e-01;1.628867e-01;1.864926e-02;3.846653e-02;1.620557e-02
1.872651e-01;1.997365e-01;1.750294e-01;1.620032e-02;2.116523e-02;9.906538e-03;2.370668e-02;8.610436e-02;2.220715e-01;1.751954e-02;2.864048e-02;1.265434e-02
1.504616e-01;2.298944e-01;1.811231e-01;1.561258e-02;1.255887e-02;2.055312e-02;1.748925e-02;3.539917e-02;2.853305e-01;1.869478e-02;1.993966e-02;1.294297e-02
1.410242e-01;2.214559e-01;1.745136e-01;1.660368e-02;1.279608e-02;2.549608e-02;2.855660e-02;3.707360e-02;2.842437e-01;2.496144e-02;2.010558e-02;1.316961e-02
1.557808e-01;2.176563e-01;1.938761e-01;1.544105e-02;1.203764e-02;2.197942e-02;2.774924e-02;4.575831e-02;2.543616e-01;3.051327e-02;1.027186e-02;1.457449e-02
1.790060e-01;2.284861e-01;1.939017e-01;2.092390e-02;9.107010e-03;2.093339e-02;2.651615e-02;4.181401e-02;2.172258e-01;3.117291e-02;1.361595e-02;1.729705e-02
1.941045e-01;2.387367e-01;2.010740e-01;3.076518e-02;1.461176e-02;1.585753e-02;2.481979e-02;4.305694e-02;1.775022e-01;3.093472e-02;1.401241e-02;1.452431e-02
2.035606e-01;2.542064e-01;2.177608e-01;3.394327e-02;1.662947e-02;1.796835e-02;2.308146e-02;2.433604e-02;1.556686e-01;2.478201e-02;1.598972e-02;1.207321e-02
2.150324e-01;2.588916e-01;2.391716e-01;2.360960e-02;1.182962e-02;1.949687e-02;2.125023e-02;2.015908e-02;1.386697e-01;2.498218e-02;1.294931e-02;1.395780e-02
2.369037e-01;2.522976e-01;2.288879e-01;4.571577e-02;1.363972e-02;8.994210e-03;2.102184e-02;2.148083e-02;1.184237e-01;2.926992e-02;9.468290e-03;1.389650e-02
2.456499e-01;2.491837e-01;2.296708e-01;4.756607e-02;1.411797e-02;7.042409e-03;2.015638e-02;3.477426e-02;9.275929e-02;3.613260e-02;1.011301e-02;1.283362e-02
2.598951e-01;2.630123e-01;2.260015e-01;3.025864e-02;1.074959e-02;8.187614e-03;1.403178e-02;2.937763e-02;8.370886e-02;4.914979e-02;1.291059e-02;1.271661e-02
2.501328e-01;2.602106e-01;2.506094e-01;2.276590e-02;1.012029e-02;8.293767e-03;1.845264e-02;2.254849e-02;7.383104e-02;5.504739e-02;1.569712e-02;1.229055e-02
2.495922e-01;2.561088e-01;2.663495e-01;1.896463e-02;1.208176e-02;9.470275e-03;2.316872e-02;2.390867e-02;6.687035e-02;4.953720e-02;1.049986e-02;1.344807e-02
2.791047e-01;2.672342e-01;2.378729e-01;1.929507e-02;1.381220e-02;1.084232e-02;1.783691e-02;2.509053e-02;7.989188e-02;2.769651e-02;6.909601e-03;1.441316e-02
3.002288e-01;2.684806e-01;2.521259e-01;1.695282e-02;1.104720e-02;7.997368e-03;1.405520e-02;1.602944e-02;7.874972e-02;1.511130e-02;8.186233e-03;1.103529e-02
3.357829e-01;2.716066e-01;2.158400e-01;1.167181e-02;1.202764e-02;9.136032e-03;1.971920e-02;1.449482e-02;6.898642e-02;2.077878e-02;7.951482e-03;1.200437e-02
3.506200e-01;2.586027e-01;2.115539e-01;1.190696e-02;1.423472e-02;1.257545e-02;2.818325e-02;2.508785e-02;4.315539e-02;1.932026e-02;9.940071e-03;1.481936e-02
3.805096e-01;2.527121e-01;1.966206e-01;1.162191e-02;1.566232e-02;1.487051e-02;1.943551e-02;3.298990e-02;2.498760e-02;1.752673e-02;1.042553e-02;2.263775e-02
3.996648e-01;2.431911e-01;2.033575e-01;8.570267e-03;1.361787e-02;1.077436e-02;1.734027e-02;2.966655e-02;2.652388e-02;1.479322e-02;1.018185e-02;2.231824e-02
3.858309e-01;2.284742e-01;2.460684e-01;7.600338e-03;1.125551e-02;7.911352e-03;1.613858e-02;2.358065e-02;2.665249e-02;1.679498e-02;1.104195e-02;1.865061e-02
3.871376e-01;2.126091e-01;2.559642e-01;9.185662e-03;1.275890e-02;7.281983e-03;2.732215e-02;1.621736e-02;1.931635e-02;1.601700e-02;1.353192e-02;2.265780e-02
3.980951e-01;1.960365e-01;2.499311e-01;9.581318e-03;1.126148e-02;1.075369e-02;3.008924e-02;1.946218e-02;1.985904e-02;1.522409e-02;1.486511e-02;2.484123e-02
3.993312e-01;1.881459e-01;2.605892e-01;1.064015e-02;1.212359e-02;1.043424e-02;1.526066e-02;1.846489e-02;2.093605e-02;1.827035e-02;1.517671e-02;3.062722e-02
4.074845e-01;1.822500e-01;2.505364e-01;1.010192e-02;1.379613e-02;8.905414e-03;2.247989e-02;2.176067e-02;1.885502e-02;1.848822e-02;1.652293e-02;2.881889e-02
4.161055e-01;1.698868e-01;2.588216e-01;1.004242e-02;1.510356e-02;6.620600e-03;3.319544e-02;2.007938e-02;1.105271e-02;1.053003e-02;1.425779e-02;3.430417e-02
3.953392e-01;1.640770e-01;2.741507e-01;1.204016e-02;1.421377e-02;9.594960e-03;2.290086e-02;2.099643e-02;2.569655e-02;1.043169e-02;1.699211e-02;3.356648e-02
3.796293e-01;1.537957e-01;2.743505e-01;1.302046e-02;1.657705e-02;1.220836e-02;2.069724e-02;4.210312e-02;2.662337e-02;1.173913e-02;1.500188e-02;3.425388e-02
3.566029e-01;1.471593e-01;2.912751e-01;1.183982e-02;1.409326e-02;1.212655e-02;2.167201e-02;5.872774e-02;2.594408e-02;1.521499e-02;1.685928e-02;2.848493e-02
3.372560e-01;1.448138e-01;2.909651e-01;1.384435e-02;1.335274e-02;1.130336e-02;4.542996e-02;5.688197e-02;2.440235e-02;1.579986e-02;2.017600e-02;2.577454e-02
3.537022e-01;1.505144e-01;2.586969e-01;1.296471e-02;1.213109e-02;9.695977e-03;5.476213e-02;5.694905e-02;2.861976e-02;1.373660e-02;2.056765e-02;2.765950e-02
3.442588e-01;1.637658e-01;2.782922e-01;1.252139e-02;1.822266e-02;9.938682e-03;4.026021e-02;4.459181e-02;3.280569e-02;1.039090e-02;2.035280e-02;2.459912e-02
3.538585e-01;1.498610e-01;2.482904e-01;1.488981e-02;1.505708e-02;1.684121e-02;3.689627e-02;5.660284e-02;3.382371e-02;1.515229e-02;1.972959e-02;3.899722e-02
3.875119e-01;1.103571e-01;1.470426e-01;1.532419e-02;1.801295e-02;2.244533e-02;5.950506e-02;7.230011e-02;3.844741e-02;3.787719e-02;3.427583e-02;5.690041e-02
3.959826e-01;1.001547e-01;5.171954e-02;1.394798e-02;2.450969e-02;3.188425e-02;6.276104e-02;7.331394e-02;4.613968e-02;7.466892e-02;5.362144e-02;7.129627e-02
3.038308e-01;9.301196e-02;1.905764e-01;1.797391e-02;3.220477e-02;2.847169e-02;5.337004e-02;4.783277e-02;3.817187e-02;6.771099e-02;5.944486e-02;6.739994e-02
2.213023e-01;6.221598e-02;2.384572e-01;2.814689e-02;5.412958e-02;3.261382e-02;8.103735e-02;3.826881e-02;3.975618e-02;7.298458e-02;6.841449e-02;6.267282e-02
1.289254e-01;5.913174e-02;1.987308e-01;4.463335e-02;7.454882e-02;3.953446e-02;8.914807e-02;4.072157e-02;6.115803e-02;1.109204e-01;8.730554e-02;6.524181e-02
6.717161e-02;6.860781e-02;1.479084e-01;7.223263e-02;8.555961e-02;4.767096e-02;9.219025e-02;6.533801e-02;1.169316e-01;1.302962e-01;7.002831e-02;3.606464e-02
6.253082e-02;6.407008e-02;1.077098e-01;1.060055e-01;8.427550e-02;4.768604e-02;1.130758e-01;7.835455e-02;1.210695e-01;1.275701e-01;6.930221e-02;1.835014e-02
7.136240e-02;7.053685e-02;1.023977e-01;1.030153e-01;7.345863e-02;4.803069e-02;1.242370e-01;1.035131e-01;1.123321e-01;1.043171e-01;6.283217e-02;2.396693e-02
8.101045e-02;7.325585e-02;8.495674e-02;8.894414e-02;8.051955e-02;5.508109e-02;1.242068e-01;1.170370e-01;8.460938e-02;9.289044e-02;7.617736e-02;4.131123e-02
6.116166e-02;5.732822e-02;1.097682e-01;7.828392e-02;9.819134e-02;8.889141e-02;1.175077e-01;8.270340e-02;7.893205e-02;7.769038e-02;8.758657e-02;6.195508e-02
6.460320e-02;4.579069e-02;1.527049e-01;4.462001e-02;1.009627e-01;1.001743e-01;1.029882e-01;8.523504e-02;1.029704e-01;9.121067e-02;5.051155e-02;5.822840e-02
8.508735e-02;3.887559e-02;1.558342e-01;7.469513e-02;9.024877e-02;6.824727e-02;5.922091e-02;6.830114e-02;1.066492e-01;1.459709e-01;4.208618e-02;6.478336e-02
9.475739e-02;4.504091e-02;1.181556e-01;6.700204e-02;7.639977e-02;8.270252e-02;7.782590e-02;7.331481e-02;1.283313e-01;1.363591e-01;5.450583e-02;4.560493e-02
9.324931e-02;5.910108e-02;1.216236e-01;5.729846e-02;8.078242e-02;8.896548e-02;1.273899e-01;6.332854e-02;1.168594e-01;1.013419e-01;5.941869e-02;3.064112e-02
1.203399e-01;6.697463e-02;1.116391e-01;5.121805e-02;8.280694e-02;8.600155e-02;1.073564e-01;6.055374e-02;1.081086e-01;9.073075e-02;7.419159e-02;4.007871e-02
1.507064e-01;6.059651e-02;6.070141e-02;4.855259e-02;7.755305e-02;9.248639e-02;1.455537e-01;7.288220e-02;5.946068e-02;9.276228e-02;7.308172e-02;6.566306e-02
1.031965e-01;7.074030e-02;8.228061e-02;5.499051e-02;7.547149e-02;6.781666e-02;1.200712e-01;6.241043e-02;8.602207e-02;1.026872e-01;1.003070e-01;7.400601e-02
8.150732e-02;4.747977e-02;1.103548e-01;5.024553e-02;6.638239e-02;7.799882e-02;1.037609e-01;6.334268e-02;1.211119e-01;8.927589e-02;8.659543e-02;1.019446e-01
7.169217e-02;2.033849e-02;1.305243e-01;5.159644e-02;6.201648e-02;9.313227e-02;1.397461e-01;1.116178e-01;1.171004e-01;8.160192e-02;3.972098e-02;8.091265e-02
7.570940e-02;3.873218e-02;1.243672e-01;6.194609e-02;7.820138e-02;6.678950e-02;1.321828e-01;1.043543e-01;1.535529e-01;6.478225e-02;4.185708e-02;5.752478e-02
9.002513e-02;3.685756e-02;1.412663e-01;7.618562e-02;7.878269e-02;5.966267e-02;1.039420e-01;9.870579e-02;1.340101e-01;7.343626e-02;5.041489e-02;5.671094e-02
9.676798e-02;2.918328e-02;1.106740e-01;7.339043e-02;6.935671e-02;5.611886e-02;1.455164e-01;9.939916e-02;8.592277e-02;9.448432e-02;8.119328e-02;5.799273e-02
8.675607e-02;4.704938e-02;6.865165e-02;4.142884e-02;7.128302e-02;7.375339e-02;1.561895e-01;8.884560e-02;1.438991e-01;1.085452e-01;6.723727e-02;4.636094e-02
7.762558e-02;6.691365e-02;1.075777e-01;3.455656e-02;8.230627e-02;6.611396e-02;1.189674e-01;8.498403e-02;1.497895e-01;1.034494e-01;7.502998e-02;3.268594e-02
9.377363e-02;7.014304e-02;9.418719e-02;7.495013e-02;7.187291e-02;7.144894e-02;8.894157e-02;1.076797e-01;9.941921e-02;1.107442e-01;7.880621e-02;3.803338e-02
8.424637e-02;6.233763e-02;1.215555e-01;8.920649e-02;4.584338e-02;6.447738e-02;1.040023e-01;9.440371e-02;1.135886e-01;8.402152e-02;7.450944e-02;6.180768e-02
7.414439e-02;5.563678e-02;1.548769e-01;5.929539e-02;6.656756e-02;7.199813e-02;1.018817e-01;9.775336e-02;1.016840e-01;8.017204e-02;7.113794e-02;6.485192e-02
9.190463e-02;8.063954e-02;1.332237e-01;3.347715e-02;7.246041e-02;7.085859e-02;7.891047e-02;1.114463e-01;4.777545e-02;1.158518e-01;9.839276e-02;6.505920e-02
9.013887e-02;6.820203e-02;8.249520e-02;2.877910e-02;6.495250e-02;7.441984e-02;1.289885e-01;8.349550e-02;9.182054e-02;1.144803e-01;1.318499e-01;4.037769e-02
5.766890e-02;7.478565e-02;1.412906e-01;3.371881e-02;7.019802e-02;9.354751e-02;1.744885e-01;4.967573e-02;6.072950e-02;7.804767e-02;9.897643e-02;6.687266e-02
3.363782e-02;7.686064e-02;1.734919e-01;5.534590e-02;6.785196e-02;8.347713e-02;1.696415e-01;5.634600e-02;5.443469e-02;7.692922e-02;6.955653e-02;8.242669e-02
4.263503e-02;4.965198e-02;1.745694e-01;6.674914e-02;8.233193e-02;6.969787e-02;1.608908e-01;5.996575e-02;7.547013e-02;6.546412e-02;7.605039e-02;7.652341e-02
5.368437e-02;3.392793e-02;1.551340e-01;5.776475e-02;8.048298e-02;8.935244e-02;1.760302e-01;4.251383e-02;8.915109e-02;7.492182e-02;7.505288e-02;7.198366e-02
9.186113e-02;6.625345e-02;1.453876e-01;5.567823e-02;6.267692e-02;9.185511e-02;1.506849e-01;4.123918e-02;7.757803e-02;7.241825e-02;7.279507e-02;7.157211e-02
1.085130e-01;5.411174e-02;2.185587e-01;4.281648e-02;5.004209e-02;5.575218e-02;1.885062e-01;4.452943e-02;6.802177e-02;6.649277e-02;4.677535e-02;5.588030e-02
8.988418e-02;6.607653e-02;2.208611e-01;3.230352e-02;4.550037e-02;7.452492e-02;1.905249e-01;6.702457e-02;7.330599e-02;6.012146e-02;3.007526e-02;4.979717e-02
7.186007e-02;5.320384e-02;1.923038e-01;4.343465e-02;7.304306e-02;8.595395e-02;1.424589e-01;8.640915e-02;8.163303e-02;9.045082e-02;3.704108e-02;4.220771e-02
8.000091e-02;9.032221e-02;1.620907e-01;4.382997e-02;7.605189e-02;7.410715e-02;9.476288e-02;7.023749e-02;7.568270e-02;1.357081e-01;6.750803e-02;2.969805e-02
7.075948e-02;9.227181e-02;1.417556e-01;4.607466e-02;6.776343e-02;7.260915e-02;8.798072e-02;5.158434e-02;9.449308e-02;1.380472e-01;7.621831e-02;6.044224e-02
8.656479e-02;6.498975e-02;1.261627e-01;5.665564e-02;4.886703e-02;6.456953e-02;7.205153e-02;6.718339e-02;1.169715e-01;1.268461e-01;9.219413e-02;7.694391e-02
7.125740e-02;7.060947e-02;1.210155e-01;6.350735e-02;4.472768e-02;5.435305e-02;9.666496e-02;1.060267e-01;9.772261e-02;9.544400e-02;1.038514e-01;7.481994e-02
7.886747e-02;8.443030e-02;7.115728e-02;6.441361e-02;5.407269e-02;6.029746e-02;1.473256e-01;9.887008e-02;1.112883e-01;8.443002e-02;7.481188e-02;7.003530e-02
5.888818e-02;6.291915e-02;7.920731e-02;4.840374e-02;8.847442e-02;7.236001e-02;1.751694e-01;7.051722e-02;1.020831e-01;9.650867e-02;6.954415e-02;7.592463e-02
6.370779e-02;2.967975e-02;1.708132e-01;3.650552e-02;7.626140e-02;8.661728e-02;1.810112e-01;5.687829e-02;8.424518e-02;9.091432e-02;6.779327e-02;5.557281e-02
8.422651e-02;3.621836e-02;2.453934e-01;3.521838e-02;6.350536e-02;8.521033e-02;1.222864e-01;4.536309e-02;7.999589e-02;8.848429e-02;5.884505e-02;5.525289e-02
8.411086e-02;6.109178e-02;2.672052e-01;4.382644e-02;4.455103e-02;7.644555e-02;9.349229e-02;2.977999e-02;8.508062e-02;8.656043e-02;5.642035e-02;7.143545e-02
9.254707e-02;7.496005e-02;2.212595e-01;7.315166e-02;3.375972e-02;8.214977e-02;8.301154e-02;5.562794e-02;8.350366e-02;6.175552e-02;7.063463e-02;6.763893e-02
5.602686e-02;4.632154e-02;1.513515e-01;7.524049e-02;4.377014e-02;9.233581e-02;1.610404e-01;9.202182e-02;9.778916e-02;6.256533e-02;8.012173e-02;4.141517e-02
5.653981e-02;3.142056e-02;1.297735e-01;5.169286e-02;6.688207e-02;1.013171e-01;1.900263e-01;1.034342e-01;1.018408e-01;6.724165e-02;7.146873e-02;2.836244e-02
7.022230e-02;2.781189e-02;1.190840e-01;5.338238e-02;8.147593e-02;8.996693e-02;1.699740e-01;8.142703e-02;1.221920e-01;6.083451e-02;7.518135e-02;4.844767e-02
8.118915e-02;4.722834e-02;1.296075e-01;4.870005e-02;1.009342e-01;4.593089e-02;1.528455e-01;9.310231e-02;7.934658e-02;4.472787e-02;1.221507e-01;5.423691e-02
7.548153e-02;5.498043e-02;1.236245e-01;5.686728e-02;7.647557e-02;6.888562e-02;1.637287e-01;7.864708e-02;7.598104e-02;6.922185e-02;8.547878e-02;7.062762e-02
7.064985e-02;5.415341e-02;1.214888e-01;6.539258e-02;5.502988e-02;8.675794e-02;1.526011e-01;6.405316e-02;8.497954e-02;7.987832e-02;8.078080e-02;8.423459e-02
