1.864454e-01;7.815054e-02;1.473012e-01;6.370232e-02;6.775121e-02;7.404774e-02;1.305732e-01;4.256394e-02;5.694809e-02;4.648629e-02;3.673706e-02;6.929308e-02
1.783540e-01;4.920426e-02;1.244675e-01;6.973626e-02;7.605644e-02;7.639571e-02;1.436927e-01;4.462416e-02;5.922978e-02;4.487344e-02;5.364601e-02;7.971961e-02
9.008919e-02;1.085721e-01;8.908609e-02;6.343135e-02;6.834563e-02;8.052969e-02;1.499414e-01;8.884970e-02;7.731655e-02;5.807886e-02;5.473617e-02;7.102328e-02
9.109183e-02;8.285004e-02;2.932409e-01;5.630211e-02;5.032184e-02;4.970117e-02;1.205485e-01;5.089796e-02;6.864256e-02;5.529851e-02;4.099662e-02;4.010789e-02
1.301706e-01;1.176203e-01;3.244881e-01;6.333414e-02;4.814149e-02;3.081965e-02;8.542309e-02;2.337815e-02;4.889381e-02;4.594184e-02;4.907258e-02;3.271615e-02
1.965583e-01;1.098506e-01;2.551242e-01;5.964864e-02;5.107752e-02;2.851972e-02;8.757225e-02;3.378316e-02;3.556513e-02;4.517190e-02;4.566837e-02;5.146020e-02
3.046449e-01;8.661677e-02;1.668749e-01;5.416346e-02;6.738651e-02;2.175106e-02;7.731056e-02;5.719123e-02;2.299695e-02;3.774972e-02;3.913205e-02;6.418183e-02
4.231891e-01;1.023349e-01;7.308236e-02;3.309239e-02;9.849682e-02;3.028540e-02;4.141160e-02;8.304185e-02;1.947113e-02;1.687738e-02;2.472369e-02;5.399342e-02
3.921610e-01;1.789924e-01;9.519205e-02;1.600271e-02;7.685933e-02;5.801471e-02;2.043489e-02;5.957845e-02;4.131278e-02;7.490703e-03;2.032226e-02;3.363869e-02
3.322887e-01;2.549641e-01;1.339063e-01;1.318386e-02;3.412757e-02;6.775744e-02;1.981282e-02;2.521986e-02;8.409014e-02;6.760810e-03;1.190974e-02;1.597870e-02
2.965136e-01;2.914892e-01;1.569344e-01;1.086116e-02;1.000230e-02;4.500640e-02;1.273398e-02;1.811252e-02;1.373503e-01;7.114962e-03;5.752247e-03;8.128857e-03
2.940091e-01;2.676416e-01;1.603812e-01;1.215797e-02;1.752588e-02;3.103234e-02;6.710888e-03;2.586480e-02;1.499429e-01;9.100444e-03;1.125049e-02;1.438238e-02
2.797901e-01;2.181416e-01;1.698213e-01;1.706800e-02;3.007393e-02;2.291285e-02;2.020963e-02;4.335777e-02;1.165263e-01;1.875813e-02;2.562449e-02;3.771600e-02
2.210952e-01;1.980114e-01;1.436830e-01;2.641472e-02;3.306735e-02;3.431563e-02;3.242961e-02;7.424213e-02;7.716876e-02;4.790105e-02;4.184890e-02;6.982221e-02
1.406395e-01;1.606586e-01;1.532362e-01;3.419669e-02;4.491170e-02;5.215949e-02;3.610588e-02;7.501705e-02;8.004285e-02;8.392751e-02;5.109239e-02;8.801217e-02
1.261533e-01;8.230706e-02;1.525372e-01;3.309703e-02;5.588416e-02;6.212414e-02;4.953006e-02;5.374665e-02;1.141525e-01;9.771166e-02;3.502088e-02;1.377354e-01
7.517876e-02;9.247257e-02;1.527883e-01;4.323478e-02;6.054477e-02;3.649688e-02;6.630538e-02;4.017955e-02;8.991905e-02;1.336849e-01;6.184294e-02;1.473522e-01
1.425178e-01;1.286356e-01;1.262014e-01;4.764614e-02;5.984963e-02;4.315317e-02;4.696996e-02;3.928848e-02;6.573225e-02;9.692674e-02;1.112559e-01;9.182294e-02
1.970386e-01;1.343964e-01;1.428146e-01;5.156741e-02;4.353296e-02;3.013969e-02;5.781257e-02;4.035721e-02;5.676183e-02;7.147573e-02;8.828934e-02;8.581376e-02
1.650585e-01;6.421898e-02;2.860067e-01;5.297906e-02;5.894360e-02;3.315872e-02;8.368875e-02;3.689852e-02;5.708324e-02;4.396963e-02;5.605137e-02;6.194294e-02
1.107689e-01;7.609427e-02;3.726774e-01;5.102778e-02;5.638688e-02;3.682793e-02;8.620988e-02;2.959581e-02;3.783508e-02;4.099099e-02;4.487722e-02;5.670794e-02
8.201569e-02;1.208335e-01;4.158068e-01;4.570752e-02;3.159248e-02;2.374077e-02;4.606332e-02;2.761706e-02;4.040401e-02;4.922289e-02;3.311938e-02;8.387662e-02
1.041805e-01;1.750209e-01;3.843360e-01;2.836208e-02;2.495465e-02;2.364204e-02;2.078813e-02;3.079158e-02;6.552344e-02;3.666922e-02;2.030497e-02;8.542650e-02
2.178432e-01;1.719809e-01;2.742399e-01;2.429622e-02;4.173746e-02;2.534950e-02;2.287802e-02;4.580704e-02;7.429878e-02;1.839765e-02;2.331363e-02;5.985769e-02
2.399568e-01;1.162114e-01;1.714501e-01;6.877455e-02;4.697120e-02;1.809041e-02;7.636550e-02;6.031850e-02;4.009087e-02;3.487755e-02;4.505660e-02;8.183649e-02
9.257872e-02;1.057875e-01;1.628832e-01;1.313025e-01;3.120318e-02;2.549598e-02;1.288723e-01;5.886167e-02;2.442965e-02;6.440393e-02;4.094293e-02;1.332385e-01
1.870614e-01;7.178767e-02;1.502680e-01;1.160012e-01;4.733764e-02;2.124821e-02;1.107391e-01;7.968455e-02;2.641349e-02;5.419280e-02;2.494478e-02;1.103211e-01
2.539914e-01;1.144238e-01;1.295979e-01;5.673250e-02;7.763916e-02;2.689207e-02;6.027360e-02;1.157726e-01;5.153078e-02;3.059981e-02;2.604139e-02;5.650494e-02
2.320296e-01;1.935094e-01;1.428290e-01;2.087206e-02;6.161828e-02;1.674167e-02;4.112816e-02;1.089415e-01;1.041278e-01;2.280428e-02;3.200780e-02;2.339055e-02
2.092651e-01;2.482142e-01;1.501973e-01;1.529521e-02;2.568899e-02;6.260948e-03;4.834300e-02;7.033824e-02;1.567321e-01;2.833506e-02;2.929228e-02;1.203761e-02
2.596532e-01;2.496134e-01;1.002383e-01;1.189509e-02;1.304040e-02;6.139301e-03;6.823176e-02;5.037265e-02;1.397380e-01;2.854622e-02;2.818274e-02;4.434891e-02
3.457895e-01;2.171723e-01;5.911905e-02;8.244103e-03;2.675684e-02;7.004574e-03;7.144785e-02;5.335779e-02;7.904938e-02;1.712059e-02;4.028049e-02;7.465756e-02
4.082718e-01;1.750907e-01;8.540097e-02;8.528427e-03;5.295159e-02;8.158171e-03;4.951543e-02;5.599982e-02;3.243050e-02;7.529736e-03;4.641654e-02;6.970630e-02
4.166175e-01;1.176128e-01;1.541684e-01;2.044644e-02;6.625839e-02;1.421745e-02;2.802828e-02;4.318115e-02;2.276306e-02;1.150329e-02;4.450606e-02;6.069718e-02
3.089282e-01;1.569126e-01;2.298318e-01;4.283723e-02;4.838326e-02;1.985755e-02;3.753458e-02;2.133349e-02;4.388734e-02;1.983249e-02;2.420081e-02;4.646074e-02
2.337199e-01;1.841014e-01;2.566522e-01;5.362056e-02;3.596627e-02;2.067145e-02;5.090295e-02;3.805330e-02;4.608739e-02;2.469210e-02;3.214951e-02;2.338297e-02
1.899726e-01;1.709403e-01;2.771263e-01;5.822224e-02;3.375288e-02;1.865619e-02;6.039863e-02;5.263961e-02;2.982852e-02;3.275555e-02;4.586111e-02;2.984614e-02
1.490390e-01;2.072110e-01;2.775592e-01;3.977042e-02;3.669311e-02;1.856427e-02;6.701725e-02;3.784133e-02;3.106268e-02;4.497341e-02;5.115062e-02;3.911773e-02
2.434383e-01;2.320413e-01;2.280684e-01;2.541318e-02;4.447475e-02;1.399652e-02;4.603300e-02;1.666705e-02;3.923579e-02;3.099829e-02;3.827207e-02;4.136128e-02
2.214896e-01;2.071032e-01;2.275752e-01;3.275947e-02;5.479440e-02;1.968282e-02;4.540125e-02;3.226328e-02;4.532771e-02;2.483845e-02;3.390856e-02;5.485613e-02
1.101533e-01;1.205031e-01;1.327389e-01;8.299790e-02;8.133890e-02;3.994931e-02;9.720308e-02;4.089079e-02;9.210619e-02;5.639989e-02;5.107590e-02;9.464272e-02
6.766953e-02;7.627264e-02;1.566392e-01;9.455111e-02;7.061455e-02;4.934581e-02;1.075981e-01;3.703708e-02;9.210603e-02;6.461001e-02;6.628393e-02;1.172720e-01
7.881341e-02;7.017801e-02;2.211667e-01;8.251508e-02;6.709468e-02;5.211630e-02;1.160115e-01;3.497094e-02;7.374579e-02;5.102037e-02;5.802982e-02;9.433738e-02
1.094102e-01;1.045312e-01;2.233402e-01;6.433876e-02;6.172780e-02;3.958614e-02;1.031778e-01;4.542837e-02;5.957226e-02;3.274992e-02;9.558128e-02;6.055600e-02
1.398046e-01;1.624296e-01;1.579535e-01;5.005844e-02;4.704844e-02;4.117813e-02;6.629758e-02;3.824709e-02;7.582784e-02;3.761348e-02;1.086931e-01;7.484829e-02
1.043800e-01;2.190517e-01;2.261523e-01;3.544870e-02;2.247726e-02;5.153088e-02;2.619382e-02;2.416461e-02;9.659023e-02;4.520905e-02;6.103858e-02;8.776299e-02
2.739648e-02;2.568542e-01;3.187453e-01;2.526763e-02;1.208785e-02;5.453635e-02;9.599468e-03;2.247750e-02;1.068342e-01;3.364254e-02;3.080266e-02;1.017559e-01
1.388524e-01;2.567445e-01;2.337674e-01;2.415862e-02;1.852098e-02;3.410295e-02;9.461382e-03;3.023539e-02;8.043786e-02;1.781223e-02;8.472281e-02;7.118358e-02
2.999290e-01;2.148295e-01;1.233213e-01;1.328256e-02;3.390261e-02;1.285855e-02;9.773623e-03;4.642877e-02;3.399961e-02;9.800727e-03;1.607995e-01;4.107426e-02
3.847202e-01;1.572832e-01;8.093996e-02;7.640862e-03;3.858086e-02;4.411086e-03;8.632557e-03;4.971348e-02;1.617443e-02;1.117599e-02;2.023298e-01;3.839768e-02
3.337094e-01;1.547417e-01;1.067366e-01;8.087914e-03;2.950041e-02;4.357947e-03;1.733868e-02;2.973341e-02;4.372877e-02;2.709401e-02;1.951940e-01;4.977719e-02
2.585589e-01;1.385461e-01;1.478028e-01;1.548141e-02;2.057395e-02;7.876001e-03;2.972628e-02;4.019528e-02;5.362684e-02;7.876852e-02;1.611554e-01;4.768845e-02
2.049610e-01;5.721923e-02;1.735478e-01;2.113042e-02;1.613664e-02;2.262601e-02;4.930720e-02;6.941286e-02;4.593851e-02;1.619221e-01;1.303959e-01;4.740229e-02
1.397378e-01;1.255769e-01;1.386707e-01;2.203934e-02;3.148619e-02;2.430370e-02;4.917796e-02;4.933716e-02;4.936341e-02;1.290459e-01;1.817545e-01;5.950642e-02
1.485408e-01;1.490705e-01;1.225163e-01;1.894228e-02;4.165364e-02;1.857361e-02;4.089618e-02;3.446657e-02;5.719344e-02;1.298912e-01;1.539894e-01;8.426608e-02
2.197891e-01;1.685270e-01;1.330408e-01;1.754421e-02;2.533471e-02;1.496988e-02;4.397358e-02;3.172081e-02;4.288044e-02;9.923717e-02;1.307233e-01;7.225907e-02
1.994927e-01;1.279087e-01;2.336324e-01;2.801997e-02;1.769688e-02;2.155717e-02;3.806694e-02;5.030855e-02;4.755956e-02;6.872509e-02;9.661060e-02;7.042143e-02
1.884623e-01;1.439420e-01;2.884070e-01;3.445126e-02;3.112732e-02;1.602463e-02;2.488239e-02;5.780750e-02;4.404049e-02;4.170081e-02;6.823895e-02;6.091531e-02
1.703983e-01;2.348538e-01;2.957036e-01;4.155845e-02;2.843590e-02;1.598788e-02;2.584364e-02;4.159300e-02;5.930753e-02;1.854468e-02;4.398510e-02;2.378816e-02
1.562216e-01;3.017719e-01;2.667105e-01;6.657527e-02;1.532735e-02;1.879168e-02;2.250944e-02;2.309236e-02;7.776049e-02;1.336356e-02;2.011994e-02;1.775597e-02
2.246583e-01;3.253664e-01;1.789748e-01;6.665614e-02;2.172832e-02;1.446175e-02;2.664374e-02;2.302191e-02;6.336115e-02;1.257441e-02;2.551786e-02;1.703518e-02
3.437783e-01;3.050950e-01;1.121670e-01;3.110245e-02;4.179848e-02;4.772358e-03;2.300582e-02;4.032933e-02;3.270134e-02;7.986115e-03;4.322460e-02;1.403917e-02
4.041633e-01;2.900254e-01;1.063014e-01;7.949717e-03;5.588056e-02;3.154193e-03;1.213063e-02;4.523376e-02;1.055708e-02;3.765949e-03;4.720679e-02;1.363125e-02
4.317548e-01;2.794726e-01;1.027372e-01;3.867432e-03;5.767482e-02;2.509697e-03;7.251511e-03;5.091674e-02;7.549759e-03;2.889504e-03;4.386527e-02;9.510592e-03
4.732169e-01;2.354208e-01;9.352189e-02;4.281151e-03;5.589259e-02;2.483928e-03;6.651439e-03;5.626537e-02;1.594092e-02;2.294937e-03;4.044397e-02;1.358610e-02
5.253121e-01;1.646676e-01;8.338626e-02;4.657106e-03;5.111871e-02;3.198327e-03;1.066621e-02;6.176865e-02;1.901614e-02;3.330338e-03;4.619533e-02;2.668329e-02
5.162916e-01;1.131872e-01;9.320184e-02;5.715787e-03;4.545696e-02;3.157497e-03;1.905721e-02;6.964284e-02;2.471914e-02;1.077163e-02;5.384352e-02;4.495479e-02
4.737571e-01;8.278875e-02;1.332059e-01;1.031320e-02;3.860506e-02;8.345590e-03;2.382189e-02;7.911176e-02;2.581346e-02;1.969964e-02;4.464640e-02;5.989129e-02
4.466235e-01;1.181791e-01;1.375976e-01;8.441321e-03;4.967842e-02;4.177100e-03;2.186387e-02;7.365946e-02;1.525853e-02;1.358601e-02;6.354327e-02;4.739173e-02
4.366159e-01;1.884719e-01;9.122259e-02;1.469617e-02;4.470038e-02;4.430643e-03;2.650126e-02;4.950359e-02;2.055932e-02;8.647603e-03;7.812276e-02;3.652792e-02
4.098451e-01;2.454890e-01;6.736326e-02;4.042383e-02;3.191948e-02;1.360693e-02;2.852504e-02;2.319140e-02;3.399152e-02;1.096156e-02;6.251388e-02;3.216903e-02
3.504586e-01;2.668006e-01;9.902290e-02;6.392052e-02;3.292776e-02;2.897928e-02;2.238706e-02;1.398756e-02;4.468424e-02;1.338322e-02;3.308334e-02;3.036490e-02
3.210995e-01;2.492510e-01;1.193842e-01;5.474747e-02;4.355315e-02;4.377245e-02;2.020492e-02;2.092435e-02;4.050671e-02;1.973304e-02;3.446532e-02;3.235781e-02
2.623641e-01;2.399755e-01;1.250178e-01;4.442014e-02;4.260965e-02;5.496177e-02;2.962787e-02;3.994465e-02;3.380156e-02;3.265738e-02;5.419813e-02;4.042153e-02
1.046491e-01;2.629236e-01;1.860331e-01;4.496603e-02;6.445082e-02;3.884983e-02;5.511514e-02;5.352479e-02;6.692319e-02;3.384634e-02;4.202204e-02;4.669601e-02
1.813704e-01;1.677562e-01;1.209404e-01;9.952053e-02;5.944775e-02;4.943904e-02;5.231055e-02;7.876869e-02;5.063165e-02;4.126539e-02;4.964901e-02;4.890045e-02
1.128929e-01;9.695925e-02;8.530536e-02;1.260594e-01;6.978888e-02;8.410091e-02;5.754058e-02;7.104328e-02;4.444480e-02;6.124103e-02;1.019374e-01;8.868614e-02
1.258103e-01;7.786452e-02;8.731495e-02;8.219381e-02;6.524765e-02;8.683277e-02;8.758243e-02;5.946306e-02;4.741189e-02;6.326485e-02;1.075079e-01;1.095059e-01
1.446571e-01;7.547516e-02;1.137505e-01;5.824383e-02;6.069311e-02;7.579305e-02;1.170095e-01;5.276288e-02;3.522614e-02;6.201569e-02;9.145658e-02;1.129164e-01
1.516487e-01;9.262765e-02;1.950961e-01;5.983732e-02;6.124941e-02;5.048819e-02;1.426389e-01;3.912689e-02;1.981938e-02;4.231637e-02;5.144466e-02;9.370645e-02
1.707646e-01;1.192141e-01;2.347468e-01;5.856125e-02;6.203236e-02;2.923821e-02;9.235187e-02;7.131957e-02;3.711258e-02;3.248276e-02;4.890985e-02;4.326613e-02
2.450369e-01;1.161679e-01;1.859010e-01;4.689559e-02;5.787121e-02;1.997278e-02;5.101032e-02;1.226507e-01;3.482489e-02;4.898610e-02;3.807201e-02;3.261070e-02
3.227646e-01;8.578523e-02;1.004988e-01;3.578617e-02;5.115734e-02;1.782837e-02;4.825693e-02;1.937841e-01;2.994148e-02;6.055202e-02;2.237743e-02;3.126752e-02
3.075171e-01;5.830176e-02;9.002417e-02;3.136250e-02;4.440782e-02;2.964948e-02;9.346484e-02;2.368699e-01;1.548656e-02;3.374742e-02;1.793694e-02;4.123152e-02
2.634287e-01;2.961389e-02;1.092359e-01;4.529978e-02;5.428103e-02;4.956673e-02;1.130398e-01;2.242990e-01;1.847604e-02;2.680220e-02;2.499709e-02;4.095983e-02
2.224551e-01;5.947196e-02;6.593557e-02;6.288585e-02;6.862889e-02;6.900039e-02;1.287937e-01;1.783000e-01;2.541740e-02;3.275340e-02;4.216845e-02;4.418938e-02
1.653043e-01;5.110377e-02;1.046404e-01;8.100427e-02;7.342447e-02;8.402196e-02;1.224025e-01;1.350413e-01;3.582054e-02;4.890178e-02;5.106596e-02;4.726881e-02
1.050229e-01;7.475687e-02;1.187120e-01;9.403045e-02;8.968287e-02;9.211808e-02;1.376745e-01;9.482811e-02;5.823258e-02;7.040650e-02;4.086332e-02;2.367184e-02
8.396054e-02;6.605810e-02;1.461316e-01;9.096907e-02;8.469126e-02;9.201453e-02;1.345368e-01;5.203598e-02;7.932257e-02;9.531482e-02;4.125297e-02;3.371176e-02
1.022418e-01;6.387915e-02;2.591857e-01;4.412298e-02;6.838193e-02;7.062577e-02;1.173105e-01;3.479086e-02;9.014998e-02;8.203072e-02;3.750648e-02;2.977409e-02
1.449721e-01;1.056026e-01;2.498356e-01;4.618603e-02;5.316333e-02;4.103232e-02;9.664629e-02;2.556431e-02;6.527863e-02;1.058553e-01;4.548205e-02;2.038152e-02
2.005230e-01;8.166857e-02;1.540083e-01;5.319371e-02;4.006087e-02;4.782080e-02;9.855684e-02;3.995738e-02;6.925257e-02;1.143883e-01;5.778062e-02;4.278907e-02
1.996588e-01;8.762386e-02;9.779902e-02;4.723196e-02;3.945588e-02;5.117771e-02;1.227024e-01;4.621617e-02;8.184187e-02;1.066108e-01;6.324263e-02;5.643891e-02
1.402358e-01;9.534062e-02;1.414381e-01;4.771532e-02;4.574349e-02;4.187969e-02;1.534169e-01;4.559172e-02;9.287849e-02;8.799371e-02;5.773282e-02;5.003344e-02
7.899551e-02;4.680357e-02;2.210695e-01;3.511506e-02;5.120247e-02;4.529800e-02;1.542180e-01;9.549055e-02;1.084027e-01;6.931386e-02;5.117487e-02;4.291593e-02
9.127341e-02;3.418313e-02;1.739755e-01;5.968965e-02;7.866236e-02;4.393349e-02;1.347455e-01;1.100242e-01;8.321017e-02;8.438747e-02;4.244478e-02;6.347034e-02
1.125364e-01;3.025643e-02;1.382408e-01;5.267261e-02;9.525364e-02;5.855431e-02;1.603530e-01;6.549186e-02;8.653110e-02;8.312824e-02;4.411798e-02;7.286371e-02
1.100655e-01;3.926754e-02;1.563207e-01;9.647616e-02;9.859997e-02;7.410129e-02;1.505460e-01;6.138730e-02;8.477224e-02;5.909763e-02;2.005809e-02;4.930755e-02
1.296938e-01;3.943383e-02;1.367675e-01;1.330680e-01;9.268647e-02;6.011913e-02;1.486928e-01;4.928532e-02;3.773256e-02;6.538306e-02;5.205287e-02;5.508468e-02
1.209043e-01;6.101672e-02;1.535666e-01;7.194510e-02;4.293227e-02;4.479079e-02;5.767165e-02;4.656721e-02;6.154770e-02;1.004653e-01;1.433662e-01;9.522618e-02
9.947994e-02;4.264387e-02;1.380489e-01;3.700434e-02;3.874656e-02;4.867594e-02;6.399402e-02;5.569232e-02;5.701234e-02;1.154940e-01;2.344774e-01;6.873041e-02
5.183904e-02;6.676039e-02;1.380902e-01;3.108720e-02;3.983351e-02;2.785180e-02;9.806020e-02;6.628950e-02;7.324058e-02;7.626823e-02;2.217446e-01;1.089348e-01
1.305851e-01;1.177671e-01;1.341700e-01;3.921695e-02;3.389513e-02;1.530084e-02;1.016548e-01;5.547499e-02;6.304269e-02;2.920638e-02;1.074714e-01;1.722147e-01
2.027874e-01;1.721051e-01;1.870667e-01;3.207627e-02;2.770296e-02;1.785124e-02;7.783485e-02;4.396448e-02;3.597247e-02;4.615584e-02;2.647224e-02;1.300104e-01
2.887799e-01;2.527571e-01;1.545793e-01;1.561279e-02;2.388468e-02;1.273908e-02;4.027487e-02;4.531781e-02;4.499400e-02;2.555336e-02;3.558711e-02;5.991996e-02
4.180750e-01;3.203222e-01;8.145212e-02;8.912559e-03;2.542978e-02;7.201559e-03;1.633610e-02;4.741393e-02;2.020148e-02;6.428389e-03;2.289335e-02;2.533355e-02
4.979151e-01;2.769624e-01;5.279115e-02;5.008074e-03;4.901531e-02;6.994389e-03;1.333797e-02;5.310592e-02;4.826849e-03;5.265630e-03;8.688986e-03;2.608818e-02
5.381246e-01;1.891204e-01;2.810925e-02;7.034926e-03;8.539047e-02;2.418315e-02;1.587567e-02;6.298155e-02;6.193846e-03;2.649026e-03;4.985108e-03;3.535202e-02
5.343210e-01;1.143955e-01;2.538458e-02;4.556404e-03;1.057467e-01;4.984525e-02;2.212744e-02;8.200619e-02;6.204240e-03;2.963586e-03;6.497544e-03;4.595171e-02
5.298471e-01;7.845733e-02;3.516879e-02;3.527351e-03;8.482282e-02;4.056823e-02;2.430504e-02;9.703131e-02;2.081262e-02;5.468087e-03;2.471282e-02;5.527857e-02
5.053924e-01;9.862162e-02;4.784214e-02;4.578007e-03;5.786025e-02;1.646078e-02;1.715300e-02;7.608973e-02;3.733802e-02;9.114107e-03;5.579165e-02;7.375830e-02
4.094033e-01;1.684026e-01;8.381744e-02;1.015303e-02;4.643996e-02;1.503109e-02;1.402752e-02;3.607878e-02;3.407195e-02;1.491829e-02;5.877912e-02;1.088770e-01
2.717335e-01;2.176667e-01;1.805242e-01;1.892541e-02;3.231820e-02;1.500140e-02;1.570930e-02;2.058399e-02;4.113501e-02;1.898338e-02;3.471852e-02;1.327004e-01
1.579188e-01;1.860002e-01;3.251302e-01;2.508136e-02;2.810296e-02;8.173078e-03;1.504447e-02;2.676747e-02;4.638145e-02;3.382586e-02;1.813200e-02;1.294421e-01
7.601638e-02;8.749196e-02;4.711218e-01;2.912499e-02;2.826175e-02;1.293355e-02;1.977129e-02;2.921569e-02;4.060881e-02;5.308595e-02;1.809518e-02;1.342727e-01
6.631295e-02;6.311667e-02;4.251631e-01;2.384924e-02;2.491400e-02;2.437547e-02;2.045506e-02;2.461848e-02;3.233081e-02;3.898508e-02;4.875061e-02;2.071286e-01
5.665616e-02;6.935820e-02;3.448899e-01;2.114234e-02;2.537214e-02;2.321720e-02;3.159714e-02;3.449516e-02;2.956902e-02;4.379085e-02;1.095944e-01;2.103174e-01
7.610631e-02;1.140193e-01;2.255179e-01;2.034369e-02;3.397857e-02;4.005437e-02;4.531961e-02;5.725670e-02;4.036230e-02;9.377564e-02;1.283833e-01;1.248823e-01
4.934284e-02;1.303190e-01;2.013169e-01;2.900411e-02;3.947750e-02;4.810142e-02;7.404856e-02;5.957461e-02;2.275573e-02;9.443866e-02;1.812898e-01;7.033085e-02
5.523575e-02;9.937551e-02;2.695197e-01;4.130897e-02;4.809434e-02;3.345228e-02;3.639691e-02;4.066655e-02;3.281709e-02;6.313319e-02;1.973854e-01;8.261435e-02
6.394069e-02;6.731265e-02;3.805007e-01;5.283067e-02;5.348466e-02;2.804138e-02;3.927819e-02;2.608407e-02;2.045724e-02;5.605254e-02;1.465963e-01;6.542096e-02
6.765944e-02;4.474448e-02;4.489529e-01;7.728348e-02;6.590834e-02;3.925636e-02;3.614828e-02;1.404631e-02;1.038893e-02;4.258796e-02;1.071305e-01;4.589304e-02
4.154663e-02;5.186231e-02;4.638738e-01;7.933769e-02;6.281569e-02;4.138264e-02;5.068699e-02;1.192463e-02;3.124996e-02;6.844454e-02;6.591678e-02;3.095829e-02
6.081896e-02;7.663726e-02;4.118530e-01;5.764653e-02;5.842199e-02;3.005605e-02;5.567769e-02;2.205345e-02;7.068747e-02;9.622728e-02;3.864712e-02;2.127327e-02
7.782667e-02;9.662899e-02;3.130089e-01;5.309234e-02;5.786934e-02;3.036978e-02;5.487742e-02;4.484703e-02;9.365785e-02;8.990289e-02;6.143126e-02;2.648755e-02
5.711253e-02;9.142708e-02;2.219427e-01;6.328277e-02;7.258247e-02;4.606689e-02;1.115605e-01;6.157809e-02;7.383147e-02;6.923243e-02;7.637117e-02;5.501195e-02
1.005473e-01;8.495439e-02;1.232881e-01;5.072449e-02;4.620662e-02;5.149330e-02;1.191136e-01;7.018564e-02;1.044453e-01;9.497730e-02;8.142478e-02;7.263925e-02
1.085697e-01;7.988008e-02;1.074474e-01;4.680594e-02;4.218119e-02;5.882176e-02;1.161661e-01;6.620058e-02;1.146924e-01;1.088817e-01;8.410654e-02;6.624661e-02
1.192579e-01;8.321677e-02;1.026305e-01;4.745133e-02;3.400402e-02;6.627968e-02;1.177994e-01;5.637283e-02;1.232941e-01;1.165399e-01;8.115070e-02;5.200297e-02
1.096838e-01;9.235442e-02;2.433981e-01;5.549163e-02;5.185951e-02;6.093321e-02;1.051817e-01;3.272061e-02;1.127753e-01;6.411464e-02;5.440970e-02;1.707744e-02
9.878390e-02;9.931663e-02;3.674578e-01;4.627837e-02;5.071048e-02;4.180505e-02;9.087604e-02;2.525417e-02;7.697781e-02;4.908007e-02;2.772873e-02;2.573096e-02
1.174294e-01;1.445912e-01;3.677522e-01;3.066704e-02;3.494540e-02;3.080862e-02;7.184047e-02;2.238412e-02;9.897706e-02;3.888544e-02;1.891119e-02;2.280790e-02
1.892700e-01;1.744358e-01;2.812782e-01;1.398173e-02;3.219084e-02;1.963968e-02;5.152504e-02;6.312594e-02;1.110297e-01;2.451294e-02;1.804096e-02;2.096916e-02
2.940310e-01;1.422684e-01;1.708807e-01;1.274261e-02;5.240416e-02;1.390412e-02;4.010925e-02;1.301506e-01;6.737540e-02;1.512009e-02;2.587798e-02;3.513571e-02
2.983578e-01;9.128580e-02;1.152003e-01;3.558932e-02;4.701103e-02;1.612416e-02;1.039522e-01;1.361846e-01;3.200204e-02;2.142584e-02;3.197780e-02;7.088900e-02
2.028281e-01;4.165784e-02;8.281965e-02;6.547309e-02;1.777318e-02;3.083622e-02;2.151130e-01;8.172656e-02;3.856184e-02;3.482246e-02;6.571930e-02;1.226687e-01
9.912894e-02;2.470255e-02;7.685097e-02;5.999266e-02;1.874932e-02;6.359662e-02;2.343790e-01;5.380717e-02;3.431533e-02;4.782799e-02;1.465810e-01;1.400684e-01
3.461440e-02;2.825215e-02;7.619128e-02;4.052326e-02;4.422338e-02;1.057779e-01;1.507263e-01;3.334065e-02;3.352953e-02;8.920255e-02;2.468645e-01;1.167540e-01
2.807441e-02;3.731371e-02;8.121807e-02;3.634568e-02;6.441837e-02;1.097315e-01;7.622772e-02;2.669279e-02;2.944033e-02;1.395457e-01;3.025030e-01;6.848878e-02
5.202314e-02;3.018607e-02;1.241004e-01;3.627943e-02;5.285011e-02;9.395519e-02;4.842496e-02;1.641053e-02;2.864425e-02;1.150608e-01;3.155056e-01;8.655942e-02
4.480322e-02;2.969623e-02;1.736595e-01;3.191437e-02;3.054139e-02;8.785313e-02;6.705226e-02;1.189226e-02;2.584854e-02;7.290380e-02;2.917149e-01;1.321204e-01
1.190928e-01;3.261524e-02;1.299562e-01;7.496174e-02;1.632827e-02;7.503795e-02;8.249436e-02;2.407920e-02;2.751390e-02;4.058334e-02;1.873029e-01;1.900341e-01
1.531307e-01;3.311920e-02;8.954854e-02;1.374962e-01;2.458370e-02;6.738656e-02;9.821741e-02;3.113365e-02;3.424308e-02;2.230749e-02;1.185198e-01;1.903137e-01
9.175283e-02;1.721266e-02;9.966056e-02;1.085352e-01;3.940544e-02;7.000369e-02;1.812143e-01;3.723130e-02;3.955072e-02;2.352222e-02;1.392628e-01;1.526483e-01
3.584288e-02;2.074887e-02;9.960341e-02;2.266337e-02;3.871640e-02;6.319699e-02;3.423312e-01;3.758204e-02;4.451884e-02;3.049823e-02;1.478547e-01;1.164431e-01
3.247230e-02;2.742809e-02;7.216290e-02;4.548073e-02;2.242734e-02;4.668263e-02;3.803522e-01;2.997332e-02;5.468728e-02;3.928854e-02;1.542825e-01;9.476218e-02
5.521992e-02;3.820444e-02;9.894650e-02;4.991277e-02;2.713074e-02;4.738873e-02;2.555808e-01;4.654718e-02;6.919564e-02;6.575241e-02;1.572183e-01;8.890253e-02
8.502696e-02;5.964373e-02;1.188441e-01;4.015317e-02;3.442718e-02;4.128494e-02;1.632548e-01;8.233801e-02;7.704519e-02;1.027677e-01;1.317019e-01;6.351225e-02
6.453410e-02;7.703966e-02;9.313779e-02;2.414737e-02;3.684745e-02;5.991012e-02;1.590526e-01;1.170714e-01;8.294905e-02;1.198886e-01;9.624136e-02;6.918057e-02
3.789490e-02;5.999941e-02;6.944167e-02;4.416674e-02;4.664242e-02;6.005791e-02;1.770772e-01;1.104195e-01;7.048041e-02;1.084816e-01;1.361238e-01;7.921441e-02
5.959946e-02;5.207463e-02;9.683115e-02;3.260136e-02;3.094122e-02;6.343441e-02;1.798676e-01;1.035249e-01;4.214198e-02;8.857789e-02;1.285239e-01;1.218816e-01
5.965361e-02;6.431213e-02;6.823804e-02;4.998367e-02;2.479326e-02;6.018769e-02;1.748479e-01;1.183287e-01;7.472672e-02;9.375609e-02;7.749437e-02;1.336778e-01
1.118489e-01;8.686280e-02;6.788954e-02;7.831964e-02;3.425130e-02;4.505367e-02;1.217779e-01;9.519210e-02;9.353104e-02;9.821099e-02;6.945858e-02;9.760352e-02
1.232415e-01;1.016009e-01;9.289060e-02;8.140364e-02;3.471775e-02;4.380922e-02;1.293771e-01;3.995619e-02;9.637344e-02;8.404005e-02;8.777122e-02;8.481844e-02
8.579509e-02;7.433177e-02;9.841531e-02;8.936096e-02;4.182950e-02;4.642216e-02;1.573687e-01;2.798657e-02;8.169859e-02;9.778553e-02;1.030771e-01;9.592875e-02
6.125897e-02;6.732526e-02;6.878994e-02;8.772586e-02;5.188559e-02;5.940281e-02;1.393444e-01;3.119487e-02;1.072553e-01;1.150040e-01;9.012575e-02;1.206873e-01
8.440493e-02;5.457520e-02;6.858426e-02;7.985277e-02;5.106012e-02;6.640670e-02;1.044680e-01;3.013417e-02;1.063852e-01;1.073812e-01;1.291924e-01;1.175549e-01
6.768348e-02;5.359758e-02;8.610784e-02;4.149953e-02;5.989235e-02;7.760350e-02;1.300011e-01;5.152632e-02;9.232847e-02;1.310014e-01;1.363108e-01;7.244762e-02
1.759378e-01;9.114750e-02;1.139419e-01;4.909843e-02;7.265642e-02;6.796622e-02;1.168962e-01;4.242780e-02;6.262898e-02;8.666828e-02;4.807254e-02;7.255787e-02
2.049534e-01;7.539801e-02;1.935688e-01;6.159288e-02;6.325860e-02;5.058927e-02;1.063153e-01;4.220301e-02;4.058434e-02;4.931309e-02;5.785568e-02;5.436770e-02
1.462914e-01;1.048181e-01;2.942811e-01;5.657440e-02;4.744354e-02;4.176165e-02;1.042401e-01;3.306754e-02;4.587784e-02;3.800422e-02;5.169735e-02;3.594282e-02
1.599244e-01;1.641923e-01;2.813525e-01;4.368009e-02;3.865341e-02;3.366102e-02;8.579048e-02;3.538160e-02;5.108834e-02;3.457768e-02;4.083689e-02;3.086131e-02
2.251164e-01;2.645123e-01;2.174213e-01;2.444170e-02;1.964839e-02;1.693722e-02;5.826796e-02;3.167639e-02;5.219681e-02;2.818446e-02;3.522374e-02;2.637330e-02
3.131772e-01;3.494672e-01;1.363799e-01;7.635016e-03;9.473236e-03;5.277017e-03;4.483283e-02;2.503549e-02;3.402543e-02;1.871317e-02;3.974319e-02;1.624042e-02
3.704431e-01;3.499203e-01;1.114070e-01;6.824491e-03;1.317430e-02;3.514685e-03;3.665022e-02;2.452667e-02;1.413477e-02;1.053533e-02;4.680854e-02;1.206059e-02
4.156049e-01;3.345961e-01;8.314305e-02;6.881950e-03;1.906472e-02;2.753480e-03;3.127209e-02;2.654509e-02;8.297931e-03;8.914075e-03;4.916426e-02;1.376245e-02
4.548762e-01;3.104691e-01;5.955856e-02;7.163272e-03;2.564505e-02;3.344255e-03;2.708788e-02;2.921705e-02;1.488822e-02;6.265481e-03;4.537771e-02;1.610731e-02
4.579908e-01;2.940918e-01;5.606836e-02;1.573886e-02;2.838362e-02;4.895637e-03;2.529538e-02;2.554400e-02;2.664189e-02;7.268987e-03;3.911346e-02;1.896726e-02
3.964079e-01;3.079298e-01;6.737126e-02;4.847383e-02;1.941352e-02;1.347984e-02;2.521762e-02;1.427563e-02;4.828233e-02;1.102190e-02;2.377747e-02;2.434888e-02
2.805235e-01;3.275808e-01;1.462745e-01;7.471421e-02;9.562844e-03;2.869716e-02;1.729237e-02;1.235184e-02;5.929897e-02;8.159465e-03;7.940824e-03;2.760355e-02
1.649515e-01;3.130497e-01;2.594518e-01;7.821985e-02;9.583818e-03;3.970290e-02;8.670176e-03;1.502004e-02;6.005644e-02;6.856604e-03;1.067263e-02;3.376466e-02
6.875191e-02;2.730949e-01;3.457651e-01;9.597637e-02;1.090002e-02;4.070701e-02;1.308283e-02;1.470138e-02;8.181314e-02;1.092819e-02;9.880741e-03;3.439840e-02
7.861640e-02;2.061631e-01;3.882603e-01;9.110875e-02;1.911501e-02;3.887065e-02;9.782162e-03;1.687056e-02;1.037334e-01;1.657720e-02;7.606763e-03;2.329561e-02
8.134959e-02;1.130349e-01;4.789350e-01;6.982967e-02;3.206661e-02;3.230835e-02;2.450034e-02;2.054054e-02;1.011241e-01;1.931183e-02;1.365162e-02;1.334751e-02
6.129894e-02;8.637281e-02;5.304276e-01;4.756730e-02;3.723837e-02;2.662069e-02;3.558696e-02;1.815384e-02;9.240184e-02;2.179168e-02;2.201407e-02;2.052590e-02
1.097715e-01;1.391725e-01;4.526716e-01;3.705986e-02;2.872944e-02;2.982903e-02;2.962711e-02;1.712633e-02;7.231697e-02;3.358472e-02;2.995296e-02;2.015812e-02
1.725733e-01;2.304915e-01;3.265960e-01;3.234173e-02;3.368656e-02;3.592915e-02;2.280445e-02;1.828776e-02;4.585579e-02;2.928019e-02;3.350208e-02;1.865136e-02
1.977761e-01;2.752991e-01;2.107732e-01;6.343669e-02;5.308652e-02;3.324795e-02;3.099467e-02;1.934656e-02;3.313243e-02;3.058808e-02;3.289502e-02;1.942374e-02
2.250286e-01;2.617051e-01;1.280259e-01;8.644168e-02;7.784200e-02;2.929884e-02;3.488034e-02;1.762767e-02;3.999646e-02;3.923284e-02;3.915623e-02;2.076438e-02
2.096307e-01;2.445494e-01;1.201863e-01;7.933132e-02;7.089368e-02;3.111058e-02;4.684455e-02;2.544216e-02;6.310344e-02;4.205709e-02;3.706447e-02;2.978623e-02
