8.414868e-02;7.419802e-02;7.409350e-02;4.029480e-02;5.122579e-02;5.381291e-02;1.107928e-01;1.156759e-01;1.197363e-01;6.675985e-02;8.285592e-02;1.264056e-01
6.981968e-02;6.133889e-02;7.004954e-02;5.550729e-02;6.598350e-02;4.465980e-02;1.671464e-01;1.399709e-01;1.133772e-01;7.204663e-02;8.625612e-02;5.384402e-02
6.079951e-02;5.744871e-02;1.007142e-01;6.911514e-02;6.447219e-02;3.820753e-02;1.705476e-01;1.567326e-01;8.636174e-02;7.628642e-02;8.475033e-02;3.456405e-02
8.385885e-02;5.087489e-02;1.098225e-01;7.419612e-02;7.346255e-02;6.012211e-02;1.442576e-01;1.023306e-01;1.088661e-01;9.092802e-02;7.423462e-02;2.704608e-02
1.108251e-01;5.721465e-02;1.192115e-01;6.654397e-02;1.034588e-01;6.526602e-02;1.374642e-01;7.328113e-02;8.574977e-02;7.232395e-02;4.593970e-02;6.272111e-02
9.165226e-02;5.729108e-02;9.301468e-02;5.802601e-02;1.175833e-01;7.416828e-02;1.567504e-01;8.218327e-02;1.034864e-01;6.003941e-02;4.605614e-02;5.974866e-02
6.020240e-02;4.869244e-02;1.188529e-01;5.325418e-02;9.939376e-02;1.089751e-01;1.828952e-01;6.971565e-02;9.591181e-02;6.053942e-02;5.887675e-02;4.269043e-02
4.955086e-02;5.046821e-02;1.144204e-01;5.760991e-02;8.782365e-02;1.311149e-01;1.775277e-01;6.950948e-02;7.446610e-02;7.754414e-02;5.966055e-02;5.030409e-02
5.072852e-02;5.371261e-02;8.653189e-02;6.017594e-02;8.919290e-02;1.496683e-01;1.783898e-01;8.222637e-02;7.556597e-02;7.697171e-02;5.041259e-02;4.642347e-02
7.287335e-02;4.557379e-02;8.151487e-02;7.667485e-02;5.913151e-02;1.328610e-01;2.610758e-01;5.297049e-02;7.849864e-02;5.491059e-02;5.717694e-02;2.673815e-02
8.475263e-02;3.398334e-02;7.641444e-02;1.087815e-01;5.657567e-02;1.001776e-01;2.856004e-01;5.181698e-02;8.155634e-02;3.599811e-02;7.025945e-02;1.408358e-02
8.331921e-02;2.709567e-02;1.088746e-01;1.258682e-01;5.653284e-02;8.152226e-02;2.142998e-01;5.355165e-02;9.016760e-02;3.821912e-02;8.370797e-02;3.684103e-02
8.785654e-02;3.959341e-02;1.500377e-01;1.250164e-01;6.982806e-02;7.754400e-02;1.414185e-01;4.790686e-02;8.959421e-02;4.314386e-02;9.342922e-02;3.463130e-02
1.237715e-01;5.394061e-02;2.126074e-01;1.191375e-01;6.272762e-02;5.182374e-02;8.654602e-02;3.413325e-02;8.808430e-02;3.750214e-02;9.406132e-02;3.566455e-02
1.616018e-01;5.460735e-02;2.360633e-01;1.215360e-01;4.953324e-02;5.016629e-02;6.890032e-02;2.319874e-02;7.267819e-02;4.239119e-02;7.024734e-02;4.907621e-02
1.840376e-01;6.860585e-02;1.997401e-01;9.961348e-02;7.770204e-02;8.177370e-02;7.184344e-02;1.962307e-02;5.011163e-02;4.049544e-02;5.125305e-02;5.520062e-02
2.103328e-01;7.897941e-02;2.067515e-01;8.315722e-02;8.360348e-02;7.220232e-02;9.327120e-02;3.124037e-02;3.806330e-02;3.168928e-02;2.100687e-02;4.970229e-02
1.838875e-01;6.017007e-02;1.926860e-01;1.091604e-01;8.360401e-02;4.175884e-02;1.294369e-01;4.236911e-02;2.860275e-02;4.209069e-02;4.648098e-02;3.975271e-02
1.231220e-01;6.436216e-02;1.325669e-01;8.692265e-02;7.356122e-02;8.692963e-02;1.713850e-01;4.461776e-02;7.521649e-02;3.572430e-02;7.068010e-02;3.491186e-02
6.751993e-02;4.901845e-02;1.146188e-01;6.335287e-02;8.834427e-02;1.099918e-01;1.960816e-01;3.095586e-02;1.373319e-01;4.833362e-02;6.736879e-02;2.708209e-02
5.918536e-02;4.881621e-02;1.107511e-01;4.692410e-02;9.053145e-02;1.148505e-01;1.478819e-01;7.594826e-02;1.761763e-01;4.418321e-02;4.162624e-02;4.312541e-02
6.135277e-02;5.322748e-02;1.140469e-01;2.791435e-02;8.130243e-02;1.413936e-01;1.059708e-01;9.233899e-02;1.502262e-01;6.963135e-02;6.085576e-02;4.173930e-02
4.942102e-02;4.477938e-02;9.564780e-02;4.078881e-02;7.836692e-02;1.311350e-01;1.002470e-01;1.077185e-01;1.275031e-01;9.134526e-02;8.844773e-02;4.459943e-02
6.657403e-02;4.993873e-02;7.948796e-02;5.657189e-02;7.758290e-02;9.528749e-02;7.238931e-02;9.462393e-02;1.702043e-01;7.920270e-02;1.181891e-01;3.994771e-02
6.998742e-02;4.162933e-02;6.099036e-02;5.858440e-02;5.539322e-02;7.019778e-02;9.418577e-02;1.223609e-01;1.929036e-01;7.132775e-02;1.289008e-01;3.353862e-02
7.822134e-02;4.136571e-02;6.117970e-02;5.427410e-02;3.980051e-02;5.748808e-02;1.919145e-01;1.258030e-01;1.806641e-01;5.149854e-02;9.578791e-02;2.200252e-02
6.975724e-02;4.586636e-02;8.061436e-02;4.607753e-02;4.180367e-02;7.360697e-02;2.685084e-01;1.111937e-01;1.276517e-01;5.494770e-02;5.139526e-02;2.857715e-02
7.530648e-02;4.314008e-02;1.005965e-01;5.092079e-02;3.980737e-02;8.780890e-02;2.748898e-01;9.152831e-02;1.158326e-01;4.085729e-02;6.096511e-02;1.834680e-02
9.244610e-02;3.956625e-02;1.458417e-01;6.726702e-02;4.202739e-02;8.537330e-02;2.168430e-01;8.734766e-02;9.419172e-02;4.377162e-02;6.003160e-02;2.529257e-02
9.628609e-02;5.445454e-02;1.888847e-01;6.399058e-02;4.063835e-02;6.284601e-02;1.461740e-01;9.761208e-02;1.062750e-01;5.611797e-02;5.332168e-02;3.339894e-02
8.282831e-02;5.095021e-02;2.171172e-01;5.360984e-02;4.663862e-02;3.916068e-02;1.072202e-01;9.593933e-02;1.351377e-01;7.840080e-02;6.077402e-02;3.222310e-02
4.935746e-02;2.767017e-02;2.009492e-01;3.554826e-02;5.938950e-02;6.753665e-02;1.585925e-01;7.378358e-02;1.567521e-01;8.254630e-02;5.191267e-02;3.596163e-02
2.753672e-02;2.503833e-02;3.221055e-01;3.540807e-02;5.368797e-02;8.592100e-02;1.443391e-01;7.077837e-02;1.094283e-01;5.006612e-02;4.804071e-02;2.764987e-02
5.559108e-02;5.782052e-02;3.543669e-01;3.286371e-02;4.932376e-02;6.867625e-02;1.459861e-01;4.195522e-02;7.044943e-02;3.654122e-02;5.694466e-02;2.948111e-02
6.155607e-02;8.206360e-02;2.667355e-01;3.012639e-02;7.287396e-02;4.549054e-02;1.306818e-01;4.912729e-02;7.585844e-02;6.957316e-02;8.219422e-02;3.371900e-02
8.161903e-02;6.213368e-02;1.735636e-01;3.362548e-02;6.675400e-02;5.125706e-02;1.412052e-01;5.789610e-02;8.022992e-02;1.096151e-01;9.776752e-02;4.433331e-02
9.489668e-02;4.717570e-02;1.338974e-01;3.842175e-02;5.881409e-02;4.875037e-02;1.419424e-01;5.082810e-02;7.737427e-02;1.338547e-01;1.271906e-01;4.685387e-02
1.032665e-01;6.730475e-02;1.170123e-01;4.788654e-02;6.104214e-02;3.694027e-02;9.632425e-02;6.290416e-02;7.987978e-02;1.441365e-01;1.357352e-01;4.756751e-02
1.561047e-01;7.334799e-02;1.059251e-01;5.450196e-02;5.805479e-02;2.536492e-02;5.998628e-02;7.695709e-02;8.764385e-02;1.485061e-01;9.040133e-02;6.320591e-02
1.506813e-01;5.134984e-02;1.706456e-01;5.895079e-02;5.353343e-02;2.671244e-02;1.077038e-01;6.245414e-02;9.322233e-02;1.125629e-01;5.813592e-02;5.404741e-02
1.006104e-01;2.811438e-02;2.153479e-01;5.540052e-02;3.040333e-02;2.847517e-02;1.245378e-01;5.172700e-02;9.088003e-02;1.039948e-01;7.582507e-02;9.468353e-02
8.994820e-02;4.502499e-02;2.904608e-01;4.747110e-02;1.918095e-02;2.924839e-02;9.995908e-02;3.682087e-02;7.152154e-02;1.016282e-01;7.323167e-02;9.550419e-02
7.370389e-02;6.146918e-02;4.347551e-01;4.879497e-02;3.250889e-02;3.620405e-02;4.193778e-02;3.258602e-02;4.726477e-02;9.024329e-02;4.038114e-02;6.015090e-02
7.912344e-02;6.681690e-02;4.733828e-01;6.092474e-02;4.036945e-02;3.387697e-02;8.337066e-02;2.294236e-02;2.167257e-02;5.351467e-02;2.760902e-02;3.639641e-02
7.826453e-02;7.612910e-02;4.995486e-01;6.692991e-02;2.692838e-02;2.575446e-02;8.859707e-02;2.357215e-02;1.918932e-02;3.068703e-02;3.420329e-02;3.019610e-02
7.616525e-02;7.460625e-02;4.647035e-01;6.141265e-02;3.108769e-02;3.721856e-02;7.314421e-02;3.478971e-02;3.897643e-02;5.912123e-02;3.585850e-02;1.291597e-02
8.263370e-02;6.734639e-02;3.176216e-01;6.599310e-02;7.956867e-02;5.046971e-02;8.041734e-02;3.284328e-02;5.224199e-02;1.056898e-01;3.698371e-02;2.819071e-02
1.090144e-01;9.489544e-02;1.985478e-01;6.606352e-02;1.107246e-01;5.290505e-02;9.614518e-02;2.093714e-02;6.337180e-02;1.166386e-01;3.851686e-02;3.223960e-02
1.106621e-01;1.051380e-01;2.313465e-01;5.217768e-02;9.784103e-02;5.191682e-02;9.706074e-02;2.468291e-02;6.878729e-02;1.071496e-01;2.851972e-02;2.471757e-02
1.407494e-01;1.092792e-01;2.046189e-01;6.021098e-02;9.589410e-02;4.583380e-02;5.406900e-02;4.713945e-02;7.812412e-02;9.676792e-02;3.796623e-02;2.934692e-02
1.332549e-01;9.168593e-02;2.111994e-01;6.923586e-02;8.272067e-02;3.976241e-02;9.881780e-02;5.532134e-02;6.115807e-02;7.197592e-02;4.440244e-02;4.046531e-02
1.000770e-01;6.380972e-02;2.904399e-01;6.166532e-02;6.630965e-02;4.066912e-02;1.093706e-01;4.904837e-02;5.336638e-02;6.512273e-02;4.038135e-02;5.973987e-02
4.670496e-02;3.858187e-02;3.886415e-01;4.506734e-02;3.944616e-02;4.120254e-02;1.436998e-01;4.927468e-02;5.269849e-02;6.549369e-02;3.518520e-02;5.400379e-02
2.280716e-02;3.850615e-02;4.327168e-01;3.581979e-02;3.332908e-02;5.135753e-02;1.231456e-01;5.816958e-02;4.828382e-02;7.206614e-02;4.219062e-02;4.160771e-02
3.874978e-02;3.987622e-02;4.126396e-01;3.065081e-02;4.048865e-02;3.958306e-02;1.425902e-01;6.395242e-02;4.206783e-02;6.221002e-02;4.112098e-02;4.607050e-02
2.268036e-02;4.792767e-02;4.089321e-01;3.257633e-02;4.136025e-02;3.536042e-02;1.592025e-01;6.845068e-02;4.902716e-02;5.237732e-02;4.365972e-02;3.844550e-02
3.497683e-02;4.165120e-02;3.925000e-01;3.777897e-02;5.778584e-02;4.008747e-02;1.461073e-01;6.563001e-02;5.193664e-02;4.876935e-02;4.700537e-02;3.577104e-02
3.386804e-02;2.257578e-02;3.889427e-01;5.631520e-02;6.674957e-02;4.154091e-02;1.463693e-01;5.581089e-02;4.790068e-02;4.692902e-02;5.330320e-02;3.969466e-02
5.007725e-02;3.392933e-02;4.020024e-01;6.782073e-02;5.374644e-02;5.780531e-02;1.050601e-01;4.333126e-02;4.052294e-02;5.322552e-02;4.908923e-02;4.338948e-02
6.545621e-02;5.532983e-02;4.128235e-01;6.295344e-02;7.945538e-02;6.557205e-02;6.479730e-02;3.122811e-02;4.203161e-02;4.879785e-02;3.543970e-02;3.611496e-02
6.204744e-02;7.340187e-02;3.485566e-01;6.728486e-02;1.112799e-01;4.729854e-02;9.771750e-02;3.275795e-02;3.966268e-02;5.644889e-02;4.166019e-02;2.188356e-02
5.690051e-02;6.227276e-02;1.810383e-01;8.254014e-02;1.283268e-01;8.738752e-02;1.879332e-01;3.690113e-02;5.707454e-02;5.276747e-02;4.953646e-02;1.732120e-02
5.214480e-02;4.116933e-02;1.057430e-01;8.249705e-02;9.534907e-02;6.399886e-02;2.307863e-01;6.012540e-02;1.055748e-01;6.436679e-02;6.835324e-02;2.989131e-02
5.297593e-02;2.998628e-02;9.591539e-02;7.576811e-02;5.553949e-02;5.171222e-02;1.648141e-01;1.093997e-01;1.645878e-01;7.200808e-02;9.160562e-02;3.568732e-02
6.906144e-02;3.053461e-02;8.036282e-02;6.731185e-02;3.235223e-02;5.875845e-02;1.219543e-01;1.340561e-01;1.888773e-01;8.420441e-02;9.214327e-02;4.038320e-02
6.719295e-02;4.212635e-02;6.453472e-02;5.584032e-02;5.375163e-02;6.715847e-02;1.117423e-01;1.319788e-01;1.749965e-01;1.075031e-01;7.434479e-02;4.883013e-02
4.298348e-02;5.067648e-02;7.289626e-02;4.873019e-02;8.862492e-02;6.638931e-02;9.471016e-02;1.134720e-01;1.393825e-01;1.488521e-01;6.655989e-02;6.672265e-02
4.979265e-02;5.140110e-02;7.184617e-02;4.669031e-02;1.012774e-01;6.055807e-02;1.061789e-01;1.182034e-01;8.429585e-02;1.558078e-01;8.307413e-02;7.087412e-02
4.686540e-02;6.370572e-02;5.904691e-02;4.193571e-02;8.890899e-02;4.882218e-02;7.961623e-02;1.526450e-01;1.481827e-01;1.485807e-01;6.015545e-02;6.153500e-02
3.664581e-02;6.122115e-02;5.528570e-02;6.248931e-02;6.630344e-02;3.778632e-02;9.065001e-02;2.078443e-01;1.624566e-01;1.201425e-01;5.309927e-02;4.607555e-02
3.805992e-02;4.774619e-02;7.195126e-02;6.943270e-02;5.750171e-02;5.894506e-02;1.128520e-01;2.001727e-01;1.350099e-01;8.904968e-02;7.823378e-02;4.104514e-02
5.490203e-02;3.777461e-02;6.725239e-02;5.283768e-02;5.401318e-02;7.729668e-02;1.241257e-01;1.273702e-01;1.692815e-01;8.357231e-02;1.109846e-01;4.058910e-02
3.661254e-02;4.357801e-02;5.667747e-02;6.106772e-02;5.191525e-02;4.893527e-02;1.262674e-01;1.616700e-01;1.598547e-01;1.089581e-01;1.020526e-01;4.241111e-02
3.856358e-02;2.993756e-02;4.530735e-02;7.660464e-02;4.187096e-02;6.695262e-02;1.251976e-01;1.965871e-01;1.492092e-01;9.419396e-02;8.640567e-02;4.916977e-02
6.776788e-02;2.215880e-02;5.019822e-02;6.469646e-02;4.552979e-02;1.058941e-01;1.297182e-01;1.610629e-01;1.099590e-01;8.068159e-02;1.200136e-01;4.231949e-02
8.287963e-02;3.318962e-02;7.836956e-02;3.499445e-02;4.178922e-02;1.272684e-01;9.361483e-02;1.098742e-01;1.360570e-01;8.188392e-02;1.424224e-01;3.765693e-02
9.163286e-02;4.309677e-02;9.490295e-02;1.746248e-02;2.939993e-02;1.272351e-01;7.102572e-02;5.707447e-02;1.934372e-01;9.150006e-02;1.407104e-01;4.252202e-02
9.207502e-02;4.725874e-02;1.013697e-01;2.159436e-02;3.111639e-02;1.206355e-01;7.827116e-02;6.029534e-02;1.882840e-01;8.897125e-02;1.276298e-01;4.249877e-02
8.656584e-02;4.159255e-02;1.106606e-01;2.415803e-02;3.498339e-02;1.157470e-01;8.540408e-02;4.860415e-02;2.034264e-01;9.267423e-02;1.141314e-01;4.205227e-02
8.323579e-02;3.112060e-02;1.216685e-01;2.176053e-02;4.067978e-02;1.152034e-01;8.207852e-02;2.763127e-02;2.482362e-01;9.326233e-02;1.044878e-01;3.063526e-02
8.041976e-02;2.957902e-02;1.225448e-01;2.668572e-02;4.078959e-02;1.125685e-01;8.385590e-02;3.332060e-02;2.421703e-01;9.529210e-02;9.759584e-02;3.517790e-02
8.891461e-02;3.302494e-02;1.259519e-01;2.673287e-02;3.893712e-02;1.174426e-01;9.594978e-02;3.595319e-02;2.042807e-01;9.547339e-02;9.976061e-02;3.757825e-02
1.010932e-01;3.572850e-02;1.137468e-01;2.601686e-02;3.568491e-02;1.194460e-01;1.069710e-01;5.750250e-02;1.605293e-01;8.655567e-02;1.117966e-01;4.492861e-02
1.134578e-01;3.403566e-02;9.942525e-02;3.602523e-02;4.761460e-02;1.131026e-01;1.187742e-01;5.778814e-02;1.413517e-01;6.550214e-02;1.264814e-01;4.644131e-02
1.140744e-01;4.387278e-02;7.899948e-02;4.097712e-02;7.260863e-02;9.700018e-02;1.329688e-01;8.139370e-02;1.046222e-01;5.730663e-02;1.275498e-01;4.862610e-02
8.170804e-02;4.075684e-02;8.683068e-02;4.566642e-02;7.618956e-02;8.172032e-02;1.179698e-01;1.158166e-01;1.057633e-01;9.254683e-02;1.010672e-01;5.396442e-02
6.388825e-02;3.704858e-02;1.404911e-01;4.322369e-02;7.553769e-02;7.230868e-02;8.864848e-02;9.948876e-02;1.679624e-01;8.347113e-02;6.449662e-02;6.343456e-02
6.986270e-02;3.996285e-02;1.731822e-01;5.212470e-02;5.178315e-02;7.673758e-02;8.500684e-02;8.069034e-02;1.589298e-01;7.106168e-02;9.830924e-02;4.234891e-02
6.163758e-02;3.828696e-02;1.514337e-01;3.649409e-02;4.682449e-02;1.149211e-01;7.302713e-02;8.209078e-02;1.490431e-01;8.303021e-02;1.213902e-01;4.182067e-02
7.380058e-02;3.675218e-02;1.232142e-01;1.377657e-02;5.530253e-02;1.226932e-01;6.536616e-02;6.273923e-02;1.729987e-01;6.652552e-02;1.437410e-01;6.309012e-02
1.009314e-01;3.817758e-02;9.837781e-02;2.273497e-02;5.402223e-02;1.031719e-01;6.662803e-02;5.229152e-02;1.855199e-01;6.639692e-02;1.398364e-01;7.191129e-02
1.242484e-01;5.077969e-02;8.702635e-02;3.670332e-02;6.567935e-02;7.967774e-02;7.899283e-02;4.440014e-02;1.703184e-01;7.568353e-02;1.195945e-01;6.689577e-02
9.017216e-02;6.294948e-02;8.322312e-02;5.909662e-02;5.888293e-02;4.738634e-02;8.792273e-02;6.230168e-02;1.823822e-01;7.252686e-02;1.201316e-01;7.302430e-02
6.778996e-02;7.248829e-02;1.021858e-01;5.491558e-02;4.957339e-02;5.023407e-02;8.467121e-02;6.224436e-02;2.123554e-01;9.488297e-02;8.084773e-02;6.781129e-02
9.116188e-02;7.239431e-02;9.411218e-02;4.250028e-02;5.443335e-02;4.991629e-02;9.496640e-02;5.115770e-02;2.166862e-01;1.193502e-01;7.235619e-02;4.096509e-02
8.470083e-02;9.442571e-02;6.204721e-02;5.023704e-02;5.368796e-02;5.349359e-02;1.065156e-01;5.554799e-02;1.907084e-01;1.227318e-01;9.098991e-02;3.491396e-02
7.693740e-02;9.420794e-02;1.033860e-01;7.027414e-02;3.376544e-02;7.684728e-02;8.225776e-02;5.825622e-02;2.029874e-01;9.464825e-02;7.023748e-02;3.619464e-02
6.062842e-02;6.526745e-02;1.445948e-01;7.128028e-02;3.956037e-02;1.003210e-01;7.041931e-02;7.687071e-02;1.642178e-01;8.133794e-02;7.223612e-02;5.326578e-02
7.715587e-02;5.974943e-02;1.622095e-01;5.971534e-02;6.243355e-02;9.668256e-02;6.878802e-02;9.089867e-02;1.124802e-01;1.151406e-01;4.873955e-02;4.600674e-02
1.106043e-01;5.367897e-02;1.424585e-01;7.038038e-02;7.433966e-02;8.119559e-02;8.677071e-02;7.060605e-02;1.041445e-01;1.288019e-01;2.032030e-02;5.669911e-02
1.090296e-01;5.016063e-02;1.310172e-01;5.493460e-02;7.081190e-02;6.537544e-02;8.499704e-02;8.322288e-02;1.178221e-01;1.122859e-01;3.296633e-02;8.737636e-02
1.180769e-01;5.491953e-02;1.212787e-01;5.573863e-02;4.131074e-02;4.633799e-02;4.299161e-02;8.872632e-02;1.380246e-01;1.447788e-01;6.676804e-02;8.104816e-02
1.036438e-01;5.286836e-02;1.031472e-01;6.414574e-02;3.328956e-02;3.641054e-02;9.646302e-02;6.260680e-02;1.490941e-01;1.425841e-01;8.637777e-02;6.936901e-02
9.714823e-02;5.818102e-02;1.326566e-01;5.065285e-02;4.929483e-02;4.883383e-02;8.771602e-02;8.161156e-02;1.140687e-01;1.422103e-01;8.395185e-02;5.367411e-02
1.385578e-01;6.977096e-02;1.330519e-01;4.917892e-02;5.019639e-02;4.886389e-02;1.512325e-01;8.901925e-02;7.308467e-02;9.261054e-02;6.370820e-02;4.072508e-02
1.653882e-01;9.214905e-02;1.050959e-01;4.605308e-02;4.431408e-02;4.401764e-02;1.534936e-01;7.945336e-02;9.553366e-02;8.465174e-02;4.878385e-02;4.106589e-02
1.528120e-01;1.072575e-01;1.137380e-01;4.690863e-02;4.680317e-02;4.079125e-02;1.245218e-01;7.706546e-02;1.148176e-01;8.115473e-02;5.010664e-02;4.402320e-02
1.194994e-01;1.121806e-01;1.403747e-01;3.824254e-02;4.795836e-02;3.404226e-02;1.152288e-01;8.708897e-02;1.304622e-01;8.833732e-02;5.053259e-02;3.605229e-02
9.924112e-02;8.354632e-02;1.515218e-01;4.278821e-02;3.499623e-02;4.145641e-02;1.432339e-01;9.018091e-02;1.263287e-01;9.088051e-02;5.047176e-02;4.535412e-02
7.729373e-02;6.377652e-02;1.550372e-01;5.336226e-02;4.904800e-02;4.322932e-02;1.554227e-01;1.051504e-01;1.071421e-01;8.862386e-02;5.006763e-02;5.184621e-02
1.105759e-01;1.163913e-01;1.776787e-01;4.383667e-02;6.779640e-02;4.708129e-02;7.964613e-02;1.045160e-01;7.902787e-02;9.430674e-02;4.922576e-02;2.991716e-02
1.354914e-01;1.313745e-01;1.619830e-01;3.406388e-02;4.077107e-02;4.923077e-02;1.152370e-01;8.124984e-02;7.748438e-02;7.552624e-02;5.457062e-02;4.301732e-02
1.508009e-01;1.152203e-01;1.112805e-01;4.713893e-02;4.313723e-02;3.882414e-02;1.340014e-01;5.913651e-02;9.041336e-02;8.337100e-02;7.705650e-02;4.961923e-02
1.268981e-01;6.959184e-02;8.635984e-02;5.871356e-02;3.527746e-02;5.217391e-02;1.848191e-01;4.400172e-02;8.946371e-02;1.082365e-01;9.020814e-02;5.425609e-02
1.180464e-01;3.811514e-02;8.762413e-02;7.963782e-02;4.315905e-02;5.899409e-02;1.675659e-01;3.930470e-02;7.591888e-02;1.200903e-01;1.010344e-01;7.050920e-02
9.789263e-02;5.363292e-02;1.065110e-01;9.121320e-02;4.499334e-02;6.724861e-02;1.736836e-01;3.508008e-02;4.105564e-02;1.161111e-01;9.144131e-02;8.113656e-02
9.968375e-02;8.617309e-02;1.015696e-01;7.676813e-02;5.493438e-02;6.086437e-02;1.470207e-01;3.295422e-02;5.012982e-02;9.100358e-02;1.113519e-01;8.754645e-02
1.112943e-01;1.121415e-01;9.922560e-02;8.390308e-02;3.827758e-02;3.651933e-02;1.204236e-01;3.460608e-02;5.110047e-02;8.274791e-02;1.183866e-01;1.113740e-01
1.595300e-01;1.116049e-01;8.502899e-02;8.333673e-02;3.302467e-02;4.733614e-02;8.277250e-02;4.011007e-02;7.715533e-02;7.432311e-02;9.436421e-02;1.114134e-01
2.165228e-01;1.171350e-01;7.433466e-02;7.702927e-02;3.189216e-02;4.148296e-02;4.466555e-02;3.184534e-02;9.690707e-02;8.851298e-02;1.018479e-01;7.782429e-02
2.022947e-01;1.684129e-01;7.668032e-02;5.121879e-02;4.221114e-02;4.144364e-02;3.386579e-02;3.035381e-02;1.029493e-01;1.083195e-01;9.558304e-02;4.666703e-02
1.682940e-01;1.565060e-01;7.654724e-02;2.895400e-02;4.867621e-02;4.913428e-02;6.783020e-02;3.980253e-02;9.947353e-02;1.017259e-01;1.294576e-01;3.359848e-02
1.929519e-01;9.257120e-02;7.904445e-02;4.923792e-02;6.382272e-02;3.448765e-02;8.064058e-02;5.211876e-02;8.485450e-02;1.132311e-01;1.090194e-01;4.801977e-02
9.506477e-02;5.566604e-02;1.139473e-01;5.951289e-02;8.161604e-02;8.732361e-02;1.508735e-01;1.066042e-01;8.386699e-02;6.108959e-02;5.736502e-02;4.707006e-02
9.267449e-02;4.438137e-02;1.060893e-01;5.263646e-02;8.684886e-02;9.434389e-02;1.288361e-01;1.431779e-01;8.740321e-02;6.543452e-02;5.349101e-02;4.468282e-02
7.787394e-02;5.671684e-02;9.565721e-02;4.469771e-02;9.341794e-02;8.500163e-02;1.237594e-01;1.764959e-01;8.793328e-02;6.754921e-02;4.654436e-02;4.435257e-02
4.537792e-02;7.971545e-02;7.672849e-02;3.901696e-02;9.806903e-02;7.123299e-02;1.029651e-01;2.098915e-01;9.341704e-02;8.287154e-02;4.334543e-02;5.736855e-02
3.577994e-02;9.559172e-02;4.750192e-02;3.183070e-02;1.016193e-01;5.752991e-02;8.471111e-02;2.179699e-01;8.212868e-02;1.118126e-01;6.366619e-02;6.985809e-02
4.762956e-02;8.427569e-02;4.366422e-02;3.843845e-02;9.335601e-02;6.492800e-02;1.014344e-01;1.343743e-01;1.189236e-01;1.344956e-01;6.441276e-02;7.406739e-02
4.599838e-02;8.608481e-02;4.561037e-02;4.110174e-02;1.003363e-01;6.468583e-02;1.181308e-01;1.514373e-01;9.003570e-02;1.296604e-01;5.187288e-02;7.504556e-02
5.348932e-02;7.539979e-02;5.306685e-02;4.469544e-02;8.106601e-02;4.127099e-02;1.242629e-01;2.049026e-01;8.268652e-02;1.070507e-01;7.533029e-02;5.677863e-02
7.561507e-02;5.271621e-02;8.307389e-02;4.184203e-02;4.690745e-02;8.782382e-02;1.208915e-01;1.821410e-01;9.046008e-02;7.888548e-02;1.000001e-01;3.964347e-02
1.011953e-01;3.819726e-02;8.083843e-02;3.336526e-02;4.054156e-02;1.066050e-01;1.298706e-01;1.433323e-01;1.001373e-01;6.464434e-02;1.352709e-01;2.600177e-02
1.146912e-01;2.065914e-02;7.193165e-02;3.177978e-02;3.993277e-02;1.065281e-01;1.402901e-01;1.082360e-01;9.640612e-02;8.073373e-02;1.637150e-01;2.509643e-02
1.213084e-01;2.718613e-02;7.379559e-02;3.111507e-02;4.250481e-02;1.048686e-01;1.263339e-01;8.325727e-02;1.091680e-01;8.964805e-02;1.747721e-01;1.604204e-02
1.081787e-01;5.192635e-02;6.289085e-02;3.368544e-02;5.156249e-02;1.032299e-01;1.064868e-01;9.081966e-02;1.101347e-01;8.722894e-02;1.649765e-01;2.887974e-02
7.771835e-02;6.327526e-02;6.137552e-02;4.765546e-02;6.781249e-02;8.436922e-02;9.775782e-02;1.181736e-01;1.083823e-01;1.029119e-01;1.285718e-01;4.199623e-02
6.879635e-02;6.750225e-02;5.325837e-02;5.107912e-02;8.530084e-02;6.858305e-02;9.236443e-02;1.451433e-01;9.811267e-02;1.155210e-01;1.154252e-01;3.891341e-02
7.595798e-02;6.414820e-02;8.515672e-02;5.146445e-02;8.221360e-02;6.611464e-02;7.896598e-02;1.172564e-01;1.024042e-01;1.625395e-01;7.647278e-02;3.730552e-02
6.750167e-02;6.188092e-02;1.261204e-01;6.377780e-02;6.530439e-02;6.477711e-02;1.125895e-01;1.150347e-01;7.531515e-02;1.591594e-01;4.860031e-02;3.993867e-02
3.851765e-02;8.626816e-02;8.631455e-02;4.587816e-02;5.844238e-02;9.904753e-02;1.332654e-01;1.357161e-01;6.742917e-02;1.359164e-01;8.015037e-02;3.305411e-02
1.035001e-01;1.153393e-01;8.459949e-02;1.442358e-02;3.953550e-02;1.128279e-01;1.014454e-01;1.348909e-01;5.126126e-02;9.887879e-02;1.124440e-01;3.085387e-02
1.055780e-01;1.279510e-01;1.106256e-01;2.698045e-02;3.565031e-02;9.564617e-02;1.072245e-01;1.057063e-01;4.856750e-02;8.131979e-02;1.146694e-01;4.008098e-02
7.688332e-02;8.072475e-02;1.183224e-01;2.464881e-02;5.970936e-02;7.521597e-02;1.381350e-01;7.030153e-02;5.192915e-02;1.155191e-01;1.255296e-01;6.308104e-02
5.286646e-02;4.302057e-02;9.337862e-02;3.030918e-02;7.427661e-02;9.094173e-02;1.550232e-01;5.956692e-02;8.843339e-02;9.485541e-02;1.489174e-01;6.841049e-02
5.434005e-02;6.570546e-02;9.084143e-02;6.224414e-02;8.499289e-02;9.846894e-02;1.196692e-01;8.573546e-02;9.716401e-02;5.952381e-02;1.222836e-01;5.903101e-02
7.709385e-02;8.864782e-02;1.023981e-01;8.486653e-02;9.177849e-02;1.011336e-01;9.198899e-02;6.902299e-02;7.575762e-02;7.437108e-02;8.132630e-02;6.161465e-02
9.673356e-02;1.029820e-01;1.228657e-01;8.536007e-02;9.735342e-02;1.028763e-01;6.126184e-02;6.252473e-02;6.230940e-02;8.251955e-02;5.795394e-02;6.525958e-02
1.330922e-01;7.726587e-02;1.104697e-01;5.377389e-02;5.699979e-02;5.183882e-02;1.315730e-01;4.058905e-02;1.074928e-01;9.893718e-02;8.344901e-02;5.451867e-02
1.545768e-01;6.422907e-02;1.172068e-01;4.985430e-02;3.216282e-02;3.164957e-02;1.554148e-01;3.999101e-02;7.057362e-02;9.168246e-02;1.216286e-01;7.103005e-02
1.523357e-01;6.790110e-02;1.257975e-01;4.465743e-02;3.439945e-02;4.218992e-02;1.333634e-01;3.076489e-02;4.541570e-02;9.109134e-02;1.529381e-01;7.914549e-02
1.262797e-01;8.478286e-02;1.332256e-01;3.449837e-02;4.563538e-02;5.593560e-02;9.897664e-02;2.680805e-02;3.624105e-02;1.055564e-01;1.767519e-01;7.530838e-02
7.162458e-02;7.935606e-02;1.641223e-01;3.233594e-02;6.090362e-02;5.756501e-02;1.321669e-01;3.395063e-02;3.953678e-02;1.188349e-01;1.473469e-01;6.225646e-02
4.866134e-02;5.355454e-02;2.319062e-01;3.693108e-02;3.565309e-02;3.873109e-02;2.026297e-01;3.500988e-02;5.159390e-02;1.228808e-01;9.228873e-02;5.015964e-02
6.880778e-02;4.894030e-02;3.209684e-01;4.453488e-02;3.373288e-02;2.641632e-02;1.523957e-01;2.328958e-02;6.493730e-02;1.145174e-01;6.937878e-02;3.208069e-02
1.243835e-01;7.099921e-02;2.921683e-01;4.613272e-02;3.696940e-02;2.712589e-02;6.883676e-02;1.825525e-02;5.614087e-02;1.089967e-01;1.004096e-01;4.958184e-02
1.390514e-01;9.101907e-02;2.193124e-01;4.691368e-02;4.270412e-02;4.019586e-02;6.081643e-02;3.540505e-02;5.247560e-02;1.097324e-01;1.180310e-01;4.434295e-02
1.117437e-01;8.505908e-02;1.670377e-01;5.492559e-02;7.988639e-02;6.273421e-02;3.529374e-02;5.934786e-02;7.802992e-02;1.171035e-01;1.081215e-01;4.071675e-02
8.715320e-02;5.656253e-02;1.182127e-01;5.633917e-02;9.949104e-02;6.859483e-02;9.049040e-02;7.617411e-02;8.088375e-02;1.147843e-01;9.649844e-02;5.481554e-02
8.427268e-02;5.294448e-02;1.845885e-01;4.829725e-02;9.679661e-02;5.463803e-02;1.040435e-01;9.133259e-02;8.129271e-02;1.018899e-01;6.439567e-02;3.550804e-02
8.551291e-02;1.177857e-01;2.097631e-01;3.685595e-02;8.124158e-02;4.812782e-02;1.084117e-01;6.907515e-02;8.355600e-02;8.650962e-02;3.943856e-02;3.372186e-02
6.060042e-02;1.251179e-01;2.021916e-01;4.222506e-02;7.555490e-02;5.934456e-02;1.289909e-01;6.378268e-02;6.393068e-02;9.347989e-02;3.939554e-02;4.538589e-02
6.065331e-02;1.037503e-01;2.004857e-01;6.518252e-02;5.890408e-02;6.015892e-02;1.169684e-01;7.235704e-02;6.938312e-02;8.214172e-02;4.340668e-02;6.660827e-02
6.542482e-02;1.752018e-01;1.831474e-01;5.166068e-02;5.587003e-02;4.417807e-02;1.053742e-01;5.768408e-02;7.401696e-02;7.487141e-02;3.712521e-02;7.544541e-02
7.736111e-02;1.606600e-01;1.976193e-01;5.086831e-02;4.764104e-02;3.794544e-02;1.074851e-01;3.814589e-02;6.792363e-02;8.978920e-02;4.632709e-02;7.823391e-02
7.870372e-02;7.090099e-02;2.028693e-01;5.981174e-02;5.760624e-02;6.865541e-02;1.107516e-01;4.489077e-02;6.801642e-02;1.024291e-01;6.558679e-02;6.977793e-02
5.836277e-02;5.132644e-02;1.306148e-01;4.776462e-02;6.718507e-02;7.832301e-02;1.379383e-01;7.302066e-02;7.996016e-02;1.000025e-01;1.081864e-01;6.731529e-02
4.261364e-02;7.915357e-02;1.030978e-01;7.144885e-02;6.243519e-02;6.009525e-02;1.734118e-01;5.463946e-02;8.241204e-02;9.499749e-02;9.719605e-02;7.849885e-02
6.621704e-02;6.317125e-02;1.815989e-01;6.811306e-02;7.714752e-02;5.228200e-02;1.544119e-01;4.385667e-02;7.372318e-02;6.192296e-02;6.021617e-02;9.733929e-02
5.738097e-02;7.217668e-02;2.125827e-01;5.423686e-02;8.477587e-02;5.777054e-02;1.271154e-01;6.471471e-02;7.161665e-02;4.773771e-02;4.813709e-02;1.017547e-01
6.770065e-02;6.375673e-02;1.965286e-01;5.865395e-02;6.196717e-02;4.582644e-02;1.043780e-01;5.837098e-02;5.682709e-02;7.652022e-02;8.717310e-02;1.222971e-01
7.375138e-02;7.683752e-02;8.216846e-02;4.989461e-02;7.616039e-02;7.283059e-02;7.865333e-02;1.050960e-01;9.207767e-02;9.998586e-02;6.422938e-02;1.283148e-01
8.584508e-02;8.250619e-02;9.201056e-02;2.524464e-02;7.527053e-02;6.998854e-02;7.979549e-02;1.031680e-01;9.201112e-02;9.580405e-02;8.794837e-02;1.104075e-01
1.012956e-01;8.147123e-02;8.875841e-02;2.911621e-02;6.705035e-02;5.857413e-02;9.086052e-02;9.201565e-02;8.546286e-02;8.410011e-02;1.037001e-01;1.175949e-01
9.009206e-02;8.010661e-02;1.431422e-01;3.856334e-02;5.886596e-02;3.983316e-02;1.063398e-01;6.939812e-02;7.396104e-02;5.970665e-02;1.121506e-01;1.278405e-01
6.518694e-02;7.348797e-02;2.211178e-01;7.835325e-02;7.290003e-02;2.982019e-02;1.192281e-01;3.162070e-02;7.862882e-02;4.689239e-02;8.363456e-02;9.912930e-02
1.049231e-01;6.028723e-02;1.811761e-01;9.117851e-02;8.085580e-02;4.049658e-02;1.145397e-01;2.642697e-02;9.545925e-02;6.477670e-02;8.457830e-02;5.530173e-02
1.104811e-01;7.291198e-02;1.746003e-01;8.076900e-02;8.735956e-02;4.962209e-02;6.590155e-02;2.720104e-02;8.676210e-02;1.134199e-01;8.675099e-02;4.422044e-02
1.100521e-01;8.389933e-02;1.739983e-01;7.394798e-02;1.059929e-01;5.595236e-02;3.981873e-02;2.711344e-02;7.262076e-02;1.424899e-01;7.380928e-02;4.030484e-02
1.323958e-01;6.339772e-02;1.863916e-01;1.119915e-01;1.073612e-01;4.859363e-02;3.606337e-02;3.468691e-02;7.367161e-02;1.059861e-01;7.434820e-02;2.511233e-02
1.414686e-01;4.729691e-02;1.864859e-01;1.133239e-01;8.502474e-02;3.412837e-02;3.032196e-02;4.176442e-02;8.223647e-02;1.114137e-01;7.577582e-02;5.075917e-02
1.508310e-01;6.554074e-02;1.955699e-01;1.144617e-01;7.522526e-02;3.066656e-02;2.124589e-02;4.178102e-02;8.202837e-02;1.080665e-01;6.621420e-02;4.836887e-02
1.883801e-01;9.496098e-02;1.513255e-01;1.001890e-01;6.695010e-02;3.048235e-02;3.961569e-02;4.129636e-02;7.489535e-02;7.322725e-02;6.420166e-02;7.447564e-02
2.100972e-01;1.183512e-01;1.353313e-01;6.908394e-02;6.350356e-02;2.074385e-02;3.540311e-02;3.856631e-02;8.157612e-02;6.208190e-02;8.985554e-02;7.540597e-02
2.168357e-01;1.215648e-01;1.325410e-01;5.685892e-02;5.774887e-02;3.407053e-02;4.330402e-02;2.709303e-02;6.724039e-02;6.863066e-02;1.065106e-01;6.760158e-02
2.429229e-01;9.139798e-02;1.318111e-01;5.869119e-02;7.154395e-02;3.298672e-02;6.025593e-02;2.357817e-02;4.574696e-02;8.060318e-02;9.872743e-02;6.173445e-02
2.182358e-01;7.602915e-02;1.754146e-01;5.016340e-02;5.914902e-02;1.849071e-02;7.377654e-02;3.262001e-02;5.105948e-02;7.273243e-02;7.950686e-02;9.282196e-02
1.704281e-01;8.654308e-02;2.343917e-01;4.459554e-02;4.078149e-02;2.018805e-02;9.886202e-02;3.279734e-02;5.298146e-02;6.067088e-02;5.877231e-02;9.898804e-02
1.178268e-01;1.060311e-01;2.833082e-01;4.344907e-02;2.264047e-02;1.658809e-02;1.358507e-01;3.104079e-02;5.154369e-02;6.738693e-02;5.504788e-02;6.928612e-02
7.292007e-02;8.059849e-02;3.035496e-01;4.580392e-02;4.793248e-02;3.226035e-02;9.963185e-02;4.257574e-02;5.545740e-02;9.326451e-02;8.419345e-02;4.181219e-02
1.052753e-01;6.137469e-02;2.505853e-01;5.860204e-02;8.709467e-02;4.155627e-02;3.984719e-02;4.764814e-02;5.645636e-02;1.211581e-01;9.947715e-02;3.092468e-02
1.121570e-01;4.749703e-02;2.421175e-01;5.857091e-02;1.055248e-01;4.408274e-02;5.428069e-02;4.360271e-02;6.827417e-02;1.108671e-01;7.363783e-02;3.938753e-02
9.941459e-02;3.738551e-02;3.048618e-01;6.015392e-02;9.803369e-02;4.100965e-02;4.036819e-02;3.510722e-02;7.413016e-02;1.028965e-01;7.161376e-02;3.502496e-02
9.017061e-02;2.792309e-02;3.479141e-01;6.184307e-02;9.420714e-02;3.836037e-02;3.701292e-02;3.158760e-02;8.034164e-02;9.878644e-02;6.228499e-02;2.956808e-02
8.871544e-02;2.328269e-02;3.592702e-01;6.662200e-02;8.823538e-02;3.232577e-02;3.765356e-02;3.032636e-02;7.836059e-02;9.314759e-02;6.887525e-02;3.318517e-02
8.165911e-02;1.733967e-02;3.543848e-01;6.791550e-02;9.457986e-02;4.497234e-02;4.654033e-02;3.031832e-02;6.959754e-02;1.015253e-01;6.303667e-02;2.813056e-02
7.277425e-02;2.445206e-02;3.141261e-01;6.253552e-02;1.195925e-01;4.984748e-02;4.851808e-02;3.084281e-02;7.057852e-02;1.084449e-01;6.759650e-02;3.069130e-02
6.838571e-02;3.624434e-02;2.640534e-01;7.120100e-02;1.295616e-01;5.597420e-02;6.250720e-02;3.271707e-02;7.388437e-02;1.040670e-01;6.973273e-02;3.167147e-02
5.278629e-02;6.317053e-02;2.087338e-01;7.141787e-02;1.274739e-01;6.359163e-02;1.209994e-01;3.098745e-02;5.766973e-02;1.071418e-01;6.000647e-02;3.602105e-02
6.107002e-02;6.001546e-02;1.540840e-01;7.139079e-02;1.415913e-01;7.742740e-02;1.323715e-01;4.013161e-02;5.727360e-02;1.038121e-01;6.915789e-02;3.167431e-02
7.530701e-02;4.036082e-02;1.904161e-01;5.963550e-02;1.297861e-01;6.555617e-02;8.661150e-02;6.740678e-02;9.052459e-02;1.015575e-01;6.717841e-02;2.565946e-02
8.030397e-02;3.801235e-02;1.848613e-01;6.488817e-02;1.149459e-01;6.045804e-02;6.333769e-02;5.859250e-02;1.142280e-01;1.298736e-01;6.486299e-02;2.563542e-02
9.057732e-02;3.021512e-02;1.550587e-01;6.555928e-02;1.181718e-01;6.909572e-02;7.918429e-02;4.283728e-02;1.252110e-01;1.510058e-01;5.323046e-02;1.985320e-02
9.814985e-02;3.300804e-02;2.002194e-01;6.605548e-02;1.153849e-01;6.165351e-02;7.771488e-02;4.220624e-02;9.853374e-02;1.286970e-01;6.414535e-02;1.423166e-02
1.009386e-01;3.157597e-02;2.239670e-01;6.585675e-02;1.131010e-01;4.873720e-02;7.316528e-02;3.389511e-02;1.052006e-01;1.241641e-01;6.451595e-02;1.488248e-02
9.562891e-02;3.660668e-02;2.085482e-01;6.610652e-02;1.087915e-01;4.633737e-02;6.384398e-02;3.837444e-02;1.336410e-01;1.362019e-01;5.095336e-02;1.496618e-02
8.497091e-02;4.964922e-02;1.702673e-01;5.205668e-02;1.139351e-01;5.491668e-02;7.666542e-02;4.832371e-02;1.304716e-01;1.411401e-01;5.099471e-02;2.660860e-02
7.248655e-02;7.127337e-02;1.429779e-01;3.770378e-02;1.342755e-01;6.500708e-02;8.258849e-02;5.012314e-02;9.199992e-02;1.499848e-01;6.763273e-02;3.394674e-02
7.043583e-02;9.268431e-02;1.218355e-01;3.565710e-02;1.358508e-01;7.148449e-02;6.843377e-02;4.074433e-02;9.398746e-02;1.546004e-01;7.722598e-02;3.706013e-02
5.351263e-02;9.942954e-02;8.317837e-02;4.870914e-02;1.329374e-01;8.057747e-02;8.762900e-02;4.995082e-02;9.126799e-02;1.412894e-01;8.602781e-02;4.549048e-02
4.975428e-02;9.365320e-02;1.275557e-01;5.799260e-02;1.198430e-01;8.349502e-02;8.932526e-02;7.293226e-02;7.342961e-02;1.147503e-01;7.785306e-02;3.941571e-02
2.910525e-02;8.118986e-02;1.477564e-01;1.025817e-01;1.075815e-01;7.976306e-02;1.057644e-01;8.815171e-02;5.371390e-02;1.044111e-01;7.762310e-02;2.235802e-02
2.717711e-02;6.749167e-02;1.547480e-01;1.097917e-01;1.147004e-01;7.006852e-02;1.616115e-01;6.238062e-02;4.570856e-02;9.691371e-02;7.166610e-02;1.774216e-02
2.539398e-02;6.747320e-02;1.619388e-01;9.715531e-02;1.080066e-01;7.038064e-02;1.761024e-01;6.486692e-02;4.598143e-02;9.377857e-02;7.262018e-02;1.630195e-02
1.869110e-02;7.098993e-02;2.020973e-01;9.060130e-02;8.909916e-02;7.600232e-02;1.471549e-01;9.595649e-02;3.023010e-02;9.219823e-02;7.087260e-02;1.610660e-02
2.890850e-02;1.032006e-01;2.024274e-01;7.946362e-02;8.498351e-02;7.188395e-02;1.275483e-01;9.968580e-02;2.676392e-02;8.604564e-02;6.893673e-02;2.015205e-02
6.748348e-02;1.501329e-01;1.707647e-01;5.748373e-02;7.915776e-02;7.597823e-02;1.088895e-01;7.852413e-02;3.383802e-02;8.756880e-02;7.067890e-02;1.949980e-02
1.227594e-01;1.729834e-01;1.527874e-01;4.085574e-02;7.788965e-02;6.658205e-02;6.818757e-02;5.154365e-02;3.534917e-02;9.752725e-02;7.350060e-02;4.003412e-02
1.583130e-01;1.630264e-01;9.953434e-02;2.829492e-02;8.206663e-02;4.949859e-02;7.073878e-02;3.092526e-02;4.572126e-02;1.128074e-01;8.835088e-02;7.072258e-02
1.551123e-01;1.519603e-01;7.101571e-02;2.368405e-02;8.432806e-02;4.047010e-02;5.824162e-02;3.107438e-02;5.790814e-02;1.295542e-01;1.037336e-01;9.291758e-02
1.013474e-01;1.475743e-01;8.002007e-02;2.822048e-02;7.797418e-02;4.128083e-02;5.151393e-02;4.251236e-02;6.461859e-02;1.357354e-01;1.185079e-01;1.106947e-01
8.673076e-02;1.326625e-01;7.982304e-02;2.665442e-02;7.388832e-02;4.055952e-02;5.142359e-02;3.942098e-02;6.049557e-02;1.421798e-01;1.428780e-01;1.232835e-01
1.043886e-01;1.153314e-01;9.853371e-02;3.111746e-02;6.161448e-02;4.266058e-02;7.164014e-02;3.487422e-02;5.405722e-02;1.324197e-01;1.421056e-01;1.112569e-01
1.112785e-01;1.094805e-01;1.406061e-01;4.483793e-02;6.225211e-02;5.171977e-02;7.969465e-02;3.704759e-02;5.952398e-02;1.079086e-01;1.026564e-01;9.299396e-02
4.158348e-02;1.130343e-01;2.030607e-01;4.314921e-02;7.273392e-02;5.621055e-02;1.193473e-01;3.701546e-02;8.240440e-02;1.151344e-01;5.596210e-02;6.036426e-02
9.532703e-02;1.095811e-01;1.840818e-01;3.696636e-02;9.086901e-02;6.190196e-02;6.098761e-02;3.242706e-02;8.085665e-02;1.245631e-01;6.558522e-02;5.685309e-02
9.384292e-02;9.253316e-02;1.152613e-01;5.722407e-02;8.305789e-02;6.534852e-02;1.348963e-01;3.683598e-02;8.953325e-02;1.154121e-01;6.625727e-02;4.979729e-02
3.954495e-02;5.994450e-02;1.179944e-01;6.558069e-02;4.839953e-02;5.755653e-02;2.353760e-01;4.766460e-02;1.045332e-01;1.023375e-01;7.191031e-02;4.915773e-02
6.447005e-02;4.143664e-02;1.245091e-01;5.133277e-02;5.693689e-02;6.194667e-02;2.385976e-01;4.040603e-02;9.739193e-02;9.497171e-02;8.508398e-02;4.291676e-02
4.772178e-02;4.726068e-02;1.259007e-01;5.105161e-02;7.494146e-02;6.754830e-02;1.947496e-01;8.449049e-02;8.350201e-02;9.276030e-02;8.766837e-02;4.240469e-02
5.145686e-02;6.033913e-02;9.326669e-02;4.044679e-02;9.455843e-02;7.359967e-02;1.594420e-01;1.101461e-01;9.051525e-02;1.071336e-01;7.305402e-02;4.604144e-02
5.474741e-02;5.944596e-02;1.030756e-01;4.132326e-02;1.122593e-01;8.630810e-02;1.497837e-01;7.724833e-02;8.563387e-02;1.154506e-01;5.578179e-02;5.894211e-02
6.847769e-02;3.583487e-02;2.035791e-01;5.450261e-02;9.324578e-02;8.500059e-02;1.621854e-01;2.880418e-02;6.940353e-02;9.069795e-02;5.576100e-02;5.250729e-02
5.996642e-02;2.133114e-02;3.048913e-01;6.024188e-02;8.406251e-02;8.346688e-02;1.467307e-01;2.170849e-02;5.021698e-02;7.967644e-02;5.855317e-02;2.915409e-02
4.932585e-02;4.115215e-02;2.736098e-01;4.967172e-02;1.250324e-01;1.090845e-01;8.368997e-02;2.928703e-02;3.450260e-02;1.074835e-01;7.608223e-02;2.107831e-02
6.443471e-02;4.547391e-02;2.505726e-01;5.330759e-02;1.255169e-01;1.087466e-01;7.590788e-02;3.134955e-02;3.711612e-02;1.053083e-01;7.362544e-02;2.864038e-02
7.285666e-02;4.204262e-02;2.602325e-01;5.717143e-02;1.025518e-01;9.337855e-02;8.473489e-02;4.631724e-02;4.188999e-02;1.014624e-01;6.854536e-02;2.881662e-02
7.156943e-02;3.753984e-02;2.172286e-01;5.345249e-02;1.167345e-01;9.224407e-02;8.749796e-02;4.857995e-02;5.639515e-02;1.115962e-01;7.485021e-02;3.231167e-02
7.362437e-02;3.663469e-02;2.220696e-01;5.891399e-02;1.351204e-01;8.232256e-02;7.568964e-02;3.329612e-02;5.764182e-02;1.154179e-01;8.358254e-02;2.568640e-02
6.693625e-02;4.455037e-02;2.297881e-01;5.287794e-02;1.333820e-01;6.198372e-02;1.067302e-01;2.242737e-02;6.158864e-02;1.183031e-01;7.640263e-02;2.502979e-02
7.907003e-02;5.894100e-02;1.188436e-01;4.886341e-02;1.377483e-01;6.245059e-02;1.577589e-01;2.754654e-02;5.995984e-02;1.269933e-01;7.346281e-02;4.836173e-02
8.415867e-02;8.801926e-02;1.142503e-01;4.775877e-02;1.260126e-01;6.500091e-02;1.342678e-01;3.487210e-02;4.973005e-02;1.254870e-01;7.044498e-02;5.999764e-02
6.829984e-02;1.358817e-01;1.114981e-01;4.384580e-02;1.434606e-01;6.788192e-02;6.098527e-02;4.270210e-02;6.146095e-02;1.379537e-01;6.908650e-02;5.694358e-02
6.605307e-02;1.444828e-01;1.090961e-01;5.783367e-02;1.354220e-01;6.528351e-02;6.462797e-02;5.341382e-02;6.355260e-02;1.212506e-01;7.035691e-02;4.862701e-02
7.010855e-02;9.746093e-02;1.352784e-01;5.688591e-02;1.177468e-01;8.749106e-02;1.335837e-01;3.909855e-02;3.755513e-02;9.038720e-02;8.741763e-02;4.698610e-02
9.619492e-02;9.507842e-02;1.363440e-01;4.542268e-02;8.676752e-02;8.984280e-02;1.638475e-01;3.270454e-02;4.822990e-02;6.935664e-02;8.838775e-02;4.782339e-02
1.077982e-01;8.705895e-02;1.435168e-01;4.041047e-02;7.315107e-02;7.462261e-02;2.034987e-01;2.373135e-02;6.117243e-02;5.331895e-02;7.571132e-02;5.600913e-02
7.912942e-02;6.967334e-02;1.427152e-01;3.935181e-02;8.568346e-02;6.828643e-02;2.456713e-01;2.006469e-02;6.521499e-02;4.364060e-02;7.106309e-02;6.950571e-02
4.093558e-02;4.807681e-02;1.224991e-01;3.629171e-02;7.570083e-02;7.085089e-02;3.028493e-01;3.283778e-02;7.059042e-02;5.105819e-02;8.621437e-02;6.209504e-02
2.549570e-02;4.559839e-02;1.234595e-01;3.813491e-02;5.126073e-02;7.023586e-02;3.500637e-01;4.666943e-02;7.552437e-02;5.242451e-02;6.644785e-02;5.468503e-02
4.531758e-02;4.981497e-02;1.470452e-01;3.794289e-02;4.822016e-02;5.605753e-02;3.548816e-01;4.315132e-02;5.020729e-02;4.831884e-02;6.504928e-02;5.399331e-02
4.973748e-02;3.694987e-02;1.163239e-01;4.222822e-02;4.960682e-02;5.359386e-02;3.810956e-01;4.547603e-02;3.943485e-02;4.498435e-02;7.775947e-02;6.280965e-02
3.730167e-02;2.532730e-02;7.301427e-02;4.768808e-02;4.547138e-02;6.248116e-02;3.764478e-01;6.165290e-02;5.372846e-02;4.871668e-02;9.136518e-02;7.680510e-02
2.593657e-02;2.008376e-02;1.021568e-01;4.018802e-02;7.031728e-02;7.759225e-02;3.447673e-01;5.758491e-02;6.197787e-02;4.708299e-02;8.661813e-02;6.569415e-02
6.578557e-02;3.911472e-02;8.357249e-02;2.475126e-02;8.176207e-02;8.390824e-02;3.244040e-01;3.585840e-02;5.698550e-02;5.028478e-02;9.831535e-02;5.525763e-02
7.253447e-02;5.078664e-02;9.176233e-02;2.961441e-02;9.936821e-02;9.595390e-02;2.737572e-01;2.801234e-02;3.779166e-02;7.220493e-02;1.032219e-01;4.499195e-02
