1.724672e-01;1.062847e-01;1.453868e-01;8.172503e-02;6.655351e-02;6.078227e-02;2.218903e-01;3.874793e-02;1.413573e-02;4.542432e-02;1.693776e-02;2.966439e-02
1.953405e-01;1.013335e-01;1.893878e-01;8.461957e-02;6.241413e-02;4.875019e-02;1.797145e-01;2.615246e-02;1.579839e-02;3.913242e-02;2.136512e-02;3.599139e-02
2.234254e-01;5.684713e-02;1.656487e-01;7.832306e-02;6.213635e-02;4.394833e-02;2.037186e-01;3.099869e-02;2.938611e-02;3.895061e-02;2.152848e-02;4.508840e-02
2.255787e-01;9.853716e-02;1.048293e-01;5.773402e-02;5.466584e-02;4.408796e-02;2.286890e-01;3.922942e-02;3.187965e-02;2.975866e-02;3.473081e-02;5.027946e-02
1.975977e-01;8.523779e-02;8.490138e-02;6.522483e-02;5.242542e-02;4.108755e-02;2.912849e-01;6.059277e-02;2.786421e-02;2.670493e-02;3.555476e-02;3.152380e-02
1.668001e-01;3.745473e-02;1.401927e-01;7.120668e-02;5.284202e-02;4.310808e-02;2.945378e-01;6.033479e-02;4.308688e-02;3.367364e-02;3.577849e-02;2.098424e-02
1.610193e-01;3.891656e-02;1.786745e-01;7.224831e-02;7.250664e-02;6.254665e-02;2.431061e-01;2.963403e-02;4.188047e-02;3.398543e-02;2.783918e-02;3.764287e-02
1.582862e-01;7.348260e-02;1.853472e-01;5.472643e-02;8.878352e-02;7.960736e-02;1.397189e-01;3.907040e-02;5.850482e-02;3.467219e-02;3.485335e-02;5.294710e-02
7.401761e-02;6.976768e-02;2.392431e-01;7.426569e-02;7.609192e-02;8.356722e-02;1.572316e-01;3.948380e-02;6.677264e-02;3.172636e-02;3.658956e-02;5.124274e-02
1.218219e-01;7.169023e-02;2.352264e-01;6.306358e-02;5.776710e-02;7.596163e-02;1.581241e-01;4.057956e-02;5.343776e-02;3.177587e-02;4.081678e-02;4.973506e-02
1.715610e-01;8.583556e-02;1.369787e-01;6.552266e-02;7.271839e-02;6.095815e-02;1.500569e-01;7.268616e-02;6.488203e-02;3.380227e-02;3.050381e-02;5.449440e-02
1.246424e-01;1.029718e-01;1.065407e-01;7.832116e-02;1.206169e-01;6.639448e-02;1.204519e-01;8.039963e-02;7.516042e-02;4.706721e-02;3.017329e-02;4.726015e-02
9.299849e-02;8.300349e-02;1.789822e-01;9.137284e-02;1.414604e-01;6.500699e-02;8.590823e-02;6.698207e-02;6.847779e-02;5.414066e-02;2.850458e-02;4.316223e-02
7.449462e-02;6.145369e-02;2.277629e-01;7.765213e-02;1.379903e-01;6.749725e-02;1.126529e-01;5.594821e-02;6.847400e-02;5.063891e-02;3.465150e-02;3.078359e-02
5.391067e-02;3.971254e-02;2.018580e-01;1.105195e-01;1.223580e-01;1.104150e-01;1.194488e-01;4.754579e-02;7.417295e-02;4.913558e-02;4.573739e-02;2.518580e-02
6.603342e-02;8.317959e-02;2.074129e-01;8.092377e-02;6.410319e-02;7.378985e-02;8.113876e-02;9.649976e-02;1.137765e-01;6.495271e-02;4.219674e-02;2.599282e-02
1.036420e-01;8.015104e-02;1.551393e-01;5.073887e-02;4.442497e-02;3.602432e-02;1.233929e-01;1.456263e-01;1.210811e-01;6.568250e-02;3.439529e-02;3.970141e-02
1.041830e-01;6.248692e-02;9.828159e-02;5.142450e-02;3.453798e-02;3.092863e-02;1.744668e-01;1.929147e-01;1.000233e-01;6.032742e-02;2.347350e-02;6.695171e-02
7.067602e-02;4.815118e-02;4.301635e-02;5.785744e-02;1.984909e-02;2.094836e-02;2.879658e-01;1.951988e-01;5.328895e-02;5.324708e-02;2.531162e-02;1.244893e-01
2.199340e-02;4.255924e-02;2.632984e-02;5.911126e-02;9.059773e-03;3.647985e-02;3.963509e-01;1.138362e-01;2.756971e-02;4.629020e-02;2.321092e-02;1.972088e-01
2.323771e-02;4.172240e-02;2.781315e-02;4.206622e-02;1.708989e-02;5.150806e-02;3.732963e-01;6.734176e-02;4.216489e-02;4.165834e-02;4.294798e-02;2.291533e-01
3.686341e-02;8.484098e-02;3.061989e-02;2.926998e-02;2.045020e-02;5.926860e-02;2.751732e-01;8.889718e-02;5.891954e-02;2.925688e-02;4.607504e-02;2.403651e-01
3.366470e-02;1.380416e-01;3.219166e-02;4.143069e-02;1.778791e-02;6.284527e-02;2.621238e-01;7.136786e-02;5.191039e-02;4.027629e-02;3.728833e-02;2.110715e-01
3.282855e-02;1.284993e-01;2.943469e-02;5.725012e-02;9.861629e-03;7.432997e-02;3.504454e-01;5.051623e-02;3.011600e-02;4.959837e-02;2.285534e-02;1.642644e-01
5.983479e-02;8.438639e-02;3.387064e-02;5.943324e-02;1.559397e-02;9.746286e-02;3.721360e-01;5.361978e-02;2.683475e-02;6.092961e-02;2.136381e-02;1.145342e-01
8.859105e-02;9.026966e-02;4.781625e-02;5.642726e-02;2.625116e-02;8.942068e-02;3.465758e-01;5.383762e-02;4.337246e-02;5.711245e-02;2.864702e-02;7.167863e-02
1.010595e-01;7.862561e-02;6.243974e-02;5.417371e-02;3.166938e-02;4.820957e-02;3.097391e-01;1.044534e-01;4.063496e-02;4.981614e-02;3.056398e-02;8.861483e-02
1.281023e-01;6.851698e-02;5.409021e-02;8.150004e-02;2.698573e-02;5.191052e-02;2.164903e-01;5.392661e-02;4.957025e-02;7.681277e-02;4.017106e-02;1.519231e-01
1.998608e-01;6.669701e-02;2.873429e-02;8.283341e-02;1.583251e-02;6.083769e-02;1.822341e-01;8.697860e-02;6.349662e-02;6.646499e-02;2.428455e-02;1.217455e-01
2.199413e-01;5.540952e-02;3.175615e-02;5.602404e-02;2.195751e-02;7.293174e-02;1.747744e-01;1.135422e-01;8.950526e-02;4.987393e-02;1.932940e-02;9.495455e-02
2.116646e-01;4.651477e-02;4.000608e-02;3.271778e-02;2.913651e-02;8.698215e-02;1.821502e-01;1.247765e-01;1.067236e-01;3.575222e-02;1.687976e-02;8.669580e-02
2.157052e-01;3.809351e-02;3.109691e-02;3.973973e-02;2.832961e-02;1.016219e-01;1.600111e-01;1.463617e-01;1.179549e-01;3.600313e-02;1.499357e-02;7.008868e-02
2.131162e-01;2.734770e-02;1.688460e-02;4.455137e-02;2.950330e-02;1.042145e-01;1.667577e-01;1.625511e-01;1.357051e-01;3.090740e-02;1.022520e-02;5.823577e-02
2.052417e-01;2.401879e-02;3.740462e-02;3.091796e-02;2.780994e-02;8.867794e-02;1.846824e-01;1.723194e-01;1.329015e-01;2.318203e-02;9.980170e-03;6.286348e-02
2.443186e-01;3.574478e-02;5.795482e-02;2.728681e-02;3.909160e-02;5.656004e-02;1.558653e-01;1.905775e-01;1.015949e-01;1.878460e-02;8.154681e-03;6.406627e-02
3.044028e-01;4.883958e-02;9.266794e-02;2.679316e-02;7.959832e-02;1.889698e-02;9.170826e-02;1.720583e-01;6.191493e-02;2.352624e-02;9.295902e-03;7.029768e-02
3.307867e-01;9.185963e-02;1.381422e-01;2.403327e-02;9.238046e-02;1.287363e-02;6.285926e-02;9.273849e-02;7.066416e-02;1.728468e-02;1.036191e-02;5.601567e-02
3.184648e-01;1.173643e-01;1.684313e-01;1.699559e-02;7.154884e-02;1.811051e-02;7.118475e-02;6.074935e-02;6.517814e-02;1.763704e-02;1.096123e-02;6.337417e-02
2.470561e-01;1.228236e-01;2.030728e-01;2.767924e-02;4.496901e-02;3.256612e-02;8.127140e-02;8.034530e-02;6.791095e-02;2.091106e-02;1.392475e-02;5.746971e-02
1.544859e-01;1.860123e-01;2.696352e-01;3.200950e-02;2.283548e-02;3.845131e-02;6.920850e-02;8.228923e-02;7.378643e-02;1.602150e-02;7.872967e-03;4.739161e-02
1.705276e-01;2.231206e-01;2.786078e-01;2.062615e-02;2.883643e-02;2.770988e-02;2.972969e-02;7.474703e-02;7.573570e-02;1.381127e-02;6.945884e-03;4.960209e-02
2.388944e-01;2.181585e-01;2.441691e-01;1.991344e-02;2.420014e-02;2.345909e-02;3.972257e-02;5.878502e-02;5.638199e-02;1.477252e-02;8.503328e-03;5.303987e-02
1.908531e-01;2.042198e-01;2.328279e-01;3.534255e-02;1.770011e-02;3.427881e-02;8.482142e-02;4.068843e-02;5.522863e-02;2.981543e-02;1.954021e-02;5.468361e-02
1.502626e-01;1.836480e-01;1.495534e-01;4.074160e-02;4.282241e-02;5.486291e-02;1.033699e-01;6.068768e-02;1.003868e-01;3.866006e-02;2.616033e-02;4.884438e-02
2.697283e-01;1.511302e-01;1.257623e-01;3.355176e-02;6.531645e-02;5.146352e-02;5.689222e-02;5.194588e-02;9.845388e-02;2.910464e-02;1.981917e-02;4.683165e-02
2.610689e-01;9.906811e-02;1.279921e-01;4.025630e-02;8.251321e-02;4.468834e-02;8.242594e-02;5.804601e-02;9.549863e-02;4.108616e-02;2.248837e-02;4.486785e-02
1.678610e-01;9.259632e-02;1.349749e-01;3.790607e-02;8.373531e-02;4.371755e-02;1.291886e-01;9.892654e-02;9.490705e-02;5.909455e-02;2.163026e-02;3.546183e-02
1.313007e-01;8.632733e-02;1.446929e-01;4.853843e-02;7.467605e-02;4.464166e-02;1.351570e-01;1.013114e-01;8.910125e-02;7.472532e-02;1.924344e-02;5.028447e-02
1.154921e-01;7.653973e-02;1.747240e-01;5.602556e-02;7.090465e-02;4.281575e-02;1.237726e-01;8.843015e-02;9.809058e-02;6.992378e-02;2.244031e-02;6.084084e-02
8.379832e-02;1.067064e-01;1.592503e-01;5.778413e-02;1.059946e-01;4.817851e-02;1.144538e-01;7.943914e-02;9.605956e-02;7.670299e-02;2.134842e-02;5.028380e-02
8.984856e-02;1.205827e-01;2.688877e-01;5.709239e-02;9.837831e-02;5.530107e-02;9.081438e-02;5.368101e-02;7.351469e-02;3.996966e-02;2.427825e-02;2.765123e-02
1.638594e-01;1.368327e-01;2.445546e-01;4.405392e-02;9.117081e-02;4.754459e-02;9.860353e-02;4.107944e-02;6.233503e-02;2.372296e-02;1.933661e-02;2.690650e-02
2.632985e-01;1.649262e-01;1.802009e-01;2.717551e-02;7.858884e-02;3.253484e-02;8.465106e-02;4.973293e-02;5.339859e-02;1.710743e-02;1.470693e-02;3.367832e-02
3.650650e-01;1.601002e-01;1.441632e-01;1.668292e-02;6.695420e-02;1.893645e-02;5.835758e-02;5.983664e-02;3.331958e-02;1.776279e-02;1.441773e-02;4.440359e-02
4.029504e-01;1.059725e-01;1.189250e-01;1.528499e-02;6.687623e-02;2.348939e-02;5.066957e-02;6.303056e-02;4.304381e-02;2.192326e-02;1.983781e-02;6.799647e-02
3.898528e-01;4.759691e-02;6.040070e-02;1.649469e-02;5.920278e-02;3.983676e-02;9.934629e-02;5.119282e-02;5.794118e-02;3.983229e-02;4.611902e-02;9.218372e-02
3.175815e-01;5.549644e-02;1.067102e-01;1.994624e-02;5.343435e-02;4.709709e-02;1.497606e-01;7.899102e-02;3.055879e-02;4.409491e-02;3.969255e-02;5.663623e-02
2.969863e-01;9.679405e-02;1.212557e-01;1.954514e-02;4.296660e-02;3.909436e-02;1.463066e-01;1.024100e-01;4.710214e-02;3.128047e-02;2.488610e-02;3.137259e-02
3.068596e-01;1.203339e-01;1.251695e-01;2.384341e-02;4.237615e-02;2.413070e-02;1.153871e-01;8.642034e-02;5.653176e-02;3.399726e-02;2.891773e-02;3.603260e-02
3.038235e-01;1.286969e-01;1.262919e-01;3.809233e-02;4.415622e-02;3.101699e-02;9.489264e-02;5.950603e-02;4.770299e-02;3.777879e-02;2.806260e-02;5.997905e-02
2.594302e-01;1.151037e-01;1.509308e-01;5.717801e-02;5.302453e-02;4.125337e-02;1.104639e-01;6.355927e-02;3.551265e-02;3.604918e-02;2.463443e-02;5.285990e-02
2.905315e-01;1.367906e-01;2.027180e-01;4.532775e-02;5.906805e-02;3.354999e-02;4.778558e-02;4.245591e-02;2.570411e-02;3.504383e-02;2.479802e-02;5.622666e-02
3.370273e-01;1.025328e-01;1.497111e-01;2.216792e-02;5.555635e-02;2.664526e-02;7.312862e-02;4.578521e-02;4.482112e-02;4.409113e-02;3.963493e-02;5.889822e-02
3.231274e-01;8.129739e-02;8.632423e-02;2.337146e-02;6.490354e-02;3.122182e-02;9.022455e-02;5.874985e-02;8.317094e-02;4.513594e-02;3.874064e-02;7.373216e-02
2.207745e-01;1.059117e-01;9.166748e-02;5.095053e-02;6.849120e-02;4.485091e-02;9.076581e-02;5.807456e-02;8.181147e-02;6.811733e-02;3.233977e-02;8.624478e-02
1.431381e-01;1.107078e-01;1.250810e-01;5.547185e-02;8.973423e-02;4.342330e-02;1.095864e-01;5.750126e-02;9.042301e-02;7.433077e-02;2.350294e-02;7.709947e-02
1.125990e-01;1.080941e-01;2.030117e-01;6.556073e-02;6.540406e-02;6.124365e-02;9.095056e-02;3.883944e-02;9.522085e-02;8.378053e-02;2.424414e-02;5.105119e-02
1.127534e-01;1.098999e-01;2.390151e-01;8.814559e-02;4.086725e-02;7.080662e-02;6.832456e-02;3.383964e-02;8.165802e-02;8.636781e-02;3.103597e-02;3.728603e-02
8.512320e-02;9.562112e-02;3.393456e-01;7.504693e-02;5.678227e-02;5.772821e-02;9.382182e-02;3.334841e-02;4.686337e-02;4.779907e-02;3.943300e-02;2.908702e-02
8.881765e-02;9.250798e-02;3.563678e-01;6.959303e-02;6.286994e-02;4.454492e-02;1.238161e-01;2.374464e-02;3.676830e-02;3.723716e-02;3.723489e-02;2.649766e-02
9.904897e-02;1.067700e-01;3.001345e-01;6.268982e-02;6.399179e-02;4.985118e-02;1.344886e-01;2.299469e-02;4.485196e-02;5.275417e-02;3.833770e-02;2.408659e-02
1.767365e-01;5.332912e-02;2.341591e-01;6.003718e-02;4.729823e-02;6.006632e-02;1.406428e-01;3.027905e-02;7.886877e-02;5.539641e-02;2.897252e-02;3.421393e-02
2.563170e-01;1.308396e-01;2.136872e-01;4.643458e-02;4.448629e-02;3.053024e-02;9.679595e-02;5.998980e-02;4.042473e-02;2.678157e-02;2.168689e-02;3.202618e-02
3.332120e-01;1.724186e-01;1.798955e-01;3.790097e-02;5.088493e-02;1.867648e-02;4.384364e-02;8.125526e-02;1.903376e-02;1.583266e-02;1.436504e-02;3.268128e-02
3.784095e-01;1.770514e-01;1.492308e-01;2.863468e-02;5.897722e-02;1.219458e-02;3.421111e-02;9.460931e-02;1.624698e-02;1.018315e-02;9.053032e-03;3.119820e-02
4.141791e-01;1.494921e-01;1.333552e-01;1.907283e-02;6.473086e-02;9.103110e-03;3.011833e-02;1.102250e-01;1.505806e-02;1.045208e-02;8.926659e-03;3.528665e-02
4.611975e-01;9.217805e-02;1.120688e-01;1.153108e-02;5.902534e-02;1.233338e-02;3.362237e-02;1.330939e-01;2.148221e-02;7.922376e-03;9.528074e-03;4.601689e-02
4.736890e-01;5.592499e-02;1.058049e-01;1.033018e-02;6.245093e-02;1.581950e-02;3.595799e-02;1.344721e-01;3.015326e-02;9.212451e-03;1.204952e-02;5.413518e-02
4.710789e-01;8.578404e-02;1.036359e-01;8.877140e-03;8.433486e-02;1.343719e-02;1.926679e-02;1.196282e-01;2.014543e-02;9.571610e-03;1.242196e-02;5.181797e-02
4.760774e-01;1.187158e-01;1.024530e-01;7.571067e-03;8.391379e-02;1.389906e-02;1.469680e-02;9.947769e-02;1.679062e-02;1.109924e-02;1.160139e-02;4.370417e-02
4.699291e-01;1.566909e-01;8.101342e-02;9.067101e-03;6.581987e-02;1.414509e-02;3.540706e-02;8.008029e-02;2.288376e-02;1.646687e-02;1.174962e-02;3.674684e-02
3.974996e-01;2.083337e-01;9.817037e-02;1.518964e-02;3.653654e-02;1.694868e-02;5.644946e-02;5.677111e-02;4.350550e-02;3.548107e-02;9.922970e-03;2.519136e-02
2.834869e-01;2.629442e-01;1.618587e-01;1.972679e-02;1.668100e-02;3.570152e-02;5.227511e-02;4.277920e-02;6.347533e-02;3.403046e-02;8.955347e-03;1.808551e-02
1.672110e-01;2.972018e-01;2.754269e-01;1.888167e-02;1.308274e-02;4.814162e-02;3.801643e-02;4.201052e-02;5.913208e-02;2.231026e-02;6.304060e-03;1.228097e-02
9.654670e-02;2.909167e-01;4.103202e-01;1.581428e-02;1.361221e-02;4.044829e-02;2.658726e-02;3.994602e-02;3.270421e-02;1.978650e-02;5.293890e-03;8.023807e-03
1.261607e-01;2.241106e-01;4.963154e-01;1.697610e-02;1.853724e-02;2.105259e-02;2.217227e-02;2.324070e-02;1.567640e-02;2.414554e-02;4.020459e-03;7.591951e-03
1.233470e-01;1.077893e-01;5.947805e-01;2.374002e-02;2.770529e-02;8.527344e-03;3.177043e-02;1.088159e-02;1.172789e-02;4.446382e-02;3.723720e-03;1.154304e-02
9.733015e-02;4.969461e-02;6.208541e-01;2.966669e-02;2.947940e-02;7.214844e-03;5.862512e-02;8.814263e-03;2.026280e-02;6.456467e-02;2.818960e-03;1.067443e-02
6.917142e-02;6.295890e-02;5.998861e-01;2.794326e-02;3.088835e-02;6.192421e-03;8.146740e-02;1.617168e-02;2.203483e-02;6.968117e-02;4.126288e-03;9.478210e-03
5.640120e-02;2.854487e-02;6.058759e-01;3.504295e-02;4.122069e-02;9.013971e-03;1.151150e-01;2.133109e-02;1.547173e-02;5.994852e-02;3.950715e-03;8.083365e-03
5.986333e-02;2.358805e-02;5.997865e-01;4.202703e-02;3.527348e-02;1.297519e-02;1.292582e-01;2.516627e-02;1.388592e-02;4.214559e-02;5.944128e-03;1.008630e-02
6.284735e-02;2.709580e-02;5.925011e-01;4.890613e-02;2.802563e-02;1.671611e-02;1.161824e-01;2.610262e-02;1.776726e-02;5.099894e-02;4.889924e-03;7.966715e-03
5.394064e-02;2.224717e-02;6.007186e-01;5.901207e-02;3.434634e-02;1.710081e-02;1.002787e-01;2.287574e-02;2.602843e-02;4.854964e-02;8.607985e-03;6.293934e-03
4.717272e-02;2.615708e-02;6.077473e-01;6.730092e-02;4.120428e-02;1.787585e-02;7.670488e-02;1.209120e-02;4.137066e-02;4.372034e-02;1.263420e-02;6.020549e-03
4.431576e-02;3.655699e-02;6.321967e-01;6.904363e-02;4.231450e-02;1.466685e-02;4.729969e-02;8.290094e-03;4.216389e-02;4.406163e-02;1.344058e-02;5.649690e-03
4.050618e-02;2.978808e-02;6.607492e-01;6.014006e-02;5.432018e-02;2.416294e-02;2.442494e-02;9.787360e-03;3.955990e-02;4.068806e-02;1.056405e-02;5.309066e-03
5.496236e-02;3.007515e-02;6.415656e-01;4.987573e-02;6.813590e-02;2.250013e-02;3.508367e-02;1.322010e-02;3.164868e-02;4.411551e-02;3.805095e-03;5.012043e-03
7.236774e-02;7.666522e-02;5.941137e-01;4.126471e-02;5.761104e-02;1.664174e-02;3.551118e-02;1.732164e-02;3.046462e-02;4.249308e-02;7.260050e-03;8.285261e-03
7.387033e-02;1.376960e-01;5.627270e-01;4.178089e-02;2.843205e-02;1.147946e-02;2.675173e-02;2.507597e-02;3.441554e-02;3.897324e-02;6.939486e-03;1.185827e-02
4.411988e-02;1.762742e-01;5.274782e-01;5.308875e-02;1.804324e-02;1.552399e-02;4.293014e-02;2.828303e-02;3.585070e-02;3.399070e-02;9.676323e-03;1.474080e-02
9.750749e-02;1.587185e-01;4.891834e-01;4.666024e-02;2.099381e-02;1.448510e-02;5.180407e-02;2.629067e-02;2.883164e-02;3.227263e-02;1.618121e-02;1.707124e-02
9.283373e-02;1.124439e-01;5.060754e-01;4.928768e-02;1.647192e-02;1.860791e-02;5.506147e-02;2.940183e-02;3.347625e-02;3.707752e-02;2.634961e-02;2.291272e-02
6.558253e-02;7.081815e-02;4.831150e-01;5.153602e-02;2.613639e-02;2.903774e-02;6.920526e-02;3.246188e-02;5.459863e-02;4.704263e-02;3.452171e-02;3.594401e-02
1.364255e-01;8.548649e-02;3.899362e-01;3.565670e-02;3.289865e-02;2.502755e-02;8.577351e-02;3.297529e-02;4.947473e-02;4.381296e-02;3.154981e-02;5.098259e-02
1.399384e-01;6.462957e-02;3.547177e-01;2.522931e-02;3.023766e-02;2.348733e-02;1.204864e-01;3.983742e-02;4.739663e-02;4.177619e-02;4.241405e-02;6.984935e-02
1.022163e-01;4.218347e-02;3.279352e-01;2.465266e-02;4.070871e-02;2.746876e-02;1.740320e-01;2.374399e-02;4.431285e-02;4.832427e-02;5.336976e-02;9.105200e-02
7.352231e-02;7.318840e-02;3.126625e-01;3.639313e-02;4.572278e-02;2.989746e-02;1.748023e-01;2.284480e-02;2.971338e-02;5.630567e-02;6.015835e-02;8.478881e-02
1.007302e-01;1.034793e-01;2.710570e-01;4.205735e-02;3.307146e-02;2.517383e-02;1.713221e-01;1.819911e-02;2.446364e-02;4.586167e-02;7.108470e-02;9.349983e-02
1.623421e-01;1.077949e-01;1.601502e-01;2.846733e-02;1.767183e-02;3.546602e-02;1.858253e-01;3.854235e-02;3.451151e-02;4.988243e-02;6.762344e-02;1.117225e-01
1.725839e-01;1.299268e-01;1.641629e-01;2.775166e-02;1.164797e-02;2.435183e-02;1.906254e-01;3.288457e-02;3.052931e-02;4.840622e-02;6.123154e-02;1.058979e-01
1.533513e-01;1.205666e-01;1.577747e-01;3.542773e-02;1.535447e-02;2.683049e-02;2.151116e-01;3.523193e-02;2.014777e-02;4.784907e-02;7.023599e-02;1.021183e-01
9.694880e-02;1.019084e-01;1.140497e-01;3.220027e-02;2.323718e-02;6.146832e-02;2.412331e-01;5.015629e-02;3.596273e-02;4.490621e-02;9.396415e-02;1.039648e-01
3.356434e-02;1.002891e-01;9.755187e-02;1.553316e-02;4.394174e-02;9.586351e-02;2.046269e-01;2.958557e-02;7.919662e-02;6.757700e-02;1.345675e-01;9.770270e-02
4.122286e-02;9.031662e-02;1.313210e-01;2.571767e-02;6.081162e-02;1.054916e-01;1.275464e-01;4.461160e-02;8.118679e-02;6.629298e-02;1.478608e-01;7.761995e-02
3.823133e-02;7.250345e-02;1.485588e-01;5.020418e-02;6.250928e-02;9.358980e-02;1.529987e-01;6.953989e-02;5.805640e-02;5.459698e-02;1.262141e-01;7.299706e-02
1.029206e-01;7.815800e-02;9.585593e-02;5.910617e-02;5.147758e-02;6.739341e-02;1.927992e-01;7.342858e-02;4.672402e-02;7.049020e-02;8.698267e-02;7.466367e-02
2.162026e-01;7.342578e-02;7.320109e-02;4.757573e-02;5.144142e-02;6.875382e-02;1.745062e-01;6.616605e-02;4.790782e-02;5.289470e-02;5.152575e-02;7.639901e-02
2.906331e-01;1.033620e-01;1.192201e-01;2.707620e-02;5.943440e-02;7.341850e-02;1.019254e-01;7.148079e-02;5.530756e-02;2.604614e-02;2.273412e-02;4.936164e-02
2.665017e-01;1.792573e-01;1.918341e-01;1.815353e-02;4.346907e-02;7.026505e-02;7.194317e-02;3.566062e-02;6.385935e-02;1.856714e-02;1.416322e-02;2.632573e-02
2.015594e-01;2.415621e-01;2.614684e-01;1.968677e-02;2.016599e-02;7.633160e-02;5.189068e-02;2.018243e-02;7.186108e-02;1.627046e-02;8.596488e-03;1.042472e-02
1.361390e-01;2.785419e-01;3.189828e-01;1.414135e-02;8.567286e-03;6.411629e-02;4.143137e-02;3.246115e-02;7.644550e-02;1.496130e-02;4.441100e-03;9.770995e-03
8.190208e-02;2.736841e-01;3.713227e-01;1.230736e-02;5.244992e-03;4.561014e-02;3.396960e-02;6.263708e-02;7.962120e-02;1.572209e-02;5.731457e-03;1.224720e-02
8.278180e-02;2.254701e-01;4.238527e-01;1.250855e-02;7.774091e-03;2.866202e-02;2.083923e-02;9.321929e-02;6.942349e-02;1.849646e-02;4.826990e-03;1.214522e-02
5.308078e-02;1.614727e-01;5.102089e-01;1.564788e-02;7.219534e-03;2.395019e-02;2.658026e-02;1.119891e-01;5.154352e-02;2.658517e-02;2.669383e-03;9.052595e-03
2.057692e-02;1.203083e-01;6.163230e-01;1.916276e-02;1.021547e-02;1.863855e-02;2.329987e-02;9.825656e-02;2.371009e-02;3.587082e-02;3.242044e-03;1.039563e-02
2.889752e-02;1.004869e-01;6.462460e-01;2.546909e-02;2.056467e-02;1.466041e-02;2.460288e-02;5.938124e-02;2.127261e-02;4.593296e-02;4.570892e-03;7.914919e-03
2.046730e-02;6.427607e-02;6.820798e-01;2.700437e-02;2.494920e-02;1.133470e-02;2.694601e-02;4.270740e-02;3.002676e-02;5.912277e-02;4.741467e-03;6.344155e-03
2.365429e-02;4.924943e-02;6.840863e-01;3.096503e-02;2.905751e-02;1.027873e-02;4.095672e-02;3.653659e-02;2.184746e-02;6.329811e-02;4.831537e-03;5.238236e-03
1.992095e-02;2.585460e-02;6.836935e-01;3.525420e-02;3.678963e-02;1.076618e-02;8.123636e-02;2.170771e-02;1.534493e-02;5.622879e-02;6.696441e-03;6.506751e-03
1.301824e-02;1.577880e-02;6.963623e-01;3.691130e-02;3.964219e-02;1.095205e-02;1.008266e-01;2.010206e-02;1.211161e-02;4.624985e-02;3.577911e-03;4.467027e-03
1.044652e-02;3.827252e-02;6.881930e-01;3.727289e-02;3.963890e-02;1.319493e-02;8.934481e-02;1.927406e-02;1.384623e-02;4.033701e-02;7.414608e-03;2.764555e-03
3.014584e-02;9.146484e-02;6.711453e-01;2.942024e-02;2.914836e-02;9.332545e-03;5.629224e-02;1.483415e-02;2.143712e-02;3.072072e-02;9.171712e-03;6.886971e-03
8.178216e-02;1.481521e-01;5.933066e-01;2.248142e-02;1.723622e-02;9.834053e-03;3.611609e-02;2.098876e-02;2.924501e-02;1.906541e-02;9.039114e-03;1.275300e-02
1.059366e-01;1.485830e-01;5.485996e-01;2.479566e-02;1.529562e-02;1.214323e-02;4.638539e-02;1.990292e-02;2.927884e-02;1.956712e-02;1.428313e-02;1.522890e-02
8.461589e-02;1.105336e-01;5.758410e-01;2.862943e-02;2.027898e-02;2.216002e-02;6.019347e-02;2.213594e-02;2.419719e-02;2.507770e-02;1.237229e-02;1.396449e-02
5.641878e-02;5.588067e-02;5.745451e-01;4.182344e-02;2.408235e-02;3.224130e-02;7.216185e-02;3.389161e-02;3.910500e-02;2.781175e-02;2.064800e-02;2.139008e-02
3.846002e-02;5.448779e-02;5.146217e-01;5.084624e-02;2.842546e-02;3.991628e-02;8.250284e-02;2.684478e-02;4.438268e-02;7.262225e-02;2.805154e-02;1.883837e-02
4.211787e-02;3.993577e-02;4.928609e-01;3.656635e-02;2.756391e-02;4.381235e-02;7.939567e-02;2.947416e-02;4.492646e-02;1.211896e-01;2.420386e-02;1.795314e-02
4.781198e-02;6.628959e-02;4.270104e-01;3.588901e-02;5.733005e-02;5.164750e-02;4.328434e-02;3.533879e-02;6.766601e-02;1.355508e-01;1.880402e-02;1.337752e-02
5.007139e-02;5.115904e-02;3.527094e-01;5.682388e-02;1.137309e-01;6.605130e-02;5.977560e-02;4.625524e-02;6.781974e-02;1.012073e-01;1.797061e-02;1.642562e-02
4.976276e-02;3.096242e-02;3.161948e-01;7.616811e-02;1.120679e-01;6.578849e-02;6.876691e-02;5.838117e-02;6.004560e-02;1.195296e-01;2.258073e-02;1.975148e-02
4.838119e-02;6.219618e-02;3.109331e-01;7.392386e-02;5.231337e-02;4.090283e-02;5.553135e-02;5.901285e-02;1.076221e-01;1.424261e-01;2.529133e-02;2.146574e-02
4.875529e-02;5.819513e-02;2.733014e-01;7.610510e-02;6.839008e-02;4.029439e-02;7.358584e-02;5.971670e-02;1.144179e-01;1.299455e-01;3.422855e-02;2.306416e-02
6.106295e-02;4.580689e-02;2.545653e-01;6.350833e-02;8.441247e-02;3.967389e-02;1.107194e-01;8.376285e-02;9.349965e-02;8.396989e-02;4.120912e-02;3.780935e-02
4.848725e-02;4.602418e-02;3.574884e-01;4.204018e-02;4.987160e-02;5.028084e-02;1.049144e-01;7.837460e-02;8.019321e-02;7.083874e-02;3.679424e-02;3.469228e-02
5.669111e-02;6.103952e-02;4.417299e-01;4.469731e-02;3.968431e-02;3.506760e-02;6.424298e-02;5.700487e-02;6.475832e-02;7.584669e-02;2.835696e-02;3.088049e-02
1.031047e-01;9.392364e-02;4.558877e-01;3.139511e-02;2.629825e-02;2.498333e-02;5.315751e-02;4.347352e-02;5.507882e-02;5.930467e-02;1.935761e-02;3.403523e-02
1.592897e-01;1.029918e-01;3.853473e-01;2.831480e-02;2.869377e-02;2.637682e-02;5.519338e-02;4.288319e-02;3.835847e-02;5.136437e-02;4.098038e-02;4.020607e-02
1.595576e-01;1.115400e-01;2.914746e-01;3.271247e-02;3.792135e-02;3.693355e-02;6.448268e-02;5.301961e-02;4.050189e-02;5.931410e-02;5.231234e-02;6.022980e-02
8.425248e-02;1.008879e-01;2.611283e-01;5.206735e-02;5.288488e-02;6.096829e-02;1.007750e-01;5.014635e-02;5.871660e-02;8.282427e-02;4.544190e-02;4.990676e-02
6.342122e-02;7.163454e-02;3.000970e-01;6.714705e-02;5.180017e-02;7.137885e-02;9.844225e-02;4.674597e-02;8.901578e-02;8.787883e-02;3.258824e-02;1.985009e-02
7.423195e-02;8.066320e-02;2.989321e-01;5.756175e-02;5.994759e-02;8.488668e-02;5.766742e-02;4.825101e-02;1.057090e-01;8.288206e-02;3.278524e-02;1.648190e-02
1.000066e-01;8.504400e-02;2.962390e-01;4.333798e-02;6.012640e-02;8.825228e-02;5.577168e-02;5.633771e-02;8.846439e-02;7.638130e-02;1.955142e-02;3.048717e-02
9.319942e-02;5.105636e-02;2.936175e-01;4.989436e-02;9.375903e-02;9.077702e-02;9.749025e-02;5.291719e-02;4.348020e-02;6.506719e-02;2.772827e-02;4.101327e-02
6.876650e-02;3.857822e-02;2.806517e-01;6.466322e-02;9.202129e-02;7.138457e-02;1.529898e-01;4.889679e-02;3.805130e-02;5.682984e-02;4.466145e-02;4.250525e-02
5.966772e-02;5.883166e-02;2.914959e-01;6.797783e-02;8.179061e-02;4.838285e-02;1.436097e-01;5.045979e-02;4.643491e-02;5.576951e-02;6.077732e-02;3.480220e-02
8.885692e-02;6.548078e-02;2.412507e-01;5.377419e-02;9.954132e-02;6.992747e-02;1.027850e-01;6.520521e-02;3.862839e-02;7.512902e-02;5.289600e-02;4.652503e-02
9.723821e-02;6.814174e-02;1.952638e-01;6.160245e-02;6.299294e-02;7.086963e-02;9.562012e-02;8.997748e-02;8.380408e-02;1.144493e-01;2.031048e-02;3.972980e-02
1.122935e-01;6.087062e-02;2.125615e-01;7.436696e-02;6.280784e-02;5.542563e-02;7.779863e-02;7.695198e-02;1.201103e-01;8.221041e-02;3.226838e-02;3.233431e-02
1.079453e-01;5.492905e-02;1.530094e-01;8.656864e-02;8.626167e-02;7.910437e-02;1.001270e-01;6.437214e-02;1.169670e-01;7.251615e-02;2.751815e-02;5.068108e-02
9.064893e-02;7.157215e-02;1.244792e-01;7.495419e-02;1.096176e-01;1.118640e-01;1.033137e-01;5.553293e-02;8.634111e-02;8.526365e-02;4.048887e-02;4.592369e-02
7.987436e-02;1.103789e-01;1.287175e-01;7.013367e-02;1.133718e-01;1.048046e-01;1.416344e-01;5.222853e-02;6.549799e-02;6.097154e-02;4.786670e-02;2.452003e-02
8.142135e-02;1.104249e-01;1.547223e-01;9.388297e-02;8.691724e-02;6.053676e-02;1.725841e-01;4.080892e-02;4.569055e-02;5.682505e-02;5.377438e-02;4.241153e-02
9.319612e-02;1.095306e-01;1.822671e-01;9.769294e-02;6.255339e-02;6.261382e-02;1.286220e-01;3.837264e-02;3.849738e-02;7.613523e-02;3.941053e-02;7.110834e-02
1.281289e-01;8.254258e-02;1.964548e-01;6.262318e-02;5.423535e-02;6.976047e-02;1.204904e-01;6.242350e-02;5.610780e-02;7.941099e-02;4.083839e-02;4.698363e-02
1.119928e-01;7.772722e-02;1.892538e-01;3.900079e-02;4.911625e-02;5.939672e-02;1.481970e-01;8.891561e-02;1.068314e-01;6.172335e-02;2.583283e-02;4.201232e-02
1.095699e-01;1.095860e-01;1.689599e-01;3.200233e-02;3.377653e-02;4.826204e-02;1.299418e-01;8.238377e-02;1.790545e-01;5.306843e-02;1.839904e-02;3.499577e-02
1.243741e-01;1.532983e-01;1.394490e-01;2.637069e-02;1.906254e-02;3.296642e-02;8.585943e-02;4.917307e-02;2.674777e-01;5.622159e-02;2.009142e-02;2.565585e-02
1.644019e-01;1.434421e-01;1.075951e-01;1.647779e-02;2.743029e-02;1.906350e-02;5.206135e-02;9.670322e-02;2.882096e-01;5.213386e-02;1.984804e-02;1.263333e-02
2.340600e-01;1.067859e-01;9.453315e-02;9.657940e-03;5.151919e-02;1.257789e-02;4.724777e-02;1.459603e-01;2.276596e-01;4.055133e-02;1.853807e-02;1.090871e-02
2.926002e-01;1.059783e-01;8.298627e-02;7.423212e-03;7.731528e-02;1.253206e-02;6.301171e-02;2.155509e-01;8.965433e-02;2.729691e-02;1.501475e-02;1.063602e-02
2.555135e-01;1.067079e-01;6.985831e-02;8.205452e-03;7.646872e-02;1.327186e-02;8.932092e-02;2.232487e-01;1.101146e-01;2.229570e-02;1.329424e-02;1.169998e-02
2.155816e-01;1.147397e-01;7.892777e-02;5.422925e-03;5.442102e-02;9.130631e-03;8.653485e-02;1.941868e-01;1.838779e-01;2.740203e-02;1.885794e-02;1.091678e-02
1.983433e-01;1.463510e-01;9.425566e-02;1.188370e-02;3.669225e-02;5.996439e-03;9.341946e-02;1.641101e-01;1.882301e-01;3.053057e-02;2.044584e-02;9.741529e-03
1.693211e-01;1.976404e-01;1.143086e-01;5.203440e-02;2.622591e-02;1.606902e-02;7.139824e-02;1.027767e-01;1.983857e-01;2.493978e-02;1.852048e-02;8.379572e-03
1.185936e-01;2.395821e-01;1.185631e-01;9.852573e-02;1.154943e-02;3.699907e-02;3.836770e-02;3.506541e-02;2.645617e-01;1.585136e-02;1.180449e-02;1.053645e-02
8.011317e-02;2.409147e-01;1.436705e-01;9.367344e-02;9.457399e-03;4.732803e-02;1.495821e-02;2.840187e-02;3.095482e-01;1.112052e-02;6.192786e-03;1.462119e-02
6.506924e-02;2.000554e-01;2.026557e-01;4.989355e-02;1.886420e-02;4.031456e-02;1.119643e-02;5.593503e-02;3.057547e-01;2.521776e-02;5.133352e-03;1.991017e-02
4.711919e-02;1.513353e-01;3.186429e-01;2.114255e-02;4.903927e-02;3.090615e-02;1.609289e-02;8.315152e-02;2.174552e-01;4.009660e-02;7.283454e-03;1.773499e-02
2.712901e-02;1.190610e-01;4.378946e-01;2.869868e-02;8.313267e-02;2.085990e-02;1.435265e-02;8.748046e-02;1.090286e-01;5.642601e-02;7.814866e-03;8.121592e-03
5.282085e-02;1.196839e-01;4.036314e-01;3.440427e-02;8.705097e-02;2.092248e-02;1.867946e-02;7.026477e-02;1.253185e-01;5.336512e-02;8.015109e-03;5.843224e-03
7.672381e-02;1.194881e-01;3.166024e-01;2.809015e-02;6.844080e-02;1.768142e-02;3.358011e-02;6.794688e-02;2.097951e-01;4.389998e-02;9.484295e-03;8.266978e-03
8.218637e-02;9.852316e-02;2.551474e-01;2.561703e-02;4.701404e-02;1.616644e-02;3.946077e-02;8.440260e-02;2.829697e-01;3.799923e-02;1.441824e-02;1.609504e-02
7.057364e-02;8.194625e-02;2.754084e-01;2.855135e-02;6.445774e-02;2.416095e-02;4.484579e-02;1.009199e-01;2.401057e-01;2.717366e-02;1.355274e-02;2.830380e-02
9.301786e-02;9.022214e-02;3.285334e-01;4.955520e-02;7.060622e-02;3.964922e-02;4.455224e-02;7.403670e-02;1.285932e-01;3.082827e-02;1.751353e-02;3.289197e-02
9.726545e-02;8.568996e-02;3.688499e-01;5.829484e-02;6.242465e-02;3.891493e-02;4.457545e-02;5.259374e-02;1.174122e-01;4.180601e-02;1.736386e-02;1.480900e-02
8.246978e-02;3.755810e-02;3.814525e-01;4.413090e-02;5.635515e-02;2.551724e-02;4.317826e-02;4.475439e-02;2.089161e-01;3.920189e-02;2.015396e-02;1.631184e-02
7.864661e-02;5.514389e-02;3.478486e-01;2.650090e-02;4.047776e-02;2.676202e-02;6.163491e-02;3.400970e-02;2.405586e-01;4.584275e-02;1.876935e-02;2.380502e-02
5.677174e-02;8.213644e-02;2.934378e-01;4.573279e-02;2.868569e-02;4.304001e-02;7.360023e-02;5.205866e-02;2.323440e-01;5.499354e-02;1.635414e-02;2.084494e-02
3.511111e-02;7.297292e-02;2.125940e-01;8.326485e-02;7.243928e-02;6.421613e-02;7.931095e-02;7.204182e-02;2.194351e-01;5.355059e-02;1.644594e-02;1.861735e-02
3.114140e-02;6.140381e-02;1.698679e-01;8.782910e-02;1.020249e-01;7.590767e-02;5.873416e-02;1.102470e-01;1.882431e-01;8.674442e-02;1.709044e-02;1.076615e-02
4.412996e-02;7.436951e-02;1.740174e-01;6.005928e-02;7.271957e-02;6.910947e-02;4.190134e-02;1.170875e-01;1.938445e-01;1.208233e-01;1.779026e-02;1.414799e-02
5.530517e-02;7.513395e-02;1.220231e-01;4.647092e-02;7.433415e-02;5.051997e-02;6.773099e-02;1.096146e-01;2.657159e-01;9.060369e-02;1.952017e-02;2.302735e-02
6.227842e-02;6.273937e-02;9.314755e-02;7.931121e-02;6.952681e-02;4.150828e-02;7.957557e-02;1.309371e-01;2.714156e-01;6.815650e-02;2.188813e-02;1.951546e-02
7.804696e-02;6.862221e-02;1.146315e-01;1.134978e-01;4.239487e-02;3.945732e-02;8.092742e-02;1.284310e-01;2.330750e-01;6.352585e-02;1.639782e-02;2.099220e-02
7.531489e-02;6.275288e-02;1.732258e-01;1.062524e-01;3.426209e-02;5.195741e-02;7.193869e-02;9.600719e-02;2.112898e-01;5.787306e-02;3.165937e-02;2.746632e-02
8.098582e-02;6.844096e-02;2.200170e-01;6.694274e-02;4.666388e-02;5.019430e-02;7.606953e-02;4.670887e-02;2.180303e-01;6.791332e-02;4.157937e-02;1.645402e-02
6.101145e-02;1.109444e-01;3.398243e-01;4.323735e-02;4.029343e-02;2.500776e-02;4.695022e-02;6.067303e-02;1.806595e-01;4.994378e-02;2.770795e-02;1.374679e-02
1.188821e-01;1.192747e-01;3.679971e-01;4.179004e-02;4.764862e-02;2.247193e-02;7.469068e-02;3.204216e-02;8.510455e-02;3.466461e-02;2.602361e-02;2.940987e-02
1.984206e-01;1.083897e-01;2.773646e-01;3.886184e-02;5.218486e-02;2.015460e-02;1.295638e-01;2.944412e-02;3.858400e-02;3.062652e-02;3.000996e-02;4.639544e-02
2.737789e-01;8.639774e-02;1.750562e-01;3.023516e-02;4.256765e-02;2.003181e-02;1.652979e-01;5.366703e-02;5.189674e-02;2.435968e-02;2.638845e-02;5.032268e-02
3.313283e-01;7.673948e-02;1.123188e-01;2.400107e-02;3.818612e-02;2.319677e-02;1.528523e-01;7.436797e-02;7.101851e-02;2.171098e-02;1.976566e-02;5.451407e-02
3.913028e-01;6.634098e-02;6.647436e-02;2.317908e-02;3.180565e-02;4.755787e-02;1.057604e-01;7.105780e-02;7.323155e-02;3.149435e-02;2.510783e-02;6.668737e-02
4.330217e-01;4.510785e-02;8.560590e-02;2.325905e-02;2.720176e-02;6.899356e-02;6.241913e-02;5.743933e-02;5.750879e-02;3.352403e-02;2.651468e-02;7.940425e-02
3.790090e-01;8.253825e-02;1.094733e-01;2.516819e-02;3.177987e-02;7.481294e-02;5.275948e-02;8.026312e-02;3.666426e-02;3.497842e-02;3.162471e-02;6.092849e-02
2.689947e-01;1.041035e-01;1.140889e-01;4.701510e-02;2.960838e-02;5.565774e-02;1.295456e-01;8.712952e-02;3.870209e-02;5.012408e-02;2.409074e-02;5.093970e-02
2.489074e-01;7.742152e-02;6.420370e-02;5.456466e-02;2.358280e-02;4.057654e-02;1.779559e-01;1.380810e-01;3.905262e-02;5.143483e-02;1.960823e-02;6.461078e-02
2.438039e-01;1.461658e-02;5.491260e-02;4.346759e-02;2.098712e-02;3.746271e-02;2.012669e-01;2.145233e-01;4.346984e-02;3.554777e-02;1.704048e-02;7.290129e-02
2.422913e-01;3.167327e-02;5.554744e-02;2.707176e-02;1.167325e-02;3.306580e-02;2.159670e-01;2.228938e-01;4.394855e-02;3.175752e-02;1.270284e-02;7.140738e-02
2.388649e-01;3.788699e-02;6.201434e-02;2.169569e-02;2.011836e-02;3.088093e-02;2.446257e-01;1.937928e-01;3.505626e-02;2.439991e-02;1.433082e-02;7.633331e-02
1.843562e-01;3.727335e-02;6.391227e-02;3.171359e-02;2.312667e-02;3.697162e-02;3.152958e-01;1.360833e-01;3.323415e-02;3.302694e-02;2.208631e-02;8.291980e-02
1.021139e-01;2.295664e-02;4.197310e-02;4.724760e-02;2.348433e-02;4.185382e-02;3.903163e-01;1.600581e-01;2.432335e-02;4.049903e-02;3.144651e-02;7.372739e-02
6.800856e-02;2.217284e-02;5.479381e-02;4.270783e-02;2.507163e-02;3.765474e-02;3.658526e-01;2.329191e-01;2.072501e-02;4.604632e-02;3.907917e-02;4.496844e-02
1.036819e-01;2.689903e-02;8.679263e-02;5.845346e-02;2.356503e-02;4.661569e-02;2.205980e-01;2.418360e-01;4.034103e-02;6.518470e-02;4.779711e-02;3.823550e-02
1.499937e-01;6.121023e-02;9.040426e-02;5.404728e-02;3.240798e-02;6.697303e-02;1.221756e-01;1.807324e-01;5.125966e-02;7.601340e-02;6.856906e-02;4.621330e-02
2.008864e-01;5.162837e-02;7.476157e-02;4.010404e-02;4.136563e-02;6.256341e-02;1.275211e-01;1.128259e-01;6.729692e-02;8.866164e-02;6.263240e-02;6.975266e-02
2.433017e-01;4.031974e-02;6.705031e-02;3.322789e-02;4.029093e-02;4.353822e-02;1.006138e-01;9.722061e-02;9.834352e-02;8.408631e-02;6.656476e-02;8.544213e-02
2.891886e-01;4.890371e-02;1.039056e-01;4.559324e-02;5.602591e-02;3.215770e-02;8.164117e-02;9.013315e-02;7.125196e-02;5.913785e-02;5.540444e-02;6.665672e-02
3.678250e-01;1.181647e-01;1.321919e-01;2.414018e-02;5.256430e-02;2.236465e-02;2.461629e-02;1.114104e-01;3.711023e-02;3.150572e-02;3.791861e-02;4.018800e-02
3.839859e-01;1.617238e-01;1.254305e-01;1.160306e-02;4.840468e-02;9.230362e-03;2.237762e-02;1.115452e-01;5.563655e-02;1.134591e-02;2.891642e-02;2.979994e-02
3.523454e-01;2.132839e-01;1.292510e-01;8.018561e-03;4.764653e-02;4.312718e-03;2.748919e-02;1.040569e-01;6.724153e-02;9.651666e-03;1.947249e-02;1.723015e-02
3.369125e-01;2.271035e-01;1.199220e-01;5.691591e-03;5.996682e-02;6.464354e-03;3.225693e-02;1.109494e-01;6.093649e-02;7.479041e-03;1.446984e-02;1.784756e-02
3.593462e-01;1.827091e-01;1.222581e-01;7.973557e-03;8.989100e-02;6.749325e-03;2.721828e-02;1.318921e-01;3.355650e-02;5.023534e-03;1.260699e-02;2.077534e-02
3.629504e-01;1.288290e-01;1.327213e-01;8.844252e-03;1.192868e-01;6.547833e-03;1.780041e-02;1.503879e-01;3.158758e-02;6.483233e-03;1.324244e-02;2.131878e-02
3.453360e-01;9.886212e-02;1.486904e-01;7.589603e-03;1.270554e-01;9.533538e-03;2.240223e-02;1.598456e-01;3.826423e-02;1.004044e-02;1.393842e-02;1.844200e-02
3.409107e-01;1.062816e-01;1.567183e-01;6.354226e-03;1.123476e-01;6.101768e-03;3.024365e-02;1.484563e-01;4.776422e-02;1.503411e-02;1.040025e-02;1.938715e-02
3.426940e-01;1.300329e-01;1.617295e-01;1.110150e-02;8.450224e-02;1.627187e-02;2.760231e-02;1.150103e-01;5.076474e-02;2.320770e-02;1.306115e-02;2.402183e-02
2.511105e-01;1.694493e-01;2.257169e-01;1.629965e-02;5.530355e-02;3.756067e-02;4.197402e-02;9.515104e-02;4.096942e-02;2.168418e-02;1.786588e-02;2.691494e-02
9.296774e-02;2.345681e-01;3.341151e-01;1.887974e-02;3.394352e-02;5.229789e-02;2.921090e-02;8.096825e-02;6.786088e-02;1.735727e-02;1.364450e-02;2.418613e-02
1.590317e-01;2.658926e-01;3.174463e-01;1.623628e-02;1.785448e-02;3.828041e-02;2.694355e-02;4.436740e-02;7.732975e-02;1.119548e-02;8.700126e-03;1.672202e-02
2.615373e-01;2.658825e-01;2.732171e-01;1.655633e-02;2.279074e-02;2.069653e-02;2.682868e-02;2.745653e-02;4.541007e-02;9.938140e-03;1.273845e-02;1.694763e-02
3.028751e-01;2.135384e-01;2.375115e-01;1.737749e-02;3.972226e-02;1.810524e-02;2.680405e-02;4.204694e-02;4.507127e-02;1.198434e-02;1.491213e-02;3.005118e-02
2.782229e-01;1.588884e-01;1.914513e-01;1.529604e-02;6.458282e-02;2.769997e-02;3.427556e-02;5.835870e-02;9.186912e-02;2.065862e-02;2.535750e-02;3.333907e-02
2.197648e-01;1.169180e-01;1.487716e-01;2.276835e-02;9.171816e-02;4.663074e-02;3.895670e-02;1.007699e-01;1.267734e-01;2.561879e-02;3.054045e-02;3.076916e-02
1.551584e-01;1.124691e-01;1.365301e-01;3.953014e-02;1.103516e-01;6.868033e-02;3.857973e-02;1.337004e-01;7.438377e-02;4.327570e-02;2.539301e-02;6.194781e-02
9.864509e-02;1.093323e-01;1.591072e-01;4.579809e-02;1.106460e-01;7.200135e-02;6.721246e-02;1.165973e-01;5.898631e-02;5.874040e-02;2.580938e-02;7.712422e-02
7.650897e-02;8.751208e-02;2.380389e-01;3.998207e-02;1.184640e-01;5.569936e-02;9.759272e-02;9.031937e-02;6.414524e-02;5.250678e-02;2.746180e-02;5.176869e-02
9.404769e-02;7.850394e-02;3.365062e-01;5.856532e-02;1.069306e-01;4.502948e-02;4.878432e-02;7.837664e-02;5.705597e-02;5.571562e-02;2.135218e-02;1.913207e-02
1.308112e-01;1.052554e-01;3.374043e-01;9.189297e-02;8.496550e-02;5.547489e-02;6.794382e-02;3.225959e-02;3.290180e-02;1.999309e-02;2.177629e-02;1.932110e-02
1.731897e-01;1.144510e-01;2.592808e-01;8.869619e-02;7.209846e-02;6.010291e-02;1.123560e-01;3.183786e-02;2.782328e-02;1.471468e-02;1.583937e-02;2.960983e-02
2.252406e-01;1.061662e-01;1.579362e-01;7.254080e-02;6.330729e-02;5.957300e-02;1.467651e-01;4.739113e-02;2.673255e-02;3.019216e-02;1.439068e-02;4.976426e-02
2.186929e-01;6.735387e-02;1.119712e-01;7.529604e-02;4.616182e-02;6.700126e-02;1.766692e-01;5.065100e-02;2.987269e-02;5.172094e-02;2.608391e-02;7.852517e-02
1.351708e-01;5.509156e-02;1.022554e-01;7.250807e-02;4.143171e-02;6.630071e-02;2.476235e-01;3.582656e-02;4.028953e-02;5.337869e-02;4.787544e-02;1.022481e-01
6.392316e-02;5.162645e-02;1.054016e-01;4.335671e-02;5.290929e-02;4.762620e-02;2.941106e-01;9.777883e-02;2.865548e-02;4.895487e-02;6.483454e-02;1.008222e-01
1.499993e-01;4.721122e-02;1.232139e-01;3.452719e-02;4.984313e-02;5.664590e-02;2.249334e-01;8.810452e-02;3.446769e-02;5.642130e-02;5.633529e-02;7.829717e-02
1.833652e-01;5.389659e-02;1.180174e-01;4.217025e-02;6.598776e-02;7.061075e-02;1.757037e-01;6.600139e-02;4.025672e-02;7.272448e-02;4.937821e-02;6.188756e-02
1.355305e-01;9.132236e-02;1.274473e-01;6.293745e-02;5.753225e-02;7.256439e-02;1.519843e-01;7.401723e-02;5.866531e-02;7.506558e-02;4.115314e-02;5.178017e-02
1.347432e-01;7.557555e-02;1.449158e-01;6.565823e-02;5.678490e-02;8.815783e-02;1.480928e-01;6.312505e-02;5.873311e-02;5.914621e-02;4.582290e-02;5.924440e-02
1.553686e-01;7.587005e-02;1.479694e-01;3.483544e-02;6.428635e-02;8.829233e-02;1.470316e-01;6.505596e-02;5.354489e-02;5.542797e-02;4.381514e-02;6.850225e-02
1.604384e-01;1.040044e-01;1.753311e-01;4.255280e-02;7.856262e-02;6.980445e-02;1.220188e-01;5.797528e-02;4.978178e-02;4.685860e-02;4.130595e-02;5.136580e-02
1.818995e-01;7.805347e-02;1.332642e-01;5.220393e-02;1.077137e-01;7.241733e-02;1.174485e-01;4.453530e-02;4.846658e-02;6.680726e-02;3.535220e-02;6.183808e-02
1.845673e-01;9.046810e-02;9.976358e-02;7.124111e-02;1.204237e-01;5.917806e-02;9.233180e-02;6.333589e-02;4.000652e-02;6.365440e-02;3.705838e-02;7.797106e-02
9.120782e-02;7.854703e-02;1.548287e-01;8.567600e-02;8.880420e-02;9.096649e-02;1.108892e-01;8.237036e-02;5.431614e-02;5.681431e-02;4.003929e-02;6.554042e-02
9.634122e-02;7.816870e-02;1.581046e-01;7.564937e-02;1.047565e-01;7.958018e-02;1.102561e-01;7.892176e-02;7.324895e-02;5.159438e-02;3.886866e-02;5.450955e-02
1.221596e-01;6.438108e-02;1.404594e-01;4.721773e-02;1.336706e-01;5.108372e-02;1.608551e-01;5.014551e-02;8.337578e-02;5.834089e-02;3.577015e-02;5.254050e-02
9.131356e-02;4.271853e-02;9.129202e-02;4.648909e-02;1.397947e-01;5.922678e-02;1.784953e-01;8.649969e-02;1.130640e-01;5.841789e-02;3.576535e-02;5.692304e-02
