1.649167e-01;9.329812e-02;2.006897e-02;1.963390e-02;4.404547e-02;6.719423e-02;2.871145e-01;1.159361e-01;2.690639e-02;2.445264e-02;1.250360e-01;1.139696e-02
1.348850e-01;1.078133e-01;1.786073e-02;1.268994e-02;4.147413e-02;5.538773e-02;2.855808e-01;1.398132e-01;2.038267e-02;2.328707e-02;1.494218e-01;1.140373e-02
7.063383e-02;1.199851e-01;1.348384e-02;1.214263e-02;3.786024e-02;5.133549e-02;3.581538e-01;1.882003e-01;1.527246e-02;1.708672e-02;1.084944e-01;7.351262e-03
1.124864e-01;1.206938e-01;1.105130e-02;3.257569e-02;2.695928e-02;5.484765e-02;3.763447e-01;1.659690e-01;1.142975e-02;1.100735e-02;7.226124e-02;4.373848e-03
1.655567e-01;1.166313e-01;2.399583e-02;5.189451e-02;1.750240e-02;7.136623e-02;3.098963e-01;9.692034e-02;7.864833e-03;1.230738e-02;1.211927e-01;4.871456e-03
1.340117e-01;1.147013e-01;4.221757e-02;5.104846e-02;3.651830e-02;7.585263e-02;2.481619e-01;6.796210e-02;7.158737e-03;1.334510e-02;2.006953e-01;8.326942e-03
7.662884e-02;7.013115e-02;4.981020e-02;3.132937e-02;5.539716e-02;6.624976e-02;3.182307e-01;1.194493e-01;9.862634e-03;1.001074e-02;1.838289e-01;9.071124e-03
1.494542e-01;9.662540e-02;5.019195e-02;4.187803e-02;4.125460e-02;4.445605e-02;2.535381e-01;1.012115e-01;1.601855e-02;9.653494e-03;1.798059e-01;1.591230e-02
1.578570e-01;1.381328e-01;5.459208e-02;2.618955e-02;2.545515e-02;5.160189e-02;2.202702e-01;1.459453e-01;1.664763e-02;1.406265e-02;1.306424e-01;1.860344e-02
8.989266e-02;1.535745e-01;5.599172e-02;3.505869e-02;2.868996e-02;6.057930e-02;2.609972e-01;1.781746e-01;2.409361e-02;1.584733e-02;7.620716e-02;2.089328e-02
1.310258e-01;1.692251e-01;6.052186e-02;2.789943e-02;2.559991e-02;5.121587e-02;2.270068e-01;7.640670e-02;2.526290e-02;2.883547e-02;1.523854e-01;2.461473e-02
7.233980e-02;1.115413e-01;6.026407e-02;6.037138e-02;4.820412e-02;5.852557e-02;2.025071e-01;1.031256e-01;5.068586e-02;6.318494e-02;1.400884e-01;2.916187e-02
8.225054e-02;1.068103e-01;5.177482e-02;5.958984e-02;5.411735e-02;6.526208e-02;1.882778e-01;1.451316e-01;5.272324e-02;6.354432e-02;9.847244e-02;3.204574e-02
8.526016e-02;1.183302e-01;4.303902e-02;6.113481e-02;6.068124e-02;7.082237e-02;1.889741e-01;1.561418e-01;5.352683e-02;5.495264e-02;7.260812e-02;3.452866e-02
1.582837e-01;9.293859e-02;3.889600e-02;4.088949e-02;5.636344e-02;6.675185e-02;1.843524e-01;1.257232e-01;4.909631e-02;4.257312e-02;1.201182e-01;2.401379e-02
2.000229e-01;1.247066e-01;2.903024e-02;2.069927e-02;3.116953e-02;6.774273e-02;1.677364e-01;1.114301e-01;2.180242e-02;2.965891e-02;1.858799e-01;1.012099e-02
1.802893e-01;1.302340e-01;2.417822e-02;2.173874e-02;2.306495e-02;5.932003e-02;1.928769e-01;1.143314e-01;1.666484e-02;2.627984e-02;1.967463e-01;1.427558e-02
1.428449e-01;1.178676e-01;2.146233e-02;3.841791e-02;2.669255e-02;6.798939e-02;2.612372e-01;1.050227e-01;1.312815e-02;1.942502e-02;1.661676e-01;1.974463e-02
9.705230e-02;1.651217e-01;2.186574e-02;2.770377e-02;3.068853e-02;5.674269e-02;2.725715e-01;1.667497e-01;1.376101e-02;1.327364e-02;1.235432e-01;1.092620e-02
8.030516e-02;2.280960e-01;2.268487e-02;1.942654e-02;3.055710e-02;4.760912e-02;2.931097e-01;1.538481e-01;1.411080e-02;1.043152e-02;9.398860e-02;5.832470e-03
5.444032e-02;2.637040e-01;2.409324e-02;1.229542e-02;3.443675e-02;4.398076e-02;3.283900e-01;1.543809e-01;1.150442e-02;5.312832e-03;6.186064e-02;5.600757e-03
3.521897e-02;2.673141e-01;2.626439e-02;6.183613e-03;3.395277e-02;3.820630e-02;3.640531e-01;1.720142e-01;7.339121e-03;3.498507e-03;4.001044e-02;5.944462e-03
3.167871e-02;2.393285e-01;1.831520e-02;5.765100e-03;2.677775e-02;2.640006e-02;3.843098e-01;2.112097e-01;8.676565e-03;4.814487e-03;3.805342e-02;4.670691e-03
3.202613e-02;1.930016e-01;1.452199e-02;6.250557e-03;2.097990e-02;2.547835e-02;3.874200e-01;2.620526e-01;1.089271e-02;4.567200e-03;3.611840e-02;6.690593e-03
1.384193e-02;1.572844e-01;1.234406e-02;7.734762e-03;1.646684e-02;3.485061e-02;3.806556e-01;3.083606e-01;1.055035e-02;7.811888e-03;3.031619e-02;1.978278e-02
2.509361e-02;1.296228e-01;1.897052e-02;1.090831e-02;1.887248e-02;4.897307e-02;3.633779e-01;3.014899e-01;1.002649e-02;1.158133e-02;3.572365e-02;2.535993e-02
5.385040e-02;1.089963e-01;1.724342e-02;1.773103e-02;1.724347e-02;4.851901e-02;3.521563e-01;2.876424e-01;1.375160e-02;1.721878e-02;4.186575e-02;2.378159e-02
9.830172e-02;6.967805e-02;1.073448e-02;2.583470e-02;2.037534e-02;3.669596e-02;3.464215e-01;2.895019e-01;1.736126e-02;2.340822e-02;4.495643e-02;1.673034e-02
1.018585e-01;5.499576e-02;1.550406e-02;2.683914e-02;2.745413e-02;3.388957e-02;3.234566e-01;2.968485e-01;3.205999e-02;2.916463e-02;4.508987e-02;1.283927e-02
5.965312e-02;8.304539e-02;1.536028e-02;2.741521e-02;2.752329e-02;6.095118e-02;2.927182e-01;2.688813e-01;5.074039e-02;3.390209e-02;6.224535e-02;1.756417e-02
5.914187e-02;9.312563e-02;2.493300e-02;3.160874e-02;2.553685e-02;7.886977e-02;2.620961e-01;1.993612e-01;5.930408e-02;4.873772e-02;8.885530e-02;2.842975e-02
7.689323e-02;9.106801e-02;3.526505e-02;2.794638e-02;3.242445e-02;6.577086e-02;2.301693e-01;2.035931e-01;6.459067e-02;5.896515e-02;7.742547e-02;3.588828e-02
9.380524e-02;8.635968e-02;4.557827e-02;4.755219e-02;6.128984e-02;6.270342e-02;1.951246e-01;2.010065e-01;5.807643e-02;8.654231e-02;3.763963e-02;2.432195e-02
1.033990e-01;7.840074e-02;5.804210e-02;6.649210e-02;7.670533e-02;7.953311e-02;1.622399e-01;9.645027e-02;7.313890e-02;9.945443e-02;7.292610e-02;3.321805e-02
8.197460e-02;8.435077e-02;4.059358e-02;4.985380e-02;6.383575e-02;9.714218e-02;1.580470e-01;1.416549e-01;8.607385e-02;8.913168e-02;7.098779e-02;3.635408e-02
5.739279e-02;8.761167e-02;3.098878e-02;3.421763e-02;9.153681e-02;8.705682e-02;1.548658e-01;1.440036e-01;8.152032e-02;1.184413e-01;9.240722e-02;1.995731e-02
6.610730e-02;1.038213e-01;2.348005e-02;5.207166e-02;1.707268e-01;5.535046e-02;1.404463e-01;9.951194e-02;5.811498e-02;1.110351e-01;1.009869e-01;1.834718e-02
8.456796e-02;1.241736e-01;1.485909e-02;4.497449e-02;1.398865e-01;5.663408e-02;1.627503e-01;1.503652e-01;3.006563e-02;5.980376e-02;1.066321e-01;2.528734e-02
1.104209e-01;1.126361e-01;1.608379e-02;2.794704e-02;2.980101e-02;4.647932e-02;2.820405e-01;2.270889e-01;1.406904e-02;3.221279e-02;9.258575e-02;8.634918e-03
1.128691e-01;8.636837e-02;1.392084e-02;2.087231e-02;1.744057e-02;5.181316e-02;3.226374e-01;2.369930e-01;1.444462e-02;2.632670e-02;9.009056e-02;6.223387e-03
1.414819e-01;7.446879e-02;1.130895e-02;1.733581e-02;1.921059e-02;6.699044e-02;3.421726e-01;2.001777e-01;1.701578e-02;2.242115e-02;7.969876e-02;7.717581e-03
2.373526e-01;6.595943e-02;1.101219e-02;1.461604e-02;2.913917e-02;8.154946e-02;2.973446e-01;1.150610e-01;2.633012e-02;1.536977e-02;8.493442e-02;2.133121e-02
2.822046e-01;6.344955e-02;1.724682e-02;2.188421e-02;4.402900e-02;7.755718e-02;2.033012e-01;2.615851e-02;2.907121e-02;9.866221e-03;1.814728e-01;4.375858e-02
1.805955e-01;5.913112e-02;2.032165e-02;2.358364e-02;3.897357e-02;5.688556e-02;1.670014e-01;6.831526e-02;1.781397e-02;1.122053e-02;3.052732e-01;5.088453e-02
4.048755e-02;6.206154e-02;2.894034e-02;3.331828e-02;3.151458e-02;3.870659e-02;8.054978e-02;1.049844e-01;1.087634e-02;1.372637e-02;5.089251e-01;4.590911e-02
8.187129e-02;7.140410e-02;3.343839e-02;3.159319e-02;2.017043e-02;3.095382e-02;5.694305e-02;9.003973e-02;6.568226e-03;1.776053e-02;5.282936e-01;3.096366e-02
8.033197e-02;1.053464e-01;4.783157e-02;2.683454e-02;1.665712e-02;2.500682e-02;8.153020e-02;7.192989e-02;8.468298e-03;2.620078e-02;4.883971e-01;2.146534e-02
1.017008e-01;1.378664e-01;5.633602e-02;2.534356e-02;1.422204e-02;1.846779e-02;1.096081e-01;8.170972e-02;1.144015e-02;3.362967e-02;3.905778e-01;1.909809e-02
5.943224e-02;1.291121e-01;6.848843e-02;2.424209e-02;1.262484e-02;8.842835e-03;1.112152e-01;8.262088e-02;7.912668e-03;3.542642e-02;4.463598e-01;1.372252e-02
9.094837e-02;1.690847e-01;7.594919e-02;3.136376e-02;9.859443e-03;1.493683e-02;9.884996e-02;5.697041e-02;5.938676e-03;3.782203e-02;4.015951e-01;6.681439e-03
7.319237e-02;1.906234e-01;8.614458e-02;4.370476e-02;1.488253e-02;2.207517e-02;9.458736e-02;5.548788e-02;7.118479e-03;4.007218e-02;3.615093e-01;1.060204e-02
7.390480e-02;1.745189e-01;6.385714e-02;3.834549e-02;2.248632e-02;3.508608e-02;7.606856e-02;7.054413e-02;6.882221e-03;3.873220e-02;3.857800e-01;1.379426e-02
9.318537e-02;1.730637e-01;4.553643e-02;2.517560e-02;2.531626e-02;4.292215e-02;1.105812e-01;8.413287e-02;1.108916e-02;4.010333e-02;3.379240e-01;1.096993e-02
1.435564e-01;1.189241e-01;4.069456e-02;1.726620e-02;2.599456e-02;4.140623e-02;1.462884e-01;1.078221e-01;1.730155e-02;4.721855e-02;2.784502e-01;1.507714e-02
1.347063e-01;6.176452e-02;4.208184e-02;2.742673e-02;1.345658e-02;3.749094e-02;1.481981e-01;1.030849e-01;1.226676e-02;4.333334e-02;3.579503e-01;1.823965e-02
6.846822e-02;7.135597e-02;4.656296e-02;3.858314e-02;2.301833e-02;5.969258e-02;1.657833e-01;1.145095e-01;1.519643e-02;4.054260e-02;3.446937e-01;1.159322e-02
8.906404e-02;3.133473e-02;4.397980e-02;3.479477e-02;4.622279e-02;7.343957e-02;1.832737e-01;8.850417e-02;2.724413e-02;5.937928e-02;2.965906e-01;2.617245e-02
1.497668e-01;1.015123e-01;4.475273e-02;2.729717e-02;4.822100e-02;6.051606e-02;1.379582e-01;1.024587e-01;3.561169e-02;6.075827e-02;2.003419e-01;3.080514e-02
1.952919e-01;1.459454e-01;3.448509e-02;3.469851e-02;4.048908e-02;5.698773e-02;1.338904e-01;1.484994e-01;5.059648e-02;5.716876e-02;7.806900e-02;2.387825e-02
7.520925e-02;7.578705e-02;3.747546e-02;5.548126e-02;6.195334e-02;9.957948e-02;1.770856e-01;1.884135e-01;7.094547e-02;6.844438e-02;7.204737e-02;1.757786e-02
4.970045e-02;6.050464e-02;3.661582e-02;5.385796e-02;7.740816e-02;1.352015e-01;1.853218e-01;1.775438e-01;8.604646e-02;6.660677e-02;5.410099e-02;1.709172e-02
5.327429e-02;5.945505e-02;3.593044e-02;4.919976e-02;7.399502e-02;1.525843e-01;1.901908e-01;1.768206e-01;8.594494e-02;6.259841e-02;4.220283e-02;1.780351e-02
4.606425e-02;6.225823e-02;2.965279e-02;4.711614e-02;8.268584e-02;1.601873e-01;1.969642e-01;1.787261e-01;7.744640e-02;5.855102e-02;4.200130e-02;1.834638e-02
8.457297e-02;1.062571e-01;1.599804e-02;3.871091e-02;9.209440e-02;1.124722e-01;2.304816e-01;1.520448e-01;4.226781e-02;4.121498e-02;6.191349e-02;2.197166e-02
1.360920e-01;1.387121e-01;1.695478e-02;2.033814e-02;1.838236e-02;4.884289e-02;2.908271e-01;1.346197e-01;1.627747e-02;2.103530e-02;1.432180e-01;1.470018e-02
8.126606e-02;1.210867e-01;2.263087e-02;1.629252e-02;2.413084e-02;4.377369e-02;2.970627e-01;2.163213e-01;1.160933e-02;1.796057e-02;1.368672e-01;1.099820e-02
3.094351e-02;1.079552e-01;2.796173e-02;1.776901e-02;2.809852e-02;3.590157e-02;3.312317e-01;2.974533e-01;8.518809e-03;1.260663e-02;9.146242e-02;1.009763e-02
2.408968e-02;1.371336e-01;2.941521e-02;1.379960e-02;2.596395e-02;2.826719e-02;3.485858e-01;3.310409e-01;7.364114e-03;6.384201e-03;3.883883e-02;9.116895e-03
1.818921e-02;1.600199e-01;2.258878e-02;1.133750e-02;2.537623e-02;2.339294e-02;3.673921e-01;3.365909e-01;6.824045e-03;5.969518e-03;1.616133e-02;6.157525e-03
1.990439e-02;1.437574e-01;2.571501e-02;1.027357e-02;2.251786e-02;2.370125e-02;3.632600e-01;3.246711e-01;7.787656e-03;7.636888e-03;4.636358e-02;4.411261e-03
3.636035e-02;1.598987e-01;3.259892e-02;9.755315e-03;2.575274e-02;2.441900e-02;3.574789e-01;2.848527e-01;6.255902e-03;7.260749e-03;5.051462e-02;4.852053e-03
2.408020e-02;1.760026e-01;3.665102e-02;3.655731e-03;2.816295e-02;3.135048e-02;3.785361e-01;2.754088e-01;5.808909e-03;6.930760e-03;2.730214e-02;6.110350e-03
1.042086e-02;1.711863e-01;2.040877e-02;8.757357e-03;1.846955e-02;3.168928e-02;4.017342e-01;2.795041e-01;6.592934e-03;4.178711e-03;4.238001e-02;4.677856e-03
2.141953e-02;1.725169e-01;9.666493e-03;1.100587e-02;1.059909e-02;3.366756e-02;4.232323e-01;2.534275e-01;8.496452e-03;5.414885e-03;4.794127e-02;2.612182e-03
3.164317e-02;1.777312e-01;1.077916e-02;1.582977e-02;1.117315e-02;4.265998e-02;4.332518e-01;2.111459e-01;9.447297e-03;7.779148e-03;4.570058e-02;2.858860e-03
8.247516e-02;1.762343e-01;1.197458e-02;1.096814e-02;1.355329e-02;5.166070e-02;4.355541e-01;1.527561e-01;1.181987e-02;4.968989e-03;4.220589e-02;5.828892e-03
1.215837e-01;1.435643e-01;1.215981e-02;1.054760e-02;1.465613e-02;7.121364e-02;4.567271e-01;8.905178e-02;1.225067e-02;9.826451e-03;5.355567e-02;4.863182e-03
1.425244e-01;5.516049e-02;1.941473e-02;3.054048e-02;1.624522e-02;9.278940e-02;4.545412e-01;7.725860e-02;1.090226e-02;1.685371e-02;7.557952e-02;8.190064e-03
1.533949e-01;6.076868e-02;2.364660e-02;3.214663e-02;2.371335e-02;1.118059e-01;4.126791e-01;4.397747e-02;1.280954e-02;2.496783e-02;8.703107e-02;1.305891e-02
1.465674e-01;6.044467e-02;1.926347e-02;1.610218e-02;3.143337e-02;1.008045e-01;4.250216e-01;1.032114e-01;1.321311e-02;2.716989e-02;4.824100e-02;8.527416e-03
1.463937e-01;6.441170e-02;2.264300e-02;1.223248e-02;3.264987e-02;9.917633e-02;4.482211e-01;1.049338e-01;1.621071e-02;2.852066e-02;1.903860e-02;5.568014e-03
1.555056e-01;2.867134e-02;3.616561e-02;2.387969e-02;5.182401e-02;1.084782e-01;4.011426e-01;6.964196e-02;2.094928e-02;2.353384e-02;6.570626e-02;1.450168e-02
9.362087e-02;5.932308e-02;4.214138e-02;4.512763e-02;5.918493e-02;1.111736e-01;3.017407e-01;6.295807e-02;2.244022e-02;3.489849e-02;1.436456e-01;2.374547e-02
8.163030e-02;7.314587e-02;3.780193e-02;3.694001e-02;4.594009e-02;9.406004e-02;2.331894e-01;8.028626e-02;2.988722e-02;3.961509e-02;2.249808e-01;2.252295e-02
1.447331e-01;9.462415e-02;2.891275e-02;2.811782e-02;3.112483e-02;6.782588e-02;2.025975e-01;9.900642e-02;3.415649e-02;3.563850e-02;2.132055e-01;2.005712e-02
1.252676e-01;1.282050e-01;2.777175e-02;2.452005e-02;2.459376e-02;5.806359e-02;1.705843e-01;9.131064e-02;3.174193e-02;3.654615e-02;2.617209e-01;1.967440e-02
9.831732e-02;1.359510e-01;3.699642e-02;2.896277e-02;4.302014e-02;5.117005e-02;1.405957e-01;1.021156e-01;2.669516e-02;5.263565e-02;2.655442e-01;1.799592e-02
2.419938e-01;1.264836e-01;3.703491e-02;3.911106e-02;3.317786e-02;3.805106e-02;1.716156e-01;1.474509e-01;2.042708e-02;4.796318e-02;7.236136e-02;2.432948e-02
2.516475e-01;1.310278e-01;3.140375e-02;3.837889e-02;2.268318e-02;5.238371e-02;1.574119e-01;1.068998e-01;3.489238e-02;3.627691e-02;1.115999e-01;2.539434e-02
2.169859e-01;1.325665e-01;4.336296e-02;2.550799e-02;2.765047e-02;7.714285e-02;1.439435e-01;9.035675e-02;5.187076e-02;4.050060e-02;9.682550e-02;5.328628e-02
2.220058e-01;1.489117e-01;4.363471e-02;3.375119e-02;3.034180e-02;7.262619e-02;1.311376e-01;1.220664e-01;4.394649e-02;3.972232e-02;7.004751e-02;4.180821e-02
2.027456e-01;1.273553e-01;3.451550e-02;3.744444e-02;5.054436e-02;5.620957e-02;1.405514e-01;1.361610e-01;3.667479e-02;4.023571e-02;9.909748e-02;3.846492e-02
1.382757e-01;8.438911e-02;4.107008e-02;6.730296e-02;2.548622e-02;5.528091e-02;1.560622e-01;1.577806e-01;3.801414e-02;6.552420e-02;1.102548e-01;6.055908e-02
1.128228e-01;1.433935e-01;4.177213e-02;9.272286e-02;2.848592e-02;4.407040e-02;1.060204e-01;1.611195e-01;5.186316e-02;3.985593e-02;1.314539e-01;4.641945e-02
1.254957e-01;2.075135e-01;2.925294e-02;8.081167e-02;2.350743e-02;3.332828e-02;1.178965e-01;1.589051e-01;5.063151e-02;4.922091e-02;9.356669e-02;2.986972e-02
1.802506e-01;1.809335e-01;3.707025e-02;3.555490e-02;1.513458e-02;3.285724e-02;1.710121e-01;1.498824e-01;3.654191e-02;4.860460e-02;8.144753e-02;3.071036e-02
1.683248e-01;1.232396e-01;6.091671e-02;2.999978e-02;2.835182e-02;4.864735e-02;1.496301e-01;1.707561e-01;5.094260e-02;5.666334e-02;8.151237e-02;3.101533e-02
1.499422e-01;1.161630e-01;2.525206e-02;4.166315e-02;2.761099e-02;4.522527e-02;1.886190e-01;1.946198e-01;3.101335e-02;2.956172e-02;1.275660e-01;2.276347e-02
1.323756e-01;1.256316e-01;2.870268e-02;4.325798e-02;3.356915e-02;5.750217e-02;2.138364e-01;1.713793e-01;4.114939e-02;3.153967e-02;9.850805e-02;2.254807e-02
8.330761e-02;1.152114e-01;1.902952e-02;3.995843e-02;4.409964e-02;7.617836e-02;2.588511e-01;1.541869e-01;4.586460e-02;3.476626e-02;1.110706e-01;1.747554e-02
6.357399e-02;5.715473e-02;1.955630e-02;2.577198e-02;4.176089e-02;8.014318e-02;3.231489e-01;1.829100e-01;3.646657e-02;2.838279e-02;1.300359e-01;1.109468e-02
1.639092e-01;4.660748e-02;3.012491e-02;2.497549e-02;3.588426e-02;1.003960e-01;3.427539e-01;1.415682e-01;2.916138e-02;2.814893e-02;4.954698e-02;6.923295e-03
1.937324e-01;7.463203e-02;3.006823e-02;2.338978e-02;3.301907e-02;9.590612e-02;3.063053e-01;1.065727e-01;2.590415e-02;2.512955e-02;7.112225e-02;1.421840e-02
1.872441e-01;6.331623e-02;3.192993e-02;1.940594e-02;4.020901e-02;1.064511e-01;3.600704e-01;4.454850e-02;4.666438e-02;2.908564e-02;5.445273e-02;1.662207e-02
1.586223e-01;4.676649e-02;4.633828e-02;2.638610e-02;6.807234e-02;1.075352e-01;3.409283e-01;5.407086e-02;5.800505e-02;2.057353e-02;4.860927e-02;2.409227e-02
1.423202e-01;5.097876e-02;5.791660e-02;4.284115e-02;8.735658e-02;9.005763e-02;2.763880e-01;4.131188e-02;6.352446e-02;2.120363e-02;9.220646e-02;3.389458e-02
1.962635e-01;4.780027e-02;5.643447e-02;3.437343e-02;8.064687e-02;9.974612e-02;2.938716e-01;2.208165e-02;5.301041e-02;2.692690e-02;6.283608e-02;2.600875e-02
2.157057e-01;2.810563e-02;3.470580e-02;1.523464e-02;5.454964e-02;1.213275e-01;3.470689e-01;5.975335e-02;3.120361e-02;3.005635e-02;4.636411e-02;1.592473e-02
1.827142e-01;5.134646e-02;2.587816e-02;1.779377e-02;4.188019e-02;1.109758e-01;3.299155e-01;8.833859e-02;2.251750e-02;2.792691e-02;9.065845e-02;1.005449e-02
1.638846e-01;7.217740e-02;2.825650e-02;2.503271e-02;4.668245e-02;1.042623e-01;2.211530e-01;1.266926e-01;2.193849e-02;3.179892e-02;1.452181e-01;1.290297e-02
1.204233e-01;5.086891e-02;1.437947e-02;2.228455e-02;4.669863e-02;1.168000e-01;3.297641e-01;1.417116e-01;1.554970e-02;3.207942e-02;9.927513e-02;1.016509e-02
1.080519e-01;3.805485e-02;1.155855e-02;1.755532e-02;4.258494e-02;1.247379e-01;4.554732e-01;1.209863e-01;1.852168e-02;2.422778e-02;2.929531e-02;8.952284e-03
1.079071e-01;3.276023e-02;6.880077e-03;2.146312e-02;3.503275e-02;1.214146e-01;4.972779e-01;1.186486e-01;1.459955e-02;1.404972e-02;2.097865e-02;8.987802e-03
9.798162e-02;3.551494e-02;7.775159e-03;1.968680e-02;2.748924e-02;1.134011e-01;5.158662e-01;1.264903e-01;9.822328e-03;1.132626e-02;2.727100e-02;7.375102e-03
1.051810e-01;5.159445e-02;1.545102e-02;1.716199e-02;3.028418e-02;9.661122e-02;4.768881e-01;1.371626e-01;9.815293e-03;1.557600e-02;3.705018e-02;7.223985e-03
1.280489e-01;8.213375e-02;2.227679e-02;2.548095e-02;3.796254e-02;8.188033e-02;4.139887e-01;9.582916e-02;1.449979e-02;1.709655e-02;6.554226e-02;1.526030e-02
1.318799e-01;8.985884e-02;3.991336e-02;3.065657e-02;4.146394e-02;5.696808e-02;3.169560e-01;1.275727e-01;1.540163e-02;2.368626e-02;9.757733e-02;2.806538e-02
1.178032e-01;1.270326e-01;3.972748e-02;2.431729e-02;5.357267e-02;8.138823e-02;3.038858e-01;1.197613e-01;2.786550e-02;2.974299e-02;4.904720e-02;2.585570e-02
9.079154e-02;9.250676e-02;3.596034e-02;2.238698e-02;3.895365e-02;8.273700e-02;3.527066e-01;1.514527e-01;2.848998e-02;2.672410e-02;6.470002e-02;1.259036e-02
5.808138e-02;9.055536e-02;4.364416e-02;2.697616e-02;3.026180e-02;7.606916e-02;2.616829e-01;1.669506e-01;5.726187e-02;5.327372e-02;1.245718e-01;1.067106e-02
8.858830e-02;9.088729e-02;3.953115e-02;2.996533e-02;4.852203e-02;8.038688e-02;1.329479e-01;1.773044e-01;7.045812e-02;9.632365e-02;1.264447e-01;1.864032e-02
9.863763e-02;9.551211e-02;3.327934e-02;2.922631e-02;4.588164e-02;7.006971e-02;1.979973e-01;1.666880e-01;5.703770e-02;9.019346e-02;9.787533e-02;1.760141e-02
1.313128e-01;9.257385e-02;2.890749e-02;2.629704e-02;4.667014e-02;6.882057e-02;2.838515e-01;1.292887e-01;4.525077e-02;8.063888e-02;5.044024e-02;1.594807e-02
1.469257e-01;1.115253e-01;1.907496e-02;7.638332e-03;2.329785e-02;4.429524e-02;3.020912e-01;1.549847e-01;1.891612e-02;3.173472e-02;1.223498e-01;1.716612e-02
7.989796e-02;1.455308e-01;2.258509e-02;8.510672e-03;2.744477e-02;3.997727e-02;2.936340e-01;2.376434e-01;9.448543e-03;1.395976e-02;1.085051e-01;1.286266e-02
1.987550e-02;1.821107e-01;2.218482e-02;4.782555e-03;4.775460e-02;3.801339e-02;3.373117e-01;2.737750e-01;6.976760e-03;8.057399e-03;5.269652e-02;6.460973e-03
3.811673e-02;2.440192e-01;1.709163e-02;5.160409e-03;5.916798e-02;3.273660e-02;3.325243e-01;2.332612e-01;5.620742e-03;4.656018e-03;2.377158e-02;3.873703e-03
5.222250e-02;2.958154e-01;1.447104e-02;5.181400e-03;4.558962e-02;3.269624e-02;3.216599e-01;1.832884e-01;6.295325e-03;3.191578e-03;3.756738e-02;2.021211e-03
7.538298e-02;3.314849e-01;1.264561e-02;3.888923e-03;2.070025e-02;3.604210e-02;3.257270e-01;1.448898e-01;7.809608e-03;5.112149e-03;3.407869e-02;2.237976e-03
1.072439e-01;3.244790e-01;1.024874e-02;9.193240e-03;5.083390e-03;4.112925e-02;3.330527e-01;1.216279e-01;8.338105e-03;4.135555e-03;3.283586e-02;2.632306e-03
1.170765e-01;2.787330e-01;1.015105e-02;1.099306e-02;1.155639e-02;4.266151e-02;3.466910e-01;1.227151e-01;9.819087e-03;6.060389e-03;4.023764e-02;3.305316e-03
1.363749e-01;2.002883e-01;8.613485e-03;1.006465e-02;1.134338e-02;4.747260e-02;3.788697e-01;1.570746e-01;9.209375e-03;6.913767e-03;2.970314e-02;4.072146e-03
1.272291e-01;1.139612e-01;5.783218e-03;7.099231e-03;1.042886e-02;5.690226e-02;4.193197e-01;2.093833e-01;7.374615e-03;6.797083e-03;2.986001e-02;5.861365e-03
1.261904e-01;8.155116e-02;7.770925e-03;8.524411e-03;1.590435e-02;6.169462e-02;4.286088e-01;1.995774e-01;1.417291e-02;1.242252e-02;3.915870e-02;4.423843e-03
1.093750e-01;9.280538e-02;1.325552e-02;7.659592e-03;2.002004e-02;6.193702e-02;4.778696e-01;8.864978e-02;1.570513e-02;1.441051e-02;8.939850e-02;8.913935e-03
5.293372e-02;5.570226e-02;1.382901e-02;5.344397e-03;1.572219e-02;3.644485e-02;4.041290e-01;3.055150e-01;1.416840e-02;1.456790e-02;7.197724e-02;9.666041e-03
3.097740e-02;3.004560e-02;1.538298e-02;7.253348e-03;8.591362e-03;1.740817e-02;3.304861e-01;4.343840e-01;1.770493e-02;2.114940e-02;7.292970e-02;1.368695e-02
2.852187e-02;2.156970e-02;1.369860e-02;5.518506e-03;6.826077e-03;2.250529e-02;3.661911e-01;4.622614e-01;1.447856e-02;1.729245e-02;2.333306e-02;1.780338e-02
1.832895e-02;2.111616e-02;1.552578e-02;7.344959e-03;4.548742e-03;1.895973e-02;3.260717e-01;4.952203e-01;1.766669e-02;2.202756e-02;3.533132e-02;1.785807e-02
2.769496e-02;3.698342e-02;3.007198e-02;1.235748e-02;5.841564e-03;9.044719e-03;2.478567e-01;4.863499e-01;2.339594e-02;2.496910e-02;7.905081e-02;1.638340e-02
3.031012e-02;2.804208e-02;3.397842e-02;8.091421e-03;8.165675e-03;1.151592e-02;3.013601e-01;4.900378e-01;2.331523e-02;1.628799e-02;3.528410e-02;1.361108e-02
2.861382e-02;3.483395e-02;2.820601e-02;5.160579e-03;8.823617e-03;1.729463e-02;3.422557e-01;4.768946e-01;1.562253e-02;1.135900e-02;1.965286e-02;1.128267e-02
2.419441e-02;5.194098e-02;2.357900e-02;8.904057e-03;6.543649e-03;1.938741e-02;3.822295e-01;4.378121e-01;1.191625e-02;1.024484e-02;1.057146e-02;1.267629e-02
4.078492e-02;8.388454e-02;2.015599e-02;1.407923e-02;1.391472e-02;3.083043e-02;4.023295e-01;3.346079e-01;1.436527e-02;1.391619e-02;1.865786e-02;1.247350e-02
8.656486e-02;1.299303e-01;1.517894e-02;2.161057e-02;2.390355e-02;5.332451e-02;3.691405e-01;2.160495e-01;1.587019e-02;2.375560e-02;3.352975e-02;1.114170e-02
1.767346e-01;1.494160e-01;1.363396e-02;2.992160e-02;2.654137e-02;8.618440e-02;2.918794e-01;1.147654e-01;1.366074e-02;2.620313e-02;6.015600e-02;1.090336e-02
2.137637e-01;1.138008e-01;2.546559e-02;2.721894e-02;2.591768e-02;8.573020e-02;2.549869e-01;8.337011e-02;1.843868e-02;2.095110e-02;1.165447e-01;1.381155e-02
1.480232e-01;4.821305e-02;3.409680e-02;3.662700e-02;3.685221e-02;4.458613e-02;3.090017e-01;1.234126e-01;4.768950e-02;4.845867e-02;9.276413e-02;3.027498e-02
9.869632e-02;4.258754e-02;2.871742e-02;5.298609e-02;6.312468e-02;5.180245e-02;2.794807e-01;1.661458e-01;6.047275e-02;6.288495e-02;5.292063e-02;4.018063e-02
5.376231e-02;3.287003e-02;3.055833e-02;6.220394e-02;7.698637e-02;5.648769e-02;2.263405e-01;2.407390e-01;6.078913e-02;5.142821e-02;6.456404e-02;4.327038e-02
3.640911e-02;4.100180e-02;3.640852e-02;4.433020e-02;9.147322e-02;7.069808e-02;1.766232e-01;2.620426e-01;7.166816e-02;3.328969e-02;7.312077e-02;6.293468e-02
4.543753e-02;5.395137e-02;3.322285e-02;3.752892e-02;8.445815e-02;9.223206e-02;1.703314e-01;2.121430e-01;9.254149e-02;4.706923e-02;7.712044e-02;5.396355e-02
5.955569e-02;7.580662e-02;2.527571e-02;4.642560e-02;6.729395e-02;8.920067e-02;1.816662e-01;1.924182e-01;7.921530e-02;5.564884e-02;8.800551e-02;3.948773e-02
8.629516e-02;9.932207e-02;2.620815e-02;4.726776e-02;4.320924e-02;8.670873e-02;1.919639e-01;1.646277e-01;6.759521e-02;3.326509e-02;1.113926e-01;4.214440e-02
8.574884e-02;9.742893e-02;2.356539e-02;5.478502e-02;3.543269e-02;7.999703e-02;2.256500e-01;1.096055e-01;5.473286e-02;4.398493e-02;1.613670e-01;2.770188e-02
3.921450e-02;9.247945e-02;2.771607e-02;5.103770e-02;4.537234e-02;1.084141e-01;2.365016e-01;9.860858e-02;5.187234e-02;3.941425e-02;1.883539e-01;2.101517e-02
7.568038e-02;1.050947e-01;5.097925e-02;5.939399e-02;6.754722e-02;7.985986e-02;2.163411e-01;1.194841e-01;6.010547e-02;4.999988e-02;8.101181e-02;3.450217e-02
5.856246e-02;1.260642e-01;5.664278e-02;5.413232e-02;5.255478e-02;7.757498e-02;2.132889e-01;1.211114e-01;5.620729e-02;5.790878e-02;9.456503e-02;3.138711e-02
1.092218e-01;5.416237e-02;3.031923e-02;3.458560e-02;4.107941e-02;5.677555e-02;2.988225e-01;8.665419e-02;2.837258e-02;6.722309e-02;1.686550e-01;2.412870e-02
1.218262e-01;6.116479e-02;1.926648e-02;3.264425e-02;3.072235e-02;5.705959e-02;2.890958e-01;1.245963e-01;3.866741e-02;3.610064e-02;1.520569e-01;3.679927e-02
1.301095e-01;4.436437e-02;2.408577e-02;4.767724e-02;2.662351e-02;7.208064e-02;3.056566e-01;9.132807e-02;4.279226e-02;4.771383e-02;1.255218e-01;4.204645e-02
1.007630e-01;7.228684e-02;2.514125e-02;5.608360e-02;2.315382e-02;7.944846e-02;3.311667e-01;8.575154e-02;3.812108e-02;5.345956e-02;1.020590e-01;3.256513e-02
1.000708e-01;9.420112e-02;2.412116e-02;6.545697e-02;1.970136e-02;8.460760e-02;3.571911e-01;6.996737e-02;2.367838e-02;4.479222e-02;8.568107e-02;3.053084e-02
1.229860e-01;9.397558e-02;1.631694e-02;7.668775e-02;1.815140e-02;9.756181e-02;3.365081e-01;8.409242e-02;1.759160e-02;5.355207e-02;5.164635e-02;3.092993e-02
1.434059e-01;8.302858e-02;1.434550e-02;8.152296e-02;1.464878e-02;1.093111e-01;3.186287e-01;9.841629e-02;2.370936e-02;6.377931e-02;2.178829e-02;2.741519e-02
1.672156e-01;4.852529e-02;1.121756e-02;8.302565e-02;2.711356e-02;1.355931e-01;2.951468e-01;7.689054e-02;2.507351e-02;7.466979e-02;2.642501e-02;2.910353e-02
1.763406e-01;3.963259e-02;6.326418e-03;7.050049e-02;3.523049e-02;1.553073e-01;2.558085e-01;7.308318e-02;2.343841e-02;1.048609e-01;3.189849e-02;2.757257e-02
1.974423e-01;3.761812e-02;8.670958e-03;5.304644e-02;3.598234e-02;1.522454e-01;2.418828e-01;8.444478e-02;3.155016e-02;1.120389e-01;2.445038e-02;2.062747e-02
2.232037e-01;3.395025e-02;1.074604e-02;4.900199e-02;3.694701e-02;1.504867e-01;2.346858e-01;9.388422e-02;3.177084e-02;9.943794e-02;2.233116e-02;1.355431e-02
2.394651e-01;5.212901e-02;6.662320e-03;4.413255e-02;4.298617e-02;1.312939e-01;2.411505e-01;1.050633e-01;1.783066e-02;7.369579e-02;3.434705e-02;1.124363e-02
2.426747e-01;7.127485e-02;7.505400e-03;3.748069e-02;4.526471e-02;1.057418e-01;1.830114e-01;1.139926e-01;2.174314e-02;4.885527e-02;1.120132e-01;1.044212e-02
1.963765e-01;9.114328e-02;1.488367e-02;1.653278e-02;5.224513e-02;1.057595e-01;1.893734e-01;1.082650e-01;1.463964e-02;3.756056e-02;1.669053e-01;6.315153e-03
1.423278e-01;6.487102e-02;1.128310e-02;2.272541e-02;4.812765e-02;1.148212e-01;3.625581e-01;1.052131e-01;1.109891e-02;2.490063e-02;8.804692e-02;4.026204e-03
1.556125e-01;5.347272e-02;9.463405e-03;2.217473e-02;4.331104e-02;1.228584e-01;4.453100e-01;9.705903e-02;7.921412e-03;2.171357e-02;1.423530e-02;6.867801e-03
1.512468e-01;4.198673e-02;7.833065e-03;1.467908e-02;4.140289e-02;1.281030e-01;4.598969e-01;8.734404e-02;1.014940e-02;1.920197e-02;3.025270e-02;7.903466e-03
1.226663e-01;3.260965e-02;7.467458e-03;1.281891e-02;3.617159e-02;1.422745e-01;4.740481e-01;1.067553e-01;8.607692e-03;1.865882e-02;3.068182e-02;7.239938e-03
1.251018e-01;1.674817e-02;9.399745e-03;1.101259e-02;3.045920e-02;1.594314e-01;5.079823e-01;9.505042e-02;5.148054e-03;1.545736e-02;1.964149e-02;4.567459e-03
1.236830e-01;2.195748e-02;1.035055e-02;7.782431e-03;3.804471e-02;1.663181e-01;5.104889e-01;7.846588e-02;6.607458e-03;1.805327e-02;1.371961e-02;4.528617e-03
1.335971e-01;1.808806e-02;9.135650e-03;1.118030e-02;3.666897e-02;1.751107e-01;4.969152e-01;6.807277e-02;8.528242e-03;1.822956e-02;1.715266e-02;7.320848e-03
1.173277e-01;2.447754e-02;1.031765e-02;1.226435e-02;4.085965e-02;1.802249e-01;4.996254e-01;6.073716e-02;8.366112e-03;1.951755e-02;1.860253e-02;7.679503e-03
9.666489e-02;2.270941e-02;8.998718e-03;1.309321e-02;4.102268e-02;1.535675e-01;4.687866e-01;1.207597e-01;9.186663e-03;2.143473e-02;3.972343e-02;4.052526e-03
9.250933e-02;3.238161e-02;7.969135e-03;1.376569e-02;3.828489e-02;1.358169e-01;4.683892e-01;1.255949e-01;1.008041e-02;2.114430e-02;5.084430e-02;3.219376e-03
9.423834e-02;4.122078e-02;8.980579e-03;1.883566e-02;3.182174e-02;1.356074e-01;5.071403e-01;9.853813e-02;8.254455e-03;1.546223e-02;3.619104e-02;3.709286e-03
7.801221e-02;5.229077e-02;6.709296e-03;1.404774e-02;2.062133e-02;1.215040e-01;5.355882e-01;1.358008e-01;6.603566e-03;1.086057e-02;1.416939e-02;3.792136e-03
6.741042e-02;5.324714e-02;7.647246e-03;1.110766e-02;1.949116e-02;1.001822e-01;5.506224e-01;1.638481e-01;5.533118e-03;7.933085e-03;9.831658e-03;3.145837e-03
6.417456e-02;5.736156e-02;8.399027e-03;8.405653e-03;1.571076e-02;9.466121e-02;5.509357e-01;1.664036e-01;7.566497e-03;7.979831e-03;1.588566e-02;2.515915e-03
5.393423e-02;5.534030e-02;7.042496e-03;1.362621e-02;1.191826e-02;9.634569e-02;5.508865e-01;1.709164e-01;6.662177e-03;7.880407e-03;2.209649e-02;3.350861e-03
6.776424e-02;6.539518e-02;4.837674e-03;1.486987e-02;1.330076e-02;9.056787e-02;5.351963e-01;1.674649e-01;4.951151e-03;1.304422e-02;1.801423e-02;4.593640e-03
7.965073e-02;5.864736e-02;7.316568e-03;1.387081e-02;2.001748e-02;9.174635e-02;5.251600e-01;1.608605e-01;5.144445e-03;1.525718e-02;1.711220e-02;5.216436e-03
1.014473e-01;4.838219e-02;7.151835e-03;1.873082e-02;2.537019e-02;1.024686e-01;4.976554e-01;1.440034e-01;9.319471e-03;1.508649e-02;2.641572e-02;3.968640e-03
1.249966e-01;4.665246e-02;1.164615e-02;2.053873e-02;2.799852e-02;1.187718e-01;4.705020e-01;1.211622e-01;1.299417e-02;1.397491e-02;2.624746e-02;4.515025e-03
1.711722e-01;3.208484e-02;1.524912e-02;2.109829e-02;3.518231e-02;1.451657e-01;4.764358e-01;3.395161e-02;1.442408e-02;1.617263e-02;3.439600e-02;4.667416e-03
1.644005e-01;3.592920e-02;1.181016e-02;1.854528e-02;3.940437e-02;1.354271e-01;4.149188e-01;9.838301e-02;2.214385e-02;1.611440e-02;3.519620e-02;7.727077e-03
1.481166e-01;3.759786e-02;2.104478e-02;2.931628e-02;6.133880e-02;1.477768e-01;3.445008e-01;9.372693e-02;3.271206e-02;1.813566e-02;4.604818e-02;1.968522e-02
8.179943e-02;3.521192e-02;3.897239e-02;4.043800e-02;7.756200e-02;1.574135e-01;2.745934e-01;8.812501e-02;3.650034e-02;1.923409e-02;1.268966e-01;2.325333e-02
3.982640e-02;6.558954e-02;4.573110e-02;3.741994e-02;6.604486e-02;1.216590e-01;2.937854e-01;6.840394e-02;2.744704e-02;1.718633e-02;2.004280e-01;1.647852e-02
6.314863e-02;1.111621e-01;5.391682e-02;4.395209e-02;4.983595e-02;6.620888e-02;2.110745e-01;5.031754e-02;2.859644e-02;1.752746e-02;2.930864e-01;1.117317e-02
1.164014e-01;1.310931e-01;5.241887e-02;3.871980e-02;4.184398e-02;4.895758e-02;1.629591e-01;4.906328e-02;2.326000e-02;2.400823e-02;2.975980e-01;1.367659e-02
1.487913e-01;1.010676e-01;5.101817e-02;3.628886e-02;3.876439e-02;6.060468e-02;1.618063e-01;7.985607e-02;1.954718e-02;1.920110e-02;2.681401e-01;1.491422e-02
1.108648e-01;1.223341e-01;6.411374e-02;4.502855e-02;4.247083e-02;5.187416e-02;1.257297e-01;8.007649e-02;1.301165e-02;1.780790e-02;3.126165e-01;1.407164e-02
5.654654e-02;1.292020e-01;7.487956e-02;6.192444e-02;4.352287e-02;4.121925e-02;1.127380e-01;9.219974e-02;1.375899e-02;2.661554e-02;3.347631e-01;1.263000e-02
7.306376e-02;1.564523e-01;7.522963e-02;5.398199e-02;3.983778e-02;2.523210e-02;9.390813e-02;9.948506e-02;1.681047e-02;3.287051e-02;3.230661e-01;1.006211e-02
6.074755e-02;1.498379e-01;7.719110e-02;3.846292e-02;2.964126e-02;1.233462e-02;1.009424e-01;8.325230e-02;2.437574e-02;3.568678e-02;3.787961e-01;8.731351e-03
5.526686e-02;1.728118e-01;7.363751e-02;2.903667e-02;1.973336e-02;1.596855e-02;8.732544e-02;8.159083e-02;2.131955e-02;3.329929e-02;3.955075e-01;1.450261e-02
8.118808e-02;1.871007e-01;6.880796e-02;2.958088e-02;2.132448e-02;2.533177e-02;8.217937e-02;8.077106e-02;1.970820e-02;3.440762e-02;3.527205e-01;1.687937e-02
1.126729e-01;2.007125e-01;6.405444e-02;3.115395e-02;2.334936e-02;2.142192e-02;8.132967e-02;9.715747e-02;2.943519e-02;3.886658e-02;2.861778e-01;1.366818e-02
1.417082e-01;1.952409e-01;6.352457e-02;4.841142e-02;2.707856e-02;3.992623e-02;1.146625e-01;7.487337e-02;3.256648e-02;5.072702e-02;2.022196e-01;9.061132e-03
9.281806e-02;1.353065e-01;6.157981e-02;6.503216e-02;5.474881e-02;5.058901e-02;1.225524e-01;9.486368e-02;6.192538e-02;6.258378e-02;1.687965e-01;2.920387e-02
6.021470e-02;6.610510e-02;4.829813e-02;8.945182e-02;8.700446e-02;3.731938e-02;1.039521e-01;1.340123e-01;9.740633e-02;6.841563e-02;1.661648e-01;4.165521e-02
4.848312e-02;4.759762e-02;4.605089e-02;9.987597e-02;8.240639e-02;5.343996e-02;1.007058e-01;1.623833e-01;1.127391e-01;6.485936e-02;1.308042e-01;5.065434e-02
7.186367e-02;7.154068e-02;4.098469e-02;5.051056e-02;3.395761e-02;5.848628e-02;9.956731e-02;2.011978e-01;9.535290e-02;8.825999e-02;1.344054e-01;5.387310e-02
8.662680e-02;6.256367e-02;4.607766e-02;4.572930e-02;4.535386e-02;7.015501e-02;9.218435e-02;1.996262e-01;1.044820e-01;7.063792e-02;1.188998e-01;5.766340e-02
7.573982e-02;4.203495e-02;6.700195e-02;1.015323e-01;6.384101e-02;7.872852e-02;1.036718e-01;1.601805e-01;9.823366e-02;6.250718e-02;8.509935e-02;6.142901e-02
4.413301e-02;6.182892e-02;7.016276e-02;9.388162e-02;7.396235e-02;5.899156e-02;1.070270e-01;1.444917e-01;1.052865e-01;6.600934e-02;8.229655e-02;9.192874e-02
6.344862e-02;6.736634e-02;6.589951e-02;9.220034e-02;5.784407e-02;4.361939e-02;8.658276e-02;1.604898e-01;1.294947e-01;7.573073e-02;6.105658e-02;9.626715e-02
7.706127e-02;5.349480e-02;5.043576e-02;1.150709e-01;6.340899e-02;7.721278e-02;6.498379e-02;1.103441e-01;1.476525e-01;6.617542e-02;1.001205e-01;7.403914e-02
7.255641e-02;8.318376e-02;4.789913e-02;1.052096e-01;8.423378e-02;9.453337e-02;7.197551e-02;8.743308e-02;1.171091e-01;6.322902e-02;1.308863e-01;4.175103e-02
4.898470e-02;7.947236e-02;6.254061e-02;8.375809e-02;9.036854e-02;8.083633e-02;9.200794e-02;1.596102e-01;5.954212e-02;8.993851e-02;1.232985e-01;2.964215e-02
5.535235e-02;5.489638e-02;5.148568e-02;1.017643e-01;8.041409e-02;1.104477e-01;6.305042e-02;2.043163e-01;4.518163e-02;7.377416e-02;1.045767e-01;5.474014e-02
6.784572e-02;6.102606e-02;3.850525e-02;8.725408e-02;8.849011e-02;1.092659e-01;8.763271e-02;1.506172e-01;5.021735e-02;5.806115e-02;9.921399e-02;1.018705e-01
5.966309e-02;9.321849e-02;3.851140e-02;7.000912e-02;7.578196e-02;7.239643e-02;9.444272e-02;1.202517e-01;7.410554e-02;5.625583e-02;9.409694e-02;1.512668e-01
6.240440e-02;1.169029e-01;3.912697e-02;3.647552e-02;6.878024e-02;4.911513e-02;8.198129e-02;1.106526e-01;1.053247e-01;4.767818e-02;1.078102e-01;1.737478e-01
7.830843e-02;9.078830e-02;5.189586e-02;2.928902e-02;6.610882e-02;6.512522e-02;9.789579e-02;9.935897e-02;9.176304e-02;5.694231e-02;1.127485e-01;1.597757e-01
9.520654e-02;8.022802e-02;5.520609e-02;2.427154e-02;3.559540e-02;5.976463e-02;1.397232e-01;1.345992e-01;5.601193e-02;8.349719e-02;1.001592e-01;1.357370e-01
1.039542e-01;7.640574e-02;3.254586e-02;6.308191e-02;2.702071e-02;7.273038e-02;1.224843e-01;1.573186e-01;6.013479e-02;7.520600e-02;1.141660e-01;9.495142e-02
1.332673e-01;7.421932e-02;4.471880e-02;7.796129e-02;5.453977e-02;1.127730e-01;1.085392e-01;1.200058e-01;6.221952e-02;4.528626e-02;1.161585e-01;5.031130e-02
1.153564e-01;7.459614e-02;4.602057e-02;5.941423e-02;8.905459e-02;9.765723e-02;1.348681e-01;1.407203e-01;5.092207e-02;3.298143e-02;1.056885e-01;5.272047e-02
1.220393e-01;6.573925e-02;3.938833e-02;8.289456e-02;9.669595e-02;8.750211e-02;8.410327e-02;1.316559e-01;4.892183e-02;4.059637e-02;1.288719e-01;7.159121e-02
1.461277e-01;5.104735e-02;5.795395e-02;1.012290e-01;9.163548e-02;5.943744e-02;1.046237e-01;1.440189e-01;4.390105e-02;3.522037e-02;1.283281e-01;3.647697e-02
1.313234e-01;6.431270e-02;4.380720e-02;9.818940e-02;1.172647e-01;5.085557e-02;1.668184e-01;1.044715e-01;6.521916e-02;6.060778e-02;4.440028e-02;5.273001e-02
1.124538e-01;9.421968e-02;3.042457e-02;5.464853e-02;1.157082e-01;7.353114e-02;1.727429e-01;9.348862e-02;5.881461e-02;7.574207e-02;5.225297e-02;6.597286e-02
1.161322e-01;1.061825e-01;2.926964e-02;4.765105e-02;8.120468e-02;1.438467e-01;1.851630e-01;1.014856e-01;3.762658e-02;3.914497e-02;8.495926e-02;2.733383e-02
1.398491e-01;9.772119e-02;2.938848e-02;5.125568e-02;8.960682e-02;1.567525e-01;1.774041e-01;7.616579e-02;3.182238e-02;2.894721e-02;1.113965e-01;9.690237e-03
1.956566e-01;1.195324e-01;3.849223e-02;3.874234e-02;6.448741e-02;1.010077e-01;1.709292e-01;8.141638e-02;2.336176e-02;2.884660e-02;1.308060e-01;6.721478e-03
2.192573e-01;1.226520e-01;3.697635e-02;2.190607e-02;4.251909e-02;5.247604e-02;2.236105e-01;1.188878e-01;1.948721e-02;2.757151e-02;1.073601e-01;7.296026e-03
1.959251e-01;6.742969e-02;2.879166e-02;2.932150e-02;3.424369e-02;9.367435e-02;3.221962e-01;1.107484e-01;1.979007e-02;2.155109e-02;6.032428e-02;1.600400e-02
2.161697e-01;4.140777e-02;2.654930e-02;3.316998e-02;3.301723e-02;1.207485e-01;3.931531e-01;5.440596e-02;2.551620e-02;1.525084e-02;2.728013e-02;1.333118e-02
2.007598e-01;3.322135e-02;2.088100e-02;2.569351e-02;4.881299e-02;1.223583e-01;4.095792e-01;5.361347e-02;2.474562e-02;1.719754e-02;3.263785e-02;1.049938e-02
1.778438e-01;2.228203e-02;1.659889e-02;2.095697e-02;4.393111e-02;1.507884e-01;4.227170e-01;5.408941e-02;1.922452e-02;2.555490e-02;3.077691e-02;1.523596e-02
1.575129e-01;2.948942e-02;1.400383e-02;1.084988e-02;3.939617e-02;1.755606e-01;4.396379e-01;6.287794e-02;1.193043e-02;2.508702e-02;2.495967e-02;8.694146e-03
1.592216e-01;4.032445e-02;1.008758e-02;1.232196e-02;3.887042e-02;1.843545e-01;4.361545e-01;7.296380e-02;8.410979e-03;1.940774e-02;1.481494e-02;3.067549e-03
1.473251e-01;3.615484e-02;1.143803e-02;1.060166e-02;3.765461e-02;1.568705e-01;4.433615e-01;1.004298e-01;8.548289e-03;1.795716e-02;2.258561e-02;7.073048e-03
1.308855e-01;3.920649e-02;2.184200e-02;1.840524e-02;3.561512e-02;1.120270e-01;4.182860e-01;1.110679e-01;1.409915e-02;1.865864e-02;6.781021e-02;1.209664e-02
9.534511e-02;7.237488e-02;3.903093e-02;3.553086e-02;3.728147e-02;9.497981e-02;3.696788e-01;9.930926e-02;1.434094e-02;2.452928e-02;1.068676e-01;1.073108e-02
1.284143e-01;1.406905e-01;5.247497e-02;6.099516e-02;8.942405e-02;1.153668e-01;2.418855e-01;7.999410e-02;2.579364e-02;3.418028e-02;2.215249e-02;8.628200e-03
1.192342e-01;1.236595e-01;4.278545e-02;3.096679e-02;8.236863e-02;1.068231e-01;1.416757e-01;1.346443e-01;3.476150e-02;3.568596e-02;1.282422e-01;1.915273e-02
1.153006e-01;8.077950e-02;4.555114e-02;2.775320e-02;6.007410e-02;8.410175e-02;1.846354e-01;1.565964e-01;4.319049e-02;3.581487e-02;1.438842e-01;2.231838e-02
1.321493e-01;9.886748e-02;4.561976e-02;4.778179e-02;5.440241e-02;9.024802e-02;2.059467e-01;1.403384e-01;3.771462e-02;3.107708e-02;9.998482e-02;1.586958e-02
1.048052e-01;8.922641e-02;4.653986e-02;4.286975e-02;6.981925e-02;1.082372e-01;2.276670e-01;1.312820e-01;1.904109e-02;2.825266e-02;1.006720e-01;3.158763e-02
7.866415e-02;6.567618e-02;5.004505e-02;2.642489e-02;6.733387e-02;8.827306e-02;2.988653e-01;1.347469e-01;4.596014e-02;3.391356e-02;8.062308e-02;2.947377e-02
1.149457e-01;6.396120e-02;5.572487e-02;4.861077e-02;7.478765e-02;7.826291e-02;2.668331e-01;1.173065e-01;3.710505e-02;4.272696e-02;8.786662e-02;1.186864e-02
9.780432e-02;8.960567e-02;5.357206e-02;4.693129e-02;7.835925e-02;1.042203e-01;1.588800e-01;1.135014e-01;3.406531e-02;3.918955e-02;1.524955e-01;3.137535e-02
1.349113e-01;1.353922e-01;5.639804e-02;4.158990e-02;5.728246e-02;1.154484e-01;1.641279e-01;1.102512e-01;3.358764e-02;3.122064e-02;9.145322e-02;2.833727e-02
9.756171e-02;1.127069e-01;6.431821e-02;6.583655e-02;3.431867e-02;1.066868e-01;1.472583e-01;1.160140e-01;6.301730e-02;6.514028e-02;9.523614e-02;3.190522e-02
5.413898e-02;6.818094e-02;4.940913e-02;5.782178e-02;2.866459e-02;9.326164e-02;1.806859e-01;1.967246e-01;1.043068e-01;6.180958e-02;6.365024e-02;4.134580e-02
6.260007e-02;7.871208e-02;3.499676e-02;4.552095e-02;2.926443e-02;9.294184e-02;1.850577e-01;1.865028e-01;1.047631e-01;6.738249e-02;7.006364e-02;4.219418e-02
