1.202074e-01;1.000040e-01;1.489639e-01;7.498816e-02;4.718256e-02;6.106226e-02;8.303358e-02;6.762937e-02;6.550945e-02;6.849854e-02;9.001783e-02;7.290293e-02
8.206102e-02;8.604498e-02;1.590507e-01;9.463274e-02;5.065610e-02;4.490422e-02;4.848727e-02;6.747556e-02;8.106357e-02;7.508461e-02;1.256474e-01;8.489184e-02
1.688993e-01;3.395098e-02;1.316147e-01;8.256596e-02;5.580856e-02;4.450800e-02;4.601423e-02;4.880107e-02;5.887879e-02;7.367111e-02;1.402075e-01;1.150798e-01
1.759884e-01;4.737803e-02;9.590714e-02;6.577888e-02;7.367129e-02;5.311985e-02;5.810682e-02;5.289065e-02;4.841480e-02;6.508126e-02;1.542327e-01;1.094303e-01
1.135657e-01;5.259750e-02;7.780100e-02;5.662066e-02;7.867771e-02;4.577064e-02;7.141013e-02;7.014511e-02;9.162498e-02;9.649299e-02;1.596084e-01;8.568524e-02
4.087819e-02;5.531360e-02;8.255413e-02;5.771677e-02;6.493256e-02;3.318824e-02;8.012020e-02;6.438105e-02;1.315763e-01;1.381502e-01;1.739623e-01;7.722650e-02
6.969569e-02;6.627840e-02;1.069950e-01;5.351750e-02;7.228602e-02;6.548778e-02;9.368183e-02;7.263301e-02;1.136871e-01;1.275188e-01;1.155634e-01;4.265532e-02
1.056506e-01;7.146886e-02;1.106548e-01;7.451523e-02;8.397683e-02;7.537503e-02;8.977015e-02;8.105270e-02;1.053091e-01;8.757018e-02;6.401306e-02;5.064351e-02
1.298524e-01;4.780588e-02;1.679236e-01;7.293750e-02;7.671450e-02;6.671461e-02;7.221857e-02;7.228107e-02;7.839957e-02;9.672953e-02;6.614722e-02;5.227552e-02
1.560623e-01;9.995686e-02;1.471865e-01;4.248334e-02;8.664715e-02;5.640353e-02;5.565393e-02;5.911120e-02;6.824193e-02;9.615298e-02;7.350242e-02;5.859792e-02
6.098568e-02;1.119736e-01;2.048071e-01;4.859235e-02;8.625995e-02;4.741582e-02;8.358323e-02;6.556406e-02;6.323022e-02;8.146196e-02;9.406317e-02;5.206286e-02
8.717459e-02;1.068178e-01;2.262319e-01;4.882485e-02;6.538426e-02;2.661102e-02;6.946015e-02;8.377543e-02;6.681316e-02;7.403862e-02;1.079544e-01;3.691384e-02
1.428589e-01;1.112436e-01;1.774555e-01;3.867702e-02;4.981451e-02;1.330864e-02;4.411113e-02;1.175843e-01;9.185148e-02;6.715026e-02;1.259203e-01;2.002435e-02
2.026537e-01;9.153329e-02;9.336789e-02;2.296328e-02;4.918383e-02;9.087069e-03;3.249399e-02;2.119398e-01;1.134758e-01;4.195755e-02;1.170499e-01;1.429385e-02
2.304524e-01;5.058335e-02;4.269807e-02;1.376085e-02;4.935671e-02;7.579748e-03;4.174691e-02;3.424371e-01;9.705693e-02;3.056559e-02;6.742176e-02;2.634058e-02
2.002514e-01;2.461214e-02;3.190323e-02;2.631083e-02;3.771598e-02;1.502743e-02;9.915008e-02;3.632438e-01;6.474388e-02;5.069453e-02;2.793213e-02;5.841462e-02
1.752182e-01;1.319498e-02;2.536459e-02;4.684957e-02;2.121488e-02;2.980817e-02;1.884262e-01;2.684113e-01;5.142366e-02;6.487680e-02;1.541964e-02;9.979200e-02
1.683867e-01;7.875202e-03;2.244237e-02;4.384196e-02;1.606808e-02;3.000872e-02;2.149507e-01;2.746047e-01;4.432011e-02;6.585257e-02;1.308884e-02;9.856000e-02
1.962555e-01;1.746449e-02;3.472210e-02;1.914202e-02;3.859848e-02;1.653018e-02;1.622735e-01;3.843729e-01;2.111802e-02;3.718228e-02;1.265316e-02;5.968751e-02
2.096726e-01;2.604141e-02;4.037227e-02;9.045629e-03;6.311962e-02;8.076854e-03;1.435081e-01;4.265739e-01;1.836775e-02;1.466302e-02;1.139602e-02;2.916273e-02
1.967190e-01;4.316074e-02;3.810832e-02;1.231604e-02;8.542069e-02;8.786125e-03;1.352010e-01;3.825698e-01;4.644509e-02;8.881336e-03;1.581222e-02;2.657952e-02
1.980958e-01;6.678341e-02;5.446113e-02;2.737904e-02;8.978624e-02;1.397641e-02;9.661142e-02;2.983232e-01;7.432756e-02;1.733803e-02;2.490442e-02;3.801333e-02
1.969615e-01;8.783241e-02;6.919990e-02;4.786561e-02;6.513318e-02;1.793085e-02;6.386684e-02;2.308393e-01;9.624960e-02;3.314473e-02;3.844319e-02;5.253297e-02
1.652859e-01;7.205175e-02;6.671998e-02;4.595448e-02;4.782364e-02;1.320805e-02;1.412612e-01;2.703066e-01;6.295754e-02;3.782376e-02;4.672089e-02;2.988614e-02
1.640301e-01;3.130764e-02;4.367195e-02;3.887479e-02;6.032006e-02;1.180325e-02;1.598811e-01;2.836379e-01;6.163146e-02;6.056398e-02;4.767893e-02;3.659882e-02
1.953869e-01;3.905285e-02;3.199072e-02;3.583473e-02;5.981937e-02;1.537127e-02;1.204300e-01;2.236668e-01;9.835853e-02;7.765502e-02;5.203327e-02;5.040062e-02
1.867473e-01;6.088787e-02;3.432047e-02;2.327446e-02;7.308435e-02;2.424212e-02;1.112598e-01;2.063843e-01;9.503973e-02;9.146360e-02;5.913185e-02;3.416417e-02
1.381826e-01;5.557342e-02;3.294561e-02;1.691665e-02;8.570981e-02;2.011178e-02;1.228615e-01;2.569537e-01;7.583428e-02;9.763838e-02;6.489918e-02;3.237319e-02
1.448485e-01;6.857494e-02;8.665495e-02;3.132967e-02;8.415616e-02;3.812048e-02;1.356707e-01;2.038454e-01;4.006772e-02;6.636093e-02;6.280234e-02;3.756821e-02
2.261771e-01;1.311850e-01;1.336118e-01;3.397251e-02;7.932106e-02;5.231173e-02;9.456350e-02;1.036512e-01;2.718100e-02;3.024217e-02;4.397798e-02;4.380495e-02
3.060374e-01;1.948106e-01;1.267961e-01;2.275721e-02;6.161392e-02;2.914557e-02;5.803468e-02;6.659804e-02;5.230229e-02;1.827224e-02;2.936046e-02;3.427149e-02
3.511024e-01;2.677472e-01;9.234132e-02;1.171731e-02;3.290437e-02;1.807797e-02;2.934890e-02;3.257811e-02;1.100767e-01;1.319239e-02;1.768394e-02;2.322938e-02
3.122297e-01;2.836442e-01;1.152898e-01;1.109521e-02;1.302577e-02;2.735044e-02;1.272483e-02;1.731940e-02;1.546041e-01;1.666898e-02;1.252666e-02;2.352099e-02
2.616557e-01;2.520629e-01;1.491192e-01;1.739021e-02;1.703494e-02;2.662859e-02;2.196456e-02;2.431561e-02;1.548365e-01;2.677876e-02;2.205894e-02;2.615404e-02
2.134343e-01;2.457175e-01;1.457800e-01;2.377195e-02;2.603503e-02;2.320184e-02;3.555965e-02;3.142115e-02;1.365998e-01;4.907302e-02;4.013940e-02;2.926648e-02
4.441546e-02;2.895483e-01;2.078726e-01;3.690527e-02;2.973480e-02;3.523457e-02;3.597964e-02;3.407735e-02;1.150711e-01;8.705141e-02;5.677517e-02;2.733433e-02
1.035328e-01;2.146107e-01;2.157567e-01;3.979192e-02;4.681198e-02;3.651725e-02;4.838315e-02;4.508160e-02;1.205652e-01;6.530952e-02;4.441584e-02;1.922338e-02
9.264979e-02;1.620150e-01;2.311373e-01;5.249210e-02;6.341325e-02;4.168924e-02;6.551331e-02;2.795359e-02;8.395700e-02;8.265006e-02;5.861654e-02;3.791276e-02
1.710490e-01;1.815418e-01;1.634689e-01;4.124157e-02;5.899920e-02;3.283434e-02;7.575798e-02;3.027795e-02;5.127110e-02;8.339919e-02;6.477901e-02;4.537994e-02
2.134162e-01;2.126520e-01;1.973302e-01;2.625320e-02;3.926064e-02;1.769570e-02;3.363383e-02;4.444285e-02;6.181476e-02;5.301115e-02;6.703514e-02;3.345438e-02
2.779878e-01;2.288240e-01;1.744690e-01;1.721706e-02;2.603423e-02;1.347767e-02;3.555064e-02;5.773913e-02;4.756445e-02;2.744354e-02;5.863306e-02;3.505935e-02
2.895437e-01;2.028506e-01;1.213640e-01;2.672910e-02;1.511867e-02;1.311612e-02;8.246697e-02;5.211566e-02;2.600443e-02;6.656802e-02;3.814283e-02;6.597991e-02
1.695627e-01;1.479414e-01;9.842410e-02;4.588163e-02;1.072563e-02;2.954709e-02;1.557662e-01;4.183478e-02;2.882801e-02;1.076521e-01;4.187916e-02;1.219572e-01
6.314264e-02;9.948539e-02;8.289552e-02;4.103563e-02;2.361534e-02;5.692016e-02;2.054050e-01;3.477443e-02;7.973942e-02;8.915154e-02;7.926431e-02;1.445707e-01
5.019145e-02;7.134500e-02;9.648183e-02;1.948445e-02;3.647092e-02;6.969690e-02;1.929515e-01;4.768633e-02;1.346537e-01;5.835223e-02;1.003461e-01;1.223397e-01
8.370161e-02;6.988692e-02;1.334156e-01;3.629177e-02;3.265859e-02;5.956909e-02;1.541284e-01;5.904373e-02;1.207615e-01;5.694804e-02;9.549744e-02;9.809733e-02
9.824891e-02;5.109959e-02;1.475769e-01;4.077653e-02;4.412910e-02;4.849236e-02;1.799321e-01;6.330939e-02;7.656132e-02;6.480929e-02;8.416653e-02;1.008980e-01
1.063632e-01;5.225569e-02;1.247818e-01;2.558943e-02;5.606509e-02;5.054507e-02;2.120212e-01;8.018217e-02;4.590371e-02;5.731222e-02;7.982166e-02;1.091587e-01
5.946287e-02;6.868919e-02;6.106316e-02;2.324114e-02;6.667328e-02;6.442732e-02;1.917199e-01;1.256487e-01;5.236715e-02;5.917253e-02;1.111301e-01;1.164048e-01
6.767379e-02;5.829424e-02;6.828978e-02;1.062572e-02;6.412580e-02;5.885301e-02;1.229896e-01;1.510153e-01;8.961186e-02;6.469686e-02;1.309570e-01;1.128670e-01
5.331080e-02;5.430433e-02;8.353125e-02;3.107401e-02;6.601298e-02;7.095341e-02;1.070665e-01;1.431453e-01;9.444067e-02;7.201996e-02;1.232958e-01;1.008450e-01
1.231044e-01;4.519372e-02;1.461229e-01;5.192465e-02;7.439473e-02;7.011678e-02;1.392823e-01;7.280812e-02;5.704831e-02;5.243253e-02;7.602275e-02;9.154879e-02
1.194448e-01;3.984251e-02;1.257290e-01;4.983568e-02;7.793520e-02;9.888709e-02;1.637251e-01;3.768986e-02;5.281132e-02;4.046365e-02;8.172400e-02;1.119118e-01
1.032270e-01;2.945053e-02;6.644414e-02;1.112743e-01;5.890582e-02;8.250023e-02;2.102162e-01;2.369038e-02;3.448435e-02;2.928066e-02;7.446200e-02;1.760644e-01
1.207531e-01;4.500366e-02;8.473185e-02;1.881056e-01;2.193953e-02;2.345573e-02;2.124597e-01;1.428135e-02;1.309049e-02;2.513248e-02;4.451242e-02;2.065340e-01
1.314127e-01;5.248208e-02;6.450871e-02;2.535070e-01;1.324339e-02;1.543430e-02;1.838762e-01;8.810483e-03;1.165510e-02;2.312760e-02;3.610629e-02;2.058362e-01
1.256200e-01;4.723185e-02;3.564832e-02;3.218189e-01;1.128861e-02;1.681607e-02;1.634519e-01;8.565906e-03;9.611301e-03;1.731065e-02;3.704957e-02;2.055869e-01
1.159707e-01;3.791155e-02;2.289820e-02;3.391721e-01;2.778424e-02;2.016533e-02;1.569225e-01;6.766615e-03;8.162768e-03;1.438187e-02;4.069944e-02;2.091647e-01
1.213505e-01;3.505142e-02;1.745334e-02;2.801403e-01;4.114068e-02;1.859822e-02;1.770752e-01;8.437403e-03;7.982529e-03;1.443555e-02;5.221008e-02;2.261248e-01
1.233965e-01;4.796949e-02;2.153604e-02;1.903863e-01;2.134631e-02;1.952157e-02;2.101918e-01;2.084997e-02;6.120522e-03;3.803086e-02;5.750161e-02;2.431491e-01
1.642519e-01;4.534805e-02;1.520590e-02;1.161718e-01;1.588523e-02;2.783186e-02;1.831757e-01;5.559976e-02;1.335053e-02;7.667083e-02;7.361563e-02;2.128928e-01
2.984245e-01;5.582016e-02;5.432647e-02;5.777479e-02;3.129556e-02;3.704862e-02;8.278578e-02;7.506742e-02;1.869144e-02;6.453036e-02;9.686448e-02;1.273705e-01
3.722806e-01;7.710386e-02;9.361498e-02;2.489380e-02;5.382375e-02;2.951079e-02;2.899321e-02;7.404272e-02;1.171055e-02;3.902560e-02;1.202241e-01;7.477608e-02
3.589433e-01;1.022361e-01;1.267489e-01;1.998950e-02;8.666569e-02;1.103812e-02;3.162365e-02;6.473414e-02;1.293012e-02;2.718348e-02;1.030957e-01;5.481130e-02
2.924578e-01;1.143215e-01;1.530940e-01;3.758514e-02;1.143276e-01;6.326980e-03;6.715991e-02;5.161902e-02;1.883400e-02;2.325779e-02;8.515374e-02;3.586238e-02
2.389748e-01;1.120453e-01;1.767045e-01;4.588572e-02;1.159871e-01;8.440990e-03;8.730625e-02;4.341885e-02;3.291190e-02;2.803597e-02;7.923202e-02;3.105657e-02
2.167643e-01;9.576154e-02;2.200636e-01;3.744213e-02;8.919999e-02;1.716955e-02;9.176023e-02;4.128291e-02;3.507717e-02;4.551399e-02;6.448508e-02;4.547944e-02
1.985729e-01;7.493095e-02;2.043692e-01;5.237839e-02;6.706069e-02;2.248917e-02;1.013240e-01;5.227509e-02;2.677649e-02;6.544556e-02;5.839215e-02;7.598541e-02
1.470597e-01;3.682491e-02;1.688128e-01;6.516841e-02;1.256348e-01;1.912188e-02;1.038616e-01;5.473731e-02;3.141078e-02;7.010511e-02;7.174355e-02;1.055192e-01
1.203159e-01;5.337005e-02;1.378550e-01;6.674752e-02;1.676626e-01;1.574084e-02;1.194100e-01;6.632267e-02;2.675453e-02;4.931644e-02;8.281740e-02;9.368709e-02
1.524982e-01;6.837762e-02;9.610578e-02;6.559678e-02;1.520354e-01;2.778757e-02;1.287247e-01;7.479306e-02;1.693195e-02;3.108186e-02;1.023182e-01;8.374886e-02
1.531990e-01;5.235817e-02;1.064296e-01;6.303982e-02;1.141019e-01;5.087834e-02;9.096832e-02;6.699070e-02;6.489058e-02;6.447814e-02;9.918445e-02;7.348106e-02
6.914092e-02;3.784247e-02;6.461879e-02;4.905654e-02;1.054466e-01;7.253077e-02;1.075887e-01;8.259447e-02;1.370250e-01;1.198460e-01;8.890815e-02;6.540150e-02
5.000019e-02;5.204048e-02;9.758565e-02;4.447247e-02;1.379187e-01;6.748847e-02;1.078356e-01;8.209219e-02;1.204607e-01;1.191355e-01;6.779362e-02;5.317637e-02
3.605285e-02;7.127226e-02;1.281719e-01;4.678318e-02;1.671433e-01;5.305513e-02;9.879994e-02;7.171310e-02;1.135495e-01;1.298168e-01;4.814034e-02;3.550179e-02
5.730735e-02;6.574371e-02;2.166932e-01;5.801154e-02;1.249218e-01;3.670900e-02;7.942916e-02;5.789417e-02;9.488454e-02;1.245976e-01;3.084807e-02;5.295993e-02
1.011326e-01;2.887961e-02;3.425244e-01;5.998109e-02;6.166576e-02;4.536142e-02;5.546796e-02;4.299243e-02;5.418463e-02;7.511704e-02;5.478889e-02;7.790415e-02
8.219338e-02;3.813592e-02;3.842401e-01;4.541565e-02;5.135342e-02;4.025755e-02;5.008249e-02;3.423120e-02;4.398445e-02;4.188702e-02;8.066140e-02;1.075574e-01
6.527651e-02;5.420481e-02;3.267870e-01;4.400229e-02;5.306541e-02;3.838972e-02;3.869652e-02;4.638204e-02;4.621763e-02;6.856730e-02;9.366018e-02;1.247507e-01
9.917799e-02;7.896866e-02;1.996976e-01;5.813342e-02;7.846083e-02;3.474396e-02;5.277037e-02;6.245473e-02;4.789165e-02;8.754730e-02;8.463025e-02;1.155232e-01
1.261107e-01;6.933782e-02;1.201449e-01;6.076919e-02;1.486230e-01;6.157002e-02;8.727161e-02;6.154670e-02;4.555195e-02;8.225641e-02;7.093184e-02;6.588588e-02
9.967781e-02;6.406170e-02;1.176767e-01;5.505454e-02;1.245315e-01;5.105343e-02;1.180717e-01;4.242587e-02;1.097730e-01;1.293272e-01;4.462592e-02;4.372063e-02
7.183656e-02;6.953365e-02;1.532546e-01;7.410768e-02;6.583231e-02;6.014273e-02;7.886722e-02;4.677877e-02;1.854219e-01;1.081069e-01;5.544363e-02;3.067401e-02
5.943879e-02;6.067091e-02;1.586705e-01;6.154571e-02;7.250429e-02;6.034986e-02;8.726799e-02;7.800883e-02;1.864073e-01;8.269476e-02;5.343420e-02;3.900672e-02
5.777612e-02;6.179718e-02;1.530098e-01;5.624957e-02;7.113119e-02;5.330127e-02;9.792536e-02;1.071553e-01;1.640858e-01;9.446756e-02;3.879404e-02;4.430677e-02
5.314768e-02;5.675024e-02;1.604575e-01;6.342912e-02;6.651941e-02;4.666043e-02;9.320813e-02;1.312276e-01;1.236746e-01;1.481497e-01;2.147774e-02;3.529787e-02
1.858638e-02;3.779932e-02;3.310904e-01;6.581470e-02;6.550387e-02;3.900397e-02;9.839175e-02;1.014784e-01;6.698575e-02;1.314793e-01;1.816976e-02;2.569642e-02
3.232833e-02;5.978463e-02;4.277300e-01;7.055373e-02;6.834489e-02;4.072497e-02;9.595435e-02;5.576402e-02;3.958549e-02;7.611275e-02;1.339767e-02;1.971917e-02
6.778807e-02;1.045309e-01;4.210590e-01;8.670694e-02;5.225792e-02;4.532499e-02;6.143123e-02;3.661341e-02;4.173184e-02;4.456819e-02;2.374217e-02;1.424536e-02
1.673910e-01;1.329601e-01;3.224294e-01;7.876744e-02;4.671970e-02;3.899827e-02;3.862351e-02;3.428996e-02;4.244616e-02;3.565578e-02;4.381116e-02;1.790749e-02
2.700619e-01;1.186240e-01;1.442237e-01;5.812209e-02;5.249540e-02;3.994078e-02;5.701520e-02;4.807996e-02;4.333835e-02;5.573263e-02;5.918460e-02;5.318137e-02
1.838750e-01;7.808903e-02;1.234462e-01;8.447909e-02;3.190408e-02;5.044955e-02;1.180083e-01;4.430630e-02;4.288200e-02;7.630026e-02;6.461243e-02;1.016477e-01
1.474138e-01;4.898681e-02;1.250486e-01;1.184533e-01;3.887609e-02;5.470310e-02;1.305509e-01;3.585096e-02;4.309050e-02;7.016987e-02;5.742947e-02;1.294266e-01
2.322529e-01;7.106975e-02;1.707387e-01;6.977408e-02;7.230485e-02;4.819203e-02;8.473682e-02;6.675473e-02;3.370870e-02;4.537098e-02;3.141626e-02;7.368025e-02
2.360108e-01;1.445348e-01;1.769062e-01;3.003668e-02;9.033821e-02;2.825879e-02;4.847822e-02;9.863403e-02;5.089065e-02;2.387067e-02;3.469044e-02;3.735039e-02
1.883498e-01;2.055450e-01;2.055380e-01;2.473206e-02;5.706629e-02;2.320236e-02;2.714222e-02;8.455385e-02;1.172224e-01;1.335773e-02;3.867335e-02;1.461686e-02
1.812734e-01;2.279708e-01;1.908988e-01;2.723312e-02;1.854204e-02;1.650205e-02;2.816804e-02;7.116031e-02;1.668270e-01;1.255895e-02;5.064458e-02;8.220919e-03
2.415168e-01;1.845706e-01;1.032811e-01;1.998899e-02;4.133842e-02;6.667901e-03;3.317808e-02;9.948429e-02;1.387728e-01;1.066848e-02;1.088656e-01;1.166687e-02
3.039256e-01;1.405359e-01;5.810677e-02;1.107088e-02;5.300537e-02;4.454132e-03;2.354347e-02;1.277487e-01;7.653353e-02;7.265640e-03;1.765902e-01;1.721993e-02
3.338054e-01;1.024938e-01;7.047274e-02;6.284351e-03;5.609842e-02;6.892355e-03;2.459020e-02;1.265659e-01;5.413430e-02;7.382724e-03;1.814138e-01;2.986602e-02
3.841649e-01;7.658871e-02;9.318453e-02;7.156319e-03;7.024351e-02;9.640974e-03;2.469750e-02;1.009783e-01;5.118697e-02;7.070976e-03;1.312108e-01;4.387649e-02
3.931215e-01;1.237454e-01;1.210679e-01;1.280502e-02;7.707153e-02;9.403919e-03;1.835142e-02;4.893979e-02;5.023329e-02;9.633377e-03;8.876587e-02;4.686101e-02
3.151546e-01;1.276791e-01;1.650000e-01;2.608846e-02;6.028105e-02;1.206119e-02;3.542702e-02;5.044131e-02;4.989240e-02;2.872442e-02;8.135878e-02;4.789178e-02
2.061418e-01;1.126833e-01;1.634461e-01;4.564831e-02;3.855108e-02;2.993618e-02;4.293614e-02;8.827744e-02;5.546605e-02;7.406041e-02;9.713790e-02;4.571537e-02
1.157208e-01;1.156014e-01;1.538641e-01;6.201459e-02;4.279488e-02;5.266346e-02;4.995159e-02;9.300932e-02;6.944081e-02;1.073249e-01;8.375135e-02;5.386287e-02
1.604676e-01;1.372461e-01;1.492687e-01;5.222096e-02;5.426893e-02;5.009380e-02;4.539606e-02;7.924335e-02;6.213901e-02;1.302590e-01;3.280574e-02;4.659079e-02
1.503340e-01;1.466639e-01;1.456491e-01;5.070945e-02;6.654584e-02;4.966329e-02;4.175236e-02;8.652417e-02;4.083971e-02;1.468951e-01;4.559627e-02;2.882680e-02
1.286258e-01;1.368682e-01;1.422479e-01;5.238424e-02;6.220484e-02;6.764789e-02;7.351521e-02;6.882226e-02;3.560006e-02;1.431351e-01;6.229980e-02;2.664862e-02
9.561919e-02;1.258710e-01;1.184845e-01;8.630086e-02;5.702650e-02;7.008825e-02;7.752524e-02;6.797411e-02;7.749970e-02;1.264245e-01;5.135094e-02;4.583525e-02
7.809364e-02;1.224610e-01;8.305284e-02;1.111957e-01;6.727263e-02;4.469239e-02;7.076223e-02;7.282928e-02;1.178029e-01;1.043091e-01;4.735479e-02;8.017355e-02
1.002258e-01;9.514733e-02;9.749766e-02;1.078370e-01;6.788369e-02;3.649031e-02;7.528047e-02;7.196394e-02;1.277133e-01;7.446639e-02;3.878243e-02;1.067117e-01
8.614291e-02;7.971153e-02;2.151462e-01;7.409122e-02;5.525302e-02;6.388504e-02;7.141425e-02;7.643214e-02;1.243019e-01;6.623525e-02;4.567803e-02;4.170848e-02
8.706205e-02;1.101265e-01;2.265471e-01;5.777478e-02;3.494051e-02;6.230675e-02;4.970701e-02;6.750469e-02;1.739290e-01;7.001927e-02;3.396164e-02;2.612084e-02
1.234455e-01;1.247287e-01;1.905150e-01;4.262149e-02;3.299303e-02;4.449668e-02;4.223472e-02;8.957780e-02;1.831788e-01;5.672320e-02;4.752268e-02;2.196229e-02
2.052984e-01;1.108949e-01;1.205783e-01;2.551525e-02;4.483325e-02;2.324269e-02;4.288733e-02;1.587164e-01;1.415359e-01;3.462647e-02;7.083301e-02;2.103808e-02
2.849799e-01;6.711694e-02;7.134773e-02;1.952705e-02;4.471216e-02;8.159852e-03;7.298641e-02;2.347929e-01;5.475428e-02;4.822243e-02;6.470394e-02;2.869642e-02
2.523182e-01;3.475498e-02;6.602798e-02;2.348853e-02;1.839848e-02;1.384031e-02;1.112599e-01;2.046136e-01;3.723083e-02;1.328978e-01;4.501290e-02;6.015661e-02
1.834937e-01;2.974400e-02;4.413657e-02;3.046172e-02;1.140497e-02;1.769095e-02;1.249309e-01;1.410463e-01;5.370495e-02;2.350038e-01;3.236487e-02;9.601723e-02
1.052953e-01;4.231599e-02;3.202616e-02;4.260400e-02;1.386426e-02;2.611726e-02;9.775970e-02;1.136870e-01;5.524234e-02;2.959225e-01;5.647596e-02;1.186896e-01
8.001454e-02;4.076904e-02;8.086396e-02;5.528734e-02;1.678106e-02;3.284996e-02;5.411303e-02;1.262734e-01;6.000386e-02;2.662600e-01;7.297692e-02;1.138068e-01
9.950236e-02;3.959754e-02;1.033780e-01;5.791840e-02;2.828454e-02;4.387017e-02;9.688218e-02;1.390934e-01;6.640343e-02;1.557955e-01;9.749071e-02;7.178379e-02
1.063959e-01;5.040815e-02;8.155321e-02;5.565228e-02;4.166962e-02;6.502387e-02;1.198258e-01;1.399345e-01;5.616446e-02;1.041755e-01;1.272788e-01;5.191786e-02
8.662361e-02;7.507727e-02;7.865717e-02;5.157298e-02;3.963755e-02;5.172189e-02;1.116697e-01;1.148538e-01;5.897606e-02;1.541919e-01;1.107346e-01;6.628342e-02
7.648604e-02;7.519702e-02;1.026164e-01;4.324531e-02;4.501111e-02;3.126207e-02;1.125549e-01;1.022793e-01;6.665420e-02;1.963626e-01;8.392788e-02;6.440324e-02
8.379353e-02;7.380632e-02;9.199196e-02;4.135837e-02;4.305413e-02;3.055267e-02;1.245734e-01;1.422732e-01;5.275096e-02;1.641821e-01;8.469633e-02;6.696694e-02
5.190360e-02;5.707401e-02;7.253237e-02;3.829102e-02;6.609696e-02;5.241001e-02;1.502911e-01;1.666513e-01;5.919484e-02;1.221779e-01;8.890718e-02;7.446963e-02
3.443176e-02;5.303891e-02;8.567091e-02;3.294987e-02;8.540092e-02;5.820632e-02;1.091163e-01;1.158408e-01;8.810251e-02;1.451561e-01;1.357290e-01;5.635661e-02
6.392846e-02;5.557488e-02;1.117035e-01;4.083101e-02;7.062095e-02;3.888984e-02;5.978182e-02;6.861476e-02;9.482556e-02;1.030238e-01;2.047256e-01;8.747984e-02
1.756625e-01;7.551350e-02;1.402080e-01;3.883515e-02;3.287476e-02;3.254789e-02;6.506829e-02;7.010850e-02;6.721596e-02;7.522472e-02;1.413595e-01;8.538124e-02
2.719990e-01;9.615252e-02;1.505140e-01;4.292120e-02;2.352358e-02;3.773641e-02;6.904477e-02;7.849067e-02;3.106043e-02;6.855597e-02;5.434972e-02;7.565179e-02
3.332127e-01;8.971169e-02;1.978685e-01;2.632784e-02;3.009700e-02;2.675981e-02;4.307836e-02;1.041898e-01;1.901931e-02;3.811056e-02;4.394463e-02;4.767984e-02
3.937177e-01;8.948133e-02;2.350032e-01;1.110994e-02;3.056461e-02;1.115838e-02;1.701918e-02;1.203508e-01;1.146798e-02;1.172180e-02;3.588320e-02;3.252179e-02
4.451056e-01;9.663171e-02;2.320174e-01;6.659267e-03;2.010637e-02;2.879504e-03;6.210514e-03;1.192999e-01;5.527815e-03;4.836519e-03;2.666564e-02;3.405972e-02
4.938913e-01;1.053088e-01;1.938837e-01;4.620285e-03;1.378830e-02;6.697284e-03;1.295155e-02;9.660583e-02;9.228567e-03;7.495122e-03;1.523891e-02;4.029036e-02
5.516469e-01;1.257314e-01;1.131693e-01;5.816526e-03;1.190921e-02;1.646947e-02;1.836615e-02;5.950565e-02;1.782360e-02;1.335610e-02;1.066938e-02;5.553621e-02
5.865702e-01;1.303837e-01;4.409119e-02;1.285248e-02;1.041832e-02;3.176166e-02;2.249031e-02;3.445661e-02;2.513977e-02;2.135735e-02;8.358235e-03;7.212017e-02
5.695601e-01;1.241833e-01;2.966565e-02;1.436743e-02;1.129572e-02;4.343675e-02;2.871792e-02;3.391968e-02;2.666262e-02;2.626730e-02;1.090933e-02;8.101423e-02
5.539150e-01;1.035104e-01;3.880330e-02;9.832010e-03;8.458436e-03;5.269108e-02;2.782126e-02;4.302744e-02;2.678589e-02;2.969646e-02;1.312973e-02;9.232906e-02
5.686378e-01;5.733069e-02;5.253085e-02;1.229726e-02;8.157225e-03;5.013261e-02;2.320956e-02;6.099528e-02;2.881588e-02;2.947494e-02;1.317634e-02;9.524165e-02
5.795227e-01;7.214758e-02;8.501463e-02;1.046352e-02;1.158905e-02;2.662738e-02;1.617669e-02;7.292160e-02;1.898476e-02;1.955189e-02;1.289556e-02;7.410472e-02
5.882804e-01;9.554850e-02;9.407756e-02;8.695750e-03;1.291415e-02;9.077054e-03;1.708182e-02;7.423724e-02;1.066931e-02;1.033073e-02;1.819181e-02;6.089563e-02
6.035843e-01;1.085306e-01;7.765033e-02;9.002936e-03;2.224839e-02;5.731902e-03;1.932492e-02;6.994513e-02;5.887397e-03;7.061132e-03;1.188997e-02;5.914294e-02
5.739360e-01;1.336454e-01;8.825118e-02;1.244260e-02;2.333020e-02;6.859842e-03;1.989334e-02;5.682217e-02;5.070163e-03;7.299886e-03;1.397093e-02;5.847827e-02
5.422731e-01;1.592633e-01;1.034229e-01;1.164438e-02;2.188538e-02;7.430341e-03;1.735047e-02;4.282783e-02;9.038450e-03;7.737880e-03;1.671932e-02;6.040661e-02
5.114748e-01;1.824236e-01;1.274217e-01;8.741644e-03;1.690629e-02;8.456921e-03;1.090908e-02;3.384227e-02;1.134629e-02;1.131056e-02;2.227065e-02;5.489619e-02
4.412814e-01;1.814486e-01;1.695603e-01;1.277252e-02;8.962139e-03;7.623556e-03;1.879630e-02;3.829447e-02;1.054175e-02;1.184956e-02;3.957982e-02;5.928961e-02
3.775888e-01;1.697703e-01;2.044813e-01;1.789137e-02;1.734342e-02;9.834046e-03;2.521240e-02;4.060730e-02;1.103677e-02;1.739059e-02;3.881101e-02;7.003269e-02
