7.252961e-02;4.558430e-02;1.053529e-01;9.646524e-02;7.280853e-02;9.069812e-02;1.415947e-01;5.465893e-02;1.224876e-01;8.269820e-02;4.925738e-02;6.586450e-02
7.240065e-02;4.356433e-02;1.068057e-01;9.048646e-02;9.491155e-02;9.120797e-02;1.430859e-01;5.072438e-02;1.100233e-01;9.157135e-02;5.503814e-02;5.018025e-02
8.967170e-02;6.181345e-02;1.126449e-01;5.920394e-02;1.175597e-01;8.476090e-02;1.336826e-01;7.001458e-02;4.602724e-02;7.787299e-02;6.117401e-02;8.557384e-02
8.911243e-02;5.412724e-02;9.373102e-02;3.691782e-02;9.941496e-02;1.235188e-01;9.758016e-02;1.223987e-01;5.989169e-02;6.811814e-02;6.016340e-02;9.502561e-02
5.435798e-02;4.739340e-02;1.041923e-01;6.925821e-02;8.368922e-02;1.075382e-01;1.102795e-01;1.157220e-01;1.045090e-01;6.990027e-02;4.820310e-02;8.495690e-02
5.186066e-02;4.610987e-02;1.483669e-01;8.859823e-02;8.100683e-02;6.949853e-02;1.479993e-01;8.739378e-02;9.287402e-02;5.420651e-02;6.146158e-02;7.062384e-02
7.315306e-02;4.090126e-02;1.432588e-01;5.785846e-02;1.122312e-01;8.354686e-02;1.005827e-01;1.000237e-01;9.224071e-02;1.059633e-01;6.022751e-02;3.001251e-02
6.376307e-02;6.488818e-02;1.705308e-01;5.781373e-02;6.962661e-02;7.842638e-02;9.410480e-02;6.892261e-02;1.180272e-01;1.047639e-01;5.308190e-02;5.605077e-02
9.390336e-02;6.710706e-02;1.822833e-01;9.704977e-02;5.881247e-02;3.092811e-02;9.408598e-02;6.457467e-02;7.322154e-02;6.139198e-02;7.391508e-02;1.027267e-01
9.506325e-02;4.370043e-02;1.715356e-01;1.024545e-01;6.847551e-02;2.534475e-02;1.057408e-01;7.177702e-02;6.034132e-02;5.612449e-02;8.683389e-02;1.126084e-01
5.793045e-02;4.611782e-02;1.783558e-01;8.857662e-02;7.534563e-02;3.555942e-02;1.130387e-01;5.642635e-02;1.012104e-01;6.020575e-02;9.328876e-02;9.394427e-02
5.477682e-02;7.343501e-02;1.889534e-01;6.333674e-02;7.358897e-02;2.979135e-02;9.084130e-02;6.009123e-02;1.347058e-01;6.621218e-02;1.136934e-01;5.057377e-02
5.997531e-02;8.890156e-02;1.554179e-01;4.035844e-02;7.363481e-02;6.018996e-02;5.585760e-02;4.903067e-02;1.225853e-01;9.992981e-02;1.622965e-01;3.182212e-02
7.049309e-02;8.123337e-02;1.254649e-01;3.393283e-02;4.933125e-02;8.633646e-02;3.852542e-02;3.875165e-02;8.257107e-02;1.382409e-01;2.101314e-01;4.498774e-02
6.017318e-02;7.493946e-02;1.005435e-01;2.962478e-02;3.187541e-02;1.056593e-01;3.683037e-02;4.335886e-02;5.193786e-02;1.534518e-01;2.602232e-01;5.138229e-02
3.432548e-02;5.356059e-02;9.858172e-02;2.869266e-02;5.079284e-02;1.268514e-01;4.331987e-02;3.026216e-02;4.159363e-02;1.546658e-01;3.115518e-01;2.580206e-02
2.513560e-02;2.636573e-02;1.240280e-01;3.948699e-02;7.091231e-02;1.164643e-01;6.809472e-02;2.514991e-02;4.085118e-02;1.617103e-01;2.748012e-01;2.699976e-02
3.465930e-02;2.897988e-02;1.343061e-01;6.522996e-02;7.986206e-02;8.804694e-02;8.032583e-02;3.197248e-02;6.822357e-02;1.533353e-01;2.091932e-01;2.586539e-02
5.782292e-02;7.052093e-02;1.501581e-01;5.849228e-02;8.389280e-02;7.136933e-02;7.496268e-02;4.253305e-02;1.089579e-01;1.039428e-01;1.339253e-01;4.342190e-02
4.877878e-02;7.672647e-02;1.536692e-01;3.085415e-02;7.148240e-02;9.113409e-02;7.074022e-02;4.192141e-02;1.057936e-01;1.110638e-01;1.414878e-01;5.634807e-02
6.501841e-02;3.475895e-02;1.544132e-01;4.514837e-02;6.228322e-02;9.752848e-02;7.529718e-02;2.914644e-02;9.853779e-02;1.379847e-01;1.462126e-01;5.367068e-02
3.716796e-02;3.426627e-02;1.569186e-01;6.600020e-02;5.591040e-02;1.023074e-01;6.049533e-02;3.984589e-02;8.284777e-02;1.654643e-01;1.545587e-01;4.421725e-02
5.859892e-02;4.792815e-02;1.222751e-01;6.134184e-02;6.058911e-02;9.274166e-02;7.957926e-02;5.047863e-02;8.189776e-02;1.612744e-01;1.452957e-01;3.799944e-02
6.189162e-02;5.512464e-02;1.272307e-01;4.679838e-02;5.833976e-02;8.490177e-02;1.065331e-01;4.346912e-02;7.978595e-02;1.624593e-01;1.389033e-01;3.456240e-02
4.951287e-02;5.554919e-02;1.045557e-01;4.255665e-02;5.248515e-02;1.071499e-01;1.083286e-01;5.887904e-02;6.567706e-02;1.382295e-01;1.688175e-01;4.825867e-02
8.613255e-02;7.507804e-02;1.340058e-01;1.332579e-01;9.031302e-02;4.938217e-02;6.760450e-02;5.056168e-02;9.431050e-02;5.763680e-02;7.989654e-02;8.182053e-02
8.583038e-02;6.635215e-02;1.214086e-01;1.570166e-01;9.642769e-02;3.421087e-02;7.836087e-02;6.330682e-02;9.607062e-02;5.382894e-02;6.658160e-02;8.060476e-02
8.534152e-02;5.470208e-02;1.092942e-01;1.736687e-01;1.140277e-01;2.881679e-02;8.461118e-02;7.262307e-02;9.634884e-02;4.804688e-02;5.442705e-02;7.809198e-02
8.031348e-02;4.823365e-02;8.916800e-02;1.747652e-01;1.382719e-01;3.505681e-02;9.007496e-02;8.054601e-02;9.462897e-02;4.229685e-02;5.129552e-02;7.534859e-02
7.825771e-02;4.926811e-02;1.522056e-01;1.296472e-01;1.264866e-01;6.555233e-02;8.575035e-02;9.040863e-02;6.692436e-02;3.448242e-02;6.637572e-02;5.464092e-02
1.208411e-01;8.364110e-02;2.547269e-01;4.991389e-02;7.407219e-02;3.689690e-02;9.064918e-02;7.264817e-02;6.280546e-02;5.051034e-02;6.694690e-02;3.634788e-02
1.000868e-01;7.187906e-02;2.016096e-01;7.016718e-02;6.960647e-02;5.740112e-02;1.304559e-01;5.112575e-02;5.528495e-02;4.098802e-02;8.984282e-02;6.155238e-02
6.856991e-02;4.976102e-02;1.654839e-01;6.516510e-02;6.197765e-02;9.330231e-02;1.677014e-01;3.613430e-02;4.237559e-02;3.131963e-02;1.378457e-01;8.036349e-02
2.791835e-02;2.302309e-02;1.623145e-01;3.388438e-02;3.916830e-02;1.602859e-01;1.935547e-01;7.179374e-03;2.790433e-02;2.911736e-02;2.271415e-01;6.850816e-02
1.982185e-02;1.105416e-02;2.024543e-01;1.127434e-02;1.967118e-02;1.962709e-01;1.677007e-01;4.152848e-03;2.268087e-02;1.991333e-02;2.724144e-01;5.259119e-02
9.819610e-03;1.380165e-02;2.042070e-01;1.057983e-02;8.489262e-03;2.194568e-01;1.359143e-01;5.594736e-03;2.093851e-02;2.466989e-02;3.011365e-01;4.539191e-02
1.126178e-02;8.467173e-03;2.139754e-01;7.076135e-03;1.739329e-02;2.404969e-01;9.247329e-02;3.384334e-03;1.977899e-02;2.539349e-02;3.305052e-01;2.979402e-02
1.108220e-02;5.561767e-03;2.176967e-01;5.021471e-03;2.280509e-02;2.545616e-01;6.225383e-02;5.139935e-03;2.123635e-02;2.400928e-02;3.430038e-01;2.762787e-02
7.884279e-03;5.974014e-03;2.229103e-01;5.606279e-03;2.140313e-02;2.469502e-01;6.284650e-02;4.496052e-03;2.147253e-02;2.275988e-02;3.467299e-01;3.096684e-02
7.104967e-03;1.134307e-02;2.266025e-01;8.189819e-03;1.124719e-02;2.292789e-01;6.477855e-02;6.336632e-03;2.827214e-02;2.256316e-02;3.465037e-01;3.777928e-02
1.857569e-02;2.022349e-02;1.843998e-01;2.139346e-02;2.273940e-02;1.770050e-01;1.134929e-01;9.560464e-03;3.971128e-02;2.217234e-02;2.842916e-01;8.643458e-02
1.838779e-02;2.112358e-02;1.182990e-01;3.804206e-02;3.292654e-02;1.151446e-01;2.148839e-01;1.336279e-02;4.111369e-02;1.794653e-02;1.919259e-01;1.768437e-01
1.963210e-02;3.982105e-02;5.484249e-02;7.751463e-02;2.810892e-02;8.020233e-02;2.802213e-01;2.894552e-02;3.010387e-02;3.137118e-02;9.992855e-02;2.293081e-01
4.069364e-02;6.219592e-02;3.765370e-02;8.011223e-02;3.786584e-02;7.770926e-02;2.680888e-01;5.954640e-02;3.764719e-02;6.007255e-02;4.238814e-02;1.960264e-01
8.239970e-02;6.357160e-02;6.064279e-02;5.200033e-02;3.008353e-02;1.010265e-01;2.087061e-01;1.138331e-01;3.439654e-02;8.644632e-02;4.319984e-02;1.236937e-01
1.235557e-01;5.268694e-02;1.083963e-01;3.204864e-02;3.275961e-02;9.501698e-02;1.401069e-01;1.646748e-01;2.258960e-02;8.326183e-02;8.465520e-02;6.024756e-02
1.271939e-01;8.994207e-02;1.201828e-01;4.759575e-02;4.820639e-02;3.207028e-02;1.107877e-01;1.417496e-01;1.236622e-01;5.375870e-02;8.970238e-02;1.514819e-02
7.990822e-02;1.509830e-01;1.252631e-01;4.666475e-02;2.862351e-02;5.553369e-02;6.112994e-02;8.186259e-02;2.467072e-01;4.174598e-02;5.603541e-02;2.554264e-02
3.766302e-02;1.340964e-01;2.346992e-01;2.981387e-02;1.815844e-02;5.249108e-02;3.606448e-02;4.713874e-02;2.347088e-01;1.143364e-01;4.003455e-02;2.079499e-02
2.998386e-02;6.304891e-02;3.056336e-01;4.714850e-02;2.410928e-02;2.530713e-02;5.963344e-02;3.585341e-02;1.206016e-01;1.753564e-01;8.746531e-02;2.585863e-02
4.356492e-02;4.449120e-02;2.082141e-01;7.882762e-02;7.675271e-02;3.355988e-02;6.938400e-02;6.281184e-02;5.112089e-02;1.144611e-01;1.366304e-01;8.018139e-02
6.771836e-02;5.240454e-02;1.205428e-01;4.615139e-02;1.074751e-01;6.560056e-02;1.583422e-01;5.390613e-02;7.275286e-02;5.837343e-02;8.584148e-02;1.108911e-01
8.958779e-02;6.399892e-02;8.217143e-02;1.977495e-02;7.561588e-02;7.582298e-02;3.039582e-01;7.179454e-02;6.680904e-02;5.959282e-02;2.509394e-02;6.577948e-02
5.808489e-02;7.085671e-02;1.005759e-01;2.159986e-02;4.235958e-02;5.159127e-02;3.007515e-01;1.240976e-01;1.043677e-01;7.629094e-02;2.357024e-02;2.585375e-02
3.459624e-02;4.446958e-02;9.564424e-02;5.486916e-02;3.929029e-02;3.084092e-02;1.469528e-01;1.276168e-01;2.284766e-01;1.419109e-01;3.003307e-02;2.529939e-02
2.443536e-02;2.297903e-02;4.753399e-02;5.829905e-02;5.157509e-02;3.145123e-02;1.240506e-01;6.087127e-02;2.383317e-01;2.551807e-01;6.121035e-02;2.408171e-02
4.033361e-02;3.222894e-02;5.682401e-02;3.520428e-02;5.927517e-02;3.541891e-02;1.234037e-01;3.685490e-02;1.327960e-01;3.237077e-01;9.280003e-02;3.115266e-02
6.453928e-02;3.992758e-02;7.227520e-02;4.661091e-02;5.899025e-02;3.438503e-02;1.303749e-01;5.559224e-02;7.681155e-02;3.070198e-01;8.210691e-02;3.136638e-02
6.466652e-02;3.854849e-02;9.599473e-02;5.520855e-02;5.895470e-02;4.652083e-02;1.852882e-01;9.576254e-02;1.162267e-01;1.912290e-01;3.355381e-02;1.804594e-02
4.422364e-02;2.235916e-02;8.203103e-02;2.836829e-02;4.312589e-02;3.603766e-02;1.865360e-01;1.019152e-01;2.302247e-01;1.471347e-01;5.228679e-02;2.575702e-02
3.265101e-02;2.438264e-02;9.010716e-02;2.132373e-02;3.931212e-02;1.573561e-02;2.009359e-01;9.660211e-02;2.673228e-01;1.321611e-01;3.974466e-02;3.972124e-02
1.694121e-02;2.680839e-02;1.083293e-01;2.844756e-02;2.972503e-02;1.899043e-02;2.693880e-01;1.310016e-01;1.923426e-01;1.040527e-01;2.576545e-02;4.820760e-02
2.125583e-02;5.492095e-02;9.368315e-02;1.635532e-02;2.929647e-02;3.176429e-02;3.810038e-01;1.373668e-01;9.109122e-02;6.758134e-02;3.770778e-02;3.797298e-02
3.587892e-02;7.865964e-02;5.436183e-02;2.022205e-02;3.956460e-02;6.613741e-02;4.339271e-01;7.867401e-02;6.556363e-02;5.585549e-02;4.549595e-02;2.565935e-02
6.815445e-02;6.360711e-02;6.959707e-02;2.862417e-02;7.384746e-02;1.108406e-01;3.454421e-01;4.374504e-02;6.573981e-02;7.735784e-02;3.179426e-02;2.125009e-02
7.816806e-02;3.964711e-02;1.340680e-01;4.075504e-02;1.448386e-01;1.221411e-01;1.863253e-01;2.397541e-02;9.722397e-02;8.422236e-02;1.906321e-02;2.957186e-02
5.817048e-02;3.156856e-02;2.136379e-01;5.784587e-02;1.690073e-01;9.250636e-02;1.331214e-01;3.549236e-02;9.400967e-02;5.599227e-02;1.296493e-02;4.568291e-02
3.909343e-02;4.143666e-02;3.134979e-01;9.014130e-02;1.406428e-01;5.673281e-02;9.962916e-02;4.401587e-02;5.641724e-02;4.186877e-02;2.656529e-02;4.995874e-02
3.628834e-02;3.728451e-02;4.301497e-01;1.018969e-01;1.118879e-01;3.572390e-02;4.936549e-02;3.197157e-02;3.784236e-02;4.082462e-02;5.270310e-02;3.406164e-02
2.528673e-02;2.758192e-02;5.183202e-01;8.971755e-02;9.446692e-02;2.841137e-02;3.684196e-02;2.493452e-02;3.012108e-02;4.128781e-02;5.902424e-02;2.400566e-02
4.245951e-02;3.430064e-02;5.148282e-01;5.985048e-02;8.329280e-02;3.347149e-02;5.905357e-02;2.471504e-02;2.467300e-02;4.795156e-02;4.207667e-02;3.332708e-02
4.101149e-02;5.692948e-02;5.075498e-01;4.590435e-02;6.108293e-02;5.090167e-02;6.066195e-02;2.571269e-02;2.801085e-02;7.269248e-02;2.825810e-02;2.128417e-02
3.907734e-02;4.813087e-02;4.200459e-01;4.855844e-02;4.253608e-02;6.433723e-02;9.580211e-02;2.844300e-02;7.058952e-02;8.998627e-02;2.053657e-02;3.195674e-02
6.359958e-02;5.974500e-02;2.678413e-01;4.336402e-02;4.987231e-02;6.158334e-02;1.091854e-01;3.917512e-02;1.147707e-01;9.302509e-02;3.272804e-02;6.511011e-02
1.015471e-01;9.629633e-02;1.894380e-01;7.458631e-02;2.738905e-02;5.241537e-02;1.001091e-01;5.226462e-02;1.226779e-01;8.762258e-02;3.584363e-02;5.981000e-02
9.030722e-02;8.842619e-02;2.393496e-01;9.669819e-02;3.846212e-02;4.410283e-02;1.111373e-01;4.750230e-02;7.254290e-02;7.788988e-02;5.124583e-02;4.233568e-02
8.899705e-02;8.204199e-02;2.331536e-01;7.599744e-02;5.785341e-02;5.944380e-02;9.384159e-02;6.507557e-02;5.004170e-02;5.222041e-02;8.823139e-02;5.310206e-02
1.262570e-01;9.175786e-02;1.702549e-01;5.288529e-02;6.954702e-02;6.440274e-02;1.054059e-01;6.657054e-02;5.610452e-02;5.001087e-02;1.107786e-01;3.602474e-02
1.419065e-01;1.055522e-01;8.928770e-02;4.286994e-02;6.937189e-02;4.599717e-02;1.381567e-01;4.409933e-02;6.435097e-02;7.514691e-02;9.463535e-02;8.862537e-02
9.644664e-02;1.002721e-01;1.102817e-01;5.308704e-02;5.403450e-02;7.707392e-02;1.333199e-01;4.750487e-02;6.353862e-02;9.804893e-02;6.758793e-02;9.880382e-02
5.491737e-02;1.080553e-01;1.591584e-01;4.941640e-02;4.680991e-02;5.498681e-02;1.059232e-01;7.692748e-02;8.853419e-02;1.044063e-01;5.777847e-02;9.308609e-02
4.435434e-02;1.171598e-01;1.468838e-01;6.656358e-02;5.581389e-02;4.129178e-02;1.040195e-01;6.827392e-02;9.822682e-02;8.775744e-02;6.753236e-02;1.021227e-01
8.657891e-02;8.707679e-02;1.079265e-01;6.819812e-02;5.111942e-02;6.179828e-02;9.297982e-02;6.545182e-02;9.186306e-02;6.761146e-02;8.207176e-02;1.373240e-01
1.180660e-01;7.374480e-02;1.112587e-01;5.864248e-02;7.507119e-02;4.916900e-02;6.680058e-02;6.992563e-02;9.597878e-02;6.558577e-02;1.009925e-01;1.147645e-01
8.427771e-02;9.025618e-02;9.509997e-02;5.335257e-02;7.736550e-02;7.204898e-02;7.355247e-02;7.114705e-02;1.162218e-01;8.753515e-02;1.105241e-01;6.861853e-02
7.037590e-02;9.876735e-02;1.003028e-01;5.959079e-02;8.152195e-02;7.491461e-02;1.166733e-01;8.653218e-02;1.281317e-01;6.086289e-02;6.139749e-02;6.092899e-02
8.258925e-02;9.063321e-02;9.622552e-02;8.919601e-02;6.935648e-02;5.247191e-02;7.754742e-02;9.111784e-02;1.139814e-01;8.137736e-02;9.512328e-02;6.038036e-02
4.524174e-02;4.452084e-02;3.215612e-01;6.658389e-02;7.747632e-02;4.042083e-02;1.253314e-01;5.940773e-02;5.752669e-02;6.978094e-02;4.972501e-02;4.242333e-02
5.854925e-02;5.267422e-02;3.983382e-01;5.133989e-02;9.083834e-02;5.313938e-02;1.669890e-01;3.287280e-02;1.986187e-02;3.516110e-02;1.402660e-02;2.620937e-02
5.159566e-02;5.153008e-02;3.917180e-01;5.811344e-02;8.082180e-02;4.982069e-02;1.984953e-01;2.999267e-02;2.612188e-02;2.533396e-02;1.546957e-02;2.098698e-02
2.400417e-02;6.223181e-02;3.960762e-01;5.986740e-02;6.822416e-02;2.356295e-02;2.384539e-01;3.649698e-02;2.712822e-02;2.228123e-02;1.913001e-02;2.254302e-02
8.446310e-02;6.710935e-02;2.617562e-01;6.218884e-02;7.661904e-02;3.849354e-02;2.685412e-01;3.610779e-02;2.301305e-02;2.811232e-02;2.577934e-02;2.781617e-02
1.423834e-01;4.746366e-02;2.108469e-01;5.712233e-02;5.990265e-02;5.873010e-02;2.351415e-01;2.784453e-02;1.929007e-02;4.834344e-02;4.468944e-02;4.824204e-02
1.502926e-01;8.448099e-02;1.147901e-01;4.494327e-02;4.679757e-02;4.781693e-02;2.399814e-01;3.179221e-02;2.023101e-02;5.714136e-02;6.668887e-02;9.504364e-02
9.231483e-02;7.009453e-02;1.551187e-01;4.155415e-02;5.893249e-02;5.270051e-02;1.690081e-01;4.722525e-02;3.568825e-02;6.494056e-02;1.230721e-01;8.935055e-02
5.401675e-02;3.051737e-02;2.174258e-01;2.890368e-02;5.551093e-02;7.310888e-02;6.860528e-02;6.952354e-02;5.872874e-02;9.611312e-02;1.744769e-01;7.306901e-02
3.686336e-02;3.474716e-02;2.185741e-01;3.335458e-02;2.505913e-02;7.125919e-02;8.954715e-02;6.622647e-02;6.283241e-02;8.533681e-02;2.042461e-01;7.195347e-02
4.590554e-02;4.626738e-02;1.747074e-01;1.952752e-02;3.356696e-02;7.783037e-02;1.170380e-01;3.833681e-02;4.225048e-02;7.428557e-02;2.427162e-01;8.756778e-02
4.452766e-02;4.013906e-02;1.479699e-01;1.492091e-02;3.152480e-02;7.551919e-02;1.563620e-01;2.079016e-02;3.839094e-02;5.741977e-02;2.477388e-01;1.246969e-01
7.614212e-02;2.400317e-02;8.668266e-02;1.623574e-02;3.319965e-02;7.717600e-02;1.953099e-01;1.934735e-02;3.213385e-02;5.707110e-02;2.029216e-01;1.797768e-01
8.004434e-02;1.634882e-02;4.756875e-02;4.065831e-02;2.299659e-02;7.596827e-02;2.180150e-01;2.235473e-02;2.213165e-02;4.971813e-02;1.519598e-01;2.522356e-01
6.841553e-02;1.622387e-02;7.057773e-02;4.764350e-02;1.170175e-02;5.546461e-02;2.292780e-01;1.915295e-02;2.176693e-02;4.009216e-02;9.906504e-02;3.206179e-01
5.733317e-02;2.248306e-02;6.753384e-02;3.750275e-02;8.133281e-03;4.555389e-02;2.141181e-01;3.205537e-02;3.358129e-02;2.868555e-02;1.180007e-01;3.350189e-01
6.052788e-02;2.976653e-02;5.822225e-02;3.086814e-02;9.765379e-03;4.195986e-02;1.913822e-01;1.691087e-02;4.194938e-02;3.306162e-02;1.679121e-01;3.176738e-01
5.015359e-02;2.070450e-02;3.859520e-02;2.591430e-02;7.970498e-03;4.988034e-02;1.897116e-01;2.495323e-02;6.841958e-02;4.456894e-02;1.930150e-01;2.861132e-01
5.655147e-02;2.460927e-02;7.426086e-02;2.874571e-02;1.938252e-02;7.153448e-02;1.704267e-01;1.114323e-02;9.419464e-02;5.484768e-02;1.934061e-01;2.008973e-01
4.452671e-02;2.386600e-02;1.057629e-01;3.027682e-02;2.937985e-02;9.761182e-02;1.465660e-01;1.739355e-02;9.807257e-02;8.565651e-02;2.030867e-01;1.178006e-01
5.530685e-02;2.773964e-02;1.326047e-01;3.571880e-02;5.624399e-02;9.036701e-02;1.235187e-01;4.294153e-02;5.335424e-02;1.266711e-01;1.922093e-01;6.332418e-02
7.160793e-02;4.719457e-02;5.387808e-02;3.484820e-02;6.478570e-02;6.348201e-02;1.666716e-01;8.111434e-02;8.943509e-02;1.285504e-01;1.376011e-01;6.083100e-02
4.816884e-02;6.901517e-02;6.123926e-02;3.451888e-02;4.679585e-02;6.731332e-02;1.962500e-01;8.834283e-02;1.736799e-01;9.191130e-02;7.219054e-02;5.057402e-02
5.035473e-02;6.096391e-02;1.055497e-01;3.665257e-02;3.980995e-02;6.819651e-02;1.413640e-01;3.741822e-02;2.277267e-01;1.081624e-01;7.639772e-02;4.740352e-02
6.986027e-02;4.585621e-02;9.995482e-02;3.341493e-02;4.010480e-02;6.826501e-02;9.851508e-02;9.232149e-02;2.349605e-01;6.263429e-02;9.917925e-02;5.493339e-02
8.928694e-02;5.209687e-02;5.023925e-02;2.976200e-02;3.034066e-02;4.353280e-02;1.543283e-01;1.047411e-01;2.306081e-01;6.447195e-02;7.636520e-02;7.422684e-02
6.683747e-02;4.774697e-02;5.944077e-02;2.988681e-02;2.436298e-02;5.492100e-02;1.244795e-01;1.263763e-01;1.936119e-01;1.110882e-01;7.856999e-02;8.267806e-02
3.488336e-02;3.864622e-02;7.791934e-02;3.466281e-02;5.147543e-02;6.874277e-02;1.316916e-01;1.284695e-01;1.520607e-01;1.317122e-01;5.323040e-02;9.650567e-02
7.951695e-02;6.723369e-02;1.094842e-01;4.857899e-02;5.040029e-02;6.616686e-02;1.144136e-01;8.529317e-02;1.179534e-01;1.063084e-01;6.704150e-02;8.760885e-02
1.202077e-01;8.044189e-02;1.479890e-01;5.624809e-02;3.069003e-02;5.407576e-02;1.137178e-01;8.074466e-02;8.062384e-02;7.631914e-02;8.687423e-02;7.206780e-02
1.059199e-01;9.790424e-02;2.427189e-01;8.186228e-02;6.266732e-02;4.779257e-02;1.036182e-01;3.530769e-02;5.559037e-02;5.324779e-02;6.188310e-02;5.148764e-02
8.930009e-02;1.051059e-01;2.961320e-01;6.394622e-02;6.575610e-02;4.244320e-02;8.700247e-02;1.444963e-02;6.843004e-02;5.008945e-02;6.853357e-02;4.881130e-02
8.471756e-02;1.417408e-01;2.660680e-01;6.620840e-02;5.679170e-02;3.793407e-02;8.301404e-02;2.340995e-02;7.623130e-02;4.616730e-02;6.488086e-02;5.283596e-02
1.414083e-01;1.698134e-01;1.920191e-01;5.987987e-02;5.243987e-02;5.693699e-02;6.643040e-02;5.263304e-02;7.826417e-02;2.814598e-02;5.803629e-02;4.399262e-02
1.615515e-01;1.603817e-01;1.526283e-01;5.177922e-02;5.975848e-02;8.968177e-02;6.056303e-02;5.292193e-02;8.167793e-02;2.252329e-02;7.528629e-02;3.124659e-02
1.379679e-01;1.335520e-01;1.334885e-01;5.054998e-02;6.973895e-02;1.210399e-01;6.779497e-02;2.144261e-02;8.717023e-02;3.546334e-02;1.000717e-01;4.171993e-02
1.676014e-01;9.337114e-02;1.281542e-01;3.206568e-02;6.071134e-02;8.055234e-02;9.350336e-02;8.562994e-02;6.730243e-02;4.870837e-02;1.099064e-01;3.249337e-02
2.033747e-01;8.947429e-02;1.166249e-01;2.395538e-02;6.839561e-02;4.060982e-02;7.816602e-02;1.169904e-01;6.243771e-02;6.750692e-02;1.117046e-01;2.075965e-02
2.131813e-01;1.004043e-01;1.210314e-01;2.491665e-02;7.025495e-02;2.700060e-02;5.601307e-02;1.251495e-01;8.609795e-02;6.262098e-02;8.745960e-02;2.586967e-02
1.989636e-01;1.080597e-01;1.398501e-01;2.417869e-02;6.496638e-02;2.357244e-02;7.680380e-02;1.189989e-01;9.054631e-02;4.771424e-02;6.520208e-02;4.114375e-02
1.444999e-01;1.178286e-01;1.283187e-01;4.287995e-02;6.277210e-02;3.584520e-02;1.209676e-01;7.727608e-02;7.423794e-02;5.312686e-02;5.265434e-02;8.959261e-02
1.781766e-01;1.163090e-01;1.337062e-01;2.609092e-02;4.561736e-02;2.206326e-02;9.371693e-02;1.144719e-01;1.172364e-01;4.624716e-02;4.518947e-02;6.117477e-02
2.217154e-01;1.450684e-01;1.431104e-01;1.436252e-02;3.448893e-02;1.185163e-02;3.432364e-02;1.293880e-01;1.692716e-01;3.762223e-02;3.723092e-02;2.156625e-02
2.150763e-01;1.849096e-01;1.464042e-01;1.205931e-02;2.143973e-02;1.046640e-02;2.479059e-02;1.074247e-01;1.981108e-01;3.857344e-02;2.906784e-02;1.167696e-02
2.386848e-01;1.852223e-01;1.407735e-01;1.209951e-02;2.304764e-02;1.050649e-02;2.586053e-02;1.089271e-01;1.801214e-01;3.448249e-02;2.555527e-02;1.471892e-02
2.839232e-01;1.498020e-01;1.604086e-01;1.080887e-02;2.893795e-02;5.969619e-03;2.916125e-02;1.248083e-01;1.280769e-01;2.270280e-02;2.851569e-02;2.688482e-02
3.002217e-01;1.308306e-01;1.755549e-01;1.120224e-02;3.102661e-02;1.010790e-02;4.357448e-02;1.087103e-01;8.726256e-02;2.142156e-02;3.412844e-02;4.595872e-02
3.043966e-01;1.158209e-01;1.660196e-01;1.834173e-02;2.914148e-02;2.248698e-02;6.619366e-02;6.205129e-02;6.966964e-02;4.428643e-02;4.956859e-02;5.202307e-02
2.986990e-01;1.259659e-01;1.763892e-01;2.414561e-02;2.587065e-02;2.464721e-02;6.621175e-02;3.033316e-02;8.718106e-02;5.368862e-02;5.000538e-02;3.686244e-02
2.824381e-01;1.355124e-01;1.964619e-01;1.305659e-02;2.170223e-02;2.185042e-02;4.617164e-02;7.432319e-02;9.564826e-02;4.281176e-02;3.573375e-02;3.428971e-02
2.744718e-01;1.235217e-01;1.897574e-01;2.078164e-02;3.615846e-02;1.755056e-02;3.654977e-02;8.392976e-02;7.738870e-02;5.828162e-02;3.009940e-02;5.150915e-02
2.198957e-01;1.452608e-01;1.774322e-01;3.668462e-02;4.846437e-02;3.191280e-02;4.213779e-02;7.342387e-02;6.645536e-02;6.943127e-02;3.115486e-02;5.774628e-02
1.772221e-01;1.579279e-01;1.732009e-01;4.276702e-02;4.236685e-02;5.947416e-02;5.245764e-02;6.288199e-02;6.107238e-02;7.804936e-02;4.250802e-02;5.007165e-02
9.522951e-02;1.114766e-01;1.304644e-01;5.459371e-02;4.068992e-02;7.657995e-02;1.000257e-01;1.126110e-01;7.818060e-02;8.495403e-02;5.824430e-02;5.695027e-02
6.944612e-02;9.997787e-02;1.374601e-01;5.686953e-02;5.441209e-02;7.546259e-02;1.195973e-01;1.146661e-01;9.104860e-02;7.911015e-02;5.013469e-02;5.181494e-02
7.007849e-02;1.196891e-01;1.322915e-01;6.322051e-02;5.317796e-02;8.013646e-02;1.049670e-01;1.151987e-01;9.443857e-02;7.124540e-02;4.474723e-02;5.080911e-02
6.541787e-02;1.345830e-01;1.146611e-01;9.438449e-02;3.974640e-02;7.921749e-02;5.699255e-02;1.388238e-01;1.079652e-01;6.599262e-02;5.141355e-02;5.080191e-02
5.806208e-02;9.703476e-02;1.665576e-01;7.935302e-02;3.020264e-02;5.643865e-02;8.876027e-02;1.109865e-01;1.332300e-01;9.138110e-02;3.469898e-02;5.329443e-02
6.214670e-02;5.937602e-02;2.314832e-01;5.001976e-02;2.980139e-02;5.235555e-02;1.039737e-01;8.293743e-02;1.234051e-01;9.893204e-02;3.525999e-02;7.030917e-02
6.681149e-02;7.792420e-02;3.010854e-01;8.152688e-02;4.716764e-02;4.020599e-02;6.621014e-02;8.001510e-02;7.766657e-02;6.995288e-02;4.915917e-02;4.227458e-02
1.047346e-01;9.428605e-02;2.510055e-01;5.063048e-02;4.514034e-02;2.742215e-02;7.568393e-02;9.173473e-02;1.215016e-01;5.899108e-02;5.185989e-02;2.700965e-02
1.597405e-01;9.102608e-02;1.985587e-01;2.773742e-02;4.769473e-02;2.325138e-02;7.574907e-02;1.312006e-01;1.306705e-01;4.373914e-02;4.457909e-02;2.605278e-02
2.600928e-01;7.795569e-02;1.530954e-01;1.666779e-02;5.657604e-02;1.560793e-02;5.559497e-02;1.724695e-01;1.022210e-01;2.107079e-02;3.769351e-02;3.095458e-02
3.552598e-01;7.022325e-02;1.509981e-01;1.398669e-02;6.832200e-02;8.769226e-03;3.612884e-02;1.589869e-01;5.091063e-02;9.876328e-03;3.379471e-02;4.274365e-02
3.810553e-01;6.962349e-02;2.087510e-01;1.690770e-02;6.157416e-02;6.685850e-03;3.216410e-02;9.385981e-02;3.301048e-02;1.375244e-02;3.350266e-02;4.911305e-02
3.760470e-01;1.182945e-01;2.616908e-01;1.507598e-02;4.530630e-02;6.232865e-03;1.820726e-02;4.050186e-02;3.283754e-02;1.346187e-02;3.407945e-02;3.826455e-02
3.674537e-01;1.763630e-01;2.700422e-01;9.797259e-03;3.129809e-02;4.875118e-03;9.960959e-03;2.452746e-02;3.157564e-02;1.178881e-02;3.714840e-02;2.516934e-02
3.766919e-01;1.931494e-01;2.564602e-01;8.554455e-03;3.240044e-02;5.820808e-03;1.092095e-02;2.534740e-02;2.273794e-02;8.602459e-03;3.736920e-02;2.194480e-02
3.787937e-01;1.838190e-01;2.468878e-01;8.666188e-03;3.453269e-02;6.513877e-03;1.390158e-02;3.818134e-02;1.645358e-02;9.264193e-03;3.579377e-02;2.719231e-02
3.678243e-01;1.933063e-01;2.480533e-01;9.976523e-03;4.210058e-02;6.311890e-03;1.525074e-02;4.013093e-02;1.362865e-02;7.242825e-03;2.905511e-02;2.711902e-02
3.006330e-01;2.293211e-01;2.620673e-01;1.757079e-02;4.256339e-02;6.650416e-03;2.164984e-02;4.420913e-02;2.054968e-02;1.355328e-02;2.417426e-02;1.705781e-02
2.758244e-01;2.440361e-01;2.579764e-01;1.540382e-02;4.560513e-02;7.625300e-03;2.661913e-02;4.121525e-02;3.592062e-02;1.558596e-02;1.806791e-02;1.611988e-02
3.315288e-01;2.365085e-01;2.140743e-01;7.720910e-03;4.883436e-02;6.579299e-03;3.328752e-02;4.438787e-02;3.482458e-02;1.108280e-02;1.271263e-02;1.845841e-02
3.933983e-01;2.170810e-01;1.805602e-01;5.851039e-03;5.057810e-02;5.226803e-03;3.130220e-02;5.044047e-02;2.895779e-02;6.702109e-03;1.147692e-02;1.842503e-02
4.120645e-01;1.961152e-01;1.760836e-01;9.057561e-03;4.640963e-02;7.796330e-03;1.925541e-02;5.601658e-02;3.077671e-02;8.797219e-03;1.390749e-02;2.371980e-02
4.396004e-01;1.824634e-01;1.634801e-01;7.901620e-03;3.532949e-02;6.269461e-03;2.201287e-02;6.303985e-02;2.416928e-02;1.012855e-02;1.556627e-02;3.003869e-02
4.560793e-01;1.508078e-01;1.579090e-01;6.914134e-03;2.736505e-02;4.865935e-03;2.666251e-02;7.022008e-02;2.039520e-02;1.396443e-02;1.959193e-02;4.522451e-02
4.343450e-01;1.125345e-01;1.519344e-01;7.972819e-03;2.258480e-02;1.903509e-02;4.579764e-02;6.938393e-02;2.407651e-02;2.135057e-02;2.593389e-02;6.505094e-02
3.467577e-01;8.884005e-02;1.328277e-01;1.757641e-02;2.487384e-02;3.420427e-02;7.508749e-02;8.137172e-02;4.437911e-02;4.165477e-02;3.193175e-02;8.049525e-02
1.503659e-01;8.407812e-02;1.386246e-01;3.957856e-02;3.090765e-02;4.955231e-02;1.114302e-01;8.922796e-02;5.216480e-02;8.031051e-02;6.092209e-02;1.128373e-01
1.603152e-01;7.383475e-02;1.213696e-01;4.464310e-02;3.950704e-02;4.144982e-02;1.262399e-01;5.128805e-02;3.870640e-02;8.790542e-02;8.425485e-02;1.304860e-01
2.513978e-01;7.898565e-02;1.093290e-01;2.451758e-02;3.958853e-02;3.896603e-02;1.025226e-01;3.132696e-02;3.185991e-02;6.758428e-02;1.140342e-01;1.098875e-01
2.097598e-01;8.243585e-02;1.271911e-01;2.310281e-02;4.685133e-02;4.709932e-02;1.059247e-01;2.875266e-02;4.319501e-02;8.210715e-02;1.389772e-01;6.460305e-02
1.466521e-01;5.580401e-02;1.483697e-01;2.994471e-02;4.610075e-02;4.780839e-02;1.405765e-01;2.895325e-02;5.894449e-02;9.475477e-02;1.402717e-01;6.181967e-02
8.863115e-02;6.148339e-02;1.381545e-01;1.958337e-02;5.301858e-02;5.945116e-02;1.521371e-01;3.532512e-02;6.117405e-02;1.065285e-01;1.490299e-01;7.548309e-02
1.338916e-01;6.087528e-02;1.168047e-01;2.791155e-02;6.277528e-02;5.933825e-02;1.177398e-01;4.171551e-02;4.474235e-02;1.124228e-01;1.256189e-01;9.616403e-02
1.087562e-01;4.663812e-02;1.261877e-01;3.131587e-02;5.938210e-02;4.163288e-02;1.132636e-01;4.167355e-02;7.229217e-02;1.306873e-01;1.211374e-01;1.070329e-01
6.380272e-02;4.153432e-02;1.015043e-01;5.073546e-02;5.414370e-02;6.597582e-02;1.195110e-01;3.637530e-02;1.013690e-01;1.263391e-01;1.290795e-01;1.096299e-01
3.887392e-02;6.463233e-02;5.656593e-02;5.525861e-02;5.216551e-02;4.871088e-02;1.775153e-01;4.299243e-02;8.445667e-02;9.579521e-02;1.632303e-01;1.198029e-01
1.670709e-01;4.587468e-02;7.154693e-02;4.099261e-02;4.216062e-02;4.273767e-02;1.881868e-01;2.942274e-02;3.490118e-02;7.903796e-02;1.270524e-01;1.310156e-01
2.575820e-01;3.929062e-02;9.884720e-02;4.097775e-02;2.753007e-02;5.294720e-02;1.425707e-01;3.220279e-02;2.770727e-02;7.339451e-02;7.699415e-02;1.299558e-01
3.512565e-01;6.628694e-02;1.162460e-01;2.669285e-02;1.950783e-02;4.403511e-02;7.805150e-02;7.180744e-02;3.126678e-02;5.680483e-02;4.041032e-02;9.763385e-02
4.293660e-01;1.165176e-01;1.199561e-01;1.046068e-02;2.779041e-02;2.845309e-02;3.332439e-02;1.039884e-01;2.011833e-02;2.675380e-02;2.100235e-02;6.226889e-02
4.470457e-01;1.425934e-01;1.209550e-01;7.309913e-03;3.430607e-02;1.212564e-02;1.900607e-02;1.095728e-01;2.131168e-02;1.601764e-02;2.135274e-02;4.840342e-02
4.412107e-01;1.533032e-01;1.357168e-01;7.530477e-03;3.866640e-02;1.111437e-02;1.706290e-02;1.036364e-01;2.504721e-02;1.550701e-02;1.549871e-02;3.570587e-02
4.539433e-01;1.570109e-01;1.277195e-01;6.626340e-03;4.467408e-02;9.919045e-03;1.424000e-02;1.069201e-01;1.833045e-02;1.312617e-02;1.712828e-02;3.036175e-02
4.592780e-01;1.575392e-01;1.210063e-01;4.716958e-03;4.357055e-02;8.099680e-03;1.612421e-02;1.056688e-01;2.378954e-02;1.356072e-02;1.550842e-02;3.113768e-02
4.357049e-01;1.641374e-01;1.257290e-01;5.847233e-03;3.953919e-02;9.045557e-03;2.811388e-02;9.896809e-02;2.922233e-02;1.624126e-02;1.621014e-02;3.124097e-02
3.860713e-01;1.936665e-01;1.437007e-01;7.741354e-03;2.960762e-02;9.560159e-03;4.755231e-02;7.019747e-02;4.511730e-02;2.732638e-02;1.471931e-02;2.473970e-02
3.008183e-01;2.182531e-01;1.916233e-01;1.004111e-02;1.521477e-02;1.595066e-02;4.794049e-02;3.535303e-02;9.216288e-02;4.476840e-02;1.060907e-02;1.726488e-02
2.204788e-01;2.168490e-01;2.822403e-01;1.461910e-02;8.985731e-03;3.075259e-02;2.847270e-02;1.466876e-02;1.234554e-01;3.943959e-02;6.584570e-03;1.345359e-02
1.399863e-01;1.588149e-01;4.407657e-01;2.022175e-02;9.818380e-03;3.955988e-02;1.512189e-02;1.401829e-02;1.067783e-01;3.537039e-02;5.602171e-03;1.394204e-02
8.051863e-02;9.859063e-02;5.792396e-01;3.338862e-02;2.134511e-02;2.976708e-02;1.643597e-02;1.832033e-02;5.440468e-02;4.603945e-02;8.784592e-03;1.316528e-02
8.621252e-02;1.215967e-01;5.219283e-01;4.516174e-02;5.069987e-02;2.696769e-02;4.272700e-02;2.013330e-02;2.207320e-02;4.156945e-02;9.788723e-03;1.114159e-02
8.315124e-02;8.060352e-02;4.684740e-01;4.847479e-02;8.620437e-02;4.549636e-02;8.925070e-02;2.195600e-02;2.820359e-02;2.637791e-02;1.044280e-02;1.136466e-02
9.271669e-02;6.827623e-02;4.430923e-01;4.357940e-02;9.477913e-02;5.925129e-02;8.692729e-02;2.771611e-02;3.655843e-02;2.288516e-02;9.356772e-03;1.486122e-02
1.397650e-01;1.500972e-01;3.229263e-01;2.691328e-02;7.866637e-02;5.213011e-02;1.048076e-01;2.627014e-02;3.007910e-02;2.949987e-02;1.816921e-02;2.067583e-02
1.366993e-01;9.979080e-02;4.183934e-01;3.618189e-02;3.732191e-02;3.266820e-02;1.023546e-01;2.418974e-02;1.799235e-02;4.181907e-02;2.599382e-02;2.659489e-02
1.292140e-01;8.164033e-02;3.757376e-01;4.906567e-02;4.222932e-02;6.235887e-02;7.849670e-02;2.937191e-02;3.054116e-02;6.113489e-02;2.605461e-02;3.415491e-02
1.322436e-01;1.524325e-01;2.386834e-01;5.334403e-02;6.013823e-02;8.821619e-02;6.879716e-02;3.034614e-02;4.019476e-02;6.691426e-02;4.086120e-02;2.782855e-02
8.524159e-02;1.212868e-01;3.135369e-01;4.247458e-02;8.571392e-02;8.491609e-02;8.512858e-02;3.706171e-02;3.673618e-02;3.674733e-02;4.332069e-02;2.783567e-02
4.142070e-02;9.697540e-02;3.868254e-01;4.050818e-02;6.440173e-02;6.402829e-02;1.193480e-01;4.227084e-02;4.475122e-02;2.753023e-02;3.063113e-02;4.130891e-02
2.882689e-02;1.054827e-01;4.377725e-01;4.415448e-02;5.117581e-02;4.313396e-02;1.328950e-01;3.300233e-02;2.819126e-02;4.278481e-02;1.668744e-02;3.589284e-02
2.690329e-02;9.805717e-02;4.024390e-01;5.824699e-02;6.595212e-02;4.823883e-02;8.144137e-02;4.501683e-02;4.965033e-02;5.684317e-02;3.796408e-02;2.924680e-02
7.117698e-02;7.117585e-02;1.366989e-01;7.534767e-02;1.002193e-01;8.577750e-02;1.202475e-01;9.781047e-02;6.920362e-02;6.148476e-02;6.160582e-02;4.925160e-02
7.935367e-02;7.320064e-02;1.215599e-01;7.543418e-02;9.562892e-02;8.641207e-02;1.165521e-01;1.006367e-01;7.816684e-02;6.421884e-02;5.839263e-02;5.044352e-02
7.477378e-02;7.068849e-02;1.234669e-01;8.506022e-02;8.806863e-02;8.346984e-02;1.102468e-01;9.429284e-02;9.520029e-02;6.874438e-02;5.159277e-02;5.439508e-02
6.115625e-02;5.327633e-02;1.285848e-01;1.058952e-01;8.103865e-02;6.313983e-02;1.328917e-01;7.326701e-02;1.112510e-01;9.497400e-02;4.089710e-02;5.362817e-02
6.420825e-02;5.026728e-02;1.739549e-01;1.491578e-01;6.125747e-02;7.204048e-02;1.007369e-01;6.123941e-02;9.774600e-02;1.098049e-01;3.358760e-02;2.599905e-02
6.072776e-02;7.403899e-02;1.832408e-01;1.347893e-01;6.723784e-02;6.653053e-02;1.147662e-01;7.690317e-02;5.688371e-02;7.605017e-02;4.764853e-02;4.118304e-02
3.883926e-02;8.676092e-02;1.595675e-01;1.104827e-01;7.680511e-02;7.745873e-02;1.324130e-01;9.076774e-02;7.946890e-02;7.053201e-02;4.315534e-02;3.374866e-02
6.250858e-02;8.973984e-02;1.331042e-01;1.318796e-01;7.650377e-02;6.741223e-02;1.307889e-01;1.109460e-01;6.024049e-02;7.216241e-02;3.086767e-02;3.384635e-02
6.286656e-02;7.242306e-02;1.436985e-01;1.215202e-01;5.495620e-02;8.478148e-02;1.113473e-01;1.192386e-01;7.729989e-02;5.826402e-02;5.226611e-02;4.133807e-02
4.525222e-02;5.320336e-02;1.227535e-01;8.726816e-02;6.226606e-02;8.863599e-02;1.106855e-01;1.068635e-01;1.230365e-01;8.657944e-02;5.565586e-02;5.779986e-02
3.589082e-02;5.046388e-02;8.989977e-02;7.420430e-02;8.631989e-02;1.106422e-01;9.759729e-02;1.018688e-01;1.327082e-01;1.153651e-01;4.991750e-02;5.512223e-02
4.680216e-02;7.083183e-02;8.044740e-02;6.575207e-02;8.783719e-02;1.405138e-01;9.924826e-02;7.784639e-02;7.634263e-02;1.183822e-01;6.200474e-02;7.399134e-02
6.522310e-02;8.225500e-02;1.112188e-01;7.487357e-02;5.017406e-02;1.359255e-01;8.532819e-02;6.743210e-02;1.007200e-01;8.155628e-02;6.571007e-02;7.958338e-02
7.647030e-02;9.333840e-02;1.314803e-01;8.394678e-02;4.976610e-02;9.849618e-02;1.158335e-01;5.528613e-02;9.859648e-02;7.665508e-02;5.365311e-02;6.647761e-02
1.599700e-01;1.282841e-01;1.815275e-01;6.861226e-02;4.015754e-02;4.855798e-02;1.187364e-01;4.653792e-02;5.652507e-02;5.633091e-02;4.544941e-02;4.931094e-02
1.929267e-01;1.562260e-01;2.300669e-01;6.805630e-02;3.240794e-02;3.247453e-02;8.860310e-02;3.195284e-02;3.293829e-02;4.565765e-02;4.367601e-02;4.501361e-02
1.936240e-01;1.754654e-01;2.477442e-01;8.371291e-02;3.737406e-02;3.728481e-02;6.169177e-02;2.605920e-02;2.725908e-02;3.913663e-02;3.433527e-02;3.631262e-02
1.900620e-01;1.400482e-01;1.864639e-01;1.069849e-01;8.379418e-02;7.897685e-02;7.090666e-02;3.230749e-02;2.997948e-02;3.579510e-02;2.394699e-02;2.073432e-02
1.228809e-01;1.165835e-01;2.711377e-01;5.252866e-02;7.067183e-02;7.914276e-02;1.125612e-01;4.957746e-02;3.714522e-02;3.537602e-02;2.451093e-02;2.788373e-02
1.310463e-01;1.523054e-01;2.992613e-01;5.297399e-02;3.627493e-02;4.850761e-02;1.127750e-01;5.208347e-02;2.302504e-02;4.050708e-02;2.533385e-02;2.590607e-02
1.968692e-01;8.333711e-02;1.781790e-01;8.891100e-02;3.456558e-02;3.488629e-02;1.022850e-01;6.547213e-02;6.048639e-02;7.236295e-02;3.793328e-02;4.471215e-02
1.475888e-01;1.098336e-01;2.035529e-01;8.237795e-02;5.785012e-02;2.928533e-02;6.716515e-02;4.226718e-02;8.208478e-02;9.908456e-02;3.756830e-02;4.134125e-02
1.041346e-01;1.137060e-01;2.562755e-01;5.248085e-02;6.432877e-02;4.851452e-02;8.987956e-02;4.343406e-02;7.130276e-02;8.301114e-02;4.452897e-02;2.840333e-02
4.574669e-02;3.431520e-02;1.341039e-01;6.653264e-02;5.687919e-02;8.102852e-02;1.847799e-01;8.419185e-02;1.194136e-01;1.188148e-01;4.191729e-02;3.227642e-02
3.038561e-02;3.804999e-02;1.685134e-01;5.916831e-02;7.276169e-02;9.278485e-02;2.160674e-01;6.480077e-02;9.233146e-02;1.209479e-01;3.017172e-02;1.401693e-02
5.268043e-02;4.938594e-02;1.605830e-01;5.826350e-02;7.915357e-02;8.823755e-02;2.025227e-01;6.093773e-02;8.480240e-02;1.127938e-01;3.248974e-02;1.814973e-02
7.266767e-02;6.869267e-02;1.251621e-01;5.533303e-02;9.828028e-02;8.453826e-02;1.872676e-01;5.683926e-02;8.203682e-02;1.084396e-01;3.727221e-02;2.347050e-02
5.245213e-02;7.826650e-02;1.943655e-01;4.798668e-02;1.336861e-01;7.555381e-02;1.902172e-01;4.087042e-02;5.485326e-02;6.902027e-02;3.982301e-02;2.290512e-02
7.041008e-02;6.289124e-02;3.236474e-01;7.761249e-02;1.228797e-01;5.646621e-02;1.196570e-01;4.030298e-02;3.675899e-02;4.350604e-02;3.016770e-02;1.570033e-02
8.587109e-02;4.973752e-02;3.309416e-01;9.049949e-02;1.274018e-01;5.121692e-02;8.738351e-02;3.871834e-02;3.637345e-02;5.714357e-02;2.988403e-02;1.482872e-02
6.952884e-02;3.265329e-02;4.049388e-01;8.302832e-02;1.236986e-01;4.829673e-02;6.640413e-02;3.308126e-02;3.483598e-02;5.819059e-02;2.646348e-02;1.887991e-02
5.056896e-02;4.311021e-02;4.505215e-01;5.809439e-02;8.269981e-02;4.751795e-02;1.232228e-01;2.955280e-02;3.504070e-02;4.556975e-02;2.008890e-02;1.401220e-02
6.348056e-02;4.565507e-02;4.273689e-01;4.417386e-02;4.228911e-02;4.489586e-02;1.415350e-01;4.037767e-02;3.928931e-02;6.401624e-02;2.143770e-02;2.548076e-02
7.049406e-02;3.241858e-02;2.377692e-01;4.245146e-02;9.603888e-02;5.732215e-02;1.783859e-01;3.970310e-02;6.979190e-02;1.125808e-01;2.545327e-02;3.759074e-02
8.032691e-02;5.512693e-02;1.130580e-01;6.297521e-02;7.580502e-02;5.643416e-02;1.965358e-01;7.371916e-02;6.919926e-02;1.270314e-01;3.341651e-02;5.637167e-02
7.160508e-02;8.015315e-02;1.817210e-01;7.090282e-02;7.332257e-02;7.968853e-02;1.122418e-01;6.432937e-02;6.638468e-02;1.109752e-01;3.807369e-02;5.060209e-02
6.565601e-02;1.008165e-01;2.113432e-01;7.937647e-02;7.578241e-02;8.300257e-02;9.208061e-02;3.598176e-02;5.890981e-02;1.234834e-01;3.733126e-02;3.623588e-02
1.074545e-01;1.125916e-01;1.548753e-01;7.554800e-02;6.267120e-02;8.022805e-02;1.234217e-01;4.347222e-02;5.198528e-02;1.122592e-01;4.847396e-02;2.701896e-02
8.396500e-02;4.957601e-02;1.120323e-01;3.182499e-02;7.352407e-02;7.146257e-02;2.491823e-01;6.769118e-02;8.841926e-02;5.814936e-02;5.272932e-02;6.144359e-02
1.001104e-01;5.185226e-02;1.114273e-01;3.599437e-02;8.307534e-02;7.091157e-02;2.272749e-01;5.967055e-02;8.935446e-02;5.162187e-02;5.202864e-02;6.667837e-02
1.131658e-01;6.147156e-02;1.355866e-01;4.094141e-02;9.439953e-02;6.986143e-02;1.829337e-01;4.883052e-02;8.386254e-02;4.949664e-02;4.945227e-02;6.999802e-02
1.117941e-01;6.787330e-02;2.199312e-01;4.687222e-02;1.024745e-01;6.915613e-02;1.166964e-01;4.303075e-02;6.467307e-02;5.330447e-02;5.038745e-02;5.380638e-02
1.054553e-01;5.681864e-02;1.968187e-01;7.010429e-02;1.026085e-01;1.209840e-01;1.039036e-01;4.513728e-02;8.111589e-02;6.328231e-02;2.522413e-02;2.854738e-02
1.121343e-01;4.783703e-02;9.252530e-02;6.875643e-02;1.166997e-01;1.468719e-01;1.252020e-01;5.545675e-02;1.033367e-01;8.033221e-02;2.477456e-02;2.607314e-02
1.221980e-01;3.931207e-02;7.996896e-02;4.393668e-02;1.058279e-01;1.128183e-01;1.921466e-01;6.164799e-02;1.035048e-01;5.797563e-02;3.598986e-02;4.467321e-02
1.519834e-01;4.897715e-02;7.120892e-02;2.412827e-02;1.091371e-01;1.018564e-01;1.888102e-01;5.009830e-02;1.077803e-01;4.631785e-02;4.270819e-02;5.699389e-02
1.642238e-01;4.749577e-02;5.576172e-02;1.816126e-02;1.371901e-01;1.148225e-01;2.139252e-01;2.958306e-02;1.000777e-01;4.211940e-02;3.248747e-02;4.415191e-02
1.227279e-01;3.395411e-02;7.898115e-02;2.912974e-02;1.716201e-01;1.071246e-01;2.261253e-01;1.895342e-02;8.949790e-02;3.835353e-02;2.935488e-02;5.417733e-02
7.240670e-02;2.853397e-02;1.070674e-01;3.500555e-02;2.068678e-01;8.992055e-02;2.133429e-01;2.609895e-02;7.253838e-02;3.349623e-02;3.569595e-02;7.902559e-02
5.771642e-02;2.741605e-02;1.465565e-01;3.995808e-02;1.971446e-01;9.576086e-02;2.161111e-01;3.569118e-02;3.452015e-02;2.292204e-02;3.327557e-02;9.292733e-02
2.947662e-02;2.275629e-02;1.629694e-01;3.808508e-02;2.136229e-01;1.023029e-01;1.815241e-01;3.019303e-02;5.539327e-02;2.112590e-02;2.616760e-02;1.163829e-01
5.446634e-02;1.379227e-02;1.676286e-01;3.490936e-02;2.315857e-01;1.033687e-01;1.370894e-01;2.011125e-02;6.869529e-02;1.872291e-02;1.537303e-02;1.342572e-01
7.384005e-02;1.722754e-02;1.643054e-01;4.044783e-02;2.333466e-01;1.077469e-01;1.054338e-01;2.117629e-02;7.692432e-02;1.812334e-02;1.260961e-02;1.288184e-01
7.625747e-02;9.981908e-03;1.259600e-01;3.382907e-02;2.134474e-01;1.189241e-01;1.682177e-01;1.643359e-02;8.479881e-02;2.571217e-02;1.695837e-02;1.094794e-01
9.126711e-02;1.483891e-02;9.988032e-02;2.657696e-02;1.912588e-01;1.284240e-01;2.147391e-01;1.449608e-02;8.644055e-02;3.052365e-02;2.152186e-02;8.003263e-02
