8.238775e-02;8.265570e-02;2.207352e-01;5.702243e-02;1.196614e-01;6.413675e-02;1.207147e-01;5.508269e-02;3.593327e-02;5.148244e-02;6.879918e-02;4.138849e-02
1.207693e-01;8.290833e-02;2.312186e-01;6.228549e-02;1.008273e-01;4.997029e-02;1.111657e-01;4.931848e-02;1.676499e-02;3.748197e-02;9.301868e-02;4.427087e-02
1.654406e-01;6.894845e-02;2.230722e-01;7.415318e-02;6.923180e-02;2.688562e-02;1.149165e-01;5.821838e-02;1.822660e-02;2.668963e-02;1.096078e-01;4.460921e-02
1.643142e-01;7.888069e-02;2.117773e-01;5.807695e-02;4.524891e-02;2.494902e-02;1.574568e-01;6.101621e-02;2.103118e-02;4.121096e-02;9.913586e-02;3.690195e-02
1.012223e-01;9.835571e-02;1.431566e-01;5.418583e-02;5.832337e-02;4.223974e-02;1.998293e-01;7.735758e-02;2.974194e-02;4.988564e-02;7.913939e-02;6.656264e-02
7.523452e-02;8.022610e-02;8.693525e-02;6.976186e-02;5.625594e-02;3.988778e-02;1.904241e-01;1.232278e-01;2.265313e-02;6.939110e-02;6.631965e-02;1.196828e-01
1.026911e-01;4.246869e-02;7.625431e-02;8.151483e-02;5.061958e-02;3.835191e-02;1.809511e-01;1.033006e-01;4.382528e-02;8.719160e-02;5.019544e-02;1.426356e-01
1.538189e-01;4.772595e-02;6.262269e-02;8.105161e-02;3.987062e-02;3.792536e-02;1.720098e-01;7.299449e-02;4.539926e-02;9.251849e-02;6.085344e-02;1.332094e-01
2.380269e-01;7.046141e-02;4.053997e-02;6.089118e-02;3.569962e-02;2.727616e-02;1.668574e-01;9.750750e-02;2.518884e-02;7.645469e-02;4.419679e-02;1.168995e-01
3.264833e-01;9.206159e-02;6.700438e-02;4.292539e-02;4.378303e-02;1.385827e-02;9.771866e-02;1.254195e-01;2.650120e-02;4.782388e-02;5.290360e-02;6.351715e-02
3.398545e-01;1.349900e-01;1.120107e-01;1.682869e-02;4.623046e-02;1.165287e-02;4.676287e-02;1.292795e-01;2.940339e-02;3.524938e-02;6.650190e-02;3.123580e-02
3.279973e-01;1.347402e-01;1.300581e-01;1.991737e-02;5.347299e-02;1.342500e-02;5.228389e-02;1.157211e-01;2.270005e-02;2.885462e-02;7.020000e-02;3.062946e-02
3.263336e-01;1.292316e-01;1.486252e-01;2.012031e-02;7.090309e-02;2.643145e-02;3.314763e-02;1.031663e-01;3.493101e-02;1.063860e-02;7.101938e-02;2.545198e-02
2.912984e-01;1.131146e-01;1.431251e-01;4.089689e-02;8.726148e-02;3.715893e-02;3.932545e-02;8.319180e-02;3.825166e-02;1.525544e-02;8.756474e-02;2.355556e-02
2.061658e-01;1.416507e-01;1.172698e-01;8.313275e-02;8.462678e-02;5.717765e-02;3.339275e-02;5.524443e-02;8.472790e-02;1.597268e-02;1.013504e-01;1.928834e-02
9.069723e-02;1.703061e-01;7.877301e-02;1.463856e-01;5.857821e-02;8.962677e-02;3.303805e-02;4.867487e-02;1.484497e-01;1.828663e-02;9.208433e-02;2.509935e-02
3.272526e-02;1.611081e-01;1.282735e-01;1.705047e-01;4.099609e-02;1.137360e-01;4.394905e-02;3.195493e-02;1.720565e-01;2.574374e-02;3.794934e-02;4.100269e-02
5.509002e-02;1.560070e-01;1.295355e-01;1.480150e-01;2.254627e-02;1.424173e-01;4.545181e-02;3.028332e-02;1.886543e-01;1.692074e-02;5.951975e-03;5.912678e-02
4.135679e-02;1.235580e-01;1.372101e-01;8.062723e-02;6.578326e-02;1.374627e-01;8.404623e-02;3.589712e-02;1.623738e-01;4.448061e-02;1.453640e-02;7.266778e-02
2.347982e-02;8.437042e-02;1.843436e-01;3.640336e-02;7.777554e-02;1.186001e-01;1.570220e-01;2.690469e-02;1.161229e-01;7.987061e-02;1.691731e-02;7.818968e-02
2.621593e-02;5.266514e-02;2.022054e-01;3.802723e-02;7.561003e-02;8.769458e-02;2.377553e-01;2.448811e-02;6.559243e-02;1.134412e-01;1.881314e-02;5.749157e-02
5.392231e-02;3.943338e-02;2.166697e-01;2.367163e-02;7.532888e-02;5.115177e-02;3.164257e-01;2.923766e-02;2.142219e-02;1.362457e-01;1.733345e-02;1.915757e-02
6.421220e-02;1.831477e-02;2.171244e-01;2.793010e-02;6.525876e-02;3.091779e-02;3.251165e-01;3.303010e-02;3.615265e-02;1.236658e-01;3.441644e-02;2.386052e-02
5.701685e-02;2.113549e-02;2.251617e-01;4.860234e-02;5.500859e-02;3.336513e-02;2.919775e-01;6.245927e-02;3.902017e-02;8.103565e-02;5.155135e-02;3.366584e-02
6.112185e-02;2.300858e-02;2.358860e-01;6.680976e-02;3.299511e-02;3.056489e-02;2.723420e-01;9.415017e-02;5.271240e-02;3.434920e-02;6.509572e-02;3.096435e-02
6.097171e-02;4.659685e-02;2.206670e-01;7.440339e-02;3.530461e-02;5.101991e-02;2.485313e-01;9.574485e-02;4.533064e-02;2.879488e-02;6.589516e-02;2.673967e-02
3.350492e-02;5.204774e-02;1.965297e-01;7.858475e-02;4.863458e-02;4.958770e-02;2.331008e-01;7.666802e-02;4.192606e-02;6.377296e-02;9.501196e-02;3.063077e-02
5.374198e-02;6.083984e-02;1.396715e-01;1.019681e-01;9.655159e-02;4.656961e-02;1.462650e-01;1.025323e-01;4.011928e-02;7.669632e-02;7.671532e-02;5.832916e-02
6.608429e-02;5.900243e-02;1.075410e-01;1.406686e-01;9.835029e-02;6.238848e-02;8.333446e-02;1.465739e-01;4.137508e-02;4.737626e-02;9.903245e-02;4.827263e-02
3.755169e-02;4.706044e-02;1.144667e-01;1.871052e-01;1.039127e-01;7.437719e-02;4.651061e-02;1.818656e-01;2.152505e-02;2.562667e-02;1.280885e-01;3.190957e-02
1.613126e-02;3.984198e-02;1.387455e-01;2.139113e-01;9.228104e-02;7.067872e-02;3.249316e-02;1.803990e-01;2.450206e-02;2.679245e-02;1.422909e-01;2.193258e-02
1.440973e-02;3.242351e-02;1.861726e-01;2.148460e-01;8.112545e-02;7.674224e-02;2.764645e-02;1.552167e-01;2.267515e-02;2.043624e-02;1.439362e-01;2.436972e-02
2.503539e-02;2.355386e-02;2.486057e-01;1.872460e-01;7.564595e-02;8.319557e-02;2.643941e-02;1.258833e-01;2.075585e-02;2.858581e-02;1.312121e-01;2.384097e-02
4.960906e-02;1.772213e-02;3.118632e-01;1.131649e-01;8.898687e-02;8.273935e-02;6.993362e-02;8.673882e-02;1.691582e-02;4.384887e-02;1.004066e-01;1.807071e-02
4.719249e-02;4.412004e-02;3.529767e-01;5.699122e-02;9.792178e-02;6.779916e-02;1.092429e-01;5.745913e-02;2.222851e-02;5.586829e-02;6.540720e-02;2.279259e-02
2.988923e-02;5.757854e-02;3.502221e-01;7.216163e-02;6.701189e-02;5.229634e-02;8.659491e-02;4.621972e-02;3.926137e-02;7.470933e-02;6.324322e-02;6.081173e-02
3.318432e-02;1.231573e-01;2.595183e-01;7.476988e-02;3.452493e-02;6.724997e-02;5.004269e-02;4.957849e-02;6.018039e-02;8.329343e-02;6.956342e-02;9.493686e-02
4.569895e-02;1.399668e-01;2.979511e-01;5.436010e-02;3.841987e-02;7.133945e-02;3.523842e-02;4.041693e-02;6.353480e-02;6.773794e-02;3.911142e-02;1.062242e-01
2.728762e-02;1.157261e-01;3.533314e-01;3.006363e-02;2.581142e-02;8.040103e-02;6.071576e-02;3.263781e-02;5.273611e-02;5.892442e-02;3.393107e-02;1.284336e-01
1.983179e-02;9.314038e-02;3.930503e-01;2.764994e-02;1.705197e-02;6.976429e-02;8.342976e-02;1.914858e-02;2.709300e-02;7.762762e-02;4.698412e-02;1.252282e-01
3.780353e-02;7.933372e-02;4.145316e-01;2.605747e-02;1.453472e-02;4.821892e-02;9.672704e-02;2.302452e-02;3.467536e-02;9.561805e-02;4.791043e-02;8.156463e-02
3.958468e-02;7.081271e-02;4.425760e-01;2.165163e-02;1.969993e-02;2.946856e-02;1.144360e-01;1.626950e-02;3.485437e-02;1.246821e-01;4.511707e-02;4.084736e-02
3.845350e-02;4.361811e-02;4.785230e-01;3.661720e-02;2.269237e-02;1.810536e-02;1.110534e-01;1.181058e-02;2.456945e-02;1.604117e-01;3.686830e-02;1.727707e-02
4.282711e-02;3.713200e-02;4.990166e-01;3.403338e-02;2.146049e-02;1.959676e-02;1.085884e-01;1.477606e-02;8.543331e-03;1.791885e-01;2.449870e-02;1.033863e-02
3.604392e-02;5.082657e-02;4.865472e-01;2.445136e-02;1.902397e-02;1.966739e-02;1.009070e-01;1.438026e-02;2.485813e-02;1.871466e-01;2.412019e-02;1.202737e-02
2.150880e-02;7.417113e-02;4.641631e-01;2.036964e-02;1.779343e-02;2.410355e-02;8.484352e-02;8.258633e-03;3.840446e-02;1.877654e-01;1.721456e-02;4.140370e-02
1.935975e-02;7.998970e-02;4.180925e-01;1.401612e-02;1.385835e-02;3.299483e-02;7.445139e-02;9.930377e-03;7.559578e-02;1.715372e-01;1.748309e-02;7.269095e-02
2.688885e-02;9.337717e-02;3.655709e-01;1.789145e-02;1.163761e-02;4.254530e-02;6.345325e-02;1.630150e-02;1.087712e-01;1.387965e-01;1.987154e-02;9.489478e-02
4.130931e-02;1.026333e-01;3.194013e-01;1.537452e-02;2.014432e-02;5.719943e-02;5.497200e-02;2.393172e-02;1.380213e-01;1.016882e-01;1.602613e-02;1.092984e-01
6.550704e-02;9.892627e-02;2.582587e-01;2.392011e-02;3.163420e-02;6.479395e-02;7.456100e-02;3.919050e-02;1.346866e-01;7.268859e-02;4.878785e-02;8.704517e-02
7.352765e-02;7.141317e-02;2.133819e-01;2.466190e-02;4.667415e-02;6.136907e-02;1.392567e-01;5.696202e-02;1.083921e-01;6.555220e-02;9.107228e-02;4.773675e-02
5.973464e-02;4.071938e-02;2.355801e-01;3.588545e-02;4.766300e-02;5.272964e-02;1.371618e-01;5.965253e-02;9.011925e-02;8.463701e-02;1.116963e-01;4.442083e-02
7.253259e-02;4.297064e-02;3.042758e-01;4.710511e-02;5.106488e-02;2.897513e-02;1.157153e-01;5.548163e-02;6.778662e-02;1.049429e-01;7.264992e-02;3.649954e-02
5.849306e-02;6.761176e-02;3.784129e-01;4.741587e-02;3.819696e-02;3.003483e-02;9.016008e-02;4.005701e-02;5.038811e-02;1.056488e-01;4.596632e-02;4.761434e-02
3.874766e-02;7.740536e-02;4.033355e-01;5.019424e-02;3.169319e-02;2.661346e-02;4.744919e-02;4.032336e-02;4.201730e-02;1.087829e-01;6.113920e-02;7.229871e-02
8.059405e-02;8.872228e-02;3.490407e-01;4.382462e-02;3.414027e-02;3.178438e-02;6.809746e-02;4.501079e-02;3.298129e-02;1.091481e-01;5.563620e-02;6.101987e-02
1.058535e-01;6.446722e-02;2.938001e-01;5.704951e-02;3.937569e-02;2.626937e-02;1.003816e-01;4.497711e-02;4.151950e-02;1.092731e-01;4.483295e-02;7.220037e-02
9.542217e-02;7.287662e-02;2.628549e-01;6.603853e-02;4.125294e-02;2.842892e-02;1.088446e-01;3.806923e-02;6.633643e-02;9.564860e-02;4.443257e-02;7.979444e-02
6.888972e-02;8.314498e-02;2.384481e-01;6.253023e-02;4.018271e-02;4.579946e-02;8.210234e-02;5.222336e-02;1.011836e-01;9.753507e-02;4.706796e-02;8.089247e-02
7.604275e-02;7.010961e-02;1.664978e-01;6.375835e-02;6.848018e-02;6.358007e-02;1.179717e-01;7.108914e-02;7.556107e-02;1.086092e-01;4.070004e-02;7.759999e-02
9.336618e-02;8.765737e-02;1.162511e-01;6.985790e-02;6.889074e-02;6.492217e-02;1.237527e-01;7.422128e-02;9.230302e-02;7.816741e-02;6.502396e-02;6.558628e-02
9.610490e-02;7.686599e-02;1.259623e-01;7.331090e-02;6.357437e-02;5.908927e-02;1.148515e-01;7.989983e-02;9.799384e-02;8.156645e-02;7.178635e-02;5.899437e-02
8.215725e-02;5.529522e-02;1.588426e-01;8.099401e-02;5.487330e-02;5.233975e-02;9.776707e-02;9.091930e-02;9.774824e-02;9.525134e-02;8.515298e-02;4.865896e-02
5.657601e-02;7.957367e-02;1.649663e-01;7.843350e-02;5.792153e-02;5.545385e-02;6.506581e-02;9.716806e-02;5.939182e-02;1.190814e-01;1.276111e-01;3.875705e-02
1.091872e-01;6.710865e-02;1.560780e-01;7.007866e-02;4.313497e-02;4.999400e-02;1.162852e-01;6.932545e-02;8.867497e-02;8.335555e-02;8.441991e-02;6.235754e-02
1.140613e-01;5.917722e-02;2.239670e-01;4.997258e-02;3.479156e-02;3.476283e-02;1.346151e-01;4.934360e-02;7.073979e-02;1.035202e-01;6.723624e-02;5.781263e-02
1.269477e-01;4.341255e-02;3.325621e-01;3.375486e-02;2.833480e-02;2.359221e-02;1.197130e-01;2.751987e-02;3.394423e-02;1.313293e-01;6.587528e-02;3.301407e-02
1.138293e-01;5.974673e-02;4.379438e-01;2.476657e-02;2.422261e-02;1.351181e-02;9.371282e-02;1.492104e-02;2.597363e-02;1.212382e-01;4.190924e-02;2.822424e-02
7.343809e-02;6.650058e-02;5.029840e-01;3.528688e-02;3.589489e-02;2.073235e-02;5.707704e-02;1.248772e-02;3.086899e-02;1.083390e-01;2.387038e-02;3.252012e-02
2.896137e-02;3.800891e-02;5.841269e-01;5.683311e-02;5.801923e-02;2.699278e-02;3.461209e-02;5.256888e-03;1.336577e-02;1.212158e-01;1.210861e-02;2.049854e-02
1.334968e-02;3.291634e-02;5.512391e-01;6.103687e-02;7.271007e-02;3.356889e-02;7.388857e-02;9.787081e-03;1.229503e-02;1.178583e-01;1.572708e-02;5.622999e-03
2.621534e-02;4.828768e-02;4.713745e-01;5.387694e-02;7.759640e-02;4.216586e-02;1.187548e-01;2.018377e-02;1.164543e-02;1.075410e-01;1.361358e-02;8.744765e-03
5.267177e-02;8.521465e-02;3.781771e-01;4.300806e-02;6.444966e-02;5.157323e-02;1.328057e-01;3.377844e-02;3.065676e-02;9.655523e-02;1.344421e-02;1.766519e-02
7.373311e-02;1.113886e-01;2.978147e-01;4.460610e-02;5.402707e-02;6.051781e-02;1.239965e-01;4.815711e-02;4.698665e-02;1.016549e-01;1.101135e-02;2.610604e-02
7.772851e-02;1.059011e-01;2.313494e-01;4.817311e-02;3.787755e-02;5.946385e-02;1.376080e-01;5.945163e-02;5.408873e-02;1.287692e-01;2.432421e-02;3.526463e-02
4.297892e-02;5.544377e-02;3.026972e-01;6.882584e-02;4.948286e-02;3.014414e-02;1.953418e-01;4.382197e-02;4.756000e-02;1.174291e-01;2.730935e-02;1.896500e-02
2.500293e-02;2.967236e-02;3.045642e-01;6.824262e-02;5.477569e-02;2.954019e-02;2.306405e-01;6.066159e-02;5.020071e-02;1.078478e-01;2.142255e-02;1.742883e-02
1.138985e-02;3.058946e-02;2.908000e-01;4.727588e-02;4.819391e-02;5.277216e-02;2.642841e-01;6.867479e-02;3.045049e-02;1.141683e-01;2.094202e-02;2.045901e-02
1.241286e-02;4.567597e-02;2.675280e-01;1.676795e-02;4.334506e-02;7.558200e-02;2.577282e-01;7.274044e-02;2.957602e-02;1.300915e-01;2.114617e-02;2.740590e-02
2.156008e-02;6.636632e-02;2.538808e-01;1.682067e-02;3.908772e-02;9.222917e-02;2.024729e-01;6.299382e-02;2.918506e-02;1.386109e-01;3.287838e-02;4.391421e-02
2.799618e-02;8.706136e-02;2.768068e-01;2.413300e-02;3.693089e-02;9.238083e-02;1.234453e-01;5.746598e-02;4.817134e-02;1.293538e-01;3.885692e-02;5.739760e-02
3.537596e-02;9.457359e-02;2.995472e-01;3.232957e-02;3.675945e-02;7.770041e-02;6.704260e-02;5.768504e-02;7.726227e-02;1.156020e-01;4.206380e-02;6.405809e-02
6.731981e-02;9.648815e-02;2.571407e-01;3.632979e-02;3.386766e-02;7.604149e-02;7.010773e-02;5.117329e-02;1.074652e-01;7.817134e-02;5.056714e-02;7.532774e-02
6.540656e-02;9.052308e-02;2.123173e-01;4.445250e-02;4.359164e-02;7.086623e-02;1.010021e-01;3.795288e-02;1.168128e-01;6.404980e-02;7.480467e-02;7.822045e-02
5.459152e-02;6.750742e-02;2.866840e-01;6.571818e-02;4.936868e-02;3.546938e-02;8.154303e-02;5.240337e-02;8.095251e-02;1.020368e-01;8.059967e-02;4.312549e-02
5.920431e-02;6.692421e-02;3.283438e-01;5.192280e-02;5.518486e-02;3.803333e-02;1.097780e-01;7.447425e-02;4.850485e-02;9.351493e-02;5.395713e-02;2.015755e-02
4.752259e-02;9.146654e-02;3.627844e-01;5.081183e-02;5.664459e-02;3.794116e-02;8.516882e-02;6.358044e-02;5.349518e-02;8.326309e-02;4.018177e-02;2.713961e-02
4.733415e-02;1.044917e-01;3.320392e-01;7.524149e-02;6.756870e-02;4.575903e-02;5.659295e-02;5.834962e-02;5.666612e-02;7.401398e-02;3.274734e-02;4.919577e-02
5.833311e-02;8.047227e-02;2.534035e-01;1.021780e-01;8.561856e-02;5.876233e-02;5.748655e-02;9.469339e-02;5.406742e-02;6.805147e-02;4.958623e-02;3.734716e-02
6.265170e-02;7.119128e-02;2.092206e-01;1.051298e-01;7.563159e-02;5.088813e-02;8.897516e-02;9.108702e-02;7.527416e-02;7.615731e-02;7.263879e-02;2.115439e-02
4.191278e-02;7.883918e-02;2.098791e-01;1.081321e-01;6.342812e-02;3.646158e-02;9.919132e-02;6.228150e-02;8.705790e-02;8.424404e-02;9.329000e-02;3.528231e-02
9.984109e-02;7.279962e-02;1.504480e-01;5.022876e-02;7.149012e-02;8.519322e-02;1.477543e-01;4.419323e-02;2.643179e-02;1.399671e-01;6.011746e-02;5.153537e-02
8.241225e-02;7.434223e-02;1.348912e-01;4.972873e-02;7.017130e-02;1.101067e-01;1.422001e-01;5.978022e-02;6.399488e-02;1.028695e-01;5.631330e-02;5.318968e-02
4.147922e-02;9.002371e-02;1.573027e-01;4.315702e-02;4.492767e-02;1.192263e-01;1.308280e-01;7.651976e-02;1.013180e-01;8.581578e-02;5.074080e-02;5.866092e-02
6.180402e-02;1.191093e-01;1.303459e-01;4.750681e-02;3.943879e-02;1.296195e-01;7.752250e-02;6.373587e-02;1.636225e-01;6.888577e-02;4.126313e-02;5.714591e-02
8.471397e-02;1.391834e-01;1.032800e-01;6.089128e-02;7.065427e-02;1.436404e-01;2.845133e-02;2.596665e-02;2.057677e-01;4.310387e-02;4.641896e-02;4.792828e-02
9.684459e-02;1.074111e-01;9.731333e-02;6.881801e-02;8.839817e-02;1.290652e-01;8.618607e-02;4.533180e-02;1.765183e-01;3.002288e-02;4.804375e-02;2.604670e-02
1.172160e-01;8.207782e-02;8.537403e-02;5.575287e-02;8.208457e-02;9.899348e-02;1.604494e-01;6.211623e-02;1.377812e-01;2.603829e-02;5.407903e-02;3.803718e-02
1.469527e-01;1.432517e-01;2.177865e-01;4.869260e-02;4.015094e-02;5.306889e-02;1.303785e-01;2.756069e-02;7.818777e-02;4.161023e-02;3.845077e-02;3.390884e-02
1.308031e-01;1.521869e-01;2.545420e-01;5.434695e-02;4.221522e-02;5.634758e-02;9.128835e-02;5.269355e-02;7.922347e-02;3.577596e-02;1.799469e-02;3.258225e-02
1.210685e-01;1.175091e-01;2.740017e-01;5.315990e-02;4.821044e-02;5.223314e-02;7.293102e-02;6.831037e-02;7.348874e-02;2.929044e-02;4.667358e-02;4.312313e-02
1.280382e-01;7.567740e-02;2.775849e-01;4.248736e-02;4.996673e-02;3.889240e-02;9.062520e-02;7.785857e-02;5.974954e-02;5.951044e-02;5.920166e-02;4.040761e-02
1.551021e-01;7.194733e-02;2.343857e-01;4.368163e-02;5.582736e-02;3.199344e-02;9.543031e-02;8.934514e-02;2.503782e-02;8.821359e-02;7.202241e-02;3.701315e-02
1.606582e-01;1.035675e-01;1.980234e-01;3.465387e-02;7.688163e-02;3.569544e-02;8.365154e-02;1.066335e-01;4.147524e-02;6.272529e-02;6.873523e-02;2.729906e-02
1.576147e-01;1.070055e-01;2.621500e-01;3.589071e-02;7.886977e-02;3.272090e-02;5.084444e-02;1.005236e-01;2.130282e-02;5.495621e-02;5.675039e-02;4.137111e-02
1.759604e-01;1.088047e-01;2.418545e-01;4.831997e-02;7.373243e-02;1.788725e-02;6.778899e-02;8.464504e-02;4.816511e-02;3.915392e-02;4.939001e-02;4.429771e-02
2.425385e-01;1.014460e-01;1.783479e-01;4.830490e-02;6.710924e-02;1.194231e-02;9.093609e-02;1.007194e-01;3.176533e-02;2.007583e-02;6.039842e-02;4.641610e-02
2.940003e-01;1.028259e-01;1.725692e-01;3.962914e-02;6.722976e-02;1.582479e-02;6.356657e-02;1.019984e-01;2.154801e-02;1.495103e-02;5.780190e-02;4.805503e-02
3.269028e-01;8.101080e-02;1.635152e-01;2.443297e-02;6.571013e-02;2.894341e-02;6.778033e-02;8.863039e-02;2.570448e-02;2.521958e-02;5.270750e-02;4.944235e-02
3.604778e-01;7.046112e-02;1.470647e-01;2.158507e-02;6.287913e-02;2.916915e-02;8.095982e-02;8.806904e-02;1.827885e-02;2.351130e-02;4.720267e-02;5.034134e-02
3.587782e-01;7.457827e-02;1.492035e-01;2.919135e-02;5.891801e-02;2.548805e-02;9.026694e-02;8.623467e-02;8.032974e-03;2.083107e-02;4.966768e-02;4.880934e-02
3.247890e-01;8.798833e-02;1.473107e-01;2.956866e-02;5.178760e-02;2.025682e-02;1.072974e-01;9.370081e-02;1.570026e-02;2.059544e-02;4.212453e-02;5.888037e-02
2.714207e-01;1.010192e-01;1.270829e-01;3.388870e-02;2.847538e-02;1.919918e-02;1.589759e-01;1.103317e-01;2.374202e-02;2.907623e-02;3.572810e-02;6.106006e-02
2.272350e-01;6.739551e-02;1.074375e-01;4.714187e-02;3.815435e-02;2.195433e-02;2.128840e-01;1.185336e-01;2.689161e-02;3.668628e-02;3.261107e-02;6.307492e-02
1.587332e-01;3.998445e-02;8.559873e-02;6.377070e-02;6.315199e-02;2.063636e-02;2.585134e-01;1.228778e-01;2.512279e-02;5.592944e-02;4.098694e-02;6.469429e-02
5.883723e-02;5.016013e-02;8.411771e-02;9.466953e-02;6.579208e-02;4.023286e-02;2.648311e-01;1.010518e-01;2.599143e-02;6.779622e-02;7.793386e-02;6.858608e-02
1.125028e-01;3.856821e-02;5.300255e-02;1.032966e-01;4.863423e-02;4.615426e-02;2.599812e-01;7.564110e-02;3.282953e-02;6.711832e-02;8.246237e-02;7.980891e-02
1.152387e-01;3.322469e-02;7.689209e-02;1.022782e-01;5.721899e-02;4.379768e-02;2.411771e-01;7.681049e-02;3.959266e-02;7.587302e-02;7.212626e-02;6.577013e-02
1.267813e-01;3.020453e-02;7.625191e-02;8.746015e-02;6.162738e-02;5.889320e-02;2.140038e-01;8.229255e-02;3.070490e-02;8.456339e-02;8.886880e-02;5.834811e-02
1.314768e-01;5.196866e-02;6.944473e-02;6.427149e-02;6.890897e-02;6.530976e-02;1.762500e-01;6.627034e-02;5.355657e-02;6.738760e-02;1.073862e-01;7.776891e-02
1.310033e-01;7.463593e-02;1.166528e-01;5.329058e-02;7.410864e-02;5.668065e-02;1.349537e-01;6.192189e-02;5.966908e-02;4.979882e-02;1.124937e-01;7.479094e-02
1.303489e-01;8.875742e-02;1.443171e-01;4.581599e-02;6.211493e-02;3.499453e-02;1.524233e-01;6.289315e-02;6.249699e-02;4.705085e-02;9.327454e-02;7.551228e-02
1.388414e-01;8.869758e-02;1.668637e-01;3.406956e-02;5.341267e-02;2.553733e-02;1.522423e-01;7.351731e-02;6.686523e-02;4.077142e-02;9.514439e-02;6.403709e-02
1.484045e-01;1.170887e-01;1.867209e-01;2.525163e-02;4.941224e-02;3.042029e-02;1.304055e-01;7.331008e-02;4.957325e-02;4.707282e-02;9.739829e-02;4.494185e-02
1.497091e-01;1.663908e-01;1.975985e-01;2.686165e-02;3.163214e-02;4.232851e-02;8.528617e-02;6.160047e-02;6.743039e-02;5.386186e-02;7.554476e-02;4.175558e-02
1.315194e-01;2.330744e-01;2.043943e-01;3.066690e-02;2.876638e-02;5.742206e-02;3.789460e-02;4.767787e-02;8.871861e-02;5.417321e-02;5.029725e-02;3.539512e-02
9.788939e-02;2.523449e-01;2.049674e-01;2.747829e-02;2.300472e-02;6.583194e-02;6.481994e-02;4.156171e-02;9.148719e-02;5.330114e-02;2.635154e-02;5.096186e-02
8.689740e-02;2.103809e-01;2.543109e-01;2.251512e-02;1.827276e-02;6.584401e-02;7.558420e-02;3.910448e-02;7.370630e-02;6.445435e-02;2.457888e-02;6.435070e-02
7.628433e-02;1.385845e-01;3.336024e-01;1.859934e-02;2.037071e-02;5.574604e-02;9.122153e-02;4.136104e-02;5.543448e-02;8.225186e-02;3.370685e-02;5.283692e-02
6.327569e-02;1.400802e-01;3.754971e-01;3.131648e-02;2.773808e-02;3.672028e-02;1.071427e-01;2.613133e-02;2.515820e-02;9.823069e-02;4.200956e-02;2.669965e-02
1.103652e-01;1.157788e-01;3.293621e-01;4.766706e-02;3.162291e-02;2.375327e-02;1.153610e-01;3.065266e-02;2.173100e-02;8.714147e-02;5.348482e-02;3.307979e-02
1.370753e-01;5.970103e-02;2.519290e-01;7.911296e-02;4.616733e-02;2.703983e-02;9.352645e-02;5.700926e-02;2.178638e-02;6.237417e-02;9.792928e-02;6.634893e-02
1.106999e-01;3.986479e-02;1.897455e-01;1.270353e-01;6.436341e-02;2.881536e-02;6.843787e-02;9.405562e-02;2.018676e-02;3.046684e-02;1.524924e-01;7.383621e-02
6.903662e-02;6.506901e-02;1.405760e-01;1.368180e-01;8.193371e-02;2.836099e-02;4.293376e-02;9.687053e-02;3.395432e-02;4.420435e-02;1.719594e-01;8.828324e-02
9.028515e-02;7.423222e-02;1.059631e-01;1.085479e-01;1.158423e-01;2.840666e-02;3.945700e-02;5.719985e-02;5.567233e-02;6.793488e-02;1.465094e-01;1.099491e-01
8.843654e-02;5.941087e-02;1.382909e-01;1.017125e-01;1.401299e-01;3.417527e-02;5.210773e-02;3.071832e-02;7.407771e-02;5.910799e-02;8.897223e-02;1.328599e-01
7.956830e-02;5.891277e-02;1.428625e-01;9.759090e-02;1.278052e-01;2.996329e-02;4.816610e-02;4.653377e-02;7.586405e-02;6.184960e-02;8.249317e-02;1.483904e-01
6.915861e-02;6.156095e-02;1.445825e-01;9.744091e-02;9.974567e-02;4.037733e-02;4.407042e-02;6.538691e-02;7.218318e-02;6.729350e-02;1.080087e-01;1.301913e-01
6.682453e-02;5.586016e-02;1.480936e-01;1.000740e-01;7.275660e-02;5.598216e-02;7.949458e-02;7.230407e-02;6.932057e-02;7.031225e-02;1.199562e-01;8.902120e-02
9.609171e-02;8.703033e-02;1.166096e-01;9.988227e-02;8.972689e-02;5.790976e-02;1.165711e-01;5.371600e-02;5.356212e-02;5.476652e-02;1.100364e-01;6.409724e-02
6.054066e-02;1.337083e-01;1.490327e-01;9.459219e-02;7.969585e-02;6.746443e-02;1.057518e-01;2.930063e-02;5.289806e-02;6.685673e-02;8.454668e-02;7.561204e-02
4.996786e-02;1.063554e-01;1.949170e-01;8.080503e-02;6.100944e-02;5.704827e-02;8.925147e-02;2.530207e-02;4.456196e-02;1.005523e-01;8.660562e-02;1.036236e-01
1.072444e-01;6.042489e-02;1.548773e-01;6.646201e-02;8.265048e-02;7.216937e-02;6.110453e-02;4.929150e-02;3.161662e-02;9.927973e-02;1.143974e-01;1.004819e-01
9.417961e-02;5.126313e-02;1.143518e-01;7.665633e-02;1.036211e-01;6.840608e-02;4.668079e-02;5.398582e-02;6.623481e-02;1.169745e-01;1.366462e-01;7.099972e-02
6.109470e-02;6.514031e-02;1.079216e-01;9.813048e-02;9.670005e-02;6.523298e-02;9.122715e-02;3.959567e-02;5.002905e-02;1.191442e-01;1.393271e-01;6.645674e-02
6.258829e-02;6.954706e-02;1.304670e-01;1.103950e-01;6.401636e-02;4.144938e-02;1.053916e-01;3.203826e-02;6.380418e-02;1.204767e-01;1.011854e-01;9.864072e-02
1.055568e-01;7.544568e-02;1.433402e-01;6.991807e-02;7.554601e-02;4.161166e-02;1.147191e-01;5.706551e-02;7.960328e-02;9.674545e-02;5.592762e-02;8.452069e-02
9.218619e-02;8.879998e-02;1.189775e-01;4.773030e-02;9.197658e-02;3.823209e-02;1.397586e-01;8.002537e-02;7.881549e-02;1.009893e-01;4.861140e-02;7.389721e-02
9.737344e-02;8.463007e-02;8.668920e-02;3.646014e-02;7.935318e-02;5.406781e-02;1.731003e-01;8.816204e-02;8.481767e-02;9.185370e-02;5.360328e-02;6.988913e-02
6.671696e-02;1.015584e-01;1.377044e-01;3.943732e-02;5.905947e-02;5.251085e-02;1.719261e-01;7.660835e-02;8.078381e-02;7.654776e-02;7.808551e-02;5.906104e-02
1.236844e-01;9.219760e-02;1.975090e-01;5.804874e-02;6.158229e-02;4.200741e-02;1.411796e-01;6.860450e-02;6.156489e-02;5.559403e-02;7.046510e-02;2.756251e-02
1.044818e-01;7.902614e-02;1.990755e-01;9.384963e-02;6.413493e-02;4.011928e-02;1.036380e-01;9.268412e-02;4.980199e-02;4.807856e-02;8.710199e-02;3.800816e-02
6.825535e-02;5.242833e-02;1.666356e-01;1.554812e-01;7.665761e-02;4.144157e-02;6.924319e-02;1.261859e-01;2.937456e-02;5.118377e-02;1.298116e-01;3.330128e-02
2.948819e-02;3.643142e-02;1.600924e-01;1.923739e-01;8.115367e-02;3.839758e-02;5.478612e-02;1.390675e-01;2.064710e-02;5.563988e-02;1.608661e-01;3.105620e-02
3.639226e-02;2.718198e-02;1.847995e-01;1.800846e-01;7.292122e-02;2.984954e-02;6.983370e-02;1.306388e-01;2.670874e-02;5.117073e-02;1.568388e-01;3.358021e-02
4.280656e-02;3.743887e-02;2.299318e-01;1.589158e-01;6.713623e-02;2.667760e-02;7.299375e-02;1.134490e-01;3.090283e-02;5.865449e-02;1.334130e-01;2.768012e-02
6.215633e-02;3.287788e-02;2.422332e-01;1.318264e-01;7.886484e-02;3.857167e-02;9.410580e-02;8.225683e-02;4.622412e-02;6.296268e-02;8.813051e-02;3.978972e-02
6.645834e-02;4.075131e-02;2.130443e-01;1.176364e-01;8.526105e-02;3.092485e-02;1.029318e-01;4.870997e-02;6.987739e-02;4.445094e-02;1.366182e-01;4.333556e-02
5.924927e-02;5.257331e-02;2.313927e-01;1.466043e-01;7.767928e-02;2.650474e-02;7.414106e-02;2.192973e-02;6.129065e-02;4.800216e-02;1.687016e-01;3.193118e-02
3.699328e-02;5.278263e-02;2.044789e-01;1.407501e-01;7.590478e-02;5.723504e-02;8.220091e-02;3.824039e-02;5.923946e-02;7.485359e-02;1.420566e-01;3.526435e-02
6.863236e-02;4.710352e-02;2.044586e-01;9.399939e-02;7.035901e-02;7.194796e-02;1.003501e-01;5.626743e-02;6.870319e-02;7.303068e-02;9.360240e-02;5.154531e-02
5.715784e-02;3.263449e-02;1.849096e-01;6.575198e-02;8.609302e-02;7.591141e-02;1.235460e-01;7.514676e-02;7.041244e-02;7.762228e-02;7.533089e-02;7.548333e-02
5.939696e-02;4.425756e-02;1.549631e-01;6.192560e-02;8.593374e-02;5.768261e-02;9.556230e-02;8.668194e-02;8.810350e-02;7.303713e-02;1.078947e-01;8.456088e-02
7.562687e-02;6.897842e-02;1.016539e-01;1.151844e-01;7.571927e-02;6.069295e-02;9.165792e-02;7.385702e-02;7.410073e-02;6.611363e-02;1.260111e-01;7.040384e-02
6.415816e-02;6.967635e-02;1.141074e-01;1.363042e-01;5.853144e-02;5.694711e-02;1.166903e-01;6.321944e-02;5.752021e-02;6.497643e-02;1.210656e-01;7.680335e-02
7.205547e-02;5.996696e-02;1.334460e-01;1.019568e-01;5.058634e-02;8.312795e-02;1.325360e-01;8.442968e-02;7.431219e-02;5.213518e-02;9.020615e-02;6.524133e-02
6.844991e-02;7.457201e-02;1.429715e-01;8.225948e-02;3.423041e-02;8.058612e-02;1.269263e-01;9.449983e-02;8.729386e-02;8.734950e-02;6.351690e-02;5.734416e-02
7.800627e-02;8.537471e-02;1.024446e-01;8.852552e-02;4.265168e-02;7.804707e-02;1.103932e-01;9.312290e-02;6.958903e-02;1.168015e-01;7.396039e-02;6.108316e-02
6.572214e-02;7.915159e-02;9.919094e-02;8.920283e-02;5.286079e-02;1.077128e-01;1.055649e-01;1.137840e-01;9.504184e-02;9.259377e-02;3.928012e-02;5.989431e-02
7.603270e-02;7.237601e-02;1.343945e-01;7.266093e-02;8.073155e-02;1.036557e-01;9.206656e-02;1.101712e-01;6.409886e-02;7.174584e-02;3.764942e-02;8.441665e-02
8.729265e-02;9.493944e-02;1.518245e-01;4.573729e-02;7.208399e-02;8.109310e-02;7.386603e-02;9.189386e-02;6.804792e-02;6.472337e-02;7.402236e-02;9.447549e-02
7.177124e-02;1.029185e-01;1.504556e-01;4.157804e-02;7.067978e-02;7.627484e-02;1.177208e-01;7.828599e-02;9.090067e-02;5.225715e-02;7.018783e-02;7.696949e-02
5.707702e-02;7.684058e-02;1.384449e-01;6.784062e-02;1.109553e-01;7.888846e-02;1.243251e-01;4.588558e-02;8.981114e-02;4.291162e-02;6.582755e-02;1.011920e-01
1.021629e-01;7.856718e-02;1.172568e-01;9.762818e-02;1.187246e-01;6.810910e-02;9.943423e-02;3.090667e-02;7.573043e-02;5.243399e-02;5.733817e-02;1.017077e-01
8.045281e-02;1.024032e-01;9.075807e-02;1.045380e-01;1.078927e-01;1.108301e-01;1.539876e-01;4.051309e-02;5.200358e-02;5.139843e-02;4.435331e-02;6.086908e-02
8.582509e-02;9.589929e-02;1.881978e-01;4.247167e-02;7.459240e-02;8.618895e-02;2.037455e-01;3.573921e-02;5.190071e-02;5.958913e-02;4.729800e-02;2.855224e-02
5.288132e-02;8.730172e-02;2.829450e-01;3.328408e-02;5.568662e-02;7.197330e-02;1.933958e-01;4.040605e-02;5.658117e-02;5.598119e-02;4.041735e-02;2.914640e-02
1.562802e-02;8.763377e-02;3.930626e-01;3.461838e-02;3.508888e-02;5.709291e-02;1.416426e-01;4.474485e-02;6.188028e-02;6.298982e-02;3.351307e-02;3.210486e-02
3.834490e-02;1.060273e-01;4.061771e-01;2.973717e-02;3.658773e-02;5.004486e-02;1.009642e-01;4.739774e-02;5.330648e-02;6.767401e-02;2.340081e-02;4.033776e-02
7.195210e-02;1.459460e-01;3.569330e-01;2.948451e-02;3.403679e-02;4.686761e-02;1.029798e-01;4.732542e-02;5.148127e-02;5.671446e-02;1.565813e-02;4.062084e-02
9.671947e-02;1.820849e-01;3.294395e-01;4.136375e-02;3.580872e-02;4.247309e-02;7.159353e-02;4.945124e-02;5.351566e-02;4.442587e-02;2.423174e-02;2.889256e-02
6.424538e-02;1.937711e-01;3.101093e-01;4.227163e-02;3.096949e-02;3.546686e-02;9.477720e-02;5.895824e-02;4.601199e-02;5.287788e-02;3.505865e-02;3.548219e-02
7.033040e-02;1.870452e-01;2.914741e-01;4.741542e-02;2.825023e-02;3.537179e-02;9.861550e-02;5.403296e-02;5.678068e-02;6.614073e-02;3.374778e-02;3.079516e-02
1.008249e-01;1.501483e-01;2.026189e-01;6.451470e-02;4.717439e-02;2.887658e-02;6.243677e-02;5.176304e-02;6.840879e-02;5.600868e-02;7.465748e-02;9.256747e-02
7.158668e-02;1.404919e-01;1.799192e-01;7.197346e-02;4.710624e-02;4.323538e-02;9.538567e-02;6.513531e-02;6.107213e-02;5.866001e-02;5.530921e-02;1.101249e-01
6.056335e-02;1.431381e-01;2.519899e-01;4.526884e-02;5.131578e-02;6.991187e-02;5.223529e-02;8.297175e-02;5.782176e-02;6.461009e-02;5.369147e-02;6.648181e-02
3.159225e-02;1.400497e-01;2.270401e-01;4.680601e-02;5.874790e-02;7.662320e-02;3.063321e-02;1.104106e-01;8.847078e-02;5.747445e-02;7.160028e-02;6.055150e-02
3.381901e-02;1.317705e-01;1.967488e-01;5.825345e-02;4.153564e-02;6.367162e-02;4.147923e-02;1.098093e-01;1.078166e-01;6.171664e-02;6.517377e-02;8.820533e-02
5.945524e-02;1.107993e-01;1.924086e-01;7.095410e-02;4.447072e-02;5.945424e-02;5.869232e-02;6.334344e-02;7.156596e-02;6.820295e-02;8.411332e-02;1.165398e-01
3.707404e-02;5.291108e-02;1.644260e-01;7.523330e-02;5.886881e-02;7.284268e-02;1.253913e-01;4.760192e-02;1.149060e-01;4.924768e-02;1.350423e-01;6.645485e-02
8.320382e-02;4.986802e-02;1.164942e-01;7.169715e-02;4.072066e-02;7.092388e-02;1.125664e-01;6.451748e-02;1.234412e-01;8.590881e-02;1.281063e-01;5.255211e-02
9.789176e-02;5.662677e-02;9.239968e-02;6.025703e-02;7.087307e-02;6.422839e-02;1.083138e-01;5.860354e-02;9.656628e-02;9.931588e-02;1.247234e-01;7.020030e-02
6.711740e-02;8.291434e-02;1.172000e-01;5.930472e-02;6.285699e-02;2.453201e-02;8.590602e-02;9.455203e-02;9.637545e-02;9.805465e-02;1.438887e-01;6.729770e-02
1.001433e-01;8.890092e-02;1.172980e-01;8.201437e-02;6.888912e-02;5.459153e-02;7.087067e-02;8.285714e-02;1.004913e-01;5.280538e-02;9.301792e-02;8.812042e-02
7.901804e-02;5.688055e-02;1.564113e-01;8.998818e-02;8.557542e-02;7.231049e-02;7.008297e-02;8.123143e-02;8.388135e-02;6.833600e-02;7.296645e-02;8.331786e-02
5.731626e-02;5.355750e-02;2.108633e-01;8.070142e-02;7.143693e-02;6.564029e-02;1.224442e-01;5.648132e-02;5.790950e-02;1.089040e-01;6.523894e-02;4.950630e-02
3.574365e-02;5.298532e-02;2.558567e-01;5.765020e-02;4.609062e-02;6.063184e-02;1.704996e-01;5.039350e-02;4.279405e-02;1.315409e-01;5.226354e-02;4.355014e-02
2.534619e-02;6.829838e-02;2.362476e-01;3.169627e-02;2.579764e-02;8.517013e-02;1.553639e-01;5.701038e-02;7.296350e-02;1.169753e-01;5.593538e-02;6.919533e-02
1.259316e-02;8.590866e-02;2.034546e-01;1.550612e-02;1.589410e-02;1.170895e-01;1.202452e-01;5.940975e-02;9.291971e-02;1.091956e-01;7.810288e-02;8.968069e-02
3.049969e-02;9.898819e-02;1.799499e-01;1.422548e-02;1.994515e-02;1.321738e-01;8.524251e-02;5.162184e-02;1.093568e-01;8.467028e-02;8.172925e-02;1.115970e-01
4.436065e-02;1.330400e-01;1.817124e-01;1.559130e-02;1.973077e-02;1.501207e-01;4.572964e-02;4.382777e-02;1.153906e-01;4.898579e-02;7.121712e-02;1.302932e-01
5.204102e-02;1.586749e-01;1.786506e-01;2.727377e-02;1.955166e-02;1.496785e-01;5.450426e-02;3.256371e-02;9.887554e-02;3.919526e-02;6.255344e-02;1.264373e-01
5.925376e-02;1.830995e-01;1.838820e-01;2.955302e-02;2.395939e-02;1.362352e-01;4.992175e-02;3.135569e-02;1.068871e-01;2.750050e-02;4.363970e-02;1.247125e-01
8.291969e-02;2.090891e-01;2.022974e-01;2.315630e-02;1.770960e-02;1.187453e-01;4.081821e-02;2.285113e-02;1.093823e-01;2.408070e-02;1.958756e-02;1.293627e-01
1.020883e-01;2.230629e-01;1.976043e-01;2.700139e-02;1.664457e-02;1.028947e-01;3.048202e-02;2.738386e-02;9.681349e-02;2.715886e-02;2.072676e-02;1.281389e-01
8.763291e-02;2.252348e-01;2.043075e-01;2.425363e-02;2.316096e-02;8.570048e-02;5.070294e-02;2.804645e-02;8.446339e-02;3.676486e-02;3.569526e-02;1.140368e-01
9.506464e-02;2.188281e-01;2.381842e-01;2.372943e-02;1.930846e-02;6.438512e-02;4.897264e-02;2.832341e-02;8.275489e-02;4.460512e-02;4.290563e-02;9.293832e-02
1.411832e-01;2.039228e-01;2.274224e-01;2.761837e-02;1.803466e-02;4.754068e-02;6.228879e-02;2.581397e-02;8.356376e-02;4.753323e-02;3.681462e-02;7.826351e-02
1.716464e-01;1.840196e-01;2.029111e-01;3.266889e-02;4.258433e-02;4.874128e-02;8.481052e-02;2.114639e-02;7.025826e-02;4.460112e-02;3.211868e-02;6.449339e-02
1.326675e-01;1.866970e-01;1.579615e-01;4.239389e-02;7.629688e-02;6.201690e-02;9.205896e-02;3.812747e-02;4.289268e-02;5.518292e-02;5.432325e-02;5.938101e-02
1.390185e-01;1.963573e-01;1.370405e-01;3.318563e-02;4.653755e-02;6.959196e-02;1.142130e-01;3.062542e-02;7.641765e-02;5.052395e-02;5.671421e-02;4.977429e-02
1.786355e-01;2.198339e-01;1.714962e-01;2.927758e-02;2.759783e-02;6.369320e-02;7.744733e-02;3.999666e-02;5.728595e-02;3.572202e-02;3.701573e-02;6.199813e-02
1.242760e-01;2.037832e-01;2.386194e-01;5.776371e-02;4.393643e-02;5.051967e-02;2.563448e-02;4.741118e-02;5.240792e-02;3.852000e-02;4.504876e-02;7.207927e-02
6.073369e-02;1.555011e-01;2.575457e-01;5.735546e-02;5.849453e-02;4.673034e-02;6.859737e-02;6.825440e-02;4.693960e-02;7.880950e-02;5.026652e-02;5.077176e-02
5.389069e-02;7.484116e-02;1.323372e-01;5.084636e-02;7.347330e-02;6.851991e-02;9.545887e-02;8.827998e-02;7.838655e-02;9.530274e-02;1.137784e-01;7.488475e-02
7.064167e-02;4.903937e-02;8.729477e-02;5.533057e-02;7.667698e-02;7.302543e-02;1.012231e-01;8.952596e-02;8.671084e-02;7.829636e-02;1.375993e-01;9.463564e-02
1.148237e-01;7.629034e-02;1.373813e-01;6.935146e-02;1.099570e-01;6.216151e-02;7.584436e-02;5.855057e-02;9.342337e-02;4.502288e-02;7.188480e-02;8.530866e-02
1.021142e-01;8.043440e-02;1.463353e-01;7.660399e-02;1.345060e-01;7.726487e-02;7.153451e-02;5.381522e-02;8.409618e-02;6.012069e-02;4.896193e-02;6.421268e-02
6.130967e-02;6.269093e-02;2.261861e-01;7.184247e-02;1.190744e-01;7.020868e-02;1.262551e-01;4.143527e-02;5.390369e-02;6.998870e-02;4.591457e-02;5.119043e-02
2.096597e-02;6.433712e-02;2.585542e-01;5.793933e-02;9.136255e-02;7.075810e-02;1.793208e-01;3.505927e-02;4.439836e-02;6.478876e-02;3.858606e-02;7.392955e-02
2.702474e-02;7.797794e-02;2.285092e-01;2.528537e-02;5.188276e-02;1.018856e-01;1.994685e-01;3.767462e-02;6.217772e-02;6.976433e-02;2.291664e-02;9.543256e-02
1.568311e-02;7.422505e-02;2.077411e-01;2.213115e-02;2.468709e-02;1.412192e-01;1.585283e-01;5.242532e-02;9.117048e-02;8.070220e-02;2.132927e-02;1.101577e-01
2.364722e-02;8.751712e-02;1.851259e-01;2.129485e-02;3.156633e-02;1.483796e-01;1.063109e-01;7.061403e-02;1.009393e-01;8.317164e-02;2.661599e-02;1.148171e-01
3.681038e-02;1.099056e-01;1.635186e-01;2.848167e-02;4.180296e-02;1.582675e-01;6.867215e-02;8.301808e-02;1.134326e-01;6.742173e-02;2.477252e-02;1.038963e-01
5.418720e-02;1.430208e-01;1.225021e-01;3.910840e-02;5.194691e-02;1.816597e-01;4.601969e-02;7.216752e-02;1.293013e-01;4.574849e-02;1.956891e-02;9.476896e-02
4.234884e-02;1.570603e-01;1.666408e-01;6.352735e-02;4.659294e-02;1.781729e-01;4.769294e-02;4.103800e-02;1.284167e-01;2.229555e-02;1.577351e-02;9.044024e-02
4.988130e-02;1.523345e-01;1.878482e-01;8.586379e-02;3.765919e-02;1.487289e-01;5.271037e-02;3.513316e-02;1.201261e-01;2.109289e-02;1.923778e-02;8.938381e-02
6.510016e-02;1.637047e-01;1.446393e-01;1.066273e-01;6.375168e-02;1.454059e-01;3.131068e-02;2.906443e-02;1.294695e-01;2.032762e-02;2.253428e-02;7.806444e-02
1.044093e-01;1.755027e-01;8.411697e-02;1.040440e-01;7.303935e-02;1.478736e-01;2.883229e-02;2.792414e-02;1.370939e-01;2.343160e-02;4.079557e-02;5.293676e-02
1.218101e-01;1.785811e-01;1.002477e-01;8.433580e-02;5.049135e-02;1.264690e-01;4.571124e-02;2.980481e-02;1.363079e-01;2.551434e-02;4.685061e-02;5.387609e-02
7.639497e-02;1.847695e-01;1.686235e-01;9.155083e-02;4.073618e-02;1.058931e-01;5.196728e-02;2.824969e-02;1.408153e-01;2.318610e-02;1.713287e-02;7.068058e-02
4.139537e-02;1.741679e-01;2.302986e-01;9.469545e-02;4.024457e-02;8.495640e-02;4.189621e-02;3.981995e-02;1.549925e-01;1.694597e-02;5.977813e-02;2.080894e-02
7.850001e-02;1.541911e-01;2.227549e-01;6.885579e-02;3.682306e-02;6.757694e-02;2.651753e-02;3.283501e-02;1.586429e-01;1.804774e-02;7.352819e-02;6.172686e-02
6.554367e-02;1.785042e-01;1.997795e-01;5.411947e-02;3.730053e-02;7.852990e-02;3.208217e-02;1.816329e-02;1.650889e-01;1.649101e-02;5.022833e-02;1.041690e-01
3.998256e-02;1.962559e-01;1.534328e-01;7.217076e-02;3.361909e-02;1.000211e-01;3.324713e-02;1.558642e-02;1.814480e-01;9.998614e-03;4.965228e-02;1.145853e-01
3.282538e-02;2.010828e-01;9.204660e-02;1.197936e-01;3.617436e-02;1.193358e-01;3.102386e-02;1.505703e-02;2.066966e-01;1.149704e-02;3.983077e-02;9.463616e-02
2.782225e-02;1.676772e-01;7.318303e-02;1.559810e-01;4.576235e-02;1.437642e-01;3.279090e-02;1.239010e-02;1.992956e-01;1.687919e-02;4.936273e-02;7.509144e-02
2.995522e-02;1.373752e-01;5.660783e-02;1.583331e-01;4.588656e-02;1.800895e-01;2.065920e-02;1.647445e-02;1.860821e-01;1.095463e-02;7.909738e-02;7.848489e-02
2.718123e-02;1.352535e-01;5.978816e-02;1.342715e-01;3.684504e-02;2.082929e-01;2.479129e-02;1.803020e-02;1.892347e-01;1.616796e-02;7.435418e-02;7.578935e-02
4.121128e-02;1.541071e-01;7.178703e-02;1.090431e-01;4.105433e-02;1.954645e-01;2.361980e-02;4.544565e-02;1.978572e-01;1.301181e-02;4.112887e-02;6.626939e-02
4.055411e-02;1.591074e-01;9.041220e-02;9.020390e-02;4.916365e-02;1.464414e-01;3.160704e-02;6.983125e-02;1.899845e-01;1.472741e-02;5.220782e-02;6.575917e-02
4.325955e-02;1.492071e-01;1.008196e-01;7.012874e-02;5.954349e-02;1.192107e-01;2.848197e-02;8.134513e-02;1.766825e-01;1.589494e-02;8.767103e-02;6.775539e-02
3.655089e-02;1.407974e-01;1.195528e-01;5.259239e-02;6.229869e-02;1.109780e-01;6.352325e-02;6.676553e-02;1.627168e-01;1.615236e-02;1.029373e-01;6.513464e-02
3.177067e-02;1.398059e-01;1.171289e-01;1.079621e-01;5.217224e-02;1.188250e-01;8.930866e-02;5.175873e-02;1.253141e-01;2.273748e-02;9.330820e-02;4.990804e-02
6.208938e-02;1.406798e-01;7.552929e-02;1.586406e-01;4.590704e-02;1.698649e-01;8.754186e-02;3.053869e-02;8.864494e-02;3.080901e-02;5.198488e-02;5.776963e-02
4.034289e-02;1.161355e-01;8.307485e-02;1.663808e-01;7.324217e-02;1.827540e-01;1.109950e-01;5.408733e-02;8.477020e-02;2.662300e-02;2.952675e-02;3.206744e-02
2.883521e-02;7.146842e-02;8.001879e-02;1.642471e-01;6.675423e-02;2.261147e-01;1.446761e-01;3.260070e-02;9.909105e-02;2.913160e-02;3.033958e-02;2.672263e-02
4.977214e-02;7.598861e-02;7.960638e-02;1.590821e-01;5.695048e-02;1.557462e-01;1.636296e-01;2.268991e-02;1.260547e-01;2.552688e-02;4.987760e-02;3.507548e-02
7.701422e-02;5.165736e-02;6.546488e-02;6.452841e-02;7.281048e-02;1.107493e-01;9.364259e-02;1.084771e-01;9.447228e-02;6.826063e-02;1.099321e-01;8.299068e-02
8.378116e-02;5.387137e-02;5.808711e-02;5.674293e-02;7.499674e-02;9.459109e-02;9.826760e-02;1.170365e-01;8.089685e-02;7.523103e-02;1.312988e-01;7.519881e-02
9.289650e-02;5.747768e-02;6.261684e-02;6.088958e-02;6.428470e-02;7.944364e-02;8.969830e-02;1.198276e-01;6.552680e-02;8.612730e-02;1.581742e-01;6.303693e-02
1.133057e-01;6.375239e-02;7.062507e-02;7.229523e-02;4.522564e-02;6.716155e-02;6.809359e-02;1.136373e-01;5.780969e-02;9.436796e-02;1.854305e-01;4.829535e-02
1.195730e-01;5.834594e-02;8.589669e-02;6.983591e-02;5.391838e-02;5.782999e-02;9.969347e-02;9.976531e-02;5.444790e-02;7.919084e-02;1.387109e-01;8.279166e-02
5.922914e-02;5.191458e-02;8.422680e-02;5.964087e-02;7.797007e-02;7.182254e-02;1.155872e-01;1.314560e-01;1.137815e-01;6.281563e-02;7.991859e-02;9.163703e-02
4.736851e-02;5.835301e-02;7.099223e-02;7.216506e-02;9.564351e-02;5.770264e-02;8.909588e-02;1.517174e-01;1.365902e-01;6.855865e-02;7.297147e-02;7.884131e-02
3.571685e-02;6.988643e-02;5.325922e-02;1.015056e-01;1.115451e-01;3.667269e-02;4.441929e-02;1.787782e-01;1.271559e-01;7.433330e-02;9.263232e-02;7.409509e-02
