1.168195e-01;8.218094e-02;5.812307e-02;4.025645e-02;5.108245e-02;4.361863e-02;1.019456e-01;1.746212e-01;1.210319e-01;4.557412e-02;1.126439e-01;5.210228e-02
8.301313e-02;1.107335e-01;4.880099e-02;3.852807e-02;7.443170e-02;3.783965e-02;1.057654e-01;2.228653e-01;9.525003e-02;7.066637e-02;7.469346e-02;3.741250e-02
9.936332e-02;1.091493e-01;3.447637e-02;3.781590e-02;7.560556e-02;5.177065e-02;1.033147e-01;1.902818e-01;7.206908e-02;7.084016e-02;1.337410e-01;2.157222e-02
1.203617e-01;7.576124e-02;4.204419e-02;3.120070e-02;5.876270e-02;6.034314e-02;8.607671e-02;1.861578e-01;9.579976e-02;6.100088e-02;1.660698e-01;1.642141e-02
1.562300e-01;4.930696e-02;3.921590e-02;3.288860e-02;3.704412e-02;6.497538e-02;1.025498e-01;1.762424e-01;1.207395e-01;5.019668e-02;1.348966e-01;3.571425e-02
1.707319e-01;6.360505e-02;3.181811e-02;6.159334e-02;2.571660e-02;6.184792e-02;1.159973e-01;1.675745e-01;1.121999e-01;5.103886e-02;9.940112e-02;3.847548e-02
1.349064e-01;7.962996e-02;3.165760e-02;8.756570e-02;4.476203e-02;5.641780e-02;8.453239e-02;1.336344e-01;8.829698e-02;1.225249e-01;1.190254e-01;1.704645e-02
6.941713e-02;7.652027e-02;4.328036e-02;5.217004e-02;7.044813e-02;7.903136e-02;8.578144e-02;1.063818e-01;9.648240e-02;1.328710e-01;1.625511e-01;2.506503e-02
6.891700e-02;1.106617e-01;4.724189e-02;4.635428e-02;6.976484e-02;8.097504e-02;9.451875e-02;1.124029e-01;1.271021e-01;6.953547e-02;1.415510e-01;3.097500e-02
9.628147e-02;1.114900e-01;4.930454e-02;6.520659e-02;3.222040e-02;7.932021e-02;1.020440e-01;1.330913e-01;1.084494e-01;3.975356e-02;1.041257e-01;7.871290e-02
1.053451e-01;5.902233e-02;3.357762e-02;7.658455e-02;3.955899e-02;7.241147e-02;1.195920e-01;2.022367e-01;6.477166e-02;3.378957e-02;1.081069e-01;8.500318e-02
8.895233e-02;5.553507e-02;2.247093e-02;5.016956e-02;4.071043e-02;6.507080e-02;1.956083e-01;1.879658e-01;1.024423e-01;6.959177e-02;8.646946e-02;3.501327e-02
5.178290e-02;5.128745e-02;2.310150e-02;6.358939e-02;2.437603e-02;6.042560e-02;1.830587e-01;1.957181e-01;1.203130e-01;1.146732e-01;7.455097e-02;3.712320e-02
4.744832e-02;4.356938e-02;3.049670e-02;7.347621e-02;1.719249e-02;8.410049e-02;1.091314e-01;2.468872e-01;1.065462e-01;1.248029e-01;9.115870e-02;2.519002e-02
6.849219e-02;5.918031e-02;4.259954e-02;5.929081e-02;2.004452e-02;7.692366e-02;1.046240e-01;2.525845e-01;1.102528e-01;1.021664e-01;8.543480e-02;1.840651e-02
8.941794e-02;9.893706e-02;4.818954e-02;4.956330e-02;2.459098e-02;3.882243e-02;1.627100e-01;1.946292e-01;8.956265e-02;7.471374e-02;1.098774e-01;1.898584e-02
9.687180e-02;9.401938e-02;3.563816e-02;2.064948e-02;3.126664e-02;4.652978e-02;2.307172e-01;2.521743e-01;3.951195e-02;2.437036e-02;9.956459e-02;2.868636e-02
9.904896e-02;7.589844e-02;3.229856e-02;1.537254e-02;3.109264e-02;5.261026e-02;2.639237e-01;2.306433e-01;5.555318e-02;4.054995e-02;7.222594e-02;3.078251e-02
1.066996e-01;5.391785e-02;2.901852e-02;2.802376e-02;3.013432e-02;5.794456e-02;2.730398e-01;1.957211e-01;5.816722e-02;5.925550e-02;7.962620e-02;2.845155e-02
1.178158e-01;7.709858e-02;3.008758e-02;3.633954e-02;3.184451e-02;1.020407e-01;2.346808e-01;1.581045e-01;2.703483e-02;6.143058e-02;1.005687e-01;2.295396e-02
1.093459e-01;9.563643e-02;3.162250e-02;3.292683e-02;2.706489e-02;1.292899e-01;1.898811e-01;1.643367e-01;4.370133e-02;4.034418e-02;1.269058e-01;8.944519e-03
6.991298e-02;5.834275e-02;4.265816e-02;5.027731e-02;2.827290e-02;1.333448e-01;1.765971e-01;1.559005e-01;8.149362e-02;6.571501e-02;1.086963e-01;2.878853e-02
4.554859e-02;4.136721e-02;5.901766e-02;4.440807e-02;8.242290e-02;1.136814e-01;1.893342e-01;1.309268e-01;1.117496e-01;4.994928e-02;7.180771e-02;5.978662e-02
2.998246e-02;2.437951e-02;6.608587e-02;1.814996e-02;1.452470e-01;7.888968e-02;1.990984e-01;1.231720e-01;1.457918e-01;9.674547e-03;6.607226e-02;9.345648e-02
2.410758e-02;1.784116e-02;5.581267e-02;3.084677e-02;1.696749e-01;6.202835e-02;2.318111e-01;1.273476e-01;1.344974e-01;8.217974e-03;4.188221e-02;9.593233e-02
3.694931e-02;2.945766e-02;3.901430e-02;4.273384e-02;1.483310e-01;6.436996e-02;2.135528e-01;1.723356e-01;9.111335e-02;1.806908e-02;6.969613e-02;7.437701e-02
1.207465e-01;4.402840e-02;4.160618e-02;4.136727e-02;1.572454e-01;5.610317e-02;1.506684e-01;1.172033e-01;5.801488e-02;1.626164e-02;1.277710e-01;6.898382e-02
1.277596e-01;8.021747e-02;4.542651e-02;4.525168e-02;1.804425e-01;5.771001e-02;1.164179e-01;4.622194e-02;5.746842e-02;8.310379e-03;1.681472e-01;6.662645e-02
5.327999e-02;8.105110e-02;5.154884e-02;4.372846e-02;2.134070e-01;5.438539e-02;8.541263e-02;5.760750e-02;6.591211e-02;1.415348e-02;1.956352e-01;8.387837e-02
6.786709e-02;5.500040e-02;5.447747e-02;4.266001e-02;2.404793e-01;4.521945e-02;9.102084e-02;5.925190e-02;6.525574e-02;1.300929e-02;1.605746e-01;1.051839e-01
8.587445e-02;5.002417e-02;5.361368e-02;3.266925e-02;2.200906e-01;5.513658e-02;1.193248e-01;4.729613e-02;8.638382e-02;2.271534e-02;1.250106e-01;1.018606e-01
6.374578e-02;3.600534e-02;3.477264e-02;9.733491e-03;1.952773e-01;5.793272e-02;1.754253e-01;5.972484e-02;1.351508e-01;3.542729e-02;9.318388e-02;1.036207e-01
4.232211e-02;2.458724e-02;4.704929e-02;2.252349e-02;1.683557e-01;5.055547e-02;2.012205e-01;7.150846e-02;1.686553e-01;2.105908e-02;6.673837e-02;1.154251e-01
5.833508e-02;1.506822e-02;7.707080e-02;3.169565e-02;1.361834e-01;4.943911e-02;2.083591e-01;3.805074e-02;1.957064e-01;1.569190e-02;5.416242e-02;1.202372e-01
7.604847e-02;1.285453e-02;8.945750e-02;2.595759e-02;9.673309e-02;7.774851e-02;1.606058e-01;7.693421e-02;1.910015e-01;4.848092e-02;5.382154e-02;9.035631e-02
9.939498e-02;1.270629e-02;7.925009e-02;1.435731e-02;8.875346e-02;1.065682e-01;1.442039e-01;8.608167e-02;1.760834e-01;1.038427e-01;3.632114e-02;5.243672e-02
1.134634e-01;1.770408e-02;4.407230e-02;4.547314e-02;5.848615e-02;1.209281e-01;1.722383e-01;8.204782e-02;1.238950e-01;1.544210e-01;3.790384e-02;2.936673e-02
1.221148e-01;3.479770e-02;1.829678e-02;6.406234e-02;3.303463e-02;1.377032e-01;1.872153e-01;1.207049e-01;7.530598e-02;1.706758e-01;1.810540e-02;1.798316e-02
1.168069e-01;6.448123e-02;1.319071e-02;6.428643e-02;1.962056e-02;1.072576e-01;2.728092e-01;1.148912e-01;6.183136e-02;1.091891e-01;4.677819e-02;8.857553e-03
9.846263e-02;1.055210e-01;1.159737e-02;3.404092e-02;1.561552e-02;8.090655e-02;3.563039e-01;1.176110e-01;5.443091e-02;4.110208e-02;7.134893e-02;1.305923e-02
1.298902e-01;1.206726e-01;1.158305e-02;1.718923e-02;2.484443e-02;6.068891e-02;3.596915e-01;1.325407e-01;3.889661e-02;1.291384e-02;8.184809e-02;9.240768e-03
1.753825e-01;1.175656e-01;9.380436e-03;1.634272e-02;2.833597e-02;5.229959e-02;3.422544e-01;1.323815e-01;2.050076e-02;7.814433e-03;8.479878e-02;1.294329e-02
1.933375e-01;1.134539e-01;1.103099e-02;8.572668e-03;2.724868e-02;8.287138e-02;3.898165e-01;7.605907e-02;9.317723e-03;1.270080e-02;6.042729e-02;1.516352e-02
1.239996e-01;6.376634e-02;1.155509e-02;9.339862e-03;2.590942e-02;1.030531e-01;4.741463e-01;1.363525e-01;6.962119e-03;1.351440e-02;2.357394e-02;7.827288e-03
7.738157e-02;4.228222e-02;1.765429e-02;1.177724e-02;2.083671e-02;8.997681e-02;4.997889e-01;1.523328e-01;1.719708e-02;2.066601e-02;4.276701e-02;7.339317e-03
6.773837e-02;4.232694e-02;1.958526e-02;1.447269e-02;3.087051e-02;8.714696e-02;5.010676e-01;1.409659e-01;2.596575e-02;2.844581e-02;3.168924e-02;9.724896e-03
1.413944e-01;6.987454e-02;1.841557e-02;1.520642e-02;3.857746e-02;7.534490e-02;4.312112e-01;1.039609e-01;3.010435e-02;2.208452e-02;3.287024e-02;2.095543e-02
1.842165e-01;5.444821e-02;1.651962e-02;3.040408e-02;5.894838e-02;5.396258e-02;2.529975e-01;1.219433e-01;4.362643e-02;3.584242e-02;1.169289e-01;3.016209e-02
1.577321e-01;1.059996e-01;2.154026e-02;3.635795e-02;5.200535e-02;3.628410e-02;2.525231e-01;1.481795e-01;4.827827e-02;4.167815e-02;8.921224e-02;1.020940e-02
1.611159e-01;1.129021e-01;2.079995e-02;3.266754e-02;3.014577e-02;4.445590e-02;2.920474e-01;1.756542e-01;3.180320e-02;2.738493e-02;4.935000e-02;2.167307e-02
1.565118e-01;1.076442e-01;1.453906e-02;2.302677e-02;1.410310e-02;5.685356e-02;3.326300e-01;1.596532e-01;1.924533e-02;1.623606e-02;6.805611e-02;3.150078e-02
1.504171e-01;1.115485e-01;1.271768e-02;1.825830e-02;1.319934e-02;6.813818e-02;3.618352e-01;1.426111e-01;2.388254e-02;8.260333e-03;5.560032e-02;3.353139e-02
1.635589e-01;1.050631e-01;1.456096e-02;1.906949e-02;1.887165e-02;8.400323e-02;3.537748e-01;1.363537e-01;3.339155e-02;6.608890e-03;3.641497e-02;2.832871e-02
1.803272e-01;1.194914e-01;2.135121e-02;1.828762e-02;2.713893e-02;1.062544e-01;3.435492e-01;7.257488e-02;3.201537e-02;1.125205e-02;4.551423e-02;2.224347e-02
1.683084e-01;9.327079e-02;2.614903e-02;9.363663e-03;2.746425e-02;1.100105e-01;3.794898e-01;6.311578e-02;2.221001e-02;1.322763e-02;6.632250e-02;2.106756e-02
1.520547e-01;5.412592e-02;3.044260e-02;1.946081e-02;3.360131e-02;8.387304e-02;3.544126e-01;1.105764e-01;2.634171e-02;2.184377e-02;8.774538e-02;2.552179e-02
1.377383e-01;5.367559e-02;3.943057e-02;2.233831e-02;4.734069e-02;6.882066e-02;2.389044e-01;1.356632e-01;3.377567e-02;2.574006e-02;1.711404e-01;2.543230e-02
8.032805e-02;7.240162e-02;5.211669e-02;3.174726e-02;4.072179e-02;6.782914e-02;2.187429e-01;8.670112e-02;2.513510e-02;3.735091e-02;2.597792e-01;2.714616e-02
8.188823e-02;3.849915e-02;4.538904e-02;4.121318e-02;3.135191e-02;4.965955e-02;1.841085e-01;9.049856e-02;2.976554e-02;6.958336e-02;3.069056e-01;3.113734e-02
6.290376e-02;5.807966e-02;3.775553e-02;3.426355e-02;3.488992e-02;4.316569e-02;1.445086e-01;9.860346e-02;7.679763e-02;7.518247e-02;3.126191e-01;2.123072e-02
3.247376e-02;5.040396e-02;4.701681e-02;4.913152e-02;2.975672e-02;4.326180e-02;9.686695e-02;9.749807e-02;1.575705e-01;7.651918e-02;3.109554e-01;8.545332e-03
3.404003e-02;5.365247e-02;4.603537e-02;4.831080e-02;2.494363e-02;5.388718e-02;9.588633e-02;1.097166e-01;1.514170e-01;6.855232e-02;3.044427e-01;9.115624e-03
5.723243e-02;6.325047e-02;4.671469e-02;4.506002e-02;3.472424e-02;7.528225e-02;1.490216e-01;1.037271e-01;7.253943e-02;4.506308e-02;2.950758e-01;1.230900e-02
8.146609e-02;1.017834e-01;4.985868e-02;5.532168e-02;3.835102e-02;6.813765e-02;1.498910e-01;7.943577e-02;2.280328e-02;2.997485e-02;3.110536e-01;1.192297e-02
1.057206e-01;1.327209e-01;5.306284e-02;5.387699e-02;4.484079e-02;6.947669e-02;7.826450e-02;8.022488e-02;2.329161e-02;3.060259e-02;3.136625e-01;1.425506e-02
9.618681e-02;1.137268e-01;5.631554e-02;5.849844e-02;7.097851e-02;8.296392e-02;1.108728e-01;1.004955e-01;2.498543e-02;2.857366e-02;2.390907e-01;1.731186e-02
6.733613e-02;1.162560e-01;6.473543e-02;6.905060e-02;6.924358e-02;9.650180e-02;1.300278e-01;1.020836e-01;1.469361e-02;3.088189e-02;2.271060e-01;1.208348e-02
5.124379e-02;1.027996e-01;6.588910e-02;7.604410e-02;6.934112e-02;7.445810e-02;1.290984e-01;9.699829e-02;1.047170e-02;3.955666e-02;2.710570e-01;1.304206e-02
7.148708e-02;9.547485e-02;6.555136e-02;1.000974e-01;5.133029e-02;5.260674e-02;1.253514e-01;1.069919e-01;1.492933e-02;3.310084e-02;2.744934e-01;8.585334e-03
4.770816e-02;8.925650e-02;6.368058e-02;1.340212e-01;5.663702e-02;5.150784e-02;1.139000e-01;1.077511e-01;1.918940e-02;2.814825e-02;2.729252e-01;1.527460e-02
4.034608e-02;1.096497e-01;6.440521e-02;1.475307e-01;7.409213e-02;7.319867e-02;8.796538e-02;9.827621e-02;1.157216e-02;1.781576e-02;2.625393e-01;1.260869e-02
3.649803e-02;1.140405e-01;7.130270e-02;1.472794e-01;8.128708e-02;8.687906e-02;8.542121e-02;8.974948e-02;7.457430e-03;1.838806e-02;2.547942e-01;6.902784e-03
7.515551e-02;1.263403e-01;7.225188e-02;1.379407e-01;7.932827e-02;9.889392e-02;1.117756e-01;9.785263e-02;6.529843e-03;1.578733e-02;1.633088e-01;1.483526e-02
1.201500e-01;1.294084e-01;5.782488e-02;1.206723e-01;6.924495e-02;9.887491e-02;1.568977e-01;1.253045e-01;1.299654e-02;1.353319e-02;8.271362e-02;1.237896e-02
8.733933e-02;9.938262e-02;4.382072e-02;1.319435e-01;6.326684e-02;7.996921e-02;1.261564e-01;1.717946e-01;1.510264e-02;1.296047e-02;1.549769e-01;1.328663e-02
3.766225e-02;6.898432e-02;3.870503e-02;1.475861e-01;4.207095e-02;6.859919e-02;6.857316e-02;2.462472e-01;2.086676e-02;1.815579e-02;2.212768e-01;2.127248e-02
4.464735e-02;6.259124e-02;3.141647e-02;1.192079e-01;2.555817e-02;8.905449e-02;7.795618e-02;2.901609e-01;1.884508e-02;1.916595e-02;2.111284e-01;1.026791e-02
3.105671e-02;6.501124e-02;4.678862e-02;1.057478e-01;5.315514e-02;4.801816e-02;1.125663e-01;2.755652e-01;4.452585e-02;2.894473e-02;1.491775e-01;3.944269e-02
3.972290e-02;6.469302e-02;4.412762e-02;1.097079e-01;5.298269e-02;7.750240e-02;1.179249e-01;2.624458e-01;3.734587e-02;3.270432e-02;1.388123e-01;2.203034e-02
3.778797e-02;6.480823e-02;3.212301e-02;1.012967e-01;3.795725e-02;8.703493e-02;1.022840e-01;2.939936e-01;1.550852e-02;2.992663e-02;1.714188e-01;2.586026e-02
4.839945e-02;7.693156e-02;3.404167e-02;8.223904e-02;2.331837e-02;5.089145e-02;1.022197e-01;2.976087e-01;3.221457e-02;3.692432e-02;1.657794e-01;4.943170e-02
4.877610e-02;9.255636e-02;3.454961e-02;1.094050e-01;5.102761e-02;4.455982e-02;1.264677e-01;2.683905e-01;4.090372e-02;3.973616e-02;9.600864e-02;4.761884e-02
3.944318e-02;1.109561e-01;3.172287e-02;1.154319e-01;3.878712e-02;3.656866e-02;1.151141e-01;2.354593e-01;5.378642e-02;4.739287e-02;1.246708e-01;5.066665e-02
6.319176e-02;9.165845e-02;4.154261e-02;6.151232e-02;5.185771e-02;5.272693e-02;1.193637e-01;2.061896e-01;7.157109e-02;4.278047e-02;1.547559e-01;4.284937e-02
5.866838e-02;9.737811e-02;4.921665e-02;5.035402e-02;3.777899e-02;6.735061e-02;1.683706e-01;2.116921e-01;4.753945e-02;4.560292e-02;1.433568e-01;2.269136e-02
5.154493e-02;7.992838e-02;7.379042e-02;5.159379e-02;7.614030e-02;6.065160e-02;2.050124e-01;1.370755e-01;5.251216e-02;4.218302e-02;1.276877e-01;4.187977e-02
1.126324e-01;6.338009e-02;6.711987e-02;3.580941e-02;6.684145e-02;5.543859e-02;2.036760e-01;9.119984e-02;5.623812e-02;3.399389e-02;1.487310e-01;6.493932e-02
1.515923e-01;5.387607e-02;4.268138e-02;2.454972e-02;4.140637e-02;6.149571e-02;2.498314e-01;1.153730e-01;5.563299e-02;3.884653e-02;1.051934e-01;5.952119e-02
1.494200e-01;6.159301e-02;2.428443e-02;5.723520e-02;4.415933e-02;5.597574e-02;2.789056e-01;1.401052e-01;4.588865e-02;5.658009e-02;4.126146e-02;4.459122e-02
1.359527e-01;8.779208e-02;2.956271e-02;7.421712e-02;2.792359e-02;5.305021e-02;2.561910e-01;1.441233e-01;4.521943e-02;4.898330e-02;6.568686e-02;3.129781e-02
1.510017e-01;1.208297e-01;3.885195e-02;4.762045e-02;2.913676e-02;6.538180e-02;2.296414e-01;1.396025e-01;6.073492e-02;3.877116e-02;4.776161e-02;3.066615e-02
1.136738e-01;1.207103e-01;4.099751e-02;8.819034e-02;4.576478e-02;8.654744e-02;1.482961e-01;1.191944e-01;7.039503e-02;6.020923e-02;6.850349e-02;3.751753e-02
6.648713e-02;9.847268e-02;4.243781e-02;8.352794e-02;5.502426e-02;6.520362e-02;1.443860e-01;1.298080e-01;9.973043e-02;6.812678e-02;9.397051e-02;5.282479e-02
7.492418e-02;9.314878e-02;3.487597e-02;5.918907e-02;6.341977e-02;8.795034e-02;1.639918e-01;1.358427e-01;7.790134e-02;6.675686e-02;8.056746e-02;6.143177e-02
1.058785e-01;8.411721e-02;3.942684e-02;3.733069e-02;6.543208e-02;8.023837e-02;1.590113e-01;1.390428e-01;5.869187e-02;9.302846e-02;6.011118e-02;7.769071e-02
7.812707e-02;9.093969e-02;3.731511e-02;4.901554e-02;7.620296e-02;4.449078e-02;1.247071e-01;1.058417e-01;1.109664e-01;1.071992e-01;1.081978e-01;6.699651e-02
6.065547e-02;7.531643e-02;7.422154e-02;6.842194e-02;7.173859e-02;4.424516e-02;6.837950e-02;8.713575e-02;1.371122e-01;9.361804e-02;1.642624e-01;5.489294e-02
9.711619e-02;7.866151e-02;8.365103e-02;6.968150e-02;5.325868e-02;7.970121e-02;8.790954e-02;8.569850e-02;9.708458e-02;6.754352e-02;1.595737e-01;4.012001e-02
1.035515e-01;7.895209e-02;6.839305e-02;6.362098e-02;7.413033e-02;9.612859e-02;1.128904e-01;8.265347e-02;9.030360e-02;7.106482e-02;1.065984e-01;5.171281e-02
8.449446e-02;9.045517e-02;6.654758e-02;6.794508e-02;6.980538e-02;1.114798e-01;1.535650e-01;7.965886e-02;7.099672e-02;6.920340e-02;8.129447e-02;5.455409e-02
1.069546e-01;7.399694e-02;6.346857e-02;4.453793e-02;6.220091e-02;9.608871e-02;1.717066e-01;9.547406e-02;7.914884e-02;6.715698e-02;8.087484e-02;5.839111e-02
1.419699e-01;7.900110e-02;4.292219e-02;4.678861e-02;6.844527e-02;6.992553e-02;1.422363e-01;9.792380e-02;9.852029e-02;5.991686e-02;6.796594e-02;8.438415e-02
1.432586e-01;7.206304e-02;5.203579e-02;5.379694e-02;7.634397e-02;4.932034e-02;1.218308e-01;1.179163e-01;1.012295e-01;5.370005e-02;8.292116e-02;7.558347e-02
1.160748e-01;8.591793e-02;5.774293e-02;1.390517e-01;6.461667e-02;4.536738e-02;1.022876e-01;1.156461e-01;9.302292e-02;5.429087e-02;8.143397e-02;4.454716e-02
9.157209e-02;1.189274e-01;4.437974e-02;1.437972e-01;5.307701e-02;4.362280e-02;9.300284e-02;1.035889e-01;1.005285e-01;4.969533e-02;1.439306e-01;1.387761e-02
8.419772e-02;1.029651e-01;2.698189e-02;9.116446e-02;5.102415e-02;8.037775e-02;8.458323e-02;1.308569e-01;8.736163e-02;6.098779e-02;1.764584e-01;2.304095e-02
1.061209e-01;7.838996e-02;3.758467e-02;5.751030e-02;4.405298e-02;9.736202e-02;9.729217e-02;1.555307e-01;1.111608e-01;6.077464e-02;1.327966e-01;2.142432e-02
1.138792e-01;6.093307e-02;4.055820e-02;4.792392e-02;3.555600e-02;8.846016e-02;1.318796e-01;1.486320e-01;9.258439e-02;6.794175e-02;1.475354e-01;2.411629e-02
8.626927e-02;1.020273e-01;3.139624e-02;4.323988e-02;5.456520e-02;5.733821e-02;1.126293e-01;1.292840e-01;4.983244e-02;8.723927e-02;1.990684e-01;4.711052e-02
6.778170e-02;8.037526e-02;2.039238e-02;7.893076e-02;5.499810e-02;2.747044e-02;1.191245e-01;1.547212e-01;5.688670e-02;1.005319e-01;1.891067e-01;4.968034e-02
9.111554e-02;9.525112e-02;2.273971e-02;8.901480e-02;4.268281e-02;2.797669e-02;9.438901e-02;1.734077e-01;6.431801e-02;8.831736e-02;1.631948e-01;4.759247e-02
1.232640e-01;1.171856e-01;2.967709e-02;7.979756e-02;4.348100e-02;3.979741e-02;9.223368e-02;1.731400e-01;8.507831e-02;8.538530e-02;8.708718e-02;4.387278e-02
1.919226e-01;1.033854e-01;4.032312e-02;3.020243e-02;3.878815e-02;4.271093e-02;1.059202e-01;1.178376e-01;7.545605e-02;6.688587e-02;1.441381e-01;4.242954e-02
2.068624e-01;1.289612e-01;5.584063e-02;2.937396e-02;1.907136e-02;4.019786e-02;1.710695e-01;1.224855e-01;4.262452e-02;6.194954e-02;9.256856e-02;2.899508e-02
1.554963e-01;1.264850e-01;5.861106e-02;2.818182e-02;5.352388e-02;8.966526e-02;1.710264e-01;1.192115e-01;4.398152e-02;5.362605e-02;6.951055e-02;3.068074e-02
1.364977e-01;1.323741e-01;5.046808e-02;2.971125e-02;9.132998e-02;1.116974e-01;1.538155e-01;1.037517e-01;4.241772e-02;2.731275e-02;9.859867e-02;2.202513e-02
1.163429e-01;8.898527e-02;3.443195e-02;4.427680e-02;1.013059e-01;9.094337e-02;1.935814e-01;1.289361e-01;3.898979e-02;4.565660e-02;1.083919e-01;8.158013e-03
9.201508e-02;5.473207e-02;2.297685e-02;3.983030e-02;1.028456e-01;1.009530e-01;2.116465e-01;1.388430e-01;5.188773e-02;5.659887e-02;1.136482e-01;1.402276e-02
8.341996e-02;6.238608e-02;2.350022e-02;5.072602e-02;1.107945e-01;1.338572e-01;2.232604e-01;7.950801e-02;5.021568e-02;7.388771e-02;9.906175e-02;9.382563e-03
7.162680e-02;6.980287e-02;3.300321e-02;6.534021e-02;8.425205e-02;1.370258e-01;2.088341e-01;1.065890e-01;4.839161e-02;9.626260e-02;6.724048e-02;1.163118e-02
4.417178e-02;4.097955e-02;4.799711e-02;5.952473e-02;4.697762e-02;1.018735e-01;2.027203e-01;1.401942e-01;9.282628e-02;9.200226e-02;7.563818e-02;5.509455e-02
2.761658e-02;3.041250e-02;5.479264e-02;3.390428e-02;1.098003e-01;8.350656e-02;2.081274e-01;9.649582e-02;1.381345e-01;5.523483e-02;4.932375e-02;1.126509e-01
3.339119e-02;3.530557e-02;4.104080e-02;5.547701e-02;1.004938e-01;9.870143e-02;1.782550e-01;1.263140e-01;1.200001e-01;3.975075e-02;5.277922e-02;1.184910e-01
5.659453e-02;5.613910e-02;3.729264e-02;7.288228e-02;6.645859e-02;1.163307e-01;1.454556e-01;1.272716e-01;8.142871e-02;5.407831e-02;9.884708e-02;8.722088e-02
3.512215e-02;4.924461e-02;2.828309e-02;7.164537e-02;5.618674e-02;1.268988e-01;1.173568e-01;1.818506e-01;7.439296e-02;5.707001e-02;1.227842e-01;7.916463e-02
4.965360e-02;2.954078e-02;4.822739e-02;2.494546e-02;9.231489e-02;9.876671e-02;1.725331e-01;1.165090e-01;1.697934e-01;2.526490e-02;9.639210e-02;7.605881e-02
7.287746e-02;1.855633e-02;4.989500e-02;3.476258e-02;9.082703e-02;7.866445e-02;2.545841e-01;8.457833e-02;1.829129e-01;3.631746e-02;4.347218e-02;5.255223e-02
8.837024e-02;2.675941e-02;4.550190e-02;2.451991e-02;5.107745e-02;9.834757e-02;2.995746e-01;9.323772e-02;1.167051e-01;4.548139e-02;8.460306e-02;2.582169e-02
9.809563e-02;6.084508e-02;4.192876e-02;3.168952e-02;4.746597e-02;8.593854e-02;2.901698e-01;9.783103e-02;5.306973e-02;4.217971e-02;1.426823e-01;8.103900e-03
1.044048e-01;1.000142e-01;4.482034e-02;4.703861e-02;5.558104e-02;8.391278e-02;2.490416e-01;7.877392e-02;3.826337e-02;3.449000e-02;1.549335e-01;8.725679e-03
1.451459e-01;8.385663e-02;3.345686e-02;3.479728e-02;4.176802e-02;9.279498e-02;1.865034e-01;8.030551e-02;8.387638e-02;3.759436e-02;1.519800e-01;2.792068e-02
1.395997e-01;9.490133e-02;5.230153e-02;6.473422e-02;4.155565e-02;5.680682e-02;1.322381e-01;1.309903e-01;9.167752e-02;5.281579e-02;1.043612e-01;3.801792e-02
1.209793e-01;1.141671e-01;5.402847e-02;5.382725e-02;2.777997e-02;5.687618e-02;1.500655e-01;1.773531e-01;6.174805e-02;5.784035e-02;1.003613e-01;2.497342e-02
1.269336e-01;8.842301e-02;4.919638e-02;7.525927e-02;3.860931e-02;5.439271e-02;1.396945e-01;1.034044e-01;5.421230e-02;6.582182e-02;1.596552e-01;4.439746e-02
1.371402e-01;6.814777e-02;4.754791e-02;6.751756e-02;4.489136e-02;5.340428e-02;1.133781e-01;1.215675e-01;5.622378e-02;6.319958e-02;1.897582e-01;3.722374e-02
1.493216e-01;5.205840e-02;4.681692e-02;5.407805e-02;5.089484e-02;6.188033e-02;1.103982e-01;1.226517e-01;5.294269e-02;6.500933e-02;2.013538e-01;3.259423e-02
1.697392e-01;9.717244e-02;5.104169e-02;1.644178e-02;4.792664e-02;7.453257e-02;1.032339e-01;1.015105e-01;4.487896e-02;7.800668e-02;1.742823e-01;4.123336e-02
1.690941e-01;1.584557e-01;5.365678e-02;5.930444e-02;3.046539e-02;6.441251e-02;1.011246e-01;9.915944e-02;7.273827e-02;5.459030e-02;8.789506e-02;4.910352e-02
1.441604e-01;1.188660e-01;4.740415e-02;3.550181e-02;2.937802e-02;4.731691e-02;1.617331e-01;1.039436e-01;7.654110e-02;6.368264e-02;1.367688e-01;3.470337e-02
1.623370e-01;1.569788e-01;2.800613e-02;1.506503e-02;1.368400e-02;3.355495e-02;1.746526e-01;1.416520e-01;4.442023e-02;5.507120e-02;1.513515e-01;2.322659e-02
9.703975e-02;1.201822e-01;1.884499e-02;1.114783e-02;1.004824e-02;3.771765e-02;2.453782e-01;1.715334e-01;2.382309e-02;3.717335e-02;2.173885e-01;9.722793e-03
9.960024e-02;1.043315e-01;1.874807e-02;1.299509e-02;1.585331e-02;5.751304e-02;2.956721e-01;1.537682e-01;2.044068e-02;3.332295e-02;1.804318e-01;7.322977e-03
1.349757e-01;9.207109e-02;2.340011e-02;1.456767e-02;3.022522e-02;9.590921e-02;3.509800e-01;7.051164e-02;2.664713e-02;3.659208e-02;1.172521e-01;6.867975e-03
9.373197e-02;7.347897e-02;2.664216e-02;2.171520e-02;4.160509e-02;1.054377e-01;3.514896e-01;4.787518e-02;3.503348e-02;4.355283e-02;1.479177e-01;1.152007e-02
5.528159e-02;8.081331e-02;3.579743e-02;2.561500e-02;3.344775e-02;6.566622e-02;2.927245e-01;1.223932e-01;2.860930e-02;3.567361e-02;2.138938e-01;1.008438e-02
8.437734e-02;1.156545e-01;3.813388e-02;2.474218e-02;2.599564e-02;5.214909e-02;1.980938e-01;1.384821e-01;4.106632e-02;7.459194e-02;1.969354e-01;9.777850e-03
8.418886e-02;8.697746e-02;3.043551e-02;2.256843e-02;2.195102e-02;4.095000e-02;1.432309e-01;2.260765e-01;1.186628e-01;1.153340e-01;1.036017e-01;6.022940e-03
3.374967e-02;3.243477e-02;1.435189e-02;1.604089e-02;2.107715e-02;4.391381e-02;9.919560e-02;3.564263e-01;2.343239e-01;9.470144e-02;4.497762e-02;8.806976e-03
1.904573e-02;2.227198e-02;6.266001e-03;1.477330e-02;2.516402e-02;4.514288e-02;6.772061e-02;3.495090e-01;3.644710e-01;6.791125e-02;8.607949e-03;9.116292e-03
1.369390e-02;1.725805e-02;8.423670e-03;1.538533e-02;3.773927e-02;6.009652e-02;1.213205e-01;2.728412e-01;3.834364e-01;4.720371e-02;9.231971e-03;1.336957e-02
3.775138e-02;3.113487e-02;2.475467e-02;2.632613e-02;5.604600e-02;7.546639e-02;1.937531e-01;1.592857e-01;2.621475e-01;6.402036e-02;4.546032e-02;2.385364e-02
6.052374e-02;5.095281e-02;4.895424e-02;2.621574e-02;6.305055e-02;7.974855e-02;2.594730e-01;1.149898e-01;1.172798e-01;6.425682e-02;8.270979e-02;3.184506e-02
7.032538e-02;6.909159e-02;5.801574e-02;2.326705e-02;5.010671e-02;6.781431e-02;2.786836e-01;1.573818e-01;5.418206e-02;5.362678e-02;8.416095e-02;3.334407e-02
1.083298e-01;1.037573e-01;5.177878e-02;3.188347e-02;2.158436e-02;5.179651e-02;1.727145e-01;1.976143e-01;8.454245e-02;6.288988e-02;6.200033e-02;5.110820e-02
1.207694e-01;8.954284e-02;4.123032e-02;2.362365e-02;4.133010e-02;3.406387e-02;1.292750e-01;1.648233e-01;1.070947e-01;6.709205e-02;1.313813e-01;4.977341e-02
9.592168e-02;5.906441e-02;2.980707e-02;9.947977e-02;7.658506e-02;8.062779e-02;1.096884e-01;1.146648e-01;1.058687e-01;9.399106e-02;8.492506e-02;4.937624e-02
5.615909e-02;5.472543e-02;3.592736e-02;8.965084e-02;7.275600e-02;8.079048e-02;1.356671e-01;1.167653e-01;8.257277e-02;8.213177e-02;1.405624e-01;5.229152e-02
6.875170e-02;6.841501e-02;3.750147e-02;6.469224e-02;6.909681e-02;7.518905e-02;1.344852e-01;1.259771e-01;8.117237e-02;7.026521e-02;1.619915e-01;4.246243e-02
1.126917e-01;9.745311e-02;3.521404e-02;2.858219e-02;6.350269e-02;6.268317e-02;1.318304e-01;1.091809e-01;7.157671e-02;4.982018e-02;1.952577e-01;4.220724e-02
1.371761e-01;1.424071e-01;2.872815e-02;4.090711e-02;4.172491e-02;4.133304e-02;1.164921e-01;9.986334e-02;5.576756e-02;5.016725e-02;1.890211e-01;5.641229e-02
1.047393e-01;1.124869e-01;2.736596e-02;5.700407e-02;4.703868e-02;5.914455e-02;1.632377e-01;1.355915e-01;7.548179e-02;6.137618e-02;9.515045e-02;6.138285e-02
1.025833e-01;9.434018e-02;2.522917e-02;3.469270e-02;4.075592e-02;5.713554e-02;2.691261e-01;1.700674e-01;5.511080e-02;4.212032e-02;7.609702e-02;3.274148e-02
1.333448e-01;1.107697e-01;2.294301e-02;3.632523e-02;3.606440e-02;6.655181e-02;2.882381e-01;1.580776e-01;4.488529e-02;3.496801e-02;4.982076e-02;1.801112e-02
1.759031e-01;9.770581e-02;1.155988e-02;4.150047e-02;3.381750e-02;9.973428e-02;2.932397e-01;9.862766e-02;3.735155e-02;5.894850e-02;3.875975e-02;1.285181e-02
2.164818e-01;7.357093e-02;1.211456e-02;3.810892e-02;2.640780e-02;1.245842e-01;2.783415e-01;7.294286e-02;2.721524e-02;7.270281e-02;4.135416e-02;1.617521e-02
2.246804e-01;5.038933e-02;2.935975e-02;2.694042e-02;3.306432e-02;1.077695e-01;2.498263e-01;6.026610e-02;5.643656e-02;5.936956e-02;8.027992e-02;2.161786e-02
1.717771e-01;2.725430e-02;4.626678e-02;2.822835e-02;5.178414e-02;7.122429e-02;2.472764e-01;3.696578e-02;9.408056e-02;4.741262e-02;1.358668e-01;4.186276e-02
1.087891e-01;1.332003e-02;5.034329e-02;4.259858e-02;7.114902e-02;8.242857e-02;2.255493e-01;6.566273e-02;1.101598e-01;3.803321e-02;1.093331e-01;8.263315e-02
4.231644e-02;2.470269e-02;4.843318e-02;4.094969e-02;8.110411e-02;9.095992e-02;1.945742e-01;1.020998e-01;9.956803e-02;2.977562e-02;1.227324e-01;1.227840e-01
8.667406e-02;2.803262e-02;3.658913e-02;2.929147e-02;6.523118e-02;9.311951e-02;2.097523e-01;1.057952e-01;5.736905e-02;2.206634e-02;1.547272e-01;1.113520e-01
7.780197e-02;6.463049e-02;3.472891e-02;2.478561e-02;4.056351e-02;7.152390e-02;1.597114e-01;9.445713e-02;2.966147e-02;3.390411e-02;2.946143e-01;7.361727e-02
1.196995e-01;9.161406e-02;3.501802e-02;2.500482e-02;1.985923e-02;3.234776e-02;8.957775e-02;1.006769e-01;2.631972e-02;3.114208e-02;3.847253e-01;4.401492e-02
1.308704e-01;1.263618e-01;4.167682e-02;2.939538e-02;2.082217e-02;1.817747e-02;7.195304e-02;1.072184e-01;2.100953e-02;3.132551e-02;3.669865e-01;3.420286e-02
1.311485e-01;1.524928e-01;4.843283e-02;2.549628e-02;2.084888e-02;3.123363e-02;8.330424e-02;1.257995e-01;2.270539e-02;3.916354e-02;2.782727e-01;4.110162e-02
1.050078e-01;1.347656e-01;5.147071e-02;2.549013e-02;3.412421e-02;5.766370e-02;1.207720e-01;1.065276e-01;3.675093e-02;4.694500e-02;2.480950e-01;3.238721e-02
6.387591e-02;1.234260e-01;5.753822e-02;2.301503e-02;3.194148e-02;5.779815e-02;1.145057e-01;7.509774e-02;3.782275e-02;3.715440e-02;3.646083e-01;1.321631e-02
7.971726e-02;1.558430e-01;6.191261e-02;2.481614e-02;2.786857e-02;3.062813e-02;8.208264e-02;4.851620e-02;3.134003e-02;2.957337e-02;4.230103e-01;4.691735e-03
5.894177e-02;1.709462e-01;6.865744e-02;2.406101e-02;2.697605e-02;9.610221e-03;7.957797e-02;4.012788e-02;3.319194e-02;3.838691e-02;4.378559e-01;1.166672e-02
5.797014e-02;1.838846e-01;7.320140e-02;2.202427e-02;1.491508e-02;1.793544e-02;8.420954e-02;3.966161e-02;3.294732e-02;3.562912e-02;4.260877e-01;1.153378e-02
6.650691e-02;1.781909e-01;6.803335e-02;2.471676e-02;1.648975e-02;2.753496e-02;5.070467e-02;5.854900e-02;2.169838e-02;3.197581e-02;4.495172e-01;6.082414e-03
9.437561e-02;1.390984e-01;5.301736e-02;2.878049e-02;2.231326e-02;4.272165e-02;6.360690e-02;7.318480e-02;1.867042e-02;2.584450e-02;4.276633e-01;1.072325e-02
1.185529e-01;9.433798e-02;4.679117e-02;3.445518e-02;2.258534e-02;5.759553e-02;1.245103e-01;1.024739e-01;3.274734e-02;1.535024e-02;3.382647e-01;1.233537e-02
7.605641e-02;1.126868e-01;5.260542e-02;4.018851e-02;2.202037e-02;5.872477e-02;1.062795e-01;9.724145e-02;4.363383e-02;1.556932e-02;3.697102e-01;5.283463e-03
3.395610e-02;1.103719e-01;5.558341e-02;6.044089e-02;2.699289e-02;4.797994e-02;7.695641e-02;1.044433e-01;3.775338e-02;1.853900e-02;4.222218e-01;4.760961e-03
3.064805e-02;1.099976e-01;5.335765e-02;7.119914e-02;2.799795e-02;4.639195e-02;7.282637e-02;1.296401e-01;5.194033e-02;1.849683e-02;3.826283e-01;4.875761e-03
3.371542e-02;1.118825e-01;5.739032e-02;6.648486e-02;3.565207e-02;4.708216e-02;9.612826e-02;1.378556e-01;4.507031e-02;2.180067e-02;3.372572e-01;9.680525e-03
6.012100e-02;1.097923e-01;5.841626e-02;5.340729e-02;5.345181e-02;5.381444e-02;1.061482e-01;1.191403e-01;3.239159e-02;2.249277e-02;3.205614e-01;1.026269e-02
6.894891e-02;9.738585e-02;5.440859e-02;3.384363e-02;6.784665e-02;6.686527e-02;1.283768e-01;7.244174e-02;5.481125e-02;2.277141e-02;3.140402e-01;1.825975e-02
1.670542e-01;7.774349e-02;3.713411e-02;2.656995e-02;7.738383e-02;7.251641e-02;1.624597e-01;7.945576e-02;6.070070e-02;2.403365e-02;1.910987e-01;2.384938e-02
1.504316e-01;2.973265e-02;1.794087e-02;2.544203e-02;7.201266e-02;5.780075e-02;1.610672e-01;1.344793e-01;4.798466e-02;2.546496e-02;2.551159e-01;2.252742e-02
1.747369e-01;3.810807e-02;1.224704e-02;3.643438e-02;5.621641e-02;3.946056e-02;1.329007e-01;1.419345e-01;4.570220e-02;1.624123e-02;2.915606e-01;1.445731e-02
2.051186e-01;3.592879e-02;1.610128e-02;4.296905e-02;4.245311e-02;4.947591e-02;1.752592e-01;1.420183e-01;4.228498e-02;1.191898e-02;2.252742e-01;1.119763e-02
2.315061e-01;3.326776e-02;2.558380e-02;4.546127e-02;3.611594e-02;6.474984e-02;1.844728e-01;1.031796e-01;3.487374e-02;1.234554e-02;2.172189e-01;1.122478e-02
2.258096e-01;3.665772e-02;3.608450e-02;4.448109e-02;3.573388e-02;8.794557e-02;2.234997e-01;5.232718e-02;2.559501e-02;1.427940e-02;2.025772e-01;1.500910e-02
1.761488e-01;3.006631e-02;3.524484e-02;3.206045e-02;4.249277e-02;1.009842e-01;3.133204e-01;7.445712e-02;2.041104e-02;1.965849e-02;1.367718e-01;1.838386e-02
1.258384e-01;5.922237e-02;2.637828e-02;1.391309e-02;3.258673e-02;7.374941e-02;2.779293e-01;9.766918e-02;2.566343e-02;3.018137e-02;2.239045e-01;1.296394e-02
1.118553e-01;1.026015e-01;3.194077e-02;2.561169e-02;2.526984e-02;6.479441e-02;2.204602e-01;9.083077e-02;3.521081e-02;5.025423e-02;2.303440e-01;1.082655e-02
1.530879e-01;1.116901e-01;4.143425e-02;5.940878e-02;3.641054e-02;6.894746e-02;1.100666e-01;1.564339e-01;9.704737e-02;8.960257e-02;5.915168e-02;1.671878e-02
1.125030e-01;1.260872e-01;4.502836e-02;5.238358e-02;4.236344e-02;6.629841e-02;1.100842e-01;1.636203e-01;9.896498e-02;8.519158e-02;8.235525e-02;1.511973e-02
5.830881e-02;1.469822e-01;4.509488e-02;3.291944e-02;4.231524e-02;6.808995e-02;1.338139e-01;1.546301e-01;7.553232e-02;1.231078e-01;9.821869e-02;2.098656e-02
1.017605e-01;1.382810e-01;2.781022e-02;5.226979e-02;2.980815e-02;6.401534e-02;1.555352e-01;1.359265e-01;4.092073e-02;1.193872e-01;1.051940e-01;2.909128e-02
6.374412e-02;1.072117e-01;2.375767e-02;7.387099e-02;4.822061e-02;6.578920e-02;1.587470e-01;9.312028e-02;3.846909e-02;6.699696e-02;2.187542e-01;4.131824e-02
9.477559e-02;1.007829e-01;3.987314e-02;6.320968e-02;5.412681e-02;6.224725e-02;1.456893e-01;8.354868e-02;4.659791e-02;5.110189e-02;2.033031e-01;5.474371e-02
1.076313e-01;6.696273e-02;5.269620e-02;4.660098e-02;5.317007e-02;6.881052e-02;1.506666e-01;8.887625e-02;4.588322e-02;5.847086e-02;1.930131e-01;6.721823e-02
1.607723e-01;7.129897e-02;4.430166e-02;3.470274e-02;4.288129e-02;6.454863e-02;1.568074e-01;8.338074e-02;2.576239e-02;6.227234e-02;1.919162e-01;6.135540e-02
1.964550e-01;7.172864e-02;3.169238e-02;3.407204e-02;6.056387e-02;5.485856e-02;1.916405e-01;1.124978e-01;6.070629e-02;6.150808e-02;6.527540e-02;5.900146e-02
1.449565e-01;8.979829e-02;4.452677e-02;5.736968e-02;4.179167e-02;2.102385e-02;1.369834e-01;1.348086e-01;7.238249e-02;3.560551e-02;1.793942e-01;4.135900e-02
1.424708e-01;9.362382e-02;6.154062e-02;7.950356e-02;3.947708e-02;2.097079e-02;1.384918e-01;1.499368e-01;6.704759e-02;3.847596e-02;1.166155e-01;5.184563e-02
1.511834e-01;1.406701e-01;5.493259e-02;9.060945e-02;3.460160e-02;2.816844e-02;1.248862e-01;1.235117e-01;4.991465e-02;4.843869e-02;1.082370e-01;4.484615e-02
1.567885e-01;1.429706e-01;3.691256e-02;4.345349e-02;5.616356e-02;7.439529e-02;1.104677e-01;6.309380e-02;4.708820e-02;6.631865e-02;1.715742e-01;3.077346e-02
6.911629e-02;6.881942e-02;2.931239e-02;5.107788e-02;4.922095e-02;1.220378e-01;1.659003e-01;1.903639e-01;7.795885e-02;6.735794e-02;8.147460e-02;2.735954e-02
7.649672e-02;3.380653e-02;2.099149e-02;5.614619e-02;4.444267e-02;1.375285e-01;1.724192e-01;2.316966e-01;7.476648e-02;7.537361e-02;6.789274e-02;8.439230e-03
7.910740e-02;2.929493e-02;1.757693e-02;5.292347e-02;5.162689e-02;1.304215e-01;1.597679e-01;2.453875e-01;5.548465e-02;8.066875e-02;6.931971e-02;2.842025e-02
7.946876e-02;4.410199e-02;3.764083e-02;4.281843e-02;6.346097e-02;1.071580e-01;1.988054e-01;1.965603e-01;3.893790e-02;7.330545e-02;7.877180e-02;3.897014e-02
8.491588e-02;4.174485e-02;4.658066e-02;3.092919e-02;6.047661e-02;1.075745e-01;2.533303e-01;1.463585e-01;7.225938e-02;6.040272e-02;7.638764e-02;1.903979e-02
8.399568e-02;4.687751e-02;4.606198e-02;2.277694e-02;5.577341e-02;9.541593e-02;2.487984e-01;1.521702e-01;1.018530e-01;3.896653e-02;9.682604e-02;1.048434e-02
1.241367e-01;6.768651e-02;4.394182e-02;2.105129e-02;5.597560e-02;6.401362e-02;2.256318e-01;1.556298e-01;6.845191e-02;3.426261e-02;1.345947e-01;4.623626e-03
1.903602e-01;7.366676e-02;4.131987e-02;3.765872e-02;6.204678e-02;4.525738e-02;2.354278e-01;1.203225e-01;2.924430e-02;3.156001e-02;1.194687e-01;1.366704e-02
1.619964e-01;4.822424e-02;3.790104e-02;4.218476e-02;8.252154e-02;6.471589e-02;3.135874e-01;1.199756e-01;5.526130e-02;1.292722e-02;3.661597e-02;2.408862e-02
1.332315e-01;3.634086e-02;4.565389e-02;4.151803e-02;9.048029e-02;9.823439e-02;3.138781e-01;8.791064e-02;6.030544e-02;1.702262e-02;4.274169e-02;3.268256e-02
1.310652e-01;4.497290e-02;3.795729e-02;2.604443e-02;8.183154e-02;9.896271e-02;3.097605e-01;7.720816e-02;4.506132e-02;2.374517e-02;9.110408e-02;3.228670e-02
1.165395e-01;3.160306e-02;3.459875e-02;2.475279e-02;7.454008e-02;9.852768e-02;3.114925e-01;7.406574e-02;3.498631e-02;2.046275e-02;1.476772e-01;3.075360e-02
1.323224e-01;5.260804e-02;3.702849e-02;2.664656e-02;6.400307e-02;9.057945e-02;2.439168e-01;7.574286e-02;3.876887e-02;2.796504e-02;1.767808e-01;3.363760e-02
1.485827e-01;6.334646e-02;3.229019e-02;4.200761e-02;5.733098e-02;7.032149e-02;2.474378e-01;1.482038e-01;4.027994e-02;3.422076e-02;8.888961e-02;2.708861e-02
1.009982e-01;4.830613e-02;3.811979e-02;4.522867e-02;6.402104e-02;5.049639e-02;1.677580e-01;1.109900e-01;2.849547e-02;3.039589e-02;2.880456e-01;2.714484e-02
6.160342e-02;5.901374e-02;4.208799e-02;3.496953e-02;6.267178e-02;4.765941e-02;1.487219e-01;9.843775e-02;5.150272e-02;3.327497e-02;3.327560e-01;2.730071e-02
9.584001e-02;6.021337e-02;3.889055e-02;2.529064e-02;5.460373e-02;6.300327e-02;1.379092e-01;6.478889e-02;6.464829e-02;3.692669e-02;3.282127e-01;2.967268e-02
1.158885e-01;5.992334e-02;3.991510e-02;2.574623e-02;5.514103e-02;6.256501e-02;1.401575e-01;5.412719e-02;4.922952e-02;3.185863e-02;3.352881e-01;3.015987e-02
1.144789e-01;7.357222e-02;4.165734e-02;2.454664e-02;6.369234e-02;7.992695e-02;1.531477e-01;5.861402e-02;3.508906e-02;3.118315e-02;2.906429e-01;3.344886e-02
1.306815e-01;6.128203e-02;3.470865e-02;2.026604e-02;6.546815e-02;9.361991e-02;1.945429e-01;4.550954e-02;3.887933e-02;2.409528e-02;2.582101e-01;3.273657e-02
1.356432e-01;5.421448e-02;3.298151e-02;2.381707e-02;6.316625e-02;9.754975e-02;2.412425e-01;2.861514e-02;4.390097e-02;1.661823e-02;2.353801e-01;2.687076e-02
1.422236e-01;7.997002e-02;3.763290e-02;2.382664e-02;5.186268e-02;8.706208e-02;2.151187e-01;6.765435e-02;4.127422e-02;1.115120e-02;2.211690e-01;2.105457e-02
1.274912e-01;5.810208e-02;3.238746e-02;2.126621e-02;4.810543e-02;9.266292e-02;2.743919e-01;8.528109e-02;2.831503e-02;1.640184e-02;2.059470e-01;9.647854e-03
1.300188e-01;3.375193e-02;2.677383e-02;2.118509e-02;4.601455e-02;1.157861e-01;3.949739e-01;1.054457e-01;1.844217e-02;1.538187e-02;8.308495e-02;9.141132e-03
1.008524e-01;3.481039e-02;2.931778e-02;2.389789e-02;4.549602e-02;1.319574e-01;4.570992e-01;6.571893e-02;2.006829e-02;1.645346e-02;6.194294e-02;1.238529e-02
1.078525e-01;7.159729e-02;4.689083e-02;2.429584e-02;4.494792e-02;1.052277e-01;3.820608e-01;5.096702e-02;2.012224e-02;2.077818e-02;1.071679e-01;1.809181e-02
1.309288e-01;1.158674e-01;6.386039e-02;2.487527e-02;3.870320e-02;8.352568e-02;2.949865e-01;8.643936e-02;1.996291e-02;2.506504e-02;9.509606e-02;2.068944e-02
1.216282e-01;1.393839e-01;3.416572e-02;3.596758e-02;2.607261e-02;7.649559e-02;1.400862e-01;1.330113e-01;4.756508e-02;3.944966e-02;1.850538e-01;2.112044e-02
9.095431e-02;1.279894e-01;3.028044e-02;4.363142e-02;4.028671e-02;9.308129e-02;1.844627e-01;1.611074e-01;6.518231e-02;4.381012e-02;9.540366e-02;2.381025e-02
1.688360e-01;1.017317e-01;2.407589e-02;3.259008e-02;4.217515e-02;8.600711e-02;2.281144e-01;1.376375e-01;4.834541e-02;2.886151e-02;8.535204e-02;1.627324e-02
2.392589e-01;5.954487e-02;2.559016e-02;2.025309e-02;3.526542e-02;8.625291e-02;2.363071e-01;9.196124e-02;3.038258e-02;1.898763e-02;1.343471e-01;2.184903e-02
2.649866e-01;4.104268e-02;2.030654e-02;1.457371e-02;3.165983e-02;9.800702e-02;3.379422e-01;8.586025e-02;1.434450e-02;1.200064e-02;6.300914e-02;1.626694e-02
2.754121e-01;3.403072e-02;1.772580e-02;1.527173e-02;3.381031e-02;1.118765e-01;3.866731e-01;4.294937e-02;1.233643e-02;1.030445e-02;4.547714e-02;1.413228e-02
2.468938e-01;2.935948e-02;2.907265e-02;1.783640e-02;4.440518e-02;1.131025e-01;3.672289e-01;3.944188e-02;1.591755e-02;1.466381e-02;6.773984e-02;1.433796e-02
2.361492e-01;4.190337e-02;3.353284e-02;2.178172e-02;5.106818e-02;1.135187e-01;3.789308e-01;4.967634e-02;2.378069e-02;1.843099e-02;1.042398e-02;2.080330e-02
2.120921e-01;3.323428e-02;3.176321e-02;3.041426e-02;5.722723e-02;1.025756e-01;3.355688e-01;3.684876e-02;2.604246e-02;1.050542e-02;1.057606e-01;1.796719e-02
2.035133e-01;3.749419e-02;3.477942e-02;4.655340e-02;5.648001e-02;9.353640e-02;2.998840e-01;4.394769e-02;3.144984e-02;9.419104e-03;1.244900e-01;1.845267e-02
1.576900e-01;2.722625e-02;3.728799e-02;5.475955e-02;6.198114e-02;9.848289e-02;2.756120e-01;7.296088e-02;3.389842e-02;9.805737e-03;1.577794e-01;1.251583e-02
1.151590e-01;3.217075e-02;4.520557e-02;4.717115e-02;5.784279e-02;1.020060e-01;2.353186e-01;7.365426e-02;2.796818e-02;2.103669e-02;2.271122e-01;1.535490e-02
1.187545e-01;4.947974e-02;4.542503e-02;3.071226e-02;4.271082e-02;9.541614e-02;1.933409e-01;6.307802e-02;1.991471e-02;1.967096e-02;3.090697e-01;1.242728e-02
1.334379e-01;5.165143e-02;3.867686e-02;2.693374e-02;3.184935e-02;5.429279e-02;1.594615e-01;4.184635e-02;1.490755e-02;2.441968e-02;4.060029e-01;1.651992e-02
1.142003e-01;4.699148e-02;3.775591e-02;2.247849e-02;2.916589e-02;3.007967e-02;1.469241e-01;3.840647e-02;1.508037e-02;1.756806e-02;4.863905e-01;1.495878e-02
1.048982e-01;6.364042e-02;4.008048e-02;1.197610e-02;2.593653e-02;2.712064e-02;1.508355e-01;4.587934e-02;1.380596e-02;2.447622e-02;4.783562e-01;1.299436e-02
9.761389e-02;8.232752e-02;4.026750e-02;1.343599e-02;2.569293e-02;2.946776e-02;1.828437e-01;4.552044e-02;1.149086e-02;3.347157e-02;4.277900e-01;1.007781e-02
1.237732e-01;1.038849e-01;5.024549e-02;2.365014e-02;3.154247e-02;3.882717e-02;1.880068e-01;5.561123e-02;9.568680e-03;3.093315e-02;3.310865e-01;1.287016e-02
1.283392e-01;1.171116e-01;4.992580e-02;2.441070e-02;3.658189e-02;3.797074e-02;1.829660e-01;8.230752e-02;1.456531e-02;3.116046e-02;2.838744e-01;1.078643e-02
