6.669792e-02;6.076970e-02;1.031367e-01;8.500084e-02;7.244761e-02;4.663882e-02;1.974416e-01;6.330198e-02;4.814934e-02;9.146205e-02;1.079422e-01;5.701120e-02
7.394808e-02;7.990623e-02;1.758715e-01;6.612600e-02;6.379290e-02;3.793634e-02;1.214048e-01;4.874241e-02;8.238350e-02;1.524865e-01;4.911890e-02;4.828276e-02
6.146681e-02;7.640093e-02;2.389133e-01;6.200274e-02;6.115862e-02;4.079473e-02;8.249775e-02;3.666252e-02;1.128123e-01;1.337877e-01;5.900707e-02;3.449556e-02
5.982194e-02;6.728903e-02;2.203808e-01;6.359890e-02;7.262824e-02;4.895605e-02;6.546635e-02;4.287595e-02;1.237317e-01;1.041132e-01;7.611728e-02;5.502061e-02
5.813600e-02;6.692781e-02;1.764555e-01;4.804947e-02;7.329382e-02;6.010451e-02;1.300112e-01;5.048076e-02;1.152098e-01;8.183821e-02;8.571105e-02;5.378179e-02
5.073527e-02;4.970484e-02;1.790866e-01;5.013584e-02;7.238105e-02;6.141841e-02;1.781380e-01;6.961917e-02;9.942658e-02;7.611085e-02;5.967019e-02;5.357317e-02
6.887206e-02;4.858746e-02;8.815838e-02;1.074461e-01;9.180554e-02;5.894103e-02;1.335552e-01;7.736394e-02;7.027104e-02;7.717821e-02;9.918457e-02;7.863647e-02
8.515127e-02;6.066535e-02;9.173270e-02;9.821118e-02;7.002054e-02;1.021728e-01;7.598903e-02;8.510698e-02;1.026968e-01;5.704211e-02;1.087831e-01;6.242819e-02
8.070412e-02;5.600451e-02;7.942081e-02;1.332274e-01;1.004861e-01;1.404599e-01;3.287477e-02;8.678100e-02;1.187069e-01;6.306522e-02;8.204060e-02;2.622866e-02
7.184686e-02;6.770259e-02;9.583682e-02;1.237864e-01;1.276152e-01;1.411014e-01;5.786497e-02;9.154798e-02;8.734578e-02;6.906567e-02;3.970583e-02;2.658048e-02
5.320197e-02;7.359895e-02;1.308129e-01;8.418833e-02;1.151917e-01;1.250495e-01;6.449533e-02;9.435903e-02;8.842276e-02;8.262966e-02;4.904235e-02;3.900761e-02
4.833335e-02;5.789709e-02;1.170978e-01;1.018126e-01;1.178861e-01;1.121573e-01;7.983417e-02;1.002398e-01;5.386918e-02;8.475134e-02;6.980332e-02;5.631799e-02
6.056074e-02;7.306878e-02;9.630275e-02;1.057299e-01;1.083088e-01;1.058302e-01;8.655444e-02;9.439904e-02;3.756201e-02;9.970926e-02;5.608269e-02;7.589140e-02
5.582437e-02;5.670412e-02;1.623227e-01;7.529410e-02;8.071879e-02;1.104794e-01;6.187172e-02;1.136211e-01;4.239080e-02;6.494080e-02;7.881257e-02;9.701958e-02
5.328664e-02;5.520536e-02;1.626318e-01;1.096791e-01;6.579784e-02;4.977399e-02;8.685055e-02;7.585934e-02;9.446701e-02;9.790020e-02;9.017047e-02;5.837773e-02
6.244774e-02;8.980001e-02;2.762892e-01;1.008897e-01;4.589597e-02;3.327154e-02;8.233155e-02;4.012197e-02;9.964778e-02;9.014376e-02;6.117665e-02;1.798421e-02
9.089548e-02;1.138265e-01;2.472318e-01;7.855475e-02;6.641600e-02;3.452286e-02;6.780937e-02;3.852430e-02;1.061211e-01;7.583497e-02;5.500175e-02;2.526112e-02
1.419645e-01;1.207423e-01;1.847485e-01;6.293210e-02;8.819314e-02;3.411916e-02;4.818153e-02;6.770283e-02;1.069959e-01;4.873582e-02;5.876933e-02;3.691492e-02
2.470410e-01;1.092831e-01;1.147297e-01;3.612842e-02;1.158136e-01;2.718200e-02;3.373506e-02;1.238935e-01;8.524230e-02;2.161046e-02;5.576291e-02;2.957796e-02
3.322607e-01;6.957036e-02;7.362655e-02;1.439148e-02;1.244876e-01;1.328962e-02;4.380225e-02;2.048181e-01;4.090683e-02;1.257398e-02;3.583716e-02;3.443536e-02
3.068165e-01;4.931639e-02;6.863194e-02;1.072048e-02;9.184635e-02;1.563357e-02;8.942797e-02;2.215581e-01;2.266467e-02;1.624115e-02;2.467647e-02;8.246649e-02
2.318107e-01;3.734230e-02;8.751310e-02;2.286399e-02;5.103300e-02;1.905582e-02;1.501260e-01;1.887687e-01;2.428752e-02;2.570303e-02;2.739603e-02;1.340999e-01
1.666286e-01;2.951174e-02;9.122731e-02;2.715567e-02;2.954692e-02;3.721319e-02;1.784143e-01;1.428131e-01;3.513638e-02;4.397208e-02;5.173395e-02;1.666469e-01
1.249507e-01;5.899794e-02;1.112011e-01;2.755040e-02;2.741897e-02;4.777205e-02;1.479249e-01;1.061086e-01;3.804510e-02;7.168004e-02;8.792862e-02;1.504216e-01
9.008244e-02;9.062065e-02;1.485599e-01;6.480931e-02;4.598943e-02;4.846920e-02;1.205226e-01;1.052317e-01;3.351431e-02;7.337428e-02;8.650955e-02;9.231670e-02
9.380030e-02;6.180909e-02;7.967546e-02;6.023284e-02;7.253817e-02;7.442343e-02;1.404908e-01;1.327247e-01;3.675013e-02;1.129095e-01;7.171042e-02;6.293521e-02
8.399304e-02;5.449902e-02;1.078998e-01;5.706420e-02;5.684455e-02;6.186167e-02;1.206370e-01;1.256927e-01;9.485892e-02;1.162599e-01;6.814869e-02;5.224052e-02
6.997252e-02;5.945221e-02;1.127780e-01;7.284572e-02;3.777606e-02;7.674489e-02;1.150260e-01;1.385768e-01;9.930865e-02;1.204450e-01;7.046045e-02;2.661369e-02
6.002320e-02;7.523096e-02;1.187392e-01;7.901226e-02;4.990666e-02;9.519944e-02;1.109618e-01;1.243928e-01;7.276249e-02;1.172178e-01;6.612375e-02;3.042967e-02
4.905267e-02;8.984080e-02;1.328325e-01;6.721008e-02;8.589427e-02;8.710518e-02;1.010172e-01;9.194530e-02;1.141197e-01;9.850834e-02;4.243527e-02;4.003866e-02
6.426042e-02;9.014197e-02;1.576759e-01;3.048960e-02;9.179402e-02;8.320914e-02;9.965619e-02;9.324501e-02;1.678353e-01;6.651337e-02;2.634908e-02;2.883002e-02
7.944701e-02;8.490235e-02;1.515032e-01;7.617349e-02;8.750539e-02;7.519911e-02;7.962667e-02;7.333140e-02;1.434807e-01;6.816468e-02;4.551673e-02;3.514929e-02
6.613582e-02;9.820206e-02;1.554504e-01;8.346321e-02;9.439969e-02;6.569090e-02;8.460965e-02;8.254246e-02;8.877093e-02;6.454002e-02;4.797999e-02;6.821491e-02
7.765298e-02;9.275736e-02;1.561612e-01;7.028394e-02;8.422975e-02;6.109787e-02;8.531842e-02;7.588055e-02;7.689633e-02;5.988290e-02;5.733737e-02;1.025013e-01
1.027433e-01;7.173723e-02;1.471417e-01;7.552904e-02;8.060738e-02;6.660917e-02;7.703421e-02;6.748115e-02;9.170770e-02;5.234971e-02;6.838834e-02;9.867114e-02
8.873238e-02;6.000626e-02;1.525948e-01;5.634454e-02;1.021141e-01;9.330939e-02;1.177951e-01;6.049948e-02;9.416584e-02;6.446314e-02;4.893149e-02;6.104357e-02
6.817895e-02;6.073805e-02;1.933192e-01;5.550136e-02;9.233503e-02;1.057286e-01;1.237368e-01;6.028531e-02;6.016573e-02;6.921873e-02;5.880684e-02;5.198546e-02
8.857742e-02;5.054110e-02;2.223556e-01;7.547465e-02;7.996580e-02;7.127406e-02;1.226179e-01;4.852259e-02;5.293043e-02;7.094436e-02;6.287387e-02;5.392221e-02
1.088191e-01;5.476810e-02;2.068066e-01;8.769918e-02;7.787898e-02;4.377991e-02;1.037449e-01;5.033761e-02;6.695165e-02;8.092319e-02;6.928298e-02;4.900782e-02
1.091019e-01;8.759271e-02;2.370144e-01;6.883901e-02;5.978270e-02;4.731538e-02;1.168709e-01;6.439614e-02;6.590749e-02;5.421130e-02;4.176366e-02;4.720438e-02
1.723706e-01;1.252407e-01;2.020408e-01;4.866268e-02;5.889226e-02;3.681548e-02;8.366884e-02;7.898023e-02;7.908116e-02;4.118526e-02;3.176214e-02;4.129996e-02
2.780710e-01;1.642212e-01;1.430323e-01;2.983652e-02;7.066430e-02;2.160397e-02;3.562393e-02;1.038759e-01;7.081043e-02;2.413119e-02;2.604469e-02;3.208452e-02
3.867033e-01;1.547660e-01;8.359973e-02;1.815482e-02;1.024525e-01;7.442058e-03;1.878136e-02;1.341842e-01;3.465955e-02;8.654395e-03;2.693412e-02;2.366802e-02
3.935010e-01;1.404830e-01;7.777783e-02;1.142808e-02;1.260736e-01;9.152182e-03;9.842467e-03;1.346713e-01;4.355832e-02;8.182038e-03;2.519880e-02;2.013145e-02
3.702866e-01;1.551764e-01;7.137685e-02;5.880086e-03;1.365658e-01;8.965412e-03;1.146163e-02;1.407009e-01;5.363303e-02;4.983161e-03;2.519919e-02;1.577097e-02
3.564047e-01;1.412466e-01;6.385116e-02;9.709654e-03;1.503907e-01;9.094819e-03;1.472603e-02;1.671092e-01;4.298000e-02;6.951499e-03;2.294352e-02;1.459201e-02
3.476125e-01;1.124462e-01;4.774112e-02;1.143062e-02;1.686250e-01;1.830756e-02;2.780069e-02;1.938995e-01;2.355648e-02;8.797872e-03;2.067848e-02;1.910401e-02
3.342896e-01;9.601326e-02;5.183737e-02;1.309119e-02;1.685262e-01;2.161077e-02;2.510166e-02;2.067485e-01;2.796437e-02;1.029242e-02;2.283919e-02;2.168541e-02
3.322489e-01;9.494001e-02;6.335171e-02;9.452852e-03;1.514892e-01;1.783510e-02;2.585453e-02;2.160670e-01;3.099585e-02;8.986228e-03;2.536608e-02;2.341265e-02
3.445353e-01;1.054704e-01;6.492764e-02;7.977081e-03;1.323801e-01;9.401656e-03;2.751398e-02;2.101311e-01;3.082162e-02;7.939435e-03;3.573843e-02;2.316332e-02
3.257879e-01;1.220245e-01;7.913908e-02;1.241250e-02;1.031028e-01;1.790082e-02;1.558342e-02;1.751502e-01;7.125738e-02;1.111375e-02;4.797751e-02;1.855009e-02
2.373165e-01;1.785550e-01;1.102875e-01;2.228269e-02;5.507470e-02;4.244996e-02;1.770792e-02;1.001440e-01;1.669780e-01;1.104277e-02;3.865153e-02;1.950949e-02
1.611387e-01;2.465435e-01;1.447692e-01;2.550938e-02;1.706157e-02;6.498080e-02;1.206661e-02;3.813416e-02;2.361378e-01;8.783478e-03;1.780809e-02;2.706665e-02
1.449959e-01;2.683572e-01;1.769390e-01;2.429106e-02;1.101872e-02;7.122051e-02;7.780030e-03;1.899231e-02;2.103826e-01;1.807480e-02;9.484903e-03;3.846301e-02
1.705669e-01;2.524742e-01;1.978368e-01;2.428898e-02;2.169367e-02;6.429205e-02;1.416601e-02;2.824893e-02;1.440385e-01;2.840107e-02;1.249880e-02;4.149409e-02
1.876056e-01;2.084123e-01;1.897037e-01;3.304875e-02;3.150952e-02;4.916325e-02;3.281819e-02;4.517912e-02;8.459903e-02;5.247965e-02;3.884331e-02;4.663758e-02
1.369102e-01;1.470696e-01;1.283665e-01;4.720119e-02;5.174251e-02;6.114402e-02;5.751515e-02;6.840613e-02;4.050072e-02;9.026437e-02;8.040708e-02;9.047249e-02
8.100133e-02;1.149011e-01;1.789925e-01;7.190131e-02;5.130183e-02;8.211144e-02;5.971411e-02;7.408653e-02;8.316922e-02;1.102038e-01;3.403967e-02;5.857724e-02
4.430785e-02;1.134762e-01;1.771974e-01;7.737067e-02;7.058547e-02;7.326063e-02;8.664025e-02;5.691525e-02;8.996765e-02;1.254576e-01;4.789273e-02;3.692824e-02
3.888129e-02;1.025231e-01;1.423902e-01;7.706307e-02;8.955610e-02;8.387206e-02;1.080077e-01;4.323060e-02;8.197205e-02;1.105509e-01;6.400935e-02;5.794360e-02
3.763521e-02;8.878098e-02;8.408158e-02;8.790927e-02;1.154619e-01;6.875458e-02;1.413544e-01;5.355783e-02;8.537005e-02;9.541449e-02;7.723278e-02;6.444687e-02
4.498190e-02;1.087855e-01;1.441685e-01;8.202163e-02;1.042622e-01;5.728849e-02;1.215517e-01;6.473887e-02;6.199108e-02;8.924011e-02;8.456574e-02;3.640425e-02
6.864133e-02;1.155270e-01;1.729025e-01;6.133308e-02;8.776737e-02;8.668592e-02;9.426364e-02;6.025424e-02;6.040926e-02;9.952725e-02;6.335482e-02;2.933357e-02
5.511810e-02;9.896433e-02;1.453141e-01;7.624203e-02;9.636038e-02;1.028353e-01;1.022420e-01;5.706584e-02;5.357567e-02;1.210318e-01;6.123315e-02;3.001731e-02
3.541176e-02;9.479795e-02;1.369827e-01;1.063355e-01;8.120926e-02;9.004124e-02;9.826446e-02;6.451431e-02;5.771189e-02;1.519801e-01;5.123854e-02;3.151230e-02
2.891360e-02;1.010686e-01;1.358930e-01;1.112442e-01;8.694934e-02;7.303282e-02;1.221395e-01;5.715462e-02;6.807023e-02;1.462762e-01;3.477947e-02;3.447846e-02
3.252366e-02;8.134101e-02;1.827336e-01;8.452403e-02;8.862226e-02;7.809468e-02;1.372509e-01;5.467423e-02;6.354825e-02;1.223549e-01;4.531879e-02;2.901368e-02
5.839590e-02;8.771669e-02;2.575268e-01;5.899475e-02;6.873380e-02;5.190465e-02;1.347758e-01;5.477383e-02;6.773768e-02;7.653829e-02;6.338575e-02;1.951604e-02
7.653631e-02;1.215728e-01;3.895394e-01;6.152338e-02;5.268315e-02;3.873649e-02;8.982829e-02;2.640115e-02;4.418241e-02;4.594222e-02;3.255688e-02;2.049756e-02
8.616102e-02;1.527191e-01;4.566239e-01;5.612636e-02;4.033720e-02;2.970604e-02;4.837205e-02;1.749271e-02;3.408832e-02;4.267847e-02;1.711130e-02;1.858354e-02
7.508186e-02;2.128626e-01;5.000690e-01;3.921813e-02;2.056362e-02;2.595754e-02;2.001413e-02;1.162639e-02;3.873440e-02;3.378791e-02;7.466248e-03;1.461810e-02
1.132455e-01;2.754789e-01;4.302401e-01;4.093563e-02;7.295599e-03;2.953948e-02;9.420506e-03;6.244858e-03;4.996561e-02;1.866545e-02;3.919812e-03;1.504852e-02
2.062325e-01;2.785246e-01;3.095347e-01;5.411826e-02;1.372104e-02;2.588001e-02;9.691180e-03;1.142356e-02;4.919475e-02;1.743690e-02;8.253086e-03;1.598939e-02
3.044226e-01;2.377691e-01;2.288265e-01;5.477785e-02;2.204133e-02;1.276045e-02;1.266836e-02;1.861543e-02;4.807291e-02;2.233022e-02;1.328588e-02;2.442936e-02
3.270594e-01;1.719848e-01;1.988195e-01;5.200767e-02;2.815343e-02;2.480064e-02;1.621603e-02;3.174130e-02;5.354508e-02;3.222184e-02;2.493302e-02;3.851731e-02
2.637263e-01;1.102823e-01;2.066213e-01;4.373241e-02;4.143576e-02;4.532734e-02;2.682028e-02;4.921533e-02;6.518323e-02;6.594379e-02;3.529499e-02;4.641700e-02
1.545087e-01;7.907359e-02;2.176380e-01;8.692268e-02;6.778582e-02;5.935464e-02;4.695871e-02;6.436136e-02;6.169519e-02;8.031356e-02;4.426115e-02;3.712654e-02
1.109520e-01;8.004030e-02;2.008628e-01;8.795951e-02;8.471542e-02;7.191327e-02;7.144928e-02;6.297374e-02;6.305186e-02;8.782980e-02;3.239255e-02;4.585959e-02
8.898658e-02;7.836994e-02;1.806093e-01;7.268575e-02;7.602204e-02;8.402346e-02;1.317609e-01;6.211074e-02;6.852001e-02;7.759727e-02;3.180518e-02;4.750886e-02
8.322819e-02;1.101249e-01;1.592497e-01;8.262135e-02;6.357983e-02;6.665178e-02;1.649878e-01;4.882512e-02;7.645227e-02;8.008157e-02;3.008996e-02;3.410750e-02
1.261715e-01;1.101618e-01;1.232233e-01;8.292544e-02;7.352547e-02;4.640977e-02;8.848246e-02;8.195035e-02;7.444929e-02;5.015578e-02;6.492419e-02;7.762066e-02
1.274902e-01;9.793793e-02;1.211801e-01;8.201372e-02;7.680582e-02;4.735533e-02;1.026997e-01;8.517573e-02;7.683941e-02;4.196921e-02;6.167974e-02;7.885317e-02
1.065177e-01;6.011529e-02;1.813199e-01;7.841382e-02;9.007946e-02;4.785527e-02;1.305205e-01;7.606557e-02;7.352073e-02;4.479690e-02;4.651724e-02;6.427756e-02
5.948538e-02;6.900672e-02;2.314099e-01;5.107316e-02;7.518964e-02;4.305092e-02;1.444175e-01;3.246391e-02;1.147813e-01;7.208174e-02;6.029322e-02;4.674659e-02
9.568424e-02;8.586979e-02;1.637088e-01;3.914430e-02;6.027091e-02;3.996983e-02;1.034747e-01;8.745303e-02;1.535253e-01;6.632155e-02;6.439481e-02;4.018261e-02
1.448094e-01;1.070729e-01;1.139416e-01;2.659087e-02;4.824661e-02;3.448227e-02;6.526352e-02;1.384786e-01;1.861056e-01;4.408998e-02;5.909309e-02;3.182558e-02
1.970118e-01;1.275751e-01;1.110457e-01;1.306947e-02;4.463945e-02;2.296914e-02;2.813203e-02;1.769979e-01;1.771811e-01;2.245398e-02;5.231969e-02;2.660477e-02
1.967828e-01;1.091295e-01;1.189813e-01;1.842272e-02;5.363164e-02;2.266406e-02;7.246684e-02;1.739176e-01;1.232109e-01;3.101168e-02;4.805491e-02;3.172614e-02
1.816864e-01;9.017232e-02;1.117588e-01;2.814468e-02;6.857253e-02;3.118498e-02;1.015968e-01;1.418878e-01;1.236451e-01;3.494688e-02;4.956771e-02;3.683602e-02
1.339657e-01;6.203987e-02;1.769419e-01;5.374846e-02;8.407499e-02;5.916836e-02;6.232749e-02;8.680680e-02;1.095582e-01;6.022166e-02;6.622986e-02;4.491672e-02
7.914343e-02;5.911449e-02;1.677181e-01;6.199884e-02;8.198236e-02;5.952887e-02;7.624633e-02;1.674142e-01;7.796505e-02;4.546766e-02;9.139021e-02;3.203055e-02
7.453244e-02;5.700085e-02;1.337366e-01;4.861534e-02;5.793132e-02;3.831982e-02;1.069195e-01;1.546819e-01;9.853093e-02;6.181604e-02;1.407001e-01;2.721523e-02
1.119098e-01;4.152621e-02;2.397529e-01;5.395749e-02;4.586115e-02;4.618651e-02;1.177997e-01;5.279528e-02;1.097257e-01;6.231390e-02;9.120206e-02;2.696940e-02
8.373415e-02;7.662135e-02;1.470097e-01;8.036136e-02;6.757688e-02;6.447493e-02;1.418309e-01;4.226104e-02;1.299024e-01;4.914030e-02;6.627256e-02;5.081437e-02
7.649332e-02;5.391373e-02;1.463199e-01;7.949935e-02;7.234704e-02;6.210921e-02;1.117365e-01;4.804828e-02;1.218576e-01;6.884401e-02;1.017921e-01;5.703896e-02
8.751269e-02;6.070409e-02;2.370291e-01;6.969487e-02;5.776521e-02;5.211921e-02;1.437050e-01;5.037691e-02;7.904994e-02;6.426203e-02;7.211284e-02;2.566808e-02
7.669702e-02;5.825552e-02;1.635814e-01;6.239183e-02;5.805884e-02;6.625553e-02;1.616913e-01;9.622435e-02;9.900589e-02;4.793914e-02;6.143941e-02;4.845976e-02
9.671757e-02;5.918926e-02;1.139827e-01;4.660767e-02;6.166733e-02;6.853626e-02;1.371796e-01;1.410761e-01;1.178499e-01;3.704076e-02;6.419827e-02;5.595472e-02
1.372188e-01;5.752324e-02;7.572830e-02;3.794728e-02;6.171009e-02;6.562149e-02;7.939512e-02;1.975664e-01;1.266257e-01;4.958907e-02;6.130736e-02;4.976711e-02
1.976893e-01;4.573802e-02;6.221867e-02;3.151023e-02;6.572968e-02;4.977227e-02;5.579804e-02;2.580161e-01;8.174457e-02;4.933467e-02;5.288361e-02;4.956487e-02
2.614074e-01;4.669403e-02;5.890116e-02;1.433198e-02;8.512860e-02;2.609310e-02;4.435429e-02;2.981705e-01;3.977178e-02;2.491744e-02;7.191575e-02;2.831395e-02
2.570040e-01;6.501591e-02;6.611555e-02;1.171290e-02;8.785375e-02;1.415553e-02;5.111969e-02;2.750146e-01;5.622564e-02;1.384418e-02;7.634554e-02;2.559261e-02
2.096053e-01;7.259940e-02;9.140382e-02;1.691150e-02;6.987060e-02;2.771614e-02;1.097249e-01;2.257116e-01;5.623683e-02;2.521972e-02;5.685020e-02;3.814996e-02
1.566292e-01;7.761143e-02;1.256818e-01;2.756833e-02;5.992825e-02;4.521506e-02;1.385680e-01;1.690979e-01;7.424445e-02;3.341590e-02;4.557789e-02;4.646171e-02
1.058090e-01;1.148998e-01;2.511974e-01;3.712171e-02;5.260457e-02;4.710729e-02;8.230603e-02;5.516231e-02;1.165207e-01;3.804627e-02;4.469426e-02;5.453064e-02
2.377184e-01;1.294580e-01;2.034835e-01;3.150709e-02;3.665380e-02;1.965892e-02;5.655203e-02;1.215420e-01;6.695720e-02;2.902803e-02;2.912109e-02;3.831999e-02
2.936058e-01;1.197850e-01;1.321867e-01;3.216921e-02;4.680586e-02;1.461195e-02;4.837832e-02;1.882098e-01;3.649282e-02;2.347110e-02;2.749612e-02;3.678740e-02
3.121201e-01;9.604496e-02;1.101543e-01;2.908887e-02;5.645316e-02;1.315197e-02;3.681417e-02;2.405457e-01;2.457356e-02;2.305360e-02;2.470549e-02;3.329411e-02
2.945996e-01;7.190536e-02;1.131654e-01;2.349222e-02;5.830882e-02;1.205172e-02;5.148504e-02;2.591228e-01;3.766905e-02;1.897879e-02;2.151694e-02;3.770428e-02
2.939596e-01;5.197983e-02;1.158190e-01;1.832606e-02;5.100344e-02;1.244295e-02;9.181814e-02;2.653456e-01;2.441342e-02;1.497718e-02;1.311486e-02;4.680003e-02
3.048666e-01;4.358988e-02;1.323713e-01;1.281866e-02;4.674984e-02;7.291256e-03;1.158900e-01;2.324619e-01;1.513477e-02;2.155329e-02;1.873022e-02;4.854233e-02
3.072615e-01;4.646857e-02;1.334207e-01;1.686247e-02;3.816836e-02;8.639290e-03;1.255295e-01;1.688566e-01;1.760339e-02;3.366874e-02;3.034488e-02;7.317613e-02
2.937831e-01;5.403719e-02;1.430326e-01;2.671701e-02;3.080224e-02;1.544037e-02;1.309518e-01;1.161153e-01;1.143545e-02;3.693306e-02;4.371487e-02;9.703714e-02
2.409358e-01;3.962003e-02;1.787835e-01;3.199840e-02;3.668037e-02;3.095284e-02;1.192810e-01;6.126520e-02;2.956459e-02;6.018471e-02;7.310794e-02;9.762561e-02
1.452580e-01;7.472835e-02;1.704253e-01;3.921469e-02;4.099675e-02;4.261504e-02;1.266881e-01;4.518138e-02;5.787514e-02;1.081211e-01;8.725899e-02;6.163711e-02
8.168501e-02;7.233351e-02;1.146144e-01;4.632973e-02;5.473881e-02;3.790744e-02;1.462215e-01;8.359468e-02;1.037693e-01;1.338486e-01;8.164123e-02;4.331586e-02
8.454340e-02;6.331393e-02;1.347957e-01;4.638010e-02;7.601424e-02;5.956141e-02;1.471297e-01;6.909073e-02;1.181824e-01;9.358633e-02;6.816087e-02;3.924121e-02
1.046532e-01;8.140287e-02;1.312740e-01;4.054390e-02;8.238044e-02;5.067830e-02;1.479807e-01;7.167935e-02;9.579021e-02;7.243597e-02;8.111177e-02;4.006931e-02
9.633114e-02;6.828931e-02;1.388700e-01;4.245085e-02;1.021847e-01;8.165409e-02;8.226270e-02;1.037684e-01;8.606818e-02;7.181866e-02;7.641519e-02;4.988671e-02
8.948339e-02;6.421506e-02;1.293447e-01;6.208419e-02;8.828843e-02;6.724828e-02;6.647117e-02;1.054035e-01;8.788464e-02;1.082197e-01;7.402061e-02;5.733639e-02
5.890610e-02;5.156522e-02;1.400697e-01;8.835579e-02;1.034972e-01;4.246158e-02;9.345873e-02;9.346794e-02;8.735969e-02;9.211982e-02;8.947602e-02;5.926228e-02
7.057764e-02;4.675748e-02;1.279295e-01;9.308967e-02;1.040167e-01;4.871732e-02;1.072765e-01;7.010332e-02;8.708979e-02;8.345985e-02;8.833966e-02;7.264271e-02
7.416119e-02;6.964593e-02;9.920323e-02;8.876894e-02;9.809033e-02;4.961850e-02;6.663170e-02;6.824438e-02;1.319024e-01;9.772661e-02;6.886301e-02;8.714382e-02
5.263926e-02;4.671717e-02;1.033856e-01;1.036308e-01;1.273074e-01;7.351211e-02;6.943224e-02;4.223518e-02;1.378239e-01;9.161003e-02;9.160871e-02;6.009757e-02
6.692591e-02;4.113628e-02;9.254093e-02;8.730978e-02;1.440221e-01;1.061373e-01;1.081562e-01;4.537371e-02;9.479251e-02;8.630943e-02;9.115600e-02;3.613991e-02
7.634094e-02;3.727854e-02;7.678463e-02;7.168462e-02;1.419450e-01;1.747066e-01;1.329492e-01;7.231257e-02;4.920990e-02;6.992172e-02;6.852064e-02;2.834557e-02
6.145055e-02;4.027974e-02;6.755617e-02;7.181654e-02;1.723174e-01;1.737416e-01;1.079349e-01;7.446769e-02;7.977979e-02;4.786966e-02;5.027752e-02;5.250840e-02
7.110007e-02;5.422952e-02;8.072269e-02;4.925822e-02;1.597582e-01;1.199112e-01;1.301088e-01;7.328110e-02;9.017028e-02;6.749036e-02;4.498260e-02;5.898701e-02
5.959760e-02;5.911732e-02;1.092822e-01;5.836024e-02;1.201721e-01;9.451413e-02;1.713672e-01;5.807646e-02;8.997943e-02;8.311643e-02;3.833503e-02;5.808173e-02
5.898966e-02;5.418273e-02;1.328449e-01;6.575390e-02;9.112059e-02;1.164173e-01;1.574196e-01;6.508374e-02;9.549254e-02;8.165038e-02;2.621485e-02;5.482978e-02
6.341407e-02;4.641205e-02;1.166837e-01;7.232044e-02;1.077784e-01;9.805339e-02;1.429993e-01;8.971609e-02;6.712047e-02;9.777503e-02;4.441677e-02;5.331038e-02
6.321622e-02;4.179556e-02;8.447673e-02;6.429649e-02;8.381863e-02;7.424758e-02;1.804534e-01;1.096373e-01;7.461382e-02;1.115541e-01;6.218763e-02;4.970261e-02
3.595831e-02;4.974953e-02;8.815919e-02;7.415871e-02;7.645480e-02;8.900874e-02;1.657357e-01;8.446591e-02;8.087742e-02;1.489933e-01;5.080363e-02;5.563483e-02
4.846845e-02;6.329879e-02;9.905676e-02;7.095639e-02;7.943220e-02;6.485616e-02;2.229236e-01;7.058489e-02;6.027797e-02;1.322035e-01;3.529932e-02;5.264195e-02
6.518526e-02;5.212480e-02;1.357543e-01;6.155805e-02;6.455509e-02;5.853198e-02;2.440511e-01;7.444365e-02;6.354401e-02;8.756392e-02;3.864912e-02;5.403873e-02
4.828843e-02;7.615925e-02;2.009941e-01;5.194380e-02;6.813662e-02;6.527924e-02;1.690666e-01;8.433302e-02;6.636939e-02;8.278491e-02;3.404568e-02;5.259896e-02
4.062221e-02;5.833337e-02;4.430405e-01;5.988939e-02;6.381584e-02;3.970728e-02;1.138418e-01;5.862357e-02;2.444220e-02;3.842924e-02;3.074760e-02;2.850705e-02
3.688265e-02;6.016780e-02;5.200726e-01;4.457355e-02;6.467458e-02;3.416394e-02;1.202000e-01;2.492925e-02;3.066268e-02;3.361092e-02;2.029210e-02;9.769901e-03
6.214620e-02;8.327276e-02;4.848271e-01;3.538786e-02;5.324966e-02;3.889424e-02;1.127269e-01;2.038158e-02;4.736250e-02;2.750650e-02;2.225149e-02;1.199325e-02
1.079001e-01;1.286024e-01;4.364680e-01;2.426459e-02;3.571799e-02;3.870757e-02;7.544837e-02;3.017948e-02;6.847896e-02;2.151168e-02;1.899215e-02;1.372868e-02
1.458942e-01;1.751602e-01;3.981257e-01;2.092076e-02;2.846488e-02;4.199631e-02;3.251801e-02;3.165014e-02;8.204253e-02;1.546324e-02;1.450596e-02;1.325820e-02
1.681036e-01;1.765787e-01;3.714212e-01;2.369494e-02;3.195203e-02;3.361271e-02;3.296881e-02;3.013730e-02;7.843791e-02;1.414286e-02;2.219561e-02;1.675420e-02
2.249405e-01;1.644841e-01;2.718188e-01;1.441025e-02;4.099639e-02;3.337022e-02;4.794863e-02;4.141620e-02;7.393239e-02;2.054423e-02;4.255295e-02;2.358536e-02
2.358119e-01;9.706187e-02;3.042600e-01;1.492439e-02;4.616922e-02;3.096782e-02;8.720995e-02;4.765459e-02;3.765192e-02;2.093184e-02;5.322320e-02;2.413335e-02
2.352259e-01;1.090626e-01;3.770463e-01;1.339139e-02;4.717767e-02;2.246860e-02;4.951600e-02;3.848810e-02;2.284303e-02;9.235170e-03;4.959548e-02;2.594975e-02
2.404524e-01;1.244544e-01;3.770721e-01;1.142872e-02;5.291495e-02;1.889114e-02;2.326293e-02;3.883943e-02;2.510921e-02;1.057652e-02;4.998429e-02;2.701388e-02
2.399031e-01;1.243118e-01;3.669082e-01;1.274965e-02;5.670888e-02;1.901869e-02;2.340290e-02;4.101560e-02;2.701595e-02;1.218941e-02;4.865301e-02;2.812275e-02
2.445548e-01;1.141649e-01;3.224470e-01;2.072266e-02;6.209801e-02;2.387209e-02;3.611165e-02;4.718941e-02;3.250812e-02;1.658162e-02;4.255532e-02;3.719440e-02
2.710716e-01;9.144320e-02;2.827564e-01;2.305642e-02;7.087209e-02;1.504827e-02;5.001909e-02;5.618742e-02;2.942155e-02;1.755241e-02;3.985700e-02;5.271446e-02
2.817709e-01;7.522000e-02;2.788759e-01;2.849339e-02;6.312305e-02;1.719647e-02;6.322705e-02;6.325376e-02;2.158340e-02;1.516968e-02;3.590028e-02;5.618614e-02
2.252232e-01;8.359342e-02;2.335834e-01;4.010082e-02;8.439603e-02;4.065454e-02;1.024310e-01;6.503639e-02;3.764966e-02;2.091108e-02;2.985098e-02;3.656939e-02
1.683577e-01;1.148746e-01;2.435864e-01;3.970199e-02;9.738143e-02;5.092893e-02;8.381291e-02;7.470884e-02;5.940306e-02;1.985765e-02;2.307798e-02;2.430851e-02
1.631883e-01;1.438801e-01;1.949125e-01;3.274894e-02;8.483879e-02;4.365691e-02;7.144742e-02;6.356978e-02;1.044156e-01;3.218787e-02;3.433521e-02;3.081854e-02
1.509089e-01;1.457792e-01;1.683356e-01;4.172784e-02;5.905861e-02;4.679024e-02;7.225685e-02;5.405959e-02;1.282348e-01;3.961528e-02;6.066724e-02;3.256581e-02
1.685783e-01;1.130019e-01;1.580366e-01;3.528709e-02;4.850795e-02;5.082114e-02;8.980542e-02;8.432126e-02;1.018774e-01;4.142409e-02;7.713834e-02;3.120061e-02
2.205428e-01;8.056043e-02;1.575300e-01;2.368507e-02;6.675422e-02;3.978413e-02;9.399395e-02;1.203251e-01;6.729887e-02;3.588694e-02;6.675037e-02;2.688819e-02
2.513621e-01;5.498565e-02;1.410447e-01;2.514704e-02;6.075072e-02;2.391672e-02;9.613259e-02;1.643946e-01;4.363662e-02;5.672092e-02;4.519139e-02;3.671702e-02
2.579337e-01;4.336840e-02;1.283109e-01;3.277149e-02;4.175037e-02;1.444739e-02;1.204040e-01;1.679102e-01;3.936932e-02;7.199815e-02;3.634512e-02;4.539098e-02
2.736891e-01;4.295082e-02;1.239772e-01;3.197230e-02;2.740029e-02;2.187367e-02;1.426261e-01;1.346701e-01;5.000075e-02;5.997261e-02;3.716094e-02;5.370615e-02
3.013770e-01;3.201302e-02;1.215926e-01;3.174153e-02;2.020526e-02;2.986036e-02;1.616060e-01;8.022945e-02;5.737238e-02;4.584885e-02;4.355100e-02;7.460255e-02
3.375063e-01;2.654270e-02;1.283482e-01;2.720930e-02;1.933976e-02;3.035931e-02;1.504452e-01;4.159623e-02;5.145478e-02;4.296352e-02;4.650810e-02;9.772665e-02
3.793800e-01;3.129790e-02;1.110055e-01;2.950933e-02;1.889110e-02;2.224904e-02;1.293335e-01;3.331086e-02;3.538109e-02;3.883813e-02;4.667291e-02;1.241306e-01
4.363215e-01;1.982497e-02;9.370603e-02;3.016376e-02;1.650666e-02;1.638906e-02;9.088583e-02;2.542820e-02;2.621921e-02;4.848883e-02;5.280401e-02;1.432620e-01
4.996156e-01;9.682834e-02;7.495169e-02;2.256266e-02;1.058758e-02;1.465543e-02;4.585717e-02;2.820975e-02;2.410752e-02;3.536706e-02;3.252990e-02;1.147273e-01
4.674816e-01;1.540205e-01;9.810252e-02;1.884144e-02;9.161422e-03;1.834147e-02;4.865195e-02;3.860113e-02;2.693878e-02;2.231451e-02;1.819476e-02;7.934992e-02
4.057411e-01;1.514937e-01;1.016161e-01;2.496772e-02;1.033439e-02;2.321825e-02;7.016288e-02;6.789169e-02;2.349801e-02;2.478902e-02;1.816782e-02;7.811927e-02
3.169593e-01;9.464686e-02;7.927162e-02;4.511711e-02;1.320145e-02;2.080978e-02;1.373375e-01;1.177049e-01;1.161824e-02;3.091564e-02;1.880883e-02;1.136088e-01
1.703068e-01;3.121270e-02;4.411283e-02;7.207706e-02;1.585631e-02;2.632216e-02;2.240354e-01;1.700187e-01;2.337662e-02;2.789776e-02;2.359213e-02;1.711916e-01
9.346011e-02;3.529502e-02;1.959848e-02;7.706069e-02;1.339795e-02;2.369200e-02;2.590650e-01;1.624154e-01;2.415020e-02;3.028097e-02;3.277747e-02;2.288068e-01
8.336428e-02;4.489942e-02;2.142191e-02;6.822419e-02;1.232740e-02;1.738668e-02;2.693655e-01;1.019181e-01;1.053501e-02;2.828910e-02;3.779198e-02;3.044765e-01
5.762832e-02;4.979266e-02;1.845157e-02;5.904558e-02;1.226217e-02;2.554538e-02;2.629734e-01;4.545845e-02;1.579614e-02;2.345661e-02;3.634951e-02;3.932402e-01
5.040514e-02;5.417497e-02;1.844399e-02;6.429325e-02;1.184623e-02;2.530363e-02;2.346387e-01;1.804894e-02;1.695167e-02;2.690400e-02;4.191259e-02;4.370769e-01
4.391506e-02;6.095302e-02;2.100759e-02;7.084446e-02;1.185047e-02;2.808894e-02;2.069898e-01;2.173743e-02;1.319786e-02;2.459085e-02;8.215646e-02;4.146680e-01
4.476388e-02;6.181631e-02;3.403546e-02;7.014830e-02;9.190169e-03;3.424824e-02;2.030478e-01;1.200944e-02;1.454079e-02;2.619797e-02;1.030285e-01;3.869731e-01
5.099406e-02;6.937747e-02;3.054661e-02;7.131087e-02;1.065956e-02;3.689068e-02;2.164435e-01;1.965404e-02;8.692907e-03;2.412109e-02;9.874447e-02;3.625648e-01
4.911233e-02;7.775663e-02;1.737269e-02;7.387082e-02;8.286835e-03;3.766036e-02;2.371989e-01;1.973658e-02;1.468034e-02;2.656516e-02;1.028249e-01;3.349344e-01
5.211648e-02;8.230001e-02;1.914112e-02;8.744968e-02;9.779546e-03;5.095327e-02;2.626305e-01;3.201557e-02;1.407775e-02;2.231770e-02;6.906678e-02;2.981516e-01
5.598316e-02;7.141303e-02;3.299919e-02;9.848093e-02;1.885009e-02;7.582921e-02;2.744598e-01;3.645110e-02;1.387566e-02;2.763842e-02;5.222346e-02;2.417959e-01
5.466441e-02;6.588969e-02;6.595044e-02;8.945187e-02;4.349333e-02;9.144108e-02;2.502801e-01;4.192653e-02;2.959068e-02;3.381486e-02;6.223966e-02;1.712573e-01
9.149014e-02;6.579106e-02;1.312583e-01;6.670833e-02;5.709019e-02;6.824059e-02;1.851575e-01;4.728819e-02;3.960000e-02;4.169821e-02;9.765572e-02;1.080217e-01
1.618550e-01;6.027394e-02;1.229610e-01;6.958841e-02;3.832393e-02;3.089394e-02;1.314965e-01;2.156450e-02;2.462861e-02;7.603986e-02;1.322158e-01;1.301585e-01
1.120464e-01;3.702624e-02;1.054878e-01;6.184562e-02;4.820735e-02;5.809774e-02;1.231100e-01;5.238033e-02;4.830948e-02;9.801255e-02;1.444531e-01;1.110233e-01
8.875419e-02;5.999143e-02;7.978319e-02;6.541292e-02;8.569399e-02;7.017134e-02;1.604928e-01;7.491729e-02;5.513384e-02;7.275815e-02;9.932813e-02;8.756273e-02
7.283127e-02;8.575505e-02;9.572823e-02;6.436095e-02;1.035883e-01;5.190958e-02;1.623858e-01;8.025691e-02;4.973699e-02;5.766678e-02;7.777234e-02;9.800781e-02
1.017063e-01;1.148779e-01;1.346729e-01;4.153547e-02;9.240356e-02;4.017895e-02;1.112535e-01;7.583030e-02;3.716245e-02;5.394676e-02;7.115931e-02;1.252725e-01
2.375906e-01;9.152996e-02;1.530116e-01;4.452825e-02;3.874440e-02;4.311283e-02;5.877620e-02;4.527516e-02;2.605254e-02;4.780425e-02;7.186393e-02;1.417103e-01
2.591120e-01;5.037096e-02;1.137320e-01;6.303558e-02;3.068823e-02;5.135301e-02;9.265565e-02;4.093551e-02;2.223679e-02;4.994686e-02;8.257894e-02;1.433545e-01
2.275992e-01;3.232056e-02;8.959360e-02;6.263118e-02;2.949574e-02;4.287548e-02;1.132638e-01;3.386902e-02;2.874786e-02;6.244006e-02;1.017930e-01;1.753705e-01
1.760864e-01;3.545630e-02;8.412224e-02;6.059688e-02;2.628286e-02;3.325285e-02;1.059729e-01;5.028449e-02;6.368428e-02;6.229993e-02;1.300615e-01;1.718993e-01
1.348796e-01;3.401159e-02;1.024919e-01;6.624374e-02;2.757803e-02;2.915015e-02;8.227143e-02;6.239330e-02;7.212570e-02;8.130281e-02;1.670986e-01;1.404531e-01
1.091329e-01;4.044497e-02;6.668401e-02;6.356265e-02;3.424639e-02;5.373648e-02;6.926978e-02;1.004619e-01;5.614196e-02;8.478654e-02;2.178999e-01;1.036325e-01
6.581275e-02;4.485434e-02;6.825351e-02;5.824079e-02;5.834929e-02;8.026337e-02;1.064770e-01;1.179868e-01;5.725212e-02;8.296943e-02;1.917185e-01;6.782214e-02
5.244141e-02;8.009472e-02;8.235013e-02;6.697103e-02;7.088232e-02;9.928064e-02;1.127754e-01;7.296813e-02;5.695756e-02;1.085635e-01;1.346503e-01;6.206495e-02
4.471449e-02;9.386525e-02;9.816000e-02;6.590152e-02;8.645727e-02;1.057822e-01;8.066994e-02;5.038507e-02;1.213682e-01;9.025152e-02;6.475854e-02;9.768600e-02
7.843379e-02;6.217907e-02;1.536147e-01;5.569296e-02;8.023653e-02;7.405785e-02;1.232005e-01;7.598415e-02;1.173915e-01;3.950848e-02;6.317957e-02;7.652090e-02
1.767078e-01;1.028946e-01;2.747985e-01;3.623503e-02;6.471986e-02;3.211332e-02;8.682614e-02;6.723250e-02;6.264737e-02;1.942620e-02;4.097621e-02;3.542245e-02
2.257327e-01;1.421106e-01;2.745830e-01;3.842828e-02;5.171798e-02;2.545067e-02;5.173690e-02;5.563794e-02;4.122083e-02;2.044145e-02;4.114581e-02;3.179381e-02
2.748647e-01;1.468640e-01;2.028407e-01;3.218802e-02;5.648440e-02;1.583207e-02;6.340282e-02;6.166262e-02;3.205037e-02;1.836552e-02;4.942619e-02;4.601853e-02
2.910438e-01;1.265294e-01;9.906738e-02;4.535235e-02;5.763440e-02;3.096882e-02;9.151082e-02;6.733605e-02;3.237769e-02;3.344151e-02;5.950480e-02;6.523310e-02
2.278314e-01;8.153366e-02;6.889996e-02;7.310861e-02;5.442056e-02;4.580993e-02;1.606143e-01;5.563994e-02;3.056943e-02;5.318754e-02;6.275792e-02;8.562671e-02
1.666190e-01;4.307112e-02;5.729774e-02;1.080834e-01;5.498379e-02;5.098772e-02;2.297078e-01;4.467826e-02;2.114778e-02;6.887183e-02;5.710392e-02;9.744762e-02
1.486307e-01;6.043435e-02;5.955106e-02;1.267303e-01;5.535516e-02;3.959974e-02;2.413802e-01;3.499687e-02;1.406161e-02;6.640656e-02;5.491322e-02;9.794021e-02
1.282242e-01;6.240271e-02;8.411025e-02;1.335564e-01;4.552159e-02;2.968189e-02;2.489325e-01;2.754893e-02;1.621584e-02;5.083019e-02;5.592909e-02;1.170465e-01
1.130754e-01;6.862853e-02;1.037684e-01;1.309011e-01;3.991655e-02;2.656135e-02;2.538288e-01;2.091177e-02;2.199902e-02;4.063448e-02;5.819293e-02;1.215817e-01
1.349343e-01;8.140009e-02;1.187800e-01;1.129991e-01;4.313153e-02;2.673532e-02;2.362498e-01;3.076326e-02;1.821525e-02;3.880064e-02;5.239220e-02;1.055985e-01
1.461988e-01;9.273776e-02;1.047870e-01;9.081510e-02;5.134891e-02;3.247470e-02;2.256251e-01;3.144656e-02;1.926203e-02;4.330724e-02;5.964501e-02;1.023517e-01
1.257849e-01;8.539871e-02;1.002681e-01;7.001947e-02;4.746556e-02;4.303972e-02;1.960539e-01;3.355269e-02;2.835033e-02;6.149309e-02;7.994212e-02;1.286315e-01
1.273907e-01;6.459972e-02;1.024120e-01;7.177534e-02;3.833674e-02;3.253978e-02;1.647060e-01;3.662095e-02;3.124431e-02;7.408556e-02;7.961908e-02;1.766697e-01
1.291523e-01;6.234065e-02;1.402372e-01;7.260153e-02;2.207930e-02;3.040698e-02;1.568202e-01;2.148785e-02;2.417871e-02;6.040939e-02;8.751065e-02;1.927752e-01
1.736807e-01;5.484293e-02;1.000293e-01;7.513684e-02;2.479533e-02;3.245104e-02;1.589141e-01;1.996715e-02;1.869529e-02;5.134558e-02;9.754629e-02;1.925954e-01
1.329184e-01;5.284671e-02;9.904484e-02;8.043310e-02;2.881002e-02;3.327503e-02;1.516503e-01;2.103689e-02;1.358377e-02;7.349449e-02;1.072974e-01;2.056091e-01
1.729880e-01;5.229960e-02;1.768554e-01;5.441228e-02;1.764494e-02;1.773904e-02;9.985948e-02;2.967512e-02;1.421430e-02;8.903779e-02;9.385782e-02;1.814162e-01
2.845767e-01;3.068505e-02;1.331694e-01;2.827722e-02;1.285870e-02;1.008255e-02;8.630602e-02;4.567606e-02;1.379126e-02;9.725321e-02;9.231081e-02;1.650130e-01
3.468818e-01;2.986934e-02;1.183461e-01;2.223914e-02;1.030655e-02;1.414725e-02;7.624267e-02;4.295218e-02;1.368128e-02;8.483369e-02;8.961656e-02;1.508834e-01
3.601728e-01;3.480923e-02;1.696128e-01;1.839861e-02;1.043871e-02;1.660589e-02;5.428854e-02;5.131885e-02;1.055889e-02;6.896564e-02;7.610048e-02;1.287296e-01
3.833495e-01;4.219163e-02;1.760279e-01;1.133259e-02;1.010378e-02;1.912309e-02;4.565632e-02;5.825734e-02;1.119188e-02;5.756620e-02;7.223305e-02;1.129667e-01
3.782748e-01;5.066815e-02;1.922009e-01;1.261219e-02;7.614796e-03;1.571297e-02;5.123223e-02;6.730542e-02;6.926883e-03;4.608754e-02;6.802712e-02;1.033371e-01
3.649446e-01;4.949139e-02;1.755935e-01;1.667146e-02;2.031975e-02;2.325393e-02;6.349669e-02;6.947537e-02;2.504874e-02;4.471291e-02;6.587687e-02;8.111476e-02
2.826166e-01;9.956771e-02;1.877616e-01;3.465082e-02;4.045058e-02;3.624656e-02;8.075794e-02;7.103653e-02;4.042127e-02;3.179196e-02;5.283070e-02;4.186783e-02
2.711715e-01;1.161703e-01;1.857926e-01;4.083361e-02;5.521433e-02;4.134567e-02;5.258895e-02;7.657816e-02;4.637137e-02;2.086779e-02;4.496844e-02;4.809719e-02
2.624971e-01;1.230191e-01;1.533000e-01;3.750106e-02;5.756220e-02;5.486301e-02;6.733053e-02;7.779876e-02;5.675888e-02;2.024182e-02;4.792305e-02;4.120452e-02
2.027698e-01;9.175180e-02;1.381494e-01;4.296261e-02;6.280089e-02;7.079781e-02;1.393608e-01;7.343663e-02;5.433081e-02;4.553564e-02;4.844819e-02;2.965563e-02
1.718827e-01;7.035536e-02;1.103817e-01;5.408940e-02;7.098325e-02;7.568195e-02;1.999717e-01;6.646600e-02;4.553254e-02;6.131784e-02;4.009812e-02;3.323940e-02
1.221684e-01;1.092404e-01;1.934353e-01;4.776070e-02;5.929555e-02;6.390559e-02;1.685738e-01;3.296784e-02;6.261424e-02;6.607162e-02;3.935054e-02;3.461602e-02
1.346898e-01;1.277782e-01;2.384396e-01;4.099896e-02;5.891851e-02;5.172360e-02;8.839758e-02;5.941065e-02;7.383534e-02;5.023041e-02;4.408500e-02;3.149235e-02
1.973554e-01;1.077334e-01;1.500679e-01;5.749013e-02;7.685492e-02;3.520117e-02;1.345574e-01;8.540840e-02;5.166987e-02;3.320886e-02;4.461550e-02;2.583712e-02
2.061039e-01;9.062529e-02;1.203904e-01;6.959300e-02;7.857149e-02;4.593973e-02;1.625584e-01;8.288580e-02;3.182621e-02;3.782544e-02;3.553839e-02;3.814190e-02
1.962560e-01;1.058675e-01;1.414184e-01;7.926337e-02;5.746161e-02;5.345440e-02;1.740677e-01;5.618754e-02;3.869206e-02;4.740684e-02;2.138358e-02;2.854097e-02
2.107230e-01;1.041201e-01;1.273693e-01;7.613835e-02;6.111224e-02;3.794425e-02;1.717272e-01;7.120958e-02;2.896061e-02;4.999251e-02;3.462047e-02;2.608243e-02
2.301795e-01;1.017997e-01;1.525450e-01;7.678854e-02;6.547205e-02;4.415822e-02;1.646734e-01;5.219990e-02;2.337162e-02;4.378644e-02;1.768161e-02;2.734401e-02
2.269489e-01;1.217124e-01;2.066598e-01;5.859491e-02;5.092973e-02;2.800768e-02;1.495942e-01;2.964885e-02;4.493376e-02;3.085635e-02;3.077403e-02;2.133939e-02
2.590576e-01;1.169840e-01;1.645999e-01;4.931635e-02;5.429250e-02;3.182042e-02;1.558944e-01;3.822194e-02;3.635212e-02;3.448008e-02;3.046555e-02;2.851507e-02
2.589305e-01;9.177535e-02;2.426865e-01;4.715845e-02;5.004634e-02;3.578843e-02;1.299317e-01;2.461882e-02;2.595647e-02;3.735838e-02;2.117647e-02;3.457268e-02
2.326503e-01;1.191750e-01;2.816207e-01;3.392030e-02;4.048022e-02;1.946366e-02;1.061634e-01;1.465933e-02;3.726177e-02;2.941322e-02;4.082798e-02;4.436408e-02
2.180002e-01;1.232297e-01;2.150460e-01;3.013550e-02;5.264108e-02;3.439627e-02;1.201355e-01;1.954267e-02;3.860583e-02;3.944847e-02;5.394458e-02;5.487420e-02
1.254071e-01;9.000499e-02;2.103802e-01;5.810213e-02;7.212960e-02;5.570258e-02;1.035098e-01;4.358757e-02;3.923927e-02;6.984566e-02;6.507173e-02;6.701938e-02
7.104965e-02;6.232729e-02;1.782556e-01;8.611818e-02;9.278601e-02;6.707153e-02;1.250481e-01;7.768881e-02;7.156298e-02;6.286035e-02;5.811572e-02;4.711577e-02
8.123098e-02;6.489250e-02;1.791722e-01;8.662491e-02;9.349728e-02;6.801959e-02;1.196897e-01;7.710131e-02;7.355943e-02;5.953011e-02;5.010541e-02;4.657657e-02
8.625828e-02;5.832085e-02;2.322135e-01;7.324094e-02;8.358250e-02;7.071573e-02;1.119658e-01;7.029244e-02;6.328215e-02;6.356996e-02;4.335417e-02;4.320354e-02
5.752211e-02;8.248703e-02;3.237320e-01;7.260647e-02;7.364115e-02;5.034568e-02;1.046687e-01;6.107166e-02;4.629699e-02;7.765210e-02;1.488332e-02;3.509282e-02
7.087328e-02;9.177803e-02;3.044842e-01;6.488202e-02;5.839165e-02;6.562584e-02;1.042916e-01;6.185418e-02;5.512340e-02;5.968815e-02;3.106398e-02;3.194369e-02
5.276613e-02;1.006560e-01;3.613719e-01;7.080133e-02;4.423745e-02;6.962205e-02;9.122184e-02;4.974709e-02;4.439794e-02;5.121404e-02;3.428422e-02;2.967993e-02
2.374092e-02;9.465813e-02;4.612727e-01;6.196085e-02;4.521838e-02;5.073863e-02;9.510370e-02;3.422124e-02;2.770570e-02;4.852379e-02;2.480472e-02;3.205121e-02
5.438629e-02;8.476177e-02;4.102294e-01;5.260643e-02;6.047883e-02;5.275770e-02;7.985124e-02;3.997106e-02;3.998932e-02;5.518209e-02;3.266993e-02;3.711596e-02
9.529864e-02;7.099987e-02;2.609657e-01;4.406514e-02;4.963492e-02;5.032529e-02;1.183777e-01;7.053652e-02;5.229327e-02;6.640606e-02;4.360901e-02;7.748791e-02
9.491473e-02;6.168838e-02;1.891862e-01;4.503316e-02;7.112656e-02;5.603429e-02;1.372794e-01;8.146662e-02;3.081373e-02;6.439440e-02;5.424667e-02;1.138158e-01
9.357661e-02;6.738648e-02;1.246094e-01;5.234534e-02;6.902723e-02;5.464811e-02;1.462775e-01;8.891077e-02;5.927007e-02;4.666928e-02;8.186387e-02;1.154154e-01
1.225252e-01;7.103737e-02;5.478426e-02;5.957928e-02;4.802876e-02;4.215932e-02;1.473275e-01;8.171140e-02;1.033230e-01;6.120775e-02;7.049754e-02;1.378187e-01
8.581890e-02;7.448707e-02;1.126352e-01;6.021402e-02;6.566005e-02;3.584413e-02;1.228880e-01;5.112538e-02;9.211657e-02;7.216092e-02;7.156269e-02;1.554871e-01
1.357902e-01;8.241987e-02;7.093837e-02;8.293287e-02;5.790654e-02;4.462196e-02;9.867330e-02;4.674133e-02;5.238443e-02;5.978105e-02;1.110413e-01;1.567687e-01
1.805439e-01;1.089261e-01;8.717825e-02;7.748432e-02;2.662733e-02;4.112300e-02;7.128507e-02;4.406017e-02;4.316609e-02;5.784748e-02;1.281752e-01;1.335831e-01
1.945640e-01;9.658188e-02;1.179196e-01;6.399719e-02;3.122657e-02;4.129662e-02;6.466664e-02;2.808742e-02;7.670441e-02;5.338482e-02;1.298596e-01;1.017112e-01
1.809178e-01;8.938374e-02;9.644218e-02;5.191848e-02;4.155708e-02;4.399958e-02;4.411248e-02;4.051935e-02;9.137955e-02;8.645462e-02;1.442785e-01;8.903662e-02
1.358642e-01;9.567969e-02;1.067146e-01;6.927276e-02;4.414120e-02;4.804348e-02;8.633099e-02;5.549940e-02;5.733244e-02;8.218361e-02;9.960243e-02;1.193352e-01
1.048305e-01;7.370444e-02;1.361765e-01;1.068577e-01;6.929719e-02;4.320345e-02;9.842910e-02;4.360915e-02;3.233577e-02;7.280330e-02;1.160349e-01;1.027180e-01
1.187444e-01;5.514665e-02;1.176527e-01;1.156895e-01;7.756574e-02;3.072270e-02;9.058586e-02;4.822547e-02;6.730028e-02;5.821571e-02;1.276067e-01;9.254437e-02
