7.550198e-02;5.760367e-02;8.780426e-02;1.825469e-01;7.317708e-02;4.611087e-02;1.253405e-01;5.270998e-02;6.252190e-02;1.016316e-01;6.492341e-02;7.012782e-02
5.064997e-02;4.057096e-02;2.014433e-01;8.413370e-02;1.024755e-01;8.201662e-02;1.870984e-01;3.593713e-02;5.113861e-02;6.434146e-02;6.742671e-02;3.276767e-02
3.537082e-02;3.175459e-02;3.665565e-01;4.853166e-02;9.412038e-02;6.357806e-02;1.876219e-01;2.363326e-02;4.422297e-02;3.422181e-02;5.111745e-02;1.927070e-02
2.486741e-02;4.296733e-02;4.265574e-01;5.741856e-02;7.010906e-02;4.498066e-02;1.480215e-01;2.183864e-02;4.207498e-02;4.038987e-02;4.487990e-02;3.589461e-02
5.092231e-02;6.728125e-02;3.868731e-01;5.263770e-02;5.380079e-02;4.864298e-02;1.281751e-01;2.899188e-02;4.528716e-02;4.321111e-02;4.663843e-02;4.753822e-02
5.323664e-02;8.195551e-02;3.766534e-01;4.084726e-02;3.689339e-02;5.784640e-02;1.181851e-01;4.104605e-02;5.124056e-02;4.894577e-02;4.050546e-02;5.264447e-02
2.986618e-02;8.493371e-02;4.372995e-01;3.685691e-02;2.595113e-02;5.796039e-02;6.876923e-02;5.003853e-02;5.817804e-02;5.203323e-02;3.412909e-02;6.398405e-02
2.646552e-02;7.667654e-02;4.884431e-01;3.563761e-02;2.933247e-02;5.908756e-02;3.592376e-02;4.598522e-02;5.657772e-02;4.896090e-02;2.624267e-02;7.066689e-02
2.497024e-02;8.731472e-02;4.706967e-01;4.606356e-02;2.542451e-02;6.799951e-02;4.666516e-02;3.321460e-02;7.665101e-02;4.212239e-02;1.869158e-02;6.018609e-02
3.441328e-02;9.499895e-02;4.423273e-01;5.356776e-02;2.526991e-02;6.547736e-02;5.298311e-02;3.052168e-02;9.666140e-02;3.535790e-02;2.933685e-02;3.908444e-02
5.193395e-02;8.134772e-02;4.177037e-01;4.927438e-02;3.333344e-02;4.080416e-02;8.910487e-02;4.642887e-02;8.730607e-02;3.323361e-02;5.351092e-02;1.601831e-02
7.375172e-02;6.520559e-02;3.946657e-01;4.419468e-02;4.538907e-02;2.919450e-02;1.004430e-01;7.277326e-02;6.490997e-02;3.748110e-02;5.053960e-02;2.145186e-02
7.712886e-02;6.409541e-02;2.825716e-01;5.711753e-02;4.499658e-02;4.701829e-02;1.795304e-01;7.369532e-02;5.720948e-02;5.546129e-02;3.433538e-02;2.683992e-02
4.823575e-02;5.677330e-02;1.820701e-01;6.528097e-02;3.314260e-02;4.944279e-02;2.860521e-01;4.997528e-02;7.302546e-02;7.747491e-02;4.364968e-02;3.487703e-02
2.361448e-02;4.710640e-02;1.535324e-01;6.916121e-02;4.357665e-02;4.825171e-02;3.474887e-01;3.062630e-02;9.266242e-02;6.688226e-02;3.722856e-02;3.986895e-02
2.294264e-02;3.132951e-02;1.828839e-01;5.583490e-02;4.736074e-02;6.406526e-02;3.118355e-01;3.406601e-02;1.328894e-01;3.544605e-02;5.129151e-02;3.005454e-02
2.999061e-02;2.464481e-02;2.067360e-01;3.773771e-02;4.565118e-02;8.786805e-02;2.555560e-01;3.757363e-02;1.491137e-01;3.237220e-02;7.312346e-02;1.963277e-02
3.837047e-02;3.940403e-02;1.855001e-01;2.496722e-02;6.176124e-02;1.061861e-01;2.287474e-01;5.013172e-02;1.160021e-01;3.562871e-02;9.200880e-02;2.129212e-02
5.044346e-02;6.572451e-02;1.542196e-01;2.508248e-02;8.756571e-02;1.031227e-01;2.303549e-01;7.012356e-02;6.464407e-02;4.417848e-02;8.374973e-02;2.079079e-02
5.150221e-02;8.242643e-02;1.287377e-01;3.492749e-02;1.098160e-01;9.491122e-02;2.284106e-01;8.197941e-02;4.247089e-02;5.923719e-02;6.329452e-02;2.228632e-02
5.498458e-02;7.887645e-02;1.287471e-01;3.952379e-02;1.006922e-01;7.367327e-02;1.753329e-01;7.915764e-02;7.119439e-02;9.348715e-02;5.804663e-02;4.628388e-02
5.677219e-02;7.523472e-02;1.703869e-01;4.826481e-02;8.502594e-02;7.495157e-02;9.550674e-02;6.968670e-02;7.274593e-02;1.217263e-01;5.876063e-02;7.093756e-02
7.836393e-02;4.856855e-02;1.753873e-01;5.664880e-02;9.486960e-02;9.382215e-02;7.596993e-02;5.012336e-02;7.285678e-02;1.119970e-01;7.353849e-02;6.785407e-02
1.014521e-01;3.572956e-02;2.296324e-01;5.768323e-02;8.587538e-02;6.927738e-02;1.194100e-01;5.776744e-02;5.249485e-02;8.608402e-02;5.684970e-02;4.774392e-02
1.033796e-01;4.387800e-02;2.507618e-01;8.720259e-02;7.442940e-02;4.813198e-02;9.249720e-02;5.727283e-02;5.206752e-02;7.914266e-02;6.804437e-02;4.319201e-02
8.876720e-02;2.854685e-02;2.532313e-01;1.133322e-01;7.812237e-02;4.950057e-02;6.794826e-02;4.435322e-02;6.252567e-02;8.918652e-02;7.509796e-02;4.938782e-02
5.983750e-02;2.978978e-02;2.751116e-01;1.100903e-01;1.036650e-01;5.498053e-02;6.632749e-02;2.974838e-02;6.860120e-02;8.463120e-02;7.665954e-02;4.055751e-02
5.090913e-02;2.476440e-02;3.217027e-01;9.795490e-02;9.143278e-02;5.080619e-02;6.726105e-02;3.195774e-02;7.018054e-02;8.238980e-02;7.517915e-02;3.546163e-02
5.285116e-02;2.010495e-02;3.420532e-01;7.866323e-02;9.269662e-02;4.181400e-02;9.166787e-02;3.863664e-02;6.317367e-02;8.111494e-02;6.127029e-02;3.595347e-02
7.016531e-02;6.155194e-02;2.405268e-01;7.296111e-02;9.740998e-02;5.361503e-02;1.326405e-01;4.141398e-02;6.548769e-02;8.127055e-02;4.517540e-02;3.778173e-02
8.457076e-02;8.582612e-02;1.364219e-01;7.893893e-02;1.051904e-01;5.807147e-02;1.595201e-01;5.198530e-02;6.929967e-02;8.135947e-02;4.547727e-02;4.333858e-02
7.471992e-02;5.734343e-02;2.251776e-01;9.733769e-02;9.166565e-02;4.661344e-02;1.102081e-01;3.871657e-02;8.622900e-02;8.279427e-02;5.251146e-02;3.668289e-02
6.693766e-02;3.885160e-02;2.693132e-01;1.277507e-01;6.569395e-02;3.270723e-02;6.489870e-02;4.717717e-02;1.084809e-01;8.679951e-02;6.368706e-02;2.770228e-02
7.141084e-02;2.794938e-02;2.487592e-01;1.334047e-01;6.205715e-02;4.513856e-02;7.053563e-02;5.565181e-02;1.132266e-01;8.263315e-02;6.532615e-02;2.390686e-02
7.050814e-02;3.754856e-02;2.839023e-01;1.341571e-01;6.631088e-02;4.211054e-02;5.010166e-02;4.089079e-02;1.067294e-01;8.136794e-02;6.346103e-02;2.291155e-02
7.639538e-02;5.380806e-02;2.593642e-01;1.240627e-01;6.863257e-02;4.233117e-02;6.756008e-02;5.449012e-02;9.409691e-02;7.024555e-02;6.207947e-02;2.693379e-02
8.062988e-02;7.599983e-02;1.977797e-01;1.277936e-01;7.523747e-02;5.201445e-02;5.983469e-02;6.124088e-02;1.010663e-01;6.852445e-02;6.955472e-02;3.032397e-02
9.004113e-02;7.414889e-02;2.335701e-01;1.188870e-01;7.448541e-02;4.498255e-02;4.381190e-02;4.171671e-02;9.813674e-02;7.168163e-02;7.856177e-02;2.997620e-02
7.276772e-02;6.142803e-02;2.571014e-01;9.542925e-02;7.709777e-02;4.214422e-02;5.265860e-02;3.246073e-02;8.739086e-02;6.388803e-02;1.035893e-01;5.404414e-02
4.641737e-02;5.461418e-02;2.565106e-01;7.304922e-02;6.099061e-02;5.104885e-02;6.445093e-02;4.872127e-02;8.950579e-02;7.023939e-02;1.092785e-01;7.517328e-02
4.212207e-02;4.716453e-02;2.474802e-01;5.860290e-02;4.634716e-02;6.156442e-02;1.012264e-01;6.469612e-02;9.440126e-02;7.761887e-02;9.021740e-02;6.855880e-02
4.811573e-02;3.800882e-02;2.942759e-01;4.909732e-02;5.081885e-02;7.823933e-02;1.004401e-01;7.009405e-02;7.548673e-02;7.386839e-02;5.725047e-02;6.430422e-02
5.745161e-02;4.539359e-02;3.800305e-01;4.007870e-02;4.500449e-02;7.760236e-02;9.903117e-02;5.096332e-02;6.286913e-02;5.381506e-02;3.706623e-02;5.069390e-02
5.529648e-02;4.539307e-02;4.127376e-01;3.570694e-02;5.026186e-02;6.860379e-02;1.187339e-01;4.426293e-02;5.719768e-02;4.389239e-02;2.895425e-02;3.895905e-02
5.065138e-02;4.104820e-02;4.062468e-01;4.241774e-02;6.302017e-02;7.172723e-02;1.287613e-01;4.198739e-02;5.051463e-02;3.915127e-02;3.687113e-02;2.760266e-02
4.030651e-02;3.309252e-02;3.766440e-01;5.013313e-02;7.505444e-02;6.783256e-02;1.356762e-01;4.320338e-02;5.795457e-02;3.972505e-02;6.143689e-02;1.894078e-02
7.100569e-02;5.254462e-02;2.394292e-01;5.683474e-02;6.459360e-02;6.344367e-02;1.058657e-01;5.263963e-02;9.100858e-02;8.371796e-02;8.438598e-02;3.453062e-02
9.859093e-02;7.979348e-02;1.158612e-01;2.581775e-02;3.727204e-02;4.380637e-02;1.020638e-01;9.488681e-02;1.382959e-01;1.172943e-01;7.577758e-02;7.053978e-02
1.055223e-01;7.479554e-02;8.426832e-02;3.177400e-02;3.143062e-02;5.291470e-02;1.121408e-01;9.618195e-02;1.609275e-01;1.114477e-01;6.567301e-02;7.292350e-02
1.093535e-01;5.710602e-02;7.202402e-02;4.444141e-02;4.120206e-02;5.594377e-02;1.114326e-01;9.520539e-02;1.827516e-01;1.104479e-01;5.838445e-02;6.170722e-02
1.272611e-01;5.747940e-02;7.252625e-02;4.708052e-02;5.791745e-02;6.210312e-02;1.939031e-01;1.005947e-01;1.009495e-01;7.605767e-02;5.066966e-02;5.345757e-02
1.402692e-01;6.365769e-02;8.697131e-02;4.473683e-02;3.774387e-02;7.201318e-02;2.636576e-01;7.850301e-02;4.886809e-02;5.948297e-02;5.378563e-02;5.031057e-02
1.153862e-01;6.437957e-02;1.052282e-01;4.061974e-02;4.424183e-02;6.572254e-02;2.622555e-01;7.772016e-02;5.617685e-02;6.813509e-02;5.797802e-02;4.215629e-02
4.985787e-02;5.837980e-02;1.422991e-01;3.436596e-02;5.481683e-02;6.268243e-02;2.751001e-01;7.985710e-02;5.529982e-02;8.444993e-02;7.328953e-02;2.960148e-02
3.547654e-02;3.637833e-02;1.688106e-01;3.991820e-02;4.916376e-02;6.611474e-02;3.101272e-01;7.463678e-02;4.571602e-02;8.654162e-02;6.549455e-02;2.162175e-02
3.457591e-02;3.396356e-02;2.636057e-01;6.773817e-02;6.658541e-02;4.347183e-02;2.283333e-01;6.652547e-02;5.948291e-02;7.752405e-02;3.561332e-02;2.258045e-02
3.701926e-02;4.516416e-02;3.231946e-01;5.585550e-02;4.143982e-02;3.659203e-02;2.093392e-01;5.104416e-02;5.924847e-02;6.957672e-02;5.150213e-02;2.002403e-02
7.020777e-02;5.178373e-02;3.358372e-01;4.570483e-02;4.480073e-02;3.699955e-02;1.833395e-01;4.033130e-02;5.047334e-02;6.454576e-02;5.404866e-02;2.192774e-02
3.893692e-02;5.699413e-02;3.523889e-01;5.414262e-02;3.633405e-02;3.458778e-02;1.631624e-01;3.961160e-02;4.936573e-02;7.001981e-02;6.612329e-02;3.833281e-02
8.132204e-02;5.938221e-02;1.956161e-01;4.254528e-02;5.909960e-02;4.688270e-02;1.886295e-01;5.344538e-02;4.853013e-02;9.266913e-02;7.926759e-02;5.261032e-02
1.140735e-01;8.802617e-02;9.434027e-02;2.114239e-02;6.715717e-02;4.999543e-02;1.769163e-01;4.738415e-02;4.584377e-02;1.125873e-01;8.237504e-02;1.001585e-01
1.169511e-01;1.045550e-01;1.052905e-01;2.944841e-02;5.634448e-02;3.934956e-02;1.220863e-01;5.334136e-02;5.575493e-02;1.104857e-01;8.022292e-02;1.261698e-01
1.467477e-01;1.045825e-01;8.061066e-02;4.143319e-02;4.809468e-02;2.690794e-02;7.556301e-02;6.686528e-02;6.947464e-02;1.031062e-01;8.947112e-02;1.471430e-01
1.466255e-01;7.829988e-02;1.248554e-01;4.086155e-02;4.878842e-02;2.716045e-02;9.586846e-02;6.036744e-02;7.777699e-02;9.338789e-02;8.088221e-02;1.251258e-01
1.130227e-01;4.610126e-02;1.590655e-01;3.193151e-02;4.574871e-02;4.169907e-02;1.569311e-01;6.056710e-02;8.165722e-02;1.048455e-01;8.018795e-02;7.824229e-02
8.192380e-02;3.213229e-02;1.650826e-01;3.662869e-02;4.728421e-02;4.272843e-02;1.804802e-01;7.647230e-02;9.542342e-02;1.127641e-01;7.591208e-02;5.316788e-02
5.581219e-02;5.243454e-02;1.623012e-01;4.142265e-02;6.652705e-02;4.023079e-02;1.504475e-01;8.509971e-02;9.279373e-02;1.265012e-01;7.706740e-02;4.936202e-02
6.598341e-02;7.303887e-02;1.722616e-01;4.570891e-02;6.535331e-02;5.913844e-02;8.681557e-02;7.641326e-02;7.243055e-02;1.331778e-01;7.545726e-02;7.422101e-02
1.461424e-01;8.108322e-02;1.229978e-01;3.846246e-02;6.200508e-02;6.497843e-02;1.084709e-01;6.485391e-02;4.815532e-02;1.026596e-01;8.180747e-02;7.838343e-02
1.894609e-01;1.033430e-01;5.463998e-02;3.346360e-02;7.152175e-02;5.407624e-02;8.667596e-02;5.549717e-02;4.951062e-02;1.014904e-01;1.084657e-01;9.185468e-02
9.959602e-02;8.624142e-02;1.454466e-01;4.541478e-02;5.776162e-02;3.670027e-02;1.029660e-01;5.460571e-02;4.476473e-02;1.030290e-01;1.074034e-01;1.160705e-01
9.492968e-02;6.003311e-02;2.215825e-01;4.691446e-02;5.194305e-02;5.190386e-02;1.186630e-01;4.394574e-02;7.908069e-02;6.126025e-02;8.366823e-02;8.607534e-02
6.101227e-02;3.686633e-02;1.983951e-01;4.260789e-02;7.568142e-02;5.983141e-02;2.374990e-01;5.667065e-02;7.362794e-02;5.070603e-02;5.727178e-02;4.983016e-02
6.279610e-02;3.943143e-02;1.813542e-01;4.345738e-02;5.830045e-02;4.714676e-02;2.724369e-01;6.923141e-02;7.050754e-02;6.091432e-02;4.927712e-02;4.514639e-02
9.018947e-02;6.783952e-02;1.537962e-01;4.823243e-02;6.807619e-02;4.687700e-02;2.443978e-01;4.961706e-02;8.017344e-02;6.426479e-02;3.938423e-02;4.715188e-02
6.789335e-02;9.087917e-02;1.342178e-01;5.831787e-02;8.646809e-02;7.725225e-02;2.064805e-01;4.874490e-02;6.395364e-02;7.019915e-02;4.921465e-02;4.637868e-02
5.867520e-02;8.740278e-02;1.287745e-01;5.530565e-02;9.441452e-02;5.865232e-02;1.854625e-01;6.250673e-02;7.683244e-02;8.221397e-02;6.195419e-02;4.780522e-02
4.774482e-02;7.044388e-02;1.774316e-01;6.627508e-02;9.708090e-02;6.328115e-02;1.255466e-01;6.533285e-02;8.416072e-02;7.384299e-02;6.661366e-02;6.224573e-02
7.380444e-02;8.315175e-02;1.732877e-01;8.732398e-02;9.039228e-02;7.754387e-02;8.210890e-02;6.078124e-02;8.583960e-02;6.850057e-02;6.004634e-02;5.721932e-02
1.255004e-01;7.159709e-02;1.737022e-01;7.218007e-02;5.781122e-02;6.643091e-02;1.155353e-01;6.423279e-02;6.021637e-02;7.992359e-02;3.618075e-02;7.668933e-02
2.007545e-01;1.061071e-01;1.766119e-01;6.013586e-02;5.643554e-02;3.531412e-02;1.095778e-01;5.094304e-02;4.699487e-02;5.295508e-02;5.641905e-02;4.775108e-02
2.406657e-01;1.225480e-01;1.533277e-01;5.542686e-02;4.988842e-02;2.646662e-02;1.177265e-01;4.017721e-02;3.918630e-02;4.277998e-02;7.428213e-02;3.752449e-02
2.165308e-01;1.051777e-01;1.784613e-01;4.570966e-02;4.310353e-02;4.387346e-02;1.279831e-01;2.948805e-02;3.609971e-02;4.178955e-02;9.375284e-02;3.803034e-02
1.585709e-01;1.155427e-01;2.035651e-01;3.906389e-02;5.008156e-02;4.781048e-02;1.073383e-01;3.946018e-02;2.626530e-02;6.465752e-02;9.913760e-02;4.850643e-02
1.159181e-01;1.846069e-01;1.955358e-01;3.365212e-02;6.112250e-02;4.384200e-02;6.841893e-02;5.997754e-02;1.631795e-02;8.762862e-02;9.024420e-02;4.273538e-02
4.936152e-02;1.826871e-01;1.833284e-01;2.783038e-02;6.127635e-02;6.105981e-02;8.400992e-02;6.272907e-02;3.651960e-02;1.030637e-01;1.150791e-01;3.305513e-02
8.354246e-02;1.081025e-01;2.740680e-01;1.839629e-02;5.388185e-02;6.873117e-02;7.648364e-02;4.726402e-02;4.655654e-02;7.953124e-02;1.130094e-01;3.043289e-02
9.015641e-02;5.314977e-02;3.208812e-01;1.279326e-02;6.806930e-02;7.323489e-02;1.000920e-01;3.386870e-02;5.360530e-02;5.685662e-02;1.059947e-01;3.129783e-02
7.651439e-02;2.986658e-02;3.036704e-01;3.519692e-02;1.007285e-01;7.394898e-02;1.279074e-01;2.761770e-02;5.748319e-02;4.086341e-02;9.454306e-02;3.165954e-02
6.525539e-02;3.108105e-02;2.316096e-01;4.636855e-02;1.082224e-01;8.307409e-02;1.930462e-01;3.861515e-02;5.393869e-02;3.182303e-02;7.065391e-02;4.631196e-02
5.897735e-02;4.529765e-02;1.618261e-01;6.559964e-02;7.845394e-02;7.760002e-02;2.447493e-01;3.984920e-02;6.330013e-02;4.795732e-02;5.424547e-02;6.214384e-02
1.089610e-01;2.004624e-02;9.650308e-02;7.160559e-02;5.300509e-02;7.057854e-02;2.304361e-01;6.805202e-02;9.878039e-02;5.768026e-02;5.219803e-02;7.215371e-02
1.812417e-01;4.579660e-02;7.029700e-02;4.903295e-02;3.996103e-02;4.675623e-02;1.666311e-01;6.706133e-02;9.437928e-02;6.622128e-02;8.458578e-02;8.803568e-02
2.426157e-01;6.524936e-02;8.571061e-02;3.212310e-02;4.070649e-02;2.475690e-02;1.345564e-01;5.663289e-02;5.469620e-02;5.769313e-02;9.786902e-02;1.073902e-01
2.515156e-01;8.081474e-02;8.547971e-02;3.170926e-02;4.870200e-02;2.914524e-02;1.573219e-01;5.374382e-02;4.024132e-02;4.418899e-02;7.416013e-02;1.029773e-01
1.960121e-01;8.988004e-02;9.763445e-02;3.045476e-02;4.292942e-02;4.239122e-02;2.355675e-01;5.209140e-02;4.639918e-02;4.052842e-02;5.550936e-02;7.060216e-02
1.020956e-01;1.175980e-01;1.994539e-01;4.482871e-02;2.891938e-02;3.607164e-02;2.239710e-01;5.858402e-02;5.725438e-02;5.367861e-02;3.599997e-02;4.154477e-02
3.917493e-02;1.401658e-01;3.247790e-01;5.988133e-02;3.387116e-02;3.172586e-02;1.418456e-01;5.309466e-02;7.542707e-02;5.093463e-02;2.004208e-02;2.905788e-02
7.085600e-02;1.359758e-01;3.876198e-01;6.012034e-02;3.823138e-02;3.315349e-02;3.924326e-02;5.474545e-02;7.681612e-02;4.955719e-02;2.244684e-02;3.123436e-02
3.163866e-02;1.179164e-01;3.996498e-01;5.772665e-02;4.169136e-02;2.694499e-02;8.647317e-02;7.541631e-02;7.301295e-02;4.646395e-02;1.669902e-02;2.636673e-02
6.296033e-02;1.029020e-01;3.805863e-01;4.880115e-02;4.800364e-02;2.162764e-02;1.098270e-01;8.082192e-02;6.840569e-02;3.662658e-02;2.251383e-02;1.692398e-02
9.551771e-02;7.983308e-02;3.241635e-01;3.820610e-02;3.646965e-02;2.662003e-02;1.519554e-01;8.587329e-02;5.480031e-02;3.827438e-02;4.409162e-02;2.419499e-02
9.195823e-02;9.886171e-02;2.711734e-01;4.031227e-02;3.486102e-02;2.044745e-02;2.159485e-01;7.204743e-02;4.358016e-02;3.766149e-02;3.571293e-02;3.743530e-02
6.125915e-02;8.994546e-02;2.382733e-01;3.858439e-02;3.659568e-02;3.193536e-02;2.644630e-01;6.423952e-02;4.109695e-02;4.423928e-02;4.376947e-02;4.559844e-02
9.510408e-02;1.014347e-01;2.132577e-01;3.895606e-02;2.241930e-02;3.891843e-02;2.821899e-01;4.638917e-02;2.814350e-02;4.256813e-02;4.371495e-02;4.690408e-02
7.872532e-02;1.514408e-01;1.648195e-01;3.571834e-02;3.719097e-02;4.599707e-02;2.534300e-01;5.693619e-02;3.712156e-02;4.330698e-02;3.934462e-02;5.596870e-02
8.563896e-02;1.818461e-01;1.332122e-01;4.079292e-02;5.291934e-02;5.274551e-02;1.272647e-01;9.837862e-02;6.665289e-02;4.961428e-02;4.720737e-02;6.372716e-02
1.294003e-01;1.452792e-01;1.472993e-01;4.330150e-02;4.637235e-02;5.034243e-02;1.336476e-01;8.246886e-02;7.973621e-02;4.521570e-02;3.077135e-02;6.616525e-02
1.317887e-01;8.467107e-02;1.579863e-01;3.870177e-02;6.092318e-02;4.019337e-02;1.242931e-01;1.318126e-01;8.300298e-02;4.798820e-02;2.813332e-02;7.050546e-02
8.396636e-02;1.452682e-01;1.576205e-01;4.293473e-02;6.705508e-02;4.842479e-02;8.729283e-02;1.791588e-01;6.362355e-02;3.743181e-02;3.676254e-02;5.046076e-02
8.636183e-02;1.479575e-01;1.255014e-01;4.658084e-02;7.313076e-02;5.735505e-02;1.274833e-01;1.527952e-01;7.591586e-02;3.385177e-02;3.425715e-02;3.880936e-02
9.341999e-02;7.094275e-02;1.572978e-01;5.514983e-02;6.080914e-02;3.961868e-02;1.742635e-01;1.362214e-01;9.171271e-02;4.411554e-02;4.322411e-02;3.322452e-02
1.235094e-01;6.671681e-02;1.824135e-01;5.045698e-02;4.671032e-02;3.087172e-02;1.603179e-01;1.081608e-01;8.312884e-02;4.922782e-02;6.192585e-02;3.656000e-02
1.834084e-01;1.064425e-01;1.614216e-01;2.959131e-02;5.056802e-02;3.079219e-02;8.957484e-02;8.855222e-02;7.016334e-02;5.356294e-02;6.231246e-02;7.361025e-02
1.876937e-01;1.059707e-01;1.240791e-01;3.174105e-02;4.512104e-02;3.663379e-02;1.437460e-01;6.587868e-02;6.650919e-02;5.991960e-02;5.287573e-02;7.983139e-02
1.887719e-01;6.894932e-02;1.068441e-01;4.271217e-02;2.913123e-02;4.118477e-02;2.251138e-01;4.596285e-02;5.579868e-02;4.881896e-02;5.679952e-02;8.991263e-02
1.671675e-01;6.151294e-02;1.216557e-01;4.124250e-02;3.829897e-02;4.437752e-02;2.255506e-01;3.328583e-02;6.018467e-02;4.349413e-02;6.936333e-02;9.386631e-02
1.207732e-01;3.592860e-02;1.505877e-01;3.943138e-02;5.457146e-02;4.915772e-02;1.844422e-01;4.935683e-02;6.663755e-02;6.339463e-02;9.450735e-02;9.121127e-02
1.153014e-01;4.608662e-02;1.554826e-01;3.197780e-02;7.017730e-02;5.379980e-02;5.598782e-02;7.819910e-02;5.584422e-02;9.046839e-02;1.278571e-01;1.188178e-01
1.001585e-01;5.871765e-02;9.803526e-02;1.316093e-02;6.950076e-02;5.877782e-02;1.260309e-01;9.050125e-02;3.887912e-02;7.818049e-02;1.333488e-01;1.347086e-01
8.688655e-02;4.456885e-02;8.824503e-02;1.067854e-02;6.300267e-02;6.740437e-02;1.678642e-01;1.026165e-01;3.685538e-02;7.123915e-02;1.290842e-01;1.315545e-01
7.005800e-02;3.921701e-02;8.802166e-02;1.111353e-02;5.486099e-02;7.175230e-02;2.245747e-01;8.794998e-02;3.310468e-02;8.320358e-02;1.193371e-01;1.168064e-01
4.491815e-02;3.470164e-02;8.592300e-02;1.194638e-02;5.410696e-02;8.455645e-02;2.683843e-01;6.930676e-02;3.685411e-02;8.634014e-02;1.173595e-01;1.056027e-01
3.767811e-02;3.547229e-02;7.941572e-02;1.983110e-02;6.429426e-02;9.355641e-02;2.856262e-01;5.941632e-02;2.895411e-02;7.874506e-02;1.114536e-01;1.055567e-01
4.886840e-02;9.476014e-02;8.739122e-02;4.651605e-02;6.445609e-02;7.277571e-02;2.645855e-01;4.264664e-02;2.459911e-02;6.262041e-02;9.568750e-02;9.509321e-02
6.805597e-02;1.484282e-01;8.012670e-02;5.964964e-02;4.240668e-02;4.788309e-02;2.632827e-01;2.942389e-02;3.652714e-02;5.698831e-02;8.987902e-02;7.734857e-02
6.494492e-02;1.101923e-01;1.225064e-01;4.410059e-02;5.267538e-02;5.776624e-02;2.616132e-01;3.327926e-02;4.169509e-02;6.141956e-02;9.126398e-02;5.854316e-02
6.456794e-02;8.591218e-02;1.362683e-01;3.391890e-02;7.547797e-02;7.827047e-02;2.371356e-01;4.023890e-02;3.620490e-02;6.575882e-02;8.769038e-02;5.855559e-02
7.870213e-02;8.301523e-02;1.652072e-01;4.577886e-02;7.559478e-02;7.830635e-02;2.219233e-01;4.125962e-02;2.929813e-02;6.229058e-02;6.792038e-02;5.070349e-02
7.657279e-02;7.164343e-02;2.130310e-01;4.317776e-02;5.298585e-02;8.606284e-02;2.274829e-01;3.369309e-02;2.432423e-02;5.608359e-02;5.565797e-02;5.928459e-02
8.378720e-02;7.550926e-02;1.462991e-01;3.081046e-02;7.355288e-02;8.294738e-02;1.789089e-01;6.105979e-02;4.319227e-02;7.100733e-02;6.992529e-02;8.300014e-02
8.137606e-02;7.999863e-02;1.702316e-01;3.148915e-02;8.347871e-02;8.035073e-02;1.316186e-01;5.792578e-02;4.119033e-02;7.726122e-02;8.753255e-02;7.754663e-02
6.886193e-02;6.104252e-02;1.348185e-01;3.089681e-02;8.050200e-02;8.841279e-02;2.540120e-01;4.926673e-02;3.399003e-02;6.001974e-02;8.607621e-02;5.210080e-02
6.950030e-02;5.281470e-02;1.022974e-01;2.686788e-02;7.342525e-02;9.988655e-02;3.149265e-01;5.113237e-02;3.268705e-02;5.147761e-02;8.367751e-02;4.130688e-02
1.054974e-01;1.024123e-01;5.947547e-02;3.426884e-02;6.029813e-02;6.058163e-02;1.623521e-01;8.023972e-02;4.985077e-02;8.206926e-02;9.570742e-02;1.072468e-01
1.309041e-01;1.090558e-01;6.488072e-02;4.996870e-02;7.619967e-02;2.669039e-02;4.408589e-02;8.552919e-02;5.187030e-02;1.062449e-01;1.192042e-01;1.353661e-01
1.212072e-01;1.041873e-01;8.242128e-02;5.923115e-02;7.536609e-02;1.725744e-02;4.102509e-02;7.775618e-02;6.031015e-02;1.028306e-01;1.187306e-01;1.396771e-01
1.006819e-01;1.012489e-01;1.005782e-01;6.096373e-02;6.338739e-02;2.781303e-02;5.893510e-02;6.714802e-02;5.813224e-02;9.919228e-02;1.178074e-01;1.441119e-01
9.213024e-02;8.818552e-02;1.047418e-01;5.958768e-02;4.305081e-02;4.354997e-02;6.551389e-02;5.273076e-02;4.352525e-02;9.653287e-02;1.233482e-01;1.871030e-01
8.017159e-02;6.581053e-02;1.444940e-01;5.231997e-02;3.297948e-02;4.704350e-02;1.011400e-01;6.008262e-02;8.551539e-02;6.999337e-02;1.217958e-01;1.386537e-01
9.376360e-02;5.961746e-02;1.613480e-01;5.824042e-02;4.975254e-02;5.471041e-02;5.994798e-02;5.529365e-02;1.024840e-01;7.810394e-02;1.236312e-01;1.031068e-01
1.165332e-01;5.583183e-02;1.036435e-01;6.883331e-02;6.009575e-02;5.878403e-02;1.059314e-01;6.433636e-02;9.615114e-02;8.900582e-02;1.035966e-01;7.725696e-02
8.623020e-02;5.121778e-02;1.215221e-01;7.468864e-02;6.103105e-02;6.577735e-02;1.460757e-01;5.672470e-02;6.953731e-02;7.715952e-02;1.294625e-01;6.057327e-02
5.950928e-02;5.395548e-02;1.742943e-01;6.143411e-02;4.723319e-02;8.038566e-02;1.160937e-01;4.851021e-02;1.035997e-01;8.129525e-02;1.324738e-01;4.121535e-02
6.597620e-02;5.857612e-02;1.733007e-01;6.177735e-02;5.175747e-02;8.386657e-02;8.535434e-02;7.489064e-02;1.174329e-01;8.322667e-02;1.104098e-01;3.343121e-02
7.941990e-02;6.472562e-02;1.672871e-01;5.602908e-02;8.208618e-02;7.227091e-02;7.246070e-02;8.996240e-02;1.205724e-01;6.452806e-02;8.670953e-02;4.394812e-02
7.787118e-02;5.996218e-02;1.699954e-01;6.181033e-02;8.660483e-02;6.840439e-02;9.872273e-02;6.226242e-02;1.180451e-01;7.374453e-02;7.201878e-02;5.055807e-02
5.446211e-02;7.255390e-02;1.758081e-01;3.812100e-02;9.102640e-02;1.136218e-01;1.373079e-01;3.013987e-02;9.246017e-02;8.125789e-02;7.172360e-02;4.151724e-02
3.761005e-02;7.635104e-02;8.009651e-02;3.577156e-02;1.250262e-01;1.460225e-01;1.587389e-01;5.424592e-02;6.936086e-02;1.000617e-01;9.073047e-02;2.598434e-02
3.701810e-02;7.644521e-02;8.885642e-02;4.494437e-02;1.257493e-01;1.283603e-01;1.697446e-01;5.560025e-02;4.980939e-02;1.008661e-01;1.019746e-01;2.063141e-02
2.081207e-02;7.344100e-02;9.792887e-02;4.748899e-02;1.167127e-01;1.191494e-01;2.136451e-01;5.648409e-02;3.042271e-02;9.587709e-02;1.020232e-01;2.601481e-02
2.423122e-02;8.013647e-02;1.036977e-01;5.011492e-02;1.255788e-01;1.127792e-01;1.851084e-01;6.873441e-02;2.411227e-02;9.098495e-02;1.013096e-01;3.321195e-02
4.780728e-02;9.981753e-02;7.531633e-02;4.531429e-02;1.281897e-01;1.124581e-01;1.218433e-01;6.216272e-02;4.654750e-02;1.108939e-01;1.060759e-01;4.357344e-02
6.191359e-02;1.071412e-01;7.602193e-02;2.922952e-02;1.418150e-01;9.024426e-02;9.709918e-02;3.308313e-02;6.018761e-02;1.225423e-01;1.182302e-01;6.249212e-02
7.593884e-02;1.037649e-01;7.656416e-02;4.399084e-02;1.652999e-01;8.139091e-02;4.273721e-02;2.356777e-02;6.047316e-02;1.330494e-01;1.242117e-01;6.901111e-02
5.721337e-02;7.680025e-02;9.791015e-02;3.868770e-02;1.501943e-01;1.026991e-01;8.126378e-02;4.992244e-02;6.166483e-02;1.224169e-01;1.037372e-01;5.748991e-02
4.590376e-02;6.427982e-02;1.107808e-01;3.808528e-02;1.357589e-01;1.198834e-01;8.942194e-02;6.242149e-02;7.158686e-02;1.234781e-01;8.901829e-02;4.938132e-02
5.062533e-02;6.196962e-02;1.476895e-01;4.417695e-02;1.293579e-01;1.244649e-01;6.179931e-02;6.074600e-02;6.585454e-02;1.420157e-01;7.459201e-02;3.670827e-02
5.603759e-02;4.391894e-02;1.830628e-01;5.996677e-02;1.226495e-01;1.287417e-01;5.798774e-02;4.983400e-02;5.081672e-02;1.510561e-01;7.277399e-02;2.315413e-02
5.139441e-02;4.498179e-02;1.688421e-01;7.015891e-02;1.363449e-01;1.223053e-01;8.166063e-02;3.694092e-02;5.008606e-02;1.378635e-01;8.047070e-02;1.895080e-02
5.210687e-02;5.599875e-02;1.490389e-01;6.270254e-02;1.489820e-01;1.169688e-01;1.005914e-01;3.284756e-02;4.343697e-02;1.328435e-01;8.300301e-02;2.147979e-02
5.760219e-02;4.871728e-02;1.677698e-01;5.531247e-02;1.433902e-01;1.172576e-01;9.353832e-02;2.942249e-02;5.169752e-02;1.392039e-01;7.861055e-02;1.747771e-02
6.691229e-02;3.925388e-02;1.764743e-01;5.120515e-02;1.414258e-01;1.109118e-01;7.299419e-02;3.388895e-02;6.957507e-02;1.500915e-01;7.223933e-02;1.502783e-02
5.370613e-02;5.846838e-02;1.586527e-01;4.976078e-02;1.588324e-01;9.822641e-02;9.461954e-02;4.244788e-02;5.399315e-02;1.371924e-01;6.960016e-02;2.449996e-02
4.099509e-02;8.918778e-02;1.435390e-01;5.379312e-02;1.734598e-01;9.460425e-02;1.138858e-01;3.837348e-02;3.900646e-02;1.163232e-01;6.690079e-02;2.993120e-02
5.448943e-02;1.162815e-01;1.452671e-01;5.380513e-02;1.495582e-01;9.730179e-02;1.222842e-01;3.121634e-02;3.066882e-02;8.972325e-02;6.521770e-02;4.418657e-02
7.097877e-02;1.142296e-01;1.133103e-01;3.973603e-02;1.170474e-01;9.374621e-02;1.496614e-01;3.580499e-02;2.946820e-02;7.909010e-02;8.125754e-02;7.566938e-02
5.984450e-02;9.825391e-02;9.355856e-02;3.597946e-02;1.112784e-01;8.315356e-02;1.348847e-01;4.145438e-02;4.679158e-02;9.131040e-02;1.086009e-01;9.488969e-02
5.089212e-02;9.480917e-02;7.708868e-02;3.680538e-02;1.271007e-01;7.720731e-02;1.029014e-01;5.410305e-02;7.435559e-02;1.078021e-01;1.145683e-01;8.236621e-02
4.728740e-02;9.457826e-02;8.714627e-02;4.689750e-02;1.283129e-01;9.061091e-02;1.068021e-01;7.696909e-02;8.343621e-02;1.045925e-01;7.582421e-02;5.754268e-02
3.423963e-02;9.873354e-02;1.137301e-01;6.981035e-02;1.436605e-01;1.212585e-01;1.037024e-01;9.496370e-02;6.047682e-02;7.231440e-02;5.010548e-02;3.700467e-02
3.648521e-02;8.938790e-02;1.016738e-01;9.712326e-02;1.583258e-01;1.199572e-01;1.505568e-01;7.752277e-02;3.455454e-02;5.233624e-02;5.030933e-02;3.176717e-02
4.666967e-02;7.205506e-02;1.105180e-01;1.255702e-01;1.557699e-01;1.135794e-01;1.785777e-01;5.244389e-02;1.806222e-02;4.608537e-02;5.847032e-02;2.219831e-02
6.543989e-02;5.239802e-02;1.428086e-01;1.499002e-01;1.228576e-01;1.190317e-01;1.572865e-01;3.370724e-02;2.857916e-02;3.885315e-02;6.814103e-02;2.099685e-02
7.592281e-02;4.401841e-02;1.760868e-01;1.323803e-01;8.463879e-02;1.364715e-01;1.529861e-01;2.130110e-02;3.989525e-02;3.771870e-02;7.567184e-02;2.290844e-02
8.002627e-02;3.586989e-02;2.312278e-01;8.230773e-02;7.804606e-02;1.124779e-01;1.677506e-01;1.974615e-02;5.820652e-02;3.583603e-02;7.075172e-02;2.775331e-02
6.213441e-02;3.682080e-02;2.778196e-01;4.959804e-02;8.118887e-02;7.873993e-02;1.979302e-01;1.966299e-02;6.505080e-02;3.503800e-02;6.075763e-02;3.525877e-02
5.421747e-02;7.399595e-02;2.661377e-01;3.407040e-02;7.891577e-02;5.483203e-02;2.350514e-01;1.855939e-02;5.920069e-02;3.600194e-02;5.192958e-02;3.708773e-02
5.507021e-02;1.071145e-01;1.992171e-01;5.287729e-02;6.084931e-02;5.553263e-02;2.663827e-01;1.987032e-02;5.076591e-02;3.285736e-02;4.340467e-02;5.605792e-02
7.467595e-02;1.298596e-01;1.294391e-01;7.067899e-02;3.427912e-02;5.758062e-02;2.814004e-01;2.430997e-02;3.715176e-02;3.867780e-02;3.842680e-02;8.351988e-02
1.020642e-01;1.565780e-01;7.330023e-02;7.486755e-02;2.081597e-02;3.904342e-02;2.780676e-01;2.741592e-02;1.803330e-02;4.434753e-02;4.215147e-02;1.233147e-01
1.175213e-01;1.611252e-01;5.208889e-02;7.521201e-02;1.984074e-02;2.247394e-02;2.582863e-01;2.162638e-02;1.493970e-02;4.384211e-02;5.434776e-02;1.586956e-01
1.404692e-01;1.379362e-01;6.137449e-02;7.695991e-02;2.542349e-02;2.729703e-02;2.401803e-01;2.635519e-02;1.835354e-02;4.109640e-02;4.874707e-02;1.558071e-01
1.666520e-01;1.382165e-01;5.723961e-02;7.135016e-02;3.327196e-02;4.047961e-02;2.284157e-01;3.368176e-02;1.390592e-02;4.247044e-02;4.033094e-02;1.339853e-01
2.159298e-01;1.301038e-01;5.590387e-02;5.960572e-02;3.593668e-02;4.866939e-02;2.005836e-01;3.470737e-02;1.776210e-02;4.616062e-02;3.158803e-02;1.230490e-01
2.444475e-01;1.368447e-01;7.285798e-02;4.824783e-02;2.576889e-02;5.485770e-02;1.726527e-01;4.177310e-02;2.281855e-02;4.891268e-02;2.317111e-02;1.076473e-01
2.657310e-01;1.102983e-01;8.126795e-02;2.723273e-02;2.503841e-02;5.896692e-02;1.888213e-01;4.846157e-02;2.193855e-02;5.263338e-02;2.218983e-02;9.741999e-02
2.473488e-01;8.458959e-02;5.729344e-02;3.703690e-02;2.575819e-02;4.982615e-02;2.269736e-01;4.185708e-02;1.472005e-02;5.370021e-02;2.855277e-02;1.323433e-01
2.152914e-01;7.095156e-02;3.202800e-02;4.548803e-02;2.433640e-02;4.352938e-02;2.557442e-01;3.824062e-02;1.391658e-02;5.198777e-02;3.133741e-02;1.771487e-01
1.953429e-01;3.700135e-02;1.759162e-02;4.383130e-02;2.603719e-02;4.216011e-02;2.746847e-01;3.959228e-02;2.006222e-02;5.463175e-02;4.325631e-02;2.058083e-01
1.805708e-01;2.740312e-02;3.944122e-02;3.662207e-02;2.537167e-02;4.264373e-02;2.709875e-01;4.877804e-02;1.941470e-02;7.276465e-02;6.024991e-02;1.757526e-01
2.083369e-01;3.453070e-02;4.671572e-02;2.929903e-02;2.378483e-02;4.048556e-02;2.891064e-01;5.599854e-02;2.504568e-02;8.611583e-02;4.219676e-02;1.183841e-01
1.970742e-01;2.918280e-02;3.638745e-02;2.849514e-02;3.022768e-02;4.531397e-02;3.344031e-01;6.660168e-02;4.345846e-02;8.928213e-02;2.047592e-02;7.909752e-02
1.976898e-01;2.485485e-02;2.466815e-02;3.233703e-02;2.909379e-02;3.461840e-02;3.351225e-01;9.216622e-02;5.104032e-02;8.211298e-02;2.477153e-02;7.152452e-02
2.345062e-01;2.509498e-02;6.536701e-02;2.718810e-02;2.659853e-02;3.138518e-02;2.655487e-01;1.073867e-01;4.955301e-02;6.014032e-02;2.732893e-02;7.990242e-02
2.223816e-01;5.323341e-02;1.302112e-01;1.473635e-02;4.400335e-02;3.806116e-02;1.945750e-01;7.918322e-02;8.876835e-02;4.190082e-02;3.938839e-02;5.355706e-02
1.297435e-01;4.764862e-02;1.082288e-01;2.547267e-02;6.138362e-02;5.072710e-02;2.127845e-01;3.280067e-02;1.293334e-01;9.222951e-02;5.126417e-02;5.838342e-02
5.269058e-02;3.092743e-02;2.431928e-01;4.065192e-02;7.492386e-02;5.150096e-02;1.225002e-01;4.849342e-02;1.073823e-01;1.028457e-01;7.409643e-02;5.079439e-02
6.135577e-02;2.430432e-02;3.281199e-01;3.825415e-02;5.694985e-02;5.061620e-02;1.147220e-01;2.231639e-02;7.780292e-02;1.034185e-01;9.541539e-02;2.672458e-02
8.249866e-02;3.968776e-02;3.217643e-01;2.521762e-02;3.844992e-02;5.155997e-02;1.702711e-01;4.167109e-02;3.638210e-02;7.592220e-02;9.297273e-02;2.360247e-02
8.273823e-02;6.434938e-02;3.092369e-01;3.387332e-02;4.934233e-02;4.576487e-02;1.380098e-01;3.935857e-02;6.660098e-02;6.456820e-02;6.035804e-02;4.579931e-02
6.439683e-02;6.221724e-02;3.484663e-01;5.617724e-02;7.823047e-02;4.534668e-02;5.020482e-02;2.684409e-02;7.928813e-02;5.431949e-02;7.815312e-02;5.635554e-02
8.490616e-02;5.287585e-02;2.909409e-01;5.454127e-02;8.347245e-02;4.808802e-02;9.626905e-02;1.546146e-02;6.854065e-02;6.245820e-02;8.959787e-02;5.284810e-02
7.103991e-02;4.377947e-02;2.561187e-01;5.813748e-02;8.999854e-02;6.402234e-02;9.881315e-02;1.720820e-02;7.542070e-02;9.317298e-02;8.548779e-02;4.680077e-02
5.513301e-02;5.399051e-02;2.948511e-01;6.298720e-02;8.354490e-02;6.644925e-02;1.350785e-01;3.285062e-02;7.858711e-02;6.449032e-02;3.750201e-02;3.453536e-02
3.904286e-02;7.532443e-02;2.317203e-01;6.467813e-02;8.421019e-02;4.848310e-02;1.663383e-01;4.487891e-02;8.734979e-02;6.370609e-02;5.912082e-02;3.514710e-02
3.712869e-02;6.344244e-02;1.395147e-01;7.443389e-02;1.301315e-01;5.782377e-02;1.728413e-01;4.746913e-02;1.010089e-01;6.690879e-02;4.932622e-02;5.997070e-02
5.085498e-02;4.758878e-02;2.828417e-01;5.810725e-02;1.268447e-01;5.961339e-02;1.029507e-01;3.745148e-02;7.168829e-02;5.769556e-02;6.198034e-02;4.238287e-02
5.565336e-02;5.136628e-02;2.815380e-01;4.147903e-02;1.468721e-01;5.832868e-02;9.036908e-02;5.887454e-02;5.435922e-02;7.167169e-02;6.491797e-02;2.457009e-02
4.247621e-02;5.271515e-02;2.069953e-01;4.928978e-02;1.661234e-01;5.941608e-02;1.508752e-01;5.686399e-02;4.626592e-02;8.535241e-02;5.282655e-02;3.080015e-02
5.708645e-02;5.030894e-02;1.655202e-01;5.630473e-02;1.966850e-01;6.397180e-02;1.362319e-01;3.846315e-02;4.538424e-02;9.618676e-02;4.834230e-02;4.551450e-02
3.767584e-02;3.962639e-02;1.680866e-01;5.914942e-02;1.805542e-01;4.846873e-02;1.931000e-01;3.965287e-02;6.213659e-02;8.564340e-02;5.262348e-02;3.328241e-02
3.502519e-02;3.452774e-02;2.124456e-01;5.879631e-02;1.782082e-01;4.473491e-02;1.842176e-01;2.355966e-02;5.771916e-02;7.345036e-02;6.028891e-02;3.702636e-02
4.124273e-02;4.008104e-02;1.818951e-01;9.703962e-02;1.747174e-01;4.399923e-02;1.439660e-01;4.134142e-02;6.840219e-02;7.530421e-02;5.008743e-02;4.192363e-02
6.287296e-02;6.057268e-02;1.568474e-01;8.640088e-02;1.084735e-01;4.511745e-02;1.718320e-01;5.838429e-02;8.356989e-02;7.550014e-02;5.228901e-02;3.813975e-02
7.240845e-02;5.657617e-02;2.006680e-01;8.127081e-02;9.897804e-02;4.254499e-02;1.299385e-01;4.854470e-02;8.613450e-02;7.857714e-02;6.624439e-02;3.811429e-02
9.228482e-02;3.513073e-02;2.217529e-01;9.899213e-02;1.058956e-01;4.415353e-02;4.668674e-02;4.032026e-02;9.446557e-02;1.372376e-01;5.495020e-02;2.812991e-02
8.185165e-02;3.085954e-02;2.035950e-01;9.487011e-02;7.029326e-02;3.491328e-02;9.323864e-02;4.934974e-02;5.138198e-02;1.377032e-01;9.102981e-02;6.091380e-02
5.864307e-02;5.656172e-02;1.888634e-01;5.647067e-02;7.300800e-02;4.807486e-02;5.273557e-02;6.563090e-02;9.701083e-02;1.121499e-01;1.051324e-01;8.571870e-02
4.278015e-02;8.700558e-02;2.041563e-01;2.609221e-02;7.344865e-02;4.797786e-02;1.036695e-01;4.943943e-02;1.423279e-01;1.006171e-01;7.489362e-02;4.759159e-02
6.851897e-02;6.820655e-02;1.790570e-01;2.994297e-02;1.020107e-01;4.639137e-02;1.384359e-01;6.924621e-02;8.653753e-02;1.080103e-01;5.208544e-02;5.155714e-02
1.058713e-01;8.500166e-02;1.962373e-01;3.541400e-02;1.149822e-01;5.384228e-02;1.227523e-01;4.628170e-02;4.795096e-02;9.665635e-02;4.573083e-02;4.927913e-02
1.107956e-01;1.210723e-01;1.913339e-01;3.335073e-02;9.550903e-02;5.903500e-02;1.195597e-01;3.384506e-02;4.584909e-02;7.396274e-02;7.625695e-02;3.942992e-02
7.711713e-02;1.053751e-01;1.838221e-01;2.690732e-02;6.573363e-02;6.853833e-02;2.094654e-01;4.238014e-02;4.421380e-02;5.824659e-02;7.810571e-02;4.009473e-02
8.281337e-02;4.844975e-02;1.740870e-01;3.373687e-02;5.187181e-02;7.039615e-02;2.684561e-01;4.223277e-02;5.124186e-02;6.467699e-02;7.490405e-02;3.713327e-02
6.590776e-02;5.355241e-02;1.151705e-01;4.427457e-02;4.705746e-02;5.322941e-02;2.471430e-01;6.287621e-02;8.742448e-02;7.204030e-02;9.226604e-02;5.905792e-02
1.015503e-01;3.702070e-02;5.919198e-02;7.365862e-02;6.450222e-02;5.287279e-02;1.173857e-01;8.486868e-02;7.437670e-02;1.194623e-01;1.235038e-01;9.160623e-02
1.127392e-01;6.264585e-02;4.436051e-02;7.453448e-02;6.564610e-02;4.740983e-02;1.028842e-01;8.912854e-02;5.888965e-02;1.053980e-01;1.443175e-01;9.204608e-02
1.458788e-01;7.841904e-02;8.373789e-02;5.269745e-02;7.665002e-02;4.142798e-02;1.209468e-01;5.433704e-02;7.965826e-02;9.920974e-02;9.697087e-02;7.006610e-02
1.837040e-01;8.289064e-02;1.335304e-01;3.022440e-02;6.475648e-02;3.289436e-02;1.352683e-01;6.117854e-02;8.120576e-02;9.645543e-02;4.969962e-02;4.819199e-02
1.988713e-01;9.090266e-02;1.322261e-01;2.789043e-02;3.964013e-02;3.139612e-02;1.358047e-01;9.659379e-02;6.964406e-02;7.055268e-02;5.310266e-02;5.337542e-02
1.771169e-01;8.705566e-02;1.205155e-01;3.368482e-02;3.840178e-02;3.770357e-02;1.383667e-01;1.196109e-01;6.879403e-02;5.244435e-02;6.439673e-02;6.190909e-02
1.408196e-01;4.671732e-02;9.299242e-02;4.010265e-02;5.168258e-02;4.217517e-02;1.814055e-01;1.357546e-01;5.866509e-02;7.526519e-02;7.745218e-02;5.696765e-02
1.337865e-01;6.347863e-02;7.397620e-02;6.050574e-02;5.320436e-02;4.147879e-02;2.118310e-01;1.193916e-01;5.598344e-02;7.878469e-02;4.906256e-02;5.851644e-02
1.244997e-01;7.371928e-02;9.112787e-02;4.999230e-02;7.052712e-02;7.298107e-02;2.295952e-01;6.637658e-02;6.673520e-02;5.684524e-02;4.534248e-02;5.225787e-02
9.013426e-02;5.917653e-02;1.463965e-01;3.779301e-02;8.928870e-02;1.021563e-01;1.908187e-01;5.322586e-02;8.028524e-02;5.266669e-02;5.779050e-02;4.026783e-02
5.758074e-02;2.841797e-02;1.956495e-01;7.066479e-02;1.072729e-01;1.011345e-01;1.609720e-01;4.554307e-02;8.672829e-02;5.297096e-02;7.126233e-02;2.180303e-02
6.722823e-02;4.657141e-02;2.234475e-01;8.720406e-02;9.309731e-02;6.741767e-02;1.537299e-01;3.197931e-02;7.508828e-02;5.779989e-02;6.550238e-02;3.093401e-02
4.963414e-02;4.096360e-02;2.569646e-01;7.862332e-02;6.463311e-02;6.927188e-02;1.823030e-01;4.642062e-02;6.386825e-02;6.117668e-02;4.868186e-02;3.745900e-02
7.774477e-02;5.033321e-02;2.142806e-01;3.444545e-02;8.929285e-02;6.204935e-02;2.259755e-01;5.428325e-02;5.521848e-02;4.925612e-02;4.482191e-02;4.229850e-02
1.053168e-01;4.437112e-02;1.456711e-01;2.773844e-02;1.059347e-01;6.248280e-02;2.134941e-01;6.679409e-02;6.198895e-02;4.892610e-02;6.828051e-02;4.900134e-02
8.081611e-02;4.510267e-02;1.819036e-01;2.511848e-02;5.245922e-02;6.888168e-02;2.183494e-01;6.940996e-02;8.383767e-02;5.370272e-02;7.703848e-02;4.338010e-02
6.315799e-02;4.789190e-02;1.872924e-01;3.469573e-02;2.850554e-02;8.613526e-02;2.835954e-01;6.599763e-02;7.345683e-02;5.318776e-02;3.653402e-02;3.954956e-02
1.126449e-01;5.180433e-02;1.280631e-01;5.673931e-02;4.746749e-02;7.996644e-02;2.667023e-01;4.757477e-02;6.824218e-02;5.137298e-02;4.060704e-02;4.881515e-02
1.102250e-01;4.413704e-02;1.283600e-01;6.548786e-02;6.112012e-02;6.889524e-02;1.962946e-01;4.411064e-02;7.413816e-02;6.048190e-02;7.812159e-02;6.862788e-02
1.051011e-01;5.433263e-02;1.555447e-01;7.946487e-02;7.164129e-02;4.918353e-02;1.753705e-01;5.173688e-02;5.298115e-02;5.702184e-02;7.602458e-02;7.159685e-02
7.921285e-02;8.407187e-02;1.965990e-01;8.112284e-02;7.781170e-02;4.130476e-02;1.471176e-01;6.063672e-02;4.363172e-02;4.429465e-02;7.236419e-02;7.183211e-02
1.136282e-01;6.164960e-02;9.494641e-02;3.683753e-02;6.507071e-02;5.966949e-02;1.495127e-01;8.314559e-02;5.658967e-02;1.077868e-01;6.020546e-02;1.109579e-01
9.447227e-02;8.577260e-02;1.716930e-01;3.076322e-02;5.154224e-02;4.705485e-02;1.202906e-01;5.448756e-02;6.136053e-02;1.040484e-01;8.169924e-02;9.681553e-02
8.803967e-02;9.576575e-02;2.037305e-01;3.659508e-02;3.926375e-02;4.848889e-02;9.620824e-02;5.884515e-02;6.357042e-02;8.486913e-02;8.883738e-02;9.578599e-02
1.172708e-01;1.252104e-01;2.142339e-01;3.631401e-02;2.930206e-02;4.536401e-02;6.086221e-02;6.610363e-02;6.770018e-02;6.428654e-02;7.791611e-02;9.543604e-02
2.007566e-01;1.292296e-01;1.551582e-01;2.483568e-02;2.798847e-02;3.059727e-02;1.053926e-01;7.136372e-02;6.469475e-02;4.667728e-02;6.014267e-02;8.316316e-02
2.388501e-01;1.041518e-01;9.060992e-02;2.421584e-02;2.717181e-02;2.572113e-02;1.602933e-01;7.941835e-02;5.491629e-02;4.696813e-02;5.457061e-02;9.311280e-02
1.955303e-01;6.369284e-02;8.426644e-02;3.533655e-02;2.937135e-02;3.154948e-02;2.019339e-01;6.508180e-02;6.761288e-02;6.350603e-02;5.366381e-02;1.084546e-01
1.569087e-01;4.198166e-02;1.046593e-01;4.076584e-02;5.260814e-02;4.516525e-02;1.994048e-01;5.266306e-02;7.367281e-02;6.936111e-02;5.777989e-02;1.050294e-01
1.132120e-01;1.001039e-01;7.489609e-02;5.432126e-02;5.557763e-02;5.939389e-02;1.240055e-01;3.530466e-02;7.880297e-02;6.327612e-02;1.495303e-01;9.157570e-02
