1.175039e-01;1.100983e-01;2.132559e-01;3.719465e-02;6.140610e-02;5.009886e-02;7.056242e-02;4.688321e-02;3.836799e-02;9.341448e-02;9.703507e-02;6.417906e-02
1.088340e-01;9.362094e-02;1.450849e-01;3.721087e-02;8.516221e-02;6.474316e-02;1.805450e-01;7.670489e-02;4.073577e-02;7.517367e-02;5.508438e-02;3.710013e-02
1.697921e-01;7.163717e-02;6.115410e-02;2.456912e-02;6.799629e-02;6.578885e-02;3.417233e-01;5.342746e-02;2.994783e-02;4.815963e-02;2.954959e-02;3.625455e-02
1.437626e-01;5.887621e-02;6.782296e-02;1.562054e-02;3.241774e-02;5.039694e-02;4.908275e-01;3.293090e-02;2.993644e-02;2.787131e-02;1.886455e-02;3.067234e-02
6.359834e-02;4.846565e-02;8.857933e-02;2.831014e-02;4.115935e-02;5.064074e-02;5.229417e-01;4.394127e-02;3.657163e-02;3.548880e-02;2.313592e-02;1.716712e-02
6.045250e-02;3.516432e-02;1.786642e-01;4.890362e-02;7.237303e-02;5.917388e-02;3.506139e-01;5.050652e-02;4.434180e-02;4.334629e-02;3.351864e-02;2.294130e-02
6.306984e-02;2.173637e-02;2.769226e-01;7.825887e-02;8.206022e-02;5.527132e-02;2.285828e-01;4.674616e-02;4.221166e-02;3.988823e-02;4.198201e-02;2.326997e-02
6.560703e-02;7.584636e-03;4.484978e-01;1.081600e-01;7.354909e-02;3.755899e-02;9.147120e-02;4.142417e-02;3.347576e-02;3.650187e-02;4.118216e-02;1.498725e-02
6.694643e-02;5.050959e-02;5.485234e-01;8.891386e-02;4.464236e-02;2.989600e-02;3.962615e-02;3.317511e-02;3.646040e-02;3.151268e-02;2.259667e-02;7.197437e-03
5.849884e-02;1.318637e-01;5.405291e-01;4.717086e-02;2.837398e-02;3.505746e-02;3.276052e-02;2.683171e-02;5.721394e-02;1.860125e-02;1.230736e-02;1.079126e-02
3.111374e-02;1.688197e-01;5.474821e-01;2.660995e-02;1.376352e-02;2.444367e-02;4.411730e-02;3.488168e-02;7.384135e-02;2.224408e-02;4.930623e-03;7.752225e-03
1.105277e-02;1.672575e-01;5.434557e-01;1.719779e-02;1.156863e-02;1.974146e-02;3.343927e-02;4.076439e-02;9.359789e-02;4.514582e-02;5.813354e-03;1.096549e-02
2.163507e-02;1.825112e-01;4.585552e-01;1.882598e-02;5.832174e-03;1.962284e-02;2.104970e-02;3.082683e-02;1.568660e-01;7.340699e-02;3.499012e-03;7.368977e-03
5.974928e-02;2.077824e-01;3.074809e-01;1.474960e-02;4.208786e-03;2.090573e-02;9.841952e-03;1.485379e-02;2.747824e-01;7.491143e-02;3.613321e-03;7.120466e-03
1.253444e-01;2.127609e-01;1.773564e-01;1.028168e-02;2.873670e-03;1.898585e-02;1.003584e-02;4.093336e-02;3.359894e-01;5.248731e-02;3.783634e-03;9.167470e-03
2.069674e-01;2.046540e-01;8.996436e-02;8.499728e-03;7.788441e-03;1.738722e-02;3.125021e-02;6.293658e-02;3.082395e-01;3.661018e-02;9.821314e-03;1.588100e-02
2.705320e-01;2.023459e-01;5.092989e-02;1.470317e-02;3.783550e-02;1.826968e-02;5.259692e-02;4.248529e-02;2.298804e-01;3.201674e-02;2.518111e-02;2.322345e-02
2.115656e-01;1.487417e-01;2.075784e-01;1.411394e-02;8.496008e-02;1.595855e-02;3.565696e-02;9.793504e-02;9.211212e-02;2.644106e-02;4.237225e-02;2.256432e-02
1.603600e-01;9.209103e-02;2.364579e-01;8.146693e-03;1.202448e-01;1.681965e-02;2.579241e-02;1.530788e-01;6.081509e-02;2.575064e-02;7.703341e-02;2.340957e-02
1.844689e-01;9.993284e-02;2.159618e-01;7.472912e-03;1.174865e-01;7.513381e-03;1.338911e-02;1.323155e-01;8.997338e-02;1.417354e-02;9.761485e-02;1.969731e-02
2.161463e-01;1.059591e-01;2.189020e-01;8.852426e-03;1.147614e-01;5.988090e-03;2.139564e-02;1.070535e-01;6.154758e-02;1.109548e-02;1.101270e-01;1.817152e-02
2.226315e-01;9.578319e-02;2.172155e-01;1.194948e-02;1.074798e-01;9.300664e-03;3.217096e-02;1.052273e-01;5.083867e-02;1.167946e-02;1.169448e-01;1.877869e-02
1.565802e-01;1.053295e-01;2.369775e-01;2.215080e-02;9.603736e-02;3.445359e-02;7.182290e-02;7.526579e-02;5.331364e-02;2.102477e-02;1.086628e-01;1.838130e-02
1.215183e-01;1.380977e-01;2.180130e-01;3.736777e-02;8.704931e-02;5.179514e-02;8.209454e-02;5.740860e-02;6.849192e-02;2.447433e-02;7.710871e-02;3.658077e-02
1.529970e-01;2.085226e-01;1.624575e-01;3.879546e-02;5.878731e-02;4.152211e-02;6.103010e-02;5.293064e-02;8.499755e-02;1.872405e-02;4.459108e-02;7.464467e-02
1.851137e-01;3.306317e-01;1.080020e-01;3.851227e-02;2.467806e-02;2.431010e-02;2.925992e-02;3.339087e-02;9.975857e-02;2.004956e-02;1.541113e-02;9.088211e-02
2.147701e-01;3.763323e-01;9.360657e-02;3.985855e-02;1.710709e-02;2.640417e-02;1.545994e-02;2.723063e-02;1.039592e-01;2.326481e-02;8.276702e-03;5.372991e-02
2.532576e-01;3.273492e-01;1.074861e-01;3.229973e-02;2.991996e-02;1.555518e-02;2.655202e-02;4.624169e-02;9.703092e-02;2.706924e-02;1.540366e-02;2.183476e-02
2.729440e-01;2.932109e-01;1.047839e-01;2.555082e-02;3.643829e-02;1.674727e-02;3.000804e-02;5.249236e-02;1.078573e-01;2.902895e-02;1.841809e-02;1.252009e-02
2.371930e-01;3.150025e-01;1.155329e-01;5.045195e-02;1.837799e-02;2.444537e-02;2.029878e-02;3.973288e-02;1.370812e-01;2.291809e-02;1.043048e-02;8.534762e-03
2.144721e-01;3.435375e-01;1.271842e-01;6.814654e-02;8.121328e-03;2.852332e-02;8.918872e-03;2.501703e-02;1.383735e-01;1.583327e-02;1.079415e-02;1.107821e-02
2.337160e-01;3.081416e-01;1.504363e-01;6.198000e-02;1.102442e-02;2.359231e-02;1.216018e-02;2.224370e-02;1.017302e-01;1.518316e-02;3.708585e-02;2.270635e-02
2.470043e-01;2.649978e-01;1.738788e-01;4.825336e-02;2.206821e-02;1.850662e-02;2.512066e-02;3.218321e-02;5.166035e-02;2.391166e-02;6.525043e-02;2.716455e-02
2.311246e-01;2.341391e-01;1.385124e-01;3.509407e-02;2.165745e-02;2.185949e-02;4.604858e-02;5.041656e-02;8.255467e-02;3.167314e-02;7.550588e-02;3.141408e-02
1.569733e-01;1.864307e-01;1.387199e-01;5.908555e-02;2.384111e-02;2.530199e-02;5.303259e-02;5.688440e-02;1.644007e-01;4.312019e-02;6.949422e-02;2.271532e-02
1.162225e-01;9.336928e-02;1.872072e-01;5.793079e-02;2.824205e-02;3.041722e-02;6.896839e-02;5.377984e-02;1.744251e-01;8.470611e-02;5.358313e-02;5.114841e-02
1.009498e-01;9.362605e-02;1.472103e-01;4.846308e-02;5.036861e-02;5.234757e-02;6.835863e-02;5.228575e-02;1.206456e-01;1.079714e-01;7.632323e-02;8.144989e-02
8.490655e-02;1.032831e-01;1.201197e-01;5.025545e-02;7.430916e-02;5.371102e-02;6.836911e-02;5.652808e-02;8.174566e-02;9.475781e-02;1.060514e-01;1.059630e-01
7.176428e-02;9.758794e-02;2.286821e-01;4.554470e-02;6.828663e-02;5.357735e-02;8.994850e-02;6.986383e-02;3.601559e-02;7.358035e-02;7.137108e-02;9.377766e-02
6.253462e-02;3.826781e-02;3.950884e-01;4.468506e-02;5.510778e-02;4.251757e-02;8.866049e-02;5.624059e-02;4.227324e-02;1.020962e-01;2.244094e-02;5.008730e-02
4.800380e-02;7.424565e-02;4.761180e-01;4.191823e-02;3.233172e-02;2.088081e-02;5.171778e-02;3.183329e-02;6.630135e-02;1.104898e-01;1.358015e-02;3.257936e-02
6.050503e-02;1.086062e-01;4.812018e-01;3.867371e-02;1.852360e-02;1.390514e-02;2.387175e-02;2.541739e-02;8.097766e-02;8.397231e-02;2.047674e-02;4.386865e-02
1.040525e-01;1.044846e-01;3.617511e-01;3.493756e-02;3.227543e-02;2.090891e-02;5.139325e-02;4.387002e-02;8.524616e-02;4.889510e-02;5.599894e-02;5.618643e-02
1.078493e-01;8.395449e-02;2.647790e-01;2.762161e-02;3.888428e-02;2.383321e-02;4.974373e-02;4.791634e-02;9.410278e-02;1.001615e-01;1.100028e-01;5.115104e-02
6.539399e-02;1.241341e-01;1.729293e-01;2.936384e-02;3.757150e-02;4.359143e-02;4.524265e-02;2.807001e-02;9.505759e-02;1.610576e-01;1.576110e-01;3.997694e-02
2.644387e-02;1.035387e-01;1.743069e-01;3.889588e-02;5.464061e-02;4.910324e-02;4.189514e-02;3.200778e-02;7.779841e-02;1.914300e-01;1.719053e-01;3.803415e-02
1.243847e-01;4.496558e-02;1.488178e-01;5.494304e-02;6.519232e-02;4.288074e-02;9.452091e-02;5.077709e-02;7.145571e-02;1.381315e-01;1.239593e-01;3.997141e-02
1.948591e-01;1.206694e-01;1.688146e-01;5.394939e-02;4.405993e-02;3.021450e-02;1.076677e-01;5.610795e-02;4.900039e-02;6.230346e-02;5.987633e-02;5.247730e-02
2.434709e-01;1.819230e-01;1.570815e-01;4.606326e-02;3.334079e-02;2.137442e-02;8.547330e-02;5.854959e-02;4.145449e-02;4.321944e-02;3.815675e-02;4.989253e-02
2.977644e-01;2.386036e-01;1.160016e-01;2.776184e-02;2.788891e-02;1.419692e-02;6.821494e-02;6.155889e-02;4.303066e-02;3.463723e-02;3.728170e-02;3.305930e-02
3.326150e-01;2.616504e-01;1.197792e-01;2.257099e-02;1.452341e-02;9.733600e-03;5.026603e-02;4.158280e-02;4.764469e-02;2.790345e-02;4.678872e-02;2.494172e-02
3.202785e-01;2.431049e-01;1.518647e-01;2.183583e-02;1.681485e-02;9.621980e-03;3.656090e-02;2.411065e-02;5.017187e-02;3.625382e-02;5.560954e-02;3.377235e-02
2.815103e-01;2.275503e-01;1.722818e-01;2.887375e-02;2.752394e-02;1.375409e-02;3.189985e-02;2.340923e-02;4.323982e-02;5.220408e-02;5.863244e-02;3.912039e-02
2.157386e-01;2.694439e-01;1.726298e-01;3.437054e-02;3.751448e-02;1.759226e-02;3.599328e-02;3.040465e-02;3.474813e-02;6.335497e-02;5.470226e-02;3.350710e-02
7.025782e-02;2.798880e-01;2.115689e-01;3.702383e-02;3.508486e-02;1.290442e-02;4.921290e-02;4.324547e-02;8.359894e-02;7.345447e-02;7.678267e-02;2.697767e-02
1.094460e-01;2.220023e-01;2.926445e-01;2.711174e-02;2.781929e-02;1.305425e-02;5.170780e-02;4.949710e-02;8.306419e-02;5.811629e-02;4.292925e-02;2.260722e-02
1.412691e-01;2.082840e-01;2.849668e-01;2.233611e-02;3.144718e-02;1.755781e-02;6.100909e-02;4.247850e-02;8.164039e-02;4.368319e-02;3.044782e-02;3.487992e-02
2.377249e-01;2.707554e-01;1.539116e-01;3.037809e-02;2.744111e-02;1.869282e-02;6.411394e-02;4.115168e-02;6.356978e-02;2.512430e-02;2.690569e-02;4.023064e-02
2.490570e-01;3.045645e-01;1.831119e-01;2.970606e-02;2.312813e-02;1.821656e-02;4.102035e-02;2.875037e-02;4.911285e-02;1.918588e-02;3.181355e-02;2.233284e-02
2.740420e-01;3.408893e-01;1.329538e-01;3.332349e-02;3.125717e-02;1.562646e-02;4.187073e-02;2.123135e-02;4.316079e-02;1.334798e-02;3.521748e-02;1.707936e-02
3.134644e-01;3.499552e-01;8.726665e-02;2.824881e-02;3.964648e-02;1.256101e-02;4.235248e-02;1.849236e-02;3.536368e-02;2.049192e-02;2.728296e-02;2.487402e-02
2.025113e-01;2.106341e-01;1.766474e-01;2.419899e-02;5.053027e-02;3.174627e-02;6.525691e-02;4.236066e-02;4.680967e-02;5.691662e-02;3.846643e-02;5.392128e-02
9.641271e-02;1.101253e-01;2.758625e-01;4.414776e-02;4.319509e-02;4.832461e-02;8.410212e-02;4.446537e-02;6.690946e-02;6.829090e-02;4.619612e-02;7.196800e-02
1.405192e-01;1.315411e-01;2.750874e-01;4.280362e-02;3.960484e-02;3.557607e-02;7.448182e-02;3.450660e-02;6.923499e-02;5.630152e-02;4.573737e-02;5.460548e-02
2.279571e-01;1.779496e-01;2.289842e-01;3.120368e-02;2.698328e-02;2.021721e-02;5.358974e-02;3.865442e-02;7.721820e-02;4.399036e-02;3.368262e-02;3.956962e-02
4.003504e-01;2.080067e-01;1.298396e-01;1.593865e-02;1.369033e-02;9.163077e-03;2.468730e-02;5.287585e-02;6.221318e-02;2.322671e-02;1.779375e-02;4.221452e-02
5.415401e-01;1.676697e-01;4.207960e-02;1.157113e-02;4.887581e-03;5.147177e-03;3.567180e-02;5.008934e-02;2.359152e-02;9.841030e-03;1.117584e-02;9.673509e-02
5.161264e-01;9.079541e-02;1.559893e-02;2.006810e-02;4.929762e-03;7.636573e-03;6.704030e-02;2.071823e-02;8.340592e-03;2.619363e-02;1.384262e-02;2.087095e-01
4.677438e-01;2.169411e-02;1.054369e-02;3.381305e-02;6.706972e-03;7.805345e-03;9.003167e-02;2.266168e-02;7.471849e-03;3.011917e-02;1.871299e-02;2.826957e-01
4.864852e-01;2.871537e-02;1.912075e-02;3.753632e-02;5.110506e-03;9.374999e-03;8.289062e-02;3.299614e-02;9.014071e-03;2.654489e-02;1.579045e-02;2.464207e-01
4.840228e-01;5.541560e-02;2.907839e-02;3.265442e-02;1.797909e-02;1.532403e-02;7.245700e-02;5.916997e-02;1.187701e-02;2.071846e-02;1.180017e-02;1.895031e-01
5.054618e-01;6.898092e-02;4.260580e-02;1.983119e-02;6.188245e-02;2.005247e-02;4.934394e-02;7.126214e-02;8.687516e-03;1.110695e-02;1.052625e-02;1.302585e-01
4.919158e-01;7.224072e-02;4.040991e-02;2.159673e-02;1.222320e-01;3.674995e-02;2.979430e-02;8.285313e-02;7.621716e-03;6.547958e-03;7.559195e-03;8.047853e-02
4.758226e-01;7.454588e-02;3.528165e-02;1.058524e-02;1.353240e-01;5.697581e-02;2.649207e-02;9.829786e-02;1.414018e-02;4.401842e-03;1.116424e-02;5.696867e-02
4.724177e-01;1.026285e-01;5.034911e-02;7.442298e-03;8.992318e-02;4.128366e-02;2.665277e-02;8.973742e-02;4.010409e-02;5.878462e-03;2.391037e-02;4.967239e-02
4.270084e-01;1.698549e-01;7.959667e-02;1.306730e-02;4.161376e-02;2.093043e-02;1.950428e-02;5.028421e-02;7.322467e-02;1.121620e-02;2.907482e-02;6.462439e-02
3.050058e-01;2.374668e-01;1.633377e-01;1.989594e-02;2.444130e-02;3.004780e-02;1.391769e-02;2.128865e-02;6.978420e-02;1.304217e-02;1.637258e-02;8.539943e-02
1.957244e-01;2.387884e-01;2.677397e-01;2.743727e-02;3.011437e-02;3.296916e-02;1.155257e-02;2.090998e-02;4.644990e-02;1.587765e-02;1.206368e-02;1.003730e-01
1.011154e-01;1.485823e-01;4.313331e-01;2.671259e-02;6.011596e-02;1.698321e-02;1.525118e-02;2.438221e-02;3.988247e-02;2.755125e-02;9.849202e-03;9.824111e-02
6.693234e-02;7.908999e-02;5.511101e-01;2.312667e-02;1.054335e-01;1.188093e-02;2.397045e-02;1.984441e-02;2.610144e-02;3.903668e-02;3.735183e-03;4.973822e-02
7.736917e-02;2.960202e-02;5.798286e-01;2.760725e-02;1.466952e-01;1.567847e-02;2.479937e-02;1.591995e-02;1.200993e-02;4.452377e-02;4.602220e-03;2.136417e-02
4.706093e-02;4.556781e-02;5.807128e-01;2.722304e-02;1.623759e-01;1.430203e-02;3.173884e-02;1.453550e-02;1.756811e-02;4.345652e-02;3.948596e-03;1.151001e-02
3.600792e-02;4.603096e-02;6.109601e-01;2.781250e-02;1.546383e-01;1.294930e-02;3.248470e-02;1.498153e-02;8.289032e-03;3.942084e-02;5.600323e-03;1.082452e-02
2.447463e-02;7.563362e-02;6.292705e-01;3.329821e-02;1.255498e-01;1.527545e-02;2.398700e-02;1.860117e-02;1.005281e-02;2.929899e-02;7.053920e-03;7.503846e-03
6.649589e-02;1.038529e-01;5.550311e-01;3.319808e-02;1.075718e-01;2.592509e-02;2.715586e-02;2.349036e-02;1.734944e-02;2.101257e-02;8.756257e-03;1.016076e-02
1.249303e-01;1.150853e-01;3.963766e-01;5.981636e-02;7.597099e-02;3.434207e-02;4.455468e-02;3.940766e-02;3.823312e-02;2.628209e-02;1.566740e-02;2.933335e-02
1.394604e-01;1.476796e-01;2.568772e-01;1.007035e-01;6.168617e-02;3.894791e-02;4.525052e-02;5.778676e-02;3.882809e-02;4.372584e-02;2.869113e-02;4.036291e-02
1.416269e-01;1.646450e-01;2.239413e-01;9.446660e-02;8.842572e-02;2.986410e-02;4.182783e-02;6.021795e-02;3.971075e-02;4.904073e-02;3.170061e-02;3.453242e-02
1.539933e-01;1.902889e-01;2.237128e-01;6.966729e-02;9.219913e-02;2.594825e-02;4.309970e-02;3.936016e-02;5.865514e-02;4.813959e-02;2.160138e-02;3.333442e-02
1.873447e-01;2.037353e-01;1.953579e-01;7.507832e-02;6.920807e-02;3.000211e-02;2.413904e-02;2.411868e-02;7.128400e-02;5.661563e-02;1.937994e-02;4.373625e-02
2.078672e-01;1.863964e-01;1.962605e-01;7.989028e-02;5.312751e-02;4.098482e-02;3.831511e-02;3.227013e-02;5.603403e-02;4.978871e-02;1.601497e-02;4.305037e-02
1.844336e-01;1.453115e-01;1.480182e-01;6.940947e-02;6.999513e-02;5.844354e-02;8.538887e-02;4.767980e-02;3.380809e-02;4.972972e-02;3.437192e-02;7.341028e-02
1.274945e-01;1.350812e-01;9.570713e-02;6.714304e-02;1.123889e-01;7.254156e-02;9.607306e-02;5.280967e-02;4.421572e-02;6.099723e-02;5.866424e-02;7.688383e-02
1.842949e-01;1.474624e-01;1.208598e-01;6.498478e-02;1.138134e-01;4.597144e-02;4.688259e-02;4.662673e-02;5.508174e-02;4.160774e-02;6.968626e-02;6.272814e-02
1.939924e-01;2.234021e-01;9.196356e-02;5.227689e-02;7.811463e-02;3.294427e-02;4.544845e-02;5.147888e-02;4.418130e-02;3.247907e-02;5.835370e-02;9.536476e-02
1.789623e-01;2.682513e-01;1.249422e-01;4.380231e-02;5.311059e-02;3.430963e-02;3.268399e-02;5.990671e-02;2.642738e-02;3.042936e-02;4.134158e-02;1.058327e-01
1.692320e-01;2.408786e-01;2.088808e-01;3.791467e-02;4.922865e-02;3.475233e-02;3.277833e-02;6.043917e-02;2.999603e-02;2.434997e-02;2.578936e-02;8.576018e-02
1.142113e-01;1.391042e-01;2.239133e-01;4.639129e-02;7.908167e-02;4.968774e-02;1.315552e-01;5.186144e-02;5.798881e-02;2.473978e-02;1.327032e-02;6.819500e-02
4.182193e-02;6.893411e-02;1.242119e-01;6.090034e-02;1.053973e-01;6.811557e-02;3.279689e-01;3.762785e-02;8.013963e-02;2.988021e-02;2.722755e-02;2.777475e-02
3.164656e-02;4.382391e-02;1.176477e-01;5.470940e-02;9.977014e-02;7.559858e-02;4.093733e-01;2.975871e-02;6.173484e-02;2.655550e-02;1.945729e-02;2.992408e-02
4.723701e-02;2.470512e-02;9.567672e-02;4.950994e-02;1.231818e-01;1.236101e-01;4.133458e-01;2.404880e-02;4.128041e-02;2.108396e-02;1.836315e-02;1.795708e-02
5.401802e-02;4.302246e-02;1.700478e-01;5.456573e-02;1.118196e-01;8.661735e-02;3.106923e-01;3.407473e-02;4.038884e-02;4.873002e-02;2.953030e-02;1.649277e-02
6.144119e-02;3.345373e-02;2.708024e-01;6.444280e-02;9.267790e-02;5.277866e-02;2.185937e-01;3.192064e-02;4.083709e-02;7.057291e-02;3.781321e-02;2.466576e-02
7.546008e-02;4.522980e-02;3.943413e-01;9.349814e-02;7.403127e-02;2.086337e-02;9.914307e-02;3.135225e-02;2.588012e-02;7.813361e-02;3.497232e-02;2.709468e-02
7.604475e-02;3.754561e-02;5.098690e-01;1.071718e-01;4.993568e-02;1.072961e-02;3.417448e-02;2.253177e-02;3.219848e-02;6.983864e-02;2.908901e-02;2.087125e-02
4.681063e-02;4.046986e-02;5.596556e-01;8.605342e-02;3.623229e-02;1.214668e-02;6.609040e-02;1.443988e-02;3.274365e-02;6.909176e-02;2.367716e-02;1.258871e-02
2.377739e-02;7.544141e-02;5.559841e-01;5.061119e-02;3.469699e-02;2.658491e-02;7.210387e-02;3.062055e-02;3.528534e-02;5.756181e-02;1.579660e-02;2.153587e-02
5.020661e-02;1.394250e-01;4.583194e-01;2.876283e-02;2.070080e-02;5.752628e-02;4.526019e-02;4.246804e-02;8.905604e-02;2.053690e-02;7.174309e-03;4.056356e-02
7.462158e-02;1.969628e-01;3.387355e-01;4.331150e-02;2.252750e-02;6.990985e-02;2.194445e-02;3.047635e-02;1.414393e-01;2.430821e-02;6.187171e-03;2.957575e-02
8.309994e-02;1.909190e-01;2.920067e-01;7.915721e-02;5.808648e-02;5.414048e-02;2.946425e-02;4.948371e-02;1.185540e-01;2.347650e-02;7.876957e-03;1.373481e-02
5.511197e-02;1.450885e-01;3.252158e-01;7.588788e-02;1.171234e-01;3.622777e-02;3.259923e-02;7.849614e-02;7.426422e-02;3.443125e-02;7.857044e-03;1.769681e-02
2.457286e-02;1.160936e-01;3.417771e-01;6.209640e-02;1.586797e-01;6.895921e-02;2.336833e-02;8.519542e-02;4.872687e-02;4.343916e-02;8.291650e-03;1.879970e-02
7.105462e-02;1.231181e-01;2.982240e-01;6.502043e-02;1.066164e-01;1.171574e-01;2.809490e-02;6.319772e-02;4.955662e-02;4.071921e-02;1.437963e-02;2.286100e-02
1.115752e-01;1.569431e-01;2.681276e-01;6.109270e-02;6.921176e-02;1.088012e-01;4.922571e-02;3.987562e-02;4.676339e-02;4.140342e-02;2.326746e-02;2.371291e-02
1.204547e-01;2.136333e-01;2.679726e-01;3.127374e-02;7.168031e-02;4.798128e-02;6.262352e-02;3.240742e-02;5.638612e-02;5.079830e-02;2.422280e-02;2.056589e-02
8.460386e-02;2.451632e-01;2.268772e-01;2.803587e-02;1.114260e-01;6.133682e-02;5.702132e-02;3.807473e-02;5.353156e-02;5.110207e-02;1.858001e-02;2.424737e-02
8.333229e-02;2.085618e-01;1.703119e-01;3.786588e-02;1.581487e-01;6.924816e-02;5.350973e-02;5.045481e-02;4.758783e-02;2.922085e-02;4.010352e-02;5.165449e-02
1.533290e-01;8.350872e-02;1.373235e-01;1.205757e-01;8.482015e-02;5.324274e-02;3.607514e-02;5.442674e-02;5.178883e-02;5.715459e-02;5.155351e-02;1.162012e-01
1.439898e-01;5.183566e-02;1.304868e-01;1.368507e-01;8.733727e-02;5.163428e-02;3.754746e-02;4.050284e-02;6.906933e-02;7.246918e-02;7.886654e-02;9.941016e-02
1.035407e-01;7.204830e-02;1.166201e-01;1.079875e-01;6.744368e-02;7.164551e-02;7.688100e-02;3.301698e-02;7.627705e-02;7.974920e-02;1.326083e-01;6.218170e-02
7.153922e-02;6.738469e-02;1.015370e-01;5.663300e-02;3.671734e-02;7.316267e-02;1.016736e-01;5.451855e-02;6.749430e-02;7.224986e-02;1.513065e-01;1.457833e-01
7.176641e-02;8.211841e-02;1.672270e-01;7.316396e-02;5.164531e-02;6.045612e-02;9.560009e-02;5.610356e-02;6.181182e-02;5.125268e-02;7.827615e-02;1.505785e-01
7.647199e-02;5.478947e-02;2.438005e-01;1.328084e-01;7.967284e-02;4.567699e-02;7.123429e-02;3.261197e-02;3.111602e-02;7.056195e-02;9.319204e-02;6.806351e-02
8.114073e-02;1.940495e-02;3.243647e-01;1.448400e-01;7.954966e-02;2.892863e-02;4.990329e-02;1.296869e-02;1.641811e-02;1.309146e-01;8.937403e-02;2.219263e-02
6.748459e-02;1.493717e-02;3.849030e-01;8.772112e-02;5.604504e-02;2.020628e-02;5.631567e-02;9.678144e-03;1.603362e-02;2.243102e-01;5.080030e-02;1.156486e-02
5.779300e-02;1.176230e-02;4.076465e-01;3.378144e-02;3.267355e-02;1.736760e-02;7.743443e-02;1.128809e-02;1.184920e-02;2.941881e-01;3.674920e-02;7.466579e-03
4.227522e-02;2.826844e-02;3.939453e-01;2.529097e-02;2.900836e-02;1.334386e-02;9.316481e-02;1.337858e-02;6.498470e-03;3.141723e-01;3.137795e-02;9.275729e-03
3.543727e-02;6.800449e-02;3.617623e-01;2.569944e-02;3.349919e-02;1.679701e-02;8.638102e-02;1.446481e-02;4.493963e-02;2.818647e-01;1.467042e-02;1.647970e-02
7.688183e-02;1.248925e-01;3.091243e-01;2.078159e-02;3.243890e-02;4.351213e-02;5.613545e-02;2.183009e-02;1.073982e-01;1.694248e-01;7.959489e-03;2.962082e-02
1.085624e-01;1.368003e-01;2.896240e-01;4.111585e-02;3.084617e-02;8.710707e-02;3.381847e-02;2.787793e-02;1.102824e-01;8.222292e-02;1.624590e-02;3.549661e-02
8.644728e-02;1.307990e-01;3.491981e-01;5.737859e-02;3.181729e-02;1.019358e-01;2.682126e-02;1.948178e-02;5.430707e-02;1.017200e-01;1.442833e-02;2.566545e-02
9.035265e-02;1.734550e-01;3.962944e-01;5.423916e-02;2.497103e-02;6.367221e-02;2.735423e-02;1.280467e-02;3.937483e-02;9.291292e-02;1.242346e-02;1.214544e-02
1.118038e-01;2.232084e-01;3.796552e-01;4.962134e-02;2.298032e-02;2.904436e-02;2.256575e-02;9.588140e-03;5.647210e-02;7.960730e-02;8.410431e-03;7.042858e-03
1.245329e-01;2.336000e-01;3.823725e-01;4.506701e-02;1.520298e-02;1.737948e-02;2.584863e-02;1.124613e-02;6.775504e-02;5.624381e-02;1.250927e-02;8.242339e-03
1.028637e-01;2.173363e-01;4.209853e-01;4.909905e-02;1.249399e-02;2.645843e-02;2.390326e-02;1.145805e-02;6.967699e-02;4.044521e-02;1.452739e-02;1.075233e-02
8.267536e-02;2.022354e-01;4.337365e-01;6.181004e-02;2.040482e-02;3.945905e-02;2.380096e-02;1.507008e-02;6.754224e-02;3.419485e-02;7.132292e-03;1.193842e-02
6.658435e-02;1.974860e-01;4.914198e-01;5.199334e-02;1.527235e-02;2.805161e-02;2.382282e-02;1.391690e-02;6.599364e-02;2.244729e-02;4.325719e-03;1.868623e-02
6.344490e-02;2.200493e-01;5.040109e-01;3.485167e-02;6.800499e-03;2.899749e-02;1.617433e-02;8.641198e-03;7.003084e-02;1.785148e-02;5.235797e-03;2.391161e-02
8.042482e-02;2.339664e-01;4.708458e-01;3.416029e-02;7.621142e-03;4.032749e-02;1.505489e-02;3.911104e-03;7.574877e-02;1.403461e-02;4.812855e-03;1.909194e-02
1.002995e-01;2.465912e-01;4.394024e-01;3.341369e-02;7.883167e-03;4.119683e-02;1.020470e-02;4.318857e-03;8.200088e-02;1.498647e-02;5.050102e-03;1.465216e-02
1.250589e-01;2.583987e-01;4.249604e-01;2.698343e-02;8.333221e-03;3.321426e-02;8.406113e-03;3.951326e-03;7.627805e-02;1.624135e-02;4.885606e-03;1.328862e-02
1.550792e-01;2.716153e-01;4.012140e-01;1.923117e-02;6.999299e-03;2.552964e-02;1.113539e-02;4.181641e-03;6.602801e-02;1.986336e-02;8.629684e-03;1.049327e-02
1.720778e-01;2.776783e-01;3.755562e-01;2.068703e-02;7.573766e-03;2.007614e-02;1.087806e-02;7.704875e-03;6.596132e-02;2.436631e-02;9.557351e-03;7.882736e-03
1.737472e-01;2.788768e-01;3.749936e-01;1.799848e-02;1.005550e-02;1.767781e-02;9.583802e-03;6.444285e-03;6.186755e-02;2.989825e-02;9.961634e-03;8.895077e-03
1.766187e-01;2.741741e-01;3.572715e-01;1.744799e-02;7.658001e-03;1.270954e-02;1.526703e-02;5.743268e-03;7.005639e-02;4.501746e-02;1.121191e-02;6.824164e-03
1.716866e-01;2.658383e-01;3.371209e-01;1.846797e-02;8.494417e-03;1.133601e-02;1.390495e-02;8.846126e-03;7.629799e-02;7.295880e-02;8.722886e-03;6.325019e-03
1.683827e-01;2.658617e-01;3.085117e-01;2.341709e-02;9.871744e-03;8.070142e-03;3.050072e-02;8.469627e-03;7.626843e-02;8.334666e-02;1.016412e-02;7.135407e-03
1.924949e-01;2.516531e-01;2.983375e-01;3.086345e-02;1.001260e-02;5.840183e-03;4.246437e-02;1.436906e-02;6.789121e-02;5.679484e-02;1.975355e-02;9.525294e-03
2.467833e-01;2.475170e-01;2.518229e-01;1.833623e-02;1.339035e-02;5.713347e-03;4.049478e-02;2.077193e-02;4.408531e-02;3.841436e-02;4.884015e-02;2.383034e-02
2.812939e-01;2.521144e-01;1.615544e-01;7.430154e-03;2.672582e-02;6.544224e-03;3.769748e-02;3.763437e-02;3.727426e-02;4.332776e-02;7.843921e-02;2.996421e-02
2.931091e-01;2.625204e-01;9.511564e-02;5.671069e-03;6.441940e-02;4.867269e-03;4.134794e-02;5.725368e-02;4.419441e-02;3.700501e-02;7.406234e-02;2.043371e-02
3.117477e-01;2.455470e-01;7.054742e-02;1.564200e-02;1.300444e-01;6.425814e-03;4.128171e-02;6.479831e-02;4.605679e-02;1.531848e-02;3.997668e-02;1.261366e-02
3.500825e-01;2.156608e-01;4.939460e-02;3.517110e-02;1.677170e-01;5.328794e-03;3.344900e-02;6.663083e-02;4.187851e-02;4.463685e-03;1.889050e-02;1.133275e-02
3.980463e-01;2.047377e-01;4.431314e-02;4.163415e-02;1.356274e-01;2.711699e-03;2.165248e-02;7.335632e-02;4.634912e-02;4.505313e-03;1.403293e-02;1.303351e-02
4.609286e-01;2.186701e-01;4.612612e-02;2.393093e-02;7.399186e-02;3.851575e-03;1.506427e-02;7.292765e-02;5.020563e-02;5.110824e-03;1.282836e-02;1.636403e-02
4.991923e-01;2.379647e-01;5.334186e-02;8.572198e-03;3.596823e-02;2.912788e-03;1.135412e-02;5.772444e-02;5.730861e-02;7.104620e-03;9.873901e-03;1.868222e-02
5.129728e-01;2.510839e-01;5.240748e-02;6.017128e-03;2.503260e-02;3.801380e-03;9.610553e-03;3.503500e-02;7.105920e-02;6.907221e-03;5.768630e-03;2.030409e-02
4.765423e-01;2.866519e-01;6.651656e-02;7.325371e-03;1.127064e-02;7.185335e-03;8.266254e-03;1.899174e-02;8.303335e-02;7.750283e-03;3.688968e-03;2.277735e-02
3.669248e-01;3.362030e-01;1.284733e-01;7.864412e-03;3.620810e-03;1.172927e-02;7.784599e-03;1.331165e-02;8.616899e-02;1.052313e-02;6.391366e-03;2.100461e-02
2.385481e-01;3.750448e-01;2.018228e-01;8.022141e-03;1.039584e-02;1.538239e-02;9.639597e-03;1.001804e-02;9.857284e-02;8.789876e-03;8.379535e-03;1.538397e-02
1.433632e-01;3.415840e-01;2.773716e-01;1.042053e-02;1.069982e-02;1.698032e-02;6.413641e-03;1.166145e-02;1.401310e-01;1.630103e-02;9.658395e-03;1.541503e-02
1.058158e-01;2.679839e-01;3.648639e-01;1.014353e-02;7.338858e-03;1.645021e-02;8.835922e-03;1.240295e-02;1.536215e-01;2.264369e-02;6.524964e-03;2.337467e-02
7.515357e-02;2.022318e-01;4.679713e-01;1.292762e-02;1.006093e-02;1.577037e-02;1.375609e-02;1.177327e-02;1.183679e-01;4.390982e-02;5.122760e-03;2.295457e-02
1.600999e-02;1.222036e-01;5.937831e-01;3.945557e-02;2.399205e-02;1.092385e-02;1.491646e-02;1.087813e-02;6.622745e-02;7.283108e-02;1.109391e-02;1.768470e-02
2.467799e-02;4.692837e-02;6.014968e-01;8.818167e-02;4.998839e-02;1.473701e-02;3.060905e-02;1.198551e-02;2.684083e-02;7.819846e-02;1.842816e-02;7.927681e-03
3.684164e-02;3.796508e-02;5.655666e-01;1.154323e-01;7.101357e-02;2.798013e-02;3.190765e-02;2.067624e-02;1.267994e-02;4.826314e-02;2.660427e-02;5.069363e-03
5.518498e-02;6.215687e-02;5.230105e-01;9.276052e-02;6.512960e-02;3.258531e-02;2.525409e-02;3.184210e-02;2.677206e-02;2.600047e-02;5.055577e-02;8.747747e-03
9.536243e-02;6.974434e-02;5.084485e-01;6.286451e-02;4.313315e-02;1.420503e-02;2.597753e-02;2.693457e-02;2.678732e-02;4.623424e-02;6.355836e-02;1.675001e-02
1.084367e-01;7.083938e-02;5.535741e-01;4.993239e-02;4.466804e-02;9.255215e-03;3.490134e-02;1.220516e-02;8.953588e-03;5.601631e-02;3.656551e-02;1.465223e-02
7.908976e-02;5.143531e-02;6.185923e-01;4.098272e-02;6.167162e-02;1.066619e-02;4.568457e-02;9.712328e-03;1.074491e-02;5.454821e-02;1.117973e-02;5.692335e-03
4.604246e-02;3.914621e-02;6.023584e-01;3.728244e-02;7.556295e-02;2.094974e-02;6.669886e-02;2.147297e-02;2.269242e-02;4.348328e-02;1.362605e-02;1.068426e-02
5.583510e-02;3.020582e-02;5.043411e-01;4.301364e-02;7.881968e-02;3.319335e-02;1.079270e-01;3.320117e-02;3.604423e-02;3.639548e-02;2.282602e-02;1.819736e-02
1.013745e-01;7.238555e-02;4.025788e-01;5.146785e-02;7.217790e-02;3.028752e-02;8.386178e-02;2.946329e-02;3.697662e-02;5.522176e-02;4.132253e-02;2.288188e-02
8.642709e-02;1.359750e-01;3.983550e-01;3.753208e-02;5.123054e-02;2.806712e-02;5.160487e-02;2.444086e-02;5.816105e-02;7.097072e-02;3.981709e-02;1.741859e-02
4.917083e-02;1.181835e-01;4.607299e-01;4.410602e-02;7.340717e-02;3.606319e-02;5.492629e-02;2.538675e-02;4.652867e-02;4.844309e-02;3.223787e-02;1.081677e-02
1.056293e-01;1.147666e-01;3.955315e-01;5.986208e-02;8.662900e-02;3.103504e-02;6.835490e-02;2.716934e-02;4.012766e-02;4.033627e-02;2.321461e-02;7.343766e-03
1.271002e-01;1.101545e-01;3.621545e-01;5.849147e-02;6.594690e-02;2.644045e-02;6.296606e-02;2.562742e-02;4.179871e-02;5.410638e-02;3.806967e-02;2.714374e-02
7.902692e-02;1.177047e-01;2.127500e-01;4.730492e-02;6.955455e-02;4.453750e-02;7.765292e-02;6.466283e-02;7.252406e-02;7.614482e-02;7.265265e-02;6.548404e-02
9.022612e-02;1.110867e-01;1.381838e-01;5.103929e-02;8.200581e-02;5.014448e-02;7.329564e-02;7.953911e-02;8.342410e-02;7.654445e-02;7.757682e-02;8.693362e-02
1.013454e-01;8.192071e-02;1.633004e-01;4.849862e-02;8.735550e-02;4.870700e-02;7.935493e-02;7.736533e-02;7.129509e-02;7.406385e-02;6.389860e-02;1.028946e-01
8.625338e-02;4.058526e-02;2.209256e-01;6.556877e-02;8.365615e-02;4.615969e-02;1.218942e-01;7.159898e-02;5.093682e-02;6.386384e-02;6.341583e-02;8.514147e-02
5.244090e-02;1.537754e-02;3.561433e-01;8.341943e-02;7.238878e-02;3.720761e-02;1.110508e-01;4.673006e-02;4.254559e-02;7.151961e-02;6.880000e-02;4.237638e-02
3.867599e-02;3.080760e-02;5.048792e-01;6.334545e-02;6.059033e-02;2.736904e-02;8.513579e-02;1.776787e-02;3.089846e-02;9.008826e-02;3.522250e-02;1.521945e-02
3.346819e-02;6.281020e-02;5.757867e-01;3.566705e-02;6.403449e-02;4.184600e-02;5.957767e-02;6.861251e-03;1.625391e-02;9.058142e-02;6.700400e-03;6.412732e-03
4.514621e-02;1.231729e-01;5.351667e-01;3.658205e-02;7.077742e-02;3.733154e-02;3.754860e-02;4.849978e-03;2.373155e-02;7.343738e-02;6.955777e-03;5.299979e-03
8.185974e-02;1.591225e-01;4.342086e-01;5.132021e-02;7.399280e-02;2.940300e-02;3.318482e-02;7.706916e-03;5.070799e-02;4.911054e-02;1.512891e-02;1.425404e-02
1.147641e-01;1.069689e-01;3.881808e-01;6.541511e-02;7.659090e-02;2.687110e-02;3.109709e-02;1.300502e-02;6.741104e-02;5.605359e-02;3.332277e-02;2.031963e-02
8.007078e-02;1.613013e-01;3.768107e-01;5.969652e-02;6.108260e-02;1.787730e-02;3.718799e-02;9.156566e-03;2.800451e-02;1.075976e-01;4.521370e-02;1.600049e-02
5.419347e-02;2.111001e-01;3.692222e-01;3.840398e-02;6.439094e-02;2.379003e-02;6.105924e-02;1.371063e-02;2.454316e-02;9.358522e-02;3.136951e-02;1.463151e-02
5.149082e-02;2.081059e-01;3.489889e-01;3.842274e-02;8.320300e-02;2.767642e-02;6.385094e-02;1.782212e-02;4.995313e-02;7.586113e-02;2.505306e-02;9.571856e-03
7.700453e-02;1.795896e-01;3.296960e-01;8.033466e-02;8.958288e-02;2.257615e-02;5.449174e-02;1.446519e-02;4.769139e-02;6.484299e-02;2.281096e-02;1.691396e-02
3.732173e-02;1.342134e-01;4.786986e-01;6.431292e-02;7.846424e-02;2.923512e-02;5.997627e-02;8.461533e-03;1.409195e-02;6.244308e-02;1.442619e-02;1.835500e-02
5.898389e-02;8.965862e-02;3.502202e-01;4.496858e-02;5.276297e-02;5.659489e-02;1.442461e-01;3.605698e-02;4.161920e-02;6.113884e-02;2.794267e-02;3.580709e-02
6.359153e-02;6.742635e-02;3.190053e-01;6.396154e-02;6.031590e-02;5.213740e-02;1.318599e-01;4.082621e-02;3.859339e-02;6.051838e-02;6.219894e-02;3.956524e-02
6.342028e-02;3.723969e-02;3.832454e-01;8.831242e-02;5.785667e-02;4.437027e-02;9.608430e-02;3.092848e-02;2.904728e-02;5.922279e-02;8.203907e-02;2.823334e-02
7.787791e-02;3.255937e-02;4.751916e-01;8.913838e-02;4.119004e-02;2.437463e-02;6.564243e-02;2.480857e-02;2.742498e-02;5.452782e-02;6.436072e-02;2.290354e-02
1.040365e-01;1.230452e-01;4.777163e-01;5.639173e-02;2.083775e-02;1.214611e-02;3.372538e-02;2.370473e-02;3.183825e-02;3.767316e-02;2.235323e-02;5.653158e-02
1.112799e-01;2.146750e-01;4.436595e-01;2.618276e-02;1.048655e-02;1.206188e-02;1.922145e-02;2.487069e-02;3.144038e-02;2.409644e-02;6.167449e-03;7.585797e-02
7.587172e-02;2.386814e-01;5.010017e-01;2.092598e-02;1.104373e-02;7.765204e-03;9.519192e-03;1.640517e-02;2.244264e-02;4.082054e-02;5.118539e-03;5.040419e-02
3.664630e-02;2.032531e-01;5.297180e-01;2.048824e-02;1.346087e-02;2.073038e-02;1.108808e-02;2.448515e-02;4.205288e-02;4.406342e-02;1.577101e-02;3.824248e-02
1.478389e-01;1.323439e-01;4.336017e-01;3.216482e-02;2.026333e-02;2.535025e-02;1.470549e-02;2.727510e-02;4.747175e-02;4.089581e-02;3.614639e-02;4.194256e-02
2.163595e-01;1.383600e-01;3.562017e-01;3.792463e-02;2.636961e-02;1.916975e-02;1.819885e-02;2.555523e-02;3.389961e-02;4.733255e-02;4.132799e-02;3.930061e-02
1.726639e-01;2.332173e-01;3.212360e-01;3.528625e-02;2.353092e-02;1.894264e-02;2.943307e-02;2.008689e-02;1.829506e-02;4.918944e-02;3.367772e-02;4.444078e-02
1.139276e-01;2.686172e-01;3.070422e-01;4.400399e-02;3.592856e-02;2.214123e-02;4.168366e-02;2.430546e-02;3.537874e-02;3.805332e-02;2.643524e-02;4.248298e-02
9.393348e-02;2.494605e-01;2.871928e-01;5.797768e-02;3.909615e-02;2.829369e-02;3.817351e-02;3.949820e-02;3.645411e-02;4.334669e-02;3.057537e-02;5.599783e-02
1.100141e-01;1.833328e-01;2.982736e-01;4.893219e-02;3.270059e-02;2.277769e-02;4.033275e-02;5.206039e-02;3.530765e-02;6.909934e-02;3.362407e-02;7.354488e-02
9.336458e-02;1.683114e-01;2.652808e-01;3.073028e-02;5.803008e-02;3.415363e-02;4.191867e-02;5.220712e-02;6.077211e-02;8.480275e-02;3.204103e-02;7.838755e-02
7.578678e-02;1.671896e-01;2.474677e-01;2.750595e-02;5.585661e-02;4.957258e-02;4.400670e-02;4.692925e-02;7.735898e-02;9.675296e-02;4.372773e-02;6.784523e-02
8.094557e-02;1.567666e-01;2.154366e-01;1.801238e-02;4.415073e-02;4.908783e-02;4.677179e-02;5.499072e-02;1.127226e-01;1.029932e-01;3.499286e-02;8.312912e-02
9.310643e-02;1.401424e-01;1.716191e-01;4.222926e-02;3.842153e-02;3.899564e-02;5.115351e-02;5.970494e-02;1.308021e-01;1.130918e-01;1.937710e-02;1.013562e-01
8.097080e-02;1.347693e-01;1.500017e-01;5.808016e-02;4.089570e-02;3.629692e-02;6.993753e-02;4.217112e-02;1.275474e-01;1.250677e-01;2.733497e-02;1.069267e-01
9.182641e-02;1.152272e-01;1.175676e-01;5.002638e-02;3.872985e-02;2.975494e-02;8.898948e-02;7.930665e-02;1.167696e-01;1.286524e-01;4.722077e-02;9.592869e-02
8.692097e-02;9.845231e-02;8.395458e-02;3.918941e-02;4.897184e-02;4.387697e-02;9.679313e-02;1.196635e-01;1.288453e-01;1.368359e-01;4.843007e-02;6.806602e-02
7.017048e-02;7.162864e-02;8.426335e-02;6.286436e-02;4.795817e-02;8.303020e-02;9.295495e-02;1.208385e-01;1.261083e-01;9.127919e-02;6.371653e-02;8.518737e-02
4.742191e-02;6.171446e-02;1.293726e-01;5.289743e-02;4.532105e-02;8.697899e-02;1.695517e-01;8.265246e-02;1.114067e-01;7.057692e-02;6.660537e-02;7.550038e-02
4.778413e-02;6.171505e-02;1.998886e-01;4.746579e-02;6.033797e-02;8.585849e-02;2.211238e-01;4.647005e-02;8.211165e-02;5.031245e-02;3.262338e-02;6.430868e-02
7.074364e-02;8.040833e-02;2.945886e-01;5.115760e-02;6.345524e-02;8.943611e-02;1.594094e-01;2.879961e-02;5.167579e-02;4.109322e-02;3.068789e-02;3.854456e-02
6.551821e-02;1.317786e-01;3.612194e-01;4.824004e-02;5.008575e-02;7.727047e-02;9.991527e-02;1.518810e-02;5.557309e-02;4.541496e-02;2.745818e-02;2.233788e-02
7.069467e-02;2.338792e-01;3.695834e-01;3.214489e-02;2.913733e-02;6.405107e-02;4.211153e-02;1.499095e-02;7.822400e-02;3.330261e-02;1.627227e-02;1.560800e-02
2.257562e-01;3.229080e-01;2.354397e-01;1.282391e-02;2.391327e-02;3.868113e-02;1.560695e-02;3.118924e-02;6.227049e-02;1.303515e-02;8.452371e-03;9.923489e-03
4.076425e-01;3.066348e-01;1.070514e-01;6.732102e-03;3.856377e-02;1.088785e-02;1.195063e-02;6.384493e-02;1.466039e-02;9.100193e-03;6.345142e-03;1.658633e-02
5.268604e-01;2.293863e-01;3.390172e-02;3.434212e-03;4.246671e-02;3.993964e-03;1.281604e-02;9.764989e-02;1.796201e-02;2.740144e-03;5.604536e-03;2.318407e-02
5.809875e-01;1.467582e-01;2.436299e-02;2.847017e-03;3.073360e-02;4.398053e-03;1.906676e-02;1.226191e-01;1.967021e-02;2.352481e-03;3.352079e-03;4.285208e-02
5.980491e-01;5.947249e-02;3.413383e-02;6.397665e-03;2.374191e-02;5.146424e-03;3.026322e-02;1.285278e-01;1.637430e-02;4.562707e-03;7.004013e-03;8.632646e-02
5.589664e-01;5.177741e-02;3.968959e-02;7.233155e-03;2.006197e-02;4.751188e-03;3.763824e-02;1.116913e-01;1.009228e-02;6.717007e-03;7.764583e-03;1.436168e-01
5.316513e-01;3.553894e-02;3.270748e-02;6.911016e-03;1.432739e-02;3.724952e-03;3.610451e-02;1.056228e-01;1.115203e-02;5.960646e-03;1.076419e-02;2.055348e-01
5.324544e-01;5.700638e-02;3.579772e-02;3.976260e-03;1.636128e-02;3.719890e-03;2.368871e-02;9.389985e-02;1.286583e-02;5.804820e-03;1.055128e-02;2.038736e-01
5.261145e-01;1.259228e-01;5.710418e-02;2.347290e-03;1.838996e-02;3.431563e-03;1.386063e-02;6.497336e-02;2.941279e-02;3.782573e-03;1.076455e-02;1.438958e-01
5.236569e-01;1.801405e-01;9.026850e-02;4.064524e-03;1.410318e-02;3.932027e-03;1.189094e-02;3.120095e-02;4.377491e-02;7.704977e-03;1.415293e-02;7.510965e-02
5.284148e-01;1.761357e-01;8.812252e-02;5.154198e-03;9.075671e-03;4.810830e-03;1.847506e-02;4.540092e-02;3.292337e-02;1.059718e-02;2.000994e-02;6.087979e-02
5.346820e-01;1.203563e-01;7.267819e-02;5.798416e-03;1.237508e-02;4.741231e-03;2.584019e-02;7.634430e-02;2.485432e-02;7.353399e-03;1.370859e-02;1.012680e-01
5.409806e-01;1.235854e-01;6.355960e-02;3.613151e-03;1.425593e-02;4.657694e-03;2.428647e-02;6.756257e-02;3.588572e-02;8.804097e-03;2.116172e-02;9.164708e-02
5.169004e-01;1.362579e-01;9.481623e-02;3.673389e-03;1.441200e-02;7.074331e-03;2.987079e-02;4.772934e-02;4.172053e-02;1.099144e-02;2.122021e-02;7.533348e-02
4.857490e-01;1.234004e-01;1.623175e-01;6.602222e-03;1.990788e-02;8.548437e-03;3.314219e-02;3.330206e-02;3.397401e-02;1.101123e-02;1.932891e-02;6.271619e-02
