2.682371e-02;1.648288e-01;2.343198e-01;1.115285e-01;7.024445e-02;1.380796e-01;3.308967e-02;9.837638e-02;5.013014e-02;3.255214e-02;2.223380e-02;1.779294e-02
2.991792e-02;2.034408e-01;2.382121e-01;8.818564e-02;8.379622e-02;1.396126e-01;3.469234e-02;7.771933e-02;4.977351e-02;2.230508e-02;1.681641e-02;1.552805e-02
3.341400e-02;2.609642e-01;2.256443e-01;4.923005e-02;8.030427e-02;1.276142e-01;4.477300e-02;7.143883e-02;6.223222e-02;1.211308e-02;1.366078e-02;1.861100e-02
3.637109e-02;3.312365e-01;1.905959e-01;4.056643e-02;5.556734e-02;1.038649e-01;5.008753e-02;5.725848e-02;7.411146e-02;1.905583e-02;1.249705e-02;2.878750e-02
3.013555e-02;3.777334e-01;2.176337e-01;4.609342e-02;1.872561e-02;6.877138e-02;3.521658e-02;3.246488e-02;8.105160e-02;2.730572e-02;9.424420e-03;5.544367e-02
1.937934e-02;3.416602e-01;3.270383e-01;2.203612e-02;8.223285e-03;3.202295e-02;2.550234e-02;2.924422e-02;5.330467e-02;6.077581e-02;1.359722e-02;6.721549e-02
1.143373e-02;2.738329e-01;4.376786e-01;2.175082e-02;1.206354e-02;2.235045e-02;2.850129e-02;2.000933e-02;2.433277e-02;8.392723e-02;2.182623e-02;4.229321e-02
1.033553e-02;2.365139e-01;4.939444e-01;5.208806e-02;1.370962e-02;2.534603e-02;2.446027e-02;1.112827e-02;1.943513e-02;6.967804e-02;2.854226e-02;1.481850e-02
1.217294e-02;1.898554e-01;4.645875e-01;1.084238e-01;3.635207e-02;5.990711e-02;1.759448e-02;9.698637e-03;2.348977e-02;3.148435e-02;3.982133e-02;6.612625e-03
1.840205e-02;1.273060e-01;4.078548e-01;1.558353e-01;6.453749e-02;9.995317e-02;7.966178e-03;2.228294e-02;2.759772e-02;1.111359e-02;4.761343e-02;9.537261e-03
3.108454e-02;2.246795e-01;2.783209e-01;1.451734e-01;4.947412e-02;9.876030e-02;1.648960e-02;3.239111e-02;3.680243e-02;2.722679e-02;4.553984e-02;1.405744e-02
3.880029e-02;3.311633e-01;2.412375e-01;8.580050e-02;2.535016e-02;1.005329e-01;1.677836e-02;3.591343e-02;3.543460e-02;3.962808e-02;3.406602e-02;1.529491e-02
2.393860e-02;3.120191e-01;3.700292e-01;4.923631e-02;2.159968e-02;8.292575e-02;7.601076e-03;2.968688e-02;2.809446e-02;2.943840e-02;2.599028e-02;1.944030e-02
1.707677e-02;2.990153e-01;3.907870e-01;6.185205e-02;3.353826e-02;4.992237e-02;1.879494e-02;3.842510e-02;3.132519e-02;1.494093e-02;2.174920e-02;2.257283e-02
1.971073e-02;2.662208e-01;3.910905e-01;8.977380e-02;4.810444e-02;4.571360e-02;1.490812e-02;3.187395e-02;3.015288e-02;3.204472e-02;7.046730e-03;2.335966e-02
2.388539e-02;2.419690e-01;4.443952e-01;7.414508e-02;4.834300e-02;3.248815e-02;1.749208e-02;2.459612e-02;2.898451e-02;3.071002e-02;1.737540e-02;1.561606e-02
2.826506e-02;2.159237e-01;4.572752e-01;4.414016e-02;4.733038e-02;5.642824e-02;3.133743e-02;2.384280e-02;3.203542e-02;1.931585e-02;3.494848e-02;9.157355e-03
2.054447e-02;1.587525e-01;3.845683e-01;1.266177e-01;9.573893e-02;5.131219e-02;3.499749e-02;3.215240e-02;2.608039e-02;2.022186e-02;3.345297e-02;1.556085e-02
2.274305e-02;1.919779e-01;3.610332e-01;1.317892e-01;7.899824e-02;6.120668e-02;3.409308e-02;3.751487e-02;2.354826e-02;1.836582e-02;2.308038e-02;1.564937e-02
2.208901e-02;2.188767e-01;2.896606e-01;9.161512e-02;5.164515e-02;1.238424e-01;4.518612e-02;5.578338e-02;4.834883e-02;2.898188e-02;1.249497e-02;1.147583e-02
2.131410e-02;2.384881e-01;3.214120e-01;6.041810e-02;6.017126e-02;1.037496e-01;4.928882e-02;4.395677e-02;4.483400e-02;3.323083e-02;1.164180e-02;1.149469e-02
1.595206e-02;2.575633e-01;4.189985e-01;3.262069e-02;5.943200e-02;5.843339e-02;4.686892e-02;2.673920e-02;2.591821e-02;3.982107e-02;8.792471e-03;8.860245e-03
1.183841e-02;2.825366e-01;4.581188e-01;1.512417e-02;4.851821e-02;4.751554e-02;2.985594e-02;3.861047e-02;1.855406e-02;4.011866e-02;5.088474e-03;4.120742e-03
1.564716e-02;3.187960e-01;4.177007e-01;2.002313e-02;2.100363e-02;6.802437e-02;1.850174e-02;6.309341e-02;2.245350e-02;2.310397e-02;3.414005e-03;8.238350e-03
1.991737e-02;3.449180e-01;3.816148e-01;1.935816e-02;9.203581e-03;9.952641e-02;1.343086e-02;5.417367e-02;2.615809e-02;1.802361e-02;5.022060e-03;8.653352e-03
2.176474e-02;3.593532e-01;3.632108e-01;2.874927e-02;4.297254e-03;1.125195e-01;9.178901e-03;3.582374e-02;3.145716e-02;2.246499e-02;4.859445e-03;6.320997e-03
2.541790e-02;3.621849e-01;3.414457e-01;3.094807e-02;8.825204e-03;1.273254e-01;1.281040e-02;2.399714e-02;3.727557e-02;1.413649e-02;7.726291e-03;7.906963e-03
3.207532e-02;3.408460e-01;3.380414e-01;3.893337e-02;1.340627e-02;1.152748e-01;1.489067e-02;2.592077e-02;4.765860e-02;1.560206e-02;7.473142e-03;9.877626e-03
4.503065e-02;3.044892e-01;3.038475e-01;4.908954e-02;2.030581e-02;1.147546e-01;2.378236e-02;3.887654e-02;4.820801e-02;2.912374e-02;9.654578e-03;1.283742e-02
5.768913e-02;1.785737e-01;2.501833e-01;6.317640e-02;7.818960e-02;1.082906e-01;5.540871e-02;7.712036e-02;5.651925e-02;4.074571e-02;1.342215e-02;2.068107e-02
4.704776e-02;2.026050e-01;2.566992e-01;6.000542e-02;8.979105e-02;9.957298e-02;4.741770e-02;6.406700e-02;5.988184e-02;5.437186e-02;6.903862e-03;1.163634e-02
2.946000e-02;2.399491e-01;3.173999e-01;4.822736e-02;3.781636e-02;1.531076e-01;1.711480e-02;3.885311e-02;6.372085e-02;4.460729e-02;3.720797e-03;6.022969e-03
1.662594e-02;2.608984e-01;3.725968e-01;2.507234e-02;1.217879e-02;1.458221e-01;9.333540e-03;6.357791e-02;4.782679e-02;3.572056e-02;3.524332e-03;6.822392e-03
1.639277e-02;2.726022e-01;4.360610e-01;1.586760e-02;8.444399e-03;7.544830e-02;1.026090e-02;9.502728e-02;2.834295e-02;3.142982e-02;3.512066e-03;6.610722e-03
1.737684e-02;2.722035e-01;4.835647e-01;2.069095e-02;1.286387e-02;1.685939e-02;1.286124e-02;1.033838e-01;2.383780e-02;2.860774e-02;2.551101e-03;5.198978e-03
1.586473e-02;2.716234e-01;5.005649e-01;2.363693e-02;1.633774e-02;2.720299e-02;1.004039e-02;7.601988e-02;2.562954e-02;2.653478e-02;2.651448e-03;3.893243e-03
1.851855e-02;2.737411e-01;4.811173e-01;4.620834e-02;1.970960e-02;3.346873e-02;8.766253e-03;6.403414e-02;2.532883e-02;1.816030e-02;2.573892e-03;8.372925e-03
2.224628e-02;3.264910e-01;4.357383e-01;5.981325e-02;1.253533e-02;3.483776e-02;1.044408e-02;4.168811e-02;2.761966e-02;1.566034e-02;1.840089e-03;1.108578e-02
2.217164e-02;3.924788e-01;4.156697e-01;3.855292e-02;5.830828e-03;3.378106e-02;6.792234e-03;1.657796e-02;3.462907e-02;1.786486e-02;3.157217e-03;1.249366e-02
2.108175e-02;4.305773e-01;3.956232e-01;1.825026e-02;3.704740e-03;3.220858e-02;3.149258e-03;1.013723e-02;5.123188e-02;1.434758e-02;7.711054e-03;1.197720e-02
2.616450e-02;4.521227e-01;3.561308e-01;1.861387e-02;4.336054e-03;2.669783e-02;5.295338e-03;1.184862e-02;7.408995e-02;8.269208e-03;6.447998e-03;9.983101e-03
3.603933e-02;4.671859e-01;3.009134e-01;1.900296e-02;7.963017e-03;3.290333e-02;7.428688e-03;1.594794e-02;9.401424e-02;7.112194e-03;5.286718e-03;6.202299e-03
4.819841e-02;4.905914e-01;2.171665e-01;2.197221e-02;1.425458e-02;2.937532e-02;1.503083e-02;3.228983e-02;1.089347e-01;9.164122e-03;8.375810e-03;4.646374e-03
7.077666e-02;4.864144e-01;1.391827e-01;2.226988e-02;2.459070e-02;2.392072e-02;3.213410e-02;4.954379e-02;1.212120e-01;1.141649e-02;1.179429e-02;6.744215e-03
9.087981e-02;4.129501e-01;1.182818e-01;2.156379e-02;3.526906e-02;2.834655e-02;4.147379e-02;8.385737e-02;1.147495e-01;2.332013e-02;2.072146e-02;8.586640e-03
1.232359e-01;3.439444e-01;1.393409e-01;1.097611e-02;4.951752e-02;2.238810e-02;4.208533e-02;1.217221e-01;8.576339e-02;1.768784e-02;2.993584e-02;1.340244e-02
1.263368e-01;2.979390e-01;2.195901e-01;1.866885e-02;5.242943e-02;4.024957e-02;3.862010e-02;1.049634e-01;3.469666e-02;1.422932e-02;3.475720e-02;1.751966e-02
8.958112e-02;3.613616e-01;2.398228e-01;1.720556e-02;3.459965e-02;4.992943e-02;4.097557e-02;6.543900e-02;3.918268e-02;1.905931e-02;2.503183e-02;1.781143e-02
7.447135e-02;3.782073e-01;2.702848e-01;2.747346e-02;2.894883e-02;4.465383e-02;5.066154e-02;3.506781e-02;4.625560e-02;1.388187e-02;1.509766e-02;1.499597e-02
8.275695e-02;3.547083e-01;2.820435e-01;2.256261e-02;3.200427e-02;3.726953e-02;6.537218e-02;4.174273e-02;4.054916e-02;1.268856e-02;1.326972e-02;1.503247e-02
7.308494e-02;3.876343e-01;2.761094e-01;2.165487e-02;2.666623e-02;4.036655e-02;6.651490e-02;3.850394e-02;2.699497e-02;1.790882e-02;1.423290e-02;1.032825e-02
6.222816e-02;3.725549e-01;3.252283e-01;1.846031e-02;2.120150e-02;3.867470e-02;5.201952e-02;3.064385e-02;3.093675e-02;2.606588e-02;1.208968e-02;9.896378e-03
5.018362e-02;3.687687e-01;3.634539e-01;1.474307e-02;1.114863e-02;3.499444e-02;3.643987e-02;3.152375e-02;4.807796e-02;1.902639e-02;1.026290e-02;1.137684e-02
3.494352e-02;3.745996e-01;3.426262e-01;2.395675e-02;1.547443e-02;5.531281e-02;2.468975e-02;3.693550e-02;5.907625e-02;1.572580e-02;6.141870e-03;1.051743e-02
3.133896e-02;3.845449e-01;3.226576e-01;2.178920e-02;1.510855e-02;6.833595e-02;2.368909e-02;3.935207e-02;6.065133e-02;1.908641e-02;3.817599e-03;9.628323e-03
2.442909e-02;4.182114e-01;3.488731e-01;1.340531e-02;7.309205e-03;5.126163e-02;1.256257e-02;2.813814e-02;5.381807e-02;2.567109e-02;4.430462e-03;1.188984e-02
1.827338e-02;4.071972e-01;4.002803e-01;1.024793e-02;6.379108e-03;3.785018e-02;8.915612e-03;2.472605e-02;4.071124e-02;2.985409e-02;3.940138e-03;1.162477e-02
1.818607e-02;3.971608e-01;4.305830e-01;1.086671e-02;5.301547e-03;2.186923e-02;4.684833e-03;3.044955e-02;2.837546e-02;4.003966e-02;1.917228e-03;1.056594e-02
2.508488e-02;3.988279e-01;4.326652e-01;1.164217e-02;3.167855e-03;1.630756e-02;5.703948e-03;2.851782e-02;2.198274e-02;4.352905e-02;5.439553e-03;7.131327e-03
2.503045e-02;4.153592e-01;4.205463e-01;8.341118e-03;6.253570e-03;1.603516e-02;2.963874e-03;2.527473e-02;2.862018e-02;4.010943e-02;4.652290e-03;6.813664e-03
2.976941e-02;4.232402e-01;3.907448e-01;1.126094e-02;8.665867e-03;1.792955e-02;6.695286e-03;2.471222e-02;3.413870e-02;3.967971e-02;5.349019e-03;7.814337e-03
3.795082e-02;4.475668e-01;3.429306e-01;1.243953e-02;9.911986e-03;2.863281e-02;8.443596e-03;2.493783e-02;3.644844e-02;3.656216e-02;5.354279e-03;8.821021e-03
3.815249e-02;4.549857e-01;3.787351e-01;1.413703e-02;5.049092e-03;2.808441e-02;6.601715e-03;1.277528e-02;3.529306e-02;1.570533e-02;3.513071e-03;6.967615e-03
3.389255e-02;4.235191e-01;4.164518e-01;1.378062e-02;4.825536e-03;3.357748e-02;7.904121e-03;1.871033e-02;2.922479e-02;6.605042e-03;3.333210e-03;8.175387e-03
3.012041e-02;4.020136e-01;4.296236e-01;1.818980e-02;5.377228e-03;3.676223e-02;6.991557e-03;2.518132e-02;2.183571e-02;7.418508e-03;7.271193e-03;9.214871e-03
3.176343e-02;3.979954e-01;4.068069e-01;1.870115e-02;5.417266e-03;3.867515e-02;1.582695e-02;2.984719e-02;2.977523e-02;1.067383e-02;8.287711e-03;6.229717e-03
3.354395e-02;4.163806e-01;3.724422e-01;1.941207e-02;4.113961e-03;3.743613e-02;1.205665e-02;2.545532e-02;4.337415e-02;1.629101e-02;4.070707e-03;1.542325e-02
3.938368e-02;4.288092e-01;3.286371e-01;1.651632e-02;5.410494e-03;3.201653e-02;8.911356e-03;2.267532e-02;5.471309e-02;2.057530e-02;8.501794e-03;3.384985e-02
4.876637e-02;3.752147e-01;2.785159e-01;2.278404e-02;1.692451e-02;3.778186e-02;2.103982e-02;3.863681e-02;6.233390e-02;2.055651e-02;2.346166e-02;5.398398e-02
6.187226e-02;2.677949e-01;2.304597e-01;4.047659e-02;4.048214e-02;6.856567e-02;4.601714e-02;4.509087e-02;6.668663e-02;2.498417e-02;4.070008e-02;6.686980e-02
6.789267e-02;2.554144e-01;2.190771e-01;4.150380e-02;4.476872e-02;7.352410e-02;6.367961e-02;5.522413e-02;6.096738e-02;2.918572e-02;3.718589e-02;5.157650e-02
1.025266e-01;3.120233e-01;2.407854e-01;3.485456e-02;2.302972e-02;4.083055e-02;6.117233e-02;6.089610e-02;5.183771e-02;2.464225e-02;1.735415e-02;3.004743e-02
1.212830e-01;2.589777e-01;2.468583e-01;3.997693e-02;2.620862e-02;5.717743e-02;4.888941e-02;8.394606e-02;4.421767e-02;2.031567e-02;2.210503e-02;3.004413e-02
9.117405e-02;3.672780e-01;2.547626e-01;2.690720e-02;1.467641e-02;5.256736e-02;3.304233e-02;6.594171e-02;3.173067e-02;1.978587e-02;1.460393e-02;2.752980e-02
4.952187e-02;4.246540e-01;3.287368e-01;1.610583e-02;7.124007e-03;3.764078e-02;1.624268e-02;5.160660e-02;2.368368e-02;1.692791e-02;5.832685e-03;2.192316e-02
2.901290e-02;4.066225e-01;3.822256e-01;1.228103e-02;8.542564e-03;3.210393e-02;1.039155e-02;5.789677e-02;2.145018e-02;1.865028e-02;2.811321e-03;1.801139e-02
3.026190e-02;3.892186e-01;3.750883e-01;2.122993e-02;1.164325e-02;3.482618e-02;8.533619e-03;6.378478e-02;2.606080e-02;1.959587e-02;5.626028e-03;1.413070e-02
4.259364e-02;3.794174e-01;3.181148e-01;4.111085e-02;2.179321e-02;4.547511e-02;1.018760e-02;6.185521e-02;4.194405e-02;1.908026e-02;6.564791e-03;1.186315e-02
5.848927e-02;3.544823e-01;2.822294e-01;5.115174e-02;3.536000e-02;3.143615e-02;9.854034e-03;6.233376e-02;6.420776e-02;2.640430e-02;8.479811e-03;1.557151e-02
3.567243e-02;2.932769e-01;3.503338e-01;5.142404e-02;2.082986e-02;3.368768e-02;2.019878e-02;5.547685e-02;7.773322e-02;2.859494e-02;8.199655e-03;2.457183e-02
4.565435e-02;3.730527e-01;3.672102e-01;2.792790e-02;9.806519e-03;3.089350e-02;1.563072e-02;3.061552e-02;5.303282e-02;1.626888e-02;9.203526e-03;2.070326e-02
3.766067e-02;4.175754e-01;3.620857e-01;1.779643e-02;1.301929e-02;3.232213e-02;8.433524e-03;1.842161e-02;5.366782e-02;1.387971e-02;6.384192e-03;1.875349e-02
3.598341e-02;4.146247e-01;3.615417e-01;3.147703e-02;1.484047e-02;1.976240e-02;5.498203e-03;2.679740e-02;5.236218e-02;1.942529e-02;4.000733e-03;1.368646e-02
4.416843e-02;4.166421e-01;3.445440e-01;3.058884e-02;1.085804e-02;2.226490e-02;1.007699e-02;3.562969e-02;3.658118e-02;2.695792e-02;6.163789e-03;1.552417e-02
3.067374e-02;3.830740e-01;3.825145e-01;2.471494e-02;1.094706e-02;2.558742e-02;1.084203e-02;3.632741e-02;4.034632e-02;2.554750e-02;1.021289e-02;1.921219e-02
2.526400e-02;3.361945e-01;3.983591e-01;3.379391e-02;2.530056e-02;4.652016e-02;1.089133e-02;3.692138e-02;4.237079e-02;2.088718e-02;1.022619e-02;1.327093e-02
4.449446e-02;3.866651e-01;3.060711e-01;2.998205e-02;1.871739e-02;6.569197e-02;2.521136e-02;5.339971e-02;3.083262e-02;1.201077e-02;8.840978e-03;1.808254e-02
9.785585e-02;4.926444e-01;9.682060e-02;2.341229e-02;1.343294e-02;8.236282e-02;2.274629e-02;6.026637e-02;5.404112e-02;1.650773e-02;1.063608e-02;2.927345e-02
8.061811e-02;4.975910e-01;2.265209e-01;9.895727e-03;1.358278e-02;3.818392e-02;2.224031e-02;2.761917e-02;3.562029e-02;1.957360e-02;9.159079e-03;1.939518e-02
6.946664e-02;4.329512e-01;2.565642e-01;1.967294e-02;1.765112e-02;4.516855e-02;1.686828e-02;4.712495e-02;3.068318e-02;2.910650e-02;1.394547e-02;2.079703e-02
7.149393e-02;3.265197e-01;1.781763e-01;5.064230e-02;3.929774e-02;7.104167e-02;3.846503e-02;7.539868e-02;4.623615e-02;5.643672e-02;2.432820e-02;2.196358e-02
4.189614e-02;2.335497e-01;2.074377e-01;9.867146e-02;5.520878e-02;1.049622e-01;4.964752e-02;6.272972e-02;3.852461e-02;4.839350e-02;2.423058e-02;3.474810e-02
2.262312e-02;2.178019e-01;3.447952e-01;9.195194e-02;4.991730e-02;7.947667e-02;2.844104e-02;5.422282e-02;2.751262e-02;4.183473e-02;1.188161e-02;2.954114e-02
1.577713e-02;2.625335e-01;4.027489e-01;7.948039e-02;3.067134e-02;3.315975e-02;8.912380e-03;5.294590e-02;2.945524e-02;4.584028e-02;5.396513e-03;3.307861e-02
1.961525e-02;3.169459e-01;3.695930e-01;5.416999e-02;1.362506e-02;1.642759e-02;1.105404e-02;6.427865e-02;3.567303e-02;4.576151e-02;6.067489e-03;4.678855e-02
2.095895e-02;3.275757e-01;3.307181e-01;3.427371e-02;6.676784e-03;2.664338e-02;1.013928e-02;7.391016e-02;4.241923e-02;5.621522e-02;6.333001e-03;6.413645e-02
2.586357e-02;2.912465e-01;3.218218e-01;3.520782e-02;1.310039e-02;5.004199e-02;8.259666e-03;7.770862e-02;4.155308e-02;5.828097e-02;1.195662e-02;6.495895e-02
3.688625e-02;2.655722e-01;3.055610e-01;5.207699e-02;2.762186e-02;7.605331e-02;2.064775e-02;7.452114e-02;3.059920e-02;3.859152e-02;1.462858e-02;5.724012e-02
6.291271e-02;2.473558e-01;3.425650e-01;4.674626e-02;5.996025e-02;6.161907e-02;3.009594e-02;4.944446e-02;2.234703e-02;4.436143e-02;9.430637e-03;2.316140e-02
6.766318e-02;1.742225e-01;3.062362e-01;8.489760e-02;9.907874e-02;8.503939e-02;4.184977e-02;4.010514e-02;1.909487e-02;3.715601e-02;2.637433e-02;1.828225e-02
5.123942e-02;1.287025e-01;2.169489e-01;1.432124e-01;1.646302e-01;1.031236e-01;2.215685e-02;4.345790e-02;1.468681e-02;1.767024e-02;5.240916e-02;4.176206e-02
3.052366e-02;1.384408e-01;7.919734e-02;1.428774e-01;2.553027e-01;1.217253e-01;2.633937e-02;3.555000e-02;1.732291e-02;1.183203e-02;5.432736e-02;8.656117e-02
2.111437e-02;1.306326e-01;1.419001e-01;8.178723e-02;2.631051e-01;1.440957e-01;2.837906e-02;1.391990e-02;3.048709e-02;9.080873e-03;1.922598e-02;1.162720e-01
2.377631e-02;1.198377e-01;1.555645e-01;6.378302e-02;2.334880e-01;1.974048e-01;2.340816e-02;1.069853e-02;3.657259e-02;9.678699e-03;6.478281e-03;1.193096e-01
1.954552e-02;1.140167e-01;9.767930e-02;4.573011e-02;2.165605e-01;2.860074e-01;1.541125e-02;2.909197e-02;3.969078e-02;1.081731e-02;1.280935e-02;1.126398e-01
2.625592e-02;1.274799e-01;1.437630e-01;4.899434e-02;1.662107e-01;2.969557e-01;2.594017e-02;2.592274e-02;2.951525e-02;9.081517e-03;1.906016e-02;8.082060e-02
2.107828e-02;1.620290e-01;2.223829e-01;4.897861e-02;1.520997e-01;2.374119e-01;3.174079e-02;2.439135e-02;2.282679e-02;7.597848e-03;1.878535e-02;5.067745e-02
2.486985e-02;1.846937e-01;2.517413e-01;8.696220e-02;1.430116e-01;1.458415e-01;2.305275e-02;3.407214e-02;2.272581e-02;1.757291e-02;2.482389e-02;4.063235e-02
3.757909e-02;2.420296e-01;2.266408e-01;1.118151e-01;1.020478e-01;1.069186e-01;2.319103e-02;3.092004e-02;2.462126e-02;2.682157e-02;3.553209e-02;3.188310e-02
4.439136e-02;2.860756e-01;3.147908e-01;9.553551e-02;2.843508e-02;7.248639e-02;1.971641e-02;3.051266e-02;1.692246e-02;2.284920e-02;4.169285e-02;2.659167e-02
3.674066e-02;2.733252e-01;3.197488e-01;5.458922e-02;7.527702e-02;5.968945e-02;1.522679e-02;3.816937e-02;2.335043e-02;2.436662e-02;4.020335e-02;3.931311e-02
4.018664e-02;2.267582e-01;1.980678e-01;7.827623e-02;1.531212e-01;1.002753e-01;1.834260e-02;4.935184e-02;3.671781e-02;2.491807e-02;4.132038e-02;3.266402e-02
3.949588e-02;1.768966e-01;1.701410e-01;1.095081e-01;2.267794e-01;1.106552e-01;1.991293e-02;4.248220e-02;3.303535e-02;2.139445e-02;2.834884e-02;2.135000e-02
3.709987e-02;1.503253e-01;1.426314e-01;1.224327e-01;2.775541e-01;1.060130e-01;1.815912e-02;3.602401e-02;2.781338e-02;2.242146e-02;1.996469e-02;3.956118e-02
3.894943e-02;1.681153e-01;1.518669e-01;1.444528e-01;2.498708e-01;6.106806e-02;2.265264e-02;3.795327e-02;2.762240e-02;2.559104e-02;1.528245e-02;5.657480e-02
2.538675e-02;2.145329e-01;2.058124e-01;1.147847e-01;1.912992e-01;6.503656e-02;2.708064e-02;3.803085e-02;2.820881e-02;2.536917e-02;2.124916e-02;4.320889e-02
3.965873e-02;2.554437e-01;1.830994e-01;5.934080e-02;1.450308e-01;1.319060e-01;2.096318e-02;4.984845e-02;2.953322e-02;4.372632e-02;1.300417e-02;2.844511e-02
2.818640e-02;2.544647e-01;2.332349e-01;8.301904e-02;1.154354e-01;1.183552e-01;2.600825e-02;3.135472e-02;2.623674e-02;3.347852e-02;1.647119e-02;3.375508e-02
3.236077e-02;3.080641e-01;2.223312e-01;3.640632e-02;7.762726e-02;1.205404e-01;2.602571e-02;4.992132e-02;3.530123e-02;3.236709e-02;2.765179e-02;3.140272e-02
4.852868e-02;3.294854e-01;2.507328e-01;4.184882e-02;2.607047e-02;8.138863e-02;1.665618e-02;6.203598e-02;5.235894e-02;3.477038e-02;2.759795e-02;2.852573e-02
7.380977e-02;3.503416e-01;2.513033e-01;3.658547e-02;2.200774e-02;3.838590e-02;1.489646e-02;8.162925e-02;5.059583e-02;2.968396e-02;2.454301e-02;2.621771e-02
1.321072e-01;3.382804e-01;1.780031e-01;2.177941e-02;2.544236e-02;3.547662e-02;2.605484e-02;1.372984e-01;4.088439e-02;1.844418e-02;1.593596e-02;3.029312e-02
1.823129e-01;2.062146e-01;7.988632e-02;2.412062e-02;3.014105e-02;4.815712e-02;1.002757e-01;2.070752e-01;2.974633e-02;1.394900e-02;1.897326e-02;5.914792e-02
1.307160e-01;9.599661e-02;5.796815e-02;6.684941e-02;2.265303e-02;5.591663e-02;2.201160e-01;1.915074e-01;2.141210e-02;1.641075e-02;1.886498e-02;1.015890e-01
5.989653e-02;9.065389e-02;8.325925e-02;7.440970e-02;6.803269e-03;6.725580e-02;3.298523e-01;1.119829e-01;1.477948e-02;1.664617e-02;1.097327e-02;1.334874e-01
3.763841e-02;9.063727e-02;9.775387e-02;5.848705e-02;1.732250e-02;6.682546e-02;3.954962e-01;6.295929e-02;1.658462e-02;1.329796e-02;1.028684e-02;1.327106e-01
3.571507e-02;8.123576e-02;7.880542e-02;3.739413e-02;1.756935e-02;8.239996e-02;4.471101e-01;5.558219e-02;2.054849e-02;1.804361e-02;1.043451e-02;1.151614e-01
3.780122e-02;1.300242e-01;6.693947e-02;2.075031e-02;9.289955e-03;7.548774e-02;4.405986e-01;5.510255e-02;2.191805e-02;3.548118e-02;1.072385e-02;9.588284e-02
3.886243e-02;1.339585e-01;6.049103e-02;2.763877e-02;1.832604e-02;8.500923e-02;3.613560e-01;5.471902e-02;2.704046e-02;4.986512e-02;2.606759e-02;1.166657e-01
3.481961e-02;1.263655e-01;5.368308e-02;3.405687e-02;3.128236e-02;1.303820e-01;2.956892e-01;3.121111e-02;3.564610e-02;3.600764e-02;3.512761e-02;1.557289e-01
3.832504e-02;1.446566e-01;9.577797e-02;2.990472e-02;4.168747e-02;1.623641e-01;2.260089e-01;4.109373e-02;3.690080e-02;1.881180e-02;2.829129e-02;1.361776e-01
3.885688e-02;1.405383e-01;1.086094e-01;3.292127e-02;5.770913e-02;2.086086e-01;1.584200e-01;5.848115e-02;4.859604e-02;2.309199e-02;3.286542e-02;9.130175e-02
4.717349e-02;1.021288e-01;1.431545e-01;3.678497e-02;6.266067e-02;2.061997e-01;1.380550e-01;8.126854e-02;6.206160e-02;2.419800e-02;3.668073e-02;5.963408e-02
6.889733e-02;1.460806e-01;1.189767e-01;2.894254e-02;3.842896e-02;1.277834e-01;2.204327e-01;7.362428e-02;4.774322e-02;2.548713e-02;2.839416e-02;7.520912e-02
6.610538e-02;1.245836e-01;3.766727e-02;2.747127e-02;4.203663e-02;1.114207e-01;3.137695e-01;7.280941e-02;4.933255e-02;2.493425e-02;2.176022e-02;1.081093e-01
6.994334e-02;1.333666e-01;9.203964e-02;2.527627e-02;3.746796e-02;9.472381e-02;3.045093e-01;5.264707e-02;5.233011e-02;3.504632e-02;2.675989e-02;7.588968e-02
6.062236e-02;1.413104e-01;1.450152e-01;3.503793e-02;3.148255e-02;1.272208e-01;2.156624e-01;8.114028e-02;4.715221e-02;2.158286e-02;4.853583e-02;4.523710e-02
4.794390e-02;7.015726e-02;1.594395e-01;4.310023e-02;4.394322e-02;1.905546e-01;1.423983e-01;8.008154e-02;6.851657e-02;2.391158e-02;7.412037e-02;5.583294e-02
3.924855e-02;1.411886e-01;1.841306e-01;4.114199e-02;6.434463e-02;2.179443e-01;2.513295e-02;5.733667e-02;7.501445e-02;3.345147e-02;7.623585e-02;4.482985e-02
4.117169e-02;1.288526e-01;1.281950e-01;3.176945e-02;5.386911e-02;2.237131e-01;1.048674e-01;4.826674e-02;7.172410e-02;2.989731e-02;8.483876e-02;5.283469e-02
3.640127e-02;1.594061e-01;1.685150e-01;2.198877e-02;4.026835e-02;1.911095e-01;1.182044e-01;5.903565e-02;6.205781e-02;2.206691e-02;7.386131e-02;4.708487e-02
4.841208e-02;2.008139e-01;2.094765e-01;1.998579e-02;4.180423e-02;1.571729e-01;6.303377e-02;7.480259e-02;5.460815e-02;2.590541e-02;5.410057e-02;4.988407e-02
5.943986e-02;1.655522e-01;1.497142e-01;2.946514e-02;4.714983e-02;1.296954e-01;1.754003e-01;8.275896e-02;5.692509e-02;2.412958e-02;2.603536e-02;5.373419e-02
5.994946e-02;1.301713e-01;1.016629e-01;2.860823e-02;5.363432e-02;1.203522e-01;2.252900e-01;8.272814e-02;6.570707e-02;2.936335e-02;2.880834e-02;7.372459e-02
6.507935e-02;1.384765e-01;5.167596e-02;3.485642e-02;6.155753e-02;1.024162e-01;2.129851e-01;1.010811e-01;8.961225e-02;2.169022e-02;2.408459e-02;9.648480e-02
5.544635e-02;1.539133e-01;1.139485e-01;4.279360e-02;5.256840e-02;9.915929e-02;1.838786e-01;7.830628e-02;6.911768e-02;2.267268e-02;4.309734e-02;8.509803e-02
4.822106e-02;1.577502e-01;1.831883e-01;3.741232e-02;5.662414e-02;9.799191e-02;1.721796e-01;5.139510e-02;4.290313e-02;3.478159e-02;4.849577e-02;6.905694e-02
4.235502e-02;2.018588e-01;2.035456e-01;3.618262e-02;5.048203e-02;6.791076e-02;1.574000e-01;5.147384e-02;3.174487e-02;4.177748e-02;4.690823e-02;6.836068e-02
5.286318e-02;1.901179e-01;1.697826e-01;4.590461e-02;3.789309e-02;1.115406e-01;1.481153e-01;5.184510e-02;3.611164e-02;3.868057e-02;4.591336e-02;7.123199e-02
6.990155e-02;1.273374e-01;9.530699e-02;4.810628e-02;5.946511e-02;1.985231e-01;8.855579e-02;7.049239e-02;4.951388e-02;3.067175e-02;7.340509e-02;8.872072e-02
7.067412e-02;1.766148e-01;1.242084e-01;3.882762e-02;5.093282e-02;1.400222e-01;9.955020e-02;7.777689e-02;4.444507e-02;2.769382e-02;6.002937e-02;8.922465e-02
6.396593e-02;2.223469e-01;1.687783e-01;2.133063e-02;3.250933e-02;1.260639e-01;1.172288e-01;6.334142e-02;5.189568e-02;2.242582e-02;3.934929e-02;7.076400e-02
7.076229e-02;2.273867e-01;1.412221e-01;1.733792e-02;2.987822e-02;1.570049e-01;1.176646e-01;4.497902e-02;5.853267e-02;2.628920e-02;3.666992e-02;7.227250e-02
5.747233e-02;2.570335e-01;1.707980e-01;1.839424e-02;2.843970e-02;1.375317e-01;1.042452e-01;4.001539e-02;4.427093e-02;3.532356e-02;4.323917e-02;6.323627e-02
4.140900e-02;2.262833e-01;1.751628e-01;2.211940e-02;2.279470e-02;1.389462e-01;1.449647e-01;4.721651e-02;4.037902e-02;4.425803e-02;4.563597e-02;5.083042e-02
3.926867e-02;1.823131e-01;1.056093e-01;5.114097e-02;1.478569e-02;1.787791e-01;1.747961e-01;7.147478e-02;4.621867e-02;4.526490e-02;4.521180e-02;4.513679e-02
5.385391e-02;1.421159e-01;4.338211e-02;6.206986e-02;2.915760e-02;2.105429e-01;1.635720e-01;8.516290e-02;5.956374e-02;3.731046e-02;3.624381e-02;7.702480e-02
7.717310e-02;1.300386e-01;9.624879e-02;5.188735e-02;4.631421e-02;1.719869e-01;1.590818e-01;8.710141e-02;4.157378e-02;1.640430e-02;2.109371e-02;1.010961e-01
8.001605e-02;8.719518e-02;1.525904e-01;2.562851e-02;5.523050e-02;1.489754e-01;1.357040e-01;8.100485e-02;5.930642e-02;2.953480e-02;3.266572e-02;1.121482e-01
6.046364e-02;1.665895e-01;1.910353e-01;3.201643e-02;4.258187e-02;9.819195e-02;1.102731e-01;8.121547e-02;5.456053e-02;3.126110e-02;4.594745e-02;8.586363e-02
5.970374e-02;1.683816e-01;1.657544e-01;2.327790e-02;3.173012e-02;1.554273e-01;9.296780e-02;7.027736e-02;6.904557e-02;2.694988e-02;7.230131e-02;6.418294e-02
5.512776e-02;1.204016e-01;1.097138e-01;1.987149e-02;3.126037e-02;2.408469e-01;7.994344e-02;5.695412e-02;7.209823e-02;2.917277e-02;1.244342e-01;6.017520e-02
4.494309e-02;5.271233e-02;3.587814e-02;2.697359e-02;4.368320e-02;3.290015e-01;8.313276e-02;5.473956e-02;6.973813e-02;3.849835e-02;1.679729e-01;5.272647e-02
2.712541e-02;5.885282e-02;4.583132e-02;3.139752e-02;4.856484e-02;2.750092e-01;1.271456e-01;6.819013e-02;8.096126e-02;5.020442e-02;1.459124e-01;4.080521e-02
2.499541e-02;8.328264e-02;4.239538e-02;3.999902e-02;5.697843e-02;1.641908e-01;1.554617e-01;9.586485e-02;1.336351e-01;7.584680e-02;9.624273e-02;3.110716e-02
3.823245e-02;1.041332e-01;4.274769e-02;4.641197e-02;7.469139e-02;1.389682e-01;1.362518e-01;8.279397e-02;1.779868e-01;8.570714e-02;5.156162e-02;2.051362e-02
4.298713e-02;7.359805e-02;6.271695e-02;3.472122e-02;6.231796e-02;1.694974e-01;9.918486e-02;7.699673e-02;1.766861e-01;8.060388e-02;7.724454e-02;4.344521e-02
8.224430e-02;4.673846e-02;6.664222e-02;2.590085e-02;4.746897e-02;1.627607e-01;1.011701e-01;5.783981e-02;1.483260e-01;7.832982e-02;1.171004e-01;6.547841e-02
8.777151e-02;5.404449e-02;6.985087e-02;2.951918e-02;3.754439e-02;1.448567e-01;9.946240e-02;9.816317e-02;1.317977e-01;6.462664e-02;1.252477e-01;5.711517e-02
5.362720e-02;6.905952e-02;7.988322e-02;4.484264e-02;4.300785e-02;1.087448e-01;1.104252e-01;1.363574e-01;1.587113e-01;5.895932e-02;9.114452e-02;4.523710e-02
4.540212e-02;1.615895e-01;9.493560e-02;4.402301e-02;4.782643e-02;4.685891e-02;7.250862e-02;1.422640e-01;1.983383e-01;5.522937e-02;5.163783e-02;3.938621e-02
3.543365e-02;1.709222e-01;6.885473e-02;4.142110e-02;7.012732e-02;6.749384e-02;7.462647e-02;1.280320e-01;2.178080e-01;4.422178e-02;4.628324e-02;3.477577e-02
2.199044e-02;1.146253e-01;6.845911e-02;3.101604e-02;7.472278e-02;8.086030e-02;8.532499e-02;1.577169e-01;2.560159e-01;4.505815e-02;3.636545e-02;2.784461e-02
2.231345e-02;8.587544e-02;5.388286e-02;3.356119e-02;5.379637e-02;9.125935e-02;9.150515e-02;1.807785e-01;2.898649e-01;4.946661e-02;1.963540e-02;2.806088e-02
2.738295e-02;9.068472e-02;7.477754e-02;3.007264e-02;2.337217e-02;7.148021e-02;1.400765e-01;1.461092e-01;2.816795e-01;5.682594e-02;2.823460e-02;2.930403e-02
2.589317e-02;8.313657e-02;7.900270e-02;1.842731e-02;4.841874e-02;1.068259e-01;1.308312e-01;1.415939e-01;2.566676e-01;4.880493e-02;2.402393e-02;3.637407e-02
2.585460e-02;8.072492e-02;7.719753e-02;1.394745e-02;6.706072e-02;1.152052e-01;8.211645e-02;1.227126e-01;2.647442e-01;6.714199e-02;3.390374e-02;4.939058e-02
3.250556e-02;1.117649e-01;9.918775e-02;2.991810e-02;7.679733e-02;4.723832e-02;4.891447e-02;1.050972e-01;2.777015e-01;8.160349e-02;3.969259e-02;4.957876e-02
2.072984e-02;8.918642e-02;8.679546e-02;2.844418e-02;7.646996e-02;1.130882e-01;3.412897e-02;1.156488e-01;2.592658e-01;8.032273e-02;4.003120e-02;5.588834e-02
1.226087e-02;8.303536e-02;7.979200e-02;2.479264e-02;9.373500e-02;1.008447e-01;3.304889e-02;1.163076e-01;2.699665e-01;9.726466e-02;3.955431e-02;4.939746e-02
1.643392e-02;8.218940e-02;7.311625e-02;3.356146e-02;1.262893e-01;6.357208e-02;3.053986e-02;1.126525e-01;2.605948e-01;1.193793e-01;4.852628e-02;3.314487e-02
2.315845e-02;1.018985e-01;7.708429e-02;2.501769e-02;1.327185e-01;6.483225e-02;3.572318e-02;1.195360e-01;2.297800e-01;1.156351e-01;4.496881e-02;2.964735e-02
1.996729e-02;1.053096e-01;4.736083e-02;1.512980e-02;1.504297e-01;9.574714e-02;4.557472e-02;1.118645e-01;2.141524e-01;1.182185e-01;4.433803e-02;3.190748e-02
1.810917e-02;9.213065e-02;2.951171e-02;2.403849e-02;1.835254e-01;6.545763e-02;3.416654e-02;1.033875e-01;2.224379e-01;1.450852e-01;4.809164e-02;3.405813e-02
1.516391e-02;1.010481e-01;4.762825e-02;2.497421e-02;1.972117e-01;6.404968e-02;2.868084e-02;8.775815e-02;2.099699e-01;1.584420e-01;3.907096e-02;2.600233e-02
1.172628e-02;9.549733e-02;5.424509e-02;2.850564e-02;2.160446e-01;7.083629e-02;1.979518e-02;7.846480e-02;2.109417e-01;1.611943e-01;3.540147e-02;1.734730e-02
1.880671e-02;7.896900e-02;4.090705e-02;4.960494e-02;2.305613e-01;1.006531e-01;2.277630e-02;7.511535e-02;1.986836e-01;1.346995e-01;2.834125e-02;2.088188e-02
3.839290e-02;6.308525e-02;2.716132e-02;9.463236e-02;2.433277e-01;9.479763e-02;3.500550e-02;8.083493e-02;1.979430e-01;9.121158e-02;1.768690e-02;1.592089e-02
4.624224e-02;4.577559e-02;3.028939e-02;1.250586e-01;2.484125e-01;6.577548e-02;4.635439e-02;7.651287e-02;2.031045e-01;9.142382e-02;1.006480e-02;1.098582e-02
4.951461e-02;5.054124e-02;3.341037e-02;1.341017e-01;2.184629e-01;6.283981e-02;3.850295e-02;7.211261e-02;2.030262e-01;1.133261e-01;1.403183e-02;1.012959e-02
7.207068e-02;6.455897e-02;4.019835e-02;1.453573e-01;1.720086e-01;5.336975e-02;1.988355e-02;9.201718e-02;2.192038e-01;9.491948e-02;1.762795e-02;8.784447e-03
9.136757e-02;6.176889e-02;5.767380e-02;1.549838e-01;1.179502e-01;5.322373e-02;3.125198e-02;1.025703e-01;2.308753e-01;7.430945e-02;1.733283e-02;6.692154e-03
1.181906e-01;4.942919e-02;4.026016e-02;1.666723e-01;9.600508e-02;2.463112e-02;2.185725e-02;1.161832e-01;2.481197e-01;8.529832e-02;2.350348e-02;9.849644e-03
1.256930e-01;3.873947e-02;3.041567e-02;1.631401e-01;1.292015e-01;2.636699e-02;1.955021e-02;1.151936e-01;2.329729e-01;9.552018e-02;1.158413e-02;1.162227e-02
1.130163e-01;4.258386e-02;2.602267e-02;1.762726e-01;1.788782e-01;2.293188e-02;1.322915e-02;8.472228e-02;2.305521e-01;9.228319e-02;8.657061e-03;1.085076e-02
6.028834e-02;5.219927e-02;1.445515e-02;1.696971e-01;1.722481e-01;3.461928e-02;2.662298e-02;9.656278e-02;2.472436e-01;9.058549e-02;2.088713e-02;1.459086e-02
3.844148e-02;4.838717e-02;3.180146e-02;1.604189e-01;1.388623e-01;3.849272e-02;4.171421e-02;1.246601e-01;2.555190e-01;8.764130e-02;2.371006e-02;1.035136e-02
3.695182e-02;5.154263e-02;4.592988e-02;1.527769e-01;1.735764e-01;7.045730e-02;3.543719e-02;1.129274e-01;2.177007e-01;8.055642e-02;1.334181e-02;8.801510e-03
2.542197e-02;6.896482e-02;3.091114e-02;1.404714e-01;2.389806e-01;6.459170e-02;1.803543e-02;8.463866e-02;1.847285e-01;9.914327e-02;2.504450e-02;1.906805e-02
2.654230e-02;7.831339e-02;3.338226e-02;1.106026e-01;2.718508e-01;2.951292e-02;1.433440e-02;8.605254e-02;2.062357e-01;9.045076e-02;2.426968e-02;2.845267e-02
2.395553e-02;7.494065e-02;2.739368e-02;7.280323e-02;2.604367e-01;8.762535e-02;2.183406e-02;1.114566e-01;2.183326e-01;5.486653e-02;2.264392e-02;2.371117e-02
2.171466e-02;8.030283e-02;2.295828e-02;5.935464e-02;2.276174e-01;1.241936e-01;2.281639e-02;1.163056e-01;2.182031e-01;6.370416e-02;2.504592e-02;1.778331e-02
3.754469e-02;1.171272e-01;5.870976e-02;6.897979e-02;1.544096e-01;1.029692e-01;1.246048e-02;1.143231e-01;2.387931e-01;4.850228e-02;2.106102e-02;2.511981e-02
4.724132e-02;1.145109e-01;7.796886e-02;5.482856e-02;8.520711e-02;9.409174e-02;2.075181e-02;1.430077e-01;2.718065e-01;4.161894e-02;2.650286e-02;2.246358e-02
2.977321e-02;6.417171e-02;6.313659e-02;7.851465e-02;1.142037e-01;8.464151e-02;1.889568e-02;1.411245e-01;2.908266e-01;5.291470e-02;3.814379e-02;2.365346e-02
3.762032e-02;5.360675e-02;5.568811e-02;1.153094e-01;1.330828e-01;7.220072e-02;2.367758e-02;1.049384e-01;2.743545e-01;5.770248e-02;3.903287e-02;3.278603e-02
