5.571929e-02;6.038644e-02;1.927136e-01;4.271956e-02;4.088721e-02;5.530399e-02;1.156756e-01;9.763566e-02;8.554544e-02;1.102745e-01;9.205641e-02;5.108219e-02
2.670118e-02;4.162083e-02;3.205495e-01;4.822606e-02;8.258797e-02;5.083255e-02;1.529499e-01;4.731617e-02;6.770315e-02;7.473408e-02;4.909921e-02;3.767942e-02
7.129739e-02;4.844999e-02;2.739016e-01;3.902749e-02;7.467855e-02;5.996202e-02;2.157826e-01;4.740680e-02;5.980447e-02;4.468634e-02;3.574644e-02;2.925640e-02
9.981325e-02;7.384517e-02;2.205317e-01;3.681190e-02;5.933499e-02;5.475236e-02;1.979384e-01;4.719521e-02;8.170124e-02;5.697985e-02;3.948252e-02;3.161337e-02
1.281675e-01;1.151470e-01;1.825852e-01;2.935408e-02;4.180048e-02;4.723301e-02;1.441254e-01;5.458633e-02;1.176182e-01;7.230166e-02;3.707707e-02;3.000404e-02
1.038403e-01;1.416107e-01;2.396445e-01;1.917763e-02;1.987626e-02;3.066577e-02;4.462719e-02;5.883598e-02;2.290226e-01;7.345863e-02;1.740180e-02;2.183861e-02
3.269145e-02;1.267888e-01;3.031385e-01;1.536155e-02;1.054656e-02;1.619718e-02;2.022178e-02;4.199937e-02;3.203315e-01;8.583269e-02;1.392912e-02;1.296152e-02
3.750975e-02;1.423191e-01;3.152152e-01;1.415835e-02;4.975300e-03;1.409454e-02;1.708074e-02;1.752680e-02;3.276528e-01;8.754706e-02;1.019475e-02;1.172564e-02
6.267472e-02;1.772689e-01;2.720696e-01;9.579943e-03;3.085128e-03;2.138514e-02;1.070235e-02;1.614548e-02;3.555541e-01;5.419493e-02;3.900303e-03;1.343936e-02
6.216723e-02;1.929867e-01;2.581430e-01;9.726146e-03;3.134893e-03;2.228681e-02;7.418360e-03;3.486519e-02;3.624573e-01;2.871556e-02;4.308856e-03;1.378992e-02
6.179515e-02;2.131556e-01;2.949387e-01;1.475593e-02;4.883905e-03;2.372044e-02;8.331259e-03;4.223464e-02;3.068372e-01;1.263054e-02;3.225103e-03;1.349158e-02
9.482223e-02;2.520230e-01;3.136427e-01;1.771358e-02;5.163144e-03;2.372878e-02;1.052826e-02;2.668132e-02;2.318786e-01;7.263938e-03;3.795105e-03;1.275934e-02
1.594793e-01;2.848549e-01;2.806289e-01;1.700219e-02;6.449622e-03;2.134833e-02;1.329079e-02;1.209289e-02;1.818578e-01;5.859614e-03;5.463599e-03;1.167211e-02
2.338732e-01;2.876251e-01;2.183789e-01;1.047722e-02;8.281052e-03;1.562503e-02;1.815663e-02;1.935923e-02;1.472870e-01;1.412017e-02;1.474572e-02;1.207074e-02
2.892289e-01;2.865857e-01;1.927016e-01;7.251519e-03;1.602644e-02;1.066216e-02;3.123663e-02;2.059244e-02;9.159374e-02;1.692348e-02;2.404285e-02;1.315446e-02
2.869181e-01;2.500553e-01;2.717419e-01;1.071847e-02;2.173525e-02;6.119680e-03;3.548930e-02;2.131904e-02;4.033073e-02;1.156187e-02;2.948853e-02;1.452176e-02
2.669694e-01;1.998083e-01;3.436213e-01;1.418120e-02;2.634458e-02;6.921511e-03;3.497401e-02;2.552709e-02;1.354808e-02;1.327394e-02;3.397959e-02;2.085112e-02
1.932171e-01;9.920789e-02;3.947462e-01;2.238269e-02;2.986166e-02;1.771566e-02;5.330339e-02;3.960843e-02;5.326585e-02;2.469816e-02;4.149882e-02;3.049418e-02
1.424792e-01;7.224783e-02;3.714421e-01;3.038258e-02;3.203568e-02;3.271579e-02;5.424711e-02;4.462887e-02;9.198435e-02;3.908189e-02;5.335773e-02;3.539676e-02
9.429561e-02;1.486532e-01;2.912363e-01;5.023738e-02;5.494564e-02;3.961873e-02;5.269176e-02;4.629545e-02;9.616011e-02;3.951503e-02;6.028805e-02;2.606274e-02
1.053545e-01;1.326550e-01;2.350661e-01;5.757505e-02;6.739014e-02;4.689945e-02;6.680240e-02;5.485049e-02;1.031896e-01;4.871554e-02;5.402983e-02;2.747195e-02
7.753089e-02;5.945001e-02;2.098698e-01;7.679129e-02;8.547075e-02;6.164558e-02;9.103381e-02;9.475952e-02;9.472590e-02;6.721140e-02;3.489188e-02;4.661911e-02
6.654751e-02;7.514308e-02;1.909182e-01;8.517012e-02;9.485699e-02;7.199845e-02;7.712317e-02;1.223973e-01;4.245274e-02;8.749729e-02;3.488112e-02;5.101410e-02
5.198864e-02;6.849045e-02;1.803265e-01;5.556262e-02;6.868592e-02;6.664753e-02;1.085843e-01;1.091383e-01;1.082063e-01;7.018867e-02;6.392652e-02;4.825426e-02
5.267996e-02;8.855691e-02;2.704754e-01;2.641020e-02;5.415288e-02;5.357761e-02;1.016683e-01;6.389100e-02;9.945425e-02;5.448638e-02;4.650278e-02;8.814439e-02
7.360954e-02;1.245468e-01;3.590846e-01;2.765781e-02;4.062318e-02;3.059031e-02;7.264972e-02;2.625004e-02;8.175156e-02;6.188555e-02;2.433690e-02;7.701400e-02
6.824892e-02;1.876689e-01;4.043545e-01;2.203375e-02;1.965772e-02;1.751266e-02;4.371657e-02;1.167027e-02;9.873043e-02;5.341327e-02;2.813740e-02;4.485567e-02
4.951167e-02;2.700982e-01;4.198878e-01;2.394159e-02;1.365459e-02;3.085975e-02;2.203821e-02;1.829102e-02;1.034715e-01;2.584778e-02;1.004668e-02;1.235125e-02
1.267890e-01;2.622546e-01;3.190307e-01;3.330477e-02;2.033563e-02;6.042524e-02;3.295365e-02;5.020492e-02;6.323487e-02;1.231186e-02;1.148288e-02;7.671822e-03
2.255994e-01;1.850324e-01;1.952396e-01;3.550235e-02;4.957713e-02;6.460226e-02;4.822173e-02;9.930626e-02;4.773695e-02;1.050787e-02;2.437594e-02;1.429808e-02
2.853390e-01;1.473407e-01;1.131204e-01;2.860565e-02;7.253589e-02;2.624297e-02;4.522344e-02;1.480735e-01;5.569876e-02;7.855101e-03;5.573598e-02;1.422869e-02
2.893775e-01;1.328848e-01;8.614513e-02;1.678629e-02;7.161862e-02;1.204926e-02;2.124863e-02;1.552610e-01;5.667013e-02;1.359234e-02;1.253800e-01;1.898631e-02
3.027407e-01;7.666735e-02;8.294820e-02;1.219337e-02;6.419591e-02;1.360862e-02;1.534574e-02;1.379504e-01;4.759555e-02;1.377782e-02;2.045242e-01;2.845210e-02
3.290807e-01;7.944874e-02;8.561892e-02;1.153360e-02;5.222589e-02;1.039662e-02;1.856217e-02;1.357960e-01;2.343989e-02;1.163989e-02;2.083372e-01;3.392036e-02
3.524856e-01;8.175161e-02;8.424096e-02;1.285375e-02;3.961673e-02;9.764913e-03;2.549620e-02;1.472553e-01;2.690438e-02;2.481395e-02;1.515352e-01;4.328147e-02
3.124989e-01;9.305522e-02;9.242304e-02;1.583350e-02;2.691676e-02;2.398933e-02;3.260214e-02;1.436142e-01;4.405016e-02;5.516475e-02;9.696102e-02;6.289087e-02
2.645135e-01;1.149832e-01;1.032875e-01;2.935269e-02;1.798654e-02;4.732596e-02;4.312409e-02;1.090593e-01;4.667705e-02;7.634179e-02;7.989497e-02;6.745336e-02
4.024216e-01;8.990365e-02;9.339284e-02;2.667041e-02;1.461303e-02;4.485481e-02;5.504746e-02;8.173090e-02;3.088445e-02;6.292272e-02;4.651300e-02;5.104511e-02
4.337810e-01;4.847883e-02;1.414640e-01;1.968269e-02;1.867660e-02;3.514071e-02;5.596158e-02;1.038662e-01;3.012133e-02;4.279478e-02;2.227586e-02;4.775632e-02
3.734897e-01;4.453067e-02;2.155571e-01;1.265264e-02;2.390968e-02;2.461709e-02;5.234031e-02;1.267179e-01;2.944846e-02;2.725379e-02;1.992799e-02;4.955472e-02
3.066510e-01;5.140135e-02;2.739227e-01;1.138579e-02;3.164228e-02;1.570322e-02;4.496422e-02;1.335896e-01;3.349012e-02;1.603957e-02;2.652880e-02;5.468132e-02
2.637209e-01;7.450224e-02;2.604250e-01;2.078610e-02;4.748514e-02;1.333990e-02;5.472747e-02;1.223101e-01;3.684723e-02;1.840859e-02;3.329362e-02;5.415379e-02
1.906361e-01;8.881390e-02;2.139609e-01;3.194954e-02;5.496423e-02;2.419264e-02;9.081078e-02;1.091275e-01;4.159451e-02;3.780187e-02;5.614918e-02;5.999893e-02
8.994672e-02;5.536975e-02;3.011490e-01;3.907908e-02;3.408461e-02;3.502095e-02;8.568663e-02;8.888413e-02;3.817859e-02;6.697579e-02;9.390890e-02;7.171592e-02
1.879399e-01;4.765040e-02;1.961875e-01;2.996555e-02;3.030586e-02;3.456142e-02;7.565996e-02;8.851912e-02;3.865578e-02;8.019780e-02;1.209013e-01;6.945536e-02
2.717437e-01;6.181905e-02;1.275095e-01;2.402719e-02;2.927484e-02;3.302851e-02;9.625356e-02;9.002782e-02;4.217706e-02;6.441889e-02;1.080104e-01;5.170938e-02
2.747846e-01;6.183865e-02;1.299504e-01;3.011524e-02;3.291130e-02;3.953198e-02;8.857668e-02;9.739070e-02;4.459189e-02;5.356447e-02;9.451021e-02;5.223386e-02
9.572885e-02;8.472300e-02;1.081788e-01;1.007365e-01;9.397475e-02;6.417347e-02;1.050723e-01;6.095314e-02;9.530706e-02;8.128923e-02;5.938692e-02;5.047603e-02
5.561255e-02;9.146342e-02;1.492503e-01;1.293526e-01;1.299066e-01;6.015485e-02;1.029680e-01;2.283962e-02;9.436356e-02;9.068078e-02;3.396619e-02;3.944160e-02
7.701020e-02;7.795408e-02;2.523654e-01;8.703704e-02;1.260024e-01;4.487293e-02;1.185345e-01;3.834894e-02;6.424668e-02;6.700061e-02;2.047420e-02;2.615299e-02
1.020944e-01;8.834663e-02;2.580557e-01;6.212649e-02;9.851538e-02;4.505717e-02;1.310874e-01;4.591468e-02;5.274737e-02;5.208550e-02;3.281788e-02;3.115140e-02
1.310282e-01;1.210105e-01;2.306688e-01;5.713319e-02;9.777348e-02;4.459107e-02;9.352829e-02;4.693297e-02;5.921976e-02;6.041889e-02;2.982938e-02;2.786543e-02
1.802775e-01;1.497570e-01;1.870394e-01;3.187458e-02;1.173795e-01;4.603580e-02;7.057419e-02;4.920327e-02;6.089522e-02;5.687221e-02;2.961527e-02;2.047595e-02
2.475670e-01;1.360469e-01;1.371523e-01;1.704263e-02;1.472720e-01;4.274778e-02;8.952624e-02;4.912398e-02;4.341901e-02;3.242135e-02;3.429991e-02;2.338080e-02
2.718781e-01;1.096237e-01;1.611511e-01;1.080658e-02;1.588448e-01;3.959858e-02;8.001264e-02;5.890253e-02;2.543226e-02;1.853272e-02;3.717391e-02;2.804311e-02
2.285777e-01;6.652626e-02;1.515713e-01;2.803712e-02;1.181153e-01;1.236995e-01;6.940800e-02;5.017153e-02;3.857987e-02;3.825923e-02;4.323953e-02;4.381468e-02
1.466389e-01;4.329808e-02;1.013992e-01;6.067504e-02;5.177961e-02;2.024263e-01;1.093428e-01;2.700461e-02;4.189419e-02;7.460598e-02;6.330251e-02;7.763287e-02
5.373097e-02;5.950898e-02;7.313162e-02;5.916537e-02;6.841885e-02;1.611086e-01;1.524785e-01;4.219639e-02;3.735720e-02;9.400462e-02;1.057450e-01;9.315390e-02
2.354035e-02;3.899134e-02;1.856342e-01;3.392759e-02;1.210396e-01;9.139083e-02;1.175950e-01;5.225325e-02;3.782330e-02;1.108100e-01;1.253031e-01;6.169147e-02
6.670395e-02;4.605944e-02;1.801438e-01;4.461343e-02;1.124355e-01;7.663736e-02;1.119623e-01;4.606667e-02;5.430455e-02;1.288730e-01;9.753292e-02;3.466702e-02
1.345800e-01;7.937100e-02;1.315759e-01;5.892865e-02;8.805687e-02;4.382677e-02;1.188431e-01;4.108983e-02;5.936963e-02;1.200233e-01;8.611144e-02;3.822353e-02
8.878057e-02;1.032677e-01;2.170942e-01;6.011602e-02;8.794241e-02;3.172865e-02;1.254264e-01;3.916478e-02;4.155874e-02;8.933956e-02;7.909817e-02;3.648282e-02
6.789115e-02;1.070844e-01;1.775050e-01;5.865054e-02;8.054432e-02;4.985971e-02;1.120365e-01;5.979318e-02;5.307912e-02;1.022718e-01;9.473518e-02;3.654917e-02
1.586582e-01;9.567138e-02;8.193146e-02;5.689259e-02;8.574961e-02;5.066244e-02;7.361872e-02;7.989815e-02;5.886788e-02;1.143290e-01;1.006795e-01;4.304113e-02
1.169658e-01;5.954989e-02;1.737071e-01;4.352562e-02;1.282263e-01;6.463508e-02;8.179986e-02;7.272907e-02;6.688053e-02;8.696744e-02;6.015714e-02;4.485628e-02
7.728872e-02;5.688510e-02;9.326670e-02;7.806420e-02;1.235742e-01;1.108406e-01;7.689929e-02;5.472344e-02;1.005392e-01;1.050568e-01;6.415426e-02;5.870757e-02
6.421784e-02;9.471177e-02;1.348961e-01;9.306981e-02;6.692947e-02;6.961329e-02;8.828180e-02;4.911507e-02;1.161059e-01;1.077612e-01;7.184275e-02;4.345508e-02
6.716185e-02;1.149925e-01;1.582488e-01;8.256367e-02;7.344706e-02;6.157594e-02;1.014412e-01;4.082343e-02;1.095688e-01;9.086001e-02;6.188087e-02;3.743588e-02
6.311994e-02;1.481471e-01;1.881575e-01;6.457366e-02;8.109578e-02;5.577383e-02;1.253135e-01;4.894464e-02;7.356333e-02;6.336997e-02;5.536098e-02;3.257984e-02
1.718563e-01;1.467212e-01;2.147916e-01;4.829483e-02;6.179922e-02;3.285706e-02;1.061560e-01;7.047747e-02;3.649709e-02;2.812788e-02;5.036293e-02;3.205842e-02
2.643462e-01;1.528862e-01;1.994367e-01;2.868289e-02;4.483093e-02;2.129514e-02;5.904426e-02;8.115178e-02;3.666840e-02;2.051177e-02;4.764225e-02;4.350350e-02
2.607802e-01;1.562645e-01;2.101397e-01;2.740370e-02;4.246277e-02;2.280997e-02;3.434110e-02;6.771087e-02;3.626988e-02;3.070449e-02;5.720406e-02;5.390880e-02
2.266647e-01;1.564249e-01;1.704134e-01;4.046999e-02;4.688098e-02;3.278425e-02;4.410465e-02;4.471073e-02;3.917139e-02;5.290514e-02;9.128457e-02;5.418542e-02
2.248947e-01;9.671871e-02;1.102845e-01;3.301356e-02;4.064535e-02;4.571567e-02;7.563191e-02;6.150158e-02;4.406300e-02;6.085703e-02;1.108185e-01;9.585562e-02
2.346889e-01;1.043789e-01;9.821226e-02;4.941095e-02;3.190401e-02;3.784558e-02;7.714674e-02;6.599286e-02;4.186870e-02;4.688985e-02;8.419992e-02;1.274613e-01
3.146071e-01;1.095104e-01;7.859821e-02;6.008786e-02;1.877902e-02;4.758684e-02;6.770438e-02;4.359793e-02;3.036230e-02;4.876734e-02;4.294069e-02;1.374579e-01
3.428181e-01;9.849129e-02;5.652304e-02;1.160503e-01;1.050707e-02;4.939351e-02;7.499813e-02;2.192023e-02;2.197726e-02;5.090376e-02;1.258864e-02;1.438287e-01
2.515500e-01;1.132400e-01;2.281062e-02;1.850846e-01;1.388456e-02;3.219248e-02;1.177533e-01;1.147646e-02;1.339727e-02;3.649190e-02;2.789728e-02;1.742215e-01
1.483660e-01;1.044082e-01;2.041469e-02;1.783510e-01;4.644170e-02;2.142579e-02;1.452329e-01;3.388263e-02;1.025970e-02;2.316510e-02;5.573711e-02;2.123153e-01
1.219826e-01;1.017613e-01;2.501518e-02;7.658614e-02;7.583849e-02;1.960460e-02;1.500902e-01;6.518004e-02;1.042220e-02;2.075484e-02;9.307847e-02;2.396860e-01
8.085616e-02;1.021286e-01;1.564712e-02;9.002257e-02;6.773061e-02;3.875159e-02;1.526455e-01;6.052221e-02;1.882271e-02;3.924662e-02;1.023413e-01;2.312851e-01
1.153840e-01;7.006466e-02;4.220169e-02;1.168068e-01;3.681163e-02;9.571759e-02;1.201947e-01;4.265640e-02;4.028263e-02;6.861466e-02;7.704153e-02;1.742238e-01
1.842345e-01;4.986920e-02;4.073954e-02;1.286662e-01;4.544455e-02;1.446061e-01;8.758969e-02;3.242869e-02;4.003619e-02;8.490796e-02;4.075491e-02;1.207225e-01
1.990757e-01;3.170244e-02;3.113850e-02;1.439468e-01;3.896857e-02;1.832009e-01;8.247031e-02;2.496971e-02;2.347328e-02;9.342009e-02;2.193436e-02;1.256994e-01
2.371960e-01;3.251965e-02;4.320790e-02;9.199632e-02;2.458026e-02;2.461773e-01;4.566020e-02;2.749890e-02;4.083047e-02;7.524055e-02;2.723027e-02;1.078622e-01
2.999880e-01;4.277946e-02;7.280312e-02;3.757583e-02;1.453309e-02;2.500021e-01;2.614111e-02;4.025547e-02;5.677977e-02;5.543893e-02;2.463465e-02;7.906847e-02
3.413576e-01;5.365259e-02;1.104265e-01;2.098105e-02;2.859478e-02;1.710559e-01;2.771029e-02;5.991364e-02;5.022987e-02;3.802469e-02;2.395087e-02;7.410225e-02
3.301018e-01;6.914128e-02;1.548783e-01;4.013538e-02;5.117434e-02;7.166220e-02;2.395243e-02;8.146527e-02;6.129963e-02;1.935772e-02;2.793389e-02;6.889782e-02
2.639444e-01;8.047539e-02;1.776239e-01;8.880045e-02;4.527990e-02;4.310707e-02;3.696282e-02;8.552697e-02;5.910130e-02;2.089372e-02;3.247917e-02;6.580491e-02
1.583982e-01;1.194345e-01;2.343411e-01;1.115265e-01;3.363071e-02;2.771124e-02;4.145068e-02;7.211487e-02;5.618716e-02;3.653363e-02;3.918868e-02;6.948279e-02
9.501436e-02;1.637432e-01;1.965565e-01;8.695205e-02;2.822892e-02;2.655119e-02;5.859732e-02;5.264590e-02;6.169258e-02;7.924113e-02;6.435084e-02;8.642597e-02
1.717221e-01;1.414148e-01;8.158496e-02;3.866352e-02;3.217397e-02;3.729328e-02;6.973872e-02;5.640948e-02;4.383381e-02;1.097398e-01;1.198809e-01;9.754471e-02
2.206358e-01;1.318752e-01;9.237249e-02;2.119962e-02;3.078933e-02;4.922418e-02;5.467557e-02;4.546478e-02;3.822630e-02;1.008038e-01;1.411387e-01;7.359412e-02
2.020743e-01;1.585584e-01;7.881768e-02;3.096277e-02;4.805174e-02;5.693785e-02;4.925613e-02;5.262830e-02;4.501635e-02;1.012580e-01;1.293833e-01;4.705519e-02
1.240529e-01;2.204394e-01;8.432608e-02;3.394447e-02;4.947690e-02;7.044253e-02;4.602544e-02;4.495161e-02;6.185251e-02;1.037881e-01;1.170879e-01;4.361216e-02
6.205077e-02;1.433782e-01;9.835651e-02;5.408008e-02;5.560169e-02;7.659872e-02;3.177065e-02;6.982180e-02;7.323451e-02;1.229755e-01;1.525119e-01;5.961977e-02
5.275919e-02;2.367226e-01;7.392693e-02;4.615925e-02;3.872040e-02;5.268529e-02;4.523429e-02;6.547123e-02;7.046267e-02;1.012605e-01;1.355900e-01;8.100765e-02
4.526322e-02;2.477289e-01;1.371945e-01;5.722481e-02;4.422094e-02;3.040662e-02;5.615348e-02;4.896643e-02;5.925291e-02;8.068249e-02;1.106034e-01;8.230232e-02
7.583936e-02;1.309298e-01;1.815820e-01;8.517157e-02;3.707744e-02;2.414398e-02;5.174038e-02;5.666370e-02;5.043352e-02;8.376805e-02;1.103281e-01;1.123222e-01
9.439363e-02;5.271516e-02;1.480975e-01;1.203278e-01;1.810472e-02;3.454009e-02;7.021628e-02;8.411285e-02;4.975898e-02;8.685714e-02;1.136573e-01;1.272186e-01
7.867111e-02;4.173215e-02;1.016242e-01;1.187439e-01;1.962988e-02;3.316766e-02;1.305691e-01;9.799842e-02;3.964328e-02;9.232849e-02;1.277417e-01;1.181501e-01
6.806539e-02;6.593507e-02;1.132758e-01;5.789999e-02;4.431789e-02;1.636692e-02;1.757097e-01;6.442577e-02;4.170544e-02;9.999634e-02;1.516912e-01;1.006104e-01
7.248907e-02;7.984201e-02;1.352141e-01;3.852675e-02;8.225169e-02;2.832668e-02;1.415359e-01;6.116716e-02;3.467800e-02;8.918393e-02;1.359006e-01;1.008840e-01
1.444980e-01;8.549995e-02;2.395218e-01;5.144731e-02;7.160673e-02;3.497026e-02;9.034459e-02;5.014785e-02;3.065868e-02;5.890822e-02;7.816985e-02;6.422677e-02
1.968648e-01;1.068975e-01;3.222525e-01;3.775883e-02;5.543489e-02;3.022355e-02;7.535404e-02;2.946973e-02;3.418566e-02;3.517646e-02;3.909738e-02;3.728470e-02
2.021625e-01;1.508533e-01;3.760930e-01;2.638004e-02;3.413683e-02;3.668177e-02;4.351012e-02;1.934765e-02;5.434367e-02;2.129826e-02;1.895778e-02;1.623501e-02
2.154143e-01;1.775038e-01;3.490522e-01;1.858676e-02;2.236999e-02;3.949093e-02;4.412478e-02;1.985711e-02;6.221229e-02;2.248639e-02;1.514695e-02;1.375458e-02
2.697859e-01;1.803928e-01;2.596884e-01;1.067842e-02;3.798926e-02;2.217988e-02;7.057936e-02;3.587532e-02;3.811628e-02;2.657581e-02;2.733852e-02;2.080006e-02
3.047503e-01;1.745602e-01;2.104050e-01;7.592744e-03;5.636953e-02;1.350950e-02;8.231292e-02;4.522392e-02;2.029684e-02;2.031821e-02;3.625436e-02;2.840644e-02
2.747707e-01;1.557570e-01;2.451733e-01;1.474076e-02;5.927104e-02;1.012087e-02;6.931176e-02;4.150422e-02;3.096793e-02;2.972051e-02;3.401122e-02;3.465068e-02
2.524359e-01;1.423100e-01;2.643419e-01;1.703123e-02;5.889015e-02;2.263654e-02;4.639815e-02;3.855888e-02;3.698560e-02;4.105764e-02;3.775347e-02;4.160053e-02
2.182587e-01;1.328756e-01;3.153908e-01;1.804503e-02;5.032950e-02;4.005148e-02;3.751469e-02;2.536980e-02;3.385335e-02;3.949200e-02;4.683208e-02;4.198700e-02
1.619431e-01;1.196130e-01;2.595775e-01;2.066758e-02;4.605452e-02;5.646288e-02;5.018732e-02;2.540844e-02;4.431492e-02;6.846660e-02;9.363270e-02;5.367143e-02
5.801384e-02;8.076990e-02;2.318619e-01;2.464736e-02;6.964842e-02;4.709576e-02;8.763593e-02;3.405618e-02;4.515952e-02;1.218934e-01;1.446052e-01;5.461256e-02
2.864086e-02;6.585402e-02;3.114245e-01;2.995370e-02;6.607611e-02;3.306426e-02;8.951372e-02;3.423150e-02;4.963941e-02;1.173302e-01;1.249969e-01;4.927490e-02
1.132490e-01;1.131063e-01;2.378127e-01;4.673192e-02;3.956779e-02;4.612466e-02;7.577924e-02;5.175593e-02;6.301377e-02;9.741926e-02;7.774401e-02;3.769542e-02
1.486021e-01;1.160014e-01;1.912353e-01;7.012238e-02;5.234623e-02;5.169935e-02;7.091179e-02;7.138456e-02;4.835375e-02;8.500905e-02;6.292085e-02;3.141329e-02
1.075879e-01;7.325970e-02;1.820880e-01;7.677063e-02;9.017004e-02;6.431756e-02;4.698970e-02;1.035773e-01;5.386238e-02;9.635669e-02;4.402297e-02;6.099716e-02
5.904754e-02;6.862560e-02;1.592415e-01;1.069067e-01;7.145230e-02;7.684200e-02;4.317001e-02;9.074960e-02;7.231186e-02;1.159710e-01;4.607790e-02;8.960399e-02
6.690045e-02;1.043608e-01;1.634196e-01;1.192564e-01;7.695167e-02;6.136122e-02;4.274627e-02;5.612805e-02;6.851077e-02;1.081255e-01;3.941127e-02;9.282802e-02
1.256015e-01;1.402338e-01;1.293813e-01;1.149446e-01;7.121485e-02;3.607405e-02;6.046938e-02;4.784170e-02;8.090929e-02;8.543685e-02;3.003770e-02;7.785495e-02
1.390841e-01;1.161036e-01;1.249443e-01;1.047853e-01;7.963316e-02;2.515103e-02;8.308559e-02;6.511308e-02;7.559990e-02;8.130834e-02;2.918404e-02;7.600764e-02
1.176332e-01;6.888463e-02;1.093236e-01;8.231042e-02;1.109308e-01;5.420772e-02;7.240634e-02;7.554464e-02;7.637703e-02;9.718057e-02;2.648429e-02;1.087168e-01
9.042046e-02;5.159834e-02;7.299346e-02;1.086873e-01;8.732081e-02;7.161946e-02;7.947086e-02;8.251059e-02;1.062009e-01;1.101017e-01;3.250895e-02;1.065672e-01
1.393949e-01;6.328909e-02;4.737077e-02;1.145124e-01;9.540068e-02;5.366480e-02;8.809214e-02;7.570755e-02;9.088597e-02;8.429735e-02;3.701231e-02;1.103720e-01
1.303723e-01;1.010282e-01;8.147059e-02;8.339094e-02;1.124171e-01;5.594075e-02;8.178744e-02;6.021398e-02;8.621693e-02;7.616209e-02;3.098432e-02;1.000153e-01
1.241463e-01;1.174719e-01;1.152173e-01;4.966412e-02;1.189106e-01;4.998914e-02;5.744196e-02;6.766271e-02;9.024039e-02;8.624531e-02;4.331471e-02;7.969555e-02
1.344895e-01;1.035224e-01;9.596746e-02;6.831978e-02;9.664761e-02;3.419785e-02;6.600696e-02;8.061125e-02;9.410872e-02;1.199211e-01;3.767116e-02;6.853631e-02
9.406637e-02;7.919884e-02;6.226024e-02;6.244711e-02;9.854168e-02;6.420903e-02;9.580173e-02;9.961877e-02;1.131726e-01;1.104207e-01;4.292575e-02;7.733712e-02
1.317659e-01;6.174495e-02;7.524451e-02;3.705463e-02;8.360339e-02;9.182388e-02;8.231208e-02;8.609933e-02;9.787939e-02;8.541317e-02;4.907169e-02;1.179871e-01
1.908827e-01;5.525756e-02;9.876917e-02;5.236711e-02;8.197404e-02;1.045897e-01;7.730979e-02;6.702585e-02;1.023510e-01;5.787344e-02;5.061698e-02;6.098256e-02
1.750015e-01;7.772774e-02;1.247486e-01;7.199665e-02;7.956357e-02;9.696725e-02;6.362947e-02;6.713321e-02;8.796116e-02;4.429799e-02;3.417170e-02;7.680127e-02
1.210933e-01;9.884926e-02;1.551558e-01;7.667748e-02;5.067297e-02;7.888428e-02;8.120649e-02;8.554979e-02;7.724489e-02;4.030325e-02;2.423452e-02;1.101279e-01
1.543949e-01;7.923260e-02;1.987861e-01;7.641240e-02;7.870256e-02;5.455011e-02;6.970280e-02;4.695813e-02;6.190801e-02;3.826355e-02;3.542171e-02;1.056671e-01
1.829078e-01;6.733683e-02;2.226201e-01;6.591740e-02;6.782714e-02;4.548947e-02;8.411621e-02;3.549942e-02;8.804265e-02;2.968035e-02;3.760107e-02;7.296162e-02
1.751376e-01;1.678653e-01;2.287011e-01;4.636199e-02;4.939054e-02;3.924987e-02;7.797281e-02;3.419744e-02;7.051410e-02;2.360478e-02;3.729373e-02;4.971081e-02
2.263319e-01;2.429962e-01;2.051490e-01;2.754408e-02;3.222602e-02;2.806305e-02;5.492175e-02;3.600219e-02;5.300916e-02;1.969934e-02;3.311038e-02;4.094692e-02
2.929763e-01;2.605580e-01;1.535191e-01;2.942109e-02;2.231602e-02;2.243615e-02;5.195259e-02;4.158308e-02;3.957266e-02;2.248141e-02;2.545680e-02;3.772682e-02
2.228169e-01;2.304856e-01;1.450095e-01;4.725155e-02;2.819417e-02;3.420535e-02;8.417413e-02;3.481627e-02;4.757076e-02;2.745638e-02;2.950765e-02;6.851170e-02
1.249038e-01;1.561631e-01;2.155941e-01;3.530524e-02;4.499008e-02;9.159949e-02;8.782270e-02;1.817023e-02;6.085386e-02;3.224948e-02;7.659823e-02;5.574971e-02
1.308646e-01;8.011264e-02;2.450805e-01;3.913844e-02;5.120082e-02;1.611391e-01;6.030936e-02;1.549040e-02;4.450417e-02;4.455598e-02;1.031330e-01;2.447094e-02
1.001196e-01;9.222917e-02;1.691851e-01;9.532863e-02;7.849558e-02;1.833455e-01;5.019737e-02;4.111251e-02;2.075689e-02;6.708557e-02;8.716186e-02;1.498217e-02
5.361627e-02;1.777197e-01;5.665347e-02;1.272852e-01;1.339251e-01;1.512370e-01;4.167371e-02;6.698946e-02;1.985037e-02;9.425332e-02;5.088327e-02;2.591321e-02
1.594872e-02;2.195857e-01;2.745590e-02;1.103029e-01;1.770005e-01;1.282672e-01;2.972657e-02;7.794102e-02;3.632763e-02;1.113743e-01;3.995960e-02;2.610994e-02
2.838800e-02;1.670308e-01;5.992926e-02;1.226118e-01;1.821369e-01;1.238257e-01;3.813398e-02;6.673153e-02;3.969676e-02;9.267607e-02;5.237939e-02;2.645982e-02
7.702266e-02;7.978959e-02;1.007735e-01;1.075130e-01;1.582763e-01;1.741837e-01;4.466646e-02;4.600560e-02;3.166995e-02;6.270421e-02;9.082792e-02;2.656718e-02
1.066058e-01;4.965172e-02;1.743309e-01;7.342523e-02;1.038970e-01;1.779723e-01;7.318693e-02;3.069404e-02;4.003186e-02;4.079916e-02;9.521519e-02;3.418985e-02
8.378632e-02;8.647730e-02;1.837766e-01;7.057510e-02;6.307439e-02;1.246854e-01;1.218696e-01;4.365163e-02;4.594046e-02;3.717689e-02;6.524019e-02;7.374603e-02
9.580001e-02;1.796002e-01;1.139996e-01;7.752965e-02;3.990344e-02;4.003488e-02;1.523383e-01;5.052703e-02;2.559356e-02;4.648512e-02;5.430697e-02;1.238812e-01
1.577634e-01;1.893090e-01;1.091666e-01;6.004961e-02;4.800250e-02;4.722980e-02;9.482417e-02;3.460489e-02;2.258741e-02;6.328678e-02;6.053912e-02;1.126367e-01
1.935018e-01;1.536527e-01;1.439327e-01;5.462921e-02;8.046499e-02;6.374732e-02;4.005117e-02;3.195702e-02;3.477567e-02;7.367004e-02;5.399977e-02;7.561750e-02
9.427837e-02;1.152659e-01;1.647751e-01;9.304671e-02;1.296074e-01;7.666164e-02;9.445568e-02;2.904534e-02;2.583596e-02;7.233962e-02;5.180292e-02;5.288527e-02
1.048662e-01;1.089537e-01;1.643350e-01;9.734456e-02;1.089565e-01;8.135699e-02;1.144134e-01;4.663579e-02;2.814955e-02;4.726347e-02;5.703903e-02;4.068576e-02
1.399538e-01;1.136809e-01;1.512856e-01;6.736478e-02;9.833296e-02;5.904469e-02;1.181131e-01;6.508575e-02;2.762326e-02;4.843924e-02;6.536406e-02;4.571187e-02
1.984019e-01;1.139402e-01;9.103887e-02;8.024775e-02;1.122413e-01;5.535517e-02;7.878271e-02;6.504706e-02;3.127093e-02;6.224792e-02;4.840168e-02;6.302443e-02
1.401916e-01;1.498463e-01;1.022407e-01;7.271226e-02;7.534061e-02;1.067738e-01;9.267941e-02;4.371749e-02;3.545578e-02;4.122986e-02;6.545081e-02;7.436146e-02
4.111316e-02;1.303330e-01;5.834378e-02;8.071817e-02;1.031727e-01;1.547097e-01;1.726260e-01;5.358576e-02;3.367528e-02;3.617104e-02;5.587469e-02;7.967670e-02
7.089818e-02;9.278610e-02;6.657826e-02;8.544028e-02;1.171549e-01;1.219790e-01;1.320878e-01;6.511667e-02;3.213631e-02;6.112640e-02;6.601418e-02;8.868197e-02
7.340470e-02;5.824743e-02;1.022376e-01;7.781642e-02;7.498395e-02;9.664822e-02;8.261506e-02;7.532337e-02;7.343071e-02;1.054941e-01;8.012565e-02;9.967278e-02
6.636781e-02;3.866041e-02;9.343974e-02;1.042621e-01;5.038540e-02;1.014813e-01;9.581093e-02;9.279192e-02;8.174966e-02;1.161314e-01;6.583238e-02;9.308699e-02
6.301328e-02;3.583589e-02;8.259124e-02;1.388519e-01;3.813223e-02;9.328809e-02;1.051067e-01;9.905560e-02;8.558605e-02;1.250663e-01;5.374414e-02;7.972857e-02
5.877271e-02;4.072715e-02;8.769681e-02;1.636370e-01;3.234243e-02;6.493694e-02;1.141408e-01;1.011726e-01;1.067539e-01;1.516638e-01;3.022863e-02;4.792740e-02
3.310495e-02;5.293177e-02;1.127885e-01;1.153427e-01;4.946389e-02;6.257423e-02;9.597109e-02;9.558380e-02;1.406404e-01;1.585686e-01;3.398708e-02;4.904304e-02
4.568888e-02;6.384391e-02;1.602805e-01;9.289946e-02;7.269408e-02;5.792008e-02;1.046434e-01;1.103083e-01;1.167473e-01;1.093982e-01;2.348617e-02;4.208979e-02
6.004435e-02;6.261845e-02;3.019170e-01;7.355846e-02;7.873382e-02;7.110638e-02;6.309053e-02;9.878134e-02;4.919619e-02;7.011852e-02;2.846117e-02;4.237376e-02
4.687393e-02;4.036025e-02;4.945326e-01;5.385752e-02;7.379583e-02;5.936534e-02;1.099316e-01;3.556907e-02;1.640098e-02;3.170857e-02;2.010387e-02;1.750037e-02
4.279605e-02;4.752137e-02;4.955810e-01;4.925317e-02;7.085402e-02;5.411300e-02;1.319351e-01;3.648566e-02;2.295043e-02;1.680678e-02;1.802205e-02;1.368130e-02
5.762831e-02;7.370646e-02;4.925220e-01;4.326378e-02;5.856938e-02;4.919902e-02;1.109522e-01;3.724870e-02;2.923262e-02;1.400812e-02;1.689271e-02;1.677668e-02
9.816034e-02;1.186638e-01;4.869642e-01;3.095688e-02;3.349951e-02;3.241719e-02;8.702935e-02;3.028891e-02;3.354269e-02;1.038980e-02;2.182790e-02;1.625937e-02
1.525619e-01;1.664086e-01;4.286786e-01;1.691895e-02;2.206539e-02;1.661679e-02;7.118216e-02;2.069654e-02;3.450556e-02;1.854937e-02;3.466633e-02;1.714985e-02
1.094000e-01;1.684488e-01;3.430058e-01;2.151109e-02;3.823537e-02;1.354835e-02;7.356855e-02;4.249653e-02;5.399521e-02;3.962318e-02;6.106705e-02;3.510000e-02
1.737170e-01;1.627053e-01;2.486173e-01;2.524557e-02;5.147458e-02;1.761368e-02;5.745608e-02;7.092163e-02;5.809866e-02;4.167102e-02;5.580590e-02;3.667323e-02
2.753267e-01;1.894895e-01;1.674550e-01;1.561115e-02;6.714792e-02;1.530348e-02;3.477765e-02;8.830435e-02;4.821074e-02;2.601227e-02;4.593979e-02;2.642136e-02
3.889005e-01;1.922399e-01;8.426061e-02;2.432091e-02;8.398875e-02;7.355712e-03;2.278425e-02;9.412282e-02;3.387489e-02;9.762518e-03;3.524587e-02;2.314331e-02
4.808982e-01;1.453098e-01;5.683912e-02;4.036822e-02;6.834310e-02;2.863183e-03;2.194112e-02;9.891096e-02;1.478817e-02;4.986726e-03;2.107028e-02;4.368113e-02
5.160148e-01;9.310659e-02;5.287443e-02;2.734111e-02;3.397477e-02;4.474478e-03;3.767888e-02;1.003037e-01;1.452724e-02;9.311539e-03;1.618362e-02;9.420878e-02
4.797326e-01;4.751043e-02;4.459785e-02;2.281171e-02;1.490397e-02;8.334110e-03;5.703187e-02;8.466475e-02;1.728173e-02;2.093000e-02;1.680676e-02;1.853942e-01
3.770687e-01;4.370032e-02;4.405441e-02;5.224418e-02;4.602629e-03;1.171271e-02;6.824005e-02;6.056358e-02;2.096504e-02;3.468972e-02;2.323421e-02;2.589244e-01
2.910344e-01;4.584620e-02;4.931080e-02;8.153921e-02;1.550726e-02;1.937168e-02;6.640632e-02;5.423271e-02;1.475830e-02;4.439675e-02;5.020049e-02;2.673959e-01
1.677412e-01;7.850018e-02;7.744136e-02;9.636874e-02;2.813911e-02;3.348086e-02;4.663012e-02;6.621781e-02;2.738419e-02;6.361028e-02;1.165747e-01;1.979115e-01
1.650891e-01;1.304614e-01;8.761126e-02;6.979075e-02;3.762234e-02;4.240623e-02;3.931802e-02;7.939457e-02;4.386515e-02;1.046018e-01;1.315085e-01;6.833084e-02
1.552547e-01;1.481529e-01;7.163443e-02;5.644653e-02;6.274318e-02;2.947396e-02;3.360496e-02;7.367145e-02;4.635101e-02;1.225013e-01;8.821444e-02;1.119511e-01
1.219793e-01;1.348962e-01;5.281859e-02;7.458055e-02;9.636561e-02;1.670769e-02;5.083434e-02;5.917140e-02;5.462512e-02;1.447076e-01;8.980398e-02;1.035096e-01
1.508705e-01;1.134445e-01;4.541954e-02;6.506274e-02;1.038438e-01;1.337155e-02;6.504965e-02;7.163061e-02;6.886100e-02;1.377768e-01;8.653103e-02;7.813820e-02
1.380031e-01;8.548690e-02;7.677253e-02;3.325881e-02;8.111171e-02;1.083089e-02;6.829152e-02;1.066381e-01;8.213370e-02;1.223862e-01;1.064203e-01;8.866634e-02
8.104975e-02;7.450370e-02;7.937720e-02;4.166697e-02;8.964477e-02;3.598409e-02;6.406820e-02;1.044475e-01;7.184789e-02;1.426761e-01;1.235499e-01;9.118389e-02
8.583523e-02;8.186043e-02;1.074589e-01;4.243121e-02;7.778230e-02;8.347319e-02;5.886852e-02;5.907251e-02;5.527810e-02;1.157733e-01;1.109535e-01;1.212128e-01
1.637618e-01;6.524654e-02;1.267063e-01;4.949879e-02;5.496573e-02;8.020400e-02;7.141078e-02;2.876830e-02;5.454120e-02;9.062196e-02;7.617143e-02;1.381031e-01
2.590386e-01;5.552298e-02;1.573039e-01;4.425163e-02;3.449441e-02;6.619611e-02;6.302106e-02;3.455480e-02;3.511426e-02;7.718050e-02;5.160322e-02;1.217186e-01
3.270187e-01;7.657179e-02;1.850709e-01;3.544337e-02;1.893700e-02;5.236507e-02;5.378918e-02;4.218297e-02;2.167659e-02;5.600123e-02;2.937755e-02;1.015656e-01
3.081998e-01;9.326035e-02;1.870106e-01;5.950586e-02;4.157102e-02;4.137776e-02;5.423604e-02;4.735662e-02;1.784831e-02;3.333386e-02;1.865287e-02;9.764695e-02
2.299315e-01;8.829823e-02;1.794570e-01;5.625970e-02;8.657255e-02;4.197408e-02;5.427790e-02;6.820712e-02;2.930465e-02;2.458221e-02;4.673609e-02;9.439893e-02
1.043129e-01;8.551217e-02;1.789756e-01;3.268982e-02;1.370465e-01;4.713692e-02;7.690351e-02;1.093261e-01;4.403720e-02;2.738954e-02;6.382386e-02;9.284586e-02
9.160944e-02;1.141479e-01;9.682972e-02;8.734013e-02;1.111835e-01;2.705459e-02;1.271102e-01;1.233732e-01;2.528360e-02;2.056546e-02;4.718017e-02;1.283221e-01
9.436990e-02;1.471054e-01;4.040422e-02;1.821267e-01;4.278016e-02;1.632751e-02;1.640078e-01;8.412883e-02;7.078862e-03;3.012324e-02;2.942218e-02;1.621253e-01
1.107571e-01;1.873151e-01;3.482036e-02;2.030081e-01;1.225204e-02;1.037671e-02;1.543203e-01;4.923709e-02;7.797939e-03;4.471524e-02;2.680477e-02;1.585952e-01
1.399512e-01;2.231880e-01;5.994920e-02;1.437098e-01;1.907710e-02;1.685592e-02;1.118075e-01;3.932102e-02;1.162242e-02;5.817885e-02;3.707078e-02;1.392682e-01
1.083191e-01;2.144238e-01;9.735271e-02;8.895174e-02;3.757635e-02;2.962355e-02;1.029889e-01;2.944059e-02;2.410189e-02;6.745499e-02;5.679690e-02;1.429695e-01
6.962059e-02;1.505154e-01;1.843464e-01;7.053642e-02;3.729206e-02;3.586699e-02;1.389663e-01;2.175604e-02;2.751419e-02;6.509116e-02;6.760033e-02;1.308941e-01
1.279961e-01;1.002181e-01;1.547532e-01;8.380058e-02;2.985124e-02;3.161594e-02;1.589549e-01;2.879298e-02;2.997728e-02;7.320563e-02;8.181431e-02;9.901974e-02
9.989924e-02;1.047856e-01;7.041907e-02;9.560370e-02;5.551134e-02;3.192855e-02;1.628011e-01;5.577522e-02;3.257296e-02;1.061424e-01;1.089725e-01;7.558816e-02
9.703734e-02;9.015259e-02;1.384155e-01;8.042156e-02;6.973912e-02;3.324209e-02;1.541383e-01;4.727587e-02;4.847669e-02;8.910506e-02;7.588991e-02;7.610605e-02
8.734323e-02;8.289038e-02;1.638181e-01;1.114119e-01;5.289922e-02;3.886990e-02;1.619081e-01;4.072506e-02;4.139343e-02;6.900446e-02;5.156619e-02;9.817004e-02
7.890502e-02;9.675138e-02;1.189635e-01;1.013267e-01;3.763064e-02;6.027790e-02;1.422723e-01;9.599441e-02;7.532444e-02;8.450072e-02;4.007780e-02;6.797523e-02
8.031257e-02;7.764915e-02;1.387165e-01;9.883507e-02;3.642131e-02;6.782861e-02;1.752111e-01;1.068105e-01;8.398592e-02;7.032108e-02;3.353945e-02;3.036864e-02
7.383096e-02;7.498020e-02;2.152618e-01;1.066290e-01;4.623754e-02;5.846449e-02;1.664126e-01;7.911121e-02;7.472807e-02;5.598037e-02;2.669411e-02;2.166957e-02
6.119192e-02;6.882676e-02;3.436625e-01;8.147489e-02;9.167479e-02;4.498836e-02;1.430975e-01;3.460176e-02;5.971096e-02;3.566946e-02;1.870307e-02;1.639803e-02
7.232440e-02;8.433682e-02;3.766845e-01;6.272628e-02;1.017579e-01;4.883163e-02;1.188658e-01;3.099988e-02;4.404327e-02;2.838082e-02;1.832071e-02;1.272793e-02
1.365365e-01;1.078834e-01;3.234014e-01;5.258422e-02;1.070550e-01;3.958953e-02;7.919943e-02;3.393006e-02;4.871483e-02;2.485691e-02;2.864151e-02;1.760721e-02
2.278035e-01;1.121463e-01;2.230527e-01;2.573261e-02;1.243932e-01;2.566298e-02;4.992882e-02;5.092344e-02;4.992366e-02;2.647156e-02;4.892283e-02;3.503836e-02
2.033256e-01;9.541423e-02;2.132456e-01;3.658487e-02;7.205033e-02;3.440441e-02;5.405306e-02;4.965008e-02;7.067851e-02;4.843551e-02;6.851579e-02;5.364203e-02
9.925544e-02;8.741365e-02;1.491697e-01;6.111125e-02;7.247987e-02;5.540292e-02;6.788812e-02;5.467135e-02;8.879512e-02;9.746236e-02;1.067302e-01;5.962002e-02
5.784303e-02;5.749224e-02;8.406442e-02;4.657768e-02;1.697556e-01;7.127281e-02;6.832270e-02;8.514398e-02;7.383911e-02;1.311603e-01;1.111041e-01;4.342405e-02
5.782439e-02;4.894724e-02;9.417123e-02;6.922566e-02;1.804198e-01;4.876886e-02;7.274695e-02;1.354732e-01;7.382084e-02;1.126682e-01;6.682041e-02;3.911326e-02
5.870679e-02;3.218111e-02;1.095235e-01;1.396300e-01;1.065576e-01;2.652781e-02;8.327586e-02;1.892378e-01;6.205442e-02;9.875330e-02;3.834347e-02;5.520844e-02
8.006473e-02;3.473134e-02;1.312403e-01;1.406286e-01;6.594271e-02;3.228775e-02;4.406762e-02;2.129599e-01;8.834678e-02;6.240734e-02;4.059342e-02;6.672951e-02
8.467362e-02;7.276285e-02;6.473044e-02;9.927603e-02;5.100103e-02;4.265207e-02;4.532371e-02;1.969139e-01;1.661530e-01;7.486096e-02;4.321827e-02;5.843413e-02
4.113253e-02;6.072753e-02;8.723474e-02;1.234456e-01;6.145846e-02;3.649003e-02;3.618569e-02;2.594310e-01;1.190287e-01;1.264312e-01;1.964442e-02;2.879016e-02
2.982930e-02;2.713414e-02;9.724850e-02;9.569272e-02;9.562308e-02;3.403306e-02;5.002239e-02;3.329282e-01;9.792036e-02;1.114236e-01;1.146416e-02;1.668060e-02
2.904900e-02;2.062174e-02;5.583550e-02;8.546335e-02;1.255113e-01;8.327240e-02;6.544297e-02;2.869549e-01;1.269047e-01;7.137423e-02;3.043540e-02;1.913451e-02
3.725769e-02;4.430211e-02;9.377143e-02;1.051637e-01;9.814811e-02;1.044518e-01;6.930055e-02;1.986731e-01;1.183507e-01;5.618097e-02;4.621144e-02;2.818840e-02
3.009221e-02;4.480520e-02;2.372890e-01;8.149499e-02;9.740186e-02;7.062935e-02;9.758754e-02;1.273731e-01;1.098835e-01;5.095684e-02;3.292455e-02;1.956180e-02
5.161003e-02;5.629017e-02;3.963027e-01;4.543626e-02;7.965977e-02;3.577307e-02;1.222982e-01;5.022220e-02;7.099663e-02;5.535026e-02;2.175519e-02;1.430558e-02
9.252295e-02;7.893480e-02;4.441981e-01;3.233791e-02;5.613036e-02;2.637047e-02;1.066508e-01;2.844294e-02;4.806828e-02;5.209361e-02;1.849685e-02;1.575286e-02
1.613059e-01;1.072072e-01;4.242180e-01;2.412902e-02;3.995058e-02;1.473383e-02;7.673789e-02;3.594756e-02;3.739701e-02;4.164052e-02;1.595044e-02;2.078209e-02
1.986119e-01;1.188527e-01;3.526665e-01;2.916390e-02;5.080615e-02;1.576007e-02;4.293317e-02;4.853797e-02;2.621947e-02;3.497160e-02;3.701197e-02;4.446463e-02
1.585330e-01;1.214917e-01;2.405891e-01;6.123037e-02;3.963774e-02;1.920937e-02;3.149676e-02;4.163401e-02;3.387271e-02;6.073583e-02;9.776457e-02;9.380481e-02
1.337519e-01;1.128720e-01;1.504898e-01;7.779820e-02;4.913574e-02;2.240510e-02;3.550900e-02;3.210820e-02;5.243294e-02;8.616746e-02;1.255918e-01;1.217379e-01
1.251784e-01;1.040247e-01;1.390502e-01;7.769274e-02;6.196912e-02;2.168806e-02;5.857345e-02;3.812616e-02;4.762732e-02;9.226405e-02;1.174749e-01;1.163309e-01
9.511287e-02;8.508412e-02;1.416761e-01;7.387415e-02;9.404652e-02;3.891997e-02;9.964900e-02;7.931308e-02;6.532849e-02;8.145431e-02;6.928530e-02;7.625606e-02
1.134311e-01;6.029993e-02;1.401604e-01;7.238366e-02;8.495648e-02;5.154638e-02;1.067348e-01;9.516626e-02;8.366353e-02;7.518888e-02;5.945628e-02;5.701226e-02
1.559960e-01;9.795826e-02;1.327411e-01;6.362081e-02;5.964694e-02;5.166513e-02;7.801378e-02;5.158440e-02;6.342984e-02;5.637210e-02;8.324430e-02;1.057273e-01
1.569682e-01;6.889991e-02;7.789381e-02;4.401838e-02;6.708799e-02;7.329166e-02;1.071829e-01;7.487530e-02;7.282686e-02;6.650738e-02;8.798629e-02;1.024614e-01
1.023911e-01;8.187801e-02;6.990722e-02;4.067848e-02;6.415273e-02;6.913474e-02;1.180706e-01;9.224256e-02;1.070923e-01;8.446389e-02;9.165235e-02;7.833590e-02
7.447267e-02;9.828029e-02;7.809994e-02;6.324925e-02;6.573266e-02;5.782504e-02;9.628468e-02;9.305712e-02;1.041653e-01;7.336857e-02;1.082184e-01;8.724608e-02
8.161939e-02;1.273198e-01;7.352237e-02;7.652228e-02;6.108029e-02;5.180544e-02;7.176150e-02;8.056573e-02;9.313693e-02;5.019405e-02;1.112356e-01;1.212366e-01
6.126614e-02;1.324515e-01;2.671972e-01;5.598995e-02;3.840078e-02;4.886740e-02;8.280062e-02;3.558667e-02;5.729316e-02;7.056236e-02;3.553256e-02;1.140516e-01
1.118887e-01;1.215925e-01;3.452798e-01;2.456379e-02;3.731335e-02;3.054320e-02;7.534838e-02;4.378488e-02;7.719429e-02;6.014337e-02;2.287868e-02;4.946909e-02
1.809127e-01;1.427984e-01;2.816315e-01;2.071765e-02;3.801864e-02;1.770040e-02;6.108210e-02;6.607895e-02;8.521601e-02;3.847776e-02;3.799574e-02;2.937007e-02
2.319963e-01;1.387286e-01;1.913068e-01;2.372787e-02;4.753146e-02;1.131288e-02;4.990449e-02;7.814921e-02;5.861170e-02;3.604836e-02;5.182678e-02;8.085550e-02
1.543021e-01;1.065140e-01;2.014365e-01;3.763930e-02;4.755760e-02;3.295331e-02;6.150302e-02;5.041555e-02;2.518350e-02;8.013018e-02;1.124559e-01;8.990890e-02
6.597167e-02;7.702138e-02;2.190499e-01;3.549862e-02;6.774095e-02;6.734855e-02;7.321516e-02;2.671854e-02;4.272236e-02;1.047734e-01;1.568033e-01;6.313615e-02
6.701985e-02;4.868427e-02;1.423455e-01;2.931742e-02;1.395851e-01;6.220865e-02;8.772728e-02;3.291978e-02;5.657909e-02;9.817708e-02;1.564751e-01;7.896087e-02
9.183018e-02;5.506358e-02;1.208911e-01;4.640072e-02;1.313930e-01;3.538020e-02;1.237023e-01;2.461552e-02;2.272233e-02;8.528459e-02;1.433534e-01;1.193630e-01
1.074628e-01;5.625523e-02;8.014835e-02;6.501666e-02;6.539239e-02;2.493940e-02;1.538223e-01;2.298708e-02;2.484704e-02;9.111230e-02;1.633911e-01;1.446254e-01
7.022711e-02;4.630496e-02;1.062083e-01;4.875317e-02;7.342836e-02;3.815023e-02;1.352422e-01;3.160744e-02;5.229994e-02;9.176037e-02;1.779584e-01;1.280596e-01
5.678629e-02;5.590738e-02;1.082926e-01;4.953375e-02;8.149983e-02;5.426626e-02;1.003155e-01;3.389111e-02;7.519829e-02;9.388790e-02;1.837231e-01;1.066980e-01
6.973959e-02;6.508575e-02;2.257233e-01;7.826176e-02;5.570913e-02;5.183297e-02;1.251445e-01;3.585765e-02;5.043112e-02;6.184533e-02;1.078532e-01;7.251570e-02
6.901603e-02;5.061649e-02;2.559401e-01;7.980131e-02;7.071324e-02;5.378719e-02;1.275019e-01;5.478451e-02;3.400504e-02;5.556200e-02;8.915542e-02;5.911675e-02
5.480324e-02;4.065636e-02;1.865978e-01;5.694947e-02;8.698272e-02;4.942415e-02;1.226737e-01;1.090795e-01;5.049168e-02;5.613067e-02;1.151215e-01;7.108924e-02
3.877897e-02;1.733895e-02;1.437556e-01;3.114836e-02;1.066758e-01;3.672614e-02;9.297394e-02;1.342778e-01;9.329537e-02;6.802860e-02;1.491701e-01;8.783031e-02
3.806763e-02;2.738921e-02;1.677739e-01;3.123605e-02;1.399241e-01;3.106906e-02;7.932138e-02;1.036652e-01;9.612187e-02;6.526681e-02;1.291859e-01;9.097885e-02
6.966835e-02;8.465970e-02;9.697179e-02;4.733414e-02;1.385893e-01;4.495979e-02;9.698964e-02;9.628452e-02;5.855488e-02;5.312616e-02;9.707786e-02;1.157839e-01
8.968785e-02;1.456879e-01;1.425240e-01;1.062409e-01;7.256495e-02;4.302581e-02;1.189779e-01;4.812579e-02;1.836079e-02;4.160776e-02;5.072794e-02;1.224684e-01
1.253224e-01;1.836605e-01;1.042086e-01;1.520250e-01;3.182813e-02;2.779165e-02;1.136287e-01;1.725466e-02;1.071625e-02;4.118269e-02;4.084046e-02;1.515410e-01
1.821599e-01;1.705575e-01;4.865538e-02;1.364199e-01;1.911840e-02;1.661076e-02;8.401445e-02;1.362447e-02;2.019642e-02;6.040810e-02;5.857885e-02;1.896559e-01
