7.610632e-02;1.328896e-01;1.238203e-01;7.051978e-02;7.657907e-02;1.792594e-01;1.908725e-02;9.480766e-02;6.036569e-02;5.510302e-02;5.164856e-02;5.981335e-02
7.328645e-02;1.032787e-01;1.060925e-01;5.743819e-02;7.957436e-02;1.995266e-01;3.445152e-02;8.543558e-02;5.277378e-02;4.526616e-02;9.538119e-02;6.749494e-02
5.535703e-02;7.013975e-02;1.087517e-01;3.449711e-02;6.077293e-02;2.573510e-01;4.066799e-02;5.374189e-02;4.182935e-02;4.136525e-02;1.790250e-01;5.650105e-02
3.113398e-02;5.302957e-02;1.200973e-01;2.366935e-02;2.998389e-02;2.946022e-01;4.355114e-02;2.964558e-02;6.764342e-02;5.483941e-02;2.270600e-01;2.474425e-02
2.487854e-02;4.458195e-02;1.017306e-01;3.367872e-02;4.982542e-02;2.583885e-01;2.821435e-02;5.497986e-02;9.497224e-02;6.832997e-02;1.942394e-01;4.618057e-02
4.487358e-02;2.747365e-02;9.279145e-02;7.431147e-02;4.128439e-02;2.248206e-01;2.812208e-02;6.026380e-02;1.077149e-01;7.331025e-02;1.452834e-01;7.975046e-02
5.639937e-02;3.607344e-02;7.981227e-02;1.136231e-01;3.718893e-02;1.886629e-01;3.795806e-02;1.085930e-01;1.432129e-01;6.909819e-02;5.798218e-02;7.139555e-02
4.205810e-02;4.319124e-02;5.748766e-02;8.696295e-02;3.541485e-02;1.601151e-01;2.502525e-02;1.480407e-01;2.196202e-01;6.651182e-02;6.974851e-02;4.582373e-02
2.403001e-02;5.112616e-02;6.781895e-02;3.651943e-02;5.440487e-02;1.709269e-01;2.934329e-02;1.331724e-01;2.109956e-01;8.463919e-02;9.448992e-02;4.253333e-02
2.511163e-02;4.126880e-02;4.817319e-02;4.265461e-02;7.296872e-02;1.540463e-01;2.331303e-02;1.444951e-01;2.344666e-01;9.332364e-02;7.999881e-02;4.017957e-02
3.652252e-02;2.504922e-02;5.298561e-02;5.323621e-02;6.726222e-02;1.265356e-01;3.364895e-02;1.394436e-01;2.308359e-01;8.820527e-02;8.436696e-02;6.190792e-02
6.108960e-02;4.160770e-02;5.461118e-02;6.241631e-02;8.240695e-02;1.228762e-01;5.629480e-02;1.300428e-01;1.535895e-01;8.641747e-02;6.870351e-02;7.994404e-02
6.680807e-02;4.350875e-02;4.480257e-02;7.278965e-02;8.177201e-02;1.447193e-01;7.783908e-02;1.131280e-01;1.208245e-01;8.300059e-02;7.207457e-02;7.873286e-02
5.535469e-02;5.578259e-02;8.702344e-02;4.592855e-02;4.945221e-02;1.690321e-01;1.547687e-01;8.109790e-02;9.548422e-02;5.908676e-02;9.099098e-02;5.599782e-02
2.734165e-02;4.332387e-02;1.066513e-01;3.045625e-02;3.582457e-02;1.445753e-01;2.969720e-01;9.091131e-02;7.539652e-02;2.654894e-02;8.608934e-02;3.590880e-02
1.296517e-02;2.143726e-02;6.636353e-02;1.916150e-02;4.202585e-02;1.063402e-01;3.929056e-01;1.486109e-01;5.401091e-02;1.933012e-02;4.208869e-02;7.476022e-02
1.623906e-02;1.549938e-02;4.927057e-02;1.854835e-02;3.597175e-02;8.661721e-02;3.807935e-01;1.578011e-01;4.320639e-02;1.636558e-02;5.470120e-02;1.249859e-01
2.200275e-02;1.902054e-02;6.289504e-02;1.089471e-02;3.818535e-02;9.814126e-02;3.199508e-01;1.074615e-01;4.824788e-02;1.724705e-02;6.847328e-02;1.874799e-01
3.079666e-02;2.693248e-02;4.205755e-02;4.449080e-02;3.804738e-02;1.081997e-01;2.391640e-01;5.583708e-02;5.301789e-02;2.514196e-02;8.535179e-02;2.509627e-01
3.640392e-02;4.567069e-02;2.827354e-02;1.164278e-01;2.550524e-02;6.885253e-02;2.148510e-01;5.563024e-02;3.733998e-02;3.446682e-02;5.620621e-02;2.803721e-01
3.613450e-02;4.562753e-02;2.568382e-02;1.803688e-01;1.609185e-02;3.262512e-02;2.305683e-01;3.509577e-02;2.074880e-02;2.966656e-02;4.338662e-02;3.040024e-01
4.634085e-02;3.724651e-02;1.794119e-02;2.233761e-01;1.352021e-02;2.666828e-02;2.315892e-01;2.100382e-02;1.774132e-02;5.524539e-02;4.451526e-02;2.648119e-01
3.746382e-02;3.986187e-02;2.892372e-02;2.293433e-01;1.740768e-02;2.709995e-02;2.157876e-01;4.505828e-02;2.338494e-02;8.575910e-02;4.346521e-02;2.064446e-01
3.266535e-02;3.500659e-02;4.299628e-02;2.148266e-01;1.901082e-02;3.385080e-02;1.776913e-01;5.227202e-02;4.163896e-02;9.185254e-02;3.077949e-02;2.274092e-01
6.528268e-02;3.670547e-02;5.059823e-02;1.926876e-01;4.005497e-02;4.504480e-02;1.102589e-01;8.424171e-02;5.167733e-02;9.093824e-02;4.705334e-02;1.854567e-01
1.611635e-01;4.661072e-02;5.761657e-02;1.334765e-01;8.172347e-02;5.951867e-02;7.670615e-02;1.512851e-01;4.236325e-02;6.922320e-02;3.585865e-02;8.445426e-02
2.561435e-01;4.949338e-02;5.510608e-02;5.684270e-02;1.135399e-01;3.901903e-02;5.459381e-02;1.900050e-01;2.376204e-02;3.481042e-02;5.110524e-02;7.557882e-02
2.739971e-01;6.876943e-02;4.568424e-02;2.735093e-02;1.177320e-01;3.048469e-02;5.523905e-02;2.028659e-01;3.299948e-02;2.905975e-02;7.415747e-02;4.165997e-02
2.015880e-01;1.010743e-01;6.390097e-02;3.947466e-02;7.010009e-02;4.813677e-02;1.140376e-01;1.815402e-01;4.317180e-02;2.515239e-02;6.848950e-02;4.333389e-02
1.261339e-01;1.082030e-01;7.471452e-02;5.676234e-02;3.287845e-02;8.931199e-02;1.451321e-01;1.325225e-01;5.595899e-02;2.709796e-02;5.461681e-02;9.666739e-02
8.658514e-02;8.241688e-02;6.458143e-02;8.746567e-02;4.480517e-02;1.065954e-01;1.300640e-01;7.298351e-02;5.458560e-02;5.344018e-02;4.761608e-02;1.688609e-01
8.114461e-02;5.677551e-02;5.392640e-02;6.145789e-02;5.082042e-02;6.839300e-02;9.462533e-02;8.343901e-02;4.836814e-02;1.044711e-01;6.741492e-02;2.291637e-01
5.500533e-02;5.966375e-02;3.841654e-02;7.593441e-02;6.499711e-02;5.890215e-02;1.056828e-01;1.216337e-01;5.927075e-02;1.034827e-01;6.254932e-02;1.944614e-01
6.763147e-02;5.645866e-02;3.456345e-02;7.025582e-02;7.605850e-02;7.304879e-02;1.560970e-01;1.319470e-01;5.581180e-02;7.868834e-02;3.659631e-02;1.628429e-01
1.008134e-01;6.232772e-02;4.263104e-02;5.411142e-02;5.650350e-02;3.767946e-02;1.604624e-01;9.248330e-02;4.982378e-02;5.964107e-02;6.160278e-02;2.219201e-01
9.195711e-02;7.922675e-02;6.302913e-02;8.816431e-02;4.735203e-02;6.139582e-02;1.559440e-01;6.482934e-02;4.396075e-02;5.546351e-02;5.552458e-02;1.931527e-01
8.355082e-02;9.125613e-02;9.030014e-02;8.499383e-02;5.090423e-02;6.981546e-02;1.737508e-01;8.047564e-02;5.455450e-02;5.965056e-02;1.454318e-02;1.462047e-01
8.610551e-02;8.142150e-02;7.940437e-02;6.862289e-02;5.962133e-02;4.741293e-02;1.917872e-01;9.503108e-02;6.141526e-02;5.416659e-02;5.200789e-02;1.230035e-01
8.008403e-02;8.826735e-02;6.291464e-02;1.125083e-01;6.865048e-02;6.976956e-02;1.844388e-01;1.285898e-01;7.721847e-02;4.492303e-02;2.579117e-02;5.684431e-02
7.579444e-02;6.191555e-02;6.312679e-02;1.497415e-01;6.221851e-02;7.210354e-02;1.446612e-01;1.350880e-01;7.499601e-02;3.583695e-02;5.501247e-02;6.950493e-02
7.887834e-02;6.088411e-02;8.082948e-02;2.068912e-01;6.320275e-02;7.261807e-02;9.479600e-02;1.065649e-01;6.633444e-02;3.845134e-02;6.369268e-02;6.685662e-02
9.211244e-02;6.436705e-02;6.170381e-02;1.898850e-01;4.147772e-02;6.261466e-02;8.749363e-02;1.351760e-01;4.914774e-02;5.217025e-02;3.897855e-02;1.248732e-01
1.014536e-01;5.111364e-02;2.721335e-02;1.476425e-01;4.793020e-02;6.276082e-02;5.855744e-02;1.254965e-01;3.709397e-02;6.168328e-02;6.201445e-02;2.170403e-01
1.176953e-01;6.184702e-02;5.331880e-02;1.190645e-01;5.313428e-02;8.290324e-02;4.756243e-02;1.304625e-01;3.824608e-02;5.401911e-02;7.841176e-02;1.633351e-01
1.213241e-01;7.033578e-02;7.806310e-02;8.331822e-02;4.218924e-02;9.756584e-02;1.350079e-01;1.442340e-01;4.995160e-02;4.626244e-02;4.746713e-02;8.428076e-02
9.957476e-02;4.053807e-02;5.525400e-02;5.833663e-02;5.460480e-02;8.766028e-02;1.692262e-01;1.578036e-01;5.791290e-02;5.697132e-02;4.833720e-02;1.137803e-01
1.107620e-01;3.290315e-02;6.519315e-02;8.793675e-02;4.296847e-02;7.727817e-02;1.227048e-01;1.210992e-01;4.761002e-02;6.545695e-02;5.398147e-02;1.721058e-01
1.110919e-01;6.082637e-02;5.923216e-02;1.027046e-01;3.881795e-02;9.480980e-02;6.671901e-02;5.689022e-02;3.824608e-02;5.137132e-02;3.771072e-02;2.815799e-01
9.046970e-02;6.497377e-02;4.958183e-02;1.102554e-01;3.622849e-02;8.145867e-02;1.373815e-01;6.502494e-02;3.381771e-02;4.258573e-02;3.435482e-02;2.538674e-01
9.036019e-02;6.414042e-02;4.384395e-02;1.301708e-01;3.776976e-02;5.404635e-02;1.912483e-01;6.819940e-02;3.773522e-02;3.935135e-02;2.186122e-02;2.212730e-01
7.092359e-02;5.653901e-02;4.813428e-02;1.381314e-01;5.930436e-02;9.482239e-02;1.725865e-01;6.496995e-02;5.545997e-02;4.137186e-02;2.621217e-02;1.715446e-01
3.075172e-02;6.601386e-02;8.514828e-02;9.612420e-02;5.502327e-02;1.345747e-01;1.005124e-01;9.843517e-02;6.967121e-02;6.742374e-02;6.073371e-02;1.355878e-01
4.812089e-02;7.415709e-02;1.040725e-01;6.404815e-02;7.559495e-02;1.143227e-01;1.067568e-01;1.222474e-01;7.136678e-02;7.511216e-02;4.753599e-02;9.666451e-02
7.361460e-02;1.237935e-01;1.170979e-01;6.364217e-02;8.352560e-02;8.057740e-02;7.755817e-02;1.145792e-01;8.283024e-02;7.671852e-02;4.743515e-02;5.862748e-02
1.354013e-01;1.279588e-01;1.019564e-01;4.164289e-02;8.498223e-02;6.037898e-02;4.821440e-02;1.778034e-01;7.528895e-02;6.479104e-02;4.568534e-02;3.589627e-02
1.793566e-01;9.223288e-02;6.159906e-02;4.320645e-02;6.934132e-02;3.168201e-02;9.106168e-02;2.360221e-01;6.014305e-02;5.674792e-02;4.219741e-02;3.640954e-02
1.322386e-01;6.093237e-02;4.961595e-02;6.501564e-02;3.918846e-02;1.936428e-02;1.597835e-01;1.895871e-01;3.960899e-02;6.746664e-02;4.453410e-02;1.326645e-01
4.823814e-02;4.341778e-02;4.396814e-02;9.294938e-02;4.134131e-02;2.788864e-02;2.391780e-01;8.715848e-02;2.750991e-02;5.460135e-02;4.095067e-02;2.527982e-01
3.023718e-02;4.623421e-02;4.871154e-02;8.065598e-02;4.377867e-02;2.718450e-02;2.661125e-01;4.536713e-02;3.648321e-02;6.444563e-02;3.010150e-02;2.806879e-01
3.333205e-02;5.360063e-02;5.393425e-02;5.880857e-02;4.940929e-02;4.197918e-02;2.263429e-01;8.641685e-02;7.215435e-02;5.625452e-02;5.495197e-02;2.128154e-01
2.580265e-02;5.115017e-02;7.192136e-02;6.265511e-02;4.866987e-02;8.900625e-02;1.690112e-01;9.331879e-02;1.413508e-01;4.594122e-02;5.602778e-02;1.451448e-01
4.918472e-02;6.634465e-02;1.245909e-01;3.317570e-02;5.696004e-02;1.469680e-01;1.077427e-01;8.131009e-02;1.505614e-01;4.253421e-02;6.365083e-02;7.697690e-02
6.863324e-02;4.142011e-02;1.458053e-01;2.854505e-02;5.423168e-02;2.440682e-01;6.699554e-02;7.602524e-02;1.203584e-01;3.488072e-02;5.956198e-02;5.947451e-02
6.797355e-02;7.229242e-02;1.681298e-01;2.871818e-02;1.976141e-02;2.748724e-01;4.989576e-02;7.783324e-02;8.045108e-02;2.283384e-02;5.927731e-02;7.796101e-02
5.167636e-02;7.467707e-02;1.632911e-01;5.317789e-02;2.385489e-02;2.348348e-01;1.086882e-01;7.754941e-02;8.656620e-02;3.415212e-02;4.202309e-02;4.950874e-02
4.719779e-02;6.249985e-02;1.180715e-01;8.748405e-02;2.471454e-02;1.246175e-01;1.530725e-01;7.237905e-02;7.148360e-02;4.296580e-02;4.140678e-02;1.541071e-01
3.641912e-02;9.256040e-02;9.474809e-02;8.825317e-02;1.314810e-02;5.178391e-02;1.743494e-01;7.349273e-02;4.068991e-02;4.292358e-02;4.487762e-02;2.467540e-01
3.439922e-02;7.750455e-02;6.892276e-02;9.731276e-02;1.473480e-02;3.623715e-02;1.974303e-01;1.079574e-01;2.760408e-02;3.644658e-02;2.661000e-02;2.748404e-01
5.385019e-02;4.988654e-02;3.122903e-02;1.489104e-01;2.155346e-02;2.506587e-02;2.159859e-01;1.036202e-01;2.751850e-02;4.553727e-02;1.798213e-02;2.588605e-01
6.048601e-02;4.673784e-02;3.436526e-02;2.139863e-01;2.936854e-02;2.694065e-02;2.220403e-01;5.248321e-02;3.071441e-02;5.422947e-02;1.577124e-02;2.128768e-01
4.952539e-02;3.218827e-02;2.745008e-02;2.674367e-01;2.383507e-02;2.723499e-02;2.323251e-01;7.635561e-02;2.686896e-02;5.148151e-02;1.793543e-02;1.673629e-01
3.391971e-02;3.563135e-02;2.606970e-02;2.848851e-01;4.881608e-02;2.716479e-02;2.405451e-01;9.944007e-02;1.890884e-02;4.646210e-02;1.775689e-02;1.204002e-01
3.639510e-02;5.014183e-02;4.951541e-02;2.407894e-01;3.807598e-02;2.670365e-02;2.607813e-01;1.040751e-01;1.170739e-02;4.156009e-02;1.528760e-02;1.249671e-01
5.342974e-02;5.552642e-02;5.447051e-02;1.977596e-01;2.967837e-02;4.012141e-02;2.562830e-01;7.981841e-02;1.557148e-02;3.613906e-02;1.340817e-02;1.677938e-01
4.740557e-02;3.696858e-02;4.737735e-02;2.062456e-01;4.508441e-02;3.182396e-02;2.546657e-01;3.234317e-02;2.205187e-02;2.705924e-02;3.873106e-02;2.102435e-01
4.744681e-02;7.593344e-02;5.948754e-02;2.353443e-01;3.389980e-02;3.497825e-02;2.009213e-01;4.504237e-02;2.262206e-02;2.682308e-02;3.923381e-02;1.782673e-01
4.905899e-02;7.826380e-02;7.207198e-02;2.320303e-01;1.649178e-02;3.542310e-02;2.128347e-01;6.263272e-02;3.301902e-02;2.399452e-02;4.252467e-02;1.416544e-01
5.112814e-02;6.961002e-02;5.532979e-02;1.350472e-01;1.295241e-02;5.696509e-02;2.804668e-01;6.719183e-02;6.201638e-02;2.949996e-02;7.833484e-02;1.014576e-01
3.538145e-02;4.315978e-02;8.072415e-02;2.767372e-02;2.874926e-02;1.095385e-01;2.495610e-01;3.728617e-02;9.337071e-02;4.380012e-02;1.090466e-01;1.417085e-01
2.140191e-02;2.165321e-02;7.622418e-02;2.558817e-02;3.121749e-02;1.658831e-01;2.583286e-01;3.070019e-02;9.669621e-02;5.543211e-02;1.156515e-01;1.012233e-01
1.594316e-02;2.365449e-02;5.742388e-02;2.486961e-02;3.154280e-02;2.543037e-01;2.314058e-01;3.439394e-02;1.201913e-01;6.174959e-02;1.096496e-01;3.487217e-02
1.162910e-02;1.073615e-02;5.138911e-02;1.037695e-02;2.070047e-02;3.103630e-01;2.138845e-01;2.291201e-02;1.474866e-01;5.314724e-02;8.716425e-02;6.021067e-02
9.127409e-03;1.458210e-02;5.286285e-02;1.729376e-02;1.541782e-02;2.949015e-01;2.365220e-01;2.492224e-02;1.528519e-01;5.244707e-02;8.185834e-02;4.721307e-02
9.819170e-03;2.479590e-02;5.776353e-02;2.491370e-02;2.652939e-02;2.576449e-01;2.396026e-01;2.970557e-02;1.307840e-01;5.994857e-02;1.098534e-01;2.863933e-02
7.929603e-03;2.297298e-02;6.552678e-02;2.668648e-02;3.724628e-02;3.069372e-01;2.009265e-01;2.733327e-02;9.508944e-02;4.832831e-02;1.315868e-01;2.943643e-02
1.760330e-02;1.462919e-02;7.254291e-02;2.980610e-02;2.938284e-02;3.518233e-01;1.422744e-01;2.934954e-02;1.014828e-01;3.459233e-02;1.259875e-01;5.052587e-02
1.945075e-02;2.183312e-02;8.183486e-02;3.796335e-02;1.884649e-02;3.221191e-01;1.665377e-01;2.743003e-02;1.310401e-01;2.848655e-02;1.010410e-01;4.341688e-02
1.051814e-02;2.231298e-02;8.507072e-02;4.260809e-02;1.834519e-02;3.114664e-01;1.956704e-01;1.907146e-02;1.551076e-01;1.919686e-02;8.971918e-02;3.091299e-02
1.870815e-02;2.672192e-02;7.140974e-02;6.260235e-02;1.726366e-02;3.031988e-01;1.917878e-01;2.550562e-02;1.126451e-01;1.416638e-02;9.951821e-02;5.647229e-02
1.756839e-02;5.097366e-02;8.388732e-02;4.939997e-02;3.066043e-02;2.588576e-01;1.880753e-01;5.243579e-02;5.580046e-02;1.968224e-02;8.558245e-02;1.070764e-01
3.383453e-02;7.366095e-02;8.653387e-02;9.875377e-02;3.968176e-02;1.694670e-01;2.128162e-01;6.579409e-02;5.504642e-02;1.867239e-02;3.707825e-02;1.086607e-01
4.322809e-02;3.977464e-02;8.073734e-02;1.175535e-01;3.121761e-02;1.069830e-01;1.839269e-01;6.869400e-02;6.644128e-02;2.952549e-02;1.094273e-01;1.224909e-01
5.063672e-02;5.506336e-02;8.638903e-02;5.834855e-02;2.151129e-02;6.842679e-02;1.697789e-01;6.037986e-02;5.974573e-02;3.703037e-02;1.414312e-01;1.912582e-01
6.811118e-02;1.142982e-01;8.927190e-02;1.606373e-02;1.464351e-02;7.444019e-02;1.762677e-01;7.502866e-02;6.627438e-02;3.660854e-02;1.421823e-01;1.268097e-01
4.758736e-02;8.213279e-02;7.790421e-02;2.523633e-02;3.506570e-02;8.496751e-02;1.278989e-01;9.796953e-02;1.149580e-01;5.071878e-02;1.159554e-01;1.396054e-01
2.314506e-02;3.365753e-02;6.199618e-02;4.012397e-02;3.916087e-02;2.278083e-01;1.417762e-01;9.061291e-02;1.126346e-01;4.440240e-02;7.212423e-02;1.125578e-01
2.032382e-02;3.534799e-02;7.453951e-02;3.935638e-02;2.248251e-02;3.042781e-01;1.640266e-01;5.271037e-02;1.188646e-01;3.956152e-02;5.236867e-02;7.613996e-02
2.247455e-02;2.389093e-02;7.590748e-02;3.549826e-02;2.130293e-02;2.942981e-01;1.839011e-01;3.639211e-02;1.518502e-01;3.216438e-02;5.196963e-02;7.035039e-02
2.550074e-02;3.306521e-02;9.382738e-02;3.709379e-02;1.743865e-02;2.794871e-01;1.622439e-01;4.193604e-02;1.498075e-01;3.329518e-02;8.084501e-02;4.545948e-02
1.479517e-02;2.402890e-02;1.004750e-01;2.739226e-02;2.117351e-02;3.222822e-01;1.544884e-01;4.023761e-02;1.266378e-01;4.097003e-02;9.347393e-02;3.404517e-02
1.801214e-02;2.890762e-02;1.001627e-01;2.258415e-02;4.621933e-02;3.104611e-01;1.547868e-01;5.609030e-02;1.074457e-01;4.009168e-02;7.697407e-02;3.826443e-02
3.133617e-02;2.737631e-02;9.080190e-02;3.059133e-02;6.582914e-02;2.249458e-01;1.439010e-01;1.134126e-01;1.145470e-01;4.383750e-02;5.869228e-02;5.472889e-02
2.580130e-02;3.310331e-02;6.637637e-02;3.222404e-02;4.553373e-02;1.835256e-01;1.339997e-01;1.652325e-01;1.479070e-01;8.343277e-02;3.149585e-02;5.136776e-02
2.130874e-02;3.325040e-02;4.378136e-02;1.581566e-02;2.636881e-02;2.164686e-01;1.042574e-01;1.478404e-01;1.476803e-01;8.387846e-02;1.022979e-01;5.705196e-02
2.816655e-02;6.666957e-02;7.637107e-02;2.471056e-02;3.424421e-02;1.886350e-01;7.205186e-02;9.053943e-02;1.545576e-01;8.554131e-02;1.215121e-01;5.700085e-02
2.306861e-02;7.612017e-02;4.580942e-02;3.219633e-02;7.185449e-02;1.403267e-01;8.384243e-02;1.096211e-01;1.086918e-01;1.552983e-01;9.827402e-02;5.489667e-02
2.123892e-02;7.504282e-02;3.264006e-02;3.997707e-02;1.098955e-01;9.329371e-02;7.703132e-02;8.998931e-02;9.114811e-02;2.313889e-01;6.735024e-02;7.100393e-02
1.132360e-02;7.543544e-02;2.640607e-02;4.547739e-02;1.537814e-01;3.674258e-02;5.227436e-02;5.724562e-02;8.976410e-02;3.302376e-01;3.062792e-02;9.068380e-02
1.909855e-02;6.799803e-02;2.199553e-02;3.967612e-02;1.680748e-01;5.392550e-02;3.925100e-02;5.356562e-02;6.495412e-02;3.451981e-01;3.548650e-02;9.077614e-02
3.904361e-02;8.419459e-02;2.338865e-02;4.046220e-02;1.778149e-01;5.456781e-02;5.963206e-02;4.155182e-02;8.913805e-02;2.869276e-01;3.749336e-02;6.578540e-02
6.481031e-02;7.109425e-02;3.443128e-02;6.945604e-02;1.909974e-01;8.100630e-02;6.368674e-02;5.679940e-02;1.115092e-01;2.129778e-01;1.591269e-02;2.731853e-02
7.793429e-02;4.686467e-02;6.305061e-02;9.067343e-02;1.930681e-01;2.668818e-02;8.063606e-02;7.939056e-02;1.212658e-01;1.799628e-01;2.048759e-02;1.997795e-02
5.213269e-02;4.526012e-02;8.665282e-02;7.900970e-02;1.441511e-01;1.144866e-01;9.106816e-02;8.645128e-02;9.049581e-02;1.393569e-01;3.265281e-02;3.828203e-02
2.266122e-02;6.862093e-02;9.528215e-02;5.631936e-02;8.681665e-02;1.339074e-01;8.445241e-02;9.933390e-02;8.098317e-02;1.418348e-01;5.681089e-02;7.297707e-02
2.535988e-02;2.909677e-02;3.992575e-02;5.417771e-02;1.125004e-01;1.584252e-01;9.577499e-02;9.907816e-02;1.009897e-01;1.815737e-01;4.696796e-02;5.612981e-02
2.109122e-02;3.727918e-02;3.886341e-02;7.766404e-02;1.612208e-01;1.210308e-01;7.449596e-02;4.619110e-02;1.257134e-01;2.286649e-01;2.974053e-02;3.804467e-02
1.354242e-02;3.555340e-02;4.542156e-02;6.563611e-02;1.628839e-01;1.671886e-01;5.853195e-02;5.040040e-02;1.084552e-01;1.885274e-01;3.836630e-02;6.549280e-02
2.999035e-02;7.597680e-02;5.822152e-02;6.932723e-02;1.461427e-01;1.226629e-01;5.885331e-02;5.848193e-02;1.004290e-01;1.507537e-01;5.014810e-02;7.901240e-02
2.798881e-02;1.002524e-01;6.636138e-02;9.816531e-02;1.459691e-01;6.785103e-02;5.773467e-02;5.187662e-02;9.575177e-02;1.737851e-01;5.418779e-02;6.007608e-02
2.133533e-02;8.825456e-02;6.553366e-02;9.351213e-02;1.629747e-01;6.439255e-02;5.423902e-02;6.221456e-02;7.617474e-02;2.174894e-01;4.386536e-02;5.001393e-02
3.501696e-02;9.754423e-02;5.520045e-02;6.940745e-02;1.579808e-01;1.054132e-01;4.466316e-02;8.006927e-02;6.125319e-02;1.993798e-01;4.146909e-02;5.260225e-02
4.153983e-02;1.178154e-01;6.882391e-02;6.935593e-02;1.464477e-01;8.425352e-02;4.060385e-02;7.119492e-02;9.091008e-02;1.644504e-01;5.143544e-02;5.316903e-02
2.841948e-02;1.038899e-01;1.265280e-01;5.262470e-02;1.408907e-01;7.721653e-02;3.382008e-02;1.028860e-01;1.168951e-01;1.274112e-01;3.819214e-02;5.122611e-02
1.888224e-02;8.901598e-02;1.234660e-01;7.727609e-02;1.207000e-01;1.031401e-01;3.639154e-02;1.590443e-01;1.335186e-01;9.444152e-02;1.116295e-02;3.296075e-02
2.066734e-02;6.582478e-02;9.811670e-02;1.249263e-01;1.018107e-01;8.000056e-02;2.817004e-02;2.010503e-01;1.509454e-01;7.364011e-02;2.113371e-02;3.371414e-02
2.070522e-02;4.931615e-02;1.309456e-01;1.176818e-01;7.955170e-02;4.734609e-02;3.990079e-02;2.272129e-01;1.536638e-01;6.680182e-02;1.789199e-02;4.898220e-02
1.088502e-02;7.712127e-02;1.612626e-01;5.441952e-02;3.325837e-02;7.475757e-02;5.878412e-02;2.558208e-01;1.303867e-01;8.211115e-02;1.467029e-02;4.652260e-02
1.882992e-02;1.177978e-01;1.730564e-01;2.906004e-02;2.750525e-02;9.435637e-02;5.108821e-02;2.797318e-01;8.787669e-02;7.474120e-02;1.311426e-02;3.284210e-02
1.474728e-02;1.448121e-01;1.341838e-01;2.805182e-02;4.644616e-02;1.444735e-01;4.700867e-02;2.803598e-01;5.582663e-02;6.240065e-02;2.733640e-02;1.435327e-02
1.259803e-02;1.515238e-01;9.057006e-02;1.594283e-02;4.133308e-02;1.609128e-01;7.866944e-02;2.729558e-01;7.051772e-02;7.356150e-02;1.516419e-02;1.625077e-02
1.949375e-02;1.720010e-01;8.831485e-02;1.667404e-02;2.771773e-02;1.546468e-01;9.761230e-02;2.393217e-01;7.177486e-02;8.071484e-02;1.709411e-02;1.463402e-02
1.919972e-02;1.819546e-01;1.079973e-01;3.149692e-02;3.550002e-02;1.615828e-01;7.744353e-02;2.133765e-01;6.089466e-02;6.303120e-02;2.634996e-02;2.117273e-02
1.573366e-02;1.842463e-01;7.012867e-02;3.299190e-02;4.599079e-02;2.066251e-01;5.427475e-02;2.111464e-01;6.504816e-02;5.939934e-02;3.032459e-02;2.409035e-02
2.580421e-02;2.089566e-01;7.959651e-02;2.028559e-02;3.952447e-02;2.222164e-01;5.599510e-02;2.141618e-01;4.860618e-02;4.486142e-02;2.152858e-02;1.846314e-02
2.751282e-02;2.133925e-01;7.912086e-02;1.828280e-02;3.013404e-02;1.717137e-01;7.311032e-02;2.358530e-01;8.636415e-02;3.489428e-02;1.993291e-02;9.688603e-03
2.834486e-02;2.122053e-01;8.288204e-02;3.684168e-02;2.222410e-02;1.544847e-01;9.133715e-02;1.794316e-01;8.883896e-02;6.162302e-02;2.602116e-02;1.576538e-02
3.556605e-02;1.887326e-01;9.182521e-02;6.238560e-02;2.098563e-02;1.842171e-01;8.577048e-02;1.051365e-01;7.757144e-02;8.912238e-02;3.890858e-02;1.977853e-02
3.458651e-02;1.252358e-01;9.312606e-02;6.246496e-02;2.987794e-02;1.890847e-01;5.985321e-02;1.628703e-01;1.025064e-01;8.582072e-02;3.493220e-02;1.964114e-02
3.579887e-02;1.136601e-01;8.415052e-02;4.981555e-02;4.870930e-02;1.991416e-01;5.762885e-02;2.033181e-01;7.938651e-02;6.585138e-02;2.975637e-02;3.278288e-02
3.318378e-02;1.353900e-01;1.128268e-01;3.499031e-02;4.556163e-02;1.701205e-01;7.807924e-02;2.086637e-01;8.459654e-02;3.674205e-02;3.148143e-02;2.836404e-02
1.847009e-02;1.477343e-01;1.105285e-01;4.255972e-02;4.264038e-02;1.567662e-01;1.542480e-01;1.613714e-01;7.575314e-02;2.460642e-02;4.304250e-02;2.227926e-02
2.337372e-02;1.298162e-01;9.187642e-02;4.370980e-02;3.472361e-02;1.810335e-01;2.313846e-01;1.288327e-01;6.061102e-02;2.687863e-02;3.420582e-02;1.355398e-02
2.262057e-02;1.045423e-01;6.131611e-02;3.677657e-02;2.994633e-02;1.636806e-01;2.456281e-01;1.736268e-01;6.228201e-02;3.671585e-02;4.553362e-02;1.733112e-02
2.193760e-02;1.260381e-01;4.224142e-02;2.666216e-02;3.430344e-02;1.444292e-01;2.554268e-01;1.586216e-01;5.517174e-02;3.773159e-02;8.643848e-02;1.099799e-02
2.291153e-02;1.593518e-01;4.896925e-02;2.025884e-02;3.620292e-02;1.293017e-01;2.250427e-01;1.523244e-01;6.119281e-02;3.229045e-02;1.003422e-01;1.181146e-02
2.161873e-02;1.571561e-01;6.573747e-02;2.406080e-02;3.602954e-02;1.471774e-01;1.812970e-01;1.859715e-01;4.889829e-02;3.722139e-02;7.828944e-02;1.654241e-02
1.781945e-02;1.302808e-01;5.199831e-02;2.884103e-02;3.834322e-02;1.712302e-01;1.594794e-01;2.080530e-01;5.707533e-02;4.795868e-02;7.032604e-02;1.859457e-02
3.367336e-02;1.070810e-01;4.079098e-02;3.016290e-02;4.452413e-02;1.524005e-01;9.172267e-02;2.645371e-01;8.022714e-02;6.750960e-02;5.507829e-02;3.229227e-02
3.564680e-02;8.427958e-02;9.073370e-02;2.655236e-02;4.613782e-02;1.180474e-01;6.041393e-02;3.006375e-01;8.393730e-02;6.735516e-02;4.421406e-02;4.204431e-02
2.674633e-02;9.357653e-02;9.163088e-02;1.466499e-02;2.241214e-02;2.014734e-01;5.964667e-02;2.808031e-01;9.233798e-02;5.719590e-02;3.233878e-02;2.717333e-02
3.133665e-02;1.198133e-01;5.716807e-02;1.287487e-02;1.697586e-02;2.510996e-01;3.527664e-02;2.538685e-01;1.069026e-01;6.089662e-02;2.455804e-02;2.922930e-02
2.634707e-02;1.317568e-01;8.315511e-02;2.208508e-02;3.426028e-02;2.491450e-01;2.716766e-02;1.991585e-01;1.101036e-01;7.461748e-02;1.242742e-02;2.977607e-02
2.283628e-02;1.175524e-01;1.241743e-01;3.438642e-02;4.601331e-02;2.110657e-01;4.392953e-02;1.571275e-01;1.061260e-01;8.111582e-02;2.519234e-02;3.048035e-02
2.183479e-02;1.032788e-01;8.020504e-02;2.888035e-02;3.948783e-02;1.009930e-01;6.956975e-02;2.743792e-01;1.459224e-01;7.048655e-02;3.809279e-02;2.686938e-02
3.429048e-02;1.251399e-01;8.928584e-02;4.300400e-02;4.709316e-02;6.301269e-02;1.144247e-01;2.237608e-01;1.271571e-01;5.646767e-02;5.088904e-02;2.547458e-02
3.118497e-02;1.582699e-01;8.517187e-02;5.161860e-02;6.052486e-02;7.492718e-02;1.520522e-01;1.396260e-01;9.451428e-02;5.654601e-02;7.047521e-02;2.508893e-02
1.947097e-02;1.514353e-01;8.708444e-02;3.329799e-02;5.369333e-02;1.147126e-01;1.258968e-01;1.672597e-01;1.006734e-01;6.959210e-02;6.290656e-02;1.397691e-02
3.764019e-02;1.506878e-01;8.676656e-02;2.527793e-02;5.173319e-02;1.290453e-01;1.030985e-01;1.677095e-01;6.738454e-02;9.677581e-02;5.039256e-02;3.348813e-02
